Supplemental results for CODEML (seqf: algn  treef: tree)


dN/dS (w) for site classes (K=4)

site class             0        1       2a       2b
proportion       0.47077  0.47644  0.02624  0.02655
background w     0.11806  1.00000  0.11806  1.00000
foreground w     0.11806  1.00000 897.22657 897.22657

Naive Empirical Bayes (NEB) probabilities for 4 classes
(amino acids refer to 1st sequence: BT_Cry7Ba1)

   1 -   0.57683 0.34401 0.06895 0.01021 ( 1)
   2 -   0.92925 0.06688 0.00324 0.00063 ( 1)
   3 T   0.02417 0.94631 0.00262 0.02689 ( 2)
   4 V   0.36291 0.63453 0.00076 0.00180 ( 2)
   5 E   0.99265 0.00497 0.00235 0.00003 ( 1)
   6 L   0.64826 0.27833 0.06772 0.00569 ( 1)
   7 T   0.97842 0.01783 0.00358 0.00017 ( 1)
   8 R   0.99437 0.00405 0.00156 0.00002 ( 1)
   9 T   0.16569 0.81669 0.00250 0.01512 ( 2)
  10 I   0.95420 0.03213 0.01260 0.00107 ( 1)
  11 Y   0.97033 0.02301 0.00638 0.00028 ( 1)
  12 T   0.98441 0.01180 0.00367 0.00012 ( 1)
  13 D   0.99424 0.00337 0.00236 0.00003 ( 1)
  14 P   0.99242 0.00627 0.00128 0.00002 ( 1)
  15 L   0.48689 0.44110 0.05899 0.01303 ( 1)
  16 G   0.21505 0.77193 0.00161 0.01140 ( 2)
  17 Y   0.89183 0.10584 0.00180 0.00054 ( 1)
  18 T   0.14128 0.84453 0.00101 0.01318 ( 2)
  19 G   0.00244 0.71328 0.06238 0.22190 ( 2)
  20 Y   0.00079 0.98609 0.00003 0.01309 ( 2)
  21 S   0.06098 0.92063 0.00057 0.01782 ( 2)
  22 N   0.37078 0.61970 0.00230 0.00721 ( 2)
  23 D   0.60942 0.38940 0.00060 0.00059 ( 1)
  24 E   0.17659 0.80195 0.01180 0.00966 ( 2)
  25 -   0.47156 0.47565 0.02628 0.02651 ( 2)
  26 H   0.19303 0.76955 0.00408 0.03333 ( 2)
  27 P   0.13243 0.83703 0.00924 0.02130 ( 2)
  28 T   0.14509 0.82870 0.01004 0.01616 ( 2)
  29 Y   0.40135 0.59825 0.00014 0.00027 ( 2)
  30 Y   0.01675 0.97991 0.00004 0.00330 ( 2)
  31 S   0.00045 0.92034 0.00020 0.07901 ( 2)
  32 S   0.00978 0.87220 0.00692 0.11109 ( 2)
  33 A   0.49333 0.48405 0.01501 0.00762 ( 1)
  34 K   0.75281 0.24548 0.00097 0.00073 ( 1)
  35 P   0.90208 0.08512 0.01079 0.00201 ( 1)
  36 F   0.98217 0.01731 0.00050 0.00001 ( 1)
  37 S   0.97062 0.01635 0.01258 0.00045 ( 1)
  38 S   0.00024 0.87948 0.00041 0.11987 ( 2)
  39 I   0.71651 0.27881 0.00213 0.00255 ( 1)
  40 E   0.98584 0.00745 0.00661 0.00010 ( 1)
  41 S   0.00690 0.92706 0.01386 0.05218 ( 2)
  42 R   0.53555 0.41166 0.02985 0.02294 ( 1)
  43 A   0.06317 0.92139 0.00092 0.01453 ( 2)
  44 V   0.67111 0.32298 0.00277 0.00314 ( 1)
  45 L   0.26661 0.69090 0.02757 0.01492 ( 2)
  46 A   0.02726 0.71471 0.04910 0.20893 ( 2)
  47 P   0.98912 0.00941 0.00143 0.00003 ( 1)
  48 S   0.01105 0.91149 0.00333 0.07413 ( 2)
  49 L   0.97700 0.02101 0.00191 0.00008 ( 1)
  50 F   0.99441 0.00395 0.00163 0.00002 ( 1)
  51 K   0.05193 0.91346 0.00619 0.02842 ( 2)
  52 W   0.95394 0.04571 0.00032 0.00002 ( 1)
  53 I   0.83824 0.15953 0.00163 0.00060 ( 1)
  54 T   0.31433 0.63572 0.03121 0.01873 ( 2)
  55 Q   0.00250 0.97071 0.00025 0.02654 ( 2)
  56 L   0.81645 0.17537 0.00599 0.00220 ( 1)
  57 E   0.00069 0.77566 0.00535 0.21831 ( 2)
  58 V   0.94663 0.03917 0.01278 0.00142 ( 1)
  59 Y   0.66259 0.33457 0.00117 0.00167 ( 1)
  60 T   0.63384 0.35815 0.00413 0.00387 ( 1)
  61 K   0.87557 0.11578 0.00659 0.00207 ( 1)
  62 K   0.00067 0.99900 0.00000 0.00033 ( 2)
  63 Y   0.15458 0.83785 0.00046 0.00711 ( 2)
  64 S   0.02465 0.97414 0.00002 0.00119 ( 2)
  65 Y   0.02600 0.94282 0.00361 0.02757 ( 2)
  66 S   0.06312 0.93340 0.00010 0.00339 ( 2)
  67 S   0.00808 0.98619 0.00002 0.00571 ( 2)
  68 Q   0.00185 0.99174 0.00000 0.00640 ( 2)
  69 Y   0.91115 0.08660 0.00182 0.00044 ( 1)
  70 T   0.95735 0.03204 0.00971 0.00090 ( 1)
  71 T   0.95038 0.04612 0.00300 0.00050 ( 1)
  72 L   0.00834 0.98609 0.00002 0.00556 ( 2)
  73 W   0.95394 0.04571 0.00032 0.00002 ( 1)
  74 T   0.71159 0.27808 0.00583 0.00450 ( 1)
  75 G   0.98142 0.01225 0.00619 0.00014 ( 1)
  76 L   0.91880 0.07968 0.00123 0.00029 ( 1)
  77 R   0.00210 0.93417 0.00060 0.06312 ( 2)
  78 V   0.54353 0.45035 0.00185 0.00427 ( 1)
  79 I   0.00399 0.41178 0.17253 0.41170 ( 2)
  80 A   0.00007 0.34273 0.01024 0.64696 ( 4)
  81 Q   0.11531 0.88017 0.00021 0.00431 ( 2)
  82 P   0.00000 0.21089 0.00066 0.78845 ( 4)
  83 T   0.98436 0.01209 0.00343 0.00011 ( 1)
  84 K   0.00065 0.65083 0.01213 0.33639 ( 2)
  85 D   0.01363 0.96213 0.00044 0.02380 ( 2)
  86 F   0.16410 0.78813 0.02344 0.02433 ( 2)
  87 T   0.00001 0.57475 0.00066 0.42458 ( 2)
  88 -   0.22168 0.66643 0.05599 0.05590 ( 2)
  89 D   0.00058 0.51845 0.01987 0.46110 ( 2)
  90 T   0.21564 0.50902 0.20400 0.07134 ( 2)
  91 V   0.04313 0.87817 0.00340 0.07529 ( 2)
  92 Y   0.10636 0.86560 0.00182 0.02622 ( 2)
  93 D   0.02516 0.94820 0.00041 0.02623 ( 2)
  94 Y   0.97591 0.02270 0.00131 0.00008 ( 1)
  95 G   0.99237 0.00637 0.00124 0.00002 ( 1)
  96 S   0.21673 0.75931 0.00843 0.01554 ( 2)
  97 S   0.54953 0.44408 0.00197 0.00442 ( 1)
  98 S   0.00074 0.91667 0.00078 0.08180 ( 2)
  99 G   0.55127 0.44212 0.00180 0.00480 ( 1)
 100 S   0.29795 0.67469 0.00458 0.02278 ( 2)
 101 E   0.32773 0.63890 0.02103 0.01234 ( 2)
 102 N   0.01618 0.88098 0.01048 0.09236 ( 2)
 103 K   0.08233 0.81811 0.05320 0.04636 ( 2)
 104 D   0.86104 0.13693 0.00140 0.00062 ( 1)
 105 V   0.31256 0.68224 0.00074 0.00446 ( 2)
 106 F   0.93522 0.06242 0.00202 0.00035 ( 1)
 107 D   0.95180 0.04557 0.00227 0.00036 ( 1)
 108 L   0.09175 0.88106 0.00138 0.02581 ( 2)
 109 Y   0.00502 0.97713 0.00023 0.01761 ( 2)
 110 G   0.01549 0.96480 0.00014 0.01957 ( 2)
 111 -   0.02006 0.78543 0.09723 0.09729 ( 2)
 112 N   0.09851 0.88189 0.00603 0.01357 ( 2)
 113 D   0.85566 0.05000 0.09298 0.00135 ( 1)
 114 V   0.95496 0.03251 0.01147 0.00106 ( 1)
 115 Y   0.99175 0.00616 0.00206 0.00003 ( 1)
 116 D   0.74689 0.25146 0.00097 0.00067 ( 1)
 117 T   0.51294 0.47439 0.00434 0.00833 ( 1)
 118 Q   0.44971 0.54061 0.00396 0.00573 ( 2)
 119 S   0.22699 0.76710 0.00059 0.00533 ( 2)
 120 V   0.37646 0.61356 0.00256 0.00743 ( 2)
 121 V   0.17829 0.81880 0.00025 0.00267 ( 2)
 122 S   0.02948 0.96682 0.00004 0.00366 ( 2)
 123 S   0.92698 0.07025 0.00230 0.00046 ( 1)
 124 -   0.52747 0.41973 0.02940 0.02339 ( 1)
 125 -   0.49801 0.44920 0.02776 0.02504 ( 1)
 126 -   0.52447 0.42274 0.02923 0.02356 ( 1)
 127 -   0.51463 0.43258 0.02868 0.02411 ( 1)
 128 -   0.51700 0.43021 0.02882 0.02398 ( 1)
 129 Y   0.02158 0.97241 0.00005 0.00595 ( 2)
 130 K   0.00006 0.73298 0.00121 0.26575 ( 2)
 131 P   0.00049 0.87876 0.00043 0.12031 ( 2)
 132 T   0.08763 0.80689 0.04585 0.05963 ( 2)
 133 G   0.00457 0.98941 0.00001 0.00602 ( 2)
 134 G   0.02319 0.97577 0.00002 0.00103 ( 2)
 135 G   0.03662 0.93611 0.00381 0.02346 ( 2)
 136 H   0.20791 0.78864 0.00042 0.00303 ( 2)
 137 F   0.90823 0.08635 0.00443 0.00099 ( 1)
 138 G   0.98068 0.00712 0.01201 0.00019 ( 1)
 139 V   0.96902 0.01930 0.01134 0.00034 ( 1)
 140 P   0.99182 0.00687 0.00129 0.00002 ( 1)
 141 Q   0.95520 0.04139 0.00303 0.00038 ( 1)
 142 F   0.61251 0.38325 0.00166 0.00257 ( 1)
 143 R   0.01010 0.92586 0.00356 0.06048 ( 2)
 144 L   0.95417 0.04394 0.00167 0.00021 ( 1)
 145 F   0.02799 0.87620 0.04872 0.04710 ( 2)
 146 W   0.04462 0.80362 0.06780 0.08396 ( 2)
 147 I   0.26943 0.71358 0.00373 0.01325 ( 2)
 148 T   0.05449 0.40085 0.47869 0.06598 ( 3)
 149 K   0.21585 0.75703 0.01353 0.01358 ( 2)
 150 -   0.72532 0.27274 0.00097 0.00097 ( 1)
 151 -   0.01079 0.46373 0.26156 0.26393 ( 2)
 152 -   0.71752 0.27914 0.00167 0.00167 ( 1)
 153 S   0.42572 0.29940 0.23843 0.03645 ( 1)
 154 N   0.00401 0.59854 0.08128 0.31616 ( 2)
 155 G   0.00206 0.96960 0.00021 0.02813 ( 2)
 156 L   0.56506 0.41906 0.00699 0.00889 ( 1)
 157 R   0.01333 0.96794 0.00154 0.01718 ( 2)
 158 E   0.02503 0.88556 0.00901 0.08040 ( 2)
 159 Q   0.02086 0.97857 0.00001 0.00056 ( 2)
 160 I   0.86865 0.06766 0.06228 0.00141 ( 1)
 161 F   0.91413 0.07872 0.00605 0.00111 ( 1)
 162 N   0.71843 0.27845 0.00160 0.00152 ( 1)
 163 Y   0.03950 0.95188 0.00011 0.00852 ( 2)
 164 A   0.23630 0.75854 0.00056 0.00459 ( 2)
 165 N   0.70155 0.29667 0.00109 0.00069 ( 1)
 166 N   0.59112 0.39602 0.00625 0.00660 ( 1)
 167 M   0.36820 0.62208 0.00240 0.00731 ( 2)
 168 G   0.20408 0.67210 0.07730 0.04652 ( 2)
 169 -   0.55550 0.39170 0.03096 0.02183 ( 1)
 170 S   0.79061 0.18567 0.01572 0.00800 ( 1)
 171 Y   0.20727 0.78655 0.00055 0.00562 ( 2)
 172 S   0.99642 0.00207 0.00150 0.00001 ( 1)
 173 A   0.00514 0.98624 0.00002 0.00860 ( 2)
 174 Y   0.00970 0.77886 0.08805 0.12338 ( 2)
 175 R   0.53254 0.42897 0.03341 0.00509 ( 1)
 176 F   0.05661 0.89829 0.00302 0.04208 ( 2)
 177 S   0.40819 0.58849 0.00088 0.00244 ( 2)
 178 K   0.12554 0.46260 0.37107 0.04078 ( 2)
 179 D   0.00515 0.97725 0.00017 0.01743 ( 2)
 180 E   0.99265 0.00497 0.00235 0.00003 ( 1)
 181 L   0.98345 0.01471 0.00179 0.00005 ( 1)
 182 -   0.71671 0.28133 0.00098 0.00098 ( 1)
 183 P   0.99167 0.00691 0.00139 0.00002 ( 1)
 184 I   0.69944 0.24625 0.04909 0.00521 ( 1)
 185 E   0.67688 0.32165 0.00078 0.00070 ( 1)
 186 L   0.36486 0.61788 0.00460 0.01266 ( 2)
 187 L   0.32806 0.53691 0.10557 0.02947 ( 2)
 188 Q   0.41377 0.58292 0.00088 0.00242 ( 2)
 189 P   0.76262 0.23373 0.00181 0.00184 ( 1)
 190 P   0.50688 0.48650 0.00180 0.00482 ( 1)
 191 L   0.94322 0.04989 0.00635 0.00053 ( 1)
 192 -   0.47077 0.47644 0.02624 0.02655 ( 2)
 193 -   0.47077 0.47644 0.02624 0.02655 ( 2)
 194 -   0.47077 0.47644 0.02624 0.02655 ( 2)
 195 -   0.47077 0.47644 0.02624 0.02655 ( 2)
 196 -   0.47077 0.47644 0.02624 0.02655 ( 2)
 197 -   0.47077 0.47644 0.02624 0.02655 ( 2)
 198 -   0.47077 0.47644 0.02624 0.02655 ( 2)
 199 -   0.47077 0.47644 0.02624 0.02655 ( 2)
 200 F   0.45469 0.54321 0.00060 0.00150 ( 2)
 201 G   0.66212 0.33602 0.00086 0.00100 ( 1)
 202 D   0.64893 0.24318 0.10159 0.00630 ( 1)
 203 I   0.22108 0.77609 0.00035 0.00248 ( 2)
 204 E   0.41844 0.37751 0.15757 0.04647 ( 1)
 205 E   0.75652 0.23852 0.00269 0.00226 ( 1)
 206 Y   0.97865 0.01906 0.00219 0.00010 ( 1)
 207 S   0.38712 0.59169 0.00605 0.01514 ( 2)
 208 H   0.98985 0.00970 0.00045 0.00001 ( 1)
 209 R   0.99380 0.00461 0.00157 0.00002 ( 1)
 210 L   0.97591 0.01642 0.00745 0.00021 ( 1)
 211 S   0.39529 0.59836 0.00105 0.00531 ( 2)
 212 H   0.58087 0.34137 0.06814 0.00962 ( 1)
 213 V   0.96405 0.03334 0.00239 0.00022 ( 1)
 214 S   0.56219 0.38881 0.04117 0.00782 ( 1)
 215 -   0.58562 0.40681 0.00373 0.00384 ( 1)
 216 -   0.94613 0.05080 0.00266 0.00041 ( 1)
 217 E   0.21008 0.73487 0.02950 0.02555 ( 2)
 218 V   0.03498 0.94494 0.00174 0.01834 ( 2)
 219 I   0.16912 0.82038 0.00062 0.00988 ( 2)
 220 K   0.99039 0.00642 0.00313 0.00006 ( 1)
 221 D   0.38891 0.60704 0.00067 0.00338 ( 2)
 222 Y   0.93179 0.06588 0.00198 0.00036 ( 1)
 223 G   0.98374 0.01485 0.00137 0.00005 ( 1)
 224 E   0.25675 0.73862 0.00056 0.00407 ( 2)
 225 G   0.98265 0.01679 0.00054 0.00001 ( 1)
 226 I   0.52996 0.46643 0.00115 0.00247 ( 1)
 227 I   0.86328 0.13306 0.00251 0.00115 ( 1)
 228 P   0.99178 0.00687 0.00132 0.00002 ( 1)
 229 V   0.91112 0.08691 0.00166 0.00030 ( 1)
 230 L   0.96733 0.02877 0.00374 0.00015 ( 1)
 231 G   0.98822 0.01039 0.00136 0.00004 ( 1)
 232 W   0.95394 0.04571 0.00032 0.00002 ( 1)
 233 T   0.96937 0.01912 0.01105 0.00046 ( 1)
 234 H   0.99602 0.00263 0.00133 0.00001 ( 1)
 235 V   0.18566 0.81402 0.00005 0.00027 ( 2)
 236 S   0.99596 0.00254 0.00150 0.00001 ( 1)


lnL = -3144.341475

Bayes Empirical Bayes (BEB) probabilities for 4 classes (class)
(amino acids refer to 1st sequence: BT_Cry7Ba1)

   1 -   0.61370 0.27061 0.10218 0.01350 ( 1)
   2 -   0.92819 0.06323 0.00733 0.00125 ( 1)
   3 T   0.05027 0.90303 0.00652 0.04018 ( 2)
   4 V   0.47651 0.50937 0.00565 0.00847 ( 2)
   5 E   0.98898 0.00583 0.00510 0.00008 ( 1)
   6 L   0.69438 0.23437 0.06536 0.00589 ( 1)
   7 T   0.97226 0.01961 0.00774 0.00038 ( 1)
   8 R   0.99127 0.00472 0.00397 0.00005 ( 1)
   9 T   0.24075 0.72598 0.00743 0.02584 ( 2)
  10 I   0.95914 0.02951 0.01057 0.00078 ( 1)
  11 Y   0.96770 0.02375 0.00820 0.00035 ( 1)
  12 T   0.97901 0.01338 0.00736 0.00025 ( 1)
  13 D   0.99113 0.00416 0.00465 0.00006 ( 1)
  14 P   0.98818 0.00698 0.00476 0.00007 ( 1)
  15 L   0.55705 0.33246 0.09434 0.01614 ( 1)
  16 G   0.28957 0.65630 0.01145 0.04269 ( 2)
  17 Y   0.90601 0.08854 0.00442 0.00103 ( 1)
  18 T   0.25134 0.73303 0.00223 0.01340 ( 2)
  19 G   0.00663 0.69030 0.09776 0.20531 ( 2)
  20 Y   0.00266 0.96228 0.00026 0.03480 ( 2)
  21 S   0.12119 0.85702 0.00147 0.02032 ( 2)
  22 N   0.48845 0.50068 0.00385 0.00701 ( 2)
  23 D   0.66315 0.32554 0.00663 0.00467 ( 1)
  24 E   0.23933 0.65679 0.06466 0.03923 ( 2)
  25 -   0.51397 0.42618 0.03292 0.02694 ( 1)
  26 H   0.31155 0.65933 0.00564 0.02347 ( 2)
  27 P   0.22607 0.72358 0.02108 0.02927 ( 2)
  28 T   0.24252 0.70818 0.02501 0.02428 ( 2)
  29 Y   0.51574 0.47155 0.00580 0.00691 ( 1)
  30 Y   0.04075 0.94280 0.00047 0.01597 ( 2)
  31 S   0.00152 0.92553 0.00049 0.07246 ( 2)
  32 S   0.02545 0.87513 0.01147 0.08795 ( 2)
  33 A   0.58297 0.37469 0.03007 0.01226 ( 1)
  34 K   0.81617 0.17803 0.00394 0.00186 ( 1)
  35 P   0.91656 0.07208 0.00988 0.00149 ( 1)
  36 F   0.97405 0.01815 0.00759 0.00021 ( 1)
  37 S   0.97182 0.01729 0.01051 0.00038 ( 1)
  38 S   0.00084 0.83630 0.00176 0.16110 ( 2)
  39 I   0.75641 0.23427 0.00504 0.00427 ( 1)
  40 E   0.98240 0.00837 0.00907 0.00015 ( 1)
  41 S   0.01565 0.85837 0.03667 0.08931 ( 2)
  42 R   0.57333 0.36681 0.03668 0.02317 ( 1)
  43 A   0.12371 0.85646 0.00184 0.01799 ( 2)
  44 V   0.74605 0.24285 0.00643 0.00467 ( 1)
  45 L   0.35979 0.54419 0.06928 0.02675 ( 2)
  46 A   0.06016 0.73719 0.05757 0.14508 ( 2)
  47 P   0.98516 0.00993 0.00481 0.00010 ( 1)
  48 S   0.02862 0.89092 0.00780 0.07266 ( 2)
  49 L   0.97205 0.02143 0.00627 0.00025 ( 1)
  50 F   0.99137 0.00446 0.00412 0.00005 ( 1)
  51 K   0.10442 0.83649 0.01681 0.04228 ( 2)
  52 W   0.94631 0.04246 0.01061 0.00062 ( 1)
  53 I   0.86037 0.13244 0.00562 0.00157 ( 1)
  54 T   0.44831 0.49183 0.04273 0.01713 ( 2)
  55 Q   0.00700 0.94892 0.00097 0.04312 ( 2)
  56 L   0.83655 0.14631 0.01331 0.00383 ( 1)
  57 E   0.00260 0.79651 0.01171 0.18918 ( 2)
  58 V   0.95139 0.03541 0.01207 0.00114 ( 1)
  59 Y   0.74010 0.25386 0.00321 0.00282 ( 1)
  60 T   0.68644 0.30139 0.00719 0.00498 ( 1)
  61 K   0.88498 0.10356 0.00913 0.00233 ( 1)
  62 K   0.00200 0.97645 0.00004 0.02151 ( 2)
  63 Y   0.26949 0.71624 0.00177 0.01250 ( 2)
  64 S   0.05324 0.92828 0.00078 0.01770 ( 2)
  65 Y   0.05521 0.89463 0.00928 0.04088 ( 2)
  66 S   0.12292 0.86725 0.00063 0.00920 ( 2)
  67 S   0.02365 0.96523 0.00010 0.01102 ( 2)
  68 Q   0.00603 0.97908 0.00004 0.01485 ( 2)
  69 Y   0.92040 0.07429 0.00445 0.00086 ( 1)
  70 T   0.95927 0.02979 0.01012 0.00082 ( 1)
  71 T   0.95292 0.04088 0.00547 0.00074 ( 1)
  72 L   0.02331 0.96555 0.00009 0.01104 ( 2)
  73 W   0.94631 0.04246 0.01061 0.00062 ( 1)
  74 T   0.75415 0.23445 0.00725 0.00415 ( 1)
  75 G   0.97904 0.01303 0.00775 0.00018 ( 1)
  76 L   0.92957 0.06653 0.00329 0.00060 ( 1)
  77 R   0.00560 0.92624 0.00142 0.06674 ( 2)
  78 V   0.63845 0.35129 0.00418 0.00608 ( 1)
  79 I   0.01327 0.53168 0.18970 0.26534 ( 2)
  80 A   0.00040 0.52152 0.01569 0.46240 ( 2)
  81 Q   0.21874 0.77147 0.00099 0.00880 ( 2)
  82 P   0.00003 0.43094 0.00159 0.56744 ( 4)
  83 T   0.97827 0.01375 0.00771 0.00027 ( 1)
  84 K   0.00246 0.75463 0.01705 0.22587 ( 2)
  85 D   0.03443 0.92425 0.00182 0.03951 ( 2)
  86 F   0.26209 0.64400 0.05751 0.03640 ( 2)
  87 T   0.00008 0.66298 0.00161 0.33534 ( 2)
  88 -   0.29994 0.60696 0.05152 0.04158 ( 2)
  89 D   0.00250 0.68437 0.02706 0.28608 ( 2)
  90 T   0.30203 0.45599 0.18901 0.05296 ( 2)
  91 V   0.08474 0.83937 0.00633 0.06955 ( 2)
  92 Y   0.19466 0.78157 0.00302 0.02075 ( 2)
  93 D   0.05291 0.92275 0.00080 0.02354 ( 2)
  94 Y   0.97634 0.02002 0.00346 0.00018 ( 1)
  95 G   0.98864 0.00701 0.00429 0.00006 ( 1)
  96 S   0.34730 0.61301 0.01969 0.02000 ( 2)
  97 S   0.64766 0.34067 0.00500 0.00667 ( 1)
  98 S   0.00226 0.88325 0.00293 0.11156 ( 2)
  99 G   0.67287 0.31734 0.00401 0.00578 ( 1)
 100 S   0.41356 0.56877 0.00454 0.01312 ( 2)
 101 E   0.45564 0.47927 0.04725 0.01784 ( 2)
 102 N   0.03636 0.86305 0.01732 0.08327 ( 2)
 103 K   0.13796 0.67624 0.11814 0.06765 ( 2)
 104 D   0.89546 0.09974 0.00372 0.00108 ( 1)
 105 V   0.41461 0.57450 0.00241 0.00848 ( 2)
 106 F   0.94068 0.05335 0.00525 0.00072 ( 1)
 107 D   0.95270 0.04221 0.00448 0.00061 ( 1)
 108 L   0.17357 0.80428 0.00234 0.01981 ( 2)
 109 Y   0.01496 0.95374 0.00103 0.03027 ( 2)
 110 G   0.03944 0.93699 0.00047 0.02310 ( 2)
 111 -   0.03431 0.69386 0.15015 0.12168 ( 2)
 112 N   0.19098 0.76596 0.01944 0.02362 ( 2)
 113 D   0.83310 0.04598 0.11898 0.00194 ( 1)
 114 V   0.95753 0.03028 0.01127 0.00092 ( 1)
 115 Y   0.98769 0.00691 0.00531 0.00008 ( 1)
 116 D   0.81253 0.18200 0.00381 0.00166 ( 1)
 117 T   0.59229 0.39348 0.00619 0.00804 ( 1)
 118 Q   0.56095 0.42362 0.00718 0.00826 ( 1)
 119 S   0.35888 0.62862 0.00232 0.01018 ( 2)
 120 V   0.49640 0.49211 0.00428 0.00720 ( 1)
 121 V   0.29950 0.69183 0.00146 0.00721 ( 2)
 122 S   0.07212 0.91915 0.00026 0.00848 ( 2)
 123 S   0.93368 0.05943 0.00595 0.00093 ( 1)
 124 -   0.56592 0.37423 0.03621 0.02364 ( 1)
 125 -   0.53868 0.40146 0.03448 0.02537 ( 1)
 126 -   0.56315 0.37700 0.03604 0.02382 ( 1)
 127 -   0.55408 0.38606 0.03546 0.02439 ( 1)
 128 -   0.55627 0.38387 0.03560 0.02426 ( 1)
 129 Y   0.05416 0.93197 0.00034 0.01354 ( 2)
 130 K   0.00026 0.77374 0.00276 0.22323 ( 2)
 131 P   0.00178 0.88947 0.00108 0.10767 ( 2)
 132 T   0.15105 0.70530 0.08051 0.06313 ( 2)
 133 G   0.01348 0.97231 0.00008 0.01412 ( 2)
 134 G   0.05614 0.93223 0.00046 0.01117 ( 2)
 135 G   0.08347 0.86492 0.01287 0.03874 ( 2)
 136 H   0.31719 0.67259 0.00212 0.00811 ( 2)
 137 F   0.91554 0.07665 0.00662 0.00118 ( 1)
 138 G   0.98095 0.00769 0.01117 0.00019 ( 1)
 139 V   0.96464 0.02069 0.01422 0.00044 ( 1)
 140 P   0.98754 0.00762 0.00476 0.00008 ( 1)
 141 Q   0.95714 0.03632 0.00592 0.00061 ( 1)
 142 F   0.69560 0.29604 0.00419 0.00417 ( 1)
 143 R   0.02339 0.87912 0.01077 0.08672 ( 2)
 144 L   0.95764 0.03786 0.00409 0.00041 ( 1)
 145 F   0.05954 0.77522 0.10171 0.06353 ( 2)
 146 W   0.08857 0.71903 0.11046 0.08193 ( 2)
 147 I   0.35504 0.61226 0.01048 0.02223 ( 2)
 148 T   0.07439 0.28306 0.57762 0.06494 ( 3)
 149 K   0.32453 0.61849 0.03418 0.02281 ( 2)
 150 -   0.75157 0.24319 0.00296 0.00228 ( 1)
 151 -   0.02697 0.59840 0.20498 0.16965 ( 2)
 152 -   0.74310 0.24885 0.00450 0.00355 ( 1)
 153 S   0.53700 0.25317 0.18656 0.02327 ( 1)
 154 N   0.01120 0.65933 0.10135 0.22812 ( 2)
 155 G   0.00622 0.94234 0.00100 0.05044 ( 2)
 156 L   0.66884 0.31708 0.00771 0.00637 ( 1)
 157 R   0.03123 0.87117 0.01548 0.08213 ( 2)
 158 E   0.06053 0.86169 0.01507 0.06271 ( 2)
 159 Q   0.04592 0.93509 0.00072 0.01827 ( 2)
 160 I   0.84741 0.06105 0.08931 0.00223 ( 1)
 161 F   0.91973 0.07062 0.00841 0.00124 ( 1)
 162 N   0.78862 0.20403 0.00465 0.00270 ( 1)
 163 Y   0.08961 0.89592 0.00048 0.01399 ( 2)
 164 A   0.33670 0.65393 0.00166 0.00771 ( 2)
 165 N   0.73456 0.25346 0.00798 0.00400 ( 1)
 166 N   0.68919 0.29538 0.00925 0.00618 ( 1)
 167 M   0.49639 0.49278 0.00402 0.00681 ( 1)
 168 G   0.30485 0.55086 0.10360 0.04068 ( 2)
 169 -   0.60832 0.33183 0.03890 0.02095 ( 1)
 170 S   0.82565 0.15195 0.01672 0.00567 ( 1)
 171 Y   0.33947 0.64930 0.00195 0.00928 ( 2)
 172 S   0.99401 0.00255 0.00342 0.00003 ( 1)
 173 A   0.01446 0.96878 0.00010 0.01665 ( 2)
 174 Y   0.02021 0.62134 0.19125 0.16720 ( 2)
 175 R   0.59221 0.30974 0.08728 0.01077 ( 1)
 176 F   0.11130 0.84262 0.00605 0.04004 ( 2)
 177 S   0.52721 0.46229 0.00403 0.00646 ( 1)
 178 K   0.17140 0.34426 0.44404 0.04030 ( 3)
 179 D   0.01399 0.94645 0.00096 0.03860 ( 2)
 180 E   0.98898 0.00583 0.00510 0.00008 ( 1)
 181 L   0.97833 0.01532 0.00618 0.00018 ( 1)
 182 -   0.74348 0.25065 0.00331 0.00256 ( 1)
 183 P   0.98745 0.00766 0.00480 0.00008 ( 1)
 184 I   0.72966 0.18558 0.07763 0.00713 ( 1)
 185 E   0.72249 0.27001 0.00458 0.00291 ( 1)
 186 L   0.48289 0.50029 0.00640 0.01042 ( 2)
 187 L   0.42601 0.42398 0.12360 0.02640 ( 1)
 188 Q   0.53239 0.45714 0.00408 0.00639 ( 1)
 189 P   0.82641 0.16731 0.00389 0.00240 ( 1)
 190 P   0.60771 0.37954 0.00493 0.00782 ( 1)
 191 L   0.94770 0.04329 0.00837 0.00064 ( 1)
 192 -   0.51323 0.42692 0.03287 0.02699 ( 1)
 193 -   0.51323 0.42692 0.03287 0.02699 ( 1)
 194 -   0.51323 0.42692 0.03287 0.02699 ( 1)
 195 -   0.51323 0.42692 0.03287 0.02699 ( 1)
 196 -   0.51323 0.42692 0.03287 0.02699 ( 1)
 197 -   0.51323 0.42692 0.03287 0.02699 ( 1)
 198 -   0.51323 0.42692 0.03287 0.02699 ( 1)
 199 -   0.51323 0.42692 0.03287 0.02699 ( 1)
 200 F   0.58010 0.41335 0.00273 0.00381 ( 1)
 201 G   0.75045 0.24339 0.00362 0.00254 ( 1)
 202 D   0.62305 0.17079 0.19509 0.01107 ( 1)
 203 I   0.35216 0.63973 0.00182 0.00629 ( 2)
 204 E   0.50967 0.31724 0.14023 0.03285 ( 1)
 205 E   0.81592 0.17479 0.00608 0.00320 ( 1)
 206 Y   0.97497 0.01944 0.00535 0.00023 ( 1)
 207 S   0.50158 0.48022 0.00708 0.01113 ( 1)
 208 H   0.98148 0.01056 0.00784 0.00012 ( 1)
 209 R   0.99081 0.00517 0.00397 0.00005 ( 1)
 210 L   0.96664 0.01699 0.01591 0.00046 ( 1)
 211 S   0.53656 0.45359 0.00277 0.00708 ( 1)
 212 H   0.63212 0.24613 0.10983 0.01192 ( 1)
 213 V   0.96359 0.03022 0.00574 0.00045 ( 1)
 214 S   0.62515 0.28866 0.07474 0.01146 ( 1)
 215 -   0.65984 0.32764 0.00732 0.00520 ( 1)
 216 -   0.94509 0.04849 0.00564 0.00078 ( 1)
 217 E   0.31608 0.59144 0.05935 0.03313 ( 2)
 218 V   0.07443 0.88556 0.00585 0.03416 ( 2)
 219 I   0.27558 0.70830 0.00184 0.01427 ( 2)
 220 K   0.98620 0.00758 0.00609 0.00013 ( 1)
 221 D   0.53067 0.46219 0.00204 0.00510 ( 1)
 222 Y   0.93636 0.05778 0.00513 0.00074 ( 1)
 223 G   0.98034 0.01516 0.00436 0.00014 ( 1)
 224 E   0.40264 0.58917 0.00177 0.00643 ( 2)
 225 G   0.97246 0.01737 0.00993 0.00024 ( 1)
 226 I   0.63634 0.35588 0.00347 0.00431 ( 1)
 227 I   0.87533 0.11722 0.00545 0.00200 ( 1)
 228 P   0.98753 0.00762 0.00477 0.00008 ( 1)
 229 V   0.92028 0.07306 0.00582 0.00084 ( 1)
 230 L   0.96068 0.02872 0.01016 0.00044 ( 1)
 231 G   0.98487 0.01118 0.00386 0.00010 ( 1)
 232 W   0.94631 0.04246 0.01061 0.00062 ( 1)
 233 T   0.96735 0.02108 0.01110 0.00048 ( 1)
 234 H   0.99333 0.00312 0.00352 0.00003 ( 1)
 235 V   0.28015 0.70071 0.00477 0.01437 ( 2)
 236 S   0.99345 0.00311 0.00341 0.00003 ( 1)

