Supplemental results for CODEML (seqf: algn  treef: tree)


dN/dS (w) for site classes (K=4)

site class             0        1       2a       2b
proportion       0.07544  0.06446  0.46379  0.39631
background w     0.14709  1.02694  0.14709  1.02694
foreground w     0.14709  1.02694  0.01271  0.01271

Naive Empirical Bayes (NEB) probabilities for 4 classes
(amino acids refer to 1st sequence: BT_Cry19Ba1)

   1 E   0.03519 0.10471 0.21633 0.64378 ( 4)
   2 -   0.07544 0.06446 0.46379 0.39631 ( 3)
   3 -   0.07544 0.06446 0.46379 0.39631 ( 3)
   4 V   0.07439 0.03951 0.49012 0.39597 ( 3)
   5 G   0.10851 0.01743 0.70814 0.16592 ( 3)
   6 P   0.00183 0.09989 0.01180 0.88648 ( 4)
   7 L   0.04919 0.06027 0.32079 0.56974 ( 4)
   8 L   0.13295 0.00115 0.85600 0.00990 ( 3)
   9 S   0.12543 0.00427 0.82663 0.04368 ( 3)
  10 W   0.02290 0.10373 0.14332 0.73005 ( 4)
  11 M   0.01879 0.07915 0.12324 0.77882 ( 4)
  12 V   0.00101 0.09019 0.00663 0.90217 ( 4)
  13 S   0.00118 0.09584 0.00769 0.89529 ( 4)
  14 L   0.02065 0.08875 0.13287 0.75774 ( 4)
  15 F   0.10447 0.01766 0.69226 0.18561 ( 3)
  16 W   0.12209 0.01408 0.76451 0.09933 ( 3)
  17 P   0.13323 0.00060 0.86088 0.00529 ( 3)
  18 T   0.00203 0.09060 0.01334 0.89402 ( 4)
  19 I   0.00010 0.08873 0.00064 0.91053 ( 4)
  20 -   0.11279 0.02711 0.69343 0.16668 ( 3)
  21 -   0.11060 0.02930 0.67999 0.18012 ( 3)
  22 -   0.10009 0.03981 0.61536 0.24475 ( 3)
  23 E   0.00492 0.16552 0.02132 0.80823 ( 4)
  24 E   0.00003 0.08967 0.00022 0.91008 ( 4)
  25 K   0.00181 0.08825 0.01198 0.89796 ( 4)
  26 N   0.12609 0.00232 0.84548 0.02612 ( 3)
  27 T   0.00108 0.09122 0.00707 0.90064 ( 4)
  28 V   0.12184 0.00706 0.80124 0.06986 ( 3)
  29 W   0.12209 0.01408 0.76451 0.09933 ( 3)
  30 E   0.05464 0.05195 0.36145 0.53197 ( 4)
  31 D   0.00054 0.08147 0.00363 0.91436 ( 4)
  32 M   0.00265 0.08951 0.01740 0.89044 ( 4)
  33 I   0.12301 0.00529 0.81631 0.05540 ( 3)
  34 K   0.13325 0.00158 0.85220 0.01297 ( 3)
  35 Y   0.00287 0.09254 0.01876 0.88584 ( 4)
  36 V   0.06165 0.04832 0.40618 0.48384 ( 4)
  37 A   0.11206 0.01429 0.73434 0.13931 ( 3)
  38 N   0.12679 0.00205 0.84839 0.02278 ( 3)
  39 L   0.13045 0.00693 0.81471 0.04791 ( 3)
  40 L   0.13436 0.00105 0.85631 0.00828 ( 3)
  41 K   0.00001 0.08874 0.00005 0.91120 ( 4)
  42 Q   0.00625 0.09827 0.04029 0.85518 ( 4)
  43 E   0.01638 0.07744 0.10836 0.79782 ( 4)
  44 L   0.01490 0.09292 0.09595 0.79623 ( 4)
  45 T   0.00003 0.09196 0.00022 0.90778 ( 4)
  46 N   0.00003 0.08174 0.00022 0.91802 ( 4)
  47 D   0.00009 0.18717 0.00037 0.81238 ( 4)
  48 T   0.01481 0.08167 0.09726 0.80626 ( 4)
  49 L   0.04943 0.06059 0.32207 0.56791 ( 4)
  50 N   0.00006 0.11203 0.00041 0.88750 ( 4)
  51 R   0.01371 0.09512 0.08802 0.80314 ( 4)
  52 A   0.13767 0.00034 0.85963 0.00236 ( 3)
  53 T   0.12850 0.00281 0.84162 0.02707 ( 3)
  54 S   0.00044 0.08914 0.00290 0.90751 ( 4)
  55 N   0.12074 0.00565 0.80976 0.06385 ( 3)
  56 L   0.12430 0.00788 0.80029 0.06753 ( 3)
  57 S   0.01173 0.59508 0.00699 0.38620 ( 2)
  58 G   0.09535 0.02973 0.61552 0.25940 ( 3)
  59 L   0.13060 0.00298 0.84087 0.02554 ( 3)
  60 N   0.00036 0.08205 0.00242 0.91518 ( 4)
  61 E   0.05436 0.05186 0.35966 0.53412 ( 4)
  62 S   0.00847 0.09060 0.05515 0.84579 ( 4)
  63 L   0.13041 0.00534 0.82403 0.04022 ( 3)
  64 N   0.00001 0.09911 0.00005 0.90083 ( 4)
  65 I   0.03797 0.06071 0.25269 0.64863 ( 4)
  66 Y   0.13218 0.00029 0.86479 0.00274 ( 3)
  67 N   0.13372 0.00176 0.85060 0.01392 ( 3)
  68 R   0.08974 0.03979 0.56780 0.30266 ( 3)
  69 A   0.05164 0.06759 0.33020 0.55056 ( 4)
  70 L   0.13466 0.00326 0.83980 0.02228 ( 3)
  71 A   0.12513 0.00509 0.82012 0.04967 ( 3)
  72 A   0.00011 0.09961 0.00074 0.89954 ( 4)
  73 W   0.12209 0.01408 0.76451 0.09933 ( 3)
  74 K   0.00846 0.08236 0.05605 0.85313 ( 4)
  75 Q   0.00000 0.10395 0.00000 0.89604 ( 4)
  76 -   0.07544 0.06446 0.46379 0.39631 ( 3)
  77 N   0.00074 0.08103 0.00499 0.91324 ( 4)
  78 K   0.00022 0.08791 0.00145 0.91042 ( 4)
  79 N   0.00584 0.09515 0.03812 0.86089 ( 4)
  80 N   0.00003 0.08219 0.00020 0.91759 ( 4)
  81 F   0.00552 0.11177 0.03494 0.84777 ( 4)
  82 A   0.00479 0.08959 0.03136 0.87426 ( 4)
  83 S   0.00998 0.08236 0.06578 0.84188 ( 4)
  84 -   0.07544 0.06446 0.46379 0.39631 ( 3)
  85 -   0.11170 0.02819 0.68676 0.17335 ( 3)
  86 G   0.10976 0.02011 0.70335 0.16679 ( 3)
  87 E   0.00498 0.08526 0.03297 0.87679 ( 4)
  88 L   0.00115 0.09486 0.00749 0.89650 ( 4)
  89 I   0.02550 0.19826 0.11159 0.66465 ( 4)
  90 R   0.12479 0.00967 0.79098 0.07456 ( 3)
  91 S   0.00002 0.12536 0.00012 0.87450 ( 4)
  92 Y   0.00072 0.09408 0.00474 0.90046 ( 4)
  93 I   0.12915 0.00098 0.85939 0.01048 ( 3)
  94 N   0.00012 0.08130 0.00082 0.91776 ( 4)
  95 D   0.01697 0.07150 0.11361 0.79792 ( 4)
  96 L   0.13259 0.00026 0.86467 0.00248 ( 3)
  97 H   0.13114 0.00034 0.86501 0.00350 ( 3)
  98 I   0.03272 0.06421 0.21774 0.68534 ( 4)
  99 L   0.00003 0.12766 0.00016 0.87216 ( 4)
 100 F   0.13101 0.00007 0.86816 0.00076 ( 3)
 101 T   0.00010 0.09353 0.00067 0.90570 ( 4)
 102 R   0.00000 0.09579 0.00000 0.90421 ( 4)
 103 D   0.00580 0.07818 0.03881 0.87721 ( 4)
 104 I   0.13104 0.00011 0.86775 0.00111 ( 3)
 105 Q   0.10181 0.02495 0.65623 0.21701 ( 3)
 106 S   0.00040 0.10692 0.00258 0.89010 ( 4)
 107 D   0.09841 0.01991 0.65887 0.22282 ( 3)
 108 F   0.13157 0.00425 0.83198 0.03220 ( 3)
 109 S   0.00940 0.09956 0.06030 0.83073 ( 4)
 110 L   0.03545 0.07696 0.22825 0.65933 ( 4)
 111 G   0.00001 0.09892 0.00004 0.90104 ( 4)
 112 G   0.02787 0.08820 0.17774 0.70619 ( 4)
 113 Y   0.13205 0.00038 0.86394 0.00363 ( 3)
 114 E   0.12898 0.00156 0.85334 0.01612 ( 3)
 115 T   0.00576 0.58713 0.00355 0.40356 ( 2)
 116 V   0.13110 0.00068 0.86153 0.00669 ( 3)
 117 L   0.13295 0.00115 0.85600 0.00990 ( 3)
 118 L   0.13243 0.00156 0.85265 0.01336 ( 3)
 119 P   0.13324 0.00059 0.86094 0.00523 ( 3)
 120 S   0.11349 0.01687 0.72819 0.14146 ( 3)
 121 Y   0.13197 0.00043 0.86344 0.00415 ( 3)
 122 A   0.10977 0.01587 0.71943 0.15493 ( 3)
 123 S   0.12256 0.00621 0.80772 0.06351 ( 3)
 124 A   0.11775 0.01027 0.77177 0.10021 ( 3)
 125 A   0.12909 0.00822 0.80599 0.05670 ( 3)
 126 N   0.12920 0.00035 0.86653 0.00392 ( 3)
 127 L   0.12885 0.00295 0.84027 0.02793 ( 3)
 128 H   0.13143 0.00015 0.86690 0.00152 ( 3)
 129 L   0.13159 0.00221 0.84726 0.01894 ( 3)
 130 L   0.11299 0.01628 0.72906 0.14166 ( 3)
 131 L   0.13440 0.00191 0.84928 0.01441 ( 3)
 132 L   0.13201 0.00188 0.84995 0.01615 ( 3)
 133 R   0.13091 0.00300 0.84062 0.02548 ( 3)
 134 D   0.12958 0.00022 0.86777 0.00244 ( 3)
 135 V   0.13024 0.00132 0.85555 0.01289 ( 3)
 136 A   0.01182 0.08477 0.07748 0.82594 ( 4)
 137 I   0.12945 0.00119 0.85716 0.01220 ( 3)
 138 Y   0.12744 0.00978 0.79549 0.06728 ( 3)
 139 G   0.13270 0.00050 0.86217 0.00462 ( 3)
 140 K   0.03105 0.06714 0.20574 0.69606 ( 4)
 141 E   0.01320 0.07967 0.08730 0.81984 ( 4)
 142 -   0.08521 0.05469 0.52386 0.33624 ( 3)
 143 -   0.07761 0.06228 0.47717 0.38294 ( 3)
 144 -   0.08216 0.05773 0.50514 0.35496 ( 3)
 145 -   0.08506 0.05483 0.52297 0.33714 ( 3)
 146 -   0.08345 0.05644 0.51309 0.34702 ( 3)
 147 -   0.08521 0.05469 0.52386 0.33624 ( 3)
 148 -   0.08661 0.05328 0.53253 0.32758 ( 3)
 149 -   0.07741 0.06249 0.47592 0.38419 ( 3)
 150 L   0.13184 0.00202 0.84882 0.01732 ( 3)
 151 G   0.12009 0.00977 0.78019 0.08996 ( 3)
 152 Y   0.13067 0.00136 0.85492 0.01304 ( 3)
 153 P   0.00000 0.11545 0.00002 0.88454 ( 4)
 154 S   0.00052 0.40434 0.00204 0.59310 ( 4)
 155 T   0.00003 0.77692 0.00002 0.22303 ( 2)
 156 D   0.00029 0.11282 0.00185 0.88505 ( 4)
 157 V   0.11127 0.01443 0.73196 0.14233 ( 3)
 158 E   0.00043 0.10075 0.00276 0.89606 ( 4)
 159 F   0.00286 0.08498 0.01897 0.89319 ( 4)
 160 Y   0.13221 0.00026 0.86500 0.00252 ( 3)
 161 Y   0.11855 0.01000 0.77564 0.09580 ( 3)
 162 N   0.00020 0.08431 0.00134 0.91415 ( 4)
 163 E   0.13498 0.00033 0.86205 0.00265 ( 3)
 164 Q   0.06859 0.05044 0.44211 0.43886 ( 3)
 165 K   0.03460 0.08081 0.22125 0.66334 ( 4)
 166 Y   0.00000 0.88669 0.00000 0.11331 ( 2)
 167 Y   0.13017 0.00172 0.85165 0.01646 ( 3)
 168 T   0.09897 0.02310 0.64986 0.22806 ( 3)
 169 E   0.01179 0.08060 0.07800 0.82961 ( 4)
 170 K   0.00006 0.08846 0.00042 0.91105 ( 4)
 171 Y   0.12986 0.00194 0.84963 0.01857 ( 3)
 172 S   0.11680 0.01011 0.76976 0.10333 ( 3)
 173 N   0.09026 0.02474 0.60538 0.27961 ( 3)
 174 Y   0.08046 0.03765 0.52540 0.35650 ( 3)
 175 C   0.13133 0.00146 0.85366 0.01355 ( 3)
 176 V   0.05416 0.05347 0.35680 0.53557 ( 4)
 177 N   0.02331 0.06677 0.15635 0.75356 ( 4)
 178 T   0.12194 0.01276 0.76984 0.09546 ( 3)
 179 Y   0.11691 0.01948 0.72967 0.13394 ( 3)
 180 K   0.12787 0.00233 0.84586 0.02394 ( 3)
 181 S   0.00109 0.16870 0.00656 0.82365 ( 4)
 182 G   0.06853 0.04602 0.44725 0.43820 ( 3)
 183 L   0.13028 0.00325 0.83867 0.02780 ( 3)
 184 E   0.02045 0.07602 0.13494 0.76858 ( 4)
 185 S   0.10024 0.34843 0.11582 0.43551 ( 4)
 186 K   0.31076 0.47850 0.15182 0.05891 ( 2)
 187 K   0.13093 0.00016 0.86730 0.00161 ( 3)
 188 Q   0.03678 0.07484 0.23708 0.65129 ( 4)
 189 I   0.12945 0.00088 0.86033 0.00934 ( 3)
 190 G   0.11130 0.01623 0.72306 0.14942 ( 3)
 191 W   0.12209 0.01408 0.76451 0.09933 ( 3)
 192 S   0.00211 0.10500 0.01357 0.87932 ( 4)
 193 D   0.00077 0.08274 0.00512 0.91137 ( 4)
 194 F   0.12651 0.00309 0.83804 0.03235 ( 3)
 195 N   0.12879 0.00061 0.86374 0.00686 ( 3)
 196 R   0.05632 0.06481 0.35896 0.51991 ( 4)
 197 Y   0.13221 0.00026 0.86500 0.00252 ( 3)
 198 R   0.13530 0.00121 0.85441 0.00908 ( 3)
 199 R   0.13198 0.00050 0.86273 0.00479 ( 3)
 200 E   0.00051 0.08874 0.00338 0.90737 ( 4)
 201 M   0.13204 0.00012 0.86668 0.00116 ( 3)
 202 T   0.13166 0.00036 0.86439 0.00359 ( 3)
 203 L   0.12778 0.00520 0.82257 0.04445 ( 3)
 204 S   0.02562 0.10422 0.15971 0.71046 ( 4)
 205 V   0.61658 0.00578 0.37391 0.00372 ( 1)
 206 L   0.13275 0.00131 0.85470 0.01124 ( 3)
 207 D   0.12986 0.00004 0.86970 0.00040 ( 3)
 208 I   0.06369 0.04420 0.42374 0.46837 ( 4)
 209 V   0.13032 0.00241 0.84584 0.02143 ( 3)
 210 A   0.13254 0.00212 0.84803 0.01731 ( 3)
 211 L   0.12409 0.00804 0.79895 0.06892 ( 3)
 212 F   0.13431 0.00191 0.84926 0.01452 ( 3)
 213 P   0.13323 0.00060 0.86088 0.00529 ( 3)
 214 L   0.00497 0.12183 0.03106 0.84214 ( 4)


lnL = -3767.352119

