Supplemental results for CODEML (seqf: algn  treef: tree)


dN/dS (w) for site classes (K=4)

site class             0        1       2a       2b
proportion       0.19875  0.11872  0.42730  0.25524
background w     0.04776  0.62482  0.04776  0.62482
foreground w     0.04776  0.62482  0.27050  0.27050

Naive Empirical Bayes (NEB) probabilities for 4 classes
(amino acids refer to 1st sequence: BT_Cry8Ab1)

   1 P   0.24224 0.07522 0.52082 0.16172 ( 3)
   2 F   0.28444 0.03302 0.61155 0.07099 ( 3)
   3 A   0.00149 0.31597 0.00320 0.67934 ( 4)
   4 S   0.00032 0.27433 0.00059 0.72477 ( 4)
   5 Q   0.00074 0.27956 0.00141 0.71828 ( 4)
   6 I   0.05904 0.24486 0.23789 0.45820 ( 4)
   7 V   0.04157 0.24911 0.08037 0.62895 ( 4)
   8 S   0.03838 0.24945 0.07324 0.63893 ( 4)
   9 F   0.23321 0.08737 0.47475 0.20467 ( 3)
  10 Y   0.02974 0.27173 0.06002 0.63852 ( 4)
  11 N   0.00370 0.28713 0.00731 0.70186 ( 4)
  12 F   0.33944 0.00699 0.63512 0.01845 ( 3)
  13 I   0.33914 0.00599 0.63928 0.01560 ( 3)
  14 L   0.08418 0.22663 0.17418 0.51501 ( 4)
  15 D   0.22741 0.09320 0.45671 0.22267 ( 3)
  16 Q   0.01187 0.27531 0.02309 0.68973 ( 4)
  17 L   0.21721 0.10349 0.40843 0.27087 ( 3)
  18 W   0.01101 0.27072 0.02079 0.69749 ( 4)
  19 P   0.32892 0.00955 0.63742 0.02411 ( 3)
  20 S   0.01787 0.27726 0.03553 0.66935 ( 4)
  21 N   0.07292 0.21758 0.13590 0.57360 ( 4)
  22 S   0.01902 0.28491 0.03910 0.65698 ( 4)
  23 V   0.25011 0.06735 0.53774 0.14480 ( 3)
  24 S   0.27595 0.04151 0.59329 0.08925 ( 3)
  25 V   0.10969 0.20777 0.23584 0.44670 ( 4)
  26 W   0.27177 0.05051 0.56238 0.11535 ( 3)
  27 E   0.23780 0.08543 0.46994 0.20682 ( 3)
  28 Q   0.00138 0.29194 0.00276 0.70392 ( 4)
  29 I   0.19835 0.11925 0.39193 0.29047 ( 3)
  30 M   0.27948 0.05283 0.52959 0.13809 ( 3)
  31 T   0.03283 0.25267 0.06192 0.65258 ( 4)
  32 L   0.01726 0.33242 0.18727 0.46305 ( 4)
  33 V   0.31806 0.01960 0.61302 0.04932 ( 3)
  34 E   0.33105 0.00662 0.64605 0.01627 ( 3)
  35 E   0.04597 0.24992 0.09066 0.61345 ( 4)
  36 L   0.29940 0.02343 0.62431 0.05286 ( 3)
  37 V   0.26012 0.07139 0.47695 0.19154 ( 3)
  38 D   0.34640 0.00385 0.63944 0.01030 ( 3)
  39 Q   0.31985 0.01464 0.62942 0.03609 ( 3)
  40 K   0.34048 0.00559 0.63932 0.01462 ( 3)
  41 I   0.34860 0.00338 0.63891 0.00911 ( 3)
  42 T   0.33785 0.00602 0.64046 0.01566 ( 3)
  43 E   0.02623 0.33481 0.08263 0.55633 ( 4)
  44 Y   0.02711 0.28383 0.05553 0.63352 ( 4)
  45 A   0.05914 0.23147 0.11267 0.59672 ( 4)
  46 R   0.32771 0.01124 0.63253 0.02853 ( 3)
  47 N   0.00833 0.32619 0.04753 0.61795 ( 4)
  48 K   0.20942 0.10927 0.41905 0.26226 ( 3)
  49 A   0.31373 0.01541 0.63442 0.03643 ( 3)
  50 L   0.01611 0.36719 0.17637 0.44033 ( 4)
  51 A   0.34011 0.00628 0.63710 0.01651 ( 3)
  52 E   0.24670 0.08116 0.46008 0.21206 ( 3)
  53 L   0.31735 0.01741 0.62241 0.04283 ( 3)
  54 K   0.00327 0.29198 0.00655 0.69819 ( 4)
  55 G   0.33516 0.00720 0.63908 0.01856 ( 3)
  56 L   0.31220 0.02018 0.61906 0.04856 ( 3)
  57 G   0.00521 0.37922 0.04769 0.56788 ( 4)
  58 D   0.09729 0.19791 0.18227 0.52254 ( 4)
  59 A   0.19123 0.12423 0.36472 0.31983 ( 3)
  60 L   0.00158 0.28820 0.00310 0.70712 ( 4)
  61 G   0.00001 0.28496 0.00002 0.71501 ( 4)
  62 V   0.34066 0.00659 0.63560 0.01715 ( 3)
  63 Y   0.32808 0.01068 0.63436 0.02688 ( 3)
  64 Q   0.28317 0.04094 0.58121 0.09468 ( 3)
  65 Q   0.18217 0.13262 0.35849 0.32672 ( 3)
  66 S   0.32011 0.01490 0.62823 0.03676 ( 3)
  67 L   0.31419 0.02009 0.61651 0.04921 ( 3)
  68 E   0.22852 0.09557 0.42633 0.24957 ( 3)
  69 A   0.00361 0.27930 0.00697 0.71013 ( 4)
  70 W   0.27177 0.05051 0.56238 0.11535 ( 3)
  71 L   0.09063 0.22054 0.18821 0.50062 ( 4)
  72 E   0.26736 0.06466 0.49840 0.16958 ( 3)
  73 N   0.34402 0.00415 0.64080 0.01103 ( 3)
  74 R   0.01830 0.26942 0.03552 0.67675 ( 4)
  75 N   0.34402 0.00415 0.64080 0.01103 ( 3)
  76 D   0.21364 0.10630 0.40858 0.27148 ( 3)
  77 T   0.04501 0.19194 0.47163 0.29142 ( 3)
  78 R   0.33086 0.00865 0.63854 0.02196 ( 3)
  79 A   0.03904 0.22366 0.42833 0.30897 ( 3)
  80 R   0.27396 0.04350 0.58902 0.09352 ( 3)
  81 S   0.33288 0.00753 0.64033 0.01925 ( 3)
  82 V   0.23534 0.08783 0.47103 0.20581 ( 3)
  83 V   0.33297 0.00991 0.63174 0.02539 ( 3)
  84 S   0.00009 0.30369 0.00018 0.69605 ( 4)
  85 N   0.00150 0.28003 0.00284 0.71563 ( 4)
  86 Q   0.31985 0.01464 0.62942 0.03609 ( 3)
  87 F   0.04539 0.24865 0.28902 0.41694 ( 4)
  88 I   0.00034 0.30530 0.00071 0.69364 ( 4)
  89 A   0.29997 0.02661 0.61219 0.06122 ( 3)
  90 L   0.31570 0.01721 0.62559 0.04151 ( 3)
  91 E   0.25809 0.07190 0.48121 0.18880 ( 3)
  92 L   0.33032 0.00927 0.63689 0.02352 ( 3)
  93 D   0.34640 0.00385 0.63944 0.01030 ( 3)
  94 F   0.34241 0.00469 0.64052 0.01238 ( 3)
  95 V   0.33677 0.00830 0.63338 0.02154 ( 3)
  96 G   0.00017 0.29493 0.00035 0.70455 ( 4)
  97 A   0.00244 0.28810 0.00480 0.70466 ( 4)
  98 I   0.32817 0.01467 0.61889 0.03827 ( 3)
  99 P   0.21137 0.10762 0.44799 0.23302 ( 3)
 100 S   0.31812 0.01861 0.61641 0.04686 ( 3)
 101 F   0.34241 0.00469 0.64052 0.01238 ( 3)
 102 A   0.33599 0.00693 0.63929 0.01778 ( 3)
 103 V   0.26973 0.06393 0.49437 0.17196 ( 3)
 104 S   0.03016 0.27467 0.19864 0.49652 ( 4)
 105 G   0.32838 0.01267 0.62627 0.03267 ( 3)
 106 Q   0.28492 0.03933 0.58479 0.09097 ( 3)
 107 E   0.34125 0.00623 0.63617 0.01635 ( 3)
 108 V   0.08286 0.03283 0.82544 0.05887 ( 3)
 109 P   0.32424 0.01201 0.63397 0.02978 ( 3)
 110 L   0.31852 0.01642 0.62469 0.04037 ( 3)
 111 L   0.31852 0.01642 0.62469 0.04037 ( 3)
 112 A   0.02965 0.27072 0.05981 0.63981 ( 4)
 113 V   0.31610 0.01395 0.63689 0.03306 ( 3)
 114 Y   0.07421 0.04931 0.81755 0.05893 ( 3)
 115 A   0.34156 0.00515 0.63973 0.01356 ( 3)
 116 Q   0.31130 0.02194 0.61268 0.05407 ( 3)
 117 A   0.33538 0.00722 0.63882 0.01858 ( 3)
 118 V   0.16205 0.14802 0.30578 0.38415 ( 4)
 119 N   0.33722 0.00942 0.62831 0.02505 ( 3)
 120 M   0.10399 0.22456 0.21120 0.46025 ( 4)
 121 H   0.32802 0.01322 0.62455 0.03421 ( 3)
 122 L   0.30190 0.02538 0.61313 0.05959 ( 3)
 123 L   0.31092 0.02290 0.60986 0.05633 ( 3)
 124 L   0.31852 0.01642 0.62469 0.04037 ( 3)
 125 L   0.06613 0.08148 0.74158 0.11081 ( 3)
 126 R   0.32724 0.01164 0.63156 0.02956 ( 3)
 127 D   0.34056 0.00831 0.62887 0.02226 ( 3)
 128 A   0.19188 0.12206 0.44475 0.24131 ( 3)
 129 S   0.31588 0.01850 0.61999 0.04564 ( 3)
 130 I   0.08152 0.02764 0.84509 0.04575 ( 3)
 131 F   0.34241 0.00469 0.64052 0.01238 ( 3)
 132 G   0.33459 0.00766 0.63800 0.01975 ( 3)
 133 E   0.24636 0.08138 0.45929 0.21297 ( 3)
 134 E   0.01185 0.15765 0.67882 0.15168 ( 3)
 135 W   0.27177 0.05051 0.56238 0.11535 ( 3)
 136 G   0.33550 0.00692 0.63973 0.01784 ( 3)
 137 F   0.16167 0.15084 0.31885 0.36864 ( 4)
 138 T   0.04348 0.20378 0.47408 0.27866 ( 3)
 139 S   0.00031 0.39705 0.00280 0.59983 ( 4)
 140 S   0.00001 0.34869 0.00002 0.65129 ( 4)
 141 E   0.33749 0.00679 0.63824 0.01748 ( 3)
 142 I   0.26150 0.06703 0.50173 0.16975 ( 3)
 143 S   0.01439 0.26592 0.02702 0.69267 ( 4)
 144 T   0.12564 0.18804 0.26188 0.42444 ( 4)
 145 Y   0.01200 0.31371 0.05870 0.61559 ( 4)
 146 Y   0.32088 0.01665 0.62054 0.04192 ( 3)
 147 N   0.03839 0.26640 0.07607 0.61914 ( 4)
 148 R   0.31428 0.01782 0.62458 0.04333 ( 3)
 149 Q   0.31572 0.01816 0.62136 0.04476 ( 3)
 150 V   0.18932 0.12530 0.35930 0.32609 ( 3)
 151 Q   0.02461 0.26261 0.04738 0.66540 ( 4)
 152 L   0.00197 0.28584 0.00384 0.70835 ( 4)
 153 T   0.32947 0.01272 0.62475 0.03307 ( 3)
 154 S   0.00131 0.56132 0.02345 0.41392 ( 2)
 155 Q   0.15577 0.16074 0.33742 0.34607 ( 4)
 156 Y   0.32240 0.01538 0.62350 0.03872 ( 3)
 157 S   0.00092 0.28250 0.00178 0.71479 ( 4)
 158 D   0.34640 0.00385 0.63944 0.01030 ( 3)
 159 Y   0.32808 0.01068 0.63436 0.02688 ( 3)
 160 C   0.32489 0.01219 0.63234 0.03058 ( 3)
 161 V   0.33483 0.01116 0.62486 0.02914 ( 3)
 162 K   0.16748 0.14991 0.35366 0.32896 ( 3)
 163 W   0.00318 0.27919 0.00603 0.71159 ( 4)
 164 Y   0.31497 0.02156 0.60918 0.05429 ( 3)
 165 D   0.04958 0.23466 0.09238 0.62338 ( 4)
 166 T   0.32069 0.01743 0.61753 0.04434 ( 3)
 167 G   0.30636 0.02614 0.60398 0.06352 ( 3)
 168 L   0.31852 0.01642 0.62469 0.04037 ( 3)
 169 Q   0.00025 0.27499 0.00046 0.72430 ( 4)
 170 K   0.07776 0.02722 0.85538 0.03965 ( 3)
 171 L   0.31852 0.01642 0.62469 0.04037 ( 3)
 172 K   0.34048 0.00559 0.63932 0.01462 ( 3)
 173 G   0.33417 0.00798 0.63729 0.02056 ( 3)
 174 T   0.13007 0.18521 0.26923 0.41549 ( 4)
 175 S   0.03097 0.25594 0.05959 0.65350 ( 4)
 176 A   0.07745 0.03007 0.85119 0.04128 ( 3)
 177 E   0.01981 0.26921 0.03847 0.67251 ( 4)
 178 S   0.00060 0.54436 0.03566 0.41938 ( 2)
 179 W   0.27177 0.05051 0.56238 0.11535 ( 3)
 180 L   0.01529 0.31285 0.11205 0.55980 ( 4)
 181 E   0.02345 0.29310 0.05235 0.63110 ( 4)
 182 Y   0.32808 0.01068 0.63436 0.02688 ( 3)
 183 H   0.22609 0.09666 0.42278 0.25448 ( 3)
 184 Q   0.12084 0.18843 0.24363 0.44710 ( 4)
 185 F   0.32841 0.01560 0.61478 0.04121 ( 3)
 186 R   0.29135 0.03775 0.57911 0.09179 ( 3)
 187 R   0.33086 0.00865 0.63854 0.02196 ( 3)
 188 E   0.33728 0.00932 0.62890 0.02449 ( 3)
 189 M   0.33919 0.00501 0.64272 0.01308 ( 3)
 190 T   0.16890 0.14943 0.36590 0.31577 ( 3)
 191 F   0.01621 0.27564 0.03180 0.67635 ( 4)
 192 M   0.13299 0.17620 0.26433 0.42648 ( 4)
 193 V   0.34066 0.00659 0.63560 0.01715 ( 3)
 194 L   0.31434 0.01788 0.62446 0.04332 ( 3)
 195 D   0.34640 0.00385 0.63944 0.01030 ( 3)
 196 L   0.00167 0.45707 0.04991 0.49135 ( 4)
 197 V   0.20107 0.10409 0.49120 0.20364 ( 3)
 198 A   0.31373 0.01541 0.63442 0.03643 ( 3)
 199 L   0.07235 0.06053 0.78177 0.08535 ( 3)
 200 F   0.34241 0.00469 0.64052 0.01238 ( 3)
 201 P   0.31897 0.01168 0.64162 0.02772 ( 3)
 202 N   0.06990 0.07640 0.76216 0.09154 ( 3)


lnL = -2278.339554

