Supplemental results for CODEML (seqf: algn  treef: tree)


dN/dS (w) for site classes (K=4)

site class             0        1       2a       2b
proportion       0.57503  0.36786  0.03483  0.02228
background w     0.13741  1.87891  0.13741  1.87891
foreground w     0.13741  1.87891 27.80737 27.80737

Naive Empirical Bayes (NEB) probabilities for 4 classes
(amino acids refer to 1st sequence: BT_Cry30Aa1)

   1 -   0.84584 0.09705 0.05123 0.00588 ( 1)
   2 -   0.84502 0.09787 0.05118 0.00593 ( 1)
   3 Q   0.00000 0.98678 0.00000 0.01322 ( 2)
   4 T   0.99626 0.00303 0.00070 0.00001 ( 1)
   5 R   0.59827 0.40022 0.00052 0.00098 ( 1)
   6 T   0.99626 0.00303 0.00070 0.00001 ( 1)
   7 E   0.99534 0.00442 0.00023 0.00000 ( 1)
   8 L   0.99396 0.00582 0.00022 0.00000 ( 1)
   9 T   0.99599 0.00337 0.00063 0.00001 ( 1)
  10 R   0.99720 0.00265 0.00015 0.00000 ( 1)
  11 K   0.99686 0.00256 0.00058 0.00000 ( 1)
  12 V   0.50687 0.49280 0.00010 0.00023 ( 1)
  13 Y   0.99467 0.00483 0.00050 0.00001 ( 1)
  14 M   0.99064 0.00930 0.00007 0.00000 ( 1)
  15 P   0.38496 0.59432 0.01765 0.00307 ( 2)
  16 S   0.98676 0.01240 0.00082 0.00002 ( 1)
  17 F   0.93165 0.06725 0.00100 0.00010 ( 1)
  18 Y   0.45878 0.54029 0.00023 0.00070 ( 2)
  19 L   0.80767 0.19133 0.00071 0.00029 ( 1)
  20 Q   0.83982 0.15954 0.00046 0.00017 ( 1)
  21 A   0.00363 0.99499 0.00000 0.00138 ( 2)
  22 L   0.37162 0.62798 0.00008 0.00032 ( 2)
  23 Q   0.00007 0.99427 0.00000 0.00565 ( 2)
  24 Q   0.00005 0.87103 0.00011 0.12881 ( 2)
  25 -   0.00018 0.98799 0.00001 0.01181 ( 2)
  26 R   0.00000 0.99802 0.00000 0.00198 ( 2)
  27 D   0.05975 0.93570 0.00100 0.00354 ( 2)
  28 I   0.02200 0.97623 0.00013 0.00165 ( 2)
  29 E   0.99678 0.00299 0.00023 0.00000 ( 1)
  30 T   0.00008 0.99581 0.00000 0.00411 ( 2)
  31 V   0.03590 0.96008 0.00011 0.00391 ( 2)
  32 E   0.99678 0.00299 0.00023 0.00000 ( 1)
  33 N   0.96177 0.03766 0.00055 0.00003 ( 1)
  34 Q   0.00013 0.98799 0.00001 0.01187 ( 2)
  35 -   0.57503 0.36786 0.03483 0.02228 ( 1)
  36 L   0.79133 0.03803 0.16748 0.00316 ( 1)
  37 T   0.80757 0.04190 0.14898 0.00155 ( 1)
  38 H   0.99744 0.00234 0.00022 0.00000 ( 1)
  39 P   0.26959 0.45899 0.23539 0.03602 ( 2)
  40 P   0.99517 0.00447 0.00035 0.00000 ( 1)
  41 S   0.98295 0.01620 0.00082 0.00003 ( 1)
  42 L   0.98231 0.01708 0.00058 0.00002 ( 1)
  43 F   0.99745 0.00229 0.00025 0.00000 ( 1)
  44 T   0.98214 0.01384 0.00394 0.00007 ( 1)
  45 W   0.79683 0.19655 0.00515 0.00147 ( 1)
  46 L   0.98231 0.01708 0.00058 0.00002 ( 1)
  47 N   0.78372 0.21423 0.00131 0.00075 ( 1)
  48 E   0.04702 0.94779 0.00195 0.00324 ( 2)
  49 L   0.98231 0.01708 0.00058 0.00002 ( 1)
  50 N   0.15318 0.84566 0.00012 0.00104 ( 2)
  51 L   0.92132 0.07833 0.00029 0.00006 ( 1)
  52 Y   0.99467 0.00483 0.00050 0.00001 ( 1)
  53 T   0.99626 0.00303 0.00070 0.00001 ( 1)
  54 I   0.60983 0.38895 0.00041 0.00081 ( 1)
  55 R   0.41684 0.58230 0.00016 0.00070 ( 2)
  56 E   0.99678 0.00299 0.00023 0.00000 ( 1)
  57 R   0.00082 0.97025 0.00196 0.02698 ( 2)
  58 F   0.38398 0.43425 0.16398 0.01779 ( 2)
  59 N   0.95916 0.03064 0.01015 0.00005 ( 1)
  60 P   0.00083 0.01591 0.97085 0.01242 ( 3)
  61 V   0.43425 0.53642 0.02539 0.00393 ( 2)
  62 L   0.97842 0.02097 0.00058 0.00002 ( 1)
  63 Q   0.00172 0.88535 0.00266 0.11027 ( 2)
  64 V   0.99421 0.00558 0.00021 0.00000 ( 1)
  65 A   0.33044 0.66483 0.00306 0.00167 ( 2)
  66 S   0.98352 0.01564 0.00081 0.00003 ( 1)
  67 L   0.85169 0.14563 0.00220 0.00047 ( 1)
  68 S   0.84141 0.15772 0.00057 0.00030 ( 1)
  69 G   0.98646 0.01343 0.00011 0.00000 ( 1)
  70 L   0.99219 0.00759 0.00022 0.00000 ( 1)
  71 Q   0.01555 0.66420 0.23786 0.08239 ( 2)
  72 A   0.99463 0.00513 0.00024 0.00000 ( 1)
  73 T   0.00015 0.99481 0.00001 0.00503 ( 2)
  74 S   0.00319 0.98617 0.00024 0.01039 ( 2)
  75 R   0.88559 0.11394 0.00034 0.00014 ( 1)
  76 Y   0.88645 0.09933 0.01398 0.00024 ( 1)
  77 T   0.87134 0.12444 0.00356 0.00065 ( 1)
  78 -   0.10875 0.73461 0.09432 0.06232 ( 2)
  79 Q   0.98417 0.01543 0.00039 0.00001 ( 1)
  80 N   0.03002 0.03939 0.92374 0.00685 ( 3)
  81 T   0.00009 0.99130 0.00001 0.00860 ( 2)
  82 T   0.04585 0.95081 0.00068 0.00266 ( 2)
  83 T   0.00028 0.97868 0.00005 0.02099 ( 2)
  84 I   0.00280 0.97918 0.00045 0.01757 ( 2)
  85 S   0.00000 0.48827 0.00005 0.51168 ( 4)
  86 N   0.06818 0.88268 0.02438 0.02476 ( 2)
  87 -   0.57503 0.36786 0.03483 0.02228 ( 1)
  88 P   0.94645 0.05310 0.00040 0.00005 ( 1)
  89 V   0.00002 0.40613 0.06309 0.53076 ( 4)
  90 Q   0.98722 0.01238 0.00039 0.00001 ( 1)
  91 G   0.98072 0.01912 0.00015 0.00001 ( 1)
  92 P   0.57503 0.36786 0.03483 0.02228 ( 1)
  93 V   0.00688 0.92769 0.00460 0.06084 ( 2)
  94 R   0.00002 0.44953 0.01066 0.53979 ( 4)
  95 E   0.00001 0.98185 0.00000 0.01813 ( 2)
  96 G   0.15605 0.84343 0.00004 0.00048 ( 2)
  97 T   0.00000 0.00471 0.86209 0.13319 ( 3)
  98 P   0.43786 0.56118 0.00022 0.00074 ( 2)
  99 T   0.02482 0.72482 0.21096 0.03939 ( 2)
 100 K   0.00013 0.95819 0.00077 0.04092 ( 2)
 101 -   0.28818 0.65471 0.01745 0.03966 ( 2)
 102 I   0.99752 0.00201 0.00047 0.00000 ( 1)
 103 S   0.01138 0.98622 0.00015 0.00224 ( 2)
 104 L   0.88306 0.11632 0.00046 0.00015 ( 1)
 105 A   0.56997 0.42949 0.00012 0.00042 ( 1)
 106 N   0.00062 0.02119 0.93082 0.04737 ( 3)
 107 Y   0.00139 0.94150 0.00008 0.05703 ( 2)
 108 Y   0.95911 0.04061 0.00024 0.00003 ( 1)
 109 I   0.49826 0.50096 0.00028 0.00050 ( 2)
 110 Y   0.99467 0.00483 0.00050 0.00001 ( 1)
 111 K   0.96382 0.03528 0.00082 0.00008 ( 1)
 112 L   0.98165 0.01775 0.00058 0.00002 ( 1)
 113 F   0.85625 0.14334 0.00024 0.00018 ( 1)
 114 M   0.25343 0.74633 0.00003 0.00021 ( 2)
 115 S   0.83732 0.16133 0.00096 0.00038 ( 1)
 116 Q   0.98722 0.01238 0.00039 0.00001 ( 1)
 117 Y   0.87863 0.07681 0.04397 0.00060 ( 1)
 118 R   0.00121 0.90458 0.01625 0.07795 ( 2)
 119 H   0.00171 0.75278 0.08169 0.16382 ( 2)
 120 P   0.99314 0.00650 0.00035 0.00001 ( 1)
 121 N   0.99519 0.00254 0.00226 0.00001 ( 1)
 122 D   0.00004 0.99428 0.00008 0.00560 ( 2)
 123 C   0.99175 0.00810 0.00015 0.00000 ( 1)
 124 L   0.00000 0.99859 0.00000 0.00141 ( 2)
 125 P   0.03775 0.94108 0.00418 0.01699 ( 2)
 126 I   0.99752 0.00201 0.00047 0.00000 ( 1)
 127 S   0.02627 0.92740 0.02944 0.01689 ( 2)
 128 G   0.98615 0.01371 0.00014 0.00000 ( 1)
 129 I   0.87596 0.12317 0.00060 0.00028 ( 1)
 130 N   0.00788 0.99006 0.00001 0.00205 ( 2)
 131 E   0.04613 0.93538 0.00307 0.01541 ( 2)
 132 M   0.90047 0.09944 0.00008 0.00002 ( 1)
 133 S   0.03542 0.93339 0.00847 0.02271 ( 2)
 134 F   0.99639 0.00336 0.00025 0.00000 ( 1)
 135 Y   0.99467 0.00483 0.00050 0.00001 ( 1)
 136 R   0.58906 0.40879 0.00078 0.00138 ( 1)
 137 S   0.99819 0.00170 0.00011 0.00000 ( 1)
 138 D   0.95577 0.04347 0.00071 0.00005 ( 1)
 139 Y   0.99467 0.00483 0.00050 0.00001 ( 1)
 140 Y   0.40262 0.56292 0.02699 0.00746 ( 2)
 141 G   0.98739 0.01250 0.00011 0.00000 ( 1)
 142 A   0.57503 0.36786 0.03483 0.02228 ( 1)
 143 G   0.00128 0.95048 0.00319 0.04505 ( 2)
 144 G   0.00001 0.39289 0.00162 0.60548 ( 4)
 145 P   0.00487 0.99240 0.00001 0.00272 ( 2)
 146 A   0.05225 0.94525 0.00006 0.00244 ( 2)
 147 P   0.48436 0.51272 0.00075 0.00217 ( 2)
 148 V   0.03597 0.96077 0.00005 0.00321 ( 2)
 149 H   0.00025 0.98692 0.00000 0.01283 ( 2)
 150 Y   0.99467 0.00483 0.00050 0.00001 ( 1)
 151 S   0.00008 0.99620 0.00000 0.00371 ( 2)
 152 A   0.88482 0.11248 0.00222 0.00048 ( 1)
 153 G   0.04102 0.95061 0.00206 0.00632 ( 2)
 154 E   0.00292 0.97331 0.00056 0.02321 ( 2)
 155 S   0.00001 0.83743 0.00005 0.16251 ( 2)
 156 P   0.00000 0.03138 0.01369 0.95493 ( 4)
 157 T   0.00000 0.04835 0.18628 0.76537 ( 4)
 158 N   0.54364 0.45323 0.00118 0.00195 ( 1)
 159 V   0.00037 0.75080 0.01054 0.23830 ( 2)
 160 -   0.57503 0.36786 0.03483 0.02228 ( 1)
 161 I   0.99752 0.00201 0.00047 0.00000 ( 1)
 162 K   0.00943 0.98402 0.00008 0.00647 ( 2)
 163 T   0.90124 0.09629 0.00209 0.00038 ( 1)
 164 Y   0.90740 0.09191 0.00049 0.00020 ( 1)
 165 M   0.99064 0.00930 0.00007 0.00000 ( 1)
 166 N   0.99812 0.00139 0.00048 0.00000 ( 1)
 167 G   0.95831 0.04154 0.00014 0.00001 ( 1)
 168 P   0.99517 0.00447 0.00035 0.00000 ( 1)
 169 Q   0.98722 0.01238 0.00039 0.00001 ( 1)
 170 N   0.74685 0.25234 0.00036 0.00044 ( 1)
 171 A   0.99604 0.00369 0.00026 0.00000 ( 1)
 172 L   0.25828 0.71155 0.02176 0.00841 ( 2)
 173 I   0.00175 0.99286 0.00011 0.00528 ( 2)
 174 S   0.98676 0.01240 0.00082 0.00002 ( 1)
 175 N   0.99812 0.00139 0.00048 0.00000 ( 1)
 176 D   0.98008 0.01940 0.00048 0.00004 ( 1)
 177 I   0.99687 0.00268 0.00045 0.00000 ( 1)
 178 S   0.92783 0.06792 0.00388 0.00036 ( 1)
 179 I   0.99687 0.00268 0.00045 0.00000 ( 1)
 180 N   0.06678 0.93045 0.00088 0.00190 ( 2)
 181 E   0.02701 0.96777 0.00081 0.00441 ( 2)
 182 T   0.99626 0.00303 0.00070 0.00001 ( 1)
 183 S   0.00167 0.99507 0.00000 0.00325 ( 2)
 184 H   0.99768 0.00210 0.00022 0.00000 ( 1)
 185 I   0.99752 0.00201 0.00047 0.00000 ( 1)
 186 L   0.97509 0.02437 0.00052 0.00002 ( 1)
 187 S   0.99504 0.00451 0.00045 0.00001 ( 1)
 188 D   0.99829 0.00154 0.00018 0.00000 ( 1)
 189 I   0.99687 0.00268 0.00045 0.00000 ( 1)
 190 K   0.99686 0.00256 0.00058 0.00000 ( 1)
 191 M   0.99064 0.00930 0.00007 0.00000 ( 1)
 192 N   0.00000 0.97847 0.00000 0.02153 ( 2)
 193 Y   0.87907 0.11666 0.00367 0.00061 ( 1)
 194 S   0.04578 0.95257 0.00003 0.00162 ( 2)
 195 R   0.11553 0.82890 0.03151 0.02406 ( 2)
 196 T   0.54357 0.45490 0.00050 0.00103 ( 1)
 197 G   0.85184 0.14291 0.00438 0.00087 ( 1)
 198 G   0.97110 0.02400 0.00474 0.00016 ( 1)
 199 V   0.00035 0.89592 0.00159 0.10215 ( 2)
 200 Y   0.87458 0.12114 0.00365 0.00063 ( 1)
 201 P   0.88086 0.11872 0.00031 0.00011 ( 1)
 202 L   0.00008 0.99463 0.00000 0.00529 ( 2)
 203 Y   0.93151 0.06776 0.00065 0.00009 ( 1)
 204 D   0.00000 0.88962 0.00031 0.11006 ( 2)
 205 F   0.96700 0.03273 0.00024 0.00002 ( 1)
 206 G   0.98615 0.01371 0.00014 0.00000 ( 1)
 207 Y   0.99467 0.00483 0.00050 0.00001 ( 1)
 208 S   0.98676 0.01240 0.00082 0.00002 ( 1)
 209 F   0.99745 0.00229 0.00025 0.00000 ( 1)
 210 A   0.98974 0.01001 0.00024 0.00001 ( 1)
 211 W   0.79683 0.19655 0.00515 0.00147 ( 1)
 212 T   0.99581 0.00348 0.00070 0.00001 ( 1)
 213 H   0.66654 0.33309 0.00015 0.00022 ( 1)
 214 T   0.99599 0.00337 0.00063 0.00001 ( 1)
 215 S   0.99155 0.00833 0.00012 0.00000 ( 1)
 216 -   0.57503 0.36786 0.03483 0.02228 ( 1)
 217 -   0.57503 0.36786 0.03483 0.02228 ( 1)


lnL = -2848.039168

