Supplemental results for CODEML (seqf: algn  treef: tree)


dN/dS (w) for site classes (K=4)

site class             0        1       2a       2b
proportion       0.51340  0.42221  0.03533  0.02906
background w     0.08209  1.00000  0.08209  1.00000
foreground w     0.08209  1.00000  1.00000  1.00000

Naive Empirical Bayes (NEB) probabilities for 4 classes
(amino acids refer to 1st sequence: BT_Cry30Aa1)

   1 -   0.91518 0.02042 0.06299 0.00141 ( 1)
   2 G   0.91443 0.03014 0.05336 0.00207 ( 1)
   3 L   0.01802 0.75866 0.17111 0.05221 ( 2)
   4 V   0.00463 0.92847 0.00299 0.06390 ( 2)
   5 L   0.52656 0.11756 0.34779 0.00809 ( 1)
   6 K   0.00000 0.93561 0.00000 0.06439 ( 2)
   7 S   0.03783 0.59687 0.32423 0.04108 ( 2)
   8 F   0.94502 0.00507 0.04956 0.00035 ( 1)
   9 S   0.17346 0.66290 0.11802 0.04562 ( 2)
  10 T   0.04489 0.86507 0.03050 0.05954 ( 2)
  11 I   0.91398 0.03913 0.04419 0.00269 ( 1)
  12 I   0.87702 0.07539 0.04240 0.00519 ( 1)
  13 P   0.92214 0.02323 0.05303 0.00160 ( 1)
  14 I   0.00386 0.92956 0.00260 0.06398 ( 2)
  15 L   0.93254 0.01435 0.05212 0.00099 ( 1)
  16 W   0.74492 0.19339 0.04838 0.01331 ( 1)
  17 P   0.93598 0.01149 0.05174 0.00079 ( 1)
  18 N   0.00070 0.92902 0.00634 0.06394 ( 2)
  19 D   0.05392 0.88229 0.00306 0.06072 ( 2)
  20 K   0.00086 0.93432 0.00051 0.06431 ( 2)
  21 T   0.53006 0.41356 0.02792 0.02846 ( 1)
  22 P   0.01095 0.92483 0.00057 0.06365 ( 2)
  23 I   0.60805 0.01880 0.37185 0.00129 ( 1)
  24 W   0.74492 0.19339 0.04838 0.01331 ( 1)
  25 K   0.00595 0.92972 0.00034 0.06399 ( 2)
  26 E   0.79607 0.15421 0.03911 0.01061 ( 1)
  27 F   0.92432 0.02546 0.04848 0.00175 ( 1)
  28 T   0.91282 0.03908 0.04542 0.00269 ( 1)
  29 K   0.13804 0.79966 0.00726 0.05504 ( 2)
  30 Q   0.13477 0.80324 0.00671 0.05528 ( 2)
  31 G   0.91501 0.02430 0.05902 0.00167 ( 1)
  32 L   0.87967 0.06643 0.04933 0.00457 ( 1)
  33 Q   0.01976 0.90351 0.01455 0.06218 ( 2)
  34 L   0.93254 0.01435 0.05212 0.00099 ( 1)
  35 F   0.86857 0.08096 0.04490 0.00557 ( 1)
  36 R   0.95041 0.00212 0.04732 0.00015 ( 1)
  37 P   0.86351 0.08304 0.04773 0.00571 ( 1)
  38 E   0.94018 0.00715 0.05218 0.00049 ( 1)
  39 L   0.92021 0.02546 0.05257 0.00175 ( 1)
  40 G   0.16247 0.77604 0.00808 0.05341 ( 2)
  41 R   0.00075 0.93487 0.00004 0.06434 ( 2)
  42 D   0.01305 0.92037 0.00323 0.06334 ( 2)
  43 A   0.90261 0.04965 0.04432 0.00342 ( 1)
  44 I   0.95152 0.00231 0.04601 0.00016 ( 1)
  45 E   0.95093 0.00222 0.04670 0.00015 ( 1)
  46 I   0.94464 0.00612 0.04883 0.00042 ( 1)
  47 I   0.91518 0.03796 0.04425 0.00261 ( 1)
  48 G   0.00688 0.92884 0.00035 0.06393 ( 2)
  49 N   0.01766 0.90683 0.01310 0.06241 ( 2)
  50 D   0.01101 0.92468 0.00067 0.06364 ( 2)
  51 V   0.76865 0.17027 0.04936 0.01172 ( 1)
  52 Q   0.16821 0.77072 0.00803 0.05304 ( 2)
  53 A   0.00008 0.93552 0.00000 0.06439 ( 2)
  54 E   0.00004 0.93557 0.00000 0.06439 ( 2)
  55 Y   0.30494 0.63216 0.01939 0.04351 ( 2)
  56 N   0.95301 0.00155 0.04533 0.00011 ( 1)
  57 S   0.09711 0.84006 0.00502 0.05782 ( 2)
  58 L   0.92816 0.01852 0.05205 0.00127 ( 1)
  59 E   0.27826 0.66229 0.01387 0.04558 ( 2)
  60 I   0.00003 0.93558 0.00000 0.06439 ( 2)
  61 M   0.00000 0.93560 0.00000 0.06439 ( 2)
  62 M   0.72937 0.21494 0.04089 0.01479 ( 1)
  63 R   0.00000 0.93560 0.00000 0.06439 ( 2)
  64 D   0.73381 0.21635 0.03496 0.01489 ( 1)
  65 F   0.94502 0.00507 0.04956 0.00035 ( 1)
  66 E   0.90471 0.03809 0.05458 0.00262 ( 1)
  67 N   0.00000 0.93561 0.00000 0.06439 ( 2)
  68 K   0.00013 0.93547 0.00001 0.06438 ( 2)
  69 F   0.94502 0.00507 0.04956 0.00035 ( 1)
  70 A   0.42588 0.51657 0.02201 0.03555 ( 2)
  71 N   0.00002 0.93558 0.00000 0.06439 ( 2)
  72 W   0.74492 0.19339 0.04838 0.01331 ( 1)
  73 E   0.00008 0.93547 0.00006 0.06438 ( 2)
  74 S   0.00000 0.93561 0.00000 0.06439 ( 2)
  75 N   0.00030 0.93531 0.00001 0.06437 ( 2)
  76 R   0.93048 0.02350 0.04440 0.00162 ( 1)
  77 T   0.07743 0.85971 0.00369 0.05917 ( 2)
  78 R   0.00035 0.93526 0.00002 0.06437 ( 2)
  79 A   0.32014 0.61979 0.01741 0.04266 ( 2)
  80 N   0.10351 0.83366 0.00546 0.05738 ( 2)
  81 A   0.90781 0.04399 0.04517 0.00303 ( 1)
  82 I   0.00007 0.93553 0.00000 0.06439 ( 2)
  83 A   0.00030 0.93531 0.00001 0.06437 ( 2)
  84 V   0.01211 0.92371 0.00061 0.06357 ( 2)
  85 T   0.00246 0.93318 0.00014 0.06423 ( 2)
  86 T   0.00006 0.93555 0.00000 0.06439 ( 2)
  87 A   0.00126 0.93437 0.00006 0.06431 ( 2)
  88 F   0.88752 0.06169 0.04655 0.00425 ( 1)
  89 S   0.00000 0.93561 0.00000 0.06439 ( 2)
  90 T   0.00000 0.93561 0.00000 0.06439 ( 2)
  91 V   0.87426 0.07536 0.04519 0.00519 ( 1)
  92 N   0.00007 0.93553 0.00000 0.06439 ( 2)
  93 T   0.00034 0.93527 0.00002 0.06437 ( 2)
  94 Q   0.00009 0.93551 0.00001 0.06439 ( 2)
  95 I   0.86476 0.08471 0.04470 0.00583 ( 1)
  96 I   0.93239 0.02108 0.04508 0.00145 ( 1)
  97 R   0.00000 0.93561 0.00000 0.06439 ( 2)
  98 L   0.92995 0.01691 0.05198 0.00116 ( 1)
  99 K   0.92713 0.02678 0.04424 0.00184 ( 1)
 100 E   0.00101 0.93461 0.00006 0.06432 ( 2)
 101 R   0.00060 0.93502 0.00003 0.06435 ( 2)
 102 F   0.13818 0.79907 0.00775 0.05500 ( 2)
 103 L   0.00082 0.93480 0.00004 0.06434 ( 2)
 104 I   0.92381 0.02758 0.04671 0.00190 ( 1)
 105 A   0.00080 0.93482 0.00004 0.06434 ( 2)
 106 P   0.00059 0.93503 0.00003 0.06435 ( 2)
 107 E   0.00017 0.93544 0.00001 0.06438 ( 2)
 108 N   0.95301 0.00155 0.04533 0.00011 ( 1)
 109 R   0.56971 0.37715 0.02719 0.02596 ( 1)
 110 P   0.85937 0.08533 0.04942 0.00587 ( 1)
 111 A   0.94645 0.00434 0.04890 0.00030 ( 1)
 112 F   0.43165 0.50905 0.02427 0.03504 ( 2)
 113 L   0.58768 0.35046 0.03774 0.02412 ( 1)
 114 N   0.69168 0.25560 0.03513 0.01759 ( 1)
 115 L   0.79642 0.14262 0.05114 0.00982 ( 1)
 116 Y   0.93807 0.01020 0.05103 0.00070 ( 1)
 117 A   0.94660 0.00420 0.04891 0.00029 ( 1)
 118 Q   0.93882 0.00935 0.05119 0.00064 ( 1)
 119 T   0.94256 0.00729 0.04965 0.00050 ( 1)
 120 A   0.91661 0.03370 0.04736 0.00232 ( 1)
 121 N   0.95301 0.00155 0.04533 0.00011 ( 1)
 122 I   0.87300 0.07660 0.04513 0.00527 ( 1)
 123 D   0.95115 0.00199 0.04672 0.00014 ( 1)
 124 L   0.87967 0.06643 0.04933 0.00457 ( 1)
 125 I   0.94953 0.00427 0.04591 0.00029 ( 1)
 126 L   0.92909 0.01759 0.05210 0.00121 ( 1)
 127 Y   0.72007 0.22098 0.04374 0.01521 ( 1)
 128 Q   0.93882 0.00935 0.05119 0.00064 ( 1)
 129 R   0.95041 0.00212 0.04732 0.00015 ( 1)
 130 G   0.80573 0.13716 0.04767 0.00944 ( 1)
 131 S   0.04346 0.89255 0.00256 0.06143 ( 2)
 132 V   0.01062 0.92520 0.00051 0.06368 ( 2)
 133 Y   0.83612 0.11077 0.04548 0.00762 ( 1)
 134 G   0.84850 0.09827 0.04647 0.00676 ( 1)
 135 D   0.95115 0.00199 0.04672 0.00014 ( 1)
 136 K   0.11482 0.82290 0.00564 0.05664 ( 2)
 137 W   0.74492 0.19339 0.04838 0.01331 ( 1)
 138 V   0.00248 0.93317 0.00013 0.06423 ( 2)
 139 A   0.00278 0.93286 0.00015 0.06420 ( 2)
 140 D   0.31817 0.61900 0.02023 0.04260 ( 2)
 141 I   0.61520 0.32872 0.03346 0.02262 ( 1)
 142 N   0.29742 0.63889 0.01973 0.04397 ( 2)
 143 N   0.00407 0.93161 0.00019 0.06412 ( 2)
 144 R   0.22965 0.70596 0.01581 0.04859 ( 2)
 145 S   0.09072 0.84610 0.00495 0.05823 ( 2)
 146 T   0.02854 0.90718 0.00185 0.06244 ( 2)
 147 S   0.34646 0.59578 0.01675 0.04100 ( 2)
 148 P   0.85682 0.08786 0.04928 0.00605 ( 1)
 149 F   0.88034 0.06876 0.04617 0.00473 ( 1)
 150 -   0.00020 0.93541 0.00001 0.06438 ( 2)
 151 S   0.18291 0.75371 0.01150 0.05187 ( 2)
 152 S   0.91527 0.03013 0.05252 0.00207 ( 1)
 153 K   0.00780 0.92357 0.00506 0.06357 ( 2)
 154 D   0.04101 0.89536 0.00201 0.06162 ( 2)
 155 Y   0.83207 0.11477 0.04526 0.00790 ( 1)
 156 Y   0.93807 0.01020 0.05103 0.00070 ( 1)
 157 Q   0.00000 0.93561 0.00000 0.06439 ( 2)
 158 S   0.21839 0.71956 0.01253 0.04952 ( 2)
 159 L   0.92909 0.01759 0.05210 0.00121 ( 1)
 160 K   0.01038 0.91987 0.00644 0.06331 ( 2)
 161 G   0.00000 0.93560 0.00000 0.06439 ( 2)
 162 K   0.95252 0.00190 0.04545 0.00013 ( 1)
 163 I   0.95152 0.00231 0.04601 0.00016 ( 1)
 164 K   0.03309 0.89226 0.01323 0.06141 ( 2)
 165 D   0.00002 0.93557 0.00002 0.06439 ( 2)
 166 Y   0.93807 0.01020 0.05103 0.00070 ( 1)
 167 T   0.94343 0.00643 0.04970 0.00044 ( 1)
 168 N   0.95301 0.00155 0.04533 0.00011 ( 1)
 169 Y   0.86919 0.08244 0.04270 0.00567 ( 1)
 170 C   0.23859 0.70084 0.01233 0.04824 ( 2)
 171 A   0.94660 0.00420 0.04891 0.00029 ( 1)
 172 E   0.63617 0.30985 0.03266 0.02133 ( 1)
 173 T   0.94970 0.00285 0.04725 0.00020 ( 1)
 174 Y   0.93807 0.01020 0.05103 0.00070 ( 1)
 175 R   0.95041 0.00212 0.04732 0.00015 ( 1)
 176 N   0.92868 0.01745 0.05266 0.00120 ( 1)
 177 S   0.89050 0.05627 0.04935 0.00387 ( 1)
 178 L   0.92909 0.01759 0.05210 0.00121 ( 1)
 179 T   0.55375 0.39287 0.02634 0.02704 ( 1)
 180 I   0.91814 0.03505 0.04439 0.00241 ( 1)
 181 L   0.29121 0.64632 0.01799 0.04448 ( 2)
 182 K   0.95252 0.00190 0.04545 0.00013 ( 1)
 183 N   0.94751 0.00694 0.04507 0.00048 ( 1)
 184 K   0.13466 0.73133 0.08368 0.05033 ( 2)
 185 P   0.01236 0.92340 0.00068 0.06355 ( 2)
 186 H   0.00394 0.93102 0.00096 0.06408 ( 2)
 187 I   0.85659 0.08468 0.05290 0.00583 ( 1)
 188 Q   0.07854 0.85790 0.00451 0.05905 ( 2)
 189 W   0.74492 0.19339 0.04838 0.01331 ( 1)
 190 D   0.12545 0.81247 0.00616 0.05592 ( 2)
 191 I   0.00024 0.93531 0.00008 0.06437 ( 2)
 192 Y   0.73820 0.20299 0.04484 0.01397 ( 1)
 193 N   0.95301 0.00155 0.04533 0.00011 ( 1)
 194 R   0.00000 0.93560 0.00000 0.06439 ( 2)
 195 Y   0.93807 0.01020 0.05103 0.00070 ( 1)
 196 R   0.90567 0.03813 0.05358 0.00262 ( 1)
 197 R   0.95041 0.00212 0.04732 0.00015 ( 1)
 198 E   0.08311 0.85316 0.00501 0.05872 ( 2)
 199 A   0.00713 0.92858 0.00038 0.06391 ( 2)
 200 I   0.34386 0.40455 0.22375 0.02784 ( 2)
 201 L   0.92366 0.02206 0.05277 0.00152 ( 1)
 202 G   0.75096 0.19051 0.04541 0.01311 ( 1)
 203 A   0.94660 0.00420 0.04891 0.00029 ( 1)
 204 L   0.92909 0.01759 0.05210 0.00121 ( 1)
 205 D   0.95115 0.00199 0.04672 0.00014 ( 1)
 206 L   0.92909 0.01759 0.05210 0.00121 ( 1)
 207 V   0.84968 0.09819 0.04537 0.00676 ( 1)
 208 A   0.94082 0.00466 0.05420 0.00032 ( 1)
 209 L   0.92577 0.02088 0.05192 0.00144 ( 1)
 210 F   0.88397 0.05832 0.05370 0.00401 ( 1)
 211 P   0.79751 0.14821 0.04409 0.01020 ( 1)
 212 N   0.95301 0.00155 0.04533 0.00011 ( 1)


lnL = -3217.296566

