Supplemental results for CODEML (seqf: algn  treef: tree)


dN/dS (w) for site classes (K=4)

site class             0        1       2a       2b
proportion       0.49545  0.46969  0.01789  0.01696
background w     0.14455  1.00000  0.14455  1.00000
foreground w     0.14455  1.00000 31.28691 31.28691

Naive Empirical Bayes (NEB) probabilities for 4 classes
(amino acids refer to 1st sequence: BT_Cry40Aa1)

   1 S   0.32821 0.63693 0.01185 0.02300 ( 2)
   2 -   0.20219 0.76295 0.00730 0.02756 ( 2)
   3 L   0.02719 0.94022 0.00116 0.03144 ( 2)
   4 G   0.01097 0.98566 0.00003 0.00334 ( 2)
   5 G   0.00187 0.71924 0.00236 0.27653 ( 2)
   6 I   0.95577 0.04182 0.00225 0.00017 ( 1)
   7 N   0.01241 0.98013 0.00006 0.00740 ( 2)
   8 T   0.00067 0.95155 0.00023 0.04754 ( 2)
   9 L   0.07861 0.91404 0.00136 0.00599 ( 2)
  10 F   0.01510 0.98040 0.00003 0.00447 ( 2)
  11 S   0.00049 0.98655 0.00001 0.01295 ( 2)
  12 I   0.66071 0.33754 0.00101 0.00074 ( 1)
  13 I   0.95461 0.04251 0.00256 0.00032 ( 1)
  14 G   0.00000 0.96081 0.00000 0.03919 ( 2)
  15 K   0.20651 0.78897 0.00187 0.00264 ( 2)
  16 L   0.25231 0.74205 0.00183 0.00381 ( 2)
  17 I   0.02131 0.28124 0.61114 0.08630 ( 3)
  18 -   0.02249 0.68857 0.15136 0.13758 ( 2)
  19 P   0.64413 0.34828 0.00406 0.00353 ( 1)
  20 T   0.51245 0.48583 0.00070 0.00102 ( 1)
  21 N   0.03468 0.95829 0.00015 0.00689 ( 2)
  22 H   0.89370 0.10450 0.00155 0.00025 ( 1)
  23 Q   0.00036 0.87976 0.00402 0.11585 ( 2)
  24 S   0.44668 0.55101 0.00082 0.00149 ( 2)
  25 V   0.62192 0.37458 0.00179 0.00171 ( 1)
  26 S   0.27563 0.72105 0.00079 0.00254 ( 2)
  27 A   0.00785 0.93470 0.00400 0.05345 ( 2)
  28 L   0.98105 0.01544 0.00345 0.00006 ( 1)
  29 S   0.99662 0.00165 0.00172 0.00000 ( 1)
  30 I   0.99187 0.00530 0.00280 0.00003 ( 1)
  31 C   0.99712 0.00160 0.00128 0.00000 ( 1)
  32 D   0.99683 0.00108 0.00209 0.00000 ( 1)
  33 L   0.99004 0.00732 0.00261 0.00003 ( 1)
  34 L   0.92426 0.07145 0.00395 0.00035 ( 1)
  35 S   0.98437 0.01379 0.00179 0.00005 ( 1)
  36 I   0.99690 0.00067 0.00243 0.00000 ( 1)
  37 I   0.99706 0.00059 0.00234 0.00000 ( 1)
  38 R   0.88095 0.11630 0.00222 0.00053 ( 1)
  39 K   0.41954 0.57391 0.00214 0.00441 ( 2)
  40 E   0.42029 0.57356 0.00252 0.00364 ( 2)
  41 V   0.98650 0.01062 0.00284 0.00005 ( 1)
  42 A   0.05556 0.94033 0.00013 0.00399 ( 2)
  43 D   0.15872 0.83801 0.00048 0.00279 ( 2)
  44 S   0.99294 0.00593 0.00112 0.00001 ( 1)
  45 V   0.93487 0.06244 0.00243 0.00027 ( 1)
  46 L   0.98862 0.00818 0.00316 0.00004 ( 1)
  47 S   0.08385 0.89892 0.00096 0.01627 ( 2)
  48 D   0.11829 0.87941 0.00025 0.00204 ( 2)
  49 A   0.06642 0.93035 0.00020 0.00304 ( 2)
  50 I   0.00725 0.98454 0.00014 0.00807 ( 2)
  51 C   0.08666 0.90784 0.00043 0.00506 ( 2)
  52 R   0.94373 0.05414 0.00193 0.00020 ( 1)
  53 F   0.99765 0.00033 0.00202 0.00000 ( 1)
  54 L   0.49545 0.46969 0.01789 0.01696 ( 1)
  55 D   0.14761 0.85017 0.00030 0.00192 ( 2)
  56 G   0.99696 0.00159 0.00144 0.00000 ( 1)
  57 K   0.00484 0.95467 0.00015 0.04034 ( 2)
  58 L   0.02615 0.95766 0.00136 0.01483 ( 2)
  59 K   0.00014 0.96048 0.00001 0.03937 ( 2)
  60 N   0.01111 0.97082 0.00022 0.01785 ( 2)
  61 Y   0.96320 0.03305 0.00358 0.00017 ( 1)
  62 R   0.00003 0.81339 0.00041 0.18617 ( 2)
  63 E   0.00000 0.16406 0.00021 0.83573 ( 4)
  64 Y   0.94028 0.02486 0.03396 0.00090 ( 1)
  65 Y   0.99640 0.00141 0.00219 0.00000 ( 1)
  66 L   0.97878 0.01129 0.00981 0.00012 ( 1)
  67 P   0.00000 0.95714 0.00000 0.04286 ( 2)
  68 Y   0.53948 0.45801 0.00109 0.00142 ( 1)
  69 L   0.98001 0.00930 0.01060 0.00008 ( 1)
  70 E   0.00001 0.94217 0.00001 0.05781 ( 2)
  71 A   0.00000 0.91114 0.00000 0.08886 ( 2)
  72 W   0.93380 0.06280 0.00317 0.00023 ( 1)
  73 L   0.81877 0.17847 0.00225 0.00050 ( 1)
  74 K   0.00062 0.99349 0.00000 0.00589 ( 2)
  75 D   0.00698 0.98887 0.00002 0.00413 ( 2)
  76 G   0.00433 0.98136 0.00006 0.01425 ( 2)
  77 K   0.00717 0.95797 0.00026 0.03460 ( 2)
  78 P   0.87389 0.09125 0.03156 0.00330 ( 1)
  79 L   0.13941 0.82573 0.00504 0.02982 ( 2)
  80 Q   0.06196 0.90318 0.00224 0.03262 ( 2)
  81 K   0.03572 0.92942 0.00129 0.03357 ( 2)
  82 T   0.57608 0.38906 0.02081 0.01405 ( 1)
  83 N   0.89697 0.10087 0.00179 0.00037 ( 1)
  84 N   0.00144 0.99644 0.00000 0.00211 ( 2)
  85 S   0.00000 0.97924 0.00000 0.02076 ( 2)
  86 D   0.00000 0.98727 0.00000 0.01273 ( 2)
  87 I   0.39910 0.59804 0.00090 0.00195 ( 2)
  88 G   0.00000 0.99608 0.00000 0.00392 ( 2)
  89 Q   0.04787 0.94692 0.00016 0.00505 ( 2)
  90 L   0.20246 0.77925 0.00677 0.01151 ( 2)
  91 V   0.12193 0.87679 0.00013 0.00115 ( 2)
  92 K   0.00004 0.99697 0.00000 0.00299 ( 2)
  93 Y   0.06080 0.92417 0.00097 0.01406 ( 2)
  94 F   0.98840 0.00947 0.00209 0.00003 ( 1)
  95 E   0.02878 0.96886 0.00005 0.00231 ( 2)
  96 L   0.00000 0.98430 0.00000 0.01570 ( 2)
  97 S   0.01423 0.97666 0.00015 0.00895 ( 2)
  98 E   0.95061 0.04614 0.00295 0.00030 ( 1)
  99 R   0.00013 0.98970 0.00001 0.01016 ( 2)
 100 D   0.00125 0.99000 0.00000 0.00874 ( 2)
 101 F   0.97595 0.01826 0.00560 0.00019 ( 1)
 102 N   0.37675 0.53266 0.07381 0.01678 ( 2)
 103 E   0.00089 0.90798 0.00011 0.09102 ( 2)
 104 I   0.91546 0.08178 0.00240 0.00035 ( 1)
 105 L   0.91650 0.08072 0.00250 0.00029 ( 1)
 106 -   0.76730 0.22600 0.00481 0.00189 ( 1)
 107 -   0.21285 0.77615 0.00229 0.00870 ( 2)
 108 -   0.68412 0.30413 0.00727 0.00448 ( 1)
 109 -   0.80512 0.19289 0.00145 0.00054 ( 1)
 110 -   0.72396 0.26739 0.00589 0.00275 ( 1)
 111 -   0.69445 0.29900 0.00410 0.00245 ( 1)
 112 -   0.37543 0.55520 0.05413 0.01524 ( 2)
 113 G   0.00997 0.98732 0.00002 0.00269 ( 2)
 114 G   0.98028 0.01805 0.00163 0.00005 ( 1)
 115 S   0.56058 0.43649 0.00150 0.00143 ( 1)
 116 L   0.98943 0.00794 0.00261 0.00003 ( 1)
 117 A   0.37916 0.60933 0.00429 0.00723 ( 2)
 118 R   0.89190 0.10673 0.00118 0.00019 ( 1)
 119 N   0.00005 0.99705 0.00000 0.00290 ( 2)
 120 N   0.54070 0.37166 0.08012 0.00751 ( 1)
 121 A   0.98575 0.01232 0.00189 0.00004 ( 1)
 122 Q   0.78001 0.21830 0.00126 0.00043 ( 1)
 123 I   0.98994 0.00761 0.00242 0.00003 ( 1)
 124 L   0.98614 0.01122 0.00260 0.00004 ( 1)
 125 L   0.97368 0.00840 0.01774 0.00017 ( 1)
 126 L   0.97791 0.01735 0.00464 0.00011 ( 1)
 127 P   0.99554 0.00337 0.00109 0.00000 ( 1)
 128 Y   0.45976 0.53787 0.00088 0.00149 ( 2)
 129 F   0.75038 0.24700 0.00168 0.00093 ( 1)
 130 C   0.00035 0.95380 0.00010 0.04575 ( 2)
 131 A   0.01847 0.97606 0.00005 0.00543 ( 2)
 132 S   0.64670 0.35116 0.00118 0.00095 ( 1)
 133 C   0.90393 0.09391 0.00188 0.00028 ( 1)
 134 K   0.83282 0.16436 0.00211 0.00070 ( 1)
 135 C   0.00051 0.97290 0.00005 0.02653 ( 2)
 136 Q   0.98615 0.01270 0.00113 0.00002 ( 1)
 137 L   0.99004 0.00732 0.00261 0.00003 ( 1)
 138 L   0.93561 0.01830 0.04545 0.00065 ( 1)
 139 L   0.65248 0.09011 0.25253 0.00488 ( 1)
 140 L   0.98842 0.00816 0.00339 0.00004 ( 1)
 141 R   0.97797 0.02029 0.00170 0.00004 ( 1)
 142 D   0.99761 0.00033 0.00205 0.00000 ( 1)
 143 A   0.73781 0.26008 0.00139 0.00072 ( 1)
 144 V   0.30596 0.65414 0.02880 0.01109 ( 2)
 145 Q   0.03931 0.95390 0.00013 0.00666 ( 2)
 146 Y   0.99640 0.00141 0.00219 0.00000 ( 1)
 147 E   0.56890 0.42793 0.00145 0.00172 ( 1)
 148 E   0.00001 0.95206 0.00001 0.04792 ( 2)
 149 Q   0.00024 0.82836 0.00121 0.17019 ( 2)
 150 W   0.93380 0.06280 0.00317 0.00023 ( 1)
 151 F   0.01436 0.98226 0.00004 0.00334 ( 2)
 152 P   0.00025 0.99314 0.00000 0.00660 ( 2)
 153 F   0.00121 0.99287 0.00000 0.00592 ( 2)
 154 L   0.00040 0.90637 0.00003 0.09320 ( 2)
 155 S   0.02036 0.94478 0.00074 0.03412 ( 2)
 156 A   0.01463 0.95052 0.00053 0.03433 ( 2)
 157 E   0.17863 0.78651 0.00645 0.02841 ( 2)
 158 N   0.15358 0.81156 0.00555 0.02931 ( 2)
 159 V   0.28919 0.67595 0.01044 0.02441 ( 2)
 160 R   0.28777 0.67737 0.01039 0.02447 ( 2)
 161 S   0.77458 0.19056 0.02798 0.00688 ( 1)
 162 E   0.80275 0.16239 0.02899 0.00587 ( 1)
 163 L   0.85071 0.11443 0.03073 0.00413 ( 1)
 164 I   0.84157 0.13352 0.02153 0.00339 ( 1)
 165 S   0.92395 0.07380 0.00202 0.00024 ( 1)
 166 P   0.99345 0.00546 0.00109 0.00001 ( 1)
 167 N   0.53315 0.43199 0.01926 0.01560 ( 1)
 168 S   0.58911 0.37603 0.02128 0.01358 ( 1)
 169 G   0.57832 0.38682 0.02089 0.01397 ( 1)
 170 C   0.57553 0.38961 0.02079 0.01407 ( 1)
 171 D   0.60607 0.35907 0.02189 0.01297 ( 1)
 172 F   0.59867 0.36647 0.02162 0.01324 ( 1)
 173 T   0.00959 0.97134 0.00010 0.01897 ( 2)
 174 G   0.04555 0.95030 0.00012 0.00403 ( 2)
 175 D   0.99663 0.00117 0.00219 0.00000 ( 1)
 176 Y   0.97848 0.01930 0.00216 0.00006 ( 1)
 177 Y   0.00001 0.87942 0.00002 0.12054 ( 2)
 178 E   0.01060 0.79569 0.00195 0.19176 ( 2)
 179 R   0.22273 0.76703 0.00178 0.00846 ( 2)
 180 L   0.93052 0.06598 0.00319 0.00031 ( 1)
 181 K   0.43962 0.51191 0.02707 0.02140 ( 2)
 182 C   0.00248 0.98072 0.00001 0.01679 ( 2)
 183 K   0.01108 0.98654 0.00002 0.00237 ( 2)
 184 I   0.21213 0.77911 0.00165 0.00711 ( 2)
 185 A   0.01840 0.97399 0.00018 0.00743 ( 2)
 186 E   0.00005 0.75732 0.00036 0.24227 ( 2)
 187 Y   0.98811 0.00968 0.00218 0.00003 ( 1)
 188 T   0.06371 0.92501 0.00067 0.01060 ( 2)
 189 D   0.54516 0.45121 0.00121 0.00242 ( 1)
 190 Y   0.91878 0.07893 0.00203 0.00026 ( 1)
 191 C   0.98247 0.00821 0.00923 0.00008 ( 1)
 192 E   0.00002 0.98938 0.00000 0.01060 ( 2)
 193 Y   0.00001 0.99818 0.00000 0.00181 ( 2)
 194 W   0.93380 0.06280 0.00317 0.00023 ( 1)
 195 Y   0.99640 0.00141 0.00219 0.00000 ( 1)
 196 Q   0.29921 0.69734 0.00064 0.00281 ( 2)
 197 A   0.00013 0.99612 0.00000 0.00375 ( 2)
 198 G   0.99724 0.00126 0.00149 0.00000 ( 1)
 199 L   0.92472 0.06959 0.00521 0.00048 ( 1)
 200 N   0.97476 0.02268 0.00245 0.00012 ( 1)
 201 Q   0.89053 0.10668 0.00236 0.00043 ( 1)
 202 I   0.95454 0.01433 0.03067 0.00046 ( 1)
 203 K   0.85883 0.13972 0.00118 0.00027 ( 1)
 204 Q   0.00229 0.99467 0.00000 0.00303 ( 2)
 205 A   0.00002 0.99675 0.00000 0.00323 ( 2)
 206 G   0.99247 0.00609 0.00143 0.00001 ( 1)
 207 T   0.09093 0.80185 0.03487 0.07235 ( 2)
 208 G   0.03040 0.93140 0.00879 0.02941 ( 2)
 209 A   0.67237 0.32551 0.00123 0.00089 ( 1)
 210 D   0.00241 0.97659 0.00004 0.02096 ( 2)
 211 T   0.00044 0.97487 0.00009 0.02460 ( 2)
 212 W   0.93380 0.06280 0.00317 0.00023 ( 1)
 213 A   0.00154 0.99538 0.00000 0.00308 ( 2)
 214 K   0.99181 0.00569 0.00248 0.00002 ( 1)
 215 F   0.99765 0.00033 0.00202 0.00000 ( 1)
 216 N   0.99631 0.00243 0.00125 0.00000 ( 1)
 217 K   0.99058 0.00798 0.00142 0.00002 ( 1)
 218 F   0.99426 0.00356 0.00215 0.00002 ( 1)
 219 R   0.99324 0.00585 0.00091 0.00001 ( 1)
 220 R   0.99641 0.00227 0.00132 0.00000 ( 1)
 221 E   0.95275 0.03298 0.01399 0.00028 ( 1)
 222 M   0.99815 0.00083 0.00102 0.00000 ( 1)
 223 T   0.98518 0.01280 0.00198 0.00004 ( 1)
 224 L   0.97012 0.02733 0.00247 0.00008 ( 1)
 225 T   0.02710 0.97109 0.00003 0.00177 ( 2)
 226 V   0.99563 0.00150 0.00286 0.00001 ( 1)
 227 L   0.97289 0.02232 0.00465 0.00014 ( 1)
 228 D   0.99775 0.00021 0.00204 0.00000 ( 1)
 229 I   0.99178 0.00569 0.00251 0.00002 ( 1)
 230 I   0.94027 0.05637 0.00308 0.00028 ( 1)
 231 A   0.48175 0.49926 0.01559 0.00341 ( 2)
 232 I   0.57252 0.42425 0.00170 0.00152 ( 1)
 233 F   0.03036 0.00151 0.96758 0.00055 ( 3)
 234 Q   0.68143 0.30629 0.00850 0.00378 ( 1)
 235 T   0.04722 0.21503 0.67984 0.05791 ( 3)


lnL = -4720.656152

Bayes Empirical Bayes (BEB) probabilities for 4 classes (class)
(amino acids refer to 1st sequence: BT_Cry40Aa1)

   1 S   0.33421 0.60450 0.02168 0.03961 ( 2)
   2 -   0.20542 0.73329 0.01330 0.04799 ( 2)
   3 L   0.03030 0.92296 0.00154 0.04520 ( 2)
   4 G   0.01261 0.95006 0.00044 0.03688 ( 2)
   5 G   0.00252 0.79426 0.00219 0.20103 ( 2)
   6 I   0.94153 0.04016 0.01726 0.00105 ( 1)
   7 N   0.01445 0.95759 0.00032 0.02763 ( 2)
   8 T   0.00080 0.90226 0.00059 0.09635 ( 2)
   9 L   0.08648 0.87810 0.00528 0.03014 ( 2)
  10 F   0.01752 0.95674 0.00030 0.02544 ( 2)
  11 S   0.00060 0.95570 0.00003 0.04367 ( 2)
  12 I   0.66403 0.31434 0.01350 0.00812 ( 1)
  13 I   0.93973 0.04079 0.01810 0.00138 ( 1)
  14 G   0.00000 0.91714 0.00000 0.08286 ( 2)
  15 K   0.22107 0.74523 0.01080 0.02290 ( 2)
  16 L   0.26171 0.70583 0.00933 0.02312 ( 2)
  17 I   0.02625 0.30329 0.58401 0.08644 ( 3)
  18 -   0.02667 0.73999 0.09803 0.13532 ( 2)
  19 P   0.64401 0.32923 0.01608 0.01068 ( 1)
  20 T   0.52437 0.45576 0.00923 0.01064 ( 1)
  21 N   0.03980 0.92932 0.00090 0.02998 ( 2)
  22 H   0.87817 0.09886 0.02017 0.00280 ( 1)
  23 Q   0.00044 0.86896 0.00205 0.12855 ( 2)
  24 S   0.45840 0.51823 0.00950 0.01387 ( 2)
  25 V   0.62289 0.35498 0.01232 0.00982 ( 1)
  26 S   0.28716 0.68124 0.00835 0.02325 ( 2)
  27 A   0.00894 0.88754 0.00775 0.09577 ( 2)
  28 L   0.95211 0.01539 0.03192 0.00059 ( 1)
  29 S   0.97811 0.00169 0.02016 0.00004 ( 1)
  30 I   0.97477 0.00528 0.01977 0.00017 ( 1)
  31 C   0.97863 0.00163 0.01970 0.00004 ( 1)
  32 D   0.96569 0.00109 0.03318 0.00004 ( 1)
  33 L   0.96684 0.00738 0.02554 0.00024 ( 1)
  34 L   0.90079 0.06894 0.02781 0.00246 ( 1)
  35 S   0.96593 0.01357 0.02011 0.00039 ( 1)
  36 I   0.98123 0.00069 0.01806 0.00002 ( 1)
  37 I   0.98137 0.00061 0.01800 0.00002 ( 1)
  38 R   0.87150 0.11051 0.01513 0.00286 ( 1)
  39 K   0.42994 0.53749 0.01267 0.01989 ( 2)
  40 E   0.42032 0.53617 0.01842 0.02509 ( 2)
  41 V   0.96894 0.01051 0.02026 0.00030 ( 1)
  42 A   0.06199 0.91429 0.00103 0.02269 ( 2)
  43 D   0.16744 0.79435 0.00616 0.03205 ( 2)
  44 S   0.97723 0.00589 0.01675 0.00013 ( 1)
  45 V   0.92059 0.05969 0.01809 0.00163 ( 1)
  46 L   0.96532 0.00824 0.02617 0.00027 ( 1)
  47 S   0.09412 0.86160 0.00340 0.04088 ( 2)
  48 D   0.12584 0.83826 0.00427 0.03163 ( 2)
  49 A   0.07145 0.89145 0.00250 0.03459 ( 2)
  50 I   0.00860 0.95596 0.00059 0.03485 ( 2)
  51 C   0.09501 0.86965 0.00301 0.03233 ( 2)
  52 R   0.93249 0.05138 0.01489 0.00123 ( 1)
  53 F   0.98294 0.00034 0.01671 0.00001 ( 1)
  54 L   0.48542 0.45328 0.03154 0.02975 ( 1)
  55 D   0.15618 0.80793 0.00532 0.03056 ( 2)
  56 G   0.97893 0.00163 0.01940 0.00004 ( 1)
  57 K   0.00558 0.91731 0.00039 0.07671 ( 2)
  58 L   0.02910 0.92019 0.00387 0.04684 ( 2)
  59 K   0.00017 0.91793 0.00002 0.08188 ( 2)
  60 N   0.01273 0.93257 0.00086 0.05385 ( 2)
  61 Y   0.94314 0.03228 0.02355 0.00103 ( 1)
  62 R   0.00003 0.77079 0.00057 0.22861 ( 2)
  63 E   0.00000 0.47033 0.00016 0.52951 ( 4)
  64 Y   0.91406 0.02465 0.05967 0.00162 ( 1)
  65 Y   0.97824 0.00144 0.02028 0.00004 ( 1)
  66 L   0.95197 0.01131 0.03621 0.00051 ( 1)
  67 P   0.00000 0.89677 0.00000 0.10323 ( 2)
  68 Y   0.54901 0.42895 0.01084 0.01121 ( 1)
  69 L   0.95833 0.00939 0.03193 0.00035 ( 1)
  70 E   0.00001 0.90454 0.00002 0.09544 ( 2)
  71 A   0.00000 0.89787 0.00000 0.10213 ( 2)
  72 W   0.90153 0.06138 0.03452 0.00256 ( 1)
  73 L   0.79937 0.16656 0.02764 0.00642 ( 1)
  74 K   0.00077 0.97094 0.00001 0.02827 ( 2)
  75 D   0.00815 0.96795 0.00013 0.02376 ( 2)
  76 G   0.00489 0.94310 0.00026 0.05175 ( 2)
  77 K   0.00815 0.93056 0.00053 0.06077 ( 2)
  78 P   0.84927 0.08944 0.05541 0.00589 ( 1)
  79 L   0.14557 0.79314 0.00942 0.05187 ( 2)
  80 Q   0.06568 0.87303 0.00425 0.05705 ( 2)
  81 K   0.03815 0.90056 0.00246 0.05883 ( 2)
  82 T   0.56276 0.37595 0.03660 0.02469 ( 1)
  83 N   0.88915 0.09448 0.01413 0.00224 ( 1)
  84 N   0.00174 0.97005 0.00004 0.02817 ( 2)
  85 S   0.00000 0.93510 0.00000 0.06490 ( 2)
  86 D   0.00000 0.95991 0.00000 0.04009 ( 2)
  87 I   0.41263 0.56391 0.00845 0.01501 ( 2)
  88 G   0.00000 0.97340 0.00000 0.02660 ( 2)
  89 Q   0.05456 0.91757 0.00116 0.02672 ( 2)
  90 L   0.21136 0.73431 0.01403 0.04031 ( 2)
  91 V   0.13338 0.83880 0.00329 0.02453 ( 2)
  92 K   0.00005 0.97490 0.00000 0.02505 ( 2)
  93 Y   0.06740 0.89095 0.00257 0.03909 ( 2)
  94 F   0.97345 0.00962 0.01670 0.00023 ( 1)
  95 E   0.03308 0.94078 0.00071 0.02543 ( 2)
  96 L   0.00000 0.95734 0.00000 0.04266 ( 2)
  97 S   0.01607 0.94767 0.00063 0.03563 ( 2)
  98 E   0.93752 0.04425 0.01697 0.00127 ( 1)
  99 R   0.00016 0.95532 0.00003 0.04449 ( 2)
 100 D   0.00154 0.96264 0.00003 0.03578 ( 2)
 101 F   0.95831 0.01839 0.02263 0.00066 ( 1)
 102 N   0.35216 0.44552 0.16860 0.03372 ( 2)
 103 E   0.00109 0.92374 0.00009 0.07508 ( 2)
 104 I   0.90286 0.07784 0.01721 0.00209 ( 1)
 105 L   0.89576 0.07802 0.02371 0.00251 ( 1)
 106 -   0.74723 0.21991 0.02434 0.00851 ( 1)
 107 -   0.21419 0.73905 0.01013 0.03663 ( 2)
 108 -   0.67494 0.29837 0.01706 0.00963 ( 1)
 109 -   0.78920 0.18934 0.01635 0.00511 ( 1)
 110 -   0.70377 0.25909 0.02588 0.01126 ( 1)
 111 -   0.68195 0.29211 0.01684 0.00911 ( 1)
 112 -   0.34705 0.49122 0.12556 0.03618 ( 2)
 113 G   0.01159 0.96303 0.00023 0.02515 ( 2)
 114 G   0.96203 0.01814 0.01935 0.00048 ( 1)
 115 S   0.55946 0.41058 0.01611 0.01386 ( 1)
 116 L   0.96622 0.00799 0.02553 0.00026 ( 1)
 117 A   0.38037 0.57068 0.01898 0.02997 ( 2)
 118 R   0.87762 0.10104 0.01867 0.00267 ( 1)
 119 N   0.00006 0.96912 0.00000 0.03081 ( 2)
 120 N   0.47991 0.30382 0.19821 0.01806 ( 1)
 121 A   0.96841 0.01216 0.01912 0.00032 ( 1)
 122 Q   0.76896 0.20512 0.01971 0.00621 ( 1)
 123 I   0.97408 0.00757 0.01816 0.00020 ( 1)
 124 L   0.96293 0.01127 0.02545 0.00036 ( 1)
 125 L   0.95136 0.00846 0.03977 0.00041 ( 1)
 126 L   0.95437 0.01735 0.02767 0.00061 ( 1)
 127 P   0.97424 0.00341 0.02225 0.00009 ( 1)
 128 Y   0.47124 0.50542 0.00982 0.01352 ( 2)
 129 F   0.75088 0.23023 0.01312 0.00577 ( 1)
 130 C   0.00042 0.90934 0.00026 0.08999 ( 2)
 131 A   0.02140 0.95144 0.00037 0.02679 ( 2)
 132 S   0.65148 0.32764 0.01258 0.00830 ( 1)
 133 C   0.88999 0.08921 0.01843 0.00237 ( 1)
 134 K   0.82524 0.15249 0.01778 0.00448 ( 1)
 135 C   0.00061 0.92780 0.00020 0.07138 ( 2)
 136 Q   0.97010 0.01253 0.01708 0.00029 ( 1)
 137 L   0.96684 0.00738 0.02554 0.00024 ( 1)
 138 L   0.91765 0.01842 0.06284 0.00109 ( 1)
 139 L   0.51130 0.06920 0.41124 0.00826 ( 1)
 140 L   0.96532 0.00821 0.02620 0.00027 ( 1)
 141 R   0.94943 0.02013 0.02973 0.00071 ( 1)
 142 D   0.98389 0.00035 0.01575 0.00001 ( 1)
 143 A   0.73423 0.24533 0.01421 0.00623 ( 1)
 144 V   0.30642 0.58151 0.07964 0.03243 ( 2)
 145 Q   0.04381 0.92127 0.00114 0.03378 ( 2)
 146 Y   0.97824 0.00144 0.02028 0.00004 ( 1)
 147 E   0.57544 0.39867 0.01398 0.01191 ( 1)
 148 E   0.00002 0.90788 0.00001 0.09210 ( 2)
 149 Q   0.00030 0.79575 0.00152 0.20242 ( 2)
 150 W   0.90153 0.06138 0.03452 0.00256 ( 1)
 151 F   0.01618 0.94651 0.00056 0.03675 ( 2)
 152 P   0.00031 0.96576 0.00001 0.03392 ( 2)
 153 F   0.00147 0.97024 0.00003 0.02826 ( 2)
 154 L   0.00048 0.89053 0.00004 0.10895 ( 2)
 155 S   0.02240 0.91631 0.00145 0.05984 ( 2)
 156 A   0.01615 0.92255 0.00104 0.06025 ( 2)
 157 E   0.18555 0.75316 0.01201 0.04928 ( 2)
 158 N   0.16326 0.77545 0.01057 0.05073 ( 2)
 159 V   0.29607 0.64264 0.01919 0.04210 ( 2)
 160 R   0.29475 0.64396 0.01911 0.04218 ( 2)
 161 S   0.75329 0.18542 0.04910 0.01219 ( 1)
 162 E   0.78351 0.15519 0.05108 0.01021 ( 1)
 163 L   0.82675 0.11196 0.05393 0.00737 ( 1)
 164 I   0.80093 0.12228 0.06813 0.00866 ( 1)
 165 S   0.90719 0.07165 0.01921 0.00195 ( 1)
 166 P   0.97214 0.00551 0.02220 0.00015 ( 1)
 167 N   0.52160 0.41710 0.03391 0.02738 ( 1)
 168 S   0.57526 0.36345 0.03742 0.02387 ( 1)
 169 G   0.56491 0.37380 0.03674 0.02455 ( 1)
 170 C   0.56224 0.37647 0.03657 0.02472 ( 1)
 171 D   0.59149 0.34722 0.03848 0.02281 ( 1)
 172 F   0.58441 0.35430 0.03802 0.02327 ( 1)
 173 T   0.01103 0.93655 0.00048 0.05194 ( 2)
 174 G   0.05197 0.92281 0.00096 0.02427 ( 2)
 175 D   0.98252 0.00118 0.01627 0.00003 ( 1)
 176 Y   0.96057 0.01897 0.01993 0.00052 ( 1)
 177 Y   0.00002 0.83789 0.00003 0.16206 ( 2)
 178 E   0.01296 0.83650 0.00209 0.14845 ( 2)
 179 R   0.22776 0.72501 0.01028 0.03695 ( 2)
 180 L   0.90934 0.06388 0.02466 0.00213 ( 1)
 181 K   0.44158 0.47055 0.04751 0.04036 ( 2)
 182 C   0.00295 0.95086 0.00006 0.04613 ( 2)
 183 K   0.01292 0.96183 0.00026 0.02499 ( 2)
 184 I   0.22149 0.73575 0.00871 0.03405 ( 2)
 185 A   0.02112 0.94000 0.00098 0.03789 ( 2)
 186 E   0.00006 0.78804 0.00031 0.21159 ( 2)
 187 Y   0.97006 0.00956 0.02011 0.00026 ( 1)
 188 T   0.06824 0.88282 0.00326 0.04568 ( 2)
 189 D   0.56023 0.41880 0.00926 0.01171 ( 1)
 190 Y   0.90411 0.07509 0.01875 0.00206 ( 1)
 191 C   0.94518 0.00813 0.04627 0.00042 ( 1)
 192 E   0.00003 0.96142 0.00000 0.03855 ( 2)
 193 Y   0.00001 0.97751 0.00000 0.02249 ( 2)
 194 W   0.90153 0.06138 0.03452 0.00256 ( 1)
 195 Y   0.97824 0.00144 0.02028 0.00004 ( 1)
 196 Q   0.31029 0.66843 0.00498 0.01630 ( 2)
 197 A   0.00016 0.96645 0.00000 0.03339 ( 2)
 198 G   0.97948 0.00129 0.01920 0.00003 ( 1)
 199 L   0.90156 0.06718 0.02876 0.00250 ( 1)
 200 N   0.96139 0.02192 0.01612 0.00057 ( 1)
 201 Q   0.87567 0.10335 0.01810 0.00288 ( 1)
 202 I   0.90586 0.01367 0.07932 0.00115 ( 1)
 203 K   0.84650 0.13189 0.01809 0.00352 ( 1)
 204 Q   0.00269 0.96627 0.00007 0.03098 ( 2)
 205 A   0.00002 0.96183 0.00000 0.03814 ( 2)
 206 G   0.97439 0.00618 0.01927 0.00016 ( 1)
 207 T   0.09544 0.73787 0.07039 0.09631 ( 2)
 208 G   0.03346 0.86620 0.02474 0.07561 ( 2)
 209 A   0.67576 0.30349 0.01305 0.00770 ( 1)
 210 D   0.00295 0.96607 0.00007 0.03091 ( 2)
 211 T   0.00053 0.92396 0.00031 0.07520 ( 2)
 212 W   0.90153 0.06138 0.03452 0.00256 ( 1)
 213 A   0.00180 0.96281 0.00006 0.03533 ( 2)
 214 K   0.97417 0.00565 0.02003 0.00016 ( 1)
 215 F   0.98294 0.00034 0.01671 0.00001 ( 1)
 216 N   0.97996 0.00243 0.01755 0.00006 ( 1)
 217 K   0.97080 0.00787 0.02111 0.00021 ( 1)
 218 F   0.97933 0.00357 0.01700 0.00010 ( 1)
 219 R   0.97002 0.00589 0.02392 0.00017 ( 1)
 220 R   0.97681 0.00231 0.02082 0.00006 ( 1)
 221 E   0.91941 0.03101 0.04846 0.00112 ( 1)
 222 M   0.98084 0.00086 0.01828 0.00002 ( 1)
 223 T   0.96674 0.01290 0.02003 0.00034 ( 1)
 224 L   0.94108 0.02704 0.03088 0.00100 ( 1)
 225 T   0.03059 0.94566 0.00058 0.02317 ( 2)
 226 V   0.97797 0.00154 0.02045 0.00004 ( 1)
 227 L   0.94937 0.02228 0.02756 0.00079 ( 1)
 228 D   0.98404 0.00022 0.01573 0.00001 ( 1)
 229 I   0.97592 0.00567 0.01825 0.00015 ( 1)
 230 I   0.92319 0.05502 0.02018 0.00161 ( 1)
 231 A   0.48077 0.45716 0.04369 0.01838 ( 1)
 232 I   0.57599 0.39313 0.01721 0.01367 ( 1)
 233 F   0.04444 0.00214 0.95279 0.00063 ( 3)
 234 Q   0.66118 0.28161 0.04047 0.01673 ( 1)
 235 T   0.05255 0.21184 0.67321 0.06240 ( 3)

