Supplemental results for CODEML (seqf: algn  treef: tree)


dN/dS (w) for site classes (K=4)

site class             0        1       2a       2b
proportion       0.48205  0.36719  0.08558  0.06519
background w     0.13855  0.93599  0.13855  0.93599
foreground w     0.13855  0.93599 14.06549 14.06549

Naive Empirical Bayes (NEB) probabilities for 4 classes
(amino acids refer to 1st sequence: BT_Cry19Ba1)

   1 E   0.22364 0.57466 0.09389 0.10781 ( 2)
   2 -   0.48205 0.36719 0.08558 0.06519 ( 1)
   3 -   0.48205 0.36719 0.08558 0.06519 ( 1)
   4 V   0.13422 0.08536 0.71022 0.07020 ( 3)
   5 G   0.10960 0.02315 0.84355 0.02370 ( 3)
   6 P   0.01670 0.89656 0.00153 0.08521 ( 2)
   7 L   0.08379 0.12888 0.65001 0.13732 ( 3)
   8 L   0.90136 0.00915 0.08856 0.00093 ( 1)
   9 S   0.09139 0.00378 0.89945 0.00537 ( 3)
  10 W   0.17450 0.75756 0.01208 0.05586 ( 2)
  11 M   0.03654 0.15579 0.49875 0.30891 ( 3)
  12 V   0.00411 0.41177 0.03828 0.54584 ( 4)
  13 S   0.00033 0.03328 0.35798 0.60841 ( 4)
  14 L   0.16716 0.72182 0.02051 0.09051 ( 2)
  15 F   0.76309 0.16046 0.06263 0.01382 ( 1)
  16 W   0.78848 0.09008 0.10883 0.01262 ( 1)
  17 P   0.91140 0.00477 0.08338 0.00045 ( 1)
  18 T   0.01805 0.86343 0.00234 0.11617 ( 2)
  19 I   0.00099 0.91551 0.00009 0.08342 ( 2)
  20 -   0.69898 0.15025 0.12409 0.02667 ( 1)
  21 -   0.68693 0.16231 0.12195 0.02881 ( 1)
  22 -   0.62737 0.22186 0.11138 0.03939 ( 1)
  23 E   0.02793 0.87662 0.00285 0.09261 ( 2)
  24 E   0.00035 0.90168 0.00004 0.09794 ( 2)
  25 K   0.01712 0.90068 0.00147 0.08072 ( 2)
  26 N   0.91954 0.02216 0.05681 0.00148 ( 1)
  27 T   0.00040 0.04263 0.33149 0.62547 ( 4)
  28 V   0.87115 0.06185 0.06228 0.00472 ( 1)
  29 W   0.78848 0.09008 0.10883 0.01262 ( 1)
  30 E   0.43318 0.49730 0.03126 0.03825 ( 2)
  31 D   0.00407 0.60927 0.03949 0.34718 ( 2)
  32 M   0.01234 0.53270 0.08021 0.37475 ( 2)
  33 I   0.88392 0.04646 0.06596 0.00366 ( 1)
  34 K   0.92065 0.01251 0.06589 0.00096 ( 1)
  35 Y   0.02590 0.89952 0.00195 0.07263 ( 2)
  36 V   0.47747 0.35288 0.09634 0.07331 ( 1)
  37 A   0.77566 0.11271 0.09721 0.01442 ( 1)
  38 N   0.92147 0.01978 0.05742 0.00133 ( 1)
  39 L   0.84650 0.04412 0.10384 0.00553 ( 1)
  40 L   0.92787 0.00835 0.06317 0.00061 ( 1)
  41 K   0.00008 0.89391 0.00001 0.10599 ( 2)
  42 Q   0.05329 0.85702 0.00506 0.08463 ( 2)
  43 E   0.03733 0.20609 0.42826 0.32831 ( 3)
  44 L   0.12611 0.78170 0.01239 0.07980 ( 2)
  45 T   0.00034 0.89702 0.00004 0.10261 ( 2)
  46 N   0.00034 0.89962 0.00004 0.10001 ( 2)
  47 D   0.00049 0.93401 0.00003 0.06547 ( 2)
  48 T   0.12783 0.80082 0.00931 0.06204 ( 2)
  49 L   0.37938 0.52755 0.03817 0.05490 ( 2)
  50 N   0.00060 0.87593 0.00008 0.12339 ( 2)
  51 R   0.11402 0.79649 0.01084 0.07865 ( 2)
  52 A   0.92518 0.00243 0.07219 0.00020 ( 1)
  53 T   0.86726 0.02230 0.10761 0.00283 ( 1)
  54 S   0.00415 0.91507 0.00034 0.08044 ( 2)
  55 N   0.88644 0.05511 0.05477 0.00368 ( 1)
  56 L   0.84947 0.06086 0.08346 0.00621 ( 1)
  57 S   0.01542 0.85754 0.00222 0.12482 ( 2)
  58 G   0.69359 0.22666 0.05944 0.02031 ( 1)
  59 L   0.88868 0.02178 0.08732 0.00222 ( 1)
  60 N   0.00406 0.73845 0.00172 0.25577 ( 2)
  61 E   0.43002 0.38834 0.09136 0.09029 ( 1)
  62 S   0.07683 0.82490 0.00813 0.09014 ( 2)
  63 L   0.85444 0.03621 0.10481 0.00454 ( 1)
  64 N   0.00006 0.67199 0.00018 0.32777 ( 2)
  65 I   0.31353 0.59191 0.03198 0.06257 ( 2)
  66 Y   0.89293 0.00245 0.10433 0.00030 ( 1)
  67 N   0.88719 0.01215 0.09926 0.00140 ( 1)
  68 R   0.62573 0.25826 0.08168 0.03432 ( 1)
  69 A   0.38437 0.53951 0.03067 0.04544 ( 2)
  70 L   0.90853 0.02290 0.06678 0.00179 ( 1)
  71 A   0.88583 0.04169 0.06906 0.00343 ( 1)
  72 A   0.00051 0.41879 0.00469 0.57601 ( 4)
  73 W   0.78848 0.09008 0.10883 0.01262 ( 1)
  74 K   0.07424 0.84961 0.00574 0.07041 ( 2)
  75 Q   0.00001 0.92181 0.00000 0.07819 ( 2)
  76 -   0.48205 0.36719 0.08558 0.06519 ( 1)
  77 N   0.00743 0.86413 0.00108 0.12736 ( 2)
  78 K   0.00206 0.93538 0.00013 0.06243 ( 2)
  79 N   0.04658 0.87754 0.00364 0.07225 ( 2)
  80 N   0.00029 0.92485 0.00002 0.07484 ( 2)
  81 F   0.04646 0.80277 0.00825 0.14252 ( 2)
  82 A   0.04435 0.80489 0.00787 0.14289 ( 2)
  83 S   0.08878 0.76045 0.01576 0.13500 ( 2)
  84 -   0.48205 0.36719 0.08558 0.06519 ( 1)
  85 -   0.69278 0.15646 0.12299 0.02778 ( 1)
  86 G   0.76501 0.15080 0.06985 0.01433 ( 1)
  87 E   0.01550 0.27884 0.20162 0.50404 ( 4)
  88 L   0.01078 0.86249 0.00155 0.12519 ( 2)
  89 I   0.12243 0.80391 0.00924 0.06442 ( 2)
  90 R   0.85681 0.07113 0.06623 0.00584 ( 1)
  91 S   0.00016 0.92176 0.00001 0.07806 ( 2)
  92 Y   0.00677 0.91424 0.00055 0.07844 ( 2)
  93 I   0.92151 0.00902 0.06877 0.00071 ( 1)
  94 N   0.00122 0.89852 0.00013 0.10013 ( 2)
  95 D   0.15260 0.73042 0.01992 0.09706 ( 2)
  96 L   0.92188 0.00226 0.07567 0.00019 ( 1)
  97 H   0.93022 0.00321 0.06633 0.00024 ( 1)
  98 I   0.29316 0.61526 0.02886 0.06272 ( 2)
  99 L   0.00024 0.88726 0.00003 0.11247 ( 2)
 100 F   0.93455 0.00070 0.06470 0.00005 ( 1)
 101 T   0.00098 0.88769 0.00012 0.11121 ( 2)
 102 R   0.00001 0.88438 0.00000 0.11561 ( 2)
 103 D   0.05368 0.88365 0.00335 0.05933 ( 2)
 104 I   0.93223 0.00104 0.06665 0.00008 ( 1)
 105 Q   0.72134 0.21394 0.04911 0.01561 ( 1)
 106 S   0.00356 0.86800 0.00052 0.12793 ( 2)
 107 D   0.71305 0.17113 0.09308 0.02274 ( 1)
 108 F   0.86337 0.02858 0.10450 0.00354 ( 1)
 109 S   0.07860 0.80910 0.00975 0.10255 ( 2)
 110 L   0.26937 0.66385 0.01834 0.04845 ( 2)
 111 G   0.00006 0.91196 0.00001 0.08798 ( 2)
 112 G   0.00130 0.00499 0.92674 0.06696 ( 3)
 113 Y   0.92132 0.00340 0.07499 0.00029 ( 1)
 114 E   0.91791 0.01471 0.06625 0.00113 ( 1)
 115 T   0.00363 0.44185 0.03179 0.52274 ( 4)
 116 V   0.93004 0.00619 0.06331 0.00045 ( 1)
 117 L   0.90136 0.00915 0.08856 0.00093 ( 1)
 118 L   0.89825 0.01225 0.08825 0.00125 ( 1)
 119 P   0.91160 0.00471 0.08324 0.00045 ( 1)
 120 S   0.75779 0.11697 0.10831 0.01693 ( 1)
 121 Y   0.92084 0.00388 0.07495 0.00033 ( 1)
 122 A   0.79183 0.13374 0.06310 0.01133 ( 1)
 123 S   0.87793 0.05510 0.06277 0.00420 ( 1)
 124 A   0.77352 0.07390 0.13928 0.01330 ( 1)
 125 A   0.82406 0.05017 0.11847 0.00730 ( 1)
 126 N   0.93825 0.00355 0.05797 0.00024 ( 1)
 127 L   0.90898 0.02614 0.06295 0.00193 ( 1)
 128 H   0.93202 0.00141 0.06646 0.00011 ( 1)
 129 L   0.87420 0.01650 0.10724 0.00207 ( 1)
 130 L   0.79383 0.13506 0.06026 0.01085 ( 1)
 131 L   0.89658 0.01377 0.08824 0.00141 ( 1)
 132 L   0.89570 0.01478 0.08800 0.00151 ( 1)
 133 R   0.88718 0.02313 0.08733 0.00236 ( 1)
 134 D   0.89582 0.00197 0.10199 0.00023 ( 1)
 135 V   0.92099 0.01223 0.06585 0.00093 ( 1)
 136 A   0.10024 0.82880 0.00723 0.06373 ( 2)
 137 I   0.92220 0.01102 0.06593 0.00084 ( 1)
 138 Y   0.85660 0.06786 0.06972 0.00582 ( 1)
 139 G   0.91686 0.00420 0.07857 0.00038 ( 1)
 140 K   0.26677 0.65264 0.02224 0.05835 ( 2)
 141 E   0.04292 0.35102 0.29002 0.31604 ( 2)
 142 -   0.56257 0.36817 0.04046 0.02881 ( 1)
 143 -   0.50325 0.37105 0.07194 0.05376 ( 1)
 144 -   0.54189 0.37275 0.04963 0.03573 ( 1)
 145 -   0.56173 0.36855 0.04072 0.02899 ( 1)
 146 -   0.55175 0.37190 0.04458 0.03177 ( 1)
 147 -   0.56257 0.36817 0.04046 0.02881 ( 1)
 148 -   0.57243 0.36645 0.03585 0.02527 ( 1)
 149 -   0.50142 0.37084 0.07306 0.05468 ( 1)
 150 L   0.86000 0.01461 0.12326 0.00212 ( 1)
 151 G   0.85211 0.08092 0.06080 0.00617 ( 1)
 152 Y   0.92290 0.01230 0.06389 0.00091 ( 1)
 153 P   0.00001 0.56234 0.00007 0.43758 ( 2)
 154 S   0.00205 0.90991 0.00019 0.08785 ( 2)
 155 T   0.00005 0.92892 0.00000 0.07103 ( 2)
 156 D   0.00261 0.89277 0.00030 0.10433 ( 2)
 157 V   0.78473 0.11918 0.08307 0.01302 ( 1)
 158 E   0.00398 0.93062 0.00026 0.06514 ( 2)
 159 F   0.02653 0.90491 0.00184 0.06673 ( 2)
 160 Y   0.92239 0.00234 0.07508 0.00020 ( 1)
 161 Y   0.85242 0.08898 0.05267 0.00593 ( 1)
 162 N   0.00203 0.91656 0.00017 0.08123 ( 2)
 163 E   0.92999 0.00269 0.06712 0.00021 ( 1)
 164 Q   0.50424 0.39881 0.05338 0.04357 ( 1)
 165 K   0.28634 0.61649 0.03016 0.06702 ( 2)
 166 Y   0.00000 0.92323 0.00000 0.07676 ( 2)
 167 Y   0.91002 0.01466 0.07407 0.00126 ( 1)
 168 T   0.71174 0.19126 0.07595 0.02106 ( 1)
 169 E   0.10369 0.82295 0.00773 0.06563 ( 2)
 170 K   0.00065 0.87188 0.00009 0.12738 ( 2)
 171 Y   0.90807 0.01659 0.07391 0.00142 ( 1)
 172 S   0.80931 0.08012 0.10042 0.01015 ( 1)
 173 N   0.69206 0.24861 0.04276 0.01657 ( 1)
 174 Y   0.60685 0.32328 0.04464 0.02523 ( 1)
 175 C   0.86255 0.01089 0.12496 0.00160 ( 1)
 176 V   0.42448 0.48273 0.04262 0.05017 ( 2)
 177 N   0.20597 0.72918 0.01353 0.05132 ( 2)
 178 T   0.83544 0.09308 0.06396 0.00752 ( 1)
 179 Y   0.75247 0.12090 0.10892 0.01771 ( 1)
 180 K   0.14145 0.00400 0.85151 0.00304 ( 3)
 181 S   0.00788 0.92115 0.00056 0.07041 ( 2)
 182 G   0.52722 0.39667 0.04253 0.03358 ( 1)
 183 L   0.86673 0.02395 0.10632 0.00300 ( 1)
 184 E   0.17944 0.69379 0.02579 0.10097 ( 2)
 185 S   0.18907 0.71601 0.01928 0.07563 ( 2)
 186 K   0.42449 0.50597 0.03064 0.03890 ( 2)
 187 K   0.93168 0.00153 0.06668 0.00012 ( 1)
 188 Q   0.28592 0.64392 0.02064 0.04952 ( 2)
 189 I   0.92475 0.00842 0.06618 0.00064 ( 1)
 190 G   0.79010 0.13330 0.06510 0.01150 ( 1)
 191 W   0.78848 0.09008 0.10883 0.01262 ( 1)
 192 S   0.01789 0.87103 0.00219 0.10890 ( 2)
 193 D   0.00747 0.90497 0.00069 0.08687 ( 2)
 194 F   0.86600 0.02596 0.10482 0.00321 ( 1)
 195 N   0.92743 0.00599 0.06613 0.00045 ( 1)
 196 R   0.41333 0.47805 0.04975 0.05887 ( 2)
 197 Y   0.92239 0.00234 0.07508 0.00020 ( 1)
 198 R   0.90180 0.00856 0.08877 0.00087 ( 1)
 199 R   0.92210 0.00441 0.07312 0.00037 ( 1)
 200 E   0.00486 0.91942 0.00036 0.07536 ( 2)
 201 M   0.92951 0.00104 0.06937 0.00008 ( 1)
 202 T   0.92543 0.00344 0.07085 0.00028 ( 1)
 203 L   0.85217 0.03847 0.10454 0.00482 ( 1)
 204 S   0.19463 0.73018 0.01517 0.06001 ( 2)
 205 V   0.91783 0.01193 0.06929 0.00096 ( 1)
 206 L   0.90022 0.01028 0.08845 0.00105 ( 1)
 207 D   0.94097 0.00038 0.05863 0.00003 ( 1)
 208 I   0.50218 0.43210 0.03419 0.03153 ( 1)
 209 V   0.91404 0.01915 0.06535 0.00146 ( 1)
 210 A   0.91101 0.01655 0.07108 0.00136 ( 1)
 211 L   0.09264 0.00778 0.89004 0.00954 ( 3)
 212 F   0.87898 0.01302 0.10639 0.00161 ( 1)
 213 P   0.91140 0.00477 0.08338 0.00045 ( 1)
 214 L   0.04258 0.82863 0.00622 0.12257 ( 2)


lnL = -3768.564259

