Supplemental results for CODEML (seqf: algn  treef: tree)


dN/dS (w) for site classes (K=4)

site class             0        1       2a       2b
proportion       0.46724  0.43129  0.05277  0.04871
background w     0.06869  0.66402  0.06869  0.66402
foreground w     0.06869  0.66402 999.00000 999.00000

Naive Empirical Bayes (NEB) probabilities for 4 classes
(amino acids refer to 1st sequence: BT_Cry21Aa1)

   1 -   0.56755 0.33098 0.06410 0.03738 ( 1)
   2 L   0.78119 0.11733 0.08822 0.01325 ( 1)
   3 K   0.97363 0.02089 0.00531 0.00017 ( 1)
   4 G   0.94046 0.01990 0.03834 0.00129 ( 1)
   5 F   0.97268 0.00796 0.01920 0.00016 ( 1)
   6 P   0.98873 0.01040 0.00086 0.00001 ( 1)
   7 A   0.97499 0.00050 0.02450 0.00002 ( 1)
   8 E   0.97559 0.00098 0.02340 0.00003 ( 1)
   9 K   0.99425 0.00032 0.00542 0.00000 ( 1)
  10 G   0.75955 0.21955 0.01633 0.00457 ( 1)
  11 -   0.01131 0.98130 0.00006 0.00732 ( 2)
  12 -   0.00017 0.55482 0.00016 0.44485 ( 2)
  13 -   0.11583 0.75688 0.05217 0.07512 ( 2)
  14 Y   0.00073 0.33407 0.02077 0.64443 ( 4)
  15 G   0.96534 0.01438 0.01999 0.00029 ( 1)
  16 D   0.00003 0.57762 0.00009 0.42226 ( 2)
  17 S   0.00001 0.02294 0.01690 0.96016 ( 4)
  18 I   0.00883 0.96811 0.00014 0.02293 ( 2)
  19 A   0.00583 0.95340 0.00038 0.04039 ( 2)
  20 Y   0.25560 0.42915 0.27231 0.04294 ( 2)
  21 V   0.98312 0.01304 0.00377 0.00007 ( 1)
  22 S   0.00716 0.98867 0.00002 0.00414 ( 2)
  23 -   0.46724 0.43129 0.05277 0.04871 ( 1)
  24 E   0.99122 0.00487 0.00388 0.00003 ( 1)
  25 P   0.00218 0.99739 0.00000 0.00042 ( 2)
  26 L   0.43152 0.56716 0.00056 0.00076 ( 2)
  27 N   0.99259 0.00128 0.00612 0.00001 ( 1)
  28 G   0.99766 0.00021 0.00213 0.00000 ( 1)
  29 A   0.91348 0.08542 0.00101 0.00010 ( 1)
  30 N   0.99060 0.00326 0.00611 0.00003 ( 1)
  31 A   0.91616 0.07966 0.00371 0.00047 ( 1)
  32 V   0.84169 0.15421 0.00326 0.00085 ( 1)
  33 K   0.97984 0.01469 0.00536 0.00012 ( 1)
  34 L   0.99076 0.00663 0.00259 0.00002 ( 1)
  35 T   0.64850 0.33023 0.01291 0.00836 ( 1)
  36 -   0.60120 0.29733 0.06790 0.03358 ( 1)
  37 -   0.00330 0.89522 0.00037 0.10110 ( 2)
  38 -   0.00352 0.89500 0.00040 0.10108 ( 2)
  39 -   0.03581 0.86271 0.00404 0.09743 ( 2)
  40 -   0.18845 0.71007 0.02128 0.08019 ( 2)
  41 -   0.01376 0.88477 0.00155 0.09992 ( 2)
  42 -   0.71181 0.18671 0.08039 0.02109 ( 1)
  43 -   0.03260 0.86592 0.00368 0.09779 ( 2)
  44 S   0.12229 0.77623 0.01381 0.08766 ( 2)
  45 Y   0.00366 0.96748 0.00010 0.02876 ( 2)
  46 Q   0.00085 0.90740 0.00043 0.09132 ( 2)
  47 V   0.00088 0.91066 0.00017 0.08829 ( 2)
  48 L   0.69852 0.26980 0.02326 0.00842 ( 1)
  49 Q   0.00051 0.99064 0.00000 0.00884 ( 2)
  50 M   0.01922 0.97986 0.00002 0.00090 ( 2)
  51 E   0.02924 0.87294 0.01166 0.08616 ( 2)
  52 V   0.94465 0.05394 0.00131 0.00010 ( 1)
  53 T   0.92424 0.07410 0.00152 0.00014 ( 1)
  54 N   0.99287 0.00100 0.00612 0.00001 ( 1)
  55 Q   0.00036 0.99780 0.00000 0.00183 ( 2)
  56 T   0.75754 0.23686 0.00387 0.00174 ( 1)
  57 T   0.01496 0.92035 0.02113 0.04356 ( 2)
  58 Q   0.95026 0.04745 0.00216 0.00013 ( 1)
  59 K   0.96911 0.02910 0.00173 0.00006 ( 1)
  60 Y   0.99695 0.00012 0.00293 0.00000 ( 1)
  61 R   0.08500 0.91113 0.00027 0.00360 ( 2)
  62 I   0.84638 0.14714 0.00512 0.00136 ( 1)
  63 R   0.99566 0.00391 0.00043 0.00000 ( 1)
  64 I   0.50648 0.48880 0.00206 0.00267 ( 1)
  65 R   0.97234 0.00035 0.02730 0.00001 ( 1)
  66 Y   0.99686 0.00020 0.00293 0.00000 ( 1)
  67 A   0.99564 0.00038 0.00397 0.00000 ( 1)
  68 T   0.96829 0.02497 0.00649 0.00025 ( 1)
  69 G   0.00597 0.98542 0.00004 0.00858 ( 2)
  70 G   0.00075 0.99558 0.00000 0.00367 ( 2)
  71 D   0.23660 0.75447 0.00154 0.00740 ( 2)
  72 T   0.37752 0.61798 0.00140 0.00310 ( 2)
  73 A   0.34389 0.65087 0.00146 0.00377 ( 2)
  74 A   0.75444 0.23839 0.00496 0.00222 ( 1)
  75 S   0.67514 0.32106 0.00221 0.00159 ( 1)
  76 I   0.59253 0.40561 0.00105 0.00081 ( 1)
  77 W   0.04607 0.95187 0.00009 0.00197 ( 2)
  78 F   0.20941 0.78747 0.00059 0.00253 ( 2)
  79 H   0.00000 0.01827 0.02870 0.95303 ( 4)
  80 I   0.86270 0.13256 0.00389 0.00085 ( 1)
  81 I   0.00002 0.91203 0.00001 0.08794 ( 2)
  82 -   0.43458 0.56091 0.00166 0.00285 ( 2)
  83 -   0.65139 0.34620 0.00143 0.00098 ( 1)
  84 -   0.53506 0.46313 0.00090 0.00091 ( 1)
  85 -   0.12489 0.87203 0.00033 0.00274 ( 2)
  86 -   0.88325 0.11018 0.00547 0.00109 ( 1)
  87 -   0.09535 0.82513 0.03554 0.04398 ( 2)
  88 G   0.17539 0.82149 0.00050 0.00262 ( 2)
  89 P   0.00042 0.96822 0.00001 0.03135 ( 2)
  90 S   0.00009 0.93841 0.00000 0.06150 ( 2)
  91 G   0.00000 0.00386 0.00000 0.99614 ( 4)
  92 N   0.00014 0.99944 0.00000 0.00042 ( 2)
  93 D   0.00059 0.00990 0.40449 0.58502 ( 4)
  94 L   0.71842 0.25619 0.01748 0.00791 ( 1)
  95 T   0.44874 0.52499 0.01197 0.01429 ( 2)
  96 N   0.09229 0.90302 0.00031 0.00438 ( 2)
  97 E   0.01434 0.98379 0.00002 0.00184 ( 2)
  98 G   0.00176 0.94735 0.00065 0.05024 ( 2)
  99 H   0.00000 0.49565 0.00003 0.50432 ( 4)
 100 N   0.42284 0.55155 0.00839 0.01722 ( 2)
 101 F   0.01751 0.18938 0.35819 0.43492 ( 4)
 102 S   0.00573 0.98871 0.00003 0.00554 ( 2)
 103 S   0.00026 0.07803 0.00333 0.91839 ( 4)
 104 V   0.00000 0.11593 0.00053 0.88354 ( 4)
 105 S   0.00007 0.08133 0.03388 0.88472 ( 4)
 106 S   0.60332 0.33906 0.04399 0.01362 ( 1)
 107 R   0.00000 0.06128 0.00071 0.93800 ( 4)
 108 N   0.30053 0.04639 0.64737 0.00571 ( 3)
 109 K   0.44324 0.38712 0.13432 0.03532 ( 1)
 110 M   0.97762 0.01956 0.00275 0.00006 ( 1)
 111 F   0.95535 0.04163 0.00285 0.00017 ( 1)
 112 V   0.38301 0.61004 0.00211 0.00483 ( 2)
 113 Q   0.08171 0.21976 0.59013 0.10839 ( 3)
 114 G   0.99139 0.00796 0.00064 0.00001 ( 1)
 115 N   0.00007 0.33076 0.00781 0.66135 ( 4)
 116 N   0.02684 0.00722 0.96014 0.00580 ( 3)
 117 G   0.98974 0.00818 0.00206 0.00002 ( 1)
 118 K   0.99140 0.00208 0.00650 0.00002 ( 1)
 119 Y   0.99695 0.00012 0.00293 0.00000 ( 1)
 120 V   0.99474 0.00407 0.00119 0.00001 ( 1)
 121 L   0.70016 0.29709 0.00183 0.00092 ( 1)
 122 N   0.01616 0.98240 0.00002 0.00141 ( 2)
 123 I   0.00002 0.99303 0.00000 0.00695 ( 2)
 124 L   0.87426 0.11983 0.00496 0.00096 ( 1)
 125 T   0.15187 0.84633 0.00025 0.00155 ( 2)
 126 -   0.53550 0.46411 0.00020 0.00019 ( 1)
 127 -   0.54030 0.45903 0.00035 0.00032 ( 1)
 128 -   0.60862 0.38616 0.00271 0.00251 ( 1)
 129 -   0.62008 0.37447 0.00283 0.00261 ( 1)
 130 -   0.54030 0.45903 0.00035 0.00032 ( 1)
 131 -   0.57519 0.42206 0.00143 0.00132 ( 1)
 132 -   0.58631 0.41126 0.00127 0.00117 ( 1)
 133 D   0.97267 0.02141 0.00574 0.00018 ( 1)
 134 S   0.89114 0.10619 0.00232 0.00035 ( 1)
 135 I   0.98303 0.01519 0.00174 0.00003 ( 1)
 136 E   0.95739 0.03640 0.00588 0.00032 ( 1)
 137 L   0.04782 0.94298 0.00032 0.00888 ( 2)
 138 P   0.99723 0.00030 0.00248 0.00000 ( 1)
 139 S   0.75656 0.24059 0.00201 0.00084 ( 1)
 140 G   0.99497 0.00438 0.00064 0.00000 ( 1)
 141 Q   0.36485 0.62895 0.00178 0.00442 ( 2)
 142 -   0.74436 0.15416 0.08407 0.01741 ( 1)
 143 Q   0.01951 0.97899 0.00003 0.00147 ( 2)
 144 T   0.95191 0.04227 0.00545 0.00036 ( 1)
 145 I   0.99161 0.00434 0.00403 0.00002 ( 1)
 146 L   0.00275 0.98862 0.00002 0.00861 ( 2)
 147 I   0.49938 0.49743 0.00140 0.00179 ( 1)
 148 Q   0.00004 0.99899 0.00000 0.00097 ( 2)
 149 N   0.89009 0.10946 0.00040 0.00005 ( 1)
 150 T   0.00651 0.99155 0.00001 0.00193 ( 2)
 151 N   0.01185 0.98624 0.00002 0.00189 ( 2)
 152 -   0.00006 0.99812 0.00000 0.00182 ( 2)
 153 -   0.00001 0.99909 0.00000 0.00090 ( 2)
 154 -   0.00539 0.99379 0.00000 0.00082 ( 2)
 155 S   0.43801 0.56123 0.00033 0.00043 ( 2)
 156 Q   0.02933 0.96789 0.00007 0.00272 ( 2)
 157 D   0.99296 0.00262 0.00440 0.00002 ( 1)
 158 L   0.99800 0.00117 0.00084 0.00000 ( 1)
 159 F   0.99148 0.00586 0.00263 0.00002 ( 1)
 160 L   0.97640 0.02177 0.00179 0.00004 ( 1)
 161 D   0.99527 0.00033 0.00440 0.00000 ( 1)
 162 R   0.99760 0.00095 0.00145 0.00000 ( 1)
 163 I   0.98391 0.01155 0.00447 0.00007 ( 1)
 164 E   0.99859 0.00019 0.00122 0.00000 ( 1)
 165 -   0.96448 0.03276 0.00265 0.00010 ( 1)
 166 -   0.69298 0.20554 0.07826 0.02321 ( 1)
 167 -   0.98139 0.01425 0.00426 0.00009 ( 1)


lnL = -3284.384678

