Supplemental results for CODEML (seqf: algn  treef: tree)


dN/dS (w) for site classes (K=4)

site class             0        1       2a       2b
proportion       0.46505  0.52141  0.00638  0.00715
background w     0.02408  0.32637  0.02408  0.32637
foreground w     0.02408  0.32637 29.62483 29.62483

Naive Empirical Bayes (NEB) probabilities for 4 classes
(amino acids refer to 1st sequence: BT_Cry1Ca11)

   1 -   0.00188 0.89999 0.00262 0.09552 ( 2)
   2 -   0.89043 0.10832 0.00111 0.00014 ( 1)
   3 -   0.29736 0.70165 0.00028 0.00071 ( 2)
   4 G   0.01413 0.98469 0.00002 0.00116 ( 2)
   5 Q   0.92148 0.07621 0.00214 0.00018 ( 1)
   6 L   0.86518 0.13349 0.00114 0.00018 ( 1)
   7 T   0.95282 0.04424 0.00281 0.00013 ( 1)
   8 R   0.86504 0.13353 0.00123 0.00020 ( 1)
   9 E   0.96454 0.03472 0.00071 0.00003 ( 1)
  10 V   0.04264 0.61363 0.16524 0.17849 ( 2)
  11 Y   0.97049 0.02878 0.00070 0.00002 ( 1)
  12 T   0.02344 0.97191 0.00011 0.00454 ( 2)
  13 D   0.95053 0.04882 0.00062 0.00003 ( 1)
  14 P   0.73668 0.24978 0.01011 0.00343 ( 1)
  15 L   0.88976 0.10907 0.00104 0.00013 ( 1)
  16 I   0.01190 0.98720 0.00001 0.00088 ( 2)
  17 N   0.01236 0.98687 0.00001 0.00076 ( 2)
  18 F   0.13473 0.86423 0.00013 0.00091 ( 2)
  19 N   0.98660 0.01264 0.00074 0.00001 ( 1)
  20 P   0.05477 0.94446 0.00004 0.00074 ( 2)
  21 Q   0.00022 0.99897 0.00000 0.00082 ( 2)
  22 L   0.90639 0.09284 0.00070 0.00008 ( 1)
  23 Q   0.00039 0.99867 0.00000 0.00094 ( 2)
  24 S   0.72295 0.27619 0.00061 0.00025 ( 1)
  25 V   0.00537 0.99346 0.00001 0.00116 ( 2)
  26 A   0.59823 0.40065 0.00066 0.00047 ( 1)
  27 Q   0.02452 0.97377 0.00004 0.00166 ( 2)
  28 L   0.07494 0.92429 0.00005 0.00071 ( 2)
  29 P   0.96406 0.03482 0.00108 0.00004 ( 1)
  30 T   0.57135 0.42513 0.00200 0.00152 ( 1)
  31 F   0.97691 0.02237 0.00070 0.00002 ( 1)
  32 N   0.00469 0.99384 0.00001 0.00146 ( 2)
  33 V   0.15329 0.84572 0.00014 0.00085 ( 2)
  34 M   0.06015 0.93885 0.00006 0.00094 ( 2)
  35 E   0.95987 0.03940 0.00071 0.00003 ( 1)
  36 S   0.72026 0.27901 0.00052 0.00022 ( 1)
  37 S   0.00322 0.99578 0.00000 0.00100 ( 2)
  38 A   0.09231 0.90659 0.00010 0.00101 ( 2)
  39 I   0.98084 0.01819 0.00096 0.00002 ( 1)
  40 R   0.95759 0.04158 0.00079 0.00004 ( 1)
  41 N   0.09767 0.90156 0.00007 0.00070 ( 2)
  42 P   0.96618 0.03298 0.00081 0.00003 ( 1)
  43 H   0.97982 0.01957 0.00060 0.00001 ( 1)
  44 L   0.86979 0.12904 0.00101 0.00016 ( 1)
  45 F   0.01123 0.98772 0.00001 0.00104 ( 2)
  46 D   0.43281 0.56534 0.00079 0.00106 ( 2)
  47 I   0.11049 0.88874 0.00008 0.00069 ( 2)
  48 L   0.87945 0.11938 0.00102 0.00014 ( 1)
  49 N   0.12847 0.87072 0.00010 0.00071 ( 2)
  50 N   0.00160 0.99669 0.00000 0.00170 ( 2)
  51 L   0.45409 0.54516 0.00033 0.00042 ( 2)
  52 T   0.94384 0.05266 0.00331 0.00019 ( 1)
  53 I   0.95933 0.03969 0.00094 0.00004 ( 1)
  54 F   0.65395 0.34531 0.00047 0.00027 ( 1)
  55 T   0.95323 0.04552 0.00119 0.00006 ( 1)
  56 D   0.97828 0.02106 0.00064 0.00001 ( 1)
  57 W   0.57045 0.41602 0.00783 0.00571 ( 1)
  58 F   0.17744 0.80902 0.00243 0.01110 ( 2)
  59 S   0.18474 0.81450 0.00013 0.00063 ( 2)
  60 V   0.37325 0.62212 0.00172 0.00290 ( 2)
  61 G   0.51938 0.47949 0.00057 0.00056 ( 1)
  62 R   0.42549 0.57381 0.00029 0.00041 ( 2)
  63 N   0.51715 0.48210 0.00037 0.00037 ( 1)
  64 F   0.00022 0.99862 0.00000 0.00117 ( 2)
  65 Y   0.67507 0.32419 0.00049 0.00025 ( 1)
  66 W   0.77457 0.22308 0.00182 0.00053 ( 1)
  67 G   0.93507 0.06396 0.00091 0.00006 ( 1)
  68 G   0.88394 0.11280 0.00289 0.00037 ( 1)
  69 H   0.94282 0.05498 0.00207 0.00012 ( 1)
  70 R   0.09429 0.90349 0.00021 0.00201 ( 2)
  71 V   0.47761 0.52136 0.00048 0.00055 ( 2)
  72 I   0.00051 0.99867 0.00000 0.00082 ( 2)
  73 S   0.36298 0.20322 0.41578 0.01802 ( 3)
  74 S   0.00136 0.99669 0.00000 0.00195 ( 2)
  75 L   0.06330 0.93253 0.00026 0.00391 ( 2)
  76 I   0.09323 0.90545 0.00012 0.00120 ( 2)
  77 G   0.93507 0.06396 0.00091 0.00006 ( 1)
  78 G   0.04297 0.95347 0.00015 0.00340 ( 2)
  79 G   0.00057 0.99825 0.00000 0.00118 ( 2)
  80 N   0.65597 0.34291 0.00072 0.00041 ( 1)
  81 -   0.53640 0.46282 0.00040 0.00038 ( 1)
  82 -   0.51580 0.48200 0.00112 0.00107 ( 1)
  83 I   0.97135 0.02760 0.00101 0.00003 ( 1)
  84 T   0.00240 0.99672 0.00000 0.00087 ( 2)
  85 S   0.43518 0.56103 0.00164 0.00215 ( 2)
  86 P   0.97252 0.02664 0.00081 0.00002 ( 1)
  87 I   0.04925 0.94955 0.00006 0.00115 ( 2)
  88 Y   0.95806 0.04122 0.00069 0.00003 ( 1)
  89 G   0.93793 0.06110 0.00091 0.00006 ( 1)
  90 R   0.51977 0.47878 0.00074 0.00070 ( 1)
  91 E   0.91616 0.08311 0.00067 0.00006 ( 1)
  92 A   0.03845 0.96054 0.00004 0.00097 ( 2)
  93 N   0.68551 0.31372 0.00052 0.00026 ( 1)
  94 Q   0.00366 0.99502 0.00000 0.00131 ( 2)
  95 E   0.83837 0.15997 0.00139 0.00027 ( 1)
  96 P   0.00003 0.99579 0.00000 0.00417 ( 2)
  97 P   0.93649 0.05969 0.00358 0.00023 ( 1)
  98 R   0.03617 0.96278 0.00004 0.00102 ( 2)
  99 S   0.00000 0.99882 0.00000 0.00118 ( 2)
 100 F   0.11620 0.88276 0.00011 0.00093 ( 2)
 101 T   0.00022 0.99622 0.00000 0.00356 ( 2)
 102 F   0.01016 0.98867 0.00001 0.00115 ( 2)
 103 N   0.00485 0.99368 0.00001 0.00146 ( 2)
 104 G   0.03003 0.96908 0.00003 0.00087 ( 2)
 105 -   0.08866 0.90964 0.00015 0.00156 ( 2)
 106 -   0.10897 0.88998 0.00011 0.00094 ( 2)
 107 P   0.90189 0.09698 0.00101 0.00011 ( 1)
 108 V   0.73915 0.25979 0.00077 0.00029 ( 1)
 109 F   0.79404 0.20524 0.00057 0.00016 ( 1)
 110 R   0.42089 0.57826 0.00035 0.00050 ( 2)
 111 T   0.95638 0.04238 0.00119 0.00006 ( 1)
 112 L   0.92682 0.07241 0.00071 0.00006 ( 1)
 113 S   0.91654 0.08205 0.00129 0.00012 ( 1)
 114 N   0.01374 0.98549 0.00001 0.00076 ( 2)
 115 P   0.00580 0.99314 0.00001 0.00105 ( 2)
 116 T   0.96657 0.03219 0.00120 0.00004 ( 1)
 117 L   0.00223 0.99400 0.00001 0.00376 ( 2)
 118 R   0.37535 0.62385 0.00029 0.00051 ( 2)
 119 L   0.00000 0.99813 0.00000 0.00187 ( 2)
 120 L   0.00375 0.99543 0.00000 0.00081 ( 2)
 121 Q   0.00022 0.99831 0.00000 0.00147 ( 2)
 122 Q   0.08339 0.91580 0.00006 0.00075 ( 2)
 123 P   0.96283 0.03633 0.00081 0.00003 ( 1)
 124 W   0.00051 0.98595 0.00001 0.01353 ( 2)
 125 P   0.15555 0.83091 0.00213 0.01140 ( 2)
 126 A   0.01278 0.97368 0.00018 0.01336 ( 2)
 127 P   0.07997 0.90650 0.00110 0.01244 ( 2)
 128 P   0.11652 0.86994 0.00160 0.01194 ( 2)
 129 F   0.78979 0.19668 0.01084 0.00270 ( 1)
 130 N   0.01473 0.97174 0.00020 0.01333 ( 2)
 131 L   0.46787 0.53110 0.00047 0.00056 ( 2)
 132 R   0.08822 0.91078 0.00008 0.00092 ( 2)
 133 G   0.05041 0.94858 0.00005 0.00096 ( 2)
 134 V   0.00529 0.99188 0.00001 0.00282 ( 2)
 135 E   0.91270 0.08564 0.00151 0.00015 ( 1)
 136 G   0.92202 0.07701 0.00089 0.00008 ( 1)
 137 V   0.93421 0.06282 0.00278 0.00019 ( 1)
 138 E   0.96454 0.03472 0.00071 0.00003 ( 1)
 139 F   0.95473 0.04336 0.00182 0.00008 ( 1)
 140 S   0.00371 0.99534 0.00000 0.00095 ( 2)
 141 T   0.00550 0.99368 0.00000 0.00081 ( 2)
 142 P   0.01029 0.98853 0.00001 0.00117 ( 2)
 143 T   0.00050 0.99839 0.00000 0.00111 ( 2)
 144 -   0.46505 0.52141 0.00638 0.00715 ( 2)
 145 N   0.00701 0.99222 0.00001 0.00077 ( 2)
 146 S   0.10029 0.89884 0.00008 0.00078 ( 2)
 147 F   0.00005 0.99918 0.00000 0.00077 ( 2)
 148 T   0.07231 0.92486 0.00020 0.00263 ( 2)
 149 Y   0.97049 0.02878 0.00070 0.00002 ( 1)
 150 R   0.94943 0.04990 0.00064 0.00004 ( 1)
 151 G   0.10163 0.89754 0.00008 0.00075 ( 2)
 152 R   0.59610 0.39939 0.00265 0.00187 ( 1)
 153 G   0.96345 0.03584 0.00068 0.00003 ( 1)
 154 T   0.00023 0.99859 0.00000 0.00118 ( 2)
 155 V   0.08793 0.90482 0.00060 0.00664 ( 2)
 156 D   0.98493 0.01442 0.00064 0.00001 ( 1)
 157 S   0.96023 0.03889 0.00085 0.00004 ( 1)
 158 L   0.13304 0.86620 0.00010 0.00067 ( 2)
 159 T   0.00750 0.95264 0.00360 0.03627 ( 2)
 160 E   0.89506 0.10420 0.00066 0.00008 ( 1)
 161 L   0.89570 0.10313 0.00104 0.00012 ( 1)
 162 P   0.86011 0.13876 0.00097 0.00016 ( 1)
 163 P   0.96933 0.02984 0.00081 0.00003 ( 1)
 164 E   0.00102 0.99803 0.00000 0.00095 ( 2)
 165 D   0.20607 0.79324 0.00013 0.00056 ( 2)
 166 N   0.00002 0.99638 0.00000 0.00361 ( 2)
 167 S   0.00845 0.98691 0.00004 0.00461 ( 2)
 168 V   0.38340 0.61557 0.00038 0.00065 ( 2)
 169 P   0.06784 0.93122 0.00006 0.00088 ( 2)
 170 P   0.96933 0.02984 0.00081 0.00003 ( 1)
 171 R   0.00002 0.87890 0.00003 0.12106 ( 2)
 172 E   0.00290 0.99605 0.00000 0.00105 ( 2)
 173 G   0.04365 0.95304 0.00014 0.00317 ( 2)
 174 Y   0.96214 0.03713 0.00070 0.00003 ( 1)
 175 S   0.98663 0.01265 0.00071 0.00001 ( 1)
 176 H   0.88616 0.11164 0.00195 0.00025 ( 1)
 177 R   0.95145 0.04788 0.00064 0.00003 ( 1)
 178 L   0.90231 0.09653 0.00105 0.00012 ( 1)
 179 C   0.92308 0.07379 0.00289 0.00024 ( 1)
 180 H   0.97982 0.01957 0.00060 0.00001 ( 1)
 181 A   0.95870 0.03835 0.00284 0.00012 ( 1)
 182 T   0.93150 0.06725 0.00116 0.00009 ( 1)
 183 F   0.98447 0.01481 0.00071 0.00001 ( 1)
 184 V   0.46044 0.53837 0.00054 0.00065 ( 2)
 185 Q   0.03971 0.95952 0.00003 0.00075 ( 2)
 186 R   0.36103 0.63449 0.00161 0.00287 ( 2)
 187 S   0.14901 0.84995 0.00015 0.00090 ( 2)
 188 G   0.55269 0.44656 0.00040 0.00035 ( 1)
 189 T   0.03496 0.96403 0.00003 0.00098 ( 2)
 190 P   0.96123 0.03764 0.00108 0.00004 ( 1)
 191 F   0.00245 0.99667 0.00000 0.00087 ( 2)
 192 L   0.51221 0.48075 0.00351 0.00353 ( 1)
 193 T   0.14090 0.84557 0.00193 0.01160 ( 2)
 194 T   0.63629 0.36258 0.00070 0.00042 ( 1)
 195 G   0.92746 0.07061 0.00179 0.00014 ( 1)
 196 V   0.00000 0.03437 0.00001 0.96562 ( 4)
 197 V   0.51717 0.47792 0.00248 0.00244 ( 1)
 198 F   0.77689 0.22239 0.00056 0.00017 ( 1)
 199 S   0.48659 0.19260 0.31116 0.00965 ( 1)
 200 W   0.77457 0.22308 0.00182 0.00053 ( 1)
 201 T   0.94187 0.05688 0.00117 0.00008 ( 1)
 202 H   0.95773 0.03777 0.00433 0.00018 ( 1)
 203 R   0.96443 0.03489 0.00065 0.00002 ( 1)
 204 S   0.97370 0.02558 0.00070 0.00002 ( 1)


lnL = -2847.990433

