Supplemental results for CODEML (seqf: algn  treef: tree)


dN/dS (w) for site classes (K=4)

site class             0        1       2a       2b
proportion       0.32290  0.47158  0.08353  0.12199
background w     0.13397  1.00000  0.13397  1.00000
foreground w     0.13397  1.00000  1.00000  1.00000

Naive Empirical Bayes (NEB) probabilities for 4 classes
(amino acids refer to 1st sequence: BT_Cry40Aa1)

   1 -   0.73190 0.06258 0.18933 0.01619 ( 1)
   2 S   0.08493 0.71661 0.01308 0.18538 ( 2)
   3 L   0.00455 0.78579 0.00639 0.20327 ( 2)
   4 G   0.00064 0.23213 0.70718 0.06005 ( 3)
   5 G   0.00741 0.76988 0.02355 0.19916 ( 2)
   6 I   0.15156 0.45579 0.27474 0.11791 ( 2)
   7 N   0.00000 0.79398 0.00063 0.20539 ( 2)
   8 T   0.00000 0.79445 0.00003 0.20551 ( 2)
   9 L   0.01063 0.78229 0.00471 0.20237 ( 2)
  10 F   0.00001 0.79445 0.00003 0.20551 ( 2)
  11 S   0.00000 0.79448 0.00000 0.20552 ( 2)
  12 I   0.34634 0.06585 0.57077 0.01703 ( 3)
  13 I   0.84093 0.00475 0.15309 0.00123 ( 1)
  14 G   0.00000 0.79448 0.00001 0.20552 ( 2)
  15 K   0.00001 0.79445 0.00003 0.20551 ( 2)
  16 L   0.00127 0.79339 0.00010 0.20524 ( 2)
  17 I   0.00011 0.79437 0.00002 0.20549 ( 2)
  18 -   0.00713 0.78735 0.00184 0.20368 ( 2)
  19 P   0.16379 0.65506 0.01170 0.16945 ( 2)
  20 T   0.27624 0.49676 0.09850 0.12850 ( 2)
  21 N   0.00073 0.79262 0.00161 0.20504 ( 2)
  22 H   0.01752 0.74813 0.04082 0.19353 ( 2)
  23 Q   0.00000 0.79448 0.00000 0.20552 ( 2)
  24 S   0.00068 0.78181 0.01527 0.20224 ( 2)
  25 V   0.50842 0.00420 0.48629 0.00109 ( 1)
  26 S   0.01196 0.75456 0.03829 0.19519 ( 2)
  27 A   0.00013 0.79409 0.00037 0.20542 ( 2)
  28 L   0.96227 0.00258 0.03448 0.00067 ( 1)
  29 S   0.96256 0.00001 0.03743 0.00000 ( 1)
  30 I   0.96869 0.00762 0.02172 0.00197 ( 1)
  31 C   0.02007 0.77784 0.00087 0.20122 ( 2)
  32 D   0.98154 0.00143 0.01666 0.00037 ( 1)
  33 L   0.94274 0.00012 0.05711 0.00003 ( 1)
  34 L   0.00300 0.79195 0.00018 0.20487 ( 2)
  35 S   0.00962 0.78654 0.00037 0.20346 ( 2)
  36 I   0.97765 0.00034 0.02192 0.00009 ( 1)
  37 I   0.97825 0.00000 0.02175 0.00000 ( 1)
  38 R   0.28001 0.55900 0.01640 0.14460 ( 2)
  39 K   0.01445 0.78269 0.00040 0.20247 ( 2)
  40 E   0.00085 0.79376 0.00006 0.20533 ( 2)
  41 V   0.95640 0.01029 0.03066 0.00266 ( 1)
  42 A   0.00049 0.79140 0.00339 0.20472 ( 2)
  43 D   0.00309 0.78440 0.00959 0.20291 ( 2)
  44 S   0.00033 0.79422 0.00001 0.20545 ( 2)
  45 V   0.52473 0.36624 0.01429 0.09474 ( 1)
  46 L   0.87132 0.06030 0.05278 0.01560 ( 1)
  47 S   0.00030 0.79346 0.00099 0.20526 ( 2)
  48 D   0.00000 0.79448 0.00000 0.20552 ( 2)
  49 A   0.12414 0.06383 0.79552 0.01651 ( 3)
  50 I   0.00000 0.79447 0.00001 0.20552 ( 2)
  51 C   0.00002 0.79197 0.00314 0.20487 ( 2)
  52 R   0.00086 0.78986 0.00495 0.20432 ( 2)
  53 F   0.97847 0.00000 0.02153 0.00000 ( 1)
  54 L   0.32290 0.47158 0.08353 0.12199 ( 2)
  55 D   0.00590 0.78754 0.00284 0.20372 ( 2)
  56 G   0.82751 0.11466 0.02817 0.02966 ( 1)
  57 K   0.00131 0.78939 0.00510 0.20420 ( 2)
  58 L   0.00043 0.79386 0.00035 0.20536 ( 2)
  59 K   0.00000 0.79448 0.00000 0.20552 ( 2)
  60 N   0.00247 0.79135 0.00147 0.20471 ( 2)
  61 Y   0.96583 0.00019 0.03393 0.00005 ( 1)
  62 R   0.00000 0.79414 0.00043 0.20543 ( 2)
  63 E   0.00000 0.79448 0.00000 0.20552 ( 2)
  64 Y   0.61080 0.29236 0.02121 0.07563 ( 1)
  65 Y   0.96644 0.00000 0.03355 0.00000 ( 1)
  66 L   0.96539 0.00002 0.03459 0.00000 ( 1)
  67 P   0.00000 0.79448 0.00000 0.20552 ( 2)
  68 Y   0.42999 0.34540 0.13526 0.08935 ( 1)
  69 L   0.69363 0.22366 0.02486 0.05786 ( 1)
  70 E   0.00000 0.79448 0.00000 0.20552 ( 2)
  71 A   0.00000 0.79448 0.00000 0.20552 ( 2)
  72 W   0.84065 0.03762 0.11199 0.00973 ( 1)
  73 L   0.01151 0.78501 0.00041 0.20307 ( 2)
  74 K   0.00051 0.75993 0.04298 0.19658 ( 2)
  75 D   0.00026 0.79137 0.00366 0.20471 ( 2)
  76 G   0.00018 0.79410 0.00031 0.20542 ( 2)
  77 K   0.00025 0.79422 0.00008 0.20545 ( 2)
  78 P   0.80878 0.11478 0.04675 0.02969 ( 1)
  79 L   0.00773 0.76769 0.02599 0.19859 ( 2)
  80 Q   0.02096 0.68475 0.11716 0.17713 ( 2)
  81 K   0.03198 0.51334 0.32189 0.13279 ( 2)
  82 T   0.04935 0.72824 0.03402 0.18839 ( 2)
  83 -   0.32290 0.47158 0.08353 0.12199 ( 2)
  84 N   0.04903 0.74903 0.00818 0.19376 ( 2)
  85 N   0.00000 0.79448 0.00000 0.20552 ( 2)
  86 S   0.00000 0.79448 0.00000 0.20552 ( 2)
  87 D   0.00000 0.79448 0.00000 0.20552 ( 2)
  88 I   0.14812 0.62514 0.06503 0.16171 ( 2)
  89 G   0.00000 0.79448 0.00000 0.20552 ( 2)
  90 Q   0.00000 0.79447 0.00001 0.20552 ( 2)
  91 L   0.25368 0.52203 0.08925 0.13504 ( 2)
  92 V   0.00141 0.79155 0.00229 0.20476 ( 2)
  93 K   0.00000 0.79444 0.00005 0.20551 ( 2)
  94 Y   0.00007 0.79440 0.00003 0.20550 ( 2)
  95 F   0.89760 0.00261 0.09912 0.00067 ( 1)
  96 E   0.00001 0.79446 0.00002 0.20551 ( 2)
  97 L   0.00000 0.79448 0.00000 0.20552 ( 2)
  98 S   0.00054 0.79384 0.00026 0.20535 ( 2)
  99 E   0.97200 0.00005 0.02794 0.00001 ( 1)
 100 R   0.00010 0.79302 0.00174 0.20514 ( 2)
 101 D   0.00000 0.79446 0.00002 0.20551 ( 2)
 102 F   0.87043 0.02951 0.09243 0.00763 ( 1)
 103 N   0.00412 0.79102 0.00023 0.20462 ( 2)
 104 E   0.00000 0.79448 0.00000 0.20552 ( 2)
 105 I   0.01403 0.77979 0.00446 0.20172 ( 2)
 106 L   0.92521 0.00157 0.07281 0.00041 ( 1)
 107 -   0.54265 0.25183 0.14037 0.06515 ( 1)
 108 -   0.10851 0.68597 0.02807 0.17745 ( 2)
 109 -   0.46085 0.33363 0.11921 0.08630 ( 1)
 110 -   0.56388 0.23060 0.14587 0.05965 ( 1)
 111 -   0.49185 0.30263 0.12723 0.07829 ( 1)
 112 -   0.47037 0.32411 0.12168 0.08384 ( 1)
 113 -   0.22264 0.57184 0.05759 0.14793 ( 2)
 114 G   0.00006 0.78767 0.00852 0.20376 ( 2)
 115 G   0.13372 0.67686 0.01434 0.17509 ( 2)
 116 S   0.00002 0.79446 0.00000 0.20552 ( 2)
 117 L   0.93953 0.00009 0.06035 0.00002 ( 1)
 118 A   0.00659 0.78562 0.00457 0.20323 ( 2)
 119 R   0.00109 0.79358 0.00005 0.20529 ( 2)
 120 N   0.00000 0.79448 0.00000 0.20552 ( 2)
 121 N   0.01561 0.77783 0.00535 0.20121 ( 2)
 122 A   0.05335 0.74042 0.01471 0.19153 ( 2)
 123 Q   0.63687 0.08183 0.26014 0.02117 ( 1)
 124 I   0.78162 0.00048 0.21778 0.00012 ( 1)
 125 L   0.53106 0.33656 0.04531 0.08706 ( 1)
 126 L   0.94283 0.00005 0.05711 0.00001 ( 1)
 127 L   0.92544 0.00014 0.07438 0.00004 ( 1)
 128 P   0.95133 0.00001 0.04866 0.00000 ( 1)
 129 Y   0.15226 0.37194 0.37958 0.09622 ( 3)
 130 F   0.33892 0.00255 0.65787 0.00066 ( 3)
 131 C   0.00007 0.77489 0.02459 0.20045 ( 2)
 132 A   0.20247 0.03926 0.74811 0.01016 ( 3)
 133 S   0.04983 0.00339 0.94591 0.00088 ( 3)
 134 C   0.27659 0.00001 0.72339 0.00000 ( 3)
 135 K   0.82238 0.05819 0.10438 0.01505 ( 1)
 136 C   0.00055 0.65887 0.17014 0.17044 ( 2)
 137 Q   0.64602 0.00000 0.35398 0.00000 ( 1)
 138 L   0.94285 0.00003 0.05711 0.00001 ( 1)
 139 L   0.01854 0.77886 0.00112 0.20148 ( 2)
 140 L   0.89905 0.02481 0.06971 0.00642 ( 1)
 141 L   0.94285 0.00003 0.05711 0.00001 ( 1)
 142 R   0.91049 0.00659 0.08121 0.00171 ( 1)
 143 D   0.98327 0.00000 0.01673 0.00000 ( 1)
 144 A   0.09575 0.00034 0.90383 0.00009 ( 3)
 145 V   0.42518 0.44780 0.01118 0.11584 ( 2)
 146 Q   0.00004 0.79445 0.00000 0.20551 ( 2)
 147 Y   0.96609 0.00029 0.03354 0.00008 ( 1)
 148 E   0.00080 0.79370 0.00018 0.20532 ( 2)
 149 E   0.00001 0.79295 0.00192 0.20512 ( 2)
 150 Q   0.00000 0.79448 0.00000 0.20552 ( 2)
 151 W   0.29625 0.52776 0.03947 0.13652 ( 2)
 152 F   0.00000 0.79286 0.00204 0.20510 ( 2)
 153 P   0.00024 0.67067 0.15559 0.17349 ( 2)
 154 F   0.00000 0.79439 0.00011 0.20550 ( 2)
 155 L   0.00003 0.79446 0.00000 0.20551 ( 2)
 156 S   0.00004 0.79443 0.00002 0.20551 ( 2)
 157 A   0.00056 0.79209 0.00245 0.20490 ( 2)
 158 E   0.00225 0.79258 0.00013 0.20503 ( 2)
 159 N   0.02649 0.76753 0.00743 0.19855 ( 2)
 160 V   0.00061 0.79397 0.00003 0.20539 ( 2)
 161 R   0.00014 0.79411 0.00033 0.20542 ( 2)
 162 S   0.00105 0.79354 0.00014 0.20527 ( 2)
 163 E   0.64436 0.26782 0.01854 0.06928 ( 1)
 164 L   0.01500 0.78171 0.00107 0.20221 ( 2)
 165 I   0.02199 0.77661 0.00050 0.20090 ( 2)
 166 S   0.84015 0.07965 0.05960 0.02060 ( 1)
 167 P   0.31014 0.53546 0.01589 0.13851 ( 2)
 168 N   0.11601 0.64323 0.07438 0.16639 ( 2)
 169 S   0.29131 0.45774 0.13255 0.11841 ( 2)
 170 G   0.05351 0.73006 0.02758 0.18886 ( 2)
 171 C   0.38394 0.42907 0.07600 0.11099 ( 2)
 172 D   0.41257 0.40913 0.07247 0.10583 ( 1)
 173 F   0.40369 0.41531 0.07356 0.10743 ( 2)
 174 T   0.00001 0.79446 0.00001 0.20552 ( 2)
 175 G   0.00000 0.79448 0.00000 0.20552 ( 2)
 176 D   0.02238 0.77640 0.00038 0.20084 ( 2)
 177 Y   0.94970 0.00068 0.04945 0.00018 ( 1)
 178 Y   0.00000 0.79448 0.00000 0.20552 ( 2)
 179 E   0.00000 0.79448 0.00000 0.20552 ( 2)
 180 R   0.03991 0.70581 0.07170 0.18258 ( 2)
 181 L   0.64932 0.00122 0.34915 0.00031 ( 1)
 182 K   0.00841 0.78762 0.00023 0.20374 ( 2)
 183 C   0.00000 0.79448 0.00000 0.20552 ( 2)
 184 K   0.00006 0.79441 0.00003 0.20550 ( 2)
 185 I   0.11058 0.01651 0.86864 0.00427 ( 3)
 186 A   0.00000 0.79448 0.00000 0.20552 ( 2)
 187 E   0.00000 0.79447 0.00001 0.20552 ( 2)
 188 Y   0.79559 0.00001 0.20440 0.00000 ( 1)
 189 T   0.02205 0.01593 0.95790 0.00412 ( 3)
 190 D   0.09568 0.00005 0.90426 0.00001 ( 3)
 191 Y   0.78859 0.00075 0.21047 0.00019 ( 1)
 192 C   0.96199 0.00006 0.03794 0.00002 ( 1)
 193 E   0.00006 0.78388 0.01328 0.20278 ( 2)
 194 Y   0.00000 0.79448 0.00000 0.20552 ( 2)
 195 W   0.00032 0.79419 0.00004 0.20544 ( 2)
 196 Y   0.96644 0.00000 0.03355 0.00000 ( 1)
 197 Q   0.44304 0.39900 0.05474 0.10322 ( 1)
 198 A   0.00000 0.79448 0.00000 0.20552 ( 2)
 199 G   0.96708 0.00000 0.03292 0.00000 ( 1)
 200 L   0.94255 0.00028 0.05709 0.00007 ( 1)
 201 N   0.87005 0.00082 0.12892 0.00021 ( 1)
 202 Q   0.00478 0.79024 0.00056 0.20442 ( 2)
 203 I   0.97565 0.00197 0.02188 0.00051 ( 1)
 204 K   0.80522 0.00726 0.18564 0.00188 ( 1)
 205 Q   0.00000 0.79448 0.00000 0.20552 ( 2)
 206 A   0.00000 0.79318 0.00164 0.20518 ( 2)
 207 G   0.91065 0.00003 0.08931 0.00001 ( 1)
 208 T   0.00525 0.78183 0.01067 0.20225 ( 2)
 209 G   0.00051 0.78858 0.00692 0.20399 ( 2)
 210 A   0.33287 0.01005 0.65448 0.00260 ( 3)
 211 D   0.00000 0.79445 0.00004 0.20551 ( 2)
 212 T   0.00000 0.79448 0.00000 0.20552 ( 2)
 213 W   0.87727 0.00465 0.11687 0.00120 ( 1)
 214 A   0.00105 0.47514 0.40090 0.12291 ( 2)
 215 K   0.96229 0.00929 0.02602 0.00240 ( 1)
 216 F   0.97847 0.00000 0.02153 0.00000 ( 1)
 217 N   0.98395 0.00013 0.01588 0.00003 ( 1)
 218 K   0.00242 0.79250 0.00007 0.20501 ( 2)
 219 F   0.97537 0.00005 0.02456 0.00001 ( 1)
 220 R   0.94265 0.00025 0.05703 0.00007 ( 1)
 221 R   0.96089 0.00050 0.03848 0.00013 ( 1)
 222 E   0.96947 0.00244 0.02747 0.00063 ( 1)
 223 M   0.97145 0.00000 0.02855 0.00000 ( 1)
 224 T   0.90486 0.00000 0.09514 0.00000 ( 1)
 225 L   0.90222 0.00661 0.08946 0.00171 ( 1)
 226 T   0.00016 0.79351 0.00106 0.20527 ( 2)
 227 V   0.96990 0.00000 0.03010 0.00000 ( 1)
 228 L   0.90736 0.00009 0.09252 0.00002 ( 1)
 229 D   0.98331 0.00000 0.01669 0.00000 ( 1)
 230 I   0.97683 0.00115 0.02173 0.00030 ( 1)
 231 I   0.88522 0.00050 0.11415 0.00013 ( 1)
 232 A   0.26027 0.58125 0.00813 0.15036 ( 2)
 233 I   0.41982 0.38713 0.09290 0.10015 ( 1)
 234 F   0.97835 0.00010 0.02152 0.00003 ( 1)
 235 Q   0.68298 0.00731 0.30781 0.00189 ( 1)
 236 T   0.01342 0.78140 0.00304 0.20214 ( 2)


lnL = -8743.461148

