Supplemental results for CODEML (seqf: algn  treef: tree)


dN/dS (w) for site classes (K=4)

site class             0        1       2a       2b
proportion       0.47262  0.51145  0.00765  0.00828
background w     0.02676  0.32912  0.02676  0.32912
foreground w     0.02676  0.32912 41.97327 41.97327

Naive Empirical Bayes (NEB) probabilities for 4 classes
(amino acids refer to 1st sequence: BT_Cry1Ca11)

   1 -   0.00285 0.98122 0.00005 0.01589 ( 2)
   2 -   0.88080 0.10326 0.01426 0.00167 ( 1)
   3 -   0.33005 0.65402 0.00534 0.01059 ( 2)
   4 G   0.01921 0.97959 0.00002 0.00119 ( 2)
   5 Q   0.92347 0.07475 0.00165 0.00014 ( 1)
   6 L   0.86737 0.13014 0.00216 0.00033 ( 1)
   7 T   0.95426 0.04385 0.00180 0.00009 ( 1)
   8 R   0.86681 0.13010 0.00269 0.00041 ( 1)
   9 E   0.96476 0.03390 0.00129 0.00005 ( 1)
  10 V   0.05904 0.78807 0.08463 0.06826 ( 2)
  11 Y   0.97060 0.02816 0.00120 0.00004 ( 1)
  12 T   0.02917 0.96560 0.00015 0.00508 ( 2)
  13 D   0.94935 0.04691 0.00356 0.00018 ( 1)
  14 P   0.74842 0.24971 0.00139 0.00048 ( 1)
  15 L   0.89119 0.10650 0.00206 0.00025 ( 1)
  16 I   0.01617 0.98228 0.00002 0.00153 ( 2)
  17 N   0.01284 0.84145 0.02918 0.11653 ( 2)
  18 F   0.16146 0.83739 0.00018 0.00097 ( 2)
  19 N   0.98642 0.01247 0.00109 0.00001 ( 1)
  20 P   0.06734 0.93075 0.00012 0.00178 ( 2)
  21 Q   0.00034 0.99507 0.00000 0.00459 ( 2)
  22 L   0.90773 0.08994 0.00211 0.00021 ( 1)
  23 Q   0.00060 0.99478 0.00000 0.00462 ( 2)
  24 S   0.74555 0.25308 0.00101 0.00036 ( 1)
  25 V   0.00737 0.99095 0.00001 0.00168 ( 2)
  26 A   0.62153 0.37702 0.00086 0.00059 ( 1)
  27 Q   0.03052 0.96765 0.00005 0.00177 ( 2)
  28 L   0.09214 0.90550 0.00021 0.00214 ( 2)
  29 P   0.96448 0.03421 0.00126 0.00005 ( 1)
  30 T   0.59667 0.40173 0.00093 0.00067 ( 1)
  31 F   0.97698 0.02191 0.00108 0.00003 ( 1)
  32 N   0.00648 0.99016 0.00002 0.00333 ( 2)
  33 V   0.18271 0.81579 0.00026 0.00124 ( 2)
  34 M   0.07494 0.92396 0.00008 0.00102 ( 2)
  35 E   0.96004 0.03740 0.00245 0.00011 ( 1)
  36 S   0.74302 0.25351 0.00258 0.00090 ( 1)
  37 S   0.00403 0.87199 0.00673 0.11725 ( 2)
  38 A   0.11404 0.88395 0.00023 0.00178 ( 2)
  39 I   0.98065 0.01795 0.00138 0.00003 ( 1)
  40 R   0.95787 0.04064 0.00142 0.00006 ( 1)
  41 N   0.12088 0.86187 0.00296 0.01429 ( 2)
  42 P   0.96633 0.03236 0.00127 0.00004 ( 1)
  43 H   0.97980 0.01917 0.00100 0.00002 ( 1)
  44 L   0.87155 0.12606 0.00208 0.00031 ( 1)
  45 F   0.01445 0.98411 0.00002 0.00142 ( 2)
  46 D   0.45563 0.54330 0.00046 0.00061 ( 2)
  47 I   0.11989 0.76657 0.07443 0.03910 ( 2)
  48 L   0.88042 0.11525 0.00383 0.00051 ( 1)
  49 N   0.15037 0.84833 0.00017 0.00113 ( 2)
  50 N   0.00225 0.99631 0.00000 0.00144 ( 2)
  51 L   0.49286 0.50588 0.00061 0.00065 ( 2)
  52 T   0.94600 0.05211 0.00179 0.00010 ( 1)
  53 I   0.96124 0.03589 0.00274 0.00013 ( 1)
  54 F   0.68115 0.31753 0.00089 0.00043 ( 1)
  55 T   0.95389 0.04334 0.00264 0.00013 ( 1)
  56 D   0.97817 0.02082 0.00099 0.00002 ( 1)
  57 W   0.58246 0.41294 0.00268 0.00192 ( 1)
  58 F   0.19574 0.80299 0.00024 0.00104 ( 2)
  59 S   0.21543 0.78345 0.00023 0.00089 ( 2)
  60 V   0.40011 0.59855 0.00052 0.00082 ( 2)
  61 G   0.55055 0.44760 0.00101 0.00084 ( 1)
  62 R   0.45517 0.53796 0.00314 0.00373 ( 2)
  63 N   0.54267 0.45348 0.00214 0.00171 ( 1)
  64 F   0.00033 0.99842 0.00000 0.00125 ( 2)
  65 Y   0.69886 0.29990 0.00086 0.00038 ( 1)
  66 W   0.77849 0.21692 0.00358 0.00101 ( 1)
  67 G   0.93579 0.06238 0.00172 0.00012 ( 1)
  68 G   0.88719 0.11097 0.00163 0.00021 ( 1)
  69 H   0.94453 0.05445 0.00097 0.00006 ( 1)
  70 R   0.11101 0.88549 0.00038 0.00312 ( 2)
  71 V   0.50471 0.49363 0.00083 0.00084 ( 1)
  72 I   0.00077 0.99733 0.00000 0.00190 ( 2)
  73 S   0.66471 0.33391 0.00090 0.00047 ( 1)
  74 S   0.00188 0.98581 0.00002 0.01228 ( 2)
  75 L   0.07818 0.91503 0.00035 0.00643 ( 2)
  76 I   0.11159 0.88662 0.00018 0.00161 ( 2)
  77 G   0.93579 0.06238 0.00172 0.00012 ( 1)
  78 G   0.05401 0.94311 0.00016 0.00272 ( 2)
  79 G   0.00087 0.99779 0.00000 0.00134 ( 2)
  80 N   0.68441 0.31232 0.00224 0.00103 ( 1)
  81 -   0.54168 0.44239 0.00877 0.00716 ( 1)
  82 -   0.51828 0.46579 0.00839 0.00754 ( 1)
  83 I   0.97126 0.02713 0.00156 0.00005 ( 1)
  84 T   0.00326 0.99473 0.00001 0.00201 ( 2)
  85 S   0.46161 0.53700 0.00063 0.00076 ( 2)
  86 P   0.97257 0.02612 0.00128 0.00004 ( 1)
  87 I   0.06038 0.93770 0.00011 0.00181 ( 2)
  88 Y   0.95818 0.04059 0.00118 0.00005 ( 1)
  89 G   0.93858 0.05958 0.00172 0.00011 ( 1)
  90 R   0.54889 0.44960 0.00081 0.00069 ( 1)
  91 E   0.91641 0.08012 0.00320 0.00028 ( 1)
  92 A   0.04796 0.94658 0.00026 0.00520 ( 2)
  93 N   0.71356 0.28359 0.00188 0.00097 ( 1)
  94 Q   0.00509 0.99033 0.00002 0.00456 ( 2)
  95 E   0.84102 0.15550 0.00293 0.00055 ( 1)
  96 P   0.00005 0.99842 0.00000 0.00152 ( 2)
  97 P   0.93943 0.05872 0.00174 0.00011 ( 1)
  98 R   0.04686 0.95160 0.00007 0.00146 ( 2)
  99 S   0.00000 0.99822 0.00000 0.00178 ( 2)
 100 F   0.14212 0.85671 0.00016 0.00102 ( 2)
 101 T   0.00033 0.99756 0.00000 0.00211 ( 2)
 102 F   0.01387 0.98497 0.00002 0.00115 ( 2)
 103 N   0.00665 0.99197 0.00001 0.00137 ( 2)
 104 G   0.03686 0.95756 0.00020 0.00538 ( 2)
 105 -   0.09914 0.88493 0.00161 0.01433 ( 2)
 106 -   0.12219 0.86188 0.00198 0.01395 ( 2)
 107 P   0.90735 0.08977 0.00259 0.00029 ( 1)
 108 V   0.76251 0.23542 0.00154 0.00053 ( 1)
 109 F   0.81079 0.18810 0.00089 0.00022 ( 1)
 110 R   0.45253 0.54435 0.00140 0.00171 ( 2)
 111 T   0.95655 0.04187 0.00151 0.00007 ( 1)
 112 L   0.92737 0.07032 0.00215 0.00017 ( 1)
 113 S   0.91749 0.08000 0.00230 0.00021 ( 1)
 114 N   0.01858 0.98024 0.00002 0.00116 ( 2)
 115 P   0.00821 0.99042 0.00001 0.00136 ( 2)
 116 T   0.96654 0.03189 0.00151 0.00005 ( 1)
 117 L   0.00251 0.90162 0.00399 0.09188 ( 2)
 118 R   0.39504 0.59618 0.00392 0.00486 ( 2)
 119 L   0.00000 0.47460 0.00000 0.52540 ( 4)
 120 L   0.00523 0.99241 0.00001 0.00235 ( 2)
 121 Q   0.00033 0.99509 0.00000 0.00457 ( 2)
 122 Q   0.10235 0.89583 0.00018 0.00164 ( 2)
 123 P   0.96292 0.03576 0.00126 0.00005 ( 1)
 124 W   0.00071 0.99451 0.00000 0.00477 ( 2)
 125 P   0.17303 0.82507 0.00032 0.00158 ( 2)
 126 A   0.01605 0.97849 0.00009 0.00538 ( 2)
 127 P   0.08998 0.90811 0.00017 0.00174 ( 2)
 128 P   0.13021 0.86789 0.00024 0.00166 ( 2)
 129 F   0.80098 0.19791 0.00088 0.00023 ( 1)
 130 N   0.01809 0.98069 0.00002 0.00120 ( 2)
 131 L   0.49947 0.49820 0.00115 0.00118 ( 1)
 132 R   0.10796 0.89081 0.00013 0.00110 ( 2)
 133 G   0.06068 0.93804 0.00007 0.00122 ( 2)
 134 V   0.00713 0.99137 0.00001 0.00149 ( 2)
 135 E   0.91425 0.08440 0.00123 0.00012 ( 1)
 136 G   0.92284 0.07533 0.00169 0.00014 ( 1)
 137 V   0.93648 0.06189 0.00152 0.00010 ( 1)
 138 E   0.96476 0.03390 0.00129 0.00005 ( 1)
 139 F   0.95591 0.04298 0.00106 0.00005 ( 1)
 140 S   0.00507 0.99285 0.00001 0.00206 ( 2)
 141 T   0.00746 0.99057 0.00001 0.00196 ( 2)
 142 P   0.01404 0.98456 0.00002 0.00138 ( 2)
 143 T   0.00005 0.07133 0.11932 0.80930 ( 4)
 144 -   0.47262 0.51145 0.00765 0.00828 ( 2)
 145 N   0.00960 0.98892 0.00001 0.00146 ( 2)
 146 S   0.12283 0.87368 0.00043 0.00307 ( 2)
 147 F   0.00008 0.99871 0.00000 0.00121 ( 2)
 148 T   0.08898 0.90557 0.00049 0.00496 ( 2)
 149 Y   0.97060 0.02816 0.00120 0.00004 ( 1)
 150 R   0.94851 0.04803 0.00329 0.00017 ( 1)
 151 G   0.12514 0.87276 0.00027 0.00183 ( 2)
 152 R   0.62695 0.37155 0.00093 0.00057 ( 1)
 153 G   0.96369 0.03514 0.00113 0.00004 ( 1)
 154 T   0.00035 0.99417 0.00000 0.00548 ( 2)
 155 V   0.10655 0.89209 0.00014 0.00123 ( 2)
 156 D   0.98482 0.01418 0.00099 0.00002 ( 1)
 157 S   0.96034 0.03831 0.00130 0.00005 ( 1)
 158 L   0.16146 0.83609 0.00039 0.00206 ( 2)
 159 T   0.01105 0.98703 0.00002 0.00189 ( 2)
 160 E   0.89389 0.10216 0.00355 0.00040 ( 1)
 161 L   0.89716 0.10052 0.00208 0.00024 ( 1)
 162 P   0.86026 0.13391 0.00504 0.00079 ( 1)
 163 P   0.96940 0.02929 0.00127 0.00004 ( 1)
 164 E   0.00138 0.99501 0.00000 0.00361 ( 2)
 165 D   0.24175 0.75713 0.00026 0.00086 ( 2)
 166 N   0.00003 0.99835 0.00000 0.00162 ( 2)
 167 S   0.01099 0.98772 0.00001 0.00128 ( 2)
 168 V   0.41196 0.58267 0.00220 0.00317 ( 2)
 169 P   0.08298 0.91342 0.00027 0.00333 ( 2)
 170 P   0.96940 0.02929 0.00127 0.00004 ( 1)
 171 R   0.00003 0.99308 0.00000 0.00689 ( 2)
 172 E   0.00405 0.99438 0.00001 0.00157 ( 2)
 173 G   0.05340 0.94469 0.00010 0.00182 ( 2)
 174 Y   0.96237 0.03640 0.00119 0.00005 ( 1)
 175 S   0.98647 0.01246 0.00106 0.00001 ( 1)
 176 H   0.88774 0.11121 0.00093 0.00012 ( 1)
 177 R   0.95176 0.04705 0.00113 0.00006 ( 1)
 178 L   0.90364 0.09405 0.00209 0.00022 ( 1)
 179 C   0.92613 0.07268 0.00110 0.00009 ( 1)
 180 H   0.97980 0.01917 0.00100 0.00002 ( 1)
 181 A   0.96049 0.03777 0.00167 0.00007 ( 1)
 182 T   0.93174 0.06668 0.00147 0.00011 ( 1)
 183 F   0.98435 0.01455 0.00108 0.00002 ( 1)
 184 V   0.48842 0.51025 0.00063 0.00070 ( 2)
 185 Q   0.04837 0.94966 0.00009 0.00188 ( 2)
 186 R   0.38618 0.61226 0.00057 0.00098 ( 2)
 187 S   0.17873 0.81986 0.00024 0.00117 ( 2)
 188 G   0.58364 0.41450 0.00107 0.00078 ( 1)
 189 T   0.04261 0.95145 0.00025 0.00568 ( 2)
 190 P   0.95947 0.03748 0.00293 0.00012 ( 1)
 191 F   0.00335 0.99534 0.00000 0.00130 ( 2)
 192 L   0.54712 0.45054 0.00127 0.00107 ( 1)
 193 T   0.15639 0.84161 0.00030 0.00170 ( 2)
 194 T   0.66124 0.33716 0.00104 0.00056 ( 1)
 195 G   0.92929 0.06955 0.00107 0.00008 ( 1)
 196 V   0.00000 0.40970 0.00000 0.59030 ( 4)
 197 V   0.54853 0.44981 0.00090 0.00076 ( 1)
 198 F   0.79421 0.20468 0.00087 0.00024 ( 1)
 199 S   0.73819 0.26044 0.00100 0.00037 ( 1)
 200 W   0.77849 0.21692 0.00358 0.00101 ( 1)
 201 T   0.94010 0.05472 0.00489 0.00029 ( 1)
 202 H   0.96185 0.03713 0.00098 0.00004 ( 1)
 203 R   0.96469 0.03411 0.00115 0.00004 ( 1)
 204 S   0.97379 0.02514 0.00104 0.00003 ( 1)


lnL = -2848.754671

