Supplemental results for CODEML (seqf: algn  treef: tree)


dN/dS (w) for site classes (K=4)

site class             0        1       2a       2b
proportion       0.66602  0.31921  0.00999  0.00479
background w     0.14225  1.00000  0.14225  1.00000
foreground w     0.14225  1.00000 42.03457 42.03457

Naive Empirical Bayes (NEB) probabilities for 4 classes
(amino acids refer to 1st sequence: BT_Cry13Aa1)

   1 S   0.80941 0.17581 0.01214 0.00264 ( 1)
   2 V   0.98656 0.01225 0.00117 0.00002 ( 1)
   3 A   0.98049 0.01790 0.00158 0.00003 ( 1)
   4 V   0.99107 0.00744 0.00148 0.00001 ( 1)
   5 P   0.99169 0.00502 0.00327 0.00002 ( 1)
   6 L   0.87406 0.12431 0.00141 0.00023 ( 1)
   7 I   0.67352 0.32462 0.00121 0.00065 ( 1)
   8 S   0.95763 0.04093 0.00137 0.00007 ( 1)
   9 M   0.99786 0.00130 0.00084 0.00000 ( 1)
  10 L   0.96879 0.02967 0.00149 0.00005 ( 1)
  11 V   0.99061 0.00778 0.00160 0.00001 ( 1)
  12 G   0.87531 0.12373 0.00083 0.00013 ( 1)
  13 V   0.22534 0.76743 0.00162 0.00561 ( 2)
  14 F   0.59439 0.40333 0.00133 0.00095 ( 1)
  15 W   0.95335 0.03951 0.00686 0.00029 ( 1)
  16 P   0.99813 0.00023 0.00164 0.00000 ( 1)
  17 K   0.24282 0.75604 0.00026 0.00089 ( 2)
  18 -   0.66602 0.31921 0.00999 0.00479 ( 1)
  19 -   0.66602 0.31921 0.00999 0.00479 ( 1)
  20 -   0.66602 0.31921 0.00999 0.00479 ( 1)
  21 -   0.66602 0.31921 0.00999 0.00479 ( 1)
  22 -   0.23322 0.76505 0.00037 0.00136 ( 2)
  23 -   0.50501 0.49287 0.00104 0.00107 ( 1)
  24 G   0.00758 0.99059 0.00001 0.00181 ( 2)
  25 T   0.03000 0.96808 0.00005 0.00187 ( 2)
  26 N   0.30772 0.68790 0.00132 0.00305 ( 2)
  27 N   0.99572 0.00302 0.00125 0.00000 ( 1)
  28 Q   0.82297 0.17541 0.00131 0.00031 ( 1)
  29 E   0.72935 0.26919 0.00103 0.00043 ( 1)
  30 N   0.91757 0.08099 0.00131 0.00013 ( 1)
  31 L   0.96160 0.03616 0.00215 0.00009 ( 1)
  32 I   0.98937 0.00902 0.00160 0.00002 ( 1)
  33 T   0.04432 0.95394 0.00007 0.00167 ( 2)
  34 V   0.98439 0.01337 0.00220 0.00003 ( 1)
  35 I   0.99814 0.00025 0.00161 0.00000 ( 1)
  36 D   0.99863 0.00012 0.00125 0.00000 ( 1)
  37 K   0.01924 0.97804 0.00005 0.00267 ( 2)
  38 E   0.99846 0.00013 0.00141 0.00000 ( 1)
  39 V   0.99734 0.00104 0.00161 0.00000 ( 1)
  40 Q   0.99802 0.00036 0.00162 0.00000 ( 1)
  41 R   0.99416 0.00428 0.00156 0.00001 ( 1)
  42 I   0.74077 0.25758 0.00120 0.00045 ( 1)
  43 L   0.99627 0.00150 0.00223 0.00000 ( 1)
  44 D   0.99236 0.00557 0.00205 0.00001 ( 1)
  45 E   0.91668 0.08174 0.00143 0.00015 ( 1)
  46 K   0.97714 0.02144 0.00138 0.00003 ( 1)
  47 L   0.99604 0.00173 0.00223 0.00000 ( 1)
  48 S   0.99123 0.00654 0.00222 0.00002 ( 1)
  49 D   0.11571 0.88283 0.00015 0.00131 ( 2)
  50 Q   0.00464 0.00009 0.99489 0.00038 ( 3)
  51 L   0.99030 0.00845 0.00124 0.00001 ( 1)
  52 I   0.96220 0.03692 0.00085 0.00004 ( 1)
  53 K   0.86472 0.04569 0.08463 0.00496 ( 1)
  54 K   0.54666 0.21898 0.22226 0.01210 ( 1)
  55 L   0.78011 0.21273 0.00561 0.00155 ( 1)
  56 N   0.00129 0.84903 0.00171 0.14797 ( 2)
  57 A   0.88716 0.11135 0.00131 0.00018 ( 1)
  58 D   0.97212 0.02639 0.00145 0.00004 ( 1)
  59 L   0.99633 0.00144 0.00223 0.00000 ( 1)
  60 N   0.21601 0.78244 0.00030 0.00124 ( 2)
  61 A   0.02452 0.97371 0.00004 0.00173 ( 2)
  62 F   0.99708 0.00131 0.00161 0.00000 ( 1)
  63 T   0.24350 0.75523 0.00029 0.00098 ( 2)
  64 D   0.82965 0.16907 0.00104 0.00024 ( 1)
  65 L   0.31541 0.68294 0.00050 0.00115 ( 2)
  66 V   0.66828 0.32932 0.00158 0.00082 ( 1)
  67 T   0.07218 0.92585 0.00012 0.00185 ( 2)
  68 R   0.00212 0.99561 0.00000 0.00227 ( 2)
  69 L   0.18912 0.80845 0.00044 0.00199 ( 2)
  70 E   0.00201 0.99616 0.00000 0.00182 ( 2)
  71 E   0.00323 0.99563 0.00000 0.00113 ( 2)
  72 V   0.85526 0.14322 0.00128 0.00023 ( 1)
  73 I   0.97111 0.02727 0.00157 0.00005 ( 1)
  74 I   0.64776 0.15347 0.19301 0.00576 ( 1)
  75 D   0.99783 0.00091 0.00125 0.00000 ( 1)
  76 A   0.99776 0.00039 0.00185 0.00000 ( 1)
  77 T   0.65923 0.33666 0.00270 0.00142 ( 1)
  78 F   0.96658 0.02627 0.00695 0.00019 ( 1)
  79 -   0.94855 0.04909 0.00224 0.00012 ( 1)
  80 -   0.99534 0.00099 0.00367 0.00000 ( 1)
  81 -   0.88245 0.11601 0.00135 0.00020 ( 1)
  82 -   0.98559 0.01281 0.00158 0.00002 ( 1)
  83 -   0.33449 0.66376 0.00054 0.00121 ( 2)
  84 E   0.72754 0.27089 0.00111 0.00046 ( 1)
  85 N   0.74629 0.25207 0.00119 0.00045 ( 1)
  86 H   0.92203 0.07652 0.00132 0.00013 ( 1)
  87 K   0.99714 0.00198 0.00088 0.00000 ( 1)
  88 P   0.69164 0.30635 0.00135 0.00067 ( 1)
  89 V   0.04935 0.94817 0.00012 0.00236 ( 2)
  90 L   0.64930 0.34977 0.00058 0.00035 ( 1)
  91 Q   0.23862 0.75959 0.00039 0.00141 ( 2)
  92 V   0.97463 0.02373 0.00160 0.00004 ( 1)
  93 S   0.55649 0.44184 0.00089 0.00078 ( 1)
  94 K   0.00323 0.99487 0.00001 0.00190 ( 2)
  95 S   0.99685 0.00080 0.00235 0.00000 ( 1)
  96 N   0.99799 0.00076 0.00125 0.00000 ( 1)
  97 Y   0.99773 0.00080 0.00147 0.00000 ( 1)
  98 M   0.00034 0.25876 0.04860 0.69230 ( 4)
  99 K   0.99389 0.00468 0.00142 0.00001 ( 1)
 100 V   0.99762 0.00084 0.00153 0.00000 ( 1)
 101 D   0.53135 0.46704 0.00082 0.00080 ( 1)
 102 S   0.00270 0.99516 0.00000 0.00214 ( 2)
 103 A   0.01021 0.98805 0.00002 0.00173 ( 2)
 104 Y   0.90374 0.09506 0.00108 0.00012 ( 1)
 105 F   0.00473 0.99314 0.00001 0.00213 ( 2)
 106 S   0.06122 0.93697 0.00010 0.00171 ( 2)
 107 T   0.96335 0.03243 0.00408 0.00014 ( 1)
 108 G   0.00958 0.98899 0.00001 0.00142 ( 2)
 109 G   0.37601 0.62291 0.00037 0.00071 ( 2)
 110 I   0.00684 0.99056 0.00002 0.00259 ( 2)
 111 L   0.99644 0.00194 0.00161 0.00000 ( 1)
 112 T   0.00772 0.94686 0.00208 0.04334 ( 2)
 113 L   0.03108 0.94369 0.00404 0.02119 ( 2)
 114 G   0.18812 0.81027 0.00027 0.00134 ( 2)
 115 M   0.07486 0.92357 0.00011 0.00146 ( 2)
 116 S   0.91045 0.07805 0.01029 0.00121 ( 1)
 117 D   0.20537 0.79083 0.00076 0.00303 ( 2)
 118 F   0.97483 0.02356 0.00157 0.00004 ( 1)
 119 L   0.91793 0.08121 0.00078 0.00008 ( 1)
 120 T   0.98003 0.01854 0.00140 0.00003 ( 1)
 121 D   0.96527 0.02904 0.00551 0.00017 ( 1)
 122 T   0.99131 0.00662 0.00205 0.00001 ( 1)
 123 Y   0.99830 0.00051 0.00119 0.00000 ( 1)
 124 S   0.96509 0.03261 0.00222 0.00008 ( 1)
 125 K   0.25267 0.74559 0.00041 0.00133 ( 2)
 126 L   0.97652 0.02207 0.00137 0.00003 ( 1)
 127 T   0.99691 0.00160 0.00149 0.00000 ( 1)
 128 F   0.82991 0.16857 0.00124 0.00028 ( 1)
 129 P   0.99571 0.00102 0.00327 0.00000 ( 1)
 130 L   0.88926 0.10925 0.00131 0.00017 ( 1)
 131 Y   0.99346 0.00535 0.00118 0.00001 ( 1)
 132 V   0.95133 0.04713 0.00146 0.00008 ( 1)
 133 L   0.99707 0.00132 0.00161 0.00000 ( 1)
 134 G   0.99871 0.00016 0.00113 0.00000 ( 1)
 135 A   0.99834 0.00017 0.00149 0.00000 ( 1)
 136 T   0.99782 0.00059 0.00159 0.00000 ( 1)
 137 M   0.23725 0.76083 0.00040 0.00151 ( 2)
 138 K   0.54065 0.45750 0.00098 0.00087 ( 1)
 139 L   0.98210 0.01657 0.00131 0.00002 ( 1)
 140 S   0.89911 0.09918 0.00152 0.00019 ( 1)
 141 A   0.02709 0.93670 0.00456 0.03165 ( 2)
 142 Y   0.86981 0.12918 0.00087 0.00014 ( 1)
 143 H   0.99695 0.00143 0.00162 0.00000 ( 1)
 144 S   0.40806 0.59040 0.00060 0.00094 ( 2)
 145 Y   0.98141 0.01711 0.00145 0.00003 ( 1)
 146 I   0.99587 0.00252 0.00161 0.00000 ( 1)
 147 Q   0.97080 0.02763 0.00152 0.00005 ( 1)
 148 F   0.99872 0.00009 0.00119 0.00000 ( 1)
 149 G   0.34674 0.65168 0.00053 0.00105 ( 2)
 150 N   0.98845 0.01013 0.00141 0.00002 ( 1)
 151 T   0.00401 0.99412 0.00001 0.00186 ( 2)
 152 W   0.95335 0.03951 0.00686 0.00029 ( 1)
 153 L   0.95629 0.04209 0.00154 0.00008 ( 1)
 154 N   0.67533 0.32336 0.00085 0.00046 ( 1)
 155 K   0.02690 0.97095 0.00005 0.00210 ( 2)
 156 V   0.99809 0.00038 0.00154 0.00000 ( 1)
 157 Y   0.98372 0.00150 0.01475 0.00002 ( 1)
 158 -   0.97113 0.01410 0.01456 0.00021 ( 1)
 159 -   0.92801 0.05722 0.01391 0.00086 ( 1)
 160 -   0.91474 0.07048 0.01372 0.00106 ( 1)
 161 D   0.38072 0.61810 0.00043 0.00075 ( 2)
 162 L   0.01883 0.97648 0.00009 0.00460 ( 2)
 163 S   0.10521 0.89399 0.00008 0.00072 ( 2)
 164 S   0.00023 0.99722 0.00000 0.00255 ( 2)
 165 D   0.02934 0.93360 0.00625 0.03082 ( 2)
 166 E   0.00392 0.99180 0.00002 0.00426 ( 2)
 167 G   0.33043 0.66792 0.00052 0.00113 ( 2)
 168 K   0.03025 0.96791 0.00005 0.00179 ( 2)
 169 T   0.99619 0.00222 0.00159 0.00000 ( 1)
 170 M   0.28703 0.71127 0.00047 0.00123 ( 2)
 171 S   0.00276 0.99506 0.00001 0.00217 ( 2)
 172 Q   0.90258 0.09601 0.00127 0.00015 ( 1)
 173 A   0.82829 0.17025 0.00118 0.00028 ( 1)
 174 L   0.99655 0.00122 0.00223 0.00000 ( 1)
 175 A   0.03534 0.96307 0.00005 0.00155 ( 2)
 176 R   0.08758 0.90770 0.00040 0.00432 ( 2)
 177 A   0.97927 0.01677 0.00389 0.00007 ( 1)
 178 K   0.99826 0.00017 0.00156 0.00000 ( 1)
 179 Q   0.00143 0.99658 0.00000 0.00198 ( 2)
 180 H   0.03731 0.89370 0.01546 0.05353 ( 2)
 181 M   0.99897 0.00018 0.00085 0.00000 ( 1)
 182 R   0.86561 0.13256 0.00158 0.00025 ( 1)
 183 Q   0.07148 0.92670 0.00012 0.00171 ( 2)
 184 D   0.00232 0.99591 0.00000 0.00177 ( 2)
 185 I   0.99799 0.00040 0.00161 0.00000 ( 1)
 186 A   0.00105 0.99730 0.00000 0.00164 ( 2)
 187 F   0.00013 0.98634 0.00000 0.01353 ( 2)
 188 Y   0.98999 0.00854 0.00146 0.00001 ( 1)
 189 T   0.99803 0.00038 0.00159 0.00000 ( 1)
 190 S   0.00186 0.99642 0.00000 0.00172 ( 2)
 191 Q   0.57284 0.42531 0.00104 0.00081 ( 1)
 192 A   0.99719 0.00127 0.00153 0.00000 ( 1)
 193 L   0.76917 0.22996 0.00065 0.00021 ( 1)
 194 N   0.89900 0.09941 0.00141 0.00018 ( 1)
 195 M   0.78635 0.21208 0.00121 0.00036 ( 1)
 196 F   0.99875 0.00006 0.00119 0.00000 ( 1)
 197 T   0.97218 0.02625 0.00152 0.00005 ( 1)
 198 -   0.97060 0.02814 0.00122 0.00004 ( 1)
 199 -   0.21366 0.75846 0.01133 0.01655 ( 2)
 200 G   0.03937 0.94773 0.00047 0.01243 ( 2)
 201 N   0.63126 0.36723 0.00090 0.00061 ( 1)
 202 L   0.21193 0.78717 0.00018 0.00073 ( 2)
 203 P   0.99838 0.00017 0.00145 0.00000 ( 1)
 204 S   0.96949 0.02891 0.00155 0.00005 ( 1)
 205 L   0.98875 0.00964 0.00160 0.00002 ( 1)
 206 S   0.01686 0.97882 0.00007 0.00425 ( 2)
 207 S   0.92210 0.07637 0.00141 0.00013 ( 1)
 208 N   0.99328 0.00530 0.00142 0.00001 ( 1)
 209 K   0.99826 0.00017 0.00156 0.00000 ( 1)
 210 Y   0.03306 0.96564 0.00004 0.00125 ( 2)
 211 A   0.60872 0.39052 0.00044 0.00031 ( 1)
 212 I   0.97303 0.02543 0.00150 0.00004 ( 1)
 213 N   0.99196 0.00679 0.00125 0.00001 ( 1)
 214 D   0.17951 0.81657 0.00066 0.00326 ( 2)
 215 Y   0.99535 0.00318 0.00147 0.00001 ( 1)
 216 N   0.99842 0.00015 0.00143 0.00000 ( 1)
 217 V   0.01854 0.97969 0.00003 0.00174 ( 2)
 218 Y   0.99660 0.00192 0.00147 0.00000 ( 1)
 219 T   0.75310 0.02858 0.21723 0.00109 ( 1)
 220 R   0.97703 0.02140 0.00153 0.00004 ( 1)
 221 A   0.99755 0.00132 0.00113 0.00000 ( 1)
 222 M   0.99869 0.00047 0.00085 0.00000 ( 1)
 223 V   0.87585 0.12253 0.00140 0.00022 ( 1)
 224 L   0.93832 0.05944 0.00210 0.00014 ( 1)
 225 N   0.99694 0.00163 0.00142 0.00000 ( 1)
 226 G   0.95019 0.04827 0.00146 0.00008 ( 1)
 227 L   0.99541 0.00236 0.00222 0.00001 ( 1)
 228 D   0.99868 0.00007 0.00125 0.00000 ( 1)
 229 I   0.19880 0.79935 0.00033 0.00151 ( 2)
 230 V   0.99225 0.00615 0.00159 0.00001 ( 1)
 231 A   0.99827 0.00024 0.00149 0.00000 ( 1)
 232 T   0.97522 0.02316 0.00158 0.00004 ( 1)
 233 W   0.95335 0.03951 0.00686 0.00029 ( 1)


lnL = -4183.068293

Bayes Empirical Bayes (BEB) probabilities for 4 classes (class)
(amino acids refer to 1st sequence: BT_Cry13Aa1)

   1 S   0.77185 0.16050 0.05620 0.01145 ( 1)
   2 V   0.94222 0.01170 0.04548 0.00060 ( 1)
   3 A   0.93742 0.01705 0.04466 0.00087 ( 1)
   4 V   0.94718 0.00693 0.04554 0.00035 ( 1)
   5 P   0.93997 0.00492 0.05481 0.00029 ( 1)
   6 L   0.84607 0.10990 0.03861 0.00542 ( 1)
   7 I   0.66808 0.28646 0.03109 0.01437 ( 1)
   8 S   0.92171 0.03722 0.03931 0.00175 ( 1)
   9 M   0.95353 0.00122 0.04519 0.00006 ( 1)
  10 L   0.92782 0.02719 0.04362 0.00137 ( 1)
  11 V   0.94902 0.00737 0.04324 0.00036 ( 1)
  12 G   0.84262 0.10995 0.04169 0.00574 ( 1)
  13 V   0.23572 0.70137 0.01587 0.04705 ( 2)
  14 F   0.59250 0.35406 0.03307 0.02037 ( 1)
  15 W   0.90027 0.03742 0.05984 0.00248 ( 1)
  16 P   0.94965 0.00023 0.05010 0.00001 ( 1)
  17 K   0.26742 0.68475 0.01282 0.03501 ( 2)
  18 -   0.63604 0.29631 0.04644 0.02121 ( 1)
  19 -   0.63604 0.29631 0.04644 0.02121 ( 1)
  20 -   0.63604 0.29631 0.04644 0.02121 ( 1)
  21 -   0.63604 0.29631 0.04644 0.02121 ( 1)
  22 -   0.24644 0.70745 0.01118 0.03492 ( 2)
  23 -   0.51086 0.43542 0.02861 0.02511 ( 1)
  24 G   0.00956 0.94329 0.00044 0.04672 ( 2)
  25 T   0.03650 0.91754 0.00160 0.04436 ( 2)
  26 N   0.32674 0.61441 0.02028 0.03856 ( 2)
  27 N   0.95578 0.00291 0.04118 0.00014 ( 1)
  28 Q   0.80011 0.15419 0.03789 0.00781 ( 1)
  29 E   0.71793 0.23754 0.03280 0.01173 ( 1)
  30 N   0.88610 0.07268 0.03780 0.00341 ( 1)
  31 L   0.91377 0.03359 0.05072 0.00192 ( 1)
  32 I   0.94806 0.00876 0.04275 0.00043 ( 1)
  33 T   0.05354 0.90107 0.00231 0.04308 ( 2)
  34 V   0.93484 0.01257 0.05187 0.00072 ( 1)
  35 I   0.95616 0.00026 0.04356 0.00001 ( 1)
  36 D   0.95857 0.00013 0.04130 0.00001 ( 1)
  37 K   0.02369 0.92091 0.00135 0.05406 ( 2)
  38 E   0.95630 0.00014 0.04356 0.00001 ( 1)
  39 V   0.95537 0.00105 0.04353 0.00005 ( 1)
  40 Q   0.94938 0.00036 0.05024 0.00002 ( 1)
  41 R   0.95285 0.00405 0.04290 0.00020 ( 1)
  42 I   0.72464 0.22447 0.03849 0.01240 ( 1)
  43 L   0.94594 0.00150 0.05248 0.00009 ( 1)
  44 D   0.94209 0.00524 0.05237 0.00030 ( 1)
  45 E   0.88369 0.07292 0.03982 0.00357 ( 1)
  46 K   0.93487 0.01975 0.04438 0.00100 ( 1)
  47 L   0.94571 0.00172 0.05247 0.00010 ( 1)
  48 S   0.94122 0.00620 0.05222 0.00035 ( 1)
  49 D   0.13390 0.82111 0.00582 0.03917 ( 2)
  50 Q   0.02213 0.00043 0.97704 0.00041 ( 3)
  51 L   0.95076 0.00790 0.04096 0.00037 ( 1)
  52 I   0.92136 0.03311 0.04386 0.00168 ( 1)
  53 K   0.80864 0.04028 0.14468 0.00640 ( 1)
  54 K   0.36444 0.13199 0.47848 0.02509 ( 3)
  55 L   0.74512 0.19243 0.04968 0.01277 ( 1)
  56 N   0.00170 0.81562 0.00240 0.18028 ( 2)
  57 A   0.84914 0.10149 0.04388 0.00548 ( 1)
  58 D   0.92803 0.02413 0.04655 0.00128 ( 1)
  59 L   0.94600 0.00143 0.05248 0.00008 ( 1)
  60 N   0.24196 0.71157 0.01111 0.03536 ( 2)
  61 A   0.02977 0.91797 0.00157 0.05069 ( 2)
  62 F   0.95555 0.00131 0.04308 0.00006 ( 1)
  63 T   0.26738 0.68419 0.01302 0.03541 ( 2)
  64 D   0.80777 0.15026 0.03486 0.00710 ( 1)
  65 L   0.33801 0.61087 0.01769 0.03344 ( 2)
  66 V   0.65971 0.28692 0.03685 0.01651 ( 1)
  67 T   0.08262 0.87133 0.00362 0.04243 ( 2)
  68 R   0.00275 0.94208 0.00016 0.05502 ( 2)
  69 L   0.20619 0.73883 0.01172 0.04326 ( 2)
  70 E   0.00271 0.95123 0.00012 0.04594 ( 2)
  71 E   0.00421 0.94519 0.00021 0.05039 ( 2)
  72 V   0.82709 0.12659 0.03983 0.00649 ( 1)
  73 I   0.92964 0.02667 0.04237 0.00131 ( 1)
  74 I   0.41237 0.09170 0.48140 0.01453 ( 3)
  75 D   0.95777 0.00093 0.04126 0.00004 ( 1)
  76 A   0.95267 0.00040 0.04691 0.00002 ( 1)
  77 T   0.64456 0.29675 0.04009 0.01861 ( 1)
  78 F   0.91391 0.02379 0.06073 0.00157 ( 1)
  79 -   0.90155 0.04569 0.05015 0.00262 ( 1)
  80 -   0.94485 0.00099 0.05410 0.00006 ( 1)
  81 -   0.84946 0.10557 0.03967 0.00529 ( 1)
  82 -   0.94232 0.01217 0.04488 0.00062 ( 1)
  83 -   0.35424 0.60127 0.01559 0.02890 ( 2)
  84 E   0.72248 0.23207 0.03380 0.01166 ( 1)
  85 N   0.73157 0.22246 0.03468 0.01128 ( 1)
  86 H   0.89074 0.06807 0.03800 0.00320 ( 1)
  87 K   0.95266 0.00191 0.04533 0.00010 ( 1)
  88 P   0.68519 0.26774 0.03320 0.01386 ( 1)
  89 V   0.05919 0.88540 0.00338 0.05203 ( 2)
  90 L   0.64307 0.31033 0.03077 0.01583 ( 1)
  91 Q   0.26812 0.68727 0.01168 0.03293 ( 2)
  92 V   0.92837 0.02146 0.04899 0.00118 ( 1)
  93 S   0.55869 0.39469 0.02655 0.02008 ( 1)
  94 K   0.00419 0.94731 0.00020 0.04830 ( 2)
  95 S   0.94655 0.00080 0.05261 0.00005 ( 1)
  96 N   0.95793 0.00076 0.04127 0.00004 ( 1)
  97 Y   0.95148 0.00081 0.04767 0.00004 ( 1)
  98 M   0.00082 0.43675 0.04564 0.51679 ( 4)
  99 K   0.95462 0.00447 0.04070 0.00021 ( 1)
 100 V   0.95425 0.00086 0.04485 0.00004 ( 1)
 101 D   0.54517 0.40837 0.02577 0.02069 ( 1)
 102 S   0.00335 0.94687 0.00016 0.04962 ( 2)
 103 A   0.01301 0.94141 0.00056 0.04501 ( 2)
 104 Y   0.87063 0.08305 0.04207 0.00426 ( 1)
 105 F   0.00587 0.94567 0.00027 0.04818 ( 2)
 106 S   0.07286 0.87773 0.00355 0.04586 ( 2)
 107 T   0.91233 0.03025 0.05555 0.00187 ( 1)
 108 G   0.01193 0.94257 0.00052 0.04498 ( 2)
 109 G   0.39606 0.55484 0.01976 0.02934 ( 2)
 110 I   0.00875 0.93504 0.00051 0.05570 ( 2)
 111 L   0.95452 0.00189 0.04349 0.00009 ( 1)
 112 T   0.00934 0.86333 0.00633 0.12100 ( 2)
 113 L   0.03496 0.82409 0.02506 0.11588 ( 2)
 114 G   0.21001 0.74564 0.00902 0.03533 ( 2)
 115 M   0.08803 0.86485 0.00405 0.04307 ( 2)
 116 S   0.86016 0.06753 0.06642 0.00589 ( 1)
 117 D   0.23035 0.71091 0.01425 0.04449 ( 2)
 118 F   0.93545 0.02132 0.04219 0.00104 ( 1)
 119 L   0.88291 0.07159 0.04189 0.00361 ( 1)
 120 T   0.94176 0.01727 0.04015 0.00081 ( 1)
 121 D   0.91240 0.02698 0.05888 0.00174 ( 1)
 122 T   0.94101 0.00632 0.05231 0.00036 ( 1)
 123 Y   0.95346 0.00050 0.04601 0.00003 ( 1)
 124 S   0.91659 0.02962 0.05206 0.00172 ( 1)
 125 K   0.27175 0.68024 0.01306 0.03496 ( 2)
 126 L   0.93441 0.02023 0.04434 0.00102 ( 1)
 127 T   0.95256 0.00156 0.04579 0.00008 ( 1)
 128 F   0.80517 0.14842 0.03879 0.00761 ( 1)
 129 P   0.94393 0.00102 0.05499 0.00006 ( 1)
 130 L   0.85422 0.09775 0.04286 0.00517 ( 1)
 131 Y   0.94897 0.00498 0.04580 0.00025 ( 1)
 132 V   0.91165 0.04330 0.04287 0.00218 ( 1)
 133 L   0.95554 0.00132 0.04308 0.00006 ( 1)
 134 G   0.95149 0.00016 0.04834 0.00001 ( 1)
 135 A   0.95395 0.00018 0.04586 0.00001 ( 1)
 136 T   0.95427 0.00060 0.04510 0.00003 ( 1)
 137 M   0.25979 0.69097 0.01282 0.03641 ( 2)
 138 K   0.54353 0.40259 0.03059 0.02330 ( 1)
 139 L   0.93817 0.01518 0.04586 0.00078 ( 1)
 140 S   0.86419 0.08919 0.04201 0.00461 ( 1)
 141 A   0.02999 0.82586 0.02101 0.12314 ( 2)
 142 Y   0.84051 0.11329 0.04042 0.00578 ( 1)
 143 H   0.94836 0.00138 0.05018 0.00008 ( 1)
 144 S   0.42162 0.52772 0.02193 0.02873 ( 2)
 145 Y   0.93655 0.01569 0.04693 0.00083 ( 1)
 146 I   0.95391 0.00250 0.04346 0.00012 ( 1)
 147 Q   0.93131 0.02550 0.04194 0.00125 ( 1)
 148 F   0.95387 0.00009 0.04603 0.00000 ( 1)
 149 G   0.36125 0.58580 0.01977 0.03318 ( 2)
 150 N   0.94931 0.00976 0.04047 0.00046 ( 1)
 151 T   0.00525 0.94500 0.00026 0.04948 ( 2)
 152 W   0.90027 0.03742 0.05984 0.00248 ( 1)
 153 L   0.91674 0.03952 0.04179 0.00195 ( 1)
 154 N   0.66727 0.29015 0.02884 0.01374 ( 1)
 155 K   0.03362 0.91814 0.00158 0.04666 ( 2)
 156 V   0.95472 0.00039 0.04487 0.00002 ( 1)
 157 Y   0.93085 0.00150 0.06754 0.00011 ( 1)
 158 -   0.91876 0.01359 0.06668 0.00097 ( 1)
 159 -   0.87807 0.05428 0.06379 0.00386 ( 1)
 160 -   0.86575 0.06660 0.06291 0.00474 ( 1)
 161 D   0.39788 0.55206 0.02038 0.02968 ( 2)
 162 L   0.02253 0.91715 0.00143 0.05888 ( 2)
 163 S   0.11914 0.83404 0.00549 0.04133 ( 2)
 164 S   0.00031 0.94352 0.00002 0.05615 ( 2)
 165 D   0.03352 0.84669 0.01949 0.10030 ( 2)
 166 E   0.00500 0.93516 0.00032 0.05953 ( 2)
 167 G   0.35263 0.59643 0.01838 0.03256 ( 2)
 168 K   0.03718 0.91427 0.00177 0.04678 ( 2)
 169 T   0.95268 0.00219 0.04502 0.00011 ( 1)
 170 M   0.31228 0.63566 0.01669 0.03537 ( 2)
 171 S   0.00358 0.94183 0.00020 0.05439 ( 2)
 172 Q   0.86849 0.08590 0.04125 0.00436 ( 1)
 173 A   0.81022 0.14822 0.03460 0.00697 ( 1)
 174 L   0.94622 0.00122 0.05249 0.00007 ( 1)
 175 A   0.04221 0.91198 0.00185 0.04396 ( 2)
 176 R   0.10213 0.83847 0.00638 0.05302 ( 2)
 177 A   0.92682 0.01582 0.05639 0.00097 ( 1)
 178 K   0.95674 0.00018 0.04307 0.00001 ( 1)
 179 Q   0.00185 0.94472 0.00010 0.05333 ( 2)
 180 H   0.04119 0.75221 0.05456 0.15203 ( 2)
 181 M   0.95457 0.00018 0.04524 0.00001 ( 1)
 182 R   0.82735 0.11944 0.04634 0.00687 ( 1)
 183 Q   0.08487 0.86968 0.00370 0.04175 ( 2)
 184 D   0.00305 0.94723 0.00015 0.04958 ( 2)
 185 I   0.95601 0.00042 0.04356 0.00002 ( 1)
 186 A   0.00143 0.94666 0.00007 0.05184 ( 2)
 187 F   0.00018 0.92594 0.00002 0.07386 ( 2)
 188 Y   0.94413 0.00813 0.04731 0.00043 ( 1)
 189 T   0.95448 0.00039 0.04511 0.00002 ( 1)
 190 S   0.00249 0.94456 0.00013 0.05281 ( 2)
 191 Q   0.57833 0.36991 0.03110 0.02065 ( 1)
 192 A   0.95385 0.00126 0.04483 0.00006 ( 1)
 193 L   0.74977 0.20426 0.03564 0.01033 ( 1)
 194 N   0.86866 0.08789 0.03915 0.00430 ( 1)
 195 M   0.76488 0.18950 0.03604 0.00957 ( 1)
 196 F   0.95391 0.00006 0.04603 0.00000 ( 1)
 197 T   0.93261 0.02421 0.04200 0.00118 ( 1)
 198 -   0.93072 0.02785 0.04011 0.00131 ( 1)
 199 -   0.22252 0.69589 0.02583 0.05575 ( 2)
 200 G   0.04662 0.89634 0.00266 0.05438 ( 2)
 201 N   0.62384 0.33373 0.02669 0.01573 ( 1)
 202 L   0.23811 0.71410 0.01139 0.03640 ( 2)
 203 P   0.95024 0.00017 0.04958 0.00001 ( 1)
 204 S   0.92852 0.02625 0.04390 0.00133 ( 1)
 205 L   0.94759 0.00923 0.04273 0.00045 ( 1)
 206 S   0.02055 0.91689 0.00138 0.06119 ( 2)
 207 S   0.88601 0.06917 0.04135 0.00347 ( 1)
 208 N   0.95407 0.00502 0.04067 0.00024 ( 1)
 209 K   0.95674 0.00018 0.04307 0.00001 ( 1)
 210 Y   0.04084 0.90993 0.00199 0.04724 ( 2)
 211 A   0.61037 0.34468 0.02798 0.01696 ( 1)
 212 I   0.93116 0.02386 0.04378 0.00120 ( 1)
 213 N   0.95213 0.00654 0.04102 0.00031 ( 1)
 214 D   0.19793 0.74712 0.01116 0.04379 ( 2)
 215 Y   0.94913 0.00315 0.04755 0.00017 ( 1)
 216 N   0.95895 0.00016 0.04088 0.00001 ( 1)
 217 V   0.02315 0.92790 0.00111 0.04784 ( 2)
 218 Y   0.95042 0.00186 0.04762 0.00010 ( 1)
 219 T   0.45418 0.01617 0.52701 0.00265 ( 3)
 220 R   0.93676 0.02007 0.04219 0.00098 ( 1)
 221 A   0.95037 0.00127 0.04829 0.00007 ( 1)
 222 M   0.95430 0.00045 0.04523 0.00002 ( 1)
 223 V   0.84628 0.10819 0.04006 0.00548 ( 1)
 224 L   0.89261 0.05470 0.04957 0.00313 ( 1)
 225 N   0.95748 0.00163 0.04082 0.00008 ( 1)
 226 G   0.91109 0.04385 0.04285 0.00221 ( 1)
 227 L   0.94509 0.00234 0.05243 0.00013 ( 1)
 228 D   0.95863 0.00007 0.04130 0.00000 ( 1)
 229 I   0.22165 0.73143 0.01026 0.03665 ( 2)
 230 V   0.94852 0.00600 0.04517 0.00030 ( 1)
 231 A   0.95388 0.00025 0.04585 0.00001 ( 1)
 232 T   0.93543 0.02134 0.04219 0.00104 ( 1)
 233 W   0.90027 0.03742 0.05984 0.00248 ( 1)

