Supplemental results for CODEML (seqf: algn  treef: tree)


dN/dS (w) for site classes (K=4)

site class             0        1       2a       2b
proportion       0.65251  0.31834  0.01959  0.00956
background w     0.11900  1.00000  0.11900  1.00000
foreground w     0.11900  1.00000 191.80325 191.80325

Naive Empirical Bayes (NEB) probabilities for 4 classes
(amino acids refer to 1st sequence: BT_Cry3Aa10)

   1 -   0.67671 0.29414 0.02032 0.00883 ( 1)
   2 -   0.34122 0.62963 0.01025 0.01891 ( 2)
   3 -   0.93598 0.03487 0.02810 0.00105 ( 1)
   4 K   0.94046 0.04860 0.01046 0.00048 ( 1)
   5 I   0.98988 0.00429 0.00575 0.00008 ( 1)
   6 T   0.64058 0.28200 0.06642 0.01100 ( 1)
   7 Q   0.94352 0.01920 0.03702 0.00026 ( 1)
   8 L   0.97707 0.01649 0.00611 0.00034 ( 1)
   9 P   0.98019 0.01864 0.00110 0.00007 ( 1)
  10 L   0.48226 0.49612 0.01492 0.00669 ( 2)
  11 V   0.99576 0.00218 0.00205 0.00002 ( 1)
  12 K   0.99217 0.00653 0.00129 0.00002 ( 1)
  13 A   0.16936 0.80694 0.00905 0.01466 ( 2)
  14 Y   0.91356 0.08598 0.00041 0.00004 ( 1)
  15 K   0.68644 0.27874 0.02947 0.00535 ( 1)
  16 L   0.99453 0.00413 0.00132 0.00002 ( 1)
  17 Q   0.15360 0.84195 0.00017 0.00428 ( 2)
  18 S   0.71893 0.23294 0.04409 0.00403 ( 1)
  19 G   0.99809 0.00086 0.00105 0.00000 ( 1)
  20 A   0.95549 0.03911 0.00493 0.00047 ( 1)
  21 S   0.96810 0.02700 0.00471 0.00019 ( 1)
  22 V   0.99415 0.00205 0.00376 0.00004 ( 1)
  23 V   0.58783 0.37478 0.02598 0.01142 ( 1)
  24 A   0.01664 0.97941 0.00005 0.00391 ( 2)
  25 G   0.99809 0.00086 0.00105 0.00000 ( 1)
  26 P   0.99829 0.00102 0.00069 0.00000 ( 1)
  27 R   0.98149 0.01739 0.00103 0.00008 ( 1)
  28 F   0.99820 0.00067 0.00113 0.00000 ( 1)
  29 T   0.99478 0.00279 0.00241 0.00003 ( 1)
  30 G   0.99238 0.00273 0.00487 0.00003 ( 1)
  31 G   0.99760 0.00139 0.00100 0.00001 ( 1)
  32 D   0.99333 0.00471 0.00191 0.00005 ( 1)
  33 I   0.90819 0.03858 0.05254 0.00069 ( 1)
  34 I   0.50815 0.48462 0.00365 0.00358 ( 1)
  35 Q   0.79322 0.20319 0.00148 0.00210 ( 1)
  36 C   0.90429 0.09394 0.00112 0.00065 ( 1)
  37 T   0.94049 0.02813 0.03097 0.00041 ( 1)
  38 E   0.19925 0.75659 0.01766 0.02650 ( 2)
  39 N   0.18415 0.78973 0.01102 0.01510 ( 2)
  40 G   0.96139 0.03628 0.00210 0.00024 ( 1)
  41 S   0.01915 0.94694 0.00759 0.02632 ( 2)
  42 A   0.65604 0.33581 0.00373 0.00443 ( 1)
  43 A   0.70353 0.27824 0.01146 0.00676 ( 1)
  44 T   0.16812 0.74787 0.04181 0.04219 ( 2)
  45 I   0.46300 0.50557 0.02045 0.01097 ( 2)
  46 Y   0.00688 0.96934 0.00088 0.02290 ( 2)
  47 V   0.95958 0.03438 0.00548 0.00056 ( 1)
  48 T   0.06007 0.82800 0.08087 0.03106 ( 2)
  49 P   0.47116 0.50271 0.00727 0.01886 ( 2)
  50 -   0.65251 0.31834 0.01959 0.00956 ( 1)
  51 D   0.38102 0.60376 0.00155 0.01367 ( 2)
  52 V   0.00448 0.89200 0.00346 0.10006 ( 2)
  53 S   0.00835 0.80203 0.02214 0.16748 ( 2)
  54 Y   0.52469 0.47122 0.00122 0.00286 ( 1)
  55 S   0.95327 0.04453 0.00187 0.00034 ( 1)
  56 Q   0.08047 0.02743 0.88585 0.00625 ( 3)
  57 K   0.42369 0.50171 0.06854 0.00605 ( 2)
  58 H   0.98620 0.01272 0.00104 0.00005 ( 1)
  59 R   0.99619 0.00338 0.00043 0.00000 ( 1)
  60 A   0.93150 0.06611 0.00216 0.00023 ( 1)
  61 R   0.99810 0.00076 0.00114 0.00000 ( 1)
  62 I   0.99471 0.00243 0.00282 0.00003 ( 1)
  63 H   0.96092 0.03861 0.00042 0.00006 ( 1)
  64 Y   0.99684 0.00208 0.00106 0.00001 ( 1)
  65 A   0.99659 0.00155 0.00185 0.00001 ( 1)
  66 S   0.99701 0.00172 0.00126 0.00001 ( 1)
  67 T   0.94880 0.04646 0.00397 0.00078 ( 1)
  68 S   0.67153 0.32364 0.00174 0.00309 ( 1)
  69 Q   0.03891 0.88931 0.03256 0.03922 ( 2)
  70 I   0.20252 0.72966 0.04744 0.02038 ( 2)
  71 T   0.26714 0.71934 0.00150 0.01201 ( 2)
  72 F   0.99611 0.00205 0.00182 0.00001 ( 1)
  73 T   0.02748 0.95292 0.00026 0.01935 ( 2)
  74 L   0.05238 0.93391 0.00025 0.01346 ( 2)
  75 S   0.21513 0.57487 0.19110 0.01890 ( 2)
  76 L   0.06589 0.91049 0.00440 0.01922 ( 2)
  77 D   0.09747 0.87801 0.00551 0.01902 ( 2)
  78 G   0.99389 0.00368 0.00240 0.00003 ( 1)
  79 A   0.09468 0.87289 0.00106 0.03137 ( 2)
  80 P   0.00700 0.92795 0.01274 0.05231 ( 2)
  81 F   0.46133 0.53079 0.00180 0.00608 ( 2)
  82 N   0.98521 0.01273 0.00191 0.00015 ( 1)
  83 Q   0.22782 0.76370 0.00064 0.00784 ( 2)
  84 Y   0.02623 0.91692 0.02675 0.03010 ( 2)
  85 Y   0.01685 0.93454 0.00216 0.04645 ( 2)
  86 F   0.89340 0.10486 0.00106 0.00068 ( 1)
  87 D   0.54168 0.44832 0.00378 0.00622 ( 1)
  88 K   0.96460 0.01251 0.02275 0.00014 ( 1)
  89 T   0.99155 0.00304 0.00535 0.00007 ( 1)
  90 I   0.99625 0.00338 0.00036 0.00001 ( 1)
  91 N   0.84509 0.11517 0.03679 0.00294 ( 1)
  92 K   0.66874 0.22999 0.08921 0.01206 ( 1)
  93 G   0.99760 0.00139 0.00100 0.00001 ( 1)
  94 D   0.34484 0.64674 0.00083 0.00760 ( 2)
  95 T   0.17590 0.81489 0.00059 0.00863 ( 2)
  96 L   0.99453 0.00413 0.00132 0.00002 ( 1)
  97 T   0.98856 0.00869 0.00271 0.00004 ( 1)
  98 Y   0.96490 0.01508 0.01991 0.00012 ( 1)
  99 N   0.20629 0.68782 0.08784 0.01804 ( 2)
 100 S   0.43440 0.48048 0.07154 0.01358 ( 2)
 101 F   0.99820 0.00067 0.00113 0.00000 ( 1)
 102 N   0.78481 0.21155 0.00154 0.00209 ( 1)
 103 L   0.91402 0.08437 0.00107 0.00055 ( 1)
 104 A   0.99640 0.00178 0.00181 0.00002 ( 1)
 105 S   0.96053 0.03742 0.00172 0.00033 ( 1)
 106 F   0.98520 0.01355 0.00117 0.00008 ( 1)
 107 S   0.06988 0.91738 0.00038 0.01236 ( 2)
 108 T   0.95209 0.04273 0.00445 0.00073 ( 1)
 109 P   0.98119 0.01770 0.00102 0.00009 ( 1)
 110 F   0.98960 0.01008 0.00031 0.00001 ( 1)
 111 E   0.03908 0.92150 0.01252 0.02689 ( 2)
 112 L   0.99196 0.00686 0.00114 0.00004 ( 1)
 113 S   0.01266 0.84511 0.05368 0.08856 ( 2)
 114 G   0.41287 0.56056 0.01524 0.01133 ( 2)
 115 N   0.06509 0.89525 0.00798 0.03168 ( 2)
 116 N   0.04807 0.91918 0.00484 0.02791 ( 2)
 117 -   0.62839 0.34750 0.01947 0.00464 ( 1)
 118 -   0.34785 0.64440 0.00113 0.00662 ( 2)
 119 L   0.91690 0.07880 0.00350 0.00080 ( 1)
 120 Q   0.06277 0.92198 0.00041 0.01484 ( 2)
 121 I   0.99498 0.00258 0.00241 0.00003 ( 1)
 122 G   0.90908 0.08488 0.00554 0.00050 ( 1)
 123 V   0.95764 0.03900 0.00297 0.00039 ( 1)
 124 T   0.03650 0.91504 0.00802 0.04044 ( 2)
 125 G   0.01563 0.97041 0.00005 0.01391 ( 2)
 126 L   0.90920 0.07062 0.01945 0.00073 ( 1)
 127 S   0.01612 0.81425 0.05067 0.11896 ( 2)
 128 A   0.20431 0.78905 0.00070 0.00595 ( 2)
 129 G   0.97105 0.02113 0.00723 0.00059 ( 1)
 130 D   0.84269 0.15355 0.00236 0.00140 ( 1)
 131 K   0.92244 0.07513 0.00184 0.00060 ( 1)
 132 V   0.99494 0.00284 0.00219 0.00003 ( 1)
 133 Y   0.99742 0.00153 0.00105 0.00001 ( 1)
 134 I   0.88154 0.11533 0.00196 0.00116 ( 1)
 135 D   0.99378 0.00577 0.00045 0.00000 ( 1)
 136 K   0.81423 0.12157 0.05877 0.00544 ( 1)
 137 I   0.67095 0.31763 0.00431 0.00711 ( 1)
 138 E   0.99762 0.00095 0.00142 0.00001 ( 1)
 139 F   0.68425 0.30762 0.00336 0.00477 ( 1)
 140 I   0.97856 0.02054 0.00087 0.00003 ( 1)
 141 P   0.95581 0.04225 0.00132 0.00062 ( 1)


lnL = -1866.371278

Bayes Empirical Bayes (BEB) probabilities for 4 classes (class)
(amino acids refer to 1st sequence: BT_Cry3Aa10)

   1 -   0.70131 0.24469 0.04016 0.01384 ( 1)
   2 -   0.43292 0.51308 0.02487 0.02913 ( 2)
   3 -   0.91354 0.03246 0.05217 0.00183 ( 1)
   4 K   0.93964 0.03407 0.02537 0.00092 ( 1)
   5 I   0.98415 0.00461 0.01109 0.00015 ( 1)
   6 T   0.68879 0.19733 0.10136 0.01251 ( 1)
   7 Q   0.92197 0.01492 0.06269 0.00042 ( 1)
   8 L   0.97637 0.01360 0.00962 0.00041 ( 1)
   9 P   0.97753 0.01733 0.00491 0.00024 ( 1)
  10 L   0.61924 0.33235 0.03802 0.01039 ( 1)
  11 V   0.99072 0.00240 0.00681 0.00007 ( 1)
  12 K   0.98688 0.00637 0.00666 0.00009 ( 1)
  13 A   0.28351 0.64776 0.03679 0.03194 ( 2)
  14 Y   0.91861 0.06563 0.01439 0.00137 ( 1)
  15 K   0.74526 0.19116 0.05569 0.00788 ( 1)
  16 L   0.98973 0.00413 0.00607 0.00007 ( 1)
  17 Q   0.28442 0.70176 0.00141 0.01240 ( 2)
  18 S   0.74279 0.14983 0.10056 0.00681 ( 1)
  19 G   0.99496 0.00093 0.00409 0.00002 ( 1)
  20 A   0.95428 0.03101 0.01372 0.00099 ( 1)
  21 S   0.95930 0.02458 0.01554 0.00057 ( 1)
  22 V   0.98963 0.00227 0.00803 0.00007 ( 1)
  23 V   0.69471 0.24771 0.04536 0.01222 ( 1)
  24 A   0.04147 0.94390 0.00039 0.01424 ( 2)
  25 G   0.99496 0.00093 0.00409 0.00002 ( 1)
  26 P   0.99520 0.00107 0.00372 0.00001 ( 1)
  27 R   0.98092 0.01428 0.00457 0.00023 ( 1)
  28 F   0.99504 0.00075 0.00419 0.00001 ( 1)
  29 T   0.98917 0.00309 0.00765 0.00010 ( 1)
  30 G   0.98589 0.00281 0.01124 0.00007 ( 1)
  31 G   0.99404 0.00147 0.00447 0.00002 ( 1)
  32 D   0.98986 0.00440 0.00562 0.00012 ( 1)
  33 I   0.86513 0.03170 0.10184 0.00134 ( 1)
  34 I   0.62298 0.35790 0.01088 0.00825 ( 1)
  35 Q   0.85111 0.14004 0.00507 0.00378 ( 1)
  36 C   0.92748 0.06705 0.00413 0.00133 ( 1)
  37 T   0.90720 0.02365 0.06823 0.00091 ( 1)
  38 E   0.34251 0.57633 0.04804 0.03313 ( 2)
  39 N   0.30758 0.62882 0.03580 0.02780 ( 2)
  40 G   0.96412 0.02950 0.00589 0.00048 ( 1)
  41 S   0.04955 0.86125 0.03352 0.05568 ( 2)
  42 A   0.74848 0.23128 0.01215 0.00809 ( 1)
  43 A   0.77090 0.19561 0.02452 0.00897 ( 1)
  44 T   0.27249 0.59101 0.08575 0.05076 ( 2)
  45 I   0.60286 0.34086 0.04317 0.01311 ( 1)
  46 Y   0.02056 0.92190 0.00476 0.05278 ( 2)
  47 V   0.95581 0.02900 0.01415 0.00103 ( 1)
  48 T   0.10971 0.68848 0.15338 0.04843 ( 2)
  49 P   0.58984 0.37473 0.01476 0.02066 ( 1)
  50 -   0.68082 0.26518 0.03899 0.01501 ( 1)
  51 D   0.52263 0.45195 0.00561 0.01981 ( 1)
  52 V   0.01249 0.84482 0.01185 0.13084 ( 2)
  53 S   0.02232 0.75945 0.04955 0.16867 ( 2)
  54 Y   0.64680 0.34127 0.00546 0.00647 ( 1)
  55 S   0.95537 0.03565 0.00808 0.00090 ( 1)
  56 Q   0.13916 0.02939 0.82562 0.00583 ( 3)
  57 K   0.49534 0.34128 0.15116 0.01222 ( 1)
  58 H   0.98458 0.01066 0.00460 0.00016 ( 1)
  59 R   0.99297 0.00332 0.00368 0.00003 ( 1)
  60 A   0.93585 0.05248 0.01060 0.00107 ( 1)
  61 R   0.99497 0.00084 0.00417 0.00002 ( 1)
  62 I   0.98939 0.00276 0.00776 0.00009 ( 1)
  63 H   0.96596 0.03015 0.00360 0.00029 ( 1)
  64 Y   0.99311 0.00218 0.00468 0.00003 ( 1)
  65 A   0.99219 0.00172 0.00604 0.00005 ( 1)
  66 S   0.99303 0.00182 0.00511 0.00003 ( 1)
  67 T   0.94632 0.04015 0.01184 0.00170 ( 1)
  68 S   0.76724 0.22146 0.00565 0.00565 ( 1)
  69 Q   0.08663 0.75072 0.10025 0.06240 ( 2)
  70 I   0.30790 0.59246 0.07128 0.02837 ( 2)
  71 T   0.41095 0.56331 0.00545 0.02029 ( 2)
  72 F   0.99222 0.00219 0.00555 0.00004 ( 1)
  73 T   0.06631 0.90376 0.00111 0.02882 ( 2)
  74 L   0.12039 0.84903 0.00154 0.02904 ( 2)
  75 S   0.27770 0.37577 0.32223 0.02430 ( 2)
  76 L   0.13032 0.82663 0.01180 0.03124 ( 2)
  77 D   0.18784 0.76055 0.01795 0.03366 ( 2)
  78 G   0.99002 0.00373 0.00619 0.00007 ( 1)
  79 A   0.17164 0.77454 0.00373 0.05010 ( 2)
  80 P   0.01627 0.83600 0.04071 0.10702 ( 2)
  81 F   0.61394 0.36728 0.00730 0.01148 ( 1)
  82 N   0.98256 0.01141 0.00569 0.00033 ( 1)
  83 Q   0.37732 0.60665 0.00266 0.01337 ( 2)
  84 Y   0.06167 0.78305 0.09672 0.05856 ( 2)
  85 Y   0.04358 0.87667 0.00892 0.07083 ( 2)
  86 F   0.92309 0.07145 0.00406 0.00139 ( 1)
  87 D   0.68113 0.29583 0.01287 0.01018 ( 1)
  88 K   0.93815 0.01084 0.05069 0.00031 ( 1)
  89 T   0.98674 0.00326 0.00988 0.00012 ( 1)
  90 I   0.99471 0.00292 0.00234 0.00002 ( 1)
  91 N   0.84249 0.08219 0.07109 0.00423 ( 1)
  92 K   0.69737 0.15916 0.13110 0.01236 ( 1)
  93 G   0.99404 0.00147 0.00447 0.00002 ( 1)
  94 D   0.50457 0.47667 0.00385 0.01491 ( 1)
  95 T   0.30773 0.67167 0.00273 0.01786 ( 2)
  96 L   0.98973 0.00413 0.00607 0.00007 ( 1)
  97 T   0.98011 0.00869 0.01101 0.00019 ( 1)
  98 Y   0.93556 0.01218 0.05197 0.00029 ( 1)
  99 N   0.32716 0.46880 0.17960 0.02443 ( 2)
 100 S   0.50372 0.33017 0.14540 0.02070 ( 1)
 101 F   0.99504 0.00075 0.00419 0.00001 ( 1)
 102 N   0.84063 0.15053 0.00505 0.00379 ( 1)
 103 L   0.93702 0.05775 0.00407 0.00115 ( 1)
 104 A   0.99168 0.00197 0.00630 0.00005 ( 1)
 105 S   0.96362 0.03088 0.00488 0.00061 ( 1)
 106 F   0.98409 0.01142 0.00427 0.00021 ( 1)
 107 S   0.15568 0.81437 0.00234 0.02761 ( 2)
 108 T   0.95422 0.03546 0.00923 0.00110 ( 1)
 109 P   0.98121 0.01454 0.00404 0.00022 ( 1)
 110 F   0.98227 0.00952 0.00808 0.00013 ( 1)
 111 E   0.09681 0.80970 0.04583 0.04765 ( 2)
 112 L   0.98972 0.00593 0.00424 0.00011 ( 1)
 113 S   0.03215 0.77058 0.09983 0.09744 ( 2)
 114 G   0.55985 0.39262 0.03211 0.01542 ( 1)
 115 N   0.14244 0.78477 0.02435 0.04844 ( 2)
 116 N   0.09986 0.83744 0.01739 0.04531 ( 2)
 117 -   0.70862 0.23569 0.04776 0.00794 ( 1)
 118 -   0.50132 0.48121 0.00474 0.01273 ( 1)
 119 L   0.92494 0.06110 0.01217 0.00179 ( 1)
 120 Q   0.13495 0.83295 0.00252 0.02958 ( 2)
 121 I   0.98943 0.00295 0.00752 0.00009 ( 1)
 122 G   0.92019 0.06434 0.01405 0.00142 ( 1)
 123 V   0.95951 0.03174 0.00800 0.00075 ( 1)
 124 T   0.08930 0.84072 0.01912 0.05085 ( 2)
 125 G   0.04349 0.92614 0.00036 0.03002 ( 2)
 126 L   0.90213 0.04742 0.04912 0.00133 ( 1)
 127 S   0.03998 0.74153 0.10275 0.11575 ( 2)
 128 A   0.34471 0.63694 0.00367 0.01468 ( 2)
 129 G   0.96854 0.01779 0.01283 0.00083 ( 1)
 130 D   0.88324 0.10623 0.00788 0.00264 ( 1)
 131 K   0.94045 0.05215 0.00620 0.00121 ( 1)
 132 V   0.99019 0.00308 0.00666 0.00008 ( 1)
 133 Y   0.99372 0.00161 0.00464 0.00002 ( 1)
 134 I   0.90844 0.08241 0.00674 0.00241 ( 1)
 135 D   0.98760 0.00563 0.00670 0.00007 ( 1)
 136 K   0.81676 0.08214 0.09542 0.00568 ( 1)
 137 I   0.75272 0.22950 0.00908 0.00871 ( 1)
 138 E   0.99406 0.00107 0.00485 0.00002 ( 1)
 139 F   0.76823 0.21828 0.00734 0.00615 ( 1)
 140 I   0.96857 0.01946 0.01161 0.00036 ( 1)
 141 P   0.95375 0.03916 0.00567 0.00142 ( 1)

