Supplemental results for CODEML (seqf: algn  treef: tree)


dN/dS (w) for site classes (K=4)

site class             0        1       2a       2b
proportion       0.82869  0.17131  0.00000  0.00000
background w     0.11530  1.00000  0.11530  1.00000
foreground w     0.11530  1.00000  3.89881  3.89881
(note that p[2] is zero)


Naive Empirical Bayes (NEB) probabilities for 4 classes
(amino acids refer to 1st sequence: BT_Cry1Fa1)

   1 -   0.95112 0.04888 0.00000 0.00000 ( 1)
   2 -   0.34691 0.65309 0.00000 0.00000 ( 2)
   3 -   0.66992 0.33008 0.00000 0.00000 ( 1)
   4 -   0.99990 0.00010 0.00000 0.00000 ( 1)
   5 R   0.96009 0.03991 0.00000 0.00000 ( 1)
   6 I   0.99997 0.00003 0.00000 0.00000 ( 1)
   7 T   0.99967 0.00033 0.00000 0.00000 ( 1)
   8 Q   0.99963 0.00037 0.00000 0.00000 ( 1)
   9 I   0.99970 0.00030 0.00000 0.00000 ( 1)
  10 P   0.99991 0.00009 0.00000 0.00000 ( 1)
  11 L   0.96593 0.03407 0.00000 0.00000 ( 1)
  12 V   0.99995 0.00005 0.00000 0.00000 ( 1)
  13 K   0.99983 0.00017 0.00000 0.00000 ( 1)
  14 A   0.99928 0.00072 0.00000 0.00000 ( 1)
  15 H   0.99939 0.00061 0.00000 0.00000 ( 1)
  16 T   0.99879 0.00121 0.00000 0.00000 ( 1)
  17 L   0.94958 0.05042 0.00000 0.00000 ( 1)
  18 Q   0.01527 0.98473 0.00000 0.00000 ( 2)
  19 S   0.99894 0.00106 0.00000 0.00000 ( 1)
  20 G   0.99994 0.00006 0.00000 0.00000 ( 1)
  21 T   0.99875 0.00125 0.00000 0.00000 ( 1)
  22 T   0.99264 0.00736 0.00000 0.00000 ( 1)
  23 V   0.99990 0.00010 0.00000 0.00000 ( 1)
  24 V   0.99806 0.00194 0.00000 0.00000 ( 1)
  25 R   0.01165 0.98835 0.00000 0.00000 ( 2)
  26 G   0.99996 0.00004 0.00000 0.00000 ( 1)
  27 P   0.99335 0.00665 0.00000 0.00000 ( 1)
  28 G   0.99941 0.00059 0.00000 0.00000 ( 1)
  29 F   0.99999 0.00001 0.00000 0.00000 ( 1)
  30 T   0.99993 0.00007 0.00000 0.00000 ( 1)
  31 G   0.99998 0.00002 0.00000 0.00000 ( 1)
  32 G   0.99994 0.00006 0.00000 0.00000 ( 1)
  33 D   0.99977 0.00023 0.00000 0.00000 ( 1)
  34 I   0.97735 0.02265 0.00000 0.00000 ( 1)
  35 L   0.99628 0.00372 0.00000 0.00000 ( 1)
  36 -   0.83983 0.16017 0.00000 0.00000 ( 1)
  37 R   0.08647 0.91353 0.00000 0.00000 ( 2)
  38 R   0.99972 0.00028 0.00000 0.00000 ( 1)
  39 T   0.96822 0.03178 0.00000 0.00000 ( 1)
  40 S   0.99356 0.00644 0.00000 0.00000 ( 1)
  41 G   0.73663 0.26337 0.00000 0.00000 ( 1)
  42 G   0.99897 0.00103 0.00000 0.00000 ( 1)
  43 P   0.62861 0.37139 0.00000 0.00000 ( 1)
  44 F   0.90138 0.09862 0.00000 0.00000 ( 1)
  45 A   0.99990 0.00010 0.00000 0.00000 ( 1)
  46 Y   0.03595 0.96405 0.00000 0.00000 ( 2)
  47 T   0.07887 0.92113 0.00000 0.00000 ( 2)
  48 I   0.06687 0.93313 0.00000 0.00000 ( 2)
  49 V   0.99995 0.00005 0.00000 0.00000 ( 1)
  50 N   0.95014 0.04986 0.00000 0.00000 ( 1)
  51 I   0.70040 0.29960 0.00000 0.00000 ( 1)
  52 N   0.98180 0.01820 0.00000 0.00000 ( 1)
  53 G   0.00011 0.99989 0.00000 0.00000 ( 2)
  54 -   0.86410 0.13590 0.00000 0.00000 ( 1)
  55 Q   0.00051 0.99949 0.00000 0.00000 ( 2)
  56 L   0.99925 0.00075 0.00000 0.00000 ( 1)
  57 P   0.98304 0.01696 0.00000 0.00000 ( 1)
  58 Q   0.99983 0.00017 0.00000 0.00000 ( 1)
  59 R   0.99902 0.00098 0.00000 0.00000 ( 1)
  60 Y   0.99998 0.00002 0.00000 0.00000 ( 1)
  61 R   0.99424 0.00576 0.00000 0.00000 ( 1)
  62 A   0.99614 0.00386 0.00000 0.00000 ( 1)
  63 R   0.99999 0.00001 0.00000 0.00000 ( 1)
  64 I   0.99981 0.00019 0.00000 0.00000 ( 1)
  65 R   0.99283 0.00717 0.00000 0.00000 ( 1)
  66 Y   0.99992 0.00008 0.00000 0.00000 ( 1)
  67 A   0.98238 0.01762 0.00000 0.00000 ( 1)
  68 S   0.99998 0.00002 0.00000 0.00000 ( 1)
  69 T   0.99996 0.00004 0.00000 0.00000 ( 1)
  70 T   0.99998 0.00002 0.00000 0.00000 ( 1)
  71 N   0.99759 0.00241 0.00000 0.00000 ( 1)
  72 L   0.92994 0.07006 0.00000 0.00000 ( 1)
  73 R   0.99935 0.00065 0.00000 0.00000 ( 1)
  74 I   0.93056 0.06944 0.00000 0.00000 ( 1)
  75 Y   0.93966 0.06034 0.00000 0.00000 ( 1)
  76 V   0.93762 0.06238 0.00000 0.00000 ( 1)
  77 T   0.83630 0.16370 0.00000 0.00000 ( 1)
  78 V   0.54362 0.45638 0.00000 0.00000 ( 1)
  79 A   0.99917 0.00083 0.00000 0.00000 ( 1)
  80 G   0.98532 0.01468 0.00000 0.00000 ( 1)
  81 E   0.01333 0.98667 0.00000 0.00000 ( 2)
  82 R   0.97232 0.02768 0.00000 0.00000 ( 1)
  83 I   0.99750 0.00250 0.00000 0.00000 ( 1)
  84 F   0.96866 0.03134 0.00000 0.00000 ( 1)
  85 A   0.99586 0.00414 0.00000 0.00000 ( 1)
  86 G   0.94494 0.05506 0.00000 0.00000 ( 1)
  87 Q   0.01773 0.98227 0.00000 0.00000 ( 2)
  88 F   0.98903 0.01097 0.00000 0.00000 ( 1)
  89 N   0.99704 0.00296 0.00000 0.00000 ( 1)
  90 K   0.99999 0.00001 0.00000 0.00000 ( 1)
  91 T   0.99995 0.00005 0.00000 0.00000 ( 1)
  92 M   0.99988 0.00012 0.00000 0.00000 ( 1)
  93 D   0.93882 0.06118 0.00000 0.00000 ( 1)
  94 T   0.93128 0.06872 0.00000 0.00000 ( 1)
  95 G   0.98624 0.01376 0.00000 0.00000 ( 1)
  96 D   0.15931 0.84069 0.00000 0.00000 ( 2)
  97 P   0.24717 0.75283 0.00000 0.00000 ( 2)
  98 L   0.99766 0.00234 0.00000 0.00000 ( 1)
  99 T   0.99947 0.00053 0.00000 0.00000 ( 1)
 100 F   0.98728 0.01272 0.00000 0.00000 ( 1)
 101 Q   0.82571 0.17429 0.00000 0.00000 ( 1)
 102 S   0.99700 0.00300 0.00000 0.00000 ( 1)
 103 F   0.99992 0.00008 0.00000 0.00000 ( 1)
 104 S   0.73562 0.26438 0.00000 0.00000 ( 1)
 105 Y   0.01631 0.98369 0.00000 0.00000 ( 2)
 106 A   0.99973 0.00027 0.00000 0.00000 ( 1)
 107 T   0.99998 0.00002 0.00000 0.00000 ( 1)
 108 I   0.99859 0.00141 0.00000 0.00000 ( 1)
 109 N   0.01572 0.98428 0.00000 0.00000 ( 2)
 110 T   0.99459 0.00541 0.00000 0.00000 ( 1)
 111 A   0.94325 0.05675 0.00000 0.00000 ( 1)
 112 F   0.99813 0.00187 0.00000 0.00000 ( 1)
 113 T   0.99631 0.00369 0.00000 0.00000 ( 1)
 114 F   0.99981 0.00019 0.00000 0.00000 ( 1)
 115 P   0.73467 0.26533 0.00000 0.00000 ( 1)
 116 M   0.00594 0.99406 0.00000 0.00000 ( 2)
 117 S   0.00036 0.99964 0.00000 0.00000 ( 2)
 118 Q   0.00000 1.00000 0.00000 0.00000 ( 2)
 119 S   0.99521 0.00479 0.00000 0.00000 ( 1)
 120 S   0.41522 0.58478 0.00000 0.00000 ( 2)
 121 F   0.24183 0.75817 0.00000 0.00000 ( 2)
 122 T   0.99965 0.00035 0.00000 0.00000 ( 1)
 123 V   0.99848 0.00152 0.00000 0.00000 ( 1)
 124 G   0.99999 0.00001 0.00000 0.00000 ( 1)
 125 A   0.99981 0.00019 0.00000 0.00000 ( 1)
 126 D   0.99997 0.00003 0.00000 0.00000 ( 1)
 127 T   0.36242 0.63758 0.00000 0.00000 ( 2)
 128 F   0.99995 0.00005 0.00000 0.00000 ( 1)
 129 S   0.04547 0.95453 0.00000 0.00000 ( 2)
 130 S   0.98294 0.01706 0.00000 0.00000 ( 1)
 131 G   0.92885 0.07115 0.00000 0.00000 ( 1)
 132 N   0.97602 0.02398 0.00000 0.00000 ( 1)
 133 E   0.99868 0.00132 0.00000 0.00000 ( 1)
 134 V   0.99978 0.00022 0.00000 0.00000 ( 1)
 135 Y   0.99998 0.00002 0.00000 0.00000 ( 1)
 136 I   0.93301 0.06699 0.00000 0.00000 ( 1)
 137 D   0.99999 0.00001 0.00000 0.00000 ( 1)
 138 R   0.99748 0.00252 0.00000 0.00000 ( 1)
 139 F   0.94506 0.05494 0.00000 0.00000 ( 1)
 140 E   0.99999 0.00001 0.00000 0.00000 ( 1)
 141 L   0.75131 0.24869 0.00000 0.00000 ( 1)
 142 I   0.99955 0.00045 0.00000 0.00000 ( 1)
 143 P   0.82869 0.17131 0.00000 0.00000 ( 1)


lnL = -2522.364867

Bayes Empirical Bayes (BEB) probabilities for 4 classes (class)
(amino acids refer to 1st sequence: BT_Cry1Fa1)

   1 -   0.93898 0.04710 0.01230 0.00161 ( 1)
   2 -   0.47064 0.40036 0.11413 0.01486 ( 1)
   3 -   0.77579 0.21632 0.00515 0.00274 ( 1)
   4 -   0.99850 0.00012 0.00138 0.00000 ( 1)
   5 R   0.90505 0.02103 0.07349 0.00043 ( 1)
   6 I   0.99794 0.00004 0.00201 0.00000 ( 1)
   7 T   0.99767 0.00036 0.00196 0.00000 ( 1)
   8 Q   0.99569 0.00039 0.00391 0.00000 ( 1)
   9 I   0.99802 0.00033 0.00166 0.00000 ( 1)
  10 P   0.99736 0.00011 0.00253 0.00000 ( 1)
  11 L   0.96500 0.02372 0.01093 0.00035 ( 1)
  12 V   0.99816 0.00006 0.00177 0.00000 ( 1)
  13 K   0.99678 0.00020 0.00302 0.00000 ( 1)
  14 A   0.99643 0.00070 0.00286 0.00001 ( 1)
  15 H   0.99767 0.00046 0.00187 0.00000 ( 1)
  16 T   0.98997 0.00119 0.00882 0.00002 ( 1)
  17 L   0.96406 0.03265 0.00306 0.00023 ( 1)
  18 Q   0.05923 0.92773 0.00060 0.01245 ( 2)
  19 S   0.99429 0.00095 0.00475 0.00001 ( 1)
  20 G   0.99844 0.00007 0.00149 0.00000 ( 1)
  21 T   0.99629 0.00106 0.00264 0.00001 ( 1)
  22 T   0.99287 0.00561 0.00149 0.00003 ( 1)
  23 V   0.99810 0.00011 0.00178 0.00000 ( 1)
  24 V   0.99649 0.00160 0.00191 0.00001 ( 1)
  25 R   0.04957 0.94141 0.00048 0.00854 ( 2)
  26 G   0.98911 0.00005 0.01084 0.00000 ( 1)
  27 P   0.99246 0.00461 0.00290 0.00003 ( 1)
  28 G   0.98852 0.00063 0.01084 0.00001 ( 1)
  29 F   0.99845 0.00002 0.00153 0.00000 ( 1)
  30 T   0.99766 0.00010 0.00224 0.00000 ( 1)
  31 G   0.99754 0.00002 0.00244 0.00000 ( 1)
  32 G   0.99670 0.00007 0.00323 0.00000 ( 1)
  33 D   0.99853 0.00021 0.00126 0.00000 ( 1)
  34 I   0.97625 0.01603 0.00753 0.00019 ( 1)
  35 L   0.98591 0.00324 0.01080 0.00005 ( 1)
  36 -   0.83680 0.12861 0.02996 0.00464 ( 1)
  37 R   0.21843 0.77271 0.00135 0.00752 ( 2)
  38 R   0.99269 0.00028 0.00703 0.00000 ( 1)
  39 T   0.97924 0.01862 0.00201 0.00014 ( 1)
  40 S   0.99493 0.00395 0.00110 0.00002 ( 1)
  41 G   0.83990 0.15742 0.00182 0.00086 ( 1)
  42 G   0.99706 0.00081 0.00213 0.00000 ( 1)
  43 P   0.78659 0.21023 0.00199 0.00120 ( 1)
  44 F   0.94259 0.05564 0.00150 0.00028 ( 1)
  45 A   0.99850 0.00011 0.00139 0.00000 ( 1)
  46 Y   0.13093 0.85310 0.00505 0.01092 ( 2)
  47 T   0.22195 0.76291 0.00686 0.00828 ( 2)
  48 I   0.22393 0.76625 0.00202 0.00780 ( 2)
  49 V   0.99848 0.00007 0.00145 0.00000 ( 1)
  50 N   0.96771 0.03089 0.00123 0.00017 ( 1)
  51 I   0.78196 0.14399 0.07082 0.00323 ( 1)
  52 N   0.95770 0.01152 0.03064 0.00014 ( 1)
  53 G   0.00053 0.76226 0.00652 0.23069 ( 2)
  54 -   0.85599 0.10941 0.03065 0.00394 ( 1)
  55 Q   0.00287 0.93985 0.00489 0.05240 ( 2)
  56 L   0.99061 0.00079 0.00859 0.00001 ( 1)
  57 P   0.97937 0.01115 0.00934 0.00014 ( 1)
  58 Q   0.99590 0.00019 0.00391 0.00000 ( 1)
  59 R   0.99386 0.00102 0.00511 0.00001 ( 1)
  60 Y   0.99776 0.00003 0.00221 0.00000 ( 1)
  61 R   0.99264 0.00454 0.00279 0.00003 ( 1)
  62 A   0.99544 0.00290 0.00164 0.00002 ( 1)
  63 R   0.99838 0.00001 0.00161 0.00000 ( 1)
  64 I   0.99762 0.00021 0.00217 0.00000 ( 1)
  65 R   0.98287 0.00676 0.01028 0.00009 ( 1)
  66 Y   0.99769 0.00010 0.00221 0.00000 ( 1)
  67 A   0.98088 0.01272 0.00627 0.00013 ( 1)
  68 S   0.99803 0.00003 0.00195 0.00000 ( 1)
  69 T   0.99846 0.00005 0.00149 0.00000 ( 1)
  70 T   0.99835 0.00004 0.00161 0.00000 ( 1)
  71 N   0.99523 0.00208 0.00268 0.00002 ( 1)
  72 L   0.95410 0.04149 0.00409 0.00032 ( 1)
  73 R   0.99770 0.00067 0.00163 0.00000 ( 1)
  74 I   0.93822 0.03351 0.02776 0.00051 ( 1)
  75 Y   0.94672 0.03949 0.01313 0.00067 ( 1)
  76 V   0.96332 0.03476 0.00172 0.00020 ( 1)
  77 T   0.89812 0.09240 0.00831 0.00117 ( 1)
  78 V   0.74168 0.23529 0.01980 0.00323 ( 1)
  79 A   0.99740 0.00075 0.00184 0.00000 ( 1)
  80 G   0.98701 0.00981 0.00309 0.00009 ( 1)
  81 E   0.06035 0.93467 0.00011 0.00487 ( 2)
  82 R   0.97464 0.01780 0.00736 0.00019 ( 1)
  83 I   0.99635 0.00212 0.00151 0.00001 ( 1)
  84 F   0.98080 0.01755 0.00156 0.00009 ( 1)
  85 A   0.99527 0.00332 0.00139 0.00002 ( 1)
  86 G   0.96708 0.03123 0.00154 0.00015 ( 1)
  87 Q   0.06630 0.92692 0.00026 0.00652 ( 2)
  88 F   0.99132 0.00708 0.00156 0.00004 ( 1)
  89 N   0.91413 0.00222 0.08359 0.00006 ( 1)
  90 K   0.99836 0.00002 0.00162 0.00000 ( 1)
  91 T   0.99788 0.00007 0.00205 0.00000 ( 1)
  92 M   0.99823 0.00011 0.00166 0.00000 ( 1)
  93 D   0.94980 0.03050 0.01936 0.00033 ( 1)
  94 T   0.93332 0.03911 0.02703 0.00053 ( 1)
  95 G   0.99013 0.00836 0.00148 0.00004 ( 1)
  96 D   0.31570 0.62354 0.03964 0.02111 ( 2)
  97 P   0.45120 0.54454 0.00114 0.00312 ( 2)
  98 L   0.99458 0.00198 0.00342 0.00001 ( 1)
  99 T   0.99765 0.00053 0.00182 0.00000 ( 1)
 100 F   0.98343 0.00872 0.00775 0.00010 ( 1)
 101 Q   0.90566 0.09014 0.00356 0.00065 ( 1)
 102 S   0.99544 0.00260 0.00195 0.00001 ( 1)
 103 F   0.99838 0.00009 0.00153 0.00000 ( 1)
 104 S   0.86409 0.13430 0.00102 0.00059 ( 1)
 105 Y   0.05575 0.92802 0.00077 0.01546 ( 2)
 106 A   0.99798 0.00028 0.00174 0.00000 ( 1)
 107 T   0.99847 0.00004 0.00149 0.00000 ( 1)
 108 I   0.99724 0.00124 0.00151 0.00001 ( 1)
 109 N   0.07156 0.91641 0.00157 0.01046 ( 2)
 110 T   0.99404 0.00412 0.00182 0.00003 ( 1)
 111 A   0.97010 0.02808 0.00164 0.00018 ( 1)
 112 F   0.99703 0.00144 0.00153 0.00001 ( 1)
 113 T   0.99529 0.00288 0.00181 0.00002 ( 1)
 114 F   0.99196 0.00022 0.00782 0.00000 ( 1)
 115 P   0.84845 0.14848 0.00221 0.00086 ( 1)
 116 M   0.01392 0.46969 0.36561 0.15079 ( 2)
 117 S   0.00233 0.96294 0.00126 0.03348 ( 2)
 118 Q   0.00002 0.75301 0.00014 0.24683 ( 2)
 119 S   0.99076 0.00316 0.00605 0.00003 ( 1)
 120 S   0.64007 0.35213 0.00423 0.00356 ( 1)
 121 F   0.42708 0.55764 0.00659 0.00869 ( 2)
 122 T   0.99792 0.00036 0.00172 0.00000 ( 1)
 123 V   0.99700 0.00122 0.00178 0.00001 ( 1)
 124 G   0.99850 0.00001 0.00149 0.00000 ( 1)
 125 A   0.99717 0.00020 0.00263 0.00000 ( 1)
 126 D   0.99877 0.00004 0.00119 0.00000 ( 1)
 127 T   0.56636 0.42880 0.00139 0.00345 ( 1)
 128 F   0.99840 0.00006 0.00153 0.00000 ( 1)
 129 S   0.15194 0.84255 0.00031 0.00519 ( 2)
 130 S   0.98487 0.01169 0.00335 0.00008 ( 1)
 131 G   0.96369 0.03453 0.00160 0.00019 ( 1)
 132 N   0.98477 0.01377 0.00138 0.00007 ( 1)
 133 E   0.99731 0.00104 0.00164 0.00001 ( 1)
 134 V   0.99832 0.00024 0.00145 0.00000 ( 1)
 135 Y   0.99776 0.00003 0.00221 0.00000 ( 1)
 136 I   0.93797 0.03943 0.02220 0.00039 ( 1)
 137 D   0.99847 0.00001 0.00151 0.00000 ( 1)
 138 R   0.99643 0.00187 0.00169 0.00001 ( 1)
 139 F   0.96726 0.03110 0.00148 0.00015 ( 1)
 140 E   0.99834 0.00001 0.00165 0.00000 ( 1)
 141 L   0.85982 0.13174 0.00689 0.00154 ( 1)
 142 I   0.99181 0.00054 0.00764 0.00001 ( 1)
 143 P   0.82795 0.13745 0.02964 0.00495 ( 1)

