Supplemental results for CODEML (seqf: algn  treef: tree)


dN/dS (w) for site classes (K=4)

site class             0        1       2a       2b
proportion       0.55120  0.31054  0.08844  0.04982
background w     0.13433  1.00000  0.13433  1.00000
foreground w     0.13433  1.00000 22.33671 22.33671

Naive Empirical Bayes (NEB) probabilities for 4 classes
(amino acids refer to 1st sequence: BT_Cry43Aa1)

   1 -   0.85373 0.00801 0.13697 0.00129 ( 1)
   2 S   0.83141 0.03033 0.13339 0.00487 ( 1)
   3 A   0.47501 0.38673 0.07621 0.06205 ( 1)
   4 Q   0.85862 0.00312 0.13776 0.00050 ( 1)
   5 G   0.51625 0.34549 0.08283 0.05543 ( 1)
   6 E   0.71749 0.14425 0.11512 0.02314 ( 1)
   7 Q   0.70241 0.15933 0.11270 0.02556 ( 1)
   8 L   0.75224 0.10950 0.12069 0.01757 ( 1)
   9 F   0.01970 0.84204 0.00316 0.13510 ( 2)
  10 S   0.00139 0.86035 0.00022 0.13804 ( 2)
  11 F   0.53560 0.32614 0.08593 0.05233 ( 1)
  12 L   0.00505 0.85669 0.00081 0.13745 ( 2)
  13 L   0.80972 0.05202 0.12991 0.00835 ( 1)
  14 D   0.27793 0.58381 0.04459 0.09367 ( 2)
  15 T   0.00038 0.86136 0.00006 0.13820 ( 2)
  16 L   0.73992 0.12182 0.11872 0.01954 ( 1)
  17 W   0.30922 0.55252 0.04961 0.08865 ( 2)
  18 L   0.49099 0.37075 0.07878 0.05948 ( 1)
  19 E   0.00005 0.86169 0.00001 0.13825 ( 2)
  20 G   0.00271 0.85903 0.00043 0.13783 ( 2)
  21 N   0.81393 0.04781 0.13059 0.00767 ( 1)
  22 -   0.63370 0.22804 0.10167 0.03659 ( 1)
  23 -   0.61252 0.24922 0.09828 0.03998 ( 1)
  24 T   0.23340 0.62834 0.03745 0.10081 ( 2)
  25 Q   0.76077 0.10097 0.12206 0.01620 ( 1)
  26 W   0.71332 0.14843 0.11445 0.02381 ( 1)
  27 E   0.84970 0.01205 0.13633 0.00193 ( 1)
  28 E   0.04238 0.81936 0.00680 0.13146 ( 2)
  29 L   0.80352 0.05822 0.12892 0.00934 ( 1)
  30 M   0.99134 0.00014 0.00851 0.00000 ( 1)
  31 R   0.81399 0.17414 0.00926 0.00262 ( 1)
  32 H   0.97388 0.01650 0.00940 0.00021 ( 1)
  33 A   0.89186 0.09093 0.01494 0.00227 ( 1)
  34 E   0.98583 0.00014 0.01402 0.00000 ( 1)
  35 E   0.46627 0.51567 0.00673 0.01133 ( 2)
  36 L   0.91791 0.03522 0.04505 0.00182 ( 1)
  37 I   0.37624 0.00161 0.62188 0.00027 ( 3)
  38 N   0.94098 0.00349 0.05533 0.00019 ( 1)
  39 E   0.00702 0.95385 0.00015 0.03897 ( 2)
  40 Q   0.00029 0.58848 0.00178 0.40945 ( 2)
  41 V   0.98401 0.00112 0.01484 0.00003 ( 1)
  42 P   0.11534 0.85680 0.00224 0.02562 ( 2)
  43 D   0.00192 0.72893 0.00453 0.26462 ( 2)
  44 Y   0.00373 0.00533 0.98223 0.00871 ( 3)
  45 V   0.96749 0.01926 0.01291 0.00034 ( 1)
  46 R   0.98843 0.00029 0.01128 0.00000 ( 1)
  47 T   0.00218 0.12529 0.60378 0.26876 ( 3)
  48 K   0.13320 0.07116 0.74573 0.04991 ( 3)
  49 A   0.98582 0.00097 0.01319 0.00002 ( 1)
  50 L   0.96879 0.00332 0.02776 0.00013 ( 1)
  51 A   0.16526 0.08114 0.70156 0.05204 ( 3)
  52 E   0.98578 0.00018 0.01404 0.00000 ( 1)
  53 L   0.95444 0.02427 0.02065 0.00064 ( 1)
  54 T   0.00003 0.92401 0.00001 0.07595 ( 2)
  55 D   0.98235 0.00600 0.01156 0.00009 ( 1)
  56 L   0.97757 0.00176 0.02063 0.00004 ( 1)
  57 G   0.00694 0.00218 0.98662 0.00427 ( 3)
  58 N   0.98174 0.00637 0.01177 0.00012 ( 1)
  59 N   0.27517 0.70320 0.00415 0.01749 ( 2)
  60 L   0.19543 0.21227 0.52976 0.06254 ( 3)
  61 N   0.00022 0.61820 0.00099 0.38058 ( 2)
  62 L   0.02374 0.84691 0.01755 0.11180 ( 2)
  63 Y   0.98461 0.00034 0.01505 0.00001 ( 1)
  64 I   0.00263 0.62177 0.01453 0.36108 ( 2)
  65 A   0.02611 0.91280 0.00159 0.05950 ( 2)
  66 A   0.28831 0.18555 0.47321 0.05293 ( 3)
  67 F   0.34617 0.60501 0.01699 0.03184 ( 2)
  68 E   0.17630 0.31634 0.43213 0.07523 ( 3)
  69 D   0.86111 0.10266 0.03074 0.00549 ( 1)
  70 W   0.93612 0.02281 0.04005 0.00103 ( 1)
  71 K   0.65338 0.33018 0.00920 0.00724 ( 1)
  72 R   0.00026 0.31886 0.03301 0.64787 ( 4)
  73 N   0.00096 0.00200 0.97514 0.02191 ( 3)
  74 P   0.21104 0.02127 0.75905 0.00863 ( 3)
  75 S   0.02669 0.17304 0.60317 0.19710 ( 3)
  76 S   0.96969 0.00976 0.02023 0.00032 ( 1)
  77 Q   0.00218 0.70084 0.00270 0.29428 ( 2)
  78 E   0.00000 0.27331 0.00003 0.72666 ( 4)
  79 V   0.00000 0.59115 0.00000 0.40885 ( 2)
  80 R   0.29915 0.09170 0.59072 0.01842 ( 3)
  81 T   0.00001 0.86228 0.00001 0.13770 ( 2)
  82 R   0.12943 0.83192 0.00425 0.03440 ( 2)
  83 V   0.98256 0.00076 0.01666 0.00002 ( 1)
  84 I   0.75146 0.23585 0.00878 0.00391 ( 1)
  85 D   0.00021 0.97719 0.00000 0.02260 ( 2)
  86 R   0.02773 0.91838 0.00147 0.05242 ( 2)
  87 F   0.98696 0.00068 0.01234 0.00001 ( 1)
  88 N   0.00254 0.87538 0.00017 0.12192 ( 2)
  89 I   0.09086 0.06547 0.79093 0.05274 ( 3)
  90 L   0.88262 0.07827 0.03535 0.00376 ( 1)
  91 D   0.97749 0.00592 0.01645 0.00014 ( 1)
  92 G   0.00298 0.24525 0.09382 0.65795 ( 4)
  93 L   0.40122 0.58320 0.00490 0.01068 ( 2)
  94 F   0.98788 0.00009 0.01204 0.00000 ( 1)
  95 E   0.07896 0.86836 0.00337 0.04931 ( 2)
  96 A   0.00000 0.31815 0.00016 0.68168 ( 4)
  97 Y   0.00019 0.73752 0.00011 0.26218 ( 2)
  98 L   0.91851 0.07285 0.00789 0.00076 ( 1)
  99 P   0.98470 0.00160 0.01367 0.00003 ( 1)
 100 S   0.00014 0.48903 0.00198 0.50885 ( 4)
 101 F   0.98788 0.00009 0.01204 0.00000 ( 1)
 102 A   0.22177 0.10186 0.64871 0.02766 ( 3)
 103 V   0.00301 0.03123 0.91250 0.05326 ( 3)
 104 P   0.00002 0.92629 0.00000 0.07369 ( 2)
 105 G   0.03020 0.94637 0.00058 0.02285 ( 2)
 106 Y   0.96534 0.01952 0.01475 0.00040 ( 1)
 107 E   0.96991 0.01595 0.01378 0.00037 ( 1)
 108 V   0.98310 0.00036 0.01653 0.00001 ( 1)
 109 P   0.85695 0.08999 0.04764 0.00541 ( 1)
 110 L   0.97739 0.00193 0.02062 0.00005 ( 1)
 111 L   0.97684 0.00245 0.02064 0.00006 ( 1)
 112 S   0.43561 0.54772 0.00577 0.01090 ( 2)
 113 V   0.95331 0.00828 0.03805 0.00036 ( 1)
 114 Y   0.98461 0.00034 0.01505 0.00001 ( 1)
 115 A   0.98660 0.00023 0.01316 0.00000 ( 1)
 116 N   0.00078 0.97071 0.00002 0.02849 ( 2)
 117 V   0.98463 0.00215 0.01318 0.00004 ( 1)
 118 V   0.95087 0.00478 0.04411 0.00024 ( 1)
 119 N   0.98797 0.00007 0.01196 0.00000 ( 1)
 120 I   0.12960 0.85452 0.00182 0.01406 ( 2)
 121 H   0.98849 0.00122 0.01028 0.00002 ( 1)
 122 L   0.97625 0.00304 0.02063 0.00008 ( 1)
 123 L   0.94966 0.03753 0.01222 0.00060 ( 1)
 124 V   0.90893 0.07011 0.01918 0.00179 ( 1)
 125 L   0.97585 0.00299 0.02108 0.00008 ( 1)
 126 R   0.96906 0.00188 0.02900 0.00006 ( 1)
 127 D   0.98802 0.00010 0.01188 0.00000 ( 1)
 128 S   0.00387 0.94438 0.00020 0.05155 ( 2)
 129 S   0.21230 0.77167 0.00291 0.01311 ( 2)
 130 I   0.98487 0.00029 0.01483 0.00001 ( 1)
 131 Y   0.69140 0.28725 0.01336 0.00799 ( 1)
 132 G   0.98446 0.00043 0.01511 0.00001 ( 1)
 133 L   0.00001 0.90462 0.00000 0.09537 ( 2)
 134 D   0.00678 0.61369 0.04134 0.33819 ( 2)
 135 W   0.93612 0.02281 0.04005 0.00103 ( 1)
 136 G   0.95830 0.00205 0.03955 0.00009 ( 1)
 137 L   0.49910 0.26109 0.22711 0.01269 ( 1)
 138 S   0.00002 0.86525 0.00002 0.13471 ( 2)
 139 S   0.00034 0.98201 0.00001 0.01764 ( 2)
 140 T   0.02266 0.94980 0.00059 0.02696 ( 2)
 141 S   0.00010 0.83340 0.00024 0.16625 ( 2)
 142 V   0.85529 0.12781 0.01395 0.00295 ( 1)
 143 D   0.12875 0.82684 0.00523 0.03918 ( 2)
 144 N   0.59746 0.38276 0.01138 0.00840 ( 1)
 145 N   0.98769 0.00051 0.01179 0.00001 ( 1)
 146 Y   0.88275 0.07242 0.04123 0.00360 ( 1)
 147 N   0.12727 0.85117 0.00251 0.01905 ( 2)
 148 R   0.32170 0.64467 0.00826 0.02537 ( 2)
 149 Q   0.98521 0.00055 0.01423 0.00001 ( 1)
 150 Q   0.01754 0.73920 0.00961 0.23365 ( 2)
 151 R   0.28656 0.59364 0.02808 0.09171 ( 2)
 152 N   0.01151 0.95242 0.00036 0.03571 ( 2)
 153 S   0.21811 0.73175 0.01009 0.04005 ( 2)
 154 A   0.17029 0.80351 0.00420 0.02200 ( 2)
 155 T   0.00024 0.71801 0.00069 0.28107 ( 2)
 156 Y   0.98461 0.00034 0.01505 0.00001 ( 1)
 157 A   0.72493 0.26048 0.00969 0.00490 ( 1)
 158 N   0.98763 0.00055 0.01182 0.00001 ( 1)
 159 H   0.99036 0.00009 0.00955 0.00000 ( 1)
 160 C   0.95400 0.00045 0.04553 0.00002 ( 1)
 161 T   0.58557 0.39838 0.00834 0.00771 ( 1)
 162 T   0.94879 0.02151 0.02879 0.00092 ( 1)
 163 W   0.93612 0.02281 0.04005 0.00103 ( 1)
 164 Y   0.97890 0.00457 0.01642 0.00011 ( 1)
 165 Q   0.27178 0.70124 0.00547 0.02151 ( 2)
 166 T   0.86135 0.09933 0.03290 0.00642 ( 1)
 167 G   0.98811 0.00031 0.01158 0.00000 ( 1)
 168 L   0.97757 0.00176 0.02063 0.00004 ( 1)
 169 Q   0.02724 0.78863 0.04000 0.14413 ( 2)
 170 R   0.98842 0.00035 0.01123 0.00001 ( 1)
 171 L   0.97381 0.00502 0.02104 0.00013 ( 1)
 172 Q   0.32261 0.66230 0.00394 0.01115 ( 2)
 173 G   0.98411 0.00184 0.01401 0.00003 ( 1)
 174 S   0.36397 0.61820 0.00484 0.01299 ( 2)
 175 D   0.67060 0.31493 0.00804 0.00643 ( 1)
 176 A   0.98668 0.00028 0.01304 0.00000 ( 1)
 177 S   0.00084 0.97907 0.00001 0.02008 ( 2)
 178 S   0.39124 0.59802 0.00352 0.00722 ( 2)
 179 W   0.93612 0.02281 0.04005 0.00103 ( 1)
 180 V   0.06807 0.90138 0.00150 0.02905 ( 2)
 181 N   0.02038 0.91589 0.00130 0.06243 ( 2)
 182 Y   0.97998 0.00492 0.01500 0.00010 ( 1)
 183 N   0.98815 0.00005 0.01180 0.00000 ( 1)
 184 R   0.24778 0.73742 0.00286 0.01194 ( 2)
 185 F   0.97577 0.00048 0.02374 0.00001 ( 1)
 186 R   0.98517 0.00140 0.01341 0.00002 ( 1)
 187 R   0.98668 0.00156 0.01173 0.00002 ( 1)
 188 E   0.98453 0.00132 0.01412 0.00003 ( 1)
 189 I   0.99043 0.00106 0.00850 0.00001 ( 1)
 190 T   0.95644 0.00466 0.03870 0.00020 ( 1)
 191 L   0.89520 0.07290 0.02871 0.00319 ( 1)
 192 I   0.90733 0.07934 0.01200 0.00133 ( 1)
 193 V   0.98327 0.00026 0.01647 0.00001 ( 1)
 194 L   0.97131 0.00668 0.02183 0.00018 ( 1)
 195 D   0.98808 0.00005 0.01187 0.00000 ( 1)
 196 I   0.96484 0.00043 0.03472 0.00002 ( 1)
 197 C   0.02676 0.92734 0.00121 0.04469 ( 2)
 198 A   0.31135 0.66300 0.00737 0.01827 ( 2)
 199 L   0.95794 0.00938 0.03234 0.00034 ( 1)
 200 F   0.98788 0.00009 0.01204 0.00000 ( 1)
 201 S   0.93046 0.02089 0.04752 0.00113 ( 1)
 202 N   0.27983 0.32232 0.34421 0.05364 ( 3)


lnL = -3972.754869

Bayes Empirical Bayes (BEB) probabilities for 4 classes (class)
(amino acids refer to 1st sequence: BT_Cry43Aa1)

   1 -   0.79437 0.00746 0.19633 0.00184 ( 1)
   2 S   0.77619 0.02564 0.19184 0.00633 ( 1)
   3 A   0.49221 0.30962 0.12169 0.07648 ( 1)
   4 Q   0.79890 0.00293 0.19744 0.00072 ( 1)
   5 G   0.52430 0.27753 0.12962 0.06855 ( 1)
   6 E   0.68332 0.11852 0.16891 0.02926 ( 1)
   7 Q   0.67797 0.12386 0.16759 0.03058 ( 1)
   8 L   0.71446 0.08737 0.17660 0.02157 ( 1)
   9 F   0.02944 0.77239 0.00728 0.19089 ( 2)
  10 S   0.00254 0.79929 0.00063 0.19754 ( 2)
  11 F   0.55305 0.24878 0.13672 0.06144 ( 1)
  12 L   0.00894 0.79289 0.00221 0.19596 ( 2)
  13 L   0.75457 0.04726 0.18650 0.01166 ( 1)
  14 D   0.33688 0.46495 0.08328 0.11489 ( 2)
  15 T   0.00071 0.80112 0.00018 0.19799 ( 2)
  16 L   0.70685 0.09498 0.17472 0.02345 ( 1)
  17 W   0.34053 0.46130 0.08419 0.11398 ( 2)
  18 L   0.51793 0.28390 0.12805 0.07012 ( 1)
  19 E   0.00010 0.80173 0.00002 0.19814 ( 2)
  20 G   0.00464 0.79719 0.00115 0.19702 ( 2)
  21 N   0.76620 0.03563 0.18937 0.00879 ( 1)
  22 -   0.60350 0.19834 0.14919 0.04898 ( 1)
  23 -   0.58510 0.21673 0.14465 0.05352 ( 1)
  24 T   0.28875 0.51308 0.07138 0.12679 ( 2)
  25 Q   0.72435 0.07748 0.17904 0.01912 ( 1)
  26 W   0.68015 0.12168 0.16813 0.03004 ( 1)
  27 E   0.79203 0.00980 0.19575 0.00242 ( 1)
  28 E   0.06180 0.74003 0.01527 0.18290 ( 2)
  29 L   0.75556 0.04627 0.18675 0.01142 ( 1)
  30 M   0.93907 0.00015 0.06077 0.00001 ( 1)
  31 R   0.79879 0.13705 0.05303 0.01113 ( 1)
  32 H   0.93092 0.01341 0.05468 0.00098 ( 1)
  33 A   0.86723 0.06846 0.05823 0.00609 ( 1)
  34 E   0.94301 0.00015 0.05683 0.00001 ( 1)
  35 E   0.53422 0.40079 0.03223 0.03276 ( 1)
  36 L   0.83538 0.03103 0.12856 0.00502 ( 1)
  37 I   0.25234 0.00104 0.74627 0.00035 ( 3)
  38 N   0.87483 0.00311 0.12159 0.00047 ( 1)
  39 E   0.01255 0.88960 0.00100 0.09685 ( 2)
  40 Q   0.00051 0.52587 0.00395 0.46966 ( 2)
  41 V   0.94201 0.00106 0.05684 0.00009 ( 1)
  42 P   0.15843 0.75811 0.01103 0.07244 ( 2)
  43 D   0.00357 0.65263 0.00978 0.33402 ( 2)
  44 Y   0.00541 0.00568 0.97954 0.00936 ( 3)
  45 V   0.92131 0.01561 0.06180 0.00129 ( 1)
  46 R   0.93737 0.00029 0.06232 0.00002 ( 1)
  47 T   0.00399 0.13222 0.62596 0.23783 ( 3)
  48 K   0.13267 0.05317 0.77327 0.04089 ( 3)
  49 A   0.93610 0.00096 0.06286 0.00008 ( 1)
  50 L   0.90317 0.00291 0.09354 0.00037 ( 1)
  51 A   0.24264 0.08849 0.62174 0.04713 ( 3)
  52 E   0.94295 0.00018 0.05686 0.00001 ( 1)
  53 L   0.89293 0.02061 0.08420 0.00225 ( 1)
  54 T   0.00006 0.84175 0.00004 0.15815 ( 2)
  55 D   0.92971 0.00530 0.06456 0.00044 ( 1)
  56 L   0.91255 0.00169 0.08558 0.00018 ( 1)
  57 G   0.01196 0.00285 0.98049 0.00469 ( 3)
  58 N   0.94535 0.00540 0.04885 0.00040 ( 1)
  59 N   0.34099 0.58425 0.02212 0.05264 ( 2)
  60 L   0.15620 0.12390 0.65620 0.06370 ( 3)
  61 N   0.00044 0.56778 0.00212 0.42966 ( 2)
  62 L   0.03315 0.71964 0.04102 0.20619 ( 2)
  63 Y   0.93195 0.00034 0.06768 0.00003 ( 1)
  64 I   0.00435 0.54149 0.02987 0.42430 ( 2)
  65 A   0.03743 0.81189 0.00631 0.14437 ( 2)
  66 A   0.31423 0.14935 0.48177 0.05465 ( 3)
  67 F   0.38268 0.48031 0.05879 0.07821 ( 2)
  68 E   0.15261 0.18670 0.58305 0.07763 ( 3)
  69 D   0.82610 0.07486 0.08844 0.01060 ( 1)
  70 W   0.85182 0.02005 0.12502 0.00311 ( 1)
  71 K   0.69405 0.24437 0.04147 0.02011 ( 1)
  72 R   0.00062 0.38785 0.04048 0.57105 ( 4)
  73 N   0.00343 0.00511 0.96907 0.02239 ( 3)
  74 P   0.16005 0.01328 0.81806 0.00861 ( 3)
  75 S   0.03703 0.15822 0.63357 0.17118 ( 3)
  76 S   0.92916 0.00823 0.06184 0.00077 ( 1)
  77 Q   0.00399 0.68356 0.00480 0.30764 ( 2)
  78 E   0.00000 0.41471 0.00006 0.58523 ( 4)
  79 V   0.00000 0.63669 0.00000 0.36330 ( 2)
  80 R   0.21630 0.04970 0.71475 0.01925 ( 3)
  81 T   0.00002 0.75724 0.00003 0.24271 ( 2)
  82 R   0.17293 0.70999 0.02063 0.09644 ( 2)
  83 V   0.93608 0.00076 0.06309 0.00007 ( 1)
  84 I   0.75720 0.17714 0.05076 0.01490 ( 1)
  85 D   0.00045 0.89939 0.00004 0.10012 ( 2)
  86 R   0.03973 0.81896 0.00616 0.13516 ( 2)
  87 F   0.94335 0.00069 0.05591 0.00005 ( 1)
  88 N   0.00449 0.79407 0.00071 0.20074 ( 2)
  89 I   0.11268 0.06073 0.78202 0.04457 ( 3)
  90 L   0.82406 0.06081 0.10617 0.00896 ( 1)
  91 D   0.93568 0.00499 0.05892 0.00041 ( 1)
  92 G   0.00740 0.34912 0.11064 0.53283 ( 4)
  93 L   0.45560 0.48031 0.02672 0.03736 ( 2)
  94 F   0.94433 0.00009 0.05557 0.00001 ( 1)
  95 E   0.11549 0.75538 0.01448 0.11465 ( 2)
  96 A   0.00000 0.36472 0.00028 0.63499 ( 4)
  97 Y   0.00039 0.67979 0.00031 0.31952 ( 2)
  98 L   0.88499 0.05367 0.05725 0.00410 ( 1)
  99 P   0.91999 0.00153 0.07833 0.00015 ( 1)
 100 S   0.00030 0.50130 0.00325 0.49515 ( 2)
 101 F   0.94433 0.00009 0.05557 0.00001 ( 1)
 102 A   0.17342 0.05971 0.73988 0.02700 ( 3)
 103 V   0.00500 0.03418 0.90807 0.05275 ( 3)
 104 P   0.00005 0.86203 0.00001 0.13791 ( 2)
 105 G   0.04722 0.85213 0.00460 0.09605 ( 2)
 106 Y   0.91623 0.01582 0.06653 0.00142 ( 1)
 107 E   0.92951 0.01336 0.05600 0.00112 ( 1)
 108 V   0.93663 0.00037 0.06296 0.00003 ( 1)
 109 P   0.79499 0.06831 0.12525 0.01145 ( 1)
 110 L   0.91238 0.00185 0.08556 0.00020 ( 1)
 111 L   0.91186 0.00233 0.08555 0.00025 ( 1)
 112 S   0.48846 0.44128 0.03247 0.03778 ( 1)
 113 V   0.87126 0.00753 0.12011 0.00111 ( 1)
 114 Y   0.93195 0.00034 0.06768 0.00003 ( 1)
 115 A   0.93689 0.00024 0.06285 0.00002 ( 1)
 116 N   0.00142 0.89914 0.00013 0.09931 ( 2)
 117 V   0.93512 0.00195 0.06276 0.00016 ( 1)
 118 V   0.86633 0.00410 0.12892 0.00065 ( 1)
 119 N   0.95063 0.00008 0.04928 0.00001 ( 1)
 120 I   0.16848 0.75397 0.01234 0.06522 ( 2)
 121 H   0.94244 0.00120 0.05627 0.00009 ( 1)
 122 L   0.91131 0.00288 0.08550 0.00031 ( 1)
 123 L   0.89894 0.03142 0.06688 0.00276 ( 1)
 124 V   0.85872 0.05482 0.08051 0.00595 ( 1)
 125 L   0.91102 0.00285 0.08581 0.00031 ( 1)
 126 R   0.88934 0.00177 0.10864 0.00024 ( 1)
 127 D   0.95048 0.00011 0.04940 0.00001 ( 1)
 128 S   0.00633 0.85226 0.00099 0.14042 ( 2)
 129 S   0.27414 0.64633 0.02105 0.05848 ( 2)
 130 I   0.93856 0.00030 0.06112 0.00003 ( 1)
 131 Y   0.69894 0.22950 0.05013 0.02143 ( 1)
 132 G   0.92801 0.00043 0.07153 0.00004 ( 1)
 133 L   0.00002 0.81813 0.00000 0.18184 ( 2)
 134 D   0.01175 0.56398 0.06643 0.35785 ( 2)
 135 W   0.85182 0.02005 0.12502 0.00311 ( 1)
 136 G   0.87335 0.00191 0.12445 0.00029 ( 1)
 137 L   0.43876 0.17256 0.36545 0.02322 ( 1)
 138 S   0.00004 0.75846 0.00006 0.24143 ( 2)
 139 S   0.00070 0.91444 0.00006 0.08480 ( 2)
 140 T   0.03554 0.85647 0.00390 0.10409 ( 2)
 141 S   0.00022 0.71423 0.00085 0.28471 ( 2)
 142 V   0.83748 0.09545 0.05852 0.00855 ( 1)
 143 D   0.16977 0.69850 0.02362 0.10812 ( 2)
 144 N   0.62874 0.27917 0.06139 0.03070 ( 1)
 145 N   0.95042 0.00048 0.04906 0.00004 ( 1)
 146 Y   0.81156 0.05863 0.12058 0.00922 ( 1)
 147 N   0.18072 0.73064 0.01591 0.07274 ( 2)
 148 R   0.37792 0.53489 0.02966 0.05752 ( 2)
 149 Q   0.92596 0.00054 0.07345 0.00005 ( 1)
 150 Q   0.02763 0.67933 0.01907 0.27397 ( 2)
 151 R   0.32511 0.48384 0.06325 0.12780 ( 2)
 152 N   0.01852 0.86736 0.00215 0.11197 ( 2)
 153 S   0.25882 0.61131 0.03483 0.09504 ( 2)
 154 A   0.22072 0.67552 0.02375 0.08001 ( 2)
 155 T   0.00043 0.63108 0.00152 0.36697 ( 2)
 156 Y   0.93195 0.00034 0.06768 0.00003 ( 1)
 157 A   0.73673 0.19728 0.04939 0.01660 ( 1)
 158 N   0.95034 0.00053 0.04909 0.00004 ( 1)
 159 H   0.94443 0.00009 0.05548 0.00001 ( 1)
 160 C   0.88258 0.00044 0.11691 0.00007 ( 1)
 161 T   0.63599 0.29514 0.04371 0.02515 ( 1)
 162 T   0.88919 0.01713 0.09148 0.00221 ( 1)
 163 W   0.85182 0.02005 0.12502 0.00311 ( 1)
 164 Y   0.93255 0.00410 0.06299 0.00036 ( 1)
 165 Q   0.34255 0.58029 0.02320 0.05395 ( 2)
 166 T   0.81289 0.07643 0.09768 0.01299 ( 1)
 167 G   0.93480 0.00031 0.06487 0.00003 ( 1)
 168 L   0.91255 0.00169 0.08558 0.00018 ( 1)
 169 Q   0.03511 0.58618 0.11442 0.26429 ( 2)
 170 R   0.93737 0.00035 0.06226 0.00003 ( 1)
 171 L   0.90906 0.00471 0.08572 0.00052 ( 1)
 172 Q   0.38254 0.54520 0.02612 0.04614 ( 2)
 173 G   0.92866 0.00179 0.06939 0.00016 ( 1)
 174 S   0.41826 0.50948 0.02782 0.04445 ( 2)
 175 D   0.71231 0.23340 0.03678 0.01752 ( 1)
 176 A   0.93396 0.00028 0.06574 0.00002 ( 1)
 177 S   0.00156 0.91087 0.00013 0.08745 ( 2)
 178 S   0.47453 0.46591 0.02681 0.03276 ( 1)
 179 W   0.85182 0.02005 0.12502 0.00311 ( 1)
 180 V   0.09671 0.81561 0.00717 0.08051 ( 2)
 181 N   0.02905 0.81857 0.00497 0.14741 ( 2)
 182 Y   0.92780 0.00438 0.06743 0.00039 ( 1)
 183 N   0.95086 0.00005 0.04908 0.00000 ( 1)
 184 R   0.30370 0.62426 0.02016 0.05188 ( 2)
 185 F   0.89924 0.00047 0.10024 0.00006 ( 1)
 186 R   0.91904 0.00134 0.07949 0.00013 ( 1)
 187 R   0.93565 0.00152 0.06271 0.00012 ( 1)
 188 E   0.94173 0.00124 0.05693 0.00010 ( 1)
 189 I   0.93825 0.00096 0.06071 0.00007 ( 1)
 190 T   0.87171 0.00427 0.12337 0.00064 ( 1)
 191 L   0.84687 0.05702 0.08885 0.00727 ( 1)
 192 I   0.87091 0.06292 0.06088 0.00529 ( 1)
 193 V   0.93678 0.00027 0.06292 0.00002 ( 1)
 194 L   0.90678 0.00625 0.08628 0.00069 ( 1)
 195 D   0.95055 0.00005 0.04939 0.00000 ( 1)
 196 I   0.88386 0.00042 0.11567 0.00006 ( 1)
 197 C   0.04134 0.82307 0.00613 0.12946 ( 2)
 198 A   0.35810 0.54145 0.03707 0.06338 ( 2)
 199 L   0.87561 0.00864 0.11454 0.00122 ( 1)
 200 F   0.94433 0.00009 0.05557 0.00001 ( 1)
 201 S   0.84759 0.01727 0.13231 0.00284 ( 1)
 202 N   0.22936 0.18092 0.53132 0.05840 ( 3)

