Supplemental results for CODEML (seqf: algn  treef: tree)


dN/dS (w) for site classes (K=4)

site class             0        1       2a       2b
proportion       0.34046  0.42795  0.10261  0.12898
background w     0.06491  0.75894  0.06491  0.75894
foreground w     0.06491  0.75894  6.42397  6.42397

Naive Empirical Bayes (NEB) probabilities for 4 classes
(amino acids refer to 1st sequence: BT_Cry7Ba1)

   1 -   0.57784 0.19057 0.17415 0.05743 ( 1)
   2 -   0.55738 0.21104 0.16798 0.06360 ( 1)
   3 T   0.03101 0.89461 0.00187 0.07251 ( 2)
   4 V   0.06843 0.85160 0.00490 0.07507 ( 2)
   5 E   0.89797 0.05056 0.04795 0.00352 ( 1)
   6 L   0.76828 0.13834 0.07737 0.01601 ( 1)
   7 T   0.89538 0.04414 0.05686 0.00362 ( 1)
   8 R   0.91163 0.03163 0.05439 0.00234 ( 1)
   9 T   0.06489 0.85386 0.00457 0.07668 ( 2)
  10 I   0.94570 0.01806 0.03523 0.00101 ( 1)
  11 Y   0.51154 0.43144 0.02669 0.03034 ( 1)
  12 T   0.06979 0.69437 0.01966 0.21618 ( 2)
  13 D   0.96084 0.01089 0.02777 0.00050 ( 1)
  14 P   0.84956 0.06626 0.07724 0.00694 ( 1)
  15 L   0.59772 0.33701 0.03864 0.02663 ( 1)
  16 G   0.93198 0.02170 0.04497 0.00135 ( 1)
  17 Y   0.05860 0.76620 0.01192 0.16328 ( 2)
  18 T   0.02528 0.43207 0.19528 0.34738 ( 2)
  19 G   0.75825 0.09747 0.12685 0.01744 ( 1)
  20 Y   0.08903 0.26583 0.45852 0.18662 ( 3)
  21 S   0.01054 0.61374 0.03349 0.34223 ( 2)
  22 N   0.19156 0.76242 0.00640 0.03962 ( 2)
  23 D   0.00535 0.94218 0.00019 0.05228 ( 2)
  24 E   0.69874 0.24177 0.04095 0.01854 ( 1)
  25 H   0.76243 0.19345 0.03316 0.01096 ( 1)
  26 P   0.73671 0.08406 0.16027 0.01896 ( 1)
  27 T   0.00169 0.28897 0.49769 0.21165 ( 3)
  28 Y   0.06240 0.86727 0.00365 0.06668 ( 2)
  29 Y   0.92608 0.02658 0.04555 0.00178 ( 1)
  30 -   0.10854 0.65988 0.03271 0.19887 ( 2)
  31 S   0.12544 0.04772 0.79298 0.03386 ( 3)
  32 S   0.53085 0.41055 0.02917 0.02943 ( 1)
  33 A   0.03326 0.62501 0.18291 0.15883 ( 2)
  34 K   0.00056 0.93287 0.00003 0.06655 ( 2)
  35 P   0.00001 0.81400 0.00001 0.18599 ( 2)
  36 F   0.88291 0.07671 0.03617 0.00422 ( 1)
  37 S   0.00038 0.87922 0.00005 0.12035 ( 2)
  38 S   0.14433 0.73824 0.01747 0.09997 ( 2)
  39 I   0.91771 0.03099 0.04909 0.00222 ( 1)
  40 E   0.85247 0.04709 0.09454 0.00590 ( 1)
  41 S   0.87038 0.09555 0.02952 0.00455 ( 1)
  42 R   0.04561 0.88506 0.00273 0.06659 ( 2)
  43 A   0.76714 0.09596 0.12043 0.01647 ( 1)
  44 V   0.09861 0.77743 0.01328 0.11068 ( 2)
  45 L   0.06412 0.14028 0.72095 0.07465 ( 3)
  46 A   0.01106 0.90633 0.00082 0.08178 ( 2)
  47 P   0.64229 0.17783 0.13976 0.04011 ( 1)
  48 S   0.00136 0.70783 0.01299 0.27783 ( 2)
  49 L   0.81950 0.08795 0.08238 0.01017 ( 1)
  50 F   0.71672 0.14573 0.11287 0.02467 ( 1)
  51 K   0.07335 0.09051 0.74574 0.09040 ( 3)
  52 W   0.63998 0.21085 0.11046 0.03871 ( 1)
  53 I   0.25682 0.58841 0.04483 0.10994 ( 2)
  54 T   0.93773 0.02256 0.03836 0.00136 ( 1)
  55 Q   0.00996 0.47525 0.08515 0.42964 ( 2)
  56 L   0.13380 0.79525 0.00870 0.06224 ( 2)
  57 E   0.00030 0.49264 0.00332 0.50373 ( 4)
  58 V   0.88459 0.03494 0.07672 0.00375 ( 1)
  59 Y   0.00122 0.93215 0.00007 0.06656 ( 2)
  60 T   0.00069 0.82936 0.00072 0.16923 ( 2)
  61 K   0.00100 0.78737 0.00120 0.21043 ( 2)
  62 K   0.00000 0.10757 0.00003 0.89240 ( 4)
  63 Y   0.00120 0.31129 0.22358 0.46393 ( 4)
  64 S   0.00000 0.19092 0.00013 0.80895 ( 4)
  65 Y   0.00461 0.64816 0.05093 0.29631 ( 2)
  66 S   0.00125 0.55689 0.09574 0.34612 ( 2)
  67 S   0.12396 0.70547 0.02354 0.14703 ( 2)
  68 Q   0.00000 0.01771 0.02148 0.96081 ( 4)
  69 Y   0.07454 0.86051 0.00395 0.06100 ( 2)
  70 T   0.61128 0.34152 0.02547 0.02173 ( 1)
  71 T   0.35604 0.50653 0.05346 0.08397 ( 2)
  72 L   0.00092 0.34083 0.01581 0.64245 ( 4)
  73 W   0.17400 0.67250 0.03003 0.12346 ( 2)
  74 T   0.62395 0.33103 0.02555 0.01947 ( 1)
  75 G   0.86024 0.06094 0.07279 0.00604 ( 1)
  76 L   0.00867 0.14448 0.65927 0.18757 ( 3)
  77 R   0.01958 0.46458 0.14741 0.36843 ( 2)
  78 V   0.78595 0.07542 0.12564 0.01300 ( 1)
  79 I   0.00192 0.89788 0.00018 0.10001 ( 2)
  80 A   0.08830 0.26477 0.48222 0.16471 ( 3)
  81 Q   0.02319 0.81432 0.00439 0.15810 ( 2)
  82 P   0.00761 0.50976 0.06184 0.42080 ( 2)
  83 T   0.93773 0.02256 0.03836 0.00136 ( 1)
  84 K   0.00137 0.64608 0.00572 0.34683 ( 2)
  85 D   0.00982 0.90018 0.00076 0.08924 ( 2)
  86 F   0.00007 0.78732 0.00008 0.21253 ( 2)
  87 T   0.00000 0.22562 0.00023 0.77414 ( 4)
  88 D   0.03262 0.75366 0.08985 0.12387 ( 2)
  89 T   0.00092 0.83851 0.00185 0.15873 ( 2)
  90 V   0.00213 0.53178 0.18151 0.28458 ( 2)
  91 Y   0.72453 0.22240 0.03753 0.01554 ( 1)
  92 D   0.37152 0.58853 0.01164 0.02831 ( 2)
  93 Y   0.39363 0.38163 0.11480 0.10994 ( 1)
  94 G   0.86024 0.06094 0.07279 0.00604 ( 1)
  95 S   0.02123 0.93337 0.00071 0.04470 ( 2)
  96 S   0.66220 0.28349 0.03470 0.01960 ( 1)
  97 S   0.72395 0.11973 0.13285 0.02347 ( 1)
  98 G   0.71288 0.23797 0.03440 0.01475 ( 1)
  99 S   0.65574 0.28986 0.03436 0.02004 ( 1)
 100 E   0.00027 0.79806 0.00030 0.20137 ( 2)
 101 N   0.00005 0.42562 0.00073 0.57360 ( 4)
 102 K   0.00092 0.89449 0.00009 0.10449 ( 2)
 103 D   0.00046 0.95337 0.00001 0.04616 ( 2)
 104 V   0.14868 0.68483 0.02738 0.13912 ( 2)
 105 F   0.94383 0.01674 0.03849 0.00094 ( 1)
 106 D   0.36600 0.50133 0.05164 0.08102 ( 2)
 107 L   0.83342 0.10574 0.05266 0.00818 ( 1)
 108 Y   0.01224 0.85267 0.00887 0.12621 ( 2)
 109 G   0.00353 0.81954 0.00073 0.17621 ( 2)
 110 N   0.20165 0.20031 0.56369 0.03434 ( 3)
 111 D   0.96084 0.01089 0.02777 0.00050 ( 1)
 112 V   0.57023 0.36042 0.03890 0.03045 ( 1)
 113 Y   0.92608 0.02658 0.04555 0.00178 ( 1)
 114 D   0.03714 0.81576 0.00573 0.14137 ( 2)
 115 T   0.00041 0.45231 0.00489 0.54238 ( 4)
 116 Q   0.01015 0.88716 0.00102 0.10166 ( 2)
 117 S   0.13545 0.81882 0.00471 0.04101 ( 2)
 118 V   0.00082 0.76788 0.00122 0.23009 ( 2)
 119 V   0.00312 0.41638 0.03229 0.54820 ( 4)
 120 S   0.00336 0.46241 0.03452 0.49972 ( 4)
 121 S   0.03606 0.79716 0.00685 0.15993 ( 2)
 122 Y   0.00581 0.69943 0.04594 0.24882 ( 2)
 123 K   0.00317 0.23519 0.14260 0.61904 ( 4)
 124 P   0.00599 0.60229 0.12773 0.26399 ( 2)
 125 T   0.09994 0.75848 0.01320 0.12838 ( 2)
 126 G   0.00098 0.06106 0.60237 0.33559 ( 3)
 127 G   0.00257 0.44863 0.33246 0.21634 ( 2)
 128 G   0.00016 0.20257 0.14539 0.65188 ( 4)
 129 H   0.17292 0.20526 0.59027 0.03155 ( 3)
 130 F   0.05865 0.88841 0.00240 0.05055 ( 2)
 131 G   0.20850 0.64101 0.03509 0.11540 ( 2)
 132 V   0.09680 0.71893 0.01567 0.16860 ( 2)
 133 P   0.90939 0.03159 0.05664 0.00239 ( 1)
 134 Q   0.00001 0.84737 0.00000 0.15262 ( 2)
 135 F   0.09132 0.85503 0.00390 0.04975 ( 2)
 136 R   0.00102 0.19867 0.26168 0.53863 ( 4)
 137 L   0.81950 0.08795 0.08238 0.01017 ( 1)
 138 F   0.02023 0.15763 0.48889 0.33325 ( 3)
 139 W   0.00076 0.84288 0.00013 0.15623 ( 2)
 140 I   0.94173 0.01995 0.03711 0.00121 ( 1)
 141 T   0.17830 0.11027 0.69142 0.02001 ( 3)
 142 K   0.00049 0.92526 0.00003 0.07422 ( 2)
 143 S   0.00073 0.42392 0.30964 0.26571 ( 2)
 144 N   0.96165 0.01142 0.02639 0.00054 ( 1)
 145 G   0.00000 0.02144 0.00375 0.97481 ( 4)
 146 L   0.76490 0.11787 0.10020 0.01702 ( 1)
 147 R   0.00003 0.08512 0.38706 0.52778 ( 4)
 148 E   0.11028 0.05251 0.79521 0.04200 ( 3)
 149 Q   0.04951 0.84002 0.00534 0.10513 ( 2)
 150 I   0.00071 0.94042 0.00003 0.05884 ( 2)
 151 F   0.93764 0.02283 0.03825 0.00128 ( 1)
 152 N   0.18920 0.76427 0.00604 0.04048 ( 2)
 153 Y   0.16369 0.77374 0.00848 0.05409 ( 2)
 154 A   0.00003 0.68207 0.00028 0.31762 ( 2)
 155 N   0.00342 0.41088 0.07287 0.51283 ( 4)
 156 N   0.85248 0.11848 0.02340 0.00564 ( 1)
 157 M   0.05976 0.60599 0.19531 0.13894 ( 2)
 158 G   0.05703 0.88027 0.00295 0.05975 ( 2)
 159 -   0.86370 0.04955 0.08084 0.00590 ( 1)
 160 S   0.17104 0.76188 0.00981 0.05727 ( 2)
 161 Y   0.00373 0.76824 0.00135 0.22668 ( 2)
 162 S   0.00036 0.95275 0.00001 0.04687 ( 2)
 163 A   0.00007 0.07068 0.10213 0.82712 ( 4)
 164 Y   0.00081 0.92993 0.00005 0.06921 ( 2)
 165 R   0.02974 0.85073 0.00364 0.11589 ( 2)
 166 F   0.12135 0.04503 0.79988 0.03374 ( 3)
 167 S   0.06494 0.80645 0.00835 0.12026 ( 2)
 168 K   0.23292 0.66603 0.02378 0.07727 ( 2)
 169 D   0.03852 0.18055 0.53572 0.24522 ( 3)
 170 E   0.08831 0.84481 0.00496 0.06192 ( 2)
 171 L   0.81950 0.08795 0.08238 0.01017 ( 1)
 172 P   0.76430 0.15043 0.06953 0.01574 ( 1)
 173 I   0.91771 0.03099 0.04909 0.00222 ( 1)
 174 E   0.66068 0.28420 0.03524 0.01989 ( 1)
 175 L   0.05686 0.80453 0.00849 0.13011 ( 2)
 176 L   0.01927 0.84014 0.00291 0.13768 ( 2)
 177 Q   0.00270 0.41495 0.14979 0.43256 ( 4)
 178 P   0.00000 0.67012 0.00001 0.32987 ( 2)
 179 P   0.90939 0.03159 0.05664 0.00239 ( 1)
 180 L   0.12603 0.14967 0.69311 0.03119 ( 3)
 181 F   0.14971 0.16807 0.64797 0.03425 ( 3)
 182 G   0.86024 0.06094 0.07279 0.00604 ( 1)
 183 D   0.96084 0.01089 0.02777 0.00050 ( 1)
 184 I   0.36034 0.56871 0.02195 0.04900 ( 2)
 185 E   0.80269 0.09633 0.08897 0.01201 ( 1)
 186 E   0.92013 0.02878 0.04908 0.00201 ( 1)
 187 Y   0.76901 0.06197 0.15586 0.01315 ( 1)
 188 S   0.84034 0.12678 0.02707 0.00581 ( 1)
 189 H   0.94466 0.01516 0.03935 0.00083 ( 1)
 190 R   0.76779 0.12225 0.09347 0.01649 ( 1)
 191 L   0.81950 0.08795 0.08238 0.01017 ( 1)
 192 S   0.95836 0.01030 0.03087 0.00047 ( 1)
 193 H   0.07499 0.77049 0.01294 0.14158 ( 2)
 194 V   0.74609 0.20843 0.03287 0.01261 ( 1)
 195 S   0.79726 0.09883 0.09105 0.01286 ( 1)
 196 E   0.83314 0.06624 0.09236 0.00827 ( 1)
 197 V   0.71465 0.21558 0.05093 0.01884 ( 1)
 198 I   0.02058 0.92446 0.00082 0.05414 ( 2)
 199 K   0.17100 0.76928 0.00826 0.05146 ( 2)
 200 D   0.00171 0.95080 0.00006 0.04744 ( 2)
 201 Y   0.01118 0.92067 0.00061 0.06754 ( 2)
 202 G   0.75305 0.11950 0.10857 0.01887 ( 1)
 203 E   0.00377 0.82316 0.00353 0.16955 ( 2)
 204 -   0.34046 0.42795 0.10261 0.12898 ( 2)
 205 -   0.34046 0.42795 0.10261 0.12898 ( 2)
 206 -   0.34046 0.42795 0.10261 0.12898 ( 2)
 207 -   0.34046 0.42795 0.10261 0.12898 ( 2)
 208 -   0.34046 0.42795 0.10261 0.12898 ( 2)
 209 -   0.34046 0.42795 0.10261 0.12898 ( 2)
 210 -   0.34046 0.42795 0.10261 0.12898 ( 2)
 211 -   0.34046 0.42795 0.10261 0.12898 ( 2)
 212 G   0.86024 0.06094 0.07279 0.00604 ( 1)
 213 I   0.08699 0.74805 0.01527 0.14968 ( 2)
 214 I   0.94570 0.01806 0.03523 0.00101 ( 1)
 215 P   0.88658 0.05409 0.05524 0.00410 ( 1)
 216 V   0.82772 0.10687 0.05650 0.00891 ( 1)
 217 L   0.81950 0.08795 0.08238 0.01017 ( 1)
 218 G   0.90293 0.05034 0.04362 0.00311 ( 1)
 219 W   0.01771 0.80395 0.00374 0.17460 ( 2)
 220 T   0.89890 0.04068 0.05709 0.00333 ( 1)
 221 H   0.94466 0.01516 0.03935 0.00083 ( 1)
 222 V   0.10937 0.81440 0.00746 0.06877 ( 2)
 223 S   0.87524 0.08860 0.03012 0.00604 ( 1)


lnL = -2865.615692

