Supplemental results for CODEML (seqf: algn  treef: tree)


dN/dS (w) for site classes (K=4)

site class             0        1       2a       2b
proportion       0.60575  0.31161  0.05457  0.02807
background w     0.11552  0.84995  0.11552  0.84995
foreground w     0.11552  0.84995 10.38903 10.38903

Naive Empirical Bayes (NEB) probabilities for 4 classes
(amino acids refer to 1st sequence: BT_Cry32Ea1)

   1 -   0.60575 0.31161 0.05457 0.02807 ( 1)
   2 S   0.68669 0.29879 0.00937 0.00515 ( 1)
   3 A   0.98972 0.00240 0.00786 0.00003 ( 1)
   4 I   0.72144 0.27073 0.00492 0.00291 ( 1)
   5 A   0.98181 0.00543 0.01267 0.00009 ( 1)
   6 G   0.95305 0.03987 0.00669 0.00039 ( 1)
   7 L   0.63119 0.34603 0.01368 0.00910 ( 1)
   8 F   0.69072 0.30227 0.00433 0.00269 ( 1)
   9 N   0.83541 0.15802 0.00504 0.00152 ( 1)
  10 V   0.98782 0.00281 0.00934 0.00004 ( 1)
  11 L   0.91715 0.05309 0.02784 0.00192 ( 1)
  12 L   0.81698 0.17282 0.00715 0.00305 ( 1)
  13 P   0.98362 0.00863 0.00765 0.00009 ( 1)
  14 Y   0.77925 0.20571 0.01134 0.00371 ( 1)
  15 W   0.39088 0.59009 0.00700 0.01203 ( 2)
  16 W   0.33466 0.64618 0.00599 0.01317 ( 2)
  17 P   0.98611 0.00635 0.00747 0.00006 ( 1)
  18 E   0.59962 0.38906 0.00546 0.00586 ( 1)
  19 Q   0.03921 0.95044 0.00030 0.01005 ( 2)
  20 A   0.71479 0.27597 0.00591 0.00333 ( 1)
  21 G   0.37137 0.60716 0.00753 0.01393 ( 2)
  22 A   0.02996 0.78372 0.03577 0.15055 ( 2)
  23 P   0.17728 0.81085 0.00173 0.01015 ( 2)
  24 G   0.77671 0.21570 0.00547 0.00211 ( 1)
  25 T   0.08224 0.87495 0.00306 0.03975 ( 2)
  26 P   0.25784 0.72478 0.00397 0.01341 ( 2)
  27 Q   0.55949 0.43164 0.00434 0.00452 ( 1)
  28 A   0.96181 0.03020 0.00764 0.00034 ( 1)
  29 Q   0.98821 0.00411 0.00764 0.00004 ( 1)
  30 F   0.03090 0.94413 0.00082 0.02415 ( 2)
  31 S   0.68764 0.30148 0.00568 0.00520 ( 1)
  32 W   0.26605 0.71462 0.00476 0.01457 ( 2)
  33 N   0.00098 0.81603 0.00521 0.17778 ( 2)
  34 Q   0.48026 0.50661 0.00581 0.00733 ( 2)
  35 L   0.95083 0.03353 0.01502 0.00062 ( 1)
  36 M   0.99367 0.00173 0.00460 0.00001 ( 1)
  37 T   0.00454 0.97273 0.00010 0.02262 ( 2)
  38 A   0.61753 0.35800 0.01448 0.00999 ( 1)
  39 A   0.68315 0.30418 0.00720 0.00547 ( 1)
  40 E   0.98963 0.00156 0.00879 0.00002 ( 1)
  41 E   0.01630 0.90291 0.00719 0.07360 ( 2)
  42 M   0.36873 0.61255 0.00679 0.01193 ( 2)
  43 V   0.01049 0.95597 0.00035 0.03319 ( 2)
  44 D   0.03393 0.81510 0.02532 0.12565 ( 2)
  45 K   0.88289 0.10917 0.00663 0.00132 ( 1)
  46 K   0.97918 0.01277 0.00789 0.00016 ( 1)
  47 I   0.98968 0.00301 0.00728 0.00003 ( 1)
  48 L   0.01309 0.83312 0.00918 0.14461 ( 2)
  49 E   0.72940 0.26042 0.00692 0.00327 ( 1)
  50 S   0.48918 0.50524 0.00231 0.00327 ( 2)
  51 K   0.02224 0.01989 0.94185 0.01602 ( 3)
  52 R   0.67835 0.22478 0.07258 0.02430 ( 1)
  53 G   0.01259 0.97083 0.00016 0.01642 ( 2)
  54 E   0.25148 0.30560 0.37273 0.07019 ( 3)
  55 A   0.97187 0.01684 0.01104 0.00026 ( 1)
  56 T   0.20083 0.72748 0.04528 0.02642 ( 2)
  57 A   0.94918 0.04223 0.00805 0.00054 ( 1)
  58 R   0.06258 0.00430 0.92906 0.00406 ( 3)
  59 W   0.94030 0.04201 0.01683 0.00086 ( 1)
  60 Q   0.70049 0.29093 0.00547 0.00311 ( 1)
  61 G   0.49500 0.02087 0.48088 0.00325 ( 1)
  62 I   0.66269 0.01165 0.32466 0.00100 ( 1)
  63 Q   0.98821 0.00411 0.00764 0.00004 ( 1)
  64 R   0.00007 0.81918 0.00004 0.18072 ( 2)
  65 L   0.00195 0.31481 0.16765 0.51559 ( 4)
  66 G   0.01549 0.06227 0.85048 0.07177 ( 3)
  67 R   0.00215 0.23448 0.27654 0.48684 ( 4)
  68 D   0.64711 0.33974 0.00773 0.00542 ( 1)
  69 Y   0.46950 0.15196 0.36015 0.01839 ( 1)
  70 Y   0.00173 0.12277 0.37542 0.50008 ( 4)
  71 S   0.00028 0.96038 0.00001 0.03934 ( 2)
  72 A   0.69725 0.28386 0.01250 0.00640 ( 1)
  73 L   0.18151 0.20869 0.52526 0.08454 ( 3)
  74 C   0.98329 0.00945 0.00717 0.00009 ( 1)
  75 D   0.94290 0.04769 0.00886 0.00055 ( 1)
  76 W   0.66862 0.31302 0.01197 0.00638 ( 1)
  77 I   0.04525 0.94398 0.00031 0.01047 ( 2)
  78 Q   0.00124 0.97595 0.00003 0.02279 ( 2)
  79 D   0.97550 0.01568 0.00858 0.00025 ( 1)
  80 Q   0.93265 0.05929 0.00736 0.00070 ( 1)
  81 D   0.93037 0.04786 0.02075 0.00102 ( 1)
  82 N   0.99216 0.00111 0.00671 0.00001 ( 1)
  83 A   0.22500 0.73873 0.00795 0.02832 ( 2)
  84 V   0.01214 0.86853 0.00843 0.11091 ( 2)
  85 K   0.69674 0.29234 0.00718 0.00374 ( 1)
  86 K   0.97779 0.01471 0.00733 0.00017 ( 1)
  87 E   0.00000 0.43155 0.00019 0.56826 ( 4)
  88 R   0.18527 0.80673 0.00112 0.00688 ( 2)
  89 L   0.89189 0.09566 0.01095 0.00150 ( 1)
  90 R   0.53287 0.03034 0.43287 0.00391 ( 1)
  91 D   0.98612 0.00691 0.00689 0.00008 ( 1)
  92 A   0.16822 0.82003 0.00137 0.01038 ( 2)
  93 F   0.99164 0.00213 0.00620 0.00002 ( 1)
  94 D   0.98628 0.00674 0.00690 0.00008 ( 1)
  95 D   0.74261 0.24913 0.00576 0.00250 ( 1)
  96 L   0.11072 0.77242 0.07852 0.03834 ( 2)
  97 D   0.46367 0.18953 0.32575 0.02105 ( 1)
  98 D   0.99221 0.00084 0.00694 0.00001 ( 1)
  99 Q   0.01891 0.81673 0.01864 0.14572 ( 2)
 100 L   0.43465 0.54436 0.00889 0.01210 ( 2)
 101 K   0.51270 0.05928 0.41830 0.00972 ( 1)
 102 L   0.01474 0.77684 0.01978 0.18863 ( 2)
 103 A   0.75139 0.22689 0.01615 0.00557 ( 1)
 104 M   0.98315 0.01223 0.00455 0.00008 ( 1)
 105 P   0.98564 0.00682 0.00747 0.00007 ( 1)
 106 F   0.04359 0.92940 0.00133 0.02568 ( 2)
 107 F   0.99067 0.00254 0.00676 0.00002 ( 1)
 108 S   0.00280 0.98231 0.00003 0.01487 ( 2)
 109 V   0.54465 0.22391 0.21790 0.01354 ( 1)
 110 Q   0.18834 0.80165 0.00147 0.00854 ( 2)
 111 G   0.66429 0.32359 0.00704 0.00507 ( 1)
 112 F   0.97415 0.01958 0.00609 0.00017 ( 1)
 113 E   0.98963 0.00156 0.00879 0.00002 ( 1)
 114 L   0.49011 0.49365 0.00587 0.01037 ( 2)
 115 P   0.60526 0.38324 0.00514 0.00636 ( 1)
 116 M   0.99367 0.00173 0.00460 0.00001 ( 1)
 117 L   0.97357 0.01446 0.01175 0.00022 ( 1)
 118 S   0.20010 0.77328 0.00503 0.02159 ( 2)
 119 M   0.99367 0.00173 0.00460 0.00001 ( 1)
 120 Y   0.98707 0.00459 0.00829 0.00005 ( 1)
 121 A   0.98193 0.00447 0.01352 0.00008 ( 1)
 122 Q   0.98821 0.00411 0.00764 0.00004 ( 1)
 123 A   0.98748 0.00426 0.00821 0.00005 ( 1)
 124 A   0.97934 0.00656 0.01399 0.00011 ( 1)
 125 N   0.99321 0.00089 0.00589 0.00001 ( 1)
 126 M   0.95182 0.04350 0.00440 0.00028 ( 1)
 127 H   0.97925 0.01045 0.01017 0.00013 ( 1)
 128 L   0.95449 0.02946 0.01550 0.00056 ( 1)
 129 L   0.53727 0.45255 0.00473 0.00545 ( 1)
 130 L   0.26368 0.71887 0.00418 0.01327 ( 2)
 131 L   0.97357 0.01446 0.01175 0.00022 ( 1)
 132 R   0.75141 0.23555 0.00950 0.00354 ( 1)
 133 D   0.99100 0.00107 0.00791 0.00001 ( 1)
 134 V   0.98522 0.00520 0.00951 0.00007 ( 1)
 135 V   0.93885 0.03962 0.02055 0.00099 ( 1)
 136 Q   0.00946 0.96634 0.00011 0.02408 ( 2)
 137 N   0.98061 0.01343 0.00583 0.00013 ( 1)
 138 G   0.97911 0.00799 0.01278 0.00012 ( 1)
 139 V   0.00021 0.87541 0.00021 0.12417 ( 2)
 140 S   0.05903 0.93299 0.00033 0.00765 ( 2)
 141 W   0.94030 0.04201 0.01683 0.00086 ( 1)
 142 G   0.98937 0.00355 0.00704 0.00003 ( 1)
 143 F   0.96852 0.02519 0.00606 0.00022 ( 1)
 144 A   0.00000 0.41256 0.00010 0.58734 ( 4)
 145 P   0.95886 0.03330 0.00747 0.00038 ( 1)
 146 Y   0.00011 0.83064 0.00015 0.16910 ( 2)
 147 E   0.23700 0.73817 0.00455 0.02028 ( 2)
 148 V   0.95802 0.03231 0.00923 0.00043 ( 1)
 149 D   0.99184 0.00116 0.00698 0.00001 ( 1)
 150 R   0.41621 0.55581 0.01131 0.01666 ( 2)
 151 Y   0.98596 0.00542 0.00856 0.00006 ( 1)
 152 Y   0.98707 0.00459 0.00829 0.00005 ( 1)
 153 F   0.00002 0.67101 0.00017 0.32879 ( 2)
 154 D   0.93685 0.05688 0.00565 0.00062 ( 1)
 155 P   0.00022 0.69506 0.00100 0.30372 ( 2)
 156 S   0.04875 0.92782 0.00115 0.02229 ( 2)
 157 G   0.00002 0.19841 0.00468 0.79689 ( 4)
 158 -   0.60575 0.31161 0.05457 0.02807 ( 1)
 159 Q   0.01317 0.91584 0.00544 0.06556 ( 2)
 160 R   0.01189 0.96774 0.00021 0.02016 ( 2)
 161 S   0.97320 0.01924 0.00727 0.00029 ( 1)
 162 P   0.31811 0.01870 0.65726 0.00593 ( 3)
 163 G   0.98027 0.00750 0.01212 0.00011 ( 1)
 164 L   0.97181 0.01584 0.01210 0.00025 ( 1)
 165 L   0.57895 0.40366 0.00893 0.00846 ( 1)
 166 Q   0.96221 0.03004 0.00744 0.00031 ( 1)
 167 L   0.97061 0.01837 0.01076 0.00026 ( 1)
 168 L   0.87966 0.10764 0.01102 0.00169 ( 1)
 169 G   0.00641 0.88280 0.00090 0.10989 ( 2)
 170 T   0.00028 0.95434 0.00001 0.04537 ( 2)
 171 Y   0.97877 0.00541 0.01572 0.00011 ( 1)
 172 T   0.99026 0.00282 0.00689 0.00003 ( 1)
 173 N   0.89767 0.09258 0.00865 0.00111 ( 1)
 174 Y   0.95494 0.03650 0.00814 0.00042 ( 1)
 175 C   0.98522 0.00795 0.00676 0.00007 ( 1)
 176 V   0.68619 0.29784 0.01074 0.00522 ( 1)
 177 E   0.00476 0.97177 0.00008 0.02339 ( 2)
 178 W   0.94030 0.04201 0.01683 0.00086 ( 1)
 179 Y   0.98707 0.00459 0.00829 0.00005 ( 1)
 180 E   0.90721 0.08600 0.00566 0.00113 ( 1)
 181 K   0.03253 0.84182 0.02329 0.10236 ( 2)
 182 G   0.98915 0.00417 0.00665 0.00004 ( 1)
 183 L   0.97357 0.01446 0.01175 0.00022 ( 1)
 184 Q   0.06346 0.92233 0.00077 0.01344 ( 2)
 185 E   0.04299 0.94396 0.00042 0.01264 ( 2)
 186 Q   0.96182 0.03043 0.00744 0.00032 ( 1)
 187 Y   0.98542 0.00623 0.00828 0.00007 ( 1)
 188 N   0.00113 0.84110 0.00116 0.15661 ( 2)
 189 -   0.60575 0.31161 0.05457 0.02807 ( 1)
 190 -   0.60575 0.31161 0.05457 0.02807 ( 1)
 191 T   0.93954 0.05263 0.00729 0.00054 ( 1)
 192 G   0.82717 0.16585 0.00550 0.00148 ( 1)
 193 R   0.00365 0.94267 0.00045 0.05324 ( 2)
 194 W   0.94030 0.04201 0.01683 0.00086 ( 1)
 195 D   0.13085 0.74261 0.05925 0.06729 ( 2)
 196 K   0.51551 0.47488 0.00387 0.00575 ( 1)
 197 F   0.89022 0.09771 0.01068 0.00139 ( 1)
 198 N   0.99321 0.00089 0.00589 0.00001 ( 1)
 199 N   0.72211 0.27046 0.00446 0.00297 ( 1)
 200 F   0.97304 0.01491 0.01183 0.00022 ( 1)
 201 R   0.98243 0.00976 0.00771 0.00010 ( 1)
 202 R   0.23341 0.61871 0.09783 0.05006 ( 2)
 203 N   0.96385 0.01736 0.01844 0.00035 ( 1)
 204 M   0.99367 0.00173 0.00460 0.00001 ( 1)
 205 T   0.96142 0.02415 0.01398 0.00045 ( 1)
 206 I   0.97443 0.01858 0.00679 0.00020 ( 1)
 207 M   0.78766 0.17844 0.02792 0.00599 ( 1)
 208 V   0.98698 0.00362 0.00934 0.00005 ( 1)
 209 L   0.97720 0.01477 0.00788 0.00015 ( 1)
 210 D   0.99221 0.00084 0.00694 0.00001 ( 1)
 211 T   0.66177 0.32948 0.00514 0.00360 ( 1)
 212 V   0.98782 0.00281 0.00934 0.00004 ( 1)
 213 A   0.41194 0.13088 0.43940 0.01777 ( 3)
 214 I   0.01094 0.87819 0.00684 0.10403 ( 2)
 215 W   0.94030 0.04201 0.01683 0.00086 ( 1)
 216 P   0.98652 0.00592 0.00750 0.00006 ( 1)
 217 T   0.98995 0.00312 0.00690 0.00003 ( 1)


lnL = -3237.062705

