Supplemental results for CODEML (seqf: algn  treef: tree)


dN/dS (w) for site classes (K=4)

site class             0        1       2a       2b
proportion       0.47138  0.45035  0.04002  0.03824
background w     0.14480  1.00000  0.14480  1.00000
foreground w     0.14480  1.00000  1.00000  1.00000

Naive Empirical Bayes (NEB) probabilities for 4 classes
(amino acids refer to 1st sequence: BT_Cry40Aa1)

   1 S   0.30899 0.61275 0.02624 0.05203 ( 2)
   2 -   0.19202 0.72972 0.01630 0.06196 ( 2)
   3 L   0.02779 0.89416 0.00213 0.07592 ( 2)
   4 G   0.01034 0.91151 0.00076 0.07739 ( 2)
   5 G   0.00200 0.91922 0.00073 0.07805 ( 2)
   6 I   0.90606 0.03760 0.05316 0.00319 ( 1)
   7 N   0.01170 0.91027 0.00075 0.07729 ( 2)
   8 T   0.00080 0.92069 0.00034 0.07817 ( 2)
   9 L   0.07580 0.84536 0.00707 0.07178 ( 2)
  10 F   0.01503 0.90709 0.00087 0.07702 ( 2)
  11 S   0.00047 0.92128 0.00004 0.07822 ( 2)
  12 I   0.62737 0.30705 0.03951 0.02607 ( 1)
  13 I   0.90385 0.03920 0.05362 0.00333 ( 1)
  14 G   0.00000 0.92174 0.00000 0.07826 ( 2)
  15 K   0.19817 0.72331 0.01710 0.06141 ( 2)
  16 L   0.24081 0.68353 0.01762 0.05804 ( 2)
  17 I   0.07328 0.68378 0.18488 0.05806 ( 2)
  18 -   0.02941 0.87871 0.01727 0.07461 ( 2)
  19 P   0.61035 0.32237 0.03991 0.02737 ( 1)
  20 T   0.49308 0.43998 0.02959 0.03736 ( 1)
  21 N   0.03368 0.88878 0.00208 0.07546 ( 2)
  22 H   0.84120 0.09569 0.05498 0.00813 ( 1)
  23 Q   0.00048 0.92102 0.00029 0.07820 ( 2)
  24 S   0.42276 0.50747 0.02668 0.04309 ( 2)
  25 V   0.59379 0.34169 0.03551 0.02901 ( 1)
  26 S   0.25969 0.66568 0.01811 0.05652 ( 2)
  27 A   0.00937 0.90929 0.00413 0.07721 ( 2)
  28 L   0.91809 0.01415 0.06656 0.00120 ( 1)
  29 S   0.93938 0.00149 0.05899 0.00013 ( 1)
  30 I   0.93792 0.00495 0.05671 0.00042 ( 1)
  31 C   0.93942 0.00144 0.05902 0.00012 ( 1)
  32 D   0.93035 0.00099 0.06858 0.00008 ( 1)
  33 L   0.93021 0.00662 0.06261 0.00056 ( 1)
  34 L   0.86871 0.06470 0.06110 0.00549 ( 1)
  35 S   0.92802 0.01251 0.05841 0.00106 ( 1)
  36 I   0.94395 0.00061 0.05540 0.00005 ( 1)
  37 I   0.94404 0.00053 0.05538 0.00005 ( 1)
  38 R   0.83901 0.10454 0.04757 0.00888 ( 1)
  39 K   0.39036 0.53724 0.02679 0.04562 ( 2)
  40 E   0.39200 0.53219 0.03062 0.04519 ( 2)
  41 V   0.93217 0.00964 0.05736 0.00082 ( 1)
  42 A   0.05489 0.86827 0.00311 0.07372 ( 2)
  43 D   0.14963 0.77347 0.01122 0.06567 ( 2)
  44 S   0.93834 0.00527 0.05594 0.00045 ( 1)
  45 V   0.88551 0.05645 0.05324 0.00479 ( 1)
  46 L   0.92913 0.00746 0.06278 0.00063 ( 1)
  47 S   0.08540 0.83764 0.00584 0.07112 ( 2)
  48 D   0.11199 0.81091 0.00825 0.06885 ( 2)
  49 A   0.06242 0.85994 0.00462 0.07302 ( 2)
  50 I   0.00711 0.91451 0.00073 0.07765 ( 2)
  51 C   0.08550 0.83734 0.00606 0.07110 ( 2)
  52 R   0.89772 0.04820 0.04999 0.00409 ( 1)
  53 F   0.94547 0.00029 0.05421 0.00002 ( 1)
  54 L   0.47138 0.45035 0.04002 0.03824 ( 1)
  55 D   0.13993 0.78325 0.01032 0.06650 ( 2)
  56 G   0.93968 0.00148 0.05872 0.00013 ( 1)
  57 K   0.00420 0.91751 0.00038 0.07790 ( 2)
  58 L   0.02560 0.89493 0.00348 0.07599 ( 2)
  59 K   0.00011 0.92162 0.00001 0.07825 ( 2)
  60 N   0.00990 0.91169 0.00100 0.07741 ( 2)
  61 Y   0.90489 0.03231 0.06005 0.00274 ( 1)
  62 R   0.00004 0.92161 0.00010 0.07825 ( 2)
  63 E   0.00000 0.92172 0.00001 0.07826 ( 2)
  64 Y   0.89768 0.02406 0.07622 0.00204 ( 1)
  65 Y   0.94040 0.00126 0.05823 0.00011 ( 1)
  66 L   0.92277 0.00999 0.06639 0.00085 ( 1)
  67 P   0.00000 0.92174 0.00000 0.07826 ( 2)
  68 Y   0.51937 0.41356 0.03196 0.03511 ( 1)
  69 L   0.92727 0.00825 0.06377 0.00070 ( 1)
  70 E   0.00001 0.92173 0.00000 0.07826 ( 2)
  71 A   0.00000 0.92173 0.00000 0.07826 ( 2)
  72 W   0.87181 0.05742 0.06589 0.00488 ( 1)
  73 L   0.76738 0.16258 0.05623 0.01380 ( 1)
  74 K   0.00062 0.92113 0.00003 0.07821 ( 2)
  75 D   0.00629 0.91561 0.00036 0.07774 ( 2)
  76 G   0.00405 0.91770 0.00033 0.07792 ( 2)
  77 K   0.00682 0.91492 0.00058 0.07768 ( 2)
  78 P   0.83336 0.08838 0.07076 0.00750 ( 1)
  79 L   0.13204 0.78970 0.01121 0.06705 ( 2)
  80 Q   0.05895 0.86278 0.00501 0.07326 ( 2)
  81 K   0.03397 0.88777 0.00288 0.07538 ( 2)
  82 T   0.54817 0.37357 0.04654 0.03172 ( 1)
  83 N   0.85488 0.08984 0.04764 0.00763 ( 1)
  84 N   0.00123 0.92053 0.00008 0.07816 ( 2)
  85 S   0.00000 0.92174 0.00000 0.07826 ( 2)
  86 D   0.00000 0.92174 0.00000 0.07826 ( 2)
  87 I   0.38203 0.54771 0.02375 0.04650 ( 2)
  88 G   0.00000 0.92174 0.00000 0.07826 ( 2)
  89 Q   0.04646 0.87626 0.00287 0.07440 ( 2)
  90 L   0.19094 0.73063 0.01639 0.06204 ( 2)
  91 V   0.11626 0.80731 0.00788 0.06855 ( 2)
  92 K   0.00003 0.92170 0.00000 0.07826 ( 2)
  93 Y   0.06543 0.85700 0.00481 0.07277 ( 2)
  94 F   0.93705 0.00841 0.05382 0.00071 ( 1)
  95 E   0.02785 0.89441 0.00179 0.07594 ( 2)
  96 L   0.00000 0.92174 0.00000 0.07826 ( 2)
  97 S   0.01383 0.90803 0.00104 0.07710 ( 2)
  98 E   0.90116 0.04352 0.05162 0.00370 ( 1)
  99 R   0.00013 0.92160 0.00002 0.07825 ( 2)
 100 D   0.00121 0.92056 0.00008 0.07816 ( 2)
 101 F   0.92377 0.01805 0.05664 0.00153 ( 1)
 102 N   0.38137 0.43377 0.14803 0.03683 ( 2)
 103 E   0.00109 0.92066 0.00008 0.07817 ( 2)
 104 I   0.86897 0.07342 0.05137 0.00623 ( 1)
 105 L   0.86250 0.07321 0.05807 0.00622 ( 1)
 106 -   0.72594 0.20538 0.05124 0.01744 ( 1)
 107 -   0.20043 0.72234 0.01589 0.06133 ( 2)
 108 -   0.65319 0.28006 0.04297 0.02378 ( 1)
 109 -   0.76343 0.17379 0.04803 0.01476 ( 1)
 110 -   0.68501 0.24490 0.04930 0.02079 ( 1)
 111 -   0.65914 0.27417 0.04341 0.02328 ( 1)
 112 -   0.35866 0.49170 0.10789 0.04175 ( 2)
 113 G   0.00946 0.91247 0.00059 0.07748 ( 2)
 114 G   0.92369 0.01691 0.05797 0.00144 ( 1)
 115 S   0.52690 0.40231 0.03664 0.03416 ( 1)
 116 L   0.92964 0.00717 0.06258 0.00061 ( 1)
 117 A   0.35393 0.56933 0.02840 0.04834 ( 2)
 118 R   0.84093 0.09702 0.05381 0.00824 ( 1)
 119 N   0.00005 0.92169 0.00000 0.07826 ( 2)
 120 N   0.51296 0.27399 0.18978 0.02326 ( 1)
 121 A   0.93027 0.01143 0.05733 0.00097 ( 1)
 122 Q   0.73743 0.19591 0.05002 0.01663 ( 1)
 123 I   0.93732 0.00688 0.05521 0.00058 ( 1)
 124 L   0.92663 0.01014 0.06237 0.00086 ( 1)
 125 L   0.92618 0.00758 0.06559 0.00064 ( 1)
 126 L   0.91989 0.01599 0.06276 0.00136 ( 1)
 127 P   0.93508 0.00307 0.06159 0.00026 ( 1)
 128 Y   0.43959 0.49100 0.02772 0.04169 ( 2)
 129 F   0.71915 0.22062 0.04149 0.01873 ( 1)
 130 C   0.00038 0.92124 0.00016 0.07822 ( 2)
 131 A   0.01837 0.90384 0.00105 0.07674 ( 2)
 132 S   0.61580 0.31936 0.03773 0.02712 ( 1)
 133 C   0.85400 0.08526 0.05350 0.00724 ( 1)
 134 K   0.78851 0.14944 0.04936 0.01269 ( 1)
 135 C   0.00051 0.92113 0.00015 0.07821 ( 2)
 136 Q   0.93177 0.01128 0.05599 0.00096 ( 1)
 137 L   0.93021 0.00662 0.06261 0.00056 ( 1)
 138 L   0.91575 0.01595 0.06694 0.00135 ( 1)
 139 L   0.63266 0.07540 0.28554 0.00640 ( 1)
 140 L   0.92927 0.00741 0.06270 0.00063 ( 1)
 141 R   0.91406 0.01862 0.06573 0.00158 ( 1)
 142 D   0.94694 0.00029 0.05274 0.00003 ( 1)
 143 A   0.70078 0.23622 0.04294 0.02006 ( 1)
 144 V   0.29589 0.58385 0.07069 0.04957 ( 2)
 145 Q   0.03586 0.88646 0.00241 0.07527 ( 2)
 146 Y   0.94040 0.00126 0.05823 0.00011 ( 1)
 147 E   0.53147 0.39931 0.03532 0.03390 ( 1)
 148 E   0.00001 0.92172 0.00000 0.07826 ( 2)
 149 Q   0.00029 0.92120 0.00029 0.07822 ( 2)
 150 W   0.87181 0.05742 0.06589 0.00488 ( 1)
 151 F   0.01349 0.90838 0.00100 0.07713 ( 2)
 152 P   0.00023 0.92151 0.00002 0.07824 ( 2)
 153 F   0.00120 0.92057 0.00007 0.07816 ( 2)
 154 L   0.00037 0.92136 0.00003 0.07823 ( 2)
 155 S   0.01942 0.90232 0.00165 0.07661 ( 2)
 156 A   0.01391 0.90783 0.00118 0.07708 ( 2)
 157 E   0.16933 0.75241 0.01438 0.06388 ( 2)
 158 N   0.14536 0.77638 0.01234 0.06592 ( 2)
 159 V   0.27351 0.64823 0.02322 0.05504 ( 2)
 160 R   0.27158 0.65015 0.02306 0.05520 ( 2)
 161 S   0.73770 0.18403 0.06264 0.01563 ( 1)
 162 E   0.76454 0.15720 0.06492 0.01335 ( 1)
 163 L   0.81155 0.11019 0.06891 0.00936 ( 1)
 164 I   0.75888 0.13804 0.09136 0.01172 ( 1)
 165 S   0.87233 0.06705 0.05493 0.00569 ( 1)
 166 P   0.93313 0.00499 0.06146 0.00042 ( 1)
 167 N   0.50741 0.41433 0.04308 0.03518 ( 1)
 168 S   0.56066 0.36107 0.04760 0.03066 ( 1)
 169 G   0.55031 0.37143 0.04672 0.03154 ( 1)
 170 C   0.54773 0.37400 0.04651 0.03176 ( 1)
 171 D   0.57696 0.34478 0.04899 0.02927 ( 1)
 172 F   0.56996 0.35177 0.04839 0.02987 ( 1)
 173 T   0.00864 0.91312 0.00071 0.07753 ( 2)
 174 G   0.04505 0.87777 0.00265 0.07453 ( 2)
 175 D   0.94563 0.00105 0.05323 0.00009 ( 1)
 176 Y   0.92424 0.01707 0.05724 0.00145 ( 1)
 177 Y   0.00002 0.92171 0.00001 0.07826 ( 2)
 178 E   0.00934 0.91205 0.00117 0.07744 ( 2)
 179 R   0.19064 0.73098 0.01631 0.06207 ( 2)
 180 L   0.87591 0.05990 0.05910 0.00509 ( 1)
 181 K   0.39521 0.51903 0.04169 0.04407 ( 2)
 182 C   0.00233 0.91946 0.00014 0.07807 ( 2)
 183 K   0.01085 0.91111 0.00068 0.07736 ( 2)
 184 I   0.21009 0.71398 0.01531 0.06062 ( 2)
 185 A   0.01739 0.90442 0.00140 0.07679 ( 2)
 186 E   0.00006 0.92164 0.00004 0.07825 ( 2)
 187 Y   0.93281 0.00869 0.05776 0.00074 ( 1)
 188 T   0.06071 0.86138 0.00478 0.07314 ( 2)
 189 D   0.52402 0.41145 0.02960 0.03494 ( 1)
 190 Y   0.86905 0.07109 0.05383 0.00604 ( 1)
 191 C   0.91820 0.00773 0.07341 0.00066 ( 1)
 192 E   0.00002 0.92172 0.00000 0.07826 ( 2)
 193 Y   0.00001 0.92173 0.00000 0.07826 ( 2)
 194 W   0.87181 0.05742 0.06589 0.00488 ( 1)
 195 Y   0.94040 0.00126 0.05823 0.00011 ( 1)
 196 Q   0.27058 0.65836 0.01515 0.05590 ( 2)
 197 A   0.00012 0.92162 0.00001 0.07825 ( 2)
 198 G   0.94026 0.00115 0.05849 0.00010 ( 1)
 199 L   0.87021 0.06315 0.06128 0.00536 ( 1)
 200 N   0.92567 0.02043 0.05217 0.00173 ( 1)
 201 Q   0.84451 0.09570 0.05167 0.00813 ( 1)
 202 I   0.88575 0.01608 0.09681 0.00137 ( 1)
 203 K   0.80956 0.12774 0.05186 0.01085 ( 1)
 204 Q   0.00221 0.91956 0.00015 0.07808 ( 2)
 205 A   0.00002 0.92172 0.00000 0.07826 ( 2)
 206 G   0.93546 0.00564 0.05842 0.00048 ( 1)
 207 T   0.10625 0.78122 0.04620 0.06633 ( 2)
 208 G   0.03550 0.87476 0.01547 0.07427 ( 2)
 209 A   0.63899 0.29668 0.03915 0.02519 ( 1)
 210 D   0.00257 0.91922 0.00016 0.07805 ( 2)
 211 T   0.00051 0.92107 0.00021 0.07821 ( 2)
 212 W   0.87181 0.05742 0.06589 0.00488 ( 1)
 213 A   0.00148 0.92027 0.00011 0.07814 ( 2)
 214 K   0.93704 0.00516 0.05737 0.00044 ( 1)
 215 F   0.94547 0.00029 0.05421 0.00002 ( 1)
 216 N   0.94091 0.00217 0.05673 0.00018 ( 1)
 217 K   0.93220 0.00726 0.05992 0.00062 ( 1)
 218 F   0.94226 0.00320 0.05427 0.00027 ( 1)
 219 R   0.93128 0.00534 0.06293 0.00045 ( 1)
 220 R   0.93775 0.00207 0.06001 0.00018 ( 1)
 221 E   0.88992 0.02966 0.07789 0.00252 ( 1)
 222 M   0.94120 0.00076 0.05797 0.00006 ( 1)
 223 T   0.92914 0.01159 0.05829 0.00098 ( 1)
 224 L   0.90724 0.02486 0.06579 0.00211 ( 1)
 225 T   0.02628 0.89601 0.00163 0.07608 ( 2)
 226 V   0.94064 0.00136 0.05788 0.00012 ( 1)
 227 L   0.91526 0.02054 0.06246 0.00174 ( 1)
 228 D   0.94706 0.00019 0.05274 0.00002 ( 1)
 229 I   0.93907 0.00516 0.05533 0.00044 ( 1)
 230 I   0.88898 0.05135 0.05531 0.00436 ( 1)
 231 A   0.45641 0.45652 0.04831 0.03876 ( 2)
 232 I   0.53756 0.39154 0.03766 0.03324 ( 1)
 233 F   0.25657 0.00881 0.73387 0.00075 ( 3)
 234 Q   0.61106 0.30621 0.05674 0.02600 ( 1)
 235 T   0.14088 0.53417 0.27960 0.04535 ( 2)


lnL = -4723.282763

