Supplemental results for CODEML (seqf: algn  treef: tree)


dN/dS (w) for site classes (K=4)

site class             0        1       2a       2b
proportion       0.22101  0.56118  0.06154  0.15627
background w     0.02763  0.38877  0.02763  0.38877
foreground w     0.02763  0.38877  7.51280  7.51280

Naive Empirical Bayes (NEB) probabilities for 4 classes
(amino acids refer to 1st sequence: BT_Cry1Be1)

   1 -   0.17314 0.75912 0.01990 0.04784 ( 2)
   2 S   0.00011 0.91062 0.00160 0.08768 ( 2)
   3 D   0.99463 0.00479 0.00055 0.00002 ( 1)
   4 S   0.02424 0.97385 0.00002 0.00189 ( 2)
   5 I   0.98675 0.01034 0.00276 0.00015 ( 1)
   6 T   0.76341 0.23277 0.00173 0.00208 ( 1)
   7 Q   0.00061 0.74941 0.01848 0.23150 ( 2)
   8 I   0.00231 0.33535 0.31628 0.34606 ( 4)
   9 P   0.71857 0.22389 0.05466 0.00288 ( 1)
  10 L   0.00075 0.90339 0.00041 0.09546 ( 2)
  11 V   0.04856 0.14636 0.77412 0.03097 ( 3)
  12 K   0.99429 0.00485 0.00083 0.00002 ( 1)
  13 S   0.00828 0.92379 0.00214 0.06579 ( 2)
  14 F   0.00029 0.89117 0.00019 0.10835 ( 2)
  15 N   0.00001 0.85449 0.00008 0.14542 ( 2)
  16 L   0.52585 0.25634 0.14643 0.07138 ( 1)
  17 N   0.00000 0.06497 0.01440 0.92062 ( 4)
  18 S   0.00001 0.09012 0.02478 0.88509 ( 4)
  19 G   0.00000 0.03519 0.07102 0.89379 ( 4)
  20 T   0.01727 0.94089 0.00320 0.03865 ( 2)
  21 S   0.06759 0.91851 0.00023 0.01366 ( 2)
  22 V   0.99058 0.00754 0.00181 0.00007 ( 1)
  23 V   0.32192 0.66432 0.00122 0.01255 ( 2)
  24 S   0.00011 0.99690 0.00000 0.00298 ( 2)
  25 G   0.98015 0.01762 0.00212 0.00012 ( 1)
  26 P   0.98776 0.01204 0.00019 0.00001 ( 1)
  27 G   0.97707 0.02227 0.00062 0.00004 ( 1)
  28 F   0.85723 0.08359 0.05834 0.00084 ( 1)
  29 T   0.62893 0.10685 0.25339 0.01084 ( 1)
  30 G   0.97820 0.02127 0.00050 0.00003 ( 1)
  31 G   0.95585 0.04283 0.00120 0.00012 ( 1)
  32 D   0.04132 0.38110 0.46745 0.11014 ( 3)
  33 I   0.06025 0.92603 0.00704 0.00668 ( 2)
  34 I   0.71265 0.28040 0.00182 0.00513 ( 1)
  35 R   0.18164 0.76250 0.02912 0.02674 ( 2)
  36 T   0.08815 0.69404 0.02455 0.19327 ( 2)
  37 N   0.02925 0.75293 0.00815 0.20967 ( 2)
  38 V   0.00170 0.78049 0.00047 0.21734 ( 2)
  39 N   0.00354 0.77865 0.00098 0.21683 ( 2)
  40 -   0.22101 0.56118 0.06154 0.15627 ( 2)
  41 -   0.22101 0.56118 0.06154 0.15627 ( 2)
  42 -   0.22101 0.56118 0.06154 0.15627 ( 2)
  43 G   0.13708 0.84418 0.00075 0.01799 ( 2)
  44 S   0.00031 0.96122 0.00010 0.03837 ( 2)
  45 V   0.01289 0.85698 0.00993 0.12020 ( 2)
  46 L   0.00000 0.08856 0.00020 0.91124 ( 4)
  47 S   0.00090 0.99580 0.00002 0.00328 ( 2)
  48 M   0.00014 0.91514 0.00011 0.08461 ( 2)
  49 G   0.00001 0.91724 0.00004 0.08271 ( 2)
  50 L   0.01070 0.91419 0.00227 0.07284 ( 2)
  51 N   0.00032 0.56820 0.04816 0.38333 ( 2)
  52 F   0.00694 0.71454 0.01523 0.26329 ( 2)
  53 N   0.01761 0.95863 0.00030 0.02346 ( 2)
  54 N   0.00005 0.98653 0.00000 0.01342 ( 2)
  55 -   0.06651 0.93110 0.00004 0.00234 ( 2)
  56 -   0.00069 0.25432 0.21050 0.53449 ( 4)
  57 -   0.00191 0.49780 0.14136 0.35893 ( 2)
  58 T   0.00000 0.34165 0.00017 0.65818 ( 4)
  59 S   0.00033 0.16920 0.18082 0.64966 ( 4)
  60 L   0.00000 0.10446 0.00020 0.89533 ( 4)
  61 Q   0.00049 0.98866 0.00000 0.01085 ( 2)
  62 R   0.00625 0.91053 0.00200 0.08123 ( 2)
  63 Y   0.99127 0.00835 0.00036 0.00001 ( 1)
  64 R   0.10401 0.89522 0.00003 0.00074 ( 2)
  65 V   0.00286 0.84215 0.05803 0.09696 ( 2)
  66 R   0.99037 0.00834 0.00126 0.00003 ( 1)
  67 V   0.92047 0.07546 0.00256 0.00152 ( 1)
  68 R   0.86537 0.03402 0.09495 0.00566 ( 1)
  69 Y   0.99127 0.00835 0.00036 0.00001 ( 1)
  70 A   0.97997 0.01707 0.00286 0.00009 ( 1)
  71 A   0.81276 0.18540 0.00084 0.00101 ( 1)
  72 S   0.02110 0.96538 0.00006 0.01346 ( 2)
  73 Q   0.00004 0.97433 0.00001 0.02562 ( 2)
  74 T   0.00003 0.96456 0.00005 0.03536 ( 2)
  75 M   0.00003 0.80441 0.00005 0.19551 ( 2)
  76 V   0.00055 0.96922 0.00004 0.03018 ( 2)
  77 L   0.72876 0.27064 0.00022 0.00038 ( 1)
  78 R   0.00473 0.86899 0.02961 0.09667 ( 2)
  79 V   0.16436 0.71742 0.07806 0.04016 ( 2)
  80 T   0.00001 0.01863 0.07571 0.90566 ( 4)
  81 V   0.00000 0.70901 0.00092 0.29007 ( 2)
  82 G   0.00000 0.01369 0.03485 0.95145 ( 4)
  83 -   0.00004 0.05641 0.27090 0.67264 ( 4)
  84 -   0.22101 0.56118 0.06154 0.15627 ( 2)
  85 -   0.22101 0.56118 0.06154 0.15627 ( 2)
  86 G   0.00003 0.10944 0.05407 0.83646 ( 4)
  87 S   0.00000 0.32101 0.00113 0.67785 ( 4)
  88 T   0.00035 0.86045 0.00046 0.13874 ( 2)
  89 T   0.00004 0.69937 0.00217 0.29842 ( 2)
  90 F   0.00197 0.98238 0.00011 0.01554 ( 2)
  91 D   0.00115 0.97304 0.00212 0.02369 ( 2)
  92 Q   0.00000 0.25420 0.00246 0.74333 ( 4)
  93 G   0.00000 0.75141 0.00000 0.24858 ( 2)
  94 F   0.83025 0.08017 0.08719 0.00238 ( 1)
  95 P   0.00008 0.90723 0.00003 0.09265 ( 2)
  96 S   0.00101 0.98577 0.00000 0.01321 ( 2)
  97 T   0.99019 0.00749 0.00224 0.00008 ( 1)
  98 M   0.99601 0.00393 0.00006 0.00000 ( 1)
  99 S   0.00031 0.99116 0.00000 0.00854 ( 2)
 100 A   0.00001 0.97721 0.00000 0.02278 ( 2)
 101 N   0.11946 0.87566 0.00033 0.00455 ( 2)
 102 E   0.00043 0.93855 0.00016 0.06086 ( 2)
 103 S   0.67387 0.11709 0.20139 0.00766 ( 1)
 104 L   0.30764 0.66221 0.02524 0.00491 ( 2)
 105 T   0.81521 0.18159 0.00155 0.00165 ( 1)
 106 S   0.01912 0.93818 0.00361 0.03909 ( 2)
 107 Q   0.00203 0.98116 0.00000 0.01680 ( 2)
 108 S   0.04602 0.94753 0.00019 0.00626 ( 2)
 109 F   0.99677 0.00280 0.00042 0.00001 ( 1)
 110 R   0.25569 0.74370 0.00008 0.00053 ( 2)
 111 F   0.90580 0.09315 0.00080 0.00025 ( 1)
 112 A   0.16767 0.81853 0.00081 0.01299 ( 2)
 113 E   0.00020 0.98090 0.00002 0.01888 ( 2)
 114 F   0.00621 0.03574 0.94359 0.01446 ( 3)
 115 P   0.00003 0.36204 0.05209 0.58584 ( 4)
 116 V   0.00105 0.94651 0.00261 0.04983 ( 2)
 117 G   0.00025 0.89573 0.00278 0.10124 ( 2)
 118 I   0.00231 0.85280 0.00308 0.14182 ( 2)
 119 S   0.00000 0.03823 0.00018 0.96158 ( 4)
 120 -   0.43021 0.35197 0.11980 0.09801 ( 1)
 121 A   0.00126 0.78093 0.00035 0.21746 ( 2)
 122 S   0.00224 0.77995 0.00062 0.21719 ( 2)
 123 G   0.00121 0.78098 0.00034 0.21747 ( 2)
 124 S   0.00004 0.82374 0.00046 0.17577 ( 2)
 125 Q   0.00000 0.25523 0.00014 0.74463 ( 4)
 126 T   0.00000 0.17189 0.00049 0.82762 ( 4)
 127 A   0.00000 0.12859 0.00080 0.87062 ( 4)
 128 G   0.00908 0.97816 0.00007 0.01269 ( 2)
 129 I   0.98923 0.00559 0.00500 0.00018 ( 1)
 130 -   0.22101 0.56118 0.06154 0.15627 ( 2)
 131 -   0.22101 0.56118 0.06154 0.15627 ( 2)
 132 S   0.00056 0.78162 0.00016 0.21765 ( 2)
 133 I   0.00278 0.77941 0.00077 0.21704 ( 2)
 134 S   0.00087 0.78132 0.00024 0.21757 ( 2)
 135 N   0.00012 0.13340 0.08333 0.78314 ( 4)
 136 N   0.00000 0.78445 0.00012 0.21543 ( 2)
 137 A   0.00000 0.39574 0.00001 0.60425 ( 4)
 138 G   0.00041 0.94892 0.00013 0.05054 ( 2)
 139 R   0.00000 0.05077 0.00029 0.94894 ( 4)
 140 Q   0.00001 0.89981 0.00002 0.10016 ( 2)
 141 T   0.00013 0.97353 0.00016 0.02618 ( 2)
 142 F   0.00801 0.74313 0.03571 0.21316 ( 2)
 143 H   0.67434 0.32411 0.00064 0.00091 ( 1)
 144 F   0.01355 0.95995 0.00283 0.02367 ( 2)
 145 D   0.98376 0.01554 0.00065 0.00005 ( 1)
 146 K   0.00158 0.96994 0.00017 0.02830 ( 2)
 147 I   0.70968 0.12736 0.15440 0.00856 ( 1)
 148 E   0.98215 0.01698 0.00084 0.00003 ( 1)
 149 F   0.16363 0.83309 0.00012 0.00316 ( 2)
 150 I   0.94359 0.04911 0.00528 0.00202 ( 1)
 151 -   0.22101 0.56118 0.06154 0.15627 ( 2)


lnL = -2543.836854

