Supplemental results for CODEML (seqf: algn  treef: tree)


dN/dS (w) for site classes (K=4)

site class             0        1       2a       2b
proportion       0.49458  0.30606  0.12315  0.07621
background w     0.13406  1.00000  0.13406  1.00000
foreground w     0.13406  1.00000  1.00000  1.00000

Naive Empirical Bayes (NEB) probabilities for 4 classes
(amino acids refer to 1st sequence: BT_Cry4Ba1)

   1 -   0.49458 0.30606 0.12315 0.07621 ( 1)
   2 Y   0.19754 0.60310 0.04919 0.15018 ( 2)
   3 T   0.73155 0.06908 0.18216 0.01720 ( 1)
   4 D   0.75246 0.04817 0.18737 0.01200 ( 1)
   5 A   0.07116 0.72948 0.01772 0.18165 ( 2)
   6 I   0.74666 0.05398 0.18592 0.01344 ( 1)
   7 T   0.76091 0.03973 0.18947 0.00989 ( 1)
   8 Q   0.79632 0.00432 0.19829 0.00108 ( 1)
   9 V   0.74406 0.05657 0.18528 0.01409 ( 1)
  10 P   0.79096 0.00968 0.19695 0.00241 ( 1)
  11 A   0.70888 0.09176 0.17652 0.02285 ( 1)
  12 V   0.73807 0.06256 0.18378 0.01558 ( 1)
  13 K   0.79650 0.00414 0.19833 0.00103 ( 1)
  14 S   0.76654 0.03410 0.19087 0.00849 ( 1)
  15 N   0.54441 0.25622 0.13556 0.06380 ( 1)
  16 F   0.11001 0.69063 0.02739 0.17197 ( 2)
  17 L   0.56430 0.23634 0.14051 0.05885 ( 1)
  18 N   0.79435 0.00629 0.19780 0.00157 ( 1)
  19 A   0.08747 0.71317 0.02178 0.17758 ( 2)
  20 T   0.07025 0.73038 0.01749 0.18187 ( 2)
  21 A   0.77061 0.03003 0.19189 0.00748 ( 1)
  22 K   0.13883 0.66180 0.03457 0.16479 ( 2)
  23 V   0.54641 0.25422 0.13606 0.06330 ( 1)
  24 I   0.74809 0.05255 0.18628 0.01309 ( 1)
  25 K   0.52324 0.27740 0.13029 0.06907 ( 1)
  26 G   0.65239 0.14825 0.16245 0.03691 ( 1)
  27 P   0.54186 0.25878 0.13493 0.06444 ( 1)
  28 G   0.79724 0.00340 0.19852 0.00085 ( 1)
  29 -   0.49458 0.30606 0.12315 0.07621 ( 1)
  30 H   0.79120 0.00944 0.19701 0.00235 ( 1)
  31 T   0.77091 0.02973 0.19196 0.00740 ( 1)
  32 G   0.79070 0.00993 0.19689 0.00247 ( 1)
  33 G   0.79070 0.00993 0.19689 0.00247 ( 1)
  34 D   0.74374 0.05690 0.18520 0.01417 ( 1)
  35 L   0.73512 0.06552 0.18305 0.01631 ( 1)
  36 V   0.78174 0.01890 0.19466 0.00471 ( 1)
  37 A   0.70657 0.09407 0.17594 0.02342 ( 1)
  38 L   0.64355 0.15709 0.16025 0.03912 ( 1)
  39 T   0.59197 0.20866 0.14740 0.05196 ( 1)
  40 S   0.58865 0.21198 0.14658 0.05278 ( 1)
  41 N   0.65179 0.14884 0.16230 0.03706 ( 1)
  42 G   0.54673 0.25391 0.13614 0.06323 ( 1)
  43 T   0.13689 0.66374 0.03409 0.16528 ( 2)
  44 L   0.76254 0.03809 0.18988 0.00949 ( 1)
  45 S   0.00611 0.79453 0.00152 0.19784 ( 2)
  46 -   0.49458 0.30606 0.12315 0.07621 ( 1)
  47 G   0.62965 0.17099 0.15679 0.04258 ( 1)
  48 R   0.77402 0.02661 0.19274 0.00663 ( 1)
  49 M   0.77428 0.02636 0.19280 0.00656 ( 1)
  50 E   0.29577 0.50487 0.07365 0.12572 ( 2)
  51 I   0.75530 0.04533 0.18808 0.01129 ( 1)
  52 Q   0.02755 0.77308 0.00686 0.19250 ( 2)
  53 C   0.58727 0.21337 0.14623 0.05313 ( 1)
  54 K   0.53597 0.26466 0.13346 0.06590 ( 1)
  55 T   0.74493 0.05571 0.18549 0.01387 ( 1)
  56 S   0.78957 0.01106 0.19661 0.00275 ( 1)
  57 I   0.62903 0.17160 0.15663 0.04273 ( 1)
  58 F   0.77765 0.02299 0.19364 0.00572 ( 1)
  59 N   0.67337 0.12727 0.16767 0.03169 ( 1)
  60 D   0.73478 0.06586 0.18296 0.01640 ( 1)
  61 P   0.55860 0.24203 0.13910 0.06027 ( 1)
  62 T   0.03377 0.76686 0.00841 0.19095 ( 2)
  63 R   0.65055 0.15009 0.16199 0.03737 ( 1)
  64 S   0.54430 0.25634 0.13553 0.06383 ( 1)
  65 Y   0.79151 0.00913 0.19709 0.00227 ( 1)
  66 G   0.75772 0.04291 0.18868 0.01069 ( 1)
  67 L   0.45059 0.35004 0.11220 0.08716 ( 1)
  68 R   0.70123 0.09941 0.17461 0.02475 ( 1)
  69 I   0.79361 0.00703 0.19761 0.00175 ( 1)
  70 R   0.76735 0.03329 0.19107 0.00829 ( 1)
  71 Y   0.72638 0.07425 0.18087 0.01849 ( 1)
  72 A   0.79659 0.00404 0.19836 0.00101 ( 1)
  73 A   0.77619 0.02445 0.19328 0.00609 ( 1)
  74 N   0.79478 0.00586 0.19790 0.00146 ( 1)
  75 S   0.73262 0.06801 0.18243 0.01694 ( 1)
  76 P   0.01197 0.78866 0.00298 0.19638 ( 2)
  77 I   0.08062 0.72001 0.02008 0.17929 ( 2)
  78 V   0.02530 0.77534 0.00630 0.19307 ( 2)
  79 L   0.00397 0.79667 0.00099 0.19838 ( 2)
  80 N   0.04095 0.75968 0.01020 0.18917 ( 2)
  81 V   0.24428 0.55635 0.06083 0.13854 ( 2)
  82 S   0.03400 0.76664 0.00847 0.19090 ( 2)
  83 Y   0.58849 0.21215 0.14654 0.05283 ( 1)
  84 V   0.01237 0.78826 0.00308 0.19628 ( 2)
  85 -   0.72785 0.07278 0.18124 0.01812 ( 1)
  86 L   0.03966 0.76098 0.00988 0.18949 ( 2)
  87 Q   0.00065 0.79999 0.00016 0.19920 ( 2)
  88 G   0.19812 0.60252 0.04933 0.15003 ( 2)
  89 V   0.00369 0.79695 0.00092 0.19845 ( 2)
  90 S   0.00468 0.79596 0.00117 0.19820 ( 2)
  91 R   0.35280 0.44784 0.08785 0.11151 ( 2)
  92 G   0.00576 0.79487 0.00143 0.19793 ( 2)
  93 T   0.25008 0.55056 0.06227 0.13709 ( 2)
  94 T   0.00139 0.79925 0.00035 0.19902 ( 2)
  95 I   0.00247 0.79817 0.00062 0.19875 ( 2)
  96 S   0.00533 0.79530 0.00133 0.19804 ( 2)
  97 T   0.05974 0.74089 0.01488 0.18449 ( 2)
  98 -   0.49458 0.30606 0.12315 0.07621 ( 1)
  99 -   0.49458 0.30606 0.12315 0.07621 ( 1)
 100 -   0.49458 0.30606 0.12315 0.07621 ( 1)
 101 -   0.49458 0.30606 0.12315 0.07621 ( 1)
 102 -   0.17050 0.63014 0.04245 0.15691 ( 2)
 103 E   0.03593 0.76470 0.00895 0.19042 ( 2)
 104 S   0.00876 0.79188 0.00218 0.19718 ( 2)
 105 T   0.00065 0.79998 0.00016 0.19920 ( 2)
 106 F   0.30941 0.49123 0.07705 0.12232 ( 2)
 107 S   0.64364 0.15700 0.16027 0.03909 ( 1)
 108 R   0.09104 0.70960 0.02267 0.17670 ( 2)
 109 P   0.76291 0.03772 0.18997 0.00939 ( 1)
 110 N   0.07435 0.72628 0.01851 0.18085 ( 2)
 111 N   0.78778 0.01285 0.19616 0.00320 ( 1)
 112 I   0.66552 0.13512 0.16572 0.03365 ( 1)
 113 I   0.78634 0.01430 0.19580 0.00356 ( 1)
 114 P   0.51410 0.28653 0.12801 0.07135 ( 1)
 115 T   0.74400 0.05663 0.18526 0.01410 ( 1)
 116 D   0.74697 0.05367 0.18600 0.01336 ( 1)
 117 L   0.78972 0.01091 0.19665 0.00272 ( 1)
 118 K   0.77059 0.03005 0.19188 0.00748 ( 1)
 119 Y   0.79695 0.00369 0.19844 0.00092 ( 1)
 120 E   0.30502 0.49561 0.07595 0.12341 ( 2)
 121 E   0.03392 0.76672 0.00845 0.19092 ( 2)
 122 F   0.79809 0.00254 0.19873 0.00063 ( 1)
 123 R   0.01206 0.78857 0.00300 0.19636 ( 2)
 124 Y   0.77673 0.02391 0.19341 0.00595 ( 1)
 125 K   0.15504 0.64559 0.03861 0.16076 ( 2)
 126 D   0.76695 0.03369 0.19097 0.00839 ( 1)
 127 P   0.52672 0.27392 0.13116 0.06821 ( 1)
 128 F   0.05684 0.74380 0.01415 0.18521 ( 2)
 129 D   0.74374 0.05690 0.18520 0.01417 ( 1)
 130 A   0.30778 0.49285 0.07664 0.12272 ( 2)
 131 I   0.78191 0.01873 0.19470 0.00466 ( 1)
 132 V   0.63093 0.16971 0.15711 0.04226 ( 1)
 133 P   0.40412 0.39651 0.10063 0.09873 ( 1)
 134 M   0.70395 0.09669 0.17529 0.02408 ( 1)
 135 R   0.65610 0.14453 0.16337 0.03599 ( 1)
 136 L   0.47965 0.32098 0.11944 0.07993 ( 1)
 137 S   0.57898 0.22166 0.14417 0.05519 ( 1)
 138 S   0.73476 0.06588 0.18296 0.01640 ( 1)
 139 N   0.61582 0.18481 0.15334 0.04602 ( 1)
 140 Q   0.24035 0.56028 0.05985 0.13951 ( 2)
 141 L   0.29266 0.50798 0.07287 0.12649 ( 2)
 142 I   0.61456 0.18608 0.15303 0.04633 ( 1)
 143 T   0.79281 0.00783 0.19741 0.00195 ( 1)
 144 I   0.67489 0.12575 0.16805 0.03131 ( 1)
 145 A   0.55176 0.24888 0.13739 0.06197 ( 1)
 146 I   0.79343 0.00720 0.19757 0.00179 ( 1)
 147 Q   0.01337 0.78727 0.00333 0.19604 ( 2)
 148 P   0.31305 0.48758 0.07795 0.12141 ( 2)
 149 L   0.26553 0.53511 0.06612 0.13325 ( 2)
 150 N   0.77637 0.02426 0.19332 0.00604 ( 1)
 151 M   0.06556 0.73508 0.01632 0.18304 ( 2)
 152 T   0.00604 0.79459 0.00150 0.19786 ( 2)
 153 S   0.12672 0.67392 0.03155 0.16781 ( 2)
 154 N   0.13810 0.66254 0.03439 0.16498 ( 2)
 155 N   0.10054 0.70010 0.02503 0.17433 ( 2)
 156 Q   0.01812 0.78251 0.00451 0.19485 ( 2)
 157 V   0.48849 0.31215 0.12164 0.07773 ( 1)
 158 I   0.74036 0.06028 0.18435 0.01501 ( 1)
 159 I   0.79336 0.00728 0.19755 0.00181 ( 1)
 160 D   0.79345 0.00719 0.19757 0.00179 ( 1)
 161 R   0.79770 0.00293 0.19863 0.00073 ( 1)
 162 I   0.52448 0.27615 0.13060 0.06876 ( 1)
 163 E   0.79760 0.00304 0.19861 0.00076 ( 1)
 164 I   0.78086 0.01978 0.19444 0.00492 ( 1)
 165 I   0.79336 0.00728 0.19755 0.00181 ( 1)
 166 -   0.74770 0.05294 0.18618 0.01318 ( 1)


lnL = -2190.133290

