Supplemental results for CODEML (seqf: algn  treef: tree)


dN/dS (w) for site classes (K=4)

site class             0        1       2a       2b
proportion       0.57364  0.22841  0.14157  0.05637
background w     0.15976  2.18119  0.15976  2.18119
foreground w     0.15976  2.18119  3.48545  3.48545

Naive Empirical Bayes (NEB) probabilities for 4 classes
(amino acids refer to 1st sequence: BT_Cry8Ea2)

   1 -   0.57364 0.22841 0.14157 0.05637 ( 1)
   2 -   0.57364 0.22841 0.14157 0.05637 ( 1)
   3 -   0.57364 0.22841 0.14157 0.05637 ( 1)
   4 -   0.57364 0.22841 0.14157 0.05637 ( 1)
   5 -   0.57364 0.22841 0.14157 0.05637 ( 1)
   6 -   0.57364 0.22841 0.14157 0.05637 ( 1)
   7 -   0.57364 0.22841 0.14157 0.05637 ( 1)
   8 -   0.57364 0.22841 0.14157 0.05637 ( 1)
   9 -   0.57364 0.22841 0.14157 0.05637 ( 1)
  10 -   0.57364 0.22841 0.14157 0.05637 ( 1)
  11 -   0.57364 0.22841 0.14157 0.05637 ( 1)
  12 -   0.57364 0.22841 0.14157 0.05637 ( 1)
  13 -   0.57364 0.22841 0.14157 0.05637 ( 1)
  14 -   0.57364 0.22841 0.14157 0.05637 ( 1)
  15 -   0.57364 0.22841 0.14157 0.05637 ( 1)
  16 -   0.57364 0.22841 0.14157 0.05637 ( 1)
  17 -   0.57364 0.22841 0.14157 0.05637 ( 1)
  18 -   0.57364 0.22841 0.14157 0.05637 ( 1)
  19 -   0.57364 0.22841 0.14157 0.05637 ( 1)
  20 -   0.57364 0.22841 0.14157 0.05637 ( 1)
  21 -   0.57364 0.22841 0.14157 0.05637 ( 1)
  22 -   0.57364 0.22841 0.14157 0.05637 ( 1)
  23 -   0.57364 0.22841 0.14157 0.05637 ( 1)
  24 -   0.57364 0.22841 0.14157 0.05637 ( 1)
  25 -   0.57364 0.22841 0.14157 0.05637 ( 1)
  26 -   0.57364 0.22841 0.14157 0.05637 ( 1)
  27 -   0.57364 0.22841 0.14157 0.05637 ( 1)
  28 -   0.57364 0.22841 0.14157 0.05637 ( 1)
  29 E   0.76659 0.03547 0.18919 0.00875 ( 1)
  30 T   0.52083 0.28123 0.12854 0.06941 ( 1)
  31 K   0.14766 0.65440 0.03644 0.16150 ( 2)
  32 A   0.01425 0.78781 0.00352 0.19443 ( 2)
  33 Q   0.75475 0.04731 0.18627 0.01168 ( 1)
  34 L   0.79703 0.00502 0.19670 0.00124 ( 1)
  35 T   0.24192 0.56013 0.05970 0.13824 ( 2)
  36 R   0.31001 0.49204 0.07651 0.12143 ( 2)
  37 E   0.71999 0.08207 0.17769 0.02025 ( 1)
  38 V   0.69888 0.10318 0.17248 0.02546 ( 1)
  39 Y   0.40433 0.39772 0.09979 0.09816 ( 1)
  40 T   0.63189 0.17017 0.15595 0.04200 ( 1)
  41 D   0.75828 0.04378 0.18714 0.01080 ( 1)
  42 P   0.79586 0.00620 0.19641 0.00153 ( 1)
  43 I   0.03699 0.76507 0.00913 0.18882 ( 2)
  44 G   0.30928 0.49278 0.07633 0.12161 ( 2)
  45 A   0.10285 0.69920 0.02538 0.17256 ( 2)
  46 I   0.76366 0.03840 0.18847 0.00948 ( 1)
  47 G   0.06928 0.73278 0.01710 0.18085 ( 2)
  48 A   0.63976 0.16229 0.15789 0.04005 ( 1)
  49 Q   0.79332 0.00874 0.19579 0.00216 ( 1)
  50 G   0.78846 0.01360 0.19459 0.00336 ( 1)
  51 -   0.60193 0.20012 0.14856 0.04939 ( 1)
  52 -   0.67758 0.12448 0.16722 0.03072 ( 1)
  53 S   0.78497 0.01709 0.19373 0.00422 ( 1)
  54 W   0.78454 0.01751 0.19362 0.00432 ( 1)
  55 Y   0.78943 0.01263 0.19483 0.00312 ( 1)
  56 D   0.78699 0.01507 0.19423 0.00372 ( 1)
  57 S   0.08180 0.72026 0.02019 0.17776 ( 2)
  58 A   0.77939 0.02267 0.19235 0.00559 ( 1)
  59 P   0.79185 0.01021 0.19542 0.00252 ( 1)
  60 S   0.78497 0.01709 0.19373 0.00422 ( 1)
  61 F   0.78897 0.01309 0.19471 0.00323 ( 1)
  62 N   0.60155 0.20051 0.14846 0.04948 ( 1)
  63 T   0.69580 0.10626 0.17172 0.02622 ( 1)
  64 L   0.58470 0.21736 0.14430 0.05364 ( 1)
  65 E   0.78904 0.01301 0.19473 0.00321 ( 1)
  66 S   0.79319 0.00887 0.19575 0.00219 ( 1)
  67 T   0.54959 0.25247 0.13563 0.06231 ( 1)
  68 F   0.53665 0.26541 0.13244 0.06550 ( 1)
  69 I   0.68076 0.12130 0.16801 0.02994 ( 1)
  70 R   0.76546 0.03659 0.18891 0.00903 ( 1)
  71 G   0.20249 0.59957 0.04997 0.14797 ( 2)
  72 K   0.00737 0.79468 0.00182 0.19612 ( 2)
  73 H   0.79418 0.00788 0.19600 0.00195 ( 1)
  74 L   0.79078 0.01128 0.19516 0.00278 ( 1)
  75 F   0.79999 0.00207 0.19743 0.00051 ( 1)
  76 D   0.79958 0.00248 0.19733 0.00061 ( 1)
  77 F   0.76530 0.03676 0.18887 0.00907 ( 1)
  78 I   0.72544 0.07662 0.17903 0.01891 ( 1)
  79 T   0.79462 0.00744 0.19611 0.00184 ( 1)
  80 R   0.17257 0.62949 0.04259 0.15536 ( 2)
  81 L   0.75106 0.05099 0.18536 0.01259 ( 1)
  82 S   0.74661 0.05544 0.18426 0.01368 ( 1)
  83 I   0.63270 0.16936 0.15615 0.04180 ( 1)
  84 Y   0.79899 0.00307 0.19719 0.00076 ( 1)
  85 T   0.67638 0.12567 0.16693 0.03102 ( 1)
  86 G   0.75068 0.05137 0.18526 0.01268 ( 1)
  87 R   0.77030 0.03176 0.19011 0.00784 ( 1)
  88 S   0.79985 0.00221 0.19740 0.00055 ( 1)
  89 S   0.79734 0.00472 0.19678 0.00116 ( 1)
  90 F   0.24785 0.55420 0.06117 0.13678 ( 2)
  91 S   0.73393 0.06813 0.18113 0.01681 ( 1)
  92 A   0.70847 0.09359 0.17485 0.02310 ( 1)
  93 S   0.76459 0.03747 0.18870 0.00925 ( 1)
  94 N   0.78452 0.01754 0.19361 0.00433 ( 1)
  95 Y   0.79832 0.00373 0.19702 0.00092 ( 1)
  96 L   0.78773 0.01433 0.19441 0.00354 ( 1)
  97 K   0.77626 0.02579 0.19158 0.00637 ( 1)
  98 K   0.43139 0.37067 0.10646 0.09148 ( 1)
  99 W   0.79239 0.00966 0.19556 0.00238 ( 1)
 100 I   0.76738 0.03468 0.18938 0.00856 ( 1)
 101 G   0.78794 0.01411 0.19446 0.00348 ( 1)
 102 H   0.80051 0.00155 0.19756 0.00038 ( 1)
 103 Q   0.77833 0.02372 0.19209 0.00585 ( 1)
 104 I   0.76093 0.04113 0.18779 0.01015 ( 1)
 105 S   0.01997 0.78209 0.00493 0.19302 ( 2)
 106 -   0.57364 0.22841 0.14157 0.05637 ( 1)
 107 -   0.57364 0.22841 0.14157 0.05637 ( 1)
 108 -   0.57364 0.22841 0.14157 0.05637 ( 1)
 109 -   0.57364 0.22841 0.14157 0.05637 ( 1)
 110 S   0.04287 0.75919 0.01058 0.18736 ( 2)
 111 Q   0.29769 0.50437 0.07347 0.12448 ( 2)
 112 P   0.04011 0.76195 0.00990 0.18805 ( 2)
 113 I   0.61750 0.18455 0.15240 0.04555 ( 1)
 114 G   0.00006 0.80200 0.00001 0.19793 ( 2)
 115 G   0.53524 0.26682 0.13209 0.06585 ( 1)
 116 S   0.00717 0.79489 0.00177 0.19617 ( 2)
 117 I   0.76451 0.03754 0.18868 0.00927 ( 1)
 118 Q   0.18093 0.62113 0.04465 0.15329 ( 2)
 119 -   0.76716 0.03490 0.18933 0.00861 ( 1)
 120 T   0.09451 0.70755 0.02332 0.17462 ( 2)
 121 Q   0.00203 0.80003 0.00050 0.19744 ( 2)
 122 T   0.00096 0.80109 0.00024 0.19771 ( 2)
 123 Y   0.79694 0.00511 0.19668 0.00126 ( 1)
 124 G   0.31177 0.49029 0.07694 0.12100 ( 2)
 125 T   0.35402 0.44803 0.08737 0.11057 ( 2)
 126 T   0.30701 0.49504 0.07577 0.12218 ( 2)
 127 S   0.07807 0.72399 0.01927 0.17868 ( 2)
 128 G   0.10638 0.69568 0.02625 0.17169 ( 2)
 129 S   0.00080 0.80126 0.00020 0.19775 ( 2)
 130 S   0.58175 0.22031 0.14357 0.05437 ( 1)
 131 V   0.58245 0.21961 0.14374 0.05420 ( 1)
 132 I   0.08455 0.71751 0.02087 0.17708 ( 2)
 133 A   0.01660 0.78546 0.00410 0.19385 ( 2)
 134 T   0.79173 0.01033 0.19539 0.00255 ( 1)
 135 Q   0.03216 0.76990 0.00794 0.19001 ( 2)
 136 Q   0.03889 0.76317 0.00960 0.18835 ( 2)
 137 I   0.47906 0.32300 0.11823 0.07971 ( 1)
 138 G   0.12107 0.68098 0.02988 0.16806 ( 2)
 139 F   0.79177 0.01028 0.19540 0.00254 ( 1)
 140 T   0.53877 0.26329 0.13296 0.06498 ( 1)
 141 G   0.79681 0.00524 0.19665 0.00129 ( 1)
 142 F   0.79999 0.00207 0.19743 0.00051 ( 1)
 143 D   0.79529 0.00676 0.19627 0.00167 ( 1)
 144 V   0.79740 0.00465 0.19679 0.00115 ( 1)
 145 Y   0.79899 0.00307 0.19719 0.00076 ( 1)
 146 K   0.76028 0.04178 0.18763 0.01031 ( 1)
 147 T   0.00349 0.79857 0.00086 0.19708 ( 2)
 148 L   0.58739 0.21466 0.14497 0.05298 ( 1)
 149 S   0.78028 0.02178 0.19257 0.00537 ( 1)
 150 T   0.18903 0.61303 0.04665 0.15129 ( 2)
 151 A   0.79510 0.00696 0.19623 0.00172 ( 1)
 152 G   0.79788 0.00417 0.19691 0.00103 ( 1)
 153 V   0.79489 0.00717 0.19617 0.00177 ( 1)
 154 L   0.78947 0.01259 0.19484 0.00311 ( 1)
 155 F   0.75477 0.04729 0.18627 0.01167 ( 1)
 156 A   0.79723 0.00483 0.19675 0.00119 ( 1)
 157 Y   0.36368 0.43838 0.08975 0.10819 ( 2)
 158 T   0.79462 0.00744 0.19611 0.00184 ( 1)
 159 S   0.73194 0.07011 0.18064 0.01730 ( 1)
 160 K   0.77626 0.02579 0.19158 0.00637 ( 1)
 161 Y   0.78474 0.01732 0.19367 0.00427 ( 1)
 162 Y   0.78468 0.01737 0.19365 0.00429 ( 1)
 163 G   0.79426 0.00780 0.19602 0.00192 ( 1)
 164 V   0.13271 0.66934 0.03275 0.16519 ( 2)
 165 S   0.77456 0.02750 0.19116 0.00679 ( 1)
 166 K   0.08202 0.72004 0.02024 0.17770 ( 2)
 167 V   0.79740 0.00465 0.19679 0.00115 ( 1)
 168 V   0.00116 0.80089 0.00029 0.19766 ( 2)
 169 F   0.79999 0.00207 0.19743 0.00051 ( 1)
 170 D   0.10589 0.69617 0.02613 0.17181 ( 2)
 171 A   0.44196 0.36009 0.10907 0.08887 ( 1)
 172 I   0.76093 0.04113 0.18779 0.01015 ( 1)
 173 Y   0.02097 0.78108 0.00518 0.19277 ( 2)
 174 P   0.78146 0.02060 0.19286 0.00508 ( 1)
 175 D   0.08251 0.71955 0.02036 0.17758 ( 2)
 176 N   0.52048 0.28157 0.12845 0.06949 ( 1)
 177 K   0.24607 0.55599 0.06073 0.13722 ( 2)
 178 Y   0.66035 0.14171 0.16297 0.03497 ( 1)
 179 K   0.73751 0.06455 0.18201 0.01593 ( 1)
 180 T   0.32629 0.47577 0.08053 0.11742 ( 2)
 181 T   0.48671 0.31534 0.12012 0.07783 ( 1)
 182 F   0.48182 0.32024 0.11891 0.07903 ( 1)
 183 -   0.10223 0.69983 0.02523 0.17272 ( 2)
 184 -   0.76231 0.03975 0.18813 0.00981 ( 1)
 185 T   0.04142 0.76064 0.01022 0.18772 ( 2)
 186 Y   0.78468 0.01737 0.19365 0.00429 ( 1)
 187 N   0.06878 0.73328 0.01697 0.18097 ( 2)
 188 P   0.05572 0.74634 0.01375 0.18419 ( 2)
 189 G   0.02905 0.77301 0.00717 0.19078 ( 2)
 190 S   0.77359 0.02847 0.19092 0.00703 ( 1)
 191 E   0.66746 0.13460 0.16472 0.03322 ( 1)
 192 G   0.78596 0.01609 0.19397 0.00397 ( 1)
 193 I   0.79815 0.00391 0.19698 0.00096 ( 1)
 194 A   0.73487 0.06718 0.18136 0.01658 ( 1)
 195 A   0.40567 0.39639 0.10012 0.09783 ( 1)
 196 Q   0.79921 0.00285 0.19724 0.00070 ( 1)
 197 E   0.65993 0.14213 0.16287 0.03508 ( 1)
 198 K   0.79686 0.00520 0.19666 0.00128 ( 1)
 199 D   0.75712 0.04493 0.18685 0.01109 ( 1)
 200 S   0.79197 0.01009 0.19545 0.00249 ( 1)
 201 E   0.38931 0.41274 0.09608 0.10186 ( 2)
 202 V   0.78254 0.01952 0.19313 0.00482 ( 1)
 203 E   0.79881 0.00325 0.19714 0.00080 ( 1)
 204 L   0.79344 0.00862 0.19582 0.00213 ( 1)
 205 P   0.79816 0.00389 0.19698 0.00096 ( 1)
 206 P   0.63388 0.16818 0.15644 0.04151 ( 1)
 207 E   0.76451 0.03754 0.18868 0.00927 ( 1)
 208 T   0.66368 0.13837 0.16379 0.03415 ( 1)
 209 L   0.57889 0.22317 0.14287 0.05508 ( 1)
 210 D   0.37536 0.42670 0.09264 0.10531 ( 2)
 211 Q   0.22606 0.57599 0.05579 0.14215 ( 2)
 212 P   0.24069 0.56137 0.05940 0.13854 ( 2)
 213 N   0.19019 0.61187 0.04694 0.15101 ( 2)
 214 Y   0.79899 0.00307 0.19719 0.00076 ( 1)
 215 E   0.02123 0.78083 0.00524 0.19270 ( 2)
 216 A   0.75094 0.05112 0.18533 0.01262 ( 1)
 217 Y   0.79899 0.00307 0.19719 0.00076 ( 1)
 218 S   0.79985 0.00221 0.19740 0.00055 ( 1)
 219 H   0.80051 0.00155 0.19756 0.00038 ( 1)
 220 R   0.79899 0.00307 0.19719 0.00076 ( 1)
 221 L   0.79289 0.00917 0.19568 0.00226 ( 1)
 222 N   0.79951 0.00255 0.19731 0.00063 ( 1)
 223 Y   0.78882 0.01324 0.19468 0.00327 ( 1)
 224 V   0.77900 0.02306 0.19225 0.00569 ( 1)
 225 T   0.70933 0.09272 0.17506 0.02288 ( 1)
 226 F   0.61843 0.18363 0.15262 0.04532 ( 1)
 227 -   0.76884 0.03322 0.18975 0.00820 ( 1)
 228 -   0.74638 0.05568 0.18420 0.01374 ( 1)
 229 -   0.74608 0.05598 0.18413 0.01382 ( 1)
 230 -   0.76891 0.03314 0.18977 0.00818 ( 1)
 231 I   0.75686 0.04520 0.18679 0.01115 ( 1)
 232 R   0.78233 0.01973 0.19307 0.00487 ( 1)
 233 N   0.73078 0.07127 0.18035 0.01759 ( 1)
 234 P   0.54068 0.26138 0.13344 0.06451 ( 1)
 235 D   0.78985 0.01221 0.19493 0.00301 ( 1)
 236 V   0.79558 0.00648 0.19634 0.00160 ( 1)
 237 P   0.79816 0.00389 0.19698 0.00096 ( 1)
 238 V   0.79558 0.00648 0.19634 0.00160 ( 1)
 239 F   0.79999 0.00207 0.19743 0.00051 ( 1)
 240 S   0.79775 0.00431 0.19688 0.00106 ( 1)
 241 W   0.79239 0.00966 0.19556 0.00238 ( 1)
 242 T   0.39792 0.40414 0.09820 0.09974 ( 2)
 243 H   0.80051 0.00155 0.19756 0.00038 ( 1)
 244 R   0.76486 0.03719 0.18877 0.00918 ( 1)
 245 S   0.80039 0.00166 0.19753 0.00041 ( 1)


lnL = -2167.915017

