Supplemental results for CODEML (seqf: algn  treef: tree)


dN/dS (w) for site classes (K=4)

site class             0        1       2a       2b
proportion       0.47103  0.52897  0.00000  0.00000
background w     0.13164  1.00000  0.13164  1.00000
foreground w     0.13164  1.00000  1.00000  1.00000

Naive Empirical Bayes (NEB) probabilities for 4 classes
(amino acids refer to 1st sequence: BT_Cry32Ha1)

   1 P   0.29557 0.70443 0.00000 0.00000 ( 2)
   2 T   0.39296 0.60703 0.00000 0.00000 ( 2)
   3 K   0.99610 0.00390 0.00000 0.00000 ( 1)
   4 S   0.89615 0.10385 0.00000 0.00000 ( 1)
   5 Q   0.98370 0.01630 0.00000 0.00000 ( 1)
   6 L   0.97149 0.02851 0.00000 0.00000 ( 1)
   7 T   0.99248 0.00752 0.00000 0.00000 ( 1)
   8 R   0.98266 0.01733 0.00000 0.00000 ( 1)
   9 I   0.68363 0.31637 0.00000 0.00000 ( 1)
  10 V   0.64972 0.35027 0.00000 0.00000 ( 1)
  11 Y   0.99794 0.00206 0.00000 0.00000 ( 1)
  12 T   0.98439 0.01561 0.00000 0.00000 ( 1)
  13 P   0.90751 0.09249 0.00000 0.00000 ( 1)
  14 R   0.87686 0.12313 0.00000 0.00000 ( 1)
  15 V   0.74402 0.25597 0.00000 0.00000 ( 1)
  16 G   0.99324 0.00676 0.00000 0.00000 ( 1)
  17 D   0.40790 0.59210 0.00000 0.00000 ( 2)
  18 T   0.99280 0.00720 0.00000 0.00000 ( 1)
  19 A   0.03129 0.96871 0.00000 0.00000 ( 2)
  20 R   0.01455 0.98545 0.00000 0.00000 ( 2)
  21 S   0.93193 0.06806 0.00000 0.00000 ( 1)
  22 N   0.39602 0.60398 0.00000 0.00000 ( 2)
  23 R   0.02053 0.97947 0.00000 0.00000 ( 2)
  24 P   0.15824 0.84175 0.00000 0.00000 ( 2)
  25 S   0.42493 0.57507 0.00000 0.00000 ( 2)
  26 A   0.25239 0.74761 0.00000 0.00000 ( 2)
  27 S   0.79608 0.20392 0.00000 0.00000 ( 1)
  28 I   0.49699 0.50300 0.00000 0.00000 ( 2)
  29 D   0.24184 0.75816 0.00000 0.00000 ( 2)
  30 A   0.03723 0.96277 0.00000 0.00000 ( 2)
  31 Q   0.64192 0.35808 0.00000 0.00000 ( 1)
  32 E   0.99747 0.00253 0.00000 0.00000 ( 1)
  33 N   0.35901 0.64099 0.00000 0.00000 ( 2)
  34 N   0.86816 0.13184 0.00000 0.00000 ( 1)
  35 I   0.99453 0.00547 0.00000 0.00000 ( 1)
  36 V   0.97735 0.02264 0.00000 0.00000 ( 1)
  37 S   0.05027 0.94973 0.00000 0.00000 ( 2)
  38 S   0.66562 0.33437 0.00000 0.00000 ( 1)
  39 P   0.88895 0.11105 0.00000 0.00000 ( 1)
  40 -   0.47582 0.52417 0.00000 0.00000 ( 2)
  41 -   0.47439 0.52561 0.00000 0.00000 ( 2)
  42 R   0.30301 0.69699 0.00000 0.00000 ( 2)
  43 L   0.99006 0.00994 0.00000 0.00000 ( 1)
  44 F   0.99843 0.00156 0.00000 0.00000 ( 1)
  45 A   0.18903 0.81097 0.00000 0.00000 ( 2)
  46 W   0.99345 0.00655 0.00000 0.00000 ( 1)
  47 L   0.98804 0.01196 0.00000 0.00000 ( 1)
  48 R   0.00070 0.99929 0.00000 0.00000 ( 2)
  49 M   0.00302 0.99697 0.00000 0.00000 ( 2)
  50 V   0.18486 0.81514 0.00000 0.00000 ( 2)
  51 D   0.05385 0.94614 0.00000 0.00000 ( 2)
  52 V   0.71130 0.28869 0.00000 0.00000 ( 1)
  53 S   0.00573 0.99427 0.00000 0.00000 ( 2)
  54 L   0.63624 0.36376 0.00000 0.00000 ( 1)
  55 Q   0.19226 0.80774 0.00000 0.00000 ( 2)
  56 K   0.09694 0.90306 0.00000 0.00000 ( 2)
  57 N   0.44379 0.55620 0.00000 0.00000 ( 2)
  58 G   0.00682 0.99317 0.00000 0.00000 ( 2)
  59 L   0.04207 0.95793 0.00000 0.00000 ( 2)
  60 S   0.28791 0.71209 0.00000 0.00000 ( 2)
  61 N   0.66178 0.33822 0.00000 0.00000 ( 1)
  62 E   0.11948 0.88052 0.00000 0.00000 ( 2)
  63 I   0.39483 0.60516 0.00000 0.00000 ( 2)
  64 A   0.03454 0.96545 0.00000 0.00000 ( 2)
  65 S   0.05873 0.94127 0.00000 0.00000 ( 2)
  66 Y   0.74335 0.25665 0.00000 0.00000 ( 1)
  67 -   0.93352 0.06648 0.00000 0.00000 ( 1)
  68 -   0.02172 0.97827 0.00000 0.00000 ( 2)
  69 -   0.85568 0.14431 0.00000 0.00000 ( 1)
  70 -   0.21575 0.78425 0.00000 0.00000 ( 2)
  71 -   0.67891 0.32109 0.00000 0.00000 ( 1)
  72 -   0.10137 0.89863 0.00000 0.00000 ( 2)
  73 -   0.14759 0.85240 0.00000 0.00000 ( 2)
  74 -   0.88522 0.11477 0.00000 0.00000 ( 1)
  75 -   0.83053 0.16947 0.00000 0.00000 ( 1)
  76 K   0.90032 0.09967 0.00000 0.00000 ( 1)
  77 Q   0.01303 0.98696 0.00000 0.00000 ( 2)
  78 T   0.85504 0.14496 0.00000 0.00000 ( 1)
  79 F   0.77345 0.22654 0.00000 0.00000 ( 1)
  80 H   0.58674 0.41325 0.00000 0.00000 ( 1)
  81 N   0.91448 0.08551 0.00000 0.00000 ( 1)
  82 T   0.99152 0.00847 0.00000 0.00000 ( 1)
  83 L   0.04940 0.95060 0.00000 0.00000 ( 2)
  84 H   0.00582 0.99418 0.00000 0.00000 ( 2)
  85 T   0.00682 0.99317 0.00000 0.00000 ( 2)
  86 N   0.00003 0.99996 0.00000 0.00000 ( 2)
  87 L   0.09787 0.90213 0.00000 0.00000 ( 2)
  88 W   0.54804 0.45196 0.00000 0.00000 ( 1)
  89 S   0.69337 0.30663 0.00000 0.00000 ( 1)
  90 I   0.90728 0.09272 0.00000 0.00000 ( 1)
  91 T   0.59735 0.40265 0.00000 0.00000 ( 1)
  92 K   0.27460 0.72540 0.00000 0.00000 ( 2)
  93 G   0.99671 0.00329 0.00000 0.00000 ( 1)
  94 T   0.00242 0.99758 0.00000 0.00000 ( 2)
  95 P   0.00565 0.99435 0.00000 0.00000 ( 2)
  96 T   0.06467 0.93533 0.00000 0.00000 ( 2)
  97 N   0.01215 0.98785 0.00000 0.00000 ( 2)
  98 D   0.04402 0.95597 0.00000 0.00000 ( 2)
  99 V   0.83683 0.16317 0.00000 0.00000 ( 1)
 100 R   0.41833 0.58166 0.00000 0.00000 ( 2)
 101 -   0.47103 0.52897 0.00000 0.00000 ( 2)
 102 N   0.79914 0.20085 0.00000 0.00000 ( 1)
 103 M   0.12818 0.87182 0.00000 0.00000 ( 2)
 104 F   0.27922 0.72078 0.00000 0.00000 ( 2)
 105 T   0.73338 0.26662 0.00000 0.00000 ( 1)
 106 T   0.19528 0.80472 0.00000 0.00000 ( 2)
 107 P   0.69669 0.30330 0.00000 0.00000 ( 1)
 108 Y   0.21067 0.78933 0.00000 0.00000 ( 2)
 109 -   0.47103 0.52897 0.00000 0.00000 ( 2)
 110 F   0.01342 0.98658 0.00000 0.00000 ( 2)
 111 P   0.26143 0.73857 0.00000 0.00000 ( 2)
 112 Y   0.04262 0.95738 0.00000 0.00000 ( 2)
 113 D   0.80311 0.19689 0.00000 0.00000 ( 1)
 114 D   0.80311 0.19689 0.00000 0.00000 ( 1)
 115 I   0.22793 0.77206 0.00000 0.00000 ( 2)
 116 W   0.61532 0.38468 0.00000 0.00000 ( 1)
 117 K   0.75567 0.24432 0.00000 0.00000 ( 1)
 118 I   0.77267 0.22733 0.00000 0.00000 ( 1)
 119 K   0.75567 0.24432 0.00000 0.00000 ( 1)
 120 N   0.79914 0.20085 0.00000 0.00000 ( 1)
 121 E   0.02946 0.97054 0.00000 0.00000 ( 2)
 122 F   0.77335 0.22665 0.00000 0.00000 ( 1)
 123 F   0.00981 0.99018 0.00000 0.00000 ( 2)
 124 D   0.72888 0.27112 0.00000 0.00000 ( 1)
 125 -   0.47103 0.52897 0.00000 0.00000 ( 2)
 126 -   0.47103 0.52897 0.00000 0.00000 ( 2)
 127 Y   0.00400 0.99599 0.00000 0.00000 ( 2)
 128 D   0.00257 0.99743 0.00000 0.00000 ( 2)
 129 S   0.00142 0.99858 0.00000 0.00000 ( 2)
 130 P   0.83878 0.16122 0.00000 0.00000 ( 1)
 131 -   0.47103 0.52897 0.00000 0.00000 ( 2)
 132 -   0.47103 0.52897 0.00000 0.00000 ( 2)
 133 F   0.00292 0.99708 0.00000 0.00000 ( 2)
 134 D   0.09104 0.90895 0.00000 0.00000 ( 2)
 135 D   0.94736 0.05264 0.00000 0.00000 ( 1)
 136 L   0.00262 0.99738 0.00000 0.00000 ( 2)
 137 A   0.06038 0.93962 0.00000 0.00000 ( 2)
 138 V   0.40150 0.59850 0.00000 0.00000 ( 2)
 139 D   0.03502 0.96498 0.00000 0.00000 ( 2)
 140 N   0.00298 0.99702 0.00000 0.00000 ( 2)
 141 W   0.96785 0.03215 0.00000 0.00000 ( 1)
 142 T   0.63406 0.36594 0.00000 0.00000 ( 1)
 143 F   0.26086 0.73914 0.00000 0.00000 ( 2)
 144 S   0.74059 0.25941 0.00000 0.00000 ( 1)
 145 F   0.68092 0.31908 0.00000 0.00000 ( 1)
 146 R   0.21426 0.78574 0.00000 0.00000 ( 2)
 147 Y   0.03220 0.96779 0.00000 0.00000 ( 2)
 148 S   0.64330 0.35669 0.00000 0.00000 ( 1)
 149 D   0.00446 0.99553 0.00000 0.00000 ( 2)
 150 D   0.80311 0.19689 0.00000 0.00000 ( 1)
 151 Q   0.70830 0.29170 0.00000 0.00000 ( 1)
 152 Y   0.03761 0.96239 0.00000 0.00000 ( 2)
 153 F   0.84083 0.15917 0.00000 0.00000 ( 1)
 154 E   0.00018 0.99982 0.00000 0.00000 ( 2)
 155 L   0.04323 0.95676 0.00000 0.00000 ( 2)
 156 S   0.02099 0.97901 0.00000 0.00000 ( 2)
 157 T   0.74989 0.25010 0.00000 0.00000 ( 1)
 158 Y   0.04535 0.95465 0.00000 0.00000 ( 2)
 159 D   0.32903 0.67097 0.00000 0.00000 ( 2)
 160 K   0.03715 0.96285 0.00000 0.00000 ( 2)
 161 S   0.99020 0.00980 0.00000 0.00000 ( 1)
 162 V   0.57884 0.42115 0.00000 0.00000 ( 1)
 163 T   0.92752 0.07248 0.00000 0.00000 ( 1)
 164 R   0.99085 0.00915 0.00000 0.00000 ( 1)
 165 F   0.07325 0.92674 0.00000 0.00000 ( 2)
 166 Y   0.08127 0.91873 0.00000 0.00000 ( 2)
 167 G   0.14619 0.85380 0.00000 0.00000 ( 2)
 168 L   0.96910 0.03090 0.00000 0.00000 ( 1)
 169 P   0.02810 0.97190 0.00000 0.00000 ( 2)
 170 C   0.02941 0.97059 0.00000 0.00000 ( 2)
 171 R   0.59297 0.40703 0.00000 0.00000 ( 1)
 172 A   0.10512 0.89488 0.00000 0.00000 ( 2)
 173 K   0.56030 0.43970 0.00000 0.00000 ( 1)
 174 -   0.47103 0.52897 0.00000 0.00000 ( 2)
 175 -   0.47103 0.52897 0.00000 0.00000 ( 2)
 176 -   0.47103 0.52897 0.00000 0.00000 ( 2)
 177 -   0.47103 0.52897 0.00000 0.00000 ( 2)
 178 -   0.37882 0.62118 0.00000 0.00000 ( 2)
 179 N   0.03707 0.96293 0.00000 0.00000 ( 2)
 180 S   0.00751 0.99249 0.00000 0.00000 ( 2)
 181 G   0.01319 0.98681 0.00000 0.00000 ( 2)
 182 I   0.82822 0.17178 0.00000 0.00000 ( 1)
 183 C   0.07358 0.92642 0.00000 0.00000 ( 2)
 184 D   0.97346 0.02654 0.00000 0.00000 ( 1)
 185 P   0.51252 0.48747 0.00000 0.00000 ( 1)
 186 C   0.53319 0.46681 0.00000 0.00000 ( 1)
 187 D   0.88510 0.11490 0.00000 0.00000 ( 1)
 188 S   0.02483 0.97516 0.00000 0.00000 ( 2)
 189 Q   0.56971 0.43028 0.00000 0.00000 ( 1)
 190 N   0.97700 0.02300 0.00000 0.00000 ( 1)
 191 P   0.22475 0.77525 0.00000 0.00000 ( 2)
 192 C   0.99391 0.00608 0.00000 0.00000 ( 1)
 193 R   0.07935 0.92065 0.00000 0.00000 ( 2)
 194 K   0.09412 0.90588 0.00000 0.00000 ( 2)
 195 E   0.00991 0.99008 0.00000 0.00000 ( 2)
 196 L   0.19117 0.80883 0.00000 0.00000 ( 2)
 197 P   0.25355 0.74644 0.00000 0.00000 ( 2)
 198 N   0.00430 0.99569 0.00000 0.00000 ( 2)
 199 T   0.00329 0.99671 0.00000 0.00000 ( 2)
 200 T   0.01495 0.98505 0.00000 0.00000 ( 2)
 201 -   0.47678 0.52321 0.00000 0.00000 ( 2)
 202 -   0.48021 0.51979 0.00000 0.00000 ( 2)
 203 -   0.62081 0.37919 0.00000 0.00000 ( 1)
 204 -   0.92419 0.07580 0.00000 0.00000 ( 1)
 205 -   0.00582 0.99418 0.00000 0.00000 ( 2)
 206 M   0.44806 0.55194 0.00000 0.00000 ( 2)
 207 P   0.00676 0.99323 0.00000 0.00000 ( 2)
 208 C   0.03964 0.96036 0.00000 0.00000 ( 2)
 209 E   0.85538 0.14462 0.00000 0.00000 ( 1)
 210 D   0.32364 0.67635 0.00000 0.00000 ( 2)
 211 K   0.22626 0.77374 0.00000 0.00000 ( 2)
 212 R   0.00096 0.99904 0.00000 0.00000 ( 2)
 213 L   0.97285 0.02715 0.00000 0.00000 ( 1)
 214 Y   0.01164 0.98835 0.00000 0.00000 ( 2)
 215 S   0.79206 0.20793 0.00000 0.00000 ( 1)
 216 H   0.99889 0.00111 0.00000 0.00000 ( 1)
 217 R   0.98266 0.01733 0.00000 0.00000 ( 1)
 218 L   0.95771 0.04228 0.00000 0.00000 ( 1)
 219 A   0.89275 0.10725 0.00000 0.00000 ( 1)
 220 Y   0.85757 0.14243 0.00000 0.00000 ( 1)
 221 M   0.22150 0.77849 0.00000 0.00000 ( 2)
 222 G   0.32800 0.67200 0.00000 0.00000 ( 2)
 223 A   0.49079 0.50921 0.00000 0.00000 ( 2)
 224 G   0.97748 0.02252 0.00000 0.00000 ( 1)
 225 E   0.88421 0.11579 0.00000 0.00000 ( 1)
 226 N   0.07202 0.92798 0.00000 0.00000 ( 2)
 227 V   0.11484 0.88516 0.00000 0.00000 ( 2)
 228 Y   0.09245 0.90755 0.00000 0.00000 ( 2)
 229 -   0.96725 0.03275 0.00000 0.00000 ( 1)
 230 -   0.05181 0.94818 0.00000 0.00000 ( 2)
 231 -   0.94600 0.05400 0.00000 0.00000 ( 1)
 232 -   0.93854 0.06145 0.00000 0.00000 ( 1)
 233 -   0.64730 0.35270 0.00000 0.00000 ( 1)
 234 -   0.21733 0.78267 0.00000 0.00000 ( 2)
 235 -   0.67413 0.32587 0.00000 0.00000 ( 1)
 236 P   0.01039 0.98961 0.00000 0.00000 ( 2)
 237 P   0.92553 0.07447 0.00000 0.00000 ( 1)
 238 P   0.82730 0.17270 0.00000 0.00000 ( 1)
 239 S   0.02735 0.97264 0.00000 0.00000 ( 2)
 240 L   0.99006 0.00994 0.00000 0.00000 ( 1)
 241 T   0.53143 0.46856 0.00000 0.00000 ( 1)
 242 Y   0.93840 0.06160 0.00000 0.00000 ( 1)
 243 S   0.11551 0.88449 0.00000 0.00000 ( 2)
 244 A   0.01604 0.98396 0.00000 0.00000 ( 2)
 245 Y   0.83732 0.16268 0.00000 0.00000 ( 1)
 246 G   0.99252 0.00747 0.00000 0.00000 ( 1)
 247 W   0.99345 0.00655 0.00000 0.00000 ( 1)
 248 T   0.99282 0.00718 0.00000 0.00000 ( 1)
 249 H   0.99686 0.00314 0.00000 0.00000 ( 1)
 250 V   0.09872 0.90128 0.00000 0.00000 ( 2)
 251 S   0.99888 0.00112 0.00000 0.00000 ( 1)


lnL = -3377.334726

Bayes Empirical Bayes (BEB) probabilities for 4 classes (class)
(amino acids refer to 1st sequence: BT_Cry32Ha1)

   1 P   0.19603 0.38086 0.14474 0.27838 ( 2)
   2 T   0.27059 0.30629 0.19972 0.22339 ( 2)
   3 K   0.57424 0.00264 0.42121 0.00190 ( 1)
   4 S   0.52075 0.05614 0.38260 0.04051 ( 1)
   5 Q   0.56752 0.00937 0.41637 0.00674 ( 1)
   6 L   0.55991 0.01698 0.41089 0.01223 ( 1)
   7 T   0.57202 0.00487 0.41961 0.00350 ( 1)
   8 R   0.56641 0.01047 0.41558 0.00754 ( 1)
   9 I   0.42747 0.14942 0.31479 0.10832 ( 1)
  10 V   0.39637 0.18052 0.29207 0.13104 ( 1)
  11 Y   0.57549 0.00140 0.42210 0.00101 ( 1)
  12 T   0.56700 0.00989 0.41599 0.00712 ( 1)
  13 P   0.53028 0.04661 0.38949 0.03362 ( 1)
  14 R   0.51396 0.06293 0.37768 0.04543 ( 1)
  15 V   0.45079 0.12610 0.33180 0.09131 ( 1)
  16 G   0.57256 0.00433 0.41999 0.00312 ( 1)
  17 D   0.27932 0.29757 0.20615 0.21696 ( 2)
  18 T   0.57217 0.00471 0.41972 0.00339 ( 1)
  19 A   0.02870 0.54819 0.02117 0.40194 ( 2)
  20 R   0.01290 0.56398 0.00952 0.41360 ( 2)
  21 S   0.54263 0.03426 0.39842 0.02469 ( 1)
  22 N   0.26675 0.31014 0.19689 0.22622 ( 2)
  23 R   0.02040 0.55648 0.01505 0.40807 ( 2)
  24 P   0.12263 0.45426 0.09053 0.33258 ( 2)
  25 S   0.28684 0.29004 0.21169 0.21143 ( 2)
  26 A   0.18740 0.38949 0.13837 0.28474 ( 2)
  27 S   0.47383 0.10306 0.34857 0.07455 ( 1)
  28 I   0.30932 0.26757 0.22822 0.19489 ( 1)
  29 D   0.16954 0.40735 0.12518 0.29793 ( 2)
  30 A   0.03129 0.54560 0.02308 0.40004 ( 2)
  31 Q   0.38962 0.18727 0.28713 0.13598 ( 1)
  32 E   0.57520 0.00169 0.42190 0.00122 ( 1)
  33 N   0.24352 0.33337 0.17977 0.24334 ( 2)
  34 N   0.50998 0.06690 0.37481 0.04831 ( 1)
  35 I   0.57366 0.00323 0.42079 0.00232 ( 1)
  36 V   0.56371 0.01318 0.41362 0.00949 ( 1)
  37 S   0.04162 0.53527 0.03071 0.39241 ( 2)
  38 S   0.39965 0.17724 0.29447 0.12864 ( 1)
  39 P   0.51647 0.06041 0.37951 0.04361 ( 1)
  40 -   0.28804 0.28885 0.21257 0.21054 ( 2)
  41 -   0.28723 0.28965 0.21197 0.21114 ( 2)
  42 R   0.21628 0.36060 0.15969 0.26343 ( 2)
  43 L   0.57080 0.00609 0.41873 0.00438 ( 1)
  44 F   0.57582 0.00107 0.42234 0.00077 ( 1)
  45 A   0.13851 0.43838 0.10226 0.32085 ( 2)
  46 W   0.57295 0.00393 0.42028 0.00283 ( 1)
  47 L   0.56956 0.00733 0.41784 0.00528 ( 1)
  48 R   0.00081 0.57607 0.00060 0.42251 ( 2)
  49 M   0.00312 0.57377 0.00230 0.42081 ( 2)
  50 V   0.14287 0.43402 0.10548 0.31763 ( 2)
  51 D   0.04957 0.52732 0.03658 0.38654 ( 2)
  52 V   0.43450 0.14239 0.31992 0.10319 ( 1)
  53 S   0.00602 0.57087 0.00444 0.41867 ( 2)
  54 L   0.38405 0.19284 0.28306 0.14006 ( 1)
  55 Q   0.13925 0.43763 0.10281 0.32030 ( 2)
  56 K   0.07337 0.50352 0.05414 0.36897 ( 2)
  57 N   0.29596 0.28092 0.21840 0.20472 ( 1)
  58 G   0.00709 0.56980 0.00523 0.41788 ( 2)
  59 L   0.03567 0.54121 0.02632 0.39680 ( 2)
  60 S   0.19148 0.38541 0.14138 0.28174 ( 2)
  61 N   0.40427 0.17261 0.29786 0.12526 ( 1)
  62 E   0.09736 0.47953 0.07186 0.35125 ( 2)
  63 I   0.25688 0.32001 0.18961 0.23350 ( 2)
  64 A   0.03230 0.54459 0.02383 0.39929 ( 2)
  65 S   0.05289 0.52399 0.03903 0.38409 ( 2)
  66 Y   0.44579 0.13110 0.32816 0.09496 ( 1)
  67 -   0.53820 0.03869 0.39522 0.02789 ( 1)
  68 -   0.01916 0.55772 0.01413 0.40898 ( 2)
  69 -   0.49595 0.08093 0.36463 0.05848 ( 1)
  70 -   0.15324 0.42365 0.11314 0.30997 ( 2)
  71 -   0.40862 0.16827 0.30103 0.12208 ( 1)
  72 -   0.07750 0.49938 0.05720 0.36591 ( 2)
  73 -   0.10934 0.46754 0.08072 0.34240 ( 2)
  74 -   0.51215 0.06474 0.37637 0.04674 ( 1)
  75 -   0.48282 0.09407 0.35510 0.06801 ( 1)
  76 K   0.52560 0.05129 0.38611 0.03700 ( 1)
  77 Q   0.01142 0.56547 0.00842 0.41469 ( 2)
  78 T   0.49803 0.07886 0.36614 0.05697 ( 1)
  79 F   0.46222 0.11467 0.34012 0.08299 ( 1)
  80 H   0.36784 0.20905 0.27118 0.15193 ( 1)
  81 N   0.53088 0.04601 0.38993 0.03318 ( 1)
  82 T   0.57135 0.00554 0.41912 0.00399 ( 1)
  83 L   0.03886 0.53803 0.02867 0.39444 ( 2)
  84 H   0.00598 0.57090 0.00441 0.41870 ( 2)
  85 T   0.00654 0.57035 0.00482 0.41829 ( 2)
  86 N   0.00005 0.57684 0.00003 0.42308 ( 2)
  87 L   0.07675 0.50014 0.05664 0.36647 ( 2)
  88 W   0.35244 0.22444 0.25990 0.16322 ( 1)
  89 S   0.41666 0.16022 0.30691 0.11621 ( 1)
  90 I   0.53069 0.04620 0.38979 0.03332 ( 1)
  91 T   0.37549 0.20140 0.27679 0.14633 ( 1)
  92 K   0.19726 0.37963 0.14564 0.27747 ( 2)
  93 G   0.57474 0.00215 0.42157 0.00154 ( 1)
  94 T   0.00258 0.57431 0.00190 0.42121 ( 2)
  95 P   0.00555 0.57134 0.00409 0.41902 ( 2)
  96 T   0.05329 0.52360 0.03932 0.38379 ( 2)
  97 N   0.01110 0.56579 0.00819 0.41492 ( 2)
  98 D   0.03974 0.53715 0.02931 0.39380 ( 2)
  99 V   0.49394 0.08294 0.36318 0.05994 ( 1)
 100 R   0.27698 0.29991 0.20442 0.21869 ( 2)
 101 -   0.28534 0.29154 0.21058 0.21253 ( 2)
 102 N   0.46507 0.11182 0.34220 0.08092 ( 1)
 103 M   0.09029 0.48659 0.06665 0.35647 ( 2)
 104 F   0.18549 0.39140 0.13696 0.28616 ( 2)
 105 T   0.42971 0.14718 0.31643 0.10668 ( 1)
 106 T   0.13306 0.44383 0.09824 0.32488 ( 2)
 107 P   0.41000 0.16689 0.30204 0.12108 ( 1)
 108 Y   0.14288 0.43401 0.10549 0.31763 ( 2)
 109 -   0.28534 0.29154 0.21058 0.21253 ( 2)
 110 F   0.01132 0.56556 0.00835 0.41477 ( 2)
 111 P   0.17463 0.40226 0.12894 0.29418 ( 2)
 112 Y   0.03402 0.54286 0.02510 0.39802 ( 2)
 113 D   0.46748 0.10940 0.34395 0.07916 ( 1)
 114 D   0.46748 0.10940 0.34395 0.07916 ( 1)
 115 I   0.15381 0.42307 0.11357 0.30955 ( 2)
 116 W   0.36556 0.21133 0.26951 0.15360 ( 1)
 117 K   0.44175 0.13514 0.32522 0.09790 ( 1)
 118 I   0.45102 0.12586 0.33197 0.09114 ( 1)
 119 K   0.44175 0.13514 0.32522 0.09790 ( 1)
 120 N   0.46507 0.11182 0.34220 0.08092 ( 1)
 121 E   0.02387 0.55302 0.01760 0.40551 ( 2)
 122 F   0.45162 0.12527 0.33241 0.09071 ( 1)
 123 F   0.00833 0.56855 0.00615 0.41697 ( 2)
 124 D   0.42716 0.14972 0.31458 0.10854 ( 1)
 125 -   0.28534 0.29154 0.21058 0.21253 ( 2)
 126 -   0.28534 0.29154 0.21058 0.21253 ( 2)
 127 Y   0.00447 0.57242 0.00330 0.41981 ( 2)
 128 D   0.00270 0.57419 0.00199 0.42112 ( 2)
 129 S   0.00163 0.57525 0.00120 0.42191 ( 2)
 130 P   0.49096 0.08593 0.36101 0.06210 ( 1)
 131 -   0.28534 0.29154 0.21058 0.21253 ( 2)
 132 -   0.28534 0.29154 0.21058 0.21253 ( 2)
 133 F   0.00314 0.57375 0.00231 0.42080 ( 2)
 134 D   0.07751 0.49938 0.05721 0.36591 ( 2)
 135 D   0.54907 0.02782 0.40307 0.02004 ( 1)
 136 L   0.00269 0.57420 0.00198 0.42113 ( 2)
 137 A   0.05355 0.52334 0.03951 0.38360 ( 2)
 138 V   0.27734 0.29955 0.20469 0.21842 ( 2)
 139 D   0.02781 0.54908 0.02051 0.40260 ( 2)
 140 N   0.00295 0.57394 0.00217 0.42094 ( 2)
 141 W   0.55823 0.01866 0.40968 0.01344 ( 1)
 142 T   0.37575 0.20113 0.27699 0.14613 ( 1)
 143 F   0.17418 0.40270 0.12861 0.29451 ( 2)
 144 S   0.43378 0.14311 0.31940 0.10371 ( 1)
 145 F   0.40120 0.17568 0.29561 0.12750 ( 1)
 146 R   0.14544 0.43144 0.10738 0.31573 ( 2)
 147 Y   0.02598 0.55091 0.01916 0.40396 ( 2)
 148 S   0.38079 0.19609 0.28068 0.14244 ( 1)
 149 D   0.00415 0.57273 0.00306 0.42005 ( 2)
 150 D   0.46748 0.10940 0.34395 0.07916 ( 1)
 151 Q   0.41632 0.16056 0.30666 0.11646 ( 1)
 152 Y   0.03017 0.54671 0.02226 0.40086 ( 2)
 153 F   0.49085 0.08604 0.36093 0.06218 ( 1)
 154 E   0.00021 0.57667 0.00016 0.42295 ( 2)
 155 L   0.03802 0.53887 0.02805 0.39506 ( 2)
 156 S   0.02009 0.55679 0.01482 0.40830 ( 2)
 157 T   0.44063 0.13626 0.32440 0.09872 ( 1)
 158 Y   0.04049 0.53640 0.02987 0.39324 ( 2)
 159 D   0.23563 0.34126 0.17395 0.24916 ( 2)
 160 K   0.03428 0.54261 0.02529 0.39783 ( 2)
 161 S   0.57113 0.00576 0.41897 0.00414 ( 1)
 162 V   0.36635 0.21053 0.27009 0.15302 ( 1)
 163 T   0.53613 0.04076 0.39372 0.02939 ( 1)
 164 R   0.57105 0.00584 0.41891 0.00420 ( 1)
 165 F   0.06082 0.51606 0.04488 0.37823 ( 2)
 166 Y   0.06608 0.51081 0.04876 0.37435 ( 2)
 167 G   0.11502 0.46187 0.08491 0.33820 ( 2)
 168 L   0.55995 0.01694 0.41091 0.01220 ( 1)
 169 P   0.02685 0.55003 0.01981 0.40331 ( 2)
 170 C   0.02758 0.54908 0.02052 0.40282 ( 2)
 171 R   0.38188 0.19501 0.28146 0.14165 ( 1)
 172 A   0.08413 0.49276 0.06209 0.36102 ( 2)
 173 K   0.35816 0.21872 0.26409 0.15902 ( 1)
 174 -   0.28534 0.29154 0.21058 0.21253 ( 2)
 175 -   0.28534 0.29154 0.21058 0.21253 ( 2)
 176 -   0.28534 0.29154 0.21058 0.21253 ( 2)
 177 -   0.28534 0.29154 0.21058 0.21253 ( 2)
 178 -   0.24299 0.33389 0.17938 0.24373 ( 2)
 179 N   0.03574 0.54115 0.02637 0.39675 ( 2)
 180 S   0.00726 0.56963 0.00535 0.41776 ( 2)
 181 G   0.01362 0.56327 0.01004 0.41307 ( 2)
 182 I   0.48786 0.08903 0.35875 0.06435 ( 1)
 183 C   0.06070 0.51618 0.04479 0.37832 ( 2)
 184 D   0.56194 0.01495 0.41235 0.01077 ( 1)
 185 P   0.32585 0.25104 0.24037 0.18274 ( 1)
 186 C   0.35117 0.22572 0.25896 0.16415 ( 1)
 187 D   0.51709 0.05980 0.37995 0.04316 ( 1)
 188 S   0.02347 0.55341 0.01731 0.40580 ( 2)
 189 Q   0.35238 0.22450 0.25985 0.16326 ( 1)
 190 N   0.56263 0.01426 0.41284 0.01027 ( 1)
 191 P   0.15786 0.41903 0.11655 0.30656 ( 2)
 192 C   0.57328 0.00361 0.42051 0.00260 ( 1)
 193 R   0.06613 0.51076 0.04880 0.37431 ( 2)
 194 K   0.08027 0.49655 0.05927 0.36391 ( 2)
 195 E   0.00948 0.56741 0.00699 0.41613 ( 2)
 196 L   0.14593 0.43096 0.10774 0.31537 ( 2)
 197 P   0.17739 0.39949 0.13098 0.29213 ( 2)
 198 N   0.00464 0.57225 0.00342 0.41970 ( 2)
 199 T   0.00357 0.57332 0.00264 0.42048 ( 2)
 200 T   0.01513 0.56176 0.01116 0.41196 ( 2)
 201 -   0.28858 0.28831 0.21297 0.21015 ( 1)
 202 -   0.29051 0.28638 0.21438 0.20873 ( 1)
 203 -   0.37588 0.20101 0.27707 0.14604 ( 1)
 204 -   0.53359 0.04330 0.39189 0.03122 ( 1)
 205 -   0.00544 0.57144 0.00401 0.41910 ( 2)
 206 M   0.29616 0.28073 0.21854 0.20457 ( 1)
 207 P   0.00710 0.56979 0.00524 0.41787 ( 2)
 208 C   0.03615 0.54073 0.02667 0.39644 ( 2)
 209 E   0.50451 0.07238 0.37084 0.05227 ( 1)
 210 D   0.22189 0.35500 0.16382 0.25929 ( 2)
 211 K   0.16915 0.40773 0.12490 0.29822 ( 2)
 212 R   0.00106 0.57583 0.00078 0.42233 ( 2)
 213 L   0.56133 0.01556 0.41191 0.01120 ( 1)
 214 Y   0.01194 0.56494 0.00881 0.41430 ( 2)
 215 S   0.47592 0.10097 0.35008 0.07303 ( 1)
 216 H   0.57610 0.00079 0.42254 0.00057 ( 1)
 217 R   0.56641 0.01047 0.41558 0.00754 ( 1)
 218 L   0.55141 0.02548 0.40476 0.01836 ( 1)
 219 A   0.51846 0.05843 0.38094 0.04217 ( 1)
 220 Y   0.50626 0.07062 0.37211 0.05100 ( 1)
 221 M   0.16068 0.41620 0.11864 0.30447 ( 2)
 222 G   0.23388 0.34301 0.17266 0.25045 ( 2)
 223 A   0.32695 0.24993 0.24118 0.18193 ( 1)
 224 G   0.56423 0.01266 0.41400 0.00911 ( 1)
 225 E   0.52041 0.05648 0.38236 0.04076 ( 1)
 226 N   0.06339 0.51350 0.04678 0.37634 ( 2)
 227 V   0.09492 0.48196 0.07007 0.35305 ( 2)
 228 Y   0.07642 0.50047 0.05640 0.36671 ( 2)
 229 -   0.55773 0.01916 0.40931 0.01380 ( 1)
 230 -   0.04099 0.53589 0.03024 0.39287 ( 2)
 231 -   0.54574 0.03115 0.40067 0.02245 ( 1)
 232 -   0.54163 0.03526 0.39770 0.02541 ( 1)
 233 -   0.39229 0.18459 0.28909 0.13402 ( 1)
 234 -   0.15573 0.42115 0.11498 0.30813 ( 2)
 235 -   0.41339 0.16350 0.30452 0.11860 ( 1)
 236 P   0.01008 0.56680 0.00744 0.41568 ( 2)
 237 P   0.53897 0.03791 0.39578 0.02733 ( 1)
 238 P   0.49054 0.08635 0.36070 0.06241 ( 1)
 239 S   0.02577 0.55112 0.01901 0.40410 ( 2)
 240 L   0.57080 0.00609 0.41873 0.00438 ( 1)
 241 T   0.33597 0.24092 0.24780 0.17531 ( 1)
 242 Y   0.54567 0.03122 0.40061 0.02250 ( 1)
 243 S   0.09168 0.48520 0.06767 0.35544 ( 2)
 244 A   0.01447 0.56242 0.01067 0.41244 ( 2)
 245 Y   0.49410 0.08279 0.36328 0.05983 ( 1)
 246 G   0.57216 0.00473 0.41970 0.00341 ( 1)
 247 W   0.57295 0.00393 0.42028 0.00283 ( 1)
 248 T   0.57219 0.00470 0.41973 0.00338 ( 1)
 249 H   0.57479 0.00210 0.42160 0.00151 ( 1)
 250 V   0.08244 0.49445 0.06085 0.36226 ( 2)
 251 S   0.57609 0.00080 0.42253 0.00058 ( 1)

