Supplemental results for CODEML (seqf: algn  treef: tree)


dN/dS (w) for site classes (K=4)

site class             0        1       2a       2b
proportion       0.38075  0.51217  0.04566  0.06142
background w     0.09325  0.93638  0.09325  0.93638
foreground w     0.09325  0.93638 999.00000 999.00000

Naive Empirical Bayes (NEB) probabilities for 4 classes
(amino acids refer to 1st sequence: BT_Cry7Cb1)

   1 E   0.94834 0.04508 0.00598 0.00060 ( 1)
   2 T   0.97443 0.01956 0.00580 0.00021 ( 1)
   3 V   0.01380 0.98436 0.00002 0.00182 ( 2)
   4 T   0.77268 0.22036 0.00460 0.00236 ( 1)
   5 E   0.89312 0.10469 0.00191 0.00028 ( 1)
   6 L   0.96515 0.03245 0.00230 0.00011 ( 1)
   7 T   0.97443 0.01956 0.00580 0.00021 ( 1)
   8 R   0.98997 0.00711 0.00289 0.00003 ( 1)
   9 Q   0.94711 0.04920 0.00341 0.00028 ( 1)
  10 I   0.89493 0.09895 0.00498 0.00114 ( 1)
  11 F   0.26843 0.70053 0.02250 0.00855 ( 2)
  12 T   0.97774 0.01504 0.00700 0.00023 ( 1)
  13 D   0.97538 0.02099 0.00351 0.00012 ( 1)
  14 P   0.98564 0.01205 0.00227 0.00004 ( 1)
  15 I   0.58956 0.40531 0.00275 0.00238 ( 1)
  16 G   0.95406 0.04080 0.00474 0.00039 ( 1)
  17 L   0.39324 0.49156 0.08311 0.03210 ( 2)
  18 R   0.10575 0.78717 0.01268 0.09440 ( 2)
  19 G   0.60808 0.28484 0.07292 0.03416 ( 1)
  20 I   0.71264 0.18028 0.08546 0.02162 ( 1)
  21 N   0.72684 0.16608 0.08716 0.01992 ( 1)
  22 E   0.54873 0.34419 0.06580 0.04128 ( 1)
  23 S   0.10299 0.78993 0.01235 0.09473 ( 2)
  24 K   0.67613 0.21679 0.08108 0.02600 ( 1)
  25 Y   0.65152 0.24140 0.07813 0.02895 ( 1)
  26 P   0.98443 0.01154 0.00396 0.00008 ( 1)
  27 D   0.94916 0.04748 0.00313 0.00023 ( 1)
  28 W   0.96803 0.03130 0.00065 0.00002 ( 1)
  29 Y   0.61234 0.33343 0.02489 0.02934 ( 1)
  30 G   0.06724 0.90839 0.00262 0.02175 ( 2)
  31 A   0.00151 0.40347 0.01217 0.58286 ( 4)
  32 A   0.02051 0.94713 0.00558 0.02678 ( 2)
  33 S   0.69829 0.28306 0.01366 0.00499 ( 1)
  34 -   0.87824 0.11479 0.00544 0.00153 ( 1)
  35 -   0.72393 0.27218 0.00247 0.00142 ( 1)
  36 D   0.00012 0.70501 0.00204 0.29283 ( 2)
  37 S   0.01365 0.98509 0.00002 0.00124 ( 2)
  38 F   0.97242 0.02620 0.00134 0.00004 ( 1)
  39 S   0.01002 0.98731 0.00002 0.00264 ( 2)
  40 L   0.45857 0.53900 0.00098 0.00145 ( 2)
  41 I   0.98408 0.01146 0.00436 0.00010 ( 1)
  42 E   0.99003 0.00644 0.00349 0.00004 ( 1)
  43 N   0.91480 0.07342 0.00930 0.00248 ( 1)
  44 R   0.00315 0.97928 0.00007 0.01750 ( 2)
  45 A   0.80263 0.19474 0.00195 0.00068 ( 1)
  46 V   0.14326 0.77919 0.00484 0.07270 ( 2)
  47 P   0.21275 0.78128 0.00380 0.00217 ( 2)
  48 Q   0.00907 0.98016 0.00009 0.01068 ( 2)
  49 P   0.90206 0.09442 0.00288 0.00063 ( 1)
  50 S   0.00010 0.98723 0.00000 0.01267 ( 2)
  51 L   0.02105 0.80001 0.07759 0.10135 ( 2)
  52 F   0.76961 0.16068 0.06415 0.00556 ( 1)
  53 Q   0.62024 0.37407 0.00287 0.00283 ( 1)
  54 W   0.02151 0.86947 0.02274 0.08627 ( 2)
  55 L   0.92583 0.07307 0.00101 0.00008 ( 1)
  56 T   0.00089 0.22282 0.04702 0.72927 ( 4)
  57 E   0.01268 0.94743 0.00051 0.03938 ( 2)
  58 F   0.72242 0.27492 0.00170 0.00096 ( 1)
  59 K   0.00028 0.36858 0.00708 0.62406 ( 4)
  60 V   0.00089 0.02706 0.92228 0.04977 ( 3)
  61 Y   0.00015 0.98457 0.00001 0.01528 ( 2)
  62 T   0.01371 0.74356 0.01366 0.22907 ( 2)
  63 K   0.14709 0.84644 0.00045 0.00602 ( 2)
  64 Y   0.00005 0.98657 0.00000 0.01338 ( 2)
  65 V   0.69257 0.29495 0.00630 0.00618 ( 1)
  66 E   0.00023 0.99580 0.00000 0.00397 ( 2)
  67 P   0.11968 0.87448 0.00068 0.00516 ( 2)
  68 N   0.01562 0.93633 0.00150 0.04655 ( 2)
  69 D   0.05490 0.93918 0.00032 0.00560 ( 2)
  70 K   0.00836 0.99005 0.00002 0.00158 ( 2)
  71 L   0.00003 0.74799 0.00014 0.25185 ( 2)
  72 T   0.01038 0.78042 0.00133 0.20787 ( 2)
  73 I   0.76702 0.12590 0.09198 0.01510 ( 1)
  74 L   0.04193 0.85100 0.00503 0.10205 ( 2)
  75 A   0.00600 0.97683 0.00005 0.01712 ( 2)
  76 G   0.02175 0.94963 0.00614 0.02249 ( 2)
  77 H   0.00566 0.96264 0.00020 0.03150 ( 2)
  78 S   0.31009 0.43419 0.24003 0.01569 ( 2)
  79 V   0.41817 0.56082 0.00461 0.01639 ( 2)
  80 T   0.05402 0.94141 0.00016 0.00441 ( 2)
  81 T   0.97663 0.01438 0.00876 0.00023 ( 1)
  82 Q   0.00027 0.23974 0.00043 0.75956 ( 4)
  83 Y   0.10462 0.88819 0.00053 0.00665 ( 2)
  84 T   0.10119 0.85234 0.00199 0.04448 ( 2)
  85 S   0.00053 0.88252 0.00042 0.11653 ( 2)
  86 Y   0.00158 0.97445 0.00010 0.02387 ( 2)
  87 Y   0.05162 0.93558 0.00033 0.01248 ( 2)
  88 K   0.00048 0.92851 0.00085 0.07016 ( 2)
  89 K   0.00185 0.72927 0.01162 0.25727 ( 2)
  90 -   0.00078 0.08388 0.39091 0.52443 ( 4)
  91 -   0.03609 0.93555 0.00067 0.02769 ( 2)
  92 -   0.03908 0.91763 0.00789 0.03540 ( 2)
  93 -   0.00107 0.38150 0.01866 0.59877 ( 4)
  94 -   0.00109 0.93367 0.00061 0.06463 ( 2)
  95 -   0.00196 0.12402 0.64139 0.23262 ( 3)
  96 -   0.04397 0.92870 0.00082 0.02651 ( 2)
  97 -   0.20968 0.77539 0.00199 0.01294 ( 2)
  98 -   0.55595 0.44335 0.00038 0.00033 ( 1)
  99 -   0.71137 0.28636 0.00151 0.00077 ( 1)
 100 -   0.63861 0.31342 0.03119 0.01678 ( 1)
 101 -   0.22561 0.76424 0.00148 0.00867 ( 2)
 102 -   0.82432 0.17254 0.00236 0.00077 ( 1)
 103 -   0.19396 0.58851 0.16970 0.04783 ( 2)
 104 -   0.82432 0.17254 0.00236 0.00077 ( 1)
 105 -   0.00120 0.56665 0.00758 0.42457 ( 2)
 106 -   0.03418 0.93929 0.00061 0.02592 ( 2)
 107 -   0.20763 0.78565 0.00119 0.00553 ( 2)
 108 -   0.00211 0.86797 0.00173 0.12819 ( 2)
 109 -   0.24726 0.73724 0.00257 0.01293 ( 2)
 110 -   0.00002 0.17770 0.00824 0.81404 ( 4)
 111 -   0.67830 0.31612 0.00335 0.00223 ( 1)
 112 -   0.06895 0.80127 0.06864 0.06114 ( 2)
 113 -   0.00087 0.43785 0.00899 0.55229 ( 4)
 114 -   0.22252 0.67675 0.07816 0.02257 ( 2)
 115 -   0.14322 0.59197 0.17988 0.08494 ( 2)
 116 -   0.05305 0.92427 0.00089 0.02179 ( 2)
 117 -   0.00005 0.00479 0.77189 0.22327 ( 3)
 118 S   0.05137 0.90031 0.01072 0.03761 ( 2)
 119 T   0.93402 0.06167 0.00386 0.00045 ( 1)
 120 F   0.93698 0.05893 0.00351 0.00057 ( 1)
 121 T   0.48984 0.49670 0.00362 0.00984 ( 2)
 122 Y   0.10083 0.89550 0.00033 0.00335 ( 2)
 123 G   0.48955 0.49408 0.00810 0.00827 ( 2)
 124 D   0.08386 0.91130 0.00031 0.00454 ( 2)
 125 T   0.03653 0.95492 0.00016 0.00839 ( 2)
 126 S   0.78870 0.20753 0.00269 0.00109 ( 1)
 127 S   0.00364 0.65554 0.00665 0.33417 ( 2)
 128 A   0.06425 0.93449 0.00007 0.00119 ( 2)
 129 N   0.37147 0.62357 0.00137 0.00360 ( 2)
 130 S   0.05001 0.85797 0.03304 0.05898 ( 2)
 131 S   0.02922 0.96341 0.00013 0.00724 ( 2)
 132 R   0.00441 0.98887 0.00002 0.00670 ( 2)
 133 T   0.15533 0.84045 0.00075 0.00347 ( 2)
 134 F   0.23323 0.74701 0.00466 0.01511 ( 2)
 135 D   0.27657 0.63245 0.06136 0.02962 ( 2)
 136 L   0.01729 0.90367 0.00106 0.07798 ( 2)
 137 L   0.96790 0.02752 0.00442 0.00016 ( 1)
 138 A   0.79803 0.19806 0.00275 0.00115 ( 1)
 139 K   0.83997 0.14219 0.01555 0.00229 ( 1)
 140 D   0.05206 0.94307 0.00017 0.00470 ( 2)
 141 V   0.12564 0.87176 0.00027 0.00233 ( 2)
 142 Y   0.20403 0.79211 0.00060 0.00325 ( 2)
 143 Q   0.00549 0.93056 0.00041 0.06354 ( 2)
 144 V   0.00047 0.92411 0.00009 0.07533 ( 2)
 145 D   0.75041 0.24557 0.00259 0.00143 ( 1)
 146 S   0.00821 0.98926 0.00002 0.00251 ( 2)
 147 V   0.00012 0.76042 0.00092 0.23854 ( 2)
 148 A   0.90530 0.06655 0.02558 0.00257 ( 1)
 149 A   0.00000 0.03970 0.01613 0.94416 ( 4)
 150 A   0.04966 0.91244 0.00091 0.03699 ( 2)
 151 S   0.00554 0.92012 0.00025 0.07408 ( 2)
 152 K   0.90673 0.09100 0.00200 0.00027 ( 1)
 153 S   0.09134 0.90149 0.00044 0.00673 ( 2)
 154 A   0.22409 0.58013 0.11823 0.07755 ( 2)
 155 T   0.70133 0.25960 0.02006 0.01900 ( 1)
 156 W   0.00502 0.49995 0.04744 0.44759 ( 2)
 157 Y   0.65152 0.24140 0.07813 0.02895 ( 1)
 158 L   0.00859 0.88433 0.00103 0.10605 ( 2)
 159 A   0.55113 0.34179 0.06609 0.04099 ( 1)
 160 V   0.64420 0.24872 0.07725 0.02983 ( 1)
 161 P   0.65996 0.23296 0.07914 0.02794 ( 1)
 162 E   0.00030 0.89263 0.00004 0.10704 ( 2)
 163 M   0.00036 0.85933 0.00049 0.13983 ( 2)
 164 R   0.00906 0.89617 0.01982 0.07495 ( 2)
 165 L   0.00328 0.83548 0.00588 0.15536 ( 2)
 166 Y   0.23255 0.20489 0.43222 0.13034 ( 3)
 167 S   0.00730 0.96662 0.00014 0.02594 ( 2)
 168 I   0.05990 0.92828 0.00118 0.01065 ( 2)
 169 N   0.22617 0.76254 0.00280 0.00849 ( 2)
 170 T   0.00368 0.97097 0.00009 0.02526 ( 2)
 171 N   0.00500 0.90899 0.00013 0.08588 ( 2)
 172 N   0.00079 0.01794 0.88639 0.09489 ( 3)
 173 I   0.00001 0.62786 0.00016 0.37197 ( 2)
 174 L   0.14999 0.78201 0.04238 0.02562 ( 2)
 175 S   0.31294 0.61422 0.01615 0.05669 ( 2)
 176 E   0.84226 0.14916 0.00634 0.00224 ( 1)
 177 D   0.19862 0.69430 0.02382 0.08326 ( 2)
 178 Y   0.01325 0.87967 0.00159 0.10549 ( 2)
 179 F   0.64384 0.24908 0.07721 0.02987 ( 1)
 180 S   0.38436 0.60260 0.00210 0.01093 ( 2)
 181 L   0.10671 0.87638 0.00134 0.01557 ( 2)
 182 S   0.00034 0.93915 0.00003 0.06048 ( 2)
 183 T   0.60591 0.38847 0.00271 0.00292 ( 1)
 184 N   0.63185 0.35719 0.00499 0.00596 ( 1)
 185 I   0.98408 0.01146 0.00436 0.00010 ( 1)
 186 P   0.92881 0.01364 0.05656 0.00099 ( 1)
 187 S   0.56382 0.43361 0.00127 0.00131 ( 1)
 188 S   0.15568 0.77249 0.03649 0.03534 ( 2)
 189 K   0.00832 0.08866 0.83228 0.07074 ( 3)
 190 M   0.00027 0.99476 0.00000 0.00497 ( 2)
 191 R   0.07929 0.87002 0.01449 0.03620 ( 2)
 192 R   0.01085 0.96770 0.00019 0.02126 ( 2)
 193 M   0.04927 0.94081 0.00045 0.00946 ( 2)
 194 Y   0.60791 0.36343 0.01450 0.01415 ( 1)
 195 S   0.15202 0.38826 0.42439 0.03533 ( 3)
 196 S   0.72277 0.27314 0.00273 0.00136 ( 1)
 197 E   0.94421 0.05128 0.00407 0.00044 ( 1)
 198 E   0.13171 0.76121 0.01579 0.09128 ( 2)
 199 L   0.56994 0.32298 0.06835 0.03873 ( 1)
 200 P   0.47020 0.42272 0.05639 0.05069 ( 1)
 201 I   0.68688 0.20605 0.08237 0.02471 ( 1)
 202 G   0.17659 0.71633 0.02118 0.08590 ( 2)
 203 I   0.02160 0.87132 0.00259 0.10449 ( 2)
 204 S   0.08328 0.80964 0.00999 0.09709 ( 2)
 205 D   0.67071 0.22221 0.08043 0.02665 ( 1)
 206 T   0.00175 0.89117 0.00021 0.10687 ( 2)
 207 P   0.65996 0.23296 0.07914 0.02794 ( 1)
 208 I   0.71264 0.18028 0.08546 0.02162 ( 1)
 209 Y   0.65152 0.24140 0.07813 0.02895 ( 1)
 210 G   0.60808 0.28484 0.07292 0.03416 ( 1)
 211 D   0.71733 0.17559 0.08602 0.02106 ( 1)
 212 L   0.41072 0.48220 0.04925 0.05783 ( 2)
 213 E   0.52521 0.36771 0.06298 0.04410 ( 1)
 214 E   0.66036 0.23256 0.07919 0.02789 ( 1)
 215 Y   0.98908 0.00702 0.00386 0.00004 ( 1)
 216 S   0.35834 0.63856 0.00106 0.00205 ( 2)
 217 H   0.99340 0.00402 0.00256 0.00002 ( 1)
 218 R   0.98342 0.01364 0.00287 0.00006 ( 1)
 219 L   0.96939 0.02847 0.00207 0.00007 ( 1)
 220 S   0.85750 0.13758 0.00388 0.00103 ( 1)
 221 F   0.25722 0.74113 0.00040 0.00125 ( 2)
 222 I   0.79888 0.19587 0.00362 0.00163 ( 1)
 223 S   0.37552 0.59922 0.00538 0.01989 ( 2)
 224 E   0.48086 0.51477 0.00180 0.00257 ( 2)
 225 I   0.96207 0.02711 0.01025 0.00057 ( 1)
 226 M   0.13282 0.86240 0.00049 0.00429 ( 2)
 227 H   0.00334 0.98345 0.00002 0.01319 ( 2)
 228 N   0.00348 0.98874 0.00002 0.00777 ( 2)
 229 S   0.59832 0.39917 0.00142 0.00110 ( 1)
 230 G   0.00008 0.20156 0.02021 0.77815 ( 4)
 231 S   0.00169 0.06738 0.84213 0.08880 ( 3)
 232 V   0.38075 0.51217 0.04566 0.06142 ( 2)
 233 T   0.38075 0.51217 0.04566 0.06142 ( 2)
 234 G   0.38075 0.51217 0.04566 0.06142 ( 2)
 235 S   0.38075 0.51217 0.04566 0.06142 ( 2)
 236 N   0.38075 0.51217 0.04566 0.06142 ( 2)
 237 N   0.70960 0.28538 0.00299 0.00203 ( 1)
 238 I   0.75989 0.23469 0.00341 0.00202 ( 1)
 239 K   0.91632 0.08059 0.00271 0.00038 ( 1)
 240 G   0.56453 0.43287 0.00141 0.00119 ( 1)
 241 I   0.69864 0.29309 0.00435 0.00392 ( 1)
 242 I   0.98619 0.00817 0.00554 0.00010 ( 1)
 243 P   0.17014 0.82651 0.00051 0.00285 ( 2)
 244 V   0.92249 0.07322 0.00380 0.00050 ( 1)
 245 L   0.72801 0.26735 0.00296 0.00168 ( 1)
 246 G   0.98403 0.01383 0.00210 0.00004 ( 1)
 247 W   0.96803 0.03130 0.00065 0.00002 ( 1)
 248 T   0.89489 0.03661 0.06468 0.00382 ( 1)
 249 H   0.99340 0.00402 0.00256 0.00002 ( 1)
 250 T   0.00439 0.91510 0.00144 0.07907 ( 2)
 251 S   0.90584 0.07258 0.01314 0.00844 ( 1)


lnL = -3452.085716

