Supplemental results for CODEML (seqf: algn  treef: tree)


dN/dS (w) for site classes (K=4)

site class             0        1       2a       2b
proportion       0.81177  0.16340  0.02067  0.00416
background w     0.11713  1.00000  0.11713  1.00000
foreground w     0.11713  1.00000  3.15509  3.15509

Naive Empirical Bayes (NEB) probabilities for 4 classes
(amino acids refer to 1st sequence: BT_Cry9Ca1)

   1 S   0.94469 0.05188 0.00293 0.00050 ( 1)
   2 N   0.99615 0.00252 0.00133 0.00001 ( 1)
   3 P   0.99542 0.00278 0.00179 0.00001 ( 1)
   4 Q   0.97372 0.01793 0.00814 0.00021 ( 1)
   5 L   0.99674 0.00152 0.00173 0.00001 ( 1)
   6 T   0.99139 0.00497 0.00361 0.00004 ( 1)
   7 R   0.99650 0.00160 0.00189 0.00001 ( 1)
   8 E   0.97446 0.02292 0.00249 0.00013 ( 1)
   9 V   0.93569 0.05299 0.01070 0.00061 ( 1)
  10 Y   0.99694 0.00140 0.00165 0.00001 ( 1)
  11 T   0.99199 0.00506 0.00292 0.00003 ( 1)
  12 D   0.99834 0.00070 0.00096 0.00000 ( 1)
  13 P   0.98445 0.01135 0.00411 0.00009 ( 1)
  14 I   0.94278 0.02564 0.03137 0.00021 ( 1)
  15 V   0.99320 0.00371 0.00307 0.00002 ( 1)
  16 F   0.98742 0.01118 0.00136 0.00004 ( 1)
  17 N   0.99814 0.00086 0.00100 0.00000 ( 1)
  18 P   0.99126 0.00506 0.00365 0.00004 ( 1)
  19 P   0.94823 0.04788 0.00353 0.00036 ( 1)
  20 A   0.99003 0.00304 0.00690 0.00003 ( 1)
  21 N   0.99814 0.00086 0.00100 0.00000 ( 1)
  22 V   0.25328 0.72109 0.00663 0.01900 ( 2)
  23 G   0.99098 0.00511 0.00387 0.00004 ( 1)
  24 L   0.93093 0.06704 0.00169 0.00034 ( 1)
  25 C   0.99017 0.00753 0.00226 0.00004 ( 1)
  26 R   0.98849 0.00830 0.00314 0.00006 ( 1)
  27 R   0.99650 0.00160 0.00189 0.00001 ( 1)
  28 W   0.96230 0.02740 0.00994 0.00037 ( 1)
  29 G   0.84885 0.05838 0.09138 0.00139 ( 1)
  30 T   0.98375 0.01506 0.00109 0.00010 ( 1)
  31 N   0.99426 0.00263 0.00308 0.00002 ( 1)
  32 P   0.99216 0.00583 0.00198 0.00003 ( 1)
  33 Y   0.99694 0.00140 0.00165 0.00001 ( 1)
  34 N   0.33135 0.11903 0.54643 0.00320 ( 3)
  35 T   0.99295 0.00411 0.00291 0.00003 ( 1)
  36 F   0.99775 0.00091 0.00134 0.00000 ( 1)
  37 S   0.97940 0.01131 0.00914 0.00015 ( 1)
  38 E   0.85164 0.02871 0.11885 0.00080 ( 1)
  39 L   0.99543 0.00266 0.00190 0.00001 ( 1)
  40 E   0.99101 0.00329 0.00567 0.00003 ( 1)
  41 N   0.99814 0.00086 0.00100 0.00000 ( 1)
  42 A   0.91359 0.03970 0.04611 0.00060 ( 1)
  43 F   0.98490 0.00759 0.00744 0.00008 ( 1)
  44 I   0.99769 0.00113 0.00117 0.00000 ( 1)
  45 R   0.96032 0.02906 0.01022 0.00040 ( 1)
  46 P   0.98792 0.00994 0.00209 0.00005 ( 1)
  47 P   0.98915 0.00586 0.00493 0.00005 ( 1)
  48 H   0.99781 0.00094 0.00125 0.00000 ( 1)
  49 L   0.98505 0.01315 0.00174 0.00006 ( 1)
  50 F   0.99775 0.00091 0.00134 0.00000 ( 1)
  51 D   0.98676 0.01224 0.00095 0.00004 ( 1)
  52 R   0.98969 0.00707 0.00319 0.00005 ( 1)
  53 L   0.96326 0.02684 0.00955 0.00035 ( 1)
  54 N   0.99797 0.00103 0.00100 0.00000 ( 1)
  55 S   0.96143 0.03274 0.00553 0.00030 ( 1)
  56 L   0.98354 0.01054 0.00582 0.00010 ( 1)
  57 T   0.99343 0.00363 0.00292 0.00002 ( 1)
  58 I   0.99662 0.00202 0.00135 0.00001 ( 1)
  59 S   0.25344 0.72242 0.01271 0.01142 ( 2)
  60 S   0.82026 0.16284 0.01508 0.00182 ( 1)
  61 N   0.93645 0.02305 0.04027 0.00024 ( 1)
  62 R   0.97595 0.01607 0.00780 0.00018 ( 1)
  63 F   0.98742 0.01118 0.00136 0.00004 ( 1)
  64 -   0.84089 0.13428 0.02141 0.00342 ( 1)
  65 -   0.85166 0.12351 0.02168 0.00314 ( 1)
  66 P   0.43709 0.55175 0.00398 0.00719 ( 2)
  67 V   0.85242 0.14094 0.00553 0.00112 ( 1)
  68 S   0.12312 0.86729 0.00084 0.00875 ( 2)
  69 S   0.67108 0.32245 0.00350 0.00297 ( 1)
  70 N   0.98828 0.01056 0.00111 0.00005 ( 1)
  71 F   0.98032 0.01828 0.00133 0.00007 ( 1)
  72 M   0.54573 0.45031 0.00156 0.00241 ( 1)
  73 D   0.98469 0.01428 0.00098 0.00006 ( 1)
  74 Y   0.87703 0.12088 0.00148 0.00061 ( 1)
  75 W   0.96230 0.02740 0.00994 0.00037 ( 1)
  76 S   0.82471 0.07102 0.10276 0.00151 ( 1)
  77 G   0.99202 0.00407 0.00388 0.00003 ( 1)
  78 H   0.99781 0.00094 0.00125 0.00000 ( 1)
  79 T   0.97896 0.01194 0.00896 0.00015 ( 1)
  80 L   0.98354 0.01054 0.00582 0.00010 ( 1)
  81 R   0.78421 0.20460 0.00835 0.00283 ( 1)
  82 R   0.97333 0.02465 0.00190 0.00011 ( 1)
  83 S   0.78726 0.21115 0.00080 0.00078 ( 1)
  84 Y   0.80145 0.19627 0.00134 0.00094 ( 1)
  85 L   0.08756 0.89537 0.00457 0.01250 ( 2)
  86 N   0.99219 0.00407 0.00371 0.00003 ( 1)
  87 D   0.82132 0.17654 0.00106 0.00108 ( 1)
  88 S   0.77965 0.20799 0.00924 0.00312 ( 1)
  89 A   0.95942 0.03738 0.00296 0.00024 ( 1)
  90 V   0.83218 0.16406 0.00271 0.00105 ( 1)
  91 Q   0.81809 0.17746 0.00319 0.00126 ( 1)
  92 E   0.99586 0.00195 0.00218 0.00001 ( 1)
  93 D   0.95787 0.04097 0.00100 0.00016 ( 1)
  94 S   0.99848 0.00062 0.00090 0.00000 ( 1)
  95 Y   0.99583 0.00251 0.00166 0.00001 ( 1)
  96 G   0.98031 0.01040 0.00916 0.00013 ( 1)
  97 L   0.01843 0.81192 0.11485 0.05481 ( 2)
  98 I   0.91980 0.01378 0.06611 0.00030 ( 1)
  99 T   0.99544 0.00301 0.00153 0.00002 ( 1)
 100 T   0.04368 0.82699 0.06060 0.06873 ( 2)
 101 T   0.11717 0.87508 0.00060 0.00715 ( 2)
 102 R   0.96084 0.03565 0.00326 0.00025 ( 1)
 103 A   0.01758 0.95740 0.00220 0.02282 ( 2)
 104 T   0.74871 0.24711 0.00243 0.00175 ( 1)
 105 I   0.98262 0.01607 0.00124 0.00007 ( 1)
 106 N   0.99814 0.00086 0.00100 0.00000 ( 1)
 107 P   0.06706 0.87479 0.01916 0.03900 ( 2)
 108 G   0.20800 0.78487 0.00090 0.00623 ( 2)
 109 V   0.71659 0.28029 0.00184 0.00128 ( 1)
 110 D   0.98396 0.01454 0.00141 0.00009 ( 1)
 111 G   0.99098 0.00511 0.00387 0.00004 ( 1)
 112 T   0.96766 0.02914 0.00300 0.00020 ( 1)
 113 N   0.00425 0.98655 0.00002 0.00918 ( 2)
 114 R   0.04842 0.89207 0.01654 0.04298 ( 2)
 115 I   0.95328 0.04424 0.00220 0.00028 ( 1)
 116 E   0.95685 0.03705 0.00576 0.00035 ( 1)
 117 S   0.98497 0.00961 0.00533 0.00009 ( 1)
 118 T   0.85434 0.13602 0.00791 0.00173 ( 1)
 119 A   0.99321 0.00383 0.00294 0.00002 ( 1)
 120 V   0.76008 0.23593 0.00247 0.00152 ( 1)
 121 D   0.99507 0.00391 0.00100 0.00001 ( 1)
 122 F   0.99775 0.00091 0.00134 0.00000 ( 1)
 123 R   0.97565 0.02137 0.00285 0.00013 ( 1)
 124 S   0.03337 0.96012 0.00026 0.00625 ( 2)
 125 A   0.16907 0.80685 0.01085 0.01322 ( 2)
 126 L   0.28247 0.70198 0.00383 0.01171 ( 2)
 127 I   0.10682 0.82221 0.03026 0.04070 ( 2)
 128 G   0.94338 0.05498 0.00142 0.00022 ( 1)
 129 I   0.60616 0.33733 0.04945 0.00705 ( 1)
 130 Y   0.99619 0.00212 0.00168 0.00001 ( 1)
 131 G   0.97152 0.01915 0.00908 0.00024 ( 1)
 132 V   0.92677 0.06326 0.00914 0.00083 ( 1)
 133 N   0.84167 0.11762 0.03943 0.00129 ( 1)
 134 R   0.34093 0.65473 0.00082 0.00353 ( 2)
 135 A   0.75590 0.24183 0.00113 0.00114 ( 1)
 136 S   0.73732 0.25289 0.00637 0.00342 ( 1)
 137 F   0.98741 0.01119 0.00136 0.00004 ( 1)
 138 V   0.51757 0.47458 0.00319 0.00467 ( 1)
 139 P   0.98711 0.00758 0.00524 0.00007 ( 1)
 140 G   0.75018 0.24458 0.00311 0.00213 ( 1)
 141 G   0.98361 0.00717 0.00913 0.00009 ( 1)
 142 L   0.33612 0.65158 0.00472 0.00758 ( 2)
 143 F   0.91502 0.08335 0.00130 0.00033 ( 1)
 144 N   0.99503 0.00389 0.00106 0.00002 ( 1)
 145 G   0.96446 0.03399 0.00141 0.00014 ( 1)
 146 T   0.88875 0.10305 0.00698 0.00122 ( 1)
 147 T   0.93872 0.03306 0.02795 0.00027 ( 1)
 148 S   0.00777 0.98651 0.00001 0.00571 ( 2)
 149 P   0.97462 0.02360 0.00167 0.00011 ( 1)
 150 A   0.81802 0.17998 0.00111 0.00088 ( 1)
 151 N   0.98837 0.01058 0.00100 0.00005 ( 1)
 152 G   0.55243 0.43603 0.00542 0.00612 ( 1)
 153 G   0.94550 0.04518 0.00874 0.00058 ( 1)
 154 C   0.99695 0.00128 0.00176 0.00001 ( 1)
 155 R   0.92678 0.07063 0.00220 0.00038 ( 1)
 156 D   0.60482 0.38279 0.00955 0.00285 ( 1)
 157 L   0.19261 0.79191 0.00256 0.01292 ( 2)
 158 Y   0.78866 0.20422 0.00549 0.00162 ( 1)
 159 D   0.95787 0.04097 0.00100 0.00016 ( 1)
 160 T   0.94287 0.05392 0.00280 0.00040 ( 1)
 161 N   0.34136 0.61607 0.03229 0.01028 ( 2)
 162 D   0.98619 0.01104 0.00269 0.00008 ( 1)
 163 E   0.87955 0.01871 0.10123 0.00050 ( 1)
 164 L   0.98207 0.01201 0.00582 0.00011 ( 1)
 165 P   0.99126 0.00506 0.00365 0.00004 ( 1)
 166 P   0.75737 0.19904 0.03733 0.00626 ( 1)
 167 D   0.71003 0.28473 0.00282 0.00243 ( 1)
 168 E   0.93061 0.06691 0.00213 0.00035 ( 1)
 169 S   0.97944 0.01404 0.00642 0.00010 ( 1)
 170 T   0.72218 0.26694 0.00701 0.00387 ( 1)
 171 G   0.96274 0.03324 0.00378 0.00024 ( 1)
 172 S   0.71039 0.28249 0.00403 0.00309 ( 1)
 173 S   0.37291 0.60870 0.01186 0.00653 ( 2)
 174 T   0.01143 0.96484 0.00029 0.02344 ( 2)
 175 H   0.98964 0.00904 0.00128 0.00004 ( 1)
 176 R   0.77682 0.22005 0.00190 0.00123 ( 1)
 177 L   0.98298 0.01100 0.00592 0.00011 ( 1)
 178 S   0.99673 0.00162 0.00164 0.00001 ( 1)
 179 H   0.99781 0.00094 0.00125 0.00000 ( 1)
 180 V   0.99752 0.00115 0.00132 0.00000 ( 1)
 181 T   0.99289 0.00532 0.00176 0.00003 ( 1)
 182 F   0.99486 0.00243 0.00269 0.00002 ( 1)
 183 F   0.91339 0.08035 0.00549 0.00077 ( 1)
 184 S   0.09874 0.46670 0.38481 0.04975 ( 2)
 185 F   0.99486 0.00243 0.00269 0.00002 ( 1)
 186 Q   0.00476 0.94684 0.00217 0.04623 ( 2)
 187 T   0.99527 0.00225 0.00246 0.00002 ( 1)
 188 N   0.89195 0.07761 0.02936 0.00109 ( 1)
 189 Q   0.97372 0.01793 0.00814 0.00021 ( 1)
 190 A   0.98589 0.01269 0.00136 0.00006 ( 1)
 191 G   0.97941 0.01139 0.00906 0.00015 ( 1)
 192 S   0.96819 0.02993 0.00174 0.00014 ( 1)
 193 I   0.72810 0.18008 0.08606 0.00575 ( 1)
 194 A   0.21192 0.07740 0.70404 0.00664 ( 3)
 195 N   0.99054 0.00839 0.00104 0.00004 ( 1)
 196 A   0.01950 0.80377 0.08270 0.09403 ( 2)
 197 G   0.97574 0.01725 0.00681 0.00020 ( 1)
 198 S   0.00428 0.90451 0.01239 0.07882 ( 2)
 199 V   0.99242 0.00448 0.00307 0.00003 ( 1)
 200 P   0.99572 0.00262 0.00165 0.00001 ( 1)
 201 T   0.14568 0.16842 0.67753 0.00837 ( 3)
 202 Y   0.99694 0.00140 0.00165 0.00001 ( 1)
 203 V   0.99528 0.00335 0.00136 0.00001 ( 1)
 204 W   0.96230 0.02740 0.00994 0.00037 ( 1)
 205 T   0.84370 0.08499 0.06995 0.00136 ( 1)
 206 R   0.98495 0.01309 0.00189 0.00006 ( 1)
 207 R   0.38289 0.60184 0.00573 0.00954 ( 2)
 208 D   0.99834 0.00070 0.00096 0.00000 ( 1)


lnL = -2392.227353

Bayes Empirical Bayes (BEB) probabilities for 4 classes (class)
(amino acids refer to 1st sequence: BT_Cry9Ca1)

   1 S   0.95563 0.03970 0.00418 0.00048 ( 1)
   2 N   0.99510 0.00260 0.00228 0.00002 ( 1)
   3 P   0.99435 0.00276 0.00287 0.00002 ( 1)
   4 Q   0.97445 0.01599 0.00934 0.00022 ( 1)
   5 L   0.99565 0.00155 0.00279 0.00001 ( 1)
   6 T   0.99011 0.00488 0.00496 0.00005 ( 1)
   7 R   0.99540 0.00162 0.00297 0.00001 ( 1)
   8 E   0.97842 0.01780 0.00362 0.00015 ( 1)
   9 V   0.94703 0.03989 0.01252 0.00055 ( 1)
  10 Y   0.99586 0.00145 0.00268 0.00001 ( 1)
  11 T   0.99088 0.00494 0.00414 0.00005 ( 1)
  12 D   0.99740 0.00077 0.00183 0.00000 ( 1)
  13 P   0.98407 0.01050 0.00533 0.00010 ( 1)
  14 I   0.95029 0.02023 0.02926 0.00022 ( 1)
  15 V   0.99214 0.00361 0.00422 0.00003 ( 1)
  16 F   0.98866 0.00891 0.00237 0.00006 ( 1)
  17 N   0.99719 0.00096 0.00184 0.00001 ( 1)
  18 P   0.99025 0.00485 0.00486 0.00005 ( 1)
  19 P   0.95887 0.03603 0.00475 0.00035 ( 1)
  20 A   0.98859 0.00307 0.00830 0.00004 ( 1)
  21 N   0.99719 0.00096 0.00184 0.00001 ( 1)
  22 V   0.38646 0.57789 0.01451 0.02114 ( 2)
  23 G   0.99009 0.00486 0.00501 0.00005 ( 1)
  24 L   0.94532 0.05156 0.00273 0.00039 ( 1)
  25 C   0.98949 0.00708 0.00337 0.00006 ( 1)
  26 R   0.98759 0.00784 0.00449 0.00008 ( 1)
  27 R   0.99540 0.00162 0.00297 0.00001 ( 1)
  28 W   0.96426 0.02399 0.01137 0.00037 ( 1)
  29 G   0.87346 0.04389 0.08150 0.00115 ( 1)
  30 T   0.98502 0.01283 0.00202 0.00013 ( 1)
  31 N   0.99293 0.00273 0.00431 0.00003 ( 1)
  32 P   0.99128 0.00561 0.00307 0.00004 ( 1)
  33 Y   0.99586 0.00145 0.00268 0.00001 ( 1)
  34 N   0.46253 0.10343 0.43136 0.00268 ( 1)
  35 T   0.99174 0.00407 0.00415 0.00004 ( 1)
  36 F   0.99670 0.00095 0.00234 0.00001 ( 1)
  37 S   0.97848 0.01055 0.01080 0.00017 ( 1)
  38 E   0.87227 0.02252 0.10451 0.00069 ( 1)
  39 L   0.99434 0.00266 0.00298 0.00002 ( 1)
  40 E   0.98984 0.00323 0.00689 0.00004 ( 1)
  41 N   0.99719 0.00096 0.00184 0.00001 ( 1)
  42 A   0.92533 0.03087 0.04326 0.00054 ( 1)
  43 F   0.98413 0.00716 0.00862 0.00009 ( 1)
  44 I   0.99667 0.00122 0.00210 0.00001 ( 1)
  45 R   0.96233 0.02548 0.01179 0.00041 ( 1)
  46 P   0.98748 0.00924 0.00321 0.00007 ( 1)
  47 P   0.98814 0.00559 0.00621 0.00006 ( 1)
  48 H   0.99678 0.00099 0.00222 0.00001 ( 1)
  49 L   0.98662 0.01050 0.00280 0.00008 ( 1)
  50 F   0.99670 0.00095 0.00234 0.00001 ( 1)
  51 D   0.98810 0.01002 0.00182 0.00006 ( 1)
  52 R   0.98897 0.00659 0.00438 0.00006 ( 1)
  53 L   0.96512 0.02357 0.01095 0.00036 ( 1)
  54 N   0.99703 0.00112 0.00184 0.00001 ( 1)
  55 S   0.96808 0.02495 0.00668 0.00028 ( 1)
  56 L   0.98325 0.00967 0.00697 0.00011 ( 1)
  57 T   0.99218 0.00364 0.00414 0.00003 ( 1)
  58 I   0.99555 0.00211 0.00232 0.00002 ( 1)
  59 S   0.42367 0.54540 0.02052 0.01040 ( 2)
  60 S   0.87828 0.10531 0.01504 0.00137 ( 1)
  61 N   0.94383 0.01873 0.03720 0.00024 ( 1)
  62 R   0.97619 0.01454 0.00908 0.00020 ( 1)
  63 F   0.98866 0.00891 0.00237 0.00006 ( 1)
  64 -   0.85232 0.11115 0.03229 0.00424 ( 1)
  65 -   0.86109 0.10238 0.03262 0.00391 ( 1)
  66 P   0.58357 0.40410 0.00616 0.00617 ( 1)
  67 V   0.90164 0.08988 0.00751 0.00097 ( 1)
  68 S   0.24411 0.74494 0.00198 0.00897 ( 2)
  69 S   0.77843 0.21405 0.00508 0.00244 ( 1)
  70 N   0.98933 0.00861 0.00200 0.00006 ( 1)
  71 F   0.98328 0.01430 0.00232 0.00009 ( 1)
  72 M   0.69351 0.30151 0.00271 0.00227 ( 1)
  73 D   0.98657 0.01149 0.00186 0.00008 ( 1)
  74 Y   0.91831 0.07858 0.00252 0.00059 ( 1)
  75 W   0.96426 0.02399 0.01137 0.00037 ( 1)
  76 S   0.85364 0.05334 0.09174 0.00127 ( 1)
  77 G   0.99097 0.00397 0.00501 0.00004 ( 1)
  78 H   0.99678 0.00099 0.00222 0.00001 ( 1)
  79 T   0.97817 0.01123 0.01043 0.00017 ( 1)
  80 L   0.98325 0.00967 0.00697 0.00011 ( 1)
  81 R   0.83974 0.14761 0.01027 0.00237 ( 1)
  82 R   0.97787 0.01902 0.00297 0.00014 ( 1)
  83 S   0.87029 0.12724 0.00166 0.00081 ( 1)
  84 Y   0.87048 0.12623 0.00236 0.00092 ( 1)
  85 L   0.18753 0.79194 0.00822 0.01231 ( 2)
  86 N   0.99093 0.00408 0.00495 0.00004 ( 1)
  87 D   0.87913 0.11777 0.00203 0.00107 ( 1)
  88 S   0.83410 0.15167 0.01155 0.00268 ( 1)
  89 A   0.96731 0.02830 0.00415 0.00025 ( 1)
  90 V   0.89086 0.10430 0.00393 0.00091 ( 1)
  91 Q   0.88127 0.11324 0.00445 0.00104 ( 1)
  92 E   0.99474 0.00196 0.00328 0.00001 ( 1)
  93 D   0.97112 0.02682 0.00189 0.00017 ( 1)
  94 S   0.99756 0.00068 0.00176 0.00000 ( 1)
  95 Y   0.99481 0.00248 0.00269 0.00002 ( 1)
  96 G   0.97966 0.00968 0.01052 0.00014 ( 1)
  97 L   0.03671 0.63668 0.25483 0.07178 ( 2)
  98 I   0.92638 0.01145 0.06187 0.00029 ( 1)
  99 T   0.99437 0.00304 0.00256 0.00002 ( 1)
 100 T   0.08651 0.66443 0.15484 0.09422 ( 2)
 101 T   0.23612 0.75440 0.00152 0.00796 ( 2)
 102 R   0.96843 0.02683 0.00449 0.00026 ( 1)
 103 A   0.05049 0.91629 0.00625 0.02697 ( 2)
 104 T   0.83504 0.15967 0.00376 0.00154 ( 1)
 105 I   0.98499 0.01274 0.00218 0.00009 ( 1)
 106 N   0.99719 0.00096 0.00184 0.00001 ( 1)
 107 P   0.14117 0.77289 0.04105 0.04489 ( 2)
 108 G   0.33750 0.65426 0.00184 0.00641 ( 2)
 109 V   0.83303 0.16292 0.00289 0.00116 ( 1)
 110 D   0.98513 0.01223 0.00252 0.00011 ( 1)
 111 G   0.99009 0.00486 0.00501 0.00005 ( 1)
 112 T   0.97312 0.02243 0.00424 0.00021 ( 1)
 113 N   0.01335 0.97579 0.00009 0.01077 ( 2)
 114 R   0.10646 0.80564 0.03753 0.05037 ( 2)
 115 I   0.96225 0.03411 0.00334 0.00030 ( 1)
 116 E   0.96461 0.02819 0.00689 0.00032 ( 1)
 117 S   0.98441 0.00892 0.00657 0.00010 ( 1)
 118 T   0.89033 0.09860 0.00960 0.00147 ( 1)
 119 A   0.99210 0.00375 0.00412 0.00003 ( 1)
 120 V   0.84411 0.15085 0.00372 0.00131 ( 1)
 121 D   0.99472 0.00337 0.00189 0.00002 ( 1)
 122 F   0.99670 0.00095 0.00234 0.00001 ( 1)
 123 R   0.97935 0.01651 0.00399 0.00014 ( 1)
 124 S   0.09074 0.90054 0.00075 0.00797 ( 2)
 125 A   0.31450 0.65264 0.01968 0.01317 ( 2)
 126 L   0.42230 0.55961 0.00683 0.01126 ( 2)
 127 I   0.20482 0.69108 0.05881 0.04529 ( 2)
 128 G   0.96162 0.03571 0.00244 0.00024 ( 1)
 129 I   0.71827 0.22460 0.05187 0.00525 ( 1)
 130 Y   0.99512 0.00215 0.00272 0.00002 ( 1)
 131 G   0.97214 0.01716 0.01045 0.00025 ( 1)
 132 V   0.94105 0.04754 0.01068 0.00073 ( 1)
 133 N   0.88318 0.07785 0.03793 0.00104 ( 1)
 134 R   0.52710 0.46752 0.00183 0.00355 ( 1)
 135 A   0.84233 0.15443 0.00211 0.00114 ( 1)
 136 S   0.82385 0.16468 0.00873 0.00274 ( 1)
 137 F   0.98858 0.00901 0.00236 0.00006 ( 1)
 138 V   0.65770 0.33350 0.00487 0.00394 ( 1)
 139 P   0.98622 0.00715 0.00654 0.00008 ( 1)
 140 G   0.83507 0.15858 0.00459 0.00177 ( 1)
 141 G   0.98260 0.00679 0.01050 0.00010 ( 1)
 142 L   0.48618 0.49970 0.00724 0.00688 ( 2)
 143 F   0.94427 0.05309 0.00229 0.00035 ( 1)
 144 N   0.99467 0.00337 0.00193 0.00002 ( 1)
 145 G   0.97213 0.02528 0.00242 0.00017 ( 1)
 146 T   0.91411 0.07614 0.00865 0.00109 ( 1)
 147 T   0.94685 0.02574 0.02713 0.00028 ( 1)
 148 S   0.02322 0.96891 0.00007 0.00780 ( 2)
 149 P   0.97898 0.01818 0.00272 0.00013 ( 1)
 150 A   0.87714 0.11989 0.00206 0.00091 ( 1)
 151 N   0.98909 0.00899 0.00185 0.00007 ( 1)
 152 G   0.68312 0.30376 0.00808 0.00504 ( 1)
 153 G   0.95022 0.03897 0.01021 0.00059 ( 1)
 154 C   0.99586 0.00131 0.00282 0.00001 ( 1)
 155 R   0.94373 0.05257 0.00330 0.00041 ( 1)
 156 D   0.75362 0.23141 0.01260 0.00237 ( 1)
 157 L   0.31561 0.66659 0.00495 0.01284 ( 2)
 158 Y   0.86079 0.13048 0.00738 0.00135 ( 1)
 159 D   0.97112 0.02682 0.00189 0.00017 ( 1)
 160 T   0.95426 0.04129 0.00403 0.00041 ( 1)
 161 N   0.51588 0.43606 0.04003 0.00803 ( 1)
 162 D   0.98712 0.00892 0.00387 0.00009 ( 1)
 163 E   0.88858 0.01473 0.09621 0.00048 ( 1)
 164 L   0.98190 0.01101 0.00697 0.00012 ( 1)
 165 P   0.99025 0.00485 0.00486 0.00005 ( 1)
 166 P   0.78746 0.14334 0.06245 0.00675 ( 1)
 167 D   0.80611 0.18762 0.00423 0.00203 ( 1)
 168 E   0.95330 0.04313 0.00325 0.00033 ( 1)
 169 S   0.98018 0.01127 0.00843 0.00011 ( 1)
 170 T   0.80674 0.18092 0.00927 0.00307 ( 1)
 171 G   0.96583 0.02899 0.00491 0.00027 ( 1)
 172 S   0.78200 0.20979 0.00547 0.00274 ( 1)
 173 S   0.52205 0.45683 0.01519 0.00592 ( 1)
 174 T   0.03356 0.93694 0.00107 0.02843 ( 2)
 175 H   0.99034 0.00736 0.00225 0.00005 ( 1)
 176 R   0.83701 0.15874 0.00298 0.00126 ( 1)
 177 L   0.98268 0.01008 0.00712 0.00012 ( 1)
 178 S   0.99563 0.00167 0.00269 0.00001 ( 1)
 179 H   0.99678 0.00099 0.00222 0.00001 ( 1)
 180 V   0.99647 0.00121 0.00231 0.00001 ( 1)
 181 T   0.99187 0.00527 0.00282 0.00004 ( 1)
 182 F   0.99369 0.00242 0.00387 0.00002 ( 1)
 183 F   0.93378 0.05883 0.00672 0.00068 ( 1)
 184 S   0.12666 0.26955 0.55131 0.05249 ( 3)
 185 F   0.99369 0.00242 0.00387 0.00002 ( 1)
 186 Q   0.01638 0.89207 0.01134 0.08021 ( 2)
 187 T   0.99401 0.00236 0.00361 0.00002 ( 1)
 188 N   0.91717 0.05126 0.03069 0.00089 ( 1)
 189 Q   0.97445 0.01599 0.00934 0.00022 ( 1)
 190 A   0.98743 0.01015 0.00234 0.00007 ( 1)
 191 G   0.97884 0.01047 0.01053 0.00016 ( 1)
 192 S   0.97415 0.02288 0.00280 0.00017 ( 1)
 193 I   0.77428 0.11573 0.10453 0.00545 ( 1)
 194 A   0.23848 0.05175 0.70320 0.00657 ( 3)
 195 N   0.99110 0.00695 0.00189 0.00005 ( 1)
 196 A   0.03953 0.56871 0.23573 0.15603 ( 2)
 197 G   0.97609 0.01556 0.00814 0.00021 ( 1)
 198 S   0.01431 0.82352 0.04306 0.11910 ( 2)
 199 V   0.99141 0.00433 0.00423 0.00004 ( 1)
 200 P   0.99469 0.00260 0.00269 0.00002 ( 1)
 201 T   0.18720 0.12386 0.68119 0.00775 ( 3)
 202 Y   0.99586 0.00145 0.00268 0.00001 ( 1)
 203 V   0.99434 0.00329 0.00235 0.00002 ( 1)
 204 W   0.96426 0.02399 0.01137 0.00037 ( 1)
 205 T   0.87249 0.06421 0.06212 0.00117 ( 1)
 206 R   0.98657 0.01039 0.00297 0.00007 ( 1)
 207 R   0.53196 0.45124 0.00883 0.00797 ( 1)
 208 D   0.99740 0.00077 0.00183 0.00000 ( 1)

