Supplemental results for CODEML (seqf: algn  treef: tree)


dN/dS (w) for site classes (K=4)

site class             0        1       2a       2b
proportion       0.19773  0.15577  0.36162  0.28489
background w     0.20972  1.40660  0.20972  1.40660
foreground w     0.20972  1.40660  0.00000  0.00000

Naive Empirical Bayes (NEB) probabilities for 4 classes
(amino acids refer to 1st sequence: BT_Cry40Aa1)

   1 S   0.13320 0.09761 0.29540 0.47379 ( 4)
   2 -   0.13416 0.28998 0.13353 0.44234 ( 4)
   3 L   0.06650 0.76089 0.00174 0.17088 ( 2)
   4 G   0.00981 0.22062 0.01980 0.74977 ( 4)
   5 G   0.00139 0.19838 0.00305 0.79718 ( 4)
   6 I   0.29078 0.00238 0.69042 0.01641 ( 3)
   7 N   0.01062 0.18284 0.02251 0.78404 ( 4)
   8 T   0.00323 0.70450 0.00009 0.29218 ( 2)
   9 L   0.06442 0.15105 0.11651 0.66801 ( 4)
  10 F   0.01010 0.13608 0.02396 0.82987 ( 4)
  11 S   0.00149 0.79070 0.00003 0.20778 ( 2)
  12 I   0.25531 0.02269 0.57621 0.14579 ( 3)
  13 I   0.98002 0.00843 0.00816 0.00339 ( 1)
  14 G   0.00000 0.15893 0.00000 0.84106 ( 4)
  15 K   0.15138 0.09749 0.28584 0.46529 ( 4)
  16 L   0.12749 0.11326 0.25842 0.50084 ( 4)
  17 I   0.11406 0.29900 0.16629 0.42066 ( 4)
  18 -   0.01568 0.33782 0.02868 0.61783 ( 4)
  19 P   0.24135 0.02909 0.54642 0.18314 ( 3)
  20 T   0.21734 0.03090 0.50851 0.24324 ( 3)
  21 N   0.02929 0.15275 0.06672 0.75124 ( 4)
  22 H   0.29860 0.00717 0.65549 0.03875 ( 3)
  23 Q   0.00059 0.35751 0.00104 0.64086 ( 4)
  24 S   0.19625 0.05750 0.43782 0.30843 ( 3)
  25 V   0.21750 0.03484 0.51527 0.23239 ( 3)
  26 S   0.16219 0.11242 0.33074 0.39465 ( 4)
  27 A   0.03337 0.62781 0.00176 0.33707 ( 2)
  28 L   0.32044 0.00196 0.67015 0.00745 ( 3)
  29 S   0.30687 0.00010 0.69245 0.00059 ( 3)
  30 I   0.97694 0.00078 0.02157 0.00070 ( 1)
  31 C   0.30706 0.00009 0.69229 0.00056 ( 3)
  32 D   0.33156 0.00009 0.66803 0.00032 ( 3)
  33 L   0.31650 0.00065 0.67987 0.00297 ( 3)
  34 L   0.31168 0.00752 0.65126 0.02953 ( 3)
  35 S   0.99210 0.00278 0.00467 0.00045 ( 1)
  36 I   0.29628 0.00004 0.70341 0.00027 ( 3)
  37 I   0.29628 0.00003 0.70346 0.00023 ( 3)
  38 R   0.27308 0.00619 0.67156 0.04917 ( 3)
  39 K   0.21815 0.07141 0.45095 0.25949 ( 3)
  40 E   0.20735 0.10589 0.40215 0.28461 ( 3)
  41 V   0.30213 0.00069 0.69313 0.00405 ( 3)
  42 A   0.02682 0.10539 0.06584 0.80195 ( 4)
  43 D   0.10229 0.16619 0.20363 0.52789 ( 4)
  44 S   0.29875 0.00025 0.69904 0.00197 ( 3)
  45 V   0.29149 0.00390 0.68014 0.02447 ( 3)
  46 L   0.32281 0.00081 0.67338 0.00300 ( 3)
  47 S   0.33063 0.46195 0.00469 0.20274 ( 2)
  48 D   0.07307 0.17515 0.14762 0.60415 ( 4)
  49 A   0.03901 0.16598 0.08209 0.71292 ( 4)
  50 I   0.02646 0.50861 0.00461 0.46033 ( 2)
  51 C   0.05812 0.12438 0.12998 0.68752 ( 4)
  52 R   0.28187 0.00266 0.69367 0.02180 ( 3)
  53 F   0.29352 0.00002 0.70634 0.00013 ( 3)
  54 L   0.19773 0.15577 0.36162 0.28489 ( 3)
  55 D   0.09262 0.16229 0.18700 0.55809 ( 4)
  56 G   0.32514 0.00011 0.67434 0.00041 ( 3)
  57 K   0.00333 0.29191 0.00622 0.69853 ( 4)
  58 L   0.05719 0.50930 0.01449 0.41902 ( 2)
  59 K   0.00009 0.23703 0.00018 0.76270 ( 4)
  60 N   0.02006 0.38573 0.00871 0.58550 ( 4)
  61 Y   0.33852 0.00430 0.64703 0.01014 ( 3)
  62 R   0.00003 0.21792 0.00007 0.78198 ( 4)
  63 E   0.00000 0.23660 0.00001 0.76339 ( 4)
  64 Y   0.34888 0.00461 0.63807 0.00843 ( 3)
  65 Y   0.30463 0.00009 0.69475 0.00054 ( 3)
  66 L   0.31671 0.00127 0.67664 0.00538 ( 3)
  67 P   0.00000 0.22474 0.00000 0.77526 ( 4)
  68 Y   0.22877 0.03204 0.52602 0.21317 ( 3)
  69 L   0.31943 0.00091 0.67607 0.00360 ( 3)
  70 E   0.00003 0.87095 0.00000 0.12902 ( 2)
  71 A   0.00000 0.48272 0.00000 0.51727 ( 4)
  72 W   0.32316 0.00917 0.63958 0.02809 ( 3)
  73 L   0.30414 0.01612 0.62334 0.05640 ( 3)
  74 K   0.00047 0.15079 0.00113 0.84761 ( 4)
  75 D   0.00226 0.10919 0.00554 0.88301 ( 4)
  76 G   0.00270 0.30634 0.00509 0.68588 ( 4)
  77 K   0.00523 0.34827 0.00956 0.63695 ( 4)
  78 P   0.33306 0.02043 0.60914 0.03737 ( 3)
  79 L   0.07706 0.27643 0.14094 0.50556 ( 4)
  80 Q   0.03284 0.32066 0.06006 0.58645 ( 4)
  81 K   0.01789 0.33560 0.03273 0.61378 ( 4)
  82 T   0.23046 0.12304 0.42149 0.22502 ( 3)
  83 N   0.27638 0.00476 0.67970 0.03917 ( 3)
  84 N   0.00056 0.24369 0.00113 0.75461 ( 4)
  85 S   0.00000 0.17397 0.00000 0.82603 ( 4)
  86 D   0.00001 0.67536 0.00000 0.32463 ( 2)
  87 I   0.21717 0.06819 0.45402 0.26062 ( 3)
  88 G   0.00000 0.13655 0.00000 0.86345 ( 4)
  89 Q   0.04293 0.15254 0.09419 0.71034 ( 4)
  90 L   0.44600 0.53918 0.00519 0.00962 ( 2)
  91 V   0.09229 0.11822 0.19767 0.59182 ( 4)
  92 K   0.00002 0.13064 0.00005 0.86929 ( 4)
  93 Y   0.05302 0.14039 0.11349 0.69310 ( 4)
  94 F   0.29187 0.00071 0.70192 0.00550 ( 3)
  95 E   0.02835 0.16809 0.06045 0.74311 ( 4)
  96 L   0.00000 0.97004 0.00000 0.02996 ( 2)
  97 S   0.04023 0.64404 0.00217 0.31357 ( 2)
  98 E   0.28738 0.00359 0.68691 0.02212 ( 3)
  99 R   0.00046 0.76095 0.00011 0.23849 ( 2)
 100 D   0.00851 0.96559 0.00000 0.02590 ( 2)
 101 F   0.31624 0.00196 0.67446 0.00735 ( 3)
 102 N   0.20911 0.03640 0.51094 0.24355 ( 3)
 103 E   0.00208 0.80408 0.00001 0.19383 ( 2)
 104 I   0.28536 0.00476 0.67738 0.03250 ( 3)
 105 L   0.30278 0.00844 0.65036 0.03843 ( 3)
 106 -   0.24562 0.03184 0.54735 0.17518 ( 3)
 107 -   0.32725 0.59976 0.00349 0.06950 ( 2)
 108 -   0.24913 0.05667 0.50251 0.19169 ( 3)
 109 -   0.25721 0.02276 0.58035 0.13968 ( 3)
 110 -   0.24354 0.04474 0.51985 0.19187 ( 3)
 111 -   0.24974 0.05385 0.50775 0.18865 ( 3)
 112 -   0.14065 0.08761 0.32896 0.44279 ( 4)
 113 G   0.00926 0.21052 0.01916 0.76106 ( 4)
 114 G   0.30530 0.00200 0.68213 0.01057 ( 3)
 115 S   0.23491 0.05307 0.49312 0.21890 ( 3)
 116 L   0.31638 0.00072 0.67962 0.00327 ( 3)
 117 A   0.19377 0.12941 0.37018 0.30665 ( 3)
 118 R   0.29606 0.00631 0.65963 0.03800 ( 3)
 119 N   0.00022 0.99694 0.00000 0.00284 ( 2)
 120 N   0.24061 0.02550 0.58253 0.15135 ( 3)
 121 A   0.30413 0.00088 0.69001 0.00499 ( 3)
 122 Q   0.28613 0.01803 0.61002 0.08582 ( 3)
 123 I   0.29564 0.00044 0.70089 0.00303 ( 3)
 124 L   0.31575 0.00108 0.67825 0.00492 ( 3)
 125 L   0.31678 0.00082 0.67883 0.00357 ( 3)
 126 L   0.32167 0.00196 0.66912 0.00725 ( 3)
 127 P   0.31393 0.00021 0.68471 0.00115 ( 3)
 128 Y   0.20899 0.04469 0.47155 0.27477 ( 3)
 129 F   0.25815 0.01389 0.62112 0.10684 ( 3)
 130 C   0.00024 0.17317 0.00052 0.82607 ( 4)
 131 A   0.01342 0.14358 0.03192 0.81108 ( 4)
 132 S   0.24897 0.02316 0.57253 0.15533 ( 3)
 133 C   0.29348 0.00587 0.66415 0.03650 ( 3)
 134 K   0.30873 0.01233 0.63793 0.04100 ( 3)
 135 C   0.00027 0.15025 0.00062 0.84886 ( 4)
 136 Q   0.29906 0.00067 0.69514 0.00513 ( 3)
 137 L   0.31650 0.00065 0.67987 0.00297 ( 3)
 138 L   0.32878 0.00271 0.66055 0.00795 ( 3)
 139 L   0.30711 0.01133 0.63821 0.04335 ( 3)
 140 L   0.31690 0.00080 0.67884 0.00346 ( 3)
 141 R   0.31552 0.00191 0.67392 0.00865 ( 3)
 142 D   0.28890 0.00002 0.71095 0.00013 ( 3)
 143 A   0.25654 0.01995 0.58989 0.13362 ( 3)
 144 V   0.43956 0.12848 0.24284 0.18912 ( 1)
 145 Q   0.11478 0.87491 0.00001 0.01030 ( 2)
 146 Y   0.30463 0.00009 0.69475 0.00054 ( 3)
 147 E   0.26200 0.04185 0.54205 0.15410 ( 3)
 148 E   0.00004 0.69259 0.00000 0.30737 ( 2)
 149 Q   0.00028 0.21127 0.00061 0.78784 ( 4)
 150 W   0.32316 0.00917 0.63958 0.02809 ( 3)
 151 F   0.00887 0.17183 0.01900 0.80029 ( 4)
 152 P   0.00011 0.19194 0.00023 0.80772 ( 4)
 153 F   0.00080 0.16487 0.00188 0.83245 ( 4)
 154 L   0.00047 0.83294 0.00002 0.16657 ( 2)
 155 S   0.01179 0.34171 0.02156 0.62495 ( 4)
 156 A   0.00890 0.34459 0.01629 0.63022 ( 4)
 157 E   0.10214 0.25136 0.18679 0.45971 ( 4)
 158 N   0.10841 0.24509 0.19826 0.44824 ( 4)
 159 V   0.16196 0.19154 0.29620 0.35030 ( 4)
 160 R   0.16374 0.18976 0.29946 0.34704 ( 4)
 161 S   0.30343 0.05006 0.55494 0.09156 ( 3)
 162 E   0.32173 0.03176 0.58841 0.05809 ( 3)
 163 L   0.32565 0.02785 0.59557 0.05093 ( 3)
 164 I   0.31254 0.01954 0.60635 0.06157 ( 3)
 165 S   0.29443 0.00555 0.66579 0.03423 ( 3)
 166 P   0.31358 0.00038 0.68395 0.00209 ( 3)
 167 N   0.21314 0.14036 0.38981 0.25670 ( 3)
 168 S   0.23557 0.11793 0.43083 0.21567 ( 3)
 169 G   0.23138 0.12211 0.42317 0.22333 ( 3)
 170 C   0.23020 0.12330 0.42101 0.22550 ( 3)
 171 D   0.24181 0.11168 0.44225 0.20426 ( 3)
 172 F   0.23893 0.11457 0.43697 0.20953 ( 3)
 173 T   0.02155 0.59231 0.00381 0.38233 ( 2)
 174 G   0.03175 0.11459 0.07527 0.77840 ( 4)
 175 D   0.28905 0.00005 0.71052 0.00039 ( 3)
 176 Y   0.30224 0.00120 0.68929 0.00728 ( 3)
 177 Y   0.00007 0.83115 0.00000 0.16878 ( 2)
 178 E   0.00560 0.30059 0.01025 0.68356 ( 4)
 179 R   0.08520 0.16669 0.15932 0.58878 ( 4)
 180 L   0.30696 0.00665 0.65756 0.02883 ( 3)
 181 K   0.23824 0.11061 0.41317 0.23798 ( 3)
 182 C   0.00829 0.75522 0.00017 0.23632 ( 2)
 183 K   0.00818 0.13142 0.01845 0.84195 ( 4)
 184 I   0.09229 0.10327 0.21386 0.59058 ( 4)
 185 A   0.07139 0.71096 0.00086 0.21678 ( 2)
 186 E   0.00006 0.34355 0.00011 0.65628 ( 4)
 187 Y   0.30354 0.00059 0.69228 0.00359 ( 3)
 188 T   0.02919 0.14969 0.06467 0.75645 ( 4)
 189 D   0.22733 0.03446 0.54116 0.19706 ( 3)
 190 Y   0.29404 0.00500 0.67059 0.03036 ( 3)
 191 C   0.34291 0.00104 0.65353 0.00251 ( 3)
 192 E   0.00008 0.69928 0.00000 0.30064 ( 2)
 193 Y   0.00001 0.11646 0.00001 0.88352 ( 4)
 194 W   0.32316 0.00917 0.63958 0.02809 ( 3)
 195 Y   0.30463 0.00009 0.69475 0.00054 ( 3)
 196 Q   0.06465 0.08537 0.15894 0.69105 ( 4)
 197 A   0.00006 0.20981 0.00012 0.79001 ( 4)
 198 G   0.30937 0.00007 0.69016 0.00040 ( 3)
 199 L   0.31266 0.00746 0.65186 0.02802 ( 3)
 200 N   0.29012 0.00132 0.69952 0.00904 ( 3)
 201 Q   0.28157 0.00908 0.65193 0.05742 ( 3)
 202 I   0.33747 0.00188 0.65406 0.00658 ( 3)
 203 K   0.29110 0.00872 0.64820 0.05198 ( 3)
 204 Q   0.00930 0.98757 0.00000 0.00313 ( 2)
 205 A   0.00001 0.23370 0.00003 0.76626 ( 4)
 206 G   0.30667 0.00051 0.68997 0.00285 ( 3)
 207 T   0.31024 0.55800 0.00259 0.12918 ( 2)
 208 G   0.11561 0.37110 0.01269 0.50060 ( 4)
 209 A   0.25404 0.02099 0.58418 0.14078 ( 3)
 210 D   0.00219 0.14035 0.00495 0.85251 ( 4)
 211 T   0.00053 0.16001 0.00121 0.83826 ( 4)
 212 W   0.32316 0.00917 0.63958 0.02809 ( 3)
 213 A   0.00103 0.21661 0.00210 0.78026 ( 4)
 214 K   0.30093 0.00030 0.69684 0.00192 ( 3)
 215 F   0.29352 0.00002 0.70634 0.00013 ( 3)
 216 N   0.30056 0.00010 0.69858 0.00076 ( 3)
 217 K   0.30891 0.00042 0.68816 0.00251 ( 3)
 218 F   0.29634 0.00023 0.70216 0.00127 ( 3)
 219 R   0.31750 0.00041 0.68006 0.00203 ( 3)
 220 R   0.30950 0.00013 0.68957 0.00080 ( 3)
 221 E   0.33915 0.00234 0.64825 0.01027 ( 3)
 222 M   0.30405 0.00004 0.69565 0.00027 ( 3)
 223 T   0.30446 0.00099 0.68840 0.00615 ( 3)
 224 L   0.32436 0.00319 0.66095 0.01150 ( 3)
 225 T   0.01745 0.11603 0.03991 0.82661 ( 4)
 226 V   0.30336 0.00010 0.69596 0.00058 ( 3)
 227 L   0.32077 0.00255 0.66723 0.00945 ( 3)
 228 D   0.28891 0.00001 0.71100 0.00008 ( 3)
 229 I   0.29588 0.00035 0.70143 0.00235 ( 3)
 230 I   0.29360 0.00487 0.67314 0.02839 ( 3)
 231 A   0.27290 0.06203 0.45347 0.21160 ( 3)
 232 I   0.25651 0.03910 0.54028 0.16412 ( 3)
 233 F   0.29185 0.00210 0.69599 0.01006 ( 3)
 234 Q   0.28816 0.04855 0.52703 0.13626 ( 3)
 235 T   0.13454 0.09167 0.30077 0.47302 ( 4)


lnL = -4713.554535

