Supplemental results for CODEML (seqf: algn  treef: tree)


dN/dS (w) for site classes (K=4)

site class             0        1       2a       2b
proportion       0.64300  0.27971  0.05386  0.02343
background w     0.13215  1.00000  0.13215  1.00000
foreground w     0.13215  1.00000 10.27347 10.27347

Naive Empirical Bayes (NEB) probabilities for 4 classes
(amino acids refer to 1st sequence: BT_Cry32Ea1)

   1 -   0.64300 0.27971 0.05386 0.02343 ( 1)
   2 S   0.76274 0.22354 0.00992 0.00380 ( 1)
   3 A   0.99140 0.00114 0.00745 0.00001 ( 1)
   4 I   0.83816 0.15470 0.00542 0.00172 ( 1)
   5 A   0.98521 0.00276 0.01198 0.00005 ( 1)
   6 G   0.97205 0.02127 0.00647 0.00021 ( 1)
   7 L   0.75037 0.22853 0.01526 0.00584 ( 1)
   8 F   0.80069 0.19278 0.00479 0.00175 ( 1)
   9 N   0.90384 0.09008 0.00518 0.00090 ( 1)
  10 V   0.98970 0.00142 0.00885 0.00002 ( 1)
  11 L   0.93439 0.03770 0.02660 0.00131 ( 1)
  12 L   0.85971 0.13072 0.00728 0.00229 ( 1)
  13 P   0.98819 0.00445 0.00732 0.00005 ( 1)
  14 Y   0.84459 0.14131 0.01161 0.00249 ( 1)
  15 W   0.45165 0.53008 0.00772 0.01055 ( 2)
  16 W   0.43836 0.54333 0.00749 0.01081 ( 2)
  17 P   0.98967 0.00315 0.00714 0.00003 ( 1)
  18 E   0.73129 0.25836 0.00631 0.00404 ( 1)
  19 Q   0.06513 0.92451 0.00048 0.00988 ( 2)
  20 A   0.81594 0.17553 0.00637 0.00215 ( 1)
  21 G   0.47800 0.50172 0.00916 0.01113 ( 2)
  22 A   0.05024 0.77668 0.04937 0.12371 ( 2)
  23 P   0.27195 0.71657 0.00253 0.00896 ( 2)
  24 G   0.86600 0.12696 0.00578 0.00125 ( 1)
  25 T   0.12241 0.83672 0.00426 0.03661 ( 2)
  26 P   0.33548 0.64789 0.00491 0.01171 ( 2)
  27 Q   0.68064 0.31102 0.00505 0.00329 ( 1)
  28 A   0.97698 0.01549 0.00735 0.00018 ( 1)
  29 Q   0.99062 0.00203 0.00733 0.00002 ( 1)
  30 F   0.04914 0.92691 0.00122 0.02273 ( 2)
  31 S   0.79329 0.19684 0.00626 0.00361 ( 1)
  32 W   0.35344 0.62802 0.00604 0.01250 ( 2)
  33 N   0.00182 0.84312 0.00728 0.14778 ( 2)
  34 Q   0.60116 0.38634 0.00697 0.00553 ( 1)
  35 L   0.96398 0.02109 0.01454 0.00038 ( 1)
  36 M   0.99489 0.00072 0.00438 0.00000 ( 1)
  37 T   0.00749 0.97065 0.00016 0.02170 ( 2)
  38 A   0.73148 0.24591 0.01604 0.00657 ( 1)
  39 A   0.78063 0.20766 0.00782 0.00389 ( 1)
  40 E   0.99084 0.00079 0.00835 0.00001 ( 1)
  41 E   0.02592 0.90127 0.00948 0.06333 ( 2)
  42 M   0.49512 0.48728 0.00847 0.00913 ( 1)
  43 V   0.01543 0.95253 0.00049 0.03155 ( 2)
  44 D   0.05813 0.80009 0.03580 0.10597 ( 2)
  45 K   0.93398 0.05863 0.00666 0.00074 ( 1)
  46 K   0.98605 0.00634 0.00753 0.00008 ( 1)
  47 I   0.99161 0.00143 0.00694 0.00001 ( 1)
  48 L   0.01904 0.84006 0.01161 0.12929 ( 2)
  49 E   0.82686 0.16361 0.00747 0.00207 ( 1)
  50 S   0.64706 0.34775 0.00291 0.00228 ( 1)
  51 K   0.03124 0.01545 0.94479 0.00852 ( 3)
  52 R   0.74760 0.16204 0.07421 0.01615 ( 1)
  53 G   0.01883 0.96466 0.00023 0.01628 ( 2)
  54 E   0.32610 0.23151 0.39882 0.04357 ( 3)
  55 A   0.97944 0.00985 0.01056 0.00015 ( 1)
  56 T   0.29582 0.62914 0.05556 0.01949 ( 2)
  57 A   0.96848 0.02346 0.00776 0.00031 ( 1)
  58 R   0.07782 0.00281 0.91745 0.00193 ( 3)
  59 W   0.95664 0.02648 0.01635 0.00053 ( 1)
  60 Q   0.80609 0.18588 0.00602 0.00201 ( 1)
  61 G   0.54793 0.01203 0.43849 0.00155 ( 1)
  62 I   0.70925 0.00623 0.28407 0.00045 ( 1)
  63 Q   0.99062 0.00203 0.00733 0.00002 ( 1)
  64 R   0.00009 0.83501 0.00004 0.16486 ( 2)
  65 L   0.00327 0.37090 0.20003 0.42580 ( 4)
  66 G   0.02248 0.05454 0.87964 0.04334 ( 3)
  67 R   0.00357 0.27986 0.32682 0.38975 ( 4)
  68 D   0.75100 0.23668 0.00853 0.00379 ( 1)
  69 Y   0.54612 0.09714 0.34695 0.00979 ( 1)
  70 Y   0.00298 0.14447 0.45756 0.39499 ( 3)
  71 S   0.00040 0.96032 0.00001 0.03927 ( 2)
  72 A   0.79899 0.18334 0.01357 0.00410 ( 1)
  73 L   0.23286 0.16427 0.54976 0.05311 ( 3)
  74 C   0.98818 0.00490 0.00687 0.00005 ( 1)
  75 D   0.96353 0.02754 0.00861 0.00032 ( 1)
  76 W   0.74029 0.24223 0.01265 0.00482 ( 1)
  77 I   0.07637 0.91260 0.00049 0.01054 ( 2)
  78 Q   0.00206 0.97481 0.00004 0.02309 ( 2)
  79 D   0.98360 0.00804 0.00823 0.00013 ( 1)
  80 Q   0.95875 0.03360 0.00724 0.00040 ( 1)
  81 D   0.95094 0.02849 0.02001 0.00057 ( 1)
  82 N   0.99311 0.00052 0.00637 0.00001 ( 1)
  83 A   0.32477 0.64084 0.01072 0.02367 ( 2)
  84 V   0.01813 0.87854 0.01041 0.09292 ( 2)
  85 K   0.79519 0.19456 0.00777 0.00248 ( 1)
  86 K   0.98545 0.00745 0.00701 0.00009 ( 1)
  87 E   0.00001 0.52375 0.00023 0.47601 ( 2)
  88 R   0.28752 0.70476 0.00166 0.00607 ( 2)
  89 L   0.92628 0.06190 0.01086 0.00096 ( 1)
  90 R   0.58756 0.01820 0.39230 0.00193 ( 1)
  91 D   0.99006 0.00333 0.00657 0.00004 ( 1)
  92 A   0.25419 0.73436 0.00197 0.00948 ( 2)
  93 F   0.99309 0.00097 0.00593 0.00001 ( 1)
  94 D   0.99015 0.00324 0.00658 0.00004 ( 1)
  95 D   0.83927 0.15296 0.00623 0.00154 ( 1)
  96 L   0.14579 0.74344 0.08041 0.03036 ( 2)
  97 D   0.54043 0.13423 0.31309 0.01225 ( 1)
  98 D   0.99301 0.00040 0.00659 0.00000 ( 1)
  99 Q   0.03079 0.82084 0.02508 0.12330 ( 2)
 100 L   0.52683 0.45318 0.01017 0.00982 ( 1)
 101 K   0.57161 0.03555 0.38778 0.00506 ( 1)
 102 L   0.02326 0.79131 0.02557 0.15987 ( 2)
 103 A   0.82238 0.15718 0.01670 0.00374 ( 1)
 104 M   0.99032 0.00529 0.00436 0.00003 ( 1)
 105 P   0.98940 0.00342 0.00714 0.00003 ( 1)
 106 F   0.06430 0.90990 0.00181 0.02398 ( 2)
 107 F   0.99235 0.00119 0.00645 0.00001 ( 1)
 108 S   0.00336 0.98136 0.00003 0.01526 ( 2)
 109 V   0.63243 0.15108 0.20887 0.00762 ( 1)
 110 Q   0.27872 0.71153 0.00208 0.00768 ( 2)
 111 G   0.77708 0.21171 0.00783 0.00338 ( 1)
 112 F   0.98446 0.00958 0.00588 0.00009 ( 1)
 113 E   0.99084 0.00079 0.00835 0.00001 ( 1)
 114 L   0.62746 0.35778 0.00716 0.00760 ( 1)
 115 P   0.71738 0.27211 0.00586 0.00464 ( 1)
 116 M   0.99489 0.00072 0.00438 0.00000 ( 1)
 117 L   0.98043 0.00816 0.01129 0.00012 ( 1)
 118 S   0.26431 0.71031 0.00628 0.01909 ( 2)
 119 M   0.99489 0.00072 0.00438 0.00000 ( 1)
 120 Y   0.98976 0.00229 0.00792 0.00003 ( 1)
 121 A   0.98486 0.00227 0.01283 0.00004 ( 1)
 122 Q   0.99062 0.00203 0.00733 0.00002 ( 1)
 123 A   0.99007 0.00209 0.00782 0.00002 ( 1)
 124 A   0.98324 0.00341 0.01329 0.00006 ( 1)
 125 N   0.99400 0.00040 0.00560 0.00000 ( 1)
 126 M   0.97412 0.02145 0.00429 0.00014 ( 1)
 127 H   0.98435 0.00577 0.00980 0.00007 ( 1)
 128 L   0.96661 0.01809 0.01497 0.00033 ( 1)
 129 L   0.66012 0.33034 0.00555 0.00400 ( 1)
 130 L   0.35758 0.62569 0.00541 0.01132 ( 2)
 131 L   0.98043 0.00816 0.01129 0.00012 ( 1)
 132 R   0.82283 0.16484 0.00990 0.00243 ( 1)
 133 D   0.99197 0.00053 0.00750 0.00001 ( 1)
 134 V   0.98823 0.00269 0.00905 0.00004 ( 1)
 135 V   0.95456 0.02509 0.01975 0.00061 ( 1)
 136 Q   0.01308 0.96150 0.00015 0.02527 ( 2)
 137 N   0.98783 0.00653 0.00558 0.00006 ( 1)
 138 G   0.98356 0.00423 0.01214 0.00006 ( 1)
 139 V   0.00031 0.89321 0.00026 0.10623 ( 2)
 140 S   0.10440 0.88758 0.00056 0.00746 ( 2)
 141 W   0.95664 0.02648 0.01635 0.00053 ( 1)
 142 G   0.99161 0.00168 0.00668 0.00002 ( 1)
 143 F   0.98126 0.01276 0.00586 0.00011 ( 1)
 144 A   0.00000 0.50111 0.00011 0.49878 ( 2)
 145 P   0.97494 0.01759 0.00726 0.00021 ( 1)
 146 Y   0.00015 0.85726 0.00017 0.14242 ( 2)
 147 E   0.35020 0.62635 0.00634 0.01712 ( 2)
 148 V   0.97390 0.01696 0.00891 0.00023 ( 1)
 149 D   0.99281 0.00056 0.00663 0.00001 ( 1)
 150 R   0.53450 0.43915 0.01370 0.01265 ( 1)
 151 Y   0.98902 0.00276 0.00818 0.00003 ( 1)
 152 Y   0.98976 0.00229 0.00792 0.00003 ( 1)
 153 F   0.00003 0.72344 0.00019 0.27633 ( 2)
 154 D   0.96625 0.02788 0.00555 0.00032 ( 1)
 155 P   0.00035 0.74520 0.00127 0.25318 ( 2)
 156 S   0.08531 0.89126 0.00182 0.02161 ( 2)
 157 G   0.00004 0.26441 0.00595 0.72960 ( 4)
 158 -   0.64300 0.27971 0.05386 0.02343 ( 1)
 159 Q   0.02017 0.91564 0.00707 0.05711 ( 2)
 160 R   0.01806 0.96218 0.00031 0.01945 ( 2)
 161 S   0.98268 0.01019 0.00697 0.00016 ( 1)
 162 P   0.36838 0.01139 0.61732 0.00292 ( 3)
 163 G   0.98451 0.00389 0.01154 0.00006 ( 1)
 164 L   0.97916 0.00908 0.01162 0.00014 ( 1)
 165 L   0.67104 0.31260 0.00989 0.00647 ( 1)
 166 Q   0.97704 0.01557 0.00723 0.00016 ( 1)
 167 L   0.97868 0.01082 0.01035 0.00015 ( 1)
 168 L   0.92169 0.06628 0.01100 0.00104 ( 1)
 169 G   0.00880 0.88714 0.00115 0.10291 ( 2)
 170 T   0.00041 0.95228 0.00001 0.04730 ( 2)
 171 Y   0.98236 0.00276 0.01483 0.00005 ( 1)
 172 T   0.99213 0.00130 0.00655 0.00001 ( 1)
 173 N   0.94135 0.04943 0.00863 0.00059 ( 1)
 174 Y   0.97284 0.01904 0.00790 0.00022 ( 1)
 175 C   0.98948 0.00401 0.00648 0.00004 ( 1)
 176 V   0.79490 0.19024 0.01153 0.00334 ( 1)
 177 E   0.00793 0.96864 0.00013 0.02330 ( 2)
 178 W   0.95664 0.02648 0.01635 0.00053 ( 1)
 179 Y   0.98976 0.00229 0.00792 0.00003 ( 1)
 180 E   0.94710 0.04661 0.00563 0.00066 ( 1)
 181 K   0.05148 0.83328 0.03074 0.08450 ( 2)
 182 G   0.99168 0.00198 0.00632 0.00002 ( 1)
 183 L   0.98043 0.00816 0.01129 0.00012 ( 1)
 184 Q   0.09380 0.89224 0.00109 0.01287 ( 2)
 185 E   0.06750 0.91949 0.00063 0.01239 ( 2)
 186 Q   0.97682 0.01579 0.00722 0.00017 ( 1)
 187 Y   0.98885 0.00320 0.00792 0.00004 ( 1)
 188 N   0.00168 0.86164 0.00145 0.13524 ( 2)
 189 -   0.64300 0.27971 0.05386 0.02343 ( 1)
 190 -   0.64300 0.27971 0.05386 0.02343 ( 1)
 191 T   0.96405 0.02855 0.00711 0.00029 ( 1)
 192 G   0.90409 0.08941 0.00570 0.00080 ( 1)
 193 R   0.00508 0.94549 0.00056 0.04887 ( 2)
 194 W   0.95664 0.02648 0.01635 0.00053 ( 1)
 195 D   0.21216 0.65809 0.07936 0.05039 ( 2)
 196 K   0.67346 0.31773 0.00480 0.00402 ( 1)
 197 F   0.92930 0.05920 0.01067 0.00083 ( 1)
 198 N   0.99400 0.00040 0.00560 0.00000 ( 1)
 199 N   0.81090 0.18224 0.00477 0.00209 ( 1)
 200 F   0.98003 0.00845 0.01140 0.00012 ( 1)
 201 R   0.98757 0.00498 0.00740 0.00005 ( 1)
 202 R   0.34159 0.50454 0.11897 0.03490 ( 2)
 203 N   0.97281 0.00963 0.01738 0.00018 ( 1)
 204 M   0.99489 0.00072 0.00438 0.00000 ( 1)
 205 T   0.97236 0.01402 0.01336 0.00026 ( 1)
 206 I   0.98384 0.00956 0.00649 0.00011 ( 1)
 207 M   0.86708 0.10108 0.02868 0.00316 ( 1)
 208 V   0.98929 0.00183 0.00886 0.00003 ( 1)
 209 L   0.98347 0.00888 0.00756 0.00009 ( 1)
 210 D   0.99301 0.00040 0.00659 0.00000 ( 1)
 211 T   0.76698 0.22487 0.00567 0.00248 ( 1)
 212 V   0.98970 0.00142 0.00885 0.00002 ( 1)
 213 A   0.47959 0.08937 0.42147 0.00956 ( 1)
 214 I   0.01950 0.88199 0.01001 0.08850 ( 2)
 215 W   0.95664 0.02648 0.01635 0.00053 ( 1)
 216 P   0.98988 0.00292 0.00717 0.00003 ( 1)
 217 T   0.99197 0.00146 0.00655 0.00001 ( 1)


lnL = -3237.435633

Bayes Empirical Bayes (BEB) probabilities for 4 classes (class)
(amino acids refer to 1st sequence: BT_Cry32Ea1)

   1 -   0.65040 0.25982 0.06425 0.02552 ( 1)
   2 S   0.77638 0.19482 0.02183 0.00697 ( 1)
   3 A   0.98230 0.00120 0.01647 0.00003 ( 1)
   4 I   0.86033 0.12412 0.01260 0.00295 ( 1)
   5 A   0.97288 0.00284 0.02418 0.00010 ( 1)
   6 G   0.96408 0.01926 0.01619 0.00046 ( 1)
   7 L   0.77884 0.18697 0.02636 0.00783 ( 1)
   8 F   0.82613 0.15752 0.01278 0.00358 ( 1)
   9 N   0.91200 0.07430 0.01207 0.00163 ( 1)
  10 V   0.98067 0.00151 0.01778 0.00004 ( 1)
  11 L   0.92144 0.03648 0.04015 0.00193 ( 1)
  12 L   0.86040 0.11697 0.01842 0.00421 ( 1)
  13 P   0.97674 0.00449 0.01865 0.00012 ( 1)
  14 Y   0.84917 0.12321 0.02333 0.00429 ( 1)
  15 W   0.48940 0.47332 0.01759 0.01969 ( 1)
  16 W   0.49666 0.46610 0.01786 0.01939 ( 1)
  17 P   0.97827 0.00321 0.01844 0.00008 ( 1)
  18 E   0.77355 0.20748 0.01301 0.00596 ( 1)
  19 Q   0.10160 0.87417 0.00186 0.02237 ( 2)
  20 A   0.83782 0.14422 0.01426 0.00369 ( 1)
  21 G   0.53356 0.42729 0.02038 0.01878 ( 1)
  22 A   0.07612 0.71729 0.07674 0.12985 ( 2)
  23 P   0.34674 0.62625 0.00806 0.01895 ( 2)
  24 G   0.87901 0.10372 0.01477 0.00250 ( 1)
  25 T   0.16951 0.77641 0.00828 0.04580 ( 2)
  26 P   0.39388 0.57223 0.01225 0.02164 ( 2)
  27 Q   0.72365 0.25649 0.01330 0.00657 ( 1)
  28 A   0.96923 0.01416 0.01626 0.00035 ( 1)
  29 Q   0.97983 0.00209 0.01802 0.00005 ( 1)
  30 F   0.07723 0.88214 0.00318 0.03745 ( 2)
  31 S   0.81789 0.16174 0.01487 0.00550 ( 1)
  32 W   0.41266 0.54965 0.01484 0.02286 ( 2)
  33 N   0.00377 0.82216 0.01261 0.16146 ( 2)
  34 Q   0.64900 0.32221 0.01790 0.01088 ( 1)
  35 L   0.94777 0.02048 0.03096 0.00079 ( 1)
  36 M   0.98568 0.00076 0.01354 0.00002 ( 1)
  37 T   0.01374 0.94771 0.00052 0.03803 ( 2)
  38 A   0.76024 0.20192 0.02866 0.00918 ( 1)
  39 A   0.80482 0.17329 0.01609 0.00580 ( 1)
  40 E   0.98284 0.00086 0.01628 0.00002 ( 1)
  41 E   0.04156 0.85332 0.01956 0.08556 ( 2)
  42 M   0.55318 0.41348 0.01828 0.01506 ( 1)
  43 V   0.02544 0.92197 0.00134 0.05125 ( 2)
  44 D   0.09003 0.74442 0.05630 0.10925 ( 2)
  45 K   0.93557 0.04872 0.01446 0.00125 ( 1)
  46 K   0.97816 0.00599 0.01569 0.00016 ( 1)
  47 I   0.98169 0.00149 0.01678 0.00004 ( 1)
  48 L   0.03107 0.81596 0.01826 0.13471 ( 2)
  49 E   0.84462 0.13387 0.01769 0.00383 ( 1)
  50 S   0.70569 0.27863 0.01002 0.00566 ( 1)
  51 K   0.04615 0.01696 0.92885 0.00804 ( 3)
  52 R   0.75089 0.13980 0.09293 0.01638 ( 1)
  53 G   0.03099 0.93492 0.00084 0.03325 ( 2)
  54 E   0.35530 0.18460 0.42240 0.03771 ( 3)
  55 A   0.96802 0.00982 0.02185 0.00031 ( 1)
  56 T   0.35677 0.52824 0.08769 0.02730 ( 2)
  57 A   0.96136 0.02137 0.01670 0.00057 ( 1)
  58 R   0.10656 0.00346 0.88802 0.00196 ( 3)
  59 W   0.93971 0.02544 0.03380 0.00106 ( 1)
  60 Q   0.82822 0.15254 0.01530 0.00395 ( 1)
  61 G   0.53717 0.01082 0.45037 0.00164 ( 1)
  62 I   0.67787 0.00562 0.31598 0.00053 ( 1)
  63 Q   0.97983 0.00209 0.01802 0.00005 ( 1)
  64 R   0.00021 0.84225 0.00008 0.15746 ( 2)
  65 L   0.00629 0.41040 0.22745 0.35587 ( 2)
  66 G   0.03485 0.05958 0.86755 0.03802 ( 3)
  67 R   0.00693 0.32028 0.35140 0.32139 ( 3)
  68 D   0.78051 0.19411 0.01891 0.00646 ( 1)
  69 Y   0.54110 0.07764 0.37171 0.00955 ( 1)
  70 Y   0.00673 0.19629 0.47688 0.32010 ( 3)
  71 S   0.00086 0.94463 0.00004 0.05448 ( 2)
  72 A   0.81657 0.15002 0.02712 0.00629 ( 1)
  73 L   0.27349 0.15005 0.53129 0.04517 ( 3)
  74 C   0.97612 0.00494 0.01882 0.00013 ( 1)
  75 D   0.95444 0.02479 0.02008 0.00069 ( 1)
  76 W   0.75265 0.21148 0.02706 0.00881 ( 1)
  77 I   0.11786 0.85966 0.00172 0.02076 ( 2)
  78 Q   0.00422 0.95652 0.00014 0.03911 ( 2)
  79 D   0.97654 0.00755 0.01569 0.00022 ( 1)
  80 Q   0.95136 0.03011 0.01771 0.00083 ( 1)
  81 D   0.93558 0.02569 0.03770 0.00104 ( 1)
  82 N   0.98555 0.00056 0.01388 0.00001 ( 1)
  83 A   0.39985 0.55091 0.01930 0.02994 ( 2)
  84 V   0.02925 0.83982 0.01942 0.11151 ( 2)
  85 K   0.81692 0.16021 0.01816 0.00471 ( 1)
  86 K   0.97771 0.00700 0.01511 0.00018 ( 1)
  87 E   0.00002 0.56944 0.00044 0.43009 ( 2)
  88 R   0.36409 0.61570 0.00591 0.01429 ( 2)
  89 L   0.91864 0.05532 0.02416 0.00188 ( 1)
  90 R   0.55843 0.01575 0.42367 0.00214 ( 1)
  91 D   0.98308 0.00321 0.01363 0.00008 ( 1)
  92 A   0.32833 0.64886 0.00560 0.01722 ( 2)
  93 F   0.98373 0.00102 0.01523 0.00002 ( 1)
  94 D   0.98316 0.00312 0.01364 0.00007 ( 1)
  95 D   0.85502 0.12483 0.01687 0.00328 ( 1)
  96 L   0.18463 0.67145 0.10259 0.04133 ( 2)
  97 D   0.52261 0.10641 0.35804 0.01294 ( 1)
  98 D   0.98588 0.00044 0.01367 0.00001 ( 1)
  99 Q   0.04873 0.77713 0.04107 0.13308 ( 2)
 100 L   0.57184 0.39035 0.02115 0.01666 ( 1)
 101 K   0.56484 0.02947 0.40106 0.00464 ( 1)
 102 L   0.03713 0.75471 0.04156 0.16661 ( 2)
 103 A   0.82538 0.13618 0.03228 0.00616 ( 1)
 104 M   0.98151 0.00492 0.01348 0.00010 ( 1)
 105 P   0.97801 0.00347 0.01843 0.00009 ( 1)
 106 F   0.09337 0.86231 0.00429 0.04003 ( 2)
 107 F   0.98287 0.00125 0.01586 0.00003 ( 1)
 108 S   0.00581 0.96123 0.00013 0.03282 ( 2)
 109 V   0.64206 0.12390 0.22549 0.00855 ( 1)
 110 Q   0.35413 0.62332 0.00651 0.01605 ( 2)
 111 G   0.80377 0.17353 0.01720 0.00549 ( 1)
 112 F   0.97587 0.00883 0.01511 0.00020 ( 1)
 113 E   0.98284 0.00086 0.01628 0.00002 ( 1)
 114 L   0.67832 0.29475 0.01574 0.01120 ( 1)
 115 P   0.75332 0.22445 0.01469 0.00755 ( 1)
 116 M   0.98568 0.00076 0.01354 0.00002 ( 1)
 117 L   0.96642 0.00813 0.02518 0.00027 ( 1)
 118 S   0.31874 0.63603 0.01397 0.03127 ( 2)
 119 M   0.98568 0.00076 0.01354 0.00002 ( 1)
 120 Y   0.97877 0.00237 0.01880 0.00006 ( 1)
 121 A   0.97036 0.00234 0.02721 0.00008 ( 1)
 122 Q   0.97983 0.00209 0.01802 0.00005 ( 1)
 123 A   0.97941 0.00216 0.01838 0.00006 ( 1)
 124 A   0.96868 0.00347 0.02773 0.00012 ( 1)
 125 N   0.98661 0.00043 0.01295 0.00001 ( 1)
 126 M   0.96726 0.01908 0.01328 0.00038 ( 1)
 127 H   0.96933 0.00580 0.02468 0.00018 ( 1)
 128 L   0.95035 0.01761 0.03136 0.00069 ( 1)
 129 L   0.70302 0.27415 0.01487 0.00796 ( 1)
 130 L   0.42266 0.54251 0.01381 0.02102 ( 2)
 131 L   0.96642 0.00813 0.02518 0.00027 ( 1)
 132 R   0.82868 0.14282 0.02355 0.00494 ( 1)
 133 D   0.98461 0.00057 0.01480 0.00002 ( 1)
 134 V   0.97773 0.00278 0.01941 0.00008 ( 1)
 135 V   0.93811 0.02421 0.03659 0.00109 ( 1)
 136 Q   0.02192 0.93704 0.00052 0.04052 ( 2)
 137 N   0.98086 0.00612 0.01289 0.00013 ( 1)
 138 G   0.96879 0.00429 0.02677 0.00015 ( 1)
 139 V   0.00066 0.87215 0.00057 0.12661 ( 2)
 140 S   0.15745 0.82149 0.00243 0.01864 ( 2)
 141 W   0.93971 0.02544 0.03380 0.00106 ( 1)
 142 G   0.98161 0.00175 0.01660 0.00004 ( 1)
 143 F   0.97297 0.01170 0.01507 0.00026 ( 1)
 144 A   0.00001 0.56179 0.00020 0.43800 ( 2)
 145 P   0.96576 0.01597 0.01784 0.00043 ( 1)
 146 Y   0.00032 0.84064 0.00036 0.15867 ( 2)
 147 E   0.43019 0.53575 0.01203 0.02204 ( 2)
 148 V   0.96493 0.01549 0.01915 0.00044 ( 1)
 149 D   0.98566 0.00061 0.01372 0.00001 ( 1)
 150 R   0.58539 0.36928 0.02654 0.01879 ( 1)
 151 Y   0.97791 0.00284 0.01917 0.00008 ( 1)
 152 Y   0.97877 0.00237 0.01880 0.00006 ( 1)
 153 F   0.00008 0.73568 0.00033 0.26391 ( 2)
 154 D   0.96315 0.02347 0.01281 0.00057 ( 1)
 155 P   0.00080 0.77569 0.00200 0.22151 ( 2)
 156 S   0.13152 0.83067 0.00465 0.03316 ( 2)
 157 G   0.00012 0.37205 0.00858 0.61925 ( 4)
 158 -   0.65040 0.25982 0.06425 0.02552 ( 1)
 159 Q   0.03275 0.87782 0.01326 0.07617 ( 2)
 160 R   0.02977 0.93142 0.00103 0.03779 ( 2)
 161 S   0.97554 0.00954 0.01464 0.00028 ( 1)
 162 P   0.41524 0.01165 0.57035 0.00276 ( 3)
 163 G   0.96934 0.00395 0.02657 0.00013 ( 1)
 164 L   0.96517 0.00903 0.02550 0.00030 ( 1)
 165 L   0.70250 0.26727 0.02009 0.01013 ( 1)
 166 Q   0.96767 0.01417 0.01780 0.00036 ( 1)
 167 L   0.96509 0.01073 0.02384 0.00034 ( 1)
 168 L   0.91541 0.05842 0.02420 0.00198 ( 1)
 169 G   0.01488 0.87351 0.00209 0.10952 ( 2)
 170 T   0.00088 0.94130 0.00003 0.05779 ( 2)
 171 Y   0.96825 0.00283 0.02882 0.00011 ( 1)
 172 T   0.98240 0.00136 0.01620 0.00003 ( 1)
 173 N   0.93683 0.04112 0.02086 0.00120 ( 1)
 174 Y   0.96359 0.01726 0.01868 0.00047 ( 1)
 175 C   0.97750 0.00405 0.01835 0.00010 ( 1)
 176 V   0.81917 0.15524 0.02070 0.00489 ( 1)
 177 E   0.01470 0.94820 0.00041 0.03670 ( 2)
 178 W   0.93971 0.02544 0.03380 0.00106 ( 1)
 179 Y   0.97877 0.00237 0.01880 0.00006 ( 1)
 180 E   0.94698 0.03908 0.01287 0.00107 ( 1)
 181 K   0.07863 0.77924 0.04986 0.09227 ( 2)
 182 G   0.98107 0.00204 0.01684 0.00005 ( 1)
 183 L   0.96642 0.00813 0.02518 0.00027 ( 1)
 184 Q   0.13327 0.83484 0.00368 0.02821 ( 2)
 185 E   0.10148 0.87074 0.00215 0.02564 ( 2)
 186 Q   0.96747 0.01437 0.01779 0.00037 ( 1)
 187 Y   0.97785 0.00327 0.01879 0.00009 ( 1)
 188 N   0.00320 0.84074 0.00288 0.15319 ( 2)
 189 -   0.65040 0.25982 0.06425 0.02552 ( 1)
 190 -   0.65040 0.25982 0.06425 0.02552 ( 1)
 191 T   0.95552 0.02562 0.01819 0.00067 ( 1)
 192 G   0.90969 0.07302 0.01555 0.00174 ( 1)
 193 R   0.00874 0.91972 0.00126 0.07028 ( 2)
 194 W   0.93971 0.02544 0.03380 0.00106 ( 1)
 195 D   0.27202 0.54167 0.13019 0.05612 ( 2)
 196 K   0.73154 0.25074 0.01128 0.00645 ( 1)
 197 F   0.92062 0.05214 0.02548 0.00176 ( 1)
 198 N   0.98661 0.00043 0.01295 0.00001 ( 1)
 199 N   0.83375 0.15137 0.01126 0.00361 ( 1)
 200 F   0.96452 0.00839 0.02681 0.00028 ( 1)
 201 R   0.97401 0.00499 0.02087 0.00014 ( 1)
 202 R   0.39293 0.40753 0.16163 0.03791 ( 2)
 203 N   0.95942 0.00899 0.03126 0.00033 ( 1)
 204 M   0.98568 0.00076 0.01354 0.00002 ( 1)
 205 T   0.96304 0.01381 0.02271 0.00045 ( 1)
 206 I   0.97641 0.00893 0.01445 0.00021 ( 1)
 207 M   0.86589 0.08151 0.04824 0.00435 ( 1)
 208 V   0.98025 0.00192 0.01778 0.00005 ( 1)
 209 L   0.97127 0.00893 0.01956 0.00024 ( 1)
 210 D   0.98588 0.00044 0.01367 0.00001 ( 1)
 211 T   0.79392 0.18598 0.01510 0.00500 ( 1)
 212 V   0.98067 0.00151 0.01778 0.00004 ( 1)
 213 A   0.48480 0.07363 0.43235 0.00922 ( 1)
 214 I   0.03372 0.83895 0.02038 0.10695 ( 2)
 215 W   0.93971 0.02544 0.03380 0.00106 ( 1)
 216 P   0.97848 0.00298 0.01847 0.00008 ( 1)
 217 T   0.98224 0.00153 0.01620 0.00004 ( 1)

