Supplemental results for CODEML (seqf: algn  treef: tree)


dN/dS (w) for site classes (K=4)

site class             0        1       2a       2b
proportion       0.28608  0.48812  0.08344  0.14237
background w     0.05574  0.54328  0.05574  0.54328
foreground w     0.05574  0.54328 256.09793 256.09793

Naive Empirical Bayes (NEB) probabilities for 4 classes
(amino acids refer to 1st sequence: BT_Cry1Be1)

   1 -   0.38975 0.55041 0.00836 0.05149 ( 2)
   2 S   0.00167 0.77536 0.00161 0.22136 ( 2)
   3 D   0.98698 0.00132 0.01163 0.00006 ( 1)
   4 S   0.19570 0.75347 0.00413 0.04670 ( 2)
   5 I   0.96810 0.00554 0.02609 0.00026 ( 1)
   6 T   0.87229 0.10428 0.02028 0.00315 ( 1)
   7 Q   0.00595 0.85050 0.00723 0.13632 ( 2)
   8 I   0.09141 0.80622 0.01048 0.09189 ( 2)
   9 P   0.88905 0.06523 0.04004 0.00568 ( 1)
  10 L   0.01039 0.92446 0.00036 0.06479 ( 2)
  11 V   0.72834 0.21430 0.03198 0.02538 ( 1)
  12 K   0.98409 0.00136 0.01449 0.00007 ( 1)
  13 S   0.04782 0.73583 0.05281 0.16354 ( 2)
  14 F   0.00171 0.64056 0.00704 0.35069 ( 2)
  15 N   0.00007 0.47194 0.00723 0.52076 ( 4)
  16 L   0.58816 0.18603 0.17155 0.05426 ( 1)
  17 N   0.00022 0.77398 0.00006 0.22574 ( 2)
  18 S   0.00032 0.74322 0.00288 0.25358 ( 2)
  19 G   0.00046 0.61018 0.00304 0.38632 ( 2)
  20 T   0.00438 0.04328 0.86394 0.08840 ( 3)
  21 S   0.28984 0.58113 0.02013 0.10890 ( 2)
  22 V   0.97219 0.00211 0.02554 0.00015 ( 1)
  23 V   0.72798 0.22011 0.02770 0.02421 ( 1)
  24 S   0.00039 0.36543 0.04831 0.58586 ( 4)
  25 G   0.97380 0.00519 0.02079 0.00022 ( 1)
  26 P   0.99069 0.00303 0.00624 0.00004 ( 1)
  27 G   0.95701 0.00798 0.03468 0.00034 ( 1)
  28 F   0.97030 0.01190 0.01716 0.00064 ( 1)
  29 T   0.92440 0.05002 0.02144 0.00413 ( 1)
  30 G   0.98407 0.00619 0.00961 0.00013 ( 1)
  31 G   0.97303 0.01375 0.01278 0.00044 ( 1)
  32 D   0.46990 0.46890 0.01350 0.04770 ( 1)
  33 I   0.46442 0.43955 0.03461 0.06142 ( 1)
  34 I   0.87591 0.09177 0.02286 0.00946 ( 1)
  35 R   0.66758 0.28761 0.02299 0.02183 ( 1)
  36 T   0.23335 0.58612 0.06267 0.11786 ( 2)
  37 N   0.07984 0.75289 0.00584 0.16142 ( 2)
  38 V   0.00785 0.72734 0.00199 0.26281 ( 2)
  39 N   0.01305 0.71770 0.01568 0.25358 ( 2)
  40 -   0.28608 0.48812 0.08344 0.14237 ( 2)
  41 -   0.28608 0.48812 0.08344 0.14237 ( 2)
  42 -   0.28608 0.48812 0.08344 0.14237 ( 2)
  43 G   0.00233 0.00434 0.97938 0.01395 ( 3)
  44 S   0.00562 0.84813 0.00043 0.14582 ( 2)
  45 V   0.13851 0.77809 0.00636 0.07704 ( 2)
  46 L   0.00001 0.77736 0.00000 0.22264 ( 2)
  47 S   0.02333 0.86892 0.00263 0.10511 ( 2)
  48 M   0.00265 0.82394 0.00022 0.17319 ( 2)
  49 G   0.00011 0.36951 0.01084 0.61954 ( 4)
  50 L   0.02988 0.73807 0.01585 0.21621 ( 2)
  51 N   0.01070 0.83173 0.00047 0.15710 ( 2)
  52 F   0.05498 0.72539 0.02675 0.19289 ( 2)
  53 N   0.06917 0.70682 0.09285 0.13116 ( 2)
  54 N   0.00036 0.92983 0.00003 0.06978 ( 2)
  55 -   0.24287 0.65775 0.01824 0.08114 ( 2)
  56 -   0.00939 0.76481 0.00274 0.22307 ( 2)
  57 -   0.01840 0.75579 0.00537 0.22044 ( 2)
  58 T   0.00001 0.87663 0.00002 0.12334 ( 2)
  59 S   0.01167 0.85781 0.00063 0.12988 ( 2)
  60 L   0.00001 0.85329 0.00000 0.14670 ( 2)
  61 Q   0.00372 0.62483 0.01465 0.35679 ( 2)
  62 R   0.05146 0.85162 0.00212 0.09480 ( 2)
  63 Y   0.98922 0.00215 0.00858 0.00004 ( 1)
  64 R   0.00501 0.00979 0.96577 0.01943 ( 3)
  65 V   0.02458 0.70008 0.04824 0.22710 ( 2)
  66 R   0.98517 0.00191 0.01285 0.00007 ( 1)
  67 V   0.95357 0.01702 0.02753 0.00188 ( 1)
  68 R   0.97992 0.01325 0.00663 0.00020 ( 1)
  69 Y   0.98922 0.00215 0.00858 0.00004 ( 1)
  70 A   0.97544 0.00511 0.01918 0.00026 ( 1)
  71 A   0.92177 0.05370 0.02176 0.00278 ( 1)
  72 S   0.19234 0.70690 0.01010 0.09066 ( 2)
  73 Q   0.00062 0.84960 0.00044 0.14934 ( 2)
  74 T   0.00058 0.65362 0.00481 0.34099 ( 2)
  75 M   0.00062 0.85734 0.00007 0.14196 ( 2)
  76 V   0.00241 0.52307 0.02566 0.44886 ( 2)
  77 L   0.91855 0.07120 0.00812 0.00213 ( 1)
  78 R   0.04633 0.86660 0.01848 0.06859 ( 2)
  79 V   0.21096 0.31529 0.38521 0.08854 ( 3)
  80 T   0.00347 0.85025 0.00011 0.14616 ( 2)
  81 V   0.00012 0.81079 0.00010 0.18900 ( 2)
  82 G   0.00004 0.75865 0.00003 0.24128 ( 2)
  83 -   0.00390 0.83646 0.00075 0.15888 ( 2)
  84 -   0.28608 0.48812 0.08344 0.14237 ( 2)
  85 -   0.28608 0.48812 0.08344 0.14237 ( 2)
  86 G   0.00105 0.46629 0.05514 0.47752 ( 4)
  87 S   0.00009 0.74014 0.00021 0.25955 ( 2)
  88 T   0.00510 0.82436 0.00071 0.16983 ( 2)
  89 T   0.00034 0.68720 0.00912 0.30334 ( 2)
  90 F   0.00541 0.27818 0.37535 0.34107 ( 3)
  91 D   0.00237 0.19029 0.38602 0.42132 ( 4)
  92 Q   0.00003 0.87676 0.00000 0.12321 ( 2)
  93 G   0.00000 0.38300 0.00001 0.61699 ( 4)
  94 F   0.96828 0.02068 0.01031 0.00074 ( 1)
  95 P   0.00147 0.88356 0.00007 0.11489 ( 2)
  96 S   0.01541 0.89071 0.00085 0.09303 ( 2)
  97 T   0.97114 0.00233 0.02635 0.00019 ( 1)
  98 M   0.99564 0.00083 0.00353 0.00001 ( 1)
  99 S   0.00325 0.85366 0.00410 0.13898 ( 2)
 100 A   0.00012 0.73585 0.00166 0.26237 ( 2)
 101 N   0.45290 0.50075 0.01033 0.03602 ( 2)
 102 E   0.00043 0.13271 0.29395 0.57291 ( 4)
 103 S   0.95699 0.03195 0.01003 0.00103 ( 1)
 104 L   0.66645 0.32067 0.00896 0.00392 ( 1)
 105 T   0.92733 0.04162 0.02764 0.00341 ( 1)
 106 S   0.17713 0.79683 0.00165 0.02439 ( 2)
 107 Q   0.03115 0.85217 0.00121 0.11547 ( 2)
 108 S   0.15965 0.81481 0.00371 0.02183 ( 2)
 109 F   0.98973 0.00065 0.00960 0.00002 ( 1)
 110 R   0.69154 0.29724 0.00671 0.00451 ( 1)
 111 F   0.96296 0.01835 0.01803 0.00067 ( 1)
 112 A   0.04246 0.07925 0.82382 0.05447 ( 3)
 113 E   0.00114 0.71609 0.02421 0.25856 ( 2)
 114 F   0.71333 0.21848 0.03475 0.03345 ( 1)
 115 P   0.00089 0.60357 0.00488 0.39066 ( 2)
 116 V   0.01018 0.79303 0.04430 0.15249 ( 2)
 117 G   0.00222 0.36853 0.03614 0.59311 ( 4)
 118 I   0.00892 0.55583 0.03896 0.39630 ( 2)
 119 S   0.00000 0.60175 0.00001 0.39824 ( 2)
 120 -   0.52432 0.24987 0.15293 0.07288 ( 1)
 121 A   0.00465 0.85838 0.00299 0.13398 ( 2)
 122 S   0.01129 0.74552 0.00180 0.24139 ( 2)
 123 G   0.00570 0.84241 0.00048 0.15141 ( 2)
 124 S   0.00060 0.73325 0.00088 0.26527 ( 2)
 125 Q   0.00001 0.79004 0.00001 0.20994 ( 2)
 126 T   0.00003 0.77026 0.00009 0.22961 ( 2)
 127 A   0.00000 0.65577 0.00008 0.34415 ( 2)
 128 G   0.00482 0.13709 0.68371 0.17438 ( 3)
 129 I   0.96358 0.00192 0.03425 0.00025 ( 1)
 130 -   0.28608 0.48812 0.08344 0.14237 ( 2)
 131 -   0.28608 0.48812 0.08344 0.14237 ( 2)
 132 S   0.00286 0.66146 0.04484 0.29084 ( 2)
 133 I   0.00648 0.49409 0.18899 0.31044 ( 2)
 134 S   0.00576 0.85489 0.00097 0.13838 ( 2)
 135 N   0.00028 0.14989 0.47759 0.37224 ( 3)
 136 N   0.00003 0.51561 0.00236 0.48200 ( 2)
 137 A   0.00000 0.35493 0.00003 0.64504 ( 4)
 138 G   0.00140 0.51273 0.08080 0.40507 ( 2)
 139 R   0.00000 0.34584 0.00102 0.65314 ( 4)
 140 Q   0.00015 0.68940 0.00043 0.31002 ( 2)
 141 T   0.00298 0.77201 0.01450 0.21051 ( 2)
 142 F   0.06331 0.70967 0.07334 0.15369 ( 2)
 143 H   0.89450 0.09219 0.01009 0.00322 ( 1)
 144 F   0.06881 0.54567 0.13646 0.24907 ( 2)
 145 D   0.98415 0.00665 0.00914 0.00006 ( 1)
 146 K   0.00719 0.69749 0.10597 0.18935 ( 2)
 147 I   0.90640 0.06530 0.02469 0.00361 ( 1)
 148 E   0.98488 0.00596 0.00912 0.00005 ( 1)
 149 F   0.24007 0.28247 0.39387 0.08359 ( 3)
 150 I   0.76176 0.01244 0.22218 0.00363 ( 1)
 151 -   0.28608 0.48812 0.08344 0.14237 ( 2)


lnL = -2550.579691

