Supplemental results for CODEML (seqf: algn  treef: tree)


dN/dS (w) for site classes (K=4)

site class             0        1       2a       2b
proportion       0.63669  0.30251  0.04121  0.01958
background w     0.11600  1.00000  0.11600  1.00000
foreground w     0.11600  1.00000  1.00000  1.00000

Naive Empirical Bayes (NEB) probabilities for 4 classes
(amino acids refer to 1st sequence: BT_Cry3Aa10)

   1 -   0.66026 0.27895 0.04274 0.01806 ( 1)
   2 -   0.33467 0.60454 0.02166 0.03913 ( 2)
   3 -   0.90719 0.03202 0.05872 0.00207 ( 1)
   4 K   0.88950 0.04165 0.06616 0.00270 ( 1)
   5 I   0.97435 0.00379 0.02161 0.00025 ( 1)
   6 T   0.61783 0.25665 0.10891 0.01661 ( 1)
   7 Q   0.83047 0.01452 0.15408 0.00094 ( 1)
   8 L   0.96054 0.01453 0.02400 0.00094 ( 1)
   9 P   0.96051 0.01614 0.02230 0.00104 ( 1)
  10 L   0.46393 0.43939 0.06824 0.02844 ( 1)
  11 V   0.97954 0.00196 0.01837 0.00013 ( 1)
  12 K   0.96529 0.00542 0.02894 0.00035 ( 1)
  13 A   0.16326 0.75304 0.03495 0.04874 ( 2)
  14 Y   0.87846 0.07528 0.04138 0.00487 ( 1)
  15 K   0.65237 0.24260 0.08933 0.01570 ( 1)
  16 L   0.97146 0.00353 0.02478 0.00023 ( 1)
  17 Q   0.15488 0.79059 0.00336 0.05118 ( 2)
  18 S   0.64883 0.19236 0.14636 0.01245 ( 1)
  19 G   0.98162 0.00073 0.01760 0.00005 ( 1)
  20 A   0.93315 0.03584 0.02869 0.00232 ( 1)
  21 S   0.93471 0.02332 0.04046 0.00151 ( 1)
  22 V   0.97954 0.00183 0.01850 0.00012 ( 1)
  23 V   0.58227 0.34231 0.05326 0.02216 ( 1)
  24 A   0.01562 0.92407 0.00050 0.05982 ( 2)
  25 G   0.98162 0.00073 0.01760 0.00005 ( 1)
  26 P   0.97936 0.00084 0.01974 0.00005 ( 1)
  27 R   0.96410 0.01513 0.01980 0.00098 ( 1)
  28 F   0.98319 0.00057 0.01621 0.00004 ( 1)
  29 T   0.97856 0.00253 0.01875 0.00016 ( 1)
  30 G   0.96663 0.00233 0.03089 0.00015 ( 1)
  31 G   0.97891 0.00118 0.01982 0.00008 ( 1)
  32 D   0.98042 0.00420 0.01510 0.00027 ( 1)
  33 I   0.80368 0.03132 0.16298 0.00203 ( 1)
  34 I   0.50654 0.44407 0.02065 0.02874 ( 1)
  35 Q   0.78811 0.18609 0.01375 0.01205 ( 1)
  36 C   0.89488 0.08424 0.01543 0.00545 ( 1)
  37 T   0.84847 0.02327 0.12676 0.00151 ( 1)
  38 E   0.19932 0.71301 0.04152 0.04615 ( 2)
  39 N   0.18224 0.73607 0.03405 0.04765 ( 2)
  40 G   0.94343 0.03246 0.02201 0.00210 ( 1)
  41 S   0.01955 0.90826 0.01339 0.05879 ( 2)
  42 A   0.64574 0.31358 0.02038 0.02030 ( 1)
  43 A   0.68768 0.26033 0.03513 0.01685 ( 1)
  44 T   0.17322 0.72715 0.05256 0.04707 ( 2)
  45 I   0.44452 0.45108 0.07520 0.02920 ( 2)
  46 Y   0.00688 0.93095 0.00192 0.06026 ( 2)
  47 V   0.93331 0.03131 0.03334 0.00203 ( 1)
  48 T   0.06181 0.81187 0.07377 0.05255 ( 2)
  49 P   0.47496 0.47762 0.01651 0.03092 ( 2)
  50 -   0.63669 0.30251 0.04121 0.01958 ( 1)
  51 D   0.37074 0.58347 0.00802 0.03777 ( 2)
  52 V   0.00457 0.93261 0.00245 0.06037 ( 2)
  53 S   0.00949 0.92369 0.00703 0.05979 ( 2)
  54 Y   0.52048 0.43575 0.01556 0.02821 ( 1)
  55 S   0.93076 0.04019 0.02645 0.00260 ( 1)
  56 Q   0.24277 0.07476 0.67764 0.00484 ( 3)
  57 K   0.38971 0.41511 0.16831 0.02687 ( 2)
  58 H   0.96830 0.01104 0.01995 0.00071 ( 1)
  59 R   0.97344 0.00280 0.02358 0.00018 ( 1)
  60 A   0.90724 0.05719 0.03186 0.00370 ( 1)
  61 R   0.98269 0.00065 0.01662 0.00004 ( 1)
  62 I   0.97964 0.00220 0.01802 0.00014 ( 1)
  63 H   0.94167 0.03333 0.02284 0.00216 ( 1)
  64 Y   0.97785 0.00178 0.02026 0.00012 ( 1)
  65 A   0.98098 0.00138 0.01755 0.00009 ( 1)
  66 S   0.97862 0.00148 0.01980 0.00010 ( 1)
  67 T   0.93056 0.04411 0.02247 0.00286 ( 1)
  68 S   0.66710 0.30062 0.01282 0.01946 ( 1)
  69 Q   0.03954 0.85136 0.05398 0.05511 ( 2)
  70 I   0.20830 0.69635 0.05027 0.04508 ( 2)
  71 T   0.26671 0.68231 0.00681 0.04417 ( 2)
  72 F   0.97815 0.00177 0.01996 0.00011 ( 1)
  73 T   0.02721 0.91272 0.00099 0.05908 ( 2)
  74 L   0.05132 0.88974 0.00134 0.05759 ( 2)
  75 S   0.19738 0.49287 0.27785 0.03190 ( 2)
  76 L   0.06479 0.86911 0.00985 0.05626 ( 2)
  77 D   0.09820 0.83194 0.01600 0.05385 ( 2)
  78 G   0.97576 0.00316 0.02088 0.00020 ( 1)
  79 A   0.09186 0.85053 0.00256 0.05505 ( 2)
  80 P   0.00724 0.92537 0.00748 0.05990 ( 2)
  81 F   0.45515 0.50085 0.01158 0.03242 ( 2)
  82 N   0.97279 0.01144 0.01503 0.00074 ( 1)
  83 Q   0.22941 0.71930 0.00473 0.04656 ( 2)
  84 Y   0.02655 0.87196 0.04505 0.05644 ( 2)
  85 Y   0.01659 0.91986 0.00400 0.05954 ( 2)
  86 F   0.88551 0.09357 0.01486 0.00606 ( 1)
  87 D   0.53374 0.41759 0.02164 0.02703 ( 1)
  88 K   0.86713 0.00993 0.12230 0.00064 ( 1)
  89 T   0.97791 0.00269 0.01922 0.00017 ( 1)
  90 I   0.97999 0.00277 0.01706 0.00018 ( 1)
  91 N   0.77629 0.09929 0.11800 0.00643 ( 1)
  92 K   0.63454 0.20399 0.14826 0.01320 ( 1)
  93 G   0.97891 0.00118 0.01982 0.00008 ( 1)
  94 D   0.34165 0.61172 0.00703 0.03960 ( 2)
  95 T   0.17447 0.77125 0.00435 0.04992 ( 2)
  96 L   0.97146 0.00353 0.02478 0.00023 ( 1)
  97 T   0.96022 0.00736 0.03194 0.00048 ( 1)
  98 Y   0.84349 0.01142 0.14435 0.00074 ( 1)
  99 N   0.19825 0.61178 0.15036 0.03960 ( 2)
 100 S   0.41479 0.43872 0.11809 0.02840 ( 2)
 101 F   0.98319 0.00057 0.01621 0.00004 ( 1)
 102 N   0.77630 0.19706 0.01388 0.01276 ( 1)
 103 L   0.90461 0.07545 0.01506 0.00488 ( 1)
 104 A   0.98026 0.00159 0.01805 0.00010 ( 1)
 105 S   0.94762 0.03333 0.01689 0.00216 ( 1)
 106 F   0.97115 0.01182 0.01627 0.00077 ( 1)
 107 S   0.06749 0.87399 0.00195 0.05657 ( 2)
 108 T   0.93848 0.03892 0.02009 0.00252 ( 1)
 109 P   0.96396 0.01539 0.01966 0.00100 ( 1)
 110 F   0.95488 0.00847 0.03610 0.00055 ( 1)
 111 E   0.03971 0.88014 0.02317 0.05697 ( 2)
 112 L   0.97745 0.00595 0.01622 0.00039 ( 1)
 113 S   0.01411 0.90520 0.02209 0.05859 ( 2)
 114 G   0.41092 0.51503 0.04071 0.03334 ( 2)
 115 N   0.06497 0.86616 0.01280 0.05607 ( 2)
 116 N   0.04664 0.88561 0.01043 0.05733 ( 2)
 117 -   0.59091 0.30060 0.08903 0.01946 ( 1)
 118 -   0.34782 0.60451 0.00854 0.03913 ( 2)
 119 L   0.89566 0.07047 0.02931 0.00456 ( 1)
 120 Q   0.06111 0.87963 0.00232 0.05694 ( 2)
 121 I   0.97995 0.00235 0.01755 0.00015 ( 1)
 122 G   0.88901 0.07383 0.03238 0.00478 ( 1)
 123 V   0.94179 0.03488 0.02108 0.00226 ( 1)
 124 T   0.03700 0.89722 0.00771 0.05808 ( 2)
 125 G   0.01509 0.92477 0.00028 0.05986 ( 2)
 126 L   0.81750 0.05646 0.12239 0.00365 ( 1)
 127 S   0.01789 0.89655 0.02753 0.05803 ( 2)
 128 A   0.20198 0.74376 0.00612 0.04814 ( 2)
 129 G   0.95693 0.01914 0.02269 0.00124 ( 1)
 130 D   0.82975 0.14036 0.02080 0.00909 ( 1)
 131 K   0.91034 0.06709 0.01823 0.00434 ( 1)
 132 V   0.97912 0.00252 0.01819 0.00016 ( 1)
 133 Y   0.97847 0.00129 0.02016 0.00008 ( 1)
 134 I   0.86821 0.10789 0.01692 0.00698 ( 1)
 135 D   0.96205 0.00481 0.03283 0.00031 ( 1)
 136 K   0.73490 0.10214 0.15634 0.00661 ( 1)
 137 I   0.66894 0.29718 0.01464 0.01924 ( 1)
 138 E   0.98226 0.00082 0.01687 0.00005 ( 1)
 139 F   0.68009 0.28620 0.01519 0.01853 ( 1)
 140 I   0.94319 0.01777 0.03789 0.00115 ( 1)
 141 P   0.93684 0.03909 0.02153 0.00253 ( 1)


lnL = -1867.087606

