Supplemental results for CODEML (seqf: algn  treef: tree)


dN/dS (w) for site classes (K=4)

site class             0        1       2a       2b
proportion       0.34517  0.40569  0.11453  0.13461
background w     0.10230  1.00000  0.10230  1.00000
foreground w     0.10230  1.00000  1.00000  1.00000

Naive Empirical Bayes (NEB) probabilities for 4 classes
(amino acids refer to 1st sequence: BT_Cry7Cb1)

   1 E   0.82393 0.01972 0.14980 0.00654 ( 1)
   2 T   0.81381 0.01078 0.17183 0.00358 ( 1)
   3 V   0.01814 0.73361 0.00483 0.24342 ( 2)
   4 T   0.68556 0.12741 0.14475 0.04228 ( 1)
   5 E   0.74407 0.05302 0.18532 0.01759 ( 1)
   6 L   0.80230 0.01689 0.17520 0.00560 ( 1)
   7 T   0.81381 0.01078 0.17183 0.00358 ( 1)
   8 R   0.82085 0.00367 0.17426 0.00122 ( 1)
   9 Q   0.80001 0.02293 0.16945 0.00761 ( 1)
  10 I   0.76549 0.05509 0.16114 0.01828 ( 1)
  11 F   0.26438 0.46770 0.11272 0.15519 ( 2)
  12 T   0.82840 0.00831 0.16054 0.00276 ( 1)
  13 D   0.81462 0.00968 0.17249 0.00321 ( 1)
  14 P   0.80658 0.00644 0.18484 0.00214 ( 1)
  15 I   0.57690 0.21916 0.13123 0.07272 ( 1)
  16 G   0.81561 0.01887 0.15926 0.00626 ( 1)
  17 L   0.29270 0.27876 0.33604 0.09250 ( 3)
  18 R   0.10567 0.64519 0.03506 0.21408 ( 2)
  19 G   0.54195 0.20891 0.17982 0.06932 ( 1)
  20 I   0.62453 0.12633 0.20723 0.04192 ( 1)
  21 N   0.63626 0.11460 0.21112 0.03803 ( 1)
  22 E   0.49314 0.25772 0.16363 0.08551 ( 1)
  23 S   0.10262 0.64824 0.03405 0.21509 ( 2)
  24 K   0.59738 0.15347 0.19822 0.05092 ( 1)
  25 Y   0.57851 0.17235 0.19195 0.05719 ( 1)
  26 P   0.81636 0.00625 0.17532 0.00207 ( 1)
  27 D   0.78421 0.02365 0.18429 0.00785 ( 1)
  28 W   0.75765 0.01497 0.22241 0.00497 ( 1)
  29 Y   0.53341 0.25321 0.12937 0.08402 ( 1)
  30 G   0.09748 0.65219 0.03392 0.21640 ( 2)
  31 A   0.00434 0.74550 0.00280 0.24736 ( 2)
  32 A   0.03678 0.69250 0.04093 0.22978 ( 2)
  33 S   0.64707 0.12972 0.18016 0.04304 ( 1)
  34 -   0.77815 0.06053 0.14124 0.02008 ( 1)
  35 -   0.63915 0.16022 0.14747 0.05316 ( 1)
  36 D   0.00016 0.74969 0.00140 0.24875 ( 2)
  37 S   0.01620 0.73517 0.00469 0.24394 ( 2)
  38 F   0.76325 0.01562 0.21595 0.00518 ( 1)
  39 S   0.01448 0.73727 0.00361 0.24464 ( 2)
  40 L   0.43438 0.34346 0.10820 0.11396 ( 1)
  41 I   0.82654 0.00606 0.16540 0.00201 ( 1)
  42 E   0.82169 0.00335 0.17386 0.00111 ( 1)
  43 N   0.78684 0.04360 0.15509 0.01447 ( 1)
  44 R   0.00517 0.74588 0.00146 0.24749 ( 2)
  45 A   0.72273 0.08952 0.15804 0.02970 ( 1)
  46 V   0.17600 0.58460 0.04543 0.19397 ( 2)
  47 P   0.21711 0.53584 0.06925 0.17780 ( 2)
  48 Q   0.01255 0.73875 0.00358 0.24512 ( 2)
  49 P   0.76607 0.05146 0.16540 0.01707 ( 1)
  50 S   0.00014 0.75072 0.00004 0.24910 ( 2)
  51 L   0.06338 0.57076 0.17647 0.18938 ( 2)
  52 F   0.45308 0.10000 0.41374 0.03318 ( 1)
  53 Q   0.62082 0.18668 0.13056 0.06194 ( 1)
  54 W   0.04059 0.67016 0.06689 0.22236 ( 2)
  55 L   0.72131 0.04496 0.21881 0.01492 ( 1)
  56 T   0.01040 0.72636 0.02223 0.24101 ( 2)
  57 E   0.01670 0.73477 0.00473 0.24380 ( 2)
  58 F   0.66128 0.14580 0.14453 0.04838 ( 1)
  59 K   0.00095 0.74818 0.00262 0.24825 ( 2)
  60 V   0.02511 0.26049 0.62797 0.08643 ( 3)
  61 Y   0.00026 0.75060 0.00008 0.24906 ( 2)
  62 T   0.01222 0.72746 0.01893 0.24138 ( 2)
  63 K   0.18699 0.58081 0.03948 0.19272 ( 2)
  64 Y   0.00007 0.75079 0.00002 0.24912 ( 2)
  65 V   0.62266 0.17417 0.14537 0.05779 ( 1)
  66 E   0.00032 0.75055 0.00010 0.24904 ( 2)
  67 P   0.13925 0.61689 0.03917 0.20469 ( 2)
  68 N   0.02184 0.72885 0.00747 0.24184 ( 2)
  69 D   0.06071 0.69148 0.01836 0.22944 ( 2)
  70 K   0.00931 0.74178 0.00278 0.24613 ( 2)
  71 L   0.00004 0.75074 0.00011 0.24910 ( 2)
  72 T   0.01367 0.73784 0.00367 0.24482 ( 2)
  73 I   0.66227 0.08859 0.21975 0.02939 ( 1)
  74 L   0.05206 0.69880 0.01727 0.23187 ( 2)
  75 A   0.00790 0.74358 0.00179 0.24673 ( 2)
  76 G   0.03797 0.67859 0.05828 0.22516 ( 2)
  77 H   0.00774 0.74318 0.00248 0.24660 ( 2)
  78 S   0.30334 0.10465 0.55729 0.03472 ( 3)
  79 V   0.41792 0.35816 0.10509 0.11884 ( 1)
  80 T   0.08285 0.67541 0.01763 0.22411 ( 2)
  81 T   0.81691 0.00789 0.17258 0.00262 ( 1)
  82 Q   0.00130 0.74958 0.00041 0.24872 ( 2)
  83 Y   0.12468 0.62894 0.03769 0.20869 ( 2)
  84 T   0.11510 0.64014 0.03235 0.21241 ( 2)
  85 S   0.00066 0.74954 0.00109 0.24871 ( 2)
  86 Y   0.00220 0.74856 0.00086 0.24838 ( 2)
  87 Y   0.08248 0.67767 0.01499 0.22486 ( 2)
  88 K   0.00101 0.74871 0.00185 0.24843 ( 2)
  89 K   0.00261 0.74299 0.00787 0.24653 ( 2)
  90 -   0.00902 0.72388 0.02691 0.24019 ( 2)
  91 -   0.03954 0.71380 0.00982 0.23684 ( 2)
  92 -   0.04937 0.67798 0.04769 0.22496 ( 2)
  93 -   0.00324 0.74496 0.00462 0.24718 ( 2)
  94 -   0.00120 0.74880 0.00155 0.24846 ( 2)
  95 -   0.02117 0.54736 0.24984 0.18162 ( 2)
  96 -   0.04876 0.70531 0.01190 0.23403 ( 2)
  97 -   0.22606 0.54289 0.05092 0.18013 ( 2)
  98 -   0.47158 0.29282 0.13844 0.09716 ( 1)
  99 -   0.62095 0.16850 0.15465 0.05591 ( 1)
 100 -   0.56707 0.20613 0.15841 0.06840 ( 1)
 101 -   0.23892 0.53116 0.05367 0.17625 ( 2)
 102 -   0.72351 0.09238 0.15346 0.03065 ( 1)
 103 -   0.20744 0.32905 0.35432 0.10918 ( 3)
 104 -   0.72351 0.09238 0.15346 0.03065 ( 1)
 105 -   0.00253 0.74549 0.00462 0.24736 ( 2)
 106 -   0.03951 0.71371 0.00997 0.23682 ( 2)
 107 -   0.20837 0.55285 0.05533 0.18344 ( 2)
 108 -   0.00281 0.74677 0.00263 0.24779 ( 2)
 109 -   0.25458 0.51434 0.06042 0.17066 ( 2)
 110 -   0.00014 0.75002 0.00098 0.24886 ( 2)
 111 -   0.59119 0.19532 0.14868 0.06481 ( 1)
 112 -   0.07242 0.57098 0.16714 0.18946 ( 2)
 113 -   0.00228 0.74735 0.00240 0.24798 ( 2)
 114 -   0.21392 0.32476 0.35357 0.10776 ( 3)
 115 -   0.15734 0.40009 0.30981 0.13276 ( 2)
 116 -   0.06195 0.69266 0.01556 0.22983 ( 2)
 117 -   0.01350 0.57916 0.21516 0.19217 ( 2)
 118 S   0.05989 0.65053 0.07374 0.21585 ( 2)
 119 T   0.80319 0.02789 0.15966 0.00926 ( 1)
 120 F   0.79755 0.03092 0.16128 0.01026 ( 1)
 121 T   0.49316 0.31094 0.09273 0.10317 ( 1)
 122 Y   0.11910 0.63520 0.03493 0.21077 ( 2)
 123 G   0.51624 0.26542 0.13027 0.08807 ( 1)
 124 D   0.10397 0.65368 0.02546 0.21690 ( 2)
 125 T   0.05271 0.70252 0.01167 0.23310 ( 2)
 126 S   0.71491 0.09772 0.15494 0.03243 ( 1)
 127 S   0.00231 0.74555 0.00477 0.24738 ( 2)
 128 A   0.08525 0.66975 0.02277 0.22223 ( 2)
 129 N   0.43515 0.35482 0.09229 0.11773 ( 1)
 130 S   0.08185 0.59622 0.12409 0.19783 ( 2)
 131 S   0.04599 0.70907 0.00966 0.23528 ( 2)
 132 R   0.00703 0.74460 0.00131 0.24706 ( 2)
 133 T   0.20287 0.55894 0.05273 0.18546 ( 2)
 134 F   0.27109 0.48838 0.07849 0.16205 ( 2)
 135 D   0.16278 0.40915 0.29231 0.13576 ( 2)
 136 L   0.01451 0.73410 0.00780 0.24358 ( 2)
 137 L   0.78458 0.01502 0.19541 0.00499 ( 1)
 138 A   0.72532 0.09705 0.14543 0.03220 ( 1)
 139 K   0.71539 0.06569 0.19712 0.02180 ( 1)
 140 D   0.05738 0.69475 0.01735 0.23052 ( 2)
 141 V   0.16727 0.59397 0.04168 0.19708 ( 2)
 142 Y   0.24010 0.52416 0.06182 0.17392 ( 2)
 143 Q   0.00903 0.74214 0.00257 0.24625 ( 2)
 144 V   0.00054 0.75013 0.00044 0.24890 ( 2)
 145 D   0.70200 0.11812 0.14069 0.03919 ( 1)
 146 S   0.00951 0.74162 0.00279 0.24608 ( 2)
 147 V   0.00032 0.75004 0.00077 0.24887 ( 2)
 148 A   0.76682 0.03843 0.18199 0.01275 ( 1)
 149 A   0.00013 0.74871 0.00272 0.24843 ( 2)
 150 A   0.05631 0.69881 0.01301 0.23187 ( 2)
 151 S   0.00845 0.74274 0.00237 0.24645 ( 2)
 152 K   0.76423 0.04270 0.17890 0.01417 ( 1)
 153 S   0.10070 0.65500 0.02696 0.21734 ( 2)
 154 A   0.18195 0.41456 0.26594 0.13756 ( 2)
 155 T   0.64861 0.15752 0.14160 0.05227 ( 1)
 156 W   0.01335 0.72677 0.01873 0.24115 ( 2)
 157 Y   0.57851 0.17235 0.19195 0.05719 ( 1)
 158 L   0.00876 0.74209 0.00291 0.24623 ( 2)
 159 A   0.49419 0.25667 0.16398 0.08517 ( 1)
 160 V   0.57075 0.18011 0.18938 0.05976 ( 1)
 161 P   0.58479 0.16607 0.19404 0.05510 ( 1)
 162 E   0.00033 0.75052 0.00011 0.24903 ( 2)
 163 M   0.00066 0.74978 0.00077 0.24879 ( 2)
 164 R   0.02805 0.68494 0.05974 0.22727 ( 2)
 165 L   0.00336 0.74519 0.00419 0.24726 ( 2)
 166 Y   0.33326 0.27483 0.30071 0.09119 ( 1)
 167 S   0.00912 0.74221 0.00240 0.24627 ( 2)
 168 I   0.07279 0.68031 0.02118 0.22573 ( 2)
 169 N   0.28125 0.48397 0.07420 0.16059 ( 2)
 170 T   0.00512 0.74598 0.00138 0.24752 ( 2)
 171 N   0.00638 0.74509 0.00130 0.24723 ( 2)
 172 N   0.03559 0.20103 0.69667 0.06671 ( 3)
 173 I   0.00005 0.75072 0.00013 0.24910 ( 2)
 174 L   0.16659 0.42877 0.26237 0.14227 ( 2)
 175 S   0.32925 0.44238 0.08158 0.14679 ( 2)
 176 E   0.75865 0.07038 0.14761 0.02335 ( 1)
 177 D   0.19854 0.55231 0.06588 0.18326 ( 2)
 178 Y   0.01401 0.73685 0.00465 0.24449 ( 2)
 179 F   0.57178 0.17908 0.18972 0.05942 ( 1)
 180 S   0.38980 0.39528 0.08376 0.13116 ( 2)
 181 L   0.13182 0.62700 0.03313 0.20804 ( 2)
 182 S   0.00043 0.75045 0.00011 0.24901 ( 2)
 183 T   0.59787 0.20774 0.12546 0.06893 ( 1)
 184 N   0.60622 0.20584 0.11964 0.06830 ( 1)
 185 I   0.82654 0.00606 0.16540 0.00201 ( 1)
 186 P   0.77693 0.00796 0.21247 0.00264 ( 1)
 187 S   0.56810 0.22454 0.13286 0.07450 ( 1)
 188 S   0.18012 0.47883 0.18217 0.15888 ( 2)
 189 K   0.05604 0.24735 0.61454 0.08207 ( 3)
 190 M   0.00039 0.75050 0.00009 0.24902 ( 2)
 191 R   0.07867 0.61355 0.10420 0.20358 ( 2)
 192 R   0.01412 0.73779 0.00329 0.24481 ( 2)
 193 M   0.06138 0.69321 0.01540 0.23001 ( 2)
 194 Y   0.58314 0.21740 0.12732 0.07214 ( 1)
 195 S   0.26196 0.13515 0.55804 0.04485 ( 3)
 196 S   0.66275 0.13134 0.16233 0.04358 ( 1)
 197 E   0.81386 0.02570 0.15191 0.00853 ( 1)
 198 E   0.13389 0.61697 0.04443 0.20472 ( 2)
 199 L   0.51164 0.23922 0.16977 0.07937 ( 1)
 200 P   0.42534 0.32552 0.14113 0.10801 ( 1)
 201 I   0.60439 0.14647 0.20054 0.04860 ( 1)
 202 G   0.17801 0.57285 0.05907 0.19008 ( 2)
 203 I   0.02160 0.72926 0.00717 0.24197 ( 2)
 204 S   0.08269 0.66817 0.02744 0.22171 ( 2)
 205 D   0.59247 0.15839 0.19659 0.05256 ( 1)
 206 T   0.00193 0.74893 0.00064 0.24850 ( 2)
 207 P   0.58479 0.16607 0.19404 0.05510 ( 1)
 208 I   0.62453 0.12633 0.20723 0.04192 ( 1)
 209 Y   0.57851 0.17235 0.19195 0.05719 ( 1)
 210 G   0.54195 0.20891 0.17982 0.06932 ( 1)
 211 D   0.62908 0.12178 0.20873 0.04041 ( 1)
 212 L   0.36804 0.38282 0.12212 0.12702 ( 2)
 213 E   0.47368 0.27718 0.15717 0.09197 ( 1)
 214 E   0.58468 0.16618 0.19400 0.05514 ( 1)
 215 Y   0.81927 0.00362 0.17591 0.00120 ( 1)
 216 S   0.34625 0.41489 0.10119 0.13767 ( 2)
 217 H   0.82604 0.00201 0.17128 0.00067 ( 1)
 218 R   0.81689 0.00728 0.17341 0.00242 ( 1)
 219 L   0.77694 0.01606 0.20167 0.00533 ( 1)
 220 S   0.76218 0.05832 0.16015 0.01935 ( 1)
 221 F   0.25759 0.50069 0.07558 0.16613 ( 2)
 222 I   0.72190 0.10018 0.14468 0.03324 ( 1)
 223 S   0.40649 0.38553 0.08005 0.12792 ( 1)
 224 E   0.49851 0.28479 0.12220 0.09450 ( 1)
 225 I   0.82025 0.01409 0.16098 0.00468 ( 1)
 226 M   0.15577 0.60527 0.03813 0.20083 ( 2)
 227 H   0.00485 0.74640 0.00109 0.24766 ( 2)
 228 N   0.00477 0.74641 0.00116 0.24767 ( 2)
 229 S   0.51419 0.25709 0.14342 0.08530 ( 1)
 230 G   0.00070 0.74693 0.00453 0.24784 ( 2)
 231 S   0.03822 0.28806 0.57814 0.09558 ( 3)
 232 V   0.34517 0.40569 0.11453 0.13461 ( 2)
 233 T   0.34517 0.40569 0.11453 0.13461 ( 2)
 234 G   0.34517 0.40569 0.11453 0.13461 ( 2)
 235 S   0.34517 0.40569 0.11453 0.13461 ( 2)
 236 N   0.34517 0.40569 0.11453 0.13461 ( 2)
 237 N   0.65479 0.15379 0.14038 0.05103 ( 1)
 238 I   0.71352 0.11482 0.13356 0.03810 ( 1)
 239 K   0.77767 0.04283 0.16529 0.01421 ( 1)
 240 G   0.52337 0.24825 0.14601 0.08237 ( 1)
 241 I   0.68045 0.14722 0.12349 0.04885 ( 1)
 242 I   0.83672 0.00426 0.15760 0.00141 ( 1)
 243 P   0.22866 0.54024 0.05184 0.17926 ( 2)
 244 V   0.78240 0.03804 0.16693 0.01262 ( 1)
 245 L   0.68260 0.12807 0.14684 0.04249 ( 1)
 246 G   0.80239 0.00760 0.18749 0.00252 ( 1)
 247 W   0.75765 0.01497 0.22241 0.00497 ( 1)
 248 T   0.79657 0.02264 0.17327 0.00751 ( 1)
 249 H   0.82604 0.00201 0.17128 0.00067 ( 1)
 250 T   0.00409 0.74517 0.00348 0.24726 ( 2)
 251 S   0.75573 0.05893 0.16579 0.01955 ( 1)


lnL = -3464.855125

