Supplemental results for CODEML (seqf: algn  treef: tree)


dN/dS (w) for site classes (K=4)

site class             0        1       2a       2b
proportion       0.14589  0.04635  0.61299  0.19476
background w     0.02538  0.65350  0.02538  0.65350
foreground w     0.02538  0.65350  0.05896  0.05896

Naive Empirical Bayes (NEB) probabilities for 4 classes
(amino acids refer to 1st sequence: BT_Cry32Ma1)

   1 -   0.14882 0.04343 0.62530 0.18246 ( 3)
   2 -   0.14589 0.04635 0.61300 0.19476 ( 3)
   3 L   0.11646 0.06496 0.48353 0.33506 ( 3)
   4 G   0.19416 0.00089 0.79969 0.00525 ( 3)
   5 R   0.00247 0.14646 0.01020 0.84086 ( 4)
   6 A   0.16808 0.02129 0.69497 0.11566 ( 3)
   7 A   0.19390 0.00120 0.79783 0.00707 ( 3)
   8 G   0.18603 0.00693 0.76620 0.04084 ( 3)
   9 L   0.06119 0.11157 0.25409 0.57315 ( 4)
  10 I   0.10806 0.06141 0.44290 0.38763 ( 3)
  11 N   0.17955 0.01146 0.73714 0.07185 ( 3)
  12 I   0.00352 0.14152 0.01449 0.84047 ( 4)
  13 I   0.19438 0.00089 0.79937 0.00535 ( 3)
  14 F   0.18295 0.00921 0.75354 0.05429 ( 3)
  15 G   0.19447 0.00067 0.80093 0.00394 ( 3)
  16 F   0.12231 0.05425 0.50377 0.31967 ( 3)
  17 L   0.18936 0.00344 0.79131 0.01589 ( 3)
  18 W   0.19275 0.00033 0.80540 0.00153 ( 3)
  19 G   0.00088 0.14599 0.00362 0.84951 ( 4)
  20 T   0.01482 0.13410 0.06096 0.79012 ( 4)
  21 L   0.01104 0.14500 0.04566 0.79830 ( 4)
  22 A   0.06102 0.10011 0.25108 0.58780 ( 4)
  23 G   0.00383 0.14423 0.01577 0.83617 ( 4)
  24 -   0.15802 0.03422 0.66398 0.14378 ( 3)
  25 -   0.15351 0.03874 0.64500 0.16276 ( 3)
  26 Q   0.10999 0.06835 0.45568 0.36598 ( 3)
  27 S   0.00389 0.16063 0.01615 0.81933 ( 4)
  28 V   0.00706 0.14112 0.02903 0.82280 ( 4)
  29 W   0.19275 0.00033 0.80540 0.00153 ( 3)
  30 E   0.16940 0.01911 0.69508 0.11641 ( 3)
  31 K   0.00354 0.47592 0.03344 0.48710 ( 4)
  32 F   0.17959 0.01171 0.73972 0.06898 ( 3)
  33 M   0.19505 0.00018 0.80372 0.00105 ( 3)
  34 R   0.00168 0.23763 0.00724 0.75345 ( 4)
  35 A   0.13004 0.05221 0.53819 0.27956 ( 3)
  36 V   0.19400 0.00130 0.79685 0.00784 ( 3)
  37 E   0.19300 0.00120 0.79943 0.00637 ( 3)
  38 S   0.04261 0.11980 0.17621 0.66139 ( 4)
  39 L   0.19197 0.00219 0.79375 0.01210 ( 3)
  40 V   0.18772 0.00584 0.77107 0.03536 ( 3)
  41 N   0.09593 0.07011 0.39310 0.44085 ( 4)
  42 Q   0.19369 0.00060 0.80248 0.00322 ( 3)
  43 K   0.19498 0.00064 0.80045 0.00393 ( 3)
  44 I   0.19436 0.00091 0.79929 0.00544 ( 3)
  45 T   0.19438 0.00087 0.79951 0.00523 ( 3)
  46 D   0.19537 0.00067 0.79963 0.00432 ( 3)
  47 A   0.18418 0.00838 0.75787 0.04957 ( 3)
  48 V   0.18983 0.00302 0.79314 0.01401 ( 3)
  49 R   0.19438 0.00057 0.80176 0.00329 ( 3)
  50 V   0.00011 0.37630 0.00090 0.62270 ( 4)
  51 K   0.04196 0.11088 0.17225 0.67491 ( 4)
  52 A   0.19059 0.00232 0.79636 0.01074 ( 3)
  53 L   0.02186 0.23765 0.19505 0.54544 ( 4)
  54 S   0.16530 0.02435 0.68687 0.12347 ( 3)
  55 E   0.00141 0.14069 0.00577 0.85214 ( 4)
  56 L   0.19204 0.00185 0.79644 0.00968 ( 3)
  57 E   0.18799 0.00572 0.77104 0.03526 ( 3)
  58 G   0.19348 0.00135 0.79723 0.00793 ( 3)
  59 V   0.18507 0.00778 0.76017 0.04697 ( 3)
  60 Q   0.14658 0.03873 0.60729 0.20739 ( 3)
  61 N   0.00279 0.15889 0.01153 0.82679 ( 4)
  62 A   0.18288 0.00934 0.75249 0.05529 ( 3)
  63 L   0.19169 0.00213 0.79501 0.01118 ( 3)
  64 E   0.18959 0.00423 0.78281 0.02337 ( 3)
  65 L   0.16675 0.02277 0.69160 0.11888 ( 3)
  66 Y   0.19417 0.00057 0.80204 0.00321 ( 3)
  67 Q   0.19342 0.00082 0.80138 0.00438 ( 3)
  68 E   0.19167 0.00288 0.78861 0.01684 ( 3)
  69 A   0.18454 0.00812 0.75815 0.04918 ( 3)
  70 A   0.13683 0.04593 0.56540 0.25183 ( 3)
  71 D   0.04021 0.10785 0.16459 0.68734 ( 4)
  72 D   0.19404 0.00159 0.79418 0.01019 ( 3)
  73 W   0.19275 0.00033 0.80540 0.00153 ( 3)
  74 N   0.09591 0.06959 0.39303 0.44147 ( 4)
  75 E   0.01191 0.13399 0.04887 0.80523 ( 4)
  76 N   0.17761 0.01291 0.72780 0.08168 ( 3)
  77 P   0.17216 0.01767 0.71150 0.09866 ( 3)
  78 T   0.05639 0.19971 0.53994 0.20396 ( 3)
  79 D   0.19553 0.00057 0.80027 0.00364 ( 3)
  80 V   0.10111 0.07360 0.41541 0.40988 ( 3)
  81 S   0.00035 0.15357 0.00147 0.84461 ( 4)
  82 N   0.00491 0.13559 0.02019 0.83931 ( 4)
  83 K   0.19204 0.00275 0.78838 0.01683 ( 3)
  84 E   0.13678 0.04704 0.56689 0.24929 ( 3)
  85 R   0.07392 0.09945 0.30671 0.51992 ( 4)
  86 V   0.15679 0.02887 0.64519 0.16916 ( 3)
  87 R   0.14766 0.03593 0.60907 0.20734 ( 3)
  88 R   0.18038 0.01117 0.74402 0.06444 ( 3)
  89 Q   0.19243 0.00089 0.80241 0.00427 ( 3)
  90 F   0.18992 0.00404 0.78225 0.02379 ( 3)
  91 T   0.18588 0.00709 0.76457 0.04247 ( 3)
  92 S   0.18002 0.01159 0.74407 0.06433 ( 3)
  93 T   0.13897 0.04731 0.57821 0.23551 ( 3)
  94 N   0.18511 0.00768 0.75851 0.04869 ( 3)
  95 T   0.15473 0.02990 0.63643 0.17894 ( 3)
  96 T   0.00197 0.24375 0.00856 0.74573 ( 4)
  97 I   0.17789 0.01393 0.74258 0.06560 ( 3)
  98 E   0.18069 0.01118 0.74885 0.05927 ( 3)
  99 Y   0.09329 0.07901 0.38535 0.44234 ( 4)
 100 A   0.16011 0.02618 0.65882 0.15490 ( 3)
 101 M   0.19275 0.00189 0.79424 0.01112 ( 3)
 102 P   0.19399 0.00065 0.80170 0.00366 ( 3)
 103 S   0.19291 0.00124 0.79927 0.00659 ( 3)
 104 F   0.19485 0.00038 0.80253 0.00224 ( 3)
 105 R   0.08745 0.09224 0.36402 0.45630 ( 4)
 106 V   0.18922 0.00465 0.77917 0.02695 ( 3)
 107 P   0.00012 0.15291 0.00049 0.84648 ( 4)
 108 T   0.00545 0.14378 0.02248 0.82830 ( 4)
 109 F   0.11857 0.05703 0.48838 0.33602 ( 3)
 110 E   0.19443 0.00113 0.79746 0.00698 ( 3)
 111 V   0.19374 0.00149 0.79578 0.00899 ( 3)
 112 P   0.19149 0.00173 0.79851 0.00828 ( 3)
 113 L   0.19073 0.00243 0.79513 0.01171 ( 3)
 114 L   0.19205 0.00184 0.79650 0.00962 ( 3)
 115 T   0.17935 0.01194 0.73882 0.06989 ( 3)
 116 V   0.00929 0.15949 0.03864 0.79257 ( 4)
 117 Y   0.04339 0.17574 0.38866 0.39220 ( 4)
 118 A   0.19169 0.00224 0.79430 0.01177 ( 3)
 119 Q   0.19369 0.00060 0.80248 0.00322 ( 3)
 120 A   0.19162 0.00193 0.79675 0.00969 ( 3)
 121 A   0.19387 0.00122 0.79770 0.00722 ( 3)
 122 N   0.19502 0.00079 0.79921 0.00499 ( 3)
 123 L   0.19025 0.00332 0.78905 0.01738 ( 3)
 124 H   0.19488 0.00033 0.80287 0.00192 ( 3)
 125 L   0.19208 0.00181 0.79664 0.00947 ( 3)
 126 Q   0.08744 0.08686 0.36241 0.46329 ( 4)
 127 L   0.19140 0.00225 0.79488 0.01147 ( 3)
 128 L   0.19205 0.00184 0.79650 0.00962 ( 3)
 129 R   0.19146 0.00181 0.79796 0.00877 ( 3)
 130 D   0.19553 0.00057 0.80027 0.00364 ( 3)
 131 A   0.18932 0.00349 0.79106 0.01613 ( 3)
 132 V   0.14990 0.03380 0.61669 0.19961 ( 3)
 133 K   0.17240 0.01806 0.71525 0.09429 ( 3)
 134 F   0.19485 0.00038 0.80253 0.00224 ( 3)
 135 G   0.19447 0.00067 0.80093 0.00393 ( 3)
 136 N   0.00136 0.16609 0.00568 0.82686 ( 4)
 137 E   0.16464 0.02255 0.67541 0.13740 ( 3)
 138 W   0.19275 0.00033 0.80540 0.00153 ( 3)
 139 G   0.19418 0.00084 0.80007 0.00492 ( 3)
 140 M   0.04286 0.11376 0.17666 0.66672 ( 4)
 141 P   0.18032 0.01135 0.74574 0.06259 ( 3)
 142 S   0.18858 0.00488 0.77947 0.02708 ( 3)
 143 E   0.00246 0.15724 0.01019 0.83012 ( 4)
 144 E   0.19485 0.00084 0.79915 0.00516 ( 3)
 145 V   0.18998 0.00421 0.78033 0.02548 ( 3)
 146 E   0.07612 0.09658 0.31547 0.51183 ( 4)
 147 D   0.16683 0.02032 0.68281 0.13005 ( 3)
 148 M   0.00022 0.61275 0.00206 0.38498 ( 2)
 149 Y   0.19417 0.00057 0.80204 0.00321 ( 3)
 150 N   0.02829 0.17836 0.14334 0.65002 ( 4)
 151 R   0.19402 0.00085 0.80026 0.00488 ( 3)
 152 L   0.15071 0.03603 0.62505 0.18821 ( 3)
 153 T   0.00093 0.14432 0.00382 0.85093 ( 4)
 154 R   0.00545 0.16259 0.02269 0.80927 ( 4)
 155 R   0.19339 0.00068 0.80236 0.00357 ( 3)
 156 T   0.19207 0.00147 0.79913 0.00732 ( 3)
 157 A   0.19426 0.00109 0.79806 0.00659 ( 3)
 158 E   0.18665 0.00632 0.77356 0.03348 ( 3)
 159 Y   0.19420 0.00055 0.80214 0.00310 ( 3)
 160 T   0.18522 0.00758 0.76183 0.04537 ( 3)
 161 D   0.17585 0.01419 0.72002 0.08993 ( 3)
 162 H   0.08870 0.03339 0.84574 0.03216 ( 3)
 163 C   0.19425 0.00027 0.80400 0.00148 ( 3)
 164 V   0.02061 0.14110 0.08529 0.75300 ( 4)
 165 A   0.00464 0.25008 0.01981 0.72547 ( 4)
 166 T   0.02941 0.15134 0.12293 0.69632 ( 4)
 167 Y   0.19417 0.00057 0.80204 0.00321 ( 3)
 168 D   0.19400 0.00162 0.79400 0.01038 ( 3)
 169 K   0.18511 0.00772 0.75992 0.04725 ( 3)
 170 G   0.19436 0.00071 0.80080 0.00414 ( 3)
 171 L   0.19205 0.00184 0.79650 0.00962 ( 3)
 172 K   0.18007 0.01171 0.74707 0.06115 ( 3)
 173 E   0.00457 0.43240 0.04625 0.51678 ( 4)
 174 A   0.18690 0.00637 0.76902 0.03771 ( 3)
 175 Y   0.16892 0.02224 0.70476 0.10409 ( 3)
 176 D   0.06651 0.14582 0.64059 0.14708 ( 3)
 177 L   0.17911 0.01251 0.74283 0.06555 ( 3)
 178 A   0.18561 0.00734 0.76255 0.04449 ( 3)
 179 P   0.17229 0.01885 0.71846 0.09041 ( 3)
 180 N   0.18718 0.00623 0.77034 0.03624 ( 3)
 181 P   0.18137 0.01069 0.75111 0.05683 ( 3)
 182 T   0.18775 0.00573 0.77221 0.03431 ( 3)
 183 D   0.19043 0.00407 0.77941 0.02608 ( 3)
 184 Y   0.16284 0.02813 0.68117 0.12786 ( 3)
 185 N   0.18806 0.00537 0.77773 0.02884 ( 3)
 186 K   0.18556 0.00738 0.76181 0.04525 ( 3)
 187 Y   0.16547 0.02568 0.69215 0.11670 ( 3)
 188 P   0.17523 0.01540 0.72508 0.08429 ( 3)
 189 Y   0.18428 0.00827 0.76118 0.04627 ( 3)
 190 L   0.17557 0.01659 0.72933 0.07851 ( 3)
 191 N   0.06188 0.09374 0.25358 0.59079 ( 4)
 192 P   0.18466 0.00793 0.76315 0.04426 ( 3)
 193 Y   0.05931 0.11134 0.24581 0.58354 ( 4)
 194 S   0.18245 0.00981 0.75806 0.04969 ( 3)
 195 K   0.07489 0.07415 0.71132 0.13964 ( 3)
 196 D   0.19553 0.00057 0.80027 0.00364 ( 3)
 197 P   0.07617 0.09789 0.31603 0.50991 ( 4)
 198 I   0.18577 0.00718 0.76398 0.04307 ( 3)
 199 Y   0.09056 0.09359 0.37779 0.43807 ( 4)
 200 G   0.19440 0.00067 0.80098 0.00395 ( 3)
 201 K   0.18641 0.00677 0.76764 0.03918 ( 3)
 202 Y   0.18183 0.01043 0.75671 0.05103 ( 3)
 203 Y   0.17985 0.01198 0.74544 0.06273 ( 3)
 204 T   0.19419 0.00089 0.79969 0.00522 ( 3)
 205 A   0.15890 0.02695 0.65344 0.16072 ( 3)
 206 P   0.17744 0.01422 0.73836 0.06998 ( 3)
 207 V   0.18922 0.00468 0.77846 0.02764 ( 3)
 208 D   0.18590 0.00720 0.76085 0.04606 ( 3)
 209 W   0.19275 0.00033 0.80540 0.00153 ( 3)
 210 N   0.12530 0.04924 0.51342 0.31204 ( 3)
 211 L   0.08700 0.08959 0.36121 0.46220 ( 4)
 212 F   0.18992 0.00404 0.78225 0.02379 ( 3)
 213 N   0.19193 0.00294 0.78647 0.01866 ( 3)
 214 D   0.13994 0.04571 0.58152 0.23282 ( 3)
 215 Y   0.17837 0.01684 0.74006 0.06473 ( 3)
 216 R   0.19113 0.00190 0.79807 0.00890 ( 3)
 217 R   0.19442 0.00054 0.80194 0.00310 ( 3)
 218 D   0.19087 0.00320 0.78850 0.01743 ( 3)
 219 M   0.19505 0.00018 0.80372 0.00105 ( 3)
 220 T   0.19411 0.00098 0.79913 0.00578 ( 3)
 221 L   0.08877 0.03065 0.85530 0.02527 ( 3)
 222 M   0.18600 0.00691 0.76645 0.04064 ( 3)
 223 V   0.19298 0.00171 0.79553 0.00978 ( 3)
 224 L   0.19172 0.00199 0.79600 0.01028 ( 3)
 225 D   0.19173 0.00189 0.79675 0.00962 ( 3)
 226 I   0.18577 0.00718 0.76398 0.04307 ( 3)
 227 V   0.19151 0.00276 0.79016 0.01557 ( 3)
 228 A   0.19425 0.00110 0.79799 0.00666 ( 3)
 229 V   0.18467 0.00806 0.75854 0.04873 ( 3)
 230 W   0.08427 0.10006 0.35215 0.46352 ( 4)
 231 P   0.19399 0.00065 0.80170 0.00366 ( 3)
 232 T   0.17296 0.01858 0.72294 0.08552 ( 3)


lnL = -2360.999268

