Supplemental results for CODEML (seqf: algn  treef: tree)


dN/dS (w) for site classes (K=4)

site class             0        1       2a       2b
proportion       0.37327  0.57041  0.02228  0.03405
background w     0.15787  1.00000  0.15787  1.00000
foreground w     0.15787  1.00000 999.00000 999.00000

Naive Empirical Bayes (NEB) probabilities for 4 classes
(amino acids refer to 1st sequence: BT_Cry20Aa1)

   1 -   0.85557 0.08811 0.05107 0.00526 ( 1)
   2 -   0.13118 0.81249 0.00783 0.04850 ( 2)
   3 -   0.00987 0.93381 0.00059 0.05574 ( 2)
   4 E   0.00319 0.94048 0.00019 0.05613 ( 2)
   5 V   0.00020 0.99288 0.00000 0.00693 ( 2)
   6 I   0.96952 0.02460 0.00571 0.00017 ( 1)
   7 S   0.00000 0.83954 0.00000 0.16046 ( 2)
   8 I   0.00020 0.99259 0.00000 0.00721 ( 2)
   9 I   0.03495 0.95780 0.00022 0.00703 ( 2)
  10 Q   0.00000 0.06895 0.00000 0.93105 ( 4)
  11 D   0.00000 0.99583 0.00000 0.00417 ( 2)
  12 A   0.56174 0.43195 0.00333 0.00299 ( 1)
  13 L   0.93856 0.03220 0.02777 0.00146 ( 1)
  14 G   0.00000 0.99434 0.00000 0.00566 ( 2)
  15 F   0.00000 0.99513 0.00000 0.00487 ( 2)
  16 I   0.01206 0.98324 0.00005 0.00464 ( 2)
  17 R   0.00001 0.99562 0.00000 0.00437 ( 2)
  18 -   0.00180 0.10314 0.35047 0.54459 ( 4)
  19 -   0.00240 0.13352 0.33901 0.52507 ( 4)
  20 -   0.00061 0.91003 0.00082 0.08854 ( 2)
  21 -   0.00564 0.92413 0.00402 0.06622 ( 2)
  22 -   0.35942 0.63540 0.00178 0.00339 ( 2)
  23 -   0.00005 0.89736 0.00004 0.10255 ( 2)
  24 -   0.00605 0.98838 0.00003 0.00554 ( 2)
  25 N   0.00000 0.99451 0.00000 0.00549 ( 2)
  26 G   0.00019 0.99404 0.00000 0.00577 ( 2)
  27 T   0.20902 0.04823 0.73419 0.00856 ( 3)
  28 G   0.00114 0.98052 0.00002 0.01832 ( 2)
  29 N   0.00049 0.99409 0.00000 0.00542 ( 2)
  30 E   0.65255 0.26487 0.06492 0.01766 ( 1)
  31 L   0.98708 0.00001 0.01291 0.00000 ( 1)
  32 L   0.99200 0.00204 0.00594 0.00001 ( 1)
  33 I   0.00076 0.99039 0.00001 0.00884 ( 2)
  34 H   0.99644 0.00002 0.00353 0.00000 ( 1)
  35 V   0.99212 0.00110 0.00677 0.00001 ( 1)
  36 E   0.04276 0.95097 0.00024 0.00603 ( 2)
  37 Q   0.05369 0.93972 0.00033 0.00626 ( 2)
  38 L   0.99575 0.00001 0.00424 0.00000 ( 1)
  39 I   0.99505 0.00000 0.00495 0.00000 ( 1)
  40 Q   0.50616 0.48860 0.00251 0.00272 ( 1)
  41 Q   0.01745 0.69101 0.00814 0.28340 ( 2)
  42 T   0.00000 0.91834 0.00000 0.08165 ( 2)
  43 L   0.98862 0.00527 0.00607 0.00004 ( 1)
  44 A   0.00405 0.99076 0.00002 0.00518 ( 2)
  45 T   0.00007 0.99386 0.00000 0.00606 ( 2)
  46 Q   0.00002 0.94436 0.00000 0.05561 ( 2)
  47 Y   0.67120 0.32261 0.00396 0.00223 ( 1)
  48 R   0.97602 0.01954 0.00435 0.00009 ( 1)
  49 S   0.00003 0.99364 0.00000 0.00632 ( 2)
  50 A   0.00000 0.91514 0.00000 0.08486 ( 2)
  51 A   0.91127 0.08332 0.00494 0.00047 ( 1)
  52 T   0.00001 0.99620 0.00000 0.00379 ( 2)
  53 G   0.00003 0.99595 0.00000 0.00402 ( 2)
  54 A   0.00560 0.98912 0.00003 0.00525 ( 2)
  55 I   0.99318 0.00001 0.00681 0.00000 ( 1)
  56 -   0.37327 0.57041 0.02228 0.03405 ( 2)
  57 Y   0.01924 0.97524 0.00009 0.00543 ( 2)
  58 G   0.66929 0.30115 0.02039 0.00918 ( 1)
  59 I   0.01846 0.97189 0.00018 0.00948 ( 2)
  60 S   0.00002 0.98853 0.00000 0.01144 ( 2)
  61 R   0.00000 0.96889 0.00000 0.03111 ( 2)
  62 S   0.00003 0.99232 0.00000 0.00765 ( 2)
  63 Y   0.99416 0.00005 0.00579 0.00000 ( 1)
  64 D   0.00000 0.99489 0.00000 0.00511 ( 2)
  65 N   0.00000 0.20131 0.00000 0.79869 ( 4)
  66 -   0.67938 0.26430 0.04055 0.01578 ( 1)
  67 Y   0.96909 0.00000 0.03091 0.00000 ( 1)
  68 L   0.99574 0.00000 0.00425 0.00000 ( 1)
  69 M   0.00000 0.99460 0.00000 0.00540 ( 2)
  70 F   0.20958 0.78569 0.00095 0.00378 ( 2)
  71 F   0.96806 0.02700 0.00479 0.00015 ( 1)
  72 R   0.00000 0.99359 0.00000 0.00641 ( 2)
  73 Q   0.00000 0.03862 0.00000 0.96138 ( 4)
  74 W   0.97184 0.00990 0.01808 0.00018 ( 1)
  75 E   0.01663 0.97674 0.00010 0.00653 ( 2)
  76 R   0.00005 0.94682 0.00000 0.05313 ( 2)
  77 N   0.02014 0.97457 0.00009 0.00520 ( 2)
  78 R   0.00113 0.99128 0.00001 0.00758 ( 2)
  79 -   0.00047 0.98818 0.00001 0.01134 ( 2)
  80 -   0.82364 0.12003 0.04916 0.00716 ( 1)
  81 -   0.01621 0.92747 0.00097 0.05536 ( 2)
  82 -   0.03965 0.90402 0.00237 0.05396 ( 2)
  83 -   0.06845 0.87522 0.00409 0.05224 ( 2)
  84 -   0.07084 0.87284 0.00423 0.05210 ( 2)
  85 -   0.37327 0.57041 0.02228 0.03405 ( 2)
  86 T   0.63339 0.36151 0.00303 0.00207 ( 1)
  87 R   0.00000 0.99317 0.00000 0.00683 ( 2)
  88 E   0.00000 0.05553 0.00000 0.94447 ( 4)
  89 N   0.00000 0.99133 0.00000 0.00867 ( 2)
  90 G   0.61597 0.37911 0.00302 0.00190 ( 1)
  91 Q   0.00000 0.99406 0.00000 0.00594 ( 2)
  92 Q   0.00000 0.35334 0.00000 0.64665 ( 4)
  93 V   0.58911 0.39775 0.00785 0.00530 ( 1)
  94 E   0.00657 0.98590 0.00004 0.00749 ( 2)
  95 S   0.00000 0.90549 0.00000 0.09451 ( 2)
  96 A   0.00053 0.93059 0.00004 0.06884 ( 2)
  97 F   0.99512 0.00003 0.00485 0.00000 ( 1)
  98 T   0.00000 0.99252 0.00000 0.00748 ( 2)
  99 T   0.00000 0.89542 0.00000 0.10458 ( 2)
 100 I   0.00045 0.99470 0.00000 0.00485 ( 2)
 101 N   0.95095 0.00018 0.04887 0.00001 ( 1)
 102 T   0.00001 0.73926 0.00000 0.26072 ( 2)
 103 L   0.00000 0.99481 0.00000 0.00519 ( 2)
 104 C   0.99176 0.00337 0.00485 0.00002 ( 1)
 105 I   0.06971 0.92313 0.00043 0.00672 ( 2)
 106 N   0.00000 0.99431 0.00000 0.00569 ( 2)
 107 A   0.09756 0.89752 0.00044 0.00448 ( 2)
 108 L   0.98702 0.00016 0.01281 0.00000 ( 1)
 109 A   0.16702 0.82704 0.00097 0.00497 ( 2)
 110 -   0.00988 0.95974 0.00031 0.03007 ( 2)
 111 -   0.55462 0.44060 0.00258 0.00220 ( 1)
 112 -   0.29755 0.69667 0.00154 0.00423 ( 2)
 113 -   0.22083 0.77318 0.00125 0.00473 ( 2)
 114 -   0.51174 0.41485 0.03121 0.04221 ( 1)
 115 -   0.43232 0.56358 0.00167 0.00243 ( 2)
 116 -   0.40230 0.58173 0.00650 0.00948 ( 2)
 117 P   0.02197 0.96854 0.00021 0.00928 ( 2)
 118 Q   0.00000 0.33096 0.00003 0.66901 ( 4)
 119 A   0.02153 0.97341 0.00011 0.00495 ( 2)
 120 S   0.00000 0.99531 0.00000 0.00469 ( 2)
 121 L   0.99298 0.00095 0.00607 0.00001 ( 1)
 122 S   0.00378 0.99120 0.00002 0.00500 ( 2)
 123 R   0.00021 0.98924 0.00000 0.01054 ( 2)
 124 R   0.00000 0.99457 0.00000 0.00543 ( 2)
 125 G   0.04282 0.95195 0.00021 0.00502 ( 2)
 126 F   0.10081 0.89257 0.00063 0.00598 ( 2)
 127 E   0.97137 0.02301 0.00548 0.00015 ( 1)
 128 T   0.99236 0.00050 0.00714 0.00000 ( 1)
 129 L   0.74745 0.23637 0.01228 0.00390 ( 1)
 130 L   0.99478 0.00002 0.00520 0.00000 ( 1)
 131 L   0.99138 0.00001 0.00860 0.00000 ( 1)
 132 P   0.99384 0.00000 0.00616 0.00000 ( 1)
 133 N   0.28251 0.71377 0.00097 0.00275 ( 2)
 134 Y   0.99407 0.00013 0.00579 0.00000 ( 1)
 135 A   0.01421 0.98029 0.00007 0.00542 ( 2)
 136 M   0.38330 0.60955 0.00272 0.00443 ( 2)
 137 A   0.99357 0.00197 0.00445 0.00001 ( 1)
 138 A   0.99475 0.00000 0.00525 0.00000 ( 1)
 139 N   0.99496 0.00029 0.00474 0.00000 ( 1)
 140 F   0.00206 0.98885 0.00002 0.00907 ( 2)
 141 H   0.99647 0.00000 0.00353 0.00000 ( 1)
 142 L   0.99139 0.00000 0.00861 0.00000 ( 1)
 143 L   0.43098 0.54359 0.01012 0.01531 ( 2)
 144 L   0.97250 0.01469 0.01262 0.00019 ( 1)
 145 L   0.99141 0.00000 0.00859 0.00000 ( 1)
 146 R   0.96983 0.00117 0.02896 0.00004 ( 1)
 147 D   0.99557 0.00000 0.00443 0.00000 ( 1)
 148 A   0.99552 0.00003 0.00445 0.00000 ( 1)
 149 V   0.98614 0.00806 0.00575 0.00005 ( 1)
 150 L   0.00005 0.97161 0.00000 0.02833 ( 2)
 151 Y   0.99420 0.00000 0.00579 0.00000 ( 1)
 152 R   0.01797 0.97521 0.00011 0.00671 ( 2)
 153 N   0.00000 0.93514 0.00000 0.06486 ( 2)
 154 Q   0.00000 0.16802 0.00000 0.83198 ( 4)
 155 W   0.74222 0.23951 0.01381 0.00446 ( 1)
 156 L   0.00000 0.87631 0.00000 0.12369 ( 2)
 157 S   0.00003 0.99083 0.00000 0.00914 ( 2)
 158 N   0.00005 0.99298 0.00000 0.00697 ( 2)
 159 S   0.00000 0.92515 0.00000 0.07485 ( 2)
 160 I   0.00016 0.99497 0.00000 0.00487 ( 2)
 161 S   0.00150 0.94217 0.00009 0.05624 ( 2)
 162 T   0.00335 0.94032 0.00020 0.05612 ( 2)
 163 -   0.06035 0.88333 0.00360 0.05272 ( 2)
 164 -   0.00147 0.94220 0.00009 0.05624 ( 2)
 165 -   0.00044 0.94323 0.00003 0.05630 ( 2)
 166 -   0.00216 0.94151 0.00013 0.05620 ( 2)
 167 -   0.72293 0.22074 0.04315 0.01318 ( 1)
 168 -   0.02802 0.91566 0.00167 0.05465 ( 2)
 169 -   0.04449 0.89919 0.00266 0.05367 ( 2)
 170 -   0.85786 0.08582 0.05120 0.00512 ( 1)
 171 -   0.42860 0.51507 0.02558 0.03074 ( 2)
 172 -   0.16186 0.78182 0.00966 0.04666 ( 2)
 173 -   0.40645 0.53722 0.02426 0.03207 ( 2)
 174 -   0.08748 0.85620 0.00522 0.05110 ( 2)
 175 -   0.43882 0.50485 0.02619 0.03013 ( 2)
 176 -   0.46706 0.47661 0.02788 0.02845 ( 2)
 177 -   0.45760 0.48608 0.02731 0.02901 ( 2)
 178 A   0.00012 0.99402 0.00000 0.00586 ( 2)
 179 N   0.00001 0.99628 0.00000 0.00371 ( 2)
 180 V   0.00177 0.94187 0.00028 0.05609 ( 2)
 181 N   0.99414 0.00005 0.00580 0.00000 ( 1)
 182 L   0.00000 0.99222 0.00000 0.00778 ( 2)
 183 N   0.00000 0.99417 0.00000 0.00583 ( 2)
 184 I   0.06558 0.92959 0.00030 0.00453 ( 2)
 185 L   0.98342 0.00207 0.01448 0.00003 ( 1)
 186 R   0.00038 0.99297 0.00000 0.00665 ( 2)
 187 A   0.00000 0.99463 0.00000 0.00537 ( 2)
 188 A   0.00001 0.99389 0.00000 0.00610 ( 2)
 189 I   0.99212 0.00174 0.00613 0.00001 ( 1)
 190 N   0.00000 0.99391 0.00000 0.00609 ( 2)
 191 E   0.00000 0.99494 0.00000 0.00506 ( 2)
 192 Y   0.99421 0.00000 0.00579 0.00000 ( 1)
 193 I   0.20867 0.78651 0.00095 0.00387 ( 2)
 194 T   0.99490 0.00024 0.00486 0.00000 ( 1)
 195 H   0.99411 0.00008 0.00582 0.00000 ( 1)
 196 C   0.99573 0.00000 0.00427 0.00000 ( 1)
 197 T   0.00005 0.99406 0.00000 0.00589 ( 2)
 198 R   0.00000 0.99067 0.00000 0.00933 ( 2)
 199 W   0.00007 0.96901 0.00000 0.03092 ( 2)
 200 Y   0.99467 0.00000 0.00533 0.00000 ( 1)
 201 Q   0.16602 0.83007 0.00061 0.00330 ( 2)
 202 D   0.00000 0.87900 0.00000 0.12100 ( 2)
 203 G   0.99623 0.00000 0.00377 0.00000 ( 1)
 204 L   0.99137 0.00003 0.00861 0.00000 ( 1)
 205 N   0.99502 0.00008 0.00490 0.00000 ( 1)
 206 R   0.00297 0.99114 0.00002 0.00588 ( 2)
 207 F   0.99024 0.00112 0.00863 0.00001 ( 1)
 208 D   0.22202 0.77142 0.00134 0.00522 ( 2)
 209 R   0.00000 0.99309 0.00000 0.00691 ( 2)
 210 S   0.00000 0.99356 0.00000 0.00644 ( 2)
 211 S   0.99590 0.00032 0.00378 0.00000 ( 1)
 212 R   0.37327 0.57041 0.02228 0.03405 ( 2)
 213 A   0.00874 0.98157 0.00008 0.00961 ( 2)
 214 N   0.00245 0.99208 0.00001 0.00546 ( 2)
 215 M   0.68580 0.30959 0.00308 0.00153 ( 1)
 216 N   0.00000 0.99234 0.00000 0.00766 ( 2)
 217 E   0.00000 0.99626 0.00000 0.00374 ( 2)
 218 W   0.98010 0.00164 0.01823 0.00003 ( 1)
 219 R   0.00018 0.99082 0.00000 0.00900 ( 2)
 220 R   0.89120 0.10388 0.00439 0.00053 ( 1)
 221 F   0.99515 0.00000 0.00485 0.00000 ( 1)
 222 N   0.99526 0.00000 0.00474 0.00000 ( 1)
 223 A   0.00259 0.99313 0.00001 0.00427 ( 2)
 224 Y   0.99514 0.00001 0.00486 0.00000 ( 1)
 225 R   0.99513 0.00001 0.00486 0.00000 ( 1)
 226 R   0.99556 0.00001 0.00443 0.00000 ( 1)
 227 D   0.99552 0.00005 0.00444 0.00000 ( 1)
 228 M   0.99668 0.00000 0.00332 0.00000 ( 1)
 229 T   0.99477 0.00000 0.00523 0.00000 ( 1)
 230 L   0.99037 0.00095 0.00868 0.00001 ( 1)
 231 S   0.00012 0.99598 0.00000 0.00391 ( 2)
 232 V   0.99351 0.00000 0.00649 0.00000 ( 1)
 233 L   0.99140 0.00001 0.00859 0.00000 ( 1)
 234 D   0.99556 0.00000 0.00444 0.00000 ( 1)
 235 F   0.99037 0.00024 0.00939 0.00000 ( 1)
 236 A   0.99291 0.00064 0.00645 0.00000 ( 1)
 237 T   0.82723 0.16739 0.00440 0.00098 ( 1)
 238 V   0.78083 0.16473 0.04588 0.00855 ( 1)
 239 F   0.99515 0.00000 0.00485 0.00000 ( 1)
 240 P   0.99347 0.00038 0.00616 0.00000 ( 1)
 241 T   0.04026 0.95479 0.00020 0.00476 ( 2)


lnL = -10826.701533

Bayes Empirical Bayes (BEB) probabilities for 4 classes (class)
(amino acids refer to 1st sequence: BT_Cry20Aa1)

   1 -   0.56146 0.05849 0.34384 0.03621 ( 1)
   2 -   0.07681 0.54314 0.04656 0.33349 ( 2)
   3 -   0.00513 0.61481 0.00310 0.37695 ( 2)
   4 E   0.00144 0.61850 0.00087 0.37918 ( 2)
   5 V   0.00008 0.62455 0.00005 0.37532 ( 2)
   6 I   0.60850 0.01841 0.36195 0.01114 ( 1)
   7 S   0.00000 0.59632 0.00000 0.40368 ( 2)
   8 I   0.00008 0.62551 0.00005 0.37437 ( 2)
   9 I   0.01684 0.60877 0.00989 0.36450 ( 2)
  10 Q   0.00000 0.56552 0.00000 0.43448 ( 2)
  11 D   0.00000 0.62479 0.00000 0.37521 ( 2)
  12 A   0.31331 0.31306 0.18522 0.18841 ( 1)
  13 L   0.59897 0.02478 0.36109 0.01516 ( 1)
  14 G   0.00000 0.62393 0.00000 0.37607 ( 2)
  15 F   0.00000 0.62460 0.00000 0.37540 ( 2)
  16 I   0.00544 0.61920 0.00322 0.37214 ( 2)
  17 R   0.00000 0.62474 0.00000 0.37526 ( 2)
  18 -   0.00852 0.55888 0.01976 0.41284 ( 2)
  19 -   0.00878 0.55921 0.02028 0.41173 ( 2)
  20 -   0.00032 0.61804 0.00022 0.38142 ( 2)
  21 -   0.00278 0.59825 0.00444 0.39453 ( 2)
  22 -   0.19853 0.42615 0.11796 0.25735 ( 2)
  23 -   0.00002 0.59907 0.00003 0.40088 ( 2)
  24 -   0.00257 0.62183 0.00152 0.37407 ( 2)
  25 N   0.00000 0.62516 0.00000 0.37484 ( 2)
  26 G   0.00007 0.62644 0.00004 0.37345 ( 2)
  27 T   0.27706 0.08039 0.59992 0.04263 ( 3)
  28 G   0.00049 0.62095 0.00030 0.37826 ( 2)
  29 N   0.00019 0.62615 0.00011 0.37355 ( 2)
  30 E   0.39931 0.19111 0.28467 0.12491 ( 1)
  31 L   0.62234 0.00001 0.37764 0.00000 ( 1)
  32 L   0.62545 0.00149 0.37216 0.00090 ( 1)
  33 I   0.00031 0.62254 0.00018 0.37697 ( 2)
  34 H   0.62605 0.00001 0.37393 0.00001 ( 1)
  35 V   0.62572 0.00076 0.37307 0.00046 ( 1)
  36 E   0.01956 0.60555 0.01153 0.36337 ( 2)
  37 Q   0.02485 0.60020 0.01466 0.36029 ( 2)
  38 L   0.62540 0.00001 0.37459 0.00000 ( 1)
  39 I   0.62600 0.00000 0.37400 0.00000 ( 1)
  40 Q   0.26910 0.35770 0.15858 0.21462 ( 2)
  41 Q   0.01018 0.58835 0.00761 0.39386 ( 2)
  42 T   0.00000 0.60942 0.00000 0.39057 ( 2)
  43 L   0.62319 0.00371 0.37086 0.00225 ( 1)
  44 A   0.00172 0.62471 0.00101 0.37256 ( 2)
  45 T   0.00003 0.62460 0.00002 0.37536 ( 2)
  46 Q   0.00001 0.60592 0.00001 0.39406 ( 2)
  47 Y   0.38425 0.24177 0.22801 0.14596 ( 1)
  48 R   0.61106 0.01419 0.36611 0.00863 ( 1)
  49 S   0.00001 0.62559 0.00001 0.37439 ( 2)
  50 A   0.00000 0.60003 0.00000 0.39997 ( 2)
  51 A   0.56326 0.06124 0.33821 0.03729 ( 1)
  52 T   0.00000 0.62494 0.00000 0.37505 ( 2)
  53 G   0.00001 0.62555 0.00001 0.37443 ( 2)
  54 A   0.00232 0.62288 0.00136 0.37344 ( 2)
  55 I   0.62565 0.00000 0.37434 0.00000 ( 1)
  56 -   0.23894 0.38100 0.14538 0.23468 ( 2)
  57 Y   0.00856 0.61808 0.00500 0.36836 ( 2)
  58 G   0.39981 0.22106 0.24307 0.13606 ( 1)
  59 I   0.00821 0.61449 0.00490 0.37240 ( 2)
  60 S   0.00001 0.62211 0.00000 0.37788 ( 2)
  61 R   0.00000 0.62073 0.00000 0.37927 ( 2)
  62 S   0.00001 0.62315 0.00001 0.37683 ( 2)
  63 Y   0.62556 0.00003 0.37439 0.00002 ( 1)
  64 D   0.00000 0.62456 0.00000 0.37544 ( 2)
  65 N   0.00000 0.55256 0.00000 0.44744 ( 2)
  66 -   0.43496 0.18498 0.26573 0.11432 ( 1)
  67 Y   0.62097 0.00000 0.37903 0.00000 ( 1)
  68 L   0.62541 0.00000 0.37459 0.00000 ( 1)
  69 M   0.00000 0.62634 0.00000 0.37366 ( 2)
  70 F   0.09962 0.52510 0.05902 0.31626 ( 2)
  71 F   0.60694 0.01977 0.36133 0.01196 ( 1)
  72 R   0.00000 0.62504 0.00000 0.37496 ( 2)
  73 Q   0.00000 0.53645 0.00000 0.46355 ( 2)
  74 W   0.61493 0.00672 0.37420 0.00414 ( 1)
  75 E   0.00701 0.61769 0.00414 0.37116 ( 2)
  76 R   0.00002 0.60985 0.00001 0.39012 ( 2)
  77 N   0.00886 0.61751 0.00519 0.36843 ( 2)
  78 R   0.00050 0.62268 0.00030 0.37653 ( 2)
  79 -   0.00020 0.62192 0.00012 0.37775 ( 2)
  80 -   0.53704 0.08290 0.32874 0.05131 ( 1)
  81 -   0.00877 0.61118 0.00531 0.37475 ( 2)
  82 -   0.02255 0.59739 0.01365 0.36640 ( 2)
  83 -   0.04023 0.57971 0.02437 0.35569 ( 2)
  84 -   0.04158 0.57836 0.02519 0.35487 ( 2)
  85 -   0.23894 0.38100 0.14538 0.23468 ( 2)
  86 T   0.35388 0.27337 0.20860 0.16415 ( 1)
  87 R   0.00000 0.62494 0.00000 0.37506 ( 2)
  88 E   0.00000 0.54246 0.00000 0.45754 ( 2)
  89 N   0.00000 0.62287 0.00000 0.37713 ( 2)
  90 G   0.35208 0.27174 0.21096 0.16521 ( 1)
  91 Q   0.00000 0.62646 0.00000 0.37354 ( 2)
  92 Q   0.00000 0.55585 0.00000 0.44415 ( 2)
  93 V   0.33519 0.28700 0.20227 0.17554 ( 1)
  94 E   0.00278 0.62205 0.00164 0.37354 ( 2)
  95 S   0.00000 0.61719 0.00000 0.38281 ( 2)
  96 A   0.00022 0.60594 0.00014 0.39369 ( 2)
  97 F   0.62675 0.00002 0.37322 0.00001 ( 1)
  98 T   0.00000 0.62317 0.00000 0.37682 ( 2)
  99 T   0.00000 0.59696 0.00000 0.40304 ( 2)
 100 I   0.00018 0.62443 0.00010 0.37529 ( 2)
 101 N   0.60793 0.00012 0.39186 0.00008 ( 1)
 102 T   0.00001 0.59832 0.00000 0.40167 ( 2)
 103 L   0.00000 0.62496 0.00000 0.37504 ( 2)
 104 C   0.62442 0.00234 0.37182 0.00142 ( 1)
 105 I   0.03136 0.59429 0.01843 0.35592 ( 2)
 106 N   0.00000 0.62654 0.00000 0.37346 ( 2)
 107 A   0.04528 0.57980 0.02672 0.34820 ( 2)
 108 L   0.62226 0.00010 0.37758 0.00006 ( 1)
 109 A   0.09342 0.53055 0.05554 0.32049 ( 2)
 110 -   0.00531 0.61547 0.00320 0.37602 ( 2)
 111 -   0.33801 0.28687 0.20145 0.17367 ( 1)
 112 -   0.17376 0.45304 0.10205 0.27115 ( 2)
 113 -   0.12732 0.49745 0.07546 0.29977 ( 2)
 114 -   0.32782 0.28222 0.20540 0.18456 ( 1)
 115 -   0.26496 0.36014 0.15741 0.21749 ( 2)
 116 -   0.24786 0.37388 0.14957 0.22869 ( 2)
 117 P   0.01132 0.61139 0.00676 0.37054 ( 2)
 118 Q   0.00000 0.57240 0.00000 0.42760 ( 2)
 119 A   0.00951 0.61496 0.00563 0.36990 ( 2)
 120 S   0.00000 0.62469 0.00000 0.37531 ( 2)
 121 L   0.62457 0.00067 0.37434 0.00041 ( 1)
 122 S   0.00164 0.62291 0.00097 0.37448 ( 2)
 123 R   0.00009 0.62275 0.00005 0.37711 ( 2)
 124 R   0.00000 0.62518 0.00000 0.37482 ( 2)
 125 G   0.01867 0.60631 0.01102 0.36400 ( 2)
 126 F   0.04807 0.57669 0.02842 0.34682 ( 2)
 127 E   0.60893 0.01704 0.36369 0.01034 ( 1)
 128 T   0.62517 0.00035 0.37427 0.00021 ( 1)
 129 L   0.45021 0.17160 0.27286 0.10533 ( 1)
 130 L   0.62664 0.00001 0.37333 0.00001 ( 1)
 131 L   0.62384 0.00001 0.37614 0.00000 ( 1)
 132 P   0.62393 0.00000 0.37607 0.00000 ( 1)
 133 N   0.14754 0.47831 0.08704 0.28711 ( 2)
 134 Y   0.62550 0.00009 0.37436 0.00006 ( 1)
 135 A   0.00629 0.61825 0.00372 0.37174 ( 2)
 136 M   0.20122 0.42216 0.12035 0.25628 ( 2)
 137 A   0.62446 0.00142 0.37327 0.00086 ( 1)
 138 A   0.62522 0.00000 0.37477 0.00000 ( 1)
 139 N   0.62761 0.00021 0.37206 0.00013 ( 1)
 140 F   0.00091 0.62239 0.00054 0.37616 ( 2)
 141 H   0.62606 0.00000 0.37394 0.00000 ( 1)
 142 L   0.62385 0.00000 0.37615 0.00000 ( 1)
 143 L   0.24119 0.38224 0.14430 0.23227 ( 2)
 144 L   0.61182 0.01053 0.37118 0.00647 ( 1)
 145 L   0.62385 0.00000 0.37615 0.00000 ( 1)
 146 R   0.61566 0.00081 0.38302 0.00051 ( 1)
 147 D   0.62759 0.00000 0.37241 0.00000 ( 1)
 148 A   0.62586 0.00002 0.37411 0.00001 ( 1)
 149 V   0.62039 0.00605 0.36988 0.00367 ( 1)
 150 L   0.00002 0.62085 0.00001 0.37912 ( 2)
 151 Y   0.62559 0.00000 0.37441 0.00000 ( 1)
 152 R   0.00774 0.61620 0.00459 0.37147 ( 2)
 153 N   0.00000 0.60191 0.00000 0.39809 ( 2)
 154 Q   0.00000 0.54147 0.00000 0.45853 ( 2)
 155 W   0.45355 0.16805 0.27516 0.10324 ( 1)
 156 L   0.00000 0.60386 0.00000 0.39614 ( 2)
 157 S   0.00001 0.62328 0.00001 0.37670 ( 2)
 158 N   0.00002 0.62576 0.00001 0.37421 ( 2)
 159 S   0.00000 0.60395 0.00000 0.39605 ( 2)
 160 I   0.00006 0.62376 0.00004 0.37615 ( 2)
 161 S   0.00067 0.61928 0.00040 0.37965 ( 2)
 162 T   0.00150 0.61844 0.00091 0.37915 ( 2)
 163 -   0.03142 0.58853 0.01902 0.36103 ( 2)
 164 -   0.00072 0.61922 0.00044 0.37962 ( 2)
 165 -   0.00021 0.61974 0.00013 0.37993 ( 2)
 166 -   0.00110 0.61884 0.00067 0.37939 ( 2)
 167 -   0.45730 0.16264 0.27951 0.10055 ( 1)
 168 -   0.01504 0.60490 0.00911 0.37095 ( 2)
 169 -   0.02362 0.59632 0.01430 0.36575 ( 2)
 170 -   0.56069 0.05926 0.34336 0.03669 ( 1)
 171 -   0.26099 0.35895 0.15887 0.22119 ( 2)
 172 -   0.09694 0.52301 0.05879 0.32127 ( 2)
 173 -   0.25086 0.36908 0.15267 0.22739 ( 2)
 174 -   0.04989 0.57006 0.03022 0.34983 ( 2)
 175 -   0.28195 0.33799 0.17171 0.20835 ( 2)
 176 -   0.30057 0.31937 0.18312 0.19694 ( 2)
 177 -   0.29432 0.32562 0.17929 0.20077 ( 2)
 178 A   0.00004 0.62462 0.00003 0.37531 ( 2)
 179 N   0.00000 0.62565 0.00000 0.37434 ( 2)
 180 V   0.00072 0.60494 0.00059 0.39376 ( 2)
 181 N   0.62555 0.00004 0.37439 0.00002 ( 1)
 182 L   0.00000 0.62473 0.00000 0.37527 ( 2)
 183 N   0.00000 0.62649 0.00000 0.37351 ( 2)
 184 I   0.03036 0.59420 0.01796 0.35748 ( 2)
 185 L   0.62061 0.00141 0.37712 0.00087 ( 1)
 186 R   0.00015 0.62505 0.00009 0.37470 ( 2)
 187 A   0.00000 0.62635 0.00000 0.37365 ( 2)
 188 A   0.00000 0.62640 0.00000 0.37359 ( 2)
 189 I   0.62547 0.00122 0.37256 0.00074 ( 1)
 190 N   0.00000 0.62441 0.00000 0.37559 ( 2)
 191 E   0.00000 0.62446 0.00000 0.37554 ( 2)
 192 Y   0.62559 0.00000 0.37441 0.00000 ( 1)
 193 I   0.10491 0.52054 0.06194 0.31262 ( 2)
 194 T   0.62719 0.00017 0.37253 0.00010 ( 1)
 195 H   0.62553 0.00005 0.37439 0.00003 ( 1)
 196 C   0.62517 0.00000 0.37483 0.00000 ( 1)
 197 T   0.00002 0.62463 0.00001 0.37534 ( 2)
 198 R   0.00000 0.62272 0.00000 0.37728 ( 2)
 199 W   0.00003 0.62073 0.00002 0.37922 ( 2)
 200 Y   0.62665 0.00000 0.37335 0.00000 ( 1)
 201 Q   0.08076 0.54455 0.04768 0.32701 ( 2)
 202 D   0.00000 0.59046 0.00000 0.40954 ( 2)
 203 G   0.62559 0.00000 0.37441 0.00000 ( 1)
 204 L   0.62384 0.00002 0.37614 0.00001 ( 1)
 205 N   0.62729 0.00005 0.37262 0.00003 ( 1)
 206 R   0.00129 0.62519 0.00075 0.37277 ( 2)
 207 F   0.62308 0.00076 0.37569 0.00047 ( 1)
 208 D   0.11102 0.51434 0.06555 0.30910 ( 2)
 209 R   0.00000 0.62516 0.00000 0.37484 ( 2)
 210 S   0.00000 0.62340 0.00000 0.37660 ( 2)
 211 S   0.62537 0.00021 0.37428 0.00013 ( 1)
 212 R   0.23894 0.38100 0.14538 0.23468 ( 2)
 213 A   0.00385 0.61913 0.00229 0.37473 ( 2)
 214 N   0.00094 0.62536 0.00055 0.37315 ( 2)
 215 M   0.38663 0.23892 0.23002 0.14444 ( 1)
 216 N   0.00000 0.62477 0.00000 0.37523 ( 2)
 217 E   0.00000 0.62565 0.00000 0.37435 ( 2)
 218 W   0.62063 0.00103 0.37771 0.00063 ( 1)
 219 R   0.00007 0.62324 0.00004 0.37664 ( 2)
 220 R   0.54338 0.08060 0.32686 0.04916 ( 1)
 221 F   0.62677 0.00000 0.37323 0.00000 ( 1)
 222 N   0.62782 0.00000 0.37218 0.00000 ( 1)
 223 A   0.00104 0.62372 0.00062 0.37462 ( 2)
 224 Y   0.62676 0.00000 0.37323 0.00000 ( 1)
 225 R   0.62405 0.00000 0.37595 0.00000 ( 1)
 226 R   0.62527 0.00001 0.37472 0.00000 ( 1)
 227 D   0.62756 0.00003 0.37239 0.00002 ( 1)
 228 M   0.62577 0.00000 0.37423 0.00000 ( 1)
 229 T   0.62548 0.00000 0.37452 0.00000 ( 1)
 230 L   0.62323 0.00062 0.37577 0.00038 ( 1)
 231 S   0.00005 0.62490 0.00003 0.37503 ( 2)
 232 V   0.62575 0.00000 0.37425 0.00000 ( 1)
 233 L   0.62385 0.00001 0.37614 0.00000 ( 1)
 234 D   0.62759 0.00000 0.37241 0.00000 ( 1)
 235 F   0.62296 0.00016 0.37678 0.00010 ( 1)
 236 A   0.62626 0.00043 0.37304 0.00026 ( 1)
 237 T   0.49618 0.12912 0.29638 0.07832 ( 1)
 238 V   0.49262 0.12958 0.29826 0.07953 ( 1)
 239 F   0.62677 0.00000 0.37323 0.00000 ( 1)
 240 P   0.62367 0.00025 0.37592 0.00015 ( 1)
 241 T   0.01712 0.60747 0.01013 0.36527 ( 2)

