Supplemental results for CODEML (seqf: algn  treef: tree)


dN/dS (w) for site classes (K=4)

site class             0        1       2a       2b
proportion       0.62149  0.27217  0.07395  0.03239
background w     0.16015  1.00000  0.16015  1.00000
foreground w     0.16015  1.00000 166.17190 166.17190

Naive Empirical Bayes (NEB) probabilities for 4 classes
(amino acids refer to 1st sequence: BT_Cry19Aa1)

   1 E   0.00098 0.74233 0.00969 0.24700 ( 2)
   2 V   0.99235 0.00005 0.00760 0.00000 ( 1)
   3 K   0.98785 0.00168 0.01042 0.00004 ( 1)
   4 T   0.50130 0.45698 0.02160 0.02012 ( 1)
   5 E   0.99151 0.00000 0.00849 0.00000 ( 1)
   6 L   0.97610 0.00015 0.02374 0.00000 ( 1)
   7 T   0.98879 0.00001 0.01120 0.00000 ( 1)
   8 R   0.96829 0.00000 0.03171 0.00000 ( 1)
   9 E   0.99143 0.00009 0.00848 0.00000 ( 1)
  10 I   0.99003 0.00000 0.00997 0.00000 ( 1)
  11 Y   0.98962 0.00006 0.01031 0.00000 ( 1)
  12 S   0.95431 0.00036 0.04532 0.00002 ( 1)
  13 D   0.99176 0.00000 0.00824 0.00000 ( 1)
  14 V   0.96135 0.00025 0.03839 0.00001 ( 1)
  15 I   0.98976 0.00012 0.01012 0.00000 ( 1)
  16 N   0.98773 0.00000 0.01227 0.00000 ( 1)
  17 G   0.13580 0.83772 0.00308 0.02340 ( 2)
  18 E   0.29084 0.67764 0.00264 0.02888 ( 2)
  19 I   0.58178 0.39085 0.01614 0.01123 ( 1)
  20 Y   0.58299 0.39042 0.01434 0.01225 ( 1)
  21 G   0.95981 0.02981 0.01001 0.00037 ( 1)
  22 L   0.04906 0.91274 0.00175 0.03645 ( 2)
  23 M   0.08227 0.89125 0.00140 0.02507 ( 2)
  24 -   0.86431 0.02935 0.10285 0.00349 ( 1)
  25 -   0.87095 0.02271 0.10364 0.00270 ( 1)
  26 -   0.87928 0.01438 0.10463 0.00171 ( 1)
  27 -   0.74461 0.14905 0.08860 0.01774 ( 1)
  28 -   0.43152 0.46214 0.05135 0.05499 ( 2)
  29 -   0.88614 0.00752 0.10544 0.00090 ( 1)
  30 -   0.46759 0.42607 0.05564 0.05070 ( 1)
  31 T   0.30950 0.58416 0.03683 0.06951 ( 2)
  32 P   0.78444 0.17020 0.03717 0.00819 ( 1)
  33 Y   0.28551 0.68573 0.00562 0.02314 ( 2)
  34 F   0.00019 0.94347 0.00000 0.05633 ( 2)
  35 S   0.08628 0.86013 0.00183 0.05177 ( 2)
  36 F   0.98223 0.00239 0.01529 0.00010 ( 1)
  37 E   0.00045 0.94909 0.00001 0.05045 ( 2)
  38 K   0.01734 0.96607 0.00020 0.01639 ( 2)
  39 A   0.97103 0.01351 0.01516 0.00031 ( 1)
  40 E   0.99152 0.00000 0.00848 0.00000 ( 1)
  41 S   0.98475 0.00650 0.00862 0.00013 ( 1)
  42 L   0.98109 0.01315 0.00560 0.00017 ( 1)
  43 Y   0.98926 0.00018 0.01055 0.00001 ( 1)
  44 T   0.98702 0.00015 0.01282 0.00000 ( 1)
  45 R   0.95747 0.01227 0.02987 0.00039 ( 1)
  46 A   0.02397 0.96252 0.00027 0.01324 ( 2)
  47 P   0.99459 0.00000 0.00541 0.00000 ( 1)
  48 H   0.98893 0.00584 0.00514 0.00009 ( 1)
  49 L   0.95153 0.00275 0.04558 0.00014 ( 1)
  50 F   0.97649 0.00023 0.02328 0.00001 ( 1)
  51 T   0.98940 0.00010 0.01050 0.00000 ( 1)
  52 W   0.96831 0.00022 0.03146 0.00001 ( 1)
  53 L   0.98514 0.00058 0.01427 0.00001 ( 1)
  54 K   0.92376 0.04593 0.02885 0.00146 ( 1)
  55 G   0.92167 0.04266 0.03406 0.00161 ( 1)
  56 F   0.82995 0.00039 0.16962 0.00003 ( 1)
  57 R   0.13858 0.82468 0.00434 0.03240 ( 2)
  58 F   0.99229 0.00000 0.00771 0.00000 ( 1)
  59 V   0.79797 0.19037 0.00846 0.00319 ( 1)
  60 T   0.95028 0.01325 0.03594 0.00053 ( 1)
  61 N   0.98732 0.00011 0.01257 0.00001 ( 1)
  62 S   0.00000 0.20828 0.00030 0.79142 ( 4)
  63 I   0.94129 0.00322 0.05530 0.00019 ( 1)
  64 S   0.03082 0.91302 0.00049 0.05567 ( 2)
  65 -   0.00414 0.96226 0.00015 0.03345 ( 2)
  66 -   0.98860 0.00516 0.00615 0.00009 ( 1)
  67 -   0.05233 0.85867 0.01229 0.07671 ( 2)
  68 -   0.11149 0.56467 0.22115 0.10270 ( 2)
  69 -   0.14113 0.59526 0.18320 0.08041 ( 2)
  70 -   0.00280 0.91086 0.00019 0.08616 ( 2)
  71 Y   0.00070 0.94169 0.00003 0.05758 ( 2)
  72 W   0.13091 0.83734 0.00425 0.02750 ( 2)
  73 T   0.00423 0.01046 0.96830 0.01701 ( 3)
  74 F   0.98588 0.00360 0.01036 0.00015 ( 1)
  75 L   0.98551 0.00022 0.01427 0.00000 ( 1)
  76 S   0.97764 0.00369 0.01846 0.00020 ( 1)
  77 G   0.95850 0.00002 0.04148 0.00000 ( 1)
  78 G   0.00088 0.91879 0.00015 0.08018 ( 2)
  79 Q   0.13115 0.84135 0.00319 0.02431 ( 2)
  80 N   0.97977 0.00003 0.02020 0.00000 ( 1)
  81 K   0.93635 0.04596 0.01615 0.00154 ( 1)
  82 Y   0.96391 0.00205 0.03388 0.00016 ( 1)
  83 S   0.94042 0.04162 0.01648 0.00148 ( 1)
  84 Y   0.20944 0.72910 0.00827 0.05319 ( 2)
  85 T   0.92634 0.00057 0.07302 0.00007 ( 1)
  86 N   0.00089 0.95887 0.00001 0.04023 ( 2)
  87 N   0.00007 0.93592 0.00000 0.06401 ( 2)
  88 -   0.62149 0.27217 0.07395 0.03239 ( 1)
  89 S   0.00731 0.92822 0.00027 0.06421 ( 2)
  90 S   0.00040 0.90615 0.00019 0.09326 ( 2)
  91 I   0.66255 0.03252 0.29989 0.00503 ( 1)
  92 N   0.00025 0.78064 0.00047 0.21864 ( 2)
  93 E   0.00047 0.48066 0.26100 0.25787 ( 2)
  94 G   0.95267 0.02612 0.02000 0.00121 ( 1)
  95 S   0.98700 0.00393 0.00900 0.00007 ( 1)
  96 F   0.98942 0.00224 0.00830 0.00005 ( 1)
  97 R   0.00000 0.34738 0.00000 0.65262 ( 4)
  98 G   0.94482 0.00110 0.05393 0.00015 ( 1)
  99 Q   0.01393 0.87302 0.00465 0.10840 ( 2)
 100 D   0.60954 0.21723 0.14480 0.02844 ( 1)
 101 T   0.18386 0.04639 0.75809 0.01166 ( 3)
 102 D   0.04701 0.71731 0.14893 0.08675 ( 2)
 103 Y   0.66389 0.00151 0.33438 0.00022 ( 1)
 104 G   0.99027 0.00005 0.00968 0.00000 ( 1)
 105 G   0.84876 0.13917 0.00971 0.00237 ( 1)
 106 T   0.56961 0.05888 0.36472 0.00680 ( 1)
 107 S   0.24423 0.55430 0.12664 0.07484 ( 2)
 108 S   0.98027 0.00053 0.01918 0.00002 ( 1)
 109 T   0.01232 0.92751 0.00138 0.05879 ( 2)
 110 I   0.50600 0.45088 0.01195 0.03117 ( 1)
 111 N   0.00772 0.46000 0.33712 0.19517 ( 2)
 112 I   0.95002 0.02254 0.02562 0.00182 ( 1)
 113 P   0.00162 0.51161 0.14282 0.34395 ( 2)
 114 S   0.00003 0.95996 0.00000 0.04001 ( 2)
 115 N   0.00000 0.91372 0.00000 0.08627 ( 2)
 116 S   0.00019 0.94858 0.00001 0.05122 ( 2)
 117 Y   0.12973 0.77675 0.00860 0.08492 ( 2)
 118 V   0.66244 0.23853 0.07512 0.02391 ( 1)
 119 Y   0.97244 0.00002 0.02754 0.00000 ( 1)
 120 N   0.94147 0.00422 0.05400 0.00030 ( 1)
 121 L   0.95886 0.00075 0.04036 0.00003 ( 1)
 122 W   0.82716 0.14163 0.02367 0.00755 ( 1)
 123 T   0.10146 0.63003 0.16167 0.10683 ( 2)
 124 E   0.98755 0.00008 0.01237 0.00000 ( 1)
 125 N   0.15996 0.00052 0.83944 0.00008 ( 3)
 126 Y   0.97539 0.00390 0.02052 0.00019 ( 1)
 127 E   0.97313 0.00368 0.02302 0.00017 ( 1)
 128 Y   0.00003 0.87358 0.00002 0.12637 ( 2)
 129 I   0.92049 0.04563 0.03021 0.00367 ( 1)
 130 Y   0.70625 0.14932 0.13129 0.01314 ( 1)
 131 P   0.99109 0.00219 0.00670 0.00002 ( 1)
 132 W   0.00412 0.96037 0.00015 0.03537 ( 2)
 133 G   0.00018 0.67833 0.00664 0.31485 ( 2)
 134 D   0.84168 0.11552 0.03504 0.00775 ( 1)
 135 P   0.23074 0.38600 0.29577 0.08749 ( 2)
 136 V   0.03338 0.46146 0.35842 0.14673 ( 2)
 137 N   0.96963 0.00034 0.03000 0.00002 ( 1)
 138 -   0.67831 0.21535 0.08071 0.02563 ( 1)
 139 -   0.85187 0.04179 0.10137 0.00497 ( 1)
 140 -   0.25222 0.64144 0.03001 0.07633 ( 2)
 141 -   0.74662 0.14704 0.08884 0.01750 ( 1)
 142 -   0.07740 0.81626 0.00921 0.09713 ( 2)
 143 -   0.87095 0.02271 0.10364 0.00270 ( 1)
 144 -   0.22063 0.67303 0.02625 0.08009 ( 2)
 145 -   0.59991 0.29375 0.07139 0.03495 ( 1)
 146 -   0.88444 0.00922 0.10524 0.00110 ( 1)
 147 I   0.97297 0.00006 0.02696 0.00000 ( 1)
 148 T   0.00012 0.81633 0.00048 0.18308 ( 2)
 149 K   0.44414 0.17973 0.35023 0.02590 ( 1)
 150 M   0.86140 0.10852 0.02283 0.00725 ( 1)
 151 N   0.15263 0.00326 0.84323 0.00088 ( 3)
 152 F   0.97155 0.00001 0.02844 0.00000 ( 1)
 153 S   0.03237 0.73312 0.04829 0.18622 ( 2)
 154 V   0.32649 0.37948 0.23441 0.05961 ( 2)
 155 T   0.96340 0.00376 0.03266 0.00018 ( 1)
 156 D   0.66097 0.30753 0.01424 0.01725 ( 1)
 157 N   0.98779 0.00017 0.01203 0.00001 ( 1)
 158 -   0.62149 0.27217 0.07395 0.03239 ( 1)
 159 N   0.98682 0.00000 0.01318 0.00000 ( 1)
 160 S   0.00000 0.85848 0.00000 0.14152 ( 2)
 161 S   0.65605 0.00828 0.33486 0.00082 ( 1)
 162 K   0.00002 0.81972 0.00003 0.18024 ( 2)
 163 E   0.07949 0.00798 0.91016 0.00237 ( 3)
 164 L   0.00023 0.94742 0.00001 0.05234 ( 2)
 165 I   0.01622 0.88957 0.00567 0.08854 ( 2)
 166 Y   0.98972 0.00000 0.01028 0.00000 ( 1)
 167 G   0.96157 0.00040 0.03800 0.00002 ( 1)
 168 -   0.49193 0.38103 0.09102 0.03602 ( 1)
 169 -   0.39519 0.46039 0.10326 0.04116 ( 2)
 170 A   0.03626 0.78853 0.08842 0.08680 ( 2)
 171 H   0.00016 0.65308 0.00954 0.33722 ( 2)
 172 R   0.00214 0.81566 0.00594 0.17626 ( 2)
 173 T   0.07805 0.74616 0.05698 0.11880 ( 2)
 174 N   0.98779 0.00005 0.01216 0.00000 ( 1)
 175 K   0.14005 0.82979 0.00373 0.02643 ( 2)
 176 P   0.99458 0.00001 0.00541 0.00000 ( 1)
 177 V   0.60861 0.00315 0.38803 0.00021 ( 1)
 178 V   0.99210 0.00035 0.00754 0.00001 ( 1)
 179 R   0.85860 0.12604 0.01128 0.00408 ( 1)
 180 T   0.76432 0.21969 0.01009 0.00590 ( 1)
 181 D   0.93986 0.05025 0.00807 0.00182 ( 1)
 182 F   0.97539 0.01657 0.00765 0.00039 ( 1)
 183 D   0.97562 0.01554 0.00828 0.00055 ( 1)
 184 F   0.99225 0.00001 0.00774 0.00000 ( 1)
 185 -   0.62293 0.27073 0.07413 0.03221 ( 1)
 186 L   0.18644 0.00360 0.80950 0.00045 ( 3)
 187 T   0.45979 0.49393 0.01910 0.02719 ( 2)
 188 N   0.97641 0.01034 0.01277 0.00048 ( 1)
 189 K   0.98911 0.00044 0.01045 0.00001 ( 1)
 190 -   0.87040 0.02326 0.10357 0.00277 ( 1)
 191 -   0.83875 0.05491 0.09981 0.00653 ( 1)
 192 -   0.88157 0.01209 0.10490 0.00144 ( 1)
 193 E   0.95954 0.03165 0.00827 0.00055 ( 1)
 194 G   0.04749 0.33309 0.49177 0.12764 ( 3)
 195 T   0.95613 0.03221 0.01039 0.00128 ( 1)
 196 E   0.13619 0.82324 0.00571 0.03487 ( 2)
 197 L   0.01531 0.93347 0.00072 0.05050 ( 2)
 198 A   0.98847 0.00026 0.01127 0.00000 ( 1)
 199 K   0.98640 0.00071 0.01288 0.00002 ( 1)
 200 Y   0.95838 0.00190 0.03964 0.00008 ( 1)
 201 N   0.98788 0.00003 0.01209 0.00000 ( 1)
 202 D   0.98397 0.00002 0.01602 0.00000 ( 1)
 203 -   0.65741 0.23625 0.07823 0.02811 ( 1)
 204 -   0.86659 0.02707 0.10312 0.00322 ( 1)
 205 -   0.88573 0.00793 0.10540 0.00094 ( 1)
 206 Y   0.98960 0.00000 0.01039 0.00000 ( 1)
 207 N   0.84359 0.00032 0.15607 0.00002 ( 1)
 208 H   0.99481 0.00000 0.00519 0.00000 ( 1)
 209 I   0.98995 0.00003 0.01002 0.00000 ( 1)
 210 L   0.97612 0.00001 0.02387 0.00000 ( 1)
 211 S   0.97970 0.00005 0.02025 0.00000 ( 1)
 212 Y   0.10419 0.00256 0.89265 0.00059 ( 3)
 213 M   0.97692 0.01489 0.00798 0.00021 ( 1)
 214 L   0.97037 0.00552 0.02396 0.00014 ( 1)
 215 I   0.85617 0.11109 0.02888 0.00386 ( 1)
 216 N   0.98045 0.00097 0.01854 0.00004 ( 1)
 217 -   0.41507 0.54995 0.00720 0.02779 ( 2)
 218 -   0.94688 0.03999 0.01074 0.00239 ( 1)
 219 -   0.00918 0.95682 0.00032 0.03368 ( 2)
 220 G   0.25133 0.63630 0.02589 0.08648 ( 2)
 221 E   0.41007 0.55748 0.01411 0.01834 ( 2)
 222 T   0.95919 0.00933 0.03116 0.00032 ( 1)
 223 -   0.62149 0.27217 0.07395 0.03239 ( 1)
 224 -   0.62149 0.27217 0.07395 0.03239 ( 1)
 225 -   0.62149 0.27217 0.07395 0.03239 ( 1)
 226 -   0.62149 0.27217 0.07395 0.03239 ( 1)
 227 F   0.31519 0.64199 0.00958 0.03323 ( 2)
 228 G   0.97776 0.01102 0.01107 0.00015 ( 1)
 229 Q   0.53660 0.41270 0.01695 0.03375 ( 1)
 230 K   0.93451 0.01974 0.04477 0.00098 ( 1)
 231 R   0.94808 0.02312 0.02768 0.00111 ( 1)
 232 H   0.79066 0.18358 0.02084 0.00492 ( 1)
 233 G   0.98849 0.00002 0.01149 0.00000 ( 1)
 234 Y   0.98894 0.00050 0.01054 0.00001 ( 1)
 235 S   0.95775 0.02170 0.01995 0.00060 ( 1)
 236 F   0.99228 0.00000 0.00772 0.00000 ( 1)
 237 A   0.98856 0.00005 0.01140 0.00000 ( 1)
 238 F   0.99189 0.00002 0.00809 0.00000 ( 1)
 239 T   0.98622 0.00005 0.01372 0.00000 ( 1)
 240 H   0.99491 0.00000 0.00509 0.00000 ( 1)
 241 S   0.99372 0.00018 0.00609 0.00000 ( 1)
 242 S   0.97975 0.00000 0.02024 0.00000 ( 1)


lnL = -6804.716752

Bayes Empirical Bayes (BEB) probabilities for 4 classes (class)
(amino acids refer to 1st sequence: BT_Cry19Aa1)

   1 E   0.00035 0.46665 0.00611 0.52688 ( 4)
   2 V   0.60399 0.00003 0.39596 0.00002 ( 1)
   3 K   0.59833 0.00118 0.39964 0.00085 ( 1)
   4 T   0.25493 0.30260 0.20336 0.23911 ( 2)
   5 E   0.59397 0.00000 0.40603 0.00000 ( 1)
   6 L   0.56479 0.00009 0.43506 0.00007 ( 1)
   7 T   0.60956 0.00000 0.39044 0.00000 ( 1)
   8 R   0.56167 0.00000 0.43833 0.00000 ( 1)
   9 E   0.59392 0.00006 0.40598 0.00004 ( 1)
  10 I   0.61175 0.00000 0.38825 0.00000 ( 1)
  11 Y   0.60359 0.00004 0.39635 0.00003 ( 1)
  12 S   0.55715 0.00021 0.44248 0.00017 ( 1)
  13 D   0.61810 0.00000 0.38190 0.00000 ( 1)
  14 V   0.55900 0.00016 0.44072 0.00012 ( 1)
  15 I   0.61156 0.00007 0.38831 0.00005 ( 1)
  16 N   0.62075 0.00000 0.37925 0.00000 ( 1)
  17 G   0.05478 0.50790 0.04256 0.39476 ( 2)
  18 E   0.13492 0.44924 0.08415 0.33168 ( 2)
  19 I   0.29844 0.26609 0.23045 0.20502 ( 1)
  20 Y   0.30156 0.26177 0.23370 0.20297 ( 1)
  21 G   0.55639 0.02223 0.40507 0.01631 ( 1)
  22 L   0.01854 0.53947 0.01475 0.42725 ( 2)
  23 M   0.03273 0.53702 0.02423 0.40601 ( 2)
  24 -   0.52680 0.01987 0.43709 0.01624 ( 1)
  25 -   0.53135 0.01532 0.44081 0.01252 ( 1)
  26 -   0.53731 0.00936 0.44569 0.00765 ( 1)
  27 -   0.44180 0.10487 0.36743 0.08591 ( 1)
  28 -   0.23896 0.30770 0.19995 0.25338 ( 2)
  29 -   0.54189 0.00478 0.44943 0.00391 ( 1)
  30 -   0.26583 0.28084 0.22225 0.23109 ( 2)
  31 T   0.16213 0.38453 0.13600 0.31733 ( 2)
  32 P   0.43780 0.11862 0.34974 0.09384 ( 1)
  33 Y   0.12395 0.44942 0.09022 0.33640 ( 2)
  34 F   0.00006 0.56266 0.00004 0.43723 ( 2)
  35 S   0.03638 0.53095 0.02413 0.40854 ( 2)
  36 F   0.59586 0.00166 0.40124 0.00124 ( 1)
  37 E   0.00015 0.56750 0.00011 0.43224 ( 2)
  38 K   0.00665 0.56391 0.00495 0.42449 ( 2)
  39 A   0.56406 0.00910 0.41998 0.00686 ( 1)
  40 E   0.59399 0.00000 0.40601 0.00000 ( 1)
  41 S   0.58893 0.00468 0.40302 0.00337 ( 1)
  42 L   0.57671 0.00926 0.40731 0.00672 ( 1)
  43 Y   0.60316 0.00012 0.39662 0.00009 ( 1)
  44 T   0.58893 0.00009 0.41090 0.00007 ( 1)
  45 R   0.55370 0.00797 0.43215 0.00618 ( 1)
  46 A   0.00902 0.56434 0.00668 0.41996 ( 2)
  47 P   0.59386 0.00000 0.40614 0.00000 ( 1)
  48 H   0.60225 0.00455 0.39006 0.00314 ( 1)
  49 L   0.55488 0.00174 0.44200 0.00138 ( 1)
  50 F   0.56505 0.00013 0.43472 0.00010 ( 1)
  51 T   0.60941 0.00006 0.39048 0.00005 ( 1)
  52 W   0.56057 0.00013 0.43919 0.00010 ( 1)
  53 L   0.57653 0.00036 0.42284 0.00027 ( 1)
  54 K   0.53005 0.03153 0.41395 0.02447 ( 1)
  55 G   0.52808 0.03142 0.41594 0.02456 ( 1)
  56 F   0.43204 0.00023 0.56754 0.00019 ( 3)
  57 R   0.05746 0.50240 0.04509 0.39505 ( 2)
  58 F   0.60707 0.00000 0.39293 0.00000 ( 1)
  59 V   0.43864 0.14447 0.31178 0.10510 ( 1)
  60 T   0.55193 0.00857 0.43281 0.00669 ( 1)
  61 N   0.62004 0.00008 0.37982 0.00006 ( 1)
  62 S   0.00000 0.48371 0.00001 0.51628 ( 4)
  63 I   0.55198 0.00226 0.44397 0.00180 ( 1)
  64 S   0.01181 0.55200 0.00781 0.42838 ( 2)
  65 -   0.00163 0.55879 0.00129 0.43830 ( 2)
  66 -   0.59632 0.00361 0.39755 0.00252 ( 1)
  67 -   0.02199 0.52213 0.03458 0.42131 ( 2)
  68 -   0.06894 0.42753 0.13215 0.37137 ( 2)
  69 -   0.08132 0.41971 0.14527 0.35371 ( 2)
  70 -   0.00114 0.55119 0.00089 0.44678 ( 2)
  71 Y   0.00023 0.55432 0.00018 0.44527 ( 2)
  72 W   0.05638 0.50290 0.04481 0.39591 ( 2)
  73 T   0.03486 0.11681 0.72120 0.12714 ( 3)
  74 F   0.59794 0.00263 0.39747 0.00196 ( 1)
  75 L   0.57676 0.00013 0.42301 0.00010 ( 1)
  76 S   0.59449 0.00243 0.40123 0.00185 ( 1)
  77 G   0.55829 0.00001 0.44169 0.00001 ( 1)
  78 G   0.00030 0.54961 0.00032 0.44977 ( 2)
  79 Q   0.05182 0.51453 0.03965 0.39400 ( 2)
  80 N   0.60717 0.00002 0.39280 0.00001 ( 1)
  81 K   0.55014 0.03626 0.38645 0.02715 ( 1)
  82 Y   0.58208 0.00148 0.41528 0.00117 ( 1)
  83 S   0.55255 0.03154 0.39221 0.02370 ( 1)
  84 Y   0.08982 0.46811 0.06698 0.37508 ( 2)
  85 T   0.58282 0.00036 0.41655 0.00027 ( 1)
  86 N   0.00032 0.56795 0.00022 0.43152 ( 2)
  87 N   0.00002 0.55525 0.00002 0.44470 ( 2)
  88 -   0.36825 0.17842 0.30691 0.14642 ( 1)
  89 S   0.00282 0.55782 0.00202 0.43734 ( 2)
  90 S   0.00014 0.54497 0.00027 0.45461 ( 2)
  91 I   0.37388 0.02237 0.58521 0.01854 ( 3)
  92 N   0.00010 0.54732 0.00010 0.45248 ( 2)
  93 E   0.00029 0.47175 0.03506 0.49291 ( 4)
  94 G   0.57743 0.01799 0.39167 0.01291 ( 1)
  95 S   0.58511 0.00259 0.41042 0.00188 ( 1)
  96 F   0.60532 0.00159 0.39198 0.00111 ( 1)
  97 R   0.00000 0.42199 0.00000 0.57801 ( 4)
  98 G   0.59591 0.00078 0.40277 0.00055 ( 1)
  99 Q   0.00570 0.54572 0.00510 0.44348 ( 2)
 100 D   0.31488 0.16070 0.38510 0.13931 ( 3)
 101 T   0.26497 0.09365 0.55985 0.08153 ( 3)
 102 D   0.02048 0.50450 0.05526 0.41976 ( 2)
 103 Y   0.35943 0.00091 0.63890 0.00075 ( 3)
 104 G   0.59727 0.00003 0.40268 0.00002 ( 1)
 105 G   0.47541 0.10187 0.34727 0.07545 ( 1)
 106 T   0.40714 0.05230 0.49765 0.04291 ( 3)
 107 S   0.11244 0.37167 0.20199 0.31390 ( 2)
 108 S   0.58121 0.00036 0.41815 0.00027 ( 1)
 109 T   0.00478 0.54845 0.00417 0.44259 ( 2)
 110 I   0.27657 0.30431 0.18570 0.23342 ( 2)
 111 N   0.00472 0.43517 0.11148 0.44863 ( 4)
 112 I   0.57837 0.01575 0.39343 0.01245 ( 1)
 113 P   0.00096 0.50305 0.00866 0.48733 ( 2)
 114 S   0.00001 0.56369 0.00001 0.43629 ( 2)
 115 N   0.00000 0.54916 0.00000 0.45084 ( 2)
 116 S   0.00006 0.55427 0.00005 0.44561 ( 2)
 117 Y   0.05601 0.49343 0.04536 0.40520 ( 2)
 118 V   0.34633 0.17856 0.32982 0.14530 ( 1)
 119 Y   0.58519 0.00001 0.41479 0.00001 ( 1)
 120 N   0.55109 0.00285 0.44375 0.00231 ( 1)
 121 L   0.56231 0.00046 0.43688 0.00036 ( 1)
 122 W   0.46214 0.09947 0.35951 0.07888 ( 1)
 123 T   0.04630 0.41431 0.16318 0.37621 ( 2)
 124 E   0.59933 0.00005 0.40058 0.00003 ( 1)
 125 N   0.11920 0.00044 0.88001 0.00035 ( 3)
 126 Y   0.58634 0.00280 0.40873 0.00212 ( 1)
 127 E   0.58120 0.00259 0.41426 0.00195 ( 1)
 128 Y   0.00001 0.53746 0.00002 0.46252 ( 2)
 129 I   0.55390 0.03468 0.38402 0.02740 ( 1)
 130 Y   0.41097 0.11533 0.37970 0.09399 ( 1)
 131 P   0.59191 0.00155 0.40545 0.00109 ( 1)
 132 W   0.00150 0.55659 0.00120 0.44071 ( 2)
 133 G   0.00007 0.49173 0.00081 0.50739 ( 4)
 134 D   0.48293 0.09559 0.34765 0.07383 ( 1)
 135 P   0.15205 0.34924 0.20302 0.29569 ( 2)
 136 V   0.02185 0.45534 0.08150 0.44131 ( 2)
 137 N   0.58827 0.00024 0.41131 0.00018 ( 1)
 138 -   0.40479 0.14187 0.33701 0.11633 ( 1)
 139 -   0.51819 0.02847 0.43005 0.02328 ( 1)
 140 -   0.13014 0.41652 0.10928 0.34405 ( 2)
 141 -   0.44309 0.10357 0.36849 0.08485 ( 1)
 142 -   0.03842 0.50824 0.03236 0.42097 ( 2)
 143 -   0.53135 0.01532 0.44081 0.01252 ( 1)
 144 -   0.11696 0.42970 0.09826 0.35508 ( 2)
 145 -   0.34936 0.19730 0.29134 0.16200 ( 1)
 146 -   0.54079 0.00588 0.44853 0.00480 ( 1)
 147 I   0.59437 0.00004 0.40556 0.00003 ( 1)
 148 T   0.00004 0.52820 0.00012 0.47164 ( 2)
 149 K   0.27477 0.15074 0.44581 0.12868 ( 3)
 150 M   0.50575 0.08213 0.34821 0.06391 ( 1)
 151 N   0.10694 0.00310 0.88741 0.00255 ( 3)
 152 F   0.56529 0.00001 0.43470 0.00000 ( 1)
 153 S   0.01392 0.47390 0.04489 0.46729 ( 2)
 154 V   0.17162 0.28093 0.30600 0.24146 ( 3)
 155 T   0.58041 0.00255 0.41512 0.00192 ( 1)
 156 D   0.35998 0.23043 0.23499 0.17459 ( 1)
 157 N   0.62127 0.00011 0.37854 0.00008 ( 1)
 158 -   0.36825 0.17842 0.30691 0.14642 ( 1)
 159 N   0.62152 0.00000 0.37848 0.00000 ( 1)
 160 S   0.00000 0.52951 0.00000 0.47049 ( 2)
 161 S   0.34386 0.00505 0.64683 0.00426 ( 3)
 162 K   0.00000 0.52451 0.00001 0.47547 ( 2)
 163 E   0.08371 0.01101 0.89610 0.00919 ( 3)
 164 L   0.00007 0.56123 0.00005 0.43864 ( 2)
 165 I   0.00577 0.53604 0.01081 0.44739 ( 2)
 166 Y   0.60364 0.00000 0.39636 0.00000 ( 1)
 167 G   0.57900 0.00029 0.42050 0.00021 ( 1)
 168 -   0.26327 0.23577 0.31048 0.19048 ( 3)
 169 -   0.21622 0.29268 0.25267 0.23844 ( 2)
 170 A   0.01526 0.45629 0.12930 0.39915 ( 2)
 171 H   0.00006 0.46877 0.00092 0.53025 ( 4)
 172 R   0.00079 0.50568 0.00378 0.48975 ( 2)
 173 T   0.03624 0.46243 0.09676 0.40456 ( 2)
 174 N   0.62114 0.00003 0.37880 0.00002 ( 1)
 175 K   0.05714 0.50914 0.04367 0.39005 ( 2)
 176 P   0.59385 0.00001 0.40614 0.00001 ( 1)
 177 V   0.19758 0.00121 0.80036 0.00085 ( 3)
 178 V   0.60392 0.00026 0.39564 0.00018 ( 1)
 179 R   0.48193 0.09183 0.35575 0.07049 ( 1)
 180 T   0.42339 0.16155 0.29636 0.11870 ( 1)
 181 D   0.57166 0.04296 0.35438 0.03100 ( 1)
 182 F   0.59348 0.01296 0.38439 0.00917 ( 1)
 183 D   0.60438 0.01243 0.37424 0.00895 ( 1)
 184 F   0.60702 0.00001 0.39296 0.00001 ( 1)
 185 -   0.36917 0.17749 0.30767 0.14566 ( 1)
 186 L   0.06977 0.00172 0.92713 0.00138 ( 3)
 187 T   0.21758 0.34108 0.17183 0.26952 ( 2)
 188 N   0.61153 0.00792 0.37474 0.00581 ( 1)
 189 K   0.59927 0.00029 0.40022 0.00021 ( 1)
 190 -   0.53145 0.01521 0.44090 0.01244 ( 1)
 191 -   0.51040 0.03626 0.42367 0.02966 ( 1)
 192 -   0.53892 0.00775 0.44700 0.00633 ( 1)
 193 E   0.56941 0.02398 0.38946 0.01715 ( 1)
 194 G   0.02900 0.29069 0.39211 0.28819 ( 3)
 195 T   0.58315 0.02456 0.37422 0.01806 ( 1)
 196 E   0.05663 0.50028 0.04549 0.39760 ( 2)
 197 L   0.00583 0.54871 0.00471 0.44075 ( 2)
 198 A   0.57774 0.00016 0.42198 0.00012 ( 1)
 199 K   0.58846 0.00047 0.41071 0.00035 ( 1)
 200 Y   0.55792 0.00121 0.43993 0.00094 ( 1)
 201 N   0.62118 0.00002 0.37879 0.00001 ( 1)
 202 D   0.57322 0.00001 0.42676 0.00001 ( 1)
 203 -   0.38864 0.15803 0.32371 0.12962 ( 1)
 204 -   0.52888 0.01778 0.43880 0.01454 ( 1)
 205 -   0.54158 0.00508 0.44918 0.00415 ( 1)
 206 Y   0.60362 0.00000 0.39637 0.00000 ( 1)
 207 N   0.36675 0.00015 0.63298 0.00011 ( 3)
 208 H   0.60708 0.00000 0.39292 0.00000 ( 1)
 209 I   0.61163 0.00002 0.38834 0.00001 ( 1)
 210 L   0.56486 0.00001 0.43513 0.00000 ( 1)
 211 S   0.57252 0.00003 0.42743 0.00002 ( 1)
 212 Y   0.10417 0.00313 0.89015 0.00254 ( 3)
 213 M   0.57437 0.01108 0.40655 0.00800 ( 1)
 214 L   0.56109 0.00374 0.43230 0.00287 ( 1)
 215 I   0.47818 0.08300 0.37452 0.06430 ( 1)
 216 N   0.58003 0.00070 0.41876 0.00052 ( 1)
 217 -   0.20696 0.36944 0.14160 0.28200 ( 2)
 218 -   0.58213 0.02845 0.36765 0.02176 ( 1)
 219 -   0.00345 0.55503 0.00276 0.43876 ( 2)
 220 G   0.11279 0.42369 0.09851 0.36501 ( 2)
 221 E   0.19493 0.36451 0.15463 0.28593 ( 2)
 222 T   0.55563 0.00666 0.43254 0.00517 ( 1)
 223 -   0.36825 0.17842 0.30691 0.14642 ( 1)
 224 -   0.36825 0.17842 0.30691 0.14642 ( 1)
 225 -   0.36825 0.17842 0.30691 0.14642 ( 1)
 226 -   0.36825 0.17842 0.30691 0.14642 ( 1)
 227 F   0.14759 0.42367 0.10703 0.32171 ( 2)
 228 G   0.57146 0.00730 0.41589 0.00535 ( 1)
 229 Q   0.28629 0.28024 0.20875 0.22472 ( 1)
 230 K   0.54400 0.01324 0.43230 0.01047 ( 1)
 231 R   0.55881 0.01659 0.41179 0.01281 ( 1)
 232 H   0.43018 0.13271 0.33458 0.10254 ( 1)
 233 G   0.57881 0.00001 0.42117 0.00001 ( 1)
 234 Y   0.60288 0.00037 0.39649 0.00026 ( 1)
 235 S   0.55693 0.01535 0.41608 0.01163 ( 1)
 236 F   0.60706 0.00000 0.39294 0.00000 ( 1)
 237 A   0.58526 0.00003 0.41470 0.00002 ( 1)
 238 F   0.60662 0.00001 0.39335 0.00001 ( 1)
 239 T   0.58896 0.00003 0.41098 0.00002 ( 1)
 240 H   0.60710 0.00000 0.39290 0.00000 ( 1)
 241 S   0.61514 0.00013 0.38464 0.00009 ( 1)
 242 S   0.56652 0.00000 0.43348 0.00000 ( 1)

