Supplemental results for CODEML (seqf: algn  treef: tree)


dN/dS (w) for site classes (K=4)

site class             0        1       2a       2b
proportion       0.59651  0.26172  0.09854  0.04323
background w     0.13015  1.00000  0.13015  1.00000
foreground w     0.13015  1.00000  1.00000  1.00000

Naive Empirical Bayes (NEB) probabilities for 4 classes
(amino acids refer to 1st sequence: BT_Cry32Ea1)

   1 -   0.59651 0.26172 0.09854 0.04323 ( 1)
   2 S   0.68668 0.19622 0.08468 0.03241 ( 1)
   3 A   0.90843 0.00091 0.09051 0.00015 ( 1)
   4 I   0.77723 0.12873 0.07278 0.02126 ( 1)
   5 A   0.89501 0.00212 0.10252 0.00035 ( 1)
   6 G   0.88800 0.01753 0.09157 0.00290 ( 1)
   7 L   0.68580 0.19641 0.08535 0.03244 ( 1)
   8 F   0.74061 0.15882 0.07433 0.02623 ( 1)
   9 N   0.83925 0.07323 0.07543 0.01210 ( 1)
  10 V   0.90878 0.00114 0.08989 0.00019 ( 1)
  11 L   0.85425 0.03192 0.10855 0.00527 ( 1)
  12 L   0.78240 0.11062 0.08870 0.01827 ( 1)
  13 P   0.89720 0.00367 0.09853 0.00061 ( 1)
  14 Y   0.76814 0.12004 0.09198 0.01983 ( 1)
  15 W   0.41043 0.45886 0.05492 0.07580 ( 2)
  16 W   0.39709 0.47184 0.05314 0.07794 ( 2)
  17 P   0.89870 0.00255 0.09833 0.00042 ( 1)
  18 E   0.68331 0.21769 0.06304 0.03596 ( 1)
  19 Q   0.06119 0.80013 0.00652 0.13217 ( 2)
  20 A   0.75245 0.14787 0.07525 0.02443 ( 1)
  21 G   0.42897 0.44026 0.05804 0.07273 ( 2)
  22 A   0.05161 0.77315 0.04753 0.12771 ( 2)
  23 P   0.24836 0.61999 0.02923 0.10241 ( 2)
  24 G   0.79427 0.10626 0.08191 0.01755 ( 1)
  25 T   0.11058 0.75046 0.01499 0.12397 ( 2)
  26 P   0.30014 0.56785 0.03821 0.09380 ( 2)
  27 Q   0.63108 0.25893 0.06722 0.04277 ( 1)
  28 A   0.89605 0.01259 0.08928 0.00208 ( 1)
  29 Q   0.90209 0.00159 0.09606 0.00026 ( 1)
  30 F   0.04374 0.81562 0.00591 0.13473 ( 2)
  31 S   0.72866 0.16777 0.07586 0.02771 ( 1)
  32 W   0.31908 0.54775 0.04270 0.09048 ( 2)
  33 N   0.00197 0.85363 0.00340 0.14101 ( 2)
  34 Q   0.54751 0.32997 0.06802 0.05451 ( 1)
  35 L   0.86701 0.01760 0.11248 0.00291 ( 1)
  36 M   0.90872 0.00058 0.09060 0.00010 ( 1)
  37 T   0.00650 0.85191 0.00086 0.14072 ( 2)
  38 A   0.66113 0.21754 0.08540 0.03594 ( 1)
  39 A   0.71991 0.17683 0.07404 0.02921 ( 1)
  40 E   0.91522 0.00063 0.08405 0.00010 ( 1)
  41 E   0.02620 0.81915 0.01934 0.13531 ( 2)
  42 M   0.44503 0.42504 0.05971 0.07021 ( 1)
  43 V   0.01331 0.84514 0.00195 0.13961 ( 2)
  44 D   0.05947 0.77132 0.04180 0.12741 ( 2)
  45 K   0.86320 0.04810 0.08075 0.00795 ( 1)
  46 K   0.90843 0.00518 0.08554 0.00086 ( 1)
  47 I   0.90563 0.00114 0.09303 0.00019 ( 1)
  48 L   0.01801 0.83440 0.00976 0.13783 ( 2)
  49 E   0.75690 0.13699 0.08348 0.02263 ( 1)
  50 S   0.59864 0.29231 0.06077 0.04829 ( 1)
  51 K   0.13035 0.05374 0.80704 0.00888 ( 3)
  52 R   0.67257 0.15817 0.14313 0.02613 ( 1)
  53 G   0.01673 0.84213 0.00203 0.13911 ( 2)
  54 E   0.36208 0.24018 0.35806 0.03968 ( 1)
  55 A   0.89019 0.00856 0.09984 0.00141 ( 1)
  56 T   0.27315 0.52062 0.12023 0.08600 ( 2)
  57 A   0.88726 0.02004 0.08938 0.00331 ( 1)
  58 R   0.29214 0.00955 0.69674 0.00158 ( 3)
  59 W   0.85921 0.02215 0.11498 0.00366 ( 1)
  60 Q   0.74026 0.15518 0.07892 0.02563 ( 1)
  61 G   0.51590 0.01038 0.47201 0.00171 ( 1)
  62 I   0.56867 0.00425 0.42638 0.00070 ( 1)
  63 Q   0.90209 0.00159 0.09606 0.00026 ( 1)
  64 R   0.00008 0.85814 0.00002 0.14175 ( 2)
  65 L   0.00787 0.80638 0.05254 0.13320 ( 2)
  66 G   0.09937 0.21598 0.64897 0.03568 ( 3)
  67 R   0.01098 0.77826 0.08221 0.12856 ( 2)
  68 D   0.68794 0.20013 0.07888 0.03306 ( 1)
  69 Y   0.49327 0.07688 0.41715 0.01270 ( 1)
  70 Y   0.01676 0.72883 0.13401 0.12039 ( 2)
  71 S   0.00035 0.85789 0.00005 0.14171 ( 2)
  72 A   0.72292 0.15873 0.09213 0.02622 ( 1)
  73 L   0.34494 0.23356 0.38291 0.03858 ( 3)
  74 C   0.89530 0.00406 0.09997 0.00067 ( 1)
  75 D   0.87720 0.02220 0.09693 0.00367 ( 1)
  76 W   0.66934 0.20691 0.08957 0.03418 ( 1)
  77 I   0.07196 0.79069 0.00674 0.13061 ( 2)
  78 Q   0.00184 0.85646 0.00023 0.14148 ( 2)
  79 D   0.91013 0.00666 0.08211 0.00110 ( 1)
  80 Q   0.87465 0.02748 0.09333 0.00454 ( 1)
  81 D   0.85206 0.02428 0.11965 0.00401 ( 1)
  82 N   0.91629 0.00041 0.08324 0.00007 ( 1)
  83 A   0.29218 0.57411 0.03887 0.09484 ( 2)
  84 V   0.01868 0.82934 0.01498 0.13700 ( 2)
  85 K   0.72932 0.16217 0.08172 0.02679 ( 1)
  86 K   0.90812 0.00596 0.08493 0.00098 ( 1)
  87 E   0.00001 0.85818 0.00005 0.14176 ( 2)
  88 R   0.26631 0.60575 0.02788 0.10006 ( 2)
  89 L   0.83881 0.05218 0.10039 0.00862 ( 1)
  90 R   0.51558 0.01456 0.46745 0.00241 ( 1)
  91 D   0.91670 0.00263 0.08023 0.00044 ( 1)
  92 A   0.23725 0.63423 0.02375 0.10477 ( 2)
  93 F   0.90799 0.00076 0.09112 0.00013 ( 1)
  94 D   0.91678 0.00255 0.08025 0.00042 ( 1)
  95 D   0.76535 0.12800 0.08551 0.02114 ( 1)
  96 L   0.14885 0.65365 0.08952 0.10797 ( 2)
  97 D   0.46702 0.10404 0.41176 0.01719 ( 1)
  98 D   0.91919 0.00031 0.08045 0.00005 ( 1)
  99 Q   0.03222 0.80725 0.02719 0.13335 ( 2)
 100 L   0.48078 0.39096 0.06368 0.06458 ( 1)
 101 K   0.52295 0.02950 0.44268 0.00487 ( 1)
 102 L   0.02458 0.81712 0.02332 0.13498 ( 2)
 103 A   0.74075 0.13642 0.10030 0.02253 ( 1)
 104 M   0.90480 0.00428 0.09021 0.00071 ( 1)
 105 P   0.89848 0.00276 0.09830 0.00046 ( 1)
 106 F   0.05838 0.80124 0.00803 0.13235 ( 2)
 107 F   0.90728 0.00094 0.09162 0.00016 ( 1)
 108 S   0.00298 0.85537 0.00035 0.14130 ( 2)
 109 V   0.59107 0.12039 0.26865 0.01989 ( 1)
 110 Q   0.26063 0.61072 0.02777 0.10088 ( 2)
 111 G   0.71176 0.18112 0.07721 0.02992 ( 1)
 112 F   0.90074 0.00761 0.09040 0.00126 ( 1)
 113 E   0.91522 0.00063 0.08405 0.00010 ( 1)
 114 L   0.57731 0.30845 0.06328 0.05095 ( 1)
 115 P   0.66224 0.22872 0.07126 0.03778 ( 1)
 116 M   0.90872 0.00058 0.09060 0.00010 ( 1)
 117 L   0.88633 0.00666 0.10590 0.00110 ( 1)
 118 S   0.23669 0.62669 0.03310 0.10352 ( 2)
 119 M   0.90872 0.00058 0.09060 0.00010 ( 1)
 120 Y   0.90150 0.00183 0.09636 0.00030 ( 1)
 121 A   0.88947 0.00185 0.10838 0.00031 ( 1)
 122 Q   0.90209 0.00159 0.09606 0.00026 ( 1)
 123 A   0.90209 0.00169 0.09595 0.00028 ( 1)
 124 A   0.88770 0.00281 0.10903 0.00046 ( 1)
 125 N   0.91733 0.00031 0.08231 0.00005 ( 1)
 126 M   0.89086 0.01744 0.08882 0.00288 ( 1)
 127 H   0.88604 0.00473 0.10845 0.00078 ( 1)
 128 L   0.86971 0.01504 0.11277 0.00248 ( 1)
 129 L   0.59365 0.29074 0.06759 0.04803 ( 1)
 130 L   0.32465 0.54346 0.04212 0.08977 ( 2)
 131 L   0.88633 0.00666 0.10590 0.00110 ( 1)
 132 R   0.74329 0.14033 0.09320 0.02318 ( 1)
 133 D   0.91789 0.00042 0.08162 0.00007 ( 1)
 134 V   0.90227 0.00218 0.09519 0.00036 ( 1)
 135 V   0.85957 0.02133 0.11558 0.00352 ( 1)
 136 Q   0.01180 0.84697 0.00133 0.13991 ( 2)
 137 N   0.91213 0.00515 0.08186 0.00085 ( 1)
 138 G   0.88702 0.00348 0.10892 0.00058 ( 1)
 139 V   0.00030 0.85778 0.00022 0.14169 ( 2)
 140 S   0.09603 0.76728 0.00994 0.12674 ( 2)
 141 W   0.85921 0.02215 0.11498 0.00366 ( 1)
 142 G   0.90491 0.00137 0.09350 0.00023 ( 1)
 143 F   0.89801 0.01019 0.09013 0.00168 ( 1)
 144 A   0.00000 0.85821 0.00002 0.14177 ( 2)
 145 P   0.88889 0.01406 0.09473 0.00232 ( 1)
 146 Y   0.00015 0.85800 0.00012 0.14173 ( 2)
 147 E   0.32841 0.54742 0.03374 0.09043 ( 2)
 148 V   0.88985 0.01397 0.09387 0.00231 ( 1)
 149 D   0.91900 0.00043 0.08050 0.00007 ( 1)
 150 R   0.48414 0.38462 0.06770 0.06353 ( 1)
 151 Y   0.90045 0.00224 0.09694 0.00037 ( 1)
 152 Y   0.90150 0.00183 0.09636 0.00030 ( 1)
 153 F   0.00004 0.85816 0.00005 0.14176 ( 2)
 154 D   0.89325 0.02261 0.08040 0.00373 ( 1)
 155 P   0.00043 0.85747 0.00045 0.14164 ( 2)
 156 S   0.07916 0.78141 0.01035 0.12908 ( 2)
 157 G   0.00012 0.85744 0.00080 0.14164 ( 2)
 158 -   0.59651 0.26172 0.09854 0.04323 ( 1)
 159 Q   0.01943 0.83326 0.00967 0.13764 ( 2)
 160 R   0.01580 0.84289 0.00207 0.13923 ( 2)
 161 S   0.90664 0.00853 0.08343 0.00141 ( 1)
 162 P   0.50034 0.01399 0.48336 0.00231 ( 1)
 163 G   0.88659 0.00325 0.10962 0.00054 ( 1)
 164 L   0.88536 0.00744 0.10597 0.00123 ( 1)
 165 L   0.61377 0.26859 0.07327 0.04437 ( 1)
 166 Q   0.89071 0.01240 0.09485 0.00205 ( 1)
 167 L   0.88483 0.00888 0.10483 0.00147 ( 1)
 168 L   0.83554 0.05540 0.09990 0.00915 ( 1)
 169 G   0.00842 0.84991 0.00128 0.14039 ( 2)
 170 T   0.00036 0.85789 0.00004 0.14171 ( 2)
 171 Y   0.88896 0.00221 0.10847 0.00037 ( 1)
 172 T   0.90600 0.00105 0.09278 0.00017 ( 1)
 173 N   0.85490 0.04099 0.09733 0.00677 ( 1)
 174 Y   0.88665 0.01567 0.09509 0.00259 ( 1)
 175 C   0.89662 0.00325 0.09959 0.00054 ( 1)
 176 V   0.72947 0.16332 0.08023 0.02698 ( 1)
 177 E   0.00711 0.85143 0.00081 0.14065 ( 2)
 178 W   0.85921 0.02215 0.11498 0.00366 ( 1)
 179 Y   0.90150 0.00183 0.09636 0.00030 ( 1)
 180 E   0.87599 0.03847 0.07919 0.00635 ( 1)
 181 K   0.05263 0.78144 0.03685 0.12908 ( 2)
 182 G   0.90259 0.00160 0.09554 0.00027 ( 1)
 183 L   0.88633 0.00666 0.10590 0.00110 ( 1)
 184 Q   0.08518 0.77604 0.01058 0.12819 ( 2)
 185 E   0.06261 0.79857 0.00690 0.13191 ( 2)
 186 Q   0.89052 0.01257 0.09483 0.00208 ( 1)
 187 Y   0.90071 0.00257 0.09630 0.00042 ( 1)
 188 N   0.00164 0.85574 0.00126 0.14136 ( 2)
 189 -   0.59651 0.26172 0.09854 0.04323 ( 1)
 190 -   0.59651 0.26172 0.09854 0.04323 ( 1)
 191 T   0.87652 0.02372 0.09584 0.00392 ( 1)
 192 G   0.82509 0.07519 0.08729 0.01242 ( 1)
 193 R   0.00449 0.85352 0.00100 0.14099 ( 2)
 194 W   0.85921 0.02215 0.11498 0.00366 ( 1)
 195 D   0.20280 0.55190 0.15413 0.09117 ( 2)
 196 K   0.62791 0.26893 0.05873 0.04442 ( 1)
 197 F   0.83758 0.04955 0.10469 0.00818 ( 1)
 198 N   0.91733 0.00031 0.08231 0.00005 ( 1)
 199 N   0.75635 0.15044 0.06836 0.02485 ( 1)
 200 F   0.88182 0.00695 0.11008 0.00115 ( 1)
 201 R   0.89109 0.00409 0.10415 0.00068 ( 1)
 202 R   0.30870 0.43127 0.18879 0.07124 ( 2)
 203 N   0.87867 0.00822 0.11175 0.00136 ( 1)
 204 M   0.90872 0.00058 0.09060 0.00010 ( 1)
 205 T   0.88922 0.01155 0.09732 0.00191 ( 1)
 206 I   0.90599 0.00776 0.08496 0.00128 ( 1)
 207 M   0.77237 0.09079 0.12185 0.01500 ( 1)
 208 V   0.90842 0.00147 0.08987 0.00024 ( 1)
 209 L   0.89166 0.00720 0.09994 0.00119 ( 1)
 210 D   0.91919 0.00031 0.08045 0.00005 ( 1)
 211 T   0.70158 0.19033 0.07665 0.03144 ( 1)
 212 V   0.90878 0.00114 0.08989 0.00019 ( 1)
 213 A   0.47625 0.07667 0.43441 0.01267 ( 1)
 214 I   0.02004 0.82771 0.01553 0.13673 ( 2)
 215 W   0.85921 0.02215 0.11498 0.00366 ( 1)
 216 P   0.89886 0.00236 0.09839 0.00039 ( 1)
 217 T   0.90586 0.00118 0.09277 0.00019 ( 1)


lnL = -3240.553874

