Supplemental results for CODEML (seqf: algn  treef: tree)


dN/dS (w) for site classes (K=4)

site class             0        1       2a       2b
proportion       0.00000  0.00000  0.74249  0.25751
background w     0.08181  1.00000  0.08181  1.00000
foreground w     0.08181  1.00000 999.00000 999.00000

Naive Empirical Bayes (NEB) probabilities for 4 classes
(amino acids refer to 1st sequence: BT_Cry8Ba1)

   1 P   0.00000 0.00000 0.88718 0.11282 ( 3)
   2 F   0.00000 0.00000 0.91020 0.08980 ( 3)
   3 V   0.00000 0.00000 0.93741 0.06259 ( 3)
   4 G   0.00000 0.00000 0.98480 0.01520 ( 3)
   5 P   0.00000 0.00000 0.10754 0.89246 ( 4)
   6 I   0.00000 0.00000 0.99084 0.00916 ( 3)
   7 V   0.00000 0.00000 0.85434 0.14566 ( 3)
   8 S   0.00000 0.00000 0.75065 0.24935 ( 3)
   9 L   0.00000 0.00000 0.97725 0.02275 ( 3)
  10 Y   0.00000 0.00000 0.92490 0.07510 ( 3)
  11 T   0.00000 0.00000 0.77363 0.22637 ( 3)
  12 Q   0.00000 0.00000 0.01162 0.98838 ( 4)
  13 L   0.00000 0.00000 0.87711 0.12289 ( 3)
  14 I   0.00000 0.00000 0.88946 0.11054 ( 3)
  15 D   0.00000 0.00000 0.54271 0.45729 ( 3)
  16 I   0.00000 0.00000 0.36695 0.63305 ( 4)
  17 L   0.00000 0.00000 0.96315 0.03685 ( 3)
  18 W   0.00000 0.00000 0.96585 0.03415 ( 3)
  19 P   0.00000 0.00000 0.99287 0.00713 ( 3)
  20 S   0.00000 0.00000 0.00650 0.99350 ( 4)
  21 K   0.00000 0.00000 0.14839 0.85161 ( 4)
  22 Q   0.00000 0.00000 0.97453 0.02547 ( 3)
  23 K   0.00000 0.00000 0.91507 0.08493 ( 3)
  24 S   0.00000 0.00000 0.80223 0.19777 ( 3)
  25 Q   0.00000 0.00000 0.78327 0.21673 ( 3)
  26 W   0.00000 0.00000 0.96585 0.03415 ( 3)
  27 E   0.00000 0.00000 0.99285 0.00715 ( 3)
  28 I   0.00000 0.00000 0.45947 0.54053 ( 4)
  29 F   0.00000 0.00000 0.99514 0.00486 ( 3)
  30 M   0.00000 0.00000 0.99770 0.00230 ( 3)
  31 E   0.00000 0.00000 0.83399 0.16601 ( 3)
  32 Q   0.00000 0.00000 0.91209 0.08791 ( 3)
  33 V   0.00000 0.00000 0.98940 0.01060 ( 3)
  34 E   0.00000 0.00000 0.99302 0.00698 ( 3)
  35 E   0.00000 0.00000 0.88601 0.11399 ( 3)
  36 L   0.00000 0.00000 0.96719 0.03281 ( 3)
  37 I   0.00000 0.00000 0.99062 0.00938 ( 3)
  38 N   0.00000 0.00000 0.99558 0.00442 ( 3)
  39 Q   0.00000 0.00000 0.90666 0.09334 ( 3)
  40 K   0.00000 0.00000 0.96802 0.03198 ( 3)
  41 I   0.00000 0.00000 0.99305 0.00695 ( 3)
  42 A   0.00000 0.00000 0.95387 0.04613 ( 3)
  43 E   0.00000 0.00000 0.99285 0.00715 ( 3)
  44 Y   0.00000 0.00000 0.12576 0.87424 ( 4)
  45 A   0.00000 0.00000 0.95032 0.04968 ( 3)
  46 R   0.00000 0.00000 0.31422 0.68578 ( 4)
  47 N   0.00000 0.00000 0.13995 0.86005 ( 4)
  48 K   0.00000 0.00000 0.98769 0.01231 ( 3)
  49 A   0.00000 0.00000 0.99088 0.00912 ( 3)
  50 L   0.00000 0.00000 0.72387 0.27613 ( 3)
  51 S   0.00000 0.00000 0.79802 0.20198 ( 3)
  52 E   0.00000 0.00000 0.99285 0.00715 ( 3)
  53 L   0.00000 0.00000 0.97704 0.02296 ( 3)
  54 E   0.00000 0.00000 0.99086 0.00914 ( 3)
  55 G   0.00000 0.00000 0.98187 0.01813 ( 3)
  56 L   0.00000 0.00000 0.97896 0.02104 ( 3)
  57 G   0.00000 0.00000 0.83843 0.16157 ( 3)
  58 N   0.00000 0.00000 0.99551 0.00449 ( 3)
  59 N   0.00000 0.00000 0.49095 0.50905 ( 4)
  60 Y   0.00000 0.00000 0.19977 0.80023 ( 4)
  61 Q   0.00000 0.00000 0.39232 0.60768 ( 4)
  62 L   0.00000 0.00000 0.03236 0.96764 ( 4)
  63 Y   0.00000 0.00000 0.99162 0.00838 ( 3)
  64 L   0.00000 0.00000 0.47662 0.52338 ( 4)
  65 T   0.00000 0.00000 0.89697 0.10303 ( 3)
  66 A   0.00000 0.00000 0.99141 0.00859 ( 3)
  67 L   0.00000 0.00000 0.98535 0.01465 ( 3)
  68 E   0.00000 0.00000 0.99285 0.00715 ( 3)
  69 E   0.00000 0.00000 0.91527 0.08473 ( 3)
  70 W   0.00000 0.00000 0.96585 0.03415 ( 3)
  71 K   0.00000 0.00000 0.83107 0.16893 ( 3)
  72 E   0.00000 0.00000 0.23646 0.76354 ( 4)
  73 N   0.00000 0.00000 0.99558 0.00442 ( 3)
  74 P   0.00000 0.00000 0.84735 0.15265 ( 3)
  75 N   0.00000 0.00000 0.94153 0.05847 ( 3)
  76 G   0.00000 0.00000 0.42911 0.57089 ( 4)
  77 S   0.00000 0.00000 0.34602 0.65398 ( 4)
  78 R   0.00000 0.00000 0.56921 0.43079 ( 3)
  79 A   0.00000 0.00000 0.01784 0.98216 ( 4)
  80 L   0.00000 0.00000 0.72029 0.27971 ( 3)
  81 R   0.00000 0.00000 0.57516 0.42484 ( 3)
  82 D   0.00000 0.00000 0.43890 0.56110 ( 4)
  83 V   0.00000 0.00000 0.98752 0.01248 ( 3)
  84 R   0.00000 0.00000 0.01492 0.98508 ( 4)
  85 N   0.00000 0.00000 0.85126 0.14874 ( 3)
  86 R   0.00000 0.00000 0.97916 0.02084 ( 3)
  87 F   0.00000 0.00000 0.99514 0.00486 ( 3)
  88 E   0.00000 0.00000 0.90473 0.09527 ( 3)
  89 I   0.00000 0.00000 0.27663 0.72337 ( 4)
  90 L   0.00000 0.00000 0.39967 0.60033 ( 4)
  91 D   0.00000 0.00000 0.96782 0.03218 ( 3)
  92 S   0.00000 0.00000 0.95903 0.04097 ( 3)
  93 L   0.00000 0.00000 0.98084 0.01916 ( 3)
  94 F   0.00000 0.00000 0.99514 0.00486 ( 3)
  95 T   0.00000 0.00000 0.81211 0.18789 ( 3)
  96 Q   0.00000 0.00000 0.29171 0.70829 ( 4)
  97 Y   0.00000 0.00000 0.27470 0.72530 ( 4)
  98 M   0.00000 0.00000 0.99770 0.00230 ( 3)
  99 P   0.00000 0.00000 0.99271 0.00729 ( 3)
 100 S   0.00000 0.00000 0.99148 0.00852 ( 3)
 101 F   0.00000 0.00000 0.99514 0.00486 ( 3)
 102 R   0.00000 0.00000 0.96794 0.03206 ( 3)
 103 V   0.00000 0.00000 0.44463 0.55537 ( 4)
 104 T   0.00000 0.00000 0.16009 0.83991 ( 4)
 105 N   0.00000 0.00000 0.35535 0.64465 ( 4)
 106 F   0.00000 0.00000 0.82709 0.17291 ( 3)
 107 E   0.00000 0.00000 0.99285 0.00715 ( 3)
 108 V   0.00000 0.00000 0.91393 0.08607 ( 3)
 109 P   0.00000 0.00000 0.99450 0.00550 ( 3)
 110 F   0.00000 0.00000 0.71959 0.28041 ( 3)
 111 L   0.00000 0.00000 0.97536 0.02464 ( 3)
 112 T   0.00000 0.00000 0.91430 0.08570 ( 3)
 113 V   0.00000 0.00000 0.98940 0.01060 ( 3)
 114 Y   0.00000 0.00000 0.99162 0.00838 ( 3)
 115 T   0.00000 0.00000 0.83423 0.16577 ( 3)
 116 M   0.00000 0.00000 0.12636 0.87364 ( 4)
 117 A   0.00000 0.00000 0.99256 0.00744 ( 3)
 118 A   0.00000 0.00000 0.99223 0.00777 ( 3)
 119 N   0.00000 0.00000 0.98543 0.01457 ( 3)
 120 L   0.00000 0.00000 0.98885 0.01115 ( 3)
 121 H   0.00000 0.00000 0.99451 0.00549 ( 3)
 122 L   0.00000 0.00000 0.98084 0.01916 ( 3)
 123 L   0.00000 0.00000 0.86373 0.13627 ( 3)
 124 L   0.00000 0.00000 0.98084 0.01916 ( 3)
 125 L   0.00000 0.00000 0.98084 0.01916 ( 3)
 126 R   0.00000 0.00000 0.76454 0.23546 ( 3)
 127 D   0.00000 0.00000 0.92344 0.07656 ( 3)
 128 A   0.00000 0.00000 0.99274 0.00726 ( 3)
 129 S   0.00000 0.00000 0.23727 0.76273 ( 4)
 130 I   0.00000 0.00000 0.34405 0.65595 ( 4)
 131 F   0.00000 0.00000 0.99514 0.00486 ( 3)
 132 G   0.00000 0.00000 0.99284 0.00716 ( 3)
 133 E   0.00000 0.00000 0.93710 0.06290 ( 3)
 134 E   0.00000 0.00000 0.99285 0.00715 ( 3)
 135 W   0.00000 0.00000 0.96585 0.03415 ( 3)
 136 G   0.00000 0.00000 0.99219 0.00781 ( 3)
 137 L   0.00000 0.00000 0.19554 0.80446 ( 4)
 138 S   0.00000 0.00000 0.02214 0.97786 ( 4)
 139 T   0.00000 0.00000 0.00424 0.99576 ( 4)
 140 S   0.00000 0.00000 0.02032 0.97968 ( 4)
 141 T   0.00000 0.00000 0.01013 0.98987 ( 4)
 142 I   0.00000 0.00000 0.85099 0.14901 ( 3)
 143 N   0.00000 0.00000 0.96955 0.03045 ( 3)
 144 N   0.00000 0.00000 0.00587 0.99413 ( 4)
 145 Y   0.00000 0.00000 0.88657 0.11343 ( 3)
 146 Y   0.00000 0.00000 0.98867 0.01133 ( 3)
 147 N   0.00000 0.00000 0.92677 0.07323 ( 3)
 148 R   0.00000 0.00000 0.28795 0.71205 ( 4)
 149 Q   0.00000 0.00000 0.99257 0.00743 ( 3)
 150 M   0.00000 0.00000 0.92610 0.07390 ( 3)
 151 K   0.00000 0.00000 0.05732 0.94268 ( 4)
 152 L   0.00000 0.00000 0.22555 0.77445 ( 4)
 153 T   0.00000 0.00000 0.11289 0.88711 ( 4)
 154 A   0.00000 0.00000 0.91223 0.08777 ( 3)
 155 E   0.00000 0.00000 0.87577 0.12423 ( 3)
 156 Y   0.00000 0.00000 0.99162 0.00838 ( 3)
 157 S   0.00000 0.00000 0.86492 0.13508 ( 3)
 158 D   0.00000 0.00000 0.99295 0.00705 ( 3)
 159 H   0.00000 0.00000 0.98548 0.01452 ( 3)
 160 C   0.00000 0.00000 0.99468 0.00532 ( 3)
 161 V   0.00000 0.00000 0.98741 0.01259 ( 3)
 162 K   0.00000 0.00000 0.87014 0.12986 ( 3)
 163 W   0.00000 0.00000 0.96585 0.03415 ( 3)
 164 Y   0.00000 0.00000 0.99162 0.00838 ( 3)
 165 E   0.00000 0.00000 0.03860 0.96140 ( 4)
 166 T   0.00000 0.00000 0.43942 0.56058 ( 4)
 167 G   0.00000 0.00000 0.98994 0.01006 ( 3)
 168 L   0.00000 0.00000 0.98084 0.01916 ( 3)
 169 A   0.00000 0.00000 0.29988 0.70012 ( 4)
 170 K   0.00000 0.00000 0.17009 0.82991 ( 4)
 171 L   0.00000 0.00000 0.98013 0.01987 ( 3)
 172 K   0.00000 0.00000 0.99337 0.00663 ( 3)
 173 -   0.00000 0.00000 0.74249 0.25751 ( 3)
 174 -   0.00000 0.00000 0.74249 0.25751 ( 3)
 175 -   0.00000 0.00000 0.74249 0.25751 ( 3)
 176 G   0.00000 0.00000 0.98934 0.01066 ( 3)
 177 S   0.00000 0.00000 0.25435 0.74565 ( 4)
 178 S   0.00000 0.00000 0.45207 0.54793 ( 4)
 179 A   0.00000 0.00000 0.89733 0.10267 ( 3)
 180 K   0.00000 0.00000 0.99337 0.00663 ( 3)
 181 Q   0.00000 0.00000 0.44970 0.55030 ( 4)
 182 W   0.00000 0.00000 0.96585 0.03415 ( 3)
 183 I   0.00000 0.00000 0.24562 0.75438 ( 4)
 184 D   0.00000 0.00000 0.04018 0.95982 ( 4)
 185 Y   0.00000 0.00000 0.99162 0.00838 ( 3)
 186 N   0.00000 0.00000 0.83383 0.16617 ( 3)
 187 Q   0.00000 0.00000 0.78659 0.21341 ( 3)
 188 F   0.00000 0.00000 0.98453 0.01547 ( 3)
 189 R   0.00000 0.00000 0.95277 0.04723 ( 3)
 190 R   0.00000 0.00000 0.99483 0.00517 ( 3)
 191 E   0.00000 0.00000 0.99285 0.00715 ( 3)
 192 M   0.00000 0.00000 0.99770 0.00230 ( 3)
 193 T   0.00000 0.00000 0.99359 0.00641 ( 3)
 194 L   0.00000 0.00000 0.67985 0.32015 ( 3)
 195 T   0.00000 0.00000 0.34666 0.65334 ( 4)
 196 V   0.00000 0.00000 0.97173 0.02827 ( 3)
 197 L   0.00000 0.00000 0.98084 0.01916 ( 3)
 198 D   0.00000 0.00000 0.99494 0.00506 ( 3)
 199 V   0.00000 0.00000 0.28659 0.71341 ( 4)
 200 V   0.00000 0.00000 0.22935 0.77065 ( 4)
 201 A   0.00000 0.00000 0.46062 0.53938 ( 4)
 202 L   0.00000 0.00000 0.98084 0.01916 ( 3)
 203 F   0.00000 0.00000 0.99514 0.00486 ( 3)
 204 S   0.00000 0.00000 0.46110 0.53890 ( 4)
 205 N   0.00000 0.00000 0.00105 0.99895 ( 4)


lnL = -1985.171750

Bayes Empirical Bayes (BEB) probabilities for 4 classes (class)
(amino acids refer to 1st sequence: BT_Cry8Ba1)

   1 P   0.42108 0.07102 0.43653 0.07137 ( 3)
   2 F   0.43573 0.05637 0.45130 0.05660 ( 3)
   3 V   0.43951 0.05261 0.45514 0.05275 ( 3)
   4 G   0.48348 0.00864 0.49923 0.00866 ( 3)
   5 P   0.01969 0.47243 0.02172 0.48617 ( 4)
   6 I   0.48731 0.00481 0.50306 0.00482 ( 3)
   7 V   0.37420 0.11791 0.38922 0.11867 ( 3)
   8 S   0.29938 0.19274 0.31308 0.19481 ( 3)
   9 L   0.47903 0.01308 0.49478 0.01311 ( 3)
  10 Y   0.42896 0.06316 0.44452 0.06336 ( 3)
  11 T   0.31769 0.17442 0.33177 0.17613 ( 3)
  12 Q   0.00183 0.49028 0.00217 0.50572 ( 4)
  13 L   0.38987 0.10225 0.40508 0.10280 ( 3)
  14 I   0.39930 0.09281 0.41462 0.09326 ( 3)
  15 D   0.12693 0.36519 0.13525 0.37263 ( 4)
  16 I   0.08227 0.40984 0.08827 0.41962 ( 4)
  17 L   0.47026 0.02185 0.48597 0.02192 ( 3)
  18 W   0.47094 0.02117 0.48668 0.02122 ( 3)
  19 P   0.48805 0.00406 0.50382 0.00407 ( 3)
  20 S   0.00105 0.49107 0.00131 0.50657 ( 4)
  21 K   0.02710 0.46500 0.02976 0.47813 ( 4)
  22 Q   0.47748 0.01464 0.49321 0.01468 ( 3)
  23 K   0.42255 0.06957 0.43806 0.06982 ( 3)
  24 S   0.29283 0.19929 0.30653 0.20135 ( 3)
  25 Q   0.31878 0.17333 0.33290 0.17498 ( 3)
  26 W   0.47094 0.02117 0.48668 0.02122 ( 3)
  27 E   0.48844 0.00368 0.50418 0.00370 ( 3)
  28 I   0.11023 0.38188 0.11767 0.39023 ( 4)
  29 F   0.48958 0.00254 0.50533 0.00255 ( 3)
  30 M   0.49092 0.00120 0.50668 0.00121 ( 3)
  31 E   0.32049 0.17163 0.33475 0.17313 ( 3)
  32 Q   0.41823 0.07389 0.43371 0.07417 ( 3)
  33 V   0.48652 0.00560 0.50226 0.00562 ( 3)
  34 E   0.48843 0.00368 0.50420 0.00369 ( 3)
  35 E   0.00900 0.06372 0.74534 0.18195 ( 3)
  36 L   0.47254 0.01957 0.48826 0.01962 ( 3)
  37 I   0.48715 0.00497 0.50290 0.00499 ( 3)
  38 N   0.48989 0.00223 0.50564 0.00224 ( 3)
  39 Q   0.41385 0.07826 0.42930 0.07858 ( 3)
  40 K   0.46619 0.02593 0.48192 0.02596 ( 3)
  41 I   0.48863 0.00350 0.50437 0.00351 ( 3)
  42 A   0.45379 0.03833 0.46948 0.03841 ( 3)
  43 E   0.48844 0.00368 0.50418 0.00370 ( 3)
  44 Y   0.02312 0.46899 0.02544 0.48246 ( 4)
  45 A   0.45087 0.04125 0.46654 0.04134 ( 3)
  46 R   0.06581 0.42631 0.07093 0.43695 ( 4)
  47 N   0.02068 0.47144 0.02307 0.48482 ( 4)
  48 K   0.48552 0.00660 0.50126 0.00662 ( 3)
  49 A   0.48711 0.00500 0.50287 0.00502 ( 3)
  50 L   0.28738 0.20473 0.30078 0.20711 ( 3)
  51 S   0.33109 0.16102 0.34545 0.16244 ( 3)
  52 E   0.48844 0.00368 0.50418 0.00370 ( 3)
  53 L   0.47881 0.01330 0.49455 0.01333 ( 3)
  54 E   0.48723 0.00488 0.50299 0.00490 ( 3)
  55 G   0.48171 0.01040 0.49746 0.01043 ( 3)
  56 L   0.48004 0.01208 0.49578 0.01211 ( 3)
  57 G   0.35869 0.13342 0.37352 0.13437 ( 3)
  58 N   0.48975 0.00236 0.50553 0.00237 ( 3)
  59 N   0.12394 0.36818 0.13198 0.37590 ( 4)
  60 Y   0.03920 0.45291 0.04264 0.46525 ( 4)
  61 Q   0.09034 0.40177 0.09676 0.41113 ( 4)
  62 L   0.00479 0.48732 0.00562 0.50227 ( 4)
  63 Y   0.48750 0.00461 0.50326 0.00463 ( 3)
  64 L   0.11765 0.37447 0.12542 0.38247 ( 4)
  65 T   0.40417 0.08794 0.41954 0.08834 ( 3)
  66 A   0.48747 0.00465 0.50322 0.00466 ( 3)
  67 L   0.48366 0.00844 0.49943 0.00846 ( 3)
  68 E   0.48844 0.00368 0.50418 0.00370 ( 3)
  69 E   0.42152 0.07060 0.43703 0.07086 ( 3)
  70 W   0.47094 0.02117 0.48668 0.02122 ( 3)
  71 K   0.35529 0.13682 0.37005 0.13784 ( 3)
  72 E   0.03645 0.45567 0.04004 0.46784 ( 4)
  73 N   0.48989 0.00223 0.50564 0.00224 ( 3)
  74 P   0.36537 0.12674 0.38030 0.12759 ( 3)
  75 N   0.44321 0.04891 0.45885 0.04903 ( 3)
  76 G   0.09917 0.39295 0.10607 0.40181 ( 4)
  77 S   0.07836 0.41376 0.08409 0.42379 ( 4)
  78 R   0.18850 0.30362 0.19899 0.30890 ( 4)
  79 A   0.00275 0.48936 0.00324 0.50465 ( 4)
  80 L   0.28211 0.21000 0.29540 0.21249 ( 3)
  81 R   0.20043 0.29168 0.21128 0.29661 ( 4)
  82 D   0.10089 0.39122 0.10791 0.39998 ( 4)
  83 V   0.48526 0.00684 0.50103 0.00686 ( 3)
  84 R   0.00232 0.48980 0.00276 0.50513 ( 4)
  85 N   0.33481 0.15731 0.34933 0.15855 ( 3)
  86 R   0.48026 0.01186 0.49599 0.01189 ( 3)
  87 F   0.48958 0.00254 0.50533 0.00255 ( 3)
  88 E   0.41222 0.07989 0.42766 0.08022 ( 3)
  89 I   0.05716 0.43495 0.06175 0.44613 ( 4)
  90 L   0.09143 0.40068 0.09792 0.40996 ( 4)
  91 D   0.46606 0.02606 0.48178 0.02610 ( 3)
  92 S   0.45819 0.03393 0.47389 0.03399 ( 3)
  93 L   0.48112 0.01099 0.49687 0.01102 ( 3)
  94 F   0.48958 0.00254 0.50533 0.00255 ( 3)
  95 T   0.34232 0.14980 0.35685 0.15103 ( 3)
  96 Q   0.05986 0.43226 0.06464 0.44324 ( 4)
  97 Y   0.05498 0.43713 0.05949 0.44839 ( 4)
  98 M   0.49092 0.00120 0.50668 0.00121 ( 3)
  99 P   0.48794 0.00417 0.50371 0.00418 ( 3)
 100 S   0.48732 0.00479 0.50308 0.00481 ( 3)
 101 F   0.48958 0.00254 0.50533 0.00255 ( 3)
 102 R   0.47350 0.01862 0.48921 0.01867 ( 3)
 103 V   0.10550 0.38660 0.11271 0.39518 ( 4)
 104 T   0.02331 0.46881 0.02597 0.48191 ( 4)
 105 N   0.07984 0.41228 0.08568 0.42221 ( 4)
 106 F   0.35668 0.13544 0.37142 0.13646 ( 3)
 107 E   0.48844 0.00368 0.50418 0.00370 ( 3)
 108 V   0.41995 0.07217 0.43545 0.07243 ( 3)
 109 P   0.48905 0.00306 0.50482 0.00307 ( 3)
 110 F   0.28068 0.21143 0.29393 0.21396 ( 3)
 111 L   0.47803 0.01408 0.49377 0.01412 ( 3)
 112 T   0.42266 0.06945 0.43817 0.06971 ( 3)
 113 V   0.48652 0.00560 0.50226 0.00562 ( 3)
 114 Y   0.48750 0.00461 0.50326 0.00463 ( 3)
 115 T   0.36111 0.13101 0.37592 0.13196 ( 3)
 116 M   0.02390 0.46821 0.02622 0.48167 ( 4)
 117 A   0.48796 0.00414 0.50375 0.00415 ( 3)
 118 A   0.48794 0.00417 0.50369 0.00419 ( 3)
 119 N   0.48367 0.00843 0.49944 0.00845 ( 3)
 120 L   0.48587 0.00625 0.50162 0.00626 ( 3)
 121 H   0.48906 0.00304 0.50484 0.00305 ( 3)
 122 L   0.48112 0.01099 0.49687 0.01102 ( 3)
 123 L   0.38056 0.11155 0.39566 0.11222 ( 3)
 124 L   0.48112 0.01099 0.49687 0.01102 ( 3)
 125 L   0.48112 0.01099 0.49687 0.01102 ( 3)
 126 R   0.31437 0.17775 0.32835 0.17953 ( 3)
 127 D   0.42920 0.06292 0.44475 0.06313 ( 3)
 128 A   0.48817 0.00395 0.50393 0.00396 ( 3)
 129 S   0.04641 0.44571 0.05038 0.45750 ( 4)
 130 I   0.07633 0.41578 0.08199 0.42590 ( 4)
 131 F   0.48958 0.00254 0.50533 0.00255 ( 3)
 132 G   0.48813 0.00397 0.50391 0.00398 ( 3)
 133 E   0.43954 0.05258 0.45517 0.05272 ( 3)
 134 E   0.48844 0.00368 0.50418 0.00370 ( 3)
 135 W   0.47094 0.02117 0.48668 0.02122 ( 3)
 136 G   0.48789 0.00423 0.50364 0.00424 ( 3)
 137 L   0.03792 0.45419 0.04129 0.46659 ( 4)
 138 S   0.00336 0.48875 0.00397 0.50392 ( 4)
 139 T   0.00072 0.49139 0.00091 0.50698 ( 4)
 140 S   0.00311 0.48899 0.00366 0.50424 ( 4)
 141 T   0.00160 0.49051 0.00191 0.50597 ( 4)
 142 I   0.37857 0.11356 0.39359 0.11429 ( 3)
 143 N   0.46695 0.02516 0.48270 0.02519 ( 3)
 144 N   0.00097 0.49114 0.00118 0.50671 ( 4)
 145 Y   0.39809 0.09403 0.41339 0.09449 ( 3)
 146 Y   0.48561 0.00649 0.50139 0.00650 ( 3)
 147 N   0.43475 0.05737 0.45032 0.05756 ( 3)
 148 R   0.05896 0.43316 0.06369 0.44420 ( 4)
 149 Q   0.48796 0.00415 0.50373 0.00416 ( 3)
 150 M   0.42905 0.06306 0.44463 0.06326 ( 3)
 151 K   0.00833 0.48379 0.00957 0.49831 ( 4)
 152 L   0.04604 0.44606 0.04989 0.45801 ( 4)
 153 T   0.01623 0.47589 0.01829 0.48960 ( 4)
 154 A   0.41904 0.07308 0.43452 0.07336 ( 3)
 155 E   0.39581 0.09631 0.41105 0.09683 ( 3)
 156 Y   0.48750 0.00461 0.50326 0.00463 ( 3)
 157 S   0.38092 0.11120 0.39603 0.11186 ( 3)
 158 D   0.48847 0.00365 0.50422 0.00366 ( 3)
 159 H   0.48382 0.00830 0.49957 0.00832 ( 3)
 160 C   0.48916 0.00295 0.50493 0.00296 ( 3)
 161 V   0.48533 0.00678 0.50108 0.00681 ( 3)
 162 K   0.39088 0.10124 0.40607 0.10181 ( 3)
 163 W   0.47094 0.02117 0.48668 0.02122 ( 3)
 164 Y   0.48750 0.00461 0.50326 0.00463 ( 3)
 165 E   0.00013 0.20421 0.00956 0.78609 ( 4)
 166 T   0.10131 0.39081 0.10834 0.39955 ( 4)
 167 G   0.48644 0.00567 0.50221 0.00568 ( 3)
 168 L   0.48112 0.01099 0.49687 0.01102 ( 3)
 169 A   0.06552 0.42660 0.07053 0.43735 ( 4)
 170 K   0.03389 0.45822 0.03691 0.47099 ( 4)
 171 L   0.48055 0.01156 0.49631 0.01159 ( 3)
 172 K   0.48860 0.00351 0.50437 0.00352 ( 3)
 173 -   0.33403 0.15809 0.34823 0.15965 ( 3)
 174 -   0.33403 0.15809 0.34823 0.15965 ( 3)
 175 -   0.33403 0.15809 0.34823 0.15965 ( 3)
 176 G   0.48624 0.00587 0.50199 0.00589 ( 3)
 177 S   0.05143 0.44068 0.05568 0.45220 ( 4)
 178 S   0.11311 0.37901 0.12061 0.38727 ( 4)
 179 A   0.40428 0.08784 0.41965 0.08823 ( 3)
 180 K   0.48860 0.00351 0.50437 0.00352 ( 3)
 181 Q   0.10731 0.38481 0.11460 0.39328 ( 4)
 182 W   0.47094 0.02117 0.48668 0.02122 ( 3)
 183 I   0.04935 0.44276 0.05347 0.45443 ( 4)
 184 D   0.00586 0.48624 0.00683 0.50107 ( 4)
 185 Y   0.48750 0.00461 0.50326 0.00463 ( 3)
 186 N   0.36218 0.12994 0.37701 0.13087 ( 3)
 187 Q   0.32025 0.17186 0.33442 0.17347 ( 3)
 188 F   0.48340 0.00872 0.49914 0.00874 ( 3)
 189 R   0.46308 0.02902 0.47880 0.02910 ( 3)
 190 R   0.48935 0.00276 0.50511 0.00277 ( 3)
 191 E   0.48844 0.00368 0.50418 0.00370 ( 3)
 192 M   0.49092 0.00120 0.50668 0.00121 ( 3)
 193 T   0.48857 0.00353 0.50435 0.00354 ( 3)
 194 L   0.25379 0.23832 0.26635 0.24153 ( 3)
 195 T   0.07618 0.41593 0.08185 0.42603 ( 4)
 196 V   0.47591 0.01620 0.49165 0.01625 ( 3)
 197 L   0.48112 0.01099 0.49687 0.01102 ( 3)
 198 D   0.48957 0.00256 0.50531 0.00257 ( 3)
 199 V   0.05948 0.43262 0.06421 0.44369 ( 4)
 200 V   0.04626 0.44585 0.05015 0.45774 ( 4)
 201 A   0.11353 0.37858 0.12108 0.38681 ( 4)
 202 L   0.48112 0.01099 0.49687 0.01102 ( 3)
 203 F   0.48958 0.00254 0.50533 0.00255 ( 3)
 204 S   0.11166 0.38045 0.11915 0.38874 ( 4)
 205 N   0.00020 0.49191 0.00025 0.50765 ( 4)

