Supplemental results for CODEML (seqf: algn  treef: tree)


dN/dS (w) for site classes (K=4)

site class             0        1       2a       2b
proportion       0.47190  0.31102  0.13084  0.08624
background w     0.11468  1.00000  0.11468  1.00000
foreground w     0.11468  1.00000  1.00000  1.00000

Naive Empirical Bayes (NEB) probabilities for 4 classes
(amino acids refer to 1st sequence: BT_Cry4Ba1)

   1 Y   0.49902 0.29505 0.12413 0.08181 ( 1)
   2 T   0.63626 0.21422 0.09012 0.05940 ( 1)
   3 D   0.65992 0.20028 0.08426 0.05553 ( 1)
   4 A   0.00612 0.58533 0.24625 0.16230 ( 2)
   5 I   0.96501 0.02060 0.00867 0.00571 ( 1)
   6 T   0.95356 0.02735 0.01151 0.00758 ( 1)
   7 Q   0.83419 0.09765 0.04108 0.02708 ( 1)
   8 V   0.97373 0.01547 0.00651 0.00429 ( 1)
   9 P   0.21767 0.46075 0.19384 0.12775 ( 2)
  10 A   0.97275 0.01605 0.00675 0.00445 ( 1)
  11 V   0.94900 0.03004 0.01264 0.00833 ( 1)
  12 K   0.67104 0.19374 0.08150 0.05372 ( 1)
  13 S   0.38530 0.36202 0.15230 0.10038 ( 1)
  14 N   0.02817 0.57235 0.24079 0.15870 ( 2)
  15 F   0.00006 0.58890 0.24775 0.16329 ( 2)
  16 L   0.51682 0.28456 0.11972 0.07890 ( 1)
  17 N   0.38969 0.35943 0.15121 0.09966 ( 1)
  18 A   0.13500 0.50943 0.21432 0.14125 ( 2)
  19 T   0.01523 0.57997 0.24399 0.16081 ( 2)
  20 A   0.00429 0.58641 0.24670 0.16259 ( 2)
  21 K   0.00048 0.58866 0.24765 0.16322 ( 2)
  22 V   0.97598 0.01415 0.00595 0.00392 ( 1)
  23 I   0.96501 0.02060 0.00867 0.00571 ( 1)
  24 K   0.02272 0.57556 0.24214 0.15959 ( 2)
  25 G   0.98003 0.01176 0.00495 0.00326 ( 1)
  26 P   0.98437 0.00921 0.00387 0.00255 ( 1)
  27 G   0.97824 0.01282 0.00539 0.00355 ( 1)
  28 H   0.62654 0.21994 0.09253 0.06098 ( 1)
  29 T   0.97034 0.01747 0.00735 0.00484 ( 1)
  30 G   0.97227 0.01633 0.00687 0.00453 ( 1)
  31 G   0.95716 0.02523 0.01061 0.00699 ( 1)
  32 D   0.99053 0.00558 0.00235 0.00155 ( 1)
  33 L   0.95144 0.02860 0.01203 0.00793 ( 1)
  34 V   0.97358 0.01556 0.00655 0.00431 ( 1)
  35 A   0.52993 0.27684 0.11647 0.07676 ( 1)
  36 L   0.19853 0.47201 0.19858 0.13088 ( 2)
  37 T   0.01818 0.57823 0.24326 0.16033 ( 2)
  38 S   0.00434 0.58638 0.24669 0.16259 ( 2)
  39 N   0.96622 0.01989 0.00837 0.00552 ( 1)
  40 G   0.87667 0.07263 0.03056 0.02014 ( 1)
  41 T   0.72436 0.16234 0.06829 0.04501 ( 1)
  42 L   0.82493 0.10311 0.04338 0.02859 ( 1)
  43 S   0.39990 0.35342 0.14869 0.09799 ( 1)
  44 -   0.47190 0.31102 0.13084 0.08624 ( 1)
  45 G   0.07779 0.54312 0.22849 0.15059 ( 2)
  46 R   0.84163 0.09327 0.03924 0.02586 ( 1)
  47 M   0.66802 0.19551 0.08225 0.05421 ( 1)
  48 E   0.47525 0.30905 0.13002 0.08569 ( 1)
  49 I   0.31052 0.40606 0.17083 0.11259 ( 2)
  50 Q   0.28339 0.42204 0.17755 0.11702 ( 2)
  51 C   0.23643 0.44970 0.18919 0.12469 ( 2)
  52 K   0.70339 0.17468 0.07349 0.04844 ( 1)
  53 T   0.33911 0.38922 0.16375 0.10792 ( 2)
  54 S   0.43964 0.33001 0.13884 0.09150 ( 1)
  55 I   0.02552 0.57391 0.24144 0.15913 ( 2)
  56 F   0.63041 0.21767 0.09157 0.06035 ( 1)
  57 N   0.67509 0.19135 0.08050 0.05306 ( 1)
  58 D   0.65992 0.20028 0.08426 0.05553 ( 1)
  59 P   0.60546 0.23236 0.09775 0.06443 ( 1)
  60 T   0.26885 0.43060 0.18116 0.11939 ( 2)
  61 R   0.02513 0.57414 0.24154 0.15919 ( 2)
  62 S   0.14201 0.50530 0.21258 0.14011 ( 2)
  63 Y   0.00465 0.58620 0.24661 0.16254 ( 2)
  64 G   0.00621 0.58528 0.24623 0.16228 ( 2)
  65 L   0.41143 0.34663 0.14583 0.09611 ( 1)
  66 R   0.94530 0.03222 0.01355 0.00893 ( 1)
  67 I   0.78408 0.12716 0.05350 0.03526 ( 1)
  68 R   0.98319 0.00990 0.00416 0.00274 ( 1)
  69 Y   0.98426 0.00927 0.00390 0.00257 ( 1)
  70 A   0.98371 0.00959 0.00404 0.00266 ( 1)
  71 A   0.06349 0.55155 0.23204 0.15293 ( 2)
  72 N   0.51047 0.28830 0.12129 0.07994 ( 1)
  73 S   0.72248 0.16344 0.06876 0.04532 ( 1)
  74 P   0.04776 0.56081 0.23593 0.15550 ( 2)
  75 I   0.82282 0.10435 0.04390 0.02893 ( 1)
  76 V   0.36801 0.37220 0.15659 0.10320 ( 2)
  77 L   0.25936 0.43619 0.18350 0.12094 ( 2)
  78 N   0.04136 0.56458 0.23752 0.15654 ( 2)
  79 V   0.08517 0.53878 0.22666 0.14939 ( 2)
  80 S   0.01270 0.58146 0.24462 0.16122 ( 2)
  81 Y   0.49822 0.29552 0.12432 0.08194 ( 1)
  82 V   0.04766 0.56087 0.23596 0.15551 ( 2)
  83 L   0.01774 0.57849 0.24337 0.16040 ( 2)
  84 Q   0.01466 0.58031 0.24413 0.16090 ( 2)
  85 G   0.35505 0.37984 0.15980 0.10532 ( 2)
  86 V   0.08323 0.53992 0.22714 0.14970 ( 2)
  87 S   0.00809 0.58417 0.24576 0.16197 ( 2)
  88 R   0.00919 0.58352 0.24549 0.16179 ( 2)
  89 G   0.14448 0.50385 0.21197 0.13970 ( 2)
  90 T   0.00591 0.58546 0.24630 0.16233 ( 2)
  91 T   0.00174 0.58791 0.24733 0.16301 ( 2)
  92 I   0.58015 0.24726 0.10402 0.06856 ( 1)
  93 S   0.00023 0.58880 0.24771 0.16326 ( 2)
  94 T   0.01704 0.57890 0.24354 0.16051 ( 2)
  95 E   0.00808 0.58418 0.24576 0.16198 ( 2)
  96 S   0.04363 0.56324 0.23695 0.15617 ( 2)
  97 T   0.16437 0.49214 0.20704 0.13646 ( 2)
  98 F   0.20406 0.46876 0.19721 0.12997 ( 2)
  99 S   0.96451 0.02090 0.00879 0.00579 ( 1)
 100 R   0.26898 0.43052 0.18112 0.11937 ( 2)
 101 P   0.14485 0.50363 0.21188 0.13964 ( 2)
 102 N   0.44624 0.32613 0.13720 0.09043 ( 1)
 103 N   0.89724 0.06052 0.02546 0.01678 ( 1)
 104 I   0.65182 0.20506 0.08627 0.05686 ( 1)
 105 I   0.65182 0.20506 0.08627 0.05686 ( 1)
 106 P   0.60546 0.23236 0.09775 0.06443 ( 1)
 107 T   0.63626 0.21422 0.09012 0.05940 ( 1)
 108 D   0.65992 0.20028 0.08426 0.05553 ( 1)
 109 L   0.94443 0.03273 0.01377 0.00907 ( 1)
 110 K   0.84631 0.09051 0.03808 0.02510 ( 1)
 111 Y   0.98426 0.00927 0.00390 0.00257 ( 1)
 112 E   0.98704 0.00763 0.00321 0.00212 ( 1)
 113 E   0.00704 0.58479 0.24602 0.16215 ( 2)
 114 F   0.86046 0.08218 0.03457 0.02279 ( 1)
 115 R   0.11073 0.52373 0.22033 0.14521 ( 2)
 116 Y   0.26579 0.43240 0.18191 0.11989 ( 2)
 117 K   0.02060 0.57681 0.24266 0.15993 ( 2)
 118 D   0.05307 0.55769 0.23462 0.15463 ( 2)
 119 P   0.13312 0.51054 0.21478 0.14156 ( 2)
 120 F   0.01078 0.58259 0.24510 0.16154 ( 2)
 121 D   0.96798 0.01886 0.00793 0.00523 ( 1)
 122 A   0.00666 0.58502 0.24612 0.16221 ( 2)
 123 I   0.63743 0.21353 0.08983 0.05921 ( 1)
 124 V   0.62911 0.21843 0.09189 0.06056 ( 1)
 125 P   0.50644 0.29068 0.12229 0.08060 ( 1)
 126 M   0.63327 0.21598 0.09086 0.05988 ( 1)
 127 R   0.63594 0.21441 0.09020 0.05945 ( 1)
 128 L   0.56793 0.25446 0.10705 0.07056 ( 1)
 129 S   0.60904 0.23025 0.09687 0.06384 ( 1)
 130 S   0.03508 0.56828 0.23907 0.15757 ( 2)
 131 N   0.13919 0.50696 0.21328 0.14057 ( 2)
 132 Q   0.19656 0.47318 0.19907 0.13120 ( 2)
 133 L   0.01301 0.58128 0.24454 0.16117 ( 2)
 134 I   0.00181 0.58787 0.24732 0.16300 ( 2)
 135 T   0.63947 0.21233 0.08933 0.05887 ( 1)
 136 I   0.93985 0.03542 0.01490 0.00982 ( 1)
 137 A   0.04014 0.56530 0.23782 0.15674 ( 2)
 138 I   0.35908 0.37746 0.15880 0.10466 ( 2)
 139 Q   0.32862 0.39540 0.16634 0.10963 ( 2)
 140 P   0.62724 0.21953 0.09236 0.06087 ( 1)
 141 L   0.59832 0.23656 0.09952 0.06559 ( 1)
 142 N   0.98206 0.01056 0.00444 0.00293 ( 1)
 143 M   0.91050 0.05271 0.02218 0.01462 ( 1)
 144 T   0.92459 0.04441 0.01868 0.01231 ( 1)
 145 S   0.00351 0.58687 0.24690 0.16272 ( 2)
 146 N   0.88238 0.06927 0.02914 0.01921 ( 1)
 147 N   0.10430 0.52751 0.22192 0.14626 ( 2)
 148 Q   0.05130 0.55873 0.23506 0.15492 ( 2)
 149 V   0.75825 0.14237 0.05990 0.03948 ( 1)
 150 I   0.04683 0.56136 0.23616 0.15565 ( 2)
 151 I   0.76614 0.13773 0.05794 0.03819 ( 1)
 152 D   0.98413 0.00935 0.00393 0.00259 ( 1)
 153 R   0.87891 0.07132 0.03000 0.01977 ( 1)
 154 I   0.19263 0.47549 0.20004 0.13184 ( 2)
 155 E   0.94317 0.03347 0.01408 0.00928 ( 1)
 156 I   0.86844 0.07748 0.03260 0.02148 ( 1)
 157 I   0.70481 0.17385 0.07314 0.04820 ( 1)


lnL = -2022.834360

