Supplemental results for CODEML (seqf: algn  treef: tree)


dN/dS (w) for site classes (K=4)

site class             0        1       2a       2b
proportion       0.42081  0.29034  0.17092  0.11793
background w     0.11663  1.00000  0.11663  1.00000
foreground w     0.11663  1.00000  1.00000  1.00000

Naive Empirical Bayes (NEB) probabilities for 4 classes
(amino acids refer to 1st sequence: BT_Cry21Aa1)

   1 -   0.60224 0.10891 0.24461 0.04424 ( 1)
   2 -   0.02426 0.68689 0.00986 0.27900 ( 2)
   3 -   0.69006 0.02109 0.28029 0.00856 ( 1)
   4 -   0.69820 0.01295 0.28359 0.00526 ( 1)
   5 -   0.01274 0.69682 0.00741 0.28303 ( 2)
   6 L   0.03221 0.67632 0.01677 0.27470 ( 2)
   7 K   0.58090 0.01533 0.39754 0.00623 ( 1)
   8 G   0.59256 0.03960 0.35175 0.01608 ( 1)
   9 F   0.51430 0.22541 0.16873 0.09156 ( 1)
  10 P   0.87558 0.01470 0.10375 0.00597 ( 1)
  11 A   0.99376 0.00036 0.00572 0.00015 ( 1)
  12 E   0.97028 0.00069 0.02875 0.00028 ( 1)
  13 K   0.99195 0.00016 0.00782 0.00007 ( 1)
  14 G   0.00949 0.04746 0.92377 0.01928 ( 3)
  15 -   0.09890 0.48035 0.22565 0.19510 ( 2)
  16 -   0.09899 0.50179 0.19541 0.20382 ( 2)
  17 Y   0.01344 0.16953 0.74817 0.06886 ( 3)
  18 G   0.81652 0.00234 0.18020 0.00095 ( 1)
  19 D   0.06211 0.54449 0.17225 0.22116 ( 2)
  20 S   0.11287 0.60290 0.03935 0.24488 ( 2)
  21 I   0.18874 0.11094 0.65526 0.04506 ( 3)
  22 A   0.00700 0.66611 0.05634 0.27056 ( 2)
  23 Y   0.21645 0.01826 0.75787 0.00742 ( 3)
  24 V   0.12034 0.05242 0.80595 0.02129 ( 3)
  25 S   0.02256 0.04510 0.91401 0.01832 ( 3)
  26 E   0.98663 0.00047 0.01271 0.00019 ( 1)
  27 P   0.99460 0.00094 0.00408 0.00038 ( 1)
  28 -   0.75398 0.00769 0.23521 0.00312 ( 1)
  29 -   0.42081 0.29034 0.17092 0.11793 ( 1)
  30 L   0.23968 0.02551 0.72445 0.01036 ( 3)
  31 N   0.96251 0.00087 0.03626 0.00035 ( 1)
  32 G   0.99554 0.00041 0.00388 0.00017 ( 1)
  33 A   0.36885 0.05871 0.54859 0.02385 ( 3)
  34 N   0.92762 0.00088 0.07115 0.00036 ( 1)
  35 A   0.35649 0.08046 0.53037 0.03268 ( 3)
  36 V   0.18210 0.01458 0.79740 0.00592 ( 3)
  37 K   0.58961 0.01766 0.38555 0.00717 ( 1)
  38 L   0.91483 0.02394 0.05151 0.00972 ( 1)
  39 T   0.22478 0.53154 0.02779 0.21590 ( 2)
  40 S   0.00190 0.64140 0.09617 0.26052 ( 2)
  41 Y   0.08651 0.04410 0.85148 0.01791 ( 3)
  42 Q   0.00235 0.56920 0.19725 0.23120 ( 2)
  43 V   0.08778 0.51613 0.18645 0.20964 ( 2)
  44 L   0.57679 0.18734 0.15978 0.07609 ( 1)
  45 Q   0.00000 0.70796 0.00449 0.28755 ( 2)
  46 -   0.42081 0.29034 0.17092 0.11793 ( 1)
  47 -   0.68764 0.02351 0.27930 0.00955 ( 1)
  48 -   0.64969 0.06146 0.26389 0.02496 ( 1)
  49 -   0.70476 0.00639 0.28625 0.00260 ( 1)
  50 -   0.15337 0.55778 0.06230 0.22655 ( 2)
  51 -   0.66100 0.05015 0.26848 0.02037 ( 1)
  52 -   0.15046 0.56069 0.06111 0.22774 ( 2)
  53 -   0.68851 0.02264 0.27966 0.00919 ( 1)
  54 -   0.66074 0.05041 0.26838 0.02047 ( 1)
  55 M   0.03327 0.16190 0.73907 0.06576 ( 3)
  56 E   0.01579 0.09597 0.84926 0.03898 ( 3)
  57 V   0.82351 0.11040 0.02126 0.04484 ( 1)
  58 T   0.88632 0.00326 0.10910 0.00132 ( 1)
  59 N   0.97227 0.01524 0.00630 0.00619 ( 1)
  60 Q   0.01368 0.13395 0.79796 0.05441 ( 3)
  61 T   0.71762 0.17701 0.03347 0.07190 ( 1)
  62 T   0.00421 0.70752 0.00089 0.28738 ( 2)
  63 Q   0.92288 0.01056 0.06227 0.00429 ( 1)
  64 K   0.26867 0.51273 0.01034 0.20826 ( 2)
  65 Y   0.99536 0.00052 0.00390 0.00021 ( 1)
  66 R   0.04528 0.34308 0.47229 0.13935 ( 3)
  67 I   0.22861 0.50717 0.05822 0.20600 ( 2)
  68 R   0.93861 0.02376 0.02798 0.00965 ( 1)
  69 I   0.74413 0.04185 0.19703 0.01700 ( 1)
  70 R   0.99698 0.00026 0.00266 0.00010 ( 1)
  71 Y   0.98938 0.00315 0.00620 0.00128 ( 1)
  72 A   0.99481 0.00010 0.00505 0.00004 ( 1)
  73 T   0.96404 0.00089 0.03470 0.00036 ( 1)
  74 G   0.05584 0.01202 0.92727 0.00488 ( 3)
  75 G   0.01874 0.36194 0.47231 0.14701 ( 3)
  76 D   0.00102 0.70981 0.00087 0.28831 ( 2)
  77 T   0.51615 0.27265 0.10046 0.11074 ( 1)
  78 A   0.00059 0.70983 0.00127 0.28831 ( 2)
  79 A   0.00258 0.70862 0.00097 0.28782 ( 2)
  80 S   0.03060 0.68540 0.00562 0.27839 ( 2)
  81 I   0.00887 0.69501 0.01383 0.28229 ( 2)
  82 W   0.00879 0.70101 0.00547 0.28473 ( 2)
  83 F   0.66734 0.09150 0.20400 0.03716 ( 1)
  84 H   0.00006 0.71098 0.00017 0.28878 ( 2)
  85 I   0.62255 0.23702 0.04417 0.09627 ( 1)
  86 I   0.00030 0.71083 0.00014 0.28872 ( 2)
  87 -   0.00001 0.71114 0.00001 0.28885 ( 2)
  88 -   0.29047 0.44754 0.08021 0.18178 ( 2)
  89 -   0.42081 0.29034 0.17092 0.11793 ( 1)
  90 -   0.42081 0.29034 0.17092 0.11793 ( 1)
  91 -   0.42081 0.29034 0.17092 0.11793 ( 1)
  92 -   0.42081 0.29034 0.17092 0.11793 ( 1)
  93 G   0.00033 0.71057 0.00049 0.28861 ( 2)
  94 P   0.01136 0.70194 0.00158 0.28511 ( 2)
  95 S   0.00069 0.66920 0.05829 0.27181 ( 2)
  96 G   0.00003 0.71009 0.00145 0.28842 ( 2)
  97 N   0.00049 0.68722 0.03316 0.27913 ( 2)
  98 D   0.00753 0.70541 0.00054 0.28652 ( 2)
  99 L   0.00102 0.71007 0.00050 0.28841 ( 2)
 100 T   0.00000 0.71115 0.00000 0.28885 ( 2)
 101 N   0.39003 0.41704 0.02353 0.16939 ( 2)
 102 -   0.42081 0.29034 0.17092 0.11793 ( 1)
 103 -   0.42081 0.29034 0.17092 0.11793 ( 1)
 104 -   0.42081 0.29034 0.17092 0.11793 ( 1)
 105 E   0.00363 0.50264 0.28957 0.20416 ( 2)
 106 G   0.01358 0.49523 0.29003 0.20115 ( 2)
 107 H   0.00026 0.68437 0.03739 0.27798 ( 2)
 108 N   0.00000 0.71114 0.00001 0.28885 ( 2)
 109 F   0.00029 0.71044 0.00070 0.28856 ( 2)
 110 S   0.03337 0.66914 0.02571 0.27179 ( 2)
 111 S   0.00790 0.48460 0.31067 0.19683 ( 2)
 112 V   0.42081 0.29034 0.17092 0.11793 ( 1)
 113 S   0.01122 0.64085 0.08764 0.26030 ( 2)
 114 S   0.66204 0.09958 0.19793 0.04045 ( 1)
 115 R   0.00332 0.66337 0.06387 0.26944 ( 2)
 116 N   0.96839 0.00040 0.03105 0.00016 ( 1)
 117 K   0.68884 0.04216 0.25188 0.01712 ( 1)
 118 M   0.99342 0.00012 0.00640 0.00005 ( 1)
 119 F   0.69641 0.02628 0.26664 0.01067 ( 1)
 120 V   0.11956 0.14739 0.67319 0.05986 ( 3)
 121 Q   0.75630 0.00295 0.23956 0.00120 ( 1)
 122 G   0.75102 0.02980 0.20708 0.01210 ( 1)
 123 N   0.15547 0.02519 0.80911 0.01023 ( 3)
 124 N   0.96732 0.00245 0.02925 0.00099 ( 1)
 125 G   0.94389 0.02237 0.02466 0.00908 ( 1)
 126 K   0.71190 0.19791 0.00979 0.08039 ( 1)
 127 Y   0.97358 0.00076 0.02535 0.00031 ( 1)
 128 V   0.28051 0.49426 0.02447 0.20076 ( 2)
 129 L   0.45121 0.14118 0.35027 0.05734 ( 1)
 130 N   0.01113 0.48277 0.31001 0.19609 ( 2)
 131 I   0.12984 0.32451 0.41384 0.13181 ( 3)
 132 L   0.34277 0.43793 0.04142 0.17788 ( 2)
 133 T   0.00021 0.69414 0.02371 0.28194 ( 2)
 134 D   0.98851 0.00469 0.00490 0.00190 ( 1)
 135 -   0.00576 0.70539 0.00234 0.28651 ( 2)
 136 -   0.70559 0.00556 0.28659 0.00226 ( 1)
 137 -   0.05298 0.65816 0.02152 0.26733 ( 2)
 138 S   0.59367 0.18127 0.15144 0.07363 ( 1)
 139 I   0.98067 0.00371 0.01412 0.00151 ( 1)
 140 E   0.08975 0.64499 0.00328 0.26198 ( 2)
 141 L   0.84627 0.10246 0.00965 0.04162 ( 1)
 142 P   0.85114 0.09282 0.01834 0.03770 ( 1)
 143 S   0.57351 0.29974 0.00501 0.12174 ( 1)
 144 G   0.45197 0.24437 0.20440 0.09926 ( 1)
 145 Q   0.20925 0.55741 0.00694 0.22641 ( 2)
 146 Q   0.06293 0.64722 0.02697 0.26288 ( 2)
 147 T   0.16394 0.43938 0.21822 0.17846 ( 2)
 148 -   0.70576 0.00539 0.28666 0.00219 ( 1)
 149 -   0.66529 0.04585 0.27023 0.01862 ( 1)
 150 -   0.02818 0.68297 0.01145 0.27740 ( 2)
 151 I   0.98589 0.00028 0.01373 0.00011 ( 1)
 152 L   0.00026 0.70624 0.00663 0.28686 ( 2)
 153 I   0.29715 0.47123 0.04021 0.19140 ( 2)
 154 Q   0.00101 0.70464 0.00815 0.28620 ( 2)
 155 N   0.99374 0.00024 0.00593 0.00010 ( 1)
 156 T   0.00076 0.70998 0.00088 0.28838 ( 2)
 157 N   0.00063 0.71003 0.00094 0.28840 ( 2)
 158 -   0.66961 0.13772 0.13673 0.05594 ( 1)
 159 S   0.01315 0.50525 0.27639 0.20522 ( 2)
 160 Q   0.14770 0.57761 0.04007 0.23461 ( 2)
 161 D   0.07310 0.65321 0.00837 0.26532 ( 2)
 162 L   0.80450 0.11943 0.02756 0.04851 ( 1)
 163 F   0.73133 0.00507 0.26154 0.00206 ( 1)
 164 L   0.91170 0.00167 0.08595 0.00068 ( 1)
 165 D   0.99666 0.00042 0.00275 0.00017 ( 1)
 166 R   0.93610 0.00114 0.06229 0.00046 ( 1)
 167 I   0.96576 0.01585 0.01195 0.00644 ( 1)
 168 E   0.99634 0.00008 0.00355 0.00003 ( 1)
 169 -   0.98332 0.00312 0.01228 0.00127 ( 1)
 170 -   0.95624 0.00083 0.04260 0.00034 ( 1)
 171 -   0.48714 0.22401 0.19786 0.09099 ( 1)


lnL = -3253.194447

