Supplemental results for CODEML (seqf: algn  treef: tree)


dN/dS (w) for site classes (K=4)

site class             0        1       2a       2b
proportion       0.32289  0.49668  0.07108  0.10934
background w     0.09280  1.00000  0.09280  1.00000
foreground w     0.09280  1.00000 17.57009 17.57009

Naive Empirical Bayes (NEB) probabilities for 4 classes
(amino acids refer to 1st sequence: BT_Cry1Be1)

   1 -   0.43592 0.50931 0.02188 0.03290 ( 2)
   2 S   0.00172 0.97243 0.00223 0.02362 ( 2)
   3 D   0.99897 0.00057 0.00046 0.00001 ( 1)
   4 S   0.35147 0.64685 0.00017 0.00151 ( 2)
   5 I   0.99506 0.00264 0.00224 0.00006 ( 1)
   6 T   0.93877 0.05902 0.00147 0.00074 ( 1)
   7 Q   0.01740 0.77884 0.08361 0.12015 ( 2)
   8 I   0.01823 0.21511 0.64115 0.12551 ( 3)
   9 P   0.96498 0.01702 0.01784 0.00016 ( 1)
  10 L   0.01729 0.89111 0.00469 0.08691 ( 2)
  11 V   0.27607 0.04997 0.66656 0.00740 ( 3)
  12 K   0.99876 0.00057 0.00066 0.00001 ( 1)
  13 S   0.12924 0.78704 0.01460 0.06912 ( 2)
  14 F   0.00373 0.91777 0.00083 0.07767 ( 2)
  15 N   0.00055 0.92115 0.00059 0.07771 ( 2)
  16 L   0.62279 0.19679 0.13710 0.04332 ( 1)
  17 N   0.00002 0.12546 0.07319 0.80133 ( 4)
  18 S   0.00025 0.17038 0.13913 0.69025 ( 4)
  19 G   0.00005 0.06952 0.43355 0.49688 ( 4)
  20 T   0.24183 0.72005 0.01515 0.02297 ( 2)
  21 S   0.35897 0.62522 0.00124 0.01457 ( 2)
  22 V   0.99717 0.00073 0.00207 0.00002 ( 1)
  23 V   0.85510 0.13947 0.00217 0.00326 ( 1)
  24 S   0.00225 0.99559 0.00001 0.00215 ( 2)
  25 G   0.99533 0.00148 0.00315 0.00004 ( 1)
  26 P   0.99927 0.00060 0.00012 0.00000 ( 1)
  27 G   0.99799 0.00161 0.00040 0.00001 ( 1)
  28 F   0.97386 0.00705 0.01902 0.00006 ( 1)
  29 T   0.87881 0.02168 0.09805 0.00145 ( 1)
  30 G   0.99828 0.00144 0.00027 0.00000 ( 1)
  31 G   0.99341 0.00568 0.00089 0.00002 ( 1)
  32 D   0.31693 0.16506 0.49494 0.02307 ( 3)
  33 I   0.42909 0.55789 0.00974 0.00327 ( 2)
  34 I   0.92107 0.07575 0.00149 0.00169 ( 1)
  35 R   0.69777 0.26370 0.03034 0.00820 ( 1)
  36 T   0.38409 0.43549 0.08455 0.09587 ( 2)
  37 N   0.06842 0.75116 0.01506 0.16536 ( 2)
  38 V   0.01119 0.80838 0.00246 0.17796 ( 2)
  39 N   0.03509 0.78449 0.00773 0.17270 ( 2)
  40 -   0.32289 0.49668 0.07108 0.10934 ( 2)
  41 -   0.32289 0.49668 0.07108 0.10934 ( 2)
  42 -   0.32289 0.49668 0.07108 0.10934 ( 2)
  43 G   0.71543 0.26304 0.00562 0.01592 ( 1)
  44 S   0.00365 0.97135 0.00032 0.02468 ( 2)
  45 V   0.18749 0.67634 0.05638 0.07979 ( 2)
  46 L   0.00000 0.18728 0.00196 0.81076 ( 4)
  47 S   0.02839 0.96708 0.00016 0.00437 ( 2)
  48 M   0.00285 0.91555 0.00118 0.08042 ( 2)
  49 G   0.00027 0.92434 0.00021 0.07517 ( 2)
  50 L   0.08918 0.83371 0.00794 0.06917 ( 2)
  51 N   0.00353 0.68491 0.10093 0.21064 ( 2)
  52 F   0.03658 0.64461 0.05784 0.26098 ( 2)
  53 N   0.27826 0.70025 0.00221 0.01928 ( 2)
  54 N   0.00078 0.95449 0.00001 0.04473 ( 2)
  55 -   0.47832 0.51849 0.00026 0.00292 ( 2)
  56 -   0.00454 0.48862 0.19968 0.30716 ( 2)
  57 -   0.01158 0.70328 0.11234 0.17280 ( 2)
  58 T   0.00003 0.71288 0.00090 0.28619 ( 2)
  59 S   0.00347 0.26110 0.41287 0.32256 ( 3)
  60 L   0.00000 0.38480 0.00190 0.61330 ( 4)
  61 Q   0.00859 0.97570 0.00002 0.01569 ( 2)
  62 R   0.05108 0.85680 0.00795 0.08417 ( 2)
  63 Y   0.99915 0.00059 0.00027 0.00000 ( 1)
  64 R   0.71277 0.28679 0.00013 0.00031 ( 1)
  65 V   0.03033 0.88160 0.05589 0.03218 ( 2)
  66 R   0.99793 0.00063 0.00143 0.00001 ( 1)
  67 V   0.98906 0.00872 0.00197 0.00026 ( 1)
  68 R   0.76860 0.00384 0.22610 0.00146 ( 1)
  69 Y   0.99915 0.00059 0.00027 0.00000 ( 1)
  70 A   0.99710 0.00180 0.00109 0.00001 ( 1)
  71 A   0.97936 0.01972 0.00071 0.00020 ( 1)
  72 S   0.27989 0.70531 0.00077 0.01403 ( 2)
  73 Q   0.00110 0.98468 0.00005 0.01417 ( 2)
  74 T   0.00121 0.97201 0.00028 0.02649 ( 2)
  75 M   0.00078 0.81665 0.00065 0.18192 ( 2)
  76 V   0.00693 0.97159 0.00025 0.02123 ( 2)
  77 L   0.96991 0.02981 0.00020 0.00009 ( 1)
  78 R   0.05824 0.83866 0.05722 0.04588 ( 2)
  79 V   0.69036 0.21632 0.08632 0.00699 ( 1)
  80 T   0.00007 0.04736 0.24569 0.70687 ( 4)
  81 V   0.00009 0.86248 0.00239 0.13504 ( 2)
  82 G   0.00000 0.06559 0.12867 0.80574 ( 4)
  83 -   0.00042 0.11251 0.35118 0.53589 ( 4)
  84 -   0.32289 0.49668 0.07108 0.10934 ( 2)
  85 -   0.32289 0.49668 0.07108 0.10934 ( 2)
  86 G   0.00067 0.24583 0.27593 0.47757 ( 4)
  87 S   0.00008 0.46577 0.00659 0.52756 ( 4)
  88 T   0.00515 0.84859 0.00300 0.14327 ( 2)
  89 T   0.00169 0.78554 0.02348 0.18928 ( 2)
  90 F   0.04064 0.94388 0.00074 0.01474 ( 2)
  91 D   0.02777 0.95245 0.00749 0.01229 ( 2)
  92 Q   0.00001 0.72814 0.00907 0.26278 ( 2)
  93 G   0.00000 0.92403 0.00001 0.07596 ( 2)
  94 F   0.95335 0.00691 0.03948 0.00026 ( 1)
  95 P   0.00237 0.91418 0.00041 0.08305 ( 2)
  96 S   0.03225 0.95486 0.00009 0.01280 ( 2)
  97 T   0.99744 0.00100 0.00154 0.00002 ( 1)
  98 M   0.99986 0.00009 0.00004 0.00000 ( 1)
  99 S   0.01730 0.96944 0.00003 0.01322 ( 2)
 100 A   0.00033 0.98058 0.00001 0.01908 ( 2)
 101 N   0.63274 0.36558 0.00062 0.00106 ( 1)
 102 E   0.00767 0.92451 0.00158 0.06624 ( 2)
 103 S   0.91211 0.00950 0.07787 0.00052 ( 1)
 104 L   0.76164 0.22826 0.00959 0.00050 ( 1)
 105 T   0.97580 0.02239 0.00148 0.00033 ( 1)
 106 S   0.28279 0.67248 0.01827 0.02647 ( 2)
 107 Q   0.05203 0.92101 0.00012 0.02684 ( 2)
 108 S   0.28833 0.70803 0.00053 0.00311 ( 2)
 109 F   0.99948 0.00020 0.00032 0.00000 ( 1)
 110 R   0.86658 0.13315 0.00016 0.00011 ( 1)
 111 F   0.99219 0.00713 0.00065 0.00003 ( 1)
 112 A   0.76863 0.22556 0.00212 0.00370 ( 1)
 113 E   0.00445 0.98073 0.00016 0.01465 ( 2)
 114 F   0.04112 0.02249 0.93319 0.00319 ( 3)
 115 P   0.00120 0.48517 0.22282 0.29081 ( 2)
 116 V   0.02673 0.93226 0.01009 0.03092 ( 2)
 117 G   0.00544 0.92334 0.00709 0.06413 ( 2)
 118 I   0.01886 0.89226 0.00763 0.08125 ( 2)
 119 S   0.00000 0.11742 0.00121 0.88137 ( 4)
 120 -   0.61040 0.20918 0.13437 0.04605 ( 1)
 121 A   0.01061 0.80897 0.00234 0.17809 ( 2)
 122 S   0.01435 0.80522 0.00316 0.17726 ( 2)
 123 G   0.00655 0.81303 0.00144 0.17898 ( 2)
 124 S   0.00070 0.89143 0.00098 0.10689 ( 2)
 125 Q   0.00001 0.53539 0.00133 0.46328 ( 2)
 126 T   0.00002 0.26800 0.00700 0.72497 ( 4)
 127 A   0.00000 0.27358 0.00737 0.71905 ( 4)
 128 G   0.17785 0.80026 0.00194 0.01995 ( 2)
 129 I   0.99172 0.00113 0.00705 0.00011 ( 1)
 130 -   0.32289 0.49668 0.07108 0.10934 ( 2)
 131 -   0.32289 0.49668 0.07108 0.10934 ( 2)
 132 S   0.01175 0.80783 0.00259 0.17784 ( 2)
 133 I   0.02985 0.78973 0.00657 0.17385 ( 2)
 134 S   0.00943 0.81015 0.00208 0.17835 ( 2)
 135 N   0.00180 0.18064 0.29881 0.51875 ( 4)
 136 N   0.00013 0.88409 0.00072 0.11506 ( 2)
 137 A   0.00000 0.57979 0.00007 0.42014 ( 2)
 138 G   0.00662 0.93259 0.00136 0.05943 ( 2)
 139 R   0.00000 0.15383 0.00352 0.84264 ( 4)
 140 Q   0.00044 0.93108 0.00023 0.06825 ( 2)
 141 T   0.00810 0.97107 0.00109 0.01974 ( 2)
 142 F   0.09942 0.45842 0.26063 0.18153 ( 2)
 143 H   0.94868 0.05055 0.00064 0.00013 ( 1)
 144 F   0.17096 0.78823 0.01857 0.02223 ( 2)
 145 D   0.99696 0.00231 0.00071 0.00002 ( 1)
 146 K   0.03889 0.92530 0.00205 0.03376 ( 2)
 147 I   0.90475 0.03286 0.06071 0.00168 ( 1)
 148 E   0.99757 0.00168 0.00075 0.00000 ( 1)
 149 F   0.63422 0.36261 0.00036 0.00281 ( 1)
 150 I   0.97364 0.01624 0.00849 0.00163 ( 1)
 151 -   0.32289 0.49668 0.07108 0.10934 ( 2)


lnL = -2555.789378

Bayes Empirical Bayes (BEB) probabilities for 4 classes (class)
(amino acids refer to 1st sequence: BT_Cry1Be1)

   1 -   0.39315 0.52520 0.03287 0.04878 ( 2)
   2 S   0.00491 0.91852 0.00804 0.06853 ( 2)
   3 D   0.99868 0.00064 0.00067 0.00001 ( 1)
   4 S   0.32636 0.66886 0.00046 0.00433 ( 2)
   5 I   0.99408 0.00285 0.00298 0.00008 ( 1)
   6 T   0.92305 0.07327 0.00228 0.00140 ( 1)
   7 Q   0.03283 0.66986 0.12839 0.16892 ( 2)
   8 I   0.02456 0.25103 0.57454 0.14988 ( 3)
   9 P   0.93192 0.02112 0.04655 0.00041 ( 1)
  10 L   0.04049 0.85245 0.00935 0.09772 ( 2)
  11 V   0.25279 0.04934 0.69010 0.00777 ( 3)
  12 K   0.99832 0.00064 0.00103 0.00001 ( 1)
  13 S   0.15920 0.73839 0.01919 0.08323 ( 2)
  14 F   0.01019 0.89015 0.00223 0.09743 ( 2)
  15 N   0.00307 0.89897 0.00197 0.09598 ( 2)
  16 L   0.60633 0.19836 0.14749 0.04782 ( 1)
  17 N   0.00013 0.17135 0.08600 0.74251 ( 4)
  18 S   0.00071 0.18790 0.15234 0.65905 ( 4)
  19 G   0.00016 0.09571 0.37850 0.52564 ( 4)
  20 T   0.24569 0.70487 0.01826 0.03119 ( 2)
  21 S   0.32729 0.64932 0.00193 0.02145 ( 2)
  22 V   0.99668 0.00081 0.00248 0.00003 ( 1)
  23 V   0.78269 0.20665 0.00324 0.00742 ( 1)
  24 S   0.00802 0.98660 0.00005 0.00533 ( 2)
  25 G   0.99535 0.00159 0.00302 0.00004 ( 1)
  26 P   0.99911 0.00065 0.00024 0.00000 ( 1)
  27 G   0.99759 0.00171 0.00069 0.00001 ( 1)
  28 F   0.95177 0.00849 0.03961 0.00012 ( 1)
  29 T   0.78630 0.02350 0.18746 0.00275 ( 1)
  30 G   0.99791 0.00154 0.00054 0.00001 ( 1)
  31 G   0.99235 0.00598 0.00164 0.00004 ( 1)
  32 D   0.25315 0.17386 0.54135 0.03164 ( 3)
  33 I   0.37788 0.59777 0.01713 0.00723 ( 2)
  34 I   0.90266 0.09153 0.00252 0.00329 ( 1)
  35 R   0.59515 0.34353 0.04492 0.01640 ( 1)
  36 T   0.33008 0.47460 0.08095 0.11436 ( 2)
  37 N   0.07833 0.72636 0.01936 0.17596 ( 2)
  38 V   0.02027 0.78442 0.00503 0.19029 ( 2)
  39 N   0.05247 0.75221 0.01300 0.18231 ( 2)
  40 -   0.31406 0.49063 0.07672 0.11859 ( 2)
  41 -   0.31406 0.49063 0.07672 0.11859 ( 2)
  42 -   0.31406 0.49063 0.07672 0.11859 ( 2)
  43 G   0.62179 0.35321 0.00503 0.01996 ( 1)
  44 S   0.00999 0.95307 0.00095 0.03599 ( 2)
  45 V   0.19618 0.65618 0.05729 0.09035 ( 2)
  46 L   0.00001 0.23357 0.00532 0.76110 ( 4)
  47 S   0.06436 0.92891 0.00037 0.00636 ( 2)
  48 M   0.00907 0.90462 0.00289 0.08342 ( 2)
  49 G   0.00152 0.91287 0.00057 0.08504 ( 2)
  50 L   0.11712 0.78611 0.01128 0.08549 ( 2)
  51 N   0.00699 0.62316 0.11801 0.25185 ( 2)
  52 F   0.05547 0.63755 0.06356 0.24342 ( 2)
  53 N   0.27591 0.69339 0.00333 0.02737 ( 2)
  54 N   0.00314 0.96457 0.00002 0.03227 ( 2)
  55 -   0.41887 0.57617 0.00037 0.00459 ( 2)
  56 -   0.00588 0.42367 0.22578 0.34467 ( 2)
  57 -   0.01594 0.65534 0.13095 0.19777 ( 2)
  58 T   0.00018 0.61336 0.00354 0.38291 ( 2)
  59 S   0.00354 0.19270 0.41261 0.39116 ( 3)
  60 L   0.00002 0.34116 0.00593 0.65288 ( 4)
  61 Q   0.02239 0.95465 0.00009 0.02287 ( 2)
  62 R   0.07840 0.82163 0.01075 0.08922 ( 2)
  63 Y   0.99889 0.00063 0.00048 0.00000 ( 1)
  64 R   0.61265 0.38624 0.00025 0.00086 ( 1)
  65 V   0.04902 0.81274 0.08135 0.05688 ( 2)
  66 R   0.99749 0.00069 0.00180 0.00001 ( 1)
  67 V   0.98620 0.01048 0.00288 0.00044 ( 1)
  68 R   0.80015 0.00420 0.19409 0.00155 ( 1)
  69 Y   0.99889 0.00063 0.00048 0.00000 ( 1)
  70 A   0.99372 0.00193 0.00432 0.00003 ( 1)
  71 A   0.97403 0.02453 0.00108 0.00037 ( 1)
  72 S   0.27713 0.70150 0.00133 0.02004 ( 2)
  73 Q   0.00490 0.96449 0.00034 0.03027 ( 2)
  74 T   0.00492 0.95762 0.00077 0.03669 ( 2)
  75 M   0.00342 0.81926 0.00194 0.17538 ( 2)
  76 V   0.01766 0.94406 0.00100 0.03728 ( 2)
  77 L   0.96156 0.03794 0.00034 0.00017 ( 1)
  78 R   0.08140 0.77122 0.08199 0.06539 ( 2)
  79 V   0.56459 0.26978 0.14911 0.01652 ( 1)
  80 T   0.00019 0.06556 0.22500 0.70925 ( 4)
  81 V   0.00056 0.81669 0.00583 0.17692 ( 2)
  82 G   0.00001 0.09018 0.13576 0.77405 ( 4)
  83 -   0.00080 0.12026 0.35222 0.52672 ( 4)
  84 -   0.31406 0.49063 0.07672 0.11859 ( 2)
  85 -   0.31406 0.49063 0.07672 0.11859 ( 2)
  86 G   0.00139 0.24713 0.25956 0.49192 ( 4)
  87 S   0.00037 0.42455 0.01465 0.56043 ( 4)
  88 T   0.01282 0.81702 0.00617 0.16400 ( 2)
  89 T   0.00637 0.74400 0.04083 0.20881 ( 2)
  90 F   0.08069 0.89723 0.00160 0.02048 ( 2)
  91 D   0.05841 0.90437 0.01412 0.02311 ( 2)
  92 Q   0.00009 0.63705 0.02183 0.34103 ( 2)
  93 G   0.00001 0.82499 0.00013 0.17487 ( 2)
  94 F   0.91939 0.00822 0.07195 0.00044 ( 1)
  95 P   0.00868 0.88275 0.00153 0.10704 ( 2)
  96 S   0.07048 0.90771 0.00041 0.02139 ( 2)
  97 T   0.99643 0.00111 0.00243 0.00003 ( 1)
  98 M   0.99981 0.00010 0.00009 0.00000 ( 1)
  99 S   0.05164 0.93011 0.00016 0.01809 ( 2)
 100 A   0.00197 0.96899 0.00006 0.02898 ( 2)
 101 N   0.53974 0.45038 0.00284 0.00704 ( 1)
 102 E   0.01993 0.90062 0.00333 0.07613 ( 2)
 103 S   0.84783 0.01093 0.14033 0.00091 ( 1)
 104 L   0.67820 0.25868 0.05978 0.00334 ( 1)
 105 T   0.96949 0.02760 0.00230 0.00061 ( 1)
 106 S   0.27433 0.66178 0.02359 0.04030 ( 2)
 107 Q   0.09592 0.87184 0.00036 0.03188 ( 2)
 108 S   0.27562 0.70956 0.00224 0.01257 ( 2)
 109 F   0.99925 0.00022 0.00053 0.00000 ( 1)
 110 R   0.79046 0.20853 0.00047 0.00054 ( 1)
 111 F   0.98992 0.00887 0.00113 0.00007 ( 1)
 112 A   0.67248 0.31527 0.00352 0.00873 ( 1)
 113 E   0.01564 0.96185 0.00058 0.02194 ( 2)
 114 F   0.04958 0.02243 0.92457 0.00343 ( 3)
 115 P   0.00338 0.47098 0.22472 0.30092 ( 2)
 116 V   0.05624 0.88112 0.01747 0.04518 ( 2)
 117 G   0.01486 0.90708 0.00957 0.06849 ( 2)
 118 I   0.03117 0.84425 0.01409 0.11049 ( 2)
 119 S   0.00000 0.16584 0.00365 0.83050 ( 4)
 120 -   0.59251 0.21218 0.14418 0.05114 ( 1)
 121 A   0.01983 0.78485 0.00492 0.19039 ( 2)
 122 S   0.02410 0.78058 0.00598 0.18934 ( 2)
 123 G   0.01330 0.79138 0.00330 0.19201 ( 2)
 124 S   0.00266 0.84826 0.00257 0.14650 ( 2)
 125 Q   0.00010 0.48919 0.00460 0.50610 ( 4)
 126 T   0.00020 0.29939 0.01760 0.68281 ( 4)
 127 A   0.00005 0.31386 0.01530 0.67079 ( 4)
 128 G   0.20742 0.76908 0.00251 0.02099 ( 2)
 129 I   0.99184 0.00128 0.00677 0.00011 ( 1)
 130 -   0.31406 0.49063 0.07672 0.11859 ( 2)
 131 -   0.31406 0.49063 0.07672 0.11859 ( 2)
 132 S   0.02820 0.77648 0.00700 0.18831 ( 2)
 133 I   0.04849 0.75620 0.01202 0.18329 ( 2)
 134 S   0.01872 0.78597 0.00465 0.19067 ( 2)
 135 N   0.00379 0.22017 0.27570 0.50034 ( 4)
 136 N   0.00080 0.83837 0.00248 0.15836 ( 2)
 137 A   0.00002 0.59766 0.00031 0.40202 ( 2)
 138 G   0.01739 0.92051 0.00230 0.05981 ( 2)
 139 R   0.00002 0.17851 0.00966 0.81182 ( 4)
 140 Q   0.00260 0.91057 0.00090 0.08592 ( 2)
 141 T   0.02785 0.94365 0.00250 0.02600 ( 2)
 142 F   0.12927 0.53236 0.18307 0.15531 ( 2)
 143 H   0.93420 0.06378 0.00151 0.00052 ( 1)
 144 F   0.19423 0.75316 0.02216 0.03045 ( 2)
 145 D   0.99661 0.00245 0.00092 0.00002 ( 1)
 146 K   0.07719 0.88032 0.00375 0.03874 ( 2)
 147 I   0.86375 0.03837 0.09534 0.00254 ( 1)
 148 E   0.99693 0.00179 0.00127 0.00001 ( 1)
 149 F   0.54439 0.44987 0.00053 0.00522 ( 1)
 150 I   0.97339 0.01701 0.00805 0.00155 ( 1)
 151 -   0.31406 0.49063 0.07672 0.11859 ( 2)

