Supplemental results for CODEML (seqf: algn  treef: tree)


dN/dS (w) for site classes (K=4)

site class             0        1       2a       2b
proportion       0.58298  0.21892  0.14402  0.05408
background w     0.09363  1.00000  0.09363  1.00000
foreground w     0.09363  1.00000  1.00000  1.00000

Naive Empirical Bayes (NEB) probabilities for 4 classes
(amino acids refer to 1st sequence: BT_Cry1Ia11)

   1 S   0.94703 0.01482 0.03450 0.00366 ( 1)
   2 I   0.93939 0.01066 0.04732 0.00263 ( 1)
   3 T   0.95217 0.00853 0.03720 0.00211 ( 1)
   4 Q   0.93436 0.00206 0.06308 0.00051 ( 1)
   5 I   0.41907 0.16067 0.38057 0.03969 ( 1)
   6 P   0.94678 0.00373 0.04857 0.00092 ( 1)
   7 L   0.76569 0.14515 0.05330 0.03586 ( 1)
   8 V   0.95216 0.00824 0.03756 0.00204 ( 1)
   9 K   0.93607 0.02744 0.02971 0.00678 ( 1)
  10 A   0.87313 0.05426 0.05920 0.01340 ( 1)
  11 F   0.11755 0.43292 0.34259 0.10695 ( 2)
  12 N   0.63082 0.17663 0.14892 0.04363 ( 1)
  13 -   0.69520 0.16001 0.10526 0.03953 ( 1)
  14 -   0.68663 0.16451 0.10822 0.04064 ( 1)
  15 -   0.68663 0.16451 0.10822 0.04064 ( 1)
  16 -   0.21999 0.40948 0.26937 0.10116 ( 2)
  17 L   0.26307 0.53845 0.06547 0.13302 ( 2)
  18 S   0.11629 0.61026 0.12269 0.15076 ( 2)
  19 S   0.92282 0.03265 0.03647 0.00807 ( 1)
  20 G   0.08285 0.65763 0.09706 0.16246 ( 2)
  21 A   0.12583 0.62874 0.09011 0.15532 ( 2)
  22 A   0.42963 0.26156 0.24420 0.06461 ( 1)
  23 V   0.73722 0.10091 0.13694 0.02493 ( 1)
  24 V   0.68978 0.07355 0.21850 0.01817 ( 1)
  25 R   0.57941 0.16307 0.21724 0.04028 ( 1)
  26 G   0.88059 0.01453 0.10129 0.00359 ( 1)
  27 P   0.95901 0.00306 0.03718 0.00076 ( 1)
  28 G   0.96291 0.00419 0.03186 0.00103 ( 1)
  29 F   0.83698 0.09075 0.04985 0.02242 ( 1)
  30 T   0.96179 0.00690 0.02960 0.00170 ( 1)
  31 G   0.94486 0.00609 0.04755 0.00151 ( 1)
  32 G   0.94430 0.00655 0.04753 0.00162 ( 1)
  33 D   0.14975 0.62580 0.06985 0.15460 ( 2)
  34 I   0.76687 0.11125 0.09439 0.02748 ( 1)
  35 L   0.62825 0.16794 0.16232 0.04149 ( 1)
  36 R   0.23694 0.55320 0.07320 0.13666 ( 2)
  37 R   0.37223 0.44469 0.07323 0.10985 ( 2)
  38 T   0.02245 0.48040 0.37848 0.11868 ( 2)
  39 N   0.43651 0.43391 0.02238 0.10719 ( 1)
  40 T   0.00242 0.78367 0.02031 0.19359 ( 2)
  41 G   0.76992 0.03411 0.18754 0.00843 ( 1)
  42 T   0.00007 0.79190 0.01240 0.19563 ( 2)
  43 F   0.19369 0.31362 0.41522 0.07747 ( 3)
  44 G   0.59421 0.20769 0.14679 0.05131 ( 1)
  45 D   0.19708 0.60482 0.04869 0.14941 ( 2)
  46 I   0.62909 0.17282 0.15541 0.04269 ( 1)
  47 R   0.46787 0.31470 0.13968 0.07774 ( 1)
  48 V   0.75852 0.17365 0.02493 0.04290 ( 1)
  49 N   0.02556 0.73785 0.05432 0.18227 ( 2)
  50 I   0.59638 0.09716 0.28246 0.02400 ( 1)
  51 N   0.93496 0.00598 0.05758 0.00148 ( 1)
  52 -   0.58298 0.21892 0.14402 0.05408 ( 1)
  53 -   0.58298 0.21892 0.14402 0.05408 ( 1)
  54 -   0.58298 0.21892 0.14402 0.05408 ( 1)
  55 -   0.58298 0.21892 0.14402 0.05408 ( 1)
  56 -   0.58298 0.21892 0.14402 0.05408 ( 1)
  57 P   0.94310 0.01635 0.03651 0.00404 ( 1)
  58 P   0.94678 0.00373 0.04857 0.00092 ( 1)
  59 F   0.94607 0.01384 0.03667 0.00342 ( 1)
  60 A   0.20749 0.51771 0.14691 0.12789 ( 2)
  61 Q   0.93436 0.00206 0.06308 0.00051 ( 1)
  62 R   0.66600 0.03178 0.29437 0.00785 ( 1)
  63 Y   0.95732 0.00240 0.03969 0.00059 ( 1)
  64 R   0.62433 0.02497 0.34454 0.00617 ( 1)
  65 V   0.39497 0.31309 0.21459 0.07734 ( 1)
  66 R   0.93749 0.01355 0.04561 0.00335 ( 1)
  67 I   0.86619 0.08351 0.02968 0.02063 ( 1)
  68 R   0.65132 0.25428 0.03159 0.06282 ( 1)
  69 Y   0.95845 0.01192 0.02669 0.00294 ( 1)
  70 A   0.86415 0.04843 0.07545 0.01196 ( 1)
  71 S   0.30200 0.51762 0.05251 0.12787 ( 2)
  72 T   0.70238 0.19238 0.05771 0.04753 ( 1)
  73 -   0.94275 0.02495 0.02614 0.00616 ( 1)
  74 T   0.65283 0.21687 0.07672 0.05358 ( 1)
  75 D   0.96449 0.00331 0.03138 0.00082 ( 1)
  76 L   0.56226 0.28575 0.08140 0.07059 ( 1)
  77 Q   0.64810 0.10102 0.22592 0.02496 ( 1)
  78 F   0.26436 0.28549 0.37962 0.07053 ( 3)
  79 H   0.00394 0.66027 0.17268 0.16311 ( 2)
  80 T   0.39843 0.38079 0.12671 0.09407 ( 1)
  81 S   0.01498 0.14889 0.79934 0.03678 ( 3)
  82 I   0.12797 0.27201 0.53282 0.06720 ( 3)
  83 N   0.00017 0.79500 0.00844 0.19639 ( 2)
  84 G   0.04419 0.47401 0.36470 0.11710 ( 2)
  85 K   0.14203 0.57770 0.13756 0.14271 ( 2)
  86 A   0.03123 0.66552 0.13884 0.16441 ( 2)
  87 I   0.67392 0.15410 0.13391 0.03807 ( 1)
  88 N   0.79718 0.06778 0.11829 0.01675 ( 1)
  89 Q   0.00354 0.09197 0.88177 0.02272 ( 3)
  90 G   0.66496 0.15504 0.14170 0.03830 ( 1)
  91 N   0.14321 0.10103 0.73080 0.02496 ( 3)
  92 F   0.72564 0.11256 0.13400 0.02781 ( 1)
  93 S   0.86955 0.08140 0.02895 0.02011 ( 1)
  94 A   0.27663 0.49745 0.10303 0.12289 ( 2)
  95 T   0.87635 0.04766 0.06421 0.01177 ( 1)
  96 M   0.71510 0.19423 0.04269 0.04798 ( 1)
  97 N   0.96853 0.00689 0.02288 0.00170 ( 1)
  98 R   0.95095 0.00477 0.04310 0.00118 ( 1)
  99 G   0.58059 0.27092 0.08156 0.06693 ( 1)
 100 E   0.36391 0.47344 0.04569 0.11696 ( 2)
 101 -   0.85049 0.06479 0.06872 0.01600 ( 1)
 102 -   0.88360 0.04933 0.05488 0.01219 ( 1)
 103 -   0.85562 0.07085 0.05602 0.01750 ( 1)
 104 D   0.96536 0.00921 0.02316 0.00227 ( 1)
 105 L   0.93542 0.00697 0.05589 0.00172 ( 1)
 106 D   0.59160 0.29513 0.04036 0.07291 ( 1)
 107 Y   0.37074 0.25543 0.31072 0.06310 ( 1)
 108 K   0.87130 0.06904 0.04260 0.01706 ( 1)
 109 T   0.90495 0.05754 0.02329 0.01422 ( 1)
 110 F   0.94243 0.02567 0.02556 0.00634 ( 1)
 111 R   0.84061 0.03264 0.11869 0.00806 ( 1)
 112 T   0.83857 0.10086 0.03565 0.02492 ( 1)
 113 V   0.95216 0.00824 0.03756 0.00204 ( 1)
 114 G   0.13575 0.33130 0.45111 0.08184 ( 3)
 115 F   0.94190 0.02217 0.03045 0.00548 ( 1)
 116 T   0.91297 0.03790 0.03977 0.00936 ( 1)
 117 T   0.84818 0.08781 0.04233 0.02169 ( 1)
 118 P   0.00069 0.73535 0.08231 0.18166 ( 2)
 119 F   0.97061 0.00246 0.02632 0.00061 ( 1)
 120 S   0.57636 0.29526 0.05544 0.07294 ( 1)
 121 F   0.02837 0.31672 0.57667 0.07824 ( 3)
 122 L   0.01349 0.75296 0.04754 0.18601 ( 2)
 123 D   0.07533 0.42164 0.39887 0.10416 ( 2)
 124 V   0.41275 0.34907 0.15195 0.08623 ( 1)
 125 Q   0.00456 0.49841 0.37390 0.12313 ( 2)
 126 -   0.58298 0.21892 0.14402 0.05408 ( 1)
 127 S   0.85719 0.07384 0.05073 0.01824 ( 1)
 128 T   0.00092 0.51827 0.35277 0.12803 ( 2)
 129 F   0.00936 0.48056 0.39137 0.11871 ( 2)
 130 T   0.03388 0.43435 0.42446 0.10730 ( 2)
 131 I   0.17697 0.37051 0.36099 0.09153 ( 2)
 132 G   0.00604 0.20818 0.73435 0.05143 ( 3)
 133 A   0.09598 0.23972 0.60508 0.05922 ( 3)
 134 W   0.00005 0.76979 0.04000 0.19017 ( 2)
 135 N   0.84350 0.06435 0.07626 0.01590 ( 1)
 136 F   0.53822 0.20295 0.20868 0.05014 ( 1)
 137 S   0.11148 0.20844 0.62859 0.05149 ( 3)
 138 S   0.06322 0.64768 0.12910 0.16000 ( 2)
 139 G   0.24630 0.53743 0.08351 0.13276 ( 2)
 140 N   0.81878 0.11155 0.04211 0.02756 ( 1)
 141 E   0.85809 0.08494 0.03599 0.02098 ( 1)
 142 V   0.73468 0.18212 0.03820 0.04499 ( 1)
 143 Y   0.75205 0.15751 0.05153 0.03891 ( 1)
 144 I   0.95567 0.00911 0.03296 0.00225 ( 1)
 145 D   0.84145 0.07192 0.06887 0.01777 ( 1)
 146 R   0.95579 0.01055 0.03105 0.00261 ( 1)
 147 I   0.94382 0.01055 0.04303 0.00261 ( 1)
 148 E   0.96358 0.00234 0.03350 0.00058 ( 1)
 149 F   0.97061 0.00246 0.02632 0.00061 ( 1)
 150 V   0.86568 0.04607 0.07687 0.01138 ( 1)
 151 P   0.93221 0.00542 0.06103 0.00134 ( 1)


lnL = -1779.208581

