Supplemental results for CODEML (seqf: algn  treef: tree)


dN/dS (w) for site classes (K=4)

site class             0        1       2a       2b
proportion       0.00000  0.00000  0.41939  0.58061
background w     0.06205  1.00000  0.06205  1.00000
foreground w     0.06205  1.00000  1.00000  1.00000

Naive Empirical Bayes (NEB) probabilities for 4 classes
(amino acids refer to 1st sequence: BT_Cry1Na1)

   1 -   0.00000 0.00000 0.58494 0.41506 ( 3)
   2 I   0.00000 0.00000 0.03015 0.96984 ( 4)
   3 I   0.00000 0.00000 0.99800 0.00200 ( 3)
   4 T   0.00000 0.00000 0.95553 0.04447 ( 3)
   5 Q   0.00000 0.00000 0.99995 0.00005 ( 3)
   6 I   0.00000 0.00000 0.99770 0.00230 ( 3)
   7 P   0.00000 0.00000 0.99897 0.00103 ( 3)
   8 L   0.00000 0.00000 0.93649 0.06351 ( 3)
   9 V   0.00000 0.00000 0.99886 0.00114 ( 3)
  10 K   0.00000 0.00000 0.99977 0.00022 ( 3)
  11 A   0.00000 0.00000 0.41814 0.58185 ( 4)
  12 Y   0.00000 0.00000 0.53289 0.46711 ( 3)
  13 Q   0.00000 0.00000 0.00000 1.00000 ( 4)
  14 I   0.00000 0.00000 0.84238 0.15762 ( 3)
  15 G   0.00000 0.00000 0.00087 0.99913 ( 4)
  16 S   0.00000 0.00000 0.00073 0.99927 ( 4)
  17 G   0.00000 0.00000 0.90766 0.09233 ( 3)
  18 T   0.00000 0.00000 0.66043 0.33956 ( 3)
  19 T   0.00000 0.00000 0.28021 0.71979 ( 4)
  20 V   0.00000 0.00000 0.98750 0.01250 ( 3)
  21 R   0.00000 0.00000 0.72351 0.27649 ( 3)
  22 K   0.00000 0.00000 0.01596 0.98404 ( 4)
  23 G   0.00000 0.00000 0.99435 0.00564 ( 3)
  24 P   0.00000 0.00000 0.99795 0.00205 ( 3)
  25 G   0.00000 0.00000 0.99825 0.00175 ( 3)
  26 F   0.00000 0.00000 0.08200 0.91800 ( 4)
  27 T   0.00000 0.00000 0.99888 0.00112 ( 3)
  28 G   0.00000 0.00000 0.99983 0.00017 ( 3)
  29 G   0.00000 0.00000 0.99966 0.00034 ( 3)
  30 D   0.00000 0.00000 0.99620 0.00379 ( 3)
  31 I   0.00000 0.00000 0.87805 0.12195 ( 3)
  32 L   0.00000 0.00000 0.94123 0.05877 ( 3)
  33 R   0.00000 0.00000 0.00412 0.99588 ( 4)
  34 R   0.00000 0.00000 0.46644 0.53356 ( 4)
  35 T   0.00000 0.00000 0.00004 0.99996 ( 4)
  36 G   0.00000 0.00000 0.00074 0.99926 ( 4)
  37 P   0.00000 0.00000 0.05934 0.94065 ( 4)
  38 G   0.00000 0.00000 0.99636 0.00364 ( 3)
  39 T   0.00000 0.00000 0.01069 0.98931 ( 4)
  40 -   0.00000 0.00000 0.44134 0.55866 ( 4)
  41 F   0.00000 0.00000 0.04534 0.95466 ( 4)
  42 G   0.00000 0.00000 0.91971 0.08029 ( 3)
  43 D   0.00000 0.00000 0.00061 0.99938 ( 4)
  44 M   0.00000 0.00000 0.85515 0.14485 ( 3)
  45 R   0.00000 0.00000 0.00003 0.99997 ( 4)
  46 I   0.00000 0.00000 0.08809 0.91190 ( 4)
  47 N   0.00000 0.00000 0.00017 0.99983 ( 4)
  48 I   0.00000 0.00000 0.07097 0.92903 ( 4)
  49 N   0.00000 0.00000 0.74550 0.25450 ( 3)
  50 A   0.00000 0.00000 0.00047 0.99952 ( 4)
  51 P   0.00000 0.00000 0.37977 0.62023 ( 4)
  52 L   0.00000 0.00000 0.00046 0.99954 ( 4)
  53 S   0.00000 0.00000 0.00084 0.99916 ( 4)
  54 Q   0.00000 0.00000 0.00191 0.99808 ( 4)
  55 -   0.00000 0.00000 0.93551 0.06449 ( 3)
  56 -   0.00000 0.00000 0.46964 0.53035 ( 4)
  57 -   0.00000 0.00000 0.43333 0.56666 ( 4)
  58 -   0.00000 0.00000 0.47980 0.52020 ( 4)
  59 R   0.00000 0.00000 0.00103 0.99897 ( 4)
  60 Y   0.00000 0.00000 0.99824 0.00176 ( 3)
  61 R   0.00000 0.00000 0.81976 0.18024 ( 3)
  62 V   0.00000 0.00000 0.86098 0.13902 ( 3)
  63 R   0.00000 0.00000 0.99855 0.00145 ( 3)
  64 I   0.00000 0.00000 0.99502 0.00498 ( 3)
  65 R   0.00000 0.00000 0.99970 0.00029 ( 3)
  66 Y   0.00000 0.00000 0.99991 0.00008 ( 3)
  67 A   0.00000 0.00000 0.99963 0.00037 ( 3)
  68 S   0.00000 0.00000 0.00326 0.99674 ( 4)
  69 T   0.00000 0.00000 0.84601 0.15399 ( 3)
  70 T   0.00000 0.00000 0.11014 0.88986 ( 4)
  71 D   0.00000 0.00000 0.00054 0.99946 ( 4)
  72 L   0.00000 0.00000 0.62146 0.37854 ( 3)
  73 Q   0.00000 0.00000 0.03451 0.96549 ( 4)
  74 F   0.00000 0.00000 0.81801 0.18199 ( 3)
  75 V   0.00000 0.00000 0.00008 0.99991 ( 4)
  76 T   0.00000 0.00000 0.78359 0.21641 ( 3)
  77 S   0.00000 0.00000 0.00020 0.99980 ( 4)
  78 I   0.00000 0.00000 0.06409 0.93591 ( 4)
  79 -   0.00000 0.00000 0.41939 0.58061 ( 4)
  80 N   0.00000 0.00000 0.08355 0.91645 ( 4)
  81 G   0.00000 0.00000 0.02005 0.97995 ( 4)
  82 T   0.00000 0.00000 0.00010 0.99989 ( 4)
  83 T   0.00000 0.00000 0.03885 0.96115 ( 4)
  84 I   0.00000 0.00000 0.69802 0.30198 ( 3)
  85 N   0.00000 0.00000 0.00061 0.99938 ( 4)
  86 I   0.00000 0.00000 0.01020 0.98980 ( 4)
  87 G   0.00000 0.00000 0.85052 0.14947 ( 3)
  88 N   0.00000 0.00000 0.00773 0.99227 ( 4)
  89 F   0.00000 0.00000 0.00417 0.99583 ( 4)
  90 P   0.00000 0.00000 0.30064 0.69936 ( 4)
  91 K   0.00000 0.00000 0.02799 0.97201 ( 4)
  92 T   0.00000 0.00000 0.99815 0.00185 ( 3)
  93 I   0.00000 0.00000 0.00016 0.99983 ( 4)
  94 N   0.00000 0.00000 0.00598 0.99402 ( 4)
  95 N   0.00000 0.00000 0.62077 0.37922 ( 3)
  96 L   0.00000 0.00000 0.03187 0.96812 ( 4)
  97 -   0.00000 0.00000 0.49852 0.50148 ( 4)
  98 -   0.00000 0.00000 0.49852 0.50148 ( 4)
  99 -   0.00000 0.00000 0.48879 0.51121 ( 4)
 100 -   0.00000 0.00000 0.48879 0.51121 ( 4)
 101 -   0.00000 0.00000 0.46179 0.53821 ( 4)
 102 N   0.00000 0.00000 0.28486 0.71514 ( 4)
 103 T   0.00000 0.00000 0.61186 0.38814 ( 3)
 104 L   0.00000 0.00000 0.99654 0.00346 ( 3)
 105 G   0.00000 0.00000 0.02920 0.97080 ( 4)
 106 S   0.00000 0.00000 0.99785 0.00214 ( 3)
 107 E   0.00000 0.00000 0.65179 0.34821 ( 3)
 108 G   0.00000 0.00000 0.02032 0.97967 ( 4)
 109 Y   0.00000 0.00000 0.99911 0.00089 ( 3)
 110 R   0.00000 0.00000 0.02925 0.97075 ( 4)
 111 T   0.00000 0.00000 0.94262 0.05738 ( 3)
 112 V   0.00000 0.00000 0.05091 0.94909 ( 4)
 113 S   0.00000 0.00000 0.00936 0.99064 ( 4)
 114 F   0.00000 0.00000 0.00988 0.99012 ( 4)
 115 S   0.00000 0.00000 0.00078 0.99922 ( 4)
 116 T   0.00000 0.00000 0.00304 0.99696 ( 4)
 117 P   0.00000 0.00000 0.00298 0.99702 ( 4)
 118 F   0.00000 0.00000 0.00283 0.99716 ( 4)
 119 S   0.00000 0.00000 0.00091 0.99909 ( 4)
 120 F   0.00000 0.00000 0.00004 0.99996 ( 4)
 121 S   0.00000 0.00000 0.00003 0.99997 ( 4)
 122 N   0.00000 0.00000 0.00033 0.99967 ( 4)
 123 A   0.00000 0.00000 0.94185 0.05815 ( 3)
 124 Q   0.00000 0.00000 0.38190 0.61810 ( 4)
 125 S   0.00000 0.00000 0.00180 0.99820 ( 4)
 126 -   0.00000 0.00000 0.33148 0.66852 ( 4)
 127 -   0.00000 0.00000 0.04677 0.95323 ( 4)
 128 -   0.00000 0.00000 0.00215 0.99785 ( 4)
 129 -   0.00000 0.00000 0.05819 0.94181 ( 4)
 130 I   0.00000 0.00000 0.00339 0.99661 ( 4)
 131 F   0.00000 0.00000 0.04048 0.95952 ( 4)
 132 R   0.00000 0.00000 0.00035 0.99964 ( 4)
 133 L   0.00000 0.00000 0.85638 0.14362 ( 3)
 134 G   0.00000 0.00000 0.00001 0.99999 ( 4)
 135 I   0.00000 0.00000 0.02332 0.97668 ( 4)
 136 Q   0.00000 0.00000 0.14613 0.85387 ( 4)
 137 A   0.00000 0.00000 0.00654 0.99346 ( 4)
 138 F   0.00000 0.00000 0.02203 0.97797 ( 4)
 139 S   0.00000 0.00000 0.00001 0.99999 ( 4)
 140 G   0.00000 0.00000 0.00473 0.99526 ( 4)
 141 V   0.00000 0.00000 0.03584 0.96415 ( 4)
 142 Q   0.00000 0.00000 0.07236 0.92764 ( 4)
 143 E   0.00000 0.00000 0.01277 0.98723 ( 4)
 144 V   0.00000 0.00000 0.80997 0.19003 ( 3)
 145 Y   0.00000 0.00000 0.01360 0.98640 ( 4)
 146 V   0.00000 0.00000 0.98725 0.01275 ( 3)
 147 D   0.00000 0.00000 0.99989 0.00011 ( 3)
 148 K   0.00000 0.00000 0.97531 0.02469 ( 3)
 149 I   0.00000 0.00000 0.99808 0.00191 ( 3)
 150 E   0.00000 0.00000 0.99993 0.00007 ( 3)
 151 F   0.00000 0.00000 0.99995 0.00005 ( 3)
 152 I   0.00000 0.00000 0.08243 0.91757 ( 4)
 153 P   0.00000 0.00000 0.99436 0.00564 ( 3)


lnL = -2669.058595

