Supplemental results for CODEML (seqf: algn  treef: tree)


dN/dS (w) for site classes (K=4)

site class             0        1       2a       2b
proportion       0.35444  0.51795  0.05185  0.07576
background w     0.08752  1.00000  0.08752  1.00000
foreground w     0.08752  1.00000  1.00000  1.00000

Naive Empirical Bayes (NEB) probabilities for 4 classes
(amino acids refer to 1st sequence: BT_Cry40Aa1)

   1 S   0.54126 0.33113 0.07917 0.04844 ( 1)
   2 L   0.12875 0.74364 0.01883 0.10878 ( 2)
   3 G   0.00005 0.87234 0.00001 0.12760 ( 2)
   4 G   0.06387 0.80889 0.00891 0.11832 ( 2)
   5 I   0.13604 0.73744 0.01865 0.10787 ( 2)
   6 N   0.00048 0.87191 0.00007 0.12754 ( 2)
   7 T   0.00048 0.87192 0.00007 0.12754 ( 2)
   8 L   0.30718 0.56773 0.04204 0.08305 ( 2)
   9 F   0.00410 0.86315 0.00649 0.12626 ( 2)
  10 S   0.03704 0.83551 0.00523 0.12222 ( 2)
  11 I   0.16110 0.71261 0.02205 0.10424 ( 2)
  12 I   0.66911 0.20878 0.09157 0.03054 ( 1)
  13 G   0.00000 0.87238 0.00000 0.12761 ( 2)
  14 K   0.12237 0.75096 0.01682 0.10985 ( 2)
  15 L   0.73359 0.13947 0.10654 0.02040 ( 1)
  16 I   0.62772 0.24968 0.08608 0.03652 ( 1)
  17 P   0.75656 0.11783 0.10837 0.01724 ( 1)
  18 T   0.45850 0.41682 0.06371 0.06097 ( 1)
  19 N   0.10043 0.77260 0.01396 0.11301 ( 2)
  20 H   0.08916 0.78381 0.01237 0.11465 ( 2)
  21 Q   0.05260 0.82007 0.00737 0.11996 ( 2)
  22 S   0.00616 0.86627 0.00086 0.12672 ( 2)
  23 V   0.19547 0.67765 0.02776 0.09912 ( 2)
  24 S   0.06954 0.80333 0.00963 0.11751 ( 2)
  25 A   0.07971 0.79323 0.01103 0.11603 ( 2)
  26 L   0.82830 0.04936 0.11512 0.00722 ( 1)
  27 S   0.82789 0.04978 0.11504 0.00728 ( 1)
  28 I   0.85768 0.02176 0.11737 0.00318 ( 1)
  29 C   0.82083 0.05670 0.11418 0.00829 ( 1)
  30 D   0.86985 0.01092 0.11763 0.00160 ( 1)
  31 L   0.79118 0.08539 0.11094 0.01249 ( 1)
  32 L   0.24494 0.31823 0.39028 0.04655 ( 3)
  33 S   0.82448 0.05317 0.11457 0.00778 ( 1)
  34 I   0.85768 0.02176 0.11737 0.00318 ( 1)
  35 I   0.85491 0.02430 0.11723 0.00355 ( 1)
  36 R   0.76747 0.10846 0.10820 0.01587 ( 1)
  37 K   0.60634 0.27070 0.08336 0.03960 ( 1)
  38 E   0.77932 0.09681 0.10970 0.01416 ( 1)
  39 V   0.59465 0.28212 0.08196 0.04127 ( 1)
  40 A   0.02195 0.85051 0.00313 0.12441 ( 2)
  41 D   0.06489 0.80782 0.00913 0.11816 ( 2)
  42 S   0.52053 0.35283 0.07503 0.05161 ( 1)
  43 V   0.11259 0.76022 0.01599 0.11120 ( 2)
  44 L   0.79118 0.08539 0.11094 0.01249 ( 1)
  45 S   0.01467 0.85783 0.00202 0.12548 ( 2)
  46 D   0.00273 0.86966 0.00039 0.12721 ( 2)
  47 A   0.00167 0.87073 0.00024 0.12737 ( 2)
  48 I   0.00092 0.87148 0.00013 0.12748 ( 2)
  49 C   0.00059 0.87180 0.00008 0.12752 ( 2)
  50 R   0.05936 0.81360 0.00803 0.11901 ( 2)
  51 F   0.86271 0.01713 0.11766 0.00251 ( 1)
  52 L   0.35444 0.51795 0.05185 0.07576 ( 2)
  53 D   0.00356 0.86431 0.00571 0.12643 ( 2)
  54 G   0.83265 0.04519 0.11555 0.00661 ( 1)
  55 K   0.00686 0.86558 0.00094 0.12662 ( 2)
  56 L   0.02973 0.84287 0.00411 0.12329 ( 2)
  57 K   0.00032 0.87208 0.00004 0.12756 ( 2)
  58 N   0.01455 0.85794 0.00201 0.12550 ( 2)
  59 Y   0.56185 0.31448 0.07767 0.04600 ( 1)
  60 R   0.00001 0.87237 0.00001 0.12761 ( 2)
  61 E   0.00003 0.87236 0.00000 0.12761 ( 2)
  62 Y   0.83964 0.03863 0.11607 0.00565 ( 1)
  63 Y   0.83964 0.03863 0.11607 0.00565 ( 1)
  64 L   0.82830 0.04936 0.11512 0.00722 ( 1)
  65 P   0.00000 0.87239 0.00000 0.12761 ( 2)
  66 Y   0.08513 0.78785 0.01178 0.11524 ( 2)
  67 L   0.82830 0.04936 0.11512 0.00722 ( 1)
  68 E   0.00017 0.87222 0.00002 0.12759 ( 2)
  69 A   0.00001 0.87238 0.00000 0.12761 ( 2)
  70 W   0.63004 0.24401 0.09026 0.03569 ( 1)
  71 L   0.82830 0.04936 0.11512 0.00722 ( 1)
  72 K   0.00000 0.87239 0.00000 0.12761 ( 2)
  73 D   0.00048 0.87191 0.00007 0.12754 ( 2)
  74 G   0.01343 0.85906 0.00185 0.12566 ( 2)
  75 K   0.00059 0.87181 0.00008 0.12753 ( 2)
  76 P   0.74764 0.12475 0.10936 0.01825 ( 1)
  77 L   0.03061 0.84178 0.00448 0.12313 ( 2)
  78 Q   0.01494 0.85744 0.00219 0.12542 ( 2)
  79 K   0.00826 0.86412 0.00121 0.12640 ( 2)
  80 T   0.42602 0.44637 0.06232 0.06529 ( 2)
  81 N   0.02547 0.84716 0.00345 0.12392 ( 2)
  82 N   0.00013 0.87226 0.00002 0.12759 ( 2)
  83 S   0.00000 0.87239 0.00000 0.12761 ( 2)
  84 D   0.00000 0.87239 0.00000 0.12761 ( 2)
  85 I   0.39721 0.47771 0.05521 0.06988 ( 2)
  86 G   0.00000 0.87239 0.00000 0.12761 ( 2)
  87 Q   0.00132 0.87107 0.00019 0.12742 ( 2)
  88 L   0.51583 0.36036 0.07110 0.05271 ( 1)
  89 V   0.12754 0.74580 0.01757 0.10909 ( 2)
  90 K   0.00000 0.87239 0.00000 0.12761 ( 2)
  91 Y   0.00555 0.86685 0.00079 0.12680 ( 2)
  92 F   0.65391 0.22031 0.09354 0.03223 ( 1)
  93 E   0.00102 0.87138 0.00014 0.12746 ( 2)
  94 L   0.00000 0.87239 0.00000 0.12761 ( 2)
  95 S   0.00267 0.86972 0.00038 0.12722 ( 2)
  96 E   0.61386 0.26332 0.08429 0.03852 ( 1)
  97 R   0.00059 0.87181 0.00008 0.12753 ( 2)
  98 D   0.00145 0.87095 0.00020 0.12740 ( 2)
  99 F   0.66204 0.21221 0.09471 0.03104 ( 1)
 100 N   0.23547 0.63851 0.03262 0.09340 ( 2)
 101 E   0.00646 0.86597 0.00089 0.12667 ( 2)
 102 I   0.48743 0.38806 0.06774 0.05676 ( 1)
 103 L   0.30234 0.57164 0.04239 0.08362 ( 2)
 104 G   0.00005 0.87234 0.00001 0.12760 ( 2)
 105 G   0.68963 0.18500 0.09830 0.02706 ( 1)
 106 S   0.03373 0.83881 0.00476 0.12270 ( 2)
 107 L   0.78539 0.09115 0.11012 0.01333 ( 1)
 108 A   0.24383 0.62964 0.03443 0.09210 ( 2)
 109 R   0.07481 0.79803 0.01042 0.11673 ( 2)
 110 N   0.00002 0.87237 0.00000 0.12761 ( 2)
 111 N   0.47073 0.40527 0.06472 0.05928 ( 1)
 112 A   0.53628 0.33983 0.07417 0.04971 ( 1)
 113 Q   0.07410 0.79886 0.01018 0.11686 ( 2)
 114 I   0.59066 0.28658 0.08083 0.04192 ( 1)
 115 L   0.75538 0.12101 0.10591 0.01770 ( 1)
 116 L   0.79118 0.08539 0.11094 0.01249 ( 1)
 117 L   0.73716 0.13792 0.10474 0.02018 ( 1)
 118 P   0.79761 0.07903 0.11180 0.01156 ( 1)
 119 Y   0.06224 0.81036 0.00886 0.11854 ( 2)
 120 F   0.12632 0.74696 0.01746 0.10926 ( 2)
 121 C   0.00002 0.87237 0.00000 0.12761 ( 2)
 122 A   0.05970 0.81301 0.00836 0.11892 ( 2)
 123 S   0.00813 0.86431 0.00112 0.12643 ( 2)
 124 C   0.09174 0.78127 0.01270 0.11428 ( 2)
 125 K   0.75546 0.12408 0.10231 0.01815 ( 1)
 126 C   0.00021 0.87218 0.00003 0.12758 ( 2)
 127 Q   0.43176 0.44396 0.05934 0.06494 ( 2)
 128 L   0.79118 0.08539 0.11094 0.01249 ( 1)
 129 L   0.79118 0.08539 0.11094 0.01249 ( 1)
 130 L   0.75415 0.12159 0.10647 0.01779 ( 1)
 131 L   0.79118 0.08539 0.11094 0.01249 ( 1)
 132 R   0.71484 0.16020 0.10152 0.02343 ( 1)
 133 D   0.85928 0.01596 0.12243 0.00233 ( 1)
 134 A   0.02097 0.85157 0.00290 0.12456 ( 2)
 135 V   0.84678 0.03193 0.11662 0.00467 ( 1)
 136 Q   0.41986 0.45572 0.05776 0.06666 ( 2)
 137 Y   0.83964 0.03863 0.11607 0.00565 ( 1)
 138 E   0.60967 0.26740 0.08382 0.03911 ( 1)
 139 E   0.00005 0.87234 0.00001 0.12760 ( 2)
 140 Q   0.00095 0.87145 0.00013 0.12747 ( 2)
 141 W   0.63004 0.24401 0.09026 0.03569 ( 1)
 142 F   0.00012 0.87227 0.00002 0.12759 ( 2)
 143 P   0.00000 0.87239 0.00000 0.12761 ( 2)
 144 F   0.00031 0.87208 0.00004 0.12757 ( 2)
 145 L   0.03090 0.84168 0.00430 0.12312 ( 2)
 146 S   0.00236 0.87004 0.00033 0.12727 ( 2)
 147 A   0.00197 0.87042 0.00028 0.12732 ( 2)
 148 E   0.04929 0.82327 0.00701 0.12043 ( 2)
 149 N   0.02221 0.85033 0.00307 0.12438 ( 2)
 150 V   0.08070 0.79211 0.01132 0.11587 ( 2)
 151 R   0.07628 0.79636 0.01087 0.11649 ( 2)
 152 S   0.63684 0.23838 0.08992 0.03487 ( 1)
 153 E   0.58045 0.29381 0.08276 0.04298 ( 1)
 154 L   0.72138 0.15101 0.10552 0.02209 ( 1)
 155 I   0.82824 0.04415 0.12115 0.00646 ( 1)
 156 S   0.70217 0.17022 0.10271 0.02490 ( 1)
 157 P   0.75079 0.12160 0.10982 0.01779 ( 1)
 158 N   0.38844 0.48394 0.05682 0.07079 ( 2)
 159 S   0.43288 0.43951 0.06332 0.06429 ( 2)
 160 G   0.42475 0.44764 0.06213 0.06548 ( 2)
 161 C   0.42182 0.45057 0.06170 0.06591 ( 2)
 162 D   0.45691 0.41548 0.06684 0.06077 ( 1)
 163 F   0.44676 0.42562 0.06535 0.06226 ( 1)
 164 T   0.03492 0.83768 0.00487 0.12253 ( 2)
 165 G   0.00009 0.87230 0.00001 0.12760 ( 2)
 166 D   0.86985 0.01092 0.11763 0.00160 ( 1)
 167 Y   0.44481 0.43035 0.06190 0.06295 ( 1)
 168 Y   0.00033 0.87206 0.00005 0.12756 ( 2)
 169 E   0.03550 0.83706 0.00500 0.12244 ( 2)
 170 R   0.07988 0.79267 0.01150 0.11595 ( 2)
 171 L   0.34347 0.53074 0.04816 0.07763 ( 2)
 172 K   0.85029 0.02863 0.11690 0.00419 ( 1)
 173 C   0.00070 0.87169 0.00010 0.12751 ( 2)
 174 K   0.00997 0.86250 0.00137 0.12616 ( 2)
 175 I   0.00261 0.86980 0.00036 0.12723 ( 2)
 176 A   0.10935 0.76386 0.01506 0.11174 ( 2)
 177 E   0.00148 0.87092 0.00021 0.12740 ( 2)
 178 Y   0.57415 0.30226 0.07937 0.04421 ( 1)
 179 T   0.00163 0.87077 0.00023 0.12737 ( 2)
 180 D   0.02852 0.84414 0.00386 0.12348 ( 2)
 181 Y   0.11378 0.75941 0.01573 0.11108 ( 2)
 182 C   0.82628 0.05129 0.11494 0.00750 ( 1)
 183 E   0.00000 0.87239 0.00000 0.12761 ( 2)
 184 Y   0.00000 0.87239 0.00000 0.12761 ( 2)
 185 W   0.63004 0.24401 0.09026 0.03569 ( 1)
 186 Y   0.83964 0.03863 0.11607 0.00565 ( 1)
 187 Q   0.02190 0.85056 0.00312 0.12442 ( 2)
 188 A   0.00014 0.87225 0.00002 0.12759 ( 2)
 189 G   0.83265 0.04519 0.11555 0.00661 ( 1)
 190 L   0.79118 0.08539 0.11094 0.01249 ( 1)
 191 N   0.26113 0.61375 0.03535 0.08978 ( 2)
 192 Q   0.67867 0.19586 0.09682 0.02865 ( 1)
 193 I   0.85768 0.02176 0.11737 0.00318 ( 1)
 194 K   0.11045 0.65211 0.14205 0.09539 ( 2)
 195 Q   0.00225 0.87014 0.00032 0.12728 ( 2)
 196 A   0.00000 0.87239 0.00000 0.12761 ( 2)
 197 G   0.75938 0.11798 0.10538 0.01726 ( 1)
 198 T   0.10697 0.76613 0.01483 0.11207 ( 2)
 199 G   0.01142 0.86105 0.00158 0.12595 ( 2)
 200 A   0.00855 0.86367 0.00144 0.12634 ( 2)
 201 D   0.00062 0.87178 0.00008 0.12752 ( 2)
 202 T   0.00006 0.87136 0.00112 0.12746 ( 2)
 203 W   0.63004 0.24401 0.09026 0.03569 ( 1)
 204 A   0.00001 0.87236 0.00002 0.12761 ( 2)
 205 K   0.85029 0.02863 0.11690 0.00419 ( 1)
 206 F   0.86271 0.01713 0.11766 0.00251 ( 1)
 207 N   0.86890 0.01172 0.11767 0.00171 ( 1)
 208 K   0.85029 0.02863 0.11690 0.00419 ( 1)
 209 F   0.85952 0.02029 0.11722 0.00297 ( 1)
 210 R   0.76462 0.11130 0.10780 0.01628 ( 1)
 211 R   0.81646 0.06088 0.11375 0.00891 ( 1)
 212 E   0.85205 0.02700 0.11700 0.00395 ( 1)
 213 M   0.84351 0.03483 0.11656 0.00509 ( 1)
 214 T   0.69323 0.18159 0.09861 0.02656 ( 1)
 215 L   0.71246 0.16254 0.10123 0.02378 ( 1)
 216 T   0.02169 0.85077 0.00309 0.12445 ( 2)
 217 V   0.84513 0.03348 0.11649 0.00490 ( 1)
 218 L   0.70884 0.16614 0.10072 0.02430 ( 1)
 219 D   0.86985 0.01092 0.11763 0.00160 ( 1)
 220 I   0.59980 0.25689 0.10573 0.03758 ( 1)
 221 I   0.69106 0.18685 0.09476 0.02733 ( 1)
 222 A   0.55354 0.32269 0.07656 0.04720 ( 1)
 223 I   0.63064 0.24693 0.08630 0.03612 ( 1)
 224 F   0.86271 0.01713 0.11766 0.00251 ( 1)
 225 Q   0.39386 0.48060 0.05524 0.07030 ( 2)
 226 T   0.55308 0.32307 0.07659 0.04726 ( 1)


lnL = -3259.702235

