Supplemental results for CODEML (seqf: algn  treef: tree)


dN/dS (w) for site classes (K=4)

site class             0        1       2a       2b
proportion       0.05096  0.05872  0.41367  0.47664
background w     0.06181  0.55962  0.06181  0.55962
foreground w     0.06181  0.55962  0.00000  0.00000

Naive Empirical Bayes (NEB) probabilities for 4 classes
(amino acids refer to 1st sequence: BT_Cry68Aa1)

   1 P   0.02454 0.06599 0.20559 0.70387 ( 4)
   2 V   0.04467 0.04980 0.37437 0.53116 ( 4)
   3 V   0.06939 0.02647 0.58898 0.31516 ( 3)
   4 S   0.00526 0.07846 0.04428 0.87200 ( 4)
   5 Q   0.05238 0.05313 0.42881 0.46569 ( 4)
   6 L   0.09578 0.01228 0.78419 0.10776 ( 3)
   7 S   0.10505 0.00018 0.89254 0.00222 ( 3)
   8 R   0.09828 0.00903 0.80926 0.08343 ( 3)
   9 V   0.02786 0.07809 0.22739 0.66666 ( 4)
  10 I   0.10462 0.00057 0.88806 0.00676 ( 3)
  11 Y   0.10552 0.00084 0.88458 0.00906 ( 3)
  12 T   0.10372 0.00232 0.86918 0.02478 ( 3)
  13 D   0.10454 0.00064 0.88722 0.00760 ( 3)
  14 P   0.10269 0.00394 0.85376 0.03961 ( 3)
  15 V   0.09868 0.00496 0.83768 0.05868 ( 3)
  16 G   0.10541 0.00040 0.88964 0.00455 ( 3)
  17 A   0.05401 0.04055 0.45444 0.45099 ( 3)
  18 I   0.03885 0.05495 0.32504 0.58117 ( 4)
  19 R   0.00809 0.07756 0.06796 0.84638 ( 4)
  20 T   0.00399 0.08327 0.03336 0.87939 ( 4)
  21 D   0.00223 0.07543 0.01898 0.90335 ( 4)
  22 G   0.00014 0.07797 0.00121 0.92067 ( 4)
  23 -   0.05096 0.05872 0.41367 0.47664 ( 4)
  24 -   0.00237 0.08414 0.01983 0.89367 ( 4)
  25 -   0.00006 0.09778 0.00050 0.90166 ( 4)
  26 -   0.00180 0.08801 0.01499 0.89519 ( 4)
  27 R   0.00010 0.08639 0.00081 0.91271 ( 4)
  28 G   0.02065 0.06198 0.17540 0.74197 ( 4)
  29 W   0.08403 0.02347 0.68761 0.20489 ( 3)
  30 F   0.10564 0.00045 0.88885 0.00506 ( 3)
  31 D   0.00022 0.10117 0.00181 0.89680 ( 4)
  32 P   0.08723 0.02246 0.70799 0.18232 ( 3)
  33 P   0.00247 0.10722 0.02007 0.87025 ( 4)
  34 V   0.06009 0.04959 0.48777 0.40254 ( 3)
  35 G   0.00001 0.08275 0.00005 0.91719 ( 4)
  36 T   0.00006 0.08078 0.00049 0.91867 ( 4)
  37 D   0.10153 0.00265 0.86376 0.03205 ( 3)
  38 R   0.05244 0.05725 0.42563 0.46468 ( 4)
  39 I   0.05549 0.05419 0.45043 0.43988 ( 3)
  40 R   0.00015 0.08636 0.00130 0.91219 ( 4)
  41 V   0.10078 0.00363 0.85334 0.04224 ( 3)
  42 N   0.07000 0.02558 0.59554 0.30888 ( 3)
  43 F   0.10767 0.00123 0.88041 0.01069 ( 3)
  44 A   0.00093 0.09265 0.00767 0.89875 ( 4)
  45 S   0.00027 0.07837 0.00232 0.91903 ( 4)
  46 I   0.08156 0.02340 0.67356 0.22148 ( 3)
  47 E   0.10549 0.00088 0.88414 0.00949 ( 3)
  48 N   0.09906 0.00453 0.84235 0.05405 ( 3)
  49 E   0.00464 0.08296 0.03884 0.87355 ( 4)
  50 I   0.10540 0.00068 0.88645 0.00747 ( 3)
  51 P   0.10473 0.00141 0.87856 0.01530 ( 3)
  52 A   0.00039 0.07711 0.00333 0.91917 ( 4)
  53 P   0.09637 0.00805 0.80840 0.08719 ( 3)
  54 T   0.00121 0.08534 0.01015 0.90330 ( 4)
  55 T   0.00341 0.09975 0.02790 0.86894 ( 4)
  56 S   0.03908 0.05335 0.32803 0.57954 ( 4)
  57 R   0.00381 0.09941 0.03113 0.86565 ( 4)
  58 H   0.03759 0.05334 0.31624 0.59283 ( 4)
  59 L   0.09597 0.01066 0.79256 0.10081 ( 3)
  60 S   0.00384 0.07397 0.03265 0.88955 ( 4)
  61 E   0.01284 0.06736 0.10928 0.81052 ( 4)
  62 L   0.00553 0.08345 0.04616 0.86486 ( 4)
  63 T   0.00000 0.07931 0.00003 0.92065 ( 4)
  64 I   0.09618 0.00789 0.80896 0.08696 ( 3)
  65 S   0.05045 0.04443 0.42342 0.48170 ( 4)
  66 S   0.00340 0.07621 0.02885 0.89154 ( 4)
  67 G   0.10232 0.00277 0.86342 0.03148 ( 3)
  68 P   0.00498 0.09032 0.04120 0.86349 ( 4)
  69 L   0.10560 0.00078 0.88516 0.00845 ( 3)
  70 G   0.00129 0.08505 0.01077 0.90289 ( 4)
  71 F   0.01782 0.08552 0.14589 0.75077 ( 4)
  72 G   0.02106 0.08261 0.17255 0.72377 ( 4)
  73 I   0.04942 0.04233 0.41819 0.49005 ( 4)
  74 N   0.00977 0.08245 0.08133 0.82646 ( 4)
  75 P   0.10511 0.00190 0.87388 0.01912 ( 3)
  76 S   0.00012 0.30778 0.00003 0.69207 ( 4)
  77 -   0.01906 0.06494 0.16158 0.75443 ( 4)
  78 -   0.03593 0.05155 0.30477 0.60774 ( 4)
  79 R   0.10440 0.00180 0.87458 0.01922 ( 3)
  80 T   0.08301 0.02384 0.68083 0.21231 ( 3)
  81 H   0.00775 0.08907 0.06402 0.83916 ( 4)
  82 S   0.00204 0.08476 0.01708 0.89612 ( 4)
  83 W   0.08403 0.02347 0.68761 0.20489 ( 3)
  84 Q   0.02063 0.06865 0.17290 0.73783 ( 4)
  85 G   0.10181 0.00517 0.84329 0.04973 ( 3)
  86 N   0.10129 0.00370 0.85420 0.04080 ( 3)
  87 R   0.00055 0.09892 0.00452 0.89600 ( 4)
  88 N   0.10223 0.00252 0.86567 0.02958 ( 3)
  89 V   0.00226 0.09300 0.01871 0.88603 ( 4)
  90 N   0.04622 0.04406 0.39229 0.51743 ( 4)
  91 I   0.00017 0.10560 0.00138 0.89285 ( 4)
  92 S   0.00005 0.08503 0.00042 0.91450 ( 4)
  93 A   0.03412 0.05396 0.28886 0.62307 ( 4)
  94 P   0.00082 0.07719 0.00700 0.91498 ( 4)
  95 T   0.00023 0.09399 0.00188 0.90390 ( 4)
  96 D   0.03883 0.06017 0.32133 0.57967 ( 4)
  97 V   0.00588 0.56100 0.00199 0.43114 ( 2)
  98 -   0.05395 0.03843 0.45786 0.44976 ( 3)
  99 -   0.02834 0.21820 0.07212 0.68134 ( 4)
 100 -   0.05192 0.04637 0.43248 0.46924 ( 4)
 101 -   0.05138 0.05211 0.42247 0.47405 ( 4)
 102 -   0.05420 0.04680 0.44928 0.44973 ( 4)
 103 S   0.04756 0.04830 0.39783 0.50632 ( 4)
 104 G   0.09541 0.01093 0.78911 0.10455 ( 3)
 105 V   0.00024 0.09404 0.00197 0.90375 ( 4)
 106 I   0.00071 0.08396 0.00595 0.90938 ( 4)
 107 S   0.08602 0.02095 0.70581 0.18722 ( 3)
 108 N   0.07328 0.52109 0.00324 0.40239 ( 2)
 109 R   0.00005 0.13137 0.00037 0.86822 ( 4)
 110 T   0.00026 0.08583 0.00222 0.91169 ( 4)
 111 Q   0.01106 0.08439 0.09154 0.81301 ( 4)
 112 T   0.08712 0.01374 0.73856 0.16058 ( 3)
 113 I   0.10106 0.00319 0.85791 0.03783 ( 3)
 114 P   0.00183 0.09435 0.01508 0.88875 ( 4)
 115 A   0.09629 0.01166 0.78901 0.10305 ( 3)
 116 R   0.00593 0.09381 0.04878 0.85147 ( 4)
 117 N   0.07848 0.01949 0.66767 0.23436 ( 3)
 118 I   0.10562 0.00050 0.88832 0.00555 ( 3)
 119 F   0.10251 0.00290 0.86241 0.03218 ( 3)
 120 R   0.10538 0.00101 0.88277 0.01084 ( 3)
 121 V   0.08044 0.24051 0.09262 0.58642 ( 4)
 122 N   0.08221 0.01705 0.69773 0.20301 ( 3)
 123 S   0.10057 0.00466 0.84405 0.05072 ( 3)
 124 R   0.00333 0.09115 0.02757 0.87795 ( 4)
 125 V   0.10101 0.00368 0.85341 0.04191 ( 3)
 126 Y   0.00084 0.08488 0.00707 0.90721 ( 4)
 127 T   0.09903 0.00448 0.84247 0.05403 ( 3)
 128 L   0.10082 0.00636 0.83260 0.06022 ( 3)
 129 D   0.10267 0.00182 0.87348 0.02202 ( 3)
 130 W   0.00003 0.07835 0.00021 0.92141 ( 4)
 131 R   0.05539 0.05146 0.45234 0.44082 ( 3)
 132 L   0.00109 0.08481 0.00911 0.90500 ( 4)
 133 Y   0.04896 0.04620 0.41024 0.49460 ( 4)
 134 G   0.10482 0.00191 0.87372 0.01955 ( 3)
 135 V   0.10732 0.00058 0.88662 0.00547 ( 3)
 136 Y   0.00544 0.07881 0.04589 0.86986 ( 4)
 137 R   0.09067 0.01589 0.74665 0.14679 ( 3)
 138 A   0.10673 0.00044 0.88840 0.00442 ( 3)
 139 E   0.04982 0.04640 0.41658 0.48720 ( 4)
 140 F   0.10564 0.00045 0.88885 0.00506 ( 3)
 141 F   0.04138 0.05215 0.34683 0.55964 ( 4)
 142 Q   0.09165 0.01155 0.76994 0.12687 ( 3)
 143 D   0.00087 0.07709 0.00735 0.91470 ( 4)
 144 A   0.06216 0.03821 0.51737 0.38226 ( 3)
 145 S   0.10153 0.00276 0.86260 0.03311 ( 3)
 146 Q   0.07080 0.02885 0.59301 0.30733 ( 3)
 147 N   0.00327 0.07844 0.02762 0.89067 ( 4)
 148 S   0.10431 0.00170 0.87548 0.01851 ( 3)
 149 Q   0.01703 0.07920 0.14094 0.76283 ( 4)
 150 I   0.00000 0.08557 0.00003 0.91440 ( 4)
 151 R   0.00087 0.10307 0.00714 0.88892 ( 4)
 152 V   0.08988 0.01750 0.73703 0.15559 ( 3)
 153 F   0.06908 0.03896 0.56314 0.32883 ( 3)
 154 A   0.00005 0.09292 0.00037 0.90667 ( 4)
 155 E   0.00282 0.09899 0.02312 0.87508 ( 4)
 156 N   0.06564 0.58200 0.00270 0.34966 ( 2)
 157 P   0.01025 0.07070 0.08697 0.83209 ( 4)
 158 P   0.00043 0.09571 0.00357 0.90029 ( 4)
 159 T   0.08484 0.01748 0.71101 0.18667 ( 3)
 160 G   0.01785 0.06676 0.15106 0.76433 ( 4)
 161 A   0.00193 0.09678 0.01587 0.88542 ( 4)
 162 -   0.00050 0.08350 0.00418 0.91183 ( 4)
 163 -   0.00602 0.07353 0.05107 0.86938 ( 4)
 164 G   0.00586 0.09199 0.04850 0.85364 ( 4)
 165 A   0.00494 0.08069 0.04148 0.87289 ( 4)
 166 Q   0.00003 0.08682 0.00021 0.91294 ( 4)
 167 S   0.00007 0.07994 0.00057 0.91943 ( 4)
 168 A   0.00001 0.09755 0.00006 0.90238 ( 4)
 169 N   0.10466 0.00038 0.89039 0.00457 ( 3)
 170 N   0.00132 0.07704 0.01118 0.91046 ( 4)
 171 F   0.00004 0.09244 0.00035 0.90716 ( 4)
 172 R   0.06249 0.03207 0.52979 0.37565 ( 3)
 173 F   0.09968 0.00559 0.83504 0.05970 ( 3)
 174 L   0.00218 0.12003 0.01471 0.86308 ( 4)
 175 P   0.10184 0.00371 0.85426 0.04019 ( 3)
 176 G   0.10482 0.00191 0.87372 0.01955 ( 3)
 177 E   0.10549 0.00088 0.88414 0.00949 ( 3)
 178 N   0.07653 0.02083 0.65108 0.25156 ( 3)
 179 S   0.09244 0.01327 0.76560 0.12869 ( 3)
 180 D   0.00010 0.32200 0.00002 0.67788 ( 4)
 181 T   0.09327 0.01493 0.76252 0.12928 ( 3)
 182 P   0.10446 0.00245 0.86848 0.02461 ( 3)
 183 T   0.10433 0.00087 0.88464 0.01016 ( 3)
 184 P   0.10211 0.00443 0.84899 0.04447 ( 3)
 185 Q   0.00221 0.08403 0.01854 0.89522 ( 4)
 186 D   0.10805 0.00065 0.88553 0.00577 ( 3)
 187 Y   0.10552 0.00084 0.88458 0.00906 ( 3)
 188 T   0.10479 0.00052 0.88863 0.00606 ( 3)
 189 H   0.10492 0.00114 0.88146 0.01248 ( 3)
 190 L   0.00667 0.12066 0.05397 0.81870 ( 4)
 191 L   0.10028 0.00684 0.82816 0.06472 ( 3)
 192 S   0.10669 0.00058 0.88724 0.00550 ( 3)
 193 R   0.00258 0.08447 0.02157 0.89138 ( 4)
 194 V   0.00054 0.08587 0.00455 0.90904 ( 4)
 195 V   0.00117 0.15855 0.00649 0.83379 ( 4)
 196 N   0.10488 0.00022 0.89229 0.00261 ( 3)
 197 A   0.00035 0.09530 0.00288 0.90148 ( 4)
 198 T   0.09322 0.01076 0.78116 0.11486 ( 3)
 199 V   0.08291 0.02010 0.69102 0.20597 ( 3)
 200 G   0.10481 0.00181 0.87464 0.01873 ( 3)
 201 L   0.10560 0.00078 0.88516 0.00845 ( 3)
 202 T   0.00572 0.08107 0.04795 0.86526 ( 4)
 203 P   0.06203 0.03994 0.51329 0.38474 ( 3)
 204 A   0.03517 0.05793 0.29424 0.61266 ( 4)
 205 T   0.00453 0.08265 0.03793 0.87489 ( 4)
 206 G   0.00003 0.15083 0.00022 0.84892 ( 4)
 207 N   0.00034 0.07712 0.00286 0.91969 ( 4)
 208 Q   0.06951 0.03502 0.57287 0.32260 ( 3)
 209 R   0.10555 0.00102 0.88261 0.01082 ( 3)
 210 N   0.00917 0.08549 0.07595 0.82939 ( 4)
 211 S   0.10548 0.00077 0.88533 0.00842 ( 3)
 212 V   0.02335 0.08889 0.18621 0.70156 ( 4)
 213 L   0.06747 0.03178 0.56451 0.33625 ( 3)
 214 I   0.01182 0.18307 0.00641 0.79870 ( 4)
 215 F   0.00502 0.08128 0.04207 0.87163 ( 4)
 216 G   0.10541 0.00040 0.88964 0.00455 ( 3)
 217 W   0.08403 0.02347 0.68761 0.20489 ( 3)
 218 K   0.09304 0.01089 0.77971 0.11636 ( 3)
 219 H   0.10568 0.00054 0.88781 0.00597 ( 3)
 220 K   0.09561 0.00852 0.80303 0.09284 ( 3)


lnL = -3290.986987

