Supplemental results for CODEML (seqf: algn  treef: tree)


dN/dS (w) for site classes (K=4)

site class             0        1       2a       2b
proportion       0.69183  0.30817  0.00000  0.00000
background w     0.15894  1.00000  0.15894  1.00000
foreground w     0.15894  1.00000  1.00000  1.00000

Naive Empirical Bayes (NEB) probabilities for 4 classes
(amino acids refer to 1st sequence: BT_Cry19Aa1)

   1 E   0.01730 0.98270 0.00000 0.00000 ( 2)
   2 V   1.00000 0.00000 0.00000 0.00000 ( 1)
   3 K   0.99999 0.00001 0.00000 0.00000 ( 1)
   4 T   0.73014 0.26986 0.00000 0.00000 ( 1)
   5 E   1.00000 0.00000 0.00000 0.00000 ( 1)
   6 L   0.99998 0.00002 0.00000 0.00000 ( 1)
   7 T   1.00000 0.00000 0.00000 0.00000 ( 1)
   8 R   1.00000 0.00000 0.00000 0.00000 ( 1)
   9 E   1.00000 0.00000 0.00000 0.00000 ( 1)
  10 I   1.00000 0.00000 0.00000 0.00000 ( 1)
  11 Y   1.00000 0.00000 0.00000 0.00000 ( 1)
  12 S   0.99132 0.00868 0.00000 0.00000 ( 1)
  13 D   0.99999 0.00001 0.00000 0.00000 ( 1)
  14 V   0.98797 0.01203 0.00000 0.00000 ( 1)
  15 I   0.99998 0.00002 0.00000 0.00000 ( 1)
  16 N   1.00000 0.00000 0.00000 0.00000 ( 1)
  17 G   0.30027 0.69973 0.00000 0.00000 ( 2)
  18 E   0.92673 0.07327 0.00000 0.00000 ( 1)
  19 I   0.00942 0.99058 0.00000 0.00000 ( 2)
  20 Y   0.05994 0.94006 0.00000 0.00000 ( 2)
  21 G   0.07345 0.92655 0.00000 0.00000 ( 2)
  22 L   0.07663 0.92337 0.00000 0.00000 ( 2)
  23 M   0.23964 0.76036 0.00000 0.00000 ( 2)
  24 -   0.80544 0.19456 0.00000 0.00000 ( 1)
  25 -   0.91832 0.08168 0.00000 0.00000 ( 1)
  26 -   0.75173 0.24827 0.00000 0.00000 ( 1)
  27 -   0.13203 0.86797 0.00000 0.00000 ( 2)
  28 -   0.90280 0.09720 0.00000 0.00000 ( 1)
  29 -   0.90280 0.09720 0.00000 0.00000 ( 1)
  30 T   0.00949 0.99051 0.00000 0.00000 ( 2)
  31 P   0.71802 0.28198 0.00000 0.00000 ( 1)
  32 Y   0.00180 0.99820 0.00000 0.00000 ( 2)
  33 F   0.00204 0.99796 0.00000 0.00000 ( 2)
  34 S   0.08310 0.91690 0.00000 0.00000 ( 2)
  35 F   0.99018 0.00982 0.00000 0.00000 ( 1)
  36 E   0.02761 0.97239 0.00000 0.00000 ( 2)
  37 K   0.04757 0.95243 0.00000 0.00000 ( 2)
  38 A   0.45272 0.54728 0.00000 0.00000 ( 2)
  39 E   1.00000 0.00000 0.00000 0.00000 ( 1)
  40 S   0.76774 0.23226 0.00000 0.00000 ( 1)
  41 L   0.96597 0.03403 0.00000 0.00000 ( 1)
  42 Y   0.99993 0.00007 0.00000 0.00000 ( 1)
  43 T   0.99739 0.00261 0.00000 0.00000 ( 1)
  44 R   0.95247 0.04753 0.00000 0.00000 ( 1)
  45 A   0.97372 0.02628 0.00000 0.00000 ( 1)
  46 P   1.00000 0.00000 0.00000 0.00000 ( 1)
  47 H   0.99936 0.00064 0.00000 0.00000 ( 1)
  48 L   0.99814 0.00186 0.00000 0.00000 ( 1)
  49 F   0.99983 0.00017 0.00000 0.00000 ( 1)
  50 T   0.99965 0.00035 0.00000 0.00000 ( 1)
  51 W   0.99999 0.00001 0.00000 0.00000 ( 1)
  52 L   0.99960 0.00040 0.00000 0.00000 ( 1)
  53 K   0.52707 0.47293 0.00000 0.00000 ( 1)
  54 G   0.98558 0.01442 0.00000 0.00000 ( 1)
  55 F   0.99997 0.00003 0.00000 0.00000 ( 1)
  56 R   0.87727 0.12273 0.00000 0.00000 ( 1)
  57 F   1.00000 0.00000 0.00000 0.00000 ( 1)
  58 V   0.99745 0.00255 0.00000 0.00000 ( 1)
  59 T   0.99985 0.00015 0.00000 0.00000 ( 1)
  60 N   0.99972 0.00028 0.00000 0.00000 ( 1)
  61 S   0.01017 0.98983 0.00000 0.00000 ( 2)
  62 I   0.93064 0.06936 0.00000 0.00000 ( 1)
  63 S   0.17596 0.82404 0.00000 0.00000 ( 2)
  64 -   0.00998 0.99002 0.00000 0.00000 ( 2)
  65 -   0.75536 0.24464 0.00000 0.00000 ( 1)
  66 -   0.62244 0.37756 0.00000 0.00000 ( 1)
  67 -   0.18386 0.81614 0.00000 0.00000 ( 2)
  68 -   0.02967 0.97033 0.00000 0.00000 ( 2)
  69 -   0.00003 0.99997 0.00000 0.00000 ( 2)
  70 Y   0.16846 0.83154 0.00000 0.00000 ( 2)
  71 W   0.93905 0.06095 0.00000 0.00000 ( 1)
  72 T   0.83874 0.16126 0.00000 0.00000 ( 1)
  73 F   0.98794 0.01206 0.00000 0.00000 ( 1)
  74 L   0.99999 0.00001 0.00000 0.00000 ( 1)
  75 S   0.99804 0.00196 0.00000 0.00000 ( 1)
  76 G   0.99977 0.00023 0.00000 0.00000 ( 1)
  77 G   0.00050 0.99950 0.00000 0.00000 ( 2)
  78 Q   0.80319 0.19681 0.00000 0.00000 ( 1)
  79 N   0.99894 0.00106 0.00000 0.00000 ( 1)
  80 K   0.97214 0.02786 0.00000 0.00000 ( 1)
  81 Y   0.99773 0.00227 0.00000 0.00000 ( 1)
  82 S   0.54413 0.45587 0.00000 0.00000 ( 1)
  83 Y   0.07356 0.92644 0.00000 0.00000 ( 2)
  84 T   0.99966 0.00034 0.00000 0.00000 ( 1)
  85 N   0.00324 0.99676 0.00000 0.00000 ( 2)
  86 N   0.00016 0.99984 0.00000 0.00000 ( 2)
  87 -   0.69183 0.30817 0.00000 0.00000 ( 1)
  88 S   0.00064 0.99936 0.00000 0.00000 ( 2)
  89 S   0.00055 0.99945 0.00000 0.00000 ( 2)
  90 I   0.93832 0.06168 0.00000 0.00000 ( 1)
  91 N   0.00043 0.99957 0.00000 0.00000 ( 2)
  92 E   0.00013 0.99987 0.00000 0.00000 ( 2)
  93 G   0.97948 0.02052 0.00000 0.00000 ( 1)
  94 S   0.98839 0.01161 0.00000 0.00000 ( 1)
  95 F   0.99839 0.00161 0.00000 0.00000 ( 1)
  96 R   0.00000 1.00000 0.00000 0.00000 ( 2)
  97 G   0.99999 0.00001 0.00000 0.00000 ( 1)
  98 Q   0.23174 0.76826 0.00000 0.00000 ( 2)
  99 D   0.95798 0.04202 0.00000 0.00000 ( 1)
 100 T   0.64294 0.35706 0.00000 0.00000 ( 1)
 101 D   0.20804 0.79196 0.00000 0.00000 ( 2)
 102 Y   0.95068 0.04932 0.00000 0.00000 ( 1)
 103 G   1.00000 0.00000 0.00000 0.00000 ( 1)
 104 G   0.66177 0.33823 0.00000 0.00000 ( 1)
 105 T   0.02022 0.97978 0.00000 0.00000 ( 2)
 106 S   0.00613 0.99387 0.00000 0.00000 ( 2)
 107 S   0.99984 0.00016 0.00000 0.00000 ( 1)
 108 T   0.04925 0.95075 0.00000 0.00000 ( 2)
 109 I   0.83188 0.16812 0.00000 0.00000 ( 1)
 110 N   0.02776 0.97224 0.00000 0.00000 ( 2)
 111 I   0.91408 0.08592 0.00000 0.00000 ( 1)
 112 P   0.00045 0.99955 0.00000 0.00000 ( 2)
 113 S   0.00070 0.99930 0.00000 0.00000 ( 2)
 114 N   0.01045 0.98955 0.00000 0.00000 ( 2)
 115 S   0.00722 0.99278 0.00000 0.00000 ( 2)
 116 Y   0.97033 0.02967 0.00000 0.00000 ( 1)
 117 V   0.99723 0.00277 0.00000 0.00000 ( 1)
 118 Y   1.00000 0.00000 0.00000 0.00000 ( 1)
 119 N   0.82526 0.17474 0.00000 0.00000 ( 1)
 120 L   0.94575 0.05425 0.00000 0.00000 ( 1)
 121 W   0.05482 0.94518 0.00000 0.00000 ( 2)
 122 T   0.93715 0.06285 0.00000 0.00000 ( 1)
 123 E   0.91254 0.08746 0.00000 0.00000 ( 1)
 124 N   0.50654 0.49346 0.00000 0.00000 ( 1)
 125 Y   0.99929 0.00071 0.00000 0.00000 ( 1)
 126 E   0.97629 0.02371 0.00000 0.00000 ( 1)
 127 Y   0.00012 0.99988 0.00000 0.00000 ( 2)
 128 I   0.66421 0.33579 0.00000 0.00000 ( 1)
 129 Y   0.05486 0.94514 0.00000 0.00000 ( 2)
 130 P   0.97977 0.02023 0.00000 0.00000 ( 1)
 131 W   0.00136 0.99864 0.00000 0.00000 ( 2)
 132 G   0.00019 0.99981 0.00000 0.00000 ( 2)
 133 D   0.91587 0.08413 0.00000 0.00000 ( 1)
 134 P   0.98516 0.01484 0.00000 0.00000 ( 1)
 135 V   0.00545 0.99455 0.00000 0.00000 ( 2)
 136 N   0.99989 0.00011 0.00000 0.00000 ( 1)
 137 I   0.99925 0.00075 0.00000 0.00000 ( 1)
 138 T   0.93196 0.06804 0.00000 0.00000 ( 1)
 139 K   0.65749 0.34251 0.00000 0.00000 ( 1)
 140 M   0.99828 0.00172 0.00000 0.00000 ( 1)
 141 N   0.90393 0.09607 0.00000 0.00000 ( 1)
 142 F   1.00000 0.00000 0.00000 0.00000 ( 1)
 143 S   0.04164 0.95836 0.00000 0.00000 ( 2)
 144 V   0.00291 0.99709 0.00000 0.00000 ( 2)
 145 T   0.99533 0.00467 0.00000 0.00000 ( 1)
 146 D   0.99711 0.00289 0.00000 0.00000 ( 1)
 147 N   0.99989 0.00011 0.00000 0.00000 ( 1)
 148 -   0.07178 0.92822 0.00000 0.00000 ( 2)
 149 N   0.99984 0.00016 0.00000 0.00000 ( 1)
 150 S   0.00002 0.99998 0.00000 0.00000 ( 2)
 151 S   0.97152 0.02848 0.00000 0.00000 ( 1)
 152 K   0.00002 0.99998 0.00000 0.00000 ( 2)
 153 E   0.89505 0.10495 0.00000 0.00000 ( 1)
 154 L   0.00026 0.99974 0.00000 0.00000 ( 2)
 155 I   0.89101 0.10899 0.00000 0.00000 ( 1)
 156 Y   1.00000 0.00000 0.00000 0.00000 ( 1)
 157 G   0.99992 0.00008 0.00000 0.00000 ( 1)
 158 -   0.90265 0.09735 0.00000 0.00000 ( 1)
 159 -   0.12990 0.87010 0.00000 0.00000 ( 2)
 160 A   0.03545 0.96455 0.00000 0.00000 ( 2)
 161 H   0.21582 0.78418 0.00000 0.00000 ( 2)
 162 R   0.38304 0.61696 0.00000 0.00000 ( 2)
 163 T   0.77178 0.22822 0.00000 0.00000 ( 1)
 164 N   0.99913 0.00087 0.00000 0.00000 ( 1)
 165 K   0.05358 0.94642 0.00000 0.00000 ( 2)
 166 P   0.99895 0.00105 0.00000 0.00000 ( 1)
 167 V   0.99170 0.00830 0.00000 0.00000 ( 1)
 168 V   0.92979 0.07021 0.00000 0.00000 ( 1)
 169 R   0.89003 0.10997 0.00000 0.00000 ( 1)
 170 T   0.99994 0.00006 0.00000 0.00000 ( 1)
 171 D   0.97875 0.02125 0.00000 0.00000 ( 1)
 172 F   0.99988 0.00012 0.00000 0.00000 ( 1)
 173 D   0.99913 0.00087 0.00000 0.00000 ( 1)
 174 F   0.99979 0.00021 0.00000 0.00000 ( 1)
 175 -   0.69341 0.30659 0.00000 0.00000 ( 1)
 176 L   0.99990 0.00010 0.00000 0.00000 ( 1)
 177 T   0.99553 0.00447 0.00000 0.00000 ( 1)
 178 N   0.99938 0.00062 0.00000 0.00000 ( 1)
 179 K   0.99970 0.00030 0.00000 0.00000 ( 1)
 180 E   0.97914 0.02086 0.00000 0.00000 ( 1)
 181 G   0.98000 0.02000 0.00000 0.00000 ( 1)
 182 T   0.96734 0.03266 0.00000 0.00000 ( 1)
 183 E   0.01052 0.98948 0.00000 0.00000 ( 2)
 184 L   0.01465 0.98535 0.00000 0.00000 ( 2)
 185 A   0.99990 0.00010 0.00000 0.00000 ( 1)
 186 K   0.98036 0.01964 0.00000 0.00000 ( 1)
 187 Y   0.99447 0.00553 0.00000 0.00000 ( 1)
 188 N   0.99991 0.00009 0.00000 0.00000 ( 1)
 189 D   0.99997 0.00003 0.00000 0.00000 ( 1)
 190 -   0.88433 0.11567 0.00000 0.00000 ( 1)
 191 -   0.81882 0.18118 0.00000 0.00000 ( 1)
 192 -   0.88132 0.11868 0.00000 0.00000 ( 1)
 193 Y   1.00000 0.00000 0.00000 0.00000 ( 1)
 194 N   0.99998 0.00002 0.00000 0.00000 ( 1)
 195 H   1.00000 0.00000 0.00000 0.00000 ( 1)
 196 I   0.99954 0.00046 0.00000 0.00000 ( 1)
 197 L   1.00000 0.00000 0.00000 0.00000 ( 1)
 198 S   0.99697 0.00303 0.00000 0.00000 ( 1)
 199 Y   0.98712 0.01288 0.00000 0.00000 ( 1)
 200 M   0.99560 0.00440 0.00000 0.00000 ( 1)
 201 L   0.97617 0.02383 0.00000 0.00000 ( 1)
 202 I   0.18883 0.81117 0.00000 0.00000 ( 2)
 203 N   0.99889 0.00111 0.00000 0.00000 ( 1)
 204 G   0.76614 0.23386 0.00000 0.00000 ( 1)
 205 -   0.95717 0.04283 0.00000 0.00000 ( 1)
 206 -   0.34478 0.65522 0.00000 0.00000 ( 2)
 207 -   0.88085 0.11915 0.00000 0.00000 ( 1)
 208 E   0.03064 0.96936 0.00000 0.00000 ( 2)
 209 T   0.99152 0.00848 0.00000 0.00000 ( 1)
 210 F   0.71850 0.28150 0.00000 0.00000 ( 1)
 211 G   0.98846 0.01154 0.00000 0.00000 ( 1)
 212 Q   0.70337 0.29663 0.00000 0.00000 ( 1)
 213 K   0.98274 0.01726 0.00000 0.00000 ( 1)
 214 R   0.32718 0.67282 0.00000 0.00000 ( 2)
 215 H   0.92689 0.07311 0.00000 0.00000 ( 1)
 216 G   0.99968 0.00032 0.00000 0.00000 ( 1)
 217 Y   0.99993 0.00007 0.00000 0.00000 ( 1)
 218 S   0.97203 0.02797 0.00000 0.00000 ( 1)
 219 F   1.00000 0.00000 0.00000 0.00000 ( 1)
 220 A   0.99999 0.00001 0.00000 0.00000 ( 1)
 221 F   0.99996 0.00004 0.00000 0.00000 ( 1)
 222 T   0.99997 0.00003 0.00000 0.00000 ( 1)
 223 H   1.00000 0.00000 0.00000 0.00000 ( 1)
 224 S   0.99998 0.00002 0.00000 0.00000 ( 1)
 225 S   1.00000 0.00000 0.00000 0.00000 ( 1)


lnL = -7121.905641

Bayes Empirical Bayes (BEB) probabilities for 4 classes (class)
(amino acids refer to 1st sequence: BT_Cry19Aa1)

   1 E   0.01102 0.97793 0.00007 0.01098 ( 2)
   2 V   0.99717 0.00000 0.00282 0.00000 ( 1)
   3 K   0.99669 0.00001 0.00330 0.00000 ( 1)
   4 T   0.67642 0.30763 0.01027 0.00568 ( 1)
   5 E   0.99611 0.00000 0.00389 0.00000 ( 1)
   6 L   0.99011 0.00002 0.00987 0.00000 ( 1)
   7 T   0.99412 0.00000 0.00588 0.00000 ( 1)
   8 R   0.99596 0.00000 0.00404 0.00000 ( 1)
   9 E   0.99611 0.00000 0.00389 0.00000 ( 1)
  10 I   0.99756 0.00000 0.00244 0.00000 ( 1)
  11 Y   0.99699 0.00000 0.00301 0.00000 ( 1)
  12 S   0.98190 0.00923 0.00876 0.00012 ( 1)
  13 D   0.99806 0.00001 0.00194 0.00000 ( 1)
  14 V   0.97205 0.01377 0.01394 0.00025 ( 1)
  15 I   0.96262 0.00002 0.03736 0.00000 ( 1)
  16 N   0.99798 0.00000 0.00202 0.00000 ( 1)
  17 G   0.22805 0.74513 0.01274 0.01408 ( 2)
  18 E   0.87990 0.08922 0.02912 0.00175 ( 1)
  19 I   0.00609 0.94405 0.00146 0.04840 ( 2)
  20 Y   0.04153 0.91333 0.00694 0.03821 ( 2)
  21 G   0.05247 0.93548 0.00043 0.01162 ( 2)
  22 L   0.04731 0.81639 0.07915 0.05716 ( 2)
  23 M   0.18458 0.80574 0.00124 0.00843 ( 2)
  24 -   0.75674 0.20658 0.02889 0.00779 ( 1)
  25 -   0.87812 0.08520 0.03347 0.00321 ( 1)
  26 -   0.70607 0.25726 0.02698 0.00970 ( 1)
  27 -   0.10785 0.85547 0.00416 0.03252 ( 2)
  28 -   0.86202 0.10130 0.03287 0.00381 ( 1)
  29 -   0.86202 0.10130 0.03287 0.00381 ( 1)
  30 T   0.00645 0.95687 0.00025 0.03643 ( 2)
  31 P   0.64112 0.32220 0.02452 0.01216 ( 1)
  32 Y   0.00106 0.98914 0.00000 0.00980 ( 2)
  33 F   0.00118 0.96816 0.00031 0.03035 ( 2)
  34 S   0.05665 0.92763 0.00125 0.01446 ( 2)
  35 F   0.71776 0.00858 0.27332 0.00033 ( 1)
  36 E   0.01781 0.94913 0.00340 0.02966 ( 2)
  37 K   0.03023 0.91881 0.01459 0.03637 ( 2)
  38 A   0.38002 0.60351 0.00550 0.01097 ( 2)
  39 E   0.99611 0.00000 0.00389 0.00000 ( 1)
  40 S   0.70307 0.28956 0.00376 0.00360 ( 1)
  41 L   0.95302 0.04319 0.00345 0.00034 ( 1)
  42 Y   0.99702 0.00008 0.00290 0.00000 ( 1)
  43 T   0.99211 0.00302 0.00485 0.00003 ( 1)
  44 R   0.93108 0.05549 0.01249 0.00093 ( 1)
  45 A   0.96140 0.03182 0.00643 0.00035 ( 1)
  46 P   0.99636 0.00000 0.00364 0.00000 ( 1)
  47 H   0.99693 0.00078 0.00229 0.00001 ( 1)
  48 L   0.98939 0.00196 0.00861 0.00003 ( 1)
  49 F   0.98975 0.00017 0.01007 0.00000 ( 1)
  50 T   0.99702 0.00037 0.00260 0.00000 ( 1)
  51 W   0.98725 0.00001 0.01273 0.00000 ( 1)
  52 L   0.99279 0.00042 0.00678 0.00000 ( 1)
  53 K   0.45432 0.52931 0.00675 0.00962 ( 2)
  54 G   0.97579 0.01741 0.00661 0.00019 ( 1)
  55 F   0.99738 0.00003 0.00259 0.00000 ( 1)
  56 R   0.84465 0.14871 0.00502 0.00163 ( 1)
  57 F   0.99754 0.00000 0.00246 0.00000 ( 1)
  58 V   0.99215 0.00289 0.00494 0.00003 ( 1)
  59 T   0.99645 0.00014 0.00341 0.00000 ( 1)
  60 N   0.99768 0.00030 0.00202 0.00000 ( 1)
  61 S   0.00640 0.98544 0.00002 0.00815 ( 2)
  62 I   0.91113 0.08581 0.00236 0.00070 ( 1)
  63 S   0.12756 0.86499 0.00042 0.00704 ( 2)
  64 -   0.00629 0.85902 0.04493 0.08976 ( 2)
  65 -   0.70942 0.28589 0.00229 0.00240 ( 1)
  66 -   0.56870 0.39462 0.02177 0.01491 ( 1)
  67 -   0.15221 0.81112 0.00586 0.03082 ( 2)
  68 -   0.01724 0.79121 0.09667 0.09489 ( 2)
  69 -   0.00001 0.94650 0.00002 0.05347 ( 2)
  70 Y   0.12224 0.86454 0.00161 0.01161 ( 2)
  71 W   0.91121 0.07579 0.01177 0.00124 ( 1)
  72 T   0.80582 0.18834 0.00398 0.00186 ( 1)
  73 F   0.98308 0.01433 0.00249 0.00010 ( 1)
  74 L   0.99321 0.00001 0.00678 0.00000 ( 1)
  75 S   0.94757 0.00191 0.05047 0.00004 ( 1)
  76 G   0.99665 0.00024 0.00310 0.00000 ( 1)
  77 G   0.00029 0.96941 0.00009 0.03022 ( 2)
  78 Q   0.75506 0.23774 0.00473 0.00247 ( 1)
  79 N   0.99678 0.00119 0.00202 0.00001 ( 1)
  80 K   0.96068 0.03581 0.00320 0.00030 ( 1)
  81 Y   0.99441 0.00269 0.00288 0.00002 ( 1)
  82 S   0.45380 0.54049 0.00142 0.00430 ( 2)
  83 Y   0.04840 0.92616 0.00318 0.02226 ( 2)
  84 T   0.98651 0.00033 0.01315 0.00001 ( 1)
  85 N   0.00092 0.43155 0.17765 0.38988 ( 2)
  86 N   0.00009 0.94038 0.00002 0.05951 ( 2)
  87 -   0.64556 0.31776 0.02469 0.01199 ( 1)
  88 S   0.00038 0.98142 0.00001 0.01819 ( 2)
  89 S   0.00032 0.96523 0.00009 0.03436 ( 2)
  90 I   0.92096 0.07616 0.00228 0.00060 ( 1)
  91 N   0.00026 0.98586 0.00000 0.01387 ( 2)
  92 E   0.00007 0.90341 0.00011 0.09641 ( 2)
  93 G   0.96845 0.02476 0.00652 0.00027 ( 1)
  94 S   0.98194 0.01439 0.00356 0.00011 ( 1)
  95 F   0.99335 0.00181 0.00482 0.00002 ( 1)
  96 R   0.00000 0.91996 0.00000 0.08003 ( 2)
  97 G   0.98855 0.00001 0.01144 0.00000 ( 1)
  98 Q   0.18985 0.79522 0.00235 0.01258 ( 2)
  99 D   0.94177 0.05375 0.00389 0.00059 ( 1)
 100 T   0.55784 0.43480 0.00298 0.00438 ( 1)
 101 D   0.14136 0.80441 0.02984 0.02439 ( 2)
 102 Y   0.93933 0.05732 0.00288 0.00047 ( 1)
 103 G   0.99691 0.00000 0.00309 0.00000 ( 1)
 104 G   0.58245 0.40908 0.00398 0.00449 ( 1)
 105 T   0.01327 0.97132 0.00015 0.01525 ( 2)
 106 S   0.00382 0.98805 0.00001 0.00812 ( 2)
 107 S   0.99676 0.00017 0.00307 0.00000 ( 1)
 108 T   0.03267 0.94702 0.00119 0.01913 ( 2)
 109 I   0.74612 0.19198 0.05602 0.00587 ( 1)
 110 N   0.01759 0.97494 0.00005 0.00743 ( 2)
 111 I   0.85435 0.10625 0.03736 0.00204 ( 1)
 112 P   0.00026 0.96977 0.00003 0.02994 ( 2)
 113 S   0.00039 0.97441 0.00003 0.02517 ( 2)
 114 N   0.00682 0.97477 0.00084 0.01756 ( 2)
 115 S   0.00463 0.97705 0.00007 0.01825 ( 2)
 116 Y   0.96029 0.03662 0.00280 0.00029 ( 1)
 117 V   0.99007 0.00308 0.00682 0.00003 ( 1)
 118 Y   0.99710 0.00000 0.00289 0.00000 ( 1)
 119 N   0.78276 0.21371 0.00162 0.00192 ( 1)
 120 L   0.92845 0.06447 0.00636 0.00072 ( 1)
 121 W   0.03858 0.94517 0.00051 0.01574 ( 2)
 122 T   0.91705 0.07757 0.00462 0.00076 ( 1)
 123 E   0.88299 0.11310 0.00294 0.00097 ( 1)
 124 N   0.41892 0.57149 0.00300 0.00659 ( 2)
 125 Y   0.99614 0.00077 0.00308 0.00001 ( 1)
 126 E   0.96237 0.02952 0.00774 0.00037 ( 1)
 127 Y   0.00007 0.98604 0.00000 0.01389 ( 2)
 128 I   0.59641 0.39905 0.00146 0.00308 ( 1)
 129 Y   0.03564 0.95375 0.00037 0.01024 ( 2)
 130 P   0.96850 0.02478 0.00645 0.00027 ( 1)
 131 W   0.00077 0.90665 0.00201 0.09057 ( 2)
 132 G   0.00011 0.98818 0.00000 0.01171 ( 2)
 133 D   0.88509 0.11227 0.00183 0.00081 ( 1)
 134 P   0.97333 0.01756 0.00885 0.00026 ( 1)
 135 V   0.00331 0.97275 0.00030 0.02364 ( 2)
 136 N   0.99786 0.00012 0.00203 0.00000 ( 1)
 137 I   0.99676 0.00081 0.00242 0.00001 ( 1)
 138 T   0.91259 0.08202 0.00458 0.00081 ( 1)
 139 K   0.55770 0.39668 0.03708 0.00854 ( 1)
 140 M   0.99544 0.00201 0.00253 0.00002 ( 1)
 141 N   0.87249 0.12464 0.00179 0.00109 ( 1)
 142 F   0.99752 0.00000 0.00248 0.00000 ( 1)
 143 S   0.02857 0.96355 0.00010 0.00778 ( 2)
 144 V   0.00175 0.97083 0.00020 0.02721 ( 2)
 145 T   0.98301 0.00510 0.01181 0.00008 ( 1)
 146 D   0.99148 0.00327 0.00522 0.00004 ( 1)
 147 N   0.99786 0.00012 0.00202 0.00000 ( 1)
 148 -   0.05449 0.90883 0.00210 0.03458 ( 2)
 149 N   0.99311 0.00016 0.00673 0.00000 ( 1)
 150 S   0.00001 0.98935 0.00000 0.01063 ( 2)
 151 S   0.95900 0.03186 0.00871 0.00042 ( 1)
 152 K   0.00001 0.94517 0.00001 0.05481 ( 2)
 153 E   0.83152 0.12789 0.03848 0.00211 ( 1)
 154 L   0.00013 0.90360 0.00045 0.09582 ( 2)
 155 I   0.83187 0.13368 0.03213 0.00231 ( 1)
 156 Y   0.99711 0.00000 0.00289 0.00000 ( 1)
 157 G   0.99682 0.00009 0.00309 0.00000 ( 1)
 158 -   0.86063 0.10269 0.03281 0.00387 ( 1)
 159 -   0.10306 0.86027 0.00397 0.03271 ( 2)
 160 A   0.02365 0.92848 0.00797 0.03990 ( 2)
 161 H   0.16622 0.79391 0.01853 0.02134 ( 2)
 162 R   0.30394 0.68889 0.00127 0.00591 ( 2)
 163 T   0.69312 0.27020 0.02649 0.01019 ( 1)
 164 N   0.99693 0.00105 0.00202 0.00001 ( 1)
 165 K   0.03249 0.86425 0.05050 0.05276 ( 2)
 166 P   0.99517 0.00121 0.00361 0.00001 ( 1)
 167 V   0.98711 0.00998 0.00282 0.00009 ( 1)
 168 V   0.90281 0.09395 0.00256 0.00068 ( 1)
 169 R   0.72729 0.11553 0.15223 0.00495 ( 1)
 170 T   0.99370 0.00006 0.00625 0.00000 ( 1)
 171 D   0.94600 0.02745 0.02617 0.00039 ( 1)
 172 F   0.99740 0.00014 0.00246 0.00000 ( 1)
 173 D   0.99702 0.00101 0.00197 0.00001 ( 1)
 174 F   0.99730 0.00024 0.00246 0.00000 ( 1)
 175 -   0.64715 0.31617 0.02475 0.01193 ( 1)
 176 L   0.99634 0.00011 0.00355 0.00000 ( 1)
 177 T   0.98944 0.00542 0.00508 0.00006 ( 1)
 178 N   0.99708 0.00071 0.00220 0.00001 ( 1)
 179 K   0.99638 0.00032 0.00330 0.00000 ( 1)
 180 E   0.45805 0.01208 0.52918 0.00068 ( 3)
 181 G   0.96892 0.02424 0.00656 0.00027 ( 1)
 182 T   0.91896 0.03963 0.04064 0.00077 ( 1)
 183 E   0.00637 0.92720 0.00244 0.06399 ( 2)
 184 L   0.00986 0.97102 0.00081 0.01831 ( 2)
 185 A   0.98291 0.00011 0.01698 0.00000 ( 1)
 186 K   0.97068 0.02432 0.00476 0.00024 ( 1)
 187 Y   0.98005 0.00607 0.01377 0.00011 ( 1)
 188 N   0.99790 0.00009 0.00202 0.00000 ( 1)
 189 D   0.99597 0.00002 0.00400 0.00000 ( 1)
 190 -   0.84279 0.12053 0.03214 0.00454 ( 1)
 191 -   0.77472 0.18860 0.02957 0.00711 ( 1)
 192 -   0.83952 0.12381 0.03202 0.00466 ( 1)
 193 Y   0.98746 0.00000 0.01254 0.00000 ( 1)
 194 N   0.99759 0.00002 0.00239 0.00000 ( 1)
 195 H   0.99762 0.00000 0.00238 0.00000 ( 1)
 196 I   0.99708 0.00050 0.00242 0.00000 ( 1)
 197 L   0.99321 0.00000 0.00679 0.00000 ( 1)
 198 S   0.98624 0.00342 0.01029 0.00005 ( 1)
 199 Y   0.98153 0.01543 0.00292 0.00013 ( 1)
 200 M   0.99037 0.00522 0.00436 0.00004 ( 1)
 201 L   0.96223 0.02818 0.00918 0.00041 ( 1)
 202 I   0.13694 0.83644 0.01130 0.01532 ( 2)
 203 N   0.99631 0.00128 0.00240 0.00001 ( 1)
 204 G   0.70847 0.28029 0.00718 0.00406 ( 1)
 205 -   0.91942 0.04390 0.03503 0.00165 ( 1)
 206 -   0.29143 0.67189 0.01120 0.02548 ( 2)
 207 -   0.83619 0.12713 0.03189 0.00479 ( 1)
 208 E   0.02175 0.94157 0.00084 0.03584 ( 2)
 209 T   0.98462 0.00975 0.00552 0.00010 ( 1)
 210 F   0.64153 0.35362 0.00185 0.00300 ( 1)
 211 G   0.89876 0.01271 0.08805 0.00048 ( 1)
 212 Q   0.64122 0.35095 0.00412 0.00372 ( 1)
 213 K   0.97474 0.02156 0.00351 0.00019 ( 1)
 214 R   0.26333 0.72690 0.00148 0.00828 ( 2)
 215 H   0.90296 0.08585 0.00993 0.00126 ( 1)
 216 G   0.99655 0.00036 0.00309 0.00000 ( 1)
 217 Y   0.99703 0.00008 0.00289 0.00000 ( 1)
 218 S   0.85637 0.03031 0.11241 0.00091 ( 1)
 219 F   0.99754 0.00000 0.00246 0.00000 ( 1)
 220 A   0.92222 0.00000 0.07777 0.00000 ( 1)
 221 F   0.99589 0.00005 0.00405 0.00000 ( 1)
 222 T   0.98783 0.00003 0.01214 0.00000 ( 1)
 223 H   0.99771 0.00000 0.00229 0.00000 ( 1)
 224 S   0.99804 0.00002 0.00194 0.00000 ( 1)
 225 S   0.99340 0.00000 0.00660 0.00000 ( 1)

