Supplemental results for CODEML (seqf: algn  treef: tree)


dN/dS (w) for site classes (K=4)

site class             0        1       2a       2b
proportion       0.52786  0.43714  0.01915  0.01586
background w     0.13930  0.91217  0.13930  0.91217
foreground w     0.13930  0.91217 81.97628 81.97628

Naive Empirical Bayes (NEB) probabilities for 4 classes
(amino acids refer to 1st sequence: BT_Cry19Ba1)

   1 E   0.25677 0.70823 0.00931 0.02569 ( 2)
   2 -   0.52786 0.43714 0.01915 0.01586 ( 1)
   3 -   0.52786 0.43714 0.01915 0.01586 ( 1)
   4 V   0.56620 0.42670 0.00340 0.00370 ( 1)
   5 G   0.80730 0.18596 0.00546 0.00128 ( 1)
   6 P   0.01642 0.98066 0.00004 0.00288 ( 2)
   7 L   0.37328 0.62343 0.00120 0.00208 ( 2)
   8 L   0.98297 0.01260 0.00437 0.00006 ( 1)
   9 S   0.94514 0.05324 0.00152 0.00010 ( 1)
  10 W   0.16667 0.83010 0.00045 0.00278 ( 2)
  11 M   0.17321 0.81206 0.00245 0.01229 ( 2)
  12 V   0.00942 0.98312 0.00008 0.00738 ( 2)
  13 S   0.01070 0.98179 0.00008 0.00743 ( 2)
  14 L   0.16538 0.82751 0.00116 0.00595 ( 2)
  15 F   0.79460 0.20288 0.00195 0.00057 ( 1)
  16 W   0.87265 0.11692 0.00918 0.00125 ( 1)
  17 P   0.99017 0.00700 0.00281 0.00002 ( 1)
  18 T   0.01793 0.97913 0.00005 0.00289 ( 2)
  19 I   0.00097 0.91820 0.00047 0.08035 ( 2)
  20 -   0.77486 0.19014 0.02811 0.00690 ( 1)
  21 -   0.75974 0.20526 0.02756 0.00745 ( 1)
  22 -   0.69138 0.27362 0.02508 0.00992 ( 1)
  23 E   0.02804 0.96663 0.00013 0.00520 ( 2)
  24 E   0.00029 0.90564 0.00027 0.09380 ( 2)
  25 K   0.01668 0.98058 0.00004 0.00271 ( 2)
  26 N   0.96837 0.02890 0.00263 0.00010 ( 1)
  27 T   0.00991 0.98414 0.00004 0.00591 ( 2)
  28 V   0.91412 0.08259 0.00296 0.00033 ( 1)
  29 W   0.87265 0.11692 0.00918 0.00125 ( 1)
  30 E   0.42649 0.56973 0.00137 0.00242 ( 2)
  31 D   0.00536 0.94547 0.00056 0.04861 ( 2)
  32 M   0.01845 0.94271 0.01249 0.02636 ( 2)
  33 I   0.93238 0.06594 0.00156 0.00012 ( 1)
  34 K   0.97943 0.01734 0.00316 0.00007 ( 1)
  35 Y   0.01533 0.66054 0.14389 0.18024 ( 2)
  36 V   0.47537 0.51983 0.00173 0.00307 ( 2)
  37 A   0.84325 0.14895 0.00660 0.00120 ( 1)
  38 N   0.97015 0.02724 0.00252 0.00009 ( 1)
  39 L   0.93447 0.05881 0.00631 0.00041 ( 1)
  40 L   0.98536 0.01136 0.00324 0.00005 ( 1)
  41 K   0.00009 0.97348 0.00000 0.02642 ( 2)
  42 Q   0.05190 0.94468 0.00017 0.00325 ( 2)
  43 E   0.13997 0.84618 0.00126 0.01259 ( 2)
  44 L   0.12189 0.87339 0.00054 0.00418 ( 2)
  45 T   0.00035 0.96401 0.00001 0.03563 ( 2)
  46 N   0.00036 0.99129 0.00000 0.00835 ( 2)
  47 D   0.00050 0.97454 0.00008 0.02488 ( 2)
  48 T   0.12203 0.86674 0.00138 0.00985 ( 2)
  49 L   0.38762 0.59730 0.00341 0.01166 ( 2)
  50 N   0.00066 0.98080 0.00001 0.01853 ( 2)
  51 R   0.11113 0.88539 0.00036 0.00312 ( 2)
  52 A   0.99370 0.00355 0.00274 0.00001 ( 1)
  53 T   0.95648 0.03061 0.01251 0.00040 ( 1)
  54 S   0.00149 0.60508 0.01880 0.37463 ( 2)
  55 N   0.92657 0.07048 0.00262 0.00033 ( 1)
  56 L   0.91512 0.08042 0.00407 0.00038 ( 1)
  57 S   0.01569 0.96908 0.00025 0.01498 ( 2)
  58 G   0.70950 0.28807 0.00170 0.00073 ( 1)
  59 L   0.96646 0.02907 0.00433 0.00014 ( 1)
  60 N   0.00420 0.94172 0.00034 0.05374 ( 2)
  61 E   0.42921 0.56516 0.00150 0.00412 ( 2)
  62 S   0.07428 0.91993 0.00039 0.00541 ( 2)
  63 L   0.94448 0.04880 0.00638 0.00034 ( 1)
  64 N   0.00006 0.89917 0.00019 0.10058 ( 2)
  65 I   0.31542 0.67512 0.00356 0.00590 ( 2)
  66 Y   0.99308 0.00360 0.00331 0.00001 ( 1)
  67 N   0.97825 0.01730 0.00437 0.00008 ( 1)
  68 R   0.65994 0.33181 0.00550 0.00275 ( 1)
  69 A   0.37783 0.60644 0.00634 0.00939 ( 2)
  70 L   0.96529 0.03053 0.00403 0.00015 ( 1)
  71 A   0.93992 0.05748 0.00244 0.00016 ( 1)
  72 A   0.00116 0.98798 0.00005 0.01082 ( 2)
  73 W   0.87265 0.11692 0.00918 0.00125 ( 1)
  74 K   0.05760 0.68949 0.12386 0.12905 ( 2)
  75 Q   0.00001 0.95843 0.00000 0.04156 ( 2)
  76 -   0.52786 0.43714 0.01915 0.01586 ( 1)
  77 N   0.00758 0.97812 0.00011 0.01419 ( 2)
  78 K   0.00211 0.99167 0.00001 0.00620 ( 2)
  79 N   0.04685 0.94761 0.00026 0.00528 ( 2)
  80 N   0.00032 0.99378 0.00000 0.00590 ( 2)
  81 F   0.04672 0.91828 0.00169 0.03331 ( 2)
  82 A   0.04492 0.92007 0.00163 0.03337 ( 2)
  83 S   0.08787 0.87713 0.00319 0.03182 ( 2)
  84 -   0.52786 0.43714 0.01915 0.01586 ( 1)
  85 -   0.76740 0.19760 0.02784 0.00717 ( 1)
  86 G   0.80147 0.19484 0.00297 0.00072 ( 1)
  87 E   0.04640 0.94788 0.00026 0.00546 ( 2)
  88 L   0.01106 0.97543 0.00015 0.01336 ( 2)
  89 I   0.11625 0.87903 0.00047 0.00424 ( 2)
  90 R   0.90611 0.09039 0.00311 0.00038 ( 1)
  91 S   0.00019 0.99639 0.00000 0.00341 ( 2)
  92 Y   0.00662 0.98875 0.00002 0.00461 ( 2)
  93 I   0.98495 0.01337 0.00165 0.00002 ( 1)
  94 N   0.00085 0.75445 0.00306 0.24164 ( 2)
  95 D   0.15206 0.83988 0.00122 0.00685 ( 2)
  96 L   0.99424 0.00335 0.00240 0.00001 ( 1)
  97 H   0.99347 0.00456 0.00196 0.00001 ( 1)
  98 I   0.29708 0.69939 0.00103 0.00250 ( 2)
  99 L   0.00026 0.99101 0.00000 0.00872 ( 2)
 100 F   0.99631 0.00103 0.00266 0.00000 ( 1)
 101 T   0.00052 0.55176 0.00372 0.44400 ( 2)
 102 R   0.00001 0.99069 0.00000 0.00930 ( 2)
 103 D   0.04997 0.94596 0.00015 0.00392 ( 2)
 104 I   0.99530 0.00149 0.00320 0.00001 ( 1)
 105 Q   0.74285 0.25358 0.00244 0.00112 ( 1)
 106 S   0.00364 0.98240 0.00005 0.01390 ( 2)
 107 D   0.77157 0.21949 0.00697 0.00198 ( 1)
 108 F   0.95471 0.03920 0.00585 0.00025 ( 1)
 109 S   0.07820 0.91342 0.00062 0.00777 ( 2)
 110 L   0.26627 0.72963 0.00088 0.00321 ( 2)
 111 G   0.00005 0.88942 0.00006 0.11047 ( 2)
 112 G   0.20618 0.79114 0.00045 0.00223 ( 2)
 113 Y   0.99194 0.00473 0.00331 0.00002 ( 1)
 114 E   0.97735 0.01952 0.00306 0.00007 ( 1)
 115 T   0.00800 0.98754 0.00003 0.00443 ( 2)
 116 V   0.98811 0.00861 0.00324 0.00003 ( 1)
 117 L   0.98297 0.01260 0.00437 0.00006 ( 1)
 118 L   0.97891 0.01665 0.00436 0.00008 ( 1)
 119 P   0.99057 0.00694 0.00246 0.00002 ( 1)
 120 S   0.82895 0.15696 0.01183 0.00226 ( 1)
 121 Y   0.99127 0.00541 0.00330 0.00002 ( 1)
 122 A   0.40455 0.11727 0.46602 0.01216 ( 3)
 123 S   0.92183 0.07483 0.00302 0.00032 ( 1)
 124 A   0.87932 0.10739 0.01179 0.00149 ( 1)
 125 A   0.92220 0.06999 0.00725 0.00056 ( 1)
 126 N   0.99234 0.00498 0.00267 0.00002 ( 1)
 127 L   0.96044 0.03423 0.00514 0.00019 ( 1)
 128 H   0.99597 0.00206 0.00196 0.00000 ( 1)
 129 L   0.97040 0.02287 0.00657 0.00016 ( 1)
 130 L   0.82964 0.15643 0.01170 0.00223 ( 1)
 131 L   0.94101 0.01837 0.03986 0.00076 ( 1)
 132 L   0.97549 0.02006 0.00435 0.00010 ( 1)
 133 R   0.96565 0.03175 0.00252 0.00009 ( 1)
 134 D   0.99234 0.00292 0.00473 0.00001 ( 1)
 135 V   0.98045 0.01632 0.00316 0.00006 ( 1)
 136 A   0.09708 0.89902 0.00031 0.00359 ( 2)
 137 I   0.98220 0.01458 0.00316 0.00006 ( 1)
 138 Y   0.90871 0.08788 0.00307 0.00034 ( 1)
 139 G   0.99144 0.00617 0.00237 0.00002 ( 1)
 140 K   0.26452 0.70408 0.00590 0.02550 ( 2)
 141 E   0.06471 0.80085 0.07876 0.05568 ( 2)
 142 -   0.59194 0.37306 0.02147 0.01353 ( 1)
 143 -   0.54210 0.42289 0.01966 0.01534 ( 1)
 144 -   0.57191 0.39309 0.02074 0.01426 ( 1)
 145 -   0.59097 0.37403 0.02144 0.01357 ( 1)
 146 -   0.58034 0.38466 0.02105 0.01395 ( 1)
 147 -   0.59194 0.37306 0.02147 0.01353 ( 1)
 148 -   0.60120 0.36380 0.02181 0.01320 ( 1)
 149 -   0.54077 0.42423 0.01962 0.01539 ( 1)
 150 L   0.97346 0.02067 0.00573 0.00014 ( 1)
 151 G   0.88824 0.10618 0.00489 0.00069 ( 1)
 152 Y   0.98074 0.01659 0.00262 0.00005 ( 1)
 153 P   0.00002 0.94233 0.00002 0.05762 ( 2)
 154 S   0.00216 0.98669 0.00002 0.01113 ( 2)
 155 T   0.00006 0.99488 0.00000 0.00506 ( 2)
 156 D   0.00270 0.99235 0.00001 0.00494 ( 2)
 157 V   0.84216 0.15329 0.00383 0.00073 ( 1)
 158 E   0.00378 0.97190 0.00038 0.02393 ( 2)
 159 F   0.02509 0.97139 0.00007 0.00345 ( 2)
 160 Y   0.99336 0.00333 0.00330 0.00001 ( 1)
 161 Y   0.88385 0.11330 0.00242 0.00043 ( 1)
 162 N   0.00212 0.99548 0.00000 0.00239 ( 2)
 163 E   0.99309 0.00374 0.00316 0.00001 ( 1)
 164 Q   0.50350 0.47270 0.01203 0.01177 ( 1)
 165 K   0.27613 0.71953 0.00117 0.00316 ( 2)
 166 Y   0.00000 0.50639 0.00000 0.49361 ( 2)
 167 Y   0.97648 0.02020 0.00325 0.00007 ( 1)
 168 T   0.61306 0.20807 0.17004 0.00883 ( 1)
 169 E   0.09505 0.86781 0.01454 0.02260 ( 2)
 170 K   0.00070 0.98871 0.00001 0.01058 ( 2)
 171 Y   0.97364 0.02297 0.00329 0.00009 ( 1)
 172 S   0.88337 0.10948 0.00635 0.00080 ( 1)
 173 N   0.69182 0.30523 0.00188 0.00107 ( 1)
 174 Y   0.54641 0.37451 0.07187 0.00720 ( 1)
 175 C   0.97076 0.01606 0.01296 0.00022 ( 1)
 176 V   0.39967 0.52521 0.05345 0.02167 ( 2)
 177 N   0.19139 0.78882 0.00951 0.01028 ( 2)
 178 T   0.87812 0.11923 0.00231 0.00034 ( 1)
 179 Y   0.83079 0.15549 0.01153 0.00218 ( 1)
 180 K   0.96806 0.02919 0.00263 0.00011 ( 1)
 181 S   0.00789 0.98745 0.00003 0.00464 ( 2)
 182 G   0.51121 0.48679 0.00099 0.00101 ( 1)
 183 L   0.96054 0.03275 0.00649 0.00023 ( 1)
 184 E   0.16928 0.82772 0.00045 0.00254 ( 2)
 185 S   0.18430 0.81087 0.00085 0.00397 ( 2)
 186 K   0.41635 0.58020 0.00130 0.00215 ( 2)
 187 K   0.99464 0.00212 0.00323 0.00001 ( 1)
 188 Q   0.27737 0.71877 0.00088 0.00297 ( 2)
 189 I   0.98529 0.01150 0.00317 0.00004 ( 1)
 190 G   0.74334 0.15670 0.09602 0.00395 ( 1)
 191 W   0.87265 0.11692 0.00918 0.00125 ( 1)
 192 S   0.01819 0.97227 0.00017 0.00937 ( 2)
 193 D   0.00761 0.96699 0.00075 0.02464 ( 2)
 194 F   0.95813 0.03577 0.00587 0.00022 ( 1)
 195 N   0.98975 0.00827 0.00196 0.00002 ( 1)
 196 R   0.42029 0.57365 0.00253 0.00353 ( 2)
 197 Y   0.99336 0.00333 0.00330 0.00001 ( 1)
 198 R   0.98499 0.01241 0.00257 0.00003 ( 1)
 199 R   0.99168 0.00627 0.00203 0.00001 ( 1)
 200 E   0.00005 0.02208 0.59927 0.37860 ( 3)
 201 M   0.99670 0.00162 0.00167 0.00000 ( 1)
 202 T   0.99262 0.00475 0.00262 0.00001 ( 1)
 203 L   0.94166 0.05162 0.00636 0.00036 ( 1)
 204 S   0.19018 0.80685 0.00050 0.00247 ( 2)
 205 V   0.98013 0.01636 0.00344 0.00007 ( 1)
 206 L   0.98145 0.01411 0.00437 0.00007 ( 1)
 207 D   0.99688 0.00055 0.00257 0.00000 ( 1)
 208 I   0.49643 0.49981 0.00164 0.00213 ( 2)
 209 V   0.97126 0.02550 0.00314 0.00010 ( 1)
 210 A   0.97414 0.02310 0.00269 0.00007 ( 1)
 211 L   0.91398 0.08148 0.00411 0.00043 ( 1)
 212 F   0.97557 0.01834 0.00598 0.00011 ( 1)
 213 P   0.99017 0.00700 0.00281 0.00002 ( 1)
 214 L   0.00695 0.19426 0.32687 0.47191 ( 4)


lnL = -3772.761058

