Supplemental results for CODEML (seqf: algn  treef: tree)


dN/dS (w) for site classes (K=4)

site class             0        1       2a       2b
proportion       0.00000  0.00000  0.69539  0.30461
background w     0.10814  1.43444  0.10814  1.43444
foreground w     0.10814  1.43444 999.00000 999.00000

Naive Empirical Bayes (NEB) probabilities for 4 classes
(amino acids refer to 1st sequence: BT_Cry30Aa1)

   1 -   0.00000 0.00000 0.71873 0.28127 ( 3)
   2 -   0.00000 0.00000 0.69896 0.30104 ( 3)
   3 -   0.00000 0.00000 0.71712 0.28288 ( 3)
   4 -   0.00000 0.00000 0.72022 0.27978 ( 3)
   5 R   0.00000 0.00000 0.02409 0.97591 ( 4)
   6 I   0.00000 0.00000 0.96765 0.03235 ( 3)
   7 T   0.00000 0.00000 0.96361 0.03639 ( 3)
   8 Q   0.00000 0.00000 0.99831 0.00169 ( 3)
   9 I   0.00000 0.00000 0.97251 0.02749 ( 3)
  10 P   0.00000 0.00000 0.99714 0.00286 ( 3)
  11 A   0.00000 0.00000 0.99807 0.00193 ( 3)
  12 V   0.00000 0.00000 0.99760 0.00240 ( 3)
  13 K   0.00000 0.00000 0.99900 0.00100 ( 3)
  14 A   0.00000 0.00000 0.30164 0.69836 ( 4)
  15 Y   0.00000 0.00000 0.00066 0.99934 ( 4)
  16 S   0.00000 0.00000 0.00011 0.99989 ( 4)
  17 L   0.00000 0.00000 0.97875 0.02125 ( 3)
  18 T   0.00000 0.00000 0.00104 0.99896 ( 4)
  19 S   0.00000 0.00000 0.46322 0.53678 ( 4)
  20 P   0.00000 0.00000 0.55260 0.44740 ( 3)
  21 -   0.00000 0.00000 0.04301 0.95699 ( 4)
  22 -   0.00000 0.00000 0.32257 0.67743 ( 4)
  23 -   0.00000 0.00000 0.34889 0.65111 ( 4)
  24 -   0.00000 0.00000 0.01375 0.98625 ( 4)
  25 -   0.00000 0.00000 0.69539 0.30461 ( 3)
  26 A   0.00000 0.00000 0.90816 0.09184 ( 3)
  27 R   0.00000 0.00000 0.13167 0.86833 ( 4)
  28 V   0.00000 0.00000 0.99807 0.00193 ( 3)
  29 I   0.00000 0.00000 0.99841 0.00159 ( 3)
  30 V   0.00000 0.00000 0.12957 0.87043 ( 4)
  31 G   0.00000 0.00000 0.99636 0.00364 ( 3)
  32 P   0.00000 0.00000 0.95947 0.04053 ( 3)
  33 G   0.00000 0.00000 0.80454 0.19546 ( 3)
  34 H   0.00000 0.00000 0.98859 0.01141 ( 3)
  35 T   0.00000 0.00000 0.99689 0.00311 ( 3)
  36 G   0.00000 0.00000 0.99786 0.00214 ( 3)
  37 G   0.00000 0.00000 0.99716 0.00284 ( 3)
  38 D   0.00000 0.00000 0.98949 0.01051 ( 3)
  39 L   0.00000 0.00000 0.99491 0.00509 ( 3)
  40 V   0.00000 0.00000 0.99140 0.00860 ( 3)
  41 A   0.00000 0.00000 0.69039 0.30961 ( 3)
  42 L   0.00000 0.00000 0.99452 0.00548 ( 3)
  43 L   0.00000 0.00000 0.99327 0.00673 ( 3)
  44 -   0.00000 0.00000 0.84741 0.15259 ( 3)
  45 -   0.00000 0.00000 0.31745 0.68255 ( 4)
  46 -   0.00000 0.00000 0.84382 0.15618 ( 3)
  47 -   0.00000 0.00000 0.75791 0.24209 ( 3)
  48 -   0.00000 0.00000 0.84248 0.15752 ( 3)
  49 -   0.00000 0.00000 0.82450 0.17550 ( 3)
  50 N   0.00000 0.00000 0.98784 0.01216 ( 3)
  51 S   0.00000 0.00000 0.00020 0.99980 ( 4)
  52 G   0.00000 0.00000 0.00015 0.99985 ( 4)
  53 T   0.00000 0.00000 0.10449 0.89551 ( 4)
  54 Q   0.00000 0.00000 0.00556 0.99444 ( 4)
  55 S   0.00000 0.00000 0.05391 0.94609 ( 4)
  56 G   0.00000 0.00000 0.99836 0.00164 ( 3)
  57 T   0.00000 0.00000 0.00810 0.99190 ( 4)
  58 M   0.00000 0.00000 0.99488 0.00512 ( 3)
  59 Q   0.00000 0.00000 0.83237 0.16763 ( 3)
  60 I   0.00000 0.00000 0.83012 0.16988 ( 3)
  61 Q   0.00000 0.00000 0.34587 0.65413 ( 4)
  62 C   0.00000 0.00000 0.86260 0.13740 ( 3)
  63 K   0.00000 0.00000 0.97712 0.02288 ( 3)
  64 T   0.00000 0.00000 0.99168 0.00832 ( 3)
  65 G   0.00000 0.00000 0.87556 0.12444 ( 3)
  66 S   0.00000 0.00000 0.95215 0.04785 ( 3)
  67 F   0.00000 0.00000 0.76528 0.23472 ( 3)
  68 T   0.00000 0.00000 0.98699 0.01301 ( 3)
  69 G   0.00000 0.00000 0.59113 0.40887 ( 3)
  70 P   0.00000 0.00000 0.01666 0.98334 ( 4)
  71 S   0.00000 0.00000 0.35923 0.64077 ( 4)
  72 R   0.00000 0.00000 0.98926 0.01074 ( 3)
  73 Q   0.00000 0.00000 0.62397 0.37603 ( 3)
  74 Y   0.00000 0.00000 0.99741 0.00259 ( 3)
  75 G   0.00000 0.00000 0.97526 0.02474 ( 3)
  76 L   0.00000 0.00000 0.95326 0.04674 ( 3)
  77 R   0.00000 0.00000 0.98980 0.01020 ( 3)
  78 M   0.00000 0.00000 0.68431 0.31569 ( 3)
  79 R   0.00000 0.00000 0.99584 0.00416 ( 3)
  80 Y   0.00000 0.00000 0.99880 0.00120 ( 3)
  81 A   0.00000 0.00000 0.99764 0.00236 ( 3)
  82 A   0.00000 0.00000 0.99810 0.00190 ( 3)
  83 N   0.00000 0.00000 0.99869 0.00131 ( 3)
  84 S   0.00000 0.00000 0.96407 0.03593 ( 3)
  85 A   0.00000 0.00000 0.67144 0.32856 ( 3)
  86 F   0.00000 0.00000 0.70033 0.29967 ( 3)
  87 T   0.00000 0.00000 0.94748 0.05252 ( 3)
  88 V   0.00000 0.00000 0.88879 0.11121 ( 3)
  89 S   0.00000 0.00000 0.99333 0.00667 ( 3)
  90 L   0.00000 0.00000 0.96952 0.03048 ( 3)
  91 S   0.00000 0.00000 0.97718 0.02282 ( 3)
  92 Y   0.00000 0.00000 0.95217 0.04783 ( 3)
  93 T   0.00000 0.00000 0.08870 0.91130 ( 4)
  94 L   0.00000 0.00000 0.30762 0.69238 ( 4)
  95 L   0.00000 0.00000 0.00003 0.99997 ( 4)
  96 -   0.00000 0.00000 0.91373 0.08627 ( 3)
  97 G   0.00000 0.00000 0.98339 0.01661 ( 3)
  98 Q   0.00000 0.00000 0.00090 0.99910 ( 4)
  99 T   0.00000 0.00000 0.48448 0.51552 ( 4)
 100 R   0.00000 0.00000 0.00001 0.99999 ( 4)
 101 G   0.00000 0.00000 0.85165 0.14835 ( 3)
 102 T   0.00000 0.00000 0.05328 0.94672 ( 4)
 103 S   0.00000 0.00000 0.60448 0.39552 ( 3)
 104 F   0.00000 0.00000 0.98781 0.01219 ( 3)
 105 V   0.00000 0.00000 0.00006 0.99994 ( 4)
 106 T   0.00000 0.00000 0.95704 0.04296 ( 3)
 107 E   0.00000 0.00000 0.99886 0.00114 ( 3)
 108 N   0.00000 0.00000 0.08931 0.91069 ( 4)
 109 T   0.00000 0.00000 0.99779 0.00221 ( 3)
 110 F   0.00000 0.00000 0.98539 0.01461 ( 3)
 111 S   0.00000 0.00000 0.58565 0.41435 ( 3)
 112 R   0.00000 0.00000 0.99575 0.00425 ( 3)
 113 S   0.00000 0.00000 0.00270 0.99730 ( 4)
 114 N   0.00000 0.00000 0.99751 0.00249 ( 3)
 115 N   0.00000 0.00000 0.99891 0.00109 ( 3)
 116 I   0.00000 0.00000 0.83406 0.16594 ( 3)
 117 I   0.00000 0.00000 0.98602 0.01398 ( 3)
 118 P   0.00000 0.00000 0.96073 0.03927 ( 3)
 119 T   0.00000 0.00000 0.97131 0.02869 ( 3)
 120 D   0.00000 0.00000 0.99942 0.00058 ( 3)
 121 L   0.00000 0.00000 0.99463 0.00537 ( 3)
 122 K   0.00000 0.00000 0.98581 0.01419 ( 3)
 123 Y   0.00000 0.00000 0.98418 0.01582 ( 3)
 124 E   0.00000 0.00000 0.78407 0.21593 ( 3)
 125 E   0.00000 0.00000 0.97184 0.02816 ( 3)
 126 F   0.00000 0.00000 0.99877 0.00123 ( 3)
 127 K   0.00000 0.00000 0.99566 0.00434 ( 3)
 128 Y   0.00000 0.00000 0.98104 0.01896 ( 3)
 129 K   0.00000 0.00000 0.98039 0.01961 ( 3)
 130 D   0.00000 0.00000 0.02185 0.97815 ( 4)
 131 Y   0.00000 0.00000 0.89876 0.10124 ( 3)
 132 L   0.00000 0.00000 0.00004 0.99996 ( 4)
 133 Q   0.00000 0.00000 0.87746 0.12254 ( 3)
 134 I   0.00000 0.00000 0.99735 0.00265 ( 3)
 135 I   0.00000 0.00000 0.99637 0.00363 ( 3)
 136 T   0.00000 0.00000 0.99023 0.00977 ( 3)
 137 M   0.00000 0.00000 0.37598 0.62402 ( 4)
 138 T   0.00000 0.00000 0.72507 0.27493 ( 3)
 139 L   0.00000 0.00000 0.00985 0.99015 ( 4)
 140 P   0.00000 0.00000 0.90232 0.09768 ( 3)
 141 A   0.00000 0.00000 0.03218 0.96782 ( 4)
 142 N   0.00000 0.00000 0.99469 0.00531 ( 3)
 143 T   0.00000 0.00000 0.99168 0.00832 ( 3)
 144 I   0.00000 0.00000 0.93140 0.06860 ( 3)
 145 I   0.00000 0.00000 0.84883 0.15117 ( 3)
 146 T   0.00000 0.00000 0.97331 0.02669 ( 3)
 147 I   0.00000 0.00000 0.98480 0.01520 ( 3)
 148 S   0.00000 0.00000 0.00338 0.99662 ( 4)
 149 M   0.00000 0.00000 0.19570 0.80430 ( 4)
 150 Q   0.00000 0.00000 0.00002 0.99998 ( 4)
 151 Q   0.00000 0.00000 0.75013 0.24987 ( 3)
 152 A   0.00000 0.00000 0.00095 0.99905 ( 4)
 153 T   0.00000 0.00000 0.01206 0.98794 ( 4)
 154 G   0.00000 0.00000 0.00110 0.99890 ( 4)
 155 L   0.00000 0.00000 0.00000 1.00000 ( 4)
 156 L   0.00000 0.00000 0.02090 0.97910 ( 4)
 157 N   0.00000 0.00000 0.99869 0.00131 ( 3)
 158 N   0.00000 0.00000 0.04494 0.95506 ( 4)
 159 Q   0.00000 0.00000 0.94889 0.05111 ( 3)
 160 L   0.00000 0.00000 0.94218 0.05782 ( 3)
 161 I   0.00000 0.00000 0.99846 0.00154 ( 3)
 162 I   0.00000 0.00000 0.98778 0.01222 ( 3)
 163 D   0.00000 0.00000 0.99323 0.00677 ( 3)
 164 R   0.00000 0.00000 0.99631 0.00369 ( 3)
 165 I   0.00000 0.00000 0.98384 0.01616 ( 3)
 166 E   0.00000 0.00000 0.99911 0.00089 ( 3)
 167 F   0.00000 0.00000 0.97793 0.02207 ( 3)
 168 Y   0.00000 0.00000 0.50675 0.49325 ( 3)
 169 P   0.00000 0.00000 0.99730 0.00270 ( 3)


lnL = -2299.214546

