Supplemental results for CODEML (seqf: algn  treef: tree)


dN/dS (w) for site classes (K=4)

site class             0        1       2a       2b
proportion       0.19681  0.05619  0.58110  0.16590
background w     0.10928  0.76952  0.10928  0.76952
foreground w     0.10928  0.76952  0.00000  0.00000

Naive Empirical Bayes (NEB) probabilities for 4 classes
(amino acids refer to 1st sequence: BT_Cry1Fa1)

   1 -   0.23582 0.01718 0.69629 0.05072 ( 3)
   2 -   0.05881 0.19418 0.17365 0.57336 ( 4)
   3 -   0.12982 0.09780 0.39968 0.37270 ( 3)
   4 -   0.22781 0.00007 0.77164 0.00048 ( 3)
   5 R   0.21092 0.02991 0.64537 0.11380 ( 3)
   6 I   0.22886 0.00002 0.77098 0.00014 ( 3)
   7 T   0.23068 0.00023 0.76766 0.00143 ( 3)
   8 Q   0.24123 0.00044 0.75636 0.00197 ( 3)
   9 I   0.22854 0.00021 0.76988 0.00138 ( 3)
  10 P   0.23773 0.00013 0.76147 0.00067 ( 3)
  11 L   0.22725 0.01791 0.69042 0.06443 ( 3)
  12 V   0.23142 0.00005 0.76824 0.00029 ( 3)
  13 K   0.23817 0.00020 0.76068 0.00095 ( 3)
  14 A   0.23903 0.00059 0.75773 0.00266 ( 3)
  15 H   0.23363 0.00100 0.75970 0.00566 ( 3)
  16 T   0.24611 0.00106 0.74903 0.00381 ( 3)
  17 L   0.20558 0.02859 0.64292 0.12291 ( 3)
  18 Q   0.00216 0.20291 0.00664 0.78830 ( 4)
  19 S   0.24303 0.00121 0.75097 0.00480 ( 3)
  20 G   0.23207 0.00007 0.76739 0.00046 ( 3)
  21 T   0.23654 0.00100 0.75770 0.00476 ( 3)
  22 T   0.22054 0.00423 0.74683 0.02841 ( 3)
  23 V   0.23025 0.00009 0.76911 0.00055 ( 3)
  24 V   0.22887 0.00160 0.75972 0.00981 ( 3)
  25 R   0.00110 0.15054 0.00362 0.84474 ( 4)
  26 G   0.24837 0.00006 0.75137 0.00021 ( 3)
  27 P   0.22958 0.00588 0.73469 0.02985 ( 3)
  28 G   0.24770 0.00065 0.74936 0.00228 ( 3)
  29 F   0.23172 0.00002 0.76812 0.00014 ( 3)
  30 T   0.23175 0.00007 0.76775 0.00042 ( 3)
  31 G   0.23574 0.00004 0.76403 0.00019 ( 3)
  32 G   0.24210 0.00008 0.75748 0.00034 ( 3)
  33 D   0.22744 0.00024 0.77061 0.00171 ( 3)
  34 I   0.23011 0.01389 0.70427 0.05173 ( 3)
  35 L   0.24596 0.00291 0.74127 0.00986 ( 3)
  36 -   0.19945 0.05354 0.58892 0.15809 ( 3)
  37 R   0.01140 0.17938 0.03558 0.77365 ( 4)
  38 R   0.24555 0.00035 0.75274 0.00135 ( 3)
  39 T   0.20068 0.01835 0.66808 0.11290 ( 3)
  40 S   0.21919 0.00500 0.74046 0.03534 ( 3)
  41 G   0.11289 0.08093 0.36563 0.44054 ( 4)
  42 G   0.23403 0.00124 0.75795 0.00678 ( 3)
  43 P   0.07209 0.11379 0.23090 0.58321 ( 4)
  44 F   0.16059 0.04223 0.53233 0.26485 ( 3)
  45 A   0.22870 0.00009 0.77064 0.00058 ( 3)
  46 Y   0.00322 0.14684 0.01055 0.83939 ( 4)
  47 T   0.00699 0.12904 0.02337 0.84060 ( 4)
  48 I   0.00400 0.12849 0.01356 0.85395 ( 4)
  49 V   0.22836 0.00006 0.77117 0.00041 ( 3)
  50 N   0.19240 0.01872 0.65580 0.13308 ( 3)
  51 I   0.10913 0.11002 0.33584 0.44501 ( 4)
  52 N   0.21749 0.00983 0.71527 0.05741 ( 3)
  53 G   0.00014 0.99902 0.00000 0.00083 ( 2)
  54 -   0.20540 0.04759 0.60649 0.14052 ( 3)
  55 Q   0.00010 0.20484 0.00032 0.79474 ( 4)
  56 L   0.24640 0.00080 0.74989 0.00291 ( 3)
  57 P   0.22205 0.01364 0.70328 0.06103 ( 3)
  58 Q   0.24146 0.00027 0.75706 0.00121 ( 3)
  59 R   0.24294 0.00094 0.75236 0.00377 ( 3)
  60 Y   0.23579 0.00004 0.76395 0.00022 ( 3)
  61 R   0.23093 0.00596 0.73398 0.02913 ( 3)
  62 A   0.22396 0.00293 0.75363 0.01948 ( 3)
  63 R   0.23274 0.00001 0.76717 0.00007 ( 3)
  64 I   0.22802 0.00014 0.77095 0.00090 ( 3)
  65 R   0.23899 0.00463 0.73788 0.01849 ( 3)
  66 Y   0.23570 0.00010 0.76367 0.00053 ( 3)
  67 A   0.23411 0.01024 0.71798 0.03767 ( 3)
  68 S   0.23441 0.00003 0.76537 0.00018 ( 3)
  69 T   0.22793 0.00003 0.77182 0.00022 ( 3)
  70 T   0.22813 0.00002 0.77171 0.00014 ( 3)
  71 N   0.23402 0.00201 0.75425 0.00973 ( 3)
  72 L   0.18851 0.04141 0.58950 0.18058 ( 3)
  73 R   0.23173 0.00063 0.76382 0.00382 ( 3)
  74 I   0.16881 0.04595 0.55429 0.23096 ( 3)
  75 Y   0.20877 0.03740 0.62807 0.12576 ( 3)
  76 V   0.17790 0.03242 0.59060 0.19907 ( 3)
  77 T   0.16413 0.07259 0.49958 0.26370 ( 3)
  78 V   0.08661 0.14468 0.20370 0.56501 ( 4)
  79 A   0.23049 0.00083 0.76359 0.00510 ( 3)
  80 G   0.21466 0.01379 0.70038 0.07117 ( 3)
  81 E   0.00130 0.13951 0.00430 0.85490 ( 4)
  82 R   0.22175 0.02056 0.67944 0.07826 ( 3)
  83 I   0.22466 0.00140 0.76443 0.00951 ( 3)
  84 F   0.19690 0.02069 0.65268 0.12972 ( 3)
  85 A   0.22473 0.00234 0.75726 0.01567 ( 3)
  86 G   0.18441 0.02860 0.60976 0.17724 ( 3)
  87 Q   0.00202 0.18163 0.00632 0.81004 ( 4)
  88 F   0.22005 0.00695 0.72945 0.04355 ( 3)
  89 N   0.97224 0.00761 0.01854 0.00162 ( 1)
  90 K   0.23091 0.00002 0.76897 0.00010 ( 3)
  91 T   0.22975 0.00005 0.76984 0.00035 ( 3)
  92 M   0.23419 0.00030 0.76375 0.00175 ( 3)
  93 D   0.23325 0.03991 0.55897 0.16787 ( 3)
  94 T   0.82245 0.12612 0.01460 0.03683 ( 1)
  95 G   0.21566 0.00987 0.71314 0.06133 ( 3)
  96 D   0.09477 0.86114 0.00050 0.04360 ( 2)
  97 P   0.02466 0.14636 0.07897 0.75001 ( 4)
  98 L   0.23697 0.00217 0.75066 0.01020 ( 3)
  99 T   0.23042 0.00039 0.76677 0.00242 ( 3)
 100 F   0.23427 0.01063 0.71545 0.03966 ( 3)
 101 Q   0.13027 0.08448 0.40844 0.37681 ( 3)
 102 S   0.23077 0.00235 0.75347 0.01340 ( 3)
 103 F   0.23158 0.00010 0.76767 0.00064 ( 3)
 104 S   0.08983 0.07555 0.30342 0.53120 ( 4)
 105 Y   0.00277 0.22667 0.00832 0.76224 ( 4)
 106 A   0.23146 0.00024 0.76682 0.00148 ( 3)
 107 T   0.22794 0.00002 0.77188 0.00015 ( 3)
 108 I   0.22560 0.00087 0.76761 0.00592 ( 3)
 109 N   0.00191 0.21124 0.00525 0.78160 ( 4)
 110 T   0.22528 0.00349 0.74965 0.02157 ( 3)
 111 A   0.17486 0.03136 0.58766 0.20612 ( 3)
 112 F   0.22869 0.00182 0.75806 0.01143 ( 3)
 113 T   0.22709 0.00240 0.75569 0.01482 ( 3)
 114 F   0.24638 0.00025 0.75244 0.00093 ( 3)
 115 P   0.11117 0.08702 0.35607 0.44574 ( 4)
 116 M   0.00412 0.99137 0.00000 0.00451 ( 2)
 117 S   0.00007 0.20045 0.00018 0.79929 ( 4)
 118 Q   0.00000 0.46906 0.00000 0.53094 ( 4)
 119 S   0.24017 0.00458 0.73764 0.01762 ( 3)
 120 S   0.04782 0.16691 0.14665 0.63861 ( 4)
 121 F   0.03157 0.18876 0.09601 0.68366 ( 4)
 122 T   0.22772 0.00033 0.76979 0.00217 ( 3)
 123 V   0.22932 0.00132 0.76129 0.00808 ( 3)
 124 G   0.23217 0.00001 0.76774 0.00008 ( 3)
 125 A   0.23837 0.00018 0.76059 0.00086 ( 3)
 126 D   0.22780 0.00004 0.77187 0.00029 ( 3)
 127 T   0.04793 0.13352 0.15420 0.66434 ( 4)
 128 F   0.23164 0.00007 0.76784 0.00045 ( 3)
 129 S   0.00355 0.13582 0.01183 0.84880 ( 4)
 130 S   0.22520 0.01046 0.71465 0.04969 ( 3)
 131 G   0.16720 0.03940 0.55245 0.24095 ( 3)
 132 N   0.19750 0.01603 0.67307 0.11340 ( 3)
 133 E   0.22991 0.00127 0.76103 0.00779 ( 3)
 134 V   0.22813 0.00018 0.77046 0.00123 ( 3)
 135 Y   0.23579 0.00004 0.76395 0.00022 ( 3)
 136 I   0.19187 0.02863 0.61931 0.16020 ( 3)
 137 D   0.22865 0.00001 0.77126 0.00007 ( 3)
 138 R   0.22850 0.00260 0.75314 0.01576 ( 3)
 139 F   0.18520 0.02761 0.61390 0.17329 ( 3)
 140 E   0.23199 0.00001 0.76791 0.00009 ( 3)
 141 L   0.12056 0.09902 0.37441 0.40601 ( 4)
 142 I   0.24578 0.00041 0.75226 0.00154 ( 3)
 143 P   0.19681 0.05619 0.58110 0.16590 ( 3)


lnL = -2516.151991

