Supplemental results for CODEML (seqf: algn  treef: tree)


dN/dS (w) for site classes (K=4)

site class             0        1       2a       2b
proportion       0.26736  0.33619  0.17562  0.22083
background w     0.07811  1.00000  0.07811  1.00000
foreground w     0.07811  1.00000  1.00000  1.00000

Naive Empirical Bayes (NEB) probabilities for 4 classes
(amino acids refer to 1st sequence: BT_Cry40Aa1)

   1 P   0.00047 0.60307 0.00032 0.39614 ( 2)
   2 T   0.11295 0.49371 0.06904 0.32430 ( 2)
   3 H   0.00286 0.59840 0.00567 0.39307 ( 2)
   4 V   0.10081 0.50543 0.06175 0.33200 ( 2)
   5 E   0.58033 0.03481 0.36200 0.02286 ( 1)
   6 L   0.56983 0.04445 0.35652 0.02920 ( 1)
   7 T   0.57971 0.04644 0.34335 0.03050 ( 1)
   8 R   0.57498 0.03971 0.35923 0.02609 ( 1)
   9 E   0.61733 0.00636 0.37213 0.00418 ( 1)
  10 I   0.30925 0.30680 0.18241 0.20153 ( 1)
  11 Y   0.62154 0.00415 0.37158 0.00273 ( 1)
  12 T   0.60670 0.01355 0.37085 0.00890 ( 1)
  13 D   0.63005 0.00169 0.36715 0.00111 ( 1)
  14 P   0.37023 0.24139 0.22983 0.15856 ( 1)
  15 V   0.51069 0.09926 0.32484 0.06520 ( 1)
  16 G   0.59342 0.02435 0.36624 0.01600 ( 1)
  17 Y   0.56958 0.05426 0.34051 0.03564 ( 1)
  18 S   0.02639 0.57760 0.01660 0.37941 ( 2)
  19 S   0.00074 0.60282 0.00047 0.39597 ( 2)
  20 G   0.08421 0.52136 0.05197 0.34246 ( 2)
  21 T   0.00064 0.60293 0.00038 0.39605 ( 2)
  22 Y   0.05328 0.55217 0.03185 0.36270 ( 2)
  23 -   0.27817 0.32538 0.18272 0.21373 ( 2)
  24 S   0.00271 0.60093 0.00163 0.39473 ( 2)
  25 W   0.52904 0.08191 0.33525 0.05380 ( 1)
  26 L   0.00109 0.60250 0.00066 0.39576 ( 2)
  27 K   0.00045 0.60310 0.00029 0.39616 ( 2)
  28 Y   0.00000 0.60355 0.00000 0.39645 ( 2)
  29 W   0.01879 0.58547 0.01117 0.38457 ( 2)
  30 T   0.00105 0.60251 0.00067 0.39577 ( 2)
  31 G   0.01192 0.59163 0.00783 0.38862 ( 2)
  32 A   0.00057 0.60298 0.00037 0.39608 ( 2)
  33 F   0.62417 0.00288 0.37106 0.00189 ( 1)
  34 N   0.63270 0.00085 0.36589 0.00056 ( 1)
  35 T   0.00015 0.60340 0.00009 0.39636 ( 2)
  36 L   0.08720 0.13473 0.68958 0.08850 ( 3)
  37 E   0.61720 0.00649 0.37205 0.00427 ( 1)
  38 A   0.61854 0.00444 0.37410 0.00292 ( 1)
  39 N   0.61776 0.01509 0.35725 0.00991 ( 1)
  40 G   0.59559 0.02223 0.36758 0.01460 ( 1)
  41 T   0.60670 0.01355 0.37085 0.00890 ( 1)
  42 R   0.43901 0.16804 0.28256 0.11038 ( 1)
  43 G   0.59559 0.02223 0.36758 0.01460 ( 1)
  44 P   0.61521 0.00742 0.37249 0.00488 ( 1)
  45 G   0.62351 0.00391 0.37001 0.00257 ( 1)
  46 L   0.57025 0.04404 0.35678 0.02893 ( 1)
  47 V   0.62407 0.00313 0.37074 0.00206 ( 1)
  48 T   0.62510 0.00282 0.37023 0.00185 ( 1)
  49 W   0.00256 0.60103 0.00162 0.39479 ( 2)
  50 L   0.61393 0.00822 0.37245 0.00540 ( 1)
  51 R   0.00000 0.60355 0.00000 0.39645 ( 2)
  52 -   0.26736 0.33619 0.17562 0.22083 ( 2)
  53 S   0.00000 0.60355 0.00000 0.39645 ( 2)
  54 I   0.50285 0.11579 0.30530 0.07606 ( 1)
  55 G   0.59375 0.03736 0.34434 0.02454 ( 1)
  56 I   0.61267 0.00927 0.37197 0.00609 ( 1)
  57 Y   0.55806 0.06537 0.33363 0.04294 ( 1)
  58 N   0.28937 0.32709 0.16868 0.21486 ( 2)
  59 E   0.02987 0.57476 0.01782 0.37754 ( 2)
  60 Y   0.00000 0.60355 0.00000 0.39645 ( 2)
  61 V   0.00864 0.55929 0.06469 0.36738 ( 2)
  62 -   0.00000 0.60355 0.00000 0.39645 ( 2)
  63 -   0.00000 0.60355 0.00001 0.39645 ( 2)
  64 -   0.39254 0.21101 0.25785 0.13860 ( 1)
  65 -   0.06201 0.54154 0.04073 0.35572 ( 2)
  66 -   0.34494 0.25861 0.22658 0.16987 ( 1)
  67 -   0.00421 0.59934 0.00277 0.39368 ( 2)
  68 -   0.09826 0.50529 0.06455 0.33191 ( 2)
  69 -   0.00063 0.60292 0.00041 0.39604 ( 2)
  70 S   0.00000 0.60355 0.00000 0.39645 ( 2)
  71 R   0.00000 0.60355 0.00000 0.39645 ( 2)
  72 Y   0.23439 0.37751 0.14013 0.24797 ( 2)
  73 F   0.52381 0.09560 0.31779 0.06280 ( 1)
  74 S   0.00001 0.60354 0.00001 0.39644 ( 2)
  75 G   0.43474 0.17218 0.27999 0.11310 ( 1)
  76 W   0.52904 0.08191 0.33525 0.05380 ( 1)
  77 V   0.03630 0.56788 0.02280 0.37302 ( 2)
  78 G   0.59210 0.02564 0.36542 0.01684 ( 1)
  79 T   0.58697 0.03946 0.34765 0.02592 ( 1)
  80 R   0.61314 0.00912 0.37175 0.00599 ( 1)
  81 H   0.62362 0.00303 0.37136 0.00199 ( 1)
  82 Y   0.56716 0.05660 0.33907 0.03718 ( 1)
  83 E   0.61733 0.00636 0.37213 0.00418 ( 1)
  84 D   0.00026 0.60329 0.00016 0.39628 ( 2)
  85 Y   0.07994 0.15868 0.65714 0.10423 ( 3)
  86 T   0.60670 0.01355 0.37085 0.00890 ( 1)
  87 T   0.00013 0.60342 0.00008 0.39637 ( 2)
  88 G   0.58153 0.04428 0.34511 0.02908 ( 1)
  89 N   0.01671 0.58710 0.01054 0.38565 ( 2)
  90 G   0.27637 0.33776 0.16401 0.22186 ( 2)
  91 N   0.00330 0.60037 0.00197 0.39436 ( 2)
  92 F   0.51421 0.10870 0.30569 0.07140 ( 1)
  93 Q   0.06277 0.54219 0.03889 0.35615 ( 2)
  94 R   0.61432 0.00797 0.37247 0.00524 ( 1)
  95 M   0.11316 0.49334 0.06944 0.32406 ( 2)
  96 S   0.61918 0.00531 0.37202 0.00349 ( 1)
  97 G   0.59559 0.02223 0.36758 0.01460 ( 1)
  98 T   0.62462 0.00328 0.36994 0.00216 ( 1)
  99 T   0.51537 0.09485 0.32748 0.06230 ( 1)
 100 S   0.63075 0.00110 0.36742 0.00072 ( 1)
 101 N   0.63270 0.00085 0.36589 0.00056 ( 1)
 102 D   0.11979 0.00312 0.87504 0.00205 ( 3)
 103 L   0.00024 0.60332 0.00015 0.39630 ( 2)
 104 R   0.00120 0.60236 0.00077 0.39567 ( 2)
 105 D   0.00002 0.60353 0.00001 0.39644 ( 2)
 106 I   0.00532 0.59845 0.00314 0.39310 ( 2)
 107 S   0.00002 0.60348 0.00010 0.39641 ( 2)
 108 F   0.61310 0.01295 0.36544 0.00851 ( 1)
 109 P   0.00000 0.60355 0.00000 0.39645 ( 2)
 110 N   0.00414 0.59961 0.00239 0.39386 ( 2)
 111 S   0.00001 0.60354 0.00001 0.39644 ( 2)
 112 D   0.01234 0.59178 0.00716 0.38872 ( 2)
 113 I   0.01270 0.59123 0.00771 0.38836 ( 2)
 114 F   0.58482 0.04075 0.34766 0.02676 ( 1)
 115 K   0.19627 0.41386 0.11802 0.27185 ( 2)
 116 I   0.62676 0.00217 0.36965 0.00143 ( 1)
 117 E   0.00000 0.60355 0.00000 0.39645 ( 2)
 118 S   0.55514 0.05781 0.34909 0.03797 ( 1)
 119 K   0.00008 0.60347 0.00005 0.39640 ( 2)
 120 A   0.57519 0.05038 0.34133 0.03310 ( 1)
 121 I   0.23241 0.37802 0.14127 0.24831 ( 2)
 122 M   0.00000 0.60355 0.00000 0.39645 ( 2)
 123 N   0.00000 0.60355 0.00000 0.39645 ( 2)
 124 L   0.00007 0.60317 0.00056 0.39620 ( 2)
 125 V   0.00000 0.60355 0.00000 0.39645 ( 2)
 126 G   0.00001 0.60354 0.00001 0.39645 ( 2)
 127 E   0.00014 0.60342 0.00008 0.39636 ( 2)
 128 I   0.00015 0.60340 0.00009 0.39636 ( 2)
 129 N   0.00000 0.60354 0.00000 0.39645 ( 2)
 130 A   0.00105 0.60253 0.00063 0.39578 ( 2)
 131 -   0.00003 0.60351 0.00002 0.39643 ( 2)
 132 -   0.26736 0.33619 0.17562 0.22083 ( 2)
 133 -   0.44729 0.15626 0.29381 0.10264 ( 1)
 134 -   0.40591 0.19764 0.26663 0.12983 ( 1)
 135 R   0.00022 0.60333 0.00014 0.39631 ( 2)
 136 P   0.00351 0.60011 0.00218 0.39419 ( 2)
 137 E   0.01240 0.59125 0.00798 0.38837 ( 2)
 138 Y   0.03061 0.55120 0.05612 0.36207 ( 2)
 139 R   0.07702 0.19381 0.60186 0.12730 ( 3)
 140 V   0.30862 0.30651 0.18354 0.20133 ( 1)
 141 S   0.55129 0.06159 0.34666 0.04046 ( 1)
 142 R   0.08162 0.52442 0.04949 0.34447 ( 2)
 143 A   0.45218 0.16359 0.27678 0.10746 ( 1)
 144 E   0.21600 0.39460 0.13020 0.25920 ( 2)
 145 F   0.62417 0.00288 0.37106 0.00189 ( 1)
 146 S   0.00001 0.60354 0.00001 0.39644 ( 2)
 147 E   0.00000 0.60355 0.00000 0.39645 ( 2)
 148 S   0.01037 0.59346 0.00634 0.38983 ( 2)
 149 T   0.00004 0.60351 0.00002 0.39643 ( 2)
 150 -   0.26736 0.33619 0.17562 0.22083 ( 2)
 151 A   0.00001 0.60353 0.00001 0.39644 ( 2)
 152 F   0.00001 0.60353 0.00002 0.39644 ( 2)
 153 I   0.00051 0.60306 0.00030 0.39613 ( 2)
 154 Y   0.00000 0.60355 0.00000 0.39645 ( 2)
 155 L   0.00005 0.60350 0.00003 0.39642 ( 2)
 156 Y   0.62154 0.00415 0.37158 0.00273 ( 1)
 157 D   0.04549 0.55894 0.02841 0.36715 ( 2)
 158 A   0.00060 0.60222 0.00160 0.39558 ( 2)
 159 G   0.01994 0.58392 0.01257 0.38356 ( 2)
 160 N   0.59854 0.03182 0.34874 0.02090 ( 1)
 161 S   0.00077 0.60281 0.00046 0.39596 ( 2)
 162 -   0.26736 0.33619 0.17562 0.22083 ( 2)
 163 G   0.51237 0.09768 0.32579 0.06416 ( 1)
 164 L   0.00000 0.60355 0.00000 0.39645 ( 2)
 165 S   0.00006 0.60349 0.00004 0.39641 ( 2)
 166 S   0.00003 0.60352 0.00002 0.39643 ( 2)
 167 M   0.29321 0.31033 0.19260 0.20385 ( 2)
 168 T   0.60670 0.01355 0.37085 0.00890 ( 1)
 169 I   0.59474 0.03289 0.35076 0.02161 ( 1)
 170 T   0.17289 0.43630 0.10422 0.28659 ( 2)
 171 S   0.61918 0.00531 0.37202 0.00349 ( 1)
 172 K   0.00037 0.60318 0.00024 0.39621 ( 2)
 173 L   0.29196 0.31709 0.18266 0.20829 ( 2)
 174 P   0.58114 0.03507 0.36075 0.02304 ( 1)
 175 G   0.27947 0.33478 0.16584 0.21991 ( 2)
 176 I   0.00025 0.60331 0.00015 0.39629 ( 2)
 177 K   0.00000 0.60355 0.00000 0.39645 ( 2)
 178 N   0.00025 0.60331 0.00015 0.39629 ( 2)
 179 P   0.00003 0.60352 0.00002 0.39643 ( 2)
 180 E   0.00000 0.60355 0.00000 0.39645 ( 2)
 181 -   0.33925 0.27168 0.21061 0.17846 ( 1)
 182 P   0.60123 0.02097 0.36402 0.01377 ( 1)
 183 S   0.07988 0.52726 0.04653 0.34634 ( 2)
 184 Y   0.00000 0.60355 0.00000 0.39645 ( 2)
 185 R   0.00000 0.60355 0.00000 0.39645 ( 2)
 186 D   0.35990 0.25974 0.20974 0.17062 ( 1)
 187 Y   0.01007 0.59355 0.00649 0.38988 ( 2)
 188 S   0.55102 0.07117 0.33107 0.04675 ( 1)
 189 H   0.58317 0.04198 0.34728 0.02757 ( 1)
 190 R   0.15636 0.45182 0.09504 0.29678 ( 2)
 191 L   0.57025 0.04404 0.35678 0.02893 ( 1)
 192 S   0.56593 0.04720 0.35587 0.03100 ( 1)
 193 N   0.63270 0.00085 0.36589 0.00056 ( 1)
 194 A   0.51239 0.09766 0.32580 0.06415 ( 1)
 195 A   0.60552 0.01439 0.37064 0.00945 ( 1)
 196 C   0.62095 0.00433 0.37188 0.00284 ( 1)
 197 V   0.62274 0.00441 0.36995 0.00290 ( 1)
 198 G   0.00038 0.60318 0.00023 0.39621 ( 2)
 199 A   0.00000 0.60355 0.00000 0.39645 ( 2)
 200 -   0.26736 0.33619 0.17562 0.22083 ( 2)
 201 -   0.26736 0.33619 0.17562 0.22083 ( 2)
 202 G   0.00018 0.60337 0.00011 0.39634 ( 2)
 203 N   0.00095 0.60260 0.00061 0.39583 ( 2)
 204 S   0.00759 0.59601 0.00490 0.39150 ( 2)
 205 R   0.13677 0.46556 0.09186 0.30581 ( 2)
 206 I   0.04454 0.56066 0.02652 0.36828 ( 2)
 207 N   0.23618 0.37113 0.14890 0.24379 ( 2)
 208 V   0.60488 0.01484 0.37053 0.00975 ( 1)
 209 Y   0.19908 0.41173 0.11873 0.27045 ( 2)
 210 G   0.62450 0.00297 0.37059 0.00195 ( 1)
 211 W   0.52904 0.08191 0.33525 0.05380 ( 1)
 212 T   0.44360 0.17216 0.27116 0.11309 ( 1)
 213 H   0.62362 0.00303 0.37136 0.00199 ( 1)
 214 -   0.53203 0.07151 0.34948 0.04698 ( 1)


lnL = -3330.874538

