Supplemental results for CODEML (seqf: algn  treef: tree)


dN/dS (w) for site classes (K=4)

site class             0        1       2a       2b
proportion       0.31204  0.68796  0.00000  0.00000
background w     0.05419  1.00000  0.05419  1.00000
foreground w     0.05419  1.00000  1.00000  1.00000

Naive Empirical Bayes (NEB) probabilities for 4 classes
(amino acids refer to 1st sequence: BT_Cry32Ea1)

   1 P   0.99707 0.00293 0.00000 0.00000 ( 1)
   2 T   0.99111 0.00889 0.00000 0.00000 ( 1)
   3 K   0.99767 0.00233 0.00000 0.00000 ( 1)
   4 S   0.95045 0.04955 0.00000 0.00000 ( 1)
   5 Q   0.99351 0.00649 0.00000 0.00000 ( 1)
   6 L   0.91142 0.08858 0.00000 0.00000 ( 1)
   7 T   0.98890 0.01110 0.00000 0.00000 ( 1)
   8 R   0.91813 0.08187 0.00000 0.00000 ( 1)
   9 T   0.02732 0.97268 0.00000 0.00000 ( 2)
  10 L   0.02643 0.97357 0.00000 0.00000 ( 2)
  11 Y   0.96091 0.03909 0.00000 0.00000 ( 1)
  12 T   0.97523 0.02477 0.00000 0.00000 ( 1)
  13 N   0.00471 0.99529 0.00000 0.00000 ( 2)
  14 P   0.00003 0.99997 0.00000 0.00000 ( 2)
  15 V   0.76911 0.23089 0.00000 0.00000 ( 1)
  16 G   0.02913 0.97087 0.00000 0.00000 ( 2)
  17 E   0.00000 1.00000 0.00000 0.00000 ( 2)
  18 F   0.00000 1.00000 0.00000 0.00000 ( 2)
  19 -   0.29635 0.70365 0.00000 0.00000 ( 2)
  20 -   0.00467 0.99533 0.00000 0.00000 ( 2)
  21 -   0.64081 0.35919 0.00000 0.00000 ( 1)
  22 -   0.00457 0.99543 0.00000 0.00000 ( 2)
  23 R   0.00001 0.99999 0.00000 0.00000 ( 2)
  24 Y   0.00016 0.99984 0.00000 0.00000 ( 2)
  25 L   0.00000 1.00000 0.00000 0.00000 ( 2)
  26 E   0.00011 0.99989 0.00000 0.00000 ( 2)
  27 N   0.00000 1.00000 0.00000 0.00000 ( 2)
  28 I   0.62290 0.37710 0.00000 0.00000 ( 1)
  29 D   0.01096 0.98904 0.00000 0.00000 ( 2)
  30 S   0.00013 0.99987 0.00000 0.00000 ( 2)
  31 F   0.00066 0.99934 0.00000 0.00000 ( 2)
  32 E   0.99706 0.00294 0.00000 0.00000 ( 1)
  33 N   0.52081 0.47919 0.00000 0.00000 ( 1)
  34 A   0.00001 0.99999 0.00000 0.00000 ( 2)
  35 L   0.14592 0.85408 0.00000 0.00000 ( 2)
  36 V   0.99858 0.00142 0.00000 0.00000 ( 1)
  37 A   0.49583 0.50417 0.00000 0.00000 ( 2)
  38 P   0.00131 0.99869 0.00000 0.00000 ( 2)
  39 P   0.70737 0.29263 0.00000 0.00000 ( 1)
  40 Q   0.01007 0.98993 0.00000 0.00000 ( 2)
  41 L   0.96059 0.03941 0.00000 0.00000 ( 1)
  42 F   0.99882 0.00118 0.00000 0.00000 ( 1)
  43 T   0.00007 0.99993 0.00000 0.00000 ( 2)
  44 W   0.94488 0.05512 0.00000 0.00000 ( 1)
  45 L   0.95975 0.04025 0.00000 0.00000 ( 1)
  46 R   0.00092 0.99908 0.00000 0.00000 ( 2)
  47 E   0.00005 0.99995 0.00000 0.00000 ( 2)
  48 I   0.04589 0.95411 0.00000 0.00000 ( 2)
  49 E   0.53021 0.46979 0.00000 0.00000 ( 1)
  50 I   0.00003 0.99997 0.00000 0.00000 ( 2)
  51 P   0.00048 0.99952 0.00000 0.00000 ( 2)
  52 V   0.00116 0.99884 0.00000 0.00000 ( 2)
  53 G   0.00200 0.99800 0.00000 0.00000 ( 2)
  54 I   0.02279 0.97721 0.00000 0.00000 ( 2)
  55 V   0.00215 0.99785 0.00000 0.00000 ( 2)
  56 Y   0.00000 1.00000 0.00000 0.00000 ( 2)
  57 L   0.00006 0.99994 0.00000 0.00000 ( 2)
  58 N   0.00031 0.99969 0.00000 0.00000 ( 2)
  59 D   0.00201 0.99799 0.00000 0.00000 ( 2)
  60 R   0.00000 1.00000 0.00000 0.00000 ( 2)
  61 A   0.00002 0.99998 0.00000 0.00000 ( 2)
  62 P   0.00274 0.99726 0.00000 0.00000 ( 2)
  63 L   0.00000 1.00000 0.00000 0.00000 ( 2)
  64 L   0.00007 0.99993 0.00000 0.00000 ( 2)
  65 C   0.00128 0.99872 0.00000 0.00000 ( 2)
  66 K   0.02108 0.97892 0.00000 0.00000 ( 2)
  67 Q   0.99147 0.00853 0.00000 0.00000 ( 1)
  68 T   0.00865 0.99135 0.00000 0.00000 ( 2)
  69 L   0.04939 0.95061 0.00000 0.00000 ( 2)
  70 Q   0.00068 0.99932 0.00000 0.00000 ( 2)
  71 R   0.00018 0.99982 0.00000 0.00000 ( 2)
  72 T   0.99785 0.00215 0.00000 0.00000 ( 1)
  73 L   0.02287 0.97713 0.00000 0.00000 ( 2)
  74 S   0.00303 0.99697 0.00000 0.00000 ( 2)
  75 S   0.00000 1.00000 0.00000 0.00000 ( 2)
  76 T   0.00000 1.00000 0.00000 0.00000 ( 2)
  77 T   0.00003 0.99997 0.00000 0.00000 ( 2)
  78 W   0.00005 0.99995 0.00000 0.00000 ( 2)
  79 S   0.00149 0.99851 0.00000 0.00000 ( 2)
  80 I   0.01980 0.98020 0.00000 0.00000 ( 2)
  81 T   0.00071 0.99929 0.00000 0.00000 ( 2)
  82 Q   0.86189 0.13811 0.00000 0.00000 ( 1)
  83 G   0.96318 0.03682 0.00000 0.00000 ( 1)
  84 E   0.00052 0.99948 0.00000 0.00000 ( 2)
  85 I   0.00036 0.99964 0.00000 0.00000 ( 2)
  86 T   0.01346 0.98654 0.00000 0.00000 ( 2)
  87 T   0.00000 1.00000 0.00000 0.00000 ( 2)
  88 P   0.00000 1.00000 0.00000 0.00000 ( 2)
  89 V   0.00005 0.99995 0.00000 0.00000 ( 2)
  90 I   0.34400 0.65600 0.00000 0.00000 ( 2)
  91 D   0.00643 0.99357 0.00000 0.00000 ( 2)
  92 T   0.63538 0.36462 0.00000 0.00000 ( 1)
  93 L   0.00005 0.99995 0.00000 0.00000 ( 2)
  94 T   0.00014 0.99986 0.00000 0.00000 ( 2)
  95 L   0.03174 0.96826 0.00000 0.00000 ( 2)
  96 T   0.00056 0.99944 0.00000 0.00000 ( 2)
  97 I   0.42146 0.57854 0.00000 0.00000 ( 2)
  98 E   0.00001 0.99999 0.00000 0.00000 ( 2)
  99 P   0.00000 1.00000 0.00000 0.00000 ( 2)
 100 P   0.19114 0.80886 0.00000 0.00000 ( 2)
 101 H   0.00000 1.00000 0.00000 0.00000 ( 2)
 102 Y   0.00233 0.99767 0.00000 0.00000 ( 2)
 103 Q   0.00040 0.99960 0.00000 0.00000 ( 2)
 104 D   0.71816 0.28184 0.00000 0.00000 ( 1)
 105 D   0.98485 0.01515 0.00000 0.00000 ( 1)
 106 V   0.85353 0.14647 0.00000 0.00000 ( 1)
 107 W   0.43456 0.56544 0.00000 0.00000 ( 2)
 108 K   0.00050 0.99950 0.00000 0.00000 ( 2)
 109 V   0.95030 0.04970 0.00000 0.00000 ( 1)
 110 N   0.01280 0.98720 0.00000 0.00000 ( 2)
 111 T   0.00172 0.99828 0.00000 0.00000 ( 2)
 112 H   0.00036 0.99964 0.00000 0.00000 ( 2)
 113 G   0.00013 0.99987 0.00000 0.00000 ( 2)
 114 I   0.00053 0.99947 0.00000 0.00000 ( 2)
 115 S   0.00030 0.99970 0.00000 0.00000 ( 2)
 116 -   0.00016 0.99984 0.00000 0.00000 ( 2)
 117 -   0.00011 0.99989 0.00000 0.00000 ( 2)
 118 -   0.00020 0.99980 0.00000 0.00000 ( 2)
 119 -   0.00004 0.99996 0.00000 0.00000 ( 2)
 120 -   0.00004 0.99996 0.00000 0.00000 ( 2)
 121 -   0.00147 0.99853 0.00000 0.00000 ( 2)
 122 G   0.00000 1.00000 0.00000 0.00000 ( 2)
 123 N   0.00023 0.99977 0.00000 0.00000 ( 2)
 124 T   0.00008 0.99992 0.00000 0.00000 ( 2)
 125 D   0.00000 1.00000 0.00000 0.00000 ( 2)
 126 T   0.01809 0.98191 0.00000 0.00000 ( 2)
 127 V   0.07547 0.92453 0.00000 0.00000 ( 2)
 128 T   0.00003 0.99997 0.00000 0.00000 ( 2)
 129 G   0.00000 1.00000 0.00000 0.00000 ( 2)
 130 W   0.00602 0.99398 0.00000 0.00000 ( 2)
 131 T   0.47729 0.52271 0.00000 0.00000 ( 2)
 132 F   0.96642 0.03358 0.00000 0.00000 ( 1)
 133 N   0.00001 0.99999 0.00000 0.00000 ( 2)
 134 F   0.83877 0.16123 0.00000 0.00000 ( 1)
 135 I   0.08084 0.91916 0.00000 0.00000 ( 2)
 136 K   0.02811 0.97189 0.00000 0.00000 ( 2)
 137 S   0.09561 0.90439 0.00000 0.00000 ( 2)
 138 P   0.00000 1.00000 0.00000 0.00000 ( 2)
 139 D   0.99948 0.00052 0.00000 0.00000 ( 1)
 140 Q   0.98700 0.01300 0.00000 0.00000 ( 1)
 141 T   0.01366 0.98634 0.00000 0.00000 ( 2)
 142 L   0.01714 0.98286 0.00000 0.00000 ( 2)
 143 M   0.00000 1.00000 0.00000 0.00000 ( 2)
 144 V   0.00571 0.99429 0.00000 0.00000 ( 2)
 145 T   0.00000 1.00000 0.00000 0.00000 ( 2)
 146 N   0.00103 0.99897 0.00000 0.00000 ( 2)
 147 N   0.00000 1.00000 0.00000 0.00000 ( 2)
 148 I   0.34400 0.65600 0.00000 0.00000 ( 2)
 149 A   0.00156 0.99844 0.00000 0.00000 ( 2)
 150 P   0.01429 0.98571 0.00000 0.00000 ( 2)
 151 G   0.00147 0.99853 0.00000 0.00000 ( 2)
 152 S   0.00044 0.99956 0.00000 0.00000 ( 2)
 153 V   0.00001 0.99999 0.00000 0.00000 ( 2)
 154 T   0.00001 0.99999 0.00000 0.00000 ( 2)
 155 D   0.02646 0.97354 0.00000 0.00000 ( 2)
 156 R   0.04293 0.95707 0.00000 0.00000 ( 2)
 157 W   0.00009 0.99991 0.00000 0.00000 ( 2)
 158 S   0.00001 0.99999 0.00000 0.00000 ( 2)
 159 G   0.95820 0.04180 0.00000 0.00000 ( 1)
 160 F   0.04132 0.95868 0.00000 0.00000 ( 2)
 161 P   0.99850 0.00150 0.00000 0.00000 ( 1)
 162 C   0.99894 0.00106 0.00000 0.00000 ( 1)
 163 R   0.89670 0.10330 0.00000 0.00000 ( 1)
 164 G   0.06649 0.93351 0.00000 0.00000 ( 2)
 165 N   0.97843 0.02157 0.00000 0.00000 ( 1)
 166 D   0.88839 0.11161 0.00000 0.00000 ( 1)
 167 S   0.00582 0.99418 0.00000 0.00000 ( 2)
 168 V   0.00221 0.99779 0.00000 0.00000 ( 2)
 169 I   0.27609 0.72391 0.00000 0.00000 ( 2)
 170 C   0.99894 0.00106 0.00000 0.00000 ( 1)
 171 D   0.99896 0.00104 0.00000 0.00000 ( 1)
 172 P   0.99503 0.00497 0.00000 0.00000 ( 1)
 173 C   0.99894 0.00106 0.00000 0.00000 ( 1)
 174 D   0.99494 0.00506 0.00000 0.00000 ( 1)
 175 F   0.01107 0.98893 0.00000 0.00000 ( 2)
 176 E   0.08426 0.91574 0.00000 0.00000 ( 2)
 177 N   0.99798 0.00202 0.00000 0.00000 ( 1)
 178 T   0.96634 0.03366 0.00000 0.00000 ( 1)
 179 C   0.99894 0.00106 0.00000 0.00000 ( 1)
 180 R   0.00016 0.99984 0.00000 0.00000 ( 2)
 181 K   0.03570 0.96430 0.00000 0.00000 ( 2)
 182 E   0.08758 0.91242 0.00000 0.00000 ( 2)
 183 T   0.00022 0.99978 0.00000 0.00000 ( 2)
 184 P   0.49373 0.50627 0.00000 0.00000 ( 2)
 185 N   0.99110 0.00890 0.00000 0.00000 ( 1)
 186 T   0.01667 0.98333 0.00000 0.00000 ( 2)
 187 S   0.20803 0.79197 0.00000 0.00000 ( 2)
 188 V   0.00052 0.99948 0.00000 0.00000 ( 2)
 189 P   0.99850 0.00150 0.00000 0.00000 ( 1)
 190 C   0.99789 0.00211 0.00000 0.00000 ( 1)
 191 D   0.07304 0.92696 0.00000 0.00000 ( 2)
 192 D   0.99807 0.00193 0.00000 0.00000 ( 1)
 193 K   0.93273 0.06727 0.00000 0.00000 ( 1)
 194 Q   0.00282 0.99718 0.00000 0.00000 ( 2)
 195 H   0.36765 0.63235 0.00000 0.00000 ( 2)
 196 Y   0.99872 0.00128 0.00000 0.00000 ( 1)
 197 S   0.99963 0.00037 0.00000 0.00000 ( 1)
 198 H   0.99896 0.00104 0.00000 0.00000 ( 1)
 199 R   0.94121 0.05879 0.00000 0.00000 ( 1)
 200 L   0.29151 0.70849 0.00000 0.00000 ( 2)
 201 S   0.48541 0.51459 0.00000 0.00000 ( 2)
 202 Y   0.99872 0.00128 0.00000 0.00000 ( 1)
 203 V   0.00103 0.99897 0.00000 0.00000 ( 2)
 204 G   0.99871 0.00129 0.00000 0.00000 ( 1)
 205 A   0.44917 0.55083 0.00000 0.00000 ( 2)
 206 Q   0.00021 0.99979 0.00000 0.00000 ( 2)
 207 G   0.01730 0.98270 0.00000 0.00000 ( 2)
 208 -   0.31204 0.68796 0.00000 0.00000 ( 2)
 209 A   0.00035 0.99965 0.00000 0.00000 ( 2)
 210 S   0.00138 0.99862 0.00000 0.00000 ( 2)
 211 K   0.00002 0.99998 0.00000 0.00000 ( 2)
 212 H   0.00458 0.99542 0.00000 0.00000 ( 2)
 213 G   0.00001 0.99999 0.00000 0.00000 ( 2)
 214 F   0.00001 0.99999 0.00000 0.00000 ( 2)
 215 T   0.00016 0.99984 0.00000 0.00000 ( 2)
 216 P   0.99503 0.00497 0.00000 0.00000 ( 1)
 217 F   0.00001 0.99999 0.00000 0.00000 ( 2)
 218 E   0.00005 0.99995 0.00000 0.00000 ( 2)
 219 L   0.34496 0.65504 0.00000 0.00000 ( 2)
 220 M   0.00013 0.99987 0.00000 0.00000 ( 2)
 221 W   0.00001 0.99999 0.00000 0.00000 ( 2)
 222 F   0.98573 0.01427 0.00000 0.00000 ( 1)
 223 G   0.00148 0.99852 0.00000 0.00000 ( 2)
 224 Y   0.89703 0.10297 0.00000 0.00000 ( 1)
 225 G   0.89875 0.10125 0.00000 0.00000 ( 1)
 226 W   0.94488 0.05512 0.00000 0.00000 ( 1)
 227 T   0.98278 0.01722 0.00000 0.00000 ( 1)
 228 H   0.99328 0.00672 0.00000 0.00000 ( 1)
 229 V   0.79800 0.20200 0.00000 0.00000 ( 1)
 230 S   0.99959 0.00041 0.00000 0.00000 ( 1)


lnL = -3649.160132

Bayes Empirical Bayes (BEB) probabilities for 4 classes (class)
(amino acids refer to 1st sequence: BT_Cry32Ea1)

   1 P   0.98267 0.00279 0.01448 0.00006 ( 1)
   2 T   0.97202 0.00846 0.01929 0.00024 ( 1)
   3 K   0.98243 0.00221 0.01531 0.00005 ( 1)
   4 S   0.92697 0.04740 0.02410 0.00152 ( 1)
   5 Q   0.97538 0.00620 0.01826 0.00016 ( 1)
   6 L   0.88431 0.08445 0.02814 0.00310 ( 1)
   7 T   0.96988 0.01059 0.01924 0.00030 ( 1)
   8 R   0.89314 0.07821 0.02596 0.00269 ( 1)
   9 T   0.02156 0.88328 0.05726 0.03790 ( 2)
  10 L   0.02285 0.94482 0.00064 0.03170 ( 2)
  11 Y   0.94572 0.04005 0.01326 0.00097 ( 1)
  12 T   0.94790 0.02350 0.02777 0.00082 ( 1)
  13 N   0.00378 0.96605 0.00008 0.03009 ( 2)
  14 P   0.00002 0.94840 0.00003 0.05155 ( 2)
  15 V   0.74440 0.23420 0.01504 0.00635 ( 1)
  16 G   0.02527 0.94762 0.00055 0.02656 ( 2)
  17 E   0.00000 0.96052 0.00000 0.03948 ( 2)
  18 F   0.00000 0.96207 0.00000 0.03793 ( 2)
  19 -   0.28014 0.69314 0.00573 0.02099 ( 2)
  20 -   0.00365 0.87808 0.01018 0.10809 ( 2)
  21 -   0.63239 0.34813 0.00929 0.01018 ( 1)
  22 -   0.00365 0.89779 0.02662 0.07194 ( 2)
  23 R   0.00001 0.92931 0.00002 0.07067 ( 2)
  24 Y   0.00012 0.96471 0.00001 0.03516 ( 2)
  25 L   0.00000 0.96635 0.00000 0.03365 ( 2)
  26 E   0.00008 0.90760 0.00047 0.09185 ( 2)
  27 N   0.00000 0.94400 0.00000 0.05600 ( 2)
  28 I   0.59445 0.37698 0.01604 0.01253 ( 1)
  29 D   0.00867 0.93971 0.00583 0.04579 ( 2)
  30 S   0.00009 0.90936 0.00020 0.09035 ( 2)
  31 F   0.00049 0.95602 0.00002 0.04348 ( 2)
  32 E   0.98100 0.00280 0.01613 0.00007 ( 1)
  33 N   0.48640 0.49495 0.00580 0.01286 ( 2)
  34 A   0.00001 0.95300 0.00000 0.04699 ( 2)
  35 L   0.12754 0.83172 0.00426 0.03648 ( 2)
  36 V   0.98463 0.00135 0.01399 0.00003 ( 1)
  37 A   0.45905 0.51859 0.00640 0.01596 ( 2)
  38 P   0.00097 0.96041 0.00219 0.03643 ( 2)
  39 P   0.68178 0.29586 0.01420 0.00816 ( 1)
  40 Q   0.00815 0.96884 0.00012 0.02289 ( 2)
  41 L   0.93898 0.03776 0.02214 0.00112 ( 1)
  42 F   0.98560 0.00111 0.01326 0.00003 ( 1)
  43 T   0.00005 0.96902 0.00001 0.03092 ( 2)
  44 W   0.92108 0.05282 0.02441 0.00169 ( 1)
  45 L   0.93813 0.03859 0.02212 0.00115 ( 1)
  46 R   0.00051 0.72120 0.07475 0.20354 ( 2)
  47 E   0.00003 0.94945 0.00000 0.05051 ( 2)
  48 I   0.03989 0.92868 0.00104 0.03039 ( 2)
  49 E   0.49130 0.48618 0.00991 0.01261 ( 1)
  50 I   0.00002 0.93902 0.00002 0.06094 ( 2)
  51 P   0.00031 0.85236 0.03099 0.11634 ( 2)
  52 V   0.00091 0.94777 0.00005 0.05128 ( 2)
  53 G   0.00157 0.94711 0.00008 0.05124 ( 2)
  54 I   0.01927 0.92941 0.00101 0.05032 ( 2)
  55 V   0.00161 0.95856 0.00024 0.03960 ( 2)
  56 Y   0.00000 0.92226 0.00000 0.07774 ( 2)
  57 L   0.00004 0.86121 0.00011 0.13864 ( 2)
  58 N   0.00022 0.96839 0.00000 0.03139 ( 2)
  59 D   0.00152 0.96855 0.00002 0.02991 ( 2)
  60 R   0.00000 0.87315 0.00014 0.12671 ( 2)
  61 A   0.00001 0.96164 0.00000 0.03835 ( 2)
  62 P   0.00227 0.94640 0.00012 0.05121 ( 2)
  63 L   0.00000 0.90717 0.00000 0.09283 ( 2)
  64 L   0.00005 0.94195 0.00003 0.05797 ( 2)
  65 C   0.00096 0.97252 0.00001 0.02650 ( 2)
  66 K   0.01724 0.95929 0.00026 0.02322 ( 2)
  67 Q   0.97329 0.00816 0.01834 0.00021 ( 1)
  68 T   0.00705 0.96849 0.00010 0.02437 ( 2)
  69 L   0.04313 0.92747 0.00106 0.02834 ( 2)
  70 Q   0.00052 0.96064 0.00007 0.03877 ( 2)
  71 R   0.00012 0.96909 0.00000 0.03078 ( 2)
  72 T   0.98396 0.00203 0.01396 0.00005 ( 1)
  73 L   0.01978 0.94939 0.00051 0.03032 ( 2)
  74 S   0.00229 0.97205 0.00014 0.02552 ( 2)
  75 S   0.00000 0.90227 0.00000 0.09773 ( 2)
  76 T   0.00000 0.95680 0.00000 0.04320 ( 2)
  77 T   0.00002 0.91058 0.00003 0.08937 ( 2)
  78 W   0.00004 0.96990 0.00000 0.03006 ( 2)
  79 S   0.00119 0.96497 0.00003 0.03381 ( 2)
  80 I   0.01617 0.95903 0.00028 0.02452 ( 2)
  81 T   0.00052 0.94253 0.00043 0.05652 ( 2)
  82 Q   0.83938 0.14126 0.01561 0.00376 ( 1)
  83 G   0.94230 0.03533 0.02135 0.00102 ( 1)
  84 E   0.00039 0.96687 0.00001 0.03273 ( 2)
  85 I   0.00026 0.95335 0.00012 0.04627 ( 2)
  86 T   0.01054 0.91941 0.01192 0.05813 ( 2)
  87 T   0.00000 0.84479 0.00007 0.15514 ( 2)
  88 P   0.00000 0.94016 0.00000 0.05984 ( 2)
  89 V   0.00004 0.94649 0.00004 0.05344 ( 2)
  90 I   0.33103 0.61764 0.01756 0.03377 ( 2)
  91 D   0.00514 0.89551 0.02790 0.07144 ( 2)
  92 T   0.62371 0.35136 0.01246 0.01246 ( 1)
  93 L   0.00003 0.89033 0.00277 0.10687 ( 2)
  94 T   0.00011 0.96567 0.00000 0.03422 ( 2)
  95 L   0.02749 0.94231 0.00060 0.02961 ( 2)
  96 T   0.00042 0.95264 0.00001 0.04694 ( 2)
  97 I   0.38665 0.58944 0.00512 0.01879 ( 2)
  98 E   0.00001 0.95206 0.00000 0.04793 ( 2)
  99 P   0.00000 0.91991 0.00000 0.08008 ( 2)
 100 P   0.17012 0.80136 0.00344 0.02508 ( 2)
 101 H   0.00000 0.91899 0.00000 0.08101 ( 2)
 102 Y   0.00182 0.95189 0.00025 0.04604 ( 2)
 103 Q   0.00030 0.96879 0.00001 0.03091 ( 2)
 104 D   0.68560 0.29914 0.00798 0.00729 ( 1)
 105 D   0.97267 0.01546 0.01148 0.00038 ( 1)
 106 V   0.83276 0.14928 0.01362 0.00434 ( 1)
 107 W   0.41126 0.56046 0.01068 0.01760 ( 2)
 108 K   0.00037 0.97532 0.00001 0.02430 ( 2)
 109 V   0.93500 0.05085 0.01267 0.00148 ( 1)
 110 N   0.01043 0.96446 0.00016 0.02494 ( 2)
 111 T   0.00129 0.96767 0.00008 0.03096 ( 2)
 112 H   0.00026 0.93583 0.00004 0.06388 ( 2)
 113 G   0.00009 0.97131 0.00000 0.02860 ( 2)
 114 I   0.00031 0.73152 0.01332 0.25485 ( 2)
 115 S   0.00023 0.96380 0.00001 0.03597 ( 2)
 116 -   0.00012 0.94471 0.00002 0.05515 ( 2)
 117 -   0.00008 0.94420 0.00014 0.05558 ( 2)
 118 -   0.00014 0.91687 0.00258 0.08040 ( 2)
 119 -   0.00003 0.95244 0.00001 0.04752 ( 2)
 120 -   0.00003 0.91666 0.00005 0.08326 ( 2)
 121 -   0.00115 0.94529 0.00009 0.05347 ( 2)
 122 G   0.00000 0.91913 0.00000 0.08087 ( 2)
 123 N   0.00017 0.97289 0.00000 0.02693 ( 2)
 124 T   0.00006 0.96612 0.00001 0.03382 ( 2)
 125 D   0.00000 0.90895 0.00001 0.09104 ( 2)
 126 T   0.01481 0.95584 0.00021 0.02914 ( 2)
 127 V   0.06634 0.90803 0.00130 0.02432 ( 2)
 128 T   0.00002 0.95373 0.00000 0.04625 ( 2)
 129 G   0.00000 0.96553 0.00000 0.03446 ( 2)
 130 W   0.00486 0.96512 0.00012 0.02990 ( 2)
 131 T   0.45342 0.51865 0.01155 0.01637 ( 2)
 132 F   0.50362 0.01798 0.47731 0.00109 ( 1)
 133 N   0.00001 0.96578 0.00000 0.03421 ( 2)
 134 F   0.81859 0.16516 0.01147 0.00477 ( 1)
 135 I   0.07030 0.89167 0.00224 0.03579 ( 2)
 136 K   0.02282 0.94211 0.00048 0.03459 ( 2)
 137 S   0.08407 0.88608 0.00211 0.02775 ( 2)
 138 P   0.00000 0.91466 0.00001 0.08533 ( 2)
 139 D   0.98783 0.00049 0.01167 0.00001 ( 1)
 140 Q   0.96903 0.01246 0.01819 0.00032 ( 1)
 141 T   0.01100 0.95078 0.00016 0.03806 ( 2)
 142 L   0.01388 0.95346 0.00029 0.03238 ( 2)
 143 M   0.00000 0.83108 0.00000 0.16891 ( 2)
 144 V   0.00442 0.94285 0.00342 0.04931 ( 2)
 145 T   0.00000 0.94370 0.00001 0.05629 ( 2)
 146 N   0.00081 0.95620 0.00008 0.04291 ( 2)
 147 N   0.00000 0.88341 0.00003 0.11657 ( 2)
 148 I   0.33103 0.61764 0.01756 0.03377 ( 2)
 149 A   0.00128 0.94739 0.00007 0.05126 ( 2)
 150 P   0.01211 0.93656 0.00064 0.05069 ( 2)
 151 G   0.00109 0.96175 0.00004 0.03713 ( 2)
 152 S   0.00033 0.96218 0.00001 0.03748 ( 2)
 153 V   0.00001 0.96690 0.00000 0.03310 ( 2)
 154 T   0.00001 0.96107 0.00000 0.03893 ( 2)
 155 D   0.02163 0.94798 0.00031 0.03009 ( 2)
 156 R   0.03730 0.93006 0.00106 0.03158 ( 2)
 157 W   0.00007 0.96718 0.00000 0.03275 ( 2)
 158 S   0.00001 0.93517 0.00001 0.06482 ( 2)
 159 G   0.93292 0.03993 0.02583 0.00132 ( 1)
 160 F   0.03571 0.93005 0.00126 0.03298 ( 2)
 161 P   0.98417 0.00143 0.01437 0.00003 ( 1)
 162 C   0.98489 0.00100 0.01409 0.00002 ( 1)
 163 R   0.87560 0.10593 0.01583 0.00264 ( 1)
 164 G   0.05732 0.90180 0.00424 0.03664 ( 2)
 165 N   0.96557 0.02187 0.01180 0.00075 ( 1)
 166 D   0.82717 0.11021 0.05907 0.00355 ( 1)
 167 S   0.00467 0.96163 0.00014 0.03356 ( 2)
 168 V   0.00167 0.97407 0.00003 0.02424 ( 2)
 169 I   0.24999 0.72904 0.00316 0.01781 ( 2)
 170 C   0.98489 0.00100 0.01409 0.00002 ( 1)
 171 D   0.98652 0.00098 0.01247 0.00003 ( 1)
 172 P   0.97981 0.00474 0.01533 0.00012 ( 1)
 173 C   0.98489 0.00100 0.01409 0.00002 ( 1)
 174 D   0.98345 0.00481 0.01162 0.00012 ( 1)
 175 F   0.00893 0.95546 0.00015 0.03547 ( 2)
 176 E   0.07417 0.89832 0.00143 0.02607 ( 2)
 177 N   0.98564 0.00190 0.01240 0.00005 ( 1)
 178 T   0.95062 0.03455 0.01398 0.00085 ( 1)
 179 C   0.98489 0.00100 0.01409 0.00002 ( 1)
 180 R   0.00010 0.81532 0.00996 0.17463 ( 2)
 181 K   0.02859 0.91832 0.01170 0.04139 ( 2)
 182 E   0.07691 0.89959 0.00125 0.02225 ( 2)
 183 T   0.00016 0.96341 0.00001 0.03642 ( 2)
 184 P   0.45806 0.52353 0.00651 0.01190 ( 2)
 185 N   0.97118 0.00846 0.02013 0.00023 ( 1)
 186 T   0.01442 0.95484 0.00036 0.03037 ( 2)
 187 S   0.18681 0.78927 0.00260 0.02132 ( 2)
 188 V   0.00039 0.97416 0.00002 0.02542 ( 2)
 189 P   0.98417 0.00143 0.01437 0.00003 ( 1)
 190 C   0.98376 0.00201 0.01419 0.00005 ( 1)
 191 D   0.05981 0.89944 0.01158 0.02916 ( 2)
 192 D   0.98631 0.00184 0.01181 0.00004 ( 1)
 193 K   0.91510 0.06901 0.01421 0.00168 ( 1)
 194 Q   0.00225 0.96271 0.00006 0.03498 ( 2)
 195 H   0.34694 0.62497 0.00850 0.01959 ( 2)
 196 Y   0.98492 0.00121 0.01383 0.00003 ( 1)
 197 S   0.98779 0.00035 0.01185 0.00001 ( 1)
 198 H   0.98669 0.00098 0.01230 0.00002 ( 1)
 199 R   0.91531 0.05613 0.02662 0.00193 ( 1)
 200 L   0.20297 0.51048 0.16305 0.12349 ( 2)
 201 S   0.46032 0.51058 0.01179 0.01732 ( 2)
 202 Y   0.98492 0.00121 0.01383 0.00003 ( 1)
 203 V   0.00078 0.92331 0.00240 0.07352 ( 2)
 204 G   0.98461 0.00123 0.01413 0.00003 ( 1)
 205 A   0.42548 0.54598 0.01111 0.01743 ( 2)
 206 Q   0.00015 0.97338 0.00000 0.02646 ( 2)
 207 G   0.01465 0.93402 0.00077 0.05056 ( 2)
 208 -   0.30056 0.64811 0.01593 0.03540 ( 2)
 209 A   0.00027 0.94997 0.00044 0.04931 ( 2)
 210 S   0.00112 0.94980 0.00004 0.04903 ( 2)
 211 K   0.00001 0.93844 0.00005 0.06150 ( 2)
 212 H   0.00367 0.95671 0.00242 0.03721 ( 2)
 213 G   0.00000 0.84646 0.00005 0.15349 ( 2)
 214 F   0.00001 0.91512 0.00002 0.08486 ( 2)
 215 T   0.00011 0.92576 0.00012 0.07400 ( 2)
 216 P   0.97981 0.00474 0.01533 0.00012 ( 1)
 217 F   0.00001 0.95803 0.00000 0.04197 ( 2)
 218 E   0.00003 0.85951 0.00077 0.13968 ( 2)
 219 L   0.32665 0.64539 0.00830 0.01966 ( 2)
 220 M   0.00009 0.96448 0.00000 0.03542 ( 2)
 221 W   0.00000 0.96831 0.00000 0.03169 ( 2)
 222 F   0.97235 0.01461 0.01266 0.00038 ( 1)
 223 G   0.00111 0.97146 0.00002 0.02741 ( 2)
 224 Y   0.87922 0.10577 0.01237 0.00263 ( 1)
 225 G   0.87251 0.09669 0.02730 0.00350 ( 1)
 226 W   0.92108 0.05282 0.02441 0.00169 ( 1)
 227 T   0.96382 0.01647 0.01925 0.00046 ( 1)
 228 H   0.97025 0.00635 0.02321 0.00020 ( 1)
 229 V   0.77326 0.20553 0.01564 0.00556 ( 1)
 230 S   0.98771 0.00039 0.01189 0.00001 ( 1)

