Supplemental results for CODEML (seqf: algn  treef: tree)


dN/dS (w) for site classes (K=4)

site class             0        1       2a       2b
proportion       0.00000  0.00000  0.57856  0.42144
background w     0.06763  0.90146  0.06763  0.90146
foreground w     0.06763  0.90146  0.03317  0.03317

Naive Empirical Bayes (NEB) probabilities for 4 classes
(amino acids refer to 1st sequence: BT_Cry19Ca1)

   1 -   0.00000 0.00000 0.85930 0.14070 ( 3)
   2 -   0.00000 0.00000 0.09788 0.90212 ( 4)
   3 F   0.00000 0.00000 0.09968 0.90032 ( 4)
   4 D   0.00000 0.00000 0.98408 0.01592 ( 3)
   5 K   0.00000 0.00000 0.20956 0.79044 ( 4)
   6 I   0.00000 0.00000 0.94416 0.05584 ( 3)
   7 T   0.00000 0.00000 0.99577 0.00423 ( 3)
   8 Q   0.00000 0.00000 0.99529 0.00471 ( 3)
   9 I   0.00000 0.00000 0.95158 0.04842 ( 3)
  10 P   0.00000 0.00000 0.99717 0.00283 ( 3)
  11 A   0.00000 0.00000 0.99431 0.00569 ( 3)
  12 V   0.00000 0.00000 0.99408 0.00592 ( 3)
  13 K   0.00000 0.00000 0.99787 0.00213 ( 3)
  14 S   0.00000 0.00000 0.31034 0.68966 ( 4)
  15 S   0.00000 0.00000 0.00021 0.99979 ( 4)
  16 D   0.00000 0.00000 0.00000 1.00000 ( 4)
  17 W   0.00000 0.00000 0.41120 0.58880 ( 4)
  18 L   0.00000 0.00000 0.00500 0.99500 ( 4)
  19 F   0.00000 0.00000 0.54290 0.45710 ( 3)
  20 Y   0.00000 0.00000 0.26697 0.73303 ( 4)
  21 G   0.00000 0.00000 0.97179 0.02821 ( 3)
  22 N   0.00000 0.00000 0.05951 0.94049 ( 4)
  23 L   0.00000 0.00000 0.89120 0.10880 ( 3)
  24 L   0.00000 0.00000 0.95934 0.04066 ( 3)
  25 K   0.00000 0.00000 0.00164 0.99836 ( 4)
  26 G   0.00000 0.00000 0.99726 0.00274 ( 3)
  27 P   0.00000 0.00000 0.99672 0.00328 ( 3)
  28 G   0.00000 0.00000 0.99425 0.00575 ( 3)
  29 H   0.00000 0.00000 0.99844 0.00156 ( 3)
  30 T   0.00000 0.00000 0.99525 0.00475 ( 3)
  31 G   0.00000 0.00000 0.99693 0.00307 ( 3)
  32 G   0.00000 0.00000 0.99533 0.00467 ( 3)
  33 D   0.00000 0.00000 0.99861 0.00139 ( 3)
  34 L   0.00000 0.00000 0.98820 0.01180 ( 3)
  35 V   0.00000 0.00000 0.99434 0.00566 ( 3)
  36 F   0.00000 0.00000 0.10987 0.89013 ( 4)
  37 L   0.00000 0.00000 0.99707 0.00293 ( 3)
  38 D   0.00000 0.00000 0.01134 0.98866 ( 4)
  39 N   0.00000 0.00000 0.99033 0.00967 ( 3)
  40 G   0.00000 0.00000 0.00052 0.99948 ( 4)
  41 N   0.00000 0.00000 0.00073 0.99927 ( 4)
  42 N   0.00000 0.00000 0.00326 0.99674 ( 4)
  43 F   0.00000 0.00000 0.00785 0.99215 ( 4)
  44 N   0.00000 0.00000 0.00102 0.99898 ( 4)
  45 V   0.00000 0.00000 0.52584 0.47416 ( 3)
  46 R   0.00000 0.00000 0.00012 0.99988 ( 4)
  47 V   0.00000 0.00000 0.81292 0.18708 ( 3)
  48 N   0.00000 0.00000 0.01240 0.98760 ( 4)
  49 F   0.00000 0.00000 0.74451 0.25549 ( 3)
  50 -   0.00000 0.00000 0.29308 0.70692 ( 4)
  51 -   0.00000 0.00000 0.87089 0.12911 ( 3)
  52 -   0.00000 0.00000 0.94148 0.05852 ( 3)
  53 -   0.00000 0.00000 0.93087 0.06913 ( 3)
  54 -   0.00000 0.00000 0.91486 0.08514 ( 3)
  55 -   0.00000 0.00000 0.76870 0.23130 ( 3)
  56 -   0.00000 0.00000 0.44863 0.55137 ( 4)
  57 -   0.00000 0.00000 0.94928 0.05072 ( 3)
  58 -   0.00000 0.00000 0.31857 0.68143 ( 4)
  59 P   0.00000 0.00000 0.36467 0.63533 ( 4)
  60 V   0.00000 0.00000 0.18409 0.81591 ( 4)
  61 Q   0.00000 0.00000 0.93400 0.06600 ( 3)
  62 S   0.00000 0.00000 0.00262 0.99738 ( 4)
  63 Y   0.00000 0.00000 0.99338 0.00662 ( 3)
  64 R   0.00000 0.00000 0.58010 0.41990 ( 3)
  65 V   0.00000 0.00000 0.15236 0.84764 ( 4)
  66 R   0.00000 0.00000 0.95885 0.04115 ( 3)
  67 I   0.00000 0.00000 0.82547 0.17453 ( 3)
  68 R   0.00000 0.00000 0.99004 0.00996 ( 3)
  69 Y   0.00000 0.00000 0.99740 0.00260 ( 3)
  70 A   0.00000 0.00000 0.99792 0.00208 ( 3)
  71 A   0.00000 0.00000 0.94341 0.05659 ( 3)
  72 D   0.00000 0.00000 0.98166 0.01834 ( 3)
  73 G   0.00000 0.00000 0.90975 0.09025 ( 3)
  74 N   0.00000 0.00000 0.00492 0.99508 ( 4)
  75 G   0.00000 0.00000 0.10266 0.89734 ( 4)
  76 E   0.00000 0.00000 0.77845 0.22155 ( 3)
  77 M   0.00000 0.00000 0.89850 0.10150 ( 3)
  78 A   0.00000 0.00000 0.20961 0.79039 ( 4)
  79 I   0.00000 0.00000 0.90533 0.09467 ( 3)
  80 S   0.00000 0.00000 0.30369 0.69631 ( 4)
  81 V   0.00000 0.00000 0.40055 0.59945 ( 4)
  82 D   0.00000 0.00000 0.00871 0.99129 ( 4)
  83 G   0.00000 0.00000 0.03470 0.96530 ( 4)
  84 T   0.00000 0.00000 0.00002 0.99998 ( 4)
  85 -   0.00000 0.00000 0.80758 0.19242 ( 3)
  86 -   0.00000 0.00000 0.70733 0.29267 ( 3)
  87 -   0.00000 0.00000 0.00616 0.99384 ( 4)
  88 -   0.00000 0.00000 0.40981 0.59019 ( 4)
  89 L   0.00000 0.00000 0.00000 1.00000 ( 4)
  90 Y   0.00000 0.00000 0.26117 0.73883 ( 4)
  91 T   0.00000 0.00000 0.43422 0.56578 ( 4)
  92 P   0.00000 0.00000 0.11655 0.88345 ( 4)
  93 F   0.00000 0.00000 0.99854 0.00146 ( 3)
  94 N   0.00000 0.00000 0.00000 1.00000 ( 4)
  95 V   0.00000 0.00000 0.73910 0.26090 ( 3)
  96 E   0.00000 0.00000 0.96299 0.03701 ( 3)
  97 R   0.00000 0.00000 0.00959 0.99041 ( 4)
  98 T   0.00000 0.00000 0.99565 0.00435 ( 3)
  99 F   0.00000 0.00000 0.99854 0.00146 ( 3)
 100 S   0.00000 0.00000 0.38842 0.61158 ( 4)
 101 N   0.00000 0.00000 0.47301 0.52699 ( 4)
 102 N   0.00000 0.00000 0.00087 0.99913 ( 4)
 103 N   0.00000 0.00000 0.99855 0.00145 ( 3)
 104 Y   0.00000 0.00000 0.98781 0.01219 ( 3)
 105 -   0.00000 0.00000 0.53707 0.46293 ( 3)
 106 -   0.00000 0.00000 0.94138 0.05862 ( 3)
 107 -   0.00000 0.00000 0.86946 0.13054 ( 3)
 108 N   0.00000 0.00000 0.94969 0.05031 ( 3)
 109 D   0.00000 0.00000 0.99898 0.00102 ( 3)
 110 L   0.00000 0.00000 0.98724 0.01276 ( 3)
 111 K   0.00000 0.00000 0.96878 0.03122 ( 3)
 112 F   0.00000 0.00000 0.53845 0.46155 ( 3)
 113 E   0.00000 0.00000 0.86263 0.13737 ( 3)
 114 D   0.00000 0.00000 0.94217 0.05783 ( 3)
 115 F   0.00000 0.00000 0.99656 0.00344 ( 3)
 116 K   0.00000 0.00000 0.97721 0.02279 ( 3)
 117 V   0.00000 0.00000 0.10846 0.89154 ( 4)
 118 I   0.00000 0.00000 0.77457 0.22543 ( 3)
 119 D   0.00000 0.00000 0.91965 0.08035 ( 3)
 120 T   0.00000 0.00000 0.60159 0.39841 ( 3)
 121 P   0.00000 0.00000 0.00001 0.99999 ( 4)
 122 L   0.00000 0.00000 0.31081 0.68919 ( 4)
 123 I   0.00000 0.00000 0.99689 0.00311 ( 3)
 124 Y   0.00000 0.00000 0.60416 0.39584 ( 3)
 125 N   0.00000 0.00000 0.96476 0.03524 ( 3)
 126 A   0.00000 0.00000 0.14976 0.85024 ( 4)
 127 S   0.00000 0.00000 0.34740 0.65260 ( 4)
 128 Y   0.00000 0.00000 0.00038 0.99962 ( 4)
 129 E   0.00000 0.00000 0.05446 0.94554 ( 4)
 130 G   0.00000 0.00000 0.05756 0.94244 ( 4)
 131 A   0.00000 0.00000 0.35099 0.64901 ( 4)
 132 K   0.00000 0.00000 0.55148 0.44852 ( 3)
 133 S   0.00000 0.00000 0.80643 0.19357 ( 3)
 134 I   0.00000 0.00000 0.92576 0.07424 ( 3)
 135 F   0.00000 0.00000 0.04544 0.95456 ( 4)
 136 L   0.00000 0.00000 0.95955 0.04045 ( 3)
 137 -   0.00000 0.00000 0.00031 0.99969 ( 4)
 138 -   0.00000 0.00000 0.07524 0.92476 ( 4)
 139 -   0.00000 0.00000 0.00013 0.99987 ( 4)
 140 -   0.00000 0.00000 0.84251 0.15749 ( 3)
 141 -   0.00000 0.00000 0.00109 0.99891 ( 4)
 142 Y   0.00000 0.00000 0.00005 0.99995 ( 4)
 143 N   0.00000 0.00000 0.00017 0.99983 ( 4)
 144 N   0.00000 0.00000 0.00000 1.00000 ( 4)
 145 S   0.00000 0.00000 0.00006 0.99994 ( 4)
 146 N   0.00000 0.00000 0.95416 0.04584 ( 3)
 147 K   0.00000 0.00000 0.00018 0.99982 ( 4)
 148 R   0.00000 0.00000 0.84018 0.15982 ( 3)
 149 V   0.00000 0.00000 0.90678 0.09322 ( 3)
 150 I   0.00000 0.00000 0.99689 0.00311 ( 3)
 151 I   0.00000 0.00000 0.99702 0.00298 ( 3)
 152 D   0.00000 0.00000 0.99360 0.00640 ( 3)
 153 K   0.00000 0.00000 0.98739 0.01261 ( 3)
 154 I   0.00000 0.00000 0.98225 0.01775 ( 3)
 155 E   0.00000 0.00000 0.99800 0.00200 ( 3)
 156 F   0.00000 0.00000 0.96731 0.03269 ( 3)
 157 I   0.00000 0.00000 0.01079 0.98921 ( 4)
 158 -   0.00000 0.00000 0.84964 0.15036 ( 3)


lnL = -2299.253641

