Supplemental results for CODEML (seqf: algn  treef: tree)


dN/dS (w) for site classes (K=4)

site class             0        1       2a       2b
proportion       0.37317  0.23535  0.24007  0.15141
background w     0.12535  1.00000  0.12535  1.00000
foreground w     0.12535  1.00000  1.00000  1.00000

Naive Empirical Bayes (NEB) probabilities for 4 classes
(amino acids refer to 1st sequence: BT_Cry19Ba1)

   1 E   0.15979 0.35711 0.25337 0.22973 ( 2)
   2 -   0.37317 0.23535 0.24007 0.15141 ( 1)
   3 -   0.37317 0.23535 0.24007 0.15141 ( 1)
   4 V   0.05013 0.02034 0.91644 0.01308 ( 3)
   5 G   0.04892 0.00634 0.94066 0.00408 ( 3)
   6 P   0.01144 0.59790 0.00603 0.38463 ( 2)
   7 L   0.19689 0.18722 0.49546 0.12044 ( 3)
   8 L   0.73995 0.00366 0.25404 0.00235 ( 1)
   9 S   0.31017 0.00562 0.68059 0.00362 ( 3)
  10 W   0.14415 0.49926 0.03541 0.32118 ( 2)
  11 M   0.09466 0.31345 0.39025 0.20165 ( 3)
  12 V   0.00471 0.51913 0.14219 0.33396 ( 2)
  13 S   0.00302 0.32707 0.45950 0.21041 ( 3)
  14 L   0.13143 0.49328 0.05797 0.31733 ( 2)
  15 F   0.65956 0.08278 0.20441 0.05325 ( 1)
  16 W   0.61840 0.04438 0.30868 0.02855 ( 1)
  17 P   0.75386 0.00161 0.24350 0.00103 ( 1)
  18 T   0.01035 0.58868 0.02226 0.37870 ( 2)
  19 I   0.00050 0.59651 0.01925 0.38374 ( 2)
  20 -   0.52925 0.07928 0.34047 0.05100 ( 1)
  21 -   0.52280 0.08572 0.33632 0.05515 ( 1)
  22 -   0.48269 0.12583 0.31052 0.08095 ( 1)
  23 E   0.02047 0.59109 0.00818 0.38026 ( 2)
  24 E   0.00017 0.60591 0.00413 0.38979 ( 2)
  25 K   0.01137 0.59947 0.00351 0.38565 ( 2)
  26 N   0.81918 0.01037 0.16379 0.00667 ( 1)
  27 T   0.00676 0.52276 0.13418 0.33630 ( 2)
  28 V   0.76593 0.02968 0.18530 0.01909 ( 1)
  29 W   0.61840 0.04438 0.30868 0.02855 ( 1)
  30 E   0.38209 0.31589 0.09881 0.20322 ( 1)
  31 D   0.00063 0.10131 0.83288 0.06518 ( 3)
  32 M   0.01244 0.39132 0.34449 0.25174 ( 2)
  33 I   0.76787 0.01955 0.20001 0.01257 ( 1)
  34 K   0.80258 0.00510 0.18905 0.00328 ( 1)
  35 Y   0.01509 0.43022 0.27793 0.27676 ( 2)
  36 V   0.22084 0.12422 0.57503 0.07991 ( 3)
  37 A   0.62467 0.05789 0.28020 0.03724 ( 1)
  38 N   0.81634 0.00853 0.16965 0.00549 ( 1)
  39 L   0.67107 0.02002 0.29603 0.01288 ( 1)
  40 L   0.81436 0.00377 0.17944 0.00243 ( 1)
  41 K   0.00004 0.60788 0.00103 0.39106 ( 2)
  42 Q   0.04010 0.57591 0.01350 0.37049 ( 2)
  43 E   0.03547 0.15063 0.71700 0.09690 ( 3)
  44 L   0.10512 0.52258 0.03612 0.33618 ( 2)
  45 T   0.00015 0.60158 0.01127 0.38700 ( 2)
  46 N   0.00013 0.60742 0.00169 0.39076 ( 2)
  47 D   0.00024 0.60778 0.00099 0.39099 ( 2)
  48 T   0.09176 0.43542 0.19271 0.28011 ( 2)
  49 L   0.18989 0.22674 0.43750 0.14587 ( 3)
  50 N   0.00020 0.60587 0.00417 0.38976 ( 2)
  51 R   0.09357 0.53204 0.03211 0.34227 ( 2)
  52 A   0.78801 0.00084 0.21061 0.00054 ( 1)
  53 T   0.66612 0.00860 0.31975 0.00553 ( 1)
  54 S   0.00240 0.60231 0.00782 0.38747 ( 2)
  55 N   0.77409 0.02419 0.18615 0.01556 ( 1)
  56 L   0.70874 0.02916 0.24333 0.01876 ( 1)
  57 S   0.00757 0.58694 0.02791 0.37758 ( 2)
  58 G   0.61123 0.12510 0.18319 0.08048 ( 1)
  59 L   0.73264 0.00957 0.25164 0.00615 ( 1)
  60 N   0.00273 0.59828 0.01411 0.38488 ( 2)
  61 E   0.20681 0.16038 0.52963 0.10318 ( 3)
  62 S   0.06751 0.54143 0.04276 0.34830 ( 2)
  63 L   0.67591 0.01579 0.29815 0.01016 ( 1)
  64 N   0.00002 0.59230 0.02665 0.38103 ( 2)
  65 I   0.04333 0.12067 0.75837 0.07763 ( 3)
  66 Y   0.77039 0.00088 0.22816 0.00057 ( 1)
  67 N   0.70859 0.00451 0.28400 0.00290 ( 1)
  68 R   0.40070 0.10982 0.41884 0.07065 ( 3)
  69 A   0.19718 0.19819 0.47714 0.12750 ( 3)
  70 L   0.31304 0.00386 0.68062 0.00248 ( 3)
  71 A   0.76536 0.01832 0.20452 0.01179 ( 1)
  72 A   0.00055 0.60368 0.00742 0.38835 ( 2)
  73 W   0.61840 0.04438 0.30868 0.02855 ( 1)
  74 K   0.02400 0.23047 0.59726 0.14826 ( 3)
  75 Q   0.00000 0.60849 0.00006 0.39145 ( 2)
  76 -   0.37317 0.23535 0.24007 0.15141 ( 1)
  77 N   0.00361 0.59894 0.01215 0.38530 ( 2)
  78 K   0.00108 0.60706 0.00133 0.39053 ( 2)
  79 N   0.02223 0.56735 0.04544 0.36498 ( 2)
  80 N   0.00009 0.60823 0.00041 0.39128 ( 2)
  81 F   0.04028 0.56825 0.02591 0.36556 ( 2)
  82 A   0.03718 0.57135 0.02392 0.36755 ( 2)
  83 S   0.08095 0.52758 0.05208 0.33940 ( 2)
  84 -   0.37317 0.23535 0.24007 0.15141 ( 1)
  85 -   0.52586 0.08266 0.33829 0.05318 ( 1)
  86 G   0.26496 0.04092 0.66779 0.02633 ( 3)
  87 E   0.01929 0.30277 0.48317 0.19477 ( 3)
  88 L   0.00762 0.59919 0.00772 0.38546 ( 2)
  89 I   0.09567 0.52677 0.03869 0.33887 ( 2)
  90 R   0.31073 0.01526 0.66419 0.00982 ( 3)
  91 S   0.00005 0.60845 0.00007 0.39142 ( 2)
  92 Y   0.00479 0.60462 0.00164 0.38895 ( 2)
  93 I   0.78936 0.00316 0.20545 0.00203 ( 1)
  94 N   0.00033 0.58157 0.04397 0.37413 ( 2)
  95 D   0.12941 0.49245 0.06134 0.31680 ( 2)
  96 L   0.77683 0.00073 0.22197 0.00047 ( 1)
  97 H   0.80155 0.00116 0.19654 0.00075 ( 1)
  98 I   0.14030 0.28828 0.38596 0.18545 ( 3)
  99 L   0.00008 0.60821 0.00045 0.39126 ( 2)
 100 F   0.81125 0.00022 0.18838 0.00014 ( 1)
 101 T   0.00042 0.60082 0.01225 0.38651 ( 2)
 102 R   0.00000 0.60852 0.00001 0.39147 ( 2)
 103 D   0.04214 0.57366 0.01516 0.36904 ( 2)
 104 I   0.80885 0.00037 0.19054 0.00024 ( 1)
 105 Q   0.63047 0.13945 0.14037 0.08971 ( 1)
 106 S   0.00212 0.60651 0.00120 0.39017 ( 2)
 107 D   0.20988 0.04481 0.71648 0.02883 ( 3)
 108 F   0.68285 0.01176 0.29783 0.00756 ( 1)
 109 S   0.06276 0.53568 0.05695 0.34461 ( 2)
 110 L   0.21546 0.44716 0.04972 0.28766 ( 2)
 111 G   0.00002 0.60790 0.00101 0.39107 ( 2)
 112 G   0.04240 0.09583 0.80012 0.06165 ( 3)
 113 Y   0.78055 0.00122 0.21745 0.00078 ( 1)
 114 E   0.79836 0.00686 0.19036 0.00441 ( 1)
 115 T   0.00499 0.59890 0.01083 0.38528 ( 2)
 116 V   0.81588 0.00263 0.17980 0.00169 ( 1)
 117 L   0.73995 0.00366 0.25404 0.00235 ( 1)
 118 L   0.73812 0.00513 0.25345 0.00330 ( 1)
 119 P   0.75392 0.00158 0.24349 0.00101 ( 1)
 120 S   0.20395 0.02538 0.75435 0.01633 ( 3)
 121 Y   0.78140 0.00148 0.21617 0.00095 ( 1)
 122 A   0.26441 0.02527 0.69406 0.01626 ( 3)
 123 S   0.76725 0.02301 0.19494 0.01480 ( 1)
 124 A   0.18879 0.01256 0.79057 0.00808 ( 3)
 125 A   0.65249 0.02261 0.31035 0.01455 ( 1)
 126 N   0.83194 0.00138 0.16580 0.00089 ( 1)
 127 L   0.34906 0.00657 0.64015 0.00423 ( 3)
 128 H   0.80252 0.00046 0.19672 0.00030 ( 1)
 129 L   0.68656 0.00658 0.30262 0.00424 ( 1)
 130 L   0.23184 0.02324 0.72997 0.01495 ( 3)
 131 L   0.72925 0.00573 0.26133 0.00369 ( 1)
 132 L   0.73676 0.00620 0.25304 0.00399 ( 1)
 133 R   0.72798 0.00989 0.25577 0.00636 ( 1)
 134 D   0.70933 0.00062 0.28964 0.00040 ( 1)
 135 V   0.80162 0.00559 0.18918 0.00360 ( 1)
 136 A   0.07328 0.55292 0.01810 0.35570 ( 2)
 137 I   0.80233 0.00519 0.18914 0.00334 ( 1)
 138 Y   0.73039 0.03316 0.21512 0.02133 ( 1)
 139 G   0.76758 0.00144 0.23005 0.00093 ( 1)
 140 K   0.01541 0.02959 0.93596 0.01904 ( 3)
 141 E   0.02966 0.15608 0.71385 0.10041 ( 3)
 142 -   0.43256 0.21306 0.21732 0.13706 ( 1)
 143 -   0.38587 0.23059 0.23520 0.14834 ( 1)
 144 -   0.41326 0.22030 0.22471 0.14172 ( 1)
 145 -   0.43163 0.21341 0.21768 0.13729 ( 1)
 146 -   0.42137 0.21726 0.22161 0.13976 ( 1)
 147 -   0.43256 0.21306 0.21732 0.13706 ( 1)
 148 -   0.44146 0.20972 0.21391 0.13491 ( 1)
 149 -   0.38467 0.23104 0.23566 0.14863 ( 1)
 150 L   0.68757 0.00632 0.30205 0.00406 ( 1)
 151 G   0.05730 0.00276 0.93817 0.00178 ( 3)
 152 Y   0.80374 0.00549 0.18724 0.00353 ( 1)
 153 P   0.00001 0.60828 0.00039 0.39131 ( 2)
 154 S   0.00114 0.60590 0.00318 0.38978 ( 2)
 155 T   0.00002 0.60851 0.00001 0.39146 ( 2)
 156 D   0.00150 0.60723 0.00062 0.39064 ( 2)
 157 V   0.65160 0.06250 0.24569 0.04021 ( 1)
 158 E   0.00263 0.60303 0.00640 0.38794 ( 2)
 159 F   0.01948 0.59373 0.00484 0.38195 ( 2)
 160 Y   0.78226 0.00083 0.21638 0.00053 ( 1)
 161 Y   0.76446 0.04358 0.16392 0.02804 ( 1)
 162 N   0.00103 0.60771 0.00031 0.39095 ( 2)
 163 E   0.80550 0.00101 0.19284 0.00065 ( 1)
 164 Q   0.43650 0.23774 0.17281 0.15294 ( 1)
 165 K   0.25876 0.39233 0.09652 0.25239 ( 2)
 166 Y   0.00000 0.60851 0.00002 0.39146 ( 2)
 167 Y   0.77542 0.00611 0.21455 0.00393 ( 1)
 168 T   0.04108 0.00835 0.94519 0.00537 ( 3)
 169 E   0.07217 0.46546 0.16294 0.29943 ( 2)
 170 K   0.00034 0.60750 0.00135 0.39081 ( 2)
 171 Y   0.76294 0.00646 0.22644 0.00416 ( 1)
 172 S   0.65111 0.03623 0.28934 0.02331 ( 1)
 173 N   0.63360 0.14236 0.13246 0.09158 ( 1)
 174 Y   0.26571 0.08300 0.59790 0.05340 ( 3)
 175 C   0.65259 0.00358 0.34152 0.00231 ( 1)
 176 V   0.20311 0.15917 0.53533 0.10239 ( 3)
 177 N   0.13856 0.37698 0.24194 0.24251 ( 2)
 178 T   0.72787 0.04962 0.19058 0.03192 ( 1)
 179 Y   0.58987 0.06209 0.30809 0.03994 ( 1)
 180 K   0.36585 0.00466 0.62650 0.00300 ( 3)
 181 S   0.00512 0.60453 0.00145 0.38890 ( 2)
 182 G   0.48668 0.22888 0.13720 0.14724 ( 1)
 183 L   0.68258 0.00996 0.30106 0.00641 ( 1)
 184 E   0.15973 0.47388 0.06154 0.30485 ( 2)
 185 S   0.15623 0.47945 0.05588 0.30844 ( 2)
 186 K   0.37131 0.32866 0.08860 0.21143 ( 1)
 187 K   0.80867 0.00057 0.19039 0.00037 ( 1)
 188 Q   0.25134 0.41653 0.06416 0.26796 ( 2)
 189 I   0.80488 0.00364 0.18913 0.00234 ( 1)
 190 G   0.29300 0.02879 0.65969 0.01852 ( 3)
 191 W   0.61840 0.04438 0.30868 0.02855 ( 1)
 192 S   0.01039 0.58479 0.02862 0.37620 ( 2)
 193 D   0.00441 0.59916 0.01099 0.38544 ( 2)
 194 F   0.68420 0.01058 0.29842 0.00680 ( 1)
 195 N   0.79474 0.00239 0.20135 0.00153 ( 1)
 196 R   0.36150 0.29348 0.15622 0.18880 ( 1)
 197 Y   0.78226 0.00083 0.21638 0.00053 ( 1)
 198 R   0.73634 0.00303 0.25869 0.00195 ( 1)
 199 R   0.78159 0.00165 0.21571 0.00106 ( 1)
 200 E   0.00236 0.44235 0.27072 0.28457 ( 2)
 201 M   0.79337 0.00029 0.20615 0.00019 ( 1)
 202 T   0.79024 0.00126 0.20769 0.00081 ( 1)
 203 L   0.67442 0.01708 0.29751 0.01099 ( 1)
 204 S   0.15257 0.48997 0.04225 0.31520 ( 2)
 205 V   0.79205 0.00525 0.19932 0.00338 ( 1)
 206 L   0.73932 0.00417 0.25383 0.00268 ( 1)
 207 D   0.83143 0.00012 0.16837 0.00008 ( 1)
 208 I   0.43933 0.28116 0.09863 0.18087 ( 1)
 209 V   0.79535 0.00880 0.19018 0.00566 ( 1)
 210 A   0.78008 0.00695 0.20849 0.00447 ( 1)
 211 L   0.25246 0.01054 0.73023 0.00678 ( 3)
 212 F   0.69069 0.00491 0.30124 0.00316 ( 1)
 213 P   0.75386 0.00161 0.24350 0.00103 ( 1)
 214 L   0.02709 0.49811 0.15435 0.32044 ( 2)


lnL = -3765.319683

