Supplemental results for CODEML (seqf: algn  treef: tree)


dN/dS (w) for site classes (K=4)

site class             0        1       2a       2b
proportion       0.45465  0.36829  0.09782  0.07924
background w     0.07737  1.00000  0.07737  1.00000
foreground w     0.07737  1.00000  1.00000  1.00000

Naive Empirical Bayes (NEB) probabilities for 4 classes
(amino acids refer to 1st sequence: BT_Cry8Aa1)

   1 E   0.82626 0.00767 0.16442 0.00165 ( 1)
   2 T   0.81960 0.01331 0.16423 0.00286 ( 1)
   3 T   0.05604 0.76735 0.01152 0.16509 ( 2)
   4 A   0.82586 0.00964 0.16242 0.00207 ( 1)
   5 Q   0.80096 0.02862 0.16426 0.00616 ( 1)
   6 L   0.82421 0.00855 0.16541 0.00184 ( 1)
   7 T   0.81960 0.01331 0.16423 0.00286 ( 1)
   8 R   0.67332 0.15293 0.14085 0.03290 ( 1)
   9 D   0.70201 0.13027 0.13969 0.02803 ( 1)
  10 V   0.77318 0.05852 0.15571 0.01259 ( 1)
  11 Y   0.82668 0.00765 0.16402 0.00165 ( 1)
  12 T   0.78098 0.04578 0.16339 0.00985 ( 1)
  13 D   0.83546 0.00260 0.16138 0.00056 ( 1)
  14 P   0.73007 0.09561 0.15376 0.02057 ( 1)
  15 I   0.14042 0.68317 0.02943 0.14698 ( 2)
  16 A   0.59936 0.22587 0.12618 0.04859 ( 1)
  17 F   0.83047 0.00454 0.16401 0.00098 ( 1)
  18 N   0.82102 0.01744 0.15779 0.00375 ( 1)
  19 I   0.00611 0.81691 0.00123 0.17575 ( 2)
  20 V   0.00073 0.82223 0.00014 0.17690 ( 2)
  21 T   0.00034 0.82261 0.00007 0.17698 ( 2)
  22 S   0.00159 0.82137 0.00032 0.17671 ( 2)
  23 T   0.00045 0.82250 0.00009 0.17696 ( 2)
  24 G   0.82092 0.01350 0.16268 0.00290 ( 1)
  25 F   0.81364 0.02114 0.16068 0.00455 ( 1)
  26 C   0.82144 0.01195 0.16404 0.00257 ( 1)
  27 N   0.00313 0.81986 0.00063 0.17639 ( 2)
  28 P   0.70045 0.13116 0.14017 0.02822 ( 1)
  29 W   0.69364 0.13186 0.14613 0.02837 ( 1)
  30 S   0.78697 0.04208 0.16189 0.00905 ( 1)
  31 T   0.00421 0.81877 0.00087 0.17615 ( 2)
  32 H   0.16098 0.66419 0.03194 0.14290 ( 2)
  33 S   0.78328 0.05217 0.15333 0.01122 ( 1)
  34 G   0.75286 0.08061 0.14919 0.01734 ( 1)
  35 I   0.83229 0.00432 0.16245 0.00093 ( 1)
  36 L   0.03506 0.78800 0.00740 0.16953 ( 2)
  37 F   0.83047 0.00454 0.16401 0.00098 ( 1)
  38 Y   0.49928 0.32537 0.10534 0.07000 ( 1)
  39 E   0.81477 0.01388 0.16836 0.00299 ( 1)
  40 V   0.74156 0.09357 0.14474 0.02013 ( 1)
  41 E   0.82626 0.00767 0.16442 0.00165 ( 1)
  42 N   0.63815 0.19686 0.12264 0.04235 ( 1)
  43 N   0.10870 0.71590 0.02138 0.15402 ( 2)
  44 V   0.81949 0.01273 0.16504 0.00274 ( 1)
  45 I   0.83229 0.00432 0.16245 0.00093 ( 1)
  46 R   0.81963 0.01200 0.16578 0.00258 ( 1)
  47 P   0.04132 0.78190 0.00856 0.16822 ( 2)
  48 P   0.81659 0.01645 0.16342 0.00354 ( 1)
  49 H   0.80645 0.02844 0.15898 0.00612 ( 1)
  50 L   0.75919 0.06960 0.15623 0.01497 ( 1)
  51 F   0.83047 0.00454 0.16401 0.00098 ( 1)
  52 D   0.80650 0.03168 0.15500 0.00682 ( 1)
  53 I   0.71432 0.11671 0.14386 0.02511 ( 1)
  54 L   0.65783 0.16705 0.13918 0.03594 ( 1)
  55 S   0.70949 0.12218 0.14204 0.02629 ( 1)
  56 S   0.00055 0.82240 0.00011 0.17694 ( 2)
  57 V   0.09774 0.72596 0.02011 0.15619 ( 2)
  58 E   0.81524 0.01350 0.16835 0.00291 ( 1)
  59 I   0.76663 0.06891 0.14964 0.01483 ( 1)
  60 N   0.78470 0.05307 0.15081 0.01142 ( 1)
  61 T   0.81960 0.01331 0.16423 0.00286 ( 1)
  62 S   0.00189 0.82109 0.00037 0.17665 ( 2)
  63 R   0.81287 0.01529 0.16855 0.00329 ( 1)
  64 G   0.24696 0.57704 0.05186 0.12415 ( 2)
  65 G   0.06049 0.76319 0.01212 0.16420 ( 2)
  66 I   0.75694 0.07844 0.14775 0.01688 ( 1)
  67 T   0.00003 0.82291 0.00001 0.17705 ( 2)
  68 L   0.00595 0.81708 0.00118 0.17579 ( 2)
  69 N   0.83560 0.00314 0.16059 0.00067 ( 1)
  70 N   0.76938 0.06585 0.15061 0.01417 ( 1)
  71 D   0.00342 0.81958 0.00068 0.17633 ( 2)
  72 A   0.16102 0.66483 0.03112 0.14303 ( 2)
  73 Y   0.43504 0.38940 0.09179 0.08378 ( 1)
  74 I   0.05388 0.76941 0.01118 0.16553 ( 2)
  75 N   0.13645 0.68745 0.02819 0.14790 ( 2)
  76 Y   0.80220 0.03179 0.15916 0.00684 ( 1)
  77 W   0.69364 0.13186 0.14613 0.02837 ( 1)
  78 S   0.07965 0.74391 0.01639 0.16005 ( 2)
  79 G   0.82092 0.01350 0.16268 0.00290 ( 1)
  80 H   0.83146 0.00381 0.16391 0.00082 ( 1)
  81 T   0.51767 0.31214 0.10304 0.06716 ( 1)
  82 L   0.45924 0.36662 0.09527 0.07888 ( 1)
  83 K   0.07029 0.61104 0.18720 0.13146 ( 2)
  84 Y   0.82668 0.00765 0.16402 0.00165 ( 1)
  85 R   0.00101 0.82196 0.00019 0.17684 ( 2)
  86 R   0.00006 0.82289 0.00001 0.17704 ( 2)
  87 T   0.56841 0.26219 0.11299 0.05641 ( 1)
  88 A   0.00340 0.81960 0.00067 0.17633 ( 2)
  89 D   0.00030 0.82260 0.00013 0.17698 ( 2)
  90 S   0.00554 0.80663 0.01429 0.17354 ( 2)
  91 T   0.59275 0.23740 0.11877 0.05108 ( 1)
  92 V   0.01411 0.80894 0.00291 0.17404 ( 2)
  93 T   0.00032 0.82263 0.00007 0.17698 ( 2)
  94 Y   0.45465 0.36829 0.09782 0.07924 ( 1)
  95 T   0.08887 0.73526 0.01768 0.15819 ( 2)
  96 A   0.00008 0.82287 0.00002 0.17704 ( 2)
  97 N   0.83560 0.00314 0.16059 0.00067 ( 1)
  98 Y   0.79226 0.04160 0.15719 0.00895 ( 1)
  99 G   0.82347 0.00756 0.16735 0.00163 ( 1)
 100 R   0.00104 0.82192 0.00021 0.17683 ( 2)
 101 I   0.68098 0.15007 0.13666 0.03229 ( 1)
 102 T   0.83020 0.00599 0.16251 0.00129 ( 1)
 103 S   0.79657 0.03256 0.16387 0.00701 ( 1)
 104 E   0.31630 0.51085 0.06294 0.10991 ( 2)
 105 K   0.81355 0.01746 0.16522 0.00376 ( 1)
 106 N   0.32439 0.50373 0.06350 0.10837 ( 2)
 107 S   0.00436 0.81862 0.00090 0.17612 ( 2)
 108 -   0.45611 0.36684 0.09813 0.07892 ( 1)
 109 F   0.02538 0.79798 0.00495 0.17168 ( 2)
 110 A   0.00156 0.81827 0.00413 0.17605 ( 2)
 111 L   0.73478 0.09382 0.15121 0.02019 ( 1)
 112 E   0.08433 0.73915 0.01750 0.15902 ( 2)
 113 D   0.21585 0.61054 0.04225 0.13135 ( 2)
 114 R   0.55238 0.27736 0.11058 0.05967 ( 1)
 115 D   0.79456 0.04276 0.15348 0.00920 ( 1)
 116 I   0.82959 0.00698 0.16193 0.00150 ( 1)
 117 F   0.83047 0.00454 0.16401 0.00098 ( 1)
 118 E   0.65909 0.17262 0.13115 0.03714 ( 1)
 119 I   0.40182 0.42773 0.07843 0.09202 ( 2)
 120 N   0.02270 0.80068 0.00436 0.17226 ( 2)
 121 S   0.78697 0.04208 0.16189 0.00905 ( 1)
 122 T   0.00137 0.82160 0.00027 0.17676 ( 2)
 123 V   0.02995 0.79311 0.00631 0.17063 ( 2)
 124 A   0.81439 0.01798 0.16376 0.00387 ( 1)
 125 N   0.11757 0.70596 0.02459 0.15188 ( 2)
 126 L   0.77848 0.05046 0.16020 0.01086 ( 1)
 127 A   0.80010 0.02656 0.16763 0.00571 ( 1)
 128 N   0.83560 0.00314 0.16059 0.00067 ( 1)
 129 Y   0.02163 0.80139 0.00456 0.17241 ( 2)
 130 Y   0.76988 0.06367 0.15275 0.01370 ( 1)
 131 Q   0.08642 0.73724 0.01772 0.15861 ( 2)
 132 K   0.03125 0.79190 0.00647 0.17037 ( 2)
 133 A   0.01470 0.80842 0.00295 0.17393 ( 2)
 134 Y   0.82668 0.00765 0.16402 0.00165 ( 1)
 135 G   0.82489 0.00959 0.16346 0.00206 ( 1)
 136 V   0.78163 0.04486 0.16386 0.00965 ( 1)
 137 P   0.74644 0.08351 0.15209 0.01797 ( 1)
 138 G   0.00005 0.82290 0.00001 0.17704 ( 2)
 139 S   0.70961 0.12275 0.14124 0.02641 ( 1)
 140 W   0.00000 0.82294 0.00001 0.17705 ( 2)
 141 F   0.42053 0.40387 0.08871 0.08689 ( 1)
 142 H   0.01617 0.80702 0.00319 0.17363 ( 2)
 143 M   0.11559 0.47430 0.30807 0.10204 ( 2)
 144 V   0.00671 0.81627 0.00141 0.17562 ( 2)
 145 K   0.00006 0.82288 0.00001 0.17704 ( 2)
 146 R   0.05861 0.76455 0.01235 0.16449 ( 2)
 147 G   0.00421 0.81060 0.01079 0.17440 ( 2)
 148 T   0.34286 0.48197 0.07148 0.10369 ( 2)
 149 S   0.00528 0.81772 0.00108 0.17593 ( 2)
 150 -   0.33926 0.48836 0.06731 0.10507 ( 2)
 151 -   0.45567 0.36727 0.09804 0.07902 ( 1)
 152 S   0.00306 0.81441 0.00732 0.17522 ( 2)
 153 T   0.27293 0.55334 0.05469 0.11905 ( 2)
 154 T   0.00269 0.82028 0.00055 0.17648 ( 2)
 155 A   0.00006 0.82289 0.00001 0.17704 ( 2)
 156 Y   0.00212 0.82075 0.00054 0.17658 ( 2)
 157 L   0.00227 0.82070 0.00046 0.17657 ( 2)
 158 Y   0.82154 0.01272 0.16300 0.00274 ( 1)
 159 S   0.80651 0.02713 0.16052 0.00584 ( 1)
 160 K   0.82724 0.00745 0.16370 0.00160 ( 1)
 161 T   0.15874 0.66613 0.03181 0.14332 ( 2)
 162 H   0.76475 0.06949 0.15082 0.01495 ( 1)
 163 T   0.81960 0.01331 0.16423 0.00286 ( 1)
 164 A   0.70979 0.12449 0.13894 0.02678 ( 1)
 165 L   0.00001 0.82294 0.00000 0.17705 ( 2)
 166 Q   0.00089 0.82207 0.00018 0.17686 ( 2)
 167 G   0.09910 0.72523 0.01964 0.15603 ( 2)
 168 C   0.82663 0.00683 0.16508 0.00147 ( 1)
 169 T   0.46875 0.35990 0.09392 0.07743 ( 1)
 170 Q   0.05323 0.77016 0.01092 0.16570 ( 2)
 171 V   0.39171 0.43707 0.07719 0.09403 ( 2)
 172 Y   0.82154 0.01272 0.16300 0.00274 ( 1)
 173 E   0.00017 0.82278 0.00003 0.17702 ( 2)
 174 S   0.44104 0.38532 0.09073 0.08290 ( 1)
 175 S   0.03931 0.78431 0.00764 0.16874 ( 2)
 176 D   0.03023 0.79293 0.00625 0.17059 ( 2)
 177 E   0.74565 0.08721 0.14837 0.01876 ( 1)
 178 I   0.82209 0.01193 0.16342 0.00257 ( 1)
 179 P   0.82137 0.01174 0.16437 0.00252 ( 1)
 180 L   0.00623 0.81678 0.00126 0.17573 ( 2)
 181 D   0.23894 0.58551 0.04958 0.12597 ( 2)
 182 R   0.04398 0.77932 0.00903 0.16767 ( 2)
 183 T   0.00348 0.81948 0.00073 0.17631 ( 2)
 184 V   0.78055 0.05124 0.15719 0.01102 ( 1)
 185 P   0.73007 0.09561 0.15376 0.02057 ( 1)
 186 V   0.63925 0.19094 0.12874 0.04108 ( 1)
 187 A   0.02047 0.80286 0.00393 0.17273 ( 2)
 188 E   0.32806 0.49925 0.06528 0.10741 ( 2)
 189 S   0.32112 0.50632 0.06363 0.10893 ( 2)
 190 Y   0.82668 0.00765 0.16402 0.00165 ( 1)
 191 S   0.27612 0.01960 0.70006 0.00422 ( 3)
 192 H   0.81592 0.01090 0.17083 0.00235 ( 1)
 193 R   0.82448 0.00861 0.16506 0.00185 ( 1)
 194 L   0.77488 0.05298 0.16074 0.01140 ( 1)
 195 S   0.80687 0.01893 0.17013 0.00407 ( 1)
 196 H   0.77427 0.05934 0.15362 0.01277 ( 1)
 197 I   0.34660 0.47963 0.07057 0.10319 ( 2)
 198 T   0.73574 0.09016 0.15471 0.01940 ( 1)
 199 S   0.13561 0.41966 0.35444 0.09029 ( 2)
 200 H   0.02648 0.79655 0.00560 0.17137 ( 2)
 201 S   0.02556 0.79774 0.00506 0.17163 ( 2)
 202 F   0.77033 0.05633 0.16122 0.01212 ( 1)
 203 S   0.00199 0.82097 0.00042 0.17663 ( 2)
 204 K   0.81987 0.01472 0.16224 0.00317 ( 1)
 205 -   0.47354 0.35719 0.09243 0.07685 ( 1)
 206 -   0.15147 0.67397 0.02956 0.14500 ( 2)
 207 N   0.80811 0.03011 0.15531 0.00648 ( 1)
 208 G   0.24270 0.58375 0.04796 0.12559 ( 2)
 209 S   0.00019 0.82276 0.00004 0.17701 ( 2)
 210 A   0.00053 0.82243 0.00011 0.17694 ( 2)
 211 Y   0.00004 0.82291 0.00001 0.17704 ( 2)
 212 Y   0.75075 0.08638 0.14428 0.01858 ( 1)
 213 G   0.79268 0.03804 0.16110 0.00818 ( 1)
 214 S   0.20304 0.62288 0.04007 0.13401 ( 2)
 215 F   0.22974 0.59467 0.04766 0.12794 ( 2)
 216 P   0.82549 0.00767 0.16520 0.00165 ( 1)
 217 V   0.81062 0.01534 0.17074 0.00330 ( 1)
 218 F   0.83047 0.00454 0.16401 0.00098 ( 1)
 219 V   0.77519 0.05929 0.15276 0.01276 ( 1)
 220 W   0.69364 0.13186 0.14613 0.02837 ( 1)
 221 T   0.81960 0.01331 0.16423 0.00286 ( 1)
 222 H   0.83146 0.00381 0.16391 0.00082 ( 1)
 223 T   0.00035 0.82260 0.00007 0.17698 ( 2)
 224 S   0.83498 0.00216 0.16240 0.00047 ( 1)
 225 -   0.45465 0.36829 0.09782 0.07924 ( 1)
 226 -   0.45465 0.36829 0.09782 0.07924 ( 1)
 227 -   0.45465 0.36829 0.09782 0.07924 ( 1)
 228 -   0.45465 0.36829 0.09782 0.07924 ( 1)
 229 -   0.45465 0.36829 0.09782 0.07924 ( 1)
 230 -   0.45465 0.36829 0.09782 0.07924 ( 1)


lnL = -2786.119738

Bayes Empirical Bayes (BEB) probabilities for 4 classes (class)
(amino acids refer to 1st sequence: BT_Cry8Aa1)

   1 E   0.91155 0.00827 0.07939 0.00079 ( 1)
   2 T   0.90388 0.01454 0.08018 0.00140 ( 1)
   3 T   0.02774 0.88245 0.00260 0.08721 ( 2)
   4 A   0.91146 0.01045 0.07712 0.00098 ( 1)
   5 Q   0.88129 0.03259 0.08288 0.00324 ( 1)
   6 L   0.90901 0.00935 0.08074 0.00090 ( 1)
   7 T   0.90388 0.01454 0.08018 0.00140 ( 1)
   8 R   0.72840 0.18075 0.07226 0.01859 ( 1)
   9 D   0.71467 0.20397 0.06203 0.01933 ( 1)
  10 V   0.84935 0.06792 0.07616 0.00657 ( 1)
  11 Y   0.91210 0.00821 0.07891 0.00078 ( 1)
  12 T   0.85736 0.05206 0.08522 0.00536 ( 1)
  13 D   0.92236 0.00265 0.07475 0.00024 ( 1)
  14 P   0.79587 0.11193 0.08055 0.01166 ( 1)
  15 I   0.07602 0.83128 0.00753 0.08517 ( 2)
  16 A   0.57255 0.33489 0.05775 0.03480 ( 1)
  17 F   0.91650 0.00482 0.07823 0.00045 ( 1)
  18 N   0.90620 0.01935 0.07269 0.00176 ( 1)
  19 I   0.00226 0.91125 0.00020 0.08630 ( 2)
  20 V   0.00025 0.91410 0.00002 0.08563 ( 2)
  21 T   0.00012 0.90670 0.00001 0.09317 ( 2)
  22 S   0.00053 0.91255 0.00005 0.08687 ( 2)
  23 T   0.00015 0.90702 0.00002 0.09281 ( 2)
  24 G   0.90570 0.01497 0.07791 0.00141 ( 1)
  25 F   0.89765 0.02355 0.07659 0.00221 ( 1)
  26 C   0.90616 0.01310 0.07949 0.00125 ( 1)
  27 N   0.00114 0.91199 0.00010 0.08677 ( 2)
  28 P   0.71317 0.20462 0.06269 0.01952 ( 1)
  29 W   0.75207 0.15558 0.07614 0.01621 ( 1)
  30 S   0.86489 0.04815 0.08214 0.00482 ( 1)
  31 T   0.00152 0.90857 0.00014 0.08977 ( 2)
  32 H   0.08847 0.82678 0.00755 0.07721 ( 2)
  33 S   0.84027 0.08180 0.07032 0.00760 ( 1)
  34 G   0.79345 0.12652 0.06812 0.01191 ( 1)
  35 I   0.91871 0.00450 0.07638 0.00042 ( 1)
  36 L   0.01647 0.88946 0.00167 0.09240 ( 2)
  37 F   0.91650 0.00482 0.07823 0.00045 ( 1)
  38 Y   0.44882 0.45795 0.04551 0.04773 ( 2)
  39 E   0.89709 0.01523 0.08614 0.00154 ( 1)
  40 V   0.77533 0.14683 0.06427 0.01356 ( 1)
  41 E   0.91155 0.00827 0.07939 0.00079 ( 1)
  42 N   0.62648 0.29678 0.04994 0.02679 ( 1)
  43 N   0.05795 0.85825 0.00483 0.07897 ( 2)
  44 V   0.90353 0.01403 0.08108 0.00136 ( 1)
  45 I   0.91871 0.00450 0.07638 0.00042 ( 1)
  46 R   0.90351 0.01333 0.08187 0.00130 ( 1)
  47 P   0.02014 0.88886 0.00193 0.08907 ( 2)
  48 P   0.90044 0.01839 0.07940 0.00176 ( 1)
  49 H   0.88937 0.03214 0.07548 0.00301 ( 1)
  50 L   0.83212 0.08078 0.07901 0.00809 ( 1)
  51 F   0.91650 0.00482 0.07823 0.00045 ( 1)
  52 D   0.87643 0.04888 0.07026 0.00444 ( 1)
  53 I   0.73584 0.18085 0.06586 0.01745 ( 1)
  54 L   0.70922 0.19738 0.07268 0.02073 ( 1)
  55 S   0.72998 0.18780 0.06428 0.01794 ( 1)
  56 S   0.00019 0.91711 0.00002 0.08269 ( 2)
  57 V   0.05056 0.85951 0.00475 0.08517 ( 2)
  58 E   0.89757 0.01480 0.08614 0.00149 ( 1)
  59 I   0.81491 0.10754 0.06761 0.00994 ( 1)
  60 N   0.84275 0.08228 0.06751 0.00746 ( 1)
  61 T   0.90388 0.01454 0.08018 0.00140 ( 1)
  62 S   0.00062 0.91502 0.00005 0.08431 ( 2)
  63 R   0.89464 0.01693 0.08671 0.00172 ( 1)
  64 G   0.18855 0.71865 0.01880 0.07400 ( 2)
  65 G   0.03018 0.88343 0.00264 0.08375 ( 2)
  66 I   0.79965 0.12269 0.06632 0.01133 ( 1)
  67 T   0.00001 0.90988 0.00000 0.09011 ( 2)
  68 L   0.00285 0.91225 0.00024 0.08466 ( 2)
  69 N   0.92251 0.00317 0.07403 0.00029 ( 1)
  70 N   0.82111 0.10083 0.06869 0.00937 ( 1)
  71 D   0.00125 0.91377 0.00011 0.08488 ( 2)
  72 A   0.08895 0.82949 0.00710 0.07447 ( 2)
  73 Y   0.37589 0.53075 0.03807 0.05529 ( 2)
  74 I   0.02645 0.88229 0.00254 0.08872 ( 2)
  75 N   0.07249 0.83711 0.00689 0.08351 ( 2)
  76 Y   0.88430 0.03584 0.07647 0.00339 ( 1)
  77 W   0.75207 0.15558 0.07614 0.01621 ( 1)
  78 S   0.04022 0.86980 0.00378 0.08619 ( 2)
  79 G   0.90570 0.01497 0.07791 0.00141 ( 1)
  80 H   0.91767 0.00403 0.07793 0.00038 ( 1)
  81 T   0.47303 0.44415 0.04090 0.04192 ( 1)
  82 L   0.40151 0.50844 0.03874 0.05131 ( 2)
  83 K   0.03276 0.65328 0.15282 0.16115 ( 2)
  84 Y   0.91210 0.00821 0.07891 0.00078 ( 1)
  85 R   0.00034 0.91778 0.00003 0.08186 ( 2)
  86 R   0.00002 0.91543 0.00000 0.08454 ( 2)
  87 T   0.53482 0.38289 0.04616 0.03613 ( 1)
  88 A   0.00111 0.91398 0.00009 0.08482 ( 2)
  89 D   0.00011 0.89819 0.00003 0.10166 ( 2)
  90 S   0.00181 0.80482 0.00693 0.18644 ( 2)
  91 T   0.56579 0.35076 0.04991 0.03355 ( 1)
  92 V   0.00519 0.90402 0.00049 0.09030 ( 2)
  93 T   0.00011 0.90868 0.00001 0.09119 ( 2)
  94 Y   0.47194 0.43067 0.05074 0.04665 ( 1)
  95 T   0.04642 0.86826 0.00399 0.08133 ( 2)
  96 A   0.00003 0.91037 0.00000 0.08959 ( 2)
  97 N   0.92251 0.00317 0.07403 0.00029 ( 1)
  98 Y   0.87266 0.04740 0.07545 0.00449 ( 1)
  99 G   0.90765 0.00817 0.08338 0.00080 ( 1)
 100 R   0.00038 0.91433 0.00003 0.08526 ( 2)
 101 I   0.68942 0.22776 0.06101 0.02181 ( 1)
 102 T   0.91633 0.00628 0.07680 0.00058 ( 1)
 103 S   0.87621 0.03687 0.08323 0.00369 ( 1)
 104 E   0.19755 0.71803 0.01699 0.06743 ( 2)
 105 K   0.89438 0.01922 0.08447 0.00194 ( 1)
 106 N   0.20616 0.71147 0.01704 0.06532 ( 2)
 107 S   0.00160 0.90725 0.00015 0.09100 ( 2)
 108 -   0.47359 0.42902 0.05092 0.04647 ( 1)
 109 F   0.00950 0.90721 0.00078 0.08251 ( 2)
 110 A   0.00045 0.79638 0.00161 0.20156 ( 2)
 111 L   0.80524 0.10756 0.07643 0.01076 ( 1)
 112 E   0.04290 0.86596 0.00413 0.08702 ( 2)
 113 D   0.12066 0.79638 0.00996 0.07300 ( 2)
 114 R   0.51236 0.40421 0.04495 0.03848 ( 1)
 115 D   0.85882 0.06569 0.06950 0.00598 ( 1)
 116 I   0.91574 0.00744 0.07613 0.00069 ( 1)
 117 F   0.91650 0.00482 0.07823 0.00045 ( 1)
 118 E   0.65474 0.26355 0.05677 0.02495 ( 1)
 119 I   0.27550 0.64309 0.02261 0.05880 ( 2)
 120 N   0.00855 0.90976 0.00068 0.08102 ( 2)
 121 S   0.86489 0.04815 0.08214 0.00482 ( 1)
 122 T   0.00046 0.91576 0.00004 0.08374 ( 2)
 123 V   0.01437 0.89204 0.00144 0.09215 ( 2)
 124 A   0.89774 0.02005 0.08028 0.00194 ( 1)
 125 N   0.06189 0.84584 0.00609 0.08617 ( 2)
 126 L   0.85488 0.05811 0.08119 0.00582 ( 1)
 127 A   0.87972 0.02942 0.08781 0.00304 ( 1)
 128 N   0.92251 0.00317 0.07403 0.00029 ( 1)
 129 Y   0.01027 0.89578 0.00104 0.09292 ( 2)
 130 Y   0.84597 0.07393 0.07311 0.00700 ( 1)
 131 Q   0.04384 0.86680 0.00408 0.08528 ( 2)
 132 K   0.01493 0.89411 0.00143 0.08952 ( 2)
 133 A   0.00544 0.90777 0.00048 0.08631 ( 2)
 134 Y   0.91210 0.00821 0.07891 0.00078 ( 1)
 135 G   0.91023 0.01047 0.07831 0.00099 ( 1)
 136 V   0.85791 0.05106 0.08575 0.00528 ( 1)
 137 P   0.81704 0.09788 0.07544 0.00963 ( 1)
 138 G   0.00002 0.91402 0.00000 0.08596 ( 2)
 139 S   0.72808 0.19061 0.06323 0.01807 ( 1)
 140 W   0.00000 0.80663 0.00000 0.19337 ( 2)
 141 F   0.35898 0.54757 0.03634 0.05711 ( 2)
 142 H   0.00599 0.90978 0.00050 0.08372 ( 2)
 143 M   0.05805 0.55144 0.25835 0.13216 ( 2)
 144 V   0.00246 0.90463 0.00024 0.09267 ( 2)
 145 K   0.00003 0.90339 0.00000 0.09658 ( 2)
 146 R   0.02894 0.87741 0.00291 0.09074 ( 2)
 147 G   0.00134 0.80691 0.00491 0.18684 ( 2)
 148 T   0.28009 0.62863 0.02736 0.06392 ( 2)
 149 S   0.00194 0.90947 0.00018 0.08842 ( 2)
 150 -   0.28028 0.63614 0.02397 0.05961 ( 2)
 151 -   0.47309 0.42951 0.05086 0.04653 ( 1)
 152 S   0.00105 0.85026 0.00384 0.14486 ( 2)
 153 T   0.16431 0.75003 0.01440 0.07125 ( 2)
 154 T   0.00098 0.90891 0.00009 0.09002 ( 2)
 155 A   0.00002 0.91433 0.00000 0.08564 ( 2)
 156 Y   0.00070 0.90885 0.00011 0.09034 ( 2)
 157 L   0.00080 0.91269 0.00007 0.08643 ( 2)
 158 Y   0.90632 0.01395 0.07841 0.00132 ( 1)
 159 S   0.88899 0.03067 0.07743 0.00291 ( 1)
 160 K   0.91280 0.00796 0.07849 0.00075 ( 1)
 161 T   0.08672 0.82721 0.00759 0.07848 ( 2)
 162 H   0.81145 0.10944 0.06882 0.01030 ( 1)
 163 T   0.90388 0.01454 0.08018 0.00140 ( 1)
 164 A   0.73310 0.18822 0.06122 0.01746 ( 1)
 165 L   0.00000 0.91075 0.00000 0.08924 ( 2)
 166 Q   0.00030 0.91398 0.00003 0.08569 ( 2)
 167 G   0.05147 0.86356 0.00436 0.08061 ( 2)
 168 C   0.91189 0.00740 0.08000 0.00071 ( 1)
 169 T   0.41541 0.50031 0.03655 0.04773 ( 2)
 170 Q   0.02627 0.88427 0.00245 0.08701 ( 2)
 171 V   0.26322 0.65412 0.02210 0.06056 ( 2)
 172 Y   0.90632 0.01395 0.07841 0.00132 ( 1)
 173 E   0.00006 0.91430 0.00001 0.08563 ( 2)
 174 S   0.38175 0.52952 0.03602 0.05272 ( 2)
 175 S   0.01481 0.90260 0.00120 0.08139 ( 2)
 176 D   0.01140 0.89799 0.00109 0.08952 ( 2)
 177 E   0.78253 0.13652 0.06800 0.01295 ( 1)
 178 I   0.90695 0.01301 0.07880 0.00124 ( 1)
 179 P   0.90597 0.01290 0.07990 0.00123 ( 1)
 180 L   0.00229 0.91064 0.00020 0.08687 ( 2)
 181 D   0.14019 0.76895 0.01349 0.07737 ( 2)
 182 R   0.01641 0.89262 0.00153 0.08944 ( 2)
 183 T   0.00124 0.90534 0.00012 0.09330 ( 2)
 184 V   0.85821 0.05912 0.07696 0.00572 ( 1)
 185 P   0.79587 0.11193 0.08055 0.01166 ( 1)
 186 V   0.62712 0.28901 0.05603 0.02785 ( 1)
 187 A   0.00753 0.91075 0.00060 0.08112 ( 2)
 188 E   0.20681 0.70882 0.01779 0.06658 ( 2)
 189 S   0.25829 0.65836 0.02196 0.06138 ( 2)
 190 Y   0.91210 0.00821 0.07891 0.00078 ( 1)
 191 S   0.23347 0.02416 0.73824 0.00413 ( 3)
 192 H   0.89751 0.01186 0.08941 0.00122 ( 1)
 193 R   0.90939 0.00939 0.08032 0.00090 ( 1)
 194 L   0.85024 0.06107 0.08249 0.00620 ( 1)
 195 S   0.88673 0.02092 0.09016 0.00219 ( 1)
 196 H   0.82603 0.09375 0.07136 0.00887 ( 1)
 197 I   0.28413 0.62835 0.02605 0.06147 ( 2)
 198 T   0.80303 0.10511 0.08094 0.01092 ( 1)
 199 S   0.07347 0.51331 0.29964 0.11358 ( 2)
 200 H   0.00977 0.89576 0.00100 0.09348 ( 2)
 201 S   0.00956 0.90526 0.00081 0.08436 ( 2)
 202 F   0.84448 0.06487 0.08397 0.00668 ( 1)
 203 S   0.00071 0.90573 0.00007 0.09349 ( 2)
 204 K   0.90451 0.01619 0.07777 0.00153 ( 1)
 205 -   0.43062 0.48908 0.03545 0.04486 ( 2)
 206 -   0.08305 0.83417 0.00680 0.07598 ( 2)
 207 N   0.87899 0.04634 0.07047 0.00421 ( 1)
 208 G   0.14613 0.76976 0.01240 0.07171 ( 2)
 209 S   0.00007 0.91538 0.00001 0.08454 ( 2)
 210 A   0.00018 0.91275 0.00002 0.08705 ( 2)
 211 Y   0.00001 0.91079 0.00000 0.08919 ( 2)
 212 Y   0.78955 0.13504 0.06317 0.01223 ( 1)
 213 G   0.87219 0.04347 0.08008 0.00426 ( 1)
 214 S   0.10886 0.80709 0.00920 0.07484 ( 2)
 215 F   0.17282 0.73644 0.01663 0.07411 ( 2)
 216 P   0.91055 0.00835 0.08031 0.00080 ( 1)
 217 V   0.89099 0.01695 0.09030 0.00177 ( 1)
 218 F   0.91650 0.00482 0.07823 0.00045 ( 1)
 219 V   0.82775 0.09330 0.07022 0.00873 ( 1)
 220 W   0.75207 0.15558 0.07614 0.01621 ( 1)
 221 T   0.90388 0.01454 0.08018 0.00140 ( 1)
 222 H   0.91767 0.00403 0.07793 0.00038 ( 1)
 223 T   0.00012 0.90524 0.00001 0.09462 ( 2)
 224 S   0.92181 0.00223 0.07575 0.00020 ( 1)
 225 -   0.47194 0.43067 0.05074 0.04665 ( 1)
 226 -   0.47194 0.43067 0.05074 0.04665 ( 1)
 227 -   0.47194 0.43067 0.05074 0.04665 ( 1)
 228 -   0.47194 0.43067 0.05074 0.04665 ( 1)
 229 -   0.47194 0.43067 0.05074 0.04665 ( 1)
 230 -   0.47194 0.43067 0.05074 0.04665 ( 1)

