Supplemental results for CODEML (seqf: algn  treef: tree)


dN/dS (w) for site classes (K=4)

site class             0        1       2a       2b
proportion       0.53259  0.45585  0.00622  0.00533
background w     0.05885  0.52576  0.05885  0.52576
foreground w     0.05885  0.52576  6.94441  6.94441

Naive Empirical Bayes (NEB) probabilities for 4 classes
(amino acids refer to 1st sequence: BT_Cry19Aa1)

   1 E   0.00012 0.97289 0.00021 0.02678 ( 2)
   2 V   0.99709 0.00129 0.00162 0.00000 ( 1)
   3 K   0.99692 0.00235 0.00073 0.00000 ( 1)
   4 T   0.13167 0.82724 0.02108 0.02001 ( 2)
   5 E   0.99574 0.00374 0.00052 0.00000 ( 1)
   6 L   0.93177 0.06717 0.00097 0.00009 ( 1)
   7 T   0.99277 0.00588 0.00134 0.00002 ( 1)
   8 R   0.97951 0.01924 0.00122 0.00003 ( 1)
   9 E   0.99574 0.00374 0.00052 0.00000 ( 1)
  10 I   0.99791 0.00114 0.00095 0.00000 ( 1)
  11 Y   0.99501 0.00397 0.00102 0.00001 ( 1)
  12 S   0.94737 0.05134 0.00120 0.00009 ( 1)
  13 D   0.99895 0.00029 0.00075 0.00000 ( 1)
  14 V   0.98158 0.01777 0.00062 0.00002 ( 1)
  15 I   0.99114 0.00794 0.00090 0.00002 ( 1)
  16 N   0.99843 0.00041 0.00115 0.00000 ( 1)
  17 G   0.01864 0.97216 0.00014 0.00906 ( 2)
  18 E   0.07702 0.72191 0.16311 0.03797 ( 2)
  19 I   0.00361 0.98597 0.00020 0.01023 ( 2)
  20 Y   0.05078 0.94738 0.00005 0.00178 ( 2)
  21 G   0.29105 0.70829 0.00014 0.00051 ( 2)
  22 L   0.00682 0.99192 0.00000 0.00126 ( 2)
  23 M   0.07935 0.91959 0.00006 0.00099 ( 2)
  24 T   0.00043 0.99169 0.00000 0.00788 ( 2)
  25 -   0.68043 0.30802 0.00795 0.00360 ( 1)
  26 P   0.08316 0.91435 0.00013 0.00235 ( 2)
  27 Y   0.00415 0.99291 0.00000 0.00294 ( 2)
  28 F   0.00056 0.96334 0.00005 0.03605 ( 2)
  29 S   0.41800 0.57728 0.00160 0.00312 ( 2)
  30 F   0.84841 0.15080 0.00055 0.00024 ( 1)
  31 E   0.00301 0.99467 0.00001 0.00231 ( 2)
  32 K   0.02059 0.96967 0.00125 0.00849 ( 2)
  33 A   0.14012 0.85825 0.00009 0.00154 ( 2)
  34 E   0.99574 0.00374 0.00052 0.00000 ( 1)
  35 S   0.42323 0.57032 0.00259 0.00385 ( 2)
  36 L   0.95720 0.04243 0.00034 0.00003 ( 1)
  37 Y   0.99708 0.00194 0.00098 0.00000 ( 1)
  38 T   0.99143 0.00755 0.00100 0.00001 ( 1)
  39 R   0.72950 0.15745 0.09644 0.01661 ( 1)
  40 A   0.00158 0.93057 0.01065 0.05720 ( 2)
  41 P   0.99332 0.00534 0.00132 0.00001 ( 1)
  42 H   0.99894 0.00060 0.00046 0.00000 ( 1)
  43 L   0.10035 0.86924 0.00319 0.02722 ( 2)
  44 F   0.96317 0.03588 0.00090 0.00004 ( 1)
  45 T   0.99804 0.00100 0.00096 0.00000 ( 1)
  46 W   0.87930 0.11942 0.00111 0.00018 ( 1)
  47 L   0.97344 0.02393 0.00255 0.00008 ( 1)
  48 K   0.32813 0.65834 0.00510 0.00842 ( 2)
  49 G   0.95170 0.04781 0.00045 0.00003 ( 1)
  50 F   0.96292 0.03641 0.00061 0.00005 ( 1)
  51 R   0.16884 0.82650 0.00061 0.00406 ( 2)
  52 F   0.99871 0.00065 0.00064 0.00000 ( 1)
  53 V   0.98841 0.01094 0.00063 0.00001 ( 1)
  54 T   0.96587 0.03233 0.00173 0.00007 ( 1)
  55 N   0.99843 0.00041 0.00115 0.00000 ( 1)
  56 S   0.02331 0.97522 0.00002 0.00145 ( 2)
  57 I   0.94031 0.05872 0.00086 0.00012 ( 1)
  58 S   0.35533 0.64275 0.00043 0.00149 ( 2)
  59 Y   0.00013 0.98892 0.00001 0.01094 ( 2)
  60 -   0.95679 0.03166 0.01118 0.00037 ( 1)
  61 -   0.00621 0.98224 0.00007 0.01148 ( 2)
  62 -   0.00020 0.98825 0.00000 0.01155 ( 2)
  63 -   0.05481 0.93364 0.00064 0.01091 ( 2)
  64 -   0.82373 0.16472 0.00963 0.00193 ( 1)
  65 -   0.43142 0.55703 0.00504 0.00651 ( 2)
  66 W   0.87930 0.11942 0.00111 0.00018 ( 1)
  67 T   0.04777 0.95065 0.00005 0.00153 ( 2)
  68 F   0.97592 0.02336 0.00069 0.00003 ( 1)
  69 L   0.97717 0.02212 0.00069 0.00002 ( 1)
  70 S   0.55012 0.44839 0.00071 0.00078 ( 1)
  71 G   0.99115 0.00846 0.00038 0.00001 ( 1)
  72 G   0.00003 0.99815 0.00000 0.00182 ( 2)
  73 Q   0.04413 0.95518 0.00002 0.00067 ( 2)
  74 N   0.99515 0.00369 0.00115 0.00001 ( 1)
  75 K   0.79641 0.20163 0.00140 0.00056 ( 1)
  76 Y   0.82030 0.17857 0.00078 0.00035 ( 1)
  77 S   0.74322 0.25544 0.00082 0.00052 ( 1)
  78 Y   0.00559 0.99123 0.00001 0.00317 ( 2)
  79 T   0.35707 0.64128 0.00039 0.00125 ( 2)
  80 N   0.00010 0.99497 0.00000 0.00493 ( 2)
  81 -   0.53259 0.45585 0.00622 0.00533 ( 1)
  82 N   0.00000 0.98967 0.00000 0.01033 ( 2)
  83 S   0.00002 0.93931 0.00009 0.06058 ( 2)
  84 S   0.00006 0.98637 0.00000 0.01357 ( 2)
  85 I   0.53258 0.46601 0.00048 0.00093 ( 1)
  86 N   0.00001 0.98946 0.00000 0.01053 ( 2)
  87 E   0.00018 0.96381 0.00035 0.03566 ( 2)
  88 G   0.77480 0.22334 0.00134 0.00052 ( 1)
  89 S   0.71862 0.25724 0.02258 0.00155 ( 1)
  90 F   0.99644 0.00280 0.00075 0.00000 ( 1)
  91 R   0.00000 0.82625 0.00000 0.17375 ( 2)
  92 G   0.95546 0.04341 0.00106 0.00007 ( 1)
  93 Q   0.00557 0.99316 0.00001 0.00126 ( 2)
  94 D   0.30069 0.69789 0.00034 0.00109 ( 2)
  95 T   0.01339 0.98502 0.00001 0.00158 ( 2)
  96 D   0.00215 0.99075 0.00007 0.00703 ( 2)
  97 Y   0.28286 0.71549 0.00027 0.00137 ( 2)
  98 G   0.92153 0.07802 0.00039 0.00006 ( 1)
  99 G   0.70585 0.29273 0.00093 0.00049 ( 1)
 100 T   0.07646 0.92166 0.00008 0.00180 ( 2)
 101 S   0.00529 0.99234 0.00001 0.00236 ( 2)
 102 S   0.97878 0.02045 0.00075 0.00003 ( 1)
 103 T   0.00414 0.97245 0.00057 0.02284 ( 2)
 104 I   0.01832 0.97755 0.00004 0.00409 ( 2)
 105 N   0.00555 0.98636 0.00017 0.00792 ( 2)
 106 I   0.42537 0.57310 0.00040 0.00113 ( 2)
 107 P   0.00000 0.99816 0.00000 0.00183 ( 2)
 108 S   0.00003 0.81545 0.00050 0.18402 ( 2)
 109 N   0.00013 0.99078 0.00000 0.00909 ( 2)
 110 S   0.00829 0.98846 0.00002 0.00323 ( 2)
 111 Y   0.24249 0.75542 0.00029 0.00180 ( 2)
 112 V   0.02578 0.96285 0.00205 0.00932 ( 2)
 113 Y   0.86899 0.12993 0.00083 0.00025 ( 1)
 114 N   0.12508 0.87201 0.00014 0.00276 ( 2)
 115 L   0.93546 0.06382 0.00066 0.00006 ( 1)
 116 W   0.05285 0.94568 0.00007 0.00140 ( 2)
 117 T   0.30909 0.68838 0.00064 0.00189 ( 2)
 118 E   0.94537 0.02687 0.02761 0.00014 ( 1)
 119 N   0.47507 0.52285 0.00063 0.00145 ( 2)
 120 Y   0.89958 0.09937 0.00086 0.00019 ( 1)
 121 E   0.46290 0.53634 0.00025 0.00051 ( 2)
 122 Y   0.00001 0.99015 0.00000 0.00984 ( 2)
 123 I   0.91779 0.08121 0.00084 0.00016 ( 1)
 124 Y   0.59955 0.39899 0.00058 0.00088 ( 1)
 125 P   0.98127 0.01756 0.00114 0.00003 ( 1)
 126 W   0.01227 0.98625 0.00002 0.00147 ( 2)
 127 G   0.00000 0.95783 0.00001 0.04216 ( 2)
 128 D   0.95164 0.04756 0.00072 0.00009 ( 1)
 129 P   0.04290 0.95529 0.00005 0.00176 ( 2)
 130 V   0.00322 0.99575 0.00000 0.00103 ( 2)
 131 N   0.99515 0.00369 0.00115 0.00001 ( 1)
 132 I   0.91779 0.08121 0.00084 0.00016 ( 1)
 133 T   0.09659 0.90195 0.00009 0.00137 ( 2)
 134 K   0.06417 0.93448 0.00005 0.00130 ( 2)
 135 M   0.45227 0.53233 0.01307 0.00234 ( 2)
 136 N   0.89620 0.10247 0.00103 0.00029 ( 1)
 137 F   0.99794 0.00142 0.00064 0.00000 ( 1)
 138 S   0.76806 0.23101 0.00059 0.00034 ( 1)
 139 V   0.00012 0.99827 0.00000 0.00161 ( 2)
 140 T   0.80111 0.19770 0.00085 0.00034 ( 1)
 141 D   0.94650 0.05266 0.00073 0.00011 ( 1)
 142 N   0.99843 0.00041 0.00115 0.00000 ( 1)
 143 N   0.74618 0.25196 0.00108 0.00079 ( 1)
 144 S   0.00058 0.99693 0.00000 0.00250 ( 2)
 145 S   0.21884 0.77958 0.00028 0.00130 ( 2)
 146 K   0.00000 0.99680 0.00000 0.00320 ( 2)
 147 E   0.05808 0.94096 0.00003 0.00092 ( 2)
 148 L   0.00000 0.99381 0.00000 0.00618 ( 2)
 149 I   0.02030 0.97743 0.00002 0.00225 ( 2)
 150 Y   0.96937 0.02964 0.00093 0.00006 ( 1)
 151 G   0.64283 0.35667 0.00024 0.00025 ( 1)
 152 A   0.00306 0.99381 0.00001 0.00312 ( 2)
 153 -   0.53259 0.45585 0.00622 0.00533 ( 1)
 154 -   0.22621 0.76224 0.00264 0.00891 ( 2)
 155 -   0.25578 0.73267 0.00299 0.00856 ( 2)
 156 H   0.00008 0.91395 0.00050 0.08547 ( 2)
 157 R   0.14461 0.85479 0.00006 0.00055 ( 2)
 158 T   0.00212 0.98759 0.00009 0.01020 ( 2)
 159 N   0.99843 0.00041 0.00115 0.00000 ( 1)
 160 K   0.00191 0.99393 0.00000 0.00415 ( 2)
 161 P   0.99743 0.00224 0.00033 0.00000 ( 1)
 162 V   0.21569 0.48849 0.28292 0.01290 ( 2)
 163 V   0.99831 0.00109 0.00060 0.00000 ( 1)
 164 R   0.14614 0.85103 0.00037 0.00246 ( 2)
 165 T   0.98821 0.01069 0.00108 0.00002 ( 1)
 166 D   0.99632 0.00292 0.00075 0.00001 ( 1)
 167 F   0.99849 0.00087 0.00064 0.00000 ( 1)
 168 D   0.97231 0.02663 0.00100 0.00006 ( 1)
 169 F   0.99871 0.00065 0.00064 0.00000 ( 1)
 170 L   0.93910 0.05991 0.00091 0.00008 ( 1)
 171 T   0.01775 0.97382 0.00054 0.00788 ( 2)
 172 N   0.98026 0.01839 0.00130 0.00005 ( 1)
 173 K   0.97539 0.02367 0.00090 0.00004 ( 1)
 174 E   0.02859 0.96918 0.00004 0.00219 ( 2)
 175 G   0.21741 0.78197 0.00010 0.00052 ( 2)
 176 T   0.90407 0.09458 0.00110 0.00025 ( 1)
 177 E   0.09962 0.77719 0.08512 0.03807 ( 2)
 178 L   0.01797 0.78305 0.07922 0.11975 ( 2)
 179 A   0.13307 0.86401 0.00031 0.00261 ( 2)
 180 K   0.86850 0.07380 0.05691 0.00079 ( 1)
 181 Y   0.74896 0.24978 0.00079 0.00047 ( 1)
 182 N   0.99412 0.00472 0.00115 0.00001 ( 1)
 183 D   0.89674 0.10126 0.00169 0.00031 ( 1)
 184 Y   0.99521 0.00381 0.00097 0.00001 ( 1)
 185 N   0.89993 0.09870 0.00105 0.00032 ( 1)
 186 H   0.99811 0.00132 0.00057 0.00000 ( 1)
 187 I   0.99833 0.00076 0.00091 0.00000 ( 1)
 188 L   0.96533 0.03396 0.00068 0.00003 ( 1)
 189 S   0.95851 0.03961 0.00179 0.00010 ( 1)
 190 Y   0.51348 0.48507 0.00049 0.00097 ( 1)
 191 M   0.12122 0.87844 0.00003 0.00031 ( 2)
 192 L   0.96134 0.03791 0.00070 0.00004 ( 1)
 193 I   0.05048 0.94471 0.00009 0.00471 ( 2)
 194 N   0.91891 0.07974 0.00112 0.00022 ( 1)
 195 -   0.82373 0.16472 0.00963 0.00193 ( 1)
 196 -   0.86198 0.12647 0.01007 0.00148 ( 1)
 197 -   0.65941 0.32904 0.00771 0.00385 ( 1)
 198 G   0.32650 0.67187 0.00045 0.00117 ( 2)
 199 E   0.00365 0.99240 0.00001 0.00394 ( 2)
 200 T   0.96618 0.03203 0.00171 0.00007 ( 1)
 201 F   0.03903 0.95907 0.00003 0.00187 ( 2)
 202 G   0.90251 0.09636 0.00092 0.00021 ( 1)
 203 Q   0.31500 0.68341 0.00044 0.00116 ( 2)
 204 K   0.41400 0.58490 0.00030 0.00079 ( 2)
 205 R   0.25093 0.68505 0.02258 0.04144 ( 2)
 206 H   0.96759 0.03167 0.00070 0.00004 ( 1)
 207 G   0.99541 0.00420 0.00038 0.00000 ( 1)
 208 Y   0.99773 0.00132 0.00095 0.00000 ( 1)
 209 S   0.66919 0.32864 0.00135 0.00082 ( 1)
 210 F   0.99871 0.00065 0.00064 0.00000 ( 1)
 211 A   0.96249 0.03667 0.00078 0.00006 ( 1)
 212 F   0.99845 0.00090 0.00064 0.00000 ( 1)
 213 T   0.98239 0.01628 0.00130 0.00003 ( 1)
 214 H   0.99917 0.00041 0.00042 0.00000 ( 1)
 215 S   0.99923 0.00026 0.00051 0.00000 ( 1)
 216 S   0.98653 0.01274 0.00070 0.00002 ( 1)


lnL = -3703.865091

