Supplemental results for CODEML (seqf: algn  treef: tree)


dN/dS (w) for site classes (K=4)

site class             0        1       2a       2b
proportion       0.78294  0.17611  0.03343  0.00752
background w     0.03257  1.00000  0.03257  1.00000
foreground w     0.03257  1.00000  1.00000  1.00000

Naive Empirical Bayes (NEB) probabilities for 4 classes
(amino acids refer to 1st sequence: BT_Cry32Ma1)

   1 -   0.82262 0.13644 0.03512 0.00583 ( 1)
   2 -   0.78294 0.17611 0.03343 0.00752 ( 1)
   3 L   0.79480 0.17089 0.02701 0.00730 ( 1)
   4 G   0.96961 0.00189 0.02843 0.00008 ( 1)
   5 R   0.02541 0.93395 0.00076 0.03988 ( 2)
   6 A   0.92888 0.04012 0.02929 0.00171 ( 1)
   7 A   0.96913 0.00268 0.02808 0.00011 ( 1)
   8 G   0.95749 0.01384 0.02808 0.00059 ( 1)
   9 L   0.45831 0.50453 0.01561 0.02154 ( 2)
  10 I   0.81706 0.15430 0.02205 0.00659 ( 1)
  11 N   0.95313 0.01978 0.02624 0.00084 ( 1)
  12 I   0.03740 0.92215 0.00107 0.03937 ( 2)
  13 I   0.97025 0.00190 0.02776 0.00008 ( 1)
  14 F   0.95474 0.01660 0.02795 0.00071 ( 1)
  15 G   0.97018 0.00133 0.02843 0.00006 ( 1)
  16 F   0.86963 0.10062 0.02546 0.00430 ( 1)
  17 L   0.95341 0.00956 0.03662 0.00041 ( 1)
  18 W   0.96241 0.00067 0.03689 0.00003 ( 1)
  19 G   0.01785 0.94142 0.00053 0.04019 ( 2)
  20 T   0.10969 0.85082 0.00316 0.03633 ( 2)
  21 L   0.20141 0.75976 0.00639 0.03244 ( 2)
  22 A   0.49068 0.47481 0.01424 0.02027 ( 1)
  23 G   0.04300 0.91659 0.00128 0.03913 ( 2)
  24 -   0.84777 0.11128 0.03620 0.00475 ( 1)
  25 -   0.82532 0.13374 0.03524 0.00571 ( 1)
  26 Q   0.81987 0.14713 0.02673 0.00628 ( 1)
  27 S   0.05139 0.90810 0.00174 0.03877 ( 2)
  28 V   0.04858 0.91111 0.00141 0.03890 ( 2)
  29 W   0.96241 0.00067 0.03689 0.00003 ( 1)
  30 E   0.92303 0.04928 0.02559 0.00210 ( 1)
  31 K   0.00903 0.94161 0.00915 0.04020 ( 2)
  32 F   0.94736 0.02386 0.02776 0.00102 ( 1)
  33 M   0.97105 0.00032 0.02861 0.00001 ( 1)
  34 R   0.00977 0.94910 0.00061 0.04052 ( 2)
  35 A   0.86041 0.10707 0.02795 0.00457 ( 1)
  36 V   0.96957 0.00301 0.02729 0.00013 ( 1)
  37 E   0.96539 0.00282 0.03167 0.00012 ( 1)
  38 S   0.49789 0.46649 0.01571 0.01992 ( 1)
  39 L   0.96370 0.00574 0.03031 0.00025 ( 1)
  40 V   0.95980 0.01263 0.02703 0.00054 ( 1)
  41 N   0.73678 0.23350 0.01975 0.00997 ( 1)
  42 Q   0.96714 0.00128 0.03153 0.00005 ( 1)
  43 K   0.97155 0.00138 0.02702 0.00006 ( 1)
  44 I   0.97021 0.00194 0.02776 0.00008 ( 1)
  45 T   0.97024 0.00185 0.02784 0.00008 ( 1)
  46 D   0.97276 0.00155 0.02562 0.00007 ( 1)
  47 A   0.95581 0.01582 0.02770 0.00068 ( 1)
  48 V   0.95503 0.00799 0.03664 0.00034 ( 1)
  49 R   0.96967 0.00113 0.02915 0.00005 ( 1)
  50 V   0.00051 0.95824 0.00034 0.04091 ( 2)
  51 K   0.45965 0.50595 0.01279 0.02160 ( 2)
  52 A   0.95729 0.00570 0.03677 0.00024 ( 1)
  53 L   0.10431 0.77741 0.08508 0.03319 ( 2)
  54 S   0.90757 0.05859 0.03134 0.00250 ( 1)
  55 E   0.01735 0.94195 0.00048 0.04022 ( 2)
  56 L   0.96335 0.00432 0.03214 0.00018 ( 1)
  57 E   0.96181 0.01128 0.02642 0.00048 ( 1)
  58 G   0.96799 0.00331 0.02856 0.00014 ( 1)
  59 V   0.95723 0.01518 0.02694 0.00065 ( 1)
  60 Q   0.89684 0.07089 0.02924 0.00303 ( 1)
  61 N   0.01678 0.94243 0.00055 0.04024 ( 2)
  62 A   0.95333 0.01827 0.02762 0.00078 ( 1)
  63 L   0.96246 0.00520 0.03212 0.00022 ( 1)
  64 E   0.96058 0.00887 0.03017 0.00038 ( 1)
  65 L   0.90087 0.06623 0.03008 0.00283 ( 1)
  66 Y   0.96875 0.00122 0.02998 0.00005 ( 1)
  67 Q   0.96645 0.00195 0.03152 0.00008 ( 1)
  68 E   0.96588 0.00574 0.02813 0.00025 ( 1)
  69 A   0.95706 0.01532 0.02697 0.00065 ( 1)
  70 A   0.87243 0.09619 0.02727 0.00411 ( 1)
  71 D   0.44726 0.51882 0.01178 0.02215 ( 2)
  72 D   0.97133 0.00297 0.02557 0.00013 ( 1)
  73 W   0.96241 0.00067 0.03689 0.00003 ( 1)
  74 N   0.79756 0.17364 0.02139 0.00741 ( 1)
  75 E   0.09716 0.86327 0.00271 0.03686 ( 2)
  76 N   0.93608 0.03725 0.02508 0.00159 ( 1)
  77 P   0.93283 0.03653 0.02907 0.00156 ( 1)
  78 T   0.20937 0.54875 0.21846 0.02343 ( 2)
  79 D   0.97310 0.00123 0.02562 0.00005 ( 1)
  80 V   0.70040 0.26833 0.01981 0.01146 ( 1)
  81 S   0.00614 0.95297 0.00019 0.04069 ( 2)
  82 N   0.08081 0.87940 0.00225 0.03755 ( 2)
  83 K   0.96791 0.00496 0.02692 0.00021 ( 1)
  84 E   0.86969 0.09746 0.02868 0.00416 ( 1)
  85 R   0.59209 0.37219 0.01983 0.01589 ( 1)
  86 V   0.88743 0.08317 0.02584 0.00355 ( 1)
  87 R   0.91295 0.05716 0.02745 0.00244 ( 1)
  88 R   0.95289 0.01771 0.02865 0.00076 ( 1)
  89 Q   0.96235 0.00212 0.03544 0.00009 ( 1)
  90 F   0.96484 0.00663 0.02825 0.00028 ( 1)
  91 T   0.95628 0.01560 0.02745 0.00067 ( 1)
  92 S   0.94798 0.02143 0.02967 0.00092 ( 1)
  93 T   0.87241 0.09273 0.03089 0.00396 ( 1)
  94 N   0.96203 0.01169 0.02578 0.00050 ( 1)
  95 T   0.91970 0.05171 0.02639 0.00221 ( 1)
  96 T   0.01960 0.93905 0.00126 0.04009 ( 2)
  97 I   0.93522 0.02835 0.03523 0.00121 ( 1)
  98 E   0.94599 0.02189 0.03119 0.00093 ( 1)
  99 Y   0.74691 0.22054 0.02313 0.00942 ( 1)
 100 A   0.92449 0.04673 0.02679 0.00199 ( 1)
 101 M   0.96848 0.00286 0.02854 0.00012 ( 1)
 102 P   0.96844 0.00133 0.03017 0.00006 ( 1)
 103 S   0.96533 0.00287 0.03167 0.00012 ( 1)
 104 F   0.97079 0.00075 0.02842 0.00003 ( 1)
 105 R   0.70954 0.25430 0.02530 0.01086 ( 1)
 106 V   0.96228 0.00917 0.02816 0.00039 ( 1)
 107 P   0.00082 0.95825 0.00003 0.04091 ( 2)
 108 T   0.09747 0.86274 0.00296 0.03684 ( 2)
 109 F   0.86167 0.10847 0.02523 0.00463 ( 1)
 110 E   0.97055 0.00267 0.02666 0.00011 ( 1)
 111 V   0.96898 0.00359 0.02728 0.00015 ( 1)
 112 P   0.95977 0.00462 0.03542 0.00020 ( 1)
 113 L   0.95846 0.00611 0.03517 0.00026 ( 1)
 114 L   0.96339 0.00428 0.03215 0.00018 ( 1)
 115 T   0.94694 0.02410 0.02793 0.00103 ( 1)
 116 V   0.06457 0.89495 0.00228 0.03821 ( 2)
 117 Y   0.20589 0.60350 0.16485 0.02577 ( 2)
 118 A   0.96189 0.00582 0.03204 0.00025 ( 1)
 119 Q   0.96714 0.00128 0.03153 0.00005 ( 1)
 120 A   0.96153 0.00458 0.03369 0.00020 ( 1)
 121 A   0.96908 0.00273 0.02807 0.00012 ( 1)
 122 N   0.97205 0.00180 0.02608 0.00008 ( 1)
 123 L   0.95636 0.01124 0.03193 0.00048 ( 1)
 124 H   0.97084 0.00063 0.02851 0.00003 ( 1)
 125 L   0.96348 0.00419 0.03215 0.00018 ( 1)
 126 Q   0.68765 0.27794 0.02255 0.01187 ( 1)
 127 L   0.96116 0.00571 0.03289 0.00024 ( 1)
 128 L   0.96339 0.00428 0.03215 0.00018 ( 1)
 129 R   0.95998 0.00480 0.03502 0.00020 ( 1)
 130 D   0.97310 0.00123 0.02562 0.00005 ( 1)
 131 A   0.95342 0.00956 0.03662 0.00041 ( 1)
 132 V   0.90502 0.06597 0.02619 0.00282 ( 1)
 133 K   0.92969 0.03750 0.03120 0.00160 ( 1)
 134 F   0.97079 0.00075 0.02842 0.00003 ( 1)
 135 G   0.97019 0.00132 0.02843 0.00006 ( 1)
 136 N   0.01771 0.94147 0.00063 0.04020 ( 2)
 137 E   0.91007 0.06212 0.02516 0.00265 ( 1)
 138 W   0.96241 0.00067 0.03689 0.00003 ( 1)
 139 G   0.96959 0.00175 0.02859 0.00007 ( 1)
 140 M   0.50183 0.46353 0.01484 0.01979 ( 1)
 141 P   0.94901 0.02018 0.02994 0.00086 ( 1)
 142 S   0.96062 0.00893 0.03006 0.00038 ( 1)
 143 E   0.02393 0.93535 0.00079 0.03994 ( 2)
 144 E   0.97135 0.00190 0.02666 0.00008 ( 1)
 145 V   0.96405 0.00845 0.02714 0.00036 ( 1)
 146 E   0.68904 0.27643 0.02273 0.01180 ( 1)
 147 D   0.94011 0.03370 0.02475 0.00144 ( 1)
 148 M   0.00046 0.95786 0.00078 0.04090 ( 2)
 149 Y   0.96875 0.00122 0.02998 0.00005 ( 1)
 150 N   0.26659 0.66896 0.03588 0.02856 ( 2)
 151 R   0.96905 0.00174 0.02913 0.00007 ( 1)
 152 L   0.85626 0.11044 0.02859 0.00472 ( 1)
 153 T   0.01141 0.94779 0.00033 0.04047 ( 2)
 154 R   0.05632 0.90312 0.00199 0.03856 ( 2)
 155 R   0.96622 0.00136 0.03236 0.00006 ( 1)
 156 T   0.96242 0.00336 0.03408 0.00014 ( 1)
 157 A   0.97013 0.00244 0.02733 0.00010 ( 1)
 158 E   0.95574 0.01223 0.03151 0.00052 ( 1)
 159 Y   0.96880 0.00116 0.02998 0.00005 ( 1)
 160 T   0.95856 0.01336 0.02750 0.00057 ( 1)
 161 D   0.93889 0.03469 0.02494 0.00148 ( 1)
 162 H   0.46846 0.07930 0.44886 0.00339 ( 1)
 163 C   0.96844 0.00054 0.03100 0.00002 ( 1)
 164 V   0.18433 0.77653 0.00598 0.03315 ( 2)
 165 A   0.03934 0.91920 0.00222 0.03925 ( 2)
 166 T   0.30994 0.65031 0.01198 0.02777 ( 2)
 167 Y   0.96875 0.00122 0.02998 0.00005 ( 1)
 168 D   0.97128 0.00301 0.02557 0.00013 ( 1)
 169 K   0.95886 0.01389 0.02667 0.00059 ( 1)
 170 G   0.96993 0.00142 0.02859 0.00006 ( 1)
 171 L   0.96339 0.00428 0.03215 0.00018 ( 1)
 172 K   0.94162 0.02568 0.03160 0.00110 ( 1)
 173 E   0.01138 0.92073 0.02858 0.03931 ( 2)
 174 A   0.95858 0.01309 0.02777 0.00056 ( 1)
 175 Y   0.89762 0.06566 0.03391 0.00280 ( 1)
 176 D   0.29789 0.36865 0.31772 0.01574 ( 2)
 177 L   0.93916 0.02830 0.03134 0.00121 ( 1)
 178 A   0.95694 0.01543 0.02697 0.00066 ( 1)
 179 P   0.91681 0.04734 0.03383 0.00202 ( 1)
 180 N   0.95982 0.01179 0.02788 0.00050 ( 1)
 181 P   0.94690 0.02166 0.03051 0.00093 ( 1)
 182 T   0.96093 0.01103 0.02757 0.00047 ( 1)
 183 D   0.96646 0.00776 0.02545 0.00033 ( 1)
 184 Y   0.87695 0.08507 0.03435 0.00363 ( 1)
 185 N   0.95807 0.01045 0.03103 0.00045 ( 1)
 186 K   0.95722 0.01547 0.02664 0.00066 ( 1)
 187 Y   0.88774 0.07431 0.03477 0.00317 ( 1)
 188 P   0.93053 0.03819 0.02965 0.00163 ( 1)
 189 Y   0.95329 0.01650 0.02950 0.00070 ( 1)
 190 L   0.92069 0.04295 0.03453 0.00183 ( 1)
 191 N   0.58687 0.38111 0.01574 0.01627 ( 1)
 192 P   0.95457 0.01505 0.02974 0.00064 ( 1)
 193 Y   0.48745 0.47623 0.01598 0.02033 ( 1)
 194 S   0.94588 0.02044 0.03280 0.00087 ( 1)
 195 K   0.41092 0.21727 0.36253 0.00928 ( 1)
 196 D   0.97310 0.00123 0.02562 0.00005 ( 1)
 197 P   0.66010 0.30476 0.02213 0.01301 ( 1)
 198 I   0.95938 0.01263 0.02745 0.00054 ( 1)
 199 Y   0.66557 0.29666 0.02511 0.01267 ( 1)
 200 G   0.97004 0.00130 0.02860 0.00006 ( 1)
 201 K   0.95775 0.01346 0.02822 0.00057 ( 1)
 202 Y   0.94243 0.02273 0.03387 0.00097 ( 1)
 203 Y   0.94213 0.02587 0.03090 0.00110 ( 1)
 204 T   0.96960 0.00189 0.02843 0.00008 ( 1)
 205 A   0.92231 0.04917 0.02642 0.00210 ( 1)
 206 P   0.93645 0.02886 0.03346 0.00123 ( 1)
 207 V   0.96229 0.00946 0.02785 0.00040 ( 1)
 208 D   0.96255 0.01161 0.02534 0.00050 ( 1)
 209 W   0.96241 0.00067 0.03689 0.00003 ( 1)
 210 N   0.88151 0.09099 0.02362 0.00388 ( 1)
 211 L   0.72358 0.24152 0.02458 0.01031 ( 1)
 212 F   0.96484 0.00663 0.02825 0.00028 ( 1)
 213 N   0.96895 0.00488 0.02596 0.00021 ( 1)
 214 D   0.87180 0.09409 0.03009 0.00402 ( 1)
 215 Y   0.91753 0.04756 0.03287 0.00203 ( 1)
 216 R   0.95832 0.00513 0.03632 0.00022 ( 1)
 217 R   0.96980 0.00100 0.02916 0.00004 ( 1)
 218 D   0.96289 0.00615 0.03069 0.00026 ( 1)
 219 M   0.97105 0.00032 0.02861 0.00001 ( 1)
 220 T   0.96955 0.00209 0.02828 0.00009 ( 1)
 221 L   0.43879 0.10526 0.45146 0.00449 ( 3)
 222 M   0.96139 0.00986 0.02833 0.00042 ( 1)
 223 V   0.96693 0.00401 0.02889 0.00017 ( 1)
 224 L   0.96241 0.00469 0.03270 0.00020 ( 1)
 225 D   0.96197 0.00463 0.03320 0.00020 ( 1)
 226 I   0.95938 0.01263 0.02745 0.00054 ( 1)
 227 V   0.96331 0.00708 0.02931 0.00030 ( 1)
 228 A   0.97010 0.00247 0.02733 0.00011 ( 1)
 229 V   0.95680 0.01559 0.02694 0.00067 ( 1)
 230 W   0.65179 0.30999 0.02498 0.01324 ( 1)
 231 P   0.96844 0.00133 0.03017 0.00006 ( 1)
 232 T   0.92305 0.03960 0.03566 0.00169 ( 1)


lnL = -2365.935576

