Supplemental results for CODEML (seqf: algn  treef: tree)


dN/dS (w) for site classes (K=4)

site class             0        1       2a       2b
proportion       0.29499  0.43909  0.10686  0.15906
background w     0.11145  1.00000  0.11145  1.00000
foreground w     0.11145  1.00000  1.00000  1.00000

Naive Empirical Bayes (NEB) probabilities for 4 classes
(amino acids refer to 1st sequence: BT_Cry71Aa1)

   1 K   0.39524 0.21083 0.31755 0.07637 ( 1)
   2 V   0.36898 0.38041 0.11281 0.13780 ( 2)
   3 K   0.01803 0.71658 0.00581 0.25958 ( 2)
   4 S   0.01597 0.71857 0.00516 0.26030 ( 2)
   5 E   0.76305 0.00726 0.22705 0.00263 ( 1)
   6 L   0.70537 0.05860 0.21480 0.02123 ( 1)
   7 T   0.73127 0.01270 0.25143 0.00460 ( 1)
   8 R   0.76465 0.00364 0.23039 0.00132 ( 1)
   9 E   0.08961 0.64871 0.02669 0.23499 ( 2)
  10 I   0.77426 0.00452 0.21959 0.00164 ( 1)
  11 Y   0.47093 0.28598 0.13949 0.10360 ( 1)
  12 T   0.74480 0.01148 0.23956 0.00416 ( 1)
  13 D   0.78061 0.00226 0.21632 0.00082 ( 1)
  14 P   0.75394 0.00624 0.23756 0.00226 ( 1)
  15 V   0.51814 0.23753 0.15829 0.08604 ( 1)
  16 G   0.76925 0.00299 0.22668 0.00108 ( 1)
  17 V   0.05301 0.68201 0.01792 0.24706 ( 2)
  18 A   0.05499 0.61806 0.10305 0.22389 ( 2)
  19 T   0.12138 0.61501 0.04082 0.22279 ( 2)
  20 S   0.65911 0.10676 0.19546 0.03867 ( 1)
  21 T   0.16059 0.57952 0.04996 0.20993 ( 2)
  22 I   0.07550 0.53318 0.19817 0.19315 ( 2)
  23 P   0.01100 0.72356 0.00333 0.26211 ( 2)
  24 G   0.00151 0.73263 0.00046 0.26540 ( 2)
  25 L   0.09507 0.63994 0.03317 0.23182 ( 2)
  26 I   0.31581 0.43636 0.08976 0.15807 ( 2)
  27 P   0.76042 0.00713 0.22987 0.00258 ( 1)
  28 N   0.25969 0.48807 0.07544 0.17680 ( 2)
  29 W   0.24808 0.48974 0.08477 0.17741 ( 2)
  30 F   0.75055 0.02301 0.21811 0.00833 ( 1)
  31 D   0.00065 0.73258 0.00140 0.26538 ( 2)
  32 Y   0.03415 0.66159 0.06460 0.23966 ( 2)
  33 A   0.75627 0.01001 0.23009 0.00363 ( 1)
  34 P   0.04433 0.69128 0.01398 0.25042 ( 2)
  35 -   0.00220 0.73188 0.00080 0.26512 ( 2)
  36 S   0.00002 0.73406 0.00001 0.26591 ( 2)
  37 F   0.76410 0.01028 0.22190 0.00372 ( 1)
  38 N   0.00061 0.73351 0.00017 0.26571 ( 2)
  39 E   0.00721 0.72706 0.00235 0.26338 ( 2)
  40 L   0.71658 0.03890 0.23043 0.01409 ( 1)
  41 E   0.76446 0.00592 0.22747 0.00215 ( 1)
  42 L   0.39892 0.35201 0.12156 0.12751 ( 1)
  43 A   0.00758 0.72682 0.00231 0.26329 ( 2)
  44 L   0.35586 0.38170 0.12417 0.13827 ( 2)
  45 I   0.54663 0.21884 0.15526 0.07927 ( 1)
  46 P   0.14603 0.29905 0.44659 0.10833 ( 3)
  47 S   0.00849 0.72610 0.00239 0.26303 ( 2)
  48 P   0.74655 0.02039 0.22568 0.00739 ( 1)
  49 R   0.00108 0.73304 0.00034 0.26554 ( 2)
  50 T   0.44482 0.30883 0.13448 0.11187 ( 1)
  51 V   0.21945 0.36265 0.28653 0.13137 ( 2)
  52 T   0.05618 0.68102 0.01610 0.24670 ( 2)
  53 W   0.70472 0.04000 0.24080 0.01449 ( 1)
  54 L   0.58148 0.17000 0.18693 0.06158 ( 1)
  55 N   0.75586 0.02732 0.20692 0.00990 ( 1)
  56 K   0.12247 0.61781 0.03592 0.22380 ( 2)
  57 I   0.09765 0.64119 0.02888 0.23227 ( 2)
  58 T   0.00090 0.73322 0.00027 0.26561 ( 2)
  59 I   0.74889 0.02820 0.21269 0.01022 ( 1)
  60 S   0.00131 0.73281 0.00042 0.26546 ( 2)
  61 T   0.02668 0.70867 0.00794 0.25672 ( 2)
  62 G   0.14397 0.59724 0.04244 0.21635 ( 2)
  63 R   0.00000 0.73408 0.00000 0.26592 ( 2)
  64 L   0.05701 0.67877 0.01834 0.24588 ( 2)
  65 N   0.00131 0.73280 0.00043 0.26546 ( 2)
  66 G   0.00136 0.73274 0.00047 0.26543 ( 2)
  67 W   0.00912 0.72510 0.00312 0.26267 ( 2)
  68 S   0.04349 0.69144 0.01460 0.25047 ( 2)
  69 T   0.00013 0.73396 0.00004 0.26588 ( 2)
  70 S   0.04799 0.68747 0.01550 0.24904 ( 2)
  71 Q   0.06066 0.67438 0.02066 0.24430 ( 2)
  72 N   0.20038 0.53872 0.06575 0.19515 ( 2)
  73 Y   0.04727 0.68910 0.01401 0.24962 ( 2)
  74 W   0.48981 0.25166 0.16737 0.09116 ( 1)
  75 Q   0.09797 0.63907 0.03145 0.23150 ( 2)
  76 G   0.76423 0.00777 0.22519 0.00281 ( 1)
  77 H   0.46247 0.29533 0.13522 0.10698 ( 1)
  78 R   0.27729 0.46917 0.08358 0.16996 ( 2)
  79 L   0.66321 0.08664 0.21877 0.03138 ( 1)
  80 E   0.01780 0.71712 0.00530 0.25978 ( 2)
  81 Y   0.03053 0.67686 0.04743 0.24519 ( 2)
  82 S   0.01223 0.72201 0.00421 0.26155 ( 2)
  83 E   0.00407 0.73020 0.00121 0.26451 ( 2)
  84 T   0.76128 0.00666 0.22965 0.00241 ( 1)
  85 S   0.00730 0.72721 0.00205 0.26343 ( 2)
  86 A   0.05571 0.67980 0.01823 0.24626 ( 2)
  87 G   0.33914 0.40395 0.11058 0.14633 ( 2)
  88 N   0.00458 0.72980 0.00125 0.26437 ( 2)
  89 N   0.00249 0.73168 0.00078 0.26505 ( 2)
  90 I   0.00137 0.72917 0.00531 0.26414 ( 2)
  91 I   0.00009 0.73310 0.00124 0.26557 ( 2)
  92 S   0.11984 0.62137 0.03370 0.22509 ( 2)
  93 P   0.25205 0.48940 0.08127 0.17728 ( 2)
  94 T   0.27381 0.47549 0.07846 0.17224 ( 2)
  95 Y   0.76293 0.00824 0.22585 0.00299 ( 1)
  96 G   0.73721 0.00904 0.25049 0.00327 ( 1)
  97 D   0.00036 0.73287 0.00129 0.26548 ( 2)
  98 F   0.61271 0.15357 0.17809 0.05563 ( 1)
  99 N   0.22130 0.51832 0.07262 0.18776 ( 2)
 100 E   0.00573 0.63317 0.13173 0.22937 ( 2)
 101 S   0.69313 0.06094 0.22386 0.02207 ( 1)
 102 V   0.37054 0.38304 0.10766 0.13876 ( 2)
 103 A   0.00955 0.72504 0.00276 0.26265 ( 2)
 104 L   0.00013 0.73366 0.00043 0.26577 ( 2)
 105 H   0.00077 0.73335 0.00023 0.26566 ( 2)
 106 R   0.00008 0.73401 0.00002 0.26589 ( 2)
 107 D   0.07061 0.66785 0.01961 0.24193 ( 2)
 108 F   0.77255 0.00227 0.22435 0.00082 ( 1)
 109 S   0.27557 0.35306 0.24348 0.12790 ( 2)
 110 V   0.64149 0.11932 0.19596 0.04322 ( 1)
 111 L   0.22733 0.51094 0.07665 0.18509 ( 2)
 112 N   0.00181 0.73239 0.00049 0.26531 ( 2)
 113 R   0.62841 0.12123 0.20644 0.04392 ( 1)
 114 D   0.78061 0.00226 0.21632 0.00082 ( 1)
 115 V   0.66362 0.07880 0.22903 0.02854 ( 1)
 116 Y   0.73707 0.00549 0.25545 0.00199 ( 1)
 117 T   0.00377 0.73047 0.00114 0.26461 ( 2)
 118 M   0.00844 0.72599 0.00258 0.26299 ( 2)
 119 D   0.02427 0.71132 0.00673 0.25768 ( 2)
 120 S   0.35023 0.39395 0.11311 0.14271 ( 2)
 121 Y   0.00506 0.72927 0.00150 0.26418 ( 2)
 122 A   0.41147 0.34012 0.12519 0.12321 ( 1)
 123 V   0.01182 0.72275 0.00361 0.26182 ( 2)
 124 S   0.06157 0.67428 0.01989 0.24426 ( 2)
 125 Q   0.05998 0.67591 0.01925 0.24485 ( 2)
 126 F   0.00961 0.71869 0.01136 0.26034 ( 2)
 127 -   0.33746 0.39662 0.12225 0.14367 ( 2)
 128 -   0.41205 0.32203 0.14926 0.11666 ( 1)
 129 -   0.01048 0.72360 0.00380 0.26212 ( 2)
 130 -   0.13183 0.60225 0.04775 0.21817 ( 2)
 131 -   0.00569 0.72839 0.00206 0.26386 ( 2)
 132 -   0.51258 0.22149 0.18568 0.08024 ( 1)
 133 F   0.28309 0.46592 0.08221 0.16878 ( 2)
 134 G   0.26109 0.48592 0.07697 0.17602 ( 2)
 135 I   0.26716 0.10059 0.59581 0.03644 ( 3)
 136 S   0.61022 0.16011 0.17167 0.05800 ( 1)
 137 T   0.00001 0.73407 0.00000 0.26592 ( 2)
 138 A   0.01072 0.72393 0.00311 0.26224 ( 2)
 139 T   0.02133 0.71304 0.00733 0.25830 ( 2)
 140 L   0.73552 0.02973 0.22398 0.01077 ( 1)
 141 F   0.46822 0.29049 0.13606 0.10523 ( 1)
 142 G   0.00111 0.73301 0.00035 0.26553 ( 2)
 143 V   0.75892 0.01503 0.22061 0.00544 ( 1)
 144 S   0.33858 0.41153 0.10080 0.14908 ( 2)
 145 D   0.00158 0.73260 0.00044 0.26538 ( 2)
 146 N   0.08211 0.65733 0.02245 0.23812 ( 2)
 147 D   0.27257 0.04017 0.67272 0.01455 ( 3)
 148 F   0.00002 0.73406 0.00001 0.26591 ( 2)
 149 Q   0.54325 0.20730 0.17436 0.07509 ( 1)
 150 Y   0.00462 0.72951 0.00160 0.26427 ( 2)
 151 Q   0.44550 0.30209 0.14297 0.10943 ( 1)
 152 D   0.10317 0.63322 0.03423 0.22938 ( 2)
 153 L   0.00037 0.73373 0.00011 0.26579 ( 2)
 154 N   0.67471 0.10304 0.18492 0.03733 ( 1)
 155 S   0.04174 0.69482 0.01174 0.25170 ( 2)
 156 N   0.39136 0.36815 0.10713 0.13336 ( 1)
 157 R   0.00359 0.68923 0.05751 0.24967 ( 2)
 158 P   0.34221 0.40370 0.10785 0.14624 ( 2)
 159 G   0.31631 0.42298 0.10748 0.15322 ( 2)
 160 E   0.00723 0.67354 0.07524 0.24399 ( 2)
 161 I   0.03360 0.65651 0.07206 0.23782 ( 2)
 162 S   0.00279 0.72879 0.00442 0.26400 ( 2)
 163 Y   0.00013 0.73396 0.00004 0.26588 ( 2)
 164 T   0.32949 0.41925 0.09939 0.15187 ( 2)
 165 N   0.73093 0.02917 0.22933 0.01057 ( 1)
 166 P   0.24132 0.50108 0.07609 0.18152 ( 2)
 167 P   0.30626 0.44130 0.09258 0.15986 ( 2)
 168 S   0.53260 0.23312 0.14983 0.08445 ( 1)
 169 W   0.03762 0.69703 0.01286 0.25250 ( 2)
 170 G   0.01336 0.72138 0.00394 0.26132 ( 2)
 171 G   0.00239 0.73176 0.00077 0.26508 ( 2)
 172 L   0.00011 0.73398 0.00003 0.26588 ( 2)
 173 H   0.00032 0.73377 0.00011 0.26581 ( 2)
 174 I   0.04863 0.68824 0.01382 0.24931 ( 2)
 175 Y   0.71979 0.04928 0.21308 0.01785 ( 1)
 176 S   0.35332 0.39761 0.10504 0.14403 ( 2)
 177 E   0.06430 0.67280 0.01917 0.24372 ( 2)
 178 L   0.33509 0.40900 0.10775 0.14816 ( 2)
 179 P   0.01352 0.72107 0.00420 0.26121 ( 2)
 180 A   0.01029 0.72398 0.00347 0.26226 ( 2)
 181 K   0.09048 0.58437 0.11346 0.21169 ( 2)
 182 P   0.73974 0.01995 0.23308 0.00723 ( 1)
 183 T   0.74057 0.02627 0.22365 0.00952 ( 1)
 184 I   0.03800 0.65623 0.06805 0.23772 ( 2)
 185 P   0.01654 0.71826 0.00501 0.26019 ( 2)
 186 G   0.00119 0.73291 0.00040 0.26550 ( 2)
 187 I   0.00519 0.72612 0.00565 0.26304 ( 2)
 188 E   0.00027 0.73382 0.00008 0.26583 ( 2)
 189 P   0.75639 0.00387 0.23833 0.00140 ( 1)
 190 G   0.21503 0.52676 0.06740 0.19082 ( 2)
 191 R   0.06728 0.66846 0.02211 0.24215 ( 2)
 192 P   0.38073 0.36648 0.12003 0.13276 ( 1)
 193 T   0.69805 0.05575 0.22600 0.02020 ( 1)
 194 A   0.06709 0.67055 0.01944 0.24291 ( 2)
 195 N   0.51551 0.23145 0.16919 0.08384 ( 1)
 196 D   0.28304 0.08472 0.60155 0.03069 ( 3)
 197 Y   0.76293 0.00824 0.22585 0.00299 ( 1)
 198 S   0.76412 0.01557 0.21467 0.00564 ( 1)
 199 H   0.74369 0.00227 0.25322 0.00082 ( 1)
 200 R   0.75410 0.01371 0.22722 0.00497 ( 1)
 201 L   0.73835 0.01552 0.24051 0.00562 ( 1)
 202 T   0.72535 0.02255 0.24393 0.00817 ( 1)
 203 Y   0.40502 0.34874 0.11990 0.12633 ( 1)
 204 L   0.42553 0.31638 0.14349 0.11461 ( 1)
 205 T   0.64719 0.11555 0.19539 0.04186 ( 1)
 206 A   0.65363 0.11543 0.18912 0.04182 ( 1)
 207 S   0.34399 0.40636 0.10245 0.14720 ( 2)
 208 R   0.00475 0.72950 0.00148 0.26426 ( 2)
 209 A   0.03331 0.70165 0.01087 0.25417 ( 2)
 210 G   0.00052 0.73356 0.00018 0.26573 ( 2)
 211 T   0.05130 0.68564 0.01468 0.24837 ( 2)
 212 A   0.66106 0.10836 0.19132 0.03925 ( 1)
 213 -   0.05402 0.68006 0.01957 0.24635 ( 2)
 214 -   0.29499 0.43909 0.10686 0.15906 ( 2)
 215 -   0.29499 0.43909 0.10686 0.15906 ( 2)
 216 -   0.29499 0.43909 0.10686 0.15906 ( 2)
 217 -   0.29499 0.43909 0.10686 0.15906 ( 2)
 218 -   0.29499 0.43909 0.10686 0.15906 ( 2)
 219 -   0.29499 0.43909 0.10686 0.15906 ( 2)
 220 -   0.29499 0.43909 0.10686 0.15906 ( 2)
 221 -   0.29499 0.43909 0.10686 0.15906 ( 2)
 222 G   0.75392 0.00731 0.23613 0.00265 ( 1)
 223 H   0.01284 0.72189 0.00376 0.26150 ( 2)
 224 V   0.75892 0.01503 0.22061 0.00544 ( 1)
 225 L   0.64231 0.10528 0.21427 0.03814 ( 1)
 226 C   0.24476 0.49526 0.08057 0.17941 ( 2)
 227 Y   0.07187 0.56680 0.15601 0.20532 ( 2)
 228 G   0.73191 0.01070 0.25351 0.00388 ( 1)
 229 W   0.70472 0.04000 0.24080 0.01449 ( 1)
 230 T   0.75685 0.01089 0.22831 0.00394 ( 1)
 231 S   0.69646 0.07054 0.20745 0.02555 ( 1)
 232 S   0.02103 0.71365 0.00680 0.25852 ( 2)
 233 T   0.71787 0.05607 0.20574 0.02031 ( 1)


lnL = -3509.773379

