Supplemental results for CODEML (seqf: algn  treef: tree)


dN/dS (w) for site classes (K=4)

site class             0        1       2a       2b
proportion       0.00000  0.00000  0.41378  0.58622
background w     0.05639  1.00000  0.05639  1.00000
foreground w     0.05639  1.00000  1.00000  1.00000

Naive Empirical Bayes (NEB) probabilities for 4 classes
(amino acids refer to 1st sequence: BT_Cry1Na1)

   1 -   0.00000 0.00000 0.57992 0.42008 ( 3)
   2 I   0.00000 0.00000 0.05835 0.94165 ( 4)
   3 I   0.00000 0.00000 0.99787 0.00213 ( 3)
   4 T   0.00000 0.00000 0.98683 0.01317 ( 3)
   5 Q   0.00000 0.00000 0.99996 0.00004 ( 3)
   6 I   0.00000 0.00000 0.99773 0.00227 ( 3)
   7 P   0.00000 0.00000 0.99956 0.00044 ( 3)
   8 L   0.00000 0.00000 0.93475 0.06525 ( 3)
   9 V   0.00000 0.00000 0.99889 0.00111 ( 3)
  10 K   0.00000 0.00000 0.99979 0.00021 ( 3)
  11 A   0.00000 0.00000 0.41042 0.58958 ( 4)
  12 Y   0.00000 0.00000 0.47470 0.52530 ( 4)
  13 Q   0.00000 0.00000 0.00000 1.00000 ( 4)
  14 I   0.00000 0.00000 0.94901 0.05099 ( 3)
  15 G   0.00000 0.00000 0.00085 0.99915 ( 4)
  16 S   0.00000 0.00000 0.00050 0.99950 ( 4)
  17 G   0.00000 0.00000 0.89727 0.10273 ( 3)
  18 T   0.00000 0.00000 0.66811 0.33189 ( 3)
  19 T   0.00000 0.00000 0.25750 0.74250 ( 4)
  20 V   0.00000 0.00000 0.98706 0.01294 ( 3)
  21 R   0.00000 0.00000 0.70046 0.29954 ( 3)
  22 K   0.00000 0.00000 0.01342 0.98658 ( 4)
  23 G   0.00000 0.00000 0.99454 0.00546 ( 3)
  24 P   0.00000 0.00000 0.99826 0.00174 ( 3)
  25 G   0.00000 0.00000 0.99842 0.00158 ( 3)
  26 F   0.00000 0.00000 0.07782 0.92218 ( 4)
  27 T   0.00000 0.00000 0.99892 0.00108 ( 3)
  28 G   0.00000 0.00000 0.99984 0.00016 ( 3)
  29 G   0.00000 0.00000 0.99971 0.00029 ( 3)
  30 D   0.00000 0.00000 0.99667 0.00333 ( 3)
  31 I   0.00000 0.00000 0.86599 0.13401 ( 3)
  32 L   0.00000 0.00000 0.93928 0.06072 ( 3)
  33 R   0.00000 0.00000 0.00375 0.99625 ( 4)
  34 R   0.00000 0.00000 0.49415 0.50585 ( 4)
  35 T   0.00000 0.00000 0.00002 0.99998 ( 4)
  36 G   0.00000 0.00000 0.00062 0.99938 ( 4)
  37 P   0.00000 0.00000 0.05653 0.94347 ( 4)
  38 G   0.00000 0.00000 0.99614 0.00386 ( 3)
  39 T   0.00000 0.00000 0.01025 0.98975 ( 4)
  40 -   0.00000 0.00000 0.43564 0.56436 ( 4)
  41 F   0.00000 0.00000 0.03949 0.96051 ( 4)
  42 G   0.00000 0.00000 0.92015 0.07985 ( 3)
  43 D   0.00000 0.00000 0.00052 0.99948 ( 4)
  44 M   0.00000 0.00000 0.84429 0.15571 ( 3)
  45 R   0.00000 0.00000 0.00002 0.99998 ( 4)
  46 I   0.00000 0.00000 0.06056 0.93944 ( 4)
  47 N   0.00000 0.00000 0.00012 0.99988 ( 4)
  48 I   0.00000 0.00000 0.06136 0.93864 ( 4)
  49 N   0.00000 0.00000 0.46004 0.53996 ( 4)
  50 A   0.00000 0.00000 0.00045 0.99955 ( 4)
  51 P   0.00000 0.00000 0.35803 0.64197 ( 4)
  52 L   0.00000 0.00000 0.00042 0.99958 ( 4)
  53 S   0.00000 0.00000 0.00061 0.99939 ( 4)
  54 Q   0.00000 0.00000 0.00218 0.99782 ( 4)
  55 -   0.00000 0.00000 0.93949 0.06051 ( 3)
  56 -   0.00000 0.00000 0.46391 0.53609 ( 4)
  57 -   0.00000 0.00000 0.42767 0.57233 ( 4)
  58 -   0.00000 0.00000 0.47409 0.52591 ( 4)
  59 R   0.00000 0.00000 0.00122 0.99878 ( 4)
  60 Y   0.00000 0.00000 0.99827 0.00173 ( 3)
  61 R   0.00000 0.00000 0.83444 0.16556 ( 3)
  62 V   0.00000 0.00000 0.86202 0.13798 ( 3)
  63 R   0.00000 0.00000 0.99881 0.00119 ( 3)
  64 I   0.00000 0.00000 0.99488 0.00512 ( 3)
  65 R   0.00000 0.00000 0.99975 0.00025 ( 3)
  66 Y   0.00000 0.00000 0.99994 0.00006 ( 3)
  67 A   0.00000 0.00000 0.99964 0.00036 ( 3)
  68 S   0.00000 0.00000 0.00240 0.99760 ( 4)
  69 T   0.00000 0.00000 0.71022 0.28978 ( 3)
  70 T   0.00000 0.00000 0.10908 0.89092 ( 4)
  71 D   0.00000 0.00000 0.00084 0.99916 ( 4)
  72 L   0.00000 0.00000 0.63421 0.36579 ( 3)
  73 Q   0.00000 0.00000 0.03138 0.96862 ( 4)
  74 F   0.00000 0.00000 0.81561 0.18439 ( 3)
  75 V   0.00000 0.00000 0.00010 0.99990 ( 4)
  76 T   0.00000 0.00000 0.77900 0.22100 ( 3)
  77 S   0.00000 0.00000 0.00015 0.99985 ( 4)
  78 I   0.00000 0.00000 0.06355 0.93645 ( 4)
  79 -   0.00000 0.00000 0.41378 0.58622 ( 4)
  80 N   0.00000 0.00000 0.07372 0.92628 ( 4)
  81 G   0.00000 0.00000 0.01533 0.98467 ( 4)
  82 T   0.00000 0.00000 0.00008 0.99992 ( 4)
  83 T   0.00000 0.00000 0.04053 0.95947 ( 4)
  84 I   0.00000 0.00000 0.67917 0.32083 ( 3)
  85 N   0.00000 0.00000 0.00056 0.99944 ( 4)
  86 I   0.00000 0.00000 0.00877 0.99123 ( 4)
  87 G   0.00000 0.00000 0.84972 0.15028 ( 3)
  88 N   0.00000 0.00000 0.00649 0.99351 ( 4)
  89 F   0.00000 0.00000 0.00351 0.99649 ( 4)
  90 P   0.00000 0.00000 0.29350 0.70650 ( 4)
  91 K   0.00000 0.00000 0.02332 0.97668 ( 4)
  92 T   0.00000 0.00000 0.99819 0.00181 ( 3)
  93 I   0.00000 0.00000 0.00048 0.99952 ( 4)
  94 N   0.00000 0.00000 0.00669 0.99331 ( 4)
  95 N   0.00000 0.00000 0.61696 0.38304 ( 3)
  96 L   0.00000 0.00000 0.02761 0.97239 ( 4)
  97 -   0.00000 0.00000 0.49274 0.50726 ( 4)
  98 -   0.00000 0.00000 0.49274 0.50726 ( 4)
  99 -   0.00000 0.00000 0.48319 0.51681 ( 4)
 100 -   0.00000 0.00000 0.48319 0.51681 ( 4)
 101 -   0.00000 0.00000 0.45607 0.54393 ( 4)
 102 N   0.00000 0.00000 0.27296 0.72704 ( 4)
 103 T   0.00000 0.00000 0.58586 0.41414 ( 3)
 104 L   0.00000 0.00000 0.99674 0.00326 ( 3)
 105 G   0.00000 0.00000 0.02261 0.97739 ( 4)
 106 S   0.00000 0.00000 0.99815 0.00185 ( 3)
 107 E   0.00000 0.00000 0.65629 0.34371 ( 3)
 108 G   0.00000 0.00000 0.02041 0.97959 ( 4)
 109 Y   0.00000 0.00000 0.99915 0.00085 ( 3)
 110 R   0.00000 0.00000 0.02576 0.97424 ( 4)
 111 T   0.00000 0.00000 0.94951 0.05049 ( 3)
 112 V   0.00000 0.00000 0.04435 0.95565 ( 4)
 113 S   0.00000 0.00000 0.01889 0.98111 ( 4)
 114 F   0.00000 0.00000 0.00840 0.99160 ( 4)
 115 S   0.00000 0.00000 0.00053 0.99947 ( 4)
 116 T   0.00000 0.00000 0.00246 0.99754 ( 4)
 117 P   0.00000 0.00000 0.00153 0.99847 ( 4)
 118 F   0.00000 0.00000 0.00256 0.99744 ( 4)
 119 S   0.00000 0.00000 0.00094 0.99906 ( 4)
 120 F   0.00000 0.00000 0.00002 0.99998 ( 4)
 121 S   0.00000 0.00000 0.00002 0.99998 ( 4)
 122 N   0.00000 0.00000 0.00028 0.99972 ( 4)
 123 A   0.00000 0.00000 0.94455 0.05545 ( 3)
 124 Q   0.00000 0.00000 0.38703 0.61297 ( 4)
 125 S   0.00000 0.00000 0.00156 0.99844 ( 4)
 126 -   0.00000 0.00000 0.31885 0.68115 ( 4)
 127 -   0.00000 0.00000 0.04122 0.95878 ( 4)
 128 -   0.00000 0.00000 0.00172 0.99828 ( 4)
 129 -   0.00000 0.00000 0.05203 0.94797 ( 4)
 130 I   0.00000 0.00000 0.00270 0.99730 ( 4)
 131 F   0.00000 0.00000 0.03969 0.96031 ( 4)
 132 R   0.00000 0.00000 0.00026 0.99974 ( 4)
 133 L   0.00000 0.00000 0.85456 0.14543 ( 3)
 134 G   0.00000 0.00000 0.00001 0.99999 ( 4)
 135 I   0.00000 0.00000 0.02134 0.97866 ( 4)
 136 Q   0.00000 0.00000 0.13529 0.86471 ( 4)
 137 A   0.00000 0.00000 0.00523 0.99477 ( 4)
 138 F   0.00000 0.00000 0.02005 0.97995 ( 4)
 139 S   0.00000 0.00000 0.00001 0.99999 ( 4)
 140 G   0.00000 0.00000 0.00389 0.99611 ( 4)
 141 V   0.00000 0.00000 0.03723 0.96277 ( 4)
 142 Q   0.00000 0.00000 0.06306 0.93694 ( 4)
 143 E   0.00000 0.00000 0.01068 0.98932 ( 4)
 144 V   0.00000 0.00000 0.60177 0.39823 ( 3)
 145 Y   0.00000 0.00000 0.00786 0.99214 ( 4)
 146 V   0.00000 0.00000 0.98778 0.01222 ( 3)
 147 D   0.00000 0.00000 0.99991 0.00009 ( 3)
 148 K   0.00000 0.00000 0.97233 0.02767 ( 3)
 149 I   0.00000 0.00000 0.99812 0.00188 ( 3)
 150 E   0.00000 0.00000 0.99994 0.00006 ( 3)
 151 F   0.00000 0.00000 0.99995 0.00005 ( 3)
 152 I   0.00000 0.00000 0.06239 0.93761 ( 4)
 153 P   0.00000 0.00000 0.99474 0.00526 ( 3)


lnL = -2669.478448

Bayes Empirical Bayes (BEB) probabilities for 4 classes (class)
(amino acids refer to 1st sequence: BT_Cry1Na1)

   1 -   0.43425 0.33077 0.13361 0.10136 ( 1)
   2 I   0.00260 0.70698 0.03058 0.25984 ( 2)
   3 I   0.79527 0.00142 0.20293 0.00039 ( 1)
   4 T   0.09098 0.01789 0.88600 0.00513 ( 3)
   5 Q   0.78156 0.00003 0.21841 0.00001 ( 1)
   6 I   0.79683 0.00152 0.20123 0.00042 ( 1)
   7 P   0.78612 0.00032 0.21347 0.00009 ( 1)
   8 L   0.71491 0.05844 0.20933 0.01732 ( 1)
   9 V   0.77314 0.00077 0.22586 0.00023 ( 1)
  10 K   0.79424 0.00014 0.20558 0.00004 ( 1)
  11 A   0.28390 0.50777 0.07171 0.13662 ( 2)
  12 Y   0.31933 0.46483 0.08585 0.12999 ( 2)
  13 Q   0.00000 0.78834 0.00000 0.21166 ( 2)
  14 I   0.07683 0.07584 0.82565 0.02168 ( 3)
  15 G   0.00044 0.78791 0.00011 0.21154 ( 2)
  16 S   0.00024 0.78048 0.00006 0.21922 ( 2)
  17 G   0.69387 0.09207 0.18811 0.02595 ( 1)
  18 T   0.47789 0.30064 0.13474 0.08673 ( 1)
  19 T   0.15835 0.61507 0.04577 0.18082 ( 2)
  20 V   0.78612 0.01007 0.20106 0.00276 ( 1)
  21 R   0.53233 0.24389 0.15262 0.07116 ( 1)
  22 K   0.00677 0.77628 0.00180 0.21514 ( 2)
  23 G   0.77145 0.00445 0.22280 0.00131 ( 1)
  24 P   0.77032 0.00141 0.22785 0.00042 ( 1)
  25 G   0.79583 0.00123 0.20261 0.00033 ( 1)
  26 F   0.04397 0.73942 0.01170 0.20492 ( 2)
  27 T   0.79208 0.00074 0.20698 0.00020 ( 1)
  28 G   0.79169 0.00011 0.20817 0.00003 ( 1)
  29 G   0.79159 0.00021 0.20814 0.00006 ( 1)
  30 D   0.77481 0.00255 0.22190 0.00074 ( 1)
  31 I   0.65251 0.12158 0.18999 0.03592 ( 1)
  32 L   0.74259 0.05301 0.18989 0.01450 ( 1)
  33 R   0.00178 0.77981 0.00048 0.21793 ( 2)
  34 R   0.35091 0.43735 0.09165 0.12009 ( 2)
  35 T   0.00000 0.72900 0.00000 0.27099 ( 2)
  36 G   0.00026 0.77702 0.00007 0.22265 ( 2)
  37 P   0.03035 0.74156 0.00889 0.21920 ( 2)
  38 G   0.78876 0.00301 0.20739 0.00083 ( 1)
  39 T   0.00586 0.75916 0.00181 0.23316 ( 2)
  40 -   0.32400 0.44102 0.09979 0.13519 ( 2)
  41 F   0.02415 0.74088 0.00747 0.22751 ( 2)
  42 G   0.70474 0.06029 0.21650 0.01847 ( 1)
  43 D   0.00024 0.78413 0.00006 0.21557 ( 2)
  44 M   0.64015 0.15005 0.16821 0.04158 ( 1)
  45 R   0.00001 0.77547 0.00000 0.22452 ( 2)
  46 I   0.01637 0.69865 0.02346 0.26152 ( 2)
  47 N   0.00005 0.77709 0.00001 0.22285 ( 2)
  48 I   0.03765 0.74318 0.01025 0.20892 ( 2)
  49 N   0.28006 0.44860 0.10783 0.16351 ( 2)
  50 A   0.00020 0.78466 0.00005 0.21509 ( 2)
  51 P   0.24420 0.54570 0.06196 0.14815 ( 2)
  52 L   0.00018 0.78141 0.00005 0.21836 ( 2)
  53 S   0.00028 0.76946 0.00008 0.23018 ( 2)
  54 Q   0.00104 0.78260 0.00028 0.21609 ( 2)
  55 -   0.71710 0.04793 0.22029 0.01469 ( 1)
  56 -   0.34547 0.41955 0.10638 0.12860 ( 2)
  57 -   0.31796 0.44706 0.09793 0.13704 ( 2)
  58 -   0.35322 0.41181 0.10875 0.12622 ( 2)
  59 R   0.00061 0.76930 0.00018 0.22991 ( 2)
  60 Y   0.78660 0.00137 0.21165 0.00039 ( 1)
  61 R   0.64220 0.14982 0.16682 0.04117 ( 1)
  62 V   0.66621 0.12460 0.17489 0.03430 ( 1)
  63 R   0.78371 0.00086 0.21518 0.00025 ( 1)
  64 I   0.79437 0.00392 0.20064 0.00107 ( 1)
  65 R   0.79195 0.00018 0.20782 0.00005 ( 1)
  66 Y   0.78678 0.00004 0.21317 0.00001 ( 1)
  67 A   0.79491 0.00024 0.20478 0.00007 ( 1)
  68 S   0.00122 0.77604 0.00034 0.22239 ( 2)
  69 T   0.43547 0.26948 0.20266 0.09239 ( 1)
  70 T   0.06704 0.71507 0.01804 0.19985 ( 2)
  71 D   0.00005 0.72609 0.00033 0.27352 ( 2)
  72 L   0.45508 0.33590 0.11731 0.09171 ( 1)
  73 Q   0.01732 0.76702 0.00452 0.21115 ( 2)
  74 F   0.61750 0.17289 0.16204 0.04757 ( 1)
  75 V   0.00004 0.77180 0.00001 0.22814 ( 2)
  76 T   0.56863 0.20493 0.16588 0.06056 ( 1)
  77 S   0.00007 0.78834 0.00002 0.21158 ( 2)
  78 I   0.03698 0.73388 0.01093 0.21821 ( 2)
  79 -   0.30744 0.45759 0.09470 0.14027 ( 2)
  80 N   0.04203 0.72300 0.01299 0.22198 ( 2)
  81 G   0.00862 0.75640 0.00267 0.23231 ( 2)
  82 T   0.00004 0.76499 0.00001 0.23496 ( 2)
  83 T   0.02263 0.74240 0.00700 0.22798 ( 2)
  84 I   0.51430 0.27779 0.13176 0.07615 ( 1)
  85 N   0.00025 0.76949 0.00007 0.23019 ( 2)
  86 I   0.00458 0.78193 0.00117 0.21231 ( 2)
  87 G   0.64273 0.14456 0.17230 0.04041 ( 1)
  88 N   0.00354 0.77362 0.00099 0.22186 ( 2)
  89 F   0.00175 0.77553 0.00049 0.22223 ( 2)
  90 P   0.18188 0.58858 0.05396 0.17558 ( 2)
  91 K   0.01310 0.77119 0.00342 0.21229 ( 2)
  92 T   0.79156 0.00124 0.20685 0.00034 ( 1)
  93 I   0.00002 0.66810 0.00024 0.33165 ( 2)
  94 N   0.00063 0.73076 0.00257 0.26603 ( 2)
  95 N   0.43780 0.35081 0.11471 0.09668 ( 1)
  96 L   0.01537 0.74966 0.00475 0.23022 ( 2)
  97 -   0.36743 0.39759 0.11311 0.12186 ( 2)
  98 -   0.36743 0.39759 0.11311 0.12186 ( 2)
  99 -   0.36015 0.40487 0.11088 0.12409 ( 2)
 100 -   0.36015 0.40487 0.11088 0.12409 ( 2)
 101 -   0.33951 0.42551 0.10455 0.13043 ( 2)
 102 N   0.17833 0.59998 0.04980 0.17190 ( 2)
 103 T   0.42803 0.36632 0.10695 0.09871 ( 1)
 104 L   0.76810 0.00243 0.22874 0.00073 ( 1)
 105 G   0.01173 0.75861 0.00347 0.22619 ( 2)
 106 S   0.78647 0.00150 0.21161 0.00042 ( 1)
 107 E   0.44777 0.32795 0.12855 0.09573 ( 1)
 108 G   0.01122 0.77225 0.00297 0.21356 ( 2)
 109 Y   0.79208 0.00066 0.20708 0.00018 ( 1)
 110 R   0.01371 0.76364 0.00384 0.21881 ( 2)
 111 T   0.74150 0.04610 0.19946 0.01294 ( 1)
 112 V   0.02478 0.76158 0.00638 0.20726 ( 2)
 113 S   0.00079 0.72177 0.00874 0.26871 ( 2)
 114 F   0.00418 0.76765 0.00123 0.22694 ( 2)
 115 S   0.00025 0.78405 0.00007 0.21564 ( 2)
 116 T   0.00114 0.77822 0.00031 0.22032 ( 2)
 117 P   0.00037 0.74094 0.00038 0.25831 ( 2)
 118 F   0.00125 0.78176 0.00033 0.21666 ( 2)
 119 S   0.00045 0.78576 0.00011 0.21367 ( 2)
 120 F   0.00001 0.78485 0.00000 0.21514 ( 2)
 121 S   0.00001 0.78607 0.00000 0.21392 ( 2)
 122 N   0.00012 0.78633 0.00003 0.21351 ( 2)
 123 A   0.73891 0.04998 0.19717 0.01394 ( 1)
 124 Q   0.26595 0.52107 0.06936 0.14362 ( 2)
 125 S   0.00075 0.77860 0.00021 0.22044 ( 2)
 126 -   0.22252 0.54250 0.06861 0.16637 ( 2)
 127 -   0.02494 0.74009 0.00771 0.22726 ( 2)
 128 -   0.00100 0.76403 0.00031 0.23467 ( 2)
 129 -   0.03436 0.73067 0.01062 0.22435 ( 2)
 130 I   0.00141 0.76362 0.00044 0.23454 ( 2)
 131 F   0.00640 0.72605 0.01637 0.25117 ( 2)
 132 R   0.00013 0.78665 0.00003 0.21319 ( 2)
 133 L   0.65237 0.12713 0.18379 0.03671 ( 1)
 134 G   0.00000 0.78415 0.00000 0.21584 ( 2)
 135 I   0.01100 0.77395 0.00288 0.21217 ( 2)
 136 Q   0.08062 0.70796 0.02045 0.19096 ( 2)
 137 A   0.00280 0.78418 0.00071 0.21231 ( 2)
 138 F   0.01092 0.77073 0.00294 0.21542 ( 2)
 139 S   0.00000 0.78430 0.00000 0.21570 ( 2)
 140 G   0.00201 0.77870 0.00055 0.21874 ( 2)
 141 V   0.00398 0.70609 0.01836 0.27158 ( 2)
 142 Q   0.03671 0.75223 0.00916 0.20190 ( 2)
 143 E   0.00553 0.77521 0.00150 0.21775 ( 2)
 144 V   0.35746 0.35357 0.15619 0.13278 ( 1)
 145 Y   0.00168 0.72835 0.00262 0.26735 ( 2)
 146 V   0.78522 0.00931 0.20286 0.00261 ( 1)
 147 D   0.77812 0.00006 0.22179 0.00002 ( 1)
 148 K   0.77030 0.02378 0.19937 0.00655 ( 1)
 149 I   0.79710 0.00125 0.20130 0.00034 ( 1)
 150 E   0.79196 0.00004 0.20799 0.00001 ( 1)
 151 F   0.79271 0.00003 0.20725 0.00001 ( 1)
 152 I   0.03890 0.73432 0.01127 0.21551 ( 2)
 153 P   0.77993 0.00383 0.21514 0.00109 ( 1)

