Supplemental results for CODEML (seqf: algn  treef: tree)


dN/dS (w) for site classes (K=4)

site class             0        1       2a       2b
proportion       0.64300  0.34359  0.00874  0.00467
background w     0.10840  1.00000  0.10840  1.00000
foreground w     0.10840  1.00000  5.86736  5.86736

Naive Empirical Bayes (NEB) probabilities for 4 classes
(amino acids refer to 1st sequence: BT_Cry19Aa1)

   1 E   0.00082 0.97329 0.00013 0.02575 ( 2)
   2 V   0.99828 0.00007 0.00165 0.00000 ( 1)
   3 K   0.99755 0.00019 0.00226 0.00000 ( 1)
   4 T   0.36882 0.62343 0.00266 0.00508 ( 2)
   5 E   0.99742 0.00027 0.00230 0.00000 ( 1)
   6 L   0.97582 0.01603 0.00800 0.00015 ( 1)
   7 T   0.99644 0.00085 0.00270 0.00000 ( 1)
   8 R   0.99528 0.00244 0.00228 0.00001 ( 1)
   9 E   0.99742 0.00027 0.00230 0.00000 ( 1)
  10 I   0.99810 0.00009 0.00181 0.00000 ( 1)
  11 Y   0.99691 0.00054 0.00255 0.00000 ( 1)
  12 S   0.98415 0.01077 0.00501 0.00007 ( 1)
  13 D   0.99850 0.00002 0.00148 0.00000 ( 1)
  14 V   0.99613 0.00217 0.00169 0.00001 ( 1)
  15 I   0.99752 0.00068 0.00180 0.00000 ( 1)
  16 N   0.99802 0.00004 0.00193 0.00000 ( 1)
  17 G   0.14163 0.85359 0.00053 0.00424 ( 2)
  18 E   0.50119 0.49633 0.00096 0.00152 ( 1)
  19 I   0.01666 0.97571 0.00010 0.00753 ( 2)
  20 Y   0.16147 0.83345 0.00058 0.00449 ( 2)
  21 G   0.72860 0.25774 0.00979 0.00388 ( 1)
  22 L   0.03929 0.95638 0.00010 0.00423 ( 2)
  23 M   0.38618 0.59873 0.00652 0.00857 ( 2)
  24 T   0.00205 0.99012 0.00003 0.00780 ( 2)
  25 -   0.81786 0.17941 0.00197 0.00077 ( 1)
  26 P   0.21590 0.77528 0.00117 0.00764 ( 2)
  27 Y   0.03476 0.90760 0.01881 0.03884 ( 2)
  28 F   0.00213 0.99167 0.00001 0.00618 ( 2)
  29 S   0.85129 0.14619 0.00186 0.00065 ( 1)
  30 F   0.97937 0.01894 0.00163 0.00006 ( 1)
  31 E   0.01443 0.97057 0.00023 0.01477 ( 2)
  32 K   0.09535 0.89999 0.00035 0.00431 ( 2)
  33 A   0.48018 0.51189 0.00296 0.00497 ( 2)
  34 E   0.99742 0.00027 0.00230 0.00000 ( 1)
  35 S   0.81614 0.17639 0.00602 0.00145 ( 1)
  36 L   0.99531 0.00293 0.00175 0.00001 ( 1)
  37 Y   0.99766 0.00019 0.00215 0.00000 ( 1)
  38 T   0.99610 0.00081 0.00308 0.00000 ( 1)
  39 R   0.88541 0.10629 0.00733 0.00098 ( 1)
  40 A   0.00662 0.97015 0.00146 0.02176 ( 2)
  41 P   0.99769 0.00041 0.00190 0.00000 ( 1)
  42 H   0.99871 0.00003 0.00127 0.00000 ( 1)
  43 L   0.19898 0.79620 0.00080 0.00401 ( 2)
  44 F   0.98794 0.00667 0.00534 0.00004 ( 1)
  45 T   0.99805 0.00007 0.00188 0.00000 ( 1)
  46 W   0.95686 0.03616 0.00669 0.00028 ( 1)
  47 L   0.99253 0.00355 0.00390 0.00002 ( 1)
  48 K   0.58469 0.40791 0.00417 0.00323 ( 1)
  49 G   0.98815 0.00813 0.00369 0.00004 ( 1)
  50 F   0.99500 0.00335 0.00164 0.00001 ( 1)
  51 R   0.60640 0.39096 0.00139 0.00126 ( 1)
  52 F   0.99831 0.00004 0.00165 0.00000 ( 1)
  53 V   0.99578 0.00108 0.00313 0.00000 ( 1)
  54 T   0.98753 0.00803 0.00439 0.00005 ( 1)
  55 N   0.99802 0.00004 0.00193 0.00000 ( 1)
  56 S   0.20188 0.79507 0.00041 0.00264 ( 2)
  57 I   0.99191 0.00628 0.00179 0.00002 ( 1)
  58 S   0.84458 0.15328 0.00163 0.00050 ( 1)
  59 Y   0.00080 0.99542 0.00000 0.00378 ( 2)
  60 -   0.98040 0.00618 0.01333 0.00008 ( 1)
  61 -   0.01810 0.96849 0.00025 0.01317 ( 2)
  62 -   0.00055 0.98603 0.00001 0.01341 ( 2)
  63 -   0.12994 0.85664 0.00177 0.01165 ( 2)
  64 -   0.89722 0.08937 0.01220 0.00122 ( 1)
  65 -   0.67814 0.30845 0.00922 0.00419 ( 1)
  66 W   0.95686 0.03616 0.00669 0.00028 ( 1)
  67 T   0.20325 0.79275 0.00063 0.00337 ( 2)
  68 F   0.99261 0.00206 0.00532 0.00001 ( 1)
  69 L   0.99301 0.00308 0.00390 0.00002 ( 1)
  70 S   0.88213 0.11282 0.00434 0.00071 ( 1)
  71 G   0.99764 0.00073 0.00163 0.00000 ( 1)
  72 G   0.00022 0.96951 0.00003 0.03024 ( 2)
  73 Q   0.22143 0.77422 0.00081 0.00355 ( 2)
  74 N   0.99777 0.00029 0.00193 0.00000 ( 1)
  75 K   0.97665 0.02105 0.00222 0.00008 ( 1)
  76 Y   0.97564 0.02219 0.00209 0.00008 ( 1)
  77 S   0.96357 0.03140 0.00480 0.00023 ( 1)
  78 Y   0.04477 0.95103 0.00010 0.00410 ( 2)
  79 T   0.71695 0.27622 0.00473 0.00210 ( 1)
  80 N   0.00035 0.98509 0.00000 0.01455 ( 2)
  81 -   0.64300 0.34359 0.00874 0.00467 ( 1)
  82 N   0.00000 0.98336 0.00000 0.01664 ( 2)
  83 S   0.00033 0.98972 0.00002 0.00993 ( 2)
  84 S   0.00032 0.99351 0.00000 0.00618 ( 2)
  85 I   0.94612 0.05200 0.00170 0.00017 ( 1)
  86 N   0.00004 0.94248 0.00010 0.05737 ( 2)
  87 E   0.00107 0.99371 0.00000 0.00522 ( 2)
  88 G   0.95882 0.03947 0.00161 0.00011 ( 1)
  89 S   0.97297 0.02516 0.00180 0.00007 ( 1)
  90 F   0.99487 0.00033 0.00480 0.00000 ( 1)
  91 R   0.00000 0.91329 0.00000 0.08671 ( 2)
  92 G   0.98818 0.01004 0.00175 0.00003 ( 1)
  93 Q   0.02170 0.97094 0.00014 0.00722 ( 2)
  94 D   0.82914 0.16898 0.00129 0.00059 ( 1)
  95 T   0.09468 0.90119 0.00029 0.00383 ( 2)
  96 D   0.02143 0.97501 0.00005 0.00351 ( 2)
  97 Y   0.80244 0.19266 0.00364 0.00126 ( 1)
  98 G   0.99185 0.00662 0.00151 0.00002 ( 1)
  99 G   0.93416 0.06207 0.00348 0.00029 ( 1)
 100 T   0.28429 0.70835 0.00193 0.00543 ( 2)
 101 S   0.05516 0.94166 0.00011 0.00307 ( 2)
 102 S   0.99661 0.00146 0.00193 0.00000 ( 1)
 103 T   0.02593 0.96843 0.00010 0.00553 ( 2)
 104 I   0.08950 0.90691 0.00029 0.00329 ( 2)
 105 N   0.05410 0.93940 0.00027 0.00623 ( 2)
 106 I   0.89196 0.10606 0.00162 0.00036 ( 1)
 107 P   0.00001 0.96947 0.00000 0.03052 ( 2)
 108 S   0.00036 0.99598 0.00000 0.00366 ( 2)
 109 N   0.00087 0.99035 0.00039 0.00839 ( 2)
 110 S   0.02107 0.97036 0.00016 0.00841 ( 2)
 111 Y   0.72898 0.26842 0.00156 0.00103 ( 1)
 112 V   0.23679 0.75857 0.00061 0.00403 ( 2)
 113 Y   0.98550 0.01234 0.00211 0.00005 ( 1)
 114 N   0.12178 0.09808 0.77343 0.00671 ( 3)
 115 L   0.97488 0.02119 0.00383 0.00010 ( 1)
 116 W   0.13246 0.85994 0.00093 0.00668 ( 2)
 117 T   0.69350 0.30319 0.00198 0.00134 ( 1)
 118 E   0.99521 0.00253 0.00225 0.00001 ( 1)
 119 N   0.84798 0.14788 0.00339 0.00076 ( 1)
 120 Y   0.99004 0.00781 0.00212 0.00003 ( 1)
 121 E   0.87740 0.12014 0.00205 0.00041 ( 1)
 122 Y   0.00009 0.97576 0.00001 0.02414 ( 2)
 123 I   0.99220 0.00599 0.00179 0.00002 ( 1)
 124 Y   0.91632 0.08125 0.00209 0.00034 ( 1)
 125 P   0.99402 0.00225 0.00371 0.00001 ( 1)
 126 W   0.04192 0.95040 0.00029 0.00739 ( 2)
 127 G   0.00003 0.94017 0.00020 0.05960 ( 2)
 128 D   0.99568 0.00283 0.00148 0.00001 ( 1)
 129 P   0.18549 0.81001 0.00070 0.00380 ( 2)
 130 V   0.01847 0.97742 0.00006 0.00406 ( 2)
 131 N   0.99777 0.00029 0.00193 0.00000 ( 1)
 132 I   0.99220 0.00599 0.00179 0.00002 ( 1)
 133 T   0.38522 0.61099 0.00119 0.00260 ( 2)
 134 K   0.34905 0.64773 0.00079 0.00243 ( 2)
 135 M   0.90896 0.08905 0.00166 0.00033 ( 1)
 136 N   0.98724 0.01080 0.00191 0.00005 ( 1)
 137 F   0.99826 0.00009 0.00165 0.00000 ( 1)
 138 S   0.95137 0.04665 0.00184 0.00015 ( 1)
 139 V   0.00081 0.99288 0.00001 0.00631 ( 2)
 140 T   0.94697 0.04773 0.00497 0.00032 ( 1)
 141 D   0.99458 0.00390 0.00151 0.00001 ( 1)
 142 N   0.99802 0.00004 0.00193 0.00000 ( 1)
 143 N   0.96425 0.03363 0.00197 0.00015 ( 1)
 144 S   0.00495 0.97980 0.00045 0.01480 ( 2)
 145 S   0.54385 0.45061 0.00276 0.00278 ( 1)
 146 K   0.00002 0.99424 0.00000 0.00574 ( 2)
 147 E   0.29013 0.70683 0.00067 0.00236 ( 2)
 148 L   0.00002 0.99528 0.00000 0.00470 ( 2)
 149 I   0.10944 0.87132 0.00900 0.01025 ( 2)
 150 Y   0.99509 0.00277 0.00213 0.00001 ( 1)
 151 G   0.96228 0.03617 0.00146 0.00008 ( 1)
 152 A   0.01203 0.97455 0.00103 0.01239 ( 2)
 153 -   0.64300 0.34359 0.00874 0.00467 ( 1)
 154 -   0.37942 0.60717 0.00516 0.00826 ( 2)
 155 -   0.41791 0.56867 0.00568 0.00773 ( 2)
 156 H   0.00051 0.99532 0.00000 0.00417 ( 2)
 157 R   0.62959 0.36779 0.00144 0.00118 ( 1)
 158 T   0.00944 0.98081 0.00008 0.00967 ( 2)
 159 N   0.99802 0.00004 0.00193 0.00000 ( 1)
 160 K   0.00768 0.98097 0.00082 0.01053 ( 2)
 161 P   0.99811 0.00011 0.00178 0.00000 ( 1)
 162 V   0.85648 0.14138 0.00161 0.00053 ( 1)
 163 V   0.99830 0.00006 0.00165 0.00000 ( 1)
 164 R   0.41262 0.57985 0.00294 0.00459 ( 2)
 165 T   0.99562 0.00133 0.00304 0.00001 ( 1)
 166 D   0.99832 0.00019 0.00148 0.00000 ( 1)
 167 F   0.99813 0.00006 0.00182 0.00000 ( 1)
 168 D   0.99597 0.00175 0.00227 0.00001 ( 1)
 169 F   0.99831 0.00004 0.00165 0.00000 ( 1)
 170 L   0.99250 0.00568 0.00181 0.00002 ( 1)
 171 T   0.11545 0.87589 0.00074 0.00792 ( 2)
 172 N   0.86418 0.00301 0.13275 0.00006 ( 1)
 173 K   0.99556 0.00218 0.00225 0.00001 ( 1)
 174 E   0.22232 0.74800 0.01906 0.01062 ( 2)
 175 G   0.61676 0.37915 0.00231 0.00178 ( 1)
 176 T   0.98843 0.00968 0.00186 0.00004 ( 1)
 177 E   0.39563 0.60225 0.00063 0.00150 ( 2)
 178 L   0.07661 0.88062 0.01667 0.02610 ( 2)
 179 A   0.38501 0.60699 0.00290 0.00511 ( 2)
 180 K   0.98692 0.00998 0.00305 0.00004 ( 1)
 181 Y   0.71152 0.05683 0.22950 0.00215 ( 1)
 182 N   0.99681 0.00055 0.00264 0.00000 ( 1)
 183 D   0.95922 0.00895 0.03176 0.00007 ( 1)
 184 Y   0.99735 0.00045 0.00220 0.00000 ( 1)
 185 N   0.93226 0.00952 0.05814 0.00008 ( 1)
 186 H   0.99814 0.00010 0.00177 0.00000 ( 1)
 187 I   0.99815 0.00005 0.00180 0.00000 ( 1)
 188 L   0.99049 0.00560 0.00389 0.00003 ( 1)
 189 S   0.98743 0.00746 0.00507 0.00005 ( 1)
 190 Y   0.80085 0.09221 0.10526 0.00169 ( 1)
 191 M   0.59200 0.39801 0.00729 0.00271 ( 1)
 192 L   0.98913 0.00675 0.00409 0.00004 ( 1)
 193 I   0.20900 0.75412 0.02844 0.00844 ( 2)
 194 N   0.99026 0.00576 0.00395 0.00003 ( 1)
 195 -   0.89722 0.08937 0.01220 0.00122 ( 1)
 196 -   0.91769 0.06890 0.01248 0.00094 ( 1)
 197 -   0.79063 0.19596 0.01075 0.00266 ( 1)
 198 G   0.69360 0.30239 0.00260 0.00142 ( 1)
 199 E   0.01459 0.97620 0.00016 0.00905 ( 2)
 200 T   0.99126 0.00652 0.00219 0.00003 ( 1)
 201 F   0.29039 0.70033 0.00256 0.00673 ( 2)
 202 G   0.98405 0.01211 0.00377 0.00006 ( 1)
 203 Q   0.70442 0.28863 0.00472 0.00222 ( 1)
 204 K   0.84780 0.14974 0.00192 0.00054 ( 1)
 205 R   0.51540 0.40750 0.06754 0.00956 ( 1)
 206 H   0.98934 0.00500 0.00563 0.00003 ( 1)
 207 G   0.99817 0.00025 0.00157 0.00000 ( 1)
 208 Y   0.99775 0.00011 0.00214 0.00000 ( 1)
 209 S   0.90198 0.09282 0.00463 0.00057 ( 1)
 210 F   0.99831 0.00004 0.00165 0.00000 ( 1)
 211 A   0.99533 0.00297 0.00169 0.00001 ( 1)
 212 F   0.99828 0.00006 0.00166 0.00000 ( 1)
 213 T   0.99196 0.00254 0.00548 0.00002 ( 1)
 214 H   0.99872 0.00002 0.00126 0.00000 ( 1)
 215 S   0.99877 0.00001 0.00122 0.00000 ( 1)
 216 S   0.99354 0.00166 0.00479 0.00001 ( 1)


lnL = -3714.797748

Bayes Empirical Bayes (BEB) probabilities for 4 classes (class)
(amino acids refer to 1st sequence: BT_Cry19Aa1)

   1 E   0.00517 0.92201 0.00188 0.07093 ( 2)
   2 V   0.98724 0.00009 0.01267 0.00000 ( 1)
   3 K   0.98506 0.00025 0.01468 0.00001 ( 1)
   4 T   0.52554 0.44373 0.01593 0.01480 ( 1)
   5 E   0.98422 0.00033 0.01544 0.00001 ( 1)
   6 L   0.95297 0.01536 0.03113 0.00054 ( 1)
   7 T   0.98323 0.00109 0.01565 0.00003 ( 1)
   8 R   0.98169 0.00260 0.01565 0.00006 ( 1)
   9 E   0.98422 0.00033 0.01544 0.00001 ( 1)
  10 I   0.98753 0.00013 0.01234 0.00000 ( 1)
  11 Y   0.98402 0.00069 0.01527 0.00002 ( 1)
  12 S   0.96559 0.01063 0.02348 0.00030 ( 1)
  13 D   0.98908 0.00003 0.01089 0.00000 ( 1)
  14 V   0.98479 0.00236 0.01281 0.00005 ( 1)
  15 I   0.98699 0.00071 0.01228 0.00001 ( 1)
  16 N   0.98815 0.00007 0.01178 0.00000 ( 1)
  17 G   0.34182 0.63524 0.00674 0.01621 ( 2)
  18 E   0.71644 0.26847 0.00965 0.00545 ( 1)
  19 I   0.05866 0.91014 0.00160 0.02960 ( 2)
  20 Y   0.32329 0.65314 0.00618 0.01739 ( 2)
  21 G   0.80143 0.15469 0.03632 0.00756 ( 1)
  22 L   0.12426 0.85309 0.00201 0.02063 ( 2)
  23 M   0.58213 0.36790 0.03251 0.01745 ( 1)
  24 T   0.01028 0.95850 0.00040 0.03082 ( 2)
  25 -   0.82747 0.15548 0.01335 0.00370 ( 1)
  26 P   0.35547 0.61367 0.00833 0.02253 ( 2)
  27 Y   0.11437 0.70142 0.10758 0.07662 ( 2)
  28 F   0.01065 0.96115 0.00026 0.02793 ( 2)
  29 S   0.90408 0.08130 0.01269 0.00192 ( 1)
  30 F   0.97438 0.01324 0.01210 0.00028 ( 1)
  31 E   0.05347 0.89918 0.00288 0.04448 ( 2)
  32 K   0.23274 0.74326 0.00485 0.01915 ( 2)
  33 A   0.66076 0.30970 0.01814 0.01140 ( 1)
  34 E   0.98422 0.00033 0.01544 0.00001 ( 1)
  35 S   0.86207 0.10794 0.02641 0.00359 ( 1)
  36 L   0.98357 0.00250 0.01388 0.00005 ( 1)
  37 Y   0.98606 0.00025 0.01368 0.00001 ( 1)
  38 T   0.98121 0.00095 0.01782 0.00002 ( 1)
  39 R   0.87241 0.09549 0.02871 0.00338 ( 1)
  40 A   0.02561 0.90384 0.01080 0.05975 ( 2)
  41 P   0.98513 0.00048 0.01438 0.00001 ( 1)
  42 H   0.98878 0.00004 0.01118 0.00000 ( 1)
  43 L   0.33064 0.64533 0.00712 0.01691 ( 2)
  44 F   0.96843 0.00674 0.02464 0.00019 ( 1)
  45 T   0.98723 0.00010 0.01266 0.00000 ( 1)
  46 W   0.93804 0.03307 0.02783 0.00106 ( 1)
  47 L   0.97558 0.00372 0.02061 0.00010 ( 1)
  48 K   0.67385 0.29618 0.02028 0.00969 ( 1)
  49 G   0.97158 0.00807 0.02014 0.00020 ( 1)
  50 F   0.98497 0.00280 0.01218 0.00005 ( 1)
  51 R   0.76120 0.22188 0.01217 0.00475 ( 1)
  52 F   0.98773 0.00005 0.01221 0.00000 ( 1)
  53 V   0.98041 0.00121 0.01836 0.00003 ( 1)
  54 T   0.97001 0.00823 0.02153 0.00023 ( 1)
  55 N   0.98815 0.00007 0.01178 0.00000 ( 1)
  56 S   0.43767 0.54459 0.00620 0.01154 ( 2)
  57 I   0.98239 0.00528 0.01223 0.00011 ( 1)
  58 S   0.90422 0.08169 0.01239 0.00170 ( 1)
  59 Y   0.00519 0.97287 0.00007 0.02187 ( 2)
  60 -   0.94968 0.00635 0.04369 0.00029 ( 1)
  61 -   0.05396 0.90207 0.00250 0.04147 ( 2)
  62 -   0.00285 0.95318 0.00013 0.04384 ( 2)
  63 -   0.23686 0.71917 0.01098 0.03300 ( 2)
  64 -   0.87373 0.08229 0.04024 0.00373 ( 1)
  65 -   0.73607 0.21995 0.03397 0.01001 ( 1)
  66 W   0.93804 0.03307 0.02783 0.00106 ( 1)
  67 T   0.39011 0.58863 0.00713 0.01412 ( 2)
  68 F   0.97347 0.00190 0.02458 0.00005 ( 1)
  69 L   0.97607 0.00324 0.02061 0.00008 ( 1)
  70 S   0.90447 0.07200 0.02146 0.00207 ( 1)
  71 G   0.98596 0.00084 0.01318 0.00002 ( 1)
  72 G   0.00181 0.91842 0.00056 0.07921 ( 2)
  73 Q   0.41808 0.55917 0.00867 0.01408 ( 2)
  74 N   0.98789 0.00033 0.01178 0.00001 ( 1)
  75 K   0.97140 0.01380 0.01451 0.00030 ( 1)
  76 Y   0.97143 0.01482 0.01343 0.00032 ( 1)
  77 S   0.95655 0.02032 0.02251 0.00062 ( 1)
  78 Y   0.15804 0.82043 0.00220 0.01933 ( 2)
  79 T   0.79798 0.17365 0.02283 0.00555 ( 1)
  80 N   0.00227 0.95136 0.00008 0.04629 ( 2)
  81 -   0.66651 0.28952 0.03078 0.01319 ( 1)
  82 N   0.00005 0.94887 0.00001 0.05107 ( 2)
  83 S   0.00320 0.95858 0.00046 0.03777 ( 2)
  84 S   0.00228 0.97005 0.00005 0.02762 ( 2)
  85 I   0.96020 0.02728 0.01195 0.00056 ( 1)
  86 N   0.00037 0.87031 0.00130 0.12802 ( 2)
  87 E   0.00631 0.96894 0.00008 0.02468 ( 2)
  88 G   0.95764 0.02889 0.01289 0.00057 ( 1)
  89 S   0.96981 0.01588 0.01399 0.00032 ( 1)
  90 F   0.97697 0.00043 0.02259 0.00001 ( 1)
  91 R   0.00000 0.82376 0.00001 0.17623 ( 2)
  92 G   0.97625 0.01012 0.01344 0.00020 ( 1)
  93 Q   0.06987 0.89936 0.00203 0.02874 ( 2)
  94 D   0.89989 0.08811 0.01018 0.00182 ( 1)
  95 T   0.25559 0.72235 0.00467 0.01738 ( 2)
  96 D   0.08974 0.88885 0.00144 0.01998 ( 2)
  97 Y   0.87739 0.10006 0.01962 0.00293 ( 1)
  98 G   0.98198 0.00517 0.01275 0.00010 ( 1)
  99 G   0.93405 0.04543 0.01938 0.00114 ( 1)
 100 T   0.47431 0.49581 0.01388 0.01600 ( 2)
 101 S   0.19327 0.78748 0.00266 0.01659 ( 2)
 102 S   0.98514 0.00136 0.01348 0.00003 ( 1)
 103 T   0.09853 0.87525 0.00201 0.02422 ( 2)
 104 I   0.23257 0.74575 0.00458 0.01710 ( 2)
 105 N   0.18400 0.78786 0.00450 0.02364 ( 2)
 106 I   0.93099 0.05620 0.01164 0.00116 ( 1)
 107 P   0.00011 0.91986 0.00005 0.07998 ( 2)
 108 S   0.00296 0.97493 0.00005 0.02206 ( 2)
 109 N   0.00580 0.95737 0.00358 0.03326 ( 2)
 110 S   0.05968 0.90693 0.00189 0.03150 ( 2)
 111 Y   0.84134 0.14384 0.01165 0.00317 ( 1)
 112 V   0.48825 0.49103 0.00782 0.01289 ( 2)
 113 Y   0.97776 0.00854 0.01351 0.00019 ( 1)
 114 N   0.13519 0.04247 0.81667 0.00568 ( 3)
 115 L   0.95859 0.02064 0.02025 0.00053 ( 1)
 116 W   0.25392 0.71515 0.00759 0.02334 ( 2)
 117 T   0.79150 0.19075 0.01320 0.00456 ( 1)
 118 E   0.98301 0.00228 0.01466 0.00005 ( 1)
 119 N   0.88807 0.09081 0.01875 0.00237 ( 1)
 120 Y   0.98086 0.00546 0.01355 0.00012 ( 1)
 121 E   0.91157 0.07248 0.01438 0.00157 ( 1)
 122 Y   0.00081 0.93115 0.00017 0.06786 ( 2)
 123 I   0.98333 0.00434 0.01224 0.00009 ( 1)
 124 Y   0.93459 0.05080 0.01345 0.00116 ( 1)
 125 P   0.97722 0.00243 0.02029 0.00006 ( 1)
 126 W   0.11076 0.85789 0.00331 0.02805 ( 2)
 127 G   0.00031 0.86595 0.00244 0.13130 ( 2)
 128 D   0.98697 0.00212 0.01086 0.00004 ( 1)
 129 P   0.36477 0.61199 0.00766 0.01558 ( 2)
 130 V   0.06856 0.90827 0.00129 0.02188 ( 2)
 131 N   0.98789 0.00033 0.01178 0.00001 ( 1)
 132 I   0.98333 0.00434 0.01224 0.00009 ( 1)
 133 T   0.57790 0.40193 0.01055 0.00962 ( 1)
 134 K   0.57909 0.40323 0.00868 0.00900 ( 1)
 135 M   0.94006 0.04714 0.01178 0.00101 ( 1)
 136 N   0.98027 0.00787 0.01169 0.00018 ( 1)
 137 F   0.98766 0.00012 0.01222 0.00000 ( 1)
 138 S   0.95579 0.03050 0.01308 0.00063 ( 1)
 139 V   0.00520 0.96632 0.00015 0.02833 ( 2)
 140 T   0.93963 0.03615 0.02314 0.00107 ( 1)
 141 D   0.98594 0.00300 0.01101 0.00006 ( 1)
 142 N   0.98815 0.00007 0.01178 0.00000 ( 1)
 143 N   0.96552 0.02209 0.01188 0.00051 ( 1)
 144 S   0.02664 0.91874 0.00640 0.04822 ( 2)
 145 S   0.67356 0.30139 0.01641 0.00863 ( 1)
 146 K   0.00023 0.97283 0.00001 0.02693 ( 2)
 147 E   0.49341 0.48821 0.00779 0.01058 ( 1)
 148 L   0.00023 0.97494 0.00000 0.02482 ( 2)
 149 I   0.25442 0.66146 0.05541 0.02871 ( 2)
 150 Y   0.98383 0.00252 0.01360 0.00005 ( 1)
 151 G   0.96448 0.02257 0.01252 0.00042 ( 1)
 152 A   0.04248 0.90972 0.00765 0.04015 ( 2)
 153 -   0.66651 0.28952 0.03078 0.01319 ( 1)
 154 -   0.48089 0.47514 0.02225 0.02172 ( 1)
 155 -   0.51499 0.44103 0.02382 0.02015 ( 1)
 156 H   0.00347 0.97322 0.00006 0.02326 ( 2)
 157 R   0.78261 0.20060 0.01251 0.00428 ( 1)
 158 T   0.03727 0.92612 0.00119 0.03542 ( 2)
 159 N   0.98815 0.00007 0.01178 0.00000 ( 1)
 160 K   0.03129 0.92495 0.00694 0.03682 ( 2)
 161 P   0.98585 0.00014 0.01401 0.00000 ( 1)
 162 V   0.91463 0.07203 0.01177 0.00157 ( 1)
 163 V   0.98726 0.00008 0.01266 0.00000 ( 1)
 164 R   0.56849 0.40124 0.01713 0.01314 ( 1)
 165 T   0.98201 0.00151 0.01644 0.00004 ( 1)
 166 D   0.98889 0.00022 0.01089 0.00000 ( 1)
 167 F   0.98717 0.00008 0.01275 0.00000 ( 1)
 168 D   0.98470 0.00142 0.01385 0.00003 ( 1)
 169 F   0.98773 0.00005 0.01221 0.00000 ( 1)
 170 L   0.98105 0.00481 0.01404 0.00010 ( 1)
 171 T   0.28859 0.67988 0.00767 0.02386 ( 2)
 172 N   0.74884 0.00268 0.24832 0.00016 ( 1)
 173 K   0.98329 0.00200 0.01466 0.00004 ( 1)
 174 E   0.42322 0.45944 0.09454 0.02280 ( 2)
 175 G   0.73664 0.24188 0.01538 0.00611 ( 1)
 176 T   0.98016 0.00711 0.01258 0.00015 ( 1)
 177 E   0.57880 0.40566 0.00766 0.00787 ( 1)
 178 L   0.17127 0.69499 0.07658 0.05715 ( 2)
 179 A   0.54185 0.42679 0.01689 0.01447 ( 1)
 180 K   0.97384 0.00827 0.01769 0.00020 ( 1)
 181 Y   0.60501 0.03635 0.35520 0.00345 ( 1)
 182 N   0.98519 0.00062 0.01417 0.00002 ( 1)
 183 D   0.90759 0.00601 0.08621 0.00019 ( 1)
 184 Y   0.98554 0.00058 0.01387 0.00001 ( 1)
 185 N   0.84975 0.00620 0.14384 0.00020 ( 1)
 186 H   0.98696 0.00013 0.01291 0.00000 ( 1)
 187 I   0.98763 0.00008 0.01229 0.00000 ( 1)
 188 L   0.97361 0.00569 0.02056 0.00015 ( 1)
 189 S   0.96853 0.00757 0.02369 0.00022 ( 1)
 190 Y   0.73068 0.04932 0.21721 0.00280 ( 1)
 191 M   0.74974 0.21324 0.03058 0.00643 ( 1)
 192 L   0.97199 0.00681 0.02102 0.00018 ( 1)
 193 I   0.36141 0.51090 0.10708 0.02061 ( 2)
 194 N   0.97510 0.00413 0.02066 0.00011 ( 1)
 195 -   0.87373 0.08229 0.04024 0.00373 ( 1)
 196 -   0.89043 0.06559 0.04100 0.00297 ( 1)
 197 -   0.78992 0.16611 0.03642 0.00755 ( 1)
 198 G   0.78660 0.19216 0.01639 0.00485 ( 1)
 199 E   0.05122 0.91400 0.00203 0.03275 ( 2)
 200 T   0.97944 0.00671 0.01370 0.00015 ( 1)
 201 F   0.53690 0.42922 0.01823 0.01565 ( 1)
 202 G   0.97014 0.00980 0.01982 0.00025 ( 1)
 203 Q   0.79150 0.18015 0.02258 0.00577 ( 1)
 204 K   0.89717 0.08754 0.01339 0.00190 ( 1)
 205 R   0.56491 0.24706 0.17103 0.01700 ( 1)
 206 H   0.96928 0.00512 0.02545 0.00015 ( 1)
 207 G   0.98672 0.00030 0.01297 0.00001 ( 1)
 208 Y   0.98621 0.00016 0.01363 0.00000 ( 1)
 209 S   0.90788 0.06796 0.02222 0.00194 ( 1)
 210 F   0.98773 0.00005 0.01221 0.00000 ( 1)
 211 A   0.98455 0.00261 0.01279 0.00005 ( 1)
 212 F   0.98767 0.00008 0.01224 0.00000 ( 1)
 213 T   0.97240 0.00280 0.02472 0.00009 ( 1)
 214 H   0.98881 0.00002 0.01116 0.00000 ( 1)
 215 S   0.98944 0.00002 0.01055 0.00000 ( 1)
 216 S   0.97503 0.00185 0.02307 0.00005 ( 1)

