Supplemental results for CODEML (seqf: algn  treef: tree)


dN/dS (w) for site classes (K=4)

site class             0        1       2a       2b
proportion       0.50143  0.29411  0.12887  0.07559
background w     0.11653  1.00000  0.11653  1.00000
foreground w     0.11653  1.00000  1.00000  1.00000

Naive Empirical Bayes (NEB) probabilities for 4 classes
(amino acids refer to 1st sequence: BT_Cry8Ea2)

   1 -   0.50143 0.29411 0.12887 0.07559 ( 1)
   2 -   0.50143 0.29411 0.12887 0.07559 ( 1)
   3 -   0.50143 0.29411 0.12887 0.07559 ( 1)
   4 -   0.50143 0.29411 0.12887 0.07559 ( 1)
   5 -   0.50143 0.29411 0.12887 0.07559 ( 1)
   6 -   0.50143 0.29411 0.12887 0.07559 ( 1)
   7 -   0.50143 0.29411 0.12887 0.07559 ( 1)
   8 -   0.50143 0.29411 0.12887 0.07559 ( 1)
   9 -   0.50143 0.29411 0.12887 0.07559 ( 1)
  10 -   0.50143 0.29411 0.12887 0.07559 ( 1)
  11 -   0.50143 0.29411 0.12887 0.07559 ( 1)
  12 -   0.50143 0.29411 0.12887 0.07559 ( 1)
  13 -   0.50143 0.29411 0.12887 0.07559 ( 1)
  14 -   0.50143 0.29411 0.12887 0.07559 ( 1)
  15 -   0.50143 0.29411 0.12887 0.07559 ( 1)
  16 -   0.50143 0.29411 0.12887 0.07559 ( 1)
  17 -   0.50143 0.29411 0.12887 0.07559 ( 1)
  18 -   0.50143 0.29411 0.12887 0.07559 ( 1)
  19 -   0.50143 0.29411 0.12887 0.07559 ( 1)
  20 -   0.50143 0.29411 0.12887 0.07559 ( 1)
  21 -   0.50143 0.29411 0.12887 0.07559 ( 1)
  22 -   0.50143 0.29411 0.12887 0.07559 ( 1)
  23 -   0.50143 0.29411 0.12887 0.07559 ( 1)
  24 -   0.50143 0.29411 0.12887 0.07559 ( 1)
  25 -   0.50143 0.29411 0.12887 0.07559 ( 1)
  26 -   0.50143 0.29411 0.12887 0.07559 ( 1)
  27 -   0.50143 0.29411 0.12887 0.07559 ( 1)
  28 -   0.50143 0.29411 0.12887 0.07559 ( 1)
  29 E   0.65392 0.14161 0.16807 0.03640 ( 1)
  30 T   0.45417 0.34137 0.11673 0.08774 ( 1)
  31 K   0.07419 0.72134 0.01907 0.18540 ( 2)
  32 A   0.01582 0.77972 0.00407 0.20040 ( 2)
  33 Q   0.63513 0.16040 0.16324 0.04123 ( 1)
  34 L   0.77303 0.02250 0.19868 0.00578 ( 1)
  35 T   0.19870 0.59683 0.05107 0.15340 ( 2)
  36 R   0.20709 0.58845 0.05322 0.15124 ( 2)
  37 E   0.63741 0.15813 0.16382 0.04064 ( 1)
  38 V   0.59422 0.20131 0.15273 0.05174 ( 1)
  39 Y   0.29684 0.49870 0.07629 0.12817 ( 2)
  40 T   0.51921 0.27633 0.13344 0.07102 ( 1)
  41 D   0.69590 0.09964 0.17886 0.02561 ( 1)
  42 P   0.77260 0.02293 0.19857 0.00589 ( 1)
  43 I   0.04413 0.75141 0.01134 0.19312 ( 2)
  44 G   0.25406 0.54147 0.06530 0.13917 ( 2)
  45 A   0.08870 0.70684 0.02280 0.18167 ( 2)
  46 I   0.65845 0.13708 0.16923 0.03523 ( 1)
  47 G   0.05165 0.74388 0.01327 0.19119 ( 2)
  48 A   0.48688 0.30866 0.12514 0.07933 ( 1)
  49 Q   0.75813 0.03740 0.19485 0.00961 ( 1)
  50 G   0.76130 0.03424 0.19567 0.00880 ( 1)
  51 -   0.52132 0.27421 0.13399 0.07048 ( 1)
  52 -   0.58418 0.21135 0.15014 0.05432 ( 1)
  53 S   0.75332 0.04222 0.19361 0.01085 ( 1)
  54 W   0.70396 0.09158 0.18093 0.02354 ( 1)
  55 Y   0.76166 0.03387 0.19576 0.00871 ( 1)
  56 D   0.73177 0.06376 0.18808 0.01639 ( 1)
  57 S   0.05696 0.73857 0.01464 0.18983 ( 2)
  58 A   0.74319 0.05234 0.19101 0.01345 ( 1)
  59 P   0.76527 0.03027 0.19669 0.00778 ( 1)
  60 S   0.75332 0.04222 0.19361 0.01085 ( 1)
  61 F   0.75371 0.04182 0.19372 0.01075 ( 1)
  62 N   0.46130 0.33423 0.11856 0.08590 ( 1)
  63 T   0.57097 0.22456 0.14675 0.05772 ( 1)
  64 L   0.42200 0.37354 0.10846 0.09601 ( 1)
  65 E   0.76034 0.03519 0.19542 0.00904 ( 1)
  66 S   0.77293 0.02260 0.19866 0.00581 ( 1)
  67 T   0.40631 0.38923 0.10443 0.10004 ( 1)
  68 F   0.40704 0.38849 0.10462 0.09985 ( 1)
  69 I   0.56477 0.23076 0.14516 0.05931 ( 1)
  70 R   0.71863 0.07691 0.18470 0.01977 ( 1)
  71 G   0.09782 0.69771 0.02514 0.17932 ( 2)
  72 K   0.00569 0.78984 0.00146 0.20300 ( 2)
  73 H   0.76509 0.03044 0.19664 0.00782 ( 1)
  74 L   0.75305 0.04249 0.19355 0.01092 ( 1)
  75 F   0.78577 0.00976 0.20196 0.00251 ( 1)
  76 D   0.78535 0.01019 0.20185 0.00262 ( 1)
  77 F   0.65597 0.13956 0.16860 0.03587 ( 1)
  78 I   0.57262 0.22291 0.14717 0.05729 ( 1)
  79 T   0.77187 0.02367 0.19838 0.00608 ( 1)
  80 R   0.11313 0.68241 0.02908 0.17539 ( 2)
  81 L   0.61409 0.18144 0.15783 0.04663 ( 1)
  82 S   0.63037 0.16517 0.16201 0.04245 ( 1)
  83 I   0.48473 0.31080 0.12458 0.07988 ( 1)
  84 Y   0.78136 0.01417 0.20082 0.00364 ( 1)
  85 T   0.52957 0.26596 0.13611 0.06836 ( 1)
  86 G   0.62627 0.16926 0.16096 0.04350 ( 1)
  87 R   0.67824 0.11730 0.17432 0.03015 ( 1)
  88 S   0.78168 0.01386 0.20090 0.00356 ( 1)
  89 S   0.77455 0.02098 0.19907 0.00539 ( 1)
  90 F   0.11321 0.68232 0.02910 0.17537 ( 2)
  91 S   0.52215 0.27339 0.13420 0.07027 ( 1)
  92 A   0.56503 0.23050 0.14522 0.05924 ( 1)
  93 S   0.70771 0.08783 0.18189 0.02257 ( 1)
  94 N   0.71284 0.08269 0.18321 0.02125 ( 1)
  95 Y   0.77312 0.02242 0.19870 0.00576 ( 1)
  96 L   0.71586 0.07967 0.18399 0.02048 ( 1)
  97 K   0.67744 0.11810 0.17411 0.03035 ( 1)
  98 K   0.17157 0.62397 0.04410 0.16037 ( 2)
  99 W   0.72864 0.06690 0.18727 0.01719 ( 1)
 100 I   0.66918 0.12636 0.17199 0.03248 ( 1)
 101 G   0.72775 0.06779 0.18704 0.01742 ( 1)
 102 H   0.78708 0.00845 0.20229 0.00217 ( 1)
 103 Q   0.68463 0.11090 0.17596 0.02850 ( 1)
 104 I   0.64941 0.14612 0.16691 0.03756 ( 1)
 105 S   0.01399 0.78154 0.00360 0.20087 ( 2)
 106 -   0.50143 0.29411 0.12887 0.07559 ( 1)
 107 -   0.50143 0.29411 0.12887 0.07559 ( 1)
 108 -   0.50143 0.29411 0.12887 0.07559 ( 1)
 109 -   0.50143 0.29411 0.12887 0.07559 ( 1)
 110 S   0.03254 0.76299 0.00836 0.19610 ( 2)
 111 Q   0.18288 0.61266 0.04700 0.15746 ( 2)
 112 P   0.02381 0.77173 0.00612 0.19835 ( 2)
 113 I   0.55889 0.23665 0.14364 0.06082 ( 1)
 114 G   0.00017 0.79536 0.00004 0.20442 ( 2)
 115 G   0.31186 0.48368 0.08015 0.12431 ( 2)
 116 S   0.00480 0.79073 0.00123 0.20323 ( 2)
 117 I   0.67568 0.11985 0.17366 0.03080 ( 1)
 118 Q   0.12455 0.67099 0.03201 0.17246 ( 2)
 119 -   0.69138 0.10415 0.17770 0.02677 ( 1)
 120 T   0.05564 0.73990 0.01430 0.19017 ( 2)
 121 Q   0.00202 0.79351 0.00052 0.20395 ( 2)
 122 T   0.00142 0.79412 0.00036 0.20410 ( 2)
 123 Y   0.77594 0.01959 0.19943 0.00504 ( 1)
 124 G   0.19572 0.59982 0.05030 0.15416 ( 2)
 125 T   0.21378 0.58175 0.05494 0.14952 ( 2)
 126 T   0.22099 0.57454 0.05680 0.14767 ( 2)
 127 S   0.08220 0.71334 0.02113 0.18334 ( 2)
 128 G   0.04928 0.74625 0.01267 0.19180 ( 2)
 129 S   0.00130 0.79424 0.00033 0.20413 ( 2)
 130 S   0.50723 0.28831 0.13037 0.07410 ( 1)
 131 V   0.50773 0.28780 0.13050 0.07397 ( 1)
 132 I   0.05417 0.74137 0.01392 0.19054 ( 2)
 133 A   0.00820 0.78733 0.00211 0.20236 ( 2)
 134 T   0.75879 0.03674 0.19502 0.00944 ( 1)
 135 Q   0.01541 0.78012 0.00396 0.20050 ( 2)
 136 Q   0.02041 0.77512 0.00525 0.19922 ( 2)
 137 I   0.45885 0.33668 0.11793 0.08653 ( 1)
 138 G   0.07517 0.72036 0.01932 0.18515 ( 2)
 139 F   0.76899 0.02655 0.19764 0.00682 ( 1)
 140 T   0.38446 0.41107 0.09881 0.10565 ( 2)
 141 G   0.77645 0.01908 0.19956 0.00490 ( 1)
 142 F   0.78577 0.00976 0.20196 0.00251 ( 1)
 143 D   0.75456 0.04098 0.19393 0.01053 ( 1)
 144 V   0.77786 0.01768 0.19992 0.00454 ( 1)
 145 Y   0.78136 0.01417 0.20082 0.00364 ( 1)
 146 K   0.63425 0.16129 0.16301 0.04145 ( 1)
 147 T   0.00604 0.78950 0.00155 0.20291 ( 2)
 148 L   0.36534 0.43020 0.09390 0.11057 ( 2)
 149 S   0.72045 0.07509 0.18517 0.01930 ( 1)
 150 T   0.09812 0.69742 0.02522 0.17925 ( 2)
 151 A   0.76646 0.02908 0.19699 0.00747 ( 1)
 152 G   0.77467 0.02087 0.19910 0.00536 ( 1)
 153 V   0.77241 0.02313 0.19852 0.00594 ( 1)
 154 L   0.73765 0.05789 0.18959 0.01488 ( 1)
 155 F   0.68141 0.11413 0.17513 0.02933 ( 1)
 156 A   0.77756 0.01797 0.19985 0.00462 ( 1)
 157 Y   0.17558 0.61995 0.04513 0.15934 ( 2)
 158 T   0.77187 0.02367 0.19838 0.00608 ( 1)
 159 S   0.57444 0.22109 0.14764 0.05682 ( 1)
 160 K   0.67744 0.11810 0.17411 0.03035 ( 1)
 161 Y   0.73774 0.05779 0.18961 0.01485 ( 1)
 162 Y   0.71273 0.08281 0.18318 0.02128 ( 1)
 163 G   0.75822 0.03731 0.19488 0.00959 ( 1)
 164 V   0.09963 0.69590 0.02561 0.17886 ( 2)
 165 S   0.67612 0.11941 0.17377 0.03069 ( 1)
 166 K   0.05504 0.74049 0.01415 0.19032 ( 2)
 167 V   0.77786 0.01768 0.19992 0.00454 ( 1)
 168 V   0.00104 0.79449 0.00027 0.20420 ( 2)
 169 F   0.78577 0.00976 0.20196 0.00251 ( 1)
 170 D   0.06940 0.72613 0.01784 0.18663 ( 2)
 171 A   0.19602 0.59951 0.05038 0.15409 ( 2)
 172 I   0.64941 0.14612 0.16691 0.03756 ( 1)
 173 Y   0.02030 0.77523 0.00522 0.19925 ( 2)
 174 P   0.70009 0.09545 0.17993 0.02453 ( 1)
 175 D   0.05765 0.73789 0.01482 0.18965 ( 2)
 176 N   0.26179 0.53375 0.06728 0.13718 ( 2)
 177 K   0.11080 0.68474 0.02848 0.17599 ( 2)
 178 Y   0.38011 0.41542 0.09769 0.10677 ( 2)
 179 K   0.53830 0.25723 0.13835 0.06611 ( 1)
 180 T   0.16796 0.62757 0.04317 0.16130 ( 2)
 181 T   0.21799 0.57754 0.05603 0.14844 ( 2)
 182 F   0.36640 0.42913 0.09417 0.11029 ( 2)
 183 -   0.07793 0.71760 0.02003 0.18444 ( 2)
 184 -   0.68338 0.11215 0.17564 0.02883 ( 1)
 185 T   0.04151 0.75402 0.01067 0.19380 ( 2)
 186 Y   0.71273 0.08281 0.18318 0.02128 ( 1)
 187 N   0.07389 0.72165 0.01899 0.18548 ( 2)
 188 P   0.02559 0.76994 0.00658 0.19789 ( 2)
 189 G   0.02667 0.76886 0.00686 0.19761 ( 2)
 190 S   0.67703 0.11850 0.17401 0.03046 ( 1)
 191 E   0.53005 0.26548 0.13623 0.06823 ( 1)
 192 G   0.74774 0.04779 0.19218 0.01228 ( 1)
 193 I   0.78039 0.01515 0.20057 0.00389 ( 1)
 194 A   0.61692 0.17862 0.15856 0.04591 ( 1)
 195 A   0.22216 0.57338 0.05710 0.14737 ( 2)
 196 Q   0.77593 0.01960 0.19943 0.00504 ( 1)
 197 E   0.49746 0.29807 0.12786 0.07661 ( 1)
 198 K   0.76327 0.03226 0.19617 0.00829 ( 1)
 199 D   0.69499 0.10054 0.17862 0.02584 ( 1)
 200 S   0.75164 0.04390 0.19318 0.01128 ( 1)
 201 E   0.15790 0.63763 0.04058 0.16388 ( 2)
 202 V   0.71151 0.08403 0.18287 0.02160 ( 1)
 203 E   0.78055 0.01499 0.20061 0.00385 ( 1)
 204 L   0.75256 0.04298 0.19342 0.01105 ( 1)
 205 P   0.77807 0.01746 0.19998 0.00449 ( 1)
 206 P   0.41600 0.37953 0.10692 0.09755 ( 1)
 207 E   0.64718 0.14835 0.16634 0.03813 ( 1)
 208 T   0.55941 0.23612 0.14378 0.06069 ( 1)
 209 L   0.50517 0.29037 0.12984 0.07463 ( 1)
 210 D   0.27047 0.52506 0.06952 0.13495 ( 2)
 211 Q   0.11172 0.68381 0.02872 0.17575 ( 2)
 212 P   0.20548 0.59005 0.05281 0.15165 ( 2)
 213 N   0.09741 0.69812 0.02504 0.17943 ( 2)
 214 Y   0.78136 0.01417 0.20082 0.00364 ( 1)
 215 E   0.01386 0.78168 0.00356 0.20090 ( 2)
 216 A   0.62470 0.17083 0.16056 0.04391 ( 1)
 217 Y   0.78136 0.01417 0.20082 0.00364 ( 1)
 218 S   0.78168 0.01386 0.20090 0.00356 ( 1)
 219 H   0.78708 0.00845 0.20229 0.00217 ( 1)
 220 R   0.77869 0.01684 0.20014 0.00433 ( 1)
 221 L   0.73769 0.05785 0.18960 0.01487 ( 1)
 222 N   0.78515 0.01039 0.20180 0.00267 ( 1)
 223 Y   0.72369 0.07185 0.18600 0.01847 ( 1)
 224 V   0.70160 0.09394 0.18032 0.02414 ( 1)
 225 T   0.54166 0.25387 0.13922 0.06525 ( 1)
 226 F   0.33821 0.45733 0.08693 0.11754 ( 2)
 227 -   0.69554 0.10000 0.17876 0.02570 ( 1)
 228 -   0.65522 0.14031 0.16840 0.03606 ( 1)
 229 -   0.65425 0.14129 0.16815 0.03631 ( 1)
 230 -   0.69639 0.09914 0.17899 0.02548 ( 1)
 231 I   0.65831 0.13723 0.16919 0.03527 ( 1)
 232 R   0.74090 0.05464 0.19042 0.01404 ( 1)
 233 N   0.59580 0.19973 0.15313 0.05133 ( 1)
 234 P   0.36502 0.43052 0.09382 0.11065 ( 2)
 235 D   0.74034 0.05519 0.19028 0.01419 ( 1)
 236 V   0.77065 0.02488 0.19807 0.00640 ( 1)
 237 P   0.77807 0.01746 0.19998 0.00449 ( 1)
 238 V   0.77065 0.02488 0.19807 0.00640 ( 1)
 239 F   0.78577 0.00976 0.20196 0.00251 ( 1)
 240 S   0.77731 0.01822 0.19978 0.00468 ( 1)
 241 W   0.72864 0.06690 0.18727 0.01719 ( 1)
 242 T   0.29613 0.49941 0.07611 0.12836 ( 2)
 243 H   0.78708 0.00845 0.20229 0.00217 ( 1)
 244 R   0.66577 0.12977 0.17111 0.03335 ( 1)
 245 S   0.78749 0.00805 0.20240 0.00207 ( 1)


lnL = -2171.039632

