Supplemental results for CODEML (seqf: algn  treef: tree)


dN/dS (w) for site classes (K=4)

site class             0        1       2a       2b
proportion       0.45249  0.22536  0.21505  0.10710
background w     0.27003  3.06734  0.27003  3.06734
foreground w     0.27003  3.06734  0.00000  0.00000

Naive Empirical Bayes (NEB) probabilities for 4 classes
(amino acids refer to 1st sequence: BT_Cry24Da1)

   1 -   0.64471 0.03314 0.30640 0.01575 ( 1)
   2 I   0.39991 0.14978 0.21369 0.23662 ( 1)
   3 D   0.62647 0.00000 0.37353 0.00000 ( 1)
   4 E   0.63770 0.00000 0.36230 0.00000 ( 1)
   5 I   0.63062 0.00000 0.36938 0.00000 ( 1)
   6 T   0.66570 0.00182 0.33107 0.00141 ( 1)
   7 Q   0.65284 0.00000 0.34716 0.00000 ( 1)
   8 I   0.63073 0.00000 0.36927 0.00000 ( 1)
   9 P   0.64437 0.00019 0.35505 0.00039 ( 1)
  10 A   0.64403 0.00000 0.35597 0.00000 ( 1)
  11 V   0.65413 0.00041 0.34495 0.00050 ( 1)
  12 K   0.63854 0.00000 0.36146 0.00000 ( 1)
  13 A   0.63400 0.00000 0.36600 0.00000 ( 1)
  14 F   0.63528 0.00000 0.36472 0.00000 ( 1)
  15 N   0.03700 0.89880 0.00010 0.06410 ( 2)
  16 I   0.99748 0.00057 0.00187 0.00009 ( 1)
  17 -   0.45249 0.22536 0.21505 0.10710 ( 1)
  18 -   0.45249 0.22536 0.21505 0.10710 ( 1)
  19 -   0.45249 0.22536 0.21505 0.10710 ( 1)
  20 S   0.55717 0.43537 0.00040 0.00706 ( 1)
  21 D   0.06689 0.83562 0.00034 0.09716 ( 2)
  22 T   0.00000 0.98155 0.00000 0.01845 ( 2)
  23 G   0.99570 0.00361 0.00063 0.00006 ( 1)
  24 -   0.45249 0.22536 0.21505 0.10710 ( 1)
  25 -   0.45249 0.22536 0.21505 0.10710 ( 1)
  26 A   0.00680 0.97276 0.00025 0.02020 ( 2)
  27 G   0.63669 0.00013 0.36292 0.00026 ( 1)
  28 S   0.00000 0.99788 0.00000 0.00212 ( 2)
  29 V   0.66757 0.00007 0.33231 0.00005 ( 1)
  30 V   0.00065 0.87781 0.00000 0.12154 ( 2)
  31 A   0.63417 0.00006 0.36565 0.00012 ( 1)
  32 G   0.65859 0.00000 0.34141 0.00000 ( 1)
  33 P   0.64432 0.00006 0.35551 0.00012 ( 1)
  34 G   0.63689 0.00000 0.36311 0.00000 ( 1)
  35 H   0.23717 0.49662 0.08168 0.18454 ( 2)
  36 T   0.64297 0.00000 0.35703 0.00000 ( 1)
  37 G   0.64848 0.00000 0.35151 0.00000 ( 1)
  38 G   0.64851 0.00000 0.35148 0.00000 ( 1)
  39 D   0.62647 0.00000 0.37353 0.00000 ( 1)
  40 L   0.63770 0.00325 0.35353 0.00552 ( 1)
  41 I   0.64257 0.00000 0.35743 0.00000 ( 1)
  42 R   0.00009 0.96493 0.00000 0.03498 ( 2)
  43 L   0.65396 0.00000 0.34604 0.00000 ( 1)
  44 P   0.00064 0.43777 0.00035 0.56123 ( 4)
  45 N   0.45249 0.22536 0.21505 0.10710 ( 1)
  46 N   0.00045 0.39588 0.00025 0.60342 ( 4)
  47 N   0.00000 0.96736 0.00000 0.03264 ( 2)
  48 A   0.09166 0.44923 0.05078 0.40833 ( 2)
  49 R   0.99917 0.00015 0.00067 0.00000 ( 1)
  50 L   0.65404 0.00001 0.34593 0.00002 ( 1)
  51 K   0.63770 0.00000 0.36230 0.00000 ( 1)
  52 I   0.63924 0.00000 0.36076 0.00000 ( 1)
  53 R   0.64892 0.00000 0.35107 0.00000 ( 1)
  54 L   0.65396 0.00000 0.34604 0.00000 ( 1)
  55 T   0.57772 0.02962 0.33394 0.05872 ( 1)
  56 P   0.99831 0.00014 0.00154 0.00001 ( 1)
  57 S   0.64325 0.00036 0.35575 0.00064 ( 1)
  58 T   0.00005 0.99152 0.00000 0.00843 ( 2)
  59 S   0.44369 0.18915 0.22064 0.14652 ( 1)
  60 D   0.62655 0.00003 0.37334 0.00008 ( 1)
  61 K   0.63770 0.00000 0.36230 0.00000 ( 1)
  62 R   0.62655 0.00000 0.37344 0.00000 ( 1)
  63 F   0.65238 0.01513 0.32171 0.01079 ( 1)
  64 R   0.66117 0.01060 0.31831 0.00992 ( 1)
  65 V   0.63283 0.00000 0.36717 0.00000 ( 1)
  66 R   0.64346 0.00000 0.35654 0.00000 ( 1)
  67 V   0.99708 0.00045 0.00241 0.00007 ( 1)
  68 R   0.66183 0.00858 0.32392 0.00567 ( 1)
  69 Y   0.65588 0.00000 0.34412 0.00000 ( 1)
  70 A   0.00330 0.48758 0.00173 0.50739 ( 4)
  71 S   0.63022 0.00023 0.36890 0.00066 ( 1)
  72 T   0.00000 0.99882 0.00000 0.00118 ( 2)
  73 T   0.00000 0.49821 0.00000 0.50179 ( 4)
  74 A   0.00000 0.72716 0.00000 0.27284 ( 2)
  75 G   0.63689 0.00000 0.36311 0.00000 ( 1)
  76 R   0.00000 0.98807 0.00000 0.01193 ( 2)
  77 M   0.01001 0.95085 0.00001 0.03913 ( 2)
  78 R   0.00035 0.51678 0.00018 0.48269 ( 2)
  79 I   0.64314 0.00002 0.35682 0.00003 ( 1)
  80 T   0.63207 0.00308 0.35810 0.00675 ( 1)
  81 K   0.64392 0.00001 0.35606 0.00001 ( 1)
  82 Y   0.45249 0.22536 0.21505 0.10710 ( 1)
  83 W   0.66649 0.00174 0.33045 0.00132 ( 1)
  84 S   0.33703 0.29811 0.16524 0.19962 ( 1)
  85 P   0.65133 0.00697 0.33447 0.00723 ( 1)
  86 G   0.63170 0.00000 0.36829 0.00001 ( 1)
  87 Y   0.57604 0.03423 0.32025 0.06948 ( 1)
  88 V   0.00001 0.41986 0.00000 0.58013 ( 4)
  89 Q   0.00000 0.93453 0.00000 0.06547 ( 2)
  90 -   0.45249 0.22536 0.21505 0.10710 ( 1)
  91 H   0.62379 0.00147 0.37130 0.00343 ( 1)
  92 Y   0.00000 0.92846 0.00000 0.07153 ( 2)
  93 D   0.00020 0.57732 0.00010 0.42238 ( 2)
  94 F   0.63528 0.00000 0.36472 0.00000 ( 1)
  95 N   0.00000 0.55589 0.00000 0.44411 ( 2)
  96 F   0.00000 0.40811 0.00000 0.59189 ( 4)
  97 D   0.00002 0.53777 0.00001 0.46221 ( 2)
  98 A   0.00000 0.45889 0.00000 0.54111 ( 4)
  99 Q   0.20324 0.31024 0.10702 0.37950 ( 4)
 100 Y   0.21357 0.19484 0.12176 0.46983 ( 4)
 101 Y   0.00000 0.52958 0.00000 0.47042 ( 2)
 102 D   0.45249 0.22536 0.21505 0.10710 ( 1)
 103 S   0.45249 0.22536 0.21505 0.10710 ( 1)
 104 N   0.02889 0.64895 0.01373 0.30842 ( 2)
 105 L   0.04902 0.62882 0.02330 0.29885 ( 2)
 106 T   0.45987 0.21797 0.21856 0.10359 ( 1)
 107 F   0.00240 0.70508 0.00002 0.29250 ( 2)
 108 R   0.00079 0.78671 0.00001 0.21249 ( 2)
 109 S   0.00211 0.45320 0.00110 0.54359 ( 4)
 110 F   0.63522 0.00003 0.36468 0.00007 ( 1)
 111 H   0.00001 0.77978 0.00000 0.22020 ( 2)
 112 Y   0.64162 0.00000 0.35838 0.00000 ( 1)
 113 L   0.00177 0.56215 0.00088 0.43520 ( 2)
 114 D   0.53150 0.09310 0.27304 0.10236 ( 1)
 115 T   0.66759 0.00014 0.33217 0.00011 ( 1)
 116 M   0.65302 0.00060 0.34553 0.00084 ( 1)
 117 V   0.63419 0.00000 0.36580 0.00001 ( 1)
 118 T   0.63442 0.00001 0.36555 0.00002 ( 1)
 119 R   0.64330 0.00003 0.35661 0.00005 ( 1)
 120 L   0.63529 0.00000 0.36471 0.00000 ( 1)
 121 D   0.62574 0.00004 0.37412 0.00010 ( 1)
 122 D   0.59628 0.03477 0.31665 0.05230 ( 1)
 123 P   0.34814 0.21954 0.18161 0.25071 ( 1)
 124 G   0.63685 0.00002 0.36309 0.00004 ( 1)
 125 V   0.63283 0.00000 0.36717 0.00000 ( 1)
 126 E   0.63834 0.00000 0.36166 0.00000 ( 1)
 127 I   0.63924 0.00000 0.36075 0.00000 ( 1)
 128 I   0.63061 0.00000 0.36939 0.00000 ( 1)
 129 V   0.63924 0.00000 0.36075 0.00000 ( 1)
 130 Q   0.65158 0.00076 0.34649 0.00117 ( 1)
 131 N   0.62604 0.00000 0.37396 0.00000 ( 1)
 132 I   0.41929 0.15926 0.21911 0.20234 ( 1)
 133 G   0.00667 0.87263 0.00263 0.11807 ( 2)
 134 G   0.00043 0.66644 0.00023 0.33290 ( 2)
 135 S   0.00000 0.99149 0.00000 0.00851 ( 2)
 136 I   0.00005 0.67221 0.00002 0.32773 ( 2)
 137 L   0.64193 0.00203 0.35410 0.00194 ( 1)
 138 Y   0.00005 0.41242 0.00002 0.58751 ( 4)
 139 I   0.70181 0.00216 0.29375 0.00228 ( 1)
 140 D   0.66049 0.00003 0.33944 0.00004 ( 1)
 141 K   0.63770 0.00000 0.36230 0.00000 ( 1)
 142 I   0.64911 0.00109 0.34846 0.00134 ( 1)
 143 E   0.63835 0.00000 0.36165 0.00000 ( 1)
 144 I   0.63524 0.00002 0.36469 0.00005 ( 1)
 145 I   0.64516 0.01671 0.32407 0.01406 ( 1)
 146 -   0.61913 0.05872 0.29425 0.02791 ( 1)


lnL = -3185.972669

