Supplemental results for CODEML (seqf: algn  treef: tree)


dN/dS (w) for site classes (K=4)

site class             0        1       2a       2b
proportion       0.34415  0.49836  0.06433  0.09316
background w     0.15123  1.00000  0.15123  1.00000
foreground w     0.15123  1.00000  6.61026  6.61026

Naive Empirical Bayes (NEB) probabilities for 4 classes
(amino acids refer to 1st sequence: BT_Cry40Aa1)

   1 -   0.77060 0.07190 0.14405 0.01344 ( 1)
   2 S   0.11515 0.72736 0.02153 0.13597 ( 2)
   3 L   0.00821 0.83430 0.00153 0.15596 ( 2)
   4 G   0.00463 0.93662 0.00022 0.05853 ( 2)
   5 G   0.01397 0.92358 0.00078 0.06167 ( 2)
   6 I   0.30568 0.64469 0.01307 0.03656 ( 2)
   7 N   0.00001 0.92254 0.00000 0.07744 ( 2)
   8 T   0.00000 0.81231 0.00000 0.18768 ( 2)
   9 L   0.02045 0.81675 0.00801 0.15478 ( 2)
  10 F   0.00002 0.90539 0.00000 0.09458 ( 2)
  11 S   0.00000 0.91979 0.00000 0.08021 ( 2)
  12 I   0.82705 0.12978 0.03575 0.00742 ( 1)
  13 I   0.95335 0.00516 0.04120 0.00029 ( 1)
  14 G   0.00000 0.83610 0.00000 0.16390 ( 2)
  15 K   0.00004 0.94335 0.00000 0.05661 ( 2)
  16 L   0.00261 0.91620 0.00020 0.08099 ( 2)
  17 I   0.00026 0.94648 0.00001 0.05324 ( 2)
  18 -   0.01024 0.83226 0.00191 0.15558 ( 2)
  19 P   0.22170 0.71135 0.01404 0.05291 ( 2)
  20 T   0.39165 0.55442 0.01975 0.03418 ( 2)
  21 N   0.00165 0.94026 0.00008 0.05801 ( 2)
  22 H   0.03551 0.91170 0.00161 0.05118 ( 2)
  23 Q   0.00000 0.63536 0.00000 0.36464 ( 2)
  24 S   0.00169 0.94043 0.00008 0.05780 ( 2)
  25 V   0.90659 0.00746 0.08518 0.00077 ( 1)
  26 S   0.02161 0.90950 0.00125 0.06764 ( 2)
  27 A   0.00033 0.94143 0.00002 0.05822 ( 2)
  28 L   0.95153 0.00319 0.04509 0.00019 ( 1)
  29 S   0.95202 0.00001 0.04797 0.00000 ( 1)
  30 I   0.95189 0.00660 0.04114 0.00037 ( 1)
  31 C   0.03646 0.90705 0.00181 0.05468 ( 2)
  32 D   0.96451 0.00141 0.03401 0.00007 ( 1)
  33 L   0.93485 0.00016 0.06498 0.00001 ( 1)
  34 L   0.00606 0.91881 0.00042 0.07471 ( 2)
  35 S   0.01798 0.89933 0.00137 0.08132 ( 2)
  36 I   0.95820 0.00037 0.04141 0.00002 ( 1)
  37 I   0.95901 0.00000 0.04099 0.00000 ( 1)
  38 R   0.40182 0.53442 0.02500 0.03876 ( 2)
  39 K   0.02020 0.63545 0.05433 0.29001 ( 2)
  40 E   0.00168 0.90787 0.00014 0.09031 ( 2)
  41 V   0.34661 0.00368 0.64850 0.00122 ( 3)
  42 A   0.00104 0.90442 0.00009 0.09445 ( 2)
  43 D   0.00672 0.91335 0.00051 0.07941 ( 2)
  44 S   0.00065 0.67918 0.00174 0.31844 ( 2)
  45 V   0.01215 0.00602 0.96987 0.01196 ( 3)
  46 L   0.88087 0.05356 0.06123 0.00433 ( 1)
  47 S   0.00076 0.82334 0.00074 0.17516 ( 2)
  48 D   0.00000 0.14152 0.00001 0.85846 ( 4)
  49 A   0.16193 0.06182 0.72935 0.04690 ( 3)
  50 I   0.00000 0.75130 0.00000 0.24870 ( 2)
  51 C   0.00005 0.94282 0.00000 0.05713 ( 2)
  52 R   0.00223 0.95249 0.00008 0.04520 ( 2)
  53 F   0.96220 0.00000 0.03780 0.00000 ( 1)
  54 L   0.34415 0.49836 0.06433 0.09316 ( 2)
  55 D   0.01220 0.89638 0.00111 0.09030 ( 2)
  56 G   0.86004 0.09553 0.03908 0.00536 ( 1)
  57 K   0.00305 0.76941 0.00134 0.22620 ( 2)
  58 L   0.00089 0.90296 0.00009 0.09606 ( 2)
  59 K   0.00000 0.78162 0.00000 0.21838 ( 2)
  60 N   0.00605 0.63597 0.01846 0.33952 ( 2)
  61 Y   0.33037 0.00008 0.66953 0.00003 ( 3)
  62 R   0.00001 0.86426 0.00000 0.13573 ( 2)
  63 E   0.00000 0.69275 0.00000 0.30725 ( 2)
  64 Y   0.65962 0.28897 0.03331 0.01810 ( 1)
  65 Y   0.95194 0.00000 0.04806 0.00000 ( 1)
  66 L   0.95474 0.00002 0.04524 0.00000 ( 1)
  67 P   0.00000 0.72497 0.00000 0.27503 ( 2)
  68 Y   0.60096 0.34608 0.03058 0.02238 ( 1)
  69 L   0.74253 0.21005 0.03519 0.01223 ( 1)
  70 E   0.00000 0.83193 0.00000 0.16807 ( 2)
  71 A   0.00000 0.91557 0.00000 0.08443 ( 2)
  72 W   0.85941 0.03896 0.09693 0.00470 ( 1)
  73 L   0.02375 0.92134 0.00113 0.05379 ( 2)
  74 K   0.00103 0.77724 0.00139 0.22035 ( 2)
  75 D   0.00059 0.83585 0.00030 0.16326 ( 2)
  76 G   0.00033 0.68335 0.00071 0.31560 ( 2)
  77 K   0.00037 0.73552 0.00105 0.26307 ( 2)
  78 P   0.82158 0.11801 0.05168 0.00873 ( 1)
  79 L   0.01229 0.85636 0.00286 0.12849 ( 2)
  80 Q   0.03145 0.68315 0.04213 0.24327 ( 2)
  81 K   0.06193 0.67970 0.01576 0.24260 ( 2)
  82 T   0.06634 0.77616 0.01240 0.14509 ( 2)
  83 -   0.34415 0.49836 0.06433 0.09316 ( 2)
  84 N   0.01141 0.10177 0.71808 0.16873 ( 3)
  85 N   0.00000 0.80209 0.00000 0.19791 ( 2)
  86 S   0.00000 0.73888 0.00000 0.26112 ( 2)
  87 D   0.00000 0.93101 0.00000 0.06899 ( 2)
  88 I   0.22157 0.72545 0.01051 0.04247 ( 2)
  89 G   0.00000 0.81264 0.00000 0.18736 ( 2)
  90 Q   0.00000 0.79923 0.00000 0.20076 ( 2)
  91 L   0.37669 0.56900 0.01867 0.03564 ( 2)
  92 V   0.00347 0.93846 0.00016 0.05791 ( 2)
  93 K   0.00000 0.62300 0.00000 0.37700 ( 2)
  94 Y   0.00014 0.69850 0.00032 0.30104 ( 2)
  95 F   0.90548 0.00257 0.09167 0.00028 ( 1)
  96 E   0.00002 0.67520 0.00005 0.32473 ( 2)
  97 L   0.00000 0.74836 0.00000 0.25164 ( 2)
  98 S   0.00140 0.74937 0.00043 0.24881 ( 2)
  99 E   0.26717 0.00002 0.73280 0.00001 ( 3)
 100 R   0.00025 0.89506 0.00007 0.10462 ( 2)
 101 D   0.00000 0.70084 0.00001 0.29915 ( 2)
 102 F   0.87785 0.02999 0.08887 0.00330 ( 1)
 103 N   0.00882 0.76600 0.01094 0.21424 ( 2)
 104 E   0.00000 0.55018 0.00001 0.44981 ( 2)
 105 I   0.02953 0.90791 0.00182 0.06075 ( 2)
 106 L   0.25878 0.00055 0.74041 0.00026 ( 3)
 107 -   0.57177 0.27074 0.10688 0.05061 ( 1)
 108 -   0.12716 0.71535 0.02377 0.13372 ( 2)
 109 -   0.48691 0.35560 0.09102 0.06647 ( 1)
 110 -   0.59397 0.24854 0.11103 0.04646 ( 1)
 111 -   0.51893 0.32358 0.09701 0.06049 ( 1)
 112 -   0.49675 0.34576 0.09286 0.06463 ( 1)
 113 -   0.25207 0.59043 0.04712 0.11037 ( 2)
 114 G   0.00016 0.88708 0.00003 0.11272 ( 2)
 115 G   0.20660 0.69639 0.02077 0.07624 ( 2)
 116 S   0.00001 0.15473 0.00222 0.84304 ( 4)
 117 L   0.93488 0.00012 0.06499 0.00001 ( 1)
 118 A   0.01236 0.90805 0.00093 0.07865 ( 2)
 119 R   0.00076 0.28407 0.06623 0.64894 ( 4)
 120 N   0.00000 0.22547 0.00000 0.77453 ( 4)
 121 N   0.03499 0.86799 0.00616 0.09086 ( 2)
 122 A   0.09475 0.85307 0.00425 0.04793 ( 2)
 123 Q   0.84124 0.09426 0.05710 0.00740 ( 1)
 124 I   0.95794 0.00063 0.04139 0.00004 ( 1)
 125 L   0.60653 0.32323 0.04323 0.02701 ( 1)
 126 L   0.93494 0.00007 0.06498 0.00001 ( 1)
 127 L   0.91393 0.00018 0.08587 0.00002 ( 1)
 128 P   0.94571 0.00001 0.05428 0.00000 ( 1)
 129 Y   0.33761 0.61104 0.01518 0.03617 ( 2)
 130 F   0.94349 0.00629 0.04981 0.00040 ( 1)
 131 C   0.00018 0.92453 0.00001 0.07527 ( 2)
 132 A   0.80817 0.12806 0.05388 0.00989 ( 1)
 133 S   0.90342 0.05307 0.04053 0.00298 ( 1)
 134 C   0.95305 0.00006 0.04689 0.00000 ( 1)
 135 K   0.91514 0.05024 0.03222 0.00240 ( 1)
 136 C   0.00136 0.90401 0.00013 0.09451 ( 2)
 137 Q   0.96095 0.00000 0.03905 0.00000 ( 1)
 138 L   0.93497 0.00004 0.06498 0.00000 ( 1)
 139 L   0.03198 0.89343 0.00222 0.07236 ( 2)
 140 L   0.90453 0.02296 0.07049 0.00203 ( 1)
 141 L   0.93497 0.00004 0.06498 0.00000 ( 1)
 142 R   0.91523 0.00702 0.07709 0.00066 ( 1)
 143 D   0.96533 0.00000 0.03467 0.00000 ( 1)
 144 A   0.94961 0.00333 0.04686 0.00020 ( 1)
 145 V   0.54594 0.40532 0.02494 0.02380 ( 1)
 146 Q   0.00010 0.92476 0.00001 0.07513 ( 2)
 147 Y   0.95161 0.00033 0.04804 0.00002 ( 1)
 148 E   0.00190 0.94232 0.00009 0.05569 ( 2)
 149 E   0.00004 0.92047 0.00000 0.07949 ( 2)
 150 Q   0.00000 0.76446 0.00000 0.23554 ( 2)
 151 W   0.37441 0.52051 0.04223 0.06285 ( 2)
 152 F   0.00001 0.93689 0.00000 0.06310 ( 2)
 153 P   0.00054 0.64934 0.00141 0.34871 ( 2)
 154 F   0.00001 0.88368 0.00000 0.11631 ( 2)
 155 L   0.00007 0.89996 0.00001 0.09996 ( 2)
 156 S   0.00005 0.61926 0.00048 0.38022 ( 2)
 157 A   0.00131 0.84773 0.00023 0.15073 ( 2)
 158 E   0.00492 0.91079 0.00040 0.08389 ( 2)
 159 N   0.03787 0.74935 0.04699 0.16579 ( 2)
 160 V   0.00127 0.92557 0.00010 0.07306 ( 2)
 161 R   0.00033 0.93655 0.00002 0.06310 ( 2)
 162 S   0.00194 0.88801 0.00022 0.10983 ( 2)
 163 E   0.71316 0.23588 0.03530 0.01565 ( 1)
 164 L   0.02439 0.89797 0.00174 0.07590 ( 2)
 165 I   0.03864 0.90446 0.00172 0.05519 ( 2)
 166 S   0.84702 0.08125 0.06460 0.00713 ( 1)
 167 P   0.38988 0.54968 0.02256 0.03789 ( 2)
 168 N   0.14961 0.69289 0.02797 0.12953 ( 2)
 169 S   0.36201 0.48050 0.06767 0.08982 ( 2)
 170 G   0.07515 0.76736 0.01405 0.14345 ( 2)
 171 C   0.40262 0.43989 0.07526 0.08223 ( 2)
 172 D   0.42884 0.41366 0.08017 0.07733 ( 1)
 173 F   0.42079 0.42172 0.07866 0.07883 ( 2)
 174 T   0.00005 0.94343 0.00000 0.05653 ( 2)
 175 G   0.00000 0.75354 0.00000 0.24645 ( 2)
 176 D   0.04722 0.90797 0.00167 0.04314 ( 2)
 177 Y   0.95082 0.00074 0.04839 0.00005 ( 1)
 178 Y   0.00000 0.89587 0.00000 0.10413 ( 2)
 179 E   0.00000 0.91981 0.00000 0.08019 ( 2)
 180 R   0.06861 0.83468 0.00677 0.08994 ( 2)
 181 L   0.93300 0.00197 0.06487 0.00016 ( 1)
 182 K   0.01804 0.92686 0.00082 0.05428 ( 2)
 183 C   0.00000 0.94356 0.00000 0.05644 ( 2)
 184 K   0.00005 0.29548 0.00489 0.69958 ( 4)
 185 I   0.26231 0.03431 0.68926 0.01412 ( 3)
 186 A   0.00000 0.93501 0.00000 0.06498 ( 2)
 187 E   0.00000 0.68319 0.00001 0.31680 ( 2)
 188 Y   0.95190 0.00002 0.04808 0.00000 ( 1)
 189 T   0.56790 0.30937 0.07811 0.04462 ( 1)
 190 D   0.96551 0.00047 0.03400 0.00002 ( 1)
 191 Y   0.36047 0.00040 0.63902 0.00011 ( 3)
 192 C   0.95267 0.00009 0.04724 0.00001 ( 1)
 193 E   0.00008 0.48144 0.00280 0.51568 ( 4)
 194 Y   0.00000 0.43969 0.00000 0.56031 ( 4)
 195 W   0.00068 0.89159 0.00008 0.10765 ( 2)
 196 Y   0.95194 0.00000 0.04806 0.00000 ( 1)
 197 Q   0.53773 0.35803 0.06174 0.04250 ( 1)
 198 A   0.00000 0.83572 0.00000 0.16428 ( 2)
 199 G   0.95654 0.00000 0.04346 0.00000 ( 1)
 200 L   0.93466 0.00034 0.06497 0.00003 ( 1)
 201 N   0.96448 0.00092 0.03455 0.00005 ( 1)
 202 Q   0.00882 0.88923 0.00093 0.10103 ( 2)
 203 I   0.95656 0.00199 0.04134 0.00011 ( 1)
 204 K   0.88449 0.00649 0.10818 0.00083 ( 1)
 205 Q   0.00000 0.64448 0.00000 0.35552 ( 2)
 206 A   0.00001 0.58348 0.00003 0.41648 ( 2)
 207 G   0.95533 0.00005 0.04462 0.00000 ( 1)
 208 T   0.01149 0.93231 0.00055 0.05566 ( 2)
 209 G   0.00141 0.94520 0.00006 0.05333 ( 2)
 210 A   0.93134 0.02543 0.04179 0.00144 ( 1)
 211 D   0.00000 0.94139 0.00000 0.05861 ( 2)
 212 T   0.00000 0.71617 0.00000 0.28383 ( 2)
 213 W   0.89288 0.00573 0.10071 0.00069 ( 1)
 214 A   0.00317 0.89861 0.00030 0.09792 ( 2)
 215 K   0.94804 0.00815 0.04333 0.00048 ( 1)
 216 F   0.96219 0.00000 0.03780 0.00000 ( 1)
 217 N   0.96584 0.00015 0.03400 0.00001 ( 1)
 218 K   0.00560 0.93916 0.00026 0.05499 ( 2)
 219 F   0.96212 0.00006 0.03781 0.00000 ( 1)
 220 R   0.94109 0.00034 0.05855 0.00002 ( 1)
 221 R   0.95322 0.00054 0.04620 0.00003 ( 1)
 222 E   0.95373 0.00228 0.04386 0.00013 ( 1)
 223 M   0.96097 0.00000 0.03903 0.00000 ( 1)
 224 T   0.91247 0.00000 0.08753 0.00000 ( 1)
 225 L   0.90710 0.00713 0.08503 0.00074 ( 1)
 226 T   0.00039 0.90249 0.00004 0.09709 ( 2)
 227 V   0.95288 0.00000 0.04712 0.00000 ( 1)
 228 L   0.91416 0.00013 0.08570 0.00001 ( 1)
 229 D   0.96597 0.00000 0.03403 0.00000 ( 1)
 230 I   0.95772 0.00123 0.04099 0.00007 ( 1)
 231 I   0.95183 0.00054 0.04759 0.00004 ( 1)
 232 A   0.17041 0.25166 0.45976 0.11817 ( 3)
 233 I   0.56488 0.38741 0.02451 0.02320 ( 1)
 234 F   0.96208 0.00011 0.03780 0.00001 ( 1)
 235 Q   0.93060 0.01015 0.05850 0.00074 ( 1)
 236 T   0.02984 0.91825 0.00130 0.05061 ( 2)


lnL = -8748.062495

Bayes Empirical Bayes (BEB) probabilities for 4 classes (class)
(amino acids refer to 1st sequence: BT_Cry40Aa1)

   1 -   0.75567 0.07041 0.15922 0.01471 ( 1)
   2 S   0.11239 0.71368 0.02386 0.15007 ( 2)
   3 L   0.00789 0.81818 0.00168 0.17225 ( 2)
   4 G   0.00441 0.91760 0.00029 0.07770 ( 2)
   5 G   0.01340 0.90502 0.00101 0.08058 ( 2)
   6 I   0.29546 0.63708 0.01766 0.04980 ( 2)
   7 N   0.00001 0.90374 0.00000 0.09625 ( 2)
   8 T   0.00000 0.79697 0.00000 0.20302 ( 2)
   9 L   0.01960 0.80179 0.00847 0.17014 ( 2)
  10 F   0.00002 0.88737 0.00000 0.11261 ( 2)
  11 S   0.00000 0.90119 0.00000 0.09881 ( 2)
  12 I   0.81078 0.12998 0.04899 0.01025 ( 1)
  13 I   0.93776 0.00514 0.05670 0.00040 ( 1)
  14 G   0.00000 0.82091 0.00000 0.17909 ( 2)
  15 K   0.00004 0.92444 0.00000 0.07552 ( 2)
  16 L   0.00248 0.89777 0.00024 0.09951 ( 2)
  17 I   0.00025 0.92775 0.00001 0.07198 ( 2)
  18 -   0.00996 0.81611 0.00212 0.17181 ( 2)
  19 P   0.21607 0.69838 0.01798 0.06757 ( 2)
  20 T   0.38097 0.54680 0.02637 0.04585 ( 2)
  21 N   0.00156 0.92110 0.00011 0.07723 ( 2)
  22 H   0.03376 0.89419 0.00215 0.06989 ( 2)
  23 Q   0.00000 0.63106 0.00000 0.36894 ( 2)
  24 S   0.00158 0.92129 0.00011 0.07702 ( 2)
  25 V   0.88954 0.00739 0.10213 0.00093 ( 1)
  26 S   0.02064 0.89156 0.00159 0.08621 ( 2)
  27 A   0.00031 0.92223 0.00002 0.07745 ( 2)
  28 L   0.93484 0.00313 0.06178 0.00025 ( 1)
  29 S   0.93519 0.00001 0.06480 0.00000 ( 1)
  30 I   0.93625 0.00662 0.05661 0.00052 ( 1)
  31 C   0.03479 0.88949 0.00238 0.07334 ( 2)
  32 D   0.94938 0.00141 0.04912 0.00010 ( 1)
  33 L   0.91779 0.00015 0.08204 0.00002 ( 1)
  34 L   0.00575 0.90036 0.00052 0.09337 ( 2)
  35 S   0.01710 0.88083 0.00166 0.10040 ( 2)
  36 I   0.94261 0.00036 0.05700 0.00003 ( 1)
  37 I   0.94343 0.00000 0.05657 0.00000 ( 1)
  38 R   0.38737 0.53053 0.03179 0.05031 ( 2)
  39 K   0.01928 0.62872 0.05466 0.29734 ( 2)
  40 E   0.00159 0.88981 0.00016 0.10843 ( 2)
  41 V   0.34670 0.00375 0.64833 0.00122 ( 3)
  42 A   0.00098 0.88662 0.00010 0.11230 ( 2)
  43 D   0.00636 0.89510 0.00062 0.09792 ( 2)
  44 S   0.00061 0.67101 0.00173 0.32665 ( 2)
  45 V   0.01349 0.00697 0.96739 0.01216 ( 3)
  46 L   0.86394 0.05332 0.07723 0.00551 ( 1)
  47 S   0.00071 0.80618 0.00077 0.19234 ( 2)
  48 D   0.00000 0.16133 0.00001 0.83866 ( 4)
  49 A   0.16515 0.06486 0.72302 0.04696 ( 3)
  50 I   0.00000 0.73846 0.00000 0.26153 ( 2)
  51 C   0.00004 0.92357 0.00000 0.07638 ( 2)
  52 R   0.00209 0.93392 0.00011 0.06388 ( 2)
  53 F   0.94646 0.00000 0.05354 0.00000 ( 1)
  54 L   0.33839 0.48768 0.07164 0.10229 ( 2)
  55 D   0.01162 0.87889 0.00131 0.10819 ( 2)
  56 G   0.84265 0.09592 0.05390 0.00752 ( 1)
  57 K   0.00289 0.75637 0.00139 0.23935 ( 2)
  58 L   0.00084 0.88504 0.00010 0.11401 ( 2)
  59 K   0.00000 0.76723 0.00000 0.23277 ( 2)
  60 N   0.00577 0.63142 0.01792 0.34489 ( 2)
  61 Y   0.33418 0.00008 0.66572 0.00003 ( 3)
  62 R   0.00001 0.84717 0.00000 0.15281 ( 2)
  63 E   0.00000 0.68521 0.00000 0.31479 ( 2)
  64 Y   0.64629 0.28499 0.04456 0.02416 ( 1)
  65 Y   0.93544 0.00000 0.06456 0.00000 ( 1)
  66 L   0.93799 0.00002 0.06199 0.00000 ( 1)
  67 P   0.00000 0.71366 0.00000 0.28634 ( 2)
  68 Y   0.58370 0.34555 0.04069 0.03006 ( 1)
  69 L   0.72624 0.20898 0.04795 0.01683 ( 1)
  70 E   0.00000 0.81683 0.00000 0.18317 ( 2)
  71 A   0.00000 0.89706 0.00000 0.10294 ( 2)
  72 W   0.84286 0.03861 0.11304 0.00550 ( 1)
  73 L   0.02257 0.90326 0.00149 0.07268 ( 2)
  74 K   0.00096 0.76155 0.00146 0.23603 ( 2)
  75 D   0.00056 0.81988 0.00031 0.17926 ( 2)
  76 G   0.00032 0.67610 0.00071 0.32288 ( 2)
  77 K   0.00035 0.72433 0.00105 0.27427 ( 2)
  78 P   0.80587 0.11626 0.06667 0.01121 ( 1)
  79 L   0.01188 0.83892 0.00315 0.14605 ( 2)
  80 Q   0.03076 0.67345 0.04286 0.25293 ( 2)
  81 K   0.06064 0.66734 0.01707 0.25495 ( 2)
  82 T   0.06491 0.76116 0.01379 0.16014 ( 2)
  83 -   0.33839 0.48768 0.07164 0.10229 ( 2)
  84 N   0.01205 0.11310 0.70452 0.17033 ( 3)
  85 N   0.00000 0.78646 0.00000 0.21354 ( 2)
  86 S   0.00000 0.72495 0.00000 0.27505 ( 2)
  87 D   0.00000 0.91228 0.00000 0.08772 ( 2)
  88 I   0.21434 0.71393 0.01415 0.05759 ( 2)
  89 G   0.00000 0.79752 0.00000 0.20248 ( 2)
  90 Q   0.00000 0.78198 0.00000 0.21802 ( 2)
  91 L   0.36456 0.56312 0.02468 0.04764 ( 2)
  92 V   0.00327 0.91980 0.00021 0.07673 ( 2)
  93 K   0.00000 0.61916 0.00000 0.38084 ( 2)
  94 Y   0.00013 0.68844 0.00033 0.31111 ( 2)
  95 F   0.88848 0.00255 0.10863 0.00034 ( 1)
  96 E   0.00002 0.66581 0.00005 0.33412 ( 2)
  97 L   0.00000 0.73515 0.00000 0.26485 ( 2)
  98 S   0.00131 0.73702 0.00044 0.26123 ( 2)
  99 E   0.27189 0.00002 0.72809 0.00001 ( 3)
 100 R   0.00023 0.87715 0.00008 0.12255 ( 2)
 101 D   0.00000 0.69026 0.00001 0.30972 ( 2)
 102 F   0.86102 0.02977 0.10529 0.00392 ( 1)
 103 N   0.00830 0.75162 0.01127 0.22881 ( 2)
 104 E   0.00000 0.55069 0.00001 0.44930 ( 2)
 105 I   0.02815 0.89021 0.00228 0.07936 ( 2)
 106 L   0.26272 0.00056 0.73646 0.00026 ( 3)
 107 -   0.56086 0.26521 0.11843 0.05550 ( 1)
 108 -   0.12492 0.70115 0.02652 0.14741 ( 2)
 109 -   0.47793 0.34814 0.10102 0.07291 ( 1)
 110 -   0.58255 0.24352 0.12298 0.05095 ( 1)
 111 -   0.50922 0.31685 0.10759 0.06634 ( 1)
 112 -   0.48754 0.33853 0.10304 0.07089 ( 1)
 113 -   0.24733 0.57874 0.05242 0.12151 ( 2)
 114 G   0.00015 0.86955 0.00003 0.13026 ( 2)
 115 G   0.19889 0.68641 0.02429 0.09041 ( 2)
 116 S   0.00001 0.17442 0.00210 0.82348 ( 4)
 117 L   0.91781 0.00011 0.08206 0.00001 ( 1)
 118 A   0.01178 0.89004 0.00113 0.09705 ( 2)
 119 R   0.00077 0.30039 0.06348 0.63536 ( 4)
 120 N   0.00000 0.24261 0.00000 0.75739 ( 4)
 121 N   0.03320 0.85096 0.00693 0.10891 ( 2)
 122 A   0.09099 0.83783 0.00573 0.06545 ( 2)
 123 Q   0.82387 0.09421 0.07242 0.00950 ( 1)
 124 I   0.94236 0.00062 0.05697 0.00005 ( 1)
 125 L   0.59134 0.32073 0.05396 0.03397 ( 1)
 126 L   0.91788 0.00007 0.08205 0.00001 ( 1)
 127 L   0.89683 0.00018 0.10297 0.00002 ( 1)
 128 P   0.92855 0.00001 0.07144 0.00000 ( 1)
 129 Y   0.32731 0.60305 0.02062 0.04903 ( 2)
 130 F   0.92690 0.00631 0.06625 0.00055 ( 1)
 131 C   0.00017 0.90562 0.00001 0.09420 ( 2)
 132 A   0.79026 0.12847 0.06847 0.01280 ( 1)
 133 S   0.88650 0.05334 0.05598 0.00418 ( 1)
 134 C   0.93633 0.00006 0.06361 0.00001 ( 1)
 135 K   0.89948 0.05071 0.04631 0.00351 ( 1)
 136 C   0.00129 0.88601 0.00015 0.11255 ( 2)
 137 Q   0.94455 0.00000 0.05545 0.00000 ( 1)
 138 L   0.91791 0.00004 0.08205 0.00000 ( 1)
 139 L   0.03066 0.87603 0.00275 0.09056 ( 2)
 140 L   0.88736 0.02287 0.08723 0.00253 ( 1)
 141 L   0.91790 0.00004 0.08205 0.00000 ( 1)
 142 R   0.89810 0.00695 0.09414 0.00081 ( 1)
 143 D   0.95018 0.00000 0.04982 0.00000 ( 1)
 144 A   0.93288 0.00332 0.06352 0.00028 ( 1)
 145 V   0.52995 0.40399 0.03354 0.03253 ( 1)
 146 Q   0.00010 0.90594 0.00001 0.09396 ( 2)
 147 Y   0.93512 0.00032 0.06453 0.00003 ( 1)
 148 E   0.00179 0.92351 0.00011 0.07458 ( 2)
 149 E   0.00003 0.90166 0.00000 0.09830 ( 2)
 150 Q   0.00000 0.75028 0.00000 0.24972 ( 2)
 151 W   0.36480 0.51289 0.04910 0.07322 ( 2)
 152 F   0.00001 0.91774 0.00000 0.08225 ( 2)
 153 P   0.00051 0.63731 0.00140 0.36078 ( 2)
 154 F   0.00001 0.86644 0.00000 0.13354 ( 2)
 155 L   0.00007 0.88210 0.00001 0.11783 ( 2)
 156 S   0.00005 0.61142 0.00046 0.38808 ( 2)
 157 A   0.00123 0.83186 0.00025 0.16666 ( 2)
 158 E   0.00465 0.89257 0.00048 0.10230 ( 2)
 159 N   0.03621 0.73386 0.04985 0.18007 ( 2)
 160 V   0.00121 0.90691 0.00012 0.09176 ( 2)
 161 R   0.00031 0.91742 0.00002 0.08225 ( 2)
 162 S   0.00186 0.87062 0.00026 0.12726 ( 2)
 163 E   0.69736 0.23472 0.04714 0.02078 ( 1)
 164 L   0.02356 0.88015 0.00216 0.09414 ( 2)
 165 I   0.03726 0.88722 0.00230 0.07322 ( 2)
 166 S   0.83092 0.08007 0.08019 0.00881 ( 1)
 167 P   0.38018 0.54101 0.02943 0.04938 ( 2)
 168 N   0.14641 0.67966 0.03107 0.14286 ( 2)
 169 S   0.35374 0.47233 0.07488 0.09905 ( 2)
 170 G   0.07314 0.75293 0.01554 0.15839 ( 2)
 171 C   0.39556 0.43051 0.08369 0.09024 ( 2)
 172 D   0.42119 0.40488 0.08908 0.08484 ( 1)
 173 F   0.41332 0.41275 0.08743 0.08650 ( 1)
 174 T   0.00004 0.92430 0.00000 0.07565 ( 2)
 175 G   0.00000 0.73966 0.00000 0.26034 ( 2)
 176 D   0.04497 0.89166 0.00231 0.06106 ( 2)
 177 Y   0.93432 0.00074 0.06488 0.00007 ( 1)
 178 Y   0.00000 0.87816 0.00000 0.12184 ( 2)
 179 E   0.00000 0.90120 0.00000 0.09880 ( 2)
 180 R   0.06588 0.81958 0.00792 0.10662 ( 2)
 181 L   0.91596 0.00194 0.08190 0.00020 ( 1)
 182 K   0.01717 0.90884 0.00109 0.07290 ( 2)
 183 C   0.00000 0.92490 0.00000 0.07510 ( 2)
 184 K   0.00005 0.31103 0.00460 0.68431 ( 4)
 185 I   0.26438 0.03566 0.68568 0.01428 ( 3)
 186 A   0.00000 0.91592 0.00000 0.08407 ( 2)
 187 E   0.00000 0.67560 0.00001 0.32439 ( 2)
 188 Y   0.93540 0.00002 0.06458 0.00000 ( 1)
 189 T   0.55299 0.30751 0.08843 0.05107 ( 1)
 190 D   0.95053 0.00047 0.04897 0.00003 ( 1)
 191 Y   0.36288 0.00041 0.63660 0.00011 ( 3)
 192 C   0.93577 0.00008 0.06414 0.00001 ( 1)
 193 E   0.00008 0.48711 0.00262 0.51018 ( 4)
 194 Y   0.00000 0.44745 0.00000 0.55255 ( 4)
 195 W   0.00064 0.87414 0.00009 0.12513 ( 2)
 196 Y   0.93544 0.00000 0.06456 0.00000 ( 1)
 197 Q   0.52248 0.35611 0.07135 0.05006 ( 1)
 198 A   0.00000 0.82015 0.00000 0.17985 ( 2)
 199 G   0.93985 0.00000 0.06015 0.00000 ( 1)
 200 L   0.91760 0.00034 0.08203 0.00003 ( 1)
 201 N   0.94946 0.00092 0.04955 0.00007 ( 1)
 202 Q   0.00843 0.87193 0.00107 0.11857 ( 2)
 203 I   0.94099 0.00197 0.05689 0.00015 ( 1)
 204 K   0.86663 0.00643 0.12597 0.00097 ( 1)
 205 Q   0.00000 0.63902 0.00000 0.36098 ( 2)
 206 A   0.00001 0.58084 0.00003 0.41913 ( 2)
 207 G   0.93859 0.00005 0.06135 0.00000 ( 1)
 208 T   0.01090 0.91369 0.00072 0.07469 ( 2)
 209 G   0.00131 0.92606 0.00008 0.07255 ( 2)
 210 A   0.91464 0.02557 0.05777 0.00202 ( 1)
 211 D   0.00000 0.92246 0.00000 0.07754 ( 2)
 212 T   0.00000 0.70469 0.00000 0.29531 ( 2)
 213 W   0.87612 0.00561 0.11748 0.00080 ( 1)
 214 A   0.00303 0.88085 0.00035 0.11577 ( 2)
 215 K   0.93195 0.00819 0.05920 0.00066 ( 1)
 216 F   0.94646 0.00000 0.05354 0.00000 ( 1)
 217 N   0.95086 0.00015 0.04898 0.00001 ( 1)
 218 K   0.00527 0.92057 0.00033 0.07383 ( 2)
 219 F   0.94638 0.00006 0.05355 0.00000 ( 1)
 220 R   0.92386 0.00033 0.07578 0.00003 ( 1)
 221 R   0.93645 0.00054 0.06297 0.00004 ( 1)
 222 E   0.93758 0.00227 0.05997 0.00018 ( 1)
 223 M   0.94443 0.00000 0.05557 0.00000 ( 1)
 224 T   0.89539 0.00000 0.10460 0.00000 ( 1)
 225 L   0.89006 0.00706 0.10200 0.00088 ( 1)
 226 T   0.00037 0.88456 0.00004 0.11503 ( 2)
 227 V   0.93660 0.00000 0.06340 0.00000 ( 1)
 228 L   0.89706 0.00012 0.10280 0.00002 ( 1)
 229 D   0.95084 0.00000 0.04916 0.00000 ( 1)
 230 I   0.94214 0.00122 0.05655 0.00010 ( 1)
 231 I   0.93602 0.00053 0.06340 0.00005 ( 1)
 232 A   0.16735 0.25602 0.45714 0.11949 ( 3)
 233 I   0.54994 0.38538 0.03327 0.03142 ( 1)
 234 F   0.94634 0.00011 0.05354 0.00001 ( 1)
 235 Q   0.91339 0.01010 0.07554 0.00097 ( 1)
 236 T   0.02822 0.90075 0.00174 0.06930 ( 2)

