Supplemental results for CODEML (seqf: algn  treef: tree)


dN/dS (w) for site classes (K=4)

site class             0        1       2a       2b
proportion       0.22131  0.65297  0.03182  0.09389
background w     0.04790  0.57048  0.04790  0.57048
foreground w     0.04790  0.57048 999.00000 999.00000

Naive Empirical Bayes (NEB) probabilities for 4 classes
(amino acids refer to 1st sequence: BT_Cry32Ja1)

   1 P   0.12337 0.62686 0.16604 0.08372 ( 2)
   2 T   0.86188 0.11752 0.01459 0.00601 ( 1)
   3 K   0.98257 0.00749 0.00982 0.00013 ( 1)
   4 S   0.63805 0.33756 0.01146 0.01293 ( 1)
   5 Q   0.98743 0.00967 0.00286 0.00005 ( 1)
   6 L   0.99448 0.00101 0.00450 0.00001 ( 1)
   7 T   0.99155 0.00148 0.00695 0.00002 ( 1)
   8 R   0.96076 0.00278 0.03636 0.00010 ( 1)
   9 T   0.00010 0.98870 0.00001 0.01120 ( 2)
  10 V   0.12171 0.86344 0.00091 0.01394 ( 2)
  11 Y   0.99133 0.00283 0.00578 0.00005 ( 1)
  12 T   0.99201 0.00185 0.00612 0.00002 ( 1)
  13 P   0.00001 0.78672 0.00001 0.21325 ( 2)
  14 F   0.00065 0.87266 0.00011 0.12659 ( 2)
  15 V   0.00006 0.69961 0.00125 0.29907 ( 2)
  16 L   0.00023 0.71668 0.09144 0.19165 ( 2)
  17 S   0.00000 0.57973 0.00011 0.42016 ( 2)
  18 Y   0.00324 0.87104 0.00047 0.12525 ( 2)
  19 P   0.02543 0.84886 0.00366 0.12206 ( 2)
  20 T   0.00632 0.86797 0.00091 0.12481 ( 2)
  21 -   0.23561 0.63867 0.03388 0.09184 ( 2)
  22 -   0.27210 0.60219 0.03913 0.08659 ( 2)
  23 -   0.27067 0.60361 0.03892 0.08680 ( 2)
  24 -   0.25185 0.62243 0.03621 0.08950 ( 2)
  25 -   0.26279 0.61149 0.03779 0.08793 ( 2)
  26 -   0.22925 0.64503 0.03297 0.09275 ( 2)
  27 -   0.24528 0.62901 0.03527 0.09045 ( 2)
  28 -   0.25938 0.61490 0.03730 0.08842 ( 2)
  29 -   0.25938 0.61490 0.03730 0.08842 ( 2)
  30 P   0.04167 0.83262 0.00599 0.11973 ( 2)
  31 N   0.00615 0.86813 0.00088 0.12483 ( 2)
  32 L   0.00266 0.85235 0.00027 0.14471 ( 2)
  33 P   0.00319 0.81849 0.00336 0.17496 ( 2)
  34 L   0.00000 0.81830 0.00016 0.18153 ( 2)
  35 I   0.97107 0.02394 0.00447 0.00052 ( 1)
  36 S   0.00018 0.92844 0.00001 0.07137 ( 2)
  37 E   0.00006 0.60206 0.00023 0.39765 ( 2)
  38 I   0.00117 0.84703 0.01703 0.13478 ( 2)
  39 E   0.03765 0.85152 0.05511 0.05572 ( 2)
  40 S   0.00000 0.73501 0.00118 0.26380 ( 2)
  41 Q   0.00001 0.87088 0.00001 0.12910 ( 2)
  42 V   0.00007 0.08195 0.58590 0.33208 ( 3)
  43 V   0.00398 0.61492 0.18161 0.19949 ( 2)
  44 V   0.00004 0.28388 0.18540 0.53068 ( 4)
  45 P   0.99268 0.00279 0.00449 0.00003 ( 1)
  46 P   0.95837 0.03900 0.00247 0.00016 ( 1)
  47 S   0.35482 0.63085 0.00221 0.01213 ( 2)
  48 L   0.98726 0.00861 0.00408 0.00005 ( 1)
  49 F   0.99540 0.00007 0.00453 0.00000 ( 1)
  50 S   0.00375 0.98720 0.00001 0.00903 ( 2)
  51 W   0.99147 0.00741 0.00111 0.00001 ( 1)
  52 L   0.91101 0.08497 0.00353 0.00049 ( 1)
  53 F   0.00563 0.87173 0.00451 0.11813 ( 2)
  54 L   0.00195 0.99148 0.00001 0.00656 ( 2)
  55 I   0.02508 0.84761 0.02082 0.10649 ( 2)
  56 E   0.00003 0.97165 0.00000 0.02832 ( 2)
  57 S   0.03268 0.80840 0.02425 0.13467 ( 2)
  58 Y   0.99100 0.00288 0.00602 0.00010 ( 1)
  59 T   0.02777 0.95639 0.00281 0.01302 ( 2)
  60 E   0.00081 0.96348 0.00002 0.03570 ( 2)
  61 K   0.00000 0.88158 0.00003 0.11838 ( 2)
  62 A   0.00001 0.80599 0.00004 0.19396 ( 2)
  63 A   0.00001 0.92085 0.00000 0.07914 ( 2)
  64 Q   0.00034 0.93655 0.00046 0.06265 ( 2)
  65 D   0.00000 0.69463 0.00035 0.30502 ( 2)
  66 -   0.22131 0.65297 0.03182 0.09389 ( 2)
  67 -   0.22131 0.65297 0.03182 0.09389 ( 2)
  68 -   0.01111 0.81626 0.05177 0.12086 ( 2)
  69 K   0.00012 0.81591 0.00045 0.18352 ( 2)
  70 E   0.00013 0.67893 0.00002 0.32092 ( 2)
  71 C   0.00000 0.95863 0.00000 0.04136 ( 2)
  72 L   0.00001 0.60660 0.00005 0.39334 ( 2)
  73 T   0.00014 0.99760 0.00000 0.00225 ( 2)
  74 G   0.00004 0.55611 0.02925 0.41460 ( 2)
  75 Q   0.00325 0.99361 0.00001 0.00313 ( 2)
  76 R   0.00002 0.92501 0.00001 0.07496 ( 2)
  77 Q   0.00000 0.65880 0.00018 0.34102 ( 2)
  78 A   0.00070 0.96611 0.00001 0.03318 ( 2)
  79 F   0.60499 0.38265 0.00472 0.00765 ( 1)
  80 A   0.00008 0.98241 0.00000 0.01751 ( 2)
  81 Y   0.00025 0.99084 0.00000 0.00891 ( 2)
  82 T   0.06193 0.82053 0.00836 0.10919 ( 2)
  83 T   0.00007 0.83876 0.00006 0.16111 ( 2)
  84 G   0.00001 0.36462 0.06248 0.57289 ( 4)
  85 R   0.00000 0.95308 0.00000 0.04691 ( 2)
  86 D   0.40248 0.57517 0.00347 0.01888 ( 2)
  87 L   0.00094 0.96182 0.00006 0.03718 ( 2)
  88 F   0.00000 0.46394 0.00004 0.53602 ( 4)
  89 Q   0.00071 0.90980 0.00038 0.08911 ( 2)
  90 E   0.00108 0.88256 0.00010 0.11626 ( 2)
  91 F   0.00146 0.98787 0.00002 0.01065 ( 2)
  92 K   0.00012 0.82930 0.00047 0.17011 ( 2)
  93 -   0.22131 0.65297 0.03182 0.09389 ( 2)
  94 -   0.00509 0.73759 0.06352 0.19380 ( 2)
  95 G   0.05075 0.93561 0.00031 0.01333 ( 2)
  96 N   0.05555 0.90566 0.00086 0.03793 ( 2)
  97 L   0.00015 0.97125 0.00002 0.02858 ( 2)
  98 N   0.00000 0.93382 0.00015 0.06603 ( 2)
  99 G   0.00002 0.83789 0.00000 0.16208 ( 2)
 100 T   0.00001 0.97589 0.00000 0.02409 ( 2)
 101 Y   0.00000 0.71449 0.00002 0.28549 ( 2)
 102 R   0.00004 0.73975 0.01717 0.24305 ( 2)
 103 G   0.00214 0.97199 0.00007 0.02579 ( 2)
 104 Q   0.00000 0.90077 0.00000 0.09922 ( 2)
 105 L   0.00000 0.97361 0.00000 0.02639 ( 2)
 106 V   0.52418 0.45658 0.00568 0.01356 ( 1)
 107 A   0.00081 0.95246 0.00005 0.04667 ( 2)
 108 E   0.00590 0.85883 0.00044 0.13484 ( 2)
 109 P   0.02285 0.94336 0.00042 0.03337 ( 2)
 110 G   0.00087 0.94098 0.00002 0.05813 ( 2)
 111 L   0.88856 0.09973 0.00854 0.00317 ( 1)
 112 G   0.05449 0.76115 0.07215 0.11221 ( 2)
 113 Q   0.01257 0.86172 0.00181 0.12391 ( 2)
 114 Y   0.22131 0.65297 0.03182 0.09389 ( 2)
 115 V   0.01219 0.89869 0.00585 0.08327 ( 2)
 116 W   0.00001 0.74753 0.00020 0.25226 ( 2)
 117 A   0.08889 0.85110 0.00460 0.05541 ( 2)
 118 I   0.00027 0.78002 0.00072 0.21899 ( 2)
 119 E   0.15487 0.77784 0.01202 0.05528 ( 2)
 120 L   0.94875 0.03769 0.01259 0.00098 ( 1)
 121 Y   0.93481 0.05865 0.00545 0.00110 ( 1)
 122 G   0.00019 0.94430 0.00001 0.05549 ( 2)
 123 S   0.00255 0.95887 0.00042 0.03816 ( 2)
 124 G   0.00019 0.70912 0.00624 0.28445 ( 2)
 125 Y   0.65201 0.32679 0.00783 0.01337 ( 1)
 126 L   0.01514 0.95112 0.00013 0.03361 ( 2)
 127 -   0.22131 0.65297 0.03182 0.09389 ( 2)
 128 -   0.22131 0.65297 0.03182 0.09389 ( 2)
 129 -   0.22131 0.65297 0.03182 0.09389 ( 2)
 130 W   0.00000 0.94267 0.00000 0.05733 ( 2)
 131 D   0.00001 0.83762 0.00000 0.16237 ( 2)
 132 G   0.00347 0.87600 0.00145 0.11908 ( 2)
 133 Y   0.00002 0.00021 0.99860 0.00116 ( 3)
 134 P   0.00004 0.52850 0.00048 0.47098 ( 2)
 135 Y   0.00001 0.97104 0.00000 0.02895 ( 2)
 136 L   0.00079 0.97519 0.00001 0.02401 ( 2)
 137 H   0.00002 0.89914 0.00000 0.10083 ( 2)
 138 N   0.00277 0.89044 0.00014 0.10665 ( 2)
 139 L   0.00000 0.96560 0.00000 0.03440 ( 2)
 140 G   0.00011 0.50392 0.00007 0.49591 ( 2)
 141 -   0.00368 0.87060 0.00053 0.12519 ( 2)
 142 -   0.23481 0.63947 0.03376 0.09195 ( 2)
 143 -   0.34162 0.53267 0.04912 0.07659 ( 2)
 144 -   0.13684 0.73744 0.01968 0.10604 ( 2)
 145 -   0.01788 0.97454 0.00005 0.00753 ( 2)
 146 F   0.00003 0.95858 0.00000 0.04139 ( 2)
 147 F   0.00042 0.93078 0.00015 0.06864 ( 2)
 148 N   0.00003 0.88523 0.00006 0.11467 ( 2)
 149 F   0.99463 0.00083 0.00452 0.00001 ( 1)
 150 K   0.01167 0.93093 0.00083 0.05657 ( 2)
 151 L   0.94989 0.04457 0.00477 0.00076 ( 1)
 152 T   0.95435 0.02804 0.01648 0.00113 ( 1)
 153 -   0.02959 0.84469 0.00425 0.12146 ( 2)
 154 -   0.94119 0.05476 0.00372 0.00033 ( 1)
 155 -   0.50347 0.47057 0.00637 0.01958 ( 1)
 156 N   0.00001 0.97421 0.00000 0.02578 ( 2)
 157 S   0.00142 0.93365 0.00006 0.06488 ( 2)
 158 E   0.00004 0.96292 0.00000 0.03704 ( 2)
 159 D   0.00000 0.94158 0.00000 0.05842 ( 2)
 160 Q   0.00116 0.97132 0.00001 0.02751 ( 2)
 161 K   0.00433 0.98334 0.00003 0.01230 ( 2)
 162 I   0.00041 0.93443 0.00001 0.06516 ( 2)
 163 H   0.00165 0.93600 0.00060 0.06176 ( 2)
 164 V   0.18027 0.78947 0.00138 0.02888 ( 2)
 165 S   0.14717 0.84199 0.00078 0.01006 ( 2)
 166 P   0.00014 0.97924 0.00000 0.02061 ( 2)
 167 G   0.00010 0.99110 0.00000 0.00880 ( 2)
 168 D   0.00301 0.92810 0.00022 0.06867 ( 2)
 169 I   0.12726 0.84807 0.00166 0.02300 ( 2)
 170 V   0.00029 0.55624 0.01493 0.42853 ( 2)
 171 D   0.00695 0.93171 0.00031 0.06103 ( 2)
 172 G   0.00544 0.97516 0.00005 0.01935 ( 2)
 173 T   0.00007 0.53211 0.01385 0.45398 ( 2)
 174 T   0.00014 0.69500 0.00120 0.30366 ( 2)
 175 A   0.00302 0.94102 0.00008 0.05588 ( 2)
 176 I   0.00122 0.86262 0.00824 0.12792 ( 2)
 177 L   0.00623 0.97964 0.00003 0.01410 ( 2)
 178 G   0.96054 0.03610 0.00320 0.00016 ( 1)
 179 L   0.26252 0.72266 0.00268 0.01214 ( 2)
 180 P   0.87581 0.10962 0.01216 0.00241 ( 1)
 181 C   0.99501 0.00141 0.00357 0.00001 ( 1)
 182 K   0.01556 0.93494 0.00065 0.04885 ( 2)
 183 P   0.00059 0.42723 0.03817 0.53401 ( 4)
 184 N   0.18196 0.54510 0.16425 0.10869 ( 2)
 185 N   0.02919 0.92803 0.00785 0.03493 ( 2)
 186 N   0.00299 0.87645 0.00035 0.12022 ( 2)
 187 D   0.00881 0.97757 0.00005 0.01358 ( 2)
 188 -   0.00307 0.76494 0.01597 0.21602 ( 2)
 189 C   0.99501 0.00141 0.00357 0.00001 ( 1)
 190 D   0.56718 0.14922 0.26692 0.01668 ( 1)
 191 P   0.96695 0.02864 0.00408 0.00034 ( 1)
 192 C   0.99501 0.00141 0.00357 0.00001 ( 1)
 193 -   0.00006 0.79023 0.00113 0.20859 ( 2)
 194 -   0.01839 0.85590 0.00264 0.12307 ( 2)
 195 -   0.22131 0.65297 0.03182 0.09389 ( 2)
 196 N   0.87746 0.07606 0.03974 0.00674 ( 1)
 197 P   0.00651 0.88669 0.00043 0.10637 ( 2)
 198 C   0.99544 0.00084 0.00371 0.00001 ( 1)
 199 N   0.00000 0.89339 0.00000 0.10660 ( 2)
 200 T   0.00002 0.51170 0.00388 0.48440 ( 2)
 201 L   0.01142 0.96975 0.00017 0.01866 ( 2)
 202 P   0.00000 0.34712 0.00017 0.65271 ( 4)
 203 I   0.00015 0.87413 0.00002 0.12570 ( 2)
 204 N   0.98914 0.00110 0.00972 0.00004 ( 1)
 205 L   0.00007 0.78833 0.00014 0.21146 ( 2)
 206 S   0.04681 0.95078 0.00010 0.00231 ( 2)
 207 N   0.00413 0.91173 0.00020 0.08394 ( 2)
 208 P   0.99573 0.00019 0.00408 0.00000 ( 1)
 209 C   0.97938 0.01607 0.00439 0.00017 ( 1)
 210 N   0.98418 0.00738 0.00819 0.00024 ( 1)
 211 -   0.23575 0.63854 0.03390 0.09182 ( 2)
 212 -   0.23575 0.63854 0.03390 0.09182 ( 2)
 213 -   0.23688 0.63741 0.03406 0.09166 ( 2)
 214 -   0.24069 0.63360 0.03461 0.09111 ( 2)
 215 -   0.25410 0.62018 0.03654 0.08918 ( 2)
 216 -   0.25413 0.62015 0.03654 0.08917 ( 2)
 217 -   0.26141 0.61287 0.03759 0.08813 ( 2)
 218 -   0.24116 0.63312 0.03468 0.09104 ( 2)
 219 D   0.76529 0.21545 0.01198 0.00729 ( 1)
 220 I   0.00516 0.97883 0.00003 0.01598 ( 2)
 221 S   0.00015 0.74344 0.00099 0.25541 ( 2)
 222 L   0.66198 0.31964 0.00838 0.00999 ( 1)
 223 Y   0.99395 0.00020 0.00585 0.00000 ( 1)
 224 S   0.99534 0.00003 0.00463 0.00000 ( 1)
 225 H   0.01303 0.97003 0.00015 0.01679 ( 2)
 226 R   0.98145 0.01250 0.00595 0.00010 ( 1)
 227 F   0.94620 0.04247 0.01018 0.00115 ( 1)
 228 S   0.65414 0.32715 0.01294 0.00577 ( 1)
 229 Y   0.00558 0.99256 0.00001 0.00185 ( 2)
 230 L   0.01819 0.91355 0.00751 0.06074 ( 2)
 231 G   0.06571 0.83841 0.02969 0.06619 ( 2)
 232 T   0.00015 0.82240 0.00002 0.17743 ( 2)
 233 Y   0.00002 0.90310 0.00002 0.09687 ( 2)
 234 P   0.00000 0.84181 0.00011 0.15808 ( 2)
 235 A   0.00002 0.32958 0.00167 0.66873 ( 4)
 236 P   0.01968 0.94886 0.00042 0.03104 ( 2)
 237 P   0.00002 0.59760 0.00044 0.40194 ( 2)
 238 V   0.00000 0.49985 0.00158 0.49857 ( 2)
 239 N   0.00003 0.57082 0.02504 0.40410 ( 2)
 240 N   0.09475 0.77953 0.01362 0.11209 ( 2)
 241 W   0.01601 0.85828 0.00230 0.12342 ( 2)
 242 S   0.02528 0.84944 0.01270 0.11258 ( 2)
 243 P   0.00491 0.60319 0.15395 0.23796 ( 2)
 244 T   0.00002 0.83216 0.00004 0.16778 ( 2)
 245 N   0.00644 0.77657 0.06383 0.15317 ( 2)
 246 I   0.53069 0.45792 0.00485 0.00653 ( 1)
 247 G   0.04461 0.86608 0.00222 0.08710 ( 2)
 248 N   0.00044 0.86717 0.00009 0.13230 ( 2)
 249 F   0.00110 0.35382 0.09939 0.54569 ( 4)
 250 S   0.00005 0.78682 0.00034 0.21279 ( 2)
 251 F   0.27448 0.64869 0.00931 0.06752 ( 2)
 252 G   0.98699 0.01128 0.00171 0.00002 ( 1)
 253 W   0.99147 0.00741 0.00111 0.00001 ( 1)
 254 T   0.98495 0.00199 0.01300 0.00005 ( 1)
 255 H   0.99557 0.00011 0.00431 0.00000 ( 1)
 256 I   0.96596 0.02839 0.00533 0.00032 ( 1)
 257 S   0.99781 0.00057 0.00161 0.00000 ( 1)


lnL = -4860.294196

