Supplemental results for CODEML (seqf: algn  treef: tree)


dN/dS (w) for site classes (K=4)

site class             0        1       2a       2b
proportion       0.00000  0.00000  0.48818  0.51182
background w     0.13745  1.00000  0.13745  1.00000
foreground w     0.13745  1.00000 69.99550 69.99550

Naive Empirical Bayes (NEB) probabilities for 4 classes
(amino acids refer to 1st sequence: BT_Cry7Ba1)

   1 -   0.00000 0.00000 0.87492 0.12508 ( 3)
   2 -   0.00000 0.00000 0.30845 0.69155 ( 4)
   3 T   0.00000 0.00000 0.12617 0.87383 ( 4)
   4 V   0.00000 0.00000 0.10156 0.89844 ( 4)
   5 E   0.00000 0.00000 0.99010 0.00990 ( 3)
   6 L   0.00000 0.00000 0.96772 0.03228 ( 3)
   7 T   0.00000 0.00000 0.97898 0.02102 ( 3)
   8 R   0.00000 0.00000 0.99410 0.00590 ( 3)
   9 T   0.00000 0.00000 0.24196 0.75804 ( 4)
  10 I   0.00000 0.00000 0.98676 0.01324 ( 3)
  11 Y   0.00000 0.00000 0.78153 0.21847 ( 3)
  12 T   0.00000 0.00000 0.27238 0.72762 ( 4)
  13 D   0.00000 0.00000 0.88267 0.11733 ( 3)
  14 P   0.00000 0.00000 0.52369 0.47631 ( 3)
  15 L   0.00000 0.00000 0.84237 0.15763 ( 3)
  16 G   0.00000 0.00000 0.92667 0.07333 ( 3)
  17 Y   0.00000 0.00000 0.08170 0.91830 ( 4)
  18 T   0.00000 0.00000 0.25971 0.74029 ( 4)
  19 G   0.00000 0.00000 0.55135 0.44865 ( 3)
  20 Y   0.00000 0.00000 0.21196 0.78804 ( 4)
  21 S   0.00000 0.00000 0.01394 0.98606 ( 4)
  22 N   0.00000 0.00000 0.64510 0.35490 ( 3)
  23 D   0.00000 0.00000 0.16031 0.83969 ( 4)
  24 E   0.00000 0.00000 0.66946 0.33054 ( 3)
  25 H   0.00000 0.00000 0.78190 0.21810 ( 3)
  26 P   0.00000 0.00000 0.81095 0.18905 ( 3)
  27 T   0.00000 0.00000 0.01574 0.98426 ( 4)
  28 Y   0.00000 0.00000 0.21126 0.78874 ( 4)
  29 Y   0.00000 0.00000 0.94438 0.05562 ( 3)
  30 -   0.00000 0.00000 0.48818 0.51182 ( 4)
  31 S   0.00000 0.00000 0.25747 0.74253 ( 4)
  32 S   0.00000 0.00000 0.57746 0.42254 ( 3)
  33 A   0.00000 0.00000 0.11651 0.88349 ( 4)
  34 K   0.00000 0.00000 0.07576 0.92424 ( 4)
  35 P   0.00000 0.00000 0.01422 0.98578 ( 4)
  36 F   0.00000 0.00000 0.64601 0.35399 ( 3)
  37 S   0.00000 0.00000 0.29456 0.70544 ( 4)
  38 S   0.00000 0.00000 0.29797 0.70203 ( 4)
  39 I   0.00000 0.00000 0.93770 0.06230 ( 3)
  40 E   0.00000 0.00000 0.98480 0.01520 ( 3)
  41 S   0.00000 0.00000 0.93927 0.06073 ( 3)
  42 R   0.00000 0.00000 0.49775 0.50225 ( 4)
  43 A   0.00000 0.00000 0.47535 0.52465 ( 4)
  44 V   0.00000 0.00000 0.53958 0.46042 ( 3)
  45 L   0.00000 0.00000 0.12890 0.87110 ( 4)
  46 A   0.00000 0.00000 0.06690 0.93310 ( 4)
  47 P   0.00000 0.00000 0.97479 0.02521 ( 3)
  48 S   0.00000 0.00000 0.01436 0.98564 ( 4)
  49 L   0.00000 0.00000 0.96069 0.03931 ( 3)
  50 F   0.00000 0.00000 0.97395 0.02605 ( 3)
  51 K   0.00000 0.00000 0.13359 0.86641 ( 4)
  52 W   0.00000 0.00000 0.97321 0.02679 ( 3)
  53 I   0.00000 0.00000 0.73362 0.26638 ( 3)
  54 T   0.00000 0.00000 0.93379 0.06621 ( 3)
  55 Q   0.00000 0.00000 0.50718 0.49282 ( 3)
  56 L   0.00000 0.00000 0.84472 0.15528 ( 3)
  57 E   0.00000 0.00000 0.04507 0.95493 ( 4)
  58 V   0.00000 0.00000 0.89652 0.10348 ( 3)
  59 Y   0.00000 0.00000 0.21897 0.78103 ( 4)
  60 T   0.00000 0.00000 0.26642 0.73358 ( 4)
  61 K   0.00000 0.00000 0.02581 0.97419 ( 4)
  62 K   0.00000 0.00000 0.00691 0.99309 ( 4)
  63 Y   0.00000 0.00000 0.00814 0.99186 ( 4)
  64 S   0.00000 0.00000 0.00016 0.99984 ( 4)
  65 Y   0.00000 0.00000 0.03669 0.96331 ( 4)
  66 S   0.00000 0.00000 0.00571 0.99429 ( 4)
  67 S   0.00000 0.00000 0.13327 0.86673 ( 4)
  68 Q   0.00000 0.00000 0.00061 0.99939 ( 4)
  69 Y   0.00000 0.00000 0.92120 0.07880 ( 3)
  70 T   0.00000 0.00000 0.79303 0.20697 ( 3)
  71 T   0.00000 0.00000 0.55744 0.44256 ( 3)
  72 L   0.00000 0.00000 0.00287 0.99713 ( 4)
  73 W   0.00000 0.00000 0.97321 0.02679 ( 3)
  74 T   0.00000 0.00000 0.90690 0.09310 ( 3)
  75 G   0.00000 0.00000 0.61840 0.38160 ( 3)
  76 L   0.00000 0.00000 0.03645 0.96355 ( 4)
  77 R   0.00000 0.00000 0.25475 0.74525 ( 4)
  78 V   0.00000 0.00000 0.87579 0.12421 ( 3)
  79 I   0.00000 0.00000 0.18099 0.81901 ( 4)
  80 A   0.00000 0.00000 0.18778 0.81222 ( 4)
  81 Q   0.00000 0.00000 0.09141 0.90859 ( 4)
  82 P   0.00000 0.00000 0.01348 0.98652 ( 4)
  83 T   0.00000 0.00000 0.84588 0.15412 ( 3)
  84 K   0.00000 0.00000 0.71995 0.28005 ( 3)
  85 D   0.00000 0.00000 0.02936 0.97064 ( 4)
  86 F   0.00000 0.00000 0.01546 0.98454 ( 4)
  87 T   0.00000 0.00000 0.00403 0.99597 ( 4)
  88 D   0.00000 0.00000 0.34398 0.65602 ( 4)
  89 T   0.00000 0.00000 0.08016 0.91984 ( 4)
  90 V   0.00000 0.00000 0.01234 0.98766 ( 4)
  91 Y   0.00000 0.00000 0.65690 0.34310 ( 3)
  92 D   0.00000 0.00000 0.94229 0.05771 ( 3)
  93 Y   0.00000 0.00000 0.51358 0.48642 ( 3)
  94 G   0.00000 0.00000 0.93606 0.06394 ( 3)
  95 S   0.00000 0.00000 0.69394 0.30606 ( 3)
  96 S   0.00000 0.00000 0.94621 0.05379 ( 3)
  97 S   0.00000 0.00000 0.41500 0.58500 ( 4)
  98 G   0.00000 0.00000 0.98440 0.01560 ( 3)
  99 S   0.00000 0.00000 0.95752 0.04248 ( 3)
 100 E   0.00000 0.00000 0.00350 0.99650 ( 4)
 101 N   0.00000 0.00000 0.01039 0.98961 ( 4)
 102 K   0.00000 0.00000 0.14751 0.85249 ( 4)
 103 D   0.00000 0.00000 0.72266 0.27734 ( 3)
 104 V   0.00000 0.00000 0.12436 0.87564 ( 4)
 105 F   0.00000 0.00000 0.99492 0.00508 ( 3)
 106 D   0.00000 0.00000 0.37035 0.62965 ( 4)
 107 L   0.00000 0.00000 0.88824 0.11176 ( 3)
 108 Y   0.00000 0.00000 0.02774 0.97226 ( 4)
 109 G   0.00000 0.00000 0.07913 0.92087 ( 4)
 110 N   0.00000 0.00000 0.58281 0.41719 ( 3)
 111 -   0.00000 0.00000 0.50002 0.49998 ( 3)
 112 -   0.00000 0.00000 0.50839 0.49161 ( 3)
 113 -   0.00000 0.00000 0.50710 0.49290 ( 3)
 114 -   0.00000 0.00000 0.49732 0.50268 ( 4)
 115 -   0.00000 0.00000 0.49691 0.50309 ( 4)
 116 -   0.00000 0.00000 0.50839 0.49161 ( 3)
 117 -   0.00000 0.00000 0.50116 0.49884 ( 3)
 118 -   0.00000 0.00000 0.50296 0.49704 ( 3)
 119 -   0.00000 0.00000 0.11962 0.88038 ( 4)
 120 -   0.00000 0.00000 0.50300 0.49700 ( 3)
 121 -   0.00000 0.00000 0.50710 0.49290 ( 3)
 122 -   0.00000 0.00000 0.49906 0.50094 ( 4)
 123 -   0.00000 0.00000 0.49317 0.50683 ( 4)
 124 -   0.00000 0.00000 0.49787 0.50213 ( 4)
 125 -   0.00000 0.00000 0.50422 0.49578 ( 3)
 126 -   0.00000 0.00000 0.49705 0.50295 ( 4)
 127 D   0.00000 0.00000 0.94789 0.05211 ( 3)
 128 V   0.00000 0.00000 0.67918 0.32082 ( 3)
 129 Y   0.00000 0.00000 0.99092 0.00908 ( 3)
 130 D   0.00000 0.00000 0.16406 0.83594 ( 4)
 131 T   0.00000 0.00000 0.31646 0.68354 ( 4)
 132 Q   0.00000 0.00000 0.13048 0.86952 ( 4)
 133 S   0.00000 0.00000 0.28176 0.71824 ( 4)
 134 V   0.00000 0.00000 0.07742 0.92258 ( 4)
 135 V   0.00000 0.00000 0.00791 0.99209 ( 4)
 136 S   0.00000 0.00000 0.24977 0.75023 ( 4)
 137 S   0.00000 0.00000 0.67006 0.32994 ( 3)
 138 Y   0.00000 0.00000 0.04911 0.95089 ( 4)
 139 K   0.00000 0.00000 0.01444 0.98556 ( 4)
 140 P   0.00000 0.00000 0.03969 0.96031 ( 4)
 141 T   0.00000 0.00000 0.08766 0.91234 ( 4)
 142 G   0.00000 0.00000 0.02958 0.97042 ( 4)
 143 G   0.00000 0.00000 0.01757 0.98243 ( 4)
 144 G   0.00000 0.00000 0.00535 0.99465 ( 4)
 145 H   0.00000 0.00000 0.53275 0.46725 ( 3)
 146 F   0.00000 0.00000 0.05724 0.94276 ( 4)
 147 G   0.00000 0.00000 0.27911 0.72089 ( 4)
 148 V   0.00000 0.00000 0.10127 0.89873 ( 4)
 149 P   0.00000 0.00000 0.94962 0.05038 ( 3)
 150 Q   0.00000 0.00000 0.19673 0.80327 ( 4)
 151 F   0.00000 0.00000 0.71981 0.28019 ( 3)
 152 R   0.00000 0.00000 0.11222 0.88778 ( 4)
 153 L   0.00000 0.00000 0.88593 0.11407 ( 3)
 154 F   0.00000 0.00000 0.11872 0.88128 ( 4)
 155 W   0.00000 0.00000 0.28242 0.71758 ( 4)
 156 I   0.00000 0.00000 0.93914 0.06086 ( 3)
 157 T   0.00000 0.00000 0.51988 0.48012 ( 3)
 158 K   0.00000 0.00000 0.06702 0.93298 ( 4)
 159 S   0.00000 0.00000 0.00934 0.99066 ( 4)
 160 N   0.00000 0.00000 0.43241 0.56759 ( 4)
 161 G   0.00000 0.00000 0.00036 0.99964 ( 4)
 162 L   0.00000 0.00000 0.46003 0.53997 ( 4)
 163 R   0.00000 0.00000 0.00077 0.99923 ( 4)
 164 E   0.00000 0.00000 0.48206 0.51794 ( 4)
 165 Q   0.00000 0.00000 0.04917 0.95083 ( 4)
 166 I   0.00000 0.00000 0.28433 0.71567 ( 4)
 167 F   0.00000 0.00000 0.99255 0.00745 ( 3)
 168 N   0.00000 0.00000 0.29616 0.70384 ( 4)
 169 Y   0.00000 0.00000 0.88043 0.11957 ( 3)
 170 A   0.00000 0.00000 0.66168 0.33832 ( 3)
 171 N   0.00000 0.00000 0.04089 0.95911 ( 4)
 172 N   0.00000 0.00000 0.98897 0.01103 ( 3)
 173 M   0.00000 0.00000 0.15593 0.84407 ( 4)
 174 G   0.00000 0.00000 0.51584 0.48416 ( 3)
 175 -   0.00000 0.00000 0.74197 0.25803 ( 3)
 176 S   0.00000 0.00000 0.17592 0.82408 ( 4)
 177 Y   0.00000 0.00000 0.01872 0.98128 ( 4)
 178 S   0.00000 0.00000 0.40639 0.59361 ( 4)
 179 A   0.00000 0.00000 0.00156 0.99844 ( 4)
 180 Y   0.00000 0.00000 0.21689 0.78311 ( 4)
 181 R   0.00000 0.00000 0.67351 0.32649 ( 3)
 182 F   0.00000 0.00000 0.63352 0.36648 ( 3)
 183 S   0.00000 0.00000 0.06645 0.93355 ( 4)
 184 K   0.00000 0.00000 0.07460 0.92540 ( 4)
 185 D   0.00000 0.00000 0.67263 0.32737 ( 3)
 186 E   0.00000 0.00000 0.42723 0.57277 ( 4)
 187 L   0.00000 0.00000 0.83794 0.16206 ( 3)
 188 P   0.00000 0.00000 0.48208 0.51792 ( 4)
 189 I   0.00000 0.00000 0.98347 0.01653 ( 3)
 190 E   0.00000 0.00000 0.97148 0.02852 ( 3)
 191 L   0.00000 0.00000 0.32142 0.67858 ( 4)
 192 L   0.00000 0.00000 0.84538 0.15462 ( 3)
 193 Q   0.00000 0.00000 0.04522 0.95478 ( 4)
 194 P   0.00000 0.00000 0.00687 0.99313 ( 4)
 195 P   0.00000 0.00000 0.99466 0.00534 ( 3)
 196 L   0.00000 0.00000 0.51466 0.48534 ( 3)
 197 F   0.00000 0.00000 0.61223 0.38777 ( 3)
 198 G   0.00000 0.00000 0.90313 0.09687 ( 3)
 199 D   0.00000 0.00000 0.96295 0.03705 ( 3)
 200 I   0.00000 0.00000 0.60303 0.39697 ( 3)
 201 E   0.00000 0.00000 0.66976 0.33024 ( 3)
 202 E   0.00000 0.00000 0.92070 0.07930 ( 3)
 203 Y   0.00000 0.00000 0.89471 0.10529 ( 3)
 204 S   0.00000 0.00000 0.93284 0.06716 ( 3)
 205 H   0.00000 0.00000 0.99702 0.00298 ( 3)
 206 R   0.00000 0.00000 0.95701 0.04299 ( 3)
 207 L   0.00000 0.00000 0.98439 0.01561 ( 3)
 208 S   0.00000 0.00000 0.99630 0.00370 ( 3)
 209 H   0.00000 0.00000 0.23356 0.76644 ( 4)
 210 V   0.00000 0.00000 0.96277 0.03723 ( 3)
 211 S   0.00000 0.00000 0.56488 0.43512 ( 3)
 212 E   0.00000 0.00000 0.89144 0.10856 ( 3)
 213 V   0.00000 0.00000 0.66196 0.33804 ( 3)
 214 I   0.00000 0.00000 0.79353 0.20647 ( 3)
 215 K   0.00000 0.00000 0.96908 0.03092 ( 3)
 216 D   0.00000 0.00000 0.51157 0.48843 ( 3)
 217 Y   0.00000 0.00000 0.45002 0.54998 ( 4)
 218 G   0.00000 0.00000 0.51133 0.48867 ( 3)
 219 E   0.00000 0.00000 0.00418 0.99582 ( 4)
 220 G   0.00000 0.00000 0.55377 0.44623 ( 3)
 221 I   0.00000 0.00000 0.37407 0.62593 ( 4)
 222 I   0.00000 0.00000 0.84577 0.15423 ( 3)
 223 P   0.00000 0.00000 0.92919 0.07081 ( 3)
 224 V   0.00000 0.00000 0.73684 0.26316 ( 3)
 225 L   0.00000 0.00000 0.94383 0.05617 ( 3)
 226 G   0.00000 0.00000 0.98440 0.01560 ( 3)
 227 W   0.00000 0.00000 0.39475 0.60525 ( 4)
 228 T   0.00000 0.00000 0.97777 0.02223 ( 3)
 229 H   0.00000 0.00000 0.99713 0.00287 ( 3)
 230 V   0.00000 0.00000 0.98214 0.01786 ( 3)
 231 S   0.00000 0.00000 0.88154 0.11846 ( 3)


lnL = -2853.733088

Bayes Empirical Bayes (BEB) probabilities for 4 classes (class)
(amino acids refer to 1st sequence: BT_Cry7Ba1)

   1 -   0.27850 0.04111 0.59249 0.08790 ( 3)
   2 -   0.10951 0.21007 0.23125 0.44917 ( 4)
   3 T   0.05038 0.26919 0.10590 0.57454 ( 4)
   4 V   0.04113 0.27845 0.08638 0.59405 ( 4)
   5 E   0.31614 0.00340 0.67321 0.00726 ( 3)
   6 L   0.30903 0.01048 0.65811 0.02239 ( 3)
   7 T   0.31246 0.00713 0.66518 0.01523 ( 3)
   8 R   0.31756 0.00204 0.67605 0.00435 ( 3)
   9 T   0.09075 0.22879 0.19141 0.48905 ( 4)
  10 I   0.31501 0.00466 0.67039 0.00994 ( 3)
  11 Y   0.25397 0.06553 0.54026 0.14024 ( 3)
  12 T   0.09583 0.22375 0.20217 0.47825 ( 4)
  13 D   0.28515 0.03455 0.60647 0.07383 ( 3)
  14 P   0.18036 0.13918 0.38252 0.29794 ( 3)
  15 L   0.27009 0.04952 0.57450 0.10590 ( 3)
  16 G   0.29778 0.02184 0.63371 0.04667 ( 3)
  17 Y   0.03252 0.28705 0.06825 0.61217 ( 4)
  18 T   0.09701 0.22248 0.20476 0.47575 ( 4)
  19 G   0.18815 0.13140 0.39918 0.28127 ( 3)
  20 Y   0.07929 0.24036 0.16700 0.51335 ( 4)
  21 S   0.00621 0.31348 0.01299 0.66732 ( 4)
  22 N   0.21526 0.10434 0.45710 0.22329 ( 3)
  23 D   0.06045 0.25904 0.12724 0.55328 ( 4)
  24 E   0.22050 0.09913 0.46826 0.21211 ( 3)
  25 H   0.25446 0.06517 0.54097 0.13939 ( 3)
  26 P   0.26061 0.05898 0.55425 0.12616 ( 3)
  27 T   0.00679 0.31288 0.01420 0.66613 ( 4)
  28 Y   0.07853 0.24095 0.16553 0.51499 ( 4)
  29 Y   0.30175 0.01788 0.64216 0.03821 ( 3)
  30 -   0.16094 0.15860 0.34100 0.33945 ( 3)
  31 S   0.09695 0.22267 0.20450 0.47588 ( 4)
  32 S   0.19490 0.12457 0.41379 0.26674 ( 3)
  33 A   0.04559 0.27406 0.09575 0.58460 ( 4)
  34 K   0.03111 0.28850 0.06526 0.61514 ( 4)
  35 P   0.00635 0.31324 0.01329 0.66712 ( 4)
  36 F   0.21758 0.10192 0.46230 0.21820 ( 3)
  37 S   0.10466 0.21491 0.22094 0.45949 ( 4)
  38 S   0.10826 0.21127 0.22865 0.45181 ( 4)
  39 I   0.30005 0.01956 0.63859 0.04180 ( 3)
  40 E   0.31441 0.00520 0.66928 0.01111 ( 3)
  41 S   0.30016 0.01956 0.63851 0.04178 ( 3)
  42 R   0.17173 0.14773 0.36422 0.31633 ( 3)
  43 A   0.16453 0.15496 0.34876 0.33175 ( 3)
  44 V   0.18203 0.13757 0.38598 0.29442 ( 3)
  45 L   0.05116 0.26837 0.10757 0.57290 ( 4)
  46 A   0.02747 0.29214 0.05761 0.62278 ( 4)
  47 P   0.31122 0.00837 0.66253 0.01788 ( 3)
  48 S   0.00633 0.31327 0.01325 0.66716 ( 4)
  49 L   0.30664 0.01291 0.65287 0.02759 ( 3)
  50 F   0.31074 0.00876 0.66178 0.01872 ( 3)
  51 K   0.05323 0.26631 0.11194 0.56853 ( 4)
  52 W   0.31089 0.00860 0.66214 0.01837 ( 3)
  53 I   0.23873 0.08081 0.50752 0.17294 ( 3)
  54 T   0.29903 0.02062 0.63629 0.04405 ( 3)
  55 Q   0.17301 0.14661 0.36666 0.31371 ( 3)
  56 L   0.27096 0.04865 0.57636 0.10403 ( 3)
  57 E   0.01888 0.30064 0.03957 0.64091 ( 4)
  58 V   0.28809 0.03154 0.61295 0.06741 ( 3)
  59 Y   0.08365 0.23590 0.17633 0.50412 ( 4)
  60 T   0.09615 0.22347 0.20282 0.47756 ( 4)
  61 K   0.01139 0.30819 0.02384 0.65659 ( 4)
  62 K   0.00314 0.31642 0.00657 0.67387 ( 4)
  63 Y   0.00354 0.31608 0.00740 0.67298 ( 4)
  64 S   0.00009 0.31951 0.00018 0.68023 ( 4)
  65 Y   0.01469 0.30476 0.03080 0.64974 ( 4)
  66 S   0.00264 0.31705 0.00552 0.67479 ( 4)
  67 S   0.05083 0.26884 0.10680 0.57352 ( 4)
  68 Q   0.00032 0.31919 0.00066 0.67983 ( 4)
  69 Y   0.29460 0.02490 0.62726 0.05324 ( 3)
  70 T   0.25540 0.06402 0.54354 0.13704 ( 3)
  71 T   0.18866 0.13091 0.40022 0.28020 ( 3)
  72 L   0.00135 0.31829 0.00283 0.67753 ( 4)
  73 W   0.31089 0.00860 0.66214 0.01837 ( 3)
  74 T   0.29103 0.02844 0.61970 0.06083 ( 3)
  75 G   0.20852 0.11102 0.44280 0.23765 ( 3)
  76 L   0.01448 0.30501 0.03034 0.65018 ( 4)
  77 R   0.09266 0.22700 0.19536 0.48499 ( 4)
  78 V   0.28122 0.03836 0.59841 0.08201 ( 3)
  79 I   0.06982 0.24980 0.14697 0.53341 ( 4)
  80 A   0.07220 0.24743 0.15200 0.52836 ( 4)
  81 Q   0.03726 0.28228 0.07823 0.60223 ( 4)
  82 P   0.00634 0.31327 0.01327 0.66712 ( 4)
  83 T   0.27442 0.04523 0.58364 0.09671 ( 3)
  84 K   0.23571 0.08392 0.50084 0.17953 ( 3)
  85 D   0.01305 0.30656 0.02731 0.65309 ( 4)
  86 F   0.00676 0.31287 0.01414 0.66623 ( 4)
  87 T   0.00194 0.31769 0.00405 0.67632 ( 4)
  88 D   0.12550 0.19403 0.26537 0.41510 ( 4)
  89 T   0.03296 0.28673 0.06913 0.61118 ( 4)
  90 V   0.00550 0.31408 0.01150 0.66893 ( 4)
  91 Y   0.21874 0.10091 0.46445 0.21590 ( 3)
  92 D   0.30105 0.01867 0.64041 0.03987 ( 3)
  93 Y   0.17393 0.14570 0.36862 0.31175 ( 3)
  94 G   0.29991 0.01964 0.63848 0.04197 ( 3)
  95 S   0.23002 0.08963 0.48860 0.19175 ( 3)
  96 S   0.30285 0.01677 0.64455 0.03582 ( 3)
  97 S   0.14664 0.17297 0.31035 0.37004 ( 4)
  98 G   0.31434 0.00513 0.66957 0.01096 ( 3)
  99 S   0.30627 0.01335 0.65185 0.02852 ( 3)
 100 E   0.00169 0.31794 0.00353 0.67684 ( 4)
 101 N   0.00461 0.31493 0.00964 0.67083 ( 4)
 102 K   0.05890 0.26075 0.12384 0.55652 ( 4)
 103 D   0.23898 0.08066 0.50781 0.17255 ( 3)
 104 V   0.04933 0.27030 0.10365 0.57672 ( 4)
 105 F   0.31787 0.00178 0.67654 0.00380 ( 3)
 106 D   0.13341 0.18627 0.28202 0.39830 ( 4)
 107 L   0.28578 0.03373 0.60836 0.07213 ( 3)
 108 Y   0.01216 0.30741 0.02547 0.65495 ( 4)
 109 G   0.03143 0.28818 0.06593 0.61446 ( 4)
 110 N   0.19671 0.12291 0.41736 0.26302 ( 3)
 111 -   0.16458 0.15484 0.34899 0.33159 ( 3)
 112 -   0.16719 0.15223 0.35459 0.32599 ( 3)
 113 -   0.16679 0.15263 0.35372 0.32686 ( 3)
 114 -   0.16373 0.15569 0.34718 0.33340 ( 3)
 115 -   0.16360 0.15582 0.34691 0.33367 ( 3)
 116 -   0.16719 0.15223 0.35459 0.32599 ( 3)
 117 -   0.16493 0.15449 0.34975 0.33083 ( 3)
 118 -   0.16550 0.15392 0.35096 0.32962 ( 3)
 119 -   0.04380 0.27562 0.09208 0.58850 ( 4)
 120 -   0.16551 0.15391 0.35098 0.32960 ( 3)
 121 -   0.16679 0.15263 0.35372 0.32686 ( 3)
 122 -   0.16428 0.15514 0.34835 0.33223 ( 3)
 123 -   0.16243 0.15699 0.34440 0.33618 ( 3)
 124 -   0.16391 0.15551 0.34755 0.33303 ( 3)
 125 -   0.16589 0.15353 0.35180 0.32878 ( 3)
 126 -   0.16365 0.15577 0.34700 0.33358 ( 3)
 127 D   0.30379 0.01590 0.64633 0.03397 ( 3)
 128 V   0.22571 0.09390 0.47947 0.20092 ( 3)
 129 Y   0.31647 0.00317 0.67359 0.00677 ( 3)
 130 D   0.06179 0.25770 0.13006 0.55045 ( 4)
 131 T   0.11114 0.20849 0.23467 0.44569 ( 4)
 132 Q   0.05114 0.26848 0.10748 0.57290 ( 4)
 133 S   0.10115 0.21837 0.21354 0.46694 ( 4)
 134 V   0.03202 0.28757 0.06718 0.61323 ( 4)
 135 V   0.00359 0.31603 0.00750 0.67288 ( 4)
 136 S   0.09060 0.22896 0.19109 0.48935 ( 4)
 137 S   0.21833 0.10124 0.46375 0.21667 ( 3)
 138 Y   0.02060 0.29909 0.04315 0.63716 ( 4)
 139 K   0.00644 0.31317 0.01347 0.66691 ( 4)
 140 P   0.01586 0.30356 0.03325 0.64733 ( 4)
 141 T   0.03397 0.28567 0.07128 0.60908 ( 4)
 142 G   0.01251 0.30710 0.02620 0.65419 ( 4)
 143 G   0.00755 0.31208 0.01579 0.66458 ( 4)
 144 G   0.00237 0.31711 0.00496 0.67556 ( 4)
 145 H   0.17912 0.14051 0.37971 0.30066 ( 3)
 146 F   0.02314 0.29635 0.04853 0.63199 ( 4)
 147 G   0.09822 0.22126 0.20736 0.47316 ( 4)
 148 V   0.03895 0.28051 0.08184 0.59869 ( 4)
 149 P   0.30353 0.01606 0.64609 0.03432 ( 3)
 150 Q   0.06998 0.24956 0.14738 0.53309 ( 4)
 151 F   0.23585 0.08365 0.50145 0.17905 ( 3)
 152 R   0.04308 0.27650 0.09049 0.58993 ( 4)
 153 L   0.28368 0.03587 0.60376 0.07669 ( 3)
 154 F   0.04522 0.27439 0.09500 0.58538 ( 4)
 155 W   0.09935 0.22019 0.20969 0.47077 ( 4)
 156 I   0.30003 0.01963 0.63839 0.04194 ( 3)
 157 T   0.17368 0.14602 0.36794 0.31235 ( 3)
 158 K   0.00120 0.08568 0.07434 0.83878 ( 4)
 159 S   0.00438 0.31526 0.00916 0.67119 ( 4)
 160 N   0.15305 0.16665 0.32389 0.35641 ( 4)
 161 G   0.00019 0.31928 0.00039 0.68014 ( 4)
 162 L   0.16063 0.15888 0.34039 0.34010 ( 3)
 163 R   0.00039 0.31921 0.00082 0.67958 ( 4)
 164 E   0.16849 0.15103 0.35717 0.32330 ( 3)
 165 Q   0.02120 0.29847 0.04442 0.63591 ( 4)
 166 I   0.10303 0.21645 0.21759 0.46293 ( 4)
 167 F   0.31698 0.00252 0.67511 0.00539 ( 3)
 168 N   0.10702 0.21258 0.22593 0.45446 ( 4)
 169 Y   0.28283 0.03683 0.60163 0.07872 ( 3)
 170 A   0.21702 0.10250 0.46107 0.21941 ( 3)
 171 N   0.01757 0.30211 0.03680 0.64351 ( 4)
 172 N   0.01797 0.00154 0.96830 0.01219 ( 3)
 173 M   0.06035 0.25924 0.12695 0.55345 ( 4)
 174 G   0.17585 0.14369 0.37288 0.30758 ( 3)
 175 -   0.24450 0.07512 0.51968 0.16070 ( 3)
 176 S   0.06751 0.25214 0.14206 0.53829 ( 4)
 177 Y   0.00818 0.31143 0.01712 0.66327 ( 4)
 178 S   0.14663 0.17298 0.31032 0.37007 ( 4)
 179 A   0.00078 0.31883 0.00163 0.67876 ( 4)
 180 Y   0.08209 0.23741 0.17307 0.50743 ( 4)
 181 R   0.21911 0.10048 0.46538 0.21504 ( 3)
 182 F   0.21086 0.10877 0.44763 0.23274 ( 3)
 183 S   0.02689 0.29272 0.05638 0.62402 ( 4)
 184 K   0.03149 0.28816 0.06604 0.61431 ( 4)
 185 D   0.22235 0.09734 0.47209 0.20822 ( 3)
 186 E   0.14913 0.17041 0.31576 0.36469 ( 4)
 187 L   0.27101 0.04854 0.57664 0.10382 ( 3)
 188 P   0.16726 0.15221 0.35464 0.32589 ( 3)
 189 I   0.31393 0.00568 0.66826 0.01213 ( 3)
 190 E   0.31043 0.00918 0.66077 0.01961 ( 3)
 191 L   0.11672 0.20278 0.24670 0.43381 ( 4)
 192 L   0.27299 0.04651 0.58101 0.09949 ( 3)
 193 Q   0.01866 0.30085 0.03911 0.64138 ( 4)
 194 P   0.00308 0.31651 0.00645 0.67396 ( 4)
 195 P   0.31776 0.00183 0.67650 0.00391 ( 3)
 196 L   0.17337 0.14629 0.36736 0.31298 ( 3)
 197 F   0.20479 0.11484 0.43463 0.24574 ( 3)
 198 G   0.28903 0.03052 0.61520 0.06526 ( 3)
 199 D   0.30759 0.01210 0.65445 0.02585 ( 3)
 200 I   0.20053 0.11902 0.42569 0.25477 ( 3)
 201 E   0.22199 0.09754 0.47168 0.20879 ( 3)
 202 E   0.29591 0.02370 0.62973 0.05065 ( 3)
 203 Y   0.28680 0.03283 0.61019 0.07017 ( 3)
 204 S   0.29831 0.02131 0.63485 0.04553 ( 3)
 205 H   0.31861 0.00104 0.67814 0.00222 ( 3)
 206 R   0.30533 0.01412 0.65035 0.03020 ( 3)
 207 L   0.31435 0.00520 0.66935 0.01111 ( 3)
 208 S   0.31833 0.00134 0.67747 0.00286 ( 3)
 209 H   0.08831 0.23131 0.18616 0.49422 ( 4)
 210 V   0.30771 0.01193 0.65488 0.02548 ( 3)
 211 S   0.19170 0.12782 0.40684 0.27364 ( 3)
 212 E   0.28534 0.03428 0.60712 0.07327 ( 3)
 213 V   0.21955 0.10011 0.46616 0.21418 ( 3)
 214 I   0.25839 0.06126 0.54935 0.13100 ( 3)
 215 K   0.30961 0.01003 0.65895 0.02141 ( 3)
 216 D   0.17941 0.14012 0.38051 0.29996 ( 3)
 217 Y   0.15448 0.16516 0.32703 0.35333 ( 4)
 218 G   0.17523 0.14425 0.37167 0.30885 ( 3)
 219 E   0.00202 0.31763 0.00422 0.67614 ( 4)
 220 G   0.18955 0.12999 0.40219 0.27827 ( 3)
 221 I   0.13214 0.18745 0.27945 0.40097 ( 4)
 222 I   0.27431 0.04535 0.58338 0.09696 ( 3)
 223 P   0.29751 0.02203 0.63336 0.04709 ( 3)
 224 V   0.24279 0.07668 0.51639 0.16414 ( 3)
 225 L   0.30207 0.01748 0.64310 0.03736 ( 3)
 226 G   0.31434 0.00513 0.66957 0.01096 ( 3)
 227 W   0.14022 0.17926 0.29684 0.38367 ( 4)
 228 T   0.31201 0.00758 0.66422 0.01619 ( 3)
 229 H   0.31861 0.00103 0.67816 0.00220 ( 3)
 230 V   0.31347 0.00611 0.66737 0.01305 ( 3)
 231 S   0.27912 0.04030 0.59437 0.08621 ( 3)

