Supplemental results for CODEML (seqf: algn  treef: tree)


dN/dS (w) for site classes (K=4)

site class             0        1       2a       2b
proportion       0.00000  0.00000  0.54420  0.45580
background w     0.12695  0.77949  0.12695  0.77949
foreground w     0.12695  0.77949  0.00000  0.00000

Naive Empirical Bayes (NEB) probabilities for 4 classes
(amino acids refer to 1st sequence: BT_Cry18Aa1)

   1 -   0.00000 0.00000 0.99884 0.00116 ( 3)
   2 L   0.00000 0.00000 0.99950 0.00050 ( 3)
   3 Y   0.00000 0.00000 0.00010 0.99990 ( 4)
   4 V   0.00000 0.00000 0.99509 0.00491 ( 3)
   5 S   0.00000 0.00000 0.97949 0.02051 ( 3)
   6 T   0.00000 0.00000 0.97809 0.02191 ( 3)
   7 S   0.00000 0.00000 0.98053 0.01947 ( 3)
   8 A   0.00000 0.00000 0.99989 0.00011 ( 3)
   9 N   0.00000 0.00000 0.99998 0.00002 ( 3)
  10 L   0.00000 0.00000 0.99840 0.00160 ( 3)
  11 Y   0.00000 0.00000 0.99676 0.00324 ( 3)
  12 N   0.00000 0.00000 0.99164 0.00836 ( 3)
  13 I   0.00000 0.00000 0.39805 0.60195 ( 4)
  14 G   0.00000 0.00000 0.99969 0.00031 ( 3)
  15 D   0.00000 0.00000 0.94355 0.05645 ( 3)
  16 N   0.00000 0.00000 0.97985 0.02015 ( 3)
  17 K   0.00000 0.00000 0.02337 0.97663 ( 4)
  18 V   0.00000 0.00000 0.00052 0.99948 ( 4)
  19 N   0.00000 0.00000 0.27219 0.72781 ( 4)
  20 E   0.00000 0.00000 0.08190 0.91810 ( 4)
  21 G   0.00000 0.00000 0.91881 0.08119 ( 3)
  22 A   0.00000 0.00000 0.12230 0.87770 ( 4)
  23 Y   0.00000 0.00000 0.99984 0.00016 ( 3)
  24 P   0.00000 0.00000 0.95792 0.04208 ( 3)
  25 I   0.00000 0.00000 0.86342 0.13658 ( 3)
  26 S   0.00000 0.00000 0.47582 0.52418 ( 4)
  27 Y   0.00000 0.00000 0.14761 0.85239 ( 4)
  28 G   0.00000 0.00000 0.89539 0.10461 ( 3)
  29 P   0.00000 0.00000 0.98772 0.01228 ( 3)
  30 F   0.00000 0.00000 0.99992 0.00008 ( 3)
  31 F   0.00000 0.00000 0.99729 0.00271 ( 3)
  32 N   0.00000 0.00000 0.80060 0.19940 ( 3)
  33 S   0.00000 0.00000 0.99821 0.00179 ( 3)
  34 Y   0.00000 0.00000 0.99835 0.00165 ( 3)
  35 I   0.00000 0.00000 0.98920 0.01080 ( 3)
  36 Q   0.00000 0.00000 0.99728 0.00272 ( 3)
  37 T   0.00000 0.00000 0.99581 0.00419 ( 3)
  38 K   0.00000 0.00000 0.99989 0.00011 ( 3)
  39 S   0.00000 0.00000 0.73446 0.26554 ( 3)
  40 N   0.00000 0.00000 0.99998 0.00002 ( 3)
  41 Y   0.00000 0.00000 0.99991 0.00009 ( 3)
  42 V   0.00000 0.00000 0.68559 0.31441 ( 3)
  43 L   0.00000 0.00000 0.84161 0.15839 ( 3)
  44 S   0.00000 0.00000 0.27804 0.72196 ( 4)
  45 G   0.00000 0.00000 0.96878 0.03122 ( 3)
  46 V   0.00000 0.00000 0.03905 0.96095 ( 4)
  47 S   0.00000 0.00000 0.67541 0.32459 ( 3)
  48 G   0.00000 0.00000 0.99964 0.00036 ( 3)
  49 I   0.00000 0.00000 0.00026 0.99974 ( 4)
  50 G   0.00000 0.00000 0.32438 0.67562 ( 4)
  51 A   0.00000 0.00000 0.00000 1.00000 ( 4)
  52 R   0.00000 0.00000 0.00095 0.99905 ( 4)
  53 F   0.00000 0.00000 0.00000 1.00000 ( 4)
  54 T   0.00000 0.00000 0.00077 0.99923 ( 4)
  55 Y   0.00000 0.00000 0.94838 0.05162 ( 3)
  56 -   0.00000 0.00000 0.97304 0.02696 ( 3)
  57 -   0.00000 0.00000 0.04028 0.95972 ( 4)
  58 -   0.00000 0.00000 0.00461 0.99539 ( 4)
  59 S   0.00000 0.00000 0.04678 0.95322 ( 4)
  60 T   0.00000 0.00000 0.02162 0.97838 ( 4)
  61 V   0.00000 0.00000 0.13138 0.86862 ( 4)
  62 -   0.00000 0.00000 0.54420 0.45580 ( 3)
  63 -   0.00000 0.00000 0.54420 0.45580 ( 3)
  64 L   0.00000 0.00000 0.45113 0.54887 ( 4)
  65 G   0.00000 0.00000 0.99815 0.00185 ( 3)
  66 R   0.00000 0.00000 0.00000 1.00000 ( 4)
  67 Y   0.00000 0.00000 0.16860 0.83140 ( 4)
  68 L   0.00000 0.00000 0.69387 0.30613 ( 3)
  69 H   0.00000 0.00000 0.02874 0.97126 ( 4)
  70 D   0.00000 0.00000 0.10230 0.89770 ( 4)
  71 D   0.00000 0.00000 0.00007 0.99993 ( 4)
  72 L   0.00000 0.00000 0.94479 0.05521 ( 3)
  73 K   0.00000 0.00000 0.07998 0.92002 ( 4)
  74 N   0.00000 0.00000 0.00054 0.99946 ( 4)
  75 I   0.00000 0.00000 0.41346 0.58654 ( 4)
  76 I   0.00000 0.00000 0.30174 0.69826 ( 4)
  77 T   0.00000 0.00000 0.21952 0.78048 ( 4)
  78 T   0.00000 0.00000 0.99835 0.00165 ( 3)
  79 Y   0.00000 0.00000 0.99982 0.00018 ( 3)
  80 V   0.00000 0.00000 0.00908 0.99092 ( 4)
  81 G   0.00000 0.00000 0.99903 0.00097 ( 3)
  82 G   0.00000 0.00000 0.97776 0.02224 ( 3)
  83 T   0.00000 0.00000 0.25679 0.74321 ( 4)
  84 Q   0.00000 0.00000 0.04528 0.95472 ( 4)
  85 G   0.00000 0.00000 0.99440 0.00560 ( 3)
  86 P   0.00000 0.00000 0.96140 0.03860 ( 3)
  87 N   0.00000 0.00000 0.00000 1.00000 ( 4)
  88 I   0.00000 0.00000 0.99627 0.00373 ( 3)
  89 G   0.00000 0.00000 0.96573 0.03427 ( 3)
  90 V   0.00000 0.00000 0.00000 1.00000 ( 4)
  91 Q   0.00000 0.00000 0.40047 0.59953 ( 4)
  92 L   0.00000 0.00000 0.95908 0.04092 ( 3)
  93 S   0.00000 0.00000 0.82734 0.17266 ( 3)
  94 T   0.00000 0.00000 0.76642 0.23358 ( 3)
  95 T   0.00000 0.00000 0.69613 0.30387 ( 3)
  96 E   0.00000 0.00000 0.77272 0.22728 ( 3)
  97 L   0.00000 0.00000 0.63364 0.36636 ( 3)
  98 D   0.00000 0.00000 0.85166 0.14834 ( 3)
  99 E   0.00000 0.00000 0.07521 0.92479 ( 4)
 100 L   0.00000 0.00000 0.24562 0.75438 ( 4)
 101 K   0.00000 0.00000 0.54420 0.45580 ( 3)
 102 K   0.00000 0.00000 0.06638 0.93362 ( 4)
 103 Q   0.00000 0.00000 0.28573 0.71427 ( 4)
 104 Q   0.00000 0.00000 0.71256 0.28744 ( 3)
 105 Q   0.00000 0.00000 0.71256 0.28744 ( 3)
 106 A   0.00000 0.00000 0.84022 0.15978 ( 3)
 107 T   0.00000 0.00000 0.22697 0.77303 ( 4)
 108 R   0.00000 0.00000 0.05664 0.94336 ( 4)
 109 D   0.00000 0.00000 0.42513 0.57487 ( 4)
 110 S   0.00000 0.00000 0.01158 0.98842 ( 4)
 111 L   0.00000 0.00000 0.17500 0.82500 ( 4)
 112 V   0.00000 0.00000 0.00000 1.00000 ( 4)
 113 D   0.00000 0.00000 0.00027 0.99973 ( 4)
 114 F   0.00000 0.00000 0.00195 0.99805 ( 4)
 115 Q   0.00000 0.00000 0.00212 0.99788 ( 4)
 116 F   0.00000 0.00000 0.00022 0.99978 ( 4)
 117 F   0.00000 0.00000 0.62294 0.37706 ( 3)
 118 T   0.00000 0.00000 0.97035 0.02965 ( 3)
 119 L   0.00000 0.00000 0.25680 0.74320 ( 4)
 120 N   0.00000 0.00000 0.04933 0.95067 ( 4)
 121 C   0.00000 0.00000 0.01150 0.98850 ( 4)
 122 M   0.00000 0.00000 0.04580 0.95420 ( 4)
 123 L   0.00000 0.00000 0.00109 0.99891 ( 4)
 124 P   0.00000 0.00000 0.00126 0.99874 ( 4)
 125 N   0.00000 0.00000 0.66985 0.33015 ( 3)
 126 P   0.00000 0.00000 0.99706 0.00294 ( 3)
 127 I   0.00000 0.00000 0.53492 0.46508 ( 3)
 128 T   0.00000 0.00000 0.00003 0.99997 ( 4)
 129 A   0.00000 0.00000 0.78874 0.21126 ( 3)
 130 P   0.00000 0.00000 0.98392 0.01608 ( 3)
 131 Y   0.00000 0.00000 0.99801 0.00199 ( 3)
 132 F   0.00000 0.00000 0.95259 0.04741 ( 3)
 133 A   0.00000 0.00000 0.98973 0.01027 ( 3)
 134 T   0.00000 0.00000 0.98001 0.01999 ( 3)
 135 S   0.00000 0.00000 0.10160 0.89840 ( 4)
 136 L   0.00000 0.00000 0.93916 0.06084 ( 3)
 137 Y   0.00000 0.00000 0.96095 0.03905 ( 3)
 138 E   0.00000 0.00000 0.90265 0.09735 ( 3)
 139 S   0.00000 0.00000 0.31744 0.68256 ( 4)
 140 R   0.00000 0.00000 0.00003 0.99997 ( 4)
 141 -   0.00000 0.00000 0.99043 0.00957 ( 3)
 142 -   0.00000 0.00000 0.19259 0.80741 ( 4)
 143 -   0.00000 0.00000 0.10011 0.89989 ( 4)
 144 Y   0.00000 0.00000 0.00607 0.99393 ( 4)
 145 S   0.00000 0.00000 0.01069 0.98931 ( 4)
 146 S   0.00000 0.00000 0.00149 0.99851 ( 4)
 147 I   0.00000 0.00000 0.00276 0.99724 ( 4)
 148 G   0.00000 0.00000 0.00000 1.00000 ( 4)
 149 G   0.00000 0.00000 0.01366 0.98634 ( 4)
 150 Y   0.00000 0.00000 0.97278 0.02722 ( 3)
 151 L   0.00000 0.00000 0.10112 0.89888 ( 4)
 152 R   0.00000 0.00000 0.00249 0.99751 ( 4)
 153 K   0.00000 0.00000 0.56618 0.43382 ( 3)
 154 D   0.00000 0.00000 0.67294 0.32706 ( 3)
 155 V   0.00000 0.00000 0.00165 0.99835 ( 4)
 156 F   0.00000 0.00000 0.99997 0.00003 ( 3)
 157 K   0.00000 0.00000 0.00005 0.99995 ( 4)
 158 S   0.00000 0.00000 0.68095 0.31905 ( 3)
 159 E   0.00000 0.00000 0.89898 0.10102 ( 3)
 160 D   0.00000 0.00000 0.00630 0.99370 ( 4)
 161 S   0.00000 0.00000 0.56757 0.43243 ( 3)
 162 T   0.00000 0.00000 0.11148 0.88852 ( 4)
 163 C   0.00000 0.00000 0.07286 0.92714 ( 4)
 164 G   0.00000 0.00000 0.02714 0.97286 ( 4)
 165 L   0.00000 0.00000 0.86396 0.13604 ( 3)
 166 G   0.00000 0.00000 0.65558 0.34442 ( 3)
 167 -   0.00000 0.00000 0.78186 0.21814 ( 3)
 168 -   0.00000 0.00000 0.40657 0.59343 ( 4)
 169 -   0.00000 0.00000 0.54420 0.45580 ( 3)
 170 -   0.00000 0.00000 0.54420 0.45580 ( 3)
 171 -   0.00000 0.00000 0.54420 0.45580 ( 3)
 172 -   0.00000 0.00000 0.54420 0.45580 ( 3)
 173 -   0.00000 0.00000 0.95833 0.04167 ( 3)
 174 -   0.00000 0.00000 0.00014 0.99986 ( 4)
 175 N   0.00000 0.00000 0.01703 0.98297 ( 4)
 176 P   0.00000 0.00000 0.12691 0.87309 ( 4)
 177 G   0.00000 0.00000 0.58518 0.41482 ( 3)
 178 A   0.00000 0.00000 0.80833 0.19167 ( 3)
 179 W   0.00000 0.00000 0.01238 0.98762 ( 4)
 180 T   0.00000 0.00000 0.98918 0.01082 ( 3)
 181 S   0.00000 0.00000 0.97377 0.02623 ( 3)
 182 Y   0.00000 0.00000 0.11547 0.88453 ( 4)
 183 P   0.00000 0.00000 0.99440 0.00560 ( 3)
 184 D   0.00000 0.00000 0.99982 0.00018 ( 3)
 185 Y   0.00000 0.00000 0.99991 0.00009 ( 3)
 186 Y   0.00000 0.00000 0.99957 0.00043 ( 3)
 187 I   0.00000 0.00000 0.99887 0.00113 ( 3)
 188 T   0.00000 0.00000 0.97121 0.02879 ( 3)
 189 N   0.00000 0.00000 0.99997 0.00003 ( 3)
 190 I   0.00000 0.00000 0.99994 0.00006 ( 3)
 191 S   0.00000 0.00000 0.99984 0.00016 ( 3)
 192 A   0.00000 0.00000 0.98347 0.01653 ( 3)
 193 T   0.00000 0.00000 0.99415 0.00585 ( 3)
 194 V   0.00000 0.00000 0.52146 0.47854 ( 3)
 195 Q   0.00000 0.00000 0.06622 0.93378 ( 4)
 196 I   0.00000 0.00000 0.00104 0.99896 ( 4)
 197 N   0.00000 0.00000 0.02711 0.97289 ( 4)
 198 G   0.00000 0.00000 0.50864 0.49136 ( 3)
 199 E   0.00000 0.00000 0.06187 0.93813 ( 4)
 200 N   0.00000 0.00000 0.46617 0.53383 ( 4)
 201 T   0.00000 0.00000 0.97350 0.02650 ( 3)
 202 D   0.00000 0.00000 0.94279 0.05721 ( 3)
 203 T   0.00000 0.00000 0.00093 0.99907 ( 4)
 204 T   0.00000 0.00000 0.85428 0.14572 ( 3)
 205 P   0.00000 0.00000 0.98579 0.01421 ( 3)
 206 L   0.00000 0.00000 0.99767 0.00233 ( 3)
 207 Y   0.00000 0.00000 0.04838 0.95162 ( 4)
 208 F   0.00000 0.00000 0.99585 0.00415 ( 3)
 209 K   0.00000 0.00000 0.75149 0.24851 ( 3)
 210 E   0.00000 0.00000 0.91763 0.08237 ( 3)
 211 N   0.00000 0.00000 0.41521 0.58479 ( 4)
 212 R   0.00000 0.00000 0.99962 0.00038 ( 3)
 213 P   0.00000 0.00000 0.80827 0.19173 ( 3)
 214 I   0.00000 0.00000 0.99406 0.00594 ( 3)
 215 T   0.00000 0.00000 0.01111 0.98889 ( 4)
 216 S   0.00000 0.00000 0.00434 0.99566 ( 4)
 217 T   0.00000 0.00000 0.98358 0.01642 ( 3)
 218 R   0.00000 0.00000 0.00059 0.99941 ( 4)
 219 -   0.00000 0.00000 0.54420 0.45580 ( 3)
 220 -   0.00000 0.00000 0.54420 0.45580 ( 3)
 221 -   0.00000 0.00000 0.54420 0.45580 ( 3)
 222 -   0.00000 0.00000 0.58121 0.41879 ( 3)
 223 -   0.00000 0.00000 0.94918 0.05082 ( 3)
 224 -   0.00000 0.00000 0.32474 0.67526 ( 4)
 225 -   0.00000 0.00000 0.34811 0.65189 ( 4)
 226 -   0.00000 0.00000 0.15171 0.84829 ( 4)
 227 G   0.00000 0.00000 0.00058 0.99942 ( 4)
 228 V   0.00000 0.00000 0.80921 0.19079 ( 3)
 229 N   0.00000 0.00000 0.93668 0.06332 ( 3)
 230 K   0.00000 0.00000 0.16486 0.83514 ( 4)
 231 V   0.00000 0.00000 0.02127 0.97873 ( 4)
 232 I   0.00000 0.00000 0.99409 0.00591 ( 3)
 233 A   0.00000 0.00000 0.96156 0.03843 ( 3)
 234 -   0.00000 0.00000 0.86233 0.13767 ( 3)
 235 -   0.00000 0.00000 0.99727 0.00273 ( 3)
 236 -   0.00000 0.00000 0.99756 0.00244 ( 3)
 237 -   0.00000 0.00000 0.95535 0.04465 ( 3)


lnL = -5780.940511

