Supplemental results for CODEML (seqf: algn  treef: tree)


dN/dS (w) for site classes (K=4)

site class             0        1       2a       2b
proportion       0.35924  0.40840  0.10874  0.12362
background w     0.15854  1.00000  0.15854  1.00000
foreground w     0.15854  1.00000  5.69034  5.69034

Naive Empirical Bayes (NEB) probabilities for 4 classes
(amino acids refer to 1st sequence: BT_Cry24Ca1)

   1 -   0.35924 0.40840 0.10874 0.12362 ( 2)
   2 -   0.84838 0.14214 0.00504 0.00444 ( 1)
   3 A   0.00264 0.97446 0.00067 0.02223 ( 2)
   4 D   0.99999 0.00000 0.00001 0.00000 ( 1)
   5 K   0.99078 0.00922 0.00000 0.00000 ( 1)
   6 I   0.99999 0.00001 0.00000 0.00000 ( 1)
   7 T   0.98319 0.00250 0.01431 0.00001 ( 1)
   8 Q   0.99999 0.00001 0.00001 0.00000 ( 1)
   9 I   0.99999 0.00000 0.00000 0.00000 ( 1)
  10 P   0.99781 0.00012 0.00208 0.00000 ( 1)
  11 A   0.99997 0.00003 0.00000 0.00000 ( 1)
  12 V   0.99936 0.00028 0.00036 0.00000 ( 1)
  13 K   0.99999 0.00001 0.00000 0.00000 ( 1)
  14 T   0.99664 0.00336 0.00000 0.00000 ( 1)
  15 W   0.00319 0.99680 0.00000 0.00001 ( 2)
  16 E   0.00001 0.99881 0.00000 0.00119 ( 2)
  17 I   0.39389 0.60238 0.00272 0.00101 ( 2)
  18 R   0.00002 0.99605 0.00000 0.00394 ( 2)
  19 G   0.00003 0.01919 0.87583 0.10495 ( 3)
  20 -   0.00101 0.57493 0.02831 0.39575 ( 2)
  21 -   0.26074 0.72967 0.00114 0.00845 ( 2)
  22 -   0.35924 0.40840 0.10874 0.12362 ( 2)
  23 -   0.00969 0.31301 0.28903 0.38827 ( 4)
  24 -   0.00854 0.24851 0.33001 0.41294 ( 4)
  25 T   0.00000 0.00313 0.00069 0.99618 ( 4)
  26 S   0.22517 0.74957 0.02232 0.00293 ( 2)
  27 S   0.00000 0.01403 0.00466 0.98131 ( 4)
  28 V   0.99993 0.00003 0.00004 0.00000 ( 1)
  29 V   0.00144 0.04548 0.89715 0.05593 ( 3)
  30 A   0.10725 0.89257 0.00004 0.00014 ( 2)
  31 G   0.99996 0.00003 0.00000 0.00000 ( 1)
  32 P   0.98797 0.00004 0.01199 0.00000 ( 1)
  33 G   1.00000 0.00000 0.00000 0.00000 ( 1)
  34 N   0.00001 0.98136 0.00001 0.01862 ( 2)
  35 T   1.00000 0.00000 0.00000 0.00000 ( 1)
  36 G   0.99998 0.00002 0.00001 0.00000 ( 1)
  37 G   0.99996 0.00003 0.00000 0.00000 ( 1)
  38 N   0.99995 0.00001 0.00005 0.00000 ( 1)
  39 L   0.99576 0.00415 0.00009 0.00000 ( 1)
  40 V   0.99984 0.00015 0.00000 0.00000 ( 1)
  41 K   0.00000 0.15579 0.02314 0.82107 ( 4)
  42 M   0.99346 0.00653 0.00001 0.00000 ( 1)
  43 S   0.00004 0.39484 0.09885 0.50627 ( 4)
  44 -   0.35924 0.40840 0.10874 0.12362 ( 2)
  45 Y   0.00000 0.72732 0.00002 0.27265 ( 2)
  46 H   0.00000 0.12224 0.00000 0.87776 ( 4)
  47 S   0.00018 0.04257 0.87774 0.07951 ( 3)
  48 V   0.00011 0.99963 0.00000 0.00026 ( 2)
  49 -   0.13400 0.63364 0.04056 0.19180 ( 2)
  50 -   0.40710 0.36054 0.12323 0.10913 ( 1)
  51 -   0.35924 0.40840 0.10874 0.12362 ( 2)
  52 -   0.10695 0.66069 0.03237 0.19999 ( 2)
  53 -   0.56154 0.20610 0.16998 0.06239 ( 1)
  54 W   0.62648 0.37348 0.00001 0.00003 ( 1)
  55 N   0.00870 0.99128 0.00000 0.00001 ( 2)
  56 I   0.99996 0.00004 0.00000 0.00000 ( 1)
  57 K   0.01147 0.98852 0.00000 0.00001 ( 2)
  58 F   0.27892 0.72103 0.00000 0.00005 ( 2)
  59 T   0.00015 0.99479 0.00006 0.00499 ( 2)
  60 C   0.00005 0.99978 0.00000 0.00017 ( 2)
  61 -   0.02545 0.97448 0.00000 0.00007 ( 2)
  62 -   0.49070 0.27694 0.14853 0.08383 ( 1)
  63 -   0.47832 0.28931 0.14479 0.08757 ( 1)
  64 -   0.25017 0.51747 0.07573 0.15664 ( 2)
  65 Q   0.00000 0.16554 0.00004 0.83442 ( 4)
  66 Q   0.00000 0.98140 0.00000 0.01860 ( 2)
  67 L   0.00173 0.99823 0.00000 0.00005 ( 2)
  68 K   0.70243 0.29757 0.00000 0.00000 ( 1)
  69 R   0.03533 0.96466 0.00000 0.00000 ( 2)
  70 Y   0.99238 0.00523 0.00237 0.00003 ( 1)
  71 R   0.64954 0.34740 0.00277 0.00030 ( 1)
  72 V   0.99978 0.00022 0.00000 0.00000 ( 1)
  73 R   0.99999 0.00001 0.00000 0.00000 ( 1)
  74 I   0.97531 0.00402 0.02066 0.00001 ( 1)
  75 R   0.98349 0.00007 0.01643 0.00000 ( 1)
  76 Y   0.99999 0.00000 0.00001 0.00000 ( 1)
  77 A   0.00000 0.00000 0.99989 0.00010 ( 3)
  78 S   0.52688 0.00155 0.47156 0.00001 ( 1)
  79 D   0.00000 0.00058 0.02401 0.97540 ( 4)
  80 G   0.00000 0.00011 0.00081 0.99908 ( 4)
  81 N   0.00000 0.00575 0.00110 0.99315 ( 4)
  82 C   0.94088 0.05912 0.00001 0.00000 ( 1)
  83 Q   0.00000 0.00019 0.00119 0.99862 ( 4)
  84 L   0.00005 0.83929 0.00281 0.15785 ( 2)
  85 A   0.00000 0.00680 0.00002 0.99318 ( 4)
  86 M   0.51169 0.48830 0.00000 0.00001 ( 1)
  87 R   0.00000 0.99963 0.00000 0.00037 ( 2)
  88 R   0.07880 0.92120 0.00000 0.00000 ( 2)
  89 -   0.01209 0.75555 0.00366 0.22870 ( 2)
  90 W   0.00117 0.99342 0.00000 0.00540 ( 2)
  91 -   0.02054 0.74710 0.00622 0.22615 ( 2)
  92 -   0.02401 0.74362 0.00727 0.22509 ( 2)
  93 -   0.01650 0.75114 0.00499 0.22737 ( 2)
  94 R   0.00816 0.75948 0.00247 0.22989 ( 2)
  95 G   0.00573 0.76190 0.00174 0.23063 ( 2)
  96 G   0.01750 0.97077 0.00011 0.01162 ( 2)
  97 P   0.00000 0.95849 0.00000 0.04151 ( 2)
  98 G   0.00584 0.99416 0.00000 0.00000 ( 2)
  99 Y   0.00000 0.99954 0.00000 0.00046 ( 2)
 100 V   0.00000 0.02847 0.00002 0.97151 ( 4)
 101 Q   0.00000 0.24132 0.00000 0.75868 ( 4)
 102 -   0.35924 0.40840 0.10874 0.12362 ( 2)
 103 E   0.00016 0.99975 0.00000 0.00009 ( 2)
 104 A   0.00000 0.30869 0.00003 0.69127 ( 4)
 105 R   0.00000 0.23275 0.00004 0.76721 ( 4)
 106 H   0.99791 0.00209 0.00000 0.00000 ( 1)
 107 T   0.00000 0.00014 0.03589 0.96397 ( 4)
 108 V   0.00000 0.00499 0.08639 0.90862 ( 4)
 109 Q   0.00013 0.97714 0.00014 0.02259 ( 2)
 110 R   0.00000 0.00518 0.00031 0.99451 ( 4)
 111 T   0.55630 0.41551 0.02174 0.00645 ( 1)
 112 F   0.01138 0.37403 0.54256 0.07203 ( 3)
 113 S   0.00000 0.00005 0.04982 0.95012 ( 4)
 114 -   0.28784 0.47980 0.08713 0.14523 ( 2)
 115 G   0.67737 0.09026 0.20504 0.02732 ( 1)
 116 S   0.00500 0.76264 0.00151 0.23085 ( 2)
 117 M   0.52118 0.24646 0.15776 0.07460 ( 1)
 118 T   0.75781 0.00983 0.22939 0.00298 ( 1)
 119 Y   0.00000 0.00004 0.99953 0.00043 ( 3)
 120 D   0.00011 0.16034 0.54954 0.29001 ( 3)
 121 S   0.00000 0.58436 0.00074 0.41490 ( 2)
 122 F   0.99933 0.00000 0.00067 0.00000 ( 1)
 123 K   0.00003 0.83013 0.00043 0.16941 ( 2)
 124 Y   1.00000 0.00000 0.00000 0.00000 ( 1)
 125 L   0.00415 0.38646 0.33492 0.27447 ( 2)
 126 D   0.14487 0.39598 0.43593 0.02321 ( 3)
 127 I   0.99382 0.00555 0.00062 0.00001 ( 1)
 128 F   0.42386 0.57589 0.00004 0.00021 ( 2)
 129 T   0.99799 0.00201 0.00000 0.00000 ( 1)
 130 M   0.54864 0.45136 0.00000 0.00000 ( 1)
 131 P   0.55158 0.44842 0.00000 0.00000 ( 1)
 132 A   0.00959 0.99041 0.00000 0.00000 ( 2)
 133 -   0.38563 0.38201 0.11673 0.11563 ( 1)
 134 -   0.45873 0.30891 0.13886 0.09351 ( 1)
 135 -   0.46282 0.30482 0.14009 0.09227 ( 1)
 136 -   0.07385 0.69379 0.02235 0.21001 ( 2)
 137 -   0.69243 0.07521 0.20960 0.02277 ( 1)
 138 E   0.00237 0.99744 0.00000 0.00018 ( 2)
 139 D   0.07053 0.92940 0.00000 0.00007 ( 2)
 140 Y   0.00025 0.93841 0.00107 0.06027 ( 2)
 141 T   0.00001 0.99967 0.00000 0.00032 ( 2)
 142 F   0.99809 0.00191 0.00000 0.00000 ( 1)
 143 N   0.97556 0.02443 0.00001 0.00000 ( 1)
 144 L   0.89292 0.10705 0.00002 0.00001 ( 1)
 145 T   0.01884 0.98115 0.00000 0.00000 ( 2)
 146 I   0.99938 0.00062 0.00000 0.00000 ( 1)
 147 D   0.00426 0.99210 0.00042 0.00323 ( 2)
 148 -   0.43485 0.33278 0.13163 0.10073 ( 1)
 149 -   0.42930 0.33834 0.12995 0.10241 ( 1)
 150 -   0.41501 0.35263 0.12562 0.10674 ( 1)
 151 L   0.99524 0.00476 0.00000 0.00000 ( 1)
 152 E   0.00001 0.93938 0.00004 0.06057 ( 2)
 153 S   0.00000 0.93541 0.00004 0.06454 ( 2)
 154 G   0.00656 0.47104 0.41484 0.10756 ( 2)
 155 G   0.00000 0.00008 0.01821 0.98171 ( 4)
 156 A   0.00000 0.91209 0.00000 0.08791 ( 2)
 157 L   0.75438 0.24037 0.00511 0.00014 ( 1)
 158 Y   0.00020 0.10751 0.49876 0.39352 ( 3)
 159 I   0.79609 0.20165 0.00216 0.00010 ( 1)
 160 D   0.99982 0.00006 0.00012 0.00000 ( 1)
 161 K   1.00000 0.00000 0.00000 0.00000 ( 1)
 162 I   0.92071 0.07881 0.00047 0.00002 ( 1)
 163 E   0.99999 0.00000 0.00000 0.00000 ( 1)
 164 F   0.99130 0.00855 0.00015 0.00000 ( 1)
 165 -   0.71095 0.00014 0.28889 0.00002 ( 1)
 166 -   0.87769 0.10444 0.01425 0.00362 ( 1)


lnL = -6361.313796

Bayes Empirical Bayes (BEB) probabilities for 4 classes (class)
(amino acids refer to 1st sequence: BT_Cry24Ca1)

   1 -   0.34952 0.41713 0.10700 0.12635 ( 2)
   2 -   0.84180 0.14849 0.00503 0.00468 ( 1)
   3 A   0.00183 0.97409 0.00056 0.02352 ( 2)
   4 D   0.99999 0.00000 0.00001 0.00000 ( 1)
   5 K   0.98896 0.01104 0.00000 0.00000 ( 1)
   6 I   0.99999 0.00001 0.00000 0.00000 ( 1)
   7 T   0.97946 0.00261 0.01793 0.00001 ( 1)
   8 Q   0.99998 0.00001 0.00001 0.00000 ( 1)
   9 I   1.00000 0.00000 0.00000 0.00000 ( 1)
  10 P   0.99764 0.00012 0.00225 0.00000 ( 1)
  11 A   0.99997 0.00003 0.00000 0.00000 ( 1)
  12 V   0.99933 0.00027 0.00040 0.00000 ( 1)
  13 K   0.99999 0.00001 0.00000 0.00000 ( 1)
  14 T   0.99621 0.00379 0.00000 0.00000 ( 1)
  15 W   0.00205 0.99793 0.00000 0.00002 ( 2)
  16 E   0.00000 0.99842 0.00000 0.00158 ( 2)
  17 I   0.33598 0.65958 0.00313 0.00131 ( 2)
  18 R   0.00001 0.99540 0.00000 0.00459 ( 2)
  19 G   0.00002 0.02481 0.85419 0.12097 ( 3)
  20 -   0.00075 0.57947 0.02442 0.39536 ( 2)
  21 -   0.23818 0.75184 0.00107 0.00891 ( 2)
  22 -   0.34952 0.41713 0.10700 0.12635 ( 2)
  23 -   0.00841 0.31726 0.28179 0.39253 ( 4)
  24 -   0.00746 0.25291 0.32139 0.41823 ( 4)
  25 T   0.00000 0.00325 0.00047 0.99629 ( 4)
  26 S   0.17610 0.79644 0.02387 0.00359 ( 2)
  27 S   0.00000 0.01659 0.00339 0.98002 ( 4)
  28 V   0.99992 0.00003 0.00006 0.00000 ( 1)
  29 V   0.00136 0.06024 0.87691 0.06149 ( 3)
  30 A   0.08121 0.91857 0.00004 0.00019 ( 2)
  31 G   0.99996 0.00003 0.00000 0.00000 ( 1)
  32 P   0.98203 0.00004 0.01793 0.00000 ( 1)
  33 G   1.00000 0.00000 0.00000 0.00000 ( 1)
  34 N   0.00000 0.97956 0.00001 0.02042 ( 2)
  35 T   1.00000 0.00000 0.00000 0.00000 ( 1)
  36 G   0.99997 0.00001 0.00001 0.00000 ( 1)
  37 G   0.99996 0.00003 0.00001 0.00000 ( 1)
  38 N   0.99992 0.00001 0.00007 0.00000 ( 1)
  39 L   0.99527 0.00459 0.00013 0.00000 ( 1)
  40 V   0.99985 0.00015 0.00000 0.00000 ( 1)
  41 K   0.00000 0.17212 0.01761 0.81026 ( 4)
  42 M   0.99293 0.00705 0.00002 0.00000 ( 1)
  43 S   0.00002 0.42817 0.07519 0.49662 ( 4)
  44 -   0.34952 0.41713 0.10700 0.12635 ( 2)
  45 Y   0.00000 0.73732 0.00001 0.26267 ( 2)
  46 H   0.00000 0.12918 0.00000 0.87082 ( 4)
  47 S   0.00016 0.05742 0.85322 0.08920 ( 3)
  48 V   0.00007 0.99951 0.00000 0.00042 ( 2)
  49 -   0.12094 0.64571 0.03715 0.19620 ( 2)
  50 -   0.39745 0.36920 0.12158 0.11176 ( 1)
  51 -   0.34952 0.41713 0.10700 0.12635 ( 2)
  52 -   0.09586 0.67079 0.02946 0.20389 ( 2)
  53 -   0.55255 0.21411 0.16865 0.06469 ( 1)
  54 W   0.57980 0.42013 0.00001 0.00005 ( 1)
  55 N   0.00581 0.99416 0.00000 0.00002 ( 2)
  56 I   0.99996 0.00004 0.00000 0.00000 ( 1)
  57 K   0.00800 0.99197 0.00000 0.00002 ( 2)
  58 F   0.22608 0.77383 0.00000 0.00008 ( 2)
  59 T   0.00009 0.99425 0.00005 0.00561 ( 2)
  60 C   0.00003 0.99968 0.00000 0.00029 ( 2)
  61 -   0.01863 0.98127 0.00000 0.00010 ( 2)
  62 -   0.48193 0.28472 0.14725 0.08610 ( 1)
  63 -   0.46933 0.29732 0.14342 0.08993 ( 1)
  64 -   0.23119 0.53546 0.07090 0.16245 ( 2)
  65 Q   0.00000 0.17212 0.00003 0.82786 ( 4)
  66 Q   0.00000 0.98053 0.00000 0.01947 ( 2)
  67 L   0.00111 0.99883 0.00000 0.00006 ( 2)
  68 K   0.64317 0.35683 0.00000 0.00000 ( 1)
  69 R   0.02422 0.97578 0.00000 0.00000 ( 2)
  70 Y   0.99202 0.00540 0.00254 0.00003 ( 1)
  71 R   0.60110 0.39474 0.00372 0.00044 ( 1)
  72 V   0.99977 0.00023 0.00000 0.00000 ( 1)
  73 R   0.99999 0.00001 0.00000 0.00000 ( 1)
  74 I   0.96783 0.00454 0.02762 0.00001 ( 1)
  75 R   0.98339 0.00007 0.01654 0.00000 ( 1)
  76 Y   0.99998 0.00000 0.00002 0.00000 ( 1)
  77 A   0.00000 0.00000 0.99990 0.00010 ( 3)
  78 S   0.50997 0.00183 0.48819 0.00001 ( 1)
  79 D   0.00000 0.00062 0.01691 0.98246 ( 4)
  80 G   0.00000 0.00011 0.00055 0.99934 ( 4)
  81 N   0.00000 0.00591 0.00073 0.99336 ( 4)
  82 C   0.92727 0.07272 0.00001 0.00000 ( 1)
  83 Q   0.00000 0.00020 0.00081 0.99899 ( 4)
  84 L   0.00003 0.84349 0.00211 0.15437 ( 2)
  85 A   0.00000 0.00700 0.00001 0.99298 ( 4)
  86 M   0.44606 0.55393 0.00000 0.00001 ( 2)
  87 R   0.00000 0.99949 0.00000 0.00051 ( 2)
  88 R   0.05890 0.94109 0.00000 0.00001 ( 2)
  89 -   0.01003 0.75662 0.00309 0.23026 ( 2)
  90 W   0.00084 0.99325 0.00000 0.00591 ( 2)
  91 -   0.01782 0.74884 0.00548 0.22787 ( 2)
  92 -   0.02088 0.74577 0.00642 0.22692 ( 2)
  93 -   0.01380 0.75285 0.00425 0.22910 ( 2)
  94 R   0.00677 0.75988 0.00208 0.23126 ( 2)
  95 G   0.00475 0.76190 0.00146 0.23189 ( 2)
  96 G   0.01306 0.97470 0.00009 0.01215 ( 2)
  97 P   0.00000 0.95822 0.00000 0.04178 ( 2)
  98 G   0.00383 0.99617 0.00000 0.00000 ( 2)
  99 Y   0.00000 0.99937 0.00000 0.00063 ( 2)
 100 V   0.00000 0.03059 0.00001 0.96939 ( 4)
 101 Q   0.00000 0.24714 0.00000 0.75286 ( 4)
 102 -   0.34952 0.41713 0.10700 0.12635 ( 2)
 103 E   0.00009 0.99979 0.00000 0.00012 ( 2)
 104 A   0.00000 0.31628 0.00002 0.68370 ( 4)
 105 R   0.00000 0.26074 0.00002 0.73924 ( 4)
 106 H   0.99757 0.00242 0.00001 0.00000 ( 1)
 107 T   0.00000 0.00015 0.02733 0.97251 ( 4)
 108 V   0.00000 0.00521 0.06603 0.92876 ( 4)
 109 Q   0.00008 0.97505 0.00011 0.02475 ( 2)
 110 R   0.00000 0.00583 0.00020 0.99397 ( 4)
 111 T   0.51342 0.45689 0.02232 0.00737 ( 1)
 112 F   0.00898 0.44132 0.47399 0.07571 ( 3)
 113 S   0.00000 0.00006 0.03869 0.96125 ( 4)
 114 -   0.25684 0.50981 0.07873 0.15462 ( 2)
 115 G   0.66327 0.10338 0.20215 0.03120 ( 1)
 116 S   0.00367 0.76299 0.00113 0.23222 ( 2)
 117 M   0.49259 0.27407 0.15048 0.08287 ( 1)
 118 T   0.75583 0.01082 0.23008 0.00326 ( 1)
 119 Y   0.00000 0.00004 0.99952 0.00044 ( 3)
 120 D   0.00008 0.19410 0.48074 0.32508 ( 3)
 121 S   0.00000 0.60433 0.00049 0.39518 ( 2)
 122 F   0.99895 0.00000 0.00105 0.00000 ( 1)
 123 K   0.00002 0.83442 0.00030 0.16527 ( 2)
 124 Y   1.00000 0.00000 0.00000 0.00000 ( 1)
 125 L   0.00339 0.43955 0.28436 0.27270 ( 2)
 126 D   0.12639 0.45525 0.39493 0.02344 ( 2)
 127 I   0.99324 0.00605 0.00070 0.00001 ( 1)
 128 F   0.36758 0.63207 0.00004 0.00031 ( 2)
 129 T   0.99768 0.00232 0.00000 0.00000 ( 1)
 130 M   0.47976 0.52024 0.00000 0.00000 ( 2)
 131 P   0.49436 0.50563 0.00000 0.00001 ( 2)
 132 A   0.00675 0.99325 0.00000 0.00000 ( 2)
 133 -   0.37592 0.39074 0.11503 0.11832 ( 2)
 134 -   0.44948 0.31717 0.13740 0.09595 ( 1)
 135 -   0.45363 0.31302 0.13865 0.09469 ( 1)
 136 -   0.06362 0.70303 0.01956 0.21379 ( 2)
 137 -   0.68712 0.07953 0.20935 0.02399 ( 1)
 138 E   0.00154 0.99821 0.00000 0.00025 ( 2)
 139 D   0.05269 0.94720 0.00000 0.00011 ( 2)
 140 Y   0.00016 0.93692 0.00083 0.06210 ( 2)
 141 T   0.00001 0.99952 0.00000 0.00048 ( 2)
 142 F   0.99787 0.00213 0.00000 0.00000 ( 1)
 143 N   0.96966 0.03032 0.00002 0.00000 ( 1)
 144 L   0.87432 0.12563 0.00003 0.00001 ( 1)
 145 T   0.01348 0.98651 0.00000 0.00001 ( 2)
 146 I   0.99933 0.00067 0.00000 0.00000 ( 1)
 147 D   0.00286 0.99261 0.00042 0.00411 ( 2)
 148 -   0.42538 0.34127 0.13007 0.10328 ( 1)
 149 -   0.41979 0.34687 0.12837 0.10497 ( 1)
 150 -   0.40539 0.36126 0.12400 0.10935 ( 1)
 151 L   0.99429 0.00571 0.00000 0.00000 ( 1)
 152 E   0.00001 0.93800 0.00003 0.06197 ( 2)
 153 S   0.00000 0.93265 0.00003 0.06732 ( 2)
 154 G   0.00480 0.53087 0.35180 0.11253 ( 2)
 155 G   0.00000 0.00009 0.01341 0.98650 ( 4)
 156 A   0.00000 0.91095 0.00000 0.08905 ( 2)
 157 L   0.70052 0.29295 0.00633 0.00019 ( 1)
 158 Y   0.00017 0.12986 0.45206 0.41791 ( 3)
 159 I   0.76100 0.23605 0.00280 0.00015 ( 1)
 160 D   0.99978 0.00006 0.00016 0.00000 ( 1)
 161 K   1.00000 0.00000 0.00000 0.00000 ( 1)
 162 I   0.90588 0.09345 0.00065 0.00003 ( 1)
 163 E   0.99999 0.00000 0.00001 0.00000 ( 1)
 164 F   0.98994 0.00979 0.00027 0.00000 ( 1)
 165 -   0.71139 0.00014 0.28846 0.00001 ( 1)
 166 -   0.87465 0.10734 0.01430 0.00371 ( 1)

