Supplemental results for CODEML (seqf: algn  treef: tree)


dN/dS (w) for site classes (K=4)

site class             0        1       2a       2b
proportion       0.73354  0.13049  0.11543  0.02053
background w     0.10474  1.00000  0.10474  1.00000
foreground w     0.10474  1.00000  1.00000  1.00000

Naive Empirical Bayes (NEB) probabilities for 4 classes
(amino acids refer to 1st sequence: BT_Cry1Ca11)

   1 -   0.21150 0.65253 0.03328 0.10268 ( 2)
   2 -   0.85965 0.00438 0.13528 0.00069 ( 1)
   3 -   0.82161 0.04242 0.12929 0.00668 ( 1)
   4 G   0.80905 0.08457 0.09308 0.01331 ( 1)
   5 Q   0.88660 0.00048 0.11284 0.00008 ( 1)
   6 L   0.88206 0.00207 0.11554 0.00033 ( 1)
   7 T   0.89391 0.00043 0.10560 0.00007 ( 1)
   8 R   0.87611 0.00273 0.12073 0.00043 ( 1)
   9 E   0.89299 0.00011 0.10689 0.00002 ( 1)
  10 V   0.81299 0.06036 0.11715 0.00950 ( 1)
  11 Y   0.89508 0.00009 0.10482 0.00001 ( 1)
  12 T   0.60343 0.26810 0.08628 0.04219 ( 1)
  13 D   0.87678 0.00028 0.12290 0.00004 ( 1)
  14 P   0.88134 0.00929 0.10790 0.00146 ( 1)
  15 L   0.88329 0.00120 0.11533 0.00019 ( 1)
  16 I   0.82552 0.07321 0.08974 0.01152 ( 1)
  17 N   0.81908 0.05021 0.12280 0.00790 ( 1)
  18 F   0.88971 0.01053 0.09811 0.00166 ( 1)
  19 N   0.90322 0.00004 0.09674 0.00001 ( 1)
  20 P   0.84852 0.04113 0.10389 0.00647 ( 1)
  21 Q   0.07516 0.78981 0.01073 0.12429 ( 2)
  22 L   0.88350 0.00099 0.11535 0.00016 ( 1)
  23 Q   0.16617 0.69994 0.02375 0.11014 ( 2)
  24 S   0.89673 0.00069 0.10247 0.00011 ( 1)
  25 V   0.67367 0.21218 0.08076 0.03339 ( 1)
  26 A   0.89633 0.00337 0.09976 0.00053 ( 1)
  27 Q   0.75526 0.12840 0.09613 0.02021 ( 1)
  28 L   0.85829 0.02561 0.11207 0.00403 ( 1)
  29 P   0.89690 0.00016 0.10291 0.00003 ( 1)
  30 T   0.89345 0.00732 0.09809 0.00115 ( 1)
  31 F   0.90060 0.00008 0.09931 0.00001 ( 1)
  32 N   0.59641 0.27741 0.08253 0.04365 ( 1)
  33 V   0.88873 0.01008 0.09961 0.00159 ( 1)
  34 M   0.87518 0.01458 0.10795 0.00229 ( 1)
  35 E   0.88015 0.00015 0.11967 0.00002 ( 1)
  36 S   0.87683 0.00106 0.12194 0.00017 ( 1)
  37 S   0.23014 0.51792 0.17044 0.08150 ( 2)
  38 A   0.87067 0.02137 0.10460 0.00336 ( 1)
  39 I   0.90193 0.00010 0.09795 0.00002 ( 1)
  40 R   0.89242 0.00019 0.10736 0.00003 ( 1)
  41 N   0.49131 0.01758 0.48835 0.00277 ( 1)
  42 P   0.89691 0.00015 0.10292 0.00002 ( 1)
  43 H   0.89778 0.00005 0.10217 0.00001 ( 1)
  44 L   0.88230 0.00216 0.11521 0.00034 ( 1)
  45 F   0.72495 0.16823 0.08035 0.02647 ( 1)
  46 D   0.89228 0.00837 0.09803 0.00132 ( 1)
  47 I   0.62100 0.02313 0.35222 0.00364 ( 1)
  48 L   0.87413 0.00142 0.12422 0.00022 ( 1)
  49 N   0.89028 0.01226 0.09553 0.00193 ( 1)
  50 N   0.18965 0.68253 0.02042 0.10740 ( 2)
  51 L   0.89262 0.00384 0.10294 0.00060 ( 1)
  52 T   0.89378 0.00055 0.10558 0.00009 ( 1)
  53 I   0.87701 0.00044 0.12248 0.00007 ( 1)
  54 F   0.89861 0.00165 0.09948 0.00026 ( 1)
  55 T   0.87780 0.00043 0.12170 0.00007 ( 1)
  56 D   0.90098 0.00007 0.09894 0.00001 ( 1)
  57 W   0.82716 0.04718 0.11824 0.00742 ( 1)
  58 F   0.81961 0.07761 0.09057 0.01221 ( 1)
  59 S   0.88845 0.01353 0.09590 0.00213 ( 1)
  60 V   0.88452 0.01435 0.09887 0.00226 ( 1)
  61 G   0.88477 0.00340 0.11129 0.00054 ( 1)
  62 R   0.85462 0.01692 0.12580 0.00266 ( 1)
  63 N   0.89399 0.00381 0.10160 0.00060 ( 1)
  64 F   0.12015 0.74876 0.01326 0.11783 ( 2)
  65 Y   0.89375 0.00137 0.10467 0.00022 ( 1)
  66 W   0.87012 0.00475 0.12438 0.00075 ( 1)
  67 G   0.88788 0.00038 0.11168 0.00006 ( 1)
  68 G   0.88695 0.00128 0.11157 0.00020 ( 1)
  69 H   0.89752 0.00029 0.10214 0.00005 ( 1)
  70 R   0.56605 0.30792 0.07757 0.04846 ( 1)
  71 V   0.88533 0.00737 0.10614 0.00116 ( 1)
  72 I   0.21279 0.65892 0.02460 0.10369 ( 2)
  73 S   0.89523 0.00213 0.10230 0.00034 ( 1)
  74 S   0.08414 0.69613 0.11019 0.10954 ( 2)
  75 L   0.45031 0.03162 0.51309 0.00498 ( 3)
  76 I   0.87615 0.01978 0.10097 0.00311 ( 1)
  77 G   0.88788 0.00038 0.11168 0.00006 ( 1)
  78 G   0.83542 0.05759 0.09794 0.00906 ( 1)
  79 G   0.31660 0.55890 0.03655 0.08795 ( 2)
  80 N   0.87683 0.00162 0.12130 0.00025 ( 1)
  81 -   0.79601 0.06802 0.12526 0.01070 ( 1)
  82 -   0.74093 0.12310 0.11660 0.01937 ( 1)
  83 I   0.89658 0.00017 0.10322 0.00003 ( 1)
  84 T   0.25992 0.61290 0.03072 0.09645 ( 2)
  85 S   0.88609 0.01092 0.10127 0.00172 ( 1)
  86 P   0.89696 0.00011 0.10292 0.00002 ( 1)
  87 I   0.79514 0.09768 0.09181 0.01537 ( 1)
  88 Y   0.89497 0.00019 0.10481 0.00003 ( 1)
  89 G   0.88791 0.00035 0.11169 0.00005 ( 1)
  90 R   0.88841 0.00407 0.10688 0.00064 ( 1)
  91 E   0.87718 0.00059 0.12214 0.00009 ( 1)
  92 A   0.69353 0.17879 0.09954 0.02813 ( 1)
  93 N   0.87915 0.00313 0.11723 0.00049 ( 1)
  94 Q   0.52877 0.34192 0.07551 0.05380 ( 1)
  95 E   0.87564 0.00210 0.12193 0.00033 ( 1)
  96 P   0.01968 0.84507 0.00227 0.13298 ( 2)
  97 P   0.89046 0.00045 0.10901 0.00007 ( 1)
  98 R   0.80376 0.08601 0.09670 0.01353 ( 1)
  99 S   0.00221 0.86185 0.00031 0.13562 ( 2)
 100 F   0.86306 0.03608 0.09518 0.00568 ( 1)
 101 T   0.04862 0.81739 0.00537 0.12863 ( 2)
 102 F   0.82857 0.06917 0.09137 0.01088 ( 1)
 103 N   0.53217 0.35474 0.05727 0.05582 ( 1)
 104 G   0.69430 0.18678 0.08953 0.02939 ( 1)
 105 -   0.53979 0.32424 0.08494 0.05102 ( 1)
 106 -   0.64247 0.22156 0.10110 0.03487 ( 1)
 107 P   0.87332 0.00134 0.12513 0.00021 ( 1)
 108 V   0.89326 0.00080 0.10581 0.00013 ( 1)
 109 F   0.89992 0.00073 0.09923 0.00011 ( 1)
 110 R   0.86726 0.01143 0.11951 0.00180 ( 1)
 111 T   0.90067 0.00038 0.09889 0.00006 ( 1)
 112 L   0.88371 0.00078 0.11538 0.00012 ( 1)
 113 S   0.88531 0.00075 0.11382 0.00012 ( 1)
 114 N   0.45842 0.04551 0.48891 0.00716 ( 3)
 115 P   0.74849 0.14310 0.08589 0.02252 ( 1)
 116 T   0.90082 0.00024 0.09890 0.00004 ( 1)
 117 L   0.35018 0.50617 0.06400 0.07965 ( 2)
 118 R   0.87096 0.00940 0.11816 0.00148 ( 1)
 119 L   0.00004 0.86393 0.00009 0.13595 ( 2)
 120 L   0.59857 0.27932 0.07815 0.04396 ( 1)
 121 Q   0.04989 0.81478 0.00712 0.12822 ( 2)
 122 Q   0.86466 0.02185 0.11005 0.00344 ( 1)
 123 P   0.89688 0.00018 0.10291 0.00003 ( 1)
 124 W   0.01448 0.83439 0.01984 0.13130 ( 2)
 125 P   0.41895 0.05750 0.51449 0.00905 ( 3)
 126 A   0.06202 0.09484 0.82821 0.01492 ( 3)
 127 P   0.18683 0.11903 0.67540 0.01873 ( 3)
 128 P   0.30855 0.10121 0.57431 0.01593 ( 3)
 129 F   0.89556 0.00491 0.09875 0.00077 ( 1)
 130 N   0.33495 0.54362 0.03589 0.08554 ( 2)
 131 L   0.87980 0.00461 0.11487 0.00073 ( 1)
 132 R   0.88050 0.01303 0.10441 0.00205 ( 1)
 133 G   0.80160 0.09169 0.09228 0.01443 ( 1)
 134 V   0.33845 0.24621 0.37659 0.03874 ( 3)
 135 E   0.89241 0.00066 0.10683 0.00010 ( 1)
 136 G   0.88767 0.00058 0.11166 0.00009 ( 1)
 137 V   0.89244 0.00050 0.10698 0.00008 ( 1)
 138 E   0.89299 0.00011 0.10689 0.00002 ( 1)
 139 F   0.90038 0.00028 0.09929 0.00004 ( 1)
 140 S   0.43777 0.44195 0.05073 0.06955 ( 2)
 141 T   0.55335 0.32944 0.06537 0.05184 ( 1)
 142 P   0.76785 0.12443 0.08814 0.01958 ( 1)
 143 T   0.13611 0.70102 0.05255 0.11031 ( 2)
 144 -   0.73354 0.13049 0.11543 0.02053 ( 1)
 145 N   0.68512 0.20786 0.07431 0.03271 ( 1)
 146 S   0.85631 0.02126 0.11909 0.00334 ( 1)
 147 F   0.04900 0.81702 0.00541 0.12857 ( 2)
 148 T   0.83691 0.03722 0.12001 0.00586 ( 1)
 149 Y   0.89508 0.00009 0.10482 0.00001 ( 1)
 150 R   0.87923 0.00025 0.12048 0.00004 ( 1)
 151 G   0.87258 0.01473 0.11037 0.00232 ( 1)
 152 R   0.89062 0.00192 0.10715 0.00030 ( 1)
 153 G   0.89666 0.00016 0.10315 0.00003 ( 1)
 154 T   0.03234 0.47096 0.42259 0.07411 ( 2)
 155 V   0.86982 0.02847 0.09723 0.00448 ( 1)
 156 D   0.90101 0.00004 0.09895 0.00001 ( 1)
 157 S   0.89723 0.00021 0.10252 0.00003 ( 1)
 158 L   0.86914 0.01476 0.11378 0.00232 ( 1)
 159 T   0.71664 0.17644 0.07915 0.02777 ( 1)
 160 E   0.88820 0.00094 0.11071 0.00015 ( 1)
 161 L   0.88335 0.00114 0.11534 0.00018 ( 1)
 162 P   0.87092 0.00260 0.12607 0.00041 ( 1)
 163 P   0.89694 0.00013 0.10292 0.00002 ( 1)
 164 E   0.15068 0.71571 0.02099 0.11263 ( 2)
 165 D   0.89591 0.00473 0.09862 0.00074 ( 1)
 166 N   0.00335 0.86083 0.00036 0.13546 ( 2)
 167 S   0.71634 0.17820 0.07742 0.02804 ( 1)
 168 V   0.85841 0.01574 0.12337 0.00248 ( 1)
 169 P   0.85302 0.03683 0.10436 0.00580 ( 1)
 170 P   0.89694 0.00013 0.10292 0.00002 ( 1)
 171 R   0.01015 0.85397 0.00149 0.13438 ( 2)
 172 E   0.43177 0.44604 0.05200 0.07019 ( 2)
 173 G   0.78721 0.09830 0.09903 0.01547 ( 1)
 174 Y   0.89499 0.00017 0.10482 0.00003 ( 1)
 175 S   0.90254 0.00004 0.09742 0.00001 ( 1)
 176 H   0.89635 0.00139 0.10204 0.00022 ( 1)
 177 R   0.89374 0.00024 0.10598 0.00004 ( 1)
 178 L   0.88349 0.00100 0.11535 0.00016 ( 1)
 179 C   0.89481 0.00051 0.10461 0.00008 ( 1)
 180 H   0.89778 0.00005 0.10217 0.00001 ( 1)
 181 A   0.89307 0.00024 0.10666 0.00004 ( 1)
 182 T   0.90016 0.00086 0.09884 0.00014 ( 1)
 183 F   0.90064 0.00004 0.09931 0.00001 ( 1)
 184 V   0.89310 0.00611 0.09983 0.00096 ( 1)
 185 Q   0.82357 0.06181 0.10489 0.00973 ( 1)
 186 R   0.87667 0.01539 0.10552 0.00242 ( 1)
 187 S   0.89083 0.00636 0.10180 0.00100 ( 1)
 188 G   0.88475 0.00342 0.11130 0.00054 ( 1)
 189 T   0.75662 0.12985 0.09309 0.02043 ( 1)
 190 P   0.89635 0.00018 0.10344 0.00003 ( 1)
 191 F   0.53452 0.35115 0.05907 0.05526 ( 1)
 192 L   0.88029 0.00412 0.11494 0.00065 ( 1)
 193 T   0.74300 0.14618 0.08781 0.02300 ( 1)
 194 T   0.89894 0.00203 0.09871 0.00032 ( 1)
 195 G   0.89629 0.00053 0.10311 0.00008 ( 1)
 196 V   0.00003 0.86398 0.00004 0.13596 ( 2)
 197 V   0.88626 0.00647 0.10625 0.00102 ( 1)
 198 F   0.89983 0.00082 0.09922 0.00013 ( 1)
 199 S   0.89620 0.00120 0.10241 0.00019 ( 1)
 200 W   0.87012 0.00475 0.12438 0.00075 ( 1)
 201 T   0.87434 0.00057 0.12500 0.00009 ( 1)
 202 H   0.89767 0.00015 0.10216 0.00002 ( 1)
 203 R   0.89387 0.00012 0.10600 0.00002 ( 1)
 204 S   0.90235 0.00022 0.09740 0.00003 ( 1)


lnL = -2861.093553

