Supplemental results for CODEML (seqf: algn  treef: tree)


dN/dS (w) for site classes (K=4)

site class             0        1       2a       2b
proportion       0.36704  0.18537  0.29739  0.15020
background w     0.25917  3.15201  0.25917  3.15201
foreground w     0.25917  3.15201  0.15760  0.15760

Naive Empirical Bayes (NEB) probabilities for 4 classes
(amino acids refer to 1st sequence: BT_Cry24Da1)

   1 -   0.52562 0.02679 0.42588 0.02171 ( 1)
   2 I   0.36793 0.18448 0.29811 0.14947 ( 1)
   3 D   0.55241 0.00000 0.44759 0.00000 ( 1)
   4 E   0.52589 0.00000 0.47411 0.00000 ( 1)
   5 I   0.52170 0.00000 0.47830 0.00000 ( 1)
   6 T   0.53506 0.00103 0.46114 0.00277 ( 1)
   7 Q   0.53560 0.00000 0.46440 0.00000 ( 1)
   8 I   0.52464 0.00000 0.47535 0.00000 ( 1)
   9 P   0.54707 0.00015 0.45255 0.00022 ( 1)
  10 A   0.52453 0.00000 0.47547 0.00000 ( 1)
  11 V   0.53619 0.00025 0.46283 0.00073 ( 1)
  12 K   0.52589 0.00000 0.47411 0.00000 ( 1)
  13 A   0.52348 0.00000 0.47652 0.00000 ( 1)
  14 F   0.65013 0.00000 0.34987 0.00000 ( 1)
  15 N   0.02048 0.47963 0.01158 0.48832 ( 4)
  16 I   0.55571 0.00029 0.44368 0.00032 ( 1)
  17 -   0.36704 0.18537 0.29739 0.15020 ( 1)
  18 -   0.36704 0.18537 0.29739 0.15020 ( 1)
  19 -   0.36704 0.18537 0.29739 0.15020 ( 1)
  20 S   0.25327 0.15233 0.21528 0.37912 ( 4)
  21 D   0.05712 0.83738 0.02760 0.07791 ( 2)
  22 T   0.00000 0.65939 0.00000 0.34061 ( 2)
  23 G   0.52750 0.00138 0.46678 0.00434 ( 1)
  24 -   0.36704 0.18537 0.29739 0.15020 ( 1)
  25 -   0.36704 0.18537 0.29739 0.15020 ( 1)
  26 A   0.00525 0.64419 0.00302 0.34754 ( 2)
  27 G   0.65251 0.00013 0.34734 0.00002 ( 1)
  28 S   0.00000 0.96429 0.00000 0.03571 ( 2)
  29 V   0.54473 0.00004 0.45517 0.00007 ( 1)
  30 V   0.00020 0.37056 0.00018 0.62906 ( 4)
  31 A   0.52335 0.00004 0.47641 0.00021 ( 1)
  32 G   0.53260 0.00000 0.46739 0.00000 ( 1)
  33 P   0.52981 0.00003 0.46995 0.00021 ( 1)
  34 G   0.52520 0.00000 0.47480 0.00000 ( 1)
  35 H   0.14540 0.37338 0.11830 0.36292 ( 2)
  36 T   0.52919 0.00000 0.47081 0.00000 ( 1)
  37 G   0.53883 0.00000 0.46117 0.00000 ( 1)
  38 G   0.53916 0.00000 0.46084 0.00000 ( 1)
  39 D   0.51896 0.00000 0.48103 0.00000 ( 1)
  40 L   0.64625 0.00238 0.35026 0.00110 ( 1)
  41 I   0.53678 0.00000 0.46321 0.00000 ( 1)
  42 R   0.00002 0.29219 0.00002 0.70776 ( 4)
  43 L   0.53638 0.00000 0.46361 0.00001 ( 1)
  44 P   0.00030 0.20246 0.00026 0.79699 ( 4)
  45 N   0.36704 0.18537 0.29739 0.15020 ( 1)
  46 N   0.00014 0.14902 0.00013 0.85071 ( 4)
  47 N   0.00000 0.24335 0.00000 0.75665 ( 4)
  48 A   0.03871 0.21139 0.03346 0.71644 ( 4)
  49 R   0.53265 0.00005 0.46700 0.00030 ( 1)
  50 L   0.53637 0.00001 0.46360 0.00002 ( 1)
  51 K   0.64897 0.00000 0.35103 0.00000 ( 1)
  52 I   0.52683 0.00000 0.47317 0.00000 ( 1)
  53 R   0.53284 0.00000 0.46716 0.00000 ( 1)
  54 L   0.53638 0.00000 0.46361 0.00001 ( 1)
  55 T   0.61421 0.02529 0.34191 0.01859 ( 1)
  56 P   0.52974 0.00005 0.46988 0.00033 ( 1)
  57 S   0.65225 0.00026 0.34742 0.00007 ( 1)
  58 T   0.00003 0.80890 0.00002 0.19105 ( 2)
  59 S   0.35398 0.12886 0.29497 0.22220 ( 1)
  60 D   0.64892 0.00002 0.35104 0.00001 ( 1)
  61 K   0.52589 0.00000 0.47411 0.00000 ( 1)
  62 R   0.51861 0.00000 0.48138 0.00000 ( 1)
  63 F   0.51766 0.00890 0.44552 0.02793 ( 1)
  64 R   0.51909 0.00758 0.44781 0.02551 ( 1)
  65 V   0.52305 0.00000 0.47695 0.00000 ( 1)
  66 R   0.52934 0.00000 0.47066 0.00000 ( 1)
  67 V   0.53581 0.00027 0.46337 0.00054 ( 1)
  68 R   0.54047 0.00577 0.44590 0.00786 ( 1)
  69 Y   0.52834 0.00000 0.47166 0.00000 ( 1)
  70 A   0.00146 0.26453 0.00126 0.73276 ( 4)
  71 S   0.52056 0.00017 0.47804 0.00123 ( 1)
  72 T   0.00000 0.93627 0.00000 0.06373 ( 2)
  73 T   0.00000 0.79733 0.00000 0.20267 ( 2)
  74 A   0.00000 0.81661 0.00000 0.18339 ( 2)
  75 G   0.52520 0.00000 0.47480 0.00000 ( 1)
  76 R   0.00000 0.38544 0.00000 0.61456 ( 4)
  77 M   0.00325 0.34672 0.00277 0.64726 ( 4)
  78 R   0.00025 0.45324 0.00021 0.54630 ( 4)
  79 I   0.52898 0.00001 0.47097 0.00004 ( 1)
  80 T   0.52211 0.00230 0.46607 0.00952 ( 1)
  81 K   0.52933 0.00000 0.47064 0.00002 ( 1)
  82 Y   0.36704 0.18537 0.29739 0.15020 ( 1)
  83 W   0.54438 0.00113 0.45257 0.00192 ( 1)
  84 S   0.26249 0.21835 0.21680 0.30235 ( 4)
  85 P   0.54014 0.00530 0.44682 0.00773 ( 1)
  86 G   0.52126 0.00000 0.47871 0.00002 ( 1)
  87 Y   0.44332 0.02440 0.39529 0.13698 ( 1)
  88 V   0.00000 0.36048 0.00000 0.63951 ( 4)
  89 Q   0.00000 0.21315 0.00000 0.78685 ( 4)
  90 -   0.36704 0.18537 0.29739 0.15020 ( 1)
  91 H   0.51488 0.00117 0.47778 0.00617 ( 1)
  92 Y   0.00000 0.29977 0.00000 0.70023 ( 4)
  93 D   0.00033 0.94546 0.00014 0.05408 ( 2)
  94 F   0.52425 0.00000 0.47575 0.00000 ( 1)
  95 N   0.00000 0.88596 0.00000 0.11404 ( 2)
  96 F   0.00000 0.45030 0.00000 0.54970 ( 4)
  97 D   0.00001 0.18829 0.00001 0.81170 ( 4)
  98 A   0.00000 0.99175 0.00000 0.00825 ( 2)
  99 Q   0.16935 0.25327 0.14112 0.43626 ( 4)
 100 Y   0.12079 0.13737 0.10879 0.63305 ( 4)
 101 Y   0.00000 0.51048 0.00000 0.48952 ( 2)
 102 D   0.36704 0.18537 0.29739 0.15020 ( 1)
 103 S   0.36704 0.18537 0.29739 0.15020 ( 1)
 104 N   0.02137 0.53104 0.01731 0.43027 ( 2)
 105 L   0.03654 0.51588 0.02960 0.41798 ( 2)
 106 T   0.37093 0.18149 0.30054 0.14705 ( 1)
 107 F   0.00153 0.57941 0.00088 0.41819 ( 2)
 108 R   0.00064 0.73903 0.00032 0.26001 ( 2)
 109 S   0.00335 0.79730 0.00172 0.19763 ( 2)
 110 F   0.65003 0.00002 0.34994 0.00001 ( 1)
 111 H   0.00001 0.78572 0.00000 0.21427 ( 2)
 112 Y   0.52834 0.00000 0.47166 0.00000 ( 1)
 113 L   0.00260 0.88987 0.00131 0.10622 ( 2)
 114 D   0.37820 0.06363 0.33784 0.22033 ( 1)
 115 T   0.54527 0.00008 0.45451 0.00014 ( 1)
 116 M   0.54018 0.00040 0.45858 0.00084 ( 1)
 117 V   0.52304 0.00000 0.47695 0.00001 ( 1)
 118 T   0.52319 0.00001 0.47676 0.00004 ( 1)
 119 R   0.52913 0.00002 0.47076 0.00009 ( 1)
 120 L   0.52424 0.00000 0.47575 0.00001 ( 1)
 121 D   0.64582 0.00003 0.35412 0.00003 ( 1)
 122 D   0.46618 0.02397 0.40413 0.10571 ( 1)
 123 P   0.27265 0.14187 0.23136 0.35412 ( 4)
 124 G   0.63551 0.00001 0.36446 0.00001 ( 1)
 125 V   0.52305 0.00000 0.47695 0.00000 ( 1)
 126 E   0.65335 0.00000 0.34665 0.00000 ( 1)
 127 I   0.52683 0.00000 0.47317 0.00000 ( 1)
 128 I   0.52168 0.00000 0.47832 0.00000 ( 1)
 129 V   0.52683 0.00000 0.47317 0.00000 ( 1)
 130 Q   0.64271 0.00061 0.35643 0.00026 ( 1)
 131 N   0.51861 0.00000 0.48139 0.00000 ( 1)
 132 I   0.50758 0.17142 0.26389 0.05711 ( 1)
 133 G   0.00457 0.41845 0.00261 0.57437 ( 4)
 134 G   0.00000 0.80752 0.00000 0.19248 ( 2)
 135 S   0.00001 0.91417 0.00000 0.08582 ( 2)
 136 I   0.00002 0.25903 0.00002 0.74094 ( 4)
 137 L   0.64697 0.00160 0.35057 0.00086 ( 1)
 138 Y   0.00009 0.98511 0.00003 0.01478 ( 2)
 139 I   0.60301 0.00140 0.39265 0.00294 ( 1)
 140 D   0.54052 0.00002 0.45941 0.00005 ( 1)
 141 K   0.52589 0.00000 0.47411 0.00000 ( 1)
 142 I   0.62259 0.00078 0.37572 0.00091 ( 1)
 143 E   0.52626 0.00000 0.47374 0.00000 ( 1)
 144 I   0.64853 0.00001 0.35145 0.00001 ( 1)
 145 I   0.52674 0.01136 0.44094 0.02097 ( 1)
 146 -   0.46272 0.03013 0.40239 0.10477 ( 1)


lnL = -3190.241271

