Supplemental results for CODEML (seqf: algn  treef: tree)


dN/dS (w) for site classes (K=4)

site class             0        1       2a       2b
proportion       0.46221  0.27510  0.16468  0.09801
background w     0.06559  1.00000  0.06559  1.00000
foreground w     0.06559  1.00000  1.00000  1.00000

Naive Empirical Bayes (NEB) probabilities for 4 classes
(amino acids refer to 1st sequence: BT_Cry7Ba1)

   1 -   0.46221 0.27510 0.16468 0.09801 ( 1)
   2 -   0.10251 0.63480 0.03652 0.22617 ( 2)
   3 -   0.51229 0.22502 0.18252 0.08017 ( 1)
   4 -   0.55196 0.18535 0.19665 0.06604 ( 1)
   5 -   0.00440 0.73291 0.00157 0.26112 ( 2)
   6 S   0.05728 0.68616 0.01209 0.24447 ( 2)
   7 K   0.06582 0.68149 0.00989 0.24280 ( 2)
   8 I   0.22704 0.53474 0.04770 0.19052 ( 2)
   9 L   0.70673 0.08161 0.18259 0.02907 ( 1)
  10 K   0.80470 0.05473 0.12106 0.01950 ( 1)
  11 E   0.00240 0.73515 0.00053 0.26192 ( 2)
  12 I   0.82866 0.01573 0.15000 0.00560 ( 1)
  13 L   0.69876 0.07503 0.19947 0.02673 ( 1)
  14 D   0.28040 0.06779 0.62765 0.02415 ( 3)
  15 Y   0.01110 0.72746 0.00226 0.25918 ( 2)
  16 L   0.80739 0.01921 0.16656 0.00684 ( 1)
  17 W   0.70762 0.06635 0.20240 0.02364 ( 1)
  18 P   0.72299 0.05296 0.20518 0.01887 ( 1)
  19 S   0.04372 0.60966 0.12941 0.21721 ( 2)
  20 S   0.79761 0.01915 0.17643 0.00682 ( 1)
  21 S   0.09537 0.15234 0.69801 0.05428 ( 3)
  22 S   0.00806 0.68653 0.06082 0.24460 ( 2)
  23 S   0.00738 0.67729 0.07403 0.24130 ( 2)
  24 N   0.15472 0.31688 0.41550 0.11290 ( 3)
  25 S   0.49748 0.28724 0.11295 0.10234 ( 1)
  26 W   0.70762 0.06635 0.20240 0.02364 ( 1)
  27 E   0.04674 0.56846 0.18227 0.20253 ( 2)
  28 E   0.59040 0.14653 0.21087 0.05220 ( 1)
  29 M   0.54036 0.27066 0.09255 0.09643 ( 1)
  30 M   0.85210 0.00315 0.14363 0.00112 ( 1)
  31 K   0.09996 0.54463 0.16137 0.19404 ( 2)
  32 E   0.00086 0.73585 0.00113 0.26217 ( 2)
  33 V   0.85238 0.01149 0.13204 0.00409 ( 1)
  34 E   0.81361 0.01172 0.17049 0.00417 ( 1)
  35 Y   0.01905 0.26367 0.62334 0.09394 ( 3)
  36 L   0.80028 0.02611 0.16431 0.00930 ( 1)
  37 I   0.84106 0.00973 0.14574 0.00347 ( 1)
  38 D   0.82260 0.04330 0.11867 0.01543 ( 1)
  39 K   0.25705 0.06812 0.65056 0.02427 ( 3)
  40 K   0.86352 0.00755 0.12623 0.00269 ( 1)
  41 I   0.86774 0.00724 0.12244 0.00258 ( 1)
  42 E   0.49915 0.24942 0.16256 0.08886 ( 1)
  43 E   0.86085 0.01070 0.12465 0.00381 ( 1)
  44 Y   0.00004 0.73717 0.00014 0.26264 ( 2)
  45 A   0.26660 0.13280 0.55329 0.04731 ( 3)
  46 R   0.22166 0.52052 0.07236 0.18545 ( 2)
  47 N   0.00773 0.72937 0.00305 0.25986 ( 2)
  48 K   0.12725 0.58988 0.07271 0.21016 ( 2)
  49 A   0.85383 0.00708 0.13656 0.00252 ( 1)
  50 L   0.81576 0.01250 0.16729 0.00445 ( 1)
  51 A   0.04349 0.53211 0.23482 0.18958 ( 2)
  52 V   0.03939 0.35768 0.47550 0.12743 ( 3)
  53 L   0.75109 0.04054 0.19393 0.01444 ( 1)
  54 E   0.11004 0.64380 0.01679 0.22937 ( 2)
  55 G   0.00694 0.58792 0.19567 0.20947 ( 2)
  56 I   0.27642 0.50271 0.04177 0.17910 ( 2)
  57 G   0.83214 0.00809 0.15689 0.00288 ( 1)
  58 N   0.01640 0.68711 0.05169 0.24480 ( 2)
  59 A   0.78959 0.03794 0.15895 0.01352 ( 1)
  60 V   0.56121 0.25566 0.09204 0.09109 ( 1)
  61 E   0.21256 0.55661 0.03252 0.19831 ( 2)
  62 S   0.03316 0.59991 0.15319 0.21374 ( 2)
  63 Y   0.82516 0.01165 0.15904 0.00415 ( 1)
  64 Y   0.16509 0.59130 0.03294 0.21067 ( 2)
  65 S   0.11957 0.54244 0.14473 0.19326 ( 2)
  66 A   0.85383 0.00708 0.13656 0.00252 ( 1)
  67 L   0.69329 0.11822 0.14637 0.04212 ( 1)
  68 E   0.63285 0.14270 0.17361 0.05084 ( 1)
  69 A   0.10767 0.21337 0.60294 0.07602 ( 3)
  70 W   0.70762 0.06635 0.20240 0.02364 ( 1)
  71 E   0.75768 0.09468 0.11390 0.03373 ( 1)
  72 -   0.08122 0.65609 0.02894 0.23375 ( 2)
  73 L   0.00446 0.72703 0.00948 0.25903 ( 2)
  74 E   0.00857 0.21892 0.69451 0.07800 ( 3)
  75 S   0.00091 0.71591 0.02811 0.25507 ( 2)
  76 S   0.00384 0.72554 0.01212 0.25849 ( 2)
  77 E   0.00153 0.72576 0.01413 0.25858 ( 2)
  78 R   0.04412 0.69566 0.01236 0.24785 ( 2)
  79 S   0.84445 0.00410 0.14999 0.00146 ( 1)
  80 L   0.14386 0.60704 0.03281 0.21628 ( 2)
  81 E   0.00771 0.72794 0.00499 0.25935 ( 2)
  82 L   0.05389 0.68039 0.02331 0.24241 ( 2)
  83 V   0.85238 0.01149 0.13204 0.00409 ( 1)
  84 L   0.00197 0.72979 0.00823 0.26001 ( 2)
  85 E   0.00794 0.32257 0.55456 0.11493 ( 3)
  86 R   0.77238 0.02210 0.19764 0.00787 ( 1)
  87 Y   0.64618 0.16551 0.12934 0.05897 ( 1)
  88 Q   0.00000 0.73709 0.00030 0.26261 ( 2)
  89 F   0.01241 0.70184 0.03569 0.25005 ( 2)
  90 A   0.75897 0.03440 0.19437 0.01226 ( 1)
  91 V   0.03998 0.56558 0.19293 0.20151 ( 2)
  92 Q   0.63516 0.14359 0.17010 0.05116 ( 1)
  93 F   0.08610 0.63792 0.04870 0.22728 ( 2)
  94 A   0.22851 0.54047 0.03846 0.19256 ( 2)
  95 R   0.80799 0.03971 0.13815 0.01415 ( 1)
  96 S   0.05229 0.53093 0.22762 0.18916 ( 2)
  97 S   0.00039 0.72004 0.02304 0.25654 ( 2)
  98 M   0.85210 0.00315 0.14363 0.00112 ( 1)
  99 P   0.06695 0.67780 0.01376 0.24149 ( 2)
 100 S   0.06462 0.67439 0.02072 0.24027 ( 2)
 101 F   0.83980 0.00945 0.14738 0.00337 ( 1)
 102 A   0.03709 0.70007 0.01342 0.24942 ( 2)
 103 I   0.02208 0.60919 0.15169 0.21704 ( 2)
 104 I   0.00091 0.47030 0.36123 0.16756 ( 2)
 105 N   0.01883 0.24480 0.64916 0.08722 ( 3)
 106 Y   0.70013 0.11998 0.13714 0.04275 ( 1)
 107 E   0.86416 0.00801 0.12497 0.00286 ( 1)
 108 I   0.83997 0.01068 0.14555 0.00380 ( 1)
 109 P   0.70836 0.05214 0.22093 0.01858 ( 1)
 110 L   0.75985 0.05816 0.16126 0.02072 ( 1)
 111 L   0.80377 0.02237 0.16590 0.00797 ( 1)
 112 A   0.85383 0.00708 0.13656 0.00252 ( 1)
 113 T   0.85154 0.00688 0.13913 0.00245 ( 1)
 114 Y   0.82516 0.01165 0.15904 0.00415 ( 1)
 115 A   0.85177 0.00877 0.13634 0.00312 ( 1)
 116 N   0.36185 0.43092 0.05370 0.15353 ( 2)
 117 A   0.82967 0.01033 0.15633 0.00368 ( 1)
 118 A   0.85006 0.01016 0.13615 0.00362 ( 1)
 119 N   0.87027 0.00493 0.12304 0.00176 ( 1)
 120 V   0.60962 0.20507 0.11225 0.07306 ( 1)
 121 H   0.84719 0.00461 0.14656 0.00164 ( 1)
 122 L   0.79746 0.02463 0.16913 0.00878 ( 1)
 123 L   0.71176 0.10324 0.14822 0.03678 ( 1)
 124 L   0.80400 0.02215 0.16595 0.00789 ( 1)
 125 M   0.78934 0.05606 0.13463 0.01997 ( 1)
 126 R   0.78007 0.06256 0.13509 0.02229 ( 1)
 127 D   0.87179 0.00514 0.12124 0.00183 ( 1)
 128 I   0.02366 0.71015 0.01317 0.25301 ( 2)
 129 Q   0.82811 0.00828 0.16065 0.00295 ( 1)
 130 I   0.86617 0.00843 0.12240 0.00300 ( 1)
 131 Y   0.73505 0.03556 0.21672 0.01267 ( 1)
 132 G   0.75899 0.03290 0.19638 0.01172 ( 1)
 133 D   0.17786 0.35222 0.34443 0.12549 ( 2)
 134 R   0.04380 0.61053 0.12814 0.21752 ( 2)
 135 W   0.70762 0.06635 0.20240 0.02364 ( 1)
 136 G   0.02150 0.04429 0.91842 0.01578 ( 3)
 137 I   0.14209 0.61743 0.02050 0.21998 ( 2)
 138 S   0.00815 0.70889 0.03039 0.25256 ( 2)
 139 Q   0.66640 0.12957 0.15786 0.04616 ( 1)
 140 N   0.00056 0.73392 0.00403 0.26148 ( 2)
 141 D   0.87179 0.00514 0.12124 0.00183 ( 1)
 142 M   0.02418 0.16098 0.75749 0.05736 ( 3)
 143 N   0.07555 0.41201 0.36565 0.14679 ( 2)
 144 L   0.68241 0.08234 0.20590 0.02934 ( 1)
 145 F   0.50320 0.25065 0.15685 0.08930 ( 1)
 146 L   0.15100 0.60185 0.03272 0.21443 ( 2)
 147 K   0.00574 0.72632 0.00917 0.25877 ( 2)
 148 E   0.86416 0.00801 0.12497 0.00286 ( 1)
 149 Q   0.82811 0.00828 0.16065 0.00295 ( 1)
 150 E   0.75037 0.10201 0.11127 0.03634 ( 1)
 151 I   0.00092 0.70881 0.03773 0.25254 ( 2)
 152 Y   0.17841 0.13481 0.63875 0.04803 ( 3)
 153 T   0.75373 0.03817 0.19450 0.01360 ( 1)
 154 S   0.00401 0.72440 0.01350 0.25809 ( 2)
 155 E   0.86416 0.00801 0.12497 0.00286 ( 1)
 156 Y   0.81253 0.02254 0.15689 0.00803 ( 1)
 157 S   0.17285 0.18077 0.58198 0.06440 ( 3)
 158 E   0.67414 0.11284 0.17282 0.04020 ( 1)
 159 H   0.24132 0.05589 0.68288 0.01991 ( 3)
 160 C   0.72762 0.04058 0.21734 0.01446 ( 1)
 161 V   0.00880 0.44186 0.39192 0.15743 ( 2)
 162 K   0.72743 0.08125 0.16237 0.02895 ( 1)
 163 W   0.00045 0.73057 0.00869 0.26029 ( 2)
 164 Y   0.82516 0.01165 0.15904 0.00415 ( 1)
 165 N   0.87027 0.00493 0.12304 0.00176 ( 1)
 166 E   0.71549 0.09393 0.15712 0.03347 ( 1)
 167 G   0.84359 0.00834 0.14510 0.00297 ( 1)
 168 L   0.80520 0.02113 0.16614 0.00753 ( 1)
 169 N   0.87027 0.00493 0.12304 0.00176 ( 1)
 170 Q   0.66677 0.15029 0.12939 0.05355 ( 1)
 171 L   0.76008 0.03227 0.19616 0.01150 ( 1)
 172 K   0.86352 0.00755 0.12623 0.00269 ( 1)
 173 T   0.17610 0.45247 0.21023 0.16121 ( 2)
 174 K   0.76592 0.08901 0.11336 0.03171 ( 1)
 175 G   0.18224 0.44351 0.21623 0.15802 ( 2)
 176 G   0.73808 0.03245 0.21791 0.01156 ( 1)
 177 A   0.09571 0.65002 0.02268 0.23159 ( 2)
 178 S   0.75356 0.08298 0.13390 0.02956 ( 1)
 179 G   0.65274 0.16312 0.12603 0.05812 ( 1)
 180 L   0.09225 0.65470 0.01980 0.23326 ( 2)
 181 V   0.11685 0.63519 0.02165 0.22631 ( 2)
 182 W   0.70762 0.06635 0.20240 0.02364 ( 1)
 183 E   0.11490 0.63392 0.02533 0.22585 ( 2)
 184 N   0.09073 0.66055 0.01338 0.23534 ( 2)
 185 Y   0.70013 0.11998 0.13714 0.04275 ( 1)
 186 N   0.80365 0.01148 0.18077 0.00409 ( 1)
 187 S   0.18275 0.18303 0.56901 0.06521 ( 3)
 188 F   0.76903 0.02774 0.19334 0.00988 ( 1)
 189 R   0.78535 0.01921 0.18860 0.00684 ( 1)
 190 T   0.72946 0.10963 0.12185 0.03906 ( 1)
 191 E   0.86416 0.00801 0.12497 0.00286 ( 1)
 192 M   0.85210 0.00315 0.14363 0.00112 ( 1)
 193 T   0.85074 0.00752 0.13906 0.00268 ( 1)
 194 I   0.28895 0.47155 0.07150 0.16800 ( 2)
 195 M   0.12326 0.62870 0.02405 0.22399 ( 2)
 196 V   0.84332 0.01484 0.13655 0.00529 ( 1)
 197 L   0.79687 0.02840 0.16461 0.01012 ( 1)
 198 D   0.87179 0.00514 0.12124 0.00183 ( 1)
 199 L   0.10860 0.51500 0.19291 0.18349 ( 2)
 200 V   0.84197 0.01575 0.13666 0.00561 ( 1)
 201 A   0.59931 0.21213 0.11298 0.07558 ( 1)
 202 I   0.20067 0.45805 0.17808 0.16319 ( 2)
 203 F   0.84338 0.01084 0.14192 0.00386 ( 1)
 204 P   0.58488 0.21866 0.11855 0.07791 ( 1)
 205 A   0.00019 0.73552 0.00224 0.26205 ( 2)


lnL = -2174.292792

