Supplemental results for CODEML (seqf: algn  treef: tree)


dN/dS (w) for site classes (K=4)

site class             0        1       2a       2b
proportion       0.00000  0.00000  0.78006  0.21994
background w     0.09592  1.00000  0.09592  1.00000
foreground w     0.09592  1.00000  1.00000  1.00000

Naive Empirical Bayes (NEB) probabilities for 4 classes
(amino acids refer to 1st sequence: BT_Cry2Aa13)

   1 -   0.00000 0.00000 0.78006 0.21994 ( 3)
   2 L   0.00000 0.00000 0.85882 0.14117 ( 3)
   3 V   0.00000 0.00000 0.03050 0.96950 ( 4)
   4 G   0.00000 0.00000 0.98742 0.01258 ( 3)
   5 K   0.00000 0.00000 0.99628 0.00372 ( 3)
   6 R   0.00000 0.00000 0.96816 0.03184 ( 3)
   7 I   0.00000 0.00000 0.99795 0.00204 ( 3)
   8 L   0.00000 0.00000 0.95537 0.04463 ( 3)
   9 S   0.00000 0.00000 0.99612 0.00388 ( 3)
  10 E   0.00000 0.00000 0.97467 0.02533 ( 3)
  11 L   0.00000 0.00000 0.98285 0.01715 ( 3)
  12 R   0.00000 0.00000 0.00090 0.99909 ( 4)
  13 N   0.00000 0.00000 0.15274 0.84726 ( 4)
  14 L   0.00000 0.00000 0.38829 0.61171 ( 4)
  15 I   0.00000 0.00000 0.99753 0.00246 ( 3)
  16 F   0.00000 0.00000 0.99745 0.00255 ( 3)
  17 P   0.00000 0.00000 0.98963 0.01037 ( 3)
  18 S   0.00000 0.00000 0.99612 0.00388 ( 3)
  19 G   0.00000 0.00000 0.98754 0.01246 ( 3)
  20 S   0.00000 0.00000 0.95134 0.04865 ( 3)
  21 T   0.00000 0.00000 0.95849 0.04150 ( 3)
  22 N   0.00000 0.00000 0.75370 0.24630 ( 3)
  23 L   0.00000 0.00000 0.81549 0.18451 ( 3)
  24 M   0.00000 0.00000 0.99667 0.00332 ( 3)
  25 Q   0.00000 0.00000 0.85862 0.14138 ( 3)
  26 D   0.00000 0.00000 0.96587 0.03413 ( 3)
  27 I   0.00000 0.00000 0.99668 0.00332 ( 3)
  28 L   0.00000 0.00000 0.98285 0.01715 ( 3)
  29 -   0.00000 0.00000 0.78006 0.21994 ( 3)
  30 R   0.00000 0.00000 0.98856 0.01144 ( 3)
  31 E   0.00000 0.00000 0.01716 0.98283 ( 4)
  32 T   0.00000 0.00000 0.94163 0.05836 ( 3)
  33 E   0.00000 0.00000 0.95570 0.04430 ( 3)
  34 K   0.00000 0.00000 0.08732 0.91268 ( 4)
  35 F   0.00000 0.00000 0.15649 0.84351 ( 4)
  36 L   0.00000 0.00000 0.01965 0.98035 ( 4)
  37 N   0.00000 0.00000 0.97054 0.02946 ( 3)
  38 Q   0.00000 0.00000 0.86020 0.13979 ( 3)
  39 R   0.00000 0.00000 0.01356 0.98644 ( 4)
  40 L   0.00000 0.00000 0.98504 0.01496 ( 3)
  41 N   0.00000 0.00000 0.64415 0.35585 ( 3)
  42 T   0.00000 0.00000 0.09351 0.90649 ( 4)
  43 D   0.00000 0.00000 0.04012 0.95988 ( 4)
  44 T   0.00000 0.00000 0.27336 0.72663 ( 4)
  45 L   0.00000 0.00000 0.03264 0.96736 ( 4)
  46 A   0.00000 0.00000 0.00000 1.00000 ( 4)
  47 R   0.00000 0.00000 0.29623 0.70376 ( 4)
  48 V   0.00000 0.00000 0.35274 0.64726 ( 4)
  49 N   0.00000 0.00000 0.02109 0.97891 ( 4)
  50 A   0.00000 0.00000 0.30205 0.69795 ( 4)
  51 E   0.00000 0.00000 0.17183 0.82817 ( 4)
  52 L   0.00000 0.00000 0.61131 0.38868 ( 3)
  53 T   0.00000 0.00000 0.00000 1.00000 ( 4)
  54 G   0.00000 0.00000 0.94151 0.05849 ( 3)
  55 L   0.00000 0.00000 0.95824 0.04175 ( 3)
  56 Q   0.00000 0.00000 0.85487 0.14512 ( 3)
  57 A   0.00000 0.00000 0.98806 0.01194 ( 3)
  58 N   0.00000 0.00000 0.97846 0.02154 ( 3)
  59 V   0.00000 0.00000 0.95866 0.04134 ( 3)
  60 E   0.00000 0.00000 0.00058 0.99941 ( 4)
  61 E   0.00000 0.00000 0.97195 0.02805 ( 3)
  62 F   0.00000 0.00000 0.99745 0.00255 ( 3)
  63 N   0.00000 0.00000 0.99791 0.00209 ( 3)
  64 R   0.00000 0.00000 0.21663 0.78337 ( 4)
  65 Q   0.00000 0.00000 0.98440 0.01560 ( 3)
  66 V   0.00000 0.00000 0.99415 0.00584 ( 3)
  67 D   0.00000 0.00000 0.99557 0.00443 ( 3)
  68 N   0.00000 0.00000 0.99791 0.00209 ( 3)
  69 F   0.00000 0.00000 0.97186 0.02814 ( 3)
  70 L   0.00000 0.00000 0.96882 0.03118 ( 3)
  71 N   0.00000 0.00000 0.96806 0.03193 ( 3)
  72 P   0.00000 0.00000 0.98970 0.01030 ( 3)
  73 N   0.00000 0.00000 0.90276 0.09724 ( 3)
  74 R   0.00000 0.00000 0.25157 0.74842 ( 4)
  75 N   0.00000 0.00000 0.71604 0.28396 ( 3)
  76 A   0.00000 0.00000 0.46412 0.53588 ( 4)
  77 V   0.00000 0.00000 0.61390 0.38610 ( 3)
  78 P   0.00000 0.00000 0.98963 0.01037 ( 3)
  79 L   0.00000 0.00000 0.98285 0.01715 ( 3)
  80 S   0.00000 0.00000 0.87908 0.12091 ( 3)
  81 I   0.00000 0.00000 0.99795 0.00204 ( 3)
  82 T   0.00000 0.00000 0.94894 0.05106 ( 3)
  83 S   0.00000 0.00000 0.55701 0.44299 ( 3)
  84 S   0.00000 0.00000 0.97505 0.02494 ( 3)
  85 V   0.00000 0.00000 0.99583 0.00417 ( 3)
  86 N   0.00000 0.00000 0.99791 0.00209 ( 3)
  87 T   0.00000 0.00000 0.99568 0.00432 ( 3)
  88 M   0.00000 0.00000 0.09102 0.90898 ( 4)
  89 Q   0.00000 0.00000 0.96122 0.03877 ( 3)
  90 Q   0.00000 0.00000 0.84573 0.15427 ( 3)
  91 L   0.00000 0.00000 0.98285 0.01715 ( 3)
  92 F   0.00000 0.00000 0.99579 0.00421 ( 3)
  93 L   0.00000 0.00000 0.97731 0.02269 ( 3)
  94 N   0.00000 0.00000 0.96948 0.03052 ( 3)
  95 R   0.00000 0.00000 0.99423 0.00577 ( 3)
  96 L   0.00000 0.00000 0.98285 0.01715 ( 3)
  97 P   0.00000 0.00000 0.07557 0.92442 ( 4)
  98 Q   0.00000 0.00000 0.93544 0.06456 ( 3)
  99 F   0.00000 0.00000 0.95506 0.04494 ( 3)
 100 Q   0.00000 0.00000 0.25620 0.74380 ( 4)
 101 M   0.00000 0.00000 0.01146 0.98854 ( 4)
 102 Q   0.00000 0.00000 0.85806 0.14194 ( 3)
 103 G   0.00000 0.00000 0.77258 0.22742 ( 3)
 104 Y   0.00000 0.00000 0.96433 0.03567 ( 3)
 105 Q   0.00000 0.00000 0.97432 0.02568 ( 3)
 106 L   0.00000 0.00000 0.92661 0.07339 ( 3)
 107 L   0.00000 0.00000 0.98285 0.01715 ( 3)
 108 L   0.00000 0.00000 0.98285 0.01715 ( 3)
 109 L   0.00000 0.00000 0.98285 0.01715 ( 3)
 110 P   0.00000 0.00000 0.98963 0.01037 ( 3)
 111 L   0.00000 0.00000 0.98285 0.01715 ( 3)
 112 F   0.00000 0.00000 0.99745 0.00255 ( 3)
 113 A   0.00000 0.00000 0.99321 0.00679 ( 3)
 114 Q   0.00000 0.00000 0.94779 0.05221 ( 3)
 115 A   0.00000 0.00000 0.99321 0.00679 ( 3)
 116 A   0.00000 0.00000 0.89343 0.10657 ( 3)
 117 N   0.00000 0.00000 0.97859 0.02141 ( 3)
 118 L   0.00000 0.00000 0.87037 0.12963 ( 3)
 119 H   0.00000 0.00000 0.99380 0.00619 ( 3)
 120 L   0.00000 0.00000 0.99439 0.00561 ( 3)
 121 S   0.00000 0.00000 0.91463 0.08537 ( 3)
 122 F   0.00000 0.00000 0.99745 0.00255 ( 3)
 123 I   0.00000 0.00000 0.99668 0.00332 ( 3)
 124 R   0.00000 0.00000 0.99423 0.00577 ( 3)
 125 D   0.00000 0.00000 0.99695 0.00305 ( 3)
 126 V   0.00000 0.00000 0.99472 0.00527 ( 3)
 127 I   0.00000 0.00000 0.95635 0.04365 ( 3)
 128 L   0.00000 0.00000 0.99176 0.00824 ( 3)
 129 N   0.00000 0.00000 0.99791 0.00209 ( 3)
 130 A   0.00000 0.00000 0.99321 0.00679 ( 3)
 131 D   0.00000 0.00000 0.76917 0.23083 ( 3)
 132 E   0.00000 0.00000 0.99544 0.00456 ( 3)
 133 W   0.00000 0.00000 0.90921 0.09079 ( 3)
 134 G   0.00000 0.00000 0.98541 0.01459 ( 3)
 135 I   0.00000 0.00000 0.99677 0.00323 ( 3)
 136 S   0.00000 0.00000 0.86385 0.13614 ( 3)
 137 A   0.00000 0.00000 0.99317 0.00682 ( 3)
 138 A   0.00000 0.00000 0.99321 0.00679 ( 3)
 139 T   0.00000 0.00000 0.99526 0.00473 ( 3)
 140 L   0.00000 0.00000 0.30082 0.69918 ( 4)
 141 R   0.00000 0.00000 0.96983 0.03017 ( 3)
 142 T   0.00000 0.00000 0.97830 0.02169 ( 3)
 143 Y   0.00000 0.00000 0.99309 0.00690 ( 3)
 144 R   0.00000 0.00000 0.31436 0.68563 ( 4)
 145 D   0.00000 0.00000 0.13451 0.86549 ( 4)
 146 Y   0.00000 0.00000 0.52730 0.47269 ( 3)
 147 L   0.00000 0.00000 0.93092 0.06907 ( 3)
 148 K   0.00000 0.00000 0.00130 0.99869 ( 4)
 149 N   0.00000 0.00000 0.77308 0.22692 ( 3)
 150 Y   0.00000 0.00000 0.91182 0.08818 ( 3)
 151 T   0.00000 0.00000 0.99580 0.00420 ( 3)
 152 R   0.00000 0.00000 0.85764 0.14236 ( 3)
 153 D   0.00000 0.00000 0.21832 0.78168 ( 4)
 154 Y   0.00000 0.00000 0.94433 0.05567 ( 3)
 155 S   0.00000 0.00000 0.98828 0.01172 ( 3)
 156 N   0.00000 0.00000 0.99616 0.00384 ( 3)
 157 Y   0.00000 0.00000 0.99309 0.00690 ( 3)
 158 C   0.00000 0.00000 0.99110 0.00890 ( 3)
 159 I   0.00000 0.00000 0.99795 0.00204 ( 3)
 160 N   0.00000 0.00000 0.24904 0.75096 ( 4)
 161 T   0.00000 0.00000 0.94582 0.05417 ( 3)
 162 Y   0.00000 0.00000 0.99211 0.00789 ( 3)
 163 Q   0.00000 0.00000 0.98440 0.01560 ( 3)
 164 S   0.00000 0.00000 0.15630 0.84370 ( 4)
 165 A   0.00000 0.00000 0.94573 0.05426 ( 3)
 166 F   0.00000 0.00000 0.99702 0.00298 ( 3)
 167 K   0.00000 0.00000 0.59968 0.40032 ( 3)
 168 G   0.00000 0.00000 0.98331 0.01669 ( 3)
 169 L   0.00000 0.00000 0.98285 0.01715 ( 3)
 170 N   0.00000 0.00000 0.96406 0.03593 ( 3)
 171 T   0.00000 0.00000 0.20066 0.79934 ( 4)
 172 R   0.00000 0.00000 0.04834 0.95166 ( 4)
 173 L   0.00000 0.00000 0.98285 0.01715 ( 3)
 174 H   0.00000 0.00000 0.94354 0.05646 ( 3)
 175 D   0.00000 0.00000 0.99736 0.00264 ( 3)
 176 M   0.00000 0.00000 0.14174 0.85826 ( 4)
 177 L   0.00000 0.00000 0.97681 0.02319 ( 3)
 178 E   0.00000 0.00000 0.99468 0.00532 ( 3)
 179 F   0.00000 0.00000 0.99745 0.00255 ( 3)
 180 R   0.00000 0.00000 0.99423 0.00577 ( 3)
 181 T   0.00000 0.00000 0.99580 0.00420 ( 3)
 182 Y   0.00000 0.00000 0.91930 0.08070 ( 3)
 183 M   0.00000 0.00000 0.95363 0.04637 ( 3)
 184 F   0.00000 0.00000 0.96628 0.03372 ( 3)
 185 L   0.00000 0.00000 0.98285 0.01715 ( 3)
 186 N   0.00000 0.00000 0.99791 0.00209 ( 3)
 187 V   0.00000 0.00000 0.99622 0.00378 ( 3)
 188 F   0.00000 0.00000 0.69529 0.30471 ( 3)
 189 E   0.00000 0.00000 0.40613 0.59387 ( 4)
 190 Y   0.00000 0.00000 0.90179 0.09821 ( 3)
 191 V   0.00000 0.00000 0.99606 0.00393 ( 3)
 192 S   0.00000 0.00000 0.98513 0.01486 ( 3)
 193 I   0.00000 0.00000 0.18473 0.81527 ( 4)
 194 W   0.00000 0.00000 0.90921 0.09079 ( 3)
 195 S   0.00000 0.00000 0.94298 0.05702 ( 3)


lnL = -2664.924646

