Supplemental results for CODEML (seqf: algn  treef: tree)


dN/dS (w) for site classes (K=4)

site class             0        1       2a       2b
proportion       0.43627  0.30102  0.15545  0.10726
background w     0.08427  1.00000  0.08427  1.00000
foreground w     0.08427  1.00000  1.00000  1.00000

Naive Empirical Bayes (NEB) probabilities for 4 classes
(amino acids refer to 1st sequence: BT_Cry40Aa1)

   1 P   0.00096 0.53347 0.27548 0.19008 ( 2)
   2 T   0.19899 0.42773 0.22088 0.15240 ( 2)
   3 H   0.00578 0.53090 0.27415 0.18916 ( 2)
   4 V   0.17713 0.43940 0.22690 0.15656 ( 2)
   5 E   0.93961 0.03225 0.01665 0.01149 ( 1)
   6 L   0.92288 0.04118 0.02127 0.01467 ( 1)
   7 T   0.92446 0.04034 0.02083 0.01437 ( 1)
   8 R   0.93116 0.03676 0.01898 0.01310 ( 1)
   9 E   0.98890 0.00593 0.00306 0.00211 ( 1)
  10 I   0.51675 0.25805 0.13326 0.09194 ( 1)
  11 Y   0.99269 0.00390 0.00201 0.00139 ( 1)
  12 T   0.97653 0.01253 0.00647 0.00447 ( 1)
  13 D   0.99699 0.00161 0.00083 0.00057 ( 1)
  14 P   0.60677 0.20998 0.10843 0.07482 ( 1)
  15 V   0.83042 0.09055 0.04676 0.03226 ( 1)
  16 G   0.95818 0.02233 0.01153 0.00796 ( 1)
  17 Y   0.91158 0.04721 0.02438 0.01682 ( 1)
  18 S   0.04858 0.50805 0.26235 0.18102 ( 2)
  19 S   0.00147 0.53320 0.27534 0.18998 ( 2)
  20 G   0.14490 0.45662 0.23579 0.16269 ( 2)
  21 T   0.00135 0.53327 0.27537 0.19001 ( 2)
  22 Y   0.09624 0.48260 0.24921 0.17195 ( 2)
  23 -   0.45393 0.29159 0.15058 0.10390 ( 1)
  24 S   0.00555 0.53102 0.27422 0.18921 ( 2)
  25 W   0.85828 0.07568 0.03908 0.02696 ( 1)
  26 L   0.00225 0.53279 0.27513 0.18983 ( 2)
  27 K   0.00093 0.53350 0.27549 0.19009 ( 2)
  28 Y   0.00000 0.53399 0.27575 0.19026 ( 2)
  29 W   0.03530 0.51514 0.26601 0.18355 ( 2)
  30 T   0.00209 0.53287 0.27517 0.18986 ( 2)
  31 G   0.02271 0.52186 0.26949 0.18594 ( 2)
  32 A   0.00118 0.53336 0.27542 0.19004 ( 2)
  33 F   0.99490 0.00272 0.00141 0.00097 ( 1)
  34 N   0.99850 0.00080 0.00041 0.00029 ( 1)
  35 T   0.00031 0.53382 0.27566 0.19020 ( 2)
  36 L   0.40781 0.31623 0.16330 0.11267 ( 1)
  37 E   0.98867 0.00605 0.00313 0.00216 ( 1)
  38 A   0.99238 0.00407 0.00210 0.00145 ( 1)
  39 N   0.97546 0.01310 0.00677 0.00467 ( 1)
  40 G   0.96180 0.02040 0.01053 0.00727 ( 1)
  41 T   0.97653 0.01253 0.00647 0.00447 ( 1)
  42 R   0.71494 0.15222 0.07860 0.05424 ( 1)
  43 G   0.96180 0.02040 0.01053 0.00727 ( 1)
  44 P   0.98699 0.00695 0.00359 0.00247 ( 1)
  45 G   0.99325 0.00360 0.00186 0.00128 ( 1)
  46 L   0.92358 0.04081 0.02107 0.01454 ( 1)
  47 V   0.99455 0.00291 0.00150 0.00104 ( 1)
  48 T   0.99509 0.00262 0.00135 0.00093 ( 1)
  49 W   0.00496 0.53134 0.27438 0.18932 ( 2)
  50 L   0.98561 0.00768 0.00397 0.00274 ( 1)
  51 R   0.00000 0.53399 0.27575 0.19026 ( 2)
  52 -   0.43627 0.30102 0.15545 0.10726 ( 1)
  53 S   0.00000 0.53399 0.27575 0.19026 ( 2)
  54 I   0.81321 0.09975 0.05151 0.03554 ( 1)
  55 G   0.94076 0.03163 0.01633 0.01127 ( 1)
  56 I   0.98397 0.00856 0.00442 0.00305 ( 1)
  57 Y   0.89546 0.05582 0.02883 0.01989 ( 1)
  58 N   0.48737 0.27374 0.14136 0.09753 ( 1)
  59 E   0.05665 0.50374 0.26013 0.17948 ( 2)
  60 Y   0.00000 0.53399 0.27575 0.19026 ( 2)
  61 V   0.01999 0.52332 0.27024 0.18646 ( 2)
  62 -   0.00000 0.53399 0.27575 0.19026 ( 2)
  63 -   0.00000 0.53399 0.27575 0.19026 ( 2)
  64 -   0.63884 0.19285 0.09959 0.06872 ( 1)
  65 -   0.10552 0.47764 0.24665 0.17019 ( 2)
  66 -   0.56131 0.23426 0.12097 0.08347 ( 1)
  67 -   0.00780 0.52983 0.27360 0.18878 ( 2)
  68 -   0.16520 0.44577 0.23019 0.15883 ( 2)
  69 -   0.00129 0.53330 0.27539 0.19002 ( 2)
  70 S   0.00000 0.53399 0.27575 0.19026 ( 2)
  71 R   0.00000 0.53399 0.27575 0.19026 ( 2)
  72 Y   0.39401 0.32359 0.16710 0.11530 ( 1)
  73 F   0.84481 0.08287 0.04279 0.02953 ( 1)
  74 S   0.00002 0.53398 0.27574 0.19026 ( 2)
  75 G   0.70802 0.15592 0.08051 0.05555 ( 1)
  76 W   0.85828 0.07568 0.03908 0.02696 ( 1)
  77 V   0.06558 0.49897 0.25766 0.17779 ( 2)
  78 G   0.95607 0.02346 0.01211 0.00836 ( 1)
  79 T   0.93624 0.03405 0.01758 0.01213 ( 1)
  80 R   0.98411 0.00848 0.00438 0.00302 ( 1)
  81 H   0.99465 0.00286 0.00148 0.00102 ( 1)
  82 Y   0.90759 0.04935 0.02548 0.01758 ( 1)
  83 E   0.98890 0.00593 0.00306 0.00211 ( 1)
  84 D   0.00056 0.53369 0.27559 0.19016 ( 2)
  85 Y   0.34266 0.35101 0.18126 0.12507 ( 2)
  86 T   0.97653 0.01253 0.00647 0.00447 ( 1)
  87 T   0.00028 0.53384 0.27567 0.19021 ( 2)
  88 G   0.93036 0.03719 0.01920 0.01325 ( 1)
  89 N   0.03081 0.51754 0.26725 0.18440 ( 2)
  90 G   0.47167 0.28212 0.14569 0.10052 ( 1)
  91 N   0.00676 0.53038 0.27388 0.18898 ( 2)
  92 F   0.82637 0.09272 0.04788 0.03303 ( 1)
  93 Q   0.11071 0.47487 0.24522 0.16920 ( 2)
  94 R   0.98607 0.00744 0.00384 0.00265 ( 1)
  95 M   0.20074 0.42680 0.22039 0.15207 ( 2)
  96 S   0.99067 0.00498 0.00257 0.00178 ( 1)
  97 G   0.96180 0.02040 0.01053 0.00727 ( 1)
  98 T   0.99430 0.00304 0.00157 0.00108 ( 1)
  99 T   0.83783 0.08660 0.04472 0.03085 ( 1)
 100 S   0.99807 0.00103 0.00053 0.00037 ( 1)
 101 N   0.99850 0.00080 0.00041 0.00029 ( 1)
 102 D   0.97607 0.01278 0.00660 0.00455 ( 1)
 103 L   0.00051 0.53372 0.27561 0.19016 ( 2)
 104 R   0.00239 0.53271 0.27509 0.18981 ( 2)
 105 D   0.00004 0.53397 0.27574 0.19026 ( 2)
 106 I   0.01056 0.52835 0.27284 0.18825 ( 2)
 107 S   0.00005 0.53396 0.27574 0.19025 ( 2)
 108 F   0.97749 0.01202 0.00621 0.00428 ( 1)
 109 P   0.00000 0.53399 0.27575 0.19026 ( 2)
 110 N   0.00847 0.52947 0.27341 0.18865 ( 2)
 111 S   0.00003 0.53397 0.27574 0.19026 ( 2)
 112 D   0.02333 0.52153 0.26931 0.18582 ( 2)
 113 I   0.02459 0.52086 0.26897 0.18558 ( 2)
 114 F   0.93321 0.03566 0.01842 0.01271 ( 1)
 115 K   0.33709 0.35399 0.18280 0.12613 ( 2)
 116 I   0.99621 0.00202 0.00105 0.00072 ( 1)
 117 E   0.00000 0.53399 0.27575 0.19026 ( 2)
 118 S   0.90079 0.05298 0.02736 0.01888 ( 1)
 119 K   0.00017 0.53390 0.27570 0.19023 ( 2)
 120 A   0.91879 0.04336 0.02239 0.01545 ( 1)
 121 I   0.38889 0.32633 0.16851 0.11627 ( 1)
 122 M   0.00000 0.53399 0.27575 0.19026 ( 2)
 123 N   0.00000 0.53399 0.27575 0.19026 ( 2)
 124 L   0.00019 0.53389 0.27570 0.19023 ( 2)
 125 V   0.00000 0.53399 0.27575 0.19026 ( 2)
 126 G   0.00002 0.53398 0.27574 0.19026 ( 2)
 127 E   0.00029 0.53383 0.27567 0.19021 ( 2)
 128 I   0.00034 0.53381 0.27565 0.19020 ( 2)
 129 N   0.00001 0.53398 0.27574 0.19026 ( 2)
 130 -   0.06576 0.49888 0.25762 0.17775 ( 2)
 131 -   0.43627 0.30102 0.15545 0.10726 ( 1)
 132 -   0.00922 0.52907 0.27321 0.18851 ( 2)
 133 -   0.72905 0.14468 0.07471 0.05155 ( 1)
 134 A   0.01179 0.52769 0.27250 0.18802 ( 2)
 135 R   0.00047 0.53374 0.27562 0.19017 ( 2)
 136 P   0.00686 0.53033 0.27386 0.18896 ( 2)
 137 E   0.02272 0.52186 0.26948 0.18594 ( 2)
 138 Y   0.06003 0.50194 0.25920 0.17884 ( 2)
 139 R   0.30469 0.37129 0.19173 0.13229 ( 2)
 140 V   0.51825 0.25725 0.13284 0.09166 ( 1)
 141 S   0.89441 0.05638 0.02912 0.02009 ( 1)
 142 R   0.13778 0.46042 0.23776 0.16405 ( 2)
 143 A   0.73405 0.14201 0.07333 0.05060 ( 1)
 144 E   0.36899 0.33695 0.17400 0.12006 ( 1)
 145 F   0.99490 0.00272 0.00141 0.00097 ( 1)
 146 S   0.00003 0.53397 0.27574 0.19026 ( 2)
 147 E   0.00000 0.53399 0.27575 0.19026 ( 2)
 148 S   0.02006 0.52328 0.27022 0.18645 ( 2)
 149 T   0.00008 0.53395 0.27573 0.19025 ( 2)
 150 -   0.43627 0.30102 0.15545 0.10726 ( 1)
 151 A   0.00003 0.53397 0.27574 0.19026 ( 2)
 152 F   0.00003 0.53397 0.27574 0.19026 ( 2)
 153 I   0.00110 0.53340 0.27544 0.19005 ( 2)
 154 Y   0.00000 0.53399 0.27575 0.19026 ( 2)
 155 L   0.00011 0.53393 0.27572 0.19024 ( 2)
 156 Y   0.99269 0.00390 0.00201 0.00139 ( 1)
 157 D   0.08340 0.48945 0.25275 0.17439 ( 2)
 158 A   0.00120 0.53335 0.27542 0.19003 ( 2)
 159 G   0.03792 0.51374 0.26529 0.18305 ( 2)
 160 N   0.94916 0.02715 0.01402 0.00967 ( 1)
 161 S   0.00165 0.53311 0.27529 0.18995 ( 2)
 162 -   0.43627 0.30102 0.15545 0.10726 ( 1)
 163 G   0.83324 0.08905 0.04598 0.03173 ( 1)
 164 L   0.00000 0.53399 0.27575 0.19026 ( 2)
 165 S   0.00013 0.53392 0.27571 0.19024 ( 2)
 166 S   0.00007 0.53395 0.27573 0.19025 ( 2)
 167 M   0.48753 0.27365 0.14131 0.09750 ( 1)
 168 T   0.97653 0.01253 0.00647 0.00447 ( 1)
 169 I   0.94663 0.02850 0.01472 0.01015 ( 1)
 170 T   0.29955 0.37403 0.19315 0.13327 ( 2)
 171 S   0.99067 0.00498 0.00257 0.00178 ( 1)
 172 K   0.00077 0.53358 0.27553 0.19012 ( 2)
 173 L   0.48159 0.27683 0.14295 0.09863 ( 1)
 174 P   0.93944 0.03234 0.01670 0.01152 ( 1)
 175 G   0.47274 0.28155 0.14539 0.10032 ( 1)
 176 I   0.00056 0.53369 0.27559 0.19016 ( 2)
 177 K   0.00000 0.53399 0.27575 0.19026 ( 2)
 178 N   0.00053 0.53371 0.27560 0.19016 ( 2)
 179 P   0.00006 0.53396 0.27573 0.19025 ( 2)
 180 E   0.00001 0.53399 0.27575 0.19026 ( 2)
 181 -   0.55084 0.23985 0.12386 0.08546 ( 1)
 182 P   0.96430 0.01906 0.00984 0.00679 ( 1)
 183 S   0.14643 0.45580 0.23537 0.16240 ( 2)
 184 Y   0.00000 0.53399 0.27575 0.19026 ( 2)
 185 R   0.00001 0.53399 0.27575 0.19026 ( 2)
 186 D   0.59478 0.21638 0.11174 0.07710 ( 1)
 187 Y   0.01845 0.52414 0.27066 0.18675 ( 2)
 188 S   0.88313 0.06241 0.03223 0.02224 ( 1)
 189 H   0.93097 0.03686 0.01903 0.01313 ( 1)
 190 R   0.27178 0.38886 0.20081 0.13855 ( 2)
 191 L   0.92358 0.04081 0.02107 0.01454 ( 1)
 192 S   0.91858 0.04348 0.02245 0.01549 ( 1)
 193 N   0.99850 0.00080 0.00041 0.00029 ( 1)
 194 A   0.83311 0.08912 0.04602 0.03175 ( 1)
 195 A   0.97509 0.01330 0.00687 0.00474 ( 1)
 196 C   0.99239 0.00406 0.00210 0.00145 ( 1)
 197 V   0.99236 0.00408 0.00211 0.00145 ( 1)
 198 G   0.00079 0.53357 0.27553 0.19011 ( 2)
 199 A   0.00000 0.53399 0.27575 0.19026 ( 2)
 200 -   0.43627 0.30102 0.15545 0.10726 ( 1)
 201 -   0.43627 0.30102 0.15545 0.10726 ( 1)
 202 G   0.00038 0.53378 0.27564 0.19019 ( 2)
 203 N   0.00190 0.53298 0.27523 0.18990 ( 2)
 204 S   0.01404 0.52649 0.27188 0.18759 ( 2)
 205 R   0.23147 0.41039 0.21192 0.14622 ( 2)
 206 I   0.08374 0.48928 0.25266 0.17433 ( 2)
 207 N   0.39188 0.32473 0.16769 0.11570 ( 1)
 208 V   0.97430 0.01372 0.00709 0.00489 ( 1)
 209 Y   0.34108 0.35186 0.18170 0.12537 ( 2)
 210 G   0.99485 0.00275 0.00142 0.00098 ( 1)
 211 W   0.85828 0.07568 0.03908 0.02696 ( 1)
 212 T   0.72150 0.14872 0.07680 0.05299 ( 1)
 213 H   0.99465 0.00286 0.00148 0.00102 ( 1)
 214 -   0.87384 0.06737 0.03479 0.02400 ( 1)


lnL = -3331.543240

