Supplemental results for CODEML (seqf: algn  treef: tree)


dN/dS (w) for site classes (K=4)

site class             0        1       2a       2b
proportion       0.35190  0.59701  0.01895  0.03214
background w     0.02405  0.37851  0.02405  0.37851
foreground w     0.02405  0.37851 999.00000 999.00000

Naive Empirical Bayes (NEB) probabilities for 4 classes
(amino acids refer to 1st sequence: BT_Cry7Ba1)

   1 -   0.44439 0.50452 0.02393 0.02716 ( 2)
   2 -   0.58512 0.36379 0.03150 0.01959 ( 1)
   3 -   0.00530 0.94361 0.00029 0.05081 ( 2)
   4 -   0.00028 0.94863 0.00001 0.05108 ( 2)
   5 -   0.04845 0.90046 0.00261 0.04848 ( 2)
   6 -   0.62214 0.32676 0.03350 0.01759 ( 1)
   7 S   0.01471 0.98286 0.00003 0.00239 ( 2)
   8 K   0.00268 0.99413 0.00001 0.00318 ( 2)
   9 I   0.27555 0.71080 0.00409 0.00955 ( 2)
  10 L   0.02072 0.97564 0.00007 0.00356 ( 2)
  11 K   0.02831 0.96855 0.00008 0.00306 ( 2)
  12 E   0.00785 0.98893 0.00002 0.00319 ( 2)
  13 I   0.89977 0.09739 0.00255 0.00029 ( 1)
  14 L   0.12231 0.87571 0.00024 0.00175 ( 2)
  15 D   0.30960 0.68730 0.00091 0.00220 ( 2)
  16 Y   0.01648 0.98020 0.00005 0.00327 ( 2)
  17 L   0.79036 0.20601 0.00286 0.00077 ( 1)
  18 W   0.64374 0.35164 0.00298 0.00163 ( 1)
  19 P   0.83459 0.16134 0.00341 0.00066 ( 1)
  20 S   0.83938 0.15835 0.00190 0.00037 ( 1)
  21 S   0.00082 0.99598 0.00000 0.00319 ( 2)
  22 S   0.00922 0.98734 0.00003 0.00340 ( 2)
  23 S   0.01342 0.98117 0.00007 0.00534 ( 2)
  24 S   0.01055 0.98107 0.00009 0.00829 ( 2)
  25 N   0.03465 0.84103 0.04619 0.07813 ( 2)
  26 S   0.00172 0.99512 0.00001 0.00316 ( 2)
  27 W   0.64374 0.35164 0.00298 0.00163 ( 1)
  28 E   0.90479 0.09148 0.00336 0.00037 ( 1)
  29 E   0.00091 0.99596 0.00000 0.00313 ( 2)
  30 M   0.45864 0.53995 0.00063 0.00077 ( 2)
  31 M   0.52193 0.47671 0.00070 0.00066 ( 1)
  32 K   0.19597 0.80163 0.00046 0.00194 ( 2)
  33 E   0.01602 0.97989 0.00006 0.00403 ( 2)
  34 V   0.82689 0.16878 0.00355 0.00078 ( 1)
  35 E   0.89599 0.10102 0.00268 0.00031 ( 1)
  36 Y   0.02665 0.97010 0.00008 0.00317 ( 2)
  37 L   0.84568 0.15239 0.00163 0.00030 ( 1)
  38 I   0.28862 0.70842 0.00082 0.00214 ( 2)
  39 D   0.92880 0.06825 0.00274 0.00022 ( 1)
  40 K   0.24753 0.74936 0.00074 0.00238 ( 2)
  41 K   0.90998 0.08711 0.00264 0.00027 ( 1)
  42 I   0.92823 0.06874 0.00281 0.00023 ( 1)
  43 E   0.02914 0.96770 0.00009 0.00307 ( 2)
  44 E   0.28103 0.71505 0.00105 0.00287 ( 2)
  45 Y   0.20527 0.79157 0.00063 0.00253 ( 2)
  46 A   0.27993 0.71698 0.00082 0.00227 ( 2)
  47 R   0.87349 0.12504 0.00128 0.00019 ( 1)
  48 N   0.35486 0.64273 0.00082 0.00160 ( 2)
  49 K   0.25784 0.73976 0.00061 0.00179 ( 2)
  50 A   0.88594 0.11110 0.00261 0.00035 ( 1)
  51 L   0.19384 0.80419 0.00037 0.00160 ( 2)
  52 A   0.20336 0.44225 0.08816 0.26623 ( 2)
  53 V   0.00009 0.07828 0.21733 0.70430 ( 4)
  54 L   0.78143 0.21506 0.00274 0.00077 ( 1)
  55 E   0.00222 0.99374 0.00001 0.00404 ( 2)
  56 G   0.89987 0.09814 0.00179 0.00020 ( 1)
  57 I   0.24554 0.75116 0.00077 0.00253 ( 2)
  58 G   0.87777 0.09386 0.02546 0.00291 ( 1)
  59 N   0.06205 0.93545 0.00015 0.00235 ( 2)
  60 A   0.16177 0.83543 0.00043 0.00237 ( 2)
  61 V   0.01508 0.98019 0.00007 0.00466 ( 2)
  62 E   0.00012 0.99586 0.00000 0.00402 ( 2)
  63 S   0.00011 0.07726 0.25481 0.66782 ( 4)
  64 Y   0.85638 0.14056 0.00262 0.00045 ( 1)
  65 Y   0.01477 0.98191 0.00005 0.00328 ( 2)
  66 S   0.00166 0.99704 0.00000 0.00130 ( 2)
  67 A   0.22415 0.77266 0.00068 0.00250 ( 2)
  68 L   0.78884 0.20744 0.00293 0.00079 ( 1)
  69 E   0.20943 0.78662 0.00078 0.00316 ( 2)
  70 A   0.00070 0.99537 0.00000 0.00393 ( 2)
  71 W   0.64374 0.35164 0.00298 0.00163 ( 1)
  72 -   0.04657 0.90234 0.00251 0.04858 ( 2)
  73 E   0.36280 0.63332 0.00135 0.00253 ( 2)
  74 L   0.01104 0.98499 0.00004 0.00392 ( 2)
  75 E   0.00064 0.99513 0.00000 0.00423 ( 2)
  76 S   0.02229 0.97524 0.00005 0.00243 ( 2)
  77 S   0.04028 0.95843 0.00005 0.00124 ( 2)
  78 E   0.00215 0.99371 0.00001 0.00413 ( 2)
  79 R   0.80717 0.19161 0.00098 0.00024 ( 1)
  80 S   0.00128 0.99742 0.00000 0.00130 ( 2)
  81 L   0.04730 0.94877 0.00018 0.00374 ( 2)
  82 E   0.01036 0.98546 0.00004 0.00413 ( 2)
  83 L   0.18079 0.60882 0.04512 0.16527 ( 2)
  84 V   0.85776 0.13791 0.00369 0.00064 ( 1)
  85 L   0.00061 0.99579 0.00000 0.00360 ( 2)
  86 E   0.00000 0.00028 0.16379 0.83593 ( 4)
  87 R   0.21404 0.78362 0.00050 0.00183 ( 2)
  88 Y   0.24097 0.75588 0.00074 0.00241 ( 2)
  89 Q   0.00000 0.00053 0.00008 0.99938 ( 4)
  90 F   0.00101 0.83866 0.00206 0.15827 ( 2)
  91 A   0.01837 0.97765 0.00007 0.00391 ( 2)
  92 V   0.02129 0.97432 0.00009 0.00430 ( 2)
  93 Q   0.12892 0.86745 0.00047 0.00316 ( 2)
  94 F   0.03182 0.96519 0.00009 0.00290 ( 2)
  95 A   0.02691 0.96980 0.00008 0.00321 ( 2)
  96 R   0.02349 0.97489 0.00004 0.00158 ( 2)
  97 S   0.00000 0.76614 0.00002 0.23384 ( 2)
  98 S   0.00000 0.00811 0.01577 0.97612 ( 4)
  99 M   0.32648 0.67212 0.00045 0.00096 ( 2)
 100 P   0.88344 0.11482 0.00154 0.00020 ( 1)
 101 S   0.79107 0.20596 0.00234 0.00062 ( 1)
 102 F   0.91999 0.07732 0.00247 0.00022 ( 1)
 103 A   0.88931 0.10688 0.00339 0.00042 ( 1)
 104 I   0.02811 0.88292 0.00328 0.08570 ( 2)
 105 I   0.00001 0.12351 0.17442 0.70206 ( 4)
 106 N   0.01601 0.98139 0.00004 0.00256 ( 2)
 107 Y   0.01524 0.98144 0.00005 0.00328 ( 2)
 108 E   0.89820 0.09807 0.00334 0.00039 ( 1)
 109 I   0.41447 0.58253 0.00121 0.00179 ( 2)
 110 P   0.80445 0.18573 0.00797 0.00184 ( 1)
 111 L   0.80345 0.19292 0.00290 0.00072 ( 1)
 112 L   0.80345 0.19292 0.00290 0.00072 ( 1)
 113 A   0.01868 0.97815 0.00006 0.00311 ( 2)
 114 T   0.04124 0.95627 0.00010 0.00239 ( 2)
 115 Y   0.85315 0.14378 0.00261 0.00046 ( 1)
 116 A   0.90759 0.08946 0.00267 0.00028 ( 1)
 117 N   0.01715 0.98027 0.00004 0.00253 ( 2)
 118 A   0.88998 0.10734 0.00238 0.00030 ( 1)
 119 A   0.19145 0.80546 0.00056 0.00253 ( 2)
 120 N   0.88959 0.10808 0.00206 0.00027 ( 1)
 121 V   0.00852 0.98731 0.00003 0.00413 ( 2)
 122 H   0.86083 0.13754 0.00139 0.00023 ( 1)
 123 L   0.78583 0.21054 0.00284 0.00079 ( 1)
 124 L   0.75329 0.24476 0.00146 0.00049 ( 1)
 125 L   0.80345 0.19292 0.00290 0.00072 ( 1)
 126 M   0.13391 0.86464 0.00019 0.00127 ( 2)
 127 R   0.86877 0.12976 0.00127 0.00020 ( 1)
 128 D   0.89285 0.10419 0.00263 0.00033 ( 1)
 129 I   0.04606 0.95055 0.00015 0.00324 ( 2)
 130 Q   0.00983 0.98769 0.00002 0.00246 ( 2)
 131 I   0.90873 0.08822 0.00276 0.00029 ( 1)
 132 Y   0.28073 0.71057 0.00246 0.00625 ( 2)
 133 G   0.86683 0.13045 0.00237 0.00036 ( 1)
 134 D   0.03301 0.96376 0.00010 0.00313 ( 2)
 135 R   0.00190 0.93029 0.00031 0.06750 ( 2)
 136 W   0.64374 0.35164 0.00298 0.00163 ( 1)
 137 G   0.01268 0.35033 0.03012 0.60686 ( 4)
 138 I   0.12576 0.87090 0.00039 0.00295 ( 2)
 139 S   0.00122 0.87400 0.00235 0.12242 ( 2)
 140 Q   0.01549 0.98212 0.00004 0.00235 ( 2)
 141 N   0.00000 0.99740 0.00000 0.00260 ( 2)
 142 D   0.45200 0.54489 0.00136 0.00175 ( 2)
 143 M   0.04034 0.78768 0.03217 0.13981 ( 2)
 144 N   0.00051 0.90981 0.00077 0.08891 ( 2)
 145 L   0.00074 0.99157 0.00001 0.00768 ( 2)
 146 F   0.16999 0.82727 0.00046 0.00227 ( 2)
 147 L   0.01745 0.97867 0.00007 0.00381 ( 2)
 148 K   0.02303 0.97384 0.00007 0.00306 ( 2)
 149 E   0.01110 0.98467 0.00005 0.00418 ( 2)
 150 Q   0.81104 0.18669 0.00184 0.00043 ( 1)
 151 E   0.20886 0.78711 0.00080 0.00323 ( 2)
 152 I   0.00008 0.94101 0.00004 0.05888 ( 2)
 153 Y   0.00084 0.99039 0.00001 0.00876 ( 2)
 154 T   0.81465 0.18252 0.00231 0.00052 ( 1)
 155 S   0.00937 0.71241 0.06097 0.21724 ( 2)
 156 E   0.25691 0.73908 0.00099 0.00302 ( 2)
 157 Y   0.81721 0.17972 0.00250 0.00057 ( 1)
 158 S   0.13365 0.85525 0.00160 0.00950 ( 2)
 159 E   0.46966 0.52644 0.00178 0.00213 ( 2)
 160 H   0.02634 0.47073 0.42976 0.07317 ( 2)
 161 C   0.78340 0.20984 0.00533 0.00143 ( 1)
 162 V   0.00576 0.27152 0.02471 0.69801 ( 4)
 163 K   0.83193 0.16571 0.00196 0.00040 ( 1)
 164 W   0.64374 0.35164 0.00298 0.00163 ( 1)
 165 Y   0.78915 0.20778 0.00241 0.00066 ( 1)
 166 N   0.03020 0.96735 0.00007 0.00238 ( 2)
 167 E   0.01092 0.98588 0.00003 0.00317 ( 2)
 168 G   0.85342 0.14458 0.00171 0.00030 ( 1)
 169 L   0.80345 0.19292 0.00290 0.00072 ( 1)
 170 N   0.00009 0.99738 0.00000 0.00253 ( 2)
 171 Q   0.31341 0.68425 0.00073 0.00162 ( 2)
 172 L   0.78827 0.20822 0.00276 0.00074 ( 1)
 173 K   0.90998 0.08711 0.00264 0.00027 ( 1)
 174 T   0.38666 0.61114 0.00082 0.00138 ( 2)
 175 K   0.39129 0.60564 0.00114 0.00193 ( 2)
 176 G   0.38734 0.61090 0.00066 0.00111 ( 2)
 177 G   0.83959 0.15403 0.00539 0.00099 ( 1)
 178 A   0.24705 0.74979 0.00075 0.00240 ( 2)
 179 S   0.02028 0.97849 0.00002 0.00121 ( 2)
 180 G   0.24459 0.75362 0.00042 0.00136 ( 2)
 181 L   0.00121 0.99489 0.00000 0.00390 ( 2)
 182 V   0.00010 0.99561 0.00000 0.00429 ( 2)
 183 W   0.64374 0.35164 0.00298 0.00163 ( 1)
 184 E   0.00814 0.98865 0.00003 0.00318 ( 2)
 185 N   0.02027 0.97722 0.00005 0.00246 ( 2)
 186 Y   0.85638 0.14056 0.00262 0.00045 ( 1)
 187 N   0.20782 0.79022 0.00040 0.00156 ( 2)
 188 S   0.00469 0.99398 0.00001 0.00132 ( 2)
 189 F   0.79318 0.20413 0.00214 0.00056 ( 1)
 190 R   0.69549 0.30331 0.00084 0.00037 ( 1)
 191 T   0.25725 0.74032 0.00060 0.00182 ( 2)
 192 E   0.87457 0.12170 0.00325 0.00049 ( 1)
 193 M   0.94324 0.05542 0.00127 0.00008 ( 1)
 194 T   0.89402 0.10370 0.00203 0.00025 ( 1)
 195 I   0.00092 0.98872 0.00001 0.01034 ( 2)
 196 M   0.41647 0.58216 0.00056 0.00082 ( 2)
 197 V   0.88331 0.11237 0.00380 0.00052 ( 1)
 198 L   0.80345 0.19292 0.00290 0.00072 ( 1)
 199 D   0.92880 0.06825 0.00274 0.00022 ( 1)
 200 L   0.73534 0.26269 0.00143 0.00053 ( 1)
 201 V   0.87367 0.12201 0.00376 0.00056 ( 1)
 202 A   0.88064 0.11667 0.00236 0.00033 ( 1)
 203 I   0.24719 0.74951 0.00077 0.00253 ( 2)
 204 F   0.91999 0.07732 0.00247 0.00022 ( 1)
 205 P   0.88344 0.11482 0.00154 0.00020 ( 1)
 206 A   0.01209 0.98014 0.00009 0.00768 ( 2)


lnL = -2305.091127

