Supplemental results for CODEML (seqf: algn  treef: tree)


dN/dS (w) for site classes (K=4)

site class             0        1       2a       2b
proportion       0.21266  0.05753  0.57440  0.15540
background w     0.10572  0.75291  0.10572  0.75291
foreground w     0.10572  0.75291  0.02354  0.02354

Naive Empirical Bayes (NEB) probabilities for 4 classes
(amino acids refer to 1st sequence: BT_Cry1Fa1)

   1 -   0.24373 0.01697 0.69201 0.04730 ( 3)
   2 -   0.07533 0.21607 0.16502 0.54358 ( 4)
   3 -   0.13344 0.11235 0.37118 0.38303 ( 4)
   4 -   0.25714 0.00008 0.74241 0.00037 ( 3)
   5 R   0.56447 0.06957 0.35571 0.01025 ( 1)
   6 I   0.25771 0.00002 0.74215 0.00011 ( 3)
   7 T   0.25852 0.00026 0.74010 0.00112 ( 3)
   8 Q   0.26396 0.00046 0.73396 0.00161 ( 3)
   9 I   0.25742 0.00023 0.74130 0.00104 ( 3)
  10 P   0.26232 0.00014 0.73702 0.00052 ( 3)
  11 L   0.24832 0.01876 0.67765 0.05527 ( 3)
  12 V   0.25903 0.00005 0.74069 0.00022 ( 3)
  13 K   0.25994 0.00024 0.73887 0.00095 ( 3)
  14 A   0.25923 0.00071 0.73723 0.00284 ( 3)
  15 H   0.25969 0.00106 0.73497 0.00428 ( 3)
  16 T   0.26628 0.00102 0.72958 0.00312 ( 3)
  17 L   0.22441 0.02890 0.63358 0.11311 ( 3)
  18 Q   0.00267 0.24975 0.00729 0.74029 ( 4)
  19 S   0.26225 0.00124 0.73213 0.00438 ( 3)
  20 G   0.25939 0.00008 0.74020 0.00034 ( 3)
  21 T   0.25690 0.00116 0.73702 0.00492 ( 3)
  22 T   0.25038 0.00478 0.72301 0.02183 ( 3)
  23 V   0.25751 0.00010 0.74195 0.00044 ( 3)
  24 V   0.25670 0.00176 0.73398 0.00755 ( 3)
  25 R   0.00153 0.20059 0.00435 0.79353 ( 4)
  26 G   0.26783 0.00006 0.73194 0.00017 ( 3)
  27 P   0.25466 0.00630 0.71522 0.02382 ( 3)
  28 G   0.26721 0.00064 0.73024 0.00191 ( 3)
  29 F   0.25924 0.00002 0.74063 0.00010 ( 3)
  30 T   0.25916 0.00008 0.74044 0.00032 ( 3)
  31 G   0.26045 0.00004 0.73936 0.00015 ( 3)
  32 G   0.26178 0.00009 0.73779 0.00034 ( 3)
  33 D   0.25683 0.00027 0.74163 0.00127 ( 3)
  34 I   0.25136 0.01417 0.69045 0.04403 ( 3)
  35 L   0.26504 0.00305 0.72295 0.00897 ( 3)
  36 -   0.21542 0.05477 0.58186 0.14795 ( 3)
  37 R   0.01432 0.22692 0.03938 0.71938 ( 4)
  38 R   0.26625 0.00035 0.73230 0.00111 ( 3)
  39 T   0.22912 0.02072 0.65837 0.09179 ( 3)
  40 S   0.24915 0.00573 0.71838 0.02673 ( 3)
  41 G   0.13683 0.09623 0.38655 0.38039 ( 3)
  42 G   0.25972 0.00133 0.73370 0.00525 ( 3)
  43 P   0.08820 0.13838 0.24781 0.52561 ( 4)
  44 F   0.19040 0.04988 0.54393 0.21579 ( 3)
  45 A   0.25757 0.00010 0.74190 0.00044 ( 3)
  46 Y   0.00407 0.19678 0.01154 0.78762 ( 4)
  47 T   0.00903 0.18001 0.02585 0.78511 ( 4)
  48 I   0.00561 0.17928 0.01618 0.79893 ( 4)
  49 V   0.25740 0.00006 0.74224 0.00030 ( 3)
  50 N   0.22334 0.02272 0.64687 0.10708 ( 3)
  51 I   0.12454 0.12525 0.34189 0.40832 ( 4)
  52 N   0.25201 0.01079 0.69958 0.03762 ( 3)
  53 G   0.00004 0.26370 0.00009 0.73617 ( 4)
  54 -   0.22162 0.04857 0.59862 0.13119 ( 3)
  55 Q   0.00012 0.24032 0.00033 0.75924 ( 4)
  56 L   0.26645 0.00081 0.73025 0.00249 ( 3)
  57 P   0.24699 0.01413 0.69005 0.04884 ( 3)
  58 Q   0.26418 0.00028 0.73458 0.00096 ( 3)
  59 R   0.26167 0.00093 0.73396 0.00344 ( 3)
  60 Y   0.26136 0.00004 0.73843 0.00017 ( 3)
  61 R   0.25574 0.00606 0.71584 0.02235 ( 3)
  62 A   0.25313 0.00330 0.72864 0.01493 ( 3)
  63 R   0.25978 0.00001 0.74015 0.00006 ( 3)
  64 I   0.25752 0.00016 0.74164 0.00069 ( 3)
  65 R   0.26350 0.00501 0.71707 0.01442 ( 3)
  66 Y   0.26127 0.00011 0.73819 0.00043 ( 3)
  67 A   0.24928 0.01030 0.70159 0.03884 ( 3)
  68 S   0.26064 0.00003 0.73919 0.00014 ( 3)
  69 T   0.25718 0.00004 0.74262 0.00016 ( 3)
  70 T   0.25728 0.00002 0.74259 0.00011 ( 3)
  71 N   0.25526 0.00252 0.73165 0.01057 ( 3)
  72 L   0.21269 0.04434 0.59065 0.15232 ( 3)
  73 R   0.25886 0.00068 0.73755 0.00290 ( 3)
  74 I   0.50356 0.11217 0.33036 0.05391 ( 1)
  75 Y   0.22986 0.03662 0.62646 0.10706 ( 3)
  76 V   0.20839 0.03696 0.59587 0.15878 ( 3)
  77 T   0.18284 0.07778 0.50107 0.23832 ( 3)
  78 V   0.20371 0.30642 0.18650 0.30337 ( 2)
  79 A   0.25806 0.00091 0.73715 0.00388 ( 3)
  80 G   0.25163 0.01085 0.70114 0.03638 ( 3)
  81 E   0.00164 0.18856 0.00469 0.80511 ( 4)
  82 R   0.24279 0.02154 0.66764 0.06803 ( 3)
  83 I   0.25454 0.00155 0.73673 0.00718 ( 3)
  84 F   0.22605 0.02407 0.64580 0.10407 ( 3)
  85 A   0.25399 0.00260 0.73159 0.01182 ( 3)
  86 G   0.21389 0.03323 0.61033 0.14256 ( 3)
  87 Q   0.00254 0.22111 0.00705 0.76931 ( 4)
  88 F   0.24829 0.00796 0.70934 0.03441 ( 3)
  89 N   0.25999 0.00233 0.72955 0.00813 ( 3)
  90 K   0.25880 0.00002 0.74111 0.00008 ( 3)
  91 T   0.25876 0.00006 0.74092 0.00026 ( 3)
  92 M   0.26040 0.00031 0.73803 0.00126 ( 3)
  93 D   0.45294 0.07047 0.40903 0.06756 ( 1)
  94 T   0.21344 0.03660 0.60665 0.14331 ( 3)
  95 G   0.24412 0.01118 0.69662 0.04808 ( 3)
  96 D   0.02087 0.19213 0.05893 0.72807 ( 4)
  97 P   0.03261 0.18255 0.09162 0.69322 ( 4)
  98 L   0.26076 0.00227 0.72875 0.00821 ( 3)
  99 T   0.25827 0.00044 0.73939 0.00190 ( 3)
 100 F   0.25504 0.01089 0.70013 0.03393 ( 3)
 101 Q   0.15158 0.09531 0.42147 0.33164 ( 3)
 102 S   0.25736 0.00251 0.72988 0.01025 ( 3)
 103 F   0.25912 0.00011 0.74029 0.00048 ( 3)
 104 S   0.11627 0.09713 0.33522 0.45138 ( 4)
 105 Y   0.00325 0.25180 0.00886 0.73610 ( 4)
 106 A   0.25894 0.00027 0.73966 0.00114 ( 3)
 107 T   0.25719 0.00002 0.74267 0.00011 ( 3)
 108 I   0.25537 0.00098 0.73912 0.00453 ( 3)
 109 N   0.00507 0.45354 0.00405 0.53734 ( 4)
 110 T   0.25351 0.00390 0.72576 0.01683 ( 3)
 111 A   0.20763 0.03690 0.59490 0.16057 ( 3)
 112 F   0.25651 0.00201 0.73279 0.00869 ( 3)
 113 T   0.25517 0.00269 0.73052 0.01161 ( 3)
 114 F   0.26674 0.00024 0.73227 0.00075 ( 3)
 115 P   0.13185 0.10378 0.37045 0.39392 ( 4)
 116 M   0.00180 0.40923 0.00257 0.58641 ( 4)
 117 S   0.00023 0.61720 0.00019 0.38238 ( 2)
 118 Q   0.00000 0.63731 0.00000 0.36269 ( 2)
 119 S   0.26124 0.00473 0.71903 0.01500 ( 3)
 120 S   0.05892 0.18714 0.16206 0.59188 ( 4)
 121 F   0.03877 0.21069 0.10623 0.64430 ( 4)
 122 T   0.25687 0.00036 0.74116 0.00162 ( 3)
 123 V   0.25713 0.00144 0.73525 0.00618 ( 3)
 124 G   0.25948 0.00001 0.74045 0.00006 ( 3)
 125 A   0.25867 0.00021 0.74025 0.00088 ( 3)
 126 D   0.25715 0.00005 0.74259 0.00021 ( 3)
 127 T   0.05510 0.14376 0.15865 0.64249 ( 4)
 128 F   0.25918 0.00008 0.74042 0.00033 ( 3)
 129 S   0.00564 0.20885 0.01586 0.76965 ( 4)
 130 S   0.24930 0.01152 0.69731 0.04187 ( 3)
 131 G   0.19752 0.04541 0.56346 0.19361 ( 3)
 132 N   0.22959 0.01854 0.66486 0.08701 ( 3)
 133 E   0.25750 0.00139 0.73518 0.00594 ( 3)
 134 V   0.25720 0.00020 0.74170 0.00090 ( 3)
 135 Y   0.26136 0.00004 0.73843 0.00017 ( 3)
 136 I   0.21873 0.03377 0.61339 0.13411 ( 3)
 137 D   0.25759 0.00001 0.74234 0.00005 ( 3)
 138 R   0.25600 0.00280 0.72937 0.01183 ( 3)
 139 F   0.21474 0.03223 0.61349 0.13954 ( 3)
 140 E   0.25937 0.00002 0.74054 0.00007 ( 3)
 141 L   0.14482 0.11245 0.39710 0.34563 ( 3)
 142 I   0.26646 0.00039 0.73194 0.00121 ( 3)
 143 P   0.21266 0.05753 0.57440 0.15540 ( 3)


lnL = -2519.382744

