Supplemental results for CODEML (seqf: algn  treef: tree)


dN/dS (w) for site classes (K=4)

site class             0        1       2a       2b
proportion       0.30398  0.32544  0.17897  0.19160
background w     0.04023  0.80346  0.04023  0.80346
foreground w     0.04023  0.80346  0.00000  0.00000

Naive Empirical Bayes (NEB) probabilities for 4 classes
(amino acids refer to 1st sequence: BT_Cry1Bb1)

   1 R   0.61883 0.00934 0.36586 0.00597 ( 1)
   2 I   0.62113 0.00675 0.36770 0.00442 ( 1)
   3 T   0.61769 0.01025 0.36542 0.00664 ( 1)
   4 Q   0.60309 0.02528 0.35598 0.01565 ( 1)
   5 I   0.60484 0.02241 0.35806 0.01469 ( 1)
   6 P   0.61693 0.01132 0.36457 0.00718 ( 1)
   7 L   0.12434 0.50052 0.07330 0.30184 ( 2)
   8 V   0.61933 0.00872 0.36633 0.00562 ( 1)
   9 K   0.60480 0.02385 0.35676 0.01459 ( 1)
  10 A   0.60221 0.02656 0.35510 0.01612 ( 1)
  11 L   0.19411 0.42322 0.11470 0.26797 ( 2)
  12 N   0.40527 0.21473 0.23986 0.14015 ( 1)
  13 L   0.61951 0.00870 0.36624 0.00555 ( 1)
  14 H   0.00000 0.62217 0.00000 0.37783 ( 2)
  15 S   0.61546 0.01260 0.36388 0.00806 ( 1)
  16 G   0.61969 0.00851 0.36637 0.00544 ( 1)
  17 V   0.00647 0.61732 0.00382 0.37239 ( 2)
  18 T   0.00962 0.60784 0.00568 0.37687 ( 2)
  19 V   0.60118 0.02772 0.35439 0.01672 ( 1)
  20 V   0.10666 0.50143 0.06314 0.32877 ( 2)
  21 G   0.05684 0.55366 0.03361 0.35588 ( 2)
  22 G   0.59599 0.03150 0.35236 0.02014 ( 1)
  23 P   0.61793 0.01024 0.36529 0.00653 ( 1)
  24 G   0.61377 0.01447 0.36264 0.00913 ( 1)
  25 F   0.62327 0.00486 0.36873 0.00315 ( 1)
  26 T   0.61769 0.01025 0.36542 0.00664 ( 1)
  27 G   0.61288 0.01565 0.36178 0.00970 ( 1)
  28 G   0.60165 0.02628 0.35548 0.01659 ( 1)
  29 D   0.62364 0.00454 0.36890 0.00293 ( 1)
  30 I   0.61895 0.00884 0.36641 0.00580 ( 1)
  31 L   0.58395 0.04500 0.34410 0.02695 ( 1)
  32 R   0.06668 0.54085 0.03946 0.35301 ( 2)
  33 R   0.60137 0.02723 0.35474 0.01666 ( 1)
  34 T   0.48956 0.13366 0.28971 0.08706 ( 1)
  35 N   0.11999 0.48998 0.07101 0.31902 ( 2)
  36 T   0.00001 0.60946 0.00001 0.39052 ( 2)
  37 G   0.58739 0.04149 0.34619 0.02493 ( 1)
  38 -   0.30398 0.32544 0.17897 0.19160 ( 2)
  39 -   0.30398 0.32544 0.17897 0.19160 ( 2)
  40 -   0.30398 0.32544 0.17897 0.19160 ( 2)
  41 -   0.30398 0.32544 0.17897 0.19160 ( 2)
  42 T   0.00000 0.99989 0.00000 0.00011 ( 2)
  43 F   0.27587 0.35121 0.16256 0.21035 ( 2)
  44 G   0.58145 0.04724 0.34278 0.02853 ( 1)
  45 D   0.00018 0.99965 0.00000 0.00017 ( 2)
  46 I   0.38979 0.23407 0.23016 0.14597 ( 1)
  47 R   0.56088 0.06730 0.33080 0.04101 ( 1)
  48 L   0.26558 0.35092 0.15709 0.22641 ( 2)
  49 N   0.02517 0.59854 0.01484 0.36146 ( 2)
  50 I   0.42850 0.19577 0.25310 0.12263 ( 1)
  51 N   0.41703 0.20413 0.24671 0.13213 ( 1)
  52 V   0.00092 0.61213 0.00054 0.38641 ( 2)
  53 P   0.01467 0.59572 0.00867 0.38094 ( 2)
  54 L   0.26275 0.35851 0.15515 0.22358 ( 2)
  55 S   0.24527 0.37324 0.14494 0.23655 ( 2)
  56 Q   0.60309 0.02528 0.35598 0.01565 ( 1)
  57 R   0.47925 0.14363 0.28360 0.09351 ( 1)
  58 Y   0.61659 0.01172 0.36430 0.00740 ( 1)
  59 R   0.01920 0.59430 0.01134 0.37516 ( 2)
  60 V   0.54585 0.07917 0.32312 0.05185 ( 1)
  61 R   0.54203 0.08460 0.32018 0.05318 ( 1)
  62 I   0.02580 0.59640 0.01521 0.36259 ( 2)
  63 R   0.61488 0.01345 0.36322 0.00845 ( 1)
  64 Y   0.61214 0.01605 0.36167 0.01013 ( 1)
  65 A   0.62132 0.00669 0.36764 0.00435 ( 1)
  66 S   0.58528 0.04350 0.34500 0.02622 ( 1)
  67 T   0.00275 0.60517 0.00163 0.39045 ( 2)
  68 T   0.00049 0.60751 0.00029 0.39171 ( 2)
  69 D   0.56910 0.05700 0.33678 0.03713 ( 1)
  70 L   0.00001 0.62048 0.00000 0.37951 ( 2)
  71 -   0.30398 0.32544 0.17897 0.19160 ( 2)
  72 Q   0.00000 0.60566 0.00000 0.39434 ( 2)
  73 F   0.05479 0.55679 0.03239 0.35603 ( 2)
  74 F   0.00000 0.60706 0.00000 0.39293 ( 2)
  75 T   0.01112 0.59623 0.00658 0.38607 ( 2)
  76 R   0.00262 0.60741 0.00155 0.38842 ( 2)
  77 I   0.00001 0.61302 0.00000 0.38698 ( 2)
  78 N   0.05561 0.56007 0.03284 0.35148 ( 2)
  79 G   0.00001 0.62440 0.00001 0.37558 ( 2)
  80 T   0.00003 0.61205 0.00002 0.38790 ( 2)
  81 T   0.05520 0.55690 0.03263 0.35527 ( 2)
  82 V   0.00003 0.62389 0.00002 0.37606 ( 2)
  83 N   0.00161 0.61145 0.00095 0.38599 ( 2)
  84 I   0.00215 0.61092 0.00127 0.38565 ( 2)
  85 G   0.00070 0.60332 0.00041 0.39557 ( 2)
  86 N   0.01648 0.59831 0.00973 0.37547 ( 2)
  87 F   0.43487 0.18687 0.25727 0.12100 ( 1)
  88 S   0.40735 0.21540 0.24073 0.13652 ( 1)
  89 R   0.03570 0.57414 0.02111 0.36904 ( 2)
  90 T   0.61972 0.00817 0.36678 0.00533 ( 1)
  91 M   0.62479 0.00353 0.36942 0.00226 ( 1)
  92 N   0.01847 0.60406 0.01089 0.36657 ( 2)
  93 R   0.00011 0.60788 0.00006 0.39195 ( 2)
  94 G   0.59606 0.03144 0.35240 0.02010 ( 1)
  95 D   0.06127 0.55105 0.03622 0.35146 ( 2)
  96 N   0.00011 0.99980 0.00000 0.00009 ( 2)
  97 L   0.59963 0.02866 0.35395 0.01776 ( 1)
  98 E   0.09658 0.51374 0.05714 0.33253 ( 2)
  99 Y   0.09676 0.51597 0.05721 0.33007 ( 2)
 100 R   0.11592 0.50080 0.06847 0.31481 ( 2)
 101 S   0.01331 0.61072 0.00784 0.36813 ( 2)
 102 F   0.62120 0.00775 0.36633 0.00471 ( 1)
 103 R   0.00442 0.60181 0.00261 0.39116 ( 2)
 104 T   0.00452 0.60790 0.00267 0.38491 ( 2)
 105 A   0.00210 0.60504 0.00124 0.39162 ( 2)
 106 G   0.08148 0.52833 0.04821 0.34198 ( 2)
 107 F   0.04708 0.57803 0.02775 0.34714 ( 2)
 108 S   0.00006 0.62185 0.00003 0.37806 ( 2)
 109 T   0.61939 0.00848 0.36659 0.00554 ( 1)
 110 P   0.61153 0.01657 0.36139 0.01050 ( 1)
 111 F   0.07078 0.53616 0.04190 0.35115 ( 2)
 112 N   0.03364 0.59015 0.01983 0.35639 ( 2)
 113 F   0.62327 0.00486 0.36873 0.00315 ( 1)
 114 L   0.23742 0.38238 0.14024 0.23996 ( 2)
 115 N   0.06571 0.55646 0.03875 0.33908 ( 2)
 116 A   0.19489 0.41806 0.11532 0.27173 ( 2)
 117 Q   0.60309 0.02528 0.35598 0.01565 ( 1)
 118 S   0.00136 0.60925 0.00081 0.38858 ( 2)
 119 T   0.08811 0.52498 0.05209 0.33483 ( 2)
 120 F   0.33495 0.28339 0.19815 0.18350 ( 1)
 121 T   0.01641 0.59164 0.00971 0.38224 ( 2)
 122 L   0.59011 0.03801 0.34833 0.02355 ( 1)
 123 G   0.00000 0.62543 0.00000 0.37456 ( 2)
 124 A   0.00905 0.61349 0.00534 0.37212 ( 2)
 125 Q   0.00000 0.61758 0.00000 0.38241 ( 2)
 126 S   0.00127 0.62266 0.00075 0.37532 ( 2)
 127 F   0.39634 0.23308 0.23335 0.13723 ( 1)
 128 S   0.36675 0.26267 0.21593 0.15465 ( 1)
 129 N   0.40120 0.22823 0.23621 0.13437 ( 1)
 130 Q   0.32640 0.30302 0.19217 0.17841 ( 1)
 131 E   0.00269 0.60735 0.00159 0.38836 ( 2)
 132 V   0.14423 0.46681 0.08534 0.30362 ( 2)
 133 Y   0.61659 0.01172 0.36430 0.00740 ( 1)
 134 I   0.62116 0.00673 0.36770 0.00441 ( 1)
 135 D   0.62364 0.00454 0.36890 0.00293 ( 1)
 136 R   0.58790 0.04062 0.34673 0.02475 ( 1)
 137 V   0.03764 0.56780 0.02228 0.37228 ( 2)
 138 E   0.60465 0.02315 0.35743 0.01477 ( 1)
 139 F   0.61987 0.00815 0.36671 0.00528 ( 1)
 140 V   0.49368 0.12936 0.29224 0.08472 ( 1)
 141 -   0.51372 0.11440 0.30283 0.06904 ( 1)


lnL = -1695.428837

