Supplemental results for CODEML (seqf: algn  treef: tree)


dN/dS (w) for site classes (K=4)

site class             0        1       2a       2b
proportion       0.35119  0.46512  0.07903  0.10466
background w     0.09027  1.00000  0.09027  1.00000
foreground w     0.09027  1.00000 16.80313 16.80313

Naive Empirical Bayes (NEB) probabilities for 4 classes
(amino acids refer to 1st sequence: BT_Cry30Da1)

   1 -   0.54349 0.27282 0.12230 0.06139 ( 1)
   2 -   0.07752 0.73879 0.01744 0.16625 ( 2)
   3 -   0.79602 0.02029 0.17912 0.00457 ( 1)
   4 R   0.98198 0.00081 0.01715 0.00007 ( 1)
   5 I   0.97689 0.00025 0.02283 0.00003 ( 1)
   6 T   0.97851 0.00051 0.02094 0.00004 ( 1)
   7 Q   0.90434 0.08813 0.00498 0.00255 ( 1)
   8 I   0.69321 0.25760 0.02070 0.02849 ( 1)
   9 P   0.99232 0.00101 0.00664 0.00003 ( 1)
  10 A   0.92027 0.03536 0.03893 0.00545 ( 1)
  11 V   0.95116 0.02647 0.01918 0.00319 ( 1)
  12 K   0.98578 0.00006 0.01416 0.00000 ( 1)
  13 A   0.95037 0.03285 0.01305 0.00373 ( 1)
  14 H   0.54217 0.38999 0.01169 0.05615 ( 1)
  15 Y   0.00000 0.85865 0.00000 0.14135 ( 2)
  16 L   0.05714 0.66018 0.12402 0.15866 ( 2)
  17 S   0.13384 0.76773 0.00189 0.09653 ( 2)
  18 A   0.00031 0.78689 0.00016 0.21263 ( 2)
  19 T   0.00477 0.86963 0.00041 0.12518 ( 2)
  20 A   0.05144 0.70248 0.07851 0.16757 ( 2)
  21 K   0.01972 0.71578 0.11798 0.14652 ( 2)
  22 V   0.98148 0.00015 0.01836 0.00001 ( 1)
  23 I   0.98151 0.00026 0.01821 0.00003 ( 1)
  24 A   0.03848 0.74114 0.01762 0.20276 ( 2)
  25 G   0.01038 0.00028 0.98894 0.00040 ( 3)
  26 P   0.01068 0.00007 0.98917 0.00008 ( 3)
  27 G   0.98892 0.00013 0.01095 0.00001 ( 1)
  28 H   0.04494 0.60666 0.14581 0.20259 ( 2)
  29 T   0.01510 0.04828 0.89805 0.03857 ( 3)
  30 G   0.99439 0.00005 0.00556 0.00000 ( 1)
  31 G   0.98726 0.00777 0.00493 0.00005 ( 1)
  32 D   0.91146 0.06221 0.01790 0.00843 ( 1)
  33 L   0.84299 0.01219 0.14341 0.00141 ( 1)
  34 V   0.86090 0.01419 0.12332 0.00159 ( 1)
  35 A   0.00892 0.49025 0.27201 0.22882 ( 2)
  36 L   0.02019 0.67267 0.08897 0.21817 ( 2)
  37 I   0.20534 0.72436 0.00243 0.06788 ( 2)
  38 -   0.35119 0.46512 0.07903 0.10466 ( 2)
  39 -   0.35119 0.46512 0.07903 0.10466 ( 2)
  40 -   0.35119 0.46512 0.07903 0.10466 ( 2)
  41 -   0.35119 0.46512 0.07903 0.10466 ( 2)
  42 N   0.10931 0.47792 0.30501 0.10776 ( 2)
  43 D   0.15634 0.70415 0.02389 0.11561 ( 2)
  44 G   0.23829 0.63486 0.01231 0.11454 ( 2)
  45 S   0.00002 0.69987 0.00043 0.29968 ( 2)
  46 R   0.00031 0.82602 0.00013 0.17354 ( 2)
  47 T   0.00709 0.66021 0.13151 0.20119 ( 2)
  48 G   0.10048 0.72251 0.05652 0.12049 ( 2)
  49 S   0.03626 0.81386 0.00267 0.14721 ( 2)
  50 M   0.29990 0.64049 0.01046 0.04915 ( 2)
  51 N   0.00001 0.83270 0.00024 0.16705 ( 2)
  52 I   0.87837 0.08709 0.02202 0.01252 ( 1)
  53 E   0.01879 0.83486 0.00443 0.14192 ( 2)
  54 C   0.01479 0.06231 0.84417 0.07873 ( 3)
  55 K   0.06085 0.05362 0.85993 0.02560 ( 3)
  56 T   0.12824 0.72394 0.05027 0.09756 ( 2)
  57 G   0.00227 0.81574 0.00283 0.17916 ( 2)
  58 S   0.00005 0.72215 0.00041 0.27738 ( 2)
  59 F   0.00022 0.64921 0.00134 0.34922 ( 2)
  60 T   0.21050 0.66350 0.02146 0.10455 ( 2)
  61 Q   0.38303 0.43328 0.08619 0.09750 ( 2)
  62 P   0.39201 0.42430 0.08821 0.09548 ( 2)
  63 S   0.00004 0.81721 0.00001 0.18273 ( 2)
  64 R   0.01382 0.73631 0.02628 0.22358 ( 2)
  65 R   0.59706 0.35893 0.00928 0.03473 ( 1)
  66 F   0.98474 0.00137 0.01385 0.00003 ( 1)
  67 G   0.00147 0.80143 0.00306 0.19404 ( 2)
  68 L   0.03314 0.73017 0.05292 0.18377 ( 2)
  69 R   0.99172 0.00022 0.00804 0.00001 ( 1)
  70 M   0.97739 0.00056 0.02198 0.00007 ( 1)
  71 R   0.74020 0.00057 0.25896 0.00028 ( 1)
  72 Y   0.99046 0.00003 0.00951 0.00000 ( 1)
  73 A   0.98315 0.00041 0.01641 0.00003 ( 1)
  74 E   0.81744 0.15872 0.01182 0.01203 ( 1)
  75 N   0.97728 0.00414 0.01825 0.00033 ( 1)
  76 N   0.01010 0.69022 0.11058 0.18910 ( 2)
  77 Q   0.00798 0.81840 0.02191 0.15171 ( 2)
  78 F   0.19596 0.76064 0.00149 0.04191 ( 2)
  79 S   0.00132 0.55213 0.03113 0.41542 ( 2)
  80 V   0.99231 0.00086 0.00679 0.00003 ( 1)
  81 S   0.00538 0.89453 0.00094 0.09915 ( 2)
  82 I   0.08035 0.67820 0.09568 0.14577 ( 2)
  83 L   0.00000 0.79544 0.00000 0.20455 ( 2)
  84 R   0.00026 0.84314 0.00032 0.15628 ( 2)
  85 D   0.00005 0.81626 0.00001 0.18368 ( 2)
  86 N   0.00001 0.81630 0.00000 0.18369 ( 2)
  87 Q   0.01278 0.80353 0.00287 0.18082 ( 2)
  88 -   0.35119 0.46512 0.07903 0.10466 ( 2)
  89 G   0.00116 0.79263 0.00133 0.20488 ( 2)
  90 V   0.00039 0.85717 0.00007 0.14237 ( 2)
  91 G   0.03212 0.78677 0.02664 0.15448 ( 2)
  92 T   0.00002 0.82740 0.00001 0.17258 ( 2)
  93 F   0.00080 0.23500 0.57329 0.19091 ( 3)
  94 N   0.00077 0.77899 0.00007 0.22016 ( 2)
  95 I   0.00002 0.86936 0.00001 0.13062 ( 2)
  96 E   0.01514 0.77213 0.00143 0.21129 ( 2)
  97 R   0.69451 0.27783 0.00602 0.02164 ( 1)
  98 T   0.06866 0.71784 0.03003 0.18346 ( 2)
  99 F   0.96971 0.01690 0.01223 0.00116 ( 1)
 100 S   0.97297 0.00591 0.02078 0.00033 ( 1)
 101 R   0.87170 0.12363 0.00256 0.00211 ( 1)
 102 T   0.13039 0.39288 0.34167 0.13506 ( 2)
 103 N   0.41872 0.39759 0.09422 0.08947 ( 1)
 104 N   0.41872 0.39759 0.09422 0.08947 ( 1)
 105 I   0.40187 0.41444 0.09043 0.09326 ( 2)
 106 I   0.00114 0.65276 0.01265 0.33344 ( 2)
 107 P   0.90210 0.08336 0.00906 0.00548 ( 1)
 108 T   0.00158 0.78080 0.00086 0.21676 ( 2)
 109 D   0.00169 0.81058 0.00703 0.18070 ( 2)
 110 L   0.68423 0.06057 0.24226 0.01294 ( 1)
 111 K   0.78527 0.01186 0.20162 0.00125 ( 1)
 112 Y   0.98939 0.00097 0.00958 0.00005 ( 1)
 113 N   0.97186 0.00887 0.01809 0.00119 ( 1)
 114 E   0.43078 0.55601 0.00476 0.00846 ( 2)
 115 F   0.99147 0.00001 0.00852 0.00000 ( 1)
 116 K   0.27188 0.57638 0.08585 0.06590 ( 2)
 117 Y   0.99013 0.00007 0.00980 0.00000 ( 1)
 118 N   0.00297 0.75471 0.00851 0.23381 ( 2)
 119 N   0.01166 0.71822 0.08489 0.18523 ( 2)
 120 Y   0.39720 0.41911 0.08938 0.09431 ( 2)
 121 D   0.01472 0.47155 0.36450 0.14922 ( 2)
 122 E   0.00133 0.80060 0.00517 0.19289 ( 2)
 123 I   0.01132 0.55226 0.20907 0.22735 ( 2)
 124 T   0.00033 0.88755 0.00036 0.11176 ( 2)
 125 M   0.01713 0.83014 0.00816 0.14458 ( 2)
 126 D   0.00634 0.89064 0.00018 0.10284 ( 2)
 127 L   0.00001 0.83564 0.00002 0.16434 ( 2)
 128 P   0.00017 0.73621 0.00071 0.26291 ( 2)
 129 P   0.00001 0.82257 0.00003 0.17739 ( 2)
 130 N   0.00399 0.80993 0.00263 0.18346 ( 2)
 131 K   0.01244 0.48718 0.30498 0.19540 ( 2)
 132 I   0.96033 0.00399 0.03501 0.00068 ( 1)
 133 I   0.00008 0.67692 0.00035 0.32266 ( 2)
 134 D   0.00015 0.75645 0.00011 0.24330 ( 2)
 135 -   0.09552 0.72079 0.02149 0.16220 ( 2)
 136 -   0.04186 0.77445 0.00942 0.17427 ( 2)
 137 -   0.37911 0.43720 0.08531 0.09838 ( 2)
 138 I   0.07380 0.75290 0.02933 0.14396 ( 2)
 139 R   0.00009 0.84667 0.00052 0.15272 ( 2)
 140 I   0.00680 0.78253 0.00239 0.20828 ( 2)
 141 Q   0.08975 0.76269 0.02867 0.11889 ( 2)
 142 Q   0.00014 0.71603 0.00360 0.28023 ( 2)
 143 T   0.65389 0.29822 0.01814 0.02975 ( 1)
 144 N   0.00100 0.79856 0.00193 0.19850 ( 2)
 145 S   0.01334 0.80297 0.00300 0.18069 ( 2)
 146 L   0.00040 0.75980 0.00184 0.23796 ( 2)
 147 S   0.02396 0.81033 0.00492 0.16078 ( 2)
 148 I   0.00000 0.78187 0.00001 0.21812 ( 2)
 149 N   0.01823 0.84802 0.00700 0.12675 ( 2)
 150 Q   0.30451 0.55687 0.04161 0.09700 ( 2)
 151 F   0.16326 0.71192 0.04428 0.08054 ( 2)
 152 I   0.58627 0.39924 0.00806 0.00642 ( 1)
 153 I   0.94934 0.01629 0.03133 0.00304 ( 1)
 154 D   0.98541 0.00004 0.01455 0.00000 ( 1)
 155 R   0.90257 0.06563 0.02427 0.00753 ( 1)
 156 I   0.37647 0.08354 0.52827 0.01172 ( 3)
 157 E   0.98432 0.00012 0.01555 0.00001 ( 1)
 158 F   0.98572 0.00131 0.01293 0.00004 ( 1)
 159 Y   0.87513 0.09310 0.02171 0.01006 ( 1)
 160 P   0.98604 0.00566 0.00769 0.00062 ( 1)


lnL = -2943.516531

Bayes Empirical Bayes (BEB) probabilities for 4 classes (class)
(amino acids refer to 1st sequence: BT_Cry30Da1)

   1 -   0.47768 0.33328 0.11561 0.07343 ( 1)
   2 -   0.07399 0.73696 0.02119 0.16785 ( 2)
   3 -   0.79061 0.02034 0.18423 0.00481 ( 1)
   4 R   0.97873 0.00095 0.02024 0.00009 ( 1)
   5 I   0.97352 0.00028 0.02617 0.00004 ( 1)
   6 T   0.97380 0.00051 0.02563 0.00006 ( 1)
   7 Q   0.76525 0.21911 0.00728 0.00836 ( 1)
   8 I   0.58744 0.34383 0.02420 0.04453 ( 1)
   9 P   0.98819 0.00125 0.01050 0.00005 ( 1)
  10 A   0.88974 0.06005 0.04165 0.00856 ( 1)
  11 V   0.92822 0.04412 0.02204 0.00562 ( 1)
  12 K   0.98242 0.00006 0.01751 0.00001 ( 1)
  13 A   0.92372 0.05371 0.01577 0.00679 ( 1)
  14 H   0.34545 0.55894 0.01184 0.08376 ( 2)
  15 Y   0.00002 0.84745 0.00001 0.15252 ( 2)
  16 L   0.05517 0.67914 0.10548 0.16022 ( 2)
  17 S   0.11970 0.77411 0.00296 0.10323 ( 2)
  18 A   0.00100 0.79916 0.00056 0.19928 ( 2)
  19 T   0.00903 0.85140 0.00101 0.13855 ( 2)
  20 A   0.05614 0.70689 0.07352 0.16345 ( 2)
  21 K   0.02822 0.68877 0.12556 0.15745 ( 2)
  22 V   0.97822 0.00015 0.02161 0.00002 ( 1)
  23 I   0.97620 0.00029 0.02347 0.00004 ( 1)
  24 A   0.06219 0.72390 0.02778 0.18614 ( 2)
  25 G   0.01152 0.00038 0.98773 0.00037 ( 3)
  26 P   0.01239 0.00009 0.98744 0.00008 ( 3)
  27 G   0.98622 0.00013 0.01364 0.00001 ( 1)
  28 H   0.05940 0.63763 0.12455 0.17841 ( 2)
  29 T   0.01618 0.07595 0.86525 0.04262 ( 3)
  30 G   0.99099 0.00005 0.00896 0.00000 ( 1)
  31 G   0.96390 0.00786 0.02792 0.00032 ( 1)
  32 D   0.84042 0.12189 0.02017 0.01752 ( 1)
  33 L   0.79795 0.01619 0.18360 0.00226 ( 1)
  34 V   0.79580 0.02154 0.17982 0.00284 ( 1)
  35 A   0.01180 0.54940 0.21265 0.22615 ( 2)
  36 L   0.02774 0.68453 0.08454 0.20320 ( 2)
  37 I   0.18605 0.73054 0.00419 0.07922 ( 2)
  38 -   0.33127 0.47969 0.08002 0.10903 ( 2)
  39 -   0.33127 0.47969 0.08002 0.10903 ( 2)
  40 -   0.33127 0.47969 0.08002 0.10903 ( 2)
  41 -   0.33127 0.47969 0.08002 0.10903 ( 2)
  42 N   0.09371 0.56333 0.22580 0.11717 ( 2)
  43 D   0.12886 0.71330 0.02843 0.12942 ( 2)
  44 G   0.17860 0.67842 0.01399 0.12899 ( 2)
  45 S   0.00016 0.70487 0.00205 0.29292 ( 2)
  46 R   0.00136 0.81807 0.00057 0.18000 ( 2)
  47 T   0.01089 0.65574 0.13199 0.20138 ( 2)
  48 G   0.10270 0.71950 0.05616 0.12164 ( 2)
  49 S   0.05338 0.79670 0.00529 0.14463 ( 2)
  50 M   0.22871 0.70007 0.01244 0.05877 ( 2)
  51 N   0.00011 0.81241 0.00088 0.18659 ( 2)
  52 I   0.82077 0.13510 0.02394 0.02020 ( 1)
  53 E   0.04745 0.79344 0.01242 0.14669 ( 2)
  54 C   0.01586 0.15322 0.71942 0.11150 ( 3)
  55 K   0.04812 0.10837 0.80019 0.04333 ( 3)
  56 T   0.11869 0.72932 0.04978 0.10221 ( 2)
  57 G   0.00774 0.80047 0.00705 0.18473 ( 2)
  58 S   0.00030 0.73453 0.00122 0.26395 ( 2)
  59 F   0.00083 0.67801 0.00304 0.31811 ( 2)
  60 T   0.16899 0.68535 0.02651 0.11915 ( 2)
  61 Q   0.36199 0.44897 0.08713 0.10191 ( 2)
  62 P   0.37070 0.44025 0.08915 0.09990 ( 2)
  63 S   0.00036 0.81685 0.00012 0.18268 ( 2)
  64 R   0.02546 0.72960 0.04051 0.20443 ( 2)
  65 R   0.41898 0.51750 0.00981 0.05371 ( 2)
  66 F   0.97319 0.00161 0.02511 0.00009 ( 1)
  67 G   0.00543 0.76795 0.01132 0.21530 ( 2)
  68 L   0.04797 0.71800 0.06047 0.17356 ( 2)
  69 R   0.98919 0.00023 0.01057 0.00002 ( 1)
  70 M   0.97346 0.00064 0.02580 0.00010 ( 1)
  71 R   0.76462 0.00059 0.23456 0.00024 ( 1)
  72 Y   0.98734 0.00003 0.01263 0.00000 ( 1)
  73 A   0.98088 0.00042 0.01866 0.00003 ( 1)
  74 E   0.64938 0.31391 0.01220 0.02450 ( 1)
  75 N   0.97181 0.00650 0.02114 0.00055 ( 1)
  76 N   0.01574 0.65845 0.12183 0.20399 ( 2)
  77 Q   0.01757 0.77799 0.04152 0.16292 ( 2)
  78 F   0.19709 0.75460 0.00281 0.04551 ( 2)
  79 S   0.00302 0.59003 0.04004 0.36691 ( 2)
  80 V   0.98958 0.00107 0.00931 0.00005 ( 1)
  81 S   0.01818 0.86554 0.00355 0.11273 ( 2)
  82 I   0.07726 0.68865 0.08888 0.14520 ( 2)
  83 L   0.00002 0.78520 0.00002 0.21476 ( 2)
  84 R   0.00160 0.82189 0.00186 0.17464 ( 2)
  85 D   0.00030 0.81066 0.00009 0.18895 ( 2)
  86 N   0.00007 0.81089 0.00002 0.18902 ( 2)
  87 Q   0.02099 0.78997 0.00640 0.18264 ( 2)
  88 -   0.33127 0.47969 0.08002 0.10903 ( 2)
  89 G   0.00327 0.79373 0.00312 0.19988 ( 2)
  90 V   0.00202 0.84981 0.00036 0.14782 ( 2)
  91 G   0.04133 0.77846 0.03032 0.14989 ( 2)
  92 T   0.00013 0.82484 0.00007 0.17496 ( 2)
  93 F   0.00128 0.37323 0.38726 0.23824 ( 3)
  94 N   0.00294 0.78914 0.00039 0.20753 ( 2)
  95 I   0.00020 0.85251 0.00005 0.14724 ( 2)
  96 E   0.02765 0.76528 0.00362 0.20345 ( 2)
  97 R   0.44395 0.50629 0.00605 0.04371 ( 2)
  98 T   0.07767 0.71505 0.03485 0.17243 ( 2)
  99 F   0.95043 0.03037 0.01662 0.00258 ( 1)
 100 S   0.96140 0.00727 0.03075 0.00059 ( 1)
 101 R   0.67128 0.31871 0.00317 0.00684 ( 1)
 102 T   0.09965 0.50119 0.25090 0.14826 ( 2)
 103 N   0.39678 0.41417 0.09515 0.09389 ( 2)
 104 N   0.39678 0.41417 0.09515 0.09389 ( 2)
 105 I   0.38031 0.43065 0.09136 0.09768 ( 2)
 106 I   0.00405 0.67083 0.02327 0.30184 ( 2)
 107 P   0.83534 0.14523 0.01016 0.00927 ( 1)
 108 T   0.00538 0.77938 0.00310 0.21214 ( 2)
 109 D   0.00715 0.77721 0.02054 0.19510 ( 2)
 110 L   0.67514 0.08193 0.22678 0.01615 ( 1)
 111 K   0.70976 0.01667 0.27166 0.00191 ( 1)
 112 Y   0.98606 0.00116 0.01270 0.00008 ( 1)
 113 N   0.96350 0.01320 0.02140 0.00191 ( 1)
 114 E   0.31863 0.63709 0.01310 0.03118 ( 2)
 115 F   0.98885 0.00001 0.01114 0.00000 ( 1)
 116 K   0.19546 0.64772 0.07466 0.08216 ( 2)
 117 Y   0.98703 0.00007 0.01289 0.00000 ( 1)
 118 N   0.00683 0.71247 0.01841 0.26228 ( 2)
 119 N   0.01941 0.69989 0.09895 0.18174 ( 2)
 120 Y   0.37575 0.43520 0.09031 0.09873 ( 2)
 121 D   0.01584 0.52680 0.29153 0.16583 ( 2)
 122 E   0.00382 0.78940 0.00919 0.19759 ( 2)
 123 I   0.01387 0.58733 0.16975 0.22905 ( 2)
 124 T   0.00140 0.81809 0.00199 0.17853 ( 2)
 125 M   0.03644 0.79875 0.01516 0.14965 ( 2)
 126 D   0.01426 0.87601 0.00066 0.10907 ( 2)
 127 L   0.00008 0.81520 0.00015 0.18456 ( 2)
 128 P   0.00080 0.73176 0.00311 0.26434 ( 2)
 129 P   0.00007 0.80488 0.00020 0.19485 ( 2)
 130 N   0.00883 0.80100 0.00554 0.18463 ( 2)
 131 K   0.01508 0.53928 0.24735 0.19829 ( 2)
 132 I   0.95840 0.00451 0.03625 0.00084 ( 1)
 133 I   0.00025 0.69143 0.00094 0.30738 ( 2)
 134 D   0.00079 0.75267 0.00057 0.24597 ( 2)
 135 -   0.08623 0.72473 0.02440 0.16465 ( 2)
 136 -   0.04320 0.76775 0.01250 0.17654 ( 2)
 137 -   0.35819 0.45277 0.08625 0.10279 ( 2)
 138 I   0.07442 0.74702 0.03114 0.14742 ( 2)
 139 R   0.00053 0.82486 0.00179 0.17283 ( 2)
 140 I   0.01184 0.77940 0.00549 0.20326 ( 2)
 141 Q   0.08964 0.75797 0.03044 0.12195 ( 2)
 142 Q   0.00054 0.73031 0.00576 0.26339 ( 2)
 143 T   0.51691 0.41336 0.02309 0.04664 ( 1)
 144 N   0.00316 0.78885 0.00481 0.20318 ( 2)
 145 S   0.02031 0.79065 0.00618 0.18286 ( 2)
 146 L   0.00214 0.76270 0.00560 0.22956 ( 2)
 147 S   0.04232 0.78576 0.01075 0.16118 ( 2)
 148 I   0.00004 0.79121 0.00006 0.20869 ( 2)
 149 N   0.04487 0.80259 0.01549 0.13705 ( 2)
 150 Q   0.22006 0.63893 0.03562 0.10539 ( 2)
 151 F   0.14691 0.72883 0.03821 0.08605 ( 2)
 152 I   0.45615 0.50565 0.01363 0.02458 ( 2)
 153 I   0.94486 0.01839 0.03303 0.00372 ( 1)
 154 D   0.98306 0.00004 0.01689 0.00000 ( 1)
 155 R   0.80770 0.14787 0.02711 0.01732 ( 1)
 156 I   0.29505 0.10281 0.58593 0.01620 ( 3)
 157 E   0.98178 0.00012 0.01809 0.00001 ( 1)
 158 F   0.97901 0.00157 0.01934 0.00007 ( 1)
 159 Y   0.79914 0.15551 0.02698 0.01837 ( 1)
 160 P   0.98146 0.00569 0.01207 0.00079 ( 1)

