Supplemental results for CODEML (seqf: algn  treef: tree)


dN/dS (w) for site classes (K=4)

site class             0        1       2a       2b
proportion       0.48749  0.32254  0.11433  0.07564
background w     0.07233  0.44488  0.07233  0.44488
foreground w     0.07233  0.44488  3.54553  3.54553

Naive Empirical Bayes (NEB) probabilities for 4 classes
(amino acids refer to 1st sequence: BT_Cry1Ia18)

   1 P   0.69332 0.11671 0.16260 0.02737 ( 1)
   2 F   0.72905 0.08097 0.17098 0.01899 ( 1)
   3 A   0.59875 0.21128 0.14042 0.04955 ( 1)
   4 G   0.75406 0.05597 0.17684 0.01313 ( 1)
   5 Q   0.00033 0.80970 0.00008 0.18989 ( 2)
   6 I   0.69815 0.11188 0.16373 0.02624 ( 1)
   7 A   0.72245 0.08758 0.16943 0.02054 ( 1)
   8 S   0.05735 0.75268 0.01345 0.17652 ( 2)
   9 L   0.41131 0.39872 0.09646 0.09351 ( 1)
  10 Y   0.11426 0.69577 0.02680 0.16317 ( 2)
  11 S   0.64777 0.16226 0.15192 0.03805 ( 1)
  12 F   0.04464 0.76539 0.01047 0.17950 ( 2)
  13 I   0.34814 0.46189 0.08165 0.10832 ( 2)
  14 L   0.23074 0.57929 0.05411 0.13586 ( 2)
  15 G   0.75030 0.05973 0.17596 0.01401 ( 1)
  16 E   0.03853 0.77150 0.00904 0.18093 ( 2)
  17 L   0.78754 0.02249 0.18470 0.00527 ( 1)
  18 W   0.74635 0.06368 0.17504 0.01493 ( 1)
  19 P   0.80051 0.00952 0.18774 0.00223 ( 1)
  20 K   0.11842 0.69161 0.02777 0.16220 ( 2)
  21 -   0.35100 0.45903 0.08232 0.10765 ( 2)
  22 G   0.00437 0.80566 0.00103 0.18894 ( 2)
  23 K   0.21378 0.59625 0.05014 0.13983 ( 2)
  24 S   0.00507 0.80496 0.00119 0.18878 ( 2)
  25 Q   0.01893 0.79110 0.00444 0.18553 ( 2)
  26 W   0.74635 0.06368 0.17504 0.01493 ( 1)
  27 E   0.80691 0.00312 0.18924 0.00073 ( 1)
  28 I   0.02917 0.78086 0.00684 0.18313 ( 2)
  29 F   0.78467 0.02536 0.18402 0.00595 ( 1)
  30 M   0.79522 0.01481 0.18650 0.00347 ( 1)
  31 E   0.74352 0.06651 0.17437 0.01560 ( 1)
  32 H   0.19531 0.61472 0.04580 0.14417 ( 2)
  33 V   0.79691 0.01312 0.18689 0.00308 ( 1)
  34 E   0.80666 0.00337 0.18918 0.00079 ( 1)
  35 E   0.08344 0.72659 0.01957 0.17040 ( 2)
  36 I   0.63581 0.17422 0.14911 0.04086 ( 1)
  37 I   0.77488 0.03515 0.18173 0.00824 ( 1)
  38 N   0.68043 0.12961 0.15957 0.03040 ( 1)
  39 Q   0.77149 0.03854 0.18093 0.00904 ( 1)
  40 K   0.80661 0.00342 0.18917 0.00080 ( 1)
  41 I   0.78641 0.02362 0.18443 0.00554 ( 1)
  42 L   0.02037 0.78967 0.00478 0.18519 ( 2)
  43 T   0.17139 0.63864 0.04019 0.14977 ( 2)
  44 Y   0.79273 0.01730 0.18591 0.00406 ( 1)
  45 A   0.80581 0.00422 0.18898 0.00099 ( 1)
  46 R   0.79782 0.01221 0.18711 0.00286 ( 1)
  47 N   0.65053 0.15950 0.15257 0.03741 ( 1)
  48 K   0.78889 0.02114 0.18501 0.00496 ( 1)
  49 A   0.79293 0.01710 0.18596 0.00401 ( 1)
  50 L   0.56033 0.24970 0.13141 0.05856 ( 1)
  51 S   0.06037 0.74966 0.01416 0.17581 ( 2)
  52 D   0.78277 0.02726 0.18358 0.00639 ( 1)
  53 L   0.62031 0.18972 0.14548 0.04449 ( 1)
  54 R   0.07055 0.73948 0.01655 0.17342 ( 2)
  55 G   0.78662 0.02341 0.18448 0.00549 ( 1)
  56 L   0.79217 0.01786 0.18578 0.00419 ( 1)
  57 G   0.61717 0.19286 0.14474 0.04523 ( 1)
  58 D   0.66465 0.14538 0.15587 0.03409 ( 1)
  59 A   0.24544 0.56459 0.05756 0.13241 ( 2)
  60 L   0.05948 0.75055 0.01395 0.17602 ( 2)
  61 A   0.04626 0.76377 0.01085 0.17912 ( 2)
  62 V   0.67381 0.13622 0.15802 0.03195 ( 1)
  63 Y   0.79328 0.01675 0.18604 0.00393 ( 1)
  64 H   0.45296 0.35707 0.10623 0.08374 ( 1)
  65 E   0.03318 0.77685 0.00778 0.18219 ( 2)
  66 S   0.60344 0.20659 0.14152 0.04845 ( 1)
  67 L   0.55832 0.25171 0.13094 0.05903 ( 1)
  68 E   0.71219 0.09785 0.16702 0.02295 ( 1)
  69 S   0.00694 0.80309 0.00163 0.18834 ( 2)
  70 W   0.74635 0.06368 0.17504 0.01493 ( 1)
  71 V   0.00137 0.80866 0.00032 0.18965 ( 2)
  72 K   0.19845 0.61159 0.04654 0.14343 ( 2)
  73 N   0.80816 0.00187 0.18953 0.00044 ( 1)
  74 R   0.53148 0.27855 0.12464 0.06533 ( 1)
  75 N   0.33605 0.47398 0.07881 0.11116 ( 2)
  76 N   0.53535 0.27468 0.12555 0.06442 ( 1)
  77 T   0.01404 0.79599 0.00329 0.18668 ( 2)
  78 R   0.79686 0.01317 0.18688 0.00309 ( 1)
  79 A   0.15495 0.65508 0.03634 0.15363 ( 2)
  80 R   0.25562 0.55441 0.05995 0.13002 ( 2)
  81 S   0.29294 0.51709 0.06870 0.12127 ( 2)
  82 V   0.17051 0.63952 0.03999 0.14998 ( 2)
  83 V   0.74276 0.06727 0.17419 0.01578 ( 1)
  84 K   0.00063 0.80940 0.00015 0.18982 ( 2)
  85 N   0.19769 0.61234 0.04636 0.14361 ( 2)
  86 Q   0.52851 0.28152 0.12395 0.06602 ( 1)
  87 Y   0.78918 0.02085 0.18508 0.00489 ( 1)
  88 I   0.04704 0.76299 0.01103 0.17894 ( 2)
  89 A   0.10964 0.70039 0.02571 0.16426 ( 2)
  90 L   0.65916 0.15087 0.15459 0.03538 ( 1)
  91 E   0.34252 0.46752 0.08033 0.10964 ( 2)
  92 L   0.02969 0.78034 0.00696 0.18301 ( 2)
  93 M   0.00293 0.80710 0.00069 0.18928 ( 2)
  94 F   0.80671 0.00332 0.18919 0.00078 ( 1)
  95 V   0.14810 0.66193 0.03473 0.15524 ( 2)
  96 Q   0.00142 0.80861 0.00033 0.18964 ( 2)
  97 K   0.00460 0.80543 0.00108 0.18889 ( 2)
  98 L   0.53665 0.27338 0.12586 0.06411 ( 1)
  99 P   0.80225 0.00778 0.18814 0.00182 ( 1)
 100 S   0.79352 0.01651 0.18610 0.00387 ( 1)
 101 F   0.80749 0.00254 0.18937 0.00060 ( 1)
 102 A   0.52055 0.28948 0.12208 0.06789 ( 1)
 103 V   0.80253 0.00750 0.18821 0.00176 ( 1)
 104 S   0.27082 0.53921 0.06351 0.12646 ( 2)
 105 G   0.04258 0.76745 0.00999 0.17998 ( 2)
 106 E   0.01618 0.79385 0.00380 0.18617 ( 2)
 107 E   0.80666 0.00337 0.18918 0.00079 ( 1)
 108 V   0.80379 0.00624 0.18851 0.00146 ( 1)
 109 P   0.43038 0.37966 0.10093 0.08904 ( 1)
 110 L   0.69233 0.11770 0.16237 0.02760 ( 1)
 111 L   0.78886 0.02117 0.18501 0.00496 ( 1)
 112 P   0.42262 0.38741 0.09911 0.09086 ( 1)
 113 I   0.74250 0.06753 0.17413 0.01584 ( 1)
 114 Y   0.80358 0.00645 0.18846 0.00151 ( 1)
 115 A   0.75569 0.05434 0.17723 0.01274 ( 1)
 116 Q   0.02757 0.78246 0.00647 0.18350 ( 2)
 117 A   0.80286 0.00717 0.18829 0.00168 ( 1)
 118 A   0.80026 0.00977 0.18768 0.00229 ( 1)
 119 N   0.80265 0.00738 0.18824 0.00173 ( 1)
 120 L   0.71786 0.09217 0.16836 0.02161 ( 1)
 121 H   0.80751 0.00252 0.18938 0.00059 ( 1)
 122 L   0.78866 0.02137 0.18496 0.00501 ( 1)
 123 L   0.76889 0.04114 0.18032 0.00965 ( 1)
 124 L   0.79366 0.01637 0.18613 0.00384 ( 1)
 125 L   0.79366 0.01637 0.18613 0.00384 ( 1)
 126 R   0.80140 0.00863 0.18795 0.00202 ( 1)
 127 D   0.80224 0.00779 0.18814 0.00183 ( 1)
 128 A   0.80352 0.00651 0.18844 0.00153 ( 1)
 129 S   0.52415 0.28588 0.12292 0.06705 ( 1)
 130 I   0.51708 0.29295 0.12127 0.06870 ( 1)
 131 F   0.80749 0.00254 0.18937 0.00060 ( 1)
 132 G   0.77471 0.03532 0.18169 0.00828 ( 1)
 133 K   0.60052 0.20951 0.14083 0.04913 ( 1)
 134 E   0.06745 0.74258 0.01582 0.17415 ( 2)
 135 W   0.53061 0.27942 0.12444 0.06553 ( 1)
 136 G   0.80101 0.00902 0.18786 0.00211 ( 1)
 137 L   0.38940 0.42063 0.09132 0.09865 ( 2)
 138 S   0.72748 0.08255 0.17061 0.01936 ( 1)
 139 A   0.50848 0.30155 0.11925 0.07072 ( 1)
 140 -   0.48749 0.32254 0.11433 0.07564 ( 1)
 141 -   0.48749 0.32254 0.11433 0.07564 ( 1)
 142 -   0.48749 0.32254 0.11433 0.07564 ( 1)
 143 S   0.00023 0.80980 0.00005 0.18992 ( 2)
 144 E   0.49738 0.31265 0.11665 0.07332 ( 1)
 145 I   0.67839 0.13164 0.15910 0.03087 ( 1)
 146 S   0.09842 0.71161 0.02308 0.16689 ( 2)
 147 T   0.01241 0.79762 0.00291 0.18706 ( 2)
 148 F   0.02571 0.78432 0.00603 0.18394 ( 2)
 149 Y   0.80358 0.00645 0.18846 0.00151 ( 1)
 150 N   0.56490 0.24513 0.13248 0.05749 ( 1)
 151 R   0.78525 0.02478 0.18416 0.00581 ( 1)
 152 Q   0.72915 0.08088 0.17100 0.01897 ( 1)
 153 V   0.02669 0.78334 0.00626 0.18371 ( 2)
 154 E   0.00457 0.80546 0.00107 0.18890 ( 2)
 155 R   0.44690 0.36313 0.10481 0.08516 ( 1)
 156 T   0.75678 0.05325 0.17748 0.01249 ( 1)
 157 R   0.01268 0.79735 0.00297 0.18699 ( 2)
 158 D   0.01079 0.79924 0.00253 0.18744 ( 2)
 159 Y   0.80358 0.00645 0.18846 0.00151 ( 1)
 160 S   0.42817 0.38186 0.10042 0.08955 ( 1)
 161 D   0.77845 0.03158 0.18256 0.00741 ( 1)
 162 H   0.74736 0.06267 0.17527 0.01470 ( 1)
 163 C   0.80216 0.00787 0.18812 0.00185 ( 1)
 164 V   0.53176 0.27827 0.12471 0.06526 ( 1)
 165 K   0.68267 0.12737 0.16010 0.02987 ( 1)
 166 W   0.15605 0.65398 0.03660 0.15337 ( 2)
 167 Y   0.74201 0.06802 0.17402 0.01595 ( 1)
 168 N   0.68022 0.12981 0.15953 0.03044 ( 1)
 169 T   0.43126 0.37877 0.10114 0.08883 ( 1)
 170 G   0.79984 0.01019 0.18758 0.00239 ( 1)
 171 L   0.79287 0.01716 0.18595 0.00402 ( 1)
 172 N   0.00470 0.80533 0.00110 0.18887 ( 2)
 173 N   0.03634 0.77369 0.00852 0.18145 ( 2)
 174 L   0.06569 0.74434 0.01540 0.17457 ( 2)
 175 R   0.49088 0.31915 0.11512 0.07485 ( 1)
 176 G   0.01819 0.79184 0.00427 0.18571 ( 2)
 177 T   0.00897 0.80106 0.00210 0.18787 ( 2)
 178 N   0.07002 0.74001 0.01642 0.17355 ( 2)
 179 A   0.47021 0.33982 0.11027 0.07969 ( 1)
 180 -   0.36246 0.44757 0.08500 0.10497 ( 2)
 181 -   0.41249 0.39754 0.09674 0.09323 ( 1)
 182 -   0.07415 0.73588 0.01739 0.17258 ( 2)
 183 -   0.50393 0.30610 0.11818 0.07179 ( 1)
 184 -   0.48749 0.32254 0.11433 0.07564 ( 1)
 185 -   0.48749 0.32254 0.11433 0.07564 ( 1)
 186 -   0.48749 0.32254 0.11433 0.07564 ( 1)
 187 -   0.48749 0.32254 0.11433 0.07564 ( 1)
 188 -   0.48749 0.32254 0.11433 0.07564 ( 1)
 189 -   0.48749 0.32254 0.11433 0.07564 ( 1)
 190 -   0.48749 0.32254 0.11433 0.07564 ( 1)
 191 -   0.48749 0.32254 0.11433 0.07564 ( 1)
 192 -   0.48749 0.32254 0.11433 0.07564 ( 1)
 193 -   0.48749 0.32254 0.11433 0.07564 ( 1)
 194 -   0.48749 0.32254 0.11433 0.07564 ( 1)
 195 -   0.48749 0.32254 0.11433 0.07564 ( 1)
 196 -   0.48749 0.32254 0.11433 0.07564 ( 1)
 197 -   0.48749 0.32254 0.11433 0.07564 ( 1)
 198 -   0.48749 0.32254 0.11433 0.07564 ( 1)
 199 -   0.48749 0.32254 0.11433 0.07564 ( 1)
 200 -   0.48749 0.32254 0.11433 0.07564 ( 1)
 201 -   0.48749 0.32254 0.11433 0.07564 ( 1)
 202 -   0.48749 0.32254 0.11433 0.07564 ( 1)
 203 -   0.48749 0.32254 0.11433 0.07564 ( 1)
 204 -   0.48749 0.32254 0.11433 0.07564 ( 1)
 205 -   0.48749 0.32254 0.11433 0.07564 ( 1)
 206 -   0.48749 0.32254 0.11433 0.07564 ( 1)
 207 -   0.48044 0.32959 0.11267 0.07730 ( 1)
 208 -   0.70880 0.10123 0.16623 0.02374 ( 1)
 209 -   0.13012 0.67991 0.03051 0.15945 ( 2)
 210 -   0.73176 0.07827 0.17161 0.01836 ( 1)
 211 K   0.00068 0.80935 0.00016 0.18981 ( 2)
 212 S   0.05463 0.75540 0.01281 0.17716 ( 2)
 213 W   0.74635 0.06368 0.17504 0.01493 ( 1)
 214 V   0.09271 0.71732 0.02174 0.16823 ( 2)
 215 R   0.00045 0.80958 0.00011 0.18986 ( 2)
 216 Y   0.80358 0.00645 0.18846 0.00151 ( 1)
 217 N   0.64468 0.16535 0.15119 0.03878 ( 1)
 218 Q   0.15673 0.65330 0.03676 0.15321 ( 2)
 219 F   0.79827 0.01176 0.18721 0.00276 ( 1)
 220 R   0.79155 0.01847 0.18564 0.00433 ( 1)
 221 K   0.78368 0.02635 0.18379 0.00618 ( 1)
 222 D   0.72061 0.08942 0.16900 0.02097 ( 1)
 223 M   0.79402 0.01601 0.18621 0.00376 ( 1)
 224 T   0.62785 0.18218 0.14725 0.04272 ( 1)
 225 L   0.68775 0.12228 0.16129 0.02868 ( 1)
 226 M   0.56269 0.24734 0.13196 0.05801 ( 1)
 227 V   0.80253 0.00750 0.18821 0.00176 ( 1)
 228 L   0.78924 0.02079 0.18509 0.00488 ( 1)
 229 D   0.80745 0.00259 0.18936 0.00061 ( 1)
 230 L   0.44940 0.36063 0.10539 0.08458 ( 1)
 231 V   0.51873 0.29130 0.12165 0.06832 ( 1)
 232 A   0.46182 0.34821 0.10831 0.08166 ( 1)
 233 L   0.37963 0.43040 0.08903 0.10094 ( 2)
 234 F   0.80228 0.00775 0.18815 0.00182 ( 1)
 235 P   0.75398 0.05605 0.17682 0.01315 ( 1)
 236 S   0.00238 0.80765 0.00056 0.18941 ( 2)


lnL = -3335.990078

