Supplemental results for CODEML (seqf: algn  treef: tree)


dN/dS (w) for site classes (K=4)

site class             0        1       2a       2b
proportion       0.62138  0.35937  0.01220  0.00705
background w     0.22567  1.83003  0.22567  1.83003
foreground w     0.22567  1.83003 149.39342 149.39342

Naive Empirical Bayes (NEB) probabilities for 4 classes
(amino acids refer to 1st sequence: BT_Cry8Ha1)

   1 G   0.95386 0.04419 0.00187 0.00009 ( 1)
   2 T   0.97920 0.01488 0.00584 0.00009 ( 1)
   3 S   0.30661 0.69089 0.00075 0.00175 ( 2)
   4 V   0.16223 0.83588 0.00030 0.00160 ( 2)
   5 Q   0.96101 0.03634 0.00254 0.00010 ( 1)
   6 L   0.99564 0.00288 0.00148 0.00000 ( 1)
   7 T   0.80749 0.19006 0.00197 0.00048 ( 1)
   8 R   0.91142 0.08667 0.00173 0.00017 ( 1)
   9 E   0.83504 0.16299 0.00163 0.00033 ( 1)
  10 V   0.92537 0.07220 0.00225 0.00018 ( 1)
  11 Y   0.76924 0.22889 0.00143 0.00044 ( 1)
  12 T   0.24371 0.75471 0.00038 0.00120 ( 2)
  13 D   0.94656 0.05190 0.00146 0.00008 ( 1)
  14 P   0.94960 0.04788 0.00240 0.00012 ( 1)
  15 I   0.96242 0.02750 0.00980 0.00028 ( 1)
  16 G   0.98682 0.01176 0.00140 0.00002 ( 1)
  17 A   0.00205 0.99541 0.00001 0.00254 ( 2)
  18 T   0.10971 0.88779 0.00027 0.00223 ( 2)
  19 S   0.08891 0.90948 0.00014 0.00148 ( 2)
  20 T   0.04525 0.94872 0.00027 0.00576 ( 2)
  21 Q   0.03664 0.96148 0.00007 0.00181 ( 2)
  22 G   0.13586 0.86249 0.00021 0.00144 ( 2)
  23 G   0.00285 0.99528 0.00001 0.00187 ( 2)
  24 V   0.05433 0.94309 0.00014 0.00244 ( 2)
  25 -   0.46551 0.51524 0.00914 0.01011 ( 2)
  26 -   0.41492 0.56583 0.00814 0.01111 ( 2)
  27 S   0.74040 0.24985 0.00728 0.00248 ( 1)
  28 W   0.90775 0.08596 0.00574 0.00055 ( 1)
  29 Y   0.94617 0.05197 0.00176 0.00010 ( 1)
  30 D   0.88959 0.10590 0.00403 0.00049 ( 1)
  31 D   0.00199 0.99601 0.00000 0.00200 ( 2)
  32 A   0.97270 0.02115 0.00602 0.00013 ( 1)
  33 P   0.84659 0.15186 0.00131 0.00024 ( 1)
  34 S   0.87632 0.12187 0.00158 0.00023 ( 1)
  35 -   0.32134 0.65941 0.00631 0.01294 ( 2)
  36 F   0.99474 0.00373 0.00153 0.00001 ( 1)
  37 T   0.05380 0.93822 0.00043 0.00755 ( 2)
  38 A   0.00887 0.87550 0.00844 0.10719 ( 2)
  39 I   0.97332 0.02453 0.00209 0.00005 ( 1)
  40 E   0.87566 0.12238 0.00171 0.00025 ( 1)
  41 S   0.93562 0.06319 0.00112 0.00008 ( 1)
  42 S   0.00536 0.98840 0.00003 0.00621 ( 2)
  43 V   0.12829 0.86981 0.00023 0.00166 ( 2)
  44 V   0.13693 0.86121 0.00024 0.00161 ( 2)
  45 R   0.28628 0.70800 0.00163 0.00409 ( 2)
  46 P   0.26850 0.72892 0.00068 0.00189 ( 2)
  47 L   0.21132 0.78709 0.00033 0.00126 ( 2)
  48 H   0.93700 0.06175 0.00117 0.00008 ( 1)
  49 L   0.99305 0.00212 0.00483 0.00001 ( 1)
  50 F   0.99803 0.00044 0.00153 0.00000 ( 1)
  51 D   0.98987 0.00859 0.00153 0.00001 ( 1)
  52 L   0.91299 0.08547 0.00140 0.00014 ( 1)
  53 L   0.97085 0.02700 0.00209 0.00006 ( 1)
  54 T   0.99127 0.00281 0.00591 0.00002 ( 1)
  55 G   0.51320 0.48035 0.00331 0.00314 ( 1)
  56 V   0.97284 0.02568 0.00144 0.00004 ( 1)
  57 T   0.93630 0.06154 0.00202 0.00014 ( 1)
  58 V   0.98661 0.01154 0.00182 0.00002 ( 1)
  59 Y   0.99118 0.00697 0.00184 0.00001 ( 1)
  60 A   0.93381 0.06374 0.00228 0.00016 ( 1)
  61 A   0.43442 0.56291 0.00115 0.00153 ( 2)
  62 S   0.69561 0.30131 0.00213 0.00095 ( 1)
  63 S   0.95764 0.04065 0.00164 0.00007 ( 1)
  64 S   0.82944 0.16897 0.00131 0.00028 ( 1)
  65 W   0.20771 0.78215 0.00211 0.00802 ( 2)
  66 D   0.92889 0.06926 0.00171 0.00013 ( 1)
  67 S   0.98355 0.01465 0.00178 0.00003 ( 1)
  68 S   0.83455 0.16389 0.00129 0.00027 ( 1)
  69 H   0.98690 0.01139 0.00169 0.00002 ( 1)
  70 Y   0.94693 0.05121 0.00176 0.00010 ( 1)
  71 F   0.98675 0.01110 0.00212 0.00002 ( 1)
  72 R   0.84480 0.15348 0.00145 0.00027 ( 1)
  73 F   0.99578 0.00269 0.00153 0.00000 ( 1)
  74 W   0.99126 0.00246 0.00627 0.00002 ( 1)
  75 N   0.94483 0.05334 0.00172 0.00010 ( 1)
  76 G   0.99506 0.00352 0.00141 0.00001 ( 1)
  77 H   0.99854 0.00022 0.00124 0.00000 ( 1)
  78 K   0.94712 0.05043 0.00231 0.00013 ( 1)
  79 V   0.98277 0.01509 0.00212 0.00003 ( 1)
  80 D   0.31250 0.68494 0.00079 0.00177 ( 2)
  81 T   0.01823 0.97984 0.00003 0.00190 ( 2)
  82 K   0.91966 0.07841 0.00177 0.00016 ( 1)
  83 G   0.09326 0.90475 0.00018 0.00181 ( 2)
  84 I   0.14915 0.84173 0.00136 0.00776 ( 2)
  85 K   0.01231 0.98602 0.00002 0.00164 ( 2)
  86 S   0.64099 0.35655 0.00157 0.00090 ( 1)
  87 S   0.39397 0.60445 0.00061 0.00097 ( 2)
  88 V   0.03792 0.96005 0.00007 0.00195 ( 2)
  89 Q   0.00511 0.99296 0.00001 0.00192 ( 2)
  90 Y   0.91060 0.08782 0.00144 0.00015 ( 1)
  91 S   0.17423 0.82328 0.00042 0.00207 ( 2)
  92 N   0.00174 0.99234 0.00001 0.00591 ( 2)
  93 V   0.15740 0.84101 0.00024 0.00134 ( 2)
  94 Y   0.99223 0.00093 0.00684 0.00001 ( 1)
  95 G   0.75585 0.24162 0.00190 0.00063 ( 1)
  96 S   0.30668 0.69141 0.00057 0.00134 ( 2)
  97 T   0.16484 0.83351 0.00026 0.00139 ( 2)
  98 S   0.00565 0.99164 0.00001 0.00269 ( 2)
  99 N   0.86694 0.13147 0.00137 0.00022 ( 1)
 100 A   0.00731 0.98956 0.00002 0.00311 ( 2)
 101 V   0.08119 0.91611 0.00021 0.00249 ( 2)
 102 S   0.00310 0.99527 0.00000 0.00162 ( 2)
 103 T   0.28549 0.71260 0.00053 0.00138 ( 2)
 104 T   0.42055 0.57349 0.00250 0.00346 ( 2)
 105 I   0.31439 0.68371 0.00058 0.00132 ( 2)
 106 I   0.01729 0.98110 0.00003 0.00158 ( 2)
 107 P   0.00886 0.98951 0.00001 0.00161 ( 2)
 108 F   0.97497 0.02350 0.00149 0.00004 ( 1)
 109 S   0.00408 0.99264 0.00001 0.00327 ( 2)
 110 G   0.97563 0.02295 0.00139 0.00003 ( 1)
 111 F   0.87009 0.12024 0.00849 0.00118 ( 1)
 112 D   0.78382 0.21459 0.00124 0.00036 ( 1)
 113 V   0.98608 0.01214 0.00176 0.00002 ( 1)
 114 Y   0.97847 0.01187 0.00955 0.00012 ( 1)
 115 R   0.22491 0.14778 0.57946 0.04786 ( 3)
 116 V   0.52115 0.47696 0.00096 0.00092 ( 1)
 117 F   0.19043 0.80578 0.00071 0.00308 ( 2)
 118 S   0.98970 0.00637 0.00390 0.00003 ( 1)
 119 L   0.66635 0.33042 0.00214 0.00109 ( 1)
 120 A   0.98409 0.01437 0.00152 0.00002 ( 1)
 121 G   0.97914 0.01840 0.00241 0.00005 ( 1)
 122 V   0.98994 0.00763 0.00240 0.00002 ( 1)
 123 L   0.86763 0.12228 0.00883 0.00125 ( 1)
 124 F   0.79564 0.20282 0.00122 0.00033 ( 1)
 125 -   0.64527 0.35316 0.00099 0.00058 ( 1)
 126 -   0.64145 0.35637 0.00138 0.00080 ( 1)
 127 -   0.64206 0.35610 0.00116 0.00067 ( 1)
 128 -   0.63792 0.35941 0.00169 0.00098 ( 1)
 129 -   0.64206 0.35610 0.00116 0.00067 ( 1)
 130 A   0.96459 0.03398 0.00137 0.00005 ( 1)
 131 W   0.48295 0.51515 0.00090 0.00100 ( 2)
 132 T   0.98576 0.00831 0.00588 0.00005 ( 1)
 133 T   0.80803 0.19010 0.00150 0.00037 ( 1)
 134 R   0.90748 0.09007 0.00222 0.00023 ( 1)
 135 Y   0.96071 0.03775 0.00147 0.00006 ( 1)
 136 F   0.96021 0.03826 0.00147 0.00006 ( 1)
 137 G   0.98926 0.00823 0.00249 0.00002 ( 1)
 138 A   0.05213 0.94628 0.00008 0.00151 ( 2)
 139 P   0.99220 0.00065 0.00715 0.00000 ( 1)
 140 E   0.03265 0.96532 0.00006 0.00196 ( 2)
 141 V   0.98058 0.01036 0.00896 0.00010 ( 1)
 142 Y   0.00006 0.99791 0.00000 0.00203 ( 2)
 143 F   0.99679 0.00168 0.00153 0.00000 ( 1)
 144 Q   0.01076 0.98763 0.00002 0.00159 ( 2)
 145 R   0.13854 0.85232 0.00127 0.00787 ( 2)
 146 V   0.91536 0.08221 0.00222 0.00021 ( 1)
 147 D   0.20713 0.78854 0.00089 0.00345 ( 2)
 148 H   0.16598 0.83132 0.00044 0.00226 ( 2)
 149 N   0.23595 0.74480 0.00463 0.01462 ( 2)
 150 S   0.88782 0.09293 0.01743 0.00182 ( 1)
 151 G   0.75814 0.22261 0.01488 0.00437 ( 1)
 152 I   0.98188 0.01217 0.00587 0.00007 ( 1)
 153 D   0.88172 0.11669 0.00139 0.00019 ( 1)
 154 V   0.25976 0.73860 0.00041 0.00123 ( 2)
 155 G   0.68095 0.31718 0.00126 0.00061 ( 1)
 156 Y   0.00149 0.99726 0.00000 0.00125 ( 2)
 157 D   0.08734 0.90939 0.00028 0.00299 ( 2)
 158 I   0.58602 0.41089 0.00180 0.00129 ( 1)
 159 A   0.00643 0.98753 0.00004 0.00600 ( 2)
 160 F   0.99331 0.00484 0.00184 0.00001 ( 1)
 161 S   0.00602 0.99069 0.00002 0.00326 ( 2)
 162 E   0.08062 0.91216 0.00058 0.00665 ( 2)
 163 R   0.00087 0.99720 0.00000 0.00193 ( 2)
 164 Y   0.82598 0.16428 0.00812 0.00163 ( 1)
 165 A   0.24728 0.75074 0.00048 0.00151 ( 2)
 166 G   0.48196 0.51646 0.00074 0.00084 ( 2)
 167 I   0.99352 0.00470 0.00177 0.00001 ( 1)
 168 G   0.72960 0.26823 0.00157 0.00060 ( 1)
 169 E   0.17473 0.81937 0.00103 0.00488 ( 2)
 170 Q   0.98110 0.01698 0.00189 0.00003 ( 1)
 171 Q   0.01350 0.98398 0.00003 0.00249 ( 2)
 172 K   0.93184 0.06626 0.00177 0.00013 ( 1)
 173 D   0.91794 0.08052 0.00142 0.00013 ( 1)
 174 S   0.99258 0.00349 0.00391 0.00001 ( 1)
 175 L   0.43804 0.55996 0.00086 0.00114 ( 2)
 176 D   0.33746 0.65876 0.00126 0.00252 ( 2)
 177 E   0.99518 0.00286 0.00195 0.00001 ( 1)
 178 L   0.99305 0.00212 0.00483 0.00001 ( 1)
 179 P   0.99805 0.00041 0.00154 0.00000 ( 1)
 180 L   0.82774 0.16972 0.00209 0.00044 ( 1)
 181 Q   0.82841 0.16912 0.00204 0.00043 ( 1)
 182 T   0.68382 0.31371 0.00167 0.00079 ( 1)
 183 E   0.03757 0.95841 0.00015 0.00387 ( 2)
 184 G   0.85000 0.14845 0.00131 0.00024 ( 1)
 185 -   0.90439 0.07636 0.01775 0.00150 ( 1)
 186 P   0.90689 0.09058 0.00229 0.00024 ( 1)
 187 A   0.03397 0.96380 0.00007 0.00216 ( 2)
 188 Y   0.94888 0.04933 0.00169 0.00009 ( 1)
 189 -   0.31909 0.67906 0.00058 0.00128 ( 2)
 190 -   0.62649 0.35425 0.01230 0.00695 ( 1)
 191 -   0.62381 0.35694 0.01225 0.00701 ( 1)
 192 R   0.04759 0.94806 0.00020 0.00415 ( 2)
 193 S   0.89538 0.10215 0.00220 0.00026 ( 1)
 194 Y   0.98939 0.00094 0.00965 0.00001 ( 1)
 195 S   0.99239 0.00169 0.00591 0.00001 ( 1)
 196 H   0.99853 0.00023 0.00124 0.00000 ( 1)
 197 R   0.98007 0.01804 0.00186 0.00004 ( 1)
 198 L   0.99331 0.00364 0.00304 0.00001 ( 1)
 199 N   0.00220 0.00326 0.97166 0.02288 ( 3)
 200 H   0.99793 0.00083 0.00124 0.00000 ( 1)
 201 I   0.99394 0.00428 0.00177 0.00001 ( 1)
 202 S   0.96857 0.02899 0.00237 0.00007 ( 1)
 203 M   0.61684 0.38160 0.00095 0.00061 ( 1)
 204 V   0.98652 0.01170 0.00176 0.00002 ( 1)
 205 P   0.46215 0.52814 0.00451 0.00519 ( 2)
 206 Q   0.31576 0.67446 0.00310 0.00668 ( 2)
 207 T   0.87929 0.11951 0.00105 0.00015 ( 1)
 208 V   0.67173 0.32432 0.00265 0.00131 ( 1)
 209 R   0.42629 0.56813 0.00235 0.00323 ( 2)
 210 T   0.02714 0.01437 0.89808 0.06041 ( 3)
 211 R   0.32334 0.67068 0.00193 0.00406 ( 2)
 212 N   0.96553 0.03261 0.00179 0.00006 ( 1)
 213 V   0.98968 0.00789 0.00240 0.00002 ( 1)
 214 P   0.99797 0.00048 0.00154 0.00000 ( 1)
 215 V   0.99533 0.00225 0.00242 0.00001 ( 1)
 216 F   0.99679 0.00168 0.00153 0.00000 ( 1)
 217 S   0.95989 0.03830 0.00174 0.00007 ( 1)
 218 W   0.99126 0.00246 0.00627 0.00002 ( 1)
 219 S   0.05560 0.72732 0.08138 0.13570 ( 2)
 220 H   0.99853 0.00023 0.00124 0.00000 ( 1)
 221 R   0.05813 0.38407 0.30598 0.25182 ( 2)
 222 S   0.99659 0.00221 0.00119 0.00000 ( 1)
 223 -   0.62138 0.35937 0.01220 0.00705 ( 1)
 224 -   0.62138 0.35937 0.01220 0.00705 ( 1)
 225 -   0.62138 0.35937 0.01220 0.00705 ( 1)
 226 -   0.62138 0.35937 0.01220 0.00705 ( 1)
 227 -   0.62138 0.35937 0.01220 0.00705 ( 1)
 228 -   0.62138 0.35937 0.01220 0.00705 ( 1)
 229 -   0.62138 0.35937 0.01220 0.00705 ( 1)
 230 -   0.62138 0.35937 0.01220 0.00705 ( 1)


lnL = -3338.485661

