Supplemental results for CODEML (seqf: algn  treef: tree)


dN/dS (w) for site classes (K=4)

site class             0        1       2a       2b
proportion       0.66029  0.12877  0.17652  0.03442
background w     0.10941  1.00000  0.10941  1.00000
foreground w     0.10941  1.00000  1.00000  1.00000

Naive Empirical Bayes (NEB) probabilities for 4 classes
(amino acids refer to 1st sequence: BT_Cry1Ca11)

   1 -   0.18042 0.60910 0.04765 0.16283 ( 2)
   2 -   0.78707 0.00469 0.20699 0.00125 ( 1)
   3 -   0.74824 0.04392 0.19610 0.01174 ( 1)
   4 G   0.71094 0.08119 0.18616 0.02170 ( 1)
   5 Q   0.78943 0.00054 0.20988 0.00015 ( 1)
   6 L   0.78851 0.00228 0.20861 0.00061 ( 1)
   7 T   0.78951 0.00045 0.20992 0.00012 ( 1)
   8 R   0.78729 0.00301 0.20890 0.00080 ( 1)
   9 E   0.79152 0.00012 0.20833 0.00003 ( 1)
  10 V   0.71898 0.07078 0.19133 0.01892 ( 1)
  11 Y   0.79175 0.00010 0.20813 0.00003 ( 1)
  12 T   0.51800 0.27143 0.13800 0.07256 ( 1)
  13 D   0.79212 0.00033 0.20746 0.00009 ( 1)
  14 P   0.77968 0.00938 0.20843 0.00251 ( 1)
  15 L   0.78950 0.00132 0.20883 0.00035 ( 1)
  16 I   0.72097 0.07081 0.18930 0.01893 ( 1)
  17 N   0.73099 0.06117 0.19149 0.01635 ( 1)
  18 F   0.78185 0.01069 0.20461 0.00286 ( 1)
  19 N   0.79266 0.00004 0.20729 0.00001 ( 1)
  20 P   0.74919 0.04231 0.19719 0.01131 ( 1)
  21 Q   0.06310 0.72625 0.01650 0.19415 ( 2)
  22 L   0.79090 0.00109 0.20772 0.00029 ( 1)
  23 Q   0.14247 0.64714 0.03740 0.17300 ( 2)
  24 S   0.79130 0.00074 0.20776 0.00020 ( 1)
  25 V   0.58437 0.20661 0.15378 0.05523 ( 1)
  26 A   0.78823 0.00342 0.20743 0.00092 ( 1)
  27 Q   0.65757 0.13245 0.17457 0.03541 ( 1)
  28 L   0.76469 0.02707 0.20101 0.00724 ( 1)
  29 P   0.79125 0.00017 0.20853 0.00005 ( 1)
  30 T   0.78272 0.00713 0.20823 0.00191 ( 1)
  31 F   0.79233 0.00008 0.20756 0.00002 ( 1)
  32 N   0.51175 0.27854 0.13524 0.07446 ( 1)
  33 V   0.78219 0.01011 0.20500 0.00270 ( 1)
  34 M   0.77589 0.01639 0.20334 0.00438 ( 1)
  35 E   0.79147 0.00017 0.20832 0.00004 ( 1)
  36 S   0.79140 0.00121 0.20706 0.00032 ( 1)
  37 S   0.23193 0.55809 0.06079 0.14919 ( 2)
  38 A   0.77003 0.02191 0.20221 0.00586 ( 1)
  39 I   0.79248 0.00010 0.20739 0.00003 ( 1)
  40 R   0.79139 0.00021 0.20835 0.00006 ( 1)
  41 N   0.76517 0.02733 0.20019 0.00731 ( 1)
  42 P   0.79188 0.00017 0.20791 0.00004 ( 1)
  43 H   0.79206 0.00005 0.20787 0.00001 ( 1)
  44 L   0.78849 0.00232 0.20856 0.00062 ( 1)
  45 F   0.62733 0.16377 0.16513 0.04378 ( 1)
  46 D   0.78137 0.00876 0.20752 0.00234 ( 1)
  47 I   0.76048 0.03180 0.19922 0.00850 ( 1)
  48 L   0.78921 0.00161 0.20875 0.00043 ( 1)
  49 N   0.78029 0.01236 0.20405 0.00330 ( 1)
  50 N   0.16577 0.62354 0.04401 0.16669 ( 2)
  51 L   0.78846 0.00394 0.20655 0.00105 ( 1)
  52 T   0.78929 0.00058 0.20998 0.00015 ( 1)
  53 I   0.79212 0.00046 0.20730 0.00012 ( 1)
  54 F   0.79015 0.00169 0.20771 0.00045 ( 1)
  55 T   0.79132 0.00046 0.20810 0.00012 ( 1)
  56 D   0.79238 0.00007 0.20753 0.00002 ( 1)
  57 W   0.74146 0.04760 0.19821 0.01272 ( 1)
  58 F   0.71605 0.07301 0.19142 0.01952 ( 1)
  59 S   0.77949 0.01308 0.20394 0.00350 ( 1)
  60 V   0.77493 0.01469 0.20645 0.00393 ( 1)
  61 G   0.78798 0.00367 0.20737 0.00098 ( 1)
  62 R   0.77359 0.01808 0.20350 0.00483 ( 1)
  63 N   0.78763 0.00420 0.20705 0.00112 ( 1)
  64 F   0.10396 0.68545 0.02736 0.18324 ( 2)
  65 Y   0.79039 0.00145 0.20777 0.00039 ( 1)
  66 W   0.78460 0.00535 0.20861 0.00143 ( 1)
  67 G   0.79074 0.00042 0.20872 0.00011 ( 1)
  68 G   0.78842 0.00141 0.20979 0.00038 ( 1)
  69 H   0.78970 0.00032 0.20989 0.00009 ( 1)
  70 R   0.49257 0.29709 0.13092 0.07942 ( 1)
  71 V   0.78406 0.00754 0.20638 0.00202 ( 1)
  72 I   0.18567 0.60425 0.04855 0.16153 ( 2)
  73 S   0.78988 0.00220 0.20734 0.00059 ( 1)
  74 S   0.08454 0.70464 0.02245 0.18837 ( 2)
  75 L   0.73727 0.05237 0.19636 0.01400 ( 1)
  76 I   0.77129 0.02041 0.20284 0.00546 ( 1)
  77 G   0.79074 0.00042 0.20872 0.00011 ( 1)
  78 G   0.73102 0.05879 0.19448 0.01572 ( 1)
  79 G   0.26870 0.52152 0.07036 0.13942 ( 2)
  80 N   0.79066 0.00181 0.20704 0.00048 ( 1)
  81 -   0.72284 0.06954 0.18903 0.01859 ( 1)
  82 -   0.66530 0.12456 0.17683 0.03330 ( 1)
  83 I   0.79183 0.00018 0.20793 0.00005 ( 1)
  84 T   0.22970 0.55979 0.06085 0.14965 ( 2)
  85 S   0.77847 0.01129 0.20722 0.00302 ( 1)
  86 P   0.79193 0.00011 0.20793 0.00003 ( 1)
  87 I   0.69764 0.09297 0.18453 0.02485 ( 1)
  88 Y   0.79164 0.00021 0.20810 0.00006 ( 1)
  89 G   0.79078 0.00039 0.20873 0.00010 ( 1)
  90 R   0.78605 0.00424 0.20857 0.00113 ( 1)
  91 E   0.79095 0.00069 0.20818 0.00018 ( 1)
  92 A   0.61357 0.17712 0.16195 0.04735 ( 1)
  93 N   0.78960 0.00309 0.20649 0.00082 ( 1)
  94 Q   0.45458 0.33604 0.11955 0.08983 ( 1)
  95 E   0.78779 0.00242 0.20915 0.00065 ( 1)
  96 P   0.01847 0.77061 0.00492 0.20601 ( 2)
  97 P   0.78926 0.00050 0.21011 0.00013 ( 1)
  98 R   0.70626 0.08509 0.18590 0.02275 ( 1)
  99 S   0.00214 0.78693 0.00056 0.21037 ( 2)
 100 F   0.75841 0.03402 0.19848 0.00909 ( 1)
 101 T   0.04533 0.74378 0.01206 0.19883 ( 2)
 102 F   0.72160 0.06983 0.18990 0.01867 ( 1)
 103 N   0.23212 0.16317 0.56109 0.04362 ( 3)
 104 G   0.59650 0.19481 0.15662 0.05208 ( 1)
 105 -   0.47725 0.31251 0.12670 0.08354 ( 1)
 106 -   0.57224 0.21868 0.15063 0.05846 ( 1)
 107 P   0.78997 0.00146 0.20819 0.00039 ( 1)
 108 V   0.79116 0.00085 0.20776 0.00023 ( 1)
 109 F   0.79166 0.00075 0.20739 0.00020 ( 1)
 110 R   0.77935 0.01220 0.20518 0.00326 ( 1)
 111 T   0.79138 0.00040 0.20812 0.00011 ( 1)
 112 L   0.79111 0.00088 0.20777 0.00024 ( 1)
 113 S   0.79014 0.00083 0.20881 0.00022 ( 1)
 114 N   0.71415 0.07742 0.18773 0.02070 ( 1)
 115 P   0.65376 0.13820 0.17109 0.03695 ( 1)
 116 T   0.79152 0.00026 0.20816 0.00007 ( 1)
 117 L   0.28762 0.50169 0.07657 0.13412 ( 2)
 118 R   0.78081 0.01114 0.20507 0.00298 ( 1)
 119 L   0.00005 0.78901 0.00001 0.21093 ( 2)
 120 L   0.51339 0.27803 0.13426 0.07433 ( 1)
 121 Q   0.04223 0.74693 0.01116 0.19968 ( 2)
 122 Q   0.76933 0.02327 0.20119 0.00622 ( 1)
 123 P   0.79185 0.00020 0.20791 0.00005 ( 1)
 124 W   0.01370 0.77536 0.00366 0.20728 ( 2)
 125 P   0.68579 0.10327 0.18333 0.02761 ( 1)
 126 A   0.29822 0.49084 0.07972 0.13122 ( 2)
 127 P   0.46960 0.31946 0.12554 0.08540 ( 1)
 128 P   0.58370 0.20536 0.15604 0.05490 ( 1)
 129 F   0.78417 0.00489 0.20963 0.00131 ( 1)
 130 N   0.30419 0.48487 0.08132 0.12962 ( 2)
 131 L   0.78664 0.00497 0.20706 0.00133 ( 1)
 132 R   0.77852 0.01376 0.20404 0.00368 ( 1)
 133 G   0.70167 0.08926 0.18521 0.02386 ( 1)
 134 V   0.44050 0.34907 0.11711 0.09332 ( 1)
 135 E   0.78947 0.00074 0.20960 0.00020 ( 1)
 136 G   0.79052 0.00065 0.20866 0.00017 ( 1)
 137 V   0.78937 0.00054 0.20995 0.00015 ( 1)
 138 E   0.79152 0.00012 0.20833 0.00003 ( 1)
 139 F   0.78982 0.00032 0.20978 0.00008 ( 1)
 140 S   0.38051 0.40951 0.10050 0.10947 ( 2)
 141 T   0.48278 0.30850 0.12625 0.08247 ( 1)
 142 P   0.67410 0.11788 0.17652 0.03151 ( 1)
 143 T   0.09680 0.69262 0.02542 0.18516 ( 2)
 144 -   0.66029 0.12877 0.17652 0.03442 ( 1)
 145 N   0.59665 0.19510 0.15610 0.05215 ( 1)
 146 S   0.76881 0.02271 0.20241 0.00607 ( 1)
 147 F   0.04496 0.74430 0.01176 0.19897 ( 2)
 148 T   0.74940 0.04054 0.19923 0.01084 ( 1)
 149 Y   0.79175 0.00010 0.20813 0.00003 ( 1)
 150 R   0.79144 0.00028 0.20820 0.00008 ( 1)
 151 G   0.77604 0.01577 0.20398 0.00422 ( 1)
 152 R   0.78812 0.00209 0.20923 0.00056 ( 1)
 153 G   0.79184 0.00017 0.20794 0.00005 ( 1)
 154 T   0.04782 0.74139 0.01260 0.19819 ( 2)
 155 V   0.76346 0.02845 0.20048 0.00761 ( 1)
 156 D   0.79242 0.00004 0.20754 0.00001 ( 1)
 157 S   0.79185 0.00023 0.20785 0.00006 ( 1)
 158 L   0.77697 0.01538 0.20354 0.00411 ( 1)
 159 T   0.62658 0.16529 0.16394 0.04419 ( 1)
 160 E   0.79053 0.00110 0.20807 0.00029 ( 1)
 161 L   0.78958 0.00124 0.20885 0.00033 ( 1)
 162 P   0.78847 0.00295 0.20780 0.00079 ( 1)
 163 P   0.79191 0.00014 0.20792 0.00004 ( 1)
 164 E   0.12362 0.66575 0.03265 0.17797 ( 2)
 165 D   0.78759 0.00485 0.20627 0.00130 ( 1)
 166 N   0.00333 0.78574 0.00089 0.21005 ( 2)
 167 S   0.62117 0.16880 0.16490 0.04513 ( 1)
 168 V   0.77463 0.01694 0.20390 0.00453 ( 1)
 169 P   0.75403 0.03791 0.19793 0.01013 ( 1)
 170 P   0.79191 0.00014 0.20792 0.00004 ( 1)
 171 R   0.00881 0.78028 0.00232 0.20859 ( 2)
 172 E   0.36992 0.42079 0.09681 0.11249 ( 2)
 173 G   0.69249 0.09725 0.18426 0.02600 ( 1)
 174 Y   0.79166 0.00018 0.20811 0.00005 ( 1)
 175 S   0.79258 0.00004 0.20737 0.00001 ( 1)
 176 H   0.78847 0.00155 0.20957 0.00041 ( 1)
 177 R   0.79146 0.00026 0.20821 0.00007 ( 1)
 178 L   0.78972 0.00110 0.20889 0.00029 ( 1)
 179 C   0.78922 0.00056 0.21007 0.00015 ( 1)
 180 H   0.79206 0.00005 0.20787 0.00001 ( 1)
 181 A   0.79141 0.00026 0.20827 0.00007 ( 1)
 182 T   0.79086 0.00091 0.20798 0.00024 ( 1)
 183 F   0.79237 0.00004 0.20757 0.00001 ( 1)
 184 V   0.78454 0.00627 0.20752 0.00168 ( 1)
 185 Q   0.72632 0.06510 0.19117 0.01740 ( 1)
 186 R   0.77369 0.01595 0.20609 0.00426 ( 1)
 187 S   0.78587 0.00669 0.20566 0.00179 ( 1)
 188 G   0.78886 0.00374 0.20639 0.00100 ( 1)
 189 T   0.65404 0.13677 0.17263 0.03656 ( 1)
 190 P   0.79123 0.00020 0.20852 0.00005 ( 1)
 191 F   0.45271 0.33780 0.11919 0.09030 ( 1)
 192 L   0.78757 0.00443 0.20682 0.00118 ( 1)
 193 T   0.65362 0.13544 0.17473 0.03621 ( 1)
 194 T   0.78954 0.00212 0.20778 0.00057 ( 1)
 195 G   0.78918 0.00057 0.21009 0.00015 ( 1)
 196 V   0.00003 0.78904 0.00001 0.21093 ( 2)
 197 V   0.78499 0.00662 0.20663 0.00177 ( 1)
 198 F   0.79156 0.00085 0.20736 0.00023 ( 1)
 199 S   0.79085 0.00123 0.20759 0.00033 ( 1)
 200 W   0.78460 0.00535 0.20861 0.00143 ( 1)
 201 T   0.79113 0.00064 0.20805 0.00017 ( 1)
 202 H   0.78985 0.00017 0.20993 0.00004 ( 1)
 203 R   0.79159 0.00013 0.20824 0.00003 ( 1)
 204 S   0.79240 0.00022 0.20732 0.00006 ( 1)


lnL = -2862.431778

Bayes Empirical Bayes (BEB) probabilities for 4 classes (class)
(amino acids refer to 1st sequence: BT_Cry1Ca11)

   1 -   0.39221 0.44854 0.07701 0.08224 ( 2)
   2 -   0.83800 0.00499 0.15614 0.00087 ( 1)
   3 -   0.81052 0.03368 0.14995 0.00585 ( 1)
   4 G   0.80242 0.04206 0.14822 0.00730 ( 1)
   5 Q   0.83825 0.00059 0.16105 0.00010 ( 1)
   6 L   0.83845 0.00230 0.15885 0.00041 ( 1)
   7 T   0.83828 0.00053 0.16109 0.00009 ( 1)
   8 R   0.83659 0.00303 0.15984 0.00054 ( 1)
   9 E   0.84254 0.00015 0.15729 0.00003 ( 1)
  10 V   0.79537 0.04310 0.15382 0.00772 ( 1)
  11 Y   0.84304 0.00012 0.15682 0.00002 ( 1)
  12 T   0.67266 0.16532 0.13202 0.03001 ( 1)
  13 D   0.84414 0.00039 0.15541 0.00007 ( 1)
  14 P   0.82806 0.00861 0.16177 0.00155 ( 1)
  15 L   0.83945 0.00137 0.15894 0.00024 ( 1)
  16 I   0.80812 0.03541 0.15029 0.00617 ( 1)
  17 N   0.81408 0.03029 0.15037 0.00526 ( 1)
  18 F   0.83779 0.00699 0.15401 0.00121 ( 1)
  19 N   0.84501 0.00006 0.15492 0.00001 ( 1)
  20 P   0.81793 0.02472 0.15303 0.00433 ( 1)
  21 Q   0.21828 0.62521 0.04221 0.11429 ( 2)
  22 L   0.84233 0.00116 0.15631 0.00020 ( 1)
  23 Q   0.37299 0.46973 0.07205 0.08523 ( 2)
  24 S   0.84292 0.00068 0.15628 0.00012 ( 1)
  25 V   0.73854 0.10402 0.13911 0.01832 ( 1)
  26 A   0.83977 0.00297 0.15674 0.00052 ( 1)
  27 Q   0.76659 0.07278 0.14763 0.01301 ( 1)
  28 L   0.82679 0.01634 0.15402 0.00285 ( 1)
  29 P   0.84199 0.00021 0.15776 0.00004 ( 1)
  30 T   0.83251 0.00608 0.16033 0.00109 ( 1)
  31 F   0.84433 0.00011 0.15554 0.00002 ( 1)
  32 N   0.69400 0.14697 0.13283 0.02621 ( 1)
  33 V   0.83745 0.00680 0.15457 0.00118 ( 1)
  34 M   0.83483 0.00942 0.15412 0.00163 ( 1)
  35 E   0.84249 0.00020 0.15728 0.00003 ( 1)
  36 S   0.84378 0.00112 0.15491 0.00019 ( 1)
  37 S   0.45075 0.39264 0.08611 0.07050 ( 1)
  38 A   0.82991 0.01360 0.15412 0.00237 ( 1)
  39 I   0.84466 0.00014 0.15518 0.00002 ( 1)
  40 R   0.84234 0.00025 0.15737 0.00004 ( 1)
  41 N   0.82763 0.01723 0.15216 0.00298 ( 1)
  42 P   0.84340 0.00020 0.15636 0.00004 ( 1)
  43 H   0.84370 0.00007 0.15622 0.00001 ( 1)
  44 L   0.83846 0.00236 0.15877 0.00042 ( 1)
  45 F   0.75737 0.08515 0.14250 0.01498 ( 1)
  46 D   0.83235 0.00689 0.15953 0.00123 ( 1)
  47 I   0.82387 0.02053 0.15204 0.00356 ( 1)
  48 L   0.83917 0.00165 0.15889 0.00029 ( 1)
  49 N   0.83685 0.00820 0.15353 0.00142 ( 1)
  50 N   0.37232 0.46672 0.07433 0.08663 ( 2)
  51 L   0.84124 0.00320 0.15501 0.00055 ( 1)
  52 T   0.83792 0.00067 0.16129 0.00012 ( 1)
  53 I   0.84424 0.00055 0.15511 0.00010 ( 1)
  54 F   0.84167 0.00149 0.15658 0.00026 ( 1)
  55 T   0.84245 0.00054 0.15691 0.00009 ( 1)
  56 D   0.84443 0.00010 0.15546 0.00002 ( 1)
  57 W   0.79668 0.04000 0.15609 0.00723 ( 1)
  58 F   0.78640 0.05027 0.15423 0.00909 ( 1)
  59 S   0.83585 0.00903 0.15356 0.00156 ( 1)
  60 V   0.82680 0.01123 0.15995 0.00201 ( 1)
  61 G   0.83973 0.00301 0.15673 0.00053 ( 1)
  62 R   0.82866 0.01421 0.15466 0.00248 ( 1)
  63 N   0.83974 0.00342 0.15625 0.00060 ( 1)
  64 F   0.31090 0.53089 0.06081 0.09741 ( 2)
  65 Y   0.84188 0.00128 0.15661 0.00022 ( 1)
  66 W   0.83385 0.00497 0.16030 0.00088 ( 1)
  67 G   0.84114 0.00048 0.15830 0.00008 ( 1)
  68 G   0.83707 0.00146 0.16122 0.00026 ( 1)
  69 H   0.83860 0.00036 0.16098 0.00006 ( 1)
  70 R   0.62082 0.21799 0.12161 0.03958 ( 1)
  71 V   0.83659 0.00606 0.15629 0.00106 ( 1)
  72 I   0.43453 0.40953 0.08261 0.07333 ( 1)
  73 S   0.84176 0.00193 0.15597 0.00034 ( 1)
  74 S   0.23346 0.60530 0.04721 0.11402 ( 2)
  75 L   0.80656 0.03160 0.15618 0.00566 ( 1)
  76 I   0.83014 0.01283 0.15479 0.00224 ( 1)
  77 G   0.84114 0.00048 0.15830 0.00008 ( 1)
  78 G   0.80436 0.03421 0.15531 0.00612 ( 1)
  79 G   0.53307 0.31079 0.10087 0.05527 ( 1)
  80 N   0.84297 0.00160 0.15515 0.00028 ( 1)
  81 -   0.78694 0.05800 0.14501 0.01005 ( 1)
  82 -   0.73488 0.10400 0.14243 0.01868 ( 1)
  83 I   0.84331 0.00023 0.15642 0.00004 ( 1)
  84 T   0.45689 0.38238 0.09035 0.07038 ( 1)
  85 S   0.82949 0.00888 0.16005 0.00159 ( 1)
  86 P   0.84346 0.00015 0.15637 0.00003 ( 1)
  87 I   0.78500 0.05576 0.14937 0.00988 ( 1)
  88 Y   0.84292 0.00025 0.15679 0.00004 ( 1)
  89 G   0.84118 0.00044 0.15830 0.00008 ( 1)
  90 R   0.83614 0.00348 0.15976 0.00062 ( 1)
  91 E   0.84195 0.00074 0.15718 0.00013 ( 1)
  92 A   0.73283 0.10864 0.13928 0.01926 ( 1)
  93 N   0.84229 0.00278 0.15445 0.00048 ( 1)
  94 Q   0.65965 0.18301 0.12491 0.03243 ( 1)
  95 E   0.83704 0.00236 0.16019 0.00042 ( 1)
  96 P   0.09131 0.74652 0.01881 0.14336 ( 2)
  97 P   0.83778 0.00057 0.16155 0.00010 ( 1)
  98 R   0.79237 0.05020 0.14862 0.00881 ( 1)
  99 S   0.01569 0.82688 0.00309 0.15434 ( 2)
 100 F   0.82215 0.02259 0.15135 0.00391 ( 1)
 101 T   0.16322 0.67498 0.03335 0.12846 ( 2)
 102 F   0.80864 0.03404 0.15135 0.00596 ( 1)
 103 N   0.26239 0.07497 0.63663 0.02600 ( 3)
 104 G   0.72587 0.11750 0.13600 0.02063 ( 1)
 105 -   0.61518 0.22406 0.12015 0.04061 ( 1)
 106 -   0.68990 0.15250 0.13061 0.02699 ( 1)
 107 P   0.84067 0.00154 0.15753 0.00027 ( 1)
 108 V   0.84275 0.00079 0.15632 0.00014 ( 1)
 109 F   0.84371 0.00073 0.15543 0.00013 ( 1)
 110 R   0.83303 0.00955 0.15576 0.00167 ( 1)
 111 T   0.84252 0.00048 0.15692 0.00008 ( 1)
 112 L   0.84251 0.00098 0.15634 0.00017 ( 1)
 113 S   0.84025 0.00090 0.15869 0.00016 ( 1)
 114 N   0.80352 0.03957 0.15000 0.00692 ( 1)
 115 P   0.77689 0.06775 0.14359 0.01177 ( 1)
 116 T   0.84268 0.00032 0.15695 0.00006 ( 1)
 117 L   0.52276 0.31542 0.10382 0.05801 ( 1)
 118 R   0.83501 0.00847 0.15505 0.00147 ( 1)
 119 L   0.00048 0.83810 0.00010 0.16132 ( 2)
 120 L   0.70214 0.14259 0.13037 0.02490 ( 1)
 121 Q   0.15617 0.68405 0.03129 0.12848 ( 2)
 122 Q   0.83084 0.01420 0.15251 0.00245 ( 1)
 123 P   0.84337 0.00024 0.15636 0.00004 ( 1)
 124 W   0.05123 0.78544 0.01070 0.15262 ( 2)
 125 P   0.76583 0.07084 0.15049 0.01284 ( 1)
 126 A   0.48973 0.34695 0.09876 0.06456 ( 1)
 127 P   0.61111 0.22557 0.12185 0.04148 ( 1)
 128 P   0.69438 0.14230 0.13737 0.02596 ( 1)
 129 F   0.83202 0.00466 0.16248 0.00084 ( 1)
 130 N   0.49323 0.34344 0.09944 0.06389 ( 1)
 131 L   0.83870 0.00396 0.15665 0.00069 ( 1)
 132 R   0.83582 0.00844 0.15429 0.00146 ( 1)
 133 G   0.78785 0.05369 0.14898 0.00947 ( 1)
 134 V   0.63804 0.20071 0.12486 0.03640 ( 1)
 135 E   0.83860 0.00079 0.16047 0.00014 ( 1)
 136 G   0.84091 0.00071 0.15826 0.00012 ( 1)
 137 V   0.83808 0.00061 0.16119 0.00011 ( 1)
 138 E   0.84254 0.00015 0.15729 0.00003 ( 1)
 139 F   0.83886 0.00037 0.16070 0.00007 ( 1)
 140 S   0.60048 0.24056 0.11574 0.04322 ( 1)
 141 T   0.67367 0.17099 0.12541 0.02994 ( 1)
 142 P   0.78426 0.06019 0.14510 0.01046 ( 1)
 143 T   0.27635 0.56603 0.05386 0.10376 ( 2)
 144 -   0.73152 0.10515 0.14421 0.01912 ( 1)
 145 N   0.74417 0.10050 0.13784 0.01750 ( 1)
 146 S   0.82831 0.01426 0.15494 0.00249 ( 1)
 147 F   0.18888 0.65439 0.03666 0.12007 ( 2)
 148 T   0.81435 0.02450 0.15677 0.00437 ( 1)
 149 Y   0.84304 0.00012 0.15682 0.00002 ( 1)
 150 R   0.84256 0.00033 0.15706 0.00006 ( 1)
 151 G   0.83334 0.00984 0.15510 0.00172 ( 1)
 152 R   0.83764 0.00178 0.16026 0.00032 ( 1)
 153 G   0.84333 0.00021 0.15642 0.00004 ( 1)
 154 T   0.17226 0.66883 0.03419 0.12472 ( 2)
 155 V   0.82587 0.01763 0.15342 0.00307 ( 1)
 156 D   0.84447 0.00005 0.15546 0.00001 ( 1)
 157 S   0.84342 0.00028 0.15625 0.00005 ( 1)
 158 L   0.83434 0.01008 0.15383 0.00175 ( 1)
 159 T   0.75920 0.08550 0.14044 0.01487 ( 1)
 160 E   0.84155 0.00114 0.15711 0.00020 ( 1)
 161 L   0.83952 0.00130 0.15895 0.00023 ( 1)
 162 P   0.83925 0.00295 0.15728 0.00052 ( 1)
 163 P   0.84343 0.00017 0.15637 0.00003 ( 1)
 164 E   0.32013 0.52051 0.06324 0.09612 ( 2)
 165 D   0.84113 0.00339 0.15489 0.00059 ( 1)
 166 N   0.01952 0.81853 0.00403 0.15792 ( 2)
 167 S   0.75161 0.08775 0.14495 0.01570 ( 1)
 168 V   0.82952 0.01312 0.15507 0.00229 ( 1)
 169 P   0.82080 0.02285 0.15237 0.00398 ( 1)
 170 P   0.84343 0.00017 0.15637 0.00003 ( 1)
 171 R   0.04954 0.79174 0.00987 0.14886 ( 2)
 172 E   0.60015 0.24407 0.11270 0.04308 ( 1)
 173 G   0.78120 0.05729 0.15124 0.01027 ( 1)
 174 Y   0.84294 0.00022 0.15680 0.00004 ( 1)
 175 S   0.84485 0.00005 0.15509 0.00001 ( 1)
 176 H   0.83736 0.00160 0.16076 0.00028 ( 1)
 177 R   0.84258 0.00031 0.15706 0.00005 ( 1)
 178 L   0.83966 0.00116 0.15898 0.00021 ( 1)
 179 C   0.83777 0.00061 0.16151 0.00011 ( 1)
 180 H   0.84370 0.00007 0.15622 0.00001 ( 1)
 181 A   0.84244 0.00031 0.15720 0.00005 ( 1)
 182 T   0.84197 0.00102 0.15683 0.00018 ( 1)
 183 F   0.84438 0.00006 0.15555 0.00001 ( 1)
 184 V   0.83586 0.00496 0.15831 0.00087 ( 1)
 185 Q   0.80571 0.03692 0.15091 0.00647 ( 1)
 186 R   0.82594 0.01215 0.15973 0.00218 ( 1)
 187 S   0.84037 0.00442 0.15445 0.00076 ( 1)
 188 G   0.84177 0.00312 0.15457 0.00054 ( 1)
 189 T   0.76181 0.07970 0.14440 0.01409 ( 1)
 190 P   0.84197 0.00024 0.15775 0.00004 ( 1)
 191 F   0.66876 0.17353 0.12692 0.03079 ( 1)
 192 L   0.83990 0.00363 0.15584 0.00063 ( 1)
 193 T   0.74388 0.09279 0.14647 0.01685 ( 1)
 194 T   0.84089 0.00185 0.15693 0.00032 ( 1)
 195 G   0.83770 0.00063 0.16156 0.00011 ( 1)
 196 V   0.00031 0.83778 0.00006 0.16184 ( 2)
 197 V   0.83719 0.00547 0.15639 0.00096 ( 1)
 198 F   0.84363 0.00081 0.15542 0.00014 ( 1)
 199 S   0.84256 0.00114 0.15611 0.00020 ( 1)
 200 W   0.83385 0.00497 0.16030 0.00088 ( 1)
 201 T   0.84226 0.00074 0.15688 0.00013 ( 1)
 202 H   0.83876 0.00020 0.16101 0.00004 ( 1)
 203 R   0.84273 0.00016 0.15708 0.00003 ( 1)
 204 S   0.84461 0.00029 0.15505 0.00005 ( 1)

