Supplemental results for CODEML (seqf: algn  treef: tree)


dN/dS (w) for site classes (K=4)

site class             0        1       2a       2b
proportion       0.64952  0.34891  0.00102  0.00055
background w     0.10991  1.00000  0.10991  1.00000
foreground w     0.10991  1.00000  1.00000  1.00000

Naive Empirical Bayes (NEB) probabilities for 4 classes
(amino acids refer to 1st sequence: BT_Cry19Aa1)

   1 E   0.00091 0.99748 0.00004 0.00157 ( 2)
   2 V   0.99920 0.00007 0.00073 0.00000 ( 1)
   3 K   0.99913 0.00020 0.00068 0.00000 ( 1)
   4 T   0.37044 0.62571 0.00287 0.00098 ( 2)
   5 E   0.99900 0.00028 0.00072 0.00000 ( 1)
   6 L   0.98257 0.01630 0.00110 0.00003 ( 1)
   7 T   0.99843 0.00092 0.00066 0.00000 ( 1)
   8 R   0.99658 0.00249 0.00092 0.00000 ( 1)
   9 E   0.99900 0.00028 0.00072 0.00000 ( 1)
  10 I   0.99933 0.00009 0.00058 0.00000 ( 1)
  11 Y   0.99874 0.00057 0.00069 0.00000 ( 1)
  12 S   0.98790 0.01106 0.00102 0.00002 ( 1)
  13 D   0.99949 0.00002 0.00049 0.00000 ( 1)
  14 V   0.99718 0.00221 0.00061 0.00000 ( 1)
  15 I   0.99876 0.00068 0.00056 0.00000 ( 1)
  16 N   0.99944 0.00004 0.00052 0.00000 ( 1)
  17 G   0.14466 0.85382 0.00017 0.00134 ( 2)
  18 E   0.50100 0.47691 0.02134 0.00075 ( 1)
  19 I   0.01773 0.98060 0.00013 0.00154 ( 2)
  20 Y   0.15963 0.83893 0.00012 0.00132 ( 2)
  21 G   0.73450 0.26439 0.00069 0.00042 ( 1)
  22 L   0.04004 0.95842 0.00003 0.00151 ( 2)
  23 M   0.38769 0.61097 0.00038 0.00096 ( 2)
  24 T   0.00217 0.99626 0.00000 0.00157 ( 2)
  25 -   0.82077 0.17766 0.00129 0.00028 ( 1)
  26 P   0.21874 0.77985 0.00018 0.00123 ( 2)
  27 Y   0.03808 0.96038 0.00002 0.00151 ( 2)
  28 F   0.00223 0.99619 0.00001 0.00157 ( 2)
  29 S   0.85428 0.14453 0.00096 0.00023 ( 1)
  30 F   0.98075 0.01866 0.00055 0.00003 ( 1)
  31 E   0.01478 0.98365 0.00002 0.00155 ( 2)
  32 K   0.09751 0.90030 0.00077 0.00142 ( 2)
  33 A   0.49464 0.50426 0.00031 0.00079 ( 2)
  34 E   0.99900 0.00028 0.00072 0.00000 ( 1)
  35 S   0.81959 0.17887 0.00125 0.00028 ( 1)
  36 L   0.99633 0.00299 0.00067 0.00000 ( 1)
  37 Y   0.99917 0.00019 0.00064 0.00000 ( 1)
  38 T   0.99835 0.00083 0.00081 0.00000 ( 1)
  39 R   0.88839 0.10819 0.00325 0.00017 ( 1)
  40 A   0.00722 0.99083 0.00039 0.00156 ( 2)
  41 P   0.99852 0.00042 0.00106 0.00000 ( 1)
  42 H   0.99943 0.00003 0.00054 0.00000 ( 1)
  43 L   0.20207 0.79628 0.00040 0.00125 ( 2)
  44 F   0.99201 0.00690 0.00108 0.00001 ( 1)
  45 T   0.99935 0.00007 0.00058 0.00000 ( 1)
  46 W   0.96187 0.03690 0.00117 0.00006 ( 1)
  47 L   0.99529 0.00364 0.00107 0.00001 ( 1)
  48 K   0.58337 0.41455 0.00142 0.00065 ( 1)
  49 G   0.99070 0.00835 0.00093 0.00001 ( 1)
  50 F   0.99606 0.00338 0.00056 0.00001 ( 1)
  51 R   0.60887 0.38990 0.00062 0.00061 ( 1)
  52 F   0.99940 0.00004 0.00056 0.00000 ( 1)
  53 V   0.99803 0.00112 0.00085 0.00000 ( 1)
  54 T   0.99052 0.00835 0.00113 0.00001 ( 1)
  55 N   0.99944 0.00004 0.00052 0.00000 ( 1)
  56 S   0.20722 0.79140 0.00013 0.00125 ( 2)
  57 I   0.99315 0.00629 0.00055 0.00001 ( 1)
  58 S   0.84930 0.14988 0.00059 0.00024 ( 1)
  59 Y   0.00085 0.99758 0.00000 0.00157 ( 2)
  60 -   0.99194 0.00649 0.00156 0.00001 ( 1)
  61 -   0.01883 0.97960 0.00003 0.00154 ( 2)
  62 -   0.00059 0.99784 0.00000 0.00157 ( 2)
  63 -   0.13215 0.86627 0.00021 0.00136 ( 2)
  64 -   0.90689 0.09154 0.00143 0.00014 ( 1)
  65 -   0.68329 0.31514 0.00108 0.00050 ( 1)
  66 W   0.96187 0.03690 0.00117 0.00006 ( 1)
  67 T   0.20717 0.79141 0.00017 0.00125 ( 2)
  68 F   0.99730 0.00211 0.00059 0.00000 ( 1)
  69 L   0.99590 0.00316 0.00094 0.00000 ( 1)
  70 S   0.88698 0.11192 0.00092 0.00018 ( 1)
  71 G   0.99862 0.00076 0.00062 0.00000 ( 1)
  72 G   0.00024 0.99819 0.00000 0.00157 ( 2)
  73 Q   0.22578 0.77279 0.00021 0.00122 ( 2)
  74 N   0.99919 0.00030 0.00051 0.00000 ( 1)
  75 K   0.97801 0.02109 0.00086 0.00003 ( 1)
  76 Y   0.97728 0.02208 0.00060 0.00003 ( 1)
  77 S   0.96777 0.03148 0.00070 0.00005 ( 1)
  78 Y   0.04693 0.95154 0.00003 0.00150 ( 2)
  79 T   0.71983 0.27923 0.00050 0.00044 ( 1)
  80 N   0.00037 0.99806 0.00000 0.00157 ( 2)
  81 -   0.64952 0.34891 0.00102 0.00055 ( 1)
  82 N   0.00000 0.99842 0.00000 0.00157 ( 2)
  83 S   0.00036 0.99804 0.00002 0.00157 ( 2)
  84 S   0.00034 0.99809 0.00000 0.00157 ( 2)
  85 I   0.94799 0.05140 0.00053 0.00008 ( 1)
  86 N   0.00004 0.99839 0.00000 0.00157 ( 2)
  87 E   0.00117 0.99720 0.00006 0.00157 ( 2)
  88 G   0.95927 0.03965 0.00101 0.00006 ( 1)
  89 S   0.96878 0.02520 0.00598 0.00004 ( 1)
  90 F   0.99907 0.00032 0.00061 0.00000 ( 1)
  91 R   0.00000 0.99843 0.00000 0.00157 ( 2)
  92 G   0.98872 0.01022 0.00104 0.00002 ( 1)
  93 Q   0.02240 0.97604 0.00003 0.00154 ( 2)
  94 D   0.83145 0.16763 0.00065 0.00026 ( 1)
  95 T   0.09722 0.90128 0.00008 0.00142 ( 2)
  96 D   0.02228 0.97607 0.00012 0.00154 ( 2)
  97 Y   0.81084 0.18835 0.00051 0.00030 ( 1)
  98 G   0.99266 0.00671 0.00062 0.00001 ( 1)
  99 G   0.93606 0.06281 0.00103 0.00010 ( 1)
 100 T   0.28581 0.71286 0.00020 0.00112 ( 2)
 101 S   0.05771 0.94077 0.00004 0.00148 ( 2)
 102 S   0.99789 0.00149 0.00063 0.00000 ( 1)
 103 T   0.02776 0.97047 0.00024 0.00153 ( 2)
 104 I   0.09190 0.90660 0.00007 0.00143 ( 2)
 105 N   0.05643 0.94184 0.00025 0.00148 ( 2)
 106 I   0.89487 0.10445 0.00052 0.00016 ( 1)
 107 P   0.00001 0.99842 0.00000 0.00157 ( 2)
 108 S   0.00038 0.99802 0.00004 0.00157 ( 2)
 109 N   0.00097 0.99746 0.00000 0.00157 ( 2)
 110 S   0.02166 0.97677 0.00003 0.00154 ( 2)
 111 Y   0.73451 0.26459 0.00048 0.00042 ( 1)
 112 V   0.24135 0.75621 0.00125 0.00119 ( 2)
 113 Y   0.98709 0.01229 0.00061 0.00002 ( 1)
 114 N   0.57347 0.42556 0.00030 0.00067 ( 1)
 115 L   0.97727 0.02177 0.00092 0.00003 ( 1)
 116 W   0.13457 0.86390 0.00016 0.00136 ( 2)
 117 T   0.69247 0.30630 0.00075 0.00048 ( 1)
 118 E   0.99134 0.00254 0.00612 0.00000 ( 1)
 119 N   0.85263 0.14662 0.00052 0.00023 ( 1)
 120 Y   0.99156 0.00782 0.00061 0.00001 ( 1)
 121 E   0.87961 0.11956 0.00064 0.00019 ( 1)
 122 Y   0.00010 0.99833 0.00000 0.00157 ( 2)
 123 I   0.99345 0.00598 0.00055 0.00001 ( 1)
 124 Y   0.91797 0.08133 0.00057 0.00013 ( 1)
 125 P   0.99686 0.00233 0.00080 0.00000 ( 1)
 126 W   0.04326 0.95518 0.00005 0.00150 ( 2)
 127 G   0.00004 0.99839 0.00000 0.00157 ( 2)
 128 D   0.99669 0.00282 0.00049 0.00000 ( 1)
 129 P   0.18856 0.81001 0.00015 0.00127 ( 2)
 130 V   0.01907 0.97938 0.00002 0.00154 ( 2)
 131 N   0.99919 0.00030 0.00051 0.00000 ( 1)
 132 I   0.99345 0.00598 0.00055 0.00001 ( 1)
 133 T   0.39030 0.60843 0.00032 0.00096 ( 2)
 134 K   0.35451 0.64423 0.00024 0.00101 ( 2)
 135 M   0.90685 0.08754 0.00548 0.00014 ( 1)
 136 N   0.98883 0.01064 0.00051 0.00002 ( 1)
 137 F   0.99935 0.00009 0.00056 0.00000 ( 1)
 138 S   0.95234 0.04699 0.00060 0.00007 ( 1)
 139 V   0.00085 0.99758 0.00000 0.00157 ( 2)
 140 T   0.95091 0.04823 0.00079 0.00008 ( 1)
 141 D   0.99564 0.00386 0.00049 0.00001 ( 1)
 142 N   0.99944 0.00004 0.00052 0.00000 ( 1)
 143 N   0.96602 0.03336 0.00057 0.00005 ( 1)
 144 S   0.00538 0.99305 0.00000 0.00156 ( 2)
 145 S   0.55009 0.44864 0.00057 0.00071 ( 1)
 146 K   0.00002 0.99841 0.00000 0.00157 ( 2)
 147 E   0.29812 0.70056 0.00022 0.00110 ( 2)
 148 L   0.00002 0.99840 0.00000 0.00157 ( 2)
 149 I   0.11908 0.87947 0.00007 0.00138 ( 2)
 150 Y   0.99662 0.00276 0.00061 0.00000 ( 1)
 151 G   0.96355 0.03580 0.00059 0.00006 ( 1)
 152 A   0.01262 0.98582 0.00001 0.00155 ( 2)
 153 -   0.64952 0.34891 0.00102 0.00055 ( 1)
 154 -   0.38365 0.61478 0.00060 0.00097 ( 2)
 155 -   0.42171 0.57672 0.00066 0.00091 ( 2)
 156 H   0.00054 0.99785 0.00004 0.00157 ( 2)
 157 R   0.63421 0.36474 0.00047 0.00057 ( 1)
 158 T   0.00979 0.98860 0.00006 0.00156 ( 2)
 159 N   0.99944 0.00004 0.00052 0.00000 ( 1)
 160 K   0.00844 0.98999 0.00001 0.00156 ( 2)
 161 P   0.99921 0.00011 0.00067 0.00000 ( 1)
 162 V   0.82677 0.13297 0.04005 0.00021 ( 1)
 163 V   0.99935 0.00006 0.00059 0.00000 ( 1)
 164 R   0.41626 0.58228 0.00054 0.00092 ( 2)
 165 T   0.99782 0.00135 0.00083 0.00000 ( 1)
 166 D   0.99931 0.00020 0.00049 0.00000 ( 1)
 167 F   0.99938 0.00006 0.00056 0.00000 ( 1)
 168 D   0.99768 0.00176 0.00055 0.00000 ( 1)
 169 F   0.99940 0.00004 0.00056 0.00000 ( 1)
 170 L   0.99332 0.00571 0.00095 0.00001 ( 1)
 171 T   0.12051 0.87766 0.00045 0.00138 ( 2)
 172 N   0.99595 0.00343 0.00062 0.00001 ( 1)
 173 K   0.99706 0.00220 0.00074 0.00000 ( 1)
 174 E   0.23721 0.76138 0.00022 0.00120 ( 2)
 175 G   0.62115 0.37768 0.00058 0.00059 ( 1)
 176 T   0.98981 0.00956 0.00061 0.00002 ( 1)
 177 E   0.39562 0.59156 0.01189 0.00093 ( 2)
 178 L   0.08429 0.90965 0.00463 0.00143 ( 2)
 179 A   0.38803 0.61058 0.00043 0.00096 ( 2)
 180 K   0.98233 0.01001 0.00764 0.00002 ( 1)
 181 Y   0.92610 0.07312 0.00067 0.00012 ( 1)
 182 N   0.99893 0.00056 0.00051 0.00000 ( 1)
 183 D   0.99017 0.00908 0.00074 0.00001 ( 1)
 184 Y   0.99890 0.00046 0.00063 0.00000 ( 1)
 185 N   0.99008 0.00939 0.00052 0.00001 ( 1)
 186 H   0.99931 0.00010 0.00059 0.00000 ( 1)
 187 I   0.99939 0.00005 0.00056 0.00000 ( 1)
 188 L   0.99332 0.00573 0.00094 0.00001 ( 1)
 189 S   0.99124 0.00767 0.00107 0.00001 ( 1)
 190 Y   0.89928 0.10001 0.00055 0.00016 ( 1)
 191 M   0.59676 0.40214 0.00047 0.00063 ( 1)
 192 L   0.99214 0.00691 0.00094 0.00001 ( 1)
 193 I   0.23266 0.76597 0.00016 0.00121 ( 2)
 194 N   0.99360 0.00585 0.00055 0.00001 ( 1)
 195 -   0.90689 0.09154 0.00143 0.00014 ( 1)
 196 -   0.92782 0.07061 0.00146 0.00011 ( 1)
 197 -   0.79819 0.20024 0.00126 0.00032 ( 1)
 198 G   0.69588 0.30287 0.00077 0.00048 ( 1)
 199 E   0.01503 0.98341 0.00002 0.00155 ( 2)
 200 T   0.99215 0.00666 0.00118 0.00001 ( 1)
 201 F   0.29413 0.70458 0.00018 0.00111 ( 2)
 202 G   0.98720 0.01209 0.00070 0.00002 ( 1)
 203 Q   0.71249 0.28626 0.00079 0.00045 ( 1)
 204 K   0.85022 0.14897 0.00057 0.00023 ( 1)
 205 R   0.55635 0.44057 0.00238 0.00069 ( 1)
 206 H   0.99415 0.00520 0.00064 0.00001 ( 1)
 207 G   0.99912 0.00026 0.00062 0.00000 ( 1)
 208 Y   0.99927 0.00012 0.00062 0.00000 ( 1)
 209 S   0.90486 0.09393 0.00106 0.00015 ( 1)
 210 F   0.99940 0.00004 0.00056 0.00000 ( 1)
 211 A   0.99635 0.00302 0.00062 0.00000 ( 1)
 212 F   0.99938 0.00006 0.00056 0.00000 ( 1)
 213 T   0.99656 0.00260 0.00084 0.00000 ( 1)
 214 H   0.99946 0.00002 0.00052 0.00000 ( 1)
 215 S   0.99950 0.00001 0.00049 0.00000 ( 1)
 216 S   0.99771 0.00170 0.00059 0.00000 ( 1)


lnL = -3715.452017

