Supplemental results for CODEML (seqf: algn  treef: tree)


dN/dS (w) for site classes (K=4)

site class             0        1       2a       2b
proportion       0.26683  0.73317  0.00000  0.00000
background w     0.07150  1.00000  0.07150  1.00000
foreground w     0.07150  1.00000  3.22159  3.22159
(note that p[2] is zero)


Naive Empirical Bayes (NEB) probabilities for 4 classes
(amino acids refer to 1st sequence: BT_Cry32Ja1)

   1 P   0.36224 0.63776 0.00000 0.00000 ( 2)
   2 T   0.93898 0.06102 0.00000 0.00000 ( 1)
   3 K   0.99837 0.00163 0.00000 0.00000 ( 1)
   4 S   0.86056 0.13944 0.00000 0.00000 ( 1)
   5 Q   0.99827 0.00173 0.00000 0.00000 ( 1)
   6 L   0.99979 0.00021 0.00000 0.00000 ( 1)
   7 T   0.99950 0.00050 0.00000 0.00000 ( 1)
   8 R   0.99930 0.00070 0.00000 0.00000 ( 1)
   9 T   0.00027 0.99973 0.00000 0.00000 ( 2)
  10 V   0.24193 0.75807 0.00000 0.00000 ( 2)
  11 Y   0.99907 0.00093 0.00000 0.00000 ( 1)
  12 T   0.99938 0.00062 0.00000 0.00000 ( 1)
  13 P   0.00002 0.99998 0.00000 0.00000 ( 2)
  14 F   0.00087 0.99913 0.00000 0.00000 ( 2)
  15 V   0.00037 0.99963 0.00000 0.00000 ( 2)
  16 L   0.00530 0.99470 0.00000 0.00000 ( 2)
  17 S   0.00001 0.99999 0.00000 0.00000 ( 2)
  18 Y   0.00500 0.99500 0.00000 0.00000 ( 2)
  19 P   0.02680 0.97320 0.00000 0.00000 ( 2)
  20 T   0.00854 0.99146 0.00000 0.00000 ( 2)
  21 -   0.28731 0.71269 0.00000 0.00000 ( 2)
  22 -   0.33947 0.66053 0.00000 0.00000 ( 2)
  23 -   0.33749 0.66251 0.00000 0.00000 ( 2)
  24 -   0.31058 0.68942 0.00000 0.00000 ( 2)
  25 -   0.32628 0.67372 0.00000 0.00000 ( 2)
  26 -   0.27819 0.72181 0.00000 0.00000 ( 2)
  27 -   0.30117 0.69883 0.00000 0.00000 ( 2)
  28 -   0.32131 0.67869 0.00000 0.00000 ( 2)
  29 -   0.32131 0.67869 0.00000 0.00000 ( 2)
  30 P   0.04840 0.95160 0.00000 0.00000 ( 2)
  31 N   0.00875 0.99125 0.00000 0.00000 ( 2)
  32 L   0.00179 0.99821 0.00000 0.00000 ( 2)
  33 P   0.00395 0.99605 0.00000 0.00000 ( 2)
  34 L   0.00001 0.99999 0.00000 0.00000 ( 2)
  35 I   0.98775 0.01225 0.00000 0.00000 ( 1)
  36 S   0.00023 0.99977 0.00000 0.00000 ( 2)
  37 E   0.00005 0.99995 0.00000 0.00000 ( 2)
  38 I   0.00643 0.99357 0.00000 0.00000 ( 2)
  39 E   0.21071 0.78929 0.00000 0.00000 ( 2)
  40 S   0.00005 0.99995 0.00000 0.00000 ( 2)
  41 Q   0.00002 0.99998 0.00000 0.00000 ( 2)
  42 V   0.00937 0.99063 0.00000 0.00000 ( 2)
  43 V   0.07149 0.92851 0.00000 0.00000 ( 2)
  44 V   0.00269 0.99731 0.00000 0.00000 ( 2)
  45 P   0.99960 0.00040 0.00000 0.00000 ( 1)
  46 P   0.98832 0.01168 0.00000 0.00000 ( 1)
  47 S   0.58763 0.41237 0.00000 0.00000 ( 1)
  48 L   0.99728 0.00272 0.00000 0.00000 ( 1)
  49 F   0.99999 0.00001 0.00000 0.00000 ( 1)
  50 S   0.00950 0.99050 0.00000 0.00000 ( 2)
  51 W   0.99899 0.00101 0.00000 0.00000 ( 1)
  52 L   0.97524 0.02476 0.00000 0.00000 ( 1)
  53 F   0.02315 0.97685 0.00000 0.00000 ( 2)
  54 L   0.00474 0.99526 0.00000 0.00000 ( 2)
  55 I   0.06809 0.93191 0.00000 0.00000 ( 2)
  56 E   0.00007 0.99993 0.00000 0.00000 ( 2)
  57 S   0.07128 0.92872 0.00000 0.00000 ( 2)
  58 Y   0.99870 0.00130 0.00000 0.00000 ( 1)
  59 T   0.08144 0.91856 0.00000 0.00000 ( 2)
  60 E   0.00157 0.99843 0.00000 0.00000 ( 2)
  61 K   0.00000 1.00000 0.00000 0.00000 ( 2)
  62 A   0.00002 0.99998 0.00000 0.00000 ( 2)
  63 A   0.00002 0.99998 0.00000 0.00000 ( 2)
  64 Q   0.00191 0.99809 0.00000 0.00000 ( 2)
  65 D   0.00001 0.99999 0.00000 0.00000 ( 2)
  66 -   0.26683 0.73317 0.00000 0.00000 ( 2)
  67 -   0.26683 0.73317 0.00000 0.00000 ( 2)
  68 -   0.02041 0.97959 0.00000 0.00000 ( 2)
  69 K   0.00014 0.99986 0.00000 0.00000 ( 2)
  70 E   0.00010 0.99990 0.00000 0.00000 ( 2)
  71 C   0.00000 1.00000 0.00000 0.00000 ( 2)
  72 L   0.00001 0.99999 0.00000 0.00000 ( 2)
  73 T   0.00029 0.99971 0.00000 0.00000 ( 2)
  74 G   0.00045 0.99955 0.00000 0.00000 ( 2)
  75 Q   0.00560 0.99440 0.00000 0.00000 ( 2)
  76 R   0.00005 0.99995 0.00000 0.00000 ( 2)
  77 Q   0.00001 0.99999 0.00000 0.00000 ( 2)
  78 A   0.00063 0.99937 0.00000 0.00000 ( 2)
  79 F   0.87515 0.12485 0.00000 0.00000 ( 1)
  80 A   0.00017 0.99983 0.00000 0.00000 ( 2)
  81 Y   0.00052 0.99948 0.00000 0.00000 ( 2)
  82 T   0.09914 0.90086 0.00000 0.00000 ( 2)
  83 T   0.00013 0.99987 0.00000 0.00000 ( 2)
  84 G   0.00094 0.99906 0.00000 0.00000 ( 2)
  85 R   0.00000 1.00000 0.00000 0.00000 ( 2)
  86 D   0.53817 0.46183 0.00000 0.00000 ( 1)
  87 L   0.00074 0.99926 0.00000 0.00000 ( 2)
  88 F   0.00000 1.00000 0.00000 0.00000 ( 2)
  89 Q   0.00282 0.99718 0.00000 0.00000 ( 2)
  90 E   0.00148 0.99852 0.00000 0.00000 ( 2)
  91 F   0.00371 0.99629 0.00000 0.00000 ( 2)
  92 K   0.00038 0.99962 0.00000 0.00000 ( 2)
  93 -   0.26683 0.73317 0.00000 0.00000 ( 2)
  94 -   0.01539 0.98461 0.00000 0.00000 ( 2)
  95 G   0.16951 0.83049 0.00000 0.00000 ( 2)
  96 N   0.15165 0.84835 0.00000 0.00000 ( 2)
  97 L   0.00037 0.99963 0.00000 0.00000 ( 2)
  98 N   0.00001 0.99999 0.00000 0.00000 ( 2)
  99 G   0.00002 0.99998 0.00000 0.00000 ( 2)
 100 T   0.00002 0.99998 0.00000 0.00000 ( 2)
 101 Y   0.00000 1.00000 0.00000 0.00000 ( 2)
 102 R   0.00047 0.99953 0.00000 0.00000 ( 2)
 103 G   0.00614 0.99386 0.00000 0.00000 ( 2)
 104 Q   0.00000 1.00000 0.00000 0.00000 ( 2)
 105 L   0.00001 0.99999 0.00000 0.00000 ( 2)
 106 V   0.85386 0.14614 0.00000 0.00000 ( 1)
 107 A   0.00124 0.99876 0.00000 0.00000 ( 2)
 108 E   0.00344 0.99656 0.00000 0.00000 ( 2)
 109 P   0.04579 0.95421 0.00000 0.00000 ( 2)
 110 G   0.00114 0.99886 0.00000 0.00000 ( 2)
 111 L   0.96657 0.03343 0.00000 0.00000 ( 1)
 112 G   0.11587 0.88413 0.00000 0.00000 ( 2)
 113 Q   0.01469 0.98531 0.00000 0.00000 ( 2)
 114 Y   0.26683 0.73317 0.00000 0.00000 ( 2)
 115 V   0.01988 0.98012 0.00000 0.00000 ( 2)
 116 W   0.00001 0.99999 0.00000 0.00000 ( 2)
 117 A   0.12617 0.87383 0.00000 0.00000 ( 2)
 118 I   0.00103 0.99897 0.00000 0.00000 ( 2)
 119 E   0.16301 0.83699 0.00000 0.00000 ( 2)
 120 L   0.98371 0.01629 0.00000 0.00000 ( 1)
 121 Y   0.97436 0.02564 0.00000 0.00000 ( 1)
 122 G   0.00021 0.99979 0.00000 0.00000 ( 2)
 123 S   0.00519 0.99481 0.00000 0.00000 ( 2)
 124 G   0.00064 0.99936 0.00000 0.00000 ( 2)
 125 Y   0.78685 0.21315 0.00000 0.00000 ( 1)
 126 L   0.02892 0.97108 0.00000 0.00000 ( 2)
 127 -   0.26683 0.73317 0.00000 0.00000 ( 2)
 128 -   0.26683 0.73317 0.00000 0.00000 ( 2)
 129 -   0.26683 0.73317 0.00000 0.00000 ( 2)
 130 W   0.00000 1.00000 0.00000 0.00000 ( 2)
 131 D   0.00001 0.99999 0.00000 0.00000 ( 2)
 132 G   0.00902 0.99098 0.00000 0.00000 ( 2)
 133 Y   0.87724 0.12276 0.00000 0.00000 ( 1)
 134 P   0.00003 0.99997 0.00000 0.00000 ( 2)
 135 Y   0.00003 0.99997 0.00000 0.00000 ( 2)
 136 L   0.00063 0.99937 0.00000 0.00000 ( 2)
 137 H   0.00002 0.99998 0.00000 0.00000 ( 2)
 138 N   0.00181 0.99819 0.00000 0.00000 ( 2)
 139 L   0.00001 0.99999 0.00000 0.00000 ( 2)
 140 G   0.00011 0.99989 0.00000 0.00000 ( 2)
 141 -   0.00606 0.99394 0.00000 0.00000 ( 2)
 142 -   0.28619 0.71381 0.00000 0.00000 ( 2)
 143 -   0.45822 0.54178 0.00000 0.00000 ( 2)
 144 -   0.14287 0.85713 0.00000 0.00000 ( 2)
 145 -   0.04087 0.95913 0.00000 0.00000 ( 2)
 146 F   0.00006 0.99994 0.00000 0.00000 ( 2)
 147 F   0.00070 0.99930 0.00000 0.00000 ( 2)
 148 N   0.00007 0.99993 0.00000 0.00000 ( 2)
 149 F   0.99979 0.00021 0.00000 0.00000 ( 1)
 150 K   0.02502 0.97498 0.00000 0.00000 ( 2)
 151 L   0.98944 0.01056 0.00000 0.00000 ( 1)
 152 T   0.98626 0.01374 0.00000 0.00000 ( 1)
 153 -   0.04874 0.95126 0.00000 0.00000 ( 2)
 154 -   0.97146 0.02854 0.00000 0.00000 ( 1)
 155 -   0.73779 0.26221 0.00000 0.00000 ( 1)
 156 N   0.00002 0.99998 0.00000 0.00000 ( 2)
 157 S   0.00374 0.99626 0.00000 0.00000 ( 2)
 158 E   0.00010 0.99990 0.00000 0.00000 ( 2)
 159 D   0.00000 1.00000 0.00000 0.00000 ( 2)
 160 Q   0.00316 0.99684 0.00000 0.00000 ( 2)
 161 K   0.01520 0.98480 0.00000 0.00000 ( 2)
 162 I   0.00041 0.99959 0.00000 0.00000 ( 2)
 163 H   0.00408 0.99592 0.00000 0.00000 ( 2)
 164 V   0.31531 0.68469 0.00000 0.00000 ( 2)
 165 S   0.23839 0.76161 0.00000 0.00000 ( 2)
 166 P   0.00042 0.99958 0.00000 0.00000 ( 2)
 167 G   0.00027 0.99973 0.00000 0.00000 ( 2)
 168 D   0.00484 0.99516 0.00000 0.00000 ( 2)
 169 I   0.20582 0.79418 0.00000 0.00000 ( 2)
 170 V   0.00128 0.99872 0.00000 0.00000 ( 2)
 171 D   0.00747 0.99253 0.00000 0.00000 ( 2)
 172 G   0.00723 0.99277 0.00000 0.00000 ( 2)
 173 T   0.00017 0.99983 0.00000 0.00000 ( 2)
 174 T   0.00026 0.99974 0.00000 0.00000 ( 2)
 175 A   0.00428 0.99572 0.00000 0.00000 ( 2)
 176 I   0.00292 0.99708 0.00000 0.00000 ( 2)
 177 L   0.00777 0.99223 0.00000 0.00000 ( 2)
 178 G   0.98696 0.01304 0.00000 0.00000 ( 1)
 179 L   0.47897 0.52103 0.00000 0.00000 ( 2)
 180 P   0.96188 0.03812 0.00000 0.00000 ( 1)
 181 C   0.99974 0.00026 0.00000 0.00000 ( 1)
 182 K   0.03176 0.96824 0.00000 0.00000 ( 2)
 183 P   0.00119 0.99881 0.00000 0.00000 ( 2)
 184 N   0.30025 0.69975 0.00000 0.00000 ( 2)
 185 N   0.06333 0.93667 0.00000 0.00000 ( 2)
 186 N   0.00283 0.99717 0.00000 0.00000 ( 2)
 187 D   0.01776 0.98224 0.00000 0.00000 ( 2)
 188 -   0.00471 0.99529 0.00000 0.00000 ( 2)
 189 C   0.99974 0.00026 0.00000 0.00000 ( 1)
 190 D   0.88212 0.11788 0.00000 0.00000 ( 1)
 191 P   0.99357 0.00643 0.00000 0.00000 ( 1)
 192 C   0.99974 0.00026 0.00000 0.00000 ( 1)
 193 -   0.00010 0.99990 0.00000 0.00000 ( 2)
 194 -   0.02533 0.97467 0.00000 0.00000 ( 2)
 195 -   0.26683 0.73317 0.00000 0.00000 ( 2)
 196 N   0.92843 0.07157 0.00000 0.00000 ( 1)
 197 P   0.00993 0.99007 0.00000 0.00000 ( 2)
 198 C   0.99987 0.00013 0.00000 0.00000 ( 1)
 199 N   0.00000 1.00000 0.00000 0.00000 ( 2)
 200 T   0.00014 0.99986 0.00000 0.00000 ( 2)
 201 L   0.03051 0.96949 0.00000 0.00000 ( 2)
 202 P   0.00000 1.00000 0.00000 0.00000 ( 2)
 203 I   0.00024 0.99976 0.00000 0.00000 ( 2)
 204 N   0.99960 0.00040 0.00000 0.00000 ( 1)
 205 L   0.00004 0.99996 0.00000 0.00000 ( 2)
 206 S   0.11005 0.88995 0.00000 0.00000 ( 2)
 207 N   0.00378 0.99622 0.00000 0.00000 ( 2)
 208 P   0.99997 0.00003 0.00000 0.00000 ( 1)
 209 C   0.99794 0.00206 0.00000 0.00000 ( 1)
 210 N   0.99772 0.00228 0.00000 0.00000 ( 1)
 211 -   0.28746 0.71254 0.00000 0.00000 ( 2)
 212 -   0.28746 0.71254 0.00000 0.00000 ( 2)
 213 -   0.28906 0.71094 0.00000 0.00000 ( 2)
 214 -   0.29459 0.70541 0.00000 0.00000 ( 2)
 215 -   0.31386 0.68614 0.00000 0.00000 ( 2)
 216 -   0.31391 0.68609 0.00000 0.00000 ( 2)
 217 -   0.32428 0.67572 0.00000 0.00000 ( 2)
 218 -   0.29531 0.70469 0.00000 0.00000 ( 2)
 219 D   0.90127 0.09873 0.00000 0.00000 ( 1)
 220 I   0.01889 0.98111 0.00000 0.00000 ( 2)
 221 S   0.00029 0.99971 0.00000 0.00000 ( 2)
 222 L   0.88010 0.11990 0.00000 0.00000 ( 1)
 223 Y   0.99995 0.00005 0.00000 0.00000 ( 1)
 224 S   0.99999 0.00001 0.00000 0.00000 ( 1)
 225 H   0.03548 0.96452 0.00000 0.00000 ( 2)
 226 R   0.99451 0.00549 0.00000 0.00000 ( 1)
 227 F   0.97427 0.02573 0.00000 0.00000 ( 1)
 228 S   0.89740 0.10260 0.00000 0.00000 ( 1)
 229 Y   0.01688 0.98312 0.00000 0.00000 ( 2)
 230 L   0.03738 0.96262 0.00000 0.00000 ( 2)
 231 G   0.24519 0.75481 0.00000 0.00000 ( 2)
 232 T   0.00013 0.99987 0.00000 0.00000 ( 2)
 233 Y   0.00005 0.99995 0.00000 0.00000 ( 2)
 234 P   0.00002 0.99998 0.00000 0.00000 ( 2)
 235 A   0.00011 0.99989 0.00000 0.00000 ( 2)
 236 P   0.05602 0.94398 0.00000 0.00000 ( 2)
 237 P   0.00006 0.99994 0.00000 0.00000 ( 2)
 238 V   0.00001 0.99999 0.00000 0.00000 ( 2)
 239 N   0.00079 0.99921 0.00000 0.00000 ( 2)
 240 N   0.13751 0.86249 0.00000 0.00000 ( 2)
 241 W   0.02418 0.97582 0.00000 0.00000 ( 2)
 242 S   0.06429 0.93571 0.00000 0.00000 ( 2)
 243 P   0.05598 0.94402 0.00000 0.00000 ( 2)
 244 T   0.00002 0.99998 0.00000 0.00000 ( 2)
 245 N   0.01517 0.98483 0.00000 0.00000 ( 2)
 246 I   0.68440 0.31560 0.00000 0.00000 ( 1)
 247 G   0.05766 0.94234 0.00000 0.00000 ( 2)
 248 N   0.00055 0.99945 0.00000 0.00000 ( 2)
 249 F   0.00463 0.99537 0.00000 0.00000 ( 2)
 250 S   0.00009 0.99991 0.00000 0.00000 ( 2)
 251 F   0.30306 0.69694 0.00000 0.00000 ( 2)
 252 G   0.99383 0.00617 0.00000 0.00000 ( 1)
 253 W   0.99899 0.00101 0.00000 0.00000 ( 1)
 254 T   0.99909 0.00091 0.00000 0.00000 ( 1)
 255 H   0.99997 0.00003 0.00000 0.00000 ( 1)
 256 I   0.98950 0.01050 0.00000 0.00000 ( 1)
 257 S   0.99980 0.00020 0.00000 0.00000 ( 1)


lnL = -4876.347638

Bayes Empirical Bayes (BEB) probabilities for 4 classes (class)
(amino acids refer to 1st sequence: BT_Cry32Ja1)

   1 P   0.22575 0.75992 0.00211 0.01222 ( 2)
   2 T   0.91642 0.07674 0.00566 0.00117 ( 1)
   3 K   0.99332 0.00181 0.00485 0.00002 ( 1)
   4 S   0.77037 0.21886 0.00743 0.00333 ( 1)
   5 Q   0.99179 0.00198 0.00621 0.00002 ( 1)
   6 L   0.99609 0.00016 0.00375 0.00000 ( 1)
   7 T   0.99356 0.00038 0.00605 0.00000 ( 1)
   8 R   0.99400 0.00056 0.00543 0.00001 ( 1)
   9 T   0.00004 0.98581 0.00000 0.01415 ( 2)
  10 V   0.11895 0.86734 0.00087 0.01283 ( 2)
  11 Y   0.99578 0.00090 0.00332 0.00001 ( 1)
  12 T   0.99347 0.00047 0.00605 0.00001 ( 1)
  13 P   0.00000 0.78596 0.00153 0.21251 ( 2)
  14 F   0.00016 0.97781 0.00008 0.02194 ( 2)
  15 V   0.00007 0.95258 0.00071 0.04664 ( 2)
  16 L   0.00150 0.98528 0.00001 0.01322 ( 2)
  17 S   0.00000 0.96609 0.00000 0.03391 ( 2)
  18 Y   0.00135 0.96099 0.00005 0.03760 ( 2)
  19 P   0.01421 0.94813 0.00057 0.03709 ( 2)
  20 T   0.00314 0.95921 0.00012 0.03753 ( 2)
  21 -   0.25596 0.70638 0.01014 0.02751 ( 2)
  22 -   0.30523 0.65712 0.01208 0.02557 ( 2)
  23 -   0.30334 0.65901 0.01201 0.02565 ( 2)
  24 -   0.27785 0.68449 0.01101 0.02665 ( 2)
  25 -   0.29268 0.66966 0.01159 0.02607 ( 2)
  26 -   0.24743 0.71491 0.00981 0.02785 ( 2)
  27 -   0.26899 0.69336 0.01066 0.02700 ( 2)
  28 -   0.28799 0.67435 0.01141 0.02625 ( 2)
  29 -   0.28799 0.67435 0.01141 0.02625 ( 2)
  30 P   0.02615 0.93619 0.00104 0.03661 ( 2)
  31 N   0.00235 0.96192 0.00381 0.03192 ( 2)
  32 L   0.00047 0.96976 0.00003 0.02975 ( 2)
  33 P   0.00097 0.97841 0.00055 0.02007 ( 2)
  34 L   0.00000 0.97769 0.00000 0.02231 ( 2)
  35 I   0.98394 0.01284 0.00307 0.00015 ( 1)
  36 S   0.00003 0.94358 0.00036 0.05603 ( 2)
  37 E   0.00001 0.97092 0.00000 0.02907 ( 2)
  38 I   0.00136 0.97664 0.00080 0.02120 ( 2)
  39 E   0.09098 0.88971 0.00153 0.01777 ( 2)
  40 S   0.00001 0.98252 0.00000 0.01748 ( 2)
  41 Q   0.00000 0.97637 0.00001 0.02361 ( 2)
  42 V   0.00267 0.97242 0.00003 0.02488 ( 2)
  43 V   0.02315 0.96263 0.00015 0.01406 ( 2)
  44 V   0.00055 0.98039 0.00000 0.01906 ( 2)
  45 P   0.99582 0.00043 0.00375 0.00000 ( 1)
  46 P   0.97868 0.01403 0.00711 0.00018 ( 1)
  47 S   0.38384 0.60803 0.00143 0.00671 ( 2)
  48 L   0.98807 0.00237 0.00952 0.00003 ( 1)
  49 F   0.99710 0.00001 0.00289 0.00000 ( 1)
  50 S   0.00202 0.98554 0.00001 0.01242 ( 2)
  51 W   0.98886 0.00091 0.01022 0.00001 ( 1)
  52 L   0.96087 0.03090 0.00782 0.00041 ( 1)
  53 F   0.00521 0.97349 0.00006 0.02125 ( 2)
  54 L   0.00097 0.98702 0.00001 0.01201 ( 2)
  55 I   0.02146 0.96276 0.00014 0.01564 ( 2)
  56 E   0.00001 0.98179 0.00000 0.01821 ( 2)
  57 S   0.02242 0.96166 0.00023 0.01568 ( 2)
  58 Y   0.88347 0.00111 0.11541 0.00002 ( 1)
  59 T   0.03273 0.95310 0.00106 0.01311 ( 2)
  60 E   0.00033 0.98547 0.00000 0.01419 ( 2)
  61 K   0.00000 0.98452 0.00000 0.01548 ( 2)
  62 A   0.00000 0.97547 0.00000 0.02453 ( 2)
  63 A   0.00000 0.98234 0.00000 0.01766 ( 2)
  64 Q   0.00038 0.98489 0.00004 0.01469 ( 2)
  65 D   0.00000 0.96223 0.00000 0.03777 ( 2)
  66 -   0.23682 0.72552 0.00939 0.02827 ( 2)
  67 -   0.23682 0.72552 0.00939 0.02827 ( 2)
  68 -   0.00950 0.96633 0.00530 0.01887 ( 2)
  69 K   0.00003 0.96742 0.00000 0.03254 ( 2)
  70 E   0.00002 0.85378 0.01228 0.13392 ( 2)
  71 C   0.00000 0.98171 0.00000 0.01829 ( 2)
  72 L   0.00000 0.89359 0.00080 0.10561 ( 2)
  73 T   0.00005 0.98468 0.00000 0.01527 ( 2)
  74 G   0.00008 0.96645 0.00010 0.03337 ( 2)
  75 Q   0.00149 0.98473 0.00001 0.01377 ( 2)
  76 R   0.00001 0.98735 0.00000 0.01264 ( 2)
  77 Q   0.00000 0.95254 0.00010 0.04736 ( 2)
  78 A   0.00013 0.97720 0.00000 0.02267 ( 2)
  79 F   0.75708 0.23780 0.00254 0.00257 ( 1)
  80 A   0.00002 0.98731 0.00000 0.01266 ( 2)
  81 Y   0.00009 0.98813 0.00000 0.01178 ( 2)
  82 T   0.03267 0.93939 0.00597 0.02197 ( 2)
  83 T   0.00002 0.98441 0.00000 0.01557 ( 2)
  84 G   0.00017 0.97676 0.00000 0.02306 ( 2)
  85 R   0.00000 0.94200 0.00000 0.05800 ( 2)
  86 D   0.35504 0.63563 0.00116 0.00817 ( 2)
  87 L   0.00018 0.97915 0.00008 0.02059 ( 2)
  88 F   0.00000 0.92750 0.00000 0.07250 ( 2)
  89 Q   0.00045 0.98648 0.00000 0.01307 ( 2)
  90 E   0.00032 0.96801 0.00039 0.03128 ( 2)
  91 F   0.00077 0.98774 0.00000 0.01149 ( 2)
  92 K   0.00005 0.97055 0.00036 0.02904 ( 2)
  93 -   0.23682 0.72552 0.00939 0.02827 ( 2)
  94 -   0.00697 0.95537 0.00028 0.03738 ( 2)
  95 G   0.05776 0.93079 0.00026 0.01119 ( 2)
  96 N   0.05376 0.93256 0.00034 0.01335 ( 2)
  97 L   0.00005 0.98259 0.00000 0.01736 ( 2)
  98 N   0.00000 0.92666 0.00001 0.07333 ( 2)
  99 G   0.00000 0.97736 0.00000 0.02264 ( 2)
 100 T   0.00000 0.98211 0.00000 0.01789 ( 2)
 101 Y   0.00000 0.95610 0.00000 0.04390 ( 2)
 102 R   0.00008 0.88811 0.00069 0.11112 ( 2)
 103 G   0.00128 0.98424 0.00001 0.01447 ( 2)
 104 Q   0.00000 0.81537 0.00000 0.18463 ( 2)
 105 L   0.00000 0.95069 0.00000 0.04930 ( 2)
 106 V   0.70600 0.28818 0.00233 0.00349 ( 1)
 107 A   0.00022 0.96413 0.00005 0.03560 ( 2)
 108 E   0.00092 0.98054 0.00026 0.01828 ( 2)
 109 P   0.01367 0.94759 0.00461 0.03413 ( 2)
 110 G   0.00019 0.98369 0.00002 0.01610 ( 2)
 111 L   0.94628 0.05022 0.00290 0.00060 ( 1)
 112 G   0.05111 0.91123 0.00203 0.03562 ( 2)
 113 Q   0.00667 0.95568 0.00027 0.03739 ( 2)
 114 Y   0.23682 0.72552 0.00939 0.02827 ( 2)
 115 V   0.00700 0.97940 0.00003 0.01356 ( 2)
 116 W   0.00000 0.98261 0.00000 0.01738 ( 2)
 117 A   0.04410 0.94275 0.00016 0.01299 ( 2)
 118 I   0.00016 0.98190 0.00000 0.01794 ( 2)
 119 E   0.07682 0.91055 0.00049 0.01214 ( 2)
 120 L   0.97742 0.01863 0.00374 0.00021 ( 1)
 121 Y   0.96049 0.03591 0.00320 0.00040 ( 1)
 122 G   0.00003 0.98489 0.00000 0.01508 ( 2)
 123 S   0.00105 0.98766 0.00001 0.01129 ( 2)
 124 G   0.00012 0.97539 0.00000 0.02448 ( 2)
 125 Y   0.64405 0.34568 0.00471 0.00556 ( 1)
 126 L   0.00759 0.97935 0.00002 0.01304 ( 2)
 127 -   0.23682 0.72552 0.00939 0.02827 ( 2)
 128 -   0.23682 0.72552 0.00939 0.02827 ( 2)
 129 -   0.23682 0.72552 0.00939 0.02827 ( 2)
 130 W   0.00000 0.98292 0.00000 0.01708 ( 2)
 131 D   0.00000 0.98078 0.00000 0.01922 ( 2)
 132 G   0.00192 0.97488 0.00019 0.02301 ( 2)
 133 Y   0.81725 0.17381 0.00530 0.00364 ( 1)
 134 P   0.00000 0.96898 0.00000 0.03101 ( 2)
 135 Y   0.00000 0.98679 0.00000 0.01321 ( 2)
 136 L   0.00014 0.98334 0.00000 0.01651 ( 2)
 137 H   0.00000 0.96697 0.00000 0.03303 ( 2)
 138 N   0.00038 0.97970 0.00018 0.01974 ( 2)
 139 L   0.00000 0.98187 0.00000 0.01813 ( 2)
 140 G   0.00002 0.95994 0.00002 0.04002 ( 2)
 141 -   0.00179 0.96761 0.00744 0.02316 ( 2)
 142 -   0.25491 0.70743 0.01010 0.02755 ( 2)
 143 -   0.39144 0.59108 0.00639 0.01109 ( 2)
 144 -   0.08330 0.89179 0.00170 0.02320 ( 2)
 145 -   0.01210 0.97405 0.00009 0.01376 ( 2)
 146 F   0.00001 0.97823 0.00000 0.02176 ( 2)
 147 F   0.00011 0.98653 0.00000 0.01336 ( 2)
 148 N   0.00001 0.98364 0.00000 0.01635 ( 2)
 149 F   0.99691 0.00020 0.00289 0.00000 ( 1)
 150 K   0.00552 0.98364 0.00002 0.01082 ( 2)
 151 L   0.98149 0.01550 0.00285 0.00016 ( 1)
 152 T   0.98153 0.01492 0.00338 0.00017 ( 1)
 153 -   0.02336 0.93899 0.00093 0.03673 ( 2)
 154 -   0.96452 0.02560 0.00949 0.00039 ( 1)
 155 -   0.61929 0.37129 0.00442 0.00499 ( 1)
 156 N   0.00000 0.95879 0.00000 0.04121 ( 2)
 157 S   0.00077 0.98636 0.00000 0.01287 ( 2)
 158 E   0.00001 0.63947 0.01702 0.34350 ( 2)
 159 D   0.00000 0.91553 0.00000 0.08447 ( 2)
 160 Q   0.00061 0.98738 0.00000 0.01200 ( 2)
 161 K   0.00320 0.98298 0.00003 0.01380 ( 2)
 162 I   0.00009 0.97981 0.00001 0.02009 ( 2)
 163 H   0.00091 0.98377 0.00002 0.01530 ( 2)
 164 V   0.17386 0.81207 0.00116 0.01291 ( 2)
 165 S   0.11556 0.87148 0.00074 0.01222 ( 2)
 166 P   0.00005 0.98902 0.00000 0.01093 ( 2)
 167 G   0.00004 0.98853 0.00000 0.01143 ( 2)
 168 D   0.00103 0.98415 0.00001 0.01482 ( 2)
 169 I   0.09918 0.88631 0.00080 0.01371 ( 2)
 170 V   0.00033 0.96169 0.00002 0.03796 ( 2)
 171 D   0.00241 0.89233 0.03358 0.07168 ( 2)
 172 G   0.00250 0.98251 0.00002 0.01497 ( 2)
 173 T   0.00004 0.97124 0.00000 0.02872 ( 2)
 174 T   0.00005 0.97921 0.00006 0.02069 ( 2)
 175 A   0.00111 0.98273 0.00013 0.01602 ( 2)
 176 I   0.00058 0.98167 0.00016 0.01759 ( 2)
 177 L   0.00262 0.97531 0.00062 0.02146 ( 2)
 178 G   0.97732 0.01253 0.00996 0.00019 ( 1)
 179 L   0.32081 0.66922 0.00221 0.00776 ( 2)
 180 P   0.94765 0.04843 0.00340 0.00052 ( 1)
 181 C   0.99630 0.00022 0.00348 0.00000 ( 1)
 182 K   0.01110 0.96900 0.00032 0.01958 ( 2)
 183 P   0.00029 0.97266 0.00006 0.02699 ( 2)
 184 N   0.16800 0.68310 0.12407 0.02483 ( 2)
 185 N   0.02467 0.95978 0.00043 0.01512 ( 2)
 186 N   0.00074 0.96817 0.00532 0.02576 ( 2)
 187 D   0.00481 0.97013 0.00084 0.02422 ( 2)
 188 -   0.00157 0.98061 0.00028 0.01755 ( 2)
 189 C   0.99630 0.00022 0.00348 0.00000 ( 1)
 190 D   0.72474 0.15562 0.11303 0.00661 ( 1)
 191 P   0.85700 0.00691 0.13594 0.00015 ( 1)
 192 C   0.99630 0.00022 0.00348 0.00000 ( 1)
 193 -   0.00002 0.97789 0.00004 0.02206 ( 2)
 194 -   0.01191 0.96626 0.00334 0.01850 ( 2)
 195 -   0.23682 0.72552 0.00939 0.02827 ( 2)
 196 N   0.89120 0.10361 0.00366 0.00153 ( 1)
 197 P   0.00209 0.96679 0.00929 0.02183 ( 2)
 198 C   0.99640 0.00012 0.00348 0.00000 ( 1)
 199 N   0.00000 0.73981 0.00000 0.26019 ( 2)
 200 T   0.00002 0.97987 0.00000 0.02012 ( 2)
 201 L   0.00845 0.98116 0.00003 0.01036 ( 2)
 202 P   0.00000 0.97641 0.00000 0.02359 ( 2)
 203 I   0.00003 0.97665 0.00000 0.02331 ( 2)
 204 N   0.99572 0.00036 0.00391 0.00001 ( 1)
 205 L   0.00001 0.98012 0.00000 0.01987 ( 2)
 206 S   0.03966 0.94627 0.00039 0.01368 ( 2)
 207 N   0.00099 0.97300 0.00070 0.02531 ( 2)
 208 P   0.99622 0.00002 0.00376 0.00000 ( 1)
 209 C   0.99337 0.00314 0.00346 0.00003 ( 1)
 210 N   0.99472 0.00291 0.00234 0.00003 ( 1)
 211 -   0.25611 0.70624 0.01015 0.02751 ( 2)
 212 -   0.25611 0.70624 0.01015 0.02751 ( 2)
 213 -   0.25761 0.70474 0.01021 0.02745 ( 2)
 214 -   0.26280 0.69954 0.01041 0.02724 ( 2)
 215 -   0.28094 0.68140 0.01113 0.02653 ( 2)
 216 -   0.28099 0.68136 0.01113 0.02653 ( 2)
 217 -   0.29080 0.67155 0.01152 0.02614 ( 2)
 218 -   0.26348 0.69887 0.01044 0.02722 ( 2)
 219 D   0.82209 0.17373 0.00216 0.00202 ( 1)
 220 I   0.00403 0.98532 0.00002 0.01064 ( 2)
 221 S   0.00004 0.96346 0.00004 0.03646 ( 2)
 222 L   0.79357 0.19368 0.00922 0.00353 ( 1)
 223 Y   0.99665 0.00003 0.00332 0.00000 ( 1)
 224 S   0.99755 0.00001 0.00244 0.00000 ( 1)
 225 H   0.00798 0.96225 0.00361 0.02616 ( 2)
 226 R   0.98152 0.00480 0.01359 0.00009 ( 1)
 227 F   0.95983 0.03077 0.00895 0.00046 ( 1)
 228 S   0.83030 0.16412 0.00376 0.00183 ( 1)
 229 Y   0.00414 0.98094 0.00004 0.01487 ( 2)
 230 L   0.01029 0.95458 0.00951 0.02561 ( 2)
 231 G   0.08905 0.89709 0.00083 0.01303 ( 2)
 232 T   0.00002 0.90399 0.00138 0.09461 ( 2)
 233 Y   0.00001 0.96349 0.00000 0.03650 ( 2)
 234 P   0.00000 0.97832 0.00000 0.02167 ( 2)
 235 A   0.00002 0.97404 0.00000 0.02594 ( 2)
 236 P   0.02347 0.96074 0.00019 0.01560 ( 2)
 237 P   0.00001 0.95494 0.00009 0.04497 ( 2)
 238 V   0.00000 0.65487 0.00167 0.34346 ( 2)
 239 N   0.00014 0.90855 0.00055 0.09076 ( 2)
 240 N   0.08035 0.88200 0.00320 0.03446 ( 2)
 241 W   0.01030 0.95205 0.00041 0.03725 ( 2)
 242 S   0.02562 0.93673 0.00102 0.03664 ( 2)
 243 P   0.02239 0.93995 0.00089 0.03676 ( 2)
 244 T   0.00000 0.97593 0.00000 0.02407 ( 2)
 245 N   0.00424 0.97556 0.00061 0.01959 ( 2)
 246 I   0.59742 0.38874 0.00688 0.00696 ( 1)
 247 G   0.02187 0.93884 0.01039 0.02890 ( 2)
 248 N   0.00010 0.96798 0.00101 0.03091 ( 2)
 249 F   0.00118 0.93989 0.00931 0.04963 ( 2)
 250 S   0.00001 0.98199 0.00000 0.01799 ( 2)
 251 F   0.14524 0.79050 0.04445 0.01981 ( 2)
 252 G   0.98077 0.00523 0.01391 0.00009 ( 1)
 253 W   0.98886 0.00091 0.01022 0.00001 ( 1)
 254 T   0.99307 0.00070 0.00622 0.00001 ( 1)
 255 H   0.99728 0.00002 0.00271 0.00000 ( 1)
 256 I   0.98118 0.01180 0.00686 0.00016 ( 1)
 257 S   0.99152 0.00015 0.00834 0.00000 ( 1)

