Supplemental results for CODEML (seqf: algn  treef: tree)


dN/dS (w) for site classes (K=4)

site class             0        1       2a       2b
proportion       0.73516  0.16322  0.08316  0.01846
background w     0.03193  1.00000  0.03193  1.00000
foreground w     0.03193  1.00000  1.00000  1.00000

Naive Empirical Bayes (NEB) probabilities for 4 classes
(amino acids refer to 1st sequence: BT_Cry32Ma1)

   1 -   0.77195 0.12643 0.08732 0.01430 ( 1)
   2 -   0.73516 0.16322 0.08316 0.01846 ( 1)
   3 L   0.75083 0.15447 0.07722 0.01747 ( 1)
   4 G   0.91028 0.00169 0.08784 0.00019 ( 1)
   5 R   0.02285 0.87585 0.00223 0.09907 ( 2)
   6 A   0.86616 0.03695 0.09271 0.00418 ( 1)
   7 A   0.91008 0.00245 0.08719 0.00028 ( 1)
   8 G   0.89950 0.01231 0.08680 0.00139 ( 1)
   9 L   0.42694 0.47530 0.04400 0.05376 ( 2)
  10 I   0.77309 0.13933 0.07182 0.01576 ( 1)
  11 N   0.89614 0.01733 0.08457 0.00196 ( 1)
  12 I   0.03364 0.86527 0.00322 0.09787 ( 2)
  13 I   0.91116 0.00174 0.08691 0.00020 ( 1)
  14 F   0.89651 0.01523 0.08654 0.00172 ( 1)
  15 G   0.91078 0.00120 0.08788 0.00014 ( 1)
  16 F   0.82030 0.09031 0.07918 0.01022 ( 1)
  17 L   0.89359 0.00866 0.09677 0.00098 ( 1)
  18 W   0.90174 0.00061 0.09759 0.00007 ( 1)
  19 G   0.01731 0.88131 0.00169 0.09969 ( 2)
  20 T   0.09806 0.80185 0.00939 0.09070 ( 2)
  21 L   0.19449 0.70616 0.01947 0.07988 ( 2)
  22 A   0.45884 0.44664 0.04400 0.05052 ( 1)
  23 G   0.04054 0.85842 0.00394 0.09710 ( 2)
  24 -   0.79550 0.10288 0.08998 0.01164 ( 1)
  25 -   0.77470 0.12368 0.08763 0.01399 ( 1)
  26 Q   0.77249 0.13422 0.07811 0.01518 ( 1)
  27 S   0.04611 0.85245 0.00501 0.09642 ( 2)
  28 V   0.04248 0.85656 0.00407 0.09689 ( 2)
  29 W   0.90174 0.00061 0.09759 0.00007 ( 1)
  30 E   0.86718 0.04605 0.08156 0.00521 ( 1)
  31 K   0.00879 0.88910 0.00155 0.10057 ( 2)
  32 F   0.88994 0.02169 0.08592 0.00245 ( 1)
  33 M   0.91141 0.00029 0.08827 0.00003 ( 1)
  34 R   0.00529 0.88041 0.01471 0.09959 ( 2)
  35 A   0.81672 0.09482 0.07773 0.01073 ( 1)
  36 V   0.91087 0.00277 0.08604 0.00031 ( 1)
  37 E   0.90611 0.00257 0.09103 0.00029 ( 1)
  38 S   0.48024 0.42389 0.04792 0.04795 ( 1)
  39 L   0.90412 0.00530 0.08998 0.00060 ( 1)
  40 V   0.90208 0.01140 0.08522 0.00129 ( 1)
  41 N   0.70667 0.20466 0.06552 0.02315 ( 1)
  42 Q   0.90699 0.00116 0.09171 0.00013 ( 1)
  43 K   0.91273 0.00126 0.08586 0.00014 ( 1)
  44 I   0.91112 0.00177 0.08690 0.00020 ( 1)
  45 T   0.91113 0.00168 0.08700 0.00019 ( 1)
  46 D   0.91440 0.00144 0.08401 0.00016 ( 1)
  47 A   0.89794 0.01441 0.08602 0.00163 ( 1)
  48 V   0.89500 0.00732 0.09686 0.00083 ( 1)
  49 R   0.91001 0.00104 0.08883 0.00012 ( 1)
  50 V   0.00045 0.89775 0.00025 0.10155 ( 2)
  51 K   0.44679 0.45922 0.04204 0.05194 ( 2)
  52 A   0.89710 0.00519 0.09713 0.00059 ( 1)
  53 L   0.11118 0.74962 0.05441 0.08479 ( 2)
  54 S   0.84901 0.05422 0.09064 0.00613 ( 1)
  55 E   0.01824 0.88046 0.00171 0.09959 ( 2)
  56 L   0.90346 0.00396 0.09213 0.00045 ( 1)
  57 E   0.90410 0.01030 0.08444 0.00116 ( 1)
  58 G   0.90869 0.00301 0.08796 0.00034 ( 1)
  59 V   0.89956 0.01390 0.08497 0.00157 ( 1)
  60 Q   0.84357 0.06390 0.08530 0.00723 ( 1)
  61 N   0.01538 0.88325 0.00146 0.09991 ( 2)
  62 A   0.89565 0.01667 0.08580 0.00189 ( 1)
  63 L   0.90267 0.00474 0.09206 0.00054 ( 1)
  64 E   0.90590 0.00793 0.08527 0.00090 ( 1)
  65 L   0.84649 0.06035 0.08633 0.00683 ( 1)
  66 Y   0.90901 0.00111 0.08976 0.00013 ( 1)
  67 Q   0.90636 0.00178 0.09166 0.00020 ( 1)
  68 E   0.90307 0.00530 0.09103 0.00060 ( 1)
  69 A   0.89938 0.01397 0.08507 0.00158 ( 1)
  70 A   0.81397 0.08873 0.08726 0.01004 ( 1)
  71 D   0.43788 0.46886 0.04023 0.05303 ( 2)
  72 D   0.91312 0.00270 0.08388 0.00030 ( 1)
  73 W   0.90174 0.00061 0.09759 0.00007 ( 1)
  74 N   0.75508 0.15713 0.07002 0.01777 ( 1)
  75 E   0.08738 0.81247 0.00824 0.09190 ( 2)
  76 N   0.87862 0.03587 0.08146 0.00406 ( 1)
  77 P   0.87622 0.03316 0.08687 0.00375 ( 1)
  78 T   0.11933 0.41926 0.41399 0.04742 ( 2)
  79 D   0.91471 0.00113 0.08403 0.00013 ( 1)
  80 V   0.21699 0.08132 0.69249 0.00920 ( 3)
  81 S   0.00599 0.89246 0.00060 0.10095 ( 2)
  82 N   0.08088 0.81880 0.00770 0.09262 ( 2)
  83 K   0.90945 0.00449 0.08555 0.00051 ( 1)
  84 E   0.82056 0.08636 0.08332 0.00977 ( 1)
  85 R   0.56835 0.33557 0.05813 0.03796 ( 1)
  86 V   0.83325 0.07786 0.08008 0.00881 ( 1)
  87 R   0.85982 0.05053 0.08393 0.00572 ( 1)
  88 R   0.89497 0.01587 0.08737 0.00179 ( 1)
  89 Q   0.90184 0.00194 0.09600 0.00022 ( 1)
  90 F   0.90587 0.00601 0.08744 0.00068 ( 1)
  91 T   0.89860 0.01401 0.08581 0.00158 ( 1)
  92 S   0.89002 0.01944 0.08834 0.00220 ( 1)
  93 T   0.82211 0.08254 0.08602 0.00934 ( 1)
  94 N   0.90445 0.01051 0.08385 0.00119 ( 1)
  95 T   0.86589 0.04620 0.08268 0.00523 ( 1)
  96 T   0.01135 0.86034 0.03100 0.09732 ( 2)
  97 I   0.87728 0.02560 0.09423 0.00290 ( 1)
  98 E   0.88775 0.01987 0.09013 0.00225 ( 1)
  99 Y   0.70569 0.20180 0.06969 0.02283 ( 1)
 100 A   0.87005 0.04186 0.08335 0.00473 ( 1)
 101 M   0.90914 0.00252 0.08805 0.00029 ( 1)
 102 P   0.90859 0.00120 0.09007 0.00014 ( 1)
 103 S   0.90547 0.00261 0.09162 0.00030 ( 1)
 104 F   0.91128 0.00068 0.08796 0.00008 ( 1)
 105 R   0.67325 0.23005 0.07067 0.02602 ( 1)
 106 V   0.90260 0.00834 0.08812 0.00094 ( 1)
 107 P   0.00071 0.89768 0.00007 0.10154 ( 2)
 108 T   0.09900 0.80068 0.00976 0.09057 ( 2)
 109 F   0.81339 0.09711 0.07851 0.01098 ( 1)
 110 E   0.91209 0.00245 0.08519 0.00028 ( 1)
 111 V   0.91033 0.00331 0.08599 0.00037 ( 1)
 112 P   0.89953 0.00421 0.09579 0.00048 ( 1)
 113 L   0.89833 0.00559 0.09545 0.00063 ( 1)
 114 L   0.90350 0.00392 0.09213 0.00044 ( 1)
 115 T   0.88972 0.02182 0.08599 0.00247 ( 1)
 116 V   0.05849 0.84034 0.00612 0.09505 ( 2)
 117 Y   0.23387 0.60623 0.09132 0.06857 ( 2)
 118 A   0.90756 0.00495 0.08692 0.00056 ( 1)
 119 Q   0.90699 0.00116 0.09171 0.00013 ( 1)
 120 A   0.90147 0.00417 0.09389 0.00047 ( 1)
 121 A   0.91003 0.00251 0.08718 0.00028 ( 1)
 122 N   0.91347 0.00164 0.08471 0.00019 ( 1)
 123 L   0.89704 0.01031 0.09149 0.00117 ( 1)
 124 H   0.91125 0.00057 0.08811 0.00006 ( 1)
 125 L   0.90358 0.00384 0.09214 0.00043 ( 1)
 126 Q   0.65386 0.25135 0.06636 0.02843 ( 1)
 127 L   0.89889 0.00544 0.09506 0.00062 ( 1)
 128 L   0.90350 0.00392 0.09213 0.00044 ( 1)
 129 R   0.89793 0.00465 0.09690 0.00053 ( 1)
 130 D   0.91471 0.00113 0.08403 0.00013 ( 1)
 131 A   0.89358 0.00869 0.09675 0.00098 ( 1)
 132 V   0.85243 0.05931 0.08156 0.00671 ( 1)
 133 K   0.87297 0.03388 0.08931 0.00383 ( 1)
 134 F   0.91128 0.00068 0.08796 0.00008 ( 1)
 135 G   0.91079 0.00120 0.08788 0.00014 ( 1)
 136 N   0.01822 0.88030 0.00191 0.09957 ( 2)
 137 E   0.85486 0.05831 0.08024 0.00660 ( 1)
 138 W   0.90174 0.00061 0.09759 0.00007 ( 1)
 139 G   0.91017 0.00157 0.08809 0.00018 ( 1)
 140 M   0.48537 0.42001 0.04711 0.04751 ( 1)
 141 P   0.89074 0.01807 0.08914 0.00204 ( 1)
 142 S   0.90161 0.00799 0.08949 0.00090 ( 1)
 143 E   0.02333 0.87529 0.00237 0.09901 ( 2)
 144 E   0.91281 0.00175 0.08524 0.00020 ( 1)
 145 V   0.90592 0.00764 0.08558 0.00086 ( 1)
 146 E   0.65389 0.25129 0.06640 0.02842 ( 1)
 147 D   0.88486 0.03041 0.08129 0.00344 ( 1)
 148 M   0.00035 0.89749 0.00064 0.10152 ( 2)
 149 Y   0.90901 0.00111 0.08976 0.00013 ( 1)
 150 N   0.14053 0.47164 0.33447 0.05335 ( 2)
 151 R   0.90948 0.00156 0.08878 0.00018 ( 1)
 152 L   0.80582 0.10061 0.08219 0.01138 ( 1)
 153 T   0.01048 0.88806 0.00101 0.10045 ( 2)
 154 R   0.05372 0.84506 0.00563 0.09559 ( 2)
 155 R   0.90597 0.00124 0.09265 0.00014 ( 1)
 156 T   0.90221 0.00305 0.09440 0.00035 ( 1)
 157 A   0.91131 0.00224 0.08619 0.00025 ( 1)
 158 E   0.89661 0.01110 0.09103 0.00126 ( 1)
 159 Y   0.90905 0.00106 0.08976 0.00012 ( 1)
 160 T   0.90054 0.01211 0.08598 0.00137 ( 1)
 161 D   0.88232 0.03243 0.08158 0.00367 ( 1)
 162 H   0.75932 0.12830 0.09788 0.01451 ( 1)
 163 C   0.90834 0.00048 0.09112 0.00005 ( 1)
 164 V   0.17251 0.72860 0.01647 0.08241 ( 2)
 165 A   0.02146 0.82443 0.06086 0.09325 ( 2)
 166 T   0.29917 0.60044 0.03247 0.06792 ( 2)
 167 Y   0.90901 0.00111 0.08976 0.00013 ( 1)
 168 D   0.91308 0.00273 0.08388 0.00031 ( 1)
 169 K   0.90114 0.01266 0.08477 0.00143 ( 1)
 170 G   0.91045 0.00129 0.08811 0.00015 ( 1)
 171 L   0.90350 0.00392 0.09213 0.00044 ( 1)
 172 K   0.88377 0.02319 0.09042 0.00262 ( 1)
 173 E   0.01410 0.88402 0.00188 0.09999 ( 2)
 174 A   0.90049 0.01190 0.08626 0.00135 ( 1)
 175 Y   0.85374 0.05414 0.08599 0.00612 ( 1)
 176 D   0.43125 0.46618 0.04983 0.05273 ( 2)
 177 L   0.88139 0.02582 0.08988 0.00292 ( 1)
 178 A   0.89939 0.01395 0.08508 0.00158 ( 1)
 179 P   0.86074 0.04277 0.09166 0.00484 ( 1)
 180 N   0.89489 0.01142 0.09240 0.00129 ( 1)
 181 P   0.88096 0.02211 0.09443 0.00250 ( 1)
 182 T   0.90270 0.00998 0.08619 0.00113 ( 1)
 183 D   0.90862 0.00710 0.08347 0.00080 ( 1)
 184 Y   0.82355 0.07776 0.08990 0.00880 ( 1)
 185 N   0.90536 0.00899 0.08463 0.00102 ( 1)
 186 K   0.89974 0.01402 0.08466 0.00159 ( 1)
 187 Y   0.83374 0.06760 0.09101 0.00765 ( 1)
 188 P   0.87401 0.03459 0.08748 0.00391 ( 1)
 189 Y   0.89494 0.01499 0.08837 0.00170 ( 1)
 190 L   0.85800 0.04329 0.09382 0.00490 ( 1)
 191 N   0.56677 0.34197 0.05258 0.03868 ( 1)
 192 P   0.89610 0.01354 0.08883 0.00153 ( 1)
 193 Y   0.43604 0.46444 0.04699 0.05253 ( 2)
 194 S   0.89120 0.01809 0.08866 0.00205 ( 1)
 195 K   0.62976 0.26392 0.07646 0.02985 ( 1)
 196 D   0.91471 0.00113 0.08403 0.00013 ( 1)
 197 P   0.62268 0.27953 0.06617 0.03162 ( 1)
 198 I   0.90129 0.01145 0.08597 0.00130 ( 1)
 199 Y   0.65645 0.24928 0.06608 0.02820 ( 1)
 200 G   0.91056 0.00118 0.08812 0.00013 ( 1)
 201 K   0.89506 0.01268 0.09083 0.00143 ( 1)
 202 Y   0.89002 0.01941 0.08838 0.00220 ( 1)
 203 Y   0.87706 0.02554 0.09452 0.00289 ( 1)
 204 T   0.91102 0.00171 0.08707 0.00019 ( 1)
 205 A   0.86807 0.04380 0.08317 0.00495 ( 1)
 206 P   0.88425 0.02501 0.08791 0.00283 ( 1)
 207 V   0.90399 0.00855 0.08649 0.00097 ( 1)
 208 D   0.90528 0.01038 0.08317 0.00117 ( 1)
 209 W   0.90174 0.00061 0.09759 0.00007 ( 1)
 210 N   0.83121 0.08241 0.07706 0.00932 ( 1)
 211 L   0.68348 0.22121 0.07029 0.02502 ( 1)
 212 F   0.90587 0.00601 0.08744 0.00068 ( 1)
 213 N   0.91065 0.00443 0.08442 0.00050 ( 1)
 214 D   0.82019 0.08519 0.08498 0.00964 ( 1)
 215 Y   0.23961 0.01864 0.73965 0.00211 ( 3)
 216 R   0.90005 0.00442 0.09503 0.00050 ( 1)
 217 R   0.91015 0.00090 0.08885 0.00010 ( 1)
 218 D   0.90961 0.00544 0.08434 0.00061 ( 1)
 219 M   0.91141 0.00029 0.08827 0.00003 ( 1)
 220 T   0.90995 0.00189 0.08795 0.00021 ( 1)
 221 L   0.74198 0.16366 0.07585 0.01851 ( 1)
 222 M   0.90280 0.00877 0.08744 0.00099 ( 1)
 223 V   0.90281 0.00376 0.09301 0.00043 ( 1)
 224 L   0.90242 0.00429 0.09281 0.00049 ( 1)
 225 D   0.90185 0.00422 0.09345 0.00048 ( 1)
 226 I   0.90129 0.01145 0.08597 0.00130 ( 1)
 227 V   0.89957 0.00659 0.09309 0.00075 ( 1)
 228 A   0.91128 0.00227 0.08619 0.00026 ( 1)
 229 V   0.89919 0.01426 0.08494 0.00161 ( 1)
 230 W   0.61687 0.28422 0.06676 0.03215 ( 1)
 231 P   0.90859 0.00120 0.09007 0.00014 ( 1)
 232 T   0.86615 0.03579 0.09401 0.00405 ( 1)


lnL = -2365.541909

