Supplemental results for CODEML (seqf: algn  treef: tree)


dN/dS (w) for site classes (K=4)

site class             0        1       2a       2b
proportion       0.26657  0.34203  0.17143  0.21996
background w     0.07809  1.00000  0.07809  1.00000
foreground w     0.07809  1.00000  1.00000  1.00000

Naive Empirical Bayes (NEB) probabilities for 4 classes
(amino acids refer to 1st sequence: BT_Cry40Aa1)

   1 P   0.00047 0.60813 0.00031 0.39109 ( 2)
   2 T   0.11085 0.50078 0.06631 0.32205 ( 2)
   3 H   0.00269 0.60376 0.00527 0.38828 ( 2)
   4 V   0.09817 0.51304 0.05885 0.32994 ( 2)
   5 E   0.58387 0.03629 0.35650 0.02334 ( 1)
   6 L   0.57289 0.04640 0.35087 0.02984 ( 1)
   7 T   0.58209 0.04904 0.33733 0.03154 ( 1)
   8 R   0.57830 0.04141 0.35366 0.02663 ( 1)
   9 E   0.62208 0.00667 0.36696 0.00429 ( 1)
  10 I   0.30379 0.31701 0.17533 0.20387 ( 2)
  11 Y   0.62635 0.00438 0.36645 0.00282 ( 1)
  12 T   0.61118 0.01412 0.36561 0.00908 ( 1)
  13 D   0.63501 0.00178 0.36207 0.00114 ( 1)
  14 P   0.36789 0.24867 0.22353 0.15992 ( 1)
  15 V   0.51264 0.10236 0.31918 0.06583 ( 1)
  16 G   0.59762 0.02523 0.36093 0.01622 ( 1)
  17 Y   0.57182 0.05699 0.33455 0.03665 ( 1)
  18 S   0.02625 0.58279 0.01616 0.37480 ( 2)
  19 S   0.00072 0.60789 0.00045 0.39094 ( 2)
  20 G   0.08303 0.52756 0.05014 0.33927 ( 2)
  21 T   0.00062 0.60801 0.00036 0.39101 ( 2)
  22 Y   0.05201 0.55843 0.03043 0.35913 ( 2)
  23 -   0.27743 0.33117 0.17842 0.21298 ( 2)
  24 S   0.00264 0.60605 0.00155 0.38976 ( 2)
  25 W   0.53061 0.08533 0.32919 0.05488 ( 1)
  26 L   0.00105 0.60759 0.00062 0.39074 ( 2)
  27 K   0.00044 0.60816 0.00028 0.39111 ( 2)
  28 Y   0.00000 0.60860 0.00000 0.39139 ( 2)
  29 W   0.01790 0.59137 0.01042 0.38031 ( 2)
  30 T   0.00103 0.60759 0.00064 0.39074 ( 2)
  31 G   0.01170 0.59690 0.00753 0.38387 ( 2)
  32 A   0.00056 0.60804 0.00036 0.39104 ( 2)
  33 F   0.62902 0.00306 0.36596 0.00197 ( 1)
  34 N   0.63770 0.00090 0.36082 0.00058 ( 1)
  35 T   0.00014 0.60846 0.00009 0.39131 ( 2)
  36 L   0.08794 0.14060 0.68103 0.09042 ( 3)
  37 E   0.62193 0.00681 0.36688 0.00438 ( 1)
  38 A   0.62341 0.00465 0.36894 0.00299 ( 1)
  39 N   0.62191 0.01595 0.35188 0.01026 ( 1)
  40 G   0.59988 0.02302 0.36230 0.01480 ( 1)
  41 T   0.61118 0.01412 0.36561 0.00908 ( 1)
  42 R   0.43970 0.17240 0.27704 0.11087 ( 1)
  43 G   0.59988 0.02302 0.36230 0.01480 ( 1)
  44 P   0.61988 0.00780 0.36730 0.00502 ( 1)
  45 G   0.62843 0.00408 0.36487 0.00262 ( 1)
  46 L   0.57332 0.04598 0.35113 0.02957 ( 1)
  47 V   0.62900 0.00328 0.36562 0.00211 ( 1)
  48 T   0.63004 0.00295 0.36511 0.00190 ( 1)
  49 W   0.00248 0.60615 0.00154 0.38982 ( 2)
  50 L   0.61856 0.00863 0.36725 0.00555 ( 1)
  51 R   0.00000 0.60860 0.00000 0.39140 ( 2)
  52 -   0.26657 0.34203 0.17143 0.21996 ( 2)
  53 S   0.00000 0.60860 0.00000 0.39140 ( 2)
  54 I   0.50366 0.11997 0.29922 0.07715 ( 1)
  55 G   0.59749 0.03864 0.33903 0.02485 ( 1)
  56 I   0.61737 0.00965 0.36678 0.00620 ( 1)
  57 Y   0.56096 0.06745 0.32820 0.04338 ( 1)
  58 N   0.28588 0.33538 0.16305 0.21569 ( 2)
  59 E   0.02904 0.58062 0.01695 0.37340 ( 2)
  60 Y   0.00000 0.60860 0.00000 0.39139 ( 2)
  61 V   0.00859 0.56509 0.06291 0.36341 ( 2)
  62 -   0.00000 0.60860 0.00000 0.39139 ( 2)
  63 -   0.00000 0.60860 0.00001 0.39139 ( 2)
  64 -   0.39150 0.21710 0.25178 0.13962 ( 1)
  65 -   0.06086 0.54775 0.03914 0.35226 ( 2)
  66 -   0.34381 0.26479 0.22111 0.17029 ( 1)
  67 -   0.00413 0.60447 0.00266 0.38874 ( 2)
  68 -   0.09618 0.51243 0.06185 0.32954 ( 2)
  69 -   0.00062 0.60799 0.00040 0.39100 ( 2)
  70 S   0.00000 0.60860 0.00000 0.39139 ( 2)
  71 R   0.00000 0.60860 0.00000 0.39140 ( 2)
  72 Y   0.22723 0.38940 0.13295 0.25042 ( 2)
  73 F   0.52515 0.09923 0.31180 0.06382 ( 1)
  74 S   0.00001 0.60859 0.00001 0.39139 ( 2)
  75 G   0.43536 0.17659 0.27448 0.11357 ( 1)
  76 W   0.53061 0.08533 0.32919 0.05488 ( 1)
  77 V   0.03561 0.57361 0.02189 0.36889 ( 2)
  78 G   0.59629 0.02652 0.36013 0.01706 ( 1)
  79 T   0.59013 0.04131 0.34199 0.02657 ( 1)
  80 R   0.61775 0.00955 0.36655 0.00614 ( 1)
  81 H   0.62848 0.00320 0.36626 0.00206 ( 1)
  82 Y   0.56914 0.05957 0.33298 0.03831 ( 1)
  83 E   0.62208 0.00667 0.36696 0.00429 ( 1)
  84 D   0.00026 0.60835 0.00016 0.39123 ( 2)
  85 Y   0.08074 0.16387 0.65001 0.10538 ( 3)
  86 T   0.61118 0.01412 0.36561 0.00908 ( 1)
  87 T   0.00013 0.60848 0.00008 0.39132 ( 2)
  88 G   0.58579 0.04508 0.34013 0.02899 ( 1)
  89 N   0.01648 0.59238 0.01017 0.38096 ( 2)
  90 G   0.27538 0.34369 0.15989 0.22103 ( 2)
  91 N   0.00319 0.60553 0.00186 0.38942 ( 2)
  92 F   0.51517 0.11265 0.29973 0.07245 ( 1)
  93 Q   0.06080 0.54916 0.03687 0.35317 ( 2)
  94 R   0.61898 0.00836 0.36728 0.00538 ( 1)
  95 M   0.11197 0.49953 0.06724 0.32125 ( 2)
  96 S   0.62392 0.00560 0.36688 0.00360 ( 1)
  97 G   0.59988 0.02302 0.36230 0.01480 ( 1)
  98 T   0.62953 0.00344 0.36482 0.00221 ( 1)
  99 T   0.51738 0.09787 0.32181 0.06294 ( 1)
 100 S   0.63575 0.00116 0.36234 0.00075 ( 1)
 101 N   0.63770 0.00090 0.36082 0.00058 ( 1)
 102 D   0.12202 0.00332 0.87252 0.00214 ( 3)
 103 L   0.00024 0.60837 0.00014 0.39125 ( 2)
 104 R   0.00115 0.60747 0.00072 0.39067 ( 2)
 105 D   0.00002 0.60859 0.00001 0.39139 ( 2)
 106 I   0.00513 0.60368 0.00296 0.38823 ( 2)
 107 S   0.00002 0.60854 0.00009 0.39135 ( 2)
 108 F   0.61742 0.01363 0.36017 0.00877 ( 1)
 109 P   0.00000 0.60860 0.00000 0.39140 ( 2)
 110 N   0.00398 0.60481 0.00225 0.38896 ( 2)
 111 S   0.00001 0.60859 0.00001 0.39139 ( 2)
 112 D   0.01163 0.59751 0.00660 0.38426 ( 2)
 113 I   0.01241 0.59656 0.00737 0.38365 ( 2)
 114 F   0.58747 0.04305 0.34179 0.02769 ( 1)
 115 K   0.19248 0.42252 0.11327 0.27173 ( 2)
 116 I   0.63171 0.00228 0.36454 0.00147 ( 1)
 117 E   0.00000 0.60860 0.00000 0.39140 ( 2)
 118 S   0.55817 0.05982 0.34354 0.03847 ( 1)
 119 K   0.00008 0.60853 0.00005 0.39135 ( 2)
 120 A   0.57792 0.05266 0.33555 0.03387 ( 1)
 121 I   0.23132 0.38408 0.13760 0.24700 ( 2)
 122 M   0.00000 0.60860 0.00000 0.39140 ( 2)
 123 N   0.00000 0.60860 0.00000 0.39140 ( 2)
 124 L   0.00007 0.60823 0.00054 0.39116 ( 2)
 125 V   0.00000 0.60860 0.00000 0.39140 ( 2)
 126 G   0.00001 0.60860 0.00000 0.39139 ( 2)
 127 E   0.00013 0.60847 0.00008 0.39131 ( 2)
 128 I   0.00015 0.60846 0.00009 0.39131 ( 2)
 129 N   0.00000 0.60860 0.00000 0.39139 ( 2)
 130 -   0.03527 0.57458 0.02064 0.36952 ( 2)
 131 -   0.26657 0.34203 0.17143 0.21996 ( 2)
 132 -   0.00490 0.60371 0.00315 0.38825 ( 2)
 133 -   0.44669 0.16192 0.28727 0.10413 ( 1)
 134 A   0.00594 0.60276 0.00366 0.38764 ( 2)
 135 R   0.00022 0.60838 0.00014 0.39125 ( 2)
 136 P   0.00342 0.60526 0.00208 0.38925 ( 2)
 137 E   0.01216 0.59654 0.00766 0.38364 ( 2)
 138 Y   0.02952 0.55802 0.05359 0.35887 ( 2)
 139 R   0.07725 0.20182 0.59113 0.12979 ( 3)
 140 V   0.30506 0.31491 0.17751 0.20252 ( 2)
 141 S   0.55420 0.06372 0.34110 0.04098 ( 1)
 142 R   0.07950 0.53151 0.04717 0.34182 ( 2)
 143 A   0.45066 0.17004 0.26995 0.10935 ( 1)
 144 E   0.21197 0.40349 0.12504 0.25949 ( 2)
 145 F   0.62902 0.00306 0.36596 0.00197 ( 1)
 146 S   0.00001 0.60859 0.00001 0.39139 ( 2)
 147 E   0.00000 0.60860 0.00000 0.39140 ( 2)
 148 S   0.01012 0.59876 0.00605 0.38507 ( 2)
 149 T   0.00004 0.60857 0.00002 0.39137 ( 2)
 150 -   0.26657 0.34203 0.17143 0.21996 ( 2)
 151 A   0.00001 0.60859 0.00001 0.39139 ( 2)
 152 F   0.00001 0.60859 0.00002 0.39139 ( 2)
 153 I   0.00051 0.60812 0.00029 0.39108 ( 2)
 154 Y   0.00000 0.60860 0.00000 0.39140 ( 2)
 155 L   0.00005 0.60855 0.00003 0.39136 ( 2)
 156 Y   0.62635 0.00438 0.36645 0.00282 ( 1)
 157 D   0.04354 0.56591 0.02662 0.36394 ( 2)
 158 A   0.00058 0.60734 0.00149 0.39058 ( 2)
 159 G   0.01958 0.58934 0.01208 0.37901 ( 2)
 160 N   0.60240 0.03298 0.34341 0.02121 ( 1)
 161 S   0.00077 0.60786 0.00045 0.39092 ( 2)
 162 -   0.26657 0.34203 0.17143 0.21996 ( 2)
 163 G   0.51442 0.10067 0.32017 0.06474 ( 1)
 164 L   0.00000 0.60860 0.00000 0.39140 ( 2)
 165 S   0.00006 0.60854 0.00004 0.39136 ( 2)
 166 S   0.00003 0.60857 0.00002 0.39138 ( 2)
 167 M   0.29146 0.31714 0.18744 0.20395 ( 2)
 168 T   0.61118 0.01412 0.36561 0.00908 ( 1)
 169 I   0.59807 0.03457 0.34513 0.02223 ( 1)
 170 T   0.16990 0.44421 0.10022 0.28567 ( 2)
 171 S   0.62392 0.00560 0.36688 0.00360 ( 1)
 172 K   0.00036 0.60825 0.00023 0.39117 ( 2)
 173 L   0.28866 0.32533 0.17679 0.20922 ( 2)
 174 P   0.58470 0.03654 0.35526 0.02350 ( 1)
 175 G   0.27624 0.34287 0.16039 0.22050 ( 2)
 176 I   0.00024 0.60837 0.00014 0.39125 ( 2)
 177 K   0.00000 0.60860 0.00000 0.39140 ( 2)
 178 N   0.00024 0.60837 0.00014 0.39125 ( 2)
 179 P   0.00002 0.60858 0.00001 0.39138 ( 2)
 180 E   0.00000 0.60860 0.00000 0.39139 ( 2)
 181 -   0.33880 0.27712 0.20586 0.17822 ( 1)
 182 P   0.60557 0.02167 0.35883 0.01394 ( 1)
 183 S   0.07685 0.53517 0.04380 0.34417 ( 2)
 184 Y   0.00000 0.60860 0.00000 0.39140 ( 2)
 185 R   0.00000 0.60860 0.00000 0.39139 ( 2)
 186 D   0.35578 0.26859 0.20290 0.17273 ( 1)
 187 Y   0.00984 0.59883 0.00622 0.38511 ( 2)
 188 S   0.55177 0.07534 0.32445 0.04845 ( 1)
 189 H   0.58560 0.04451 0.34127 0.02862 ( 1)
 190 R   0.15350 0.45962 0.09130 0.29558 ( 2)
 191 L   0.57332 0.04598 0.35113 0.02957 ( 1)
 192 S   0.56925 0.04892 0.35036 0.03146 ( 1)
 193 N   0.63770 0.00090 0.36082 0.00058 ( 1)
 194 A   0.51436 0.10073 0.32013 0.06478 ( 1)
 195 A   0.60998 0.01499 0.36539 0.00964 ( 1)
 196 C   0.62576 0.00456 0.36675 0.00293 ( 1)
 197 V   0.62761 0.00462 0.36481 0.00297 ( 1)
 198 G   0.00037 0.60825 0.00022 0.39117 ( 2)
 199 A   0.00000 0.60860 0.00000 0.39139 ( 2)
 200 -   0.26657 0.34203 0.17143 0.21996 ( 2)
 201 -   0.26657 0.34203 0.17143 0.21996 ( 2)
 202 G   0.00018 0.60843 0.00010 0.39129 ( 2)
 203 N   0.00094 0.60767 0.00059 0.39080 ( 2)
 204 S   0.00746 0.60119 0.00472 0.38663 ( 2)
 205 R   0.13412 0.47334 0.08813 0.30441 ( 2)
 206 I   0.04328 0.56692 0.02521 0.36459 ( 2)
 207 N   0.23289 0.37939 0.14373 0.24399 ( 2)
 208 V   0.60932 0.01546 0.36527 0.00994 ( 1)
 209 Y   0.19367 0.42193 0.11305 0.27135 ( 2)
 210 G   0.62945 0.00310 0.36546 0.00199 ( 1)
 211 W   0.53061 0.08533 0.32919 0.05488 ( 1)
 212 T   0.44270 0.17801 0.26482 0.11448 ( 1)
 213 H   0.62848 0.00320 0.36626 0.00206 ( 1)
 214 -   0.53456 0.07404 0.34378 0.04762 ( 1)


lnL = -3330.312820

Bayes Empirical Bayes (BEB) probabilities for 4 classes (class)
(amino acids refer to 1st sequence: BT_Cry40Aa1)

   1 P   0.00042 0.84147 0.00008 0.15803 ( 2)
   2 T   0.08524 0.78005 0.01224 0.12246 ( 2)
   3 H   0.00213 0.83599 0.00168 0.16020 ( 2)
   4 V   0.07495 0.78989 0.01081 0.12435 ( 2)
   5 E   0.81411 0.05170 0.12580 0.00839 ( 1)
   6 L   0.79818 0.06653 0.12442 0.01087 ( 1)
   7 T   0.78435 0.09479 0.10651 0.01434 ( 1)
   8 R   0.80603 0.05927 0.12505 0.00965 ( 1)
   9 E   0.86670 0.00905 0.12286 0.00140 ( 1)
  10 I   0.27514 0.59877 0.03648 0.08961 ( 2)
  11 Y   0.87205 0.00587 0.12118 0.00090 ( 1)
  12 T   0.85221 0.01958 0.12512 0.00308 ( 1)
  13 D   0.88120 0.00231 0.11615 0.00035 ( 1)
  14 P   0.42781 0.43681 0.06496 0.07042 ( 2)
  15 V   0.70999 0.14924 0.11570 0.02507 ( 1)
  16 G   0.83340 0.03556 0.12536 0.00568 ( 1)
  17 Y   0.76604 0.11076 0.10627 0.01694 ( 1)
  18 S   0.01953 0.83938 0.00300 0.13809 ( 2)
  19 S   0.00055 0.85546 0.00008 0.14390 ( 2)
  20 G   0.07884 0.78438 0.01169 0.12509 ( 2)
  21 T   0.00057 0.86846 0.00007 0.13090 ( 2)
  22 Y   0.03921 0.82970 0.00528 0.12582 ( 2)
  23 -   0.36800 0.48028 0.06587 0.08585 ( 2)
  24 S   0.00217 0.86010 0.00028 0.13744 ( 2)
  25 W   0.73642 0.12410 0.11877 0.02071 ( 1)
  26 L   0.00093 0.86591 0.00012 0.13304 ( 2)
  27 K   0.00034 0.85117 0.00005 0.14844 ( 2)
  28 Y   0.00000 0.81430 0.00000 0.18569 ( 2)
  29 W   0.01216 0.85781 0.00157 0.12846 ( 2)
  30 T   0.00078 0.85642 0.00012 0.14268 ( 2)
  31 G   0.00791 0.84037 0.00135 0.15037 ( 2)
  32 A   0.00050 0.84778 0.00008 0.15164 ( 2)
  33 F   0.87548 0.00406 0.11985 0.00061 ( 1)
  34 N   0.88481 0.00115 0.11388 0.00017 ( 1)
  35 T   0.00014 0.85394 0.00002 0.14590 ( 2)
  36 L   0.09731 0.23437 0.59462 0.07370 ( 3)
  37 E   0.86650 0.00925 0.12283 0.00143 ( 1)
  38 A   0.86836 0.00623 0.12444 0.00097 ( 1)
  39 N   0.85510 0.03045 0.10998 0.00447 ( 1)
  40 G   0.83662 0.03237 0.12584 0.00517 ( 1)
  41 T   0.85221 0.01958 0.12512 0.00308 ( 1)
  42 R   0.60255 0.25258 0.10152 0.04336 ( 1)
  43 G   0.83662 0.03237 0.12584 0.00517 ( 1)
  44 P   0.86407 0.01067 0.12362 0.00165 ( 1)
  45 G   0.87439 0.00544 0.11935 0.00082 ( 1)
  46 L   0.79880 0.06592 0.12452 0.01077 ( 1)
  47 V   0.87520 0.00435 0.11980 0.00066 ( 1)
  48 T   0.87632 0.00390 0.11919 0.00059 ( 1)
  49 W   0.00182 0.85540 0.00028 0.14250 ( 2)
  50 L   0.86236 0.01184 0.12397 0.00184 ( 1)
  51 R   0.00000 0.86170 0.00000 0.13830 ( 2)
  52 -   0.35275 0.49553 0.06314 0.08858 ( 2)
  53 S   0.00000 0.86813 0.00000 0.13187 ( 2)
  54 I   0.64460 0.22722 0.09271 0.03548 ( 1)
  55 G   0.80976 0.07455 0.10467 0.01102 ( 1)
  56 I   0.86057 0.01324 0.12414 0.00206 ( 1)
  57 Y   0.74622 0.13035 0.10349 0.01994 ( 1)
  58 N   0.25171 0.62399 0.03236 0.09194 ( 2)
  59 E   0.01915 0.85042 0.00250 0.12793 ( 2)
  60 Y   0.00000 0.82647 0.00000 0.17353 ( 2)
  61 V   0.00536 0.74430 0.02408 0.22626 ( 2)
  62 -   0.00000 0.83368 0.00000 0.16631 ( 2)
  63 -   0.00000 0.67566 0.00001 0.32433 ( 2)
  64 -   0.53192 0.31636 0.09521 0.05651 ( 1)
  65 -   0.05713 0.79116 0.01014 0.14158 ( 2)
  66 -   0.46261 0.38567 0.08281 0.06891 ( 1)
  67 -   0.00307 0.84521 0.00053 0.15119 ( 2)
  68 -   0.09276 0.75552 0.01650 0.13522 ( 2)
  69 -   0.00049 0.84154 0.00008 0.15789 ( 2)
  70 S   0.00000 0.76060 0.00001 0.23939 ( 2)
  71 R   0.00000 0.86659 0.00000 0.13341 ( 2)
  72 Y   0.19121 0.67945 0.02612 0.10321 ( 2)
  73 F   0.68243 0.19009 0.09787 0.02962 ( 1)
  74 S   0.00002 0.85346 0.00000 0.14652 ( 2)
  75 G   0.59619 0.25871 0.10063 0.04446 ( 1)
  76 W   0.73642 0.12410 0.11877 0.02071 ( 1)
  77 V   0.02639 0.83259 0.00404 0.13698 ( 2)
  78 G   0.83152 0.03743 0.12507 0.00598 ( 1)
  79 T   0.79931 0.08001 0.10857 0.01211 ( 1)
  80 R   0.86122 0.01313 0.12361 0.00204 ( 1)
  81 H   0.87494 0.00427 0.12014 0.00065 ( 1)
  82 Y   0.76121 0.11553 0.10559 0.01767 ( 1)
  83 E   0.86670 0.00905 0.12286 0.00140 ( 1)
  84 D   0.00025 0.85782 0.00004 0.14190 ( 2)
  85 Y   0.08182 0.25055 0.57321 0.09442 ( 3)
  86 T   0.85221 0.01958 0.12512 0.00308 ( 1)
  87 T   0.00013 0.86041 0.00002 0.13945 ( 2)
  88 G   0.79155 0.08731 0.10790 0.01324 ( 1)
  89 N   0.01226 0.84618 0.00189 0.13966 ( 2)
  90 G   0.24284 0.62970 0.03264 0.09482 ( 2)
  91 N   0.00262 0.86594 0.00033 0.13111 ( 2)
  92 F   0.66257 0.21458 0.09037 0.03248 ( 1)
  93 Q   0.04557 0.81686 0.00674 0.13083 ( 2)
  94 R   0.86291 0.01145 0.12385 0.00178 ( 1)
  95 M   0.08609 0.77881 0.01246 0.12264 ( 2)
  96 S   0.86910 0.00756 0.12218 0.00116 ( 1)
  97 G   0.83662 0.03237 0.12584 0.00517 ( 1)
  98 T   0.87565 0.00456 0.11910 0.00069 ( 1)
  99 T   0.71698 0.14258 0.11653 0.02391 ( 1)
 100 S   0.88294 0.00150 0.11534 0.00022 ( 1)
 101 N   0.88481 0.00115 0.11388 0.00017 ( 1)
 102 D   0.19173 0.00709 0.79969 0.00148 ( 3)
 103 L   0.00023 0.86089 0.00003 0.13885 ( 2)
 104 R   0.00101 0.85568 0.00015 0.14316 ( 2)
 105 D   0.00004 0.84729 0.00001 0.15267 ( 2)
 106 I   0.00390 0.86697 0.00048 0.12865 ( 2)
 107 S   0.00004 0.78632 0.00006 0.21358 ( 2)
 108 F   0.85949 0.01885 0.11878 0.00288 ( 1)
 109 P   0.00000 0.85303 0.00000 0.14697 ( 2)
 110 N   0.00320 0.86914 0.00038 0.12728 ( 2)
 111 S   0.00002 0.85337 0.00000 0.14660 ( 2)
 112 D   0.00862 0.86485 0.00104 0.12549 ( 2)
 113 I   0.00857 0.85741 0.00117 0.13285 ( 2)
 114 F   0.79483 0.08382 0.10866 0.01270 ( 1)
 115 K   0.15701 0.71216 0.02172 0.10911 ( 2)
 116 I   0.87836 0.00299 0.11820 0.00045 ( 1)
 117 E   0.00000 0.79489 0.00000 0.20511 ( 2)
 118 S   0.77677 0.08626 0.12276 0.01421 ( 1)
 119 K   0.00008 0.85988 0.00001 0.14002 ( 2)
 120 A   0.77655 0.10209 0.10589 0.01547 ( 1)
 121 I   0.24738 0.62035 0.03543 0.09683 ( 2)
 122 M   0.00000 0.86312 0.00000 0.13688 ( 2)
 123 N   0.00000 0.81321 0.00000 0.18679 ( 2)
 124 L   0.00006 0.78284 0.00024 0.21685 ( 2)
 125 V   0.00000 0.86142 0.00000 0.13858 ( 2)
 126 G   0.00001 0.85658 0.00000 0.14341 ( 2)
 127 E   0.00014 0.86598 0.00002 0.13387 ( 2)
 128 I   0.00020 0.86927 0.00002 0.13051 ( 2)
 129 N   0.00001 0.85627 0.00000 0.14372 ( 2)
 130 -   0.02650 0.84226 0.00356 0.12768 ( 2)
 131 -   0.35275 0.49553 0.06314 0.08858 ( 2)
 132 -   0.00363 0.84465 0.00063 0.15109 ( 2)
 133 -   0.61224 0.23604 0.10957 0.04215 ( 1)
 134 A   0.00420 0.85411 0.00063 0.14106 ( 2)
 135 R   0.00020 0.85428 0.00003 0.14549 ( 2)
 136 P   0.00249 0.85918 0.00036 0.13797 ( 2)
 137 E   0.00901 0.84454 0.00147 0.14497 ( 2)
 138 Y   0.01891 0.80864 0.01969 0.15276 ( 2)
 139 R   0.07125 0.38587 0.41676 0.12612 ( 3)
 140 V   0.27590 0.59479 0.03730 0.09201 ( 2)
 141 S   0.77099 0.09201 0.12184 0.01516 ( 1)
 142 R   0.07643 0.79071 0.01078 0.12208 ( 2)
 143 A   0.55585 0.31311 0.08156 0.04948 ( 1)
 144 E   0.17568 0.69325 0.02448 0.10658 ( 2)
 145 F   0.87548 0.00406 0.11985 0.00061 ( 1)
 146 S   0.00002 0.86834 0.00000 0.13164 ( 2)
 147 E   0.00000 0.85467 0.00000 0.14533 ( 2)
 148 S   0.00705 0.85760 0.00097 0.13438 ( 2)
 149 T   0.00005 0.86394 0.00001 0.13600 ( 2)
 150 -   0.35275 0.49553 0.06314 0.08858 ( 2)
 151 A   0.00002 0.85804 0.00000 0.14193 ( 2)
 152 F   0.00003 0.85304 0.00001 0.14692 ( 2)
 153 I   0.00049 0.86913 0.00006 0.13031 ( 2)
 154 Y   0.00000 0.85378 0.00000 0.14622 ( 2)
 155 L   0.00005 0.85338 0.00001 0.14656 ( 2)
 156 Y   0.87205 0.00587 0.12118 0.00090 ( 1)
 157 D   0.02780 0.83291 0.00413 0.13517 ( 2)
 158 A   0.00049 0.78988 0.00067 0.20895 ( 2)
 159 G   0.01304 0.84537 0.00197 0.13962 ( 2)
 160 N   0.81987 0.06366 0.10703 0.00944 ( 1)
 161 S   0.00070 0.86639 0.00009 0.13281 ( 2)
 162 -   0.35275 0.49553 0.06314 0.08858 ( 2)
 163 G   0.71261 0.14674 0.11601 0.02464 ( 1)
 164 L   0.00000 0.85145 0.00000 0.14855 ( 2)
 165 S   0.00006 0.85729 0.00001 0.14263 ( 2)
 166 S   0.00004 0.85633 0.00001 0.14363 ( 2)
 167 M   0.31985 0.52843 0.05711 0.09461 ( 2)
 168 T   0.85221 0.01958 0.12512 0.00308 ( 1)
 169 I   0.81354 0.06703 0.10935 0.01008 ( 1)
 170 T   0.13629 0.73227 0.01895 0.11250 ( 2)
 171 S   0.86910 0.00756 0.12218 0.00116 ( 1)
 172 K   0.00034 0.85556 0.00005 0.14405 ( 2)
 173 L   0.31787 0.54397 0.04928 0.08888 ( 2)
 174 P   0.81515 0.05212 0.12434 0.00840 ( 1)
 175 G   0.24340 0.62924 0.03271 0.09465 ( 2)
 176 I   0.00032 0.87016 0.00004 0.12948 ( 2)
 177 K   0.00000 0.86123 0.00000 0.13876 ( 2)
 178 N   0.00030 0.86056 0.00004 0.13910 ( 2)
 179 P   0.00004 0.87029 0.00000 0.12966 ( 2)
 180 E   0.00001 0.85852 0.00000 0.14148 ( 2)
 181 -   0.45809 0.40666 0.06970 0.06554 ( 1)
 182 P   0.84416 0.03039 0.12074 0.00471 ( 1)
 183 S   0.04836 0.82517 0.00604 0.12042 ( 2)
 184 Y   0.00000 0.84410 0.00000 0.15590 ( 2)
 185 R   0.00001 0.85613 0.00000 0.14386 ( 2)
 186 D   0.33988 0.53692 0.04400 0.07920 ( 2)
 187 Y   0.00730 0.84572 0.00120 0.14578 ( 2)
 188 S   0.72966 0.14558 0.10236 0.02240 ( 1)
 189 H   0.79157 0.08672 0.10855 0.01316 ( 1)
 190 R   0.12136 0.74548 0.01721 0.11595 ( 2)
 191 L   0.79880 0.06592 0.12452 0.01077 ( 1)
 192 S   0.79296 0.07016 0.12532 0.01156 ( 1)
 193 N   0.88481 0.00115 0.11388 0.00017 ( 1)
 194 A   0.71252 0.14682 0.11601 0.02465 ( 1)
 195 A   0.85060 0.02083 0.12529 0.00329 ( 1)
 196 C   0.87146 0.00613 0.12148 0.00094 ( 1)
 197 V   0.87333 0.00619 0.11954 0.00094 ( 1)
 198 G   0.00035 0.86176 0.00005 0.13784 ( 2)
 199 A   0.00000 0.76449 0.00000 0.23550 ( 2)
 200 -   0.35275 0.49553 0.06314 0.08858 ( 2)
 201 -   0.35275 0.49553 0.06314 0.08858 ( 2)
 202 G   0.00017 0.86590 0.00002 0.13391 ( 2)
 203 N   0.00071 0.85272 0.00011 0.14646 ( 2)
 204 S   0.00555 0.84723 0.00091 0.14631 ( 2)
 205 R   0.10259 0.73869 0.01920 0.13951 ( 2)
 206 I   0.02789 0.84171 0.00365 0.12675 ( 2)
 207 N   0.24677 0.61286 0.03900 0.10137 ( 2)
 208 V   0.84973 0.02150 0.12537 0.00340 ( 1)
 209 Y   0.15827 0.71249 0.02144 0.10780 ( 2)
 210 G   0.87574 0.00410 0.11954 0.00062 ( 1)
 211 W   0.73642 0.12410 0.11877 0.02071 ( 1)
 212 T   0.54270 0.32646 0.07936 0.05148 ( 1)
 213 H   0.87494 0.00427 0.12014 0.00065 ( 1)
 214 -   0.74149 0.10679 0.13267 0.01905 ( 1)

