Supplemental results for CODEML (seqf: algn  treef: tree)


dN/dS (w) for site classes (K=4)

site class             0        1       2a       2b
proportion       0.33346  0.09557  0.44379  0.12719
background w     0.10429  0.71245  0.10429  0.71245
foreground w     0.10429  0.71245  0.00000  0.00000

Naive Empirical Bayes (NEB) probabilities for 4 classes
(amino acids refer to 1st sequence: BT_Cry1Fa1)

   1 -   0.39962 0.02941 0.53183 0.03914 ( 3)
   2 -   0.09773 0.33130 0.13007 0.44091 ( 4)
   3 -   0.22014 0.20888 0.29298 0.27799 ( 3)
   4 -   0.42881 0.00022 0.57069 0.00029 ( 3)
   5 R   0.35676 0.05814 0.48992 0.09518 ( 3)
   6 I   0.40233 0.00005 0.59749 0.00013 ( 3)
   7 T   0.40312 0.00054 0.59503 0.00130 ( 3)
   8 Q   0.41617 0.00099 0.58101 0.00182 ( 3)
   9 I   0.40277 0.00048 0.59559 0.00116 ( 3)
  10 P   0.41281 0.00031 0.58625 0.00063 ( 3)
  11 L   0.38676 0.03390 0.52669 0.05265 ( 3)
  12 V   0.40613 0.00011 0.59349 0.00027 ( 3)
  13 K   0.40746 0.00052 0.59089 0.00113 ( 3)
  14 A   0.40574 0.00145 0.58962 0.00319 ( 3)
  15 H   0.40711 0.00242 0.58515 0.00533 ( 3)
  16 T   0.40869 0.00201 0.58521 0.00409 ( 3)
  17 L   0.34339 0.05250 0.49246 0.11165 ( 3)
  18 Q   0.00400 0.39743 0.00541 0.59316 ( 4)
  19 S   0.41229 0.00257 0.58029 0.00485 ( 3)
  20 G   0.40682 0.00018 0.59259 0.00042 ( 3)
  21 T   0.40073 0.00235 0.59142 0.00551 ( 3)
  22 T   0.38941 0.00940 0.57808 0.02312 ( 3)
  23 V   0.40285 0.00021 0.59642 0.00052 ( 3)
  24 V   0.40242 0.00367 0.58556 0.00835 ( 3)
  25 R   0.00475 0.59786 0.00090 0.39650 ( 2)
  26 G   0.42412 0.00013 0.57555 0.00020 ( 3)
  27 P   0.40753 0.01275 0.55953 0.02020 ( 3)
  28 G   0.42285 0.00133 0.57380 0.00202 ( 3)
  29 F   0.40650 0.00006 0.59331 0.00013 ( 3)
  30 T   0.41631 0.00015 0.58327 0.00027 ( 3)
  31 G   0.41092 0.00009 0.58881 0.00019 ( 3)
  32 G   0.41126 0.00020 0.58813 0.00041 ( 3)
  33 D   0.40236 0.00060 0.59550 0.00154 ( 3)
  34 I   0.37569 0.02559 0.54381 0.05492 ( 3)
  35 L   0.40648 0.00669 0.57440 0.01243 ( 3)
  36 -   0.33776 0.09127 0.44950 0.12147 ( 3)
  37 R   0.02121 0.36218 0.02909 0.58751 ( 4)
  38 R   0.42085 0.00076 0.57715 0.00124 ( 3)
  39 T   0.35138 0.04055 0.51436 0.09370 ( 3)
  40 S   0.38576 0.01183 0.57164 0.03077 ( 3)
  41 G   0.20441 0.16188 0.29269 0.34102 ( 4)
  42 G   0.40731 0.00290 0.58360 0.00620 ( 3)
  43 P   0.12467 0.22985 0.17704 0.46844 ( 4)
  44 F   0.28418 0.09020 0.41408 0.21155 ( 3)
  45 A   0.40311 0.00021 0.59617 0.00052 ( 3)
  46 Y   0.00697 0.44070 0.00885 0.54348 ( 4)
  47 T   0.01707 0.49831 0.02179 0.46282 ( 2)
  48 I   0.01964 0.71583 0.00260 0.26193 ( 2)
  49 V   0.40288 0.00014 0.59662 0.00036 ( 3)
  50 N   0.34231 0.04169 0.51005 0.10595 ( 3)
  51 I   0.28108 0.35163 0.16162 0.20567 ( 2)
  52 N   0.43895 0.02935 0.50452 0.02718 ( 3)
  53 G   0.00014 0.94005 0.00000 0.05980 ( 2)
  54 -   0.34746 0.08156 0.46242 0.10855 ( 3)
  55 Q   0.00031 0.65655 0.00016 0.34297 ( 2)
  56 L   0.41604 0.00177 0.57911 0.00309 ( 3)
  57 P   0.88065 0.05660 0.04222 0.02053 ( 1)
  58 Q   0.41661 0.00062 0.58164 0.00113 ( 3)
  59 R   0.41806 0.00194 0.57675 0.00325 ( 3)
  60 Y   0.41085 0.00010 0.58884 0.00021 ( 3)
  61 R   0.39945 0.01239 0.56377 0.02440 ( 3)
  62 A   0.39760 0.00690 0.57967 0.01583 ( 3)
  63 R   0.40760 0.00003 0.59229 0.00007 ( 3)
  64 I   0.40298 0.00032 0.59592 0.00078 ( 3)
  65 R   0.41613 0.00956 0.56054 0.01377 ( 3)
  66 Y   0.41068 0.00024 0.58857 0.00051 ( 3)
  67 A   0.40061 0.02035 0.54746 0.03158 ( 3)
  68 S   0.40938 0.00008 0.59037 0.00018 ( 3)
  69 T   0.40236 0.00008 0.59736 0.00020 ( 3)
  70 T   0.40495 0.00005 0.59487 0.00012 ( 3)
  71 N   0.39775 0.00512 0.58523 0.01190 ( 3)
  72 L   0.32194 0.08194 0.44856 0.14756 ( 3)
  73 R   0.40577 0.00144 0.58946 0.00333 ( 3)
  74 I   0.28651 0.08755 0.42491 0.20103 ( 3)
  75 Y   0.35462 0.06732 0.47908 0.09899 ( 3)
  76 V   0.31379 0.06857 0.45849 0.15914 ( 3)
  77 T   0.27481 0.13666 0.37485 0.21369 ( 3)
  78 V   0.13597 0.24630 0.15352 0.46421 ( 4)
  79 A   0.40451 0.00195 0.58909 0.00445 ( 3)
  80 G   0.37525 0.02638 0.54280 0.05557 ( 3)
  81 E   0.00238 0.30370 0.00345 0.69047 ( 4)
  82 R   0.38059 0.04169 0.51555 0.06216 ( 3)
  83 I   0.39727 0.00305 0.59209 0.00759 ( 3)
  84 F   0.34320 0.04693 0.50014 0.10972 ( 3)
  85 A   0.39630 0.00507 0.58609 0.01255 ( 3)
  86 G   0.32440 0.06210 0.47070 0.14281 ( 3)
  87 Q   0.00376 0.35066 0.00524 0.64035 ( 4)
  88 F   0.38547 0.01570 0.56198 0.03685 ( 3)
  89 N   0.41315 0.00438 0.57528 0.00719 ( 3)
  90 K   0.40562 0.00004 0.59425 0.00009 ( 3)
  91 T   0.40569 0.00013 0.59388 0.00030 ( 3)
  92 M   0.40873 0.00074 0.58884 0.00168 ( 3)
  93 D   0.36432 0.07293 0.41759 0.14516 ( 3)
  94 T   0.33515 0.07070 0.47108 0.12307 ( 3)
  95 G   0.37641 0.02236 0.54832 0.05291 ( 3)
  96 D   0.03534 0.34083 0.04908 0.57475 ( 4)
  97 P   0.04723 0.29278 0.06704 0.59294 ( 4)
  98 L   0.40969 0.00468 0.57669 0.00895 ( 3)
  99 T   0.40457 0.00092 0.59236 0.00215 ( 3)
 100 F   0.39891 0.02141 0.54550 0.03418 ( 3)
 101 Q   0.21919 0.16782 0.30596 0.30702 ( 4)
 102 S   0.40292 0.00504 0.58091 0.01113 ( 3)
 103 F   0.40622 0.00025 0.59293 0.00060 ( 3)
 104 S   0.16675 0.16729 0.24610 0.41985 ( 4)
 105 Y   0.00498 0.40001 0.00673 0.58828 ( 4)
 106 A   0.40589 0.00057 0.59221 0.00133 ( 3)
 107 T   0.40240 0.00005 0.59741 0.00013 ( 3)
 108 I   0.39876 0.00199 0.59431 0.00495 ( 3)
 109 N   0.00304 0.35132 0.00395 0.64169 ( 4)
 110 T   0.39534 0.00777 0.57878 0.01810 ( 3)
 111 A   0.30627 0.06991 0.45219 0.17163 ( 3)
 112 F   0.40077 0.00425 0.58485 0.01012 ( 3)
 113 T   0.39853 0.00540 0.58353 0.01254 ( 3)
 114 F   0.42186 0.00052 0.57680 0.00082 ( 3)
 115 P   0.19224 0.17724 0.27256 0.35796 ( 4)
 116 M   0.00310 0.61899 0.00030 0.37761 ( 2)
 117 S   0.00022 0.60387 0.00012 0.39579 ( 2)
 118 Q   0.00001 0.98589 0.00000 0.01410 ( 2)
 119 S   0.39446 0.00962 0.57426 0.02166 ( 3)
 120 S   0.07209 0.26694 0.10345 0.55751 ( 4)
 121 F   0.13629 0.78656 0.00271 0.07445 ( 2)
 122 T   0.40458 0.00078 0.59285 0.00180 ( 3)
 123 V   0.40220 0.00303 0.58772 0.00705 ( 3)
 124 G   0.40699 0.00003 0.59290 0.00008 ( 3)
 125 A   0.40437 0.00044 0.59416 0.00103 ( 3)
 126 D   0.40220 0.00010 0.59743 0.00027 ( 3)
 127 T   0.08252 0.23227 0.12227 0.56294 ( 4)
 128 F   0.40638 0.00017 0.59305 0.00041 ( 3)
 129 S   0.00681 0.28449 0.01004 0.69866 ( 4)
 130 S   0.38765 0.02254 0.54647 0.04334 ( 3)
 131 G   0.31769 0.08586 0.44521 0.15124 ( 3)
 132 N   0.35112 0.03717 0.51976 0.09195 ( 3)
 133 E   0.40284 0.00295 0.58733 0.00689 ( 3)
 134 V   0.40238 0.00042 0.59617 0.00103 ( 3)
 135 Y   0.41085 0.00010 0.58884 0.00021 ( 3)
 136 I   0.43928 0.09463 0.40103 0.06506 ( 1)
 137 D   0.41382 0.00003 0.58611 0.00005 ( 3)
 138 R   0.40048 0.00594 0.58008 0.01351 ( 3)
 139 F   0.32401 0.06013 0.47286 0.14300 ( 3)
 140 E   0.40679 0.00004 0.59309 0.00009 ( 3)
 141 L   0.21196 0.19470 0.28902 0.30433 ( 4)
 142 I   0.40758 0.00078 0.58996 0.00168 ( 3)
 143 P   0.33346 0.09557 0.44379 0.12719 ( 3)


lnL = -2519.698590

