Supplemental results for CODEML (seqf: algn  treef: tree)


dN/dS (w) for site classes (K=4)

site class             0        1       2a       2b
proportion       0.00000  0.00000  0.59050  0.40950
background w     0.14123  1.00000  0.14123  1.00000
foreground w     0.14123  1.00000  1.00000  1.00000

Naive Empirical Bayes (NEB) probabilities for 4 classes
(amino acids refer to 1st sequence: BT_Cry52Ca1)

   1 Q   0.00000 0.00000 0.94708 0.05292 ( 3)
   2 V   0.00000 0.00000 0.87753 0.12247 ( 3)
   3 K   0.00000 0.00000 0.06562 0.93438 ( 4)
   4 S   0.00000 0.00000 0.23638 0.76362 ( 4)
   5 E   0.00000 0.00000 0.99636 0.00364 ( 3)
   6 L   0.00000 0.00000 0.98959 0.01041 ( 3)
   7 T   0.00000 0.00000 0.99266 0.00734 ( 3)
   8 R   0.00000 0.00000 0.99851 0.00149 ( 3)
   9 E   0.00000 0.00000 0.51490 0.48510 ( 3)
  10 I   0.00000 0.00000 0.99714 0.00286 ( 3)
  11 Y   0.00000 0.00000 0.86922 0.13078 ( 3)
  12 S   0.00000 0.00000 0.97353 0.02647 ( 3)
  13 D   0.00000 0.00000 0.99864 0.00136 ( 3)
  14 V   0.00000 0.00000 0.88560 0.11440 ( 3)
  15 V   0.00000 0.00000 0.68466 0.31534 ( 3)
  16 N   0.00000 0.00000 0.99326 0.00674 ( 3)
  17 -   0.00000 0.00000 0.37912 0.62088 ( 4)
  18 -   0.00000 0.00000 0.19161 0.80839 ( 4)
  19 -   0.00000 0.00000 0.94305 0.05695 ( 3)
  20 -   0.00000 0.00000 0.76294 0.23706 ( 3)
  21 -   0.00000 0.00000 0.92058 0.07942 ( 3)
  22 -   0.00000 0.00000 0.48267 0.51733 ( 4)
  23 -   0.00000 0.00000 0.04585 0.95415 ( 4)
  24 -   0.00000 0.00000 0.90992 0.09008 ( 3)
  25 -   0.00000 0.00000 0.92340 0.07660 ( 3)
  26 A   0.00000 0.00000 0.84806 0.15194 ( 3)
  27 D   0.00000 0.00000 0.56959 0.43041 ( 3)
  28 V   0.00000 0.00000 0.00422 0.99578 ( 4)
  29 F   0.00000 0.00000 0.94884 0.05116 ( 3)
  30 G   0.00000 0.00000 0.58521 0.41479 ( 3)
  31 T   0.00000 0.00000 0.21359 0.78641 ( 4)
  32 I   0.00000 0.00000 0.96557 0.03443 ( 3)
  33 Y   0.00000 0.00000 0.94132 0.05868 ( 3)
  34 T   0.00000 0.00000 0.00104 0.99896 ( 4)
  35 D   0.00000 0.00000 0.00475 0.99525 ( 4)
  36 N   0.00000 0.00000 0.91756 0.08244 ( 3)
  37 N   0.00000 0.00000 0.02418 0.97582 ( 4)
  38 R   0.00000 0.00000 0.14577 0.85423 ( 4)
  39 N   0.00000 0.00000 0.97869 0.02131 ( 3)
  40 E   0.00000 0.00000 0.99734 0.00266 ( 3)
  41 E   0.00000 0.00000 0.96906 0.03094 ( 3)
  42 L   0.00000 0.00000 0.06720 0.93280 ( 4)
  43 Y   0.00000 0.00000 0.90446 0.09554 ( 3)
  44 T   0.00000 0.00000 0.80711 0.19289 ( 3)
  45 R   0.00000 0.00000 0.74608 0.25392 ( 3)
  46 P   0.00000 0.00000 0.17388 0.82612 ( 4)
  47 P   0.00000 0.00000 0.99151 0.00849 ( 3)
  48 H   0.00000 0.00000 0.02980 0.97020 ( 4)
  49 L   0.00000 0.00000 0.99445 0.00555 ( 3)
  50 F   0.00000 0.00000 0.98767 0.01233 ( 3)
  51 T   0.00000 0.00000 0.84341 0.15659 ( 3)
  52 W   0.00000 0.00000 0.98642 0.01358 ( 3)
  53 L   0.00000 0.00000 0.93841 0.06159 ( 3)
  54 R   0.00000 0.00000 0.94312 0.05688 ( 3)
  55 G   0.00000 0.00000 0.58029 0.41971 ( 3)
  56 F   0.00000 0.00000 0.90111 0.09889 ( 3)
  57 R   0.00000 0.00000 0.08782 0.91218 ( 4)
  58 F   0.00000 0.00000 0.98613 0.01387 ( 3)
  59 V   0.00000 0.00000 0.00858 0.99142 ( 4)
  60 T   0.00000 0.00000 0.32408 0.67592 ( 4)
  61 N   0.00000 0.00000 0.78573 0.21427 ( 3)
  62 S   0.00000 0.00000 0.00049 0.99951 ( 4)
  63 I   0.00000 0.00000 0.66783 0.33217 ( 3)
  64 S   0.00000 0.00000 0.00299 0.99701 ( 4)
  65 S   0.00000 0.00000 0.03399 0.96601 ( 4)
  66 G   0.00000 0.00000 0.71379 0.28621 ( 3)
  67 S   0.00000 0.00000 0.01805 0.98195 ( 4)
  68 R   0.00000 0.00000 0.00154 0.99846 ( 4)
  69 T   0.00000 0.00000 0.23434 0.76566 ( 4)
  70 W   0.00000 0.00000 0.25367 0.74633 ( 4)
  71 T   0.00000 0.00000 0.89839 0.10161 ( 3)
  72 F   0.00000 0.00000 0.92738 0.07262 ( 3)
  73 L   0.00000 0.00000 0.88118 0.11882 ( 3)
  74 A   0.00000 0.00000 0.95146 0.04854 ( 3)
  75 G   0.00000 0.00000 0.99645 0.00355 ( 3)
  76 N   0.00000 0.00000 0.50702 0.49298 ( 3)
  77 Q   0.00000 0.00000 0.43947 0.56053 ( 4)
  78 N   0.00000 0.00000 0.95144 0.04856 ( 3)
  79 K   0.00000 0.00000 0.24064 0.75936 ( 4)
  80 Y   0.00000 0.00000 0.92377 0.07623 ( 3)
  81 S   0.00000 0.00000 0.21181 0.78819 ( 4)
  82 Y   0.00000 0.00000 0.36329 0.63671 ( 4)
  83 T   0.00000 0.00000 0.99454 0.00546 ( 3)
  84 R   0.00000 0.00000 0.00850 0.99150 ( 4)
  85 D   0.00000 0.00000 0.06805 0.93195 ( 4)
  86 N   0.00000 0.00000 0.29094 0.70906 ( 4)
  87 R   0.00000 0.00000 0.22692 0.77308 ( 4)
  88 I   0.00000 0.00000 0.73478 0.26522 ( 3)
  89 I   0.00000 0.00000 0.73478 0.26522 ( 3)
  90 Y   0.00000 0.00000 0.04106 0.95894 ( 4)
  91 G   0.00000 0.00000 0.67598 0.32402 ( 3)
  92 P   0.00000 0.00000 0.70174 0.29826 ( 3)
  93 F   0.00000 0.00000 0.25001 0.74999 ( 4)
  94 Y   0.00000 0.00000 0.02079 0.97921 ( 4)
  95 G   0.00000 0.00000 0.33229 0.66771 ( 4)
  96 Q   0.00000 0.00000 0.01343 0.98657 ( 4)
  97 D   0.00000 0.00000 0.36039 0.63961 ( 4)
  98 T   0.00000 0.00000 0.86611 0.13389 ( 3)
  99 N   0.00000 0.00000 0.85548 0.14452 ( 3)
 100 Y   0.00000 0.00000 0.99617 0.00383 ( 3)
 101 G   0.00000 0.00000 0.99645 0.00355 ( 3)
 102 G   0.00000 0.00000 0.20799 0.79201 ( 4)
 103 T   0.00000 0.00000 0.95727 0.04273 ( 3)
 104 S   0.00000 0.00000 0.98905 0.01095 ( 3)
 105 S   0.00000 0.00000 0.83994 0.16006 ( 3)
 106 D   0.00000 0.00000 0.29705 0.70295 ( 4)
 107 T   0.00000 0.00000 0.24534 0.75466 ( 4)
 108 D   0.00000 0.00000 0.74785 0.25215 ( 3)
 109 F   0.00000 0.00000 0.25649 0.74351 ( 4)
 110 A   0.00000 0.00000 0.76655 0.23345 ( 3)
 111 E   0.00000 0.00000 0.00820 0.99180 ( 4)
 112 D   0.00000 0.00000 0.00073 0.99927 ( 4)
 113 S   0.00000 0.00000 0.07905 0.92095 ( 4)
 114 Y   0.00000 0.00000 0.00228 0.99772 ( 4)
 115 V   0.00000 0.00000 0.62656 0.37344 ( 3)
 116 Y   0.00000 0.00000 0.99559 0.00441 ( 3)
 117 N   0.00000 0.00000 0.98210 0.01790 ( 3)
 118 L   0.00000 0.00000 0.99064 0.00936 ( 3)
 119 W   0.00000 0.00000 0.16487 0.83513 ( 4)
 120 T   0.00000 0.00000 0.10087 0.89913 ( 4)
 121 K   0.00000 0.00000 0.98782 0.01218 ( 3)
 122 N   0.00000 0.00000 0.99602 0.00398 ( 3)
 123 Y   0.00000 0.00000 0.65314 0.34686 ( 3)
 124 E   0.00000 0.00000 0.96312 0.03688 ( 3)
 125 F   0.00000 0.00000 0.03414 0.96586 ( 4)
 126 -   0.00000 0.00000 0.09921 0.90079 ( 4)
 127 -   0.00000 0.00000 0.10500 0.89500 ( 4)
 128 -   0.00000 0.00000 0.42268 0.57732 ( 4)
 129 -   0.00000 0.00000 0.15980 0.84020 ( 4)
 130 -   0.00000 0.00000 0.65013 0.34987 ( 3)
 131 -   0.00000 0.00000 0.15394 0.84606 ( 4)
 132 -   0.00000 0.00000 0.20835 0.79165 ( 4)
 133 -   0.00000 0.00000 0.62872 0.37128 ( 3)
 134 -   0.00000 0.00000 0.85363 0.14637 ( 3)
 135 -   0.00000 0.00000 0.62835 0.37165 ( 3)
 136 I   0.00000 0.00000 0.94050 0.05950 ( 3)
 137 S   0.00000 0.00000 0.50150 0.49850 ( 3)
 138 P   0.00000 0.00000 0.67406 0.32594 ( 3)
 139 Y   0.00000 0.00000 0.05789 0.94211 ( 4)
 140 T   0.00000 0.00000 0.90376 0.09624 ( 3)
 141 D   0.00000 0.00000 0.03335 0.96665 ( 4)
 142 P   0.00000 0.00000 0.56998 0.43002 ( 3)
 143 V   0.00000 0.00000 0.97261 0.02739 ( 3)
 144 N   0.00000 0.00000 0.97942 0.02058 ( 3)
 145 I   0.00000 0.00000 0.00018 0.99982 ( 4)
 146 T   0.00000 0.00000 0.40868 0.59132 ( 4)
 147 K   0.00000 0.00000 0.14601 0.85399 ( 4)
 148 I   0.00000 0.00000 0.96638 0.03362 ( 3)
 149 N   0.00000 0.00000 0.75104 0.24896 ( 3)
 150 F   0.00000 0.00000 0.97937 0.02063 ( 3)
 151 S   0.00000 0.00000 0.00404 0.99596 ( 4)
 152 V   0.00000 0.00000 0.96169 0.03831 ( 3)
 153 T   0.00000 0.00000 0.92618 0.07382 ( 3)
 154 N   0.00000 0.00000 0.01225 0.98775 ( 4)
 155 N   0.00000 0.00000 0.45739 0.54261 ( 4)
 156 N   0.00000 0.00000 0.99679 0.00321 ( 3)
 157 S   0.00000 0.00000 0.00335 0.99665 ( 4)
 158 S   0.00000 0.00000 0.96553 0.03447 ( 3)
 159 K   0.00000 0.00000 0.00138 0.99862 ( 4)
 160 D   0.00000 0.00000 0.78112 0.21888 ( 3)
 161 E   0.00000 0.00000 0.01299 0.98701 ( 4)
 162 T   0.00000 0.00000 0.00106 0.99894 ( 4)
 163 Y   0.00000 0.00000 0.99330 0.00670 ( 3)
 164 G   0.00000 0.00000 0.35912 0.64088 ( 4)
 165 G   0.00000 0.00000 0.11343 0.88657 ( 4)
 166 E   0.00000 0.00000 0.00036 0.99964 ( 4)
 167 R   0.00000 0.00000 0.71773 0.28227 ( 3)
 168 N   0.00000 0.00000 0.98370 0.01630 ( 3)
 169 L   0.00000 0.00000 0.68660 0.31340 ( 3)
 170 P   0.00000 0.00000 0.76516 0.23484 ( 3)
 171 T   0.00000 0.00000 0.97998 0.02002 ( 3)
 172 V   0.00000 0.00000 0.56947 0.43053 ( 3)
 173 Q   0.00000 0.00000 0.09637 0.90363 ( 4)
 174 T   0.00000 0.00000 0.00535 0.99465 ( 4)
 175 N   0.00000 0.00000 0.02518 0.97482 ( 4)
 176 F   0.00000 0.00000 0.01037 0.98963 ( 4)
 177 D   0.00000 0.00000 0.08422 0.91578 ( 4)
 178 F   0.00000 0.00000 0.98219 0.01781 ( 3)
 179 L   0.00000 0.00000 0.47715 0.52285 ( 4)
 180 T   0.00000 0.00000 0.81056 0.18944 ( 3)
 181 N   0.00000 0.00000 0.66030 0.33970 ( 3)
 182 K   0.00000 0.00000 0.63572 0.36428 ( 3)
 183 V   0.00000 0.00000 0.70959 0.29041 ( 3)
 184 G   0.00000 0.00000 0.61836 0.38164 ( 3)
 185 -   0.00000 0.00000 0.97553 0.02447 ( 3)
 186 -   0.00000 0.00000 0.85323 0.14677 ( 3)
 187 -   0.00000 0.00000 0.20844 0.79156 ( 4)
 188 N   0.00000 0.00000 0.01048 0.98952 ( 4)
 189 G   0.00000 0.00000 0.14647 0.85353 ( 4)
 190 S   0.00000 0.00000 0.01209 0.98791 ( 4)
 191 P   0.00000 0.00000 0.99845 0.00155 ( 3)
 192 T   0.00000 0.00000 0.95282 0.04718 ( 3)
 193 Y   0.00000 0.00000 0.97960 0.02040 ( 3)
 194 N   0.00000 0.00000 0.96624 0.03376 ( 3)
 195 N   0.00000 0.00000 0.99748 0.00252 ( 3)
 196 -   0.00000 0.00000 0.50674 0.49326 ( 3)
 197 -   0.00000 0.00000 0.93728 0.06272 ( 3)
 198 -   0.00000 0.00000 0.98025 0.01975 ( 3)
 199 Y   0.00000 0.00000 0.99473 0.00527 ( 3)
 200 N   0.00000 0.00000 0.98343 0.01657 ( 3)
 201 H   0.00000 0.00000 0.99938 0.00062 ( 3)
 202 I   0.00000 0.00000 0.93864 0.06136 ( 3)
 203 L   0.00000 0.00000 0.99445 0.00555 ( 3)
 204 S   0.00000 0.00000 0.97768 0.02232 ( 3)
 205 Y   0.00000 0.00000 0.69720 0.30280 ( 3)
 206 M   0.00000 0.00000 0.97062 0.02938 ( 3)
 207 L   0.00000 0.00000 0.94908 0.05092 ( 3)
 208 T   0.00000 0.00000 0.94659 0.05341 ( 3)
 209 N   0.00000 0.00000 0.96011 0.03989 ( 3)
 210 G   0.00000 0.00000 0.04325 0.95675 ( 4)
 211 T   0.00000 0.00000 0.33278 0.66722 ( 4)
 212 F   0.00000 0.00000 0.01365 0.98635 ( 4)
 213 S   0.00000 0.00000 0.00831 0.99169 ( 4)
 214 Q   0.00000 0.00000 0.90719 0.09281 ( 3)
 215 K   0.00000 0.00000 0.53075 0.46925 ( 3)
 216 -   0.00000 0.00000 0.59050 0.40950 ( 3)
 217 -   0.00000 0.00000 0.59050 0.40950 ( 3)
 218 -   0.00000 0.00000 0.59050 0.40950 ( 3)
 219 -   0.00000 0.00000 0.59050 0.40950 ( 3)
 220 -   0.00000 0.00000 0.59050 0.40950 ( 3)
 221 -   0.00000 0.00000 0.59050 0.40950 ( 3)
 222 -   0.00000 0.00000 0.59050 0.40950 ( 3)
 223 -   0.00000 0.00000 0.59050 0.40950 ( 3)
 224 R   0.00000 0.00000 0.98661 0.01339 ( 3)
 225 H   0.00000 0.00000 0.11028 0.88972 ( 4)
 226 G   0.00000 0.00000 0.98266 0.01734 ( 3)
 227 Y   0.00000 0.00000 0.93740 0.06260 ( 3)
 228 T   0.00000 0.00000 0.91825 0.08175 ( 3)
 229 F   0.00000 0.00000 0.98474 0.01526 ( 3)
 230 A   0.00000 0.00000 0.83114 0.16886 ( 3)
 231 F   0.00000 0.00000 0.73238 0.26762 ( 3)
 232 T   0.00000 0.00000 0.99175 0.00825 ( 3)
 233 H   0.00000 0.00000 0.99938 0.00062 ( 3)
 234 S   0.00000 0.00000 0.53604 0.46396 ( 3)
 235 S   0.00000 0.00000 0.99598 0.00402 ( 3)


lnL = -3461.724433

