Supplemental results for CODEML (seqf: algn  treef: tree)


dN/dS (w) for site classes (K=4)

site class             0        1       2a       2b
proportion       0.43150  0.24493  0.20640  0.11716
background w     0.09932  1.00000  0.09932  1.00000
foreground w     0.09932  1.00000  1.00000  1.00000

Naive Empirical Bayes (NEB) probabilities for 4 classes
(amino acids refer to 1st sequence: BT_Cry56Aa1)

   1 -   0.43150 0.24493 0.20640 0.11716 ( 1)
   2 -   0.52782 0.14861 0.25248 0.07109 ( 1)
   3 -   0.01816 0.64470 0.02876 0.30839 ( 2)
   4 S   0.00003 0.67634 0.00010 0.32352 ( 2)
   5 A   0.06732 0.61406 0.02490 0.29373 ( 2)
   6 G   0.69459 0.02681 0.26577 0.01283 ( 1)
   7 A   0.06964 0.44576 0.27137 0.21323 ( 2)
   8 A   0.50031 0.21289 0.18497 0.10183 ( 1)
   9 I   0.55934 0.16088 0.20282 0.07696 ( 1)
  10 A   0.10687 0.57737 0.03958 0.27618 ( 2)
  11 A   0.65477 0.04318 0.28140 0.02065 ( 1)
  12 A   0.04274 0.63013 0.02572 0.30142 ( 2)
  13 L   0.66712 0.06109 0.24256 0.02922 ( 1)
  14 T   0.29030 0.40016 0.11813 0.19141 ( 2)
  15 S   0.27477 0.41766 0.10778 0.19979 ( 2)
  16 I   0.27701 0.40602 0.12276 0.19422 ( 2)
  17 L   0.06673 0.61117 0.02976 0.29235 ( 2)
  18 F   0.52624 0.16963 0.22298 0.08114 ( 1)
  19 P   0.68674 0.00281 0.30910 0.00135 ( 1)
  20 S   0.18491 0.50428 0.06959 0.24122 ( 2)
  21 Q   0.20710 0.48662 0.07350 0.23277 ( 2)
  22 G   0.07307 0.54217 0.12542 0.25934 ( 2)
  23 P   0.00384 0.66524 0.01270 0.31821 ( 2)
  24 D   0.69216 0.02985 0.26371 0.01428 ( 1)
  25 V   0.68896 0.03850 0.25412 0.01842 ( 1)
  26 F   0.01605 0.66077 0.00710 0.31608 ( 2)
  27 N   0.07433 0.49733 0.19046 0.23789 ( 2)
  28 E   0.29273 0.39541 0.12273 0.18914 ( 2)
  29 L   0.71239 0.00888 0.27449 0.00425 ( 1)
  30 M   0.72070 0.00173 0.27674 0.00083 ( 1)
  31 G   0.06834 0.61366 0.02447 0.29354 ( 2)
  32 A   0.01238 0.66436 0.00547 0.31779 ( 2)
  33 T   0.23289 0.13939 0.56104 0.06668 ( 3)
  34 E   0.67584 0.03383 0.27415 0.01618 ( 1)
  35 N   0.03943 0.63029 0.02879 0.30149 ( 2)
  36 L   0.70613 0.00507 0.28638 0.00242 ( 1)
  37 L   0.21544 0.10733 0.62589 0.05134 ( 3)
  38 K   0.34734 0.24567 0.28948 0.11751 ( 1)
  39 R   0.29679 0.35046 0.18512 0.16764 ( 2)
  40 E   0.10252 0.56990 0.05497 0.27261 ( 2)
  41 I   0.33664 0.28857 0.23675 0.13804 ( 1)
  42 E   0.07579 0.55566 0.10274 0.26580 ( 2)
  43 T   0.02854 0.59171 0.09671 0.28304 ( 2)
  44 Y   0.68855 0.00246 0.30781 0.00118 ( 1)
  45 V   0.21442 0.36900 0.24007 0.17651 ( 2)
  46 R   0.71818 0.00054 0.28102 0.00026 ( 1)
  47 G   0.01352 0.66400 0.00486 0.31762 ( 2)
  48 R   0.71362 0.00479 0.27929 0.00229 ( 1)
  49 A   0.72679 0.00252 0.26949 0.00120 ( 1)
  50 A   0.02123 0.65694 0.00759 0.31424 ( 2)
  51 S   0.65985 0.03254 0.29204 0.01557 ( 1)
  52 E   0.70722 0.00189 0.28998 0.00091 ( 1)
  53 L   0.63412 0.07007 0.26229 0.03352 ( 1)
  54 L   0.01219 0.66450 0.00546 0.31786 ( 2)
  55 A   0.17633 0.50560 0.07621 0.24185 ( 2)
  56 L   0.69210 0.00552 0.29974 0.00264 ( 1)
  57 E   0.16103 0.50277 0.09571 0.24049 ( 2)
  58 D   0.01093 0.66595 0.00457 0.31855 ( 2)
  59 Q   0.51558 0.17544 0.22505 0.08392 ( 1)
  60 R   0.04281 0.63503 0.01840 0.30376 ( 2)
  61 A   0.00035 0.67563 0.00084 0.32318 ( 2)
  62 Y   0.01653 0.65756 0.01137 0.31454 ( 2)
  63 F   0.72439 0.00671 0.26569 0.00321 ( 1)
  64 K   0.72111 0.00856 0.26624 0.00409 ( 1)
  65 S   0.02063 0.65653 0.00879 0.31405 ( 2)
  66 A   0.22383 0.46171 0.09361 0.22085 ( 2)
  67 F   0.72856 0.00289 0.26717 0.00138 ( 1)
  68 D   0.73714 0.00340 0.25784 0.00162 ( 1)
  69 Y   0.61419 0.10156 0.23567 0.04858 ( 1)
  70 W   0.68223 0.00824 0.30559 0.00394 ( 1)
  71 R   0.00081 0.67548 0.00061 0.32311 ( 2)
  72 L   0.04871 0.62931 0.02095 0.30103 ( 2)
  73 H   0.13154 0.50586 0.12062 0.24198 ( 2)
  74 P   0.02412 0.58437 0.11198 0.27953 ( 2)
  75 T   0.00153 0.66867 0.00994 0.31986 ( 2)
  76 D   0.69347 0.04036 0.24685 0.01931 ( 1)
  77 G   0.00148 0.67503 0.00059 0.32290 ( 2)
  78 N   0.72283 0.01390 0.25663 0.00665 ( 1)
  79 A   0.69437 0.03256 0.25750 0.01557 ( 1)
  80 I   0.63233 0.08624 0.24018 0.04125 ( 1)
  81 A   0.50650 0.21100 0.18157 0.10093 ( 1)
  82 T   0.32599 0.36591 0.13307 0.17503 ( 2)
  83 V   0.72754 0.00283 0.26827 0.00135 ( 1)
  84 A   0.02700 0.65112 0.01042 0.31146 ( 2)
  85 A   0.00159 0.60069 0.11038 0.28734 ( 2)
  86 R   0.60819 0.08064 0.27260 0.03857 ( 1)
  87 F   0.73034 0.00116 0.26795 0.00055 ( 1)
  88 H   0.00031 0.67615 0.00012 0.32343 ( 2)
  89 T   0.70255 0.02406 0.26188 0.01151 ( 1)
  90 V   0.49795 0.14478 0.28801 0.06926 ( 1)
  91 N   0.21864 0.47320 0.08181 0.22635 ( 2)
  92 G   0.16518 0.52403 0.06012 0.25067 ( 2)
  93 A   0.59568 0.12694 0.21666 0.06072 ( 1)
  94 F   0.70388 0.00092 0.29476 0.00044 ( 1)
  95 V   0.70396 0.02474 0.25947 0.01183 ( 1)
  96 T   0.00342 0.67312 0.00148 0.32198 ( 2)
  97 A   0.72724 0.00213 0.26961 0.00102 ( 1)
  98 M   0.72045 0.00195 0.27666 0.00093 ( 1)
  99 R   0.24765 0.44574 0.09339 0.21322 ( 2)
 100 L   0.61482 0.07824 0.26951 0.03743 ( 1)
 101 F   0.73034 0.00116 0.26795 0.00055 ( 1)
 102 R   0.54667 0.16849 0.20424 0.08060 ( 1)
 103 P   0.05493 0.62569 0.02008 0.29929 ( 2)
 104 A   0.03973 0.50259 0.21727 0.24041 ( 2)
 105 G   0.70272 0.00163 0.29487 0.00078 ( 1)
 106 Y   0.67081 0.04845 0.25757 0.02318 ( 1)
 107 E   0.73151 0.00149 0.26630 0.00071 ( 1)
 108 A   0.18293 0.05465 0.73627 0.02614 ( 3)
 109 L   0.68836 0.02194 0.27921 0.01049 ( 1)
 110 L   0.67573 0.01382 0.30384 0.00661 ( 1)
 111 L   0.70733 0.00393 0.28686 0.00188 ( 1)
 112 P   0.48189 0.22126 0.19100 0.10584 ( 1)
 113 V   0.72698 0.00271 0.26901 0.00130 ( 1)
 114 Y   0.72148 0.00116 0.27681 0.00056 ( 1)
 115 A   0.22734 0.01674 0.74791 0.00801 ( 3)
 116 Q   0.69350 0.00255 0.30273 0.00122 ( 1)
 117 A   0.72689 0.00302 0.26864 0.00145 ( 1)
 118 A   0.71257 0.01562 0.26434 0.00747 ( 1)
 119 R   0.64801 0.06002 0.26326 0.02871 ( 1)
 120 L   0.08738 0.35302 0.39073 0.16887 ( 3)
 121 H   0.72853 0.00067 0.27048 0.00032 ( 1)
 122 L   0.69222 0.00541 0.29979 0.00259 ( 1)
 123 L   0.18195 0.08603 0.69086 0.04115 ( 3)
 124 H   0.69955 0.02754 0.25974 0.01317 ( 1)
 125 L   0.70675 0.00449 0.28662 0.00215 ( 1)
 126 R   0.71682 0.00180 0.28052 0.00086 ( 1)
 127 D   0.73364 0.00176 0.26375 0.00084 ( 1)
 128 G   0.71974 0.00648 0.27069 0.00310 ( 1)
 129 V   0.20897 0.47319 0.09149 0.22635 ( 2)
 130 L   0.16300 0.51814 0.07102 0.24785 ( 2)
 131 F   0.63670 0.05288 0.28512 0.02530 ( 1)
 132 A   0.66695 0.03117 0.28697 0.01491 ( 1)
 133 N   0.71355 0.02352 0.25169 0.01125 ( 1)
 134 E   0.66422 0.04483 0.26952 0.02144 ( 1)
 135 W   0.68223 0.00824 0.30559 0.00394 ( 1)
 136 G   0.22307 0.45935 0.09785 0.21973 ( 2)
 137 L   0.69186 0.01861 0.28064 0.00890 ( 1)
 138 A   0.63696 0.08632 0.23543 0.04129 ( 1)
 139 K   0.10774 0.57741 0.03865 0.27620 ( 2)
 140 P   0.69855 0.01866 0.27387 0.00892 ( 1)
 141 -   0.56471 0.15048 0.21284 0.07198 ( 1)
 142 -   0.14183 0.44115 0.20601 0.21102 ( 2)
 143 -   0.56853 0.14867 0.21169 0.07112 ( 1)
 144 -   0.15853 0.42277 0.21648 0.20223 ( 2)
 145 D   0.00823 0.65900 0.01755 0.31523 ( 2)
 146 P   0.52472 0.18722 0.19851 0.08956 ( 1)
 147 G   0.68994 0.03117 0.26398 0.01491 ( 1)
 148 D   0.09148 0.40798 0.30538 0.19515 ( 2)
 149 L   0.00069 0.67576 0.00031 0.32324 ( 2)
 150 H   0.68739 0.01034 0.29733 0.00495 ( 1)
 151 D   0.68911 0.03111 0.26490 0.01488 ( 1)
 152 Q   0.13324 0.55161 0.05129 0.26386 ( 2)
 153 E   0.64988 0.07658 0.23691 0.03663 ( 1)
 154 F   0.65957 0.06663 0.24193 0.03187 ( 1)
 155 N   0.41636 0.27720 0.17384 0.13260 ( 1)
 156 A   0.10514 0.57901 0.03888 0.27697 ( 2)
 157 K   0.03039 0.64799 0.01167 0.30996 ( 2)
 158 A   0.56637 0.14449 0.22002 0.06911 ( 1)
 159 A   0.68754 0.01638 0.28825 0.00783 ( 1)
 160 E   0.69660 0.01540 0.28064 0.00737 ( 1)
 161 Y   0.72151 0.00113 0.27682 0.00054 ( 1)
 162 A   0.52203 0.19236 0.19360 0.09201 ( 1)
 163 D   0.73988 0.00094 0.25873 0.00045 ( 1)
 164 Y   0.71342 0.01140 0.26973 0.00545 ( 1)
 165 C   0.71738 0.00058 0.28176 0.00028 ( 1)
 166 E   0.71791 0.01400 0.26139 0.00670 ( 1)
 167 L   0.08106 0.59933 0.03292 0.28669 ( 2)
 168 T   0.01585 0.66157 0.00611 0.31646 ( 2)
 169 Y   0.04966 0.59130 0.07619 0.28284 ( 2)
 170 N   0.09532 0.38029 0.34248 0.18191 ( 2)
 171 T   0.66697 0.06194 0.24146 0.02963 ( 1)
 172 E   0.39225 0.29567 0.17065 0.14143 ( 1)
 173 L   0.70213 0.00503 0.29043 0.00241 ( 1)
 174 N   0.03516 0.58239 0.10387 0.27858 ( 2)
 175 R   0.35093 0.33993 0.14654 0.16260 ( 1)
 176 I   0.71769 0.01209 0.26444 0.00578 ( 1)
 177 K   0.72941 0.00092 0.26924 0.00044 ( 1)
 178 T   0.59910 0.12654 0.21383 0.06053 ( 1)
 179 T   0.00474 0.55246 0.17853 0.26427 ( 2)
 180 S   0.00002 0.67640 0.00003 0.32355 ( 2)
 181 G   0.02753 0.13815 0.76825 0.06608 ( 3)
 182 K   0.72582 0.00417 0.26802 0.00199 ( 1)
 183 T   0.25671 0.43733 0.09677 0.20919 ( 2)
 184 W   0.68223 0.00824 0.30559 0.00394 ( 1)
 185 F   0.01021 0.66688 0.00391 0.31900 ( 2)
 186 D   0.69856 0.00799 0.28963 0.00382 ( 1)
 187 Y   0.68855 0.00246 0.30781 0.00118 ( 1)
 188 N   0.72808 0.00485 0.26476 0.00232 ( 1)
 189 Q   0.68989 0.01221 0.29206 0.00584 ( 1)
 190 Y   0.69803 0.02301 0.26795 0.01101 ( 1)
 191 R   0.70812 0.00284 0.28768 0.00136 ( 1)
 192 R   0.69720 0.00350 0.29763 0.00168 ( 1)
 193 L   0.00527 0.66955 0.00491 0.32027 ( 2)
 194 M   0.72236 0.00018 0.27738 0.00008 ( 1)
 195 T   0.67445 0.01609 0.30177 0.00770 ( 1)
 196 F   0.15786 0.52640 0.06395 0.25180 ( 2)
 197 A   0.37188 0.31347 0.16471 0.14995 ( 1)
 198 V   0.72758 0.00280 0.26828 0.00134 ( 1)
 199 L   0.13299 0.24420 0.50600 0.11681 ( 3)
 200 D   0.73988 0.00094 0.25873 0.00045 ( 1)
 201 V   0.53166 0.18465 0.19536 0.08833 ( 1)
 202 V   0.67250 0.05358 0.24829 0.02563 ( 1)
 203 A   0.72808 0.00197 0.26901 0.00094 ( 1)
 204 K   0.41793 0.28893 0.15494 0.13821 ( 1)
 205 F   0.73107 0.00060 0.26804 0.00029 ( 1)
 206 S   0.70062 0.01066 0.28362 0.00510 ( 1)
 207 I   0.49878 0.17765 0.23859 0.08498 ( 1)


lnL = -3072.479246

