Supplemental results for CODEML (seqf: algn  treef: tree)


dN/dS (w) for site classes (K=4)

site class             0        1       2a       2b
proportion       0.26390  0.21649  0.28545  0.23416
background w     0.03375  0.41686  0.03375  0.41686
foreground w     0.03375  0.41686 25.38376 25.38376

Naive Empirical Bayes (NEB) probabilities for 4 classes
(amino acids refer to 1st sequence: BT_Cry8Ba1)

   1 P   0.32396 0.15643 0.35040 0.16920 ( 3)
   2 F   0.34125 0.13915 0.36910 0.15051 ( 3)
   3 V   0.28284 0.19756 0.30592 0.21368 ( 3)
   4 G   0.43759 0.04281 0.47330 0.04630 ( 3)
   5 P   0.01041 0.46998 0.01126 0.50834 ( 4)
   6 I   0.45532 0.02507 0.49249 0.02712 ( 3)
   7 V   0.22289 0.25750 0.24109 0.27852 ( 4)
   8 S   0.16004 0.32036 0.17310 0.34650 ( 4)
   9 L   0.42658 0.05381 0.46140 0.05821 ( 3)
  10 Y   0.26753 0.21286 0.28937 0.23024 ( 3)
  11 T   0.16961 0.31078 0.18346 0.33615 ( 4)
  12 Q   0.00112 0.47927 0.00122 0.51839 ( 4)
  13 L   0.22142 0.25897 0.23949 0.28011 ( 4)
  14 I   0.22717 0.25322 0.24571 0.27389 ( 4)
  15 D   0.02500 0.45539 0.02704 0.49256 ( 4)
  16 I   0.02959 0.45081 0.03200 0.48760 ( 4)
  17 L   0.40708 0.07331 0.44031 0.07930 ( 3)
  18 W   0.38504 0.09536 0.41647 0.10314 ( 3)
  19 P   0.44535 0.03504 0.48170 0.03790 ( 3)
  20 S   0.00031 0.48009 0.00033 0.51927 ( 4)
  21 K   0.00867 0.47172 0.00938 0.51023 ( 4)
  22 Q   0.42877 0.05162 0.46377 0.05583 ( 3)
  23 K   0.27622 0.20417 0.29877 0.22084 ( 3)
  24 S   0.08366 0.39674 0.09049 0.42912 ( 4)
  25 Q   0.16323 0.31716 0.17656 0.34305 ( 4)
  26 W   0.38504 0.09536 0.41647 0.10314 ( 3)
  27 E   0.45865 0.02174 0.49608 0.02352 ( 3)
  28 I   0.03179 0.44861 0.03438 0.48522 ( 4)
  29 F   0.46207 0.01832 0.49979 0.01982 ( 3)
  30 M   0.46737 0.01302 0.50552 0.01409 ( 3)
  31 E   0.10332 0.37708 0.11175 0.40786 ( 4)
  32 Q   0.25301 0.22739 0.27366 0.24595 ( 3)
  33 V   0.45234 0.02806 0.48925 0.03035 ( 3)
  34 E   0.45702 0.02337 0.49432 0.02528 ( 3)
  35 E   0.04690 0.43336 0.05075 0.46899 ( 4)
  36 L   0.40617 0.07422 0.43932 0.08028 ( 3)
  37 I   0.45371 0.02669 0.49074 0.02887 ( 3)
  38 N   0.46466 0.01574 0.50258 0.01702 ( 3)
  39 Q   0.25569 0.22471 0.27656 0.24305 ( 3)
  40 K   0.34563 0.13476 0.37384 0.14576 ( 3)
  41 I   0.46045 0.01994 0.49803 0.02157 ( 3)
  42 A   0.30921 0.17118 0.33445 0.18515 ( 3)
  43 E   0.45865 0.02174 0.49608 0.02352 ( 3)
  44 Y   0.01140 0.46900 0.01233 0.50728 ( 4)
  45 A   0.30461 0.17578 0.32947 0.19013 ( 3)
  46 R   0.02174 0.45865 0.02352 0.49609 ( 4)
  47 N   0.00710 0.47329 0.00768 0.51192 ( 4)
  48 K   0.44929 0.03111 0.48596 0.03364 ( 3)
  49 A   0.45134 0.02905 0.48818 0.03143 ( 3)
  50 L   0.17606 0.30433 0.19043 0.32917 ( 4)
  51 S   0.16688 0.31351 0.18050 0.33910 ( 4)
  52 E   0.45865 0.02174 0.49608 0.02352 ( 3)
  53 L   0.42331 0.05708 0.45787 0.06174 ( 3)
  54 E   0.45283 0.02757 0.48979 0.02982 ( 3)
  55 G   0.43416 0.04624 0.46959 0.05001 ( 3)
  56 L   0.42783 0.05256 0.46275 0.05686 ( 3)
  57 G   0.18421 0.29619 0.19924 0.32036 ( 4)
  58 N   0.46133 0.01906 0.49899 0.02062 ( 3)
  59 N   0.03713 0.44327 0.04016 0.47945 ( 4)
  60 Y   0.01797 0.46243 0.01943 0.50017 ( 4)
  61 Q   0.03275 0.44764 0.03543 0.48418 ( 4)
  62 L   0.00165 0.47875 0.00178 0.51782 ( 4)
  63 Y   0.44886 0.03153 0.48550 0.03410 ( 3)
  64 L   0.03470 0.44569 0.03753 0.48207 ( 4)
  65 T   0.22034 0.26005 0.23833 0.28128 ( 4)
  66 A   0.45342 0.02697 0.49043 0.02918 ( 3)
  67 L   0.43267 0.04772 0.46799 0.05161 ( 3)
  68 E   0.45865 0.02174 0.49608 0.02352 ( 3)
  69 E   0.25995 0.22044 0.28117 0.23844 ( 3)
  70 W   0.38504 0.09536 0.41647 0.10314 ( 3)
  71 K   0.20310 0.27729 0.21968 0.29993 ( 4)
  72 E   0.00926 0.47114 0.01001 0.50959 ( 4)
  73 N   0.46466 0.01574 0.50258 0.01702 ( 3)
  74 P   0.19215 0.28824 0.20783 0.31177 ( 4)
  75 N   0.30851 0.17189 0.33369 0.18592 ( 3)
  76 G   0.02505 0.45534 0.02710 0.49251 ( 4)
  77 S   0.03353 0.44687 0.03627 0.48334 ( 4)
  78 R   0.08859 0.39180 0.09582 0.42378 ( 4)
  79 A   0.00139 0.47900 0.00150 0.51810 ( 4)
  80 L   0.15799 0.32241 0.17088 0.34872 ( 4)
  81 R   0.11196 0.36843 0.12110 0.39851 ( 4)
  82 D   0.02681 0.45359 0.02899 0.49061 ( 4)
  83 V   0.44603 0.03436 0.48244 0.03717 ( 3)
  84 R   0.00107 0.47932 0.00116 0.51844 ( 4)
  85 N   0.10735 0.37305 0.11611 0.40349 ( 4)
  86 R   0.43459 0.04580 0.47006 0.04954 ( 3)
  87 F   0.46207 0.01832 0.49979 0.01982 ( 3)
  88 E   0.24681 0.23358 0.26696 0.25265 ( 3)
  89 I   0.02199 0.45841 0.02378 0.49582 ( 4)
  90 L   0.02935 0.45104 0.03175 0.48786 ( 4)
  91 D   0.34569 0.13471 0.37390 0.14570 ( 3)
  92 S   0.32396 0.15643 0.35040 0.16920 ( 3)
  93 L   0.42886 0.05153 0.46387 0.05574 ( 3)
  94 F   0.46207 0.01832 0.49979 0.01982 ( 3)
  95 T   0.18976 0.29063 0.20525 0.31435 ( 4)
  96 Q   0.02017 0.46022 0.02182 0.49778 ( 4)
  97 Y   0.01851 0.46188 0.02002 0.49958 ( 4)
  98 M   0.46737 0.01302 0.50552 0.01409 ( 3)
  99 P   0.44362 0.03677 0.47983 0.03977 ( 3)
 100 S   0.44547 0.03492 0.48183 0.03777 ( 3)
 101 F   0.46207 0.01832 0.49979 0.01982 ( 3)
 102 R   0.41963 0.06076 0.45388 0.06572 ( 3)
 103 V   0.03110 0.44929 0.03364 0.48597 ( 4)
 104 T   0.00586 0.47453 0.00634 0.51327 ( 4)
 105 N   0.03560 0.44479 0.03851 0.48110 ( 4)
 106 F   0.19961 0.28079 0.21590 0.30371 ( 4)
 107 E   0.45865 0.02174 0.49608 0.02352 ( 3)
 108 V   0.25648 0.22392 0.27741 0.24219 ( 3)
 109 P   0.45280 0.02760 0.48976 0.02985 ( 3)
 110 F   0.15786 0.32254 0.17074 0.34887 ( 4)
 111 L   0.42573 0.05466 0.46048 0.05912 ( 3)
 112 T   0.29225 0.18815 0.31610 0.20350 ( 3)
 113 V   0.45234 0.02806 0.48925 0.03035 ( 3)
 114 Y   0.44886 0.03153 0.48550 0.03410 ( 3)
 115 T   0.23008 0.25031 0.24886 0.27074 ( 4)
 116 M   0.01781 0.46259 0.01926 0.50035 ( 4)
 117 A   0.44944 0.03095 0.48613 0.03348 ( 3)
 118 A   0.45532 0.02508 0.49248 0.02712 ( 3)
 119 N   0.43334 0.04706 0.46871 0.05090 ( 3)
 120 L   0.44321 0.03718 0.47939 0.04022 ( 3)
 121 H   0.45289 0.02750 0.48986 0.02975 ( 3)
 122 L   0.42886 0.05153 0.46387 0.05574 ( 3)
 123 L   0.21966 0.26073 0.23759 0.28201 ( 4)
 124 L   0.42886 0.05153 0.46387 0.05574 ( 3)
 125 L   0.42886 0.05153 0.46387 0.05574 ( 3)
 126 R   0.20157 0.27882 0.21802 0.30158 ( 4)
 127 D   0.28652 0.19388 0.30991 0.20970 ( 3)
 128 A   0.45417 0.02623 0.49124 0.02837 ( 3)
 129 S   0.01578 0.46462 0.01707 0.50254 ( 4)
 130 I   0.03020 0.45019 0.03267 0.48694 ( 4)
 131 F   0.46207 0.01832 0.49979 0.01982 ( 3)
 132 G   0.45048 0.02991 0.48725 0.03235 ( 3)
 133 E   0.28272 0.19768 0.30579 0.21381 ( 3)
 134 E   0.45865 0.02174 0.49608 0.02352 ( 3)
 135 W   0.38504 0.09536 0.41647 0.10314 ( 3)
 136 G   0.45323 0.02716 0.49023 0.02938 ( 3)
 137 L   0.01687 0.46352 0.01825 0.50135 ( 4)
 138 S   0.00131 0.47908 0.00142 0.51818 ( 4)
 139 T   0.00019 0.48020 0.00021 0.51940 ( 4)
 140 S   0.00155 0.47885 0.00167 0.51793 ( 4)
 141 T   0.00118 0.47922 0.00127 0.51833 ( 4)
 142 I   0.26621 0.21419 0.28793 0.23167 ( 3)
 143 N   0.34020 0.14019 0.36797 0.15164 ( 3)
 144 N   0.00048 0.47991 0.00052 0.51909 ( 4)
 145 Y   0.23622 0.24418 0.25550 0.26411 ( 4)
 146 Y   0.43738 0.04302 0.47308 0.04653 ( 3)
 147 N   0.31981 0.16058 0.34592 0.17369 ( 3)
 148 R   0.02075 0.45965 0.02244 0.49717 ( 4)
 149 Q   0.44968 0.03072 0.48638 0.03322 ( 3)
 150 M   0.25438 0.22602 0.27514 0.24446 ( 3)
 151 K   0.00299 0.47740 0.00324 0.51637 ( 4)
 152 L   0.02448 0.45592 0.02647 0.49313 ( 4)
 153 T   0.00470 0.47569 0.00509 0.51452 ( 4)
 154 A   0.25317 0.22723 0.27383 0.24577 ( 3)
 155 E   0.27320 0.20719 0.29550 0.22410 ( 3)
 156 Y   0.44886 0.03153 0.48550 0.03410 ( 3)
 157 S   0.21963 0.26077 0.23755 0.28205 ( 4)
 158 D   0.45978 0.02062 0.49730 0.02230 ( 3)
 159 H   0.43678 0.04361 0.47243 0.04717 ( 3)
 160 C   0.45312 0.02727 0.49011 0.02950 ( 3)
 161 V   0.44815 0.03225 0.48473 0.03488 ( 3)
 162 K   0.26724 0.21315 0.28905 0.23055 ( 3)
 163 W   0.38504 0.09536 0.41647 0.10314 ( 3)
 164 Y   0.44886 0.03153 0.48550 0.03410 ( 3)
 165 E   0.00028 0.47997 0.00031 0.51943 ( 4)
 166 T   0.02833 0.45207 0.03064 0.48897 ( 4)
 167 G   0.44495 0.03544 0.48127 0.03834 ( 3)
 168 L   0.42886 0.05153 0.46387 0.05574 ( 3)
 169 A   0.03426 0.44613 0.03706 0.48254 ( 4)
 170 K   0.01591 0.46449 0.01720 0.50240 ( 4)
 171 L   0.42464 0.05576 0.45930 0.06031 ( 3)
 172 K   0.45722 0.02317 0.49454 0.02507 ( 3)
 173 -   0.26537 0.21502 0.28703 0.23257 ( 3)
 174 -   0.26515 0.21525 0.28679 0.23282 ( 3)
 175 -   0.26505 0.21534 0.28669 0.23292 ( 3)
 176 G   0.44794 0.03245 0.48450 0.03510 ( 3)
 177 S   0.01955 0.46085 0.02114 0.49846 ( 4)
 178 S   0.04679 0.43361 0.05060 0.46900 ( 4)
 179 A   0.22186 0.25854 0.23997 0.27964 ( 4)
 180 K   0.45722 0.02317 0.49454 0.02507 ( 3)
 181 Q   0.03100 0.44940 0.03353 0.48607 ( 4)
 182 W   0.38504 0.09536 0.41647 0.10314 ( 3)
 183 I   0.02164 0.45876 0.02340 0.49620 ( 4)
 184 D   0.00191 0.47848 0.00207 0.51754 ( 4)
 185 Y   0.44886 0.03153 0.48550 0.03410 ( 3)
 186 N   0.23746 0.24293 0.25684 0.26276 ( 4)
 187 Q   0.16025 0.32015 0.17333 0.34628 ( 4)
 188 F   0.43989 0.04050 0.47579 0.04381 ( 3)
 189 R   0.38291 0.09748 0.41416 0.10544 ( 3)
 190 R   0.45881 0.02159 0.49626 0.02335 ( 3)
 191 E   0.45865 0.02174 0.49608 0.02352 ( 3)
 192 M   0.46737 0.01302 0.50552 0.01409 ( 3)
 193 T   0.45301 0.02738 0.48999 0.02962 ( 3)
 194 L   0.13635 0.34404 0.14748 0.37212 ( 4)
 195 T   0.02756 0.45283 0.02981 0.48979 ( 4)
 196 V   0.42439 0.05601 0.45903 0.06058 ( 3)
 197 L   0.42886 0.05153 0.46387 0.05574 ( 3)
 198 D   0.46377 0.01663 0.50162 0.01798 ( 3)
 199 V   0.02223 0.45816 0.02405 0.49556 ( 4)
 200 V   0.02079 0.45960 0.02249 0.49711 ( 4)
 201 A   0.03801 0.44239 0.04111 0.47850 ( 4)
 202 L   0.42886 0.05153 0.46387 0.05574 ( 3)
 203 F   0.46207 0.01832 0.49979 0.01982 ( 3)
 204 S   0.03350 0.44689 0.03624 0.48337 ( 4)
 205 N   0.00009 0.48031 0.00009 0.51951 ( 4)


lnL = -1980.349755

