Supplemental results for CODEML (seqf: algn  treef: tree)


dN/dS (w) for site classes (K=4)

site class             0        1       2a       2b
proportion       0.21478  0.28122  0.21824  0.28575
background w     0.02509  0.38471  0.02509  0.38471
foreground w     0.02509  0.38471 999.00000 999.00000

Naive Empirical Bayes (NEB) probabilities for 4 classes
(amino acids refer to 1st sequence: BT_Cry52Ca1)

   1 Q   0.01193 0.37689 0.22651 0.38468 ( 4)
   2 V   0.88451 0.00729 0.10119 0.00700 ( 1)
   3 K   0.44285 0.03103 0.49850 0.02762 ( 3)
   4 S   0.03298 0.39315 0.18152 0.39234 ( 2)
   5 E   0.08784 0.29742 0.30108 0.31365 ( 4)
   6 -   0.21216 0.35812 0.08422 0.34551 ( 2)
   7 -   0.19383 0.29188 0.22136 0.29293 ( 4)
   8 -   0.11575 0.41461 0.05059 0.41904 ( 4)
   9 -   0.77860 0.03711 0.14765 0.03664 ( 1)
  10 L   0.20984 0.27583 0.21750 0.29684 ( 4)
  11 T   0.86777 0.00563 0.12096 0.00564 ( 1)
  12 R   0.94921 0.00104 0.04877 0.00099 ( 1)
  13 E   0.20662 0.25629 0.27760 0.25949 ( 3)
  14 I   0.38944 0.10323 0.40402 0.10331 ( 3)
  15 Y   0.20438 0.02227 0.75061 0.02274 ( 3)
  16 S   0.02179 0.40368 0.12204 0.45250 ( 4)
  17 D   0.01672 0.06394 0.85270 0.06664 ( 3)
  18 V   0.85835 0.00757 0.12649 0.00759 ( 1)
  19 V   0.09098 0.43839 0.03360 0.43704 ( 2)
  20 N   0.06695 0.02473 0.88224 0.02608 ( 3)
  21 A   0.34087 0.17081 0.31552 0.17280 ( 1)
  22 D   0.01113 0.47315 0.03736 0.47837 ( 4)
  23 V   0.00391 0.28991 0.38574 0.32044 ( 3)
  24 F   0.08106 0.41494 0.08237 0.42163 ( 4)
  25 G   0.06095 0.43505 0.06193 0.44206 ( 4)
  26 T   0.00621 0.48979 0.00631 0.49768 ( 4)
  27 I   0.25665 0.23935 0.26079 0.24321 ( 3)
  28 Y   0.27001 0.22600 0.27436 0.22964 ( 3)
  29 T   0.03330 0.46270 0.03384 0.47016 ( 4)
  30 D   0.28857 0.20743 0.29322 0.21077 ( 3)
  31 N   0.00764 0.48836 0.00777 0.49623 ( 4)
  32 N   0.00347 0.49254 0.00352 0.50047 ( 4)
  33 R   0.32683 0.16918 0.33209 0.17190 ( 3)
  34 N   0.43001 0.06599 0.43694 0.06705 ( 3)
  35 E   0.00102 0.43464 0.08761 0.47673 ( 4)
  36 E   0.22240 0.35635 0.06030 0.36095 ( 4)
  37 L   0.02909 0.45188 0.04868 0.47035 ( 4)
  38 Y   0.15701 0.05997 0.72015 0.06287 ( 3)
  39 T   0.27542 0.34808 0.05879 0.31770 ( 2)
  40 R   0.92174 0.00490 0.06869 0.00468 ( 1)
  41 P   0.11208 0.40959 0.07008 0.40824 ( 2)
  42 P   0.28745 0.20855 0.29208 0.21191 ( 3)
  43 H   0.27755 0.21845 0.28202 0.22197 ( 3)
  44 L   0.23935 0.25666 0.24320 0.26079 ( 4)
  45 F   0.22853 0.26748 0.23221 0.27178 ( 4)
  46 T   0.27829 0.21771 0.28278 0.22122 ( 3)
  47 W   0.22219 0.27381 0.22577 0.27822 ( 4)
  48 L   0.23935 0.25666 0.24320 0.26079 ( 4)
  49 R   0.22458 0.27142 0.22820 0.27579 ( 4)
  50 G   0.40569 0.09032 0.41222 0.09177 ( 3)
  51 F   0.02547 0.03900 0.89390 0.04163 ( 3)
  52 R   0.65783 0.01702 0.30829 0.01687 ( 1)
  53 F   0.09544 0.37619 0.13448 0.39389 ( 4)
  54 V   0.00240 0.48554 0.00777 0.50430 ( 4)
  55 T   0.56006 0.01658 0.40705 0.01630 ( 1)
  56 N   0.03687 0.04415 0.87416 0.04482 ( 3)
  57 S   0.27612 0.17047 0.38009 0.17332 ( 3)
  58 I   0.05028 0.03929 0.87040 0.04003 ( 3)
  59 S   0.72905 0.08083 0.11461 0.07551 ( 1)
  60 S   0.50732 0.19408 0.10596 0.19264 ( 1)
  61 G   0.82308 0.00904 0.15890 0.00898 ( 1)
  62 S   0.05274 0.45514 0.03902 0.45310 ( 2)
  63 R   0.17426 0.29965 0.22297 0.30313 ( 4)
  64 T   0.09586 0.36186 0.18456 0.35773 ( 2)
  65 W   0.30815 0.15150 0.38927 0.15107 ( 3)
  66 T   0.88447 0.00740 0.10097 0.00716 ( 1)
  67 F   0.18326 0.01703 0.78242 0.01729 ( 3)
  68 L   0.01843 0.06010 0.85740 0.06407 ( 3)
  69 A   0.07252 0.44581 0.03995 0.44171 ( 2)
  70 G   0.00351 0.26658 0.43593 0.29397 ( 3)
  71 N   0.05346 0.27481 0.38956 0.28217 ( 3)
  72 Q   0.97663 0.00014 0.02316 0.00008 ( 1)
  73 -   0.25381 0.05370 0.63737 0.05512 ( 3)
  74 -   0.39193 0.32019 0.04124 0.24664 ( 1)
  75 -   0.00461 0.46576 0.04832 0.48131 ( 4)
  76 -   0.35422 0.17973 0.29865 0.16741 ( 1)
  77 -   0.00913 0.48344 0.02097 0.48646 ( 4)
  78 -   0.23782 0.15558 0.44956 0.15704 ( 3)
  79 N   0.00931 0.46746 0.03255 0.49068 ( 4)
  80 K   0.81883 0.03713 0.10945 0.03458 ( 1)
  81 Y   0.13747 0.36619 0.12776 0.36857 ( 4)
  82 S   0.00829 0.49679 0.00658 0.48834 ( 2)
  83 Y   0.01270 0.48977 0.00771 0.48982 ( 4)
  84 T   0.04644 0.25699 0.42569 0.27088 ( 3)
  85 R   0.00075 0.50036 0.00041 0.49848 ( 2)
  86 D   0.00029 0.50075 0.00008 0.49888 ( 2)
  87 N   0.30122 0.19478 0.30608 0.19792 ( 3)
  88 R   0.00003 0.49598 0.00003 0.50397 ( 4)
  89 I   0.40292 0.09309 0.40941 0.09459 ( 3)
  90 I   0.06050 0.43551 0.06147 0.44252 ( 4)
  91 Y   0.00014 0.49586 0.00014 0.50385 ( 4)
  92 G   0.18530 0.31071 0.18828 0.31571 ( 4)
  93 P   0.05003 0.44597 0.05084 0.45316 ( 4)
  94 F   0.31543 0.23334 0.21789 0.23335 ( 1)
  95 Y   0.00340 0.49681 0.00133 0.49846 ( 4)
  96 G   0.91457 0.02210 0.04264 0.02070 ( 1)
  97 Q   0.00301 0.49220 0.00344 0.50135 ( 4)
  98 D   0.01617 0.32646 0.30443 0.35293 ( 4)
  99 T   0.00538 0.37423 0.22962 0.39078 ( 4)
 100 N   0.62606 0.06923 0.23500 0.06971 ( 1)
 101 Y   0.35886 0.01362 0.61390 0.01362 ( 3)
 102 G   0.00613 0.42516 0.11831 0.45039 ( 4)
 103 G   0.10190 0.42974 0.03724 0.43112 ( 4)
 104 T   0.01709 0.43631 0.07538 0.47122 ( 4)
 105 S   0.06266 0.45253 0.03098 0.45382 ( 4)
 106 S   0.00825 0.49689 0.00270 0.49216 ( 2)
 107 D   0.03610 0.44353 0.06629 0.45408 ( 4)
 108 T   0.00015 0.48766 0.00063 0.51156 ( 4)
 109 D   0.09989 0.20191 0.49018 0.20803 ( 3)
 110 F   0.00000 0.49553 0.00000 0.50446 ( 4)
 111 A   0.00197 0.48370 0.02338 0.49095 ( 4)
 112 E   0.15218 0.41166 0.03381 0.40234 ( 2)
 113 D   0.00034 0.46136 0.00056 0.53774 ( 4)
 114 S   0.00062 0.49539 0.00063 0.50337 ( 4)
 115 Y   0.48030 0.01571 0.48803 0.01596 ( 3)
 116 V   0.00053 0.49548 0.00054 0.50346 ( 4)
 117 Y   0.32646 0.16955 0.33171 0.17228 ( 3)
 118 N   0.34709 0.14891 0.35269 0.15131 ( 3)
 119 L   0.30156 0.19444 0.30642 0.19757 ( 3)
 120 -   0.28097 0.21504 0.28549 0.21850 ( 3)
 121 -   0.25847 0.23753 0.26263 0.24136 ( 3)
 122 -   0.04461 0.45140 0.04532 0.45867 ( 4)
 123 W   0.00011 0.37916 0.16953 0.45119 ( 4)
 124 T   0.00244 0.49831 0.00854 0.49071 ( 2)
 125 K   0.39228 0.19657 0.21774 0.19342 ( 1)
 126 N   0.00071 0.47888 0.01300 0.50741 ( 4)
 127 Y   0.07556 0.41606 0.07933 0.42906 ( 4)
 128 E   0.00232 0.48518 0.02411 0.48839 ( 4)
 129 F   0.01229 0.46580 0.03716 0.48475 ( 4)
 130 I   0.87066 0.00977 0.10996 0.00961 ( 1)
 131 S   0.02553 0.44250 0.08262 0.44935 ( 4)
 132 P   0.05291 0.25233 0.44402 0.25075 ( 3)
 133 Y   0.07811 0.43299 0.05591 0.43300 ( 4)
 134 T   0.37344 0.03434 0.55756 0.03467 ( 3)
 135 D   0.07102 0.15745 0.60651 0.16502 ( 3)
 136 P   0.36074 0.21801 0.20200 0.21925 ( 1)
 137 V   0.10540 0.37403 0.15093 0.36963 ( 2)
 138 N   0.83479 0.01015 0.14500 0.01006 ( 1)
 139 I   0.00054 0.48911 0.00966 0.50069 ( 4)
 140 T   0.09771 0.43022 0.04068 0.43139 ( 4)
 141 -   0.06467 0.05311 0.82784 0.05437 ( 3)
 142 -   0.00760 0.49194 0.00604 0.49441 ( 4)
 143 -   0.08593 0.26023 0.38559 0.26824 ( 3)
 144 -   0.04880 0.35983 0.21357 0.37779 ( 4)
 145 -   0.00005 0.48268 0.00114 0.51613 ( 4)
 146 -   0.05208 0.44392 0.05292 0.45107 ( 4)
 147 -   0.26745 0.22856 0.27176 0.23224 ( 3)
 148 -   0.30990 0.18610 0.31489 0.18910 ( 3)
 149 -   0.03488 0.46113 0.03544 0.46856 ( 4)
 150 K   0.00702 0.48899 0.00713 0.49686 ( 4)
 151 I   0.05563 0.44037 0.05653 0.44747 ( 4)
 152 N   0.48328 0.01273 0.49106 0.01293 ( 3)
 153 F   0.00191 0.49839 0.00234 0.49736 ( 2)
 154 S   0.10789 0.37259 0.14213 0.37739 ( 4)
 155 V   0.00001 0.50156 0.00000 0.49843 ( 2)
 156 T   0.90278 0.00972 0.07978 0.00771 ( 1)
 157 N   0.00007 0.49630 0.00015 0.50348 ( 4)
 158 N   0.50637 0.01471 0.46424 0.01467 ( 1)
 159 N   0.47100 0.03489 0.45952 0.03459 ( 1)
 160 S   0.00338 0.48823 0.01207 0.49631 ( 4)
 161 S   0.00001 0.50214 0.00010 0.49775 ( 2)
 162 K   0.00000 0.49786 0.00000 0.50214 ( 4)
 163 D   0.00001 0.49149 0.00018 0.50832 ( 4)
 164 E   0.00023 0.50163 0.00008 0.49806 ( 2)
 165 T   0.00340 0.50125 0.00650 0.48885 ( 2)
 166 Y   0.00021 0.49259 0.00300 0.50420 ( 4)
 167 G   0.70093 0.11232 0.07590 0.11085 ( 1)
 168 G   0.35766 0.07017 0.50063 0.07153 ( 3)
 169 E   0.00079 0.46354 0.03972 0.49595 ( 4)
 170 R   0.00356 0.26292 0.44114 0.29238 ( 3)
 171 -   0.23126 0.26475 0.23498 0.26901 ( 4)
 172 -   0.22243 0.27357 0.22601 0.27798 ( 4)
 173 -   0.22839 0.26762 0.23207 0.27193 ( 4)
 174 -   0.37638 0.22229 0.17907 0.22226 ( 1)
 175 -   0.82735 0.06476 0.04730 0.06059 ( 1)
 176 -   0.02744 0.33530 0.29413 0.34313 ( 4)
 177 -   0.02784 0.32184 0.31098 0.33934 ( 4)
 178 -   0.05159 0.32496 0.29069 0.33276 ( 4)
 179 -   0.04107 0.33019 0.29851 0.33023 ( 4)
 180 -   0.11161 0.30667 0.27240 0.30932 ( 4)
 181 -   0.28924 0.25226 0.20624 0.25226 ( 1)
 182 -   0.25347 0.26308 0.21889 0.26457 ( 4)
 183 -   0.10600 0.31357 0.26432 0.31612 ( 4)
 184 -   0.80664 0.07049 0.05509 0.06777 ( 1)
 185 -   0.00488 0.30324 0.31043 0.38145 ( 4)
 186 -   0.13546 0.30924 0.24389 0.31141 ( 4)
 187 -   0.01236 0.34085 0.28716 0.35964 ( 4)
 188 -   0.19549 0.28002 0.24135 0.28314 ( 4)
 189 -   0.00120 0.47296 0.02722 0.49862 ( 4)
 190 -   0.21478 0.28122 0.21824 0.28575 ( 4)
 191 -   0.28847 0.24355 0.22384 0.24414 ( 1)
 192 -   0.70468 0.10598 0.08441 0.10493 ( 1)
 193 -   0.68163 0.11558 0.08900 0.11380 ( 1)
 194 -   0.02590 0.33647 0.28895 0.34867 ( 4)
 195 -   0.17035 0.29540 0.23834 0.29591 ( 4)
 196 -   0.00260 0.48033 0.02513 0.49194 ( 4)
 197 N   0.03708 0.04058 0.88124 0.04111 ( 3)
 198 L   0.00894 0.44668 0.09242 0.45196 ( 4)
 199 P   0.23494 0.31436 0.13448 0.31622 ( 4)
 200 T   0.19323 0.02447 0.75875 0.02355 ( 3)
 201 V   0.01234 0.46176 0.04541 0.48050 ( 4)
 202 Q   0.30581 0.26129 0.17394 0.25896 ( 1)
 203 T   0.55856 0.03387 0.37602 0.03155 ( 1)
 204 N   0.84809 0.03901 0.07641 0.03648 ( 1)
 205 F   0.85251 0.00748 0.13252 0.00749 ( 1)
 206 D   0.02208 0.02198 0.93196 0.02398 ( 3)
 207 F   0.11089 0.24882 0.38350 0.25679 ( 3)
 208 L   0.85255 0.00968 0.12814 0.00962 ( 1)
 209 T   0.06328 0.28266 0.36649 0.28757 ( 3)
 210 N   0.09936 0.45708 0.01586 0.42769 ( 2)
 211 K   0.13700 0.33407 0.20159 0.32734 ( 2)
 212 V   0.00063 0.49501 0.00245 0.50190 ( 4)
 213 G   0.01409 0.48104 0.03985 0.46502 ( 2)
 214 N   0.00237 0.49348 0.00602 0.49813 ( 4)
 215 G   0.02969 0.41610 0.12841 0.42580 ( 4)
 216 S   0.02047 0.35393 0.25979 0.36581 ( 4)
 217 P   0.22694 0.26906 0.23060 0.27340 ( 4)
 218 T   0.00519 0.49082 0.00527 0.49873 ( 4)
 219 Y   0.37789 0.11811 0.38398 0.12001 ( 3)
 220 N   0.27959 0.21642 0.28409 0.21990 ( 3)
 221 N   0.07410 0.42191 0.07529 0.42870 ( 4)
 222 Y   0.11263 0.38337 0.11445 0.38955 ( 4)
 223 -   0.47384 0.02216 0.48147 0.02252 ( 3)
 224 -   0.24480 0.25120 0.24875 0.25525 ( 4)
 225 -   0.00922 0.48678 0.00937 0.49463 ( 4)
 226 -   0.46411 0.03189 0.47159 0.03240 ( 3)
 227 -   0.46448 0.03153 0.47196 0.03204 ( 3)
 228 N   0.02321 0.37786 0.20798 0.39096 ( 4)
 229 H   0.67215 0.00697 0.31400 0.00688 ( 1)
 230 I   0.15616 0.38529 0.07261 0.38594 ( 4)
 231 L   0.30045 0.12262 0.45363 0.12329 ( 3)
 232 S   0.07821 0.42160 0.07503 0.42515 ( 4)
 233 Y   0.10880 0.08474 0.72268 0.08378 ( 3)
 234 M   0.03507 0.03655 0.89127 0.03711 ( 3)
 235 L   0.07221 0.21444 0.49527 0.21808 ( 3)
 236 T   0.01328 0.49157 0.00670 0.48846 ( 2)
 237 N   0.01013 0.12517 0.72862 0.13608 ( 3)
 238 G   0.05016 0.03219 0.88474 0.03292 ( 3)
 239 T   0.20747 0.35562 0.07718 0.35973 ( 4)
 240 F   0.08715 0.45883 0.00783 0.44620 ( 2)
 241 S   0.01145 0.48831 0.01277 0.48747 ( 2)
 242 Q   0.00324 0.45780 0.06440 0.47455 ( 4)
 243 K   0.65899 0.07306 0.19486 0.07308 ( 1)
 244 R   0.61194 0.11875 0.15031 0.11900 ( 1)
 245 H   0.29675 0.28841 0.12360 0.29125 ( 1)
 246 G   0.81152 0.07894 0.04348 0.06607 ( 1)
 247 Y   0.14447 0.38642 0.08099 0.38813 ( 4)
 248 T   0.94083 0.00380 0.05203 0.00334 ( 1)
 249 F   0.16594 0.29195 0.24856 0.29355 ( 4)
 250 A   0.00376 0.48419 0.02642 0.48563 ( 4)
 251 F   0.09534 0.30928 0.27984 0.31554 ( 4)
 252 T   0.06029 0.34156 0.25193 0.34621 ( 4)
 253 H   0.00591 0.47106 0.03760 0.48543 ( 4)
 254 S   0.28598 0.21003 0.29059 0.21341 ( 3)
 255 S   0.28353 0.21247 0.28810 0.21589 ( 3)


lnL = -3801.417213

