Supplemental results for CODEML (seqf: algn  treef: tree)


dN/dS (w) for site classes (K=4)

site class             0        1       2a       2b
proportion       0.26736  0.33619  0.17562  0.22083
background w     0.07811  1.00000  0.07811  1.00000
foreground w     0.07811  1.00000  1.00000  1.00000

Naive Empirical Bayes (NEB) probabilities for 4 classes
(amino acids refer to 1st sequence: BT_Cry40Aa1)

   1 P   0.00047 0.60307 0.00032 0.39614 ( 2)
   2 T   0.11295 0.49371 0.06904 0.32430 ( 2)
   3 H   0.00286 0.59840 0.00567 0.39307 ( 2)
   4 V   0.10081 0.50543 0.06175 0.33200 ( 2)
   5 E   0.58033 0.03481 0.36200 0.02286 ( 1)
   6 L   0.56983 0.04445 0.35652 0.02920 ( 1)
   7 T   0.57971 0.04644 0.34335 0.03050 ( 1)
   8 R   0.57498 0.03971 0.35923 0.02609 ( 1)
   9 E   0.61734 0.00636 0.37213 0.00418 ( 1)
  10 I   0.30925 0.30680 0.18241 0.20153 ( 1)
  11 Y   0.62154 0.00415 0.37158 0.00273 ( 1)
  12 T   0.60670 0.01355 0.37085 0.00890 ( 1)
  13 D   0.63005 0.00169 0.36715 0.00111 ( 1)
  14 P   0.37023 0.24139 0.22983 0.15856 ( 1)
  15 V   0.51069 0.09926 0.32484 0.06520 ( 1)
  16 G   0.59342 0.02435 0.36624 0.01600 ( 1)
  17 Y   0.56958 0.05426 0.34051 0.03564 ( 1)
  18 S   0.02639 0.57760 0.01660 0.37941 ( 2)
  19 S   0.00074 0.60282 0.00047 0.39597 ( 2)
  20 G   0.08421 0.52136 0.05197 0.34246 ( 2)
  21 T   0.00064 0.60294 0.00038 0.39605 ( 2)
  22 Y   0.05328 0.55217 0.03185 0.36270 ( 2)
  23 -   0.27817 0.32538 0.18272 0.21373 ( 2)
  24 S   0.00271 0.60093 0.00163 0.39473 ( 2)
  25 W   0.52904 0.08191 0.33525 0.05380 ( 1)
  26 L   0.00109 0.60250 0.00066 0.39576 ( 2)
  27 K   0.00045 0.60310 0.00029 0.39616 ( 2)
  28 Y   0.00000 0.60355 0.00000 0.39645 ( 2)
  29 W   0.01879 0.58547 0.01117 0.38457 ( 2)
  30 T   0.00105 0.60251 0.00067 0.39577 ( 2)
  31 G   0.01192 0.59163 0.00783 0.38862 ( 2)
  32 A   0.00057 0.60298 0.00037 0.39608 ( 2)
  33 F   0.62417 0.00288 0.37106 0.00189 ( 1)
  34 N   0.63270 0.00085 0.36589 0.00056 ( 1)
  35 T   0.00015 0.60340 0.00009 0.39636 ( 2)
  36 L   0.08720 0.13473 0.68958 0.08850 ( 3)
  37 E   0.61720 0.00649 0.37205 0.00427 ( 1)
  38 A   0.61854 0.00444 0.37410 0.00292 ( 1)
  39 N   0.61776 0.01509 0.35725 0.00991 ( 1)
  40 G   0.59559 0.02223 0.36758 0.01460 ( 1)
  41 T   0.60670 0.01355 0.37085 0.00890 ( 1)
  42 R   0.43901 0.16804 0.28256 0.11038 ( 1)
  43 G   0.59559 0.02223 0.36758 0.01460 ( 1)
  44 P   0.61521 0.00742 0.37249 0.00488 ( 1)
  45 G   0.62351 0.00391 0.37001 0.00257 ( 1)
  46 L   0.57025 0.04404 0.35678 0.02893 ( 1)
  47 V   0.62407 0.00313 0.37074 0.00206 ( 1)
  48 T   0.62510 0.00282 0.37023 0.00185 ( 1)
  49 W   0.00256 0.60103 0.00162 0.39479 ( 2)
  50 L   0.61393 0.00822 0.37245 0.00540 ( 1)
  51 R   0.00000 0.60355 0.00000 0.39645 ( 2)
  52 -   0.26736 0.33619 0.17562 0.22083 ( 2)
  53 S   0.00000 0.60355 0.00000 0.39645 ( 2)
  54 I   0.50285 0.11579 0.30530 0.07606 ( 1)
  55 G   0.59375 0.03736 0.34434 0.02454 ( 1)
  56 I   0.61267 0.00927 0.37197 0.00609 ( 1)
  57 Y   0.55806 0.06537 0.33363 0.04294 ( 1)
  58 N   0.28937 0.32709 0.16868 0.21486 ( 2)
  59 E   0.02987 0.57476 0.01782 0.37754 ( 2)
  60 Y   0.00000 0.60355 0.00000 0.39645 ( 2)
  61 V   0.00864 0.55929 0.06469 0.36738 ( 2)
  62 -   0.00000 0.60355 0.00000 0.39645 ( 2)
  63 -   0.00000 0.60355 0.00001 0.39645 ( 2)
  64 -   0.39254 0.21101 0.25785 0.13860 ( 1)
  65 -   0.06201 0.54154 0.04073 0.35572 ( 2)
  66 -   0.34494 0.25861 0.22658 0.16987 ( 1)
  67 -   0.00421 0.59934 0.00277 0.39368 ( 2)
  68 -   0.09826 0.50529 0.06455 0.33191 ( 2)
  69 -   0.00063 0.60292 0.00041 0.39604 ( 2)
  70 S   0.00000 0.60355 0.00000 0.39645 ( 2)
  71 R   0.00000 0.60355 0.00000 0.39645 ( 2)
  72 Y   0.23439 0.37751 0.14013 0.24797 ( 2)
  73 F   0.52381 0.09560 0.31779 0.06280 ( 1)
  74 S   0.00001 0.60354 0.00001 0.39644 ( 2)
  75 G   0.43474 0.17218 0.27999 0.11310 ( 1)
  76 W   0.52904 0.08191 0.33525 0.05380 ( 1)
  77 V   0.03630 0.56788 0.02280 0.37302 ( 2)
  78 G   0.59210 0.02564 0.36542 0.01684 ( 1)
  79 T   0.58698 0.03946 0.34765 0.02592 ( 1)
  80 R   0.61314 0.00912 0.37175 0.00599 ( 1)
  81 H   0.62362 0.00303 0.37136 0.00199 ( 1)
  82 Y   0.56716 0.05660 0.33907 0.03718 ( 1)
  83 E   0.61734 0.00636 0.37213 0.00418 ( 1)
  84 D   0.00026 0.60329 0.00016 0.39628 ( 2)
  85 Y   0.07994 0.15868 0.65714 0.10423 ( 3)
  86 T   0.60670 0.01355 0.37085 0.00890 ( 1)
  87 T   0.00013 0.60342 0.00008 0.39637 ( 2)
  88 G   0.58153 0.04428 0.34511 0.02908 ( 1)
  89 N   0.01671 0.58710 0.01054 0.38565 ( 2)
  90 G   0.27637 0.33776 0.16401 0.22186 ( 2)
  91 N   0.00330 0.60037 0.00197 0.39436 ( 2)
  92 F   0.51421 0.10870 0.30569 0.07140 ( 1)
  93 Q   0.06277 0.54219 0.03889 0.35615 ( 2)
  94 R   0.61432 0.00797 0.37247 0.00524 ( 1)
  95 M   0.11316 0.49334 0.06944 0.32406 ( 2)
  96 S   0.61918 0.00531 0.37202 0.00349 ( 1)
  97 G   0.59559 0.02223 0.36758 0.01460 ( 1)
  98 T   0.62462 0.00328 0.36994 0.00216 ( 1)
  99 T   0.51537 0.09485 0.32748 0.06230 ( 1)
 100 S   0.63075 0.00110 0.36742 0.00072 ( 1)
 101 N   0.63270 0.00085 0.36589 0.00056 ( 1)
 102 D   0.11979 0.00312 0.87504 0.00205 ( 3)
 103 L   0.00024 0.60332 0.00015 0.39630 ( 2)
 104 R   0.00120 0.60236 0.00077 0.39567 ( 2)
 105 D   0.00002 0.60353 0.00001 0.39644 ( 2)
 106 I   0.00532 0.59845 0.00314 0.39310 ( 2)
 107 S   0.00002 0.60348 0.00010 0.39641 ( 2)
 108 F   0.61310 0.01295 0.36544 0.00851 ( 1)
 109 P   0.00000 0.60355 0.00000 0.39645 ( 2)
 110 N   0.00414 0.59961 0.00239 0.39386 ( 2)
 111 S   0.00001 0.60354 0.00001 0.39644 ( 2)
 112 D   0.01234 0.59178 0.00716 0.38872 ( 2)
 113 I   0.01270 0.59123 0.00771 0.38836 ( 2)
 114 F   0.58482 0.04075 0.34766 0.02676 ( 1)
 115 K   0.19627 0.41386 0.11802 0.27185 ( 2)
 116 I   0.62676 0.00217 0.36965 0.00143 ( 1)
 117 E   0.00000 0.60355 0.00000 0.39645 ( 2)
 118 S   0.55514 0.05781 0.34909 0.03797 ( 1)
 119 K   0.00008 0.60347 0.00005 0.39640 ( 2)
 120 A   0.57519 0.05038 0.34133 0.03310 ( 1)
 121 I   0.23241 0.37802 0.14127 0.24831 ( 2)
 122 M   0.00000 0.60355 0.00000 0.39645 ( 2)
 123 N   0.00000 0.60355 0.00000 0.39645 ( 2)
 124 L   0.00007 0.60317 0.00056 0.39620 ( 2)
 125 V   0.00000 0.60355 0.00000 0.39645 ( 2)
 126 G   0.00001 0.60354 0.00001 0.39645 ( 2)
 127 E   0.00014 0.60342 0.00008 0.39636 ( 2)
 128 I   0.00015 0.60340 0.00009 0.39636 ( 2)
 129 N   0.00000 0.60354 0.00000 0.39645 ( 2)
 130 A   0.00105 0.60253 0.00063 0.39578 ( 2)
 131 -   0.00003 0.60351 0.00002 0.39643 ( 2)
 132 -   0.26736 0.33619 0.17562 0.22083 ( 2)
 133 -   0.44729 0.15626 0.29381 0.10264 ( 1)
 134 -   0.40591 0.19764 0.26663 0.12982 ( 1)
 135 R   0.00022 0.60333 0.00014 0.39631 ( 2)
 136 P   0.00351 0.60011 0.00218 0.39419 ( 2)
 137 E   0.01240 0.59125 0.00798 0.38837 ( 2)
 138 Y   0.03061 0.55120 0.05612 0.36207 ( 2)
 139 R   0.07702 0.19381 0.60186 0.12730 ( 3)
 140 V   0.30862 0.30651 0.18354 0.20133 ( 1)
 141 S   0.55129 0.06159 0.34666 0.04046 ( 1)
 142 R   0.08162 0.52442 0.04949 0.34447 ( 2)
 143 A   0.45218 0.16359 0.27678 0.10746 ( 1)
 144 E   0.21600 0.39460 0.13020 0.25920 ( 2)
 145 F   0.62417 0.00288 0.37106 0.00189 ( 1)
 146 S   0.00001 0.60354 0.00001 0.39644 ( 2)
 147 E   0.00000 0.60355 0.00000 0.39645 ( 2)
 148 S   0.01037 0.59346 0.00634 0.38982 ( 2)
 149 T   0.00004 0.60351 0.00002 0.39643 ( 2)
 150 -   0.26736 0.33619 0.17562 0.22083 ( 2)
 151 A   0.00001 0.60353 0.00001 0.39644 ( 2)
 152 F   0.00001 0.60353 0.00002 0.39644 ( 2)
 153 I   0.00051 0.60306 0.00030 0.39613 ( 2)
 154 Y   0.00000 0.60355 0.00000 0.39645 ( 2)
 155 L   0.00005 0.60350 0.00003 0.39642 ( 2)
 156 Y   0.62154 0.00415 0.37158 0.00273 ( 1)
 157 D   0.04549 0.55894 0.02841 0.36715 ( 2)
 158 A   0.00060 0.60222 0.00160 0.39558 ( 2)
 159 G   0.01994 0.58392 0.01257 0.38356 ( 2)
 160 N   0.59854 0.03182 0.34874 0.02090 ( 1)
 161 S   0.00077 0.60281 0.00046 0.39596 ( 2)
 162 -   0.26736 0.33619 0.17562 0.22083 ( 2)
 163 G   0.51237 0.09768 0.32579 0.06416 ( 1)
 164 L   0.00000 0.60355 0.00000 0.39645 ( 2)
 165 S   0.00006 0.60349 0.00004 0.39641 ( 2)
 166 S   0.00003 0.60352 0.00002 0.39643 ( 2)
 167 M   0.29321 0.31033 0.19260 0.20385 ( 2)
 168 T   0.60670 0.01355 0.37085 0.00890 ( 1)
 169 I   0.59474 0.03289 0.35076 0.02161 ( 1)
 170 T   0.17289 0.43630 0.10422 0.28659 ( 2)
 171 S   0.61918 0.00531 0.37202 0.00349 ( 1)
 172 K   0.00037 0.60318 0.00024 0.39621 ( 2)
 173 L   0.29196 0.31709 0.18266 0.20829 ( 2)
 174 P   0.58114 0.03507 0.36075 0.02304 ( 1)
 175 G   0.27947 0.33478 0.16584 0.21991 ( 2)
 176 I   0.00025 0.60331 0.00015 0.39629 ( 2)
 177 K   0.00000 0.60355 0.00000 0.39645 ( 2)
 178 N   0.00025 0.60331 0.00015 0.39629 ( 2)
 179 P   0.00003 0.60352 0.00002 0.39643 ( 2)
 180 E   0.00000 0.60355 0.00000 0.39645 ( 2)
 181 -   0.33925 0.27168 0.21061 0.17846 ( 1)
 182 P   0.60123 0.02097 0.36402 0.01377 ( 1)
 183 S   0.07988 0.52726 0.04653 0.34634 ( 2)
 184 Y   0.00000 0.60355 0.00000 0.39645 ( 2)
 185 R   0.00000 0.60355 0.00000 0.39645 ( 2)
 186 D   0.35990 0.25974 0.20974 0.17062 ( 1)
 187 Y   0.01007 0.59355 0.00649 0.38988 ( 2)
 188 S   0.55102 0.07117 0.33107 0.04675 ( 1)
 189 H   0.58317 0.04198 0.34728 0.02757 ( 1)
 190 R   0.15636 0.45182 0.09504 0.29678 ( 2)
 191 L   0.57025 0.04404 0.35678 0.02893 ( 1)
 192 S   0.56593 0.04720 0.35587 0.03100 ( 1)
 193 N   0.63270 0.00085 0.36589 0.00056 ( 1)
 194 A   0.51239 0.09766 0.32580 0.06415 ( 1)
 195 A   0.60552 0.01439 0.37064 0.00945 ( 1)
 196 C   0.62095 0.00433 0.37188 0.00284 ( 1)
 197 V   0.62274 0.00441 0.36995 0.00290 ( 1)
 198 G   0.00038 0.60318 0.00023 0.39621 ( 2)
 199 A   0.00000 0.60355 0.00000 0.39645 ( 2)
 200 -   0.26736 0.33619 0.17562 0.22083 ( 2)
 201 -   0.26736 0.33619 0.17562 0.22083 ( 2)
 202 G   0.00018 0.60337 0.00011 0.39634 ( 2)
 203 N   0.00095 0.60260 0.00061 0.39583 ( 2)
 204 S   0.00759 0.59601 0.00490 0.39150 ( 2)
 205 R   0.13677 0.46556 0.09186 0.30581 ( 2)
 206 I   0.04454 0.56066 0.02652 0.36828 ( 2)
 207 N   0.23618 0.37113 0.14890 0.24379 ( 2)
 208 V   0.60488 0.01484 0.37053 0.00975 ( 1)
 209 Y   0.19908 0.41174 0.11873 0.27045 ( 2)
 210 G   0.62450 0.00297 0.37059 0.00195 ( 1)
 211 W   0.52904 0.08191 0.33525 0.05380 ( 1)
 212 T   0.44360 0.17216 0.27116 0.11308 ( 1)
 213 H   0.62362 0.00303 0.37136 0.00199 ( 1)
 214 -   0.53203 0.07151 0.34948 0.04698 ( 1)


lnL = -3330.874538

Bayes Empirical Bayes (BEB) probabilities for 4 classes (class)
(amino acids refer to 1st sequence: BT_Cry40Aa1)

   1 P   0.00040 0.84020 0.00007 0.15933 ( 2)
   2 T   0.08657 0.77751 0.01259 0.12332 ( 2)
   3 H   0.00214 0.83506 0.00173 0.16108 ( 2)
   4 V   0.07667 0.78696 0.01120 0.12517 ( 2)
   5 E   0.81472 0.04991 0.12718 0.00819 ( 1)
   6 L   0.79938 0.06416 0.12586 0.01059 ( 1)
   7 T   0.78738 0.09063 0.10814 0.01386 ( 1)
   8 R   0.80690 0.05722 0.12646 0.00941 ( 1)
   9 E   0.86589 0.00868 0.12408 0.00135 ( 1)
  10 I   0.28291 0.58990 0.03798 0.08921 ( 2)
  11 Y   0.87118 0.00559 0.12236 0.00086 ( 1)
  12 T   0.85170 0.01889 0.12640 0.00301 ( 1)
  13 D   0.88015 0.00220 0.11732 0.00033 ( 1)
  14 P   0.43427 0.42920 0.06664 0.06988 ( 1)
  15 V   0.71222 0.14580 0.11723 0.02474 ( 1)
  16 G   0.83318 0.03455 0.12668 0.00558 ( 1)
  17 Y   0.76917 0.10651 0.10786 0.01646 ( 1)
  18 S   0.01939 0.83830 0.00302 0.13929 ( 2)
  19 S   0.00054 0.85425 0.00008 0.14512 ( 2)
  20 G   0.08005 0.78194 0.01201 0.12600 ( 2)
  21 T   0.00055 0.86729 0.00007 0.13209 ( 2)
  22 Y   0.03981 0.82791 0.00543 0.12685 ( 2)
  23 -   0.37147 0.47562 0.06710 0.08581 ( 2)
  24 S   0.00211 0.85889 0.00028 0.13872 ( 2)
  25 W   0.73940 0.11998 0.12041 0.02022 ( 1)
  26 L   0.00091 0.86472 0.00012 0.13425 ( 2)
  27 K   0.00034 0.84999 0.00005 0.14962 ( 2)
  28 Y   0.00000 0.81319 0.00000 0.18680 ( 2)
  29 W   0.01236 0.85643 0.00162 0.12958 ( 2)
  30 T   0.00077 0.85524 0.00012 0.14388 ( 2)
  31 G   0.00781 0.83928 0.00135 0.15157 ( 2)
  32 A   0.00048 0.84660 0.00008 0.15284 ( 2)
  33 F   0.87456 0.00385 0.12101 0.00059 ( 1)
  34 N   0.88372 0.00109 0.11503 0.00016 ( 1)
  35 T   0.00014 0.85274 0.00002 0.14710 ( 2)
  36 L   0.09758 0.22837 0.60193 0.07212 ( 3)
  37 E   0.86570 0.00887 0.12405 0.00138 ( 1)
  38 A   0.86740 0.00598 0.12568 0.00094 ( 1)
  39 N   0.85539 0.02903 0.11127 0.00431 ( 1)
  40 G   0.83630 0.03146 0.12716 0.00508 ( 1)
  41 T   0.85170 0.01889 0.12640 0.00301 ( 1)
  42 R   0.60581 0.24811 0.10306 0.04301 ( 1)
  43 G   0.83630 0.03146 0.12716 0.00508 ( 1)
  44 P   0.86335 0.01021 0.12484 0.00160 ( 1)
  45 G   0.87338 0.00524 0.12057 0.00080 ( 1)
  46 L   0.79999 0.06356 0.12596 0.01049 ( 1)
  47 V   0.87418 0.00417 0.12101 0.00064 ( 1)
  48 T   0.87530 0.00374 0.12039 0.00057 ( 1)
  49 W   0.00181 0.85423 0.00028 0.14368 ( 2)
  50 L   0.86168 0.01134 0.12520 0.00178 ( 1)
  51 R   0.00000 0.86053 0.00000 0.13947 ( 2)
  52 -   0.35615 0.49093 0.06434 0.08858 ( 2)
  53 S   0.00000 0.86692 0.00000 0.13308 ( 2)
  54 I   0.64893 0.22171 0.09438 0.03498 ( 1)
  55 G   0.81043 0.07274 0.10596 0.01087 ( 1)
  56 I   0.85980 0.01279 0.12540 0.00201 ( 1)
  57 Y   0.74788 0.12756 0.10485 0.01972 ( 1)
  58 N   0.25649 0.61811 0.03338 0.09202 ( 2)
  59 E   0.01917 0.84921 0.00255 0.12908 ( 2)
  60 Y   0.00000 0.82474 0.00000 0.17525 ( 2)
  61 V   0.00523 0.74314 0.02434 0.22728 ( 2)
  62 -   0.00000 0.83254 0.00000 0.16745 ( 2)
  63 -   0.00000 0.67547 0.00001 0.32452 ( 2)
  64 -   0.53721 0.30988 0.09704 0.05588 ( 1)
  65 -   0.05826 0.78883 0.01045 0.14246 ( 2)
  66 -   0.46742 0.37967 0.08444 0.06848 ( 1)
  67 -   0.00307 0.84402 0.00054 0.15238 ( 2)
  68 -   0.09505 0.75203 0.01708 0.13584 ( 2)
  69 -   0.00048 0.84032 0.00008 0.15913 ( 2)
  70 S   0.00000 0.76002 0.00001 0.23997 ( 2)
  71 R   0.00000 0.86535 0.00000 0.13464 ( 2)
  72 Y   0.19880 0.67077 0.02749 0.10294 ( 2)
  73 F   0.68630 0.18508 0.09949 0.02913 ( 1)
  74 S   0.00002 0.85209 0.00000 0.14789 ( 2)
  75 G   0.59950 0.25420 0.10218 0.04412 ( 1)
  76 W   0.73940 0.11998 0.12041 0.02022 ( 1)
  77 V   0.02659 0.83115 0.00413 0.13813 ( 2)
  78 G   0.83130 0.03642 0.12640 0.00588 ( 1)
  79 T   0.80104 0.07712 0.11004 0.01179 ( 1)
  80 R   0.86056 0.01261 0.12485 0.00198 ( 1)
  81 H   0.87400 0.00406 0.12132 0.00062 ( 1)
  82 Y   0.76477 0.11086 0.10724 0.01713 ( 1)
  83 E   0.86589 0.00868 0.12408 0.00135 ( 1)
  84 D   0.00023 0.85664 0.00003 0.14310 ( 2)
  85 Y   0.08178 0.24639 0.57858 0.09326 ( 3)
  86 T   0.85170 0.01889 0.12640 0.00301 ( 1)
  87 T   0.00012 0.85921 0.00002 0.14065 ( 2)
  88 G   0.79110 0.08656 0.10907 0.01326 ( 1)
  89 N   0.01226 0.84500 0.00191 0.14083 ( 2)
  90 G   0.24475 0.62660 0.03330 0.09534 ( 2)
  91 N   0.00256 0.86480 0.00033 0.13231 ( 2)
  92 F   0.66676 0.20929 0.09194 0.03201 ( 1)
  93 Q   0.04669 0.81457 0.00700 0.13174 ( 2)
  94 R   0.86220 0.01098 0.12509 0.00172 ( 1)
  95 M   0.08667 0.77701 0.01271 0.12361 ( 2)
  96 S   0.86829 0.00721 0.12337 0.00112 ( 1)
  97 G   0.83630 0.03146 0.12716 0.00508 ( 1)
  98 T   0.87465 0.00438 0.12030 0.00067 ( 1)
  99 T   0.71916 0.13920 0.11806 0.02358 ( 1)
 100 S   0.88185 0.00142 0.11651 0.00021 ( 1)
 101 N   0.88372 0.00109 0.11503 0.00016 ( 1)
 102 D   0.19000 0.00674 0.80184 0.00142 ( 3)
 103 L   0.00022 0.85970 0.00003 0.14005 ( 2)
 104 R   0.00099 0.85446 0.00015 0.14440 ( 2)
 105 D   0.00004 0.84580 0.00001 0.15416 ( 2)
 106 I   0.00386 0.86580 0.00049 0.12986 ( 2)
 107 S   0.00003 0.78567 0.00006 0.21424 ( 2)
 108 F   0.85920 0.01800 0.12001 0.00278 ( 1)
 109 P   0.00000 0.85182 0.00000 0.14818 ( 2)
 110 N   0.00314 0.86798 0.00037 0.12851 ( 2)
 111 S   0.00002 0.85216 0.00000 0.14782 ( 2)
 112 D   0.00880 0.86348 0.00108 0.12664 ( 2)
 113 I   0.00849 0.85627 0.00117 0.13407 ( 2)
 114 F   0.79747 0.08007 0.11020 0.01226 ( 1)
 115 K   0.16059 0.70742 0.02249 0.10949 ( 2)
 116 I   0.87732 0.00286 0.11939 0.00043 ( 1)
 117 E   0.00000 0.79397 0.00000 0.20603 ( 2)
 118 S   0.77788 0.08394 0.12420 0.01398 ( 1)
 119 K   0.00008 0.85869 0.00001 0.14122 ( 2)
 120 A   0.77887 0.09861 0.10741 0.01511 ( 1)
 121 I   0.24994 0.61660 0.03621 0.09725 ( 2)
 122 M   0.00000 0.86188 0.00000 0.13812 ( 2)
 123 N   0.00000 0.81231 0.00000 0.18769 ( 2)
 124 L   0.00006 0.78261 0.00024 0.21709 ( 2)
 125 V   0.00000 0.86025 0.00000 0.13975 ( 2)
 126 G   0.00001 0.85537 0.00000 0.14461 ( 2)
 127 E   0.00013 0.86483 0.00002 0.13502 ( 2)
 128 I   0.00019 0.86806 0.00002 0.13172 ( 2)
 129 N   0.00001 0.85505 0.00000 0.14494 ( 2)
 130 A   0.00088 0.86606 0.00011 0.13294 ( 2)
 131 -   0.00004 0.85704 0.00001 0.14292 ( 2)
 132 -   0.35615 0.49093 0.06434 0.08858 ( 2)
 133 -   0.61755 0.22954 0.11154 0.04138 ( 1)
 134 -   0.55666 0.29042 0.10055 0.05236 ( 1)
 135 R   0.00019 0.85308 0.00003 0.14670 ( 2)
 136 P   0.00247 0.85800 0.00036 0.13917 ( 2)
 137 E   0.00905 0.84329 0.00150 0.14616 ( 2)
 138 Y   0.01910 0.80715 0.02025 0.15350 ( 2)
 139 R   0.07178 0.37876 0.42534 0.12412 ( 3)
 140 V   0.28139 0.58817 0.03851 0.09193 ( 2)
 141 S   0.77222 0.08957 0.12329 0.01491 ( 1)
 142 R   0.07853 0.78743 0.01121 0.12284 ( 2)
 143 A   0.56292 0.30489 0.08351 0.04868 ( 1)
 144 E   0.17979 0.68798 0.02536 0.10686 ( 2)
 145 F   0.87456 0.00385 0.12101 0.00059 ( 1)
 146 S   0.00002 0.86716 0.00000 0.13281 ( 2)
 147 E   0.00000 0.85346 0.00000 0.14654 ( 2)
 148 S   0.00698 0.85644 0.00098 0.13559 ( 2)
 149 T   0.00005 0.86272 0.00001 0.13723 ( 2)
 150 -   0.35615 0.49093 0.06434 0.08858 ( 2)
 151 A   0.00002 0.85685 0.00000 0.14312 ( 2)
 152 F   0.00003 0.85205 0.00001 0.14791 ( 2)
 153 I   0.00047 0.86794 0.00006 0.13153 ( 2)
 154 Y   0.00000 0.85256 0.00000 0.14744 ( 2)
 155 L   0.00005 0.85219 0.00001 0.14775 ( 2)
 156 Y   0.87118 0.00559 0.12236 0.00086 ( 1)
 157 D   0.02834 0.83117 0.00427 0.13622 ( 2)
 158 A   0.00047 0.78783 0.00069 0.21101 ( 2)
 159 G   0.01290 0.84431 0.00198 0.14081 ( 2)
 160 N   0.82042 0.06197 0.10833 0.00928 ( 1)
 161 S   0.00066 0.86524 0.00009 0.13401 ( 2)
 162 -   0.35615 0.49093 0.06434 0.08858 ( 2)
 163 G   0.71471 0.14344 0.11753 0.02433 ( 1)
 164 L   0.00000 0.85025 0.00000 0.14975 ( 2)
 165 S   0.00006 0.85609 0.00001 0.14384 ( 2)
 166 S   0.00003 0.85515 0.00000 0.14481 ( 2)
 167 M   0.32409 0.52300 0.05842 0.09450 ( 2)
 168 T   0.85170 0.01889 0.12640 0.00301 ( 1)
 169 I   0.81507 0.06436 0.11080 0.00978 ( 1)
 170 T   0.13886 0.72852 0.01955 0.11307 ( 2)
 171 S   0.86829 0.00721 0.12337 0.00112 ( 1)
 172 K   0.00033 0.85437 0.00005 0.14526 ( 2)
 173 L   0.32406 0.53663 0.05076 0.08854 ( 2)
 174 P   0.81573 0.05035 0.12572 0.00820 ( 1)
 175 G   0.24785 0.62363 0.03372 0.09480 ( 2)
 176 I   0.00030 0.86897 0.00004 0.13069 ( 2)
 177 K   0.00000 0.85998 0.00000 0.14001 ( 2)
 178 N   0.00029 0.85937 0.00004 0.14030 ( 2)
 179 P   0.00004 0.86910 0.00000 0.13086 ( 2)
 180 E   0.00001 0.85733 0.00000 0.14266 ( 2)
 181 -   0.46179 0.40179 0.07099 0.06542 ( 1)
 182 P   0.84378 0.02960 0.12199 0.00464 ( 1)
 183 S   0.04936 0.82299 0.00626 0.12138 ( 2)
 184 Y   0.00000 0.84287 0.00000 0.15713 ( 2)
 185 R   0.00001 0.85492 0.00000 0.14507 ( 2)
 186 D   0.34749 0.52827 0.04551 0.07873 ( 2)
 187 Y   0.00735 0.84447 0.00122 0.14696 ( 2)
 188 S   0.73516 0.13898 0.10425 0.02161 ( 1)
 189 H   0.79461 0.08258 0.11016 0.01266 ( 1)
 190 R   0.12364 0.74200 0.01776 0.11660 ( 2)
 191 L   0.79999 0.06356 0.12596 0.01049 ( 1)
 192 S   0.79376 0.06816 0.12674 0.01135 ( 1)
 193 N   0.88372 0.00109 0.11503 0.00016 ( 1)
 194 A   0.71473 0.14341 0.11754 0.02432 ( 1)
 195 A   0.85011 0.02011 0.12657 0.00321 ( 1)
 196 C   0.87058 0.00584 0.12267 0.00090 ( 1)
 197 V   0.87238 0.00595 0.12076 0.00091 ( 1)
 198 G   0.00034 0.86060 0.00005 0.13902 ( 2)
 199 A   0.00000 0.76380 0.00000 0.23619 ( 2)
 200 -   0.35615 0.49093 0.06434 0.08858 ( 2)
 201 -   0.35615 0.49093 0.06434 0.08858 ( 2)
 202 G   0.00017 0.86471 0.00002 0.13510 ( 2)
 203 N   0.00069 0.85152 0.00011 0.14767 ( 2)
 204 S   0.00554 0.84603 0.00092 0.14751 ( 2)
 205 R   0.10452 0.73538 0.01982 0.14029 ( 2)
 206 I   0.02801 0.84037 0.00373 0.12790 ( 2)
 207 N   0.25198 0.60649 0.04024 0.10129 ( 2)
 208 V   0.84925 0.02077 0.12666 0.00332 ( 1)
 209 Y   0.16342 0.70623 0.02241 0.10794 ( 2)
 210 G   0.87469 0.00395 0.12076 0.00060 ( 1)
 211 W   0.73940 0.11998 0.12041 0.02022 ( 1)
 212 T   0.54856 0.31945 0.08110 0.05089 ( 1)
 213 H   0.87400 0.00406 0.12132 0.00062 ( 1)
 214 -   0.74319 0.10389 0.13420 0.01871 ( 1)

