Supplemental results for CODEML (seqf: algn  treef: tree)


dN/dS (w) for site classes (K=4)

site class             0        1       2a       2b
proportion       0.60316  0.36977  0.01678  0.01029
background w     0.16625  1.00000  0.16625  1.00000
foreground w     0.16625  1.00000  1.00000  1.00000

Naive Empirical Bayes (NEB) probabilities for 4 classes
(amino acids refer to 1st sequence: BT_Cry18Aa1)

   1 -   0.97555 0.00026 0.02418 0.00001 ( 1)
   2 L   0.97505 0.00012 0.02482 0.00000 ( 1)
   3 Y   0.00029 0.97264 0.00001 0.02706 ( 2)
   4 V   0.97312 0.00150 0.02534 0.00004 ( 1)
   5 S   0.97064 0.00475 0.02448 0.00013 ( 1)
   6 T   0.96724 0.00639 0.02619 0.00018 ( 1)
   7 S   0.93712 0.03815 0.02367 0.00106 ( 1)
   8 A   0.97542 0.00016 0.02442 0.00000 ( 1)
   9 N   0.97585 0.00000 0.02414 0.00000 ( 1)
  10 L   0.97381 0.00050 0.02568 0.00001 ( 1)
  11 Y   0.97452 0.00073 0.02473 0.00002 ( 1)
  12 N   0.96326 0.01136 0.02507 0.00032 ( 1)
  13 I   0.75767 0.21749 0.01878 0.00605 ( 1)
  14 G   0.97491 0.00045 0.02462 0.00001 ( 1)
  15 D   0.96739 0.00839 0.02398 0.00023 ( 1)
  16 N   0.96993 0.00438 0.02557 0.00012 ( 1)
  17 K   0.07143 0.90161 0.00188 0.02509 ( 2)
  18 V   0.00116 0.97176 0.00003 0.02704 ( 2)
  19 N   0.45373 0.51949 0.01232 0.01446 ( 2)
  20 E   0.22720 0.74592 0.00613 0.02076 ( 2)
  21 G   0.94962 0.02451 0.02519 0.00068 ( 1)
  22 A   0.29545 0.67784 0.00784 0.01886 ( 2)
  23 Y   0.97564 0.00003 0.02433 0.00000 ( 1)
  24 P   0.96589 0.00977 0.02407 0.00027 ( 1)
  25 I   0.93205 0.04203 0.02474 0.00117 ( 1)
  26 S   0.72517 0.24868 0.01923 0.00692 ( 1)
  27 Y   0.31583 0.65742 0.00846 0.01829 ( 2)
  28 G   0.75095 0.22260 0.02026 0.00619 ( 1)
  29 P   0.97050 0.00389 0.02550 0.00011 ( 1)
  30 F   0.97565 0.00002 0.02433 0.00000 ( 1)
  31 F   0.97357 0.00073 0.02567 0.00002 ( 1)
  32 N   0.92158 0.05355 0.02338 0.00149 ( 1)
  33 S   0.97495 0.00045 0.02459 0.00001 ( 1)
  34 Y   0.97490 0.00028 0.02482 0.00001 ( 1)
  35 I   0.97040 0.00353 0.02597 0.00010 ( 1)
  36 Q   0.97328 0.00088 0.02581 0.00002 ( 1)
  37 T   0.97472 0.00083 0.02443 0.00002 ( 1)
  38 K   0.97583 0.00002 0.02414 0.00000 ( 1)
  39 S   0.84570 0.12828 0.02245 0.00357 ( 1)
  40 N   0.97585 0.00000 0.02414 0.00000 ( 1)
  41 Y   0.97524 0.00002 0.02474 0.00000 ( 1)
  42 V   0.87656 0.09696 0.02379 0.00270 ( 1)
  43 L   0.91536 0.05887 0.02414 0.00164 ( 1)
  44 S   0.84603 0.12944 0.02093 0.00360 ( 1)
  45 G   0.96614 0.00816 0.02547 0.00023 ( 1)
  46 V   0.23174 0.74184 0.00578 0.02064 ( 2)
  47 S   0.90727 0.06833 0.02249 0.00190 ( 1)
  48 G   0.97527 0.00010 0.02463 0.00000 ( 1)
  49 I   0.00062 0.97231 0.00002 0.02706 ( 2)
  50 G   0.54693 0.42659 0.01461 0.01187 ( 1)
  51 A   0.00000 0.97293 0.00000 0.02707 ( 2)
  52 R   0.00354 0.96939 0.00009 0.02697 ( 2)
  53 F   0.00000 0.97293 0.00000 0.02707 ( 2)
  54 T   0.00237 0.97056 0.00006 0.02701 ( 2)
  55 Y   0.95538 0.01853 0.02557 0.00052 ( 1)
  56 -   0.96565 0.00955 0.02454 0.00027 ( 1)
  57 -   0.11627 0.85700 0.00288 0.02385 ( 2)
  58 -   0.01778 0.95518 0.00046 0.02658 ( 2)
  59 S   0.19498 0.77846 0.00490 0.02166 ( 2)
  60 T   0.08277 0.89037 0.00209 0.02478 ( 2)
  61 V   0.28778 0.68556 0.00759 0.01908 ( 2)
  62 -   0.60316 0.36977 0.01678 0.01029 ( 1)
  63 -   0.60316 0.36977 0.01678 0.01029 ( 1)
  64 L   0.70601 0.26857 0.01794 0.00747 ( 1)
  65 G   0.97494 0.00043 0.02462 0.00001 ( 1)
  66 R   0.00000 0.97293 0.00000 0.02707 ( 2)
  67 Y   0.45910 0.51512 0.01144 0.01433 ( 2)
  68 L   0.86841 0.10610 0.02253 0.00295 ( 1)
  69 H   0.14834 0.82501 0.00370 0.02296 ( 2)
  70 D   0.26059 0.71254 0.00704 0.01983 ( 2)
  71 D   0.00005 0.97288 0.00000 0.02707 ( 2)
  72 L   0.94919 0.02459 0.02553 0.00068 ( 1)
  73 K   0.06751 0.90558 0.00172 0.02520 ( 2)
  74 N   0.00179 0.97114 0.00004 0.02702 ( 2)
  75 I   0.70792 0.26625 0.01842 0.00741 ( 1)
  76 I   0.54023 0.43329 0.01443 0.01206 ( 1)
  77 T   0.52364 0.45070 0.01312 0.01254 ( 1)
  78 T   0.97557 0.00028 0.02414 0.00001 ( 1)
  79 Y   0.97354 0.00005 0.02641 0.00000 ( 1)
  80 V   0.03821 0.93483 0.00095 0.02601 ( 2)
  81 G   0.97402 0.00029 0.02568 0.00001 ( 1)
  82 G   0.96677 0.00753 0.02549 0.00021 ( 1)
  83 T   0.59075 0.38382 0.01474 0.01068 ( 1)
  84 Q   0.13006 0.84294 0.00355 0.02346 ( 2)
  85 G   0.97430 0.00110 0.02457 0.00003 ( 1)
  86 P   0.96649 0.00885 0.02441 0.00025 ( 1)
  87 N   0.00000 0.97293 0.00000 0.02707 ( 2)
  88 I   0.96896 0.00591 0.02496 0.00016 ( 1)
  89 G   0.96305 0.01228 0.02433 0.00034 ( 1)
  90 V   0.00001 0.97292 0.00000 0.02707 ( 2)
  91 Q   0.51802 0.45490 0.01441 0.01266 ( 1)
  92 L   0.94599 0.02694 0.02632 0.00075 ( 1)
  93 S   0.86693 0.10599 0.02412 0.00295 ( 1)
  94 T   0.81860 0.15433 0.02278 0.00429 ( 1)
  95 T   0.75609 0.21684 0.02104 0.00603 ( 1)
  96 E   0.82482 0.14811 0.02295 0.00412 ( 1)
  97 L   0.69771 0.27522 0.01941 0.00766 ( 1)
  98 D   0.88560 0.08733 0.02464 0.00243 ( 1)
  99 E   0.11663 0.85629 0.00325 0.02383 ( 2)
 100 L   0.32285 0.65007 0.00898 0.01809 ( 2)
 101 K   0.60316 0.36977 0.01678 0.01029 ( 1)
 102 K   0.10093 0.87200 0.00281 0.02426 ( 2)
 103 Q   0.37718 0.59575 0.01050 0.01658 ( 2)
 104 Q   0.77199 0.20094 0.02148 0.00559 ( 1)
 105 Q   0.77199 0.20094 0.02148 0.00559 ( 1)
 106 A   0.87677 0.09616 0.02440 0.00268 ( 1)
 107 T   0.30013 0.67280 0.00835 0.01872 ( 2)
 108 R   0.08454 0.88839 0.00235 0.02472 ( 2)
 109 D   0.54603 0.42689 0.01519 0.01188 ( 1)
 110 S   0.01886 0.95407 0.00052 0.02655 ( 2)
 111 L   0.22765 0.74528 0.00633 0.02074 ( 2)
 112 V   0.00001 0.97292 0.00000 0.02707 ( 2)
 113 D   0.00097 0.97196 0.00003 0.02705 ( 2)
 114 F   0.00695 0.96599 0.00017 0.02688 ( 2)
 115 Q   0.01113 0.96183 0.00028 0.02676 ( 2)
 116 F   0.00070 0.97223 0.00002 0.02705 ( 2)
 117 F   0.83374 0.14169 0.02063 0.00394 ( 1)
 118 T   0.97003 0.00563 0.02419 0.00016 ( 1)
 119 L   0.23023 0.74339 0.00570 0.02069 ( 2)
 120 N   0.16673 0.80660 0.00422 0.02244 ( 2)
 121 C   0.03185 0.94111 0.00085 0.02619 ( 2)
 122 M   0.11483 0.85831 0.00298 0.02388 ( 2)
 123 L   0.00365 0.96929 0.00009 0.02697 ( 2)
 124 P   0.00249 0.97044 0.00007 0.02700 ( 2)
 125 N   0.50139 0.47187 0.01361 0.01313 ( 1)
 126 P   0.97366 0.00074 0.02558 0.00002 ( 1)
 127 I   0.74006 0.23354 0.01990 0.00650 ( 1)
 128 T   0.00034 0.97258 0.00001 0.02706 ( 2)
 129 A   0.90326 0.07030 0.02448 0.00196 ( 1)
 130 P   0.96880 0.00559 0.02546 0.00016 ( 1)
 131 Y   0.97531 0.00035 0.02432 0.00001 ( 1)
 132 F   0.96457 0.01095 0.02417 0.00030 ( 1)
 133 A   0.97170 0.00228 0.02595 0.00006 ( 1)
 134 T   0.97169 0.00411 0.02409 0.00011 ( 1)
 135 S   0.22932 0.74380 0.00619 0.02070 ( 2)
 136 L   0.94906 0.02487 0.02537 0.00069 ( 1)
 137 Y   0.96861 0.00704 0.02416 0.00020 ( 1)
 138 E   0.94547 0.02863 0.02510 0.00080 ( 1)
 139 S   0.69333 0.28133 0.01751 0.00783 ( 1)
 140 R   0.00011 0.97282 0.00000 0.02707 ( 2)
 141 -   0.97368 0.00198 0.02428 0.00006 ( 1)
 142 -   0.31344 0.65962 0.00859 0.01835 ( 2)
 143 -   0.18973 0.78338 0.00509 0.02180 ( 2)
 144 Y   0.01514 0.95779 0.00041 0.02665 ( 2)
 145 S   0.04243 0.93061 0.00106 0.02589 ( 2)
 146 S   0.00371 0.96922 0.00010 0.02697 ( 2)
 147 I   0.00671 0.96534 0.00109 0.02686 ( 2)
 148 G   0.00000 0.97292 0.00000 0.02707 ( 2)
 149 G   0.04702 0.92599 0.00122 0.02577 ( 2)
 150 Y   0.96981 0.00603 0.02399 0.00017 ( 1)
 151 L   0.24604 0.72709 0.00664 0.02023 ( 2)
 152 R   0.00221 0.97072 0.00006 0.02701 ( 2)
 153 K   0.80390 0.17050 0.02086 0.00474 ( 1)
 154 D   0.85241 0.12209 0.02210 0.00340 ( 1)
 155 V   0.01229 0.96065 0.00033 0.02673 ( 2)
 156 F   0.97566 0.00001 0.02433 0.00000 ( 1)
 157 K   0.00016 0.97277 0.00000 0.02707 ( 2)
 158 S   0.87337 0.10115 0.02266 0.00281 ( 1)
 159 E   0.95669 0.01895 0.02384 0.00053 ( 1)
 160 D   0.01336 0.95959 0.00035 0.02670 ( 2)
 161 S   0.81766 0.15577 0.02223 0.00433 ( 1)
 162 T   0.26232 0.71098 0.00692 0.01978 ( 2)
 163 C   0.12836 0.84470 0.00343 0.02350 ( 2)
 164 G   0.12630 0.84700 0.00314 0.02357 ( 2)
 165 L   0.94899 0.02631 0.02397 0.00073 ( 1)
 166 G   0.86865 0.10663 0.02175 0.00297 ( 1)
 167 -   0.83834 0.13459 0.02333 0.00375 ( 1)
 168 -   0.50641 0.46652 0.01409 0.01298 ( 1)
 169 -   0.60316 0.36977 0.01678 0.01029 ( 1)
 170 -   0.60316 0.36977 0.01678 0.01029 ( 1)
 171 -   0.60316 0.36977 0.01678 0.01029 ( 1)
 172 -   0.60316 0.36977 0.01678 0.01029 ( 1)
 173 -   0.96723 0.00841 0.02412 0.00023 ( 1)
 174 -   0.00044 0.97249 0.00001 0.02706 ( 2)
 175 N   0.08317 0.88998 0.00208 0.02476 ( 2)
 176 P   0.37601 0.59714 0.01023 0.01662 ( 2)
 177 G   0.83694 0.13808 0.02114 0.00384 ( 1)
 178 A   0.84055 0.02971 0.12891 0.00083 ( 1)
 179 W   0.03507 0.93790 0.00093 0.02610 ( 2)
 180 T   0.97031 0.00370 0.02589 0.00010 ( 1)
 181 S   0.96936 0.00588 0.02459 0.00016 ( 1)
 182 Y   0.91352 0.06035 0.02445 0.00168 ( 1)
 183 P   0.97268 0.00171 0.02556 0.00005 ( 1)
 184 D   0.97563 0.00004 0.02433 0.00000 ( 1)
 185 Y   0.97524 0.00002 0.02474 0.00000 ( 1)
 186 Y   0.97513 0.00054 0.02432 0.00001 ( 1)
 187 I   0.97348 0.00039 0.02612 0.00001 ( 1)
 188 T   0.96256 0.01239 0.02471 0.00034 ( 1)
 189 N   0.97585 0.00001 0.02414 0.00000 ( 1)
 190 I   0.97576 0.00001 0.02423 0.00000 ( 1)
 191 S   0.97537 0.00004 0.02460 0.00000 ( 1)
 192 A   0.96924 0.00458 0.02604 0.00013 ( 1)
 193 T   0.97440 0.00115 0.02442 0.00003 ( 1)
 194 V   0.79307 0.18172 0.02016 0.00506 ( 1)
 195 Q   0.32705 0.64634 0.00862 0.01798 ( 2)
 196 I   0.00560 0.96734 0.00014 0.02692 ( 2)
 197 N   0.03671 0.93199 0.00536 0.02593 ( 2)
 198 G   0.32276 0.65077 0.00836 0.01811 ( 2)
 199 E   0.19390 0.77929 0.00512 0.02168 ( 2)
 200 N   0.75801 0.21632 0.01966 0.00602 ( 1)
 201 T   0.97086 0.00480 0.02421 0.00013 ( 1)
 202 D   0.95856 0.01540 0.02560 0.00043 ( 1)
 203 T   0.00344 0.96905 0.00055 0.02696 ( 2)
 204 T   0.93511 0.03956 0.02422 0.00110 ( 1)
 205 P   0.96768 0.00580 0.02635 0.00016 ( 1)
 206 L   0.97351 0.00080 0.02567 0.00002 ( 1)
 207 Y   0.46504 0.50825 0.01256 0.01414 ( 2)
 208 F   0.97421 0.00105 0.02472 0.00003 ( 1)
 209 K   0.96300 0.01157 0.02511 0.00032 ( 1)
 210 E   0.84439 0.02070 0.13433 0.00058 ( 1)
 211 N   0.71758 0.25678 0.01849 0.00715 ( 1)
 212 R   0.97465 0.00010 0.02525 0.00000 ( 1)
 213 P   0.93023 0.04549 0.02302 0.00127 ( 1)
 214 I   0.97336 0.00153 0.02508 0.00004 ( 1)
 215 -   0.60316 0.36977 0.01678 0.01029 ( 1)
 216 -   0.60316 0.36977 0.01678 0.01029 ( 1)
 217 -   0.60316 0.36977 0.01678 0.01029 ( 1)
 218 T   0.00276 0.97017 0.00007 0.02700 ( 2)
 219 S   0.17848 0.77306 0.02695 0.02151 ( 2)
 220 T   0.96815 0.00705 0.02461 0.00020 ( 1)
 221 R   0.00489 0.96804 0.00013 0.02694 ( 2)
 222 -   0.72496 0.24900 0.01911 0.00693 ( 1)
 223 -   0.95171 0.02296 0.02469 0.00064 ( 1)
 224 -   0.53399 0.44019 0.01357 0.01225 ( 1)
 225 -   0.56765 0.40670 0.01434 0.01132 ( 1)
 226 -   0.26441 0.70889 0.00697 0.01973 ( 2)
 227 G   0.00036 0.97257 0.00001 0.02706 ( 2)
 228 V   0.87730 0.09614 0.02388 0.00268 ( 1)
 229 N   0.96278 0.01183 0.02506 0.00033 ( 1)
 230 K   0.43627 0.53770 0.01107 0.01496 ( 2)
 231 V   0.05762 0.90793 0.00919 0.02526 ( 2)
 232 I   0.97286 0.00175 0.02534 0.00005 ( 1)
 233 A   0.96612 0.00926 0.02436 0.00026 ( 1)
 234 -   0.90019 0.07334 0.02443 0.00204 ( 1)
 235 -   0.97463 0.00057 0.02478 0.00002 ( 1)
 236 -   0.97299 0.00102 0.02596 0.00003 ( 1)
 237 -   0.96081 0.01391 0.02489 0.00039 ( 1)


lnL = -5892.771074

