Supplemental results for CODEML (seqf: algn  treef: tree)


dN/dS (w) for site classes (K=4)

site class             0        1       2a       2b
proportion       0.26904  0.46035  0.09982  0.17080
background w     0.09323  0.64927  0.09323  0.64927
foreground w     0.09323  0.64927  3.19272  3.19272

Naive Empirical Bayes (NEB) probabilities for 4 classes
(amino acids refer to 1st sequence: BT_Cry40Aa1)

   1 -   0.64417 0.08521 0.23900 0.03162 ( 1)
   2 S   0.05091 0.85147 0.00799 0.08963 ( 2)
   3 L   0.00162 0.64324 0.01189 0.34326 ( 2)
   4 G   0.00000 0.00671 0.80843 0.18486 ( 3)
   5 G   0.00193 0.70313 0.01738 0.27756 ( 2)
   6 I   0.03438 0.74668 0.09381 0.12513 ( 2)
   7 N   0.00000 0.09274 0.00139 0.90588 ( 4)
   8 T   0.00000 0.32036 0.00006 0.67958 ( 4)
   9 L   0.00271 0.93959 0.00077 0.05693 ( 2)
  10 F   0.00000 0.68403 0.00003 0.31594 ( 2)
  11 S   0.00000 0.59318 0.00000 0.40682 ( 2)
  12 I   0.20846 0.30009 0.45058 0.04086 ( 3)
  13 I   0.91062 0.05264 0.03575 0.00099 ( 1)
  14 G   0.00000 0.01565 0.00002 0.98433 ( 4)
  15 K   0.00000 0.83300 0.00001 0.16699 ( 2)
  16 L   0.00048 0.97323 0.00001 0.02628 ( 2)
  17 I   0.00004 0.97715 0.00000 0.02281 ( 2)
  18 -   0.00577 0.72361 0.00214 0.26848 ( 2)
  19 P   0.07344 0.90456 0.00090 0.02110 ( 2)
  20 T   0.09580 0.84132 0.01597 0.04691 ( 2)
  21 N   0.00019 0.84997 0.00065 0.14919 ( 2)
  22 H   0.00287 0.83343 0.01040 0.15330 ( 2)
  23 Q   0.00000 0.89903 0.00000 0.10097 ( 2)
  24 S   0.00005 0.34027 0.01631 0.64336 ( 4)
  25 V   0.30323 0.01346 0.67752 0.00579 ( 3)
  26 S   0.00190 0.68334 0.01858 0.29618 ( 2)
  27 A   0.00002 0.76080 0.00017 0.23901 ( 2)
  28 L   0.98880 0.00906 0.00208 0.00005 ( 1)
  29 S   0.99725 0.00012 0.00262 0.00000 ( 1)
  30 I   0.88972 0.10915 0.00079 0.00033 ( 1)
  31 C   0.00540 0.98644 0.00002 0.00814 ( 2)
  32 D   0.97753 0.02204 0.00040 0.00004 ( 1)
  33 L   0.99053 0.00099 0.00846 0.00002 ( 1)
  34 L   0.00093 0.98172 0.00001 0.01734 ( 2)
  35 S   0.00196 0.99135 0.00001 0.00668 ( 2)
  36 I   0.99561 0.00350 0.00088 0.00001 ( 1)
  37 I   0.99914 0.00000 0.00086 0.00000 ( 1)
  38 R   0.05378 0.93232 0.00038 0.01352 ( 2)
  39 K   0.00217 0.99344 0.00000 0.00439 ( 2)
  40 E   0.00030 0.97450 0.00000 0.02520 ( 2)
  41 V   0.91729 0.08041 0.00183 0.00047 ( 1)
  42 A   0.00008 0.35784 0.00465 0.63743 ( 4)
  43 D   0.00057 0.73575 0.00451 0.25917 ( 2)
  44 S   0.00007 0.99744 0.00000 0.00249 ( 2)
  45 V   0.13224 0.86343 0.00019 0.00414 ( 2)
  46 L   0.72915 0.26003 0.00623 0.00459 ( 1)
  47 S   0.00004 0.90589 0.00023 0.09384 ( 2)
  48 D   0.00000 0.86312 0.00000 0.13688 ( 2)
  49 A   0.01627 0.03737 0.88790 0.05846 ( 3)
  50 I   0.00000 0.52569 0.00001 0.47430 ( 2)
  51 C   0.00000 0.07283 0.00723 0.91994 ( 4)
  52 R   0.00010 0.81000 0.00134 0.18856 ( 2)
  53 F   0.99927 0.00001 0.00072 0.00000 ( 1)
  54 L   0.26904 0.46035 0.09982 0.17080 ( 2)
  55 D   0.00155 0.89374 0.00062 0.10409 ( 2)
  56 G   0.41350 0.58282 0.00076 0.00292 ( 2)
  57 K   0.00032 0.75629 0.00296 0.24043 ( 2)
  58 L   0.00020 0.79119 0.00024 0.20837 ( 2)
  59 K   0.00000 0.17437 0.00001 0.82562 ( 4)
  60 N   0.00028 0.98045 0.00012 0.01915 ( 2)
  61 Y   0.99511 0.00259 0.00228 0.00002 ( 1)
  62 R   0.00000 0.13821 0.00090 0.86089 ( 4)
  63 E   0.00000 0.14979 0.00000 0.85021 ( 4)
  64 Y   0.35284 0.64252 0.00077 0.00386 ( 2)
  65 Y   0.99778 0.00003 0.00219 0.00000 ( 1)
  66 L   0.99773 0.00017 0.00210 0.00000 ( 1)
  67 P   0.00000 0.00633 0.00000 0.99367 ( 4)
  68 Y   0.10767 0.84603 0.01210 0.03420 ( 2)
  69 L   0.39183 0.60396 0.00082 0.00339 ( 2)
  70 E   0.00000 0.10517 0.00000 0.89483 ( 4)
  71 A   0.00000 0.01986 0.00000 0.98014 ( 4)
  72 W   0.79202 0.14688 0.04861 0.01250 ( 1)
  73 L   0.00236 0.99207 0.00000 0.00557 ( 2)
  74 K   0.00003 0.25181 0.06410 0.68406 ( 4)
  75 D   0.00005 0.38590 0.00603 0.60802 ( 4)
  76 G   0.00006 0.82428 0.00038 0.17527 ( 2)
  77 K   0.00010 0.93528 0.00002 0.06460 ( 2)
  78 P   0.67998 0.31083 0.00469 0.00449 ( 1)
  79 L   0.00288 0.65822 0.02935 0.30955 ( 2)
  80 Q   0.00569 0.37976 0.26836 0.34619 ( 2)
  81 K   0.00370 0.09589 0.63032 0.27009 ( 3)
  82 T   0.03188 0.71040 0.06491 0.19281 ( 2)
  83 -   0.26904 0.46035 0.09982 0.17080 ( 2)
  84 N   0.00690 0.97835 0.00019 0.01456 ( 2)
  85 N   0.00000 0.85670 0.00000 0.14330 ( 2)
  86 S   0.00000 0.00141 0.00000 0.99859 ( 4)
  87 D   0.00000 0.00363 0.00000 0.99637 ( 4)
  88 I   0.05105 0.86091 0.01437 0.07366 ( 2)
  89 G   0.00000 0.00116 0.00002 0.99882 ( 4)
  90 Q   0.00000 0.60853 0.00001 0.39146 ( 2)
  91 L   0.07237 0.86522 0.01231 0.05010 ( 2)
  92 V   0.00023 0.90528 0.00039 0.09410 ( 2)
  93 K   0.00000 0.00398 0.00018 0.99584 ( 4)
  94 Y   0.00002 0.95697 0.00000 0.04301 ( 2)
  95 F   0.93937 0.02247 0.03682 0.00134 ( 1)
  96 E   0.00000 0.89944 0.00000 0.10055 ( 2)
  97 L   0.00000 0.00117 0.00000 0.99883 ( 4)
  98 S   0.00009 0.94262 0.00003 0.05726 ( 2)
  99 E   0.99783 0.00071 0.00146 0.00000 ( 1)
 100 R   0.00002 0.42938 0.00320 0.56740 ( 4)
 101 D   0.00000 0.59064 0.00001 0.40934 ( 2)
 102 F   0.85245 0.11037 0.03095 0.00623 ( 1)
 103 N   0.00041 0.99600 0.00000 0.00359 ( 2)
 104 E   0.00000 0.88049 0.00000 0.11951 ( 2)
 105 I   0.00259 0.95566 0.00031 0.04144 ( 2)
 106 L   0.97508 0.00937 0.01528 0.00027 ( 1)
 107 -   0.44087 0.28851 0.16357 0.10704 ( 1)
 108 -   0.08523 0.64415 0.03162 0.23899 ( 2)
 109 -   0.37545 0.35393 0.13930 0.13132 ( 1)
 110 -   0.46042 0.26897 0.17082 0.09979 ( 1)
 111 -   0.40074 0.32864 0.14868 0.12193 ( 1)
 112 -   0.38354 0.34584 0.14230 0.12832 ( 1)
 113 -   0.16434 0.56505 0.06097 0.20964 ( 2)
 114 G   0.00000 0.13019 0.00998 0.85983 ( 4)
 115 G   0.02988 0.91926 0.00105 0.04981 ( 2)
 116 S   0.00001 0.97599 0.00000 0.02400 ( 2)
 117 L   0.98829 0.00097 0.01072 0.00002 ( 1)
 118 A   0.00182 0.82426 0.00160 0.17232 ( 2)
 119 R   0.00026 0.99053 0.00000 0.00921 ( 2)
 120 N   0.00000 0.10455 0.00000 0.89545 ( 4)
 121 N   0.00263 0.96346 0.00032 0.03360 ( 2)
 122 A   0.01044 0.95981 0.00084 0.02892 ( 2)
 123 Q   0.46149 0.41136 0.09957 0.02758 ( 1)
 124 I   0.89811 0.00591 0.09576 0.00022 ( 1)
 125 L   0.25580 0.70934 0.00598 0.02888 ( 2)
 126 L   0.99107 0.00045 0.00847 0.00001 ( 1)
 127 L   0.97879 0.00095 0.02022 0.00004 ( 1)
 128 P   0.99495 0.00009 0.00496 0.00000 ( 1)
 129 Y   0.04945 0.54434 0.25385 0.15236 ( 2)
 130 F   0.26813 0.02636 0.70160 0.00391 ( 3)
 131 C   0.00000 0.01774 0.03970 0.94255 ( 4)
 132 A   0.06637 0.11148 0.76981 0.05234 ( 3)
 133 S   0.00592 0.00444 0.98447 0.00517 ( 3)
 134 C   0.12894 0.00011 0.87092 0.00004 ( 3)
 135 K   0.54464 0.44362 0.00801 0.00373 ( 1)
 136 C   0.00001 0.02011 0.35159 0.62829 ( 4)
 137 Q   0.70263 0.00001 0.29735 0.00000 ( 1)
 138 L   0.99125 0.00028 0.00847 0.00000 ( 1)
 139 L   0.00579 0.97692 0.00005 0.01724 ( 2)
 140 L   0.84216 0.13925 0.01429 0.00431 ( 1)
 141 L   0.99123 0.00030 0.00847 0.00001 ( 1)
 142 R   0.93423 0.04433 0.01985 0.00159 ( 1)
 143 D   0.99958 0.00000 0.00041 0.00000 ( 1)
 144 A   0.01412 0.00060 0.98454 0.00073 ( 3)
 145 V   0.08606 0.91025 0.00011 0.00357 ( 2)
 146 Q   0.00001 0.98303 0.00000 0.01695 ( 2)
 147 Y   0.99350 0.00430 0.00218 0.00003 ( 1)
 148 E   0.00017 0.97344 0.00001 0.02638 ( 2)
 149 E   0.00000 0.07272 0.00259 0.92469 ( 4)
 150 Q   0.00000 0.44356 0.00000 0.55644 ( 4)
 151 W   0.15132 0.77358 0.00929 0.06581 ( 2)
 152 F   0.00000 0.02268 0.00402 0.97330 ( 4)
 153 P   0.00000 0.03242 0.34420 0.62338 ( 4)
 154 F   0.00000 0.25232 0.00022 0.74746 ( 4)
 155 L   0.00002 0.95196 0.00000 0.04802 ( 2)
 156 S   0.00001 0.93829 0.00000 0.06169 ( 2)
 157 A   0.00011 0.62089 0.00178 0.37722 ( 2)
 158 E   0.00056 0.98093 0.00001 0.01851 ( 2)
 159 N   0.00507 0.97739 0.00043 0.01711 ( 2)
 160 V   0.00029 0.98839 0.00000 0.01132 ( 2)
 161 R   0.00005 0.84357 0.00016 0.15622 ( 2)
 162 S   0.00068 0.91576 0.00005 0.08352 ( 2)
 163 E   0.25242 0.74372 0.00037 0.00348 ( 2)
 164 L   0.00712 0.96630 0.00010 0.02648 ( 2)
 165 I   0.00563 0.99114 0.00001 0.00322 ( 2)
 166 S   0.73664 0.24810 0.00930 0.00596 ( 1)
 167 P   0.12881 0.86096 0.00064 0.00959 ( 2)
 168 N   0.07259 0.58937 0.13755 0.20049 ( 2)
 169 S   0.15744 0.56434 0.16383 0.11440 ( 2)
 170 G   0.02676 0.76097 0.03529 0.17699 ( 2)
 171 C   0.33317 0.50010 0.06150 0.10523 ( 2)
 172 D   0.35799 0.50525 0.05045 0.08632 ( 2)
 173 F   0.35055 0.50420 0.05358 0.09168 ( 2)
 174 T   0.00000 0.93737 0.00000 0.06262 ( 2)
 175 G   0.00000 0.58153 0.00000 0.41846 ( 2)
 176 D   0.00287 0.99550 0.00000 0.00162 ( 2)
 177 Y   0.98619 0.00762 0.00608 0.00011 ( 1)
 178 Y   0.00000 0.11441 0.00001 0.88559 ( 4)
 179 E   0.00000 0.49139 0.00000 0.50861 ( 4)
 180 R   0.00803 0.50613 0.05661 0.42924 ( 2)
 181 L   0.68561 0.00853 0.30483 0.00103 ( 1)
 182 K   0.00164 0.99436 0.00000 0.00399 ( 2)
 183 C   0.00000 0.63971 0.00000 0.36029 ( 2)
 184 K   0.00001 0.95382 0.00000 0.04616 ( 2)
 185 I   0.01348 0.01214 0.95433 0.02006 ( 3)
 186 A   0.00000 0.99358 0.00000 0.00642 ( 2)
 187 E   0.00000 0.35898 0.00001 0.64101 ( 4)
 188 Y   0.93548 0.00019 0.06433 0.00001 ( 1)
 189 T   0.00067 0.00252 0.97948 0.01733 ( 3)
 190 D   0.02581 0.00022 0.97388 0.00009 ( 3)
 191 Y   0.91920 0.01140 0.06906 0.00034 ( 1)
 192 C   0.99676 0.00062 0.00262 0.00000 ( 1)
 193 E   0.00000 0.07314 0.01844 0.90843 ( 4)
 194 Y   0.00000 0.02606 0.00001 0.97393 ( 4)
 195 W   0.00017 0.92143 0.00001 0.07839 ( 2)
 196 Y   0.99779 0.00002 0.00219 0.00000 ( 1)
 197 Q   0.23574 0.70316 0.01162 0.04949 ( 2)
 198 A   0.00000 0.30292 0.00000 0.69707 ( 4)
 199 G   0.99816 0.00001 0.00184 0.00000 ( 1)
 200 L   0.98905 0.00246 0.00845 0.00004 ( 1)
 201 N   0.96666 0.01234 0.02086 0.00015 ( 1)
 202 Q   0.00218 0.93527 0.00010 0.06245 ( 2)
 203 I   0.98004 0.01903 0.00087 0.00006 ( 1)
 204 K   0.85368 0.06184 0.08309 0.00139 ( 1)
 205 Q   0.00000 0.41049 0.00000 0.58950 ( 4)
 206 A   0.00000 0.01711 0.00436 0.97853 ( 4)
 207 G   0.97124 0.00033 0.02842 0.00002 ( 1)
 208 T   0.00104 0.86003 0.00300 0.13594 ( 2)
 209 G   0.00004 0.64375 0.00308 0.35313 ( 2)
 210 A   0.24603 0.10268 0.63646 0.01483 ( 3)
 211 D   0.00000 0.08319 0.00005 0.91676 ( 4)
 212 T   0.00000 0.85507 0.00000 0.14493 ( 2)
 213 W   0.92383 0.01794 0.05670 0.00153 ( 1)
 214 A   0.00001 0.00799 0.64887 0.34313 ( 3)
 215 K   0.87328 0.12510 0.00112 0.00050 ( 1)
 216 F   0.99928 0.00000 0.00072 0.00000 ( 1)
 217 N   0.99741 0.00221 0.00038 0.00000 ( 1)
 218 K   0.00036 0.99564 0.00000 0.00400 ( 2)
 219 F   0.99797 0.00091 0.00111 0.00000 ( 1)
 220 R   0.99046 0.00192 0.00759 0.00003 ( 1)
 221 R   0.98916 0.00751 0.00327 0.00006 ( 1)
 222 E   0.96700 0.03152 0.00134 0.00013 ( 1)
 223 M   0.99877 0.00000 0.00123 0.00000 ( 1)
 224 T   0.96755 0.00004 0.03241 0.00000 ( 1)
 225 L   0.93260 0.03854 0.02706 0.00180 ( 1)
 226 T   0.00002 0.36896 0.00117 0.62984 ( 4)
 227 V   0.99819 0.00002 0.00179 0.00000 ( 1)
 228 L   0.96968 0.00069 0.02959 0.00003 ( 1)
 229 D   0.99959 0.00000 0.00041 0.00000 ( 1)
 230 I   0.98603 0.01308 0.00085 0.00004 ( 1)
 231 I   0.93269 0.00405 0.06287 0.00039 ( 1)
 232 A   0.05069 0.94491 0.00008 0.00432 ( 2)
 233 I   0.12093 0.84537 0.00811 0.02559 ( 2)
 234 F   0.99755 0.00173 0.00072 0.00000 ( 1)
 235 Q   0.72887 0.07125 0.19430 0.00559 ( 1)
 236 T   0.00170 0.97686 0.00009 0.02135 ( 2)


lnL = -8704.833877

