Supplemental results for CODEML (seqf: algn  treef: tree)


dN/dS (w) for site classes (K=4)

site class             0        1       2a       2b
proportion       0.71048  0.25886  0.02247  0.00819
background w     0.15001  1.00000  0.15001  1.00000
foreground w     0.15001  1.00000 999.00000 999.00000

Naive Empirical Bayes (NEB) probabilities for 4 classes
(amino acids refer to 1st sequence: BT_Cry1A-like)

   1 -   0.71048 0.25886 0.02247 0.00819 ( 1)
   2 -   0.71048 0.25886 0.02247 0.00819 ( 1)
   3 -   0.06539 0.90396 0.00207 0.02859 ( 2)
   4 S   0.47283 0.49652 0.01495 0.01570 ( 2)
   5 A   0.62575 0.34359 0.01979 0.01087 ( 1)
   6 E   0.00519 0.96415 0.00016 0.03049 ( 2)
   7 F   0.89784 0.07151 0.02839 0.00226 ( 1)
   8 N   0.00708 0.96227 0.00022 0.03043 ( 2)
   9 N   0.68576 0.28359 0.02169 0.00897 ( 1)
  10 I   0.16455 0.80479 0.00520 0.02545 ( 2)
  11 I   0.91799 0.05136 0.02903 0.00162 ( 1)
  12 P   0.88502 0.08433 0.02799 0.00267 ( 1)
  13 S   0.88186 0.08749 0.02789 0.00277 ( 1)
  14 S   0.24754 0.74628 0.00109 0.00509 ( 2)
  15 Q   0.00000 0.91665 0.00000 0.08335 ( 2)
  16 I   0.01393 0.00001 0.98602 0.00004 ( 3)
  17 T   0.99087 0.00775 0.00136 0.00001 ( 1)
  18 Q   0.99924 0.00034 0.00042 0.00000 ( 1)
  19 I   0.93799 0.00002 0.06199 0.00000 ( 1)
  20 P   0.99655 0.00013 0.00332 0.00000 ( 1)
  21 L   0.00515 0.09681 0.15863 0.73941 ( 4)
  22 T   0.96273 0.00029 0.03697 0.00001 ( 1)
  23 K   0.98511 0.00987 0.00500 0.00002 ( 1)
  24 S   0.27297 0.07671 0.61353 0.03679 ( 3)
  25 T   0.00000 0.88016 0.00000 0.11984 ( 2)
  26 N   0.41094 0.46555 0.10762 0.01589 ( 2)
  27 L   0.93331 0.06601 0.00063 0.00005 ( 1)
  28 G   0.00000 0.21704 0.00000 0.78296 ( 4)
  29 S   0.81960 0.17912 0.00101 0.00027 ( 1)
  30 G   0.99457 0.00078 0.00465 0.00000 ( 1)
  31 T   0.01142 0.97765 0.00054 0.01040 ( 2)
  32 S   0.67166 0.30247 0.01804 0.00784 ( 1)
  33 V   0.99501 0.00002 0.00497 0.00000 ( 1)
  34 V   0.73074 0.00276 0.26641 0.00008 ( 1)
  35 K   0.41749 0.58116 0.00053 0.00082 ( 2)
  36 G   0.99926 0.00003 0.00071 0.00000 ( 1)
  37 P   0.99930 0.00017 0.00053 0.00000 ( 1)
  38 G   0.99916 0.00014 0.00070 0.00000 ( 1)
  39 F   0.99902 0.00000 0.00098 0.00000 ( 1)
  40 T   0.99863 0.00000 0.00137 0.00000 ( 1)
  41 G   0.99917 0.00000 0.00083 0.00000 ( 1)
  42 G   0.99790 0.00134 0.00075 0.00000 ( 1)
  43 D   0.99910 0.00000 0.00090 0.00000 ( 1)
  44 I   0.99760 0.00050 0.00189 0.00000 ( 1)
  45 L   0.99927 0.00005 0.00068 0.00000 ( 1)
  46 R   0.57157 0.42802 0.00024 0.00018 ( 1)
  47 R   0.99853 0.00046 0.00101 0.00000 ( 1)
  48 T   0.93628 0.06164 0.00191 0.00017 ( 1)
  49 S   0.12001 0.87310 0.00280 0.00410 ( 2)
  50 P   0.33763 0.66153 0.00027 0.00058 ( 2)
  51 G   0.99938 0.00016 0.00046 0.00000 ( 1)
  52 Q   0.00995 0.98984 0.00000 0.00020 ( 2)
  53 I   0.99794 0.00000 0.00206 0.00000 ( 1)
  54 S   0.09196 0.90678 0.00011 0.00116 ( 2)
  55 T   0.99814 0.00061 0.00125 0.00000 ( 1)
  56 L   0.07083 0.92810 0.00007 0.00099 ( 2)
  57 R   0.98922 0.00960 0.00117 0.00001 ( 1)
  58 V   0.95704 0.04197 0.00094 0.00005 ( 1)
  59 N   0.99861 0.00006 0.00133 0.00000 ( 1)
  60 -   0.71048 0.25886 0.02247 0.00819 ( 1)
  61 I   0.99830 0.00000 0.00170 0.00000 ( 1)
  62 T   0.69488 0.30336 0.00115 0.00062 ( 1)
  63 A   0.00058 0.99836 0.00000 0.00106 ( 2)
  64 P   0.58175 0.41771 0.00031 0.00024 ( 1)
  65 L   0.99597 0.00320 0.00082 0.00000 ( 1)
  66 S   0.99842 0.00077 0.00081 0.00000 ( 1)
  67 Q   0.98057 0.01901 0.00041 0.00001 ( 1)
  68 R   0.99900 0.00000 0.00100 0.00000 ( 1)
  69 Y   0.99921 0.00001 0.00078 0.00000 ( 1)
  70 R   0.97824 0.02135 0.00040 0.00001 ( 1)
  71 V   0.99901 0.00002 0.00098 0.00000 ( 1)
  72 R   0.99863 0.00021 0.00116 0.00000 ( 1)
  73 I   0.99829 0.00001 0.00170 0.00000 ( 1)
  74 R   0.95968 0.04000 0.00031 0.00001 ( 1)
  75 Y   0.99950 0.00004 0.00046 0.00000 ( 1)
  76 A   0.99887 0.00000 0.00113 0.00000 ( 1)
  77 S   0.99901 0.00002 0.00097 0.00000 ( 1)
  78 T   0.99348 0.00000 0.00652 0.00000 ( 1)
  79 T   0.99857 0.00006 0.00137 0.00000 ( 1)
  80 N   0.99861 0.00008 0.00131 0.00000 ( 1)
  81 L   0.99854 0.00064 0.00082 0.00000 ( 1)
  82 Q   0.98573 0.01385 0.00042 0.00001 ( 1)
  83 F   0.99948 0.00008 0.00044 0.00000 ( 1)
  84 H   0.04255 0.95691 0.00002 0.00052 ( 2)
  85 T   0.97199 0.02659 0.00138 0.00005 ( 1)
  86 S   0.00218 0.99696 0.00000 0.00085 ( 2)
  87 I   0.99828 0.00001 0.00170 0.00000 ( 1)
  88 D   0.51058 0.48903 0.00020 0.00020 ( 1)
  89 G   0.99927 0.00002 0.00070 0.00000 ( 1)
  90 R   0.98516 0.01384 0.00098 0.00002 ( 1)
  91 P   0.91887 0.08038 0.00068 0.00007 ( 1)
  92 I   0.99818 0.00012 0.00170 0.00000 ( 1)
  93 N   0.99870 0.00000 0.00130 0.00000 ( 1)
  94 Q   0.00000 0.99983 0.00000 0.00017 ( 2)
  95 G   0.94304 0.05671 0.00024 0.00001 ( 1)
  96 N   0.99866 0.00004 0.00130 0.00000 ( 1)
  97 F   0.99845 0.00052 0.00103 0.00000 ( 1)
  98 S   0.00517 0.99385 0.00000 0.00097 ( 2)
  99 A   0.39445 0.60455 0.00037 0.00063 ( 2)
 100 T   0.99836 0.00000 0.00164 0.00000 ( 1)
 101 M   0.99878 0.00091 0.00032 0.00000 ( 1)
 102 S   0.99533 0.00324 0.00143 0.00001 ( 1)
 103 S   0.95568 0.04303 0.00122 0.00007 ( 1)
 104 G   0.27313 0.72662 0.00007 0.00018 ( 2)
 105 S   0.00001 0.99803 0.00000 0.00196 ( 2)
 106 N   0.12126 0.87707 0.00017 0.00151 ( 2)
 107 L   0.99904 0.00013 0.00082 0.00000 ( 1)
 108 Q   0.11495 0.88488 0.00002 0.00015 ( 2)
 109 S   0.06449 0.93481 0.00004 0.00066 ( 2)
 110 A   0.07168 0.92754 0.00005 0.00072 ( 2)
 111 S   0.00186 0.99770 0.00000 0.00044 ( 2)
 112 F   0.99827 0.00074 0.00099 0.00000 ( 1)
 113 R   0.99894 0.00081 0.00025 0.00000 ( 1)
 114 T   0.99694 0.00141 0.00164 0.00000 ( 1)
 115 V   0.03520 0.96365 0.00004 0.00111 ( 2)
 116 G   0.99699 0.00212 0.00088 0.00000 ( 1)
 117 F   0.99902 0.00000 0.00098 0.00000 ( 1)
 118 T   0.99833 0.00001 0.00166 0.00000 ( 1)
 119 T   0.99836 0.00000 0.00164 0.00000 ( 1)
 120 P   0.99951 0.00006 0.00044 0.00000 ( 1)
 121 F   0.99902 0.00000 0.00098 0.00000 ( 1)
 122 N   0.33203 0.66742 0.00018 0.00036 ( 2)
 123 F   0.99898 0.00004 0.00098 0.00000 ( 1)
 124 S   0.37317 0.62599 0.00030 0.00053 ( 2)
 125 N   0.64271 0.35566 0.00099 0.00063 ( 1)
 126 G   0.01894 0.98015 0.00002 0.00089 ( 2)
 127 S   0.00834 0.99069 0.00001 0.00096 ( 2)
 128 S   0.99437 0.00431 0.00132 0.00001 ( 1)
 129 V   0.93394 0.06486 0.00111 0.00009 ( 1)
 130 F   0.99882 0.00013 0.00105 0.00000 ( 1)
 131 T   0.98587 0.01361 0.00051 0.00001 ( 1)
 132 L   0.96481 0.03436 0.00080 0.00003 ( 1)
 133 S   0.99726 0.00150 0.00124 0.00000 ( 1)
 134 A   0.94498 0.05388 0.00107 0.00007 ( 1)
 135 H   0.00022 0.99921 0.00000 0.00056 ( 2)
 136 V   0.00000 0.99907 0.00000 0.00093 ( 2)
 137 F   0.99867 0.00089 0.00044 0.00000 ( 1)
 138 N   0.99695 0.00154 0.00150 0.00000 ( 1)
 139 S   0.06650 0.93265 0.00005 0.00080 ( 2)
 140 G   0.47442 0.52515 0.00020 0.00023 ( 2)
 141 -   0.71048 0.25886 0.02247 0.00819 ( 1)
 142 N   0.65658 0.34192 0.00092 0.00058 ( 1)
 143 E   0.99887 0.00038 0.00075 0.00000 ( 1)
 144 V   0.99881 0.00002 0.00117 0.00000 ( 1)
 145 Y   0.99834 0.00087 0.00078 0.00000 ( 1)
 146 I   0.99857 0.00004 0.00140 0.00000 ( 1)
 147 D   0.99908 0.00002 0.00090 0.00000 ( 1)
 148 R   0.75905 0.24054 0.00031 0.00010 ( 1)
 149 I   0.99830 0.00000 0.00170 0.00000 ( 1)
 150 E   0.99925 0.00000 0.00075 0.00000 ( 1)
 151 F   0.99902 0.00000 0.00098 0.00000 ( 1)
 152 V   0.99873 0.00007 0.00120 0.00000 ( 1)
 153 -   0.89484 0.07450 0.02830 0.00236 ( 1)


lnL = -4552.305126

Bayes Empirical Bayes (BEB) probabilities for 4 classes (class)
(amino acids refer to 1st sequence: BT_Cry1A-like)

   1 -   0.61543 0.23082 0.11192 0.04183 ( 1)
   2 -   0.61543 0.23082 0.11192 0.04183 ( 1)
   3 -   0.05696 0.78929 0.01041 0.14334 ( 2)
   4 S   0.40868 0.43757 0.07442 0.07933 ( 2)
   5 A   0.54132 0.30493 0.09848 0.05527 ( 1)
   6 E   0.00454 0.84172 0.00083 0.15292 ( 2)
   7 F   0.78168 0.06458 0.14204 0.01170 ( 1)
   8 N   0.00618 0.84007 0.00113 0.15262 ( 2)
   9 N   0.59375 0.25251 0.10799 0.04576 ( 1)
  10 I   0.14287 0.70338 0.02609 0.12766 ( 2)
  11 I   0.79980 0.04645 0.14533 0.00842 ( 1)
  12 P   0.77017 0.07608 0.13996 0.01379 ( 1)
  13 S   0.76734 0.07892 0.13945 0.01430 ( 1)
  14 S   0.21351 0.65012 0.03276 0.10361 ( 2)
  15 Q   0.00000 0.79403 0.00000 0.20597 ( 2)
  16 I   0.14660 0.00009 0.85326 0.00005 ( 3)
  17 T   0.86296 0.00702 0.12892 0.00110 ( 1)
  18 Q   0.85883 0.00030 0.14081 0.00005 ( 1)
  19 I   0.87083 0.00002 0.12915 0.00000 ( 1)
  20 P   0.86380 0.00012 0.13606 0.00002 ( 1)
  21 L   0.02861 0.54001 0.11373 0.31766 ( 2)
  22 T   0.79872 0.00025 0.20097 0.00006 ( 1)
  23 K   0.84751 0.00883 0.14216 0.00151 ( 1)
  24 S   0.61148 0.17732 0.17809 0.03311 ( 1)
  25 T   0.00000 0.82007 0.00000 0.17993 ( 2)
  26 N   0.30094 0.34853 0.27732 0.07320 ( 2)
  27 L   0.80738 0.05927 0.12389 0.00946 ( 1)
  28 G   0.00000 0.81878 0.00000 0.18122 ( 2)
  29 S   0.70710 0.15966 0.10780 0.02544 ( 1)
  30 G   0.86824 0.00071 0.13094 0.00011 ( 1)
  31 T   0.00970 0.83045 0.00246 0.15739 ( 2)
  32 S   0.58479 0.27069 0.09818 0.04634 ( 1)
  33 V   0.87144 0.00002 0.12854 0.00000 ( 1)
  34 V   0.31602 0.00124 0.68246 0.00029 ( 3)
  35 K   0.35862 0.50775 0.05397 0.07966 ( 2)
  36 G   0.86460 0.00003 0.13538 0.00000 ( 1)
  37 P   0.86376 0.00015 0.13606 0.00002 ( 1)
  38 G   0.86449 0.00013 0.13536 0.00002 ( 1)
  39 F   0.87030 0.00000 0.12969 0.00000 ( 1)
  40 T   0.87002 0.00000 0.12998 0.00000 ( 1)
  41 G   0.86462 0.00000 0.13538 0.00000 ( 1)
  42 G   0.86340 0.00121 0.13519 0.00020 ( 1)
  43 D   0.87162 0.00000 0.12837 0.00000 ( 1)
  44 I   0.87356 0.00046 0.12592 0.00007 ( 1)
  45 L   0.86691 0.00005 0.13303 0.00001 ( 1)
  46 R   0.48341 0.37035 0.08241 0.06382 ( 1)
  47 R   0.86874 0.00041 0.13078 0.00007 ( 1)
  48 T   0.81695 0.05583 0.11859 0.00863 ( 1)
  49 S   0.10277 0.75135 0.01950 0.12638 ( 2)
  50 P   0.28914 0.57434 0.04467 0.09184 ( 2)
  51 G   0.85281 0.00014 0.14702 0.00003 ( 1)
  52 Q   0.00846 0.84148 0.00149 0.14857 ( 2)
  53 I   0.87307 0.00000 0.12693 0.00000 ( 1)
  54 S   0.07875 0.77922 0.01276 0.12927 ( 2)
  55 T   0.85377 0.00054 0.14560 0.00009 ( 1)
  56 L   0.06072 0.79774 0.00981 0.13173 ( 2)
  57 R   0.86049 0.00868 0.12945 0.00137 ( 1)
  58 V   0.83090 0.03785 0.12529 0.00596 ( 1)
  59 N   0.87419 0.00005 0.12575 0.00001 ( 1)
  60 -   0.61543 0.23082 0.11192 0.04183 ( 1)
  61 I   0.87405 0.00000 0.12595 0.00000 ( 1)
  62 T   0.60137 0.26995 0.08711 0.04157 ( 1)
  63 A   0.00050 0.86359 0.00008 0.13583 ( 2)
  64 P   0.49710 0.36534 0.07829 0.05926 ( 1)
  65 L   0.85875 0.00287 0.13790 0.00047 ( 1)
  66 S   0.86106 0.00069 0.13814 0.00011 ( 1)
  67 Q   0.84211 0.01697 0.13807 0.00284 ( 1)
  68 R   0.86925 0.00000 0.13074 0.00000 ( 1)
  69 Y   0.86556 0.00001 0.13443 0.00000 ( 1)
  70 R   0.83049 0.01884 0.14732 0.00335 ( 1)
  71 V   0.86894 0.00002 0.13104 0.00000 ( 1)
  72 R   0.86904 0.00019 0.13074 0.00003 ( 1)
  73 I   0.87404 0.00001 0.12595 0.00000 ( 1)
  74 R   0.81584 0.03532 0.14263 0.00621 ( 1)
  75 Y   0.85179 0.00003 0.14817 0.00001 ( 1)
  76 A   0.87200 0.00000 0.12800 0.00000 ( 1)
  77 S   0.86772 0.00002 0.13225 0.00000 ( 1)
  78 T   0.87237 0.00000 0.12762 0.00000 ( 1)
  79 T   0.86997 0.00006 0.12997 0.00001 ( 1)
  80 N   0.87414 0.00007 0.12578 0.00001 ( 1)
  81 L   0.86106 0.00057 0.13827 0.00009 ( 1)
  82 Q   0.84673 0.01237 0.13883 0.00207 ( 1)
  83 F   0.85538 0.00008 0.14453 0.00001 ( 1)
  84 H   0.03664 0.82531 0.00570 0.13235 ( 2)
  85 T   0.84583 0.02405 0.12635 0.00377 ( 1)
  86 S   0.00188 0.85677 0.00030 0.14106 ( 2)
  87 I   0.87404 0.00001 0.12595 0.00000 ( 1)
  88 D   0.43212 0.42246 0.07310 0.07232 ( 1)
  89 G   0.86460 0.00002 0.13538 0.00000 ( 1)
  90 R   0.85667 0.01252 0.12884 0.00197 ( 1)
  91 P   0.79393 0.07204 0.12249 0.01153 ( 1)
  92 I   0.87394 0.00011 0.12594 0.00002 ( 1)
  93 N   0.87425 0.00000 0.12575 0.00000 ( 1)
  94 Q   0.00000 0.84999 0.00000 0.15000 ( 2)
  95 G   0.80132 0.05002 0.13987 0.00879 ( 1)
  96 N   0.87421 0.00003 0.12575 0.00001 ( 1)
  97 F   0.86982 0.00047 0.12963 0.00007 ( 1)
  98 S   0.00444 0.85358 0.00072 0.14125 ( 2)
  99 A   0.33861 0.52732 0.05112 0.08294 ( 2)
 100 T   0.87336 0.00000 0.12664 0.00000 ( 1)
 101 M   0.86644 0.00082 0.13261 0.00013 ( 1)
 102 S   0.86976 0.00295 0.12685 0.00045 ( 1)
 103 S   0.83457 0.03904 0.12042 0.00598 ( 1)
 104 G   0.23056 0.62012 0.04037 0.10895 ( 2)
 105 S   0.00001 0.86609 0.00000 0.13390 ( 2)
 106 N   0.10510 0.76384 0.01510 0.11596 ( 2)
 107 L   0.86152 0.00012 0.13835 0.00002 ( 1)
 108 Q   0.09735 0.75274 0.01714 0.13276 ( 2)
 109 S   0.05482 0.79654 0.00953 0.13911 ( 2)
 110 A   0.06162 0.79949 0.00967 0.12922 ( 2)
 111 S   0.00159 0.85348 0.00027 0.14466 ( 2)
 112 F   0.86963 0.00067 0.12959 0.00011 ( 1)
 113 R   0.85525 0.00072 0.14390 0.00012 ( 1)
 114 T   0.87205 0.00129 0.12646 0.00020 ( 1)
 115 V   0.03042 0.83373 0.00460 0.13126 ( 2)
 116 G   0.86715 0.00192 0.13063 0.00030 ( 1)
 117 F   0.87031 0.00000 0.12969 0.00000 ( 1)
 118 T   0.87335 0.00001 0.12664 0.00000 ( 1)
 119 T   0.87336 0.00000 0.12664 0.00000 ( 1)
 120 P   0.85072 0.00005 0.14922 0.00001 ( 1)
 121 F   0.87031 0.00000 0.12969 0.00000 ( 1)
 122 N   0.28179 0.57406 0.04698 0.09717 ( 2)
 123 F   0.87027 0.00004 0.12969 0.00001 ( 1)
 124 S   0.31809 0.54169 0.05107 0.08914 ( 2)
 125 N   0.55539 0.31537 0.08083 0.04841 ( 1)
 126 G   0.01631 0.84431 0.00257 0.13681 ( 2)
 127 S   0.00716 0.85093 0.00115 0.14076 ( 2)
 128 S   0.87007 0.00392 0.12541 0.00060 ( 1)
 129 V   0.80909 0.05832 0.12331 0.00928 ( 1)
 130 F   0.87017 0.00012 0.12969 0.00002 ( 1)
 131 T   0.84057 0.01207 0.14526 0.00210 ( 1)
 132 L   0.83077 0.03074 0.13341 0.00507 ( 1)
 133 S   0.87245 0.00137 0.12597 0.00021 ( 1)
 134 A   0.82296 0.04872 0.12078 0.00754 ( 1)
 135 H   0.00019 0.86147 0.00003 0.13831 ( 2)
 136 V   0.00000 0.85212 0.00000 0.14788 ( 2)
 137 F   0.85467 0.00079 0.14441 0.00014 ( 1)
 138 N   0.87207 0.00140 0.12631 0.00022 ( 1)
 139 S   0.05704 0.80181 0.00917 0.13199 ( 2)
 140 G   0.40047 0.45179 0.06916 0.07858 ( 2)
 141 -   0.61543 0.23082 0.11192 0.04183 ( 1)
 142 N   0.56835 0.30383 0.08165 0.04617 ( 1)
 143 E   0.86725 0.00034 0.13235 0.00005 ( 1)
 144 V   0.87221 0.00002 0.12778 0.00000 ( 1)
 145 Y   0.86478 0.00079 0.13430 0.00013 ( 1)
 146 I   0.87178 0.00003 0.12818 0.00001 ( 1)
 147 D   0.87161 0.00002 0.12837 0.00000 ( 1)
 148 R   0.64382 0.21026 0.10968 0.03623 ( 1)
 149 I   0.87405 0.00000 0.12595 0.00000 ( 1)
 150 E   0.86760 0.00000 0.13240 0.00000 ( 1)
 151 F   0.87031 0.00000 0.12969 0.00000 ( 1)
 152 V   0.87216 0.00006 0.12777 0.00001 ( 1)
 153 -   0.77899 0.06727 0.14156 0.01219 ( 1)

