Supplemental results for CODEML (seqf: algn  treef: tree)


dN/dS (w) for site classes (K=4)

site class             0        1       2a       2b
proportion       0.42804  0.50428  0.03107  0.03660
background w     0.10079  1.00000  0.10079  1.00000
foreground w     0.10079  1.00000 113.33357 113.33357

Naive Empirical Bayes (NEB) probabilities for 4 classes
(amino acids refer to 1st sequence: BT_Cry4Ba1)

   1 Y   0.45330 0.47902 0.03290 0.03477 ( 2)
   2 T   0.58528 0.34705 0.04248 0.02519 ( 1)
   3 D   0.60675 0.32557 0.04404 0.02363 ( 1)
   4 A   0.00230 0.78242 0.03759 0.17770 ( 2)
   5 I   0.95404 0.04108 0.00457 0.00031 ( 1)
   6 T   0.92982 0.04737 0.02110 0.00171 ( 1)
   7 Q   0.78538 0.21316 0.00109 0.00036 ( 1)
   8 V   0.95282 0.02749 0.01899 0.00069 ( 1)
   9 P   0.02378 0.12134 0.53743 0.31745 ( 3)
  10 A   0.96565 0.03158 0.00264 0.00013 ( 1)
  11 V   0.89808 0.05347 0.04497 0.00349 ( 1)
  12 K   0.42876 0.33527 0.21049 0.02548 ( 1)
  13 S   0.26346 0.65910 0.05733 0.02012 ( 2)
  14 N   0.01360 0.91182 0.00669 0.06789 ( 2)
  15 F   0.00001 0.44057 0.00122 0.55820 ( 4)
  16 L   0.46917 0.46316 0.03406 0.03362 ( 1)
  17 N   0.00791 0.01725 0.94825 0.02659 ( 3)
  18 A   0.10295 0.89598 0.00010 0.00097 ( 2)
  19 T   0.00562 0.70871 0.09727 0.18841 ( 2)
  20 A   0.00078 0.32308 0.10836 0.56779 ( 4)
  21 K   0.00000 0.00805 0.01213 0.97981 ( 4)
  22 V   0.97031 0.02701 0.00258 0.00010 ( 1)
  23 I   0.95404 0.04108 0.00457 0.00031 ( 1)
  24 K   0.01250 0.91959 0.00682 0.06108 ( 2)
  25 G   0.97642 0.02213 0.00141 0.00004 ( 1)
  26 P   0.98053 0.01796 0.00148 0.00004 ( 1)
  27 G   0.97431 0.02424 0.00141 0.00005 ( 1)
  28 H   0.52200 0.47562 0.00103 0.00134 ( 1)
  29 T   0.96270 0.03360 0.00352 0.00018 ( 1)
  30 G   0.96624 0.03203 0.00165 0.00008 ( 1)
  31 G   0.93717 0.04459 0.01725 0.00098 ( 1)
  32 D   0.98622 0.01113 0.00261 0.00005 ( 1)
  33 L   0.94294 0.05527 0.00166 0.00012 ( 1)
  34 V   0.92957 0.02684 0.04206 0.00153 ( 1)
  35 A   0.43057 0.56634 0.00104 0.00205 ( 2)
  36 L   0.12940 0.86897 0.00015 0.00148 ( 2)
  37 T   0.00640 0.72854 0.09504 0.17003 ( 2)
  38 S   0.00158 0.71569 0.00431 0.27842 ( 2)
  39 N   0.96272 0.03616 0.00107 0.00005 ( 1)
  40 G   0.58595 0.10183 0.30551 0.00671 ( 1)
  41 T   0.68223 0.31700 0.00050 0.00027 ( 1)
  42 L   0.77307 0.22402 0.00205 0.00086 ( 1)
  43 S   0.27969 0.71677 0.00070 0.00285 ( 2)
  44 -   0.42804 0.50428 0.03107 0.03660 ( 2)
  45 G   0.06190 0.93687 0.00007 0.00116 ( 2)
  46 R   0.77420 0.22124 0.00312 0.00144 ( 1)
  47 M   0.56625 0.43141 0.00112 0.00122 ( 1)
  48 E   0.38234 0.61296 0.00140 0.00330 ( 2)
  49 I   0.23991 0.71687 0.00961 0.03361 ( 2)
  50 Q   0.18978 0.80637 0.00052 0.00333 ( 2)
  51 C   0.13806 0.80972 0.02762 0.02460 ( 2)
  52 K   0.65979 0.33963 0.00038 0.00021 ( 1)
  53 T   0.25057 0.74797 0.00031 0.00115 ( 2)
  54 S   0.36520 0.56712 0.02651 0.04117 ( 2)
  55 I   0.01826 0.91407 0.00133 0.06635 ( 2)
  56 F   0.57680 0.35553 0.04187 0.02581 ( 1)
  57 N   0.61964 0.31269 0.04498 0.02270 ( 1)
  58 D   0.60675 0.32557 0.04404 0.02363 ( 1)
  59 P   0.55416 0.37817 0.04022 0.02745 ( 1)
  60 T   0.19964 0.73269 0.01449 0.05318 ( 2)
  61 R   0.01554 0.91679 0.00113 0.06655 ( 2)
  62 S   0.10212 0.83020 0.00741 0.06026 ( 2)
  63 Y   0.00237 0.98809 0.00002 0.00953 ( 2)
  64 G   0.00300 0.96432 0.00069 0.03199 ( 2)
  65 L   0.30630 0.68782 0.00131 0.00458 ( 2)
  66 R   0.93752 0.06151 0.00090 0.00007 ( 1)
  67 I   0.72394 0.25406 0.01549 0.00651 ( 1)
  68 R   0.98004 0.01900 0.00094 0.00002 ( 1)
  69 Y   0.97966 0.01853 0.00177 0.00004 ( 1)
  70 A   0.97872 0.01853 0.00268 0.00008 ( 1)
  71 A   0.04270 0.95583 0.00005 0.00143 ( 2)
  72 N   0.40686 0.59172 0.00051 0.00091 ( 2)
  73 S   0.69626 0.30316 0.00040 0.00019 ( 1)
  74 P   0.02737 0.96617 0.00010 0.00636 ( 2)
  75 I   0.77606 0.22090 0.00212 0.00091 ( 1)
  76 V   0.29400 0.70417 0.00046 0.00137 ( 2)
  77 L   0.19687 0.80104 0.00035 0.00174 ( 2)
  78 N   0.02317 0.95297 0.00044 0.02342 ( 2)
  79 V   0.05362 0.94040 0.00021 0.00576 ( 2)
  80 S   0.00785 0.99052 0.00001 0.00162 ( 2)
  81 Y   0.38255 0.61496 0.00076 0.00174 ( 2)
  82 V   0.03634 0.89598 0.00264 0.06504 ( 2)
  83 L   0.01215 0.92018 0.00088 0.06679 ( 2)
  84 Q   0.01009 0.92224 0.00073 0.06694 ( 2)
  85 G   0.26641 0.73122 0.00048 0.00190 ( 2)
  86 V   0.04861 0.94400 0.00022 0.00717 ( 2)
  87 S   0.00391 0.99333 0.00001 0.00276 ( 2)
  88 R   0.00475 0.99277 0.00001 0.00247 ( 2)
  89 G   0.11205 0.88712 0.00008 0.00075 ( 2)
  90 T   0.00296 0.99551 0.00000 0.00153 ( 2)
  91 T   0.00080 0.93733 0.00032 0.06155 ( 2)
  92 I   0.49778 0.49605 0.00239 0.00379 ( 1)
  93 S   0.00010 0.97695 0.00000 0.02294 ( 2)
  94 T   0.00922 0.98845 0.00002 0.00231 ( 2)
  95 E   0.00444 0.98965 0.00002 0.00590 ( 2)
  96 S   0.02264 0.97483 0.00004 0.00249 ( 2)
  97 T   0.11392 0.88093 0.00042 0.00474 ( 2)
  98 F   0.13140 0.86226 0.00056 0.00578 ( 2)
  99 S   0.95899 0.03944 0.00149 0.00008 ( 1)
 100 R   0.19644 0.80169 0.00031 0.00156 ( 2)
 101 P   0.09232 0.90084 0.00038 0.00646 ( 2)
 102 N   0.31256 0.68145 0.00127 0.00472 ( 2)
 103 N   0.86276 0.13264 0.00355 0.00105 ( 1)
 104 I   0.60057 0.33176 0.04359 0.02408 ( 1)
 105 I   0.60057 0.33176 0.04359 0.02408 ( 1)
 106 P   0.55416 0.37817 0.04022 0.02745 ( 1)
 107 T   0.58528 0.34705 0.04248 0.02519 ( 1)
 108 D   0.60675 0.32557 0.04404 0.02363 ( 1)
 109 L   0.93356 0.06469 0.00160 0.00015 ( 1)
 110 K   0.80442 0.19428 0.00101 0.00030 ( 1)
 111 Y   0.97966 0.01853 0.00177 0.00004 ( 1)
 112 E   0.98279 0.01498 0.00218 0.00005 ( 1)
 113 E   0.00705 0.96887 0.00024 0.02384 ( 2)
 114 F   0.79992 0.19769 0.00174 0.00064 ( 1)
 115 R   0.06777 0.82771 0.03981 0.06471 ( 2)
 116 Y   0.18597 0.81075 0.00043 0.00285 ( 2)
 117 K   0.01050 0.97426 0.00089 0.01436 ( 2)
 118 D   0.00641 0.16545 0.63018 0.19796 ( 3)
 119 P   0.07857 0.81987 0.04275 0.05880 ( 2)
 120 F   0.00611 0.99200 0.00001 0.00187 ( 2)
 121 D   0.95518 0.04070 0.00385 0.00027 ( 1)
 122 A   0.00382 0.96346 0.00110 0.03162 ( 2)
 123 I   0.55398 0.44165 0.00194 0.00243 ( 1)
 124 V   0.57907 0.35325 0.04203 0.02564 ( 1)
 125 P   0.46052 0.47181 0.03343 0.03425 ( 2)
 126 M   0.58259 0.34973 0.04229 0.02539 ( 1)
 127 R   0.58384 0.34849 0.04238 0.02530 ( 1)
 128 L   0.51706 0.41526 0.03753 0.03014 ( 1)
 129 S   0.55742 0.37490 0.04046 0.02721 ( 1)
 130 S   0.02715 0.87785 0.00436 0.09063 ( 2)
 131 N   0.07891 0.91816 0.00016 0.00278 ( 2)
 132 Q   0.03258 0.25147 0.47220 0.24375 ( 3)
 133 L   0.00862 0.98582 0.00004 0.00552 ( 2)
 134 I   0.00094 0.90345 0.00079 0.09482 ( 2)
 135 T   0.55084 0.44706 0.00097 0.00113 ( 1)
 136 I   0.92281 0.07276 0.00394 0.00049 ( 1)
 137 A   0.02461 0.97284 0.00005 0.00250 ( 2)
 138 I   0.37724 0.59819 0.01253 0.01204 ( 2)
 139 Q   0.22734 0.76600 0.00104 0.00562 ( 2)
 140 P   0.52651 0.46740 0.00252 0.00357 ( 1)
 141 L   0.52772 0.47090 0.00066 0.00072 ( 1)
 142 N   0.97403 0.02189 0.00393 0.00014 ( 1)
 143 M   0.89202 0.09938 0.00775 0.00084 ( 1)
 144 T   0.89415 0.10320 0.00224 0.00041 ( 1)
 145 S   0.00187 0.98311 0.00002 0.01500 ( 2)
 146 N   0.84272 0.15254 0.00359 0.00115 ( 1)
 147 N   0.06090 0.93629 0.00012 0.00268 ( 2)
 148 Q   0.03110 0.96763 0.00003 0.00124 ( 2)
 149 V   0.70319 0.29344 0.00208 0.00129 ( 1)
 150 I   0.03322 0.96518 0.00005 0.00156 ( 2)
 151 I   0.71525 0.28306 0.00114 0.00055 ( 1)
 152 D   0.97836 0.01898 0.00258 0.00008 ( 1)
 153 R   0.84571 0.14901 0.00405 0.00123 ( 1)
 154 I   0.19403 0.78192 0.00692 0.01713 ( 2)
 155 E   0.93711 0.05476 0.00505 0.00307 ( 1)
 156 I   0.85323 0.12295 0.01564 0.00817 ( 1)
 157 I   0.65073 0.28874 0.03961 0.02092 ( 1)


lnL = -2016.590807

Bayes Empirical Bayes (BEB) probabilities for 4 classes (class)
(amino acids refer to 1st sequence: BT_Cry4Ba1)

   1 Y   0.45944 0.43603 0.05457 0.04996 ( 1)
   2 T   0.57834 0.31713 0.06832 0.03621 ( 1)
   3 D   0.59765 0.29782 0.07054 0.03399 ( 1)
   4 A   0.00531 0.52265 0.12704 0.34501 ( 2)
   5 I   0.93679 0.04295 0.01891 0.00135 ( 1)
   6 T   0.92287 0.04943 0.02569 0.00202 ( 1)
   7 Q   0.76445 0.20673 0.02196 0.00686 ( 1)
   8 V   0.93317 0.02926 0.03615 0.00142 ( 1)
   9 P   0.12377 0.42886 0.29786 0.14951 ( 2)
  10 A   0.95101 0.03286 0.01534 0.00078 ( 1)
  11 V   0.90589 0.05597 0.03536 0.00279 ( 1)
  12 K   0.40735 0.29158 0.26801 0.03305 ( 1)
  13 S   0.25911 0.48117 0.19745 0.06228 ( 2)
  14 N   0.03990 0.83804 0.02298 0.09907 ( 2)
  15 F   0.00008 0.37364 0.00557 0.62071 ( 4)
  16 L   0.47385 0.42162 0.05625 0.04828 ( 1)
  17 N   0.01250 0.01941 0.94022 0.02787 ( 3)
  18 A   0.15507 0.77814 0.01106 0.05573 ( 2)
  19 T   0.01195 0.48421 0.23088 0.27296 ( 2)
  20 A   0.00274 0.28963 0.19986 0.50777 ( 4)
  21 K   0.00022 0.18495 0.02541 0.78942 ( 4)
  22 V   0.95246 0.02869 0.01809 0.00077 ( 1)
  23 I   0.93679 0.04295 0.01891 0.00135 ( 1)
  24 K   0.02691 0.73601 0.04296 0.19411 ( 2)
  25 G   0.95729 0.02295 0.01916 0.00060 ( 1)
  26 P   0.96274 0.01884 0.01796 0.00046 ( 1)
  27 G   0.95474 0.02549 0.01911 0.00067 ( 1)
  28 H   0.55346 0.42795 0.00924 0.00935 ( 1)
  29 T   0.94334 0.03540 0.02017 0.00109 ( 1)
  30 G   0.95200 0.03282 0.01449 0.00069 ( 1)
  31 G   0.92032 0.04460 0.03318 0.00190 ( 1)
  32 D   0.97353 0.01248 0.01371 0.00027 ( 1)
  33 L   0.91660 0.05456 0.02692 0.00193 ( 1)
  34 V   0.93581 0.02936 0.03351 0.00131 ( 1)
  35 A   0.48476 0.49591 0.00817 0.01117 ( 2)
  36 L   0.21435 0.76858 0.00292 0.01414 ( 2)
  37 T   0.01355 0.50057 0.23332 0.25256 ( 2)
  38 S   0.00774 0.87075 0.00488 0.11664 ( 2)
  39 N   0.92688 0.03765 0.03388 0.00160 ( 1)
  40 G   0.39288 0.06661 0.52823 0.01228 ( 3)
  41 T   0.66213 0.29528 0.02879 0.01380 ( 1)
  42 L   0.76060 0.21911 0.01460 0.00568 ( 1)
  43 S   0.36023 0.62277 0.00484 0.01216 ( 2)
  44 -   0.43641 0.45906 0.05190 0.05263 ( 2)
  45 G   0.10239 0.82626 0.00793 0.06342 ( 2)
  46 R   0.75130 0.23067 0.01243 0.00560 ( 1)
  47 M   0.58451 0.39709 0.00973 0.00866 ( 1)
  48 E   0.44202 0.53223 0.00985 0.01590 ( 2)
  49 I   0.31712 0.63919 0.01364 0.03005 ( 2)
  50 Q   0.27693 0.70195 0.00468 0.01645 ( 2)
  51 C   0.20546 0.63536 0.09874 0.06044 ( 2)
  52 K   0.63321 0.30863 0.03882 0.01934 ( 1)
  53 T   0.32583 0.64324 0.00952 0.02141 ( 2)
  54 S   0.40931 0.48616 0.04990 0.05463 ( 2)
  55 I   0.04026 0.85521 0.00501 0.09952 ( 2)
  56 F   0.57082 0.32465 0.06746 0.03707 ( 1)
  57 N   0.60913 0.28634 0.07186 0.03267 ( 1)
  58 D   0.59765 0.29782 0.07054 0.03399 ( 1)
  59 P   0.55051 0.34496 0.06512 0.03941 ( 1)
  60 T   0.26636 0.62911 0.03274 0.07179 ( 2)
  61 R   0.03913 0.85634 0.00488 0.09965 ( 2)
  62 S   0.16689 0.72858 0.02066 0.08387 ( 2)
  63 Y   0.00909 0.95280 0.00030 0.03781 ( 2)
  64 G   0.00989 0.85664 0.00747 0.12601 ( 2)
  65 L   0.37142 0.60177 0.00816 0.01865 ( 2)
  66 R   0.91765 0.06012 0.02056 0.00167 ( 1)
  67 I   0.69516 0.23976 0.04689 0.01819 ( 1)
  68 R   0.95862 0.01937 0.02147 0.00054 ( 1)
  69 Y   0.96080 0.01929 0.01940 0.00051 ( 1)
  70 A   0.96376 0.02021 0.01555 0.00048 ( 1)
  71 A   0.09446 0.88000 0.00208 0.02346 ( 2)
  72 N   0.45527 0.51456 0.01322 0.01696 ( 2)
  73 S   0.66329 0.28019 0.03936 0.01716 ( 1)
  74 P   0.06239 0.90491 0.00144 0.03125 ( 2)
  75 I   0.75219 0.23023 0.01235 0.00523 ( 1)
  76 V   0.36570 0.60249 0.01099 0.02082 ( 2)
  77 L   0.25952 0.70763 0.00795 0.02491 ( 2)
  78 N   0.06549 0.89126 0.00252 0.04073 ( 2)
  79 V   0.10459 0.86609 0.00232 0.02700 ( 2)
  80 S   0.02002 0.92698 0.00107 0.05193 ( 2)
  81 Y   0.43908 0.54161 0.00736 0.01194 ( 2)
  82 V   0.05814 0.83733 0.00718 0.09735 ( 2)
  83 L   0.02499 0.87048 0.00311 0.10142 ( 2)
  84 Q   0.02107 0.87440 0.00262 0.10191 ( 2)
  85 G   0.33354 0.64759 0.00531 0.01357 ( 2)
  86 V   0.10578 0.86935 0.00189 0.02298 ( 2)
  87 S   0.01507 0.96336 0.00025 0.02131 ( 2)
  88 R   0.01476 0.96067 0.00030 0.02427 ( 2)
  89 G   0.16892 0.78583 0.00761 0.03764 ( 2)
  90 T   0.01119 0.95602 0.00033 0.03246 ( 2)
  91 T   0.00380 0.85323 0.00296 0.14001 ( 2)
  92 I   0.50888 0.46630 0.01049 0.01433 ( 1)
  93 S   0.00065 0.95365 0.00003 0.04567 ( 2)
  94 T   0.03049 0.94613 0.00058 0.02280 ( 2)
  95 E   0.01478 0.95803 0.00029 0.02691 ( 2)
  96 S   0.05123 0.92423 0.00102 0.02352 ( 2)
  97 T   0.16435 0.80734 0.00369 0.02462 ( 2)
  98 F   0.22747 0.74604 0.00467 0.02182 ( 2)
  99 S   0.93244 0.03933 0.02685 0.00138 ( 1)
 100 R   0.27391 0.69369 0.00826 0.02414 ( 2)
 101 P   0.17300 0.79560 0.00396 0.02744 ( 2)
 102 N   0.36645 0.61169 0.00621 0.01566 ( 2)
 103 N   0.84692 0.13499 0.01411 0.00397 ( 1)
 104 I   0.59200 0.30346 0.06989 0.03464 ( 1)
 105 I   0.59200 0.30346 0.06989 0.03464 ( 1)
 106 P   0.55051 0.34496 0.06512 0.03941 ( 1)
 107 T   0.57834 0.31713 0.06832 0.03621 ( 1)
 108 D   0.59765 0.29782 0.07054 0.03399 ( 1)
 109 L   0.91719 0.06474 0.01651 0.00156 ( 1)
 110 K   0.78171 0.18999 0.02208 0.00623 ( 1)
 111 Y   0.96080 0.01929 0.01940 0.00051 ( 1)
 112 E   0.96701 0.01613 0.01647 0.00039 ( 1)
 113 E   0.01941 0.90689 0.00220 0.07150 ( 2)
 114 F   0.78598 0.19640 0.01310 0.00452 ( 1)
 115 R   0.08970 0.66786 0.10719 0.13525 ( 2)
 116 Y   0.25932 0.71896 0.00462 0.01711 ( 2)
 117 K   0.03405 0.90142 0.00843 0.05610 ( 2)
 118 D   0.00941 0.14291 0.65000 0.19769 ( 3)
 119 P   0.12338 0.61759 0.13835 0.12068 ( 2)
 120 F   0.02133 0.95012 0.00053 0.02802 ( 2)
 121 D   0.94069 0.04294 0.01529 0.00107 ( 1)
 122 A   0.01082 0.73940 0.02104 0.22875 ( 2)
 123 I   0.56745 0.41095 0.01066 0.01094 ( 1)
 124 V   0.57281 0.32266 0.06768 0.03685 ( 1)
 125 P   0.46600 0.42947 0.05534 0.04919 ( 1)
 126 M   0.57606 0.31941 0.06806 0.03647 ( 1)
 127 R   0.57712 0.31835 0.06818 0.03635 ( 1)
 128 L   0.51712 0.37835 0.06126 0.04327 ( 1)
 129 S   0.55343 0.34204 0.06545 0.03908 ( 1)
 130 S   0.06564 0.82458 0.01208 0.09769 ( 2)
 131 N   0.15768 0.82045 0.00270 0.01917 ( 2)
 132 Q   0.05925 0.31401 0.42709 0.19964 ( 3)
 133 L   0.02266 0.92349 0.00126 0.05259 ( 2)
 134 I   0.00344 0.82309 0.00451 0.16896 ( 2)
 135 T   0.57562 0.40703 0.00903 0.00833 ( 1)
 136 I   0.90499 0.07522 0.01761 0.00217 ( 1)
 137 A   0.05670 0.90575 0.00191 0.03564 ( 2)
 138 I   0.40253 0.51110 0.04930 0.03707 ( 2)
 139 Q   0.30958 0.66446 0.00639 0.01957 ( 2)
 140 P   0.55348 0.42221 0.01159 0.01272 ( 1)
 141 L   0.54014 0.43017 0.01546 0.01424 ( 1)
 142 N   0.96026 0.02355 0.01559 0.00060 ( 1)
 143 M   0.85002 0.09943 0.04486 0.00569 ( 1)
 144 T   0.88060 0.10593 0.01142 0.00205 ( 1)
 145 S   0.00684 0.93125 0.00043 0.06148 ( 2)
 146 N   0.82789 0.15417 0.01380 0.00414 ( 1)
 147 N   0.12845 0.84592 0.00274 0.02290 ( 2)
 148 Q   0.07029 0.88940 0.00272 0.03758 ( 2)
 149 V   0.69452 0.28317 0.01431 0.00800 ( 1)
 150 I   0.06870 0.87483 0.00394 0.05253 ( 2)
 151 I   0.69904 0.26920 0.02203 0.00973 ( 1)
 152 D   0.96577 0.02019 0.01361 0.00043 ( 1)
 153 R   0.82898 0.15067 0.01615 0.00419 ( 1)
 154 I   0.24481 0.67019 0.03205 0.05295 ( 2)
 155 E   0.91296 0.05640 0.02476 0.00588 ( 1)
 156 I   0.82453 0.12304 0.03836 0.01408 ( 1)
 157 I   0.62829 0.27191 0.06981 0.02999 ( 1)

