Supplemental results for CODEML (seqf: algn  treef: tree)


dN/dS (w) for site classes (K=4)

site class             0        1       2a       2b
proportion       0.36123  0.28938  0.19398  0.15540
background w     0.14568  1.00000  0.14568  1.00000
foreground w     0.14568  1.00000  1.00000  1.00000

Naive Empirical Bayes (NEB) probabilities for 4 classes
(amino acids refer to 1st sequence: BT_Cry19Ba1)

   1 E   0.17901 0.47160 0.09613 0.25326 ( 2)
   2 -   0.36123 0.28938 0.19398 0.15540 ( 1)
   3 -   0.36123 0.28938 0.19398 0.15540 ( 1)
   4 V   0.31753 0.19097 0.38895 0.10255 ( 3)
   5 G   0.55596 0.09801 0.29340 0.05263 ( 1)
   6 P   0.01140 0.63940 0.00583 0.34337 ( 2)
   7 L   0.27960 0.37309 0.14696 0.20035 ( 2)
   8 L   0.65442 0.00627 0.33595 0.00337 ( 1)
   9 S   0.63800 0.02469 0.32404 0.01326 ( 1)
  10 W   0.12501 0.52868 0.06240 0.28391 ( 2)
  11 M   0.11547 0.53542 0.06158 0.28753 ( 2)
  12 V   0.00667 0.64402 0.00346 0.34585 ( 2)
  13 S   0.00767 0.64291 0.00417 0.34525 ( 2)
  14 L   0.11942 0.53229 0.06244 0.28585 ( 2)
  15 F   0.55116 0.11023 0.27941 0.05919 ( 1)
  16 W   0.58662 0.06762 0.30944 0.03631 ( 1)
  17 P   0.65827 0.00325 0.33673 0.00175 ( 1)
  18 T   0.01316 0.63775 0.00661 0.34248 ( 2)
  19 I   0.00067 0.64996 0.00034 0.34904 ( 2)
  20 -   0.53161 0.11900 0.28548 0.06390 ( 1)
  21 -   0.52204 0.12857 0.28034 0.06905 ( 1)
  22 -   0.47465 0.17596 0.25490 0.09449 ( 1)
  23 E   0.01962 0.63127 0.01011 0.33900 ( 2)
  24 E   0.00023 0.65038 0.00012 0.34926 ( 2)
  25 K   0.01201 0.63882 0.00611 0.34306 ( 2)
  26 N   0.65466 0.01458 0.32293 0.00783 ( 1)
  27 T   0.00724 0.64338 0.00387 0.34550 ( 2)
  28 V   0.62479 0.04111 0.31202 0.02208 ( 1)
  29 W   0.58662 0.06762 0.30944 0.03631 ( 1)
  30 E   0.31576 0.34249 0.15783 0.18392 ( 2)
  31 D   0.00348 0.59995 0.07438 0.32218 ( 2)
  32 M   0.01752 0.62395 0.02346 0.33507 ( 2)
  33 I   0.63302 0.03130 0.31887 0.01681 ( 1)
  34 K   0.65863 0.00819 0.32879 0.00440 ( 1)
  35 Y   0.01848 0.63254 0.00930 0.33968 ( 2)
  36 V   0.17545 0.16401 0.57246 0.08808 ( 3)
  37 A   0.57200 0.08357 0.29954 0.04488 ( 1)
  38 N   0.65623 0.01276 0.32417 0.00685 ( 1)
  39 L   0.62387 0.03248 0.32621 0.01744 ( 1)
  40 L   0.66246 0.00540 0.32923 0.00290 ( 1)
  41 K   0.00005 0.65056 0.00003 0.34936 ( 2)
  42 Q   0.03776 0.61345 0.01936 0.32943 ( 2)
  43 E   0.10384 0.54738 0.05483 0.29395 ( 2)
  44 L   0.08850 0.56348 0.04543 0.30259 ( 2)
  45 T   0.00023 0.65039 0.00012 0.34927 ( 2)
  46 N   0.00023 0.65038 0.00012 0.34927 ( 2)
  47 D   0.00035 0.65027 0.00017 0.34921 ( 2)
  48 T   0.09276 0.55997 0.04656 0.30071 ( 2)
  49 L   0.27626 0.37824 0.14238 0.20312 ( 2)
  50 N   0.00039 0.65022 0.00021 0.34918 ( 2)
  51 R   0.08022 0.57165 0.04114 0.30699 ( 2)
  52 A   0.66307 0.00159 0.33449 0.00085 ( 1)
  53 T   0.64001 0.01632 0.33491 0.00876 ( 1)
  54 S   0.00283 0.64781 0.00148 0.34788 ( 2)
  55 N   0.63233 0.03628 0.31192 0.01948 ( 1)
  56 L   0.61765 0.04247 0.31707 0.02281 ( 1)
  57 S   0.01065 0.64002 0.00563 0.34370 ( 2)
  58 G   0.50180 0.15802 0.25532 0.08486 ( 1)
  59 L   0.64470 0.01584 0.33096 0.00850 ( 1)
  60 N   0.00229 0.64459 0.00697 0.34615 ( 2)
  61 E   0.16471 0.19440 0.53650 0.10440 ( 3)
  62 S   0.05280 0.59850 0.02730 0.32140 ( 2)
  63 L   0.62990 0.02650 0.32936 0.01423 ( 1)
  64 N   0.00004 0.65010 0.00074 0.34912 ( 2)
  65 I   0.22862 0.42526 0.11775 0.22837 ( 2)
  66 Y   0.66230 0.00166 0.33514 0.00089 ( 1)
  67 N   0.64915 0.00886 0.33723 0.00476 ( 1)
  68 R   0.45708 0.19697 0.24017 0.10578 ( 1)
  69 A   0.27861 0.37762 0.14098 0.20279 ( 2)
  70 L   0.64987 0.01498 0.32711 0.00804 ( 1)
  71 A   0.63509 0.02897 0.32038 0.01556 ( 1)
  72 A   0.00078 0.64980 0.00047 0.34895 ( 2)
  73 W   0.58662 0.06762 0.30944 0.03631 ( 1)
  74 K   0.05389 0.59787 0.02718 0.32106 ( 2)
  75 Q   0.00000 0.65061 0.00000 0.34939 ( 2)
  76 -   0.36123 0.28938 0.19398 0.15540 ( 1)
  77 N   0.00515 0.64549 0.00273 0.34664 ( 2)
  78 K   0.00147 0.64918 0.00073 0.34862 ( 2)
  79 N   0.03383 0.61750 0.01707 0.33160 ( 2)
  80 N   0.00020 0.65042 0.00010 0.34928 ( 2)
  81 F   0.03189 0.61872 0.01713 0.33226 ( 2)
  82 A   0.03020 0.62041 0.01622 0.33317 ( 2)
  83 S   0.06258 0.58803 0.03361 0.31578 ( 2)
  84 -   0.36123 0.28938 0.19398 0.15540 ( 1)
  85 -   0.52678 0.12384 0.28289 0.06650 ( 1)
  86 G   0.55432 0.10548 0.28356 0.05664 ( 1)
  87 E   0.03001 0.56674 0.09890 0.30435 ( 2)
  88 L   0.00728 0.64337 0.00385 0.34550 ( 2)
  89 I   0.08926 0.56339 0.04480 0.30255 ( 2)
  90 R   0.61529 0.04816 0.31068 0.02586 ( 1)
  91 S   0.00011 0.65050 0.00006 0.34933 ( 2)
  92 Y   0.00470 0.64601 0.00237 0.34692 ( 2)
  93 I   0.65891 0.00597 0.33191 0.00321 ( 1)
  94 N   0.00085 0.64977 0.00044 0.34894 ( 2)
  95 D   0.10830 0.54313 0.05690 0.29167 ( 2)
  96 L   0.66206 0.00150 0.33563 0.00080 ( 1)
  97 H   0.66393 0.00208 0.33288 0.00112 ( 1)
  98 I   0.20022 0.45330 0.10305 0.24343 ( 2)
  99 L   0.00015 0.65046 0.00008 0.34931 ( 2)
 100 F   0.66659 0.00045 0.33272 0.00024 ( 1)
 101 T   0.00066 0.64996 0.00034 0.34904 ( 2)
 102 R   0.00000 0.65061 0.00000 0.34939 ( 2)
 103 D   0.03909 0.61262 0.01931 0.32898 ( 2)
 104 I   0.66625 0.00066 0.33273 0.00036 ( 1)
 105 Q   0.52170 0.14250 0.25928 0.07652 ( 1)
 106 S   0.00245 0.64818 0.00130 0.34808 ( 2)
 107 D   0.52638 0.12819 0.27658 0.06884 ( 1)
 108 F   0.63559 0.02101 0.33211 0.01128 ( 1)
 109 S   0.05499 0.59612 0.02877 0.32012 ( 2)
 110 L   0.19835 0.45743 0.09858 0.24564 ( 2)
 111 G   0.00004 0.65057 0.00002 0.34937 ( 2)
 112 G   0.15694 0.49417 0.08351 0.26538 ( 2)
 113 Y   0.66201 0.00223 0.33456 0.00120 ( 1)
 114 E   0.65696 0.00954 0.32838 0.00512 ( 1)
 115 T   0.00568 0.64501 0.00293 0.34638 ( 2)
 116 V   0.66390 0.00400 0.32995 0.00215 ( 1)
 117 L   0.65442 0.00627 0.33595 0.00337 ( 1)
 118 L   0.65219 0.00846 0.33480 0.00454 ( 1)
 119 P   0.65831 0.00322 0.33675 0.00173 ( 1)
 120 S   0.56476 0.08888 0.29863 0.04773 ( 1)
 121 Y   0.66169 0.00254 0.33440 0.00137 ( 1)
 122 A   0.56565 0.09251 0.29216 0.04968 ( 1)
 123 S   0.62923 0.03677 0.31424 0.01975 ( 1)
 124 A   0.21033 0.02142 0.75674 0.01150 ( 3)
 125 A   0.61568 0.03815 0.32569 0.02049 ( 1)
 126 N   0.66737 0.00224 0.32920 0.00120 ( 1)
 127 L   0.64967 0.01694 0.32429 0.00910 ( 1)
 128 H   0.66513 0.00090 0.33348 0.00049 ( 1)
 129 L   0.64462 0.01192 0.33706 0.00640 ( 1)
 130 L   0.57060 0.09203 0.28796 0.04942 ( 1)
 131 L   0.65108 0.00955 0.33425 0.00513 ( 1)
 132 L   0.65040 0.01023 0.33388 0.00549 ( 1)
 133 R   0.64384 0.01613 0.33137 0.00866 ( 1)
 134 D   0.65642 0.00138 0.34145 0.00074 ( 1)
 135 V   0.65893 0.00781 0.32907 0.00419 ( 1)
 136 A   0.07302 0.57935 0.03650 0.31112 ( 2)
 137 I   0.65962 0.00713 0.32942 0.00383 ( 1)
 138 Y   0.61714 0.04618 0.31188 0.02480 ( 1)
 139 G   0.65991 0.00281 0.33576 0.00151 ( 1)
 140 K   0.18978 0.46426 0.09665 0.24931 ( 2)
 141 E   0.08415 0.56664 0.04492 0.30429 ( 2)
 142 -   0.41024 0.25038 0.20493 0.13446 ( 1)
 143 -   0.37190 0.28070 0.19665 0.15074 ( 1)
 144 -   0.39459 0.26254 0.20188 0.14099 ( 1)
 145 -   0.40948 0.25095 0.20480 0.13477 ( 1)
 146 -   0.40116 0.25737 0.20327 0.13821 ( 1)
 147 -   0.41024 0.25038 0.20493 0.13446 ( 1)
 148 -   0.41747 0.24474 0.20637 0.13143 ( 1)
 149 -   0.37090 0.28151 0.19641 0.15118 ( 1)
 150 L   0.64317 0.01085 0.34015 0.00583 ( 1)
 151 G   0.60986 0.05369 0.30761 0.02883 ( 1)
 152 Y   0.65887 0.00797 0.32887 0.00428 ( 1)
 153 P   0.00002 0.65060 0.00001 0.34938 ( 2)
 154 S   0.00137 0.64926 0.00070 0.34866 ( 2)
 155 T   0.00003 0.65058 0.00002 0.34937 ( 2)
 156 D   0.00175 0.64888 0.00091 0.34846 ( 2)
 157 V   0.57205 0.08602 0.29573 0.04619 ( 1)
 158 E   0.00282 0.64787 0.00140 0.34791 ( 2)
 159 F   0.01902 0.63206 0.00950 0.33942 ( 2)
 160 Y   0.66272 0.00153 0.33492 0.00082 ( 1)
 161 Y   0.61003 0.05794 0.30092 0.03111 ( 1)
 162 N   0.00139 0.64925 0.00071 0.34865 ( 2)
 163 E   0.66497 0.00173 0.33238 0.00093 ( 1)
 164 Q   0.36601 0.28938 0.18922 0.15540 ( 1)
 165 K   0.19748 0.45572 0.10207 0.24473 ( 2)
 166 Y   0.00000 0.65061 0.00000 0.34939 ( 2)
 167 Y   0.65424 0.00984 0.33063 0.00529 ( 1)
 168 T   0.51957 0.13749 0.26911 0.07384 ( 1)
 169 E   0.07515 0.57718 0.03772 0.30995 ( 2)
 170 K   0.00044 0.65018 0.00023 0.34915 ( 2)
 171 Y   0.65292 0.01113 0.32997 0.00598 ( 1)
 172 S   0.59547 0.06046 0.31161 0.03247 ( 1)
 173 N   0.49976 0.16507 0.24652 0.08865 ( 1)
 174 Y   0.43774 0.22239 0.22044 0.11943 ( 1)
 175 C   0.64567 0.00817 0.34178 0.00439 ( 1)
 176 V   0.30896 0.34606 0.15915 0.18584 ( 2)
 177 N   0.14962 0.50478 0.07452 0.27107 ( 2)
 178 T   0.60070 0.06298 0.30249 0.03382 ( 1)
 179 Y   0.56140 0.09206 0.29710 0.04944 ( 1)
 180 K   0.64302 0.01354 0.33616 0.00727 ( 1)
 181 S   0.00562 0.64513 0.00280 0.34644 ( 2)
 182 G   0.38047 0.27768 0.19274 0.14912 ( 1)
 183 L   0.63902 0.01746 0.33413 0.00938 ( 1)
 184 E   0.12821 0.52307 0.06782 0.28090 ( 2)
 185 S   0.13598 0.51658 0.07003 0.27741 ( 2)
 186 K   0.30891 0.34918 0.15440 0.18751 ( 2)
 187 K   0.66603 0.00096 0.33248 0.00052 ( 1)
 188 Q   0.20811 0.44754 0.10402 0.24033 ( 2)
 189 I   0.66142 0.00546 0.33018 0.00293 ( 1)
 190 G   0.57015 0.09111 0.28981 0.04893 ( 1)
 191 W   0.58662 0.06762 0.30944 0.03631 ( 1)
 192 S   0.01257 0.63816 0.00657 0.34270 ( 2)
 193 D   0.00526 0.64543 0.00270 0.34661 ( 2)
 194 F   0.63767 0.01895 0.33320 0.01018 ( 1)
 195 N   0.66207 0.00389 0.33195 0.00209 ( 1)
 196 R   0.30043 0.35308 0.15688 0.18961 ( 2)
 197 Y   0.66272 0.00153 0.33492 0.00082 ( 1)
 198 R   0.65418 0.00594 0.33669 0.00319 ( 1)
 199 R   0.66117 0.00289 0.33439 0.00155 ( 1)
 200 E   0.00343 0.64726 0.00172 0.34759 ( 2)
 201 M   0.66431 0.00068 0.33464 0.00037 ( 1)
 202 T   0.66285 0.00219 0.33379 0.00117 ( 1)
 203 L   0.62829 0.02810 0.32852 0.01509 ( 1)
 204 S   0.13879 0.51476 0.07001 0.27643 ( 2)
 205 V   0.65785 0.00780 0.33016 0.00419 ( 1)
 206 L   0.65357 0.00710 0.33551 0.00381 ( 1)
 207 D   0.66911 0.00023 0.33053 0.00012 ( 1)
 208 I   0.36637 0.29379 0.18208 0.15777 ( 1)
 209 V   0.65425 0.01237 0.32674 0.00664 ( 1)
 210 A   0.65347 0.01098 0.32965 0.00590 ( 1)
 211 L   0.60811 0.04221 0.32701 0.02267 ( 1)
 212 F   0.64725 0.00946 0.33820 0.00508 ( 1)
 213 P   0.65827 0.00325 0.33673 0.00175 ( 1)
 214 L   0.02840 0.62235 0.01504 0.33421 ( 2)


lnL = -3774.822020

