Supplemental results for CODEML (seqf: algn  treef: tree)


dN/dS (w) for site classes (K=4)

site class             0        1       2a       2b
proportion       0.13617  0.08369  0.48319  0.29696
background w     0.15578  1.59775  0.15578  1.59775
foreground w     0.15578  1.59775  0.00000  0.00000

Naive Empirical Bayes (NEB) probabilities for 4 classes
(amino acids refer to 1st sequence: BT_Cry7Aa1)

   1 -   0.13617 0.08369 0.48319 0.29696 ( 3)
   2 -   0.05518 0.16468 0.19580 0.58435 ( 4)
   3 -   0.18872 0.03114 0.66965 0.11050 ( 3)
   4 K   0.19997 0.00434 0.76515 0.03054 ( 3)
   5 I   0.18887 0.02106 0.69260 0.09746 ( 3)
   6 T   0.10125 0.08270 0.37553 0.44051 ( 4)
   7 K   0.12412 0.53809 0.05788 0.27992 ( 2)
   8 I   0.20163 0.00349 0.77060 0.02428 ( 3)
   9 P   0.19434 0.01379 0.71850 0.07337 ( 3)
  10 A   0.20151 0.00462 0.76326 0.03061 ( 3)
  11 V   0.19869 0.00666 0.75154 0.04311 ( 3)
  12 K   0.20173 0.00327 0.77200 0.02300 ( 3)
  13 M   0.70738 0.28047 0.00152 0.01063 ( 1)
  14 Y   0.19959 0.00735 0.74857 0.04449 ( 3)
  15 K   0.13814 0.28419 0.12628 0.45140 ( 4)
  16 L   0.18851 0.02041 0.69274 0.09834 ( 3)
  17 D   0.00005 0.72628 0.00011 0.27356 ( 2)
  18 D   0.00212 0.95544 0.00007 0.04237 ( 2)
  19 P   0.00919 0.83331 0.00011 0.15739 ( 2)
  20 S   0.05707 0.33934 0.05575 0.54784 ( 4)
  21 T   0.03663 0.13320 0.13567 0.69450 ( 4)
  22 V   0.15358 0.05016 0.56834 0.22792 ( 3)
  23 V   0.18523 0.02547 0.67577 0.11354 ( 3)
  24 K   0.20173 0.00327 0.77200 0.02300 ( 3)
  25 G   0.17031 0.02792 0.63663 0.16514 ( 3)
  26 P   0.19708 0.01105 0.73102 0.06085 ( 3)
  27 G   0.19912 0.00809 0.74466 0.04813 ( 3)
  28 F   0.14024 0.04454 0.52925 0.28597 ( 3)
  29 T   0.20130 0.00471 0.76293 0.03106 ( 3)
  30 G   0.20163 0.00590 0.75672 0.03575 ( 3)
  31 G   0.19912 0.00809 0.74466 0.04813 ( 3)
  32 D   0.20215 0.00224 0.77861 0.01700 ( 3)
  33 L   0.19215 0.01602 0.70870 0.08313 ( 3)
  34 V   0.20157 0.00419 0.76603 0.02822 ( 3)
  35 K   0.18424 0.01899 0.68988 0.10689 ( 3)
  36 R   0.20183 0.00433 0.76477 0.02907 ( 3)
  37 G   0.16426 0.04811 0.59103 0.19660 ( 3)
  38 S   0.20256 0.00268 0.77504 0.01971 ( 3)
  39 T   0.05657 0.08750 0.21642 0.63951 ( 4)
  40 G   0.20107 0.00560 0.75757 0.03577 ( 3)
  41 Y   0.02378 0.13284 0.08856 0.75482 ( 4)
  42 I   0.20157 0.00371 0.76923 0.02549 ( 3)
  43 G   0.19912 0.00809 0.74466 0.04813 ( 3)
  44 D   0.02875 0.12892 0.10715 0.73517 ( 4)
  45 I   0.06670 0.17336 0.13635 0.62359 ( 4)
  46 K   0.09804 0.09252 0.35904 0.45039 ( 4)
  47 A   0.14415 0.04039 0.54771 0.26775 ( 3)
  48 T   0.16990 0.04139 0.61354 0.17518 ( 3)
  49 V   0.20104 0.00515 0.76047 0.03334 ( 3)
  50 N   0.18851 0.02016 0.69154 0.09979 ( 3)
  51 S   0.19090 0.01746 0.70275 0.08890 ( 3)
  52 P   0.19527 0.01264 0.72327 0.06883 ( 3)
  53 L   0.19882 0.00850 0.74262 0.05007 ( 3)
  54 S   0.19844 0.00888 0.74080 0.05187 ( 3)
  55 Q   0.19423 0.01379 0.71817 0.07381 ( 3)
  56 K   0.16206 0.02708 0.62017 0.19070 ( 3)
  57 Y   0.19959 0.00735 0.74857 0.04449 ( 3)
  58 R   0.10154 0.07705 0.37856 0.44285 ( 4)
  59 V   0.19547 0.01900 0.70554 0.07999 ( 3)
  60 R   0.20183 0.00433 0.76477 0.02907 ( 3)
  61 V   0.20157 0.00419 0.76603 0.02822 ( 3)
  62 R   0.17756 0.03251 0.64465 0.14528 ( 3)
  63 Y   0.18690 0.01592 0.70090 0.09628 ( 3)
  64 A   0.16861 0.04314 0.60806 0.18019 ( 3)
  65 T   0.20174 0.00382 0.76828 0.02616 ( 3)
  66 N   0.16264 0.02416 0.62911 0.18409 ( 3)
  67 V   0.14923 0.03699 0.56705 0.24674 ( 3)
  68 S   0.12701 0.05832 0.47412 0.34056 ( 3)
  69 G   0.19667 0.00976 0.73549 0.05808 ( 3)
  70 Q   0.09125 0.08998 0.33741 0.48135 ( 4)
  71 F   0.07933 0.10172 0.29258 0.52637 ( 4)
  72 N   0.00438 0.19353 0.01575 0.78634 ( 4)
  73 V   0.16750 0.04422 0.60395 0.18432 ( 3)
  74 Y   0.00042 0.12272 0.00161 0.87526 ( 4)
  75 I   0.20163 0.00349 0.77060 0.02428 ( 3)
  76 N   0.15941 0.02892 0.60837 0.20330 ( 3)
  77 D   0.16645 0.02447 0.63646 0.17262 ( 3)
  78 K   0.15202 0.03327 0.58173 0.23298 ( 3)
  79 I   0.00242 0.19350 0.00871 0.79537 ( 4)
  80 T   0.09847 0.06984 0.37316 0.45852 ( 4)
  81 L   0.19882 0.00850 0.74262 0.05007 ( 3)
  82 Q   0.01242 0.19214 0.04451 0.75093 ( 4)
  83 T   0.00528 0.12163 0.02020 0.85289 ( 4)
  84 K   0.00024 0.32417 0.00074 0.67485 ( 4)
  85 F   0.20378 0.01067 0.73862 0.04694 ( 3)
  86 Q   0.12347 0.05205 0.47036 0.35412 ( 3)
  87 N   0.00772 0.23962 0.01949 0.73317 ( 4)
  88 T   0.19969 0.00508 0.76039 0.03483 ( 3)
  89 V   0.13455 0.04788 0.50894 0.30863 ( 3)
  90 E   0.03775 0.10513 0.14381 0.71331 ( 4)
  91 T   0.20130 0.00471 0.76293 0.03106 ( 3)
  92 I   0.20157 0.00371 0.76923 0.02549 ( 3)
  93 G   0.20107 0.00560 0.75757 0.03577 ( 3)
  94 E   0.20180 0.00373 0.76879 0.02568 ( 3)
  95 G   0.19912 0.00809 0.74466 0.04813 ( 3)
  96 K   0.15078 0.03410 0.57697 0.23815 ( 3)
  97 D   0.01763 0.10659 0.06792 0.80786 ( 4)
  98 L   0.09798 0.08740 0.36138 0.45324 ( 4)
  99 T   0.00689 0.18507 0.02489 0.78314 ( 4)
 100 -   0.13617 0.08369 0.48319 0.29696 ( 3)
 101 Y   0.02658 0.12382 0.09970 0.74990 ( 4)
 102 G   0.00340 0.11736 0.01310 0.86614 ( 4)
 103 S   0.01438 0.15310 0.05292 0.77960 ( 4)
 104 F   0.03052 0.11452 0.11517 0.73980 ( 4)
 105 G   0.02621 0.12604 0.09801 0.74974 ( 4)
 106 Y   0.19959 0.00735 0.74857 0.04449 ( 3)
 107 I   0.00346 0.12582 0.01322 0.85750 ( 4)
 108 E   0.20022 0.00469 0.76276 0.03233 ( 3)
 109 Y   0.19959 0.00735 0.74857 0.04449 ( 3)
 110 S   0.19844 0.00888 0.74080 0.05187 ( 3)
 111 T   0.16827 0.04331 0.60701 0.18140 ( 3)
 112 T   0.17509 0.03543 0.63542 0.15406 ( 3)
 113 I   0.20163 0.00349 0.77060 0.02428 ( 3)
 114 Q   0.19423 0.01379 0.71817 0.07381 ( 3)
 115 F   0.14161 0.04342 0.53445 0.28051 ( 3)
 116 P   0.00033 0.20448 0.00116 0.79403 ( 4)
 117 D   0.00289 0.11429 0.01119 0.87162 ( 4)
 118 -   0.13617 0.08369 0.48319 0.29696 ( 3)
 119 E   0.18315 0.02618 0.66804 0.12264 ( 3)
 120 H   0.19888 0.00691 0.74972 0.04449 ( 3)
 121 P   0.19527 0.01264 0.72327 0.06883 ( 3)
 122 -   0.13617 0.08369 0.48319 0.29696 ( 3)
 123 K   0.16070 0.02790 0.61495 0.19646 ( 3)
 124 I   0.17837 0.01790 0.68075 0.12298 ( 3)
 125 T   0.14338 0.04800 0.53418 0.27445 ( 3)
 126 L   0.00255 0.14359 0.00953 0.84433 ( 4)
 127 H   0.00024 0.13005 0.00090 0.86881 ( 4)
 128 L   0.10627 0.08109 0.39195 0.42069 ( 4)
 129 -   0.13617 0.08369 0.48319 0.29696 ( 3)
 130 S   0.00003 0.16853 0.00012 0.83131 ( 4)
 131 D   0.03072 0.10518 0.11815 0.74594 ( 4)
 132 L   0.05311 0.14509 0.19164 0.61016 ( 4)
 133 S   0.19975 0.01339 0.72615 0.06070 ( 3)
 134 N   0.00034 0.14148 0.00130 0.85688 ( 4)
 135 N   0.05357 0.09830 0.20333 0.64480 ( 4)
 136 S   0.01580 0.15752 0.05796 0.76872 ( 4)
 137 S   0.01621 0.14363 0.06003 0.78014 ( 4)
 138 F   0.13811 0.04566 0.52124 0.29498 ( 3)
 139 Y   0.19959 0.00735 0.74857 0.04449 ( 3)
 140 V   0.00204 0.12802 0.00780 0.86214 ( 4)
 141 D   0.01113 0.11027 0.04288 0.83572 ( 4)
 142 S   0.00567 0.45079 0.00053 0.54301 ( 4)
 143 I   0.17837 0.01790 0.68075 0.12298 ( 3)
 144 E   0.20180 0.00373 0.76879 0.02568 ( 3)
 145 F   0.20378 0.01067 0.73862 0.04694 ( 3)
 146 I   0.17837 0.01790 0.68075 0.12298 ( 3)
 147 P   0.18503 0.02115 0.68523 0.10858 ( 3)


lnL = -1466.217387

