Supplemental results for CODEML (seqf: algn  treef: tree)


dN/dS (w) for site classes (K=4)

site class             0        1       2a       2b
proportion       0.62742  0.18653  0.14341  0.04264
background w     0.12517  1.00000  0.12517  1.00000
foreground w     0.12517  1.00000  1.00000  1.00000

Naive Empirical Bayes (NEB) probabilities for 4 classes
(amino acids refer to 1st sequence: BT_Cry1Ia18)

   1 P   0.78943 0.02452 0.18044 0.00560 ( 1)
   2 F   0.79578 0.01817 0.18189 0.00415 ( 1)
   3 A   0.79810 0.01585 0.18242 0.00362 ( 1)
   4 G   0.81119 0.00276 0.18542 0.00063 ( 1)
   5 Q   0.00098 0.81297 0.00022 0.18582 ( 2)
   6 I   0.80862 0.00533 0.18483 0.00122 ( 1)
   7 A   0.80664 0.00731 0.18438 0.00167 ( 1)
   8 S   0.30307 0.51088 0.06927 0.11677 ( 2)
   9 L   0.75684 0.05711 0.17299 0.01305 ( 1)
  10 Y   0.48210 0.33186 0.11019 0.07585 ( 1)
  11 S   0.80770 0.00625 0.18462 0.00143 ( 1)
  12 F   0.34018 0.47377 0.07776 0.10829 ( 2)
  13 I   0.70447 0.10948 0.16102 0.02502 ( 1)
  14 L   0.64753 0.16642 0.14801 0.03804 ( 1)
  15 G   0.81087 0.00308 0.18534 0.00070 ( 1)
  16 E   0.15697 0.65698 0.03588 0.15017 ( 2)
  17 L   0.81179 0.00216 0.18555 0.00049 ( 1)
  18 W   0.80884 0.00511 0.18488 0.00117 ( 1)
  19 P   0.81374 0.00021 0.18600 0.00005 ( 1)
  20 K   0.50111 0.31284 0.11454 0.07151 ( 1)
  21 -   0.63106 0.18289 0.14424 0.04180 ( 1)
  22 G   0.02157 0.79239 0.00493 0.18112 ( 2)
  23 K   0.60527 0.20868 0.13835 0.04770 ( 1)
  24 S   0.03227 0.78168 0.00738 0.17867 ( 2)
  25 Q   0.08742 0.72654 0.01998 0.16607 ( 2)
  26 W   0.80884 0.00511 0.18488 0.00117 ( 1)
  27 E   0.81381 0.00015 0.18601 0.00003 ( 1)
  28 I   0.13193 0.68202 0.03016 0.15589 ( 2)
  29 F   0.81228 0.00167 0.18567 0.00038 ( 1)
  30 M   0.81375 0.00020 0.18600 0.00005 ( 1)
  31 E   0.81141 0.00254 0.18547 0.00058 ( 1)
  32 H   0.69968 0.11427 0.15993 0.02612 ( 1)
  33 V   0.81305 0.00090 0.18584 0.00021 ( 1)
  34 E   0.81381 0.00014 0.18602 0.00003 ( 1)
  35 E   0.30891 0.50504 0.07061 0.11544 ( 2)
  36 I   0.79182 0.02214 0.18099 0.00506 ( 1)
  37 I   0.81212 0.00183 0.18563 0.00042 ( 1)
  38 N   0.80407 0.00988 0.18379 0.00226 ( 1)
  39 Q   0.81259 0.00136 0.18574 0.00031 ( 1)
  40 K   0.81383 0.00012 0.18602 0.00003 ( 1)
  41 I   0.81287 0.00108 0.18580 0.00025 ( 1)
  42 L   0.12764 0.68632 0.02917 0.15687 ( 2)
  43 T   0.52523 0.28872 0.12005 0.06599 ( 1)
  44 Y   0.81293 0.00103 0.18581 0.00023 ( 1)
  45 A   0.81382 0.00013 0.18602 0.00003 ( 1)
  46 R   0.81342 0.00053 0.18593 0.00012 ( 1)
  47 N   0.80533 0.00862 0.18408 0.00197 ( 1)
  48 K   0.81263 0.00132 0.18575 0.00030 ( 1)
  49 A   0.81291 0.00104 0.18581 0.00024 ( 1)
  50 L   0.79818 0.01578 0.18244 0.00361 ( 1)
  51 S   0.21783 0.59612 0.04979 0.13626 ( 2)
  52 D   0.81212 0.00183 0.18563 0.00042 ( 1)
  53 L   0.78986 0.02409 0.18054 0.00551 ( 1)
  54 R   0.39582 0.41813 0.09047 0.09557 ( 2)
  55 G   0.81239 0.00156 0.18569 0.00036 ( 1)
  56 L   0.81278 0.00118 0.18578 0.00027 ( 1)
  57 G   0.80583 0.00812 0.18419 0.00186 ( 1)
  58 D   0.80401 0.00994 0.18377 0.00227 ( 1)
  59 A   0.71852 0.09544 0.16423 0.02181 ( 1)
  60 L   0.31431 0.49964 0.07184 0.11421 ( 2)
  61 A   0.21040 0.60355 0.04809 0.13796 ( 2)
  62 V   0.79878 0.01518 0.18258 0.00347 ( 1)
  63 Y   0.81311 0.00084 0.18586 0.00019 ( 1)
  64 H   0.76657 0.04738 0.17522 0.01083 ( 1)
  65 E   0.18424 0.62971 0.04211 0.14393 ( 2)
  66 S   0.77559 0.03836 0.17728 0.00877 ( 1)
  67 L   0.80154 0.01241 0.18321 0.00284 ( 1)
  68 E   0.80768 0.00627 0.18461 0.00143 ( 1)
  69 S   0.04550 0.76845 0.01040 0.17565 ( 2)
  70 W   0.80884 0.00511 0.18488 0.00117 ( 1)
  71 V   0.00201 0.81195 0.00046 0.18559 ( 2)
  72 K   0.60094 0.21301 0.13736 0.04869 ( 1)
  73 N   0.81389 0.00006 0.18603 0.00001 ( 1)
  74 R   0.74317 0.07078 0.16987 0.01618 ( 1)
  75 N   0.75267 0.06128 0.17204 0.01401 ( 1)
  76 N   0.77434 0.03961 0.17699 0.00905 ( 1)
  77 T   0.09379 0.72016 0.02144 0.16461 ( 2)
  78 R   0.81337 0.00058 0.18591 0.00013 ( 1)
  79 A   0.61827 0.19568 0.14132 0.04473 ( 1)
  80 R   0.68163 0.13232 0.15580 0.03025 ( 1)
  81 S   0.73751 0.07645 0.16857 0.01747 ( 1)
  82 V   0.61673 0.19723 0.14097 0.04508 ( 1)
  83 V   0.80753 0.00643 0.18458 0.00147 ( 1)
  84 K   0.00079 0.81316 0.00018 0.18587 ( 2)
  85 N   0.63219 0.18176 0.14450 0.04155 ( 1)
  86 Q   0.79100 0.02295 0.18080 0.00525 ( 1)
  87 Y   0.81296 0.00099 0.18582 0.00023 ( 1)
  88 I   0.21005 0.60390 0.04801 0.13804 ( 2)
  89 A   0.50556 0.30840 0.11556 0.07049 ( 1)
  90 L   0.79644 0.01751 0.18205 0.00400 ( 1)
  91 E   0.75161 0.06235 0.17180 0.01425 ( 1)
  92 L   0.06891 0.74504 0.01575 0.17030 ( 2)
  93 M   0.00984 0.80411 0.00225 0.18380 ( 2)
  94 F   0.81388 0.00008 0.18603 0.00002 ( 1)
  95 V   0.56082 0.25313 0.12819 0.05786 ( 1)
  96 Q   0.00987 0.80409 0.00225 0.18379 ( 2)
  97 K   0.01602 0.79794 0.00366 0.18239 ( 2)
  98 L   0.79171 0.02224 0.18096 0.00508 ( 1)
  99 P   0.81377 0.00018 0.18601 0.00004 ( 1)
 100 S   0.81324 0.00072 0.18588 0.00016 ( 1)
 101 F   0.81389 0.00007 0.18603 0.00002 ( 1)
 102 A   0.77747 0.03648 0.17771 0.00834 ( 1)
 103 V   0.81351 0.00044 0.18595 0.00010 ( 1)
 104 S   0.63105 0.18290 0.14424 0.04181 ( 1)
 105 G   0.23274 0.58121 0.05320 0.13285 ( 2)
 106 E   0.04229 0.77166 0.00967 0.17638 ( 2)
 107 E   0.81381 0.00014 0.18602 0.00003 ( 1)
 108 V   0.81360 0.00035 0.18597 0.00008 ( 1)
 109 P   0.78380 0.03015 0.17916 0.00689 ( 1)
 110 L   0.80519 0.00877 0.18404 0.00200 ( 1)
 111 L   0.81195 0.00201 0.18559 0.00046 ( 1)
 112 P   0.75459 0.05936 0.17248 0.01357 ( 1)
 113 I   0.80711 0.00685 0.18448 0.00156 ( 1)
 114 Y   0.81375 0.00020 0.18600 0.00005 ( 1)
 115 A   0.81056 0.00339 0.18527 0.00078 ( 1)
 116 Q   0.15907 0.65488 0.03636 0.14969 ( 2)
 117 A   0.81368 0.00027 0.18599 0.00006 ( 1)
 118 A   0.81356 0.00040 0.18596 0.00009 ( 1)
 119 N   0.81365 0.00030 0.18598 0.00007 ( 1)
 120 L   0.80603 0.00792 0.18424 0.00181 ( 1)
 121 H   0.81390 0.00005 0.18604 0.00001 ( 1)
 122 L   0.81258 0.00137 0.18573 0.00031 ( 1)
 123 L   0.80856 0.00539 0.18482 0.00123 ( 1)
 124 L   0.81307 0.00088 0.18585 0.00020 ( 1)
 125 L   0.81307 0.00088 0.18585 0.00020 ( 1)
 126 R   0.81367 0.00028 0.18598 0.00006 ( 1)
 127 D   0.81368 0.00027 0.18599 0.00006 ( 1)
 128 A   0.81375 0.00020 0.18600 0.00005 ( 1)
 129 S   0.79637 0.01758 0.18203 0.00402 ( 1)
 130 I   0.77918 0.03477 0.17810 0.00795 ( 1)
 131 F   0.81389 0.00007 0.18603 0.00002 ( 1)
 132 G   0.81254 0.00141 0.18572 0.00032 ( 1)
 133 K   0.78075 0.03320 0.17846 0.00759 ( 1)
 134 E   0.36446 0.44949 0.08331 0.10274 ( 2)
 135 W   0.77461 0.03934 0.17705 0.00899 ( 1)
 136 G   0.81367 0.00028 0.18598 0.00006 ( 1)
 137 L   0.75967 0.05428 0.17364 0.01241 ( 1)
 138 S   0.80922 0.00473 0.18497 0.00108 ( 1)
 139 A   0.75187 0.06208 0.17186 0.01419 ( 1)
 140 -   0.62742 0.18653 0.14341 0.04264 ( 1)
 141 -   0.62742 0.18653 0.14341 0.04264 ( 1)
 142 -   0.62742 0.18653 0.14341 0.04264 ( 1)
 143 S   0.00038 0.81357 0.00009 0.18596 ( 2)
 144 E   0.76797 0.04598 0.17554 0.01051 ( 1)
 145 I   0.80089 0.01306 0.18306 0.00299 ( 1)
 146 S   0.36930 0.44465 0.08441 0.10164 ( 2)
 147 T   0.04639 0.76756 0.01060 0.17544 ( 2)
 148 F   0.17417 0.63978 0.03981 0.14624 ( 2)
 149 Y   0.81375 0.00020 0.18600 0.00005 ( 1)
 150 N   0.79717 0.01678 0.18221 0.00384 ( 1)
 151 R   0.81219 0.00176 0.18565 0.00040 ( 1)
 152 Q   0.81006 0.00389 0.18516 0.00089 ( 1)
 153 V   0.17228 0.64167 0.03938 0.14667 ( 2)
 154 E   0.02750 0.78645 0.00629 0.17976 ( 2)
 155 R   0.77103 0.04292 0.17624 0.00981 ( 1)
 156 T   0.81050 0.00345 0.18526 0.00079 ( 1)
 157 R   0.05658 0.75737 0.01293 0.17312 ( 2)
 158 D   0.08003 0.73392 0.01829 0.16776 ( 2)
 159 Y   0.81375 0.00020 0.18600 0.00005 ( 1)
 160 S   0.75909 0.05486 0.17351 0.01254 ( 1)
 161 D   0.81198 0.00197 0.18560 0.00045 ( 1)
 162 H   0.81097 0.00298 0.18537 0.00068 ( 1)
 163 C   0.81377 0.00019 0.18601 0.00004 ( 1)
 164 V   0.75529 0.05867 0.17264 0.01341 ( 1)
 165 K   0.80652 0.00743 0.18435 0.00170 ( 1)
 166 W   0.49947 0.31448 0.11417 0.07188 ( 1)
 167 Y   0.81026 0.00369 0.18520 0.00084 ( 1)
 168 N   0.80634 0.00762 0.18431 0.00174 ( 1)
 169 T   0.76245 0.05150 0.17428 0.01177 ( 1)
 170 G   0.81351 0.00044 0.18595 0.00010 ( 1)
 171 L   0.81292 0.00103 0.18581 0.00024 ( 1)
 172 N   0.03661 0.77734 0.00837 0.17768 ( 2)
 173 N   0.23866 0.57529 0.05455 0.13150 ( 2)
 174 L   0.30446 0.50949 0.06959 0.11646 ( 2)
 175 R   0.76655 0.04740 0.17521 0.01083 ( 1)
 176 G   0.12830 0.68565 0.02933 0.15672 ( 2)
 177 T   0.04470 0.76926 0.01022 0.17583 ( 2)
 178 N   0.47464 0.33931 0.10849 0.07756 ( 1)
 179 A   0.74223 0.07172 0.16965 0.01639 ( 1)
 180 -   0.55123 0.26273 0.12600 0.06005 ( 1)
 181 -   0.60248 0.21147 0.13771 0.04834 ( 1)
 182 -   0.16232 0.65163 0.03710 0.14895 ( 2)
 183 -   0.68319 0.13077 0.15616 0.02989 ( 1)
 184 -   0.62742 0.18653 0.14341 0.04264 ( 1)
 185 -   0.62742 0.18653 0.14341 0.04264 ( 1)
 186 -   0.62742 0.18653 0.14341 0.04264 ( 1)
 187 -   0.62742 0.18653 0.14341 0.04264 ( 1)
 188 -   0.62742 0.18653 0.14341 0.04264 ( 1)
 189 -   0.62742 0.18653 0.14341 0.04264 ( 1)
 190 -   0.62742 0.18653 0.14341 0.04264 ( 1)
 191 -   0.62742 0.18653 0.14341 0.04264 ( 1)
 192 -   0.62742 0.18653 0.14341 0.04264 ( 1)
 193 -   0.62742 0.18653 0.14341 0.04264 ( 1)
 194 -   0.62742 0.18653 0.14341 0.04264 ( 1)
 195 -   0.62742 0.18653 0.14341 0.04264 ( 1)
 196 -   0.62742 0.18653 0.14341 0.04264 ( 1)
 197 -   0.62742 0.18653 0.14341 0.04264 ( 1)
 198 -   0.62742 0.18653 0.14341 0.04264 ( 1)
 199 -   0.62742 0.18653 0.14341 0.04264 ( 1)
 200 -   0.62742 0.18653 0.14341 0.04264 ( 1)
 201 -   0.62742 0.18653 0.14341 0.04264 ( 1)
 202 -   0.62742 0.18653 0.14341 0.04264 ( 1)
 203 -   0.62742 0.18653 0.14341 0.04264 ( 1)
 204 -   0.62742 0.18653 0.14341 0.04264 ( 1)
 205 -   0.62742 0.18653 0.14341 0.04264 ( 1)
 206 -   0.62742 0.18653 0.14341 0.04264 ( 1)
 207 -   0.66879 0.14516 0.15287 0.03318 ( 1)
 208 -   0.78656 0.02739 0.17979 0.00626 ( 1)
 209 -   0.31146 0.50250 0.07119 0.11486 ( 2)
 210 -   0.77888 0.03508 0.17803 0.00802 ( 1)
 211 K   0.00171 0.81224 0.00039 0.18566 ( 2)
 212 S   0.38914 0.42482 0.08895 0.09710 ( 2)
 213 W   0.80884 0.00511 0.18488 0.00117 ( 1)
 214 V   0.34739 0.46657 0.07940 0.10664 ( 2)
 215 R   0.00059 0.81336 0.00014 0.18591 ( 2)
 216 Y   0.81375 0.00020 0.18600 0.00005 ( 1)
 217 N   0.79603 0.01793 0.18195 0.00410 ( 1)
 218 Q   0.63582 0.17813 0.14533 0.04072 ( 1)
 219 F   0.81353 0.00042 0.18595 0.00010 ( 1)
 220 R   0.81344 0.00051 0.18593 0.00012 ( 1)
 221 K   0.81321 0.00075 0.18588 0.00017 ( 1)
 222 D   0.80993 0.00402 0.18513 0.00092 ( 1)
 223 M   0.81372 0.00023 0.18599 0.00005 ( 1)
 224 T   0.80400 0.00995 0.18377 0.00228 ( 1)
 225 L   0.80331 0.01064 0.18361 0.00243 ( 1)
 226 M   0.80189 0.01207 0.18329 0.00276 ( 1)
 227 V   0.81351 0.00044 0.18595 0.00010 ( 1)
 228 L   0.81254 0.00141 0.18573 0.00032 ( 1)
 229 D   0.81386 0.00010 0.18602 0.00002 ( 1)
 230 L   0.74197 0.07198 0.16959 0.01645 ( 1)
 231 V   0.77568 0.03828 0.17730 0.00875 ( 1)
 232 A   0.75343 0.06053 0.17221 0.01383 ( 1)
 233 L   0.71236 0.10159 0.16283 0.02322 ( 1)
 234 F   0.81359 0.00037 0.18596 0.00008 ( 1)
 235 P   0.81192 0.00203 0.18558 0.00046 ( 1)
 236 S   0.00561 0.80834 0.00128 0.18477 ( 2)


lnL = -3343.019595

