Supplemental results for CODEML (seqf: algn  treef: tree)


dN/dS (w) for site classes (K=4)

site class             0        1       2a       2b
proportion       0.28421  0.66693  0.01460  0.03426
background w     0.05456  0.61585  0.05456  0.61585
foreground w     0.05456  0.61585 999.00000 999.00000

Naive Empirical Bayes (NEB) probabilities for 4 classes
(amino acids refer to 1st sequence: BT_Cry71Aa1)

   1 K   0.03801 0.14326 0.75650 0.06222 ( 3)
   2 V   0.17202 0.82551 0.00039 0.00208 ( 2)
   3 K   0.00359 0.99504 0.00000 0.00136 ( 2)
   4 S   0.00237 0.99475 0.00001 0.00288 ( 2)
   5 E   0.97536 0.02259 0.00199 0.00005 ( 1)
   6 L   0.86430 0.13446 0.00105 0.00019 ( 1)
   7 T   0.96003 0.03489 0.00490 0.00018 ( 1)
   8 R   0.98535 0.01314 0.00149 0.00002 ( 1)
   9 E   0.02005 0.97752 0.00004 0.00239 ( 2)
  10 I   0.98436 0.01294 0.00266 0.00004 ( 1)
  11 Y   0.22072 0.77638 0.00057 0.00233 ( 2)
  12 T   0.94039 0.03065 0.02787 0.00110 ( 1)
  13 D   0.99093 0.00660 0.00245 0.00002 ( 1)
  14 P   0.97513 0.02336 0.00147 0.00004 ( 1)
  15 V   0.32743 0.67018 0.00072 0.00168 ( 2)
  16 G   0.98792 0.01052 0.00154 0.00002 ( 1)
  17 V   0.01478 0.98284 0.00003 0.00234 ( 2)
  18 A   0.03432 0.82387 0.04258 0.09924 ( 2)
  19 T   0.06083 0.93618 0.00017 0.00281 ( 2)
  20 S   0.62187 0.36428 0.00925 0.00461 ( 1)
  21 T   0.04790 0.93681 0.00074 0.01455 ( 2)
  22 I   0.02402 0.53745 0.02735 0.41118 ( 2)
  23 P   0.00133 0.99701 0.00000 0.00166 ( 2)
  24 G   0.00017 0.96287 0.00001 0.03695 ( 2)
  25 L   0.02062 0.97435 0.00010 0.00493 ( 2)
  26 I   0.07263 0.92394 0.00021 0.00322 ( 2)
  27 P   0.97640 0.02225 0.00132 0.00004 ( 1)
  28 N   0.07756 0.90683 0.00117 0.01445 ( 2)
  29 W   0.08509 0.91303 0.00016 0.00172 ( 2)
  30 F   0.88887 0.10912 0.00175 0.00026 ( 1)
  31 D   0.00015 0.96119 0.00001 0.03866 ( 2)
  32 Y   0.00396 0.95585 0.00145 0.03873 ( 2)
  33 A   0.96814 0.02940 0.00237 0.00008 ( 1)
  34 P   0.00527 0.99298 0.00001 0.00174 ( 2)
  35 -   0.00074 0.95040 0.00004 0.04882 ( 2)
  36 S   0.00000 0.99707 0.00000 0.00293 ( 2)
  37 F   0.96812 0.02996 0.00185 0.00007 ( 1)
  38 N   0.00011 0.99577 0.00000 0.00412 ( 2)
  39 E   0.00291 0.99570 0.00000 0.00138 ( 2)
  40 L   0.82272 0.17535 0.00157 0.00036 ( 1)
  41 E   0.97953 0.01843 0.00199 0.00004 ( 1)
  42 L   0.10883 0.88975 0.00014 0.00128 ( 2)
  43 A   0.00132 0.99575 0.00000 0.00293 ( 2)
  44 L   0.16476 0.83021 0.00083 0.00420 ( 2)
  45 I   0.35334 0.64345 0.00099 0.00222 ( 2)
  46 P   0.11535 0.71829 0.01264 0.15371 ( 2)
  47 S   0.00095 0.99673 0.00000 0.00232 ( 2)
  48 P   0.93619 0.06245 0.00127 0.00009 ( 1)
  49 R   0.00016 0.99883 0.00000 0.00101 ( 2)
  50 T   0.19425 0.80227 0.00061 0.00287 ( 2)
  51 V   0.07571 0.68012 0.16328 0.08089 ( 2)
  52 T   0.01090 0.98514 0.00004 0.00392 ( 2)
  53 W   0.84997 0.14816 0.00159 0.00028 ( 1)
  54 L   0.54321 0.45487 0.00100 0.00092 ( 1)
  55 N   0.87574 0.12095 0.00281 0.00050 ( 1)
  56 K   0.03886 0.95814 0.00010 0.00290 ( 2)
  57 I   0.02701 0.97007 0.00007 0.00285 ( 2)
  58 T   0.00013 0.99635 0.00000 0.00352 ( 2)
  59 I   0.87554 0.12160 0.00244 0.00042 ( 1)
  60 S   0.00020 0.99694 0.00000 0.00286 ( 2)
  61 T   0.00556 0.96238 0.00015 0.03191 ( 2)
  62 G   0.03721 0.96089 0.00006 0.00184 ( 2)
  63 R   0.00000 0.99819 0.00000 0.00181 ( 2)
  64 L   0.01388 0.98403 0.00003 0.00206 ( 2)
  65 N   0.00025 0.99834 0.00000 0.00142 ( 2)
  66 G   0.00031 0.99589 0.00000 0.00379 ( 2)
  67 W   0.00065 0.99740 0.00000 0.00195 ( 2)
  68 S   0.00788 0.99078 0.00001 0.00133 ( 2)
  69 T   0.00003 0.99647 0.00000 0.00350 ( 2)
  70 S   0.01316 0.98400 0.00003 0.00281 ( 2)
  71 Q   0.02487 0.97351 0.00004 0.00158 ( 2)
  72 N   0.09461 0.90397 0.00013 0.00130 ( 2)
  73 Y   0.00668 0.99029 0.00002 0.00301 ( 2)
  74 W   0.33489 0.66323 0.00063 0.00125 ( 2)
  75 Q   0.02196 0.97659 0.00003 0.00142 ( 2)
  76 G   0.97471 0.02372 0.00153 0.00004 ( 1)
  77 H   0.40877 0.58972 0.00056 0.00094 ( 2)
  78 R   0.06048 0.93773 0.00009 0.00170 ( 2)
  79 L   0.67603 0.32238 0.00106 0.00053 ( 1)
  80 E   0.00300 0.99452 0.00001 0.00247 ( 2)
  81 Y   0.00397 0.91018 0.00512 0.08074 ( 2)
  82 S   0.00364 0.99167 0.00002 0.00467 ( 2)
  83 E   0.00043 0.99709 0.00000 0.00249 ( 2)
  84 T   0.97816 0.01888 0.00289 0.00007 ( 1)
  85 S   0.00087 0.99681 0.00000 0.00232 ( 2)
  86 A   0.01499 0.97379 0.00015 0.01107 ( 2)
  87 G   0.31632 0.65287 0.00918 0.02163 ( 2)
  88 N   0.00044 0.99542 0.00000 0.00413 ( 2)
  89 N   0.00074 0.98289 0.00001 0.01636 ( 2)
  90 I   0.00001 0.16168 0.02148 0.81682 ( 4)
  91 I   0.00001 0.30955 0.00012 0.69032 ( 4)
  92 S   0.02884 0.96883 0.00005 0.00227 ( 2)
  93 P   0.05900 0.93216 0.00056 0.00828 ( 2)
  94 T   0.08167 0.91448 0.00026 0.00359 ( 2)
  95 Y   0.97299 0.02453 0.00241 0.00007 ( 1)
  96 G   0.96520 0.03284 0.00189 0.00007 ( 1)
  97 D   0.00000 0.45211 0.01177 0.53611 ( 4)
  98 F   0.44015 0.55768 0.00086 0.00131 ( 2)
  99 N   0.09185 0.90670 0.00013 0.00132 ( 2)
 100 E   0.00008 0.04547 0.05909 0.89535 ( 4)
 101 S   0.78078 0.21658 0.00203 0.00061 ( 1)
 102 V   0.34384 0.65357 0.00078 0.00182 ( 2)
 103 A   0.00168 0.99524 0.00000 0.00308 ( 2)
 104 L   0.00001 0.35101 0.00002 0.64896 ( 4)
 105 H   0.00006 0.99825 0.00000 0.00169 ( 2)
 106 R   0.00001 0.99815 0.00000 0.00184 ( 2)
 107 D   0.00859 0.98818 0.00002 0.00321 ( 2)
 108 F   0.99067 0.00743 0.00189 0.00002 ( 1)
 109 S   0.05599 0.79623 0.11261 0.03517 ( 2)
 110 V   0.61544 0.38225 0.00136 0.00096 ( 1)
 111 L   0.11813 0.88022 0.00019 0.00146 ( 2)
 112 N   0.00018 0.99569 0.00000 0.00413 ( 2)
 113 R   0.50629 0.49275 0.00047 0.00049 ( 1)
 114 D   0.99093 0.00660 0.00245 0.00002 ( 1)
 115 V   0.74187 0.25362 0.00334 0.00117 ( 1)
 116 Y   0.97652 0.01857 0.00482 0.00009 ( 1)
 117 T   0.00059 0.99580 0.00000 0.00360 ( 2)
 118 M   0.00147 0.99756 0.00000 0.00097 ( 2)
 119 D   0.00400 0.99279 0.00001 0.00320 ( 2)
 120 S   0.18752 0.80970 0.00049 0.00230 ( 2)
 121 Y   0.00089 0.99603 0.00000 0.00307 ( 2)
 122 A   0.23742 0.75980 0.00058 0.00219 ( 2)
 123 V   0.00261 0.99490 0.00001 0.00249 ( 2)
 124 S   0.01205 0.98508 0.00003 0.00284 ( 2)
 125 Q   0.00873 0.98983 0.00001 0.00142 ( 2)
 126 F   0.00082 0.90034 0.00210 0.09674 ( 2)
 127 -   0.32366 0.62748 0.01663 0.03223 ( 2)
 128 -   0.27982 0.67132 0.01437 0.03448 ( 2)
 129 -   0.00259 0.94855 0.00013 0.04872 ( 2)
 130 -   0.04349 0.90766 0.00223 0.04662 ( 2)
 131 -   0.00254 0.94860 0.00013 0.04873 ( 2)
 132 -   0.37214 0.57900 0.01912 0.02974 ( 2)
 133 F   0.15216 0.84559 0.00029 0.00196 ( 2)
 134 G   0.07735 0.92075 0.00013 0.00177 ( 2)
 135 I   0.40352 0.54236 0.03014 0.02399 ( 2)
 136 S   0.33564 0.66215 0.00065 0.00156 ( 2)
 137 T   0.00000 0.99649 0.00000 0.00351 ( 2)
 138 A   0.00150 0.99536 0.00000 0.00313 ( 2)
 139 T   0.00707 0.98766 0.00004 0.00523 ( 2)
 140 L   0.92122 0.07755 0.00112 0.00011 ( 1)
 141 F   0.26481 0.73294 0.00052 0.00173 ( 2)
 142 G   0.00034 0.99802 0.00000 0.00164 ( 2)
 143 V   0.92918 0.06850 0.00213 0.00019 ( 1)
 144 S   0.07611 0.92106 0.00019 0.00263 ( 2)
 145 D   0.00025 0.99653 0.00000 0.00322 ( 2)
 146 N   0.02879 0.96717 0.00009 0.00395 ( 2)
 147 D   0.65360 0.27941 0.04503 0.02197 ( 1)
 148 F   0.00000 0.99800 0.00000 0.00200 ( 2)
 149 Q   0.44931 0.54930 0.00060 0.00079 ( 2)
 150 Y   0.00095 0.99402 0.00000 0.00502 ( 2)
 151 Q   0.22653 0.77208 0.00030 0.00109 ( 2)
 152 D   0.03019 0.96839 0.00004 0.00138 ( 2)
 153 L   0.00003 0.99854 0.00000 0.00143 ( 2)
 154 N   0.49230 0.50397 0.00164 0.00209 ( 2)
 155 S   0.00364 0.99402 0.00001 0.00234 ( 2)
 156 N   0.35660 0.63963 0.00113 0.00264 ( 2)
 157 R   0.00000 0.00138 0.29582 0.70279 ( 4)
 158 P   0.32675 0.67158 0.00050 0.00116 ( 2)
 159 G   0.31107 0.68691 0.00061 0.00140 ( 2)
 160 E   0.00121 0.31376 0.20509 0.47994 ( 4)
 161 I   0.00892 0.32166 0.19967 0.46975 ( 4)
 162 S   0.00024 0.92525 0.00027 0.07424 ( 2)
 163 Y   0.00002 0.99690 0.00000 0.00307 ( 2)
 164 T   0.20374 0.79287 0.00060 0.00279 ( 2)
 165 N   0.89089 0.09424 0.01323 0.00163 ( 1)
 166 P   0.05368 0.94459 0.00009 0.00164 ( 2)
 167 P   0.17178 0.82669 0.00023 0.00130 ( 2)
 168 S   0.26586 0.73190 0.00051 0.00172 ( 2)
 169 W   0.00385 0.99421 0.00001 0.00193 ( 2)
 170 G   0.00156 0.99651 0.00000 0.00192 ( 2)
 171 G   0.00063 0.97244 0.00002 0.02691 ( 2)
 172 L   0.00001 0.99854 0.00000 0.00145 ( 2)
 173 H   0.00003 0.99820 0.00000 0.00177 ( 2)
 174 I   0.01416 0.98242 0.00004 0.00338 ( 2)
 175 Y   0.83019 0.16726 0.00205 0.00049 ( 1)
 176 S   0.19273 0.80459 0.00045 0.00223 ( 2)
 177 E   0.00538 0.99215 0.00001 0.00246 ( 2)
 178 L   0.32249 0.67550 0.00061 0.00141 ( 2)
 179 P   0.00231 0.97626 0.00003 0.02140 ( 2)
 180 A   0.00136 0.99518 0.00000 0.00345 ( 2)
 181 K   0.00002 0.00629 0.93482 0.05887 ( 3)
 182 P   0.93327 0.06521 0.00141 0.00011 ( 1)
 183 T   0.88361 0.11330 0.00268 0.00040 ( 1)
 184 I   0.00548 0.94277 0.00270 0.04905 ( 2)
 185 P   0.00717 0.99120 0.00001 0.00162 ( 2)
 186 G   0.00025 0.99768 0.00000 0.00207 ( 2)
 187 I   0.00038 0.94757 0.00084 0.05121 ( 2)
 188 E   0.00004 0.99746 0.00000 0.00249 ( 2)
 189 P   0.98460 0.01388 0.00150 0.00002 ( 1)
 190 G   0.04974 0.94860 0.00008 0.00158 ( 2)
 191 R   0.01023 0.98876 0.00001 0.00100 ( 2)
 192 P   0.14442 0.85385 0.00023 0.00150 ( 2)
 193 T   0.68852 0.30417 0.00465 0.00266 ( 1)
 194 A   0.01944 0.97745 0.00005 0.00305 ( 2)
 195 N   0.30907 0.68952 0.00042 0.00098 ( 2)
 196 D   0.45134 0.49588 0.03272 0.02007 ( 2)
 197 Y   0.97299 0.02453 0.00241 0.00007 ( 1)
 198 S   0.94174 0.05642 0.00170 0.00013 ( 1)
 199 H   0.98929 0.00901 0.00168 0.00002 ( 1)
 200 R   0.95546 0.04301 0.00145 0.00008 ( 1)
 201 L   0.91204 0.05350 0.03260 0.00185 ( 1)
 202 T   0.88904 0.10808 0.00255 0.00033 ( 1)
 203 Y   0.24285 0.75432 0.00060 0.00223 ( 2)
 204 L   0.22415 0.77419 0.00036 0.00129 ( 2)
 205 T   0.61097 0.38579 0.00187 0.00137 ( 1)
 206 A   0.60869 0.38854 0.00156 0.00121 ( 1)
 207 S   0.09351 0.90370 0.00023 0.00257 ( 2)
 208 R   0.00050 0.99849 0.00000 0.00101 ( 2)
 209 A   0.00541 0.98386 0.00005 0.01069 ( 2)
 210 G   0.00005 0.99791 0.00000 0.00203 ( 2)
 211 T   0.01693 0.97921 0.00005 0.00380 ( 2)
 212 A   0.63375 0.36348 0.00163 0.00113 ( 1)
 213 -   0.01427 0.93688 0.00073 0.04812 ( 2)
 214 -   0.28421 0.66693 0.01460 0.03426 ( 2)
 215 -   0.28421 0.66693 0.01460 0.03426 ( 2)
 216 -   0.28421 0.66693 0.01460 0.03426 ( 2)
 217 -   0.28421 0.66693 0.01460 0.03426 ( 2)
 218 -   0.28421 0.66693 0.01460 0.03426 ( 2)
 219 -   0.28421 0.66693 0.01460 0.03426 ( 2)
 220 -   0.28421 0.66693 0.01460 0.03426 ( 2)
 221 -   0.28421 0.66693 0.01460 0.03426 ( 2)
 222 G   0.97221 0.02636 0.00139 0.00004 ( 1)
 223 H   0.00197 0.99632 0.00000 0.00171 ( 2)
 224 V   0.92918 0.06850 0.00213 0.00019 ( 1)
 225 L   0.61281 0.37545 0.00652 0.00522 ( 1)
 226 C   0.10382 0.88948 0.00050 0.00620 ( 2)
 227 Y   0.01285 0.75393 0.03974 0.19348 ( 2)
 228 G   0.96242 0.03388 0.00357 0.00013 ( 1)
 229 W   0.84997 0.14816 0.00159 0.00028 ( 1)
 230 T   0.96695 0.03010 0.00285 0.00011 ( 1)
 231 S   0.57286 0.42451 0.00143 0.00121 ( 1)
 232 S   0.00306 0.99404 0.00001 0.00289 ( 2)
 233 T   0.78059 0.21604 0.00252 0.00085 ( 1)


lnL = -3495.157234

