Supplemental results for CODEML (seqf: algn  treef: tree)


dN/dS (w) for site classes (K=4)

site class             0        1       2a       2b
proportion       0.58865  0.41135  0.00000  0.00000
background w     0.12751  1.00000  0.12751  1.00000
foreground w     0.12751  1.00000  1.00000  1.00000

Naive Empirical Bayes (NEB) probabilities for 4 classes
(amino acids refer to 1st sequence: BT_Cry24Da1)

   1 -   0.87568 0.12432 0.00000 0.00000 ( 1)
   2 I   0.09004 0.90996 0.00000 0.00000 ( 2)
   3 D   0.99996 0.00004 0.00000 0.00000 ( 1)
   4 E   0.99978 0.00022 0.00000 0.00000 ( 1)
   5 I   0.99997 0.00003 0.00000 0.00000 ( 1)
   6 T   0.87474 0.12526 0.00000 0.00000 ( 1)
   7 Q   0.99939 0.00061 0.00000 0.00000 ( 1)
   8 I   0.99995 0.00005 0.00000 0.00000 ( 1)
   9 P   0.97726 0.02274 0.00000 0.00000 ( 1)
  10 A   0.99980 0.00020 0.00000 0.00000 ( 1)
  11 V   0.98303 0.01697 0.00000 0.00000 ( 1)
  12 K   0.99993 0.00007 0.00000 0.00000 ( 1)
  13 A   0.99997 0.00003 0.00000 0.00000 ( 1)
  14 F   0.99987 0.00013 0.00000 0.00000 ( 1)
  15 N   0.00152 0.99848 0.00000 0.00000 ( 2)
  16 I   0.97002 0.02998 0.00000 0.00000 ( 1)
  17 -   0.58865 0.41135 0.00000 0.00000 ( 1)
  18 -   0.58865 0.41135 0.00000 0.00000 ( 1)
  19 -   0.58865 0.41135 0.00000 0.00000 ( 1)
  20 S   0.07252 0.92748 0.00000 0.00000 ( 2)
  21 D   0.02862 0.97138 0.00000 0.00000 ( 2)
  22 T   0.00000 1.00000 0.00000 0.00000 ( 2)
  23 G   0.93518 0.06482 0.00000 0.00000 ( 1)
  24 -   0.58865 0.41135 0.00000 0.00000 ( 1)
  25 -   0.58865 0.41135 0.00000 0.00000 ( 1)
  26 A   0.00221 0.99779 0.00000 0.00000 ( 2)
  27 G   0.97626 0.02374 0.00000 0.00000 ( 1)
  28 S   0.00000 1.00000 0.00000 0.00000 ( 2)
  29 V   0.99423 0.00577 0.00000 0.00000 ( 1)
  30 V   0.00026 0.99974 0.00000 0.00000 ( 2)
  31 A   0.98336 0.01664 0.00000 0.00000 ( 1)
  32 G   0.99964 0.00036 0.00000 0.00000 ( 1)
  33 P   0.98501 0.01499 0.00000 0.00000 ( 1)
  34 G   0.99996 0.00004 0.00000 0.00000 ( 1)
  35 H   0.01324 0.98676 0.00000 0.00000 ( 2)
  36 T   0.99988 0.00012 0.00000 0.00000 ( 1)
  37 G   0.99945 0.00055 0.00000 0.00000 ( 1)
  38 G   0.99946 0.00054 0.00000 0.00000 ( 1)
  39 D   0.99971 0.00029 0.00000 0.00000 ( 1)
  40 L   0.58175 0.41825 0.00000 0.00000 ( 1)
  41 I   0.99883 0.00117 0.00000 0.00000 ( 1)
  42 R   0.00007 0.99993 0.00000 0.00000 ( 2)
  43 L   0.99896 0.00104 0.00000 0.00000 ( 1)
  44 P   0.00025 0.99975 0.00000 0.00000 ( 2)
  45 N   0.58865 0.41135 0.00000 0.00000 ( 1)
  46 N   0.00007 0.99993 0.00000 0.00000 ( 2)
  47 N   0.00000 1.00000 0.00000 0.00000 ( 2)
  48 A   0.02765 0.97235 0.00000 0.00000 ( 2)
  49 R   0.96351 0.03649 0.00000 0.00000 ( 1)
  50 L   0.99806 0.00194 0.00000 0.00000 ( 1)
  51 K   0.99973 0.00027 0.00000 0.00000 ( 1)
  52 I   0.99994 0.00006 0.00000 0.00000 ( 1)
  53 R   0.99975 0.00025 0.00000 0.00000 ( 1)
  54 L   0.99896 0.00104 0.00000 0.00000 ( 1)
  55 T   0.25740 0.74260 0.00000 0.00000 ( 2)
  56 P   0.94850 0.05150 0.00000 0.00000 ( 1)
  57 S   0.90583 0.09417 0.00000 0.00000 ( 1)
  58 T   0.00005 0.99995 0.00000 0.00000 ( 2)
  59 S   0.25171 0.74829 0.00000 0.00000 ( 2)
  60 D   0.97983 0.02017 0.00000 0.00000 ( 1)
  61 K   0.99995 0.00005 0.00000 0.00000 ( 1)
  62 R   0.99820 0.00180 0.00000 0.00000 ( 1)
  63 F   0.78389 0.21611 0.00000 0.00000 ( 1)
  64 R   0.36006 0.63994 0.00000 0.00000 ( 2)
  65 V   0.99997 0.00003 0.00000 0.00000 ( 1)
  66 R   0.99991 0.00009 0.00000 0.00000 ( 1)
  67 V   0.94817 0.05183 0.00000 0.00000 ( 1)
  68 R   0.90371 0.09629 0.00000 0.00000 ( 1)
  69 Y   0.99937 0.00063 0.00000 0.00000 ( 1)
  70 A   0.00100 0.99900 0.00000 0.00000 ( 2)
  71 S   0.92210 0.07790 0.00000 0.00000 ( 1)
  72 T   0.00000 1.00000 0.00000 0.00000 ( 2)
  73 T   0.00000 1.00000 0.00000 0.00000 ( 2)
  74 A   0.00000 1.00000 0.00000 0.00000 ( 2)
  75 G   0.99970 0.00030 0.00000 0.00000 ( 1)
  76 R   0.00000 1.00000 0.00000 0.00000 ( 2)
  77 M   0.00092 0.99908 0.00000 0.00000 ( 2)
  78 R   0.00032 0.99968 0.00000 0.00000 ( 2)
  79 I   0.99254 0.00746 0.00000 0.00000 ( 1)
  80 T   0.63579 0.36421 0.00000 0.00000 ( 1)
  81 K   0.99373 0.00627 0.00000 0.00000 ( 1)
  82 Y   0.58865 0.41135 0.00000 0.00000 ( 1)
  83 W   0.95803 0.04197 0.00000 0.00000 ( 1)
  84 S   0.20043 0.79957 0.00000 0.00000 ( 2)
  85 P   0.83702 0.16298 0.00000 0.00000 ( 1)
  86 G   0.99400 0.00600 0.00000 0.00000 ( 1)
  87 Y   0.14784 0.85216 0.00000 0.00000 ( 2)
  88 V   0.00000 1.00000 0.00000 0.00000 ( 2)
  89 Q   0.00000 1.00000 0.00000 0.00000 ( 2)
  90 -   0.58865 0.41135 0.00000 0.00000 ( 1)
  91 H   0.73411 0.26589 0.00000 0.00000 ( 1)
  92 Y   0.00000 1.00000 0.00000 0.00000 ( 2)
  93 D   0.00005 0.99995 0.00000 0.00000 ( 2)
  94 F   0.99988 0.00012 0.00000 0.00000 ( 1)
  95 N   0.00000 1.00000 0.00000 0.00000 ( 2)
  96 F   0.00000 1.00000 0.00000 0.00000 ( 2)
  97 D   0.00001 0.99999 0.00000 0.00000 ( 2)
  98 A   0.00000 1.00000 0.00000 0.00000 ( 2)
  99 Q   0.07785 0.92215 0.00000 0.00000 ( 2)
 100 Y   0.01767 0.98233 0.00000 0.00000 ( 2)
 101 Y   0.00000 1.00000 0.00000 0.00000 ( 2)
 102 D   0.58865 0.41135 0.00000 0.00000 ( 1)
 103 S   0.58865 0.41135 0.00000 0.00000 ( 1)
 104 N   0.05058 0.94942 0.00000 0.00000 ( 2)
 105 L   0.05253 0.94747 0.00000 0.00000 ( 2)
 106 T   0.49945 0.50055 0.00000 0.00000 ( 2)
 107 F   0.00059 0.99941 0.00000 0.00000 ( 2)
 108 R   0.00015 0.99985 0.00000 0.00000 ( 2)
 109 S   0.00097 0.99903 0.00000 0.00000 ( 2)
 110 F   0.98642 0.01358 0.00000 0.00000 ( 1)
 111 H   0.00001 0.99999 0.00000 0.00000 ( 2)
 112 Y   0.99993 0.00007 0.00000 0.00000 ( 1)
 113 L   0.00117 0.99883 0.00000 0.00000 ( 2)
 114 D   0.23283 0.76717 0.00000 0.00000 ( 2)
 115 T   0.99330 0.00670 0.00000 0.00000 ( 1)
 116 M   0.95103 0.04897 0.00000 0.00000 ( 1)
 117 V   0.99830 0.00170 0.00000 0.00000 ( 1)
 118 T   0.99538 0.00462 0.00000 0.00000 ( 1)
 119 R   0.98761 0.01239 0.00000 0.00000 ( 1)
 120 L   0.99849 0.00151 0.00000 0.00000 ( 1)
 121 D   0.97816 0.02184 0.00000 0.00000 ( 1)
 122 D   0.21803 0.78197 0.00000 0.00000 ( 2)
 123 P   0.06748 0.93252 0.00000 0.00000 ( 2)
 124 G   0.98758 0.01242 0.00000 0.00000 ( 1)
 125 V   0.99998 0.00002 0.00000 0.00000 ( 1)
 126 E   0.99966 0.00034 0.00000 0.00000 ( 1)
 127 I   0.99934 0.00066 0.00000 0.00000 ( 1)
 128 I   0.99999 0.00001 0.00000 0.00000 ( 1)
 129 V   0.99956 0.00044 0.00000 0.00000 ( 1)
 130 Q   0.84422 0.15578 0.00000 0.00000 ( 1)
 131 N   0.99999 0.00001 0.00000 0.00000 ( 1)
 132 I   0.09518 0.90482 0.00000 0.00000 ( 2)
 133 G   0.00062 0.99938 0.00000 0.00000 ( 2)
 134 G   0.00000 1.00000 0.00000 0.00000 ( 2)
 135 S   0.00002 0.99998 0.00000 0.00000 ( 2)
 136 I   0.00002 0.99998 0.00000 0.00000 ( 2)
 137 L   0.77728 0.22272 0.00000 0.00000 ( 1)
 138 Y   0.00004 0.99996 0.00000 0.00000 ( 2)
 139 I   0.74949 0.25051 0.00000 0.00000 ( 1)
 140 D   0.99508 0.00492 0.00000 0.00000 ( 1)
 141 K   0.99997 0.00003 0.00000 0.00000 ( 1)
 142 I   0.79841 0.20159 0.00000 0.00000 ( 1)
 143 E   0.99965 0.00035 0.00000 0.00000 ( 1)
 144 I   0.98703 0.01297 0.00000 0.00000 ( 1)
 145 I   0.83705 0.16295 0.00000 0.00000 ( 1)
 146 -   0.79649 0.20351 0.00000 0.00000 ( 1)


lnL = -3226.084790

Bayes Empirical Bayes (BEB) probabilities for 4 classes (class)
(amino acids refer to 1st sequence: BT_Cry24Da1)

   1 -   0.83572 0.11962 0.03908 0.00558 ( 1)
   2 I   0.14697 0.84057 0.00125 0.01121 ( 2)
   3 D   0.99405 0.00005 0.00590 0.00000 ( 1)
   4 E   0.99314 0.00024 0.00662 0.00000 ( 1)
   5 I   0.99282 0.00003 0.00715 0.00000 ( 1)
   6 T   0.87824 0.10215 0.01723 0.00238 ( 1)
   7 Q   0.99101 0.00070 0.00828 0.00001 ( 1)
   8 I   0.99264 0.00006 0.00729 0.00000 ( 1)
   9 P   0.97167 0.02153 0.00655 0.00025 ( 1)
  10 A   0.99106 0.00024 0.00869 0.00000 ( 1)
  11 V   0.96882 0.01783 0.01300 0.00035 ( 1)
  12 K   0.99236 0.00009 0.00755 0.00000 ( 1)
  13 A   0.99290 0.00004 0.00706 0.00000 ( 1)
  14 F   0.99406 0.00014 0.00579 0.00000 ( 1)
  15 N   0.00405 0.91254 0.00155 0.08186 ( 2)
  16 I   0.79835 0.02128 0.17931 0.00106 ( 1)
  17 -   0.57488 0.38046 0.02689 0.01777 ( 1)
  18 -   0.57488 0.38046 0.02689 0.01777 ( 1)
  19 -   0.57488 0.38046 0.02689 0.01777 ( 1)
  20 S   0.11080 0.79892 0.03457 0.05570 ( 2)
  21 D   0.05001 0.84069 0.03255 0.07675 ( 2)
  22 T   0.00000 0.79211 0.00001 0.20788 ( 2)
  23 G   0.75439 0.04869 0.19395 0.00297 ( 1)
  24 -   0.57488 0.38046 0.02689 0.01777 ( 1)
  25 -   0.57488 0.38046 0.02689 0.01777 ( 1)
  26 A   0.00403 0.83254 0.00545 0.15799 ( 2)
  27 G   0.97509 0.01856 0.00611 0.00024 ( 1)
  28 S   0.00000 0.73478 0.00000 0.26522 ( 2)
  29 V   0.97428 0.00621 0.01936 0.00015 ( 1)
  30 V   0.00071 0.95405 0.00015 0.04509 ( 2)
  31 A   0.97945 0.01317 0.00718 0.00019 ( 1)
  32 G   0.98618 0.00042 0.01339 0.00001 ( 1)
  33 P   0.97974 0.01365 0.00645 0.00016 ( 1)
  34 G   0.99374 0.00005 0.00622 0.00000 ( 1)
  35 H   0.02943 0.94209 0.00122 0.02726 ( 2)
  36 T   0.99154 0.00015 0.00831 0.00000 ( 1)
  37 G   0.99106 0.00065 0.00828 0.00001 ( 1)
  38 G   0.99104 0.00063 0.00832 0.00001 ( 1)
  39 D   0.99382 0.00029 0.00590 0.00000 ( 1)
  40 L   0.68201 0.30650 0.00642 0.00507 ( 1)
  41 I   0.99014 0.00122 0.00862 0.00002 ( 1)
  42 R   0.00019 0.92174 0.00009 0.07798 ( 2)
  43 L   0.98931 0.00118 0.00949 0.00002 ( 1)
  44 P   0.00071 0.98497 0.00001 0.01432 ( 2)
  45 N   0.57488 0.38046 0.02689 0.01777 ( 1)
  46 N   0.00026 0.98622 0.00000 0.01352 ( 2)
  47 N   0.00000 0.72454 0.00001 0.27545 ( 2)
  48 A   0.05308 0.92838 0.00045 0.01810 ( 2)
  49 R   0.83373 0.02619 0.13899 0.00109 ( 1)
  50 L   0.98812 0.00218 0.00967 0.00003 ( 1)
  51 K   0.99308 0.00030 0.00662 0.00000 ( 1)
  52 I   0.99192 0.00008 0.00800 0.00000 ( 1)
  53 R   0.99266 0.00029 0.00704 0.00000 ( 1)
  54 L   0.98931 0.00118 0.00949 0.00002 ( 1)
  55 T   0.38825 0.59992 0.00282 0.00901 ( 2)
  56 P   0.83945 0.03423 0.12507 0.00126 ( 1)
  57 S   0.92013 0.07078 0.00801 0.00108 ( 1)
  58 T   0.00012 0.89157 0.00009 0.10822 ( 2)
  59 S   0.30975 0.66860 0.00607 0.01558 ( 2)
  60 D   0.97935 0.01436 0.00609 0.00020 ( 1)
  61 K   0.99331 0.00006 0.00663 0.00000 ( 1)
  62 R   0.99228 0.00151 0.00619 0.00002 ( 1)
  63 F   0.78713 0.19096 0.01712 0.00479 ( 1)
  64 R   0.47450 0.50668 0.00904 0.00977 ( 2)
  65 V   0.99256 0.00004 0.00740 0.00000 ( 1)
  66 R   0.99311 0.00011 0.00678 0.00000 ( 1)
  67 V   0.81504 0.03424 0.14920 0.00152 ( 1)
  68 R   0.88121 0.09456 0.02164 0.00260 ( 1)
  69 Y   0.98724 0.00066 0.01209 0.00001 ( 1)
  70 A   0.00253 0.97816 0.00003 0.01928 ( 2)
  71 S   0.94056 0.05385 0.00497 0.00061 ( 1)
  72 T   0.00000 0.71037 0.00000 0.28963 ( 2)
  73 T   0.00000 0.97984 0.00000 0.02016 ( 2)
  74 A   0.00000 0.96468 0.00000 0.03532 ( 2)
  75 G   0.99346 0.00032 0.00621 0.00000 ( 1)
  76 R   0.00000 0.88510 0.00000 0.11490 ( 2)
  77 M   0.00226 0.94830 0.00056 0.04888 ( 2)
  78 R   0.00081 0.98101 0.00001 0.01817 ( 2)
  79 I   0.98439 0.00661 0.00889 0.00011 ( 1)
  80 T   0.72823 0.26348 0.00490 0.00340 ( 1)
  81 K   0.98743 0.00554 0.00696 0.00007 ( 1)
  82 Y   0.57488 0.38046 0.02689 0.01777 ( 1)
  83 W   0.93881 0.04248 0.01776 0.00095 ( 1)
  84 S   0.25163 0.72244 0.00612 0.01982 ( 2)
  85 P   0.83961 0.14611 0.01156 0.00272 ( 1)
  86 G   0.98953 0.00483 0.00558 0.00006 ( 1)
  87 Y   0.24682 0.74179 0.00176 0.00963 ( 2)
  88 V   0.00001 0.97929 0.00000 0.02070 ( 2)
  89 Q   0.00000 0.90713 0.00000 0.09286 ( 2)
  90 -   0.57488 0.38046 0.02689 0.01777 ( 1)
  91 H   0.81857 0.17356 0.00529 0.00258 ( 1)
  92 Y   0.00000 0.89706 0.00000 0.10293 ( 2)
  93 D   0.00017 0.97526 0.00000 0.02456 ( 2)
  94 F   0.99407 0.00013 0.00579 0.00000 ( 1)
  95 N   0.00000 0.96891 0.00000 0.03109 ( 2)
  96 F   0.00000 0.98249 0.00000 0.01751 ( 2)
  97 D   0.00004 0.97579 0.00000 0.02416 ( 2)
  98 A   0.00000 0.97889 0.00000 0.02111 ( 2)
  99 Q   0.11689 0.86479 0.00155 0.01677 ( 2)
 100 Y   0.03892 0.94923 0.00024 0.01160 ( 2)
 101 Y   0.00000 0.97216 0.00000 0.02784 ( 2)
 102 D   0.57488 0.38046 0.02689 0.01777 ( 1)
 103 S   0.57488 0.38046 0.02689 0.01777 ( 1)
 104 N   0.06857 0.88678 0.00320 0.04146 ( 2)
 105 L   0.07216 0.88318 0.00337 0.04129 ( 2)
 106 T   0.51484 0.44050 0.02408 0.02058 ( 1)
 107 F   0.00156 0.96200 0.00025 0.03619 ( 2)
 108 R   0.00047 0.96194 0.00005 0.03753 ( 2)
 109 S   0.00236 0.98158 0.00003 0.01604 ( 2)
 110 F   0.98345 0.01070 0.00573 0.00013 ( 1)
 111 H   0.00003 0.95558 0.00000 0.04439 ( 2)
 112 Y   0.99329 0.00009 0.00662 0.00000 ( 1)
 113 L   0.00255 0.97453 0.00005 0.02287 ( 2)
 114 D   0.33150 0.65393 0.00397 0.01060 ( 2)
 115 T   0.97333 0.00724 0.01927 0.00017 ( 1)
 116 M   0.94661 0.04364 0.00911 0.00063 ( 1)
 117 V   0.99036 0.00159 0.00802 0.00003 ( 1)
 118 T   0.98831 0.00412 0.00750 0.00006 ( 1)
 119 R   0.98054 0.01075 0.00855 0.00016 ( 1)
 120 L   0.99280 0.00139 0.00579 0.00002 ( 1)
 121 D   0.97840 0.01555 0.00583 0.00022 ( 1)
 122 D   0.31913 0.66932 0.00272 0.00883 ( 2)
 123 P   0.11275 0.87111 0.00132 0.01482 ( 2)
 124 G   0.98392 0.00981 0.00615 0.00012 ( 1)
 125 V   0.99257 0.00003 0.00740 0.00000 ( 1)
 126 E   0.99294 0.00037 0.00669 0.00000 ( 1)
 127 I   0.99129 0.00070 0.00800 0.00001 ( 1)
 128 I   0.99285 0.00002 0.00713 0.00000 ( 1)
 129 V   0.99152 0.00048 0.00800 0.00001 ( 1)
 130 Q   0.87457 0.11662 0.00730 0.00151 ( 1)
 131 N   0.99397 0.00001 0.00602 0.00000 ( 1)
 132 I   0.15413 0.83164 0.00162 0.01261 ( 2)
 133 G   0.00161 0.92028 0.00015 0.07796 ( 2)
 134 G   0.00000 0.95241 0.00000 0.04759 ( 2)
 135 S   0.00005 0.89777 0.00003 0.10215 ( 2)
 136 I   0.00007 0.95561 0.00001 0.04431 ( 2)
 137 L   0.83570 0.15569 0.00593 0.00269 ( 1)
 138 Y   0.00013 0.98143 0.00000 0.01844 ( 2)
 139 I   0.79584 0.16995 0.02986 0.00435 ( 1)
 140 D   0.98283 0.00534 0.01175 0.00009 ( 1)
 141 K   0.99334 0.00004 0.00662 0.00000 ( 1)
 142 I   0.84677 0.14041 0.01013 0.00268 ( 1)
 143 E   0.99292 0.00037 0.00670 0.00000 ( 1)
 144 I   0.98394 0.01020 0.00573 0.00012 ( 1)
 145 I   0.83558 0.14683 0.01445 0.00314 ( 1)
 146 -   0.76370 0.19165 0.03571 0.00894 ( 1)

