Supplemental results for CODEML (seqf: algn  treef: tree)


dN/dS (w) for site classes (K=4)

site class             0        1       2a       2b
proportion       0.00000  0.00000  0.50673  0.49327
background w     0.05072  0.54254  0.05072  0.54254
foreground w     0.05072  0.54254 999.00000 999.00000

Naive Empirical Bayes (NEB) probabilities for 4 classes
(amino acids refer to 1st sequence: BT_Cry14Aa1)

   1 -   0.00000 0.00000 0.40952 0.59048 ( 4)
   2 L   0.00000 0.00000 0.87440 0.12560 ( 3)
   3 K   0.00000 0.00000 0.84381 0.15619 ( 3)
   4 G   0.00000 0.00000 0.94113 0.05887 ( 3)
   5 I   0.00000 0.00000 0.87999 0.12001 ( 3)
   6 P   0.00000 0.00000 0.98241 0.01759 ( 3)
   7 A   0.00000 0.00000 0.99884 0.00116 ( 3)
   8 E   0.00000 0.00000 0.99615 0.00385 ( 3)
   9 K   0.00000 0.00000 0.99842 0.00158 ( 3)
  10 G   0.00000 0.00000 0.40750 0.59250 ( 4)
  11 Y   0.00000 0.00000 0.96711 0.03289 ( 3)
  12 F   0.00000 0.00000 0.00220 0.99780 ( 4)
  13 P   0.00000 0.00000 0.29574 0.70426 ( 4)
  14 N   0.00000 0.00000 0.92754 0.07246 ( 3)
  15 N   0.00000 0.00000 0.34353 0.65647 ( 4)
  16 A   0.00000 0.00000 0.00806 0.99194 ( 4)
  17 R   0.00000 0.00000 0.00465 0.99535 ( 4)
  18 P   0.00000 0.00000 0.03742 0.96258 ( 4)
  19 T   0.00000 0.00000 0.01303 0.98697 ( 4)
  20 V   0.00000 0.00000 0.71709 0.28291 ( 3)
  21 V   0.00000 0.00000 0.99376 0.00624 ( 3)
  22 K   0.00000 0.00000 0.01828 0.98172 ( 4)
  23 -   0.00000 0.00000 0.50673 0.49327 ( 3)
  24 E   0.00000 0.00000 0.98271 0.01729 ( 3)
  25 W   0.00000 0.00000 0.01470 0.98530 ( 4)
  26 I   0.00000 0.00000 0.37530 0.62470 ( 4)
  27 N   0.00000 0.00000 0.99383 0.00617 ( 3)
  28 G   0.00000 0.00000 0.99964 0.00036 ( 3)
  29 A   0.00000 0.00000 0.76763 0.23237 ( 3)
  30 S   0.00000 0.00000 0.92222 0.07778 ( 3)
  31 A   0.00000 0.00000 0.78870 0.21130 ( 3)
  32 V   0.00000 0.00000 0.43156 0.56844 ( 4)
  33 P   0.00000 0.00000 0.24929 0.75071 ( 4)
  34 F   0.00000 0.00000 0.89440 0.10560 ( 3)
  35 Y   0.00000 0.00000 0.00416 0.99584 ( 4)
  36 S   0.00000 0.00000 0.14016 0.85984 ( 4)
  37 G   0.00000 0.00000 0.00525 0.99475 ( 4)
  38 N   0.00000 0.00000 0.00394 0.99606 ( 4)
  39 T   0.00000 0.00000 0.02461 0.97539 ( 4)
  40 L   0.00000 0.00000 0.56871 0.43129 ( 3)
  41 F   0.00000 0.00000 0.00002 0.99998 ( 4)
  42 M   0.00000 0.00000 0.08475 0.91525 ( 4)
  43 T   0.00000 0.00000 0.00143 0.99857 ( 4)
  44 A   0.00000 0.00000 0.96692 0.03308 ( 3)
  45 T   0.00000 0.00000 0.88013 0.11987 ( 3)
  46 -   0.00000 0.00000 0.51700 0.48300 ( 3)
  47 -   0.00000 0.00000 0.56868 0.43132 ( 3)
  48 -   0.00000 0.00000 0.55096 0.44904 ( 3)
  49 -   0.00000 0.00000 0.57272 0.42728 ( 3)
  50 -   0.00000 0.00000 0.56649 0.43351 ( 3)
  51 -   0.00000 0.00000 0.56340 0.43660 ( 3)
  52 -   0.00000 0.00000 0.52076 0.47924 ( 3)
  53 -   0.00000 0.00000 0.56468 0.43532 ( 3)
  54 N   0.00000 0.00000 0.99451 0.00549 ( 3)
  55 L   0.00000 0.00000 0.13503 0.86497 ( 4)
  56 T   0.00000 0.00000 0.98949 0.01051 ( 3)
  57 A   0.00000 0.00000 0.55598 0.44402 ( 3)
  58 T   0.00000 0.00000 0.56174 0.43826 ( 3)
  59 Q   0.00000 0.00000 0.96509 0.03491 ( 3)
  60 Y   0.00000 0.00000 0.99527 0.00473 ( 3)
  61 K   0.00000 0.00000 0.04784 0.95216 ( 4)
  62 I   0.00000 0.00000 0.92322 0.07678 ( 3)
  63 R   0.00000 0.00000 0.99569 0.00431 ( 3)
  64 I   0.00000 0.00000 0.90694 0.09306 ( 3)
  65 R   0.00000 0.00000 0.99971 0.00029 ( 3)
  66 Y   0.00000 0.00000 0.99918 0.00082 ( 3)
  67 A   0.00000 0.00000 0.99907 0.00093 ( 3)
  68 -   0.00000 0.00000 0.64015 0.35985 ( 3)
  69 N   0.00000 0.00000 0.08308 0.91692 ( 4)
  70 P   0.00000 0.00000 0.00063 0.99937 ( 4)
  71 N   0.00000 0.00000 0.90241 0.09759 ( 3)
  72 S   0.00000 0.00000 0.71476 0.28524 ( 3)
  73 D   0.00000 0.00000 0.01741 0.98259 ( 4)
  74 T   0.00000 0.00000 0.89857 0.10143 ( 3)
  75 Q   0.00000 0.00000 0.71983 0.28017 ( 3)
  76 I   0.00000 0.00000 0.49338 0.50662 ( 4)
  77 G   0.00000 0.00000 0.01144 0.98856 ( 4)
  78 V   0.00000 0.00000 0.29893 0.70107 ( 4)
  79 L   0.00000 0.00000 0.02146 0.97854 ( 4)
  80 I   0.00000 0.00000 0.84551 0.15449 ( 3)
  81 T   0.00000 0.00000 0.07104 0.92896 ( 4)
  82 Q   0.00000 0.00000 0.12169 0.87831 ( 4)
  83 N   0.00000 0.00000 0.72212 0.27788 ( 3)
  84 G   0.00000 0.00000 0.03121 0.96879 ( 4)
  85 S   0.00000 0.00000 0.60615 0.39385 ( 3)
  86 Q   0.00000 0.00000 0.04058 0.95942 ( 4)
  87 I   0.00000 0.00000 0.04127 0.95873 ( 4)
  88 S   0.00000 0.00000 0.00261 0.99739 ( 4)
  89 N   0.00000 0.00000 0.02038 0.97962 ( 4)
  90 S   0.00000 0.00000 0.00804 0.99196 ( 4)
  91 N   0.00000 0.00000 0.03770 0.96230 ( 4)
  92 L   0.00000 0.00000 0.00561 0.99439 ( 4)
  93 T   0.00000 0.00000 0.79546 0.20454 ( 3)
  94 L   0.00000 0.00000 0.64291 0.35709 ( 3)
  95 Y   0.00000 0.00000 0.05441 0.94559 ( 4)
  96 S   0.00000 0.00000 0.99218 0.00782 ( 3)
  97 T   0.00000 0.00000 0.00699 0.99301 ( 4)
  98 T   0.00000 0.00000 0.08285 0.91715 ( 4)
  99 D   0.00000 0.00000 0.01160 0.98840 ( 4)
 100 S   0.00000 0.00000 0.01821 0.98179 ( 4)
 101 S   0.00000 0.00000 0.05469 0.94531 ( 4)
 102 M   0.00000 0.00000 0.03202 0.96798 ( 4)
 103 S   0.00000 0.00000 0.00123 0.99877 ( 4)
 104 S   0.00000 0.00000 0.05829 0.94171 ( 4)
 105 N   0.00000 0.00000 0.00938 0.99062 ( 4)
 106 L   0.00000 0.00000 0.51098 0.48902 ( 3)
 107 P   0.00000 0.00000 0.00113 0.99887 ( 4)
 108 Q   0.00000 0.00000 0.10348 0.89652 ( 4)
 109 N   0.00000 0.00000 0.31225 0.68775 ( 4)
 110 V   0.00000 0.00000 0.94546 0.05454 ( 3)
 111 Y   0.00000 0.00000 0.93851 0.06149 ( 3)
 112 V   0.00000 0.00000 0.26054 0.73946 ( 4)
 113 T   0.00000 0.00000 0.22285 0.77715 ( 4)
 114 G   0.00000 0.00000 0.98687 0.01313 ( 3)
 115 E   0.00000 0.00000 0.09508 0.90492 ( 4)
 116 N   0.00000 0.00000 0.99498 0.00502 ( 3)
 117 G   0.00000 0.00000 0.99107 0.00893 ( 3)
 118 N   0.00000 0.00000 0.98662 0.01338 ( 3)
 119 Y   0.00000 0.00000 0.99957 0.00043 ( 3)
 120 T   0.00000 0.00000 0.82824 0.17176 ( 3)
 121 L   0.00000 0.00000 0.68045 0.31955 ( 3)
 122 L   0.00000 0.00000 0.00261 0.99739 ( 4)
 123 D   0.00000 0.00000 0.00865 0.99135 ( 4)
 124 L   0.00000 0.00000 0.96744 0.03256 ( 3)
 125 Y   0.00000 0.00000 0.00076 0.99924 ( 4)
 126 S   0.00000 0.00000 0.73466 0.26534 ( 3)
 127 T   0.00000 0.00000 0.66413 0.33587 ( 3)
 128 T   0.00000 0.00000 0.94844 0.05156 ( 3)
 129 N   0.00000 0.00000 0.95960 0.04040 ( 3)
 130 V   0.00000 0.00000 0.29612 0.70388 ( 4)
 131 L   0.00000 0.00000 0.91260 0.08740 ( 3)
 132 S   0.00000 0.00000 0.97906 0.02094 ( 3)
 133 T   0.00000 0.00000 0.03909 0.96091 ( 4)
 134 G   0.00000 0.00000 0.16124 0.83876 ( 4)
 135 D   0.00000 0.00000 0.00494 0.99506 ( 4)
 136 I   0.00000 0.00000 0.62844 0.37156 ( 3)
 137 T   0.00000 0.00000 0.55723 0.44277 ( 3)
 138 L   0.00000 0.00000 0.08997 0.91003 ( 4)
 139 K   0.00000 0.00000 0.55455 0.44545 ( 3)
 140 L   0.00000 0.00000 0.01240 0.98760 ( 4)
 141 T   0.00000 0.00000 0.61041 0.38959 ( 3)
 142 G   0.00000 0.00000 0.01037 0.98963 ( 4)
 143 G   0.00000 0.00000 0.11093 0.88907 ( 4)
 144 -   0.00000 0.00000 0.50673 0.49327 ( 3)
 145 N   0.00000 0.00000 0.00113 0.99887 ( 4)
 146 Q   0.00000 0.00000 0.98492 0.01508 ( 3)
 147 K   0.00000 0.00000 0.92576 0.07424 ( 3)
 148 I   0.00000 0.00000 0.93888 0.06112 ( 3)
 149 F   0.00000 0.00000 0.96367 0.03633 ( 3)
 150 I   0.00000 0.00000 0.92292 0.07708 ( 3)
 151 D   0.00000 0.00000 0.99925 0.00075 ( 3)
 152 R   0.00000 0.00000 0.99223 0.00777 ( 3)
 153 I   0.00000 0.00000 0.99573 0.00427 ( 3)
 154 E   0.00000 0.00000 0.99946 0.00054 ( 3)
 155 F   0.00000 0.00000 0.99945 0.00055 ( 3)
 156 I   0.00000 0.00000 0.78974 0.21026 ( 3)
 157 -   0.00000 0.00000 0.54825 0.45175 ( 3)


lnL = -2447.582441

