Supplemental results for CODEML (seqf: algn  treef: tree)


dN/dS (w) for site classes (K=4)

site class             0        1       2a       2b
proportion       0.60315  0.36977  0.01679  0.01029
background w     0.16625  1.00000  0.16625  1.00000
foreground w     0.16625  1.00000  1.00000  1.00000

Naive Empirical Bayes (NEB) probabilities for 4 classes
(amino acids refer to 1st sequence: BT_Cry18Aa1)

   1 -   0.97554 0.00026 0.02419 0.00001 ( 1)
   2 L   0.97504 0.00012 0.02483 0.00000 ( 1)
   3 Y   0.00029 0.97263 0.00001 0.02707 ( 2)
   4 V   0.97311 0.00150 0.02535 0.00004 ( 1)
   5 S   0.97064 0.00475 0.02448 0.00013 ( 1)
   6 T   0.96724 0.00639 0.02620 0.00018 ( 1)
   7 S   0.93711 0.03815 0.02368 0.00106 ( 1)
   8 A   0.97541 0.00016 0.02443 0.00000 ( 1)
   9 N   0.97584 0.00000 0.02415 0.00000 ( 1)
  10 L   0.97380 0.00050 0.02568 0.00001 ( 1)
  11 Y   0.97452 0.00073 0.02473 0.00002 ( 1)
  12 N   0.96325 0.01136 0.02507 0.00032 ( 1)
  13 I   0.75767 0.21749 0.01879 0.00605 ( 1)
  14 G   0.97491 0.00045 0.02463 0.00001 ( 1)
  15 D   0.96739 0.00839 0.02399 0.00023 ( 1)
  16 N   0.96993 0.00438 0.02558 0.00012 ( 1)
  17 K   0.07143 0.90160 0.00188 0.02509 ( 2)
  18 V   0.00116 0.97176 0.00003 0.02705 ( 2)
  19 N   0.45373 0.51949 0.01232 0.01446 ( 2)
  20 E   0.22719 0.74591 0.00613 0.02076 ( 2)
  21 G   0.94961 0.02451 0.02519 0.00068 ( 1)
  22 A   0.29545 0.67784 0.00784 0.01887 ( 2)
  23 Y   0.97563 0.00003 0.02434 0.00000 ( 1)
  24 P   0.96589 0.00977 0.02407 0.00027 ( 1)
  25 I   0.93205 0.04203 0.02475 0.00117 ( 1)
  26 S   0.72516 0.24868 0.01924 0.00692 ( 1)
  27 Y   0.31583 0.65741 0.00846 0.01830 ( 2)
  28 G   0.75095 0.22259 0.02026 0.00620 ( 1)
  29 P   0.97049 0.00389 0.02551 0.00011 ( 1)
  30 F   0.97564 0.00002 0.02434 0.00000 ( 1)
  31 F   0.97357 0.00073 0.02568 0.00002 ( 1)
  32 N   0.92158 0.05355 0.02339 0.00149 ( 1)
  33 S   0.97494 0.00045 0.02459 0.00001 ( 1)
  34 Y   0.97489 0.00028 0.02482 0.00001 ( 1)
  35 I   0.97039 0.00353 0.02598 0.00010 ( 1)
  36 Q   0.97328 0.00088 0.02582 0.00002 ( 1)
  37 T   0.97471 0.00083 0.02444 0.00002 ( 1)
  38 K   0.97583 0.00002 0.02415 0.00000 ( 1)
  39 S   0.84570 0.12828 0.02245 0.00357 ( 1)
  40 N   0.97584 0.00000 0.02415 0.00000 ( 1)
  41 Y   0.97523 0.00002 0.02475 0.00000 ( 1)
  42 V   0.87655 0.09696 0.02379 0.00270 ( 1)
  43 L   0.91535 0.05887 0.02414 0.00164 ( 1)
  44 S   0.84602 0.12944 0.02094 0.00360 ( 1)
  45 G   0.96613 0.00816 0.02548 0.00023 ( 1)
  46 V   0.23174 0.74183 0.00578 0.02065 ( 2)
  47 S   0.90727 0.06833 0.02250 0.00190 ( 1)
  48 G   0.97526 0.00010 0.02464 0.00000 ( 1)
  49 I   0.00062 0.97230 0.00002 0.02706 ( 2)
  50 G   0.54693 0.42659 0.01461 0.01187 ( 1)
  51 A   0.00000 0.97292 0.00000 0.02708 ( 2)
  52 R   0.00354 0.96939 0.00009 0.02698 ( 2)
  53 F   0.00000 0.97292 0.00000 0.02708 ( 2)
  54 T   0.00237 0.97055 0.00006 0.02701 ( 2)
  55 Y   0.95538 0.01853 0.02558 0.00052 ( 1)
  56 -   0.96564 0.00955 0.02455 0.00027 ( 1)
  57 -   0.11627 0.85700 0.00288 0.02385 ( 2)
  58 -   0.01778 0.95517 0.00046 0.02659 ( 2)
  59 S   0.19498 0.77845 0.00490 0.02167 ( 2)
  60 T   0.08277 0.89036 0.00209 0.02478 ( 2)
  61 V   0.28777 0.68556 0.00759 0.01908 ( 2)
  62 -   0.60315 0.36977 0.01679 0.01029 ( 1)
  63 -   0.60315 0.36977 0.01679 0.01029 ( 1)
  64 L   0.70600 0.26857 0.01795 0.00748 ( 1)
  65 G   0.97493 0.00043 0.02463 0.00001 ( 1)
  66 R   0.00000 0.97292 0.00000 0.02708 ( 2)
  67 Y   0.45910 0.51512 0.01144 0.01434 ( 2)
  68 L   0.86841 0.10610 0.02254 0.00295 ( 1)
  69 H   0.14834 0.82500 0.00370 0.02296 ( 2)
  70 D   0.26059 0.71254 0.00704 0.01983 ( 2)
  71 D   0.00005 0.97287 0.00000 0.02708 ( 2)
  72 L   0.94919 0.02459 0.02553 0.00068 ( 1)
  73 K   0.06751 0.90557 0.00172 0.02520 ( 2)
  74 N   0.00179 0.97113 0.00004 0.02703 ( 2)
  75 I   0.70792 0.26625 0.01843 0.00741 ( 1)
  76 I   0.54022 0.43329 0.01443 0.01206 ( 1)
  77 T   0.52363 0.45069 0.01313 0.01254 ( 1)
  78 T   0.97556 0.00028 0.02414 0.00001 ( 1)
  79 Y   0.97353 0.00005 0.02642 0.00000 ( 1)
  80 V   0.03821 0.93482 0.00095 0.02602 ( 2)
  81 G   0.97401 0.00029 0.02569 0.00001 ( 1)
  82 G   0.96677 0.00753 0.02549 0.00021 ( 1)
  83 T   0.59075 0.38382 0.01475 0.01068 ( 1)
  84 Q   0.13006 0.84293 0.00355 0.02346 ( 2)
  85 G   0.97429 0.00110 0.02458 0.00003 ( 1)
  86 P   0.96648 0.00885 0.02442 0.00025 ( 1)
  87 N   0.00000 0.97292 0.00000 0.02708 ( 2)
  88 I   0.96896 0.00591 0.02497 0.00016 ( 1)
  89 G   0.96305 0.01228 0.02433 0.00034 ( 1)
  90 V   0.00001 0.97291 0.00000 0.02708 ( 2)
  91 Q   0.51802 0.45490 0.01442 0.01266 ( 1)
  92 L   0.94598 0.02694 0.02633 0.00075 ( 1)
  93 S   0.86693 0.10599 0.02413 0.00295 ( 1)
  94 T   0.81860 0.15432 0.02278 0.00430 ( 1)
  95 T   0.75608 0.21684 0.02104 0.00604 ( 1)
  96 E   0.82481 0.14811 0.02296 0.00412 ( 1)
  97 L   0.69770 0.27522 0.01942 0.00766 ( 1)
  98 D   0.88559 0.08733 0.02465 0.00243 ( 1)
  99 E   0.11663 0.85629 0.00325 0.02383 ( 2)
 100 L   0.32285 0.65007 0.00899 0.01809 ( 2)
 101 K   0.60315 0.36977 0.01679 0.01029 ( 1)
 102 K   0.10093 0.87199 0.00281 0.02427 ( 2)
 103 Q   0.37718 0.59574 0.01050 0.01658 ( 2)
 104 Q   0.77198 0.20094 0.02149 0.00559 ( 1)
 105 Q   0.77198 0.20094 0.02149 0.00559 ( 1)
 106 A   0.87676 0.09616 0.02440 0.00268 ( 1)
 107 T   0.30012 0.67280 0.00835 0.01873 ( 2)
 108 R   0.08454 0.88838 0.00235 0.02473 ( 2)
 109 D   0.54603 0.42689 0.01520 0.01188 ( 1)
 110 S   0.01886 0.95407 0.00052 0.02655 ( 2)
 111 L   0.22764 0.74528 0.00634 0.02074 ( 2)
 112 V   0.00001 0.97291 0.00000 0.02708 ( 2)
 113 D   0.00097 0.97195 0.00003 0.02705 ( 2)
 114 F   0.00695 0.96599 0.00017 0.02689 ( 2)
 115 Q   0.01113 0.96183 0.00028 0.02677 ( 2)
 116 F   0.00070 0.97222 0.00002 0.02706 ( 2)
 117 F   0.83373 0.14169 0.02063 0.00394 ( 1)
 118 T   0.97002 0.00562 0.02420 0.00016 ( 1)
 119 L   0.23022 0.74339 0.00570 0.02069 ( 2)
 120 N   0.16673 0.80660 0.00423 0.02245 ( 2)
 121 C   0.03185 0.94110 0.00085 0.02619 ( 2)
 122 M   0.11483 0.85830 0.00298 0.02389 ( 2)
 123 L   0.00365 0.96928 0.00009 0.02698 ( 2)
 124 P   0.00249 0.97043 0.00007 0.02701 ( 2)
 125 N   0.50138 0.47187 0.01361 0.01313 ( 1)
 126 P   0.97365 0.00074 0.02559 0.00002 ( 1)
 127 I   0.74005 0.23354 0.01991 0.00650 ( 1)
 128 T   0.00034 0.97258 0.00001 0.02707 ( 2)
 129 A   0.90326 0.07030 0.02448 0.00196 ( 1)
 130 P   0.96879 0.00559 0.02546 0.00016 ( 1)
 131 Y   0.97531 0.00035 0.02433 0.00001 ( 1)
 132 F   0.96456 0.01095 0.02418 0.00030 ( 1)
 133 A   0.97170 0.00228 0.02596 0.00006 ( 1)
 134 T   0.97168 0.00411 0.02409 0.00011 ( 1)
 135 S   0.22932 0.74379 0.00619 0.02070 ( 2)
 136 L   0.94906 0.02487 0.02538 0.00069 ( 1)
 137 Y   0.96861 0.00704 0.02416 0.00020 ( 1)
 138 E   0.94546 0.02863 0.02510 0.00080 ( 1)
 139 S   0.69333 0.28133 0.01752 0.00783 ( 1)
 140 R   0.00011 0.97282 0.00000 0.02708 ( 2)
 141 -   0.97368 0.00198 0.02429 0.00006 ( 1)
 142 -   0.31344 0.65961 0.00859 0.01836 ( 2)
 143 -   0.18973 0.78338 0.00509 0.02180 ( 2)
 144 Y   0.01514 0.95779 0.00041 0.02666 ( 2)
 145 S   0.04243 0.93061 0.00106 0.02590 ( 2)
 146 S   0.00371 0.96921 0.00010 0.02698 ( 2)
 147 I   0.00671 0.96533 0.00109 0.02687 ( 2)
 148 G   0.00000 0.97292 0.00000 0.02708 ( 2)
 149 G   0.04702 0.92598 0.00122 0.02577 ( 2)
 150 Y   0.96980 0.00603 0.02400 0.00017 ( 1)
 151 L   0.24604 0.72708 0.00664 0.02024 ( 2)
 152 R   0.00221 0.97071 0.00006 0.02702 ( 2)
 153 K   0.80389 0.17050 0.02086 0.00475 ( 1)
 154 D   0.85241 0.12208 0.02211 0.00340 ( 1)
 155 V   0.01229 0.96064 0.00033 0.02674 ( 2)
 156 F   0.97565 0.00001 0.02434 0.00000 ( 1)
 157 K   0.00016 0.97276 0.00000 0.02707 ( 2)
 158 S   0.87337 0.10115 0.02266 0.00282 ( 1)
 159 E   0.95668 0.01895 0.02384 0.00053 ( 1)
 160 D   0.01336 0.95958 0.00035 0.02671 ( 2)
 161 S   0.81766 0.15577 0.02224 0.00434 ( 1)
 162 T   0.26231 0.71098 0.00692 0.01979 ( 2)
 163 C   0.12836 0.84470 0.00343 0.02351 ( 2)
 164 G   0.12629 0.84699 0.00314 0.02357 ( 2)
 165 L   0.94898 0.02631 0.02397 0.00073 ( 1)
 166 G   0.86865 0.10663 0.02175 0.00297 ( 1)
 167 -   0.83833 0.13459 0.02333 0.00375 ( 1)
 168 -   0.50640 0.46652 0.01409 0.01298 ( 1)
 169 -   0.60315 0.36977 0.01679 0.01029 ( 1)
 170 -   0.60315 0.36977 0.01679 0.01029 ( 1)
 171 -   0.60315 0.36977 0.01679 0.01029 ( 1)
 172 -   0.60315 0.36977 0.01679 0.01029 ( 1)
 173 -   0.96723 0.00841 0.02413 0.00023 ( 1)
 174 -   0.00044 0.97248 0.00001 0.02707 ( 2)
 175 N   0.08317 0.88998 0.00208 0.02477 ( 2)
 176 P   0.37601 0.59714 0.01024 0.01662 ( 2)
 177 G   0.83693 0.13808 0.02114 0.00384 ( 1)
 178 A   0.84052 0.02971 0.12894 0.00083 ( 1)
 179 W   0.03507 0.93789 0.00093 0.02610 ( 2)
 180 T   0.97030 0.00370 0.02590 0.00010 ( 1)
 181 S   0.96935 0.00588 0.02460 0.00016 ( 1)
 182 Y   0.91351 0.06035 0.02446 0.00168 ( 1)
 183 P   0.97267 0.00171 0.02557 0.00005 ( 1)
 184 D   0.97563 0.00004 0.02434 0.00000 ( 1)
 185 Y   0.97523 0.00002 0.02475 0.00000 ( 1)
 186 Y   0.97512 0.00054 0.02433 0.00001 ( 1)
 187 I   0.97347 0.00039 0.02613 0.00001 ( 1)
 188 T   0.96255 0.01239 0.02472 0.00034 ( 1)
 189 N   0.97584 0.00001 0.02415 0.00000 ( 1)
 190 I   0.97575 0.00001 0.02424 0.00000 ( 1)
 191 S   0.97536 0.00004 0.02460 0.00000 ( 1)
 192 A   0.96924 0.00458 0.02605 0.00013 ( 1)
 193 T   0.97439 0.00115 0.02443 0.00003 ( 1)
 194 V   0.79306 0.18172 0.02016 0.00506 ( 1)
 195 Q   0.32705 0.64633 0.00863 0.01799 ( 2)
 196 I   0.00560 0.96733 0.00014 0.02692 ( 2)
 197 N   0.03671 0.93198 0.00537 0.02594 ( 2)
 198 G   0.32275 0.65077 0.00836 0.01811 ( 2)
 199 E   0.19390 0.77929 0.00513 0.02169 ( 2)
 200 N   0.75800 0.21632 0.01966 0.00602 ( 1)
 201 T   0.97085 0.00480 0.02422 0.00013 ( 1)
 202 D   0.95856 0.01540 0.02561 0.00043 ( 1)
 203 T   0.00344 0.96905 0.00055 0.02697 ( 2)
 204 T   0.93511 0.03956 0.02423 0.00110 ( 1)
 205 P   0.96768 0.00580 0.02636 0.00016 ( 1)
 206 L   0.97350 0.00080 0.02568 0.00002 ( 1)
 207 Y   0.46504 0.50825 0.01256 0.01415 ( 2)
 208 F   0.97420 0.00105 0.02472 0.00003 ( 1)
 209 K   0.96299 0.01157 0.02511 0.00032 ( 1)
 210 E   0.84436 0.02070 0.13436 0.00058 ( 1)
 211 N   0.71758 0.25678 0.01849 0.00715 ( 1)
 212 R   0.97464 0.00010 0.02526 0.00000 ( 1)
 213 P   0.93022 0.04549 0.02302 0.00127 ( 1)
 214 I   0.97335 0.00153 0.02508 0.00004 ( 1)
 215 -   0.60315 0.36977 0.01679 0.01029 ( 1)
 216 -   0.60315 0.36977 0.01679 0.01029 ( 1)
 217 -   0.60315 0.36977 0.01679 0.01029 ( 1)
 218 T   0.00276 0.97016 0.00007 0.02700 ( 2)
 219 S   0.17848 0.77305 0.02696 0.02152 ( 2)
 220 T   0.96814 0.00705 0.02461 0.00020 ( 1)
 221 R   0.00489 0.96804 0.00013 0.02694 ( 2)
 222 -   0.72495 0.24900 0.01912 0.00693 ( 1)
 223 -   0.95171 0.02296 0.02470 0.00064 ( 1)
 224 -   0.53398 0.44019 0.01358 0.01225 ( 1)
 225 -   0.56764 0.40670 0.01434 0.01132 ( 1)
 226 -   0.26441 0.70889 0.00697 0.01973 ( 2)
 227 G   0.00036 0.97256 0.00001 0.02707 ( 2)
 228 V   0.87730 0.09614 0.02389 0.00268 ( 1)
 229 N   0.96278 0.01183 0.02507 0.00033 ( 1)
 230 K   0.43627 0.53769 0.01107 0.01497 ( 2)
 231 V   0.05762 0.90792 0.00919 0.02527 ( 2)
 232 I   0.97286 0.00175 0.02534 0.00005 ( 1)
 233 A   0.96611 0.00926 0.02437 0.00026 ( 1)
 234 -   0.90019 0.07334 0.02444 0.00204 ( 1)
 235 -   0.97462 0.00057 0.02479 0.00002 ( 1)
 236 -   0.97299 0.00102 0.02597 0.00003 ( 1)
 237 -   0.96080 0.01391 0.02490 0.00039 ( 1)


lnL = -5892.771074

Bayes Empirical Bayes (BEB) probabilities for 4 classes (class)
(amino acids refer to 1st sequence: BT_Cry18Aa1)

   1 -   0.94475 0.00023 0.05501 0.00002 ( 1)
   2 L   0.94132 0.00011 0.05857 0.00001 ( 1)
   3 Y   0.00013 0.93081 0.00001 0.06905 ( 2)
   4 V   0.93642 0.00140 0.06208 0.00010 ( 1)
   5 S   0.93757 0.00501 0.05709 0.00034 ( 1)
   6 T   0.92426 0.00662 0.06861 0.00050 ( 1)
   7 S   0.90123 0.04099 0.05502 0.00276 ( 1)
   8 A   0.94345 0.00014 0.05640 0.00001 ( 1)
   9 N   0.94520 0.00000 0.05480 0.00000 ( 1)
  10 L   0.93533 0.00044 0.06420 0.00003 ( 1)
  11 Y   0.94108 0.00072 0.05815 0.00005 ( 1)
  12 N   0.92507 0.01281 0.06122 0.00091 ( 1)
  13 I   0.67065 0.27259 0.03895 0.01781 ( 1)
  14 G   0.94205 0.00042 0.05750 0.00003 ( 1)
  15 D   0.93442 0.01049 0.05440 0.00069 ( 1)
  16 N   0.93103 0.00475 0.06388 0.00034 ( 1)
  17 K   0.04518 0.88807 0.00305 0.06370 ( 2)
  18 V   0.00061 0.92827 0.00005 0.07107 ( 2)
  19 N   0.38246 0.54704 0.02856 0.04194 ( 2)
  20 E   0.15786 0.77211 0.01156 0.05847 ( 2)
  21 G   0.90760 0.02714 0.06328 0.00198 ( 1)
  22 A   0.22239 0.71002 0.01551 0.05208 ( 2)
  23 Y   0.94416 0.00003 0.05581 0.00000 ( 1)
  24 P   0.93311 0.01094 0.05523 0.00072 ( 1)
  25 I   0.88590 0.04849 0.06205 0.00356 ( 1)
  26 S   0.64553 0.28841 0.04496 0.02109 ( 1)
  27 Y   0.23954 0.69176 0.01713 0.05156 ( 2)
  28 G   0.68369 0.24750 0.05010 0.01871 ( 1)
  29 P   0.93256 0.00384 0.06333 0.00028 ( 1)
  30 F   0.94417 0.00001 0.05581 0.00000 ( 1)
  31 F   0.93508 0.00069 0.06419 0.00005 ( 1)
  32 N   0.87600 0.06545 0.05411 0.00444 ( 1)
  33 S   0.94219 0.00042 0.05737 0.00003 ( 1)
  34 Y   0.94115 0.00027 0.05856 0.00002 ( 1)
  35 I   0.92975 0.00340 0.06660 0.00025 ( 1)
  36 Q   0.93402 0.00080 0.06512 0.00006 ( 1)
  37 T   0.94262 0.00084 0.05648 0.00006 ( 1)
  38 K   0.94518 0.00002 0.05480 0.00000 ( 1)
  39 S   0.79301 0.14111 0.05553 0.01036 ( 1)
  40 N   0.94520 0.00000 0.05480 0.00000 ( 1)
  41 Y   0.94179 0.00002 0.05820 0.00000 ( 1)
  42 V   0.81944 0.11087 0.06121 0.00849 ( 1)
  43 L   0.87041 0.06514 0.05974 0.00472 ( 1)
  44 S   0.78918 0.15501 0.04569 0.01011 ( 1)
  45 G   0.92726 0.00850 0.06362 0.00062 ( 1)
  46 V   0.15788 0.78154 0.00924 0.05134 ( 2)
  47 S   0.85364 0.09076 0.04966 0.00593 ( 1)
  48 G   0.94239 0.00008 0.05752 0.00001 ( 1)
  49 I   0.00028 0.93774 0.00002 0.06196 ( 2)
  50 G   0.46330 0.46905 0.03289 0.03476 ( 2)
  51 A   0.00000 0.93660 0.00000 0.06340 ( 2)
  52 R   0.00175 0.93557 0.00011 0.06257 ( 2)
  53 F   0.00000 0.93912 0.00000 0.06088 ( 2)
  54 T   0.00124 0.92843 0.00009 0.07025 ( 2)
  55 Y   0.91356 0.01955 0.06544 0.00145 ( 1)
  56 -   0.93233 0.00927 0.05777 0.00063 ( 1)
  57 -   0.08008 0.85958 0.00459 0.05575 ( 2)
  58 -   0.01008 0.92515 0.00064 0.06412 ( 2)
  59 S   0.12790 0.81042 0.00766 0.05402 ( 2)
  60 T   0.05156 0.88602 0.00311 0.05931 ( 2)
  61 V   0.21985 0.71351 0.01502 0.05162 ( 2)
  62 -   0.55668 0.36852 0.04501 0.02980 ( 1)
  63 -   0.55668 0.36852 0.04501 0.02980 ( 1)
  64 L   0.63015 0.30987 0.03896 0.02102 ( 1)
  65 G   0.94208 0.00040 0.05750 0.00003 ( 1)
  66 R   0.00000 0.93722 0.00000 0.06278 ( 2)
  67 Y   0.35616 0.58435 0.02095 0.03855 ( 2)
  68 L   0.81483 0.12302 0.05349 0.00867 ( 1)
  69 H   0.08893 0.84994 0.00521 0.05592 ( 2)
  70 D   0.18872 0.74127 0.01384 0.05618 ( 2)
  71 D   0.00002 0.93411 0.00000 0.06587 ( 2)
  72 L   0.90728 0.02494 0.06591 0.00187 ( 1)
  73 K   0.03902 0.89778 0.00240 0.06080 ( 2)
  74 N   0.00086 0.93717 0.00005 0.06192 ( 2)
  75 I   0.62133 0.31531 0.04105 0.02231 ( 1)
  76 I   0.45165 0.48067 0.03206 0.03562 ( 2)
  77 T   0.41880 0.52158 0.02497 0.03465 ( 2)
  78 T   0.94492 0.00028 0.05478 0.00002 ( 1)
  79 Y   0.93051 0.00004 0.06944 0.00000 ( 1)
  80 V   0.02158 0.91757 0.00124 0.05961 ( 2)
  81 G   0.93555 0.00025 0.06419 0.00002 ( 1)
  82 G   0.92827 0.00750 0.06369 0.00054 ( 1)
  83 T   0.48852 0.45261 0.02892 0.02995 ( 1)
  84 Q   0.08549 0.84292 0.00645 0.06514 ( 2)
  85 G   0.94146 0.00114 0.05733 0.00008 ( 1)
  86 P   0.93223 0.01020 0.05689 0.00069 ( 1)
  87 N   0.00000 0.93850 0.00000 0.06150 ( 2)
  88 I   0.93341 0.00605 0.06012 0.00042 ( 1)
  89 G   0.93007 0.01232 0.05678 0.00083 ( 1)
  90 V   0.00000 0.93413 0.00000 0.06587 ( 2)
  91 Q   0.45202 0.47317 0.03653 0.03827 ( 2)
  92 L   0.90096 0.02423 0.07285 0.00196 ( 1)
  93 S   0.81974 0.10545 0.06629 0.00852 ( 1)
  94 T   0.77100 0.15419 0.06235 0.01246 ( 1)
  95 T   0.70827 0.21693 0.05728 0.01753 ( 1)
  96 E   0.77716 0.14803 0.06285 0.01196 ( 1)
  97 L   0.64992 0.27527 0.05255 0.02225 ( 1)
  98 D   0.83850 0.08670 0.06781 0.00700 ( 1)
  99 E   0.08915 0.83604 0.00719 0.06762 ( 2)
 100 L   0.27545 0.64974 0.02224 0.05256 ( 2)
 101 K   0.55668 0.36852 0.04501 0.02980 ( 1)
 102 K   0.07669 0.84850 0.00618 0.06862 ( 2)
 103 Q   0.32521 0.59998 0.02627 0.04854 ( 2)
 104 Q   0.72404 0.20115 0.05855 0.01625 ( 1)
 105 Q   0.72404 0.20115 0.05855 0.01625 ( 1)
 106 A   0.82967 0.09553 0.06709 0.00771 ( 1)
 107 T   0.25388 0.67131 0.02050 0.05431 ( 2)
 108 R   0.06371 0.86148 0.00514 0.06967 ( 2)
 109 D   0.48618 0.43901 0.03930 0.03551 ( 1)
 110 S   0.01273 0.91246 0.00103 0.07378 ( 2)
 111 L   0.18931 0.73588 0.01528 0.05953 ( 2)
 112 V   0.00000 0.93712 0.00000 0.06288 ( 2)
 113 D   0.00046 0.92797 0.00003 0.07153 ( 2)
 114 F   0.00379 0.93470 0.00022 0.06129 ( 2)
 115 Q   0.00571 0.93348 0.00033 0.06048 ( 2)
 116 F   0.00034 0.93165 0.00002 0.06799 ( 2)
 117 F   0.77425 0.16985 0.04482 0.01108 ( 1)
 118 T   0.93771 0.00644 0.05543 0.00042 ( 1)
 119 L   0.14704 0.79304 0.00844 0.05148 ( 2)
 120 N   0.10820 0.82936 0.00660 0.05583 ( 2)
 121 C   0.01874 0.91239 0.00133 0.06755 ( 2)
 122 M   0.08072 0.85403 0.00526 0.05999 ( 2)
 123 L   0.00193 0.93653 0.00011 0.06143 ( 2)
 124 P   0.00141 0.92745 0.00010 0.07104 ( 2)
 125 N   0.41258 0.51702 0.03078 0.03962 ( 2)
 126 P   0.93571 0.00070 0.06354 0.00005 ( 1)
 127 I   0.66585 0.26583 0.04834 0.01998 ( 1)
 128 T   0.00017 0.93246 0.00001 0.06737 ( 2)
 129 A   0.84937 0.08126 0.06317 0.00620 ( 1)
 130 P   0.93092 0.00547 0.06322 0.00039 ( 1)
 131 Y   0.94384 0.00035 0.05579 0.00002 ( 1)
 132 F   0.93102 0.01237 0.05578 0.00082 ( 1)
 133 A   0.93120 0.00239 0.06623 0.00018 ( 1)
 134 T   0.94046 0.00449 0.05475 0.00029 ( 1)
 135 S   0.16692 0.76320 0.01219 0.05768 ( 2)
 136 L   0.90780 0.02547 0.06483 0.00189 ( 1)
 137 Y   0.93592 0.00826 0.05528 0.00054 ( 1)
 138 E   0.90251 0.03193 0.06321 0.00234 ( 1)
 139 S   0.58765 0.35287 0.03576 0.02372 ( 1)
 140 R   0.00005 0.93170 0.00000 0.06825 ( 2)
 141 -   0.94216 0.00206 0.05565 0.00014 ( 1)
 142 -   0.25461 0.67328 0.01953 0.05258 ( 2)
 143 -   0.14371 0.78718 0.01031 0.05880 ( 2)
 144 Y   0.00910 0.92007 0.00067 0.07016 ( 2)
 145 S   0.02488 0.91321 0.00147 0.06043 ( 2)
 146 S   0.00210 0.92734 0.00015 0.07041 ( 2)
 147 I   0.00344 0.82393 0.00455 0.16808 ( 2)
 148 G   0.00000 0.93795 0.00000 0.06205 ( 2)
 149 G   0.02776 0.90676 0.00181 0.06367 ( 2)
 150 Y   0.93845 0.00671 0.05441 0.00044 ( 1)
 151 L   0.17901 0.75114 0.01307 0.05677 ( 2)
 152 R   0.00120 0.93080 0.00008 0.06792 ( 2)
 153 K   0.73170 0.20579 0.04801 0.01450 ( 1)
 154 D   0.79496 0.14301 0.05199 0.01004 ( 1)
 155 V   0.00738 0.92184 0.00055 0.07023 ( 2)
 156 F   0.94418 0.00001 0.05581 0.00000 ( 1)
 157 K   0.00007 0.93048 0.00001 0.06945 ( 2)
 158 S   0.81507 0.12278 0.05351 0.00865 ( 1)
 159 E   0.92053 0.02344 0.05448 0.00155 ( 1)
 160 D   0.00784 0.92481 0.00053 0.06681 ( 2)
 161 S   0.74526 0.18458 0.05598 0.01418 ( 1)
 162 T   0.19395 0.73933 0.01324 0.05348 ( 2)
 163 C   0.09202 0.83936 0.00651 0.06211 ( 2)
 164 G   0.07680 0.86233 0.00446 0.05641 ( 2)
 165 L   0.90927 0.03302 0.05548 0.00222 ( 1)
 166 G   0.81252 0.13030 0.04853 0.00866 ( 1)
 167 -   0.78613 0.13906 0.06357 0.01123 ( 1)
 168 -   0.44922 0.47597 0.03631 0.03850 ( 2)
 169 -   0.55668 0.36852 0.04501 0.02980 ( 1)
 170 -   0.55668 0.36852 0.04501 0.02980 ( 1)
 171 -   0.55668 0.36852 0.04501 0.02980 ( 1)
 172 -   0.55668 0.36852 0.04501 0.02980 ( 1)
 173 -   0.93460 0.00953 0.05524 0.00063 ( 1)
 174 -   0.00021 0.93421 0.00001 0.06558 ( 2)
 175 N   0.04815 0.89014 0.00285 0.05886 ( 2)
 176 P   0.27760 0.65134 0.02087 0.05019 ( 2)
 177 G   0.77522 0.16633 0.04726 0.01119 ( 1)
 178 A   0.50735 0.02463 0.46435 0.00367 ( 1)
 179 W   0.02175 0.91006 0.00151 0.06668 ( 2)
 180 T   0.93016 0.00358 0.06600 0.00026 ( 1)
 181 S   0.93523 0.00654 0.05779 0.00044 ( 1)
 182 Y   0.86423 0.06875 0.06190 0.00512 ( 1)
 183 P   0.93477 0.00163 0.06348 0.00012 ( 1)
 184 D   0.94420 0.00003 0.05577 0.00000 ( 1)
 185 Y   0.94179 0.00002 0.05820 0.00000 ( 1)
 186 Y   0.94366 0.00053 0.05578 0.00003 ( 1)
 187 I   0.93224 0.00032 0.06741 0.00002 ( 1)
 188 T   0.92701 0.01311 0.05897 0.00090 ( 1)
 189 N   0.94520 0.00001 0.05480 0.00000 ( 1)
 190 I   0.94459 0.00001 0.05540 0.00000 ( 1)
 191 S   0.94257 0.00003 0.05739 0.00000 ( 1)
 192 A   0.92784 0.00450 0.06732 0.00034 ( 1)
 193 T   0.94230 0.00116 0.05646 0.00008 ( 1)
 194 V   0.72293 0.21757 0.04473 0.01476 ( 1)
 195 Q   0.25457 0.67891 0.01740 0.04913 ( 2)
 196 I   0.00278 0.93518 0.00016 0.06187 ( 2)
 197 N   0.01903 0.83156 0.01778 0.13164 ( 2)
 198 G   0.24594 0.68979 0.01597 0.04830 ( 2)
 199 E   0.13297 0.79905 0.00922 0.05876 ( 2)
 200 N   0.67626 0.26120 0.04420 0.01834 ( 1)
 201 T   0.93876 0.00544 0.05544 0.00036 ( 1)
 202 D   0.91316 0.01710 0.06841 0.00133 ( 1)
 203 T   0.00151 0.83880 0.00181 0.15788 ( 2)
 204 T   0.89222 0.04628 0.05825 0.00325 ( 1)
 205 P   0.92438 0.00542 0.06978 0.00042 ( 1)
 206 L   0.93506 0.00071 0.06418 0.00005 ( 1)
 207 Y   0.37335 0.55700 0.02742 0.04223 ( 2)
 208 F   0.94079 0.00101 0.05814 0.00007 ( 1)
 209 K   0.92317 0.01304 0.06284 0.00095 ( 1)
 210 E   0.48054 0.01404 0.50311 0.00231 ( 3)
 211 N   0.63150 0.30658 0.04060 0.02132 ( 1)
 212 R   0.93862 0.00008 0.06130 0.00001 ( 1)
 213 P   0.88743 0.05740 0.05143 0.00375 ( 1)
 214 I   0.93803 0.00144 0.06042 0.00010 ( 1)
 215 -   0.55668 0.36852 0.04501 0.02980 ( 1)
 216 -   0.55668 0.36852 0.04501 0.02980 ( 1)
 217 -   0.55668 0.36852 0.04501 0.02980 ( 1)
 218 T   0.00135 0.92813 0.00010 0.07041 ( 2)
 219 S   0.09803 0.69879 0.09316 0.11001 ( 2)
 220 T   0.93449 0.00712 0.05791 0.00048 ( 1)
 221 R   0.00272 0.92731 0.00020 0.06977 ( 2)
 222 -   0.67122 0.26369 0.04600 0.01909 ( 1)
 223 -   0.91586 0.02241 0.06015 0.00158 ( 1)
 224 -   0.46524 0.47392 0.02871 0.03212 ( 2)
 225 -   0.49886 0.44117 0.03033 0.02964 ( 1)
 226 -   0.21345 0.71991 0.01457 0.05207 ( 2)
 227 G   0.00016 0.93394 0.00001 0.06590 ( 2)
 228 V   0.82771 0.10202 0.06242 0.00786 ( 1)
 229 N   0.92356 0.01411 0.06133 0.00100 ( 1)
 230 K   0.33586 0.60273 0.02064 0.04078 ( 2)
 231 V   0.03211 0.78131 0.03860 0.14798 ( 2)
 232 I   0.93615 0.00167 0.06206 0.00012 ( 1)
 233 A   0.93222 0.01032 0.05676 0.00069 ( 1)
 234 -   0.85544 0.07493 0.06390 0.00573 ( 1)
 235 -   0.94106 0.00056 0.05834 0.00004 ( 1)
 236 -   0.93288 0.00086 0.06619 0.00006 ( 1)
 237 -   0.92423 0.01441 0.06035 0.00101 ( 1)

