Supplemental results for CODEML (seqf: algn  treef: tree)


dN/dS (w) for site classes (K=4)

site class             0        1       2a       2b
proportion       0.00107  0.00016  0.86966  0.12911
background w     0.17340  1.00000  0.17340  1.00000
foreground w     0.17340  1.00000  1.00000  1.00000

Naive Empirical Bayes (NEB) probabilities for 4 classes
(amino acids refer to 1st sequence: BT_Cry1A-like)

   1 E   0.00096 0.00029 0.76645 0.23230 ( 3)
   2 F   0.00126 0.00000 0.99846 0.00028 ( 3)
   3 V   0.00125 0.00001 0.99418 0.00456 ( 3)
   4 P   0.00125 0.00000 0.99875 0.00000 ( 3)
   5 G   0.00126 0.00000 0.99874 0.00000 ( 3)
   6 A   0.00123 0.00001 0.99034 0.00842 ( 3)
   7 G   0.00125 0.00000 0.99858 0.00017 ( 3)
   8 F   0.00126 0.00000 0.99874 0.00000 ( 3)
   9 V   0.00096 0.00028 0.77453 0.22423 ( 3)
  10 L   0.00126 0.00000 0.99806 0.00068 ( 3)
  11 G   0.00125 0.00000 0.99875 0.00000 ( 3)
  12 L   0.00125 0.00000 0.99875 0.00000 ( 3)
  13 V   0.00126 0.00000 0.99579 0.00295 ( 3)
  14 D   0.00126 0.00000 0.99874 0.00000 ( 3)
  15 I   0.00123 0.00001 0.98869 0.01006 ( 3)
  16 I   0.00126 0.00000 0.99874 0.00000 ( 3)
  17 W   0.00124 0.00000 0.99845 0.00031 ( 3)
  18 G   0.00126 0.00000 0.99874 0.00000 ( 3)
  19 I   0.00126 0.00000 0.99689 0.00185 ( 3)
  20 F   0.00126 0.00000 0.99669 0.00205 ( 3)
  21 G   0.00125 0.00000 0.99683 0.00191 ( 3)
  22 P   0.00107 0.00018 0.85124 0.14752 ( 3)
  23 S   0.00125 0.00000 0.99868 0.00006 ( 3)
  24 Q   0.00026 0.00000 0.99963 0.00011 ( 3)
  25 W   0.00124 0.00000 0.99692 0.00185 ( 3)
  26 -   0.00107 0.00016 0.86966 0.12911 ( 3)
  27 D   0.00123 0.00001 0.99080 0.00796 ( 3)
  28 A   0.00002 0.00121 0.01322 0.98555 ( 4)
  29 F   0.00126 0.00000 0.99874 0.00000 ( 3)
  30 L   0.00125 0.00000 0.99875 0.00000 ( 3)
  31 V   0.00000 0.00123 0.00245 0.99632 ( 4)
  32 Q   0.00124 0.00000 0.99876 0.00000 ( 3)
  33 I   0.00126 0.00000 0.99874 0.00000 ( 3)
  34 E   0.00126 0.00000 0.99874 0.00000 ( 3)
  35 Q   0.00125 0.00000 0.99866 0.00009 ( 3)
  36 L   0.00124 0.00000 0.99876 0.00000 ( 3)
  37 I   0.00126 0.00000 0.99874 0.00000 ( 3)
  38 N   0.00005 0.00118 0.04035 0.95842 ( 4)
  39 Q   0.00125 0.00000 0.99875 0.00000 ( 3)
  40 R   0.00125 0.00000 0.99874 0.00001 ( 3)
  41 I   0.00126 0.00000 0.99874 0.00000 ( 3)
  42 -   0.00107 0.00016 0.86966 0.12911 ( 3)
  43 E   0.00126 0.00000 0.99774 0.00100 ( 3)
  44 N   0.00108 0.00017 0.86406 0.13469 ( 3)
  45 S   0.00028 0.00095 0.22655 0.77222 ( 4)
  46 L   0.00126 0.00000 0.99851 0.00023 ( 3)
  47 G   0.00124 0.00000 0.99874 0.00002 ( 3)
  48 T   0.00124 0.00000 0.99873 0.00003 ( 3)
  49 K   0.00120 0.00004 0.96656 0.03220 ( 3)
  50 P   0.00125 0.00000 0.99874 0.00000 ( 3)
  51 F   0.00126 0.00000 0.99874 0.00000 ( 3)
  52 L   0.00107 0.00016 0.86966 0.12911 ( 3)
  53 D   0.00107 0.00016 0.86966 0.12911 ( 3)
  54 W   0.00107 0.00016 0.86966 0.12911 ( 3)
  55 K   0.00000 0.00123 0.00301 0.99576 ( 4)
  56 A   0.00125 0.00000 0.99508 0.00367 ( 3)
  57 K   0.00125 0.00000 0.99871 0.00004 ( 3)
  58 Q   0.00123 0.00001 0.98770 0.01106 ( 3)
  59 -   0.00107 0.00016 0.86966 0.12911 ( 3)
  60 S   0.00124 0.00000 0.99868 0.00008 ( 3)
  61 L   0.00125 0.00000 0.99833 0.00042 ( 3)
  62 S   0.00000 0.00123 0.00343 0.99534 ( 4)
  63 N   0.00121 0.00006 0.95316 0.04558 ( 3)
  64 L   0.00124 0.00000 0.99866 0.00010 ( 3)
  65 R   0.00125 0.00000 0.99875 0.00000 ( 3)
  66 R   0.00007 0.00117 0.05241 0.94636 ( 4)
  67 I   0.00039 0.00000 0.99815 0.00146 ( 3)
  68 -   0.00125 0.00000 0.99874 0.00000 ( 3)
  69 -   0.00112 0.00008 0.93271 0.06609 ( 3)
  70 -   0.00103 0.00022 0.81727 0.18148 ( 3)
  71 -   0.00124 0.00001 0.98891 0.00984 ( 3)
  72 F   0.00124 0.00000 0.99876 0.00000 ( 3)
  73 R   0.00125 0.00000 0.99736 0.00138 ( 3)
  74 E   0.00124 0.00000 0.99771 0.00105 ( 3)
  75 W   0.00124 0.00000 0.99845 0.00031 ( 3)
  76 E   0.00126 0.00000 0.99874 0.00000 ( 3)
  77 A   0.00004 0.00117 0.04967 0.94912 ( 4)
  78 D   0.00126 0.00000 0.99866 0.00007 ( 3)
  79 P   0.00125 0.00000 0.99875 0.00000 ( 3)
  80 T   0.00126 0.00000 0.99871 0.00002 ( 3)
  81 N   0.00126 0.00000 0.99874 0.00000 ( 3)
  82 P   0.00125 0.00000 0.99863 0.00011 ( 3)
  83 A   0.00125 0.00000 0.99808 0.00067 ( 3)
  84 L   0.00125 0.00000 0.99875 0.00001 ( 3)
  85 R   0.00122 0.00003 0.97794 0.02082 ( 3)
  86 E   0.00126 0.00000 0.99874 0.00000 ( 3)
  87 E   0.00126 0.00000 0.99842 0.00032 ( 3)
  88 M   0.00124 0.00000 0.99865 0.00011 ( 3)
  89 R   0.00125 0.00000 0.99875 0.00000 ( 3)
  90 I   0.00126 0.00000 0.99854 0.00020 ( 3)
  91 Q   0.00124 0.00000 0.99874 0.00001 ( 3)
  92 F   0.00126 0.00000 0.99874 0.00000 ( 3)
  93 N   0.00126 0.00000 0.99870 0.00004 ( 3)
  94 A   0.00081 0.00044 0.64325 0.35549 ( 3)
  95 R   0.00125 0.00000 0.99862 0.00013 ( 3)
  96 T   0.00124 0.00000 0.99842 0.00034 ( 3)
  97 S   0.00124 0.00000 0.99876 0.00000 ( 3)
  98 A   0.00126 0.00000 0.99816 0.00059 ( 3)
  99 L   0.00125 0.00000 0.99868 0.00007 ( 3)
 100 T   0.00124 0.00001 0.98672 0.01202 ( 3)
 101 T   0.00125 0.00000 0.99837 0.00038 ( 3)
 102 A   0.00125 0.00000 0.99772 0.00103 ( 3)
 103 I   0.00126 0.00000 0.99872 0.00002 ( 3)
 104 P   0.00126 0.00000 0.99870 0.00004 ( 3)
 105 L   0.00124 0.00002 0.98434 0.01440 ( 3)
 106 F   0.00122 0.00003 0.97053 0.02821 ( 3)
 107 A   0.00123 0.00002 0.98139 0.01736 ( 3)
 108 V   0.00125 0.00000 0.99874 0.00000 ( 3)
 109 Q   0.00124 0.00002 0.98532 0.01343 ( 3)
 110 N   0.00124 0.00002 0.98083 0.01791 ( 3)
 111 Y   0.00126 0.00000 0.99874 0.00000 ( 3)
 112 Q   0.00126 0.00000 0.99874 0.00000 ( 3)
 113 V   0.00124 0.00000 0.99875 0.00001 ( 3)
 114 P   0.00125 0.00000 0.99869 0.00006 ( 3)
 115 L   0.00125 0.00000 0.99874 0.00001 ( 3)
 116 L   0.00125 0.00000 0.99875 0.00000 ( 3)
 117 S   0.00124 0.00000 0.99872 0.00004 ( 3)
 118 V   0.00124 0.00000 0.99876 0.00000 ( 3)
 119 Y   0.00125 0.00000 0.99875 0.00000 ( 3)
 120 V   0.00126 0.00000 0.99874 0.00000 ( 3)
 121 Q   0.00125 0.00000 0.99872 0.00004 ( 3)
 122 A   0.00124 0.00000 0.99876 0.00000 ( 3)
 123 A   0.00124 0.00000 0.99861 0.00015 ( 3)
 124 N   0.00126 0.00000 0.99874 0.00000 ( 3)
 125 L   0.00125 0.00000 0.99869 0.00006 ( 3)
 126 M   0.00126 0.00000 0.99873 0.00001 ( 3)
 127 F   0.00125 0.00000 0.99766 0.00109 ( 3)
 128 S   0.00125 0.00000 0.99875 0.00001 ( 3)
 129 T   0.00077 0.00047 0.61473 0.38403 ( 3)
 130 -   0.00124 0.00001 0.99414 0.00461 ( 3)
 131 -   0.00125 0.00000 0.99874 0.00000 ( 3)
 132 -   0.00124 0.00000 0.99876 0.00000 ( 3)
 133 -   0.00126 0.00000 0.99873 0.00001 ( 3)
 134 -   0.00004 0.00119 0.03425 0.96451 ( 4)
 135 -   0.00003 0.00120 0.02611 0.97266 ( 4)
 136 -   0.00126 0.00000 0.99873 0.00001 ( 3)
 137 -   0.00124 0.00000 0.99876 0.00000 ( 3)
 138 -   0.00124 0.00000 0.99749 0.00127 ( 3)
 139 -   0.00124 0.00002 0.98333 0.01541 ( 3)
 140 -   0.00116 0.00008 0.93394 0.06482 ( 3)
 141 -   0.00125 0.00000 0.99875 0.00000 ( 3)
 142 -   0.00123 0.00001 0.99050 0.00826 ( 3)
 143 -   0.00126 0.00000 0.99862 0.00012 ( 3)
 144 -   0.00107 0.00016 0.86966 0.12911 ( 3)
 145 -   0.00016 0.00107 0.12820 0.87056 ( 4)
 146 -   0.00004 0.00119 0.03234 0.96643 ( 4)
 147 -   0.00126 0.00000 0.99874 0.00000 ( 3)
 148 -   0.00118 0.00008 0.93505 0.06369 ( 3)
 149 -   0.00126 0.00000 0.99874 0.00000 ( 3)
 150 -   0.00126 0.00000 0.99855 0.00019 ( 3)
 151 -   0.00117 0.00008 0.93350 0.06525 ( 3)
 152 -   0.00125 0.00000 0.99874 0.00000 ( 3)
 153 -   0.00126 0.00000 0.99836 0.00038 ( 3)
 154 -   0.00124 0.00001 0.99246 0.00629 ( 3)
 155 -   0.00125 0.00000 0.99875 0.00000 ( 3)
 156 -   0.00126 0.00000 0.99871 0.00003 ( 3)
 157 -   0.00051 0.00074 0.40189 0.59686 ( 4)
 158 -   0.00105 0.00020 0.83491 0.16384 ( 3)
 159 -   0.00126 0.00000 0.99874 0.00000 ( 3)
 160 -   0.00004 0.00119 0.03147 0.96730 ( 4)
 161 -   0.00000 0.00123 0.00000 0.99877 ( 4)
 162 -   0.00125 0.00000 0.99875 0.00000 ( 3)
 163 -   0.00124 0.00000 0.99875 0.00001 ( 3)
 164 -   0.00039 0.00000 0.99961 0.00000 ( 3)
 165 -   0.00126 0.00000 0.99874 0.00000 ( 3)
 166 -   0.00125 0.00000 0.99869 0.00006 ( 3)
 167 -   0.00124 0.00000 0.99823 0.00053 ( 3)
 168 -   0.00003 0.00120 0.02656 0.97220 ( 4)
 169 -   0.00000 0.00123 0.00279 0.99598 ( 4)
 170 -   0.00124 0.00000 0.99870 0.00007 ( 3)
 171 -   0.00126 0.00000 0.99874 0.00000 ( 3)
 172 -   0.00002 0.00121 0.01311 0.98566 ( 4)
 173 -   0.00125 0.00000 0.99875 0.00000 ( 3)
 174 -   0.00125 0.00000 0.99875 0.00000 ( 3)
 175 -   0.00005 0.00119 0.03642 0.96235 ( 4)
 176 -   0.00113 0.00011 0.91266 0.08610 ( 3)
 177 -   0.00125 0.00000 0.99764 0.00112 ( 3)
 178 -   0.00000 0.00123 0.00362 0.99515 ( 4)
 179 -   0.00126 0.00000 0.99867 0.00007 ( 3)
 180 -   0.00000 0.00123 0.00006 0.99871 ( 4)
 181 -   0.00000 0.00123 0.00000 0.99877 ( 4)
 182 -   0.00000 0.00123 0.00237 0.99640 ( 4)
 183 -   0.00079 0.00044 0.64288 0.35589 ( 3)
 184 -   0.00111 0.00013 0.89542 0.10334 ( 3)
 185 -   0.00119 0.00006 0.95223 0.04653 ( 3)
 186 -   0.00123 0.00000 0.99576 0.00301 ( 3)
 187 -   0.00102 0.00017 0.85831 0.14050 ( 3)
 188 -   0.00124 0.00001 0.98674 0.01201 ( 3)
 189 -   0.00124 0.00000 0.99876 0.00000 ( 3)
 190 -   0.00124 0.00002 0.97988 0.01885 ( 3)
 191 -   0.00001 0.00122 0.00615 0.99262 ( 4)
 192 -   0.00126 0.00000 0.99874 0.00000 ( 3)
 193 -   0.00124 0.00000 0.99872 0.00004 ( 3)
 194 -   0.00125 0.00000 0.99875 0.00000 ( 3)
 195 -   0.00029 0.00000 0.99952 0.00018 ( 3)
 196 -   0.00124 0.00000 0.99695 0.00181 ( 3)
 197 -   0.00125 0.00000 0.99875 0.00000 ( 3)
 198 -   0.00110 0.00000 0.99718 0.00171 ( 3)
 199 -   0.00126 0.00000 0.99872 0.00003 ( 3)
 200 -   0.00126 0.00000 0.99874 0.00000 ( 3)
 201 -   0.00125 0.00000 0.99875 0.00000 ( 3)
 202 -   0.00126 0.00000 0.99874 0.00000 ( 3)
 203 -   0.00124 0.00000 0.99876 0.00000 ( 3)
 204 -   0.00126 0.00000 0.99874 0.00000 ( 3)
 205 -   0.00126 0.00000 0.99873 0.00001 ( 3)
 206 -   0.00125 0.00000 0.99864 0.00011 ( 3)
 207 -   0.00126 0.00000 0.99874 0.00000 ( 3)
 208 -   0.00107 0.00016 0.86966 0.12911 ( 3)
 209 -   0.00115 0.00009 0.92938 0.06938 ( 3)
 210 -   0.00124 0.00000 0.99876 0.00000 ( 3)


lnL = -7611.905038

Bayes Empirical Bayes (BEB) probabilities for 4 classes (class)
(amino acids refer to 1st sequence: BT_Cry1A-like)

   1 E   0.44373 0.29209 0.16181 0.10238 ( 1)
   2 F   0.73824 0.00035 0.26129 0.00012 ( 1)
   3 V   0.73340 0.00508 0.25977 0.00174 ( 1)
   4 P   0.73219 0.00000 0.26781 0.00000 ( 1)
   5 G   0.73714 0.00000 0.26286 0.00000 ( 1)
   6 A   0.71660 0.01068 0.26889 0.00382 ( 1)
   7 G   0.73415 0.00017 0.26562 0.00006 ( 1)
   8 F   0.73814 0.00000 0.26186 0.00000 ( 1)
   9 V   0.42341 0.30329 0.16283 0.11047 ( 1)
  10 L   0.73782 0.00077 0.26115 0.00026 ( 1)
  11 G   0.73433 0.00000 0.26567 0.00000 ( 1)
  12 L   0.73138 0.00000 0.26861 0.00000 ( 1)
  13 V   0.73448 0.00409 0.26003 0.00140 ( 1)
  14 D   0.74066 0.00000 0.25934 0.00000 ( 1)
  15 I   0.71752 0.01382 0.26380 0.00487 ( 1)
  16 I   0.73821 0.00000 0.26179 0.00000 ( 1)
  17 W   0.72576 0.00023 0.27392 0.00008 ( 1)
  18 G   0.73714 0.00000 0.26286 0.00000 ( 1)
  19 I   0.73575 0.00282 0.26046 0.00097 ( 1)
  20 F   0.73559 0.00261 0.26091 0.00089 ( 1)
  21 G   0.73380 0.00253 0.26280 0.00087 ( 1)
  22 P   0.53750 0.19546 0.19813 0.06892 ( 1)
  23 S   0.73480 0.00006 0.26512 0.00002 ( 1)
  24 Q   0.18397 0.00014 0.81583 0.00007 ( 3)
  25 W   0.72439 0.00160 0.27343 0.00058 ( 1)
  26 -   0.61001 0.11162 0.23737 0.04101 ( 1)
  27 D   0.71718 0.01002 0.26921 0.00359 ( 1)
  28 A   0.00250 0.72669 0.00098 0.26982 ( 2)
  29 F   0.73860 0.00000 0.26140 0.00000 ( 1)
  30 L   0.73601 0.00000 0.26399 0.00000 ( 1)
  31 V   0.00042 0.72860 0.00016 0.27081 ( 2)
  32 Q   0.72649 0.00000 0.27350 0.00000 ( 1)
  33 I   0.73912 0.00000 0.26088 0.00000 ( 1)
  34 E   0.73736 0.00000 0.26264 0.00000 ( 1)
  35 Q   0.73134 0.00008 0.26855 0.00003 ( 1)
  36 L   0.72731 0.00000 0.27269 0.00000 ( 1)
  37 I   0.73912 0.00000 0.26088 0.00000 ( 1)
  38 N   0.00839 0.71744 0.00337 0.27079 ( 2)
  39 Q   0.73142 0.00000 0.26858 0.00000 ( 1)
  40 R   0.73446 0.00001 0.26553 0.00000 ( 1)
  41 I   0.73799 0.00000 0.26201 0.00000 ( 1)
  42 -   0.61001 0.11162 0.23737 0.04101 ( 1)
  43 E   0.73618 0.00118 0.26224 0.00041 ( 1)
  44 N   0.51845 0.21553 0.19026 0.07577 ( 1)
  45 S   0.07191 0.65439 0.02859 0.24511 ( 2)
  46 L   0.73690 0.00029 0.26271 0.00010 ( 1)
  47 G   0.72809 0.00001 0.27189 0.00000 ( 1)
  48 T   0.72835 0.00003 0.27161 0.00001 ( 1)
  49 K   0.68182 0.04318 0.25940 0.01559 ( 1)
  50 P   0.73582 0.00000 0.26418 0.00000 ( 1)
  51 F   0.73912 0.00000 0.26088 0.00000 ( 1)
  52 L   0.61001 0.11162 0.23737 0.04101 ( 1)
  53 D   0.61001 0.11162 0.23737 0.04101 ( 1)
  54 W   0.61001 0.11162 0.23737 0.04101 ( 1)
  55 K   0.00054 0.73278 0.00021 0.26647 ( 2)
  56 A   0.72936 0.00553 0.26320 0.00192 ( 1)
  57 K   0.73135 0.00003 0.26860 0.00001 ( 1)
  58 Q   0.71154 0.01634 0.26628 0.00583 ( 1)
  59 -   0.61001 0.11162 0.23737 0.04101 ( 1)
  60 S   0.72692 0.00007 0.27298 0.00002 ( 1)
  61 L   0.73096 0.00042 0.26847 0.00015 ( 1)
  62 S   0.00082 0.73152 0.00031 0.26735 ( 2)
  63 N   0.65306 0.08678 0.23048 0.02968 ( 1)
  64 L   0.72695 0.00011 0.27290 0.00004 ( 1)
  65 R   0.73553 0.00000 0.26447 0.00000 ( 1)
  66 R   0.01196 0.72182 0.00454 0.26168 ( 2)
  67 I   0.24786 0.00218 0.74917 0.00079 ( 3)
  68 -   0.73484 0.00000 0.26516 0.00000 ( 1)
  69 -   0.59041 0.11093 0.25276 0.04590 ( 1)
  70 -   0.47230 0.26226 0.17285 0.09259 ( 1)
  71 -   0.72330 0.01247 0.25991 0.00432 ( 1)
  72 F   0.73011 0.00000 0.26989 0.00000 ( 1)
  73 R   0.73261 0.00186 0.26489 0.00065 ( 1)
  74 E   0.72852 0.00124 0.26980 0.00044 ( 1)
  75 W   0.72576 0.00023 0.27392 0.00008 ( 1)
  76 E   0.73736 0.00000 0.26264 0.00000 ( 1)
  77 A   0.00639 0.66464 0.00775 0.32123 ( 2)
  78 D   0.73972 0.00009 0.26016 0.00003 ( 1)
  79 P   0.73362 0.00000 0.26638 0.00000 ( 1)
  80 T   0.73999 0.00003 0.25998 0.00001 ( 1)
  81 N   0.74002 0.00000 0.25998 0.00000 ( 1)
  82 P   0.73558 0.00012 0.26426 0.00004 ( 1)
  83 A   0.73039 0.00078 0.26855 0.00027 ( 1)
  84 L   0.73138 0.00001 0.26861 0.00000 ( 1)
  85 R   0.69763 0.03042 0.26110 0.01085 ( 1)
  86 E   0.73736 0.00000 0.26264 0.00000 ( 1)
  87 E   0.74019 0.00036 0.25933 0.00012 ( 1)
  88 M   0.72740 0.00011 0.27244 0.00004 ( 1)
  89 R   0.73313 0.00000 0.26687 0.00000 ( 1)
  90 I   0.73880 0.00024 0.26089 0.00008 ( 1)
  91 Q   0.72811 0.00001 0.27187 0.00000 ( 1)
  92 F   0.73860 0.00000 0.26140 0.00000 ( 1)
  93 N   0.73711 0.00004 0.26283 0.00001 ( 1)
  94 A   0.31926 0.41833 0.11603 0.14639 ( 2)
  95 R   0.73492 0.00013 0.26490 0.00004 ( 1)
  96 T   0.72853 0.00035 0.27100 0.00012 ( 1)
  97 S   0.72884 0.00000 0.27115 0.00000 ( 1)
  98 A   0.73708 0.00062 0.26210 0.00021 ( 1)
  99 L   0.73132 0.00006 0.26860 0.00002 ( 1)
 100 T   0.71872 0.01939 0.25522 0.00666 ( 1)
 101 T   0.73470 0.00036 0.26482 0.00013 ( 1)
 102 A   0.73450 0.00132 0.26373 0.00046 ( 1)
 103 I   0.73819 0.00002 0.26178 0.00001 ( 1)
 104 P   0.73950 0.00004 0.26045 0.00001 ( 1)
 105 L   0.71563 0.02384 0.25238 0.00815 ( 1)
 106 F   0.69529 0.04305 0.24688 0.01478 ( 1)
 107 A   0.70855 0.02639 0.25588 0.00917 ( 1)
 108 V   0.73584 0.00000 0.26415 0.00000 ( 1)
 109 Q   0.71700 0.01773 0.25911 0.00616 ( 1)
 110 N   0.70597 0.03167 0.25146 0.01090 ( 1)
 111 Y   0.73859 0.00000 0.26141 0.00000 ( 1)
 112 Q   0.73736 0.00000 0.26263 0.00000 ( 1)
 113 V   0.72677 0.00001 0.27321 0.00000 ( 1)
 114 P   0.73356 0.00006 0.26636 0.00002 ( 1)
 115 L   0.73601 0.00001 0.26398 0.00000 ( 1)
 116 L   0.73138 0.00000 0.26861 0.00000 ( 1)
 117 S   0.72551 0.00003 0.27444 0.00001 ( 1)
 118 V   0.72603 0.00000 0.27397 0.00000 ( 1)
 119 Y   0.73553 0.00000 0.26447 0.00000 ( 1)
 120 V   0.73851 0.00000 0.26148 0.00000 ( 1)
 121 Q   0.73139 0.00003 0.26857 0.00001 ( 1)
 122 A   0.72719 0.00000 0.27280 0.00000 ( 1)
 123 A   0.72706 0.00014 0.27275 0.00005 ( 1)
 124 N   0.74002 0.00000 0.25998 0.00000 ( 1)
 125 L   0.73086 0.00005 0.26906 0.00002 ( 1)
 126 M   0.73671 0.00001 0.26327 0.00000 ( 1)
 127 F   0.73018 0.00120 0.26820 0.00042 ( 1)
 128 S   0.73069 0.00000 0.26930 0.00000 ( 1)
 129 T   0.28057 0.44841 0.10773 0.16328 ( 2)
 130 -   0.72638 0.00499 0.26687 0.00176 ( 1)
 131 -   0.73447 0.00000 0.26553 0.00000 ( 1)
 132 -   0.72930 0.00000 0.27070 0.00000 ( 1)
 133 -   0.73767 0.00001 0.26232 0.00000 ( 1)
 134 -   0.00853 0.72423 0.00326 0.26398 ( 2)
 135 -   0.00645 0.71823 0.00261 0.27272 ( 2)
 136 -   0.73859 0.00001 0.26140 0.00000 ( 1)
 137 -   0.72699 0.00000 0.27301 0.00000 ( 1)
 138 -   0.72510 0.00139 0.27301 0.00050 ( 1)
 139 -   0.71807 0.01887 0.25655 0.00651 ( 1)
 140 -   0.65353 0.07238 0.24801 0.02609 ( 1)
 141 -   0.73405 0.00000 0.26595 0.00000 ( 1)
 142 -   0.71347 0.01143 0.27098 0.00412 ( 1)
 143 -   0.74052 0.00013 0.25930 0.00004 ( 1)
 144 -   0.61001 0.11162 0.23737 0.04101 ( 1)
 145 -   0.03701 0.69726 0.01399 0.25174 ( 2)
 146 -   0.00728 0.72687 0.00276 0.26310 ( 2)
 147 -   0.73684 0.00000 0.26316 0.00000 ( 1)
 148 -   0.65149 0.08585 0.23303 0.02963 ( 1)
 149 -   0.74002 0.00000 0.25998 0.00000 ( 1)
 150 -   0.73976 0.00024 0.25992 0.00008 ( 1)
 151 -   0.64575 0.09036 0.23257 0.03132 ( 1)
 152 -   0.73552 0.00000 0.26447 0.00000 ( 1)
 153 -   0.73924 0.00047 0.26013 0.00016 ( 1)
 154 -   0.72497 0.00938 0.26239 0.00326 ( 1)
 155 -   0.73138 0.00000 0.26861 0.00000 ( 1)
 156 -   0.73780 0.00003 0.26216 0.00001 ( 1)
 157 -   0.15359 0.58287 0.05674 0.20681 ( 2)
 158 -   0.48099 0.25395 0.17596 0.08911 ( 1)
 159 -   0.73912 0.00000 0.26088 0.00000 ( 1)
 160 -   0.00788 0.72552 0.00300 0.26360 ( 2)
 161 -   0.00000 0.73145 0.00000 0.26855 ( 2)
 162 -   0.73553 0.00000 0.26447 0.00000 ( 1)
 163 -   0.72688 0.00001 0.27311 0.00000 ( 1)
 164 -   0.24338 0.00000 0.75661 0.00000 ( 3)
 165 -   0.73672 0.00000 0.26328 0.00000 ( 1)
 166 -   0.73470 0.00006 0.26521 0.00002 ( 1)
 167 -   0.72683 0.00056 0.27241 0.00020 ( 1)
 168 -   0.00704 0.72025 0.00280 0.26991 ( 2)
 169 -   0.00068 0.73113 0.00026 0.26792 ( 2)
 170 -   0.72514 0.00005 0.27479 0.00002 ( 1)
 171 -   0.74002 0.00000 0.25998 0.00000 ( 1)
 172 -   0.00317 0.72614 0.00124 0.26944 ( 2)
 173 -   0.73433 0.00000 0.26567 0.00000 ( 1)
 174 -   0.73138 0.00000 0.26861 0.00000 ( 1)
 175 -   0.00790 0.72578 0.00300 0.26331 ( 2)
 176 -   0.59392 0.13420 0.22377 0.04811 ( 1)
 177 -   0.73017 0.00121 0.26819 0.00043 ( 1)
 178 -   0.00075 0.73073 0.00029 0.26824 ( 2)
 179 -   0.73707 0.00007 0.26284 0.00002 ( 1)
 180 -   0.00001 0.73327 0.00000 0.26672 ( 2)
 181 -   0.00000 0.73553 0.00000 0.26447 ( 2)
 182 -   0.00048 0.73286 0.00018 0.26648 ( 2)
 183 -   0.40789 0.31373 0.16152 0.11685 ( 1)
 184 -   0.60758 0.12031 0.22896 0.04314 ( 1)
 185 -   0.67047 0.06058 0.24757 0.02138 ( 1)
 186 -   0.72358 0.00241 0.27314 0.00086 ( 1)
 187 -   0.51892 0.18038 0.22573 0.07497 ( 1)
 188 -   0.71761 0.01679 0.25975 0.00584 ( 1)
 189 -   0.72790 0.00000 0.27210 0.00000 ( 1)
 190 -   0.71037 0.02947 0.25010 0.01006 ( 1)
 191 -   0.00130 0.72416 0.00052 0.27403 ( 2)
 192 -   0.73859 0.00000 0.26141 0.00000 ( 1)
 193 -   0.72807 0.00003 0.27188 0.00001 ( 1)
 194 -   0.73447 0.00000 0.26553 0.00000 ( 1)
 195 -   0.19706 0.00024 0.80258 0.00012 ( 3)
 196 -   0.72936 0.00201 0.26791 0.00071 ( 1)
 197 -   0.73506 0.00000 0.26494 0.00000 ( 1)
 198 -   0.60702 0.00168 0.39038 0.00092 ( 1)
 199 -   0.73668 0.00003 0.26328 0.00001 ( 1)
 200 -   0.73657 0.00000 0.26343 0.00000 ( 1)
 201 -   0.73138 0.00000 0.26861 0.00000 ( 1)
 202 -   0.74066 0.00000 0.25934 0.00000 ( 1)
 203 -   0.72678 0.00000 0.27322 0.00000 ( 1)
 204 -   0.73851 0.00000 0.26148 0.00000 ( 1)
 205 -   0.73769 0.00001 0.26230 0.00000 ( 1)
 206 -   0.73590 0.00011 0.26395 0.00004 ( 1)
 207 -   0.73859 0.00000 0.26141 0.00000 ( 1)
 208 -   0.61001 0.11162 0.23737 0.04101 ( 1)
 209 -   0.64710 0.07854 0.24602 0.02834 ( 1)
 210 -   0.72838 0.00000 0.27162 0.00000 ( 1)

