Supplemental results for CODEML (seqf: algn  treef: tree)


dN/dS (w) for site classes (K=4)

site class             0        1       2a       2b
proportion       0.54909  0.44805  0.00158  0.00129
background w     0.14707  1.00000  0.14707  1.00000
foreground w     0.14707  1.00000  1.00000  1.00000

Naive Empirical Bayes (NEB) probabilities for 4 classes
(amino acids refer to 1st sequence: BT_Cry19Ba1)

   1 E   0.26943 0.72771 0.00077 0.00209 ( 2)
   2 -   0.54909 0.44805 0.00158 0.00129 ( 1)
   3 -   0.54909 0.44805 0.00158 0.00129 ( 1)
   4 V   0.61574 0.38155 0.00162 0.00110 ( 1)
   5 G   0.84117 0.15615 0.00223 0.00045 ( 1)
   6 P   0.01724 0.97990 0.00005 0.00281 ( 2)
   7 L   0.41813 0.57912 0.00109 0.00166 ( 2)
   8 L   0.98740 0.00995 0.00262 0.00003 ( 1)
   9 S   0.95803 0.03942 0.00244 0.00011 ( 1)
  10 W   0.18778 0.80942 0.00047 0.00232 ( 2)
  11 M   0.17244 0.82471 0.00048 0.00237 ( 2)
  12 V   0.01009 0.98705 0.00003 0.00283 ( 2)
  13 S   0.01145 0.98569 0.00003 0.00283 ( 2)
  14 L   0.17900 0.81816 0.00049 0.00235 ( 2)
  15 F   0.82596 0.17141 0.00214 0.00049 ( 1)
  16 W   0.89082 0.10640 0.00248 0.00031 ( 1)
  17 P   0.99215 0.00522 0.00261 0.00001 ( 1)
  18 T   0.01995 0.97719 0.00005 0.00281 ( 2)
  19 I   0.00103 0.99610 0.00001 0.00286 ( 2)
  20 -   0.81047 0.18667 0.00233 0.00054 ( 1)
  21 -   0.79552 0.20162 0.00228 0.00058 ( 1)
  22 -   0.72248 0.27465 0.00207 0.00079 ( 1)
  23 E   0.02975 0.96740 0.00008 0.00278 ( 2)
  24 E   0.00036 0.99678 0.00000 0.00286 ( 2)
  25 K   0.01824 0.97891 0.00005 0.00281 ( 2)
  26 N   0.97479 0.02274 0.00241 0.00007 ( 1)
  27 T   0.01079 0.98635 0.00003 0.00283 ( 2)
  28 V   0.93325 0.06421 0.00236 0.00018 ( 1)
  29 W   0.89082 0.10640 0.00248 0.00031 ( 1)
  30 E   0.47294 0.52435 0.00120 0.00151 ( 2)
  31 D   0.00578 0.99135 0.00002 0.00285 ( 2)
  32 M   0.02561 0.97135 0.00025 0.00279 ( 2)
  33 I   0.94790 0.04953 0.00243 0.00014 ( 1)
  34 K   0.98457 0.01291 0.00248 0.00004 ( 1)
  35 Y   0.02781 0.96901 0.00040 0.00278 ( 2)
  36 V   0.52304 0.47426 0.00134 0.00136 ( 1)
  37 A   0.86565 0.13159 0.00238 0.00038 ( 1)
  38 N   0.97751 0.02001 0.00242 0.00006 ( 1)
  39 L   0.94591 0.05135 0.00259 0.00015 ( 1)
  40 L   0.98905 0.00845 0.00247 0.00002 ( 1)
  41 K   0.00009 0.99705 0.00000 0.00286 ( 2)
  42 Q   0.05693 0.94022 0.00015 0.00270 ( 2)
  43 E   0.15491 0.84225 0.00042 0.00242 ( 2)
  44 L   0.13232 0.86485 0.00035 0.00248 ( 2)
  45 T   0.00035 0.99679 0.00000 0.00286 ( 2)
  46 N   0.00036 0.99678 0.00000 0.00286 ( 2)
  47 D   0.00054 0.99659 0.00000 0.00286 ( 2)
  48 T   0.13885 0.85829 0.00039 0.00246 ( 2)
  49 L   0.41623 0.58102 0.00108 0.00167 ( 2)
  50 N   0.00060 0.99654 0.00000 0.00286 ( 2)
  51 R   0.12039 0.87677 0.00032 0.00252 ( 2)
  52 A   0.99490 0.00254 0.00255 0.00001 ( 1)
  53 T   0.97121 0.02600 0.00271 0.00007 ( 1)
  54 S   0.00437 0.99271 0.00007 0.00285 ( 2)
  55 N   0.94144 0.05607 0.00233 0.00016 ( 1)
  56 L   0.93069 0.06666 0.00247 0.00019 ( 1)
  57 S   0.01609 0.98105 0.00005 0.00282 ( 2)
  58 G   0.75167 0.24567 0.00196 0.00071 ( 1)
  59 L   0.97230 0.02506 0.00258 0.00007 ( 1)
  60 N   0.00383 0.99330 0.00002 0.00285 ( 2)
  61 E   0.46929 0.52800 0.00119 0.00152 ( 2)
  62 S   0.07901 0.91814 0.00021 0.00264 ( 2)
  63 L   0.95527 0.04200 0.00261 0.00012 ( 1)
  64 N   0.00007 0.99706 0.00000 0.00286 ( 2)
  65 I   0.34283 0.65434 0.00095 0.00188 ( 2)
  66 Y   0.99477 0.00266 0.00256 0.00001 ( 1)
  67 N   0.98311 0.01419 0.00266 0.00004 ( 1)
  68 R   0.68779 0.30942 0.00190 0.00089 ( 1)
  69 A   0.41684 0.58031 0.00118 0.00167 ( 2)
  70 L   0.97378 0.02358 0.00258 0.00007 ( 1)
  71 A   0.95172 0.04570 0.00244 0.00013 ( 1)
  72 A   0.00120 0.99594 0.00000 0.00286 ( 2)
  73 W   0.89082 0.10640 0.00248 0.00031 ( 1)
  74 K   0.08158 0.91521 0.00058 0.00263 ( 2)
  75 Q   0.00001 0.99713 0.00000 0.00286 ( 2)
  76 -   0.54909 0.44805 0.00158 0.00129 ( 1)
  77 N   0.00779 0.98935 0.00002 0.00284 ( 2)
  78 K   0.00227 0.99487 0.00001 0.00286 ( 2)
  79 N   0.05133 0.94581 0.00014 0.00272 ( 2)
  80 N   0.00032 0.99682 0.00000 0.00286 ( 2)
  81 F   0.04790 0.94924 0.00014 0.00273 ( 2)
  82 A   0.04545 0.95169 0.00013 0.00273 ( 2)
  83 S   0.09372 0.90342 0.00027 0.00259 ( 2)
  84 -   0.54909 0.44805 0.00158 0.00129 ( 1)
  85 -   0.80294 0.19420 0.00231 0.00056 ( 1)
  86 G   0.83250 0.16482 0.00221 0.00047 ( 1)
  87 E   0.04941 0.94773 0.00013 0.00272 ( 2)
  88 L   0.01103 0.98611 0.00003 0.00283 ( 2)
  89 I   0.13443 0.86275 0.00034 0.00248 ( 2)
  90 R   0.92222 0.07514 0.00242 0.00022 ( 1)
  91 S   0.00018 0.99696 0.00000 0.00286 ( 2)
  92 Y   0.00714 0.99000 0.00002 0.00284 ( 2)
  93 I   0.98792 0.00953 0.00253 0.00003 ( 1)
  94 N   0.00131 0.99581 0.00002 0.00286 ( 2)
  95 D   0.16267 0.83449 0.00045 0.00240 ( 2)
  96 L   0.99501 0.00241 0.00258 0.00001 ( 1)
  97 H   0.99416 0.00331 0.00252 0.00001 ( 1)
  98 I   0.30051 0.69669 0.00080 0.00200 ( 2)
  99 L   0.00024 0.99690 0.00000 0.00286 ( 2)
 100 F   0.99677 0.00071 0.00251 0.00000 ( 1)
 101 T   0.00102 0.99610 0.00002 0.00286 ( 2)
 102 R   0.00001 0.99713 0.00000 0.00286 ( 2)
 103 D   0.05903 0.93813 0.00015 0.00269 ( 2)
 104 I   0.99643 0.00105 0.00251 0.00000 ( 1)
 105 Q   0.78078 0.21664 0.00195 0.00062 ( 1)
 106 S   0.00374 0.99340 0.00001 0.00285 ( 2)
 107 D   0.79600 0.20122 0.00221 0.00058 ( 1)
 108 F   0.96384 0.03343 0.00263 0.00010 ( 1)
 109 S   0.08281 0.91434 0.00023 0.00263 ( 2)
 110 L   0.29926 0.69799 0.00075 0.00200 ( 2)
 111 G   0.00006 0.99708 0.00000 0.00286 ( 2)
 112 G   0.23285 0.76435 0.00060 0.00219 ( 2)
 113 Y   0.99390 0.00353 0.00256 0.00001 ( 1)
 114 E   0.98258 0.01489 0.00248 0.00004 ( 1)
 115 T   0.00860 0.98854 0.00002 0.00284 ( 2)
 116 V   0.99122 0.00628 0.00248 0.00002 ( 1)
 117 L   0.98740 0.00995 0.00262 0.00003 ( 1)
 118 L   0.98397 0.01339 0.00261 0.00004 ( 1)
 119 P   0.99221 0.00516 0.00261 0.00001 ( 1)
 120 S   0.85662 0.14058 0.00240 0.00040 ( 1)
 121 Y   0.99340 0.00403 0.00256 0.00001 ( 1)
 122 A   0.84214 0.14335 0.01410 0.00041 ( 1)
 123 S   0.93979 0.05767 0.00237 0.00017 ( 1)
 124 A   0.90243 0.09478 0.00252 0.00027 ( 1)
 125 A   0.93657 0.06068 0.00257 0.00017 ( 1)
 126 N   0.99402 0.00352 0.00245 0.00001 ( 1)
 127 L   0.97088 0.02650 0.00254 0.00008 ( 1)
 128 H   0.99602 0.00145 0.00253 0.00000 ( 1)
 129 L   0.97827 0.01900 0.00268 0.00005 ( 1)
 130 L   0.85503 0.14216 0.00240 0.00041 ( 1)
 131 L   0.98222 0.01510 0.00264 0.00004 ( 1)
 132 L   0.98118 0.01618 0.00260 0.00005 ( 1)
 133 R   0.97182 0.02552 0.00259 0.00007 ( 1)
 134 D   0.99506 0.00224 0.00270 0.00001 ( 1)
 135 V   0.98530 0.01218 0.00249 0.00003 ( 1)
 136 A   0.11051 0.88667 0.00028 0.00255 ( 2)
 137 I   0.98633 0.01114 0.00249 0.00003 ( 1)
 138 Y   0.92558 0.07183 0.00239 0.00021 ( 1)
 139 G   0.99289 0.00450 0.00259 0.00001 ( 1)
 140 K   0.28407 0.71308 0.00081 0.00205 ( 2)
 141 E   0.12498 0.87049 0.00203 0.00250 ( 2)
 142 -   0.61800 0.37914 0.00177 0.00109 ( 1)
 143 -   0.56448 0.43266 0.00162 0.00124 ( 1)
 144 -   0.59659 0.40054 0.00171 0.00115 ( 1)
 145 -   0.61699 0.38015 0.00177 0.00109 ( 1)
 146 -   0.60571 0.39142 0.00174 0.00112 ( 1)
 147 -   0.61800 0.37914 0.00177 0.00109 ( 1)
 148 -   0.62789 0.36925 0.00180 0.00106 ( 1)
 149 -   0.56305 0.43409 0.00162 0.00125 ( 1)
 150 L   0.97994 0.01738 0.00263 0.00005 ( 1)
 151 G   0.91280 0.08451 0.00244 0.00024 ( 1)
 152 Y   0.98502 0.01246 0.00248 0.00004 ( 1)
 153 P   0.00002 0.99711 0.00000 0.00286 ( 2)
 154 S   0.00211 0.99503 0.00001 0.00286 ( 2)
 155 T   0.00006 0.99708 0.00000 0.00286 ( 2)
 156 D   0.00268 0.99446 0.00001 0.00286 ( 2)
 157 V   0.86276 0.13454 0.00231 0.00039 ( 1)
 158 E   0.00432 0.99280 0.00003 0.00285 ( 2)
 159 F   0.02879 0.96835 0.00007 0.00278 ( 2)
 160 Y   0.99498 0.00245 0.00256 0.00001 ( 1)
 161 Y   0.90795 0.08955 0.00224 0.00026 ( 1)
 162 N   0.00214 0.99499 0.00001 0.00286 ( 2)
 163 E   0.99475 0.00273 0.00251 0.00001 ( 1)
 164 Q   0.54979 0.44742 0.00151 0.00128 ( 1)
 165 K   0.29378 0.70341 0.00079 0.00202 ( 2)
 166 Y   0.00000 0.99714 0.00000 0.00286 ( 2)
 167 Y   0.98187 0.01556 0.00253 0.00004 ( 1)
 168 T   0.77933 0.21477 0.00528 0.00062 ( 1)
 169 E   0.11296 0.88393 0.00057 0.00254 ( 2)
 170 K   0.00067 0.99646 0.00000 0.00286 ( 2)
 171 Y   0.97986 0.01757 0.00253 0.00005 ( 1)
 172 S   0.90150 0.09576 0.00247 0.00027 ( 1)
 173 N   0.74368 0.25376 0.00184 0.00073 ( 1)
 174 Y   0.65085 0.34397 0.00419 0.00099 ( 1)
 175 C   0.98400 0.01321 0.00275 0.00004 ( 1)
 176 V   0.46300 0.53341 0.00206 0.00153 ( 2)
 177 N   0.22405 0.77275 0.00098 0.00222 ( 2)
 178 T   0.89962 0.09779 0.00230 0.00028 ( 1)
 179 Y   0.85267 0.14453 0.00238 0.00041 ( 1)
 180 K   0.97571 0.02182 0.00241 0.00006 ( 1)
 181 S   0.00861 0.98853 0.00002 0.00284 ( 2)
 182 G   0.56718 0.43012 0.00147 0.00123 ( 1)
 183 L   0.96950 0.02777 0.00265 0.00008 ( 1)
 184 E   0.19097 0.80623 0.00049 0.00231 ( 2)
 185 S   0.20410 0.79308 0.00054 0.00228 ( 2)
 186 K   0.46167 0.53563 0.00117 0.00154 ( 2)
 187 K   0.99596 0.00152 0.00251 0.00000 ( 1)
 188 Q   0.31190 0.68535 0.00079 0.00197 ( 2)
 189 I   0.98891 0.00858 0.00249 0.00002 ( 1)
 190 G   0.85227 0.14190 0.00542 0.00041 ( 1)
 191 W   0.89082 0.10640 0.00248 0.00031 ( 1)
 192 S   0.01911 0.97803 0.00005 0.00281 ( 2)
 193 D   0.00806 0.98907 0.00003 0.00284 ( 2)
 194 F   0.96710 0.03016 0.00264 0.00009 ( 1)
 195 N   0.99132 0.00615 0.00252 0.00002 ( 1)
 196 R   0.45077 0.54643 0.00123 0.00157 ( 2)
 197 Y   0.99498 0.00245 0.00256 0.00001 ( 1)
 198 R   0.98783 0.00951 0.00263 0.00003 ( 1)
 199 R   0.99284 0.00459 0.00256 0.00001 ( 1)
 200 E   0.00521 0.99108 0.00086 0.00285 ( 2)
 201 M   0.99634 0.00110 0.00255 0.00000 ( 1)
 202 T   0.99400 0.00345 0.00254 0.00001 ( 1)
 203 L   0.95279 0.04448 0.00261 0.00013 ( 1)
 204 S   0.20893 0.78827 0.00054 0.00226 ( 2)
 205 V   0.98520 0.01226 0.00251 0.00004 ( 1)
 206 L   0.98609 0.01127 0.00261 0.00003 ( 1)
 207 D   0.99716 0.00037 0.00247 0.00000 ( 1)
 208 I   0.54743 0.44991 0.00137 0.00129 ( 1)
 209 V   0.97822 0.01925 0.00247 0.00006 ( 1)
 210 A   0.98010 0.01734 0.00252 0.00005 ( 1)
 211 L   0.92928 0.06806 0.00246 0.00020 ( 1)
 212 F   0.98213 0.01515 0.00268 0.00004 ( 1)
 213 P   0.99215 0.00522 0.00261 0.00001 ( 1)
 214 L   0.04256 0.95360 0.00110 0.00274 ( 2)


lnL = -3775.381268

