Supplemental results for CODEML (seqf: algn  treef: tree)


dN/dS (w) for site classes (K=4)

site class             0        1       2a       2b
proportion       0.43292  0.52768  0.01776  0.02164
background w     0.10237  1.00000  0.10237  1.00000
foreground w     0.10237  1.00000 79.18742 79.18742

Naive Empirical Bayes (NEB) probabilities for 4 classes
(amino acids refer to 1st sequence: BT_Cry7Ba1)

   1 -   0.74748 0.25127 0.00085 0.00041 ( 1)
   2 -   0.72176 0.27676 0.00097 0.00051 ( 1)
   3 T   0.06578 0.91687 0.00263 0.01472 ( 2)
   4 V   0.14247 0.85114 0.00122 0.00517 ( 2)
   5 E   0.96123 0.03680 0.00190 0.00007 ( 1)
   6 L   0.87872 0.12072 0.00048 0.00007 ( 1)
   7 T   0.96537 0.03328 0.00129 0.00006 ( 1)
   8 R   0.97671 0.02252 0.00074 0.00002 ( 1)
   9 T   0.13529 0.86399 0.00008 0.00064 ( 2)
  10 I   0.98636 0.01222 0.00139 0.00003 ( 1)
  11 Y   0.67713 0.32156 0.00091 0.00040 ( 1)
  12 T   0.12264 0.87558 0.00016 0.00161 ( 2)
  13 D   0.99153 0.00714 0.00132 0.00002 ( 1)
  14 P   0.94603 0.05340 0.00054 0.00004 ( 1)
  15 L   0.74536 0.25333 0.00088 0.00043 ( 1)
  16 G   0.98476 0.01444 0.00079 0.00002 ( 1)
  17 Y   0.10901 0.89024 0.00006 0.00069 ( 2)
  18 T   0.10195 0.89642 0.00015 0.00148 ( 2)
  19 G   0.90126 0.09802 0.00063 0.00009 ( 1)
  20 Y   0.39882 0.59928 0.00056 0.00134 ( 2)
  21 S   0.02749 0.96960 0.00005 0.00286 ( 2)
  22 N   0.37232 0.61641 0.00360 0.00767 ( 2)
  23 D   0.01283 0.98279 0.00005 0.00433 ( 2)
  24 E   0.82478 0.17371 0.00115 0.00036 ( 1)
  25 H   0.88168 0.11682 0.00126 0.00024 ( 1)
  26 P   0.90473 0.09465 0.00055 0.00008 ( 1)
  27 T   0.02872 0.96905 0.00004 0.00219 ( 2)
  28 Y   0.13675 0.86275 0.00006 0.00043 ( 2)
  29 Y   0.97945 0.01912 0.00140 0.00004 ( 1)
  30 -   0.16736 0.82998 0.00042 0.00225 ( 2)
  31 S   0.80165 0.19703 0.00097 0.00035 ( 1)
  32 S   0.68778 0.29399 0.01220 0.00603 ( 1)
  33 A   0.14174 0.85692 0.00013 0.00121 ( 2)
  34 K   0.00163 0.95693 0.00098 0.04045 ( 2)
  35 P   0.00003 0.99660 0.00000 0.00338 ( 2)
  36 F   0.94654 0.05280 0.00063 0.00004 ( 1)
  37 S   0.00098 0.97283 0.00021 0.02599 ( 2)
  38 S   0.18373 0.80910 0.00075 0.00643 ( 2)
  39 I   0.97648 0.02234 0.00115 0.00004 ( 1)
  40 E   0.95622 0.04262 0.00109 0.00007 ( 1)
  41 S   0.94462 0.05366 0.00156 0.00016 ( 1)
  42 R   0.08607 0.75660 0.00633 0.15101 ( 2)
  43 A   0.89419 0.09629 0.00850 0.00103 ( 1)
  44 V   0.17362 0.79016 0.02336 0.01286 ( 2)
  45 L   0.51778 0.48159 0.00029 0.00034 ( 1)
  46 A   0.02917 0.96799 0.00006 0.00279 ( 2)
  47 P   0.79955 0.19882 0.00118 0.00044 ( 1)
  48 S   0.00585 0.93273 0.00352 0.05790 ( 2)
  49 L   0.92442 0.07459 0.00090 0.00009 ( 1)
  50 F   0.85400 0.14529 0.00060 0.00011 ( 1)
  51 K   0.54619 0.45315 0.00033 0.00033 ( 1)
  52 W   0.78099 0.21854 0.00036 0.00011 ( 1)
  53 I   0.36387 0.63501 0.00035 0.00076 ( 2)
  54 T   0.98300 0.01548 0.00148 0.00004 ( 1)
  55 Q   0.04649 0.95054 0.00026 0.00272 ( 2)
  56 L   0.08307 0.26139 0.52881 0.12673 ( 3)
  57 E   0.00164 0.99728 0.00001 0.00107 ( 2)
  58 V   0.96962 0.02849 0.00180 0.00008 ( 1)
  59 Y   0.00399 0.96731 0.00114 0.02756 ( 2)
  60 T   0.00231 0.99092 0.00001 0.00677 ( 2)
  61 K   0.00315 0.99545 0.00001 0.00139 ( 2)
  62 K   0.00000 0.87389 0.00001 0.12609 ( 2)
  63 Y   0.01105 0.98720 0.00001 0.00174 ( 2)
  64 S   0.00001 0.97894 0.00000 0.02105 ( 2)
  65 Y   0.02314 0.96762 0.00020 0.00904 ( 2)
  66 S   0.00785 0.98924 0.00001 0.00290 ( 2)
  67 S   0.24759 0.75036 0.00033 0.00172 ( 2)
  68 Q   0.00003 0.94474 0.00002 0.05521 ( 2)
  69 Y   0.15544 0.84358 0.00015 0.00083 ( 2)
  70 T   0.70976 0.25084 0.02911 0.01029 ( 1)
  71 T   0.41356 0.39092 0.17152 0.02400 ( 1)
  72 L   0.00448 0.99327 0.00001 0.00224 ( 2)
  73 W   0.26700 0.73245 0.00014 0.00042 ( 2)
  74 T   0.76457 0.22447 0.00830 0.00266 ( 1)
  75 G   0.95177 0.04752 0.00067 0.00004 ( 1)
  76 L   0.14729 0.85224 0.00006 0.00040 ( 2)
  77 R   0.09203 0.90662 0.00008 0.00126 ( 2)
  78 V   0.92314 0.07579 0.00096 0.00010 ( 1)
  79 I   0.00602 0.99089 0.00003 0.00307 ( 2)
  80 A   0.41681 0.58120 0.00063 0.00136 ( 2)
  81 Q   0.04497 0.94975 0.00011 0.00516 ( 2)
  82 P   0.03430 0.96363 0.00005 0.00202 ( 2)
  83 T   0.98300 0.01548 0.00148 0.00004 ( 1)
  84 K   0.00656 0.98967 0.00003 0.00374 ( 2)
  85 D   0.02008 0.86185 0.03035 0.08772 ( 2)
  86 F   0.00025 0.96009 0.00009 0.03957 ( 2)
  87 T   0.00003 0.99133 0.00000 0.00863 ( 2)
  88 D   0.13408 0.86506 0.00009 0.00077 ( 2)
  89 T   0.00394 0.98954 0.00002 0.00651 ( 2)
  90 V   0.01593 0.98223 0.00002 0.00182 ( 2)
  91 Y   0.84982 0.14907 0.00088 0.00023 ( 1)
  92 D   0.59315 0.40420 0.00115 0.00151 ( 1)
  93 Y   0.54989 0.44840 0.00079 0.00093 ( 1)
  94 G   0.95177 0.04752 0.00067 0.00004 ( 1)
  95 S   0.06213 0.93371 0.00021 0.00395 ( 2)
  96 S   0.80647 0.19200 0.00112 0.00041 ( 1)
  97 S   0.86337 0.11739 0.01635 0.00288 ( 1)
  98 G   0.84650 0.14298 0.00871 0.00181 ( 1)
  99 S   0.80136 0.19709 0.00112 0.00042 ( 1)
 100 E   0.00076 0.99544 0.00000 0.00379 ( 2)
 101 N   0.00027 0.99527 0.00000 0.00446 ( 2)
 102 K   0.00273 0.99386 0.00001 0.00340 ( 2)
 103 D   0.00137 0.98284 0.00010 0.01569 ( 2)
 104 V   0.30947 0.68842 0.00047 0.00164 ( 2)
 105 F   0.98753 0.01143 0.00102 0.00002 ( 1)
 106 D   0.50888 0.48138 0.00433 0.00541 ( 1)
 107 L   0.91852 0.08044 0.00090 0.00014 ( 1)
 108 Y   0.03500 0.96423 0.00002 0.00075 ( 2)
 109 G   0.00796 0.98897 0.00009 0.00298 ( 2)
 110 N   0.73908 0.25935 0.00104 0.00053 ( 1)
 111 D   0.99153 0.00714 0.00132 0.00002 ( 1)
 112 V   0.65758 0.24942 0.08889 0.00412 ( 1)
 113 Y   0.97945 0.01912 0.00140 0.00004 ( 1)
 114 D   0.08152 0.91805 0.00003 0.00040 ( 2)
 115 T   0.00232 0.99385 0.00001 0.00382 ( 2)
 116 Q   0.02555 0.97144 0.00006 0.00294 ( 2)
 117 S   0.28108 0.69341 0.00606 0.01945 ( 2)
 118 V   0.00229 0.98370 0.00020 0.01381 ( 2)
 119 V   0.01476 0.98344 0.00002 0.00178 ( 2)
 120 S   0.01674 0.97952 0.00002 0.00372 ( 2)
 121 S   0.06895 0.92670 0.00027 0.00408 ( 2)
 122 Y   0.02813 0.96831 0.00006 0.00351 ( 2)
 123 K   0.02249 0.97548 0.00003 0.00200 ( 2)
 124 P   0.01904 0.94156 0.00078 0.03862 ( 2)
 125 T   0.17900 0.81969 0.00016 0.00115 ( 2)
 126 G   0.03864 0.95959 0.00005 0.00173 ( 2)
 127 G   0.02610 0.97157 0.00004 0.00229 ( 2)
 128 G   0.00267 0.99682 0.00000 0.00050 ( 2)
 129 H   0.71884 0.27956 0.00102 0.00058 ( 1)
 130 F   0.00282 0.01979 0.76852 0.20887 ( 3)
 131 G   0.31499 0.68378 0.00036 0.00087 ( 2)
 132 V   0.17029 0.82111 0.00130 0.00729 ( 2)
 133 P   0.97686 0.02253 0.00059 0.00002 ( 1)
 134 Q   0.00002 0.86418 0.00038 0.13543 ( 2)
 135 F   0.20085 0.79844 0.00013 0.00058 ( 2)
 136 R   0.01142 0.98076 0.00005 0.00778 ( 2)
 137 L   0.92442 0.07459 0.00090 0.00009 ( 1)
 138 F   0.18046 0.81759 0.00026 0.00169 ( 2)
 139 W   0.00088 0.58627 0.01795 0.39490 ( 2)
 140 I   0.98425 0.01432 0.00139 0.00003 ( 1)
 141 T   0.82060 0.17754 0.00135 0.00051 ( 1)
 142 K   0.00001 0.00923 0.16615 0.82461 ( 4)
 143 S   0.00996 0.97083 0.00130 0.01791 ( 2)
 144 N   0.99069 0.00766 0.00164 0.00002 ( 1)
 145 G   0.00000 0.37294 0.00006 0.62700 ( 4)
 146 L   0.87555 0.11199 0.01090 0.00156 ( 1)
 147 R   0.00171 0.99658 0.00000 0.00171 ( 2)
 148 E   0.76937 0.21988 0.00803 0.00272 ( 1)
 149 Q   0.08989 0.90071 0.00077 0.00864 ( 2)
 150 I   0.00011 0.05386 0.21986 0.72617 ( 4)
 151 F   0.97607 0.01519 0.00859 0.00015 ( 1)
 152 N   0.37092 0.62757 0.00044 0.00107 ( 2)
 153 Y   0.30561 0.69271 0.00037 0.00132 ( 2)
 154 A   0.00018 0.98375 0.00001 0.01607 ( 2)
 155 N   0.01591 0.95624 0.00324 0.02461 ( 2)
 156 N   0.41636 0.03145 0.54484 0.00735 ( 3)
 157 M   0.19181 0.80661 0.00023 0.00135 ( 2)
 158 G   0.12084 0.87848 0.00007 0.00062 ( 2)
 159 -   0.95414 0.04449 0.00128 0.00009 ( 1)
 160 S   0.32066 0.67811 0.00029 0.00095 ( 2)
 161 Y   0.00803 0.97930 0.00008 0.01259 ( 2)
 162 S   0.00063 0.53531 0.00869 0.45537 ( 2)
 163 A   0.00240 0.99507 0.00000 0.00252 ( 2)
 164 Y   0.00249 0.98374 0.00009 0.01368 ( 2)
 165 R   0.05840 0.92431 0.00109 0.01620 ( 2)
 166 F   0.81231 0.18615 0.00116 0.00038 ( 1)
 167 S   0.12417 0.87417 0.00015 0.00151 ( 2)
 168 K   0.39441 0.60439 0.00035 0.00085 ( 2)
 169 D   0.27958 0.71766 0.00045 0.00230 ( 2)
 170 E   0.18457 0.81398 0.00060 0.00086 ( 2)
 171 L   0.92442 0.07459 0.00090 0.00009 ( 1)
 172 P   0.87427 0.12491 0.00071 0.00011 ( 1)
 173 I   0.97648 0.02234 0.00115 0.00004 ( 1)
 174 E   0.80505 0.19347 0.00108 0.00041 ( 1)
 175 L   0.08581 0.91336 0.00007 0.00076 ( 2)
 176 L   0.03728 0.93051 0.00834 0.02387 ( 2)
 177 Q   0.01739 0.97218 0.00016 0.01027 ( 2)
 178 P   0.00001 0.70790 0.00022 0.29188 ( 2)
 179 P   0.97686 0.02253 0.00059 0.00002 ( 1)
 180 L   0.70780 0.29056 0.00100 0.00065 ( 1)
 181 F   0.71859 0.27980 0.00102 0.00058 ( 1)
 182 G   0.95177 0.04752 0.00067 0.00004 ( 1)
 183 D   0.99153 0.00714 0.00132 0.00002 ( 1)
 184 I   0.25550 0.31243 0.31007 0.12199 ( 2)
 185 E   0.91502 0.08438 0.00055 0.00006 ( 1)
 186 E   0.97825 0.02061 0.00111 0.00003 ( 1)
 187 Y   0.92865 0.06987 0.00133 0.00014 ( 1)
 188 S   0.83255 0.06700 0.09944 0.00101 ( 1)
 189 H   0.98931 0.01001 0.00068 0.00001 ( 1)
 190 R   0.85394 0.10369 0.03746 0.00491 ( 1)
 191 L   0.92442 0.07459 0.00090 0.00009 ( 1)
 192 S   0.99257 0.00654 0.00088 0.00001 ( 1)
 193 H   0.13540 0.86219 0.00023 0.00218 ( 2)
 194 V   0.86948 0.12904 0.00120 0.00028 ( 1)
 195 S   0.91139 0.08723 0.00124 0.00014 ( 1)
 196 E   0.93835 0.05794 0.00339 0.00032 ( 1)
 197 V   0.84390 0.15456 0.00120 0.00035 ( 1)
 198 I   0.05572 0.94088 0.00045 0.00295 ( 2)
 199 K   0.32124 0.67594 0.00063 0.00219 ( 2)
 200 D   0.00599 0.96831 0.00311 0.02259 ( 2)
 201 Y   0.03104 0.96488 0.00018 0.00390 ( 2)
 202 G   0.87464 0.11741 0.00704 0.00091 ( 1)
 203 E   0.01021 0.98839 0.00001 0.00140 ( 2)
 204 -   0.43292 0.52768 0.01776 0.02164 ( 2)
 205 -   0.43292 0.52768 0.01776 0.02164 ( 2)
 206 -   0.43292 0.52768 0.01776 0.02164 ( 2)
 207 -   0.43292 0.52768 0.01776 0.02164 ( 2)
 208 -   0.43292 0.52768 0.01776 0.02164 ( 2)
 209 -   0.43292 0.52768 0.01776 0.02164 ( 2)
 210 -   0.43292 0.52768 0.01776 0.02164 ( 2)
 211 -   0.43292 0.52768 0.01776 0.02164 ( 2)
 212 G   0.95177 0.04752 0.00067 0.00004 ( 1)
 213 I   0.18378 0.81295 0.00111 0.00216 ( 2)
 214 I   0.98636 0.01222 0.00139 0.00003 ( 1)
 215 P   0.96021 0.03921 0.00054 0.00003 ( 1)
 216 V   0.91649 0.08176 0.00160 0.00015 ( 1)
 217 L   0.92442 0.07459 0.00090 0.00009 ( 1)
 218 G   0.94632 0.03365 0.01928 0.00075 ( 1)
 219 W   0.03434 0.96516 0.00002 0.00049 ( 2)
 220 T   0.96588 0.03121 0.00279 0.00011 ( 1)
 221 H   0.98931 0.01001 0.00068 0.00001 ( 1)
 222 V   0.21987 0.77814 0.00031 0.00168 ( 2)
 223 S   0.89712 0.06349 0.03679 0.00260 ( 1)


lnL = -2866.932433

Bayes Empirical Bayes (BEB) probabilities for 4 classes (class)
(amino acids refer to 1st sequence: BT_Cry7Ba1)

   1 -   0.74683 0.24332 0.00679 0.00306 ( 1)
   2 -   0.72109 0.26693 0.00800 0.00398 ( 1)
   3 T   0.10213 0.82690 0.01451 0.05646 ( 2)
   4 V   0.20079 0.76424 0.00886 0.02610 ( 2)
   5 E   0.94615 0.03756 0.01558 0.00072 ( 1)
   6 L   0.86037 0.11759 0.01911 0.00292 ( 1)
   7 T   0.95458 0.03430 0.01062 0.00050 ( 1)
   8 R   0.96787 0.02335 0.00851 0.00027 ( 1)
   9 T   0.19571 0.78879 0.00255 0.01296 ( 2)
  10 I   0.97894 0.01319 0.00772 0.00015 ( 1)
  11 Y   0.66991 0.30620 0.01566 0.00823 ( 1)
  12 T   0.17804 0.80801 0.00190 0.01205 ( 2)
  13 D   0.98535 0.00789 0.00667 0.00008 ( 1)
  14 P   0.93387 0.05356 0.01175 0.00082 ( 1)
  15 L   0.74120 0.24836 0.00704 0.00340 ( 1)
  16 G   0.97761 0.01523 0.00702 0.00015 ( 1)
  17 Y   0.16413 0.82546 0.00130 0.00910 ( 2)
  18 T   0.15103 0.82305 0.00352 0.02240 ( 2)
  19 G   0.89102 0.09694 0.01061 0.00142 ( 1)
  20 Y   0.44861 0.54131 0.00341 0.00667 ( 2)
  21 S   0.05893 0.92897 0.00042 0.01169 ( 2)
  22 N   0.42727 0.54921 0.00877 0.01475 ( 2)
  23 D   0.02977 0.94230 0.00073 0.02721 ( 2)
  24 E   0.81595 0.17422 0.00747 0.00237 ( 1)
  25 H   0.87129 0.11917 0.00795 0.00159 ( 1)
  26 P   0.89736 0.09403 0.00758 0.00103 ( 1)
  27 T   0.06326 0.92624 0.00041 0.01010 ( 2)
  28 Y   0.19410 0.77810 0.00503 0.02277 ( 2)
  29 Y   0.97073 0.02013 0.00889 0.00025 ( 1)
  30 -   0.20338 0.77383 0.00433 0.01846 ( 2)
  31 S   0.79445 0.19684 0.00636 0.00235 ( 1)
  32 S   0.69167 0.28645 0.01448 0.00739 ( 1)
  33 A   0.20601 0.78589 0.00113 0.00698 ( 2)
  34 K   0.00544 0.88828 0.00490 0.10137 ( 2)
  35 P   0.00018 0.98211 0.00000 0.01770 ( 2)
  36 F   0.92402 0.05277 0.02183 0.00137 ( 1)
  37 S   0.00332 0.90802 0.00169 0.08698 ( 2)
  38 S   0.21535 0.75804 0.00410 0.02250 ( 2)
  39 I   0.96703 0.02339 0.00928 0.00030 ( 1)
  40 E   0.94735 0.04347 0.00864 0.00054 ( 1)
  41 S   0.93616 0.05616 0.00697 0.00072 ( 1)
  42 R   0.14266 0.76413 0.01022 0.08299 ( 2)
  43 A   0.88609 0.09582 0.01599 0.00209 ( 1)
  44 V   0.20688 0.63441 0.10619 0.05252 ( 2)
  45 L   0.53612 0.45022 0.00661 0.00705 ( 1)
  46 A   0.06342 0.92076 0.00069 0.01513 ( 2)
  47 P   0.79569 0.19338 0.00825 0.00268 ( 1)
  48 S   0.01298 0.84833 0.01331 0.12538 ( 2)
  49 L   0.91083 0.07416 0.01368 0.00133 ( 1)
  50 F   0.83607 0.14050 0.01974 0.00368 ( 1)
  51 K   0.56121 0.42424 0.00748 0.00707 ( 1)
  52 W   0.76519 0.20836 0.02038 0.00607 ( 1)
  53 I   0.39636 0.58706 0.00582 0.01076 ( 2)
  54 T   0.97491 0.01655 0.00834 0.00021 ( 1)
  55 Q   0.09387 0.88933 0.00207 0.01473 ( 2)
  56 L   0.13500 0.31440 0.44706 0.10354 ( 3)
  57 E   0.00568 0.97428 0.00013 0.01991 ( 2)
  58 V   0.96223 0.02957 0.00786 0.00034 ( 1)
  59 Y   0.01201 0.88663 0.00823 0.09313 ( 2)
  60 T   0.00756 0.96593 0.00012 0.02639 ( 2)
  61 K   0.01043 0.97656 0.00013 0.01287 ( 2)
  62 K   0.00001 0.75497 0.00013 0.24490 ( 2)
  63 Y   0.02605 0.96282 0.00019 0.01093 ( 2)
  64 S   0.00005 0.94043 0.00000 0.05952 ( 2)
  65 Y   0.04184 0.92584 0.00124 0.03109 ( 2)
  66 S   0.02396 0.96377 0.00017 0.01210 ( 2)
  67 S   0.31740 0.67299 0.00206 0.00755 ( 2)
  68 Q   0.00017 0.87791 0.00015 0.12176 ( 2)
  69 Y   0.21528 0.75947 0.00497 0.02028 ( 2)
  70 T   0.70333 0.24088 0.04157 0.01422 ( 1)
  71 T   0.37957 0.31473 0.27331 0.03239 ( 1)
  72 L   0.01270 0.97554 0.00009 0.01166 ( 2)
  73 W   0.30229 0.66987 0.00800 0.01985 ( 2)
  74 T   0.75370 0.22098 0.01846 0.00686 ( 1)
  75 G   0.94015 0.04795 0.01120 0.00070 ( 1)
  76 L   0.17820 0.79429 0.00459 0.02292 ( 2)
  77 R   0.16820 0.82363 0.00091 0.00726 ( 2)
  78 V   0.91337 0.07576 0.00983 0.00105 ( 1)
  79 I   0.01872 0.96530 0.00035 0.01564 ( 2)
  80 A   0.46594 0.52334 0.00385 0.00687 ( 2)
  81 Q   0.07541 0.89970 0.00122 0.02366 ( 2)
  82 P   0.07347 0.91403 0.00064 0.01187 ( 2)
  83 T   0.97491 0.01655 0.00834 0.00021 ( 1)
  84 K   0.01988 0.96135 0.00032 0.01844 ( 2)
  85 D   0.03682 0.72494 0.07727 0.16096 ( 2)
  86 F   0.00113 0.89014 0.00079 0.10794 ( 2)
  87 T   0.00020 0.96976 0.00000 0.03005 ( 2)
  88 D   0.19488 0.78661 0.00307 0.01544 ( 2)
  89 T   0.01228 0.96501 0.00020 0.02251 ( 2)
  90 V   0.03697 0.94855 0.00039 0.01409 ( 2)
  91 Y   0.84140 0.15080 0.00613 0.00166 ( 1)
  92 D   0.60687 0.38219 0.00497 0.00597 ( 1)
  93 Y   0.56574 0.42363 0.00508 0.00555 ( 1)
  94 G   0.94015 0.04795 0.01120 0.00070 ( 1)
  95 S   0.12117 0.86116 0.00166 0.01600 ( 2)
  96 S   0.79804 0.19161 0.00763 0.00273 ( 1)
  97 S   0.86584 0.11728 0.01439 0.00249 ( 1)
  98 G   0.83645 0.14458 0.01549 0.00348 ( 1)
  99 S   0.79318 0.19638 0.00762 0.00281 ( 1)
 100 E   0.00296 0.98048 0.00005 0.01650 ( 2)
 101 N   0.00109 0.97367 0.00002 0.02522 ( 2)
 102 K   0.00912 0.97834 0.00007 0.01247 ( 2)
 103 D   0.00478 0.94166 0.00098 0.05258 ( 2)
 104 V   0.37445 0.61435 0.00309 0.00811 ( 2)
 105 F   0.98044 0.01224 0.00720 0.00013 ( 1)
 106 D   0.52747 0.45085 0.01012 0.01156 ( 1)
 107 L   0.90090 0.07976 0.01750 0.00184 ( 1)
 108 Y   0.07490 0.91451 0.00059 0.01000 ( 2)
 109 G   0.01958 0.96390 0.00060 0.01592 ( 2)
 110 N   0.73615 0.25373 0.00670 0.00342 ( 1)
 111 D   0.98535 0.00789 0.00667 0.00008 ( 1)
 112 V   0.50443 0.17729 0.30394 0.01433 ( 1)
 113 Y   0.97073 0.02013 0.00889 0.00025 ( 1)
 114 D   0.12563 0.84752 0.00310 0.02375 ( 2)
 115 T   0.00777 0.97449 0.00009 0.01764 ( 2)
 116 Q   0.05656 0.92812 0.00065 0.01467 ( 2)
 117 S   0.35389 0.62570 0.00603 0.01438 ( 2)
 118 V   0.00649 0.93191 0.00183 0.05977 ( 2)
 119 V   0.03442 0.95425 0.00026 0.01107 ( 2)
 120 S   0.03774 0.94057 0.00044 0.02124 ( 2)
 121 S   0.10929 0.86366 0.00266 0.02439 ( 2)
 122 Y   0.05855 0.92700 0.00049 0.01395 ( 2)
 123 K   0.04985 0.93751 0.00044 0.01220 ( 2)
 124 P   0.03459 0.90962 0.00201 0.05378 ( 2)
 125 T   0.24535 0.74666 0.00134 0.00664 ( 2)
 126 G   0.08115 0.90770 0.00062 0.01053 ( 2)
 127 G   0.05764 0.93001 0.00047 0.01188 ( 2)
 128 G   0.00706 0.96473 0.00018 0.02803 ( 2)
 129 H   0.71808 0.27182 0.00649 0.00361 ( 1)
 130 F   0.01670 0.09031 0.71060 0.18238 ( 3)
 131 G   0.34844 0.62572 0.00847 0.01737 ( 2)
 132 V   0.23030 0.74756 0.00418 0.01796 ( 2)
 133 P   0.96828 0.02328 0.00818 0.00025 ( 1)
 134 Q   0.00011 0.83023 0.00052 0.16915 ( 2)
 135 F   0.26559 0.71050 0.00581 0.01810 ( 2)
 136 R   0.02640 0.94603 0.00049 0.02709 ( 2)
 137 L   0.91083 0.07416 0.01368 0.00133 ( 1)
 138 F   0.24411 0.74412 0.00214 0.00963 ( 2)
 139 W   0.00236 0.53744 0.03466 0.42555 ( 2)
 140 I   0.97674 0.01538 0.00770 0.00018 ( 1)
 141 T   0.81268 0.17902 0.00600 0.00229 ( 1)
 142 K   0.00069 0.14779 0.19059 0.66093 ( 4)
 143 S   0.02220 0.92072 0.00630 0.05079 ( 2)
 144 N   0.98406 0.00852 0.00732 0.00010 ( 1)
 145 G   0.00004 0.69741 0.00014 0.30242 ( 2)
 146 L   0.85616 0.10928 0.03020 0.00436 ( 1)
 147 R   0.00579 0.98208 0.00005 0.01208 ( 2)
 148 E   0.76066 0.21717 0.01634 0.00582 ( 1)
 149 Q   0.13832 0.82905 0.00414 0.02848 ( 2)
 150 I   0.00169 0.26801 0.22148 0.50882 ( 4)
 151 F   0.96125 0.01601 0.02229 0.00045 ( 1)
 152 N   0.42954 0.55962 0.00370 0.00713 ( 2)
 153 Y   0.37103 0.61849 0.00286 0.00762 ( 2)
 154 A   0.00071 0.92190 0.00016 0.07723 ( 2)
 155 N   0.03527 0.87876 0.01552 0.07045 ( 2)
 156 N   0.62934 0.04753 0.31872 0.00441 ( 1)
 157 M   0.25998 0.72787 0.00239 0.00975 ( 2)
 158 G   0.17836 0.80704 0.00214 0.01246 ( 2)
 159 -   0.94521 0.04553 0.00869 0.00057 ( 1)
 160 S   0.38860 0.60380 0.00214 0.00546 ( 2)
 161 Y   0.01951 0.95356 0.00041 0.02652 ( 2)
 162 S   0.00281 0.64823 0.01632 0.33264 ( 2)
 163 A   0.00804 0.97685 0.00008 0.01502 ( 2)
 164 Y   0.00801 0.94078 0.00044 0.05078 ( 2)
 165 R   0.09590 0.87261 0.00322 0.02827 ( 2)
 166 F   0.80380 0.18643 0.00730 0.00247 ( 1)
 167 S   0.18296 0.80538 0.00156 0.01009 ( 2)
 168 K   0.45103 0.54155 0.00249 0.00493 ( 2)
 169 D   0.34126 0.64719 0.00252 0.00902 ( 2)
 170 E   0.25080 0.73120 0.00517 0.01283 ( 2)
 171 L   0.91083 0.07416 0.01368 0.00133 ( 1)
 172 P   0.85101 0.12067 0.02456 0.00376 ( 1)
 173 I   0.96703 0.02339 0.00928 0.00030 ( 1)
 174 E   0.79598 0.19275 0.00820 0.00306 ( 1)
 175 L   0.12247 0.85294 0.00271 0.02189 ( 2)
 176 L   0.05262 0.73983 0.06382 0.14373 ( 2)
 177 Q   0.03874 0.93563 0.00076 0.02486 ( 2)
 178 P   0.00005 0.61754 0.00106 0.38136 ( 2)
 179 P   0.96828 0.02328 0.00818 0.00025 ( 1)
 180 L   0.70708 0.28393 0.00551 0.00349 ( 1)
 181 F   0.71682 0.27307 0.00648 0.00362 ( 1)
 182 G   0.94015 0.04795 0.01120 0.00070 ( 1)
 183 D   0.98535 0.00789 0.00667 0.00008 ( 1)
 184 I   0.25679 0.29062 0.32921 0.12338 ( 3)
 185 E   0.90099 0.08339 0.01408 0.00153 ( 1)
 186 E   0.96934 0.02156 0.00883 0.00027 ( 1)
 187 Y   0.92036 0.07031 0.00843 0.00089 ( 1)
 188 S   0.66464 0.05303 0.27938 0.00295 ( 1)
 189 H   0.98302 0.01068 0.00620 0.00009 ( 1)
 190 R   0.83811 0.10136 0.05354 0.00698 ( 1)
 191 L   0.91083 0.07416 0.01368 0.00133 ( 1)
 192 S   0.98706 0.00715 0.00574 0.00006 ( 1)
 193 H   0.19543 0.79122 0.00188 0.01147 ( 2)
 194 V   0.85934 0.13139 0.00751 0.00176 ( 1)
 195 S   0.89584 0.08624 0.01610 0.00182 ( 1)
 196 E   0.92899 0.05833 0.01167 0.00102 ( 1)
 197 V   0.83530 0.15620 0.00656 0.00194 ( 1)
 198 I   0.10937 0.87530 0.00225 0.01308 ( 2)
 199 K   0.38166 0.60455 0.00394 0.00985 ( 2)
 200 D   0.01692 0.85727 0.01665 0.10916 ( 2)
 201 Y   0.06683 0.91763 0.00110 0.01444 ( 2)
 202 G   0.86386 0.11543 0.01789 0.00282 ( 1)
 203 E   0.02896 0.96245 0.00016 0.00843 ( 2)
 204 -   0.44356 0.50065 0.02617 0.02962 ( 2)
 205 -   0.44356 0.50065 0.02617 0.02962 ( 2)
 206 -   0.44356 0.50065 0.02617 0.02962 ( 2)
 207 -   0.44356 0.50065 0.02617 0.02962 ( 2)
 208 -   0.44356 0.50065 0.02617 0.02962 ( 2)
 209 -   0.44356 0.50065 0.02617 0.02962 ( 2)
 210 -   0.44356 0.50065 0.02617 0.02962 ( 2)
 211 -   0.44356 0.50065 0.02617 0.02962 ( 2)
 212 G   0.94015 0.04795 0.01120 0.00070 ( 1)
 213 I   0.24689 0.73248 0.00697 0.01367 ( 2)
 214 I   0.97894 0.01319 0.00772 0.00015 ( 1)
 215 P   0.94771 0.03976 0.01193 0.00060 ( 1)
 216 V   0.88838 0.07994 0.02890 0.00277 ( 1)
 217 L   0.91083 0.07416 0.01368 0.00133 ( 1)
 218 G   0.93984 0.03462 0.02450 0.00104 ( 1)
 219 W   0.05892 0.91298 0.00152 0.02657 ( 2)
 220 T   0.95626 0.03230 0.01096 0.00049 ( 1)
 221 H   0.98302 0.01068 0.00620 0.00009 ( 1)
 222 V   0.28667 0.69748 0.00353 0.01232 ( 2)
 223 S   0.88028 0.06393 0.05203 0.00376 ( 1)

