Supplemental results for CODEML (seqf: algn  treef: tree)


dN/dS (w) for site classes (K=4)

site class             0        1       2a       2b
proportion       0.00000  0.00000  0.49518  0.50482
background w     0.04323  1.00000  0.04323  1.00000
foreground w     0.04323  1.00000  1.00000  1.00000

Naive Empirical Bayes (NEB) probabilities for 4 classes
(amino acids refer to 1st sequence: BT_Cry4Ba1)

   1 Y   0.00000 0.00000 0.04258 0.95742 ( 4)
   2 T   0.00000 0.00000 0.60524 0.39476 ( 3)
   3 D   0.00000 0.00000 0.80608 0.19392 ( 3)
   4 A   0.00000 0.00000 0.06741 0.93259 ( 4)
   5 I   0.00000 0.00000 0.89436 0.10564 ( 3)
   6 T   0.00000 0.00000 0.92881 0.07119 ( 3)
   7 Q   0.00000 0.00000 0.02616 0.97384 ( 4)
   8 V   0.00000 0.00000 0.68289 0.31711 ( 3)
   9 P   0.00000 0.00000 0.92887 0.07113 ( 3)
  10 A   0.00000 0.00000 0.92236 0.07764 ( 3)
  11 V   0.00000 0.00000 0.94440 0.05560 ( 3)
  12 K   0.00000 0.00000 0.96303 0.03697 ( 3)
  13 S   0.00000 0.00000 0.96718 0.03282 ( 3)
  14 N   0.00000 0.00000 0.06815 0.93185 ( 4)
  15 F   0.00000 0.00000 0.03504 0.96496 ( 4)
  16 L   0.00000 0.00000 0.29880 0.70120 ( 4)
  17 N   0.00000 0.00000 0.62982 0.37018 ( 3)
  18 -   0.00000 0.00000 0.52420 0.47580 ( 3)
  19 -   0.00000 0.00000 0.50053 0.49947 ( 3)
  20 A   0.00000 0.00000 0.57760 0.42240 ( 3)
  21 T   0.00000 0.00000 0.93006 0.06994 ( 3)
  22 A   0.00000 0.00000 0.05814 0.94186 ( 4)
  23 K   0.00000 0.00000 0.04861 0.95139 ( 4)
  24 V   0.00000 0.00000 0.94440 0.05560 ( 3)
  25 I   0.00000 0.00000 0.52800 0.47200 ( 3)
  26 K   0.00000 0.00000 0.94736 0.05264 ( 3)
  27 G   0.00000 0.00000 0.96330 0.03670 ( 3)
  28 P   0.00000 0.00000 0.97386 0.02614 ( 3)
  29 G   0.00000 0.00000 0.96693 0.03307 ( 3)
  30 H   0.00000 0.00000 0.98389 0.01611 ( 3)
  31 T   0.00000 0.00000 0.93006 0.06994 ( 3)
  32 G   0.00000 0.00000 0.94468 0.05532 ( 3)
  33 G   0.00000 0.00000 0.93617 0.06383 ( 3)
  34 D   0.00000 0.00000 0.97306 0.02694 ( 3)
  35 L   0.00000 0.00000 0.94201 0.05799 ( 3)
  36 V   0.00000 0.00000 0.94875 0.05125 ( 3)
  37 A   0.00000 0.00000 0.12847 0.87153 ( 4)
  38 L   0.00000 0.00000 0.92370 0.07630 ( 3)
  39 T   0.00000 0.00000 0.58253 0.41747 ( 3)
  40 S   0.00000 0.00000 0.00543 0.99457 ( 4)
  41 N   0.00000 0.00000 0.96369 0.03631 ( 3)
  42 G   0.00000 0.00000 0.13408 0.86592 ( 4)
  43 T   0.00000 0.00000 0.11495 0.88505 ( 4)
  44 L   0.00000 0.00000 0.08551 0.91449 ( 4)
  45 S   0.00000 0.00000 0.03399 0.96601 ( 4)
  46 -   0.00000 0.00000 0.49518 0.50482 ( 4)
  47 G   0.00000 0.00000 0.01850 0.98150 ( 4)
  48 R   0.00000 0.00000 0.53462 0.46538 ( 3)
  49 M   0.00000 0.00000 0.47349 0.52651 ( 4)
  50 E   0.00000 0.00000 0.06477 0.93523 ( 4)
  51 I   0.00000 0.00000 0.93798 0.06202 ( 3)
  52 Q   0.00000 0.00000 0.62973 0.37027 ( 3)
  53 C   0.00000 0.00000 0.62849 0.37151 ( 3)
  54 K   0.00000 0.00000 0.70456 0.29544 ( 3)
  55 T   0.00000 0.00000 0.67551 0.32449 ( 3)
  56 S   0.00000 0.00000 0.71744 0.28256 ( 3)
  57 I   0.00000 0.00000 0.70732 0.29268 ( 3)
  58 F   0.00000 0.00000 0.67900 0.32100 ( 3)
  59 N   0.00000 0.00000 0.73485 0.26515 ( 3)
  60 D   0.00000 0.00000 0.97306 0.02694 ( 3)
  61 P   0.00000 0.00000 0.57456 0.42544 ( 3)
  62 T   0.00000 0.00000 0.57571 0.42429 ( 3)
  63 R   0.00000 0.00000 0.04332 0.95668 ( 4)
  64 S   0.00000 0.00000 0.00675 0.99325 ( 4)
  65 Y   0.00000 0.00000 0.95660 0.04340 ( 3)
  66 G   0.00000 0.00000 0.56575 0.43425 ( 3)
  67 L   0.00000 0.00000 0.04120 0.95880 ( 4)
  68 R   0.00000 0.00000 0.84242 0.15758 ( 3)
  69 I   0.00000 0.00000 0.93451 0.06549 ( 3)
  70 R   0.00000 0.00000 0.98204 0.01796 ( 3)
  71 Y   0.00000 0.00000 0.97889 0.02111 ( 3)
  72 A   0.00000 0.00000 0.95268 0.04732 ( 3)
  73 A   0.00000 0.00000 0.94823 0.05177 ( 3)
  74 N   0.00000 0.00000 0.10543 0.89457 ( 4)
  75 S   0.00000 0.00000 0.97913 0.02087 ( 3)
  76 P   0.00000 0.00000 0.05631 0.94369 ( 4)
  77 I   0.00000 0.00000 0.14056 0.85944 ( 4)
  78 V   0.00000 0.00000 0.06148 0.93852 ( 4)
  79 L   0.00000 0.00000 0.01232 0.98768 ( 4)
  80 N   0.00000 0.00000 0.00312 0.99688 ( 4)
  81 V   0.00000 0.00000 0.00823 0.99177 ( 4)
  82 S   0.00000 0.00000 0.01190 0.98810 ( 4)
  83 Y   0.00000 0.00000 0.53826 0.46174 ( 3)
  84 V   0.00000 0.00000 0.01835 0.98165 ( 4)
  85 L   0.00000 0.00000 0.00035 0.99965 ( 4)
  86 Q   0.00000 0.00000 0.00142 0.99858 ( 4)
  87 G   0.00000 0.00000 0.01005 0.98995 ( 4)
  88 V   0.00000 0.00000 0.01465 0.98535 ( 4)
  89 S   0.00000 0.00000 0.00364 0.99636 ( 4)
  90 R   0.00000 0.00000 0.00051 0.99949 ( 4)
  91 G   0.00000 0.00000 0.03724 0.96276 ( 4)
  92 T   0.00000 0.00000 0.01355 0.98645 ( 4)
  93 T   0.00000 0.00000 0.00017 0.99983 ( 4)
  94 I   0.00000 0.00000 0.00243 0.99757 ( 4)
  95 S   0.00000 0.00000 0.00020 0.99980 ( 4)
  96 T   0.00000 0.00000 0.00927 0.99073 ( 4)
  97 E   0.00000 0.00000 0.51564 0.48436 ( 3)
  98 S   0.00000 0.00000 0.00042 0.99958 ( 4)
  99 T   0.00000 0.00000 0.00010 0.99990 ( 4)
 100 F   0.00000 0.00000 0.00876 0.99124 ( 4)
 101 S   0.00000 0.00000 0.51025 0.48975 ( 3)
 102 R   0.00000 0.00000 0.57573 0.42427 ( 3)
 103 P   0.00000 0.00000 0.04477 0.95523 ( 4)
 104 N   0.00000 0.00000 0.53490 0.46510 ( 3)
 105 N   0.00000 0.00000 0.68712 0.31288 ( 3)
 106 I   0.00000 0.00000 0.69220 0.30780 ( 3)
 107 I   0.00000 0.00000 0.69220 0.30780 ( 3)
 108 P   0.00000 0.00000 0.64552 0.35448 ( 3)
 109 T   0.00000 0.00000 0.67551 0.32449 ( 3)
 110 D   0.00000 0.00000 0.71398 0.28602 ( 3)
 111 L   0.00000 0.00000 0.61534 0.38466 ( 3)
 112 K   0.00000 0.00000 0.79472 0.20528 ( 3)
 113 Y   0.00000 0.00000 0.72608 0.27392 ( 3)
 114 E   0.00000 0.00000 0.97199 0.02801 ( 3)
 115 E   0.00000 0.00000 0.13054 0.86946 ( 4)
 116 F   0.00000 0.00000 0.98098 0.01902 ( 3)
 117 R   0.00000 0.00000 0.41985 0.58015 ( 4)
 118 Y   0.00000 0.00000 0.95660 0.04340 ( 3)
 119 K   0.00000 0.00000 0.17706 0.82294 ( 4)
 120 D   0.00000 0.00000 0.71398 0.28602 ( 3)
 121 P   0.00000 0.00000 0.64552 0.35448 ( 3)
 122 F   0.00000 0.00000 0.00351 0.99649 ( 4)
 123 D   0.00000 0.00000 0.71398 0.28602 ( 3)
 124 A   0.00000 0.00000 0.07696 0.92304 ( 4)
 125 I   0.00000 0.00000 0.70732 0.29268 ( 3)
 126 V   0.00000 0.00000 0.66440 0.33560 ( 3)
 127 P   0.00000 0.00000 0.54171 0.45829 ( 3)
 128 M   0.00000 0.00000 0.98929 0.01071 ( 3)
 129 R   0.00000 0.00000 0.14918 0.85082 ( 4)
 130 L   0.00000 0.00000 0.10885 0.89115 ( 4)
 131 S   0.00000 0.00000 0.57333 0.42667 ( 3)
 132 S   0.00000 0.00000 0.07443 0.92557 ( 4)
 133 N   0.00000 0.00000 0.96369 0.03631 ( 3)
 134 Q   0.00000 0.00000 0.07977 0.92023 ( 4)
 135 L   0.00000 0.00000 0.04102 0.95898 ( 4)
 136 I   0.00000 0.00000 0.50425 0.49575 ( 3)
 137 T   0.00000 0.00000 0.56619 0.43381 ( 3)
 138 I   0.00000 0.00000 0.20626 0.79374 ( 4)
 139 A   0.00000 0.00000 0.53622 0.46378 ( 3)
 140 I   0.00000 0.00000 0.68057 0.31943 ( 3)
 141 Q   0.00000 0.00000 0.05238 0.94762 ( 4)
 142 P   0.00000 0.00000 0.96705 0.03295 ( 3)
 143 L   0.00000 0.00000 0.55640 0.44360 ( 3)
 144 N   0.00000 0.00000 0.22749 0.77251 ( 4)
 145 M   0.00000 0.00000 0.81158 0.18842 ( 3)
 146 T   0.00000 0.00000 0.07903 0.92097 ( 4)
 147 S   0.00000 0.00000 0.10636 0.89364 ( 4)
 148 N   0.00000 0.00000 0.32577 0.67423 ( 4)
 149 N   0.00000 0.00000 0.96425 0.03575 ( 3)
 150 -   0.00000 0.00000 0.52395 0.47605 ( 3)
 151 -   0.00000 0.00000 0.50144 0.49856 ( 3)
 152 -   0.00000 0.00000 0.52420 0.47580 ( 3)
 153 -   0.00000 0.00000 0.52441 0.47559 ( 3)
 154 Q   0.00000 0.00000 0.00799 0.99201 ( 4)
 155 V   0.00000 0.00000 0.91156 0.08844 ( 3)
 156 I   0.00000 0.00000 0.10657 0.89343 ( 4)
 157 I   0.00000 0.00000 0.53076 0.46924 ( 3)
 158 D   0.00000 0.00000 0.95491 0.04509 ( 3)
 159 R   0.00000 0.00000 0.76112 0.23888 ( 3)
 160 I   0.00000 0.00000 0.47118 0.52882 ( 4)
 161 E   0.00000 0.00000 0.96958 0.03042 ( 3)
 162 I   0.00000 0.00000 0.70732 0.29268 ( 3)
 163 I   0.00000 0.00000 0.70732 0.29268 ( 3)


lnL = -1493.212273

