Supplemental results for CODEML (seqf: algn  treef: tree)


dN/dS (w) for site classes (K=4)

site class             0        1       2a       2b
proportion       0.38872  0.28695  0.18659  0.13774
background w     0.12273  1.00000  0.12273  1.00000
foreground w     0.12273  1.00000  1.00000  1.00000

Naive Empirical Bayes (NEB) probabilities for 4 classes
(amino acids refer to 1st sequence: BT_Cry21Aa1)

   1 -   0.56286 0.11281 0.27018 0.05415 ( 1)
   2 -   0.02323 0.65244 0.01115 0.31318 ( 2)
   3 -   0.65190 0.02377 0.31292 0.01141 ( 1)
   4 -   0.66061 0.01506 0.31710 0.00723 ( 1)
   5 -   0.01235 0.66267 0.00689 0.31809 ( 2)
   6 L   0.03662 0.62179 0.04312 0.29847 ( 2)
   7 K   0.33904 0.00939 0.64705 0.00451 ( 3)
   8 G   0.73646 0.03917 0.20556 0.01880 ( 1)
   9 F   0.37620 0.15450 0.39514 0.07416 ( 3)
  10 P   0.42127 0.00624 0.56949 0.00299 ( 3)
  11 A   0.90691 0.00045 0.09242 0.00022 ( 1)
  12 E   0.91460 0.00071 0.08435 0.00034 ( 1)
  13 K   0.88188 0.00021 0.11780 0.00010 ( 1)
  14 G   0.03545 0.11713 0.79120 0.05622 ( 3)
  15 -   0.12733 0.51171 0.11534 0.24563 ( 2)
  16 -   0.12126 0.49567 0.14514 0.23793 ( 2)
  17 Y   0.02728 0.23463 0.62546 0.11263 ( 3)
  18 G   0.62567 0.00163 0.37192 0.00078 ( 1)
  19 D   0.07986 0.60447 0.02553 0.29015 ( 2)
  20 S   0.11541 0.51776 0.11831 0.24853 ( 2)
  21 I   0.10773 0.05635 0.80887 0.02705 ( 3)
  22 A   0.00593 0.66203 0.01426 0.31778 ( 2)
  23 Y   0.47102 0.02791 0.48767 0.01340 ( 3)
  24 V   0.04488 0.01877 0.92734 0.00901 ( 3)
  25 S   0.07736 0.11149 0.75763 0.05352 ( 3)
  26 E   0.91485 0.00048 0.08443 0.00023 ( 1)
  27 P   0.90139 0.00112 0.09696 0.00054 ( 1)
  28 -   0.68503 0.00826 0.30275 0.00396 ( 1)
  29 -   0.38872 0.28695 0.18659 0.13774 ( 1)
  30 L   0.35081 0.03207 0.60173 0.01539 ( 3)
  31 N   0.90721 0.00081 0.09160 0.00039 ( 1)
  32 G   0.90391 0.00047 0.09539 0.00023 ( 1)
  33 A   0.35546 0.05252 0.56682 0.02521 ( 3)
  34 N   0.58989 0.00067 0.40912 0.00032 ( 1)
  35 A   0.39140 0.06285 0.51559 0.03017 ( 3)
  36 V   0.19240 0.01929 0.77905 0.00926 ( 3)
  37 K   0.61033 0.01407 0.36885 0.00675 ( 1)
  38 L   0.45326 0.01572 0.52348 0.00754 ( 3)
  39 T   0.15689 0.44667 0.18203 0.21441 ( 2)
  40 S   0.00331 0.67071 0.00402 0.32195 ( 2)
  41 Y   0.11679 0.07131 0.77767 0.03423 ( 3)
  42 Q   0.00409 0.60076 0.10678 0.28837 ( 2)
  43 V   0.10718 0.53506 0.10093 0.25683 ( 2)
  44 L   0.31253 0.11864 0.51187 0.05695 ( 3)
  45 Q   0.00000 0.67564 0.00004 0.32431 ( 2)
  46 -   0.38872 0.28695 0.18659 0.13774 ( 1)
  47 -   0.64878 0.02689 0.31142 0.01291 ( 1)
  48 -   0.60663 0.06904 0.29119 0.03314 ( 1)
  49 -   0.66782 0.00785 0.32056 0.00377 ( 1)
  50 -   0.13739 0.53828 0.06595 0.25838 ( 2)
  51 -   0.62036 0.05531 0.29778 0.02655 ( 1)
  52 -   0.13407 0.54160 0.06436 0.25997 ( 2)
  53 -   0.64953 0.02614 0.31178 0.01255 ( 1)
  54 -   0.61913 0.05654 0.29719 0.02714 ( 1)
  55 M   0.01262 0.04896 0.91492 0.02350 ( 3)
  56 E   0.10142 0.38687 0.32601 0.18570 ( 2)
  57 V   0.77178 0.09885 0.08193 0.04745 ( 1)
  58 T   0.88740 0.00265 0.10868 0.00127 ( 1)
  59 N   0.88426 0.01789 0.08926 0.00859 ( 1)
  60 Q   0.06689 0.45454 0.26038 0.21819 ( 2)
  61 T   0.68711 0.15460 0.08407 0.07421 ( 1)
  62 T   0.00396 0.66784 0.00763 0.32057 ( 2)
  63 Q   0.86791 0.00916 0.11854 0.00440 ( 1)
  64 K   0.29576 0.45379 0.03262 0.21783 ( 2)
  65 Y   0.89986 0.00052 0.09938 0.00025 ( 1)
  66 R   0.10535 0.56138 0.06381 0.26947 ( 2)
  67 I   0.22012 0.43208 0.14039 0.20740 ( 2)
  68 R   0.83073 0.01544 0.14643 0.00741 ( 1)
  69 I   0.79799 0.05357 0.12273 0.02571 ( 1)
  70 R   0.89062 0.00031 0.10892 0.00015 ( 1)
  71 Y   0.83338 0.00326 0.16179 0.00157 ( 1)
  72 A   0.91723 0.00014 0.08257 0.00007 ( 1)
  73 T   0.88568 0.00095 0.11291 0.00046 ( 1)
  74 G   0.66114 0.13530 0.13861 0.06495 ( 1)
  75 G   0.03403 0.64691 0.00854 0.31052 ( 2)
  76 D   0.00161 0.67403 0.00081 0.32354 ( 2)
  77 T   0.39545 0.21742 0.28278 0.10436 ( 1)
  78 A   0.00070 0.67463 0.00084 0.32383 ( 2)
  79 A   0.00346 0.67180 0.00227 0.32247 ( 2)
  80 S   0.04294 0.64353 0.00462 0.30890 ( 2)
  81 I   0.00810 0.66106 0.01353 0.31731 ( 2)
  82 W   0.00992 0.66671 0.00334 0.32003 ( 2)
  83 F   0.39557 0.05026 0.53004 0.02413 ( 3)
  84 H   0.00011 0.67553 0.00011 0.32426 ( 2)
  85 I   0.63364 0.19392 0.07936 0.09308 ( 1)
  86 I   0.00040 0.67510 0.00045 0.32405 ( 2)
  87 -   0.00001 0.67566 0.00001 0.32432 ( 2)
  88 -   0.26150 0.42888 0.10375 0.20587 ( 2)
  89 -   0.38872 0.28695 0.18659 0.13774 ( 1)
  90 -   0.38872 0.28695 0.18659 0.13774 ( 1)
  91 -   0.38872 0.28695 0.18659 0.13774 ( 1)
  92 -   0.38872 0.28695 0.18659 0.13774 ( 1)
  93 G   0.00038 0.67441 0.00148 0.32372 ( 2)
  94 P   0.01138 0.65778 0.01510 0.31574 ( 2)
  95 S   0.00108 0.67415 0.00117 0.32360 ( 2)
  96 G   0.00007 0.67554 0.00012 0.32427 ( 2)
  97 N   0.00063 0.67474 0.00074 0.32388 ( 2)
  98 D   0.01260 0.66647 0.00101 0.31991 ( 2)
  99 L   0.00108 0.67481 0.00020 0.32391 ( 2)
 100 T   0.00000 0.67567 0.00000 0.32433 ( 2)
 101 N   0.40917 0.36827 0.04579 0.17677 ( 1)
 102 -   0.38872 0.28695 0.18659 0.13774 ( 1)
 103 -   0.38872 0.28695 0.18659 0.13774 ( 1)
 104 -   0.38872 0.28695 0.18659 0.13774 ( 1)
 105 E   0.00553 0.66822 0.00549 0.32075 ( 2)
 106 G   0.02642 0.59883 0.08731 0.28744 ( 2)
 107 H   0.00042 0.67357 0.00270 0.32332 ( 2)
 108 N   0.00000 0.67567 0.00000 0.32433 ( 2)
 109 F   0.00027 0.67545 0.00006 0.32422 ( 2)
 110 S   0.04737 0.63525 0.01245 0.30493 ( 2)
 111 S   0.01177 0.66150 0.00920 0.31753 ( 2)
 112 V   0.38872 0.28695 0.18659 0.13774 ( 1)
 113 S   0.00527 0.67107 0.00155 0.32212 ( 2)
 114 S   0.40900 0.05895 0.50376 0.02830 ( 3)
 115 R   0.00329 0.66949 0.00585 0.32136 ( 2)
 116 N   0.66369 0.00041 0.33570 0.00020 ( 1)
 117 K   0.46437 0.02884 0.49295 0.01384 ( 3)
 118 M   0.93961 0.00014 0.06018 0.00007 ( 1)
 119 F   0.56402 0.01699 0.41084 0.00815 ( 1)
 120 V   0.06926 0.06848 0.82940 0.03287 ( 3)
 121 Q   0.85906 0.00288 0.13667 0.00138 ( 1)
 122 G   0.88933 0.02420 0.07486 0.01162 ( 1)
 123 N   0.47128 0.08318 0.40561 0.03993 ( 1)
 124 N   0.89638 0.00225 0.10028 0.00108 ( 1)
 125 G   0.82495 0.02000 0.14545 0.00960 ( 1)
 126 K   0.67682 0.16791 0.07468 0.08060 ( 1)
 127 Y   0.89961 0.00076 0.09927 0.00036 ( 1)
 128 V   0.34138 0.42139 0.03496 0.20227 ( 2)
 129 L   0.65502 0.15052 0.12221 0.07225 ( 1)
 130 N   0.01507 0.56013 0.15593 0.26887 ( 2)
 131 I   0.28248 0.42930 0.08215 0.20607 ( 2)
 132 L   0.28363 0.35929 0.18462 0.17246 ( 2)
 133 T   0.00034 0.67491 0.00079 0.32396 ( 2)
 134 D   0.87660 0.00585 0.11473 0.00281 ( 1)
 135 -   0.00547 0.67020 0.00262 0.32170 ( 2)
 136 -   0.66914 0.00653 0.32119 0.00314 ( 1)
 137 -   0.04704 0.62863 0.02258 0.30175 ( 2)
 138 S   0.41702 0.10708 0.42451 0.05140 ( 3)
 139 I   0.88481 0.00379 0.10959 0.00182 ( 1)
 140 E   0.11419 0.59139 0.01054 0.28387 ( 2)
 141 L   0.72935 0.10182 0.11996 0.04887 ( 1)
 142 P   0.78843 0.08113 0.09149 0.03894 ( 1)
 143 S   0.49481 0.29295 0.07162 0.14062 ( 1)
 144 G   0.53774 0.21305 0.14694 0.10227 ( 1)
 145 Q   0.16817 0.44163 0.17820 0.21199 ( 2)
 146 Q   0.03961 0.64270 0.00919 0.30850 ( 2)
 147 T   0.08484 0.24682 0.54987 0.11848 ( 3)
 148 -   0.66928 0.00639 0.32126 0.00307 ( 1)
 149 -   0.62440 0.05127 0.29972 0.02461 ( 1)
 150 -   0.02671 0.64896 0.01282 0.31151 ( 2)
 151 I   0.88892 0.00035 0.11056 0.00017 ( 1)
 152 L   0.00035 0.66944 0.00887 0.32134 ( 2)
 153 I   0.36207 0.40039 0.04535 0.19219 ( 2)
 154 Q   0.00144 0.66455 0.01501 0.31899 ( 2)
 155 N   0.90791 0.00031 0.09164 0.00015 ( 1)
 156 T   0.00097 0.67448 0.00079 0.32376 ( 2)
 157 N   0.00073 0.67327 0.00282 0.32318 ( 2)
 158 -   0.55849 0.11718 0.26808 0.05625 ( 1)
 159 S   0.00991 0.66588 0.00458 0.31963 ( 2)
 160 Q   0.18059 0.52891 0.03662 0.25388 ( 2)
 161 D   0.10139 0.59826 0.01318 0.28717 ( 2)
 162 L   0.74786 0.10708 0.09366 0.05140 ( 1)
 163 F   0.48549 0.00340 0.50947 0.00163 ( 3)
 164 L   0.85863 0.00165 0.13893 0.00079 ( 1)
 165 D   0.92481 0.00052 0.07441 0.00025 ( 1)
 166 R   0.77874 0.00122 0.21946 0.00058 ( 1)
 167 I   0.86477 0.01834 0.10809 0.00880 ( 1)
 168 E   0.91540 0.00010 0.08445 0.00005 ( 1)
 169 -   0.91031 0.00441 0.08316 0.00212 ( 1)
 170 -   0.90325 0.00101 0.09525 0.00049 ( 1)
 171 -   0.45022 0.22545 0.21611 0.10822 ( 1)


lnL = -3255.725445

