Supplemental results for CODEML (seqf: algn  treef: tree)


dN/dS (w) for site classes (K=4)

site class             0        1       2a       2b
proportion       0.26657  0.34203  0.17143  0.21996
background w     0.07809  1.00000  0.07809  1.00000
foreground w     0.07809  1.00000  1.00000  1.00000

Naive Empirical Bayes (NEB) probabilities for 4 classes
(amino acids refer to 1st sequence: BT_Cry40Aa1)

   1 P   0.00047 0.60813 0.00031 0.39109 ( 2)
   2 T   0.11085 0.50078 0.06631 0.32205 ( 2)
   3 H   0.00269 0.60376 0.00527 0.38828 ( 2)
   4 V   0.09817 0.51304 0.05885 0.32994 ( 2)
   5 E   0.58387 0.03629 0.35650 0.02334 ( 1)
   6 L   0.57289 0.04640 0.35087 0.02984 ( 1)
   7 T   0.58209 0.04904 0.33733 0.03154 ( 1)
   8 R   0.57830 0.04141 0.35366 0.02663 ( 1)
   9 E   0.62208 0.00667 0.36696 0.00429 ( 1)
  10 I   0.30379 0.31701 0.17533 0.20387 ( 2)
  11 Y   0.62635 0.00438 0.36645 0.00282 ( 1)
  12 T   0.61118 0.01412 0.36561 0.00908 ( 1)
  13 D   0.63501 0.00178 0.36207 0.00114 ( 1)
  14 P   0.36789 0.24867 0.22353 0.15992 ( 1)
  15 V   0.51264 0.10236 0.31918 0.06583 ( 1)
  16 G   0.59762 0.02523 0.36093 0.01622 ( 1)
  17 Y   0.57182 0.05699 0.33455 0.03665 ( 1)
  18 S   0.02625 0.58279 0.01616 0.37480 ( 2)
  19 S   0.00072 0.60789 0.00045 0.39094 ( 2)
  20 G   0.08303 0.52756 0.05014 0.33927 ( 2)
  21 T   0.00062 0.60801 0.00036 0.39101 ( 2)
  22 Y   0.05201 0.55843 0.03043 0.35913 ( 2)
  23 -   0.27743 0.33117 0.17842 0.21298 ( 2)
  24 S   0.00264 0.60605 0.00155 0.38976 ( 2)
  25 W   0.53061 0.08533 0.32919 0.05488 ( 1)
  26 L   0.00105 0.60759 0.00062 0.39074 ( 2)
  27 K   0.00044 0.60816 0.00028 0.39111 ( 2)
  28 Y   0.00000 0.60860 0.00000 0.39139 ( 2)
  29 W   0.01790 0.59137 0.01042 0.38031 ( 2)
  30 T   0.00103 0.60759 0.00064 0.39074 ( 2)
  31 G   0.01170 0.59690 0.00753 0.38387 ( 2)
  32 A   0.00056 0.60805 0.00036 0.39104 ( 2)
  33 F   0.62902 0.00306 0.36596 0.00197 ( 1)
  34 N   0.63770 0.00090 0.36082 0.00058 ( 1)
  35 T   0.00014 0.60846 0.00009 0.39130 ( 2)
  36 L   0.08794 0.14060 0.68103 0.09042 ( 3)
  37 E   0.62193 0.00681 0.36688 0.00438 ( 1)
  38 A   0.62341 0.00465 0.36894 0.00299 ( 1)
  39 N   0.62191 0.01595 0.35188 0.01026 ( 1)
  40 G   0.59988 0.02302 0.36230 0.01480 ( 1)
  41 T   0.61118 0.01412 0.36561 0.00908 ( 1)
  42 R   0.43970 0.17240 0.27704 0.11087 ( 1)
  43 G   0.59988 0.02302 0.36230 0.01480 ( 1)
  44 P   0.61988 0.00780 0.36730 0.00502 ( 1)
  45 G   0.62843 0.00408 0.36487 0.00262 ( 1)
  46 L   0.57332 0.04598 0.35113 0.02957 ( 1)
  47 V   0.62900 0.00328 0.36562 0.00211 ( 1)
  48 T   0.63004 0.00295 0.36511 0.00190 ( 1)
  49 W   0.00248 0.60615 0.00154 0.38982 ( 2)
  50 L   0.61856 0.00863 0.36725 0.00555 ( 1)
  51 R   0.00000 0.60860 0.00000 0.39140 ( 2)
  52 -   0.26657 0.34203 0.17143 0.21996 ( 2)
  53 S   0.00000 0.60860 0.00000 0.39140 ( 2)
  54 I   0.50366 0.11997 0.29922 0.07715 ( 1)
  55 G   0.59749 0.03864 0.33903 0.02485 ( 1)
  56 I   0.61737 0.00965 0.36678 0.00620 ( 1)
  57 Y   0.56096 0.06745 0.32820 0.04338 ( 1)
  58 N   0.28588 0.33538 0.16305 0.21569 ( 2)
  59 E   0.02904 0.58062 0.01695 0.37340 ( 2)
  60 Y   0.00000 0.60860 0.00000 0.39139 ( 2)
  61 V   0.00859 0.56509 0.06291 0.36341 ( 2)
  62 -   0.00000 0.60860 0.00000 0.39139 ( 2)
  63 -   0.00000 0.60860 0.00001 0.39139 ( 2)
  64 -   0.39150 0.21710 0.25178 0.13962 ( 1)
  65 -   0.06086 0.54775 0.03914 0.35226 ( 2)
  66 -   0.34381 0.26479 0.22111 0.17029 ( 1)
  67 -   0.00413 0.60447 0.00266 0.38874 ( 2)
  68 -   0.09618 0.51243 0.06185 0.32954 ( 2)
  69 -   0.00062 0.60799 0.00040 0.39100 ( 2)
  70 S   0.00000 0.60860 0.00000 0.39139 ( 2)
  71 R   0.00000 0.60860 0.00000 0.39140 ( 2)
  72 Y   0.22723 0.38940 0.13295 0.25042 ( 2)
  73 F   0.52515 0.09923 0.31180 0.06382 ( 1)
  74 S   0.00001 0.60859 0.00001 0.39139 ( 2)
  75 G   0.43536 0.17659 0.27448 0.11357 ( 1)
  76 W   0.53061 0.08533 0.32919 0.05488 ( 1)
  77 V   0.03561 0.57361 0.02189 0.36889 ( 2)
  78 G   0.59629 0.02652 0.36013 0.01706 ( 1)
  79 T   0.59013 0.04131 0.34198 0.02657 ( 1)
  80 R   0.61775 0.00955 0.36655 0.00614 ( 1)
  81 H   0.62848 0.00320 0.36626 0.00206 ( 1)
  82 Y   0.56914 0.05957 0.33298 0.03831 ( 1)
  83 E   0.62208 0.00667 0.36696 0.00429 ( 1)
  84 D   0.00026 0.60835 0.00016 0.39123 ( 2)
  85 Y   0.08074 0.16387 0.65000 0.10538 ( 3)
  86 T   0.61118 0.01412 0.36561 0.00908 ( 1)
  87 T   0.00013 0.60848 0.00008 0.39132 ( 2)
  88 G   0.58579 0.04508 0.34013 0.02899 ( 1)
  89 N   0.01648 0.59238 0.01017 0.38096 ( 2)
  90 G   0.27538 0.34369 0.15989 0.22103 ( 2)
  91 N   0.00319 0.60553 0.00186 0.38942 ( 2)
  92 F   0.51517 0.11265 0.29973 0.07245 ( 1)
  93 Q   0.06080 0.54916 0.03687 0.35317 ( 2)
  94 R   0.61898 0.00836 0.36728 0.00538 ( 1)
  95 M   0.11197 0.49953 0.06724 0.32125 ( 2)
  96 S   0.62392 0.00560 0.36688 0.00360 ( 1)
  97 G   0.59988 0.02302 0.36230 0.01480 ( 1)
  98 T   0.62953 0.00344 0.36482 0.00221 ( 1)
  99 T   0.51738 0.09787 0.32181 0.06294 ( 1)
 100 S   0.63575 0.00116 0.36234 0.00075 ( 1)
 101 N   0.63770 0.00090 0.36082 0.00058 ( 1)
 102 D   0.12202 0.00332 0.87252 0.00214 ( 3)
 103 L   0.00024 0.60837 0.00014 0.39125 ( 2)
 104 R   0.00115 0.60747 0.00072 0.39066 ( 2)
 105 D   0.00002 0.60859 0.00001 0.39139 ( 2)
 106 I   0.00513 0.60368 0.00296 0.38823 ( 2)
 107 S   0.00002 0.60854 0.00009 0.39135 ( 2)
 108 F   0.61742 0.01363 0.36017 0.00877 ( 1)
 109 P   0.00000 0.60860 0.00000 0.39140 ( 2)
 110 N   0.00398 0.60481 0.00225 0.38895 ( 2)
 111 S   0.00001 0.60859 0.00001 0.39139 ( 2)
 112 D   0.01163 0.59751 0.00660 0.38426 ( 2)
 113 I   0.01241 0.59656 0.00737 0.38365 ( 2)
 114 F   0.58747 0.04305 0.34179 0.02769 ( 1)
 115 K   0.19248 0.42252 0.11327 0.27173 ( 2)
 116 I   0.63171 0.00228 0.36454 0.00147 ( 1)
 117 E   0.00000 0.60860 0.00000 0.39140 ( 2)
 118 S   0.55817 0.05982 0.34354 0.03847 ( 1)
 119 K   0.00008 0.60853 0.00005 0.39135 ( 2)
 120 A   0.57792 0.05266 0.33555 0.03387 ( 1)
 121 I   0.23132 0.38408 0.13760 0.24700 ( 2)
 122 M   0.00000 0.60860 0.00000 0.39140 ( 2)
 123 N   0.00000 0.60860 0.00000 0.39140 ( 2)
 124 L   0.00007 0.60823 0.00054 0.39116 ( 2)
 125 V   0.00000 0.60860 0.00000 0.39140 ( 2)
 126 G   0.00001 0.60860 0.00000 0.39139 ( 2)
 127 E   0.00013 0.60847 0.00008 0.39131 ( 2)
 128 I   0.00015 0.60846 0.00009 0.39131 ( 2)
 129 N   0.00000 0.60860 0.00000 0.39139 ( 2)
 130 -   0.03527 0.57458 0.02064 0.36952 ( 2)
 131 -   0.26657 0.34203 0.17143 0.21996 ( 2)
 132 -   0.00490 0.60371 0.00315 0.38825 ( 2)
 133 -   0.44669 0.16192 0.28727 0.10413 ( 1)
 134 A   0.00594 0.60276 0.00366 0.38764 ( 2)
 135 R   0.00022 0.60838 0.00014 0.39125 ( 2)
 136 P   0.00342 0.60526 0.00208 0.38925 ( 2)
 137 E   0.01216 0.59654 0.00766 0.38364 ( 2)
 138 Y   0.02952 0.55802 0.05359 0.35887 ( 2)
 139 R   0.07725 0.20182 0.59113 0.12979 ( 3)
 140 V   0.30506 0.31491 0.17751 0.20252 ( 2)
 141 S   0.55420 0.06372 0.34110 0.04098 ( 1)
 142 R   0.07950 0.53151 0.04717 0.34182 ( 2)
 143 A   0.45066 0.17004 0.26995 0.10935 ( 1)
 144 E   0.21198 0.40349 0.12504 0.25949 ( 2)
 145 F   0.62902 0.00306 0.36596 0.00197 ( 1)
 146 S   0.00001 0.60859 0.00001 0.39139 ( 2)
 147 E   0.00000 0.60860 0.00000 0.39140 ( 2)
 148 S   0.01012 0.59876 0.00605 0.38506 ( 2)
 149 T   0.00004 0.60857 0.00002 0.39137 ( 2)
 150 -   0.26657 0.34203 0.17143 0.21996 ( 2)
 151 A   0.00001 0.60859 0.00001 0.39139 ( 2)
 152 F   0.00001 0.60859 0.00002 0.39139 ( 2)
 153 I   0.00051 0.60812 0.00029 0.39108 ( 2)
 154 Y   0.00000 0.60860 0.00000 0.39140 ( 2)
 155 L   0.00005 0.60855 0.00003 0.39136 ( 2)
 156 Y   0.62635 0.00438 0.36645 0.00282 ( 1)
 157 D   0.04354 0.56591 0.02662 0.36394 ( 2)
 158 A   0.00058 0.60734 0.00149 0.39058 ( 2)
 159 G   0.01958 0.58934 0.01208 0.37900 ( 2)
 160 N   0.60240 0.03298 0.34341 0.02121 ( 1)
 161 S   0.00077 0.60786 0.00045 0.39092 ( 2)
 162 -   0.26657 0.34203 0.17143 0.21996 ( 2)
 163 G   0.51442 0.10067 0.32017 0.06474 ( 1)
 164 L   0.00000 0.60860 0.00000 0.39140 ( 2)
 165 S   0.00006 0.60854 0.00004 0.39136 ( 2)
 166 S   0.00003 0.60857 0.00002 0.39138 ( 2)
 167 M   0.29146 0.31714 0.18744 0.20395 ( 2)
 168 T   0.61118 0.01412 0.36561 0.00908 ( 1)
 169 I   0.59807 0.03457 0.34513 0.02223 ( 1)
 170 T   0.16990 0.44421 0.10022 0.28567 ( 2)
 171 S   0.62392 0.00560 0.36688 0.00360 ( 1)
 172 K   0.00036 0.60825 0.00023 0.39117 ( 2)
 173 L   0.28866 0.32533 0.17679 0.20922 ( 2)
 174 P   0.58470 0.03654 0.35526 0.02350 ( 1)
 175 G   0.27624 0.34287 0.16039 0.22050 ( 2)
 176 I   0.00024 0.60837 0.00014 0.39125 ( 2)
 177 K   0.00000 0.60860 0.00000 0.39140 ( 2)
 178 N   0.00024 0.60837 0.00014 0.39125 ( 2)
 179 P   0.00002 0.60858 0.00001 0.39138 ( 2)
 180 E   0.00000 0.60860 0.00000 0.39139 ( 2)
 181 -   0.33880 0.27712 0.20586 0.17822 ( 1)
 182 P   0.60557 0.02167 0.35883 0.01394 ( 1)
 183 S   0.07685 0.53517 0.04380 0.34417 ( 2)
 184 Y   0.00000 0.60860 0.00000 0.39140 ( 2)
 185 R   0.00000 0.60860 0.00000 0.39139 ( 2)
 186 D   0.35578 0.26859 0.20290 0.17273 ( 1)
 187 Y   0.00984 0.59883 0.00622 0.38511 ( 2)
 188 S   0.55177 0.07534 0.32445 0.04845 ( 1)
 189 H   0.58560 0.04451 0.34127 0.02862 ( 1)
 190 R   0.15350 0.45962 0.09130 0.29558 ( 2)
 191 L   0.57332 0.04598 0.35113 0.02957 ( 1)
 192 S   0.56925 0.04892 0.35036 0.03146 ( 1)
 193 N   0.63770 0.00090 0.36082 0.00058 ( 1)
 194 A   0.51436 0.10073 0.32013 0.06478 ( 1)
 195 A   0.60998 0.01499 0.36539 0.00964 ( 1)
 196 C   0.62576 0.00456 0.36675 0.00293 ( 1)
 197 V   0.62761 0.00462 0.36481 0.00297 ( 1)
 198 G   0.00037 0.60825 0.00022 0.39117 ( 2)
 199 A   0.00000 0.60860 0.00000 0.39139 ( 2)
 200 -   0.26657 0.34203 0.17143 0.21996 ( 2)
 201 -   0.26657 0.34203 0.17143 0.21996 ( 2)
 202 G   0.00018 0.60843 0.00010 0.39129 ( 2)
 203 N   0.00094 0.60767 0.00059 0.39080 ( 2)
 204 S   0.00746 0.60119 0.00472 0.38663 ( 2)
 205 R   0.13412 0.47334 0.08813 0.30441 ( 2)
 206 I   0.04328 0.56692 0.02521 0.36459 ( 2)
 207 N   0.23289 0.37939 0.14373 0.24399 ( 2)
 208 V   0.60932 0.01546 0.36527 0.00994 ( 1)
 209 Y   0.19367 0.42193 0.11305 0.27135 ( 2)
 210 G   0.62945 0.00310 0.36546 0.00199 ( 1)
 211 W   0.53061 0.08533 0.32919 0.05488 ( 1)
 212 T   0.44270 0.17801 0.26482 0.11448 ( 1)
 213 H   0.62848 0.00320 0.36626 0.00206 ( 1)
 214 -   0.53456 0.07404 0.34378 0.04762 ( 1)


lnL = -3330.312820

