Supplemental results for CODEML (seqf: algn  treef: tree)


dN/dS (w) for site classes (K=4)

site class             0        1       2a       2b
proportion       0.24778  0.63206  0.03384  0.08631
background w     0.07605  1.00000  0.07605  1.00000
foreground w     0.07605  1.00000 999.00000 999.00000

Naive Empirical Bayes (NEB) probabilities for 4 classes
(amino acids refer to 1st sequence: BT_Cry32Ja1)

   1 P   0.20530 0.45398 0.27676 0.06396 ( 2)
   2 T   0.91809 0.05918 0.01830 0.00443 ( 1)
   3 K   0.98725 0.00205 0.01065 0.00005 ( 1)
   4 S   0.84109 0.13182 0.01943 0.00766 ( 1)
   5 Q   0.99521 0.00219 0.00259 0.00001 ( 1)
   6 L   0.99579 0.00027 0.00393 0.00000 ( 1)
   7 T   0.99407 0.00058 0.00535 0.00001 ( 1)
   8 R   0.95062 0.00107 0.04826 0.00005 ( 1)
   9 T   0.00027 0.98889 0.00001 0.01083 ( 2)
  10 V   0.24459 0.74307 0.00138 0.01096 ( 2)
  11 Y   0.99344 0.00115 0.00539 0.00003 ( 1)
  12 T   0.99459 0.00071 0.00469 0.00001 ( 1)
  13 P   0.00002 0.78603 0.00003 0.21393 ( 2)
  14 F   0.00126 0.86071 0.00026 0.13777 ( 2)
  15 V   0.00012 0.70444 0.00186 0.29358 ( 2)
  16 L   0.00052 0.78670 0.07303 0.13975 ( 2)
  17 S   0.00000 0.66741 0.00019 0.33239 ( 2)
  18 Y   0.00575 0.87410 0.00079 0.11937 ( 2)
  19 P   0.02821 0.85164 0.00385 0.11630 ( 2)
  20 T   0.00910 0.87075 0.00124 0.11891 ( 2)
  21 -   0.26643 0.61342 0.03638 0.08377 ( 2)
  22 -   0.31377 0.56608 0.04285 0.07730 ( 2)
  23 -   0.31205 0.56779 0.04261 0.07754 ( 2)
  24 -   0.28764 0.59221 0.03928 0.08087 ( 2)
  25 -   0.30175 0.57809 0.04121 0.07894 ( 2)
  26 -   0.25817 0.62168 0.03526 0.08490 ( 2)
  27 -   0.27922 0.60063 0.03813 0.08202 ( 2)
  28 -   0.29726 0.58259 0.04059 0.07956 ( 2)
  29 -   0.29726 0.58259 0.04059 0.07956 ( 2)
  30 P   0.05021 0.82964 0.00686 0.11330 ( 2)
  31 N   0.01097 0.86888 0.00150 0.11865 ( 2)
  32 L   0.00377 0.82842 0.00048 0.16732 ( 2)
  33 P   0.00639 0.84774 0.00661 0.13927 ( 2)
  34 L   0.00000 0.87038 0.00016 0.12945 ( 2)
  35 I   0.98130 0.01400 0.00431 0.00039 ( 1)
  36 S   0.00031 0.91617 0.00001 0.08351 ( 2)
  37 E   0.00009 0.64253 0.00047 0.35690 ( 2)
  38 I   0.00284 0.86349 0.02538 0.10828 ( 2)
  39 E   0.07641 0.80125 0.06981 0.05253 ( 2)
  40 S   0.00001 0.80828 0.00167 0.19004 ( 2)
  41 Q   0.00002 0.89634 0.00001 0.10363 ( 2)
  42 V   0.00009 0.05839 0.76796 0.17356 ( 3)
  43 V   0.01095 0.53727 0.29681 0.15498 ( 2)
  44 V   0.00012 0.28114 0.37130 0.34744 ( 3)
  45 P   0.99557 0.00051 0.00391 0.00001 ( 1)
  46 P   0.98440 0.01338 0.00216 0.00006 ( 1)
  47 S   0.58894 0.39844 0.00320 0.00942 ( 1)
  48 L   0.99375 0.00313 0.00310 0.00002 ( 1)
  49 F   0.99575 0.00002 0.00423 0.00000 ( 1)
  50 S   0.01104 0.97863 0.00004 0.01029 ( 2)
  51 W   0.99759 0.00135 0.00106 0.00000 ( 1)
  52 L   0.96790 0.02872 0.00322 0.00017 ( 1)
  53 F   0.02310 0.85988 0.01117 0.10586 ( 2)
  54 L   0.00496 0.98813 0.00002 0.00689 ( 2)
  55 I   0.05665 0.82031 0.03721 0.08582 ( 2)
  56 E   0.00010 0.96915 0.00000 0.03075 ( 2)
  57 S   0.06842 0.74314 0.05155 0.13690 ( 2)
  58 Y   0.99282 0.00129 0.00583 0.00006 ( 1)
  59 T   0.06715 0.91509 0.00371 0.01405 ( 2)
  60 E   0.00154 0.94836 0.00004 0.05006 ( 2)
  61 K   0.00000 0.91307 0.00002 0.08691 ( 2)
  62 A   0.00002 0.80497 0.00006 0.19495 ( 2)
  63 A   0.00001 0.92532 0.00001 0.07466 ( 2)
  64 Q   0.00082 0.93658 0.00067 0.06193 ( 2)
  65 D   0.00000 0.75024 0.00046 0.24929 ( 2)
  66 -   0.24778 0.63206 0.03384 0.08631 ( 2)
  67 -   0.24778 0.63206 0.03384 0.08631 ( 2)
  68 -   0.01566 0.83830 0.05000 0.09604 ( 2)
  69 K   0.00011 0.82854 0.00048 0.17087 ( 2)
  70 E   0.00014 0.61576 0.00003 0.38407 ( 2)
  71 C   0.00000 0.96451 0.00000 0.03548 ( 2)
  72 L   0.00001 0.59790 0.00006 0.40204 ( 2)
  73 T   0.00030 0.99746 0.00000 0.00224 ( 2)
  74 G   0.00009 0.61896 0.03888 0.34207 ( 2)
  75 Q   0.00584 0.99109 0.00001 0.00306 ( 2)
  76 R   0.00005 0.92547 0.00002 0.07446 ( 2)
  77 Q   0.00001 0.72685 0.00027 0.27288 ( 2)
  78 A   0.00075 0.95512 0.00001 0.04412 ( 2)
  79 F   0.85083 0.13978 0.00597 0.00342 ( 1)
  80 A   0.00020 0.97989 0.00000 0.01991 ( 2)
  81 Y   0.00054 0.98905 0.00000 0.01041 ( 2)
  82 T   0.14522 0.72299 0.02664 0.10515 ( 2)
  83 T   0.00015 0.80448 0.00015 0.19522 ( 2)
  84 G   0.00003 0.50312 0.09411 0.40275 ( 2)
  85 R   0.00000 0.94219 0.00000 0.05780 ( 2)
  86 D   0.55899 0.42099 0.00410 0.01592 ( 1)
  87 L   0.00085 0.96587 0.00007 0.03321 ( 2)
  88 F   0.00000 0.51375 0.00004 0.48621 ( 2)
  89 Q   0.00228 0.91655 0.00085 0.08032 ( 2)
  90 E   0.00183 0.87730 0.00015 0.12072 ( 2)
  91 F   0.00309 0.98702 0.00005 0.00984 ( 2)
  92 K   0.00040 0.84051 0.00098 0.15811 ( 2)
  93 -   0.24778 0.63206 0.03384 0.08631 ( 2)
  94 -   0.00722 0.73924 0.07905 0.17449 ( 2)
  95 G   0.16345 0.82229 0.00086 0.01339 ( 2)
  96 N   0.15987 0.79164 0.00252 0.04597 ( 2)
  97 L   0.00035 0.96935 0.00003 0.03027 ( 2)
  98 N   0.00000 0.94889 0.00015 0.05096 ( 2)
  99 G   0.00004 0.80413 0.00001 0.19582 ( 2)
 100 T   0.00002 0.98713 0.00000 0.01285 ( 2)
 101 Y   0.00000 0.76080 0.00002 0.23918 ( 2)
 102 R   0.00008 0.79837 0.01802 0.18353 ( 2)
 103 G   0.00569 0.96452 0.00013 0.02966 ( 2)
 104 Q   0.00000 0.87052 0.00001 0.12947 ( 2)
 105 L   0.00000 0.97098 0.00001 0.02901 ( 2)
 106 V   0.83791 0.14974 0.00736 0.00499 ( 1)
 107 A   0.00136 0.94515 0.00007 0.05342 ( 2)
 108 E   0.00809 0.87894 0.00069 0.11228 ( 2)
 109 P   0.05028 0.89785 0.00113 0.05074 ( 2)
 110 G   0.00178 0.93677 0.00005 0.06140 ( 2)
 111 L   0.95558 0.03525 0.00785 0.00131 ( 1)
 112 G   0.09605 0.70950 0.10786 0.08659 ( 2)
 113 Q   0.01602 0.86383 0.00219 0.11796 ( 2)
 114 Y   0.24778 0.63206 0.03384 0.08631 ( 2)
 115 V   0.01871 0.90154 0.00741 0.07235 ( 2)
 116 W   0.00001 0.82144 0.00022 0.17833 ( 2)
 117 A   0.18353 0.75731 0.00971 0.04945 ( 2)
 118 I   0.00073 0.75518 0.00211 0.24198 ( 2)
 119 E   0.20482 0.72372 0.01852 0.05293 ( 2)
 120 L   0.96789 0.01711 0.01428 0.00072 ( 1)
 121 Y   0.96393 0.03012 0.00522 0.00072 ( 1)
 122 G   0.00039 0.95217 0.00003 0.04741 ( 2)
 123 S   0.00632 0.95779 0.00087 0.03502 ( 2)
 124 G   0.00026 0.77502 0.00643 0.21829 ( 2)
 125 Y   0.78339 0.19492 0.01068 0.01100 ( 1)
 126 L   0.03256 0.92942 0.00024 0.03777 ( 2)
 127 -   0.24778 0.63206 0.03384 0.08631 ( 2)
 128 -   0.24778 0.63206 0.03384 0.08631 ( 2)
 129 -   0.24778 0.63206 0.03384 0.08631 ( 2)
 130 W   0.00000 0.92652 0.00000 0.07348 ( 2)
 131 D   0.00001 0.84496 0.00001 0.15503 ( 2)
 132 G   0.00986 0.85751 0.00342 0.12920 ( 2)
 133 Y   0.00004 0.00015 0.99932 0.00049 ( 3)
 134 P   0.00005 0.60292 0.00091 0.39612 ( 2)
 135 Y   0.00003 0.96993 0.00000 0.03003 ( 2)
 136 L   0.00072 0.97650 0.00001 0.02277 ( 2)
 137 H   0.00003 0.89092 0.00000 0.10904 ( 2)
 138 N   0.00405 0.89595 0.00023 0.09977 ( 2)
 139 L   0.00001 0.96131 0.00000 0.03868 ( 2)
 140 G   0.00011 0.43807 0.00015 0.56167 ( 4)
 141 -   0.00728 0.87257 0.00099 0.11916 ( 2)
 142 -   0.26557 0.61428 0.03627 0.08389 ( 2)
 143 -   0.42857 0.45127 0.05853 0.06163 ( 2)
 144 -   0.14933 0.73052 0.02039 0.09976 ( 2)
 145 -   0.04011 0.95007 0.00012 0.00970 ( 2)
 146 F   0.00008 0.95982 0.00000 0.04010 ( 2)
 147 F   0.00073 0.93777 0.00028 0.06122 ( 2)
 148 N   0.00006 0.90032 0.00009 0.09953 ( 2)
 149 F   0.99550 0.00027 0.00423 0.00001 ( 1)
 150 K   0.04021 0.89973 0.00252 0.05754 ( 2)
 151 L   0.98286 0.01234 0.00454 0.00026 ( 1)
 152 T   0.96403 0.01409 0.02094 0.00094 ( 1)
 153 -   0.04852 0.83133 0.00663 0.11353 ( 2)
 154 -   0.96488 0.03185 0.00309 0.00019 ( 1)
 155 -   0.74882 0.22473 0.01147 0.01498 ( 1)
 156 N   0.00002 0.96960 0.00000 0.03038 ( 2)
 157 S   0.00378 0.90236 0.00018 0.09367 ( 2)
 158 E   0.00011 0.95976 0.00001 0.04013 ( 2)
 159 D   0.00000 0.94607 0.00000 0.05393 ( 2)
 160 Q   0.00357 0.96377 0.00004 0.03262 ( 2)
 161 K   0.01719 0.97147 0.00010 0.01124 ( 2)
 162 I   0.00048 0.93281 0.00001 0.06671 ( 2)
 163 H   0.00303 0.93230 0.00068 0.06399 ( 2)
 164 V   0.28819 0.68085 0.00218 0.02878 ( 2)
 165 S   0.25436 0.73569 0.00104 0.00890 ( 2)
 166 P   0.00053 0.97372 0.00000 0.02575 ( 2)
 167 G   0.00027 0.98940 0.00000 0.01032 ( 2)
 168 D   0.00651 0.92477 0.00044 0.06828 ( 2)
 169 I   0.21804 0.74833 0.00334 0.03030 ( 2)
 170 V   0.00052 0.59247 0.02417 0.38284 ( 2)
 171 D   0.00838 0.92488 0.00038 0.06637 ( 2)
 172 G   0.00769 0.97420 0.00005 0.01806 ( 2)
 173 T   0.00008 0.57232 0.01530 0.41231 ( 2)
 174 T   0.00025 0.71601 0.00223 0.28151 ( 2)
 175 A   0.00561 0.93896 0.00014 0.05529 ( 2)
 176 I   0.00260 0.87029 0.01344 0.11367 ( 2)
 177 L   0.00831 0.97527 0.00003 0.01638 ( 2)
 178 G   0.98333 0.01381 0.00280 0.00006 ( 1)
 179 L   0.44442 0.54171 0.00391 0.00996 ( 2)
 180 P   0.94060 0.04328 0.01490 0.00122 ( 1)
 181 C   0.99630 0.00034 0.00336 0.00000 ( 1)
 182 K   0.03112 0.91124 0.00129 0.05635 ( 2)
 183 P   0.00062 0.42739 0.05098 0.52100 ( 4)
 184 N   0.20147 0.50193 0.19574 0.10086 ( 2)
 185 N   0.04800 0.90744 0.01068 0.03388 ( 2)
 186 N   0.00387 0.88716 0.00054 0.10843 ( 2)
 187 D   0.01807 0.96582 0.00009 0.01602 ( 2)
 188 -   0.00454 0.82002 0.01873 0.15671 ( 2)
 189 C   0.99630 0.00034 0.00336 0.00000 ( 1)
 190 D   0.64333 0.10290 0.24340 0.01038 ( 1)
 191 P   0.98867 0.00755 0.00368 0.00011 ( 1)
 192 C   0.99630 0.00034 0.00336 0.00000 ( 1)
 193 -   0.00009 0.83788 0.00122 0.16081 ( 2)
 194 -   0.02660 0.85325 0.00363 0.11652 ( 2)
 195 -   0.24778 0.63206 0.03384 0.08631 ( 2)
 196 N   0.91474 0.03932 0.04279 0.00315 ( 1)
 197 P   0.01894 0.88521 0.00136 0.09449 ( 2)
 198 C   0.99641 0.00017 0.00342 0.00000 ( 1)
 199 N   0.00000 0.90333 0.00000 0.09667 ( 2)
 200 T   0.00006 0.54039 0.00997 0.44958 ( 2)
 201 L   0.02799 0.94342 0.00047 0.02812 ( 2)
 202 P   0.00000 0.46593 0.00034 0.53373 ( 4)
 203 I   0.00035 0.87950 0.00005 0.12010 ( 2)
 204 N   0.99012 0.00045 0.00942 0.00002 ( 1)
 205 L   0.00008 0.83440 0.00016 0.16536 ( 2)
 206 S   0.10922 0.88856 0.00019 0.00203 ( 2)
 207 N   0.00502 0.88541 0.00038 0.10919 ( 2)
 208 P   0.99637 0.00004 0.00359 0.00000 ( 1)
 209 C   0.99319 0.00274 0.00403 0.00004 ( 1)
 210 N   0.98985 0.00252 0.00753 0.00011 ( 1)
 211 -   0.26644 0.61341 0.03638 0.08377 ( 2)
 212 -   0.26644 0.61341 0.03638 0.08377 ( 2)
 213 -   0.26780 0.61205 0.03657 0.08358 ( 2)
 214 -   0.27313 0.60672 0.03730 0.08285 ( 2)
 215 -   0.29066 0.58919 0.03969 0.08046 ( 2)
 216 -   0.29070 0.58915 0.03970 0.08045 ( 2)
 217 -   0.29993 0.57992 0.04096 0.07919 ( 2)
 218 -   0.27400 0.60585 0.03742 0.08273 ( 2)
 219 D   0.87893 0.10141 0.01522 0.00444 ( 1)
 220 I   0.01904 0.96100 0.00012 0.01984 ( 2)
 221 S   0.00036 0.75899 0.00167 0.23898 ( 2)
 222 L   0.86970 0.11313 0.01184 0.00533 ( 1)
 223 Y   0.99448 0.00006 0.00546 0.00000 ( 1)
 224 S   0.99567 0.00001 0.00432 0.00000 ( 1)
 225 H   0.04003 0.94346 0.00029 0.01621 ( 2)
 226 R   0.98895 0.00586 0.00515 0.00004 ( 1)
 227 F   0.96588 0.02183 0.01123 0.00106 ( 1)
 228 S   0.85230 0.12808 0.01719 0.00243 ( 1)
 229 Y   0.01778 0.98040 0.00003 0.00180 ( 2)
 230 L   0.03917 0.88936 0.01259 0.05888 ( 2)
 231 G   0.21322 0.66590 0.07292 0.04796 ( 2)
 232 T   0.00019 0.79673 0.00002 0.20306 ( 2)
 233 Y   0.00003 0.89406 0.00002 0.10588 ( 2)
 234 P   0.00001 0.88037 0.00021 0.11941 ( 2)
 235 A   0.00004 0.38370 0.00362 0.61265 ( 4)
 236 P   0.04179 0.91489 0.00121 0.04211 ( 2)
 237 P   0.00003 0.63481 0.00088 0.36428 ( 2)
 238 V   0.00000 0.60758 0.00169 0.39074 ( 2)
 239 N   0.00007 0.63960 0.03205 0.32828 ( 2)
 240 N   0.14091 0.73894 0.01924 0.10091 ( 2)
 241 W   0.02506 0.85479 0.00342 0.11673 ( 2)
 242 S   0.05479 0.80825 0.02193 0.11503 ( 2)
 243 P   0.00855 0.55467 0.25234 0.18444 ( 2)
 244 T   0.00002 0.84140 0.00005 0.15854 ( 2)
 245 N   0.01248 0.78949 0.08293 0.11510 ( 2)
 246 I   0.67019 0.31774 0.00661 0.00547 ( 1)
 247 G   0.07779 0.82243 0.00419 0.09559 ( 2)
 248 N   0.00075 0.87638 0.00013 0.12273 ( 2)
 249 F   0.00166 0.34761 0.15666 0.49407 ( 4)
 250 S   0.00009 0.84017 0.00055 0.15918 ( 2)
 251 F   0.43091 0.47627 0.02005 0.07277 ( 2)
 252 G   0.99249 0.00613 0.00136 0.00001 ( 1)
 253 W   0.99759 0.00135 0.00106 0.00000 ( 1)
 254 T   0.98663 0.00095 0.01239 0.00003 ( 1)
 255 H   0.99592 0.00004 0.00404 0.00000 ( 1)
 256 I   0.98469 0.01099 0.00420 0.00012 ( 1)
 257 S   0.99840 0.00023 0.00137 0.00000 ( 1)


lnL = -4868.386871

Bayes Empirical Bayes (BEB) probabilities for 4 classes (class)
(amino acids refer to 1st sequence: BT_Cry32Ja1)

   1 P   0.14242 0.68679 0.07685 0.09394 ( 2)
   2 T   0.84863 0.07482 0.06830 0.00824 ( 1)
   3 K   0.90685 0.00221 0.09069 0.00026 ( 1)
   4 S   0.70257 0.21461 0.06072 0.02210 ( 1)
   5 Q   0.90544 0.00242 0.09186 0.00027 ( 1)
   6 L   0.92012 0.00019 0.07967 0.00002 ( 1)
   7 T   0.91044 0.00040 0.08912 0.00005 ( 1)
   8 R   0.89176 0.00082 0.10731 0.00011 ( 1)
   9 T   0.00002 0.89785 0.00000 0.10212 ( 2)
  10 V   0.09675 0.80052 0.00961 0.09312 ( 2)
  11 Y   0.92323 0.00106 0.07559 0.00012 ( 1)
  12 T   0.91033 0.00050 0.08912 0.00006 ( 1)
  13 P   0.00000 0.85866 0.00000 0.14134 ( 2)
  14 F   0.00018 0.86918 0.00003 0.13061 ( 2)
  15 V   0.00002 0.86790 0.00003 0.13205 ( 2)
  16 L   0.00008 0.84969 0.01289 0.13734 ( 2)
  17 S   0.00000 0.83878 0.00001 0.16122 ( 2)
  18 Y   0.00129 0.87488 0.00018 0.12365 ( 2)
  19 P   0.01401 0.86215 0.00197 0.12187 ( 2)
  20 T   0.00291 0.87325 0.00041 0.12343 ( 2)
  21 -   0.24102 0.63514 0.03384 0.09000 ( 2)
  22 -   0.28701 0.58916 0.04030 0.08353 ( 2)
  23 -   0.28532 0.59084 0.04007 0.08377 ( 2)
  24 -   0.26152 0.61464 0.03672 0.08711 ( 2)
  25 -   0.27524 0.60092 0.03865 0.08519 ( 2)
  26 -   0.23308 0.64308 0.03272 0.09111 ( 2)
  27 -   0.25337 0.62280 0.03557 0.08826 ( 2)
  28 -   0.27088 0.60529 0.03804 0.08580 ( 2)
  29 -   0.27088 0.60529 0.03804 0.08580 ( 2)
  30 P   0.02554 0.85063 0.00358 0.12025 ( 2)
  31 N   0.00245 0.87371 0.00034 0.12349 ( 2)
  32 L   0.00090 0.87317 0.00013 0.12580 ( 2)
  33 P   0.00138 0.85504 0.00074 0.14284 ( 2)
  34 L   0.00000 0.86109 0.00001 0.13890 ( 2)
  35 I   0.91169 0.01431 0.07240 0.00160 ( 1)
  36 S   0.00003 0.88451 0.00000 0.11545 ( 2)
  37 E   0.00001 0.84603 0.00001 0.15395 ( 2)
  38 I   0.00036 0.86706 0.00313 0.12945 ( 2)
  39 E   0.01921 0.82349 0.05677 0.10053 ( 2)
  40 S   0.00000 0.84911 0.00007 0.15083 ( 2)
  41 Q   0.00000 0.86928 0.00000 0.13072 ( 2)
  42 V   0.00021 0.79106 0.03261 0.17613 ( 2)
  43 V   0.00306 0.85469 0.01345 0.12880 ( 2)
  44 V   0.00004 0.85312 0.00211 0.14473 ( 2)
  45 P   0.91911 0.00053 0.08030 0.00006 ( 1)
  46 P   0.88994 0.01559 0.09268 0.00179 ( 1)
  47 S   0.32724 0.58383 0.02708 0.06185 ( 2)
  48 L   0.89694 0.00250 0.10026 0.00030 ( 1)
  49 F   0.92647 0.00001 0.07352 0.00000 ( 1)
  50 S   0.00164 0.89953 0.00015 0.09867 ( 2)
  51 W   0.89599 0.00112 0.10275 0.00014 ( 1)
  52 L   0.86728 0.03487 0.09375 0.00410 ( 1)
  53 F   0.00386 0.86766 0.00300 0.12548 ( 2)
  54 L   0.00069 0.90001 0.00007 0.09923 ( 2)
  55 I   0.01446 0.85357 0.01174 0.12023 ( 2)
  56 E   0.00001 0.89709 0.00000 0.10291 ( 2)
  57 S   0.01891 0.83318 0.02001 0.12790 ( 2)
  58 Y   0.92270 0.00118 0.07597 0.00015 ( 1)
  59 T   0.02058 0.87736 0.00415 0.09791 ( 2)
  60 E   0.00023 0.89188 0.00002 0.10787 ( 2)
  61 K   0.00000 0.86520 0.00000 0.13480 ( 2)
  62 A   0.00000 0.87051 0.00000 0.12949 ( 2)
  63 A   0.00000 0.88275 0.00000 0.11725 ( 2)
  64 Q   0.00009 0.88555 0.00024 0.11411 ( 2)
  65 D   0.00000 0.85082 0.00001 0.14917 ( 2)
  66 -   0.22313 0.65303 0.03132 0.09251 ( 2)
  67 -   0.22313 0.65303 0.03132 0.09251 ( 2)
  68 -   0.00644 0.84899 0.01928 0.12528 ( 2)
  69 K   0.00002 0.86689 0.00002 0.13307 ( 2)
  70 E   0.00003 0.86320 0.00000 0.13676 ( 2)
  71 C   0.00000 0.87811 0.00000 0.12189 ( 2)
  72 L   0.00000 0.86233 0.00000 0.13767 ( 2)
  73 T   0.00003 0.89308 0.00000 0.10688 ( 2)
  74 G   0.00001 0.84348 0.00081 0.15570 ( 2)
  75 Q   0.00111 0.89465 0.00012 0.10412 ( 2)
  76 R   0.00000 0.87902 0.00000 0.12097 ( 2)
  77 Q   0.00000 0.85378 0.00000 0.14622 ( 2)
  78 A   0.00011 0.90608 0.00001 0.09381 ( 2)
  79 F   0.64364 0.27272 0.05399 0.02965 ( 1)
  80 A   0.00002 0.90039 0.00000 0.09959 ( 2)
  81 Y   0.00007 0.90398 0.00001 0.09595 ( 2)
  82 T   0.04522 0.82820 0.00791 0.11867 ( 2)
  83 T   0.00002 0.86009 0.00001 0.13988 ( 2)
  84 G   0.00000 0.82117 0.00331 0.17552 ( 2)
  85 R   0.00000 0.89813 0.00000 0.10187 ( 2)
  86 D   0.32381 0.58448 0.02510 0.06662 ( 2)
  87 L   0.00015 0.87425 0.00002 0.12557 ( 2)
  88 F   0.00000 0.85389 0.00000 0.14611 ( 2)
  89 Q   0.00024 0.87733 0.00026 0.12217 ( 2)
  90 E   0.00031 0.87620 0.00005 0.12344 ( 2)
  91 F   0.00042 0.88622 0.00005 0.11330 ( 2)
  92 K   0.00003 0.86328 0.00007 0.13662 ( 2)
  93 -   0.22313 0.65303 0.03132 0.09251 ( 2)
  94 -   0.00271 0.86547 0.00434 0.12748 ( 2)
  95 G   0.04169 0.86076 0.00371 0.09384 ( 2)
  96 N   0.04620 0.86073 0.00369 0.08938 ( 2)
  97 L   0.00003 0.89550 0.00000 0.10447 ( 2)
  98 N   0.00000 0.88507 0.00000 0.11492 ( 2)
  99 G   0.00000 0.87711 0.00000 0.12289 ( 2)
 100 T   0.00000 0.88679 0.00000 0.11321 ( 2)
 101 Y   0.00000 0.85108 0.00000 0.14892 ( 2)
 102 R   0.00001 0.85802 0.00022 0.14175 ( 2)
 103 G   0.00083 0.90140 0.00009 0.09767 ( 2)
 104 Q   0.00000 0.88238 0.00000 0.11762 ( 2)
 105 L   0.00000 0.88844 0.00000 0.11156 ( 2)
 106 V   0.60807 0.30745 0.04982 0.03466 ( 1)
 107 A   0.00016 0.89314 0.00004 0.10666 ( 2)
 108 E   0.00181 0.86264 0.00030 0.13525 ( 2)
 109 P   0.01184 0.87540 0.00140 0.11136 ( 2)
 110 G   0.00020 0.88864 0.00002 0.11114 ( 2)
 111 L   0.87024 0.05456 0.06894 0.00626 ( 1)
 112 G   0.04077 0.80358 0.04400 0.11166 ( 2)
 113 Q   0.00659 0.86957 0.00093 0.12291 ( 2)
 114 Y   0.22313 0.65303 0.03132 0.09251 ( 2)
 115 V   0.00524 0.86311 0.00491 0.12675 ( 2)
 116 W   0.00000 0.84556 0.00001 0.15443 ( 2)
 117 A   0.05742 0.82815 0.00907 0.10537 ( 2)
 118 I   0.00009 0.86525 0.00009 0.13457 ( 2)
 119 E   0.09296 0.78812 0.01737 0.10155 ( 2)
 120 L   0.88003 0.01911 0.09847 0.00238 ( 1)
 121 Y   0.88046 0.04283 0.07195 0.00476 ( 1)
 122 G   0.00004 0.87605 0.00001 0.12390 ( 2)
 123 S   0.00092 0.88090 0.00052 0.11766 ( 2)
 124 G   0.00004 0.84659 0.00044 0.15293 ( 2)
 125 Y   0.59071 0.33046 0.04282 0.03601 ( 1)
 126 L   0.00633 0.89177 0.00048 0.10142 ( 2)
 127 -   0.22313 0.65303 0.03132 0.09251 ( 2)
 128 -   0.22313 0.65303 0.03132 0.09251 ( 2)
 129 -   0.22313 0.65303 0.03132 0.09251 ( 2)
 130 W   0.00000 0.88115 0.00000 0.11885 ( 2)
 131 D   0.00000 0.86399 0.00000 0.13601 ( 2)
 132 G   0.00166 0.88019 0.00093 0.11722 ( 2)
 133 Y   0.00497 0.05925 0.92685 0.00893 ( 3)
 134 P   0.00001 0.83453 0.00001 0.16544 ( 2)
 135 Y   0.00000 0.90011 0.00000 0.09989 ( 2)
 136 L   0.00011 0.89385 0.00001 0.10602 ( 2)
 137 H   0.00000 0.87711 0.00000 0.12288 ( 2)
 138 N   0.00069 0.87115 0.00011 0.12805 ( 2)
 139 L   0.00000 0.90023 0.00000 0.09977 ( 2)
 140 G   0.00003 0.87596 0.00000 0.12401 ( 2)
 141 -   0.00182 0.87434 0.00026 0.12358 ( 2)
 142 -   0.24019 0.63597 0.03372 0.09011 ( 2)
 143 -   0.36389 0.51228 0.05113 0.07271 ( 2)
 144 -   0.08235 0.79382 0.01155 0.11228 ( 2)
 145 -   0.00871 0.89013 0.00086 0.10029 ( 2)
 146 F   0.00001 0.88755 0.00000 0.11245 ( 2)
 147 F   0.00009 0.87582 0.00005 0.12404 ( 2)
 148 N   0.00001 0.87912 0.00000 0.12087 ( 2)
 149 F   0.92623 0.00024 0.07350 0.00003 ( 1)
 150 K   0.00686 0.87768 0.00146 0.11400 ( 2)
 151 L   0.90685 0.01860 0.07254 0.00201 ( 1)
 152 T   0.88503 0.01490 0.09819 0.00187 ( 1)
 153 -   0.02125 0.85491 0.00298 0.12085 ( 2)
 154 -   0.87310 0.02636 0.09733 0.00321 ( 1)
 155 -   0.59124 0.32597 0.04880 0.03398 ( 1)
 156 N   0.00000 0.89595 0.00000 0.10405 ( 2)
 157 S   0.00057 0.88654 0.00006 0.11282 ( 2)
 158 E   0.00001 0.88911 0.00000 0.11088 ( 2)
 159 D   0.00000 0.87572 0.00000 0.12428 ( 2)
 160 Q   0.00048 0.89693 0.00005 0.10254 ( 2)
 161 K   0.00252 0.89588 0.00026 0.10134 ( 2)
 162 I   0.00007 0.88699 0.00001 0.11293 ( 2)
 163 H   0.00040 0.88725 0.00038 0.11198 ( 2)
 164 V   0.12865 0.77059 0.01048 0.09027 ( 2)
 165 S   0.09977 0.79929 0.00966 0.09129 ( 2)
 166 P   0.00004 0.90543 0.00000 0.09453 ( 2)
 167 G   0.00002 0.90456 0.00000 0.09542 ( 2)
 168 D   0.00106 0.88389 0.00020 0.11486 ( 2)
 169 I   0.08548 0.80186 0.01021 0.10245 ( 2)
 170 V   0.00013 0.83624 0.00137 0.16226 ( 2)
 171 D   0.00243 0.88530 0.00030 0.11197 ( 2)
 172 G   0.00203 0.89369 0.00020 0.10408 ( 2)
 173 T   0.00002 0.85735 0.00010 0.14253 ( 2)
 174 T   0.00004 0.86725 0.00003 0.13268 ( 2)
 175 A   0.00111 0.88697 0.00011 0.11181 ( 2)
 176 I   0.00039 0.86886 0.00140 0.12936 ( 2)
 177 L   0.00214 0.89302 0.00022 0.10462 ( 2)
 178 G   0.88564 0.01225 0.10061 0.00149 ( 1)
 179 L   0.24716 0.65830 0.02408 0.07046 ( 2)
 180 P   0.83952 0.05324 0.10040 0.00685 ( 1)
 181 C   0.92136 0.00027 0.07835 0.00003 ( 1)
 182 K   0.00864 0.88951 0.00092 0.10093 ( 2)
 183 P   0.00023 0.81176 0.00285 0.18515 ( 2)
 184 N   0.13873 0.67715 0.07715 0.10697 ( 2)
 185 N   0.01434 0.87449 0.00969 0.10148 ( 2)
 186 N   0.00083 0.87031 0.00014 0.12872 ( 2)
 187 D   0.00365 0.89868 0.00032 0.09734 ( 2)
 188 -   0.00134 0.84756 0.00304 0.14806 ( 2)
 189 C   0.92136 0.00027 0.07835 0.00003 ( 1)
 190 D   0.49714 0.14040 0.34570 0.01677 ( 1)
 191 P   0.91073 0.00915 0.07913 0.00098 ( 1)
 192 C   0.92136 0.00027 0.07835 0.00003 ( 1)
 193 -   0.00001 0.85303 0.00008 0.14687 ( 2)
 194 -   0.01119 0.86498 0.00157 0.12226 ( 2)
 195 -   0.22313 0.65303 0.03132 0.09251 ( 2)
 196 N   0.82520 0.05562 0.11136 0.00783 ( 1)
 197 P   0.00315 0.86495 0.00046 0.13145 ( 2)
 198 C   0.92129 0.00016 0.07854 0.00002 ( 1)
 199 N   0.00000 0.86195 0.00000 0.13805 ( 2)
 200 T   0.00001 0.84732 0.00005 0.15262 ( 2)
 201 L   0.00559 0.88176 0.00066 0.11199 ( 2)
 202 P   0.00000 0.81901 0.00000 0.18098 ( 2)
 203 I   0.00004 0.87613 0.00001 0.12383 ( 2)
 204 N   0.93171 0.00038 0.06786 0.00004 ( 1)
 205 L   0.00001 0.85417 0.00001 0.14581 ( 2)
 206 S   0.02966 0.86536 0.00330 0.10168 ( 2)
 207 N   0.00101 0.87224 0.00012 0.12663 ( 2)
 208 P   0.92028 0.00003 0.07969 0.00000 ( 1)
 209 C   0.91625 0.00428 0.07903 0.00045 ( 1)
 210 N   0.92843 0.00324 0.06795 0.00038 ( 1)
 211 -   0.24103 0.63514 0.03384 0.09000 ( 2)
 212 -   0.24103 0.63514 0.03384 0.09000 ( 2)
 213 -   0.24234 0.63383 0.03402 0.08981 ( 2)
 214 -   0.24748 0.62868 0.03475 0.08909 ( 2)
 215 -   0.26445 0.61172 0.03713 0.08670 ( 2)
 216 -   0.26449 0.61168 0.03714 0.08670 ( 2)
 217 -   0.27346 0.60270 0.03840 0.08544 ( 2)
 218 -   0.24832 0.62784 0.03486 0.08897 ( 2)
 219 D   0.71482 0.18571 0.07627 0.02320 ( 1)
 220 I   0.00287 0.90329 0.00025 0.09359 ( 2)
 221 S   0.00004 0.85402 0.00009 0.14585 ( 2)
 222 L   0.72511 0.19150 0.06363 0.01976 ( 1)
 223 Y   0.92429 0.00004 0.07567 0.00000 ( 1)
 224 S   0.93011 0.00001 0.06989 0.00000 ( 1)
 225 H   0.00644 0.88219 0.00068 0.11068 ( 2)
 226 R   0.88965 0.00468 0.10508 0.00058 ( 1)
 227 F   0.87401 0.02533 0.09756 0.00311 ( 1)
 228 S   0.69253 0.20552 0.07706 0.02489 ( 1)
 229 Y   0.00309 0.89033 0.00035 0.10623 ( 2)
 230 L   0.00829 0.86952 0.00433 0.11786 ( 2)
 231 G   0.06259 0.78488 0.04796 0.10457 ( 2)
 232 T   0.00003 0.86679 0.00000 0.13318 ( 2)
 233 Y   0.00000 0.88097 0.00000 0.11902 ( 2)
 234 P   0.00000 0.86098 0.00001 0.13902 ( 2)
 235 A   0.00001 0.80899 0.00006 0.19094 ( 2)
 236 P   0.01342 0.88299 0.00137 0.10222 ( 2)
 237 P   0.00000 0.84763 0.00001 0.15236 ( 2)
 238 V   0.00000 0.83683 0.00001 0.16316 ( 2)
 239 N   0.00001 0.83673 0.00177 0.16148 ( 2)
 240 N   0.07922 0.79694 0.01112 0.11272 ( 2)
 241 W   0.00956 0.86660 0.00134 0.12249 ( 2)
 242 S   0.01924 0.85441 0.00679 0.11956 ( 2)
 243 P   0.00337 0.82511 0.03896 0.13256 ( 2)
 244 T   0.00000 0.86140 0.00000 0.13859 ( 2)
 245 N   0.00302 0.85026 0.01291 0.13381 ( 2)
 246 I   0.52216 0.37652 0.05623 0.04508 ( 1)
 247 G   0.02643 0.85465 0.00326 0.11566 ( 2)
 248 N   0.00011 0.87221 0.00003 0.12765 ( 2)
 249 F   0.00085 0.84466 0.00225 0.15223 ( 2)
 250 S   0.00001 0.85351 0.00004 0.14644 ( 2)
 251 F   0.22183 0.66106 0.02451 0.09260 ( 2)
 252 G   0.88681 0.00469 0.10790 0.00060 ( 1)
 253 W   0.89599 0.00112 0.10275 0.00014 ( 1)
 254 T   0.91019 0.00067 0.08907 0.00008 ( 1)
 255 H   0.92774 0.00002 0.07224 0.00000 ( 1)
 256 I   0.89807 0.01191 0.08865 0.00137 ( 1)
 257 S   0.89888 0.00014 0.10095 0.00002 ( 1)

