Supplemental results for CODEML (seqf: algn  treef: tree)


dN/dS (w) for site classes (K=4)

site class             0        1       2a       2b
proportion       0.36408  0.60703  0.01083  0.01806
background w     0.07035  1.00000  0.07035  1.00000
foreground w     0.07035  1.00000  6.85198  6.85198

Naive Empirical Bayes (NEB) probabilities for 4 classes
(amino acids refer to 1st sequence: BT_Cry24Ca1)

   1 P   0.00269 0.98444 0.00003 0.01284 ( 2)
   2 T   0.00448 0.98136 0.00006 0.01411 ( 2)
   3 Q   0.12734 0.63377 0.17415 0.06474 ( 2)
   4 I   0.22193 0.76748 0.00204 0.00855 ( 2)
   5 E   0.06648 0.91990 0.00075 0.01286 ( 2)
   6 L   0.96458 0.01957 0.01551 0.00035 ( 1)
   7 S   0.95809 0.03131 0.01020 0.00039 ( 1)
   8 R   0.97673 0.00574 0.01743 0.00011 ( 1)
   9 Q   0.09187 0.71019 0.12564 0.07230 ( 2)
  10 I   0.96951 0.00849 0.02181 0.00020 ( 1)
  11 Y   0.98363 0.00589 0.01041 0.00007 ( 1)
  12 T   0.97662 0.01095 0.01227 0.00016 ( 1)
  13 D   0.99008 0.00188 0.00802 0.00002 ( 1)
  14 P   0.98144 0.00434 0.01415 0.00007 ( 1)
  15 V   0.94402 0.04313 0.01222 0.00063 ( 1)
  16 G   0.98691 0.00295 0.01011 0.00004 ( 1)
  17 A   0.00000 0.93263 0.00000 0.06736 ( 2)
  18 T   0.84171 0.13500 0.01998 0.00331 ( 1)
  19 F   0.00000 0.86572 0.00000 0.13428 ( 2)
  20 S   0.00001 0.98187 0.00000 0.01812 ( 2)
  21 -   0.05729 0.91382 0.00170 0.02719 ( 2)
  22 D   0.00192 0.98774 0.00002 0.01032 ( 2)
  23 F   0.01154 0.96689 0.00024 0.02132 ( 2)
  24 S   0.01049 0.91129 0.01001 0.06821 ( 2)
  25 N   0.05966 0.93041 0.00047 0.00945 ( 2)
  26 W   0.00004 0.97835 0.00000 0.02161 ( 2)
  27 T   0.10390 0.88476 0.00101 0.01033 ( 2)
  28 L   0.00036 0.97456 0.00001 0.02507 ( 2)
  29 T   0.00786 0.98061 0.00008 0.01145 ( 2)
  30 N   0.03247 0.95604 0.00031 0.01117 ( 2)
  31 R   0.02160 0.96464 0.00027 0.01350 ( 2)
  32 T   0.72432 0.26556 0.00701 0.00310 ( 1)
  33 L   0.03594 0.95088 0.00042 0.01276 ( 2)
  34 A   0.07340 0.91512 0.00072 0.01076 ( 2)
  35 -   0.39965 0.57146 0.01189 0.01700 ( 2)
  36 -   0.05054 0.92057 0.00150 0.02739 ( 2)
  37 N   0.00424 0.98590 0.00003 0.00983 ( 2)
  38 F   0.98932 0.00134 0.00933 0.00002 ( 1)
  39 N   0.90048 0.09146 0.00714 0.00091 ( 1)
  40 D   0.04520 0.94492 0.00037 0.00951 ( 2)
  41 L   0.88775 0.09257 0.01773 0.00195 ( 1)
  42 E   0.98607 0.00273 0.01116 0.00004 ( 1)
  43 R   0.18691 0.79961 0.00229 0.01119 ( 2)
  44 E   0.40239 0.58536 0.00456 0.00770 ( 2)
  45 V   0.03402 0.95158 0.00044 0.01396 ( 2)
  46 T   0.03248 0.95340 0.00041 0.01371 ( 2)
  47 D   0.02889 0.96120 0.00023 0.00968 ( 2)
  48 A   0.00265 0.85498 0.00589 0.13648 ( 2)
  49 P   0.98380 0.00511 0.01102 0.00007 ( 1)
  50 S   0.93459 0.05477 0.00995 0.00068 ( 1)
  51 L   0.96961 0.01878 0.01136 0.00025 ( 1)
  52 L   0.06750 0.91498 0.00108 0.01645 ( 2)
  53 K   0.41699 0.57121 0.00453 0.00728 ( 2)
  54 W   0.97247 0.00691 0.02047 0.00015 ( 1)
  55 L   0.84905 0.13504 0.01355 0.00236 ( 1)
  56 N   0.00283 0.98469 0.00003 0.01245 ( 2)
  57 S   0.00001 0.74636 0.00073 0.25291 ( 2)
  58 I   0.00529 0.90234 0.00540 0.08696 ( 2)
  59 E   0.00006 0.86647 0.00007 0.13340 ( 2)
  60 V   0.36104 0.17554 0.44711 0.01631 ( 3)
  61 Y   0.98728 0.00235 0.01034 0.00003 ( 1)
  62 T   0.82830 0.15900 0.01041 0.00229 ( 1)
  63 G   0.01706 0.97068 0.00018 0.01208 ( 2)
  64 A   0.00009 0.98556 0.00000 0.01435 ( 2)
  65 I   0.00969 0.97705 0.00011 0.01315 ( 2)
  66 D   0.00059 0.97955 0.00001 0.01984 ( 2)
  67 S   0.00231 0.98218 0.00006 0.01545 ( 2)
  68 H   0.00006 0.98123 0.00000 0.01870 ( 2)
  69 R   0.00215 0.97667 0.00004 0.02113 ( 2)
  70 P   0.00003 0.98713 0.00000 0.01283 ( 2)
  71 T   0.00033 0.93320 0.00003 0.06643 ( 2)
  72 S   0.00046 0.96901 0.00002 0.03051 ( 2)
  73 P   0.67024 0.31814 0.00751 0.00412 ( 1)
  74 -   0.36408 0.60703 0.01083 0.01806 ( 2)
  75 G   0.70004 0.28931 0.00717 0.00348 ( 1)
  76 E   0.01199 0.94741 0.00504 0.03555 ( 2)
  77 R   0.08236 0.89894 0.00147 0.01723 ( 2)
  78 I   0.78318 0.20494 0.00912 0.00276 ( 1)
  79 G   0.20591 0.77840 0.00302 0.01267 ( 2)
  80 V   0.45724 0.52908 0.00592 0.00776 ( 2)
  81 W   0.97247 0.00691 0.02047 0.00015 ( 1)
  82 Y   0.35636 0.63210 0.00373 0.00781 ( 2)
  83 G   0.98374 0.00612 0.01007 0.00007 ( 1)
  84 N   0.07969 0.90740 0.00083 0.01209 ( 2)
  85 R   0.00007 0.96848 0.00000 0.03145 ( 2)
  86 N   0.02919 0.92863 0.00069 0.04150 ( 2)
  87 T   0.00013 0.87612 0.00013 0.12361 ( 2)
  88 Y   0.00032 0.91629 0.00037 0.08302 ( 2)
  89 I   0.00001 0.98814 0.00000 0.01186 ( 2)
  90 N   0.00000 0.93631 0.00000 0.06368 ( 2)
  91 P   0.24248 0.74136 0.00383 0.01233 ( 2)
  92 D   0.02737 0.96090 0.00031 0.01142 ( 2)
  93 T   0.00066 0.85631 0.00151 0.14152 ( 2)
  94 N   0.00059 0.98834 0.00001 0.01106 ( 2)
  95 E   0.00129 0.98077 0.00002 0.01793 ( 2)
  96 -   0.42259 0.54852 0.01257 0.01632 ( 2)
  97 V   0.00705 0.97848 0.00009 0.01438 ( 2)
  98 S   0.00021 0.97674 0.00000 0.02305 ( 2)
  99 Y   0.00161 0.98609 0.00002 0.01228 ( 2)
 100 R   0.02493 0.96125 0.00031 0.01352 ( 2)
 101 F   0.00000 0.98706 0.00000 0.01294 ( 2)
 102 T   0.00030 0.98790 0.00000 0.01179 ( 2)
 103 G   0.94647 0.03918 0.01372 0.00063 ( 1)
 104 E   0.00029 0.98664 0.00000 0.01307 ( 2)
 105 L   0.00001 0.88094 0.00001 0.11904 ( 2)
 106 A   0.25482 0.73127 0.00326 0.01065 ( 2)
 107 Y   0.02206 0.96565 0.00023 0.01206 ( 2)
 108 E   0.52784 0.46014 0.00598 0.00605 ( 1)
 109 N   0.00178 0.93868 0.00139 0.05814 ( 2)
 110 P   0.00208 0.98187 0.00003 0.01603 ( 2)
 111 Y   0.01191 0.96516 0.00027 0.02266 ( 2)
 112 T   0.63119 0.35849 0.00611 0.00421 ( 1)
 113 F   0.09625 0.88501 0.00161 0.01713 ( 2)
 114 I   0.12869 0.86053 0.00118 0.00959 ( 2)
 115 G   0.00007 0.90915 0.00011 0.09067 ( 2)
 116 S   0.03517 0.95382 0.00038 0.01064 ( 2)
 117 F   0.03572 0.76409 0.07852 0.12166 ( 2)
 118 F   0.00014 0.91959 0.00015 0.08012 ( 2)
 119 D   0.34557 0.64503 0.00280 0.00661 ( 2)
 120 N   0.62761 0.36370 0.00498 0.00371 ( 1)
 121 D   0.99008 0.00188 0.00802 0.00002 ( 1)
 122 I   0.97417 0.01668 0.00896 0.00019 ( 1)
 123 Y   0.86240 0.11378 0.02098 0.00285 ( 1)
 124 K   0.92794 0.06119 0.01009 0.00078 ( 1)
 125 V   0.00149 0.98399 0.00002 0.01450 ( 2)
 126 A   0.00600 0.86789 0.00856 0.11756 ( 2)
 127 L   0.49334 0.49022 0.00787 0.00857 ( 1)
 128 R   0.01625 0.96939 0.00021 0.01414 ( 2)
 129 A   0.95501 0.03519 0.00939 0.00041 ( 1)
 130 A   0.67459 0.31508 0.00663 0.00370 ( 1)
 131 A   0.00002 0.81282 0.00006 0.18710 ( 2)
 132 -   0.38520 0.58590 0.01146 0.01743 ( 2)
 133 -   0.44787 0.52324 0.01332 0.01557 ( 2)
 134 -   0.45091 0.52020 0.01341 0.01548 ( 2)
 135 -   0.04391 0.92719 0.00131 0.02758 ( 2)
 136 V   0.63697 0.35256 0.00632 0.00416 ( 1)
 137 S   0.00644 0.98115 0.00007 0.01234 ( 2)
 138 T   0.00224 0.97095 0.00006 0.02675 ( 2)
 139 T   0.15568 0.82933 0.00199 0.01300 ( 2)
 140 F   0.00000 0.98662 0.00000 0.01338 ( 2)
 141 G   0.00002 0.98146 0.00000 0.01853 ( 2)
 142 S   0.00348 0.97297 0.00008 0.02347 ( 2)
 143 N   0.00000 0.98837 0.00000 0.01163 ( 2)
 144 D   0.25161 0.73889 0.00204 0.00746 ( 2)
 145 S   0.00001 0.97694 0.00000 0.02305 ( 2)
 146 T   0.25113 0.73783 0.00243 0.00861 ( 2)
 147 F   0.96861 0.02201 0.00913 0.00025 ( 1)
 148 G   0.97944 0.00626 0.01420 0.00010 ( 1)
 149 V   0.95315 0.03697 0.00945 0.00044 ( 1)
 150 S   0.43740 0.55318 0.00371 0.00570 ( 2)
 151 S   0.00011 0.98184 0.00000 0.01804 ( 2)
 152 S   0.97319 0.01624 0.01036 0.00020 ( 1)
 153 Q   0.00008 0.97864 0.00000 0.02128 ( 2)
 154 F   0.98239 0.00826 0.00926 0.00009 ( 1)
 155 F   0.96957 0.02105 0.00914 0.00024 ( 1)
 156 N   0.00073 0.98921 0.00001 0.01005 ( 2)
 157 R   0.04088 0.79493 0.06829 0.09590 ( 2)
 158 R   0.00553 0.98053 0.00007 0.01387 ( 2)
 159 G   0.83839 0.14709 0.01215 0.00237 ( 1)
 160 I   0.00014 0.98581 0.00000 0.01405 ( 2)
 161 H   0.34238 0.64598 0.00373 0.00791 ( 2)
 162 Q   0.00002 0.98373 0.00000 0.01625 ( 2)
 163 L   0.22182 0.75778 0.00442 0.01598 ( 2)
 164 Y   0.17799 0.81014 0.00186 0.01000 ( 2)
 165 E   0.00056 0.90117 0.00079 0.09747 ( 2)
 166 S   0.00293 0.97903 0.00005 0.01799 ( 2)
 167 S   0.00137 0.98748 0.00001 0.01113 ( 2)
 168 -   0.43919 0.53192 0.01307 0.01582 ( 2)
 169 -   0.45717 0.51394 0.01360 0.01529 ( 2)
 170 -   0.43313 0.53798 0.01289 0.01600 ( 2)
 171 -   0.38582 0.58529 0.01148 0.01741 ( 2)
 172 -   0.05196 0.91915 0.00155 0.02734 ( 2)
 173 -   0.45717 0.51394 0.01360 0.01529 ( 2)
 174 -   0.05337 0.91774 0.00159 0.02730 ( 2)
 175 -   0.85498 0.11613 0.02544 0.00345 ( 1)
 176 -   0.36408 0.60703 0.01083 0.01806 ( 2)
 177 -   0.43148 0.53963 0.01284 0.01605 ( 2)
 178 -   0.37600 0.59511 0.01119 0.01770 ( 2)
 179 -   0.44653 0.52458 0.01328 0.01561 ( 2)
 180 -   0.00309 0.96802 0.00009 0.02880 ( 2)
 181 -   0.43313 0.53798 0.01289 0.01600 ( 2)
 182 -   0.39478 0.57633 0.01174 0.01715 ( 2)
 183 Q   0.00002 0.98373 0.00000 0.01626 ( 2)
 184 P   0.00753 0.97971 0.00008 0.01268 ( 2)
 185 I   0.00004 0.98635 0.00000 0.01361 ( 2)
 186 P   0.00308 0.97443 0.00007 0.02243 ( 2)
 187 S   0.00390 0.98376 0.00004 0.01230 ( 2)
 188 W   0.00003 0.97796 0.00000 0.02200 ( 2)
 189 P   0.40567 0.58225 0.00455 0.00753 ( 2)
 190 I   0.90942 0.07892 0.01059 0.00106 ( 1)
 191 T   0.07367 0.91493 0.00071 0.01068 ( 2)
 192 L   0.00034 0.90296 0.00048 0.09623 ( 2)
 193 A   0.10825 0.87663 0.00140 0.01371 ( 2)
 194 F   0.13403 0.85508 0.00126 0.00962 ( 2)
 195 P   0.98194 0.00385 0.01415 0.00006 ( 1)
 196 G   0.88926 0.09630 0.01289 0.00155 ( 1)
 197 E   0.31173 0.67586 0.00353 0.00888 ( 2)
 198 E   0.63471 0.35346 0.00719 0.00464 ( 1)
 199 S   0.92234 0.06097 0.01557 0.00112 ( 1)
 200 S   0.00126 0.98063 0.00002 0.01809 ( 2)
 201 E   0.00391 0.98312 0.00004 0.01292 ( 2)
 202 G   0.31459 0.67006 0.00456 0.01079 ( 2)
 203 N   0.90414 0.08781 0.00717 0.00087 ( 1)
 204 A   0.27663 0.70944 0.00354 0.01039 ( 2)
 205 N   0.95925 0.03281 0.00761 0.00033 ( 1)
 206 D   0.98494 0.00700 0.00798 0.00007 ( 1)
 207 Y   0.98692 0.00271 0.01034 0.00003 ( 1)
 208 S   0.96858 0.02296 0.00822 0.00024 ( 1)
 209 H   0.98966 0.00086 0.00947 0.00001 ( 1)
 210 R   0.02758 0.95333 0.00049 0.01860 ( 2)
 211 L   0.96895 0.01366 0.01714 0.00026 ( 1)
 212 C   0.80350 0.18535 0.00879 0.00235 ( 1)
 213 D   0.83373 0.15790 0.00676 0.00161 ( 1)
 214 V   0.96981 0.00971 0.02027 0.00021 ( 1)
 215 K   0.14962 0.83808 0.00163 0.01067 ( 2)
 216 N   0.95925 0.03281 0.00761 0.00033 ( 1)
 217 I   0.64534 0.34488 0.00594 0.00384 ( 1)
 218 T   0.95222 0.03531 0.01197 0.00051 ( 1)
 219 G   0.85081 0.13469 0.01233 0.00217 ( 1)
 220 G   0.94916 0.03649 0.01376 0.00059 ( 1)
 221 L   0.92214 0.06617 0.01080 0.00089 ( 1)
 222 R   0.65810 0.32858 0.00853 0.00479 ( 1)
 223 Q   0.92995 0.05523 0.01392 0.00091 ( 1)
 224 T   0.05328 0.93264 0.00067 0.01341 ( 2)
 225 P   0.00313 0.98331 0.00004 0.01352 ( 2)
 226 A   0.04798 0.93069 0.00100 0.02033 ( 2)
 227 R   0.06194 0.91933 0.00111 0.01762 ( 2)
 228 G   0.38264 0.59586 0.00817 0.01333 ( 2)
 229 -   0.42548 0.54563 0.01266 0.01623 ( 2)
 230 R   0.54349 0.44300 0.00704 0.00646 ( 1)
 231 S   0.64648 0.34236 0.00688 0.00428 ( 1)
 232 S   0.66861 0.32024 0.00713 0.00402 ( 1)
 233 L   0.90960 0.07458 0.01452 0.00130 ( 1)
 234 L   0.34621 0.63713 0.00552 0.01114 ( 2)
 235 S   0.12581 0.85633 0.00212 0.01573 ( 2)
 236 H   0.93606 0.05437 0.00896 0.00062 ( 1)
 237 A   0.48244 0.50405 0.00617 0.00734 ( 2)
 238 W   0.97247 0.00691 0.02047 0.00015 ( 1)
 239 T   0.97486 0.01271 0.01225 0.00018 ( 1)
 240 H   0.98966 0.00086 0.00947 0.00001 ( 1)
 241 S   0.00000 0.98792 0.00000 0.01207 ( 2)
 242 -   0.86358 0.10753 0.02569 0.00320 ( 1)


lnL = -3662.592204

Bayes Empirical Bayes (BEB) probabilities for 4 classes (class)
(amino acids refer to 1st sequence: BT_Cry24Ca1)

   1 P   0.00091 0.94808 0.00004 0.05097 ( 2)
   2 T   0.00181 0.94553 0.00009 0.05258 ( 2)
   3 Q   0.05681 0.65827 0.17593 0.10899 ( 2)
   4 I   0.12436 0.82855 0.00519 0.04190 ( 2)
   5 E   0.03029 0.91783 0.00140 0.05048 ( 2)
   6 L   0.93007 0.01729 0.05157 0.00107 ( 1)
   7 S   0.92089 0.03537 0.04185 0.00190 ( 1)
   8 R   0.93985 0.00480 0.05505 0.00030 ( 1)
   9 Q   0.03920 0.71669 0.12364 0.12047 ( 2)
  10 I   0.93161 0.00651 0.06142 0.00045 ( 1)
  11 Y   0.95205 0.00463 0.04308 0.00025 ( 1)
  12 T   0.94447 0.00870 0.04634 0.00049 ( 1)
  13 D   0.96035 0.00128 0.03831 0.00006 ( 1)
  14 P   0.94628 0.00361 0.04990 0.00021 ( 1)
  15 V   0.90227 0.04988 0.04501 0.00284 ( 1)
  16 G   0.95476 0.00227 0.04285 0.00012 ( 1)
  17 A   0.00000 0.87919 0.00000 0.12081 ( 2)
  18 T   0.78980 0.14639 0.05353 0.01028 ( 1)
  19 F   0.00000 0.81019 0.00000 0.18981 ( 2)
  20 S   0.00000 0.94198 0.00000 0.05801 ( 2)
  21 -   0.03608 0.89254 0.00278 0.06860 ( 2)
  22 D   0.00043 0.95268 0.00002 0.04687 ( 2)
  23 F   0.00333 0.93421 0.00021 0.06225 ( 2)
  24 S   0.00319 0.86381 0.00818 0.12481 ( 2)
  25 N   0.02013 0.93370 0.00078 0.04540 ( 2)
  26 W   0.00001 0.93749 0.00000 0.06251 ( 2)
  27 T   0.04408 0.90750 0.00187 0.04654 ( 2)
  28 L   0.00007 0.93315 0.00000 0.06678 ( 2)
  29 T   0.00215 0.94912 0.00009 0.04865 ( 2)
  30 N   0.01097 0.94057 0.00046 0.04800 ( 2)
  31 R   0.00608 0.94166 0.00029 0.05196 ( 2)
  32 T   0.59556 0.36023 0.02552 0.01868 ( 1)
  33 L   0.01059 0.93792 0.00050 0.05099 ( 2)
  34 A   0.02264 0.92857 0.00097 0.04781 ( 2)
  35 -   0.35751 0.57111 0.02748 0.04389 ( 2)
  36 -   0.03166 0.89697 0.00244 0.06894 ( 2)
  37 N   0.00088 0.95305 0.00003 0.04603 ( 2)
  38 F   0.95767 0.00096 0.04132 0.00005 ( 1)
  39 N   0.82718 0.13385 0.03237 0.00660 ( 1)
  40 D   0.01359 0.94016 0.00053 0.04571 ( 2)
  41 L   0.82990 0.11138 0.05138 0.00733 ( 1)
  42 E   0.95309 0.00215 0.04463 0.00012 ( 1)
  43 R   0.08895 0.85929 0.00430 0.04746 ( 2)
  44 E   0.22116 0.72924 0.01025 0.03936 ( 2)
  45 V   0.01324 0.93369 0.00065 0.05242 ( 2)
  46 T   0.01004 0.93734 0.00049 0.05213 ( 2)
  47 D   0.00814 0.94557 0.00032 0.04597 ( 2)
  48 A   0.00073 0.80365 0.00345 0.19217 ( 2)
  49 P   0.95086 0.00434 0.04457 0.00024 ( 1)
  50 S   0.89412 0.06195 0.04061 0.00333 ( 1)
  51 L   0.93793 0.01627 0.04490 0.00090 ( 1)
  52 L   0.02726 0.91544 0.00150 0.05580 ( 2)
  53 K   0.29506 0.65653 0.01339 0.03502 ( 2)
  54 W   0.93351 0.00658 0.05946 0.00044 ( 1)
  55 L   0.78468 0.16215 0.04331 0.00986 ( 1)
  56 N   0.00066 0.94948 0.00003 0.04983 ( 2)
  57 S   0.00000 0.70650 0.00018 0.29332 ( 2)
  58 I   0.00145 0.85053 0.00334 0.14467 ( 2)
  59 E   0.00001 0.81079 0.00003 0.18917 ( 2)
  60 V   0.22610 0.17541 0.57444 0.02405 ( 3)
  61 Y   0.95509 0.00177 0.04305 0.00009 ( 1)
  62 T   0.77576 0.17635 0.03796 0.00993 ( 1)
  63 G   0.00463 0.94531 0.00021 0.04986 ( 2)
  64 A   0.00001 0.94702 0.00000 0.05297 ( 2)
  65 I   0.00270 0.94586 0.00013 0.05132 ( 2)
  66 D   0.00012 0.93956 0.00001 0.06030 ( 2)
  67 S   0.00049 0.94488 0.00004 0.05458 ( 2)
  68 H   0.00001 0.94131 0.00000 0.05867 ( 2)
  69 R   0.00056 0.93747 0.00004 0.06193 ( 2)
  70 P   0.00001 0.94903 0.00000 0.05096 ( 2)
  71 T   0.00010 0.88468 0.00002 0.11519 ( 2)
  72 S   0.00015 0.92557 0.00001 0.07427 ( 2)
  73 P   0.62682 0.32628 0.02921 0.01768 ( 1)
  74 -   0.32385 0.60477 0.02490 0.04648 ( 2)
  75 G   0.65767 0.29729 0.02934 0.01569 ( 1)
  76 E   0.00539 0.90612 0.00638 0.08211 ( 2)
  77 R   0.03573 0.90542 0.00208 0.05676 ( 2)
  78 I   0.72175 0.23145 0.03409 0.01272 ( 1)
  79 G   0.11691 0.82839 0.00616 0.04854 ( 2)
  80 V   0.30963 0.63904 0.01533 0.03600 ( 2)
  81 W   0.93351 0.00658 0.05946 0.00044 ( 1)
  82 Y   0.18641 0.76502 0.00830 0.04027 ( 2)
  83 G   0.95205 0.00496 0.04272 0.00026 ( 1)
  84 N   0.03220 0.91746 0.00139 0.04895 ( 2)
  85 R   0.00001 0.92627 0.00000 0.07371 ( 2)
  86 N   0.00929 0.90265 0.00061 0.08745 ( 2)
  87 T   0.00002 0.82266 0.00004 0.17727 ( 2)
  88 Y   0.00005 0.85923 0.00014 0.14058 ( 2)
  89 I   0.00000 0.95078 0.00000 0.04922 ( 2)
  90 N   0.00000 0.88735 0.00000 0.11264 ( 2)
  91 P   0.16256 0.78230 0.00889 0.04625 ( 2)
  92 D   0.00762 0.94352 0.00035 0.04852 ( 2)
  93 T   0.00014 0.80211 0.00067 0.19709 ( 2)
  94 N   0.00014 0.95205 0.00001 0.04780 ( 2)
  95 E   0.00033 0.94181 0.00002 0.05785 ( 2)
  96 -   0.34495 0.58367 0.02652 0.04486 ( 2)
  97 V   0.00202 0.94482 0.00010 0.05307 ( 2)
  98 S   0.00004 0.93567 0.00000 0.06429 ( 2)
  99 Y   0.00044 0.94956 0.00002 0.04998 ( 2)
 100 R   0.00667 0.94099 0.00032 0.05201 ( 2)
 101 F   0.00000 0.94913 0.00000 0.05086 ( 2)
 102 T   0.00005 0.95085 0.00000 0.04910 ( 2)
 103 G   0.90550 0.04411 0.04779 0.00261 ( 1)
 104 E   0.00005 0.94878 0.00000 0.05117 ( 2)
 105 L   0.00000 0.82412 0.00000 0.17587 ( 2)
 106 A   0.15283 0.79512 0.00751 0.04455 ( 2)
 107 Y   0.00674 0.94325 0.00030 0.04970 ( 2)
 108 E   0.38523 0.56625 0.01788 0.03063 ( 2)
 109 N   0.00040 0.88466 0.00090 0.11403 ( 2)
 110 P   0.00051 0.94415 0.00003 0.05531 ( 2)
 111 Y   0.00476 0.93082 0.00033 0.06409 ( 2)
 112 T   0.58858 0.36713 0.02522 0.01908 ( 1)
 113 F   0.06241 0.87877 0.00350 0.05531 ( 2)
 114 I   0.06807 0.88440 0.00284 0.04469 ( 2)
 115 G   0.00001 0.85209 0.00004 0.14787 ( 2)
 116 S   0.01512 0.93676 0.00068 0.04743 ( 2)
 117 F   0.01446 0.74486 0.06607 0.17461 ( 2)
 118 F   0.00002 0.86232 0.00006 0.13760 ( 2)
 119 D   0.19139 0.76363 0.00751 0.03747 ( 2)
 120 N   0.52396 0.43429 0.02035 0.02139 ( 1)
 121 D   0.96035 0.00128 0.03831 0.00006 ( 1)
 122 I   0.94168 0.01755 0.03986 0.00091 ( 1)
 123 Y   0.80742 0.12802 0.05548 0.00908 ( 1)
 124 K   0.86744 0.08810 0.03971 0.00476 ( 1)
 125 V   0.00032 0.94646 0.00002 0.05321 ( 2)
 126 A   0.00131 0.81997 0.00437 0.17436 ( 2)
 127 L   0.33056 0.61415 0.01818 0.03711 ( 2)
 128 R   0.00457 0.94230 0.00023 0.05291 ( 2)
 129 A   0.92429 0.03362 0.04032 0.00177 ( 1)
 130 A   0.57559 0.37971 0.02493 0.01977 ( 1)
 131 A   0.00000 0.76668 0.00002 0.23330 ( 2)
 132 -   0.34380 0.58482 0.02643 0.04495 ( 2)
 133 -   0.40362 0.52500 0.03102 0.04035 ( 2)
 134 -   0.40656 0.52206 0.03125 0.04013 ( 2)
 135 -   0.02735 0.90127 0.00211 0.06927 ( 2)
 136 V   0.51651 0.43813 0.02252 0.02284 ( 1)
 137 S   0.00192 0.94789 0.00009 0.05011 ( 2)
 138 T   0.00061 0.93050 0.00004 0.06884 ( 2)
 139 T   0.06949 0.87668 0.00339 0.05044 ( 2)
 140 F   0.00000 0.94856 0.00000 0.05144 ( 2)
 141 G   0.00000 0.94143 0.00000 0.05856 ( 2)
 142 S   0.00101 0.93409 0.00007 0.06483 ( 2)
 143 N   0.00000 0.95144 0.00000 0.04856 ( 2)
 144 D   0.12919 0.82548 0.00507 0.04026 ( 2)
 145 S   0.00000 0.93572 0.00000 0.06428 ( 2)
 146 T   0.12008 0.83209 0.00511 0.04272 ( 2)
 147 F   0.93590 0.02256 0.04036 0.00117 ( 1)
 148 G   0.94452 0.00530 0.04987 0.00031 ( 1)
 149 V   0.91840 0.03919 0.04035 0.00206 ( 1)
 150 S   0.24119 0.71367 0.00979 0.03535 ( 2)
 151 S   0.00002 0.94206 0.00000 0.05791 ( 2)
 152 S   0.93891 0.01747 0.04268 0.00094 ( 1)
 153 Q   0.00001 0.93788 0.00000 0.06211 ( 2)
 154 F   0.94957 0.00900 0.04096 0.00047 ( 1)
 155 F   0.93614 0.02233 0.04037 0.00116 ( 1)
 156 N   0.00011 0.95354 0.00000 0.04634 ( 2)
 157 R   0.01825 0.76625 0.06811 0.14739 ( 2)
 158 R   0.00153 0.94601 0.00007 0.05239 ( 2)
 159 G   0.73145 0.21725 0.03851 0.01279 ( 1)
 160 I   0.00002 0.94750 0.00000 0.05248 ( 2)
 161 H   0.25458 0.69715 0.01159 0.03668 ( 2)
 162 Q   0.00000 0.94435 0.00000 0.05564 ( 2)
 163 L   0.12910 0.80999 0.00797 0.05294 ( 2)
 164 Y   0.06840 0.88221 0.00304 0.04635 ( 2)
 165 E   0.00011 0.84450 0.00037 0.15502 ( 2)
 166 S   0.00076 0.94133 0.00004 0.05787 ( 2)
 167 S   0.00030 0.95135 0.00001 0.04833 ( 2)
 168 -   0.39529 0.53333 0.03038 0.04099 ( 2)
 169 -   0.41262 0.51600 0.03171 0.03966 ( 2)
 170 -   0.38949 0.53913 0.02994 0.04144 ( 2)
 171 -   0.34438 0.58424 0.02648 0.04490 ( 2)
 172 -   0.03259 0.89603 0.00251 0.06887 ( 2)
 173 -   0.41262 0.51600 0.03171 0.03966 ( 2)
 174 -   0.02686 0.90176 0.00207 0.06931 ( 2)
 175 -   0.83233 0.09629 0.06396 0.00742 ( 1)
 176 -   0.32385 0.60477 0.02490 0.04648 ( 2)
 177 -   0.38790 0.54072 0.02982 0.04156 ( 2)
 178 -   0.33510 0.59353 0.02576 0.04561 ( 2)
 179 -   0.40234 0.52628 0.03093 0.04045 ( 2)
 180 -   0.00135 0.92727 0.00010 0.07127 ( 2)
 181 -   0.38949 0.53913 0.02994 0.04144 ( 2)
 182 -   0.35288 0.57574 0.02713 0.04425 ( 2)
 183 Q   0.00000 0.94434 0.00000 0.05565 ( 2)
 184 P   0.00198 0.94715 0.00009 0.05078 ( 2)
 185 I   0.00001 0.94838 0.00000 0.05161 ( 2)
 186 P   0.00081 0.93558 0.00005 0.06356 ( 2)
 187 S   0.00097 0.94892 0.00004 0.05007 ( 2)
 188 W   0.00001 0.93699 0.00000 0.06300 ( 2)
 189 P   0.27811 0.67277 0.01291 0.03621 ( 2)
 190 I   0.86911 0.08505 0.04115 0.00469 ( 1)
 191 T   0.02261 0.92881 0.00096 0.04761 ( 2)
 192 L   0.00008 0.84629 0.00027 0.15337 ( 2)
 193 A   0.04505 0.90091 0.00222 0.05182 ( 2)
 194 F   0.05221 0.89979 0.00222 0.04578 ( 2)
 195 P   0.94670 0.00319 0.04992 0.00019 ( 1)
 196 G   0.85223 0.09710 0.04494 0.00573 ( 1)
 197 E   0.22777 0.72269 0.01055 0.03899 ( 2)
 198 E   0.53477 0.41770 0.02487 0.02266 ( 1)
 199 S   0.87437 0.07157 0.04961 0.00445 ( 1)
 200 S   0.00030 0.94169 0.00002 0.05799 ( 2)
 201 E   0.00097 0.94801 0.00004 0.05098 ( 2)
 202 G   0.20282 0.74315 0.01063 0.04340 ( 2)
 203 N   0.84435 0.11683 0.03305 0.00577 ( 1)
 204 A   0.13988 0.80791 0.00687 0.04535 ( 2)
 205 N   0.91636 0.04545 0.03594 0.00225 ( 1)
 206 D   0.95454 0.00704 0.03807 0.00035 ( 1)
 207 Y   0.95472 0.00213 0.04303 0.00011 ( 1)
 208 S   0.93721 0.02304 0.03858 0.00116 ( 1)
 209 H   0.95755 0.00062 0.04180 0.00003 ( 1)
 210 R   0.01081 0.92984 0.00063 0.05872 ( 2)
 211 L   0.93284 0.01204 0.05436 0.00076 ( 1)
 212 C   0.70069 0.25336 0.03230 0.01365 ( 1)
 213 D   0.74165 0.21809 0.02942 0.01084 ( 1)
 214 V   0.93250 0.00783 0.05914 0.00053 ( 1)
 215 K   0.06240 0.88761 0.00282 0.04717 ( 2)
 216 N   0.91636 0.04545 0.03594 0.00225 ( 1)
 217 I   0.51273 0.44316 0.02151 0.02260 ( 1)
 218 T   0.91459 0.03839 0.04485 0.00217 ( 1)
 219 G   0.74862 0.20017 0.03942 0.01179 ( 1)
 220 G   0.90797 0.04165 0.04792 0.00246 ( 1)
 221 L   0.85371 0.09997 0.04081 0.00552 ( 1)
 222 R   0.51333 0.43637 0.02562 0.02467 ( 1)
 223 Q   0.89347 0.05529 0.04795 0.00330 ( 1)
 224 T   0.02574 0.92175 0.00125 0.05127 ( 2)
 225 P   0.00104 0.94701 0.00005 0.05190 ( 2)
 226 A   0.02319 0.91467 0.00146 0.06068 ( 2)
 227 R   0.03042 0.91072 0.00177 0.05709 ( 2)
 228 G   0.28935 0.64860 0.01851 0.04354 ( 2)
 229 -   0.38216 0.54647 0.02938 0.04200 ( 2)
 230 R   0.37652 0.57242 0.01877 0.03229 ( 2)
 231 S   0.49014 0.46312 0.02210 0.02463 ( 1)
 232 S   0.52355 0.42990 0.02364 0.02292 ( 1)
 233 L   0.85835 0.08882 0.04742 0.00541 ( 1)
 234 L   0.21497 0.72920 0.01182 0.04401 ( 2)
 235 S   0.05297 0.88935 0.00299 0.05469 ( 2)
 236 H   0.89254 0.06516 0.03890 0.00339 ( 1)
 237 A   0.34013 0.60893 0.01673 0.03421 ( 2)
 238 W   0.93351 0.00658 0.05946 0.00044 ( 1)
 239 T   0.94292 0.01023 0.04627 0.00058 ( 1)
 240 H   0.95755 0.00062 0.04180 0.00003 ( 1)
 241 S   0.00000 0.95038 0.00000 0.04962 ( 2)
 242 -   0.84172 0.08691 0.06468 0.00670 ( 1)

