Supplemental results for CODEML (seqf: algn  treef: tree)


dN/dS (w) for site classes (K=4)

site class             0        1       2a       2b
proportion       0.35318  0.51891  0.05180  0.07611
background w     0.08772  1.00000  0.08772  1.00000
foreground w     0.08772  1.00000  1.00000  1.00000

Naive Empirical Bayes (NEB) probabilities for 4 classes
(amino acids refer to 1st sequence: BT_Cry1Be1)

   1 -   0.53755 0.38511 0.02085 0.05648 ( 1)
   2 S   0.00346 0.86792 0.00133 0.12730 ( 2)
   3 D   0.97635 0.00022 0.02340 0.00003 ( 1)
   4 S   0.47902 0.43902 0.01756 0.06439 ( 1)
   5 I   0.94568 0.00130 0.05283 0.00019 ( 1)
   6 T   0.90795 0.03013 0.05750 0.00442 ( 1)
   7 Q   0.03201 0.83189 0.01409 0.12201 ( 2)
   8 I   0.17969 0.70153 0.01589 0.10289 ( 2)
   9 P   0.95499 0.00771 0.03617 0.00113 ( 1)
  10 L   0.02748 0.84615 0.00226 0.12410 ( 2)
  11 V   0.88665 0.06123 0.04314 0.00898 ( 1)
  12 K   0.97079 0.00022 0.02896 0.00003 ( 1)
  13 S   0.17398 0.66676 0.06147 0.09779 ( 2)
  14 F   0.00505 0.86439 0.00378 0.12678 ( 2)
  15 N   0.00080 0.86856 0.00326 0.12739 ( 2)
  16 L   0.68325 0.18884 0.10021 0.02770 ( 1)
  17 N   0.00027 0.87182 0.00004 0.12787 ( 2)
  18 S   0.00146 0.86977 0.00120 0.12757 ( 2)
  19 G   0.00115 0.87010 0.00114 0.12762 ( 2)
  20 T   0.13377 0.22130 0.61248 0.03246 ( 3)
  21 S   0.44133 0.46032 0.03083 0.06752 ( 2)
  22 V   0.96536 0.00032 0.03427 0.00005 ( 1)
  23 V   0.86122 0.08627 0.03986 0.01265 ( 1)
  24 S   0.00351 0.85231 0.01916 0.12501 ( 2)
  25 G   0.96203 0.00064 0.03724 0.00009 ( 1)
  26 P   0.96823 0.00019 0.03155 0.00003 ( 1)
  27 G   0.94251 0.00068 0.05672 0.00010 ( 1)
  28 F   0.96394 0.00188 0.03390 0.00028 ( 1)
  29 T   0.94549 0.01690 0.03514 0.00248 ( 1)
  30 G   0.96326 0.00057 0.03609 0.00008 ( 1)
  31 G   0.95695 0.00289 0.03974 0.00042 ( 1)
  32 D   0.72933 0.21234 0.02719 0.03114 ( 1)
  33 I   0.62660 0.27554 0.05744 0.04041 ( 1)
  34 I   0.91466 0.04457 0.03424 0.00654 ( 1)
  35 R   0.81961 0.11815 0.04491 0.01733 ( 1)
  36 T   0.42353 0.45352 0.05643 0.06652 ( 2)
  37 N   0.07852 0.79885 0.00546 0.11717 ( 2)
  38 V   0.01141 0.86094 0.00138 0.12627 ( 2)
  39 N   0.03380 0.83425 0.00959 0.12236 ( 2)
  40 -   0.35318 0.51891 0.05180 0.07611 ( 2)
  41 -   0.35318 0.51891 0.05180 0.07611 ( 2)
  42 -   0.35318 0.51891 0.05180 0.07611 ( 2)
  43 G   0.10469 0.02370 0.86814 0.00348 ( 3)
  44 S   0.00765 0.86496 0.00052 0.12686 ( 2)
  45 V   0.31748 0.57823 0.01948 0.08481 ( 2)
  46 L   0.00001 0.87209 0.00000 0.12791 ( 2)
  47 S   0.07394 0.80168 0.00679 0.11758 ( 2)
  48 M   0.00539 0.86712 0.00031 0.12718 ( 2)
  49 G   0.00052 0.86976 0.00215 0.12757 ( 2)
  50 L   0.11279 0.76091 0.01470 0.11160 ( 2)
  51 N   0.01183 0.86130 0.00054 0.12633 ( 2)
  52 F   0.07461 0.79517 0.01360 0.11663 ( 2)
  53 N   0.30227 0.51359 0.10882 0.07533 ( 2)
  54 N   0.00097 0.87120 0.00006 0.12778 ( 2)
  55 -   0.58273 0.33667 0.03122 0.04938 ( 1)
  56 -   0.01096 0.86113 0.00161 0.12630 ( 2)
  57 -   0.02582 0.84627 0.00379 0.12412 ( 2)
  58 T   0.00004 0.87203 0.00002 0.12790 ( 2)
  59 S   0.01768 0.85572 0.00110 0.12551 ( 2)
  60 L   0.00001 0.87208 0.00000 0.12791 ( 2)
  61 Q   0.01240 0.85320 0.00926 0.12514 ( 2)
  62 R   0.07836 0.79945 0.00494 0.11725 ( 2)
  63 Y   0.96764 0.00019 0.03214 0.00003 ( 1)
  64 R   0.12835 0.02389 0.84427 0.00350 ( 3)
  65 V   0.05828 0.79119 0.03449 0.11604 ( 2)
  66 R   0.96984 0.00023 0.02990 0.00003 ( 1)
  67 V   0.95999 0.00495 0.03433 0.00073 ( 1)
  68 R   0.95971 0.00222 0.03774 0.00033 ( 1)
  69 Y   0.96764 0.00019 0.03214 0.00003 ( 1)
  70 A   0.96656 0.00083 0.03248 0.00012 ( 1)
  71 A   0.93561 0.00871 0.05439 0.00128 ( 1)
  72 S   0.38316 0.51776 0.02314 0.07594 ( 2)
  73 Q   0.00164 0.87018 0.00055 0.12763 ( 2)
  74 T   0.00268 0.86724 0.00289 0.12720 ( 2)
  75 M   0.00108 0.87107 0.00010 0.12776 ( 2)
  76 V   0.00905 0.85497 0.01058 0.12540 ( 2)
  77 L   0.95458 0.01255 0.03103 0.00184 ( 1)
  78 R   0.12393 0.73549 0.03271 0.10787 ( 2)
  79 V   0.64520 0.12776 0.20830 0.01874 ( 1)
  80 T   0.00238 0.86994 0.00008 0.12759 ( 2)
  81 V   0.00022 0.87184 0.00007 0.12787 ( 2)
  82 G   0.00004 0.87204 0.00001 0.12790 ( 2)
  83 -   0.00440 0.86788 0.00043 0.12729 ( 2)
  84 -   0.35318 0.51891 0.05180 0.07611 ( 2)
  85 -   0.35318 0.51891 0.05180 0.07611 ( 2)
  86 G   0.00513 0.85358 0.01610 0.12519 ( 2)
  87 S   0.00020 0.87185 0.00007 0.12787 ( 2)
  88 T   0.00847 0.86401 0.00079 0.12672 ( 2)
  89 T   0.00273 0.86500 0.00540 0.12687 ( 2)
  90 F   0.05637 0.68656 0.15636 0.10070 ( 2)
  91 D   0.04036 0.70866 0.14704 0.10394 ( 2)
  92 Q   0.00005 0.87204 0.00000 0.12790 ( 2)
  93 G   0.00000 0.87209 0.00000 0.12791 ( 2)
  94 F   0.96923 0.00333 0.02696 0.00049 ( 1)
  95 P   0.00296 0.86936 0.00017 0.12751 ( 2)
  96 S   0.04493 0.83005 0.00329 0.12174 ( 2)
  97 T   0.96405 0.00049 0.03539 0.00007 ( 1)
  98 M   0.97643 0.00002 0.02354 0.00000 ( 1)
  99 S   0.02366 0.84402 0.00853 0.12379 ( 2)
 100 A   0.00051 0.87075 0.00103 0.12771 ( 2)
 101 N   0.72051 0.22173 0.02523 0.03252 ( 1)
 102 E   0.01040 0.77336 0.10282 0.11343 ( 2)
 103 S   0.96262 0.00436 0.03238 0.00064 ( 1)
 104 L   0.80799 0.10750 0.06875 0.01577 ( 1)
 105 T   0.94603 0.01065 0.04176 0.00156 ( 1)
 106 S   0.45497 0.46177 0.01554 0.06773 ( 2)
 107 Q   0.07807 0.80105 0.00340 0.11749 ( 2)
 108 S   0.33678 0.55475 0.02710 0.08137 ( 2)
 109 F   0.97405 0.00006 0.02587 0.00001 ( 1)
 110 R   0.88568 0.05969 0.04588 0.00875 ( 1)
 111 F   0.95356 0.00274 0.04329 0.00040 ( 1)
 112 A   0.43043 0.09540 0.46018 0.01399 ( 3)
 113 E   0.00717 0.85217 0.01568 0.12499 ( 2)
 114 F   0.85358 0.09177 0.04119 0.01346 ( 1)
 115 P   0.00471 0.86569 0.00263 0.12697 ( 2)
 116 V   0.04695 0.80845 0.02603 0.11857 ( 2)
 117 G   0.01190 0.85223 0.01088 0.12500 ( 2)
 118 I   0.03060 0.82591 0.02236 0.12114 ( 2)
 119 S   0.00000 0.87209 0.00000 0.12791 ( 2)
 120 -   0.66468 0.20741 0.09749 0.03042 ( 1)
 121 A   0.00988 0.86064 0.00325 0.12623 ( 2)
 122 S   0.01554 0.85750 0.00119 0.12577 ( 2)
 123 G   0.00689 0.86564 0.00051 0.12696 ( 2)
 124 S   0.00096 0.87086 0.00046 0.12773 ( 2)
 125 Q   0.00003 0.87206 0.00001 0.12790 ( 2)
 126 T   0.00011 0.87195 0.00005 0.12789 ( 2)
 127 A   0.00002 0.87205 0.00003 0.12790 ( 2)
 128 G   0.11782 0.33526 0.49775 0.04917 ( 3)
 129 I   0.96557 0.00058 0.03376 0.00009 ( 1)
 130 -   0.35318 0.51891 0.05180 0.07611 ( 2)
 131 -   0.35318 0.51891 0.05180 0.07611 ( 2)
 132 S   0.01059 0.84141 0.02460 0.12341 ( 2)
 133 I   0.02632 0.79026 0.06752 0.11591 ( 2)
 134 S   0.00989 0.86237 0.00126 0.12648 ( 2)
 135 N   0.01007 0.77500 0.10126 0.11367 ( 2)
 136 N   0.00019 0.87128 0.00074 0.12779 ( 2)
 137 A   0.00000 0.87208 0.00000 0.12791 ( 2)
 138 G   0.00935 0.84116 0.02612 0.12337 ( 2)
 139 R   0.00001 0.87198 0.00012 0.12789 ( 2)
 140 Q   0.00070 0.87115 0.00038 0.12777 ( 2)
 141 T   0.01639 0.84601 0.01351 0.12408 ( 2)
 142 F   0.25435 0.57185 0.08992 0.08387 ( 2)
 143 H   0.93370 0.02729 0.03500 0.00400 ( 1)
 144 F   0.24251 0.58072 0.09159 0.08517 ( 2)
 145 D   0.94665 0.00082 0.05241 0.00012 ( 1)
 146 K   0.05379 0.75607 0.07925 0.11089 ( 2)
 147 I   0.92592 0.01862 0.05273 0.00273 ( 1)
 148 E   0.94609 0.00063 0.05319 0.00009 ( 1)
 149 F   0.56656 0.14823 0.26347 0.02174 ( 1)
 150 I   0.86447 0.00762 0.12679 0.00112 ( 1)
 151 -   0.35318 0.51891 0.05180 0.07611 ( 2)


lnL = -2559.865502

