Supplemental results for CODEML (seqf: algn  treef: tree)


dN/dS (w) for site classes (K=4)

site class             0        1       2a       2b
proportion       0.35315  0.45808  0.08218  0.10660
background w     0.08005  0.86399  0.08005  0.86399
foreground w     0.08005  0.86399 27.45530 27.45530

Naive Empirical Bayes (NEB) probabilities for 4 classes
(amino acids refer to 1st sequence: BT_Cry7Cb1)

   1 E   0.93041 0.05444 0.01347 0.00168 ( 1)
   2 T   0.96091 0.02029 0.01812 0.00067 ( 1)
   3 V   0.01034 0.98131 0.00007 0.00828 ( 2)
   4 T   0.73838 0.23973 0.01393 0.00797 ( 1)
   5 E   0.87608 0.11724 0.00568 0.00100 ( 1)
   6 L   0.95828 0.03504 0.00633 0.00036 ( 1)
   7 T   0.96091 0.02029 0.01812 0.00067 ( 1)
   8 R   0.98439 0.00788 0.00763 0.00010 ( 1)
   9 Q   0.93207 0.05851 0.00854 0.00089 ( 1)
  10 I   0.46842 0.07926 0.44361 0.00871 ( 1)
  11 F   0.22556 0.71767 0.01674 0.04003 ( 2)
  12 T   0.96529 0.01561 0.01849 0.00060 ( 1)
  13 D   0.96656 0.02421 0.00886 0.00037 ( 1)
  14 P   0.97808 0.01308 0.00867 0.00017 ( 1)
  15 I   0.24205 0.20765 0.50003 0.05027 ( 3)
  16 G   0.93817 0.04784 0.01275 0.00124 ( 1)
  17 L   0.45469 0.48603 0.02606 0.03323 ( 2)
  18 R   0.09417 0.71705 0.02191 0.16686 ( 2)
  19 G   0.56213 0.24910 0.13081 0.05797 ( 1)
  20 I   0.65545 0.15577 0.15252 0.03625 ( 1)
  21 N   0.66768 0.14355 0.15537 0.03340 ( 1)
  22 E   0.50844 0.30278 0.11832 0.07046 ( 1)
  23 S   0.09200 0.71923 0.02141 0.16737 ( 2)
  24 K   0.62266 0.18857 0.14489 0.04388 ( 1)
  25 Y   0.60061 0.21062 0.13976 0.04901 ( 1)
  26 P   0.96946 0.01158 0.01867 0.00030 ( 1)
  27 D   0.92617 0.04813 0.02415 0.00155 ( 1)
  28 W   0.95765 0.03084 0.01111 0.00040 ( 1)
  29 Y   0.62974 0.34398 0.01655 0.00974 ( 1)
  30 G   0.04850 0.90658 0.00173 0.04319 ( 2)
  31 A   0.00151 0.43783 0.01520 0.54546 ( 4)
  32 A   0.01284 0.81492 0.01652 0.15572 ( 2)
  33 S   0.64873 0.29590 0.03454 0.02082 ( 1)
  34 -   0.85140 0.13219 0.01232 0.00409 ( 1)
  35 -   0.69204 0.28302 0.01646 0.00847 ( 1)
  36 D   0.00018 0.93960 0.00001 0.06021 ( 2)
  37 S   0.01003 0.95225 0.00032 0.03739 ( 2)
  38 F   0.94329 0.03059 0.02501 0.00111 ( 1)
  39 S   0.00701 0.98455 0.00005 0.00840 ( 2)
  40 L   0.44915 0.54330 0.00291 0.00463 ( 2)
  41 I   0.97441 0.01227 0.01302 0.00030 ( 1)
  42 E   0.98389 0.00698 0.00902 0.00011 ( 1)
  43 N   0.88905 0.07999 0.02596 0.00500 ( 1)
  44 R   0.00194 0.96453 0.00005 0.03348 ( 2)
  45 A   0.75532 0.23728 0.00499 0.00241 ( 1)
  46 V   0.12259 0.83426 0.00316 0.03999 ( 2)
  47 P   0.19252 0.77130 0.00780 0.02838 ( 2)
  48 Q   0.00365 0.70453 0.01621 0.27561 ( 2)
  49 P   0.49736 0.07520 0.42014 0.00730 ( 1)
  50 S   0.00001 0.15917 0.00553 0.83530 ( 4)
  51 L   0.00422 0.12844 0.26485 0.60249 ( 4)
  52 F   0.83893 0.13418 0.02226 0.00463 ( 1)
  53 Q   0.55590 0.42818 0.00690 0.00902 ( 1)
  54 W   0.02448 0.91186 0.00095 0.06271 ( 2)
  55 L   0.90897 0.06680 0.02244 0.00179 ( 1)
  56 T   0.00254 0.85767 0.00183 0.13796 ( 2)
  57 E   0.00533 0.80573 0.01123 0.17771 ( 2)
  58 F   0.67228 0.32003 0.00444 0.00325 ( 1)
  59 K   0.00061 0.92076 0.00005 0.07858 ( 2)
  60 V   0.05320 0.86197 0.00318 0.08165 ( 2)
  61 Y   0.00009 0.97553 0.00000 0.02438 ( 2)
  62 T   0.01571 0.94213 0.00063 0.04153 ( 2)
  63 K   0.07968 0.60658 0.16349 0.15026 ( 2)
  64 Y   0.00003 0.97225 0.00000 0.02772 ( 2)
  65 V   0.64091 0.32540 0.01771 0.01598 ( 1)
  66 E   0.00016 0.97796 0.00000 0.02188 ( 2)
  67 P   0.10313 0.87971 0.00151 0.01566 ( 2)
  68 N   0.01177 0.94230 0.00066 0.04528 ( 2)
  69 D   0.00041 0.00926 0.83367 0.15666 ( 3)
  70 K   0.00725 0.97169 0.00014 0.02092 ( 2)
  71 L   0.00000 0.19552 0.00192 0.80255 ( 4)
  72 T   0.00435 0.57947 0.02710 0.38908 ( 2)
  73 I   0.70345 0.10777 0.16370 0.02508 ( 1)
  74 L   0.02704 0.95099 0.00026 0.02171 ( 2)
  75 A   0.00031 0.07355 0.26860 0.65754 ( 4)
  76 G   0.01739 0.89736 0.01004 0.07521 ( 2)
  77 H   0.00396 0.93307 0.00022 0.06275 ( 2)
  78 S   0.44893 0.51928 0.01028 0.02151 ( 2)
  79 V   0.36515 0.59482 0.01125 0.02877 ( 2)
  80 T   0.03693 0.95080 0.00029 0.01198 ( 2)
  81 T   0.91576 0.01453 0.06772 0.00200 ( 1)
  82 Q   0.00024 0.22689 0.00156 0.77131 ( 4)
  83 Y   0.08581 0.88481 0.00251 0.02687 ( 2)
  84 T   0.07776 0.84791 0.00405 0.07028 ( 2)
  85 S   0.00031 0.87307 0.00045 0.12618 ( 2)
  86 Y   0.00073 0.87920 0.00086 0.11922 ( 2)
  87 Y   0.03420 0.93635 0.00049 0.02895 ( 2)
  88 K   0.00039 0.85069 0.00020 0.14873 ( 2)
  89 K   0.00209 0.91799 0.00014 0.07977 ( 2)
  90 -   0.00741 0.80382 0.00172 0.18705 ( 2)
  91 -   0.00387 0.22996 0.54686 0.21931 ( 3)
  92 -   0.02543 0.78878 0.03808 0.14770 ( 2)
  93 -   0.00165 0.83550 0.00207 0.16078 ( 2)
  94 -   0.00006 0.06372 0.08476 0.85147 ( 4)
  95 -   0.02568 0.86668 0.00248 0.10516 ( 2)
  96 -   0.00502 0.25765 0.52613 0.21120 ( 3)
  97 -   0.17140 0.70293 0.01772 0.10796 ( 2)
  98 -   0.53971 0.44825 0.00626 0.00578 ( 1)
  99 -   0.68085 0.31208 0.00441 0.00266 ( 1)
 100 -   0.63252 0.33899 0.01542 0.01306 ( 1)
 101 -   0.10878 0.46745 0.29546 0.12831 ( 2)
 102 -   0.79078 0.20009 0.00648 0.00264 ( 1)
 103 -   0.26781 0.68401 0.00789 0.04029 ( 2)
 104 -   0.79078 0.20009 0.00648 0.00264 ( 1)
 105 -   0.00136 0.79264 0.00105 0.20496 ( 2)
 106 -   0.01694 0.66366 0.06773 0.25167 ( 2)
 107 -   0.11573 0.67750 0.12942 0.07735 ( 2)
 108 -   0.00006 0.03717 0.15129 0.81148 ( 4)
 109 -   0.20466 0.76541 0.00404 0.02589 ( 2)
 110 -   0.00003 0.24472 0.00216 0.75309 ( 4)
 111 -   0.64855 0.34168 0.00567 0.00410 ( 1)
 112 -   0.07902 0.80011 0.01134 0.10952 ( 2)
 113 -   0.00031 0.21387 0.09185 0.69397 ( 4)
 114 -   0.26099 0.71509 0.00444 0.01948 ( 2)
 115 -   0.17269 0.74602 0.01090 0.07039 ( 2)
 116 -   0.02562 0.79807 0.03610 0.14021 ( 2)
 117 -   0.01509 0.89493 0.00088 0.08909 ( 2)
 118 S   0.05532 0.91307 0.00115 0.03047 ( 2)
 119 T   0.91326 0.07521 0.01003 0.00150 ( 1)
 120 F   0.33877 0.02559 0.63015 0.00549 ( 3)
 121 T   0.21974 0.33276 0.38296 0.06455 ( 3)
 122 Y   0.04241 0.49874 0.21805 0.24080 ( 2)
 123 G   0.26155 0.51747 0.17575 0.04523 ( 2)
 124 D   0.06500 0.91713 0.00086 0.01701 ( 2)
 125 T   0.01912 0.75722 0.04032 0.18333 ( 2)
 126 S   0.74008 0.24768 0.00795 0.00428 ( 1)
 127 S   0.00369 0.81903 0.00440 0.17288 ( 2)
 128 A   0.05084 0.94336 0.00025 0.00556 ( 2)
 129 N   0.29989 0.68696 0.00275 0.01040 ( 2)
 130 S   0.04943 0.78353 0.00676 0.16028 ( 2)
 131 S   0.01928 0.96025 0.00024 0.02023 ( 2)
 132 R   0.00291 0.98063 0.00003 0.01644 ( 2)
 133 T   0.08194 0.62708 0.15503 0.13595 ( 2)
 134 F   0.07140 0.32343 0.42882 0.17635 ( 3)
 135 D   0.29199 0.69049 0.00476 0.01275 ( 2)
 136 L   0.00004 0.00302 0.68976 0.30717 ( 3)
 137 L   0.91168 0.02519 0.06098 0.00215 ( 1)
 138 A   0.74811 0.24154 0.00662 0.00373 ( 1)
 139 K   0.77626 0.15486 0.05311 0.01577 ( 1)
 140 D   0.00021 0.00464 0.84018 0.15497 ( 3)
 141 V   0.09465 0.89708 0.00061 0.00765 ( 2)
 142 Y   0.12238 0.66907 0.13721 0.07133 ( 2)
 143 Q   0.00149 0.55190 0.08739 0.35922 ( 2)
 144 V   0.00025 0.74683 0.00069 0.25223 ( 2)
 145 D   0.69148 0.29780 0.00612 0.00460 ( 1)
 146 S   0.00005 0.00781 0.52291 0.46924 ( 3)
 147 V   0.00007 0.64412 0.00023 0.35557 ( 2)
 148 A   0.91934 0.06810 0.01159 0.00098 ( 1)
 149 A   0.00003 0.94652 0.00000 0.05344 ( 2)
 150 A   0.00571 0.25172 0.55141 0.19117 ( 3)
 151 S   0.00019 0.03980 0.30827 0.65173 ( 4)
 152 K   0.88386 0.10929 0.00582 0.00103 ( 1)
 153 S   0.00010 0.00170 0.95055 0.04766 ( 3)
 154 A   0.23584 0.48630 0.08016 0.19770 ( 2)
 155 T   0.65811 0.29399 0.02513 0.02277 ( 1)
 156 W   0.00813 0.80310 0.00189 0.18688 ( 2)
 157 Y   0.60061 0.21062 0.13976 0.04901 ( 1)
 158 L   0.00715 0.80407 0.00166 0.18711 ( 2)
 159 A   0.51086 0.30037 0.11888 0.06990 ( 1)
 160 V   0.59357 0.21766 0.13812 0.05065 ( 1)
 161 P   0.60852 0.20270 0.14160 0.04717 ( 1)
 162 E   0.00022 0.81101 0.00005 0.18872 ( 2)
 163 M   0.00010 0.43775 0.00203 0.56012 ( 4)
 164 R   0.00834 0.91467 0.00245 0.07454 ( 2)
 165 L   0.00221 0.86926 0.00329 0.12524 ( 2)
 166 Y   0.57001 0.37601 0.02527 0.02872 ( 1)
 167 S   0.00348 0.85523 0.00457 0.13672 ( 2)
 168 I   0.00016 0.00322 0.86710 0.12952 ( 3)
 169 N   0.17664 0.79788 0.00343 0.02204 ( 2)
 170 T   0.00267 0.98254 0.00003 0.01476 ( 2)
 171 N   0.00092 0.23082 0.02615 0.74211 ( 4)
 172 N   0.03599 0.90048 0.00108 0.06244 ( 2)
 173 I   0.00001 0.82869 0.00000 0.17130 ( 2)
 174 L   0.17865 0.79606 0.00362 0.02168 ( 2)
 175 S   0.00285 0.00789 0.96019 0.02907 ( 3)
 176 E   0.80575 0.17215 0.01545 0.00666 ( 1)
 177 D   0.17844 0.63279 0.04152 0.14725 ( 2)
 178 Y   0.01100 0.80022 0.00256 0.18621 ( 2)
 179 F   0.59329 0.21793 0.13806 0.05071 ( 1)
 180 S   0.00353 0.00845 0.96860 0.01942 ( 3)
 181 L   0.08143 0.87835 0.00225 0.03796 ( 2)
 182 S   0.00014 0.58573 0.00111 0.41302 ( 2)
 183 T   0.54062 0.44334 0.00670 0.00934 ( 1)
 184 N   0.34918 0.37733 0.24051 0.03298 ( 2)
 185 I   0.97441 0.01227 0.01302 0.00030 ( 1)
 186 P   0.97399 0.01561 0.01016 0.00024 ( 1)
 187 S   0.50026 0.49180 0.00330 0.00464 ( 1)
 188 S   0.11070 0.74101 0.06703 0.08126 ( 2)
 189 K   0.10285 0.79925 0.00918 0.08871 ( 2)
 190 M   0.00018 0.98161 0.00000 0.01821 ( 2)
 191 R   0.08243 0.88235 0.00219 0.03302 ( 2)
 192 R   0.00523 0.79784 0.01010 0.18684 ( 2)
 193 M   0.03616 0.93807 0.00066 0.02511 ( 2)
 194 Y   0.57623 0.39366 0.01681 0.01331 ( 1)
 195 S   0.27663 0.68223 0.00589 0.03525 ( 2)
 196 S   0.67824 0.30704 0.00902 0.00569 ( 1)
 197 E   0.92874 0.06025 0.00976 0.00125 ( 1)
 198 E   0.11716 0.69406 0.02726 0.16151 ( 2)
 199 L   0.52695 0.28428 0.12262 0.06615 ( 1)
 200 P   0.43594 0.37529 0.10144 0.08733 ( 1)
 201 I   0.63286 0.17837 0.14727 0.04151 ( 1)
 202 G   0.15856 0.65267 0.03690 0.15188 ( 2)
 203 I   0.01999 0.79124 0.00465 0.18412 ( 2)
 204 S   0.07350 0.73772 0.01710 0.17167 ( 2)
 205 D   0.61742 0.19380 0.14368 0.04510 ( 1)
 206 T   0.00135 0.80987 0.00031 0.18846 ( 2)
 207 P   0.60852 0.20270 0.14160 0.04717 ( 1)
 208 I   0.65545 0.15577 0.15252 0.03625 ( 1)
 209 Y   0.60061 0.21062 0.13976 0.04901 ( 1)
 210 G   0.56213 0.24910 0.13081 0.05797 ( 1)
 211 D   0.65960 0.15163 0.15349 0.03528 ( 1)
 212 L   0.40304 0.40819 0.09379 0.09499 ( 2)
 213 E   0.48634 0.32489 0.11317 0.07560 ( 1)
 214 E   0.60889 0.20233 0.14169 0.04708 ( 1)
 215 Y   0.98214 0.00758 0.01016 0.00013 ( 1)
 216 S   0.32245 0.64685 0.00940 0.02129 ( 2)
 217 H   0.98898 0.00446 0.00650 0.00005 ( 1)
 218 R   0.97678 0.01546 0.00757 0.00019 ( 1)
 219 L   0.96176 0.02964 0.00828 0.00032 ( 1)
 220 S   0.81775 0.16856 0.01014 0.00355 ( 1)
 221 F   0.23148 0.74394 0.00534 0.01924 ( 2)
 222 I   0.75719 0.22710 0.01012 0.00559 ( 1)
 223 S   0.04193 0.08295 0.75352 0.12160 ( 3)
 224 E   0.42042 0.56353 0.00559 0.01045 ( 2)
 225 I   0.90447 0.02845 0.06400 0.00308 ( 1)
 226 M   0.10730 0.87505 0.00143 0.01623 ( 2)
 227 H   0.00103 0.49325 0.01157 0.49415 ( 4)
 228 N   0.00056 0.23407 0.01554 0.74983 ( 4)
 229 S   0.56986 0.41204 0.00975 0.00835 ( 1)
 230 G   0.00011 0.41796 0.01338 0.56855 ( 4)
 231 S   0.02878 0.92548 0.00079 0.04494 ( 2)
 232 V   0.35315 0.45808 0.08218 0.10660 ( 2)
 233 T   0.35315 0.45808 0.08218 0.10660 ( 2)
 234 G   0.35315 0.45808 0.08218 0.10660 ( 2)
 235 S   0.35315 0.45808 0.08218 0.10660 ( 2)
 236 N   0.35315 0.45808 0.08218 0.10660 ( 2)
 237 N   0.64977 0.31654 0.02061 0.01307 ( 1)
 238 I   0.70169 0.28503 0.00738 0.00591 ( 1)
 239 K   0.89677 0.09508 0.00695 0.00120 ( 1)
 240 G   0.52410 0.45766 0.00897 0.00928 ( 1)
 241 I   0.63905 0.34115 0.00925 0.01055 ( 1)
 242 I   0.97659 0.00871 0.01444 0.00026 ( 1)
 243 P   0.10125 0.67049 0.12968 0.09858 ( 2)
 244 V   0.90319 0.08262 0.01231 0.00188 ( 1)
 245 L   0.67370 0.31408 0.00697 0.00526 ( 1)
 246 G   0.97834 0.01507 0.00645 0.00014 ( 1)
 247 W   0.95765 0.03084 0.01111 0.00040 ( 1)
 248 T   0.94224 0.03743 0.01944 0.00090 ( 1)
 249 H   0.98898 0.00446 0.00650 0.00005 ( 1)
 250 T   0.00217 0.78609 0.02256 0.18917 ( 2)
 251 S   0.75716 0.05406 0.17619 0.01258 ( 1)


lnL = -3439.157955

