Supplemental results for CODEML (seqf: algn  treef: tree)


dN/dS (w) for site classes (K=4)

site class             0        1       2a       2b
proportion       0.29377  0.12102  0.41447  0.17074
background w     0.09435  1.61688  0.09435  1.61688
foreground w     0.09435  1.61688 999.00000 999.00000

Naive Empirical Bayes (NEB) probabilities for 4 classes
(amino acids refer to 1st sequence: BT_Cry30Aa1)

   1 -   0.29377 0.12102 0.41447 0.17074 ( 3)
   2 -   0.29377 0.12102 0.41447 0.17074 ( 3)
   3 R   0.55937 0.00206 0.43615 0.00241 ( 1)
   4 I   0.45170 0.00047 0.54721 0.00061 ( 3)
   5 T   0.57801 0.00068 0.42046 0.00084 ( 1)
   6 Q   0.51220 0.00036 0.48706 0.00038 ( 1)
   7 I   0.56624 0.00049 0.43265 0.00062 ( 1)
   8 P   0.52549 0.00042 0.47364 0.00045 ( 1)
   9 A   0.55163 0.00033 0.44764 0.00039 ( 1)
  10 V   0.55333 0.00033 0.44595 0.00038 ( 1)
  11 K   0.57011 0.00040 0.42904 0.00044 ( 1)
  12 A   0.57023 0.00035 0.42901 0.00041 ( 1)
  13 Y   0.00488 0.41157 0.00810 0.57545 ( 4)
  14 S   0.01095 0.40558 0.01134 0.57212 ( 4)
  15 L   0.39716 0.12333 0.34582 0.13370 ( 1)
  16 T   0.07888 0.33379 0.14555 0.44178 ( 4)
  17 S   0.40773 0.12912 0.33060 0.13255 ( 1)
  18 P   0.05965 0.22934 0.29966 0.41135 ( 4)
  19 -   0.13740 0.14812 0.53130 0.18318 ( 3)
  20 -   0.29377 0.12102 0.41447 0.17074 ( 3)
  21 A   0.06901 0.00289 0.92415 0.00395 ( 3)
  22 R   0.48990 0.07085 0.35367 0.08558 ( 1)
  23 V   0.24852 0.10800 0.46261 0.18087 ( 3)
  24 I   0.58227 0.00067 0.41635 0.00071 ( 1)
  25 V   0.03440 0.34672 0.08460 0.53427 ( 4)
  26 G   0.43709 0.00655 0.54823 0.00813 ( 3)
  27 P   0.52525 0.00074 0.47327 0.00074 ( 1)
  28 G   0.52426 0.00076 0.47422 0.00076 ( 1)
  29 H   0.43369 0.01764 0.52617 0.02250 ( 3)
  30 T   0.55958 0.00073 0.43880 0.00089 ( 1)
  31 G   0.52465 0.00032 0.47469 0.00034 ( 1)
  32 G   0.52464 0.00033 0.47468 0.00035 ( 1)
  33 D   0.58860 0.00017 0.41105 0.00019 ( 1)
  34 L   0.50058 0.00110 0.49710 0.00122 ( 1)
  35 V   0.22423 0.01343 0.74350 0.01884 ( 3)
  36 A   0.00302 0.01313 0.96418 0.01967 ( 3)
  37 L   0.50018 0.00112 0.49745 0.00125 ( 1)
  38 L   0.37916 0.03563 0.53495 0.05026 ( 3)
  39 N   0.37085 0.04394 0.52322 0.06200 ( 3)
  40 S   0.00172 0.41306 0.00243 0.58278 ( 4)
  41 G   0.00224 0.41254 0.00317 0.58205 ( 4)
  42 T   0.04055 0.37424 0.05721 0.52800 ( 4)
  43 Q   0.19293 0.22186 0.27220 0.31301 ( 4)
  44 S   0.00590 0.40889 0.00833 0.57689 ( 4)
  45 G   0.54868 0.00019 0.45094 0.00019 ( 1)
  46 T   0.00002 0.34393 0.03170 0.62435 ( 4)
  47 M   0.00504 0.17679 0.46329 0.35488 ( 3)
  48 Q   0.00255 0.38176 0.00507 0.61061 ( 4)
  49 I   0.56760 0.01605 0.39697 0.01939 ( 1)
  50 Q   0.01525 0.40061 0.05545 0.52869 ( 4)
  51 C   0.18628 0.01683 0.76837 0.02851 ( 3)
  52 K   0.35145 0.07147 0.48160 0.09548 ( 3)
  53 T   0.06990 0.01691 0.88728 0.02591 ( 3)
  54 G   0.00869 0.04299 0.87598 0.07234 ( 3)
  55 S   0.46545 0.00754 0.51752 0.00949 ( 3)
  56 F   0.01877 0.03005 0.90990 0.04128 ( 3)
  57 T   0.11617 0.01593 0.84481 0.02310 ( 3)
  58 G   0.02765 0.32858 0.21624 0.42752 ( 4)
  59 P   0.04173 0.37306 0.05887 0.52634 ( 4)
  60 S   0.51904 0.01438 0.45137 0.01520 ( 1)
  61 R   0.50221 0.00408 0.48934 0.00437 ( 1)
  62 Q   0.00548 0.41444 0.02073 0.55935 ( 4)
  63 Y   0.01507 0.00476 0.97257 0.00759 ( 3)
  64 G   0.51257 0.00280 0.48175 0.00287 ( 1)
  65 L   0.09049 0.16207 0.53576 0.21168 ( 3)
  66 R   0.51530 0.00179 0.48113 0.00179 ( 1)
  67 M   0.54220 0.02681 0.39789 0.03310 ( 1)
  68 R   0.51682 0.00027 0.48263 0.00028 ( 1)
  69 Y   0.54286 0.00024 0.45663 0.00026 ( 1)
  70 A   0.57041 0.00029 0.42898 0.00033 ( 1)
  71 A   0.57032 0.00042 0.42879 0.00048 ( 1)
  72 N   0.58590 0.00032 0.41344 0.00035 ( 1)
  73 S   0.09590 0.14281 0.56063 0.20066 ( 3)
  74 A   0.16468 0.31787 0.12606 0.39139 ( 4)
  75 F   0.34196 0.09451 0.44079 0.12273 ( 3)
  76 T   0.51045 0.02145 0.44487 0.02323 ( 1)
  77 V   0.10981 0.17140 0.48602 0.23277 ( 3)
  78 S   0.27980 0.21502 0.27500 0.23019 ( 1)
  79 L   0.02606 0.01114 0.94697 0.01583 ( 3)
  80 S   0.02415 0.25359 0.28288 0.43938 ( 4)
  81 Y   0.32763 0.11257 0.41602 0.14378 ( 3)
  82 T   0.03807 0.37672 0.05371 0.53151 ( 4)
  83 L   0.17728 0.23750 0.25013 0.33509 ( 4)
  84 L   0.00004 0.41475 0.00005 0.58516 ( 4)
  85 -   0.36427 0.05052 0.51394 0.07128 ( 3)
  86 G   0.18039 0.30604 0.18451 0.32906 ( 4)
  87 Q   0.00001 0.38572 0.00131 0.61296 ( 4)
  88 T   0.51081 0.05865 0.35964 0.07090 ( 1)
  89 R   0.00000 0.42479 0.00000 0.57521 ( 4)
  90 G   0.51201 0.04316 0.39567 0.04916 ( 1)
  91 T   0.12145 0.32666 0.14899 0.40290 ( 4)
  92 S   0.52972 0.01281 0.44356 0.01390 ( 1)
  93 F   0.02004 0.24948 0.31866 0.41182 ( 4)
  94 V   0.00213 0.49147 0.00201 0.50439 ( 4)
  95 T   0.38638 0.06826 0.46274 0.08262 ( 3)
  96 E   0.56005 0.00026 0.43941 0.00028 ( 1)
  97 N   0.00003 0.35043 0.00046 0.64909 ( 4)
  98 T   0.44770 0.00142 0.54911 0.00178 ( 3)
  99 F   0.53764 0.00157 0.45909 0.00170 ( 1)
 100 S   0.34975 0.17154 0.29269 0.18601 ( 1)
 101 R   0.57469 0.00473 0.41487 0.00571 ( 1)
 102 S   0.00005 0.44237 0.00026 0.55732 ( 4)
 103 N   0.59726 0.00020 0.40230 0.00024 ( 1)
 104 N   0.54748 0.00209 0.44814 0.00229 ( 1)
 105 I   0.30044 0.11435 0.42388 0.16133 ( 3)
 106 I   0.40653 0.00826 0.57356 0.01165 ( 3)
 107 P   0.39530 0.01948 0.55773 0.02749 ( 3)
 108 T   0.46455 0.01357 0.50638 0.01549 ( 3)
 109 D   0.08610 0.00096 0.91172 0.00122 ( 3)
 110 L   0.44787 0.00198 0.54772 0.00244 ( 3)
 111 K   0.05002 0.02844 0.88097 0.04057 ( 3)
 112 Y   0.53740 0.01640 0.42868 0.01752 ( 1)
 113 E   0.21753 0.11914 0.48623 0.17711 ( 3)
 114 E   0.06863 0.04397 0.83142 0.05599 ( 3)
 115 F   0.56143 0.00015 0.43827 0.00016 ( 1)
 116 K   0.05976 0.00283 0.93366 0.00375 ( 3)
 117 Y   0.54286 0.00024 0.45663 0.00026 ( 1)
 118 K   0.53308 0.00675 0.45250 0.00767 ( 1)
 119 D   0.55359 0.00579 0.43427 0.00635 ( 1)
 120 Y   0.16839 0.08757 0.62451 0.11953 ( 3)
 121 L   0.00000 0.40231 0.00003 0.59766 ( 4)
 122 Q   0.04733 0.02732 0.88889 0.03646 ( 3)
 123 I   0.36165 0.00345 0.63036 0.00455 ( 3)
 124 I   0.13948 0.00838 0.84097 0.01117 ( 3)
 125 T   0.42974 0.00653 0.55515 0.00859 ( 3)
 126 M   0.05739 0.13118 0.63893 0.17250 ( 3)
 127 T   0.57008 0.00774 0.41446 0.00773 ( 1)
 128 L   0.00001 0.39642 0.00009 0.60348 ( 4)
 129 P   0.52544 0.00046 0.47359 0.00050 ( 1)
 130 -   0.09933 0.17868 0.48670 0.23529 ( 3)
 131 A   0.28542 0.23354 0.22466 0.25638 ( 1)
 132 N   0.35053 0.00136 0.64639 0.00172 ( 3)
 133 T   0.12946 0.09403 0.65943 0.11708 ( 3)
 134 I   0.00223 0.13591 0.62043 0.24143 ( 3)
 135 I   0.18004 0.08478 0.62370 0.11148 ( 3)
 136 T   0.58608 0.00109 0.41164 0.00119 ( 1)
 137 I   0.56891 0.00060 0.42976 0.00073 ( 1)
 138 S   0.00033 0.31986 0.09911 0.58070 ( 4)
 139 M   0.01421 0.38305 0.08156 0.52117 ( 4)
 140 Q   0.00000 0.38456 0.00496 0.61048 ( 4)
 141 Q   0.30677 0.09292 0.44583 0.15447 ( 3)
 142 A   0.00039 0.44245 0.00139 0.55577 ( 4)
 143 T   0.00015 0.39444 0.00293 0.60248 ( 4)
 144 G   0.00002 0.41045 0.00009 0.58945 ( 4)
 145 L   0.00001 0.44662 0.00002 0.55336 ( 4)
 146 L   0.00104 0.41375 0.00147 0.58375 ( 4)
 147 N   0.40994 0.00485 0.57838 0.00684 ( 3)
 148 N   0.01550 0.39928 0.02187 0.56334 ( 4)
 149 Q   0.38996 0.02483 0.55018 0.03503 ( 3)
 150 L   0.03891 0.01758 0.91945 0.02407 ( 3)
 151 I   0.58175 0.00046 0.41722 0.00057 ( 1)
 152 I   0.56933 0.00047 0.42963 0.00057 ( 1)
 153 D   0.46506 0.00160 0.53148 0.00186 ( 3)
 154 R   0.36829 0.01640 0.58986 0.02546 ( 3)
 155 I   0.44311 0.00983 0.53481 0.01225 ( 3)
 156 E   0.56011 0.00020 0.43948 0.00022 ( 1)
 157 F   0.44524 0.01026 0.53210 0.01241 ( 3)
 158 Y   0.39646 0.05494 0.48018 0.06842 ( 3)
 159 P   0.51035 0.00211 0.48459 0.00295 ( 1)


lnL = -2063.089160

