Supplemental results for CODEML (seqf: algn  treef: tree)


dN/dS (w) for site classes (K=4)

site class             0        1       2a       2b
proportion       0.53047  0.34526  0.07528  0.04900
background w     0.10176  1.00000  0.10176  1.00000
foreground w     0.10176  1.00000 999.00000 999.00000

Naive Empirical Bayes (NEB) probabilities for 4 classes
(amino acids refer to 1st sequence: BT_Cry13Aa1)

   1 -   0.46508 0.41064 0.06600 0.05828 ( 1)
   2 A   0.24245 0.62712 0.05750 0.07293 ( 2)
   3 K   0.93600 0.04646 0.01601 0.00152 ( 1)
   4 G   0.95792 0.02549 0.01610 0.00049 ( 1)
   5 I   0.90129 0.03876 0.05710 0.00284 ( 1)
   6 P   0.90835 0.02021 0.06987 0.00158 ( 1)
   7 V   0.77579 0.00604 0.21664 0.00153 ( 1)
   8 E   0.98438 0.00090 0.01469 0.00002 ( 1)
   9 K   0.98325 0.00033 0.01641 0.00001 ( 1)
  10 G   0.70282 0.27862 0.01249 0.00607 ( 1)
  11 Y   0.97479 0.01025 0.01472 0.00024 ( 1)
  12 A   0.00662 0.96600 0.00013 0.02725 ( 2)
  13 S   0.23512 0.69027 0.01880 0.05581 ( 2)
  14 S   0.07303 0.04908 0.87104 0.00685 ( 3)
  15 -   0.15830 0.71897 0.02069 0.10204 ( 2)
  16 -   0.58820 0.28752 0.08347 0.04080 ( 1)
  17 -   0.59335 0.28237 0.08420 0.04007 ( 1)
  18 -   0.59766 0.27806 0.08482 0.03946 ( 1)
  19 -   0.58617 0.28955 0.08319 0.04109 ( 1)
  20 -   0.60042 0.27530 0.08521 0.03907 ( 1)
  21 -   0.58429 0.29143 0.08292 0.04136 ( 1)
  22 -   0.54371 0.33201 0.07716 0.04712 ( 1)
  23 -   0.58143 0.29429 0.08251 0.04176 ( 1)
  24 -   0.58816 0.28756 0.08347 0.04081 ( 1)
  25 -   0.59482 0.28090 0.08441 0.03986 ( 1)
  26 -   0.58820 0.28752 0.08347 0.04080 ( 1)
  27 -   0.57678 0.29895 0.08185 0.04242 ( 1)
  28 G   0.92589 0.00062 0.07344 0.00005 ( 1)
  29 Q   0.02993 0.94507 0.00061 0.02439 ( 2)
  30 K   0.01407 0.75624 0.00480 0.22488 ( 2)
  31 V   0.41035 0.51475 0.03172 0.04318 ( 2)
  32 E   0.00231 0.86460 0.01387 0.11922 ( 2)
  33 I   0.18901 0.62801 0.11948 0.06350 ( 2)
  34 I   0.70936 0.20681 0.06382 0.02002 ( 1)
  35 R   0.00444 0.85718 0.00052 0.13786 ( 2)
  36 -   0.43630 0.43942 0.06192 0.06236 ( 2)
  37 E   0.96989 0.00589 0.02399 0.00023 ( 1)
  38 W   0.00000 0.04274 0.08058 0.87668 ( 4)
  39 I   0.29185 0.48685 0.15520 0.06610 ( 2)
  40 N   0.94251 0.01672 0.03977 0.00101 ( 1)
  41 G   0.05730 0.00123 0.94128 0.00020 ( 3)
  42 A   0.62130 0.35720 0.01087 0.01063 ( 1)
  43 N   0.00159 0.05595 0.90098 0.04148 ( 3)
  44 V   0.09553 0.76875 0.01116 0.12457 ( 2)
  45 V   0.47546 0.50271 0.00721 0.01462 ( 2)
  46 Q   0.85602 0.03942 0.09978 0.00477 ( 1)
  47 L   0.82545 0.08185 0.07561 0.01709 ( 1)
  48 S   0.16513 0.18118 0.62542 0.02826 ( 3)
  49 P   0.64602 0.33185 0.01336 0.00876 ( 1)
  50 G   0.00476 0.92497 0.00036 0.06991 ( 2)
  51 Q   0.24420 0.73274 0.00479 0.01827 ( 2)
  52 S   0.18873 0.78977 0.00319 0.01832 ( 2)
  53 W   0.08724 0.84013 0.00681 0.06582 ( 2)
  54 G   0.00034 0.97749 0.00001 0.02217 ( 2)
  55 M   0.55116 0.43561 0.00671 0.00652 ( 1)
  56 D   0.29323 0.68248 0.00394 0.02034 ( 2)
  57 F   0.96731 0.01862 0.01365 0.00042 ( 1)
  58 T   0.93160 0.00488 0.06317 0.00034 ( 1)
  59 N   0.98382 0.00104 0.01510 0.00004 ( 1)
  60 S   0.00473 0.71662 0.03291 0.24574 ( 2)
  61 T   0.97982 0.00231 0.01779 0.00007 ( 1)
  62 G   0.16968 0.74560 0.01575 0.06897 ( 2)
  63 G   0.75138 0.17490 0.05824 0.01549 ( 1)
  64 Q   0.00046 0.03207 0.92545 0.04202 ( 3)
  65 Y   0.98397 0.00120 0.01479 0.00003 ( 1)
  66 M   0.02332 0.96079 0.00032 0.01557 ( 2)
  67 V   0.89631 0.03856 0.06236 0.00276 ( 1)
  68 R   0.91673 0.00354 0.07943 0.00031 ( 1)
  69 C   0.26592 0.71493 0.00456 0.01460 ( 2)
  70 R   0.96330 0.00015 0.03655 0.00001 ( 1)
  71 Y   0.98495 0.00025 0.01480 0.00001 ( 1)
  72 A   0.98285 0.00032 0.01682 0.00001 ( 1)
  73 S   0.83180 0.15616 0.00900 0.00304 ( 1)
  74 T   0.00126 0.62118 0.00312 0.37444 ( 2)
  75 N   0.00316 0.96219 0.00011 0.03455 ( 2)
  76 D   0.53705 0.09365 0.36122 0.00808 ( 1)
  77 T   0.88941 0.04623 0.06085 0.00351 ( 1)
  78 -   0.25375 0.62197 0.03601 0.08827 ( 2)
  79 -   0.80450 0.07123 0.11417 0.01011 ( 1)
  80 P   0.97632 0.00177 0.02186 0.00005 ( 1)
  81 I   0.73516 0.20807 0.04375 0.01302 ( 1)
  82 F   0.03262 0.94407 0.00053 0.02278 ( 2)
  83 F   0.97063 0.01659 0.01243 0.00035 ( 1)
  84 N   0.93311 0.04880 0.01627 0.00183 ( 1)
  85 L   0.93056 0.04026 0.02781 0.00137 ( 1)
  86 -   0.53047 0.34526 0.07528 0.04900 ( 1)
  87 -   0.53047 0.34526 0.07528 0.04900 ( 1)
  88 -   0.53047 0.34526 0.07528 0.04900 ( 1)
  89 -   0.53047 0.34526 0.07528 0.04900 ( 1)
  90 -   0.53047 0.34526 0.07528 0.04900 ( 1)
  91 -   0.53047 0.34526 0.07528 0.04900 ( 1)
  92 V   0.29600 0.64178 0.01932 0.04290 ( 2)
  93 Y   0.13017 0.84659 0.00218 0.02106 ( 2)
  94 D   0.00776 0.95372 0.00030 0.03822 ( 2)
  95 G   0.00081 0.97692 0.00002 0.02225 ( 2)
  96 G   0.12552 0.85363 0.00216 0.01870 ( 2)
  97 S   0.00629 0.96048 0.00019 0.03304 ( 2)
  98 N   0.94232 0.03953 0.01668 0.00147 ( 1)
  99 P   0.16219 0.81681 0.00281 0.01818 ( 2)
 100 I   0.89510 0.08648 0.01531 0.00312 ( 1)
 101 Y   0.00319 0.83324 0.02978 0.13378 ( 2)
 102 N   0.00026 0.73581 0.00070 0.26323 ( 2)
 103 Q   0.00217 0.82997 0.00089 0.16698 ( 2)
 104 M   0.02710 0.95739 0.00036 0.01515 ( 2)
 105 T   0.46523 0.50958 0.00857 0.01662 ( 2)
 106 F   0.93945 0.01032 0.04968 0.00055 ( 1)
 107 P   0.98179 0.00328 0.01486 0.00007 ( 1)
 108 A   0.02008 0.82849 0.01365 0.13778 ( 2)
 109 -   0.53047 0.34526 0.07528 0.04900 ( 1)
 110 T   0.10678 0.82187 0.00754 0.06382 ( 2)
 111 K   0.01069 0.88725 0.01733 0.08473 ( 2)
 112 E   0.00047 0.62884 0.05256 0.31812 ( 2)
 113 T   0.84795 0.07248 0.07063 0.00894 ( 1)
 114 P   0.13262 0.25008 0.44630 0.17099 ( 3)
 115 A   0.50932 0.32923 0.11353 0.04792 ( 1)
 116 H   0.10649 0.52326 0.22606 0.14420 ( 2)
 117 D   0.01574 0.48200 0.30350 0.19876 ( 2)
 118 S   0.05530 0.28475 0.38586 0.27409 ( 3)
 119 V   0.53047 0.34526 0.07528 0.04900 ( 1)
 120 D   0.53047 0.34526 0.07528 0.04900 ( 1)
 121 N   0.17642 0.57889 0.14998 0.09471 ( 2)
 122 K   0.67510 0.29500 0.02015 0.00975 ( 1)
 123 I   0.74701 0.22965 0.01491 0.00843 ( 1)
 124 L   0.50545 0.03309 0.45409 0.00736 ( 1)
 125 G   0.15159 0.77813 0.01137 0.05890 ( 2)
 126 I   0.14172 0.66917 0.04423 0.14487 ( 2)
 127 K   0.96975 0.01099 0.01890 0.00036 ( 1)
 128 G   0.98170 0.00169 0.01657 0.00004 ( 1)
 129 I   0.00857 0.78312 0.01553 0.19279 ( 2)
 130 N   0.98264 0.00219 0.01509 0.00008 ( 1)
 131 G   0.89847 0.03542 0.06358 0.00253 ( 1)
 132 N   0.28297 0.01813 0.69616 0.00274 ( 3)
 133 Y   0.98507 0.00012 0.01481 0.00000 ( 1)
 134 S   0.68773 0.27980 0.02258 0.00989 ( 1)
 135 L   0.83174 0.09582 0.06485 0.00759 ( 1)
 136 M   0.02253 0.96198 0.00029 0.01520 ( 2)
 137 N   0.34931 0.54812 0.03186 0.07071 ( 2)
 138 V   0.44672 0.52785 0.00922 0.01621 ( 2)
 139 K   0.02078 0.94726 0.00041 0.03156 ( 2)
 140 D   0.97264 0.01445 0.01250 0.00042 ( 1)
 141 S   0.89200 0.09240 0.01365 0.00195 ( 1)
 142 V   0.66111 0.04975 0.27376 0.01537 ( 1)
 143 E   0.11028 0.04825 0.83515 0.00632 ( 3)
 144 L   0.97950 0.00586 0.01452 0.00013 ( 1)
 145 P   0.97988 0.00020 0.01992 0.00001 ( 1)
 146 S   0.97645 0.00850 0.01487 0.00018 ( 1)
 147 G   0.50915 0.42499 0.03585 0.03001 ( 1)
 148 K   0.89914 0.08260 0.01555 0.00271 ( 1)
 149 F   0.09075 0.88672 0.00147 0.02106 ( 2)
 150 H   0.01741 0.96040 0.00025 0.02194 ( 2)
 151 V   0.97841 0.00458 0.01688 0.00014 ( 1)
 152 F   0.00090 0.97716 0.00001 0.02193 ( 2)
 153 F   0.93491 0.01451 0.04979 0.00079 ( 1)
 154 T   0.05449 0.91359 0.00114 0.03078 ( 2)
 155 N   0.98273 0.00210 0.01508 0.00008 ( 1)
 156 N   0.67623 0.30026 0.01212 0.01139 ( 1)
 157 G   0.91272 0.07014 0.01556 0.00157 ( 1)
 158 -   0.12291 0.75281 0.01744 0.10683 ( 2)
 159 -   0.58445 0.29127 0.08294 0.04134 ( 1)
 160 -   0.69431 0.18141 0.09853 0.02575 ( 1)
 161 S   0.35193 0.61758 0.01022 0.02027 ( 2)
 162 S   0.47896 0.49972 0.00901 0.01231 ( 2)
 163 A   0.96682 0.01732 0.01540 0.00046 ( 1)
 164 I   0.97057 0.00958 0.01950 0.00035 ( 1)
 165 Y   0.89652 0.08641 0.01492 0.00215 ( 1)
 166 L   0.96888 0.00375 0.02726 0.00012 ( 1)
 167 D   0.98713 0.00020 0.01267 0.00001 ( 1)
 168 R   0.95674 0.00672 0.03628 0.00026 ( 1)
 169 L   0.97675 0.00744 0.01564 0.00017 ( 1)
 170 E   0.96564 0.00026 0.03409 0.00001 ( 1)
 171 F   0.98719 0.00020 0.01260 0.00000 ( 1)
 172 V   0.97216 0.01284 0.01462 0.00038 ( 1)
 173 P   0.93000 0.05459 0.01420 0.00121 ( 1)


lnL = -2642.181759

Bayes Empirical Bayes (BEB) probabilities for 4 classes (class)
(amino acids refer to 1st sequence: BT_Cry13Aa1)

   1 -   0.33350 0.20851 0.28406 0.17393 ( 1)
   2 A   0.25834 0.27672 0.23302 0.23192 ( 2)
   3 K   0.52526 0.02269 0.43342 0.01863 ( 1)
   4 G   0.53515 0.01089 0.44497 0.00899 ( 1)
   5 I   0.52309 0.02037 0.43966 0.01688 ( 1)
   6 P   0.52977 0.01322 0.44608 0.01093 ( 1)
   7 V   0.53273 0.00587 0.45649 0.00490 ( 1)
   8 E   0.54695 0.00075 0.45169 0.00061 ( 1)
   9 K   0.54768 0.00043 0.45153 0.00035 ( 1)
  10 G   0.44497 0.10095 0.37068 0.08339 ( 1)
  11 Y   0.54120 0.00590 0.44807 0.00483 ( 1)
  12 A   0.01530 0.53027 0.01303 0.44140 ( 2)
  13 S   0.21901 0.32385 0.18685 0.27029 ( 2)
  14 S   0.24574 0.15562 0.48528 0.11336 ( 3)
  15 -   0.14637 0.39569 0.12586 0.33209 ( 2)
  16 -   0.37895 0.16306 0.32233 0.13565 ( 1)
  17 -   0.38180 0.16021 0.32471 0.13327 ( 1)
  18 -   0.38415 0.15786 0.32668 0.13131 ( 1)
  19 -   0.37784 0.16418 0.32140 0.13659 ( 1)
  20 -   0.38567 0.15635 0.32794 0.13004 ( 1)
  21 -   0.37681 0.16521 0.32054 0.13745 ( 1)
  22 -   0.35431 0.18770 0.30172 0.15626 ( 1)
  23 -   0.37524 0.16678 0.31923 0.13876 ( 1)
  24 -   0.37896 0.16306 0.32233 0.13565 ( 1)
  25 -   0.38263 0.15939 0.32540 0.13259 ( 1)
  26 -   0.37895 0.16306 0.32233 0.13565 ( 1)
  27 -   0.37266 0.16935 0.31707 0.14091 ( 1)
  28 G   0.54235 0.00069 0.45638 0.00057 ( 1)
  29 Q   0.04397 0.50118 0.03748 0.41737 ( 2)
  30 K   0.04006 0.50090 0.03461 0.42443 ( 2)
  31 V   0.34636 0.19683 0.29290 0.16390 ( 1)
  32 E   0.00677 0.53049 0.01118 0.45155 ( 2)
  33 I   0.26726 0.25477 0.26769 0.21028 ( 3)
  34 I   0.45667 0.08314 0.39052 0.06967 ( 1)
  35 R   0.01729 0.52577 0.01488 0.44206 ( 2)
  36 -   0.33422 0.20780 0.28449 0.17350 ( 1)
  37 E   0.54372 0.00395 0.44910 0.00323 ( 1)
  38 W   0.00033 0.52659 0.00086 0.47222 ( 2)
  39 I   0.30550 0.22689 0.27835 0.18926 ( 1)
  40 N   0.53407 0.01046 0.44685 0.00863 ( 1)
  41 G   0.30879 0.00721 0.67926 0.00474 ( 3)
  42 A   0.40541 0.14194 0.33612 0.11653 ( 1)
  43 N   0.05799 0.43743 0.13881 0.36577 ( 2)
  44 V   0.16580 0.37417 0.14429 0.31574 ( 2)
  45 V   0.33325 0.21392 0.27690 0.17593 ( 1)
  46 Q   0.51966 0.01986 0.44379 0.01670 ( 1)
  47 L   0.51255 0.03300 0.42631 0.02814 ( 1)
  48 S   0.32049 0.15266 0.40602 0.12083 ( 3)
  49 P   0.42823 0.11738 0.35733 0.09706 ( 1)
  50 G   0.01933 0.52357 0.01670 0.44040 ( 2)
  51 Q   0.29067 0.25485 0.24391 0.21056 ( 1)
  52 S   0.21393 0.33197 0.17987 0.27422 ( 2)
  53 W   0.10218 0.44068 0.08781 0.36934 ( 2)
  54 G   0.00160 0.54362 0.00137 0.45341 ( 2)
  55 M   0.40832 0.13788 0.34004 0.11375 ( 1)
  56 D   0.27557 0.27226 0.22847 0.22371 ( 1)
  57 F   0.53720 0.01011 0.44442 0.00827 ( 1)
  58 T   0.53937 0.00388 0.45355 0.00320 ( 1)
  59 N   0.54840 0.00103 0.44973 0.00084 ( 1)
  60 S   0.01442 0.52079 0.01756 0.44723 ( 2)
  61 T   0.54529 0.00188 0.45130 0.00153 ( 1)
  62 G   0.21554 0.32743 0.18372 0.27331 ( 2)
  63 G   0.48412 0.05895 0.40750 0.04943 ( 1)
  64 Q   0.03126 0.48224 0.07100 0.41550 ( 2)
  65 Y   0.54602 0.00109 0.45200 0.00089 ( 1)
  66 M   0.04380 0.50187 0.03727 0.41706 ( 2)
  67 V   0.52379 0.01940 0.44071 0.01610 ( 1)
  68 R   0.54010 0.00269 0.45500 0.00222 ( 1)
  69 C   0.24382 0.30178 0.20510 0.24930 ( 2)
  70 R   0.54407 0.00017 0.45561 0.00014 ( 1)
  71 Y   0.54681 0.00030 0.45264 0.00025 ( 1)
  72 A   0.54636 0.00041 0.45289 0.00034 ( 1)
  73 S   0.48555 0.06256 0.40049 0.05141 ( 1)
  74 T   0.00635 0.52944 0.00590 0.45830 ( 2)
  75 N   0.01064 0.53349 0.00914 0.44673 ( 2)
  76 D   0.45162 0.04150 0.47354 0.03335 ( 3)
  77 T   0.52473 0.01851 0.44125 0.01551 ( 1)
  78 -   0.24750 0.29451 0.21157 0.24642 ( 2)
  79 -   0.50291 0.03911 0.42543 0.03255 ( 1)
  80 P   0.54425 0.00141 0.45318 0.00116 ( 1)
  81 I   0.43886 0.10459 0.36994 0.08662 ( 1)
  82 F   0.06375 0.48246 0.05394 0.39986 ( 2)
  83 F   0.53836 0.00908 0.44515 0.00742 ( 1)
  84 N   0.52861 0.02045 0.43411 0.01683 ( 1)
  85 L   0.52331 0.02163 0.43726 0.01780 ( 1)
  86 -   0.34692 0.19509 0.29553 0.16245 ( 1)
  87 -   0.34692 0.19509 0.29553 0.16245 ( 1)
  88 -   0.34692 0.19509 0.29553 0.16245 ( 1)
  89 -   0.34692 0.19509 0.29553 0.16245 ( 1)
  90 -   0.34692 0.19509 0.29553 0.16245 ( 1)
  91 -   0.34692 0.19509 0.29553 0.16245 ( 1)
  92 V   0.30013 0.24308 0.25442 0.20238 ( 1)
  93 Y   0.20816 0.33807 0.17469 0.27908 ( 2)
  94 D   0.02700 0.51691 0.02319 0.43290 ( 2)
  95 G   0.00401 0.54132 0.00343 0.45124 ( 2)
  96 G   0.14642 0.39904 0.12385 0.33068 ( 2)
  97 S   0.01805 0.52646 0.01546 0.44003 ( 2)
  98 N   0.53147 0.01749 0.43664 0.01441 ( 1)
  99 P   0.19951 0.34627 0.16803 0.28619 ( 2)
 100 I   0.51065 0.03757 0.42084 0.03095 ( 1)
 101 Y   0.01291 0.51895 0.02762 0.44052 ( 2)
 102 N   0.00191 0.53374 0.00199 0.46236 ( 2)
 103 Q   0.00839 0.53099 0.00757 0.45305 ( 2)
 104 M   0.06139 0.48432 0.05217 0.40212 ( 2)
 105 T   0.33678 0.20978 0.28058 0.17285 ( 1)
 106 F   0.53601 0.00759 0.45016 0.00625 ( 1)
 107 P   0.54395 0.00252 0.45146 0.00206 ( 1)
 108 A   0.03960 0.50005 0.03841 0.42193 ( 2)
 109 -   0.34692 0.19509 0.29553 0.16245 ( 1)
 110 T   0.14432 0.39882 0.12344 0.33342 ( 2)
 111 K   0.03459 0.50100 0.04220 0.42220 ( 2)
 112 E   0.00336 0.52989 0.00566 0.46109 ( 2)
 113 T   0.50958 0.03295 0.42979 0.02768 ( 1)
 114 P   0.28215 0.23201 0.28979 0.19606 ( 3)
 115 A   0.32211 0.21265 0.28749 0.17775 ( 1)
 116 H   0.13648 0.39231 0.13937 0.33184 ( 2)
 117 D   0.03962 0.49009 0.04801 0.42229 ( 2)
 118 S   0.13030 0.39270 0.14157 0.33543 ( 2)
 119 V   0.34692 0.19509 0.29553 0.16245 ( 1)
 120 D   0.34692 0.19509 0.29553 0.16245 ( 1)
 121 N   0.17457 0.34547 0.19000 0.28996 ( 2)
 122 K   0.39251 0.15205 0.33008 0.12536 ( 1)
 123 I   0.42752 0.11961 0.35482 0.09804 ( 1)
 124 L   0.51281 0.01897 0.45223 0.01599 ( 1)
 125 G   0.22625 0.31670 0.19278 0.26427 ( 2)
 126 I   0.19484 0.34646 0.16648 0.29222 ( 2)
 127 K   0.54214 0.00568 0.44752 0.00466 ( 1)
 128 G   0.54508 0.00097 0.45315 0.00080 ( 1)
 129 I   0.02252 0.51755 0.02101 0.43892 ( 2)
 130 N   0.54778 0.00166 0.44921 0.00136 ( 1)
 131 G   0.52840 0.01473 0.44458 0.01229 ( 1)
 132 N   0.43208 0.02703 0.52002 0.02087 ( 3)
 133 Y   0.54696 0.00016 0.45275 0.00013 ( 1)
 134 S   0.46061 0.08417 0.38512 0.07010 ( 1)
 135 L   0.50392 0.03904 0.42446 0.03257 ( 1)
 136 M   0.04936 0.49634 0.04198 0.41232 ( 2)
 137 N   0.31454 0.22585 0.26980 0.18981 ( 1)
 138 V   0.34657 0.19977 0.28897 0.16468 ( 1)
 139 K   0.05007 0.49609 0.04229 0.41154 ( 2)
 140 D   0.54232 0.00673 0.44542 0.00553 ( 1)
 141 S   0.51949 0.02705 0.43078 0.02267 ( 1)
 142 V   0.50693 0.02845 0.44051 0.02411 ( 1)
 143 E   0.34614 0.06338 0.54370 0.04678 ( 3)
 144 L   0.54292 0.00384 0.45011 0.00314 ( 1)
 145 P   0.54556 0.00023 0.45402 0.00019 ( 1)
 146 S   0.54265 0.00394 0.45016 0.00324 ( 1)
 147 G   0.38985 0.15325 0.32926 0.12765 ( 1)
 148 K   0.51905 0.02887 0.42811 0.02397 ( 1)
 149 F   0.15855 0.38780 0.13338 0.32027 ( 2)
 150 H   0.04676 0.49959 0.03955 0.41409 ( 2)
 151 V   0.54371 0.00387 0.44927 0.00315 ( 1)
 152 F   0.00402 0.54212 0.00341 0.45045 ( 2)
 153 F   0.53254 0.01105 0.44732 0.00909 ( 1)
 154 T   0.10205 0.44377 0.08620 0.36797 ( 2)
 155 N   0.54785 0.00158 0.44928 0.00129 ( 1)
 156 N   0.42885 0.11972 0.35301 0.09843 ( 1)
 157 G   0.51037 0.03561 0.42478 0.02924 ( 1)
 158 -   0.11967 0.42235 0.10315 0.35483 ( 2)
 159 -   0.37690 0.16511 0.32062 0.13737 ( 1)
 160 -   0.43568 0.10634 0.36959 0.08839 ( 1)
 161 S   0.32130 0.22354 0.27010 0.18506 ( 1)
 162 S   0.38925 0.15679 0.32450 0.12946 ( 1)
 163 A   0.53994 0.00749 0.44638 0.00619 ( 1)
 164 I   0.54244 0.00565 0.44728 0.00463 ( 1)
 165 Y   0.51337 0.03353 0.42537 0.02773 ( 1)
 166 L   0.54256 0.00250 0.45290 0.00205 ( 1)
 167 D   0.54876 0.00031 0.45068 0.00025 ( 1)
 168 R   0.53812 0.00612 0.45073 0.00502 ( 1)
 169 L   0.54074 0.00591 0.44854 0.00482 ( 1)
 170 E   0.54399 0.00034 0.45539 0.00028 ( 1)
 171 F   0.54716 0.00030 0.45230 0.00024 ( 1)
 172 V   0.54058 0.00727 0.44620 0.00595 ( 1)
 173 P   0.50120 0.04518 0.41675 0.03687 ( 1)

