Supplemental results for CODEML (seqf: algn  treef: tree)


dN/dS (w) for site classes (K=4)

site class             0        1       2a       2b
proportion       0.67589  0.21629  0.08168  0.02614
background w     0.12429  1.00000  0.12429  1.00000
foreground w     0.12429  1.00000  2.05286  2.05286

Naive Empirical Bayes (NEB) probabilities for 4 classes
(amino acids refer to 1st sequence: BT_Cry3Aa10)

   1 E   0.88448 0.01070 0.10420 0.00062 ( 1)
   2 V   0.98965 0.00815 0.00205 0.00015 ( 1)
   3 K   0.43851 0.54838 0.00099 0.01211 ( 2)
   4 T   0.96549 0.02741 0.00625 0.00086 ( 1)
   5 E   0.99651 0.00141 0.00205 0.00003 ( 1)
   6 L   0.98133 0.00630 0.01212 0.00025 ( 1)
   7 T   0.99513 0.00164 0.00319 0.00004 ( 1)
   8 R   0.99754 0.00058 0.00187 0.00001 ( 1)
   9 D   0.93959 0.04880 0.00996 0.00164 ( 1)
  10 V   0.95415 0.01717 0.02810 0.00058 ( 1)
  11 L   0.85186 0.07983 0.06457 0.00373 ( 1)
  12 T   0.99338 0.00196 0.00460 0.00006 ( 1)
  13 D   0.99839 0.00037 0.00123 0.00001 ( 1)
  14 P   0.99411 0.00125 0.00461 0.00003 ( 1)
  15 I   0.99696 0.00102 0.00200 0.00002 ( 1)
  16 -   0.86154 0.03064 0.10412 0.00370 ( 1)
  17 -   0.84929 0.04289 0.10263 0.00518 ( 1)
  18 V   0.18748 0.75439 0.01642 0.04170 ( 2)
  19 G   0.01674 0.01880 0.95750 0.00695 ( 3)
  20 V   0.59622 0.05650 0.34002 0.00726 ( 1)
  21 N   0.99423 0.00109 0.00465 0.00003 ( 1)
  22 N   0.22602 0.33787 0.39094 0.04517 ( 3)
  23 L   0.03371 0.86782 0.02132 0.07715 ( 2)
  24 R   0.01206 0.04087 0.93154 0.01553 ( 3)
  25 -   0.85630 0.03588 0.10348 0.00434 ( 1)
  26 -   0.84931 0.04287 0.10264 0.00518 ( 1)
  27 -   0.87205 0.02013 0.10538 0.00243 ( 1)
  28 -   0.75481 0.13737 0.09122 0.01660 ( 1)
  29 -   0.85630 0.03588 0.10348 0.00434 ( 1)
  30 -   0.59029 0.30190 0.07133 0.03648 ( 1)
  31 G   0.39772 0.11454 0.47001 0.01773 ( 3)
  32 Y   0.95792 0.03866 0.00261 0.00080 ( 1)
  33 G   0.99324 0.00329 0.00340 0.00007 ( 1)
  34 T   0.05374 0.89123 0.00494 0.05009 ( 2)
  35 T   0.08275 0.88357 0.00087 0.03280 ( 2)
  36 F   0.98672 0.00361 0.00954 0.00013 ( 1)
  37 S   0.03720 0.91562 0.00248 0.04469 ( 2)
  38 N   0.00523 0.84946 0.03496 0.11035 ( 2)
  39 I   0.99868 0.00061 0.00070 0.00001 ( 1)
  40 E   0.84096 0.01902 0.13920 0.00083 ( 1)
  41 N   0.98529 0.00305 0.01158 0.00008 ( 1)
  42 -   0.09785 0.79433 0.01182 0.09599 ( 2)
  43 Y   0.03383 0.64895 0.23740 0.07982 ( 2)
  44 I   0.97960 0.01900 0.00111 0.00029 ( 1)
  45 R   0.14383 0.22099 0.59619 0.03899 ( 3)
  46 K   0.95658 0.03395 0.00872 0.00076 ( 1)
  47 P   0.23542 0.04396 0.71469 0.00592 ( 3)
  48 H   0.02727 0.93210 0.00439 0.03624 ( 2)
  49 L   0.35898 0.06446 0.56917 0.00739 ( 3)
  50 F   0.99886 0.00063 0.00050 0.00001 ( 1)
  51 D   0.98034 0.01754 0.00182 0.00030 ( 1)
  52 Y   0.72510 0.25674 0.01166 0.00650 ( 1)
  53 L   0.14521 0.05985 0.78307 0.01188 ( 3)
  54 H   0.00758 0.33400 0.58605 0.07238 ( 3)
  55 R   0.00005 0.06872 0.82891 0.10233 ( 3)
  56 I   0.80025 0.18724 0.00813 0.00438 ( 1)
  57 Q   0.00426 0.71539 0.13628 0.14407 ( 2)
  58 F   0.96520 0.02070 0.01363 0.00047 ( 1)
  59 H   0.00154 0.90610 0.00195 0.09041 ( 2)
  60 T   0.10369 0.80056 0.02601 0.06973 ( 2)
  61 R   0.69960 0.12901 0.16085 0.01054 ( 1)
  62 F   0.00000 0.75475 0.00029 0.24495 ( 2)
  63 R   0.01611 0.53124 0.34015 0.11250 ( 2)
  64 P   0.12608 0.63951 0.17783 0.05657 ( 2)
  65 G   0.76614 0.20661 0.02068 0.00657 ( 1)
  66 -   0.67589 0.21629 0.08168 0.02614 ( 1)
  67 Y   0.12364 0.37496 0.43738 0.06402 ( 3)
  68 Y   0.00068 0.84202 0.01034 0.14696 ( 2)
  69 G   0.30595 0.61922 0.04150 0.03332 ( 2)
  70 N   0.04144 0.02877 0.92337 0.00642 ( 3)
  71 D   0.55869 0.02344 0.41591 0.00196 ( 1)
  72 S   0.00118 0.91045 0.00187 0.08651 ( 2)
  73 F   0.67598 0.15891 0.15283 0.01228 ( 1)
  74 N   0.97911 0.02032 0.00034 0.00023 ( 1)
  75 Y   0.99203 0.00707 0.00082 0.00008 ( 1)
  76 W   0.90204 0.07093 0.02331 0.00372 ( 1)
  77 S   0.08595 0.68484 0.14669 0.08252 ( 2)
  78 G   0.99903 0.00051 0.00046 0.00000 ( 1)
  79 N   0.99647 0.00315 0.00035 0.00004 ( 1)
  80 Y   0.99652 0.00262 0.00082 0.00003 ( 1)
  81 V   0.99860 0.00064 0.00075 0.00001 ( 1)
  82 S   0.00850 0.88772 0.01295 0.09083 ( 2)
  83 T   0.99880 0.00055 0.00064 0.00001 ( 1)
  84 R   0.94378 0.05527 0.00049 0.00046 ( 1)
  85 P   0.82589 0.14733 0.02263 0.00415 ( 1)
  86 S   0.99094 0.00554 0.00341 0.00011 ( 1)
  87 I   0.85027 0.14742 0.00059 0.00172 ( 1)
  88 G   0.33110 0.66088 0.00039 0.00763 ( 2)
  89 S   0.88684 0.10814 0.00282 0.00220 ( 1)
  90 N   0.02665 0.92257 0.00501 0.04577 ( 2)
  91 D   0.03786 0.69266 0.18580 0.08369 ( 2)
  92 I   0.28944 0.69267 0.00324 0.01465 ( 2)
  93 I   0.97748 0.00976 0.01240 0.00037 ( 1)
  94 T   0.75995 0.12563 0.10371 0.01071 ( 1)
  95 S   0.88593 0.11008 0.00211 0.00188 ( 1)
  96 P   0.95868 0.03910 0.00169 0.00054 ( 1)
  97 F   0.92787 0.06504 0.00537 0.00171 ( 1)
  98 Y   0.99872 0.00045 0.00083 0.00001 ( 1)
  99 G   0.99808 0.00074 0.00117 0.00001 ( 1)
 100 N   0.63652 0.35541 0.00241 0.00565 ( 1)
 101 K   0.87733 0.12068 0.00054 0.00145 ( 1)
 102 S   0.99316 0.00223 0.00455 0.00005 ( 1)
 103 S   0.26129 0.51441 0.18867 0.03563 ( 2)
 104 E   0.04221 0.86702 0.02226 0.06851 ( 2)
 105 P   0.22794 0.61764 0.11595 0.03847 ( 2)
 106 V   0.61527 0.35888 0.01500 0.01084 ( 1)
 107 Q   0.22589 0.76248 0.00046 0.01116 ( 2)
 108 N   0.03804 0.94055 0.00033 0.02107 ( 2)
 109 -   0.86171 0.03047 0.10414 0.00368 ( 1)
 110 -   0.86183 0.03036 0.10415 0.00367 ( 1)
 111 -   0.83063 0.06155 0.10038 0.00744 ( 1)
 112 -   0.81002 0.08217 0.09789 0.00993 ( 1)
 113 L   0.99155 0.00280 0.00558 0.00007 ( 1)
 114 E   0.00878 0.88713 0.02553 0.07856 ( 2)
 115 F   0.98462 0.01476 0.00049 0.00012 ( 1)
 116 N   0.99030 0.00357 0.00606 0.00007 ( 1)
 117 G   0.94874 0.04878 0.00176 0.00072 ( 1)
 118 E   0.90423 0.07898 0.01489 0.00190 ( 1)
 119 K   0.99362 0.00570 0.00061 0.00007 ( 1)
 120 V   0.48673 0.49456 0.00371 0.01500 ( 2)
 121 Y   0.94086 0.03919 0.01884 0.00111 ( 1)
 122 R   0.95600 0.04133 0.00192 0.00075 ( 1)
 123 A   0.13814 0.82406 0.00578 0.03203 ( 2)
 124 V   0.97334 0.01351 0.01285 0.00029 ( 1)
 125 A   0.99060 0.00838 0.00092 0.00010 ( 1)
 126 N   0.95971 0.03952 0.00033 0.00044 ( 1)
 127 T   0.24454 0.50080 0.20591 0.04876 ( 2)
 128 N   0.98021 0.00911 0.01046 0.00023 ( 1)
 129 L   0.30804 0.33086 0.33014 0.03097 ( 2)
 130 A   0.98362 0.00245 0.01383 0.00010 ( 1)
 131 V   0.80066 0.10373 0.08960 0.00601 ( 1)
 132 W   0.11431 0.07184 0.79816 0.01569 ( 3)
 133 P   0.87504 0.09345 0.02619 0.00532 ( 1)
 134 -   0.00114 0.77281 0.01375 0.21230 ( 2)
 135 -   0.79568 0.09017 0.10324 0.01091 ( 1)
 136 -   0.77467 0.06861 0.14844 0.00828 ( 1)
 137 -   0.60663 0.17203 0.20029 0.02104 ( 1)
 138 -   0.67589 0.21629 0.08168 0.02614 ( 1)
 139 S   0.00476 0.35492 0.48531 0.15500 ( 3)
 140 A   0.02488 0.50915 0.35377 0.11221 ( 2)
 141 V   0.28708 0.57477 0.10486 0.03330 ( 2)
 142 Y   0.81287 0.17057 0.01257 0.00399 ( 1)
 143 S   0.18494 0.61069 0.15500 0.04936 ( 2)
 144 G   0.98061 0.01880 0.00045 0.00014 ( 1)
 145 V   0.98101 0.01825 0.00056 0.00018 ( 1)
 146 T   0.96089 0.03642 0.00204 0.00065 ( 1)
 147 K   0.98325 0.01595 0.00061 0.00019 ( 1)
 148 V   0.94109 0.05340 0.00418 0.00133 ( 1)
 149 E   0.00077 0.95503 0.00015 0.04404 ( 2)
 150 F   0.95998 0.03865 0.00091 0.00046 ( 1)
 151 S   0.95389 0.04406 0.00138 0.00068 ( 1)
 152 Q   0.97275 0.02380 0.00301 0.00044 ( 1)
 153 Y   0.99797 0.00060 0.00142 0.00001 ( 1)
 154 N   0.75724 0.23613 0.00287 0.00375 ( 1)
 155 D   0.99770 0.00201 0.00027 0.00002 ( 1)
 156 Q   0.88142 0.06704 0.04888 0.00266 ( 1)
 157 T   0.04991 0.91068 0.00186 0.03754 ( 2)
 158 D   0.95804 0.03825 0.00318 0.00053 ( 1)
 159 E   0.99774 0.00168 0.00056 0.00002 ( 1)
 160 A   0.01606 0.92950 0.00491 0.04953 ( 2)
 161 S   0.81770 0.17618 0.00365 0.00246 ( 1)
 162 T   0.99539 0.00357 0.00100 0.00005 ( 1)
 163 Q   0.99394 0.00397 0.00203 0.00006 ( 1)
 164 T   0.76081 0.22590 0.00612 0.00717 ( 1)
 165 Y   0.84384 0.14920 0.00341 0.00355 ( 1)
 166 D   0.97114 0.02593 0.00244 0.00049 ( 1)
 167 S   0.99403 0.00142 0.00451 0.00003 ( 1)
 168 K   0.85644 0.14133 0.00053 0.00170 ( 1)
 169 R   0.09549 0.89693 0.00005 0.00752 ( 2)
 170 N   0.82179 0.15638 0.01610 0.00572 ( 1)
 171 V   0.31483 0.62299 0.04103 0.02114 ( 2)
 172 G   0.93567 0.04862 0.01377 0.00194 ( 1)
 173 A   0.00236 0.12729 0.81666 0.05369 ( 3)
 174 V   0.08353 0.45042 0.37757 0.08848 ( 2)
 175 -   0.68583 0.02594 0.28345 0.00478 ( 1)
 176 -   0.83130 0.06088 0.10046 0.00736 ( 1)
 177 -   0.00668 0.88550 0.00081 0.10701 ( 2)
 178 -   0.69026 0.20192 0.08342 0.02440 ( 1)
 179 S   0.00265 0.48970 0.29083 0.21681 ( 2)
 180 W   0.00004 0.52933 0.03766 0.43298 ( 2)
 181 D   0.99890 0.00082 0.00027 0.00001 ( 1)
 182 S   0.99750 0.00085 0.00163 0.00001 ( 1)
 183 I   0.98726 0.00510 0.00748 0.00016 ( 1)
 184 D   0.99578 0.00353 0.00065 0.00004 ( 1)
 185 Q   0.99221 0.00567 0.00203 0.00008 ( 1)
 186 L   0.98281 0.00383 0.01321 0.00015 ( 1)
 187 P   0.99536 0.00269 0.00191 0.00004 ( 1)
 188 P   0.98404 0.01404 0.00173 0.00019 ( 1)
 189 E   0.62314 0.19059 0.17581 0.01046 ( 1)
 190 T   0.45881 0.53362 0.00046 0.00711 ( 2)
 191 T   0.87639 0.12112 0.00088 0.00161 ( 1)
 192 D   0.99947 0.00026 0.00027 0.00000 ( 1)
 193 E   0.26071 0.73160 0.00015 0.00754 ( 2)
 194 P   0.96936 0.00468 0.02583 0.00013 ( 1)
 195 P   0.89480 0.04643 0.05677 0.00199 ( 1)
 196 E   0.99247 0.00690 0.00056 0.00007 ( 1)
 197 -   0.84719 0.04500 0.10238 0.00544 ( 1)
 198 -   0.87205 0.02013 0.10538 0.00243 ( 1)
 199 -   0.75624 0.13594 0.09139 0.01643 ( 1)
 200 K   0.99313 0.00488 0.00190 0.00009 ( 1)
 201 G   0.92876 0.01917 0.05121 0.00086 ( 1)
 202 Y   0.99872 0.00045 0.00083 0.00001 ( 1)
 203 S   0.99554 0.00297 0.00144 0.00005 ( 1)
 204 H   0.99950 0.00017 0.00034 0.00000 ( 1)
 205 Q   0.95847 0.03666 0.00408 0.00079 ( 1)
 206 L   0.98051 0.00705 0.01218 0.00026 ( 1)
 207 N   0.99932 0.00033 0.00035 0.00000 ( 1)
 208 Y   0.97822 0.01457 0.00678 0.00042 ( 1)
 209 V   0.93418 0.04633 0.01830 0.00119 ( 1)
 210 M   0.01535 0.64686 0.23885 0.09894 ( 2)
 211 C   0.83939 0.14688 0.00870 0.00503 ( 1)
 212 F   0.99006 0.00556 0.00426 0.00012 ( 1)
 213 L   0.76830 0.22392 0.00305 0.00472 ( 1)
 214 M   0.22108 0.75446 0.00537 0.01909 ( 2)
 215 Q   0.32150 0.64465 0.00584 0.02800 ( 2)
 216 G   0.49512 0.48621 0.00769 0.01098 ( 1)
 217 S   0.53398 0.22552 0.22713 0.01337 ( 1)
 218 R   0.98372 0.00435 0.01177 0.00016 ( 1)
 219 -   0.67589 0.21629 0.08168 0.02614 ( 1)
 220 -   0.67589 0.21629 0.08168 0.02614 ( 1)
 221 -   0.67589 0.21629 0.08168 0.02614 ( 1)
 222 -   0.67589 0.21629 0.08168 0.02614 ( 1)
 223 -   0.67589 0.21629 0.08168 0.02614 ( 1)
 224 -   0.67589 0.21629 0.08168 0.02614 ( 1)
 225 -   0.67589 0.21629 0.08168 0.02614 ( 1)
 226 -   0.67589 0.21629 0.08168 0.02614 ( 1)
 227 G   0.99808 0.00074 0.00117 0.00001 ( 1)
 228 T   0.91656 0.06393 0.01772 0.00178 ( 1)
 229 I   0.99257 0.00169 0.00570 0.00005 ( 1)
 230 P   0.99744 0.00079 0.00175 0.00001 ( 1)
 231 V   0.77223 0.04502 0.17900 0.00376 ( 1)
 232 L   0.95658 0.01066 0.03239 0.00037 ( 1)
 233 T   0.98770 0.01154 0.00063 0.00013 ( 1)
 234 W   0.96521 0.00936 0.02494 0.00049 ( 1)
 235 T   0.99811 0.00088 0.00100 0.00001 ( 1)
 236 H   0.99950 0.00017 0.00034 0.00000 ( 1)
 237 K   0.20658 0.77272 0.00266 0.01805 ( 2)
 238 S   0.99936 0.00044 0.00020 0.00000 ( 1)


lnL = -3548.252905

Bayes Empirical Bayes (BEB) probabilities for 4 classes (class)
(amino acids refer to 1st sequence: BT_Cry3Aa10)

   1 E   0.90582 0.01098 0.08266 0.00053 ( 1)
   2 V   0.98996 0.00701 0.00288 0.00016 ( 1)
   3 K   0.58699 0.40105 0.00178 0.01018 ( 1)
   4 T   0.96575 0.02610 0.00730 0.00084 ( 1)
   5 E   0.99546 0.00169 0.00282 0.00004 ( 1)
   6 L   0.98020 0.00659 0.01296 0.00025 ( 1)
   7 T   0.99391 0.00195 0.00409 0.00005 ( 1)
   8 R   0.99650 0.00072 0.00277 0.00001 ( 1)
   9 D   0.94939 0.03806 0.01127 0.00128 ( 1)
  10 V   0.95766 0.01484 0.02700 0.00050 ( 1)
  11 L   0.87949 0.06255 0.05537 0.00259 ( 1)
  12 T   0.99202 0.00232 0.00559 0.00007 ( 1)
  13 D   0.99776 0.00049 0.00175 0.00001 ( 1)
  14 P   0.99255 0.00144 0.00597 0.00004 ( 1)
  15 I   0.99601 0.00125 0.00271 0.00003 ( 1)
  16 -   0.87093 0.02931 0.09665 0.00311 ( 1)
  17 -   0.85972 0.04052 0.09546 0.00430 ( 1)
  18 V   0.30950 0.63560 0.02294 0.03196 ( 2)
  19 G   0.03175 0.02395 0.93677 0.00753 ( 3)
  20 V   0.68588 0.05255 0.25662 0.00496 ( 1)
  21 N   0.99295 0.00135 0.00566 0.00004 ( 1)
  22 N   0.33933 0.28906 0.34206 0.02955 ( 3)
  23 L   0.07295 0.83217 0.03243 0.06245 ( 2)
  24 R   0.02543 0.04924 0.91096 0.01437 ( 3)
  25 -   0.86598 0.03426 0.09612 0.00363 ( 1)
  26 -   0.85974 0.04051 0.09546 0.00430 ( 1)
  27 -   0.88053 0.01972 0.09767 0.00209 ( 1)
  28 -   0.77481 0.12543 0.08638 0.01337 ( 1)
  29 -   0.86598 0.03426 0.09612 0.00363 ( 1)
  30 -   0.64986 0.25039 0.07289 0.02687 ( 1)
  31 G   0.51443 0.10944 0.36440 0.01172 ( 1)
  32 Y   0.96605 0.02969 0.00354 0.00072 ( 1)
  33 G   0.99200 0.00329 0.00463 0.00008 ( 1)
  34 T   0.10224 0.84562 0.00807 0.04407 ( 2)
  35 T   0.16819 0.79972 0.00200 0.03009 ( 2)
  36 F   0.98537 0.00390 0.01060 0.00013 ( 1)
  37 S   0.08430 0.87013 0.00502 0.04055 ( 2)
  38 N   0.01377 0.84254 0.05025 0.09344 ( 2)
  39 I   0.99806 0.00076 0.00117 0.00001 ( 1)
  40 E   0.87971 0.01744 0.10219 0.00065 ( 1)
  41 N   0.98438 0.00326 0.01226 0.00009 ( 1)
  42 -   0.15621 0.74403 0.01791 0.08184 ( 2)
  43 Y   0.07739 0.62204 0.24681 0.05377 ( 2)
  44 I   0.98165 0.01636 0.00167 0.00032 ( 1)
  45 R   0.24691 0.23038 0.49640 0.02630 ( 3)
  46 K   0.96035 0.02911 0.00981 0.00073 ( 1)
  47 P   0.39811 0.05863 0.53856 0.00470 ( 3)
  48 H   0.06892 0.88661 0.00908 0.03539 ( 2)
  49 L   0.51706 0.07140 0.40626 0.00528 ( 1)
  50 F   0.99826 0.00076 0.00097 0.00001 ( 1)
  51 D   0.98292 0.01413 0.00265 0.00030 ( 1)
  52 Y   0.80123 0.17991 0.01383 0.00503 ( 1)
  53 L   0.25117 0.07639 0.66244 0.01000 ( 3)
  54 H   0.02037 0.34431 0.58361 0.05171 ( 3)
  55 R   0.00013 0.05997 0.85577 0.08413 ( 3)
  56 I   0.85093 0.13592 0.00959 0.00357 ( 1)
  57 Q   0.01197 0.71608 0.16854 0.10341 ( 2)
  58 F   0.96729 0.01713 0.01514 0.00044 ( 1)
  59 H   0.00515 0.91521 0.00413 0.07551 ( 2)
  60 T   0.18062 0.73086 0.03469 0.05383 ( 2)
  61 R   0.76208 0.10698 0.12417 0.00677 ( 1)
  62 F   0.00002 0.79435 0.00071 0.20492 ( 2)
  63 R   0.03319 0.56000 0.32026 0.08655 ( 2)
  64 P   0.19730 0.60238 0.15976 0.04056 ( 2)
  65 G   0.80506 0.16815 0.02132 0.00547 ( 1)
  66 -   0.70430 0.19595 0.07879 0.02097 ( 1)
  67 Y   0.21625 0.34428 0.39880 0.04066 ( 3)
  68 Y   0.00239 0.85819 0.01860 0.12082 ( 2)
  69 G   0.43544 0.49382 0.04732 0.02342 ( 2)
  70 N   0.09217 0.04644 0.85450 0.00689 ( 3)
  71 D   0.69589 0.02568 0.27697 0.00146 ( 1)
  72 S   0.00330 0.91870 0.00334 0.07466 ( 2)
  73 F   0.74511 0.12987 0.11739 0.00763 ( 1)
  74 N   0.98237 0.01679 0.00058 0.00026 ( 1)
  75 Y   0.99262 0.00589 0.00140 0.00010 ( 1)
  76 W   0.91598 0.05834 0.02298 0.00270 ( 1)
  77 S   0.15739 0.62793 0.15674 0.05794 ( 2)
  78 G   0.99841 0.00063 0.00095 0.00001 ( 1)
  79 N   0.99624 0.00312 0.00059 0.00005 ( 1)
  80 Y   0.99624 0.00232 0.00140 0.00004 ( 1)
  81 V   0.99793 0.00079 0.00127 0.00001 ( 1)
  82 S   0.02409 0.88113 0.02242 0.07236 ( 2)
  83 T   0.99823 0.00068 0.00108 0.00001 ( 1)
  84 R   0.95609 0.04234 0.00098 0.00059 ( 1)
  85 P   0.87167 0.10100 0.02431 0.00302 ( 1)
  86 S   0.98997 0.00532 0.00459 0.00013 ( 1)
  87 I   0.89245 0.10477 0.00105 0.00173 ( 1)
  88 G   0.48588 0.50421 0.00101 0.00890 ( 2)
  89 S   0.90743 0.08657 0.00392 0.00208 ( 1)
  90 N   0.06062 0.88805 0.00882 0.04251 ( 2)
  91 D   0.07897 0.65766 0.20033 0.06304 ( 2)
  92 I   0.43053 0.54979 0.00565 0.01403 ( 2)
  93 I   0.97684 0.00946 0.01336 0.00034 ( 1)
  94 T   0.81437 0.09051 0.08852 0.00660 ( 1)
  95 S   0.91811 0.07703 0.00320 0.00166 ( 1)
  96 P   0.95997 0.03662 0.00271 0.00070 ( 1)
  97 F   0.93159 0.06008 0.00662 0.00171 ( 1)
  98 Y   0.99804 0.00055 0.00140 0.00001 ( 1)
  99 G   0.99708 0.00088 0.00203 0.00001 ( 1)
 100 N   0.74490 0.24646 0.00364 0.00501 ( 1)
 101 K   0.91552 0.08217 0.00094 0.00137 ( 1)
 102 S   0.99174 0.00247 0.00573 0.00007 ( 1)
 103 S   0.38203 0.43126 0.16370 0.02301 ( 2)
 104 E   0.09681 0.81356 0.03445 0.05519 ( 2)
 105 P   0.35316 0.50839 0.11301 0.02544 ( 2)
 106 V   0.71308 0.26095 0.01764 0.00834 ( 1)
 107 Q   0.38118 0.60515 0.00125 0.01242 ( 2)
 108 N   0.08253 0.89283 0.00084 0.02380 ( 2)
 109 -   0.87090 0.02934 0.09664 0.00311 ( 1)
 110 -   0.87117 0.02907 0.09667 0.00308 ( 1)
 111 -   0.84260 0.05764 0.09363 0.00612 ( 1)
 112 -   0.82407 0.07618 0.09166 0.00810 ( 1)
 113 L   0.99001 0.00309 0.00681 0.00009 ( 1)
 114 E   0.02442 0.87208 0.03993 0.06358 ( 2)
 115 F   0.98757 0.01131 0.00096 0.00016 ( 1)
 116 N   0.98936 0.00338 0.00719 0.00008 ( 1)
 117 G   0.95797 0.03850 0.00277 0.00076 ( 1)
 118 E   0.92689 0.05508 0.01655 0.00148 ( 1)
 119 K   0.99348 0.00542 0.00101 0.00009 ( 1)
 120 V   0.62357 0.35935 0.00562 0.01146 ( 1)
 121 Y   0.94686 0.03283 0.01933 0.00098 ( 1)
 122 R   0.96537 0.03120 0.00275 0.00068 ( 1)
 123 A   0.24751 0.71503 0.00976 0.02770 ( 2)
 124 V   0.97363 0.01155 0.01453 0.00029 ( 1)
 125 A   0.98994 0.00839 0.00152 0.00014 ( 1)
 126 N   0.97077 0.02823 0.00057 0.00043 ( 1)
 127 T   0.37015 0.41222 0.18679 0.03084 ( 2)
 128 N   0.98028 0.00816 0.01134 0.00022 ( 1)
 129 L   0.45868 0.26509 0.25936 0.01687 ( 1)
 130 A   0.98242 0.00282 0.01465 0.00011 ( 1)
 131 V   0.84749 0.07541 0.07347 0.00363 ( 1)
 132 W   0.21450 0.09347 0.67952 0.01251 ( 3)
 133 P   0.89928 0.07151 0.02566 0.00355 ( 1)
 134 -   0.00311 0.77637 0.02432 0.19620 ( 2)
 135 -   0.81880 0.08052 0.09211 0.00857 ( 1)
 136 -   0.81312 0.05775 0.12305 0.00608 ( 1)
 137 -   0.67489 0.13546 0.17521 0.01444 ( 1)
 138 -   0.70430 0.19595 0.07879 0.02097 ( 1)
 139 S   0.00960 0.35945 0.49749 0.13347 ( 3)
 140 A   0.04588 0.53984 0.32915 0.08513 ( 2)
 141 V   0.38952 0.49169 0.09478 0.02402 ( 2)
 142 Y   0.84333 0.13860 0.01439 0.00368 ( 1)
 143 S   0.27288 0.55692 0.13572 0.03447 ( 2)
 144 G   0.98077 0.01806 0.00093 0.00024 ( 1)
 145 V   0.98111 0.01760 0.00102 0.00026 ( 1)
 146 T   0.96200 0.03433 0.00292 0.00075 ( 1)
 147 K   0.98320 0.01554 0.00100 0.00026 ( 1)
 148 V   0.94365 0.04972 0.00527 0.00136 ( 1)
 149 E   0.00259 0.95404 0.00040 0.04297 ( 2)
 150 F   0.96726 0.03068 0.00154 0.00052 ( 1)
 151 S   0.96087 0.03631 0.00210 0.00072 ( 1)
 152 Q   0.97399 0.02128 0.00425 0.00048 ( 1)
 153 Y   0.99706 0.00073 0.00219 0.00001 ( 1)
 154 N   0.82036 0.17217 0.00399 0.00348 ( 1)
 155 D   0.99765 0.00182 0.00050 0.00002 ( 1)
 156 Q   0.90591 0.04827 0.04404 0.00178 ( 1)
 157 T   0.09318 0.86798 0.00330 0.03554 ( 2)
 158 D   0.96546 0.02968 0.00431 0.00055 ( 1)
 159 E   0.99740 0.00159 0.00099 0.00002 ( 1)
 160 A   0.04187 0.90342 0.00948 0.04524 ( 2)
 161 S   0.87491 0.11754 0.00531 0.00224 ( 1)
 162 T   0.99486 0.00349 0.00159 0.00006 ( 1)
 163 Q   0.99289 0.00386 0.00317 0.00008 ( 1)
 164 T   0.82646 0.16063 0.00768 0.00523 ( 1)
 165 Y   0.87211 0.12017 0.00452 0.00320 ( 1)
 166 D   0.97550 0.02060 0.00344 0.00047 ( 1)
 167 S   0.99253 0.00164 0.00579 0.00004 ( 1)
 168 K   0.90457 0.09296 0.00093 0.00155 ( 1)
 169 R   0.18031 0.80767 0.00019 0.01182 ( 2)
 170 N   0.86520 0.11402 0.01660 0.00418 ( 1)
 171 V   0.47625 0.45855 0.04976 0.01545 ( 1)
 172 G   0.94626 0.03763 0.01469 0.00143 ( 1)
 173 A   0.00597 0.13985 0.80907 0.04512 ( 3)
 174 V   0.14749 0.40585 0.38462 0.06204 ( 2)
 175 -   0.71836 0.02683 0.25066 0.00415 ( 1)
 176 -   0.84320 0.05705 0.09370 0.00606 ( 1)
 177 -   0.01444 0.88580 0.00167 0.09809 ( 2)
 178 -   0.73350 0.16675 0.08194 0.01782 ( 1)
 179 S   0.00619 0.48295 0.33509 0.17577 ( 2)
 180 W   0.00013 0.51530 0.07115 0.41342 ( 2)
 181 D   0.99862 0.00087 0.00051 0.00001 ( 1)
 182 S   0.99646 0.00101 0.00252 0.00002 ( 1)
 183 I   0.98622 0.00495 0.00867 0.00016 ( 1)
 184 D   0.99508 0.00377 0.00109 0.00006 ( 1)
 185 Q   0.99128 0.00545 0.00317 0.00011 ( 1)
 186 L   0.98173 0.00407 0.01405 0.00015 ( 1)
 187 P   0.99402 0.00296 0.00297 0.00006 ( 1)
 188 P   0.98569 0.01132 0.00278 0.00021 ( 1)
 189 E   0.71054 0.15339 0.12932 0.00676 ( 1)
 190 T   0.59520 0.39654 0.00097 0.00730 ( 1)
 191 T   0.90355 0.09332 0.00145 0.00168 ( 1)
 192 D   0.99915 0.00034 0.00051 0.00000 ( 1)
 193 E   0.40577 0.58455 0.00041 0.00926 ( 2)
 194 P   0.96903 0.00466 0.02617 0.00014 ( 1)
 195 P   0.91134 0.03751 0.04968 0.00146 ( 1)
 196 E   0.99314 0.00578 0.00099 0.00009 ( 1)
 197 -   0.85776 0.04249 0.09525 0.00451 ( 1)
 198 -   0.88053 0.01972 0.09767 0.00209 ( 1)
 199 -   0.77369 0.12655 0.08626 0.01349 ( 1)
 200 K   0.99240 0.00483 0.00266 0.00011 ( 1)
 201 G   0.93864 0.01632 0.04438 0.00066 ( 1)
 202 Y   0.99804 0.00055 0.00140 0.00001 ( 1)
 203 S   0.99464 0.00313 0.00217 0.00006 ( 1)
 204 H   0.99906 0.00022 0.00072 0.00000 ( 1)
 205 Q   0.96278 0.03101 0.00544 0.00078 ( 1)
 206 L   0.97916 0.00742 0.01316 0.00027 ( 1)
 207 N   0.99902 0.00038 0.00059 0.00001 ( 1)
 208 Y   0.97743 0.01412 0.00803 0.00043 ( 1)
 209 V   0.94044 0.03904 0.01943 0.00109 ( 1)
 210 M   0.03952 0.64880 0.24844 0.06324 ( 2)
 211 C   0.88045 0.10574 0.01020 0.00361 ( 1)
 212 F   0.98881 0.00547 0.00559 0.00014 ( 1)
 213 L   0.83198 0.15960 0.00445 0.00397 ( 1)
 214 M   0.36155 0.61103 0.00960 0.01782 ( 2)
 215 Q   0.44668 0.52323 0.00848 0.02161 ( 2)
 216 G   0.64002 0.33973 0.01127 0.00899 ( 1)
 217 S   0.64312 0.18089 0.16766 0.00834 ( 1)
 218 R   0.98223 0.00446 0.01314 0.00016 ( 1)
 219 -   0.70430 0.19595 0.07879 0.02097 ( 1)
 220 -   0.70430 0.19595 0.07879 0.02097 ( 1)
 221 -   0.70430 0.19595 0.07879 0.02097 ( 1)
 222 -   0.70430 0.19595 0.07879 0.02097 ( 1)
 223 -   0.70430 0.19595 0.07879 0.02097 ( 1)
 224 -   0.70430 0.19595 0.07879 0.02097 ( 1)
 225 -   0.70430 0.19595 0.07879 0.02097 ( 1)
 226 -   0.70430 0.19595 0.07879 0.02097 ( 1)
 227 G   0.99708 0.00088 0.00203 0.00001 ( 1)
 228 T   0.92689 0.05314 0.01840 0.00157 ( 1)
 229 I   0.99103 0.00201 0.00690 0.00006 ( 1)
 230 P   0.99625 0.00093 0.00281 0.00002 ( 1)
 231 V   0.82122 0.04333 0.13271 0.00275 ( 1)
 232 L   0.95925 0.00995 0.03046 0.00033 ( 1)
 233 T   0.98944 0.00934 0.00107 0.00015 ( 1)
 234 W   0.96621 0.00919 0.02418 0.00042 ( 1)
 235 T   0.99732 0.00107 0.00159 0.00002 ( 1)
 236 H   0.99906 0.00022 0.00072 0.00000 ( 1)
 237 K   0.35904 0.61885 0.00523 0.01688 ( 2)
 238 S   0.99899 0.00056 0.00045 0.00001 ( 1)

