Supplemental results for CODEML (seqf: algn  treef: tree)


dN/dS (w) for site classes (K=4)

site class             0        1       2a       2b
proportion       0.21738  0.24840  0.24932  0.28490
background w     0.03530  0.95703  0.03530  0.95703
foreground w     0.03530  0.95703  0.03954  0.03954

Naive Empirical Bayes (NEB) probabilities for 4 classes
(amino acids refer to 1st sequence: BT_Cry1Bb1)

   1 R   0.45932 0.00433 0.52443 0.01192 ( 3)
   2 I   0.46124 0.00307 0.52591 0.00978 ( 3)
   3 T   0.45824 0.00486 0.52285 0.01405 ( 3)
   4 Q   0.44737 0.01350 0.51170 0.02743 ( 3)
   5 I   0.44678 0.01199 0.51020 0.03103 ( 3)
   6 P   0.45780 0.00538 0.52295 0.01386 ( 3)
   7 L   0.07058 0.33744 0.08084 0.51114 ( 4)
   8 V   0.45970 0.00399 0.52460 0.01172 ( 3)
   9 K   0.44873 0.01356 0.51359 0.02412 ( 3)
  10 A   0.44753 0.01504 0.51229 0.02514 ( 3)
  11 L   0.09654 0.22108 0.11028 0.57209 ( 4)
  12 N   0.24787 0.12717 0.28290 0.34206 ( 4)
  13 L   0.45998 0.00393 0.52523 0.01087 ( 3)
  14 H   0.00000 0.42540 0.00000 0.57460 ( 4)
  15 S   0.45640 0.00598 0.52109 0.01652 ( 3)
  16 G   0.46012 0.00383 0.52535 0.01071 ( 3)
  17 V   0.00236 0.38976 0.00271 0.60518 ( 4)
  18 T   0.00389 0.40342 0.00446 0.58824 ( 4)
  19 V   0.44692 0.01615 0.51175 0.02518 ( 3)
  20 V   0.05419 0.29414 0.06355 0.58811 ( 4)
  21 G   0.02279 0.24383 0.02601 0.70737 ( 4)
  22 G   0.44031 0.01704 0.50314 0.03950 ( 3)
  23 P   0.45850 0.00478 0.52356 0.01316 ( 3)
  24 G   0.45553 0.00695 0.52047 0.01705 ( 3)
  25 F   0.46293 0.00214 0.52819 0.00674 ( 3)
  26 T   0.45824 0.00486 0.52285 0.01405 ( 3)
  27 G   0.45387 0.00764 0.51833 0.02017 ( 3)
  28 G   0.44550 0.01317 0.50901 0.03232 ( 3)
  29 D   0.46328 0.00195 0.52865 0.00612 ( 3)
  30 I   0.45928 0.00407 0.52367 0.01298 ( 3)
  31 L   0.43480 0.02776 0.49814 0.03930 ( 3)
  32 R   0.02490 0.23408 0.02839 0.71264 ( 4)
  33 R   0.44627 0.01544 0.51078 0.02751 ( 3)
  34 T   0.32666 0.07012 0.37259 0.23063 ( 3)
  35 N   0.05068 0.23684 0.05783 0.65464 ( 4)
  36 T   0.00000 0.51146 0.00000 0.48853 ( 2)
  37 G   0.43641 0.02590 0.49996 0.03773 ( 3)
  38 -   0.21738 0.24840 0.24932 0.28490 ( 4)
  39 -   0.21738 0.24840 0.24932 0.28490 ( 4)
  40 -   0.21738 0.24840 0.24932 0.28490 ( 4)
  41 -   0.21738 0.24840 0.24932 0.28490 ( 4)
  42 T   0.00000 0.99208 0.00000 0.00792 ( 2)
  43 F   0.17716 0.25824 0.20300 0.36160 ( 4)
  44 G   0.43202 0.02877 0.49481 0.04440 ( 3)
  45 D   0.00007 0.94147 0.00009 0.05837 ( 2)
  46 I   0.25462 0.14482 0.29111 0.30945 ( 4)
  47 R   0.41556 0.04037 0.47572 0.06835 ( 3)
  48 L   0.15343 0.19786 0.17530 0.47341 ( 4)
  49 N   0.01091 0.38271 0.01250 0.59388 ( 4)
  50 I   0.29118 0.12135 0.33286 0.25461 ( 3)
  51 N   0.26463 0.11135 0.30194 0.32208 ( 4)
  52 V   0.00023 0.29918 0.00026 0.70033 ( 4)
  53 P   0.00525 0.31716 0.00600 0.67159 ( 4)
  54 L   0.16231 0.22642 0.18558 0.42568 ( 4)
  55 S   0.14162 0.21774 0.16201 0.47863 ( 4)
  56 Q   0.44737 0.01350 0.51170 0.02743 ( 3)
  57 R   0.38779 0.09354 0.49568 0.02298 ( 3)
  58 Y   0.45764 0.00560 0.52289 0.01387 ( 3)
  59 R   0.00619 0.28475 0.00707 0.70199 ( 4)
  60 V   0.38325 0.04287 0.43699 0.13688 ( 3)
  61 R   0.38339 0.05265 0.43815 0.12581 ( 3)
  62 I   0.01083 0.36644 0.01240 0.61033 ( 4)
  63 R   0.45651 0.00642 0.52171 0.01535 ( 3)
  64 Y   0.45365 0.00847 0.51843 0.01944 ( 3)
  65 A   0.46140 0.00297 0.52633 0.00931 ( 3)
  66 S   0.43453 0.02702 0.49773 0.04072 ( 3)
  67 T   0.00222 0.80860 0.00285 0.18633 ( 2)
  68 T   0.00030 0.69469 0.00039 0.30462 ( 2)
  69 D   0.40637 0.03035 0.46351 0.09977 ( 3)
  70 L   0.00000 0.44776 0.00000 0.55224 ( 4)
  71 -   0.21738 0.24840 0.24932 0.28490 ( 4)
  72 Q   0.00000 0.67216 0.00000 0.32784 ( 2)
  73 F   0.05170 0.73015 0.06622 0.15194 ( 2)
  74 F   0.00000 0.53714 0.00000 0.46285 ( 2)
  75 T   0.00373 0.31643 0.00427 0.67557 ( 4)
  76 R   0.00102 0.62612 0.00117 0.37168 ( 2)
  77 I   0.00000 0.78424 0.00000 0.21576 ( 2)
  78 N   0.02319 0.27818 0.02649 0.67214 ( 4)
  79 G   0.00001 0.68329 0.00001 0.31670 ( 2)
  80 T   0.00001 0.88802 0.00002 0.11195 ( 2)
  81 T   0.02284 0.28757 0.02611 0.66348 ( 4)
  82 V   0.00002 0.98401 0.00002 0.01595 ( 2)
  83 N   0.00047 0.36323 0.00054 0.63576 ( 4)
  84 I   0.00059 0.28993 0.00068 0.70880 ( 4)
  85 G   0.00044 0.64268 0.00057 0.35631 ( 2)
  86 N   0.00625 0.33378 0.00715 0.65282 ( 4)
  87 F   0.28545 0.11361 0.32589 0.27505 ( 3)
  88 S   0.26473 0.12132 0.30240 0.31155 ( 4)
  89 R   0.03215 0.61239 0.04107 0.31439 ( 2)
  90 T   0.46002 0.00377 0.52465 0.01156 ( 3)
  91 M   0.46421 0.00146 0.52995 0.00438 ( 3)
  92 N   0.01632 0.83370 0.02092 0.12906 ( 2)
  93 R   0.00006 0.64452 0.00007 0.35535 ( 2)
  94 G   0.43881 0.01652 0.50110 0.04356 ( 3)
  95 D   0.02316 0.25399 0.02644 0.69641 ( 4)
  96 N   0.00005 0.98412 0.00007 0.01577 ( 2)
  97 L   0.44475 0.01558 0.50862 0.03104 ( 3)
  98 E   0.04051 0.23568 0.04622 0.67759 ( 4)
  99 Y   0.04141 0.24276 0.04728 0.66855 ( 4)
 100 R   0.04961 0.26367 0.05669 0.63003 ( 4)
 101 S   0.00541 0.39425 0.00620 0.59414 ( 4)
 102 F   0.46133 0.00372 0.52747 0.00749 ( 3)
 103 R   0.00124 0.25009 0.00141 0.74726 ( 4)
 104 T   0.00392 0.81396 0.00501 0.17711 ( 2)
 105 A   0.00067 0.36386 0.00076 0.63471 ( 4)
 106 G   0.03353 0.23954 0.03825 0.68868 ( 4)
 107 F   0.02293 0.40026 0.02627 0.55054 ( 4)
 108 S   0.00003 0.81782 0.00004 0.18212 ( 2)
 109 T   0.45970 0.00395 0.52430 0.01206 ( 3)
 110 P   0.45309 0.00842 0.51763 0.02087 ( 3)
 111 F   0.02760 0.26262 0.03150 0.67828 ( 4)
 112 N   0.01504 0.37703 0.01722 0.59071 ( 4)
 113 F   0.46293 0.00214 0.52819 0.00674 ( 3)
 114 L   0.13962 0.22175 0.15957 0.47905 ( 4)
 115 N   0.03031 0.34795 0.03469 0.58705 ( 4)
 116 A   0.10388 0.23530 0.11867 0.54215 ( 4)
 117 Q   0.44737 0.01350 0.51170 0.02743 ( 3)
 118 S   0.00038 0.29734 0.00044 0.70183 ( 4)
 119 T   0.03783 0.24572 0.04320 0.67325 ( 4)
 120 F   0.19157 0.15502 0.21865 0.43476 ( 4)
 121 T   0.00562 0.28759 0.00642 0.70037 ( 4)
 122 L   0.43661 0.02122 0.49937 0.04280 ( 3)
 123 G   0.00000 0.79152 0.00000 0.20848 ( 2)
 124 A   0.00330 0.37057 0.00378 0.62234 ( 4)
 125 Q   0.00000 0.87174 0.00000 0.12826 ( 2)
 126 S   0.00039 0.36358 0.00044 0.63559 ( 4)
 127 F   0.28979 0.17599 0.33237 0.20184 ( 3)
 128 S   0.26676 0.19902 0.30596 0.22826 ( 3)
 129 N   0.29363 0.17215 0.33677 0.19744 ( 3)
 130 Q   0.23478 0.23100 0.26928 0.26494 ( 3)
 131 E   0.00079 0.32147 0.00090 0.67684 ( 4)
 132 V   0.12898 0.41699 0.16335 0.29068 ( 2)
 133 Y   0.45764 0.00560 0.52289 0.01387 ( 3)
 134 I   0.46132 0.00302 0.52600 0.00966 ( 3)
 135 D   0.46328 0.00195 0.52865 0.00612 ( 3)
 136 R   0.43466 0.02517 0.49758 0.04260 ( 3)
 137 V   0.01461 0.25076 0.01667 0.71796 ( 4)
 138 E   0.44795 0.01236 0.51203 0.02767 ( 3)
 139 F   0.45984 0.00388 0.52476 0.01151 ( 3)
 140 V   0.38566 0.07603 0.49256 0.04575 ( 3)
 141 -   0.37688 0.07482 0.43161 0.11668 ( 3)


lnL = -1693.188752

