Supplemental results for CODEML (seqf: algn  treef: tree)


dN/dS (w) for site classes (K=4)

site class             0        1       2a       2b
proportion       0.77159  0.22841  0.00000  0.00000
background w     0.10500  1.00000  0.10500  1.00000
foreground w     0.10500  1.00000  1.00000  1.00000

Naive Empirical Bayes (NEB) probabilities for 4 classes
(amino acids refer to 1st sequence: BT_Cry9Ba1)

   1 -   0.98116 0.01884 0.00000 0.00000 ( 1)
   2 -   0.99813 0.00187 0.00000 0.00000 ( 1)
   3 -   0.58193 0.41807 0.00000 0.00000 ( 1)
   4 -   0.88338 0.11662 0.00000 0.00000 ( 1)
   5 I   0.80429 0.19571 0.00000 0.00000 ( 1)
   6 L   0.59363 0.40637 0.00000 0.00000 ( 1)
   7 T   0.95815 0.04185 0.00000 0.00000 ( 1)
   8 G   0.10051 0.89949 0.00000 0.00000 ( 2)
   9 F   0.35613 0.64387 0.00000 0.00000 ( 2)
  10 L   0.93647 0.06353 0.00000 0.00000 ( 1)
  11 S   0.87736 0.12264 0.00000 0.00000 ( 1)
  12 T   0.63618 0.36382 0.00000 0.00000 ( 1)
  13 L   0.99745 0.00255 0.00000 0.00000 ( 1)
  14 F   0.98350 0.01650 0.00000 0.00000 ( 1)
  15 G   0.98140 0.01860 0.00000 0.00000 ( 1)
  16 F   0.00181 0.99819 0.00000 0.00000 ( 2)
  17 L   0.97528 0.02472 0.00000 0.00000 ( 1)
  18 W   0.97467 0.02533 0.00000 0.00000 ( 1)
  19 P   0.99878 0.00122 0.00000 0.00000 ( 1)
  20 S   0.48887 0.51113 0.00000 0.00000 ( 2)
  21 N   0.99873 0.00127 0.00000 0.00000 ( 1)
  22 D   0.98862 0.01138 0.00000 0.00000 ( 1)
  23 Q   0.98463 0.01537 0.00000 0.00000 ( 1)
  24 A   0.99616 0.00384 0.00000 0.00000 ( 1)
  25 V   0.99971 0.00029 0.00000 0.00000 ( 1)
  26 W   0.97467 0.02533 0.00000 0.00000 ( 1)
  27 E   0.99832 0.00168 0.00000 0.00000 ( 1)
  28 A   0.99959 0.00041 0.00000 0.00000 ( 1)
  29 F   0.99980 0.00020 0.00000 0.00000 ( 1)
  30 I   0.99798 0.00202 0.00000 0.00000 ( 1)
  31 E   0.09840 0.90160 0.00000 0.00000 ( 2)
  32 Q   0.96767 0.03233 0.00000 0.00000 ( 1)
  33 M   0.44828 0.55172 0.00000 0.00000 ( 2)
  34 E   0.99984 0.00016 0.00000 0.00000 ( 1)
  35 E   0.98938 0.01062 0.00000 0.00000 ( 1)
  36 L   0.98238 0.01762 0.00000 0.00000 ( 1)
  37 I   0.99886 0.00114 0.00000 0.00000 ( 1)
  38 E   0.72812 0.27188 0.00000 0.00000 ( 1)
  39 Q   0.99890 0.00110 0.00000 0.00000 ( 1)
  40 R   0.93644 0.06356 0.00000 0.00000 ( 1)
  41 I   0.99977 0.00023 0.00000 0.00000 ( 1)
  42 S   0.98769 0.01231 0.00000 0.00000 ( 1)
  43 D   0.63599 0.36401 0.00000 0.00000 ( 1)
  44 Q   0.92181 0.07819 0.00000 0.00000 ( 1)
  45 V   0.99971 0.00029 0.00000 0.00000 ( 1)
  46 V   0.95789 0.04211 0.00000 0.00000 ( 1)
  47 R   0.94963 0.05037 0.00000 0.00000 ( 1)
  48 T   0.02724 0.97276 0.00000 0.00000 ( 2)
  49 A   0.99972 0.00028 0.00000 0.00000 ( 1)
  50 L   0.08678 0.91322 0.00000 0.00000 ( 2)
  51 D   0.99993 0.00007 0.00000 0.00000 ( 1)
  52 D   0.00056 0.99944 0.00000 0.00000 ( 2)
  53 L   0.99640 0.00360 0.00000 0.00000 ( 1)
  54 T   0.99892 0.00108 0.00000 0.00000 ( 1)
  55 G   0.99962 0.00038 0.00000 0.00000 ( 1)
  56 I   0.39001 0.60999 0.00000 0.00000 ( 2)
  57 Q   0.68969 0.31031 0.00000 0.00000 ( 1)
  58 N   0.46578 0.53422 0.00000 0.00000 ( 2)
  59 Y   0.99672 0.00328 0.00000 0.00000 ( 1)
  60 Y   0.99865 0.00135 0.00000 0.00000 ( 1)
  61 N   0.00224 0.99776 0.00000 0.00000 ( 2)
  62 Q   0.66573 0.33427 0.00000 0.00000 ( 1)
  63 Y   0.99918 0.00082 0.00000 0.00000 ( 1)
  64 L   0.98514 0.01486 0.00000 0.00000 ( 1)
  65 I   0.01444 0.98556 0.00000 0.00000 ( 2)
  66 A   0.99975 0.00025 0.00000 0.00000 ( 1)
  67 L   0.94806 0.05194 0.00000 0.00000 ( 1)
  68 K   0.87111 0.12889 0.00000 0.00000 ( 1)
  69 E   0.99804 0.00196 0.00000 0.00000 ( 1)
  70 W   0.97467 0.02533 0.00000 0.00000 ( 1)
  71 E   0.37221 0.62779 0.00000 0.00000 ( 2)
  72 E   0.86757 0.13243 0.00000 0.00000 ( 1)
  73 R   0.93682 0.06318 0.00000 0.00000 ( 1)
  74 P   0.99485 0.00515 0.00000 0.00000 ( 1)
  75 N   0.98277 0.01723 0.00000 0.00000 ( 1)
  76 G   0.37137 0.62863 0.00000 0.00000 ( 2)
  77 V   0.99705 0.00295 0.00000 0.00000 ( 1)
  78 R   0.99938 0.00062 0.00000 0.00000 ( 1)
  79 A   0.93817 0.06183 0.00000 0.00000 ( 1)
  80 N   0.02475 0.97525 0.00000 0.00000 ( 2)
  81 L   0.99629 0.00371 0.00000 0.00000 ( 1)
  82 V   0.39438 0.60562 0.00000 0.00000 ( 2)
  83 L   0.07273 0.92727 0.00000 0.00000 ( 2)
  84 Q   0.59739 0.40261 0.00000 0.00000 ( 1)
  85 R   0.99842 0.00158 0.00000 0.00000 ( 1)
  86 F   0.99980 0.00020 0.00000 0.00000 ( 1)
  87 E   0.53984 0.46016 0.00000 0.00000 ( 1)
  88 I   0.01567 0.98433 0.00000 0.00000 ( 2)
  89 L   0.99034 0.00966 0.00000 0.00000 ( 1)
  90 H   0.99748 0.00252 0.00000 0.00000 ( 1)
  91 A   0.00001 0.99999 0.00000 0.00000 ( 2)
  92 L   0.01767 0.98233 0.00000 0.00000 ( 2)
  93 F   0.99980 0.00020 0.00000 0.00000 ( 1)
  94 V   0.96588 0.03412 0.00000 0.00000 ( 1)
  95 S   0.02950 0.97050 0.00000 0.00000 ( 2)
  96 S   0.00040 0.99960 0.00000 0.00000 ( 2)
  97 M   0.99975 0.00025 0.00000 0.00000 ( 1)
  98 P   0.99901 0.00099 0.00000 0.00000 ( 1)
  99 S   0.99301 0.00699 0.00000 0.00000 ( 1)
 100 F   0.99980 0.00020 0.00000 0.00000 ( 1)
 101 G   0.99883 0.00117 0.00000 0.00000 ( 1)
 102 S   0.10255 0.89745 0.00000 0.00000 ( 2)
 103 G   0.99938 0.00062 0.00000 0.00000 ( 1)
 104 P   0.99879 0.00121 0.00000 0.00000 ( 1)
 105 G   0.99959 0.00041 0.00000 0.00000 ( 1)
 106 S   0.99973 0.00027 0.00000 0.00000 ( 1)
 107 Q   0.43810 0.56190 0.00000 0.00000 ( 2)
 108 R   0.91454 0.08546 0.00000 0.00000 ( 1)
 109 F   0.83172 0.16828 0.00000 0.00000 ( 1)
 110 Q   0.18561 0.81439 0.00000 0.00000 ( 2)
 111 A   0.76454 0.23546 0.00000 0.00000 ( 1)
 112 Q   0.04707 0.95293 0.00000 0.00000 ( 2)
 113 L   0.99225 0.00775 0.00000 0.00000 ( 1)
 114 L   0.98622 0.01378 0.00000 0.00000 ( 1)
 115 V   0.00131 0.99869 0.00000 0.00000 ( 2)
 116 V   0.99969 0.00031 0.00000 0.00000 ( 1)
 117 Y   0.99914 0.00086 0.00000 0.00000 ( 1)
 118 A   0.99632 0.00368 0.00000 0.00000 ( 1)
 119 Q   0.99890 0.00110 0.00000 0.00000 ( 1)
 120 A   0.99967 0.00033 0.00000 0.00000 ( 1)
 121 A   0.99802 0.00198 0.00000 0.00000 ( 1)
 122 N   0.99945 0.00055 0.00000 0.00000 ( 1)
 123 L   0.98725 0.01275 0.00000 0.00000 ( 1)
 124 H   0.99983 0.00017 0.00000 0.00000 ( 1)
 125 L   0.98916 0.01084 0.00000 0.00000 ( 1)
 126 L   0.99630 0.00370 0.00000 0.00000 ( 1)
 127 L   0.99683 0.00317 0.00000 0.00000 ( 1)
 128 L   0.99683 0.00317 0.00000 0.00000 ( 1)
 129 A   0.46153 0.53847 0.00000 0.00000 ( 2)
 130 D   0.99993 0.00007 0.00000 0.00000 ( 1)
 131 A   0.99964 0.00036 0.00000 0.00000 ( 1)
 132 E   0.99779 0.00221 0.00000 0.00000 ( 1)
 133 K   0.99021 0.00979 0.00000 0.00000 ( 1)
 134 Y   0.99941 0.00059 0.00000 0.00000 ( 1)
 135 G   0.99593 0.00407 0.00000 0.00000 ( 1)
 136 A   0.99644 0.00356 0.00000 0.00000 ( 1)
 137 R   0.99963 0.00037 0.00000 0.00000 ( 1)
 138 W   0.97467 0.02533 0.00000 0.00000 ( 1)
 139 G   0.99939 0.00061 0.00000 0.00000 ( 1)
 140 L   0.99092 0.00908 0.00000 0.00000 ( 1)
 141 R   0.01013 0.98987 0.00000 0.00000 ( 2)
 142 E   0.99154 0.00846 0.00000 0.00000 ( 1)
 143 S   0.00110 0.99890 0.00000 0.00000 ( 2)
 144 Q   0.99658 0.00342 0.00000 0.00000 ( 1)
 145 I   0.99972 0.00028 0.00000 0.00000 ( 1)
 146 G   0.77159 0.22841 0.00000 0.00000 ( 1)
 147 N   0.28877 0.71123 0.00000 0.00000 ( 2)
 148 L   0.38103 0.61897 0.00000 0.00000 ( 2)
 149 Y   0.97637 0.02363 0.00000 0.00000 ( 1)
 150 F   0.97349 0.02651 0.00000 0.00000 ( 1)
 151 N   0.49418 0.50582 0.00000 0.00000 ( 2)
 152 E   0.18706 0.81294 0.00000 0.00000 ( 2)
 153 L   0.98360 0.01640 0.00000 0.00000 ( 1)
 154 Q   0.99890 0.00110 0.00000 0.00000 ( 1)
 155 T   0.00083 0.99917 0.00000 0.00000 ( 2)
 156 R   0.03892 0.96108 0.00000 0.00000 ( 2)
 157 T   0.99952 0.00048 0.00000 0.00000 ( 1)
 158 R   0.00970 0.99030 0.00000 0.00000 ( 2)
 159 D   0.01165 0.98835 0.00000 0.00000 ( 2)
 160 Y   0.99916 0.00084 0.00000 0.00000 ( 1)
 161 T   0.99543 0.00457 0.00000 0.00000 ( 1)
 162 N   0.99981 0.00019 0.00000 0.00000 ( 1)
 163 H   0.99983 0.00017 0.00000 0.00000 ( 1)
 164 C   0.99714 0.00286 0.00000 0.00000 ( 1)
 165 V   0.99827 0.00173 0.00000 0.00000 ( 1)
 166 N   0.13558 0.86442 0.00000 0.00000 ( 2)
 167 A   0.21585 0.78415 0.00000 0.00000 ( 2)
 168 Y   0.99941 0.00059 0.00000 0.00000 ( 1)
 169 N   0.99992 0.00008 0.00000 0.00000 ( 1)
 170 N   0.00975 0.99025 0.00000 0.00000 ( 2)
 171 G   0.99918 0.00082 0.00000 0.00000 ( 1)
 172 L   0.99683 0.00317 0.00000 0.00000 ( 1)
 173 A   0.03783 0.96217 0.00000 0.00000 ( 2)
 174 G   0.00002 0.99998 0.00000 0.00000 ( 2)
 175 L   0.75141 0.24859 0.00000 0.00000 ( 1)
 176 R   0.99230 0.00770 0.00000 0.00000 ( 1)
 177 G   0.98756 0.01244 0.00000 0.00000 ( 1)
 178 T   0.99961 0.00039 0.00000 0.00000 ( 1)
 179 S   0.62420 0.37580 0.00000 0.00000 ( 1)
 180 A   0.24160 0.75840 0.00000 0.00000 ( 2)
 181 E   0.40303 0.59697 0.00000 0.00000 ( 2)
 182 S   0.99973 0.00027 0.00000 0.00000 ( 1)
 183 W   0.97467 0.02533 0.00000 0.00000 ( 1)
 184 L   0.00097 0.99903 0.00000 0.00000 ( 2)
 185 K   0.98387 0.01613 0.00000 0.00000 ( 1)
 186 Y   0.99175 0.00825 0.00000 0.00000 ( 1)
 187 H   0.99788 0.00212 0.00000 0.00000 ( 1)
 188 Q   0.86776 0.13224 0.00000 0.00000 ( 1)
 189 F   0.53977 0.46023 0.00000 0.00000 ( 1)
 190 R   0.99814 0.00186 0.00000 0.00000 ( 1)
 191 R   0.99941 0.00059 0.00000 0.00000 ( 1)
 192 E   0.99840 0.00160 0.00000 0.00000 ( 1)
 193 A   0.94105 0.05895 0.00000 0.00000 ( 1)
 194 T   0.99913 0.00087 0.00000 0.00000 ( 1)
 195 L   0.94871 0.05129 0.00000 0.00000 ( 1)
 196 M   0.94289 0.05711 0.00000 0.00000 ( 1)
 197 A   0.99637 0.00363 0.00000 0.00000 ( 1)
 198 M   0.99692 0.00308 0.00000 0.00000 ( 1)
 199 D   0.99993 0.00007 0.00000 0.00000 ( 1)
 200 L   0.99545 0.00455 0.00000 0.00000 ( 1)
 201 I   0.93530 0.06470 0.00000 0.00000 ( 1)
 202 A   0.95588 0.04412 0.00000 0.00000 ( 1)
 203 L   0.99635 0.00365 0.00000 0.00000 ( 1)
 204 F   0.99502 0.00498 0.00000 0.00000 ( 1)
 205 P   0.99923 0.00077 0.00000 0.00000 ( 1)
 206 Y   0.92229 0.07771 0.00000 0.00000 ( 1)


lnL = -3280.815829

Bayes Empirical Bayes (BEB) probabilities for 4 classes (class)
(amino acids refer to 1st sequence: BT_Cry9Ba1)

   1 -   0.97298 0.01488 0.01186 0.00027 ( 1)
   2 -   0.98870 0.00168 0.00959 0.00003 ( 1)
   3 -   0.76373 0.22331 0.00890 0.00406 ( 1)
   4 -   0.90784 0.06916 0.02106 0.00194 ( 1)
   5 I   0.89167 0.09514 0.01138 0.00181 ( 1)
   6 L   0.76614 0.21597 0.01291 0.00498 ( 1)
   7 T   0.96858 0.02080 0.01026 0.00036 ( 1)
   8 G   0.34011 0.64501 0.00370 0.01119 ( 2)
   9 F   0.58822 0.39108 0.01127 0.00943 ( 1)
  10 L   0.95764 0.03094 0.01087 0.00055 ( 1)
  11 S   0.90748 0.07236 0.01835 0.00181 ( 1)
  12 T   0.83257 0.15683 0.00803 0.00257 ( 1)
  13 L   0.97266 0.00223 0.02504 0.00007 ( 1)
  14 F   0.97462 0.01050 0.01466 0.00022 ( 1)
  15 G   0.98230 0.00958 0.00797 0.00014 ( 1)
  16 F   0.01183 0.96476 0.00023 0.02318 ( 2)
  17 L   0.96045 0.01963 0.01943 0.00049 ( 1)
  18 W   0.95829 0.01944 0.02175 0.00052 ( 1)
  19 P   0.98684 0.00111 0.01203 0.00002 ( 1)
  20 S   0.74380 0.24368 0.00824 0.00428 ( 1)
  21 N   0.99099 0.00095 0.00805 0.00001 ( 1)
  22 D   0.88796 0.00550 0.10638 0.00016 ( 1)
  23 Q   0.98388 0.00802 0.00799 0.00012 ( 1)
  24 A   0.98746 0.00267 0.00982 0.00004 ( 1)
  25 V   0.99004 0.00030 0.00965 0.00001 ( 1)
  26 W   0.95829 0.01944 0.02175 0.00052 ( 1)
  27 E   0.98992 0.00125 0.00881 0.00002 ( 1)
  28 A   0.98888 0.00040 0.01071 0.00001 ( 1)
  29 F   0.99019 0.00020 0.00961 0.00000 ( 1)
  30 I   0.98831 0.00143 0.01024 0.00002 ( 1)
  31 E   0.33207 0.65315 0.00374 0.01104 ( 2)
  32 Q   0.96804 0.01921 0.01239 0.00036 ( 1)
  33 M   0.69045 0.21238 0.09005 0.00712 ( 1)
  34 E   0.99100 0.00018 0.00882 0.00000 ( 1)
  35 E   0.97815 0.00702 0.01467 0.00015 ( 1)
  36 L   0.97696 0.01119 0.01165 0.00020 ( 1)
  37 I   0.97728 0.00106 0.02163 0.00003 ( 1)
  38 E   0.88218 0.10708 0.00887 0.00188 ( 1)
  39 Q   0.98634 0.00101 0.01263 0.00002 ( 1)
  40 R   0.95818 0.03095 0.01033 0.00054 ( 1)
  41 I   0.99129 0.00024 0.00847 0.00000 ( 1)
  42 S   0.96791 0.00987 0.02195 0.00027 ( 1)
  43 D   0.71471 0.13809 0.14125 0.00595 ( 1)
  44 Q   0.94913 0.03801 0.01214 0.00072 ( 1)
  45 V   0.99005 0.00029 0.00965 0.00000 ( 1)
  46 V   0.96902 0.02119 0.00944 0.00035 ( 1)
  47 R   0.95319 0.03029 0.01583 0.00068 ( 1)
  48 T   0.12634 0.86007 0.00098 0.01261 ( 2)
  49 A   0.98985 0.00028 0.00987 0.00000 ( 1)
  50 L   0.23277 0.75092 0.00272 0.01359 ( 2)
  51 D   0.99202 0.00008 0.00790 0.00000 ( 1)
  52 D   0.00522 0.93177 0.00175 0.06126 ( 2)
  53 L   0.97983 0.00312 0.01697 0.00007 ( 1)
  54 T   0.98794 0.00100 0.01105 0.00002 ( 1)
  55 G   0.98898 0.00038 0.01063 0.00001 ( 1)
  56 I   0.58822 0.28671 0.11167 0.01340 ( 1)
  57 Q   0.82535 0.15474 0.01613 0.00378 ( 1)
  58 N   0.76490 0.22569 0.00604 0.00337 ( 1)
  59 Y   0.98643 0.00232 0.01121 0.00004 ( 1)
  60 Y   0.98751 0.00125 0.01122 0.00002 ( 1)
  61 N   0.01792 0.87466 0.02360 0.08382 ( 2)
  62 Q   0.82153 0.16849 0.00728 0.00269 ( 1)
  63 Y   0.98798 0.00078 0.01123 0.00001 ( 1)
  64 L   0.97364 0.00969 0.01646 0.00022 ( 1)
  65 I   0.08599 0.89505 0.00109 0.01788 ( 2)
  66 A   0.98989 0.00025 0.00985 0.00000 ( 1)
  67 L   0.95370 0.03130 0.01434 0.00066 ( 1)
  68 K   0.92275 0.06216 0.01380 0.00129 ( 1)
  69 E   0.98346 0.00177 0.01474 0.00004 ( 1)
  70 W   0.95829 0.01944 0.02175 0.00052 ( 1)
  71 E   0.59816 0.38360 0.00979 0.00844 ( 1)
  72 E   0.78498 0.04448 0.16851 0.00203 ( 1)
  73 R   0.95836 0.03079 0.01032 0.00053 ( 1)
  74 P   0.97463 0.00434 0.02092 0.00011 ( 1)
  75 N   0.97893 0.01107 0.00981 0.00019 ( 1)
  76 G   0.59422 0.38300 0.01277 0.01002 ( 1)
  77 V   0.98623 0.00208 0.01165 0.00004 ( 1)
  78 R   0.98872 0.00059 0.01068 0.00001 ( 1)
  79 A   0.95851 0.03059 0.01038 0.00053 ( 1)
  80 N   0.11304 0.86610 0.00187 0.01899 ( 2)
  81 L   0.98193 0.00323 0.01477 0.00007 ( 1)
  82 V   0.65467 0.30871 0.03069 0.00593 ( 1)
  83 L   0.27067 0.71507 0.00255 0.01172 ( 2)
  84 Q   0.77261 0.21192 0.01110 0.00437 ( 1)
  85 R   0.98121 0.00143 0.01733 0.00003 ( 1)
  86 F   0.99019 0.00020 0.00961 0.00000 ( 1)
  87 E   0.77604 0.21369 0.00685 0.00341 ( 1)
  88 I   0.07647 0.90251 0.00126 0.01976 ( 2)
  89 L   0.96850 0.00791 0.02337 0.00022 ( 1)
  90 H   0.98873 0.00183 0.00941 0.00003 ( 1)
  91 A   0.00006 0.67938 0.00079 0.31978 ( 2)
  92 L   0.05045 0.55679 0.29584 0.09692 ( 2)
  93 F   0.99019 0.00020 0.00961 0.00000 ( 1)
  94 V   0.97305 0.01718 0.00948 0.00029 ( 1)
  95 S   0.13796 0.80549 0.02398 0.03257 ( 2)
  96 S   0.00250 0.81129 0.00546 0.18074 ( 2)
  97 M   0.98950 0.00025 0.01025 0.00000 ( 1)
  98 P   0.98703 0.00092 0.01203 0.00002 ( 1)
  99 S   0.98343 0.00587 0.01059 0.00010 ( 1)
 100 F   0.99019 0.00020 0.00961 0.00000 ( 1)
 101 G   0.98778 0.00108 0.01111 0.00002 ( 1)
 102 S   0.31999 0.59595 0.05919 0.02486 ( 2)
 103 G   0.98870 0.00060 0.01069 0.00001 ( 1)
 104 P   0.98593 0.00111 0.01294 0.00002 ( 1)
 105 G   0.98889 0.00041 0.01070 0.00001 ( 1)
 106 S   0.98990 0.00027 0.00983 0.00000 ( 1)
 107 Q   0.61425 0.24468 0.13004 0.01104 ( 1)
 108 R   0.94762 0.04146 0.01021 0.00072 ( 1)
 109 F   0.90965 0.08188 0.00723 0.00123 ( 1)
 110 Q   0.43626 0.54274 0.00812 0.01289 ( 2)
 111 A   0.89430 0.09543 0.00869 0.00159 ( 1)
 112 Q   0.19665 0.78865 0.00189 0.01282 ( 2)
 113 L   0.97375 0.00640 0.01970 0.00016 ( 1)
 114 L   0.96521 0.01102 0.02346 0.00031 ( 1)
 115 V   0.01034 0.96671 0.00019 0.02276 ( 2)
 116 V   0.99003 0.00032 0.00965 0.00001 ( 1)
 117 Y   0.98794 0.00082 0.01123 0.00001 ( 1)
 118 A   0.98756 0.00258 0.00983 0.00004 ( 1)
 119 Q   0.98634 0.00101 0.01263 0.00002 ( 1)
 120 A   0.98981 0.00033 0.00985 0.00001 ( 1)
 121 A   0.97964 0.00177 0.01855 0.00004 ( 1)
 122 N   0.99140 0.00054 0.00805 0.00001 ( 1)
 123 L   0.96439 0.01048 0.02482 0.00031 ( 1)
 124 H   0.99039 0.00018 0.00943 0.00000 ( 1)
 125 L   0.97137 0.00876 0.01965 0.00022 ( 1)
 126 L   0.98191 0.00322 0.01480 0.00007 ( 1)
 127 L   0.98240 0.00277 0.01478 0.00006 ( 1)
 128 L   0.98240 0.00277 0.01478 0.00006 ( 1)
 129 A   0.72374 0.26557 0.00646 0.00422 ( 1)
 130 D   0.99202 0.00008 0.00790 0.00000 ( 1)
 131 A   0.98979 0.00036 0.00985 0.00001 ( 1)
 132 E   0.98955 0.00161 0.00881 0.00003 ( 1)
 133 K   0.98324 0.00676 0.00989 0.00011 ( 1)
 134 Y   0.98820 0.00057 0.01123 0.00001 ( 1)
 135 G   0.97787 0.00348 0.01856 0.00008 ( 1)
 136 A   0.98762 0.00249 0.00984 0.00004 ( 1)
 137 R   0.98897 0.00036 0.01067 0.00001 ( 1)
 138 W   0.95829 0.01944 0.02175 0.00052 ( 1)
 139 G   0.98878 0.00058 0.01063 0.00001 ( 1)
 140 L   0.98069 0.00748 0.01169 0.00014 ( 1)
 141 R   0.04345 0.63434 0.22280 0.09940 ( 2)
 142 E   0.98173 0.00559 0.01257 0.00011 ( 1)
 143 S   0.00776 0.92847 0.00256 0.06120 ( 2)
 144 Q   0.98235 0.00297 0.01461 0.00006 ( 1)
 145 I   0.98982 0.00029 0.00989 0.00000 ( 1)
 146 G   0.80049 0.16113 0.03189 0.00649 ( 1)
 147 N   0.56704 0.41421 0.00954 0.00921 ( 1)
 148 L   0.62814 0.35512 0.00934 0.00741 ( 1)
 149 Y   0.97383 0.01484 0.01106 0.00027 ( 1)
 150 F   0.97688 0.01343 0.00947 0.00022 ( 1)
 151 N   0.74669 0.24366 0.00600 0.00365 ( 1)
 152 E   0.45438 0.53167 0.00481 0.00913 ( 2)
 153 L   0.97688 0.01042 0.01250 0.00020 ( 1)
 154 Q   0.98634 0.00101 0.01263 0.00002 ( 1)
 155 T   0.00862 0.97704 0.00007 0.01428 ( 2)
 156 R   0.16728 0.81498 0.00219 0.01556 ( 2)
 157 T   0.98847 0.00047 0.01106 0.00001 ( 1)
 158 R   0.04833 0.88464 0.01493 0.05210 ( 2)
 159 D   0.07240 0.91205 0.00069 0.01486 ( 2)
 160 Y   0.98796 0.00080 0.01123 0.00001 ( 1)
 161 T   0.97168 0.00387 0.02434 0.00011 ( 1)
 162 N   0.99174 0.00020 0.00805 0.00000 ( 1)
 163 H   0.99039 0.00018 0.00943 0.00000 ( 1)
 164 C   0.98543 0.00251 0.01201 0.00005 ( 1)
 165 V   0.98026 0.00158 0.01812 0.00004 ( 1)
 166 N   0.36740 0.61856 0.00361 0.01043 ( 2)
 167 A   0.48481 0.50195 0.00488 0.00837 ( 2)
 168 Y   0.98820 0.00057 0.01123 0.00001 ( 1)
 169 N   0.99186 0.00008 0.00805 0.00000 ( 1)
 170 N   0.06262 0.92128 0.00065 0.01546 ( 2)
 171 G   0.98858 0.00078 0.01063 0.00001 ( 1)
 172 L   0.98240 0.00277 0.01478 0.00006 ( 1)
 173 A   0.16149 0.82343 0.00140 0.01368 ( 2)
 174 G   0.00027 0.96455 0.00004 0.03515 ( 2)
 175 L   0.86199 0.12250 0.01293 0.00257 ( 1)
 176 R   0.86302 0.00449 0.13233 0.00016 ( 1)
 177 G   0.96590 0.00994 0.02387 0.00028 ( 1)
 178 T   0.98944 0.00039 0.01017 0.00001 ( 1)
 179 S   0.82515 0.16571 0.00666 0.00249 ( 1)
 180 A   0.53673 0.44813 0.00668 0.00845 ( 1)
 181 E   0.67551 0.31358 0.00594 0.00497 ( 1)
 182 S   0.98990 0.00027 0.00983 0.00000 ( 1)
 183 W   0.95829 0.01944 0.02175 0.00052 ( 1)
 184 L   0.00655 0.83842 0.03042 0.12461 ( 2)
 185 K   0.98348 0.00841 0.00798 0.00013 ( 1)
 186 Y   0.98017 0.00689 0.01281 0.00013 ( 1)
 187 H   0.98739 0.00151 0.01107 0.00003 ( 1)
 188 Q   0.92287 0.06404 0.01181 0.00128 ( 1)
 189 F   0.73123 0.24868 0.01407 0.00601 ( 1)
 190 R   0.98498 0.00165 0.01333 0.00003 ( 1)
 191 R   0.98876 0.00057 0.01066 0.00001 ( 1)
 192 E   0.98377 0.00146 0.01474 0.00003 ( 1)
 193 A   0.96123 0.02834 0.00995 0.00048 ( 1)
 194 T   0.98900 0.00082 0.01016 0.00001 ( 1)
 195 L   0.95389 0.03112 0.01434 0.00065 ( 1)
 196 M   0.96183 0.02774 0.00995 0.00047 ( 1)
 197 A   0.98760 0.00254 0.00983 0.00004 ( 1)
 198 M   0.98761 0.00213 0.01023 0.00004 ( 1)
 199 D   0.99202 0.00008 0.00790 0.00000 ( 1)
 200 L   0.98126 0.00389 0.01476 0.00008 ( 1)
 201 I   0.94960 0.03916 0.01054 0.00070 ( 1)
 202 A   0.95460 0.02688 0.01788 0.00064 ( 1)
 203 L   0.98194 0.00318 0.01481 0.00007 ( 1)
 204 F   0.97677 0.00420 0.01893 0.00010 ( 1)
 205 P   0.98723 0.00072 0.01204 0.00001 ( 1)
 206 Y   0.94031 0.04656 0.01223 0.00090 ( 1)

