Supplemental results for CODEML (seqf: algn  treef: tree)


dN/dS (w) for site classes (K=4)

site class             0        1       2a       2b
proportion       0.47493  0.51174  0.00642  0.00691
background w     0.00006  1.00000  0.00006  1.00000
foreground w     0.00006  1.00000 40.74371 40.74371

Naive Empirical Bayes (NEB) probabilities for 4 classes
(amino acids refer to 1st sequence: BT_Cry4Ba1)

   1 A   0.00000 0.99710 0.00000 0.00290 ( 2)
   2 G   0.87021 0.12806 0.00149 0.00024 ( 1)
   3 T   0.00000 0.99754 0.00000 0.00246 ( 2)
   4 V   0.69706 0.29983 0.00208 0.00102 ( 1)
   5 L   0.00001 0.97737 0.01235 0.01027 ( 2)
   6 T   0.78875 0.20910 0.00165 0.00049 ( 1)
   7 V   0.00037 0.99720 0.00000 0.00243 ( 2)
   8 L   0.85752 0.14046 0.00171 0.00030 ( 1)
   9 S   0.82971 0.16903 0.00102 0.00024 ( 1)
  10 A   0.00011 0.99370 0.00000 0.00618 ( 2)
  11 V   0.00019 0.99695 0.00000 0.00286 ( 2)
  12 L   0.85752 0.14046 0.00171 0.00030 ( 1)
  13 P   0.83760 0.16014 0.00187 0.00038 ( 1)
  14 I   0.00052 0.99716 0.00000 0.00232 ( 2)
  15 L   0.85752 0.14046 0.00171 0.00030 ( 1)
  16 W   0.60370 0.38871 0.00459 0.00300 ( 1)
  17 P   0.61614 0.37663 0.00446 0.00277 ( 1)
  18 T   0.00018 0.99186 0.00000 0.00796 ( 2)
  19 N   0.92035 0.07797 0.00152 0.00016 ( 1)
  20 T   0.89175 0.10636 0.00165 0.00023 ( 1)
  21 P   0.81192 0.18536 0.00219 0.00053 ( 1)
  22 T   0.67489 0.31946 0.00381 0.00185 ( 1)
  23 P   0.83760 0.16014 0.00187 0.00038 ( 1)
  24 E   0.88926 0.10892 0.00160 0.00022 ( 1)
  25 R   0.84715 0.14454 0.00715 0.00116 ( 1)
  26 V   0.88704 0.11105 0.00167 0.00024 ( 1)
  27 W   0.00009 0.99226 0.00000 0.00765 ( 2)
  28 N   0.92035 0.07797 0.00152 0.00016 ( 1)
  29 D   0.91937 0.07915 0.00135 0.00014 ( 1)
  30 F   0.79964 0.19862 0.00136 0.00038 ( 1)
  31 M   0.89459 0.10398 0.00127 0.00016 ( 1)
  32 T   0.70533 0.29161 0.00207 0.00099 ( 1)
  33 N   0.92035 0.07797 0.00152 0.00016 ( 1)
  34 T   0.00033 0.98470 0.00001 0.01496 ( 2)
  35 G   0.74525 0.25242 0.00171 0.00062 ( 1)
  36 N   0.00033 0.99481 0.00000 0.00485 ( 2)
  37 L   0.00035 0.99749 0.00000 0.00216 ( 2)
  38 I   0.89423 0.10374 0.00178 0.00025 ( 1)
  39 D   0.91937 0.07915 0.00135 0.00014 ( 1)
  40 Q   0.81082 0.18647 0.00218 0.00053 ( 1)
  41 T   0.00035 0.98274 0.00000 0.01691 ( 2)
  42 V   0.00034 0.98790 0.00000 0.01176 ( 2)
  43 T   0.87225 0.12562 0.00182 0.00030 ( 1)
  44 A   0.00000 0.98685 0.00000 0.01315 ( 2)
  45 Y   0.00000 0.99596 0.00000 0.00404 ( 2)
  46 V   0.86688 0.13095 0.00185 0.00032 ( 1)
  47 R   0.71705 0.27866 0.00306 0.00123 ( 1)
  48 T   0.00006 0.99630 0.00000 0.00364 ( 2)
  49 D   0.00000 0.10136 0.81042 0.08822 ( 3)
  50 A   0.78016 0.21376 0.00475 0.00133 ( 1)
  51 N   0.92035 0.07797 0.00152 0.00016 ( 1)
  52 A   0.86293 0.13496 0.00180 0.00031 ( 1)
  53 K   0.00000 0.74487 0.00006 0.25507 ( 2)
  54 M   0.89459 0.10398 0.00127 0.00016 ( 1)
  55 T   0.00012 0.99358 0.00000 0.00630 ( 2)
  56 V   0.00016 0.73403 0.23132 0.03449 ( 2)
  57 V   0.78627 0.21154 0.00169 0.00050 ( 1)
  58 K   0.89533 0.10275 0.00170 0.00023 ( 1)
  59 D   0.00038 0.99564 0.00000 0.00398 ( 2)
  60 Y   0.00039 0.99734 0.00000 0.00227 ( 2)
  61 L   0.75510 0.24134 0.00267 0.00090 ( 1)
  62 D   0.00036 0.99723 0.00000 0.00241 ( 2)
  63 Q   0.00005 0.99797 0.00000 0.00198 ( 2)
  64 Y   0.85940 0.13847 0.00180 0.00032 ( 1)
  65 T   0.00033 0.98470 0.00001 0.01496 ( 2)
  66 T   0.00026 0.99583 0.00000 0.00391 ( 2)
  67 K   0.00000 0.99845 0.00000 0.00155 ( 2)
  68 F   0.89032 0.10798 0.00150 0.00020 ( 1)
  69 N   0.77273 0.22388 0.00260 0.00079 ( 1)
  70 T   0.00000 0.97324 0.00001 0.02675 ( 2)
  71 W   0.60370 0.38871 0.00459 0.00300 ( 1)
  72 K   0.89533 0.10275 0.00170 0.00023 ( 1)
  73 R   0.00036 0.99711 0.00000 0.00252 ( 2)
  74 E   0.00000 0.99335 0.00000 0.00665 ( 2)
  75 P   0.73361 0.25855 0.00578 0.00206 ( 1)
  76 N   0.00026 0.99263 0.00000 0.00711 ( 2)
  77 N   0.85823 0.14005 0.00144 0.00029 ( 1)
  78 Q   0.00000 0.93606 0.00001 0.06392 ( 2)
  79 -   0.52763 0.46957 0.00142 0.00138 ( 1)
  80 -   0.00006 0.92473 0.03649 0.03872 ( 2)
  81 -   0.54170 0.45605 0.00114 0.00111 ( 1)
  82 -   0.52763 0.46957 0.00142 0.00138 ( 1)
  83 S   0.00000 0.98923 0.00000 0.01077 ( 2)
  84 Y   0.85940 0.13847 0.00180 0.00032 ( 1)
  85 R   0.00000 0.99635 0.00000 0.00365 ( 2)
  86 T   0.00039 0.99719 0.00000 0.00243 ( 2)
  87 A   0.86859 0.12959 0.00156 0.00026 ( 1)
  88 V   0.86688 0.13095 0.00185 0.00032 ( 1)
  89 I   0.88774 0.11013 0.00186 0.00028 ( 1)
  90 T   0.00000 0.97855 0.00000 0.02145 ( 2)
  91 Q   0.00028 0.99750 0.00000 0.00222 ( 2)
  92 F   0.89032 0.10798 0.00150 0.00020 ( 1)
  93 N   0.00000 0.99730 0.00000 0.00270 ( 2)
  94 L   0.78128 0.21544 0.00254 0.00074 ( 1)
  95 T   0.00000 0.99735 0.00000 0.00265 ( 2)
  96 S   0.00000 0.99588 0.00000 0.00412 ( 2)
  97 A   0.77085 0.22702 0.00161 0.00052 ( 1)
  98 K   0.00039 0.98200 0.00001 0.01760 ( 2)
  99 L   0.85752 0.14046 0.00171 0.00030 ( 1)
 100 R   0.68695 0.30787 0.00355 0.00163 ( 1)
 101 E   0.00000 0.99830 0.00000 0.00170 ( 2)
 102 T   0.00000 0.98062 0.00000 0.01938 ( 2)
 103 A   0.86198 0.13591 0.00180 0.00031 ( 1)
 104 V   0.00045 0.99741 0.00000 0.00214 ( 2)
 105 Y   0.85940 0.13847 0.00180 0.00032 ( 1)
 106 F   0.89032 0.10798 0.00150 0.00020 ( 1)
 107 S   0.70603 0.28927 0.00331 0.00139 ( 1)
 108 N   0.85823 0.14005 0.00144 0.00029 ( 1)
 109 L   0.00012 0.99447 0.00000 0.00542 ( 2)
 110 V   0.82481 0.16844 0.00557 0.00118 ( 1)
 111 G   0.87219 0.12608 0.00150 0.00023 ( 1)
 112 Y   0.85940 0.13847 0.00180 0.00032 ( 1)
 113 E   0.88926 0.10892 0.00160 0.00022 ( 1)
 114 L   0.75510 0.24134 0.00267 0.00090 ( 1)
 115 L   0.71526 0.28143 0.00234 0.00097 ( 1)
 116 L   0.78128 0.21544 0.00254 0.00074 ( 1)
 117 L   0.78128 0.21544 0.00254 0.00074 ( 1)
 118 P   0.81192 0.18536 0.00219 0.00053 ( 1)
 119 I   0.88774 0.11013 0.00186 0.00028 ( 1)
 120 Y   0.75756 0.24030 0.00159 0.00055 ( 1)
 121 A   0.00000 0.99743 0.00000 0.00257 ( 2)
 122 Q   0.81082 0.18647 0.00218 0.00053 ( 1)
 123 V   0.87389 0.12419 0.00165 0.00027 ( 1)
 124 A   0.86293 0.13496 0.00180 0.00031 ( 1)
 125 N   0.92035 0.07797 0.00152 0.00016 ( 1)
 126 F   0.00000 0.91026 0.00000 0.08974 ( 2)
 127 N   0.00043 0.99770 0.00000 0.00187 ( 2)
 128 L   0.78128 0.21544 0.00254 0.00074 ( 1)
 129 L   0.85752 0.14046 0.00171 0.00030 ( 1)
 130 L   0.78128 0.21544 0.00254 0.00074 ( 1)
 131 I   0.88774 0.11013 0.00186 0.00028 ( 1)
 132 R   0.88698 0.11138 0.00143 0.00020 ( 1)
 133 D   0.91937 0.07915 0.00135 0.00014 ( 1)
 134 G   0.76312 0.23514 0.00131 0.00043 ( 1)
 135 L   0.00010 0.99242 0.00000 0.00748 ( 2)
 136 I   0.00000 0.99749 0.00000 0.00251 ( 2)
 137 N   0.00000 0.99788 0.00000 0.00212 ( 2)
 138 A   0.00000 0.99771 0.00000 0.00229 ( 2)
 139 Q   0.00000 0.99766 0.00000 0.00234 ( 2)
 140 E   0.00000 0.99795 0.00000 0.00205 ( 2)
 141 W   0.00000 0.99235 0.00000 0.00765 ( 2)
 142 S   0.00000 0.99768 0.00000 0.00232 ( 2)
 143 L   0.00000 0.99658 0.00000 0.00342 ( 2)
 144 A   0.86293 0.13496 0.00180 0.00031 ( 1)
 145 R   0.79510 0.20215 0.00217 0.00058 ( 1)
 146 S   0.00000 0.99028 0.00000 0.00972 ( 2)
 147 A   0.00000 0.99805 0.00000 0.00195 ( 2)
 148 G   0.50154 0.48513 0.00678 0.00655 ( 1)
 149 D   0.74189 0.25414 0.00293 0.00104 ( 1)
 150 Q   0.00000 0.99097 0.00000 0.00903 ( 2)
 151 L   0.80732 0.19065 0.00162 0.00041 ( 1)
 152 Y   0.85940 0.13847 0.00180 0.00032 ( 1)
 153 N   0.00036 0.99730 0.00000 0.00234 ( 2)
 154 T   0.00000 0.99759 0.00000 0.00241 ( 2)
 155 M   0.00000 0.99789 0.00000 0.00211 ( 2)
 156 V   0.00000 0.97629 0.00000 0.02371 ( 2)
 157 Q   0.00002 0.99547 0.00000 0.00451 ( 2)
 158 Y   0.00018 0.99755 0.00000 0.00227 ( 2)
 159 T   0.00022 0.96929 0.00001 0.03048 ( 2)
 160 K   0.00000 0.99845 0.00000 0.00155 ( 2)
 161 E   0.00000 0.99164 0.00000 0.00836 ( 2)
 162 Y   0.76181 0.23091 0.00557 0.00172 ( 1)
 163 I   0.89423 0.10374 0.00178 0.00025 ( 1)
 164 A   0.00021 0.99591 0.00000 0.00388 ( 2)
 165 H   0.88769 0.11069 0.00142 0.00020 ( 1)
 166 S   0.00025 0.99776 0.00000 0.00199 ( 2)
 167 I   0.89423 0.10374 0.00178 0.00025 ( 1)
 168 T   0.00034 0.99723 0.00000 0.00243 ( 2)
 169 W   0.00000 0.99726 0.00000 0.00274 ( 2)
 170 Y   0.85940 0.13847 0.00180 0.00032 ( 1)
 171 N   0.92035 0.07797 0.00152 0.00016 ( 1)
 172 K   0.00032 0.99565 0.00000 0.00403 ( 2)
 173 G   0.87219 0.12608 0.00150 0.00023 ( 1)
 174 L   0.78128 0.21544 0.00254 0.00074 ( 1)
 175 D   0.00075 0.99704 0.00000 0.00220 ( 2)
 176 V   0.00000 0.99729 0.00000 0.00271 ( 2)
 177 L   0.85752 0.14046 0.00171 0.00030 ( 1)
 178 R   0.00000 0.99757 0.00000 0.00243 ( 2)
 179 N   0.92035 0.07797 0.00152 0.00016 ( 1)
 180 K   0.00048 0.99764 0.00000 0.00188 ( 2)
 181 S   0.54481 0.44186 0.00736 0.00597 ( 1)
 182 N   0.92035 0.07797 0.00152 0.00016 ( 1)
 183 G   0.00016 0.99386 0.00000 0.00598 ( 2)
 184 Q   0.00000 0.99706 0.00000 0.00294 ( 2)
 185 W   0.60370 0.38871 0.00459 0.00300 ( 1)
 186 I   0.00000 0.99798 0.00000 0.00202 ( 2)
 187 T   0.79316 0.20469 0.00167 0.00048 ( 1)
 188 F   0.89032 0.10798 0.00150 0.00020 ( 1)
 189 N   0.92035 0.07797 0.00152 0.00016 ( 1)
 190 D   0.91937 0.07915 0.00135 0.00014 ( 1)
 191 Y   0.85940 0.13847 0.00180 0.00032 ( 1)
 192 K   0.00048 0.99764 0.00000 0.00188 ( 2)
 193 R   0.88698 0.11138 0.00143 0.00020 ( 1)
 194 E   0.82142 0.17672 0.00150 0.00036 ( 1)
 195 M   0.89459 0.10398 0.00127 0.00016 ( 1)
 196 T   0.89175 0.10636 0.00165 0.00023 ( 1)
 197 I   0.83887 0.15323 0.00665 0.00125 ( 1)
 198 Q   0.77102 0.21860 0.00816 0.00223 ( 1)
 199 V   0.00013 0.83538 0.14089 0.02361 ( 2)
 200 L   0.76789 0.22728 0.00360 0.00123 ( 1)
 201 D   0.91937 0.07915 0.00135 0.00014 ( 1)
 202 I   0.88556 0.11238 0.00179 0.00027 ( 1)
 203 L   0.00004 0.99823 0.00000 0.00173 ( 2)
 204 A   0.00000 0.87512 0.00000 0.12488 ( 2)
 205 L   0.85752 0.14046 0.00171 0.00030 ( 1)
 206 F   0.89032 0.10798 0.00150 0.00020 ( 1)
 207 A   0.00016 0.99734 0.00000 0.00249 ( 2)
 208 S   0.92023 0.07854 0.00112 0.00011 ( 1)


lnL = -1685.753046

Bayes Empirical Bayes (BEB) probabilities for 4 classes (class)
(amino acids refer to 1st sequence: BT_Cry4Ba1)

   1 A   0.01979 0.89381 0.00175 0.08465 ( 2)
   2 G   0.80911 0.10691 0.07365 0.01033 ( 1)
   3 T   0.01317 0.89726 0.00124 0.08834 ( 2)
   4 V   0.67004 0.24362 0.06224 0.02410 ( 1)
   5 L   0.01987 0.82827 0.05364 0.09821 ( 2)
   6 T   0.74481 0.17223 0.06650 0.01646 ( 1)
   7 V   0.24467 0.66834 0.02234 0.06465 ( 2)
   8 L   0.79835 0.11678 0.07349 0.01138 ( 1)
   9 S   0.77965 0.14069 0.06665 0.01301 ( 1)
  10 A   0.09785 0.80586 0.01025 0.08604 ( 2)
  11 V   0.14968 0.76460 0.01317 0.07254 ( 2)
  12 L   0.79835 0.11678 0.07349 0.01138 ( 1)
  13 P   0.78161 0.13192 0.07343 0.01303 ( 1)
  14 I   0.30685 0.60853 0.02704 0.05757 ( 2)
  15 L   0.79835 0.11678 0.07349 0.01138 ( 1)
  16 W   0.59081 0.31170 0.06352 0.03396 ( 1)
  17 P   0.60098 0.30201 0.06424 0.03276 ( 1)
  18 T   0.14400 0.75775 0.01554 0.08271 ( 2)
  19 N   0.85413 0.06893 0.07063 0.00630 ( 1)
  20 T   0.82816 0.09116 0.07209 0.00859 ( 1)
  21 P   0.76038 0.15160 0.07284 0.01518 ( 1)
  22 T   0.64858 0.25673 0.06741 0.02728 ( 1)
  23 P   0.78161 0.13192 0.07343 0.01303 ( 1)
  24 E   0.82574 0.09270 0.07277 0.00879 ( 1)
  25 R   0.78798 0.12026 0.07917 0.01259 ( 1)
  26 V   0.82397 0.09473 0.07234 0.00897 ( 1)
  27 W   0.08055 0.82136 0.00867 0.08942 ( 2)
  28 N   0.85413 0.06893 0.07063 0.00630 ( 1)
  29 D   0.85274 0.06913 0.07176 0.00636 ( 1)
  30 F   0.75385 0.16373 0.06688 0.01554 ( 1)
  31 M   0.82990 0.08766 0.07409 0.00835 ( 1)
  32 T   0.67694 0.23733 0.06237 0.02336 ( 1)
  33 N   0.85413 0.06893 0.07063 0.00630 ( 1)
  34 T   0.22007 0.66060 0.03164 0.08770 ( 2)
  35 G   0.70819 0.20487 0.06668 0.02026 ( 1)
  36 N   0.22640 0.67910 0.02319 0.07131 ( 2)
  37 L   0.23790 0.67486 0.02182 0.06542 ( 2)
  38 I   0.83056 0.08980 0.07124 0.00841 ( 1)
  39 D   0.85274 0.06913 0.07176 0.00636 ( 1)
  40 Q   0.75945 0.15247 0.07280 0.01528 ( 1)
  41 T   0.23141 0.65998 0.02654 0.08207 ( 2)
  42 V   0.22364 0.66256 0.03081 0.08298 ( 2)
  43 T   0.81115 0.10622 0.07246 0.01017 ( 1)
  44 A   0.01818 0.87247 0.00223 0.10713 ( 2)
  45 Y   0.01121 0.89529 0.00112 0.09237 ( 2)
  46 V   0.80651 0.11028 0.07261 0.01061 ( 1)
  47 R   0.68121 0.22612 0.06908 0.02360 ( 1)
  48 T   0.06564 0.84193 0.00647 0.08596 ( 2)
  49 D   0.00161 0.24538 0.64897 0.10404 ( 3)
  50 A   0.73106 0.17373 0.07663 0.01858 ( 1)
  51 N   0.85413 0.06893 0.07063 0.00630 ( 1)
  52 A   0.80303 0.11287 0.07316 0.01093 ( 1)
  53 K   0.00695 0.71182 0.05495 0.22628 ( 2)
  54 M   0.82990 0.08766 0.07409 0.00835 ( 1)
  55 T   0.10088 0.80269 0.01059 0.08583 ( 2)
  56 V   0.08665 0.40404 0.43823 0.07108 ( 3)
  57 V   0.74259 0.17389 0.06682 0.01670 ( 1)
  58 K   0.83134 0.08849 0.07186 0.00831 ( 1)
  59 D   0.24642 0.66082 0.02463 0.06813 ( 2)
  60 Y   0.25497 0.66337 0.02110 0.06055 ( 2)
  61 L   0.71313 0.19642 0.07035 0.02010 ( 1)
  62 D   0.24332 0.66951 0.02226 0.06491 ( 2)
  63 Q   0.05113 0.86210 0.00456 0.08221 ( 2)
  64 Y   0.80001 0.11557 0.07320 0.01122 ( 1)
  65 T   0.22007 0.66060 0.03164 0.08770 ( 2)
  66 T   0.18908 0.71879 0.01865 0.07348 ( 2)
  67 K   0.02833 0.88727 0.00243 0.08196 ( 2)
  68 F   0.82651 0.09143 0.07336 0.00869 ( 1)
  69 N   0.72791 0.18181 0.07170 0.01858 ( 1)
  70 T   0.01792 0.83366 0.02168 0.12674 ( 2)
  71 W   0.59081 0.31170 0.06352 0.03396 ( 1)
  72 K   0.83134 0.08849 0.07186 0.00831 ( 1)
  73 R   0.24281 0.66825 0.02290 0.06604 ( 2)
  74 E   0.00356 0.89953 0.00038 0.09653 ( 2)
  75 P   0.69402 0.20838 0.07484 0.02276 ( 1)
  76 N   0.18762 0.71677 0.01946 0.07614 ( 2)
  77 N   0.80369 0.11901 0.06644 0.01085 ( 1)
  78 Q   0.00634 0.75901 0.03803 0.19662 ( 2)
  79 -   0.53115 0.37995 0.05083 0.03807 ( 1)
  80 -   0.05067 0.73535 0.09213 0.12185 ( 2)
  81 -   0.54454 0.36975 0.04974 0.03596 ( 1)
  82 -   0.53115 0.37995 0.05083 0.03807 ( 1)
  83 S   0.00032 0.89300 0.00014 0.10653 ( 2)
  84 Y   0.80001 0.11557 0.07320 0.01122 ( 1)
  85 R   0.01331 0.89459 0.00130 0.09080 ( 2)
  86 T   0.25225 0.66081 0.02303 0.06392 ( 2)
  87 A   0.80873 0.10898 0.07191 0.01038 ( 1)
  88 V   0.80651 0.11028 0.07261 0.01061 ( 1)
  89 I   0.82471 0.09476 0.07160 0.00894 ( 1)
  90 T   0.00739 0.84550 0.01251 0.13459 ( 2)
  91 Q   0.20121 0.71352 0.01773 0.06754 ( 2)
  92 F   0.82651 0.09143 0.07336 0.00869 ( 1)
  93 N   0.00191 0.90786 0.00018 0.09005 ( 2)
  94 L   0.73518 0.17543 0.07160 0.01779 ( 1)
  95 T   0.01327 0.89969 0.00119 0.08585 ( 2)
  96 S   0.00163 0.90475 0.00016 0.09345 ( 2)
  97 A   0.72987 0.18572 0.06646 0.01796 ( 1)
  98 K   0.24441 0.63870 0.03110 0.08579 ( 2)
  99 L   0.79835 0.11678 0.07349 0.01138 ( 1)
 100 R   0.65856 0.24728 0.06800 0.02615 ( 1)
 101 E   0.00010 0.91491 0.00001 0.08498 ( 2)
 102 T   0.00515 0.88590 0.00066 0.10829 ( 2)
 103 A   0.80226 0.11364 0.07309 0.01100 ( 1)
 104 V   0.28046 0.63420 0.02499 0.06035 ( 2)
 105 Y   0.80001 0.11557 0.07320 0.01122 ( 1)
 106 F   0.82651 0.09143 0.07336 0.00869 ( 1)
 107 S   0.67404 0.23250 0.06903 0.02443 ( 1)
 108 N   0.80369 0.11901 0.06644 0.01085 ( 1)
 109 L   0.09962 0.80493 0.01031 0.08514 ( 2)
 110 V   0.76823 0.13926 0.07787 0.01464 ( 1)
 111 G   0.81071 0.10532 0.07380 0.01017 ( 1)
 112 Y   0.80001 0.11557 0.07320 0.01122 ( 1)
 113 E   0.82574 0.09270 0.07277 0.00879 ( 1)
 114 L   0.71313 0.19642 0.07035 0.02010 ( 1)
 115 L   0.68265 0.22778 0.06648 0.02310 ( 1)
 116 L   0.73518 0.17543 0.07160 0.01779 ( 1)
 117 L   0.73518 0.17543 0.07160 0.01779 ( 1)
 118 P   0.76038 0.15160 0.07284 0.01518 ( 1)
 119 I   0.82471 0.09476 0.07160 0.00894 ( 1)
 120 Y   0.71918 0.19605 0.06577 0.01901 ( 1)
 121 A   0.01768 0.89516 0.00159 0.08557 ( 2)
 122 Q   0.75945 0.15247 0.07280 0.01528 ( 1)
 123 V   0.81348 0.10516 0.07141 0.00995 ( 1)
 124 A   0.80303 0.11287 0.07316 0.01093 ( 1)
 125 N   0.85413 0.06893 0.07063 0.00630 ( 1)
 126 F   0.00050 0.83582 0.00100 0.16267 ( 2)
 127 N   0.27120 0.64339 0.02418 0.06123 ( 2)
 128 L   0.73518 0.17543 0.07160 0.01779 ( 1)
 129 L   0.79835 0.11678 0.07349 0.01138 ( 1)
 130 L   0.73518 0.17543 0.07160 0.01779 ( 1)
 131 I   0.82471 0.09476 0.07160 0.00894 ( 1)
 132 R   0.82351 0.09395 0.07358 0.00896 ( 1)
 133 D   0.85274 0.06913 0.07176 0.00636 ( 1)
 134 G   0.72383 0.19181 0.06585 0.01851 ( 1)
 135 L   0.08816 0.81399 0.00945 0.08840 ( 2)
 136 I   0.01045 0.90412 0.00090 0.08452 ( 2)
 137 N   0.00007 0.91323 0.00001 0.08669 ( 2)
 138 A   0.01457 0.89777 0.00132 0.08634 ( 2)
 139 Q   0.00007 0.91625 0.00001 0.08367 ( 2)
 140 E   0.01890 0.89527 0.00166 0.08417 ( 2)
 141 W   0.00028 0.90153 0.00003 0.09815 ( 2)
 142 S   0.01432 0.89693 0.00133 0.08742 ( 2)
 143 L   0.01055 0.89773 0.00103 0.09069 ( 2)
 144 A   0.80303 0.11287 0.07316 0.01093 ( 1)
 145 R   0.74664 0.16445 0.07232 0.01659 ( 1)
 146 S   0.00111 0.88981 0.00013 0.10896 ( 2)
 147 A   0.00069 0.91155 0.00006 0.08770 ( 2)
 148 G   0.50621 0.39165 0.05761 0.04453 ( 1)
 149 D   0.70300 0.20517 0.07058 0.02125 ( 1)
 150 Q   0.01169 0.88712 0.00127 0.09992 ( 2)
 151 L   0.75829 0.15668 0.06978 0.01526 ( 1)
 152 Y   0.80001 0.11557 0.07320 0.01122 ( 1)
 153 N   0.24009 0.67593 0.02076 0.06322 ( 2)
 154 T   0.00761 0.90550 0.00068 0.08621 ( 2)
 155 M   0.01756 0.89586 0.00156 0.08502 ( 2)
 156 V   0.00033 0.85978 0.00052 0.13937 ( 2)
 157 Q   0.02584 0.87976 0.00262 0.09177 ( 2)
 158 Y   0.14679 0.76593 0.01338 0.07390 ( 2)
 159 T   0.16414 0.71451 0.02427 0.09708 ( 2)
 160 K   0.02833 0.88727 0.00243 0.08196 ( 2)
 161 E   0.00102 0.89240 0.00029 0.10629 ( 2)
 162 Y   0.71610 0.18703 0.07658 0.02030 ( 1)
 163 I   0.83056 0.08980 0.07124 0.00841 ( 1)
 164 A   0.15992 0.74790 0.01577 0.07641 ( 2)
 165 H   0.82412 0.09336 0.07361 0.00890 ( 1)
 166 S   0.18400 0.72883 0.01680 0.07037 ( 2)
 167 I   0.83056 0.08980 0.07124 0.00841 ( 1)
 168 T   0.23278 0.68307 0.02012 0.06403 ( 2)
 169 W   0.00909 0.90191 0.00084 0.08816 ( 2)
 170 Y   0.80001 0.11557 0.07320 0.01122 ( 1)
 171 N   0.85413 0.06893 0.07063 0.00630 ( 1)
 172 K   0.22046 0.68667 0.02204 0.07084 ( 2)
 173 G   0.81071 0.10532 0.07380 0.01017 ( 1)
 174 L   0.73518 0.17543 0.07160 0.01779 ( 1)
 175 D   0.38133 0.53776 0.03176 0.04914 ( 2)
 176 V   0.01937 0.89309 0.00175 0.08578 ( 2)
 177 L   0.79835 0.11678 0.07349 0.01138 ( 1)
 178 R   0.02178 0.89269 0.00189 0.08364 ( 2)
 179 N   0.85413 0.06893 0.07063 0.00630 ( 1)
 180 K   0.29324 0.62136 0.02622 0.05918 ( 2)
 181 S   0.54233 0.35554 0.06171 0.04042 ( 1)
 182 N   0.85413 0.06893 0.07063 0.00630 ( 1)
 183 G   0.13120 0.77284 0.01368 0.08227 ( 2)
 184 Q   0.01026 0.89895 0.00098 0.08981 ( 2)
 185 W   0.59081 0.31170 0.06352 0.03396 ( 1)
 186 I   0.01564 0.89646 0.00143 0.08648 ( 2)
 187 T   0.74839 0.16867 0.06682 0.01612 ( 1)
 188 F   0.82651 0.09143 0.07336 0.00869 ( 1)
 189 N   0.85413 0.06893 0.07063 0.00630 ( 1)
 190 D   0.85274 0.06913 0.07176 0.00636 ( 1)
 191 Y   0.80001 0.11557 0.07320 0.01122 ( 1)
 192 K   0.29324 0.62136 0.02622 0.05918 ( 2)
 193 R   0.82351 0.09395 0.07358 0.00896 ( 1)
 194 E   0.77134 0.14681 0.06795 0.01390 ( 1)
 195 M   0.82990 0.08766 0.07409 0.00835 ( 1)
 196 T   0.82816 0.09116 0.07209 0.00859 ( 1)
 197 I   0.77801 0.12801 0.08023 0.01375 ( 1)
 198 Q   0.72677 0.17803 0.07605 0.01914 ( 1)
 199 V   0.07799 0.47437 0.37411 0.07353 ( 2)
 200 L   0.72481 0.18501 0.07121 0.01898 ( 1)
 201 D   0.85274 0.06913 0.07176 0.00636 ( 1)
 202 I   0.82338 0.09693 0.07063 0.00907 ( 1)
 203 L   0.04353 0.86992 0.00388 0.08266 ( 2)
 204 A   0.00061 0.82254 0.00126 0.17559 ( 2)
 205 L   0.79835 0.11678 0.07349 0.01138 ( 1)
 206 F   0.82651 0.09143 0.07336 0.00869 ( 1)
 207 A   0.13359 0.77782 0.01242 0.07618 ( 2)
 208 S   0.85294 0.06782 0.07296 0.00628 ( 1)

