Supplemental results for CODEML (seqf: algn  treef: tree)


dN/dS (w) for site classes (K=4)

site class             0        1       2a       2b
proportion       0.27756  0.58347  0.04480  0.09417
background w     0.04857  1.00000  0.04857  1.00000
foreground w     0.04857  1.00000  1.00000  1.00000

Naive Empirical Bayes (NEB) probabilities for 4 classes
(amino acids refer to 1st sequence: BT_Cry32Ea1)

   1 P   0.93977 0.00238 0.05746 0.00038 ( 1)
   2 T   0.91839 0.00720 0.07325 0.00116 ( 1)
   3 K   0.93760 0.00187 0.06023 0.00030 ( 1)
   4 S   0.86653 0.03953 0.08756 0.00638 ( 1)
   5 Q   0.92171 0.00508 0.07239 0.00082 ( 1)
   6 L   0.82152 0.06977 0.09745 0.01126 ( 1)
   7 T   0.91644 0.00900 0.07310 0.00145 ( 1)
   8 R   0.83161 0.06521 0.09265 0.01053 ( 1)
   9 T   0.02036 0.82656 0.01967 0.13341 ( 2)
  10 L   0.02032 0.84166 0.00218 0.13584 ( 2)
  11 Y   0.90674 0.03598 0.05147 0.00581 ( 1)
  12 T   0.88029 0.01939 0.09720 0.00313 ( 1)
  13 N   0.00328 0.85797 0.00028 0.13847 ( 2)
  14 P   0.00002 0.86101 0.00001 0.13896 ( 2)
  15 V   0.70274 0.20528 0.05885 0.03313 ( 1)
  16 G   0.02290 0.83948 0.00212 0.13549 ( 2)
  17 E   0.00000 0.86103 0.00000 0.13897 ( 2)
  18 F   0.00000 0.86103 0.00000 0.13897 ( 2)
  19 -   0.25563 0.62272 0.02114 0.10051 ( 2)
  20 -   0.00353 0.84432 0.01588 0.13627 ( 2)
  21 -   0.58935 0.32302 0.03550 0.05213 ( 1)
  22 -   0.00309 0.82159 0.04271 0.13260 ( 2)
  23 R   0.00001 0.86103 0.00000 0.13897 ( 2)
  24 Y   0.00010 0.86093 0.00001 0.13895 ( 2)
  25 L   0.00000 0.86103 0.00000 0.13897 ( 2)
  26 E   0.00008 0.86082 0.00016 0.13893 ( 2)
  27 N   0.00000 0.86103 0.00000 0.13897 ( 2)
  28 I   0.57377 0.32529 0.04844 0.05250 ( 1)
  29 D   0.00835 0.85299 0.00100 0.13767 ( 2)
  30 S   0.00008 0.86095 0.00001 0.13895 ( 2)
  31 F   0.00040 0.84742 0.01540 0.13677 ( 2)
  32 E   0.93325 0.00233 0.06405 0.00038 ( 1)
  33 N   0.45884 0.44807 0.02077 0.07232 ( 1)
  34 A   0.00000 0.86103 0.00000 0.13897 ( 2)
  35 L   0.11914 0.75048 0.00925 0.12113 ( 2)
  36 V   0.94321 0.00116 0.05545 0.00019 ( 1)
  37 A   0.26748 0.29825 0.38613 0.04814 ( 3)
  38 P   0.00083 0.85984 0.00056 0.13878 ( 2)
  39 P   0.64139 0.26131 0.05512 0.04217 ( 1)
  40 Q   0.00720 0.85441 0.00049 0.13790 ( 2)
  41 L   0.87956 0.03158 0.08376 0.00510 ( 1)
  42 F   0.92388 0.00094 0.07504 0.00015 ( 1)
  43 T   0.00004 0.86099 0.00001 0.13896 ( 2)
  44 W   0.85899 0.04371 0.09024 0.00706 ( 1)
  45 L   0.87891 0.03217 0.08372 0.00519 ( 1)
  46 R   0.00064 0.86044 0.00005 0.13887 ( 2)
  47 E   0.00003 0.86062 0.00044 0.13890 ( 2)
  48 I   0.03691 0.82592 0.00387 0.13330 ( 2)
  49 E   0.31687 0.30381 0.33029 0.04903 ( 3)
  50 I   0.00002 0.86100 0.00003 0.13896 ( 2)
  51 P   0.00035 0.86066 0.00009 0.13891 ( 2)
  52 V   0.00077 0.85874 0.00190 0.13860 ( 2)
  53 G   0.00136 0.85699 0.00333 0.13832 ( 2)
  54 I   0.01757 0.84383 0.00241 0.13619 ( 2)
  55 V   0.00139 0.85959 0.00028 0.13874 ( 2)
  56 Y   0.00000 0.86102 0.00001 0.13897 ( 2)
  57 L   0.00004 0.86099 0.00001 0.13896 ( 2)
  58 N   0.00018 0.86064 0.00027 0.13891 ( 2)
  59 D   0.00128 0.85988 0.00006 0.13878 ( 2)
  60 R   0.00000 0.86103 0.00000 0.13897 ( 2)
  61 A   0.00001 0.86100 0.00002 0.13896 ( 2)
  62 P   0.00208 0.85895 0.00034 0.13863 ( 2)
  63 L   0.00000 0.86103 0.00000 0.13897 ( 2)
  64 L   0.00004 0.86094 0.00006 0.13895 ( 2)
  65 C   0.00082 0.86028 0.00005 0.13885 ( 2)
  66 K   0.01504 0.84725 0.00097 0.13674 ( 2)
  67 Q   0.91986 0.00670 0.07236 0.00108 ( 1)
  68 T   0.00601 0.85556 0.00034 0.13809 ( 2)
  69 L   0.03886 0.82418 0.00394 0.13302 ( 2)
  70 Q   0.00049 0.86026 0.00040 0.13884 ( 2)
  71 R   0.00010 0.86094 0.00000 0.13895 ( 2)
  72 T   0.94484 0.00180 0.05307 0.00029 ( 1)
  73 L   0.01792 0.84398 0.00188 0.13622 ( 2)
  74 S   0.00203 0.85310 0.00718 0.13769 ( 2)
  75 S   0.00000 0.86101 0.00002 0.13897 ( 2)
  76 T   0.00000 0.86090 0.00015 0.13895 ( 2)
  77 T   0.00002 0.86092 0.00012 0.13895 ( 2)
  78 W   0.00003 0.86100 0.00000 0.13896 ( 2)
  79 S   0.00104 0.86003 0.00012 0.13881 ( 2)
  80 I   0.01457 0.84756 0.00108 0.13679 ( 2)
  81 T   0.00047 0.86048 0.00018 0.13888 ( 2)
  82 Q   0.79676 0.12145 0.06219 0.01960 ( 1)
  83 G   0.88415 0.02944 0.08166 0.00475 ( 1)
  84 E   0.00033 0.86073 0.00003 0.13892 ( 2)
  85 I   0.00026 0.86070 0.00013 0.13891 ( 2)
  86 T   0.00997 0.85193 0.00060 0.13750 ( 2)
  87 T   0.00000 0.86102 0.00001 0.13897 ( 2)
  88 P   0.00000 0.86103 0.00000 0.13897 ( 2)
  89 V   0.00003 0.86099 0.00002 0.13896 ( 2)
  90 I   0.30608 0.55495 0.04940 0.08957 ( 2)
  91 D   0.00489 0.85614 0.00079 0.13818 ( 2)
  92 T   0.56311 0.29792 0.09088 0.04808 ( 1)
  93 L   0.00003 0.86100 0.00001 0.13896 ( 2)
  94 T   0.00009 0.86084 0.00014 0.13894 ( 2)
  95 L   0.02330 0.79230 0.05652 0.12788 ( 2)
  96 T   0.00034 0.85295 0.00905 0.13766 ( 2)
  97 I   0.23444 0.35557 0.35260 0.05739 ( 2)
  98 E   0.00001 0.86073 0.00034 0.13892 ( 2)
  99 P   0.00000 0.86103 0.00000 0.13897 ( 2)
 100 P   0.02128 0.09523 0.86813 0.01537 ( 3)
 101 H   0.00000 0.86103 0.00000 0.13897 ( 2)
 102 Y   0.00174 0.85888 0.00076 0.13862 ( 2)
 103 Q   0.00024 0.85443 0.00742 0.13790 ( 2)
 104 D   0.65619 0.27002 0.03021 0.04358 ( 1)
 105 D   0.94077 0.01373 0.04329 0.00222 ( 1)
 106 V   0.32369 0.05724 0.60983 0.00924 ( 3)
 107 W   0.38658 0.49321 0.04061 0.07960 ( 2)
 108 K   0.00032 0.86074 0.00002 0.13892 ( 2)
 109 V   0.89907 0.04604 0.04747 0.00743 ( 1)
 110 N   0.00910 0.85269 0.00059 0.13762 ( 2)
 111 T   0.00112 0.85997 0.00011 0.13880 ( 2)
 112 H   0.00022 0.85452 0.00735 0.13792 ( 2)
 113 G   0.00007 0.86096 0.00001 0.13896 ( 2)
 114 I   0.00042 0.86042 0.00029 0.13887 ( 2)
 115 S   0.00020 0.86085 0.00001 0.13894 ( 2)
 116 -   0.00010 0.86093 0.00002 0.13895 ( 2)
 117 -   0.00007 0.86096 0.00001 0.13896 ( 2)
 118 -   0.00013 0.86072 0.00023 0.13892 ( 2)
 119 -   0.00002 0.86091 0.00011 0.13895 ( 2)
 120 -   0.00002 0.86059 0.00048 0.13890 ( 2)
 121 -   0.00096 0.85859 0.00188 0.13857 ( 2)
 122 G   0.00000 0.86103 0.00000 0.13897 ( 2)
 123 N   0.00011 0.86093 0.00001 0.13895 ( 2)
 124 T   0.00005 0.86098 0.00001 0.13896 ( 2)
 125 D   0.00000 0.86101 0.00003 0.13896 ( 2)
 126 T   0.01217 0.83739 0.01529 0.13515 ( 2)
 127 V   0.06036 0.80469 0.00507 0.12988 ( 2)
 128 T   0.00002 0.86079 0.00026 0.13893 ( 2)
 129 G   0.00000 0.86089 0.00016 0.13895 ( 2)
 130 W   0.00429 0.85695 0.00045 0.13831 ( 2)
 131 T   0.42966 0.45358 0.04355 0.07321 ( 2)
 132 F   0.91605 0.02972 0.04943 0.00480 ( 1)
 133 N   0.00001 0.86102 0.00000 0.13897 ( 2)
 134 F   0.76707 0.14422 0.06543 0.02328 ( 1)
 135 I   0.05682 0.72009 0.10687 0.11622 ( 2)
 136 K   0.01171 0.48896 0.42041 0.07892 ( 2)
 137 S   0.07720 0.78786 0.00779 0.12716 ( 2)
 138 P   0.00000 0.86095 0.00009 0.13896 ( 2)
 139 D   0.95553 0.00043 0.04397 0.00007 ( 1)
 140 Q   0.91598 0.01032 0.07204 0.00166 ( 1)
 141 T   0.00723 0.66491 0.22054 0.10732 ( 2)
 142 L   0.01261 0.84949 0.00080 0.13711 ( 2)
 143 M   0.00000 0.86103 0.00000 0.13897 ( 2)
 144 V   0.00385 0.85162 0.00708 0.13745 ( 2)
 145 T   0.00000 0.86103 0.00000 0.13897 ( 2)
 146 N   0.00082 0.85992 0.00047 0.13879 ( 2)
 147 N   0.00000 0.86102 0.00001 0.13897 ( 2)
 148 I   0.30608 0.55495 0.04940 0.08957 ( 2)
 149 A   0.00093 0.86010 0.00015 0.13882 ( 2)
 150 P   0.01122 0.84981 0.00181 0.13716 ( 2)
 151 G   0.00094 0.85932 0.00106 0.13869 ( 2)
 152 S   0.00028 0.85266 0.00944 0.13762 ( 2)
 153 V   0.00000 0.86103 0.00000 0.13897 ( 2)
 154 T   0.00000 0.86102 0.00001 0.13897 ( 2)
 155 D   0.01863 0.84409 0.00105 0.13623 ( 2)
 156 R   0.03444 0.82786 0.00409 0.13361 ( 2)
 157 W   0.00006 0.86088 0.00011 0.13894 ( 2)
 158 S   0.00001 0.86094 0.00011 0.13895 ( 2)
 159 G   0.86835 0.03276 0.09360 0.00529 ( 1)
 160 F   0.03262 0.82992 0.00352 0.13395 ( 2)
 161 P   0.94140 0.00121 0.05719 0.00020 ( 1)
 162 C   0.94201 0.00083 0.05702 0.00013 ( 1)
 163 R   0.83162 0.09014 0.06369 0.01455 ( 1)
 164 G   0.05718 0.79875 0.01516 0.12892 ( 2)
 165 N   0.44643 0.01005 0.54190 0.00162 ( 3)
 166 D   0.67691 0.07907 0.23126 0.01276 ( 1)
 167 S   0.00421 0.85698 0.00049 0.13832 ( 2)
 168 V   0.00141 0.85974 0.00009 0.13876 ( 2)
 169 I   0.22580 0.65626 0.01202 0.10592 ( 2)
 170 C   0.94201 0.00083 0.05702 0.00013 ( 1)
 171 D   0.93082 0.00086 0.06818 0.00014 ( 1)
 172 P   0.91085 0.00407 0.08442 0.00066 ( 1)
 173 C   0.94201 0.00083 0.05702 0.00013 ( 1)
 174 D   0.95113 0.00439 0.04378 0.00071 ( 1)
 175 F   0.00603 0.69499 0.18681 0.11217 ( 2)
 176 E   0.05827 0.71324 0.11338 0.11512 ( 2)
 177 N   0.95436 0.00165 0.04373 0.00027 ( 1)
 178 T   0.90953 0.03030 0.05527 0.00489 ( 1)
 179 C   0.94201 0.00083 0.05702 0.00013 ( 1)
 180 R   0.00011 0.86091 0.00003 0.13895 ( 2)
 181 K   0.02568 0.82712 0.01371 0.13349 ( 2)
 182 E   0.07043 0.79536 0.00584 0.12837 ( 2)
 183 T   0.00014 0.86090 0.00002 0.13895 ( 2)
 184 P   0.43076 0.46760 0.02617 0.07547 ( 2)
 185 N   0.91376 0.00697 0.07814 0.00113 ( 1)
 186 T   0.01299 0.84870 0.00133 0.13698 ( 2)
 187 S   0.17057 0.70589 0.00961 0.11393 ( 2)
 188 V   0.00033 0.86071 0.00004 0.13892 ( 2)
 189 P   0.94140 0.00121 0.05719 0.00020 ( 1)
 190 C   0.94086 0.00167 0.05720 0.00027 ( 1)
 191 D   0.05461 0.80100 0.01512 0.12928 ( 2)
 192 D   0.95392 0.00156 0.04427 0.00025 ( 1)
 193 K   0.87392 0.06023 0.05613 0.00972 ( 1)
 194 Q   0.00195 0.85611 0.00376 0.13817 ( 2)
 195 H   0.32788 0.55065 0.03259 0.08887 ( 2)
 196 Y   0.94515 0.00104 0.05364 0.00017 ( 1)
 197 S   0.95291 0.00030 0.04674 0.00005 ( 1)
 198 H   0.95149 0.00085 0.04752 0.00014 ( 1)
 199 R   0.85134 0.04632 0.09486 0.00748 ( 1)
 200 L   0.26550 0.60412 0.03288 0.09750 ( 2)
 201 S   0.22248 0.23231 0.50772 0.03749 ( 3)
 202 Y   0.94515 0.00104 0.05364 0.00017 ( 1)
 203 V   0.00076 0.85922 0.00133 0.13868 ( 2)
 204 G   0.94159 0.00103 0.05721 0.00017 ( 1)
 205 A   0.40107 0.47990 0.04158 0.07745 ( 2)
 206 Q   0.00013 0.86091 0.00001 0.13895 ( 2)
 207 G   0.01350 0.84753 0.00218 0.13679 ( 2)
 208 -   0.27756 0.58347 0.04480 0.09417 ( 2)
 209 A   0.00025 0.86078 0.00004 0.13893 ( 2)
 210 S   0.00085 0.86018 0.00014 0.13883 ( 2)
 211 K   0.00001 0.86100 0.00003 0.13896 ( 2)
 212 H   0.00337 0.85745 0.00080 0.13839 ( 2)
 213 G   0.00000 0.86102 0.00001 0.13897 ( 2)
 214 F   0.00001 0.86102 0.00000 0.13897 ( 2)
 215 T   0.00010 0.86078 0.00019 0.13893 ( 2)
 216 P   0.91085 0.00407 0.08442 0.00066 ( 1)
 217 F   0.00001 0.86102 0.00000 0.13897 ( 2)
 218 E   0.00004 0.86043 0.00067 0.13887 ( 2)
 219 L   0.30906 0.56927 0.02980 0.09188 ( 2)
 220 M   0.00008 0.86096 0.00001 0.13896 ( 2)
 221 W   0.00000 0.86103 0.00000 0.13897 ( 2)
 222 F   0.43883 0.00607 0.55413 0.00098 ( 3)
 223 G   0.00095 0.85906 0.00134 0.13865 ( 2)
 224 Y   0.84411 0.09235 0.04863 0.01491 ( 1)
 225 G   0.81162 0.08015 0.09529 0.01294 ( 1)
 226 W   0.85899 0.04371 0.09024 0.00706 ( 1)
 227 T   0.91104 0.01389 0.07283 0.00224 ( 1)
 228 H   0.93392 0.00521 0.06002 0.00084 ( 1)
 229 V   0.73220 0.17778 0.06133 0.02869 ( 1)
 230 S   0.95015 0.00033 0.04946 0.00005 ( 1)


lnL = -3647.145824

