Supplemental results for CODEML (seqf: algn  treef: tree)


dN/dS (w) for site classes (K=4)

site class             0        1       2a       2b
proportion       0.54921  0.45079  0.00000  0.00000
background w     0.07859  1.00000  0.07859  1.00000
foreground w     0.07859  1.00000  1.00000  1.00000

Naive Empirical Bayes (NEB) probabilities for 4 classes
(amino acids refer to 1st sequence: BT_Cry8Aa1)

   1 E   0.99046 0.00954 0.00000 0.00000 ( 1)
   2 T   0.98352 0.01648 0.00000 0.00000 ( 1)
   3 T   0.06815 0.93185 0.00000 0.00000 ( 2)
   4 A   0.98808 0.01192 0.00000 0.00000 ( 1)
   5 Q   0.96435 0.03565 0.00000 0.00000 ( 1)
   6 L   0.98931 0.01069 0.00000 0.00000 ( 1)
   7 T   0.98352 0.01648 0.00000 0.00000 ( 1)
   8 R   0.81158 0.18842 0.00000 0.00000 ( 1)
   9 D   0.84197 0.15803 0.00000 0.00000 ( 1)
  10 V   0.92787 0.07213 0.00000 0.00000 ( 1)
  11 Y   0.99051 0.00949 0.00000 0.00000 ( 1)
  12 T   0.94288 0.05712 0.00000 0.00000 ( 1)
  13 D   0.99679 0.00321 0.00000 0.00000 ( 1)
  14 P   0.88134 0.11866 0.00000 0.00000 ( 1)
  15 I   0.16998 0.83002 0.00000 0.00000 ( 2)
  16 A   0.72158 0.27842 0.00000 0.00000 ( 1)
  17 F   0.99434 0.00566 0.00000 0.00000 ( 1)
  18 N   0.97860 0.02140 0.00000 0.00000 ( 1)
  19 I   0.00756 0.99244 0.00000 0.00000 ( 2)
  20 V   0.00091 0.99909 0.00000 0.00000 ( 2)
  21 T   0.00042 0.99958 0.00000 0.00000 ( 2)
  22 S   0.00198 0.99802 0.00000 0.00000 ( 2)
  23 T   0.00056 0.99944 0.00000 0.00000 ( 2)
  24 G   0.98324 0.01676 0.00000 0.00000 ( 1)
  25 F   0.97399 0.02601 0.00000 0.00000 ( 1)
  26 C   0.98522 0.01478 0.00000 0.00000 ( 1)
  27 N   0.00391 0.99609 0.00000 0.00000 ( 2)
  28 P   0.83935 0.16065 0.00000 0.00000 ( 1)
  29 W   0.83702 0.16298 0.00000 0.00000 ( 1)
  30 S   0.94777 0.05223 0.00000 0.00000 ( 1)
  31 T   0.00518 0.99482 0.00000 0.00000 ( 2)
  32 H   0.19499 0.80501 0.00000 0.00000 ( 2)
  33 S   0.93625 0.06375 0.00000 0.00000 ( 1)
  34 G   0.90144 0.09856 0.00000 0.00000 ( 1)
  35 I   0.99466 0.00534 0.00000 0.00000 ( 1)
  36 L   0.04321 0.95679 0.00000 0.00000 ( 2)
  37 F   0.99434 0.00566 0.00000 0.00000 ( 1)
  38 Y   0.60079 0.39921 0.00000 0.00000 ( 1)
  39 E   0.98259 0.01741 0.00000 0.00000 ( 1)
  40 V   0.88591 0.11409 0.00000 0.00000 ( 1)
  41 E   0.99046 0.00954 0.00000 0.00000 ( 1)
  42 N   0.76177 0.23823 0.00000 0.00000 ( 1)
  43 N   0.13300 0.86700 0.00000 0.00000 ( 2)
  44 V   0.98415 0.01585 0.00000 0.00000 ( 1)
  45 I   0.99466 0.00534 0.00000 0.00000 ( 1)
  46 R   0.98496 0.01504 0.00000 0.00000 ( 1)
  47 P   0.05036 0.94964 0.00000 0.00000 ( 2)
  48 P   0.97956 0.02044 0.00000 0.00000 ( 1)
  49 H   0.96497 0.03503 0.00000 0.00000 ( 1)
  50 L   0.91405 0.08595 0.00000 0.00000 ( 1)
  51 F   0.99434 0.00566 0.00000 0.00000 ( 1)
  52 D   0.96139 0.03861 0.00000 0.00000 ( 1)
  53 I   0.85684 0.14316 0.00000 0.00000 ( 1)
  54 L   0.79382 0.20618 0.00000 0.00000 ( 1)
  55 S   0.85060 0.14940 0.00000 0.00000 ( 1)
  56 S   0.00070 0.99930 0.00000 0.00000 ( 2)
  57 V   0.11865 0.88135 0.00000 0.00000 ( 2)
  58 E   0.98310 0.01690 0.00000 0.00000 ( 1)
  59 I   0.91619 0.08381 0.00000 0.00000 ( 1)
  60 N   0.93573 0.06427 0.00000 0.00000 ( 1)
  61 T   0.98352 0.01648 0.00000 0.00000 ( 1)
  62 S   0.00235 0.99765 0.00000 0.00000 ( 2)
  63 R   0.98079 0.01921 0.00000 0.00000 ( 1)
  64 G   0.29775 0.70225 0.00000 0.00000 ( 2)
  65 G   0.07374 0.92626 0.00000 0.00000 ( 2)
  66 I   0.90463 0.09537 0.00000 0.00000 ( 1)
  67 T   0.00004 0.99996 0.00000 0.00000 ( 2)
  68 L   0.00721 0.99279 0.00000 0.00000 ( 2)
  69 N   0.99615 0.00385 0.00000 0.00000 ( 1)
  70 N   0.92000 0.08000 0.00000 0.00000 ( 1)
  71 D   0.00425 0.99575 0.00000 0.00000 ( 2)
  72 A   0.19624 0.80376 0.00000 0.00000 ( 2)
  73 Y   0.52282 0.47718 0.00000 0.00000 ( 1)
  74 I   0.06623 0.93377 0.00000 0.00000 ( 2)
  75 N   0.16454 0.83546 0.00000 0.00000 ( 2)
  76 Y   0.96095 0.03905 0.00000 0.00000 ( 1)
  77 W   0.83702 0.16298 0.00000 0.00000 ( 1)
  78 S   0.09670 0.90330 0.00000 0.00000 ( 2)
  79 G   0.98324 0.01676 0.00000 0.00000 ( 1)
  80 H   0.99525 0.00475 0.00000 0.00000 ( 1)
  81 T   0.62201 0.37799 0.00000 0.00000 ( 1)
  82 L   0.55235 0.44765 0.00000 0.00000 ( 1)
  83 K   0.10332 0.89668 0.00000 0.00000 ( 2)
  84 Y   0.99051 0.00949 0.00000 0.00000 ( 1)
  85 R   0.00129 0.99871 0.00000 0.00000 ( 2)
  86 R   0.00008 0.99992 0.00000 0.00000 ( 2)
  87 T   0.68093 0.31907 0.00000 0.00000 ( 1)
  88 A   0.00422 0.99578 0.00000 0.00000 ( 2)
  89 D   0.00038 0.99962 0.00000 0.00000 ( 2)
  90 S   0.00703 0.99297 0.00000 0.00000 ( 2)
  91 T   0.71151 0.28849 0.00000 0.00000 ( 1)
  92 V   0.01735 0.98265 0.00000 0.00000 ( 2)
  93 T   0.00040 0.99960 0.00000 0.00000 ( 2)
  94 Y   0.54921 0.45079 0.00000 0.00000 ( 1)
  95 T   0.10927 0.89073 0.00000 0.00000 ( 2)
  96 A   0.00010 0.99990 0.00000 0.00000 ( 2)
  97 N   0.99615 0.00385 0.00000 0.00000 ( 1)
  98 Y   0.94885 0.05115 0.00000 0.00000 ( 1)
  99 G   0.99053 0.00947 0.00000 0.00000 ( 1)
 100 R   0.00129 0.99871 0.00000 0.00000 ( 2)
 101 I   0.81736 0.18264 0.00000 0.00000 ( 1)
 102 T   0.99262 0.00738 0.00000 0.00000 ( 1)
 103 S   0.95952 0.04048 0.00000 0.00000 ( 1)
 104 E   0.38021 0.61979 0.00000 0.00000 ( 2)
 105 K   0.97842 0.02158 0.00000 0.00000 ( 1)
 106 N   0.39144 0.60856 0.00000 0.00000 ( 2)
 107 S   0.00542 0.99458 0.00000 0.00000 ( 2)
 108 -   0.55097 0.44903 0.00000 0.00000 ( 1)
 109 F   0.03129 0.96871 0.00000 0.00000 ( 2)
 110 A   0.00197 0.99803 0.00000 0.00000 ( 2)
 111 L   0.88353 0.11647 0.00000 0.00000 ( 1)
 112 E   0.10213 0.89787 0.00000 0.00000 ( 2)
 113 D   0.26230 0.73770 0.00000 0.00000 ( 2)
 114 R   0.66206 0.33794 0.00000 0.00000 ( 1)
 115 D   0.94818 0.05182 0.00000 0.00000 ( 1)
 116 I   0.99138 0.00862 0.00000 0.00000 ( 1)
 117 F   0.99434 0.00566 0.00000 0.00000 ( 1)
 118 E   0.78957 0.21043 0.00000 0.00000 ( 1)
 119 I   0.48348 0.51652 0.00000 0.00000 ( 2)
 120 N   0.02804 0.97196 0.00000 0.00000 ( 2)
 121 S   0.94777 0.05223 0.00000 0.00000 ( 1)
 122 T   0.00172 0.99828 0.00000 0.00000 ( 2)
 123 V   0.03649 0.96351 0.00000 0.00000 ( 2)
 124 A   0.97768 0.02232 0.00000 0.00000 ( 1)
 125 N   0.14204 0.85796 0.00000 0.00000 ( 2)
 126 L   0.93747 0.06253 0.00000 0.00000 ( 1)
 127 A   0.96680 0.03320 0.00000 0.00000 ( 1)
 128 N   0.99615 0.00385 0.00000 0.00000 ( 1)
 129 Y   0.02647 0.97353 0.00000 0.00000 ( 2)
 130 Y   0.92196 0.07804 0.00000 0.00000 ( 1)
 131 Q   0.10495 0.89505 0.00000 0.00000 ( 2)
 132 K   0.03828 0.96172 0.00000 0.00000 ( 2)
 133 A   0.01815 0.98185 0.00000 0.00000 ( 2)
 134 Y   0.99051 0.00949 0.00000 0.00000 ( 1)
 135 G   0.98809 0.01191 0.00000 0.00000 ( 1)
 136 V   0.94397 0.05603 0.00000 0.00000 ( 1)
 137 P   0.89712 0.10288 0.00000 0.00000 ( 1)
 138 G   0.00006 0.99994 0.00000 0.00000 ( 2)
 139 S   0.85029 0.14971 0.00000 0.00000 ( 1)
 140 W   0.00000 1.00000 0.00000 0.00000 ( 2)
 141 F   0.50578 0.49422 0.00000 0.00000 ( 1)
 142 H   0.01991 0.98009 0.00000 0.00000 ( 2)
 143 M   0.19471 0.80529 0.00000 0.00000 ( 2)
 144 V   0.00827 0.99173 0.00000 0.00000 ( 2)
 145 K   0.00008 0.99992 0.00000 0.00000 ( 2)
 146 R   0.07111 0.92889 0.00000 0.00000 ( 2)
 147 G   0.00535 0.99465 0.00000 0.00000 ( 2)
 148 T   0.41262 0.58738 0.00000 0.00000 ( 2)
 149 S   0.00654 0.99346 0.00000 0.00000 ( 2)
 150 -   0.40983 0.59017 0.00000 0.00000 ( 2)
 151 -   0.55044 0.44956 0.00000 0.00000 ( 1)
 152 S   0.00411 0.99589 0.00000 0.00000 ( 2)
 153 T   0.32877 0.67123 0.00000 0.00000 ( 2)
 154 T   0.00334 0.99666 0.00000 0.00000 ( 2)
 155 A   0.00007 0.99993 0.00000 0.00000 ( 2)
 156 Y   0.00264 0.99736 0.00000 0.00000 ( 2)
 157 L   0.00281 0.99719 0.00000 0.00000 ( 2)
 158 Y   0.98426 0.01574 0.00000 0.00000 ( 1)
 159 S   0.96654 0.03346 0.00000 0.00000 ( 1)
 160 K   0.99078 0.00922 0.00000 0.00000 ( 1)
 161 T   0.19262 0.80738 0.00000 0.00000 ( 2)
 162 H   0.91518 0.08482 0.00000 0.00000 ( 1)
 163 T   0.98352 0.01648 0.00000 0.00000 ( 1)
 164 A   0.84967 0.15033 0.00000 0.00000 ( 1)
 165 L   0.00001 0.99999 0.00000 0.00000 ( 2)
 166 Q   0.00112 0.99888 0.00000 0.00000 ( 2)
 167 G   0.12092 0.87908 0.00000 0.00000 ( 2)
 168 C   0.99146 0.00854 0.00000 0.00000 ( 1)
 169 T   0.56312 0.43688 0.00000 0.00000 ( 1)
 170 Q   0.06490 0.93510 0.00000 0.00000 ( 2)
 171 V   0.47055 0.52945 0.00000 0.00000 ( 2)
 172 Y   0.98426 0.01574 0.00000 0.00000 ( 1)
 173 E   0.00021 0.99979 0.00000 0.00000 ( 2)
 174 S   0.53046 0.46954 0.00000 0.00000 ( 1)
 175 S   0.04839 0.95161 0.00000 0.00000 ( 2)
 176 D   0.03702 0.96298 0.00000 0.00000 ( 2)
 177 E   0.89334 0.10666 0.00000 0.00000 ( 1)
 178 I   0.98520 0.01480 0.00000 0.00000 ( 1)
 179 P   0.98544 0.01456 0.00000 0.00000 ( 1)
 180 L   0.00771 0.99229 0.00000 0.00000 ( 2)
 181 D   0.28726 0.71274 0.00000 0.00000 ( 2)
 182 R   0.05337 0.94663 0.00000 0.00000 ( 2)
 183 T   0.00428 0.99572 0.00000 0.00000 ( 2)
 184 V   0.93697 0.06303 0.00000 0.00000 ( 1)
 185 P   0.88134 0.11866 0.00000 0.00000 ( 1)
 186 V   0.76679 0.23321 0.00000 0.00000 ( 1)
 187 A   0.02547 0.97453 0.00000 0.00000 ( 2)
 188 E   0.39419 0.60581 0.00000 0.00000 ( 2)
 189 S   0.38873 0.61127 0.00000 0.00000 ( 2)
 190 Y   0.99051 0.00949 0.00000 0.00000 ( 1)
 191 S   0.93266 0.06734 0.00000 0.00000 ( 1)
 192 H   0.98625 0.01375 0.00000 0.00000 ( 1)
 193 R   0.98925 0.01075 0.00000 0.00000 ( 1)
 194 L   0.93415 0.06585 0.00000 0.00000 ( 1)
 195 S   0.97627 0.02373 0.00000 0.00000 ( 1)
 196 H   0.92702 0.07298 0.00000 0.00000 ( 1)
 197 I   0.41605 0.58395 0.00000 0.00000 ( 2)
 198 T   0.88790 0.11210 0.00000 0.00000 ( 1)
 199 S   0.24515 0.75485 0.00000 0.00000 ( 2)
 200 H   0.03230 0.96770 0.00000 0.00000 ( 2)
 201 S   0.03154 0.96846 0.00000 0.00000 ( 2)
 202 F   0.92983 0.07017 0.00000 0.00000 ( 1)
 203 S   0.00246 0.99754 0.00000 0.00000 ( 2)
 204 K   0.98178 0.01822 0.00000 0.00000 ( 1)
 205 -   0.57087 0.42913 0.00000 0.00000 ( 1)
 206 -   0.18414 0.81586 0.00000 0.00000 ( 2)
 207 N   0.96337 0.03663 0.00000 0.00000 ( 1)
 208 G   0.29448 0.70552 0.00000 0.00000 ( 2)
 209 S   0.00024 0.99976 0.00000 0.00000 ( 2)
 210 A   0.00066 0.99934 0.00000 0.00000 ( 2)
 211 Y   0.00005 0.99995 0.00000 0.00000 ( 2)
 212 Y   0.89537 0.10463 0.00000 0.00000 ( 1)
 213 G   0.95291 0.04709 0.00000 0.00000 ( 1)
 214 S   0.24627 0.75373 0.00000 0.00000 ( 2)
 215 F   0.27811 0.72189 0.00000 0.00000 ( 2)
 216 P   0.99042 0.00958 0.00000 0.00000 ( 1)
 217 V   0.98067 0.01933 0.00000 0.00000 ( 1)
 218 F   0.99434 0.00566 0.00000 0.00000 ( 1)
 219 V   0.92737 0.07263 0.00000 0.00000 ( 1)
 220 W   0.83702 0.16298 0.00000 0.00000 ( 1)
 221 T   0.98352 0.01648 0.00000 0.00000 ( 1)
 222 H   0.99525 0.00475 0.00000 0.00000 ( 1)
 223 T   0.00044 0.99956 0.00000 0.00000 ( 2)
 224 S   0.99731 0.00269 0.00000 0.00000 ( 1)
 225 -   0.54921 0.45079 0.00000 0.00000 ( 1)
 226 -   0.54921 0.45079 0.00000 0.00000 ( 1)
 227 -   0.54921 0.45079 0.00000 0.00000 ( 1)
 228 -   0.54921 0.45079 0.00000 0.00000 ( 1)
 229 -   0.54921 0.45079 0.00000 0.00000 ( 1)
 230 -   0.54921 0.45079 0.00000 0.00000 ( 1)


lnL = -2786.529632

Bayes Empirical Bayes (BEB) probabilities for 4 classes (class)
(amino acids refer to 1st sequence: BT_Cry8Aa1)

   1 E   0.94297 0.00873 0.04781 0.00049 ( 1)
   2 T   0.93524 0.01527 0.04862 0.00087 ( 1)
   3 T   0.02880 0.91519 0.00161 0.05440 ( 2)
   4 A   0.94240 0.01099 0.04601 0.00060 ( 1)
   5 Q   0.91235 0.03439 0.05119 0.00206 ( 1)
   6 L   0.94061 0.00993 0.04890 0.00056 ( 1)
   7 T   0.93524 0.01527 0.04862 0.00087 ( 1)
   8 R   0.75394 0.18869 0.04547 0.01190 ( 1)
   9 D   0.73836 0.21249 0.03728 0.01187 ( 1)
  10 V   0.87850 0.07113 0.04628 0.00409 ( 1)
  11 Y   0.94344 0.00864 0.04744 0.00048 ( 1)
  12 T   0.88790 0.05491 0.05372 0.00347 ( 1)
  13 D   0.95308 0.00278 0.04399 0.00015 ( 1)
  14 P   0.82388 0.11750 0.05106 0.00756 ( 1)
  15 I   0.07834 0.86286 0.00470 0.05409 ( 2)
  16 A   0.58915 0.35198 0.03633 0.02255 ( 1)
  17 F   0.94785 0.00510 0.04677 0.00028 ( 1)
  18 N   0.93600 0.02025 0.04269 0.00106 ( 1)
  19 I   0.00243 0.94468 0.00012 0.05277 ( 2)
  20 V   0.00028 0.94756 0.00001 0.05215 ( 2)
  21 T   0.00013 0.94064 0.00001 0.05922 ( 2)
  22 S   0.00059 0.94610 0.00003 0.05328 ( 2)
  23 T   0.00017 0.94094 0.00001 0.05887 ( 2)
  24 G   0.93665 0.01580 0.04668 0.00087 ( 1)
  25 F   0.92822 0.02464 0.04578 0.00135 ( 1)
  26 C   0.93753 0.01375 0.04795 0.00077 ( 1)
  27 N   0.00125 0.94544 0.00006 0.05325 ( 2)
  28 P   0.73515 0.21502 0.03770 0.01212 ( 1)
  29 W   0.77852 0.16276 0.04826 0.01047 ( 1)
  30 S   0.89535 0.05062 0.05096 0.00307 ( 1)
  31 T   0.00164 0.94229 0.00009 0.05598 ( 2)
  32 H   0.09131 0.85721 0.00451 0.04697 ( 2)
  33 S   0.86753 0.08601 0.04180 0.00467 ( 1)
  34 G   0.81903 0.13292 0.04072 0.00734 ( 1)
  35 I   0.94970 0.00472 0.04533 0.00025 ( 1)
  36 L   0.01739 0.92251 0.00107 0.05903 ( 2)
  37 F   0.94785 0.00510 0.04677 0.00028 ( 1)
  38 Y   0.46153 0.47900 0.02864 0.03082 ( 2)
  39 E   0.92923 0.01615 0.05364 0.00099 ( 1)
  40 V   0.79961 0.15407 0.03804 0.00828 ( 1)
  41 E   0.94297 0.00873 0.04781 0.00049 ( 1)
  42 N   0.64552 0.30915 0.02923 0.01610 ( 1)
  43 N   0.06049 0.88893 0.00290 0.04768 ( 2)
  44 V   0.93501 0.01482 0.04931 0.00085 ( 1)
  45 I   0.94970 0.00472 0.04533 0.00025 ( 1)
  46 R   0.93511 0.01416 0.04991 0.00082 ( 1)
  47 P   0.02093 0.91944 0.00128 0.05836 ( 2)
  48 P   0.93153 0.01940 0.04797 0.00110 ( 1)
  49 H   0.91945 0.03369 0.04502 0.00184 ( 1)
  50 L   0.86135 0.08455 0.04898 0.00512 ( 1)
  51 F   0.94785 0.00510 0.04677 0.00028 ( 1)
  52 D   0.90474 0.05134 0.04123 0.00269 ( 1)
  53 I   0.75903 0.19017 0.03989 0.01091 ( 1)
  54 L   0.73411 0.20621 0.04626 0.01342 ( 1)
  55 S   0.75320 0.19695 0.03873 0.01112 ( 1)
  56 S   0.00022 0.95029 0.00001 0.04948 ( 2)
  57 V   0.05233 0.89153 0.00293 0.05321 ( 2)
  58 E   0.93041 0.01567 0.05296 0.00096 ( 1)
  59 I   0.84133 0.11255 0.04006 0.00605 ( 1)
  60 N   0.87000 0.08588 0.03962 0.00450 ( 1)
  61 T   0.93524 0.01527 0.04862 0.00087 ( 1)
  62 S   0.00070 0.94831 0.00003 0.05096 ( 2)
  63 R   0.92675 0.01798 0.05416 0.00111 ( 1)
  64 G   0.19451 0.74655 0.01178 0.04716 ( 2)
  65 G   0.03141 0.91570 0.00160 0.05128 ( 2)
  66 I   0.82542 0.12839 0.03929 0.00690 ( 1)
  67 T   0.00002 0.94371 0.00000 0.05628 ( 2)
  68 L   0.00296 0.94559 0.00014 0.05130 ( 2)
  69 N   0.95303 0.00331 0.04348 0.00017 ( 1)
  70 N   0.84811 0.10533 0.04085 0.00571 ( 1)
  71 D   0.00136 0.94706 0.00007 0.05152 ( 2)
  72 A   0.09247 0.85884 0.00419 0.04450 ( 2)
  73 Y   0.38599 0.55445 0.02391 0.03564 ( 2)
  74 I   0.02779 0.91483 0.00160 0.05578 ( 2)
  75 N   0.07441 0.86899 0.00423 0.05237 ( 2)
  76 Y   0.91453 0.03743 0.04596 0.00209 ( 1)
  77 W   0.77852 0.16276 0.04826 0.01047 ( 1)
  78 S   0.04166 0.90214 0.00233 0.05386 ( 2)
  79 G   0.93665 0.01580 0.04668 0.00087 ( 1)
  80 H   0.94901 0.00427 0.04649 0.00023 ( 1)
  81 T   0.48870 0.46114 0.02454 0.02562 ( 1)
  82 L   0.41335 0.53016 0.02398 0.03250 ( 2)
  83 K   0.04502 0.89086 0.00345 0.06067 ( 2)
  84 Y   0.94344 0.00864 0.04744 0.00048 ( 1)
  85 R   0.00039 0.95072 0.00002 0.04887 ( 2)
  86 R   0.00003 0.94883 0.00000 0.05113 ( 2)
  87 T   0.55074 0.39947 0.02761 0.02218 ( 1)
  88 A   0.00123 0.94732 0.00006 0.05139 ( 2)
  89 D   0.00012 0.88113 0.00016 0.11859 ( 2)
  90 S   0.00224 0.93896 0.00013 0.05868 ( 2)
  91 T   0.58378 0.36540 0.03012 0.02070 ( 1)
  92 V   0.00554 0.94061 0.00029 0.05357 ( 2)
  93 T   0.00013 0.94257 0.00001 0.05729 ( 2)
  94 Y   0.48960 0.44700 0.03292 0.03049 ( 1)
  95 T   0.04872 0.89937 0.00242 0.04948 ( 2)
  96 A   0.00004 0.86945 0.00005 0.13047 ( 2)
  97 N   0.95303 0.00331 0.04348 0.00017 ( 1)
  98 Y   0.90233 0.04957 0.04533 0.00276 ( 1)
  99 G   0.93970 0.00868 0.05111 0.00051 ( 1)
 100 R   0.00041 0.94774 0.00002 0.05183 ( 2)
 101 I   0.71201 0.23768 0.03684 0.01347 ( 1)
 102 T   0.94734 0.00657 0.04573 0.00036 ( 1)
 103 S   0.90719 0.03882 0.05164 0.00235 ( 1)
 104 E   0.20217 0.74654 0.01009 0.04121 ( 2)
 105 K   0.93123 0.02023 0.04739 0.00115 ( 1)
 106 N   0.21229 0.73816 0.01007 0.03948 ( 2)
 107 S   0.00173 0.94102 0.00010 0.05715 ( 2)
 108 -   0.49130 0.44530 0.03303 0.03037 ( 1)
 109 F   0.01008 0.93984 0.00047 0.04961 ( 2)
 110 A   0.00058 0.94431 0.00003 0.05508 ( 2)
 111 L   0.83266 0.11317 0.04733 0.00685 ( 1)
 112 E   0.04430 0.89842 0.00256 0.05472 ( 2)
 113 D   0.12509 0.82495 0.00592 0.04404 ( 2)
 114 R   0.52736 0.42193 0.02698 0.02373 ( 1)
 115 D   0.88695 0.06856 0.04087 0.00361 ( 1)
 116 I   0.94658 0.00782 0.04518 0.00042 ( 1)
 117 F   0.94785 0.00510 0.04677 0.00028 ( 1)
 118 E   0.67492 0.27568 0.03402 0.01537 ( 1)
 119 I   0.28318 0.66802 0.01330 0.03549 ( 2)
 120 N   0.00909 0.94219 0.00041 0.04832 ( 2)
 121 S   0.89535 0.05062 0.05096 0.00307 ( 1)
 122 T   0.00052 0.94895 0.00002 0.05050 ( 2)
 123 V   0.01498 0.92539 0.00091 0.05871 ( 2)
 124 A   0.92889 0.02113 0.04877 0.00121 ( 1)
 125 N   0.06368 0.87793 0.00379 0.05460 ( 2)
 126 L   0.88495 0.06101 0.05035 0.00370 ( 1)
 127 A   0.91151 0.03106 0.05546 0.00197 ( 1)
 128 N   0.95303 0.00331 0.04348 0.00017 ( 1)
 129 Y   0.01076 0.92926 0.00066 0.05932 ( 2)
 130 Y   0.87466 0.07713 0.04392 0.00429 ( 1)
 131 Q   0.04541 0.89900 0.00251 0.05308 ( 2)
 132 K   0.01565 0.92724 0.00090 0.05621 ( 2)
 133 A   0.00581 0.94070 0.00030 0.05319 ( 2)
 134 Y   0.94344 0.00864 0.04744 0.00048 ( 1)
 135 G   0.94141 0.01105 0.04693 0.00061 ( 1)
 136 V   0.88852 0.05389 0.05416 0.00343 ( 1)
 137 P   0.84530 0.10237 0.04629 0.00604 ( 1)
 138 G   0.00002 0.94750 0.00000 0.05248 ( 2)
 139 S   0.75130 0.19960 0.03796 0.01115 ( 1)
 140 W   0.00000 0.90691 0.00000 0.09309 ( 2)
 141 F   0.15704 0.24298 0.55518 0.04481 ( 3)
 142 H   0.00638 0.94278 0.00031 0.05054 ( 2)
 143 M   0.08972 0.85615 0.00475 0.04938 ( 2)
 144 V   0.00263 0.93841 0.00016 0.05880 ( 2)
 145 K   0.00002 0.62688 0.00044 0.37266 ( 2)
 146 R   0.02997 0.91034 0.00183 0.05785 ( 2)
 147 G   0.00169 0.94507 0.00008 0.05316 ( 2)
 148 T   0.28845 0.65400 0.01701 0.04054 ( 2)
 149 S   0.00209 0.94307 0.00011 0.05473 ( 2)
 150 -   0.29087 0.65848 0.01441 0.03624 ( 2)
 151 -   0.49079 0.44581 0.03300 0.03041 ( 1)
 152 S   0.00123 0.88457 0.00033 0.11387 ( 2)
 153 T   0.16849 0.77914 0.00862 0.04375 ( 2)
 154 T   0.00107 0.94264 0.00006 0.05624 ( 2)
 155 A   0.00003 0.94782 0.00000 0.05215 ( 2)
 156 Y   0.00070 0.85674 0.00148 0.14108 ( 2)
 157 L   0.00087 0.94623 0.00004 0.05285 ( 2)
 158 Y   0.93739 0.01466 0.04713 0.00082 ( 1)
 159 S   0.91943 0.03215 0.04662 0.00180 ( 1)
 160 K   0.94407 0.00836 0.04710 0.00046 ( 1)
 161 T   0.08966 0.85768 0.00458 0.04809 ( 2)
 162 H   0.83782 0.11485 0.04098 0.00634 ( 1)
 163 T   0.93524 0.01527 0.04862 0.00087 ( 1)
 164 A   0.75759 0.19542 0.03641 0.01058 ( 1)
 165 L   0.00001 0.94445 0.00000 0.05554 ( 2)
 166 Q   0.00034 0.94743 0.00002 0.05221 ( 2)
 167 G   0.05357 0.89483 0.00262 0.04898 ( 2)
 168 C   0.94345 0.00785 0.04825 0.00044 ( 1)
 169 T   0.42842 0.52018 0.02203 0.02937 ( 2)
 170 Q   0.02736 0.91697 0.00151 0.05416 ( 2)
 171 V   0.26964 0.68054 0.01303 0.03679 ( 2)
 172 Y   0.93739 0.01466 0.04713 0.00082 ( 1)
 173 E   0.00008 0.94777 0.00000 0.05214 ( 2)
 174 S   0.39329 0.55140 0.02217 0.03315 ( 2)
 175 S   0.01565 0.93493 0.00072 0.04870 ( 2)
 176 D   0.01200 0.93125 0.00068 0.05606 ( 2)
 177 E   0.80777 0.14338 0.04084 0.00801 ( 1)
 178 I   0.93809 0.01371 0.04743 0.00077 ( 1)
 179 P   0.93737 0.01358 0.04828 0.00077 ( 1)
 180 L   0.00246 0.94410 0.00013 0.05332 ( 2)
 181 D   0.14321 0.79971 0.00827 0.04880 ( 2)
 182 R   0.01451 0.80290 0.04298 0.13961 ( 2)
 183 T   0.00134 0.93957 0.00008 0.05901 ( 2)
 184 V   0.88790 0.06177 0.04679 0.00355 ( 1)
 185 P   0.82388 0.11750 0.05106 0.00756 ( 1)
 186 V   0.64631 0.30249 0.03388 0.01731 ( 1)
 187 A   0.00809 0.94317 0.00036 0.04838 ( 2)
 188 E   0.21157 0.73717 0.01056 0.04070 ( 2)
 189 S   0.26867 0.68097 0.01319 0.03717 ( 2)
 190 Y   0.94344 0.00864 0.04744 0.00048 ( 1)
 191 S   0.85906 0.09083 0.04476 0.00535 ( 1)
 192 H   0.93016 0.01262 0.05643 0.00080 ( 1)
 193 R   0.94092 0.00995 0.04857 0.00056 ( 1)
 194 L   0.88025 0.06425 0.05152 0.00397 ( 1)
 195 S   0.92440 0.02226 0.05200 0.00134 ( 1)
 196 H   0.85264 0.09906 0.04279 0.00551 ( 1)
 197 I   0.29051 0.65020 0.01781 0.04147 ( 2)
 198 T   0.83113 0.11055 0.05124 0.00708 ( 1)
 199 S   0.11904 0.82678 0.00626 0.04791 ( 2)
 200 H   0.01027 0.92924 0.00064 0.05985 ( 2)
 201 S   0.01016 0.93806 0.00050 0.05129 ( 2)
 202 F   0.87443 0.06834 0.05291 0.00432 ( 1)
 203 S   0.00077 0.93962 0.00005 0.05956 ( 2)
 204 K   0.93536 0.01703 0.04666 0.00094 ( 1)
 205 -   0.44744 0.50455 0.02110 0.02691 ( 2)
 206 -   0.08608 0.86419 0.00403 0.04570 ( 2)
 207 N   0.90751 0.04859 0.04136 0.00255 ( 1)
 208 G   0.15122 0.79763 0.00745 0.04370 ( 2)
 209 S   0.00009 0.94878 0.00000 0.05113 ( 2)
 210 A   0.00020 0.94615 0.00001 0.05363 ( 2)
 211 Y   0.00002 0.83913 0.00003 0.16082 ( 2)
 212 Y   0.81459 0.14099 0.03704 0.00737 ( 1)
 213 G   0.90261 0.04565 0.04906 0.00268 ( 1)
 214 S   0.11252 0.83648 0.00551 0.04549 ( 2)
 215 F   0.17922 0.76380 0.01035 0.04663 ( 2)
 216 P   0.94212 0.00885 0.04853 0.00050 ( 1)
 217 V   0.92347 0.01801 0.05736 0.00116 ( 1)
 218 F   0.94785 0.00510 0.04677 0.00028 ( 1)
 219 V   0.85450 0.09827 0.04186 0.00538 ( 1)
 220 W   0.77852 0.16276 0.04826 0.01047 ( 1)
 221 T   0.93524 0.01527 0.04862 0.00087 ( 1)
 222 H   0.94901 0.00427 0.04649 0.00023 ( 1)
 223 T   0.00014 0.93922 0.00001 0.06064 ( 2)
 224 S   0.95279 0.00236 0.04472 0.00013 ( 1)
 225 -   0.48960 0.44700 0.03292 0.03049 ( 1)
 226 -   0.48960 0.44700 0.03292 0.03049 ( 1)
 227 -   0.48960 0.44700 0.03292 0.03049 ( 1)
 228 -   0.48960 0.44700 0.03292 0.03049 ( 1)
 229 -   0.48960 0.44700 0.03292 0.03049 ( 1)
 230 -   0.48960 0.44700 0.03292 0.03049 ( 1)

