Supplemental results for CODEML (seqf: algn  treef: tree)


dN/dS (w) for site classes (K=4)

site class             0        1       2a       2b
proportion       0.70692  0.16190  0.10674  0.02445
background w     0.10023  1.00000  0.10023  1.00000
foreground w     0.10023  1.00000  1.00000  1.00000

Naive Empirical Bayes (NEB) probabilities for 4 classes
(amino acids refer to 1st sequence: BT_Cry8Ab1)

   1 P   0.87922 0.04355 0.07065 0.00658 ( 1)
   2 F   0.95759 0.00509 0.03656 0.00077 ( 1)
   3 A   0.05310 0.78805 0.03986 0.11899 ( 2)
   4 S   0.06328 0.81151 0.00268 0.12253 ( 2)
   5 Q   0.63978 0.27425 0.04456 0.04141 ( 1)
   6 I   0.96316 0.00348 0.03284 0.00053 ( 1)
   7 V   0.81472 0.10712 0.06199 0.01617 ( 1)
   8 S   0.88484 0.06882 0.03595 0.01039 ( 1)
   9 F   0.95759 0.00509 0.03656 0.00077 ( 1)
  10 Y   0.93957 0.01109 0.04766 0.00167 ( 1)
  11 N   0.05129 0.52556 0.34380 0.07935 ( 2)
  12 F   0.92196 0.01428 0.06161 0.00216 ( 1)
  13 I   0.57193 0.06188 0.35685 0.00934 ( 1)
  14 L   0.35407 0.51362 0.05475 0.07755 ( 2)
  15 D   0.47148 0.28285 0.20296 0.04271 ( 1)
  16 Q   0.07513 0.29499 0.58534 0.04454 ( 3)
  17 L   0.89463 0.02807 0.07306 0.00424 ( 1)
  18 W   0.85351 0.05795 0.07979 0.00875 ( 1)
  19 P   0.94801 0.00861 0.04208 0.00130 ( 1)
  20 S   0.10506 0.21278 0.65002 0.03213 ( 3)
  21 N   0.88370 0.06178 0.04519 0.00933 ( 1)
  22 S   0.03694 0.69070 0.16807 0.10429 ( 2)
  23 V   0.12957 0.27179 0.55760 0.04104 ( 3)
  24 S   0.10987 0.14715 0.72075 0.02222 ( 3)
  25 V   0.51952 0.30399 0.13058 0.04590 ( 1)
  26 W   0.85351 0.05795 0.07979 0.00875 ( 1)
  27 E   0.95145 0.00641 0.04117 0.00097 ( 1)
  28 Q   0.00178 0.85773 0.01098 0.12951 ( 2)
  29 I   0.54906 0.06801 0.37266 0.01027 ( 1)
  30 M   0.91945 0.04246 0.03169 0.00641 ( 1)
  31 T   0.11948 0.65041 0.13190 0.09821 ( 2)
  32 L   0.69682 0.21594 0.05463 0.03260 ( 1)
  33 V   0.90693 0.02544 0.06379 0.00384 ( 1)
  34 E   0.94176 0.00760 0.04949 0.00115 ( 1)
  35 E   0.87705 0.06562 0.04742 0.00991 ( 1)
  36 L   0.94307 0.01086 0.04443 0.00164 ( 1)
  37 V   0.81043 0.10544 0.06821 0.01592 ( 1)
  38 D   0.73170 0.03212 0.23133 0.00485 ( 1)
  39 Q   0.92903 0.01606 0.05248 0.00243 ( 1)
  40 K   0.59397 0.05690 0.34054 0.00859 ( 1)
  41 I   0.96316 0.00348 0.03284 0.00053 ( 1)
  42 T   0.95640 0.00565 0.03709 0.00085 ( 1)
  43 E   0.87705 0.06562 0.04742 0.00991 ( 1)
  44 Y   0.38549 0.42387 0.12664 0.06400 ( 2)
  45 A   0.88534 0.06074 0.04476 0.00917 ( 1)
  46 R   0.94346 0.01127 0.04357 0.00170 ( 1)
  47 N   0.90310 0.05094 0.03827 0.00769 ( 1)
  48 K   0.25641 0.46866 0.20417 0.07076 ( 2)
  49 A   0.95131 0.00761 0.03993 0.00115 ( 1)
  50 L   0.73393 0.19771 0.03850 0.02985 ( 1)
  51 A   0.95388 0.00654 0.03859 0.00099 ( 1)
  52 E   0.35598 0.36578 0.22301 0.05523 ( 2)
  53 L   0.90738 0.02301 0.06613 0.00347 ( 1)
  54 K   0.32094 0.57113 0.02169 0.08624 ( 2)
  55 G   0.95319 0.00686 0.03892 0.00104 ( 1)
  56 L   0.91996 0.01934 0.05777 0.00292 ( 1)
  57 G   0.95363 0.00646 0.03894 0.00098 ( 1)
  58 D   0.87912 0.06558 0.04540 0.00990 ( 1)
  59 A   0.20899 0.54986 0.15813 0.08302 ( 2)
  60 L   0.23639 0.56496 0.11334 0.08530 ( 2)
  61 G   0.00630 0.86143 0.00220 0.13007 ( 2)
  62 V   0.94683 0.00755 0.04449 0.00114 ( 1)
  63 Y   0.93957 0.01109 0.04766 0.00167 ( 1)
  64 Q   0.89327 0.03867 0.06222 0.00584 ( 1)
  65 Q   0.11397 0.63083 0.15995 0.09525 ( 2)
  66 S   0.91161 0.01857 0.06702 0.00280 ( 1)
  67 L   0.94673 0.00875 0.04320 0.00132 ( 1)
  68 E   0.37012 0.37179 0.20196 0.05614 ( 2)
  69 A   0.42583 0.47827 0.02368 0.07221 ( 2)
  70 W   0.85351 0.05795 0.07979 0.00875 ( 1)
  71 L   0.59628 0.30887 0.04821 0.04664 ( 1)
  72 E   0.24207 0.49045 0.19344 0.07405 ( 2)
  73 N   0.73133 0.03185 0.23201 0.00481 ( 1)
  74 R   0.68702 0.23098 0.04713 0.03488 ( 1)
  75 N   0.96091 0.00428 0.03417 0.00065 ( 1)
  76 D   0.94726 0.01147 0.03954 0.00173 ( 1)
  77 T   0.89780 0.05839 0.03499 0.00882 ( 1)
  78 R   0.92300 0.01279 0.06227 0.00193 ( 1)
  79 A   0.05761 0.61591 0.23348 0.09300 ( 2)
  80 R   0.12306 0.15490 0.69864 0.02339 ( 3)
  81 S   0.95316 0.00709 0.03869 0.00107 ( 1)
  82 V   0.94220 0.00944 0.04694 0.00143 ( 1)
  83 V   0.93980 0.01088 0.04768 0.00164 ( 1)
  84 S   0.00180 0.85431 0.01490 0.12899 ( 2)
  85 N   0.30950 0.47815 0.14015 0.07220 ( 2)
  86 Q   0.92903 0.01606 0.05248 0.00243 ( 1)
  87 F   0.86681 0.07987 0.04126 0.01206 ( 1)
  88 I   0.15581 0.72880 0.00535 0.11004 ( 2)
  89 A   0.93549 0.01644 0.04558 0.00248 ( 1)
  90 L   0.92047 0.01888 0.05781 0.00285 ( 1)
  91 E   0.35257 0.41149 0.17381 0.06213 ( 2)
  92 L   0.94655 0.00891 0.04320 0.00135 ( 1)
  93 D   0.95931 0.00444 0.03559 0.00067 ( 1)
  94 F   0.95759 0.00509 0.03656 0.00077 ( 1)
  95 V   0.94220 0.00944 0.04694 0.00143 ( 1)
  96 G   0.00061 0.86713 0.00133 0.13093 ( 2)
  97 A   0.38080 0.51412 0.02745 0.07763 ( 2)
  98 I   0.93086 0.01855 0.04778 0.00280 ( 1)
  99 P   0.94801 0.00861 0.04208 0.00130 ( 1)
 100 S   0.36714 0.19472 0.40874 0.02940 ( 3)
 101 F   0.95759 0.00509 0.03656 0.00077 ( 1)
 102 A   0.95707 0.00511 0.03705 0.00077 ( 1)
 103 V   0.51561 0.32619 0.10895 0.04925 ( 1)
 104 S   0.08492 0.23872 0.64031 0.03604 ( 3)
 105 G   0.94040 0.01455 0.04285 0.00220 ( 1)
 106 Q   0.87534 0.04381 0.07424 0.00661 ( 1)
 107 E   0.53366 0.08050 0.37369 0.01215 ( 1)
 108 V   0.94649 0.00740 0.04500 0.00112 ( 1)
 109 P   0.94801 0.00861 0.04208 0.00130 ( 1)
 110 L   0.92047 0.01888 0.05781 0.00285 ( 1)
 111 L   0.89882 0.02425 0.07327 0.00366 ( 1)
 112 A   0.30714 0.58415 0.02051 0.08820 ( 2)
 113 V   0.94288 0.00949 0.04620 0.00143 ( 1)
 114 Y   0.93865 0.01171 0.04787 0.00177 ( 1)
 115 A   0.95707 0.00511 0.03705 0.00077 ( 1)
 116 Q   0.91297 0.02717 0.05576 0.00410 ( 1)
 117 A   0.95058 0.00714 0.04120 0.00108 ( 1)
 118 V   0.62431 0.27388 0.06046 0.04135 ( 1)
 119 N   0.94674 0.01238 0.03901 0.00187 ( 1)
 120 M   0.58736 0.32368 0.04009 0.04887 ( 1)
 121 H   0.93902 0.01614 0.04241 0.00244 ( 1)
 122 L   0.90057 0.02681 0.06857 0.00405 ( 1)
 123 L   0.90650 0.02921 0.05988 0.00441 ( 1)
 124 L   0.92047 0.01888 0.05781 0.00285 ( 1)
 125 L   0.91565 0.02216 0.05884 0.00335 ( 1)
 126 R   0.61278 0.09527 0.27757 0.01438 ( 1)
 127 D   0.94726 0.01147 0.03954 0.00173 ( 1)
 128 A   0.95093 0.00719 0.04080 0.00109 ( 1)
 129 S   0.93419 0.01516 0.04836 0.00229 ( 1)
 130 I   0.57169 0.06190 0.35706 0.00935 ( 1)
 131 F   0.95759 0.00509 0.03656 0.00077 ( 1)
 132 G   0.95213 0.00749 0.03925 0.00113 ( 1)
 133 E   0.84755 0.09238 0.04613 0.01395 ( 1)
 134 E   0.60732 0.10090 0.27655 0.01523 ( 1)
 135 W   0.85351 0.05795 0.07979 0.00875 ( 1)
 136 G   0.95363 0.00646 0.03894 0.00098 ( 1)
 137 F   0.90052 0.03061 0.06424 0.00462 ( 1)
 138 T   0.89225 0.06353 0.03463 0.00959 ( 1)
 139 S   0.21824 0.51029 0.19442 0.07705 ( 2)
 140 S   0.02388 0.84633 0.00200 0.12779 ( 2)
 141 E   0.95145 0.00641 0.04117 0.00097 ( 1)
 142 I   0.95391 0.00608 0.03908 0.00092 ( 1)
 143 S   0.84416 0.06170 0.08482 0.00932 ( 1)
 144 T   0.79698 0.14939 0.03108 0.02256 ( 1)
 145 Y   0.70541 0.21893 0.04260 0.03306 ( 1)
 146 Y   0.92708 0.01971 0.05024 0.00298 ( 1)
 147 N   0.67549 0.22371 0.06702 0.03378 ( 1)
 148 R   0.93025 0.01593 0.05142 0.00240 ( 1)
 149 Q   0.92133 0.02068 0.05487 0.00312 ( 1)
 150 V   0.44640 0.16607 0.36245 0.02508 ( 1)
 151 Q   0.05184 0.80773 0.01847 0.12196 ( 2)
 152 L   0.63202 0.28032 0.04533 0.04233 ( 1)
 153 T   0.88144 0.03116 0.08269 0.00471 ( 1)
 154 S   0.79396 0.14152 0.04315 0.02137 ( 1)
 155 Q   0.50833 0.11692 0.35710 0.01765 ( 1)
 156 Y   0.88155 0.03199 0.08162 0.00483 ( 1)
 157 S   0.14508 0.65444 0.10167 0.09881 ( 2)
 158 D   0.73170 0.03212 0.23133 0.00485 ( 1)
 159 Y   0.91562 0.01583 0.06616 0.00239 ( 1)
 160 C   0.94242 0.01194 0.04383 0.00180 ( 1)
 161 V   0.56284 0.10357 0.31795 0.01564 ( 1)
 162 K   0.28749 0.20006 0.48224 0.03021 ( 3)
 163 W   0.85351 0.05795 0.07979 0.00875 ( 1)
 164 Y   0.91592 0.02749 0.05244 0.00415 ( 1)
 165 D   0.40541 0.50243 0.01629 0.07586 ( 2)
 166 T   0.92443 0.02346 0.04857 0.00354 ( 1)
 167 G   0.94230 0.01206 0.04382 0.00182 ( 1)
 168 L   0.92047 0.01888 0.05781 0.00285 ( 1)
 169 Q   0.02780 0.84269 0.00227 0.12724 ( 2)
 170 K   0.11316 0.14441 0.72063 0.02181 ( 3)
 171 L   0.92047 0.01888 0.05781 0.00285 ( 1)
 172 K   0.67567 0.04631 0.27102 0.00699 ( 1)
 173 G   0.94815 0.00793 0.04272 0.00120 ( 1)
 174 T   0.92187 0.02502 0.04934 0.00378 ( 1)
 175 S   0.23909 0.64636 0.01696 0.09759 ( 2)
 176 A   0.65953 0.05407 0.27824 0.00816 ( 1)
 177 E   0.79507 0.14202 0.04147 0.02144 ( 1)
 178 S   0.53167 0.38812 0.02160 0.05860 ( 1)
 179 W   0.85351 0.05795 0.07979 0.00875 ( 1)
 180 L   0.87062 0.05266 0.06877 0.00795 ( 1)
 181 E   0.21462 0.54880 0.15371 0.08286 ( 2)
 182 Y   0.93957 0.01109 0.04766 0.00167 ( 1)
 183 H   0.94803 0.00962 0.04090 0.00145 ( 1)
 184 Q   0.92903 0.01606 0.05248 0.00243 ( 1)
 185 F   0.90052 0.03061 0.06424 0.00462 ( 1)
 186 R   0.88364 0.04677 0.06254 0.00706 ( 1)
 187 R   0.94943 0.00815 0.04119 0.00123 ( 1)
 188 E   0.94233 0.01223 0.04360 0.00185 ( 1)
 189 M   0.96157 0.00459 0.03314 0.00069 ( 1)
 190 T   0.94869 0.00812 0.04197 0.00123 ( 1)
 191 F   0.17813 0.69934 0.01694 0.10559 ( 2)
 192 M   0.31120 0.46235 0.15665 0.06981 ( 2)
 193 V   0.94683 0.00755 0.04449 0.00114 ( 1)
 194 L   0.92047 0.01888 0.05781 0.00285 ( 1)
 195 D   0.95931 0.00444 0.03559 0.00067 ( 1)
 196 L   0.38183 0.20337 0.38410 0.03071 ( 3)
 197 V   0.93299 0.01042 0.05501 0.00157 ( 1)
 198 A   0.92434 0.01328 0.06037 0.00201 ( 1)
 199 L   0.91548 0.02007 0.06142 0.00303 ( 1)
 200 F   0.95759 0.00509 0.03656 0.00077 ( 1)
 201 P   0.94801 0.00861 0.04208 0.00130 ( 1)
 202 N   0.48317 0.16061 0.33197 0.02425 ( 1)


lnL = -1968.239534

