Supplemental results for CODEML (seqf: algn  treef: tree)


dN/dS (w) for site classes (K=4)

site class             0        1       2a       2b
proportion       0.64788  0.35212  0.00000  0.00000
background w     0.13872  1.00000  0.13872  1.00000
foreground w     0.13872  1.00000  1.00000  1.00000

Naive Empirical Bayes (NEB) probabilities for 4 classes
(amino acids refer to 1st sequence: BT_Cry69Aa1)

   1 -   0.55651 0.44349 0.00000 0.00000 ( 1)
   2 G   0.05680 0.94320 0.00000 0.00000 ( 2)
   3 T   0.08778 0.91222 0.00000 0.00000 ( 2)
   4 G   0.86230 0.13770 0.00000 0.00000 ( 1)
   5 V   0.59132 0.40868 0.00000 0.00000 ( 1)
   6 N   0.65696 0.34304 0.00000 0.00000 ( 1)
   7 I   0.97712 0.02288 0.00000 0.00000 ( 1)
   8 L   0.76460 0.23540 0.00000 0.00000 ( 1)
   9 G   0.77869 0.22131 0.00000 0.00000 ( 1)
  10 R   0.00067 0.99933 0.00000 0.00000 ( 2)
  11 I   0.88302 0.11698 0.00000 0.00000 ( 1)
  12 F   0.99881 0.00119 0.00000 0.00000 ( 1)
  13 G   0.39963 0.60037 0.00000 0.00000 ( 2)
  14 F   0.00178 0.99822 0.00000 0.00000 ( 2)
  15 L   0.81192 0.18808 0.00000 0.00000 ( 1)
  16 W   0.96082 0.03918 0.00000 0.00000 ( 1)
  17 P   0.99438 0.00562 0.00000 0.00000 ( 1)
  18 N   0.00192 0.99808 0.00000 0.00000 ( 2)
  19 P   0.04192 0.95808 0.00000 0.00000 ( 2)
  20 N   0.59388 0.40612 0.00000 0.00000 ( 1)
  21 E   0.85925 0.14075 0.00000 0.00000 ( 1)
  22 L   0.00037 0.99963 0.00000 0.00000 ( 2)
  23 N   0.48009 0.51991 0.00000 0.00000 ( 2)
  24 W   0.76198 0.23802 0.00000 0.00000 ( 1)
  25 V   0.93836 0.06164 0.00000 0.00000 ( 1)
  26 N   0.00642 0.99358 0.00000 0.00000 ( 2)
  27 L   0.62807 0.37193 0.00000 0.00000 ( 1)
  28 I   0.75039 0.24961 0.00000 0.00000 ( 1)
  29 R   0.91332 0.08668 0.00000 0.00000 ( 1)
  30 V   0.15514 0.84486 0.00000 0.00000 ( 2)
  31 V   0.93832 0.06168 0.00000 0.00000 ( 1)
  32 E   0.98376 0.01624 0.00000 0.00000 ( 1)
  33 A   0.00092 0.99908 0.00000 0.00000 ( 2)
  34 L   0.98780 0.01220 0.00000 0.00000 ( 1)
  35 I   0.99563 0.00437 0.00000 0.00000 ( 1)
  36 D   0.02276 0.97724 0.00000 0.00000 ( 2)
  37 Q   0.81888 0.18112 0.00000 0.00000 ( 1)
  38 R   0.00086 0.99914 0.00000 0.00000 ( 2)
  39 I   0.83434 0.16566 0.00000 0.00000 ( 1)
  40 E   0.00005 0.99995 0.00000 0.00000 ( 2)
  41 L   0.00010 0.99990 0.00000 0.00000 ( 2)
  42 Y   0.05454 0.94546 0.00000 0.00000 ( 2)
  43 A   0.45067 0.54933 0.00000 0.00000 ( 2)
  44 I   0.97326 0.02674 0.00000 0.00000 ( 1)
  45 E   0.00100 0.99900 0.00000 0.00000 ( 2)
  46 N   0.36839 0.63161 0.00000 0.00000 ( 2)
  47 A   0.18136 0.81864 0.00000 0.00000 ( 2)
  48 T   0.00163 0.99837 0.00000 0.00000 ( 2)
  49 S   0.00106 0.99894 0.00000 0.00000 ( 2)
  50 K   0.96410 0.03590 0.00000 0.00000 ( 1)
  51 L   0.93674 0.06326 0.00000 0.00000 ( 1)
  52 E   0.44966 0.55034 0.00000 0.00000 ( 2)
  53 G   0.98569 0.01431 0.00000 0.00000 ( 1)
  54 L   0.98156 0.01844 0.00000 0.00000 ( 1)
  55 R   0.66815 0.33185 0.00000 0.00000 ( 1)
  56 S   0.00325 0.99675 0.00000 0.00000 ( 2)
  57 V   0.94514 0.05486 0.00000 0.00000 ( 1)
  58 V   0.65376 0.34624 0.00000 0.00000 ( 1)
  59 S   0.05330 0.94670 0.00000 0.00000 ( 2)
  60 I   0.71465 0.28535 0.00000 0.00000 ( 1)
  61 Y   0.99792 0.00208 0.00000 0.00000 ( 1)
  62 N   0.94663 0.05337 0.00000 0.00000 ( 1)
  63 T   0.03407 0.96593 0.00000 0.00000 ( 2)
  64 A   0.99731 0.00269 0.00000 0.00000 ( 1)
  65 F   0.75742 0.24258 0.00000 0.00000 ( 1)
  66 N   0.00067 0.99933 0.00000 0.00000 ( 2)
  67 H   0.51723 0.48277 0.00000 0.00000 ( 1)
  68 W   0.96082 0.03918 0.00000 0.00000 ( 1)
  69 N   0.63262 0.36738 0.00000 0.00000 ( 1)
  70 A   0.25942 0.74058 0.00000 0.00000 ( 2)
  71 S   0.75834 0.24166 0.00000 0.00000 ( 1)
  72 E   0.74690 0.25310 0.00000 0.00000 ( 1)
  73 A   0.27055 0.72945 0.00000 0.00000 ( 2)
  74 S   0.95339 0.04661 0.00000 0.00000 ( 1)
  75 R   0.99783 0.00217 0.00000 0.00000 ( 1)
  76 R   0.01933 0.98067 0.00000 0.00000 ( 2)
  77 D   0.99310 0.00690 0.00000 0.00000 ( 1)
  78 D   0.00056 0.99944 0.00000 0.00000 ( 2)
  79 A   0.38533 0.61467 0.00000 0.00000 ( 2)
  80 L   0.91303 0.08697 0.00000 0.00000 ( 1)
  81 K   0.93423 0.06577 0.00000 0.00000 ( 1)
  82 E   0.27655 0.72345 0.00000 0.00000 ( 2)
  83 R   0.37173 0.62827 0.00000 0.00000 ( 2)
  84 V   0.99418 0.00582 0.00000 0.00000 ( 1)
  85 R   0.99756 0.00244 0.00000 0.00000 ( 1)
  86 T   0.00427 0.99573 0.00000 0.00000 ( 2)
  87 T   0.50301 0.49699 0.00000 0.00000 ( 1)
  88 F   0.99814 0.00186 0.00000 0.00000 ( 1)
  89 A   0.23370 0.76630 0.00000 0.00000 ( 2)
  90 D   0.85087 0.14913 0.00000 0.00000 ( 1)
  91 V   0.11336 0.88664 0.00000 0.00000 ( 2)
  92 D   0.99898 0.00102 0.00000 0.00000 ( 1)
  93 S   0.54538 0.45462 0.00000 0.00000 ( 1)
  94 A   0.94560 0.05440 0.00000 0.00000 ( 1)
  95 L   0.96887 0.03113 0.00000 0.00000 ( 1)
  96 A   0.94061 0.05939 0.00000 0.00000 ( 1)
  97 A   0.00002 0.99998 0.00000 0.00000 ( 2)
  98 A   0.07346 0.92654 0.00000 0.00000 ( 2)
  99 I   0.65591 0.34409 0.00000 0.00000 ( 1)
 100 P   0.99553 0.00447 0.00000 0.00000 ( 1)
 101 Q   0.70915 0.29085 0.00000 0.00000 ( 1)
 102 F   0.99881 0.00119 0.00000 0.00000 ( 1)
 103 R   0.99684 0.00316 0.00000 0.00000 ( 1)
 104 Q   0.59932 0.40068 0.00000 0.00000 ( 1)
 105 N   0.00030 0.99970 0.00000 0.00000 ( 2)
 106 R   0.01940 0.98060 0.00000 0.00000 ( 2)
 107 F   0.91849 0.08151 0.00000 0.00000 ( 1)
 108 Q   0.96797 0.03203 0.00000 0.00000 ( 1)
 109 Q   0.30935 0.69065 0.00000 0.00000 ( 2)
 110 Q   0.99495 0.00505 0.00000 0.00000 ( 1)
 111 L   0.60341 0.39659 0.00000 0.00000 ( 1)
 112 L   0.98301 0.01699 0.00000 0.00000 ( 1)
 113 L   0.39250 0.60750 0.00000 0.00000 ( 2)
 114 V   0.94730 0.05270 0.00000 0.00000 ( 1)
 115 Y   0.99792 0.00208 0.00000 0.00000 ( 1)
 116 A   0.96374 0.03626 0.00000 0.00000 ( 1)
 117 Q   0.92361 0.07639 0.00000 0.00000 ( 1)
 118 A   0.99170 0.00830 0.00000 0.00000 ( 1)
 119 A   0.96038 0.03962 0.00000 0.00000 ( 1)
 120 N   0.97170 0.02830 0.00000 0.00000 ( 1)
 121 M   0.60395 0.39605 0.00000 0.00000 ( 1)
 122 H   0.99905 0.00095 0.00000 0.00000 ( 1)
 123 L   0.98189 0.01811 0.00000 0.00000 ( 1)
 124 L   0.97621 0.02379 0.00000 0.00000 ( 1)
 125 V   0.91312 0.08688 0.00000 0.00000 ( 1)
 126 L   0.98307 0.01693 0.00000 0.00000 ( 1)
 127 R   0.96553 0.03447 0.00000 0.00000 ( 1)
 128 D   0.99898 0.00102 0.00000 0.00000 ( 1)
 129 A   0.98523 0.01477 0.00000 0.00000 ( 1)
 130 V   0.93292 0.06708 0.00000 0.00000 ( 1)
 131 I   0.93001 0.06999 0.00000 0.00000 ( 1)
 132 H   0.74270 0.25730 0.00000 0.00000 ( 1)
 133 G   0.98446 0.01554 0.00000 0.00000 ( 1)
 134 E   0.00014 0.99986 0.00000 0.00000 ( 2)
 135 A   0.02790 0.97210 0.00000 0.00000 ( 2)
 136 W   0.96082 0.03918 0.00000 0.00000 ( 1)
 137 G   0.99531 0.00469 0.00000 0.00000 ( 1)
 138 Y   0.04861 0.95139 0.00000 0.00000 ( 2)
 139 K   0.12089 0.87911 0.00000 0.00000 ( 2)
 140 S   0.00010 0.99990 0.00000 0.00000 ( 2)
 141 V   0.49980 0.50020 0.00000 0.00000 ( 2)
 142 T   0.84987 0.15013 0.00000 0.00000 ( 1)
 143 V   0.21653 0.78347 0.00000 0.00000 ( 2)
 144 D   0.01169 0.98831 0.00000 0.00000 ( 2)
 145 G   0.46210 0.53790 0.00000 0.00000 ( 2)
 146 F   0.01187 0.98813 0.00000 0.00000 ( 2)
 147 Y   0.99792 0.00208 0.00000 0.00000 ( 1)
 148 D   0.05358 0.94642 0.00000 0.00000 ( 2)
 149 R   0.93677 0.06323 0.00000 0.00000 ( 1)
 150 Q   0.86745 0.13255 0.00000 0.00000 ( 1)
 151 V   0.96340 0.03660 0.00000 0.00000 ( 1)
 152 C   0.11250 0.88750 0.00000 0.00000 ( 2)
 153 L   0.93690 0.06310 0.00000 0.00000 ( 1)
 154 I   0.91891 0.08109 0.00000 0.00000 ( 1)
 155 D   0.31654 0.68346 0.00000 0.00000 ( 2)
 156 A   0.85071 0.14929 0.00000 0.00000 ( 1)
 157 Y   0.99267 0.00733 0.00000 0.00000 ( 1)
 158 T   0.96036 0.03964 0.00000 0.00000 ( 1)
 159 E   0.96480 0.03520 0.00000 0.00000 ( 1)
 160 H   0.99905 0.00095 0.00000 0.00000 ( 1)
 161 C   0.99634 0.00366 0.00000 0.00000 ( 1)
 162 M   0.11955 0.88045 0.00000 0.00000 ( 2)
 163 T   0.00140 0.99860 0.00000 0.00000 ( 2)
 164 F   0.99772 0.00228 0.00000 0.00000 ( 1)
 165 Y   0.99792 0.00208 0.00000 0.00000 ( 1)
 166 R   0.94076 0.05924 0.00000 0.00000 ( 1)
 167 Q   0.98266 0.01734 0.00000 0.00000 ( 1)
 168 G   0.99844 0.00156 0.00000 0.00000 ( 1)
 169 L   0.96639 0.03361 0.00000 0.00000 ( 1)
 170 Q   0.24271 0.75729 0.00000 0.00000 ( 2)
 171 D   0.97197 0.02803 0.00000 0.00000 ( 1)
 172 L   0.68313 0.31687 0.00000 0.00000 ( 1)
 173 R   0.90647 0.09353 0.00000 0.00000 ( 1)
 174 N   0.00249 0.99751 0.00000 0.00000 ( 2)
 175 R   0.37062 0.62938 0.00000 0.00000 ( 2)
 176 G   0.29583 0.70417 0.00000 0.00000 ( 2)
 177 N   0.99801 0.00199 0.00000 0.00000 ( 1)
 178 -   0.68416 0.31584 0.00000 0.00000 ( 1)
 179 -   0.27300 0.72700 0.00000 0.00000 ( 2)
 180 W   0.96082 0.03918 0.00000 0.00000 ( 1)
 181 N   0.96526 0.03474 0.00000 0.00000 ( 1)
 182 A   0.87359 0.12641 0.00000 0.00000 ( 1)
 183 F   0.98629 0.01371 0.00000 0.00000 ( 1)
 184 N   0.99801 0.00199 0.00000 0.00000 ( 1)
 185 N   0.99665 0.00335 0.00000 0.00000 ( 1)
 186 Y   0.99792 0.00208 0.00000 0.00000 ( 1)
 187 R   0.99783 0.00217 0.00000 0.00000 ( 1)
 188 R   0.99756 0.00244 0.00000 0.00000 ( 1)
 189 N   0.19547 0.80453 0.00000 0.00000 ( 2)
 190 M   0.99908 0.00092 0.00000 0.00000 ( 1)
 191 T   0.97530 0.02470 0.00000 0.00000 ( 1)
 192 I   0.78556 0.21444 0.00000 0.00000 ( 1)
 193 A   0.12879 0.87121 0.00000 0.00000 ( 2)
 194 L   0.93005 0.06995 0.00000 0.00000 ( 1)
 195 L   0.97915 0.02085 0.00000 0.00000 ( 1)
 196 D   0.99793 0.00207 0.00000 0.00000 ( 1)
 197 I   0.84353 0.15647 0.00000 0.00000 ( 1)
 198 I   0.99153 0.00847 0.00000 0.00000 ( 1)
 199 S   0.97474 0.02526 0.00000 0.00000 ( 1)
 200 L   0.98529 0.01471 0.00000 0.00000 ( 1)
 201 F   0.99881 0.00119 0.00000 0.00000 ( 1)
 202 S   0.55872 0.44128 0.00000 0.00000 ( 1)
 203 N   0.61738 0.38262 0.00000 0.00000 ( 1)


lnL = -2921.045348

Bayes Empirical Bayes (BEB) probabilities for 4 classes (class)
(amino acids refer to 1st sequence: BT_Cry69Aa1)

   1 -   0.55526 0.39998 0.02611 0.01866 ( 1)
   2 G   0.06964 0.88560 0.00330 0.04147 ( 2)
   3 T   0.10794 0.85710 0.01069 0.02427 ( 2)
   4 G   0.86423 0.12225 0.01125 0.00227 ( 1)
   5 V   0.61783 0.36558 0.00944 0.00715 ( 1)
   6 N   0.68807 0.29658 0.00966 0.00569 ( 1)
   7 I   0.96342 0.02213 0.01396 0.00049 ( 1)
   8 L   0.76230 0.21514 0.01705 0.00551 ( 1)
   9 G   0.76890 0.20024 0.02419 0.00667 ( 1)
  10 R   0.00096 0.92739 0.00062 0.07103 ( 2)
  11 I   0.87112 0.10789 0.01832 0.00267 ( 1)
  12 F   0.98609 0.00127 0.01262 0.00002 ( 1)
  13 G   0.45425 0.52798 0.00669 0.01107 ( 2)
  14 F   0.00245 0.90640 0.00065 0.09050 ( 2)
  15 L   0.81802 0.16780 0.01099 0.00318 ( 1)
  16 W   0.93483 0.03771 0.02631 0.00114 ( 1)
  17 P   0.97558 0.00566 0.01863 0.00013 ( 1)
  18 N   0.00284 0.97105 0.00007 0.02604 ( 2)
  19 P   0.05384 0.89799 0.01033 0.03784 ( 2)
  20 N   0.62823 0.35729 0.00764 0.00684 ( 1)
  21 E   0.85981 0.12690 0.01067 0.00262 ( 1)
  22 L   0.00051 0.86657 0.00150 0.13142 ( 2)
  23 N   0.51011 0.46976 0.00776 0.01237 ( 1)
  24 W   0.41564 0.11871 0.44613 0.01952 ( 3)
  25 V   0.92237 0.05791 0.01834 0.00138 ( 1)
  26 N   0.00856 0.89745 0.00476 0.08923 ( 2)
  27 L   0.62916 0.30690 0.05396 0.00999 ( 1)
  28 I   0.74975 0.21888 0.02424 0.00713 ( 1)
  29 R   0.90782 0.07668 0.01404 0.00146 ( 1)
  30 V   0.19415 0.78884 0.00255 0.01447 ( 2)
  31 V   0.72951 0.04614 0.22235 0.00201 ( 1)
  32 E   0.97045 0.01552 0.01372 0.00031 ( 1)
  33 A   0.00116 0.82666 0.00813 0.16406 ( 2)
  34 L   0.94021 0.01199 0.04725 0.00055 ( 1)
  35 I   0.98236 0.00454 0.01301 0.00009 ( 1)
  36 D   0.03156 0.94193 0.00043 0.02608 ( 2)
  37 Q   0.81078 0.16457 0.02012 0.00453 ( 1)
  38 R   0.00132 0.96313 0.00013 0.03542 ( 2)
  39 I   0.83712 0.14731 0.01228 0.00329 ( 1)
  40 E   0.00009 0.96293 0.00001 0.03698 ( 2)
  41 L   0.00017 0.95016 0.00002 0.04965 ( 2)
  42 Y   0.06716 0.90039 0.00214 0.03031 ( 2)
  43 A   0.48184 0.49642 0.00994 0.01179 ( 2)
  44 I   0.95934 0.02538 0.01478 0.00050 ( 1)
  45 E   0.00152 0.97171 0.00004 0.02673 ( 2)
  46 N   0.41329 0.56838 0.00686 0.01148 ( 2)
  47 A   0.20587 0.76265 0.00659 0.02489 ( 2)
  48 T   0.00244 0.96026 0.00017 0.03713 ( 2)
  49 S   0.00139 0.84670 0.00337 0.14854 ( 2)
  50 K   0.94828 0.03354 0.01744 0.00074 ( 1)
  51 L   0.92727 0.05838 0.01322 0.00113 ( 1)
  52 E   0.48525 0.48818 0.01028 0.01630 ( 2)
  53 G   0.95674 0.01413 0.02866 0.00047 ( 1)
  54 L   0.95216 0.01808 0.02913 0.00063 ( 1)
  55 R   0.68666 0.29676 0.01066 0.00592 ( 1)
  56 S   0.00417 0.87664 0.00115 0.11805 ( 2)
  57 V   0.93617 0.04947 0.01330 0.00106 ( 1)
  58 V   0.67833 0.30626 0.00980 0.00561 ( 1)
  59 S   0.06655 0.90173 0.00207 0.02965 ( 2)
  60 I   0.72942 0.25522 0.01015 0.00522 ( 1)
  61 Y   0.98370 0.00217 0.01409 0.00004 ( 1)
  62 N   0.93954 0.04880 0.01077 0.00090 ( 1)
  63 T   0.04142 0.84876 0.01555 0.09427 ( 2)
  64 A   0.98195 0.00277 0.01522 0.00005 ( 1)
  65 F   0.66213 0.19333 0.12930 0.01524 ( 1)
  66 N   0.00099 0.95379 0.00005 0.04516 ( 2)
  67 H   0.50774 0.38553 0.09332 0.01342 ( 1)
  68 W   0.93483 0.03771 0.02631 0.00114 ( 1)
  69 N   0.66462 0.31965 0.00903 0.00670 ( 1)
  70 A   0.27424 0.68099 0.01294 0.03182 ( 2)
  71 S   0.73202 0.22322 0.03436 0.01041 ( 1)
  72 E   0.72152 0.23372 0.03387 0.01090 ( 1)
  73 A   0.30571 0.65203 0.01438 0.02789 ( 2)
  74 S   0.94587 0.04221 0.01111 0.00080 ( 1)
  75 R   0.98255 0.00223 0.01518 0.00004 ( 1)
  76 R   0.02700 0.94644 0.00095 0.02560 ( 2)
  77 D   0.98150 0.00682 0.01155 0.00013 ( 1)
  78 D   0.00083 0.95345 0.00003 0.04569 ( 2)
  79 A   0.42874 0.55347 0.00674 0.01105 ( 2)
  80 L   0.90860 0.07702 0.01293 0.00145 ( 1)
  81 K   0.91948 0.06141 0.01773 0.00137 ( 1)
  82 E   0.31814 0.66421 0.00513 0.01253 ( 2)
  83 R   0.40538 0.57254 0.00847 0.01361 ( 2)
  84 V   0.97800 0.00599 0.01588 0.00013 ( 1)
  85 R   0.98234 0.00252 0.01509 0.00005 ( 1)
  86 T   0.00617 0.96555 0.00017 0.02812 ( 2)
  87 T   0.52044 0.45291 0.01337 0.01328 ( 1)
  88 F   0.98540 0.00194 0.01263 0.00004 ( 1)
  89 A   0.27574 0.70619 0.00379 0.01428 ( 2)
  90 D   0.85387 0.13380 0.00983 0.00250 ( 1)
  91 V   0.13892 0.83961 0.00253 0.01894 ( 2)
  92 D   0.98739 0.00111 0.01148 0.00002 ( 1)
  93 S   0.58286 0.40126 0.00729 0.00859 ( 1)
  94 A   0.93826 0.04861 0.01226 0.00087 ( 1)
  95 L   0.95749 0.02955 0.01241 0.00055 ( 1)
  96 A   0.92913 0.05533 0.01446 0.00108 ( 1)
  97 A   0.00004 0.90103 0.00005 0.09889 ( 2)
  98 A   0.09588 0.88472 0.00158 0.01782 ( 2)
  99 I   0.68603 0.29802 0.01046 0.00548 ( 1)
 100 P   0.97964 0.00452 0.01574 0.00009 ( 1)
 101 Q   0.72564 0.25863 0.01035 0.00537 ( 1)
 102 F   0.98609 0.00127 0.01262 0.00002 ( 1)
 103 R   0.98158 0.00325 0.01511 0.00006 ( 1)
 104 Q   0.62114 0.36195 0.00904 0.00786 ( 1)
 105 N   0.00030 0.60778 0.01282 0.37910 ( 2)
 106 R   0.02561 0.95243 0.00035 0.02161 ( 2)
 107 F   0.91351 0.07329 0.01183 0.00136 ( 1)
 108 Q   0.95507 0.03081 0.01350 0.00063 ( 1)
 109 Q   0.35106 0.62968 0.00536 0.01389 ( 2)
 110 Q   0.97686 0.00509 0.01793 0.00011 ( 1)
 111 L   0.60790 0.36035 0.01966 0.01208 ( 1)
 112 L   0.96169 0.01682 0.02107 0.00042 ( 1)
 113 L   0.42705 0.53271 0.01721 0.02303 ( 2)
 114 V   0.93398 0.04975 0.01517 0.00110 ( 1)
 115 Y   0.98370 0.00217 0.01409 0.00004 ( 1)
 116 A   0.95047 0.03414 0.01473 0.00067 ( 1)
 117 Q   0.90434 0.07017 0.02349 0.00199 ( 1)
 118 A   0.97901 0.00806 0.01278 0.00014 ( 1)
 119 A   0.94744 0.03715 0.01468 0.00073 ( 1)
 120 N   0.95854 0.02725 0.01370 0.00050 ( 1)
 121 M   0.60986 0.35771 0.02005 0.01238 ( 1)
 122 H   0.98666 0.00101 0.01232 0.00002 ( 1)
 123 L   0.95718 0.01785 0.02445 0.00053 ( 1)
 124 L   0.95506 0.02386 0.02048 0.00060 ( 1)
 125 V   0.89911 0.08017 0.01874 0.00198 ( 1)
 126 L   0.96275 0.01677 0.02008 0.00041 ( 1)
 127 R   0.94398 0.03406 0.02110 0.00086 ( 1)
 128 D   0.98739 0.00111 0.01148 0.00002 ( 1)
 129 A   0.97264 0.01431 0.01277 0.00028 ( 1)
 130 V   0.92554 0.06001 0.01316 0.00129 ( 1)
 131 I   0.92086 0.06246 0.01530 0.00138 ( 1)
 132 H   0.76528 0.22068 0.00976 0.00429 ( 1)
 133 G   0.95979 0.01531 0.02446 0.00043 ( 1)
 134 E   0.00016 0.68267 0.01538 0.30179 ( 2)
 135 A   0.03690 0.93509 0.00098 0.02703 ( 2)
 136 W   0.93483 0.03771 0.02631 0.00114 ( 1)
 137 G   0.97909 0.00478 0.01603 0.00010 ( 1)
 138 Y   0.06358 0.90803 0.00167 0.02672 ( 2)
 139 K   0.15275 0.82787 0.00222 0.01716 ( 2)
 140 S   0.00013 0.75191 0.00363 0.24434 ( 2)
 141 V   0.39507 0.32651 0.25297 0.02545 ( 1)
 142 T   0.83694 0.13704 0.02208 0.00394 ( 1)
 143 V   0.24955 0.72308 0.00622 0.02116 ( 2)
 144 D   0.01639 0.94559 0.00221 0.03580 ( 2)
 145 G   0.46786 0.44362 0.06848 0.02004 ( 1)
 146 F   0.01577 0.89508 0.00699 0.08216 ( 2)
 147 Y   0.98370 0.00217 0.01409 0.00004 ( 1)
 148 D   0.04387 0.58466 0.22578 0.14570 ( 2)
 149 R   0.92409 0.05899 0.01569 0.00122 ( 1)
 150 Q   0.85403 0.12148 0.02112 0.00336 ( 1)
 151 V   0.94970 0.03407 0.01548 0.00075 ( 1)
 152 C   0.14386 0.83851 0.00208 0.01555 ( 2)
 153 L   0.90865 0.06032 0.02900 0.00203 ( 1)
 154 I   0.89406 0.07162 0.03144 0.00288 ( 1)
 155 D   0.35374 0.61081 0.01385 0.02160 ( 2)
 156 A   0.85272 0.13147 0.01323 0.00259 ( 1)
 157 Y   0.97834 0.00744 0.01408 0.00014 ( 1)
 158 T   0.94573 0.03710 0.01640 0.00076 ( 1)
 159 E   0.95581 0.03225 0.01131 0.00063 ( 1)
 160 H   0.98666 0.00101 0.01232 0.00002 ( 1)
 161 C   0.98214 0.00374 0.01405 0.00007 ( 1)
 162 M   0.13700 0.76809 0.04556 0.04934 ( 2)
 163 T   0.00205 0.95688 0.00010 0.04097 ( 2)
 164 F   0.97355 0.00236 0.02402 0.00007 ( 1)
 165 Y   0.98370 0.00217 0.01409 0.00004 ( 1)
 166 R   0.93171 0.05293 0.01433 0.00103 ( 1)
 167 Q   0.95765 0.01698 0.02488 0.00048 ( 1)
 168 G   0.98566 0.00165 0.01267 0.00003 ( 1)
 169 L   0.93298 0.03243 0.03336 0.00123 ( 1)
 170 Q   0.27596 0.68018 0.01515 0.02871 ( 2)
 171 D   0.95394 0.02654 0.01890 0.00062 ( 1)
 172 L   0.69909 0.27953 0.01455 0.00683 ( 1)
 173 R   0.89194 0.08594 0.01995 0.00216 ( 1)
 174 N   0.00352 0.95782 0.00014 0.03852 ( 2)
 175 R   0.41120 0.57010 0.00648 0.01222 ( 2)
 176 G   0.32742 0.64602 0.00839 0.01817 ( 2)
 177 N   0.98640 0.00210 0.01145 0.00004 ( 1)
 178 -   0.66401 0.29122 0.03119 0.01358 ( 1)
 179 -   0.28776 0.66747 0.01358 0.03119 ( 2)
 180 W   0.93483 0.03771 0.02631 0.00114 ( 1)
 181 N   0.95605 0.03207 0.01113 0.00075 ( 1)
 182 A   0.87215 0.11209 0.01356 0.00220 ( 1)
 183 F   0.96123 0.01365 0.02474 0.00038 ( 1)
 184 N   0.98640 0.00210 0.01145 0.00004 ( 1)
 185 N   0.98528 0.00335 0.01131 0.00006 ( 1)
 186 Y   0.98370 0.00217 0.01409 0.00004 ( 1)
 187 R   0.98255 0.00223 0.01518 0.00004 ( 1)
 188 R   0.98234 0.00252 0.01509 0.00005 ( 1)
 189 N   0.22452 0.72969 0.01441 0.03139 ( 2)
 190 M   0.98529 0.00096 0.01373 0.00002 ( 1)
 191 T   0.95370 0.02335 0.02221 0.00073 ( 1)
 192 I   0.79088 0.19426 0.01049 0.00438 ( 1)
 193 A   0.13557 0.72235 0.01459 0.12749 ( 2)
 194 L   0.91740 0.06593 0.01513 0.00154 ( 1)
 195 L   0.95453 0.02048 0.02441 0.00058 ( 1)
 196 D   0.98612 0.00220 0.01164 0.00004 ( 1)
 197 I   0.82064 0.14275 0.03038 0.00623 ( 1)
 198 I   0.97867 0.00829 0.01288 0.00016 ( 1)
 199 S   0.96115 0.02395 0.01445 0.00045 ( 1)
 200 L   0.96500 0.01462 0.02003 0.00036 ( 1)
 201 F   0.98609 0.00127 0.01262 0.00002 ( 1)
 202 S   0.58253 0.39410 0.01313 0.01025 ( 1)
 203 N   0.65251 0.33381 0.00751 0.00617 ( 1)

