Supplemental results for CODEML (seqf: algn  treef: tree)


dN/dS (w) for site classes (K=4)

site class             0        1       2a       2b
proportion       0.53334  0.32043  0.09135  0.05488
background w     0.06627  0.46015  0.06627  0.46015
foreground w     0.06627  0.46015  9.53573  9.53573

Naive Empirical Bayes (NEB) probabilities for 4 classes
(amino acids refer to 1st sequence: BT_Cry1A-like)

   1 -   0.53334 0.32043 0.09135 0.05488 ( 1)
   2 -   0.53334 0.32043 0.09135 0.05488 ( 1)
   3 -   0.04184 0.81193 0.00717 0.13906 ( 2)
   4 S   0.01192 0.84185 0.00204 0.14419 ( 2)
   5 A   0.53816 0.31561 0.09217 0.05406 ( 1)
   6 E   0.00262 0.85115 0.00045 0.14578 ( 2)
   7 F   0.76776 0.08601 0.13150 0.01473 ( 1)
   8 N   0.00389 0.84988 0.00067 0.14556 ( 2)
   9 N   0.53422 0.31955 0.09150 0.05473 ( 1)
  10 I   0.11689 0.73688 0.02002 0.12621 ( 2)
  11 I   0.79951 0.05426 0.13694 0.00929 ( 1)
  12 P   0.76421 0.08956 0.13089 0.01534 ( 1)
  13 S   0.45756 0.29971 0.22886 0.01387 ( 1)
  14 S   0.43689 0.55997 0.00098 0.00216 ( 2)
  15 Q   0.00000 0.49352 0.00002 0.50646 ( 4)
  16 I   0.98538 0.00442 0.01014 0.00007 ( 1)
  17 T   0.98193 0.00284 0.01518 0.00005 ( 1)
  18 Q   0.99040 0.00512 0.00445 0.00003 ( 1)
  19 I   0.99454 0.00085 0.00460 0.00001 ( 1)
  20 P   0.96741 0.00207 0.03044 0.00007 ( 1)
  21 L   0.00306 0.98973 0.00002 0.00719 ( 2)
  22 T   0.98237 0.01392 0.00363 0.00008 ( 1)
  23 K   0.95681 0.03610 0.00679 0.00030 ( 1)
  24 S   0.10454 0.89028 0.00035 0.00483 ( 2)
  25 T   0.00000 0.98788 0.00000 0.01212 ( 2)
  26 N   0.00877 0.98733 0.00002 0.00388 ( 2)
  27 L   0.38353 0.61384 0.00081 0.00182 ( 2)
  28 G   0.00000 0.99640 0.00000 0.00360 ( 2)
  29 S   0.15342 0.83919 0.00092 0.00646 ( 2)
  30 G   0.99370 0.00401 0.00228 0.00001 ( 1)
  31 T   0.00104 0.97969 0.00002 0.01925 ( 2)
  32 S   0.00074 0.97597 0.00001 0.02327 ( 2)
  33 V   0.85987 0.00163 0.13844 0.00006 ( 1)
  34 V   0.89514 0.10170 0.00268 0.00048 ( 1)
  35 K   0.00654 0.95850 0.00106 0.03390 ( 2)
  36 G   0.99583 0.00086 0.00331 0.00000 ( 1)
  37 P   0.99090 0.00585 0.00322 0.00003 ( 1)
  38 G   0.98177 0.00499 0.01315 0.00009 ( 1)
  39 F   0.99748 0.00015 0.00238 0.00000 ( 1)
  40 T   0.99392 0.00079 0.00528 0.00001 ( 1)
  41 G   0.99746 0.00026 0.00229 0.00000 ( 1)
  42 G   0.96228 0.00793 0.02953 0.00026 ( 1)
  43 D   0.99777 0.00039 0.00183 0.00000 ( 1)
  44 I   0.97850 0.00651 0.01487 0.00012 ( 1)
  45 L   0.99672 0.00117 0.00211 0.00000 ( 1)
  46 R   0.14823 0.83630 0.00209 0.01338 ( 2)
  47 R   0.96114 0.03603 0.00268 0.00015 ( 1)
  48 T   0.89301 0.08295 0.02181 0.00224 ( 1)
  49 S   0.00108 0.99478 0.00000 0.00413 ( 2)
  50 P   0.01424 0.90252 0.00610 0.07714 ( 2)
  51 G   0.70159 0.00526 0.29274 0.00041 ( 1)
  52 Q   0.00004 0.76389 0.00012 0.23594 ( 2)
  53 I   0.99723 0.00039 0.00238 0.00000 ( 1)
  54 S   0.00013 0.89035 0.00009 0.10943 ( 2)
  55 T   0.94721 0.05090 0.00175 0.00015 ( 1)
  56 L   0.00051 0.99504 0.00002 0.00444 ( 2)
  57 R   0.87854 0.11829 0.00270 0.00047 ( 1)
  58 V   0.21435 0.78065 0.00079 0.00422 ( 2)
  59 N   0.98850 0.00520 0.00625 0.00004 ( 1)
  60 -   0.53334 0.32043 0.09135 0.05488 ( 1)
  61 I   0.99550 0.00024 0.00426 0.00000 ( 1)
  62 T   0.02176 0.96854 0.00011 0.00959 ( 2)
  63 A   0.00002 0.99427 0.00000 0.00571 ( 2)
  64 P   0.04320 0.95250 0.00014 0.00416 ( 2)
  65 L   0.88210 0.10839 0.00827 0.00123 ( 1)
  66 S   0.97692 0.01707 0.00588 0.00013 ( 1)
  67 Q   0.77102 0.22428 0.00346 0.00123 ( 1)
  68 R   0.99668 0.00050 0.00282 0.00000 ( 1)
  69 Y   0.99682 0.00042 0.00276 0.00000 ( 1)
  70 R   0.92406 0.04700 0.02742 0.00151 ( 1)
  71 V   0.99530 0.00102 0.00367 0.00001 ( 1)
  72 R   0.97758 0.01495 0.00734 0.00013 ( 1)
  73 I   0.99442 0.00131 0.00426 0.00001 ( 1)
  74 R   0.79301 0.20472 0.00169 0.00058 ( 1)
  75 Y   0.99555 0.00168 0.00276 0.00001 ( 1)
  76 A   0.99704 0.00003 0.00293 0.00000 ( 1)
  77 S   0.90129 0.09541 0.00287 0.00043 ( 1)
  78 T   0.99021 0.00015 0.00964 0.00000 ( 1)
  79 T   0.20211 0.00045 0.79724 0.00020 ( 3)
  80 N   0.85218 0.00988 0.13751 0.00043 ( 1)
  81 L   0.97774 0.01722 0.00493 0.00011 ( 1)
  82 Q   0.80366 0.19167 0.00361 0.00106 ( 1)
  83 F   0.98836 0.00183 0.00978 0.00002 ( 1)
  84 H   0.00203 0.95942 0.00041 0.03813 ( 2)
  85 T   0.82586 0.16251 0.00916 0.00246 ( 1)
  86 S   0.00000 0.08649 0.00005 0.91347 ( 4)
  87 I   0.99431 0.00143 0.00426 0.00001 ( 1)
  88 D   0.18780 0.79914 0.00192 0.01114 ( 2)
  89 G   0.99590 0.00080 0.00330 0.00000 ( 1)
  90 R   0.24736 0.05841 0.67118 0.02304 ( 3)
  91 P   0.14916 0.70621 0.07058 0.07406 ( 2)
  92 I   0.98026 0.01541 0.00421 0.00011 ( 1)
  93 N   0.99760 0.00001 0.00238 0.00000 ( 1)
  94 Q   0.00000 0.01201 0.00004 0.98795 ( 4)
  95 G   0.05243 0.06957 0.75570 0.12230 ( 3)
  96 N   0.98983 0.00777 0.00236 0.00003 ( 1)
  97 F   0.98193 0.00833 0.00965 0.00010 ( 1)
  98 S   0.00000 0.84754 0.00000 0.15245 ( 2)
  99 A   0.00084 0.05585 0.44155 0.50176 ( 4)
 100 T   0.99553 0.00005 0.00442 0.00000 ( 1)
 101 M   0.94054 0.05850 0.00088 0.00008 ( 1)
 102 S   0.02052 0.83101 0.01827 0.13020 ( 2)
 103 S   0.00628 0.97624 0.00009 0.01739 ( 2)
 104 G   0.08726 0.88075 0.00268 0.02931 ( 2)
 105 S   0.00000 0.83055 0.00000 0.16945 ( 2)
 106 N   0.03447 0.92911 0.00438 0.03205 ( 2)
 107 L   0.99152 0.00346 0.00500 0.00002 ( 1)
 108 Q   0.00774 0.95278 0.00031 0.03917 ( 2)
 109 S   0.00142 0.54968 0.00720 0.44170 ( 2)
 110 A   0.00196 0.99110 0.00001 0.00693 ( 2)
 111 S   0.00000 0.90697 0.00000 0.09303 ( 2)
 112 F   0.98939 0.00125 0.00935 0.00001 ( 1)
 113 R   0.97999 0.01253 0.00737 0.00011 ( 1)
 114 T   0.01373 0.00332 0.97975 0.00319 ( 3)
 115 V   0.00064 0.98310 0.00001 0.01625 ( 2)
 116 G   0.95449 0.04305 0.00231 0.00016 ( 1)
 117 F   0.99754 0.00008 0.00238 0.00000 ( 1)
 118 T   0.99508 0.00049 0.00443 0.00000 ( 1)
 119 T   0.99553 0.00005 0.00442 0.00000 ( 1)
 120 P   0.99502 0.00173 0.00324 0.00001 ( 1)
 121 F   0.99754 0.00008 0.00238 0.00000 ( 1)
 122 N   0.03630 0.89940 0.00243 0.06187 ( 2)
 123 F   0.99691 0.00071 0.00237 0.00000 ( 1)
 124 S   0.02432 0.95766 0.00037 0.01766 ( 2)
 125 N   0.00175 0.12170 0.53290 0.34365 ( 3)
 126 G   0.00003 0.04501 0.02452 0.93044 ( 4)
 127 S   0.00000 0.08892 0.00056 0.91052 ( 4)
 128 S   0.00010 0.00106 0.92080 0.07803 ( 3)
 129 V   0.16416 0.82448 0.00151 0.00985 ( 2)
 130 F   0.98825 0.00195 0.00978 0.00002 ( 1)
 131 T   0.00049 0.00020 0.99384 0.00548 ( 3)
 132 L   0.00602 0.00563 0.96571 0.02264 ( 3)
 133 S   0.04458 0.31809 0.43955 0.19778 ( 3)
 134 A   0.09905 0.72713 0.07264 0.10118 ( 2)
 135 H   0.00000 0.39656 0.00038 0.60306 ( 4)
 136 V   0.00000 0.04544 0.00000 0.95455 ( 4)
 137 F   0.97274 0.01743 0.00963 0.00020 ( 1)
 138 N   0.91511 0.08011 0.00426 0.00051 ( 1)
 139 S   0.00288 0.80163 0.00395 0.19154 ( 2)
 140 G   0.00006 0.00121 0.93819 0.06054 ( 3)
 141 -   0.53334 0.32043 0.09135 0.05488 ( 1)
 142 N   0.09237 0.60785 0.13662 0.16317 ( 2)
 143 E   0.97546 0.02223 0.00224 0.00007 ( 1)
 144 V   0.99453 0.00248 0.00298 0.00001 ( 1)
 145 Y   0.95602 0.04118 0.00265 0.00016 ( 1)
 146 I   0.99248 0.00296 0.00454 0.00002 ( 1)
 147 D   0.99535 0.00281 0.00183 0.00001 ( 1)
 148 R   0.10936 0.32508 0.38977 0.17579 ( 3)
 149 I   0.99550 0.00024 0.00426 0.00000 ( 1)
 150 E   0.99747 0.00024 0.00229 0.00000 ( 1)
 151 F   0.99756 0.00006 0.00238 0.00000 ( 1)
 152 V   0.99400 0.00141 0.00458 0.00001 ( 1)
 153 -   0.69793 0.15584 0.11954 0.02669 ( 1)


lnL = -4755.286632

