Supplemental results for CODEML (seqf: algn  treef: tree)


dN/dS (w) for site classes (K=4)

site class             0        1       2a       2b
proportion       0.34638  0.53814  0.04522  0.07026
background w     0.08268  1.00000  0.08268  1.00000
foreground w     0.08268  1.00000  1.00000  1.00000

Naive Empirical Bayes (NEB) probabilities for 4 classes
(amino acids refer to 1st sequence: BT_Cry1Be1)

   1 -   0.45495 0.41773 0.07278 0.05454 ( 1)
   2 S   0.00187 0.87875 0.00465 0.11473 ( 2)
   3 D   0.99448 0.00025 0.00524 0.00003 ( 1)
   4 S   0.41403 0.50860 0.01097 0.06640 ( 2)
   5 I   0.98931 0.00136 0.00915 0.00018 ( 1)
   6 T   0.95074 0.03377 0.01108 0.00441 ( 1)
   7 Q   0.02159 0.77866 0.09809 0.10166 ( 2)
   8 I   0.08527 0.52970 0.31587 0.06916 ( 2)
   9 P   0.79104 0.00775 0.20020 0.00101 ( 1)
  10 L   0.01949 0.86282 0.00504 0.11265 ( 2)
  11 V   0.37480 0.04394 0.57552 0.00574 ( 3)
  12 K   0.99219 0.00025 0.00752 0.00003 ( 1)
  13 S   0.15228 0.72416 0.02901 0.09454 ( 2)
  14 F   0.00396 0.88006 0.00109 0.11490 ( 2)
  15 N   0.00054 0.88348 0.00064 0.11534 ( 2)
  16 L   0.68289 0.20163 0.08916 0.02632 ( 1)
  17 N   0.00017 0.87845 0.00670 0.11469 ( 2)
  18 S   0.00126 0.86186 0.02436 0.11252 ( 2)
  19 G   0.00081 0.81974 0.07243 0.10702 ( 2)
  20 T   0.30018 0.57456 0.05025 0.07501 ( 2)
  21 S   0.41459 0.51092 0.00778 0.06670 ( 2)
  22 V   0.99125 0.00037 0.00834 0.00005 ( 1)
  23 V   0.87384 0.10207 0.01076 0.01333 ( 1)
  24 S   0.00259 0.88208 0.00016 0.11516 ( 2)
  25 G   0.98721 0.00070 0.01200 0.00009 ( 1)
  26 P   0.98839 0.00022 0.01136 0.00003 ( 1)
  27 G   0.98556 0.00074 0.01360 0.00010 ( 1)
  28 F   0.86528 0.00263 0.13175 0.00034 ( 1)
  29 T   0.78147 0.01735 0.19891 0.00226 ( 1)
  30 G   0.98610 0.00065 0.01316 0.00009 ( 1)
  31 G   0.96869 0.00360 0.02724 0.00047 ( 1)
  32 D   0.30775 0.13759 0.53669 0.01796 ( 3)
  33 I   0.48748 0.36798 0.09650 0.04804 ( 1)
  34 I   0.92881 0.05490 0.00912 0.00717 ( 1)
  35 R   0.75308 0.12539 0.10516 0.01637 ( 1)
  36 T   0.40265 0.48187 0.05257 0.06291 ( 2)
  37 N   0.06132 0.82320 0.00801 0.10747 ( 2)
  38 V   0.00825 0.87628 0.00108 0.11440 ( 2)
  39 N   0.03301 0.85151 0.00431 0.11117 ( 2)
  40 -   0.34638 0.53814 0.04522 0.07026 ( 2)
  41 -   0.34638 0.53814 0.04522 0.07026 ( 2)
  42 -   0.34638 0.53814 0.04522 0.07026 ( 2)
  43 G   0.77157 0.19268 0.01060 0.02516 ( 1)
  44 S   0.00437 0.87973 0.00104 0.11485 ( 2)
  45 V   0.26903 0.58516 0.06941 0.07640 ( 2)
  46 L   0.00000 0.88438 0.00016 0.11546 ( 2)
  47 S   0.04340 0.84266 0.00393 0.11001 ( 2)
  48 M   0.00315 0.88063 0.00126 0.11497 ( 2)
  49 G   0.00033 0.88410 0.00015 0.11542 ( 2)
  50 L   0.09748 0.78235 0.01803 0.10214 ( 2)
  51 N   0.00556 0.85408 0.02886 0.11150 ( 2)
  52 F   0.05559 0.81005 0.02860 0.10576 ( 2)
  53 N   0.31825 0.59574 0.00824 0.07778 ( 2)
  54 N   0.00068 0.88390 0.00001 0.11540 ( 2)
  55 -   0.55738 0.38368 0.00885 0.05009 ( 1)
  56 -   0.00814 0.81662 0.06862 0.10661 ( 2)
  57 -   0.01849 0.80810 0.06791 0.10550 ( 2)
  58 T   0.00004 0.88424 0.00028 0.11544 ( 2)
  59 S   0.00963 0.78655 0.10114 0.10269 ( 2)
  60 L   0.00001 0.88422 0.00033 0.11544 ( 2)
  61 Q   0.00989 0.87565 0.00014 0.11432 ( 2)
  62 R   0.06131 0.81817 0.01371 0.10682 ( 2)
  63 Y   0.98894 0.00023 0.01080 0.00003 ( 1)
  64 R   0.79132 0.17226 0.01393 0.02249 ( 1)
  65 V   0.04145 0.76517 0.09348 0.09990 ( 2)
  66 R   0.98478 0.00026 0.01492 0.00003 ( 1)
  67 V   0.98514 0.00554 0.00860 0.00072 ( 1)
  68 R   0.93229 0.00258 0.06480 0.00034 ( 1)
  69 Y   0.98894 0.00023 0.01080 0.00003 ( 1)
  70 A   0.95730 0.00098 0.04159 0.00013 ( 1)
  71 A   0.97939 0.01098 0.00819 0.00143 ( 1)
  72 S   0.34239 0.57771 0.00448 0.07542 ( 2)
  73 Q   0.00107 0.88333 0.00028 0.11532 ( 2)
  74 T   0.00151 0.88269 0.00056 0.11524 ( 2)
  75 M   0.00077 0.88352 0.00036 0.11535 ( 2)
  76 V   0.00693 0.87754 0.00096 0.11457 ( 2)
  77 L   0.97134 0.01634 0.01019 0.00213 ( 1)
  78 R   0.08927 0.69397 0.12615 0.09060 ( 2)
  79 V   0.54572 0.13336 0.30351 0.01741 ( 1)
  80 T   0.00201 0.85400 0.03250 0.11149 ( 2)
  81 V   0.00010 0.88338 0.00119 0.11533 ( 2)
  82 G   0.00002 0.87802 0.00733 0.11463 ( 2)
  83 -   0.00288 0.79819 0.09472 0.10421 ( 2)
  84 -   0.34638 0.53814 0.04522 0.07026 ( 2)
  85 -   0.34638 0.53814 0.04522 0.07026 ( 2)
  86 G   0.00468 0.83148 0.05529 0.10855 ( 2)
  87 S   0.00014 0.88350 0.00101 0.11535 ( 2)
  88 T   0.00707 0.87606 0.00249 0.11437 ( 2)
  89 T   0.00172 0.87525 0.00876 0.11427 ( 2)
  90 F   0.04910 0.83757 0.00399 0.10935 ( 2)
  91 D   0.03394 0.82488 0.03349 0.10769 ( 2)
  92 Q   0.00002 0.88298 0.00172 0.11528 ( 2)
  93 G   0.00000 0.88452 0.00000 0.11548 ( 2)
  94 F   0.86841 0.00355 0.12758 0.00046 ( 1)
  95 P   0.00195 0.88230 0.00056 0.11519 ( 2)
  96 S   0.03347 0.85426 0.00074 0.11153 ( 2)
  97 T   0.98911 0.00054 0.01027 0.00007 ( 1)
  98 M   0.99256 0.00003 0.00741 0.00000 ( 1)
  99 S   0.02021 0.86641 0.00026 0.11312 ( 2)
 100 A   0.00036 0.88418 0.00003 0.11543 ( 2)
 101 N   0.65713 0.27590 0.03095 0.03602 ( 1)
 102 E   0.00870 0.87423 0.00294 0.11414 ( 2)
 103 S   0.84244 0.00416 0.15285 0.00054 ( 1)
 104 L   0.60209 0.10572 0.27839 0.01380 ( 1)
 105 T   0.97509 0.01245 0.01084 0.00162 ( 1)
 106 S   0.38607 0.48150 0.06957 0.06286 ( 2)
 107 Q   0.05860 0.83220 0.00055 0.10865 ( 2)
 108 S   0.30134 0.60284 0.01712 0.07870 ( 2)
 109 F   0.99297 0.00007 0.00695 0.00001 ( 1)
 110 R   0.89629 0.07317 0.02099 0.00955 ( 1)
 111 F   0.98182 0.00331 0.01444 0.00043 ( 1)
 112 A   0.80098 0.16185 0.01604 0.02113 ( 1)
 113 E   0.00476 0.87968 0.00071 0.11485 ( 2)
 114 F   0.15130 0.03706 0.80680 0.00484 ( 3)
 115 P   0.00282 0.83272 0.05574 0.10872 ( 2)
 116 V   0.03264 0.83144 0.02737 0.10855 ( 2)
 117 G   0.00689 0.87388 0.00513 0.11409 ( 2)
 118 I   0.02667 0.85288 0.00909 0.11135 ( 2)
 119 S   0.00000 0.88443 0.00010 0.11547 ( 2)
 120 -   0.66344 0.22108 0.08662 0.02886 ( 1)
 121 A   0.00918 0.87534 0.00120 0.11428 ( 2)
 122 S   0.01194 0.87258 0.00156 0.11392 ( 2)
 123 G   0.00505 0.87947 0.00066 0.11482 ( 2)
 124 S   0.00055 0.88350 0.00060 0.11535 ( 2)
 125 Q   0.00003 0.88426 0.00027 0.11545 ( 2)
 126 T   0.00007 0.88361 0.00096 0.11536 ( 2)
 127 A   0.00001 0.88400 0.00058 0.11541 ( 2)
 128 G   0.20850 0.69450 0.00632 0.09067 ( 2)
 129 I   0.98978 0.00064 0.00949 0.00008 ( 1)
 130 -   0.34638 0.53814 0.04522 0.07026 ( 2)
 131 -   0.34638 0.53814 0.04522 0.07026 ( 2)
 132 S   0.01016 0.87436 0.00133 0.11415 ( 2)
 133 I   0.02729 0.85723 0.00356 0.11192 ( 2)
 134 S   0.00828 0.87625 0.00108 0.11440 ( 2)
 135 N   0.01304 0.80239 0.07981 0.10476 ( 2)
 136 N   0.00015 0.88417 0.00024 0.11543 ( 2)
 137 A   0.00000 0.88451 0.00001 0.11548 ( 2)
 138 G   0.00765 0.87667 0.00123 0.11445 ( 2)
 139 R   0.00001 0.88420 0.00035 0.11544 ( 2)
 140 Q   0.00042 0.88389 0.00029 0.11540 ( 2)
 141 T   0.01067 0.87160 0.00394 0.11379 ( 2)
 142 F   0.22757 0.57710 0.11999 0.07534 ( 2)
 143 H   0.93535 0.03520 0.02485 0.00460 ( 1)
 144 F   0.18984 0.67635 0.04550 0.08830 ( 2)
 145 D   0.99160 0.00091 0.00737 0.00012 ( 1)
 146 K   0.04655 0.83813 0.00590 0.10942 ( 2)
 147 I   0.85202 0.01977 0.12563 0.00258 ( 1)
 148 E   0.97793 0.00067 0.02131 0.00009 ( 1)
 149 F   0.72855 0.23443 0.00641 0.03061 ( 1)
 150 I   0.97824 0.00981 0.01067 0.00128 ( 1)
 151 -   0.34638 0.53814 0.04522 0.07026 ( 2)


lnL = -2561.412285

