Supplemental results for CODEML (seqf: algn  treef: tree)


dN/dS (w) for site classes (K=4)

site class             0        1       2a       2b
proportion       0.57742  0.34033  0.05175  0.03050
background w     0.05359  0.54005  0.05359  0.54005
foreground w     0.05359  0.54005  4.14737  4.14737

Naive Empirical Bayes (NEB) probabilities for 4 classes
(amino acids refer to 1st sequence: BT_Cry8Ab1)

   1 P   0.78878 0.19962 0.00857 0.00304 ( 1)
   2 F   0.93571 0.05785 0.00562 0.00082 ( 1)
   3 A   0.00723 0.86366 0.00700 0.12211 ( 2)
   4 S   0.00951 0.97568 0.00006 0.01475 ( 2)
   5 Q   0.29368 0.69297 0.00290 0.01045 ( 2)
   6 I   0.95089 0.04217 0.00620 0.00074 ( 1)
   7 V   0.45953 0.50813 0.01198 0.02035 ( 2)
   8 S   0.52203 0.47388 0.00142 0.00267 ( 1)
   9 F   0.93571 0.05785 0.00562 0.00082 ( 1)
  10 Y   0.89995 0.09247 0.00632 0.00125 ( 1)
  11 N   0.00489 0.50646 0.19393 0.29472 ( 2)
  12 F   0.87918 0.11205 0.00732 0.00144 ( 1)
  13 I   0.37420 0.37235 0.21935 0.03410 ( 1)
  14 L   0.16435 0.72551 0.02023 0.08991 ( 2)
  15 D   0.11060 0.80924 0.03270 0.04746 ( 2)
  16 Q   0.01035 0.23361 0.57781 0.17823 ( 3)
  17 L   0.82698 0.15323 0.01564 0.00415 ( 1)
  18 W   0.75403 0.23100 0.01076 0.00421 ( 1)
  19 P   0.90827 0.08694 0.00403 0.00076 ( 1)
  20 S   0.01584 0.24140 0.60745 0.13532 ( 3)
  21 N   0.55605 0.43140 0.00497 0.00758 ( 1)
  22 S   0.00459 0.66491 0.09152 0.23899 ( 2)
  23 V   0.02951 0.45784 0.39730 0.11536 ( 2)
  24 S   0.02204 0.27977 0.59169 0.10650 ( 3)
  25 V   0.12638 0.81788 0.01997 0.03577 ( 2)
  26 W   0.75403 0.23100 0.01076 0.00421 ( 1)
  27 E   0.93134 0.05968 0.00782 0.00116 ( 1)
  28 Q   0.00022 0.59288 0.01106 0.39585 ( 2)
  29 I   0.32804 0.34808 0.27965 0.04423 ( 2)
  30 M   0.59728 0.39891 0.00152 0.00229 ( 1)
  31 T   0.02605 0.63723 0.08747 0.24924 ( 2)
  32 L   0.33832 0.64201 0.00503 0.01464 ( 2)
  33 V   0.84021 0.14557 0.01119 0.00303 ( 1)
  34 E   0.91960 0.07012 0.00894 0.00134 ( 1)
  35 E   0.56642 0.41574 0.00732 0.01051 ( 1)
  36 L   0.89982 0.09337 0.00563 0.00118 ( 1)
  37 V   0.46308 0.50840 0.01113 0.01739 ( 2)
  38 D   0.56481 0.32968 0.09317 0.01235 ( 1)
  39 Q   0.87247 0.12089 0.00537 0.00128 ( 1)
  40 K   0.40534 0.37522 0.19068 0.02876 ( 1)
  41 I   0.95089 0.04217 0.00620 0.00074 ( 1)
  42 T   0.92834 0.06634 0.00459 0.00073 ( 1)
  43 E   0.56642 0.41574 0.00732 0.01051 ( 1)
  44 Y   0.08313 0.85762 0.01743 0.04182 ( 2)
  45 A   0.56809 0.41540 0.00669 0.00982 ( 1)
  46 R   0.89594 0.09936 0.00386 0.00084 ( 1)
  47 N   0.59719 0.39178 0.00449 0.00655 ( 1)
  48 K   0.05496 0.73727 0.07063 0.13714 ( 2)
  49 A   0.91879 0.07310 0.00690 0.00121 ( 1)
  50 L   0.36734 0.62218 0.00247 0.00801 ( 2)
  51 A   0.92584 0.06561 0.00736 0.00120 ( 1)
  52 E   0.08057 0.82987 0.03555 0.05401 ( 2)
  53 L   0.84696 0.13613 0.01353 0.00338 ( 1)
  54 K   0.06558 0.91789 0.00070 0.01582 ( 2)
  55 G   0.92138 0.07326 0.00457 0.00078 ( 1)
  56 L   0.86501 0.12265 0.00992 0.00242 ( 1)
  57 G   0.92370 0.07095 0.00458 0.00076 ( 1)
  58 D   0.56061 0.42722 0.00477 0.00740 ( 1)
  59 A   0.04564 0.73461 0.06029 0.15946 ( 2)
  60 L   0.05231 0.87758 0.01738 0.05273 ( 2)
  61 G   0.00083 0.95137 0.00016 0.04763 ( 2)
  62 V   0.92505 0.06246 0.01083 0.00166 ( 1)
  63 Y   0.89995 0.09247 0.00632 0.00125 ( 1)
  64 Q   0.80093 0.18833 0.00791 0.00283 ( 1)
  65 Q   0.02322 0.71778 0.07176 0.18724 ( 2)
  66 S   0.85784 0.12524 0.01383 0.00308 ( 1)
  67 L   0.90939 0.08467 0.00500 0.00093 ( 1)
  68 E   0.08243 0.81084 0.03994 0.06679 ( 2)
  69 A   0.09569 0.88423 0.00097 0.01911 ( 2)
  70 W   0.75403 0.23100 0.01076 0.00421 ( 1)
  71 L   0.27442 0.70642 0.00404 0.01512 ( 2)
  72 E   0.05192 0.73736 0.07711 0.13361 ( 2)
  73 N   0.56002 0.33489 0.09232 0.01277 ( 1)
  74 R   0.32697 0.65644 0.00400 0.01259 ( 2)
  75 N   0.94114 0.05370 0.00454 0.00063 ( 1)
  76 D   0.90401 0.08806 0.00650 0.00143 ( 1)
  77 T   0.56447 0.42785 0.00281 0.00486 ( 1)
  78 R   0.87364 0.09972 0.02243 0.00421 ( 1)
  79 A   0.00686 0.72251 0.09336 0.17727 ( 2)
  80 R   0.02009 0.16754 0.68416 0.12821 ( 3)
  81 S   0.91655 0.08053 0.00248 0.00045 ( 1)
  82 V   0.91296 0.07540 0.00992 0.00172 ( 1)
  83 V   0.90281 0.08464 0.01054 0.00200 ( 1)
  84 S   0.00022 0.56360 0.01601 0.42017 ( 2)
  85 N   0.06894 0.85967 0.02018 0.05121 ( 2)
  86 Q   0.87247 0.12089 0.00537 0.00128 ( 1)
  87 F   0.53599 0.44778 0.00565 0.01058 ( 1)
  88 I   0.01839 0.96380 0.00012 0.01769 ( 2)
  89 A   0.88027 0.11150 0.00657 0.00166 ( 1)
  90 L   0.86620 0.12147 0.00994 0.00239 ( 1)
  91 E   0.07979 0.84323 0.02746 0.04951 ( 2)
  92 L   0.90859 0.08547 0.00500 0.00094 ( 1)
  93 D   0.94286 0.05023 0.00610 0.00081 ( 1)
  94 F   0.93571 0.05785 0.00562 0.00082 ( 1)
  95 V   0.91296 0.07540 0.00992 0.00172 ( 1)
  96 G   0.00007 0.86297 0.00043 0.13653 ( 2)
  97 A   0.08122 0.85462 0.00334 0.06082 ( 2)
  98 I   0.87057 0.12024 0.00727 0.00192 ( 1)
  99 P   0.90827 0.08694 0.00403 0.00076 ( 1)
 100 S   0.16878 0.45717 0.28852 0.08553 ( 2)
 101 F   0.93571 0.05785 0.00562 0.00082 ( 1)
 102 A   0.93528 0.05726 0.00652 0.00094 ( 1)
 103 V   0.12286 0.82532 0.01656 0.03526 ( 2)
 104 S   0.01261 0.22961 0.60646 0.15133 ( 3)
 105 G   0.88517 0.10833 0.00519 0.00130 ( 1)
 106 Q   0.78573 0.20209 0.00905 0.00314 ( 1)
 107 E   0.32040 0.37284 0.26220 0.04456 ( 2)
 108 V   0.92084 0.06465 0.01258 0.00194 ( 1)
 109 P   0.90827 0.08694 0.00403 0.00076 ( 1)
 110 L   0.86620 0.12147 0.00994 0.00239 ( 1)
 111 L   0.83503 0.13912 0.02079 0.00506 ( 1)
 112 A   0.06760 0.91065 0.00091 0.02085 ( 2)
 113 V   0.91107 0.07613 0.01089 0.00191 ( 1)
 114 Y   0.89740 0.09496 0.00634 0.00129 ( 1)
 115 A   0.93528 0.05726 0.00652 0.00094 ( 1)
 116 Q   0.83615 0.15584 0.00611 0.00190 ( 1)
 117 A   0.92101 0.07120 0.00668 0.00111 ( 1)
 118 V   0.28994 0.67915 0.00772 0.02319 ( 2)
 119 N   0.89817 0.09541 0.00519 0.00123 ( 1)
 120 M   0.28982 0.68661 0.00429 0.01928 ( 2)
 121 H   0.88022 0.11385 0.00468 0.00126 ( 1)
 122 L   0.83336 0.15325 0.01055 0.00284 ( 1)
 123 L   0.83307 0.15241 0.01113 0.00338 ( 1)
 124 L   0.86620 0.12147 0.00994 0.00239 ( 1)
 125 L   0.85404 0.13137 0.01156 0.00302 ( 1)
 126 R   0.38534 0.46027 0.12433 0.03006 ( 2)
 127 D   0.90401 0.08806 0.00650 0.00143 ( 1)
 128 A   0.91760 0.07071 0.01000 0.00169 ( 1)
 129 S   0.88023 0.11255 0.00581 0.00140 ( 1)
 130 I   0.37534 0.36853 0.22206 0.03407 ( 1)
 131 F   0.93571 0.05785 0.00562 0.00082 ( 1)
 132 G   0.91794 0.07660 0.00463 0.00083 ( 1)
 133 E   0.52188 0.45676 0.00749 0.01387 ( 1)
 134 E   0.37034 0.48943 0.11186 0.02837 ( 2)
 135 W   0.75403 0.23100 0.01076 0.00421 ( 1)
 136 G   0.92370 0.07095 0.00458 0.00076 ( 1)
 137 F   0.82054 0.17064 0.00674 0.00208 ( 1)
 138 T   0.55344 0.43888 0.00274 0.00494 ( 1)
 139 S   0.04489 0.72747 0.07160 0.15604 ( 2)
 140 S   0.00511 0.94312 0.00015 0.05161 ( 2)
 141 E   0.93134 0.05968 0.00782 0.00116 ( 1)
 142 I   0.92885 0.06396 0.00622 0.00097 ( 1)
 143 S   0.74398 0.23505 0.01509 0.00588 ( 1)
 144 T   0.41592 0.57525 0.00210 0.00673 ( 2)
 145 Y   0.34761 0.63720 0.00364 0.01155 ( 2)
 146 Y   0.86840 0.12327 0.00659 0.00175 ( 1)
 147 N   0.33370 0.64165 0.00712 0.01753 ( 2)
 148 R   0.87197 0.12409 0.00317 0.00077 ( 1)
 149 Q   0.85580 0.13657 0.00601 0.00162 ( 1)
 150 V   0.22915 0.48743 0.22071 0.06271 ( 2)
 151 Q   0.00748 0.92625 0.00218 0.06409 ( 2)
 152 L   0.29829 0.67458 0.00584 0.02129 ( 2)
 153 T   0.81399 0.16791 0.01428 0.00381 ( 1)
 154 S   0.43161 0.55116 0.00493 0.01230 ( 2)
 155 Q   0.27262 0.44868 0.22469 0.05401 ( 2)
 156 Y   0.81201 0.16816 0.01557 0.00425 ( 1)
 157 S   0.03446 0.81066 0.03341 0.12147 ( 2)
 158 D   0.56481 0.32968 0.09317 0.01235 ( 1)
 159 Y   0.87267 0.11484 0.01035 0.00213 ( 1)
 160 C   0.89211 0.10353 0.00356 0.00080 ( 1)
 161 V   0.32854 0.41817 0.20706 0.04624 ( 2)
 162 K   0.09193 0.32756 0.45548 0.12503 ( 3)
 163 W   0.75403 0.23100 0.01076 0.00421 ( 1)
 164 Y   0.84193 0.14903 0.00686 0.00218 ( 1)
 165 D   0.08584 0.90100 0.00049 0.01268 ( 2)
 166 T   0.85017 0.13884 0.00844 0.00255 ( 1)
 167 G   0.89423 0.10004 0.00468 0.00105 ( 1)
 168 L   0.86620 0.12147 0.00994 0.00239 ( 1)
 169 Q   0.00601 0.94785 0.00016 0.04599 ( 2)
 170 K   0.01647 0.08207 0.78241 0.11905 ( 3)
 171 L   0.86620 0.12147 0.00994 0.00239 ( 1)
 172 K   0.49885 0.38687 0.09932 0.01497 ( 1)
 173 G   0.90875 0.07766 0.01153 0.00205 ( 1)
 174 T   0.84153 0.14918 0.00705 0.00225 ( 1)
 175 S   0.05567 0.92169 0.00079 0.02185 ( 2)
 176 A   0.46232 0.40392 0.11457 0.01919 ( 1)
 177 E   0.44115 0.53917 0.00553 0.01415 ( 2)
 178 S   0.10096 0.89373 0.00027 0.00503 ( 2)
 179 W   0.75403 0.23100 0.01076 0.00421 ( 1)
 180 L   0.76415 0.20837 0.01961 0.00787 ( 1)
 181 E   0.04815 0.83387 0.03305 0.08494 ( 2)
 182 Y   0.89995 0.09247 0.00632 0.00125 ( 1)
 183 H   0.90679 0.08773 0.00456 0.00093 ( 1)
 184 Q   0.87247 0.12089 0.00537 0.00128 ( 1)
 185 F   0.82054 0.17064 0.00674 0.00208 ( 1)
 186 R   0.78589 0.20422 0.00707 0.00282 ( 1)
 187 R   0.91115 0.08500 0.00325 0.00061 ( 1)
 188 E   0.90052 0.08975 0.00801 0.00172 ( 1)
 189 M   0.93420 0.06306 0.00237 0.00036 ( 1)
 190 T   0.91264 0.08156 0.00491 0.00089 ( 1)
 191 F   0.04370 0.92663 0.00100 0.02867 ( 2)
 192 M   0.06704 0.84887 0.02535 0.05875 ( 2)
 193 V   0.92505 0.06246 0.01083 0.00166 ( 1)
 194 L   0.86620 0.12147 0.00994 0.00239 ( 1)
 195 D   0.94286 0.05023 0.00610 0.00081 ( 1)
 196 L   0.15915 0.42119 0.32214 0.09752 ( 2)
 197 V   0.90150 0.08416 0.01225 0.00208 ( 1)
 198 A   0.88320 0.10643 0.00869 0.00167 ( 1)
 199 L   0.85695 0.12481 0.01470 0.00355 ( 1)
 200 F   0.93571 0.05785 0.00562 0.00082 ( 1)
 201 P   0.90827 0.08694 0.00403 0.00076 ( 1)
 202 N   0.24682 0.50015 0.19343 0.05960 ( 2)


lnL = -1965.108490

