Supplemental results for CODEML (seqf: algn  treef: tree)


dN/dS (w) for site classes (K=4)

site class             0        1       2a       2b
proportion       0.51569  0.45462  0.01578  0.01391
background w     0.03899  1.00000  0.03899  1.00000
foreground w     0.03899  1.00000  1.00000  1.00000

Naive Empirical Bayes (NEB) probabilities for 4 classes
(amino acids refer to 1st sequence: BT_Cry4Ba1)

   1 Y   0.07296 0.89736 0.00223 0.02745 ( 2)
   2 T   0.66234 0.30798 0.02026 0.00942 ( 1)
   3 D   0.59166 0.37866 0.01810 0.01158 ( 1)
   4 A   0.08239 0.88793 0.00252 0.02716 ( 2)
   5 I   0.87571 0.09461 0.02679 0.00289 ( 1)
   6 T   0.90799 0.06232 0.02778 0.00191 ( 1)
   7 Q   0.04710 0.92322 0.00144 0.02824 ( 2)
   8 V   0.73009 0.24022 0.02234 0.00735 ( 1)
   9 P   0.93280 0.03752 0.02854 0.00115 ( 1)
  10 A   0.90290 0.06742 0.02762 0.00206 ( 1)
  11 V   0.92281 0.04751 0.02823 0.00145 ( 1)
  12 K   0.93904 0.03128 0.02873 0.00096 ( 1)
  13 S   0.94279 0.02753 0.02884 0.00084 ( 1)
  14 N   0.08551 0.88480 0.00262 0.02707 ( 2)
  15 F   0.06649 0.90383 0.00203 0.02765 ( 2)
  16 L   0.41350 0.55681 0.01265 0.01703 ( 2)
  17 N   0.69903 0.27128 0.02139 0.00830 ( 1)
  18 -   0.55147 0.41885 0.01687 0.01281 ( 1)
  19 -   0.52232 0.44799 0.01598 0.01371 ( 1)
  20 A   0.64450 0.32581 0.01972 0.00997 ( 1)
  21 T   0.91080 0.05952 0.02786 0.00182 ( 1)
  22 A   0.07287 0.89745 0.00223 0.02746 ( 2)
  23 K   0.06220 0.90812 0.00190 0.02778 ( 2)
  24 V   0.92281 0.04751 0.02823 0.00145 ( 1)
  25 I   0.59384 0.37648 0.01817 0.01152 ( 1)
  26 K   0.92483 0.04548 0.02829 0.00139 ( 1)
  27 G   0.94181 0.02851 0.02881 0.00087 ( 1)
  28 P   0.94766 0.02265 0.02899 0.00069 ( 1)
  29 G   0.94330 0.02701 0.02886 0.00083 ( 1)
  30 H   0.95699 0.01333 0.02928 0.00041 ( 1)
  31 T   0.91080 0.05952 0.02786 0.00182 ( 1)
  32 G   0.92726 0.04305 0.02837 0.00132 ( 1)
  33 G   0.92841 0.04191 0.02840 0.00128 ( 1)
  34 D   0.94746 0.02286 0.02898 0.00070 ( 1)
  35 L   0.92198 0.04834 0.02821 0.00148 ( 1)
  36 V   0.92625 0.04406 0.02834 0.00135 ( 1)
  37 A   0.21051 0.75981 0.00644 0.02324 ( 2)
  38 L   0.91795 0.05237 0.02808 0.00160 ( 1)
  39 T   0.65008 0.32024 0.01989 0.00980 ( 1)
  40 S   0.00262 0.96769 0.00008 0.02960 ( 2)
  41 N   0.93860 0.03172 0.02871 0.00097 ( 1)
  42 G   0.20351 0.76680 0.00623 0.02346 ( 2)
  43 T   0.20270 0.76762 0.00620 0.02348 ( 2)
  44 L   0.13605 0.83426 0.00416 0.02552 ( 2)
  45 S   0.05667 0.91365 0.00173 0.02795 ( 2)
  46 -   0.51569 0.45462 0.01578 0.01391 ( 1)
  47 G   0.03707 0.93325 0.00113 0.02855 ( 2)
  48 R   0.60847 0.36184 0.01861 0.01107 ( 1)
  49 M   0.57027 0.40005 0.01745 0.01224 ( 1)
  50 E   0.11957 0.85074 0.00366 0.02603 ( 2)
  51 I   0.91713 0.05318 0.02806 0.00163 ( 1)
  52 Q   0.70381 0.26651 0.02153 0.00815 ( 1)
  53 C   0.64986 0.32046 0.01988 0.00980 ( 1)
  54 K   0.72234 0.24798 0.02210 0.00759 ( 1)
  55 T   0.69477 0.27555 0.02125 0.00843 ( 1)
  56 S   0.73476 0.23555 0.02248 0.00721 ( 1)
  57 I   0.72465 0.24566 0.02217 0.00752 ( 1)
  58 F   0.69858 0.27174 0.02137 0.00831 ( 1)
  59 N   0.75040 0.21992 0.02296 0.00673 ( 1)
  60 D   0.94746 0.02286 0.02898 0.00070 ( 1)
  61 P   0.63491 0.33540 0.01942 0.01026 ( 1)
  62 T   0.64173 0.32858 0.01963 0.01005 ( 1)
  63 R   0.05511 0.91520 0.00169 0.02800 ( 2)
  64 S   0.01008 0.96023 0.00031 0.02938 ( 2)
  65 Y   0.94107 0.02924 0.02879 0.00089 ( 1)
  66 G   0.65361 0.31671 0.02000 0.00969 ( 1)
  67 L   0.05380 0.91652 0.00165 0.02804 ( 2)
  68 R   0.89262 0.07769 0.02731 0.00238 ( 1)
  69 I   0.91350 0.05681 0.02795 0.00174 ( 1)
  70 R   0.95477 0.01554 0.02921 0.00048 ( 1)
  71 Y   0.95330 0.01702 0.02916 0.00052 ( 1)
  72 A   0.93020 0.04012 0.02846 0.00123 ( 1)
  73 A   0.92642 0.04390 0.02834 0.00134 ( 1)
  74 N   0.17793 0.79238 0.00544 0.02424 ( 2)
  75 S   0.95246 0.01786 0.02914 0.00055 ( 1)
  76 P   0.09415 0.87617 0.00288 0.02680 ( 2)
  77 I   0.22145 0.74886 0.00677 0.02291 ( 2)
  78 V   0.10596 0.86436 0.00324 0.02644 ( 2)
  79 L   0.01484 0.95547 0.00045 0.02923 ( 2)
  80 N   0.00401 0.96631 0.00012 0.02956 ( 2)
  81 V   0.00907 0.96125 0.00028 0.02941 ( 2)
  82 S   0.00922 0.96110 0.00028 0.02940 ( 2)
  83 Y   0.51708 0.45324 0.01582 0.01387 ( 1)
  84 V   0.01904 0.95128 0.00058 0.02910 ( 2)
  85 L   0.00039 0.96993 0.00001 0.02967 ( 2)
  86 Q   0.00192 0.96840 0.00006 0.02963 ( 2)
  87 G   0.00709 0.96323 0.00022 0.02947 ( 2)
  88 V   0.01843 0.95188 0.00056 0.02912 ( 2)
  89 S   0.00596 0.96435 0.00018 0.02950 ( 2)
  90 R   0.00086 0.96946 0.00003 0.02966 ( 2)
  91 G   0.04655 0.92377 0.00142 0.02826 ( 2)
  92 T   0.01266 0.95765 0.00039 0.02930 ( 2)
  93 T   0.00024 0.97008 0.00001 0.02968 ( 2)
  94 I   0.00336 0.96695 0.00010 0.02958 ( 2)
  95 S   0.00024 0.97007 0.00001 0.02968 ( 2)
  96 T   0.00722 0.96310 0.00022 0.02946 ( 2)
  97 E   0.56290 0.40742 0.01722 0.01246 ( 1)
  98 S   0.00041 0.96990 0.00001 0.02967 ( 2)
  99 T   0.00014 0.97017 0.00000 0.02968 ( 2)
 100 F   0.01308 0.95723 0.00040 0.02928 ( 2)
 101 S   0.58080 0.38952 0.01777 0.01192 ( 1)
 102 R   0.66126 0.30906 0.02023 0.00945 ( 1)
 103 P   0.07767 0.89265 0.00238 0.02731 ( 2)
 104 N   0.52587 0.44444 0.01609 0.01360 ( 1)
 105 N   0.73388 0.23644 0.02245 0.00723 ( 1)
 106 I   0.71052 0.25979 0.02174 0.00795 ( 1)
 107 I   0.71052 0.25979 0.02174 0.00795 ( 1)
 108 P   0.66642 0.30390 0.02039 0.00930 ( 1)
 109 T   0.69477 0.27555 0.02125 0.00843 ( 1)
 110 D   0.73136 0.23896 0.02237 0.00731 ( 1)
 111 L   0.63687 0.33345 0.01948 0.01020 ( 1)
 112 K   0.82100 0.14932 0.02512 0.00457 ( 1)
 113 Y   0.76744 0.20288 0.02348 0.00621 ( 1)
 114 E   0.94686 0.02346 0.02897 0.00072 ( 1)
 115 E   0.20596 0.76436 0.00630 0.02338 ( 2)
 116 F   0.95443 0.01589 0.02920 0.00049 ( 1)
 117 R   0.52389 0.44642 0.01603 0.01366 ( 1)
 118 Y   0.94107 0.02924 0.02879 0.00089 ( 1)
 119 K   0.26107 0.70925 0.00799 0.02170 ( 2)
 120 D   0.73136 0.23896 0.02237 0.00731 ( 1)
 121 P   0.66642 0.30390 0.02039 0.00930 ( 1)
 122 F   0.00334 0.96698 0.00010 0.02958 ( 2)
 123 D   0.73136 0.23896 0.02237 0.00731 ( 1)
 124 A   0.08075 0.88956 0.00247 0.02721 ( 2)
 125 I   0.72465 0.24566 0.02217 0.00752 ( 1)
 126 V   0.68434 0.28598 0.02094 0.00875 ( 1)
 127 P   0.56331 0.40700 0.01723 0.01245 ( 1)
 128 M   0.96127 0.00905 0.02941 0.00028 ( 1)
 129 R   0.22467 0.74564 0.00687 0.02281 ( 2)
 130 L   0.16848 0.80183 0.00515 0.02453 ( 2)
 131 S   0.63624 0.33408 0.01946 0.01022 ( 1)
 132 S   0.12211 0.84821 0.00374 0.02595 ( 2)
 133 N   0.93860 0.03172 0.02871 0.00097 ( 1)
 134 Q   0.12245 0.84787 0.00375 0.02594 ( 2)
 135 L   0.07110 0.89922 0.00218 0.02751 ( 2)
 136 I   0.60530 0.36501 0.01852 0.01117 ( 1)
 137 T   0.64524 0.32508 0.01974 0.00994 ( 1)
 138 I   0.30669 0.66363 0.00938 0.02030 ( 2)
 139 A   0.61821 0.35211 0.01891 0.01077 ( 1)
 140 I   0.72501 0.24530 0.02218 0.00750 ( 1)
 141 Q   0.08153 0.88879 0.00249 0.02719 ( 2)
 142 P   0.94417 0.02615 0.02888 0.00080 ( 1)
 143 L   0.61503 0.35529 0.01882 0.01087 ( 1)
 144 N   0.33155 0.63877 0.01014 0.01954 ( 2)
 145 M   0.83365 0.13667 0.02550 0.00418 ( 1)
 146 T   0.14523 0.82509 0.00444 0.02524 ( 2)
 147 S   0.16890 0.80142 0.00517 0.02452 ( 2)
 148 N   0.45275 0.51757 0.01385 0.01583 ( 2)
 149 N   0.93980 0.03052 0.02875 0.00093 ( 1)
 150 -   0.55116 0.41916 0.01686 0.01282 ( 1)
 151 -   0.52345 0.44687 0.01601 0.01367 ( 1)
 152 -   0.55147 0.41885 0.01687 0.01281 ( 1)
 153 -   0.55173 0.41859 0.01688 0.01281 ( 1)
 154 Q   0.01232 0.95800 0.00038 0.02931 ( 2)
 155 V   0.89497 0.07535 0.02738 0.00231 ( 1)
 156 I   0.17464 0.79567 0.00534 0.02434 ( 2)
 157 I   0.61971 0.35061 0.01896 0.01073 ( 1)
 158 D   0.93176 0.03855 0.02850 0.00118 ( 1)
 159 R   0.78978 0.18054 0.02416 0.00552 ( 1)
 160 I   0.55338 0.41693 0.01693 0.01275 ( 1)
 161 E   0.94512 0.02520 0.02891 0.00077 ( 1)
 162 I   0.72465 0.24566 0.02217 0.00752 ( 1)
 163 I   0.72465 0.24566 0.02217 0.00752 ( 1)


lnL = -1493.768933

Bayes Empirical Bayes (BEB) probabilities for 4 classes (class)
(amino acids refer to 1st sequence: BT_Cry4Ba1)

   1 Y   0.08108 0.56926 0.04139 0.30827 ( 2)
   2 T   0.47545 0.17490 0.25136 0.09829 ( 1)
   3 D   0.42236 0.22789 0.22233 0.12743 ( 1)
   4 A   0.08608 0.56426 0.04395 0.30570 ( 2)
   5 I   0.58381 0.06654 0.31187 0.03778 ( 1)
   6 T   0.60687 0.04348 0.32491 0.02474 ( 1)
   7 Q   0.05460 0.59574 0.02781 0.32185 ( 2)
   8 V   0.51187 0.13848 0.27155 0.07810 ( 1)
   9 P   0.62507 0.02527 0.33524 0.01441 ( 1)
  10 A   0.60393 0.04642 0.32324 0.02641 ( 1)
  11 V   0.61697 0.03338 0.33063 0.01902 ( 1)
  12 K   0.62769 0.02266 0.33673 0.01292 ( 1)
  13 S   0.63134 0.01901 0.33881 0.01084 ( 1)
  14 N   0.08891 0.56144 0.04541 0.30424 ( 2)
  15 F   0.07358 0.57677 0.03753 0.31213 ( 2)
  16 L   0.32514 0.32521 0.16950 0.18015 ( 2)
  17 N   0.49706 0.15328 0.26333 0.08632 ( 1)
  18 -   0.38686 0.26349 0.20283 0.14682 ( 1)
  19 -   0.36806 0.28228 0.19264 0.15702 ( 1)
  20 A   0.46591 0.18444 0.24609 0.10356 ( 1)
  21 T   0.60847 0.04188 0.32581 0.02384 ( 1)
  22 A   0.07847 0.57187 0.04004 0.30961 ( 2)
  23 K   0.06811 0.58224 0.03472 0.31493 ( 2)
  24 V   0.61697 0.03338 0.33063 0.01902 ( 1)
  25 I   0.43105 0.21930 0.22693 0.12272 ( 1)
  26 K   0.61797 0.03238 0.33120 0.01845 ( 1)
  27 G   0.63067 0.01967 0.33843 0.01122 ( 1)
  28 P   0.63464 0.01571 0.34069 0.00897 ( 1)
  29 G   0.63146 0.01889 0.33888 0.01077 ( 1)
  30 H   0.64083 0.00952 0.34421 0.00544 ( 1)
  31 T   0.60847 0.04188 0.32581 0.02384 ( 1)
  32 G   0.62169 0.02865 0.33333 0.01633 ( 1)
  33 G   0.62203 0.02832 0.33351 0.01614 ( 1)
  34 D   0.63354 0.01681 0.34006 0.00959 ( 1)
  35 L   0.61811 0.03223 0.33129 0.01836 ( 1)
  36 V   0.61928 0.03106 0.33195 0.01770 ( 1)
  37 A   0.20682 0.44352 0.10669 0.24296 ( 2)
  38 L   0.61475 0.03560 0.32938 0.02027 ( 1)
  39 T   0.46835 0.18200 0.24744 0.10221 ( 1)
  40 S   0.00396 0.64634 0.00202 0.34768 ( 2)
  41 N   0.62716 0.02318 0.33643 0.01322 ( 1)
  42 G   0.20008 0.45027 0.10315 0.24650 ( 2)
  43 T   0.18132 0.46902 0.09333 0.25633 ( 2)
  44 L   0.14187 0.50848 0.07278 0.27688 ( 2)
  45 S   0.06440 0.58594 0.03282 0.31683 ( 2)
  46 -   0.36377 0.28657 0.19032 0.15934 ( 1)
  47 G   0.04519 0.60516 0.02300 0.32665 ( 2)
  48 R   0.44522 0.20513 0.23470 0.11495 ( 1)
  49 M   0.42921 0.22114 0.22592 0.12373 ( 1)
  50 E   0.12704 0.52331 0.06509 0.28457 ( 2)
  51 I   0.61216 0.03819 0.32790 0.02175 ( 1)
  52 Q   0.50136 0.14899 0.26571 0.08394 ( 1)
  53 C   0.44956 0.20078 0.23710 0.11256 ( 1)
  54 K   0.49510 0.15524 0.26225 0.08741 ( 1)
  55 T   0.47781 0.17254 0.25267 0.09699 ( 1)
  56 S   0.50292 0.14742 0.26659 0.08307 ( 1)
  57 I   0.49653 0.15381 0.26304 0.08662 ( 1)
  58 F   0.48025 0.17009 0.25402 0.09564 ( 1)
  59 N   0.51264 0.13770 0.27199 0.07767 ( 1)
  60 D   0.63354 0.01681 0.34006 0.00959 ( 1)
  61 P   0.45912 0.19123 0.24235 0.10730 ( 1)
  62 T   0.46428 0.18607 0.24520 0.10446 ( 1)
  63 R   0.06108 0.58927 0.03112 0.31853 ( 2)
  64 S   0.01465 0.63570 0.00744 0.34222 ( 2)
  65 Y   0.63054 0.01981 0.33835 0.01130 ( 1)
  66 G   0.47115 0.17920 0.24898 0.10067 ( 1)
  67 L   0.05953 0.59082 0.03033 0.31932 ( 2)
  68 R   0.60108 0.04926 0.32164 0.02802 ( 1)
  69 I   0.60961 0.04074 0.32646 0.02319 ( 1)
  70 R   0.63978 0.01057 0.34362 0.00603 ( 1)
  71 Y   0.63841 0.01194 0.34284 0.00682 ( 1)
  72 A   0.62207 0.02828 0.33354 0.01612 ( 1)
  73 A   0.61962 0.03073 0.33214 0.01751 ( 1)
  74 N   0.17987 0.47048 0.09257 0.25708 ( 2)
  75 S   0.63709 0.01326 0.34208 0.00757 ( 1)
  76 P   0.10270 0.54765 0.05251 0.29714 ( 2)
  77 I   0.21451 0.43583 0.11073 0.23892 ( 2)
  78 V   0.11391 0.53643 0.05830 0.29135 ( 2)
  79 L   0.01510 0.63525 0.00766 0.34199 ( 2)
  80 N   0.00585 0.64450 0.00297 0.34669 ( 2)
  81 V   0.01046 0.63988 0.00531 0.34435 ( 2)
  82 S   0.01080 0.63954 0.00548 0.34418 ( 2)
  83 Y   0.38624 0.26411 0.20249 0.14716 ( 1)
  84 V   0.01927 0.63107 0.00979 0.33987 ( 2)
  85 L   0.00065 0.64969 0.00033 0.34933 ( 2)
  86 Q   0.00282 0.64753 0.00143 0.34823 ( 2)
  87 G   0.00834 0.64201 0.00423 0.34542 ( 2)
  88 V   0.02163 0.62872 0.01099 0.33867 ( 2)
  89 S   0.00876 0.64159 0.00444 0.34521 ( 2)
  90 R   0.00141 0.64894 0.00072 0.34893 ( 2)
  91 G   0.05165 0.59870 0.02630 0.32336 ( 2)
  92 T   0.01429 0.63606 0.00725 0.34240 ( 2)
  93 T   0.00045 0.64990 0.00023 0.34943 ( 2)
  94 I   0.00490 0.64545 0.00249 0.34717 ( 2)
  95 S   0.00045 0.64990 0.00023 0.34942 ( 2)
  96 T   0.00856 0.64179 0.00434 0.34531 ( 2)
  97 E   0.41708 0.23327 0.21929 0.13036 ( 1)
  98 S   0.00069 0.64965 0.00035 0.34930 ( 2)
  99 T   0.00027 0.65008 0.00013 0.34952 ( 2)
 100 F   0.01827 0.63208 0.00928 0.34037 ( 2)
 101 S   0.42743 0.22292 0.22495 0.12470 ( 1)
 102 R   0.47505 0.17530 0.25114 0.09851 ( 1)
 103 P   0.08625 0.56409 0.04404 0.30562 ( 2)
 104 N   0.37866 0.27169 0.19837 0.15127 ( 1)
 105 N   0.51585 0.13450 0.27377 0.07588 ( 1)
 106 I   0.48769 0.16266 0.25813 0.09152 ( 1)
 107 I   0.48769 0.16266 0.25813 0.09152 ( 1)
 108 P   0.46001 0.19033 0.24285 0.10681 ( 1)
 109 T   0.47781 0.17254 0.25267 0.09699 ( 1)
 110 D   0.50077 0.14957 0.26539 0.08427 ( 1)
 111 L   0.44133 0.20901 0.23257 0.11708 ( 1)
 112 K   0.56322 0.08713 0.30027 0.04938 ( 1)
 113 Y   0.53564 0.11471 0.28481 0.06484 ( 1)
 114 E   0.63358 0.01677 0.34008 0.00957 ( 1)
 115 E   0.20117 0.44917 0.10372 0.24593 ( 2)
 116 F   0.63891 0.01143 0.34312 0.00653 ( 1)
 117 R   0.39987 0.25047 0.20991 0.13975 ( 1)
 118 Y   0.63054 0.01981 0.33835 0.01130 ( 1)
 119 K   0.24524 0.40510 0.12694 0.22272 ( 2)
 120 D   0.50077 0.14957 0.26539 0.08427 ( 1)
 121 P   0.46001 0.19033 0.24285 0.10681 ( 1)
 122 F   0.00419 0.64615 0.00212 0.34753 ( 2)
 123 D   0.50077 0.14957 0.26539 0.08427 ( 1)
 124 A   0.07589 0.57445 0.03872 0.31094 ( 2)
 125 I   0.49653 0.15381 0.26304 0.08662 ( 1)
 126 V   0.47127 0.17907 0.24906 0.10060 ( 1)
 127 P   0.39446 0.25588 0.20697 0.14269 ( 1)
 128 M   0.64377 0.00658 0.34589 0.00376 ( 1)
 129 R   0.20258 0.44777 0.10446 0.24519 ( 2)
 130 L   0.16939 0.48095 0.08710 0.26255 ( 2)
 131 S   0.45987 0.19048 0.24276 0.10689 ( 1)
 132 S   0.12871 0.52163 0.06596 0.28370 ( 2)
 133 N   0.62716 0.02318 0.33643 0.01322 ( 1)
 134 Q   0.12962 0.52072 0.06643 0.28323 ( 2)
 135 L   0.07876 0.57159 0.04019 0.30946 ( 2)
 136 I   0.44205 0.20829 0.23297 0.11669 ( 1)
 137 T   0.46696 0.18339 0.24667 0.10298 ( 1)
 138 I   0.27702 0.37333 0.14379 0.20586 ( 2)
 139 A   0.45205 0.19829 0.23847 0.11119 ( 1)
 140 I   0.51023 0.14011 0.27064 0.07901 ( 1)
 141 Q   0.09017 0.56017 0.04606 0.30360 ( 2)
 142 P   0.63232 0.01802 0.33937 0.01028 ( 1)
 143 L   0.44945 0.20090 0.23703 0.11262 ( 1)
 144 N   0.29248 0.35787 0.15202 0.19763 ( 2)
 145 M   0.57180 0.07855 0.30510 0.04455 ( 1)
 146 T   0.15069 0.49966 0.07736 0.27230 ( 2)
 147 S   0.16926 0.48109 0.08703 0.26262 ( 2)
 148 N   0.37468 0.27566 0.19622 0.15343 ( 1)
 149 N   0.62772 0.02263 0.33674 0.01290 ( 1)
 150 -   0.38666 0.26369 0.20272 0.14693 ( 1)
 151 -   0.36879 0.28155 0.19304 0.15662 ( 1)
 152 -   0.38686 0.26349 0.20283 0.14682 ( 1)
 153 -   0.38703 0.26332 0.20292 0.14673 ( 1)
 154 Q   0.01750 0.63284 0.00889 0.34076 ( 2)
 155 V   0.59900 0.05135 0.32045 0.02920 ( 1)
 156 I   0.17506 0.47528 0.09006 0.25960 ( 2)
 157 I   0.45242 0.19792 0.23867 0.11099 ( 1)
 158 D   0.62285 0.02750 0.33398 0.01567 ( 1)
 159 R   0.54707 0.10328 0.29121 0.05844 ( 1)
 160 I   0.40798 0.24237 0.21433 0.13533 ( 1)
 161 E   0.63263 0.01771 0.33955 0.01011 ( 1)
 162 I   0.49653 0.15381 0.26304 0.08662 ( 1)
 163 I   0.49653 0.15381 0.26304 0.08662 ( 1)

