Supplemental results for CODEML (seqf: algn  treef: tree)


dN/dS (w) for site classes (K=4)

site class             0        1       2a       2b
proportion       0.37311  0.59691  0.01153  0.01845
background w     0.06500  0.38576  0.06500  0.38576
foreground w     0.06500  0.38576 435.79410 435.79410

Naive Empirical Bayes (NEB) probabilities for 4 classes
(amino acids refer to 1st sequence: BT_Cry19Aa1)

   1 -   0.37311 0.59691 0.01153 0.01845 ( 2)
   2 -   0.37311 0.59691 0.01153 0.01845 ( 2)
   3 E   0.00000 0.99450 0.00000 0.00550 ( 2)
   4 V   0.92684 0.07210 0.00096 0.00010 ( 1)
   5 K   0.99828 0.00010 0.00162 0.00000 ( 1)
   6 T   0.52291 0.47087 0.00300 0.00323 ( 1)
   7 E   0.99806 0.00101 0.00092 0.00000 ( 1)
   8 L   0.99643 0.00151 0.00206 0.00000 ( 1)
   9 T   0.99107 0.00271 0.00621 0.00001 ( 1)
  10 R   0.99904 0.00022 0.00074 0.00000 ( 1)
  11 E   0.99866 0.00042 0.00092 0.00000 ( 1)
  12 I   0.99388 0.00424 0.00188 0.00001 ( 1)
  13 Y   0.99597 0.00023 0.00380 0.00000 ( 1)
  14 S   0.74375 0.24597 0.00730 0.00297 ( 1)
  15 D   0.98652 0.01210 0.00135 0.00002 ( 1)
  16 V   0.85206 0.14671 0.00099 0.00024 ( 1)
  17 I   0.71696 0.28100 0.00132 0.00072 ( 1)
  18 N   0.79584 0.20153 0.00191 0.00072 ( 1)
  19 G   0.00488 0.99253 0.00001 0.00257 ( 2)
  20 E   0.00437 0.99402 0.00001 0.00161 ( 2)
  21 I   0.00030 0.99707 0.00000 0.00264 ( 2)
  22 Y   0.00628 0.91493 0.00416 0.07463 ( 2)
  23 G   0.03575 0.96053 0.00011 0.00360 ( 2)
  24 L   0.00494 0.98390 0.00005 0.01112 ( 2)
  25 M   0.05109 0.94155 0.00036 0.00700 ( 2)
  26 -   0.14705 0.82023 0.01258 0.02013 ( 2)
  27 T   0.00599 0.99129 0.00001 0.00271 ( 2)
  28 P   0.01275 0.97609 0.00009 0.01107 ( 2)
  29 Y   0.00392 0.98463 0.00004 0.01140 ( 2)
  30 F   0.00001 0.99730 0.00000 0.00268 ( 2)
  31 S   0.04374 0.95396 0.00007 0.00223 ( 2)
  32 F   0.32231 0.67624 0.00037 0.00108 ( 2)
  33 E   0.00195 0.96454 0.00034 0.03317 ( 2)
  34 K   0.00688 0.99242 0.00000 0.00070 ( 2)
  35 A   0.00017 0.94692 0.00003 0.05287 ( 2)
  36 E   0.99900 0.00008 0.00092 0.00000 ( 1)
  37 S   0.16822 0.83135 0.00007 0.00036 ( 2)
  38 L   0.09894 0.90034 0.00006 0.00066 ( 2)
  39 Y   0.97705 0.02129 0.00162 0.00005 ( 1)
  40 T   0.99832 0.00040 0.00128 0.00000 ( 1)
  41 R   0.95353 0.04155 0.00468 0.00024 ( 1)
  42 A   0.00478 0.98280 0.00035 0.01208 ( 2)
  43 P   0.99047 0.00034 0.00919 0.00000 ( 1)
  44 H   0.36628 0.63273 0.00030 0.00069 ( 2)
  45 L   0.86170 0.13733 0.00082 0.00015 ( 1)
  46 F   0.98894 0.00549 0.00553 0.00004 ( 1)
  47 T   0.99810 0.00011 0.00178 0.00000 ( 1)
  48 W   0.95001 0.04986 0.00013 0.00001 ( 1)
  49 L   0.98043 0.01874 0.00082 0.00002 ( 1)
  50 K   0.79409 0.20562 0.00023 0.00006 ( 1)
  51 G   0.48884 0.51068 0.00022 0.00026 ( 2)
  52 F   0.30459 0.69399 0.00035 0.00106 ( 2)
  53 R   0.00473 0.99434 0.00000 0.00093 ( 2)
  54 F   0.99870 0.00016 0.00114 0.00000 ( 1)
  55 V   0.92897 0.07030 0.00067 0.00006 ( 1)
  56 T   0.99547 0.00184 0.00268 0.00000 ( 1)
  57 N   0.63369 0.36349 0.00152 0.00130 ( 1)
  58 S   0.00001 0.99390 0.00000 0.00608 ( 2)
  59 I   0.03136 0.96611 0.00006 0.00247 ( 2)
  60 S   0.01088 0.98758 0.00001 0.00152 ( 2)
  61 -   0.00392 0.96610 0.00012 0.02986 ( 2)
  62 -   0.37157 0.59844 0.01149 0.01850 ( 2)
  63 -   0.00265 0.96736 0.00008 0.02990 ( 2)
  64 -   0.00002 0.97000 0.00000 0.02998 ( 2)
  65 -   0.01255 0.95746 0.00039 0.02960 ( 2)
  66 -   0.09723 0.87279 0.00301 0.02698 ( 2)
  67 Y   0.00002 0.99713 0.00000 0.00285 ( 2)
  68 W   0.12843 0.87142 0.00002 0.00013 ( 2)
  69 T   0.01195 0.98643 0.00002 0.00160 ( 2)
  70 F   0.37634 0.62313 0.00021 0.00033 ( 2)
  71 L   0.99005 0.00912 0.00082 0.00001 ( 1)
  72 S   0.79059 0.20093 0.00632 0.00217 ( 1)
  73 G   0.99192 0.00303 0.00504 0.00002 ( 1)
  74 G   0.00000 0.11862 0.00026 0.88112 ( 4)
  75 Q   0.00514 0.99423 0.00000 0.00063 ( 2)
  76 N   0.84677 0.15066 0.00203 0.00054 ( 1)
  77 K   0.02031 0.97751 0.00003 0.00214 ( 2)
  78 Y   0.76667 0.23158 0.00125 0.00050 ( 1)
  79 S   0.17911 0.81782 0.00040 0.00267 ( 2)
  80 Y   0.02302 0.97479 0.00004 0.00215 ( 2)
  81 T   0.94096 0.04870 0.00974 0.00060 ( 1)
  82 N   0.00015 0.18400 0.02491 0.79094 ( 4)
  83 -   0.45458 0.51544 0.01405 0.01593 ( 2)
  84 N   0.00002 0.33383 0.00083 0.66531 ( 4)
  85 S   0.00001 0.99514 0.00000 0.00486 ( 2)
  86 S   0.00013 0.96032 0.00000 0.03955 ( 2)
  87 I   0.04848 0.94901 0.00009 0.00242 ( 2)
  88 N   0.00000 0.17605 0.00012 0.82383 ( 4)
  89 E   0.00000 0.99619 0.00000 0.00381 ( 2)
  90 G   0.53070 0.46809 0.00053 0.00068 ( 1)
  91 S   0.78861 0.20608 0.00411 0.00120 ( 1)
  92 F   0.21930 0.77618 0.00064 0.00389 ( 2)
  93 R   0.00000 0.80116 0.00000 0.19884 ( 2)
  94 G   0.99550 0.00326 0.00124 0.00001 ( 1)
  95 Q   0.00011 0.99971 0.00000 0.00018 ( 2)
  96 D   0.00303 0.99468 0.00000 0.00229 ( 2)
  97 T   0.00422 0.99419 0.00001 0.00158 ( 2)
  98 D   0.00001 0.99862 0.00000 0.00138 ( 2)
  99 Y   0.09343 0.90307 0.00024 0.00326 ( 2)
 100 G   0.19250 0.80673 0.00012 0.00066 ( 2)
 101 G   0.95082 0.04873 0.00042 0.00003 ( 1)
 102 T   0.33668 0.66281 0.00017 0.00034 ( 2)
 103 S   0.00052 0.99795 0.00000 0.00154 ( 2)
 104 S   0.85265 0.14611 0.00101 0.00022 ( 1)
 105 T   0.00003 0.99384 0.00000 0.00613 ( 2)
 106 I   0.20032 0.79905 0.00012 0.00050 ( 2)
 107 N   0.00013 0.94909 0.00004 0.05074 ( 2)
 108 I   0.26733 0.73021 0.00050 0.00195 ( 2)
 109 P   0.00001 0.99772 0.00000 0.00228 ( 2)
 110 S   0.00006 0.99873 0.00000 0.00122 ( 2)
 111 N   0.01336 0.86710 0.02055 0.09899 ( 2)
 112 S   0.00001 0.01817 0.01277 0.96906 ( 4)
 113 Y   0.01186 0.98597 0.00002 0.00215 ( 2)
 114 V   0.18208 0.81410 0.00058 0.00325 ( 2)
 115 Y   0.97242 0.02593 0.00159 0.00006 ( 1)
 116 N   0.07299 0.91408 0.00065 0.01228 ( 2)
 117 L   0.30276 0.69631 0.00025 0.00067 ( 2)
 118 W   0.01255 0.98731 0.00000 0.00014 ( 2)
 119 T   0.02025 0.97623 0.00008 0.00344 ( 2)
 120 E   0.37184 0.62621 0.00060 0.00135 ( 2)
 121 N   0.06469 0.92782 0.00036 0.00713 ( 2)
 122 Y   0.87652 0.12178 0.00143 0.00026 ( 1)
 123 E   0.01894 0.97980 0.00002 0.00124 ( 2)
 124 Y   0.00000 0.81705 0.00002 0.18293 ( 2)
 125 I   0.01505 0.98241 0.00003 0.00251 ( 2)
 126 Y   0.07100 0.92309 0.00037 0.00555 ( 2)
 127 P   0.04101 0.94793 0.00035 0.01070 ( 2)
 128 W   0.02157 0.97828 0.00000 0.00014 ( 2)
 129 G   0.00000 0.98740 0.00000 0.01260 ( 2)
 130 D   0.10515 0.89297 0.00014 0.00173 ( 2)
 131 P   0.01597 0.98356 0.00001 0.00046 ( 2)
 132 V   0.00036 0.99876 0.00000 0.00088 ( 2)
 133 N   0.68548 0.31176 0.00164 0.00111 ( 1)
 134 I   0.99317 0.00498 0.00183 0.00001 ( 1)
 135 T   0.00134 0.99709 0.00000 0.00157 ( 2)
 136 K   0.08279 0.91510 0.00013 0.00198 ( 2)
 137 M   0.86682 0.13111 0.00169 0.00038 ( 1)
 138 N   0.01765 0.97882 0.00004 0.00349 ( 2)
 139 F   0.99881 0.00005 0.00115 0.00000 ( 1)
 140 S   0.23531 0.76324 0.00028 0.00117 ( 2)
 141 V   0.00000 0.97149 0.00000 0.02851 ( 2)
 142 T   0.53639 0.45954 0.00188 0.00219 ( 1)
 143 D   0.93918 0.05940 0.00130 0.00012 ( 1)
 144 -   0.41756 0.55246 0.01291 0.01708 ( 2)
 145 N   0.99606 0.00154 0.00239 0.00001 ( 1)
 146 -   0.13754 0.83248 0.00425 0.02573 ( 2)
 147 N   0.99673 0.00069 0.00258 0.00000 ( 1)
 148 S   0.00001 0.98653 0.00000 0.01346 ( 2)
 149 S   0.00062 0.98735 0.00001 0.01203 ( 2)
 150 K   0.00000 0.97222 0.00000 0.02777 ( 2)
 151 E   0.01440 0.98437 0.00001 0.00122 ( 2)
 152 L   0.00002 0.98427 0.00000 0.01571 ( 2)
 153 I   0.02735 0.95829 0.00031 0.01405 ( 2)
 154 Y   0.99827 0.00009 0.00163 0.00000 ( 1)
 155 G   0.21185 0.78738 0.00014 0.00064 ( 2)
 156 -   0.18993 0.78009 0.00587 0.02411 ( 2)
 157 -   0.15031 0.81971 0.00465 0.02534 ( 2)
 158 A   0.03004 0.95632 0.00072 0.01292 ( 2)
 159 H   0.00009 0.99836 0.00000 0.00155 ( 2)
 160 R   0.02535 0.97374 0.00002 0.00090 ( 2)
 161 T   0.02331 0.96228 0.00036 0.01406 ( 2)
 162 N   0.88044 0.11703 0.00211 0.00042 ( 1)
 163 K   0.00154 0.97700 0.00009 0.02138 ( 2)
 164 P   0.80282 0.19659 0.00045 0.00014 ( 1)
 165 V   0.00885 0.98866 0.00002 0.00248 ( 2)
 166 V   0.94981 0.04914 0.00098 0.00007 ( 1)
 167 R   0.02476 0.97494 0.00001 0.00029 ( 2)
 168 T   0.97453 0.02245 0.00293 0.00009 ( 1)
 169 D   0.40178 0.59651 0.00055 0.00116 ( 2)
 170 F   0.88410 0.11075 0.00451 0.00064 ( 1)
 171 D   0.06375 0.91338 0.00541 0.01746 ( 2)
 172 F   0.85992 0.13888 0.00099 0.00021 ( 1)
 173 -   0.04939 0.92063 0.00153 0.02846 ( 2)
 174 L   0.74119 0.24881 0.00729 0.00271 ( 1)
 175 T   0.00251 0.80749 0.00320 0.18681 ( 2)
 176 N   0.40476 0.59083 0.00194 0.00247 ( 2)
 177 K   0.78662 0.21165 0.00127 0.00045 ( 1)
 178 E   0.00037 0.99699 0.00000 0.00264 ( 2)
 179 G   0.05305 0.93637 0.00052 0.01007 ( 2)
 180 T   0.78510 0.21298 0.00140 0.00052 ( 1)
 181 E   0.00332 0.99570 0.00000 0.00098 ( 2)
 182 L   0.01589 0.97866 0.00004 0.00541 ( 2)
 183 A   0.01276 0.98700 0.00000 0.00024 ( 2)
 184 K   0.76951 0.22915 0.00098 0.00036 ( 1)
 185 Y   0.11082 0.87752 0.00106 0.01060 ( 2)
 186 N   0.84035 0.02271 0.13617 0.00078 ( 1)
 187 D   0.19823 0.78794 0.00644 0.00740 ( 2)
 188 Y   0.98674 0.01147 0.00177 0.00003 ( 1)
 189 N   0.00109 0.99207 0.00001 0.00683 ( 2)
 190 H   0.99613 0.00004 0.00383 0.00000 ( 1)
 191 I   0.99334 0.00481 0.00183 0.00001 ( 1)
 192 L   0.99638 0.00279 0.00083 0.00000 ( 1)
 193 S   0.99684 0.00224 0.00092 0.00000 ( 1)
 194 Y   0.90713 0.08979 0.00273 0.00036 ( 1)
 195 M   0.15786 0.77619 0.03374 0.03221 ( 2)
 196 L   0.87685 0.11772 0.00472 0.00071 ( 1)
 197 I   0.18041 0.81216 0.00130 0.00614 ( 2)
 198 N   0.39228 0.60651 0.00047 0.00074 ( 2)
 199 -   0.57391 0.39611 0.01774 0.01224 ( 1)
 200 -   0.06728 0.90274 0.00208 0.02790 ( 2)
 201 -   0.38490 0.58511 0.01190 0.01809 ( 2)
 202 -   0.01311 0.95690 0.00041 0.02958 ( 2)
 203 G   0.05492 0.94452 0.00003 0.00053 ( 2)
 204 E   0.00003 0.99261 0.00000 0.00736 ( 2)
 205 T   0.07146 0.92430 0.00022 0.00402 ( 2)
 206 F   0.00584 0.98910 0.00002 0.00504 ( 2)
 207 G   0.00915 0.98343 0.00005 0.00737 ( 2)
 208 Q   0.00000 0.99801 0.00000 0.00199 ( 2)
 209 K   0.03849 0.95940 0.00006 0.00206 ( 2)
 210 R   0.01036 0.98101 0.00009 0.00854 ( 2)
 211 H   0.40150 0.59829 0.00008 0.00012 ( 2)
 212 G   0.94658 0.04371 0.00921 0.00051 ( 1)
 213 Y   0.92104 0.07728 0.00151 0.00017 ( 1)
 214 S   0.54779 0.45132 0.00046 0.00043 ( 1)
 215 F   0.99883 0.00003 0.00114 0.00000 ( 1)
 216 A   0.65557 0.34316 0.00073 0.00054 ( 1)
 217 F   0.96156 0.03727 0.00111 0.00006 ( 1)
 218 T   0.97898 0.01630 0.00462 0.00010 ( 1)
 219 H   0.99918 0.00001 0.00081 0.00000 ( 1)
 220 S   0.97480 0.02414 0.00103 0.00004 ( 1)
 221 S   0.99557 0.00012 0.00431 0.00000 ( 1)
 222 -   0.37311 0.59691 0.01153 0.01845 ( 2)
 223 -   0.37311 0.59691 0.01153 0.01845 ( 2)


lnL = -6158.043302

