Supplemental results for CODEML (seqf: algn  treef: tree)


dN/dS (w) for site classes (K=4)

site class             0        1       2a       2b
proportion       0.58509  0.40653  0.00494  0.00343
background w     0.11702  0.60642  0.11702  0.60642
foreground w     0.11702  0.60642 154.48282 154.48282

Naive Empirical Bayes (NEB) probabilities for 4 classes
(amino acids refer to 1st sequence: BT_Cry19Aa1)

   1 E   0.00103 0.99893 0.00000 0.00004 ( 2)
   2 V   0.99873 0.00126 0.00001 0.00000 ( 1)
   3 K   0.98064 0.01934 0.00002 0.00000 ( 1)
   4 T   0.23129 0.76871 0.00000 0.00000 ( 2)
   5 E   0.99991 0.00008 0.00001 0.00000 ( 1)
   6 L   0.99846 0.00135 0.00019 0.00000 ( 1)
   7 T   0.99972 0.00006 0.00022 0.00000 ( 1)
   8 R   0.99997 0.00002 0.00000 0.00000 ( 1)
   9 E   0.99820 0.00179 0.00001 0.00000 ( 1)
  10 I   0.99996 0.00001 0.00003 0.00000 ( 1)
  11 Y   0.99925 0.00071 0.00004 0.00000 ( 1)
  12 S   0.99651 0.00348 0.00001 0.00000 ( 1)
  13 D   0.99998 0.00000 0.00002 0.00000 ( 1)
  14 V   0.99533 0.00467 0.00000 0.00000 ( 1)
  15 I   0.99692 0.00183 0.00125 0.00000 ( 1)
  16 N   0.99992 0.00004 0.00005 0.00000 ( 1)
  17 G   0.02134 0.97802 0.00003 0.00061 ( 2)
  18 E   0.08666 0.91164 0.00027 0.00143 ( 2)
  19 I   0.20666 0.78902 0.00216 0.00215 ( 2)
  20 Y   0.29091 0.70306 0.00375 0.00228 ( 2)
  21 G   0.76381 0.23615 0.00003 0.00001 ( 1)
  22 L   0.00845 0.94213 0.01555 0.03387 ( 2)
  23 M   0.01714 0.98282 0.00000 0.00004 ( 2)
  24 -   0.87080 0.12083 0.00735 0.00102 ( 1)
  25 -   0.89329 0.09834 0.00754 0.00083 ( 1)
  26 -   0.92972 0.06191 0.00785 0.00052 ( 1)
  27 -   0.57394 0.41769 0.00485 0.00353 ( 1)
  28 -   0.28037 0.71125 0.00237 0.00601 ( 2)
  29 -   0.96074 0.03089 0.00811 0.00026 ( 1)
  30 -   0.36478 0.62685 0.00308 0.00529 ( 2)
  31 T   0.16476 0.82686 0.00139 0.00698 ( 2)
  32 P   0.50595 0.48568 0.00427 0.00410 ( 1)
  33 Y   0.04725 0.95260 0.00000 0.00015 ( 2)
  34 F   0.00009 0.99561 0.00000 0.00430 ( 2)
  35 S   0.02086 0.97850 0.00002 0.00062 ( 2)
  36 F   0.88178 0.02419 0.09386 0.00018 ( 1)
  37 E   0.00018 0.98391 0.00004 0.01587 ( 2)
  38 K   0.00593 0.98817 0.00041 0.00549 ( 2)
  39 A   0.91712 0.08220 0.00063 0.00005 ( 1)
  40 E   0.99998 0.00001 0.00001 0.00000 ( 1)
  41 S   0.93636 0.06359 0.00005 0.00001 ( 1)
  42 L   0.89621 0.10379 0.00000 0.00000 ( 1)
  43 Y   0.99609 0.00389 0.00002 0.00000 ( 1)
  44 T   0.99755 0.00244 0.00001 0.00000 ( 1)
  45 R   0.94241 0.05759 0.00000 0.00000 ( 1)
  46 A   0.00666 0.99333 0.00000 0.00001 ( 2)
  47 P   0.99996 0.00003 0.00000 0.00000 ( 1)
  48 H   0.90370 0.09630 0.00001 0.00000 ( 1)
  49 L   0.98364 0.01634 0.00002 0.00000 ( 1)
  50 F   0.99783 0.00217 0.00000 0.00000 ( 1)
  51 T   0.99799 0.00198 0.00003 0.00000 ( 1)
  52 W   0.99666 0.00334 0.00000 0.00000 ( 1)
  53 L   0.99361 0.00639 0.00001 0.00000 ( 1)
  54 K   0.80245 0.19753 0.00002 0.00001 ( 1)
  55 G   0.67762 0.32238 0.00000 0.00000 ( 1)
  56 F   0.99223 0.00775 0.00002 0.00000 ( 1)
  57 R   0.02816 0.97168 0.00000 0.00016 ( 2)
  58 F   0.99997 0.00002 0.00001 0.00000 ( 1)
  59 V   0.27834 0.72146 0.00004 0.00016 ( 2)
  60 T   0.93833 0.06153 0.00013 0.00002 ( 1)
  61 N   0.99673 0.00323 0.00005 0.00000 ( 1)
  62 S   0.00000 0.99995 0.00000 0.00005 ( 2)
  63 I   0.94839 0.05157 0.00004 0.00001 ( 1)
  64 S   0.00695 0.99301 0.00000 0.00004 ( 2)
  65 -   0.00313 0.94488 0.00441 0.04758 ( 2)
  66 -   0.95138 0.04861 0.00001 0.00000 ( 1)
  67 -   0.02034 0.91845 0.02135 0.03987 ( 2)
  68 -   0.12554 0.86608 0.00106 0.00731 ( 2)
  69 -   0.14153 0.85010 0.00119 0.00718 ( 2)
  70 -   0.00218 0.97319 0.00136 0.02327 ( 2)
  71 Y   0.00029 0.99925 0.00000 0.00047 ( 2)
  72 W   0.03797 0.96203 0.00000 0.00000 ( 2)
  73 T   0.27976 0.72020 0.00001 0.00003 ( 2)
  74 F   0.94885 0.05113 0.00002 0.00000 ( 1)
  75 L   0.99711 0.00288 0.00001 0.00000 ( 1)
  76 S   0.94821 0.02211 0.02941 0.00027 ( 1)
  77 G   0.99954 0.00045 0.00001 0.00000 ( 1)
  78 G   0.00034 0.99680 0.00001 0.00285 ( 2)
  79 Q   0.01697 0.98303 0.00000 0.00000 ( 2)
  80 N   0.99921 0.00074 0.00005 0.00000 ( 1)
  81 K   0.60138 0.39859 0.00001 0.00002 ( 1)
  82 Y   0.96989 0.03009 0.00002 0.00000 ( 1)
  83 S   0.67710 0.32287 0.00001 0.00002 ( 1)
  84 Y   0.03802 0.96093 0.00010 0.00096 ( 2)
  85 T   0.99660 0.00340 0.00001 0.00000 ( 1)
  86 N   0.00003 0.04587 0.04675 0.90735 ( 4)
  87 N   0.00006 0.99799 0.00000 0.00196 ( 2)
  88 -   0.58509 0.40653 0.00494 0.00343 ( 1)
  89 S   0.00258 0.99679 0.00000 0.00063 ( 2)
  90 S   0.00030 0.99407 0.00006 0.00558 ( 2)
  91 I   0.74383 0.25612 0.00002 0.00002 ( 1)
  92 N   0.00030 0.99907 0.00000 0.00063 ( 2)
  93 E   0.00530 0.97173 0.00133 0.02164 ( 2)
  94 G   0.88146 0.11850 0.00003 0.00000 ( 1)
  95 S   0.97050 0.02950 0.00000 0.00000 ( 1)
  96 F   0.97291 0.02702 0.00007 0.00000 ( 1)
  97 R   0.00000 0.97416 0.00000 0.02584 ( 2)
  98 G   0.97709 0.02287 0.00004 0.00000 ( 1)
  99 Q   0.00568 0.99432 0.00000 0.00000 ( 2)
 100 D   0.16785 0.83192 0.00003 0.00020 ( 2)
 101 T   0.29145 0.70853 0.00001 0.00002 ( 2)
 102 D   0.01325 0.97589 0.00135 0.00950 ( 2)
 103 Y   0.97746 0.02251 0.00003 0.00000 ( 1)
 104 G   0.99907 0.00093 0.00001 0.00000 ( 1)
 105 G   0.42927 0.57073 0.00000 0.00000 ( 2)
 106 T   0.65816 0.34169 0.00011 0.00005 ( 1)
 107 S   0.06236 0.93761 0.00000 0.00004 ( 2)
 108 S   0.98628 0.01370 0.00001 0.00000 ( 1)
 109 T   0.00540 0.99283 0.00001 0.00176 ( 2)
 110 I   0.31231 0.68628 0.00063 0.00078 ( 2)
 111 N   0.01513 0.98477 0.00000 0.00010 ( 2)
 112 I   0.88265 0.11498 0.00223 0.00014 ( 1)
 113 P   0.00192 0.99791 0.00000 0.00017 ( 2)
 114 S   0.00001 0.99943 0.00000 0.00056 ( 2)
 115 N   0.00000 0.99944 0.00000 0.00055 ( 2)
 116 S   0.00009 0.99991 0.00000 0.00000 ( 2)
 117 Y   0.04083 0.95911 0.00000 0.00006 ( 2)
 118 V   0.18815 0.81160 0.00013 0.00012 ( 2)
 119 Y   0.99953 0.00044 0.00002 0.00000 ( 1)
 120 N   0.96294 0.03700 0.00005 0.00001 ( 1)
 121 L   0.99463 0.00536 0.00001 0.00000 ( 1)
 122 W   0.56600 0.43400 0.00000 0.00000 ( 1)
 123 T   0.04542 0.95448 0.00000 0.00010 ( 2)
 124 E   0.99860 0.00138 0.00002 0.00000 ( 1)
 125 N   0.98990 0.01009 0.00001 0.00000 ( 1)
 126 Y   0.94301 0.05695 0.00003 0.00000 ( 1)
 127 E   0.95458 0.04540 0.00002 0.00000 ( 1)
 128 Y   0.00002 0.99947 0.00000 0.00052 ( 2)
 129 I   0.66723 0.33273 0.00002 0.00002 ( 1)
 130 Y   0.38641 0.61323 0.00020 0.00017 ( 2)
 131 P   0.95664 0.04336 0.00000 0.00000 ( 1)
 132 W   0.00158 0.96009 0.00119 0.03714 ( 2)
 133 G   0.00013 0.99962 0.00000 0.00024 ( 2)
 134 D   0.30355 0.69639 0.00001 0.00005 ( 2)
 135 P   0.16148 0.83847 0.00001 0.00004 ( 2)
 136 V   0.01639 0.98337 0.00001 0.00023 ( 2)
 137 N   0.99225 0.00770 0.00005 0.00000 ( 1)
 138 -   0.63691 0.35471 0.00538 0.00300 ( 1)
 139 -   0.83598 0.15565 0.00706 0.00131 ( 1)
 140 -   0.13062 0.86100 0.00110 0.00727 ( 2)
 141 -   0.56402 0.42761 0.00476 0.00361 ( 1)
 142 -   0.06001 0.93162 0.00051 0.00787 ( 2)
 143 -   0.89329 0.09834 0.00754 0.00083 ( 1)
 144 -   0.18043 0.81120 0.00152 0.00685 ( 2)
 145 -   0.47773 0.51390 0.00403 0.00434 ( 2)
 146 -   0.95468 0.03695 0.00806 0.00031 ( 1)
 147 I   0.99812 0.00185 0.00003 0.00000 ( 1)
 148 T   0.00007 0.99990 0.00000 0.00003 ( 2)
 149 K   0.26658 0.73262 0.00045 0.00035 ( 2)
 150 M   0.55144 0.44850 0.00002 0.00005 ( 1)
 151 N   0.88443 0.11551 0.00004 0.00002 ( 1)
 152 F   0.99981 0.00018 0.00001 0.00000 ( 1)
 153 S   0.01159 0.98837 0.00000 0.00004 ( 2)
 154 V   0.13304 0.86651 0.00015 0.00029 ( 2)
 155 T   0.96983 0.03014 0.00003 0.00000 ( 1)
 156 D   0.23066 0.76897 0.00005 0.00032 ( 2)
 157 N   0.99740 0.00256 0.00005 0.00000 ( 1)
 158 -   0.58509 0.40653 0.00494 0.00343 ( 1)
 159 N   0.99994 0.00003 0.00003 0.00000 ( 1)
 160 S   0.00000 0.99964 0.00000 0.00036 ( 2)
 161 S   0.91057 0.08942 0.00001 0.00000 ( 1)
 162 K   0.00001 0.98829 0.00000 0.01170 ( 2)
 163 E   0.79990 0.19879 0.00118 0.00012 ( 1)
 164 L   0.00008 0.98870 0.00001 0.01122 ( 2)
 165 I   0.00338 0.99594 0.00000 0.00067 ( 2)
 166 Y   0.99996 0.00002 0.00002 0.00000 ( 1)
 167 G   0.98906 0.01093 0.00001 0.00000 ( 1)
 168 -   0.43994 0.55169 0.00371 0.00466 ( 2)
 169 -   0.35641 0.63522 0.00301 0.00536 ( 2)
 170 A   0.05920 0.94022 0.00025 0.00032 ( 2)
 171 H   0.00020 0.99945 0.00000 0.00035 ( 2)
 172 R   0.00092 0.99907 0.00000 0.00001 ( 2)
 173 T   0.06226 0.92937 0.00053 0.00785 ( 2)
 174 N   0.99913 0.00083 0.00005 0.00000 ( 1)
 175 K   0.02360 0.96478 0.00362 0.00800 ( 2)
 176 P   0.99972 0.00028 0.00000 0.00000 ( 1)
 177 V   0.97712 0.02285 0.00003 0.00000 ( 1)
 178 V   0.98534 0.01465 0.00001 0.00000 ( 1)
 179 R   0.53521 0.46467 0.00010 0.00002 ( 1)
 180 T   0.36827 0.63144 0.00008 0.00022 ( 2)
 181 D   0.55474 0.44448 0.00056 0.00022 ( 1)
 182 F   0.82432 0.17566 0.00001 0.00001 ( 1)
 183 D   0.83117 0.16880 0.00002 0.00001 ( 1)
 184 F   0.99964 0.00034 0.00001 0.00000 ( 1)
 185 -   0.58639 0.40524 0.00495 0.00342 ( 1)
 186 L   0.94232 0.05768 0.00000 0.00000 ( 1)
 187 T   0.09716 0.90241 0.00002 0.00041 ( 2)
 188 N   0.91387 0.08603 0.00008 0.00002 ( 1)
 189 K   0.99342 0.00657 0.00002 0.00000 ( 1)
 190 -   0.90722 0.08441 0.00766 0.00071 ( 1)
 191 -   0.83999 0.15164 0.00709 0.00128 ( 1)
 192 -   0.94616 0.04546 0.00799 0.00038 ( 1)
 193 E   0.67101 0.18154 0.14473 0.00271 ( 1)
 194 G   0.08018 0.91982 0.00000 0.00000 ( 2)
 195 T   0.78864 0.20918 0.00195 0.00023 ( 1)
 196 E   0.02934 0.97039 0.00005 0.00022 ( 2)
 197 L   0.00675 0.98092 0.00019 0.01214 ( 2)
 198 A   0.99654 0.00346 0.00000 0.00000 ( 1)
 199 K   0.98887 0.01112 0.00001 0.00000 ( 1)
 200 Y   0.98447 0.01552 0.00000 0.00000 ( 1)
 201 N   0.99948 0.00047 0.00005 0.00000 ( 1)
 202 D   0.99954 0.00033 0.00013 0.00000 ( 1)
 203 -   0.61674 0.37488 0.00521 0.00317 ( 1)
 204 -   0.89435 0.09728 0.00755 0.00082 ( 1)
 205 -   0.95567 0.03596 0.00807 0.00030 ( 1)
 206 Y   0.99996 0.00002 0.00002 0.00000 ( 1)
 207 N   0.99606 0.00387 0.00007 0.00000 ( 1)
 208 H   0.99999 0.00000 0.00001 0.00000 ( 1)
 209 I   0.99929 0.00068 0.00003 0.00000 ( 1)
 210 L   0.99980 0.00020 0.00001 0.00000 ( 1)
 211 S   0.99914 0.00078 0.00008 0.00000 ( 1)
 212 Y   0.93954 0.06043 0.00003 0.00000 ( 1)
 213 M   0.83691 0.16309 0.00000 0.00000 ( 1)
 214 L   0.93834 0.06159 0.00006 0.00001 ( 1)
 215 I   0.44207 0.55722 0.00055 0.00015 ( 2)
 216 N   0.97647 0.02345 0.00007 0.00000 ( 1)
 217 -   0.16522 0.82640 0.00140 0.00698 ( 2)
 218 -   0.86006 0.13157 0.00726 0.00111 ( 1)
 219 -   0.00327 0.98836 0.00003 0.00835 ( 2)
 220 G   0.04416 0.95577 0.00000 0.00007 ( 2)
 221 E   0.11616 0.87547 0.00098 0.00739 ( 2)
 222 T   0.88324 0.11667 0.00007 0.00002 ( 1)
 223 -   0.58509 0.40653 0.00494 0.00343 ( 1)
 224 -   0.58509 0.40653 0.00494 0.00343 ( 1)
 225 -   0.58509 0.40653 0.00494 0.00343 ( 1)
 226 -   0.58509 0.40653 0.00494 0.00343 ( 1)
 227 F   0.07193 0.92792 0.00001 0.00014 ( 2)
 228 G   0.90758 0.06476 0.02672 0.00095 ( 1)
 229 Q   0.24242 0.75757 0.00000 0.00001 ( 2)
 230 K   0.89575 0.10422 0.00002 0.00001 ( 1)
 231 R   0.82609 0.17384 0.00006 0.00002 ( 1)
 232 H   0.35689 0.64311 0.00000 0.00000 ( 2)
 233 G   0.99929 0.00071 0.00001 0.00000 ( 1)
 234 Y   0.98842 0.01155 0.00002 0.00000 ( 1)
 235 S   0.85279 0.14500 0.00212 0.00009 ( 1)
 236 F   0.99997 0.00002 0.00001 0.00000 ( 1)
 237 A   0.97366 0.00077 0.02557 0.00001 ( 1)
 238 F   0.99902 0.00089 0.00009 0.00000 ( 1)
 239 T   0.99920 0.00078 0.00002 0.00000 ( 1)
 240 H   0.99999 0.00000 0.00001 0.00000 ( 1)
 241 S   0.99411 0.00588 0.00001 0.00000 ( 1)
 242 S   0.99993 0.00004 0.00003 0.00000 ( 1)


lnL = -6796.906813

