Supplemental results for CODEML (seqf: algn  treef: tree)


dN/dS (w) for site classes (K=4)

site class             0        1       2a       2b
proportion       0.44940  0.51403  0.01706  0.01951
background w     0.05465  0.41194  0.05465  0.41194
foreground w     0.05465  0.41194 709.57420 709.57420

Naive Empirical Bayes (NEB) probabilities for 4 classes
(amino acids refer to 1st sequence: BT_Cry3Aa10)

   1 -   0.46499 0.49843 0.01765 0.01892 ( 2)
   2 -   0.14729 0.81614 0.00559 0.03098 ( 2)
   3 -   0.82382 0.13960 0.03127 0.00530 ( 1)
   4 K   0.45340 0.53034 0.01148 0.00478 ( 2)
   5 I   0.95697 0.03721 0.00538 0.00043 ( 1)
   6 T   0.22633 0.69627 0.04188 0.03552 ( 2)
   7 Q   0.65248 0.29136 0.05094 0.00522 ( 1)
   8 L   0.74704 0.24580 0.00451 0.00264 ( 1)
   9 P   0.84947 0.14909 0.00107 0.00037 ( 1)
  10 L   0.05526 0.92580 0.00376 0.01518 ( 2)
  11 V   0.97080 0.02650 0.00253 0.00016 ( 1)
  12 K   0.91994 0.07821 0.00168 0.00017 ( 1)
  13 A   0.02484 0.94514 0.00285 0.02716 ( 2)
  14 Y   0.51596 0.48345 0.00031 0.00028 ( 1)
  15 K   0.20342 0.75891 0.01944 0.01823 ( 2)
  16 L   0.93505 0.06323 0.00154 0.00018 ( 1)
  17 Q   0.01841 0.97854 0.00002 0.00303 ( 2)
  18 S   0.18008 0.77378 0.02453 0.02161 ( 2)
  19 G   0.97347 0.02519 0.00127 0.00007 ( 1)
  20 A   0.65282 0.33905 0.00489 0.00324 ( 1)
  21 S   0.82530 0.16974 0.00395 0.00101 ( 1)
  22 V   0.96915 0.02640 0.00419 0.00025 ( 1)
  23 V   0.09479 0.87037 0.00635 0.02848 ( 2)
  24 A   0.00319 0.99352 0.00001 0.00328 ( 2)
  25 G   0.97347 0.02519 0.00127 0.00007 ( 1)
  26 P   0.96505 0.03407 0.00082 0.00005 ( 1)
  27 R   0.72934 0.26898 0.00094 0.00074 ( 1)
  28 F   0.98229 0.01636 0.00130 0.00005 ( 1)
  29 T   0.96965 0.02718 0.00298 0.00019 ( 1)
  30 G   0.94508 0.05016 0.00445 0.00032 ( 1)
  31 G   0.96311 0.03558 0.00122 0.00009 ( 1)
  32 D   0.91842 0.07912 0.00198 0.00049 ( 1)
  33 I   0.69656 0.21129 0.08632 0.00583 ( 1)
  34 I   0.13787 0.85466 0.00108 0.00639 ( 2)
  35 Q   0.25906 0.73599 0.00054 0.00441 ( 2)
  36 C   0.41740 0.57988 0.00062 0.00209 ( 2)
  37 T   0.74152 0.19505 0.05942 0.00401 ( 1)
  38 E   0.01757 0.93540 0.00303 0.04400 ( 2)
  39 N   0.02530 0.94633 0.00342 0.02495 ( 2)
  40 G   0.67217 0.32464 0.00166 0.00153 ( 1)
  41 S   0.00226 0.93132 0.00204 0.06438 ( 2)
  42 A   0.15236 0.83677 0.00120 0.00967 ( 2)
  43 A   0.20893 0.76783 0.00411 0.01912 ( 2)
  44 T   0.02870 0.88666 0.01154 0.07309 ( 2)
  45 I   0.05549 0.91861 0.00477 0.02113 ( 2)
  46 Y   0.00100 0.95926 0.00033 0.03941 ( 2)
  47 V   0.73810 0.25412 0.00461 0.00318 ( 1)
  48 T   0.01191 0.83400 0.05889 0.09520 ( 2)
  49 P   0.12657 0.84813 0.00174 0.02356 ( 2)
  50 -   0.44940 0.51403 0.01706 0.01951 ( 2)
  51 D   0.07973 0.90473 0.00034 0.01520 ( 2)
  52 V   0.00123 0.80186 0.00179 0.19512 ( 2)
  53 S   0.00121 0.66286 0.00569 0.33025 ( 2)
  54 Y   0.11630 0.87930 0.00031 0.00410 ( 2)
  55 S   0.64739 0.34920 0.00161 0.00181 ( 1)
  56 Q   0.02286 0.10547 0.79058 0.08109 ( 3)
  57 K   0.10400 0.82924 0.04111 0.02565 ( 2)
  58 H   0.79064 0.20787 0.00098 0.00051 ( 1)
  59 R   0.92566 0.07379 0.00049 0.00007 ( 1)
  60 A   0.61466 0.38196 0.00193 0.00144 ( 1)
  61 R   0.97886 0.01975 0.00133 0.00006 ( 1)
  62 I   0.97472 0.02175 0.00334 0.00018 ( 1)
  63 H   0.59314 0.40615 0.00032 0.00038 ( 1)
  64 Y   0.95753 0.04115 0.00122 0.00010 ( 1)
  65 A   0.97418 0.02342 0.00227 0.00013 ( 1)
  66 S   0.96368 0.03467 0.00154 0.00011 ( 1)
  67 T   0.75306 0.23963 0.00370 0.00361 ( 1)
  68 S   0.14326 0.85166 0.00045 0.00463 ( 2)
  69 Q   0.00400 0.88501 0.01277 0.09821 ( 2)
  70 I   0.05241 0.88031 0.02940 0.03788 ( 2)
  71 T   0.05008 0.93858 0.00032 0.01102 ( 2)
  72 F   0.96427 0.03364 0.00194 0.00015 ( 1)
  73 T   0.00512 0.98001 0.00004 0.01484 ( 2)
  74 L   0.00637 0.98321 0.00004 0.01038 ( 2)
  75 S   0.03282 0.77024 0.12146 0.07547 ( 2)
  76 L   0.01585 0.95681 0.00214 0.02520 ( 2)
  77 D   0.01633 0.95221 0.00207 0.02939 ( 2)
  78 G   0.93885 0.05819 0.00266 0.00030 ( 1)
  79 A   0.02472 0.93986 0.00027 0.03515 ( 2)
  80 P   0.00266 0.79996 0.01259 0.18479 ( 2)
  81 F   0.06051 0.93098 0.00029 0.00823 ( 2)
  82 N   0.86409 0.13314 0.00187 0.00090 ( 1)
  83 Q   0.03101 0.96261 0.00009 0.00628 ( 2)
  84 Y   0.00272 0.89519 0.01099 0.09111 ( 2)
  85 Y   0.00253 0.92816 0.00071 0.06860 ( 2)
  86 F   0.31600 0.68124 0.00043 0.00234 ( 2)
  87 D   0.06502 0.92291 0.00057 0.01150 ( 2)
  88 K   0.81478 0.14032 0.04301 0.00189 ( 1)
  89 T   0.95943 0.03496 0.00521 0.00040 ( 1)
  90 I   0.85138 0.14814 0.00036 0.00012 ( 1)
  91 N   0.40954 0.53372 0.03607 0.02067 ( 2)
  92 K   0.23685 0.65095 0.05949 0.05270 ( 2)
  93 G   0.96311 0.03558 0.00122 0.00009 ( 1)
  94 D   0.04622 0.94650 0.00013 0.00716 ( 2)
  95 T   0.02467 0.96828 0.00009 0.00695 ( 2)
  96 L   0.93505 0.06323 0.00154 0.00018 ( 1)
  97 T   0.92572 0.07060 0.00335 0.00032 ( 1)
  98 Y   0.74175 0.22161 0.03430 0.00234 ( 1)
  99 N   0.01429 0.91004 0.02202 0.05365 ( 2)
 100 S   0.10520 0.80936 0.03813 0.04731 ( 2)
 101 F   0.98229 0.01636 0.00130 0.00005 ( 1)
 102 N   0.31363 0.68187 0.00069 0.00381 ( 2)
 103 L   0.35358 0.64376 0.00047 0.00219 ( 2)
 104 A   0.97227 0.02536 0.00223 0.00013 ( 1)
 105 S   0.71409 0.28314 0.00136 0.00141 ( 1)
 106 F   0.79766 0.20059 0.00109 0.00066 ( 1)
 107 S   0.00741 0.98156 0.00005 0.01098 ( 2)
 108 T   0.70287 0.29056 0.00347 0.00311 ( 1)
 109 P   0.74339 0.25511 0.00088 0.00062 ( 1)
 110 F   0.88909 0.11047 0.00038 0.00006 ( 1)
 111 E   0.00289 0.93546 0.00225 0.05940 ( 2)
 112 L   0.84996 0.14842 0.00113 0.00048 ( 1)
 113 S   0.00172 0.73715 0.02408 0.23705 ( 2)
 114 G   0.05582 0.91950 0.00399 0.02070 ( 2)
 115 N   0.00767 0.94541 0.00168 0.04525 ( 2)
 116 N   0.01046 0.94693 0.00234 0.04026 ( 2)
 117 -   0.13598 0.83973 0.00995 0.01434 ( 2)
 118 -   0.05036 0.94264 0.00018 0.00682 ( 2)
 119 L   0.54847 0.44577 0.00239 0.00337 ( 1)
 120 Q   0.00923 0.97544 0.00006 0.01527 ( 2)
 121 I   0.97592 0.02094 0.00297 0.00016 ( 1)
 122 G   0.50605 0.48694 0.00374 0.00326 ( 1)
 123 V   0.67507 0.32022 0.00243 0.00229 ( 1)
 124 T   0.00402 0.92872 0.00166 0.06560 ( 2)
 125 G   0.00267 0.98833 0.00001 0.00900 ( 2)
 126 L   0.37176 0.60293 0.01775 0.00755 ( 2)
 127 S   0.00205 0.70421 0.02091 0.27283 ( 2)
 128 A   0.02744 0.96681 0.00011 0.00564 ( 2)
 129 G   0.77293 0.21809 0.00551 0.00347 ( 1)
 130 D   0.28718 0.70699 0.00095 0.00488 ( 2)
 131 K   0.38676 0.60924 0.00089 0.00311 ( 2)
 132 V   0.96444 0.03272 0.00264 0.00020 ( 1)
 133 Y   0.96509 0.03362 0.00120 0.00008 ( 1)
 134 I   0.37269 0.62212 0.00108 0.00411 ( 2)
 135 D   0.92111 0.07825 0.00058 0.00006 ( 1)
 136 K   0.30855 0.62115 0.04339 0.02691 ( 2)
 137 I   0.22395 0.76374 0.00137 0.01095 ( 2)
 138 E   0.97944 0.01887 0.00162 0.00007 ( 1)
 139 F   0.19563 0.79543 0.00099 0.00795 ( 2)
 140 I   0.87825 0.12029 0.00126 0.00020 ( 1)
 141 P   0.82205 0.17534 0.00123 0.00138 ( 1)


lnL = -1862.369347

