Supplemental results for CODEML (seqf: algn  treef: tree)


dN/dS (w) for site classes (K=4)

site class             0        1       2a       2b
proportion       0.52510  0.43454  0.02208  0.01827
background w     0.07757  1.00000  0.07757  1.00000
foreground w     0.07757  1.00000 16.17111 16.17111

Naive Empirical Bayes (NEB) probabilities for 4 classes
(amino acids refer to 1st sequence: BT_Cry7Aa1)

   1 -   0.52510 0.43454 0.02208 0.01827 ( 1)
   2 -   0.12812 0.77625 0.05104 0.04459 ( 2)
   3 -   0.77429 0.22175 0.00219 0.00177 ( 1)
   4 K   0.92179 0.06838 0.00891 0.00092 ( 1)
   5 I   0.78234 0.21138 0.00451 0.00177 ( 1)
   6 T   0.30145 0.68928 0.00255 0.00671 ( 2)
   7 K   0.05014 0.93223 0.00608 0.01156 ( 2)
   8 I   0.93677 0.05941 0.00345 0.00037 ( 1)
   9 P   0.84417 0.15379 0.00164 0.00040 ( 1)
  10 A   0.92198 0.07545 0.00227 0.00029 ( 1)
  11 V   0.89583 0.09513 0.00794 0.00111 ( 1)
  12 K   0.94014 0.05651 0.00304 0.00031 ( 1)
  13 M   0.40051 0.59833 0.00036 0.00080 ( 2)
  14 Y   0.89612 0.10137 0.00215 0.00036 ( 1)
  15 K   0.07617 0.90383 0.00716 0.01284 ( 2)
  16 L   0.79627 0.18993 0.01057 0.00323 ( 1)
  17 D   0.00003 0.84262 0.00018 0.15716 ( 2)
  18 D   0.00032 0.90647 0.00269 0.09052 ( 2)
  19 P   0.00214 0.99380 0.00001 0.00406 ( 2)
  20 S   0.03463 0.88923 0.02037 0.05576 ( 2)
  21 T   0.01842 0.33264 0.56406 0.08489 ( 3)
  22 V   0.47254 0.52322 0.00144 0.00279 ( 2)
  23 V   0.75141 0.23913 0.00651 0.00295 ( 1)
  24 K   0.94014 0.05651 0.00304 0.00031 ( 1)
  25 G   0.72614 0.26427 0.00684 0.00275 ( 1)
  26 P   0.86421 0.13415 0.00135 0.00029 ( 1)
  27 G   0.88712 0.11110 0.00150 0.00027 ( 1)
  28 F   0.38311 0.50574 0.09766 0.01349 ( 2)
  29 T   0.92146 0.07520 0.00296 0.00038 ( 1)
  30 G   0.91007 0.08831 0.00141 0.00021 ( 1)
  31 G   0.88712 0.11110 0.00150 0.00027 ( 1)
  32 D   0.95267 0.04460 0.00252 0.00021 ( 1)
  33 L   0.82865 0.16828 0.00243 0.00065 ( 1)
  34 V   0.92751 0.06933 0.00282 0.00034 ( 1)
  35 K   0.80068 0.19662 0.00208 0.00063 ( 1)
  36 R   0.92523 0.07300 0.00157 0.00020 ( 1)
  37 G   0.66150 0.32879 0.00628 0.00343 ( 1)
  38 S   0.94554 0.05276 0.00155 0.00015 ( 1)
  39 T   0.09273 0.90261 0.00029 0.00438 ( 2)
  40 G   0.91109 0.08732 0.00139 0.00020 ( 1)
  41 Y   0.03565 0.85677 0.03026 0.07732 ( 2)
  42 I   0.93390 0.06224 0.00347 0.00039 ( 1)
  43 G   0.88712 0.11110 0.00150 0.00027 ( 1)
  44 D   0.04756 0.94327 0.00032 0.00886 ( 2)
  45 I   0.06371 0.92984 0.00204 0.00442 ( 2)
  46 K   0.23261 0.66142 0.08011 0.02586 ( 2)
  47 A   0.45667 0.53595 0.00275 0.00462 ( 2)
  48 T   0.69006 0.30118 0.00587 0.00289 ( 1)
  49 V   0.91671 0.07996 0.00293 0.00040 ( 1)
  50 N   0.80169 0.19544 0.00220 0.00067 ( 1)
  51 S   0.81759 0.17910 0.00258 0.00073 ( 1)
  52 P   0.85084 0.14713 0.00165 0.00038 ( 1)
  53 L   0.88451 0.11374 0.00148 0.00027 ( 1)
  54 S   0.88134 0.11651 0.00181 0.00034 ( 1)
  55 Q   0.84458 0.15334 0.00168 0.00041 ( 1)
  56 K   0.55978 0.43600 0.00181 0.00241 ( 1)
  57 Y   0.89612 0.10137 0.00215 0.00036 ( 1)
  58 R   0.28369 0.71371 0.00061 0.00199 ( 2)
  59 V   0.82352 0.16765 0.00717 0.00166 ( 1)
  60 R   0.92523 0.07300 0.00157 0.00020 ( 1)
  61 V   0.92751 0.06933 0.00282 0.00034 ( 1)
  62 R   0.73334 0.26225 0.00311 0.00130 ( 1)
  63 Y   0.81467 0.18240 0.00221 0.00073 ( 1)
  64 A   0.68286 0.30799 0.00608 0.00306 ( 1)
  65 T   0.93193 0.06490 0.00284 0.00033 ( 1)
  66 N   0.57692 0.41821 0.00194 0.00293 ( 1)
  67 V   0.41728 0.46198 0.10769 0.01305 ( 2)
  68 S   0.36888 0.62853 0.00076 0.00184 ( 2)
  69 G   0.86210 0.12343 0.01225 0.00222 ( 1)
  70 Q   0.25203 0.73627 0.00258 0.00912 ( 2)
  71 F   0.21584 0.77789 0.00111 0.00516 ( 2)
  72 N   0.00936 0.97613 0.00012 0.01439 ( 2)
  73 V   0.67799 0.31311 0.00588 0.00302 ( 1)
  74 Y   0.00033 0.87690 0.00424 0.11852 ( 2)
  75 I   0.93677 0.05941 0.00345 0.00037 ( 1)
  76 N   0.54630 0.43509 0.00915 0.00946 ( 1)
  77 D   0.58455 0.40921 0.00303 0.00321 ( 1)
  78 K   0.50615 0.48917 0.00166 0.00303 ( 1)
  79 I   0.00260 0.88625 0.00343 0.10773 ( 2)
  80 T   0.28235 0.71187 0.00110 0.00468 ( 2)
  81 L   0.88451 0.11374 0.00148 0.00027 ( 1)
  82 Q   0.02097 0.96604 0.00021 0.01277 ( 2)
  83 T   0.00621 0.98783 0.00002 0.00594 ( 2)
  84 K   0.00018 0.93463 0.00001 0.06517 ( 2)
  85 F   0.88186 0.11536 0.00231 0.00048 ( 1)
  86 Q   0.37874 0.61393 0.00199 0.00534 ( 2)
  87 N   0.00554 0.96749 0.00116 0.02580 ( 2)
  88 T   0.91475 0.07950 0.00514 0.00061 ( 1)
  89 V   0.32715 0.46085 0.18649 0.02551 ( 2)
  90 E   0.01695 0.25908 0.65054 0.07342 ( 3)
  91 T   0.92146 0.07520 0.00296 0.00038 ( 1)
  92 I   0.93390 0.06224 0.00347 0.00039 ( 1)
  93 G   0.91109 0.08732 0.00139 0.00020 ( 1)
  94 E   0.93353 0.06374 0.00245 0.00028 ( 1)
  95 G   0.88712 0.11110 0.00150 0.00027 ( 1)
  96 K   0.39897 0.39140 0.19006 0.01957 ( 1)
  97 D   0.03022 0.96514 0.00008 0.00456 ( 2)
  98 L   0.27038 0.71577 0.00334 0.01051 ( 2)
  99 T   0.01056 0.78850 0.02792 0.17301 ( 2)
 100 -   0.52510 0.43454 0.02208 0.01827 ( 1)
 101 Y   0.04334 0.95318 0.00010 0.00337 ( 2)
 102 G   0.00431 0.98732 0.00002 0.00834 ( 2)
 103 S   0.02531 0.97066 0.00008 0.00395 ( 2)
 104 F   0.04937 0.94752 0.00010 0.00301 ( 2)
 105 G   0.04166 0.95594 0.00007 0.00233 ( 2)
 106 Y   0.89612 0.10137 0.00215 0.00036 ( 1)
 107 I   0.00408 0.94340 0.00218 0.05035 ( 2)
 108 E   0.92152 0.07573 0.00242 0.00033 ( 1)
 109 Y   0.89612 0.10137 0.00215 0.00036 ( 1)
 110 S   0.88134 0.11651 0.00181 0.00034 ( 1)
 111 T   0.68207 0.30940 0.00566 0.00287 ( 1)
 112 T   0.70791 0.27625 0.01093 0.00491 ( 1)
 113 I   0.93677 0.05941 0.00345 0.00037 ( 1)
 114 Q   0.84458 0.15334 0.00168 0.00041 ( 1)
 115 F   0.43684 0.56049 0.00090 0.00178 ( 2)
 116 P   0.00059 0.98252 0.00001 0.01688 ( 2)
 117 D   0.00423 0.98891 0.00001 0.00685 ( 2)
 118 -   0.52510 0.43454 0.02208 0.01827 ( 1)
 119 E   0.76669 0.23003 0.00241 0.00087 ( 1)
 120 H   0.89422 0.09794 0.00688 0.00097 ( 1)
 121 P   0.85084 0.14713 0.00165 0.00038 ( 1)
 122 -   0.52510 0.43454 0.02208 0.01827 ( 1)
 123 K   0.54907 0.44669 0.00177 0.00247 ( 1)
 124 I   0.79097 0.20160 0.00573 0.00170 ( 1)
 125 T   0.44053 0.55092 0.00281 0.00574 ( 2)
 126 L   0.00296 0.97061 0.00074 0.02569 ( 2)
 127 H   0.00026 0.98657 0.00000 0.01316 ( 2)
 128 L   0.29409 0.70236 0.00086 0.00269 ( 2)
 129 -   0.52510 0.43454 0.02208 0.01827 ( 1)
 130 S   0.00001 0.25471 0.00574 0.73953 ( 4)
 131 D   0.05416 0.93682 0.00046 0.00857 ( 2)
 132 L   0.09719 0.57924 0.21584 0.10773 ( 2)
 133 S   0.86102 0.13519 0.00320 0.00059 ( 1)
 134 N   0.00026 0.43160 0.05359 0.51455 ( 4)
 135 N   0.08404 0.88155 0.01428 0.02014 ( 2)
 136 S   0.02635 0.96466 0.00015 0.00884 ( 2)
 137 S   0.02580 0.89952 0.01706 0.05761 ( 2)
 138 F   0.42103 0.57627 0.00087 0.00183 ( 2)
 139 Y   0.89612 0.10137 0.00215 0.00036 ( 1)
 140 V   0.00291 0.98657 0.00002 0.01051 ( 2)
 141 D   0.01428 0.98104 0.00004 0.00464 ( 2)
 142 S   0.00186 0.96887 0.00005 0.02922 ( 2)
 143 I   0.79097 0.20160 0.00573 0.00170 ( 1)
 144 E   0.93353 0.06374 0.00245 0.00028 ( 1)
 145 F   0.88186 0.11536 0.00231 0.00048 ( 1)
 146 I   0.79097 0.20160 0.00573 0.00170 ( 1)
 147 P   0.76779 0.19186 0.03229 0.00807 ( 1)


lnL = -1468.774640

Bayes Empirical Bayes (BEB) probabilities for 4 classes (class)
(amino acids refer to 1st sequence: BT_Cry7Aa1)

   1 -   0.50605 0.42269 0.03899 0.03227 ( 1)
   2 -   0.12496 0.74456 0.06846 0.06202 ( 2)
   3 -   0.75784 0.22171 0.01283 0.00762 ( 1)
   4 K   0.89983 0.06865 0.02855 0.00297 ( 1)
   5 I   0.76139 0.21036 0.02030 0.00795 ( 1)
   6 T   0.27556 0.67929 0.01133 0.03382 ( 2)
   7 K   0.06179 0.87917 0.01452 0.04452 ( 2)
   8 I   0.92000 0.06003 0.01807 0.00190 ( 1)
   9 P   0.82114 0.15342 0.02041 0.00503 ( 1)
  10 A   0.90431 0.07611 0.01736 0.00222 ( 1)
  11 V   0.87160 0.09512 0.02919 0.00408 ( 1)
  12 K   0.92364 0.05712 0.01748 0.00176 ( 1)
  13 M   0.36535 0.61104 0.00671 0.01691 ( 2)
  14 Y   0.87604 0.10182 0.01899 0.00315 ( 1)
  15 K   0.08712 0.84865 0.02025 0.04398 ( 2)
  16 L   0.77234 0.18861 0.02990 0.00916 ( 1)
  17 D   0.00024 0.83764 0.00048 0.16165 ( 2)
  18 D   0.00158 0.88849 0.00306 0.10687 ( 2)
  19 P   0.00558 0.95955 0.00014 0.03474 ( 2)
  20 S   0.04445 0.84091 0.02803 0.08661 ( 2)
  21 T   0.02330 0.31857 0.57250 0.08563 ( 3)
  22 V   0.42939 0.54517 0.00821 0.01723 ( 2)
  23 V   0.73183 0.23786 0.02102 0.00930 ( 1)
  24 K   0.92364 0.05712 0.01748 0.00176 ( 1)
  25 G   0.69484 0.25807 0.03352 0.01357 ( 1)
  26 P   0.84212 0.13417 0.01953 0.00419 ( 1)
  27 G   0.86657 0.11148 0.01861 0.00335 ( 1)
  28 F   0.29504 0.43134 0.23994 0.03368 ( 2)
  29 T   0.90355 0.07583 0.01828 0.00234 ( 1)
  30 G   0.89169 0.08895 0.01689 0.00248 ( 1)
  31 G   0.86657 0.11148 0.01861 0.00335 ( 1)
  32 D   0.93803 0.04522 0.01548 0.00127 ( 1)
  33 L   0.80401 0.16734 0.02262 0.00603 ( 1)
  34 V   0.91012 0.06997 0.01779 0.00212 ( 1)
  35 K   0.77411 0.19459 0.02393 0.00737 ( 1)
  36 R   0.90798 0.07368 0.01632 0.00202 ( 1)
  37 G   0.63263 0.31975 0.03073 0.01689 ( 1)
  38 S   0.93061 0.05345 0.01458 0.00136 ( 1)
  39 T   0.10551 0.86640 0.00194 0.02615 ( 2)
  40 G   0.89271 0.08795 0.01690 0.00245 ( 1)
  41 Y   0.04428 0.79812 0.04467 0.11292 ( 2)
  42 I   0.91676 0.06286 0.01837 0.00201 ( 1)
  43 G   0.86657 0.11148 0.01861 0.00335 ( 1)
  44 D   0.06037 0.90088 0.00173 0.03703 ( 2)
  45 I   0.07664 0.88335 0.00812 0.03189 ( 2)
  46 K   0.19623 0.58409 0.16607 0.05361 ( 2)
  47 A   0.41322 0.55365 0.01142 0.02171 ( 2)
  48 T   0.66163 0.29410 0.02961 0.01466 ( 1)
  49 V   0.89836 0.08057 0.01857 0.00251 ( 1)
  50 N   0.77586 0.19364 0.02330 0.00720 ( 1)
  51 S   0.79224 0.17779 0.02336 0.00662 ( 1)
  52 P   0.82779 0.14685 0.02055 0.00481 ( 1)
  53 L   0.86385 0.11409 0.01863 0.00343 ( 1)
  54 S   0.86034 0.11680 0.01924 0.00362 ( 1)
  55 Q   0.82112 0.15290 0.02090 0.00509 ( 1)
  56 K   0.50952 0.46638 0.00947 0.01463 ( 1)
  57 Y   0.87604 0.10182 0.01899 0.00315 ( 1)
  58 R   0.26251 0.70532 0.00704 0.02513 ( 2)
  59 V   0.79127 0.16510 0.03539 0.00825 ( 1)
  60 R   0.90798 0.07368 0.01632 0.00202 ( 1)
  61 V   0.91012 0.06997 0.01779 0.00212 ( 1)
  62 R   0.70472 0.25720 0.02679 0.01129 ( 1)
  63 Y   0.79403 0.18207 0.01804 0.00587 ( 1)
  64 A   0.65417 0.30038 0.03016 0.01529 ( 1)
  65 T   0.91499 0.06555 0.01750 0.00197 ( 1)
  66 N   0.52627 0.45020 0.00891 0.01462 ( 1)
  67 V   0.32574 0.40443 0.24027 0.02956 ( 2)
  68 S   0.33705 0.63564 0.00731 0.02000 ( 2)
  69 G   0.84020 0.12352 0.03069 0.00559 ( 1)
  70 Q   0.23441 0.72122 0.00928 0.03510 ( 2)
  71 F   0.20360 0.75746 0.00672 0.03223 ( 2)
  72 N   0.01471 0.93586 0.00060 0.04884 ( 2)
  73 V   0.64921 0.30514 0.03007 0.01558 ( 1)
  74 Y   0.00154 0.81774 0.00857 0.17215 ( 2)
  75 I   0.92000 0.06003 0.01807 0.00190 ( 1)
  76 N   0.49401 0.46169 0.01995 0.02435 ( 1)
  77 D   0.53161 0.44037 0.01247 0.01555 ( 1)
  78 K   0.45984 0.51463 0.00859 0.01694 ( 2)
  79 I   0.00629 0.83518 0.00703 0.15150 ( 2)
  80 T   0.26284 0.70785 0.00550 0.02381 ( 2)
  81 L   0.86385 0.11409 0.01863 0.00343 ( 1)
  82 Q   0.02977 0.92505 0.00107 0.04410 ( 2)
  83 T   0.01427 0.95509 0.00024 0.03040 ( 2)
  84 K   0.00098 0.92069 0.00008 0.07826 ( 2)
  85 F   0.86279 0.11589 0.01776 0.00355 ( 1)
  86 Q   0.34522 0.62199 0.00852 0.02427 ( 2)
  87 N   0.01263 0.91898 0.00389 0.06450 ( 2)
  88 T   0.89053 0.07958 0.02675 0.00314 ( 1)
  89 V   0.25428 0.39246 0.31034 0.04291 ( 2)
  90 E   0.02096 0.24494 0.65746 0.07664 ( 3)
  91 T   0.90355 0.07583 0.01828 0.00234 ( 1)
  92 I   0.91676 0.06286 0.01837 0.00201 ( 1)
  93 G   0.89271 0.08795 0.01690 0.00245 ( 1)
  94 E   0.91662 0.06438 0.01710 0.00189 ( 1)
  95 G   0.86657 0.11148 0.01861 0.00335 ( 1)
  96 K   0.31027 0.34148 0.31546 0.03280 ( 2)
  97 D   0.04293 0.93041 0.00064 0.02602 ( 2)
  98 L   0.24987 0.70323 0.01062 0.03629 ( 2)
  99 T   0.01567 0.76835 0.03167 0.18431 ( 2)
 100 -   0.50605 0.42269 0.03899 0.03227 ( 1)
 101 Y   0.05615 0.91435 0.00110 0.02840 ( 2)
 102 G   0.01036 0.95377 0.00023 0.03563 ( 2)
 103 S   0.03516 0.92918 0.00094 0.03471 ( 2)
 104 F   0.06281 0.90989 0.00109 0.02621 ( 2)
 105 G   0.05434 0.91701 0.00105 0.02761 ( 2)
 106 Y   0.87604 0.10182 0.01899 0.00315 ( 1)
 107 I   0.00940 0.88257 0.00608 0.10194 ( 2)
 108 E   0.90445 0.07642 0.01687 0.00225 ( 1)
 109 Y   0.87604 0.10182 0.01899 0.00315 ( 1)
 110 S   0.86034 0.11680 0.01924 0.00362 ( 1)
 111 T   0.65326 0.30166 0.02984 0.01524 ( 1)
 112 T   0.68303 0.27178 0.03112 0.01407 ( 1)
 113 I   0.92000 0.06003 0.01807 0.00190 ( 1)
 114 Q   0.82112 0.15290 0.02090 0.00509 ( 1)
 115 F   0.39747 0.57818 0.00745 0.01690 ( 2)
 116 P   0.00175 0.94167 0.00009 0.05649 ( 2)
 117 D   0.01021 0.95945 0.00016 0.03018 ( 2)
 118 -   0.50605 0.42269 0.03899 0.03227 ( 1)
 119 E   0.73925 0.22672 0.02492 0.00911 ( 1)
 120 H   0.86922 0.09784 0.02881 0.00413 ( 1)
 121 P   0.82779 0.14685 0.02055 0.00481 ( 1)
 122 -   0.50605 0.42269 0.03899 0.03227 ( 1)
 123 K   0.49950 0.47628 0.00928 0.01494 ( 1)
 124 I   0.76100 0.19851 0.03116 0.00933 ( 1)
 125 T   0.39956 0.56751 0.01021 0.02272 ( 2)
 126 L   0.00718 0.90793 0.00332 0.08156 ( 2)
 127 H   0.00133 0.95824 0.00003 0.04039 ( 2)
 128 L   0.27143 0.69576 0.00740 0.02542 ( 2)
 129 -   0.50605 0.42269 0.03899 0.03227 ( 1)
 130 S   0.00014 0.48029 0.00680 0.51277 ( 4)
 131 D   0.06748 0.89413 0.00217 0.03623 ( 2)
 132 L   0.09272 0.54581 0.24141 0.12006 ( 2)
 133 S   0.83053 0.13384 0.02999 0.00565 ( 1)
 134 N   0.00104 0.56948 0.04014 0.38934 ( 2)
 135 N   0.09299 0.82121 0.03279 0.05301 ( 2)
 136 S   0.03644 0.92543 0.00097 0.03715 ( 2)
 137 S   0.03338 0.82618 0.03239 0.10806 ( 2)
 138 F   0.38352 0.59200 0.00718 0.01729 ( 2)
 139 Y   0.87604 0.10182 0.01899 0.00315 ( 1)
 140 V   0.00731 0.95301 0.00020 0.03949 ( 2)
 141 D   0.02606 0.94711 0.00038 0.02644 ( 2)
 142 S   0.00487 0.93159 0.00028 0.06326 ( 2)
 143 I   0.76100 0.19851 0.03116 0.00933 ( 1)
 144 E   0.91662 0.06438 0.01710 0.00189 ( 1)
 145 F   0.86279 0.11589 0.01776 0.00355 ( 1)
 146 I   0.76100 0.19851 0.03116 0.00933 ( 1)
 147 P   0.73950 0.18924 0.05689 0.01437 ( 1)

