Supplemental results for CODEML (seqf: algn  treef: tree)


dN/dS (w) for site classes (K=4)

site class             0        1       2a       2b
proportion       0.27460  0.58472  0.04496  0.09573
background w     0.04898  1.00000  0.04898  1.00000
foreground w     0.04898  1.00000 37.54143 37.54143

Naive Empirical Bayes (NEB) probabilities for 4 classes
(amino acids refer to 1st sequence: BT_Cry32Ea1)

   1 P   0.99267 0.00369 0.00361 0.00003 ( 1)
   2 T   0.98451 0.01043 0.00497 0.00009 ( 1)
   3 K   0.99330 0.00297 0.00371 0.00002 ( 1)
   4 S   0.94253 0.05283 0.00431 0.00033 ( 1)
   5 Q   0.98956 0.00781 0.00261 0.00003 ( 1)
   6 L   0.90688 0.08999 0.00280 0.00033 ( 1)
   7 T   0.98194 0.01304 0.00492 0.00011 ( 1)
   8 R   0.91204 0.08519 0.00248 0.00029 ( 1)
   9 T   0.01504 0.92506 0.01752 0.04238 ( 2)
  10 L   0.01981 0.97568 0.00007 0.00445 ( 2)
  11 Y   0.93783 0.05749 0.00410 0.00058 ( 1)
  12 T   0.96751 0.02555 0.00673 0.00022 ( 1)
  13 N   0.00291 0.98912 0.00001 0.00796 ( 2)
  14 P   0.00001 0.95283 0.00001 0.04715 ( 2)
  15 V   0.71901 0.27703 0.00247 0.00150 ( 1)
  16 G   0.02110 0.97501 0.00006 0.00383 ( 2)
  17 E   0.00000 0.96351 0.00000 0.03649 ( 2)
  18 F   0.00000 0.98337 0.00000 0.01663 ( 2)
  19 -   0.23442 0.75766 0.00116 0.00675 ( 2)
  20 -   0.00243 0.63172 0.04540 0.32045 ( 2)
  21 -   0.55309 0.43894 0.00255 0.00542 ( 1)
  22 -   0.00198 0.76220 0.07555 0.16027 ( 2)
  23 R   0.00001 0.97296 0.00000 0.02703 ( 2)
  24 Y   0.00009 0.98814 0.00001 0.01176 ( 2)
  25 L   0.00000 0.98504 0.00000 0.01496 ( 2)
  26 E   0.00007 0.76906 0.00041 0.23046 ( 2)
  27 N   0.00000 0.95311 0.00000 0.04689 ( 2)
  28 I   0.57030 0.40142 0.01267 0.01561 ( 1)
  29 D   0.00735 0.95598 0.00022 0.03645 ( 2)
  30 S   0.00009 0.97603 0.00000 0.02388 ( 2)
  31 F   0.00019 0.56066 0.05265 0.38650 ( 2)
  32 E   0.99321 0.00362 0.00315 0.00002 ( 1)
  33 N   0.39135 0.59734 0.00205 0.00926 ( 2)
  34 A   0.00000 0.96372 0.00000 0.03628 ( 2)
  35 L   0.10877 0.87861 0.00074 0.01189 ( 2)
  36 V   0.99435 0.00184 0.00379 0.00002 ( 1)
  37 A   0.27899 0.45925 0.23269 0.02907 ( 2)
  38 P   0.00060 0.98359 0.00045 0.01536 ( 2)
  39 P   0.64698 0.34902 0.00219 0.00182 ( 1)
  40 Q   0.00594 0.98850 0.00002 0.00554 ( 2)
  41 L   0.95327 0.04381 0.00274 0.00018 ( 1)
  42 F   0.97893 0.00146 0.01957 0.00004 ( 1)
  43 T   0.00004 0.93629 0.00001 0.06366 ( 2)
  44 W   0.93868 0.05975 0.00145 0.00012 ( 1)
  45 L   0.95233 0.04476 0.00273 0.00018 ( 1)
  46 R   0.00061 0.94542 0.00000 0.05396 ( 2)
  47 E   0.00001 0.31118 0.00294 0.68587 ( 4)
  48 I   0.03600 0.95931 0.00014 0.00455 ( 2)
  49 E   0.32458 0.49266 0.15846 0.02430 ( 2)
  50 I   0.00001 0.84399 0.00002 0.15597 ( 2)
  51 P   0.00037 0.88524 0.00006 0.11433 ( 2)
  52 V   0.00050 0.81341 0.00513 0.18095 ( 2)
  53 G   0.00099 0.78149 0.00482 0.21270 ( 2)
  54 I   0.01616 0.91219 0.00174 0.06991 ( 2)
  55 V   0.00107 0.97709 0.00005 0.02178 ( 2)
  56 Y   0.00000 0.71215 0.00002 0.28783 ( 2)
  57 L   0.00003 0.88573 0.00002 0.11422 ( 2)
  58 N   0.00013 0.93201 0.00014 0.06771 ( 2)
  59 D   0.00100 0.98116 0.00001 0.01784 ( 2)
  60 R   0.00000 0.81609 0.00000 0.18391 ( 2)
  61 A   0.00001 0.94585 0.00001 0.05414 ( 2)
  62 P   0.00211 0.85721 0.00035 0.14034 ( 2)
  63 L   0.00000 0.58453 0.00000 0.41547 ( 2)
  64 L   0.00002 0.57336 0.00028 0.42633 ( 2)
  65 C   0.00067 0.98742 0.00000 0.01191 ( 2)
  66 K   0.01214 0.98009 0.00005 0.00773 ( 2)
  67 Q   0.98702 0.01021 0.00272 0.00005 ( 1)
  68 T   0.00499 0.98017 0.00003 0.01481 ( 2)
  69 L   0.03708 0.95960 0.00009 0.00324 ( 2)
  70 Q   0.00042 0.96346 0.00012 0.03600 ( 2)
  71 R   0.00008 0.98223 0.00000 0.01769 ( 2)
  72 T   0.99159 0.00281 0.00556 0.00004 ( 1)
  73 L   0.01651 0.93511 0.00061 0.04776 ( 2)
  74 S   0.00114 0.61254 0.05544 0.33088 ( 2)
  75 S   0.00000 0.67274 0.00005 0.32721 ( 2)
  76 T   0.00000 0.00092 0.00125 0.99783 ( 4)
  77 T   0.00000 0.00193 0.00071 0.99736 ( 4)
  78 W   0.00003 0.99785 0.00000 0.00212 ( 2)
  79 S   0.00104 0.99299 0.00000 0.00596 ( 2)
  80 I   0.01248 0.98085 0.00005 0.00662 ( 2)
  81 T   0.00043 0.95758 0.00006 0.04193 ( 2)
  82 Q   0.82272 0.17423 0.00221 0.00083 ( 1)
  83 G   0.95677 0.04048 0.00259 0.00016 ( 1)
  84 E   0.00030 0.98797 0.00000 0.01173 ( 2)
  85 I   0.00022 0.94304 0.00010 0.05664 ( 2)
  86 T   0.00937 0.95669 0.00007 0.03388 ( 2)
  87 T   0.00000 0.38798 0.00005 0.61197 ( 4)
  88 P   0.00000 0.95803 0.00000 0.04196 ( 2)
  89 V   0.00003 0.97191 0.00000 0.02805 ( 2)
  90 I   0.30294 0.55638 0.04960 0.09109 ( 2)
  91 D   0.00491 0.85440 0.00080 0.13988 ( 2)
  92 T   0.55768 0.30163 0.09130 0.04938 ( 1)
  93 L   0.00003 0.86462 0.00000 0.13535 ( 2)
  94 T   0.00007 0.79977 0.00018 0.19998 ( 2)
  95 L   0.01817 0.80444 0.06964 0.10775 ( 2)
  96 T   0.00019 0.78992 0.01707 0.19282 ( 2)
  97 I   0.11218 0.25335 0.54989 0.08458 ( 3)
  98 E   0.00000 0.22210 0.00201 0.77588 ( 4)
  99 P   0.00000 0.97875 0.00000 0.02125 ( 2)
 100 P   0.00068 0.00401 0.97702 0.01830 ( 3)
 101 H   0.00000 0.27207 0.00001 0.72792 ( 4)
 102 Y   0.00142 0.95666 0.00026 0.04165 ( 2)
 103 Q   0.00012 0.62703 0.02076 0.35208 ( 2)
 104 D   0.59684 0.39598 0.00247 0.00471 ( 1)
 105 D   0.97262 0.02309 0.00402 0.00027 ( 1)
 106 V   0.21834 0.05617 0.71751 0.00798 ( 3)
 107 W   0.38713 0.61105 0.00060 0.00123 ( 2)
 108 K   0.00026 0.99114 0.00000 0.00859 ( 2)
 109 V   0.92572 0.06933 0.00404 0.00091 ( 1)
 110 N   0.00745 0.98356 0.00003 0.00897 ( 2)
 111 T   0.00085 0.98098 0.00002 0.01815 ( 2)
 112 H   0.00009 0.49525 0.03037 0.47429 ( 2)
 113 G   0.00006 0.98924 0.00000 0.01070 ( 2)
 114 I   0.00023 0.45938 0.00080 0.53960 ( 4)
 115 S   0.00018 0.96657 0.00000 0.03325 ( 2)
 116 -   0.00010 0.85921 0.00002 0.14067 ( 2)
 117 -   0.00007 0.85924 0.00001 0.14067 ( 2)
 118 -   0.00011 0.86814 0.00022 0.13154 ( 2)
 119 -   0.00001 0.28998 0.00051 0.70950 ( 4)
 120 -   0.00002 0.77067 0.00131 0.22800 ( 2)
 121 -   0.00076 0.95051 0.00084 0.04790 ( 2)
 122 G   0.00000 0.29394 0.00001 0.70605 ( 4)
 123 N   0.00010 0.98531 0.00000 0.01458 ( 2)
 124 T   0.00004 0.98289 0.00000 0.01707 ( 2)
 125 D   0.00000 0.15563 0.00027 0.84410 ( 4)
 126 T   0.00880 0.93562 0.00547 0.05011 ( 2)
 127 V   0.05413 0.94037 0.00019 0.00531 ( 2)
 128 T   0.00001 0.43874 0.00091 0.56034 ( 4)
 129 G   0.00000 0.01432 0.00128 0.98441 ( 4)
 130 W   0.00410 0.99379 0.00001 0.00210 ( 2)
 131 T   0.43218 0.56248 0.00193 0.00341 ( 2)
 132 F   0.95264 0.04343 0.00315 0.00078 ( 1)
 133 N   0.00000 0.98482 0.00000 0.01518 ( 2)
 134 F   0.77490 0.20627 0.01432 0.00452 ( 1)
 135 I   0.05037 0.84752 0.05172 0.05039 ( 2)
 136 K   0.00159 0.09725 0.78730 0.11385 ( 3)
 137 S   0.07303 0.92007 0.00038 0.00652 ( 2)
 138 P   0.00000 0.06994 0.00078 0.92928 ( 4)
 139 D   0.99515 0.00073 0.00411 0.00001 ( 1)
 140 Q   0.98160 0.01565 0.00268 0.00007 ( 1)
 141 T   0.00312 0.45110 0.38544 0.16035 ( 2)
 142 L   0.01052 0.97723 0.00006 0.01219 ( 2)
 143 M   0.00000 0.29469 0.00001 0.70531 ( 4)
 144 V   0.00194 0.62759 0.02442 0.34605 ( 2)
 145 T   0.00000 0.96933 0.00000 0.03067 ( 2)
 146 N   0.00053 0.63292 0.00142 0.36513 ( 2)
 147 N   0.00000 0.45347 0.00004 0.54649 ( 4)
 148 I   0.30294 0.55638 0.04960 0.09109 ( 2)
 149 A   0.00108 0.85824 0.00018 0.14051 ( 2)
 150 P   0.01127 0.84804 0.00185 0.13884 ( 2)
 151 G   0.00073 0.90969 0.00053 0.08905 ( 2)
 152 S   0.00010 0.42965 0.03376 0.53648 ( 4)
 153 V   0.00000 0.96166 0.00000 0.03834 ( 2)
 154 T   0.00000 0.88650 0.00004 0.11346 ( 2)
 155 D   0.01535 0.96845 0.00009 0.01611 ( 2)
 156 R   0.03237 0.91027 0.00240 0.05496 ( 2)
 157 W   0.00005 0.94817 0.00004 0.05173 ( 2)
 158 S   0.00000 0.35102 0.00050 0.64848 ( 4)
 159 G   0.95462 0.04305 0.00220 0.00013 ( 1)
 160 F   0.03120 0.96279 0.00018 0.00583 ( 2)
 161 P   0.99456 0.00194 0.00348 0.00001 ( 1)
 162 C   0.99606 0.00134 0.00259 0.00001 ( 1)
 163 R   0.86832 0.12907 0.00210 0.00051 ( 1)
 164 G   0.04304 0.74775 0.02350 0.18571 ( 2)
 165 N   0.57313 0.02137 0.40432 0.00118 ( 1)
 166 D   0.76364 0.13549 0.09534 0.00552 ( 1)
 167 S   0.00422 0.98888 0.00002 0.00688 ( 2)
 168 V   0.00114 0.99095 0.00000 0.00790 ( 2)
 169 I   0.18831 0.80180 0.00083 0.00906 ( 2)
 170 C   0.99606 0.00134 0.00259 0.00001 ( 1)
 171 D   0.97832 0.00136 0.02027 0.00004 ( 1)
 172 P   0.97744 0.00620 0.01625 0.00011 ( 1)
 173 C   0.99606 0.00134 0.00259 0.00001 ( 1)
 174 D   0.98849 0.00733 0.00409 0.00009 ( 1)
 175 F   0.00264 0.46543 0.35478 0.17715 ( 2)
 176 E   0.05285 0.84269 0.05240 0.05206 ( 2)
 177 N   0.99196 0.00255 0.00544 0.00004 ( 1)
 178 T   0.94893 0.04737 0.00333 0.00037 ( 1)
 179 C   0.99606 0.00134 0.00259 0.00001 ( 1)
 180 R   0.00010 0.95224 0.00001 0.04765 ( 2)
 181 K   0.01994 0.94177 0.00483 0.03346 ( 2)
 182 E   0.05792 0.91037 0.00130 0.03041 ( 2)
 183 T   0.00014 0.99388 0.00000 0.00598 ( 2)
 184 P   0.38017 0.61399 0.00133 0.00450 ( 2)
 185 N   0.98695 0.01007 0.00294 0.00005 ( 1)
 186 T   0.01258 0.98091 0.00006 0.00646 ( 2)
 187 S   0.14116 0.84575 0.00080 0.01228 ( 2)
 188 V   0.00028 0.99465 0.00000 0.00506 ( 2)
 189 P   0.99456 0.00194 0.00348 0.00001 ( 1)
 190 C   0.99467 0.00263 0.00268 0.00002 ( 1)
 191 D   0.04676 0.92152 0.00485 0.02687 ( 2)
 192 D   0.99313 0.00258 0.00425 0.00003 ( 1)
 193 K   0.90330 0.09263 0.00337 0.00069 ( 1)
 194 Q   0.00170 0.95263 0.00131 0.04436 ( 2)
 195 H   0.31681 0.67810 0.00147 0.00361 ( 2)
 196 Y   0.99394 0.00170 0.00435 0.00002 ( 1)
 197 S   0.99647 0.00052 0.00301 0.00000 ( 1)
 198 H   0.99512 0.00140 0.00347 0.00001 ( 1)
 199 R   0.93653 0.06075 0.00251 0.00020 ( 1)
 200 L   0.26309 0.71369 0.00854 0.01468 ( 2)
 201 S   0.06064 0.07655 0.80385 0.05895 ( 3)
 202 Y   0.99394 0.00170 0.00435 0.00002 ( 1)
 203 V   0.00063 0.83335 0.00236 0.16366 ( 2)
 204 G   0.99537 0.00163 0.00299 0.00001 ( 1)
 205 A   0.40741 0.58758 0.00173 0.00329 ( 2)
 206 Q   0.00011 0.99057 0.00000 0.00933 ( 2)
 207 G   0.01329 0.84602 0.00218 0.13851 ( 2)
 208 -   0.27460 0.58472 0.04496 0.09573 ( 2)
 209 A   0.00023 0.85908 0.00004 0.14065 ( 2)
 210 S   0.00098 0.85833 0.00016 0.14052 ( 2)
 211 K   0.00001 0.87166 0.00004 0.12829 ( 2)
 212 H   0.00302 0.95165 0.00024 0.04508 ( 2)
 213 G   0.00000 0.66892 0.00001 0.33106 ( 2)
 214 F   0.00001 0.97062 0.00000 0.02937 ( 2)
 215 T   0.00009 0.88641 0.00020 0.11329 ( 2)
 216 P   0.97744 0.00620 0.01625 0.00011 ( 1)
 217 F   0.00001 0.94444 0.00000 0.05555 ( 2)
 218 E   0.00001 0.20143 0.00479 0.79378 ( 4)
 219 L   0.29211 0.70247 0.00170 0.00372 ( 2)
 220 M   0.00008 0.98928 0.00000 0.01064 ( 2)
 221 W   0.00000 0.98602 0.00000 0.01397 ( 2)
 222 F   0.63890 0.01406 0.34640 0.00065 ( 1)
 223 G   0.00072 0.94327 0.00054 0.05546 ( 2)
 224 Y   0.85517 0.13937 0.00395 0.00151 ( 1)
 225 G   0.89502 0.10176 0.00283 0.00039 ( 1)
 226 W   0.93868 0.05975 0.00145 0.00012 ( 1)
 227 T   0.97466 0.01972 0.00543 0.00019 ( 1)
 228 H   0.98135 0.00714 0.01132 0.00019 ( 1)
 229 V   0.75596 0.24026 0.00252 0.00125 ( 1)
 230 S   0.99145 0.00054 0.00799 0.00001 ( 1)


lnL = -3637.949305

Bayes Empirical Bayes (BEB) probabilities for 4 classes (class)
(amino acids refer to 1st sequence: BT_Cry32Ea1)

   1 P   0.98443 0.00373 0.01175 0.00009 ( 1)
   2 T   0.96728 0.01043 0.02191 0.00039 ( 1)
   3 K   0.98414 0.00300 0.01279 0.00008 ( 1)
   4 S   0.91547 0.05202 0.03021 0.00230 ( 1)
   5 Q   0.97893 0.00785 0.01306 0.00016 ( 1)
   6 L   0.86603 0.08703 0.04189 0.00505 ( 1)
   7 T   0.96467 0.01302 0.02182 0.00048 ( 1)
   8 R   0.88022 0.08329 0.03264 0.00385 ( 1)
   9 T   0.01494 0.87380 0.02838 0.08289 ( 2)
  10 L   0.01985 0.93856 0.00067 0.04092 ( 2)
  11 Y   0.92886 0.05683 0.01259 0.00172 ( 1)
  12 T   0.93274 0.02501 0.04087 0.00138 ( 1)
  13 N   0.00300 0.96033 0.00006 0.03661 ( 2)
  14 P   0.00001 0.86720 0.00002 0.13277 ( 2)
  15 V   0.70855 0.27086 0.01294 0.00765 ( 1)
  16 G   0.02146 0.95149 0.00042 0.02663 ( 2)
  17 E   0.00000 0.89312 0.00000 0.10688 ( 2)
  18 F   0.00000 0.94578 0.00000 0.05422 ( 2)
  19 -   0.23116 0.73461 0.00524 0.02899 ( 2)
  20 -   0.00159 0.39544 0.07523 0.52775 ( 4)
  21 -   0.54278 0.43307 0.00789 0.01626 ( 1)
  22 -   0.00150 0.55283 0.14331 0.30236 ( 2)
  23 R   0.00001 0.92358 0.00000 0.07641 ( 2)
  24 Y   0.00009 0.95504 0.00001 0.04486 ( 2)
  25 L   0.00000 0.95684 0.00000 0.04315 ( 2)
  26 E   0.00006 0.56914 0.00082 0.42998 ( 2)
  27 N   0.00000 0.87388 0.00000 0.12612 ( 2)
  28 I   0.55809 0.38869 0.02443 0.02878 ( 1)
  29 D   0.00731 0.89633 0.00062 0.09574 ( 2)
  30 S   0.00009 0.88045 0.00001 0.11945 ( 2)
  31 F   0.00014 0.36734 0.07789 0.55463 ( 4)
  32 E   0.98410 0.00365 0.01217 0.00008 ( 1)
  33 N   0.39015 0.57867 0.00594 0.02523 ( 2)
  34 A   0.00001 0.90142 0.00000 0.09857 ( 2)
  35 L   0.10968 0.85370 0.00242 0.03420 ( 2)
  36 V   0.98611 0.00186 0.01198 0.00005 ( 1)
  37 A   0.19058 0.30586 0.44882 0.05474 ( 3)
  38 P   0.00063 0.95543 0.00124 0.04270 ( 2)
  39 P   0.63644 0.34007 0.01299 0.01050 ( 1)
  40 Q   0.00623 0.97555 0.00006 0.01816 ( 2)
  41 L   0.93490 0.04357 0.02023 0.00131 ( 1)
  42 F   0.96099 0.00147 0.03746 0.00008 ( 1)
  43 T   0.00004 0.92907 0.00001 0.07088 ( 2)
  44 W   0.91501 0.05901 0.02399 0.00199 ( 1)
  45 L   0.93401 0.04452 0.02015 0.00133 ( 1)
  46 R   0.00061 0.86758 0.00001 0.13180 ( 2)
  47 E   0.00001 0.24216 0.00337 0.75446 ( 4)
  48 I   0.03609 0.92409 0.00113 0.03868 ( 2)
  49 E   0.26963 0.39798 0.28877 0.04363 ( 2)
  50 I   0.00001 0.72957 0.00005 0.27038 ( 2)
  51 P   0.00033 0.73304 0.00015 0.26647 ( 2)
  52 V   0.00047 0.70772 0.00683 0.28498 ( 2)
  53 G   0.00080 0.59380 0.00958 0.39582 ( 2)
  54 I   0.01578 0.85431 0.00302 0.12689 ( 2)
  55 V   0.00111 0.93901 0.00016 0.05972 ( 2)
  56 Y   0.00000 0.58155 0.00003 0.41842 ( 2)
  57 L   0.00003 0.83201 0.00002 0.16794 ( 2)
  58 N   0.00013 0.82987 0.00038 0.16962 ( 2)
  59 D   0.00104 0.95004 0.00002 0.04890 ( 2)
  60 R   0.00000 0.72628 0.00000 0.27372 ( 2)
  61 A   0.00001 0.83891 0.00003 0.16105 ( 2)
  62 P   0.00207 0.80554 0.00050 0.19189 ( 2)
  63 L   0.00000 0.41324 0.00000 0.58676 ( 4)
  64 L   0.00003 0.63649 0.00025 0.36323 ( 2)
  65 C   0.00071 0.96427 0.00001 0.03501 ( 2)
  66 K   0.01262 0.96133 0.00017 0.02588 ( 2)
  67 Q   0.97628 0.01027 0.01323 0.00022 ( 1)
  68 T   0.00516 0.95561 0.00009 0.03914 ( 2)
  69 L   0.03739 0.93033 0.00093 0.03136 ( 2)
  70 Q   0.00041 0.87990 0.00042 0.11927 ( 2)
  71 R   0.00009 0.95067 0.00000 0.04925 ( 2)
  72 T   0.98033 0.00284 0.01672 0.00011 ( 1)
  73 L   0.01644 0.89350 0.00123 0.08883 ( 2)
  74 S   0.00137 0.68260 0.04191 0.27411 ( 2)
  75 S   0.00000 0.56002 0.00008 0.43990 ( 2)
  76 T   0.00000 0.01076 0.00129 0.98795 ( 4)
  77 T   0.00000 0.05857 0.00072 0.94071 ( 4)
  78 W   0.00003 0.96670 0.00000 0.03326 ( 2)
  79 S   0.00105 0.94318 0.00005 0.05571 ( 2)
  80 I   0.01294 0.95936 0.00021 0.02749 ( 2)
  81 T   0.00043 0.89529 0.00019 0.10409 ( 2)
  82 Q   0.81449 0.17140 0.01038 0.00373 ( 1)
  83 G   0.94036 0.04035 0.01820 0.00110 ( 1)
  84 E   0.00031 0.95401 0.00001 0.04568 ( 2)
  85 I   0.00021 0.85385 0.00028 0.14566 ( 2)
  86 T   0.00932 0.89906 0.00020 0.09143 ( 2)
  87 T   0.00000 0.29700 0.00006 0.70294 ( 4)
  88 P   0.00000 0.88750 0.00000 0.11250 ( 2)
  89 V   0.00003 0.89966 0.00002 0.10029 ( 2)
  90 I   0.28431 0.52330 0.06787 0.12451 ( 2)
  91 D   0.00481 0.80280 0.00115 0.19124 ( 2)
  92 T   0.52269 0.28492 0.12466 0.06772 ( 1)
  93 L   0.00003 0.72487 0.00001 0.27508 ( 2)
  94 T   0.00007 0.73870 0.00027 0.26097 ( 2)
  95 L   0.01504 0.64075 0.11907 0.22514 ( 2)
  96 T   0.00015 0.58885 0.03490 0.37610 ( 2)
  97 I   0.10703 0.23567 0.56735 0.08994 ( 3)
  98 E   0.00000 0.24723 0.00210 0.75066 ( 4)
  99 P   0.00000 0.90382 0.00000 0.09618 ( 2)
 100 P   0.00078 0.00454 0.97642 0.01826 ( 3)
 101 H   0.00000 0.21885 0.00001 0.78114 ( 4)
 102 Y   0.00140 0.88387 0.00076 0.11398 ( 2)
 103 Q   0.00010 0.48276 0.02981 0.48733 ( 4)
 104 D   0.59464 0.38456 0.00741 0.01339 ( 1)
 105 D   0.96432 0.02290 0.01199 0.00080 ( 1)
 106 V   0.14518 0.03729 0.80347 0.01406 ( 3)
 107 W   0.37963 0.59041 0.00998 0.01999 ( 2)
 108 K   0.00028 0.97186 0.00000 0.02786 ( 2)
 109 V   0.91682 0.06853 0.01208 0.00257 ( 1)
 110 N   0.00774 0.96422 0.00011 0.02794 ( 2)
 111 T   0.00089 0.94813 0.00006 0.05091 ( 2)
 112 H   0.00007 0.38257 0.03748 0.57988 ( 4)
 113 G   0.00006 0.96732 0.00000 0.03262 ( 2)
 114 I   0.00023 0.43215 0.00098 0.56664 ( 4)
 115 S   0.00018 0.93499 0.00001 0.06482 ( 2)
 116 -   0.00010 0.80751 0.00002 0.19236 ( 2)
 117 -   0.00007 0.80754 0.00002 0.19237 ( 2)
 118 -   0.00010 0.70821 0.00052 0.29117 ( 2)
 119 -   0.00001 0.39717 0.00047 0.60235 ( 4)
 120 -   0.00001 0.57735 0.00252 0.42011 ( 2)
 121 -   0.00070 0.82178 0.00300 0.17453 ( 2)
 122 G   0.00000 0.36616 0.00001 0.63383 ( 4)
 123 N   0.00011 0.96089 0.00000 0.03899 ( 2)
 124 T   0.00004 0.95161 0.00000 0.04834 ( 2)
 125 D   0.00000 0.19223 0.00027 0.80749 ( 4)
 126 T   0.00845 0.85020 0.01497 0.12638 ( 2)
 127 V   0.05490 0.91728 0.00102 0.02679 ( 2)
 128 T   0.00001 0.34646 0.00121 0.65232 ( 4)
 129 G   0.00000 0.03902 0.00131 0.95966 ( 4)
 130 W   0.00422 0.96264 0.00011 0.03303 ( 2)
 131 T   0.42161 0.54161 0.01350 0.02328 ( 2)
 132 F   0.94463 0.04300 0.01013 0.00224 ( 1)
 133 N   0.00001 0.95484 0.00000 0.04515 ( 2)
 134 F   0.75697 0.20012 0.03042 0.01248 ( 1)
 135 I   0.04178 0.67807 0.14393 0.13622 ( 2)
 136 K   0.00132 0.07712 0.80196 0.11960 ( 3)
 137 S   0.07293 0.88475 0.00243 0.03990 ( 2)
 138 P   0.00000 0.12422 0.00079 0.87499 ( 4)
 139 D   0.98697 0.00074 0.01227 0.00003 ( 1)
 140 Q   0.97083 0.01572 0.01312 0.00033 ( 1)
 141 T   0.00182 0.25038 0.53348 0.21432 ( 3)
 142 L   0.01089 0.95429 0.00018 0.03464 ( 2)
 143 M   0.00000 0.24122 0.00001 0.75877 ( 4)
 144 V   0.00216 0.65360 0.02109 0.32315 ( 2)
 145 T   0.00000 0.91554 0.00000 0.08446 ( 2)
 146 N   0.00047 0.52978 0.00190 0.46786 ( 2)
 147 N   0.00000 0.35749 0.00005 0.64246 ( 4)
 148 I   0.28431 0.52330 0.06787 0.12451 ( 2)
 149 A   0.00106 0.80655 0.00025 0.19213 ( 2)
 150 P   0.01103 0.79659 0.00263 0.18975 ( 2)
 151 G   0.00073 0.84654 0.00115 0.15157 ( 2)
 152 S   0.00009 0.32577 0.04178 0.63236 ( 4)
 153 V   0.00000 0.92468 0.00000 0.07532 ( 2)
 154 T   0.00000 0.68808 0.00007 0.31184 ( 2)
 155 D   0.01574 0.93773 0.00027 0.04626 ( 2)
 156 R   0.03270 0.88400 0.00329 0.08001 ( 2)
 157 W   0.00005 0.79996 0.00017 0.19982 ( 2)
 158 S   0.00000 0.38328 0.00056 0.61616 ( 4)
 159 G   0.92680 0.04238 0.02913 0.00170 ( 1)
 160 F   0.03144 0.93155 0.00106 0.03594 ( 2)
 161 P   0.98634 0.00196 0.01165 0.00005 ( 1)
 162 C   0.98961 0.00136 0.00901 0.00002 ( 1)
 163 R   0.86020 0.12718 0.01019 0.00243 ( 1)
 164 G   0.04523 0.75592 0.02197 0.17688 ( 2)
 165 N   0.40659 0.01522 0.57647 0.00172 ( 3)
 166 D   0.64484 0.11367 0.22844 0.01305 ( 1)
 167 S   0.00426 0.94109 0.00020 0.05445 ( 2)
 168 V   0.00122 0.97456 0.00002 0.02421 ( 2)
 169 I   0.18996 0.78121 0.00256 0.02627 ( 2)
 170 C   0.98961 0.00136 0.00901 0.00002 ( 1)
 171 D   0.96364 0.00137 0.03491 0.00008 ( 1)
 172 P   0.96393 0.00622 0.02953 0.00031 ( 1)
 173 C   0.98961 0.00136 0.00901 0.00002 ( 1)
 174 D   0.98014 0.00741 0.01219 0.00026 ( 1)
 175 F   0.00153 0.25645 0.49717 0.24485 ( 3)
 176 E   0.04321 0.66498 0.14812 0.14369 ( 2)
 177 N   0.98195 0.00258 0.01536 0.00012 ( 1)
 178 T   0.94080 0.04686 0.01114 0.00121 ( 1)
 179 C   0.98961 0.00136 0.00901 0.00002 ( 1)
 180 R   0.00010 0.86523 0.00002 0.13465 ( 2)
 181 K   0.02015 0.90006 0.00998 0.06981 ( 2)
 182 E   0.05847 0.88284 0.00249 0.05620 ( 2)
 183 T   0.00015 0.94049 0.00001 0.05935 ( 2)
 184 P   0.38230 0.59869 0.00453 0.01449 ( 2)
 185 N   0.97329 0.01011 0.01635 0.00025 ( 1)
 186 T   0.01262 0.94429 0.00042 0.04267 ( 2)
 187 S   0.14193 0.82079 0.00244 0.03484 ( 2)
 188 V   0.00030 0.98049 0.00002 0.01920 ( 2)
 189 P   0.98634 0.00196 0.01165 0.00005 ( 1)
 190 C   0.98814 0.00266 0.00914 0.00005 ( 1)
 191 D   0.04758 0.88821 0.01008 0.05413 ( 2)
 192 D   0.98480 0.00261 0.01250 0.00009 ( 1)
 193 K   0.89464 0.09141 0.01163 0.00232 ( 1)
 194 Q   0.00152 0.80097 0.00596 0.19155 ( 2)
 195 H   0.31147 0.65586 0.00840 0.02427 ( 2)
 196 Y   0.98490 0.00172 0.01333 0.00005 ( 1)
 197 S   0.99030 0.00052 0.00917 0.00001 ( 1)
 198 H   0.98813 0.00142 0.01041 0.00004 ( 1)
 199 R   0.90432 0.05945 0.03348 0.00274 ( 1)
 200 L   0.25459 0.68044 0.01982 0.04515 ( 2)
 201 S   0.08054 0.10103 0.76173 0.05670 ( 3)
 202 Y   0.98490 0.00172 0.01333 0.00005 ( 1)
 203 V   0.00058 0.71253 0.00420 0.28270 ( 2)
 204 G   0.98863 0.00165 0.00968 0.00003 ( 1)
 205 A   0.39707 0.56465 0.01334 0.02494 ( 2)
 206 Q   0.00011 0.97342 0.00000 0.02647 ( 2)
 207 G   0.01300 0.79461 0.00311 0.18928 ( 2)
 208 -   0.25780 0.54981 0.06155 0.13084 ( 2)
 209 A   0.00023 0.80738 0.00006 0.19233 ( 2)
 210 S   0.00097 0.80664 0.00023 0.19215 ( 2)
 211 K   0.00001 0.77571 0.00007 0.22422 ( 2)
 212 H   0.00295 0.87579 0.00070 0.12057 ( 2)
 213 G   0.00000 0.58752 0.00002 0.41245 ( 2)
 214 F   0.00001 0.92389 0.00000 0.07610 ( 2)
 215 T   0.00008 0.69212 0.00057 0.30724 ( 2)
 216 P   0.96393 0.00622 0.02953 0.00031 ( 1)
 217 F   0.00001 0.93621 0.00000 0.06378 ( 2)
 218 E   0.00001 0.18621 0.00540 0.80838 ( 4)
 219 L   0.28774 0.68154 0.00823 0.02249 ( 2)
 220 M   0.00008 0.94223 0.00000 0.05768 ( 2)
 221 W   0.00000 0.95908 0.00000 0.04092 ( 2)
 222 F   0.39185 0.00864 0.59839 0.00112 ( 3)
 223 G   0.00070 0.85065 0.00156 0.14709 ( 2)
 224 Y   0.84647 0.13724 0.01194 0.00435 ( 1)
 225 G   0.85732 0.09866 0.03865 0.00537 ( 1)
 226 W   0.91501 0.05901 0.02399 0.00199 ( 1)
 227 T   0.95752 0.01968 0.02205 0.00074 ( 1)
 228 H   0.96774 0.00717 0.02469 0.00040 ( 1)
 229 V   0.74492 0.23496 0.01356 0.00656 ( 1)
 230 S   0.98799 0.00055 0.01144 0.00002 ( 1)

