Supplemental results for CODEML (seqf: algn  treef: tree)


dN/dS (w) for site classes (K=4)

site class             0        1       2a       2b
proportion       0.68133  0.26824  0.03618  0.01425
background w     0.21226  1.00000  0.21226  1.00000
foreground w     0.21226  1.00000  7.28239  7.28239

Naive Empirical Bayes (NEB) probabilities for 4 classes
(amino acids refer to 1st sequence: BT_Cry1A-like)

   1 W   0.71279 0.18019 0.10141 0.00562 ( 1)
   2 -   0.99696 0.00091 0.00212 0.00000 ( 1)
   3 -   0.03954 0.01912 0.92168 0.01966 ( 3)
   4 -   0.92592 0.07259 0.00133 0.00017 ( 1)
   5 -   0.91836 0.00694 0.07453 0.00018 ( 1)
   6 -   0.98156 0.00662 0.01171 0.00010 ( 1)
   7 -   0.99730 0.00090 0.00180 0.00000 ( 1)
   8 -   0.97898 0.01942 0.00155 0.00005 ( 1)
   9 -   0.99799 0.00065 0.00136 0.00000 ( 1)
  10 -   0.99849 0.00034 0.00117 0.00000 ( 1)
  11 -   0.17470 0.00348 0.82072 0.00110 ( 3)
  12 -   0.99702 0.00117 0.00180 0.00000 ( 1)
  13 -   0.71320 0.27097 0.01100 0.00483 ( 1)
  14 -   0.99656 0.00137 0.00207 0.00000 ( 1)
  15 -   0.99731 0.00096 0.00173 0.00000 ( 1)
  16 -   0.03472 0.27102 0.48906 0.20520 ( 3)
  17 -   0.99799 0.00065 0.00136 0.00000 ( 1)
  18 -   0.92523 0.02676 0.04750 0.00051 ( 1)
  19 -   0.99675 0.00177 0.00148 0.00000 ( 1)
  20 -   0.99689 0.00162 0.00148 0.00000 ( 1)
  21 -   0.99800 0.00068 0.00132 0.00000 ( 1)
  22 -   0.68133 0.26824 0.03618 0.01425 ( 1)
  23 -   0.46732 0.48507 0.03478 0.01283 ( 2)
  24 -   0.99737 0.00139 0.00124 0.00000 ( 1)
  25 -   0.78450 0.21383 0.00108 0.00059 ( 1)
  26 -   0.16681 0.78327 0.01770 0.03222 ( 2)
  27 -   0.00005 0.53840 0.00317 0.45838 ( 2)
  28 -   0.89671 0.10244 0.00068 0.00017 ( 1)
  29 -   0.03425 0.64627 0.13678 0.18270 ( 2)
  30 -   0.58285 0.38063 0.02891 0.00760 ( 1)
  31 -   0.99517 0.00347 0.00135 0.00001 ( 1)
  32 -   0.05535 0.86128 0.01585 0.06751 ( 2)
  33 -   0.00497 0.88072 0.00284 0.11147 ( 2)
  34 -   0.93950 0.05510 0.00518 0.00023 ( 1)
  35 -   0.99799 0.00065 0.00136 0.00000 ( 1)
  36 -   0.00221 0.90728 0.00085 0.08967 ( 2)
  37 -   0.68133 0.26824 0.03618 0.01425 ( 1)
  38 -   0.12104 0.86943 0.00096 0.00858 ( 2)
  39 -   0.79390 0.20429 0.00114 0.00067 ( 1)
  40 -   0.98821 0.00707 0.00467 0.00004 ( 1)
  41 S   0.75625 0.09290 0.14585 0.00500 ( 1)
  42 P   0.99734 0.00059 0.00207 0.00000 ( 1)
  43 H   0.99898 0.00011 0.00091 0.00000 ( 1)
  44 L   0.99202 0.00659 0.00137 0.00002 ( 1)
  45 W   0.99220 0.00672 0.00107 0.00001 ( 1)
  46 I   0.98372 0.00972 0.00648 0.00008 ( 1)
  47 Y   0.31179 0.68007 0.00216 0.00598 ( 2)
  48 L   0.99814 0.00098 0.00088 0.00000 ( 1)
  49 N   0.99344 0.00143 0.00511 0.00001 ( 1)
  50 Q   0.02492 0.83963 0.01474 0.12071 ( 2)
  51 D   0.96864 0.03025 0.00105 0.00005 ( 1)
  52 N   0.04679 0.83138 0.02358 0.09825 ( 2)
  53 H   0.89052 0.10831 0.00097 0.00019 ( 1)
  54 L   0.98691 0.01163 0.00143 0.00003 ( 1)
  55 T   0.98653 0.01159 0.00184 0.00004 ( 1)
  56 D   0.57993 0.41519 0.00241 0.00247 ( 1)
  57 V   0.14106 0.83737 0.00672 0.01485 ( 2)
  58 H   0.97430 0.02490 0.00076 0.00004 ( 1)
  59 R   0.97524 0.02315 0.00154 0.00006 ( 1)
  60 G   0.85447 0.13010 0.01311 0.00231 ( 1)
  61 F   0.01063 0.98695 0.00002 0.00241 ( 2)
  62 N   0.15875 0.81746 0.00883 0.01495 ( 2)
  63 Y   0.99017 0.00837 0.00144 0.00002 ( 1)
  64 W   0.88855 0.10267 0.00768 0.00110 ( 1)
  65 S   0.92768 0.06817 0.00376 0.00039 ( 1)
  66 G   0.98981 0.00761 0.00254 0.00003 ( 1)
  67 H   0.96903 0.02952 0.00139 0.00007 ( 1)
  68 Q   0.98485 0.01373 0.00139 0.00003 ( 1)
  69 I   0.99490 0.00401 0.00108 0.00001 ( 1)
  70 I   0.63566 0.35495 0.00552 0.00386 ( 1)
  71 A   0.97013 0.02853 0.00127 0.00007 ( 1)
  72 S   0.57809 0.25910 0.14951 0.01330 ( 1)
  73 P   0.06909 0.89972 0.00819 0.02299 ( 2)
  74 V   0.89221 0.10555 0.00186 0.00038 ( 1)
  75 G   0.99115 0.00605 0.00277 0.00003 ( 1)
  76 F   0.99832 0.00063 0.00105 0.00000 ( 1)
  77 Q   0.00038 0.99508 0.00000 0.00453 ( 2)
  78 D   0.96382 0.03358 0.00248 0.00013 ( 1)
  79 P   0.52090 0.30909 0.13202 0.03799 ( 1)
  80 E   0.96611 0.03169 0.00209 0.00010 ( 1)
  81 F   0.07116 0.91647 0.00070 0.01167 ( 2)
  82 A   0.06105 0.93325 0.00025 0.00544 ( 2)
  83 F   0.99100 0.00215 0.00683 0.00002 ( 1)
  84 P   0.99102 0.00754 0.00143 0.00002 ( 1)
  85 L   0.38664 0.60876 0.00142 0.00318 ( 2)
  86 F   0.00338 0.93194 0.00069 0.06400 ( 2)
  87 G   0.98445 0.00527 0.01021 0.00007 ( 1)
  88 N   0.19576 0.80184 0.00028 0.00212 ( 2)
  89 A   0.00000 0.99610 0.00000 0.00390 ( 2)
  90 G   0.96226 0.02741 0.00998 0.00034 ( 1)
  91 N   0.33210 0.02244 0.64330 0.00216 ( 3)
  92 A   0.55307 0.34221 0.08854 0.01618 ( 1)
  93 A   0.99172 0.00696 0.00130 0.00002 ( 1)
  94 P   0.98962 0.00830 0.00206 0.00003 ( 1)
  95 P   0.85752 0.14024 0.00178 0.00046 ( 1)
  96 V   0.00016 0.90453 0.00040 0.09491 ( 2)
  97 R   0.85198 0.09759 0.04525 0.00518 ( 1)
  98 I   0.04504 0.92377 0.00301 0.02818 ( 2)
  99 V   0.34555 0.65250 0.00045 0.00150 ( 2)
 100 Y   0.00614 0.99108 0.00001 0.00277 ( 2)
 101 Q   0.00007 0.98881 0.00000 0.01112 ( 2)
 102 L   0.00020 0.95215 0.00014 0.04752 ( 2)
 103 G   0.28721 0.02953 0.68087 0.00239 ( 3)
 104 Q   0.04764 0.93423 0.00272 0.01540 ( 2)
 105 G   0.94248 0.05488 0.00242 0.00021 ( 1)
 106 V   0.73900 0.25950 0.00088 0.00062 ( 1)
 107 Y   0.72565 0.27264 0.00106 0.00066 ( 1)
 108 R   0.99056 0.00785 0.00157 0.00002 ( 1)
 109 T   0.94104 0.05743 0.00137 0.00016 ( 1)
 110 L   0.95434 0.04193 0.00351 0.00022 ( 1)
 111 S   0.79692 0.18991 0.01027 0.00290 ( 1)
 112 S   0.24233 0.75024 0.00111 0.00631 ( 2)
 113 T   0.77122 0.22487 0.00269 0.00122 ( 1)
 114 L   0.43919 0.55952 0.00038 0.00092 ( 2)
 115 Y   0.97905 0.01949 0.00142 0.00005 ( 1)
 116 E   0.08433 0.90989 0.00036 0.00543 ( 2)
 117 D   0.00253 0.99324 0.00001 0.00422 ( 2)
 118 L   0.77278 0.22552 0.00114 0.00056 ( 1)
 119 F   0.99532 0.00167 0.00301 0.00001 ( 1)
 120 I   0.29763 0.68903 0.00313 0.01020 ( 2)
 121 -   0.80295 0.14662 0.04264 0.00779 ( 1)
 122 R   0.03377 0.91580 0.00179 0.04864 ( 2)
 123 D   0.79087 0.15871 0.04200 0.00843 ( 1)
 124 K   0.68199 0.26758 0.03622 0.01421 ( 1)
 125 V   0.90739 0.04218 0.04819 0.00224 ( 1)
 126 I   0.95862 0.03293 0.00809 0.00036 ( 1)
 127 N   0.27000 0.71528 0.00354 0.01119 ( 2)
 128 T   0.00000 0.58122 0.00013 0.41865 ( 2)
 129 Y   0.63690 0.36036 0.00140 0.00134 ( 1)
 130 L   0.91470 0.07300 0.01119 0.00110 ( 1)
 131 F   0.77444 0.21992 0.00400 0.00164 ( 1)
 132 L   0.87690 0.12221 0.00069 0.00019 ( 1)
 133 A   0.41095 0.58679 0.00069 0.00157 ( 2)
 134 G   0.96927 0.02781 0.00280 0.00012 ( 1)
 135 S   0.01341 0.98415 0.00002 0.00241 ( 2)
 136 N   0.52385 0.43441 0.03261 0.00912 ( 1)
 137 L   0.99663 0.00253 0.00084 0.00000 ( 1)
 138 L   0.00017 0.16559 0.15167 0.68256 ( 4)
 139 M   0.52372 0.47508 0.00044 0.00077 ( 1)
 140 E   0.78965 0.20728 0.00216 0.00091 ( 1)
 141 P   0.00412 0.87584 0.01379 0.10625 ( 2)
 142 -   0.89671 0.10244 0.00068 0.00017 ( 1)
 143 -   0.38808 0.59092 0.01363 0.00736 ( 2)
 144 P   0.05839 0.92392 0.00355 0.01414 ( 2)
 145 H   0.00312 0.97245 0.00032 0.02411 ( 2)
 146 I   0.00983 0.85053 0.03141 0.10823 ( 2)
 147 C   0.00252 0.91290 0.00118 0.08340 ( 2)
 148 H   0.98037 0.01753 0.00204 0.00006 ( 1)
 149 P   0.83460 0.16381 0.00119 0.00039 ( 1)
 150 G   0.69936 0.24704 0.04763 0.00597 ( 1)
 151 R   0.06541 0.90748 0.00445 0.02266 ( 2)
 152 Y   0.55768 0.42599 0.00865 0.00768 ( 1)
 153 R   0.99092 0.00750 0.00157 0.00002 ( 1)
 154 K   0.91744 0.03012 0.05178 0.00066 ( 1)
 155 S   0.01373 0.96360 0.00129 0.02137 ( 2)
 156 G   0.99292 0.00452 0.00255 0.00002 ( 1)
 157 T   0.90898 0.08910 0.00164 0.00028 ( 1)
 158 V   0.99733 0.00094 0.00173 0.00000 ( 1)
 159 D   0.99917 0.00006 0.00076 0.00000 ( 1)
 160 S   0.98821 0.00773 0.00401 0.00004 ( 1)
 161 L   0.95054 0.04460 0.00454 0.00032 ( 1)
 162 D   0.98508 0.00134 0.01356 0.00002 ( 1)
 163 E   0.54721 0.44515 0.00358 0.00406 ( 1)
 164 I   0.99844 0.00018 0.00138 0.00000 ( 1)
 165 P   0.97687 0.01253 0.01043 0.00016 ( 1)
 166 H   0.90377 0.09404 0.00188 0.00031 ( 1)
 167 Q   0.98246 0.00980 0.00764 0.00010 ( 1)
 168 N   0.99742 0.00181 0.00077 0.00000 ( 1)
 169 N   0.82413 0.17105 0.00352 0.00130 ( 1)
 170 N   0.93115 0.06282 0.00554 0.00048 ( 1)
 171 V   0.99128 0.00533 0.00336 0.00003 ( 1)
 172 P   0.98378 0.01413 0.00205 0.00005 ( 1)
 173 P   0.98918 0.00370 0.00708 0.00003 ( 1)
 174 R   0.92676 0.06497 0.00761 0.00066 ( 1)
 175 Q   0.46254 0.53183 0.00221 0.00341 ( 2)
 176 G   0.99600 0.00130 0.00270 0.00001 ( 1)
 177 F   0.96527 0.00246 0.03224 0.00003 ( 1)
 178 S   0.99920 0.00007 0.00072 0.00000 ( 1)
 179 H   0.99898 0.00011 0.00091 0.00000 ( 1)
 180 R   0.93684 0.03985 0.02214 0.00118 ( 1)
 181 -   0.68133 0.26824 0.03618 0.01425 ( 1)
 182 L   0.99377 0.00257 0.00365 0.00001 ( 1)
 183 S   0.89573 0.10347 0.00065 0.00015 ( 1)
 184 H   0.99788 0.00084 0.00128 0.00000 ( 1)
 185 V   0.99852 0.00019 0.00129 0.00000 ( 1)
 186 S   0.95373 0.04416 0.00196 0.00015 ( 1)
 187 M   0.99874 0.00018 0.00107 0.00000 ( 1)
 188 F   0.82651 0.16302 0.00841 0.00206 ( 1)
 189 R   0.01874 0.25996 0.44951 0.27178 ( 3)
 190 S   0.49648 0.50231 0.00040 0.00081 ( 2)
 191 G   0.79593 0.15364 0.04227 0.00816 ( 1)
 192 F   0.90387 0.04570 0.04800 0.00243 ( 1)
 193 S   0.81268 0.13689 0.04316 0.00727 ( 1)
 194 N   0.91898 0.03059 0.04881 0.00162 ( 1)
 195 -   0.68133 0.26824 0.03618 0.01425 ( 1)
 196 S   0.93695 0.01262 0.04976 0.00067 ( 1)
 197 S   0.90072 0.04885 0.04784 0.00259 ( 1)
 198 V   0.94664 0.00293 0.05027 0.00016 ( 1)
 199 S   0.88109 0.06848 0.04679 0.00364 ( 1)
 200 I   0.84233 0.10724 0.04473 0.00570 ( 1)
 201 I   0.91655 0.03302 0.04868 0.00175 ( 1)
 202 R   0.93494 0.01463 0.04965 0.00078 ( 1)
 203 A   0.99073 0.00226 0.00699 0.00002 ( 1)
 204 P   0.99814 0.00042 0.00144 0.00000 ( 1)
 205 M   0.81421 0.18409 0.00119 0.00050 ( 1)
 206 F   0.27951 0.71232 0.00193 0.00624 ( 2)
 207 S   0.97112 0.02090 0.00775 0.00023 ( 1)
 208 W   0.87515 0.11605 0.00757 0.00124 ( 1)
 209 I   0.03325 0.95863 0.00018 0.00793 ( 2)
 210 -   0.93259 0.06645 0.00085 0.00011 ( 1)
 211 -   0.48241 0.50023 0.00786 0.00950 ( 2)
 212 -   0.96845 0.02524 0.00610 0.00021 ( 1)


lnL = -4722.616640

Bayes Empirical Bayes (BEB) probabilities for 4 classes (class)
(amino acids refer to 1st sequence: BT_Cry1A-like)

   1 W   0.75445 0.14471 0.09585 0.00499 ( 1)
   2 -   0.99496 0.00112 0.00392 0.00001 ( 1)
   3 -   0.06871 0.02105 0.89329 0.01694 ( 3)
   4 -   0.93197 0.06458 0.00309 0.00035 ( 1)
   5 -   0.91544 0.00686 0.07749 0.00022 ( 1)
   6 -   0.97828 0.00717 0.01441 0.00014 ( 1)
   7 -   0.99524 0.00111 0.00365 0.00001 ( 1)
   8 -   0.97925 0.01717 0.00348 0.00010 ( 1)
   9 -   0.99595 0.00079 0.00325 0.00000 ( 1)
  10 -   0.99694 0.00044 0.00262 0.00000 ( 1)
  11 -   0.25034 0.00432 0.74415 0.00119 ( 3)
  12 -   0.99492 0.00142 0.00365 0.00001 ( 1)
  13 -   0.76449 0.21661 0.01418 0.00471 ( 1)
  14 -   0.99415 0.00161 0.00423 0.00001 ( 1)
  15 -   0.99516 0.00116 0.00367 0.00001 ( 1)
  16 -   0.06269 0.25712 0.52072 0.15947 ( 3)
  17 -   0.99595 0.00079 0.00325 0.00000 ( 1)
  18 -   0.92424 0.02151 0.05372 0.00053 ( 1)
  19 -   0.99463 0.00190 0.00345 0.00001 ( 1)
  20 -   0.99479 0.00175 0.00345 0.00001 ( 1)
  21 -   0.99597 0.00083 0.00320 0.00000 ( 1)
  22 -   0.70497 0.24341 0.03822 0.01341 ( 1)
  23 -   0.59653 0.34652 0.04594 0.01100 ( 1)
  24 -   0.99577 0.00152 0.00271 0.00001 ( 1)
  25 -   0.83557 0.16125 0.00232 0.00086 ( 1)
  26 -   0.26402 0.67866 0.02686 0.03046 ( 2)
  27 -   0.00020 0.57461 0.00713 0.41806 ( 2)
  28 -   0.90136 0.09642 0.00182 0.00039 ( 1)
  29 -   0.05993 0.62039 0.15979 0.15989 ( 2)
  30 -   0.63236 0.32422 0.03520 0.00822 ( 1)
  31 -   0.99313 0.00361 0.00324 0.00002 ( 1)
  32 -   0.10327 0.80752 0.02532 0.06388 ( 2)
  33 -   0.01252 0.87207 0.00606 0.10936 ( 2)
  34 -   0.94919 0.04355 0.00695 0.00031 ( 1)
  35 -   0.99595 0.00079 0.00325 0.00000 ( 1)
  36 -   0.00618 0.90402 0.00197 0.08783 ( 2)
  37 -   0.70497 0.24341 0.03822 0.01341 ( 1)
  38 -   0.23113 0.75587 0.00254 0.01046 ( 2)
  39 -   0.84796 0.14855 0.00258 0.00091 ( 1)
  40 -   0.98473 0.00757 0.00762 0.00008 ( 1)
  41 S   0.78811 0.07259 0.13519 0.00410 ( 1)
  42 P   0.99504 0.00072 0.00423 0.00000 ( 1)
  43 H   0.99732 0.00015 0.00254 0.00000 ( 1)
  44 L   0.98936 0.00738 0.00322 0.00004 ( 1)
  45 W   0.99085 0.00617 0.00295 0.00003 ( 1)
  46 I   0.98139 0.00887 0.00962 0.00011 ( 1)
  47 Y   0.43794 0.55060 0.00439 0.00708 ( 2)
  48 L   0.99657 0.00109 0.00234 0.00000 ( 1)
  49 N   0.99014 0.00169 0.00815 0.00002 ( 1)
  50 Q   0.05985 0.80207 0.02844 0.10964 ( 2)
  51 D   0.97262 0.02434 0.00291 0.00012 ( 1)
  52 N   0.08805 0.78642 0.03590 0.08963 ( 2)
  53 H   0.91401 0.08285 0.00273 0.00041 ( 1)
  54 L   0.98607 0.01049 0.00338 0.00006 ( 1)
  55 T   0.98488 0.01136 0.00369 0.00007 ( 1)
  56 D   0.69890 0.29346 0.00478 0.00286 ( 1)
  57 V   0.24452 0.72479 0.01355 0.01715 ( 2)
  58 H   0.97789 0.02003 0.00200 0.00008 ( 1)
  59 R   0.97622 0.02020 0.00346 0.00012 ( 1)
  60 G   0.87595 0.10553 0.01623 0.00229 ( 1)
  61 F   0.03001 0.96469 0.00010 0.00520 ( 2)
  62 N   0.28488 0.68056 0.01792 0.01664 ( 2)
  63 Y   0.98892 0.00765 0.00339 0.00004 ( 1)
  64 W   0.90010 0.08785 0.01074 0.00131 ( 1)
  65 S   0.93667 0.05645 0.00634 0.00054 ( 1)
  66 G   0.98685 0.00816 0.00493 0.00006 ( 1)
  67 H   0.97305 0.02360 0.00322 0.00013 ( 1)
  68 Q   0.98447 0.01220 0.00326 0.00007 ( 1)
  69 I   0.99317 0.00384 0.00298 0.00002 ( 1)
  70 I   0.71672 0.27074 0.00848 0.00406 ( 1)
  71 A   0.97388 0.02304 0.00296 0.00012 ( 1)
  72 S   0.65767 0.18902 0.14328 0.01004 ( 1)
  73 P   0.14630 0.81544 0.01502 0.02324 ( 2)
  74 V   0.91575 0.08009 0.00363 0.00053 ( 1)
  75 G   0.98814 0.00658 0.00523 0.00006 ( 1)
  76 F   0.99666 0.00073 0.00260 0.00000 ( 1)
  77 Q   0.00137 0.99106 0.00001 0.00755 ( 2)
  78 D   0.96424 0.03072 0.00482 0.00023 ( 1)
  79 P   0.60726 0.22743 0.13796 0.02735 ( 1)
  80 E   0.97030 0.02517 0.00436 0.00017 ( 1)
  81 F   0.13206 0.85211 0.00171 0.01412 ( 2)
  82 A   0.12983 0.86115 0.00087 0.00815 ( 2)
  83 F   0.98751 0.00245 0.01000 0.00003 ( 1)
  84 P   0.98909 0.00754 0.00332 0.00004 ( 1)
  85 L   0.51407 0.47840 0.00324 0.00429 ( 1)
  86 F   0.01057 0.92213 0.00193 0.06536 ( 2)
  87 G   0.98075 0.00575 0.01341 0.00010 ( 1)
  88 N   0.32234 0.67309 0.00096 0.00361 ( 2)
  89 A   0.00000 0.99302 0.00000 0.00698 ( 2)
  90 G   0.96107 0.02537 0.01313 0.00043 ( 1)
  91 N   0.43446 0.02072 0.54296 0.00186 ( 3)
  92 A   0.64468 0.24794 0.09472 0.01266 ( 1)
  93 A   0.99047 0.00649 0.00301 0.00003 ( 1)
  94 P   0.98768 0.00807 0.00420 0.00005 ( 1)
  95 P   0.88137 0.11414 0.00374 0.00076 ( 1)
  96 V   0.00065 0.90355 0.00107 0.09472 ( 2)
  97 R   0.86271 0.08566 0.04689 0.00474 ( 1)
  98 I   0.10140 0.86074 0.00731 0.03055 ( 2)
  99 V   0.47712 0.51883 0.00140 0.00265 ( 2)
 100 Y   0.01761 0.97665 0.00006 0.00568 ( 2)
 101 Q   0.00030 0.98499 0.00001 0.01469 ( 2)
 102 L   0.00079 0.94953 0.00039 0.04929 ( 2)
 103 G   0.39139 0.02932 0.57707 0.00221 ( 3)
 104 Q   0.09163 0.88454 0.00541 0.01841 ( 2)
 105 G   0.94551 0.04940 0.00472 0.00037 ( 1)
 106 V   0.79916 0.19774 0.00210 0.00100 ( 1)
 107 Y   0.80263 0.19355 0.00273 0.00108 ( 1)
 108 R   0.98921 0.00724 0.00351 0.00004 ( 1)
 109 T   0.95203 0.04480 0.00292 0.00025 ( 1)
 110 L   0.95813 0.03544 0.00611 0.00032 ( 1)
 111 S   0.83157 0.15210 0.01339 0.00294 ( 1)
 112 S   0.36193 0.62813 0.00251 0.00743 ( 2)
 113 T   0.83322 0.16037 0.00495 0.00146 ( 1)
 114 L   0.58333 0.41359 0.00134 0.00175 ( 1)
 115 Y   0.97946 0.01709 0.00335 0.00010 ( 1)
 116 E   0.17296 0.81800 0.00118 0.00786 ( 2)
 117 D   0.00806 0.98453 0.00004 0.00737 ( 2)
 118 L   0.83579 0.16048 0.00282 0.00090 ( 1)
 119 F   0.99317 0.00183 0.00499 0.00002 ( 1)
 120 I   0.43608 0.54847 0.00559 0.00985 ( 2)
 121 -   0.81285 0.13552 0.04414 0.00748 ( 1)
 122 R   0.07150 0.87688 0.00385 0.04778 ( 2)
 123 D   0.81145 0.13692 0.04407 0.00756 ( 1)
 124 K   0.74473 0.20364 0.04039 0.01124 ( 1)
 125 V   0.91248 0.03589 0.04964 0.00199 ( 1)
 126 I   0.96203 0.02648 0.01109 0.00040 ( 1)
 127 N   0.39361 0.58858 0.00636 0.01145 ( 2)
 128 T   0.00002 0.61580 0.00046 0.38372 ( 2)
 129 Y   0.71888 0.27618 0.00302 0.00191 ( 1)
 130 L   0.92811 0.05666 0.01416 0.00108 ( 1)
 131 F   0.82477 0.16685 0.00650 0.00188 ( 1)
 132 L   0.90373 0.09395 0.00193 0.00039 ( 1)
 133 A   0.54091 0.45436 0.00203 0.00270 ( 1)
 134 G   0.96874 0.02583 0.00522 0.00021 ( 1)
 135 S   0.03557 0.95912 0.00012 0.00519 ( 2)
 136 N   0.64450 0.30345 0.04389 0.00817 ( 1)
 137 L   0.99521 0.00249 0.00229 0.00001 ( 1)
 138 L   0.00067 0.18890 0.24435 0.56608 ( 4)
 139 M   0.65634 0.34073 0.00149 0.00144 ( 1)
 140 E   0.83736 0.15722 0.00418 0.00124 ( 1)
 141 P   0.01088 0.86359 0.02387 0.10166 ( 2)
 142 -   0.90136 0.09642 0.00182 0.00039 ( 1)
 143 -   0.49417 0.47998 0.01816 0.00769 ( 1)
 144 P   0.11519 0.86114 0.00708 0.01659 ( 2)
 145 H   0.00906 0.96265 0.00084 0.02746 ( 2)
 146 I   0.02752 0.81481 0.05773 0.09994 ( 2)
 147 C   0.00688 0.90885 0.00263 0.08164 ( 2)
 148 H   0.98019 0.01554 0.00417 0.00010 ( 1)
 149 P   0.86427 0.13214 0.00286 0.00072 ( 1)
 150 G   0.76298 0.17660 0.05518 0.00525 ( 1)
 151 R   0.13451 0.83033 0.00978 0.02538 ( 2)
 152 Y   0.63474 0.34590 0.01180 0.00756 ( 1)
 153 R   0.98951 0.00694 0.00351 0.00004 ( 1)
 154 K   0.91964 0.02428 0.05542 0.00066 ( 1)
 155 S   0.03212 0.93991 0.00297 0.02500 ( 2)
 156 G   0.99042 0.00460 0.00495 0.00003 ( 1)
 157 T   0.92273 0.07344 0.00338 0.00045 ( 1)
 158 V   0.99518 0.00114 0.00368 0.00001 ( 1)
 159 D   0.99773 0.00009 0.00218 0.00000 ( 1)
 160 S   0.98496 0.00828 0.00668 0.00008 ( 1)
 161 L   0.95189 0.04063 0.00704 0.00044 ( 1)
 162 D   0.98179 0.00146 0.01672 0.00003 ( 1)
 163 E   0.66616 0.32355 0.00613 0.00416 ( 1)
 164 I   0.99679 0.00024 0.00297 0.00000 ( 1)
 165 P   0.97313 0.01305 0.01360 0.00022 ( 1)
 166 H   0.92078 0.07481 0.00391 0.00050 ( 1)
 167 Q   0.97874 0.01030 0.01082 0.00014 ( 1)
 168 N   0.99599 0.00182 0.00218 0.00001 ( 1)
 169 N   0.86424 0.12886 0.00550 0.00140 ( 1)
 170 N   0.93869 0.05214 0.00855 0.00062 ( 1)
 171 V   0.98840 0.00584 0.00570 0.00005 ( 1)
 172 P   0.98310 0.01263 0.00418 0.00008 ( 1)
 173 P   0.98603 0.00382 0.01009 0.00005 ( 1)
 174 R   0.92973 0.05874 0.01069 0.00085 ( 1)
 175 Q   0.58105 0.41018 0.00448 0.00428 ( 1)
 176 G   0.99332 0.00153 0.00514 0.00001 ( 1)
 177 F   0.96325 0.00241 0.03430 0.00004 ( 1)
 178 S   0.99784 0.00010 0.00205 0.00000 ( 1)
 179 H   0.99732 0.00015 0.00254 0.00000 ( 1)
 180 R   0.93728 0.03634 0.02517 0.00120 ( 1)
 181 -   0.70497 0.24341 0.03822 0.01341 ( 1)
 182 L   0.99073 0.00292 0.00632 0.00003 ( 1)
 183 S   0.91809 0.07971 0.00188 0.00031 ( 1)
 184 H   0.99609 0.00095 0.00296 0.00001 ( 1)
 185 V   0.99677 0.00026 0.00298 0.00000 ( 1)
 186 S   0.95816 0.03779 0.00380 0.00025 ( 1)
 187 M   0.99679 0.00024 0.00297 0.00000 ( 1)
 188 F   0.86262 0.12384 0.01147 0.00207 ( 1)
 189 R   0.03795 0.23590 0.52547 0.20068 ( 3)
 190 S   0.62269 0.37445 0.00133 0.00153 ( 1)
 191 G   0.81612 0.13225 0.04432 0.00730 ( 1)
 192 F   0.90975 0.03862 0.04949 0.00214 ( 1)
 193 S   0.83654 0.11183 0.04545 0.00618 ( 1)
 194 N   0.91966 0.02871 0.05004 0.00159 ( 1)
 195 -   0.70497 0.24341 0.03822 0.01341 ( 1)
 196 S   0.93617 0.01220 0.05095 0.00068 ( 1)
 197 S   0.90712 0.04126 0.04934 0.00228 ( 1)
 198 V   0.94505 0.00332 0.05144 0.00018 ( 1)
 199 S   0.89121 0.05717 0.04847 0.00316 ( 1)
 200 I   0.85996 0.08841 0.04674 0.00489 ( 1)
 201 I   0.91771 0.03066 0.04993 0.00170 ( 1)
 202 R   0.93431 0.01406 0.05085 0.00078 ( 1)
 203 A   0.98778 0.00241 0.00978 0.00003 ( 1)
 204 P   0.99612 0.00053 0.00334 0.00000 ( 1)
 205 M   0.86661 0.13001 0.00266 0.00072 ( 1)
 206 F   0.40494 0.58355 0.00404 0.00747 ( 2)
 207 S   0.97089 0.01831 0.01054 0.00027 ( 1)
 208 W   0.88886 0.09906 0.01060 0.00148 ( 1)
 209 I   0.07216 0.91655 0.00057 0.01073 ( 2)
 210 -   0.94182 0.05554 0.00239 0.00025 ( 1)
 211 -   0.56551 0.41415 0.01093 0.00941 ( 1)
 212 -   0.96669 0.02402 0.00899 0.00030 ( 1)

