Supplemental results for CODEML (seqf: algn  treef: tree)


dN/dS (w) for site classes (K=4)

site class             0        1       2a       2b
proportion       0.61903  0.21488  0.12329  0.04280
background w     0.14158  1.00000  0.14158  1.00000
foreground w     0.14158  1.00000  1.11283  1.11283

Naive Empirical Bayes (NEB) probabilities for 4 classes
(amino acids refer to 1st sequence: BT_Cry1A-like)

   1 -   0.61903 0.21488 0.12329 0.04280 ( 1)
   2 -   0.61903 0.21488 0.12329 0.04280 ( 1)
   3 -   0.03287 0.49840 0.34795 0.12078 ( 2)
   4 S   0.31692 0.38263 0.22303 0.07742 ( 2)
   5 A   0.42325 0.27026 0.25278 0.05371 ( 1)
   6 E   0.00159 0.40489 0.48214 0.11138 ( 3)
   7 F   0.85109 0.07486 0.06078 0.01328 ( 1)
   8 N   0.00404 0.77886 0.04455 0.17254 ( 2)
   9 N   0.59353 0.29531 0.05926 0.05191 ( 1)
  10 I   0.10416 0.63995 0.12740 0.12849 ( 2)
  11 I   0.88589 0.05690 0.04741 0.00980 ( 1)
  12 P   0.83193 0.08654 0.06602 0.01551 ( 1)
  13 S   0.81964 0.08264 0.08249 0.01523 ( 1)
  14 S   0.13616 0.42996 0.33809 0.09579 ( 2)
  15 Q   0.00000 0.81260 0.00000 0.18739 ( 2)
  16 I   0.22427 0.00010 0.77560 0.00002 ( 3)
  17 T   0.12231 0.00089 0.87659 0.00021 ( 3)
  18 Q   0.89854 0.00024 0.10117 0.00004 ( 1)
  19 I   0.92875 0.00001 0.07123 0.00000 ( 1)
  20 P   0.91187 0.00010 0.08802 0.00002 ( 1)
  21 L   0.03809 0.80645 0.00444 0.15102 ( 2)
  22 T   0.91602 0.00026 0.08368 0.00005 ( 1)
  23 K   0.14599 0.00128 0.85244 0.00029 ( 3)
  24 S   0.47089 0.13201 0.37064 0.02646 ( 1)
  25 T   0.00000 0.78593 0.00000 0.21407 ( 2)
  26 N   0.24739 0.30485 0.38742 0.06035 ( 3)
  27 L   0.58744 0.03912 0.36564 0.00781 ( 1)
  28 G   0.00000 0.80394 0.00001 0.19605 ( 2)
  29 S   0.74742 0.17066 0.05179 0.03014 ( 1)
  30 G   0.54581 0.00032 0.45380 0.00007 ( 1)
  31 T   0.00768 0.84577 0.00043 0.14612 ( 2)
  32 S   0.47241 0.22701 0.25601 0.04457 ( 1)
  33 V   0.88805 0.00001 0.11193 0.00000 ( 1)
  34 V   0.94740 0.00246 0.04972 0.00042 ( 1)
  35 K   0.34705 0.53928 0.02027 0.09340 ( 2)
  36 G   0.92522 0.00002 0.07476 0.00000 ( 1)
  37 P   0.92214 0.00013 0.07771 0.00002 ( 1)
  38 G   0.92512 0.00011 0.07475 0.00002 ( 1)
  39 F   0.94466 0.00000 0.05534 0.00000 ( 1)
  40 T   0.94405 0.00000 0.05595 0.00000 ( 1)
  41 G   0.92524 0.00000 0.07476 0.00000 ( 1)
  42 G   0.92404 0.00110 0.07466 0.00020 ( 1)
  43 D   0.94845 0.00000 0.05155 0.00000 ( 1)
  44 I   0.95510 0.00043 0.04440 0.00007 ( 1)
  45 L   0.93223 0.00004 0.06773 0.00001 ( 1)
  46 R   0.49404 0.36839 0.06734 0.07023 ( 1)
  47 R   0.65330 0.00026 0.34640 0.00005 ( 1)
  48 T   0.65162 0.04371 0.29624 0.00843 ( 1)
  49 S   0.09432 0.75740 0.00966 0.13863 ( 2)
  50 P   0.26951 0.60385 0.01954 0.10710 ( 2)
  51 G   0.87224 0.00011 0.12763 0.00002 ( 1)
  52 Q   0.00718 0.80786 0.00946 0.17550 ( 2)
  53 I   0.95558 0.00000 0.04442 0.00000 ( 1)
  54 S   0.06973 0.78099 0.00655 0.14273 ( 2)
  55 T   0.88021 0.00043 0.11928 0.00008 ( 1)
  56 L   0.05437 0.79512 0.00514 0.14537 ( 2)
  57 R   0.93187 0.00865 0.05797 0.00151 ( 1)
  58 V   0.89223 0.03923 0.06162 0.00692 ( 1)
  59 N   0.71437 0.00003 0.28559 0.00001 ( 1)
  60 -   0.61903 0.21488 0.12329 0.04280 ( 1)
  61 I   0.95558 0.00000 0.04442 0.00000 ( 1)
  62 T   0.61825 0.29719 0.03345 0.05111 ( 1)
  63 A   0.00035 0.85074 0.00002 0.14889 ( 2)
  64 P   0.39140 0.29146 0.25865 0.05849 ( 1)
  65 L   0.91090 0.00255 0.08608 0.00047 ( 1)
  66 S   0.91346 0.00060 0.08583 0.00011 ( 1)
  67 Q   0.88628 0.01541 0.09545 0.00286 ( 1)
  68 R   0.94143 0.00000 0.05857 0.00000 ( 1)
  69 Y   0.92884 0.00001 0.07115 0.00000 ( 1)
  70 R   0.83937 0.01590 0.14162 0.00311 ( 1)
  71 V   0.94041 0.00001 0.05958 0.00000 ( 1)
  72 R   0.94125 0.00017 0.05855 0.00003 ( 1)
  73 I   0.95557 0.00001 0.04442 0.00000 ( 1)
  74 R   0.44242 0.01658 0.53743 0.00357 ( 3)
  75 Y   0.87028 0.00002 0.12970 0.00000 ( 1)
  76 A   0.94719 0.00000 0.05281 0.00000 ( 1)
  77 S   0.63293 0.00001 0.36706 0.00000 ( 1)
  78 T   0.94217 0.00000 0.05782 0.00000 ( 1)
  79 T   0.94399 0.00005 0.05595 0.00001 ( 1)
  80 N   0.95576 0.00006 0.04417 0.00001 ( 1)
  81 L   0.91313 0.00048 0.08629 0.00009 ( 1)
  82 Q   0.89092 0.01108 0.09595 0.00205 ( 1)
  83 F   0.88528 0.00006 0.11466 0.00001 ( 1)
  84 H   0.03037 0.77460 0.03236 0.16268 ( 2)
  85 T   0.91628 0.02506 0.05431 0.00435 ( 1)
  86 S   0.00147 0.84413 0.00014 0.15426 ( 2)
  87 I   0.95557 0.00001 0.04442 0.00000 ( 1)
  88 D   0.31777 0.30762 0.31004 0.06457 ( 1)
  89 G   0.92522 0.00002 0.07476 0.00000 ( 1)
  90 R   0.92786 0.01228 0.05772 0.00214 ( 1)
  91 P   0.84884 0.07615 0.06151 0.01350 ( 1)
  92 I   0.95547 0.00010 0.04441 0.00002 ( 1)
  93 N   0.95583 0.00000 0.04417 0.00000 ( 1)
  94 Q   0.00000 0.83729 0.00000 0.16271 ( 2)
  95 G   0.85034 0.05156 0.08857 0.00954 ( 1)
  96 N   0.73095 0.00002 0.26902 0.00000 ( 1)
  97 F   0.68187 0.00031 0.31776 0.00006 ( 1)
  98 S   0.00365 0.82135 0.00341 0.17159 ( 2)
  99 A   0.32714 0.55479 0.02097 0.09709 ( 2)
 100 T   0.95373 0.00000 0.04627 0.00000 ( 1)
 101 M   0.93355 0.00074 0.06557 0.00013 ( 1)
 102 S   0.72622 0.00225 0.27110 0.00042 ( 1)
 103 S   0.90790 0.04240 0.04253 0.00716 ( 1)
 104 G   0.22677 0.61780 0.03569 0.11973 ( 2)
 105 S   0.00000 0.82145 0.00002 0.17853 ( 2)
 106 N   0.08598 0.74314 0.03130 0.13958 ( 2)
 107 L   0.91355 0.00010 0.08633 0.00002 ( 1)
 108 Q   0.09267 0.74719 0.01493 0.14520 ( 2)
 109 S   0.05017 0.79015 0.00749 0.15220 ( 2)
 110 A   0.05122 0.76356 0.03259 0.15264 ( 2)
 111 S   0.00125 0.82516 0.00118 0.17241 ( 2)
 112 F   0.68051 0.00044 0.31896 0.00009 ( 1)
 113 R   0.88724 0.00059 0.11206 0.00011 ( 1)
 114 T   0.24089 0.00032 0.75873 0.00007 ( 3)
 115 V   0.01326 0.43500 0.44588 0.10586 ( 3)
 116 G   0.93865 0.00184 0.05918 0.00032 ( 1)
 117 F   0.94466 0.00000 0.05534 0.00000 ( 1)
 118 T   0.95372 0.00001 0.04627 0.00000 ( 1)
 119 T   0.95373 0.00000 0.04627 0.00000 ( 1)
 120 P   0.86045 0.00004 0.13951 0.00001 ( 1)
 121 F   0.94466 0.00000 0.05534 0.00000 ( 1)
 122 N   0.27420 0.58423 0.03213 0.10944 ( 2)
 123 F   0.68445 0.00002 0.31552 0.00000 ( 1)
 124 S   0.25635 0.46062 0.18936 0.09368 ( 2)
 125 N   0.56668 0.34834 0.02619 0.05878 ( 1)
 126 G   0.01315 0.83570 0.00106 0.15009 ( 2)
 127 S   0.00602 0.83992 0.00057 0.15350 ( 2)
 128 S   0.95075 0.00403 0.04454 0.00068 ( 1)
 129 V   0.63389 0.04466 0.31278 0.00868 ( 1)
 130 F   0.94454 0.00010 0.05534 0.00002 ( 1)
 131 T   0.85996 0.01042 0.12761 0.00201 ( 1)
 132 L   0.88176 0.02951 0.08333 0.00540 ( 1)
 133 S   0.95379 0.00131 0.04468 0.00022 ( 1)
 134 A   0.89074 0.05296 0.04723 0.00907 ( 1)
 135 H   0.00014 0.83344 0.00009 0.16633 ( 2)
 136 V   0.00000 0.83961 0.00000 0.16039 ( 2)
 137 F   0.88466 0.00064 0.11458 0.00012 ( 1)
 138 N   0.95430 0.00137 0.04410 0.00023 ( 1)
 139 S   0.05097 0.79834 0.00479 0.14590 ( 2)
 140 G   0.39978 0.45440 0.05850 0.08733 ( 2)
 141 -   0.61903 0.21488 0.12329 0.04280 ( 1)
 142 N   0.58139 0.33518 0.02687 0.05656 ( 1)
 143 E   0.93552 0.00031 0.06412 0.00005 ( 1)
 144 V   0.95028 0.00001 0.04971 0.00000 ( 1)
 145 Y   0.92808 0.00070 0.07110 0.00012 ( 1)
 146 I   0.94937 0.00003 0.05059 0.00001 ( 1)
 147 D   0.68078 0.00001 0.31920 0.00000 ( 1)
 148 R   0.66591 0.20652 0.08827 0.03929 ( 1)
 149 I   0.95558 0.00000 0.04442 0.00000 ( 1)
 150 E   0.93585 0.00000 0.06414 0.00000 ( 1)
 151 F   0.94466 0.00000 0.05534 0.00000 ( 1)
 152 V   0.95023 0.00006 0.04970 0.00001 ( 1)
 153 -   0.77561 0.05831 0.15447 0.01161 ( 1)


lnL = -4553.310652

Bayes Empirical Bayes (BEB) probabilities for 4 classes (class)
(amino acids refer to 1st sequence: BT_Cry1A-like)

   1 -   0.67187 0.23031 0.07319 0.02463 ( 1)
   2 -   0.67187 0.23031 0.07319 0.02463 ( 1)
   3 -   0.03151 0.41562 0.41389 0.13899 ( 2)
   4 S   0.39565 0.44391 0.12042 0.04002 ( 2)
   5 A   0.53170 0.31984 0.12300 0.02546 ( 1)
   6 E   0.00131 0.26450 0.59785 0.13634 ( 3)
   7 F   0.89718 0.07959 0.01914 0.00409 ( 1)
   8 N   0.00554 0.81941 0.05406 0.12099 ( 2)
   9 N   0.65611 0.30792 0.02098 0.01499 ( 1)
  10 I   0.13520 0.71892 0.08269 0.06318 ( 2)
  11 I   0.92398 0.06013 0.01321 0.00268 ( 1)
  12 P   0.88111 0.09222 0.02170 0.00497 ( 1)
  13 S   0.87767 0.08589 0.03105 0.00540 ( 1)
  14 S   0.17442 0.46683 0.28600 0.07275 ( 2)
  15 Q   0.00000 0.82798 0.00000 0.17201 ( 2)
  16 I   0.44674 0.00020 0.55304 0.00002 ( 3)
  17 T   0.19002 0.00130 0.80848 0.00020 ( 3)
  18 Q   0.95963 0.00027 0.04008 0.00002 ( 1)
  19 I   0.97694 0.00002 0.02304 0.00000 ( 1)
  20 P   0.96805 0.00011 0.03183 0.00001 ( 1)
  21 L   0.05549 0.88113 0.00247 0.06091 ( 2)
  22 T   0.97008 0.00027 0.02963 0.00002 ( 1)
  23 K   0.24223 0.00199 0.75552 0.00027 ( 3)
  24 S   0.63585 0.14713 0.20535 0.01167 ( 1)
  25 T   0.00000 0.63009 0.00000 0.36991 ( 2)
  26 N   0.38818 0.35951 0.22771 0.02459 ( 1)
  27 L   0.76865 0.04545 0.18232 0.00358 ( 1)
  28 G   0.00000 0.72210 0.00003 0.27787 ( 2)
  29 S   0.81584 0.15970 0.01651 0.00795 ( 1)
  30 G   0.72888 0.00043 0.27065 0.00004 ( 1)
  31 T   0.01241 0.94505 0.00019 0.04235 ( 2)
  32 S   0.62173 0.23807 0.12271 0.01749 ( 1)
  33 V   0.95236 0.00002 0.04762 0.00000 ( 1)
  34 V   0.98411 0.00238 0.01340 0.00010 ( 1)
  35 K   0.45140 0.51811 0.00715 0.02334 ( 2)
  36 G   0.97530 0.00002 0.02468 0.00000 ( 1)
  37 P   0.97372 0.00014 0.02614 0.00001 ( 1)
  38 G   0.97520 0.00012 0.02468 0.00001 ( 1)
  39 F   0.98441 0.00000 0.01559 0.00000 ( 1)
  40 T   0.98396 0.00000 0.01604 0.00000 ( 1)
  41 G   0.97532 0.00000 0.02468 0.00000 ( 1)
  42 G   0.97406 0.00122 0.02465 0.00007 ( 1)
  43 D   0.98599 0.00000 0.01400 0.00000 ( 1)
  44 I   0.98807 0.00047 0.01145 0.00002 ( 1)
  45 L   0.97884 0.00005 0.02111 0.00000 ( 1)
  46 R   0.57035 0.36894 0.03229 0.02842 ( 1)
  47 R   0.84225 0.00032 0.15741 0.00002 ( 1)
  48 T   0.82184 0.05034 0.12449 0.00333 ( 1)
  49 S   0.14493 0.80140 0.00525 0.04843 ( 2)
  50 P   0.35557 0.60605 0.00766 0.03072 ( 2)
  51 G   0.94039 0.00012 0.05947 0.00001 ( 1)
  52 Q   0.01083 0.83622 0.01077 0.14218 ( 2)
  53 I   0.98855 0.00000 0.01145 0.00000 ( 1)
  54 S   0.09906 0.84699 0.00317 0.05077 ( 2)
  55 T   0.94659 0.00044 0.05294 0.00003 ( 1)
  56 L   0.08432 0.86127 0.00272 0.05169 ( 2)
  57 R   0.97398 0.00874 0.01687 0.00041 ( 1)
  58 V   0.94395 0.03523 0.01906 0.00176 ( 1)
  59 N   0.88877 0.00004 0.11118 0.00000 ( 1)
  60 -   0.67187 0.23031 0.07319 0.02463 ( 1)
  61 I   0.98855 0.00000 0.01145 0.00000 ( 1)
  62 T   0.71565 0.26255 0.01027 0.01152 ( 1)
  63 A   0.00063 0.95401 0.00001 0.04535 ( 2)
  64 P   0.52101 0.31378 0.13901 0.02619 ( 1)
  65 L   0.96631 0.00263 0.03090 0.00016 ( 1)
  66 S   0.96853 0.00065 0.03077 0.00004 ( 1)
  67 Q   0.94653 0.01569 0.03676 0.00102 ( 1)
  68 R   0.98297 0.00000 0.01702 0.00000 ( 1)
  69 Y   0.97717 0.00001 0.02283 0.00000 ( 1)
  70 R   0.90761 0.01777 0.07300 0.00162 ( 1)
  71 V   0.98250 0.00001 0.01749 0.00000 ( 1)
  72 R   0.98278 0.00019 0.01702 0.00001 ( 1)
  73 I   0.98854 0.00001 0.01145 0.00000 ( 1)
  74 R   0.55951 0.01918 0.41865 0.00266 ( 1)
  75 Y   0.93876 0.00003 0.06121 0.00000 ( 1)
  76 A   0.98537 0.00000 0.01463 0.00000 ( 1)
  77 S   0.82429 0.00002 0.17569 0.00000 ( 1)
  78 T   0.98295 0.00000 0.01705 0.00000 ( 1)
  79 T   0.98390 0.00006 0.01604 0.00000 ( 1)
  80 N   0.98871 0.00006 0.01122 0.00000 ( 1)
  81 L   0.96847 0.00053 0.03097 0.00003 ( 1)
  82 Q   0.95102 0.01131 0.03693 0.00074 ( 1)
  83 F   0.95064 0.00007 0.04928 0.00000 ( 1)
  84 H   0.04497 0.83250 0.02573 0.09681 ( 2)
  85 T   0.95825 0.02498 0.01562 0.00115 ( 1)
  86 S   0.00254 0.94093 0.00008 0.05644 ( 2)
  87 I   0.98854 0.00001 0.01145 0.00000 ( 1)
  88 D   0.41941 0.32701 0.21596 0.03762 ( 1)
  89 G   0.97530 0.00002 0.02468 0.00000 ( 1)
  90 R   0.97076 0.01188 0.01681 0.00056 ( 1)
  91 P   0.90849 0.06853 0.01951 0.00348 ( 1)
  92 I   0.98844 0.00010 0.01145 0.00000 ( 1)
  93 N   0.98878 0.00000 0.01122 0.00000 ( 1)
  94 Q   0.00000 0.91849 0.00000 0.08150 ( 2)
  95 G   0.91260 0.05017 0.03401 0.00322 ( 1)
  96 N   0.89962 0.00003 0.10035 0.00000 ( 1)
  97 F   0.86582 0.00041 0.13375 0.00003 ( 1)
  98 S   0.00577 0.88439 0.00302 0.10682 ( 2)
  99 A   0.42262 0.54389 0.00766 0.02583 ( 2)
 100 T   0.98785 0.00000 0.01215 0.00000 ( 1)
 101 M   0.97924 0.00074 0.01998 0.00004 ( 1)
 102 S   0.89573 0.00243 0.10169 0.00014 ( 1)
 103 S   0.95018 0.03736 0.01097 0.00150 ( 1)
 104 G   0.28060 0.64341 0.02028 0.05571 ( 2)
 105 S   0.00001 0.88769 0.00002 0.11228 ( 2)
 106 N   0.13000 0.80557 0.01519 0.04925 ( 2)
 107 L   0.96890 0.00011 0.03098 0.00001 ( 1)
 108 Q   0.12828 0.79194 0.00968 0.07009 ( 2)
 109 S   0.07377 0.85060 0.00490 0.07073 ( 2)
 110 A   0.07866 0.82798 0.02130 0.07205 ( 2)
 111 S   0.00200 0.89025 0.00105 0.10669 ( 2)
 112 F   0.86471 0.00054 0.13472 0.00004 ( 1)
 113 R   0.95191 0.00065 0.04739 0.00005 ( 1)
 114 T   0.48804 0.00060 0.51132 0.00005 ( 3)
 115 V   0.01849 0.41884 0.47217 0.09050 ( 3)
 116 G   0.98076 0.00189 0.01726 0.00009 ( 1)
 117 F   0.98441 0.00000 0.01559 0.00000 ( 1)
 118 T   0.98785 0.00001 0.01215 0.00000 ( 1)
 119 T   0.98785 0.00000 0.01215 0.00000 ( 1)
 120 P   0.93012 0.00004 0.06983 0.00000 ( 1)
 121 F   0.98441 0.00000 0.01559 0.00000 ( 1)
 122 N   0.35100 0.59250 0.01564 0.04086 ( 2)
 123 F   0.86800 0.00003 0.13197 0.00000 ( 1)
 124 S   0.34604 0.49387 0.11394 0.04615 ( 2)
 125 N   0.67322 0.30695 0.00764 0.01219 ( 1)
 126 G   0.02106 0.92796 0.00054 0.05045 ( 2)
 127 S   0.00952 0.93414 0.00031 0.05604 ( 2)
 128 S   0.98460 0.00388 0.01137 0.00016 ( 1)
 129 V   0.81126 0.04823 0.13722 0.00330 ( 1)
 130 F   0.98429 0.00012 0.01559 0.00001 ( 1)
 131 T   0.92857 0.01041 0.06017 0.00086 ( 1)
 132 L   0.93947 0.02876 0.03004 0.00173 ( 1)
 133 S   0.98729 0.00126 0.01140 0.00005 ( 1)
 134 A   0.93958 0.04551 0.01296 0.00195 ( 1)
 135 H   0.00024 0.91982 0.00007 0.07987 ( 2)
 136 V   0.00000 0.92708 0.00000 0.07292 ( 2)
 137 F   0.94999 0.00071 0.04925 0.00005 ( 1)
 138 N   0.98740 0.00135 0.01120 0.00005 ( 1)
 139 S   0.07617 0.86928 0.00244 0.05211 ( 2)
 140 G   0.47865 0.45393 0.03048 0.03694 ( 1)
 141 -   0.67187 0.23031 0.07319 0.02463 ( 1)
 142 N   0.65945 0.32035 0.00748 0.01272 ( 1)
 143 E   0.98020 0.00032 0.01946 0.00002 ( 1)
 144 V   0.98662 0.00001 0.01336 0.00000 ( 1)
 145 Y   0.97643 0.00073 0.02281 0.00004 ( 1)
 146 I   0.98614 0.00003 0.01383 0.00000 ( 1)
 147 D   0.86534 0.00001 0.13465 0.00000 ( 1)
 148 R   0.74037 0.20331 0.04070 0.01562 ( 1)
 149 I   0.98855 0.00000 0.01145 0.00000 ( 1)
 150 E   0.98053 0.00000 0.01947 0.00000 ( 1)
 151 F   0.98441 0.00000 0.01559 0.00000 ( 1)
 152 V   0.98657 0.00006 0.01336 0.00000 ( 1)
 153 -   0.83835 0.06383 0.09101 0.00681 ( 1)

