Supplemental results for CODEML (seqf: algn  treef: tree)


dN/dS (w) for site classes (K=4)

site class             0        1       2a       2b
proportion       0.32592  0.09094  0.45592  0.12722
background w     0.11013  1.00000  0.11013  1.00000
foreground w     0.11013  1.00000  1.00000  1.00000

Naive Empirical Bayes (NEB) probabilities for 4 classes
(amino acids refer to 1st sequence: BT_Cry1Fb1)

   1 -   0.46524 0.01367 0.50197 0.01912 ( 3)
   2 -   0.52634 0.01243 0.44385 0.01739 ( 1)
   3 I   0.10973 0.31871 0.12571 0.44584 ( 4)
   4 I   0.54092 0.00067 0.45747 0.00094 ( 1)
   5 T   0.35923 0.08264 0.44253 0.11560 ( 3)
   6 Q   0.47417 0.00099 0.52346 0.00138 ( 3)
   7 I   0.50289 0.00269 0.49066 0.00376 ( 1)
   8 P   0.50185 0.00013 0.49785 0.00018 ( 1)
   9 A   0.00626 0.41178 0.00594 0.57603 ( 4)
  10 V   0.44692 0.00043 0.55204 0.00061 ( 3)
  11 K   0.52600 0.00017 0.47359 0.00024 ( 1)
  12 A   0.26585 0.19408 0.26857 0.27150 ( 4)
  13 H   0.00191 0.41538 0.00164 0.58107 ( 4)
  14 N   0.34340 0.13171 0.34066 0.18424 ( 1)
  15 L   0.07886 0.06577 0.76336 0.09201 ( 3)
  16 H   0.48584 0.00116 0.51137 0.00163 ( 3)
  17 -   0.42096 0.07812 0.39164 0.10928 ( 1)
  18 -   0.35330 0.08725 0.43740 0.12205 ( 3)
  19 S   0.02869 0.30575 0.23784 0.42771 ( 4)
  20 G   0.44326 0.00015 0.55638 0.00021 ( 3)
  21 S   0.16541 0.28063 0.16139 0.39257 ( 4)
  22 T   0.04280 0.26016 0.33310 0.36394 ( 4)
  23 V   0.44642 0.00038 0.55268 0.00053 ( 3)
  24 V   0.07670 0.07088 0.75326 0.09916 ( 3)
  25 R   0.08888 0.07269 0.73675 0.10169 ( 3)
  26 G   0.52314 0.00016 0.47648 0.00023 ( 1)
  27 P   0.48689 0.00026 0.51248 0.00037 ( 3)
  28 G   0.43737 0.00045 0.56156 0.00063 ( 3)
  29 F   0.52036 0.00005 0.47951 0.00007 ( 1)
  30 T   0.51726 0.00062 0.48125 0.00087 ( 1)
  31 G   0.52293 0.00033 0.47628 0.00046 ( 1)
  32 G   0.49884 0.00019 0.50072 0.00026 ( 3)
  33 D   0.54087 0.00126 0.45610 0.00177 ( 1)
  34 L   0.36834 0.11350 0.35939 0.15877 ( 1)
  35 L   0.50806 0.01230 0.46244 0.01720 ( 1)
  36 R   0.01161 0.00851 0.96798 0.01190 ( 3)
  37 R   0.10067 0.00993 0.87551 0.01389 ( 3)
  38 T   0.07011 0.01139 0.90257 0.01594 ( 3)
  39 N   0.03368 0.26030 0.34188 0.36413 ( 4)
  40 T   0.50358 0.03294 0.41740 0.04608 ( 1)
  41 G   0.01365 0.00071 0.98463 0.00100 ( 3)
  42 -   0.00809 0.13382 0.67089 0.18720 ( 3)
  43 T   0.21674 0.24881 0.18638 0.34806 ( 4)
  44 F   0.08946 0.03478 0.82711 0.04865 ( 3)
  45 A   0.48505 0.03835 0.42295 0.05365 ( 1)
  46 D   0.09790 0.32846 0.11416 0.45947 ( 4)
  47 I   0.26628 0.18410 0.29209 0.25753 ( 3)
  48 R   0.44557 0.01832 0.51047 0.02563 ( 3)
  49 V   0.52633 0.00614 0.45895 0.00858 ( 1)
  50 N   0.05795 0.12168 0.65016 0.17021 ( 3)
  51 I   0.00749 0.17103 0.58223 0.23925 ( 3)
  52 T   0.45515 0.06713 0.38381 0.09391 ( 1)
  53 G   0.05242 0.37371 0.05109 0.52278 ( 4)
  54 -   0.32592 0.09094 0.45592 0.12722 ( 3)
  55 P   0.39562 0.04008 0.50825 0.05606 ( 3)
  56 L   0.42562 0.06134 0.42722 0.08581 ( 3)
  57 S   0.46391 0.04355 0.43162 0.06092 ( 1)
  58 Q   0.44885 0.02320 0.49550 0.03245 ( 3)
  59 R   0.42933 0.03285 0.49187 0.04595 ( 3)
  60 Y   0.50309 0.00008 0.49673 0.00011 ( 1)
  61 R   0.49136 0.00005 0.50851 0.00008 ( 3)
  62 V   0.52565 0.00214 0.46921 0.00300 ( 1)
  63 R   0.51874 0.00012 0.48099 0.00016 ( 1)
  64 I   0.46578 0.00379 0.52512 0.00531 ( 3)
  65 R   0.51064 0.01234 0.45977 0.01726 ( 1)
  66 Y   0.50309 0.00008 0.49673 0.00011 ( 1)
  67 A   0.44584 0.00026 0.55354 0.00037 ( 3)
  68 S   0.53071 0.00128 0.46622 0.00179 ( 1)
  69 T   0.51535 0.01730 0.44315 0.02420 ( 1)
  70 T   0.54377 0.00230 0.45072 0.00322 ( 1)
  71 D   0.50590 0.03356 0.41361 0.04694 ( 1)
  72 L   0.46389 0.04528 0.42748 0.06334 ( 1)
  73 Q   0.32772 0.08914 0.45845 0.12469 ( 3)
  74 F   0.50155 0.00135 0.49521 0.00188 ( 1)
  75 F   0.31077 0.12969 0.37813 0.18142 ( 3)
  76 T   0.36737 0.12423 0.33460 0.17379 ( 1)
  77 R   0.08641 0.34919 0.07591 0.48848 ( 4)
  78 I   0.14843 0.29390 0.14655 0.41113 ( 4)
  79 N   0.35157 0.13125 0.33357 0.18361 ( 1)
  80 G   0.49881 0.00021 0.50069 0.00029 ( 3)
  81 T   0.37828 0.12847 0.31354 0.17971 ( 1)
  82 S   0.00345 0.40448 0.02625 0.56582 ( 4)
  83 V   0.43966 0.00353 0.55186 0.00494 ( 3)
  84 N   0.00873 0.00035 0.99044 0.00049 ( 3)
  85 Q   0.36102 0.08971 0.42377 0.12550 ( 3)
  86 G   0.02427 0.39659 0.02436 0.55479 ( 4)
  87 -   0.44437 0.07496 0.37581 0.10486 ( 1)
  88 -   0.39121 0.08213 0.41176 0.11489 ( 3)
  89 -   0.42615 0.07742 0.38814 0.10830 ( 1)
  90 -   0.35311 0.08727 0.43754 0.12208 ( 3)
  91 -   0.44934 0.07429 0.37245 0.10392 ( 1)
  92 N   0.00515 0.39513 0.04699 0.55274 ( 4)
  93 F   0.53245 0.00136 0.46428 0.00191 ( 1)
  94 Q   0.05022 0.37515 0.04982 0.52480 ( 4)
  95 R   0.52055 0.00449 0.46869 0.00628 ( 1)
  96 T   0.51741 0.00050 0.48139 0.00070 ( 1)
  97 M   0.51140 0.00001 0.48858 0.00001 ( 1)
  98 N   0.08924 0.09829 0.67497 0.13750 ( 3)
  99 R   0.35620 0.13583 0.31795 0.19001 ( 1)
 100 G   0.10062 0.00061 0.89791 0.00085 ( 3)
 101 G   0.04192 0.25860 0.33774 0.36175 ( 4)
 102 N   0.43254 0.05768 0.42909 0.08069 ( 1)
 103 L   0.50524 0.00076 0.49295 0.00106 ( 1)
 104 E   0.29961 0.15481 0.32902 0.21656 ( 3)
 105 S   0.49081 0.01025 0.48460 0.01434 ( 1)
 106 G   0.05599 0.37345 0.04815 0.52241 ( 4)
 107 N   0.13892 0.29536 0.15256 0.41317 ( 4)
 108 F   0.52036 0.00005 0.47951 0.00007 ( 1)
 109 R   0.45125 0.06350 0.39642 0.08883 ( 1)
 110 T   0.45689 0.03835 0.45112 0.05364 ( 1)
 111 A   0.53625 0.00427 0.45352 0.00597 ( 1)
 112 G   0.50942 0.02543 0.42958 0.03557 ( 1)
 113 F   0.47636 0.00046 0.52252 0.00065 ( 3)
 114 S   0.47410 0.02317 0.47032 0.03241 ( 1)
 115 T   0.01346 0.01269 0.95610 0.01775 ( 3)
 116 P   0.47598 0.00054 0.52271 0.00076 ( 3)
 117 F   0.49935 0.00317 0.49304 0.00444 ( 1)
 118 S   0.27210 0.20590 0.23398 0.28803 ( 4)
 119 F   0.52036 0.00005 0.47951 0.00007 ( 1)
 120 S   0.01625 0.40447 0.01347 0.56581 ( 4)
 121 N   0.39491 0.07050 0.43596 0.09862 ( 3)
 122 A   0.06755 0.12454 0.63370 0.17422 ( 3)
 123 Q   0.00108 0.41213 0.01027 0.57652 ( 4)
 124 S   0.40364 0.05085 0.47438 0.07113 ( 3)
 125 T   0.05874 0.20100 0.45909 0.28118 ( 3)
 126 F   0.07460 0.09025 0.70891 0.12624 ( 3)
 127 T   0.04306 0.24726 0.36378 0.34589 ( 3)
 128 L   0.38506 0.05735 0.47736 0.08023 ( 3)
 129 G   0.01022 0.02351 0.93338 0.03289 ( 3)
 130 T   0.09962 0.02814 0.83289 0.03936 ( 3)
 131 Q   0.08427 0.35301 0.06890 0.49382 ( 4)
 132 A   0.04316 0.17813 0.52953 0.24918 ( 3)
 133 F   0.08839 0.00112 0.90892 0.00157 ( 3)
 134 -   0.00233 0.40808 0.01874 0.57086 ( 4)
 135 S   0.47619 0.00036 0.52294 0.00051 ( 3)
 136 N   0.42959 0.04393 0.46504 0.06145 ( 3)
 137 Q   0.33237 0.13924 0.33362 0.19478 ( 3)
 138 E   0.43795 0.00193 0.55741 0.00271 ( 3)
 139 V   0.10621 0.00244 0.88794 0.00341 ( 3)
 140 Y   0.50309 0.00008 0.49673 0.00011 ( 1)
 141 I   0.50123 0.00967 0.47557 0.01353 ( 1)
 142 D   0.45413 0.00029 0.54517 0.00041 ( 3)
 143 R   0.10164 0.01654 0.85868 0.02314 ( 3)
 144 I   0.53151 0.00209 0.46347 0.00293 ( 1)
 145 E   0.51794 0.00008 0.48186 0.00012 ( 1)
 146 F   0.50838 0.00965 0.46847 0.01350 ( 1)
 147 V   0.43023 0.01529 0.53309 0.02139 ( 3)
 148 -   0.32592 0.09094 0.45592 0.12722 ( 3)


lnL = -2056.801070

