Supplemental results for CODEML (seqf: algn  treef: tree)


dN/dS (w) for site classes (K=4)

site class             0        1       2a       2b
proportion       0.48208  0.42635  0.04860  0.04298
background w     0.13853  0.81058  0.13853  0.81058
foreground w     0.13853  0.81058  5.27131  5.27131

Naive Empirical Bayes (NEB) probabilities for 4 classes
(amino acids refer to 1st sequence: BT_Cry1Ba1)

   1 -   0.48208 0.42635 0.04860 0.04298 ( 1)
   2 -   0.48208 0.42635 0.04860 0.04298 ( 1)
   3 -   0.48208 0.42635 0.04860 0.04298 ( 1)
   4 -   0.48208 0.42635 0.04860 0.04298 ( 1)
   5 -   0.48208 0.42635 0.04860 0.04298 ( 1)
   6 -   0.79319 0.11524 0.07996 0.01162 ( 1)
   7 -   0.78197 0.12646 0.07883 0.01275 ( 1)
   8 -   0.24044 0.66799 0.02424 0.06734 ( 2)
   9 -   0.88318 0.02524 0.08903 0.00254 ( 1)
  10 R   0.93640 0.03514 0.02717 0.00130 ( 1)
  11 I   0.97128 0.00006 0.02865 0.00000 ( 1)
  12 T   0.97135 0.00010 0.02855 0.00000 ( 1)
  13 Q   0.92598 0.00949 0.06385 0.00069 ( 1)
  14 I   0.48052 0.47444 0.02124 0.02381 ( 1)
  15 P   0.96370 0.00027 0.03602 0.00001 ( 1)
  16 M   0.00003 0.93577 0.00000 0.06420 ( 2)
  17 V   0.95722 0.01338 0.02887 0.00054 ( 1)
  18 K   0.97179 0.00178 0.02637 0.00006 ( 1)
  19 A   0.93227 0.02409 0.04240 0.00124 ( 1)
  20 S   0.00257 0.96196 0.00007 0.03540 ( 2)
  21 E   0.00028 0.95769 0.00001 0.04202 ( 2)
  22 L   0.00276 0.95042 0.00012 0.04670 ( 2)
  23 P   0.00000 0.79831 0.00000 0.20169 ( 2)
  24 Q   0.00002 0.96359 0.00000 0.03639 ( 2)
  25 G   0.94473 0.00016 0.05510 0.00001 ( 1)
  26 T   0.00541 0.82663 0.00409 0.16387 ( 2)
  27 T   0.28913 0.33181 0.31201 0.06705 ( 2)
  28 V   0.13964 0.76879 0.01408 0.07750 ( 2)
  29 V   0.96449 0.00630 0.02897 0.00024 ( 1)
  30 R   0.76775 0.20449 0.02064 0.00711 ( 1)
  31 G   0.96601 0.00097 0.03299 0.00004 ( 1)
  32 P   0.96356 0.00041 0.03601 0.00002 ( 1)
  33 G   0.96678 0.00022 0.03299 0.00001 ( 1)
  34 F   0.97013 0.00006 0.02981 0.00000 ( 1)
  35 T   0.97120 0.00028 0.02851 0.00001 ( 1)
  36 G   0.96685 0.00015 0.03299 0.00001 ( 1)
  37 G   0.96319 0.00377 0.03289 0.00016 ( 1)
  38 D   0.97292 0.00109 0.02595 0.00004 ( 1)
  39 I   0.95234 0.01837 0.02858 0.00072 ( 1)
  40 L   0.78464 0.17059 0.03568 0.00908 ( 1)
  41 R   0.90298 0.04213 0.05226 0.00264 ( 1)
  42 R   0.34015 0.00375 0.65477 0.00133 ( 3)
  43 T   0.95022 0.00625 0.04321 0.00032 ( 1)
  44 N   0.00000 0.95014 0.00000 0.04986 ( 2)
  45 T   0.00007 0.96623 0.00000 0.03369 ( 2)
  46 -   0.62650 0.34420 0.01700 0.01229 ( 1)
  47 G   0.96696 0.00139 0.03159 0.00006 ( 1)
  48 G   0.00048 0.96565 0.00001 0.03386 ( 2)
  49 F   0.00160 0.88733 0.00079 0.11028 ( 2)
  50 G   0.88092 0.07410 0.04105 0.00393 ( 1)
  51 P   0.11332 0.84891 0.00342 0.03435 ( 2)
  52 I   0.96699 0.00612 0.02666 0.00023 ( 1)
  53 R   0.94302 0.00159 0.05529 0.00011 ( 1)
  54 V   0.92058 0.00594 0.07301 0.00047 ( 1)
  55 T   0.00025 0.90519 0.00005 0.09451 ( 2)
  56 V   0.40570 0.55738 0.01369 0.02323 ( 2)
  57 N   0.01909 0.94008 0.00068 0.04014 ( 2)
  58 G   0.00040 0.96166 0.00001 0.03792 ( 2)
  59 P   0.06186 0.88466 0.00316 0.05033 ( 2)
  60 L   0.90200 0.05532 0.03991 0.00277 ( 1)
  61 T   0.94818 0.02308 0.02786 0.00088 ( 1)
  62 Q   0.95835 0.00081 0.04079 0.00004 ( 1)
  63 R   0.04113 0.91190 0.00180 0.04518 ( 2)
  64 Y   0.96123 0.00046 0.03829 0.00002 ( 1)
  65 R   0.93478 0.02574 0.03828 0.00120 ( 1)
  66 I   0.95210 0.02085 0.02625 0.00080 ( 1)
  67 G   0.97122 0.00044 0.02833 0.00002 ( 1)
  68 F   0.00617 0.68351 0.01530 0.29502 ( 2)
  69 R   0.95980 0.00094 0.03922 0.00004 ( 1)
  70 Y   0.93588 0.02566 0.03728 0.00117 ( 1)
  71 A   0.96980 0.00009 0.03010 0.00000 ( 1)
  72 S   0.90763 0.04938 0.04051 0.00249 ( 1)
  73 T   0.97187 0.00123 0.02686 0.00004 ( 1)
  74 V   0.05814 0.90373 0.00179 0.03635 ( 2)
  75 D   0.93082 0.04291 0.02483 0.00145 ( 1)
  76 F   0.84894 0.11778 0.02834 0.00495 ( 1)
  77 D   0.00000 0.95838 0.00000 0.04162 ( 2)
  78 F   0.23139 0.70505 0.01494 0.04863 ( 2)
  79 F   0.00023 0.95320 0.00001 0.04656 ( 2)
  80 V   0.32129 0.09783 0.55271 0.02817 ( 3)
  81 S   0.00000 0.95761 0.00000 0.04239 ( 2)
  82 R   0.04093 0.92206 0.00122 0.03578 ( 2)
  83 G   0.02498 0.70759 0.05037 0.21706 ( 2)
  84 G   0.00004 0.77505 0.00009 0.22482 ( 2)
  85 T   0.01103 0.92149 0.00076 0.06673 ( 2)
  86 T   0.00023 0.92170 0.00005 0.07802 ( 2)
  87 -   0.63367 0.33806 0.01638 0.01189 ( 1)
  88 -   0.01977 0.46549 0.24825 0.26649 ( 2)
  89 V   0.27034 0.32536 0.34899 0.05531 ( 3)
  90 N   0.00439 0.95256 0.00016 0.04290 ( 2)
  91 N   0.00112 0.78440 0.00167 0.21281 ( 2)
  92 F   0.00227 0.54748 0.05212 0.39813 ( 2)
  93 R   0.00001 0.78573 0.00001 0.21425 ( 2)
  94 F   0.01259 0.93840 0.00057 0.04843 ( 2)
  95 L   0.00000 0.90167 0.00000 0.09832 ( 2)
  96 R   0.30851 0.64868 0.01261 0.03021 ( 2)
  97 T   0.97143 0.00005 0.02852 0.00000 ( 1)
  98 M   0.97177 0.00003 0.02820 0.00000 ( 1)
  99 N   0.00401 0.94074 0.00021 0.05504 ( 2)
 100 S   0.00154 0.96596 0.00004 0.03246 ( 2)
 101 G   0.94970 0.01718 0.03241 0.00071 ( 1)
 102 D   0.00001 0.94144 0.00000 0.05856 ( 2)
 103 E   0.91359 0.03239 0.05202 0.00200 ( 1)
 104 L   0.57299 0.38222 0.02552 0.01926 ( 1)
 105 K   0.39310 0.56725 0.01388 0.02576 ( 2)
 106 Y   0.84650 0.11454 0.03373 0.00523 ( 1)
 107 G   0.95727 0.01494 0.02725 0.00053 ( 1)
 108 N   0.65772 0.27671 0.04520 0.02038 ( 1)
 109 F   0.95673 0.00494 0.03811 0.00023 ( 1)
 110 V   0.00338 0.95203 0.00014 0.04444 ( 2)
 111 R   0.90219 0.06775 0.02742 0.00263 ( 1)
 112 R   0.02278 0.93952 0.00068 0.03702 ( 2)
 113 A   0.31595 0.18658 0.44806 0.04942 ( 3)
 114 F   0.46057 0.06033 0.46236 0.01675 ( 3)
 115 T   0.05860 0.56457 0.14757 0.22926 ( 2)
 116 T   0.60912 0.17492 0.17299 0.04297 ( 1)
 117 P   0.00124 0.96312 0.00003 0.03560 ( 2)
 118 -   0.48208 0.42635 0.04860 0.04298 ( 1)
 119 -   0.48208 0.42635 0.04860 0.04298 ( 1)
 120 -   0.48208 0.42635 0.04860 0.04298 ( 1)
 121 -   0.48208 0.42635 0.04860 0.04298 ( 1)
 122 -   0.48208 0.42635 0.04860 0.04298 ( 1)
 123 -   0.48208 0.42635 0.04860 0.04298 ( 1)
 124 F   0.96699 0.00319 0.02970 0.00012 ( 1)
 125 T   0.00013 0.96065 0.00000 0.03922 ( 2)
 126 F   0.44551 0.29037 0.20515 0.05897 ( 1)
 127 T   0.00739 0.82027 0.01014 0.16219 ( 2)
 128 Q   0.11741 0.81483 0.00809 0.05967 ( 2)
 129 I   0.00569 0.96242 0.00014 0.03175 ( 2)
 130 Q   0.04608 0.90289 0.00223 0.04879 ( 2)
 131 D   0.07678 0.83711 0.01243 0.07367 ( 2)
 132 I   0.00011 0.93020 0.00001 0.06968 ( 2)
 133 I   0.86558 0.08165 0.04758 0.00519 ( 1)
 134 R   0.37693 0.56582 0.02181 0.03544 ( 2)
 135 T   0.00038 0.90643 0.00003 0.09316 ( 2)
 136 S   0.00016 0.79932 0.00025 0.20028 ( 2)
 137 I   0.00935 0.95064 0.00032 0.03970 ( 2)
 138 Q   0.00028 0.78788 0.00041 0.21143 ( 2)
 139 G   0.00385 0.95654 0.00013 0.03947 ( 2)
 140 L   0.39192 0.56974 0.01419 0.02415 ( 2)
 141 S   0.05171 0.90134 0.00227 0.04468 ( 2)
 142 G   0.00014 0.86137 0.00010 0.13839 ( 2)
 143 N   0.81159 0.16264 0.02042 0.00534 ( 1)
 144 G   0.00034 0.96022 0.00001 0.03942 ( 2)
 145 E   0.40133 0.01774 0.57723 0.00370 ( 3)
 146 V   0.34398 0.59118 0.02302 0.04183 ( 2)
 147 Y   0.93630 0.00317 0.06031 0.00022 ( 1)
 148 I   0.03075 0.92876 0.00111 0.03937 ( 2)
 149 D   0.97399 0.00003 0.02598 0.00000 ( 1)
 150 K   0.93191 0.04211 0.02455 0.00144 ( 1)
 151 I   0.96095 0.00327 0.03564 0.00014 ( 1)
 152 E   0.97225 0.00006 0.02768 0.00000 ( 1)
 153 I   0.79720 0.17054 0.02559 0.00667 ( 1)
 154 I   0.77880 0.16110 0.04922 0.01088 ( 1)
 155 P   0.91836 0.04256 0.03678 0.00229 ( 1)


lnL = -4068.010005

