Supplemental results for CODEML (seqf: algn  treef: tree)


dN/dS (w) for site classes (K=4)

site class             0        1       2a       2b
proportion       0.39196  0.59017  0.00713  0.01074
background w     0.08568  1.23958  0.08568  1.23958
foreground w     0.08568  1.23958 450.70219 450.70219

Naive Empirical Bayes (NEB) probabilities for 4 classes
(amino acids refer to 1st sequence: BT_Cry24Ca1)

   1 P   0.00302 0.99622 0.00000 0.00076 ( 2)
   2 T   0.00705 0.99225 0.00000 0.00069 ( 2)
   3 Q   0.22707 0.77094 0.00026 0.00173 ( 2)
   4 I   0.30329 0.69588 0.00022 0.00060 ( 2)
   5 E   0.07537 0.92378 0.00004 0.00081 ( 2)
   6 L   0.98104 0.01837 0.00058 0.00001 ( 1)
   7 S   0.97637 0.02300 0.00062 0.00002 ( 1)
   8 R   0.99517 0.00466 0.00016 0.00000 ( 1)
   9 Q   0.15970 0.83814 0.00018 0.00198 ( 2)
  10 I   0.99233 0.00732 0.00035 0.00000 ( 1)
  11 Y   0.99405 0.00501 0.00093 0.00001 ( 1)
  12 T   0.99002 0.00935 0.00062 0.00001 ( 1)
  13 D   0.99760 0.00161 0.00079 0.00000 ( 1)
  14 P   0.99630 0.00341 0.00029 0.00000 ( 1)
  15 V   0.96745 0.03207 0.00046 0.00002 ( 1)
  16 G   0.99708 0.00244 0.00048 0.00000 ( 1)
  17 A   0.00000 0.98697 0.00000 0.01302 ( 2)
  18 T   0.88153 0.11787 0.00053 0.00007 ( 1)
  19 F   0.00000 0.99597 0.00000 0.00403 ( 2)
  20 S   0.00001 0.99932 0.00000 0.00067 ( 2)
  21 -   0.06465 0.91748 0.00118 0.01670 ( 2)
  22 D   0.00262 0.99627 0.00000 0.00111 ( 2)
  23 F   0.01762 0.98219 0.00000 0.00019 ( 2)
  24 S   0.01622 0.98212 0.00002 0.00164 ( 2)
  25 N   0.08472 0.91412 0.00008 0.00108 ( 2)
  26 W   0.00008 0.99977 0.00000 0.00015 ( 2)
  27 T   0.14899 0.85005 0.00012 0.00083 ( 2)
  28 L   0.00054 0.99916 0.00000 0.00031 ( 2)
  29 T   0.01200 0.98702 0.00001 0.00097 ( 2)
  30 N   0.04328 0.95504 0.00006 0.00162 ( 2)
  31 R   0.03564 0.96392 0.00001 0.00043 ( 2)
  32 T   0.79903 0.20011 0.00067 0.00020 ( 1)
  33 L   0.06145 0.93818 0.00002 0.00035 ( 2)
  34 A   0.12588 0.87330 0.00009 0.00073 ( 2)
  35 -   0.43190 0.55023 0.00786 0.01001 ( 2)
  36 -   0.05653 0.92559 0.00103 0.01684 ( 2)
  37 N   0.00720 0.99170 0.00001 0.00110 ( 2)
  38 F   0.99833 0.00113 0.00055 0.00000 ( 1)
  39 N   0.93544 0.06364 0.00085 0.00007 ( 1)
  40 D   0.07461 0.92445 0.00006 0.00088 ( 2)
  41 L   0.93197 0.06775 0.00026 0.00002 ( 1)
  42 E   0.99719 0.00223 0.00057 0.00000 ( 1)
  43 R   0.25938 0.74019 0.00010 0.00033 ( 2)
  44 E   0.52211 0.47728 0.00030 0.00031 ( 1)
  45 V   0.05389 0.94559 0.00003 0.00050 ( 2)
  46 T   0.05004 0.94927 0.00003 0.00066 ( 2)
  47 D   0.04989 0.94917 0.00004 0.00090 ( 2)
  48 A   0.00390 0.99343 0.00001 0.00266 ( 2)
  49 P   0.99559 0.00403 0.00038 0.00000 ( 1)
  50 S   0.95569 0.04367 0.00060 0.00003 ( 1)
  51 L   0.98137 0.01829 0.00033 0.00001 ( 1)
  52 L   0.09423 0.90519 0.00004 0.00054 ( 2)
  53 K   0.46116 0.53813 0.00030 0.00040 ( 2)
  54 W   0.99582 0.00404 0.00014 0.00000 ( 1)
  55 L   0.89530 0.10429 0.00036 0.00005 ( 1)
  56 N   0.00394 0.99396 0.00001 0.00210 ( 2)
  57 S   0.00002 0.92657 0.00002 0.07339 ( 2)
  58 I   0.00692 0.87811 0.04033 0.07464 ( 2)
  59 E   0.00007 0.90657 0.00008 0.09328 ( 2)
  60 V   0.73834 0.26033 0.00086 0.00047 ( 1)
  61 Y   0.99735 0.00195 0.00069 0.00000 ( 1)
  62 T   0.86511 0.13426 0.00054 0.00009 ( 1)
  63 G   0.02764 0.95453 0.00049 0.01734 ( 2)
  64 A   0.00014 0.99925 0.00000 0.00061 ( 2)
  65 I   0.01428 0.98511 0.00001 0.00060 ( 2)
  66 D   0.00083 0.99898 0.00000 0.00019 ( 2)
  67 S   0.00328 0.97567 0.00095 0.02009 ( 2)
  68 H   0.00008 0.97004 0.00005 0.02982 ( 2)
  69 R   0.00298 0.99682 0.00000 0.00021 ( 2)
  70 P   0.00004 0.99952 0.00000 0.00044 ( 2)
  71 T   0.00000 0.00730 0.13446 0.85823 ( 4)
  72 S   0.00045 0.97243 0.00022 0.02690 ( 2)
  73 P   0.71559 0.28402 0.00027 0.00012 ( 1)
  74 -   0.39196 0.59017 0.00713 0.01074 ( 2)
  75 G   0.74474 0.25476 0.00036 0.00014 ( 1)
  76 E   0.01470 0.96443 0.00283 0.01803 ( 2)
  77 R   0.11913 0.88069 0.00002 0.00015 ( 2)
  78 I   0.82859 0.17086 0.00045 0.00010 ( 1)
  79 G   0.26590 0.71279 0.00562 0.01569 ( 2)
  80 V   0.54274 0.45676 0.00026 0.00024 ( 1)
  81 W   0.99582 0.00404 0.00014 0.00000 ( 1)
  82 Y   0.47683 0.52242 0.00033 0.00042 ( 2)
  83 G   0.99446 0.00506 0.00048 0.00000 ( 1)
  84 N   0.09688 0.77603 0.07491 0.05218 ( 2)
  85 R   0.00008 0.99920 0.00000 0.00073 ( 2)
  86 N   0.00004 0.00108 0.93632 0.06256 ( 3)
  87 T   0.00009 0.53749 0.03440 0.42801 ( 2)
  88 Y   0.00059 0.99756 0.00000 0.00185 ( 2)
  89 I   0.00001 0.99882 0.00000 0.00117 ( 2)
  90 N   0.00001 0.95387 0.00000 0.04612 ( 2)
  91 P   0.26890 0.73057 0.00018 0.00036 ( 2)
  92 D   0.04159 0.95696 0.00007 0.00138 ( 2)
  93 T   0.00103 0.99842 0.00000 0.00055 ( 2)
  94 N   0.00074 0.99774 0.00000 0.00152 ( 2)
  95 E   0.00179 0.99795 0.00000 0.00026 ( 2)
  96 -   0.46555 0.51658 0.00847 0.00940 ( 2)
  97 V   0.01203 0.98742 0.00001 0.00054 ( 2)
  98 S   0.00029 0.99937 0.00000 0.00034 ( 2)
  99 Y   0.00209 0.99708 0.00000 0.00083 ( 2)
 100 R   0.04098 0.95857 0.00002 0.00044 ( 2)
 101 F   0.00000 0.99859 0.00000 0.00140 ( 2)
 102 T   0.00050 0.99842 0.00000 0.00108 ( 2)
 103 G   0.97149 0.02815 0.00035 0.00001 ( 1)
 104 E   0.00045 0.99886 0.00000 0.00068 ( 2)
 105 L   0.00001 0.99924 0.00000 0.00075 ( 2)
 106 A   0.34512 0.65429 0.00019 0.00040 ( 2)
 107 Y   0.03355 0.96562 0.00002 0.00081 ( 2)
 108 E   0.59647 0.40293 0.00034 0.00026 ( 1)
 109 N   0.00277 0.99435 0.00001 0.00286 ( 2)
 110 P   0.00278 0.97317 0.00093 0.02312 ( 2)
 111 Y   0.01252 0.94446 0.00627 0.03675 ( 2)
 112 T   0.67083 0.32828 0.00056 0.00033 ( 1)
 113 F   0.09569 0.83073 0.04669 0.02689 ( 2)
 114 I   0.15146 0.84769 0.00011 0.00073 ( 2)
 115 G   0.00013 0.99656 0.00000 0.00331 ( 2)
 116 S   0.04831 0.95078 0.00006 0.00085 ( 2)
 117 F   0.05735 0.94179 0.00004 0.00082 ( 2)
 118 F   0.00025 0.99859 0.00000 0.00116 ( 2)
 119 D   0.42876 0.57032 0.00034 0.00058 ( 2)
 120 N   0.67762 0.32139 0.00062 0.00038 ( 1)
 121 D   0.99760 0.00161 0.00079 0.00000 ( 1)
 122 I   0.98678 0.01249 0.00072 0.00001 ( 1)
 123 Y   0.90152 0.09814 0.00031 0.00003 ( 1)
 124 K   0.95756 0.04177 0.00063 0.00003 ( 1)
 125 V   0.00214 0.99732 0.00000 0.00055 ( 2)
 126 A   0.00931 0.92958 0.00499 0.05612 ( 2)
 127 L   0.60389 0.39569 0.00025 0.00017 ( 1)
 128 R   0.02772 0.97200 0.00001 0.00027 ( 2)
 129 A   0.97133 0.02793 0.00072 0.00002 ( 1)
 130 A   0.74587 0.25338 0.00054 0.00021 ( 1)
 131 A   0.00001 0.76702 0.00197 0.23100 ( 2)
 132 -   0.41567 0.56646 0.00756 0.01031 ( 2)
 133 -   0.48544 0.49669 0.00883 0.00904 ( 2)
 134 -   0.48869 0.49344 0.00889 0.00898 ( 2)
 135 -   0.04856 0.93357 0.00088 0.01699 ( 2)
 136 V   0.69666 0.30267 0.00045 0.00022 ( 1)
 137 S   0.00835 0.99090 0.00001 0.00074 ( 2)
 138 T   0.00281 0.93569 0.00260 0.05891 ( 2)
 139 T   0.21654 0.78254 0.00015 0.00078 ( 2)
 140 F   0.00000 0.99855 0.00000 0.00145 ( 2)
 141 G   0.00002 0.99861 0.00000 0.00137 ( 2)
 142 S   0.00450 0.99499 0.00000 0.00051 ( 2)
 143 N   0.00000 0.99814 0.00000 0.00186 ( 2)
 144 D   0.33681 0.66227 0.00027 0.00065 ( 2)
 145 S   0.00002 0.99964 0.00000 0.00034 ( 2)
 146 T   0.35350 0.64553 0.00030 0.00066 ( 2)
 147 F   0.98161 0.01784 0.00054 0.00001 ( 1)
 148 G   0.99479 0.00485 0.00036 0.00000 ( 1)
 149 V   0.97033 0.02903 0.00062 0.00002 ( 1)
 150 S   0.57175 0.42767 0.00031 0.00027 ( 1)
 151 S   0.00016 0.99933 0.00000 0.00052 ( 2)
 152 S   0.98765 0.01172 0.00062 0.00001 ( 1)
 153 Q   0.00010 0.99975 0.00000 0.00014 ( 2)
 154 F   0.99339 0.00607 0.00055 0.00000 ( 1)
 155 F   0.98166 0.01779 0.00054 0.00001 ( 1)
 156 N   0.00133 0.99749 0.00000 0.00118 ( 2)
 157 R   0.05062 0.82412 0.00376 0.12150 ( 2)
 158 R   0.00798 0.99135 0.00000 0.00066 ( 2)
 159 G   0.90513 0.09451 0.00032 0.00004 ( 1)
 160 I   0.00023 0.99893 0.00000 0.00085 ( 2)
 161 H   0.36366 0.59899 0.01776 0.01959 ( 2)
 162 Q   0.00004 0.99963 0.00000 0.00033 ( 2)
 163 L   0.26840 0.73141 0.00005 0.00014 ( 2)
 164 Y   0.26344 0.73579 0.00018 0.00059 ( 2)
 165 E   0.00088 0.99813 0.00000 0.00099 ( 2)
 166 S   0.00473 0.99475 0.00000 0.00051 ( 2)
 167 S   0.00200 0.99705 0.00000 0.00094 ( 2)
 168 -   0.47532 0.50681 0.00865 0.00922 ( 2)
 169 -   0.49494 0.48719 0.00901 0.00887 ( 1)
 170 -   0.46857 0.51355 0.00853 0.00935 ( 2)
 171 -   0.41632 0.56581 0.00758 0.01030 ( 2)
 172 -   0.05814 0.92399 0.00106 0.01681 ( 2)
 173 -   0.49494 0.48719 0.00901 0.00887 ( 1)
 174 -   0.06348 0.91865 0.00116 0.01672 ( 2)
 175 -   0.86914 0.11299 0.01582 0.00206 ( 1)
 176 -   0.39196 0.59017 0.00713 0.01074 ( 2)
 177 -   0.46684 0.51529 0.00850 0.00938 ( 2)
 178 -   0.40529 0.57684 0.00738 0.01050 ( 2)
 179 -   0.48356 0.49857 0.00880 0.00907 ( 2)
 180 -   0.00336 0.97877 0.00006 0.01781 ( 2)
 181 -   0.46857 0.51355 0.00853 0.00935 ( 2)
 182 -   0.42625 0.55588 0.00776 0.01012 ( 2)
 183 Q   0.00003 0.99964 0.00000 0.00033 ( 2)
 184 P   0.01225 0.98732 0.00000 0.00042 ( 2)
 185 I   0.00005 0.99788 0.00000 0.00207 ( 2)
 186 P   0.00443 0.99534 0.00000 0.00022 ( 2)
 187 S   0.00628 0.99300 0.00000 0.00072 ( 2)
 188 W   0.00004 0.99969 0.00000 0.00028 ( 2)
 189 P   0.45930 0.54030 0.00017 0.00023 ( 2)
 190 I   0.93600 0.06345 0.00050 0.00004 ( 1)
 191 T   0.12900 0.87004 0.00011 0.00085 ( 2)
 192 L   0.00063 0.99726 0.00000 0.00210 ( 2)
 193 A   0.15712 0.84207 0.00009 0.00072 ( 2)
 194 F   0.21187 0.78752 0.00012 0.00050 ( 2)
 195 P   0.99673 0.00298 0.00029 0.00000 ( 1)
 196 G   0.92359 0.07605 0.00033 0.00003 ( 1)
 197 E   0.39607 0.60331 0.00023 0.00039 ( 2)
 198 E   0.69056 0.30884 0.00040 0.00020 ( 1)
 199 S   0.95422 0.04530 0.00046 0.00002 ( 1)
 200 S   0.00185 0.99762 0.00000 0.00053 ( 2)
 201 E   0.00583 0.99352 0.00000 0.00065 ( 2)
 202 G   0.37498 0.62465 0.00013 0.00024 ( 2)
 203 N   0.93535 0.06373 0.00085 0.00007 ( 1)
 204 A   0.36996 0.62944 0.00020 0.00039 ( 2)
 205 N   0.97651 0.02258 0.00089 0.00002 ( 1)
 206 D   0.99387 0.00534 0.00078 0.00001 ( 1)
 207 Y   0.99709 0.00221 0.00069 0.00000 ( 1)
 208 S   0.98091 0.01854 0.00053 0.00001 ( 1)
 209 H   0.99888 0.00070 0.00042 0.00000 ( 1)
 210 R   0.03588 0.96385 0.00001 0.00027 ( 2)
 211 L   0.98827 0.01147 0.00026 0.00000 ( 1)
 212 C   0.86126 0.13832 0.00036 0.00006 ( 1)
 213 D   0.87159 0.12760 0.00069 0.00013 ( 1)
 214 V   0.99155 0.00811 0.00034 0.00000 ( 1)
 215 K   0.23055 0.76872 0.00015 0.00058 ( 2)
 216 N   0.97651 0.02258 0.00089 0.00002 ( 1)
 217 I   0.71466 0.28457 0.00053 0.00025 ( 1)
 218 T   0.97247 0.02690 0.00061 0.00002 ( 1)
 219 G   0.91479 0.08485 0.00033 0.00003 ( 1)
 220 G   0.97368 0.02596 0.00035 0.00001 ( 1)
 221 L   0.95907 0.04059 0.00032 0.00002 ( 1)
 222 R   0.74581 0.25394 0.00019 0.00007 ( 1)
 223 Q   0.95844 0.04126 0.00029 0.00001 ( 1)
 224 T   0.06675 0.93256 0.00004 0.00065 ( 2)
 225 P   0.00403 0.99535 0.00000 0.00061 ( 2)
 226 A   0.06259 0.93706 0.00002 0.00032 ( 2)
 227 R   0.08100 0.91883 0.00001 0.00016 ( 2)
 228 G   0.44030 0.55951 0.00008 0.00011 ( 2)
 229 -   0.46081 0.52132 0.00839 0.00949 ( 2)
 230 R   0.66281 0.33692 0.00017 0.00010 ( 1)
 231 S   0.74544 0.25390 0.00047 0.00018 ( 1)
 232 S   0.75659 0.24270 0.00050 0.00021 ( 1)
 233 L   0.94544 0.05415 0.00038 0.00002 ( 1)
 234 L   0.43931 0.56027 0.00018 0.00024 ( 2)
 235 S   0.18956 0.80993 0.00009 0.00042 ( 2)
 236 H   0.95912 0.04046 0.00040 0.00002 ( 1)
 237 A   0.56849 0.43094 0.00031 0.00026 ( 1)
 238 W   0.99582 0.00404 0.00014 0.00000 ( 1)
 239 T   0.98860 0.01077 0.00062 0.00001 ( 1)
 240 H   0.99888 0.00070 0.00042 0.00000 ( 1)
 241 S   0.00001 0.99851 0.00000 0.00148 ( 2)
 242 -   0.87380 0.10833 0.01590 0.00197 ( 1)


lnL = -3653.317362

