Supplemental results for CODEML (seqf: algn  treef: tree)


dN/dS (w) for site classes (K=4)

site class             0        1       2a       2b
proportion       0.42768  0.15092  0.31148  0.10992
background w     0.08156  1.00000  0.08156  1.00000
foreground w     0.08156  1.00000  1.00000  1.00000

Naive Empirical Bayes (NEB) probabilities for 4 classes
(amino acids refer to 1st sequence: BT_Cry8Ab1)

   1 P   0.50796 0.07065 0.36994 0.05145 ( 1)
   2 F   0.55796 0.02065 0.40635 0.01504 ( 1)
   3 A   0.01298 0.56563 0.00945 0.41194 ( 2)
   4 S   0.00359 0.57540 0.00196 0.41906 ( 2)
   5 Q   0.00530 0.57380 0.00301 0.41789 ( 2)
   6 I   0.26345 0.19586 0.39804 0.14265 ( 3)
   7 V   0.28686 0.31555 0.16777 0.22981 ( 2)
   8 S   0.26697 0.33631 0.15179 0.24493 ( 2)
   9 F   0.56440 0.03923 0.36781 0.02857 ( 1)
  10 Y   0.20281 0.38495 0.13188 0.28036 ( 2)
  11 N   0.04362 0.53783 0.02685 0.39170 ( 2)
  12 F   0.64267 0.00279 0.35251 0.00203 ( 1)
  13 I   0.64038 0.00228 0.35569 0.00166 ( 1)
  14 L   0.29143 0.29560 0.19768 0.21528 ( 2)
  15 D   0.56358 0.04570 0.35745 0.03328 ( 1)
  16 Q   0.06999 0.51404 0.04160 0.37437 ( 2)
  17 L   0.57420 0.06188 0.31885 0.04507 ( 1)
  18 W   0.06693 0.51826 0.03737 0.37744 ( 2)
  19 P   0.62650 0.00335 0.36771 0.00244 ( 1)
  20 S   0.11946 0.46647 0.07434 0.33973 ( 2)
  21 N   0.43371 0.19054 0.23698 0.13877 ( 1)
  22 S   0.12713 0.45622 0.08439 0.33226 ( 2)
  23 V   0.51924 0.05937 0.37816 0.04324 ( 1)
  24 S   0.55227 0.02633 0.40221 0.01918 ( 1)
  25 V   0.35660 0.22201 0.25971 0.16169 ( 1)
  26 W   0.55813 0.03809 0.37604 0.02774 ( 1)
  27 E   0.56919 0.04469 0.35357 0.03255 ( 1)
  28 Q   0.01083 0.56842 0.00677 0.41398 ( 2)
  29 I   0.53959 0.07470 0.33130 0.05441 ( 1)
  30 M   0.62425 0.01528 0.34935 0.01113 ( 1)
  31 T   0.20174 0.39653 0.11294 0.28879 ( 2)
  32 L   0.04984 0.35228 0.34132 0.25656 ( 2)
  33 V   0.62165 0.01089 0.35953 0.00793 ( 1)
  34 E   0.61924 0.00290 0.37576 0.00211 ( 1)
  35 E   0.30153 0.29742 0.18444 0.21661 ( 1)
  36 L   0.58144 0.01223 0.39743 0.00890 ( 1)
  37 V   0.61288 0.03779 0.32181 0.02752 ( 1)
  38 D   0.65027 0.00143 0.34725 0.00104 ( 1)
  39 Q   0.61450 0.00662 0.37405 0.00482 ( 1)
  40 K   0.64234 0.00208 0.35407 0.00151 ( 1)
  41 I   0.65470 0.00123 0.34319 0.00089 ( 1)
  42 T   0.63862 0.00195 0.35800 0.00142 ( 1)
  43 E   0.17035 0.36155 0.20479 0.26331 ( 2)
  44 Y   0.17104 0.41512 0.11152 0.30233 ( 2)
  45 A   0.38439 0.23004 0.21804 0.16753 ( 1)
  46 R   0.62768 0.00423 0.36500 0.00308 ( 1)
  47 N   0.08201 0.43088 0.17330 0.31381 ( 2)
  48 K   0.54568 0.06445 0.34294 0.04693 ( 1)
  49 A   0.60211 0.00678 0.38617 0.00494 ( 1)
  50 L   0.04925 0.35195 0.34247 0.25632 ( 2)
  51 A   0.64349 0.00241 0.35235 0.00176 ( 1)
  52 E   0.60301 0.03945 0.32881 0.02873 ( 1)
  53 L   0.61304 0.00961 0.37035 0.00700 ( 1)
  54 K   0.03169 0.54863 0.02011 0.39956 ( 2)
  55 G   0.63525 0.00247 0.36048 0.00180 ( 1)
  56 L   0.60695 0.01115 0.37377 0.00812 ( 1)
  57 G   0.03559 0.45438 0.17912 0.33092 ( 2)
  58 D   0.48673 0.14204 0.26778 0.10345 ( 1)
  59 A   0.53534 0.09302 0.30389 0.06775 ( 1)
  60 L   0.01349 0.56611 0.00810 0.41229 ( 2)
  61 G   0.00010 0.57852 0.00006 0.42133 ( 2)
  62 V   0.64391 0.00311 0.35071 0.00227 ( 1)
  63 Y   0.62542 0.00461 0.36661 0.00336 ( 1)
  64 Q   0.57230 0.02797 0.37935 0.02037 ( 1)
  65 Q   0.52511 0.08982 0.31966 0.06541 ( 1)
  66 S   0.61699 0.00665 0.37151 0.00484 ( 1)
  67 L   0.60938 0.01275 0.36859 0.00928 ( 1)
  68 E   0.58963 0.05125 0.32180 0.03732 ( 1)
  69 A   0.03577 0.54586 0.02083 0.39755 ( 2)
  70 W   0.55813 0.03809 0.37604 0.02774 ( 1)
  71 L   0.31469 0.27296 0.21355 0.19880 ( 1)
  72 E   0.61006 0.03343 0.33216 0.02435 ( 1)
  73 N   0.64670 0.00137 0.35094 0.00099 ( 1)
  74 R   0.11974 0.46850 0.07055 0.34120 ( 2)
  75 N   0.64670 0.00137 0.35094 0.00099 ( 1)
  76 D   0.56382 0.06576 0.32253 0.04789 ( 1)
  77 T   0.11131 0.10853 0.70112 0.07904 ( 3)
  78 R   0.62922 0.00285 0.36586 0.00207 ( 1)
  79 A   0.09262 0.14610 0.65487 0.10640 ( 3)
  80 R   0.55022 0.02839 0.40072 0.02068 ( 1)
  81 S   0.63117 0.00230 0.36485 0.00168 ( 1)
  82 V   0.55705 0.04757 0.36074 0.03465 ( 1)
  83 V   0.63440 0.00470 0.35747 0.00343 ( 1)
  84 S   0.00057 0.57806 0.00038 0.42099 ( 2)
  85 N   0.01411 0.56579 0.00805 0.41206 ( 2)
  86 Q   0.61450 0.00662 0.37405 0.00482 ( 1)
  87 F   0.18298 0.20058 0.47037 0.14608 ( 3)
  88 I   0.00398 0.57475 0.00269 0.41858 ( 2)
  89 A   0.58186 0.01797 0.38708 0.01309 ( 1)
  90 L   0.60659 0.00953 0.37695 0.00694 ( 1)
  91 E   0.60637 0.03669 0.33023 0.02672 ( 1)
  92 L   0.62855 0.00348 0.36544 0.00253 ( 1)
  93 D   0.65027 0.00143 0.34725 0.00104 ( 1)
  94 F   0.64396 0.00170 0.35310 0.00124 ( 1)
  95 V   0.64034 0.00384 0.35303 0.00279 ( 1)
  96 G   0.00145 0.57724 0.00092 0.42040 ( 2)
  97 A   0.02291 0.55734 0.01384 0.40591 ( 2)
  98 I   0.63455 0.00739 0.35268 0.00538 ( 1)
  99 P   0.54201 0.04598 0.37852 0.03349 ( 1)
 100 S   0.61928 0.00989 0.36363 0.00720 ( 1)
 101 F   0.64396 0.00170 0.35310 0.00124 ( 1)
 102 A   0.63866 0.00246 0.35709 0.00179 ( 1)
 103 V   0.61404 0.03706 0.32190 0.02699 ( 1)
 104 S   0.13406 0.28119 0.37997 0.20478 ( 3)
 105 G   0.63166 0.00567 0.35853 0.00413 ( 1)
 106 Q   0.57394 0.02639 0.38044 0.01922 ( 1)
 107 E   0.64439 0.00274 0.35086 0.00200 ( 1)
 108 V   0.15019 0.01914 0.81672 0.01394 ( 3)
 109 P   0.62292 0.00431 0.36962 0.00314 ( 1)
 110 L   0.61401 0.00872 0.37092 0.00635 ( 1)
 111 L   0.61401 0.00872 0.37092 0.00635 ( 1)
 112 A   0.18473 0.40338 0.11812 0.29377 ( 2)
 113 V   0.60333 0.00682 0.38490 0.00496 ( 1)
 114 Y   0.11831 0.02064 0.84602 0.01503 ( 3)
 115 A   0.64416 0.00184 0.35266 0.00134 ( 1)
 116 Q   0.60845 0.01222 0.37043 0.00890 ( 1)
 117 A   0.63527 0.00274 0.35999 0.00200 ( 1)
 118 V   0.50110 0.12814 0.27743 0.09332 ( 1)
 119 N   0.64332 0.00429 0.34927 0.00312 ( 1)
 120 M   0.25666 0.31920 0.19167 0.23247 ( 2)
 121 H   0.63104 0.00637 0.35795 0.00464 ( 1)
 122 L   0.59120 0.01464 0.38349 0.01067 ( 1)
 123 L   0.60804 0.01422 0.36739 0.01035 ( 1)
 124 L   0.61401 0.00872 0.37092 0.00635 ( 1)
 125 L   0.10748 0.05458 0.79818 0.03975 ( 3)
 126 R   0.62697 0.00490 0.36456 0.00357 ( 1)
 127 D   0.64735 0.00392 0.34587 0.00286 ( 1)
 128 A   0.49119 0.05848 0.40774 0.04259 ( 1)
 129 S   0.61415 0.00925 0.36985 0.00674 ( 1)
 130 I   0.13762 0.01406 0.83807 0.01024 ( 3)
 131 F   0.64396 0.00170 0.35310 0.00124 ( 1)
 132 G   0.63498 0.00271 0.36033 0.00197 ( 1)
 133 E   0.59607 0.04589 0.32463 0.03342 ( 1)
 134 E   0.01267 0.07858 0.85152 0.05723 ( 3)
 135 W   0.55813 0.03809 0.37604 0.02774 ( 1)
 136 G   0.63540 0.00233 0.36056 0.00170 ( 1)
 137 F   0.49484 0.11728 0.30247 0.08541 ( 1)
 138 T   0.10056 0.11354 0.70320 0.08269 ( 3)
 139 S   0.00252 0.57002 0.01232 0.41514 ( 2)
 140 S   0.00005 0.57854 0.00006 0.42135 ( 2)
 141 E   0.63934 0.00286 0.35571 0.00208 ( 1)
 142 I   0.60444 0.02666 0.34948 0.01942 ( 1)
 143 S   0.09230 0.49562 0.05112 0.36096 ( 2)
 144 T   0.40096 0.18823 0.27372 0.13709 ( 1)
 145 Y   0.05538 0.48962 0.09841 0.35659 ( 2)
 146 Y   0.62065 0.00895 0.36388 0.00652 ( 1)
 147 N   0.24426 0.35078 0.14949 0.25547 ( 2)
 148 R   0.60991 0.00755 0.37704 0.00550 ( 1)
 149 Q   0.61187 0.00905 0.37249 0.00659 ( 1)
 150 V   0.55338 0.07845 0.31103 0.05714 ( 1)
 151 Q   0.12629 0.46323 0.07311 0.33737 ( 2)
 152 L   0.01828 0.56167 0.01099 0.40906 ( 2)
 153 T   0.63449 0.00562 0.35581 0.00409 ( 1)
 154 S   0.00319 0.53665 0.06931 0.39084 ( 2)
 155 Q   0.46396 0.11395 0.33910 0.08299 ( 1)
 156 Y   0.62222 0.00750 0.36482 0.00546 ( 1)
 157 S   0.00651 0.57264 0.00380 0.41705 ( 2)
 158 D   0.65027 0.00143 0.34725 0.00104 ( 1)
 159 Y   0.62542 0.00461 0.36661 0.00336 ( 1)
 160 C   0.62271 0.00479 0.36901 0.00349 ( 1)
 161 V   0.64069 0.00593 0.34906 0.00432 ( 1)
 162 K   0.48488 0.10396 0.33544 0.07571 ( 1)
 163 W   0.01914 0.56127 0.01083 0.40877 ( 2)
 164 Y   0.61653 0.01269 0.36153 0.00924 ( 1)
 165 D   0.30381 0.30739 0.16493 0.22387 ( 2)
 166 T   0.62363 0.00886 0.36105 0.00646 ( 1)
 167 G   0.61111 0.01280 0.36678 0.00932 ( 1)
 168 L   0.61401 0.00872 0.37092 0.00635 ( 1)
 169 Q   0.00257 0.57630 0.00141 0.41971 ( 2)
 170 K   0.12116 0.01255 0.85715 0.00914 ( 3)
 171 L   0.61401 0.00872 0.37092 0.00635 ( 1)
 172 K   0.64234 0.00208 0.35407 0.00151 ( 1)
 173 G   0.63462 0.00301 0.36018 0.00219 ( 1)
 174 T   0.42447 0.16790 0.28535 0.12228 ( 1)
 175 S   0.21889 0.37872 0.12657 0.27582 ( 2)
 176 A   0.12060 0.01370 0.85573 0.00998 ( 3)
 177 E   0.10406 0.48285 0.06143 0.35166 ( 2)
 178 S   0.00223 0.47841 0.17095 0.34842 ( 2)
 179 W   0.55813 0.03809 0.37604 0.02774 ( 1)
 180 L   0.06380 0.41896 0.21212 0.30512 ( 2)
 181 E   0.16218 0.41464 0.12120 0.30198 ( 2)
 182 Y   0.62542 0.00461 0.36661 0.00336 ( 1)
 183 H   0.58885 0.05121 0.32264 0.03730 ( 1)
 184 Q   0.41977 0.18238 0.26502 0.13283 ( 1)
 185 F   0.63660 0.00808 0.34943 0.00588 ( 1)
 186 R   0.59059 0.02559 0.36518 0.01864 ( 1)
 187 R   0.62922 0.00285 0.36586 0.00207 ( 1)
 188 E   0.64230 0.00455 0.34983 0.00332 ( 1)
 189 M   0.63972 0.00132 0.35801 0.00096 ( 1)
 190 T   0.48336 0.09385 0.35445 0.06835 ( 1)
 191 F   0.09781 0.48779 0.05914 0.35525 ( 2)
 192 M   0.43599 0.16976 0.27062 0.12363 ( 1)
 193 V   0.64391 0.00311 0.35071 0.00227 ( 1)
 194 L   0.60666 0.00983 0.37635 0.00716 ( 1)
 195 D   0.65027 0.00143 0.34725 0.00104 ( 1)
 196 L   0.00529 0.50257 0.12613 0.36602 ( 2)
 197 V   0.48754 0.04807 0.42938 0.03501 ( 1)
 198 A   0.60211 0.00678 0.38617 0.00494 ( 1)
 199 L   0.12081 0.03501 0.81867 0.02550 ( 3)
 200 F   0.64396 0.00170 0.35310 0.00124 ( 1)
 201 P   0.60444 0.00477 0.38732 0.00347 ( 1)
 202 N   0.11732 0.03792 0.81715 0.02761 ( 3)


lnL = -2281.730329

Bayes Empirical Bayes (BEB) probabilities for 4 classes (class)
(amino acids refer to 1st sequence: BT_Cry8Ab1)

   1 P   0.68154 0.11437 0.17455 0.02955 ( 1)
   2 F   0.76324 0.03267 0.19567 0.00843 ( 1)
   3 A   0.01188 0.78403 0.00238 0.20171 ( 2)
   4 S   0.00488 0.83130 0.00046 0.16336 ( 2)
   5 Q   0.00576 0.82609 0.00063 0.16752 ( 2)
   6 I   0.23333 0.41571 0.23056 0.12041 ( 2)
   7 V   0.23106 0.60839 0.03504 0.12551 ( 2)
   8 S   0.21147 0.63003 0.03014 0.12836 ( 2)
   9 F   0.74395 0.08751 0.14854 0.02000 ( 1)
  10 Y   0.15281 0.66021 0.02962 0.15737 ( 2)
  11 N   0.03388 0.79291 0.00466 0.16855 ( 2)
  12 F   0.86955 0.00403 0.12561 0.00080 ( 1)
  13 I   0.86759 0.00326 0.12849 0.00066 ( 1)
  14 L   0.29318 0.52047 0.06225 0.12410 ( 2)
  15 D   0.73777 0.10090 0.13889 0.02244 ( 1)
  16 Q   0.05413 0.77486 0.00792 0.16308 ( 2)
  17 L   0.73047 0.13463 0.10744 0.02746 ( 1)
  18 W   0.05223 0.78217 0.00663 0.15898 ( 2)
  19 P   0.85516 0.00500 0.13881 0.00103 ( 1)
  20 S   0.08940 0.73567 0.01451 0.16042 ( 2)
  21 N   0.40899 0.44396 0.05698 0.09007 ( 2)
  22 S   0.09446 0.72154 0.01767 0.16632 ( 2)
  23 V   0.69991 0.09600 0.17930 0.02480 ( 1)
  24 S   0.75374 0.04217 0.19321 0.01088 ( 1)
  25 V   0.38153 0.41437 0.09647 0.10762 ( 2)
  26 W   0.76077 0.06168 0.16308 0.01446 ( 1)
  27 E   0.74402 0.09823 0.13571 0.02204 ( 1)
  28 Q   0.01046 0.81282 0.00141 0.17531 ( 2)
  29 I   0.68043 0.16254 0.12129 0.03574 ( 1)
  30 M   0.83590 0.03381 0.12355 0.00674 ( 1)
  31 T   0.15497 0.68245 0.02154 0.14104 ( 2)
  32 L   0.04000 0.58624 0.18591 0.18784 ( 2)
  33 V   0.84361 0.01650 0.13639 0.00350 ( 1)
  34 E   0.84564 0.00419 0.14926 0.00092 ( 1)
  35 E   0.24775 0.58554 0.04128 0.12543 ( 2)
  36 L   0.79924 0.01909 0.17712 0.00455 ( 1)
  37 V   0.79605 0.08097 0.10660 0.01637 ( 1)
  38 D   0.87641 0.00199 0.12120 0.00040 ( 1)
  39 Q   0.84103 0.01013 0.14669 0.00215 ( 1)
  40 K   0.86931 0.00296 0.12714 0.00060 ( 1)
  41 I   0.87991 0.00168 0.11808 0.00033 ( 1)
  42 T   0.86704 0.00282 0.12958 0.00056 ( 1)
  43 E   0.12721 0.61622 0.06527 0.19129 ( 2)
  44 Y   0.12729 0.68141 0.02353 0.16777 ( 2)
  45 A   0.34330 0.50425 0.05024 0.10221 ( 2)
  46 R   0.85594 0.00634 0.13643 0.00129 ( 1)
  47 N   0.05585 0.70713 0.05537 0.18166 ( 2)
  48 K   0.69932 0.14030 0.12933 0.03105 ( 1)
  49 A   0.82699 0.01035 0.16035 0.00231 ( 1)
  50 L   0.03899 0.57495 0.17767 0.20839 ( 2)
  51 A   0.87039 0.00345 0.12547 0.00069 ( 1)
  52 E   0.78410 0.08531 0.11285 0.01774 ( 1)
  53 L   0.83689 0.01464 0.14531 0.00316 ( 1)
  54 K   0.02575 0.79391 0.00380 0.17654 ( 2)
  55 G   0.86367 0.00361 0.13200 0.00073 ( 1)
  56 L   0.82646 0.01703 0.15265 0.00386 ( 1)
  57 G   0.02565 0.68828 0.06875 0.21732 ( 2)
  58 D   0.49781 0.35979 0.07034 0.07206 ( 1)
  59 A   0.66223 0.19727 0.10023 0.04027 ( 1)
  60 L   0.01270 0.81470 0.00159 0.17100 ( 2)
  61 G   0.00027 0.83030 0.00003 0.16940 ( 2)
  62 V   0.86875 0.00440 0.12594 0.00091 ( 1)
  63 Y   0.85241 0.00686 0.13929 0.00143 ( 1)
  64 Q   0.78261 0.04497 0.16205 0.01036 ( 1)
  65 Q   0.65153 0.19416 0.11267 0.04164 ( 1)
  66 S   0.84287 0.01008 0.14490 0.00215 ( 1)
  67 L   0.83157 0.01926 0.14499 0.00418 ( 1)
  68 E   0.75693 0.11109 0.10892 0.02306 ( 1)
  69 A   0.02899 0.80623 0.00348 0.16130 ( 2)
  70 W   0.76077 0.06168 0.16308 0.01446 ( 1)
  71 L   0.32314 0.49134 0.06882 0.11670 ( 2)
  72 E   0.79899 0.07137 0.11485 0.01479 ( 1)
  73 N   0.87418 0.00192 0.12351 0.00038 ( 1)
  74 R   0.09039 0.74367 0.01302 0.15293 ( 2)
  75 N   0.87418 0.00192 0.12351 0.00038 ( 1)
  76 D   0.71682 0.14242 0.11115 0.02961 ( 1)
  77 T   0.12551 0.28791 0.51342 0.07316 ( 3)
  78 R   0.85816 0.00422 0.13676 0.00086 ( 1)
  79 A   0.09188 0.33270 0.47624 0.09917 ( 3)
  80 R   0.75041 0.04550 0.19235 0.01174 ( 1)
  81 S   0.86063 0.00340 0.13528 0.00068 ( 1)
  82 V   0.72463 0.10405 0.14646 0.02486 ( 1)
  83 V   0.85980 0.00686 0.13191 0.00143 ( 1)
  84 S   0.00092 0.81106 0.00013 0.18789 ( 2)
  85 N   0.01367 0.81660 0.00156 0.16816 ( 2)
  86 Q   0.84103 0.01013 0.14669 0.00215 ( 1)
  87 F   0.16671 0.42771 0.28531 0.12026 ( 2)
  88 I   0.00516 0.80532 0.00078 0.18873 ( 2)
  89 A   0.79785 0.02820 0.16732 0.00664 ( 1)
  90 L   0.82713 0.01449 0.15509 0.00329 ( 1)
  91 E   0.79115 0.07883 0.11374 0.01628 ( 1)
  92 L   0.85680 0.00515 0.13699 0.00106 ( 1)
  93 D   0.87641 0.00199 0.12120 0.00040 ( 1)
  94 F   0.87132 0.00241 0.12579 0.00048 ( 1)
  95 V   0.86488 0.00552 0.12846 0.00114 ( 1)
  96 G   0.00211 0.81618 0.00027 0.18143 ( 2)
  97 A   0.01974 0.80585 0.00258 0.17183 ( 2)
  98 I   0.85934 0.01103 0.12741 0.00222 ( 1)
  99 P   0.71076 0.10324 0.16027 0.02573 ( 1)
 100 S   0.84421 0.01512 0.13755 0.00313 ( 1)
 101 F   0.87132 0.00241 0.12579 0.00048 ( 1)
 102 A   0.86589 0.00354 0.12986 0.00072 ( 1)
 103 V   0.79939 0.07805 0.10682 0.01574 ( 1)
 104 S   0.11362 0.54059 0.20478 0.14101 ( 2)
 105 G   0.85855 0.00848 0.13126 0.00171 ( 1)
 106 Q   0.78527 0.04236 0.16261 0.00976 ( 1)
 107 E   0.86982 0.00389 0.12550 0.00079 ( 1)
 108 V   0.21337 0.04443 0.73281 0.00939 ( 3)
 109 P   0.85094 0.00648 0.14123 0.00135 ( 1)
 110 L   0.83836 0.01325 0.14553 0.00286 ( 1)
 111 L   0.83836 0.01325 0.14553 0.00286 ( 1)
 112 A   0.14039 0.68180 0.02495 0.15286 ( 2)
 113 V   0.82803 0.01028 0.15939 0.00230 ( 1)
 114 Y   0.15330 0.04365 0.78914 0.01391 ( 3)
 115 A   0.87130 0.00262 0.12556 0.00052 ( 1)
 116 Q   0.83184 0.01900 0.14512 0.00404 ( 1)
 117 A   0.86305 0.00397 0.13217 0.00081 ( 1)
 118 V   0.59436 0.26525 0.08620 0.05419 ( 1)
 119 N   0.86954 0.00626 0.12297 0.00123 ( 1)
 120 M   0.23999 0.50280 0.08659 0.17062 ( 2)
 121 H   0.85786 0.00956 0.13066 0.00192 ( 1)
 122 L   0.81102 0.02295 0.16085 0.00518 ( 1)
 123 L   0.82932 0.02193 0.14402 0.00473 ( 1)
 124 L   0.83836 0.01325 0.14553 0.00286 ( 1)
 125 L   0.12720 0.10754 0.73404 0.03122 ( 3)
 126 R   0.85493 0.00733 0.13625 0.00149 ( 1)
 127 D   0.87245 0.00565 0.12078 0.00112 ( 1)
 128 A   0.63430 0.12939 0.20039 0.03591 ( 1)
 129 S   0.83861 0.01417 0.14421 0.00301 ( 1)
 130 I   0.19090 0.03130 0.77067 0.00713 ( 3)
 131 F   0.87132 0.00241 0.12579 0.00048 ( 1)
 132 G   0.86330 0.00396 0.13194 0.00080 ( 1)
 133 E   0.77107 0.09788 0.11071 0.02033 ( 1)
 134 E   0.00739 0.08745 0.87211 0.03305 ( 3)
 135 W   0.76077 0.06168 0.16308 0.01446 ( 1)
 136 G   0.86389 0.00340 0.13203 0.00068 ( 1)
 137 F   0.59473 0.24686 0.10452 0.05390 ( 1)
 138 T   0.10675 0.28054 0.53105 0.08166 ( 3)
 139 S   0.00324 0.75142 0.00502 0.24032 ( 2)
 140 S   0.00014 0.79065 0.00004 0.20916 ( 2)
 141 E   0.86436 0.00407 0.13072 0.00084 ( 1)
 142 I   0.80024 0.05849 0.12880 0.01248 ( 1)
 143 S   0.07056 0.76658 0.00895 0.15391 ( 2)
 144 T   0.44662 0.36796 0.09728 0.08815 ( 1)
 145 Y   0.04181 0.71877 0.04716 0.19225 ( 2)
 146 Y   0.84542 0.01357 0.13818 0.00283 ( 1)
 147 N   0.19002 0.63002 0.03189 0.14807 ( 2)
 148 R   0.83607 0.01167 0.14975 0.00250 ( 1)
 149 Q   0.83705 0.01396 0.14603 0.00297 ( 1)
 150 V   0.69220 0.17108 0.10245 0.03427 ( 1)
 151 Q   0.09646 0.73892 0.01355 0.15107 ( 2)
 152 L   0.01653 0.81122 0.00210 0.17015 ( 2)
 153 T   0.86117 0.00838 0.12877 0.00167 ( 1)
 154 S   0.00179 0.54227 0.05976 0.39619 ( 2)
 155 Q   0.55800 0.24053 0.14045 0.06102 ( 1)
 156 Y   0.84772 0.01134 0.13857 0.00237 ( 1)
 157 S   0.00679 0.82649 0.00077 0.16595 ( 2)
 158 D   0.87641 0.00199 0.12120 0.00040 ( 1)
 159 Y   0.85241 0.00686 0.13929 0.00143 ( 1)
 160 C   0.85074 0.00723 0.14054 0.00149 ( 1)
 161 V   0.86424 0.00863 0.12534 0.00178 ( 1)
 162 K   0.59077 0.22049 0.13385 0.05489 ( 1)
 163 W   0.01698 0.81424 0.00202 0.16676 ( 2)
 164 Y   0.83925 0.01949 0.13719 0.00407 ( 1)
 165 D   0.24991 0.59908 0.03308 0.11793 ( 2)
 166 T   0.84914 0.01348 0.13462 0.00275 ( 1)
 167 G   0.83406 0.01971 0.14198 0.00424 ( 1)
 168 L   0.83836 0.01325 0.14553 0.00286 ( 1)
 169 Q   0.00367 0.83379 0.00034 0.16220 ( 2)
 170 K   0.15732 0.02566 0.81038 0.00664 ( 3)
 171 L   0.83836 0.01325 0.14553 0.00286 ( 1)
 172 K   0.86931 0.00296 0.12714 0.00060 ( 1)
 173 G   0.86278 0.00441 0.13192 0.00089 ( 1)
 174 T   0.48089 0.33494 0.10215 0.08202 ( 1)
 175 S   0.16882 0.67185 0.02432 0.13501 ( 2)
 176 A   0.15570 0.02806 0.80847 0.00777 ( 3)
 177 E   0.07956 0.75232 0.01151 0.15662 ( 2)
 178 S   0.00173 0.58998 0.11593 0.29236 ( 2)
 179 W   0.76077 0.06168 0.16308 0.01446 ( 1)
 180 L   0.05057 0.67407 0.09780 0.17757 ( 2)
 181 E   0.12128 0.68468 0.02781 0.16623 ( 2)
 182 Y   0.85241 0.00686 0.13929 0.00143 ( 1)
 183 H   0.75633 0.11251 0.10841 0.02275 ( 1)
 184 Q   0.46801 0.36503 0.08621 0.08075 ( 1)
 185 F   0.86087 0.01217 0.12454 0.00242 ( 1)
 186 R   0.80615 0.04078 0.14434 0.00874 ( 1)
 187 R   0.85816 0.00422 0.13676 0.00086 ( 1)
 188 E   0.86690 0.00660 0.12515 0.00135 ( 1)
 189 M   0.86907 0.00190 0.12866 0.00037 ( 1)
 190 T   0.59471 0.20050 0.15204 0.05275 ( 1)
 191 F   0.07401 0.75325 0.01124 0.16150 ( 2)
 192 M   0.49679 0.34000 0.08880 0.07442 ( 1)
 193 V   0.86875 0.00440 0.12594 0.00091 ( 1)
 194 L   0.83071 0.01506 0.15096 0.00328 ( 1)
 195 D   0.87641 0.00199 0.12120 0.00040 ( 1)
 196 L   0.00399 0.63228 0.10260 0.26114 ( 2)
 197 V   0.65365 0.10821 0.21007 0.02807 ( 1)
 198 A   0.82699 0.01035 0.16035 0.00231 ( 1)
 199 L   0.15376 0.07408 0.75165 0.02051 ( 3)
 200 F   0.87132 0.00241 0.12579 0.00048 ( 1)
 201 P   0.83029 0.00723 0.16085 0.00163 ( 1)
 202 N   0.15036 0.08131 0.74245 0.02588 ( 3)

