Supplemental results for CODEML (seqf: algn  treef: tree)


dN/dS (w) for site classes (K=4)

site class             0        1       2a       2b
proportion       0.00000  0.00000  0.56185  0.43815
background w     0.07095  1.00000  0.07095  1.00000
foreground w     0.07095  1.00000  1.00000  1.00000

Naive Empirical Bayes (NEB) probabilities for 4 classes
(amino acids refer to 1st sequence: BT_Cry14Aa1)

   1 -   0.00000 0.00000 0.49262 0.50738 ( 4)
   2 L   0.00000 0.00000 0.93807 0.06193 ( 3)
   3 K   0.00000 0.00000 0.91392 0.08608 ( 3)
   4 G   0.00000 0.00000 0.98151 0.01849 ( 3)
   5 I   0.00000 0.00000 0.93911 0.06089 ( 3)
   6 P   0.00000 0.00000 0.99212 0.00788 ( 3)
   7 A   0.00000 0.00000 0.99947 0.00053 ( 3)
   8 E   0.00000 0.00000 0.99868 0.00132 ( 3)
   9 K   0.00000 0.00000 0.99933 0.00067 ( 3)
  10 G   0.00000 0.00000 0.58787 0.41213 ( 3)
  11 Y   0.00000 0.00000 0.98512 0.01488 ( 3)
  12 F   0.00000 0.00000 0.00221 0.99779 ( 4)
  13 P   0.00000 0.00000 0.39887 0.60113 ( 4)
  14 N   0.00000 0.00000 0.94762 0.05238 ( 3)
  15 N   0.00000 0.00000 0.62184 0.37816 ( 3)
  16 A   0.00000 0.00000 0.00561 0.99439 ( 4)
  17 R   0.00000 0.00000 0.00839 0.99161 ( 4)
  18 P   0.00000 0.00000 0.09340 0.90660 ( 4)
  19 T   0.00000 0.00000 0.02221 0.97779 ( 4)
  20 V   0.00000 0.00000 0.90627 0.09373 ( 3)
  21 V   0.00000 0.00000 0.99715 0.00285 ( 3)
  22 K   0.00000 0.00000 0.02912 0.97088 ( 4)
  23 -   0.00000 0.00000 0.56185 0.43815 ( 3)
  24 E   0.00000 0.00000 0.99454 0.00546 ( 3)
  25 W   0.00000 0.00000 0.02156 0.97844 ( 4)
  26 I   0.00000 0.00000 0.54160 0.45840 ( 3)
  27 N   0.00000 0.00000 0.99699 0.00301 ( 3)
  28 G   0.00000 0.00000 0.99986 0.00014 ( 3)
  29 A   0.00000 0.00000 0.84728 0.15272 ( 3)
  30 S   0.00000 0.00000 0.96899 0.03101 ( 3)
  31 A   0.00000 0.00000 0.89503 0.10497 ( 3)
  32 V   0.00000 0.00000 0.45292 0.54708 ( 4)
  33 P   0.00000 0.00000 0.50564 0.49436 ( 3)
  34 F   0.00000 0.00000 0.93851 0.06149 ( 3)
  35 Y   0.00000 0.00000 0.00715 0.99285 ( 4)
  36 S   0.00000 0.00000 0.28477 0.71523 ( 4)
  37 G   0.00000 0.00000 0.01007 0.98993 ( 4)
  38 N   0.00000 0.00000 0.00610 0.99390 ( 4)
  39 T   0.00000 0.00000 0.02888 0.97112 ( 4)
  40 L   0.00000 0.00000 0.71810 0.28190 ( 3)
  41 F   0.00000 0.00000 0.00001 0.99999 ( 4)
  42 M   0.00000 0.00000 0.19140 0.80860 ( 4)
  43 T   0.00000 0.00000 0.00176 0.99824 ( 4)
  44 A   0.00000 0.00000 0.98839 0.01161 ( 3)
  45 T   0.00000 0.00000 0.91713 0.08287 ( 3)
  46 -   0.00000 0.00000 0.57541 0.42459 ( 3)
  47 -   0.00000 0.00000 0.64168 0.35832 ( 3)
  48 -   0.00000 0.00000 0.61964 0.38036 ( 3)
  49 -   0.00000 0.00000 0.64640 0.35360 ( 3)
  50 -   0.00000 0.00000 0.63885 0.36115 ( 3)
  51 -   0.00000 0.00000 0.63540 0.36460 ( 3)
  52 -   0.00000 0.00000 0.58042 0.41958 ( 3)
  53 -   0.00000 0.00000 0.63689 0.36311 ( 3)
  54 N   0.00000 0.00000 0.99740 0.00260 ( 3)
  55 L   0.00000 0.00000 0.17201 0.82799 ( 4)
  56 T   0.00000 0.00000 0.99499 0.00500 ( 3)
  57 A   0.00000 0.00000 0.71963 0.28037 ( 3)
  58 T   0.00000 0.00000 0.83484 0.16516 ( 3)
  59 Q   0.00000 0.00000 0.98615 0.01385 ( 3)
  60 Y   0.00000 0.00000 0.99798 0.00202 ( 3)
  61 K   0.00000 0.00000 0.04920 0.95080 ( 4)
  62 I   0.00000 0.00000 0.96402 0.03598 ( 3)
  63 R   0.00000 0.00000 0.99789 0.00211 ( 3)
  64 I   0.00000 0.00000 0.93270 0.06730 ( 3)
  65 R   0.00000 0.00000 0.99995 0.00005 ( 3)
  66 Y   0.00000 0.00000 0.99973 0.00027 ( 3)
  67 A   0.00000 0.00000 0.99958 0.00042 ( 3)
  68 -   0.00000 0.00000 0.71077 0.28923 ( 3)
  69 N   0.00000 0.00000 0.06964 0.93036 ( 4)
  70 P   0.00000 0.00000 0.00078 0.99922 ( 4)
  71 N   0.00000 0.00000 0.96375 0.03625 ( 3)
  72 S   0.00000 0.00000 0.86606 0.13394 ( 3)
  73 D   0.00000 0.00000 0.02700 0.97300 ( 4)
  74 T   0.00000 0.00000 0.96083 0.03917 ( 3)
  75 Q   0.00000 0.00000 0.90221 0.09779 ( 3)
  76 I   0.00000 0.00000 0.58506 0.41494 ( 3)
  77 G   0.00000 0.00000 0.01703 0.98297 ( 4)
  78 V   0.00000 0.00000 0.52919 0.47081 ( 3)
  79 L   0.00000 0.00000 0.03624 0.96376 ( 4)
  80 I   0.00000 0.00000 0.89773 0.10227 ( 3)
  81 T   0.00000 0.00000 0.12747 0.87253 ( 4)
  82 Q   0.00000 0.00000 0.19686 0.80314 ( 4)
  83 N   0.00000 0.00000 0.80855 0.19145 ( 3)
  84 G   0.00000 0.00000 0.04157 0.95843 ( 4)
  85 S   0.00000 0.00000 0.61976 0.38024 ( 3)
  86 Q   0.00000 0.00000 0.05467 0.94533 ( 4)
  87 I   0.00000 0.00000 0.03939 0.96061 ( 4)
  88 S   0.00000 0.00000 0.00624 0.99376 ( 4)
  89 N   0.00000 0.00000 0.04697 0.95303 ( 4)
  90 S   0.00000 0.00000 0.00680 0.99320 ( 4)
  91 N   0.00000 0.00000 0.02616 0.97384 ( 4)
  92 L   0.00000 0.00000 0.00714 0.99286 ( 4)
  93 T   0.00000 0.00000 0.91437 0.08563 ( 3)
  94 L   0.00000 0.00000 0.78957 0.21043 ( 3)
  95 Y   0.00000 0.00000 0.10368 0.89632 ( 4)
  96 S   0.00000 0.00000 0.99651 0.00349 ( 3)
  97 T   0.00000 0.00000 0.01154 0.98846 ( 4)
  98 T   0.00000 0.00000 0.09681 0.90319 ( 4)
  99 D   0.00000 0.00000 0.02335 0.97665 ( 4)
 100 S   0.00000 0.00000 0.02079 0.97921 ( 4)
 101 S   0.00000 0.00000 0.08931 0.91069 ( 4)
 102 M   0.00000 0.00000 0.06797 0.93203 ( 4)
 103 S   0.00000 0.00000 0.00105 0.99895 ( 4)
 104 S   0.00000 0.00000 0.07155 0.92845 ( 4)
 105 N   0.00000 0.00000 0.00880 0.99120 ( 4)
 106 L   0.00000 0.00000 0.71155 0.28845 ( 3)
 107 P   0.00000 0.00000 0.00194 0.99806 ( 4)
 108 Q   0.00000 0.00000 0.23110 0.76890 ( 4)
 109 N   0.00000 0.00000 0.57514 0.42486 ( 3)
 110 V   0.00000 0.00000 0.99219 0.00781 ( 3)
 111 Y   0.00000 0.00000 0.97771 0.02229 ( 3)
 112 V   0.00000 0.00000 0.46315 0.53685 ( 4)
 113 T   0.00000 0.00000 0.43251 0.56749 ( 4)
 114 G   0.00000 0.00000 0.99703 0.00297 ( 3)
 115 E   0.00000 0.00000 0.15134 0.84866 ( 4)
 116 N   0.00000 0.00000 0.99752 0.00248 ( 3)
 117 G   0.00000 0.00000 0.99785 0.00215 ( 3)
 118 N   0.00000 0.00000 0.99434 0.00566 ( 3)
 119 Y   0.00000 0.00000 0.99986 0.00014 ( 3)
 120 T   0.00000 0.00000 0.94301 0.05699 ( 3)
 121 L   0.00000 0.00000 0.79560 0.20440 ( 3)
 122 L   0.00000 0.00000 0.00309 0.99691 ( 4)
 123 D   0.00000 0.00000 0.01223 0.98777 ( 4)
 124 L   0.00000 0.00000 0.98423 0.01577 ( 3)
 125 Y   0.00000 0.00000 0.00096 0.99904 ( 4)
 126 S   0.00000 0.00000 0.88048 0.11952 ( 3)
 127 T   0.00000 0.00000 0.85361 0.14639 ( 3)
 128 T   0.00000 0.00000 0.97605 0.02395 ( 3)
 129 N   0.00000 0.00000 0.98712 0.01288 ( 3)
 130 V   0.00000 0.00000 0.48736 0.51264 ( 4)
 131 L   0.00000 0.00000 0.97746 0.02254 ( 3)
 132 S   0.00000 0.00000 0.99528 0.00472 ( 3)
 133 T   0.00000 0.00000 0.07470 0.92530 ( 4)
 134 G   0.00000 0.00000 0.41565 0.58435 ( 4)
 135 D   0.00000 0.00000 0.00622 0.99378 ( 4)
 136 I   0.00000 0.00000 0.78751 0.21249 ( 3)
 137 T   0.00000 0.00000 0.67214 0.32786 ( 3)
 138 L   0.00000 0.00000 0.11592 0.88408 ( 4)
 139 K   0.00000 0.00000 0.68870 0.31130 ( 3)
 140 L   0.00000 0.00000 0.01913 0.98087 ( 4)
 141 T   0.00000 0.00000 0.70233 0.29767 ( 3)
 142 G   0.00000 0.00000 0.02636 0.97364 ( 4)
 143 G   0.00000 0.00000 0.25533 0.74467 ( 4)
 144 -   0.00000 0.00000 0.56185 0.43815 ( 3)
 145 N   0.00000 0.00000 0.00153 0.99847 ( 4)
 146 Q   0.00000 0.00000 0.99685 0.00315 ( 3)
 147 K   0.00000 0.00000 0.97610 0.02390 ( 3)
 148 I   0.00000 0.00000 0.97802 0.02198 ( 3)
 149 F   0.00000 0.00000 0.98530 0.01470 ( 3)
 150 I   0.00000 0.00000 0.97107 0.02893 ( 3)
 151 D   0.00000 0.00000 0.99963 0.00037 ( 3)
 152 R   0.00000 0.00000 0.99694 0.00306 ( 3)
 153 I   0.00000 0.00000 0.99762 0.00238 ( 3)
 154 E   0.00000 0.00000 0.99979 0.00021 ( 3)
 155 F   0.00000 0.00000 0.99970 0.00030 ( 3)
 156 I   0.00000 0.00000 0.84264 0.15736 ( 3)
 157 -   0.00000 0.00000 0.61610 0.38390 ( 3)


lnL = -2450.723582

Bayes Empirical Bayes (BEB) probabilities for 4 classes (class)
(amino acids refer to 1st sequence: BT_Cry14Aa1)

   1 -   0.27942 0.43182 0.11282 0.17594 ( 2)
   2 L   0.65914 0.06436 0.25131 0.02519 ( 1)
   3 K   0.64960 0.08624 0.23160 0.03257 ( 1)
   4 G   0.70800 0.02091 0.26304 0.00805 ( 1)
   5 I   0.69228 0.04592 0.24453 0.01727 ( 1)
   6 P   0.72469 0.00560 0.26756 0.00215 ( 1)
   7 A   0.73202 0.00023 0.26766 0.00009 ( 1)
   8 E   0.73431 0.00090 0.26446 0.00034 ( 1)
   9 K   0.73649 0.00029 0.26310 0.00011 ( 1)
  10 G   0.28704 0.42806 0.11316 0.17175 ( 2)
  11 Y   0.71855 0.01361 0.26265 0.00519 ( 1)
  12 F   0.00045 0.72710 0.00016 0.27229 ( 2)
  13 P   0.19242 0.53413 0.07008 0.20338 ( 2)
  14 N   0.70798 0.03297 0.24674 0.01230 ( 1)
  15 N   0.27575 0.45969 0.09465 0.16990 ( 2)
  16 A   0.00140 0.71295 0.00055 0.28509 ( 2)
  17 R   0.00151 0.71706 0.00057 0.28086 ( 2)
  18 P   0.02011 0.70528 0.00727 0.26734 ( 2)
  19 T   0.00430 0.72580 0.00149 0.26841 ( 2)
  20 V   0.61080 0.12467 0.21759 0.04694 ( 1)
  21 V   0.73139 0.00179 0.26614 0.00068 ( 1)
  22 K   0.00679 0.72222 0.00237 0.26863 ( 2)
  23 -   0.36345 0.34779 0.14698 0.14178 ( 1)
  24 E   0.72937 0.00578 0.26266 0.00219 ( 1)
  25 W   0.00505 0.70848 0.00199 0.28448 ( 2)
  26 I   0.27255 0.46071 0.09493 0.17181 ( 2)
  27 N   0.73988 0.00183 0.25761 0.00068 ( 1)
  28 G   0.73311 0.00006 0.26680 0.00002 ( 1)
  29 A   0.57609 0.15493 0.20993 0.05906 ( 1)
  30 S   0.70518 0.03402 0.24811 0.01269 ( 1)
  31 A   0.59921 0.13529 0.21444 0.05105 ( 1)
  32 V   0.28500 0.44439 0.10242 0.16820 ( 2)
  33 P   0.20245 0.52194 0.07487 0.20073 ( 2)
  34 F   0.09318 0.07636 0.80620 0.02425 ( 3)
  35 Y   0.00054 0.66927 0.00068 0.32951 ( 2)
  36 S   0.08211 0.63952 0.03067 0.24770 ( 2)
  37 G   0.00165 0.72273 0.00060 0.27502 ( 2)
  38 N   0.00110 0.73089 0.00037 0.26763 ( 2)
  39 T   0.00718 0.72242 0.00250 0.26790 ( 2)
  40 L   0.42580 0.29664 0.16159 0.11597 ( 1)
  41 F   0.00000 0.72755 0.00000 0.27245 ( 2)
  42 M   0.03539 0.69022 0.01282 0.26157 ( 2)
  43 T   0.00028 0.71443 0.00011 0.28518 ( 2)
  44 A   0.72242 0.01305 0.25960 0.00493 ( 1)
  45 T   0.63605 0.07969 0.25227 0.03199 ( 1)
  46 -   0.37340 0.33784 0.15103 0.13773 ( 1)
  47 -   0.42290 0.28834 0.17119 0.11757 ( 1)
  48 -   0.40626 0.30497 0.16442 0.12435 ( 1)
  49 -   0.42649 0.28475 0.17266 0.11610 ( 1)
  50 -   0.42076 0.29048 0.17032 0.11844 ( 1)
  51 -   0.41812 0.29312 0.16925 0.11952 ( 1)
  52 -   0.37709 0.33414 0.15254 0.13623 ( 1)
  53 -   0.41925 0.29199 0.16971 0.11905 ( 1)
  54 N   0.74017 0.00154 0.25771 0.00058 ( 1)
  55 L   0.06039 0.66038 0.02267 0.25656 ( 2)
  56 T   0.73106 0.00335 0.26432 0.00127 ( 1)
  57 A   0.41996 0.31279 0.14958 0.11767 ( 1)
  58 T   0.53307 0.20285 0.18798 0.07609 ( 1)
  59 Q   0.71191 0.01431 0.26823 0.00555 ( 1)
  60 Y   0.73099 0.00127 0.26725 0.00049 ( 1)
  61 K   0.00205 0.66523 0.01555 0.31717 ( 2)
  62 I   0.70441 0.03394 0.24889 0.01276 ( 1)
  63 R   0.73331 0.00121 0.26503 0.00046 ( 1)
  64 I   0.68105 0.05429 0.24410 0.02056 ( 1)
  65 R   0.72771 0.00002 0.27225 0.00001 ( 1)
  66 Y   0.73215 0.00012 0.26768 0.00005 ( 1)
  67 A   0.73207 0.00018 0.26768 0.00007 ( 1)
  68 -   0.45073 0.26050 0.18254 0.10622 ( 1)
  69 N   0.03056 0.70182 0.01035 0.25727 ( 2)
  70 P   0.00009 0.72314 0.00003 0.27674 ( 2)
  71 N   0.69246 0.04851 0.24093 0.01810 ( 1)
  72 S   0.55450 0.16946 0.20993 0.06611 ( 1)
  73 D   0.00282 0.67723 0.00335 0.31659 ( 2)
  74 T   0.69173 0.04588 0.24514 0.01725 ( 1)
  75 Q   0.61562 0.10997 0.23173 0.04268 ( 1)
  76 I   0.36346 0.35137 0.14393 0.14123 ( 1)
  77 G   0.00378 0.72362 0.00134 0.27125 ( 2)
  78 V   0.21262 0.51612 0.07625 0.19502 ( 2)
  79 L   0.00109 0.65152 0.00847 0.33893 ( 2)
  80 I   0.62676 0.11068 0.22097 0.04159 ( 1)
  81 T   0.03164 0.68388 0.01229 0.27219 ( 2)
  82 Q   0.05926 0.66345 0.02195 0.25534 ( 2)
  83 N   0.55225 0.18678 0.19147 0.06950 ( 1)
  84 G   0.01092 0.71651 0.00389 0.26868 ( 2)
  85 S   0.38792 0.34029 0.14183 0.12996 ( 1)
  86 Q   0.00241 0.65392 0.01824 0.32543 ( 2)
  87 I   0.01245 0.71778 0.00428 0.26549 ( 2)
  88 S   0.00084 0.71218 0.00033 0.28665 ( 2)
  89 N   0.00457 0.67354 0.00605 0.31584 ( 2)
  90 S   0.00140 0.73042 0.00048 0.26770 ( 2)
  91 N   0.00877 0.72333 0.00297 0.26494 ( 2)
  92 L   0.00129 0.71930 0.00048 0.27892 ( 2)
  93 T   0.62054 0.11274 0.22393 0.04279 ( 1)
  94 L   0.49138 0.23829 0.17940 0.09092 ( 1)
  95 Y   0.02862 0.69803 0.01025 0.26311 ( 2)
  96 S   0.73736 0.00220 0.25961 0.00082 ( 1)
  97 T   0.00214 0.72794 0.00074 0.26918 ( 2)
  98 T   0.03751 0.69295 0.01297 0.25657 ( 2)
  99 D   0.00488 0.72698 0.00166 0.26648 ( 2)
 100 S   0.00511 0.70561 0.00240 0.28688 ( 2)
 101 S   0.02216 0.68595 0.01327 0.27862 ( 2)
 102 M   0.01614 0.70935 0.00584 0.26867 ( 2)
 103 S   0.00006 0.68035 0.00014 0.31944 ( 2)
 104 S   0.00622 0.66271 0.02205 0.30902 ( 2)
 105 N   0.00015 0.67106 0.00235 0.32644 ( 2)
 106 L   0.39077 0.33138 0.14835 0.12950 ( 1)
 107 P   0.00027 0.72296 0.00010 0.27667 ( 2)
 108 Q   0.03901 0.61513 0.04202 0.30384 ( 2)
 109 N   0.24670 0.48847 0.08445 0.18038 ( 2)
 110 V   0.72220 0.01072 0.26299 0.00408 ( 1)
 111 Y   0.71033 0.02176 0.25961 0.00830 ( 1)
 112 V   0.18130 0.53346 0.07136 0.21388 ( 2)
 113 T   0.05034 0.53690 0.17014 0.24262 ( 2)
 114 G   0.71261 0.00324 0.28285 0.00130 ( 1)
 115 E   0.04560 0.68312 0.01607 0.25521 ( 2)
 116 N   0.74024 0.00147 0.25774 0.00055 ( 1)
 117 G   0.72705 0.00199 0.27020 0.00076 ( 1)
 118 N   0.73801 0.00363 0.25701 0.00136 ( 1)
 119 Y   0.73221 0.00006 0.26770 0.00002 ( 1)
 120 T   0.65275 0.08060 0.23605 0.03060 ( 1)
 121 L   0.51529 0.21457 0.18825 0.08190 ( 1)
 122 L   0.00004 0.65814 0.00050 0.34132 ( 2)
 123 D   0.00226 0.72956 0.00077 0.26741 ( 2)
 124 L   0.70919 0.01454 0.27058 0.00569 ( 1)
 125 Y   0.00014 0.72628 0.00005 0.27352 ( 2)
 126 S   0.08914 0.21832 0.61666 0.07587 ( 3)
 127 T   0.57126 0.16504 0.20176 0.06194 ( 1)
 128 T   0.71427 0.02366 0.25318 0.00890 ( 1)
 129 N   0.72880 0.01254 0.25398 0.00468 ( 1)
 130 V   0.20209 0.52933 0.07096 0.19761 ( 2)
 131 L   0.69788 0.02579 0.26624 0.01009 ( 1)
 132 S   0.71987 0.00492 0.27329 0.00192 ( 1)
 133 T   0.01734 0.71040 0.00613 0.26613 ( 2)
 134 G   0.12805 0.59711 0.04686 0.22797 ( 2)
 135 D   0.00107 0.73073 0.00036 0.26783 ( 2)
 136 I   0.53170 0.20459 0.18695 0.07676 ( 1)
 137 T   0.37406 0.35694 0.13403 0.13496 ( 1)
 138 L   0.03780 0.68287 0.01418 0.26516 ( 2)
 139 K   0.34683 0.31539 0.18431 0.15346 ( 1)
 140 L   0.00091 0.66650 0.00510 0.32749 ( 2)
 141 T   0.41909 0.31240 0.15028 0.11823 ( 1)
 142 G   0.00434 0.72006 0.00158 0.27402 ( 2)
 143 G   0.06514 0.65964 0.02376 0.25145 ( 2)
 144 -   0.36345 0.34779 0.14698 0.14178 ( 1)
 145 N   0.00007 0.68063 0.00016 0.31913 ( 2)
 146 Q   0.72309 0.00323 0.27243 0.00125 ( 1)
 147 K   0.70499 0.03124 0.25196 0.01180 ( 1)
 148 I   0.71475 0.02085 0.25650 0.00790 ( 1)
 149 F   0.71997 0.01357 0.26131 0.00515 ( 1)
 150 I   0.71547 0.02298 0.25290 0.00864 ( 1)
 151 D   0.74034 0.00014 0.25947 0.00005 ( 1)
 152 R   0.71923 0.00169 0.27842 0.00067 ( 1)
 153 I   0.73489 0.00104 0.26368 0.00039 ( 1)
 154 E   0.73513 0.00009 0.26475 0.00003 ( 1)
 155 F   0.73354 0.00012 0.26630 0.00005 ( 1)
 156 I   0.08425 0.21405 0.62654 0.07515 ( 3)
 157 -   0.40362 0.30762 0.16334 0.12542 ( 1)

