Supplemental results for CODEML (seqf: algn  treef: tree)


dN/dS (w) for site classes (K=4)

site class             0        1       2a       2b
proportion       0.74979  0.21184  0.02992  0.00845
background w     0.09592  1.00000  0.09592  1.00000
foreground w     0.09592  1.00000 999.00000 999.00000

Naive Empirical Bayes (NEB) probabilities for 4 classes
(amino acids refer to 1st sequence: BT_Cry2Aa13)

   1 -   0.74979 0.21184 0.02992 0.00845 ( 1)
   2 L   0.84528 0.13950 0.01306 0.00216 ( 1)
   3 V   0.02991 0.95586 0.00043 0.01379 ( 2)
   4 G   0.96924 0.01236 0.01817 0.00023 ( 1)
   5 K   0.98244 0.00369 0.01381 0.00005 ( 1)
   6 R   0.94375 0.03114 0.02431 0.00080 ( 1)
   7 I   0.98590 0.00203 0.01205 0.00002 ( 1)
   8 L   0.92574 0.04352 0.02936 0.00138 ( 1)
   9 S   0.98226 0.00384 0.01384 0.00005 ( 1)
  10 E   0.95094 0.02482 0.02362 0.00062 ( 1)
  11 L   0.96315 0.01695 0.01955 0.00034 ( 1)
  12 R   0.00087 0.97158 0.00002 0.02752 ( 2)
  13 N   0.14983 0.83806 0.00183 0.01027 ( 2)
  14 L   0.37870 0.60140 0.00769 0.01222 ( 2)
  15 I   0.98405 0.00244 0.01347 0.00003 ( 1)
  16 F   0.98479 0.00254 0.01263 0.00003 ( 1)
  17 P   0.97220 0.01022 0.01740 0.00018 ( 1)
  18 S   0.00656 0.00027 0.98929 0.00388 ( 3)
  19 G   0.97008 0.01227 0.01744 0.00022 ( 1)
  20 S   0.93790 0.04821 0.01321 0.00068 ( 1)
  21 T   0.94681 0.04112 0.01157 0.00050 ( 1)
  22 N   0.74243 0.24483 0.00958 0.00316 ( 1)
  23 L   0.79821 0.18189 0.01620 0.00370 ( 1)
  24 M   0.98333 0.00329 0.01334 0.00004 ( 1)
  25 Q   0.84054 0.14000 0.01668 0.00278 ( 1)
  26 D   0.94223 0.03353 0.02340 0.00083 ( 1)
  27 I   0.98319 0.00330 0.01346 0.00005 ( 1)
  28 L   0.96315 0.01695 0.01955 0.00034 ( 1)
  29 -   0.74979 0.21184 0.02992 0.00845 ( 1)
  30 R   0.97342 0.01130 0.01511 0.00018 ( 1)
  31 E   0.01663 0.95579 0.00047 0.02711 ( 2)
  32 T   0.92814 0.05766 0.01337 0.00083 ( 1)
  33 E   0.94165 0.04384 0.01387 0.00065 ( 1)
  34 K   0.08482 0.89571 0.00168 0.01779 ( 2)
  35 F   0.15176 0.82299 0.00393 0.02133 ( 2)
  36 L   0.01930 0.96861 0.00024 0.01185 ( 2)
  37 N   0.95853 0.02938 0.01173 0.00036 ( 1)
  38 Q   0.84210 0.13844 0.01671 0.00275 ( 1)
  39 R   0.01318 0.96171 0.00034 0.02478 ( 2)
  40 L   0.96999 0.01480 0.01498 0.00023 ( 1)
  41 N   0.63418 0.35372 0.00776 0.00433 ( 1)
  42 T   0.09174 0.89236 0.00148 0.01442 ( 2)
  43 D   0.03888 0.93510 0.00104 0.02498 ( 2)
  44 T   0.26447 0.70509 0.00830 0.02213 ( 2)
  45 L   0.03199 0.95279 0.00049 0.01473 ( 2)
  46 A   0.00000 0.98233 0.00000 0.01767 ( 2)
  47 R   0.28979 0.69110 0.00564 0.01347 ( 2)
  48 V   0.34705 0.63908 0.00488 0.00900 ( 2)
  49 N   0.02066 0.96724 0.00025 0.01185 ( 2)
  50 A   0.29683 0.68727 0.00479 0.01111 ( 2)
  51 E   0.16868 0.81680 0.00248 0.01204 ( 2)
  52 L   0.59366 0.38009 0.01600 0.01025 ( 1)
  53 T   0.00000 0.98410 0.00000 0.01590 ( 2)
  54 G   0.92479 0.05755 0.01662 0.00104 ( 1)
  55 L   0.94351 0.04127 0.01458 0.00064 ( 1)
  56 Q   0.83684 0.14370 0.01661 0.00285 ( 1)
  57 A   0.96079 0.01163 0.02724 0.00033 ( 1)
  58 N   0.96643 0.02148 0.01183 0.00026 ( 1)
  59 V   0.93357 0.04042 0.02493 0.00108 ( 1)
  60 E   0.00057 0.98353 0.00001 0.01589 ( 2)
  61 E   0.94828 0.02749 0.02355 0.00068 ( 1)
  62 F   0.98479 0.00254 0.01263 0.00003 ( 1)
  63 N   0.98582 0.00209 0.01207 0.00003 ( 1)
  64 R   0.21064 0.76569 0.00510 0.01856 ( 2)
  65 Q   0.96507 0.01547 0.01915 0.00031 ( 1)
  66 V   0.98035 0.00578 0.01379 0.00008 ( 1)
  67 D   0.98287 0.00440 0.01268 0.00006 ( 1)
  68 N   0.98582 0.00209 0.01207 0.00003 ( 1)
  69 F   0.95931 0.02802 0.01231 0.00036 ( 1)
  70 L   0.94933 0.03078 0.01927 0.00063 ( 1)
  71 N   0.94431 0.03139 0.02351 0.00078 ( 1)
  72 P   0.97227 0.01015 0.01740 0.00018 ( 1)
  73 N   0.89125 0.09666 0.01091 0.00118 ( 1)
  74 R   0.24531 0.73523 0.00487 0.01460 ( 2)
  75 N   0.69716 0.27854 0.01736 0.00694 ( 1)
  76 A   0.45533 0.52708 0.00815 0.00944 ( 2)
  77 V   0.60434 0.38144 0.00871 0.00550 ( 1)
  78 P   0.97220 0.01022 0.01740 0.00018 ( 1)
  79 L   0.96315 0.01695 0.01955 0.00034 ( 1)
  80 S   0.86509 0.11902 0.01397 0.00192 ( 1)
  81 I   0.98590 0.00203 0.01205 0.00002 ( 1)
  82 T   0.93594 0.05056 0.01281 0.00069 ( 1)
  83 S   0.54887 0.43839 0.00708 0.00566 ( 1)
  84 S   0.95618 0.02446 0.01888 0.00048 ( 1)
  85 V   0.98166 0.00413 0.01415 0.00006 ( 1)
  86 N   0.98582 0.00209 0.01207 0.00003 ( 1)
  87 T   0.98153 0.00427 0.01414 0.00006 ( 1)
  88 M   0.08831 0.88543 0.00238 0.02388 ( 2)
  89 Q   0.93444 0.03802 0.02646 0.00108 ( 1)
  90 Q   0.82785 0.15269 0.01643 0.00303 ( 1)
  91 L   0.00464 0.00085 0.97730 0.01721 ( 3)
  92 F   0.98314 0.00419 0.01261 0.00005 ( 1)
  93 L   0.95634 0.02240 0.02078 0.00049 ( 1)
  94 N   0.95576 0.03035 0.01347 0.00043 ( 1)
  95 R   0.97902 0.00570 0.01519 0.00009 ( 1)
  96 L   0.96315 0.01695 0.01955 0.00034 ( 1)
  97 P   0.07416 0.90857 0.00130 0.01597 ( 2)
  98 Q   0.90927 0.06320 0.02574 0.00179 ( 1)
  99 F   0.93067 0.04408 0.02411 0.00114 ( 1)
 100 Q   0.24786 0.72460 0.00702 0.02052 ( 2)
 101 M   0.01127 0.97664 0.00014 0.01195 ( 2)
 102 Q   0.83998 0.14056 0.01667 0.00279 ( 1)
 103 G   0.74753 0.22048 0.02470 0.00729 ( 1)
 104 Y   0.94871 0.03525 0.01546 0.00058 ( 1)
 105 Q   0.95512 0.02542 0.01895 0.00050 ( 1)
 106 L   0.89776 0.07150 0.02847 0.00227 ( 1)
 107 L   0.96315 0.01695 0.01955 0.00034 ( 1)
 108 L   0.96315 0.01695 0.01955 0.00034 ( 1)
 109 L   0.96315 0.01695 0.01955 0.00034 ( 1)
 110 P   0.97220 0.01022 0.01740 0.00018 ( 1)
 111 L   0.96315 0.01695 0.01955 0.00034 ( 1)
 112 F   0.98479 0.00254 0.01263 0.00003 ( 1)
 113 A   0.97742 0.00669 0.01578 0.00011 ( 1)
 114 Q   0.92132 0.05114 0.02609 0.00145 ( 1)
 115 A   0.97742 0.00669 0.01578 0.00011 ( 1)
 116 A   0.86528 0.10341 0.02797 0.00334 ( 1)
 117 N   0.96654 0.02137 0.01183 0.00026 ( 1)
 118 L   0.85224 0.12786 0.01730 0.00260 ( 1)
 119 H   0.97995 0.00615 0.01381 0.00009 ( 1)
 120 L   0.97924 0.00555 0.01513 0.00009 ( 1)
 121 S   0.89954 0.08421 0.01486 0.00139 ( 1)
 122 F   0.98479 0.00254 0.01263 0.00003 ( 1)
 123 I   0.98319 0.00330 0.01346 0.00005 ( 1)
 124 R   0.97902 0.00570 0.01519 0.00009 ( 1)
 125 D   0.98423 0.00304 0.01269 0.00004 ( 1)
 126 V   0.96467 0.00514 0.03003 0.00016 ( 1)
 127 I   0.92905 0.04269 0.02702 0.00124 ( 1)
 128 L   0.97663 0.00816 0.01509 0.00013 ( 1)
 129 N   0.98582 0.00209 0.01207 0.00003 ( 1)
 130 A   0.97742 0.00669 0.01578 0.00011 ( 1)
 131 D   0.75813 0.22913 0.00978 0.00296 ( 1)
 132 E   0.98098 0.00451 0.01444 0.00007 ( 1)
 133 W   0.88146 0.08850 0.02730 0.00274 ( 1)
 134 G   0.95386 0.01415 0.03152 0.00047 ( 1)
 135 I   0.98329 0.00320 0.01346 0.00004 ( 1)
 136 S   0.84712 0.13352 0.01672 0.00264 ( 1)
 137 A   0.97738 0.00673 0.01578 0.00011 ( 1)
 138 A   0.97742 0.00669 0.01578 0.00011 ( 1)
 139 T   0.98112 0.00468 0.01413 0.00007 ( 1)
 140 L   0.29542 0.69070 0.00415 0.00972 ( 2)
 141 R   0.93813 0.02927 0.03161 0.00099 ( 1)
 142 T   0.96437 0.02143 0.01389 0.00031 ( 1)
 143 Y   0.97712 0.00684 0.01593 0.00011 ( 1)
 144 R   0.30876 0.67595 0.00479 0.01050 ( 2)
 145 D   0.13203 0.85522 0.00170 0.01104 ( 2)
 146 Y   0.51190 0.46104 0.01423 0.01282 ( 1)
 147 L   0.90195 0.06731 0.02860 0.00213 ( 1)
 148 K   0.00128 0.98343 0.00002 0.01528 ( 2)
 149 N   0.76217 0.22574 0.00933 0.00277 ( 1)
 150 Y   0.88824 0.08651 0.02301 0.00224 ( 1)
 151 T   0.98165 0.00415 0.01414 0.00006 ( 1)
 152 R   0.84417 0.14055 0.01310 0.00218 ( 1)
 153 D   0.21441 0.77285 0.00277 0.00998 ( 2)
 154 Y   0.91474 0.05416 0.02936 0.00174 ( 1)
 155 S   0.97219 0.01156 0.01606 0.00019 ( 1)
 156 N   0.98408 0.00383 0.01204 0.00005 ( 1)
 157 Y   0.97712 0.00684 0.01593 0.00011 ( 1)
 158 C   0.97427 0.00879 0.01679 0.00015 ( 1)
 159 I   0.98590 0.00203 0.01205 0.00002 ( 1)
 160 N   0.24416 0.74374 0.00299 0.00911 ( 2)
 161 T   0.92082 0.05286 0.02490 0.00143 ( 1)
 162 Y   0.97615 0.00781 0.01591 0.00013 ( 1)
 163 Q   0.96507 0.01547 0.01915 0.00031 ( 1)
 164 S   0.15362 0.83183 0.00227 0.01229 ( 2)
 165 A   0.93064 0.05347 0.01503 0.00086 ( 1)
 166 F   0.98436 0.00297 0.01263 0.00004 ( 1)
 167 K   0.58960 0.39511 0.00915 0.00614 ( 1)
 168 G   0.96592 0.01643 0.01736 0.00030 ( 1)
 169 L   0.96315 0.01695 0.01955 0.00034 ( 1)
 170 N   0.94039 0.03531 0.02342 0.00088 ( 1)
 171 T   0.00000 0.00004 0.20022 0.79974 ( 4)
 172 R   0.04726 0.93363 0.00092 0.01819 ( 2)
 173 L   0.96315 0.01695 0.01955 0.00034 ( 1)
 174 H   0.00298 0.00187 0.93866 0.05650 ( 3)
 175 D   0.98464 0.00263 0.01270 0.00003 ( 1)
 176 M   0.13950 0.84710 0.00189 0.01150 ( 2)
 177 L   0.95719 0.02291 0.01943 0.00047 ( 1)
 178 E   0.98023 0.00526 0.01443 0.00008 ( 1)
 179 F   0.98479 0.00254 0.01263 0.00003 ( 1)
 180 R   0.97902 0.00570 0.01519 0.00009 ( 1)
 181 T   0.98165 0.00415 0.01414 0.00006 ( 1)
 182 Y   0.90405 0.07991 0.01474 0.00130 ( 1)
 183 M   0.94075 0.04586 0.01276 0.00062 ( 1)
 184 F   0.95374 0.03359 0.01224 0.00043 ( 1)
 185 L   0.96315 0.01695 0.01955 0.00034 ( 1)
 186 N   0.98582 0.00209 0.01207 0.00003 ( 1)
 187 V   0.98239 0.00374 0.01382 0.00005 ( 1)
 188 F   0.68455 0.30277 0.00878 0.00389 ( 1)
 189 E   0.39922 0.58626 0.00588 0.00864 ( 2)
 190 Y   0.88682 0.09714 0.01445 0.00158 ( 1)
 191 V   0.96598 0.00383 0.03007 0.00012 ( 1)
 192 S   0.96908 0.01467 0.01601 0.00024 ( 1)
 193 I   0.17884 0.79289 0.00520 0.02306 ( 2)
 194 W   0.88146 0.08850 0.02730 0.00274 ( 1)
 195 S   0.91558 0.05543 0.02733 0.00166 ( 1)


lnL = -2661.060993

Bayes Empirical Bayes (BEB) probabilities for 4 classes (class)
(amino acids refer to 1st sequence: BT_Cry2Aa13)

   1 -   0.25799 0.06375 0.54319 0.13507 ( 3)
   2 L   0.27994 0.04356 0.58789 0.08860 ( 3)
   3 V   0.03479 0.28872 0.07239 0.60410 ( 4)
   4 G   0.31924 0.00388 0.66858 0.00829 ( 3)
   5 K   0.32256 0.00120 0.67368 0.00257 ( 3)
   6 R   0.31290 0.00963 0.65695 0.02052 ( 3)
   7 I   0.32340 0.00067 0.67450 0.00144 ( 3)
   8 L   0.30871 0.01345 0.64921 0.02863 ( 3)
   9 S   0.32242 0.00124 0.67368 0.00266 ( 3)
  10 E   0.31489 0.00771 0.66096 0.01643 ( 3)
  11 L   0.31771 0.00530 0.66568 0.01130 ( 3)
  12 R   0.00176 0.32054 0.00366 0.67404 ( 4)
  13 N   0.10420 0.21966 0.21966 0.45648 ( 4)
  14 L   0.16298 0.15997 0.34684 0.33021 ( 3)
  15 I   0.32302 0.00080 0.67446 0.00172 ( 3)
  16 F   0.32307 0.00083 0.67432 0.00178 ( 3)
  17 P   0.31999 0.00322 0.66990 0.00689 ( 3)
  18 S   0.00794 0.00025 0.98794 0.00387 ( 3)
  19 G   0.31935 0.00385 0.66858 0.00822 ( 3)
  20 S   0.30795 0.01571 0.64447 0.03188 ( 3)
  21 T   0.31062 0.01343 0.64871 0.02724 ( 3)
  22 N   0.24710 0.07672 0.52340 0.15278 ( 3)
  23 L   0.26709 0.05590 0.56283 0.11418 ( 3)
  24 M   0.32267 0.00106 0.67398 0.00228 ( 3)
  25 Q   0.27920 0.04381 0.58770 0.08929 ( 3)
  26 D   0.31153 0.01108 0.65479 0.02261 ( 3)
  27 I   0.32274 0.00107 0.67388 0.00230 ( 3)
  28 L   0.31771 0.00530 0.66568 0.01130 ( 3)
  29 -   0.25799 0.06375 0.54319 0.13507 ( 3)
  30 R   0.31993 0.00356 0.66892 0.00759 ( 3)
  31 E   0.01938 0.30293 0.04041 0.63728 ( 4)
  32 T   0.30494 0.01871 0.63839 0.03796 ( 3)
  33 E   0.30930 0.01432 0.64730 0.02908 ( 3)
  34 K   0.07148 0.25146 0.15034 0.52672 ( 4)
  35 F   0.09042 0.23205 0.19088 0.48665 ( 4)
  36 L   0.02183 0.30202 0.04520 0.63095 ( 4)
  37 N   0.31435 0.00965 0.65640 0.01959 ( 3)
  38 Q   0.27966 0.04336 0.58863 0.08835 ( 3)
  39 R   0.01972 0.30274 0.04112 0.63642 ( 4)
  40 L   0.31885 0.00467 0.66649 0.00998 ( 3)
  41 N   0.22218 0.10176 0.47148 0.20458 ( 3)
  42 T   0.07554 0.24775 0.15875 0.51796 ( 4)
  43 D   0.03457 0.28784 0.07225 0.60534 ( 4)
  44 T   0.13140 0.19076 0.27968 0.39816 ( 4)
  45 L   0.03247 0.29090 0.06754 0.60909 ( 4)
  46 A   0.00000 0.32306 0.00000 0.67694 ( 4)
  47 R   0.13839 0.18459 0.29364 0.38338 ( 4)
  48 V   0.15634 0.16729 0.33162 0.34476 ( 4)
  49 N   0.03006 0.29376 0.06239 0.61379 ( 4)
  50 A   0.14048 0.18285 0.29766 0.37902 ( 4)
  51 E   0.11239 0.21112 0.23773 0.43876 ( 4)
  52 L   0.21238 0.11005 0.44987 0.22770 ( 3)
  53 T   0.00000 0.32325 0.00000 0.67675 ( 4)
  54 G   0.30571 0.01748 0.63980 0.03701 ( 3)
  55 L   0.31090 0.01262 0.64975 0.02673 ( 3)
  56 Q   0.27812 0.04489 0.58548 0.09151 ( 3)
  57 A   0.31867 0.00369 0.66974 0.00790 ( 3)
  58 N   0.31693 0.00708 0.66160 0.01439 ( 3)
  59 V   0.30914 0.01333 0.65032 0.02721 ( 3)
  60 E   0.00158 0.32168 0.00326 0.67348 ( 4)
  61 E   0.31408 0.00852 0.65924 0.01816 ( 3)
  62 F   0.32307 0.00083 0.67432 0.00178 ( 3)
  63 N   0.32332 0.00069 0.67451 0.00148 ( 3)
  64 R   0.11311 0.20949 0.23956 0.43784 ( 4)
  65 Q   0.31819 0.00484 0.66665 0.01032 ( 3)
  66 V   0.32188 0.00185 0.67232 0.00396 ( 3)
  67 D   0.32245 0.00142 0.67310 0.00303 ( 3)
  68 N   0.32332 0.00069 0.67451 0.00148 ( 3)
  69 F   0.31468 0.00921 0.65739 0.01871 ( 3)
  70 L   0.31352 0.00949 0.65681 0.02018 ( 3)
  71 N   0.31289 0.00970 0.65676 0.02065 ( 3)
  72 P   0.32001 0.00320 0.66995 0.00684 ( 3)
  73 N   0.29324 0.03074 0.61368 0.06233 ( 3)
  74 R   0.12467 0.19829 0.26404 0.41300 ( 4)
  75 N   0.23981 0.08277 0.50723 0.17020 ( 3)
  76 A   0.18183 0.14133 0.38714 0.28970 ( 3)
  77 V   0.21541 0.10820 0.45782 0.21856 ( 3)
  78 P   0.31999 0.00322 0.66990 0.00689 ( 3)
  79 L   0.31771 0.00530 0.66568 0.01130 ( 3)
  80 S   0.28587 0.03753 0.60030 0.07630 ( 3)
  81 I   0.32340 0.00067 0.67450 0.00144 ( 3)
  82 T   0.30735 0.01645 0.64281 0.03338 ( 3)
  83 S   0.20296 0.12083 0.43107 0.24514 ( 3)
  84 S   0.31548 0.00758 0.66082 0.01613 ( 3)
  85 V   0.32234 0.00133 0.67347 0.00286 ( 3)
  86 N   0.32332 0.00069 0.67451 0.00148 ( 3)
  87 T   0.32228 0.00138 0.67339 0.00295 ( 3)
  88 M   0.07377 0.24863 0.15567 0.52193 ( 4)
  89 Q   0.31062 0.01174 0.65265 0.02499 ( 3)
  90 Q   0.27551 0.04751 0.58012 0.09687 ( 3)
  91 L   0.00781 0.00108 0.97464 0.01647 ( 3)
  92 F   0.32255 0.00135 0.67320 0.00290 ( 3)
  93 L   0.31591 0.00696 0.66230 0.01483 ( 3)
  94 N   0.31369 0.00997 0.65608 0.02026 ( 3)
  95 R   0.32167 0.00182 0.67261 0.00390 ( 3)
  96 L   0.31771 0.00530 0.66568 0.01130 ( 3)
  97 P   0.05259 0.27054 0.10984 0.56702 ( 4)
  98 Q   0.30306 0.01930 0.63668 0.04096 ( 3)
  99 F   0.30899 0.01354 0.64871 0.02877 ( 3)
 100 Q   0.11689 0.20544 0.24691 0.43076 ( 4)
 101 M   0.01792 0.30594 0.03708 0.63907 ( 4)
 102 Q   0.27904 0.04398 0.58736 0.08963 ( 3)
 103 G   0.25480 0.06727 0.53972 0.13820 ( 3)
 104 Y   0.31262 0.01081 0.65364 0.02293 ( 3)
 105 Q   0.31516 0.00787 0.66023 0.01674 ( 3)
 106 L   0.30032 0.02184 0.63146 0.04638 ( 3)
 107 L   0.31771 0.00530 0.66568 0.01130 ( 3)
 108 L   0.31771 0.00530 0.66568 0.01130 ( 3)
 109 L   0.31771 0.00530 0.66568 0.01130 ( 3)
 110 P   0.31999 0.00322 0.66990 0.00689 ( 3)
 111 L   0.31771 0.00530 0.66568 0.01130 ( 3)
 112 F   0.32307 0.00083 0.67432 0.00178 ( 3)
 113 A   0.32128 0.00213 0.67202 0.00456 ( 3)
 114 Q   0.30667 0.01569 0.64430 0.03334 ( 3)
 115 A   0.32128 0.00213 0.67202 0.00456 ( 3)
 116 A   0.29076 0.03136 0.61139 0.06649 ( 3)
 117 N   0.31696 0.00704 0.66167 0.01432 ( 3)
 118 L   0.28274 0.04026 0.59498 0.08202 ( 3)
 119 H   0.32172 0.00196 0.67212 0.00420 ( 3)
 120 L   0.32175 0.00178 0.67267 0.00380 ( 3)
 121 S   0.29636 0.02701 0.62177 0.05487 ( 3)
 122 F   0.32307 0.00083 0.67432 0.00178 ( 3)
 123 I   0.32274 0.00107 0.67388 0.00230 ( 3)
 124 R   0.32167 0.00182 0.67261 0.00390 ( 3)
 125 D   0.32288 0.00099 0.67401 0.00212 ( 3)
 126 V   0.32053 0.00167 0.67421 0.00359 ( 3)
 127 I   0.30823 0.01409 0.64891 0.02877 ( 3)
 128 L   0.32094 0.00259 0.67095 0.00553 ( 3)
 129 N   0.32332 0.00069 0.67451 0.00148 ( 3)
 130 A   0.32128 0.00213 0.67202 0.00456 ( 3)
 131 D   0.25095 0.07287 0.53132 0.14486 ( 3)
 132 E   0.32218 0.00145 0.67326 0.00311 ( 3)
 133 W   0.29530 0.02689 0.62077 0.05704 ( 3)
 134 G   0.31761 0.00448 0.66832 0.00959 ( 3)
 135 I   0.32277 0.00104 0.67394 0.00224 ( 3)
 136 S   0.28113 0.04191 0.59158 0.08538 ( 3)
 137 A   0.32127 0.00214 0.67200 0.00458 ( 3)
 138 A   0.32128 0.00213 0.67202 0.00456 ( 3)
 139 T   0.32215 0.00150 0.67312 0.00322 ( 3)
 140 L   0.13975 0.18387 0.29563 0.38075 ( 4)
 141 R   0.31293 0.00912 0.65849 0.01946 ( 3)
 142 T   0.31702 0.00664 0.66225 0.01410 ( 3)
 143 Y   0.32126 0.00218 0.67189 0.00467 ( 3)
 144 R   0.14383 0.17957 0.30477 0.37183 ( 4)
 145 D   0.09630 0.22743 0.20280 0.47347 ( 4)
 146 Y   0.19059 0.13178 0.40377 0.27386 ( 3)
 147 L   0.30157 0.02059 0.63412 0.04373 ( 3)
 148 K   0.00333 0.31999 0.00689 0.66978 ( 4)
 149 N   0.25194 0.07202 0.53299 0.14305 ( 3)
 150 Y   0.29464 0.02788 0.62062 0.05686 ( 3)
 151 T   0.32232 0.00134 0.67347 0.00287 ( 3)
 152 R   0.27959 0.04388 0.58715 0.08938 ( 3)
 153 D   0.12918 0.19457 0.27379 0.40246 ( 4)
 154 Y   0.30550 0.01664 0.64248 0.03539 ( 3)
 155 S   0.31974 0.00364 0.66886 0.00776 ( 3)
 156 N   0.32277 0.00124 0.67334 0.00265 ( 3)
 157 Y   0.32126 0.00218 0.67189 0.00467 ( 3)
 158 C   0.32050 0.00278 0.67077 0.00594 ( 3)
 159 I   0.32340 0.00067 0.67450 0.00144 ( 3)
 160 N   0.13857 0.18531 0.29399 0.38213 ( 4)
 161 T   0.30626 0.01618 0.64318 0.03437 ( 3)
 162 Y   0.32095 0.00248 0.67125 0.00531 ( 3)
 163 Q   0.31819 0.00484 0.66665 0.01032 ( 3)
 164 S   0.10617 0.21732 0.22432 0.45220 ( 4)
 165 A   0.30716 0.01625 0.64221 0.03438 ( 3)
 166 F   0.32293 0.00097 0.67402 0.00207 ( 3)
 167 K   0.21215 0.11128 0.45133 0.22524 ( 3)
 168 G   0.31807 0.00513 0.66588 0.01092 ( 3)
 169 L   0.31771 0.00530 0.66568 0.01130 ( 3)
 170 N   0.31171 0.01089 0.65425 0.02316 ( 3)
 171 T   0.00006 0.00526 0.33293 0.66175 ( 4)
 172 R   0.04614 0.27680 0.09651 0.58055 ( 4)
 173 L   0.31771 0.00530 0.66568 0.01130 ( 3)
 174 H   0.00749 0.00344 0.93682 0.05225 ( 3)
 175 D   0.32301 0.00086 0.67429 0.00184 ( 3)
 176 M   0.09997 0.22363 0.21083 0.46557 ( 4)
 177 L   0.31587 0.00714 0.66176 0.01523 ( 3)
 178 E   0.32194 0.00169 0.67276 0.00362 ( 3)
 179 F   0.32307 0.00083 0.67432 0.00178 ( 3)
 180 R   0.32167 0.00182 0.67261 0.00390 ( 3)
 181 T   0.32232 0.00134 0.67347 0.00287 ( 3)
 182 Y   0.29775 0.02568 0.62441 0.05216 ( 3)
 183 M   0.30877 0.01496 0.64593 0.03035 ( 3)
 184 F   0.31288 0.01101 0.65375 0.02236 ( 3)
 185 L   0.31771 0.00530 0.66568 0.01130 ( 3)
 186 N   0.32332 0.00069 0.67451 0.00148 ( 3)
 187 V   0.32252 0.00121 0.67368 0.00259 ( 3)
 188 F   0.23345 0.09039 0.49514 0.18102 ( 3)
 189 E   0.16802 0.15552 0.35672 0.31974 ( 3)
 190 Y   0.29246 0.03096 0.61369 0.06289 ( 3)
 191 V   0.32094 0.00125 0.67510 0.00270 ( 3)
 192 S   0.31879 0.00459 0.66684 0.00978 ( 3)
 193 I   0.10147 0.22081 0.21483 0.46289 ( 4)
 194 W   0.29530 0.02689 0.62077 0.05704 ( 3)
 195 S   0.30528 0.01699 0.64162 0.03611 ( 3)

