Supplemental results for CODEML (seqf: algn  treef: tree)


dN/dS (w) for site classes (K=4)

site class             0        1       2a       2b
proportion       0.68188  0.31812  0.00000  0.00000
background w     0.14571  1.00000  0.14571  1.00000
foreground w     0.14571  1.00000  1.00000  1.00000

Naive Empirical Bayes (NEB) probabilities for 4 classes
(amino acids refer to 1st sequence: BT_Cry13Aa1)

   1 S   0.82670 0.17330 0.00000 0.00000 ( 1)
   2 V   0.98839 0.01161 0.00000 0.00000 ( 1)
   3 A   0.98292 0.01708 0.00000 0.00000 ( 1)
   4 V   0.99291 0.00709 0.00000 0.00000 ( 1)
   5 P   0.99501 0.00499 0.00000 0.00000 ( 1)
   6 L   0.88498 0.11502 0.00000 0.00000 ( 1)
   7 I   0.69841 0.30159 0.00000 0.00000 ( 1)
   8 S   0.96170 0.03830 0.00000 0.00000 ( 1)
   9 M   0.99877 0.00123 0.00000 0.00000 ( 1)
  10 L   0.97240 0.02760 0.00000 0.00000 ( 1)
  11 V   0.99267 0.00733 0.00000 0.00000 ( 1)
  12 G   0.88341 0.11659 0.00000 0.00000 ( 1)
  13 V   0.24073 0.75927 0.00000 0.00000 ( 2)
  14 F   0.61754 0.38246 0.00000 0.00000 ( 1)
  15 W   0.96116 0.03884 0.00000 0.00000 ( 1)
  16 P   0.99977 0.00023 0.00000 0.00000 ( 1)
  17 K   0.27067 0.72933 0.00000 0.00000 ( 2)
  18 -   0.68188 0.31812 0.00000 0.00000 ( 1)
  19 -   0.68188 0.31812 0.00000 0.00000 ( 1)
  20 -   0.68188 0.31812 0.00000 0.00000 ( 1)
  21 -   0.68188 0.31812 0.00000 0.00000 ( 1)
  22 -   0.25432 0.74568 0.00000 0.00000 ( 2)
  23 -   0.53054 0.46946 0.00000 0.00000 ( 1)
  24 G   0.00895 0.99105 0.00000 0.00000 ( 2)
  25 T   0.03534 0.96466 0.00000 0.00000 ( 2)
  26 N   0.32674 0.67326 0.00000 0.00000 ( 2)
  27 N   0.99715 0.00285 0.00000 0.00000 ( 1)
  28 Q   0.83790 0.16210 0.00000 0.00000 ( 1)
  29 E   0.75357 0.24643 0.00000 0.00000 ( 1)
  30 N   0.92666 0.07334 0.00000 0.00000 ( 1)
  31 L   0.96539 0.03461 0.00000 0.00000 ( 1)
  32 I   0.99145 0.00855 0.00000 0.00000 ( 1)
  33 T   0.05263 0.94737 0.00000 0.00000 ( 2)
  34 V   0.98730 0.01270 0.00000 0.00000 ( 1)
  35 I   0.99976 0.00024 0.00000 0.00000 ( 1)
  36 D   0.99988 0.00012 0.00000 0.00000 ( 1)
  37 K   0.02192 0.97808 0.00000 0.00000 ( 2)
  38 E   0.99987 0.00013 0.00000 0.00000 ( 1)
  39 V   0.99899 0.00101 0.00000 0.00000 ( 1)
  40 Q   0.99965 0.00035 0.00000 0.00000 ( 1)
  41 R   0.99601 0.00399 0.00000 0.00000 ( 1)
  42 I   0.76230 0.23770 0.00000 0.00000 ( 1)
  43 L   0.99854 0.00146 0.00000 0.00000 ( 1)
  44 D   0.99461 0.00539 0.00000 0.00000 ( 1)
  45 E   0.92505 0.07495 0.00000 0.00000 ( 1)
  46 K   0.97958 0.02042 0.00000 0.00000 ( 1)
  47 L   0.99831 0.00169 0.00000 0.00000 ( 1)
  48 S   0.99370 0.00630 0.00000 0.00000 ( 1)
  49 D   0.13280 0.86720 0.00000 0.00000 ( 2)
  50 Q   0.98229 0.01771 0.00000 0.00000 ( 1)
  51 L   0.99220 0.00780 0.00000 0.00000 ( 1)
  52 I   0.96622 0.03378 0.00000 0.00000 ( 1)
  53 K   0.94552 0.05448 0.00000 0.00000 ( 1)
  54 K   0.74193 0.25807 0.00000 0.00000 ( 1)
  55 L   0.79400 0.20600 0.00000 0.00000 ( 1)
  56 N   0.00183 0.99817 0.00000 0.00000 ( 2)
  57 A   0.89696 0.10304 0.00000 0.00000 ( 1)
  58 D   0.97584 0.02416 0.00000 0.00000 ( 1)
  59 L   0.99860 0.00140 0.00000 0.00000 ( 1)
  60 N   0.24119 0.75881 0.00000 0.00000 ( 2)
  61 A   0.02837 0.97163 0.00000 0.00000 ( 2)
  62 F   0.99875 0.00125 0.00000 0.00000 ( 1)
  63 T   0.26782 0.73218 0.00000 0.00000 ( 2)
  64 D   0.84589 0.15411 0.00000 0.00000 ( 1)
  65 L   0.33864 0.66136 0.00000 0.00000 ( 2)
  66 V   0.68761 0.31239 0.00000 0.00000 ( 1)
  67 T   0.08469 0.91531 0.00000 0.00000 ( 2)
  68 R   0.00256 0.99744 0.00000 0.00000 ( 2)
  69 L   0.21105 0.78895 0.00000 0.00000 ( 2)
  70 E   0.00245 0.99755 0.00000 0.00000 ( 2)
  71 E   0.00385 0.99615 0.00000 0.00000 ( 2)
  72 V   0.86647 0.13353 0.00000 0.00000 ( 1)
  73 I   0.97407 0.02593 0.00000 0.00000 ( 1)
  74 I   0.83289 0.16711 0.00000 0.00000 ( 1)
  75 D   0.99913 0.00087 0.00000 0.00000 ( 1)
  76 A   0.99960 0.00040 0.00000 0.00000 ( 1)
  77 T   0.67912 0.32088 0.00000 0.00000 ( 1)
  78 F   0.97462 0.02538 0.00000 0.00000 ( 1)
  79 -   0.95305 0.04695 0.00000 0.00000 ( 1)
  80 -   0.99904 0.00096 0.00000 0.00000 ( 1)
  81 -   0.89211 0.10789 0.00000 0.00000 ( 1)
  82 -   0.98791 0.01209 0.00000 0.00000 ( 1)
  83 -   0.36141 0.63859 0.00000 0.00000 ( 2)
  84 E   0.75026 0.24974 0.00000 0.00000 ( 1)
  85 N   0.76559 0.23441 0.00000 0.00000 ( 1)
  86 H   0.92993 0.07007 0.00000 0.00000 ( 1)
  87 K   0.99807 0.00193 0.00000 0.00000 ( 1)
  88 P   0.71724 0.28276 0.00000 0.00000 ( 1)
  89 V   0.05645 0.94355 0.00000 0.00000 ( 2)
  90 L   0.67295 0.32705 0.00000 0.00000 ( 1)
  91 Q   0.26424 0.73576 0.00000 0.00000 ( 2)
  92 V   0.97764 0.02236 0.00000 0.00000 ( 1)
  93 S   0.58566 0.41434 0.00000 0.00000 ( 1)
  94 K   0.00383 0.99617 0.00000 0.00000 ( 2)
  95 S   0.99921 0.00079 0.00000 0.00000 ( 1)
  96 N   0.99927 0.00073 0.00000 0.00000 ( 1)
  97 Y   0.99923 0.00077 0.00000 0.00000 ( 1)
  98 M   0.00167 0.99833 0.00000 0.00000 ( 2)
  99 K   0.99562 0.00438 0.00000 0.00000 ( 1)
 100 V   0.99917 0.00083 0.00000 0.00000 ( 1)
 101 D   0.56479 0.43521 0.00000 0.00000 ( 1)
 102 S   0.00335 0.99665 0.00000 0.00000 ( 2)
 103 A   0.01248 0.98752 0.00000 0.00000 ( 2)
 104 Y   0.91319 0.08681 0.00000 0.00000 ( 1)
 105 F   0.00569 0.99431 0.00000 0.00000 ( 2)
 106 S   0.07065 0.92935 0.00000 0.00000 ( 2)
 107 T   0.96857 0.03143 0.00000 0.00000 ( 1)
 108 G   0.01151 0.98849 0.00000 0.00000 ( 2)
 109 G   0.41002 0.58998 0.00000 0.00000 ( 2)
 110 I   0.00798 0.99202 0.00000 0.00000 ( 2)
 111 L   0.99816 0.00184 0.00000 0.00000 ( 1)
 112 T   0.00927 0.99073 0.00000 0.00000 ( 2)
 113 L   0.03655 0.96345 0.00000 0.00000 ( 2)
 114 G   0.20859 0.79141 0.00000 0.00000 ( 2)
 115 M   0.08568 0.91432 0.00000 0.00000 ( 2)
 116 S   0.92185 0.07815 0.00000 0.00000 ( 1)
 117 D   0.22972 0.77028 0.00000 0.00000 ( 2)
 118 F   0.97839 0.02161 0.00000 0.00000 ( 1)
 119 L   0.92546 0.07454 0.00000 0.00000 ( 1)
 120 T   0.98298 0.01702 0.00000 0.00000 ( 1)
 121 D   0.97125 0.02875 0.00000 0.00000 ( 1)
 122 T   0.99362 0.00638 0.00000 0.00000 ( 1)
 123 Y   0.99951 0.00049 0.00000 0.00000 ( 1)
 124 S   0.96909 0.03091 0.00000 0.00000 ( 1)
 125 K   0.27519 0.72481 0.00000 0.00000 ( 2)
 126 L   0.97940 0.02060 0.00000 0.00000 ( 1)
 127 T   0.99844 0.00156 0.00000 0.00000 ( 1)
 128 F   0.84165 0.15835 0.00000 0.00000 ( 1)
 129 P   0.99898 0.00102 0.00000 0.00000 ( 1)
 130 L   0.89854 0.10146 0.00000 0.00000 ( 1)
 131 Y   0.99504 0.00496 0.00000 0.00000 ( 1)
 132 V   0.95554 0.04446 0.00000 0.00000 ( 1)
 133 L   0.99873 0.00127 0.00000 0.00000 ( 1)
 134 G   0.99984 0.00016 0.00000 0.00000 ( 1)
 135 A   0.99983 0.00017 0.00000 0.00000 ( 1)
 136 T   0.99942 0.00058 0.00000 0.00000 ( 1)
 137 M   0.26063 0.73937 0.00000 0.00000 ( 2)
 138 K   0.56641 0.43359 0.00000 0.00000 ( 1)
 139 L   0.98454 0.01546 0.00000 0.00000 ( 1)
 140 S   0.90732 0.09268 0.00000 0.00000 ( 1)
 141 A   0.03211 0.96789 0.00000 0.00000 ( 2)
 142 Y   0.88139 0.11861 0.00000 0.00000 ( 1)
 143 H   0.99865 0.00135 0.00000 0.00000 ( 1)
 144 S   0.43301 0.56699 0.00000 0.00000 ( 2)
 145 Y   0.98416 0.01584 0.00000 0.00000 ( 1)
 146 I   0.99758 0.00242 0.00000 0.00000 ( 1)
 147 Q   0.97462 0.02538 0.00000 0.00000 ( 1)
 148 F   0.99991 0.00009 0.00000 0.00000 ( 1)
 149 G   0.36922 0.63078 0.00000 0.00000 ( 2)
 150 N   0.99065 0.00935 0.00000 0.00000 ( 1)
 151 T   0.00489 0.99511 0.00000 0.00000 ( 2)
 152 W   0.96116 0.03884 0.00000 0.00000 ( 1)
 153 L   0.96055 0.03945 0.00000 0.00000 ( 1)
 154 N   0.70500 0.29500 0.00000 0.00000 ( 1)
 155 K   0.03142 0.96858 0.00000 0.00000 ( 2)
 156 V   0.99963 0.00037 0.00000 0.00000 ( 1)
 157 Y   0.99848 0.00152 0.00000 0.00000 ( 1)
 158 -   0.98592 0.01408 0.00000 0.00000 ( 1)
 159 -   0.94311 0.05689 0.00000 0.00000 ( 1)
 160 -   0.93019 0.06981 0.00000 0.00000 ( 1)
 161 D   0.41350 0.58650 0.00000 0.00000 ( 2)
 162 L   0.02205 0.97795 0.00000 0.00000 ( 2)
 163 S   0.11904 0.88096 0.00000 0.00000 ( 2)
 164 S   0.00028 0.99972 0.00000 0.00000 ( 2)
 165 D   0.03510 0.96490 0.00000 0.00000 ( 2)
 166 E   0.00455 0.99545 0.00000 0.00000 ( 2)
 167 G   0.35580 0.64420 0.00000 0.00000 ( 2)
 168 K   0.03585 0.96415 0.00000 0.00000 ( 2)
 169 T   0.99789 0.00211 0.00000 0.00000 ( 1)
 170 M   0.31614 0.68386 0.00000 0.00000 ( 2)
 171 S   0.00324 0.99676 0.00000 0.00000 ( 2)
 172 Q   0.91139 0.08861 0.00000 0.00000 ( 1)
 173 A   0.84564 0.15436 0.00000 0.00000 ( 1)
 174 L   0.99881 0.00119 0.00000 0.00000 ( 1)
 175 A   0.04159 0.95841 0.00000 0.00000 ( 2)
 176 R   0.09853 0.90147 0.00000 0.00000 ( 2)
 177 A   0.98356 0.01644 0.00000 0.00000 ( 1)
 178 K   0.99983 0.00017 0.00000 0.00000 ( 1)
 179 Q   0.00171 0.99829 0.00000 0.00000 ( 2)
 180 H   0.04836 0.95164 0.00000 0.00000 ( 2)
 181 M   0.99982 0.00018 0.00000 0.00000 ( 1)
 182 R   0.87347 0.12653 0.00000 0.00000 ( 1)
 183 Q   0.08197 0.91803 0.00000 0.00000 ( 2)
 184 D   0.00277 0.99723 0.00000 0.00000 ( 2)
 185 I   0.99961 0.00039 0.00000 0.00000 ( 1)
 186 A   0.00131 0.99869 0.00000 0.00000 ( 2)
 187 F   0.00016 0.99984 0.00000 0.00000 ( 2)
 188 Y   0.99205 0.00795 0.00000 0.00000 ( 1)
 189 T   0.99963 0.00037 0.00000 0.00000 ( 1)
 190 S   0.00224 0.99776 0.00000 0.00000 ( 2)
 191 Q   0.60299 0.39701 0.00000 0.00000 ( 1)
 192 A   0.99877 0.00123 0.00000 0.00000 ( 1)
 193 L   0.78706 0.21294 0.00000 0.00000 ( 1)
 194 N   0.90916 0.09084 0.00000 0.00000 ( 1)
 195 M   0.80213 0.19787 0.00000 0.00000 ( 1)
 196 F   0.99994 0.00006 0.00000 0.00000 ( 1)
 197 T   0.97591 0.02409 0.00000 0.00000 ( 1)
 198 -   0.97321 0.02679 0.00000 0.00000 ( 1)
 199 -   0.22874 0.77126 0.00000 0.00000 ( 2)
 200 G   0.04488 0.95512 0.00000 0.00000 ( 2)
 201 N   0.66010 0.33990 0.00000 0.00000 ( 1)
 202 L   0.23420 0.76580 0.00000 0.00000 ( 2)
 203 P   0.99983 0.00017 0.00000 0.00000 ( 1)
 204 S   0.97296 0.02704 0.00000 0.00000 ( 1)
 205 L   0.99095 0.00905 0.00000 0.00000 ( 1)
 206 S   0.01896 0.98104 0.00000 0.00000 ( 2)
 207 S   0.92950 0.07050 0.00000 0.00000 ( 1)
 208 N   0.99506 0.00494 0.00000 0.00000 ( 1)
 209 K   0.99983 0.00017 0.00000 0.00000 ( 1)
 210 Y   0.03911 0.96089 0.00000 0.00000 ( 2)
 211 A   0.63495 0.36505 0.00000 0.00000 ( 1)
 212 I   0.97606 0.02394 0.00000 0.00000 ( 1)
 213 N   0.99366 0.00634 0.00000 0.00000 ( 1)
 214 D   0.19955 0.80045 0.00000 0.00000 ( 2)
 215 Y   0.99691 0.00309 0.00000 0.00000 ( 1)
 216 N   0.99985 0.00015 0.00000 0.00000 ( 1)
 217 V   0.02173 0.97827 0.00000 0.00000 ( 2)
 218 Y   0.99817 0.00183 0.00000 0.00000 ( 1)
 219 T   0.96765 0.03235 0.00000 0.00000 ( 1)
 220 R   0.97972 0.02028 0.00000 0.00000 ( 1)
 221 A   0.99872 0.00128 0.00000 0.00000 ( 1)
 222 M   0.99955 0.00045 0.00000 0.00000 ( 1)
 223 V   0.88598 0.11402 0.00000 0.00000 ( 1)
 224 L   0.94332 0.05668 0.00000 0.00000 ( 1)
 225 N   0.99845 0.00155 0.00000 0.00000 ( 1)
 226 G   0.95451 0.04549 0.00000 0.00000 ( 1)
 227 L   0.99770 0.00230 0.00000 0.00000 ( 1)
 228 D   0.99994 0.00006 0.00000 0.00000 ( 1)
 229 I   0.22251 0.77749 0.00000 0.00000 ( 2)
 230 V   0.99411 0.00589 0.00000 0.00000 ( 1)
 231 A   0.99976 0.00024 0.00000 0.00000 ( 1)
 232 T   0.97830 0.02170 0.00000 0.00000 ( 1)
 233 W   0.96116 0.03884 0.00000 0.00000 ( 1)


lnL = -4187.286359

Bayes Empirical Bayes (BEB) probabilities for 4 classes (class)
(amino acids refer to 1st sequence: BT_Cry13Aa1)

   1 S   0.81216 0.17275 0.01148 0.00361 ( 1)
   2 V   0.97620 0.01195 0.01161 0.00024 ( 1)
   3 A   0.96177 0.01738 0.02041 0.00044 ( 1)
   4 V   0.98154 0.00720 0.01112 0.00013 ( 1)
   5 P   0.97097 0.00517 0.02371 0.00014 ( 1)
   6 L   0.87376 0.11248 0.01137 0.00239 ( 1)
   7 I   0.68966 0.29003 0.01327 0.00704 ( 1)
   8 S   0.94227 0.03791 0.01892 0.00091 ( 1)
   9 M   0.98867 0.00126 0.01004 0.00002 ( 1)
  10 L   0.95199 0.02749 0.01983 0.00068 ( 1)
  11 V   0.98118 0.00751 0.01116 0.00015 ( 1)
  12 G   0.86225 0.11335 0.02128 0.00312 ( 1)
  13 V   0.24208 0.72934 0.00671 0.02186 ( 2)
  14 F   0.60587 0.36285 0.01891 0.01237 ( 1)
  15 W   0.93391 0.03937 0.02556 0.00116 ( 1)
  16 P   0.98625 0.00024 0.01350 0.00000 ( 1)
  17 K   0.24594 0.61541 0.09329 0.04535 ( 2)
  18 -   0.65141 0.31026 0.02609 0.01223 ( 1)
  19 -   0.65141 0.31026 0.02609 0.01223 ( 1)
  20 -   0.65141 0.31026 0.02609 0.01223 ( 1)
  21 -   0.65141 0.31026 0.02609 0.01223 ( 1)
  22 -   0.25269 0.70898 0.01019 0.02814 ( 2)
  23 -   0.53239 0.45270 0.00591 0.00899 ( 1)
  24 G   0.00926 0.89942 0.00466 0.08665 ( 2)
  25 T   0.03696 0.90158 0.01002 0.05145 ( 2)
  26 N   0.33441 0.64603 0.00559 0.01397 ( 2)
  27 N   0.98311 0.00294 0.01387 0.00007 ( 1)
  28 Q   0.82501 0.15713 0.01405 0.00381 ( 1)
  29 E   0.74121 0.23726 0.01549 0.00603 ( 1)
  30 N   0.91277 0.07229 0.01350 0.00144 ( 1)
  31 L   0.94056 0.03469 0.02376 0.00099 ( 1)
  32 I   0.97996 0.00888 0.01099 0.00017 ( 1)
  33 T   0.05722 0.92235 0.00062 0.01981 ( 2)
  34 V   0.97129 0.01295 0.01549 0.00027 ( 1)
  35 I   0.98880 0.00027 0.01093 0.00001 ( 1)
  36 D   0.98806 0.00013 0.01181 0.00000 ( 1)
  37 K   0.02423 0.95538 0.00033 0.02005 ( 2)
  38 E   0.98934 0.00014 0.01052 0.00000 ( 1)
  39 V   0.98793 0.00107 0.01099 0.00002 ( 1)
  40 Q   0.98609 0.00037 0.01353 0.00001 ( 1)
  41 R   0.98519 0.00409 0.01064 0.00008 ( 1)
  42 I   0.75056 0.22832 0.01542 0.00570 ( 1)
  43 L   0.98139 0.00154 0.01704 0.00004 ( 1)
  44 D   0.98205 0.00552 0.01231 0.00012 ( 1)
  45 E   0.89789 0.07264 0.02693 0.00255 ( 1)
  46 K   0.96208 0.02047 0.01695 0.00051 ( 1)
  47 L   0.98228 0.00178 0.01590 0.00004 ( 1)
  48 S   0.98065 0.00647 0.01276 0.00012 ( 1)
  49 D   0.13316 0.79282 0.02214 0.05188 ( 2)
  50 Q   0.96865 0.01771 0.01330 0.00034 ( 1)
  51 L   0.98264 0.00794 0.00928 0.00014 ( 1)
  52 I   0.95536 0.03358 0.01040 0.00066 ( 1)
  53 K   0.93560 0.05425 0.00911 0.00104 ( 1)
  54 K   0.73097 0.24832 0.01367 0.00705 ( 1)
  55 L   0.77108 0.20177 0.02117 0.00599 ( 1)
  56 N   0.00208 0.97123 0.00005 0.02665 ( 2)
  57 A   0.87817 0.10224 0.01702 0.00256 ( 1)
  58 D   0.96193 0.02424 0.01333 0.00050 ( 1)
  59 L   0.98287 0.00148 0.01562 0.00003 ( 1)
  60 N   0.25089 0.72502 0.00508 0.01901 ( 2)
  61 A   0.03111 0.94930 0.00038 0.01920 ( 2)
  62 F   0.98774 0.00132 0.01092 0.00003 ( 1)
  63 T   0.27771 0.70368 0.00362 0.01499 ( 2)
  64 D   0.83349 0.15030 0.01315 0.00305 ( 1)
  65 L   0.34820 0.63515 0.00384 0.01281 ( 2)
  66 V   0.67612 0.29770 0.01764 0.00855 ( 1)
  67 T   0.08848 0.88117 0.00154 0.02881 ( 2)
  68 R   0.00291 0.97648 0.00004 0.02058 ( 2)
  69 L   0.21789 0.76073 0.00366 0.01772 ( 2)
  70 E   0.00276 0.95147 0.00069 0.04508 ( 2)
  71 E   0.00435 0.96940 0.00011 0.02614 ( 2)
  72 V   0.63195 0.09677 0.26553 0.00575 ( 1)
  73 I   0.95254 0.02674 0.02005 0.00067 ( 1)
  74 I   0.82051 0.16441 0.01168 0.00340 ( 1)
  75 D   0.98958 0.00092 0.00948 0.00002 ( 1)
  76 A   0.98645 0.00043 0.01311 0.00001 ( 1)
  77 T   0.66940 0.30999 0.01298 0.00763 ( 1)
  78 F   0.96335 0.02552 0.01068 0.00045 ( 1)
  79 -   0.93229 0.04729 0.01925 0.00117 ( 1)
  80 -   0.98697 0.00102 0.01199 0.00002 ( 1)
  81 -   0.81064 0.09910 0.08703 0.00323 ( 1)
  82 -   0.97681 0.01242 0.01054 0.00023 ( 1)
  83 -   0.36812 0.61610 0.00455 0.01123 ( 2)
  84 E   0.74940 0.23904 0.00719 0.00437 ( 1)
  85 N   0.67207 0.20235 0.11757 0.00800 ( 1)
  86 H   0.73572 0.05533 0.20551 0.00344 ( 1)
  87 K   0.98759 0.00200 0.01038 0.00003 ( 1)
  88 P   0.71249 0.27237 0.00984 0.00530 ( 1)
  89 V   0.06161 0.91963 0.00083 0.01792 ( 2)
  90 L   0.66616 0.31631 0.01052 0.00702 ( 1)
  91 Q   0.27710 0.70575 0.00326 0.01390 ( 2)
  92 V   0.96401 0.02233 0.01322 0.00043 ( 1)
  93 S   0.58393 0.40162 0.00717 0.00728 ( 1)
  94 K   0.00434 0.97389 0.00008 0.02170 ( 2)
  95 S   0.98336 0.00084 0.01578 0.00002 ( 1)
  96 N   0.98303 0.00077 0.01618 0.00002 ( 1)
  97 Y   0.97485 0.00081 0.02431 0.00002 ( 1)
  98 M   0.00194 0.97808 0.00002 0.01995 ( 2)
  99 K   0.98011 0.00448 0.01532 0.00009 ( 1)
 100 V   0.98766 0.00089 0.01144 0.00002 ( 1)
 101 D   0.56563 0.41379 0.01054 0.01004 ( 1)
 102 S   0.00370 0.97186 0.00006 0.02438 ( 2)
 103 A   0.01403 0.96814 0.00016 0.01768 ( 2)
 104 Y   0.90231 0.08467 0.01144 0.00158 ( 1)
 105 F   0.00629 0.97196 0.00011 0.02164 ( 2)
 106 S   0.07653 0.90485 0.00091 0.01772 ( 2)
 107 T   0.95325 0.03195 0.01406 0.00073 ( 1)
 108 G   0.01246 0.94573 0.00183 0.03999 ( 2)
 109 G   0.41817 0.56705 0.00478 0.01000 ( 2)
 110 I   0.00903 0.97205 0.00012 0.01880 ( 2)
 111 L   0.98563 0.00191 0.01243 0.00004 ( 1)
 112 T   0.01031 0.96486 0.00022 0.02462 ( 2)
 113 L   0.04005 0.93944 0.00057 0.01994 ( 2)
 114 G   0.21598 0.75819 0.00515 0.02068 ( 2)
 115 M   0.09117 0.88057 0.00244 0.02582 ( 2)
 116 S   0.91341 0.07680 0.00853 0.00126 ( 1)
 117 D   0.24209 0.74000 0.00338 0.01454 ( 2)
 118 F   0.96821 0.02159 0.00985 0.00035 ( 1)
 119 L   0.91515 0.07319 0.01023 0.00143 ( 1)
 120 T   0.96734 0.01717 0.01513 0.00036 ( 1)
 121 D   0.94911 0.02899 0.02115 0.00074 ( 1)
 122 T   0.97800 0.00656 0.01530 0.00014 ( 1)
 123 Y   0.98853 0.00051 0.01095 0.00001 ( 1)
 124 S   0.95905 0.03110 0.00929 0.00057 ( 1)
 125 K   0.28072 0.69591 0.00590 0.01747 ( 2)
 126 L   0.96087 0.02057 0.01807 0.00049 ( 1)
 127 T   0.98583 0.00162 0.01252 0.00003 ( 1)
 128 F   0.83320 0.15460 0.00915 0.00305 ( 1)
 129 P   0.98586 0.00108 0.01303 0.00002 ( 1)
 130 L   0.87983 0.09948 0.01825 0.00244 ( 1)
 131 Y   0.98397 0.00504 0.01090 0.00009 ( 1)
 132 V   0.93292 0.04419 0.02170 0.00118 ( 1)
 133 L   0.98793 0.00133 0.01071 0.00003 ( 1)
 134 G   0.98783 0.00017 0.01200 0.00000 ( 1)
 135 A   0.98833 0.00018 0.01148 0.00000 ( 1)
 136 T   0.98646 0.00062 0.01291 0.00001 ( 1)
 137 M   0.27011 0.71212 0.00329 0.01447 ( 2)
 138 K   0.56637 0.41744 0.00789 0.00830 ( 1)
 139 L   0.97190 0.01555 0.01226 0.00029 ( 1)
 140 S   0.88424 0.09068 0.02252 0.00256 ( 1)
 141 A   0.03474 0.94330 0.00049 0.02147 ( 2)
 142 Y   0.87129 0.11573 0.01081 0.00217 ( 1)
 143 H   0.98506 0.00140 0.01352 0.00003 ( 1)
 144 S   0.43126 0.53900 0.01296 0.01678 ( 2)
 145 Y   0.97197 0.01595 0.01178 0.00029 ( 1)
 146 I   0.98670 0.00254 0.01071 0.00005 ( 1)
 147 Q   0.95888 0.02548 0.01509 0.00055 ( 1)
 148 F   0.98895 0.00009 0.01096 0.00000 ( 1)
 149 G   0.37191 0.60467 0.00802 0.01540 ( 2)
 150 N   0.98048 0.00967 0.00965 0.00020 ( 1)
 151 T   0.00558 0.97386 0.00006 0.02049 ( 2)
 152 W   0.93391 0.03937 0.02556 0.00116 ( 1)
 153 L   0.93530 0.03957 0.02401 0.00112 ( 1)
 154 N   0.69763 0.28761 0.00928 0.00548 ( 1)
 155 K   0.03488 0.94481 0.00046 0.01985 ( 2)
 156 V   0.98189 0.00040 0.01771 0.00001 ( 1)
 157 Y   0.98617 0.00161 0.01220 0.00003 ( 1)
 158 -   0.97180 0.01461 0.01330 0.00028 ( 1)
 159 -   0.93138 0.05856 0.00899 0.00107 ( 1)
 160 -   0.91583 0.07147 0.01135 0.00135 ( 1)
 161 D   0.41858 0.56288 0.00639 0.01214 ( 2)
 162 L   0.02406 0.95638 0.00029 0.01927 ( 2)
 163 S   0.12525 0.85530 0.00192 0.01753 ( 2)
 164 S   0.00032 0.97242 0.00001 0.02725 ( 2)
 165 D   0.03802 0.94182 0.00049 0.01967 ( 2)
 166 E   0.00514 0.97563 0.00006 0.01917 ( 2)
 167 G   0.36534 0.61891 0.00450 0.01124 ( 2)
 168 K   0.03950 0.94185 0.00050 0.01815 ( 2)
 169 T   0.98632 0.00222 0.01142 0.00004 ( 1)
 170 M   0.32725 0.65533 0.00456 0.01286 ( 2)
 171 S   0.00366 0.97035 0.00008 0.02592 ( 2)
 172 Q   0.89844 0.08741 0.01244 0.00171 ( 1)
 173 A   0.83885 0.14951 0.00861 0.00303 ( 1)
 174 L   0.97741 0.00125 0.02131 0.00003 ( 1)
 175 A   0.04476 0.93053 0.00096 0.02375 ( 2)
 176 R   0.10596 0.87488 0.00112 0.01804 ( 2)
 177 A   0.96792 0.01682 0.01490 0.00036 ( 1)
 178 K   0.98912 0.00018 0.01069 0.00000 ( 1)
 179 Q   0.00193 0.97244 0.00004 0.02559 ( 2)
 180 H   0.05356 0.92825 0.00053 0.01767 ( 2)
 181 M   0.98975 0.00019 0.01005 0.00000 ( 1)
 182 R   0.84877 0.12385 0.02366 0.00372 ( 1)
 183 Q   0.08844 0.89267 0.00106 0.01784 ( 2)
 184 D   0.00315 0.97290 0.00005 0.02390 ( 2)
 185 I   0.98851 0.00042 0.01106 0.00001 ( 1)
 186 A   0.00149 0.95812 0.00028 0.04011 ( 2)
 187 F   0.00018 0.96267 0.00001 0.03714 ( 2)
 188 Y   0.97198 0.00811 0.01971 0.00020 ( 1)
 189 T   0.98280 0.00040 0.01680 0.00001 ( 1)
 190 S   0.00258 0.97109 0.00006 0.02627 ( 2)
 191 Q   0.60517 0.38068 0.00667 0.00748 ( 1)
 192 A   0.98625 0.00129 0.01243 0.00003 ( 1)
 193 L   0.77239 0.20646 0.01607 0.00508 ( 1)
 194 N   0.89799 0.08899 0.01105 0.00196 ( 1)
 195 M   0.78425 0.19204 0.01853 0.00519 ( 1)
 196 F   0.98898 0.00006 0.01096 0.00000 ( 1)
 197 T   0.96479 0.02429 0.01044 0.00048 ( 1)
 198 -   0.93440 0.02728 0.03726 0.00107 ( 1)
 199 -   0.22718 0.73449 0.00916 0.02917 ( 2)
 200 G   0.04743 0.91397 0.00358 0.03502 ( 2)
 201 N   0.64808 0.33091 0.01253 0.00848 ( 1)
 202 L   0.15291 0.46279 0.33198 0.05232 ( 2)
 203 P   0.98680 0.00018 0.01301 0.00000 ( 1)
 204 S   0.95713 0.02692 0.01538 0.00058 ( 1)
 205 L   0.87678 0.00835 0.11416 0.00071 ( 1)
 206 S   0.01909 0.87544 0.01549 0.08998 ( 2)
 207 S   0.91664 0.07010 0.01194 0.00133 ( 1)
 208 N   0.98412 0.00505 0.01073 0.00009 ( 1)
 209 K   0.98912 0.00018 0.01069 0.00000 ( 1)
 210 Y   0.04319 0.93703 0.00044 0.01934 ( 2)
 211 A   0.63125 0.35099 0.01022 0.00753 ( 1)
 212 I   0.95051 0.02404 0.02469 0.00076 ( 1)
 213 N   0.87719 0.00586 0.11677 0.00018 ( 1)
 214 D   0.19287 0.71965 0.05219 0.03530 ( 2)
 215 Y   0.97986 0.00323 0.01684 0.00007 ( 1)
 216 N   0.99006 0.00016 0.00978 0.00000 ( 1)
 217 V   0.02379 0.94202 0.00122 0.03297 ( 2)
 218 Y   0.98587 0.00190 0.01219 0.00004 ( 1)
 219 T   0.95651 0.03199 0.01090 0.00061 ( 1)
 220 R   0.95550 0.02037 0.02356 0.00057 ( 1)
 221 A   0.98170 0.00132 0.01695 0.00003 ( 1)
 222 M   0.34485 0.00017 0.65497 0.00002 ( 3)
 223 V   0.87555 0.11163 0.01057 0.00224 ( 1)
 224 L   0.92227 0.05667 0.01957 0.00149 ( 1)
 225 N   0.98297 0.00162 0.01537 0.00003 ( 1)
 226 G   0.93662 0.04515 0.01709 0.00114 ( 1)
 227 L   0.97988 0.00241 0.01765 0.00006 ( 1)
 228 D   0.99057 0.00007 0.00936 0.00000 ( 1)
 229 I   0.20244 0.65582 0.09880 0.04294 ( 2)
 230 V   0.96405 0.00602 0.02962 0.00031 ( 1)
 231 A   0.98826 0.00025 0.01148 0.00000 ( 1)
 232 T   0.96651 0.02185 0.01122 0.00042 ( 1)
 233 W   0.93391 0.03937 0.02556 0.00116 ( 1)

