Supplemental results for CODEML (seqf: algn  treef: tree)


dN/dS (w) for site classes (K=4)

site class             0        1       2a       2b
proportion       0.42081  0.29034  0.17092  0.11793
background w     0.11663  1.00000  0.11663  1.00000
foreground w     0.11663  1.00000  1.00000  1.00000

Naive Empirical Bayes (NEB) probabilities for 4 classes
(amino acids refer to 1st sequence: BT_Cry21Aa1)

   1 -   0.60224 0.10891 0.24461 0.04424 ( 1)
   2 -   0.02426 0.68689 0.00986 0.27900 ( 2)
   3 -   0.69006 0.02109 0.28029 0.00856 ( 1)
   4 -   0.69820 0.01295 0.28359 0.00526 ( 1)
   5 -   0.01274 0.69682 0.00741 0.28303 ( 2)
   6 L   0.03221 0.67632 0.01677 0.27470 ( 2)
   7 K   0.58090 0.01533 0.39753 0.00623 ( 1)
   8 G   0.59257 0.03960 0.35175 0.01608 ( 1)
   9 F   0.51431 0.22541 0.16873 0.09156 ( 1)
  10 P   0.87558 0.01470 0.10375 0.00597 ( 1)
  11 A   0.99376 0.00036 0.00572 0.00015 ( 1)
  12 E   0.97028 0.00069 0.02875 0.00028 ( 1)
  13 K   0.99195 0.00016 0.00782 0.00007 ( 1)
  14 G   0.00949 0.04746 0.92377 0.01928 ( 3)
  15 -   0.09890 0.48034 0.22565 0.19510 ( 2)
  16 -   0.09899 0.50179 0.19541 0.20381 ( 2)
  17 Y   0.01344 0.16953 0.74817 0.06886 ( 3)
  18 G   0.81652 0.00234 0.18020 0.00095 ( 1)
  19 D   0.06211 0.54448 0.17225 0.22116 ( 2)
  20 S   0.11287 0.60290 0.03935 0.24488 ( 2)
  21 I   0.18874 0.11094 0.65526 0.04506 ( 3)
  22 A   0.00700 0.66610 0.05634 0.27056 ( 2)
  23 Y   0.21646 0.01826 0.75786 0.00742 ( 3)
  24 V   0.12034 0.05242 0.80595 0.02129 ( 3)
  25 S   0.02257 0.04510 0.91401 0.01832 ( 3)
  26 E   0.98663 0.00047 0.01271 0.00019 ( 1)
  27 P   0.99460 0.00094 0.00408 0.00038 ( 1)
  28 -   0.75398 0.00769 0.23521 0.00312 ( 1)
  29 -   0.42081 0.29034 0.17092 0.11793 ( 1)
  30 L   0.23968 0.02551 0.72444 0.01036 ( 3)
  31 N   0.96251 0.00087 0.03626 0.00035 ( 1)
  32 G   0.99554 0.00041 0.00388 0.00017 ( 1)
  33 A   0.36886 0.05871 0.54858 0.02385 ( 3)
  34 N   0.92762 0.00088 0.07115 0.00036 ( 1)
  35 A   0.35649 0.08046 0.53037 0.03268 ( 3)
  36 V   0.18210 0.01458 0.79740 0.00592 ( 3)
  37 K   0.58961 0.01766 0.38555 0.00717 ( 1)
  38 L   0.91483 0.02394 0.05151 0.00972 ( 1)
  39 T   0.22478 0.53153 0.02779 0.21590 ( 2)
  40 S   0.00190 0.64140 0.09617 0.26052 ( 2)
  41 Y   0.08651 0.04410 0.85148 0.01791 ( 3)
  42 Q   0.00235 0.56920 0.19726 0.23120 ( 2)
  43 V   0.08778 0.51613 0.18646 0.20964 ( 2)
  44 L   0.57679 0.18734 0.15978 0.07609 ( 1)
  45 Q   0.00000 0.70796 0.00449 0.28755 ( 2)
  46 -   0.42081 0.29034 0.17092 0.11793 ( 1)
  47 -   0.68764 0.02351 0.27930 0.00955 ( 1)
  48 -   0.64969 0.06146 0.26389 0.02496 ( 1)
  49 -   0.70476 0.00639 0.28625 0.00260 ( 1)
  50 -   0.15338 0.55777 0.06230 0.22655 ( 2)
  51 -   0.66100 0.05015 0.26848 0.02037 ( 1)
  52 -   0.15046 0.56068 0.06111 0.22774 ( 2)
  53 -   0.68851 0.02264 0.27966 0.00919 ( 1)
  54 -   0.66074 0.05041 0.26838 0.02047 ( 1)
  55 M   0.03327 0.16190 0.73907 0.06576 ( 3)
  56 E   0.01579 0.09597 0.84926 0.03898 ( 3)
  57 V   0.82351 0.11040 0.02126 0.04484 ( 1)
  58 T   0.88632 0.00326 0.10910 0.00132 ( 1)
  59 N   0.97227 0.01524 0.00630 0.00619 ( 1)
  60 Q   0.01368 0.13395 0.79797 0.05441 ( 3)
  61 T   0.71762 0.17701 0.03347 0.07190 ( 1)
  62 T   0.00421 0.70752 0.00089 0.28738 ( 2)
  63 Q   0.92288 0.01056 0.06227 0.00429 ( 1)
  64 K   0.26867 0.51273 0.01034 0.20826 ( 2)
  65 Y   0.99536 0.00052 0.00390 0.00021 ( 1)
  66 R   0.04528 0.34308 0.47229 0.13935 ( 3)
  67 I   0.22862 0.50716 0.05822 0.20600 ( 2)
  68 R   0.93861 0.02376 0.02798 0.00965 ( 1)
  69 I   0.74413 0.04185 0.19703 0.01700 ( 1)
  70 R   0.99698 0.00026 0.00266 0.00010 ( 1)
  71 Y   0.98938 0.00315 0.00620 0.00128 ( 1)
  72 A   0.99481 0.00010 0.00505 0.00004 ( 1)
  73 T   0.96404 0.00089 0.03470 0.00036 ( 1)
  74 G   0.05584 0.01202 0.92727 0.00488 ( 3)
  75 G   0.01874 0.36194 0.47231 0.14701 ( 3)
  76 D   0.00102 0.70981 0.00087 0.28831 ( 2)
  77 T   0.51615 0.27264 0.10047 0.11074 ( 1)
  78 A   0.00059 0.70983 0.00127 0.28831 ( 2)
  79 A   0.00258 0.70862 0.00097 0.28782 ( 2)
  80 S   0.03060 0.68539 0.00562 0.27839 ( 2)
  81 I   0.00887 0.69501 0.01383 0.28229 ( 2)
  82 W   0.00879 0.70101 0.00547 0.28473 ( 2)
  83 F   0.66734 0.09150 0.20400 0.03716 ( 1)
  84 H   0.00006 0.71098 0.00017 0.28878 ( 2)
  85 I   0.62255 0.23701 0.04417 0.09627 ( 1)
  86 I   0.00030 0.71083 0.00014 0.28872 ( 2)
  87 -   0.00001 0.71114 0.00001 0.28885 ( 2)
  88 -   0.29048 0.44753 0.08021 0.18178 ( 2)
  89 -   0.42081 0.29034 0.17092 0.11793 ( 1)
  90 -   0.42081 0.29034 0.17092 0.11793 ( 1)
  91 -   0.42081 0.29034 0.17092 0.11793 ( 1)
  92 -   0.42081 0.29034 0.17092 0.11793 ( 1)
  93 G   0.00033 0.71057 0.00049 0.28861 ( 2)
  94 P   0.01137 0.70194 0.00158 0.28511 ( 2)
  95 S   0.00069 0.66920 0.05829 0.27181 ( 2)
  96 G   0.00003 0.71009 0.00145 0.28842 ( 2)
  97 N   0.00049 0.68722 0.03316 0.27913 ( 2)
  98 D   0.00753 0.70541 0.00054 0.28652 ( 2)
  99 L   0.00102 0.71007 0.00050 0.28841 ( 2)
 100 T   0.00000 0.71115 0.00000 0.28885 ( 2)
 101 N   0.39004 0.41704 0.02353 0.16939 ( 2)
 102 -   0.42081 0.29034 0.17092 0.11793 ( 1)
 103 -   0.42081 0.29034 0.17092 0.11793 ( 1)
 104 -   0.42081 0.29034 0.17092 0.11793 ( 1)
 105 E   0.00363 0.50264 0.28957 0.20416 ( 2)
 106 G   0.01358 0.49523 0.29004 0.20115 ( 2)
 107 H   0.00026 0.68437 0.03739 0.27798 ( 2)
 108 N   0.00000 0.71114 0.00001 0.28885 ( 2)
 109 F   0.00029 0.71044 0.00070 0.28856 ( 2)
 110 S   0.03337 0.66914 0.02571 0.27179 ( 2)
 111 S   0.00790 0.48460 0.31067 0.19683 ( 2)
 112 V   0.42081 0.29034 0.17092 0.11793 ( 1)
 113 S   0.01122 0.64085 0.08764 0.26030 ( 2)
 114 S   0.66204 0.09958 0.19793 0.04045 ( 1)
 115 R   0.00332 0.66336 0.06387 0.26944 ( 2)
 116 N   0.96839 0.00040 0.03105 0.00016 ( 1)
 117 K   0.68884 0.04216 0.25188 0.01712 ( 1)
 118 M   0.99342 0.00012 0.00640 0.00005 ( 1)
 119 F   0.69641 0.02628 0.26663 0.01067 ( 1)
 120 V   0.11956 0.14739 0.67319 0.05986 ( 3)
 121 Q   0.75630 0.00295 0.23955 0.00120 ( 1)
 122 G   0.75102 0.02980 0.20708 0.01210 ( 1)
 123 N   0.15547 0.02519 0.80911 0.01023 ( 3)
 124 N   0.96732 0.00245 0.02925 0.00099 ( 1)
 125 G   0.94389 0.02237 0.02466 0.00908 ( 1)
 126 K   0.71191 0.19791 0.00979 0.08039 ( 1)
 127 Y   0.97358 0.00076 0.02535 0.00031 ( 1)
 128 V   0.28051 0.49426 0.02447 0.20076 ( 2)
 129 L   0.45121 0.14118 0.35027 0.05734 ( 1)
 130 N   0.01113 0.48277 0.31001 0.19609 ( 2)
 131 I   0.12984 0.32450 0.41385 0.13181 ( 3)
 132 L   0.34278 0.43793 0.04142 0.17788 ( 2)
 133 T   0.00021 0.69414 0.02371 0.28194 ( 2)
 134 D   0.98851 0.00469 0.00490 0.00190 ( 1)
 135 -   0.00576 0.70538 0.00234 0.28651 ( 2)
 136 -   0.70559 0.00556 0.28659 0.00226 ( 1)
 137 -   0.05299 0.65816 0.02152 0.26733 ( 2)
 138 S   0.59367 0.18126 0.15144 0.07363 ( 1)
 139 I   0.98067 0.00371 0.01412 0.00151 ( 1)
 140 E   0.08976 0.64499 0.00328 0.26198 ( 2)
 141 L   0.84627 0.10246 0.00965 0.04162 ( 1)
 142 P   0.85114 0.09282 0.01834 0.03770 ( 1)
 143 S   0.57351 0.29973 0.00501 0.12174 ( 1)
 144 G   0.45197 0.24437 0.20440 0.09926 ( 1)
 145 Q   0.20925 0.55741 0.00694 0.22640 ( 2)
 146 Q   0.06293 0.64722 0.02697 0.26288 ( 2)
 147 T   0.16394 0.43938 0.21822 0.17846 ( 2)
 148 -   0.70576 0.00539 0.28666 0.00219 ( 1)
 149 -   0.66529 0.04585 0.27023 0.01862 ( 1)
 150 -   0.02818 0.68297 0.01145 0.27740 ( 2)
 151 I   0.98589 0.00028 0.01373 0.00011 ( 1)
 152 L   0.00026 0.70624 0.00663 0.28686 ( 2)
 153 I   0.29715 0.47123 0.04021 0.19140 ( 2)
 154 Q   0.00101 0.70463 0.00815 0.28620 ( 2)
 155 N   0.99374 0.00024 0.00593 0.00010 ( 1)
 156 T   0.00076 0.70998 0.00088 0.28838 ( 2)
 157 N   0.00063 0.71003 0.00094 0.28840 ( 2)
 158 -   0.66961 0.13772 0.13673 0.05594 ( 1)
 159 S   0.01315 0.50524 0.27639 0.20522 ( 2)
 160 Q   0.14770 0.57761 0.04007 0.23461 ( 2)
 161 D   0.07310 0.65321 0.00837 0.26532 ( 2)
 162 L   0.80450 0.11943 0.02756 0.04851 ( 1)
 163 F   0.73133 0.00507 0.26154 0.00206 ( 1)
 164 L   0.91171 0.00167 0.08595 0.00068 ( 1)
 165 D   0.99666 0.00042 0.00275 0.00017 ( 1)
 166 R   0.93610 0.00114 0.06229 0.00046 ( 1)
 167 I   0.96576 0.01585 0.01195 0.00644 ( 1)
 168 E   0.99634 0.00008 0.00355 0.00003 ( 1)
 169 -   0.98332 0.00312 0.01228 0.00127 ( 1)
 170 -   0.95624 0.00083 0.04260 0.00034 ( 1)
 171 -   0.48714 0.22401 0.19786 0.09099 ( 1)


lnL = -3253.194447

Bayes Empirical Bayes (BEB) probabilities for 4 classes (class)
(amino acids refer to 1st sequence: BT_Cry21Aa1)

   1 -   0.69113 0.11669 0.16485 0.02733 ( 1)
   2 -   0.05181 0.75601 0.01253 0.17965 ( 2)
   3 -   0.78386 0.02396 0.18658 0.00560 ( 1)
   4 -   0.79289 0.01494 0.18869 0.00349 ( 1)
   5 -   0.04059 0.76072 0.01332 0.18537 ( 2)
   6 L   0.08933 0.78488 0.01330 0.11249 ( 2)
   7 K   0.81101 0.01742 0.16890 0.00267 ( 1)
   8 G   0.85423 0.04078 0.10065 0.00433 ( 1)
   9 F   0.74902 0.17005 0.06059 0.02034 ( 1)
  10 P   0.95821 0.01462 0.02579 0.00138 ( 1)
  11 A   0.99743 0.00052 0.00200 0.00005 ( 1)
  12 E   0.99263 0.00079 0.00652 0.00006 ( 1)
  13 K   0.99718 0.00025 0.00255 0.00002 ( 1)
  14 G   0.04535 0.09634 0.84097 0.01735 ( 3)
  15 -   0.21826 0.45786 0.21282 0.11106 ( 2)
  16 -   0.19932 0.51027 0.16825 0.12215 ( 2)
  17 Y   0.04479 0.23785 0.66132 0.05604 ( 3)
  18 G   0.96229 0.00220 0.03531 0.00020 ( 1)
  19 D   0.13885 0.52626 0.19065 0.14425 ( 2)
  20 S   0.27359 0.63935 0.01988 0.06717 ( 2)
  21 I   0.49212 0.13043 0.35786 0.01960 ( 1)
  22 A   0.02784 0.71171 0.08050 0.17995 ( 2)
  23 Y   0.61315 0.03094 0.35239 0.00352 ( 1)
  24 V   0.24072 0.06695 0.67446 0.01787 ( 3)
  25 S   0.12974 0.11726 0.73810 0.01490 ( 3)
  26 E   0.99654 0.00054 0.00287 0.00004 ( 1)
  27 P   0.99773 0.00122 0.00096 0.00008 ( 1)
  28 -   0.83822 0.00852 0.15125 0.00201 ( 1)
  29 -   0.50798 0.29984 0.12166 0.07052 ( 1)
  30 L   0.50462 0.03848 0.45047 0.00643 ( 1)
  31 N   0.98797 0.00101 0.01091 0.00011 ( 1)
  32 G   0.99827 0.00056 0.00112 0.00005 ( 1)
  33 A   0.62157 0.06956 0.29664 0.01223 ( 1)
  34 N   0.97638 0.00095 0.02255 0.00012 ( 1)
  35 A   0.68629 0.09121 0.21037 0.01213 ( 1)
  36 V   0.25269 0.01633 0.72533 0.00564 ( 3)
  37 K   0.87866 0.01747 0.10198 0.00189 ( 1)
  38 L   0.95948 0.02073 0.01732 0.00248 ( 1)
  39 T   0.41618 0.49296 0.01968 0.07117 ( 2)
  40 S   0.00813 0.69443 0.11709 0.18034 ( 2)
  41 Y   0.20322 0.06333 0.71829 0.01516 ( 3)
  42 Q   0.01063 0.62793 0.21494 0.14650 ( 2)
  43 V   0.20871 0.51667 0.16334 0.11127 ( 2)
  44 L   0.72254 0.16125 0.08639 0.02982 ( 1)
  45 Q   0.00001 0.49637 0.01793 0.48568 ( 2)
  46 -   0.50798 0.29984 0.12166 0.07052 ( 1)
  47 -   0.78157 0.02625 0.18604 0.00613 ( 1)
  48 -   0.75096 0.05686 0.17888 0.01330 ( 1)
  49 -   0.80034 0.00749 0.19043 0.00175 ( 1)
  50 -   0.26201 0.54581 0.06308 0.12909 ( 2)
  51 -   0.75339 0.05444 0.17945 0.01273 ( 1)
  52 -   0.26000 0.54782 0.06260 0.12958 ( 2)
  53 -   0.78263 0.02520 0.18629 0.00589 ( 1)
  54 -   0.76032 0.04750 0.18107 0.01111 ( 1)
  55 M   0.13612 0.24807 0.57516 0.04065 ( 3)
  56 E   0.06584 0.12780 0.77718 0.02918 ( 3)
  57 V   0.90269 0.08196 0.00684 0.00851 ( 1)
  58 T   0.96577 0.00313 0.03072 0.00037 ( 1)
  59 N   0.98164 0.01441 0.00247 0.00148 ( 1)
  60 Q   0.04028 0.14233 0.77489 0.04250 ( 3)
  61 T   0.84099 0.13084 0.01256 0.01561 ( 1)
  62 T   0.01478 0.84263 0.00133 0.14125 ( 2)
  63 Q   0.97946 0.00851 0.01141 0.00062 ( 1)
  64 K   0.48921 0.45961 0.00490 0.04628 ( 1)
  65 Y   0.99855 0.00068 0.00074 0.00004 ( 1)
  66 R   0.11515 0.37132 0.42144 0.09209 ( 3)
  67 I   0.44369 0.46532 0.03056 0.06043 ( 2)
  68 R   0.96834 0.02504 0.00510 0.00153 ( 1)
  69 I   0.82945 0.04059 0.12150 0.00846 ( 1)
  70 R   0.99919 0.00033 0.00046 0.00002 ( 1)
  71 Y   0.99495 0.00329 0.00153 0.00024 ( 1)
  72 A   0.99822 0.00015 0.00162 0.00001 ( 1)
  73 T   0.98654 0.00106 0.01227 0.00013 ( 1)
  74 G   0.08052 0.01180 0.90253 0.00515 ( 3)
  75 G   0.03645 0.26664 0.58182 0.11509 ( 3)
  76 D   0.00574 0.89549 0.00091 0.09786 ( 2)
  77 T   0.72834 0.20635 0.03943 0.02588 ( 1)
  78 A   0.00285 0.82102 0.00230 0.17382 ( 2)
  79 A   0.01109 0.88712 0.00095 0.10084 ( 2)
  80 S   0.12371 0.81209 0.00338 0.06082 ( 2)
  81 I   0.02871 0.77167 0.02006 0.17955 ( 2)
  82 W   0.02899 0.83643 0.00593 0.12865 ( 2)
  83 F   0.85210 0.07399 0.06495 0.00896 ( 1)
  84 H   0.00052 0.89188 0.00026 0.10734 ( 2)
  85 I   0.75648 0.19936 0.01778 0.02638 ( 1)
  86 I   0.00157 0.85727 0.00025 0.14091 ( 2)
  87 -   0.00007 0.80649 0.00003 0.19341 ( 2)
  88 -   0.43747 0.39686 0.07196 0.09372 ( 1)
  89 -   0.50798 0.29984 0.12166 0.07052 ( 1)
  90 -   0.50798 0.29984 0.12166 0.07052 ( 1)
  91 -   0.50798 0.29984 0.12166 0.07052 ( 1)
  92 -   0.50798 0.29984 0.12166 0.07052 ( 1)
  93 G   0.00210 0.89733 0.00055 0.10002 ( 2)
  94 P   0.04234 0.85249 0.00171 0.10347 ( 2)
  95 S   0.00226 0.51339 0.13942 0.34493 ( 2)
  96 G   0.00017 0.66928 0.00419 0.32636 ( 2)
  97 N   0.00234 0.68298 0.06444 0.25024 ( 2)
  98 D   0.03304 0.88843 0.00045 0.07808 ( 2)
  99 L   0.00461 0.86296 0.00072 0.13171 ( 2)
 100 T   0.00002 0.84716 0.00001 0.15282 ( 2)
 101 N   0.62186 0.33141 0.01061 0.03611 ( 1)
 102 -   0.50798 0.29984 0.12166 0.07052 ( 1)
 103 -   0.50798 0.29984 0.12166 0.07052 ( 1)
 104 -   0.50798 0.29984 0.12166 0.07052 ( 1)
 105 E   0.01024 0.50364 0.30818 0.17794 ( 2)
 106 G   0.03578 0.54195 0.26819 0.15409 ( 2)
 107 H   0.00167 0.74192 0.05839 0.19803 ( 2)
 108 N   0.00000 0.77249 0.00004 0.22747 ( 2)
 109 F   0.00147 0.82566 0.00126 0.17162 ( 2)
 110 S   0.12377 0.75018 0.02197 0.10408 ( 2)
 111 S   0.01480 0.31921 0.45833 0.20766 ( 3)
 112 V   0.50798 0.29984 0.12166 0.07052 ( 1)
 113 S   0.02622 0.58466 0.14699 0.24212 ( 2)
 114 S   0.83674 0.07914 0.07288 0.01123 ( 1)
 115 R   0.01257 0.67474 0.10370 0.20899 ( 2)
 116 N   0.98940 0.00052 0.01002 0.00006 ( 1)
 117 K   0.87998 0.03611 0.07953 0.00437 ( 1)
 118 M   0.99889 0.00016 0.00095 0.00001 ( 1)
 119 F   0.92290 0.02280 0.05231 0.00199 ( 1)
 120 V   0.34687 0.18765 0.43475 0.03073 ( 3)
 121 Q   0.94071 0.00305 0.05595 0.00029 ( 1)
 122 G   0.93782 0.02650 0.03383 0.00185 ( 1)
 123 N   0.31188 0.03454 0.64517 0.00840 ( 3)
 124 N   0.98869 0.00266 0.00837 0.00027 ( 1)
 125 G   0.97502 0.01868 0.00495 0.00134 ( 1)
 126 K   0.83263 0.15004 0.00316 0.01417 ( 1)
 127 Y   0.99413 0.00084 0.00497 0.00006 ( 1)
 128 V   0.55580 0.39727 0.00974 0.03719 ( 1)
 129 L   0.70797 0.15116 0.12279 0.01808 ( 1)
 130 N   0.03346 0.45256 0.37025 0.14373 ( 2)
 131 I   0.29329 0.33312 0.30251 0.07108 ( 2)
 132 L   0.53462 0.39225 0.02159 0.05154 ( 1)
 133 T   0.00113 0.70217 0.04705 0.24965 ( 2)
 134 D   0.99375 0.00453 0.00138 0.00034 ( 1)
 135 -   0.01838 0.78945 0.00445 0.18773 ( 2)
 136 -   0.80105 0.00678 0.19059 0.00158 ( 1)
 137 -   0.10592 0.70190 0.02559 0.16659 ( 2)
 138 S   0.80667 0.14299 0.03725 0.01309 ( 1)
 139 I   0.99082 0.00361 0.00515 0.00042 ( 1)
 140 E   0.25671 0.68703 0.00171 0.05455 ( 2)
 141 L   0.90990 0.08037 0.00284 0.00690 ( 1)
 142 P   0.92723 0.06394 0.00402 0.00481 ( 1)
 143 S   0.75070 0.23000 0.00165 0.01766 ( 1)
 144 G   0.71466 0.19190 0.07164 0.02180 ( 1)
 145 Q   0.42845 0.51575 0.00370 0.05209 ( 2)
 146 Q   0.15462 0.72836 0.01897 0.09806 ( 2)
 147 T   0.36364 0.42503 0.14072 0.07061 ( 2)
 148 -   0.80128 0.00654 0.19065 0.00153 ( 1)
 149 -   0.76415 0.04367 0.18197 0.01021 ( 1)
 150 -   0.06898 0.73884 0.01667 0.17550 ( 2)
 151 I   0.99287 0.00042 0.00665 0.00006 ( 1)
 152 L   0.00119 0.72558 0.01421 0.25902 ( 2)
 153 I   0.52431 0.40525 0.01938 0.05106 ( 1)
 154 Q   0.00436 0.82536 0.00998 0.16029 ( 2)
 155 N   0.99733 0.00036 0.00227 0.00004 ( 1)
 156 T   0.00379 0.84056 0.00143 0.15422 ( 2)
 157 N   0.00362 0.88339 0.00111 0.11187 ( 2)
 158 -   0.77146 0.11407 0.08801 0.02646 ( 1)
 159 S   0.03065 0.40685 0.38461 0.17789 ( 2)
 160 Q   0.37369 0.55800 0.01829 0.05003 ( 2)
 161 D   0.22258 0.71593 0.00423 0.05727 ( 2)
 162 L   0.87658 0.10550 0.00811 0.00981 ( 1)
 163 F   0.91275 0.00558 0.08100 0.00067 ( 1)
 164 L   0.97704 0.00189 0.02090 0.00017 ( 1)
 165 D   0.99852 0.00061 0.00082 0.00005 ( 1)
 166 R   0.97059 0.00151 0.02769 0.00021 ( 1)
 167 I   0.97585 0.01702 0.00511 0.00202 ( 1)
 168 E   0.99885 0.00012 0.00102 0.00001 ( 1)
 169 -   0.99061 0.00345 0.00550 0.00044 ( 1)
 170 -   0.97714 0.00103 0.02165 0.00018 ( 1)
 171 -   0.57648 0.23135 0.13785 0.05432 ( 1)

