Supplemental results for CODEML (seqf: algn  treef: tree)


dN/dS (w) for site classes (K=4)

site class             0        1       2a       2b
proportion       0.40386  0.43920  0.07518  0.08176
background w     0.09507  1.00000  0.09507  1.00000
foreground w     0.09507  1.00000  8.57195  8.57195

Naive Empirical Bayes (NEB) probabilities for 4 classes
(amino acids refer to 1st sequence: BT_Cry7Ba1)

   1 -   0.72449 0.25495 0.01339 0.00717 ( 1)
   2 -   0.69784 0.27526 0.01707 0.00983 ( 1)
   3 T   0.07742 0.82480 0.01167 0.08611 ( 2)
   4 V   0.15172 0.78580 0.01034 0.05214 ( 2)
   5 E   0.93819 0.02999 0.03059 0.00122 ( 1)
   6 L   0.85349 0.09918 0.04167 0.00566 ( 1)
   7 T   0.94603 0.02978 0.02313 0.00106 ( 1)
   8 R   0.96445 0.01967 0.01543 0.00046 ( 1)
   9 T   0.13210 0.83735 0.00334 0.02722 ( 2)
  10 I   0.97137 0.01123 0.01706 0.00033 ( 1)
  11 Y   0.67634 0.27107 0.03587 0.01672 ( 1)
  12 T   0.10720 0.85953 0.00262 0.03065 ( 2)
  13 D   0.97835 0.00657 0.01490 0.00018 ( 1)
  14 P   0.93124 0.04530 0.02205 0.00140 ( 1)
  15 L   0.73492 0.24237 0.01511 0.00759 ( 1)
  16 G   0.97448 0.01290 0.01237 0.00025 ( 1)
  17 Y   0.10023 0.88094 0.00139 0.01744 ( 2)
  18 T   0.04489 0.39437 0.28010 0.28064 ( 2)
  19 G   0.88894 0.08839 0.02002 0.00266 ( 1)
  20 Y   0.37330 0.60217 0.00656 0.01798 ( 2)
  21 S   0.02229 0.94510 0.00040 0.03221 ( 2)
  22 N   0.38217 0.58235 0.01219 0.02330 ( 2)
  23 D   0.00720 0.55004 0.04948 0.39327 ( 2)
  24 E   0.81423 0.16449 0.01614 0.00514 ( 1)
  25 H   0.87372 0.10616 0.01691 0.00321 ( 1)
  26 P   0.89660 0.08893 0.01268 0.00180 ( 1)
  27 T   0.02386 0.94937 0.00036 0.02640 ( 2)
  28 Y   0.13716 0.79827 0.00851 0.05606 ( 2)
  29 Y   0.96405 0.01679 0.01865 0.00051 ( 1)
  30 -   0.15275 0.80595 0.00554 0.03576 ( 2)
  31 S   0.78320 0.19813 0.01330 0.00537 ( 1)
  32 S   0.69161 0.28227 0.01652 0.00960 ( 1)
  33 A   0.12600 0.85618 0.00140 0.01642 ( 2)
  34 K   0.00062 0.46944 0.05080 0.47914 ( 4)
  35 P   0.00000 0.16343 0.00758 0.82899 ( 4)
  36 F   0.90860 0.04076 0.04815 0.00249 ( 1)
  37 S   0.00037 0.39101 0.00676 0.60186 ( 4)
  38 S   0.06135 0.31904 0.25833 0.36128 ( 4)
  39 I   0.95946 0.02020 0.01971 0.00063 ( 1)
  40 E   0.94313 0.03835 0.01744 0.00107 ( 1)
  41 S   0.93133 0.05025 0.01671 0.00170 ( 1)
  42 R   0.08081 0.86825 0.00293 0.04801 ( 2)
  43 A   0.88954 0.08633 0.02121 0.00292 ( 1)
  44 V   0.17543 0.78615 0.00532 0.03311 ( 2)
  45 L   0.51543 0.45815 0.01221 0.01421 ( 1)
  46 A   0.02089 0.74513 0.04426 0.18973 ( 2)
  47 P   0.79301 0.18844 0.01378 0.00477 ( 1)
  48 S   0.00586 0.86736 0.00065 0.12613 ( 2)
  49 L   0.90632 0.06334 0.02784 0.00250 ( 1)
  50 F   0.81541 0.13170 0.04353 0.00936 ( 1)
  51 K   0.54973 0.42266 0.01388 0.01372 ( 1)
  52 W   0.75831 0.18185 0.04707 0.01277 ( 1)
  53 I   0.35974 0.60526 0.01105 0.02394 ( 2)
  54 T   0.96662 0.01422 0.01870 0.00046 ( 1)
  55 Q   0.03336 0.80806 0.03635 0.12224 ( 2)
  56 L   0.23986 0.72249 0.00663 0.03103 ( 2)
  57 E   0.00108 0.81124 0.00187 0.18580 ( 2)
  58 V   0.93989 0.02510 0.03367 0.00135 ( 1)
  59 Y   0.00260 0.79890 0.00429 0.19421 ( 2)
  60 T   0.00124 0.77842 0.00151 0.21883 ( 2)
  61 K   0.00213 0.84705 0.00276 0.14806 ( 2)
  62 K   0.00000 0.13643 0.00009 0.86348 ( 4)
  63 Y   0.00881 0.96571 0.00014 0.02533 ( 2)
  64 S   0.00000 0.91326 0.00000 0.08673 ( 2)
  65 Y   0.02117 0.91046 0.00134 0.06703 ( 2)
  66 S   0.00634 0.96080 0.00011 0.03274 ( 2)
  67 S   0.22607 0.74953 0.00345 0.02095 ( 2)
  68 Q   0.00002 0.78296 0.00006 0.21696 ( 2)
  69 Y   0.07977 0.44471 0.27878 0.19674 ( 2)
  70 T   0.65023 0.19283 0.12104 0.03590 ( 1)
  71 T   0.50680 0.45440 0.01694 0.02186 ( 1)
  72 L   0.00364 0.96736 0.00006 0.02893 ( 2)
  73 W   0.09194 0.23324 0.53072 0.14409 ( 3)
  74 T   0.31826 0.08748 0.57167 0.02259 ( 3)
  75 G   0.93650 0.04118 0.02108 0.00124 ( 1)
  76 L   0.14897 0.78738 0.00911 0.05454 ( 2)
  77 R   0.08071 0.90116 0.00090 0.01722 ( 2)
  78 V   0.90898 0.06897 0.01991 0.00214 ( 1)
  79 I   0.00200 0.45066 0.14446 0.40288 ( 2)
  80 A   0.39381 0.57994 0.00763 0.01862 ( 2)
  81 Q   0.03911 0.91202 0.00120 0.04766 ( 2)
  82 P   0.03044 0.94041 0.00059 0.02856 ( 2)
  83 T   0.96662 0.01422 0.01870 0.00046 ( 1)
  84 K   0.00146 0.27859 0.24079 0.47916 ( 4)
  85 D   0.02285 0.90573 0.00139 0.07002 ( 2)
  86 F   0.00015 0.74315 0.00039 0.25630 ( 2)
  87 T   0.00001 0.36821 0.00017 0.63161 ( 4)
  88 D   0.08423 0.54592 0.21015 0.15970 ( 2)
  89 T   0.00175 0.59041 0.00651 0.40133 ( 2)
  90 V   0.01359 0.95205 0.00033 0.03403 ( 2)
  91 Y   0.84215 0.14212 0.01235 0.00338 ( 1)
  92 D   0.28946 0.19958 0.46631 0.04465 ( 3)
  93 Y   0.53204 0.44428 0.01030 0.01338 ( 1)
  94 G   0.93650 0.04118 0.02108 0.00124 ( 1)
  95 S   0.00763 0.14113 0.69832 0.15293 ( 3)
  96 S   0.30802 0.07073 0.60291 0.01834 ( 3)
  97 S   0.85844 0.10197 0.03446 0.00513 ( 1)
  98 G   0.43839 0.07537 0.47401 0.01223 ( 3)
  99 S   0.30182 0.07115 0.60852 0.01850 ( 3)
 100 E   0.00050 0.82154 0.00077 0.17719 ( 2)
 101 N   0.00016 0.69552 0.00062 0.30370 ( 2)
 102 K   0.00060 0.24187 0.13447 0.62306 ( 4)
 103 D   0.00009 0.08863 0.29010 0.62118 ( 4)
 104 V   0.28964 0.68267 0.00561 0.02208 ( 2)
 105 F   0.97533 0.01013 0.01430 0.00024 ( 1)
 106 D   0.52430 0.43449 0.02061 0.02060 ( 1)
 107 L   0.88945 0.07073 0.03619 0.00363 ( 1)
 108 Y   0.03167 0.94913 0.00044 0.01877 ( 2)
 109 G   0.00553 0.78826 0.01023 0.19598 ( 2)
 110 N   0.72934 0.24847 0.01446 0.00774 ( 1)
 111 D   0.97835 0.00657 0.01490 0.00018 ( 1)
 112 V   0.72221 0.24737 0.02025 0.01017 ( 1)
 113 Y   0.96405 0.01679 0.01865 0.00051 ( 1)
 114 D   0.08080 0.85770 0.00470 0.05680 ( 2)
 115 T   0.00080 0.50174 0.06030 0.43716 ( 2)
 116 Q   0.01796 0.78706 0.02880 0.16619 ( 2)
 117 S   0.27803 0.69635 0.00531 0.02031 ( 2)
 118 V   0.00195 0.84641 0.00088 0.15077 ( 2)
 119 V   0.01211 0.96145 0.00021 0.02623 ( 2)
 120 S   0.01264 0.94208 0.00031 0.04497 ( 2)
 121 S   0.06344 0.88431 0.00277 0.04947 ( 2)
 122 Y   0.01823 0.85709 0.01595 0.10873 ( 2)
 123 K   0.01871 0.95126 0.00037 0.02966 ( 2)
 124 P   0.01693 0.82613 0.00315 0.15379 ( 2)
 125 T   0.15623 0.82620 0.00174 0.01583 ( 2)
 126 G   0.03298 0.94085 0.00056 0.02561 ( 2)
 127 G   0.02214 0.94695 0.00043 0.03048 ( 2)
 128 G   0.00232 0.93208 0.00014 0.06546 ( 2)
 129 H   0.71047 0.26770 0.01374 0.00808 ( 1)
 130 F   0.14280 0.74596 0.01075 0.10049 ( 2)
 131 G   0.28979 0.66629 0.01072 0.03319 ( 2)
 132 V   0.15196 0.82211 0.00269 0.02324 ( 2)
 133 P   0.96664 0.01930 0.01366 0.00039 ( 1)
 134 Q   0.00001 0.34530 0.00130 0.65340 ( 4)
 135 F   0.11015 0.43201 0.31234 0.14550 ( 2)
 136 R   0.00819 0.69801 0.00314 0.29066 ( 2)
 137 L   0.90632 0.06334 0.02784 0.00250 ( 1)
 138 F   0.16460 0.80787 0.00319 0.02434 ( 2)
 139 W   0.00138 0.93763 0.00012 0.06087 ( 2)
 140 I   0.96932 0.01326 0.01703 0.00039 ( 1)
 141 T   0.80154 0.17805 0.01437 0.00604 ( 1)
 142 K   0.00132 0.89681 0.00013 0.10174 ( 2)
 143 S   0.00924 0.89826 0.00061 0.09190 ( 2)
 144 N   0.97526 0.00702 0.01748 0.00024 ( 1)
 145 G   0.00000 0.90213 0.00000 0.09786 ( 2)
 146 L   0.86482 0.09674 0.03357 0.00486 ( 1)
 147 R   0.00132 0.97150 0.00002 0.02715 ( 2)
 148 E   0.76622 0.21105 0.01592 0.00680 ( 1)
 149 Q   0.09196 0.85006 0.00409 0.05389 ( 2)
 150 I   0.00195 0.90549 0.00019 0.09238 ( 2)
 151 F   0.96995 0.01299 0.01668 0.00039 ( 1)
 152 N   0.36409 0.61212 0.00667 0.01712 ( 2)
 153 Y   0.17771 0.38602 0.34270 0.09357 ( 2)
 154 A   0.00001 0.10963 0.01154 0.87881 ( 4)
 155 N   0.01431 0.93929 0.00053 0.04587 ( 2)
 156 N   0.91214 0.06917 0.01635 0.00234 ( 1)
 157 M   0.18063 0.79092 0.00371 0.02474 ( 2)
 158 G   0.11579 0.85491 0.00274 0.02656 ( 2)
 159 -   0.92067 0.03742 0.03975 0.00216 ( 1)
 160 S   0.30114 0.68243 0.00336 0.01308 ( 2)
 161 Y   0.00712 0.95737 0.00020 0.03531 ( 2)
 162 S   0.00017 0.20797 0.14605 0.64580 ( 4)
 163 A   0.00159 0.85090 0.00211 0.14539 ( 2)
 164 Y   0.00149 0.60810 0.00365 0.38676 ( 2)
 165 R   0.03833 0.64277 0.11331 0.20559 ( 2)
 166 F   0.79993 0.17919 0.01547 0.00541 ( 1)
 167 S   0.11380 0.86000 0.00208 0.02412 ( 2)
 168 K   0.37519 0.60897 0.00418 0.01166 ( 2)
 169 D   0.17414 0.48753 0.24707 0.09126 ( 2)
 170 E   0.11396 0.49435 0.25506 0.13663 ( 2)
 171 L   0.90632 0.06334 0.02784 0.00250 ( 1)
 172 P   0.83493 0.09864 0.05868 0.00774 ( 1)
 173 I   0.95946 0.02020 0.01971 0.00063 ( 1)
 174 E   0.33791 0.07992 0.56590 0.01627 ( 3)
 175 L   0.00343 0.04408 0.79611 0.15638 ( 3)
 176 L   0.03422 0.84941 0.01491 0.10146 ( 2)
 177 Q   0.01504 0.95088 0.00028 0.03380 ( 2)
 178 P   0.00001 0.83649 0.00000 0.16350 ( 2)
 179 P   0.96664 0.01930 0.01366 0.00039 ( 1)
 180 L   0.68629 0.29293 0.01205 0.00873 ( 1)
 181 F   0.70738 0.27075 0.01368 0.00818 ( 1)
 182 G   0.93650 0.04118 0.02108 0.00124 ( 1)
 183 D   0.97835 0.00657 0.01490 0.00018 ( 1)
 184 I   0.45103 0.52484 0.00750 0.01663 ( 2)
 185 E   0.89838 0.07109 0.02778 0.00275 ( 1)
 186 E   0.96351 0.01818 0.01780 0.00051 ( 1)
 187 Y   0.91568 0.06465 0.01773 0.00194 ( 1)
 188 S   0.91663 0.06730 0.01410 0.00198 ( 1)
 189 H   0.98056 0.00875 0.01054 0.00015 ( 1)
 190 R   0.87238 0.09319 0.03041 0.00403 ( 1)
 191 L   0.90632 0.06334 0.02784 0.00250 ( 1)
 192 S   0.98300 0.00594 0.01095 0.00011 ( 1)
 193 H   0.08986 0.60986 0.15798 0.14231 ( 2)
 194 V   0.43502 0.06841 0.48574 0.01083 ( 3)
 195 S   0.88047 0.07865 0.03639 0.00449 ( 1)
 196 E   0.92487 0.05059 0.02264 0.00190 ( 1)
 197 V   0.83045 0.15045 0.01461 0.00449 ( 1)
 198 I   0.00583 0.10845 0.72068 0.16504 ( 3)
 199 K   0.00836 0.01934 0.94601 0.02629 ( 3)
 200 D   0.00397 0.68749 0.03083 0.27771 ( 2)
 201 Y   0.02204 0.73580 0.04370 0.19846 ( 2)
 202 G   0.87822 0.09679 0.02171 0.00328 ( 1)
 203 E   0.00838 0.97285 0.00009 0.01868 ( 2)
 204 -   0.40386 0.43920 0.07518 0.08176 ( 2)
 205 -   0.40386 0.43920 0.07518 0.08176 ( 2)
 206 -   0.40386 0.43920 0.07518 0.08176 ( 2)
 207 -   0.40386 0.43920 0.07518 0.08176 ( 2)
 208 -   0.40386 0.43920 0.07518 0.08176 ( 2)
 209 -   0.40386 0.43920 0.07518 0.08176 ( 2)
 210 -   0.40386 0.43920 0.07518 0.08176 ( 2)
 211 -   0.40386 0.43920 0.07518 0.08176 ( 2)
 212 G   0.93650 0.04118 0.02108 0.00124 ( 1)
 213 I   0.11974 0.58690 0.17795 0.11541 ( 2)
 214 I   0.97137 0.01123 0.01706 0.00033 ( 1)
 215 P   0.94366 0.03297 0.02235 0.00102 ( 1)
 216 V   0.88152 0.07103 0.04310 0.00435 ( 1)
 217 L   0.90632 0.06334 0.02784 0.00250 ( 1)
 218 G   0.94736 0.02896 0.02274 0.00095 ( 1)
 219 W   0.03210 0.90253 0.00199 0.06338 ( 2)
 220 T   0.94717 0.02767 0.02413 0.00103 ( 1)
 221 H   0.98056 0.00875 0.01054 0.00015 ( 1)
 222 V   0.00697 0.02774 0.92369 0.04161 ( 3)
 223 S   0.91030 0.06168 0.02500 0.00303 ( 1)


lnL = -2866.510859

Bayes Empirical Bayes (BEB) probabilities for 4 classes (class)
(amino acids refer to 1st sequence: BT_Cry7Ba1)

   1 -   0.72113 0.24994 0.01905 0.00987 ( 1)
   2 -   0.69459 0.26933 0.02318 0.01290 ( 1)
   3 T   0.10838 0.77833 0.01800 0.09529 ( 2)
   4 V   0.18953 0.73421 0.01571 0.06056 ( 2)
   5 E   0.92574 0.03013 0.04243 0.00170 ( 1)
   6 L   0.84039 0.09766 0.05462 0.00733 ( 1)
   7 T   0.93729 0.03006 0.03122 0.00143 ( 1)
   8 R   0.95596 0.01992 0.02343 0.00070 ( 1)
   9 T   0.17231 0.78351 0.00642 0.03775 ( 2)
  10 I   0.96497 0.01163 0.02294 0.00046 ( 1)
  11 Y   0.64589 0.28626 0.04482 0.02303 ( 1)
  12 T   0.14341 0.81274 0.00479 0.03907 ( 2)
  13 D   0.97294 0.00691 0.01990 0.00025 ( 1)
  14 P   0.92034 0.04516 0.03245 0.00205 ( 1)
  15 L   0.70748 0.26114 0.02015 0.01122 ( 1)
  16 G   0.96717 0.01318 0.01926 0.00039 ( 1)
  17 Y   0.13815 0.83195 0.00310 0.02679 ( 2)
  18 T   0.05762 0.38871 0.28104 0.27263 ( 2)
  19 G   0.87907 0.08752 0.02955 0.00387 ( 1)
  20 Y   0.37963 0.58781 0.00908 0.02349 ( 2)
  21 S   0.04629 0.91315 0.00109 0.03947 ( 2)
  22 N   0.38555 0.56503 0.01733 0.03209 ( 2)
  23 D   0.01529 0.53027 0.07257 0.38187 ( 2)
  24 E   0.78849 0.18222 0.02153 0.00776 ( 1)
  25 H   0.85176 0.12030 0.02293 0.00501 ( 1)
  26 P   0.88857 0.08824 0.02034 0.00285 ( 1)
  27 T   0.05095 0.91447 0.00106 0.03353 ( 2)
  28 Y   0.17483 0.74458 0.01386 0.06673 ( 2)
  29 Y   0.95643 0.01715 0.02572 0.00070 ( 1)
  30 -   0.17298 0.77162 0.00859 0.04681 ( 2)
  31 S   0.75711 0.21668 0.01805 0.00816 ( 1)
  32 S   0.66421 0.29955 0.02213 0.01410 ( 1)
  33 A   0.16839 0.80629 0.00278 0.02254 ( 2)
  34 K   0.00213 0.45476 0.07695 0.46617 ( 4)
  35 P   0.00002 0.17272 0.01794 0.80932 ( 4)
  36 F   0.89398 0.04061 0.06219 0.00322 ( 1)
  37 S   0.00140 0.40001 0.01576 0.58283 ( 4)
  38 S   0.06460 0.31459 0.26746 0.35334 ( 4)
  39 I   0.95151 0.02056 0.02706 0.00087 ( 1)
  40 E   0.93527 0.03852 0.02470 0.00151 ( 1)
  41 S   0.91859 0.05761 0.02132 0.00248 ( 1)
  42 R   0.11511 0.81906 0.00588 0.05995 ( 2)
  43 A   0.88094 0.08569 0.02938 0.00399 ( 1)
  44 V   0.21372 0.73605 0.00878 0.04146 ( 2)
  45 L   0.50132 0.45985 0.01763 0.02120 ( 1)
  46 A   0.04049 0.69376 0.06652 0.19923 ( 2)
  47 P   0.78667 0.18520 0.02107 0.00706 ( 1)
  48 S   0.01348 0.85019 0.00170 0.13463 ( 2)
  49 L   0.89501 0.06289 0.03866 0.00344 ( 1)
  50 F   0.80718 0.12984 0.05200 0.01098 ( 1)
  51 K   0.53162 0.42778 0.01994 0.02066 ( 1)
  52 W   0.74722 0.17758 0.05941 0.01580 ( 1)
  53 I   0.36355 0.58821 0.01568 0.03256 ( 2)
  54 T   0.95981 0.01463 0.02494 0.00061 ( 1)
  55 Q   0.06116 0.75010 0.05462 0.13413 ( 2)
  56 L   0.27370 0.67897 0.00987 0.03746 ( 2)
  57 E   0.00385 0.78482 0.00505 0.20628 ( 2)
  58 V   0.93304 0.02544 0.03992 0.00160 ( 1)
  59 Y   0.00840 0.76957 0.01059 0.21145 ( 2)
  60 T   0.00420 0.75815 0.00407 0.23358 ( 2)
  61 K   0.00712 0.81646 0.00722 0.16920 ( 2)
  62 K   0.00000 0.15721 0.00051 0.84228 ( 4)
  63 Y   0.02036 0.94456 0.00047 0.03461 ( 2)
  64 S   0.00005 0.89869 0.00001 0.10126 ( 2)
  65 Y   0.03609 0.87990 0.00288 0.08113 ( 2)
  66 S   0.01982 0.93914 0.00047 0.04058 ( 2)
  67 S   0.26339 0.70512 0.00544 0.02606 ( 2)
  68 Q   0.00012 0.76632 0.00025 0.23331 ( 2)
  69 Y   0.09597 0.42932 0.27888 0.19583 ( 2)
  70 T   0.64275 0.18862 0.13067 0.03795 ( 1)
  71 T   0.49362 0.45661 0.02157 0.02820 ( 1)
  72 L   0.01033 0.95156 0.00025 0.03786 ( 2)
  73 W   0.09970 0.22820 0.53036 0.14174 ( 3)
  74 T   0.30706 0.08527 0.58444 0.02323 ( 3)
  75 G   0.92593 0.04114 0.03111 0.00182 ( 1)
  76 L   0.16622 0.75393 0.01306 0.06679 ( 2)
  77 R   0.13783 0.83658 0.00227 0.02332 ( 2)
  78 V   0.90022 0.06864 0.02815 0.00299 ( 1)
  79 I   0.00529 0.42265 0.18156 0.39051 ( 2)
  80 A   0.39702 0.56835 0.01038 0.02425 ( 2)
  81 Q   0.06150 0.87553 0.00269 0.06027 ( 2)
  82 P   0.06238 0.89854 0.00168 0.03739 ( 2)
  83 T   0.95981 0.01463 0.02494 0.00061 ( 1)
  84 K   0.00359 0.27405 0.26799 0.45438 ( 4)
  85 D   0.04558 0.87097 0.00336 0.08009 ( 2)
  86 F   0.00082 0.72696 0.00150 0.27073 ( 2)
  87 T   0.00006 0.37892 0.00077 0.62025 ( 4)
  88 D   0.10300 0.50823 0.22339 0.16538 ( 2)
  89 T   0.00565 0.58800 0.01469 0.39167 ( 2)
  90 V   0.03068 0.92387 0.00102 0.04443 ( 2)
  91 Y   0.81835 0.15900 0.01726 0.00539 ( 1)
  92 D   0.28026 0.21242 0.45610 0.05122 ( 3)
  93 Y   0.51788 0.44951 0.01396 0.01865 ( 1)
  94 G   0.92593 0.04114 0.03111 0.00182 ( 1)
  95 S   0.01208 0.15261 0.67203 0.16328 ( 3)
  96 S   0.29739 0.06875 0.61497 0.01888 ( 3)
  97 S   0.84740 0.10065 0.04530 0.00666 ( 1)
  98 G   0.40780 0.07269 0.50641 0.01310 ( 3)
  99 S   0.29132 0.06899 0.62064 0.01906 ( 3)
 100 E   0.00204 0.80213 0.00233 0.19350 ( 2)
 101 N   0.00068 0.68140 0.00183 0.31608 ( 2)
 102 K   0.00179 0.24230 0.17245 0.58347 ( 4)
 103 D   0.00029 0.09756 0.31420 0.58795 ( 4)
 104 V   0.31592 0.64801 0.00828 0.02779 ( 2)
 105 F   0.96878 0.01045 0.02042 0.00035 ( 1)
 106 D   0.50706 0.43693 0.02747 0.02854 ( 1)
 107 L   0.87641 0.07006 0.04875 0.00478 ( 1)
 108 Y   0.06447 0.90503 0.00144 0.02906 ( 2)
 109 G   0.01297 0.75849 0.01829 0.21025 ( 2)
 110 N   0.70130 0.26816 0.01915 0.01139 ( 1)
 111 D   0.97294 0.00691 0.01990 0.00025 ( 1)
 112 V   0.69342 0.26525 0.02667 0.01465 ( 1)
 113 Y   0.95643 0.01715 0.02572 0.00070 ( 1)
 114 D   0.11351 0.80882 0.00853 0.06915 ( 2)
 115 T   0.00251 0.47754 0.08794 0.43200 ( 2)
 116 Q   0.03657 0.74082 0.04564 0.17698 ( 2)
 117 S   0.30814 0.65681 0.00830 0.02675 ( 2)
 118 V   0.00534 0.82384 0.00246 0.16837 ( 2)
 119 V   0.02755 0.93652 0.00066 0.03528 ( 2)
 120 S   0.02811 0.91441 0.00098 0.05650 ( 2)
 121 S   0.09330 0.84161 0.00524 0.05985 ( 2)
 122 Y   0.03580 0.81620 0.02572 0.12229 ( 2)
 123 K   0.04014 0.91984 0.00110 0.03891 ( 2)
 124 P   0.02868 0.80270 0.00587 0.16275 ( 2)
 125 T   0.19691 0.77809 0.00325 0.02175 ( 2)
 126 G   0.06634 0.89827 0.00158 0.03380 ( 2)
 127 G   0.04727 0.91268 0.00124 0.03881 ( 2)
 128 G   0.00610 0.91180 0.00048 0.08162 ( 2)
 129 H   0.68327 0.28641 0.01840 0.01192 ( 1)
 130 F   0.17527 0.69930 0.01727 0.10816 ( 2)
 131 G   0.30232 0.64268 0.01436 0.04064 ( 2)
 132 V   0.18888 0.77591 0.00472 0.03048 ( 2)
 133 P   0.95794 0.01952 0.02192 0.00063 ( 1)
 134 Q   0.00004 0.35537 0.00296 0.64163 ( 4)
 135 F   0.12466 0.41260 0.31222 0.15051 ( 2)
 136 R   0.01849 0.69083 0.00716 0.28352 ( 2)
 137 L   0.89501 0.06289 0.03866 0.00344 ( 1)
 138 F   0.20257 0.76045 0.00546 0.03152 ( 2)
 139 W   0.00394 0.91857 0.00037 0.07711 ( 2)
 140 I   0.96289 0.01368 0.02290 0.00054 ( 1)
 141 T   0.77858 0.19494 0.01809 0.00839 ( 1)
 142 K   0.00460 0.88196 0.00052 0.11291 ( 2)
 143 S   0.02033 0.87629 0.00160 0.10178 ( 2)
 144 N   0.96981 0.00741 0.02247 0.00031 ( 1)
 145 G   0.00005 0.88874 0.00001 0.11121 ( 2)
 146 L   0.85430 0.09563 0.04383 0.00625 ( 1)
 147 R   0.00464 0.95766 0.00012 0.03758 ( 2)
 148 E   0.73889 0.22957 0.02140 0.01014 ( 1)
 149 Q   0.12857 0.80206 0.00710 0.06227 ( 2)
 150 I   0.00670 0.88840 0.00073 0.10417 ( 2)
 151 F   0.96307 0.01334 0.02307 0.00053 ( 1)
 152 N   0.37552 0.59129 0.00979 0.02340 ( 2)
 153 Y   0.18582 0.37435 0.33892 0.10091 ( 2)
 154 A   0.00007 0.13213 0.02198 0.84581 ( 4)
 155 N   0.03248 0.91061 0.00147 0.05544 ( 2)
 156 N   0.89756 0.07826 0.02082 0.00336 ( 1)
 157 M   0.22100 0.74093 0.00630 0.03177 ( 2)
 158 G   0.15510 0.80256 0.00542 0.03692 ( 2)
 159 -   0.90858 0.03750 0.05116 0.00275 ( 1)
 160 S   0.32865 0.64775 0.00541 0.01818 ( 2)
 161 Y   0.01684 0.93356 0.00068 0.04891 ( 2)
 162 S   0.00061 0.21918 0.17726 0.60295 ( 4)
 163 A   0.00541 0.82238 0.00560 0.16660 ( 2)
 164 Y   0.00495 0.59900 0.00938 0.38667 ( 2)
 165 R   0.05423 0.60179 0.13181 0.21218 ( 2)
 166 F   0.77398 0.19700 0.02083 0.00818 ( 1)
 167 S   0.15350 0.81051 0.00400 0.03199 ( 2)
 168 K   0.38578 0.59126 0.00636 0.01660 ( 2)
 169 D   0.18553 0.46388 0.25180 0.09878 ( 2)
 170 E   0.13094 0.46474 0.26184 0.14248 ( 2)
 171 L   0.89501 0.06289 0.03866 0.00344 ( 1)
 172 P   0.82131 0.09702 0.07225 0.00942 ( 1)
 173 I   0.95151 0.02056 0.02706 0.00087 ( 1)
 174 E   0.31957 0.07635 0.58703 0.01706 ( 3)
 175 L   0.00519 0.04932 0.79138 0.15411 ( 3)
 176 L   0.05374 0.81326 0.01986 0.11314 ( 2)
 177 Q   0.03259 0.92474 0.00081 0.04186 ( 2)
 178 P   0.00006 0.82016 0.00003 0.17974 ( 2)
 179 P   0.95794 0.01952 0.02192 0.00063 ( 1)
 180 L   0.66206 0.30982 0.01578 0.01234 ( 1)
 181 F   0.68098 0.28867 0.01834 0.01201 ( 1)
 182 G   0.92593 0.04114 0.03111 0.00182 ( 1)
 183 D   0.97294 0.00691 0.01990 0.00025 ( 1)
 184 I   0.44307 0.52164 0.01147 0.02382 ( 2)
 185 E   0.88646 0.07040 0.03930 0.00385 ( 1)
 186 E   0.95557 0.01850 0.02521 0.00072 ( 1)
 187 Y   0.90837 0.06453 0.02445 0.00265 ( 1)
 188 S   0.90061 0.07682 0.01951 0.00306 ( 1)
 189 H   0.97405 0.00901 0.01670 0.00024 ( 1)
 190 R   0.86025 0.09192 0.04232 0.00551 ( 1)
 191 L   0.89501 0.06289 0.03866 0.00344 ( 1)
 192 S   0.97753 0.00620 0.01610 0.00017 ( 1)
 193 H   0.11146 0.56889 0.17159 0.14806 ( 2)
 194 V   0.40585 0.06614 0.51641 0.01160 ( 3)
 195 S   0.87232 0.07817 0.04414 0.00537 ( 1)
 196 E   0.91670 0.05054 0.03026 0.00250 ( 1)
 197 V   0.80645 0.16764 0.01923 0.00668 ( 1)
 198 I   0.00933 0.12096 0.69324 0.17648 ( 3)
 199 K   0.01238 0.02037 0.94053 0.02672 ( 3)
 200 D   0.01176 0.65371 0.05014 0.28439 ( 2)
 201 Y   0.04256 0.68858 0.06463 0.20423 ( 2)
 202 G   0.86826 0.09572 0.03139 0.00464 ( 1)
 203 E   0.02388 0.94925 0.00039 0.02647 ( 2)
 204 -   0.40656 0.42482 0.08288 0.08574 ( 2)
 205 -   0.40656 0.42482 0.08288 0.08574 ( 2)
 206 -   0.40656 0.42482 0.08288 0.08574 ( 2)
 207 -   0.40656 0.42482 0.08288 0.08574 ( 2)
 208 -   0.40656 0.42482 0.08288 0.08574 ( 2)
 209 -   0.40656 0.42482 0.08288 0.08574 ( 2)
 210 -   0.40656 0.42482 0.08288 0.08574 ( 2)
 211 -   0.40656 0.42482 0.08288 0.08574 ( 2)
 212 G   0.92593 0.04114 0.03111 0.00182 ( 1)
 213 I   0.14023 0.54800 0.18929 0.12247 ( 2)
 214 I   0.96497 0.01163 0.02294 0.00046 ( 1)
 215 P   0.93259 0.03303 0.03288 0.00150 ( 1)
 216 V   0.87058 0.07048 0.05358 0.00536 ( 1)
 217 L   0.89501 0.06289 0.03866 0.00344 ( 1)
 218 G   0.93658 0.02913 0.03293 0.00136 ( 1)
 219 W   0.05152 0.86679 0.00409 0.07760 ( 2)
 220 T   0.93855 0.02798 0.03210 0.00137 ( 1)
 221 H   0.97405 0.00901 0.01670 0.00024 ( 1)
 222 V   0.01043 0.02907 0.91858 0.04192 ( 3)
 223 S   0.90249 0.06176 0.03199 0.00376 ( 1)

