Supplemental results for CODEML (seqf: algn  treef: tree)


dN/dS (w) for site classes (K=4)

site class             0        1       2a       2b
proportion       0.57296  0.35068  0.04737  0.02899
background w     0.09658  1.00000  0.09658  1.00000
foreground w     0.09658  1.00000 55.39721 55.39721

Naive Empirical Bayes (NEB) probabilities for 4 classes
(amino acids refer to 1st sequence: BT_Cry56Aa1)

   1 -   0.57296 0.35068 0.04737 0.02899 ( 1)
   2 -   0.70497 0.21867 0.05829 0.01808 ( 1)
   3 -   0.02018 0.71351 0.04635 0.21997 ( 2)
   4 S   0.00004 0.96257 0.00000 0.03739 ( 2)
   5 A   0.04625 0.94504 0.00023 0.00848 ( 2)
   6 G   0.94995 0.04745 0.00241 0.00019 ( 1)
   7 A   0.14715 0.70201 0.01515 0.13568 ( 2)
   8 A   0.56520 0.42857 0.00275 0.00348 ( 1)
   9 I   0.68523 0.30950 0.00285 0.00242 ( 1)
  10 A   0.11388 0.87850 0.00057 0.00705 ( 2)
  11 A   0.92211 0.07007 0.00700 0.00082 ( 1)
  12 A   0.00462 0.25071 0.62349 0.12118 ( 3)
  13 L   0.88180 0.11352 0.00375 0.00093 ( 1)
  14 T   0.35702 0.63704 0.00166 0.00428 ( 2)
  15 S   0.31499 0.68097 0.00096 0.00308 ( 2)
  16 I   0.29242 0.61375 0.02797 0.06587 ( 2)
  17 L   0.08612 0.90552 0.00070 0.00766 ( 2)
  18 F   0.71264 0.27419 0.00831 0.00486 ( 1)
  19 P   0.98753 0.00460 0.00783 0.00004 ( 1)
  20 S   0.20043 0.79099 0.00112 0.00746 ( 2)
  21 Q   0.23483 0.75870 0.00088 0.00559 ( 2)
  22 G   0.08851 0.80409 0.03689 0.07051 ( 2)
  23 P   0.00056 0.13969 0.31355 0.54620 ( 4)
  24 D   0.94362 0.05461 0.00162 0.00016 ( 1)
  25 V   0.93549 0.05831 0.00558 0.00062 ( 1)
  26 F   0.01960 0.97381 0.00012 0.00647 ( 2)
  27 N   0.12081 0.85014 0.00572 0.02333 ( 2)
  28 E   0.36405 0.63258 0.00116 0.00222 ( 2)
  29 L   0.98032 0.01673 0.00288 0.00008 ( 1)
  30 M   0.99537 0.00307 0.00156 0.00001 ( 1)
  31 G   0.06908 0.92105 0.00040 0.00947 ( 2)
  32 A   0.01252 0.97771 0.00011 0.00966 ( 2)
  33 T   0.61277 0.32787 0.04888 0.01047 ( 1)
  34 E   0.93211 0.06432 0.00330 0.00028 ( 1)
  35 N   0.02705 0.89663 0.01460 0.06173 ( 2)
  36 L   0.98655 0.00909 0.00431 0.00005 ( 1)
  37 L   0.59475 0.29784 0.09081 0.01660 ( 1)
  38 K   0.54538 0.37826 0.04509 0.03127 ( 1)
  39 R   0.06548 0.28681 0.59728 0.05044 ( 3)
  40 E   0.00002 0.00063 0.98468 0.01467 ( 3)
  41 I   0.22773 0.49667 0.24526 0.03034 ( 2)
  42 E   0.07698 0.85340 0.02378 0.04583 ( 2)
  43 T   0.04792 0.80034 0.01268 0.13906 ( 2)
  44 Y   0.98792 0.00420 0.00784 0.00004 ( 1)
  45 V   0.02096 0.11682 0.84224 0.01997 ( 3)
  46 R   0.99732 0.00093 0.00175 0.00000 ( 1)
  47 G   0.01322 0.97884 0.00005 0.00788 ( 2)
  48 R   0.98999 0.00823 0.00176 0.00002 ( 1)
  49 A   0.99036 0.00446 0.00514 0.00004 ( 1)
  50 A   0.01586 0.97668 0.00006 0.00740 ( 2)
  51 S   0.93735 0.05572 0.00651 0.00043 ( 1)
  52 E   0.99305 0.00340 0.00354 0.00002 ( 1)
  53 L   0.86099 0.13466 0.00359 0.00076 ( 1)
  54 L   0.01153 0.98081 0.00008 0.00758 ( 2)
  55 A   0.25660 0.73318 0.00166 0.00856 ( 2)
  56 L   0.98637 0.00970 0.00389 0.00004 ( 1)
  57 E   0.13207 0.71791 0.10226 0.04776 ( 2)
  58 D   0.00751 0.87849 0.01339 0.10061 ( 2)
  59 Q   0.68042 0.31593 0.00242 0.00124 ( 1)
  60 R   0.05553 0.93073 0.00056 0.01318 ( 2)
  61 A   0.00040 0.95929 0.00004 0.04028 ( 2)
  62 Y   0.01241 0.87364 0.01696 0.09700 ( 2)
  63 F   0.98309 0.01328 0.00356 0.00008 ( 1)
  64 K   0.97974 0.01636 0.00380 0.00011 ( 1)
  65 S   0.02047 0.93286 0.00080 0.04587 ( 2)
  66 A   0.27974 0.71429 0.00150 0.00448 ( 2)
  67 F   0.99112 0.00529 0.00356 0.00003 ( 1)
  68 D   0.98826 0.00672 0.00496 0.00007 ( 1)
  69 Y   0.74129 0.25411 0.00302 0.00158 ( 1)
  70 W   0.98013 0.01450 0.00529 0.00008 ( 1)
  71 R   0.00059 0.75135 0.00311 0.24496 ( 2)
  72 L   0.04029 0.94780 0.00034 0.01158 ( 2)
  73 H   0.10941 0.79794 0.05909 0.03357 ( 2)
  74 P   0.03292 0.76578 0.02642 0.17488 ( 2)
  75 T   0.00045 0.20300 0.08789 0.70866 ( 4)
  76 D   0.92480 0.07115 0.00354 0.00051 ( 1)
  77 G   0.00147 0.99298 0.00001 0.00554 ( 2)
  78 N   0.96971 0.02644 0.00365 0.00019 ( 1)
  79 A   0.94607 0.04847 0.00502 0.00045 ( 1)
  80 I   0.84087 0.15461 0.00351 0.00101 ( 1)
  81 A   0.63042 0.36414 0.00259 0.00285 ( 1)
  82 T   0.42027 0.57405 0.00208 0.00360 ( 2)
  83 V   0.98916 0.00505 0.00574 0.00005 ( 1)
  84 A   0.02351 0.97345 0.00006 0.00298 ( 2)
  85 A   0.00102 0.22191 0.00340 0.77368 ( 4)
  86 R   0.85731 0.13647 0.00531 0.00091 ( 1)
  87 F   0.99423 0.00213 0.00363 0.00001 ( 1)
  88 H   0.00023 0.99238 0.00000 0.00739 ( 2)
  89 T   0.95262 0.04185 0.00513 0.00039 ( 1)
  90 V   0.45540 0.31401 0.21847 0.01212 ( 1)
  91 N   0.22963 0.76590 0.00073 0.00374 ( 2)
  92 G   0.17632 0.81668 0.00080 0.00620 ( 2)
  93 A   0.76730 0.22747 0.00345 0.00178 ( 1)
  94 F   0.99014 0.00151 0.00833 0.00002 ( 1)
  95 V   0.95293 0.04223 0.00451 0.00033 ( 1)
  96 T   0.00591 0.99021 0.00002 0.00386 ( 2)
  97 A   0.99104 0.00380 0.00512 0.00003 ( 1)
  98 M   0.99501 0.00343 0.00156 0.00001 ( 1)
  99 R   0.28542 0.68709 0.00511 0.02238 ( 2)
 100 L   0.85929 0.13329 0.00621 0.00122 ( 1)
 101 F   0.99423 0.00213 0.00363 0.00001 ( 1)
 102 R   0.70744 0.28760 0.00299 0.00196 ( 1)
 103 P   0.05005 0.94208 0.00022 0.00765 ( 2)
 104 A   0.01533 0.22237 0.24745 0.51485 ( 4)
 105 G   0.98098 0.00243 0.01651 0.00008 ( 1)
 106 Y   0.90581 0.08992 0.00371 0.00056 ( 1)
 107 E   0.99202 0.00277 0.00518 0.00003 ( 1)
 108 A   0.59557 0.14416 0.20125 0.05902 ( 1)
 109 L   0.95820 0.03739 0.00419 0.00022 ( 1)
 110 L   0.96902 0.02295 0.00784 0.00020 ( 1)
 111 L   0.98849 0.00719 0.00428 0.00004 ( 1)
 112 P   0.64192 0.34876 0.00573 0.00359 ( 1)
 113 V   0.98890 0.00481 0.00623 0.00005 ( 1)
 114 Y   0.99378 0.00217 0.00404 0.00001 ( 1)
 115 A   0.92400 0.04877 0.02550 0.00173 ( 1)
 116 Q   0.99191 0.00457 0.00350 0.00002 ( 1)
 117 A   0.98969 0.00534 0.00492 0.00005 ( 1)
 118 A   0.96831 0.02640 0.00506 0.00023 ( 1)
 119 R   0.89710 0.10148 0.00125 0.00018 ( 1)
 120 L   0.14171 0.71820 0.00569 0.13441 ( 2)
 121 H   0.99602 0.00128 0.00269 0.00001 ( 1)
 122 L   0.98654 0.00953 0.00389 0.00004 ( 1)
 123 L   0.73327 0.20322 0.04724 0.01628 ( 1)
 124 H   0.94304 0.05416 0.00255 0.00024 ( 1)
 125 L   0.98756 0.00812 0.00428 0.00005 ( 1)
 126 R   0.99495 0.00320 0.00184 0.00001 ( 1)
 127 D   0.98601 0.00320 0.01073 0.00005 ( 1)
 128 G   0.98544 0.01215 0.00237 0.00005 ( 1)
 129 V   0.27559 0.71796 0.00164 0.00481 ( 2)
 130 L   0.20265 0.79216 0.00092 0.00427 ( 2)
 131 F   0.90041 0.09117 0.00761 0.00081 ( 1)
 132 A   0.94214 0.04982 0.00746 0.00058 ( 1)
 133 N   0.94959 0.04497 0.00499 0.00045 ( 1)
 134 E   0.91194 0.08445 0.00325 0.00036 ( 1)
 135 W   0.98013 0.01450 0.00529 0.00008 ( 1)
 136 G   0.29586 0.69991 0.00127 0.00297 ( 2)
 137 L   0.96150 0.03397 0.00432 0.00021 ( 1)
 138 A   0.85649 0.13817 0.00416 0.00119 ( 1)
 139 K   0.10575 0.88442 0.00063 0.00920 ( 2)
 140 P   0.96431 0.03272 0.00283 0.00014 ( 1)
 141 -   0.74080 0.25471 0.00279 0.00169 ( 1)
 142 -   0.17247 0.70630 0.07547 0.04576 ( 2)
 143 -   0.74300 0.25051 0.00404 0.00245 ( 1)
 144 -   0.20436 0.72235 0.04567 0.02762 ( 2)
 145 D   0.01131 0.92074 0.00337 0.06458 ( 2)
 146 P   0.64911 0.33721 0.00765 0.00603 ( 1)
 147 G   0.94163 0.05576 0.00239 0.00022 ( 1)
 148 D   0.20705 0.75051 0.00743 0.03501 ( 2)
 149 L   0.00090 0.98991 0.00001 0.00918 ( 2)
 150 H   0.98008 0.01685 0.00301 0.00006 ( 1)
 151 D   0.93677 0.05892 0.00392 0.00039 ( 1)
 152 Q   0.14252 0.85444 0.00029 0.00274 ( 2)
 153 E   0.85336 0.14083 0.00449 0.00132 ( 1)
 154 F   0.86543 0.13065 0.00311 0.00081 ( 1)
 155 N   0.53506 0.46190 0.00146 0.00157 ( 1)
 156 A   0.11840 0.87506 0.00046 0.00608 ( 2)
 157 K   0.03429 0.95939 0.00014 0.00618 ( 2)
 158 A   0.74467 0.25063 0.00317 0.00153 ( 1)
 159 A   0.96015 0.02894 0.01042 0.00049 ( 1)
 160 E   0.96735 0.02961 0.00292 0.00013 ( 1)
 161 Y   0.99384 0.00211 0.00404 0.00001 ( 1)
 162 A   0.65429 0.33925 0.00341 0.00304 ( 1)
 163 D   0.99324 0.00177 0.00497 0.00002 ( 1)
 164 Y   0.97592 0.02081 0.00318 0.00010 ( 1)
 165 C   0.99719 0.00097 0.00184 0.00000 ( 1)
 166 E   0.96787 0.02682 0.00506 0.00025 ( 1)
 167 L   0.07977 0.91432 0.00035 0.00556 ( 2)
 168 T   0.01715 0.97103 0.00014 0.01168 ( 2)
 169 Y   0.05231 0.89475 0.01620 0.03675 ( 2)
 170 N   0.20616 0.75772 0.00428 0.03183 ( 2)
 171 T   0.87950 0.11506 0.00451 0.00093 ( 1)
 172 E   0.56445 0.42331 0.00585 0.00639 ( 1)
 173 L   0.98685 0.00901 0.00409 0.00005 ( 1)
 174 N   0.05785 0.91699 0.00165 0.02351 ( 2)
 175 R   0.44444 0.55205 0.00127 0.00223 ( 2)
 176 I   0.94822 0.02205 0.02853 0.00119 ( 1)
 177 K   0.99444 0.00169 0.00385 0.00001 ( 1)
 178 T   0.77458 0.22064 0.00309 0.00169 ( 1)
 179 T   0.00371 0.21471 0.04915 0.73243 ( 4)
 180 S   0.00000 0.01805 0.00339 0.97855 ( 4)
 181 G   0.27032 0.61453 0.04440 0.07075 ( 2)
 182 K   0.98875 0.00736 0.00384 0.00005 ( 1)
 183 T   0.28927 0.70515 0.00110 0.00448 ( 2)
 184 W   0.98013 0.01450 0.00529 0.00008 ( 1)
 185 F   0.01067 0.98118 0.00007 0.00808 ( 2)
 186 D   0.98198 0.01501 0.00295 0.00006 ( 1)
 187 Y   0.98792 0.00420 0.00784 0.00004 ( 1)
 188 N   0.97910 0.00983 0.01093 0.00015 ( 1)
 189 Q   0.43245 0.01506 0.55091 0.00158 ( 3)
 190 Y   0.95349 0.04234 0.00392 0.00025 ( 1)
 191 R   0.99385 0.00472 0.00142 0.00001 ( 1)
 192 R   0.99183 0.00606 0.00209 0.00001 ( 1)
 193 L   0.00109 0.38301 0.15974 0.45616 ( 4)
 194 M   0.99813 0.00030 0.00156 0.00000 ( 1)
 195 T   0.61691 0.03536 0.34632 0.00141 ( 1)
 196 F   0.09458 0.78756 0.07141 0.04645 ( 2)
 197 A   0.22398 0.39923 0.33889 0.03790 ( 2)
 198 V   0.98923 0.00498 0.00574 0.00005 ( 1)
 199 L   0.10857 0.21948 0.52772 0.14423 ( 3)
 200 D   0.99324 0.00177 0.00497 0.00002 ( 1)
 201 V   0.67490 0.31976 0.00290 0.00244 ( 1)
 202 V   0.89136 0.10234 0.00522 0.00108 ( 1)
 203 A   0.99166 0.00352 0.00480 0.00003 ( 1)
 204 K   0.49248 0.49991 0.00284 0.00476 ( 2)
 205 F   0.99529 0.00114 0.00357 0.00001 ( 1)
 206 S   0.97815 0.01774 0.00401 0.00010 ( 1)
 207 I   0.62949 0.28264 0.07126 0.01662 ( 1)


lnL = -3064.225361

Bayes Empirical Bayes (BEB) probabilities for 4 classes (class)
(amino acids refer to 1st sequence: BT_Cry56Aa1)

   1 -   0.60530 0.26533 0.09028 0.03909 ( 1)
   2 -   0.70662 0.16401 0.10523 0.02413 ( 1)
   3 -   0.05581 0.57709 0.12307 0.24403 ( 2)
   4 S   0.00057 0.87699 0.00011 0.12233 ( 2)
   5 A   0.15011 0.80629 0.00493 0.03867 ( 2)
   6 G   0.93549 0.03286 0.03030 0.00134 ( 1)
   7 A   0.31222 0.52803 0.05026 0.10949 ( 2)
   8 A   0.70477 0.26050 0.02289 0.01184 ( 1)
   9 I   0.76651 0.20261 0.02213 0.00875 ( 1)
  10 A   0.35995 0.60175 0.01155 0.02675 ( 2)
  11 A   0.91369 0.04872 0.03517 0.00242 ( 1)
  12 A   0.01051 0.13502 0.76039 0.09408 ( 3)
  13 L   0.88158 0.08847 0.02599 0.00396 ( 1)
  14 T   0.52556 0.42085 0.02729 0.02630 ( 1)
  15 S   0.55688 0.40252 0.02141 0.01920 ( 1)
  16 I   0.47435 0.42335 0.05070 0.05159 ( 1)
  17 L   0.21537 0.70212 0.01869 0.06382 ( 2)
  18 F   0.78321 0.16786 0.03825 0.01069 ( 1)
  19 P   0.91067 0.00469 0.08418 0.00046 ( 1)
  20 S   0.42122 0.53697 0.01507 0.02675 ( 2)
  21 Q   0.40559 0.56149 0.01045 0.02247 ( 2)
  22 G   0.20373 0.51011 0.17838 0.10778 ( 2)
  23 P   0.00374 0.19453 0.45150 0.35022 ( 3)
  24 D   0.93120 0.03981 0.02751 0.00148 ( 1)
  25 V   0.91805 0.04800 0.03149 0.00245 ( 1)
  26 F   0.07649 0.84537 0.00621 0.07193 ( 2)
  27 N   0.30927 0.58406 0.04726 0.05942 ( 2)
  28 E   0.54258 0.40108 0.03108 0.02526 ( 1)
  29 L   0.95286 0.01360 0.03294 0.00060 ( 1)
  30 M   0.96723 0.00295 0.02972 0.00011 ( 1)
  31 G   0.24429 0.71489 0.00758 0.03323 ( 2)
  32 A   0.05966 0.85905 0.00495 0.07635 ( 2)
  33 T   0.64832 0.17091 0.15997 0.02081 ( 1)
  34 E   0.90657 0.04779 0.04302 0.00262 ( 1)
  35 N   0.08929 0.71645 0.07952 0.11473 ( 2)
  36 L   0.94279 0.00932 0.04732 0.00057 ( 1)
  37 L   0.61671 0.17545 0.18090 0.02694 ( 1)
  38 K   0.66438 0.20625 0.09976 0.02961 ( 1)
  39 R   0.17482 0.30356 0.47271 0.04891 ( 3)
  40 E   0.00038 0.00368 0.97950 0.01644 ( 3)
  41 I   0.27012 0.28693 0.39483 0.04812 ( 3)
  42 E   0.22584 0.57737 0.11961 0.07718 ( 2)
  43 T   0.14218 0.66073 0.05284 0.14426 ( 2)
  44 Y   0.91341 0.00436 0.08182 0.00042 ( 1)
  45 V   0.02594 0.05358 0.89903 0.02146 ( 3)
  46 R   0.96505 0.00114 0.03376 0.00005 ( 1)
  47 G   0.06228 0.89836 0.00174 0.03761 ( 2)
  48 R   0.95903 0.00706 0.03361 0.00030 ( 1)
  49 A   0.96264 0.00545 0.03164 0.00026 ( 1)
  50 A   0.07684 0.88498 0.00208 0.03610 ( 2)
  51 S   0.88272 0.04062 0.07311 0.00356 ( 1)
  52 E   0.94705 0.00409 0.04862 0.00025 ( 1)
  53 L   0.85038 0.09734 0.04621 0.00607 ( 1)
  54 L   0.05638 0.85722 0.00511 0.08129 ( 2)
  55 A   0.42100 0.53457 0.01653 0.02790 ( 2)
  56 L   0.92359 0.00938 0.06629 0.00074 ( 1)
  57 E   0.21789 0.37309 0.33581 0.07321 ( 2)
  58 D   0.03024 0.69440 0.08321 0.19214 ( 2)
  59 Q   0.74926 0.17947 0.05706 0.01421 ( 1)
  60 R   0.15291 0.78209 0.00907 0.05593 ( 2)
  61 A   0.00390 0.89419 0.00076 0.10114 ( 2)
  62 Y   0.05271 0.66492 0.10767 0.17469 ( 2)
  63 F   0.96009 0.01137 0.02808 0.00047 ( 1)
  64 K   0.95621 0.01341 0.02979 0.00060 ( 1)
  65 S   0.10034 0.83953 0.00517 0.05495 ( 2)
  66 A   0.49497 0.44764 0.02863 0.02876 ( 1)
  67 F   0.96665 0.00492 0.02822 0.00021 ( 1)
  68 D   0.96660 0.00652 0.02658 0.00030 ( 1)
  69 Y   0.80009 0.16183 0.03021 0.00787 ( 1)
  70 W   0.90534 0.01178 0.08177 0.00111 ( 1)
  71 R   0.00355 0.66711 0.01590 0.31343 ( 2)
  72 L   0.13223 0.82057 0.00521 0.04199 ( 2)
  73 H   0.18104 0.42710 0.29468 0.09719 ( 2)
  74 P   0.10650 0.64140 0.05771 0.19439 ( 2)
  75 T   0.00512 0.30033 0.22128 0.47327 ( 4)
  76 D   0.92080 0.05322 0.02389 0.00209 ( 1)
  77 G   0.00894 0.94282 0.00036 0.04787 ( 2)
  78 N   0.95484 0.01986 0.02452 0.00077 ( 1)
  79 A   0.92699 0.04055 0.03051 0.00195 ( 1)
  80 I   0.86462 0.10222 0.02871 0.00444 ( 1)
  81 A   0.75839 0.21218 0.02083 0.00861 ( 1)
  82 T   0.61529 0.33306 0.03163 0.02002 ( 1)
  83 V   0.96062 0.00616 0.03290 0.00032 ( 1)
  84 A   0.09883 0.86482 0.00312 0.03322 ( 2)
  85 A   0.01064 0.42633 0.01650 0.54652 ( 4)
  86 R   0.85132 0.09768 0.04522 0.00578 ( 1)
  87 F   0.96881 0.00269 0.02839 0.00011 ( 1)
  88 H   0.00217 0.95319 0.00007 0.04456 ( 2)
  89 T   0.93233 0.03416 0.03183 0.00168 ( 1)
  90 V   0.39839 0.14413 0.43830 0.01918 ( 3)
  91 N   0.49762 0.46807 0.01530 0.01902 ( 1)
  92 G   0.46304 0.50288 0.01351 0.02058 ( 2)
  93 A   0.82090 0.14968 0.02333 0.00609 ( 1)
  94 F   0.95868 0.00199 0.03922 0.00011 ( 1)
  95 V   0.93669 0.03324 0.02862 0.00145 ( 1)
  96 T   0.03031 0.89925 0.00211 0.06833 ( 2)
  97 A   0.96336 0.00475 0.03166 0.00023 ( 1)
  98 M   0.96700 0.00316 0.02972 0.00012 ( 1)
  99 R   0.44809 0.50723 0.01685 0.02783 ( 2)
 100 L   0.86434 0.09372 0.03704 0.00490 ( 1)
 101 F   0.96881 0.00269 0.02839 0.00011 ( 1)
 102 R   0.80525 0.16061 0.02700 0.00713 ( 1)
 103 P   0.15717 0.80173 0.00480 0.03629 ( 2)
 104 A   0.05782 0.26148 0.39990 0.28080 ( 3)
 105 G   0.96056 0.00291 0.03637 0.00016 ( 1)
 106 Y   0.90238 0.06058 0.03413 0.00292 ( 1)
 107 E   0.96463 0.00353 0.03166 0.00018 ( 1)
 108 A   0.67679 0.11023 0.17984 0.03315 ( 1)
 109 L   0.92418 0.02770 0.04646 0.00166 ( 1)
 110 L   0.89423 0.02037 0.08340 0.00200 ( 1)
 111 L   0.94481 0.00736 0.04739 0.00045 ( 1)
 112 P   0.72022 0.21432 0.04904 0.01643 ( 1)
 113 V   0.96037 0.00585 0.03348 0.00031 ( 1)
 114 Y   0.96124 0.00254 0.03609 0.00013 ( 1)
 115 A   0.84545 0.03939 0.10993 0.00522 ( 1)
 116 Q   0.92531 0.00437 0.06997 0.00036 ( 1)
 117 A   0.96237 0.00636 0.03097 0.00030 ( 1)
 118 A   0.94558 0.02221 0.03116 0.00105 ( 1)
 119 R   0.89234 0.06540 0.03907 0.00319 ( 1)
 120 L   0.28995 0.59591 0.02276 0.09138 ( 2)
 121 H   0.97022 0.00158 0.02813 0.00006 ( 1)
 122 L   0.92375 0.00922 0.06630 0.00072 ( 1)
 123 L   0.71197 0.13819 0.12752 0.02231 ( 1)
 124 H   0.93131 0.04006 0.02705 0.00158 ( 1)
 125 L   0.94388 0.00827 0.04735 0.00050 ( 1)
 126 R   0.96247 0.00362 0.03376 0.00016 ( 1)
 127 D   0.94251 0.00404 0.05316 0.00030 ( 1)
 128 G   0.96173 0.01010 0.02779 0.00039 ( 1)
 129 V   0.49130 0.43540 0.03779 0.03551 ( 1)
 130 L   0.38063 0.54978 0.02730 0.04229 ( 2)
 131 F   0.85109 0.06580 0.07692 0.00619 ( 1)
 132 A   0.92405 0.03827 0.03575 0.00193 ( 1)
 133 N   0.93858 0.03290 0.02705 0.00147 ( 1)
 134 E   0.89208 0.06213 0.04239 0.00340 ( 1)
 135 W   0.90534 0.01178 0.08177 0.00111 ( 1)
 136 G   0.47642 0.44979 0.03716 0.03662 ( 1)
 137 L   0.92565 0.02618 0.04660 0.00157 ( 1)
 138 A   0.87033 0.09699 0.02815 0.00453 ( 1)
 139 K   0.34358 0.61732 0.01066 0.02843 ( 2)
 140 P   0.93554 0.02762 0.03554 0.00131 ( 1)
 141 -   0.76973 0.19669 0.02478 0.00880 ( 1)
 142 -   0.23687 0.47104 0.20608 0.08601 ( 2)
 143 -   0.77067 0.19348 0.02619 0.00966 ( 1)
 144 -   0.27672 0.48018 0.17305 0.07005 ( 2)
 145 D   0.05319 0.75341 0.04016 0.15324 ( 2)
 146 P   0.73030 0.21038 0.04418 0.01514 ( 1)
 147 G   0.92993 0.03838 0.03012 0.00157 ( 1)
 148 D   0.40082 0.47983 0.05140 0.06795 ( 2)
 149 L   0.00717 0.90521 0.00066 0.08696 ( 2)
 150 H   0.92163 0.01312 0.06427 0.00099 ( 1)
 151 D   0.91758 0.04521 0.03495 0.00226 ( 1)
 152 Q   0.33244 0.63261 0.01035 0.02460 ( 2)
 153 E   0.87526 0.09123 0.02908 0.00443 ( 1)
 154 F   0.88635 0.08421 0.02601 0.00343 ( 1)
 155 N   0.69385 0.25195 0.03864 0.01557 ( 1)
 156 A   0.29029 0.67009 0.00918 0.03044 ( 2)
 157 K   0.14093 0.81296 0.00536 0.04075 ( 2)
 158 A   0.79684 0.16514 0.03018 0.00783 ( 1)
 159 A   0.93967 0.02367 0.03547 0.00119 ( 1)
 160 E   0.93253 0.02315 0.04305 0.00127 ( 1)
 161 Y   0.96130 0.00248 0.03609 0.00012 ( 1)
 162 A   0.74519 0.21978 0.02467 0.01036 ( 1)
 163 D   0.97075 0.00248 0.02665 0.00011 ( 1)
 164 Y   0.95295 0.01622 0.03017 0.00066 ( 1)
 165 C   0.96379 0.00113 0.03503 0.00005 ( 1)
 166 E   0.94571 0.02210 0.03109 0.00110 ( 1)
 167 L   0.23499 0.70943 0.01204 0.04355 ( 2)
 168 T   0.08794 0.86031 0.00371 0.04804 ( 2)
 169 Y   0.14059 0.66526 0.09526 0.09889 ( 2)
 170 N   0.37571 0.51755 0.03496 0.07177 ( 2)
 171 T   0.87983 0.09094 0.02547 0.00376 ( 1)
 172 E   0.68085 0.26185 0.03931 0.01799 ( 1)
 173 L   0.93937 0.00905 0.05101 0.00057 ( 1)
 174 N   0.20681 0.69960 0.02447 0.06912 ( 2)
 175 R   0.52725 0.41607 0.02972 0.02696 ( 1)
 176 I   0.93843 0.01847 0.04180 0.00129 ( 1)
 177 K   0.96763 0.00220 0.03007 0.00010 ( 1)
 178 T   0.83840 0.13391 0.02238 0.00531 ( 1)
 179 T   0.01987 0.31788 0.11221 0.55004 ( 4)
 180 S   0.00003 0.12903 0.01599 0.85496 ( 4)
 181 G   0.38070 0.32072 0.19584 0.10274 ( 1)
 182 K   0.96291 0.00679 0.03000 0.00030 ( 1)
 183 T   0.51025 0.45356 0.01642 0.01977 ( 1)
 184 W   0.90534 0.01178 0.08177 0.00111 ( 1)
 185 F   0.04455 0.90974 0.00169 0.04401 ( 2)
 186 D   0.93612 0.01297 0.05012 0.00080 ( 1)
 187 Y   0.91341 0.00436 0.08182 0.00042 ( 1)
 188 N   0.93563 0.00836 0.05540 0.00061 ( 1)
 189 Q   0.29283 0.00791 0.69708 0.00218 ( 3)
 190 Y   0.93053 0.03287 0.03503 0.00158 ( 1)
 191 R   0.95358 0.00453 0.04166 0.00023 ( 1)
 192 R   0.93447 0.00619 0.05891 0.00043 ( 1)
 193 L   0.00661 0.35767 0.31153 0.32419 ( 2)
 194 M   0.96977 0.00042 0.02979 0.00002 ( 1)
 195 T   0.41187 0.01983 0.56550 0.00281 ( 3)
 196 F   0.15353 0.47731 0.27588 0.09328 ( 2)
 197 A   0.24238 0.17555 0.54443 0.03765 ( 3)
 198 V   0.96070 0.00609 0.03289 0.00032 ( 1)
 199 L   0.12482 0.12204 0.65692 0.09623 ( 3)
 200 D   0.97075 0.00248 0.02665 0.00011 ( 1)
 201 V   0.76320 0.20482 0.02307 0.00891 ( 1)
 202 V   0.88308 0.08198 0.03066 0.00428 ( 1)
 203 A   0.96435 0.00442 0.03102 0.00021 ( 1)
 204 K   0.68662 0.27514 0.02451 0.01372 ( 1)
 205 F   0.97009 0.00157 0.02827 0.00007 ( 1)
 206 S   0.93926 0.01411 0.04581 0.00083 ( 1)
 207 I   0.65663 0.17074 0.14977 0.02286 ( 1)

