Supplemental results for CODEML (seqf: algn  treef: tree)


dN/dS (w) for site classes (K=4)

site class             0        1       2a       2b
proportion       0.47542  0.46666  0.02923  0.02869
background w     0.04750  1.00000  0.04750  1.00000
foreground w     0.04750  1.00000  1.00000  1.00000

Naive Empirical Bayes (NEB) probabilities for 4 classes
(amino acids refer to 1st sequence: BT_Cry30Aa1)

   1 -   0.76003 0.18205 0.04673 0.01119 ( 1)
   2 -   0.77250 0.16959 0.04749 0.01043 ( 1)
   3 Q   0.00000 0.94208 0.00000 0.05792 ( 2)
   4 T   0.96309 0.01223 0.02393 0.00075 ( 1)
   5 R   0.12451 0.82176 0.00320 0.05052 ( 2)
   6 T   0.96309 0.01223 0.02393 0.00075 ( 1)
   7 E   0.95642 0.01797 0.02450 0.00110 ( 1)
   8 L   0.94770 0.02355 0.02731 0.00145 ( 1)
   9 T   0.96132 0.01345 0.02439 0.00083 ( 1)
  10 R   0.96210 0.01277 0.02435 0.00078 ( 1)
  11 K   0.96644 0.00998 0.02297 0.00061 ( 1)
  12 V   0.08582 0.85898 0.00240 0.05281 ( 2)
  13 Y   0.95484 0.01814 0.02591 0.00112 ( 1)
  14 M   0.93237 0.03594 0.02948 0.00221 ( 1)
  15 P   0.06702 0.83762 0.04386 0.05150 ( 2)
  16 S   0.92737 0.04027 0.02989 0.00248 ( 1)
  17 F   0.81214 0.14354 0.03550 0.00882 ( 1)
  18 Y   0.08356 0.86122 0.00227 0.05295 ( 2)
  19 L   0.42811 0.52394 0.01573 0.03221 ( 2)
  20 Q   0.48944 0.46572 0.01620 0.02863 ( 1)
  21 A   0.00016 0.94193 0.00000 0.05791 ( 2)
  22 L   0.07560 0.86881 0.00218 0.05341 ( 2)
  23 Q   0.00000 0.94208 0.00000 0.05792 ( 2)
  24 Q   0.00000 0.94208 0.00000 0.05792 ( 2)
  25 -   0.00002 0.94206 0.00001 0.05792 ( 2)
  26 R   0.00000 0.94208 0.00000 0.05792 ( 2)
  27 D   0.00479 0.93530 0.00242 0.05750 ( 2)
  28 I   0.00182 0.94020 0.00017 0.05780 ( 2)
  29 E   0.96104 0.01355 0.02458 0.00083 ( 1)
  30 T   0.00000 0.94208 0.00000 0.05792 ( 2)
  31 V   0.00704 0.93512 0.00035 0.05749 ( 2)
  32 E   0.96104 0.01355 0.02458 0.00083 ( 1)
  33 N   0.86825 0.09228 0.03380 0.00567 ( 1)
  34 Q   0.00000 0.94208 0.00000 0.05792 ( 2)
  35 -   0.47542 0.46666 0.02923 0.02869 ( 1)
  36 L   0.86384 0.06939 0.06250 0.00427 ( 1)
  37 T   0.51382 0.17288 0.30267 0.01063 ( 1)
  38 H   0.96576 0.01055 0.02304 0.00065 ( 1)
  39 P   0.12014 0.70886 0.12741 0.04358 ( 2)
  40 P   0.95426 0.01851 0.02609 0.00114 ( 1)
  41 S   0.91797 0.04937 0.02962 0.00304 ( 1)
  42 L   0.91450 0.05123 0.03113 0.00315 ( 1)
  43 F   0.96538 0.01055 0.02343 0.00065 ( 1)
  44 T   0.90959 0.04504 0.04260 0.00277 ( 1)
  45 W   0.64870 0.29879 0.03414 0.01837 ( 1)
  46 L   0.91450 0.05123 0.03113 0.00315 ( 1)
  47 N   0.43558 0.51875 0.01377 0.03189 ( 2)
  48 E   0.00383 0.93580 0.00283 0.05753 ( 2)
  49 L   0.91450 0.05123 0.03113 0.00315 ( 1)
  50 N   0.02500 0.91761 0.00097 0.05641 ( 2)
  51 L   0.61661 0.34351 0.01876 0.02112 ( 1)
  52 Y   0.95484 0.01814 0.02591 0.00112 ( 1)
  53 T   0.96309 0.01223 0.02393 0.00075 ( 1)
  54 I   0.12991 0.81667 0.00322 0.05021 ( 2)
  55 R   0.06899 0.87537 0.00182 0.05382 ( 2)
  56 E   0.96104 0.01355 0.02458 0.00083 ( 1)
  57 R   0.00002 0.94194 0.00013 0.05791 ( 2)
  58 F   0.15879 0.65145 0.14971 0.04005 ( 2)
  59 N   0.59249 0.11198 0.28865 0.00688 ( 1)
  60 P   0.00174 0.45714 0.51301 0.02810 ( 3)
  61 V   0.07214 0.82669 0.05035 0.05082 ( 2)
  62 L   0.90601 0.05949 0.03084 0.00366 ( 1)
  63 Q   0.00026 0.94157 0.00029 0.05789 ( 2)
  64 V   0.94969 0.02289 0.02601 0.00141 ( 1)
  65 A   0.05453 0.88318 0.00799 0.05430 ( 2)
  66 S   0.91980 0.04763 0.02964 0.00293 ( 1)
  67 L   0.70667 0.24389 0.03445 0.01499 ( 1)
  68 S   0.49775 0.46003 0.01394 0.02828 ( 1)
  69 G   0.92104 0.04640 0.02970 0.00285 ( 1)
  70 L   0.94244 0.02864 0.02716 0.00176 ( 1)
  71 Q   0.00188 0.91368 0.02826 0.05617 ( 2)
  72 A   0.95204 0.02109 0.02558 0.00130 ( 1)
  73 T   0.00001 0.94207 0.00000 0.05792 ( 2)
  74 S   0.00015 0.94187 0.00008 0.05790 ( 2)
  75 R   0.55891 0.40162 0.01478 0.02469 ( 1)
  76 Y   0.46915 0.26410 0.25051 0.01624 ( 1)
  77 T   0.72990 0.22134 0.03515 0.01361 ( 1)
  78 -   0.05518 0.85845 0.03359 0.05278 ( 2)
  79 Q   0.92279 0.04497 0.02948 0.00276 ( 1)
  80 N   0.03510 0.34375 0.60002 0.02113 ( 3)
  81 T   0.00000 0.94208 0.00000 0.05792 ( 2)
  82 T   0.00347 0.93758 0.00131 0.05764 ( 2)
  83 T   0.00001 0.94207 0.00001 0.05792 ( 2)
  84 I   0.00014 0.94185 0.00011 0.05790 ( 2)
  85 S   0.00000 0.94208 0.00000 0.05792 ( 2)
  86 N   0.00433 0.93422 0.00401 0.05743 ( 2)
  87 -   0.47542 0.46666 0.02923 0.02869 ( 1)
  88 P   0.85204 0.11634 0.02447 0.00715 ( 1)
  89 V   0.00000 0.94176 0.00034 0.05790 ( 2)
  90 Q   0.92987 0.03808 0.02970 0.00234 ( 1)
  91 G   0.90589 0.05982 0.03061 0.00368 ( 1)
  92 P   0.47542 0.46666 0.02923 0.02869 ( 1)
  93 V   0.00072 0.94073 0.00072 0.05783 ( 2)
  94 R   0.00000 0.94197 0.00011 0.05791 ( 2)
  95 E   0.00000 0.94208 0.00000 0.05792 ( 2)
  96 G   0.02569 0.91706 0.00087 0.05638 ( 2)
  97 T   0.00010 0.89066 0.05448 0.05476 ( 2)
  98 P   0.07489 0.86954 0.00211 0.05346 ( 2)
  99 T   0.00298 0.89699 0.04488 0.05515 ( 2)
 100 K   0.00000 0.94202 0.00006 0.05791 ( 2)
 101 -   0.11804 0.82404 0.00726 0.05066 ( 2)
 102 I   0.96778 0.00905 0.02261 0.00056 ( 1)
 103 S   0.00272 0.93835 0.00125 0.05769 ( 2)
 104 L   0.55938 0.40034 0.01567 0.02461 ( 1)
 105 A   0.11767 0.82867 0.00271 0.05094 ( 2)
 106 N   0.00636 0.71367 0.23610 0.04387 ( 2)
 107 Y   0.00021 0.94187 0.00001 0.05790 ( 2)
 108 Y   0.75312 0.21536 0.01828 0.01324 ( 1)
 109 I   0.08338 0.86088 0.00281 0.05293 ( 2)
 110 Y   0.95484 0.01814 0.02591 0.00112 ( 1)
 111 K   0.77327 0.19364 0.02119 0.01190 ( 1)
 112 L   0.91352 0.05217 0.03109 0.00321 ( 1)
 113 F   0.53940 0.42150 0.01318 0.02591 ( 1)
 114 M   0.03723 0.90589 0.00119 0.05569 ( 2)
 115 S   0.47646 0.47818 0.01596 0.02940 ( 2)
 116 Q   0.92987 0.03808 0.02970 0.00234 ( 1)
 117 Y   0.48862 0.22659 0.27087 0.01393 ( 1)
 118 R   0.00007 0.94096 0.00112 0.05785 ( 2)
 119 H   0.00014 0.93967 0.00243 0.05777 ( 2)
 120 P   0.94802 0.02453 0.02595 0.00151 ( 1)
 121 N   0.95661 0.01034 0.03242 0.00064 ( 1)
 122 D   0.00000 0.94206 0.00002 0.05792 ( 2)
 123 C   0.94067 0.03027 0.02720 0.00186 ( 1)
 124 L   0.00000 0.94208 0.00000 0.05792 ( 2)
 125 P   0.00264 0.93793 0.00177 0.05766 ( 2)
 126 I   0.96778 0.00905 0.02261 0.00056 ( 1)
 127 S   0.00214 0.93453 0.00587 0.05745 ( 2)
 128 G   0.91843 0.04777 0.03086 0.00294 ( 1)
 129 I   0.57160 0.39015 0.01426 0.02399 ( 1)
 130 N   0.00083 0.94127 0.00003 0.05787 ( 2)
 131 E   0.00340 0.93694 0.00206 0.05760 ( 2)
 132 M   0.55576 0.40170 0.01784 0.02470 ( 1)
 133 S   0.00709 0.93190 0.00372 0.05729 ( 2)
 134 F   0.96183 0.01394 0.02337 0.00086 ( 1)
 135 Y   0.95484 0.01814 0.02591 0.00112 ( 1)
 136 R   0.11988 0.82590 0.00344 0.05077 ( 2)
 137 S   0.96777 0.00894 0.02274 0.00055 ( 1)
 138 D   0.85037 0.10639 0.03669 0.00654 ( 1)
 139 Y   0.95484 0.01814 0.02591 0.00112 ( 1)
 140 Y   0.07632 0.82413 0.04888 0.05067 ( 2)
 141 G   0.92352 0.04399 0.02978 0.00270 ( 1)
 142 A   0.47542 0.46666 0.02923 0.02869 ( 1)
 143 G   0.00006 0.94153 0.00052 0.05788 ( 2)
 144 G   0.00000 0.94207 0.00001 0.05792 ( 2)
 145 P   0.00054 0.94155 0.00002 0.05788 ( 2)
 146 A   0.00364 0.93855 0.00011 0.05770 ( 2)
 147 P   0.09577 0.84942 0.00260 0.05222 ( 2)
 148 V   0.00304 0.93913 0.00009 0.05774 ( 2)
 149 H   0.00001 0.94208 0.00000 0.05792 ( 2)
 150 Y   0.95484 0.01814 0.02591 0.00112 ( 1)
 151 S   0.00001 0.94207 0.00000 0.05792 ( 2)
 152 A   0.54142 0.41230 0.02092 0.02535 ( 1)
 153 G   0.00279 0.93796 0.00158 0.05766 ( 2)
 154 E   0.00013 0.94186 0.00011 0.05790 ( 2)
 155 S   0.00000 0.94208 0.00000 0.05792 ( 2)
 156 P   0.00000 0.94202 0.00006 0.05791 ( 2)
 157 T   0.00000 0.94140 0.00072 0.05788 ( 2)
 158 N   0.10696 0.83785 0.00368 0.05151 ( 2)
 159 V   0.00003 0.94163 0.00045 0.05789 ( 2)
 160 -   0.47542 0.46666 0.02923 0.02869 ( 1)
 161 I   0.96778 0.00905 0.02261 0.00056 ( 1)
 162 K   0.00104 0.94105 0.00006 0.05785 ( 2)
 163 T   0.58912 0.36624 0.02212 0.02252 ( 1)
 164 Y   0.62630 0.33599 0.01706 0.02066 ( 1)
 165 M   0.93237 0.03594 0.02948 0.00221 ( 1)
 166 N   0.97285 0.00601 0.02077 0.00037 ( 1)
 167 G   0.86246 0.10286 0.02836 0.00632 ( 1)
 168 P   0.95426 0.01851 0.02609 0.00114 ( 1)
 169 Q   0.92987 0.03808 0.02970 0.00234 ( 1)
 170 N   0.21835 0.73199 0.00466 0.04500 ( 2)
 171 A   0.95740 0.01641 0.02519 0.00101 ( 1)
 172 L   0.04236 0.87658 0.02717 0.05389 ( 2)
 173 I   0.00026 0.94169 0.00015 0.05789 ( 2)
 174 S   0.92737 0.04027 0.02989 0.00248 ( 1)
 175 N   0.97285 0.00601 0.02077 0.00037 ( 1)
 176 D   0.85375 0.12059 0.01825 0.00741 ( 1)
 177 I   0.96402 0.01153 0.02374 0.00071 ( 1)
 178 S   0.80312 0.14841 0.03934 0.00912 ( 1)
 179 I   0.96402 0.01153 0.02374 0.00071 ( 1)
 180 N   0.00541 0.93428 0.00287 0.05744 ( 2)
 181 E   0.00229 0.93881 0.00119 0.05772 ( 2)
 182 T   0.96309 0.01223 0.02393 0.00075 ( 1)
 183 S   0.00011 0.94198 0.00000 0.05791 ( 2)
 184 H   0.96660 0.00974 0.02306 0.00060 ( 1)
 185 I   0.96778 0.00905 0.02261 0.00056 ( 1)
 186 L   0.89897 0.06488 0.03217 0.00399 ( 1)
 187 S   0.95512 0.01791 0.02587 0.00110 ( 1)
 188 D   0.96954 0.00786 0.02212 0.00048 ( 1)
 189 I   0.96402 0.01153 0.02374 0.00071 ( 1)
 190 K   0.96644 0.00998 0.02297 0.00061 ( 1)
 191 M   0.93237 0.03594 0.02948 0.00221 ( 1)
 192 N   0.00000 0.94208 0.00000 0.05792 ( 2)
 193 Y   0.73899 0.21164 0.03636 0.01301 ( 1)
 194 S   0.00345 0.93874 0.00010 0.05771 ( 2)
 195 R   0.01912 0.90777 0.01730 0.05581 ( 2)
 196 T   0.10236 0.84290 0.00292 0.05182 ( 2)
 197 G   0.69943 0.24894 0.03632 0.01530 ( 1)
 198 G   0.87795 0.07634 0.04102 0.00469 ( 1)
 199 V   0.00003 0.94198 0.00007 0.05791 ( 2)
 200 Y   0.73439 0.21619 0.03613 0.01329 ( 1)
 201 P   0.55510 0.40483 0.01518 0.02489 ( 1)
 202 L   0.00000 0.94208 0.00000 0.05792 ( 2)
 203 Y   0.66092 0.29940 0.02127 0.01841 ( 1)
 204 D   0.00000 0.94208 0.00001 0.05792 ( 2)
 205 F   0.77972 0.18970 0.01892 0.01166 ( 1)
 206 G   0.91843 0.04777 0.03086 0.00294 ( 1)
 207 Y   0.95484 0.01814 0.02591 0.00112 ( 1)
 208 S   0.92737 0.04027 0.02989 0.00248 ( 1)
 209 F   0.96538 0.01055 0.02343 0.00065 ( 1)
 210 A   0.93719 0.03526 0.02538 0.00217 ( 1)
 211 W   0.64870 0.29879 0.03414 0.01837 ( 1)
 212 T   0.96169 0.01358 0.02389 0.00083 ( 1)
 213 H   0.14937 0.79800 0.00356 0.04906 ( 2)
 214 T   0.96132 0.01345 0.02439 0.00083 ( 1)
 215 S   0.94811 0.02784 0.02233 0.00171 ( 1)
 216 -   0.47542 0.46666 0.02923 0.02869 ( 1)
 217 -   0.47542 0.46666 0.02923 0.02869 ( 1)


lnL = -2867.951507

