Supplemental results for CODEML (seqf: algn  treef: tree)


dN/dS (w) for site classes (K=4)

site class             0        1       2a       2b
proportion       0.44674  0.31908  0.13661  0.09757
background w     0.11104  1.00000  0.11104  1.00000
foreground w     0.11104  1.00000 999.00000 999.00000

Naive Empirical Bayes (NEB) probabilities for 4 classes
(amino acids refer to 1st sequence: BT_Cry7Cb1)

   1 -   0.46621 0.29961 0.14256 0.09162 ( 1)
   2 -   0.16578 0.60004 0.05069 0.18349 ( 2)
   3 -   0.70792 0.05790 0.21647 0.01770 ( 1)
   4 K   0.91907 0.05480 0.02361 0.00252 ( 1)
   5 I   0.96591 0.00462 0.02917 0.00030 ( 1)
   6 S   0.10045 0.65385 0.02711 0.21859 ( 2)
   7 Q   0.95547 0.01699 0.02699 0.00055 ( 1)
   8 L   0.89158 0.07280 0.03233 0.00329 ( 1)
   9 Y   0.66931 0.29977 0.01916 0.01177 ( 1)
  10 A   0.02263 0.67470 0.08340 0.21927 ( 2)
  11 V   0.96967 0.00269 0.02749 0.00016 ( 1)
  12 K   0.97316 0.00304 0.02367 0.00013 ( 1)
  13 A   0.00417 0.72378 0.01796 0.25409 ( 2)
  14 Y   0.00338 0.03941 0.68289 0.27432 ( 3)
  15 T   0.00005 0.00646 0.95474 0.03874 ( 3)
  16 T   0.19052 0.15636 0.48415 0.16898 ( 3)
  17 -   0.17358 0.59224 0.05308 0.18110 ( 2)
  18 S   0.00976 0.38905 0.01890 0.58229 ( 4)
  19 N   0.95412 0.01732 0.02763 0.00093 ( 1)
  20 V   0.65362 0.17807 0.13493 0.03338 ( 1)
  21 S   0.96987 0.00974 0.02010 0.00028 ( 1)
  22 V   0.96999 0.00243 0.02744 0.00014 ( 1)
  23 V   0.01472 0.58626 0.19476 0.20426 ( 2)
  24 G   0.00481 0.68114 0.02150 0.29254 ( 2)
  25 G   0.89510 0.00147 0.10325 0.00018 ( 1)
  26 P   0.98215 0.00075 0.01708 0.00002 ( 1)
  27 G   0.97506 0.00184 0.02304 0.00007 ( 1)
  28 F   0.97997 0.00060 0.01941 0.00002 ( 1)
  29 L   0.84977 0.11120 0.03390 0.00512 ( 1)
  30 G   0.97379 0.00308 0.02302 0.00011 ( 1)
  31 G   0.97506 0.00184 0.02304 0.00007 ( 1)
  32 N   0.97660 0.00085 0.02251 0.00005 ( 1)
  33 I   0.92325 0.04428 0.02961 0.00286 ( 1)
  34 I   0.56857 0.38626 0.01947 0.02570 ( 1)
  35 K   0.94051 0.03497 0.02290 0.00162 ( 1)
  36 G   0.09583 0.04890 0.83727 0.01800 ( 3)
  37 N   0.80262 0.16583 0.02238 0.00917 ( 1)
  38 N   0.13885 0.25816 0.51881 0.08418 ( 3)
  39 D   0.09928 0.85534 0.00268 0.04269 ( 2)
  40 P   0.30731 0.13289 0.36158 0.19822 ( 3)
  41 A   0.00158 0.63787 0.00116 0.35938 ( 2)
  42 S   0.00051 0.04193 0.67871 0.27885 ( 3)
  43 Y   0.04218 0.92231 0.00112 0.03439 ( 2)
  44 T   0.00000 0.09210 0.06249 0.84541 ( 4)
  45 G   0.06016 0.90183 0.00170 0.03632 ( 2)
  46 S   0.25721 0.68639 0.01070 0.04571 ( 2)
  47 V   0.82385 0.08218 0.08511 0.00886 ( 1)
  48 S   0.00034 0.31364 0.02891 0.65712 ( 4)
  49 W   0.00349 0.14060 0.48620 0.36971 ( 3)
  50 A   0.15895 0.54112 0.17838 0.12155 ( 2)
  51 I   0.72051 0.23967 0.02365 0.01617 ( 1)
  52 R   0.71125 0.26365 0.01537 0.00974 ( 1)
  53 L   0.78475 0.13789 0.06562 0.01174 ( 1)
  54 D   0.00964 0.94358 0.00025 0.04654 ( 2)
  55 G   0.09107 0.87545 0.00183 0.03165 ( 2)
  56 -   0.44674 0.31908 0.13661 0.09757 ( 1)
  57 S   0.02170 0.79186 0.01259 0.17384 ( 2)
  58 T   0.00003 0.02338 0.58180 0.39478 ( 3)
  59 V   0.12211 0.64371 0.03734 0.19684 ( 2)
  60 S   0.01500 0.94626 0.00035 0.03839 ( 2)
  61 R   0.00002 0.01585 0.82549 0.15864 ( 3)
  62 F   0.90519 0.02004 0.07310 0.00166 ( 1)
  63 R   0.98124 0.00100 0.01774 0.00002 ( 1)
  64 L   0.37059 0.17052 0.40962 0.04927 ( 3)
  65 R   0.97935 0.00088 0.01974 0.00003 ( 1)
  66 I   0.96787 0.00265 0.02930 0.00017 ( 1)
  67 P   0.94051 0.04105 0.01750 0.00094 ( 1)
  68 Y   0.97776 0.00107 0.02113 0.00004 ( 1)
  69 A   0.97537 0.00137 0.02319 0.00007 ( 1)
  70 A   0.96066 0.01228 0.02645 0.00062 ( 1)
  71 E   0.20976 0.74969 0.00636 0.03419 ( 2)
  72 T   0.92269 0.04761 0.02710 0.00260 ( 1)
  73 D   0.86371 0.11269 0.01835 0.00525 ( 1)
  74 G   0.00680 0.87529 0.00089 0.11701 ( 2)
  75 T   0.00069 0.47904 0.10363 0.41664 ( 2)
  76 F   0.97835 0.00208 0.01949 0.00007 ( 1)
  77 S   0.00078 0.28346 0.06497 0.65079 ( 4)
  78 I   0.42143 0.52888 0.01450 0.03520 ( 2)
  79 T   0.77510 0.19426 0.02000 0.01064 ( 1)
  80 V   0.18316 0.55108 0.15708 0.10868 ( 2)
  81 R   0.60267 0.33594 0.03852 0.02287 ( 1)
  82 D   0.60766 0.33608 0.03547 0.02079 ( 1)
  83 D   0.00833 0.68209 0.10265 0.20693 ( 2)
  84 L   0.00415 0.62536 0.03361 0.33688 ( 2)
  85 G   0.88104 0.00358 0.11490 0.00047 ( 1)
  86 P   0.28723 0.68883 0.00545 0.01848 ( 2)
  87 F   0.00004 0.76095 0.00018 0.23883 ( 2)
  88 T   0.65675 0.30475 0.02143 0.01707 ( 1)
  89 I   0.81384 0.14825 0.02820 0.00972 ( 1)
  90 K   0.13148 0.63499 0.05582 0.17770 ( 2)
  91 K   0.00009 0.60661 0.00076 0.39254 ( 2)
  92 D   0.00003 0.73494 0.00032 0.26470 ( 2)
  93 F   0.89609 0.08303 0.01784 0.00304 ( 1)
  94 I   0.02573 0.69723 0.11866 0.15838 ( 2)
  95 A   0.61202 0.34915 0.02112 0.01771 ( 1)
  96 T   0.96990 0.00214 0.02785 0.00011 ( 1)
  97 M   0.98798 0.00022 0.01180 0.00000 ( 1)
  98 K   0.00676 0.42992 0.23252 0.33080 ( 2)
  99 P   0.02314 0.82907 0.00409 0.14370 ( 2)
 100 G   0.97506 0.00184 0.02304 0.00007 ( 1)
 101 D   0.29947 0.66131 0.00697 0.03225 ( 2)
 102 P   0.48299 0.49585 0.00858 0.01257 ( 2)
 103 L   0.96229 0.00456 0.03295 0.00020 ( 1)
 104 S   0.92067 0.04042 0.03696 0.00196 ( 1)
 105 Y   0.96849 0.01023 0.02094 0.00034 ( 1)
 106 G   0.19353 0.45217 0.11813 0.23618 ( 2)
 107 K   0.22475 0.73397 0.00603 0.03525 ( 2)
 108 F   0.04331 0.00299 0.95258 0.00112 ( 3)
 109 E   0.63133 0.18934 0.14825 0.03108 ( 1)
 110 Y   0.95153 0.02653 0.02104 0.00091 ( 1)
 111 L   0.26909 0.26252 0.40553 0.06286 ( 3)
 112 E   0.18474 0.77515 0.00560 0.03451 ( 2)
 113 F   0.89215 0.01337 0.09293 0.00155 ( 1)
 114 E   0.00074 0.86159 0.00023 0.13743 ( 2)
 115 Q   0.14251 0.67167 0.02830 0.15751 ( 2)
 116 T   0.81899 0.07423 0.09649 0.01029 ( 1)
 117 M   0.08717 0.25203 0.43325 0.22755 ( 3)
 118 S   0.00862 0.84149 0.01304 0.13685 ( 2)
 119 L   0.00173 0.00386 0.98746 0.00696 ( 3)
 120 N   0.00166 0.59792 0.02172 0.37870 ( 2)
 121 N   0.00068 0.02678 0.93853 0.03401 ( 3)
 122 K   0.00000 0.07399 0.00395 0.92207 ( 4)
 123 H   0.02815 0.94760 0.00047 0.02378 ( 2)
 124 G   0.90804 0.07235 0.01702 0.00259 ( 1)
 125 Q   0.00008 0.07766 0.13993 0.78233 ( 4)
 126 F   0.64841 0.32532 0.01432 0.01194 ( 1)
 127 F   0.00425 0.91854 0.00035 0.07686 ( 2)
 128 V   0.95761 0.01091 0.03083 0.00065 ( 1)
 129 H   0.00175 0.06342 0.80650 0.12833 ( 3)
 130 T   0.09311 0.34501 0.30455 0.25733 ( 2)
 131 E   0.00895 0.83179 0.01571 0.14355 ( 2)
 132 N   0.12663 0.52567 0.26082 0.08689 ( 2)
 133 L   0.89807 0.06652 0.03243 0.00298 ( 1)
 134 K   0.01179 0.78467 0.00204 0.20150 ( 2)
 135 D   0.04020 0.91225 0.00110 0.04645 ( 2)
 136 R   0.71125 0.26365 0.01537 0.00974 ( 1)
 137 N   0.52265 0.34286 0.08160 0.05290 ( 1)
 138 S   0.11034 0.68926 0.01590 0.18450 ( 2)
 139 S   0.20512 0.64566 0.04926 0.09995 ( 2)
 140 V   0.96696 0.00266 0.03023 0.00016 ( 1)
 141 Y   0.97776 0.00107 0.02113 0.00004 ( 1)
 142 W   0.43723 0.46048 0.04978 0.05251 ( 2)
 143 N   0.25744 0.07266 0.65090 0.01900 ( 3)
 144 R   0.12828 0.18249 0.65623 0.03300 ( 3)
 145 V   0.30205 0.64905 0.00975 0.03915 ( 2)
 146 E   0.92870 0.00122 0.06997 0.00011 ( 1)
 147 I   0.94628 0.01942 0.03302 0.00128 ( 1)
 148 I   0.01955 0.03771 0.90155 0.04119 ( 3)
 149 P   0.93721 0.03794 0.02366 0.00118 ( 1)


lnL = -2128.959691

Bayes Empirical Bayes (BEB) probabilities for 4 classes (class)
(amino acids refer to 1st sequence: BT_Cry7Cb1)

   1 -   0.12818 0.13533 0.37607 0.36041 ( 3)
   2 -   0.03375 0.22977 0.10857 0.62791 ( 4)
   3 -   0.23448 0.02903 0.65788 0.07860 ( 3)
   4 K   0.22887 0.04202 0.63749 0.09162 ( 3)
   5 I   0.27059 0.00178 0.72235 0.00528 ( 3)
   6 S   0.02030 0.24032 0.06937 0.67000 ( 4)
   7 Q   0.25778 0.00992 0.70921 0.02308 ( 3)
   8 L   0.22827 0.03955 0.63822 0.09395 ( 3)
   9 Y   0.11882 0.14993 0.37135 0.35990 ( 3)
  10 A   0.00672 0.24970 0.04001 0.70358 ( 4)
  11 V   0.27089 0.00104 0.72496 0.00311 ( 3)
  12 K   0.27015 0.00118 0.72525 0.00342 ( 3)
  13 A   0.00134 0.25734 0.00770 0.73362 ( 4)
  14 Y   0.00704 0.15570 0.30847 0.52879 ( 4)
  15 T   0.00165 0.21531 0.14917 0.63387 ( 4)
  16 T   0.08264 0.16914 0.29598 0.45224 ( 4)
  17 -   0.03447 0.22905 0.11557 0.62092 ( 4)
  18 S   0.00506 0.25044 0.01839 0.72612 ( 4)
  19 N   0.25805 0.01417 0.69742 0.03036 ( 3)
  20 V   0.14283 0.11577 0.46375 0.27765 ( 3)
  21 S   0.26586 0.00388 0.71958 0.01068 ( 3)
  22 V   0.27099 0.00094 0.72525 0.00282 ( 3)
  23 V   0.00552 0.24750 0.05581 0.69117 ( 4)
  24 G   0.00158 0.25496 0.00969 0.73377 ( 4)
  25 G   0.26444 0.00061 0.73314 0.00181 ( 3)
  26 P   0.26891 0.00029 0.72995 0.00085 ( 3)
  27 G   0.26876 0.00071 0.72845 0.00207 ( 3)
  28 F   0.27078 0.00023 0.72829 0.00070 ( 3)
  29 L   0.18939 0.07814 0.55671 0.17576 ( 3)
  30 G   0.26827 0.00120 0.72708 0.00345 ( 3)
  31 G   0.26876 0.00071 0.72845 0.00207 ( 3)
  32 N   0.27272 0.00033 0.72592 0.00103 ( 3)
  33 I   0.24919 0.02204 0.67390 0.05486 ( 3)
  34 I   0.09935 0.17098 0.30729 0.42238 ( 4)
  35 K   0.25267 0.01851 0.68427 0.04455 ( 3)
  36 G   0.06046 0.08676 0.67191 0.18087 ( 3)
  37 N   0.16872 0.10298 0.49244 0.23587 ( 3)
  38 N   0.04238 0.18721 0.29512 0.47529 ( 4)
  39 D   0.01981 0.25027 0.06516 0.66476 ( 4)
  40 P   0.11884 0.13849 0.38613 0.35654 ( 3)
  41 A   0.00065 0.26109 0.00227 0.73599 ( 4)
  42 S   0.00255 0.23242 0.05974 0.70529 ( 4)
  43 Y   0.00909 0.25929 0.03014 0.70148 ( 4)
  44 T   0.00002 0.24805 0.00053 0.75140 ( 4)
  45 G   0.01277 0.25537 0.04253 0.68933 ( 4)
  46 S   0.04162 0.22862 0.13577 0.59399 ( 4)
  47 V   0.22108 0.04410 0.62638 0.10844 ( 3)
  48 S   0.00034 0.24663 0.00385 0.74919 ( 4)
  49 W   0.00382 0.24523 0.02636 0.72458 ( 4)
  50 A   0.03361 0.21706 0.15987 0.58946 ( 4)
  51 I   0.17577 0.09539 0.48423 0.24461 ( 3)
  52 R   0.16798 0.10189 0.46854 0.26159 ( 3)
  53 L   0.19244 0.07293 0.55746 0.17718 ( 3)
  54 D   0.00260 0.26733 0.00848 0.72158 ( 4)
  55 G   0.01718 0.25217 0.05671 0.67395 ( 4)
  56 -   0.12125 0.14227 0.35669 0.37979 ( 4)
  57 S   0.00549 0.25454 0.02075 0.71922 ( 4)
  58 T   0.00037 0.23832 0.00639 0.75492 ( 4)
  59 V   0.02591 0.23761 0.08877 0.64771 ( 4)
  60 S   0.00398 0.26601 0.01304 0.71697 ( 4)
  61 R   0.00037 0.23689 0.04074 0.72201 ( 4)
  62 F   0.25383 0.01167 0.70662 0.02789 ( 3)
  63 R   0.26816 0.00039 0.73032 0.00112 ( 3)
  64 L   0.10647 0.13061 0.44632 0.31660 ( 3)
  65 R   0.27021 0.00034 0.72845 0.00101 ( 3)
  66 I   0.27135 0.00102 0.72450 0.00313 ( 3)
  67 P   0.24555 0.02353 0.67641 0.05450 ( 3)
  68 Y   0.26936 0.00042 0.72901 0.00122 ( 3)
  69 A   0.27110 0.00053 0.72676 0.00161 ( 3)
  70 A   0.26465 0.00673 0.71254 0.01607 ( 3)
  71 E   0.03431 0.23483 0.11298 0.61787 ( 4)
  72 T   0.24500 0.02550 0.66870 0.06080 ( 3)
  73 D   0.19834 0.07369 0.56144 0.16653 ( 3)
  74 G   0.00180 0.26282 0.00611 0.72927 ( 4)
  75 T   0.00046 0.25233 0.00487 0.74234 ( 4)
  76 F   0.27020 0.00080 0.72665 0.00234 ( 3)
  77 S   0.00073 0.24954 0.00636 0.74337 ( 4)
  78 I   0.06637 0.20357 0.21585 0.51421 ( 4)
  79 T   0.16111 0.10980 0.47108 0.25801 ( 3)
  80 V   0.03713 0.21360 0.17437 0.57490 ( 4)
  81 R   0.13880 0.12704 0.40047 0.33369 ( 3)
  82 D   0.13935 0.12655 0.40190 0.33220 ( 3)
  83 D   0.00293 0.25128 0.03465 0.71114 ( 4)
  84 L   0.00153 0.25294 0.01054 0.73499 ( 4)
  85 G   0.26326 0.00152 0.73081 0.00441 ( 3)
  86 P   0.04431 0.22404 0.14113 0.59052 ( 4)
  87 F   0.00002 0.25929 0.00014 0.74055 ( 4)
  88 T   0.10748 0.16264 0.34419 0.38570 ( 4)
  89 I   0.17665 0.09386 0.51421 0.21528 ( 3)
  90 K   0.02664 0.23353 0.09482 0.64502 ( 4)
  91 K   0.00006 0.25747 0.00033 0.74213 ( 4)
  92 D   0.00002 0.25512 0.00027 0.74459 ( 4)
  93 F   0.21124 0.05941 0.59788 0.13148 ( 3)
  94 I   0.00779 0.24716 0.06002 0.68503 ( 4)
  95 A   0.09738 0.17175 0.31766 0.41320 ( 4)
  96 T   0.26987 0.00082 0.72682 0.00248 ( 3)
  97 M   0.26935 0.00009 0.73031 0.00025 ( 3)
  98 K   0.00327 0.24744 0.02873 0.72055 ( 4)
  99 P   0.00535 0.25899 0.01812 0.71754 ( 4)
 100 G   0.26876 0.00071 0.72845 0.00207 ( 3)
 101 D   0.04702 0.22338 0.15249 0.57711 ( 4)
 102 P   0.07758 0.19094 0.24857 0.48291 ( 4)
 103 L   0.26612 0.00183 0.72694 0.00511 ( 3)
 104 S   0.24525 0.02231 0.67927 0.05317 ( 3)
 105 Y   0.26425 0.00549 0.71702 0.01323 ( 3)
 106 G   0.04240 0.21279 0.15797 0.58684 ( 4)
 107 K   0.03648 0.23291 0.11957 0.61104 ( 4)
 108 F   0.04310 0.00573 0.93933 0.01184 ( 3)
 109 E   0.13901 0.11668 0.46215 0.28217 ( 3)
 110 Y   0.25487 0.01481 0.69545 0.03487 ( 3)
 111 L   0.06313 0.17061 0.33726 0.42900 ( 4)
 112 E   0.03226 0.23687 0.10724 0.62363 ( 4)
 113 F   0.25785 0.00765 0.71582 0.01868 ( 3)
 114 E   0.00032 0.26321 0.00120 0.73528 ( 4)
 115 Q   0.02722 0.23446 0.09327 0.64505 ( 4)
 116 T   0.22272 0.04246 0.63247 0.10235 ( 3)
 117 M   0.03723 0.21635 0.14810 0.59832 ( 4)
 118 S   0.00257 0.25870 0.01453 0.72421 ( 4)
 119 L   0.02422 0.12508 0.56291 0.28779 ( 3)
 120 N   0.00077 0.25319 0.00489 0.74115 ( 4)
 121 N   0.00462 0.22328 0.14708 0.62502 ( 4)
 122 K   0.00000 0.24265 0.00003 0.75732 ( 4)
 123 H   0.00611 0.26269 0.02018 0.71102 ( 4)
 124 G   0.21837 0.05234 0.61377 0.11552 ( 3)
 125 Q   0.00033 0.24960 0.00238 0.74769 ( 4)
 126 F   0.11421 0.15576 0.35398 0.37605 ( 4)
 127 F   0.00117 0.26409 0.00396 0.73078 ( 4)
 128 V   0.26602 0.00548 0.71472 0.01378 ( 3)
 129 H   0.00528 0.23166 0.09915 0.66391 ( 4)
 130 T   0.03021 0.22105 0.12654 0.62220 ( 4)
 131 E   0.00267 0.25803 0.01465 0.72465 ( 4)
 132 N   0.02752 0.21486 0.19762 0.56000 ( 4)
 133 L   0.21593 0.05177 0.61874 0.11355 ( 3)
 134 K   0.00320 0.25906 0.01084 0.72691 ( 4)
 135 D   0.00882 0.26112 0.02880 0.70126 ( 4)
 136 R   0.16798 0.10189 0.46854 0.26159 ( 3)
 137 N   0.08868 0.17208 0.30828 0.43095 ( 4)
 138 S   0.02253 0.23968 0.07592 0.66188 ( 4)
 139 S   0.03835 0.22298 0.14223 0.59643 ( 4)
 140 V   0.26967 0.00103 0.72622 0.00308 ( 3)
 141 Y   0.26936 0.00042 0.72901 0.00122 ( 3)
 142 W   0.07549 0.18934 0.24664 0.48853 ( 4)
 143 N   0.10572 0.08433 0.62648 0.18348 ( 3)
 144 R   0.04065 0.13877 0.50428 0.31630 ( 3)
 145 V   0.04798 0.22163 0.15668 0.57371 ( 4)
 146 E   0.26580 0.00049 0.73225 0.00146 ( 3)
 147 I   0.26154 0.01029 0.70316 0.02502 ( 3)
 148 I   0.03372 0.13336 0.50938 0.32354 ( 3)
 149 P   0.25311 0.01521 0.69060 0.04109 ( 3)

