Supplemental results for CODEML (seqf: algn  treef: tree)


dN/dS (w) for site classes (K=4)

site class             0        1       2a       2b
proportion       0.39396  0.54033  0.02771  0.03800
background w     0.07422  0.81761  0.07422  0.81761
foreground w     0.07422  0.81761 15.14179 15.14179

Naive Empirical Bayes (NEB) probabilities for 4 classes
(amino acids refer to 1st sequence: BT_Cry7Ba1)

   1 -   0.67256 0.32722 0.00010 0.00013 ( 1)
   2 -   0.64902 0.35053 0.00019 0.00026 ( 1)
   3 T   0.03451 0.85949 0.06912 0.03689 ( 2)
   4 V   0.07453 0.91387 0.00738 0.00423 ( 2)
   5 E   0.94179 0.05818 0.00002 0.00001 ( 1)
   6 L   0.83179 0.16820 0.00001 0.00001 ( 1)
   7 T   0.94579 0.05418 0.00002 0.00001 ( 1)
   8 R   0.95927 0.04072 0.00000 0.00000 ( 1)
   9 T   0.06932 0.93025 0.00028 0.00015 ( 2)
  10 I   0.97850 0.02147 0.00002 0.00001 ( 1)
  11 Y   0.54197 0.45739 0.00043 0.00021 ( 1)
  12 T   0.06692 0.93280 0.00000 0.00028 ( 2)
  13 D   0.98692 0.01306 0.00001 0.00000 ( 1)
  14 P   0.91216 0.08783 0.00000 0.00000 ( 1)
  15 L   0.60158 0.39742 0.00065 0.00035 ( 1)
  16 G   0.97263 0.02737 0.00000 0.00000 ( 1)
  17 Y   0.05396 0.94567 0.00018 0.00019 ( 2)
  18 T   0.05727 0.93482 0.00095 0.00696 ( 2)
  19 G   0.85200 0.14799 0.00000 0.00000 ( 1)
  20 Y   0.22755 0.77183 0.00010 0.00053 ( 2)
  21 S   0.01130 0.98734 0.00001 0.00135 ( 2)
  22 N   0.20953 0.78816 0.00173 0.00058 ( 2)
  23 D   0.00488 0.80166 0.12991 0.06355 ( 2)
  24 E   0.69751 0.30225 0.00015 0.00009 ( 1)
  25 H   0.77439 0.22543 0.00012 0.00005 ( 1)
  26 P   0.85291 0.14708 0.00000 0.00000 ( 1)
  27 T   0.01090 0.98796 0.00002 0.00112 ( 2)
  28 Y   0.07371 0.92449 0.00122 0.00058 ( 2)
  29 Y   0.96663 0.03335 0.00001 0.00001 ( 1)
  30 -   0.11501 0.88036 0.00195 0.00268 ( 2)
  31 S   0.67444 0.32547 0.00001 0.00007 ( 1)
  32 S   0.55389 0.44318 0.00196 0.00097 ( 1)
  33 A   0.06821 0.93106 0.00010 0.00063 ( 2)
  34 K   0.00029 0.44828 0.37509 0.17634 ( 2)
  35 P   0.00001 0.85702 0.01553 0.12743 ( 2)
  36 F   0.92149 0.07849 0.00001 0.00001 ( 1)
  37 S   0.00023 0.55509 0.25049 0.19419 ( 2)
  38 S   0.13085 0.81926 0.02810 0.02179 ( 2)
  39 I   0.96210 0.03789 0.00001 0.00001 ( 1)
  40 E   0.92877 0.07121 0.00001 0.00001 ( 1)
  41 S   0.88566 0.11404 0.00022 0.00008 ( 1)
  42 R   0.01998 0.36655 0.40112 0.21235 ( 3)
  43 A   0.85845 0.14145 0.00005 0.00005 ( 1)
  44 V   0.09802 0.90057 0.00020 0.00121 ( 2)
  45 L   0.37586 0.62412 0.00000 0.00002 ( 2)
  46 A   0.01152 0.97601 0.00793 0.00454 ( 2)
  47 P   0.73352 0.26647 0.00000 0.00000 ( 1)
  48 S   0.00226 0.65816 0.03588 0.30370 ( 2)
  49 L   0.88538 0.11461 0.00000 0.00000 ( 1)
  50 F   0.79562 0.20437 0.00001 0.00001 ( 1)
  51 K   0.39527 0.60473 0.00000 0.00001 ( 2)
  52 W   0.71880 0.28120 0.00000 0.00000 ( 1)
  53 I   0.25721 0.74218 0.00030 0.00030 ( 2)
  54 T   0.97340 0.02657 0.00002 0.00001 ( 1)
  55 Q   0.01805 0.98070 0.00016 0.00109 ( 2)
  56 L   0.12012 0.81877 0.03947 0.02163 ( 2)
  57 E   0.00059 0.99646 0.00032 0.00263 ( 2)
  58 V   0.95127 0.04855 0.00011 0.00007 ( 1)
  59 Y   0.00078 0.53894 0.31183 0.14845 ( 2)
  60 T   0.00077 0.88599 0.01298 0.10026 ( 2)
  61 K   0.00111 0.99820 0.00001 0.00068 ( 2)
  62 K   0.00000 0.09685 0.01039 0.89276 ( 4)
  63 Y   0.00480 0.99429 0.00001 0.00090 ( 2)
  64 S   0.00000 0.91290 0.00007 0.08703 ( 2)
  65 Y   0.01372 0.97908 0.00077 0.00642 ( 2)
  66 S   0.00248 0.99618 0.00002 0.00133 ( 2)
  67 S   0.12001 0.87640 0.00198 0.00161 ( 2)
  68 Q   0.00001 0.73969 0.00022 0.26008 ( 2)
  69 Y   0.08162 0.89791 0.01386 0.00661 ( 2)
  70 T   0.65455 0.27974 0.04603 0.01967 ( 1)
  71 T   0.37874 0.61591 0.00305 0.00231 ( 2)
  72 L   0.00181 0.99614 0.00002 0.00203 ( 2)
  73 W   0.18792 0.81189 0.00010 0.00009 ( 2)
  74 T   0.64476 0.33734 0.01254 0.00536 ( 1)
  75 G   0.92148 0.07852 0.00000 0.00000 ( 1)
  76 L   0.11521 0.88462 0.00001 0.00016 ( 2)
  77 R   0.03288 0.96678 0.00004 0.00030 ( 2)
  78 V   0.88196 0.11801 0.00001 0.00001 ( 1)
  79 I   0.00202 0.98811 0.00173 0.00813 ( 2)
  80 A   0.23426 0.76528 0.00007 0.00039 ( 2)
  81 Q   0.02474 0.97344 0.00016 0.00165 ( 2)
  82 P   0.01315 0.98615 0.00009 0.00061 ( 2)
  83 T   0.97340 0.02657 0.00002 0.00001 ( 1)
  84 K   0.00227 0.97605 0.00365 0.01803 ( 2)
  85 D   0.01030 0.88719 0.01894 0.08357 ( 2)
  86 F   0.00008 0.95314 0.00057 0.04620 ( 2)
  87 T   0.00001 0.82929 0.00020 0.17049 ( 2)
  88 D   0.07027 0.92906 0.00013 0.00055 ( 2)
  89 T   0.00122 0.83339 0.02458 0.14081 ( 2)
  90 V   0.00667 0.99282 0.00001 0.00051 ( 2)
  91 Y   0.72718 0.27265 0.00012 0.00006 ( 1)
  92 D   0.37534 0.61464 0.00744 0.00258 ( 2)
  93 Y   0.40045 0.59943 0.00001 0.00011 ( 2)
  94 G   0.92148 0.07852 0.00000 0.00000 ( 1)
  95 S   0.02270 0.91979 0.04202 0.01549 ( 2)
  96 S   0.68184 0.31692 0.00083 0.00041 ( 1)
  97 S   0.83008 0.16982 0.00005 0.00005 ( 1)
  98 G   0.73850 0.26061 0.00061 0.00028 ( 1)
  99 S   0.67564 0.32314 0.00081 0.00040 ( 1)
 100 E   0.00027 0.97612 0.00220 0.02141 ( 2)
 101 N   0.00010 0.81638 0.01759 0.16594 ( 2)
 102 K   0.00072 0.73235 0.15584 0.11108 ( 2)
 103 D   0.00015 0.29864 0.52084 0.18037 ( 3)
 104 V   0.15739 0.84028 0.00132 0.00102 ( 2)
 105 F   0.97862 0.02137 0.00000 0.00000 ( 1)
 106 D   0.38249 0.61746 0.00001 0.00004 ( 2)
 107 L   0.88204 0.11749 0.00030 0.00017 ( 1)
 108 Y   0.01362 0.98627 0.00002 0.00010 ( 2)
 109 G   0.00336 0.95871 0.01814 0.01980 ( 2)
 110 N   0.59157 0.40828 0.00003 0.00012 ( 1)
 111 D   0.98692 0.01306 0.00001 0.00000 ( 1)
 112 V   0.58760 0.41115 0.00080 0.00046 ( 1)
 113 Y   0.96663 0.03335 0.00001 0.00001 ( 1)
 114 D   0.04518 0.95359 0.00076 0.00048 ( 2)
 115 T   0.00082 0.97360 0.00247 0.02311 ( 2)
 116 Q   0.00983 0.96912 0.01228 0.00878 ( 2)
 117 S   0.14551 0.84314 0.00829 0.00306 ( 2)
 118 V   0.00106 0.96283 0.00180 0.03432 ( 2)
 119 V   0.00646 0.99300 0.00000 0.00053 ( 2)
 120 S   0.00704 0.98507 0.00091 0.00698 ( 2)
 121 S   0.03534 0.95070 0.00684 0.00712 ( 2)
 122 Y   0.01204 0.98542 0.00004 0.00251 ( 2)
 123 K   0.00971 0.98999 0.00000 0.00030 ( 2)
 124 P   0.01231 0.92199 0.00087 0.06484 ( 2)
 125 T   0.09056 0.90886 0.00006 0.00051 ( 2)
 126 G   0.01515 0.98448 0.00001 0.00037 ( 2)
 127 G   0.01032 0.98891 0.00001 0.00076 ( 2)
 128 G   0.00142 0.99773 0.00001 0.00084 ( 2)
 129 H   0.56151 0.43838 0.00002 0.00009 ( 1)
 130 F   0.00963 0.11523 0.61403 0.26110 ( 3)
 131 G   0.21779 0.78052 0.00086 0.00083 ( 2)
 132 V   0.09609 0.90348 0.00001 0.00043 ( 2)
 133 P   0.95816 0.04184 0.00000 0.00000 ( 1)
 134 Q   0.00000 0.04209 0.48544 0.47247 ( 3)
 135 F   0.10585 0.88933 0.00338 0.00144 ( 2)
 136 R   0.00512 0.91902 0.00091 0.07495 ( 2)
 137 L   0.88538 0.11461 0.00000 0.00000 ( 1)
 138 F   0.09439 0.90544 0.00000 0.00016 ( 2)
 139 W   0.00066 0.84301 0.07851 0.07783 ( 2)
 140 I   0.97530 0.02466 0.00002 0.00001 ( 1)
 141 T   0.71021 0.28951 0.00005 0.00024 ( 1)
 142 K   0.00001 0.01210 0.63123 0.35666 ( 3)
 143 S   0.00501 0.98386 0.00015 0.01097 ( 2)
 144 N   0.98655 0.01342 0.00002 0.00001 ( 1)
 145 G   0.00000 0.41278 0.00045 0.58677 ( 4)
 146 L   0.83927 0.16054 0.00011 0.00009 ( 1)
 147 R   0.00066 0.99810 0.00000 0.00123 ( 2)
 148 E   0.64989 0.34995 0.00002 0.00014 ( 1)
 149 Q   0.04567 0.93987 0.00795 0.00650 ( 2)
 150 I   0.00008 0.08882 0.62775 0.28335 ( 3)
 151 F   0.97352 0.02646 0.00002 0.00001 ( 1)
 152 N   0.19782 0.80016 0.00151 0.00051 ( 2)
 153 Y   0.16204 0.83430 0.00248 0.00118 ( 2)
 154 A   0.00003 0.37298 0.05693 0.57007 ( 4)
 155 N   0.00716 0.98536 0.00014 0.00734 ( 2)
 156 N   0.86445 0.12961 0.00445 0.00150 ( 1)
 157 M   0.09776 0.90198 0.00001 0.00024 ( 2)
 158 G   0.06324 0.93461 0.00147 0.00069 ( 2)
 159 -   0.93001 0.06995 0.00002 0.00001 ( 1)
 160 S   0.15742 0.84147 0.00074 0.00037 ( 2)
 161 Y   0.00372 0.99249 0.00030 0.00349 ( 2)
 162 S   0.00001 0.01817 0.71743 0.26440 ( 3)
 163 A   0.00086 0.99743 0.00002 0.00169 ( 2)
 164 Y   0.00035 0.35601 0.43604 0.20760 ( 3)
 165 R   0.03196 0.95932 0.00483 0.00389 ( 2)
 166 F   0.69148 0.30845 0.00001 0.00005 ( 1)
 167 S   0.06221 0.93421 0.00193 0.00165 ( 2)
 168 K   0.20140 0.79797 0.00037 0.00026 ( 2)
 169 D   0.15584 0.84272 0.00016 0.00128 ( 2)
 170 E   0.09474 0.90291 0.00157 0.00078 ( 2)
 171 L   0.88538 0.11461 0.00000 0.00000 ( 1)
 172 P   0.82755 0.17240 0.00003 0.00002 ( 1)
 173 I   0.96210 0.03789 0.00001 0.00001 ( 1)
 174 E   0.67990 0.31962 0.00032 0.00016 ( 1)
 175 L   0.05200 0.94279 0.00273 0.00249 ( 2)
 176 L   0.02187 0.96900 0.00478 0.00435 ( 2)
 177 Q   0.00768 0.98970 0.00002 0.00260 ( 2)
 178 P   0.00000 0.63391 0.00194 0.36415 ( 2)
 179 P   0.95816 0.04184 0.00000 0.00000 ( 1)
 180 L   0.56416 0.43562 0.00003 0.00019 ( 1)
 181 F   0.57418 0.42569 0.00002 0.00011 ( 1)
 182 G   0.92148 0.07852 0.00000 0.00000 ( 1)
 183 D   0.98692 0.01306 0.00001 0.00000 ( 1)
 184 I   0.34279 0.60640 0.03432 0.01648 ( 2)
 185 E   0.87154 0.12845 0.00000 0.00000 ( 1)
 186 E   0.96376 0.03623 0.00001 0.00000 ( 1)
 187 Y   0.88900 0.11097 0.00001 0.00002 ( 1)
 188 S   0.85630 0.14306 0.00047 0.00017 ( 1)
 189 H   0.98009 0.01991 0.00000 0.00000 ( 1)
 190 R   0.84083 0.15911 0.00003 0.00003 ( 1)
 191 L   0.88538 0.11461 0.00000 0.00000 ( 1)
 192 S   0.98703 0.01297 0.00000 0.00000 ( 1)
 193 H   0.06762 0.92643 0.00299 0.00295 ( 2)
 194 V   0.76620 0.23311 0.00048 0.00021 ( 1)
 195 S   0.86929 0.13063 0.00005 0.00004 ( 1)
 196 E   0.90555 0.09440 0.00002 0.00002 ( 1)
 197 V   0.72417 0.27510 0.00046 0.00027 ( 1)
 198 I   0.02096 0.90824 0.05046 0.02035 ( 2)
 199 K   0.17395 0.80209 0.01630 0.00766 ( 2)
 200 D   0.00189 0.87570 0.09092 0.03149 ( 2)
 201 Y   0.01183 0.93310 0.03730 0.01777 ( 2)
 202 G   0.83514 0.16484 0.00001 0.00001 ( 1)
 203 E   0.00334 0.99589 0.00008 0.00069 ( 2)
 204 -   0.39396 0.54033 0.02771 0.03800 ( 2)
 205 -   0.39396 0.54033 0.02771 0.03800 ( 2)
 206 -   0.39396 0.54033 0.02771 0.03800 ( 2)
 207 -   0.39396 0.54033 0.02771 0.03800 ( 2)
 208 -   0.39396 0.54033 0.02771 0.03800 ( 2)
 209 -   0.39396 0.54033 0.02771 0.03800 ( 2)
 210 -   0.39396 0.54033 0.02771 0.03800 ( 2)
 211 -   0.39396 0.54033 0.02771 0.03800 ( 2)
 212 G   0.92148 0.07852 0.00000 0.00000 ( 1)
 213 I   0.09540 0.89877 0.00329 0.00255 ( 2)
 214 I   0.97850 0.02147 0.00002 0.00001 ( 1)
 215 P   0.93453 0.06546 0.00001 0.00000 ( 1)
 216 V   0.88104 0.11856 0.00026 0.00015 ( 1)
 217 L   0.88538 0.11461 0.00000 0.00000 ( 1)
 218 G   0.94479 0.05510 0.00008 0.00004 ( 1)
 219 W   0.01987 0.98012 0.00000 0.00001 ( 2)
 220 T   0.94887 0.05090 0.00015 0.00008 ( 1)
 221 H   0.98009 0.01991 0.00000 0.00000 ( 1)
 222 V   0.11428 0.87656 0.00582 0.00334 ( 2)
 223 S   0.90040 0.09884 0.00038 0.00038 ( 1)


lnL = -2863.491056

