Supplemental results for CODEML (seqf: algn  treef: tree)


dN/dS (w) for site classes (K=4)

site class             0        1       2a       2b
proportion       0.64207  0.35793  0.00000  0.00000
background w     0.07123  1.00000  0.07123  1.00000
foreground w     0.07123  1.00000  1.00000  1.00000

Naive Empirical Bayes (NEB) probabilities for 4 classes
(amino acids refer to 1st sequence: BT_Cry7Cb1)

   1 -   0.64208 0.35792 0.00000 0.00000 ( 1)
   2 -   0.64208 0.35792 0.00000 0.00000 ( 1)
   3 A   0.92234 0.07766 0.00000 0.00000 ( 1)
   4 G   0.99786 0.00214 0.00000 0.00000 ( 1)
   5 G   0.01237 0.98763 0.00000 0.00000 ( 2)
   6 I   0.93657 0.06343 0.00000 0.00000 ( 1)
   7 V   0.06776 0.93224 0.00000 0.00000 ( 2)
   8 A   0.29705 0.70295 0.00000 0.00000 ( 2)
   9 L   0.89962 0.10038 0.00000 0.00000 ( 1)
  10 F   0.96286 0.03714 0.00000 0.00000 ( 1)
  11 T   0.88734 0.11266 0.00000 0.00000 ( 1)
  12 E   0.00398 0.99602 0.00000 0.00000 ( 2)
  13 V   0.07609 0.92391 0.00000 0.00000 ( 2)
  14 L   0.41279 0.58721 0.00000 0.00000 ( 2)
  15 R   0.36841 0.63159 0.00000 0.00000 ( 2)
  16 L   0.08340 0.91660 0.00000 0.00000 ( 2)
  17 L   0.98646 0.01354 0.00000 0.00000 ( 1)
  18 W   0.96743 0.03257 0.00000 0.00000 ( 1)
  19 P   0.99695 0.00305 0.00000 0.00000 ( 1)
  20 N   0.00621 0.99379 0.00000 0.00000 ( 2)
  21 K   0.06924 0.93076 0.00000 0.00000 ( 2)
  22 Q   0.00696 0.99304 0.00000 0.00000 ( 2)
  23 D   0.00018 0.99982 0.00000 0.00000 ( 2)
  24 E   0.00077 0.99923 0.00000 0.00000 ( 2)
  25 L   0.70838 0.29162 0.00000 0.00000 ( 1)
  26 W   0.96743 0.03257 0.00000 0.00000 ( 1)
  27 E   0.94455 0.05545 0.00000 0.00000 ( 1)
  28 S   0.00583 0.99417 0.00000 0.00000 ( 2)
  29 F   0.96248 0.03752 0.00000 0.00000 ( 1)
  30 M   0.99945 0.00055 0.00000 0.00000 ( 1)
  31 K   0.01274 0.98726 0.00000 0.00000 ( 2)
  32 E   0.97200 0.02800 0.00000 0.00000 ( 1)
  33 V   0.99350 0.00650 0.00000 0.00000 ( 1)
  34 E   0.99411 0.00589 0.00000 0.00000 ( 1)
  35 K   0.00070 0.99930 0.00000 0.00000 ( 2)
  36 L   0.99493 0.00507 0.00000 0.00000 ( 1)
  37 I   0.99618 0.00382 0.00000 0.00000 ( 1)
  38 E   0.18299 0.81701 0.00000 0.00000 ( 2)
  39 Q   0.99760 0.00240 0.00000 0.00000 ( 1)
  40 E   0.89783 0.10217 0.00000 0.00000 ( 1)
  41 I   0.99711 0.00289 0.00000 0.00000 ( 1)
  42 T   0.93872 0.06128 0.00000 0.00000 ( 1)
  43 D   0.44416 0.55584 0.00000 0.00000 ( 2)
  44 A   0.08258 0.91742 0.00000 0.00000 ( 2)
  45 V   0.90354 0.09646 0.00000 0.00000 ( 1)
  46 V   0.45033 0.54967 0.00000 0.00000 ( 2)
  47 S   0.01486 0.98514 0.00000 0.00000 ( 2)
  48 K   0.94139 0.05861 0.00000 0.00000 ( 1)
  49 A   0.99579 0.00421 0.00000 0.00000 ( 1)
  50 L   0.97993 0.02007 0.00000 0.00000 ( 1)
  51 A   0.51491 0.48509 0.00000 0.00000 ( 1)
  52 E   0.95891 0.04109 0.00000 0.00000 ( 1)
  53 L   0.98954 0.01046 0.00000 0.00000 ( 1)
  54 E   0.41421 0.58579 0.00000 0.00000 ( 2)
  55 G   0.99543 0.00457 0.00000 0.00000 ( 1)
  56 L   0.99046 0.00954 0.00000 0.00000 ( 1)
  57 R   0.28457 0.71543 0.00000 0.00000 ( 2)
  58 N   0.96200 0.03800 0.00000 0.00000 ( 1)
  59 A   0.02206 0.97794 0.00000 0.00000 ( 2)
  60 L   0.13880 0.86120 0.00000 0.00000 ( 2)
  61 Q   0.04948 0.95052 0.00000 0.00000 ( 2)
  62 G   0.30301 0.69699 0.00000 0.00000 ( 2)
  63 Y   0.94269 0.05731 0.00000 0.00000 ( 1)
  64 T   0.03480 0.96520 0.00000 0.00000 ( 2)
  65 D   0.00669 0.99331 0.00000 0.00000 ( 2)
  66 A   0.93749 0.06251 0.00000 0.00000 ( 1)
  67 L   0.99035 0.00965 0.00000 0.00000 ( 1)
  68 E   0.94814 0.05186 0.00000 0.00000 ( 1)
  69 A   0.14269 0.85731 0.00000 0.00000 ( 2)
  70 W   0.96743 0.03257 0.00000 0.00000 ( 1)
  71 Q   0.84177 0.15823 0.00000 0.00000 ( 1)
  72 N   0.80770 0.19230 0.00000 0.00000 ( 1)
  73 N   0.99869 0.00131 0.00000 0.00000 ( 1)
  74 R   0.85953 0.14047 0.00000 0.00000 ( 1)
  75 S   0.95689 0.04311 0.00000 0.00000 ( 1)
  76 D   0.52431 0.47569 0.00000 0.00000 ( 1)
  77 K   0.97044 0.02956 0.00000 0.00000 ( 1)
  78 L   0.66835 0.33165 0.00000 0.00000 ( 1)
  79 K   0.00232 0.99768 0.00000 0.00000 ( 2)
  80 Q   0.06503 0.93497 0.00000 0.00000 ( 2)
  81 L   0.09705 0.90295 0.00000 0.00000 ( 2)
  82 L   0.20873 0.79127 0.00000 0.00000 ( 2)
  83 V   0.98736 0.01264 0.00000 0.00000 ( 1)
  84 Y   0.00114 0.99886 0.00000 0.00000 ( 2)
  85 D   0.01009 0.98991 0.00000 0.00000 ( 2)
  86 R   0.89706 0.10294 0.00000 0.00000 ( 1)
  87 F   0.96215 0.03785 0.00000 0.00000 ( 1)
  88 V   0.32987 0.67013 0.00000 0.00000 ( 2)
  89 S   0.00434 0.99566 0.00000 0.00000 ( 2)
  90 T   0.33635 0.66365 0.00000 0.00000 ( 2)
  91 E   0.94762 0.05238 0.00000 0.00000 ( 1)
  92 N   0.00416 0.99584 0.00000 0.00000 ( 2)
  93 L   0.10943 0.89057 0.00000 0.00000 ( 2)
  94 F   0.99850 0.00150 0.00000 0.00000 ( 1)
  95 K   0.11971 0.88029 0.00000 0.00000 ( 2)
  96 F   0.00025 0.99975 0.00000 0.00000 ( 2)
  97 A   0.00891 0.99109 0.00000 0.00000 ( 2)
  98 M   0.77844 0.22156 0.00000 0.00000 ( 1)
  99 P   0.99515 0.00485 0.00000 0.00000 ( 1)
 100 S   0.99637 0.00363 0.00000 0.00000 ( 1)
 101 F   0.99850 0.00150 0.00000 0.00000 ( 1)
 102 R   0.23623 0.76377 0.00000 0.00000 ( 2)
 103 V   0.02837 0.97163 0.00000 0.00000 ( 2)
 104 G   0.00042 0.99958 0.00000 0.00000 ( 2)
 105 G   0.99703 0.00297 0.00000 0.00000 ( 1)
 106 F   0.06319 0.93681 0.00000 0.00000 ( 2)
 107 E   0.99665 0.00335 0.00000 0.00000 ( 1)
 108 V   0.87996 0.12004 0.00000 0.00000 ( 1)
 109 P   0.99825 0.00175 0.00000 0.00000 ( 1)
 110 L   0.99046 0.00954 0.00000 0.00000 ( 1)
 111 L   0.97561 0.02439 0.00000 0.00000 ( 1)
 112 T   0.93679 0.06321 0.00000 0.00000 ( 1)
 113 V   0.99350 0.00650 0.00000 0.00000 ( 1)
 114 Y   0.99630 0.00370 0.00000 0.00000 ( 1)
 115 A   0.99683 0.00317 0.00000 0.00000 ( 1)
 116 Q   0.99760 0.00240 0.00000 0.00000 ( 1)
 117 A   0.99204 0.00796 0.00000 0.00000 ( 1)
 118 A   0.99646 0.00354 0.00000 0.00000 ( 1)
 119 N   0.99680 0.00320 0.00000 0.00000 ( 1)
 120 L   0.98634 0.01366 0.00000 0.00000 ( 1)
 121 H   0.99565 0.00435 0.00000 0.00000 ( 1)
 122 L   0.98864 0.01136 0.00000 0.00000 ( 1)
 123 L   0.04497 0.95503 0.00000 0.00000 ( 2)
 124 L   0.99046 0.00954 0.00000 0.00000 ( 1)
 125 L   0.99046 0.00954 0.00000 0.00000 ( 1)
 126 K   0.83813 0.16187 0.00000 0.00000 ( 1)
 127 N   0.97728 0.02272 0.00000 0.00000 ( 1)
 128 S   0.95494 0.04506 0.00000 0.00000 ( 1)
 129 E   0.18829 0.81171 0.00000 0.00000 ( 2)
 130 L   0.88581 0.11419 0.00000 0.00000 ( 1)
 131 F   0.99825 0.00175 0.00000 0.00000 ( 1)
 132 G   0.99502 0.00498 0.00000 0.00000 ( 1)
 133 A   0.92410 0.07590 0.00000 0.00000 ( 1)
 134 E   0.92878 0.07122 0.00000 0.00000 ( 1)
 135 W   0.96743 0.03257 0.00000 0.00000 ( 1)
 136 G   0.99640 0.00360 0.00000 0.00000 ( 1)
 137 M   0.46007 0.53993 0.00000 0.00000 ( 2)
 138 Q   0.01122 0.98878 0.00000 0.00000 ( 2)
 139 Q   0.38563 0.61437 0.00000 0.00000 ( 2)
 140 Y   0.00053 0.99947 0.00000 0.00000 ( 2)
 141 E   0.75212 0.24788 0.00000 0.00000 ( 1)
 142 I   0.99697 0.00303 0.00000 0.00000 ( 1)
 143 D   0.03111 0.96889 0.00000 0.00000 ( 2)
 144 L   0.00063 0.99937 0.00000 0.00000 ( 2)
 145 F   0.94508 0.05492 0.00000 0.00000 ( 1)
 146 Y   0.99499 0.00501 0.00000 0.00000 ( 1)
 147 N   0.98065 0.01935 0.00000 0.00000 ( 1)
 148 E   0.43184 0.56816 0.00000 0.00000 ( 2)
 149 Q   0.99560 0.00440 0.00000 0.00000 ( 1)
 150 K   0.45414 0.54586 0.00000 0.00000 ( 2)
 151 D   0.01049 0.98951 0.00000 0.00000 ( 2)
 152 Y   0.04330 0.95670 0.00000 0.00000 ( 2)
 153 V   0.09719 0.90281 0.00000 0.00000 ( 2)
 154 V   0.35071 0.64929 0.00000 0.00000 ( 2)
 155 E   0.97200 0.02800 0.00000 0.00000 ( 1)
 156 Y   0.99206 0.00794 0.00000 0.00000 ( 1)
 157 T   0.90653 0.09347 0.00000 0.00000 ( 1)
 158 D   0.99784 0.00216 0.00000 0.00000 ( 1)
 159 H   0.97628 0.02372 0.00000 0.00000 ( 1)
 160 C   0.99672 0.00328 0.00000 0.00000 ( 1)
 161 V   0.99308 0.00692 0.00000 0.00000 ( 1)
 162 K   0.36475 0.63525 0.00000 0.00000 ( 2)
 163 W   0.96743 0.03257 0.00000 0.00000 ( 1)
 164 Y   0.99630 0.00370 0.00000 0.00000 ( 1)
 165 T   0.00417 0.99583 0.00000 0.00000 ( 2)
 166 E   0.04113 0.95887 0.00000 0.00000 ( 2)
 167 G   0.98420 0.01580 0.00000 0.00000 ( 1)
 168 L   0.99046 0.00954 0.00000 0.00000 ( 1)
 169 N   0.97822 0.02178 0.00000 0.00000 ( 1)
 170 R   0.00566 0.99434 0.00000 0.00000 ( 2)
 171 L   0.98686 0.01314 0.00000 0.00000 ( 1)
 172 K   0.99581 0.00419 0.00000 0.00000 ( 1)
 173 N   0.85499 0.14501 0.00000 0.00000 ( 1)
 174 A   0.26851 0.73149 0.00000 0.00000 ( 2)
 175 S   0.80480 0.19520 0.00000 0.00000 ( 1)
 176 G   0.99580 0.00420 0.00000 0.00000 ( 1)
 177 V   0.04760 0.95240 0.00000 0.00000 ( 2)
 178 K   0.98333 0.01667 0.00000 0.00000 ( 1)
 179 G   0.94056 0.05944 0.00000 0.00000 ( 1)
 180 K   0.45920 0.54080 0.00000 0.00000 ( 2)
 181 V   0.00292 0.99708 0.00000 0.00000 ( 2)
 182 W   0.96743 0.03257 0.00000 0.00000 ( 1)
 183 E   0.19102 0.80898 0.00000 0.00000 ( 2)
 184 E   0.00614 0.99386 0.00000 0.00000 ( 2)
 185 Y   0.99630 0.00370 0.00000 0.00000 ( 1)
 186 N   0.86677 0.13323 0.00000 0.00000 ( 1)
 187 R   0.72182 0.27818 0.00000 0.00000 ( 1)
 188 F   0.99513 0.00487 0.00000 0.00000 ( 1)
 189 R   0.97571 0.02429 0.00000 0.00000 ( 1)
 190 R   0.99850 0.00150 0.00000 0.00000 ( 1)
 191 E   0.99665 0.00335 0.00000 0.00000 ( 1)
 192 M   0.99945 0.00055 0.00000 0.00000 ( 1)
 193 T   0.99659 0.00341 0.00000 0.00000 ( 1)
 194 I   0.88206 0.11794 0.00000 0.00000 ( 1)
 195 M   0.17514 0.82486 0.00000 0.00000 ( 2)
 196 V   0.98906 0.01094 0.00000 0.00000 ( 1)
 197 L   0.98900 0.01100 0.00000 0.00000 ( 1)
 198 D   0.99838 0.00162 0.00000 0.00000 ( 1)
 199 L   0.14680 0.85320 0.00000 0.00000 ( 2)
 200 L   0.25855 0.74145 0.00000 0.00000 ( 2)
 201 P   0.45449 0.54551 0.00000 0.00000 ( 2)
 202 L   0.99046 0.00954 0.00000 0.00000 ( 1)
 203 F   0.99850 0.00150 0.00000 0.00000 ( 1)
 204 P   0.99825 0.00175 0.00000 0.00000 ( 1)
 205 I   0.15526 0.84474 0.00000 0.00000 ( 2)


lnL = -2345.730642

Bayes Empirical Bayes (BEB) probabilities for 4 classes (class)
(amino acids refer to 1st sequence: BT_Cry7Cb1)

   1 -   0.52871 0.33910 0.08047 0.05171 ( 1)
   2 -   0.52871 0.33910 0.08048 0.05171 ( 1)
   3 A   0.78038 0.09273 0.11322 0.01367 ( 1)
   4 G   0.87231 0.00179 0.12564 0.00026 ( 1)
   5 G   0.00355 0.86828 0.00051 0.12767 ( 2)
   6 I   0.80060 0.07330 0.11535 0.01075 ( 1)
   7 V   0.02213 0.85034 0.00317 0.12436 ( 2)
   8 A   0.14868 0.72408 0.02132 0.10592 ( 2)
   9 L   0.75234 0.12016 0.10972 0.01778 ( 1)
  10 F   0.82995 0.04459 0.11894 0.00652 ( 1)
  11 T   0.73427 0.13602 0.10930 0.02041 ( 1)
  12 E   0.00083 0.87271 0.00012 0.12633 ( 2)
  13 V   0.02517 0.84824 0.00357 0.12302 ( 2)
  14 L   0.22626 0.64549 0.03290 0.09535 ( 2)
  15 R   0.19622 0.67636 0.02824 0.09918 ( 2)
  16 L   0.03504 0.83643 0.00509 0.12344 ( 2)
  17 L   0.86020 0.01204 0.12598 0.00179 ( 1)
  18 W   0.83919 0.03068 0.12551 0.00462 ( 1)
  19 P   0.86902 0.00267 0.12791 0.00040 ( 1)
  20 N   0.00135 0.87204 0.00019 0.12642 ( 2)
  21 K   0.02226 0.84834 0.00327 0.12613 ( 2)
  22 Q   0.00207 0.86959 0.00030 0.12804 ( 2)
  23 D   0.00003 0.87336 0.00000 0.12661 ( 2)
  24 E   0.00012 0.87357 0.00002 0.12629 ( 2)
  25 L   0.54423 0.32812 0.07918 0.04847 ( 1)
  26 W   0.83919 0.03068 0.12551 0.00462 ( 1)
  27 E   0.81235 0.06305 0.11544 0.00916 ( 1)
  28 S   0.00127 0.86797 0.00019 0.13057 ( 2)
  29 F   0.83063 0.04391 0.11904 0.00642 ( 1)
  30 M   0.87353 0.00046 0.12595 0.00007 ( 1)
  31 K   0.00292 0.87048 0.00041 0.12619 ( 2)
  32 E   0.84178 0.03369 0.11963 0.00490 ( 1)
  33 V   0.86984 0.00544 0.12393 0.00079 ( 1)
  34 E   0.86692 0.00488 0.12747 0.00073 ( 1)
  35 K   0.00009 0.70005 0.00074 0.29911 ( 2)
  36 L   0.86842 0.00441 0.12651 0.00065 ( 1)
  37 I   0.87085 0.00317 0.12551 0.00047 ( 1)
  38 E   0.06865 0.80489 0.00973 0.11674 ( 2)
  39 Q   0.87091 0.00207 0.12672 0.00031 ( 1)
  40 E   0.75249 0.12278 0.10690 0.01784 ( 1)
  41 I   0.87362 0.00229 0.12376 0.00033 ( 1)
  42 T   0.80117 0.07292 0.11522 0.01068 ( 1)
  43 D   0.25433 0.61979 0.03601 0.08986 ( 2)
  44 A   0.03544 0.83448 0.00525 0.12484 ( 2)
  45 V   0.76059 0.11445 0.10831 0.01666 ( 1)
  46 V   0.24875 0.62515 0.03530 0.09079 ( 2)
  47 S   0.00387 0.86825 0.00056 0.12732 ( 2)
  48 K   0.80617 0.06889 0.11490 0.01003 ( 1)
  49 A   0.86964 0.00361 0.12621 0.00053 ( 1)
  50 L   0.85476 0.01790 0.12470 0.00265 ( 1)
  51 A   0.30718 0.56415 0.04496 0.08371 ( 2)
  52 E   0.82777 0.04767 0.11763 0.00693 ( 1)
  53 L   0.86350 0.00917 0.12598 0.00136 ( 1)
  54 E   0.23203 0.63903 0.03402 0.09493 ( 2)
  55 G   0.86923 0.00396 0.12622 0.00058 ( 1)
  56 L   0.86433 0.00834 0.12610 0.00123 ( 1)
  57 R   0.14181 0.72835 0.02097 0.10888 ( 2)
  58 N   0.82641 0.04444 0.12249 0.00665 ( 1)
  59 A   0.00664 0.86523 0.00096 0.12717 ( 2)
  60 L   0.05955 0.81043 0.00881 0.12121 ( 2)
  61 Q   0.01603 0.85477 0.00235 0.12685 ( 2)
  62 G   0.15533 0.71744 0.02228 0.10495 ( 2)
  63 Y   0.80443 0.06860 0.11684 0.01012 ( 1)
  64 T   0.01071 0.86189 0.00153 0.12586 ( 2)
  65 D   0.00152 0.87059 0.00022 0.12766 ( 2)
  66 A   0.80128 0.07331 0.11471 0.01071 ( 1)
  67 L   0.86099 0.00859 0.12912 0.00130 ( 1)
  68 E   0.81440 0.06101 0.11573 0.00886 ( 1)
  69 A   0.04980 0.82326 0.00709 0.11985 ( 2)
  70 W   0.83919 0.03068 0.12551 0.00462 ( 1)
  71 Q   0.68320 0.18950 0.09933 0.02798 ( 1)
  72 N   0.60394 0.27078 0.08590 0.03938 ( 1)
  73 N   0.87427 0.00105 0.12453 0.00015 ( 1)
  74 R   0.70168 0.16969 0.10335 0.02528 ( 1)
  75 S   0.82143 0.05208 0.11883 0.00766 ( 1)
  76 D   0.31329 0.56113 0.04430 0.08128 ( 2)
  77 K   0.84007 0.03507 0.11975 0.00511 ( 1)
  78 L   0.49446 0.37782 0.07192 0.05581 ( 1)
  79 K   0.00049 0.87009 0.00007 0.12935 ( 2)
  80 Q   0.02676 0.84292 0.00397 0.12634 ( 2)
  81 L   0.04202 0.82946 0.00610 0.12241 ( 2)
  82 L   0.10034 0.77090 0.01464 0.11412 ( 2)
  83 V   0.85984 0.01099 0.12752 0.00164 ( 1)
  84 Y   0.00023 0.87154 0.00003 0.12819 ( 2)
  85 D   0.00228 0.87127 0.00032 0.12613 ( 2)
  86 R   0.74921 0.12435 0.10817 0.01827 ( 1)
  87 F   0.83011 0.04443 0.11897 0.00649 ( 1)
  88 V   0.17340 0.69908 0.02497 0.10255 ( 2)
  89 S   0.00117 0.87012 0.00017 0.12853 ( 2)
  90 T   0.17523 0.69769 0.02510 0.10198 ( 2)
  91 E   0.81271 0.06269 0.11549 0.00911 ( 1)
  92 N   0.00091 0.87248 0.00013 0.12648 ( 2)
  93 L   0.04694 0.82455 0.00682 0.12169 ( 2)
  94 F   0.87340 0.00122 0.12519 0.00018 ( 1)
  95 K   0.04115 0.83224 0.00583 0.12077 ( 2)
  96 F   0.00004 0.87284 0.00001 0.12712 ( 2)
  97 A   0.00196 0.87100 0.00028 0.12676 ( 2)
  98 M   0.56206 0.31135 0.08092 0.04566 ( 1)
  99 P   0.86739 0.00431 0.12767 0.00064 ( 1)
 100 S   0.86932 0.00317 0.12704 0.00047 ( 1)
 101 F   0.87340 0.00122 0.12519 0.00018 ( 1)
 102 R   0.11400 0.75844 0.01640 0.11116 ( 2)
 103 V   0.00909 0.86016 0.00136 0.12940 ( 2)
 104 G   0.00008 0.87328 0.00001 0.12663 ( 2)
 105 G   0.87067 0.00253 0.12643 0.00037 ( 1)
 106 F   0.02017 0.85275 0.00287 0.12421 ( 2)
 107 E   0.87285 0.00270 0.12407 0.00039 ( 1)
 108 V   0.73698 0.13600 0.10696 0.02005 ( 1)
 109 P   0.87126 0.00151 0.12701 0.00022 ( 1)
 110 L   0.86433 0.00834 0.12610 0.00123 ( 1)
 111 L   0.85118 0.02147 0.12418 0.00318 ( 1)
 112 T   0.79694 0.07715 0.11461 0.01130 ( 1)
 113 V   0.86984 0.00544 0.12393 0.00079 ( 1)
 114 Y   0.86997 0.00317 0.12639 0.00047 ( 1)
 115 A   0.87205 0.00269 0.12487 0.00039 ( 1)
 116 Q   0.87091 0.00207 0.12672 0.00031 ( 1)
 117 A   0.86215 0.00688 0.12993 0.00104 ( 1)
 118 A   0.87171 0.00303 0.12483 0.00044 ( 1)
 119 N   0.86820 0.00270 0.12870 0.00040 ( 1)
 120 L   0.86087 0.01195 0.12541 0.00177 ( 1)
 121 H   0.86621 0.00378 0.12944 0.00057 ( 1)
 122 L   0.86260 0.01006 0.12585 0.00149 ( 1)
 123 L   0.01419 0.85871 0.00202 0.12507 ( 2)
 124 L   0.86433 0.00834 0.12610 0.00123 ( 1)
 125 L   0.86433 0.00834 0.12610 0.00123 ( 1)
 126 K   0.68641 0.18839 0.09777 0.02742 ( 1)
 127 N   0.84884 0.02642 0.12089 0.00384 ( 1)
 128 S   0.81933 0.05384 0.11889 0.00794 ( 1)
 129 E   0.08551 0.78823 0.01209 0.11417 ( 2)
 130 L   0.73796 0.13452 0.10761 0.01990 ( 1)
 131 F   0.87319 0.00144 0.12516 0.00021 ( 1)
 132 G   0.86627 0.00429 0.12879 0.00064 ( 1)
 133 A   0.78562 0.08894 0.11246 0.01299 ( 1)
 134 E   0.79314 0.08222 0.11269 0.01195 ( 1)
 135 W   0.83919 0.03068 0.12551 0.00462 ( 1)
 136 G   0.87101 0.00309 0.12545 0.00045 ( 1)
 137 M   0.25571 0.61715 0.03674 0.09040 ( 2)
 138 Q   0.00338 0.86828 0.00049 0.12785 ( 2)
 139 Q   0.20569 0.66627 0.02982 0.09821 ( 2)
 140 Y   0.00010 0.86860 0.00002 0.13128 ( 2)
 141 E   0.58938 0.28551 0.08365 0.04146 ( 1)
 142 I   0.87343 0.00248 0.12373 0.00036 ( 1)
 143 D   0.00971 0.86068 0.00143 0.12819 ( 2)
 144 L   0.00012 0.86981 0.00002 0.13005 ( 2)
 145 F   0.80991 0.06459 0.11606 0.00944 ( 1)
 146 Y   0.86469 0.00432 0.13034 0.00065 ( 1)
 147 N   0.85300 0.02227 0.12149 0.00324 ( 1)
 148 E   0.23401 0.64007 0.03313 0.09279 ( 2)
 149 Q   0.86912 0.00386 0.12645 0.00057 ( 1)
 150 K   0.25459 0.61626 0.03742 0.09172 ( 2)
 151 D   0.00305 0.86944 0.00044 0.12707 ( 2)
 152 Y   0.01335 0.85536 0.00201 0.12929 ( 2)
 153 V   0.04188 0.83157 0.00593 0.12062 ( 2)
 154 V   0.18396 0.69000 0.02603 0.10000 ( 2)
 155 E   0.84178 0.03369 0.11963 0.00490 ( 1)
 156 Y   0.86613 0.00701 0.12583 0.00103 ( 1)
 157 T   0.76027 0.11375 0.10932 0.01666 ( 1)
 158 D   0.87399 0.00173 0.12402 0.00025 ( 1)
 159 H   0.84549 0.02839 0.12195 0.00417 ( 1)
 160 C   0.86978 0.00286 0.12694 0.00042 ( 1)
 161 V   0.86796 0.00573 0.12546 0.00084 ( 1)
 162 K   0.19790 0.67583 0.02810 0.09817 ( 2)
 163 W   0.83919 0.03068 0.12551 0.00462 ( 1)
 164 Y   0.86997 0.00317 0.12639 0.00047 ( 1)
 165 T   0.00072 0.69858 0.00595 0.29474 ( 2)
 166 E   0.01308 0.86050 0.00185 0.12457 ( 2)
 167 G   0.85617 0.01439 0.12728 0.00216 ( 1)
 168 L   0.86433 0.00834 0.12610 0.00123 ( 1)
 169 N   0.85031 0.02496 0.12110 0.00363 ( 1)
 170 R   0.00160 0.86897 0.00024 0.12919 ( 2)
 171 L   0.85902 0.01163 0.12761 0.00174 ( 1)
 172 K   0.86806 0.00347 0.12795 0.00052 ( 1)
 173 N   0.73481 0.14020 0.10459 0.02040 ( 1)
 174 A   0.16463 0.70866 0.02347 0.10324 ( 2)
 175 S   0.68499 0.18829 0.09903 0.02769 ( 1)
 176 G   0.87052 0.00358 0.12538 0.00052 ( 1)
 177 V   0.01487 0.85852 0.00211 0.12451 ( 2)
 178 K   0.85606 0.01911 0.12204 0.00278 ( 1)
 179 G   0.80074 0.07235 0.11625 0.01067 ( 1)
 180 K   0.26271 0.60816 0.03862 0.09052 ( 2)
 181 V   0.00058 0.87278 0.00008 0.12656 ( 2)
 182 W   0.83919 0.03068 0.12551 0.00462 ( 1)
 183 E   0.09013 0.78076 0.01320 0.11591 ( 2)
 184 E   0.00135 0.86876 0.00020 0.12969 ( 2)
 185 Y   0.86997 0.00317 0.12639 0.00047 ( 1)
 186 N   0.71542 0.15954 0.10182 0.02321 ( 1)
 187 R   0.55027 0.32093 0.08100 0.04780 ( 1)
 188 F   0.87033 0.00429 0.12475 0.00063 ( 1)
 189 R   0.84613 0.02251 0.12795 0.00341 ( 1)
 190 R   0.87251 0.00126 0.12604 0.00019 ( 1)
 191 E   0.87285 0.00270 0.12407 0.00039 ( 1)
 192 M   0.87353 0.00046 0.12595 0.00007 ( 1)
 193 T   0.86749 0.00290 0.12917 0.00044 ( 1)
 194 I   0.73220 0.14157 0.10546 0.02076 ( 1)
 195 M   0.07995 0.79259 0.01147 0.11598 ( 2)
 196 V   0.86145 0.00939 0.12776 0.00140 ( 1)
 197 L   0.86299 0.00967 0.12590 0.00143 ( 1)
 198 D   0.87445 0.00128 0.12409 0.00019 ( 1)
 199 L   0.06743 0.80125 0.01014 0.12119 ( 2)
 200 L   0.12106 0.75066 0.01757 0.11071 ( 2)
 201 P   0.25630 0.61557 0.03725 0.09088 ( 2)
 202 L   0.86433 0.00834 0.12610 0.00123 ( 1)
 203 F   0.87340 0.00122 0.12519 0.00018 ( 1)
 204 P   0.87126 0.00151 0.12701 0.00022 ( 1)
 205 I   0.06844 0.80073 0.01023 0.12060 ( 2)

