Supplemental results for CODEML (seqf: algn  treef: tree)


dN/dS (w) for site classes (K=4)

site class             0        1       2a       2b
proportion       0.59442  0.33150  0.04756  0.02652
background w     0.07489  0.45877  0.07489  0.45877
foreground w     0.07489  0.45877 13.08683 13.08683

Naive Empirical Bayes (NEB) probabilities for 4 classes
(amino acids refer to 1st sequence: BT_Cry9Ca1)

   1 S   0.65623 0.33275 0.00607 0.00495 ( 1)
   2 N   0.95125 0.04461 0.00392 0.00022 ( 1)
   3 P   0.93507 0.05801 0.00633 0.00058 ( 1)
   4 Q   0.83599 0.16052 0.00286 0.00062 ( 1)
   5 L   0.95267 0.04403 0.00311 0.00020 ( 1)
   6 T   0.92251 0.07088 0.00600 0.00062 ( 1)
   7 R   0.94972 0.04757 0.00254 0.00018 ( 1)
   8 E   0.58542 0.23933 0.16075 0.01449 ( 1)
   9 V   0.61059 0.38179 0.00469 0.00293 ( 1)
  10 Y   0.95547 0.04087 0.00345 0.00021 ( 1)
  11 T   0.91879 0.07461 0.00595 0.00065 ( 1)
  12 D   0.97180 0.02415 0.00390 0.00015 ( 1)
  13 P   0.87692 0.11434 0.00764 0.00110 ( 1)
  14 I   0.72509 0.26817 0.00402 0.00272 ( 1)
  15 V   0.92573 0.07041 0.00352 0.00035 ( 1)
  16 F   0.77321 0.22355 0.00228 0.00096 ( 1)
  17 N   0.97035 0.02414 0.00529 0.00021 ( 1)
  18 P   0.91362 0.08169 0.00421 0.00048 ( 1)
  19 P   0.50280 0.29399 0.18249 0.02072 ( 1)
  20 A   0.94064 0.05418 0.00477 0.00041 ( 1)
  21 N   0.97035 0.02414 0.00529 0.00021 ( 1)
  22 V   0.09738 0.84082 0.00289 0.05891 ( 2)
  23 G   0.91086 0.08620 0.00263 0.00031 ( 1)
  24 L   0.51302 0.29571 0.12473 0.06654 ( 1)
  25 C   0.89969 0.09615 0.00360 0.00056 ( 1)
  26 R   0.89220 0.09454 0.01136 0.00190 ( 1)
  27 R   0.94972 0.04757 0.00254 0.00018 ( 1)
  28 W   0.80471 0.19068 0.00365 0.00096 ( 1)
  29 G   0.57675 0.41450 0.00465 0.00410 ( 1)
  30 T   0.83344 0.15527 0.00824 0.00305 ( 1)
  31 N   0.94655 0.04763 0.00549 0.00032 ( 1)
  32 P   0.91149 0.07773 0.00977 0.00102 ( 1)
  33 Y   0.95547 0.04087 0.00345 0.00021 ( 1)
  34 N   0.30484 0.68318 0.00185 0.01013 ( 2)
  35 T   0.92683 0.06458 0.00788 0.00072 ( 1)
  36 F   0.96393 0.03309 0.00284 0.00014 ( 1)
  37 S   0.87849 0.11120 0.00906 0.00125 ( 1)
  38 E   0.68845 0.30679 0.00292 0.00185 ( 1)
  39 L   0.94235 0.05375 0.00362 0.00029 ( 1)
  40 E   0.93037 0.06626 0.00307 0.00030 ( 1)
  41 N   0.97035 0.02414 0.00529 0.00021 ( 1)
  42 A   0.68712 0.30544 0.00492 0.00252 ( 1)
  43 F   0.90172 0.09443 0.00343 0.00041 ( 1)
  44 I   0.96509 0.02966 0.00501 0.00024 ( 1)
  45 R   0.80473 0.18896 0.00501 0.00130 ( 1)
  46 P   0.87629 0.11517 0.00742 0.00112 ( 1)
  47 P   0.90756 0.08769 0.00423 0.00052 ( 1)
  48 H   0.96492 0.03167 0.00325 0.00016 ( 1)
  49 L   0.66701 0.19585 0.12877 0.00837 ( 1)
  50 F   0.96393 0.03309 0.00284 0.00014 ( 1)
  51 D   0.82168 0.17392 0.00330 0.00110 ( 1)
  52 R   0.89457 0.10306 0.00209 0.00028 ( 1)
  53 L   0.80776 0.18632 0.00470 0.00122 ( 1)
  54 N   0.96647 0.02801 0.00527 0.00025 ( 1)
  55 S   0.65799 0.33363 0.00493 0.00344 ( 1)
  56 L   0.87273 0.12379 0.00298 0.00050 ( 1)
  57 T   0.93592 0.05752 0.00607 0.00050 ( 1)
  58 I   0.95513 0.03879 0.00573 0.00035 ( 1)
  59 S   0.04791 0.93957 0.00043 0.01209 ( 2)
  60 S   0.26277 0.64543 0.05950 0.03229 ( 2)
  61 N   0.75935 0.23367 0.00432 0.00266 ( 1)
  62 R   0.82097 0.14150 0.03097 0.00655 ( 1)
  63 F   0.77321 0.22355 0.00228 0.00096 ( 1)
  64 -   0.61783 0.30809 0.04943 0.02465 ( 1)
  65 -   0.62746 0.29846 0.05020 0.02388 ( 1)
  66 P   0.00159 0.00938 0.86260 0.12644 ( 3)
  67 V   0.29163 0.69961 0.00236 0.00640 ( 2)
  68 S   0.00271 0.07971 0.50770 0.40988 ( 3)
  69 S   0.19222 0.79941 0.00144 0.00692 ( 2)
  70 N   0.79784 0.19348 0.00656 0.00212 ( 1)
  71 F   0.71532 0.28135 0.00211 0.00121 ( 1)
  72 M   0.11223 0.84425 0.01659 0.02693 ( 2)
  73 D   0.63414 0.17372 0.18147 0.01067 ( 1)
  74 Y   0.03551 0.06575 0.84697 0.05177 ( 3)
  75 W   0.80471 0.19068 0.00365 0.00096 ( 1)
  76 S   0.55387 0.42997 0.00757 0.00859 ( 1)
  77 G   0.92853 0.06854 0.00268 0.00025 ( 1)
  78 H   0.96492 0.03167 0.00325 0.00016 ( 1)
  79 T   0.88859 0.10393 0.00661 0.00087 ( 1)
  80 L   0.87273 0.12379 0.00298 0.00050 ( 1)
  81 R   0.39386 0.59956 0.00245 0.00413 ( 2)
  82 R   0.69623 0.30079 0.00186 0.00112 ( 1)
  83 S   0.17026 0.82405 0.00065 0.00505 ( 2)
  84 Y   0.25066 0.59130 0.10504 0.05301 ( 2)
  85 L   0.02335 0.96345 0.00030 0.01290 ( 2)
  86 N   0.93723 0.05888 0.00361 0.00027 ( 1)
  87 D   0.24766 0.44848 0.21151 0.09235 ( 2)
  88 S   0.40545 0.58434 0.00394 0.00627 ( 2)
  89 A   0.64929 0.34530 0.00318 0.00224 ( 1)
  90 V   0.27346 0.72190 0.00104 0.00360 ( 2)
  91 Q   0.26496 0.73158 0.00077 0.00268 ( 2)
  92 E   0.94536 0.05169 0.00275 0.00020 ( 1)
  93 D   0.46008 0.53465 0.00185 0.00343 ( 2)
  94 S   0.97344 0.02273 0.00369 0.00014 ( 1)
  95 Y   0.93555 0.06075 0.00339 0.00031 ( 1)
  96 G   0.88664 0.10825 0.00449 0.00062 ( 1)
  97 L   0.01311 0.91953 0.00101 0.06635 ( 2)
  98 I   0.80321 0.19095 0.00426 0.00159 ( 1)
  99 T   0.93677 0.05353 0.00893 0.00078 ( 1)
 100 T   0.01289 0.75841 0.01890 0.20980 ( 2)
 101 T   0.00571 0.19303 0.40585 0.39541 ( 3)
 102 R   0.63779 0.35894 0.00186 0.00142 ( 1)
 103 A   0.00439 0.89383 0.00243 0.09935 ( 2)
 104 T   0.22035 0.77145 0.00143 0.00678 ( 2)
 105 I   0.74998 0.24412 0.00390 0.00199 ( 1)
 106 N   0.97035 0.02414 0.00529 0.00021 ( 1)
 107 P   0.01800 0.77627 0.02216 0.18357 ( 2)
 108 G   0.00578 0.06673 0.69579 0.23170 ( 3)
 109 V   0.11280 0.82519 0.02273 0.03929 ( 2)
 110 D   0.82329 0.16513 0.00860 0.00298 ( 1)
 111 G   0.91086 0.08620 0.00263 0.00031 ( 1)
 112 T   0.67904 0.30271 0.01112 0.00713 ( 1)
 113 N   0.00020 0.05886 0.13415 0.80679 ( 4)
 114 R   0.01824 0.96285 0.00030 0.01861 ( 2)
 115 I   0.31229 0.15181 0.49824 0.03766 ( 3)
 116 E   0.66330 0.33414 0.00160 0.00096 ( 1)
 117 S   0.88301 0.11188 0.00443 0.00068 ( 1)
 118 T   0.45124 0.53656 0.00492 0.00727 ( 2)
 119 A   0.92734 0.06769 0.00453 0.00044 ( 1)
 120 V   0.21570 0.77960 0.00082 0.00388 ( 2)
 121 D   0.87702 0.11871 0.00352 0.00076 ( 1)
 122 F   0.96393 0.03309 0.00284 0.00014 ( 1)
 123 R   0.70640 0.29062 0.00189 0.00108 ( 1)
 124 S   0.00121 0.16517 0.16332 0.67031 ( 4)
 125 A   0.03437 0.95264 0.00036 0.01263 ( 2)
 126 L   0.09757 0.82594 0.00774 0.06876 ( 2)
 127 I   0.03365 0.95544 0.00030 0.01060 ( 2)
 128 G   0.43908 0.54112 0.00771 0.01208 ( 2)
 129 I   0.17352 0.82059 0.00076 0.00513 ( 2)
 130 Y   0.94531 0.04851 0.00581 0.00037 ( 1)
 131 G   0.84597 0.14890 0.00428 0.00085 ( 1)
 132 V   0.59365 0.38994 0.00888 0.00753 ( 1)
 133 N   0.37185 0.61925 0.00209 0.00681 ( 2)
 134 R   0.04998 0.94617 0.00014 0.00370 ( 2)
 135 A   0.20851 0.78456 0.00102 0.00592 ( 2)
 136 S   0.22277 0.77139 0.00096 0.00488 ( 2)
 137 F   0.78406 0.21272 0.00231 0.00092 ( 1)
 138 V   0.12874 0.74343 0.05593 0.07190 ( 2)
 139 P   0.89255 0.09642 0.00977 0.00125 ( 1)
 140 G   0.23139 0.75681 0.00198 0.00983 ( 2)
 141 G   0.89876 0.09501 0.00549 0.00075 ( 1)
 142 L   0.08421 0.69439 0.08927 0.13213 ( 2)
 143 F   0.35055 0.64562 0.00103 0.00280 ( 2)
 144 N   0.88259 0.11160 0.00482 0.00100 ( 1)
 145 G   0.63976 0.35349 0.00398 0.00277 ( 1)
 146 T   0.53673 0.45487 0.00429 0.00411 ( 1)
 147 T   0.69771 0.29331 0.00514 0.00385 ( 1)
 148 S   0.00037 0.07725 0.19010 0.73228 ( 4)
 149 P   0.69281 0.30264 0.00280 0.00176 ( 1)
 150 A   0.24898 0.56933 0.12353 0.05816 ( 2)
 151 N   0.60489 0.10961 0.27437 0.01113 ( 1)
 152 G   0.16627 0.82693 0.00105 0.00575 ( 2)
 153 G   0.76140 0.23521 0.00243 0.00095 ( 1)
 154 C   0.95471 0.04268 0.00245 0.00015 ( 1)
 155 R   0.54588 0.45076 0.00159 0.00178 ( 1)
 156 D   0.09110 0.90028 0.00056 0.00807 ( 2)
 157 L   0.07251 0.84492 0.00713 0.07543 ( 2)
 158 Y   0.23311 0.75912 0.00172 0.00605 ( 2)
 159 D   0.46008 0.53465 0.00185 0.00343 ( 2)
 160 T   0.42210 0.22016 0.32557 0.03216 ( 1)
 161 N   0.06510 0.91768 0.00098 0.01624 ( 2)
 162 D   0.78388 0.21138 0.00331 0.00144 ( 1)
 163 E   0.72967 0.26713 0.00212 0.00107 ( 1)
 164 L   0.87058 0.12592 0.00298 0.00051 ( 1)
 165 P   0.91362 0.08169 0.00421 0.00048 ( 1)
 166 P   0.42634 0.55902 0.00584 0.00880 ( 2)
 167 D   0.21735 0.77461 0.00130 0.00674 ( 2)
 168 E   0.40024 0.59622 0.00117 0.00238 ( 2)
 169 S   0.76668 0.22560 0.00573 0.00199 ( 1)
 170 T   0.23114 0.61861 0.09157 0.05868 ( 2)
 171 G   0.78862 0.20834 0.00228 0.00076 ( 1)
 172 S   0.13724 0.23732 0.47845 0.14699 ( 3)
 173 S   0.09792 0.78032 0.04417 0.07759 ( 2)
 174 T   0.00041 0.09076 0.13936 0.76946 ( 4)
 175 H   0.80284 0.19347 0.00271 0.00098 ( 1)
 176 R   0.35982 0.63000 0.00322 0.00696 ( 2)
 177 L   0.86972 0.12413 0.00525 0.00090 ( 1)
 178 S   0.95319 0.04263 0.00393 0.00025 ( 1)
 179 H   0.96492 0.03167 0.00325 0.00016 ( 1)
 180 V   0.96178 0.03423 0.00379 0.00020 ( 1)
 181 T   0.92507 0.06629 0.00798 0.00066 ( 1)
 182 F   0.93765 0.05925 0.00283 0.00026 ( 1)
 183 F   0.54002 0.45500 0.00249 0.00249 ( 1)
 184 S   0.04050 0.95060 0.00023 0.00866 ( 2)
 185 F   0.93765 0.05925 0.00283 0.00026 ( 1)
 186 Q   0.00043 0.30962 0.02946 0.66049 ( 4)
 187 T   0.95182 0.04126 0.00649 0.00043 ( 1)
 188 N   0.41545 0.57701 0.00227 0.00527 ( 2)
 189 Q   0.83599 0.16052 0.00286 0.00062 ( 1)
 190 A   0.77325 0.22133 0.00378 0.00164 ( 1)
 191 G   0.87386 0.12282 0.00281 0.00050 ( 1)
 192 S   0.67481 0.31857 0.00414 0.00248 ( 1)
 193 I   0.28349 0.70898 0.00170 0.00584 ( 2)
 194 A   0.24697 0.74362 0.00195 0.00747 ( 2)
 195 N   0.82166 0.17232 0.00448 0.00154 ( 1)
 196 A   0.00749 0.98543 0.00004 0.00704 ( 2)
 197 G   0.84110 0.15241 0.00541 0.00108 ( 1)
 198 S   0.00101 0.81717 0.00118 0.18063 ( 2)
 199 V   0.91247 0.07422 0.01211 0.00120 ( 1)
 200 P   0.93481 0.06106 0.00377 0.00035 ( 1)
 201 T   0.17334 0.80918 0.00160 0.01588 ( 2)
 202 Y   0.95547 0.04087 0.00345 0.00021 ( 1)
 203 V   0.92857 0.06516 0.00575 0.00051 ( 1)
 204 W   0.80471 0.19068 0.00365 0.00096 ( 1)
 205 T   0.57455 0.41501 0.00539 0.00505 ( 1)
 206 R   0.66368 0.20470 0.12311 0.00851 ( 1)
 207 R   0.13056 0.86046 0.00094 0.00804 ( 2)
 208 D   0.97180 0.02415 0.00390 0.00015 ( 1)


lnL = -2385.808754

