Supplemental results for CODEML (seqf: algn  treef: tree)


dN/dS (w) for site classes (K=4)

site class             0        1       2a       2b
proportion       0.59501  0.28392  0.08197  0.03911
background w     0.17161  1.00000  0.17161  1.00000
foreground w     0.17161  1.00000  5.11995  5.11995

Naive Empirical Bayes (NEB) probabilities for 4 classes
(amino acids refer to 1st sequence: BT_Cry69Aa1)

   1 -   0.45727 0.37079 0.11640 0.05554 ( 1)
   2 G   0.03834 0.56764 0.26674 0.12728 ( 2)
   3 T   0.06531 0.89300 0.02822 0.01347 ( 2)
   4 G   0.76314 0.23593 0.00063 0.00030 ( 1)
   5 V   0.46580 0.52818 0.00407 0.00194 ( 2)
   6 N   0.46090 0.53855 0.00037 0.00018 ( 2)
   7 I   0.95173 0.04812 0.00010 0.00005 ( 1)
   8 L   0.66197 0.33250 0.00374 0.00178 ( 1)
   9 G   0.69772 0.30014 0.00145 0.00069 ( 1)
  10 R   0.00006 0.05549 0.63937 0.30509 ( 3)
  11 I   0.77282 0.22596 0.00083 0.00040 ( 1)
  12 F   0.99527 0.00473 0.00000 0.00000 ( 1)
  13 G   0.28118 0.71411 0.00319 0.00152 ( 2)
  14 F   0.00025 0.11506 0.59891 0.28578 ( 3)
  15 L   0.66298 0.33534 0.00114 0.00054 ( 1)
  16 W   0.92532 0.07465 0.00002 0.00001 ( 1)
  17 P   0.98431 0.01568 0.00000 0.00000 ( 1)
  18 N   0.00083 0.30360 0.47088 0.22469 ( 3)
  19 P   0.03357 0.89641 0.04740 0.02262 ( 2)
  20 N   0.44161 0.54966 0.00591 0.00282 ( 2)
  21 E   0.73546 0.26334 0.00082 0.00039 ( 1)
  22 L   0.00006 0.09483 0.61273 0.29237 ( 3)
  23 N   0.36812 0.60986 0.01491 0.00711 ( 2)
  24 W   0.67037 0.32849 0.00077 0.00037 ( 1)
  25 V   0.87883 0.12044 0.00049 0.00023 ( 1)
  26 N   0.00261 0.36939 0.42514 0.20286 ( 3)
  27 L   0.43931 0.55932 0.00092 0.00044 ( 2)
  28 I   0.64308 0.35431 0.00177 0.00084 ( 1)
  29 R   0.80174 0.19822 0.00003 0.00001 ( 1)
  30 V   0.09812 0.89614 0.00388 0.00185 ( 2)
  31 V   0.88787 0.11114 0.00067 0.00032 ( 1)
  32 E   0.95325 0.04671 0.00003 0.00001 ( 1)
  33 A   0.00006 0.03885 0.65063 0.31046 ( 3)
  34 L   0.97405 0.02571 0.00016 0.00008 ( 1)
  35 I   0.98794 0.01205 0.00001 0.00000 ( 1)
  36 D   0.01124 0.54143 0.30283 0.14450 ( 2)
  37 Q   0.74265 0.25639 0.00065 0.00031 ( 1)
  38 R   0.00020 0.17023 0.56159 0.26797 ( 3)
  39 I   0.72173 0.27635 0.00130 0.00062 ( 1)
  40 E   0.00000 0.01821 0.66464 0.31714 ( 3)
  41 L   0.00000 0.01400 0.66749 0.31850 ( 3)
  42 Y   0.03828 0.56989 0.26526 0.12657 ( 2)
  43 A   0.37437 0.61034 0.01035 0.00494 ( 2)
  44 I   0.93767 0.06227 0.00004 0.00002 ( 1)
  45 E   0.00020 0.15719 0.57042 0.27219 ( 3)
  46 N   0.25146 0.74415 0.00297 0.00142 ( 2)
  47 A   0.16370 0.71094 0.08486 0.04049 ( 2)
  48 T   0.00064 0.35359 0.43717 0.20860 ( 3)
  49 S   0.00021 0.13212 0.58739 0.28028 ( 3)
  50 K   0.90769 0.09221 0.00007 0.00003 ( 1)
  51 L   0.86161 0.13820 0.00013 0.00006 ( 1)
  52 E   0.32652 0.61625 0.03874 0.01849 ( 2)
  53 G   0.96760 0.03237 0.00002 0.00001 ( 1)
  54 L   0.95976 0.04010 0.00010 0.00005 ( 1)
  55 R   0.52510 0.46597 0.00605 0.00289 ( 1)
  56 S   0.00129 0.31515 0.46276 0.22081 ( 3)
  57 V   0.87640 0.12344 0.00011 0.00005 ( 1)
  58 V   0.49953 0.49966 0.00055 0.00026 ( 2)
  59 S   0.04565 0.82482 0.08769 0.04184 ( 2)
  60 I   0.55274 0.44332 0.00267 0.00127 ( 1)
  61 Y   0.99272 0.00728 0.00000 0.00000 ( 1)
  62 N   0.87582 0.12354 0.00044 0.00021 ( 1)
  63 T   0.02429 0.77350 0.13689 0.06532 ( 2)
  64 A   0.99195 0.00804 0.00000 0.00000 ( 1)
  65 F   0.55368 0.43997 0.00430 0.00205 ( 1)
  66 N   0.00003 0.02365 0.66095 0.31538 ( 3)
  67 H   0.32394 0.67183 0.00287 0.00137 ( 2)
  68 W   0.92532 0.07465 0.00002 0.00001 ( 1)
  69 N   0.45018 0.54527 0.00308 0.00147 ( 2)
  70 A   0.18182 0.41645 0.27196 0.12977 ( 2)
  71 S   0.72603 0.24699 0.01826 0.00872 ( 1)
  72 E   0.71243 0.25202 0.02407 0.01148 ( 1)
  73 A   0.19265 0.79794 0.00637 0.00304 ( 2)
  74 S   0.87914 0.12075 0.00007 0.00004 ( 1)
  75 R   0.99257 0.00743 0.00000 0.00000 ( 1)
  76 R   0.01301 0.82908 0.10690 0.05101 ( 2)
  77 D   0.97707 0.02291 0.00001 0.00000 ( 1)
  78 D   0.00001 0.01282 0.66829 0.31888 ( 3)
  79 A   0.29983 0.67346 0.01808 0.00863 ( 2)
  80 L   0.80447 0.19545 0.00005 0.00003 ( 1)
  81 K   0.86963 0.13013 0.00016 0.00008 ( 1)
  82 E   0.19526 0.80107 0.00248 0.00119 ( 2)
  83 R   0.28649 0.69620 0.01172 0.00559 ( 2)
  84 V   0.98564 0.01434 0.00001 0.00001 ( 1)
  85 R   0.99230 0.00770 0.00000 0.00000 ( 1)
  86 T   0.00207 0.43092 0.38385 0.18316 ( 2)
  87 T   0.39846 0.54445 0.03865 0.01844 ( 2)
  88 F   0.99286 0.00714 0.00000 0.00000 ( 1)
  89 A   0.17269 0.80010 0.01842 0.00879 ( 2)
  90 D   0.70173 0.29680 0.00099 0.00047 ( 1)
  91 V   0.09651 0.85374 0.03368 0.01607 ( 2)
  92 D   0.99617 0.00383 0.00000 0.00000 ( 1)
  93 S   0.37213 0.62453 0.00226 0.00108 ( 2)
  94 A   0.86389 0.13607 0.00003 0.00001 ( 1)
  95 L   0.91798 0.08193 0.00006 0.00003 ( 1)
  96 A   0.88061 0.11927 0.00009 0.00004 ( 1)
  97 A   0.00000 0.01472 0.66701 0.31827 ( 3)
  98 A   0.05484 0.93576 0.00636 0.00304 ( 2)
  99 I   0.48685 0.51058 0.00174 0.00083 ( 2)
 100 P   0.98615 0.01385 0.00000 0.00000 ( 1)
 101 Q   0.52402 0.47375 0.00151 0.00072 ( 1)
 102 F   0.99527 0.00473 0.00000 0.00000 ( 1)
 103 R   0.99086 0.00913 0.00000 0.00000 ( 1)
 104 Q   0.47120 0.51692 0.00804 0.00384 ( 2)
 105 N   0.00001 0.01596 0.66616 0.31787 ( 3)
 106 R   0.00607 0.36900 0.42306 0.20187 ( 3)
 107 F   0.81044 0.18893 0.00042 0.00020 ( 1)
 108 Q   0.93471 0.06495 0.00023 0.00011 ( 1)
 109 Q   0.21848 0.76772 0.00934 0.00446 ( 2)
 110 Q   0.98315 0.01684 0.00000 0.00000 ( 1)
 111 L   0.54725 0.42613 0.01802 0.00860 ( 1)
 112 L   0.96182 0.03812 0.00004 0.00002 ( 1)
 113 L   0.27552 0.71799 0.00439 0.00210 ( 2)
 114 V   0.90182 0.09733 0.00057 0.00027 ( 1)
 115 Y   0.99272 0.00728 0.00000 0.00000 ( 1)
 116 A   0.92122 0.07866 0.00008 0.00004 ( 1)
 117 Q   0.85153 0.14811 0.00024 0.00012 ( 1)
 118 A   0.97627 0.02373 0.00000 0.00000 ( 1)
 119 A   0.91461 0.08521 0.00012 0.00006 ( 1)
 120 N   0.93276 0.06720 0.00003 0.00002 ( 1)
 121 M   0.50526 0.48588 0.00599 0.00286 ( 1)
 122 H   0.99604 0.00396 0.00000 0.00000 ( 1)
 123 L   0.95978 0.04008 0.00009 0.00004 ( 1)
 124 L   0.94313 0.05658 0.00020 0.00009 ( 1)
 125 V   0.83571 0.16372 0.00039 0.00018 ( 1)
 126 L   0.96162 0.03832 0.00004 0.00002 ( 1)
 127 R   0.91825 0.08149 0.00017 0.00008 ( 1)
 128 D   0.99617 0.00383 0.00000 0.00000 ( 1)
 129 A   0.96589 0.03401 0.00007 0.00003 ( 1)
 130 V   0.85397 0.14584 0.00013 0.00006 ( 1)
 131 I   0.84997 0.14975 0.00019 0.00009 ( 1)
 132 H   0.52032 0.47905 0.00043 0.00020 ( 1)
 133 G   0.96658 0.03339 0.00002 0.00001 ( 1)
 134 E   0.00001 0.04307 0.64781 0.30911 ( 3)
 135 A   0.02332 0.83161 0.09821 0.04686 ( 2)
 136 W   0.92532 0.07465 0.00002 0.00001 ( 1)
 137 G   0.98767 0.01232 0.00000 0.00000 ( 1)
 138 Y   0.03530 0.85119 0.07685 0.03667 ( 2)
 139 K   0.08854 0.85114 0.04084 0.01949 ( 2)
 140 S   0.00001 0.03404 0.65393 0.31203 ( 3)
 141 V   0.39973 0.57679 0.01589 0.00758 ( 2)
 142 T   0.75309 0.24607 0.00057 0.00027 ( 1)
 143 V   0.15264 0.75368 0.06342 0.03026 ( 2)
 144 D   0.00845 0.71875 0.18468 0.08812 ( 2)
 145 G   0.36845 0.62375 0.00528 0.00252 ( 2)
 146 F   0.00786 0.81681 0.11869 0.05664 ( 2)
 147 Y   0.99272 0.00728 0.00000 0.00000 ( 1)
 148 D   0.03591 0.64929 0.21311 0.10169 ( 2)
 149 R   0.86913 0.13068 0.00013 0.00006 ( 1)
 150 Q   0.79015 0.20728 0.00174 0.00083 ( 1)
 151 V   0.91724 0.08266 0.00007 0.00003 ( 1)
 152 C   0.07382 0.90695 0.01302 0.00621 ( 2)
 153 L   0.90016 0.09912 0.00049 0.00023 ( 1)
 154 I   0.85010 0.14939 0.00035 0.00017 ( 1)
 155 D   0.20029 0.78949 0.00692 0.00330 ( 2)
 156 A   0.72495 0.27487 0.00012 0.00006 ( 1)
 157 Y   0.97923 0.02076 0.00001 0.00000 ( 1)
 158 T   0.92032 0.07962 0.00004 0.00002 ( 1)
 159 E   0.90581 0.09407 0.00008 0.00004 ( 1)
 160 H   0.99604 0.00396 0.00000 0.00000 ( 1)
 161 C   0.98799 0.01201 0.00000 0.00000 ( 1)
 162 M   0.09147 0.88987 0.01263 0.00603 ( 2)
 163 T   0.00047 0.23021 0.52081 0.24851 ( 3)
 164 F   0.99235 0.00764 0.00000 0.00000 ( 1)
 165 Y   0.99272 0.00728 0.00000 0.00000 ( 1)
 166 R   0.86173 0.13822 0.00003 0.00002 ( 1)
 167 Q   0.95696 0.04301 0.00002 0.00001 ( 1)
 168 G   0.99501 0.00499 0.00000 0.00000 ( 1)
 169 L   0.93658 0.06312 0.00020 0.00010 ( 1)
 170 Q   0.16673 0.81696 0.01104 0.00527 ( 2)
 171 D   0.93057 0.06932 0.00008 0.00004 ( 1)
 172 L   0.52962 0.46885 0.00103 0.00049 ( 1)
 173 R   0.83337 0.16611 0.00035 0.00017 ( 1)
 174 N   0.00081 0.31543 0.46289 0.22087 ( 3)
 175 R   0.24881 0.74612 0.00343 0.00164 ( 2)
 176 G   0.24778 0.74210 0.00685 0.00327 ( 2)
 177 N   0.99323 0.00677 0.00000 0.00000 ( 1)
 178 -   0.64438 0.27934 0.05164 0.02464 ( 1)
 179 -   0.19901 0.44179 0.24316 0.11603 ( 2)
 180 W   0.92532 0.07465 0.00002 0.00001 ( 1)
 181 N   0.91924 0.08036 0.00027 0.00013 ( 1)
 182 A   0.77266 0.22704 0.00020 0.00010 ( 1)
 183 F   0.96878 0.03118 0.00003 0.00001 ( 1)
 184 N   0.99323 0.00677 0.00000 0.00000 ( 1)
 185 N   0.98835 0.01165 0.00000 0.00000 ( 1)
 186 Y   0.99272 0.00728 0.00000 0.00000 ( 1)
 187 R   0.99257 0.00743 0.00000 0.00000 ( 1)
 188 R   0.99230 0.00770 0.00000 0.00000 ( 1)
 189 N   0.14042 0.82975 0.02019 0.00964 ( 2)
 190 M   0.99609 0.00391 0.00000 0.00000 ( 1)
 191 T   0.94900 0.05069 0.00021 0.00010 ( 1)
 192 I   0.67696 0.30521 0.01207 0.00576 ( 1)
 193 A   0.07130 0.57309 0.24073 0.11487 ( 2)
 194 L   0.86796 0.13132 0.00049 0.00023 ( 1)
 195 L   0.95572 0.04420 0.00006 0.00003 ( 1)
 196 D   0.99301 0.00698 0.00000 0.00000 ( 1)
 197 I   0.77314 0.22017 0.00453 0.00216 ( 1)
 198 I   0.97685 0.02313 0.00001 0.00001 ( 1)
 199 S   0.93836 0.06162 0.00002 0.00001 ( 1)
 200 L   0.96572 0.03423 0.00003 0.00001 ( 1)
 201 F   0.99527 0.00473 0.00000 0.00000 ( 1)
 202 S   0.46767 0.51526 0.01155 0.00551 ( 2)
 203 N   0.43887 0.55546 0.00384 0.00183 ( 2)


lnL = -2903.149332

Bayes Empirical Bayes (BEB) probabilities for 4 classes (class)
(amino acids refer to 1st sequence: BT_Cry69Aa1)

   1 -   0.42181 0.39143 0.12410 0.06267 ( 1)
   2 G   0.03489 0.56222 0.27094 0.13195 ( 2)
   3 T   0.06523 0.88275 0.03615 0.01587 ( 2)
   4 G   0.72259 0.27614 0.00085 0.00042 ( 1)
   5 V   0.42100 0.57072 0.00563 0.00265 ( 2)
   6 N   0.40409 0.59496 0.00065 0.00030 ( 2)
   7 I   0.94668 0.05311 0.00014 0.00007 ( 1)
   8 L   0.62888 0.36399 0.00482 0.00231 ( 1)
   9 G   0.66561 0.33137 0.00205 0.00097 ( 1)
  10 R   0.00007 0.06019 0.62015 0.31959 ( 3)
  11 I   0.74670 0.25152 0.00121 0.00057 ( 1)
  12 F   0.99525 0.00475 0.00000 0.00000 ( 1)
  13 G   0.24133 0.75218 0.00443 0.00206 ( 2)
  14 F   0.00028 0.12285 0.58001 0.29687 ( 3)
  15 L   0.61729 0.38039 0.00156 0.00076 ( 1)
  16 W   0.91990 0.08004 0.00004 0.00002 ( 1)
  17 P   0.98364 0.01635 0.00001 0.00000 ( 1)
  18 N   0.00090 0.33062 0.44700 0.22148 ( 3)
  19 P   0.03552 0.87838 0.05993 0.02616 ( 2)
  20 N   0.38848 0.60056 0.00739 0.00358 ( 2)
  21 E   0.69619 0.30208 0.00116 0.00056 ( 1)
  22 L   0.00008 0.10974 0.58889 0.30130 ( 3)
  23 N   0.33039 0.64282 0.01816 0.00863 ( 2)
  24 W   0.63644 0.36178 0.00121 0.00057 ( 1)
  25 V   0.86443 0.13456 0.00068 0.00033 ( 1)
  26 N   0.00269 0.37682 0.41502 0.20547 ( 3)
  27 L   0.38451 0.61339 0.00143 0.00067 ( 2)
  28 I   0.59655 0.39980 0.00247 0.00119 ( 1)
  29 R   0.76500 0.23491 0.00006 0.00003 ( 1)
  30 V   0.09614 0.89514 0.00610 0.00262 ( 2)
  31 V   0.87510 0.12361 0.00087 0.00042 ( 1)
  32 E   0.94743 0.05252 0.00004 0.00002 ( 1)
  33 A   0.00006 0.04078 0.63242 0.32673 ( 3)
  34 L   0.97313 0.02658 0.00020 0.00009 ( 1)
  35 I   0.98773 0.01225 0.00001 0.00000 ( 1)
  36 D   0.01147 0.53744 0.30355 0.14754 ( 2)
  37 Q   0.71280 0.28579 0.00096 0.00045 ( 1)
  38 R   0.00025 0.19125 0.53674 0.27176 ( 3)
  39 I   0.67846 0.31893 0.00175 0.00086 ( 1)
  40 E   0.00000 0.01924 0.64622 0.33454 ( 3)
  41 L   0.00000 0.01498 0.64894 0.33608 ( 3)
  42 Y   0.03461 0.57416 0.26426 0.12697 ( 2)
  43 A   0.33606 0.64416 0.01348 0.00630 ( 2)
  44 I   0.92993 0.06997 0.00007 0.00003 ( 1)
  45 E   0.00023 0.17026 0.54994 0.27956 ( 3)
  46 N   0.22308 0.77029 0.00457 0.00206 ( 2)
  47 A   0.14683 0.71680 0.09299 0.04338 ( 2)
  48 T   0.00075 0.37237 0.41980 0.20708 ( 3)
  49 S   0.00024 0.14715 0.56479 0.28782 ( 3)
  50 K   0.89511 0.10472 0.00012 0.00005 ( 1)
  51 L   0.84207 0.15765 0.00019 0.00009 ( 1)
  52 E   0.28474 0.65043 0.04361 0.02122 ( 2)
  53 G   0.96596 0.03400 0.00003 0.00001 ( 1)
  54 L   0.95746 0.04236 0.00012 0.00006 ( 1)
  55 R   0.47802 0.50987 0.00822 0.00390 ( 2)
  56 S   0.00135 0.34257 0.43894 0.21714 ( 3)
  57 V   0.85295 0.14681 0.00017 0.00008 ( 1)
  58 V   0.45034 0.54825 0.00096 0.00044 ( 2)
  59 S   0.04403 0.80973 0.10099 0.04525 ( 2)
  60 I   0.50627 0.48841 0.00360 0.00172 ( 1)
  61 Y   0.99260 0.00739 0.00000 0.00000 ( 1)
  62 N   0.85383 0.14529 0.00059 0.00029 ( 1)
  63 T   0.02505 0.76044 0.14660 0.06790 ( 2)
  64 A   0.99177 0.00823 0.00000 0.00000 ( 1)
  65 F   0.51739 0.47442 0.00555 0.00264 ( 1)
  66 N   0.00003 0.02504 0.64248 0.33246 ( 3)
  67 H   0.28305 0.71108 0.00400 0.00186 ( 2)
  68 W   0.91990 0.08004 0.00004 0.00002 ( 1)
  69 N   0.39519 0.59888 0.00400 0.00193 ( 2)
  70 A   0.16247 0.42356 0.27601 0.13795 ( 2)
  71 S   0.70741 0.26239 0.02024 0.00996 ( 1)
  72 E   0.69318 0.26738 0.02637 0.01307 ( 1)
  73 A   0.17408 0.81314 0.00882 0.00396 ( 2)
  74 S   0.85605 0.14377 0.00011 0.00006 ( 1)
  75 R   0.99237 0.00763 0.00000 0.00000 ( 1)
  76 R   0.01507 0.81063 0.11998 0.05431 ( 2)
  77 D   0.97495 0.02503 0.00001 0.00001 ( 1)
  78 D   0.00002 0.01373 0.64971 0.33655 ( 3)
  79 A   0.26221 0.70559 0.02183 0.01038 ( 2)
  80 L   0.76800 0.23185 0.00010 0.00005 ( 1)
  81 K   0.85404 0.14557 0.00027 0.00012 ( 1)
  82 E   0.17812 0.81609 0.00403 0.00177 ( 2)
  83 R   0.25788 0.72058 0.01470 0.00684 ( 2)
  84 V   0.98530 0.01467 0.00002 0.00001 ( 1)
  85 R   0.99211 0.00789 0.00000 0.00000 ( 1)
  86 T   0.00223 0.44922 0.36895 0.17960 ( 2)
  87 T   0.36416 0.57126 0.04363 0.02095 ( 2)
  88 F   0.99272 0.00728 0.00000 0.00000 ( 1)
  89 A   0.15652 0.81143 0.02187 0.01019 ( 2)
  90 D   0.65898 0.33899 0.00137 0.00066 ( 1)
  91 V   0.09181 0.84918 0.04067 0.01834 ( 2)
  92 D   0.99622 0.00377 0.00000 0.00000 ( 1)
  93 S   0.32728 0.66790 0.00329 0.00153 ( 2)
  94 A   0.83686 0.16306 0.00006 0.00003 ( 1)
  95 L   0.90766 0.09220 0.00009 0.00004 ( 1)
  96 A   0.86475 0.13505 0.00013 0.00006 ( 1)
  97 A   0.00000 0.01617 0.64822 0.33561 ( 3)
  98 A   0.05853 0.92625 0.01077 0.00444 ( 2)
  99 I   0.42840 0.56785 0.00254 0.00121 ( 2)
 100 P   0.98557 0.01443 0.00000 0.00000 ( 1)
 101 Q   0.47675 0.52001 0.00220 0.00104 ( 2)
 102 F   0.99525 0.00475 0.00000 0.00000 ( 1)
 103 R   0.99062 0.00938 0.00000 0.00000 ( 1)
 104 Q   0.42874 0.55596 0.01037 0.00492 ( 2)
 105 N   0.00001 0.01692 0.64769 0.33539 ( 3)
 106 R   0.00573 0.36819 0.41809 0.20799 ( 3)
 107 F   0.77721 0.22189 0.00061 0.00030 ( 1)
 108 Q   0.92764 0.07191 0.00031 0.00015 ( 1)
 109 Q   0.19551 0.78640 0.01242 0.00566 ( 2)
 110 Q   0.98239 0.01760 0.00000 0.00000 ( 1)
 111 L   0.51197 0.45673 0.02112 0.01018 ( 1)
 112 L   0.95968 0.04024 0.00006 0.00003 ( 1)
 113 L   0.24282 0.74805 0.00626 0.00287 ( 2)
 114 V   0.88987 0.10906 0.00072 0.00035 ( 1)
 115 Y   0.99260 0.00739 0.00000 0.00000 ( 1)
 116 A   0.91090 0.08891 0.00012 0.00006 ( 1)
 117 Q   0.83211 0.16734 0.00037 0.00018 ( 1)
 118 A   0.97374 0.02625 0.00001 0.00000 ( 1)
 119 A   0.90321 0.09654 0.00017 0.00008 ( 1)
 120 N   0.92574 0.07418 0.00006 0.00003 ( 1)
 121 M   0.46986 0.51835 0.00802 0.00376 ( 2)
 122 H   0.99602 0.00398 0.00000 0.00000 ( 1)
 123 L   0.95747 0.04235 0.00012 0.00006 ( 1)
 124 L   0.94087 0.05873 0.00028 0.00013 ( 1)
 125 V   0.81470 0.18447 0.00057 0.00027 ( 1)
 126 L   0.95943 0.04049 0.00005 0.00002 ( 1)
 127 R   0.91395 0.08567 0.00026 0.00012 ( 1)
 128 D   0.99622 0.00377 0.00000 0.00000 ( 1)
 129 A   0.96221 0.03765 0.00010 0.00005 ( 1)
 130 V   0.82588 0.17383 0.00020 0.00010 ( 1)
 131 I   0.82130 0.17827 0.00029 0.00014 ( 1)
 132 H   0.45909 0.53990 0.00068 0.00032 ( 2)
 133 G   0.96470 0.03526 0.00003 0.00001 ( 1)
 134 E   0.00001 0.04645 0.62892 0.32461 ( 3)
 135 A   0.02421 0.81434 0.11140 0.05005 ( 2)
 136 W   0.91990 0.08004 0.00004 0.00002 ( 1)
 137 G   0.98728 0.01271 0.00001 0.00000 ( 1)
 138 Y   0.03651 0.83617 0.08784 0.03949 ( 2)
 139 K   0.08525 0.84636 0.04676 0.02163 ( 2)
 140 S   0.00001 0.03790 0.63442 0.32767 ( 3)
 141 V   0.34944 0.62261 0.01879 0.00916 ( 2)
 142 T   0.72490 0.27373 0.00093 0.00044 ( 1)
 143 V   0.13677 0.75917 0.07090 0.03315 ( 2)
 144 D   0.00946 0.70767 0.19320 0.08966 ( 2)
 145 G   0.32193 0.66774 0.00701 0.00331 ( 2)
 146 F   0.00938 0.79759 0.13321 0.05982 ( 2)
 147 Y   0.99260 0.00739 0.00000 0.00000 ( 1)
 148 D   0.03318 0.64511 0.21824 0.10347 ( 2)
 149 R   0.85273 0.14697 0.00021 0.00010 ( 1)
 150 Q   0.76481 0.23182 0.00227 0.00110 ( 1)
 151 V   0.90508 0.09476 0.00011 0.00005 ( 1)
 152 C   0.07480 0.90013 0.01745 0.00762 ( 2)
 153 L   0.89293 0.10611 0.00065 0.00031 ( 1)
 154 I   0.82310 0.17614 0.00051 0.00025 ( 1)
 155 D   0.18044 0.80572 0.00953 0.00430 ( 2)
 156 A   0.67992 0.31975 0.00022 0.00010 ( 1)
 157 Y   0.97840 0.02159 0.00001 0.00000 ( 1)
 158 T   0.90969 0.09021 0.00007 0.00003 ( 1)
 159 E   0.88856 0.11127 0.00012 0.00006 ( 1)
 160 H   0.99602 0.00398 0.00000 0.00000 ( 1)
 161 C   0.98756 0.01244 0.00000 0.00000 ( 1)
 162 M   0.08907 0.88479 0.01825 0.00789 ( 2)
 163 T   0.00052 0.25284 0.49712 0.24953 ( 3)
 164 F   0.99226 0.00774 0.00000 0.00000 ( 1)
 165 Y   0.99260 0.00739 0.00000 0.00000 ( 1)
 166 R   0.83503 0.16488 0.00006 0.00003 ( 1)
 167 Q   0.95421 0.04575 0.00003 0.00001 ( 1)
 168 G   0.99498 0.00502 0.00000 0.00000 ( 1)
 169 L   0.93244 0.06717 0.00027 0.00013 ( 1)
 170 Q   0.15215 0.82638 0.01482 0.00665 ( 2)
 171 D   0.92200 0.07783 0.00012 0.00006 ( 1)
 172 L   0.48092 0.51669 0.00163 0.00076 ( 2)
 173 R   0.81181 0.18741 0.00053 0.00025 ( 1)
 174 N   0.00086 0.33983 0.44103 0.21828 ( 3)
 175 R   0.22319 0.76948 0.00505 0.00227 ( 2)
 176 G   0.22459 0.76068 0.01019 0.00454 ( 2)
 177 N   0.99320 0.00679 0.00000 0.00000 ( 1)
 178 -   0.62270 0.29455 0.05520 0.02756 ( 1)
 179 -   0.17852 0.45087 0.24749 0.12312 ( 2)
 180 W   0.91990 0.08004 0.00004 0.00002 ( 1)
 181 N   0.90483 0.09462 0.00037 0.00018 ( 1)
 182 A   0.73366 0.26585 0.00033 0.00016 ( 1)
 183 F   0.96729 0.03265 0.00004 0.00002 ( 1)
 184 N   0.99320 0.00679 0.00000 0.00000 ( 1)
 185 N   0.98743 0.01256 0.00000 0.00000 ( 1)
 186 Y   0.99260 0.00739 0.00000 0.00000 ( 1)
 187 R   0.99237 0.00763 0.00000 0.00000 ( 1)
 188 R   0.99211 0.00789 0.00000 0.00000 ( 1)
 189 N   0.12929 0.83276 0.02622 0.01173 ( 2)
 190 M   0.99603 0.00397 0.00000 0.00000 ( 1)
 191 T   0.94294 0.05668 0.00026 0.00013 ( 1)
 192 I   0.63576 0.34303 0.01415 0.00705 ( 1)
 193 A   0.06297 0.58149 0.24015 0.11539 ( 2)
 194 L   0.85295 0.14604 0.00068 0.00033 ( 1)
 195 L   0.95308 0.04680 0.00008 0.00004 ( 1)
 196 D   0.99299 0.00700 0.00000 0.00000 ( 1)
 197 I   0.74833 0.24341 0.00556 0.00270 ( 1)
 198 I   0.97456 0.02541 0.00002 0.00001 ( 1)
 199 S   0.93058 0.06937 0.00003 0.00002 ( 1)
 200 L   0.96387 0.03607 0.00005 0.00002 ( 1)
 201 F   0.99525 0.00475 0.00000 0.00000 ( 1)
 202 S   0.42189 0.55685 0.01439 0.00687 ( 2)
 203 N   0.38435 0.60840 0.00488 0.00237 ( 2)

