Supplemental results for CODEML (seqf: algn  treef: tree)


dN/dS (w) for site classes (K=4)

site class             0        1       2a       2b
proportion       0.71256  0.26686  0.01497  0.00561
background w     0.07297  1.18326  0.07297  1.18326
foreground w     0.07297  1.18326 50.27971 50.27971

Naive Empirical Bayes (NEB) probabilities for 4 classes
(amino acids refer to 1st sequence: BT_Cry1Ca11)

   1 N   0.94178 0.05116 0.00668 0.00037 ( 1)
   2 F   0.98619 0.01086 0.00291 0.00004 ( 1)
   3 V   0.98072 0.01573 0.00348 0.00007 ( 1)
   4 P   0.97720 0.01892 0.00381 0.00008 ( 1)
   5 G   0.92194 0.06951 0.00794 0.00061 ( 1)
   6 G   0.97510 0.02184 0.00298 0.00008 ( 1)
   7 G   0.94977 0.04715 0.00291 0.00016 ( 1)
   8 F   0.98619 0.01086 0.00291 0.00004 ( 1)
   9 L   0.65466 0.33982 0.00355 0.00198 ( 1)
  10 V   0.11961 0.87570 0.00048 0.00421 ( 2)
  11 G   0.98389 0.01306 0.00300 0.00005 ( 1)
  12 L   0.96096 0.03386 0.00499 0.00019 ( 1)
  13 I   0.00005 0.95275 0.00007 0.04714 ( 2)
  14 D   0.98887 0.00854 0.00257 0.00003 ( 1)
  15 F   0.05688 0.93936 0.00018 0.00357 ( 2)
  16 V   0.88646 0.10967 0.00336 0.00051 ( 1)
  17 W   0.88510 0.10410 0.00965 0.00115 ( 1)
  18 G   0.95990 0.03703 0.00293 0.00013 ( 1)
  19 I   0.34621 0.64999 0.00116 0.00264 ( 2)
  20 V   0.52483 0.46950 0.00241 0.00326 ( 1)
  21 G   0.66512 0.32301 0.00794 0.00393 ( 1)
  22 P   0.97406 0.02184 0.00400 0.00010 ( 1)
  23 S   0.97787 0.01841 0.00365 0.00007 ( 1)
  24 Q   0.00024 0.90858 0.00094 0.09024 ( 2)
  25 W   0.88510 0.10410 0.00965 0.00115 ( 1)
  26 D   0.79088 0.20637 0.00207 0.00068 ( 1)
  27 A   0.15518 0.84123 0.00049 0.00310 ( 2)
  28 F   0.98619 0.01086 0.00291 0.00004 ( 1)
  29 L   0.96833 0.02627 0.00525 0.00015 ( 1)
  30 V   0.21322 0.77605 0.00218 0.00856 ( 2)
  31 Q   0.93897 0.05641 0.00434 0.00028 ( 1)
  32 I   0.98398 0.01284 0.00314 0.00005 ( 1)
  33 E   0.98603 0.01090 0.00303 0.00004 ( 1)
  34 Q   0.26432 0.73072 0.00123 0.00373 ( 2)
  35 L   0.93580 0.05900 0.00487 0.00033 ( 1)
  36 I   0.98398 0.01284 0.00314 0.00005 ( 1)
  37 N   0.91882 0.07856 0.00237 0.00025 ( 1)
  38 E   0.12205 0.87401 0.00040 0.00355 ( 2)
  39 R   0.98643 0.01079 0.00275 0.00003 ( 1)
  40 I   0.98697 0.01009 0.00290 0.00004 ( 1)
  41 A   0.65017 0.34658 0.00197 0.00128 ( 1)
  42 E   0.01473 0.95455 0.00034 0.03038 ( 2)
  43 F   0.00553 0.92131 0.00933 0.06383 ( 2)
  44 A   0.85752 0.13927 0.00271 0.00051 ( 1)
  45 R   0.97286 0.02004 0.00694 0.00015 ( 1)
  46 N   0.00653 0.58841 0.04454 0.36051 ( 2)
  47 A   0.25411 0.74134 0.00086 0.00369 ( 2)
  48 A   0.98553 0.01106 0.00336 0.00005 ( 1)
  49 I   0.95563 0.04116 0.00305 0.00016 ( 1)
  50 A   0.02190 0.87987 0.04727 0.05096 ( 2)
  51 N   0.42521 0.57182 0.00113 0.00184 ( 2)
  52 L   0.96096 0.03386 0.00499 0.00019 ( 1)
  53 E   0.98603 0.01090 0.00303 0.00004 ( 1)
  54 G   0.98363 0.01332 0.00300 0.00005 ( 1)
  55 L   0.96096 0.03386 0.00499 0.00019 ( 1)
  56 G   0.95990 0.03703 0.00293 0.00013 ( 1)
  57 N   0.21551 0.77719 0.00155 0.00575 ( 2)
  58 N   0.85481 0.14266 0.00209 0.00044 ( 1)
  59 F   0.09571 0.89560 0.00082 0.00787 ( 2)
  60 N   0.16153 0.83533 0.00043 0.00272 ( 2)
  61 I   0.73838 0.25844 0.00217 0.00101 ( 1)
  62 Y   0.96165 0.03452 0.00369 0.00015 ( 1)
  63 V   0.03072 0.96052 0.00026 0.00849 ( 2)
  64 E   0.97876 0.01815 0.00301 0.00007 ( 1)
  65 A   0.98637 0.01081 0.00279 0.00004 ( 1)
  66 F   0.98619 0.01086 0.00291 0.00004 ( 1)
  67 K   0.98663 0.01047 0.00286 0.00004 ( 1)
  68 E   0.98311 0.01381 0.00302 0.00005 ( 1)
  69 W   0.88510 0.10410 0.00965 0.00115 ( 1)
  70 E   0.98603 0.01090 0.00303 0.00004 ( 1)
  71 E   0.00015 0.97437 0.00001 0.02548 ( 2)
  72 D   0.19688 0.79988 0.00051 0.00273 ( 2)
  73 P   0.97558 0.02033 0.00401 0.00009 ( 1)
  74 N   0.83954 0.13330 0.02453 0.00263 ( 1)
  75 N   0.97137 0.02617 0.00239 0.00008 ( 1)
  76 P   0.00279 0.99288 0.00001 0.00432 ( 2)
  77 A   0.03256 0.88530 0.04862 0.03352 ( 2)
  78 T   0.72266 0.26532 0.00875 0.00326 ( 1)
  79 R   0.31463 0.67809 0.00225 0.00503 ( 2)
  80 T   0.04499 0.95117 0.00015 0.00369 ( 2)
  81 R   0.98643 0.01079 0.00275 0.00003 ( 1)
  82 V   0.98044 0.01601 0.00348 0.00007 ( 1)
  83 I   0.05519 0.84358 0.07476 0.02647 ( 2)
  84 D   0.79903 0.19822 0.00207 0.00067 ( 1)
  85 R   0.83418 0.15168 0.01195 0.00219 ( 1)
  86 F   0.98619 0.01086 0.00291 0.00004 ( 1)
  87 R   0.97270 0.02301 0.00419 0.00010 ( 1)
  88 I   0.98697 0.01009 0.00290 0.00004 ( 1)
  89 L   0.77704 0.21949 0.00264 0.00083 ( 1)
  90 D   0.98934 0.00806 0.00257 0.00003 ( 1)
  91 G   0.66087 0.33050 0.00569 0.00294 ( 1)
  92 L   0.57207 0.42238 0.00311 0.00244 ( 1)
  93 L   0.76291 0.23353 0.00266 0.00091 ( 1)
  94 E   0.98603 0.01090 0.00303 0.00004 ( 1)
  95 R   0.11903 0.87357 0.00086 0.00654 ( 2)
  96 D   0.84511 0.14819 0.00567 0.00103 ( 1)
  97 I   0.91174 0.07807 0.00936 0.00083 ( 1)
  98 P   0.97512 0.02078 0.00400 0.00009 ( 1)
  99 S   0.94352 0.05080 0.00535 0.00032 ( 1)
 100 F   0.98619 0.01086 0.00291 0.00004 ( 1)
 101 R   0.90034 0.09236 0.00660 0.00070 ( 1)
 102 I   0.77197 0.22466 0.00247 0.00090 ( 1)
 103 S   0.00002 0.95263 0.00003 0.04732 ( 2)
 104 G   0.98389 0.01306 0.00300 0.00005 ( 1)
 105 F   0.98619 0.01086 0.00291 0.00004 ( 1)
 106 E   0.98603 0.01090 0.00303 0.00004 ( 1)
 107 V   0.95842 0.03801 0.00340 0.00017 ( 1)
 108 P   0.94169 0.04442 0.01326 0.00063 ( 1)
 109 L   0.98088 0.01572 0.00334 0.00006 ( 1)
 110 L   0.95724 0.03757 0.00497 0.00021 ( 1)
 111 S   0.32835 0.65831 0.00441 0.00893 ( 2)
 112 V   0.97917 0.01715 0.00360 0.00008 ( 1)
 113 Y   0.97788 0.01829 0.00375 0.00008 ( 1)
 114 A   0.04723 0.94919 0.00014 0.00344 ( 2)
 115 Q   0.97027 0.02513 0.00448 0.00012 ( 1)
 116 A   0.97219 0.01937 0.00827 0.00017 ( 1)
 117 A   0.96307 0.02526 0.01136 0.00030 ( 1)
 118 N   0.98978 0.00778 0.00242 0.00002 ( 1)
 119 L   0.90979 0.07360 0.01523 0.00137 ( 1)
 120 H   0.98572 0.01140 0.00285 0.00004 ( 1)
 121 L   0.91143 0.08316 0.00494 0.00047 ( 1)
 122 A   0.98514 0.01188 0.00294 0.00004 ( 1)
 123 I   0.69375 0.30287 0.00216 0.00121 ( 1)
 124 L   0.94916 0.04564 0.00494 0.00026 ( 1)
 125 R   0.98643 0.01079 0.00275 0.00003 ( 1)
 126 D   0.98934 0.00806 0.00257 0.00003 ( 1)
 127 S   0.97787 0.01841 0.00365 0.00007 ( 1)
 128 V   0.00067 0.03573 0.94227 0.02133 ( 3)
 129 I   0.81821 0.17846 0.00261 0.00071 ( 1)
 130 F   0.98490 0.01215 0.00290 0.00004 ( 1)
 131 G   0.98389 0.01306 0.00300 0.00005 ( 1)
 132 E   0.19540 0.25352 0.53321 0.01787 ( 3)
 133 R   0.98643 0.01079 0.00275 0.00003 ( 1)
 134 W   0.88510 0.10410 0.00965 0.00115 ( 1)
 135 G   0.98389 0.01306 0.00300 0.00005 ( 1)
 136 L   0.91456 0.07660 0.00815 0.00070 ( 1)
 137 T   0.62364 0.37346 0.00172 0.00118 ( 1)
 138 T   0.98191 0.01384 0.00417 0.00008 ( 1)
 139 I   0.21213 0.78408 0.00066 0.00313 ( 2)
 140 N   0.98978 0.00778 0.00242 0.00002 ( 1)
 141 V   0.88128 0.10713 0.01031 0.00128 ( 1)
 142 N   0.98978 0.00778 0.00242 0.00002 ( 1)
 143 E   0.89357 0.10319 0.00283 0.00041 ( 1)
 144 N   0.40513 0.58763 0.00289 0.00434 ( 2)
 145 Y   0.97788 0.01829 0.00375 0.00008 ( 1)
 146 N   0.98978 0.00778 0.00242 0.00002 ( 1)
 147 R   0.97363 0.01642 0.00979 0.00016 ( 1)
 148 L   0.59077 0.40351 0.00331 0.00240 ( 1)
 149 I   0.79744 0.19922 0.00254 0.00080 ( 1)
 150 R   0.09494 0.89775 0.00068 0.00662 ( 2)
 151 H   0.00104 0.99560 0.00000 0.00336 ( 2)
 152 I   0.98398 0.01284 0.00314 0.00005 ( 1)
 153 D   0.01465 0.98189 0.00004 0.00343 ( 2)
 154 E   0.98603 0.01090 0.00303 0.00004 ( 1)
 155 Y   0.97788 0.01829 0.00375 0.00008 ( 1)
 156 A   0.06673 0.92940 0.00023 0.00364 ( 2)
 157 D   0.00132 0.97974 0.00009 0.01885 ( 2)
 158 H   0.96311 0.02693 0.00969 0.00028 ( 1)
 159 C   0.96133 0.03498 0.00356 0.00014 ( 1)
 160 A   0.86420 0.13276 0.00257 0.00047 ( 1)
 161 N   0.83954 0.13330 0.02453 0.00263 ( 1)
 162 T   0.92092 0.07049 0.00797 0.00062 ( 1)
 163 Y   0.97788 0.01829 0.00375 0.00008 ( 1)
 164 N   0.78347 0.21396 0.00192 0.00065 ( 1)
 165 R   0.36385 0.62386 0.00447 0.00781 ( 2)
 166 G   0.87714 0.11961 0.00282 0.00044 ( 1)
 167 L   0.95564 0.03915 0.00499 0.00022 ( 1)
 168 N   0.42521 0.57182 0.00113 0.00184 ( 2)
 169 N   0.15146 0.84529 0.00042 0.00283 ( 2)
 170 L   0.95421 0.04057 0.00499 0.00023 ( 1)
 171 P   0.00220 0.99270 0.00001 0.00509 ( 2)
 172 K   0.05289 0.94322 0.00017 0.00372 ( 2)
 173 S   0.00141 0.99427 0.00001 0.00432 ( 2)
 174 T   0.59325 0.39802 0.00516 0.00357 ( 1)
 175 Y   0.00500 0.99040 0.00002 0.00458 ( 2)
 176 Q   0.05176 0.94313 0.00025 0.00487 ( 2)
 177 D   0.09903 0.89748 0.00028 0.00321 ( 2)
 178 W   0.88510 0.10410 0.00965 0.00115 ( 1)
 179 I   0.16912 0.82706 0.00052 0.00330 ( 2)
 180 T   0.88970 0.10739 0.00256 0.00036 ( 1)
 181 Y   0.97788 0.01829 0.00375 0.00008 ( 1)
 182 N   0.98978 0.00778 0.00242 0.00002 ( 1)
 183 R   0.45148 0.54089 0.00343 0.00420 ( 2)
 184 L   0.80243 0.19222 0.00426 0.00110 ( 1)
 185 R   0.94643 0.04143 0.01163 0.00052 ( 1)
 186 R   0.98418 0.01304 0.00274 0.00004 ( 1)
 187 D   0.82011 0.17320 0.00549 0.00120 ( 1)
 188 L   0.95158 0.04321 0.00496 0.00025 ( 1)
 189 T   0.98653 0.01073 0.00271 0.00003 ( 1)
 190 L   0.94853 0.04391 0.00717 0.00039 ( 1)
 191 T   0.97764 0.01941 0.00288 0.00007 ( 1)
 192 V   0.98044 0.01601 0.00348 0.00007 ( 1)
 193 L   0.96096 0.03386 0.00499 0.00019 ( 1)
 194 D   0.98934 0.00806 0.00257 0.00003 ( 1)
 195 I   0.96751 0.02237 0.00989 0.00023 ( 1)
 196 A   0.52095 0.47478 0.00199 0.00228 ( 1)
 197 A   0.98514 0.01188 0.00294 0.00004 ( 1)
 198 F   0.00852 0.98276 0.00007 0.00865 ( 2)
 199 F   0.96140 0.03563 0.00285 0.00012 ( 1)
 200 P   0.94020 0.05590 0.00366 0.00023 ( 1)
 201 N   0.11503 0.25607 0.59420 0.03470 ( 3)


lnL = -1832.054560

