Supplemental results for CODEML (seqf: algn  treef: tree)


dN/dS (w) for site classes (K=4)

site class             0        1       2a       2b
proportion       0.28141  0.65466  0.01922  0.04471
background w     0.01654  0.44890  0.01654  0.44890
foreground w     0.01654  0.44890 425.75189 425.75189

Naive Empirical Bayes (NEB) probabilities for 4 classes
(amino acids refer to 1st sequence: BT_Cry24Ca1)

   1 -   0.28141 0.65466 0.01922 0.04471 ( 2)
   2 A   0.00001 0.31288 0.00022 0.68689 ( 4)
   3 D   0.98157 0.01507 0.00326 0.00010 ( 1)
   4 K   0.87512 0.12208 0.00237 0.00042 ( 1)
   5 I   0.97514 0.01855 0.00621 0.00010 ( 1)
   6 T   0.97611 0.01233 0.01142 0.00013 ( 1)
   7 Q   0.97780 0.02108 0.00109 0.00003 ( 1)
   8 I   0.99389 0.00240 0.00369 0.00002 ( 1)
   9 P   0.92005 0.07953 0.00039 0.00003 ( 1)
  10 A   0.94953 0.03467 0.01498 0.00082 ( 1)
  11 V   0.95943 0.03748 0.00292 0.00017 ( 1)
  12 K   0.99057 0.00653 0.00287 0.00003 ( 1)
  13 T   0.00277 0.98401 0.00003 0.01319 ( 2)
  14 W   0.00190 0.99174 0.00001 0.00635 ( 2)
  15 E   0.00000 0.98761 0.00000 0.01239 ( 2)
  16 I   0.00348 0.96459 0.00281 0.02911 ( 2)
  17 R   0.00000 0.99134 0.00000 0.00866 ( 2)
  18 G   0.00001 0.86337 0.00005 0.13657 ( 2)
  19 T   0.00003 0.99513 0.00000 0.00484 ( 2)
  20 S   0.00116 0.99722 0.00000 0.00162 ( 2)
  21 S   0.00391 0.98311 0.00003 0.01294 ( 2)
  22 V   0.99064 0.00569 0.00363 0.00004 ( 1)
  23 V   0.00447 0.99128 0.00001 0.00424 ( 2)
  24 A   0.00640 0.99022 0.00002 0.00337 ( 2)
  25 G   0.96365 0.02597 0.01006 0.00032 ( 1)
  26 P   0.99177 0.00711 0.00111 0.00001 ( 1)
  27 G   0.99541 0.00219 0.00240 0.00001 ( 1)
  28 N   0.04193 0.95584 0.00008 0.00215 ( 2)
  29 T   0.99069 0.00694 0.00234 0.00002 ( 1)
  30 G   0.98295 0.00715 0.00981 0.00009 ( 1)
  31 G   0.97274 0.02121 0.00584 0.00020 ( 1)
  32 N   0.13505 0.71342 0.13642 0.01511 ( 2)
  33 L   0.91917 0.05792 0.02126 0.00165 ( 1)
  34 V   0.76766 0.22916 0.00220 0.00098 ( 1)
  35 K   0.00014 0.99103 0.00000 0.00883 ( 2)
  36 M   0.23708 0.76097 0.00040 0.00155 ( 2)
  37 S   0.14395 0.85451 0.00017 0.00137 ( 2)
  38 Y   0.00003 0.99566 0.00000 0.00430 ( 2)
  39 H   0.00005 0.99641 0.00000 0.00354 ( 2)
  40 S   0.00000 0.99052 0.00000 0.00948 ( 2)
  41 V   0.00000 0.60725 0.00079 0.39196 ( 2)
  42 W   0.00001 0.99784 0.00000 0.00214 ( 2)
  43 N   0.00000 0.99933 0.00000 0.00067 ( 2)
  44 I   0.83566 0.13723 0.02379 0.00332 ( 1)
  45 K   0.00227 0.99570 0.00000 0.00202 ( 2)
  46 F   0.00696 0.99053 0.00002 0.00250 ( 2)
  47 T   0.00000 0.99760 0.00000 0.00240 ( 2)
  48 C   0.00008 0.98023 0.00000 0.01969 ( 2)
  49 -   0.45804 0.53764 0.00130 0.00302 ( 2)
  50 -   0.09688 0.89815 0.00032 0.00465 ( 2)
  51 -   0.02940 0.96654 0.00007 0.00399 ( 2)
  52 -   0.64702 0.35253 0.00029 0.00017 ( 1)
  53 -   0.00191 0.57595 0.00130 0.42084 ( 2)
  54 -   0.00000 0.91881 0.00000 0.08118 ( 2)
  55 -   0.00000 0.95460 0.00000 0.04540 ( 2)
  56 Q   0.00175 0.97921 0.00003 0.01901 ( 2)
  57 Q   0.00001 0.78144 0.00008 0.21846 ( 2)
  58 L   0.00000 0.93775 0.00000 0.06225 ( 2)
  59 K   0.00347 0.96439 0.00257 0.02958 ( 2)
  60 R   0.00001 0.90369 0.00002 0.09629 ( 2)
  61 Y   0.15386 0.83465 0.00096 0.01053 ( 2)
  62 R   0.00000 0.82627 0.00003 0.17370 ( 2)
  63 V   0.07666 0.85155 0.00342 0.06837 ( 2)
  64 R   0.94865 0.04472 0.00637 0.00025 ( 1)
  65 I   0.90982 0.08625 0.00336 0.00058 ( 1)
  66 R   0.94101 0.05798 0.00095 0.00006 ( 1)
  67 Y   0.99384 0.00420 0.00195 0.00001 ( 1)
  68 A   0.99234 0.00545 0.00220 0.00002 ( 1)
  69 S   0.30319 0.69311 0.00071 0.00300 ( 2)
  70 D   0.00023 0.99394 0.00000 0.00583 ( 2)
  71 G   0.00006 0.51695 0.00092 0.48206 ( 2)
  72 N   0.28642 0.70709 0.00104 0.00545 ( 2)
  73 C   0.00011 0.99456 0.00000 0.00533 ( 2)
  74 Q   0.00104 0.98581 0.00001 0.01314 ( 2)
  75 L   0.93351 0.06500 0.00137 0.00011 ( 1)
  76 A   0.00000 0.99613 0.00000 0.00387 ( 2)
  77 M   0.04059 0.95475 0.00013 0.00453 ( 2)
  78 R   0.00151 0.99300 0.00001 0.00548 ( 2)
  79 R   0.02317 0.96486 0.00028 0.01169 ( 2)
  80 W   0.00000 0.99283 0.00000 0.00717 ( 2)
  81 R   0.00000 0.97061 0.00000 0.02939 ( 2)
  82 G   0.00020 0.98765 0.00000 0.01216 ( 2)
  83 G   0.00000 0.39153 0.00350 0.60497 ( 4)
  84 P   0.00000 0.92909 0.00000 0.07091 ( 2)
  85 G   0.00614 0.98378 0.00005 0.01003 ( 2)
  86 -   0.00000 0.72124 0.00000 0.27876 ( 2)
  87 -   0.28141 0.65466 0.01922 0.04471 ( 2)
  88 Y   0.00015 0.94222 0.00021 0.05741 ( 2)
  89 V   0.00002 0.99524 0.00000 0.00474 ( 2)
  90 Q   0.00000 0.99065 0.00000 0.00935 ( 2)
  91 E   0.00040 0.99251 0.00000 0.00709 ( 2)
  92 A   0.00005 0.99611 0.00000 0.00384 ( 2)
  93 R   0.00001 0.99715 0.00000 0.00284 ( 2)
  94 H   0.24337 0.74738 0.00151 0.00774 ( 2)
  95 T   0.00146 0.97061 0.00003 0.02790 ( 2)
  96 V   0.06123 0.93218 0.00022 0.00638 ( 2)
  97 Q   0.00000 0.05473 0.00033 0.94494 ( 4)
  98 R   0.00026 0.99750 0.00000 0.00224 ( 2)
  99 T   0.03898 0.94944 0.00030 0.01128 ( 2)
 100 F   0.00046 0.99675 0.00000 0.00279 ( 2)
 101 S   0.02688 0.96390 0.00019 0.00903 ( 2)
 102 -   0.28141 0.65466 0.01922 0.04471 ( 2)
 103 -   0.28141 0.65466 0.01922 0.04471 ( 2)
 104 G   0.10609 0.89039 0.00027 0.00325 ( 2)
 105 S   0.00001 0.11588 0.02659 0.85752 ( 4)
 106 M   0.36606 0.63270 0.00033 0.00091 ( 2)
 107 T   0.59857 0.38518 0.00940 0.00685 ( 1)
 108 Y   0.98942 0.00858 0.00197 0.00003 ( 1)
 109 D   0.00064 0.96313 0.00002 0.03622 ( 2)
 110 S   0.00001 0.96698 0.00000 0.03300 ( 2)
 111 F   0.99199 0.00724 0.00076 0.00001 ( 1)
 112 K   0.18214 0.80794 0.00120 0.00872 ( 2)
 113 Y   0.96597 0.03323 0.00077 0.00003 ( 1)
 114 L   0.00000 0.99920 0.00000 0.00080 ( 2)
 115 D   0.99603 0.00071 0.00325 0.00000 ( 1)
 116 I   0.00001 0.44731 0.01765 0.53502 ( 4)
 117 F   0.00007 0.79029 0.00058 0.20906 ( 2)
 118 -   0.30139 0.63468 0.02058 0.04335 ( 2)
 119 -   0.30138 0.63469 0.02058 0.04335 ( 2)
 120 -   0.01502 0.92105 0.00103 0.06291 ( 2)
 121 -   0.30589 0.63018 0.02089 0.04304 ( 2)
 122 -   0.30349 0.63258 0.02073 0.04320 ( 2)
 123 -   0.29322 0.64285 0.02003 0.04390 ( 2)
 124 T   0.00000 0.94122 0.00000 0.05878 ( 2)
 125 M   0.00000 0.48506 0.00007 0.51488 ( 4)
 126 P   0.00000 0.61709 0.00000 0.38291 ( 2)
 127 A   0.00114 0.98806 0.00001 0.01080 ( 2)
 128 E   0.00006 0.96358 0.00007 0.03629 ( 2)
 129 D   0.00016 0.99465 0.00000 0.00519 ( 2)
 130 Y   0.00000 0.48423 0.00047 0.51530 ( 4)
 131 T   0.00000 0.98758 0.00000 0.01242 ( 2)
 132 F   0.00595 0.98674 0.00002 0.00729 ( 2)
 133 N   0.00000 0.97847 0.00000 0.02153 ( 2)
 134 L   0.01995 0.97370 0.00008 0.00627 ( 2)
 135 T   0.00000 0.99737 0.00000 0.00263 ( 2)
 136 I   0.00294 0.97977 0.00005 0.01724 ( 2)
 137 D   0.00000 0.99783 0.00000 0.00217 ( 2)
 138 L   0.00012 0.99722 0.00000 0.00266 ( 2)
 139 E   0.00000 0.98976 0.00000 0.01023 ( 2)
 140 S   0.02109 0.97471 0.00005 0.00416 ( 2)
 141 G   0.98929 0.00669 0.00393 0.00010 ( 1)
 142 G   0.98822 0.00891 0.00283 0.00004 ( 1)
 143 A   0.00001 0.95885 0.00001 0.04114 ( 2)
 144 L   0.61159 0.38669 0.00104 0.00068 ( 1)
 145 Y   0.00000 0.96199 0.00000 0.03800 ( 2)
 146 I   0.98075 0.01765 0.00158 0.00003 ( 1)
 147 D   0.98663 0.00597 0.00731 0.00008 ( 1)
 148 K   0.90431 0.09278 0.00249 0.00041 ( 1)
 149 I   0.98707 0.00914 0.00373 0.00006 ( 1)
 150 E   0.99507 0.00243 0.00249 0.00001 ( 1)
 151 F   0.95238 0.03979 0.00735 0.00047 ( 1)
 152 -   0.99143 0.00479 0.00374 0.00003 ( 1)
 153 -   0.28141 0.65466 0.01922 0.04471 ( 2)


lnL = -2681.364356

