Supplemental results for CODEML (seqf: algn  treef: tree)


dN/dS (w) for site classes (K=4)

site class             0        1       2a       2b
proportion       0.72836  0.27164  0.00000  0.00000
background w     0.10552  1.00000  0.10552  1.00000
foreground w     0.10552  1.00000  1.00000  1.00000

Naive Empirical Bayes (NEB) probabilities for 4 classes
(amino acids refer to 1st sequence: BT_Cry32Ma1)

   1 -   0.72836 0.27164 0.00000 0.00000 ( 1)
   2 -   0.72836 0.27164 0.00000 0.00000 ( 1)
   3 G   0.99285 0.00715 0.00000 0.00000 ( 1)
   4 V   0.98836 0.01164 0.00000 0.00000 ( 1)
   5 Q   0.92123 0.07877 0.00000 0.00000 ( 1)
   6 V   0.80729 0.19271 0.00000 0.00000 ( 1)
   7 E   0.89109 0.10891 0.00000 0.00000 ( 1)
   8 L   0.99283 0.00717 0.00000 0.00000 ( 1)
   9 S   0.98934 0.01066 0.00000 0.00000 ( 1)
  10 R   0.99542 0.00458 0.00000 0.00000 ( 1)
  11 E   0.99665 0.00335 0.00000 0.00000 ( 1)
  12 V   0.99430 0.00570 0.00000 0.00000 ( 1)
  13 Y   0.99696 0.00304 0.00000 0.00000 ( 1)
  14 S   0.66159 0.33841 0.00000 0.00000 ( 1)
  15 T   0.98740 0.01260 0.00000 0.00000 ( 1)
  16 V   0.97536 0.02464 0.00000 0.00000 ( 1)
  17 Y   0.99722 0.00278 0.00000 0.00000 ( 1)
  18 G   0.99318 0.00682 0.00000 0.00000 ( 1)
  19 R   0.99670 0.00330 0.00000 0.00000 ( 1)
  20 G   0.85187 0.14813 0.00000 0.00000 ( 1)
  21 G   0.88994 0.11006 0.00000 0.00000 ( 1)
  22 S   0.01539 0.98461 0.00000 0.00000 ( 2)
  23 N   0.51058 0.48942 0.00000 0.00000 ( 1)
  24 N   0.98772 0.01228 0.00000 0.00000 ( 1)
  25 -   0.73344 0.26656 0.00000 0.00000 ( 1)
  26 -   0.73664 0.26336 0.00000 0.00000 ( 1)
  27 -   0.73664 0.26336 0.00000 0.00000 ( 1)
  28 -   0.74393 0.25607 0.00000 0.00000 ( 1)
  29 -   0.73246 0.26754 0.00000 0.00000 ( 1)
  30 S   0.64897 0.35103 0.00000 0.00000 ( 1)
  31 S   0.37066 0.62934 0.00000 0.00000 ( 2)
  32 F   0.06612 0.93388 0.00000 0.00000 ( 2)
  33 D   0.93055 0.06945 0.00000 0.00000 ( 1)
  34 A   0.95923 0.04077 0.00000 0.00000 ( 1)
  35 I   0.98603 0.01397 0.00000 0.00000 ( 1)
  36 E   0.99685 0.00315 0.00000 0.00000 ( 1)
  37 S   0.97387 0.02613 0.00000 0.00000 ( 1)
  38 Q   0.06932 0.93068 0.00000 0.00000 ( 2)
  39 I   0.83335 0.16665 0.00000 0.00000 ( 1)
  40 V   0.95929 0.04071 0.00000 0.00000 ( 1)
  41 R   0.99131 0.00869 0.00000 0.00000 ( 1)
  42 P   0.74705 0.25295 0.00000 0.00000 ( 1)
  43 P   0.99308 0.00692 0.00000 0.00000 ( 1)
  44 H   0.99849 0.00151 0.00000 0.00000 ( 1)
  45 L   0.98796 0.01204 0.00000 0.00000 ( 1)
  46 V   0.99136 0.00864 0.00000 0.00000 ( 1)
  47 T   0.95912 0.04088 0.00000 0.00000 ( 1)
  48 E   0.86548 0.13452 0.00000 0.00000 ( 1)
  49 L   0.98996 0.01004 0.00000 0.00000 ( 1)
  50 T   0.97471 0.02529 0.00000 0.00000 ( 1)
  51 N   0.62654 0.37346 0.00000 0.00000 ( 1)
  52 L   0.99256 0.00744 0.00000 0.00000 ( 1)
  53 K   0.68000 0.32000 0.00000 0.00000 ( 1)
  54 I   0.93668 0.06332 0.00000 0.00000 ( 1)
  55 E   0.82004 0.17996 0.00000 0.00000 ( 1)
  56 Q   0.96060 0.03940 0.00000 0.00000 ( 1)
  57 G   0.53800 0.46200 0.00000 0.00000 ( 1)
  58 A   0.50014 0.49986 0.00000 0.00000 ( 1)
  59 T   0.09614 0.90386 0.00000 0.00000 ( 2)
  60 L   0.16308 0.83692 0.00000 0.00000 ( 2)
  61 D   0.63682 0.36318 0.00000 0.00000 ( 1)
  62 M   0.07794 0.92206 0.00000 0.00000 ( 2)
  63 E   0.86555 0.13445 0.00000 0.00000 ( 1)
  64 Q   0.09392 0.90608 0.00000 0.00000 ( 2)
  65 I   0.50550 0.49450 0.00000 0.00000 ( 1)
  66 Q   0.48657 0.51343 0.00000 0.00000 ( 2)
  67 Y   0.02998 0.97002 0.00000 0.00000 ( 2)
  68 -   0.73411 0.26589 0.00000 0.00000 ( 1)
  69 P   0.54746 0.45254 0.00000 0.00000 ( 1)
  70 K   0.12152 0.87848 0.00000 0.00000 ( 2)
  71 Y   0.95806 0.04194 0.00000 0.00000 ( 1)
  72 M   0.03184 0.96816 0.00000 0.00000 ( 2)
  73 K   0.82573 0.17427 0.00000 0.00000 ( 1)
  74 V   0.90256 0.09744 0.00000 0.00000 ( 1)
  75 T   0.95846 0.04154 0.00000 0.00000 ( 1)
  76 N   0.99697 0.00303 0.00000 0.00000 ( 1)
  77 T   0.98180 0.01820 0.00000 0.00000 ( 1)
  78 L   0.99700 0.00300 0.00000 0.00000 ( 1)
  79 H   0.72035 0.27965 0.00000 0.00000 ( 1)
  80 Y   0.38763 0.61237 0.00000 0.00000 ( 2)
  81 V   0.93701 0.06299 0.00000 0.00000 ( 1)
  82 G   0.99058 0.00942 0.00000 0.00000 ( 1)
  83 S   0.91595 0.08405 0.00000 0.00000 ( 1)
  84 S   0.96394 0.03606 0.00000 0.00000 ( 1)
  85 S   0.00690 0.99310 0.00000 0.00000 ( 2)
  86 T   0.99227 0.00773 0.00000 0.00000 ( 1)
  87 W   0.78726 0.21274 0.00000 0.00000 ( 1)
  88 E   0.99318 0.00682 0.00000 0.00000 ( 1)
  89 Q   0.92681 0.07319 0.00000 0.00000 ( 1)
  90 S   0.97094 0.02906 0.00000 0.00000 ( 1)
  91 S   0.96006 0.03994 0.00000 0.00000 ( 1)
  92 S   0.96917 0.03083 0.00000 0.00000 ( 1)
  93 A   0.68176 0.31824 0.00000 0.00000 ( 1)
  94 I   0.94639 0.05361 0.00000 0.00000 ( 1)
  95 P   0.30782 0.69218 0.00000 0.00000 ( 2)
  96 I   0.96482 0.03518 0.00000 0.00000 ( 1)
  97 R   0.75699 0.24301 0.00000 0.00000 ( 1)
  98 P   0.67726 0.32274 0.00000 0.00000 ( 1)
  99 I   0.51923 0.48077 0.00000 0.00000 ( 1)
 100 T   0.64501 0.35499 0.00000 0.00000 ( 1)
 101 Q   0.04112 0.95888 0.00000 0.00000 ( 2)
 102 I   0.93533 0.06467 0.00000 0.00000 ( 1)
 103 H   0.97116 0.02884 0.00000 0.00000 ( 1)
 104 T   0.93797 0.06203 0.00000 0.00000 ( 1)
 105 I   0.77380 0.22620 0.00000 0.00000 ( 1)
 106 P   0.49871 0.50129 0.00000 0.00000 ( 2)
 107 A   0.95900 0.04100 0.00000 0.00000 ( 1)
 108 N   0.52424 0.47576 0.00000 0.00000 ( 1)
 109 N   0.94082 0.05918 0.00000 0.00000 ( 1)
 110 I   0.99438 0.00562 0.00000 0.00000 ( 1)
 111 G   0.96602 0.03398 0.00000 0.00000 ( 1)
 112 N   0.96818 0.03182 0.00000 0.00000 ( 1)
 113 L   0.97886 0.02114 0.00000 0.00000 ( 1)
 114 S   0.75598 0.24402 0.00000 0.00000 ( 1)
 115 L   0.99204 0.00796 0.00000 0.00000 ( 1)
 116 S   0.02455 0.97545 0.00000 0.00000 ( 2)
 117 Q   0.81911 0.18089 0.00000 0.00000 ( 1)
 118 L   0.18933 0.81067 0.00000 0.00000 ( 2)
 119 D   0.09480 0.90520 0.00000 0.00000 ( 2)
 120 V   0.86676 0.13324 0.00000 0.00000 ( 1)
 121 P   0.99740 0.00260 0.00000 0.00000 ( 1)
 122 Y   0.29123 0.70877 0.00000 0.00000 ( 2)
 123 R   0.21646 0.78354 0.00000 0.00000 ( 2)
 124 F   0.99291 0.00709 0.00000 0.00000 ( 1)
 125 S   0.97683 0.02317 0.00000 0.00000 ( 1)
 126 F   0.99272 0.00728 0.00000 0.00000 ( 1)
 127 Y   0.93218 0.06782 0.00000 0.00000 ( 1)
 128 N   0.96861 0.03139 0.00000 0.00000 ( 1)
 129 K   0.11229 0.88771 0.00000 0.00000 ( 2)
 130 D   0.87939 0.12061 0.00000 0.00000 ( 1)
 131 D   0.09474 0.90526 0.00000 0.00000 ( 2)
 132 A   0.10153 0.89847 0.00000 0.00000 ( 2)
 133 L   0.04902 0.95098 0.00000 0.00000 ( 2)
 134 I   0.77670 0.22330 0.00000 0.00000 ( 1)
 135 A   0.65483 0.34517 0.00000 0.00000 ( 1)
 136 A   0.22805 0.77195 0.00000 0.00000 ( 2)
 137 V   0.97703 0.02297 0.00000 0.00000 ( 1)
 138 G   0.93285 0.06715 0.00000 0.00000 ( 1)
 139 A   0.01924 0.98076 0.00000 0.00000 ( 2)
 140 E   0.81224 0.18776 0.00000 0.00000 ( 1)
 141 F   0.24917 0.75083 0.00000 0.00000 ( 2)
 142 P   0.80480 0.19520 0.00000 0.00000 ( 1)
 143 P   0.78949 0.21051 0.00000 0.00000 ( 1)
 144 N   0.12715 0.87285 0.00000 0.00000 ( 2)
 145 T   0.04859 0.95141 0.00000 0.00000 ( 2)
 146 V   0.39940 0.60060 0.00000 0.00000 ( 2)
 147 T   0.00472 0.99528 0.00000 0.00000 ( 2)
 148 W   0.78503 0.21497 0.00000 0.00000 ( 1)
 149 N   0.98417 0.01583 0.00000 0.00000 ( 1)
 150 G   0.66061 0.33939 0.00000 0.00000 ( 1)
 151 I   0.97362 0.02638 0.00000 0.00000 ( 1)
 152 P   0.97920 0.02080 0.00000 0.00000 ( 1)
 153 K   0.87038 0.12962 0.00000 0.00000 ( 1)
 154 A   0.07170 0.92830 0.00000 0.00000 ( 2)
 155 E   0.92768 0.07232 0.00000 0.00000 ( 1)
 156 D   0.48750 0.51250 0.00000 0.00000 ( 2)
 157 S   0.95750 0.04250 0.00000 0.00000 ( 1)
 158 N   0.97043 0.02957 0.00000 0.00000 ( 1)
 159 Q   0.94260 0.05740 0.00000 0.00000 ( 1)
 160 N   0.90985 0.09015 0.00000 0.00000 ( 1)
 161 S   0.95981 0.04019 0.00000 0.00000 ( 1)
 162 -   0.73722 0.26278 0.00000 0.00000 ( 1)
 163 -   0.73274 0.26726 0.00000 0.00000 ( 1)
 164 -   0.73086 0.26914 0.00000 0.00000 ( 1)
 165 -   0.73661 0.26339 0.00000 0.00000 ( 1)
 166 H   0.99846 0.00154 0.00000 0.00000 ( 1)
 167 H   0.98990 0.01010 0.00000 0.00000 ( 1)
 168 L   0.99063 0.00937 0.00000 0.00000 ( 1)
 169 S   0.93846 0.06154 0.00000 0.00000 ( 1)
 170 Y   0.99690 0.00310 0.00000 0.00000 ( 1)
 171 V   0.99504 0.00496 0.00000 0.00000 ( 1)
 172 G   0.57288 0.42712 0.00000 0.00000 ( 1)
 173 A   0.97915 0.02085 0.00000 0.00000 ( 1)
 174 L   0.95430 0.04570 0.00000 0.00000 ( 1)
 175 G   0.28601 0.71399 0.00000 0.00000 ( 2)
 176 T   0.86002 0.13998 0.00000 0.00000 ( 1)
 177 Q   0.90216 0.09784 0.00000 0.00000 ( 1)
 178 S   0.22061 0.77939 0.00000 0.00000 ( 2)
 179 S   0.87846 0.12154 0.00000 0.00000 ( 1)
 180 A   0.97854 0.02146 0.00000 0.00000 ( 1)
 181 G   0.95490 0.04510 0.00000 0.00000 ( 1)
 182 F   0.19431 0.80569 0.00000 0.00000 ( 2)
 183 P   0.00403 0.99597 0.00000 0.00000 ( 2)
 184 W   0.00693 0.99307 0.00000 0.00000 ( 2)
 185 -   0.72836 0.27164 0.00000 0.00000 ( 1)
 186 T   0.81607 0.18393 0.00000 0.00000 ( 1)
 187 Y   0.99690 0.00310 0.00000 0.00000 ( 1)
 188 P   0.62066 0.37934 0.00000 0.00000 ( 1)
 189 T   0.06309 0.93691 0.00000 0.00000 ( 2)
 190 E   0.00023 0.99977 0.00000 0.00000 ( 2)
 191 L   0.41925 0.58075 0.00000 0.00000 ( 2)
 192 L   0.94349 0.05651 0.00000 0.00000 ( 1)
 193 G   0.99293 0.00707 0.00000 0.00000 ( 1)
 194 E   0.93775 0.06225 0.00000 0.00000 ( 1)
 195 W   0.99659 0.00341 0.00000 0.00000 ( 1)
 196 G   0.99350 0.00650 0.00000 0.00000 ( 1)
 197 F   0.96649 0.03351 0.00000 0.00000 ( 1)
 198 G   0.99627 0.00373 0.00000 0.00000 ( 1)
 199 W   0.99659 0.00341 0.00000 0.00000 ( 1)
 200 L   0.98908 0.01092 0.00000 0.00000 ( 1)
 201 H   0.99863 0.00137 0.00000 0.00000 ( 1)
 202 N   0.93990 0.06010 0.00000 0.00000 ( 1)
 203 -   0.72836 0.27164 0.00000 0.00000 ( 1)


lnL = -2308.963665

Bayes Empirical Bayes (BEB) probabilities for 4 classes (class)
(amino acids refer to 1st sequence: BT_Cry32Ma1)

   1 -   0.75622 0.20374 0.03165 0.00839 ( 1)
   2 -   0.75622 0.20374 0.03165 0.00839 ( 1)
   3 G   0.97428 0.00817 0.01736 0.00019 ( 1)
   4 V   0.97225 0.01292 0.01455 0.00027 ( 1)
   5 Q   0.93738 0.04627 0.01534 0.00101 ( 1)
   6 V   0.87004 0.11448 0.01305 0.00243 ( 1)
   7 E   0.90260 0.08399 0.01175 0.00167 ( 1)
   8 L   0.96544 0.00765 0.02667 0.00023 ( 1)
   9 S   0.96950 0.01108 0.01915 0.00027 ( 1)
  10 R   0.98067 0.00513 0.01410 0.00010 ( 1)
  11 E   0.98292 0.00422 0.01278 0.00008 ( 1)
  12 V   0.97859 0.00662 0.01465 0.00014 ( 1)
  13 Y   0.98343 0.00381 0.01269 0.00008 ( 1)
  14 S   0.78625 0.19221 0.01666 0.00487 ( 1)
  15 T   0.97115 0.01397 0.01458 0.00030 ( 1)
  16 V   0.96489 0.02023 0.01444 0.00043 ( 1)
  17 Y   0.98392 0.00332 0.01270 0.00007 ( 1)
  18 G   0.97613 0.00790 0.01580 0.00017 ( 1)
  19 R   0.98188 0.00392 0.01412 0.00008 ( 1)
  20 G   0.89407 0.08605 0.01775 0.00213 ( 1)
  21 G   0.90137 0.08586 0.01113 0.00164 ( 1)
  22 S   0.03358 0.63043 0.21578 0.12021 ( 2)
  23 N   0.60985 0.28441 0.09445 0.01130 ( 1)
  24 N   0.97859 0.01098 0.01022 0.00020 ( 1)
  25 -   0.76008 0.19988 0.03181 0.00823 ( 1)
  26 -   0.76252 0.19745 0.03191 0.00813 ( 1)
  27 -   0.76252 0.19745 0.03191 0.00813 ( 1)
  28 -   0.76804 0.19192 0.03214 0.00790 ( 1)
  29 -   0.75934 0.20062 0.03178 0.00826 ( 1)
  30 S   0.78470 0.19492 0.01555 0.00483 ( 1)
  31 S   0.60493 0.37942 0.00804 0.00761 ( 1)
  32 F   0.17471 0.64022 0.11542 0.06964 ( 2)
  33 D   0.80017 0.04084 0.15716 0.00182 ( 1)
  34 A   0.95224 0.03270 0.01435 0.00070 ( 1)
  35 I   0.96492 0.01194 0.02282 0.00033 ( 1)
  36 E   0.98324 0.00390 0.01278 0.00008 ( 1)
  37 S   0.96222 0.02091 0.01638 0.00049 ( 1)
  38 Q   0.18339 0.79603 0.00302 0.01756 ( 2)
  39 I   0.88310 0.10441 0.01050 0.00199 ( 1)
  40 V   0.94313 0.03188 0.02408 0.00092 ( 1)
  41 R   0.97631 0.00946 0.01404 0.00019 ( 1)
  42 P   0.83151 0.15156 0.01361 0.00332 ( 1)
  43 P   0.97399 0.00715 0.01869 0.00017 ( 1)
  44 H   0.98655 0.00208 0.01134 0.00004 ( 1)
  45 L   0.97014 0.01192 0.01767 0.00028 ( 1)
  46 V   0.96750 0.00951 0.02273 0.00026 ( 1)
  47 T   0.95402 0.03098 0.01433 0.00066 ( 1)
  48 E   0.91608 0.07060 0.01192 0.00140 ( 1)
  49 L   0.97027 0.01021 0.01927 0.00025 ( 1)
  50 T   0.94897 0.02614 0.02414 0.00075 ( 1)
  51 N   0.64138 0.21338 0.13500 0.01024 ( 1)
  52 L   0.97499 0.00780 0.01704 0.00018 ( 1)
  53 K   0.79571 0.19016 0.01036 0.00377 ( 1)
  54 I   0.93618 0.05171 0.01112 0.00098 ( 1)
  55 E   0.87326 0.10862 0.01562 0.00249 ( 1)
  56 Q   0.94901 0.02842 0.02178 0.00080 ( 1)
  57 G   0.72973 0.25633 0.00903 0.00491 ( 1)
  58 A   0.66590 0.31933 0.00841 0.00636 ( 1)
  59 T   0.25768 0.72461 0.00325 0.01445 ( 2)
  60 L   0.34105 0.62882 0.00929 0.02084 ( 2)
  61 D   0.80371 0.18444 0.00844 0.00340 ( 1)
  62 M   0.22208 0.75907 0.00327 0.01558 ( 2)
  63 E   0.91398 0.07269 0.01189 0.00144 ( 1)
  64 Q   0.20777 0.76684 0.00477 0.02061 ( 2)
  65 I   0.67426 0.31001 0.00938 0.00634 ( 1)
  66 Q   0.65277 0.32929 0.01073 0.00721 ( 1)
  67 Y   0.10923 0.87191 0.00142 0.01745 ( 2)
  68 -   0.76059 0.19937 0.03183 0.00820 ( 1)
  69 P   0.69630 0.28340 0.01340 0.00690 ( 1)
  70 K   0.28742 0.69138 0.00518 0.01602 ( 2)
  71 Y   0.95246 0.03456 0.01230 0.00068 ( 1)
  72 M   0.12130 0.85926 0.00178 0.01766 ( 2)
  73 K   0.88765 0.09430 0.01588 0.00216 ( 1)
  74 V   0.90731 0.07982 0.01132 0.00156 ( 1)
  75 T   0.94476 0.03224 0.02213 0.00088 ( 1)
  76 N   0.98550 0.00413 0.01029 0.00008 ( 1)
  77 T   0.96282 0.01931 0.01740 0.00047 ( 1)
  78 L   0.98281 0.00358 0.01354 0.00007 ( 1)
  79 H   0.84249 0.14516 0.00970 0.00265 ( 1)
  80 Y   0.62058 0.36414 0.00805 0.00723 ( 1)
  81 V   0.74295 0.04149 0.21294 0.00262 ( 1)
  82 G   0.97007 0.01049 0.01918 0.00026 ( 1)
  83 S   0.94072 0.04819 0.01023 0.00086 ( 1)
  84 S   0.95876 0.02799 0.01269 0.00056 ( 1)
  85 S   0.01930 0.65218 0.15951 0.16900 ( 2)
  86 T   0.97635 0.00880 0.01466 0.00019 ( 1)
  87 W   0.85590 0.12084 0.02000 0.00326 ( 1)
  88 E   0.97455 0.00786 0.01740 0.00018 ( 1)
  89 Q   0.93969 0.04398 0.01537 0.00096 ( 1)
  90 S   0.95619 0.02303 0.02020 0.00058 ( 1)
  91 S   0.95266 0.03405 0.01261 0.00068 ( 1)
  92 S   0.96240 0.02438 0.01273 0.00049 ( 1)
  93 A   0.78824 0.19789 0.00994 0.00393 ( 1)
  94 I   0.94357 0.04437 0.01121 0.00084 ( 1)
  95 P   0.52240 0.46139 0.00708 0.00914 ( 1)
  96 I   0.96060 0.02747 0.01141 0.00052 ( 1)
  97 R   0.84673 0.13824 0.01220 0.00283 ( 1)
  98 P   0.78762 0.19520 0.01290 0.00428 ( 1)
  99 I   0.71182 0.26893 0.01275 0.00650 ( 1)
 100 T   0.75774 0.21849 0.01781 0.00597 ( 1)
 101 Q   0.12253 0.85046 0.00284 0.02417 ( 2)
 102 I   0.93764 0.05026 0.01114 0.00096 ( 1)
 103 H   0.96994 0.01857 0.01115 0.00034 ( 1)
 104 T   0.93626 0.05099 0.01174 0.00101 ( 1)
 105 I   0.80574 0.17049 0.01911 0.00467 ( 1)
 106 P   0.64823 0.33380 0.01064 0.00733 ( 1)
 107 A   0.94364 0.03144 0.02402 0.00090 ( 1)
 108 N   0.71522 0.27227 0.00750 0.00500 ( 1)
 109 N   0.94956 0.03978 0.00993 0.00073 ( 1)
 110 I   0.97945 0.00685 0.01357 0.00014 ( 1)
 111 G   0.96514 0.02253 0.01190 0.00043 ( 1)
 112 N   0.96851 0.02098 0.01012 0.00038 ( 1)
 113 L   0.96943 0.01688 0.01336 0.00033 ( 1)
 114 S   0.83716 0.13974 0.01929 0.00382 ( 1)
 115 L   0.97379 0.00828 0.01774 0.00019 ( 1)
 116 S   0.09394 0.88689 0.00125 0.01792 ( 2)
 117 Q   0.85403 0.12916 0.01400 0.00282 ( 1)
 118 L   0.34339 0.63531 0.00631 0.01499 ( 2)
 119 D   0.27852 0.64923 0.04582 0.02643 ( 2)
 120 V   0.87766 0.10691 0.01316 0.00227 ( 1)
 121 P   0.98370 0.00299 0.01325 0.00006 ( 1)
 122 Y   0.49336 0.47959 0.01295 0.01411 ( 1)
 123 R   0.44118 0.53396 0.01032 0.01453 ( 2)
 124 F   0.98230 0.00616 0.01142 0.00011 ( 1)
 125 S   0.96810 0.01872 0.01281 0.00037 ( 1)
 126 F   0.97114 0.00763 0.02103 0.00020 ( 1)
 127 Y   0.94024 0.04169 0.01708 0.00099 ( 1)
 128 N   0.95685 0.02467 0.01791 0.00058 ( 1)
 129 K   0.27653 0.61848 0.07211 0.03288 ( 2)
 130 D   0.91371 0.07531 0.00959 0.00139 ( 1)
 131 D   0.26177 0.67034 0.04084 0.02705 ( 2)
 132 A   0.25197 0.73021 0.00319 0.01463 ( 2)
 133 L   0.14424 0.82716 0.00363 0.02498 ( 2)
 134 I   0.84432 0.14291 0.01004 0.00272 ( 1)
 135 A   0.80766 0.17861 0.01018 0.00355 ( 1)
 136 A   0.37068 0.50190 0.09963 0.02779 ( 2)
 137 V   0.96757 0.01998 0.01206 0.00039 ( 1)
 138 G   0.92995 0.05381 0.01506 0.00118 ( 1)
 139 A   0.06394 0.87400 0.01508 0.04698 ( 2)
 140 E   0.84144 0.14473 0.01096 0.00287 ( 1)
 141 F   0.32219 0.48544 0.15286 0.03951 ( 2)
 142 P   0.83550 0.15027 0.01128 0.00296 ( 1)
 143 P   0.82152 0.16150 0.01345 0.00354 ( 1)
 144 N   0.30464 0.67357 0.00575 0.01603 ( 2)
 145 T   0.13051 0.80222 0.02792 0.03934 ( 2)
 146 V   0.63793 0.34511 0.00960 0.00737 ( 1)
 147 T   0.02146 0.95023 0.00055 0.02775 ( 2)
 148 W   0.85350 0.12322 0.01995 0.00333 ( 1)
 149 N   0.96771 0.01386 0.01811 0.00033 ( 1)
 150 G   0.78213 0.19389 0.01865 0.00533 ( 1)
 151 I   0.96573 0.02048 0.01338 0.00042 ( 1)
 152 P   0.97005 0.01656 0.01306 0.00033 ( 1)
 153 K   0.76333 0.06502 0.16858 0.00307 ( 1)
 154 A   0.19274 0.78527 0.00340 0.01859 ( 2)
 155 E   0.94526 0.04162 0.01229 0.00083 ( 1)
 156 D   0.69892 0.28840 0.00735 0.00533 ( 1)
 157 S   0.96162 0.02744 0.01045 0.00049 ( 1)
 158 N   0.84458 0.02490 0.12953 0.00098 ( 1)
 159 Q   0.94432 0.03938 0.01545 0.00086 ( 1)
 160 N   0.93560 0.05364 0.00978 0.00098 ( 1)
 161 S   0.96463 0.02445 0.01048 0.00044 ( 1)
 162 -   0.76295 0.19701 0.03193 0.00811 ( 1)
 163 -   0.75955 0.20041 0.03179 0.00825 ( 1)
 164 -   0.75813 0.20184 0.03173 0.00831 ( 1)
 165 -   0.76249 0.19747 0.03191 0.00813 ( 1)
 166 H   0.98651 0.00212 0.01134 0.00004 ( 1)
 167 H   0.98020 0.00838 0.01126 0.00015 ( 1)
 168 L   0.97281 0.00926 0.01772 0.00022 ( 1)
 169 S   0.93869 0.04793 0.01242 0.00096 ( 1)
 170 Y   0.98336 0.00388 0.01269 0.00008 ( 1)
 171 V   0.98162 0.00604 0.01223 0.00012 ( 1)
 172 G   0.74937 0.23683 0.00927 0.00453 ( 1)
 173 A   0.96116 0.02151 0.01683 0.00050 ( 1)
 174 L   0.94767 0.03426 0.01727 0.00080 ( 1)
 175 G   0.45045 0.44733 0.08292 0.01930 ( 1)
 176 T   0.90232 0.08236 0.01356 0.00176 ( 1)
 177 Q   0.92527 0.05832 0.01514 0.00127 ( 1)
 178 S   0.42858 0.55456 0.00571 0.01115 ( 2)
 179 S   0.88990 0.09027 0.01760 0.00223 ( 1)
 180 A   0.96997 0.01749 0.01220 0.00035 ( 1)
 181 G   0.93989 0.03675 0.02235 0.00101 ( 1)
 182 F   0.37773 0.60648 0.00442 0.01137 ( 2)
 183 P   0.01973 0.96085 0.00027 0.01915 ( 2)
 184 W   0.02595 0.88648 0.01281 0.07475 ( 2)
 185 -   0.75622 0.20374 0.03165 0.00839 ( 1)
 186 T   0.87984 0.10469 0.01323 0.00224 ( 1)
 187 Y   0.98336 0.00388 0.01269 0.00008 ( 1)
 188 P   0.75837 0.22056 0.01553 0.00554 ( 1)
 189 T   0.17983 0.79399 0.00425 0.02192 ( 2)
 190 E   0.00223 0.97504 0.00004 0.02269 ( 2)
 191 L   0.60628 0.37780 0.00840 0.00753 ( 1)
 192 L   0.93420 0.04128 0.02329 0.00123 ( 1)
 193 G   0.97261 0.00793 0.01927 0.00020 ( 1)
 194 E   0.94987 0.03704 0.01235 0.00073 ( 1)
 195 W   0.97398 0.00321 0.02272 0.00009 ( 1)
 196 G   0.97669 0.00734 0.01581 0.00016 ( 1)
 197 F   0.96696 0.02139 0.01125 0.00040 ( 1)
 198 G   0.98318 0.00461 0.01212 0.00009 ( 1)
 199 W   0.97398 0.00321 0.02272 0.00009 ( 1)
 200 L   0.96740 0.01073 0.02159 0.00028 ( 1)
 201 H   0.98690 0.00173 0.01134 0.00003 ( 1)
 202 N   0.94398 0.03843 0.01662 0.00097 ( 1)
 203 -   0.75622 0.20374 0.03165 0.00839 ( 1)

