Supplemental results for CODEML (seqf: algn  treef: tree)


dN/dS (w) for site classes (K=4)

site class             0        1       2a       2b
proportion       0.57313  0.37917  0.02871  0.01899
background w     0.15797  1.00000  0.15797  1.00000
foreground w     0.15797  1.00000  1.00000  1.00000

Naive Empirical Bayes (NEB) probabilities for 4 classes
(amino acids refer to 1st sequence: BT_Cry18Aa1)

   1 -   0.95832 0.00036 0.04130 0.00002 ( 1)
   2 L   0.95713 0.00014 0.04272 0.00001 ( 1)
   3 Y   0.00018 0.95182 0.00033 0.04768 ( 2)
   4 V   0.95434 0.00171 0.04386 0.00009 ( 1)
   5 S   0.95168 0.00608 0.04194 0.00030 ( 1)
   6 T   0.94906 0.00708 0.04350 0.00035 ( 1)
   7 S   0.94643 0.00798 0.04519 0.00040 ( 1)
   8 A   0.95815 0.00003 0.04182 0.00000 ( 1)
   9 N   0.95852 0.00001 0.04148 0.00000 ( 1)
  10 L   0.95483 0.00054 0.04461 0.00003 ( 1)
  11 Y   0.95646 0.00089 0.04260 0.00004 ( 1)
  12 N   0.95549 0.00236 0.04203 0.00012 ( 1)
  13 I   0.66355 0.29101 0.03087 0.01458 ( 1)
  14 G   0.95762 0.00009 0.04229 0.00000 ( 1)
  15 D   0.77694 0.01009 0.21246 0.00051 ( 1)
  16 N   0.94990 0.00546 0.04436 0.00027 ( 1)
  17 K   0.04942 0.90304 0.00230 0.04523 ( 2)
  18 V   0.00078 0.95152 0.00004 0.04766 ( 2)
  19 N   0.39189 0.56099 0.01902 0.02810 ( 2)
  20 E   0.17333 0.77968 0.00794 0.03905 ( 2)
  21 G   0.92621 0.02875 0.04360 0.00144 ( 1)
  22 A   0.22077 0.73216 0.01040 0.03667 ( 2)
  23 Y   0.95833 0.00004 0.04163 0.00000 ( 1)
  24 P   0.94365 0.01262 0.04309 0.00063 ( 1)
  25 I   0.90491 0.05098 0.04155 0.00255 ( 1)
  26 S   0.66646 0.28776 0.03137 0.01441 ( 1)
  27 Y   0.25466 0.69828 0.01208 0.03498 ( 2)
  28 G   0.90585 0.04813 0.04360 0.00241 ( 1)
  29 P   0.95115 0.00439 0.04424 0.00022 ( 1)
  30 F   0.95835 0.00002 0.04163 0.00000 ( 1)
  31 F   0.95455 0.00082 0.04459 0.00004 ( 1)
  32 N   0.88808 0.06900 0.03947 0.00346 ( 1)
  33 S   0.95725 0.00054 0.04218 0.00003 ( 1)
  34 Y   0.95694 0.00033 0.04271 0.00002 ( 1)
  35 I   0.95058 0.00393 0.04530 0.00020 ( 1)
  36 Q   0.95412 0.00092 0.04491 0.00005 ( 1)
  37 T   0.95707 0.00104 0.04184 0.00005 ( 1)
  38 K   0.95876 0.00002 0.04121 0.00000 ( 1)
  39 S   0.80906 0.14425 0.03947 0.00723 ( 1)
  40 N   0.95878 0.00001 0.04121 0.00000 ( 1)
  41 Y   0.95744 0.00002 0.04254 0.00000 ( 1)
  42 V   0.81350 0.14249 0.03687 0.00714 ( 1)
  43 L   0.88472 0.07042 0.04133 0.00353 ( 1)
  44 S   0.48472 0.47036 0.02136 0.02356 ( 1)
  45 G   0.94738 0.01027 0.04184 0.00051 ( 1)
  46 V   0.08379 0.86857 0.00413 0.04351 ( 2)
  47 S   0.86087 0.09716 0.03710 0.00487 ( 1)
  48 G   0.95759 0.00011 0.04229 0.00001 ( 1)
  49 I   0.00060 0.95170 0.00003 0.04767 ( 2)
  50 G   0.46405 0.48939 0.02205 0.02451 ( 2)
  51 A   0.00000 0.95230 0.00000 0.04770 ( 2)
  52 R   0.00218 0.95013 0.00010 0.04759 ( 2)
  53 F   0.00000 0.95230 0.00000 0.04770 ( 2)
  54 T   0.00144 0.95086 0.00007 0.04763 ( 2)
  55 Y   0.93314 0.02133 0.04446 0.00107 ( 1)
  56 -   0.94590 0.01140 0.04213 0.00057 ( 1)
  57 -   0.07868 0.87415 0.00338 0.04379 ( 2)
  58 -   0.01089 0.94148 0.00047 0.04716 ( 2)
  59 S   0.12510 0.82791 0.00552 0.04147 ( 2)
  60 T   0.05203 0.90056 0.00230 0.04511 ( 2)
  61 V   0.22925 0.72379 0.01071 0.03625 ( 2)
  62 -   0.57313 0.37917 0.02871 0.01899 ( 1)
  63 -   0.57313 0.37917 0.02871 0.01899 ( 1)
  64 L   0.62169 0.33142 0.03029 0.01660 ( 1)
  65 G   0.95719 0.00051 0.04227 0.00003 ( 1)
  66 R   0.00000 0.95230 0.00000 0.04770 ( 2)
  67 Y   0.35171 0.60284 0.01525 0.03020 ( 2)
  68 L   0.82677 0.12895 0.03782 0.00646 ( 1)
  69 H   0.09145 0.86128 0.00413 0.04314 ( 2)
  70 D   0.20176 0.75160 0.00900 0.03765 ( 2)
  71 D   0.00017 0.95213 0.00001 0.04769 ( 2)
  72 L   0.92673 0.02746 0.04443 0.00138 ( 1)
  73 K   0.21907 0.73471 0.00942 0.03680 ( 2)
  74 N   0.00131 0.95100 0.00006 0.04763 ( 2)
  75 I   0.63086 0.32254 0.03044 0.01616 ( 1)
  76 I   0.46753 0.48591 0.02221 0.02434 ( 2)
  77 T   0.44024 0.51472 0.01926 0.02578 ( 2)
  78 T   0.95840 0.00038 0.04120 0.00002 ( 1)
  79 Y   0.95741 0.00005 0.04253 0.00000 ( 1)
  80 V   0.02348 0.92888 0.00112 0.04653 ( 2)
  81 G   0.95505 0.00033 0.04460 0.00002 ( 1)
  82 G   0.94662 0.00873 0.04421 0.00044 ( 1)
  83 T   0.50637 0.44900 0.02214 0.02249 ( 1)
  84 Q   0.09963 0.85295 0.00469 0.04272 ( 2)
  85 G   0.95642 0.00137 0.04215 0.00007 ( 1)
  86 P   0.94778 0.00987 0.04186 0.00049 ( 1)
  87 N   0.00000 0.95230 0.00000 0.04770 ( 2)
  88 I   0.95550 0.00114 0.04330 0.00006 ( 1)
  89 G   0.75449 0.01260 0.23228 0.00063 ( 1)
  90 V   0.00000 0.95230 0.00000 0.04770 ( 2)
  91 Q   0.47648 0.47582 0.02387 0.02383 ( 1)
  92 L   0.92523 0.02707 0.04634 0.00136 ( 1)
  93 S   0.84119 0.11111 0.04213 0.00557 ( 1)
  94 T   0.79126 0.16104 0.03963 0.00807 ( 1)
  95 T   0.72631 0.22599 0.03638 0.01132 ( 1)
  96 E   0.79754 0.15476 0.03995 0.00775 ( 1)
  97 L   0.66727 0.28503 0.03342 0.01428 ( 1)
  98 D   0.86052 0.09178 0.04310 0.00460 ( 1)
  99 E   0.09734 0.85496 0.00488 0.04282 ( 2)
 100 L   0.28967 0.66263 0.01451 0.03319 ( 2)
 101 K   0.57313 0.37917 0.02871 0.01899 ( 1)
 102 K   0.08408 0.86822 0.00421 0.04349 ( 2)
 103 Q   0.34062 0.61168 0.01706 0.03064 ( 2)
 104 Q   0.74346 0.20884 0.03724 0.01046 ( 1)
 105 Q   0.74346 0.20884 0.03724 0.01046 ( 1)
 106 A   0.85137 0.10093 0.04264 0.00506 ( 1)
 107 T   0.26656 0.68574 0.01335 0.03435 ( 2)
 108 R   0.07001 0.88229 0.00351 0.04419 ( 2)
 109 D   0.50361 0.44869 0.02523 0.02247 ( 1)
 110 S   0.01468 0.93762 0.00074 0.04696 ( 2)
 111 L   0.20004 0.75226 0.01002 0.03768 ( 2)
 112 V   0.00001 0.95229 0.00000 0.04770 ( 2)
 113 D   0.00059 0.95172 0.00003 0.04767 ( 2)
 114 F   0.00381 0.94849 0.00019 0.04751 ( 2)
 115 Q   0.00649 0.94586 0.00028 0.04738 ( 2)
 116 F   0.00046 0.95184 0.00002 0.04768 ( 2)
 117 F   0.78373 0.17054 0.03719 0.00854 ( 1)
 118 T   0.95103 0.00729 0.04131 0.00036 ( 1)
 119 L   0.54537 0.41062 0.02344 0.02057 ( 1)
 120 N   0.11673 0.83576 0.00564 0.04186 ( 2)
 121 C   0.02488 0.92748 0.00118 0.04646 ( 2)
 122 M   0.08474 0.86769 0.00410 0.04346 ( 2)
 123 L   0.00209 0.95022 0.00010 0.04760 ( 2)
 124 P   0.00171 0.95059 0.00008 0.04761 ( 2)
 125 N   0.79958 0.15695 0.03561 0.00786 ( 1)
 126 P   0.95650 0.00085 0.04260 0.00004 ( 1)
 127 I   0.68396 0.27054 0.03195 0.01355 ( 1)
 128 T   0.00006 0.95224 0.00000 0.04770 ( 2)
 129 A   0.86899 0.08690 0.03976 0.00435 ( 1)
 130 P   0.94900 0.00654 0.04414 0.00033 ( 1)
 131 Y   0.95792 0.00044 0.04161 0.00002 ( 1)
 132 F   0.94380 0.01423 0.04126 0.00071 ( 1)
 133 A   0.95369 0.00264 0.04354 0.00013 ( 1)
 134 T   0.95310 0.00555 0.04108 0.00028 ( 1)
 135 S   0.18207 0.77057 0.00876 0.03860 ( 2)
 136 L   0.92400 0.02915 0.04540 0.00146 ( 1)
 137 Y   0.94869 0.00961 0.04121 0.00048 ( 1)
 138 E   0.92092 0.03399 0.04339 0.00170 ( 1)
 139 S   0.59173 0.36391 0.02613 0.01823 ( 1)
 140 R   0.00006 0.95224 0.00000 0.04770 ( 2)
 141 -   0.95580 0.00255 0.04152 0.00013 ( 1)
 142 -   0.26926 0.68350 0.01300 0.03424 ( 2)
 143 -   0.14825 0.80438 0.00708 0.04029 ( 2)
 144 Y   0.00975 0.94256 0.00047 0.04721 ( 2)
 145 S   0.02662 0.92584 0.00116 0.04637 ( 2)
 146 S   0.00239 0.94992 0.00010 0.04758 ( 2)
 147 I   0.00456 0.94775 0.00022 0.04747 ( 2)
 148 G   0.00000 0.95230 0.00000 0.04770 ( 2)
 149 G   0.03112 0.92123 0.00151 0.04614 ( 2)
 150 Y   0.95071 0.00801 0.04087 0.00040 ( 1)
 151 L   0.19086 0.76180 0.00919 0.03816 ( 2)
 152 R   0.00419 0.94811 0.00020 0.04749 ( 2)
 153 K   0.75397 0.20146 0.03448 0.01009 ( 1)
 154 D   0.80543 0.15023 0.03682 0.00752 ( 1)
 155 V   0.00258 0.94973 0.00012 0.04757 ( 2)
 156 F   0.95836 0.00001 0.04163 0.00000 ( 1)
 157 K   0.00009 0.95221 0.00000 0.04770 ( 2)
 158 S   0.82546 0.13026 0.03776 0.00652 ( 1)
 159 E   0.93173 0.02653 0.04041 0.00133 ( 1)
 160 D   0.01190 0.94043 0.00056 0.04711 ( 2)
 161 S   0.65132 0.16435 0.17609 0.00823 ( 1)
 162 T   0.21008 0.74289 0.00981 0.03721 ( 2)
 163 C   0.10628 0.84628 0.00505 0.04239 ( 2)
 164 G   0.07901 0.87372 0.00351 0.04376 ( 2)
 165 L   0.92280 0.03470 0.04076 0.00174 ( 1)
 166 G   0.81793 0.13938 0.03570 0.00698 ( 1)
 167 -   0.80915 0.14315 0.04053 0.00717 ( 1)
 168 -   0.47074 0.48156 0.02358 0.02412 ( 2)
 169 -   0.57313 0.37917 0.02871 0.01899 ( 1)
 170 -   0.57313 0.37917 0.02871 0.01899 ( 1)
 171 -   0.57313 0.37917 0.02871 0.01899 ( 1)
 172 -   0.57313 0.37917 0.02871 0.01899 ( 1)
 173 -   0.94697 0.01132 0.04114 0.00057 ( 1)
 174 -   0.00026 0.95205 0.00001 0.04769 ( 2)
 175 N   0.05187 0.90052 0.00250 0.04511 ( 2)
 176 P   0.29941 0.65430 0.01351 0.03277 ( 2)
 177 G   0.76939 0.18539 0.03593 0.00929 ( 1)
 178 A   0.91030 0.04816 0.03913 0.00241 ( 1)
 179 W   0.02307 0.92929 0.00109 0.04655 ( 2)
 180 T   0.95056 0.00413 0.04511 0.00021 ( 1)
 181 S   0.95029 0.00714 0.04222 0.00036 ( 1)
 182 Y   0.22219 0.73062 0.01059 0.03660 ( 2)
 183 P   0.95363 0.00193 0.04435 0.00010 ( 1)
 184 D   0.95832 0.00004 0.04163 0.00000 ( 1)
 185 Y   0.95744 0.00002 0.04254 0.00000 ( 1)
 186 Y   0.95826 0.00011 0.04163 0.00001 ( 1)
 187 I   0.95383 0.00043 0.04572 0.00002 ( 1)
 188 T   0.94653 0.01025 0.04271 0.00051 ( 1)
 189 N   0.95878 0.00001 0.04121 0.00000 ( 1)
 190 I   0.95859 0.00001 0.04140 0.00000 ( 1)
 191 S   0.95775 0.00004 0.04221 0.00000 ( 1)
 192 A   0.94736 0.00625 0.04607 0.00031 ( 1)
 193 T   0.95660 0.00150 0.04182 0.00008 ( 1)
 194 V   0.72457 0.23156 0.03227 0.01160 ( 1)
 195 Q   0.13142 0.82131 0.00614 0.04114 ( 2)
 196 I   0.00286 0.94946 0.00013 0.04756 ( 2)
 197 N   0.05939 0.89330 0.00256 0.04474 ( 2)
 198 G   0.68969 0.26552 0.03149 0.01330 ( 1)
 199 E   0.13006 0.79122 0.03909 0.03963 ( 2)
 200 N   0.68930 0.26588 0.03151 0.01332 ( 1)
 201 T   0.95186 0.00646 0.04135 0.00032 ( 1)
 202 D   0.93620 0.01835 0.04453 0.00092 ( 1)
 203 T   0.00230 0.95001 0.00011 0.04759 ( 2)
 204 T   0.90512 0.05100 0.04132 0.00255 ( 1)
 205 P   0.94699 0.00654 0.04614 0.00033 ( 1)
 206 L   0.95452 0.00084 0.04459 0.00004 ( 1)
 207 Y   0.09539 0.85708 0.00460 0.04293 ( 2)
 208 F   0.95615 0.00129 0.04250 0.00006 ( 1)
 209 K   0.85853 0.09593 0.04074 0.00480 ( 1)
 210 E   0.92583 0.02913 0.04358 0.00146 ( 1)
 211 N   0.63919 0.31601 0.02897 0.01583 ( 1)
 212 R   0.95623 0.00011 0.04366 0.00001 ( 1)
 213 P   0.90362 0.05480 0.03884 0.00274 ( 1)
 214 I   0.95486 0.00178 0.04327 0.00009 ( 1)
 215 T   0.02836 0.91742 0.00826 0.04595 ( 2)
 216 S   0.01220 0.94018 0.00053 0.04709 ( 2)
 217 T   0.95154 0.00579 0.04238 0.00029 ( 1)
 218 R   0.00092 0.95138 0.00005 0.04765 ( 2)
 219 -   0.57313 0.37917 0.02871 0.01899 ( 1)
 220 -   0.57313 0.37917 0.02871 0.01899 ( 1)
 221 -   0.57313 0.37917 0.02871 0.01899 ( 1)
 222 -   0.67278 0.28169 0.03142 0.01411 ( 1)
 223 -   0.92987 0.02629 0.04252 0.00132 ( 1)
 224 -   0.45218 0.50251 0.02014 0.02517 ( 2)
 225 -   0.48346 0.47157 0.02135 0.02362 ( 1)
 226 -   0.21458 0.73841 0.01002 0.03699 ( 2)
 227 G   0.00132 0.95099 0.00006 0.04763 ( 2)
 228 V   0.84427 0.10890 0.04137 0.00545 ( 1)
 229 N   0.93791 0.01604 0.04524 0.00080 ( 1)
 230 K   0.33951 0.61461 0.01509 0.03079 ( 2)
 231 V   0.03868 0.91368 0.00187 0.04577 ( 2)
 232 I   0.95406 0.00199 0.04385 0.00010 ( 1)
 233 A   0.94665 0.01108 0.04172 0.00056 ( 1)
 234 -   0.87248 0.08114 0.04232 0.00406 ( 1)
 235 -   0.95664 0.00069 0.04264 0.00003 ( 1)
 236 -   0.95363 0.00106 0.04525 0.00005 ( 1)
 237 -   0.93976 0.01651 0.04290 0.00083 ( 1)


lnL = -5784.779696

Bayes Empirical Bayes (BEB) probabilities for 4 classes (class)
(amino acids refer to 1st sequence: BT_Cry18Aa1)

   1 -   0.95454 0.00035 0.04509 0.00002 ( 1)
   2 L   0.95076 0.00013 0.04910 0.00001 ( 1)
   3 Y   0.00009 0.67190 0.00173 0.32629 ( 2)
   4 V   0.94534 0.00169 0.05287 0.00010 ( 1)
   5 S   0.94593 0.00642 0.04729 0.00036 ( 1)
   6 T   0.93996 0.00742 0.05218 0.00045 ( 1)
   7 S   0.93323 0.00803 0.05821 0.00052 ( 1)
   8 A   0.95345 0.00003 0.04652 0.00000 ( 1)
   9 N   0.95429 0.00000 0.04570 0.00000 ( 1)
  10 L   0.94419 0.00052 0.05526 0.00003 ( 1)
  11 Y   0.95020 0.00091 0.04884 0.00005 ( 1)
  12 N   0.95012 0.00246 0.04728 0.00014 ( 1)
  13 I   0.61720 0.32577 0.03646 0.02057 ( 1)
  14 G   0.95207 0.00008 0.04785 0.00000 ( 1)
  15 D   0.60068 0.00908 0.38923 0.00101 ( 1)
  16 N   0.93889 0.00584 0.05491 0.00036 ( 1)
  17 K   0.03951 0.90227 0.00229 0.05594 ( 2)
  18 V   0.00057 0.93618 0.00004 0.06321 ( 2)
  19 N   0.35847 0.57896 0.02357 0.03900 ( 2)
  20 E   0.14502 0.79875 0.00804 0.04818 ( 2)
  21 G   0.91254 0.03093 0.05458 0.00195 ( 1)
  22 A   0.19082 0.75004 0.01147 0.04767 ( 2)
  23 Y   0.95400 0.00003 0.04596 0.00000 ( 1)
  24 P   0.93416 0.01368 0.05135 0.00082 ( 1)
  25 I   0.89081 0.05611 0.04970 0.00338 ( 1)
  26 S   0.62927 0.31324 0.03770 0.01980 ( 1)
  27 Y   0.22163 0.71849 0.01360 0.04627 ( 2)
  28 G   0.88944 0.05042 0.05682 0.00332 ( 1)
  29 P   0.94089 0.00447 0.05436 0.00028 ( 1)
  30 F   0.95402 0.00002 0.04596 0.00000 ( 1)
  31 F   0.94389 0.00081 0.05525 0.00005 ( 1)
  32 N   0.87286 0.07809 0.04460 0.00446 ( 1)
  33 S   0.95185 0.00053 0.04758 0.00003 ( 1)
  34 Y   0.95055 0.00034 0.04909 0.00002 ( 1)
  35 I   0.93769 0.00395 0.05811 0.00025 ( 1)
  36 Q   0.94268 0.00090 0.05637 0.00006 ( 1)
  37 T   0.95223 0.00107 0.04664 0.00006 ( 1)
  38 K   0.95515 0.00002 0.04483 0.00000 ( 1)
  39 S   0.78415 0.15321 0.05226 0.01039 ( 1)
  40 N   0.95517 0.00000 0.04483 0.00000 ( 1)
  41 Y   0.95142 0.00002 0.04856 0.00000 ( 1)
  42 V   0.79198 0.15615 0.04265 0.00921 ( 1)
  43 L   0.86878 0.07564 0.05088 0.00470 ( 1)
  44 S   0.43972 0.50954 0.02198 0.02876 ( 2)
  45 G   0.94129 0.01080 0.04731 0.00061 ( 1)
  46 V   0.06781 0.87819 0.00448 0.04952 ( 2)
  47 S   0.83970 0.11441 0.03967 0.00623 ( 1)
  48 G   0.95205 0.00010 0.04785 0.00001 ( 1)
  49 I   0.00042 0.94722 0.00002 0.05234 ( 2)
  50 G   0.42550 0.51509 0.02621 0.03321 ( 2)
  51 A   0.00000 0.94549 0.00000 0.05451 ( 2)
  52 R   0.00155 0.94485 0.00008 0.05352 ( 2)
  53 F   0.00000 0.93461 0.00000 0.06538 ( 2)
  54 T   0.00105 0.93664 0.00007 0.06225 ( 2)
  55 Y   0.91918 0.02240 0.05697 0.00145 ( 1)
  56 -   0.93957 0.01152 0.04825 0.00066 ( 1)
  57 -   0.06574 0.88326 0.00307 0.04792 ( 2)
  58 -   0.00831 0.93991 0.00039 0.05139 ( 2)
  59 S   0.10092 0.84610 0.00506 0.04792 ( 2)
  60 T   0.04124 0.90541 0.00207 0.05128 ( 2)
  61 V   0.20067 0.74123 0.01177 0.04634 ( 2)
  62 -   0.55115 0.38136 0.04002 0.02747 ( 1)
  63 -   0.55115 0.38136 0.04002 0.02747 ( 1)
  64 L   0.58115 0.35610 0.03862 0.02413 ( 1)
  65 G   0.95164 0.00051 0.04783 0.00003 ( 1)
  66 R   0.00000 0.94834 0.00000 0.05166 ( 2)
  67 Y   0.30775 0.64212 0.01476 0.03537 ( 2)
  68 L   0.80561 0.14141 0.04450 0.00848 ( 1)
  69 H   0.07047 0.87424 0.00374 0.05154 ( 2)
  70 D   0.17272 0.77389 0.00889 0.04450 ( 2)
  71 D   0.00011 0.93977 0.00001 0.06011 ( 2)
  72 L   0.91233 0.02824 0.05759 0.00184 ( 1)
  73 K   0.18258 0.76722 0.00855 0.04165 ( 2)
  74 N   0.00091 0.94682 0.00004 0.05223 ( 2)
  75 I   0.58663 0.35214 0.03784 0.02339 ( 1)
  76 I   0.42653 0.51406 0.02627 0.03314 ( 2)
  77 T   0.39326 0.55640 0.01928 0.03105 ( 2)
  78 T   0.95478 0.00039 0.04481 0.00002 ( 1)
  79 Y   0.95139 0.00005 0.04856 0.00000 ( 1)
  80 V   0.01762 0.92170 0.00109 0.05959 ( 2)
  81 G   0.94444 0.00031 0.05523 0.00002 ( 1)
  82 G   0.93579 0.00893 0.05473 0.00055 ( 1)
  83 T   0.45996 0.49020 0.02252 0.02731 ( 2)
  84 Q   0.08125 0.85923 0.00488 0.05463 ( 2)
  85 G   0.95095 0.00143 0.04754 0.00008 ( 1)
  86 P   0.94121 0.01087 0.04730 0.00061 ( 1)
  87 N   0.00000 0.93672 0.00000 0.06328 ( 2)
  88 I   0.94779 0.00113 0.05101 0.00007 ( 1)
  89 G   0.48433 0.00840 0.50592 0.00135 ( 3)
  90 V   0.00000 0.93683 0.00000 0.06317 ( 2)
  91 Q   0.44472 0.48779 0.03231 0.03518 ( 2)
  92 L   0.90641 0.02611 0.06562 0.00187 ( 1)
  93 S   0.82013 0.11238 0.05942 0.00807 ( 1)
  94 T   0.76952 0.16299 0.05578 0.01171 ( 1)
  95 T   0.70404 0.22847 0.05106 0.01642 ( 1)
  96 E   0.77583 0.15668 0.05624 0.01125 ( 1)
  97 L   0.64478 0.28773 0.04679 0.02070 ( 1)
  98 D   0.83973 0.09278 0.06083 0.00666 ( 1)
  99 E   0.08536 0.84715 0.00621 0.06128 ( 2)
 100 L   0.26784 0.66467 0.01947 0.04801 ( 2)
 101 K   0.55115 0.38136 0.04002 0.02747 ( 1)
 102 K   0.07355 0.85896 0.00535 0.06214 ( 2)
 103 Q   0.31643 0.61609 0.02300 0.04449 ( 2)
 104 Q   0.72122 0.21129 0.05230 0.01519 ( 1)
 105 Q   0.72122 0.21129 0.05230 0.01519 ( 1)
 106 A   0.83047 0.10204 0.06016 0.00732 ( 1)
 107 T   0.24544 0.68707 0.01785 0.04964 ( 2)
 108 R   0.06101 0.87150 0.00444 0.06305 ( 2)
 109 D   0.47497 0.45754 0.03450 0.03298 ( 1)
 110 S   0.01212 0.92039 0.00088 0.06661 ( 2)
 111 L   0.18281 0.74970 0.01329 0.05419 ( 2)
 112 V   0.00000 0.94781 0.00000 0.05219 ( 2)
 113 D   0.00041 0.94808 0.00002 0.05149 ( 2)
 114 F   0.00281 0.93394 0.00018 0.06307 ( 2)
 115 Q   0.00470 0.94388 0.00022 0.05120 ( 2)
 116 F   0.00032 0.93728 0.00002 0.06238 ( 2)
 117 F   0.75336 0.18838 0.04618 0.01208 ( 1)
 118 T   0.94597 0.00801 0.04558 0.00044 ( 1)
 119 L   0.49112 0.46084 0.02303 0.02501 ( 1)
 120 N   0.09344 0.84403 0.00606 0.05647 ( 2)
 121 C   0.01922 0.92010 0.00119 0.05949 ( 2)
 122 M   0.07108 0.86613 0.00464 0.05815 ( 2)
 123 L   0.00152 0.93580 0.00010 0.06258 ( 2)
 124 P   0.00129 0.93545 0.00009 0.06318 ( 2)
 125 N   0.77933 0.17084 0.04004 0.00978 ( 1)
 126 P   0.95030 0.00085 0.04880 0.00005 ( 1)
 127 I   0.65097 0.29263 0.03816 0.01824 ( 1)
 128 T   0.00004 0.94017 0.00000 0.05979 ( 2)
 129 A   0.85136 0.09585 0.04704 0.00575 ( 1)
 130 P   0.93873 0.00663 0.05424 0.00041 ( 1)
 131 Y   0.95358 0.00045 0.04594 0.00002 ( 1)
 132 F   0.93767 0.01554 0.04593 0.00086 ( 1)
 133 A   0.94518 0.00278 0.05188 0.00017 ( 1)
 134 T   0.94888 0.00597 0.04482 0.00032 ( 1)
 135 S   0.15539 0.78277 0.00995 0.05189 ( 2)
 136 L   0.90624 0.03003 0.06167 0.00206 ( 1)
 137 Y   0.94325 0.01072 0.04544 0.00059 ( 1)
 138 E   0.90658 0.03669 0.05441 0.00232 ( 1)
 139 S   0.54072 0.40895 0.02719 0.02314 ( 1)
 140 R   0.00004 0.94322 0.00000 0.05673 ( 2)
 141 -   0.95134 0.00268 0.04583 0.00015 ( 1)
 142 -   0.24341 0.69449 0.01576 0.04634 ( 2)
 143 -   0.12932 0.80968 0.00810 0.05289 ( 2)
 144 Y   0.00758 0.92953 0.00049 0.06240 ( 2)
 145 S   0.02058 0.92673 0.00101 0.05169 ( 2)
 146 S   0.00183 0.94551 0.00009 0.05258 ( 2)
 147 I   0.00348 0.93422 0.00022 0.06207 ( 2)
 148 G   0.00000 0.94530 0.00000 0.05470 ( 2)
 149 G   0.02391 0.91321 0.00156 0.06132 ( 2)
 150 Y   0.94639 0.00870 0.04443 0.00047 ( 1)
 151 L   0.16254 0.77563 0.01041 0.05141 ( 2)
 152 R   0.00316 0.93361 0.00021 0.06302 ( 2)
 153 K   0.72189 0.22478 0.03986 0.01348 ( 1)
 154 D   0.78153 0.16550 0.04307 0.00990 ( 1)
 155 V   0.00195 0.93522 0.00013 0.06270 ( 2)
 156 F   0.95402 0.00001 0.04597 0.00000 ( 1)
 157 K   0.00006 0.94028 0.00000 0.05965 ( 2)
 158 S   0.80080 0.14617 0.04424 0.00879 ( 1)
 159 E   0.92364 0.03034 0.04436 0.00167 ( 1)
 160 D   0.00915 0.93180 0.00054 0.05852 ( 2)
 161 S   0.50534 0.14795 0.33087 0.01583 ( 1)
 162 T   0.18107 0.76076 0.01062 0.04756 ( 2)
 163 C   0.09049 0.84908 0.00557 0.05485 ( 2)
 164 G   0.06158 0.88478 0.00313 0.05050 ( 2)
 165 L   0.91201 0.03989 0.04584 0.00225 ( 1)
 166 G   0.79539 0.15707 0.03882 0.00872 ( 1)
 167 -   0.78503 0.14748 0.05690 0.01059 ( 1)
 168 -   0.44344 0.48907 0.03222 0.03527 ( 2)
 169 -   0.55115 0.38136 0.04002 0.02747 ( 1)
 170 -   0.55115 0.38136 0.04002 0.02747 ( 1)
 171 -   0.55115 0.38136 0.04002 0.02747 ( 1)
 172 -   0.55115 0.38136 0.04002 0.02747 ( 1)
 173 -   0.94155 0.01240 0.04536 0.00068 ( 1)
 174 -   0.00017 0.94003 0.00001 0.05978 ( 2)
 175 N   0.03923 0.89836 0.00253 0.05988 ( 2)
 176 P   0.25775 0.68816 0.01371 0.04039 ( 2)
 177 G   0.73822 0.20575 0.04322 0.01281 ( 1)
 178 A   0.89818 0.05660 0.04216 0.00307 ( 1)
 179 W   0.01825 0.92202 0.00110 0.05863 ( 2)
 180 T   0.93815 0.00415 0.05743 0.00027 ( 1)
 181 S   0.94366 0.00773 0.04817 0.00044 ( 1)
 182 Y   0.18891 0.75061 0.01174 0.04874 ( 2)
 183 P   0.94345 0.00193 0.05451 0.00012 ( 1)
 184 D   0.95400 0.00004 0.04596 0.00000 ( 1)
 185 Y   0.95142 0.00002 0.04856 0.00000 ( 1)
 186 Y   0.95393 0.00010 0.04596 0.00001 ( 1)
 187 I   0.94027 0.00040 0.05931 0.00003 ( 1)
 188 T   0.93866 0.01080 0.04991 0.00063 ( 1)
 189 N   0.95516 0.00001 0.04483 0.00000 ( 1)
 190 I   0.95464 0.00001 0.04535 0.00000 ( 1)
 191 S   0.95235 0.00004 0.04761 0.00000 ( 1)
 192 A   0.93185 0.00633 0.06139 0.00043 ( 1)
 193 T   0.95174 0.00156 0.04661 0.00009 ( 1)
 194 V   0.69277 0.25691 0.03560 0.01472 ( 1)
 195 Q   0.11008 0.83147 0.00645 0.05199 ( 2)
 196 I   0.00203 0.94520 0.00010 0.05266 ( 2)
 197 N   0.04750 0.90098 0.00225 0.04927 ( 2)
 198 G   0.65812 0.28847 0.03616 0.01725 ( 1)
 199 E   0.09300 0.69534 0.09715 0.11451 ( 2)
 200 N   0.65092 0.29549 0.03589 0.01770 ( 1)
 201 T   0.94690 0.00709 0.04562 0.00039 ( 1)
 202 D   0.92208 0.01981 0.05684 0.00127 ( 1)
 203 T   0.00163 0.94164 0.00009 0.05664 ( 2)
 204 T   0.89122 0.05648 0.04893 0.00337 ( 1)
 205 P   0.93137 0.00646 0.06174 0.00044 ( 1)
 206 L   0.94389 0.00081 0.05525 0.00005 ( 1)
 207 Y   0.07801 0.85976 0.00502 0.05721 ( 2)
 208 F   0.95006 0.00130 0.04856 0.00007 ( 1)
 209 K   0.83383 0.10815 0.05109 0.00693 ( 1)
 210 E   0.91169 0.03177 0.05453 0.00200 ( 1)
 211 N   0.59878 0.34838 0.03226 0.02058 ( 1)
 212 R   0.94787 0.00010 0.05203 0.00001 ( 1)
 213 P   0.89169 0.06304 0.04185 0.00342 ( 1)
 214 I   0.94714 0.00178 0.05098 0.00010 ( 1)
 215 T   0.01977 0.83492 0.01847 0.12683 ( 2)
 216 S   0.00898 0.93944 0.00042 0.05116 ( 2)
 217 T   0.94518 0.00594 0.04854 0.00034 ( 1)
 218 R   0.00068 0.93543 0.00005 0.06384 ( 2)
 219 -   0.55115 0.38136 0.04002 0.02747 ( 1)
 220 -   0.55115 0.38136 0.04002 0.02747 ( 1)
 221 -   0.55115 0.38136 0.04002 0.02747 ( 1)
 222 -   0.64991 0.29373 0.03806 0.01830 ( 1)
 223 -   0.92100 0.02660 0.05081 0.00159 ( 1)
 224 -   0.42266 0.52547 0.02171 0.03015 ( 2)
 225 -   0.45387 0.49528 0.02281 0.02804 ( 2)
 226 -   0.19348 0.74842 0.01133 0.04676 ( 2)
 227 G   0.00092 0.94171 0.00005 0.05732 ( 2)
 228 V   0.82265 0.11398 0.05557 0.00780 ( 1)
 229 N   0.92168 0.01789 0.05925 0.00118 ( 1)
 230 K   0.29632 0.65127 0.01513 0.03728 ( 2)
 231 V   0.03083 0.90632 0.00201 0.06084 ( 2)
 232 I   0.94504 0.00199 0.05285 0.00012 ( 1)
 233 A   0.94030 0.01202 0.04701 0.00068 ( 1)
 234 -   0.85497 0.08350 0.05595 0.00559 ( 1)
 235 -   0.95037 0.00070 0.04889 0.00004 ( 1)
 236 -   0.94131 0.00100 0.05763 0.00006 ( 1)
 237 -   0.93067 0.01722 0.05109 0.00103 ( 1)

