Supplemental results for CODEML (seqf: algn  treef: tree)


dN/dS (w) for site classes (K=4)

site class             0        1       2a       2b
proportion       0.53231  0.31545  0.09559  0.05665
background w     0.10001  1.00000  0.10001  1.00000
foreground w     0.10001  1.00000  1.00000  1.00000

Naive Empirical Bayes (NEB) probabilities for 4 classes
(amino acids refer to 1st sequence: BT_Cry56Aa1)

   1 -   0.53231 0.31545 0.09559 0.05665 ( 1)
   2 -   0.65370 0.19406 0.11739 0.03485 ( 1)
   3 -   0.02455 0.80506 0.02582 0.14457 ( 2)
   4 S   0.00005 0.84771 0.00001 0.15223 ( 2)
   5 A   0.05541 0.79536 0.00640 0.14283 ( 2)
   6 G   0.85325 0.03648 0.10372 0.00655 ( 1)
   7 A   0.14466 0.70360 0.02539 0.12635 ( 2)
   8 A   0.55068 0.32706 0.06353 0.05873 ( 1)
   9 I   0.67014 0.21641 0.07459 0.03886 ( 1)
  10 A   0.12119 0.73328 0.01385 0.13168 ( 2)
  11 A   0.82869 0.05790 0.10302 0.01040 ( 1)
  12 A   0.02515 0.59096 0.27775 0.10613 ( 2)
  13 L   0.81896 0.07598 0.09142 0.01364 ( 1)
  14 T   0.35731 0.50381 0.04840 0.09048 ( 2)
  15 S   0.32225 0.53990 0.04089 0.09696 ( 2)
  16 I   0.32736 0.52999 0.04747 0.09518 ( 2)
  17 L   0.07465 0.77446 0.01181 0.13908 ( 2)
  18 F   0.64985 0.22740 0.08191 0.04084 ( 1)
  19 P   0.85732 0.00378 0.13822 0.00068 ( 1)
  20 S   0.22134 0.63800 0.02609 0.11457 ( 2)
  21 Q   0.26313 0.60072 0.02828 0.10788 ( 2)
  22 G   0.09901 0.71110 0.06218 0.12770 ( 2)
  23 P   0.00493 0.81620 0.03229 0.14657 ( 2)
  24 D   0.85345 0.03718 0.10269 0.00668 ( 1)
  25 V   0.85264 0.04160 0.09829 0.00747 ( 1)
  26 F   0.01848 0.82965 0.00288 0.14899 ( 2)
  27 N   0.12204 0.71543 0.03406 0.12848 ( 2)
  28 E   0.34811 0.51073 0.04944 0.09172 ( 2)
  29 L   0.87788 0.01186 0.10813 0.00213 ( 1)
  30 M   0.88889 0.00225 0.10845 0.00040 ( 1)
  31 G   0.07505 0.77722 0.00815 0.13958 ( 2)
  32 A   0.01326 0.83476 0.00207 0.14991 ( 2)
  33 T   0.49911 0.26831 0.18439 0.04818 ( 1)
  34 E   0.83378 0.04603 0.11192 0.00827 ( 1)
  35 N   0.04142 0.78222 0.03589 0.14047 ( 2)
  36 L   0.87407 0.00677 0.11794 0.00122 ( 1)
  37 L   0.53771 0.23597 0.18395 0.04238 ( 1)
  38 K   0.48741 0.36035 0.08753 0.06471 ( 1)
  39 R   0.20898 0.43656 0.27606 0.07840 ( 2)
  40 E   0.01815 0.17691 0.77316 0.03177 ( 3)
  41 I   0.28367 0.33911 0.31632 0.06090 ( 2)
  42 E   0.08967 0.72443 0.05580 0.13010 ( 2)
  43 T   0.05140 0.79046 0.01619 0.14195 ( 2)
  44 Y   0.85917 0.00333 0.13690 0.00060 ( 1)
  45 V   0.08114 0.21233 0.66840 0.03813 ( 3)
  46 R   0.88721 0.00070 0.11197 0.00013 ( 1)
  47 G   0.01711 0.83168 0.00186 0.14935 ( 2)
  48 R   0.88116 0.00644 0.11124 0.00116 ( 1)
  49 A   0.89272 0.00322 0.10348 0.00058 ( 1)
  50 A   0.01906 0.82984 0.00207 0.14903 ( 2)
  51 S   0.81963 0.04413 0.12831 0.00793 ( 1)
  52 E   0.87684 0.00248 0.12023 0.00045 ( 1)
  53 L   0.78006 0.09428 0.10872 0.01693 ( 1)
  54 L   0.01190 0.83606 0.00190 0.15014 ( 2)
  55 A   0.23147 0.62631 0.02975 0.11247 ( 2)
  56 L   0.86144 0.00733 0.12991 0.00132 ( 1)
  57 E   0.15342 0.56970 0.17457 0.10231 ( 2)
  58 D   0.01266 0.82275 0.01684 0.14775 ( 2)
  59 Q   0.61812 0.24364 0.09449 0.04375 ( 1)
  60 R   0.06193 0.78797 0.00859 0.14151 ( 2)
  61 A   0.00046 0.84724 0.00014 0.15215 ( 2)
  62 Y   0.01704 0.81686 0.01940 0.14669 ( 2)
  63 F   0.88852 0.00905 0.10081 0.00162 ( 1)
  64 K   0.88466 0.01155 0.10172 0.00207 ( 1)
  65 S   0.02416 0.82466 0.00308 0.14809 ( 2)
  66 A   0.26658 0.58984 0.03766 0.10592 ( 2)
  67 F   0.89410 0.00382 0.10139 0.00069 ( 1)
  68 D   0.89985 0.00450 0.09484 0.00081 ( 1)
  69 Y   0.70252 0.17909 0.08623 0.03216 ( 1)
  70 W   0.84993 0.01198 0.13593 0.00215 ( 1)
  71 R   0.00097 0.84576 0.00139 0.15188 ( 2)
  72 L   0.04632 0.80360 0.00576 0.14431 ( 2)
  73 H   0.13255 0.61002 0.14788 0.10955 ( 2)
  74 P   0.03713 0.80756 0.01029 0.14502 ( 2)
  75 T   0.00222 0.83610 0.01153 0.15015 ( 2)
  76 D   0.84780 0.05153 0.09142 0.00925 ( 1)
  77 G   0.00178 0.84606 0.00023 0.15194 ( 2)
  78 N   0.88289 0.01881 0.09492 0.00338 ( 1)
  79 A   0.85980 0.03435 0.09968 0.00617 ( 1)
  80 I   0.77249 0.11447 0.09248 0.02056 ( 1)
  81 A   0.61736 0.26745 0.06716 0.04803 ( 1)
  82 T   0.38484 0.47722 0.05224 0.08570 ( 2)
  83 V   0.89284 0.00363 0.10288 0.00065 ( 1)
  84 A   0.02510 0.82388 0.00307 0.14795 ( 2)
  85 A   0.00319 0.84417 0.00105 0.15160 ( 2)
  86 R   0.76034 0.11139 0.10827 0.02000 ( 1)
  87 F   0.89645 0.00150 0.10178 0.00027 ( 1)
  88 H   0.00032 0.84745 0.00004 0.15219 ( 2)
  89 T   0.86356 0.03029 0.10071 0.00544 ( 1)
  90 V   0.40291 0.15687 0.41205 0.02817 ( 3)
  91 N   0.25258 0.60863 0.02949 0.10930 ( 2)
  92 G   0.19049 0.66836 0.02112 0.12003 ( 2)
  93 A   0.72682 0.16332 0.08053 0.02933 ( 1)
  94 F   0.89013 0.00117 0.10848 0.00021 ( 1)
  95 V   0.86376 0.03229 0.09815 0.00580 ( 1)
  96 T   0.00659 0.84133 0.00099 0.15109 ( 2)
  97 A   0.89326 0.00274 0.10351 0.00049 ( 1)
  98 M   0.88847 0.00265 0.10841 0.00048 ( 1)
  99 R   0.30336 0.56017 0.03588 0.10060 ( 2)
 100 L   0.76107 0.11726 0.10061 0.02106 ( 1)
 101 F   0.89645 0.00150 0.10178 0.00027 ( 1)
 102 R   0.65986 0.22307 0.07700 0.04006 ( 1)
 103 P   0.05576 0.79517 0.00627 0.14280 ( 2)
 104 A   0.06137 0.70873 0.10262 0.12728 ( 2)
 105 G   0.88785 0.00201 0.10977 0.00036 ( 1)
 106 Y   0.82108 0.06617 0.10087 0.01188 ( 1)
 107 E   0.89658 0.00194 0.10113 0.00035 ( 1)
 108 A   0.68137 0.16321 0.12611 0.02931 ( 1)
 109 L   0.85034 0.02959 0.11475 0.00531 ( 1)
 110 L   0.84258 0.01844 0.13567 0.00331 ( 1)
 111 L   0.87573 0.00518 0.11816 0.00093 ( 1)
 112 P   0.61598 0.24983 0.08932 0.04487 ( 1)
 113 V   0.89244 0.00348 0.10345 0.00063 ( 1)
 114 Y   0.88907 0.00154 0.10912 0.00028 ( 1)
 115 A   0.80274 0.04190 0.14783 0.00752 ( 1)
 116 Q   0.86377 0.00354 0.13205 0.00064 ( 1)
 117 A   0.89254 0.00386 0.10290 0.00069 ( 1)
 118 A   0.87445 0.02043 0.10145 0.00367 ( 1)
 119 R   0.79520 0.08285 0.10707 0.01488 ( 1)
 120 L   0.14612 0.70592 0.02119 0.12677 ( 2)
 121 H   0.89544 0.00089 0.10351 0.00016 ( 1)
 122 L   0.86159 0.00719 0.12993 0.00129 ( 1)
 123 L   0.62126 0.20934 0.13181 0.03759 ( 1)
 124 H   0.85641 0.03780 0.09900 0.00679 ( 1)
 125 L   0.87497 0.00592 0.11805 0.00106 ( 1)
 126 R   0.88550 0.00232 0.11177 0.00042 ( 1)
 127 D   0.88168 0.00224 0.11568 0.00040 ( 1)
 128 G   0.88536 0.00864 0.10445 0.00155 ( 1)
 129 V   0.24333 0.60983 0.03733 0.10951 ( 2)
 130 L   0.19186 0.66046 0.02906 0.11861 ( 2)
 131 F   0.78827 0.07282 0.12583 0.01308 ( 1)
 132 A   0.84683 0.04034 0.10559 0.00724 ( 1)
 133 N   0.87102 0.03075 0.09271 0.00552 ( 1)
 134 E   0.81836 0.06082 0.10990 0.01092 ( 1)
 135 W   0.84993 0.01198 0.13593 0.00215 ( 1)
 136 G   0.25726 0.59612 0.03957 0.10705 ( 2)
 137 L   0.85494 0.02515 0.11539 0.00452 ( 1)
 138 A   0.78904 0.10173 0.09096 0.01827 ( 1)
 139 K   0.12217 0.73292 0.01329 0.13162 ( 2)
 140 P   0.86192 0.02441 0.10929 0.00438 ( 1)
 141 -   0.69199 0.19156 0.08206 0.03440 ( 1)
 142 -   0.18046 0.58141 0.13372 0.10441 ( 2)
 143 -   0.69581 0.18915 0.08108 0.03397 ( 1)
 144 -   0.20311 0.55845 0.13815 0.10029 ( 2)
 145 D   0.01280 0.83096 0.00702 0.14923 ( 2)
 146 P   0.62756 0.24208 0.08688 0.04347 ( 1)
 147 G   0.84674 0.04267 0.10293 0.00766 ( 1)
 148 D   0.18641 0.66091 0.03400 0.11869 ( 2)
 149 L   0.00089 0.84688 0.00014 0.15208 ( 2)
 150 H   0.85441 0.01452 0.12846 0.00261 ( 1)
 151 D   0.84843 0.04001 0.10437 0.00719 ( 1)
 152 Q   0.16133 0.69431 0.01967 0.12469 ( 2)
 153 E   0.78703 0.10515 0.08893 0.01888 ( 1)
 154 F   0.80097 0.09170 0.09086 0.01647 ( 1)
 155 N   0.49474 0.36913 0.06985 0.06629 ( 1)
 156 A   0.13116 0.72376 0.01511 0.12997 ( 2)
 157 K   0.03621 0.81329 0.00445 0.14605 ( 2)
 158 A   0.69022 0.18969 0.08602 0.03407 ( 1)
 159 A   0.86712 0.02195 0.10699 0.00394 ( 1)
 160 E   0.86176 0.01997 0.11468 0.00359 ( 1)
 161 Y   0.88911 0.00150 0.10912 0.00027 ( 1)
 162 A   0.63162 0.25020 0.07324 0.04493 ( 1)
 163 D   0.90340 0.00120 0.09519 0.00022 ( 1)
 164 Y   0.87795 0.01538 0.10390 0.00276 ( 1)
 165 C   0.88650 0.00074 0.11263 0.00013 ( 1)
 166 E   0.87889 0.01862 0.09916 0.00334 ( 1)
 167 L   0.08919 0.76193 0.01206 0.13683 ( 2)
 168 T   0.01816 0.83048 0.00221 0.14914 ( 2)
 169 Y   0.05815 0.76352 0.04121 0.13711 ( 2)
 170 N   0.19043 0.66202 0.02867 0.11889 ( 2)
 171 T   0.81392 0.08162 0.08980 0.01466 ( 1)
 172 E   0.48842 0.37596 0.06810 0.06752 ( 1)
 173 L   0.87079 0.00664 0.12138 0.00119 ( 1)
 174 N   0.05860 0.78799 0.01190 0.14151 ( 2)
 175 R   0.43622 0.42573 0.06159 0.07645 ( 1)
 176 I   0.88016 0.01606 0.10089 0.00288 ( 1)
 177 K   0.89564 0.00119 0.10295 0.00021 ( 1)
 178 T   0.72655 0.16516 0.07863 0.02966 ( 1)
 179 T   0.01334 0.82879 0.00903 0.14884 ( 2)
 180 S   0.00002 0.84752 0.00027 0.15220 ( 2)
 181 G   0.22620 0.59255 0.07484 0.10641 ( 2)
 182 K   0.89102 0.00552 0.10247 0.00099 ( 1)
 183 T   0.30804 0.55560 0.03658 0.09978 ( 2)
 184 W   0.84993 0.01198 0.13593 0.00215 ( 1)
 185 F   0.01168 0.83667 0.00141 0.15025 ( 2)
 186 D   0.86627 0.01081 0.12098 0.00194 ( 1)
 187 Y   0.85917 0.00333 0.13690 0.00060 ( 1)
 188 N   0.87503 0.00672 0.11704 0.00121 ( 1)
 189 Q   0.43213 0.00936 0.55683 0.00168 ( 3)
 190 Y   0.85803 0.03098 0.10542 0.00556 ( 1)
 191 R   0.87726 0.00390 0.11813 0.00070 ( 1)
 192 R   0.86705 0.00470 0.12741 0.00084 ( 1)
 193 L   0.00470 0.82000 0.02804 0.14726 ( 2)
 194 M   0.89101 0.00023 0.10871 0.00004 ( 1)
 195 T   0.46392 0.01457 0.51890 0.00262 ( 3)
 196 F   0.13714 0.59008 0.16680 0.10597 ( 2)
 197 A   0.27491 0.32150 0.34586 0.05774 ( 3)
 198 V   0.89289 0.00358 0.10288 0.00064 ( 1)
 199 L   0.22353 0.36926 0.34090 0.06631 ( 2)
 200 D   0.90340 0.00120 0.09519 0.00022 ( 1)
 201 V   0.64461 0.23906 0.07340 0.04293 ( 1)
 202 V   0.82213 0.07035 0.09488 0.01263 ( 1)
 203 A   0.89402 0.00252 0.10301 0.00045 ( 1)
 204 K   0.49425 0.38044 0.05700 0.06832 ( 1)
 205 F   0.89734 0.00078 0.10173 0.00014 ( 1)
 206 S   0.86676 0.01425 0.11643 0.00256 ( 1)
 207 I   0.57986 0.23454 0.14348 0.04212 ( 1)


lnL = -3072.633738

