Supplemental results for CODEML (seqf: algn  treef: tree)


dN/dS (w) for site classes (K=4)

site class             0        1       2a       2b
proportion       0.70425  0.29575  0.00000  0.00000
background w     0.14417  1.00000  0.14417  1.00000
foreground w     0.14417  1.00000  6.73836  6.73836
(note that p[2] is zero)


Naive Empirical Bayes (NEB) probabilities for 4 classes
(amino acids refer to 1st sequence: BT_Cry19Aa1)

   1 -   0.70425 0.29575 0.00000 0.00000 ( 1)
   2 -   0.70425 0.29575 0.00000 0.00000 ( 1)
   3 E   0.00003 0.99997 0.00000 0.00000 ( 2)
   4 V   0.99996 0.00004 0.00000 0.00000 ( 1)
   5 K   1.00000 0.00000 0.00000 0.00000 ( 1)
   6 T   0.96932 0.03068 0.00000 0.00000 ( 1)
   7 E   1.00000 0.00000 0.00000 0.00000 ( 1)
   8 L   0.99998 0.00002 0.00000 0.00000 ( 1)
   9 T   0.99995 0.00005 0.00000 0.00000 ( 1)
  10 R   1.00000 0.00000 0.00000 0.00000 ( 1)
  11 E   1.00000 0.00000 0.00000 0.00000 ( 1)
  12 I   0.99996 0.00004 0.00000 0.00000 ( 1)
  13 Y   1.00000 0.00000 0.00000 0.00000 ( 1)
  14 S   0.99667 0.00333 0.00000 0.00000 ( 1)
  15 D   0.99999 0.00001 0.00000 0.00000 ( 1)
  16 V   0.99925 0.00075 0.00000 0.00000 ( 1)
  17 I   0.99918 0.00082 0.00000 0.00000 ( 1)
  18 N   0.99973 0.00027 0.00000 0.00000 ( 1)
  19 G   0.37837 0.62163 0.00000 0.00000 ( 2)
  20 E   0.53932 0.46068 0.00000 0.00000 ( 1)
  21 I   0.01823 0.98177 0.00000 0.00000 ( 2)
  22 Y   0.16753 0.83247 0.00000 0.00000 ( 2)
  23 G   0.80882 0.19118 0.00000 0.00000 ( 1)
  24 L   0.10128 0.89872 0.00000 0.00000 ( 2)
  25 M   0.71141 0.28859 0.00000 0.00000 ( 1)
  26 -   0.52808 0.47192 0.00000 0.00000 ( 1)
  27 T   0.04202 0.95798 0.00000 0.00000 ( 2)
  28 P   0.49283 0.50717 0.00000 0.00000 ( 2)
  29 Y   0.51019 0.48981 0.00000 0.00000 ( 1)
  30 F   0.00121 0.99879 0.00000 0.00000 ( 2)
  31 S   0.91047 0.08953 0.00000 0.00000 ( 1)
  32 F   0.98552 0.01448 0.00000 0.00000 ( 1)
  33 E   0.15389 0.84611 0.00000 0.00000 ( 2)
  34 K   0.58299 0.41701 0.00000 0.00000 ( 1)
  35 A   0.02287 0.97713 0.00000 0.00000 ( 2)
  36 E   1.00000 0.00000 0.00000 0.00000 ( 1)
  37 S   0.90479 0.09521 0.00000 0.00000 ( 1)
  38 L   0.98572 0.01428 0.00000 0.00000 ( 1)
  39 Y   0.99996 0.00004 0.00000 0.00000 ( 1)
  40 T   0.99999 0.00001 0.00000 0.00000 ( 1)
  41 R   0.99733 0.00267 0.00000 0.00000 ( 1)
  42 A   0.25116 0.74884 0.00000 0.00000 ( 2)
  43 P   1.00000 0.00000 0.00000 0.00000 ( 1)
  44 H   0.99952 0.00048 0.00000 0.00000 ( 1)
  45 L   0.99816 0.00184 0.00000 0.00000 ( 1)
  46 F   0.99991 0.00009 0.00000 0.00000 ( 1)
  47 T   1.00000 0.00000 0.00000 0.00000 ( 1)
  48 W   0.99982 0.00018 0.00000 0.00000 ( 1)
  49 L   0.99987 0.00013 0.00000 0.00000 ( 1)
  50 K   0.97074 0.02926 0.00000 0.00000 ( 1)
  51 G   0.99610 0.00390 0.00000 0.00000 ( 1)
  52 F   0.99537 0.00463 0.00000 0.00000 ( 1)
  53 R   0.70448 0.29552 0.00000 0.00000 ( 1)
  54 F   1.00000 0.00000 0.00000 0.00000 ( 1)
  55 V   0.99967 0.00033 0.00000 0.00000 ( 1)
  56 T   0.99990 0.00010 0.00000 0.00000 ( 1)
  57 N   0.99954 0.00046 0.00000 0.00000 ( 1)
  58 S   0.00820 0.99180 0.00000 0.00000 ( 2)
  59 I   0.92188 0.07812 0.00000 0.00000 ( 1)
  60 S   0.71059 0.28941 0.00000 0.00000 ( 1)
  61 -   0.02739 0.97261 0.00000 0.00000 ( 2)
  62 -   0.98477 0.01523 0.00000 0.00000 ( 1)
  63 -   0.05505 0.94495 0.00000 0.00000 ( 2)
  64 -   0.00067 0.99933 0.00000 0.00000 ( 2)
  65 -   0.22894 0.77106 0.00000 0.00000 ( 2)
  66 -   0.79109 0.20891 0.00000 0.00000 ( 1)
  67 Y   0.00293 0.99707 0.00000 0.00000 ( 2)
  68 W   0.82374 0.17626 0.00000 0.00000 ( 1)
  69 T   0.63935 0.36065 0.00000 0.00000 ( 1)
  70 F   0.99609 0.00391 0.00000 0.00000 ( 1)
  71 L   0.99999 0.00001 0.00000 0.00000 ( 1)
  72 S   0.99489 0.00511 0.00000 0.00000 ( 1)
  73 G   0.99999 0.00001 0.00000 0.00000 ( 1)
  74 G   0.00129 0.99871 0.00000 0.00000 ( 2)
  75 Q   0.69504 0.30496 0.00000 0.00000 ( 1)
  76 N   0.99982 0.00018 0.00000 0.00000 ( 1)
  77 K   0.90617 0.09383 0.00000 0.00000 ( 1)
  78 Y   0.99919 0.00081 0.00000 0.00000 ( 1)
  79 S   0.98768 0.01232 0.00000 0.00000 ( 1)
  80 Y   0.78466 0.21534 0.00000 0.00000 ( 1)
  81 T   0.99736 0.00264 0.00000 0.00000 ( 1)
  82 N   0.01408 0.98592 0.00000 0.00000 ( 2)
  83 -   0.82330 0.17670 0.00000 0.00000 ( 1)
  84 N   0.00063 0.99937 0.00000 0.00000 ( 2)
  85 S   0.00215 0.99785 0.00000 0.00000 ( 2)
  86 S   0.00242 0.99758 0.00000 0.00000 ( 2)
  87 I   0.91195 0.08805 0.00000 0.00000 ( 1)
  88 N   0.00007 0.99993 0.00000 0.00000 ( 2)
  89 E   0.00002 0.99998 0.00000 0.00000 ( 2)
  90 G   0.99633 0.00367 0.00000 0.00000 ( 1)
  91 S   0.99959 0.00041 0.00000 0.00000 ( 1)
  92 F   0.99418 0.00582 0.00000 0.00000 ( 1)
  93 R   0.00000 1.00000 0.00000 0.00000 ( 2)
  94 G   0.99999 0.00001 0.00000 0.00000 ( 1)
  95 Q   0.01027 0.98973 0.00000 0.00000 ( 2)
  96 D   0.70469 0.29531 0.00000 0.00000 ( 1)
  97 T   0.31812 0.68188 0.00000 0.00000 ( 2)
  98 D   0.00174 0.99826 0.00000 0.00000 ( 2)
  99 Y   0.88433 0.11567 0.00000 0.00000 ( 1)
 100 G   0.99316 0.00684 0.00000 0.00000 ( 1)
 101 G   0.99902 0.00098 0.00000 0.00000 ( 1)
 102 T   0.92766 0.07234 0.00000 0.00000 ( 1)
 103 S   0.06054 0.93946 0.00000 0.00000 ( 2)
 104 S   0.99928 0.00072 0.00000 0.00000 ( 1)
 105 T   0.00979 0.99021 0.00000 0.00000 ( 2)
 106 I   0.86189 0.13811 0.00000 0.00000 ( 1)
 107 N   0.02711 0.97289 0.00000 0.00000 ( 2)
 108 I   0.98592 0.01408 0.00000 0.00000 ( 1)
 109 P   0.00022 0.99978 0.00000 0.00000 ( 2)
 110 S   0.00526 0.99474 0.00000 0.00000 ( 2)
 111 N   0.11195 0.88805 0.00000 0.00000 ( 2)
 112 S   0.00658 0.99342 0.00000 0.00000 ( 2)
 113 Y   0.74856 0.25144 0.00000 0.00000 ( 1)
 114 V   0.96837 0.03163 0.00000 0.00000 ( 1)
 115 Y   0.99988 0.00012 0.00000 0.00000 ( 1)
 116 N   0.89237 0.10763 0.00000 0.00000 ( 1)
 117 L   0.97483 0.02517 0.00000 0.00000 ( 1)
 118 W   0.15898 0.84102 0.00000 0.00000 ( 2)
 119 T   0.45998 0.54002 0.00000 0.00000 ( 2)
 120 E   0.99435 0.00565 0.00000 0.00000 ( 1)
 121 N   0.86417 0.13583 0.00000 0.00000 ( 1)
 122 Y   0.99895 0.00105 0.00000 0.00000 ( 1)
 123 E   0.88017 0.11983 0.00000 0.00000 ( 1)
 124 Y   0.00009 0.99991 0.00000 0.00000 ( 2)
 125 I   0.90917 0.09083 0.00000 0.00000 ( 1)
 126 Y   0.94849 0.05151 0.00000 0.00000 ( 1)
 127 P   0.92542 0.07458 0.00000 0.00000 ( 1)
 128 W   0.48797 0.51203 0.00000 0.00000 ( 2)
 129 G   0.00000 1.00000 0.00000 0.00000 ( 2)
 130 D   0.99492 0.00508 0.00000 0.00000 ( 1)
 131 P   0.78022 0.21978 0.00000 0.00000 ( 1)
 132 V   0.05971 0.94029 0.00000 0.00000 ( 2)
 133 N   0.99953 0.00047 0.00000 0.00000 ( 1)
 134 I   0.99994 0.00006 0.00000 0.00000 ( 1)
 135 T   0.21657 0.78343 0.00000 0.00000 ( 2)
 136 K   0.96749 0.03251 0.00000 0.00000 ( 1)
 137 M   0.99985 0.00015 0.00000 0.00000 ( 1)
 138 N   0.89174 0.10826 0.00000 0.00000 ( 1)
 139 F   1.00000 0.00000 0.00000 0.00000 ( 1)
 140 S   0.98413 0.01587 0.00000 0.00000 ( 1)
 141 V   0.00033 0.99967 0.00000 0.00000 ( 2)
 142 T   0.98257 0.01743 0.00000 0.00000 ( 1)
 143 D   0.99944 0.00056 0.00000 0.00000 ( 1)
 144 -   0.77953 0.22047 0.00000 0.00000 ( 1)
 145 N   0.99999 0.00001 0.00000 0.00000 ( 1)
 146 -   0.63916 0.36084 0.00000 0.00000 ( 1)
 147 N   0.99998 0.00002 0.00000 0.00000 ( 1)
 148 S   0.00186 0.99814 0.00000 0.00000 ( 2)
 149 S   0.04791 0.95209 0.00000 0.00000 ( 2)
 150 K   0.00048 0.99952 0.00000 0.00000 ( 2)
 151 E   0.86245 0.13755 0.00000 0.00000 ( 1)
 152 L   0.00141 0.99859 0.00000 0.00000 ( 2)
 153 I   0.77038 0.22962 0.00000 0.00000 ( 1)
 154 Y   1.00000 0.00000 0.00000 0.00000 ( 1)
 155 G   0.99776 0.00224 0.00000 0.00000 ( 1)
 156 -   0.60672 0.39328 0.00000 0.00000 ( 1)
 157 -   0.51090 0.48910 0.00000 0.00000 ( 1)
 158 A   0.51644 0.48356 0.00000 0.00000 ( 1)
 159 H   0.01172 0.98828 0.00000 0.00000 ( 2)
 160 R   0.81921 0.18079 0.00000 0.00000 ( 1)
 161 T   0.30017 0.69983 0.00000 0.00000 ( 2)
 162 N   0.99953 0.00047 0.00000 0.00000 ( 1)
 163 K   0.11022 0.88978 0.00000 0.00000 ( 2)
 164 P   0.99987 0.00013 0.00000 0.00000 ( 1)
 165 V   0.70856 0.29144 0.00000 0.00000 ( 1)
 166 V   0.99994 0.00006 0.00000 0.00000 ( 1)
 167 R   0.85362 0.14638 0.00000 0.00000 ( 1)
 168 T   0.99985 0.00015 0.00000 0.00000 ( 1)
 169 D   0.99880 0.00120 0.00000 0.00000 ( 1)
 170 F   0.99990 0.00010 0.00000 0.00000 ( 1)
 171 D   0.97668 0.02332 0.00000 0.00000 ( 1)
 172 F   0.99993 0.00007 0.00000 0.00000 ( 1)
 173 -   0.41035 0.58965 0.00000 0.00000 ( 2)
 174 L   0.99868 0.00132 0.00000 0.00000 ( 1)
 175 T   0.34836 0.65164 0.00000 0.00000 ( 2)
 176 N   0.99362 0.00638 0.00000 0.00000 ( 1)
 177 K   0.99959 0.00041 0.00000 0.00000 ( 1)
 178 E   0.15461 0.84539 0.00000 0.00000 ( 2)
 179 G   0.87930 0.12070 0.00000 0.00000 ( 1)
 180 T   0.99819 0.00181 0.00000 0.00000 ( 1)
 181 E   0.26332 0.73668 0.00000 0.00000 ( 2)
 182 L   0.39563 0.60437 0.00000 0.00000 ( 2)
 183 A   0.44436 0.55564 0.00000 0.00000 ( 2)
 184 K   0.99744 0.00256 0.00000 0.00000 ( 1)
 185 Y   0.94814 0.05186 0.00000 0.00000 ( 1)
 186 N   0.99991 0.00009 0.00000 0.00000 ( 1)
 187 D   0.99662 0.00338 0.00000 0.00000 ( 1)
 188 Y   0.99995 0.00005 0.00000 0.00000 ( 1)
 189 N   0.28792 0.71208 0.00000 0.00000 ( 2)
 190 H   1.00000 0.00000 0.00000 0.00000 ( 1)
 191 I   0.99998 0.00002 0.00000 0.00000 ( 1)
 192 L   0.99999 0.00001 0.00000 0.00000 ( 1)
 193 S   0.99998 0.00002 0.00000 0.00000 ( 1)
 194 Y   0.99903 0.00097 0.00000 0.00000 ( 1)
 195 M   0.98603 0.01397 0.00000 0.00000 ( 1)
 196 L   0.99771 0.00229 0.00000 0.00000 ( 1)
 197 I   0.94591 0.05409 0.00000 0.00000 ( 1)
 198 N   0.99704 0.00296 0.00000 0.00000 ( 1)
 199 -   0.96938 0.03062 0.00000 0.00000 ( 1)
 200 -   0.75742 0.24258 0.00000 0.00000 ( 1)
 201 -   0.72662 0.27338 0.00000 0.00000 ( 1)
 202 -   0.29410 0.70590 0.00000 0.00000 ( 2)
 203 G   0.90798 0.09202 0.00000 0.00000 ( 1)
 204 E   0.00312 0.99688 0.00000 0.00000 ( 2)
 205 T   0.92780 0.07220 0.00000 0.00000 ( 1)
 206 F   0.58661 0.41339 0.00000 0.00000 ( 1)
 207 G   0.82509 0.17491 0.00000 0.00000 ( 1)
 208 Q   0.00101 0.99899 0.00000 0.00000 ( 2)
 209 K   0.95335 0.04665 0.00000 0.00000 ( 1)
 210 R   0.72878 0.27122 0.00000 0.00000 ( 1)
 211 H   0.98726 0.01274 0.00000 0.00000 ( 1)
 212 G   0.99994 0.00006 0.00000 0.00000 ( 1)
 213 Y   0.99966 0.00034 0.00000 0.00000 ( 1)
 214 S   0.99153 0.00847 0.00000 0.00000 ( 1)
 215 F   1.00000 0.00000 0.00000 0.00000 ( 1)
 216 A   0.99789 0.00211 0.00000 0.00000 ( 1)
 217 F   0.99999 0.00001 0.00000 0.00000 ( 1)
 218 T   0.99984 0.00016 0.00000 0.00000 ( 1)
 219 H   1.00000 0.00000 0.00000 0.00000 ( 1)
 220 S   0.99999 0.00001 0.00000 0.00000 ( 1)
 221 S   1.00000 0.00000 0.00000 0.00000 ( 1)
 222 -   0.70425 0.29575 0.00000 0.00000 ( 1)
 223 -   0.70425 0.29575 0.00000 0.00000 ( 1)


lnL = -6183.178493

Bayes Empirical Bayes (BEB) probabilities for 4 classes (class)
(amino acids refer to 1st sequence: BT_Cry19Aa1)

   1 -   0.69519 0.26918 0.02567 0.00996 ( 1)
   2 -   0.69519 0.26918 0.02567 0.00996 ( 1)
   3 E   0.00004 0.98439 0.00000 0.01557 ( 2)
   4 V   0.99585 0.00004 0.00411 0.00000 ( 1)
   5 K   0.99481 0.00000 0.00519 0.00000 ( 1)
   6 T   0.96381 0.02835 0.00749 0.00034 ( 1)
   7 E   0.99542 0.00000 0.00458 0.00000 ( 1)
   8 L   0.98972 0.00002 0.01026 0.00000 ( 1)
   9 T   0.98823 0.00005 0.01172 0.00000 ( 1)
  10 R   0.99578 0.00000 0.00422 0.00000 ( 1)
  11 E   0.99542 0.00000 0.00458 0.00000 ( 1)
  12 I   0.99489 0.00004 0.00507 0.00000 ( 1)
  13 Y   0.98981 0.00000 0.01019 0.00000 ( 1)
  14 S   0.98822 0.00314 0.00859 0.00005 ( 1)
  15 D   0.99613 0.00001 0.00386 0.00000 ( 1)
  16 V   0.99508 0.00071 0.00420 0.00001 ( 1)
  17 I   0.99419 0.00076 0.00503 0.00001 ( 1)
  18 N   0.99438 0.00025 0.00537 0.00000 ( 1)
  19 G   0.43049 0.56034 0.00275 0.00642 ( 2)
  20 E   0.59275 0.40113 0.00257 0.00356 ( 1)
  21 I   0.02446 0.96354 0.00016 0.01184 ( 2)
  22 Y   0.17927 0.71019 0.06122 0.04932 ( 2)
  23 G   0.82241 0.16577 0.00920 0.00261 ( 1)
  24 L   0.12292 0.86182 0.00125 0.01401 ( 2)
  25 M   0.72679 0.25268 0.01474 0.00579 ( 1)
  26 -   0.53403 0.42321 0.03107 0.01169 ( 1)
  27 T   0.05162 0.93709 0.00036 0.01093 ( 2)
  28 P   0.53263 0.44785 0.00710 0.01242 ( 1)
  29 Y   0.55691 0.42258 0.01107 0.00944 ( 1)
  30 F   0.00176 0.98602 0.00001 0.01221 ( 2)
  31 S   0.91688 0.07741 0.00479 0.00091 ( 1)
  32 F   0.98280 0.01300 0.00408 0.00013 ( 1)
  33 E   0.16505 0.69075 0.08594 0.05826 ( 2)
  34 K   0.62963 0.36335 0.00367 0.00335 ( 1)
  35 A   0.03035 0.93420 0.00317 0.03228 ( 2)
  36 E   0.99542 0.00000 0.00458 0.00000 ( 1)
  37 S   0.90007 0.08495 0.01348 0.00150 ( 1)
  38 L   0.98363 0.01241 0.00387 0.00009 ( 1)
  39 Y   0.99482 0.00004 0.00514 0.00000 ( 1)
  40 T   0.99385 0.00001 0.00614 0.00000 ( 1)
  41 R   0.98912 0.00263 0.00822 0.00003 ( 1)
  42 A   0.27724 0.64992 0.05002 0.02283 ( 2)
  43 P   0.99289 0.00000 0.00711 0.00000 ( 1)
  44 H   0.99623 0.00043 0.00334 0.00000 ( 1)
  45 L   0.99110 0.00175 0.00713 0.00002 ( 1)
  46 F   0.99157 0.00009 0.00834 0.00000 ( 1)
  47 T   0.99491 0.00000 0.00509 0.00000 ( 1)
  48 W   0.98667 0.00017 0.01315 0.00000 ( 1)
  49 L   0.99294 0.00013 0.00692 0.00000 ( 1)
  50 K   0.96037 0.02822 0.01101 0.00040 ( 1)
  51 G   0.99062 0.00354 0.00581 0.00003 ( 1)
  52 F   0.99174 0.00413 0.00409 0.00004 ( 1)
  53 R   0.74468 0.25018 0.00314 0.00200 ( 1)
  54 F   0.99589 0.00000 0.00411 0.00000 ( 1)
  55 V   0.99423 0.00032 0.00545 0.00000 ( 1)
  56 T   0.98724 0.00010 0.01266 0.00000 ( 1)
  57 N   0.99421 0.00042 0.00537 0.00001 ( 1)
  58 S   0.01200 0.97527 0.00010 0.01263 ( 2)
  59 I   0.92835 0.06617 0.00470 0.00078 ( 1)
  60 S   0.74551 0.24864 0.00350 0.00235 ( 1)
  61 -   0.03340 0.93097 0.00123 0.03440 ( 2)
  62 -   0.95090 0.01346 0.03513 0.00050 ( 1)
  63 -   0.06764 0.89673 0.00249 0.03314 ( 2)
  64 -   0.00094 0.96343 0.00003 0.03560 ( 2)
  65 -   0.25801 0.70636 0.00951 0.02612 ( 2)
  66 -   0.78179 0.18258 0.02887 0.00676 ( 1)
  67 Y   0.00422 0.98356 0.00003 0.01219 ( 2)
  68 W   0.82860 0.15787 0.01103 0.00249 ( 1)
  69 T   0.67838 0.31397 0.00418 0.00346 ( 1)
  70 F   0.98683 0.00354 0.00958 0.00004 ( 1)
  71 L   0.99307 0.00001 0.00692 0.00000 ( 1)
  72 S   0.98717 0.00480 0.00795 0.00007 ( 1)
  73 G   0.99180 0.00001 0.00818 0.00000 ( 1)
  74 G   0.00139 0.72662 0.01529 0.25669 ( 2)
  75 Q   0.73509 0.25835 0.00426 0.00230 ( 1)
  76 N   0.99446 0.00017 0.00537 0.00000 ( 1)
  77 K   0.91559 0.07876 0.00479 0.00086 ( 1)
  78 Y   0.99411 0.00076 0.00512 0.00001 ( 1)
  79 S   0.98375 0.01085 0.00529 0.00012 ( 1)
  80 Y   0.80813 0.18559 0.00416 0.00212 ( 1)
  81 T   0.98716 0.00259 0.01021 0.00004 ( 1)
  82 N   0.01357 0.72215 0.10769 0.15659 ( 2)
  83 -   0.80367 0.16070 0.02968 0.00595 ( 1)
  84 N   0.00071 0.79995 0.00377 0.19556 ( 2)
  85 S   0.00319 0.98091 0.00003 0.01587 ( 2)
  86 S   0.00324 0.96910 0.00007 0.02759 ( 2)
  87 I   0.91790 0.07655 0.00464 0.00090 ( 1)
  88 N   0.00008 0.75914 0.00275 0.23804 ( 2)
  89 E   0.00004 0.98449 0.00000 0.01547 ( 2)
  90 G   0.99267 0.00337 0.00393 0.00003 ( 1)
  91 S   0.99129 0.00038 0.00832 0.00000 ( 1)
  92 F   0.98888 0.00517 0.00589 0.00007 ( 1)
  93 R   0.00000 0.94395 0.00000 0.05604 ( 2)
  94 G   0.99583 0.00001 0.00416 0.00000 ( 1)
  95 Q   0.01411 0.97179 0.00017 0.01394 ( 2)
  96 D   0.74664 0.24780 0.00295 0.00261 ( 1)
  97 T   0.36800 0.62289 0.00226 0.00685 ( 2)
  98 D   0.00261 0.98847 0.00001 0.00891 ( 2)
  99 Y   0.89157 0.10210 0.00517 0.00116 ( 1)
 100 G   0.99025 0.00606 0.00365 0.00004 ( 1)
 101 G   0.99320 0.00096 0.00583 0.00001 ( 1)
 102 T   0.92074 0.06582 0.01236 0.00107 ( 1)
 103 S   0.07937 0.91171 0.00037 0.00856 ( 2)
 104 S   0.99462 0.00069 0.00468 0.00001 ( 1)
 105 T   0.01410 0.97085 0.00010 0.01496 ( 2)
 106 I   0.86935 0.12561 0.00412 0.00092 ( 1)
 107 N   0.03496 0.88858 0.01326 0.06321 ( 2)
 108 I   0.98224 0.01261 0.00500 0.00015 ( 1)
 109 P   0.00033 0.98559 0.00001 0.01408 ( 2)
 110 S   0.00748 0.98356 0.00003 0.00892 ( 2)
 111 N   0.11758 0.76678 0.07021 0.04544 ( 2)
 112 S   0.00377 0.42120 0.18141 0.39362 ( 2)
 113 Y   0.77920 0.21446 0.00401 0.00233 ( 1)
 114 V   0.96410 0.02797 0.00752 0.00041 ( 1)
 115 Y   0.99475 0.00012 0.00513 0.00000 ( 1)
 116 N   0.89159 0.09313 0.01263 0.00265 ( 1)
 117 L   0.97045 0.02256 0.00676 0.00024 ( 1)
 118 W   0.18622 0.79876 0.00246 0.01255 ( 2)
 119 T   0.50061 0.48602 0.00563 0.00774 ( 1)
 120 E   0.98967 0.00511 0.00516 0.00006 ( 1)
 121 N   0.87220 0.11885 0.00709 0.00186 ( 1)
 122 Y   0.99386 0.00101 0.00512 0.00001 ( 1)
 123 E   0.89293 0.10203 0.00414 0.00090 ( 1)
 124 Y   0.00013 0.94053 0.00030 0.05905 ( 2)
 125 I   0.91844 0.07602 0.00465 0.00090 ( 1)
 126 Y   0.94658 0.04454 0.00823 0.00065 ( 1)
 127 P   0.92889 0.06404 0.00633 0.00074 ( 1)
 128 W   0.52880 0.45698 0.00702 0.00721 ( 1)
 129 G   0.00001 0.96843 0.00000 0.03156 ( 2)
 130 D   0.99171 0.00440 0.00384 0.00004 ( 1)
 131 P   0.80594 0.18751 0.00483 0.00172 ( 1)
 132 V   0.07903 0.91224 0.00043 0.00830 ( 2)
 133 N   0.99420 0.00043 0.00537 0.00001 ( 1)
 134 I   0.99490 0.00006 0.00504 0.00000 ( 1)
 135 T   0.26415 0.72626 0.00162 0.00797 ( 2)
 136 K   0.96657 0.02807 0.00505 0.00031 ( 1)
 137 M   0.99473 0.00014 0.00514 0.00000 ( 1)
 138 N   0.90251 0.09130 0.00487 0.00133 ( 1)
 139 F   0.99589 0.00000 0.00411 0.00000 ( 1)
 140 S   0.98113 0.01412 0.00462 0.00013 ( 1)
 141 V   0.00050 0.95857 0.00011 0.04082 ( 2)
 142 T   0.97649 0.01615 0.00715 0.00021 ( 1)
 143 D   0.99554 0.00055 0.00391 0.00001 ( 1)
 144 -   0.76380 0.20057 0.02821 0.00742 ( 1)
 145 N   0.99461 0.00002 0.00537 0.00000 ( 1)
 146 -   0.64298 0.32139 0.02374 0.01190 ( 1)
 147 N   0.99444 0.00002 0.00554 0.00000 ( 1)
 148 S   0.00272 0.97932 0.00003 0.01792 ( 2)
 149 S   0.06270 0.92338 0.00054 0.01338 ( 2)
 150 K   0.00070 0.97014 0.00008 0.02908 ( 2)
 151 E   0.87843 0.11648 0.00406 0.00103 ( 1)
 152 L   0.00201 0.98047 0.00002 0.01750 ( 2)
 153 I   0.78801 0.19775 0.00991 0.00433 ( 1)
 154 Y   0.99487 0.00000 0.00513 0.00000 ( 1)
 155 G   0.99435 0.00198 0.00366 0.00001 ( 1)
 156 -   0.61056 0.35380 0.02254 0.01309 ( 1)
 157 -   0.52214 0.44223 0.01926 0.01637 ( 1)
 158 A   0.54000 0.42268 0.02584 0.01148 ( 1)
 159 H   0.01631 0.97367 0.00009 0.00993 ( 2)
 160 R   0.84058 0.15464 0.00355 0.00123 ( 1)
 161 T   0.33399 0.64715 0.00502 0.01383 ( 2)
 162 N   0.99418 0.00045 0.00537 0.00001 ( 1)
 163 K   0.13561 0.82753 0.00955 0.02731 ( 2)
 164 P   0.99587 0.00012 0.00400 0.00000 ( 1)
 165 V   0.74406 0.24911 0.00381 0.00302 ( 1)
 166 V   0.99583 0.00006 0.00411 0.00000 ( 1)
 167 R   0.86381 0.12455 0.00988 0.00176 ( 1)
 168 T   0.99312 0.00015 0.00672 0.00000 ( 1)
 169 D   0.99506 0.00107 0.00386 0.00001 ( 1)
 170 F   0.99135 0.00010 0.00855 0.00000 ( 1)
 171 D   0.91928 0.01886 0.06142 0.00044 ( 1)
 172 F   0.99582 0.00007 0.00411 0.00000 ( 1)
 173 -   0.43316 0.53121 0.01597 0.01966 ( 2)
 174 L   0.98840 0.00124 0.01034 0.00002 ( 1)
 175 T   0.33940 0.49691 0.12599 0.03770 ( 2)
 176 N   0.98178 0.00575 0.01238 0.00009 ( 1)
 177 K   0.99443 0.00039 0.00518 0.00000 ( 1)
 178 E   0.19772 0.79256 0.00121 0.00852 ( 2)
 179 G   0.88325 0.10417 0.01087 0.00171 ( 1)
 180 T   0.99319 0.00171 0.00508 0.00002 ( 1)
 181 E   0.31178 0.68207 0.00116 0.00500 ( 2)
 182 L   0.43945 0.54890 0.00323 0.00842 ( 2)
 183 A   0.48674 0.49687 0.00744 0.00895 ( 2)
 184 K   0.99145 0.00240 0.00612 0.00003 ( 1)
 185 Y   0.94332 0.04546 0.01048 0.00074 ( 1)
 186 N   0.89662 0.00008 0.10330 0.00000 ( 1)
 187 D   0.96662 0.00289 0.03044 0.00005 ( 1)
 188 Y   0.99471 0.00006 0.00523 0.00000 ( 1)
 189 N   0.34165 0.64252 0.00341 0.01242 ( 2)
 190 H   0.99141 0.00000 0.00859 0.00000 ( 1)
 191 I   0.99494 0.00002 0.00504 0.00000 ( 1)
 192 L   0.99307 0.00001 0.00692 0.00000 ( 1)
 193 S   0.99132 0.00002 0.00866 0.00000 ( 1)
 194 Y   0.99111 0.00094 0.00794 0.00001 ( 1)
 195 M   0.84081 0.01052 0.14826 0.00042 ( 1)
 196 L   0.98291 0.00222 0.01483 0.00005 ( 1)
 197 I   0.93278 0.04709 0.01908 0.00106 ( 1)
 198 N   0.99013 0.00265 0.00719 0.00003 ( 1)
 199 -   0.93646 0.02791 0.03460 0.00103 ( 1)
 200 -   0.75465 0.20972 0.02787 0.00776 ( 1)
 201 -   0.71562 0.24874 0.02642 0.00921 ( 1)
 202 -   0.32599 0.63838 0.01202 0.02362 ( 2)
 203 G   0.91467 0.07924 0.00538 0.00071 ( 1)
 204 E   0.00445 0.97786 0.00005 0.01765 ( 2)
 205 T   0.92947 0.06423 0.00549 0.00081 ( 1)
 206 F   0.63058 0.35694 0.00667 0.00581 ( 1)
 207 G   0.84591 0.14657 0.00554 0.00199 ( 1)
 208 Q   0.00150 0.98698 0.00001 0.01151 ( 2)
 209 K   0.95477 0.03982 0.00498 0.00044 ( 1)
 210 R   0.75565 0.23055 0.00997 0.00383 ( 1)
 211 H   0.97854 0.01142 0.00990 0.00015 ( 1)
 212 G   0.99086 0.00006 0.00908 0.00000 ( 1)
 213 Y   0.99455 0.00032 0.00513 0.00000 ( 1)
 214 S   0.98354 0.00780 0.00856 0.00010 ( 1)
 215 F   0.99589 0.00000 0.00411 0.00000 ( 1)
 216 A   0.99390 0.00194 0.00414 0.00002 ( 1)
 217 F   0.99587 0.00001 0.00412 0.00000 ( 1)
 218 T   0.99188 0.00016 0.00795 0.00000 ( 1)
 219 H   0.99666 0.00000 0.00334 0.00000 ( 1)
 220 S   0.99665 0.00001 0.00334 0.00000 ( 1)
 221 S   0.99325 0.00000 0.00674 0.00000 ( 1)
 222 -   0.69519 0.26918 0.02567 0.00996 ( 1)
 223 -   0.69519 0.26918 0.02567 0.00996 ( 1)

