Supplemental results for CODEML (seqf: algn  treef: tree)


dN/dS (w) for site classes (K=4)

site class             0        1       2a       2b
proportion       0.58636  0.41364  0.00000  0.00000
background w     0.12848  1.00000  0.12848  1.00000
foreground w     0.12848  1.00000  1.00000  1.00000

Naive Empirical Bayes (NEB) probabilities for 4 classes
(amino acids refer to 1st sequence: BT_Cry24Da1)

   1 -   0.87553 0.12447 0.00000 0.00000 ( 1)
   2 I   0.08769 0.91231 0.00000 0.00000 ( 2)
   3 D   0.99995 0.00005 0.00000 0.00000 ( 1)
   4 E   0.99975 0.00025 0.00000 0.00000 ( 1)
   5 I   0.99997 0.00003 0.00000 0.00000 ( 1)
   6 T   0.86621 0.13379 0.00000 0.00000 ( 1)
   7 Q   0.99935 0.00065 0.00000 0.00000 ( 1)
   8 I   0.99994 0.00006 0.00000 0.00000 ( 1)
   9 P   0.97536 0.02464 0.00000 0.00000 ( 1)
  10 A   0.99977 0.00023 0.00000 0.00000 ( 1)
  11 V   0.98174 0.01826 0.00000 0.00000 ( 1)
  12 K   0.99992 0.00008 0.00000 0.00000 ( 1)
  13 A   0.99997 0.00003 0.00000 0.00000 ( 1)
  14 F   0.99986 0.00014 0.00000 0.00000 ( 1)
  15 N   0.00144 0.99856 0.00000 0.00000 ( 2)
  16 I   0.96871 0.03129 0.00000 0.00000 ( 1)
  17 -   0.58636 0.41364 0.00000 0.00000 ( 1)
  18 -   0.58636 0.41364 0.00000 0.00000 ( 1)
  19 -   0.58636 0.41364 0.00000 0.00000 ( 1)
  20 S   0.06679 0.93321 0.00000 0.00000 ( 2)
  21 D   0.02641 0.97359 0.00000 0.00000 ( 2)
  22 T   0.00000 1.00000 0.00000 0.00000 ( 2)
  23 G   0.92971 0.07029 0.00000 0.00000 ( 1)
  24 -   0.58636 0.41364 0.00000 0.00000 ( 1)
  25 -   0.58636 0.41364 0.00000 0.00000 ( 1)
  26 A   0.00213 0.99787 0.00000 0.00000 ( 2)
  27 G   0.97327 0.02673 0.00000 0.00000 ( 1)
  28 S   0.00000 1.00000 0.00000 0.00000 ( 2)
  29 V   0.99375 0.00625 0.00000 0.00000 ( 1)
  30 V   0.00024 0.99976 0.00000 0.00000 ( 2)
  31 A   0.98141 0.01859 0.00000 0.00000 ( 1)
  32 G   0.99960 0.00040 0.00000 0.00000 ( 1)
  33 P   0.98347 0.01653 0.00000 0.00000 ( 1)
  34 G   0.99996 0.00004 0.00000 0.00000 ( 1)
  35 H   0.01286 0.98714 0.00000 0.00000 ( 2)
  36 T   0.99986 0.00014 0.00000 0.00000 ( 1)
  37 G   0.99938 0.00062 0.00000 0.00000 ( 1)
  38 G   0.99939 0.00061 0.00000 0.00000 ( 1)
  39 D   0.99967 0.00033 0.00000 0.00000 ( 1)
  40 L   0.55814 0.44186 0.00000 0.00000 ( 1)
  41 I   0.99868 0.00132 0.00000 0.00000 ( 1)
  42 R   0.00007 0.99993 0.00000 0.00000 ( 2)
  43 L   0.99888 0.00112 0.00000 0.00000 ( 1)
  44 P   0.00025 0.99975 0.00000 0.00000 ( 2)
  45 N   0.58636 0.41364 0.00000 0.00000 ( 1)
  46 N   0.00007 0.99993 0.00000 0.00000 ( 2)
  47 N   0.00000 1.00000 0.00000 0.00000 ( 2)
  48 A   0.02758 0.97242 0.00000 0.00000 ( 2)
  49 R   0.95989 0.04010 0.00000 0.00000 ( 1)
  50 L   0.99791 0.00209 0.00000 0.00000 ( 1)
  51 K   0.99969 0.00031 0.00000 0.00000 ( 1)
  52 I   0.99993 0.00007 0.00000 0.00000 ( 1)
  53 R   0.99972 0.00028 0.00000 0.00000 ( 1)
  54 L   0.99888 0.00112 0.00000 0.00000 ( 1)
  55 T   0.23843 0.76157 0.00000 0.00000 ( 2)
  56 P   0.94324 0.05676 0.00000 0.00000 ( 1)
  57 S   0.89690 0.10310 0.00000 0.00000 ( 1)
  58 T   0.00005 0.99995 0.00000 0.00000 ( 2)
  59 S   0.24336 0.75664 0.00000 0.00000 ( 2)
  60 D   0.97742 0.02258 0.00000 0.00000 ( 1)
  61 K   0.99995 0.00005 0.00000 0.00000 ( 1)
  62 R   0.99796 0.00204 0.00000 0.00000 ( 1)
  63 F   0.77708 0.22292 0.00000 0.00000 ( 1)
  64 R   0.35921 0.64079 0.00000 0.00000 ( 2)
  65 V   0.99997 0.00003 0.00000 0.00000 ( 1)
  66 R   0.99990 0.00010 0.00000 0.00000 ( 1)
  67 V   0.94639 0.05361 0.00000 0.00000 ( 1)
  68 R   0.90053 0.09947 0.00000 0.00000 ( 1)
  69 Y   0.99930 0.00070 0.00000 0.00000 ( 1)
  70 A   0.00099 0.99901 0.00000 0.00000 ( 2)
  71 S   0.91471 0.08529 0.00000 0.00000 ( 1)
  72 T   0.00000 1.00000 0.00000 0.00000 ( 2)
  73 T   0.00000 1.00000 0.00000 0.00000 ( 2)
  74 A   0.00000 1.00000 0.00000 0.00000 ( 2)
  75 G   0.99966 0.00034 0.00000 0.00000 ( 1)
  76 R   0.00000 1.00000 0.00000 0.00000 ( 2)
  77 M   0.00089 0.99911 0.00000 0.00000 ( 2)
  78 R   0.00031 0.99969 0.00000 0.00000 ( 2)
  79 I   0.99160 0.00840 0.00000 0.00000 ( 1)
  80 T   0.61423 0.38577 0.00000 0.00000 ( 1)
  81 K   0.99292 0.00708 0.00000 0.00000 ( 1)
  82 Y   0.58636 0.41364 0.00000 0.00000 ( 1)
  83 W   0.95669 0.04331 0.00000 0.00000 ( 1)
  84 S   0.19667 0.80333 0.00000 0.00000 ( 2)
  85 P   0.82990 0.17010 0.00000 0.00000 ( 1)
  86 G   0.99309 0.00691 0.00000 0.00000 ( 1)
  87 Y   0.14085 0.85915 0.00000 0.00000 ( 2)
  88 V   0.00000 1.00000 0.00000 0.00000 ( 2)
  89 Q   0.00000 1.00000 0.00000 0.00000 ( 2)
  90 -   0.58636 0.41364 0.00000 0.00000 ( 1)
  91 H   0.71513 0.28487 0.00000 0.00000 ( 1)
  92 Y   0.00000 1.00000 0.00000 0.00000 ( 2)
  93 D   0.00004 0.99996 0.00000 0.00000 ( 2)
  94 F   0.99987 0.00013 0.00000 0.00000 ( 1)
  95 N   0.00000 1.00000 0.00000 0.00000 ( 2)
  96 F   0.00000 1.00000 0.00000 0.00000 ( 2)
  97 D   0.00001 0.99999 0.00000 0.00000 ( 2)
  98 A   0.00000 1.00000 0.00000 0.00000 ( 2)
  99 Q   0.07518 0.92482 0.00000 0.00000 ( 2)
 100 Y   0.01677 0.98323 0.00000 0.00000 ( 2)
 101 Y   0.00000 1.00000 0.00000 0.00000 ( 2)
 102 D   0.58636 0.41364 0.00000 0.00000 ( 1)
 103 S   0.58636 0.41364 0.00000 0.00000 ( 1)
 104 N   0.05044 0.94956 0.00000 0.00000 ( 2)
 105 L   0.05252 0.94748 0.00000 0.00000 ( 2)
 106 T   0.49728 0.50272 0.00000 0.00000 ( 2)
 107 F   0.00057 0.99943 0.00000 0.00000 ( 2)
 108 R   0.00015 0.99985 0.00000 0.00000 ( 2)
 109 S   0.00094 0.99906 0.00000 0.00000 ( 2)
 110 F   0.98525 0.01475 0.00000 0.00000 ( 1)
 111 H   0.00001 0.99999 0.00000 0.00000 ( 2)
 112 Y   0.99992 0.00008 0.00000 0.00000 ( 1)
 113 L   0.00114 0.99886 0.00000 0.00000 ( 2)
 114 D   0.22521 0.77479 0.00000 0.00000 ( 2)
 115 T   0.99278 0.00722 0.00000 0.00000 ( 1)
 116 M   0.94803 0.05197 0.00000 0.00000 ( 1)
 117 V   0.99809 0.00191 0.00000 0.00000 ( 1)
 118 T   0.99476 0.00524 0.00000 0.00000 ( 1)
 119 R   0.98623 0.01377 0.00000 0.00000 ( 1)
 120 L   0.99832 0.00168 0.00000 0.00000 ( 1)
 121 D   0.97563 0.02437 0.00000 0.00000 ( 1)
 122 D   0.21325 0.78675 0.00000 0.00000 ( 2)
 123 P   0.06221 0.93779 0.00000 0.00000 ( 2)
 124 G   0.98592 0.01408 0.00000 0.00000 ( 1)
 125 V   0.99998 0.00002 0.00000 0.00000 ( 1)
 126 E   0.99962 0.00038 0.00000 0.00000 ( 1)
 127 I   0.99925 0.00075 0.00000 0.00000 ( 1)
 128 I   0.99998 0.00002 0.00000 0.00000 ( 1)
 129 V   0.99949 0.00051 0.00000 0.00000 ( 1)
 130 Q   0.83770 0.16230 0.00000 0.00000 ( 1)
 131 N   0.99999 0.00001 0.00000 0.00000 ( 1)
 132 I   0.09175 0.90825 0.00000 0.00000 ( 2)
 133 G   0.00052 0.99948 0.00000 0.00000 ( 2)
 134 G   0.00015 0.99985 0.00000 0.00000 ( 2)
 135 S   0.00000 1.00000 0.00000 0.00000 ( 2)
 136 I   0.00002 0.99998 0.00000 0.00000 ( 2)
 137 L   0.76668 0.23332 0.00000 0.00000 ( 1)
 138 Y   0.00004 0.99996 0.00000 0.00000 ( 2)
 139 I   0.71765 0.28235 0.00000 0.00000 ( 1)
 140 D   0.99474 0.00526 0.00000 0.00000 ( 1)
 141 K   0.99997 0.00003 0.00000 0.00000 ( 1)
 142 I   0.78233 0.21767 0.00000 0.00000 ( 1)
 143 E   0.99961 0.00039 0.00000 0.00000 ( 1)
 144 I   0.98563 0.01437 0.00000 0.00000 ( 1)
 145 I   0.82927 0.17073 0.00000 0.00000 ( 1)
 146 -   0.79026 0.20974 0.00000 0.00000 ( 1)


lnL = -3219.330266

Bayes Empirical Bayes (BEB) probabilities for 4 classes (class)
(amino acids refer to 1st sequence: BT_Cry24Da1)

   1 -   0.83521 0.11995 0.03922 0.00561 ( 1)
   2 I   0.14026 0.84727 0.00120 0.01127 ( 2)
   3 D   0.99403 0.00006 0.00591 0.00000 ( 1)
   4 E   0.99309 0.00027 0.00664 0.00000 ( 1)
   5 I   0.99279 0.00004 0.00717 0.00000 ( 1)
   6 T   0.87007 0.11017 0.01719 0.00257 ( 1)
   7 Q   0.99098 0.00075 0.00826 0.00001 ( 1)
   8 I   0.99259 0.00007 0.00733 0.00000 ( 1)
   9 P   0.96978 0.02339 0.00655 0.00027 ( 1)
  10 A   0.99097 0.00027 0.00876 0.00000 ( 1)
  11 V   0.96742 0.01914 0.01307 0.00037 ( 1)
  12 K   0.99229 0.00010 0.00761 0.00000 ( 1)
  13 A   0.99286 0.00004 0.00709 0.00000 ( 1)
  14 F   0.99404 0.00016 0.00581 0.00000 ( 1)
  15 N   0.00366 0.91356 0.00139 0.08140 ( 2)
  16 I   0.79581 0.02236 0.18070 0.00112 ( 1)
  17 -   0.57176 0.38341 0.02687 0.01797 ( 1)
  18 -   0.57176 0.38341 0.02687 0.01797 ( 1)
  19 -   0.57176 0.38341 0.02687 0.01797 ( 1)
  20 S   0.10039 0.80997 0.03213 0.05751 ( 2)
  21 D   0.04504 0.84610 0.03025 0.07861 ( 2)
  22 T   0.00000 0.78344 0.00001 0.21655 ( 2)
  23 G   0.74828 0.05285 0.19560 0.00327 ( 1)
  24 -   0.57176 0.38341 0.02687 0.01797 ( 1)
  25 -   0.57176 0.38341 0.02687 0.01797 ( 1)
  26 A   0.00373 0.82974 0.00523 0.16130 ( 2)
  27 G   0.97249 0.02112 0.00612 0.00027 ( 1)
  28 S   0.00000 0.72886 0.00000 0.27114 ( 2)
  29 V   0.97366 0.00671 0.01947 0.00016 ( 1)
  30 V   0.00062 0.95359 0.00014 0.04566 ( 2)
  31 A   0.97774 0.01485 0.00719 0.00022 ( 1)
  32 G   0.98605 0.00047 0.01348 0.00001 ( 1)
  33 P   0.97825 0.01511 0.00647 0.00017 ( 1)
  34 G   0.99370 0.00005 0.00625 0.00000 ( 1)
  35 H   0.02754 0.94362 0.00118 0.02766 ( 2)
  36 T   0.99148 0.00017 0.00835 0.00000 ( 1)
  37 G   0.99094 0.00072 0.00833 0.00001 ( 1)
  38 G   0.99092 0.00071 0.00837 0.00001 ( 1)
  39 D   0.99376 0.00032 0.00591 0.00000 ( 1)
  40 L   0.65684 0.33148 0.00622 0.00546 ( 1)
  41 I   0.98995 0.00137 0.00866 0.00002 ( 1)
  42 R   0.00018 0.92075 0.00009 0.07898 ( 2)
  43 L   0.98923 0.00127 0.00949 0.00002 ( 1)
  44 P   0.00067 0.98506 0.00001 0.01427 ( 2)
  45 N   0.57176 0.38341 0.02687 0.01797 ( 1)
  46 N   0.00024 0.98637 0.00000 0.01338 ( 2)
  47 N   0.00000 0.71804 0.00001 0.28194 ( 2)
  48 A   0.05145 0.93069 0.00044 0.01743 ( 2)
  49 R   0.82996 0.02901 0.13981 0.00122 ( 1)
  50 L   0.98796 0.00233 0.00968 0.00003 ( 1)
  51 K   0.99302 0.00033 0.00664 0.00000 ( 1)
  52 I   0.99187 0.00009 0.00804 0.00000 ( 1)
  53 R   0.99261 0.00033 0.00706 0.00000 ( 1)
  54 L   0.98923 0.00127 0.00949 0.00002 ( 1)
  55 T   0.35867 0.62933 0.00261 0.00939 ( 2)
  56 P   0.83348 0.03815 0.12695 0.00142 ( 1)
  57 S   0.91222 0.07861 0.00797 0.00119 ( 1)
  58 T   0.00012 0.88982 0.00009 0.10997 ( 2)
  59 S   0.29738 0.68082 0.00587 0.01593 ( 2)
  60 D   0.97737 0.01632 0.00608 0.00023 ( 1)
  61 K   0.99329 0.00006 0.00665 0.00000 ( 1)
  62 R   0.99204 0.00172 0.00621 0.00002 ( 1)
  63 F   0.77983 0.19816 0.01704 0.00498 ( 1)
  64 R   0.46745 0.51352 0.00890 0.01012 ( 2)
  65 V   0.99253 0.00004 0.00743 0.00000 ( 1)
  66 R   0.99307 0.00012 0.00681 0.00000 ( 1)
  67 V   0.81240 0.03585 0.15016 0.00159 ( 1)
  68 R   0.87789 0.09774 0.02168 0.00269 ( 1)
  69 Y   0.98713 0.00073 0.01213 0.00001 ( 1)
  70 A   0.00241 0.97825 0.00003 0.01931 ( 2)
  71 S   0.93431 0.06005 0.00496 0.00068 ( 1)
  72 T   0.00000 0.70472 0.00000 0.29528 ( 2)
  73 T   0.00000 0.98006 0.00000 0.01994 ( 2)
  74 A   0.00000 0.96417 0.00000 0.03583 ( 2)
  75 G   0.99338 0.00037 0.00625 0.00000 ( 1)
  76 R   0.00000 0.88339 0.00000 0.11661 ( 2)
  77 M   0.00209 0.94803 0.00053 0.04935 ( 2)
  78 R   0.00074 0.98106 0.00001 0.01818 ( 2)
  79 I   0.98350 0.00748 0.00891 0.00012 ( 1)
  80 T   0.70598 0.28559 0.00477 0.00366 ( 1)
  81 K   0.98665 0.00629 0.00698 0.00008 ( 1)
  82 Y   0.57176 0.38341 0.02687 0.01797 ( 1)
  83 W   0.93743 0.04383 0.01776 0.00098 ( 1)
  84 S   0.24443 0.72950 0.00598 0.02009 ( 2)
  85 P   0.83234 0.15332 0.01150 0.00285 ( 1)
  86 G   0.98874 0.00561 0.00559 0.00007 ( 1)
  87 Y   0.23140 0.75717 0.00165 0.00977 ( 2)
  88 V   0.00001 0.97892 0.00000 0.02107 ( 2)
  89 Q   0.00000 0.90457 0.00000 0.09543 ( 2)
  90 -   0.57176 0.38341 0.02687 0.01797 ( 1)
  91 H   0.80090 0.19111 0.00517 0.00282 ( 1)
  92 Y   0.00000 0.89513 0.00000 0.10486 ( 2)
  93 D   0.00014 0.97511 0.00000 0.02475 ( 2)
  94 F   0.99404 0.00015 0.00581 0.00000 ( 1)
  95 N   0.00000 0.96943 0.00000 0.03057 ( 2)
  96 F   0.00000 0.98239 0.00000 0.01761 ( 2)
  97 D   0.00004 0.97589 0.00000 0.02406 ( 2)
  98 A   0.00000 0.97867 0.00000 0.02133 ( 2)
  99 Q   0.11097 0.87064 0.00149 0.01690 ( 2)
 100 Y   0.03572 0.95247 0.00022 0.01159 ( 2)
 101 Y   0.00000 0.97150 0.00000 0.02850 ( 2)
 102 D   0.57176 0.38341 0.02687 0.01797 ( 1)
 103 S   0.57176 0.38341 0.02687 0.01797 ( 1)
 104 N   0.06728 0.88789 0.00316 0.04168 ( 2)
 105 L   0.07094 0.88423 0.00333 0.04150 ( 2)
 106 T   0.51075 0.44441 0.02400 0.02083 ( 1)
 107 F   0.00145 0.96178 0.00024 0.03654 ( 2)
 108 R   0.00044 0.96121 0.00005 0.03830 ( 2)
 109 S   0.00222 0.98174 0.00003 0.01601 ( 2)
 110 F   0.98238 0.01175 0.00574 0.00014 ( 1)
 111 H   0.00003 0.95478 0.00000 0.04518 ( 2)
 112 Y   0.99327 0.00010 0.00663 0.00000 ( 1)
 113 L   0.00239 0.97459 0.00005 0.02297 ( 2)
 114 D   0.31710 0.66828 0.00381 0.01081 ( 2)
 115 T   0.97267 0.00776 0.01938 0.00018 ( 1)
 116 M   0.94366 0.04658 0.00908 0.00067 ( 1)
 117 V   0.99015 0.00180 0.00802 0.00003 ( 1)
 118 T   0.98773 0.00469 0.00751 0.00007 ( 1)
 119 R   0.97924 0.01201 0.00857 0.00018 ( 1)
 120 L   0.99263 0.00155 0.00580 0.00002 ( 1)
 121 D   0.97631 0.01761 0.00584 0.00024 ( 1)
 122 D   0.30782 0.68063 0.00262 0.00893 ( 2)
 123 P   0.10207 0.88153 0.00122 0.01518 ( 2)
 124 G   0.98245 0.01123 0.00618 0.00014 ( 1)
 125 V   0.99254 0.00003 0.00743 0.00000 ( 1)
 126 E   0.99287 0.00041 0.00671 0.00001 ( 1)
 127 I   0.99116 0.00079 0.00803 0.00001 ( 1)
 128 I   0.99282 0.00002 0.00716 0.00000 ( 1)
 129 V   0.99141 0.00054 0.00804 0.00001 ( 1)
 130 Q   0.86778 0.12341 0.00723 0.00158 ( 1)
 131 N   0.99395 0.00001 0.00604 0.00000 ( 1)
 132 I   0.14578 0.84000 0.00153 0.01270 ( 2)
 133 G   0.00129 0.91889 0.00013 0.07968 ( 2)
 134 G   0.00043 0.97048 0.00001 0.02909 ( 2)
 135 S   0.00000 0.89015 0.00000 0.10985 ( 2)
 136 I   0.00006 0.95592 0.00001 0.04402 ( 2)
 137 L   0.82496 0.16641 0.00582 0.00281 ( 1)
 138 Y   0.00012 0.98129 0.00000 0.01858 ( 2)
 139 I   0.76987 0.19636 0.02884 0.00493 ( 1)
 140 D   0.98246 0.00569 0.01176 0.00009 ( 1)
 141 K   0.99331 0.00004 0.00664 0.00000 ( 1)
 142 I   0.83222 0.15481 0.01002 0.00296 ( 1)
 143 E   0.99286 0.00042 0.00672 0.00001 ( 1)
 144 I   0.98270 0.01143 0.00574 0.00013 ( 1)
 145 I   0.82774 0.15456 0.01439 0.00331 ( 1)
 146 -   0.75744 0.19773 0.03558 0.00926 ( 1)

