Supplemental results for CODEML (seqf: algn  treef: tree)


dN/dS (w) for site classes (K=4)

site class             0        1       2a       2b
proportion       0.77496  0.21080  0.01120  0.00305
background w     0.09726  1.00000  0.09726  1.00000
foreground w     0.09726  1.00000  7.50514  7.50514

Naive Empirical Bayes (NEB) probabilities for 4 classes
(amino acids refer to 1st sequence: BT_Cry8Ab1)

   1 P   0.89094 0.09482 0.01287 0.00137 ( 1)
   2 F   0.96867 0.02792 0.00329 0.00012 ( 1)
   3 A   0.90731 0.08845 0.00379 0.00045 ( 1)
   4 S   0.00406 0.99041 0.00002 0.00551 ( 2)
   5 Q   0.00009 0.99123 0.00000 0.00868 ( 2)
   6 I   0.99533 0.00173 0.00293 0.00001 ( 1)
   7 V   0.92706 0.06872 0.00387 0.00035 ( 1)
   8 S   0.01792 0.97755 0.00007 0.00447 ( 2)
   9 F   0.99380 0.00282 0.00337 0.00001 ( 1)
  10 Y   0.82822 0.16709 0.00379 0.00090 ( 1)
  11 N   0.95964 0.03722 0.00300 0.00015 ( 1)
  12 F   0.99269 0.00392 0.00337 0.00002 ( 1)
  13 I   0.94112 0.05520 0.00343 0.00025 ( 1)
  14 L   0.75665 0.23389 0.00714 0.00233 ( 1)
  15 D   0.95817 0.03867 0.00300 0.00015 ( 1)
  16 Q   0.97522 0.01670 0.00794 0.00015 ( 1)
  17 L   0.97883 0.01538 0.00569 0.00010 ( 1)
  18 W   0.93361 0.05751 0.00833 0.00055 ( 1)
  19 P   0.99025 0.00559 0.00413 0.00003 ( 1)
  20 S   0.98440 0.01048 0.00505 0.00006 ( 1)
  21 N   0.48596 0.51053 0.00152 0.00200 ( 2)
  22 S   0.06548 0.92943 0.00029 0.00481 ( 2)
  23 V   0.86276 0.13026 0.00598 0.00100 ( 1)
  24 S   0.08572 0.90979 0.00033 0.00416 ( 2)
  25 V   0.08609 0.90937 0.00032 0.00422 ( 2)
  26 W   0.93361 0.05751 0.00833 0.00055 ( 1)
  27 E   0.99312 0.00332 0.00354 0.00001 ( 1)
  28 Q   0.22035 0.77110 0.00179 0.00675 ( 2)
  29 I   0.99273 0.00363 0.00362 0.00002 ( 1)
  30 M   0.68080 0.17113 0.14366 0.00441 ( 1)
  31 T   0.36515 0.62720 0.00266 0.00499 ( 2)
  32 L   0.86799 0.12614 0.00504 0.00083 ( 1)
  33 V   0.97069 0.02242 0.00673 0.00017 ( 1)
  34 E   0.99312 0.00332 0.00354 0.00001 ( 1)
  35 E   0.37997 0.61591 0.00136 0.00276 ( 2)
  36 L   0.98067 0.01513 0.00412 0.00008 ( 1)
  37 V   0.70684 0.28920 0.00262 0.00134 ( 1)
  38 D   0.99466 0.00222 0.00312 0.00001 ( 1)
  39 Q   0.98396 0.01091 0.00506 0.00006 ( 1)
  40 K   0.99343 0.00311 0.00345 0.00001 ( 1)
  41 I   0.99533 0.00173 0.00293 0.00001 ( 1)
  42 T   0.99332 0.00322 0.00345 0.00001 ( 1)
  43 E   0.78033 0.21592 0.00278 0.00097 ( 1)
  44 Y   0.86624 0.12910 0.00396 0.00070 ( 1)
  45 A   0.96646 0.03018 0.00323 0.00013 ( 1)
  46 R   0.98595 0.01007 0.00394 0.00005 ( 1)
  47 N   0.97209 0.02478 0.00304 0.00010 ( 1)
  48 K   0.95057 0.04319 0.00592 0.00032 ( 1)
  49 A   0.98308 0.01357 0.00328 0.00006 ( 1)
  50 L   0.87401 0.11659 0.00824 0.00116 ( 1)
  51 A   0.39037 0.60528 0.00151 0.00284 ( 2)
  52 E   0.95845 0.03796 0.00342 0.00017 ( 1)
  53 L   0.80940 0.18512 0.00434 0.00115 ( 1)
  54 K   0.08393 0.91185 0.00029 0.00393 ( 2)
  55 G   0.98419 0.01054 0.00521 0.00006 ( 1)
  56 L   0.97461 0.01558 0.00964 0.00017 ( 1)
  57 G   0.99259 0.00378 0.00362 0.00002 ( 1)
  58 D   0.78423 0.21247 0.00246 0.00084 ( 1)
  59 A   0.91640 0.07967 0.00355 0.00037 ( 1)
  60 L   0.34636 0.64591 0.00255 0.00518 ( 2)
  61 G   0.00106 0.79713 0.02094 0.18087 ( 2)
  62 V   0.99222 0.00409 0.00367 0.00002 ( 1)
  63 Y   0.98794 0.00749 0.00452 0.00004 ( 1)
  64 Q   0.94827 0.04363 0.00772 0.00038 ( 1)
  65 Q   0.14202 0.85222 0.00073 0.00504 ( 2)
  66 S   0.98440 0.01048 0.00505 0.00006 ( 1)
  67 L   0.98986 0.00595 0.00416 0.00003 ( 1)
  68 E   0.60895 0.38715 0.00217 0.00173 ( 1)
  69 A   0.01451 0.98083 0.00006 0.00460 ( 2)
  70 W   0.93361 0.05751 0.00833 0.00055 ( 1)
  71 L   0.13822 0.85391 0.00102 0.00685 ( 2)
  72 E   0.95825 0.03816 0.00342 0.00017 ( 1)
  73 N   0.99462 0.00227 0.00311 0.00001 ( 1)
  74 R   0.54891 0.44052 0.00576 0.00481 ( 1)
  75 N   0.91802 0.07880 0.00287 0.00031 ( 1)
  76 D   0.97953 0.01442 0.00595 0.00010 ( 1)
  77 T   0.62186 0.37440 0.00216 0.00159 ( 1)
  78 R   0.99102 0.00500 0.00396 0.00002 ( 1)
  79 A   0.67647 0.31941 0.00262 0.00150 ( 1)
  80 R   0.99102 0.00500 0.00396 0.00002 ( 1)
  81 S   0.94928 0.04687 0.00364 0.00021 ( 1)
  82 V   0.99043 0.00541 0.00413 0.00003 ( 1)
  83 V   0.94502 0.05078 0.00394 0.00026 ( 1)
  84 S   0.00050 0.99436 0.00000 0.00514 ( 2)
  85 N   0.00825 0.98786 0.00003 0.00386 ( 2)
  86 Q   0.98396 0.01091 0.00506 0.00006 ( 1)
  87 F   0.95779 0.03880 0.00325 0.00016 ( 1)
  88 I   0.04470 0.15583 0.76795 0.03152 ( 3)
  89 A   0.98529 0.01084 0.00382 0.00005 ( 1)
  90 L   0.97712 0.01753 0.00523 0.00011 ( 1)
  91 E   0.59553 0.40101 0.00187 0.00159 ( 1)
  92 L   0.96851 0.02728 0.00407 0.00014 ( 1)
  93 D   0.99466 0.00222 0.00312 0.00001 ( 1)
  94 F   0.99380 0.00282 0.00337 0.00001 ( 1)
  95 V   0.98999 0.00585 0.00413 0.00003 ( 1)
  96 G   0.00042 0.99352 0.00000 0.00606 ( 2)
  97 A   0.01483 0.98103 0.00005 0.00409 ( 2)
  98 I   0.94661 0.04972 0.00345 0.00022 ( 1)
  99 P   0.99025 0.00559 0.00413 0.00003 ( 1)
 100 S   0.95337 0.03713 0.00912 0.00037 ( 1)
 101 F   0.99380 0.00282 0.00337 0.00001 ( 1)
 102 A   0.99388 0.00279 0.00332 0.00001 ( 1)
 103 V   0.70229 0.29375 0.00260 0.00136 ( 1)
 104 S   0.95897 0.03153 0.00918 0.00032 ( 1)
 105 G   0.08847 0.90384 0.00063 0.00706 ( 2)
 106 Q   0.95101 0.04089 0.00774 0.00036 ( 1)
 107 E   0.99267 0.00377 0.00354 0.00002 ( 1)
 108 V   0.99222 0.00409 0.00367 0.00002 ( 1)
 109 P   0.99025 0.00559 0.00413 0.00003 ( 1)
 110 L   0.98149 0.01317 0.00526 0.00008 ( 1)
 111 L   0.98149 0.01317 0.00526 0.00008 ( 1)
 112 A   0.63836 0.35802 0.00213 0.00149 ( 1)
 113 V   0.98347 0.01283 0.00364 0.00006 ( 1)
 114 Y   0.98748 0.00796 0.00452 0.00004 ( 1)
 115 A   0.99388 0.00279 0.00332 0.00001 ( 1)
 116 Q   0.79923 0.19257 0.00651 0.00169 ( 1)
 117 A   0.99051 0.00563 0.00384 0.00003 ( 1)
 118 V   0.88247 0.11057 0.00611 0.00085 ( 1)
 119 N   0.97419 0.01914 0.00653 0.00014 ( 1)
 120 M   0.02891 0.96708 0.00010 0.00391 ( 2)
 121 H   0.98487 0.00749 0.00758 0.00006 ( 1)
 122 L   0.97933 0.01532 0.00525 0.00009 ( 1)
 123 L   0.95671 0.03597 0.00703 0.00029 ( 1)
 124 L   0.98149 0.01317 0.00526 0.00008 ( 1)
 125 L   0.97883 0.01538 0.00569 0.00010 ( 1)
 126 R   0.98843 0.00759 0.00394 0.00004 ( 1)
 127 D   0.97953 0.01442 0.00595 0.00010 ( 1)
 128 A   0.99169 0.00445 0.00384 0.00002 ( 1)
 129 S   0.98645 0.00918 0.00433 0.00005 ( 1)
 130 I   0.94156 0.05476 0.00343 0.00025 ( 1)
 131 F   0.99380 0.00282 0.00337 0.00001 ( 1)
 132 G   0.99159 0.00477 0.00362 0.00002 ( 1)
 133 E   0.95301 0.04340 0.00340 0.00019 ( 1)
 134 E   0.82492 0.16920 0.00478 0.00111 ( 1)
 135 W   0.93361 0.05751 0.00833 0.00055 ( 1)
 136 G   0.99101 0.00535 0.00362 0.00002 ( 1)
 137 F   0.98184 0.01146 0.00662 0.00009 ( 1)
 138 T   0.11591 0.87995 0.00040 0.00374 ( 2)
 139 S   0.43172 0.56272 0.00222 0.00335 ( 2)
 140 S   0.00003 0.95265 0.00001 0.04731 ( 2)
 141 E   0.99312 0.00332 0.00354 0.00001 ( 1)
 142 I   0.99273 0.00363 0.00362 0.00002 ( 1)
 143 S   0.94936 0.04114 0.00909 0.00041 ( 1)
 144 T   0.01822 0.97695 0.00007 0.00475 ( 2)
 145 Y   0.72370 0.26669 0.00692 0.00269 ( 1)
 146 Y   0.97717 0.01336 0.00934 0.00013 ( 1)
 147 N   0.83195 0.16128 0.00557 0.00119 ( 1)
 148 R   0.98186 0.01277 0.00529 0.00008 ( 1)
 149 Q   0.98161 0.01326 0.00505 0.00008 ( 1)
 150 V   0.91108 0.08340 0.00498 0.00054 ( 1)
 151 Q   0.02281 0.97133 0.00012 0.00574 ( 2)
 152 L   0.81220 0.17836 0.00766 0.00178 ( 1)
 153 T   0.83728 0.15852 0.00342 0.00077 ( 1)
 154 S   0.34217 0.65295 0.00150 0.00338 ( 2)
 155 Q   0.85795 0.13683 0.00442 0.00081 ( 1)
 156 Y   0.98541 0.01002 0.00451 0.00005 ( 1)
 157 S   0.22865 0.60494 0.12977 0.03664 ( 2)
 158 D   0.99466 0.00222 0.00312 0.00001 ( 1)
 159 Y   0.98794 0.00749 0.00452 0.00004 ( 1)
 160 C   0.98016 0.01278 0.00696 0.00010 ( 1)
 161 V   0.98470 0.00985 0.00538 0.00006 ( 1)
 162 K   0.87769 0.11611 0.00540 0.00080 ( 1)
 163 W   0.93361 0.05751 0.00833 0.00055 ( 1)
 164 Y   0.96415 0.02637 0.00922 0.00027 ( 1)
 165 D   0.13367 0.81411 0.02997 0.02225 ( 2)
 166 T   0.96617 0.02786 0.00578 0.00019 ( 1)
 167 G   0.98961 0.00652 0.00384 0.00003 ( 1)
 168 L   0.98149 0.01317 0.00526 0.00008 ( 1)
 169 Q   0.00368 0.93190 0.00225 0.06217 ( 2)
 170 K   0.57568 0.42052 0.00200 0.00181 ( 1)
 171 L   0.75964 0.23484 0.00407 0.00145 ( 1)
 172 K   0.95305 0.04346 0.00331 0.00019 ( 1)
 173 G   0.45870 0.53702 0.00178 0.00250 ( 2)
 174 T   0.25788 0.73440 0.00188 0.00584 ( 2)
 175 S   0.06962 0.81035 0.05502 0.06502 ( 2)
 176 A   0.90747 0.08860 0.00352 0.00042 ( 1)
 177 E   0.57968 0.41425 0.00336 0.00271 ( 1)
 178 -   0.77496 0.21080 0.01120 0.00305 ( 1)
 179 -   0.77496 0.21080 0.01120 0.00305 ( 1)
 180 -   0.77496 0.21080 0.01120 0.00305 ( 1)
 181 -   0.77496 0.21080 0.01120 0.00305 ( 1)
 182 -   0.77496 0.21080 0.01120 0.00305 ( 1)
 183 -   0.77496 0.21080 0.01120 0.00305 ( 1)
 184 -   0.77496 0.21080 0.01120 0.00305 ( 1)
 185 -   0.77496 0.21080 0.01120 0.00305 ( 1)
 186 S   0.17670 0.75143 0.04786 0.02402 ( 2)
 187 W   0.93361 0.05751 0.00833 0.00055 ( 1)
 188 L   0.93535 0.05365 0.01037 0.00063 ( 1)
 189 E   0.30756 0.68616 0.00178 0.00450 ( 2)
 190 Y   0.98794 0.00749 0.00452 0.00004 ( 1)
 191 H   0.99136 0.00504 0.00358 0.00002 ( 1)
 192 Q   0.98396 0.01091 0.00506 0.00006 ( 1)
 193 F   0.97504 0.01825 0.00657 0.00014 ( 1)
 194 R   0.96267 0.02694 0.01010 0.00029 ( 1)
 195 R   0.99102 0.00500 0.00396 0.00002 ( 1)
 196 E   0.98805 0.00619 0.00572 0.00004 ( 1)
 197 M   0.99404 0.00266 0.00330 0.00001 ( 1)
 198 T   0.99207 0.00386 0.00405 0.00002 ( 1)
 199 F   0.26014 0.54066 0.16363 0.03556 ( 2)
 200 M   0.95473 0.04193 0.00317 0.00017 ( 1)
 201 V   0.99222 0.00409 0.00367 0.00002 ( 1)
 202 L   0.97965 0.01501 0.00525 0.00009 ( 1)
 203 D   0.99466 0.00222 0.00312 0.00001 ( 1)
 204 L   0.55661 0.43581 0.00409 0.00350 ( 1)
 205 V   0.88307 0.11267 0.00369 0.00057 ( 1)
 206 A   0.98762 0.00904 0.00330 0.00004 ( 1)
 207 L   0.98044 0.01422 0.00525 0.00009 ( 1)
 208 F   0.99261 0.00400 0.00337 0.00002 ( 1)
 209 P   0.99025 0.00559 0.00413 0.00003 ( 1)
 210 N   0.19412 0.79868 0.00130 0.00590 ( 2)


lnL = -2255.331582

Bayes Empirical Bayes (BEB) probabilities for 4 classes (class)
(amino acids refer to 1st sequence: BT_Cry8Ab1)

   1 P   0.87438 0.07746 0.04414 0.00401 ( 1)
   2 F   0.95304 0.02413 0.02211 0.00072 ( 1)
   3 A   0.90238 0.07256 0.02276 0.00229 ( 1)
   4 S   0.02299 0.94582 0.00061 0.03057 ( 2)
   5 Q   0.00096 0.96115 0.00003 0.03786 ( 2)
   6 I   0.97745 0.00170 0.02081 0.00005 ( 1)
   7 V   0.91803 0.05699 0.02317 0.00180 ( 1)
   8 S   0.07796 0.89333 0.00187 0.02684 ( 2)
   9 F   0.97462 0.00266 0.02264 0.00008 ( 1)
  10 Y   0.84037 0.13270 0.02258 0.00435 ( 1)
  11 N   0.94650 0.03135 0.02124 0.00091 ( 1)
  12 F   0.97362 0.00366 0.02262 0.00011 ( 1)
  13 I   0.93025 0.04602 0.02232 0.00140 ( 1)
  14 L   0.77908 0.18228 0.03083 0.00780 ( 1)
  15 D   0.94562 0.03260 0.02083 0.00094 ( 1)
  16 Q   0.95000 0.01447 0.03494 0.00059 ( 1)
  17 L   0.95659 0.01351 0.02941 0.00049 ( 1)
  18 W   0.91494 0.04774 0.03530 0.00202 ( 1)
  19 P   0.96937 0.00506 0.02541 0.00016 ( 1)
  20 S   0.96279 0.00931 0.02758 0.00032 ( 1)
  21 N   0.61645 0.35962 0.01362 0.01030 ( 1)
  22 S   0.19346 0.77708 0.00495 0.02451 ( 2)
  23 V   0.86241 0.10473 0.02888 0.00398 ( 1)
  24 S   0.23595 0.73600 0.00574 0.02232 ( 2)
  25 V   0.23325 0.73971 0.00526 0.02178 ( 2)
  26 W   0.91494 0.04774 0.03530 0.00202 ( 1)
  27 E   0.97415 0.00316 0.02260 0.00010 ( 1)
  28 Q   0.38253 0.58048 0.01376 0.02322 ( 2)
  29 I   0.97311 0.00340 0.02339 0.00010 ( 1)
  30 M   0.58694 0.10715 0.29733 0.00858 ( 1)
  31 T   0.51584 0.44928 0.01760 0.01727 ( 1)
  32 L   0.86841 0.10135 0.02662 0.00362 ( 1)
  33 V   0.94810 0.01933 0.03183 0.00074 ( 1)
  34 E   0.97415 0.00316 0.02260 0.00010 ( 1)
  35 E   0.53768 0.43719 0.01222 0.01291 ( 1)
  36 L   0.96111 0.01329 0.02517 0.00043 ( 1)
  37 V   0.75793 0.21785 0.01767 0.00654 ( 1)
  38 D   0.97626 0.00214 0.02154 0.00006 ( 1)
  39 Q   0.96213 0.00963 0.02791 0.00033 ( 1)
  40 K   0.97421 0.00293 0.02276 0.00009 ( 1)
  41 I   0.97745 0.00170 0.02081 0.00005 ( 1)
  42 T   0.97370 0.00300 0.02320 0.00009 ( 1)
  43 E   0.80555 0.17078 0.01858 0.00508 ( 1)
  44 Y   0.86918 0.10402 0.02339 0.00341 ( 1)
  45 A   0.95174 0.02567 0.02182 0.00076 ( 1)
  46 R   0.96593 0.00894 0.02485 0.00028 ( 1)
  47 N   0.95675 0.02115 0.02148 0.00061 ( 1)
  48 K   0.93418 0.03626 0.02824 0.00132 ( 1)
  49 A   0.96553 0.01196 0.02215 0.00036 ( 1)
  50 L   0.86785 0.09369 0.03444 0.00401 ( 1)
  51 A   0.54246 0.43110 0.01323 0.01321 ( 1)
  52 E   0.94496 0.03218 0.02190 0.00097 ( 1)
  53 L   0.82491 0.14607 0.02397 0.00505 ( 1)
  54 K   0.23419 0.73912 0.00524 0.02145 ( 2)
  55 G   0.96230 0.00934 0.02804 0.00033 ( 1)
  56 L   0.94976 0.01361 0.03603 0.00060 ( 1)
  57 G   0.97267 0.00350 0.02373 0.00011 ( 1)
  58 D   0.80904 0.16839 0.01774 0.00482 ( 1)
  59 A   0.90966 0.06572 0.02258 0.00204 ( 1)
  60 L   0.50337 0.46161 0.01723 0.01780 ( 1)
  61 G   0.00690 0.63478 0.10410 0.25422 ( 2)
  62 V   0.97315 0.00387 0.02286 0.00012 ( 1)
  63 Y   0.96690 0.00676 0.02611 0.00022 ( 1)
  64 Q   0.92786 0.03655 0.03410 0.00149 ( 1)
  65 Q   0.29698 0.67213 0.00833 0.02256 ( 2)
  66 S   0.96279 0.00931 0.02758 0.00032 ( 1)
  67 L   0.96904 0.00540 0.02539 0.00017 ( 1)
  68 E   0.69625 0.27947 0.01598 0.00829 ( 1)
  69 A   0.07183 0.89958 0.00169 0.02690 ( 2)
  70 W   0.91494 0.04774 0.03530 0.00202 ( 1)
  71 L   0.27655 0.68779 0.00934 0.02633 ( 2)
  72 E   0.94476 0.03238 0.02189 0.00097 ( 1)
  73 N   0.97584 0.00216 0.02193 0.00006 ( 1)
  74 R   0.62692 0.33208 0.02619 0.01481 ( 1)
  75 N   0.91280 0.06486 0.02046 0.00188 ( 1)
  76 D   0.95665 0.01260 0.03029 0.00046 ( 1)
  77 T   0.70476 0.27058 0.01661 0.00806 ( 1)
  78 R   0.97034 0.00455 0.02496 0.00014 ( 1)
  79 A   0.73821 0.23630 0.01822 0.00727 ( 1)
  80 R   0.97034 0.00455 0.02496 0.00014 ( 1)
  81 S   0.93590 0.03917 0.02371 0.00122 ( 1)
  82 V   0.97029 0.00501 0.02454 0.00016 ( 1)
  83 V   0.93260 0.04250 0.02355 0.00135 ( 1)
  84 S   0.00443 0.96535 0.00011 0.03011 ( 2)
  85 N   0.04405 0.92920 0.00093 0.02582 ( 2)
  86 Q   0.96213 0.00963 0.02791 0.00033 ( 1)
  87 F   0.94434 0.03278 0.02191 0.00097 ( 1)
  88 I   0.06282 0.09432 0.81503 0.02783 ( 3)
  89 A   0.96598 0.00968 0.02404 0.00030 ( 1)
  90 L   0.95623 0.01532 0.02791 0.00053 ( 1)
  91 E   0.68771 0.28905 0.01499 0.00825 ( 1)
  92 L   0.95058 0.02377 0.02488 0.00077 ( 1)
  93 D   0.97626 0.00214 0.02154 0.00006 ( 1)
  94 F   0.97462 0.00266 0.02264 0.00008 ( 1)
  95 V   0.96989 0.00541 0.02453 0.00017 ( 1)
  96 G   0.00394 0.96385 0.00011 0.03210 ( 2)
  97 A   0.07334 0.89955 0.00159 0.02552 ( 2)
  98 I   0.93469 0.04161 0.02243 0.00127 ( 1)
  99 P   0.96937 0.00506 0.02541 0.00016 ( 1)
 100 S   0.93005 0.03134 0.03725 0.00136 ( 1)
 101 F   0.97462 0.00266 0.02264 0.00008 ( 1)
 102 A   0.97490 0.00264 0.02238 0.00008 ( 1)
 103 V   0.75363 0.22213 0.01757 0.00667 ( 1)
 104 S   0.93466 0.02674 0.03744 0.00116 ( 1)
 105 G   0.19110 0.77341 0.00632 0.02916 ( 2)
 106 Q   0.93009 0.03433 0.03418 0.00140 ( 1)
 107 E   0.97374 0.00357 0.02259 0.00011 ( 1)
 108 V   0.97315 0.00387 0.02286 0.00012 ( 1)
 109 P   0.96937 0.00506 0.02541 0.00016 ( 1)
 110 L   0.95993 0.01164 0.02802 0.00041 ( 1)
 111 L   0.95993 0.01164 0.02802 0.00041 ( 1)
 112 A   0.71382 0.26229 0.01621 0.00767 ( 1)
 113 V   0.96560 0.01137 0.02267 0.00035 ( 1)
 114 Y   0.96649 0.00717 0.02610 0.00024 ( 1)
 115 A   0.97490 0.00264 0.02238 0.00008 ( 1)
 116 Q   0.81338 0.15073 0.02980 0.00609 ( 1)
 117 A   0.97055 0.00514 0.02415 0.00016 ( 1)
 118 V   0.87750 0.08969 0.02940 0.00341 ( 1)
 119 N   0.95120 0.01652 0.03165 0.00063 ( 1)
 120 M   0.10348 0.86929 0.00232 0.02491 ( 2)
 121 H   0.95875 0.00671 0.03428 0.00027 ( 1)
 122 L   0.95809 0.01347 0.02797 0.00047 ( 1)
 123 L   0.93553 0.03073 0.03253 0.00121 ( 1)
 124 L   0.95993 0.01164 0.02802 0.00041 ( 1)
 125 L   0.95659 0.01351 0.02941 0.00049 ( 1)
 126 R   0.96805 0.00683 0.02490 0.00022 ( 1)
 127 D   0.95665 0.01260 0.03029 0.00046 ( 1)
 128 A   0.97158 0.00410 0.02418 0.00013 ( 1)
 129 S   0.96574 0.00819 0.02581 0.00027 ( 1)
 130 I   0.93060 0.04568 0.02233 0.00139 ( 1)
 131 F   0.97462 0.00266 0.02264 0.00008 ( 1)
 132 G   0.97179 0.00438 0.02370 0.00013 ( 1)
 133 E   0.94050 0.03661 0.02179 0.00110 ( 1)
 134 E   0.83579 0.13389 0.02554 0.00477 ( 1)
 135 W   0.91494 0.04774 0.03530 0.00202 ( 1)
 136 G   0.97128 0.00488 0.02369 0.00015 ( 1)
 137 F   0.95749 0.01017 0.03196 0.00039 ( 1)
 138 T   0.28989 0.68346 0.00664 0.02002 ( 2)
 139 S   0.57401 0.39642 0.01619 0.01339 ( 1)
 140 S   0.00036 0.88675 0.00027 0.11262 ( 2)
 141 E   0.97415 0.00316 0.02260 0.00010 ( 1)
 142 I   0.97311 0.00340 0.02339 0.00010 ( 1)
 143 S   0.92681 0.03458 0.03711 0.00150 ( 1)
 144 T   0.07251 0.89824 0.00178 0.02747 ( 2)
 145 Y   0.75603 0.20504 0.03010 0.00882 ( 1)
 146 Y   0.94975 0.01172 0.03801 0.00051 ( 1)
 147 N   0.83968 0.12768 0.02784 0.00480 ( 1)
 148 R   0.95977 0.01116 0.02868 0.00039 ( 1)
 149 Q   0.96012 0.01163 0.02785 0.00040 ( 1)
 150 V   0.90320 0.06864 0.02579 0.00237 ( 1)
 151 Q   0.08289 0.88543 0.00229 0.02939 ( 2)
 152 L   0.82111 0.14034 0.03254 0.00601 ( 1)
 153 T   0.84769 0.12649 0.02181 0.00401 ( 1)
 154 S   0.50318 0.46867 0.01316 0.01500 ( 1)
 155 Q   0.86175 0.10960 0.02490 0.00375 ( 1)
 156 Y   0.96471 0.00895 0.02605 0.00030 ( 1)
 157 S   0.29779 0.37857 0.27100 0.05264 ( 2)
 158 D   0.97626 0.00214 0.02154 0.00006 ( 1)
 159 Y   0.96690 0.00676 0.02611 0.00022 ( 1)
 160 C   0.95617 0.01118 0.03222 0.00043 ( 1)
 161 V   0.96325 0.00888 0.02755 0.00031 ( 1)
 162 K   0.87515 0.09371 0.02772 0.00342 ( 1)
 163 W   0.91494 0.04774 0.03530 0.00202 ( 1)
 164 Y   0.93889 0.02256 0.03757 0.00098 ( 1)
 165 D   0.27520 0.54980 0.12766 0.04735 ( 2)
 166 T   0.94607 0.02388 0.02919 0.00087 ( 1)
 167 G   0.96939 0.00589 0.02453 0.00019 ( 1)
 168 L   0.95993 0.01164 0.02802 0.00041 ( 1)
 169 Q   0.02019 0.83411 0.01847 0.12723 ( 2)
 170 K   0.67561 0.29992 0.01559 0.00887 ( 1)
 171 L   0.79003 0.18080 0.02292 0.00624 ( 1)
 172 K   0.94043 0.03653 0.02194 0.00109 ( 1)
 173 G   0.60186 0.37169 0.01499 0.01147 ( 1)
 174 T   0.42249 0.54237 0.01434 0.02080 ( 2)
 175 S   0.15913 0.56650 0.17769 0.09668 ( 2)
 176 A   0.90254 0.07280 0.02240 0.00226 ( 1)
 177 E   0.67237 0.29669 0.02044 0.01050 ( 1)
 178 -   0.78244 0.16940 0.03940 0.00876 ( 1)
 179 -   0.78244 0.16940 0.03940 0.00876 ( 1)
 180 -   0.78244 0.16940 0.03940 0.00876 ( 1)
 181 -   0.78244 0.16940 0.03940 0.00876 ( 1)
 182 -   0.78244 0.16940 0.03940 0.00876 ( 1)
 183 -   0.78244 0.16940 0.03940 0.00876 ( 1)
 184 -   0.78244 0.16940 0.03940 0.00876 ( 1)
 185 -   0.78244 0.16940 0.03940 0.00876 ( 1)
 186 S   0.31640 0.47161 0.16753 0.04447 ( 2)
 187 W   0.91494 0.04774 0.03530 0.00202 ( 1)
 188 L   0.91462 0.04484 0.03847 0.00207 ( 1)
 189 E   0.47229 0.49603 0.01420 0.01748 ( 2)
 190 Y   0.96690 0.00676 0.02611 0.00022 ( 1)
 191 H   0.97155 0.00461 0.02370 0.00014 ( 1)
 192 Q   0.96213 0.00963 0.02791 0.00033 ( 1)
 193 F   0.95179 0.01585 0.03176 0.00060 ( 1)
 194 R   0.93663 0.02287 0.03947 0.00103 ( 1)
 195 R   0.97034 0.00455 0.02496 0.00014 ( 1)
 196 E   0.96448 0.00571 0.02961 0.00021 ( 1)
 197 M   0.97441 0.00247 0.02304 0.00007 ( 1)
 198 T   0.97120 0.00357 0.02512 0.00011 ( 1)
 199 F   0.31296 0.33002 0.30885 0.04817 ( 2)
 200 M   0.94151 0.03520 0.02223 0.00105 ( 1)
 201 V   0.97315 0.00387 0.02286 0.00012 ( 1)
 202 L   0.95834 0.01322 0.02798 0.00046 ( 1)
 203 D   0.97626 0.00214 0.02154 0.00006 ( 1)
 204 L   0.63353 0.33183 0.02179 0.01285 ( 1)
 205 V   0.88337 0.09147 0.02227 0.00289 ( 1)
 206 A   0.96939 0.00813 0.02224 0.00024 ( 1)
 207 L   0.95903 0.01254 0.02800 0.00044 ( 1)
 208 F   0.97357 0.00371 0.02261 0.00011 ( 1)
 209 P   0.96937 0.00506 0.02541 0.00016 ( 1)
 210 N   0.36580 0.60007 0.01186 0.02226 ( 2)

