Supplemental results for CODEML (seqf: algn  treef: tree)


dN/dS (w) for site classes (K=4)

site class             0        1       2a       2b
proportion       0.47236  0.45820  0.03525  0.03419
background w     0.05044  1.00000  0.05044  1.00000
foreground w     0.05044  1.00000 18.62001 18.62001

Naive Empirical Bayes (NEB) probabilities for 4 classes
(amino acids refer to 1st sequence: BT_Cry30Aa1)

   1 -   0.75282 0.17774 0.05618 0.01326 ( 1)
   2 -   0.76465 0.16590 0.05706 0.01238 ( 1)
   3 Q   0.00000 0.97047 0.00000 0.02953 ( 2)
   4 T   0.98299 0.01602 0.00096 0.00003 ( 1)
   5 R   0.11851 0.87908 0.00014 0.00227 ( 2)
   6 T   0.98299 0.01602 0.00096 0.00003 ( 1)
   7 E   0.97627 0.02337 0.00034 0.00002 ( 1)
   8 L   0.96980 0.02985 0.00034 0.00002 ( 1)
   9 T   0.98155 0.01754 0.00088 0.00003 ( 1)
  10 R   0.98301 0.01675 0.00023 0.00001 ( 1)
  11 K   0.98585 0.01334 0.00079 0.00002 ( 1)
  12 V   0.08285 0.91661 0.00003 0.00052 ( 2)
  13 Y   0.97581 0.02346 0.00070 0.00003 ( 1)
  14 M   0.95558 0.04429 0.00012 0.00001 ( 1)
  15 P   0.06392 0.91746 0.00950 0.00912 ( 2)
  16 S   0.94973 0.04898 0.00119 0.00010 ( 1)
  17 F   0.83533 0.16275 0.00154 0.00038 ( 1)
  18 Y   0.07956 0.91912 0.00006 0.00127 ( 2)
  19 L   0.42807 0.57016 0.00059 0.00118 ( 2)
  20 Q   0.47832 0.52059 0.00040 0.00070 ( 2)
  21 A   0.00017 0.99824 0.00000 0.00159 ( 2)
  22 L   0.07226 0.92714 0.00003 0.00057 ( 2)
  23 Q   0.00000 0.98972 0.00000 0.01027 ( 2)
  24 Q   0.00000 0.79108 0.00001 0.20890 ( 2)
  25 -   0.00002 0.98024 0.00000 0.01974 ( 2)
  26 R   0.00000 0.99688 0.00000 0.00312 ( 2)
  27 D   0.00461 0.98961 0.00023 0.00555 ( 2)
  28 I   0.00197 0.99539 0.00004 0.00260 ( 2)
  29 E   0.98196 0.01769 0.00034 0.00001 ( 1)
  30 T   0.00000 0.99382 0.00000 0.00617 ( 2)
  31 V   0.00787 0.98591 0.00004 0.00617 ( 2)
  32 E   0.98196 0.01769 0.00034 0.00001 ( 1)
  33 N   0.89027 0.10873 0.00086 0.00014 ( 1)
  34 Q   0.00001 0.98190 0.00000 0.01810 ( 2)
  35 -   0.47236 0.45820 0.03525 0.03419 ( 1)
  36 L   0.78092 0.07481 0.13484 0.00943 ( 1)
  37 T   0.52480 0.20002 0.26495 0.01023 ( 1)
  38 H   0.98547 0.01421 0.00031 0.00001 ( 1)
  39 P   0.09702 0.56338 0.25375 0.08584 ( 2)
  40 P   0.97566 0.02380 0.00052 0.00002 ( 1)
  41 S   0.93886 0.05983 0.00119 0.00013 ( 1)
  42 L   0.93691 0.06211 0.00089 0.00009 ( 1)
  43 F   0.98552 0.01411 0.00036 0.00001 ( 1)
  44 T   0.94276 0.05106 0.00579 0.00039 ( 1)
  45 W   0.66872 0.32093 0.00675 0.00360 ( 1)
  46 L   0.93691 0.06211 0.00089 0.00009 ( 1)
  47 N   0.42042 0.57629 0.00096 0.00232 ( 2)
  48 E   0.00360 0.98831 0.00052 0.00756 ( 2)
  49 L   0.93691 0.06211 0.00089 0.00009 ( 1)
  50 N   0.02603 0.97222 0.00003 0.00172 ( 2)
  51 L   0.60978 0.38958 0.00031 0.00034 ( 1)
  52 Y   0.97581 0.02346 0.00070 0.00003 ( 1)
  53 T   0.98299 0.01602 0.00096 0.00003 ( 1)
  54 I   0.12276 0.87528 0.00011 0.00185 ( 2)
  55 R   0.06576 0.93299 0.00004 0.00121 ( 2)
  56 E   0.98196 0.01769 0.00034 0.00001 ( 1)
  57 R   0.00002 0.94424 0.00068 0.05506 ( 2)
  58 F   0.14671 0.62643 0.17980 0.04706 ( 2)
  59 N   0.77325 0.19904 0.02715 0.00056 ( 1)
  60 P   0.00006 0.01771 0.93541 0.04682 ( 3)
  61 V   0.07252 0.90230 0.01310 0.01208 ( 2)
  62 L   0.92704 0.07197 0.00088 0.00011 ( 1)
  63 Q   0.00025 0.80456 0.00112 0.19407 ( 2)
  64 V   0.97039 0.02927 0.00031 0.00002 ( 1)
  65 A   0.05269 0.94235 0.00157 0.00339 ( 2)
  66 S   0.94085 0.05785 0.00118 0.00012 ( 1)
  67 L   0.72768 0.26776 0.00318 0.00138 ( 1)
  68 S   0.48070 0.51784 0.00046 0.00099 ( 2)
  69 G   0.94302 0.05677 0.00019 0.00002 ( 1)
  70 L   0.96340 0.03624 0.00033 0.00002 ( 1)
  71 Q   0.00136 0.66743 0.12415 0.20705 ( 2)
  72 A   0.97251 0.02711 0.00036 0.00002 ( 1)
  73 T   0.00001 0.98949 0.00000 0.01050 ( 2)
  74 S   0.00016 0.98276 0.00003 0.01705 ( 2)
  75 R   0.53930 0.45979 0.00030 0.00060 ( 1)
  76 Y   0.56189 0.40841 0.02807 0.00163 ( 1)
  77 T   0.75063 0.24273 0.00480 0.00185 ( 1)
  78 -   0.05089 0.78608 0.08182 0.08121 ( 2)
  79 Q   0.94302 0.05636 0.00057 0.00006 ( 1)
  80 N   0.00527 0.05665 0.91284 0.02524 ( 3)
  81 T   0.00000 0.98479 0.00000 0.01520 ( 2)
  82 T   0.00346 0.99179 0.00017 0.00458 ( 2)
  83 T   0.00001 0.96300 0.00000 0.03699 ( 2)
  84 I   0.00015 0.96867 0.00007 0.03111 ( 2)
  85 S   0.00000 0.23977 0.00000 0.76022 ( 4)
  86 N   0.00455 0.94114 0.00487 0.04944 ( 2)
  87 -   0.47236 0.45820 0.03525 0.03419 ( 1)
  88 P   0.85843 0.14086 0.00054 0.00016 ( 1)
  89 V   0.00000 0.18362 0.01452 0.80186 ( 4)
  90 Q   0.95149 0.04789 0.00057 0.00005 ( 1)
  91 G   0.92767 0.07203 0.00027 0.00003 ( 1)
  92 P   0.47236 0.45820 0.03525 0.03419 ( 1)
  93 V   0.00077 0.88918 0.00150 0.10855 ( 2)
  94 R   0.00000 0.25118 0.00339 0.74543 ( 4)
  95 E   0.00000 0.97079 0.00000 0.02921 ( 2)
  96 G   0.02600 0.97322 0.00001 0.00077 ( 2)
  97 T   0.00000 0.00493 0.53549 0.45957 ( 3)
  98 P   0.07222 0.92639 0.00005 0.00134 ( 2)
  99 T   0.00237 0.76363 0.12228 0.11172 ( 2)
 100 K   0.00000 0.90158 0.00018 0.09823 ( 2)
 101 -   0.12423 0.80632 0.00927 0.06017 ( 2)
 102 I   0.98728 0.01205 0.00065 0.00002 ( 1)
 103 S   0.00253 0.99421 0.00014 0.00311 ( 2)
 104 L   0.54076 0.45816 0.00041 0.00067 ( 1)
 105 A   0.11102 0.88812 0.00003 0.00084 ( 2)
 106 N   0.00013 0.01646 0.86968 0.11373 ( 3)
 107 Y   0.00025 0.93030 0.00002 0.06942 ( 2)
 108 Y   0.73884 0.26069 0.00027 0.00020 ( 1)
 109 I   0.08197 0.91679 0.00007 0.00117 ( 2)
 110 Y   0.97581 0.02346 0.00070 0.00003 ( 1)
 111 K   0.77080 0.22777 0.00091 0.00053 ( 1)
 112 L   0.93578 0.06323 0.00089 0.00009 ( 1)
 113 F   0.52593 0.47331 0.00020 0.00056 ( 1)
 114 M   0.03700 0.96264 0.00001 0.00036 ( 2)
 115 S   0.47303 0.52465 0.00081 0.00150 ( 2)
 116 Q   0.95149 0.04789 0.00057 0.00005 ( 1)
 117 Y   0.57965 0.33660 0.07978 0.00396 ( 1)
 118 R   0.00006 0.81478 0.00500 0.18016 ( 2)
 119 H   0.00009 0.62270 0.02316 0.35405 ( 2)
 120 P   0.96805 0.03140 0.00052 0.00003 ( 1)
 121 N   0.98416 0.01305 0.00273 0.00006 ( 1)
 122 D   0.00000 0.98586 0.00003 0.01412 ( 2)
 123 C   0.96146 0.03828 0.00023 0.00002 ( 1)
 124 L   0.00000 0.99851 0.00000 0.00149 ( 2)
 125 P   0.00279 0.96724 0.00094 0.02902 ( 2)
 126 I   0.98728 0.01205 0.00065 0.00002 ( 1)
 127 S   0.00219 0.93797 0.01776 0.04209 ( 2)
 128 G   0.94204 0.05769 0.00025 0.00002 ( 1)
 129 I   0.54868 0.44980 0.00050 0.00102 ( 1)
 130 N   0.00091 0.99648 0.00000 0.00261 ( 2)
 131 E   0.00370 0.97251 0.00064 0.02315 ( 2)
 132 M   0.55105 0.44876 0.00009 0.00011 ( 1)
 133 S   0.00759 0.94632 0.00506 0.04103 ( 2)
 134 F   0.98107 0.01855 0.00036 0.00001 ( 1)
 135 Y   0.97581 0.02346 0.00070 0.00003 ( 1)
 136 R   0.11676 0.87976 0.00021 0.00327 ( 2)
 137 S   0.98778 0.01205 0.00017 0.00000 ( 1)
 138 D   0.87722 0.12136 0.00120 0.00021 ( 1)
 139 Y   0.97581 0.02346 0.00070 0.00003 ( 1)
 140 Y   0.07535 0.89172 0.01435 0.01858 ( 2)
 141 G   0.94592 0.05388 0.00019 0.00002 ( 1)
 142 A   0.47236 0.45820 0.03525 0.03419 ( 1)
 143 G   0.00007 0.90939 0.00093 0.08961 ( 2)
 144 G   0.00000 0.21832 0.00031 0.78137 ( 4)
 145 P   0.00063 0.99555 0.00000 0.00382 ( 2)
 146 A   0.00384 0.99315 0.00001 0.00300 ( 2)
 147 P   0.09147 0.90433 0.00018 0.00402 ( 2)
 148 V   0.00313 0.99326 0.00001 0.00360 ( 2)
 149 H   0.00001 0.98823 0.00000 0.01177 ( 2)
 150 Y   0.97581 0.02346 0.00070 0.00003 ( 1)
 151 S   0.00001 0.99444 0.00000 0.00555 ( 2)
 152 A   0.54786 0.44761 0.00206 0.00247 ( 1)
 153 G   0.00291 0.98507 0.00044 0.01158 ( 2)
 154 E   0.00015 0.95848 0.00009 0.04128 ( 2)
 155 S   0.00000 0.74808 0.00001 0.25191 ( 2)
 156 P   0.00000 0.01755 0.00134 0.98111 ( 4)
 157 T   0.00000 0.01969 0.02724 0.95307 ( 4)
 158 N   0.10604 0.88918 0.00032 0.00446 ( 2)
 159 V   0.00002 0.61220 0.00341 0.38437 ( 2)
 160 -   0.47236 0.45820 0.03525 0.03419 ( 1)
 161 I   0.98728 0.01205 0.00065 0.00002 ( 1)
 162 K   0.00110 0.98973 0.00001 0.00915 ( 2)
 163 T   0.59360 0.40234 0.00204 0.00202 ( 1)
 164 Y   0.61805 0.38067 0.00046 0.00082 ( 1)
 165 M   0.95558 0.04429 0.00012 0.00001 ( 1)
 166 N   0.99103 0.00831 0.00064 0.00001 ( 1)
 167 G   0.87720 0.12252 0.00023 0.00005 ( 1)
 168 P   0.97566 0.02380 0.00052 0.00002 ( 1)
 169 Q   0.95149 0.04789 0.00057 0.00005 ( 1)
 170 N   0.19850 0.80010 0.00013 0.00127 ( 2)
 171 A   0.97836 0.02124 0.00039 0.00002 ( 1)
 172 L   0.04070 0.93142 0.00984 0.01804 ( 2)
 173 I   0.00026 0.99128 0.00005 0.00841 ( 2)
 174 S   0.94973 0.04898 0.00119 0.00010 ( 1)
 175 N   0.99103 0.00831 0.00064 0.00001 ( 1)
 176 D   0.84752 0.15168 0.00055 0.00025 ( 1)
 177 I   0.98416 0.01520 0.00062 0.00002 ( 1)
 178 S   0.83073 0.16245 0.00554 0.00128 ( 1)
 179 I   0.98416 0.01520 0.00062 0.00002 ( 1)
 180 N   0.00495 0.99130 0.00022 0.00353 ( 2)
 181 E   0.00231 0.99001 0.00020 0.00747 ( 2)
 182 T   0.98299 0.01602 0.00096 0.00003 ( 1)
 183 S   0.00012 0.99620 0.00000 0.00369 ( 2)
 184 H   0.98655 0.01312 0.00031 0.00001 ( 1)
 185 I   0.98728 0.01205 0.00065 0.00002 ( 1)
 186 L   0.92125 0.07782 0.00082 0.00010 ( 1)
 187 S   0.97624 0.02308 0.00065 0.00003 ( 1)
 188 D   0.98907 0.01067 0.00025 0.00001 ( 1)
 189 I   0.98416 0.01520 0.00062 0.00002 ( 1)
 190 K   0.98585 0.01334 0.00079 0.00002 ( 1)
 191 M   0.95558 0.04429 0.00012 0.00001 ( 1)
 192 N   0.00000 0.96632 0.00000 0.03368 ( 2)
 193 Y   0.76181 0.23133 0.00506 0.00180 ( 1)
 194 S   0.00352 0.99462 0.00000 0.00185 ( 2)
 195 R   0.01932 0.91584 0.01537 0.04947 ( 2)
 196 T   0.09977 0.89788 0.00013 0.00222 ( 2)
 197 G   0.72435 0.26673 0.00631 0.00261 ( 1)
 198 G   0.90906 0.08425 0.00598 0.00070 ( 1)
 199 V   0.00003 0.80253 0.00034 0.19710 ( 2)
 200 Y   0.75686 0.23628 0.00503 0.00184 ( 1)
 201 P   0.53603 0.46322 0.00028 0.00046 ( 1)
 202 L   0.00000 0.99193 0.00000 0.00807 ( 2)
 203 Y   0.65144 0.34734 0.00066 0.00056 ( 1)
 204 D   0.00000 0.68893 0.00006 0.31102 ( 2)
 205 F   0.76879 0.23076 0.00028 0.00017 ( 1)
 206 G   0.94204 0.05769 0.00025 0.00002 ( 1)
 207 Y   0.97581 0.02346 0.00070 0.00003 ( 1)
 208 S   0.94973 0.04898 0.00119 0.00010 ( 1)
 209 F   0.98552 0.01411 0.00036 0.00001 ( 1)
 210 A   0.95592 0.04369 0.00036 0.00003 ( 1)
 211 W   0.66872 0.32093 0.00675 0.00360 ( 1)
 212 T   0.98123 0.01778 0.00096 0.00004 ( 1)
 213 H   0.13785 0.86153 0.00004 0.00058 ( 2)
 214 T   0.98155 0.01754 0.00088 0.00003 ( 1)
 215 S   0.96238 0.03742 0.00017 0.00002 ( 1)
 216 -   0.47236 0.45820 0.03525 0.03419 ( 1)
 217 -   0.47236 0.45820 0.03525 0.03419 ( 1)


lnL = -2855.432528

Bayes Empirical Bayes (BEB) probabilities for 4 classes (class)
(amino acids refer to 1st sequence: BT_Cry30Aa1)

   1 -   0.73111 0.17487 0.07595 0.01807 ( 1)
   2 -   0.74273 0.16325 0.07715 0.01687 ( 1)
   3 Q   0.00000 0.92348 0.00000 0.07652 ( 2)
   4 T   0.98004 0.01619 0.00365 0.00013 ( 1)
   5 R   0.11587 0.87499 0.00053 0.00860 ( 2)
   6 T   0.98004 0.01619 0.00365 0.00013 ( 1)
   7 E   0.97404 0.02364 0.00221 0.00010 ( 1)
   8 L   0.96710 0.03017 0.00259 0.00014 ( 1)
   9 T   0.97857 0.01773 0.00357 0.00013 ( 1)
  10 R   0.98123 0.01695 0.00176 0.00006 ( 1)
  11 K   0.98319 0.01348 0.00323 0.00010 ( 1)
  12 V   0.08127 0.91465 0.00020 0.00389 ( 2)
  13 Y   0.97266 0.02370 0.00348 0.00016 ( 1)
  14 M   0.95281 0.04478 0.00224 0.00017 ( 1)
  15 P   0.05954 0.86996 0.03587 0.03463 ( 2)
  16 S   0.94407 0.04936 0.00605 0.00052 ( 1)
  17 F   0.82326 0.16250 0.01141 0.00283 ( 1)
  18 Y   0.07792 0.91559 0.00028 0.00621 ( 2)
  19 L   0.42057 0.56896 0.00353 0.00694 ( 2)
  20 Q   0.47155 0.52158 0.00251 0.00436 ( 2)
  21 A   0.00017 0.99180 0.00000 0.00803 ( 2)
  22 L   0.07100 0.92449 0.00019 0.00431 ( 2)
  23 Q   0.00000 0.95964 0.00000 0.04035 ( 2)
  24 Q   0.00000 0.69117 0.00002 0.30881 ( 2)
  25 -   0.00002 0.92979 0.00002 0.07017 ( 2)
  26 R   0.00000 0.98369 0.00000 0.01631 ( 2)
  27 D   0.00444 0.96908 0.00113 0.02535 ( 2)
  28 I   0.00192 0.98462 0.00014 0.01332 ( 2)
  29 E   0.97982 0.01789 0.00220 0.00008 ( 1)
  30 T   0.00000 0.97733 0.00000 0.02267 ( 2)
  31 V   0.00757 0.96218 0.00020 0.03005 ( 2)
  32 E   0.97982 0.01789 0.00220 0.00008 ( 1)
  33 N   0.88232 0.10921 0.00724 0.00123 ( 1)
  34 Q   0.00001 0.95134 0.00000 0.04866 ( 2)
  35 -   0.45764 0.44834 0.04762 0.04640 ( 1)
  36 L   0.70540 0.06855 0.21131 0.01474 ( 1)
  37 T   0.43221 0.16833 0.38462 0.01484 ( 1)
  38 H   0.98369 0.01438 0.00188 0.00006 ( 1)
  39 P   0.07413 0.43817 0.36392 0.12379 ( 2)
  40 P   0.97285 0.02405 0.00296 0.00013 ( 1)
  41 S   0.93308 0.06028 0.00600 0.00064 ( 1)
  42 L   0.93111 0.06258 0.00572 0.00059 ( 1)
  43 F   0.98363 0.01428 0.00203 0.00006 ( 1)
  44 T   0.92490 0.05079 0.02278 0.00153 ( 1)
  45 W   0.64716 0.31418 0.02516 0.01350 ( 1)
  46 L   0.93111 0.06258 0.00572 0.00059 ( 1)
  47 N   0.41293 0.57481 0.00359 0.00867 ( 2)
  48 E   0.00343 0.95459 0.00268 0.03931 ( 2)
  49 L   0.93111 0.06258 0.00572 0.00059 ( 1)
  50 N   0.02536 0.96214 0.00023 0.01226 ( 2)
  51 L   0.60323 0.39227 0.00215 0.00235 ( 1)
  52 Y   0.97266 0.02370 0.00348 0.00016 ( 1)
  53 T   0.98004 0.01619 0.00365 0.00013 ( 1)
  54 I   0.12016 0.87219 0.00045 0.00721 ( 2)
  55 R   0.06437 0.92874 0.00021 0.00668 ( 2)
  56 E   0.97982 0.01789 0.00220 0.00008 ( 1)
  57 R   0.00002 0.88128 0.00126 0.11744 ( 2)
  58 F   0.11011 0.47852 0.32563 0.08574 ( 2)
  59 N   0.68625 0.18034 0.13075 0.00267 ( 1)
  60 P   0.00006 0.01703 0.93553 0.04738 ( 3)
  61 V   0.06607 0.83728 0.05041 0.04624 ( 2)
  62 L   0.92115 0.07250 0.00566 0.00069 ( 1)
  63 Q   0.00022 0.72026 0.00158 0.27793 ( 2)
  64 V   0.96803 0.02961 0.00224 0.00012 ( 1)
  65 A   0.05112 0.92956 0.00573 0.01358 ( 2)
  66 S   0.93511 0.05829 0.00599 0.00061 ( 1)
  67 L   0.71025 0.26451 0.01760 0.00764 ( 1)
  68 S   0.47440 0.51937 0.00201 0.00422 ( 2)
  69 G   0.93968 0.05736 0.00271 0.00026 ( 1)
  70 L   0.96062 0.03664 0.00257 0.00017 ( 1)
  71 Q   0.00105 0.52522 0.17529 0.29843 ( 2)
  72 A   0.97012 0.02742 0.00234 0.00012 ( 1)
  73 T   0.00001 0.95248 0.00001 0.04751 ( 2)
  74 S   0.00015 0.94499 0.00011 0.05475 ( 2)
  75 R   0.53290 0.46205 0.00173 0.00331 ( 1)
  76 Y   0.49877 0.36940 0.12463 0.00719 ( 1)
  77 T   0.73341 0.24009 0.01911 0.00738 ( 1)
  78 -   0.04812 0.75307 0.09872 0.10009 ( 2)
  79 Q   0.93866 0.05687 0.00408 0.00040 ( 1)
  80 N   0.00370 0.04098 0.92905 0.02627 ( 3)
  81 T   0.00000 0.94637 0.00000 0.05362 ( 2)
  82 T   0.00334 0.97407 0.00079 0.02180 ( 2)
  83 T   0.00001 0.90095 0.00001 0.09903 ( 2)
  84 I   0.00014 0.90910 0.00020 0.09055 ( 2)
  85 S   0.00000 0.22438 0.00000 0.77562 ( 4)
  86 N   0.00416 0.87605 0.01023 0.10956 ( 2)
  87 -   0.45764 0.44834 0.04762 0.04640 ( 1)
  88 P   0.85398 0.14198 0.00310 0.00094 ( 1)
  89 V   0.00000 0.20287 0.01301 0.78411 ( 4)
  90 Q   0.94722 0.04833 0.00411 0.00034 ( 1)
  91 G   0.92342 0.07268 0.00348 0.00042 ( 1)
  92 P   0.45764 0.44834 0.04762 0.04640 ( 1)
  93 V   0.00068 0.79857 0.00271 0.19804 ( 2)
  94 R   0.00000 0.27954 0.00288 0.71758 ( 4)
  95 E   0.00000 0.92151 0.00000 0.07849 ( 2)
  96 G   0.02546 0.96789 0.00011 0.00654 ( 2)
  97 T   0.00000 0.01264 0.52609 0.46127 ( 3)
  98 P   0.07069 0.92228 0.00027 0.00676 ( 2)
  99 T   0.00170 0.56237 0.22568 0.21025 ( 2)
 100 K   0.00000 0.76807 0.00041 0.23152 ( 2)
 101 -   0.11970 0.78628 0.01248 0.08154 ( 2)
 102 I   0.98500 0.01218 0.00274 0.00007 ( 1)
 103 S   0.00246 0.98137 0.00071 0.01546 ( 2)
 104 L   0.53417 0.46026 0.00212 0.00345 ( 1)
 105 A   0.10886 0.88642 0.00018 0.00454 ( 2)
 106 N   0.00021 0.02627 0.85686 0.11666 ( 3)
 107 Y   0.00024 0.90574 0.00003 0.09400 ( 2)
 108 Y   0.73355 0.26380 0.00152 0.00113 ( 1)
 109 I   0.08017 0.91218 0.00045 0.00720 ( 2)
 110 Y   0.97266 0.02370 0.00348 0.00016 ( 1)
 111 K   0.76402 0.23017 0.00367 0.00213 ( 1)
 112 L   0.92997 0.06371 0.00571 0.00060 ( 1)
 113 F   0.52008 0.47587 0.00112 0.00293 ( 1)
 114 M   0.03628 0.95923 0.00010 0.00439 ( 2)
 115 S   0.46520 0.52433 0.00368 0.00679 ( 2)
 116 Q   0.94722 0.04833 0.00411 0.00034 ( 1)
 117 Y   0.49098 0.29085 0.20788 0.01030 ( 1)
 118 R   0.00005 0.66240 0.00883 0.32872 ( 2)
 119 H   0.00008 0.56733 0.02589 0.40670 ( 2)
 120 P   0.96513 0.03174 0.00295 0.00018 ( 1)
 121 N   0.97615 0.01312 0.01050 0.00022 ( 1)
 122 D   0.00000 0.94562 0.00007 0.05431 ( 2)
 123 C   0.95887 0.03871 0.00226 0.00016 ( 1)
 124 L   0.00000 0.99284 0.00000 0.00716 ( 2)
 125 P   0.00262 0.92153 0.00240 0.07346 ( 2)
 126 I   0.98500 0.01218 0.00274 0.00007 ( 1)
 127 S   0.00189 0.82516 0.04644 0.12651 ( 2)
 128 G   0.93804 0.05824 0.00340 0.00032 ( 1)
 129 I   0.54211 0.45208 0.00188 0.00393 ( 1)
 130 N   0.00089 0.98586 0.00001 0.01324 ( 2)
 131 E   0.00345 0.92266 0.00229 0.07160 ( 2)
 132 M   0.54518 0.45161 0.00140 0.00181 ( 1)
 133 S   0.00690 0.87438 0.01237 0.10635 ( 2)
 134 F   0.97911 0.01877 0.00204 0.00008 ( 1)
 135 Y   0.97266 0.02370 0.00348 0.00016 ( 1)
 136 R   0.11387 0.87340 0.00078 0.01195 ( 2)
 137 S   0.98648 0.01220 0.00130 0.00003 ( 1)
 138 D   0.86582 0.12140 0.01085 0.00193 ( 1)
 139 Y   0.97266 0.02370 0.00348 0.00016 ( 1)
 140 Y   0.06871 0.82818 0.04694 0.05617 ( 2)
 141 G   0.94261 0.05443 0.00272 0.00025 ( 1)
 142 A   0.45764 0.44834 0.04762 0.04640 ( 1)
 143 G   0.00006 0.81935 0.00193 0.17866 ( 2)
 144 G   0.00000 0.29262 0.00027 0.70711 ( 4)
 145 P   0.00061 0.97916 0.00001 0.02022 ( 2)
 146 A   0.00374 0.98313 0.00003 0.01310 ( 2)
 147 P   0.08919 0.89718 0.00060 0.01303 ( 2)
 148 V   0.00306 0.98376 0.00002 0.01317 ( 2)
 149 H   0.00001 0.97576 0.00000 0.02423 ( 2)
 150 Y   0.97266 0.02370 0.00348 0.00016 ( 1)
 151 S   0.00001 0.98035 0.00000 0.01964 ( 2)
 152 A   0.53652 0.44587 0.00800 0.00962 ( 1)
 153 G   0.00276 0.94935 0.00174 0.04615 ( 2)
 154 E   0.00014 0.88834 0.00024 0.11129 ( 2)
 155 S   0.00000 0.68423 0.00001 0.31576 ( 2)
 156 P   0.00000 0.05860 0.00126 0.94014 ( 4)
 157 T   0.00000 0.04136 0.02345 0.93520 ( 4)
 158 N   0.10309 0.87982 0.00115 0.01594 ( 2)
 159 V   0.00002 0.59049 0.00361 0.40588 ( 2)
 160 -   0.45764 0.44834 0.04762 0.04640 ( 1)
 161 I   0.98500 0.01218 0.00274 0.00007 ( 1)
 162 K   0.00106 0.96445 0.00005 0.03444 ( 2)
 163 T   0.58250 0.40178 0.00785 0.00787 ( 1)
 164 Y   0.61106 0.38308 0.00224 0.00362 ( 1)
 165 M   0.95281 0.04478 0.00224 0.00017 ( 1)
 166 N   0.98910 0.00840 0.00244 0.00005 ( 1)
 167 G   0.87288 0.12354 0.00291 0.00066 ( 1)
 168 P   0.97285 0.02405 0.00296 0.00013 ( 1)
 169 Q   0.94722 0.04833 0.00411 0.00034 ( 1)
 170 N   0.19472 0.80005 0.00048 0.00475 ( 2)
 171 A   0.97608 0.02148 0.00234 0.00010 ( 1)
 172 L   0.03779 0.87976 0.02915 0.05330 ( 2)
 173 I   0.00025 0.97154 0.00014 0.02806 ( 2)
 174 S   0.94407 0.04936 0.00605 0.00052 ( 1)
 175 N   0.98910 0.00840 0.00244 0.00005 ( 1)
 176 D   0.84302 0.15393 0.00209 0.00096 ( 1)
 177 I   0.98171 0.01537 0.00283 0.00009 ( 1)
 178 S   0.81135 0.16075 0.02266 0.00525 ( 1)
 179 I   0.98171 0.01537 0.00283 0.00009 ( 1)
 180 N   0.00479 0.97420 0.00126 0.01975 ( 2)
 181 E   0.00222 0.96348 0.00091 0.03339 ( 2)
 182 T   0.98004 0.01619 0.00365 0.00013 ( 1)
 183 S   0.00012 0.98635 0.00000 0.01353 ( 2)
 184 H   0.98479 0.01328 0.00188 0.00005 ( 1)
 185 I   0.98500 0.01218 0.00274 0.00007 ( 1)
 186 L   0.91504 0.07836 0.00586 0.00074 ( 1)
 187 S   0.97328 0.02333 0.00325 0.00015 ( 1)
 188 D   0.98763 0.01080 0.00154 0.00004 ( 1)
 189 I   0.98171 0.01537 0.00283 0.00009 ( 1)
 190 K   0.98319 0.01348 0.00323 0.00010 ( 1)
 191 M   0.95281 0.04478 0.00224 0.00017 ( 1)
 192 N   0.00000 0.92660 0.00000 0.07340 ( 2)
 193 Y   0.74301 0.22843 0.02105 0.00751 ( 1)
 194 S   0.00345 0.98825 0.00001 0.00829 ( 2)
 195 R   0.01684 0.81218 0.04066 0.13032 ( 2)
 196 T   0.09754 0.89329 0.00051 0.00866 ( 2)
 197 G   0.70251 0.26183 0.02517 0.01048 ( 1)
 198 G   0.89296 0.08390 0.02071 0.00243 ( 1)
 199 V   0.00003 0.68555 0.00053 0.31389 ( 2)
 200 Y   0.73814 0.23329 0.02090 0.00767 ( 1)
 201 P   0.53000 0.46577 0.00162 0.00261 ( 1)
 202 L   0.00000 0.96708 0.00000 0.03291 ( 2)
 203 Y   0.64384 0.34957 0.00356 0.00303 ( 1)
 204 D   0.00000 0.56067 0.00008 0.43925 ( 2)
 205 F   0.76373 0.23372 0.00158 0.00098 ( 1)
 206 G   0.93804 0.05824 0.00340 0.00032 ( 1)
 207 Y   0.97266 0.02370 0.00348 0.00016 ( 1)
 208 S   0.94407 0.04936 0.00605 0.00052 ( 1)
 209 F   0.98363 0.01428 0.00203 0.00006 ( 1)
 210 A   0.95325 0.04417 0.00237 0.00021 ( 1)
 211 W   0.64716 0.31418 0.02516 0.01350 ( 1)
 212 T   0.97825 0.01796 0.00364 0.00014 ( 1)
 213 H   0.13529 0.86106 0.00026 0.00340 ( 2)
 214 T   0.97857 0.01773 0.00357 0.00013 ( 1)
 215 S   0.96071 0.03788 0.00129 0.00013 ( 1)
 216 -   0.45764 0.44834 0.04762 0.04640 ( 1)
 217 -   0.45764 0.44834 0.04762 0.04640 ( 1)

