Supplemental results for CODEML (seqf: algn  treef: tree)


dN/dS (w) for site classes (K=4)

site class             0        1       2a       2b
proportion       0.28173  0.32716  0.18096  0.21015
background w     0.08045  1.00000  0.08045  1.00000
foreground w     0.08045  1.00000  1.00000  1.00000

Naive Empirical Bayes (NEB) probabilities for 4 classes
(amino acids refer to 1st sequence: BT_Cry7Ba1)

   1 -   0.48213 0.12676 0.30969 0.08142 ( 1)
   2 -   0.46605 0.14283 0.29936 0.09175 ( 1)
   3 T   0.03195 0.58126 0.01342 0.37337 ( 2)
   4 V   0.07305 0.54461 0.03251 0.34983 ( 2)
   5 E   0.68551 0.02014 0.28142 0.01294 ( 1)
   6 L   0.59774 0.06753 0.29135 0.04338 ( 1)
   7 T   0.67922 0.01778 0.29157 0.01142 ( 1)
   8 R   0.68768 0.01151 0.29341 0.00740 ( 1)
   9 T   0.06875 0.54866 0.03016 0.35243 ( 2)
  10 I   0.72295 0.00642 0.26650 0.00412 ( 1)
  11 Y   0.45925 0.21617 0.18572 0.13886 ( 1)
  12 T   0.07326 0.53572 0.04691 0.34411 ( 2)
  13 D   0.73999 0.00367 0.25399 0.00236 ( 1)
  14 P   0.64620 0.02760 0.30847 0.01773 ( 1)
  15 L   0.51107 0.16156 0.22359 0.10378 ( 1)
  16 G   0.70366 0.00738 0.28422 0.00474 ( 1)
  17 Y   0.05824 0.55275 0.03395 0.35505 ( 2)
  18 T   0.03870 0.45315 0.21708 0.29107 ( 2)
  19 G   0.59088 0.04908 0.32851 0.03153 ( 1)
  20 Y   0.11759 0.19717 0.55858 0.12665 ( 3)
  21 S   0.01309 0.58583 0.02478 0.37630 ( 2)
  22 N   0.21686 0.43091 0.07544 0.27679 ( 2)
  23 D   0.00495 0.60480 0.00177 0.38848 ( 2)
  24 E   0.58115 0.10720 0.24279 0.06886 ( 1)
  25 H   0.63013 0.07423 0.24796 0.04768 ( 1)
  26 P   0.58203 0.04423 0.34533 0.02841 ( 1)
  27 T   0.00610 0.45905 0.23999 0.29486 ( 2)
  28 Y   0.06635 0.55170 0.02757 0.35438 ( 2)
  29 Y   0.70306 0.00982 0.28080 0.00631 ( 1)
  30 -   0.09535 0.51354 0.06125 0.32987 ( 2)
  31 S   0.15121 0.03296 0.79465 0.02117 ( 3)
  32 S   0.47366 0.20125 0.19582 0.12927 ( 1)
  33 A   0.04769 0.44329 0.22428 0.28474 ( 2)
  34 K   0.00053 0.60844 0.00021 0.39082 ( 2)
  35 P   0.00001 0.60888 0.00001 0.39111 ( 2)
  36 F   0.68523 0.03150 0.26303 0.02023 ( 1)
  37 S   0.00033 0.60859 0.00017 0.39092 ( 2)
  38 S   0.10426 0.51308 0.05310 0.32957 ( 2)
  39 I   0.69545 0.01183 0.28512 0.00760 ( 1)
  40 E   0.64361 0.02050 0.32272 0.01317 ( 1)
  41 S   0.69228 0.03328 0.25307 0.02138 ( 1)
  42 R   0.04277 0.57172 0.01827 0.36724 ( 2)
  43 A   0.59690 0.04899 0.32264 0.03147 ( 1)
  44 V   0.10301 0.51319 0.05416 0.32964 ( 2)
  45 L   0.11154 0.12963 0.67555 0.08327 ( 3)
  46 A   0.01205 0.59827 0.00539 0.38429 ( 2)
  47 P   0.51982 0.10457 0.30845 0.06717 ( 1)
  48 S   0.00183 0.60153 0.01025 0.38639 ( 2)
  49 L   0.62892 0.03935 0.30646 0.02527 ( 1)
  50 F   0.56348 0.07773 0.30886 0.04993 ( 1)
  51 K   0.11937 0.09292 0.72802 0.05969 ( 3)
  52 W   0.51424 0.12022 0.28831 0.07722 ( 1)
  53 I   0.22710 0.39297 0.12751 0.25242 ( 2)
  54 T   0.71602 0.00823 0.27046 0.00529 ( 1)
  55 Q   0.01807 0.53512 0.10308 0.34373 ( 2)
  56 L   0.13782 0.48819 0.06040 0.31359 ( 2)
  57 E   0.00051 0.60665 0.00316 0.38968 ( 2)
  58 V   0.66663 0.01413 0.31017 0.00908 ( 1)
  59 Y   0.00126 0.60781 0.00051 0.39042 ( 2)
  60 T   0.00066 0.60792 0.00092 0.39049 ( 2)
  61 K   0.00113 0.60727 0.00153 0.39007 ( 2)
  62 K   0.00000 0.60888 0.00001 0.39111 ( 2)
  63 Y   0.00341 0.56969 0.06097 0.36593 ( 2)
  64 S   0.00000 0.60887 0.00003 0.39110 ( 2)
  65 Y   0.00669 0.58328 0.03537 0.37466 ( 2)
  66 S   0.00238 0.58576 0.03560 0.37626 ( 2)
  67 S   0.13930 0.47605 0.07887 0.30578 ( 2)
  68 Q   0.00001 0.60503 0.00633 0.38863 ( 2)
  69 Y   0.07675 0.54318 0.03116 0.34890 ( 2)
  70 T   0.50960 0.18089 0.19331 0.11620 ( 1)
  71 T   0.32145 0.30780 0.17304 0.19771 ( 1)
  72 L   0.00186 0.59992 0.01287 0.38535 ( 2)
  73 W   0.15739 0.45933 0.08824 0.29504 ( 2)
  74 T   0.54055 0.15538 0.20426 0.09981 ( 1)
  75 G   0.65353 0.02498 0.30544 0.01605 ( 1)
  76 L   0.03450 0.35060 0.38970 0.22520 ( 3)
  77 R   0.03606 0.46532 0.19972 0.29889 ( 2)
  78 V   0.60627 0.03696 0.33303 0.02374 ( 1)
  79 I   0.00211 0.60700 0.00100 0.38990 ( 2)
  80 A   0.11507 0.18174 0.58645 0.11674 ( 3)
  81 Q   0.02080 0.58899 0.01188 0.37833 ( 2)
  82 P   0.01364 0.55285 0.07839 0.35512 ( 2)
  83 T   0.71602 0.00823 0.27046 0.00529 ( 1)
  84 K   0.00209 0.60170 0.00972 0.38649 ( 2)
  85 D   0.01009 0.60002 0.00447 0.38542 ( 2)
  86 F   0.00007 0.60878 0.00010 0.39105 ( 2)
  87 T   0.00001 0.60882 0.00010 0.39107 ( 2)
  88 D   0.04369 0.47968 0.16851 0.30812 ( 2)
  89 T   0.00104 0.60655 0.00280 0.38961 ( 2)
  90 V   0.00437 0.56335 0.07042 0.36186 ( 2)
  91 Y   0.60414 0.09249 0.24395 0.05941 ( 1)
  92 D   0.38583 0.29179 0.13495 0.18743 ( 1)
  93 Y   0.35976 0.25091 0.22816 0.16117 ( 1)
  94 G   0.65353 0.02498 0.30544 0.01605 ( 1)
  95 S   0.02551 0.58770 0.00928 0.37750 ( 2)
  96 S   0.56259 0.12613 0.23026 0.08102 ( 1)
  97 S   0.57328 0.06221 0.32456 0.03996 ( 1)
  98 G   0.59858 0.09721 0.24178 0.06244 ( 1)
  99 S   0.55850 0.12964 0.22859 0.08327 ( 1)
 100 E   0.00024 0.60855 0.00031 0.39090 ( 2)
 101 N   0.00008 0.60853 0.00050 0.39088 ( 2)
 102 K   0.00089 0.60808 0.00044 0.39059 ( 2)
 103 D   0.00040 0.60856 0.00014 0.39090 ( 2)
 104 V   0.16960 0.44765 0.09520 0.28754 ( 2)
 105 F   0.71599 0.00574 0.27457 0.00369 ( 1)
 106 D   0.33174 0.30049 0.17476 0.19302 ( 1)
 107 L   0.64143 0.04832 0.27921 0.03104 ( 1)
 108 Y   0.01457 0.58866 0.01865 0.37812 ( 2)
 109 G   0.00323 0.60577 0.00189 0.38911 ( 2)
 110 N   0.18259 0.07758 0.69000 0.04983 ( 3)
 111 D   0.73999 0.00367 0.25399 0.00236 ( 1)
 112 V   0.49450 0.17531 0.21758 0.11261 ( 1)
 113 Y   0.70306 0.00982 0.28080 0.00631 ( 1)
 114 D   0.03767 0.57369 0.02014 0.36850 ( 2)
 115 T   0.00074 0.60560 0.00466 0.38900 ( 2)
 116 Q   0.01070 0.59918 0.00525 0.38487 ( 2)
 117 S   0.15846 0.47703 0.05809 0.30642 ( 2)
 118 V   0.00078 0.60772 0.00113 0.39036 ( 2)
 119 V   0.00618 0.58391 0.03485 0.37506 ( 2)
 120 S   0.00586 0.58405 0.03494 0.37516 ( 2)
 121 S   0.03370 0.57661 0.01932 0.37038 ( 2)
 122 Y   0.00905 0.57535 0.04602 0.36957 ( 2)
 123 K   0.00999 0.54629 0.09282 0.35090 ( 2)
 124 P   0.00724 0.57702 0.04509 0.37064 ( 2)
 125 T   0.10389 0.51378 0.05231 0.33002 ( 2)
 126 G   0.00786 0.28733 0.52025 0.18456 ( 3)
 127 G   0.00642 0.51410 0.14926 0.33022 ( 2)
 128 G   0.00067 0.58387 0.04042 0.37504 ( 2)
 129 H   0.17152 0.08427 0.69008 0.05413 ( 3)
 130 F   0.05902 0.55917 0.02264 0.35917 ( 2)
 131 G   0.18700 0.43163 0.10412 0.27725 ( 2)
 132 V   0.10232 0.51394 0.05363 0.33012 ( 2)
 133 P   0.68466 0.01129 0.29680 0.00725 ( 1)
 134 Q   0.00001 0.60888 0.00000 0.39111 ( 2)
 135 F   0.10108 0.52354 0.03910 0.33629 ( 2)
 136 R   0.00358 0.52701 0.13090 0.33852 ( 2)
 137 L   0.62892 0.03935 0.30646 0.02527 ( 1)
 138 F   0.05851 0.30543 0.43988 0.19619 ( 3)
 139 W   0.00055 0.60837 0.00031 0.39078 ( 2)
 140 I   0.72057 0.00743 0.26723 0.00477 ( 1)
 141 T   0.17453 0.04574 0.75035 0.02938 ( 3)
 142 K   0.00043 0.60852 0.00018 0.39087 ( 2)
 143 S   0.00210 0.54334 0.10554 0.34901 ( 2)
 144 N   0.74562 0.00398 0.24785 0.00255 ( 1)
 145 G   0.00000 0.60829 0.00097 0.39073 ( 2)
 146 L   0.59220 0.05970 0.30975 0.03835 ( 1)
 147 R   0.00037 0.55385 0.09001 0.35576 ( 2)
 148 E   0.14497 0.03878 0.79134 0.02491 ( 3)
 149 Q   0.04733 0.56577 0.02347 0.36342 ( 2)
 150 I   0.00069 0.60831 0.00026 0.39074 ( 2)
 151 F   0.71327 0.00803 0.27354 0.00516 ( 1)
 152 N   0.21962 0.42939 0.07518 0.27581 ( 2)
 153 Y   0.17730 0.45734 0.07159 0.29377 ( 2)
 154 A   0.00003 0.60877 0.00015 0.39104 ( 2)
 155 N   0.00682 0.56801 0.06031 0.36486 ( 2)
 156 N   0.69374 0.04607 0.23061 0.02959 ( 1)
 157 M   0.07481 0.42222 0.23176 0.27121 ( 2)
 158 G   0.05945 0.55787 0.02435 0.35834 ( 2)
 159 -   0.65564 0.02203 0.30818 0.01415 ( 1)
 160 S   0.19101 0.44408 0.07965 0.28525 ( 2)
 161 Y   0.00343 0.60541 0.00228 0.38888 ( 2)
 162 S   0.00032 0.60862 0.00012 0.39094 ( 2)
 163 A   0.00075 0.57078 0.06184 0.36664 ( 2)
 164 Y   0.00075 0.60824 0.00031 0.39070 ( 2)
 165 R   0.02828 0.58280 0.01456 0.37436 ( 2)
 166 F   0.15032 0.03104 0.79871 0.01994 ( 3)
 167 S   0.06628 0.54833 0.03318 0.35221 ( 2)
 168 K   0.24338 0.38796 0.11946 0.24920 ( 2)
 169 D   0.08066 0.24165 0.52248 0.15522 ( 3)
 170 E   0.09600 0.52620 0.03979 0.33800 ( 2)
 171 L   0.62892 0.03935 0.30646 0.02527 ( 1)
 172 P   0.59657 0.07221 0.28484 0.04638 ( 1)
 173 I   0.69545 0.01183 0.28512 0.00760 ( 1)
 174 E   0.56035 0.12766 0.22999 0.08200 ( 1)
 175 L   0.04535 0.56634 0.02452 0.36378 ( 2)
 176 L   0.01722 0.59272 0.00934 0.38073 ( 2)
 177 Q   0.00589 0.57159 0.05536 0.36716 ( 2)
 178 P   0.00000 0.60888 0.00001 0.39111 ( 2)
 179 P   0.68466 0.01129 0.29680 0.00725 ( 1)
 180 L   0.15110 0.07987 0.71774 0.05130 ( 3)
 181 F   0.15936 0.07785 0.71279 0.05000 ( 3)
 182 G   0.65353 0.02498 0.30544 0.01605 ( 1)
 183 D   0.73999 0.00367 0.25399 0.00236 ( 1)
 184 I   0.29354 0.35672 0.12061 0.22913 ( 2)
 185 E   0.61755 0.04429 0.30971 0.02845 ( 1)
 186 E   0.69661 0.01064 0.28591 0.00684 ( 1)
 187 Y   0.59897 0.03168 0.34899 0.02035 ( 1)
 188 S   0.67809 0.04683 0.24500 0.03008 ( 1)
 189 H   0.71366 0.00492 0.27827 0.00316 ( 1)
 190 R   0.59645 0.05899 0.30667 0.03789 ( 1)
 191 L   0.62892 0.03935 0.30646 0.02527 ( 1)
 192 S   0.73064 0.00328 0.26398 0.00210 ( 1)
 193 H   0.07392 0.53865 0.04144 0.34600 ( 2)
 194 V   0.61808 0.08584 0.24094 0.05514 ( 1)
 195 S   0.61447 0.04682 0.30863 0.03008 ( 1)
 196 E   0.63387 0.02938 0.31788 0.01887 ( 1)
 197 V   0.58483 0.09449 0.25999 0.06069 ( 1)
 198 I   0.02358 0.58917 0.00881 0.37845 ( 2)
 199 K   0.18069 0.45523 0.07166 0.29241 ( 2)
 200 D   0.00193 0.60729 0.00069 0.39009 ( 2)
 201 Y   0.01247 0.59819 0.00509 0.38424 ( 2)
 202 G   0.58834 0.06032 0.31260 0.03874 ( 1)
 203 E   0.00421 0.60293 0.00557 0.38728 ( 2)
 204 -   0.28173 0.32716 0.18096 0.21015 ( 2)
 205 -   0.28173 0.32716 0.18096 0.21015 ( 2)
 206 -   0.28173 0.32716 0.18096 0.21015 ( 2)
 207 -   0.28173 0.32716 0.18096 0.21015 ( 2)
 208 -   0.28173 0.32716 0.18096 0.21015 ( 2)
 209 -   0.28173 0.32716 0.18096 0.21015 ( 2)
 210 -   0.28173 0.32716 0.18096 0.21015 ( 2)
 211 -   0.28173 0.32716 0.18096 0.21015 ( 2)
 212 G   0.65353 0.02498 0.30544 0.01605 ( 1)
 213 I   0.09314 0.52113 0.05099 0.33474 ( 2)
 214 I   0.72295 0.00642 0.26650 0.00412 ( 1)
 215 P   0.67343 0.02106 0.29198 0.01353 ( 1)
 216 V   0.63908 0.04851 0.28125 0.03116 ( 1)
 217 L   0.62892 0.03935 0.30646 0.02527 ( 1)
 218 G   0.68948 0.01945 0.27857 0.01249 ( 1)
 219 W   0.01602 0.59344 0.00936 0.38119 ( 2)
 220 T   0.68077 0.01644 0.29223 0.01056 ( 1)
 221 H   0.71366 0.00492 0.27827 0.00316 ( 1)
 222 V   0.11460 0.50841 0.05042 0.32657 ( 2)
 223 S   0.68074 0.04247 0.24950 0.02728 ( 1)


lnL = -2870.219745

