Supplemental results for CODEML (seqf: algn  treef: tree)


dN/dS (w) for site classes (K=4)

site class             0        1       2a       2b
proportion       0.52758  0.30152  0.10875  0.06215
background w     0.07049  1.00000  0.07049  1.00000
foreground w     0.07049  1.00000  8.10518  8.10518

Naive Empirical Bayes (NEB) probabilities for 4 classes
(amino acids refer to 1st sequence: BT_Cry7Ba1)

   1 -   0.52758 0.30152 0.10875 0.06215 ( 1)
   2 -   0.12741 0.70169 0.02626 0.14463 ( 2)
   3 -   0.58367 0.24543 0.12031 0.05059 ( 1)
   4 -   0.62702 0.20208 0.12924 0.04165 ( 1)
   5 -   0.00641 0.82270 0.00132 0.16958 ( 2)
   6 S   0.07006 0.88977 0.00207 0.03810 ( 2)
   7 K   0.07436 0.89473 0.00102 0.02988 ( 2)
   8 I   0.27476 0.67089 0.01098 0.04336 ( 2)
   9 L   0.82976 0.11070 0.05129 0.00825 ( 1)
  10 K   0.90435 0.08084 0.01217 0.00264 ( 1)
  11 E   0.00311 0.94621 0.00012 0.05057 ( 2)
  12 I   0.95767 0.02263 0.01890 0.00079 ( 1)
  13 L   0.72397 0.09740 0.16131 0.01732 ( 1)
  14 D   0.37670 0.17864 0.43350 0.01117 ( 3)
  15 Y   0.01414 0.94514 0.00041 0.04032 ( 2)
  16 L   0.94147 0.02870 0.02849 0.00134 ( 1)
  17 W   0.83064 0.08727 0.07354 0.00855 ( 1)
  18 P   0.85302 0.06840 0.07213 0.00645 ( 1)
  19 S   0.03359 0.77271 0.09814 0.09556 ( 2)
  20 S   0.93803 0.02740 0.03323 0.00133 ( 1)
  21 S   0.02945 0.08526 0.85182 0.03347 ( 3)
  22 S   0.00660 0.52441 0.21773 0.25126 ( 2)
  23 S   0.00543 0.45557 0.26541 0.27359 ( 2)
  24 N   0.16410 0.37608 0.34978 0.11004 ( 2)
  25 S   0.58606 0.37211 0.02294 0.01889 ( 1)
  26 W   0.83064 0.08727 0.07354 0.00855 ( 1)
  27 E   0.03449 0.68784 0.18200 0.09567 ( 2)
  28 E   0.72357 0.18807 0.07233 0.01603 ( 1)
  29 M   0.60177 0.38083 0.00844 0.00897 ( 1)
  30 M   0.98231 0.00502 0.01256 0.00011 ( 1)
  31 K   0.11207 0.63977 0.15071 0.09746 ( 2)
  32 E   0.00101 0.92121 0.00062 0.07716 ( 2)
  33 V   0.96840 0.01738 0.01358 0.00063 ( 1)
  34 E   0.94732 0.01726 0.03436 0.00106 ( 1)
  35 Y   0.00506 0.16501 0.78463 0.04530 ( 3)
  36 L   0.93557 0.03878 0.02426 0.00138 ( 1)
  37 I   0.96781 0.01483 0.01684 0.00052 ( 1)
  38 D   0.92388 0.06401 0.01034 0.00177 ( 1)
  39 K   0.30222 0.16069 0.52306 0.01403 ( 3)
  40 K   0.97585 0.01184 0.01193 0.00038 ( 1)
  41 I   0.97802 0.01124 0.01039 0.00034 ( 1)
  42 E   0.61046 0.28317 0.06900 0.03738 ( 1)
  43 E   0.97054 0.01668 0.01222 0.00055 ( 1)
  44 Y   0.00006 0.84491 0.00025 0.15478 ( 2)
  45 A   0.34064 0.30283 0.33725 0.01928 ( 1)
  46 R   0.30308 0.60829 0.02904 0.05959 ( 2)
  47 N   0.01240 0.80579 0.00245 0.17937 ( 2)
  48 K   0.16955 0.66666 0.05712 0.10667 ( 2)
  49 A   0.97629 0.01103 0.01237 0.00031 ( 1)
  50 L   0.95585 0.01874 0.02473 0.00069 ( 1)
  51 A   0.02495 0.25673 0.41889 0.29942 ( 3)
  52 V   0.00701 0.06479 0.73841 0.18980 ( 3)
  53 L   0.88545 0.05623 0.05421 0.00411 ( 1)
  54 E   0.12168 0.84594 0.00190 0.03048 ( 2)
  55 G   0.00336 0.64168 0.26404 0.09092 ( 2)
  56 I   0.30993 0.66393 0.00441 0.02173 ( 2)
  57 G   0.96667 0.01222 0.02069 0.00043 ( 1)
  58 N   0.01404 0.85574 0.03783 0.09239 ( 2)
  59 A   0.92884 0.04719 0.02224 0.00173 ( 1)
  60 V   0.63245 0.34525 0.01063 0.01166 ( 1)
  61 E   0.23743 0.73368 0.00371 0.02518 ( 2)
  62 S   0.01413 0.24215 0.28532 0.45841 ( 4)
  63 Y   0.95862 0.01798 0.02271 0.00069 ( 1)
  64 Y   0.18952 0.77233 0.00518 0.03296 ( 2)
  65 S   0.15628 0.69201 0.08097 0.07075 ( 2)
  66 A   0.97629 0.01103 0.01237 0.00031 ( 1)
  67 L   0.80193 0.16409 0.02614 0.00784 ( 1)
  68 E   0.75996 0.18914 0.04018 0.01072 ( 1)
  69 A   0.03244 0.15579 0.77255 0.03922 ( 3)
  70 W   0.83064 0.08727 0.07354 0.00855 ( 1)
  71 E   0.84397 0.13877 0.01243 0.00483 ( 1)
  72 -   0.10287 0.72623 0.02120 0.14969 ( 2)
  73 L   0.00438 0.87740 0.00720 0.11102 ( 2)
  74 E   0.00057 0.04238 0.91440 0.04265 ( 3)
  75 S   0.00055 0.58291 0.11276 0.30378 ( 2)
  76 S   0.00357 0.87791 0.01085 0.10766 ( 2)
  77 E   0.00102 0.76027 0.03353 0.20518 ( 2)
  78 R   0.05933 0.84171 0.00480 0.09417 ( 2)
  79 S   0.97850 0.00652 0.01483 0.00016 ( 1)
  80 L   0.16499 0.77201 0.00850 0.05450 ( 2)
  81 E   0.01229 0.78988 0.00487 0.19297 ( 2)
  82 L   0.05317 0.53018 0.03944 0.37720 ( 2)
  83 V   0.96840 0.01738 0.01358 0.00063 ( 1)
  84 L   0.00116 0.80865 0.01402 0.17617 ( 2)
  85 E   0.00036 0.01380 0.80447 0.18137 ( 3)
  86 R   0.91497 0.03047 0.05247 0.00209 ( 1)
  87 Y   0.75157 0.22037 0.01954 0.00852 ( 1)
  88 Q   0.00000 0.01322 0.00219 0.98459 ( 4)
  89 F   0.01163 0.70629 0.03327 0.24881 ( 2)
  90 A   0.89791 0.04633 0.05249 0.00327 ( 1)
  91 V   0.02357 0.43682 0.32286 0.21675 ( 2)
  92 Q   0.73380 0.19392 0.05564 0.01664 ( 1)
  93 F   0.10517 0.82754 0.01854 0.04875 ( 2)
  94 A   0.25799 0.71589 0.00415 0.02198 ( 2)
  95 R   0.92360 0.06183 0.01298 0.00160 ( 1)
  96 S   0.03700 0.33321 0.35461 0.27518 ( 3)
  97 S   0.00009 0.15635 0.07570 0.76786 ( 4)
  98 M   0.98231 0.00502 0.01256 0.00011 ( 1)
  99 P   0.07730 0.88752 0.00202 0.03316 ( 2)
 100 S   0.08897 0.75237 0.01003 0.14864 ( 2)
 101 F   0.96791 0.01383 0.01777 0.00048 ( 1)
 102 A   0.05166 0.77561 0.00965 0.16307 ( 2)
 103 I   0.00884 0.23560 0.41122 0.34434 ( 3)
 104 I   0.00006 0.03450 0.74763 0.21781 ( 3)
 105 N   0.00563 0.24424 0.71889 0.03124 ( 3)
 106 Y   0.80168 0.17112 0.02031 0.00689 ( 1)
 107 E   0.97483 0.01252 0.01222 0.00042 ( 1)
 108 I   0.96636 0.01631 0.01676 0.00057 ( 1)
 109 P   0.82717 0.06370 0.10086 0.00827 ( 1)
 110 L   0.88576 0.07861 0.03113 0.00450 ( 1)
 111 L   0.93673 0.03332 0.02841 0.00155 ( 1)
 112 A   0.97629 0.01103 0.01237 0.00031 ( 1)
 113 T   0.97627 0.01070 0.01275 0.00029 ( 1)
 114 Y   0.95862 0.01798 0.02271 0.00069 ( 1)
 115 A   0.97358 0.01369 0.01236 0.00037 ( 1)
 116 N   0.38675 0.59259 0.00461 0.01605 ( 2)
 117 A   0.96420 0.01555 0.01971 0.00053 ( 1)
 118 A   0.97141 0.01582 0.01235 0.00043 ( 1)
 119 N   0.98218 0.00805 0.00957 0.00021 ( 1)
 120 V   0.68834 0.28480 0.01508 0.01179 ( 1)
 121 H   0.97799 0.00755 0.01427 0.00019 ( 1)
 122 L   0.93097 0.03494 0.03223 0.00185 ( 1)
 123 L   0.82928 0.14252 0.02280 0.00540 ( 1)
 124 L   0.93713 0.03275 0.02858 0.00154 ( 1)
 125 M   0.90340 0.08259 0.01212 0.00189 ( 1)
 126 R   0.89517 0.08951 0.01308 0.00224 ( 1)
 127 D   0.98179 0.00838 0.00960 0.00023 ( 1)
 128 I   0.03086 0.92267 0.00356 0.04291 ( 2)
 129 Q   0.96449 0.01330 0.02176 0.00045 ( 1)
 130 I   0.97595 0.01318 0.01047 0.00040 ( 1)
 131 Y   0.86284 0.04577 0.08634 0.00505 ( 1)
 132 G   0.89938 0.04403 0.05350 0.00309 ( 1)
 133 D   0.17865 0.62953 0.15412 0.03770 ( 2)
 134 R   0.04527 0.63544 0.12208 0.19720 ( 2)
 135 W   0.83064 0.08727 0.07354 0.00855 ( 1)
 136 G   0.00391 0.00921 0.96739 0.01948 ( 3)
 137 I   0.15167 0.81956 0.00182 0.02694 ( 2)
 138 S   0.00790 0.64369 0.04312 0.30529 ( 2)
 139 Q   0.78491 0.17159 0.03271 0.01080 ( 1)
 140 N   0.00047 0.90784 0.00406 0.08763 ( 2)
 141 D   0.98179 0.00838 0.00960 0.00023 ( 1)
 142 M   0.00706 0.07225 0.87619 0.04449 ( 3)
 143 N   0.05506 0.28526 0.48904 0.17065 ( 3)
 144 L   0.79875 0.10320 0.08595 0.01210 ( 1)
 145 F   0.60385 0.28629 0.06868 0.04118 ( 1)
 146 L   0.17726 0.77716 0.00631 0.03927 ( 2)
 147 K   0.00732 0.79578 0.00859 0.18832 ( 2)
 148 E   0.97483 0.01252 0.01222 0.00042 ( 1)
 149 Q   0.96449 0.01330 0.02176 0.00045 ( 1)
 150 E   0.83623 0.14691 0.01168 0.00518 ( 1)
 151 I   0.00045 0.41990 0.13553 0.44412 ( 4)
 152 Y   0.10308 0.15454 0.71059 0.03179 ( 3)
 153 T   0.89151 0.05065 0.05414 0.00370 ( 1)
 154 S   0.00378 0.69596 0.01566 0.28460 ( 2)
 155 E   0.97483 0.01252 0.01222 0.00042 ( 1)
 156 Y   0.94228 0.03409 0.02239 0.00125 ( 1)
 157 S   0.13100 0.23528 0.59176 0.04197 ( 3)
 158 E   0.80411 0.15415 0.03377 0.00796 ( 1)
 159 H   0.27530 0.07989 0.62457 0.02025 ( 3)
 160 C   0.85502 0.05100 0.08825 0.00573 ( 1)
 161 V   0.00178 0.08870 0.62763 0.28190 ( 3)
 162 K   0.84330 0.11287 0.03658 0.00725 ( 1)
 163 W   0.00031 0.58585 0.03564 0.37820 ( 2)
 164 Y   0.95862 0.01798 0.02271 0.00069 ( 1)
 165 N   0.98218 0.00805 0.00957 0.00021 ( 1)
 166 E   0.83413 0.12988 0.02950 0.00649 ( 1)
 167 G   0.97264 0.01299 0.01403 0.00034 ( 1)
 168 L   0.93864 0.03139 0.02850 0.00147 ( 1)
 169 N   0.98218 0.00805 0.00957 0.00021 ( 1)
 170 Q   0.75548 0.21989 0.01707 0.00756 ( 1)
 171 L   0.89711 0.04460 0.05501 0.00328 ( 1)
 172 K   0.97585 0.01184 0.01193 0.00038 ( 1)
 173 T   0.20701 0.62254 0.11253 0.05791 ( 2)
 174 K   0.85293 0.13165 0.01096 0.00446 ( 1)
 175 G   0.21902 0.62625 0.10554 0.04920 ( 2)
 176 G   0.86930 0.04076 0.08553 0.00440 ( 1)
 177 A   0.12052 0.82697 0.00502 0.04748 ( 2)
 178 S   0.86563 0.11835 0.01314 0.00288 ( 1)
 179 G   0.74918 0.22784 0.01571 0.00727 ( 1)
 180 L   0.10886 0.84416 0.00382 0.04316 ( 2)
 181 V   0.13077 0.83038 0.00296 0.03589 ( 2)
 182 W   0.83064 0.08727 0.07354 0.00855 ( 1)
 183 E   0.13788 0.81477 0.00513 0.04223 ( 2)
 184 N   0.10062 0.87400 0.00120 0.02418 ( 2)
 185 Y   0.80168 0.17112 0.02031 0.00689 ( 1)
 186 N   0.94791 0.01684 0.03445 0.00081 ( 1)
 187 S   0.17636 0.24944 0.52388 0.05032 ( 3)
 188 F   0.90861 0.03948 0.04936 0.00255 ( 1)
 189 R   0.93038 0.02708 0.04109 0.00145 ( 1)
 190 T   0.82554 0.15797 0.01205 0.00443 ( 1)
 191 E   0.97483 0.01252 0.01222 0.00042 ( 1)
 192 M   0.98231 0.00502 0.01256 0.00011 ( 1)
 193 T   0.97521 0.01172 0.01275 0.00032 ( 1)
 194 I   0.33386 0.59652 0.02132 0.04831 ( 2)
 195 M   0.15554 0.79101 0.00412 0.04933 ( 2)
 196 V   0.96218 0.02225 0.01484 0.00073 ( 1)
 197 L   0.92818 0.04144 0.02844 0.00194 ( 1)
 198 D   0.98179 0.00838 0.00960 0.00023 ( 1)
 199 L   0.11663 0.66462 0.14493 0.07382 ( 2)
 200 V   0.96100 0.02330 0.01494 0.00077 ( 1)
 201 A   0.67933 0.29626 0.01394 0.01046 ( 1)
 202 I   0.23768 0.66215 0.06164 0.03853 ( 2)
 203 F   0.96770 0.01738 0.01444 0.00047 ( 1)
 204 P   0.67340 0.30023 0.01636 0.01002 ( 1)
 205 A   0.00017 0.53810 0.01202 0.44970 ( 2)


lnL = -2167.174686

Bayes Empirical Bayes (BEB) probabilities for 4 classes (class)
(amino acids refer to 1st sequence: BT_Cry7Ba1)

   1 -   0.49346 0.33363 0.10337 0.06954 ( 1)
   2 -   0.08404 0.74306 0.01768 0.15523 ( 2)
   3 -   0.55310 0.27399 0.11581 0.05709 ( 1)
   4 -   0.60020 0.22690 0.12564 0.04727 ( 1)
   5 -   0.00243 0.82466 0.00052 0.17239 ( 2)
   6 S   0.03477 0.91617 0.00129 0.04778 ( 2)
   7 K   0.03594 0.92526 0.00066 0.03815 ( 2)
   8 I   0.15593 0.77994 0.00724 0.05690 ( 2)
   9 L   0.81176 0.12143 0.05669 0.01012 ( 1)
  10 K   0.86821 0.11174 0.01555 0.00450 ( 1)
  11 E   0.00116 0.93983 0.00005 0.05895 ( 2)
  12 I   0.95085 0.02395 0.02417 0.00103 ( 1)
  13 L   0.71627 0.10698 0.15729 0.01946 ( 1)
  14 D   0.28547 0.21380 0.48702 0.01372 ( 3)
  15 Y   0.00535 0.94559 0.00019 0.04886 ( 2)
  16 L   0.93256 0.03104 0.03467 0.00173 ( 1)
  17 W   0.81305 0.09829 0.07825 0.01041 ( 1)
  18 P   0.83806 0.07669 0.07740 0.00785 ( 1)
  19 S   0.01620 0.80706 0.07110 0.10564 ( 2)
  20 S   0.92859 0.02989 0.03979 0.00172 ( 1)
  21 S   0.02179 0.09928 0.84222 0.03671 ( 3)
  22 S   0.00322 0.56009 0.17958 0.25711 ( 2)
  23 S   0.00269 0.49498 0.22112 0.28121 ( 2)
  24 N   0.10020 0.46485 0.30042 0.13453 ( 2)
  25 S   0.47804 0.47132 0.02240 0.02825 ( 1)
  26 W   0.81305 0.09829 0.07825 0.01041 ( 1)
  27 E   0.01765 0.74043 0.13466 0.10726 ( 2)
  28 E   0.65302 0.25012 0.07341 0.02346 ( 1)
  29 M   0.48100 0.49385 0.00950 0.01566 ( 2)
  30 M   0.97667 0.00523 0.01794 0.00016 ( 1)
  31 K   0.06066 0.71511 0.11156 0.11267 ( 2)
  32 E   0.00035 0.91411 0.00026 0.08529 ( 2)
  33 V   0.96319 0.01805 0.01796 0.00080 ( 1)
  34 E   0.94010 0.01796 0.04069 0.00126 ( 1)
  35 Y   0.00245 0.18298 0.76638 0.04819 ( 3)
  36 L   0.92466 0.04283 0.03060 0.00191 ( 1)
  37 I   0.96187 0.01535 0.02211 0.00066 ( 1)
  38 D   0.89418 0.08885 0.01385 0.00312 ( 1)
  39 K   0.22941 0.19002 0.56396 0.01661 ( 3)
  40 K   0.97137 0.01212 0.01602 0.00048 ( 1)
  41 I   0.97386 0.01142 0.01429 0.00044 ( 1)
  42 E   0.52587 0.36151 0.06219 0.05042 ( 1)
  43 E   0.96569 0.01741 0.01619 0.00071 ( 1)
  44 Y   0.00002 0.84060 0.00009 0.15929 ( 2)
  45 A   0.24256 0.35023 0.38390 0.02331 ( 3)
  46 R   0.17871 0.72443 0.01901 0.07784 ( 2)
  47 N   0.00529 0.81020 0.00107 0.18343 ( 2)
  48 K   0.09431 0.74807 0.03317 0.12445 ( 2)
  49 A   0.97093 0.01147 0.01720 0.00041 ( 1)
  50 L   0.94753 0.02026 0.03128 0.00093 ( 1)
  51 A   0.01467 0.31983 0.31897 0.34652 ( 4)
  52 V   0.00474 0.09343 0.65660 0.24523 ( 3)
  53 L   0.87197 0.06250 0.06041 0.00512 ( 1)
  54 E   0.06241 0.89698 0.00126 0.03936 ( 2)
  55 G   0.00124 0.69923 0.19661 0.10291 ( 2)
  56 I   0.17923 0.78564 0.00334 0.03178 ( 2)
  57 G   0.95982 0.01303 0.02659 0.00056 ( 1)
  58 N   0.00524 0.87135 0.02079 0.10262 ( 2)
  59 A   0.91788 0.05178 0.02798 0.00235 ( 1)
  60 V   0.53130 0.43900 0.01151 0.01818 ( 1)
  61 E   0.13214 0.83042 0.00265 0.03479 ( 2)
  62 S   0.00792 0.29043 0.20166 0.50000 ( 4)
  63 Y   0.95115 0.01924 0.02870 0.00091 ( 1)
  64 Y   0.10150 0.85109 0.00347 0.04394 ( 2)
  65 S   0.08460 0.76687 0.06372 0.08481 ( 2)
  66 A   0.97093 0.01147 0.01720 0.00041 ( 1)
  67 L   0.73234 0.22578 0.02908 0.01279 ( 1)
  68 E   0.69144 0.24989 0.04227 0.01640 ( 1)
  69 A   0.02144 0.17383 0.76254 0.04218 ( 3)
  70 W   0.81305 0.09829 0.07825 0.01041 ( 1)
  71 E   0.78494 0.19195 0.01495 0.00816 ( 1)
  72 -   0.05289 0.77421 0.01114 0.16176 ( 2)
  73 L   0.00162 0.87648 0.00358 0.11832 ( 2)
  74 E   0.00032 0.05328 0.89793 0.04846 ( 3)
  75 S   0.00018 0.62789 0.05744 0.31449 ( 2)
  76 S   0.00132 0.87744 0.00572 0.11552 ( 2)
  77 E   0.00038 0.77353 0.01615 0.20994 ( 2)
  78 R   0.02896 0.86492 0.00258 0.10354 ( 2)
  79 S   0.97229 0.00687 0.02062 0.00022 ( 1)
  80 L   0.08713 0.84120 0.00513 0.06654 ( 2)
  81 E   0.00530 0.79569 0.00209 0.19692 ( 2)
  82 L   0.02772 0.57099 0.01940 0.38189 ( 2)
  83 V   0.96319 0.01805 0.01796 0.00080 ( 1)
  84 L   0.00043 0.81337 0.00680 0.17940 ( 2)
  85 E   0.00021 0.02207 0.73891 0.23881 ( 3)
  86 R   0.90516 0.03302 0.05927 0.00256 ( 1)
  87 Y   0.66808 0.29605 0.02183 0.01403 ( 1)
  88 Q   0.00000 0.01830 0.00081 0.98088 ( 4)
  89 F   0.00444 0.72185 0.01722 0.25649 ( 2)
  90 A   0.88580 0.05123 0.05890 0.00407 ( 1)
  91 V   0.01308 0.50881 0.23718 0.24093 ( 2)
  92 Q   0.65633 0.26367 0.05514 0.02486 ( 1)
  93 F   0.05271 0.87386 0.01369 0.05974 ( 2)
  94 A   0.14372 0.82131 0.00309 0.03188 ( 2)
  95 R   0.91248 0.06728 0.01795 0.00229 ( 1)
  96 S   0.02109 0.40054 0.26623 0.31214 ( 2)
  97 S   0.00003 0.17994 0.03694 0.78308 ( 4)
  98 M   0.97667 0.00523 0.01794 0.00016 ( 1)
  99 P   0.03795 0.91796 0.00127 0.04281 ( 2)
 100 S   0.04514 0.79053 0.00537 0.15896 ( 2)
 101 F   0.96183 0.01460 0.02294 0.00063 ( 1)
 102 A   0.02549 0.79942 0.00487 0.17022 ( 2)
 103 I   0.00509 0.29462 0.30413 0.39615 ( 4)
 104 I   0.00002 0.05269 0.65983 0.28746 ( 3)
 105 N   0.00284 0.26917 0.69386 0.03414 ( 3)
 106 Y   0.73078 0.23438 0.02334 0.01149 ( 1)
 107 E   0.97046 0.01280 0.01621 0.00053 ( 1)
 108 I   0.96022 0.01701 0.02203 0.00073 ( 1)
 109 P   0.81435 0.07126 0.10469 0.00971 ( 1)
 110 L   0.87230 0.08556 0.03650 0.00565 ( 1)
 111 L   0.92723 0.03624 0.03453 0.00200 ( 1)
 112 A   0.97093 0.01147 0.01720 0.00041 ( 1)
 113 T   0.97071 0.01115 0.01775 0.00039 ( 1)
 114 Y   0.95115 0.01924 0.02870 0.00091 ( 1)
 115 A   0.96793 0.01441 0.01716 0.00050 ( 1)
 116 N   0.23534 0.73528 0.00386 0.02552 ( 2)
 117 A   0.95710 0.01654 0.02565 0.00071 ( 1)
 118 A   0.96550 0.01678 0.01714 0.00058 ( 1)
 119 N   0.97792 0.00819 0.01362 0.00027 ( 1)
 120 V   0.59130 0.37362 0.01643 0.01865 ( 1)
 121 H   0.97194 0.00793 0.01986 0.00026 ( 1)
 122 L   0.92154 0.03797 0.03815 0.00234 ( 1)
 123 L   0.76589 0.19815 0.02666 0.00931 ( 1)
 124 L   0.92779 0.03551 0.03471 0.00198 ( 1)
 125 M   0.86361 0.11629 0.01649 0.00360 ( 1)
 126 R   0.85329 0.12514 0.01740 0.00416 ( 1)
 127 D   0.97768 0.00851 0.01353 0.00029 ( 1)
 128 I   0.01193 0.93353 0.00202 0.05252 ( 2)
 129 Q   0.95706 0.01425 0.02808 0.00061 ( 1)
 130 I   0.97154 0.01359 0.01435 0.00051 ( 1)
 131 Y   0.85206 0.05051 0.09148 0.00594 ( 1)
 132 G   0.88725 0.04891 0.05998 0.00386 ( 1)
 133 D   0.09552 0.71934 0.13707 0.04807 ( 2)
 134 R   0.01835 0.69394 0.06943 0.21828 ( 2)
 135 W   0.81305 0.09829 0.07825 0.01041 ( 1)
 136 G   0.00224 0.01076 0.96644 0.02057 ( 3)
 137 I   0.07830 0.88454 0.00126 0.03590 ( 2)
 138 S   0.00302 0.66476 0.02146 0.31076 ( 2)
 139 Q   0.71256 0.23503 0.03543 0.01697 ( 1)
 140 N   0.00016 0.90174 0.00200 0.09609 ( 2)
 141 D   0.97768 0.00851 0.01353 0.00029 ( 1)
 142 M   0.00352 0.08189 0.86754 0.04705 ( 3)
 143 N   0.03435 0.35988 0.40057 0.20519 ( 3)
 144 L   0.78232 0.11377 0.08977 0.01414 ( 1)
 145 F   0.51328 0.36960 0.06164 0.05548 ( 1)
 146 L   0.09424 0.85094 0.00407 0.05075 ( 2)
 147 K   0.00279 0.80113 0.00422 0.19185 ( 2)
 148 E   0.97046 0.01280 0.01621 0.00053 ( 1)
 149 Q   0.95706 0.01425 0.02808 0.00061 ( 1)
 150 E   0.77678 0.20045 0.01415 0.00862 ( 1)
 151 I   0.00015 0.46607 0.06962 0.46416 ( 2)
 152 Y   0.07354 0.17755 0.71355 0.03536 ( 3)
 153 T   0.87887 0.05614 0.06039 0.00459 ( 1)
 154 S   0.00141 0.70360 0.00752 0.28747 ( 2)
 155 E   0.97046 0.01280 0.01621 0.00053 ( 1)
 156 Y   0.93274 0.03734 0.02822 0.00169 ( 1)
 157 S   0.09476 0.26822 0.59034 0.04667 ( 3)
 158 E   0.74400 0.20611 0.03748 0.01241 ( 1)
 159 H   0.21784 0.09638 0.66250 0.02328 ( 3)
 160 C   0.84330 0.05675 0.09317 0.00679 ( 1)
 161 V   0.00087 0.12143 0.53017 0.34753 ( 3)
 162 K   0.79287 0.15540 0.04038 0.01135 ( 1)
 163 W   0.00010 0.60794 0.01669 0.37527 ( 2)
 164 Y   0.95115 0.01924 0.02870 0.00091 ( 1)
 165 N   0.97792 0.00819 0.01362 0.00027 ( 1)
 166 E   0.77763 0.17850 0.03334 0.01053 ( 1)
 167 G   0.96636 0.01374 0.01942 0.00047 ( 1)
 168 L   0.92948 0.03398 0.03465 0.00189 ( 1)
 169 N   0.97792 0.00819 0.01362 0.00027 ( 1)
 170 Q   0.67122 0.29621 0.01975 0.01282 ( 1)
 171 L   0.88556 0.04897 0.06143 0.00404 ( 1)
 172 K   0.97137 0.01212 0.01602 0.00048 ( 1)
 173 T   0.14154 0.67894 0.11143 0.06809 ( 2)
 174 K   0.83180 0.14788 0.01416 0.00616 ( 1)
 175 G   0.15002 0.68428 0.10648 0.05921 ( 2)
 176 G   0.85898 0.04497 0.09086 0.00519 ( 1)
 177 A   0.06165 0.87688 0.00306 0.05841 ( 2)
 178 S   0.81138 0.16594 0.01724 0.00544 ( 1)
 179 G   0.66087 0.30831 0.01826 0.01256 ( 1)
 180 L   0.05500 0.88912 0.00234 0.05354 ( 2)
 181 V   0.06653 0.88563 0.00190 0.04594 ( 2)
 182 W   0.81305 0.09829 0.07825 0.01041 ( 1)
 183 E   0.07038 0.87311 0.00316 0.05335 ( 2)
 184 N   0.04951 0.91725 0.00081 0.03243 ( 2)
 185 Y   0.73078 0.23438 0.02334 0.01149 ( 1)
 186 N   0.93976 0.01775 0.04148 0.00101 ( 1)
 187 S   0.12878 0.29099 0.52301 0.05723 ( 3)
 188 F   0.89694 0.04378 0.05605 0.00323 ( 1)
 189 R   0.92010 0.02993 0.04809 0.00188 ( 1)
 190 T   0.75764 0.21932 0.01511 0.00792 ( 1)
 191 E   0.97046 0.01280 0.01621 0.00053 ( 1)
 192 M   0.97667 0.00523 0.01794 0.00016 ( 1)
 193 T   0.96954 0.01229 0.01775 0.00043 ( 1)
 194 I   0.23871 0.68312 0.01702 0.06115 ( 2)
 195 M   0.08132 0.85494 0.00264 0.06110 ( 2)
 196 V   0.95644 0.02333 0.01929 0.00095 ( 1)
 197 L   0.91781 0.04521 0.03446 0.00252 ( 1)
 198 D   0.97768 0.00851 0.01353 0.00029 ( 1)
 199 L   0.06267 0.73788 0.11239 0.08705 ( 2)
 200 V   0.95497 0.02465 0.01939 0.00100 ( 1)
 201 A   0.58592 0.38151 0.01578 0.01679 ( 1)
 202 I   0.13421 0.76171 0.05340 0.05068 ( 2)
 203 F   0.96104 0.01865 0.01965 0.00066 ( 1)
 204 P   0.57210 0.39321 0.01801 0.01668 ( 1)
 205 A   0.00006 0.55671 0.00540 0.43783 ( 2)

