Supplemental results for CODEML (seqf: algn  treef: tree)


dN/dS (w) for site classes (K=4)

site class             0        1       2a       2b
proportion       0.65257  0.34743  0.00000  0.00000
background w     0.11205  1.00000  0.11205  1.00000
foreground w     0.11205  1.00000  1.00000  1.00000

Naive Empirical Bayes (NEB) probabilities for 4 classes
(amino acids refer to 1st sequence: BT_Cry19Aa1)

   1 E   0.00104 0.99896 0.00000 0.00000 ( 2)
   2 V   0.99993 0.00007 0.00000 0.00000 ( 1)
   3 K   0.99980 0.00020 0.00000 0.00000 ( 1)
   4 T   0.37394 0.62606 0.00000 0.00000 ( 2)
   5 E   0.99972 0.00028 0.00000 0.00000 ( 1)
   6 L   0.98361 0.01639 0.00000 0.00000 ( 1)
   7 T   0.99905 0.00095 0.00000 0.00000 ( 1)
   8 R   0.99748 0.00252 0.00000 0.00000 ( 1)
   9 E   0.99972 0.00028 0.00000 0.00000 ( 1)
  10 I   0.99991 0.00009 0.00000 0.00000 ( 1)
  11 Y   0.99940 0.00060 0.00000 0.00000 ( 1)
  12 S   0.98879 0.01121 0.00000 0.00000 ( 1)
  13 D   0.99998 0.00002 0.00000 0.00000 ( 1)
  14 V   0.99773 0.00227 0.00000 0.00000 ( 1)
  15 I   0.99933 0.00067 0.00000 0.00000 ( 1)
  16 N   0.99996 0.00004 0.00000 0.00000 ( 1)
  17 G   0.15680 0.84320 0.00000 0.00000 ( 2)
  18 E   0.53201 0.46799 0.00000 0.00000 ( 1)
  19 I   0.01919 0.98081 0.00000 0.00000 ( 2)
  20 Y   0.16074 0.83926 0.00000 0.00000 ( 2)
  21 G   0.73932 0.26068 0.00000 0.00000 ( 1)
  22 L   0.04252 0.95748 0.00000 0.00000 ( 2)
  23 M   0.39261 0.60739 0.00000 0.00000 ( 2)
  24 -   0.40744 0.59256 0.00000 0.00000 ( 2)
  25 T   0.01411 0.98589 0.00000 0.00000 ( 2)
  26 P   0.47376 0.52624 0.00000 0.00000 ( 2)
  27 Y   0.04310 0.95690 0.00000 0.00000 ( 2)
  28 F   0.00248 0.99752 0.00000 0.00000 ( 2)
  29 S   0.85119 0.14881 0.00000 0.00000 ( 1)
  30 F   0.98222 0.01778 0.00000 0.00000 ( 1)
  31 E   0.01553 0.98447 0.00000 0.00000 ( 2)
  32 K   0.10720 0.89280 0.00000 0.00000 ( 2)
  33 A   0.49809 0.50191 0.00000 0.00000 ( 2)
  34 E   0.99972 0.00028 0.00000 0.00000 ( 1)
  35 S   0.81375 0.18625 0.00000 0.00000 ( 1)
  36 L   0.99698 0.00302 0.00000 0.00000 ( 1)
  37 Y   0.99981 0.00019 0.00000 0.00000 ( 1)
  38 T   0.99915 0.00085 0.00000 0.00000 ( 1)
  39 R   0.89247 0.10753 0.00000 0.00000 ( 1)
  40 A   0.00773 0.99227 0.00000 0.00000 ( 2)
  41 P   0.99956 0.00044 0.00000 0.00000 ( 1)
  42 H   0.99997 0.00003 0.00000 0.00000 ( 1)
  43 L   0.20925 0.79075 0.00000 0.00000 ( 2)
  44 F   0.99294 0.00706 0.00000 0.00000 ( 1)
  45 T   0.99993 0.00007 0.00000 0.00000 ( 1)
  46 W   0.96293 0.03707 0.00000 0.00000 ( 1)
  47 L   0.99630 0.00370 0.00000 0.00000 ( 1)
  48 K   0.56474 0.43526 0.00000 0.00000 ( 1)
  49 G   0.99150 0.00850 0.00000 0.00000 ( 1)
  50 F   0.99666 0.00334 0.00000 0.00000 ( 1)
  51 R   0.61260 0.38740 0.00000 0.00000 ( 1)
  52 F   0.99996 0.00004 0.00000 0.00000 ( 1)
  53 V   0.99885 0.00115 0.00000 0.00000 ( 1)
  54 T   0.99137 0.00863 0.00000 0.00000 ( 1)
  55 N   0.99996 0.00004 0.00000 0.00000 ( 1)
  56 S   0.22062 0.77938 0.00000 0.00000 ( 2)
  57 I   0.99381 0.00619 0.00000 0.00000 ( 1)
  58 S   0.85749 0.14251 0.00000 0.00000 ( 1)
  59 Y   0.00093 0.99907 0.00000 0.00000 ( 2)
  60 -   0.99329 0.00671 0.00000 0.00000 ( 1)
  61 -   0.02028 0.97972 0.00000 0.00000 ( 2)
  62 -   0.00064 0.99936 0.00000 0.00000 ( 2)
  63 -   0.13486 0.86514 0.00000 0.00000 ( 2)
  64 -   0.90806 0.09194 0.00000 0.00000 ( 1)
  65 -   0.68490 0.31510 0.00000 0.00000 ( 1)
  66 W   0.96293 0.03707 0.00000 0.00000 ( 1)
  67 T   0.21930 0.78070 0.00000 0.00000 ( 2)
  68 F   0.99794 0.00206 0.00000 0.00000 ( 1)
  69 L   0.99680 0.00320 0.00000 0.00000 ( 1)
  70 S   0.88884 0.11116 0.00000 0.00000 ( 1)
  71 G   0.99922 0.00078 0.00000 0.00000 ( 1)
  72 G   0.00026 0.99974 0.00000 0.00000 ( 2)
  73 Q   0.23507 0.76493 0.00000 0.00000 ( 2)
  74 N   0.99970 0.00030 0.00000 0.00000 ( 1)
  75 K   0.97913 0.02087 0.00000 0.00000 ( 1)
  76 Y   0.97827 0.02173 0.00000 0.00000 ( 1)
  77 S   0.96856 0.03144 0.00000 0.00000 ( 1)
  78 Y   0.05010 0.94990 0.00000 0.00000 ( 2)
  79 T   0.71965 0.28035 0.00000 0.00000 ( 1)
  80 N   0.00040 0.99960 0.00000 0.00000 ( 2)
  81 -   0.65257 0.34743 0.00000 0.00000 ( 1)
  82 N   0.00001 0.99999 0.00000 0.00000 ( 2)
  83 S   0.00041 0.99959 0.00000 0.00000 ( 2)
  84 S   0.00037 0.99963 0.00000 0.00000 ( 2)
  85 I   0.95003 0.04997 0.00000 0.00000 ( 1)
  86 N   0.00005 0.99995 0.00000 0.00000 ( 2)
  87 E   0.00145 0.99855 0.00000 0.00000 ( 2)
  88 G   0.96037 0.03963 0.00000 0.00000 ( 1)
  89 S   0.97495 0.02505 0.00000 0.00000 ( 1)
  90 F   0.99968 0.00032 0.00000 0.00000 ( 1)
  91 R   0.00000 1.00000 0.00000 0.00000 ( 2)
  92 G   0.98956 0.01044 0.00000 0.00000 ( 1)
  93 Q   0.02364 0.97636 0.00000 0.00000 ( 2)
  94 D   0.83683 0.16317 0.00000 0.00000 ( 1)
  95 T   0.10276 0.89724 0.00000 0.00000 ( 2)
  96 D   0.02553 0.97447 0.00000 0.00000 ( 2)
  97 Y   0.81807 0.18193 0.00000 0.00000 ( 1)
  98 G   0.99330 0.00670 0.00000 0.00000 ( 1)
  99 G   0.93721 0.06279 0.00000 0.00000 ( 1)
 100 T   0.28999 0.71001 0.00000 0.00000 ( 2)
 101 S   0.06219 0.93781 0.00000 0.00000 ( 2)
 102 S   0.99850 0.00150 0.00000 0.00000 ( 1)
 103 T   0.03033 0.96967 0.00000 0.00000 ( 2)
 104 I   0.10263 0.89737 0.00000 0.00000 ( 2)
 105 N   0.06373 0.93627 0.00000 0.00000 ( 2)
 106 I   0.89853 0.10147 0.00000 0.00000 ( 1)
 107 P   0.00001 0.99999 0.00000 0.00000 ( 2)
 108 S   0.00041 0.99959 0.00000 0.00000 ( 2)
 109 N   0.00100 0.99900 0.00000 0.00000 ( 2)
 110 S   0.02260 0.97740 0.00000 0.00000 ( 2)
 111 Y   0.74429 0.25571 0.00000 0.00000 ( 1)
 112 V   0.25877 0.74123 0.00000 0.00000 ( 2)
 113 Y   0.98794 0.01206 0.00000 0.00000 ( 1)
 114 N   0.58278 0.41722 0.00000 0.00000 ( 1)
 115 L   0.97792 0.02208 0.00000 0.00000 ( 1)
 116 W   0.13773 0.86227 0.00000 0.00000 ( 2)
 117 T   0.69768 0.30232 0.00000 0.00000 ( 1)
 118 E   0.99750 0.00250 0.00000 0.00000 ( 1)
 119 N   0.85905 0.14095 0.00000 0.00000 ( 1)
 120 Y   0.99225 0.00775 0.00000 0.00000 ( 1)
 121 E   0.88413 0.11586 0.00000 0.00000 ( 1)
 122 Y   0.00011 0.99989 0.00000 0.00000 ( 2)
 123 I   0.99409 0.00591 0.00000 0.00000 ( 1)
 124 Y   0.91764 0.08236 0.00000 0.00000 ( 1)
 125 P   0.99760 0.00240 0.00000 0.00000 ( 1)
 126 W   0.04696 0.95304 0.00000 0.00000 ( 2)
 127 G   0.00004 0.99996 0.00000 0.00000 ( 2)
 128 D   0.99723 0.00277 0.00000 0.00000 ( 1)
 129 P   0.19672 0.80328 0.00000 0.00000 ( 2)
 130 V   0.02068 0.97932 0.00000 0.00000 ( 2)
 131 N   0.99970 0.00030 0.00000 0.00000 ( 1)
 132 I   0.99409 0.00591 0.00000 0.00000 ( 1)
 133 T   0.40288 0.59712 0.00000 0.00000 ( 2)
 134 K   0.36712 0.63288 0.00000 0.00000 ( 2)
 135 M   0.91614 0.08386 0.00000 0.00000 ( 1)
 136 N   0.98991 0.01009 0.00000 0.00000 ( 1)
 137 F   0.99990 0.00010 0.00000 0.00000 ( 1)
 138 S   0.95310 0.04690 0.00000 0.00000 ( 1)
 139 V   0.00094 0.99906 0.00000 0.00000 ( 2)
 140 T   0.95192 0.04808 0.00000 0.00000 ( 1)
 141 D   0.99609 0.00391 0.00000 0.00000 ( 1)
 142 N   0.99996 0.00004 0.00000 0.00000 ( 1)
 143 N   0.96837 0.03163 0.00000 0.00000 ( 1)
 144 S   0.00596 0.99404 0.00000 0.00000 ( 2)
 145 S   0.56985 0.43015 0.00000 0.00000 ( 1)
 146 K   0.00003 0.99997 0.00000 0.00000 ( 2)
 147 E   0.32483 0.67517 0.00000 0.00000 ( 2)
 148 L   0.00003 0.99997 0.00000 0.00000 ( 2)
 149 I   0.13168 0.86832 0.00000 0.00000 ( 2)
 150 Y   0.99737 0.00263 0.00000 0.00000 ( 1)
 151 G   0.96744 0.03256 0.00000 0.00000 ( 1)
 152 -   0.65257 0.34743 0.00000 0.00000 ( 1)
 153 -   0.52213 0.47787 0.00000 0.00000 ( 1)
 154 -   0.38731 0.61269 0.00000 0.00000 ( 2)
 155 A   0.04297 0.95703 0.00000 0.00000 ( 2)
 156 H   0.00061 0.99939 0.00000 0.00000 ( 2)
 157 R   0.64851 0.35149 0.00000 0.00000 ( 1)
 158 T   0.01044 0.98956 0.00000 0.00000 ( 2)
 159 N   0.99996 0.00004 0.00000 0.00000 ( 1)
 160 K   0.00918 0.99082 0.00000 0.00000 ( 2)
 161 P   0.99988 0.00012 0.00000 0.00000 ( 1)
 162 V   0.87342 0.12658 0.00000 0.00000 ( 1)
 163 V   0.99994 0.00006 0.00000 0.00000 ( 1)
 164 R   0.42018 0.57982 0.00000 0.00000 ( 2)
 165 T   0.99864 0.00136 0.00000 0.00000 ( 1)
 166 D   0.99981 0.00019 0.00000 0.00000 ( 1)
 167 F   0.99994 0.00006 0.00000 0.00000 ( 1)
 168 D   0.99827 0.00173 0.00000 0.00000 ( 1)
 169 F   0.99996 0.00004 0.00000 0.00000 ( 1)
 170 L   0.99449 0.00551 0.00000 0.00000 ( 1)
 171 T   0.12973 0.87027 0.00000 0.00000 ( 2)
 172 N   0.99661 0.00339 0.00000 0.00000 ( 1)
 173 K   0.99783 0.00217 0.00000 0.00000 ( 1)
 174 E   0.24842 0.75158 0.00000 0.00000 ( 2)
 175 G   0.63464 0.36536 0.00000 0.00000 ( 1)
 176 T   0.99079 0.00921 0.00000 0.00000 ( 1)
 177 E   0.40971 0.59029 0.00000 0.00000 ( 2)
 178 L   0.09372 0.90628 0.00000 0.00000 ( 2)
 179 A   0.38992 0.61008 0.00000 0.00000 ( 2)
 180 K   0.99006 0.00994 0.00000 0.00000 ( 1)
 181 Y   0.92622 0.07378 0.00000 0.00000 ( 1)
 182 N   0.99945 0.00055 0.00000 0.00000 ( 1)
 183 D   0.99072 0.00928 0.00000 0.00000 ( 1)
 184 Y   0.99954 0.00046 0.00000 0.00000 ( 1)
 185 N   0.99117 0.00883 0.00000 0.00000 ( 1)
 186 H   0.99989 0.00011 0.00000 0.00000 ( 1)
 187 I   0.99995 0.00005 0.00000 0.00000 ( 1)
 188 L   0.99420 0.00580 0.00000 0.00000 ( 1)
 189 S   0.99217 0.00783 0.00000 0.00000 ( 1)
 190 Y   0.90549 0.09451 0.00000 0.00000 ( 1)
 191 M   0.60885 0.39115 0.00000 0.00000 ( 1)
 192 L   0.99302 0.00698 0.00000 0.00000 ( 1)
 193 I   0.25411 0.74589 0.00000 0.00000 ( 2)
 194 N   0.99421 0.00579 0.00000 0.00000 ( 1)
 195 -   0.90806 0.09194 0.00000 0.00000 ( 1)
 196 -   0.92908 0.07092 0.00000 0.00000 ( 1)
 197 -   0.79919 0.20081 0.00000 0.00000 ( 1)
 198 G   0.69685 0.30315 0.00000 0.00000 ( 1)
 199 E   0.01779 0.98221 0.00000 0.00000 ( 2)
 200 T   0.99312 0.00688 0.00000 0.00000 ( 1)
 201 F   0.31990 0.68010 0.00000 0.00000 ( 2)
 202 G   0.98764 0.01236 0.00000 0.00000 ( 1)
 203 Q   0.72063 0.27937 0.00000 0.00000 ( 1)
 204 K   0.85428 0.14572 0.00000 0.00000 ( 1)
 205 R   0.56389 0.43611 0.00000 0.00000 ( 1)
 206 H   0.99457 0.00543 0.00000 0.00000 ( 1)
 207 G   0.99973 0.00027 0.00000 0.00000 ( 1)
 208 Y   0.99988 0.00012 0.00000 0.00000 ( 1)
 209 S   0.90843 0.09157 0.00000 0.00000 ( 1)
 210 F   0.99996 0.00004 0.00000 0.00000 ( 1)
 211 A   0.99688 0.00312 0.00000 0.00000 ( 1)
 212 F   0.99994 0.00006 0.00000 0.00000 ( 1)
 213 T   0.99737 0.00263 0.00000 0.00000 ( 1)
 214 H   0.99998 0.00002 0.00000 0.00000 ( 1)
 215 S   0.99999 0.00001 0.00000 0.00000 ( 1)
 216 S   0.99823 0.00177 0.00000 0.00000 ( 1)


lnL = -3715.065901

Bayes Empirical Bayes (BEB) probabilities for 4 classes (class)
(amino acids refer to 1st sequence: BT_Cry19Aa1)

   1 E   0.00572 0.96685 0.00013 0.02730 ( 2)
   2 V   0.98525 0.00009 0.01465 0.00000 ( 1)
   3 K   0.98300 0.00024 0.01675 0.00001 ( 1)
   4 T   0.51975 0.44638 0.01755 0.01632 ( 1)
   5 E   0.98201 0.00033 0.01766 0.00001 ( 1)
   6 L   0.95453 0.01503 0.02991 0.00053 ( 1)
   7 T   0.97210 0.00112 0.02674 0.00004 ( 1)
   8 R   0.97945 0.00256 0.01793 0.00006 ( 1)
   9 E   0.98201 0.00033 0.01766 0.00001 ( 1)
  10 I   0.98573 0.00012 0.01414 0.00000 ( 1)
  11 Y   0.98359 0.00072 0.01568 0.00002 ( 1)
  12 S   0.96289 0.01055 0.02623 0.00033 ( 1)
  13 D   0.98736 0.00003 0.01261 0.00000 ( 1)
  14 V   0.96560 0.00230 0.03202 0.00008 ( 1)
  15 I   0.80826 0.00055 0.19116 0.00003 ( 1)
  16 N   0.98652 0.00006 0.01342 0.00000 ( 1)
  17 G   0.30721 0.55363 0.10627 0.03289 ( 2)
  18 E   0.71134 0.25150 0.02772 0.00943 ( 1)
  19 I   0.05905 0.87883 0.01249 0.04963 ( 2)
  20 Y   0.26328 0.56561 0.11791 0.05320 ( 2)
  21 G   0.81187 0.15933 0.02356 0.00524 ( 1)
  22 L   0.06142 0.43342 0.42117 0.08398 ( 2)
  23 M   0.58931 0.38920 0.01139 0.01011 ( 1)
  24 -   0.49896 0.45412 0.02467 0.02225 ( 1)
  25 T   0.03946 0.91362 0.00195 0.04497 ( 2)
  26 P   0.59688 0.35620 0.02950 0.01742 ( 1)
  27 Y   0.14404 0.83262 0.00229 0.02105 ( 2)
  28 F   0.01064 0.93853 0.00291 0.04792 ( 2)
  29 S   0.90042 0.08426 0.01324 0.00208 ( 1)
  30 F   0.96687 0.01231 0.02043 0.00039 ( 1)
  31 E   0.05304 0.91716 0.00143 0.02837 ( 2)
  32 K   0.24190 0.73104 0.00568 0.02138 ( 2)
  33 A   0.66643 0.30816 0.01612 0.00929 ( 1)
  34 E   0.98201 0.00033 0.01766 0.00001 ( 1)
  35 S   0.86548 0.11590 0.01568 0.00294 ( 1)
  36 L   0.98140 0.00250 0.01604 0.00006 ( 1)
  37 Y   0.98419 0.00024 0.01556 0.00001 ( 1)
  38 T   0.97889 0.00093 0.02015 0.00002 ( 1)
  39 R   0.87465 0.09313 0.02889 0.00333 ( 1)
  40 A   0.02752 0.94487 0.00065 0.02696 ( 2)
  41 P   0.98332 0.00049 0.01619 0.00001 ( 1)
  42 H   0.98692 0.00004 0.01304 0.00000 ( 1)
  43 L   0.33557 0.63791 0.00804 0.01847 ( 2)
  44 F   0.96559 0.00677 0.02742 0.00022 ( 1)
  45 T   0.98537 0.00010 0.01453 0.00000 ( 1)
  46 W   0.93579 0.03250 0.03056 0.00115 ( 1)
  47 L   0.97312 0.00367 0.02310 0.00010 ( 1)
  48 K   0.65071 0.31367 0.02357 0.01206 ( 1)
  49 G   0.96901 0.00805 0.02272 0.00023 ( 1)
  50 F   0.98315 0.00272 0.01407 0.00006 ( 1)
  51 R   0.75556 0.22447 0.01433 0.00565 ( 1)
  52 F   0.98585 0.00005 0.01410 0.00000 ( 1)
  53 V   0.97801 0.00121 0.02075 0.00003 ( 1)
  54 T   0.97629 0.00845 0.01506 0.00020 ( 1)
  55 N   0.98652 0.00006 0.01342 0.00000 ( 1)
  56 S   0.44422 0.53631 0.00700 0.01246 ( 2)
  57 I   0.98072 0.00509 0.01408 0.00012 ( 1)
  58 S   0.90638 0.07755 0.01428 0.00179 ( 1)
  59 Y   0.00504 0.94820 0.00025 0.04650 ( 2)
  60 -   0.97836 0.00667 0.01481 0.00015 ( 1)
  61 -   0.04117 0.67751 0.18864 0.09267 ( 2)
  62 -   0.00284 0.94117 0.00068 0.05532 ( 2)
  63 -   0.23501 0.71807 0.01163 0.03529 ( 2)
  64 -   0.87254 0.08054 0.04300 0.00392 ( 1)
  65 -   0.75468 0.22789 0.01169 0.00574 ( 1)
  66 W   0.93579 0.03250 0.03056 0.00115 ( 1)
  67 T   0.39727 0.57906 0.00819 0.01548 ( 2)
  68 F   0.98397 0.00185 0.01413 0.00004 ( 1)
  69 L   0.97360 0.00320 0.02311 0.00009 ( 1)
  70 S   0.91000 0.07140 0.01671 0.00189 ( 1)
  71 G   0.98422 0.00085 0.01491 0.00002 ( 1)
  72 G   0.00190 0.96908 0.00005 0.02897 ( 2)
  73 Q   0.42063 0.55403 0.00978 0.01556 ( 2)
  74 N   0.98626 0.00032 0.01342 0.00001 ( 1)
  75 K   0.96947 0.01366 0.01653 0.00033 ( 1)
  76 Y   0.96984 0.01450 0.01532 0.00035 ( 1)
  77 S   0.96386 0.02048 0.01518 0.00047 ( 1)
  78 Y   0.15757 0.80959 0.00334 0.02950 ( 2)
  79 T   0.79133 0.17698 0.02545 0.00624 ( 1)
  80 N   0.00154 0.66649 0.02239 0.30958 ( 2)
  81 -   0.66951 0.28357 0.03307 0.01385 ( 1)
  82 N   0.00005 0.95323 0.00001 0.04671 ( 2)
  83 S   0.00321 0.95449 0.00052 0.04177 ( 2)
  84 S   0.00222 0.94170 0.00080 0.05528 ( 2)
  85 I   0.95877 0.02687 0.01375 0.00061 ( 1)
  86 N   0.00041 0.97518 0.00001 0.02440 ( 2)
  87 E   0.00675 0.89593 0.00525 0.09207 ( 2)
  88 G   0.94848 0.02847 0.02224 0.00080 ( 1)
  89 S   0.96785 0.01587 0.01593 0.00036 ( 1)
  90 F   0.98166 0.00039 0.01793 0.00001 ( 1)
  91 R   0.00000 0.96623 0.00000 0.03377 ( 2)
  92 G   0.95737 0.00986 0.03241 0.00036 ( 1)
  93 Q   0.06941 0.89697 0.00221 0.03142 ( 2)
  94 D   0.89082 0.08663 0.01994 0.00261 ( 1)
  95 T   0.25573 0.71971 0.00527 0.01930 ( 2)
  96 D   0.09354 0.87508 0.00271 0.02867 ( 2)
  97 Y   0.88631 0.09732 0.01404 0.00234 ( 1)
  98 G   0.97993 0.00513 0.01482 0.00011 ( 1)
  99 G   0.93158 0.04530 0.02185 0.00127 ( 1)
 100 T   0.46617 0.50134 0.01479 0.01771 ( 2)
 101 S   0.19579 0.78295 0.00307 0.01819 ( 2)
 102 S   0.98316 0.00134 0.01547 0.00003 ( 1)
 103 T   0.09902 0.83924 0.02060 0.04114 ( 2)
 104 I   0.21740 0.65207 0.08289 0.04764 ( 2)
 105 N   0.19519 0.78519 0.00250 0.01712 ( 2)
 106 I   0.73737 0.04375 0.21627 0.00261 ( 1)
 107 P   0.00011 0.91340 0.00005 0.08644 ( 2)
 108 S   0.00283 0.96548 0.00006 0.03163 ( 2)
 109 N   0.00562 0.94702 0.00092 0.04645 ( 2)
 110 S   0.05931 0.90544 0.00200 0.03325 ( 2)
 111 Y   0.84319 0.14011 0.01334 0.00336 ( 1)
 112 V   0.49621 0.48390 0.00881 0.01107 ( 1)
 113 Y   0.97608 0.00831 0.01542 0.00020 ( 1)
 114 N   0.76153 0.22258 0.01039 0.00549 ( 1)
 115 L   0.95615 0.02055 0.02271 0.00059 ( 1)
 116 W   0.25263 0.71358 0.00827 0.02552 ( 2)
 117 T   0.78708 0.19155 0.01627 0.00510 ( 1)
 118 E   0.98104 0.00219 0.01672 0.00005 ( 1)
 119 N   0.88883 0.08726 0.02139 0.00251 ( 1)
 120 Y   0.97900 0.00539 0.01547 0.00013 ( 1)
 121 E   0.90478 0.07009 0.02306 0.00208 ( 1)
 122 Y   0.00085 0.97468 0.00001 0.02445 ( 2)
 123 I   0.98160 0.00424 0.01406 0.00010 ( 1)
 124 Y   0.93204 0.05179 0.01491 0.00126 ( 1)
 125 P   0.97457 0.00244 0.02292 0.00007 ( 1)
 126 W   0.11438 0.84888 0.00417 0.03257 ( 2)
 127 G   0.00040 0.97558 0.00001 0.02401 ( 2)
 128 D   0.98530 0.00205 0.01260 0.00004 ( 1)
 129 P   0.36620 0.60728 0.00882 0.01770 ( 2)
 130 V   0.06858 0.89920 0.00262 0.02960 ( 2)
 131 N   0.98626 0.00032 0.01342 0.00001 ( 1)
 132 I   0.98160 0.00424 0.01406 0.00010 ( 1)
 133 T   0.58172 0.39571 0.01200 0.01056 ( 1)
 134 K   0.57488 0.39475 0.01612 0.01425 ( 1)
 135 M   0.94000 0.04548 0.01349 0.00104 ( 1)
 136 N   0.97919 0.00731 0.01332 0.00018 ( 1)
 137 F   0.98576 0.00012 0.01411 0.00000 ( 1)
 138 S   0.95386 0.03040 0.01503 0.00070 ( 1)
 139 V   0.00514 0.96070 0.00027 0.03389 ( 2)
 140 T   0.93274 0.03551 0.03049 0.00126 ( 1)
 141 D   0.98246 0.00295 0.01451 0.00008 ( 1)
 142 N   0.98652 0.00006 0.01342 0.00000 ( 1)
 143 N   0.95573 0.02073 0.02294 0.00060 ( 1)
 144 S   0.02826 0.94138 0.00068 0.02968 ( 2)
 145 S   0.68579 0.28641 0.01872 0.00907 ( 1)
 146 K   0.00024 0.95781 0.00002 0.04194 ( 2)
 147 E   0.45497 0.40764 0.11480 0.02259 ( 1)
 148 L   0.00020 0.89397 0.00013 0.10570 ( 2)
 149 I   0.27253 0.63345 0.06517 0.02886 ( 2)
 150 Y   0.98211 0.00232 0.01551 0.00006 ( 1)
 151 G   0.96442 0.02054 0.01459 0.00044 ( 1)
 152 -   0.66951 0.28357 0.03307 0.01385 ( 1)
 153 -   0.59632 0.35676 0.02947 0.01745 ( 1)
 154 -   0.48096 0.47212 0.02379 0.02314 ( 1)
 155 A   0.10737 0.85635 0.00383 0.03245 ( 2)
 156 H   0.00343 0.94809 0.00044 0.04804 ( 2)
 157 R   0.78547 0.19541 0.01440 0.00473 ( 1)
 158 T   0.03636 0.91672 0.00180 0.04512 ( 2)
 159 N   0.98652 0.00006 0.01342 0.00000 ( 1)
 160 K   0.03066 0.85890 0.01789 0.09255 ( 2)
 161 P   0.98367 0.00014 0.01618 0.00000 ( 1)
 162 V   0.91849 0.06639 0.01357 0.00155 ( 1)
 163 V   0.98527 0.00007 0.01465 0.00000 ( 1)
 164 R   0.42722 0.30592 0.23681 0.03005 ( 1)
 165 T   0.97268 0.00145 0.02582 0.00005 ( 1)
 166 D   0.83646 0.00018 0.16335 0.00001 ( 1)
 167 F   0.98581 0.00008 0.01411 0.00000 ( 1)
 168 D   0.98599 0.00138 0.01260 0.00003 ( 1)
 169 F   0.98585 0.00005 0.01410 0.00000 ( 1)
 170 L   0.97934 0.00455 0.01601 0.00010 ( 1)
 171 T   0.29947 0.67566 0.00623 0.01864 ( 2)
 172 N   0.98286 0.00328 0.01377 0.00008 ( 1)
 173 K   0.98130 0.00193 0.01672 0.00005 ( 1)
 174 E   0.38382 0.40482 0.17686 0.03450 ( 2)
 175 G   0.74215 0.23382 0.01743 0.00660 ( 1)
 176 T   0.77055 0.00529 0.22386 0.00031 ( 1)
 177 E   0.57143 0.39366 0.02004 0.01487 ( 1)
 178 L   0.20841 0.75889 0.00621 0.02649 ( 2)
 179 A   0.53478 0.42935 0.01934 0.01652 ( 1)
 180 K   0.97176 0.00802 0.02001 0.00021 ( 1)
 181 Y   0.91400 0.05400 0.03006 0.00193 ( 1)
 182 N   0.98598 0.00060 0.01341 0.00001 ( 1)
 183 D   0.97953 0.00648 0.01383 0.00016 ( 1)
 184 Y   0.96786 0.00055 0.03158 0.00002 ( 1)
 185 N   0.98016 0.00626 0.01342 0.00016 ( 1)
 186 H   0.98676 0.00014 0.01310 0.00000 ( 1)
 187 I   0.98580 0.00007 0.01412 0.00000 ( 1)
 188 L   0.97117 0.00561 0.02306 0.00016 ( 1)
 189 S   0.96543 0.00754 0.02679 0.00024 ( 1)
 190 Y   0.92616 0.05778 0.01466 0.00139 ( 1)
 191 M   0.76279 0.21736 0.01453 0.00531 ( 1)
 192 L   0.96022 0.00665 0.03287 0.00026 ( 1)
 193 I   0.43719 0.53579 0.01170 0.01533 ( 2)
 194 N   0.98222 0.00414 0.01354 0.00010 ( 1)
 195 -   0.87254 0.08054 0.04300 0.00392 ( 1)
 196 -   0.88913 0.06395 0.04381 0.00311 ( 1)
 197 -   0.78911 0.16397 0.03893 0.00799 ( 1)
 198 G   0.78191 0.19346 0.01899 0.00563 ( 1)
 199 E   0.05509 0.89799 0.00272 0.04420 ( 2)
 200 T   0.97273 0.00670 0.02038 0.00018 ( 1)
 201 F   0.55827 0.42373 0.00823 0.00977 ( 1)
 202 G   0.71146 0.00719 0.28071 0.00064 ( 1)
 203 Q   0.80063 0.17583 0.01862 0.00492 ( 1)
 204 K   0.89621 0.08634 0.01534 0.00211 ( 1)
 205 R   0.68261 0.29633 0.01313 0.00793 ( 1)
 206 H   0.96636 0.00527 0.02820 0.00017 ( 1)
 207 G   0.98479 0.00030 0.01490 0.00001 ( 1)
 208 Y   0.98430 0.00015 0.01555 0.00000 ( 1)
 209 S   0.90804 0.06610 0.02378 0.00208 ( 1)
 210 F   0.98585 0.00005 0.01410 0.00000 ( 1)
 211 A   0.97528 0.00264 0.02201 0.00008 ( 1)
 212 F   0.98442 0.00008 0.01550 0.00000 ( 1)
 213 T   0.96561 0.00272 0.03158 0.00010 ( 1)
 214 H   0.98694 0.00002 0.01304 0.00000 ( 1)
 215 S   0.98764 0.00001 0.01234 0.00000 ( 1)
 216 S   0.97217 0.00186 0.02591 0.00006 ( 1)

