Supplemental results for CODEML (seqf: algn  treef: tree)


dN/dS (w) for site classes (K=4)

site class             0        1       2a       2b
proportion       0.04778  0.02890  0.57532  0.34799
background w     0.07240  1.10996  0.07240  1.10996
foreground w     0.07240  1.10996  0.06761  0.06761

Naive Empirical Bayes (NEB) probabilities for 4 classes
(amino acids refer to 1st sequence: BT_Cry19Ca1)

   1 -   0.06520 0.01041 0.79683 0.12756 ( 3)
   2 -   0.01372 0.06620 0.16083 0.75925 ( 4)
   3 F   0.00880 0.14612 0.10190 0.74318 ( 4)
   4 D   0.07304 0.00041 0.89518 0.03137 ( 3)
   5 K   0.01544 0.01742 0.18949 0.77765 ( 4)
   6 I   0.07084 0.00175 0.87101 0.05640 ( 3)
   7 T   0.07499 0.00012 0.92129 0.00360 ( 3)
   8 Q   0.07559 0.00004 0.92113 0.00323 ( 3)
   9 I   0.07156 0.00157 0.88006 0.04680 ( 3)
  10 P   0.07540 0.00003 0.92212 0.00245 ( 3)
  11 A   0.07601 0.00012 0.92046 0.00341 ( 3)
  12 V   0.07597 0.00012 0.92028 0.00363 ( 3)
  13 K   0.07514 0.00004 0.92308 0.00174 ( 3)
  14 S   0.02347 0.01095 0.28899 0.67659 ( 4)
  15 S   0.00004 0.20950 0.00043 0.79003 ( 4)
  16 D   0.00000 0.07220 0.00001 0.92779 ( 4)
  17 W   0.03877 0.02082 0.46815 0.47226 ( 4)
  18 L   0.00043 0.05930 0.00517 0.93509 ( 4)
  19 F   0.03928 0.00614 0.48130 0.47329 ( 3)
  20 Y   0.03851 0.03114 0.44800 0.48236 ( 4)
  21 G   0.07349 0.00044 0.89915 0.02692 ( 3)
  22 N   0.01422 0.04081 0.16351 0.78145 ( 4)
  23 L   0.07290 0.00483 0.86945 0.05281 ( 3)
  24 L   0.07388 0.00053 0.89891 0.02668 ( 3)
  25 K   0.00010 0.02230 0.00126 0.97634 ( 4)
  26 G   0.07524 0.00003 0.92197 0.00276 ( 3)
  27 P   0.07536 0.00004 0.92169 0.00291 ( 3)
  28 G   0.07581 0.00005 0.92203 0.00210 ( 3)
  29 H   0.07535 0.00002 0.92332 0.00131 ( 3)
  30 T   0.07508 0.00013 0.92082 0.00397 ( 3)
  31 G   0.07522 0.00004 0.92167 0.00307 ( 3)
  32 G   0.07552 0.00009 0.91918 0.00521 ( 3)
  33 D   0.07530 0.00002 0.92288 0.00180 ( 3)
  34 L   0.07522 0.00020 0.91530 0.00928 ( 3)
  35 V   0.07598 0.00012 0.92046 0.00344 ( 3)
  36 F   0.03751 0.20301 0.41320 0.34628 ( 3)
  37 L   0.07537 0.00004 0.92205 0.00254 ( 3)
  38 D   0.00376 0.08454 0.04157 0.87012 ( 4)
  39 N   0.07425 0.00027 0.91501 0.01047 ( 3)
  40 G   0.00005 0.02556 0.00061 0.97378 ( 4)
  41 N   0.00009 0.10242 0.00104 0.89645 ( 4)
  42 N   0.00120 0.12815 0.01323 0.85741 ( 4)
  43 F   0.00102 0.05987 0.01198 0.92713 ( 4)
  44 N   0.00006 0.08290 0.00070 0.91635 ( 4)
  45 V   0.06834 0.01642 0.77681 0.13842 ( 3)
  46 R   0.00004 0.16679 0.00040 0.83278 ( 4)
  47 V   0.06936 0.00592 0.82270 0.10202 ( 3)
  48 N   0.00306 0.08268 0.03506 0.87921 ( 4)
  49 F   0.06475 0.00323 0.78863 0.14339 ( 3)
  50 -   0.02770 0.04899 0.33349 0.58983 ( 4)
  51 -   0.07021 0.00647 0.84537 0.07795 ( 3)
  52 -   0.07419 0.00249 0.89329 0.03002 ( 3)
  53 -   0.07360 0.00308 0.88624 0.03707 ( 3)
  54 -   0.07277 0.00392 0.87618 0.04714 ( 3)
  55 -   0.06321 0.01347 0.76112 0.16219 ( 3)
  56 -   0.04242 0.03427 0.51071 0.41261 ( 3)
  57 -   0.07455 0.00213 0.89763 0.02568 ( 3)
  58 -   0.02982 0.04686 0.35907 0.56425 ( 4)
  59 P   0.03144 0.01960 0.38077 0.56819 ( 4)
  60 V   0.01643 0.03966 0.19668 0.74722 ( 4)
  61 Q   0.07245 0.00061 0.88252 0.04442 ( 3)
  62 S   0.00052 0.08582 0.00592 0.90775 ( 4)
  63 Y   0.07585 0.00006 0.92185 0.00224 ( 3)
  64 R   0.06629 0.00952 0.75684 0.16736 ( 3)
  65 V   0.02175 0.03996 0.25288 0.68541 ( 4)
  66 R   0.07258 0.00072 0.88337 0.04333 ( 3)
  67 I   0.06291 0.00525 0.77312 0.15872 ( 3)
  68 R   0.07594 0.00009 0.92110 0.00287 ( 3)
  69 Y   0.07541 0.00003 0.92252 0.00204 ( 3)
  70 A   0.07516 0.00004 0.92292 0.00188 ( 3)
  71 A   0.07917 0.00137 0.90281 0.01665 ( 3)
  72 D   0.07716 0.00039 0.91358 0.00887 ( 3)
  73 G   0.06918 0.00100 0.84741 0.08240 ( 3)
  74 N   0.00054 0.04959 0.00640 0.94347 ( 4)
  75 G   0.00431 0.01426 0.05257 0.92886 ( 4)
  76 E   0.06797 0.00214 0.82886 0.10102 ( 3)
  77 M   0.06691 0.00066 0.81950 0.11293 ( 3)
  78 A   0.02594 0.06266 0.31100 0.60040 ( 4)
  79 I   0.06861 0.00287 0.84266 0.08586 ( 3)
  80 S   0.07228 0.04420 0.76678 0.11674 ( 3)
  81 V   0.03230 0.01243 0.39577 0.55950 ( 4)
  82 D   0.00085 0.04440 0.01016 0.94459 ( 4)
  83 G   0.00255 0.01748 0.03113 0.94885 ( 4)
  84 T   0.00000 0.07373 0.00001 0.92625 ( 4)
  85 -   0.06594 0.01075 0.79391 0.12940 ( 3)
  86 -   0.05847 0.01821 0.70405 0.21926 ( 3)
  87 -   0.00056 0.07612 0.00675 0.91657 ( 4)
  88 -   0.03833 0.03835 0.46151 0.46180 ( 4)
  89 L   0.00000 0.29870 0.00000 0.70130 ( 4)
  90 Y   0.02280 0.00987 0.27877 0.68856 ( 4)
  91 T   0.03998 0.01588 0.48843 0.45570 ( 3)
  92 P   0.02646 0.05014 0.30071 0.62269 ( 4)
  93 F   0.07531 0.00002 0.92341 0.00127 ( 3)
  94 N   0.00000 0.04084 0.00000 0.95916 ( 4)
  95 V   0.06430 0.00903 0.76558 0.16109 ( 3)
  96 E   0.07949 0.00044 0.91095 0.00912 ( 3)
  97 R   0.00117 0.05974 0.01387 0.92522 ( 4)
  98 T   0.07502 0.00011 0.92095 0.00392 ( 3)
  99 F   0.07531 0.00002 0.92341 0.00127 ( 3)
 100 S   0.02100 0.01233 0.25574 0.71093 ( 4)
 101 N   0.06233 0.01443 0.71460 0.20864 ( 3)
 102 N   0.00005 0.02584 0.00062 0.97349 ( 4)
 103 N   0.07496 0.00003 0.92383 0.00117 ( 3)
 104 Y   0.07494 0.00012 0.91658 0.00835 ( 3)
 105 -   0.04952 0.02717 0.59623 0.32709 ( 3)
 106 -   0.07415 0.00254 0.89277 0.03054 ( 3)
 107 -   0.07011 0.00657 0.84420 0.07911 ( 3)
 108 N   0.07178 0.00114 0.88408 0.04300 ( 3)
 109 D   0.07505 0.00002 0.92403 0.00090 ( 3)
 110 L   0.07517 0.00019 0.91477 0.00987 ( 3)
 111 K   0.07964 0.00049 0.91308 0.00679 ( 3)
 112 F   0.04599 0.01139 0.55688 0.38574 ( 3)
 113 E   0.07700 0.00280 0.87699 0.04320 ( 3)
 114 D   0.07048 0.00108 0.86742 0.06102 ( 3)
 115 F   0.07578 0.00003 0.92286 0.00133 ( 3)
 116 K   0.07936 0.00044 0.91354 0.00667 ( 3)
 117 V   0.03476 0.08721 0.39728 0.48075 ( 4)
 118 I   0.07319 0.00399 0.84492 0.07790 ( 3)
 119 D   0.07165 0.00117 0.87561 0.05157 ( 3)
 120 T   0.04991 0.01049 0.61186 0.32773 ( 3)
 121 P   0.00000 0.04635 0.00002 0.95363 ( 4)
 122 L   0.04420 0.01763 0.50584 0.43233 ( 3)
 123 I   0.07511 0.00008 0.92109 0.00373 ( 3)
 124 Y   0.05742 0.01020 0.69411 0.23827 ( 3)
 125 N   0.07291 0.00075 0.89797 0.02837 ( 3)
 126 A   0.01294 0.01623 0.15839 0.81244 ( 4)
 127 S   0.04117 0.06125 0.48325 0.41433 ( 3)
 128 Y   0.00002 0.01455 0.00025 0.98518 ( 4)
 129 E   0.01308 0.15052 0.14906 0.68734 ( 4)
 130 G   0.00368 0.01213 0.04490 0.93930 ( 4)
 131 A   0.05661 0.02516 0.64660 0.27163 ( 3)
 132 K   0.06717 0.01303 0.76476 0.15503 ( 3)
 133 S   0.07315 0.00611 0.85023 0.07051 ( 3)
 134 I   0.06929 0.00253 0.85157 0.07661 ( 3)
 135 F   0.02982 0.23137 0.32131 0.41751 ( 4)
 136 L   0.07388 0.00052 0.89892 0.02668 ( 3)
 137 -   0.00002 0.07666 0.00028 0.92304 ( 4)
 138 -   0.00763 0.06905 0.09191 0.83140 ( 4)
 139 -   0.00001 0.07668 0.00010 0.92322 ( 4)
 140 -   0.06848 0.00821 0.82452 0.09880 ( 3)
 141 -   0.00007 0.07661 0.00090 0.92242 ( 4)
 142 Y   0.00001 0.02608 0.00008 0.97383 ( 4)
 143 N   0.00001 0.04044 0.00012 0.95943 ( 4)
 144 N   0.00000 0.05977 0.00000 0.94023 ( 4)
 145 S   0.00001 0.08322 0.00008 0.91669 ( 4)
 146 N   0.07982 0.00104 0.90853 0.01061 ( 3)
 147 K   0.00010 0.18044 0.00103 0.81844 ( 4)
 148 R   0.07156 0.00241 0.86537 0.06067 ( 3)
 149 V   0.06858 0.00213 0.84059 0.08869 ( 3)
 150 I   0.07511 0.00008 0.92109 0.00373 ( 3)
 151 I   0.07505 0.00008 0.92241 0.00246 ( 3)
 152 D   0.07462 0.00014 0.91458 0.01066 ( 3)
 153 K   0.07457 0.00022 0.91549 0.00972 ( 3)
 154 I   0.07373 0.00063 0.90673 0.01891 ( 3)
 155 E   0.07545 0.00003 0.92230 0.00222 ( 3)
 156 F   0.07230 0.00061 0.88262 0.04447 ( 3)
 157 I   0.00097 0.03138 0.01186 0.95579 ( 4)
 158 -   0.06886 0.00783 0.82908 0.09424 ( 3)


lnL = -2295.625608

