Supplemental results for CODEML (seqf: algn  treef: tree)


dN/dS (w) for site classes (K=4)

site class             0        1       2a       2b
proportion       0.13938  0.13902  0.36126  0.36033
background w     0.14383  1.00000  0.14383  1.00000
foreground w     0.14383  1.00000  6.77150  6.77150

Naive Empirical Bayes (NEB) probabilities for 4 classes
(amino acids refer to 1st sequence: BT_Cry7Ba1)

   1 -   0.24432 0.03409 0.63324 0.08835 ( 3)
   2 -   0.09152 0.18689 0.23720 0.48439 ( 4)
   3 T   0.04088 0.23753 0.10596 0.61563 ( 4)
   4 V   0.03313 0.24528 0.08588 0.63571 ( 4)
   5 E   0.27569 0.00272 0.71455 0.00704 ( 3)
   6 L   0.26962 0.00878 0.69883 0.02276 ( 3)
   7 T   0.27268 0.00573 0.70675 0.01484 ( 3)
   8 R   0.27680 0.00161 0.71742 0.00417 ( 3)
   9 T   0.07523 0.20317 0.19500 0.52660 ( 4)
  10 I   0.27477 0.00364 0.71215 0.00944 ( 3)
  11 Y   0.22195 0.05645 0.57527 0.14632 ( 3)
  12 T   0.08197 0.19644 0.21245 0.50914 ( 4)
  13 D   0.24824 0.03017 0.64339 0.07819 ( 3)
  14 P   0.15340 0.12501 0.39758 0.32401 ( 3)
  15 L   0.23695 0.04146 0.61414 0.10745 ( 3)
  16 G   0.25935 0.01906 0.67220 0.04939 ( 3)
  17 Y   0.02608 0.25233 0.06760 0.65399 ( 4)
  18 T   0.07944 0.19896 0.20591 0.51568 ( 4)
  19 G   0.16012 0.11829 0.41500 0.30659 ( 3)
  20 Y   0.06653 0.21188 0.17243 0.54916 ( 4)
  21 S   0.00479 0.27362 0.01241 0.70918 ( 4)
  22 N   0.18744 0.09097 0.48581 0.23578 ( 3)
  23 D   0.05013 0.22827 0.12994 0.59166 ( 4)
  24 E   0.19213 0.08628 0.49798 0.22361 ( 3)
  25 H   0.22222 0.05619 0.57596 0.14563 ( 3)
  26 P   0.22813 0.05027 0.59129 0.13030 ( 3)
  27 T   0.00536 0.27305 0.01390 0.70768 ( 4)
  28 Y   0.06554 0.21286 0.16988 0.55171 ( 4)
  29 Y   0.26362 0.01479 0.68325 0.03834 ( 3)
  30 -   0.13992 0.13849 0.36265 0.35895 ( 3)
  31 S   0.07918 0.19923 0.20522 0.51637 ( 4)
  32 S   0.16770 0.11070 0.43466 0.28693 ( 3)
  33 A   0.03737 0.24104 0.09686 0.62473 ( 4)
  34 K   0.02472 0.25369 0.06407 0.65752 ( 4)
  35 P   0.00484 0.27357 0.01254 0.70905 ( 4)
  36 F   0.18664 0.09176 0.48375 0.23784 ( 3)
  37 S   0.08872 0.18969 0.22995 0.49164 ( 4)
  38 S   0.09101 0.18740 0.23588 0.48571 ( 4)
  39 I   0.26192 0.01649 0.67885 0.04274 ( 3)
  40 E   0.27426 0.00415 0.71085 0.01074 ( 3)
  41 S   0.26243 0.01599 0.68015 0.04144 ( 3)
  42 R   0.14599 0.13241 0.37840 0.34320 ( 3)
  43 A   0.13907 0.13934 0.36045 0.36114 ( 4)
  44 V   0.15746 0.12095 0.40812 0.31347 ( 3)
  45 L   0.04099 0.23742 0.10625 0.61535 ( 4)
  46 A   0.02225 0.25616 0.05766 0.66393 ( 4)
  47 P   0.27152 0.00689 0.70374 0.01785 ( 3)
  48 S   0.00489 0.27352 0.01266 0.70893 ( 4)
  49 L   0.26773 0.01068 0.69391 0.02768 ( 3)
  50 F   0.27129 0.00712 0.70315 0.01844 ( 3)
  51 K   0.04251 0.23589 0.11019 0.61140 ( 4)
  52 W   0.27104 0.00736 0.70251 0.01908 ( 3)
  53 I   0.20800 0.07040 0.53911 0.18248 ( 3)
  54 T   0.26097 0.01744 0.67638 0.04520 ( 3)
  55 Q   0.15020 0.12821 0.38930 0.33229 ( 3)
  56 L   0.23760 0.04081 0.61583 0.10576 ( 3)
  57 E   0.01535 0.26305 0.03979 0.68180 ( 4)
  58 V   0.25127 0.02715 0.65123 0.07036 ( 3)
  59 Y   0.06947 0.20894 0.18005 0.54154 ( 4)
  60 T   0.08178 0.19663 0.21195 0.50963 ( 4)
  61 K   0.00880 0.26961 0.02281 0.69878 ( 4)
  62 K   0.00240 0.27601 0.00623 0.71537 ( 4)
  63 Y   0.00275 0.27566 0.00713 0.71446 ( 4)
  64 S   0.00006 0.27835 0.00016 0.72143 ( 4)
  65 Y   0.01180 0.26660 0.03059 0.69100 ( 4)
  66 S   0.00202 0.27639 0.00523 0.71635 ( 4)
  67 S   0.04234 0.23607 0.10973 0.61186 ( 4)
  68 Q   0.00022 0.27818 0.00058 0.72102 ( 4)
  69 Y   0.25756 0.02085 0.66755 0.05404 ( 3)
  70 T   0.22319 0.05521 0.57849 0.14310 ( 3)
  71 T   0.16253 0.11588 0.42126 0.30033 ( 3)
  72 L   0.00101 0.27740 0.00261 0.71898 ( 4)
  73 W   0.27104 0.00736 0.70251 0.01908 ( 3)
  74 T   0.25384 0.02457 0.65791 0.06368 ( 3)
  75 G   0.17882 0.09958 0.46348 0.25811 ( 3)
  76 L   0.01167 0.26673 0.03026 0.69134 ( 4)
  77 R   0.07879 0.19962 0.20422 0.51737 ( 4)
  78 V   0.24542 0.03299 0.63610 0.08549 ( 3)
  79 I   0.05735 0.22106 0.14864 0.57295 ( 4)
  80 A   0.05903 0.21939 0.15298 0.56861 ( 4)
  81 Q   0.02932 0.24909 0.07598 0.64561 ( 4)
  82 P   0.00471 0.27370 0.01222 0.70937 ( 4)
  83 T   0.23855 0.03986 0.61829 0.10330 ( 3)
  84 K   0.20609 0.07232 0.53415 0.18744 ( 3)
  85 D   0.00995 0.26846 0.02579 0.69580 ( 4)
  86 F   0.00527 0.27314 0.01365 0.70794 ( 4)
  87 T   0.00141 0.27700 0.00366 0.71793 ( 4)
  88 D   0.10520 0.17321 0.27265 0.44894 ( 4)
  89 T   0.02649 0.25193 0.06864 0.65294 ( 4)
  90 V   0.00420 0.27421 0.01088 0.71071 ( 4)
  91 Y   0.18951 0.08890 0.49117 0.23041 ( 3)
  92 D   0.26318 0.01523 0.68210 0.03948 ( 3)
  93 Y   0.15016 0.12826 0.38917 0.33242 ( 3)
  94 G   0.26148 0.01692 0.67773 0.04386 ( 3)
  95 S   0.19934 0.07907 0.51664 0.20494 ( 3)
  96 S   0.26420 0.01421 0.68476 0.03683 ( 3)
  97 S   0.12340 0.15501 0.31984 0.40175 ( 4)
  98 G   0.27410 0.00431 0.71043 0.01116 ( 3)
  99 S   0.26711 0.01130 0.69230 0.02929 ( 3)
 100 E   0.00125 0.27716 0.00325 0.71834 ( 4)
 101 N   0.00354 0.27486 0.00918 0.71241 ( 4)
 102 K   0.04809 0.23032 0.12464 0.59695 ( 4)
 103 D   0.20795 0.07046 0.53896 0.18263 ( 3)
 104 V   0.04028 0.23813 0.10440 0.61719 ( 4)
 105 F   0.27701 0.00140 0.71797 0.00362 ( 3)
 106 D   0.11182 0.16659 0.28981 0.43177 ( 4)
 107 L   0.24887 0.02954 0.64504 0.07656 ( 3)
 108 Y   0.00959 0.26882 0.02486 0.69673 ( 4)
 109 G   0.02524 0.25317 0.06542 0.65617 ( 4)
 110 N   0.17025 0.10816 0.44126 0.28033 ( 3)
 111 -   0.14269 0.13572 0.36983 0.35176 ( 3)
 112 -   0.14502 0.13338 0.37589 0.34571 ( 3)
 113 -   0.14466 0.13374 0.37495 0.34665 ( 3)
 114 -   0.14194 0.13647 0.36789 0.35371 ( 3)
 115 -   0.14182 0.13658 0.36759 0.35400 ( 3)
 116 -   0.14502 0.13338 0.37589 0.34571 ( 3)
 117 -   0.14300 0.13540 0.37065 0.35094 ( 3)
 118 -   0.14351 0.13489 0.37197 0.34963 ( 3)
 119 -   0.03620 0.24220 0.09383 0.62777 ( 4)
 120 -   0.14352 0.13489 0.37198 0.34962 ( 3)
 121 -   0.14466 0.13374 0.37495 0.34665 ( 3)
 122 -   0.14242 0.13599 0.36914 0.35246 ( 3)
 123 -   0.14078 0.13763 0.36488 0.35672 ( 3)
 124 -   0.14209 0.13632 0.36828 0.35332 ( 3)
 125 -   0.14386 0.13454 0.37288 0.34872 ( 3)
 126 -   0.14186 0.13655 0.36768 0.35392 ( 3)
 127 D   0.26476 0.01365 0.68621 0.03537 ( 3)
 128 V   0.19562 0.08279 0.50701 0.21458 ( 3)
 129 Y   0.27592 0.00249 0.71513 0.00646 ( 3)
 130 D   0.05212 0.22628 0.13510 0.58649 ( 4)
 131 T   0.09537 0.18304 0.24718 0.47441 ( 4)
 132 Q   0.04212 0.23629 0.10918 0.61241 ( 4)
 133 S   0.08675 0.19166 0.22483 0.49676 ( 4)
 134 V   0.02526 0.25315 0.06546 0.65613 ( 4)
 135 V   0.00273 0.27568 0.00709 0.71450 ( 4)
 136 S   0.07683 0.20158 0.19914 0.52246 ( 4)
 137 S   0.19083 0.08758 0.49461 0.22698 ( 3)
 138 Y   0.01624 0.26217 0.04210 0.67949 ( 4)
 139 K   0.00491 0.27350 0.01273 0.70886 ( 4)
 140 P   0.01266 0.26575 0.03280 0.68879 ( 4)
 141 T   0.02795 0.25046 0.07244 0.64915 ( 4)
 142 G   0.00990 0.26851 0.02566 0.69593 ( 4)
 143 G   0.00595 0.27246 0.01541 0.70618 ( 4)
 144 G   0.00181 0.27659 0.00470 0.71689 ( 4)
 145 H   0.15571 0.12270 0.40358 0.31801 ( 3)
 146 F   0.01864 0.25976 0.04832 0.67327 ( 4)
 147 G   0.08341 0.19499 0.21620 0.50540 ( 4)
 148 V   0.03177 0.24664 0.08234 0.63925 ( 4)
 149 P   0.26508 0.01333 0.68703 0.03456 ( 3)
 150 Q   0.05917 0.21923 0.15337 0.56822 ( 4)
 151 F   0.20565 0.07276 0.53302 0.18857 ( 3)
 152 R   0.03535 0.24306 0.09162 0.62997 ( 4)
 153 L   0.24815 0.03026 0.64316 0.07843 ( 3)
 154 F   0.03742 0.24099 0.09698 0.62461 ( 4)
 155 W   0.08457 0.19383 0.21920 0.50239 ( 4)
 156 I   0.26214 0.01627 0.67943 0.04216 ( 3)
 157 T   0.15157 0.12685 0.39283 0.32876 ( 3)
 158 K   0.00330 0.27442 0.00886 0.71342 ( 4)
 159 S   0.00330 0.27511 0.00856 0.71303 ( 4)
 160 N   0.12946 0.14895 0.33553 0.38605 ( 4)
 161 G   0.00013 0.27827 0.00034 0.72125 ( 4)
 162 L   0.13576 0.14265 0.35187 0.36972 ( 4)
 163 R   0.00028 0.27813 0.00073 0.72086 ( 4)
 164 E   0.14250 0.13591 0.36934 0.35226 ( 3)
 165 Q   0.01644 0.26197 0.04262 0.67897 ( 4)
 166 I   0.08702 0.19139 0.22554 0.49605 ( 4)
 167 F   0.27636 0.00204 0.71629 0.00530 ( 3)
 168 N   0.09239 0.18602 0.23945 0.48214 ( 4)
 169 Y   0.24775 0.03066 0.64212 0.07947 ( 3)
 170 A   0.18884 0.08956 0.48945 0.23214 ( 3)
 171 N   0.01360 0.26482 0.03524 0.68635 ( 4)
 172 N   0.25811 0.01991 0.67029 0.05169 ( 3)
 173 M   0.04933 0.22908 0.12787 0.59372 ( 4)
 174 G   0.15108 0.12733 0.39158 0.33002 ( 3)
 175 -   0.21147 0.06694 0.54809 0.17350 ( 3)
 176 S   0.05555 0.22286 0.14397 0.57762 ( 4)
 177 Y   0.00626 0.27215 0.01623 0.70536 ( 4)
 178 S   0.12279 0.15562 0.31824 0.40335 ( 4)
 179 A   0.00057 0.27784 0.00148 0.72011 ( 4)
 180 Y   0.06758 0.21083 0.17515 0.54644 ( 4)
 181 R   0.19185 0.08656 0.49725 0.22434 ( 3)
 182 F   0.18283 0.09558 0.47386 0.24773 ( 3)
 183 S   0.02195 0.25646 0.05690 0.66469 ( 4)
 184 K   0.02467 0.25374 0.06393 0.65766 ( 4)
 185 D   0.19297 0.08544 0.50014 0.22145 ( 3)
 186 E   0.12685 0.15156 0.32878 0.39281 ( 4)
 187 L   0.23582 0.04259 0.61121 0.11038 ( 3)
 188 P   0.14181 0.13660 0.36756 0.35404 ( 3)
 189 I   0.27389 0.00452 0.70987 0.01172 ( 3)
 190 E   0.27084 0.00757 0.70196 0.01963 ( 3)
 191 L   0.09667 0.18173 0.25057 0.47103 ( 4)
 192 L   0.23763 0.04078 0.61591 0.10568 ( 3)
 193 Q   0.01500 0.26340 0.03889 0.68270 ( 4)
 194 P   0.00235 0.27606 0.00610 0.71549 ( 4)
 195 P   0.27695 0.00146 0.71782 0.00377 ( 3)
 196 L   0.15022 0.12819 0.38935 0.33224 ( 3)
 197 F   0.17780 0.10061 0.46083 0.26076 ( 3)
 198 G   0.25266 0.02574 0.65487 0.06672 ( 3)
 199 D   0.26850 0.00991 0.69591 0.02568 ( 3)
 200 I   0.17424 0.10416 0.45162 0.26998 ( 3)
 201 E   0.19210 0.08631 0.49790 0.22370 ( 3)
 202 E   0.25782 0.02059 0.66823 0.05336 ( 3)
 203 Y   0.25057 0.02784 0.64943 0.07216 ( 3)
 204 S   0.26101 0.01740 0.67649 0.04510 ( 3)
 205 H   0.27759 0.00082 0.71946 0.00212 ( 3)
 206 R   0.26674 0.01166 0.69137 0.03022 ( 3)
 207 L   0.27418 0.00423 0.71063 0.01097 ( 3)
 208 S   0.27739 0.00102 0.71894 0.00265 ( 3)
 209 H   0.07253 0.20588 0.18798 0.53361 ( 4)
 210 V   0.26849 0.00993 0.69586 0.02572 ( 3)
 211 S   0.16397 0.11444 0.42499 0.29660 ( 3)
 212 E   0.24961 0.02880 0.64694 0.07465 ( 3)
 213 V   0.19006 0.08835 0.49259 0.22899 ( 3)
 214 I   0.22513 0.05328 0.58349 0.13810 ( 3)
 215 K   0.27018 0.00823 0.70025 0.02134 ( 3)
 216 D   0.15199 0.12641 0.39395 0.32764 ( 3)
 217 Y   0.13345 0.14496 0.34588 0.37571 ( 4)
 218 G   0.14839 0.13002 0.38461 0.33699 ( 3)
 219 E   0.00154 0.27687 0.00399 0.71760 ( 4)
 220 G   0.16156 0.11685 0.41873 0.30286 ( 3)
 221 I   0.11242 0.16599 0.29137 0.43022 ( 4)
 222 I   0.23856 0.03986 0.61829 0.10330 ( 3)
 223 P   0.25988 0.01853 0.67357 0.04802 ( 3)
 224 V   0.20943 0.06898 0.54281 0.17879 ( 3)
 225 L   0.26360 0.01481 0.68322 0.03838 ( 3)
 226 G   0.27410 0.00431 0.71043 0.01116 ( 3)
 227 W   0.11686 0.16154 0.30290 0.41870 ( 4)
 228 T   0.27234 0.00607 0.70586 0.01573 ( 3)
 229 H   0.27762 0.00079 0.71954 0.00205 ( 3)
 230 V   0.27353 0.00488 0.70895 0.01264 ( 3)
 231 S   0.24547 0.03293 0.63624 0.08536 ( 3)


lnL = -2855.212936

Bayes Empirical Bayes (BEB) probabilities for 4 classes (class)
(amino acids refer to 1st sequence: BT_Cry7Ba1)

   1 -   0.51420 0.07341 0.36036 0.05203 ( 1)
   2 -   0.20356 0.38405 0.14101 0.27138 ( 2)
   3 T   0.09650 0.49110 0.06644 0.34596 ( 2)
   4 V   0.07883 0.50877 0.05421 0.35818 ( 2)
   5 E   0.58161 0.00599 0.40815 0.00424 ( 1)
   6 L   0.56876 0.01885 0.39904 0.01335 ( 1)
   7 T   0.57505 0.01256 0.40349 0.00890 ( 1)
   8 R   0.58404 0.00357 0.40987 0.00253 ( 1)
   9 T   0.17178 0.41583 0.11879 0.29361 ( 2)
  10 I   0.57948 0.00813 0.40663 0.00576 ( 1)
  11 Y   0.47148 0.11613 0.33006 0.08233 ( 1)
  12 T   0.18158 0.40603 0.12564 0.28675 ( 2)
  13 D   0.52594 0.06167 0.36868 0.04371 ( 1)
  14 P   0.33506 0.25255 0.23349 0.17890 ( 1)
  15 L   0.50030 0.08731 0.35050 0.06189 ( 1)
  16 G   0.54840 0.03921 0.38460 0.02779 ( 1)
  17 Y   0.06167 0.52594 0.04236 0.37003 ( 2)
  18 T   0.18107 0.40653 0.12528 0.28712 ( 2)
  19 G   0.34825 0.23935 0.24281 0.16958 ( 1)
  20 Y   0.15174 0.43587 0.10482 0.30758 ( 2)
  21 S   0.01200 0.57561 0.00821 0.40418 ( 2)
  22 N   0.40286 0.18475 0.28144 0.13095 ( 1)
  23 D   0.11513 0.47248 0.07936 0.33304 ( 2)
  24 E   0.41064 0.17696 0.28695 0.12544 ( 1)
  25 H   0.47228 0.11533 0.33062 0.08177 ( 1)
  26 P   0.48219 0.10541 0.33766 0.07473 ( 1)
  27 T   0.01324 0.57437 0.00906 0.40333 ( 2)
  28 Y   0.14923 0.43837 0.10307 0.30933 ( 2)
  29 Y   0.55602 0.03159 0.39001 0.02238 ( 1)
  30 -   0.29980 0.28780 0.20863 0.20377 ( 1)
  31 S   0.18110 0.40651 0.12529 0.28710 ( 2)
  32 S   0.36276 0.22485 0.25306 0.15933 ( 1)
  33 A   0.08744 0.50017 0.06016 0.35223 ( 2)
  34 K   0.05933 0.52828 0.04074 0.37165 ( 2)
  35 P   0.01215 0.57546 0.00831 0.40408 ( 2)
  36 F   0.40313 0.18448 0.28163 0.13077 ( 1)
  37 S   0.19738 0.39023 0.13668 0.27571 ( 2)
  38 S   0.20445 0.38315 0.14163 0.27076 ( 2)
  39 I   0.55279 0.03482 0.38772 0.02467 ( 1)
  40 E   0.57848 0.00913 0.40592 0.00647 ( 1)
  41 S   0.55344 0.03417 0.38818 0.02421 ( 1)
  42 R   0.31930 0.26831 0.22237 0.19003 ( 1)
  43 A   0.30477 0.28284 0.21212 0.20027 ( 1)
  44 V   0.34052 0.24709 0.23735 0.17504 ( 1)
  45 L   0.09656 0.49105 0.06648 0.34592 ( 2)
  46 A   0.05338 0.53422 0.03665 0.37574 ( 2)
  47 P   0.57267 0.01494 0.40181 0.01059 ( 1)
  48 S   0.01218 0.57542 0.00834 0.40405 ( 2)
  49 L   0.56456 0.02304 0.39606 0.01633 ( 1)
  50 F   0.57207 0.01554 0.40138 0.01101 ( 1)
  51 K   0.10031 0.48729 0.06908 0.34332 ( 2)
  52 W   0.57189 0.01572 0.40126 0.01114 ( 1)
  53 I   0.44221 0.14540 0.30931 0.10308 ( 1)
  54 T   0.55094 0.03667 0.38640 0.02599 ( 1)
  55 Q   0.32639 0.26122 0.22737 0.18502 ( 1)
  56 L   0.50178 0.08582 0.35155 0.06084 ( 1)
  57 E   0.03724 0.55037 0.02553 0.38686 ( 2)
  58 V   0.53119 0.05641 0.37240 0.03999 ( 1)
  59 Y   0.15998 0.42763 0.11055 0.30184 ( 2)
  60 T   0.18324 0.40437 0.12679 0.28560 ( 2)
  61 K   0.02192 0.56568 0.01501 0.39738 ( 2)
  62 K   0.00608 0.58152 0.00416 0.40823 ( 2)
  63 Y   0.00682 0.58079 0.00467 0.40772 ( 2)
  64 S   0.00017 0.58744 0.00011 0.41228 ( 2)
  65 Y   0.02807 0.55953 0.01924 0.39316 ( 2)
  66 S   0.00516 0.58245 0.00353 0.40886 ( 2)
  67 S   0.09781 0.48980 0.06734 0.34505 ( 2)
  68 Q   0.00060 0.58700 0.00041 0.41198 ( 2)
  69 Y   0.54347 0.04414 0.38111 0.03128 ( 1)
  70 T   0.47233 0.11527 0.33067 0.08172 ( 1)
  71 T   0.35198 0.23563 0.24544 0.16695 ( 1)
  72 L   0.00260 0.58501 0.00178 0.41061 ( 2)
  73 W   0.57189 0.01572 0.40126 0.01114 ( 1)
  74 T   0.53646 0.05115 0.37614 0.03625 ( 1)
  75 G   0.38652 0.20108 0.26987 0.14252 ( 1)
  76 L   0.02765 0.55995 0.01895 0.39344 ( 2)
  77 R   0.17722 0.41039 0.12259 0.28980 ( 2)
  78 V   0.51867 0.06894 0.36353 0.04887 ( 1)
  79 I   0.13289 0.45472 0.09169 0.32070 ( 2)
  80 A   0.13658 0.45103 0.09426 0.31813 ( 2)
  81 Q   0.07007 0.51753 0.04816 0.36423 ( 2)
  82 P   0.01214 0.57547 0.00830 0.40409 ( 2)
  83 T   0.50636 0.08125 0.35479 0.05760 ( 1)
  84 K   0.43915 0.14846 0.30714 0.10525 ( 1)
  85 D   0.02488 0.56272 0.01704 0.39535 ( 2)
  86 F   0.01308 0.57453 0.00895 0.40344 ( 2)
  87 T   0.00368 0.58393 0.00252 0.40988 ( 2)
  88 D   0.23646 0.35115 0.16406 0.24833 ( 2)
  89 T   0.06353 0.52408 0.04364 0.36875 ( 2)
  90 V   0.01052 0.57708 0.00720 0.40519 ( 2)
  91 Y   0.40703 0.18058 0.28439 0.12800 ( 1)
  92 D   0.55498 0.03263 0.38927 0.02312 ( 1)
  93 Y   0.32539 0.26222 0.22667 0.18572 ( 1)
  94 G   0.55227 0.03534 0.38735 0.02504 ( 1)
  95 S   0.42720 0.16041 0.29868 0.11371 ( 1)
  96 S   0.55771 0.02990 0.39120 0.02119 ( 1)
  97 S   0.27312 0.31449 0.18983 0.22257 ( 2)
  98 G   0.57830 0.00931 0.40580 0.00659 ( 1)
  99 S   0.56373 0.02388 0.39547 0.01692 ( 1)
 100 E   0.00328 0.58433 0.00224 0.41015 ( 2)
 101 N   0.00887 0.57874 0.00607 0.40633 ( 2)
 102 K   0.11332 0.47429 0.07809 0.33430 ( 2)
 103 D   0.44502 0.14259 0.31130 0.10109 ( 1)
 104 V   0.09478 0.49283 0.06524 0.34715 ( 2)
 105 F   0.58449 0.00312 0.41018 0.00221 ( 1)
 106 D   0.24974 0.33787 0.17339 0.23900 ( 2)
 107 L   0.52653 0.06108 0.36910 0.04329 ( 1)
 108 Y   0.02381 0.56380 0.01631 0.39608 ( 2)
 109 G   0.05962 0.52799 0.04095 0.37144 ( 2)
 110 N   0.36804 0.21957 0.25680 0.15559 ( 1)
 111 -   0.30556 0.28204 0.21269 0.19971 ( 1)
 112 -   0.31041 0.27719 0.21611 0.19629 ( 1)
 113 -   0.30966 0.27795 0.21558 0.19682 ( 1)
 114 -   0.30400 0.28361 0.21159 0.20081 ( 1)
 115 -   0.30376 0.28384 0.21142 0.20097 ( 1)
 116 -   0.31041 0.27719 0.21611 0.19629 ( 1)
 117 -   0.30622 0.28139 0.21315 0.19924 ( 1)
 118 -   0.30727 0.28033 0.21389 0.19850 ( 1)
 119 -   0.08220 0.50540 0.05655 0.35585 ( 2)
 120 -   0.30728 0.28032 0.21390 0.19850 ( 1)
 121 -   0.30966 0.27795 0.21558 0.19682 ( 1)
 122 -   0.30500 0.28260 0.21229 0.20010 ( 1)
 123 -   0.30159 0.28602 0.20989 0.20251 ( 1)
 124 -   0.30431 0.28329 0.21181 0.20059 ( 1)
 125 -   0.30800 0.27961 0.21441 0.19799 ( 1)
 126 -   0.30383 0.28377 0.21147 0.20092 ( 1)
 127 D   0.55918 0.02843 0.39224 0.02015 ( 1)
 128 V   0.41976 0.16785 0.29340 0.11899 ( 1)
 129 Y   0.58206 0.00555 0.40846 0.00393 ( 1)
 130 D   0.11951 0.46810 0.08240 0.33000 ( 2)
 131 T   0.21083 0.37678 0.14610 0.26629 ( 2)
 132 Q   0.09854 0.48907 0.06785 0.34454 ( 2)
 133 S   0.19380 0.39381 0.13418 0.27822 ( 2)
 134 V   0.06080 0.52681 0.04176 0.37063 ( 2)
 135 V   0.00692 0.58069 0.00473 0.40766 ( 2)
 136 S   0.17266 0.41495 0.11940 0.29299 ( 2)
 137 S   0.40598 0.18162 0.28365 0.12874 ( 1)
 138 Y   0.03941 0.54820 0.02703 0.38536 ( 2)
 139 K   0.01232 0.57529 0.00843 0.40396 ( 2)
 140 P   0.03007 0.55754 0.02061 0.39179 ( 2)
 141 T   0.06521 0.52240 0.04480 0.36759 ( 2)
 142 G   0.02417 0.56344 0.01656 0.39583 ( 2)
 143 G   0.01464 0.57297 0.01002 0.40237 ( 2)
 144 G   0.00455 0.58306 0.00311 0.40929 ( 2)
 145 H   0.33623 0.25138 0.23432 0.17807 ( 1)
 146 F   0.04447 0.54314 0.03051 0.38188 ( 2)
 147 G   0.18490 0.40271 0.12796 0.28444 ( 2)
 148 V   0.07385 0.51375 0.05077 0.36162 ( 2)
 149 P   0.55925 0.02836 0.39229 0.02010 ( 1)
 150 Q   0.13212 0.45549 0.09116 0.32123 ( 2)
 151 F   0.43853 0.14908 0.30671 0.10569 ( 1)
 152 R   0.08203 0.50558 0.05642 0.35597 ( 2)
 153 L   0.52379 0.06381 0.36716 0.04523 ( 1)
 154 F   0.08646 0.50115 0.05949 0.35290 ( 2)
 155 W   0.18738 0.40022 0.12969 0.28270 ( 2)
 156 I   0.55282 0.03479 0.38774 0.02465 ( 1)
 157 T   0.32632 0.26129 0.22732 0.18507 ( 1)
 158 K   0.00821 0.57891 0.00579 0.40709 ( 2)
 159 S   0.00850 0.57911 0.00581 0.40658 ( 2)
 160 N   0.28642 0.30119 0.19919 0.21320 ( 2)
 161 G   0.00036 0.58725 0.00025 0.41215 ( 2)
 162 L   0.29869 0.28891 0.20783 0.20456 ( 1)
 163 R   0.00076 0.58685 0.00052 0.41187 ( 2)
 164 E   0.31347 0.27414 0.21825 0.19414 ( 1)
 165 Q   0.04045 0.54716 0.02774 0.38465 ( 2)
 166 I   0.19531 0.39229 0.13523 0.27716 ( 2)
 167 F   0.58312 0.00448 0.40922 0.00318 ( 1)
 168 N   0.20677 0.38084 0.14325 0.26914 ( 2)
 169 Y   0.52356 0.06405 0.36699 0.04540 ( 1)
 170 A   0.40302 0.18458 0.28156 0.13084 ( 1)
 171 N   0.03341 0.55420 0.02290 0.38949 ( 2)
 172 N   0.54440 0.04293 0.38222 0.03045 ( 1)
 173 M   0.11468 0.47293 0.07904 0.33335 ( 2)
 174 G   0.32844 0.25917 0.22882 0.18357 ( 1)
 175 -   0.45204 0.13557 0.31628 0.09611 ( 1)
 176 S   0.12848 0.45913 0.08862 0.32377 ( 2)
 177 Y   0.01555 0.57206 0.01065 0.40175 ( 2)
 178 S   0.27425 0.31336 0.19061 0.22178 ( 2)
 179 A   0.00151 0.58610 0.00103 0.41136 ( 2)
 180 Y   0.15512 0.43249 0.10716 0.30523 ( 2)
 181 R   0.40783 0.17978 0.28496 0.12743 ( 1)
 182 F   0.39266 0.19495 0.27422 0.13817 ( 1)
 183 S   0.05230 0.53531 0.03590 0.37649 ( 2)
 184 K   0.05995 0.52766 0.04117 0.37122 ( 2)
 185 D   0.41307 0.17454 0.28866 0.12373 ( 1)
 186 E   0.27914 0.30847 0.19406 0.21833 ( 2)
 187 L   0.49999 0.08762 0.35028 0.06212 ( 1)
 188 P   0.31101 0.27659 0.21652 0.19587 ( 1)
 189 I   0.57763 0.00998 0.40532 0.00707 ( 1)
 190 E   0.57141 0.01620 0.40091 0.01148 ( 1)
 191 L   0.21721 0.37040 0.15056 0.26183 ( 2)
 192 L   0.50352 0.08408 0.35279 0.05961 ( 1)
 193 Q   0.03614 0.55146 0.02478 0.38761 ( 2)
 194 P   0.00593 0.58168 0.00405 0.40834 ( 2)
 195 P   0.58440 0.00321 0.41012 0.00228 ( 1)
 196 L   0.32471 0.26290 0.22619 0.18620 ( 1)
 197 F   0.38273 0.20488 0.26719 0.14521 ( 1)
 198 G   0.53324 0.05437 0.37386 0.03853 ( 1)
 199 D   0.56627 0.02134 0.39727 0.01512 ( 1)
 200 I   0.37424 0.21337 0.26119 0.15121 ( 1)
 201 E   0.41188 0.17572 0.28783 0.12456 ( 1)
 202 E   0.54519 0.04242 0.38232 0.03007 ( 1)
 203 Y   0.52911 0.05850 0.37093 0.04146 ( 1)
 204 S   0.55067 0.03694 0.38621 0.02618 ( 1)
 205 H   0.58579 0.00182 0.41110 0.00129 ( 1)
 206 R   0.56243 0.02517 0.39456 0.01784 ( 1)
 207 L   0.57841 0.00920 0.40587 0.00652 ( 1)
 208 S   0.58529 0.00232 0.41075 0.00164 ( 1)
 209 H   0.16628 0.42133 0.11494 0.29745 ( 2)
 210 V   0.56644 0.02117 0.39739 0.01500 ( 1)
 211 S   0.35565 0.23196 0.24804 0.16436 ( 1)
 212 E   0.52674 0.06087 0.36925 0.04315 ( 1)
 213 V   0.40753 0.18008 0.28474 0.12765 ( 1)
 214 I   0.47857 0.10904 0.33509 0.07730 ( 1)
 215 K   0.56994 0.01767 0.39987 0.01252 ( 1)
 216 D   0.33459 0.25302 0.23316 0.17924 ( 1)
 217 Y   0.29118 0.29643 0.20254 0.20985 ( 2)
 218 G   0.32363 0.26398 0.22542 0.18697 ( 1)
 219 E   0.00402 0.58359 0.00275 0.40965 ( 2)
 220 G   0.35179 0.23582 0.24531 0.16708 ( 1)
 221 I   0.24883 0.33878 0.17275 0.23964 ( 2)
 222 I   0.50629 0.08132 0.35474 0.05765 ( 1)
 223 P   0.54867 0.03893 0.38480 0.02759 ( 1)
 224 V   0.44786 0.13974 0.31332 0.09907 ( 1)
 225 L   0.55648 0.03113 0.39033 0.02206 ( 1)
 226 G   0.57830 0.00931 0.40580 0.00659 ( 1)
 227 W   0.25955 0.32805 0.18029 0.23211 ( 2)
 228 T   0.57426 0.01335 0.40293 0.00946 ( 1)
 229 H   0.58583 0.00178 0.41113 0.00126 ( 1)
 230 V   0.57686 0.01075 0.40478 0.00761 ( 1)
 231 S   0.51548 0.07212 0.36128 0.05112 ( 1)

