Supplemental results for CODEML (seqf: algn  treef: tree)


dN/dS (w) for site classes (K=4)

site class             0        1       2a       2b
proportion       0.63878  0.36122  0.00000  0.00000
background w     0.10913  1.00000  0.10913  1.00000
foreground w     0.10913  1.00000  1.00000  1.00000

Naive Empirical Bayes (NEB) probabilities for 4 classes
(amino acids refer to 1st sequence: BT_Cry19Aa1)

   1 E   0.00084 0.99916 0.00000 0.00000 ( 2)
   2 V   0.99992 0.00008 0.00000 0.00000 ( 1)
   3 K   0.99979 0.00021 0.00000 0.00000 ( 1)
   4 T   0.35315 0.64685 0.00000 0.00000 ( 2)
   5 E   0.99971 0.00029 0.00000 0.00000 ( 1)
   6 L   0.98308 0.01692 0.00000 0.00000 ( 1)
   7 T   0.99900 0.00100 0.00000 0.00000 ( 1)
   8 R   0.99732 0.00268 0.00000 0.00000 ( 1)
   9 E   0.99971 0.00029 0.00000 0.00000 ( 1)
  10 I   0.99990 0.00010 0.00000 0.00000 ( 1)
  11 Y   0.99939 0.00061 0.00000 0.00000 ( 1)
  12 S   0.98819 0.01181 0.00000 0.00000 ( 1)
  13 D   0.99998 0.00002 0.00000 0.00000 ( 1)
  14 V   0.99762 0.00238 0.00000 0.00000 ( 1)
  15 I   0.99927 0.00073 0.00000 0.00000 ( 1)
  16 N   0.99996 0.00004 0.00000 0.00000 ( 1)
  17 G   0.13531 0.86469 0.00000 0.00000 ( 2)
  18 E   0.49275 0.50725 0.00000 0.00000 ( 2)
  19 I   0.01658 0.98342 0.00000 0.00000 ( 2)
  20 Y   0.14676 0.85324 0.00000 0.00000 ( 2)
  21 G   0.72293 0.27707 0.00000 0.00000 ( 1)
  22 L   0.03678 0.96322 0.00000 0.00000 ( 2)
  23 M   0.36721 0.63279 0.00000 0.00000 ( 2)
  24 -   0.38592 0.61408 0.00000 0.00000 ( 2)
  25 T   0.01202 0.98798 0.00000 0.00000 ( 2)
  26 P   0.45011 0.54989 0.00000 0.00000 ( 2)
  27 Y   0.03718 0.96282 0.00000 0.00000 ( 2)
  28 F   0.00205 0.99795 0.00000 0.00000 ( 2)
  29 S   0.83710 0.16290 0.00000 0.00000 ( 1)
  30 F   0.98016 0.01984 0.00000 0.00000 ( 1)
  31 E   0.01308 0.98692 0.00000 0.00000 ( 2)
  32 K   0.09508 0.90492 0.00000 0.00000 ( 2)
  33 A   0.47051 0.52949 0.00000 0.00000 ( 2)
  34 E   0.99971 0.00029 0.00000 0.00000 ( 1)
  35 S   0.80556 0.19444 0.00000 0.00000 ( 1)
  36 L   0.99685 0.00315 0.00000 0.00000 ( 1)
  37 Y   0.99980 0.00020 0.00000 0.00000 ( 1)
  38 T   0.99911 0.00089 0.00000 0.00000 ( 1)
  39 R   0.88751 0.11249 0.00000 0.00000 ( 1)
  40 A   0.00677 0.99323 0.00000 0.00000 ( 2)
  41 P   0.99956 0.00044 0.00000 0.00000 ( 1)
  42 H   0.99997 0.00003 0.00000 0.00000 ( 1)
  43 L   0.19099 0.80901 0.00000 0.00000 ( 2)
  44 F   0.99274 0.00726 0.00000 0.00000 ( 1)
  45 T   0.99992 0.00008 0.00000 0.00000 ( 1)
  46 W   0.96180 0.03820 0.00000 0.00000 ( 1)
  47 L   0.99620 0.00380 0.00000 0.00000 ( 1)
  48 K   0.55608 0.44392 0.00000 0.00000 ( 1)
  49 G   0.99100 0.00900 0.00000 0.00000 ( 1)
  50 F   0.99640 0.00360 0.00000 0.00000 ( 1)
  51 R   0.58587 0.41413 0.00000 0.00000 ( 1)
  52 F   0.99996 0.00004 0.00000 0.00000 ( 1)
  53 V   0.99881 0.00119 0.00000 0.00000 ( 1)
  54 T   0.99107 0.00893 0.00000 0.00000 ( 1)
  55 N   0.99996 0.00004 0.00000 0.00000 ( 1)
  56 S   0.19420 0.80580 0.00000 0.00000 ( 2)
  57 I   0.99321 0.00679 0.00000 0.00000 ( 1)
  58 S   0.83930 0.16070 0.00000 0.00000 ( 1)
  59 Y   0.00077 0.99923 0.00000 0.00000 ( 2)
  60 -   0.99320 0.00680 0.00000 0.00000 ( 1)
  61 -   0.01768 0.98232 0.00000 0.00000 ( 2)
  62 -   0.10429 0.89571 0.00000 0.00000 ( 2)
  63 -   0.12843 0.87157 0.00000 0.00000 ( 2)
  64 -   0.02263 0.97737 0.00000 0.00000 ( 2)
  65 -   0.67322 0.32678 0.00000 0.00000 ( 1)
  66 W   0.96180 0.03820 0.00000 0.00000 ( 1)
  67 T   0.19495 0.80505 0.00000 0.00000 ( 2)
  68 F   0.99780 0.00220 0.00000 0.00000 ( 1)
  69 L   0.99671 0.00329 0.00000 0.00000 ( 1)
  70 S   0.87892 0.12108 0.00000 0.00000 ( 1)
  71 G   0.99917 0.00083 0.00000 0.00000 ( 1)
  72 G   0.00021 0.99979 0.00000 0.00000 ( 2)
  73 Q   0.21541 0.78459 0.00000 0.00000 ( 2)
  74 N   0.99969 0.00031 0.00000 0.00000 ( 1)
  75 K   0.97770 0.02230 0.00000 0.00000 ( 1)
  76 Y   0.97721 0.02279 0.00000 0.00000 ( 1)
  77 S   0.96659 0.03341 0.00000 0.00000 ( 1)
  78 Y   0.04434 0.95566 0.00000 0.00000 ( 2)
  79 T   0.70708 0.29292 0.00000 0.00000 ( 1)
  80 N   0.00033 0.99967 0.00000 0.00000 ( 2)
  81 -   0.63878 0.36122 0.00000 0.00000 ( 1)
  82 N   0.00000 1.00000 0.00000 0.00000 ( 2)
  83 S   0.00033 0.99967 0.00000 0.00000 ( 2)
  84 S   0.00031 0.99969 0.00000 0.00000 ( 2)
  85 I   0.94522 0.05478 0.00000 0.00000 ( 1)
  86 N   0.00004 0.99996 0.00000 0.00000 ( 2)
  87 E   0.00110 0.99890 0.00000 0.00000 ( 2)
  88 G   0.95716 0.04284 0.00000 0.00000 ( 1)
  89 S   0.97282 0.02718 0.00000 0.00000 ( 1)
  90 F   0.99967 0.00033 0.00000 0.00000 ( 1)
  91 R   0.00000 1.00000 0.00000 0.00000 ( 2)
  92 G   0.98914 0.01086 0.00000 0.00000 ( 1)
  93 Q   0.02112 0.97888 0.00000 0.00000 ( 2)
  94 D   0.82149 0.17851 0.00000 0.00000 ( 1)
  95 T   0.08995 0.91005 0.00000 0.00000 ( 2)
  96 D   0.02092 0.97908 0.00000 0.00000 ( 2)
  97 Y   0.80421 0.19579 0.00000 0.00000 ( 1)
  98 G   0.99273 0.00727 0.00000 0.00000 ( 1)
  99 G   0.93189 0.06811 0.00000 0.00000 ( 1)
 100 T   0.27284 0.72716 0.00000 0.00000 ( 2)
 101 S   0.05414 0.94586 0.00000 0.00000 ( 2)
 102 S   0.99844 0.00156 0.00000 0.00000 ( 1)
 103 T   0.02652 0.97348 0.00000 0.00000 ( 2)
 104 I   0.09247 0.90753 0.00000 0.00000 ( 2)
 105 N   0.05298 0.94702 0.00000 0.00000 ( 2)
 106 I   0.89104 0.10896 0.00000 0.00000 ( 1)
 107 P   0.00001 0.99999 0.00000 0.00000 ( 2)
 108 S   0.00034 0.99966 0.00000 0.00000 ( 2)
 109 N   0.00083 0.99917 0.00000 0.00000 ( 2)
 110 S   0.02037 0.97963 0.00000 0.00000 ( 2)
 111 Y   0.72369 0.27631 0.00000 0.00000 ( 1)
 112 V   0.23314 0.76686 0.00000 0.00000 ( 2)
 113 Y   0.98723 0.01277 0.00000 0.00000 ( 1)
 114 N   0.56124 0.43876 0.00000 0.00000 ( 1)
 115 L   0.97736 0.02264 0.00000 0.00000 ( 1)
 116 W   0.12988 0.87012 0.00000 0.00000 ( 2)
 117 T   0.67680 0.32320 0.00000 0.00000 ( 1)
 118 E   0.99735 0.00265 0.00000 0.00000 ( 1)
 119 N   0.84486 0.15514 0.00000 0.00000 ( 1)
 120 Y   0.99177 0.00823 0.00000 0.00000 ( 1)
 121 E   0.87315 0.12685 0.00000 0.00000 ( 1)
 122 Y   0.00009 0.99991 0.00000 0.00000 ( 2)
 123 I   0.99375 0.00625 0.00000 0.00000 ( 1)
 124 Y   0.91299 0.08701 0.00000 0.00000 ( 1)
 125 P   0.99754 0.00246 0.00000 0.00000 ( 1)
 126 W   0.04136 0.95864 0.00000 0.00000 ( 2)
 127 G   0.00003 0.99997 0.00000 0.00000 ( 2)
 128 D   0.99694 0.00306 0.00000 0.00000 ( 1)
 129 P   0.17952 0.82048 0.00000 0.00000 ( 2)
 130 V   0.01753 0.98247 0.00000 0.00000 ( 2)
 131 N   0.99969 0.00031 0.00000 0.00000 ( 1)
 132 I   0.99375 0.00625 0.00000 0.00000 ( 1)
 133 T   0.37209 0.62791 0.00000 0.00000 ( 2)
 134 K   0.34080 0.65920 0.00000 0.00000 ( 2)
 135 M   0.90950 0.09050 0.00000 0.00000 ( 1)
 136 N   0.98887 0.01113 0.00000 0.00000 ( 1)
 137 F   0.99990 0.00010 0.00000 0.00000 ( 1)
 138 S   0.94975 0.05025 0.00000 0.00000 ( 1)
 139 V   0.00077 0.99923 0.00000 0.00000 ( 2)
 140 T   0.94966 0.05034 0.00000 0.00000 ( 1)
 141 D   0.99581 0.00419 0.00000 0.00000 ( 1)
 142 N   0.99996 0.00004 0.00000 0.00000 ( 1)
 143 N   0.96412 0.03588 0.00000 0.00000 ( 1)
 144 S   0.00495 0.99505 0.00000 0.00000 ( 2)
 145 S   0.53249 0.46751 0.00000 0.00000 ( 1)
 146 K   0.00002 0.99998 0.00000 0.00000 ( 2)
 147 E   0.28139 0.71861 0.00000 0.00000 ( 2)
 148 L   0.00002 0.99998 0.00000 0.00000 ( 2)
 149 I   0.11152 0.88848 0.00000 0.00000 ( 2)
 150 Y   0.99710 0.00290 0.00000 0.00000 ( 1)
 151 G   0.96073 0.03927 0.00000 0.00000 ( 1)
 152 A   0.01151 0.98849 0.00000 0.00000 ( 2)
 153 H   0.00034 0.99966 0.00000 0.00000 ( 2)
 154 R   0.13351 0.86649 0.00000 0.00000 ( 2)
 155 T   0.01604 0.98396 0.00000 0.00000 ( 2)
 156 -   0.63878 0.36122 0.00000 0.00000 ( 1)
 157 -   0.09697 0.90303 0.00000 0.00000 ( 2)
 158 -   0.50593 0.49407 0.00000 0.00000 ( 1)
 159 N   0.99996 0.00004 0.00000 0.00000 ( 1)
 160 K   0.00780 0.99220 0.00000 0.00000 ( 2)
 161 P   0.99988 0.00012 0.00000 0.00000 ( 1)
 162 V   0.85334 0.14666 0.00000 0.00000 ( 1)
 163 V   0.99994 0.00006 0.00000 0.00000 ( 1)
 164 R   0.40417 0.59583 0.00000 0.00000 ( 2)
 165 T   0.99857 0.00143 0.00000 0.00000 ( 1)
 166 D   0.99979 0.00021 0.00000 0.00000 ( 1)
 167 F   0.99994 0.00006 0.00000 0.00000 ( 1)
 168 D   0.99806 0.00194 0.00000 0.00000 ( 1)
 169 F   0.99996 0.00004 0.00000 0.00000 ( 1)
 170 L   0.99390 0.00610 0.00000 0.00000 ( 1)
 171 T   0.11289 0.88711 0.00000 0.00000 ( 2)
 172 N   0.99631 0.00369 0.00000 0.00000 ( 1)
 173 K   0.99768 0.00232 0.00000 0.00000 ( 1)
 174 E   0.22379 0.77621 0.00000 0.00000 ( 2)
 175 G   0.60368 0.39632 0.00000 0.00000 ( 1)
 176 T   0.98969 0.01031 0.00000 0.00000 ( 1)
 177 E   0.38054 0.61946 0.00000 0.00000 ( 2)
 178 L   0.08131 0.91869 0.00000 0.00000 ( 2)
 179 A   0.37340 0.62660 0.00000 0.00000 ( 2)
 180 K   0.98931 0.01069 0.00000 0.00000 ( 1)
 181 Y   0.92213 0.07787 0.00000 0.00000 ( 1)
 182 N   0.99941 0.00059 0.00000 0.00000 ( 1)
 183 D   0.98993 0.01007 0.00000 0.00000 ( 1)
 184 Y   0.99952 0.00048 0.00000 0.00000 ( 1)
 185 N   0.98999 0.01001 0.00000 0.00000 ( 1)
 186 H   0.99989 0.00011 0.00000 0.00000 ( 1)
 187 I   0.99994 0.00006 0.00000 0.00000 ( 1)
 188 L   0.99400 0.00600 0.00000 0.00000 ( 1)
 189 S   0.99186 0.00814 0.00000 0.00000 ( 1)
 190 Y   0.89363 0.10637 0.00000 0.00000 ( 1)
 191 M   0.58028 0.41972 0.00000 0.00000 ( 1)
 192 L   0.99278 0.00722 0.00000 0.00000 ( 1)
 193 I   0.22417 0.77583 0.00000 0.00000 ( 2)
 194 N   0.99377 0.00623 0.00000 0.00000 ( 1)
 195 -   0.90528 0.09472 0.00000 0.00000 ( 1)
 196 -   0.92655 0.07345 0.00000 0.00000 ( 1)
 197 -   0.79453 0.20547 0.00000 0.00000 ( 1)
 198 G   0.67272 0.32728 0.00000 0.00000 ( 1)
 199 E   0.01509 0.98491 0.00000 0.00000 ( 2)
 200 T   0.99287 0.00713 0.00000 0.00000 ( 1)
 201 F   0.28926 0.71074 0.00000 0.00000 ( 2)
 202 G   0.98690 0.01310 0.00000 0.00000 ( 1)
 203 Q   0.70208 0.29792 0.00000 0.00000 ( 1)
 204 K   0.84045 0.15955 0.00000 0.00000 ( 1)
 205 R   0.54032 0.45968 0.00000 0.00000 ( 1)
 206 H   0.99446 0.00554 0.00000 0.00000 ( 1)
 207 G   0.99972 0.00028 0.00000 0.00000 ( 1)
 208 Y   0.99988 0.00012 0.00000 0.00000 ( 1)
 209 S   0.90142 0.09858 0.00000 0.00000 ( 1)
 210 F   0.99996 0.00004 0.00000 0.00000 ( 1)
 211 A   0.99668 0.00332 0.00000 0.00000 ( 1)
 212 F   0.99994 0.00006 0.00000 0.00000 ( 1)
 213 T   0.99724 0.00276 0.00000 0.00000 ( 1)
 214 H   0.99998 0.00002 0.00000 0.00000 ( 1)
 215 S   0.99999 0.00001 0.00000 0.00000 ( 1)
 216 S   0.99818 0.00182 0.00000 0.00000 ( 1)


lnL = -3723.164044

Bayes Empirical Bayes (BEB) probabilities for 4 classes (class)
(amino acids refer to 1st sequence: BT_Cry19Aa1)

   1 E   0.00509 0.96970 0.00011 0.02510 ( 2)
   2 V   0.98589 0.00011 0.01401 0.00000 ( 1)
   3 K   0.98397 0.00027 0.01576 0.00001 ( 1)
   4 T   0.49912 0.47085 0.01496 0.01506 ( 1)
   5 E   0.98295 0.00036 0.01668 0.00001 ( 1)
   6 L   0.95960 0.01647 0.02346 0.00048 ( 1)
   7 T   0.98194 0.00127 0.01676 0.00003 ( 1)
   8 R   0.98007 0.00288 0.01698 0.00006 ( 1)
   9 E   0.98295 0.00036 0.01668 0.00001 ( 1)
  10 I   0.98649 0.00014 0.01336 0.00000 ( 1)
  11 Y   0.98451 0.00079 0.01468 0.00002 ( 1)
  12 S   0.96417 0.01175 0.02375 0.00033 ( 1)
  13 D   0.98796 0.00003 0.01201 0.00000 ( 1)
  14 V   0.96890 0.00257 0.02845 0.00008 ( 1)
  15 I   0.98195 0.00077 0.01726 0.00002 ( 1)
  16 N   0.98742 0.00007 0.01251 0.00000 ( 1)
  17 G   0.31731 0.65235 0.00944 0.02090 ( 2)
  18 E   0.62806 0.25473 0.10767 0.00953 ( 1)
  19 I   0.05088 0.84118 0.02591 0.08204 ( 2)
  20 Y   0.27774 0.65280 0.04166 0.02780 ( 2)
  21 G   0.80490 0.17296 0.01767 0.00447 ( 1)
  22 L   0.10865 0.84016 0.01491 0.03627 ( 2)
  23 M   0.56789 0.41206 0.01031 0.00975 ( 1)
  24 -   0.47605 0.48448 0.01971 0.01975 ( 2)
  25 T   0.03510 0.92543 0.00146 0.03800 ( 2)
  26 P   0.57865 0.38189 0.02392 0.01554 ( 1)
  27 Y   0.13265 0.84586 0.00201 0.01948 ( 2)
  28 F   0.00948 0.94748 0.00074 0.04230 ( 2)
  29 S   0.89231 0.09322 0.01240 0.00207 ( 1)
  30 F   0.96675 0.01409 0.01877 0.00040 ( 1)
  31 E   0.04723 0.92600 0.00119 0.02558 ( 2)
  32 K   0.22323 0.75174 0.00494 0.02008 ( 2)
  33 A   0.64602 0.33060 0.01442 0.00896 ( 1)
  34 E   0.98295 0.00036 0.01668 0.00001 ( 1)
  35 S   0.85943 0.12301 0.01471 0.00285 ( 1)
  36 L   0.98183 0.00273 0.01538 0.00006 ( 1)
  37 Y   0.98514 0.00027 0.01459 0.00001 ( 1)
  38 T   0.98020 0.00104 0.01873 0.00002 ( 1)
  39 R   0.86907 0.10226 0.02547 0.00321 ( 1)
  40 A   0.02542 0.94923 0.00056 0.02478 ( 2)
  41 P   0.98395 0.00053 0.01551 0.00001 ( 1)
  42 H   0.98734 0.00004 0.01261 0.00000 ( 1)
  43 L   0.31096 0.66469 0.00692 0.01743 ( 2)
  44 F   0.96757 0.00739 0.02483 0.00021 ( 1)
  45 T   0.98618 0.00011 0.01371 0.00000 ( 1)
  46 W   0.93645 0.03530 0.02715 0.00110 ( 1)
  47 L   0.97459 0.00402 0.02128 0.00010 ( 1)
  48 K   0.64188 0.32883 0.01892 0.01037 ( 1)
  49 G   0.96972 0.00901 0.02104 0.00023 ( 1)
  50 F   0.98349 0.00305 0.01340 0.00006 ( 1)
  51 R   0.73366 0.24177 0.01765 0.00691 ( 1)
  52 F   0.98651 0.00006 0.01343 0.00000 ( 1)
  53 V   0.98112 0.00134 0.01751 0.00003 ( 1)
  54 T   0.97637 0.00928 0.01416 0.00020 ( 1)
  55 N   0.98742 0.00007 0.01251 0.00000 ( 1)
  56 S   0.41469 0.56693 0.00625 0.01212 ( 2)
  57 I   0.98080 0.00579 0.01329 0.00012 ( 1)
  58 S   0.89664 0.08812 0.01338 0.00186 ( 1)
  59 Y   0.00447 0.92260 0.00222 0.07071 ( 2)
  60 -   0.97840 0.00719 0.01427 0.00015 ( 1)
  61 -   0.04721 0.85870 0.02166 0.07243 ( 2)
  62 -   0.18883 0.77171 0.00785 0.03161 ( 2)
  63 -   0.22629 0.73424 0.00941 0.03006 ( 2)
  64 -   0.05885 0.88554 0.00864 0.04697 ( 2)
  65 -   0.74143 0.24224 0.01082 0.00551 ( 1)
  66 W   0.93645 0.03530 0.02715 0.00110 ( 1)
  67 T   0.36774 0.61030 0.00711 0.01485 ( 2)
  68 F   0.98443 0.00207 0.01345 0.00004 ( 1)
  69 L   0.97512 0.00350 0.02129 0.00009 ( 1)
  70 S   0.89659 0.07884 0.02220 0.00237 ( 1)
  71 G   0.98466 0.00096 0.01436 0.00002 ( 1)
  72 G   0.00172 0.97223 0.00004 0.02601 ( 2)
  73 Q   0.39877 0.57778 0.00866 0.01479 ( 2)
  74 N   0.98714 0.00035 0.01251 0.00001 ( 1)
  75 K   0.96922 0.01492 0.01553 0.00033 ( 1)
  76 Y   0.96977 0.01555 0.01435 0.00034 ( 1)
  77 S   0.96296 0.02222 0.01436 0.00047 ( 1)
  78 Y   0.13974 0.77620 0.04230 0.04176 ( 2)
  79 T   0.78347 0.18829 0.02242 0.00583 ( 1)
  80 N   0.00173 0.83745 0.00134 0.15947 ( 2)
  81 -   0.65361 0.30692 0.02699 0.01247 ( 1)
  82 N   0.00005 0.92303 0.00002 0.07691 ( 2)
  83 S   0.00298 0.96871 0.00019 0.02812 ( 2)
  84 S   0.00205 0.95574 0.00014 0.04206 ( 2)
  85 I   0.95694 0.02949 0.01297 0.00061 ( 1)
  86 N   0.00038 0.97732 0.00001 0.02229 ( 2)
  87 E   0.00569 0.90566 0.00231 0.08633 ( 2)
  88 G   0.94694 0.03169 0.02056 0.00081 ( 1)
  89 S   0.96688 0.01752 0.01524 0.00037 ( 1)
  90 F   0.97699 0.00043 0.02257 0.00001 ( 1)
  91 R   0.00000 0.96981 0.00000 0.03019 ( 2)
  92 G   0.96440 0.01095 0.02434 0.00031 ( 1)
  93 Q   0.06477 0.90527 0.00186 0.02810 ( 2)
  94 D   0.88972 0.09574 0.01231 0.00223 ( 1)
  95 T   0.23618 0.74113 0.00458 0.01812 ( 2)
  96 D   0.08269 0.88906 0.00225 0.02600 ( 2)
  97 Y   0.87962 0.10504 0.01306 0.00229 ( 1)
  98 G   0.97985 0.00576 0.01428 0.00012 ( 1)
  99 G   0.92791 0.05065 0.02015 0.00129 ( 1)
 100 T   0.45147 0.52344 0.01059 0.01451 ( 2)
 101 S   0.18191 0.79821 0.00275 0.01713 ( 2)
 102 S   0.98385 0.00147 0.01465 0.00003 ( 1)
 103 T   0.09547 0.87976 0.00167 0.02310 ( 2)
 104 I   0.22896 0.74473 0.00500 0.02132 ( 2)
 105 N   0.17444 0.80719 0.00217 0.01621 ( 2)
 106 I   0.92363 0.05910 0.01573 0.00154 ( 1)
 107 P   0.00010 0.96588 0.00001 0.03400 ( 2)
 108 S   0.00256 0.93418 0.00099 0.06227 ( 2)
 109 N   0.00521 0.96829 0.00048 0.02602 ( 2)
 110 S   0.05510 0.91375 0.00166 0.02948 ( 2)
 111 Y   0.83197 0.15237 0.01235 0.00331 ( 1)
 112 V   0.47158 0.50959 0.00803 0.01079 ( 2)
 113 Y   0.97634 0.00902 0.01444 0.00020 ( 1)
 114 N   0.75078 0.23447 0.00958 0.00517 ( 1)
 115 L   0.95626 0.02227 0.02089 0.00057 ( 1)
 116 W   0.24135 0.72861 0.00709 0.02295 ( 2)
 117 T   0.77163 0.20850 0.01484 0.00504 ( 1)
 118 E   0.98179 0.00243 0.01572 0.00005 ( 1)
 119 N   0.88048 0.09748 0.01951 0.00254 ( 1)
 120 Y   0.97950 0.00587 0.01450 0.00013 ( 1)
 121 E   0.89903 0.07786 0.02101 0.00209 ( 1)
 122 Y   0.00077 0.97669 0.00001 0.02254 ( 2)
 123 I   0.98201 0.00461 0.01329 0.00009 ( 1)
 124 Y   0.92907 0.05565 0.01405 0.00123 ( 1)
 125 P   0.97604 0.00267 0.02122 0.00007 ( 1)
 126 W   0.10421 0.86257 0.00356 0.02966 ( 2)
 127 G   0.00036 0.97760 0.00001 0.02204 ( 2)
 128 D   0.98562 0.00234 0.01200 0.00005 ( 1)
 129 P   0.34386 0.62798 0.00928 0.01888 ( 2)
 130 V   0.05887 0.86854 0.01969 0.05290 ( 2)
 131 N   0.98714 0.00035 0.01251 0.00001 ( 1)
 132 I   0.98201 0.00461 0.01329 0.00009 ( 1)
 133 T   0.55434 0.42468 0.01069 0.01030 ( 1)
 134 K   0.48197 0.36478 0.13566 0.01759 ( 1)
 135 M   0.93702 0.04925 0.01270 0.00102 ( 1)
 136 N   0.97914 0.00827 0.01241 0.00018 ( 1)
 137 F   0.98642 0.00013 0.01344 0.00000 ( 1)
 138 S   0.95162 0.03348 0.01420 0.00071 ( 1)
 139 V   0.00451 0.93761 0.00147 0.05642 ( 2)
 140 T   0.93318 0.03856 0.02705 0.00120 ( 1)
 141 D   0.98316 0.00327 0.01349 0.00008 ( 1)
 142 N   0.98742 0.00007 0.01251 0.00000 ( 1)
 143 N   0.95443 0.02389 0.02106 0.00062 ( 1)
 144 S   0.02561 0.95218 0.00041 0.02179 ( 2)
 145 S   0.65495 0.31979 0.01623 0.00903 ( 1)
 146 K   0.00019 0.89337 0.00080 0.10564 ( 2)
 147 E   0.47171 0.50767 0.00865 0.01197 ( 2)
 148 L   0.00019 0.92822 0.00012 0.07147 ( 2)
 149 I   0.26224 0.71102 0.00510 0.02164 ( 2)
 150 Y   0.98272 0.00268 0.01454 0.00006 ( 1)
 151 G   0.96045 0.02504 0.01400 0.00050 ( 1)
 152 A   0.03902 0.92917 0.00121 0.03060 ( 2)
 153 H   0.00208 0.94182 0.00073 0.05537 ( 2)
 154 R   0.30364 0.67579 0.00533 0.01525 ( 2)
 155 T   0.05187 0.90866 0.00216 0.03730 ( 2)
 156 -   0.65361 0.30692 0.02699 0.01247 ( 1)
 157 -   0.17829 0.78225 0.00742 0.03205 ( 2)
 158 -   0.58302 0.37752 0.02410 0.01536 ( 1)
 159 N   0.98742 0.00007 0.01251 0.00000 ( 1)
 160 K   0.03014 0.94068 0.00274 0.02645 ( 2)
 161 P   0.98434 0.00015 0.01551 0.00000 ( 1)
 162 V   0.90876 0.07695 0.01267 0.00163 ( 1)
 163 V   0.98591 0.00008 0.01401 0.00000 ( 1)
 164 R   0.53680 0.41091 0.03797 0.01432 ( 1)
 165 T   0.97926 0.00164 0.01907 0.00004 ( 1)
 166 D   0.98481 0.00024 0.01494 0.00001 ( 1)
 167 F   0.98647 0.00009 0.01344 0.00000 ( 1)
 168 D   0.98637 0.00160 0.01200 0.00003 ( 1)
 169 F   0.98651 0.00006 0.01343 0.00000 ( 1)
 170 L   0.97930 0.00524 0.01535 0.00011 ( 1)
 171 T   0.27503 0.70200 0.00537 0.01760 ( 2)
 172 N   0.98332 0.00378 0.01281 0.00008 ( 1)
 173 K   0.98206 0.00217 0.01573 0.00005 ( 1)
 174 E   0.40352 0.47152 0.09905 0.02591 ( 2)
 175 G   0.71834 0.25934 0.01567 0.00665 ( 1)
 176 T   0.97598 0.00769 0.01612 0.00021 ( 1)
 177 E   0.39255 0.30567 0.26880 0.03298 ( 1)
 178 L   0.18934 0.78733 0.00376 0.01956 ( 2)
 179 A   0.51914 0.44934 0.01652 0.01501 ( 1)
 180 K   0.97222 0.00899 0.01858 0.00022 ( 1)
 181 Y   0.91257 0.05901 0.02657 0.00185 ( 1)
 182 N   0.98680 0.00068 0.01250 0.00001 ( 1)
 183 D   0.97977 0.00721 0.01286 0.00016 ( 1)
 184 Y   0.97131 0.00061 0.02806 0.00002 ( 1)
 185 N   0.98009 0.00725 0.01251 0.00016 ( 1)
 186 H   0.98719 0.00015 0.01266 0.00000 ( 1)
 187 I   0.98656 0.00009 0.01335 0.00000 ( 1)
 188 L   0.97245 0.00615 0.02124 0.00016 ( 1)
 189 S   0.96404 0.00829 0.02741 0.00026 ( 1)
 190 Y   0.91921 0.06572 0.01364 0.00143 ( 1)
 191 M   0.74539 0.23576 0.01351 0.00534 ( 1)
 192 L   0.97067 0.00736 0.02178 0.00020 ( 1)
 193 I   0.40354 0.57169 0.00999 0.01478 ( 2)
 194 N   0.98271 0.00458 0.01261 0.00010 ( 1)
 195 -   0.87257 0.08797 0.03590 0.00356 ( 1)
 196 -   0.89005 0.07048 0.03661 0.00285 ( 1)
 197 -   0.78479 0.17574 0.03234 0.00713 ( 1)
 198 G   0.76064 0.21278 0.02027 0.00631 ( 1)
 199 E   0.04948 0.91105 0.00206 0.03740 ( 2)
 200 T   0.97355 0.00738 0.01889 0.00018 ( 1)
 201 F   0.53130 0.45162 0.00751 0.00957 ( 1)
 202 G   0.96499 0.01071 0.02398 0.00033 ( 1)
 203 Q   0.78703 0.19114 0.01697 0.00486 ( 1)
 204 K   0.88787 0.09571 0.01429 0.00213 ( 1)
 205 R   0.65779 0.31737 0.01584 0.00900 ( 1)
 206 H   0.96864 0.00571 0.02548 0.00017 ( 1)
 207 G   0.98529 0.00034 0.01436 0.00001 ( 1)
 208 Y   0.98526 0.00017 0.01457 0.00000 ( 1)
 209 S   0.90291 0.07342 0.02161 0.00206 ( 1)
 210 F   0.98651 0.00006 0.01343 0.00000 ( 1)
 211 A   0.73756 0.00222 0.26006 0.00016 ( 1)
 212 F   0.97860 0.00009 0.02131 0.00000 ( 1)
 213 T   0.96878 0.00304 0.02808 0.00009 ( 1)
 214 H   0.98736 0.00003 0.01261 0.00000 ( 1)
 215 S   0.98806 0.00002 0.01193 0.00000 ( 1)
 216 S   0.97998 0.00205 0.01791 0.00005 ( 1)

