Supplemental results for CODEML (seqf: algn  treef: tree)


dN/dS (w) for site classes (K=4)

site class             0        1       2a       2b
proportion       0.74255  0.22076  0.02828  0.00841
background w     0.12517  1.00000  0.12517  1.00000
foreground w     0.12517  1.00000  1.07122  1.07122

Naive Empirical Bayes (NEB) probabilities for 4 classes
(amino acids refer to 1st sequence: BT_Cry1Ia18)

   1 P   0.93429 0.02902 0.03558 0.00111 ( 1)
   2 F   0.94181 0.02150 0.03587 0.00082 ( 1)
   3 A   0.94455 0.01876 0.03597 0.00071 ( 1)
   4 G   0.96004 0.00327 0.03657 0.00012 ( 1)
   5 Q   0.00116 0.96215 0.00004 0.03665 ( 2)
   6 I   0.95700 0.00631 0.03645 0.00024 ( 1)
   7 A   0.95466 0.00865 0.03636 0.00033 ( 1)
   8 S   0.35868 0.60463 0.01366 0.02303 ( 2)
   9 L   0.89572 0.06759 0.03412 0.00257 ( 1)
  10 Y   0.57056 0.39275 0.02173 0.01496 ( 1)
  11 S   0.95591 0.00740 0.03641 0.00028 ( 1)
  12 F   0.40260 0.56071 0.01533 0.02136 ( 2)
  13 I   0.83374 0.12957 0.03175 0.00494 ( 1)
  14 L   0.76635 0.19696 0.02919 0.00750 ( 1)
  15 G   0.95966 0.00365 0.03655 0.00014 ( 1)
  16 E   0.18577 0.77754 0.00708 0.02961 ( 2)
  17 L   0.96075 0.00256 0.03659 0.00010 ( 1)
  18 W   0.95726 0.00605 0.03646 0.00023 ( 1)
  19 P   0.96306 0.00025 0.03668 0.00001 ( 1)
  20 K   0.59306 0.37025 0.02259 0.01410 ( 1)
  21 -   0.74685 0.21646 0.02845 0.00824 ( 1)
  22 G   0.02552 0.93779 0.00097 0.03572 ( 2)
  23 K   0.71634 0.24697 0.02728 0.00941 ( 1)
  24 S   0.03819 0.92512 0.00145 0.03524 ( 2)
  25 Q   0.10346 0.85985 0.00394 0.03275 ( 2)
  26 W   0.95726 0.00605 0.03646 0.00023 ( 1)
  27 E   0.96314 0.00017 0.03668 0.00001 ( 1)
  28 I   0.15614 0.80717 0.00595 0.03074 ( 2)
  29 F   0.96134 0.00198 0.03661 0.00008 ( 1)
  30 M   0.96307 0.00024 0.03668 0.00001 ( 1)
  31 E   0.96031 0.00301 0.03658 0.00011 ( 1)
  32 H   0.82807 0.13524 0.03154 0.00515 ( 1)
  33 V   0.96224 0.00107 0.03665 0.00004 ( 1)
  34 E   0.96314 0.00017 0.03668 0.00001 ( 1)
  35 E   0.36559 0.59772 0.01392 0.02277 ( 2)
  36 I   0.93711 0.02620 0.03569 0.00100 ( 1)
  37 I   0.96114 0.00217 0.03661 0.00008 ( 1)
  38 N   0.95161 0.01170 0.03624 0.00045 ( 1)
  39 Q   0.96170 0.00161 0.03663 0.00006 ( 1)
  40 K   0.96317 0.00014 0.03668 0.00001 ( 1)
  41 I   0.96203 0.00128 0.03664 0.00005 ( 1)
  42 L   0.15106 0.81225 0.00575 0.03094 ( 2)
  43 T   0.62160 0.34171 0.02367 0.01301 ( 1)
  44 Y   0.96210 0.00122 0.03664 0.00005 ( 1)
  45 A   0.96315 0.00016 0.03668 0.00001 ( 1)
  46 R   0.96269 0.00063 0.03667 0.00002 ( 1)
  47 N   0.95310 0.01021 0.03630 0.00039 ( 1)
  48 K   0.96175 0.00156 0.03663 0.00006 ( 1)
  49 A   0.96208 0.00123 0.03664 0.00005 ( 1)
  50 L   0.94464 0.01867 0.03598 0.00071 ( 1)
  51 S   0.25780 0.70551 0.00982 0.02687 ( 2)
  52 D   0.96114 0.00217 0.03661 0.00008 ( 1)
  53 L   0.93479 0.02852 0.03560 0.00109 ( 1)
  54 R   0.46845 0.49486 0.01784 0.01885 ( 2)
  55 G   0.96146 0.00185 0.03662 0.00007 ( 1)
  56 L   0.96192 0.00139 0.03664 0.00005 ( 1)
  57 G   0.95370 0.00961 0.03632 0.00037 ( 1)
  58 D   0.95154 0.01177 0.03624 0.00045 ( 1)
  59 A   0.85036 0.11295 0.03239 0.00430 ( 1)
  60 L   0.37198 0.59133 0.01417 0.02252 ( 2)
  61 A   0.24901 0.71430 0.00948 0.02721 ( 2)
  62 V   0.94535 0.01796 0.03601 0.00068 ( 1)
  63 Y   0.96232 0.00099 0.03665 0.00004 ( 1)
  64 H   0.90724 0.05607 0.03455 0.00214 ( 1)
  65 E   0.21805 0.74526 0.00830 0.02838 ( 2)
  66 S   0.91791 0.04540 0.03496 0.00173 ( 1)
  67 L   0.94862 0.01469 0.03613 0.00056 ( 1)
  68 E   0.95589 0.00742 0.03641 0.00028 ( 1)
  69 S   0.05385 0.90946 0.00205 0.03464 ( 2)
  70 W   0.95726 0.00605 0.03646 0.00023 ( 1)
  71 V   0.00237 0.96094 0.00009 0.03660 ( 2)
  72 K   0.71121 0.25210 0.02709 0.00960 ( 1)
  73 N   0.96324 0.00007 0.03669 0.00000 ( 1)
  74 R   0.87954 0.08377 0.03350 0.00319 ( 1)
  75 N   0.89078 0.07253 0.03393 0.00276 ( 1)
  76 N   0.91643 0.04688 0.03490 0.00179 ( 1)
  77 T   0.11100 0.85231 0.00423 0.03246 ( 2)
  78 R   0.96262 0.00069 0.03666 0.00003 ( 1)
  79 A   0.73172 0.23159 0.02787 0.00882 ( 1)
  80 R   0.80670 0.15661 0.03072 0.00596 ( 1)
  81 S   0.87284 0.09047 0.03324 0.00345 ( 1)
  82 V   0.72989 0.23342 0.02780 0.00889 ( 1)
  83 V   0.95571 0.00760 0.03640 0.00029 ( 1)
  84 K   0.00093 0.96238 0.00004 0.03665 ( 2)
  85 N   0.74819 0.21512 0.02850 0.00819 ( 1)
  86 Q   0.93614 0.02717 0.03565 0.00103 ( 1)
  87 Y   0.96214 0.00117 0.03664 0.00004 ( 1)
  88 I   0.24859 0.71472 0.00947 0.02722 ( 2)
  89 A   0.59832 0.36499 0.02279 0.01390 ( 1)
  90 L   0.94259 0.02072 0.03590 0.00079 ( 1)
  91 E   0.88952 0.07379 0.03388 0.00281 ( 1)
  92 L   0.08156 0.88175 0.00311 0.03358 ( 2)
  93 M   0.01165 0.95166 0.00044 0.03625 ( 2)
  94 F   0.96322 0.00009 0.03669 0.00000 ( 1)
  95 V   0.66373 0.29958 0.02528 0.01141 ( 1)
  96 Q   0.01168 0.95163 0.00044 0.03625 ( 2)
  97 K   0.01895 0.94436 0.00072 0.03597 ( 2)
  98 L   0.93699 0.02632 0.03569 0.00100 ( 1)
  99 P   0.96310 0.00021 0.03668 0.00001 ( 1)
 100 S   0.96246 0.00085 0.03666 0.00003 ( 1)
 101 F   0.96323 0.00008 0.03669 0.00000 ( 1)
 102 A   0.92014 0.04318 0.03505 0.00164 ( 1)
 103 V   0.96279 0.00052 0.03667 0.00002 ( 1)
 104 S   0.74685 0.21647 0.02845 0.00824 ( 1)
 105 G   0.27545 0.68786 0.01049 0.02620 ( 2)
 106 E   0.05005 0.91326 0.00191 0.03478 ( 2)
 107 E   0.96314 0.00017 0.03668 0.00001 ( 1)
 108 V   0.96289 0.00042 0.03667 0.00002 ( 1)
 109 P   0.92763 0.03568 0.03533 0.00136 ( 1)
 110 L   0.95293 0.01038 0.03629 0.00040 ( 1)
 111 L   0.96094 0.00238 0.03660 0.00009 ( 1)
 112 P   0.89306 0.07025 0.03401 0.00268 ( 1)
 113 I   0.95521 0.00810 0.03638 0.00031 ( 1)
 114 Y   0.96307 0.00024 0.03668 0.00001 ( 1)
 115 A   0.95930 0.00401 0.03654 0.00015 ( 1)
 116 Q   0.18826 0.77505 0.00717 0.02952 ( 2)
 117 A   0.96299 0.00032 0.03668 0.00001 ( 1)
 118 A   0.96284 0.00047 0.03667 0.00002 ( 1)
 119 N   0.96295 0.00036 0.03668 0.00001 ( 1)
 120 L   0.95394 0.00937 0.03633 0.00036 ( 1)
 121 H   0.96325 0.00006 0.03669 0.00000 ( 1)
 122 L   0.96168 0.00163 0.03663 0.00006 ( 1)
 123 L   0.95693 0.00638 0.03645 0.00024 ( 1)
 124 L   0.96227 0.00104 0.03665 0.00004 ( 1)
 125 L   0.96227 0.00104 0.03665 0.00004 ( 1)
 126 R   0.96297 0.00034 0.03668 0.00001 ( 1)
 127 D   0.96299 0.00032 0.03668 0.00001 ( 1)
 128 A   0.96308 0.00024 0.03668 0.00001 ( 1)
 129 S   0.94250 0.02081 0.03590 0.00079 ( 1)
 130 I   0.92216 0.04115 0.03512 0.00157 ( 1)
 131 F   0.96323 0.00008 0.03669 0.00000 ( 1)
 132 G   0.96164 0.00167 0.03663 0.00006 ( 1)
 133 K   0.92401 0.03930 0.03519 0.00150 ( 1)
 134 E   0.43134 0.53197 0.01643 0.02026 ( 2)
 135 W   0.91675 0.04656 0.03492 0.00177 ( 1)
 136 G   0.96298 0.00033 0.03668 0.00001 ( 1)
 137 L   0.89907 0.06424 0.03424 0.00245 ( 1)
 138 S   0.95771 0.00560 0.03648 0.00021 ( 1)
 139 A   0.88984 0.07347 0.03389 0.00280 ( 1)
 140 -   0.74255 0.22076 0.02828 0.00841 ( 1)
 141 -   0.74255 0.22076 0.02828 0.00841 ( 1)
 142 -   0.74255 0.22076 0.02828 0.00841 ( 1)
 143 S   0.00045 0.96286 0.00002 0.03667 ( 2)
 144 E   0.90889 0.05442 0.03462 0.00207 ( 1)
 145 I   0.94785 0.01546 0.03610 0.00059 ( 1)
 146 S   0.43706 0.52625 0.01665 0.02004 ( 2)
 147 T   0.05490 0.90841 0.00209 0.03460 ( 2)
 148 F   0.20613 0.75718 0.00785 0.02884 ( 2)
 149 Y   0.96307 0.00024 0.03668 0.00001 ( 1)
 150 N   0.94345 0.01986 0.03593 0.00076 ( 1)
 151 R   0.96123 0.00208 0.03661 0.00008 ( 1)
 152 Q   0.95871 0.00460 0.03651 0.00018 ( 1)
 153 V   0.20389 0.75942 0.00777 0.02892 ( 2)
 154 E   0.03255 0.93076 0.00124 0.03545 ( 2)
 155 R   0.91252 0.05079 0.03476 0.00193 ( 1)
 156 T   0.95923 0.00408 0.03653 0.00016 ( 1)
 157 R   0.06696 0.89635 0.00255 0.03414 ( 2)
 158 D   0.09472 0.86859 0.00361 0.03308 ( 2)
 159 Y   0.96307 0.00024 0.03668 0.00001 ( 1)
 160 S   0.89839 0.06492 0.03422 0.00247 ( 1)
 161 D   0.96098 0.00233 0.03660 0.00009 ( 1)
 162 H   0.95978 0.00353 0.03656 0.00013 ( 1)
 163 C   0.96309 0.00022 0.03668 0.00001 ( 1)
 164 V   0.89388 0.06943 0.03405 0.00264 ( 1)
 165 K   0.95452 0.00879 0.03635 0.00033 ( 1)
 166 W   0.59112 0.37219 0.02251 0.01418 ( 1)
 167 Y   0.95894 0.00437 0.03652 0.00017 ( 1)
 168 N   0.95430 0.00901 0.03635 0.00034 ( 1)
 169 T   0.90236 0.06095 0.03437 0.00232 ( 1)
 170 G   0.96279 0.00052 0.03667 0.00002 ( 1)
 171 L   0.96209 0.00122 0.03664 0.00005 ( 1)
 172 N   0.04333 0.91998 0.00165 0.03504 ( 2)
 173 N   0.28245 0.68086 0.01076 0.02593 ( 2)
 174 L   0.36032 0.60299 0.01372 0.02297 ( 2)
 175 R   0.90721 0.05610 0.03455 0.00214 ( 1)
 176 G   0.15184 0.81147 0.00578 0.03091 ( 2)
 177 T   0.05290 0.91041 0.00201 0.03468 ( 2)
 178 N   0.56174 0.40157 0.02139 0.01529 ( 1)
 179 A   0.87843 0.08488 0.03346 0.00323 ( 1)
 180 -   0.65237 0.31094 0.02485 0.01184 ( 1)
 181 -   0.71304 0.25027 0.02716 0.00953 ( 1)
 182 -   0.19211 0.77120 0.00732 0.02937 ( 2)
 183 -   0.80855 0.15476 0.03080 0.00589 ( 1)
 184 -   0.74255 0.22076 0.02828 0.00841 ( 1)
 185 -   0.74255 0.22076 0.02828 0.00841 ( 1)
 186 -   0.74255 0.22076 0.02828 0.00841 ( 1)
 187 -   0.74255 0.22076 0.02828 0.00841 ( 1)
 188 -   0.74255 0.22076 0.02828 0.00841 ( 1)
 189 -   0.74255 0.22076 0.02828 0.00841 ( 1)
 190 -   0.74255 0.22076 0.02828 0.00841 ( 1)
 191 -   0.74255 0.22076 0.02828 0.00841 ( 1)
 192 -   0.74255 0.22076 0.02828 0.00841 ( 1)
 193 -   0.74255 0.22076 0.02828 0.00841 ( 1)
 194 -   0.74255 0.22076 0.02828 0.00841 ( 1)
 195 -   0.74255 0.22076 0.02828 0.00841 ( 1)
 196 -   0.74255 0.22076 0.02828 0.00841 ( 1)
 197 -   0.74255 0.22076 0.02828 0.00841 ( 1)
 198 -   0.74255 0.22076 0.02828 0.00841 ( 1)
 199 -   0.74255 0.22076 0.02828 0.00841 ( 1)
 200 -   0.74255 0.22076 0.02828 0.00841 ( 1)
 201 -   0.74255 0.22076 0.02828 0.00841 ( 1)
 202 -   0.74255 0.22076 0.02828 0.00841 ( 1)
 203 -   0.74255 0.22076 0.02828 0.00841 ( 1)
 204 -   0.74255 0.22076 0.02828 0.00841 ( 1)
 205 -   0.74255 0.22076 0.02828 0.00841 ( 1)
 206 -   0.74255 0.22076 0.02828 0.00841 ( 1)
 207 -   0.79151 0.17180 0.03015 0.00654 ( 1)
 208 -   0.93089 0.03242 0.03545 0.00123 ( 1)
 209 -   0.36861 0.59471 0.01404 0.02265 ( 2)
 210 -   0.92180 0.04151 0.03511 0.00158 ( 1)
 211 K   0.00202 0.96129 0.00008 0.03661 ( 2)
 212 S   0.46054 0.50277 0.01754 0.01915 ( 2)
 213 W   0.95726 0.00605 0.03646 0.00023 ( 1)
 214 V   0.41113 0.55218 0.01566 0.02103 ( 2)
 215 R   0.00070 0.96261 0.00003 0.03666 ( 2)
 216 Y   0.96307 0.00024 0.03668 0.00001 ( 1)
 217 N   0.94209 0.02122 0.03588 0.00081 ( 1)
 218 Q   0.75249 0.21082 0.02866 0.00803 ( 1)
 219 F   0.96281 0.00050 0.03667 0.00002 ( 1)
 220 R   0.96270 0.00061 0.03667 0.00002 ( 1)
 221 K   0.96243 0.00088 0.03666 0.00003 ( 1)
 222 D   0.95855 0.00476 0.03651 0.00018 ( 1)
 223 M   0.96303 0.00028 0.03668 0.00001 ( 1)
 224 T   0.95153 0.01178 0.03624 0.00045 ( 1)
 225 L   0.95071 0.01260 0.03621 0.00048 ( 1)
 226 M   0.94903 0.01428 0.03615 0.00054 ( 1)
 227 V   0.96279 0.00052 0.03667 0.00002 ( 1)
 228 L   0.96164 0.00167 0.03663 0.00006 ( 1)
 229 D   0.96320 0.00011 0.03669 0.00000 ( 1)
 230 L   0.87812 0.08519 0.03344 0.00324 ( 1)
 231 V   0.91801 0.04530 0.03496 0.00173 ( 1)
 232 A   0.89168 0.07163 0.03396 0.00273 ( 1)
 233 L   0.84308 0.12023 0.03211 0.00458 ( 1)
 234 F   0.96288 0.00043 0.03667 0.00002 ( 1)
 235 P   0.96091 0.00240 0.03660 0.00009 ( 1)
 236 S   0.00664 0.95667 0.00025 0.03644 ( 2)


lnL = -3343.019598

Bayes Empirical Bayes (BEB) probabilities for 4 classes (class)
(amino acids refer to 1st sequence: BT_Cry1Ia18)

   1 P   0.62553 0.01788 0.34665 0.00994 ( 1)
   2 F   0.62970 0.01371 0.34897 0.00762 ( 1)
   3 A   0.63367 0.00975 0.35116 0.00542 ( 1)
   4 G   0.64143 0.00198 0.35548 0.00110 ( 1)
   5 Q   0.00242 0.64100 0.00133 0.35526 ( 2)
   6 I   0.63999 0.00343 0.35468 0.00190 ( 1)
   7 A   0.63833 0.00509 0.35375 0.00283 ( 1)
   8 S   0.33744 0.30597 0.18632 0.17026 ( 1)
   9 L   0.61061 0.03281 0.33834 0.01824 ( 1)
  10 Y   0.45749 0.18592 0.25311 0.10348 ( 1)
  11 S   0.63953 0.00388 0.35442 0.00216 ( 1)
  12 F   0.37582 0.26760 0.20766 0.14893 ( 1)
  13 I   0.57996 0.06346 0.32129 0.03530 ( 1)
  14 L   0.55251 0.09091 0.30600 0.05058 ( 1)
  15 G   0.64120 0.00222 0.35535 0.00123 ( 1)
  16 E   0.19946 0.44395 0.10982 0.24677 ( 2)
  17 L   0.64165 0.00177 0.35560 0.00098 ( 1)
  18 W   0.63959 0.00383 0.35446 0.00213 ( 1)
  19 P   0.64324 0.00018 0.35648 0.00010 ( 1)
  20 K   0.46918 0.17424 0.25961 0.09697 ( 1)
  21 -   0.53226 0.11116 0.29473 0.06185 ( 1)
  22 G   0.04056 0.60286 0.02224 0.33434 ( 2)
  23 K   0.52949 0.11393 0.29319 0.06339 ( 1)
  24 S   0.05905 0.58437 0.03240 0.32419 ( 2)
  25 Q   0.12940 0.51401 0.07112 0.28546 ( 2)
  26 W   0.63959 0.00383 0.35446 0.00213 ( 1)
  27 E   0.64328 0.00014 0.35650 0.00008 ( 1)
  28 I   0.17878 0.46464 0.09838 0.25820 ( 2)
  29 F   0.64214 0.00128 0.35587 0.00071 ( 1)
  30 M   0.64326 0.00016 0.35649 0.00009 ( 1)
  31 E   0.64172 0.00170 0.35563 0.00094 ( 1)
  32 H   0.58466 0.05876 0.32390 0.03268 ( 1)
  33 V   0.64265 0.00077 0.35616 0.00043 ( 1)
  34 E   0.64328 0.00013 0.35651 0.00007 ( 1)
  35 E   0.33372 0.30969 0.18426 0.17233 ( 1)
  36 I   0.62882 0.01459 0.34847 0.00811 ( 1)
  37 I   0.64205 0.00137 0.35583 0.00076 ( 1)
  38 N   0.63707 0.00635 0.35305 0.00353 ( 1)
  39 Q   0.64242 0.00099 0.35603 0.00055 ( 1)
  40 K   0.64330 0.00011 0.35652 0.00006 ( 1)
  41 I   0.64259 0.00083 0.35612 0.00046 ( 1)
  42 L   0.18053 0.46289 0.09935 0.25723 ( 2)
  43 T   0.47746 0.16596 0.26422 0.09236 ( 1)
  44 Y   0.64257 0.00085 0.35611 0.00047 ( 1)
  45 A   0.64330 0.00012 0.35651 0.00007 ( 1)
  46 R   0.64297 0.00045 0.35634 0.00025 ( 1)
  47 N   0.63805 0.00536 0.35361 0.00298 ( 1)
  48 K   0.64238 0.00104 0.35600 0.00058 ( 1)
  49 A   0.64256 0.00086 0.35610 0.00048 ( 1)
  50 L   0.63399 0.00943 0.35134 0.00524 ( 1)
  51 S   0.25519 0.38822 0.14068 0.21591 ( 2)
  52 D   0.64199 0.00143 0.35579 0.00079 ( 1)
  53 L   0.62762 0.01580 0.34780 0.00878 ( 1)
  54 R   0.40962 0.23380 0.22646 0.13012 ( 1)
  55 G   0.64216 0.00126 0.35588 0.00070 ( 1)
  56 L   0.64244 0.00098 0.35604 0.00054 ( 1)
  57 G   0.63844 0.00498 0.35381 0.00277 ( 1)
  58 D   0.63716 0.00626 0.35310 0.00348 ( 1)
  59 A   0.59301 0.05041 0.32855 0.02804 ( 1)
  60 L   0.34152 0.30189 0.18859 0.16799 ( 1)
  61 A   0.25695 0.38647 0.14165 0.21493 ( 2)
  62 V   0.63321 0.01021 0.35091 0.00567 ( 1)
  63 Y   0.64272 0.00070 0.35620 0.00039 ( 1)
  64 H   0.61580 0.02762 0.34122 0.01536 ( 1)
  65 E   0.23547 0.40795 0.12974 0.22684 ( 2)
  66 S   0.61804 0.02538 0.34247 0.01411 ( 1)
  67 L   0.63606 0.00736 0.35249 0.00409 ( 1)
  68 E   0.63929 0.00413 0.35428 0.00230 ( 1)
  69 S   0.07807 0.56535 0.04285 0.31373 ( 2)
  70 W   0.63959 0.00383 0.35446 0.00213 ( 1)
  71 V   0.00415 0.63927 0.00227 0.35431 ( 2)
  72 K   0.52338 0.12004 0.28979 0.06679 ( 1)
  73 N   0.64336 0.00006 0.35655 0.00003 ( 1)
  74 R   0.59779 0.04562 0.33121 0.02537 ( 1)
  75 N   0.61073 0.03268 0.33841 0.01818 ( 1)
  76 N   0.61911 0.02431 0.34306 0.01352 ( 1)
  77 T   0.14159 0.50183 0.07785 0.27874 ( 2)
  78 R   0.64292 0.00049 0.35632 0.00027 ( 1)
  79 A   0.53922 0.10420 0.29860 0.05798 ( 1)
  80 R   0.57101 0.07240 0.31630 0.04028 ( 1)
  81 S   0.60257 0.04085 0.33386 0.02272 ( 1)
  82 V   0.53822 0.10520 0.29805 0.05853 ( 1)
  83 V   0.63877 0.00465 0.35399 0.00259 ( 1)
  84 K   0.00178 0.64163 0.00098 0.35561 ( 2)
  85 N   0.54536 0.09805 0.30203 0.05456 ( 1)
  86 Q   0.62982 0.01359 0.34903 0.00756 ( 1)
  87 Y   0.64265 0.00077 0.35615 0.00043 ( 1)
  88 I   0.25310 0.39031 0.13952 0.21707 ( 2)
  89 A   0.47440 0.16903 0.26251 0.09407 ( 1)
  90 L   0.63174 0.01168 0.35009 0.00649 ( 1)
  91 E   0.60995 0.03347 0.33797 0.01861 ( 1)
  92 L   0.09613 0.54728 0.05279 0.30379 ( 2)
  93 M   0.01918 0.62423 0.01051 0.34607 ( 2)
  94 F   0.64335 0.00007 0.35655 0.00004 ( 1)
  95 V   0.50490 0.13852 0.27949 0.07709 ( 1)
  96 Q   0.02196 0.62146 0.01203 0.34455 ( 2)
  97 K   0.03021 0.61321 0.01656 0.34002 ( 2)
  98 L   0.63061 0.01281 0.34946 0.00712 ( 1)
  99 P   0.64326 0.00015 0.35650 0.00009 ( 1)
 100 S   0.64282 0.00059 0.35625 0.00033 ( 1)
 101 F   0.64336 0.00006 0.35655 0.00003 ( 1)
 102 A   0.62119 0.02223 0.34422 0.01236 ( 1)
 103 V   0.64302 0.00040 0.35636 0.00022 ( 1)
 104 S   0.53720 0.10622 0.29749 0.05910 ( 1)
 105 G   0.28058 0.36284 0.15475 0.20183 ( 2)
 106 E   0.06496 0.57846 0.03565 0.32094 ( 2)
 107 E   0.64328 0.00013 0.35651 0.00007 ( 1)
 108 V   0.64310 0.00032 0.35641 0.00018 ( 1)
 109 P   0.62649 0.01693 0.34717 0.00941 ( 1)
 110 L   0.63744 0.00597 0.35326 0.00332 ( 1)
 111 L   0.64176 0.00166 0.35566 0.00092 ( 1)
 112 P   0.60918 0.03424 0.33754 0.01904 ( 1)
 113 I   0.63847 0.00494 0.35383 0.00275 ( 1)
 114 Y   0.64324 0.00018 0.35648 0.00010 ( 1)
 115 A   0.64094 0.00248 0.35520 0.00138 ( 1)
 116 Q   0.21201 0.43141 0.11676 0.23982 ( 2)
 117 A   0.64318 0.00024 0.35645 0.00013 ( 1)
 118 A   0.64307 0.00034 0.35640 0.00019 ( 1)
 119 N   0.64315 0.00027 0.35643 0.00015 ( 1)
 120 L   0.63791 0.00550 0.35352 0.00306 ( 1)
 121 H   0.64337 0.00005 0.35656 0.00003 ( 1)
 122 L   0.64229 0.00113 0.35596 0.00063 ( 1)
 123 L   0.63922 0.00420 0.35425 0.00233 ( 1)
 124 L   0.64268 0.00073 0.35618 0.00041 ( 1)
 125 L   0.64268 0.00073 0.35618 0.00041 ( 1)
 126 R   0.64317 0.00025 0.35645 0.00014 ( 1)
 127 D   0.64318 0.00024 0.35645 0.00013 ( 1)
 128 A   0.64324 0.00017 0.35649 0.00010 ( 1)
 129 S   0.63307 0.01035 0.35083 0.00575 ( 1)
 130 I   0.62300 0.02041 0.34523 0.01135 ( 1)
 131 F   0.64336 0.00006 0.35655 0.00003 ( 1)
 132 G   0.64237 0.00105 0.35600 0.00058 ( 1)
 133 K   0.62218 0.02124 0.34477 0.01181 ( 1)
 134 E   0.38779 0.25562 0.21432 0.14227 ( 1)
 135 W   0.61862 0.02479 0.34280 0.01379 ( 1)
 136 G   0.64317 0.00024 0.35645 0.00013 ( 1)
 137 L   0.61265 0.03076 0.33947 0.01711 ( 1)
 138 S   0.64012 0.00329 0.35475 0.00183 ( 1)
 139 A   0.60567 0.03775 0.33559 0.02099 ( 1)
 140 -   0.51515 0.12827 0.28521 0.07138 ( 1)
 141 -   0.51515 0.12827 0.28521 0.07138 ( 1)
 142 -   0.51515 0.12827 0.28521 0.07138 ( 1)
 143 S   0.00095 0.64247 0.00052 0.35606 ( 2)
 144 E   0.61566 0.02776 0.34115 0.01543 ( 1)
 145 I   0.63483 0.00858 0.35181 0.00477 ( 1)
 146 S   0.37638 0.26704 0.20797 0.14861 ( 1)
 147 T   0.07487 0.56855 0.04109 0.31549 ( 2)
 148 F   0.23068 0.41274 0.12709 0.22949 ( 2)
 149 Y   0.64324 0.00018 0.35648 0.00010 ( 1)
 150 N   0.63340 0.01002 0.35102 0.00557 ( 1)
 151 R   0.64200 0.00142 0.35580 0.00079 ( 1)
 152 Q   0.64074 0.00268 0.35510 0.00149 ( 1)
 153 V   0.22704 0.41637 0.12508 0.23151 ( 2)
 154 E   0.05124 0.59218 0.02811 0.32848 ( 2)
 155 R   0.61844 0.02497 0.34270 0.01389 ( 1)
 156 T   0.64092 0.00250 0.35519 0.00139 ( 1)
 157 R   0.09017 0.55325 0.04951 0.30707 ( 2)
 158 D   0.12852 0.51490 0.07063 0.28595 ( 2)
 159 Y   0.64324 0.00018 0.35648 0.00010 ( 1)
 160 S   0.61148 0.03194 0.33882 0.01776 ( 1)
 161 D   0.64192 0.00150 0.35575 0.00083 ( 1)
 162 H   0.64131 0.00211 0.35542 0.00117 ( 1)
 163 C   0.64326 0.00016 0.35649 0.00009 ( 1)
 164 V   0.60755 0.03586 0.33664 0.01994 ( 1)
 165 K   0.63866 0.00476 0.35393 0.00265 ( 1)
 166 W   0.45839 0.18502 0.25361 0.10298 ( 1)
 167 Y   0.64080 0.00261 0.35514 0.00145 ( 1)
 168 N   0.63848 0.00494 0.35383 0.00275 ( 1)
 169 T   0.61366 0.02975 0.34004 0.01654 ( 1)
 170 G   0.64304 0.00038 0.35637 0.00021 ( 1)
 171 L   0.64256 0.00086 0.35611 0.00048 ( 1)
 172 N   0.06764 0.57577 0.03712 0.31947 ( 2)
 173 N   0.28842 0.35500 0.15910 0.19748 ( 2)
 174 L   0.33355 0.30986 0.18417 0.17242 ( 1)
 175 R   0.61458 0.02884 0.34054 0.01604 ( 1)
 176 G   0.18281 0.46060 0.10061 0.25597 ( 2)
 177 T   0.07419 0.56922 0.04072 0.31586 ( 2)
 178 N   0.46528 0.17813 0.25744 0.09914 ( 1)
 179 A   0.60021 0.04321 0.33255 0.02403 ( 1)
 180 -   0.47406 0.16936 0.26233 0.09426 ( 1)
 181 -   0.50596 0.13746 0.28008 0.07650 ( 1)
 182 -   0.18898 0.45443 0.10402 0.25256 ( 2)
 183 -   0.55695 0.08646 0.30848 0.04810 ( 1)
 184 -   0.51515 0.12827 0.28521 0.07138 ( 1)
 185 -   0.51515 0.12827 0.28520 0.07138 ( 1)
 186 -   0.51515 0.12827 0.28521 0.07138 ( 1)
 187 -   0.51515 0.12827 0.28521 0.07138 ( 1)
 188 -   0.51515 0.12827 0.28521 0.07138 ( 1)
 189 -   0.51515 0.12827 0.28521 0.07138 ( 1)
 190 -   0.51515 0.12827 0.28520 0.07138 ( 1)
 191 -   0.51515 0.12827 0.28521 0.07138 ( 1)
 192 -   0.51515 0.12827 0.28521 0.07138 ( 1)
 193 -   0.51515 0.12827 0.28520 0.07138 ( 1)
 194 -   0.51515 0.12827 0.28521 0.07138 ( 1)
 195 -   0.51514 0.12827 0.28521 0.07138 ( 1)
 196 -   0.51515 0.12827 0.28521 0.07138 ( 1)
 197 -   0.51515 0.12827 0.28521 0.07138 ( 1)
 198 -   0.51515 0.12827 0.28520 0.07138 ( 1)
 199 -   0.51515 0.12827 0.28521 0.07138 ( 1)
 200 -   0.51514 0.12827 0.28521 0.07138 ( 1)
 201 -   0.51515 0.12827 0.28521 0.07138 ( 1)
 202 -   0.51515 0.12827 0.28520 0.07138 ( 1)
 203 -   0.51515 0.12827 0.28521 0.07138 ( 1)
 204 -   0.51515 0.12827 0.28520 0.07138 ( 1)
 205 -   0.51515 0.12827 0.28520 0.07138 ( 1)
 206 -   0.51515 0.12827 0.28521 0.07138 ( 1)
 207 -   0.54895 0.09446 0.30403 0.05256 ( 1)
 208 -   0.62312 0.02030 0.34530 0.01129 ( 1)
 209 -   0.31905 0.32437 0.17611 0.18048 ( 2)
 210 -   0.61616 0.02726 0.34142 0.01516 ( 1)
 211 K   0.00405 0.63937 0.00222 0.35436 ( 2)
 212 S   0.40806 0.23536 0.22559 0.13099 ( 1)
 213 W   0.63959 0.00383 0.35446 0.00213 ( 1)
 214 V   0.36018 0.28324 0.19896 0.15762 ( 1)
 215 R   0.00141 0.64200 0.00077 0.35581 ( 2)
 216 Y   0.64324 0.00018 0.35648 0.00010 ( 1)
 217 N   0.63190 0.01152 0.35017 0.00641 ( 1)
 218 Q   0.55085 0.09257 0.30508 0.05150 ( 1)
 219 F   0.64306 0.00035 0.35639 0.00020 ( 1)
 220 R   0.64300 0.00042 0.35636 0.00023 ( 1)
 221 K   0.64286 0.00056 0.35627 0.00031 ( 1)
 222 D   0.64078 0.00264 0.35512 0.00147 ( 1)
 223 M   0.64324 0.00018 0.35648 0.00010 ( 1)
 224 T   0.63730 0.00612 0.35319 0.00340 ( 1)
 225 L   0.63624 0.00717 0.35259 0.00399 ( 1)
 226 M   0.63624 0.00718 0.35260 0.00399 ( 1)
 227 V   0.64302 0.00040 0.35636 0.00022 ( 1)
 228 L   0.64226 0.00115 0.35595 0.00064 ( 1)
 229 D   0.64333 0.00009 0.35653 0.00005 ( 1)
 230 L   0.60068 0.04274 0.33281 0.02377 ( 1)
 231 V   0.62037 0.02305 0.34376 0.01282 ( 1)
 232 A   0.60751 0.03591 0.33661 0.01997 ( 1)
 233 L   0.58411 0.05930 0.32360 0.03298 ( 1)
 234 F   0.64310 0.00032 0.35640 0.00018 ( 1)
 235 P   0.64197 0.00145 0.35578 0.00080 ( 1)
 236 S   0.01173 0.63169 0.00643 0.35016 ( 2)

