Supplemental results for CODEML (seqf: algn  treef: tree)


dN/dS (w) for site classes (K=4)

site class             0        1       2a       2b
proportion       0.52622  0.46095  0.00684  0.00599
background w     0.16393  1.00000  0.16393  1.00000
foreground w     0.16393  1.00000 999.00000 999.00000

Naive Empirical Bayes (NEB) probabilities for 4 classes
(amino acids refer to 1st sequence: BT_Cry8Ha1)

   1 G   0.86644 0.13239 0.00101 0.00016 ( 1)
   2 T   0.95408 0.04235 0.00342 0.00015 ( 1)
   3 S   0.13860 0.85989 0.00021 0.00130 ( 2)
   4 V   0.09071 0.90814 0.00010 0.00105 ( 2)
   5 Q   0.82821 0.17028 0.00125 0.00026 ( 1)
   6 L   0.98776 0.01138 0.00085 0.00001 ( 1)
   7 T   0.69659 0.30193 0.00103 0.00046 ( 1)
   8 R   0.81329 0.18561 0.00089 0.00021 ( 1)
   9 E   0.61025 0.38857 0.00071 0.00046 ( 1)
  10 V   0.81964 0.17889 0.00120 0.00027 ( 1)
  11 Y   0.54019 0.45868 0.00060 0.00052 ( 1)
  12 T   0.13778 0.86134 0.00012 0.00076 ( 2)
  13 D   0.89699 0.10205 0.00085 0.00010 ( 1)
  14 P   0.87277 0.12576 0.00128 0.00019 ( 1)
  15 I   0.92136 0.07232 0.00585 0.00046 ( 1)
  16 G   0.97123 0.02793 0.00081 0.00002 ( 1)
  17 A   0.00184 0.99664 0.00000 0.00152 ( 2)
  18 T   0.05674 0.94175 0.00008 0.00142 ( 2)
  19 S   0.05423 0.94477 0.00005 0.00095 ( 2)
  20 T   0.02576 0.97063 0.00009 0.00352 ( 2)
  21 Q   0.01517 0.98370 0.00002 0.00111 ( 2)
  22 G   0.05111 0.94786 0.00005 0.00098 ( 2)
  23 G   0.00202 0.99682 0.00000 0.00115 ( 2)
  24 V   0.02279 0.97573 0.00003 0.00145 ( 2)
  25 -   0.32982 0.65735 0.00429 0.00855 ( 2)
  26 -   0.27889 0.70827 0.00363 0.00921 ( 2)
  27 S   0.43086 0.56306 0.00264 0.00345 ( 2)
  28 W   0.57511 0.42114 0.00216 0.00159 ( 1)
  29 Y   0.87861 0.12027 0.00098 0.00014 ( 1)
  30 D   0.65017 0.34720 0.00171 0.00092 ( 1)
  31 D   0.00180 0.99701 0.00000 0.00118 ( 2)
  32 A   0.92964 0.06663 0.00348 0.00025 ( 1)
  33 P   0.56915 0.42995 0.00051 0.00039 ( 1)
  34 S   0.78677 0.21214 0.00085 0.00024 ( 1)
  35 -   0.19804 0.78913 0.00257 0.01026 ( 2)
  36 F   0.98550 0.01357 0.00092 0.00001 ( 1)
  37 T   0.02041 0.97471 0.00010 0.00478 ( 2)
  38 A   0.00684 0.92545 0.00122 0.06650 ( 2)
  39 I   0.95024 0.04846 0.00124 0.00006 ( 1)
  40 E   0.79678 0.20205 0.00093 0.00024 ( 1)
  41 S   0.83220 0.16708 0.00059 0.00012 ( 1)
  42 S   0.00354 0.99270 0.00001 0.00374 ( 2)
  43 V   0.08105 0.91780 0.00009 0.00106 ( 2)
  44 V   0.10161 0.89725 0.00011 0.00103 ( 2)
  45 R   0.12294 0.87369 0.00042 0.00296 ( 2)
  46 P   0.09680 0.90172 0.00014 0.00134 ( 2)
  47 L   0.11209 0.88700 0.00010 0.00081 ( 2)
  48 H   0.77080 0.22847 0.00056 0.00017 ( 1)
  49 L   0.98537 0.01180 0.00280 0.00003 ( 1)
  50 F   0.99711 0.00196 0.00093 0.00000 ( 1)
  51 D   0.96104 0.03800 0.00092 0.00004 ( 1)
  52 L   0.69330 0.30575 0.00065 0.00030 ( 1)
  53 L   0.90946 0.08922 0.00120 0.00012 ( 1)
  54 T   0.98663 0.00980 0.00354 0.00004 ( 1)
  55 G   0.21559 0.78053 0.00084 0.00304 ( 2)
  56 V   0.90494 0.09419 0.00078 0.00008 ( 1)
  57 T   0.79053 0.20815 0.00104 0.00028 ( 1)
  58 V   0.97020 0.02867 0.00109 0.00003 ( 1)
  59 Y   0.95696 0.04192 0.00107 0.00005 ( 1)
  60 A   0.86123 0.13728 0.00129 0.00021 ( 1)
  61 A   0.14670 0.85178 0.00022 0.00130 ( 2)
  62 S   0.35729 0.64090 0.00064 0.00117 ( 2)
  63 S   0.78206 0.21698 0.00075 0.00021 ( 1)
  64 S   0.54494 0.45405 0.00054 0.00047 ( 1)
  65 W   0.16721 0.82647 0.00106 0.00526 ( 2)
  66 D   0.75854 0.24029 0.00088 0.00028 ( 1)
  67 S   0.93826 0.06066 0.00102 0.00007 ( 1)
  68 S   0.58323 0.41579 0.00057 0.00042 ( 1)
  69 H   0.93529 0.06375 0.00090 0.00006 ( 1)
  70 Y   0.76646 0.23242 0.00085 0.00027 ( 1)
  71 F   0.96182 0.03687 0.00126 0.00005 ( 1)
  72 R   0.62224 0.37680 0.00059 0.00036 ( 1)
  73 F   0.98771 0.01136 0.00092 0.00001 ( 1)
  74 W   0.96821 0.02804 0.00364 0.00011 ( 1)
  75 N   0.79875 0.20011 0.00090 0.00023 ( 1)
  76 G   0.98572 0.01344 0.00083 0.00001 ( 1)
  77 H   0.99775 0.00152 0.00073 0.00000 ( 1)
  78 K   0.79254 0.20598 0.00118 0.00031 ( 1)
  79 V   0.94777 0.05091 0.00125 0.00007 ( 1)
  80 D   0.15873 0.83979 0.00023 0.00125 ( 2)
  81 T   0.01946 0.97938 0.00002 0.00114 ( 2)
  82 K   0.78980 0.20905 0.00091 0.00025 ( 1)
  83 G   0.02795 0.97087 0.00003 0.00115 ( 2)
  84 I   0.07612 0.91824 0.00043 0.00522 ( 2)
  85 K   0.01479 0.98419 0.00001 0.00101 ( 2)
  86 S   0.32764 0.67086 0.00048 0.00102 ( 2)
  87 S   0.17679 0.82230 0.00016 0.00075 ( 2)
  88 V   0.01995 0.97885 0.00002 0.00118 ( 2)
  89 Q   0.00414 0.99468 0.00000 0.00118 ( 2)
  90 Y   0.76912 0.22988 0.00076 0.00024 ( 1)
  91 S   0.08565 0.91285 0.00013 0.00138 ( 2)
  92 N   0.00100 0.99554 0.00000 0.00346 ( 2)
  93 V   0.05965 0.93947 0.00005 0.00083 ( 2)
  94 Y   0.98791 0.00496 0.00710 0.00003 ( 1)
  95 G   0.63824 0.36030 0.00093 0.00053 ( 1)
  96 S   0.17649 0.82234 0.00020 0.00097 ( 2)
  97 T   0.08442 0.91455 0.00008 0.00094 ( 2)
  98 S   0.00206 0.99641 0.00000 0.00152 ( 2)
  99 N   0.66932 0.32969 0.00065 0.00034 ( 1)
 100 A   0.00704 0.99114 0.00001 0.00181 ( 2)
 101 V   0.02747 0.97100 0.00004 0.00149 ( 2)
 102 S   0.00132 0.99768 0.00000 0.00100 ( 2)
 103 T   0.23929 0.75955 0.00027 0.00089 ( 2)
 104 T   0.18074 0.81573 0.00064 0.00289 ( 2)
 105 I   0.24832 0.75052 0.00028 0.00088 ( 2)
 106 I   0.01552 0.98350 0.00001 0.00096 ( 2)
 107 P   0.00568 0.99331 0.00001 0.00100 ( 2)
 108 F   0.92872 0.07035 0.00087 0.00007 ( 1)
 109 S   0.00345 0.99469 0.00001 0.00186 ( 2)
 110 G   0.89043 0.10873 0.00075 0.00009 ( 1)
 111 F   0.57880 0.41517 0.00351 0.00252 ( 1)
 112 D   0.65069 0.34830 0.00065 0.00036 ( 1)
 113 V   0.95603 0.04286 0.00105 0.00005 ( 1)
 114 Y   0.95380 0.04017 0.00578 0.00024 ( 1)
 115 R   0.24471 0.51260 0.12914 0.11355 ( 2)
 116 V   0.45147 0.54738 0.00051 0.00064 ( 2)
 117 F   0.09816 0.89965 0.00021 0.00197 ( 2)
 118 S   0.97112 0.02653 0.00228 0.00006 ( 1)
 119 L   0.48370 0.51445 0.00089 0.00095 ( 2)
 120 A   0.95733 0.04171 0.00092 0.00004 ( 1)
 121 G   0.93033 0.06818 0.00139 0.00010 ( 1)
 122 V   0.96781 0.03073 0.00142 0.00005 ( 1)
 123 L   0.60408 0.38961 0.00384 0.00248 ( 1)
 124 F   0.52716 0.47189 0.00049 0.00046 ( 1)
 125 -   0.54490 0.45412 0.00052 0.00046 ( 1)
 126 -   0.54133 0.45734 0.00071 0.00062 ( 1)
 127 -   0.54186 0.45704 0.00059 0.00051 ( 1)
 128 -   0.53814 0.46035 0.00081 0.00070 ( 1)
 129 -   0.54186 0.45704 0.00059 0.00051 ( 1)
 130 A   0.87760 0.12155 0.00074 0.00011 ( 1)
 131 W   0.23396 0.76489 0.00026 0.00089 ( 2)
 132 T   0.96309 0.03333 0.00346 0.00012 ( 1)
 133 T   0.63310 0.36575 0.00072 0.00043 ( 1)
 134 R   0.68971 0.30880 0.00103 0.00047 ( 1)
 135 Y   0.90718 0.09187 0.00086 0.00009 ( 1)
 136 F   0.84329 0.15577 0.00079 0.00015 ( 1)
 137 G   0.95156 0.04698 0.00139 0.00007 ( 1)
 138 A   0.04172 0.95739 0.00004 0.00085 ( 2)
 139 P   0.99176 0.00389 0.00434 0.00002 ( 1)
 140 E   0.01620 0.98261 0.00002 0.00118 ( 2)
 141 V   0.94832 0.04605 0.00537 0.00026 ( 1)
 142 Y   0.00007 0.99873 0.00000 0.00120 ( 2)
 143 F   0.99130 0.00776 0.00092 0.00001 ( 1)
 144 Q   0.00965 0.98938 0.00001 0.00096 ( 2)
 145 R   0.06909 0.92529 0.00039 0.00523 ( 2)
 146 V   0.81476 0.18377 0.00119 0.00028 ( 1)
 147 D   0.11419 0.88331 0.00028 0.00221 ( 2)
 148 H   0.06569 0.93279 0.00010 0.00142 ( 2)
 149 N   0.16817 0.81900 0.00219 0.01065 ( 2)
 150 S   0.67909 0.30808 0.00883 0.00401 ( 1)
 151 G   0.53436 0.45281 0.00695 0.00589 ( 1)
 152 I   0.94889 0.04752 0.00342 0.00017 ( 1)
 153 D   0.64659 0.35241 0.00064 0.00036 ( 1)
 154 V   0.09486 0.90412 0.00009 0.00093 ( 2)
 155 G   0.36100 0.63783 0.00042 0.00076 ( 2)
 156 Y   0.00184 0.99742 0.00000 0.00074 ( 2)
 157 D   0.03738 0.96077 0.00007 0.00178 ( 2)
 158 I   0.34201 0.65619 0.00061 0.00119 ( 2)
 159 A   0.00499 0.99140 0.00002 0.00359 ( 2)
 160 F   0.98118 0.01770 0.00110 0.00002 ( 1)
 161 S   0.00372 0.99443 0.00001 0.00185 ( 2)
 162 E   0.03328 0.96234 0.00015 0.00423 ( 2)
 163 R   0.00063 0.99818 0.00000 0.00118 ( 2)
 164 Y   0.51562 0.47830 0.00316 0.00293 ( 1)
 165 A   0.09341 0.90540 0.00011 0.00108 ( 2)
 166 G   0.23168 0.76733 0.00022 0.00077 ( 2)
 167 I   0.98203 0.01687 0.00108 0.00002 ( 1)
 168 G   0.34573 0.65293 0.00046 0.00088 ( 2)
 169 E   0.05497 0.94157 0.00019 0.00327 ( 2)
 170 Q   0.92224 0.07660 0.00106 0.00009 ( 1)
 171 Q   0.00759 0.99089 0.00001 0.00150 ( 2)
 172 K   0.75979 0.23911 0.00084 0.00027 ( 1)
 173 D   0.79502 0.20401 0.00076 0.00020 ( 1)
 174 S   0.98405 0.01360 0.00231 0.00003 ( 1)
 175 L   0.13895 0.85984 0.00017 0.00104 ( 2)
 176 D   0.20089 0.79691 0.00044 0.00176 ( 2)
 177 E   0.98342 0.01542 0.00115 0.00002 ( 1)
 178 L   0.98537 0.01180 0.00280 0.00003 ( 1)
 179 P   0.99653 0.00258 0.00089 0.00000 ( 1)
 180 L   0.56644 0.43207 0.00084 0.00065 ( 1)
 181 Q   0.57558 0.42290 0.00087 0.00065 ( 1)
 182 T   0.39034 0.60817 0.00058 0.00092 ( 2)
 183 E   0.01582 0.98179 0.00004 0.00235 ( 2)
 184 G   0.78440 0.21463 0.00075 0.00021 ( 1)
 185 -   0.87699 0.11017 0.01140 0.00143 ( 1)
 186 P   0.82206 0.17647 0.00121 0.00026 ( 1)
 187 A   0.02155 0.97711 0.00003 0.00132 ( 2)
 188 Y   0.84240 0.15648 0.00095 0.00018 ( 1)
 189 -   0.20811 0.79077 0.00023 0.00089 ( 2)
 190 -   0.53011 0.45705 0.00689 0.00594 ( 1)
 191 -   0.52807 0.45910 0.00687 0.00597 ( 1)
 192 R   0.02358 0.97393 0.00006 0.00243 ( 2)
 193 S   0.67333 0.32517 0.00100 0.00050 ( 1)
 194 Y   0.98872 0.00525 0.00600 0.00003 ( 1)
 195 S   0.98601 0.01047 0.00348 0.00004 ( 1)
 196 H   0.99814 0.00114 0.00073 0.00000 ( 1)
 197 R   0.94390 0.05501 0.00103 0.00006 ( 1)
 198 L   0.98019 0.01803 0.00175 0.00003 ( 1)
 199 N   0.00058 0.00116 0.99092 0.00734 ( 3)
 200 H   0.99431 0.00496 0.00072 0.00000 ( 1)
 201 I   0.98364 0.01527 0.00108 0.00002 ( 1)
 202 S   0.89904 0.09946 0.00134 0.00015 ( 1)
 203 M   0.22235 0.77669 0.00021 0.00076 ( 2)
 204 V   0.95567 0.04322 0.00105 0.00005 ( 1)
 205 P   0.22593 0.76803 0.00137 0.00467 ( 2)
 206 Q   0.15518 0.83873 0.00095 0.00514 ( 2)
 207 T   0.58755 0.41172 0.00042 0.00031 ( 1)
 208 V   0.32299 0.67463 0.00076 0.00161 ( 2)
 209 R   0.26961 0.72827 0.00058 0.00153 ( 2)
 210 T   0.07264 0.08948 0.66389 0.17400 ( 3)
 211 R   0.23342 0.76297 0.00084 0.00276 ( 2)
 212 N   0.88226 0.11662 0.00099 0.00013 ( 1)
 213 V   0.97005 0.02849 0.00142 0.00004 ( 1)
 214 P   0.99675 0.00236 0.00089 0.00000 ( 1)
 215 V   0.99041 0.00813 0.00145 0.00001 ( 1)
 216 F   0.99130 0.00776 0.00092 0.00001 ( 1)
 217 S   0.84070 0.15822 0.00091 0.00018 ( 1)
 218 W   0.96821 0.02804 0.00364 0.00011 ( 1)
 219 S   0.03979 0.83607 0.01815 0.10599 ( 2)
 220 H   0.99814 0.00114 0.00073 0.00000 ( 1)
 221 R   0.05402 0.86449 0.00540 0.07609 ( 2)
 222 S   0.98928 0.01001 0.00071 0.00001 ( 1)
 223 -   0.52622 0.46095 0.00684 0.00599 ( 1)
 224 -   0.52622 0.46095 0.00684 0.00599 ( 1)
 225 -   0.52622 0.46095 0.00684 0.00599 ( 1)
 226 -   0.52622 0.46095 0.00684 0.00599 ( 1)
 227 -   0.52622 0.46095 0.00684 0.00599 ( 1)
 228 -   0.52622 0.46095 0.00684 0.00599 ( 1)
 229 -   0.52622 0.46095 0.00684 0.00599 ( 1)
 230 -   0.52622 0.46095 0.00684 0.00599 ( 1)


lnL = -3340.225974

Bayes Empirical Bayes (BEB) probabilities for 4 classes (class)
(amino acids refer to 1st sequence: BT_Cry8Ha1)

   1 G   0.50199 0.08416 0.35345 0.06040 ( 1)
   2 T   0.55713 0.02606 0.39790 0.01890 ( 1)
   3 S   0.06224 0.52302 0.04302 0.37172 ( 2)
   4 V   0.04118 0.54522 0.02826 0.38533 ( 2)
   5 Q   0.47034 0.11421 0.33307 0.08238 ( 1)
   6 L   0.57952 0.00664 0.40907 0.00477 ( 1)
   7 T   0.39080 0.19479 0.27463 0.13978 ( 1)
   8 R   0.46273 0.12270 0.32636 0.08822 ( 1)
   9 E   0.32664 0.25933 0.22847 0.18556 ( 1)
  10 V   0.46874 0.11690 0.33036 0.08400 ( 1)
  11 Y   0.28542 0.30085 0.19896 0.21477 ( 2)
  12 T   0.06434 0.52076 0.04452 0.37038 ( 2)
  13 D   0.52337 0.06472 0.36576 0.04615 ( 1)
  14 P   0.50129 0.08352 0.35497 0.06022 ( 1)
  15 I   0.53752 0.04476 0.38515 0.03257 ( 1)
  16 G   0.56953 0.01703 0.40122 0.01221 ( 1)
  17 A   0.00067 0.58446 0.00046 0.41441 ( 2)
  18 T   0.02451 0.56069 0.01690 0.39790 ( 2)
  19 S   0.02335 0.56397 0.01592 0.39676 ( 2)
  20 T   0.01080 0.57217 0.00752 0.40951 ( 2)
  21 Q   0.00600 0.57987 0.00411 0.41002 ( 2)
  22 G   0.02107 0.56636 0.01436 0.39821 ( 2)
  23 G   0.00075 0.58600 0.00051 0.41274 ( 2)
  24 V   0.00898 0.57549 0.00620 0.40933 ( 2)
  25 -   0.17225 0.40913 0.12212 0.29650 ( 2)
  26 -   0.14265 0.43873 0.10097 0.31764 ( 2)
  27 S   0.21928 0.36302 0.15516 0.26255 ( 2)
  28 W   0.30785 0.27504 0.21816 0.19895 ( 1)
  29 Y   0.50814 0.07839 0.35728 0.05619 ( 1)
  30 D   0.35553 0.22788 0.25189 0.16470 ( 1)
  31 D   0.00066 0.58507 0.00045 0.41382 ( 2)
  32 A   0.54120 0.04196 0.38641 0.03043 ( 1)
  33 P   0.29942 0.28631 0.20939 0.20488 ( 1)
  34 S   0.44849 0.13790 0.31481 0.09879 ( 1)
  35 -   0.09790 0.48349 0.06912 0.34950 ( 2)
  36 F   0.57925 0.00820 0.40669 0.00586 ( 1)
  37 T   0.00807 0.57449 0.00563 0.41181 ( 2)
  38 A   0.00247 0.51163 0.00374 0.48216 ( 2)
  39 I   0.55694 0.02936 0.39263 0.02107 ( 1)
  40 E   0.45450 0.13161 0.31950 0.09439 ( 1)
  41 S   0.47418 0.11307 0.33196 0.08080 ( 1)
  42 S   0.00134 0.58160 0.00093 0.41613 ( 2)
  43 V   0.03688 0.54952 0.02530 0.38829 ( 2)
  44 V   0.04734 0.53949 0.03243 0.38074 ( 2)
  45 R   0.05636 0.52664 0.03937 0.37763 ( 2)
  46 P   0.04196 0.54251 0.02907 0.38647 ( 2)
  47 L   0.04995 0.53553 0.03446 0.38006 ( 2)
  48 H   0.43506 0.15160 0.30487 0.10847 ( 1)
  49 L   0.57651 0.00692 0.41155 0.00502 ( 1)
  50 F   0.58638 0.00108 0.41177 0.00077 ( 1)
  51 D   0.56337 0.02478 0.39417 0.01768 ( 1)
  52 L   0.38362 0.20356 0.26761 0.14521 ( 1)
  53 L   0.52928 0.05698 0.37286 0.04089 ( 1)
  54 T   0.57764 0.00557 0.41276 0.00404 ( 1)
  55 G   0.10211 0.48073 0.07160 0.34556 ( 2)
  56 V   0.52436 0.06174 0.36957 0.04433 ( 1)
  57 T   0.44794 0.13823 0.31473 0.09911 ( 1)
  58 V   0.57044 0.01674 0.40084 0.01198 ( 1)
  59 Y   0.55883 0.02776 0.39350 0.01991 ( 1)
  60 A   0.49930 0.08638 0.35223 0.06209 ( 1)
  61 A   0.06549 0.51876 0.04550 0.37025 ( 2)
  62 S   0.17922 0.40511 0.12535 0.29032 ( 2)
  63 S   0.43536 0.14977 0.30711 0.10775 ( 1)
  64 S   0.29253 0.29532 0.20252 0.20963 ( 2)
  65 W   0.08540 0.49680 0.06002 0.35778 ( 2)
  66 D   0.42358 0.16340 0.29626 0.11676 ( 1)
  67 S   0.54787 0.03864 0.38578 0.02771 ( 1)
  68 S   0.31299 0.27475 0.21703 0.19522 ( 1)
  69 H   0.54322 0.04200 0.38453 0.03025 ( 1)
  70 Y   0.42690 0.15953 0.29933 0.11423 ( 1)
  71 F   0.56351 0.02279 0.39734 0.01636 ( 1)
  72 R   0.33936 0.24569 0.23850 0.17644 ( 1)
  73 F   0.58066 0.00679 0.40769 0.00485 ( 1)
  74 W   0.56590 0.01708 0.40462 0.01240 ( 1)
  75 N   0.45395 0.13298 0.31798 0.09510 ( 1)
  76 G   0.57869 0.00789 0.40777 0.00566 ( 1)
  77 H   0.58599 0.00085 0.41255 0.00061 ( 1)
  78 K   0.44598 0.13966 0.31405 0.10032 ( 1)
  79 V   0.55465 0.03163 0.39102 0.02270 ( 1)
  80 D   0.07475 0.50977 0.05190 0.36358 ( 2)
  81 T   0.00831 0.57762 0.00570 0.40837 ( 2)
  82 K   0.44754 0.13869 0.31435 0.09942 ( 1)
  83 G   0.01113 0.57460 0.00764 0.40663 ( 2)
  84 I   0.03327 0.54909 0.02328 0.39436 ( 2)
  85 K   0.00603 0.58139 0.00410 0.40848 ( 2)
  86 S   0.16266 0.42270 0.11310 0.30154 ( 2)
  87 S   0.08082 0.50469 0.05587 0.35862 ( 2)
  88 V   0.00794 0.57767 0.00545 0.40893 ( 2)
  89 Q   0.00158 0.58486 0.00108 0.41248 ( 2)
  90 Y   0.43747 0.15062 0.30468 0.10724 ( 1)
  91 S   0.03773 0.54749 0.02604 0.38875 ( 2)
  92 N   0.00034 0.58254 0.00023 0.41689 ( 2)
  93 V   0.02533 0.55973 0.01748 0.39746 ( 2)
  94 Y   0.57980 0.00280 0.41536 0.00204 ( 1)
  95 G   0.34935 0.23538 0.24599 0.16928 ( 1)
  96 S   0.08504 0.50152 0.05850 0.35494 ( 2)
  97 T   0.03733 0.55013 0.02547 0.38707 ( 2)
  98 S   0.00071 0.58349 0.00049 0.41530 ( 2)
  99 N   0.36711 0.22087 0.25496 0.15705 ( 1)
 100 A   0.00284 0.58137 0.00196 0.41383 ( 2)
 101 V   0.01091 0.57331 0.00755 0.40824 ( 2)
 102 S   0.00045 0.58683 0.00031 0.41242 ( 2)
 103 T   0.11765 0.46896 0.08109 0.33230 ( 2)
 104 T   0.08223 0.50064 0.05758 0.35954 ( 2)
 105 I   0.12467 0.46194 0.08597 0.32741 ( 2)
 106 I   0.00653 0.58014 0.00446 0.40887 ( 2)
 107 P   0.00228 0.58499 0.00155 0.41117 ( 2)
 108 F   0.54122 0.04617 0.37959 0.03301 ( 1)
 109 S   0.00132 0.58250 0.00091 0.41527 ( 2)
 110 G   0.51344 0.07306 0.36112 0.05238 ( 1)
 111 F   0.30624 0.27608 0.21756 0.20012 ( 1)
 112 D   0.36458 0.22338 0.25322 0.15883 ( 1)
 113 V   0.56103 0.02652 0.39350 0.01895 ( 1)
 114 Y   0.55757 0.02481 0.39958 0.01805 ( 1)
 115 R   0.12823 0.34286 0.19923 0.32969 ( 2)
 116 V   0.24282 0.34396 0.16850 0.24473 ( 2)
 117 F   0.04305 0.54063 0.02995 0.38637 ( 2)
 118 S   0.56847 0.01578 0.40434 0.01141 ( 1)
 119 L   0.25891 0.32507 0.18216 0.23386 ( 2)
 120 A   0.56260 0.02553 0.39365 0.01821 ( 1)
 121 G   0.54288 0.04277 0.38359 0.03076 ( 1)
 122 V   0.56674 0.01900 0.40060 0.01366 ( 1)
 123 L   0.32795 0.25430 0.23329 0.18447 ( 1)
 124 F   0.27481 0.31223 0.19078 0.22218 ( 2)
 125 -   0.30768 0.28007 0.21329 0.19896 ( 1)
 126 -   0.30476 0.28125 0.21292 0.20107 ( 1)
 127 -   0.30511 0.28111 0.21296 0.20082 ( 1)
 128 -   0.30210 0.28233 0.21256 0.20301 ( 1)
 129 -   0.30511 0.28111 0.21296 0.20082 ( 1)
 130 A   0.50811 0.07838 0.35733 0.05618 ( 1)
 131 W   0.11389 0.47217 0.07869 0.33526 ( 2)
 132 T   0.56260 0.02059 0.40187 0.01494 ( 1)
 133 T   0.35114 0.23519 0.24551 0.16816 ( 1)
 134 R   0.38115 0.20441 0.26776 0.14667 ( 1)
 135 Y   0.52974 0.05763 0.37144 0.04119 ( 1)
 136 F   0.48194 0.10538 0.33738 0.07530 ( 1)
 137 G   0.55501 0.02988 0.39356 0.02155 ( 1)
 138 A   0.01858 0.56647 0.01282 0.40213 ( 2)
 139 P   0.58062 0.00220 0.41557 0.00160 ( 1)
 140 E   0.00637 0.57925 0.00437 0.41001 ( 2)
 141 V   0.55335 0.02914 0.39633 0.02119 ( 1)
 142 Y   0.00002 0.58558 0.00002 0.41438 ( 2)
 143 F   0.58279 0.00467 0.40921 0.00334 ( 1)
 144 Q   0.00384 0.58283 0.00262 0.41071 ( 2)
 145 R   0.03093 0.55140 0.02164 0.39602 ( 2)
 146 V   0.46605 0.11959 0.32843 0.08593 ( 1)
 147 D   0.05311 0.53023 0.03704 0.37962 ( 2)
 148 H   0.02754 0.55669 0.01908 0.39669 ( 2)
 149 N   0.08267 0.49872 0.05831 0.36030 ( 2)
 150 S   0.37722 0.20416 0.26990 0.14871 ( 1)
 151 G   0.29053 0.29085 0.20714 0.21147 ( 2)
 152 I   0.55352 0.02966 0.39530 0.02151 ( 1)
 153 D   0.35030 0.23764 0.24313 0.16892 ( 1)
 154 V   0.04077 0.54669 0.02782 0.38472 ( 2)
 155 G   0.17960 0.40707 0.12423 0.28910 ( 2)
 156 Y   0.00068 0.58594 0.00046 0.41292 ( 2)
 157 D   0.01508 0.56875 0.01045 0.40572 ( 2)
 158 I   0.16974 0.41459 0.11865 0.29701 ( 2)
 159 A   0.00192 0.58105 0.00133 0.41570 ( 2)
 160 F   0.57600 0.01060 0.40580 0.00760 ( 1)
 161 S   0.00141 0.58241 0.00098 0.41520 ( 2)
 162 E   0.01346 0.56919 0.00939 0.40796 ( 2)
 163 R   0.00022 0.58620 0.00015 0.41344 ( 2)
 164 Y   0.26837 0.31393 0.19034 0.22735 ( 2)
 165 A   0.04078 0.54499 0.02807 0.38617 ( 2)
 166 G   0.11186 0.47559 0.07675 0.33580 ( 2)
 167 I   0.57742 0.01016 0.40516 0.00726 ( 1)
 168 G   0.17083 0.41503 0.11855 0.29559 ( 2)
 169 E   0.02269 0.56020 0.01582 0.40130 ( 2)
 170 Q   0.53755 0.04878 0.37868 0.03500 ( 1)
 171 Q   0.00291 0.58230 0.00200 0.41280 ( 2)
 172 K   0.42707 0.15831 0.30084 0.11378 ( 1)
 173 D   0.44979 0.13818 0.31358 0.09845 ( 1)
 174 S   0.57635 0.00790 0.41003 0.00571 ( 1)
 175 L   0.06113 0.52453 0.04216 0.37217 ( 2)
 176 D   0.09629 0.48742 0.06722 0.34907 ( 2)
 177 E   0.57672 0.00952 0.40693 0.00684 ( 1)
 178 L   0.57651 0.00692 0.41155 0.00502 ( 1)
 179 P   0.58456 0.00147 0.41292 0.00105 ( 1)
 180 L   0.30568 0.27897 0.21489 0.20046 ( 1)
 181 Q   0.31276 0.27266 0.21917 0.19541 ( 1)
 182 T   0.19597 0.38942 0.13650 0.27810 ( 2)
 183 E   0.00640 0.57748 0.00443 0.41168 ( 2)
 184 G   0.45516 0.13282 0.31739 0.09463 ( 1)
 185 -   0.51491 0.06648 0.37011 0.04850 ( 1)
 186 P   0.47204 0.11275 0.33396 0.08126 ( 1)
 187 A   0.00902 0.57666 0.00619 0.40812 ( 2)
 188 Y   0.48438 0.10304 0.33898 0.07360 ( 1)
 189 -   0.10350 0.48249 0.07149 0.34252 ( 2)
 190 -   0.29938 0.28201 0.21354 0.20508 ( 1)
 191 -   0.29816 0.28323 0.21266 0.20596 ( 1)
 192 R   0.00941 0.57392 0.00653 0.41014 ( 2)
 193 S   0.37252 0.21297 0.26168 0.15283 ( 1)
 194 Y   0.57941 0.00297 0.41546 0.00216 ( 1)
 195 S   0.57675 0.00631 0.41236 0.00458 ( 1)
 196 H   0.58622 0.00062 0.41272 0.00044 ( 1)
 197 R   0.55072 0.03478 0.38947 0.02503 ( 1)
 198 L   0.57394 0.01069 0.40766 0.00772 ( 1)
 199 N   0.01800 0.04552 0.89958 0.03690 ( 3)
 200 H   0.58387 0.00297 0.41104 0.00213 ( 1)
 201 I   0.57846 0.00912 0.40590 0.00652 ( 1)
 202 S   0.52226 0.06345 0.36868 0.04561 ( 1)
 203 M   0.10232 0.48447 0.07038 0.34282 ( 2)
 204 V   0.56081 0.02673 0.39335 0.01911 ( 1)
 205 P   0.10889 0.47339 0.07659 0.34113 ( 2)
 206 Q   0.07249 0.50977 0.05088 0.36686 ( 2)
 207 T   0.30891 0.27811 0.21486 0.19812 ( 1)
 208 V   0.15858 0.42540 0.11096 0.30506 ( 2)
 209 R   0.13586 0.45061 0.09383 0.31970 ( 2)
 210 T   0.19918 0.29075 0.26835 0.24172 ( 2)
 211 R   0.11709 0.46592 0.08212 0.33486 ( 2)
 212 N   0.50946 0.07706 0.35824 0.05524 ( 1)
 213 V   0.56830 0.01744 0.40172 0.01254 ( 1)
 214 P   0.58470 0.00133 0.41302 0.00095 ( 1)
 215 V   0.58110 0.00465 0.41090 0.00334 ( 1)
 216 F   0.58279 0.00467 0.40921 0.00334 ( 1)
 217 S   0.48054 0.10589 0.33768 0.07589 ( 1)
 218 W   0.56590 0.01708 0.40462 0.01240 ( 1)
 219 S   0.01725 0.48012 0.03509 0.46754 ( 2)
 220 H   0.58622 0.00062 0.41272 0.00044 ( 1)
 221 R   0.02523 0.53970 0.01946 0.41561 ( 2)
 222 S   0.58152 0.00587 0.40841 0.00420 ( 1)
 223 -   0.29705 0.28433 0.21186 0.20676 ( 1)
 224 -   0.29705 0.28433 0.21186 0.20676 ( 1)
 225 -   0.29705 0.28433 0.21186 0.20676 ( 1)
 226 -   0.29705 0.28433 0.21186 0.20676 ( 1)
 227 -   0.29705 0.28433 0.21186 0.20676 ( 1)
 228 -   0.29705 0.28433 0.21186 0.20676 ( 1)
 229 -   0.29705 0.28433 0.21186 0.20676 ( 1)
 230 -   0.29705 0.28433 0.21186 0.20676 ( 1)

