Supplemental results for CODEML (seqf: algn  treef: tree)


dN/dS (w) for site classes (K=4)

site class             0        1       2a       2b
proportion       0.44633  0.39581  0.08366  0.07419
background w     0.05917  0.52785  0.05917  0.52785
foreground w     0.05917  0.52785  0.00000  0.00000

Naive Empirical Bayes (NEB) probabilities for 4 classes
(amino acids refer to 1st sequence: BT_Cry19Aa1)

   1 E   0.00010 0.81944 0.00002 0.18043 ( 2)
   2 V   0.83601 0.00114 0.16256 0.00029 ( 1)
   3 K   0.83557 0.00204 0.16188 0.00051 ( 1)
   4 T   0.10760 0.72578 0.02034 0.14628 ( 2)
   5 E   0.83488 0.00332 0.16101 0.00080 ( 1)
   6 L   0.77944 0.05912 0.14863 0.01281 ( 1)
   7 T   0.83189 0.00552 0.16127 0.00132 ( 1)
   8 R   0.82115 0.01682 0.15805 0.00398 ( 1)
   9 E   0.83488 0.00332 0.16101 0.00080 ( 1)
  10 I   0.83536 0.00099 0.16338 0.00026 ( 1)
  11 Y   0.83315 0.00359 0.16234 0.00093 ( 1)
  12 S   0.79405 0.04528 0.15103 0.00964 ( 1)
  13 D   0.83544 0.00025 0.16424 0.00007 ( 1)
  14 V   0.82497 0.01587 0.15595 0.00320 ( 1)
  15 I   0.83059 0.00688 0.16095 0.00158 ( 1)
  16 N   0.83486 0.00035 0.16470 0.00010 ( 1)
  17 G   0.01485 0.81766 0.00281 0.16468 ( 2)
  18 E   0.08948 0.84120 0.00083 0.06849 ( 2)
  19 I   0.00341 0.97402 0.00007 0.02250 ( 2)
  20 Y   0.03842 0.82724 0.00487 0.12946 ( 2)
  21 G   0.23134 0.59474 0.04412 0.12980 ( 2)
  22 L   0.00562 0.85598 0.00078 0.13762 ( 2)
  23 M   0.06010 0.75125 0.01157 0.17708 ( 2)
  24 -   0.19282 0.64932 0.03614 0.12171 ( 2)
  25 T   0.00394 0.83820 0.00074 0.15712 ( 2)
  26 P   0.15085 0.69129 0.02828 0.12958 ( 2)
  27 Y   0.00329 0.79246 0.00064 0.20360 ( 2)
  28 F   0.00045 0.88588 0.00008 0.11359 ( 2)
  29 S   0.31578 0.49160 0.06183 0.13079 ( 2)
  30 F   0.70609 0.12565 0.13736 0.03091 ( 1)
  31 E   0.00228 0.80676 0.00044 0.19052 ( 2)
  32 K   0.01741 0.80215 0.00334 0.17711 ( 2)
  33 A   0.10764 0.71563 0.02056 0.15617 ( 2)
  34 E   0.83488 0.00332 0.16101 0.00080 ( 1)
  35 S   0.32258 0.49695 0.06220 0.11826 ( 2)
  36 L   0.79918 0.03732 0.15438 0.00911 ( 1)
  37 Y   0.83511 0.00168 0.16277 0.00044 ( 1)
  38 T   0.83200 0.00666 0.15980 0.00154 ( 1)
  39 R   0.68531 0.15403 0.12955 0.03111 ( 1)
  40 A   0.00136 0.81902 0.00026 0.17936 ( 2)
  41 P   0.83314 0.00479 0.16091 0.00117 ( 1)
  42 H   0.83611 0.00053 0.16322 0.00014 ( 1)
  43 L   0.08198 0.73952 0.01565 0.16285 ( 2)
  44 F   0.80775 0.03221 0.15330 0.00674 ( 1)
  45 T   0.83569 0.00086 0.16322 0.00023 ( 1)
  46 W   0.73544 0.10435 0.13906 0.02114 ( 1)
  47 L   0.81798 0.02117 0.15618 0.00467 ( 1)
  48 K   0.24607 0.58858 0.04651 0.11884 ( 2)
  49 G   0.79682 0.04197 0.15202 0.00919 ( 1)
  50 F   0.80318 0.03170 0.15672 0.00839 ( 1)
  51 R   0.13011 0.69215 0.02487 0.15287 ( 2)
  52 F   0.83614 0.00056 0.16316 0.00015 ( 1)
  53 V   0.82811 0.00970 0.15985 0.00235 ( 1)
  54 T   0.80594 0.02926 0.15718 0.00761 ( 1)
  55 N   0.83486 0.00035 0.16470 0.00010 ( 1)
  56 S   0.01843 0.77953 0.00358 0.19846 ( 2)
  57 I   0.78384 0.04956 0.15331 0.01329 ( 1)
  58 S   0.28550 0.52516 0.05547 0.13387 ( 2)
  59 Y   0.00012 0.97598 0.00000 0.02390 ( 2)
  60 -   0.80764 0.02866 0.15653 0.00718 ( 1)
  61 -   0.00562 0.91534 0.00039 0.07866 ( 2)
  62 -   0.00018 0.90858 0.00001 0.09122 ( 2)
  63 -   0.04390 0.79825 0.00823 0.14963 ( 2)
  64 -   0.69560 0.14654 0.13039 0.02747 ( 1)
  65 -   0.34451 0.46787 0.06722 0.12039 ( 2)
  66 W   0.73544 0.10435 0.13906 0.02114 ( 1)
  67 T   0.03843 0.77477 0.00738 0.17942 ( 2)
  68 F   0.81559 0.02001 0.15913 0.00528 ( 1)
  69 L   0.81972 0.01947 0.15652 0.00429 ( 1)
  70 S   0.44939 0.38372 0.08562 0.08126 ( 1)
  71 G   0.82990 0.00740 0.16084 0.00186 ( 1)
  72 G   0.00002 0.80715 0.00000 0.19282 ( 2)
  73 Q   0.03497 0.78517 0.00668 0.17318 ( 2)
  74 N   0.83184 0.00316 0.16410 0.00090 ( 1)
  75 K   0.65482 0.17483 0.12686 0.04349 ( 1)
  76 Y   0.67606 0.15243 0.13178 0.03973 ( 1)
  77 S   0.60643 0.21979 0.11782 0.05595 ( 1)
  78 Y   0.00532 0.96757 0.00001 0.02711 ( 2)
  79 T   0.28409 0.55007 0.05376 0.11209 ( 2)
  80 N   0.00009 0.94981 0.00000 0.05010 ( 2)
  81 -   0.44633 0.39581 0.08366 0.07419 ( 1)
  82 N   0.00000 0.95780 0.00000 0.04220 ( 2)
  83 S   0.00002 0.83532 0.00000 0.16466 ( 2)
  84 S   0.00005 0.87785 0.00001 0.12210 ( 2)
  85 I   0.42621 0.38663 0.08336 0.10380 ( 1)
  86 N   0.00001 0.79293 0.00000 0.20706 ( 2)
  87 E   0.00021 0.96964 0.00000 0.03016 ( 2)
  88 G   0.63969 0.19545 0.12205 0.04281 ( 1)
  89 S   0.60210 0.22642 0.11629 0.05520 ( 1)
  90 F   0.83701 0.00233 0.16016 0.00050 ( 1)
  91 R   0.00000 0.82480 0.00000 0.17520 ( 2)
  92 G   0.79930 0.04034 0.15189 0.00847 ( 1)
  93 Q   0.00440 0.82634 0.00083 0.16843 ( 2)
  94 D   0.23486 0.57042 0.04598 0.14874 ( 2)
  95 T   0.01043 0.80196 0.00200 0.18560 ( 2)
  96 D   0.00183 0.81554 0.00035 0.18228 ( 2)
  97 Y   0.22387 0.58142 0.04363 0.15108 ( 2)
  98 G   0.76652 0.06787 0.14856 0.01705 ( 1)
  99 G   0.58030 0.25347 0.11071 0.05552 ( 1)
 100 T   0.05929 0.76198 0.01132 0.16741 ( 2)
 101 S   0.00408 0.79299 0.00079 0.20213 ( 2)
 102 S   0.81850 0.01791 0.15902 0.00457 ( 1)
 103 T   0.00331 0.80140 0.00065 0.19464 ( 2)
 104 I   0.01506 0.80693 0.00288 0.17513 ( 2)
 105 N   0.00450 0.77766 0.00089 0.21695 ( 2)
 106 I   0.33915 0.47870 0.06584 0.11631 ( 2)
 107 P   0.00000 0.84125 0.00000 0.15875 ( 2)
 108 S   0.00003 0.98619 0.00000 0.01378 ( 2)
 109 N   0.00010 0.84259 0.00001 0.15730 ( 2)
 110 S   0.00651 0.82582 0.00123 0.16644 ( 2)
 111 Y   0.19136 0.61195 0.03730 0.15940 ( 2)
 112 V   0.02154 0.77830 0.00415 0.19601 ( 2)
 113 Y   0.71969 0.11108 0.14028 0.02895 ( 1)
 114 N   0.09446 0.69142 0.01863 0.19548 ( 2)
 115 L   0.78199 0.05630 0.14931 0.01241 ( 1)
 116 W   0.04151 0.79050 0.00785 0.16015 ( 2)
 117 T   0.24474 0.57516 0.04701 0.13309 ( 2)
 118 E   0.81295 0.02367 0.15749 0.00589 ( 1)
 119 N   0.39203 0.43732 0.07482 0.09584 ( 2)
 120 Y   0.74581 0.08633 0.14538 0.02248 ( 1)
 121 E   0.37936 0.45146 0.07222 0.09696 ( 2)
 122 Y   0.00001 0.79811 0.00000 0.20188 ( 2)
 123 I   0.76235 0.06978 0.14911 0.01875 ( 1)
 124 Y   0.47935 0.34191 0.09311 0.08563 ( 1)
 125 P   0.82375 0.01566 0.15716 0.00343 ( 1)
 126 W   0.01020 0.83216 0.00191 0.15574 ( 2)
 127 G   0.00000 0.79332 0.00000 0.20668 ( 2)
 128 D   0.79204 0.04082 0.15570 0.01144 ( 1)
 129 P   0.03444 0.79442 0.00653 0.16461 ( 2)
 130 V   0.00311 0.97680 0.00002 0.02007 ( 2)
 131 N   0.83184 0.00316 0.16410 0.00090 ( 1)
 132 I   0.76235 0.06978 0.14911 0.01875 ( 1)
 133 T   0.07750 0.73698 0.01489 0.17063 ( 2)
 134 K   0.06116 0.90527 0.00017 0.03341 ( 2)
 135 M   0.37077 0.43904 0.07252 0.11767 ( 2)
 136 N   0.74570 0.08346 0.14711 0.02373 ( 1)
 137 F   0.83544 0.00122 0.16302 0.00032 ( 1)
 138 S   0.62406 0.20298 0.12124 0.05172 ( 1)
 139 V   0.00011 0.97588 0.00000 0.02401 ( 2)
 140 T   0.66474 0.17419 0.12573 0.03533 ( 1)
 141 D   0.78593 0.04688 0.15478 0.01242 ( 1)
 142 N   0.83486 0.00035 0.16470 0.00010 ( 1)
 143 N   0.62402 0.21060 0.11915 0.04623 ( 1)
 144 S   0.00044 0.80209 0.00009 0.19738 ( 2)
 145 S   0.18278 0.64507 0.03477 0.13738 ( 2)
 146 K   0.00000 0.99213 0.00000 0.00786 ( 2)
 147 E   0.04919 0.76350 0.00946 0.17786 ( 2)
 148 L   0.00000 0.97954 0.00000 0.02046 ( 2)
 149 I   0.01688 0.80958 0.00327 0.17028 ( 2)
 150 Y   0.81121 0.02433 0.15812 0.00634 ( 1)
 151 G   0.53985 0.28417 0.10463 0.07134 ( 1)
 152 -   0.44633 0.39581 0.08366 0.07419 ( 1)
 153 -   0.26555 0.57659 0.04978 0.10808 ( 2)
 154 -   0.18474 0.65741 0.03463 0.12323 ( 2)
 155 A   0.00834 0.82564 0.00157 0.16445 ( 2)
 156 H   0.00008 0.93707 0.00000 0.06285 ( 2)
 157 R   0.11535 0.69752 0.02220 0.16493 ( 2)
 158 T   0.00166 0.84049 0.00031 0.15755 ( 2)
 159 N   0.83486 0.00035 0.16470 0.00010 ( 1)
 160 K   0.00157 0.82516 0.00025 0.17302 ( 2)
 161 P   0.83604 0.00200 0.16147 0.00049 ( 1)
 162 V   0.25494 0.54988 0.04979 0.14539 ( 2)
 163 V   0.83620 0.00095 0.16260 0.00025 ( 1)
 164 R   0.11695 0.72640 0.02010 0.13655 ( 2)
 165 T   0.82919 0.00948 0.15915 0.00217 ( 1)
 166 D   0.83424 0.00253 0.16260 0.00063 ( 1)
 167 F   0.83594 0.00075 0.16311 0.00020 ( 1)
 168 D   0.81117 0.02294 0.15946 0.00643 ( 1)
 169 F   0.83614 0.00056 0.16316 0.00015 ( 1)
 170 L   0.78497 0.05095 0.15164 0.01244 ( 1)
 171 T   0.01421 0.79943 0.00273 0.18363 ( 2)
 172 N   0.81827 0.01596 0.16129 0.00448 ( 1)
 173 K   0.81626 0.02051 0.15814 0.00510 ( 1)
 174 E   0.02720 0.95940 0.00016 0.01324 ( 2)
 175 G   0.17781 0.64664 0.03392 0.14162 ( 2)
 176 T   0.75333 0.08104 0.14632 0.01931 ( 1)
 177 E   0.10914 0.88993 0.00001 0.00092 ( 2)
 178 L   0.01849 0.79138 0.00356 0.18657 ( 2)
 179 A   0.10461 0.73078 0.01973 0.14488 ( 2)
 180 K   0.76867 0.06795 0.14764 0.01574 ( 1)
 181 Y   0.61712 0.22124 0.11673 0.04490 ( 1)
 182 N   0.83096 0.00398 0.16393 0.00113 ( 1)
 183 D   0.73810 0.09129 0.14549 0.02512 ( 1)
 184 Y   0.83747 0.00336 0.15849 0.00068 ( 1)
 185 N   0.74860 0.08112 0.14767 0.02261 ( 1)
 186 H   0.83539 0.00122 0.16306 0.00032 ( 1)
 187 I   0.83572 0.00065 0.16346 0.00017 ( 1)
 188 L   0.80922 0.02972 0.15451 0.00655 ( 1)
 189 S   0.80519 0.03519 0.15244 0.00718 ( 1)
 190 Y   0.42313 0.39242 0.08247 0.10198 ( 1)
 191 M   0.09527 0.71982 0.01829 0.16663 ( 2)
 192 L   0.80571 0.03320 0.15379 0.00729 ( 1)
 193 I   0.04336 0.77616 0.00825 0.17223 ( 2)
 194 N   0.76069 0.06965 0.15001 0.01965 ( 1)
 195 -   0.69560 0.14654 0.13039 0.02747 ( 1)
 196 -   0.72920 0.11294 0.13669 0.02117 ( 1)
 197 -   0.55263 0.28951 0.10359 0.05427 ( 1)
 198 G   0.25771 0.57435 0.04887 0.11906 ( 2)
 199 E   0.00318 0.83896 0.00060 0.15726 ( 2)
 200 T   0.80889 0.02910 0.15530 0.00670 ( 1)
 201 F   0.03117 0.76313 0.00608 0.19962 ( 2)
 202 G   0.75230 0.08633 0.14320 0.01817 ( 1)
 203 Q   0.25430 0.57120 0.04855 0.12595 ( 2)
 204 K   0.33205 0.48372 0.06433 0.11991 ( 2)
 205 R   0.21528 0.60978 0.04114 0.13380 ( 2)
 206 H   0.81165 0.02854 0.15389 0.00592 ( 1)
 207 G   0.83377 0.00370 0.16160 0.00093 ( 1)
 208 Y   0.83569 0.00113 0.16289 0.00029 ( 1)
 209 S   0.55354 0.27934 0.10572 0.06141 ( 1)
 210 F   0.83614 0.00056 0.16316 0.00015 ( 1)
 211 A   0.95908 0.04028 0.00041 0.00024 ( 1)
 212 F   0.83812 0.00077 0.16093 0.00017 ( 1)
 213 T   0.82625 0.01453 0.15627 0.00295 ( 1)
 214 H   0.83629 0.00036 0.16326 0.00010 ( 1)
 215 S   0.83591 0.00023 0.16380 0.00006 ( 1)
 216 S   0.82582 0.01154 0.15986 0.00278 ( 1)


lnL = -3703.259468

