Supplemental results for CODEML (seqf: algn  treef: tree)


dN/dS (w) for site classes (K=4)

site class             0        1       2a       2b
proportion       0.51605  0.38051  0.05954  0.04390
background w     0.07386  1.00000  0.07386  1.00000
foreground w     0.07386  1.00000  1.00000  1.00000

Naive Empirical Bayes (NEB) probabilities for 4 classes
(amino acids refer to 1st sequence: BT_Cry30Aa1)

   1 -   0.96857 0.01837 0.01094 0.00212 ( 1)
   2 G   0.94550 0.02601 0.02549 0.00300 ( 1)
   3 L   0.01728 0.81213 0.07689 0.09371 ( 2)
   4 V   0.00355 0.88707 0.00703 0.10235 ( 2)
   5 L   0.68673 0.13845 0.15884 0.01597 ( 1)
   6 K   0.00000 0.89655 0.00000 0.10345 ( 2)
   7 S   0.04424 0.76741 0.09980 0.08855 ( 2)
   8 F   0.98610 0.00417 0.00925 0.00048 ( 1)
   9 S   0.17663 0.69481 0.04839 0.08017 ( 2)
  10 T   0.03620 0.76736 0.10791 0.08854 ( 2)
  11 I   0.95391 0.03474 0.00734 0.00401 ( 1)
  12 I   0.91656 0.06847 0.00706 0.00790 ( 1)
  13 P   0.95876 0.02028 0.01861 0.00234 ( 1)
  14 I   0.00297 0.88833 0.00620 0.10250 ( 2)
  15 L   0.97135 0.01233 0.01490 0.00142 ( 1)
  16 W   0.75926 0.17271 0.04810 0.01993 ( 1)
  17 P   0.97569 0.00987 0.01330 0.00114 ( 1)
  18 N   0.00041 0.71060 0.20701 0.08199 ( 2)
  19 D   0.04871 0.84168 0.01250 0.09712 ( 2)
  20 K   0.00063 0.89593 0.00006 0.10338 ( 2)
  21 T   0.50361 0.37512 0.07799 0.04328 ( 1)
  22 P   0.00886 0.88659 0.00224 0.10230 ( 2)
  23 I   0.87926 0.02260 0.09553 0.00261 ( 1)
  24 W   0.75926 0.17271 0.04810 0.01993 ( 1)
  25 K   0.00475 0.89173 0.00062 0.10289 ( 2)
  26 E   0.82393 0.14679 0.01233 0.01694 ( 1)
  27 F   0.96088 0.02256 0.01396 0.00260 ( 1)
  28 T   0.95353 0.03490 0.00754 0.00403 ( 1)
  29 K   0.10316 0.63891 0.18421 0.07372 ( 2)
  30 Q   0.11799 0.73411 0.06320 0.08470 ( 2)
  31 G   0.94363 0.02003 0.03403 0.00231 ( 1)
  32 L   0.91043 0.05996 0.02269 0.00692 ( 1)
  33 Q   0.00835 0.42807 0.51419 0.04939 ( 3)
  34 L   0.97135 0.01233 0.01490 0.00142 ( 1)
  35 F   0.79894 0.06521 0.12832 0.00752 ( 1)
  36 R   0.99189 0.00172 0.00620 0.00020 ( 1)
  37 P   0.89304 0.07741 0.02061 0.00893 ( 1)
  38 E   0.98433 0.00605 0.00892 0.00070 ( 1)
  39 L   0.95424 0.02156 0.02171 0.00249 ( 1)
  40 G   0.10451 0.52298 0.31217 0.06034 ( 2)
  41 R   0.00058 0.89531 0.00081 0.10330 ( 2)
  42 D   0.00246 0.19735 0.77742 0.02277 ( 3)
  43 A   0.85185 0.04099 0.10243 0.00473 ( 1)
  44 I   0.99040 0.00180 0.00760 0.00021 ( 1)
  45 E   0.99119 0.00176 0.00684 0.00020 ( 1)
  46 I   0.98388 0.00501 0.01054 0.00058 ( 1)
  47 I   0.95517 0.03361 0.00734 0.00388 ( 1)
  48 G   0.00533 0.87458 0.01918 0.10091 ( 2)
  49 N   0.01469 0.83987 0.04853 0.09691 ( 2)
  50 D   0.00885 0.84148 0.05258 0.09709 ( 2)
  51 V   0.56454 0.10693 0.31619 0.01234 ( 1)
  52 Q   0.15066 0.74028 0.02364 0.08542 ( 2)
  53 A   0.00006 0.89642 0.00009 0.10343 ( 2)
  54 E   0.00003 0.89521 0.00147 0.10329 ( 2)
  55 Y   0.30405 0.60992 0.01565 0.07038 ( 2)
  56 N   0.99262 0.00119 0.00605 0.00014 ( 1)
  57 S   0.08486 0.81933 0.00127 0.09454 ( 2)
  58 L   0.96540 0.01572 0.01706 0.00181 ( 1)
  59 E   0.24698 0.55467 0.13436 0.06400 ( 2)
  60 I   0.00002 0.89652 0.00002 0.10344 ( 2)
  61 M   0.00000 0.89655 0.00000 0.10345 ( 2)
  62 M   0.54066 0.13948 0.30376 0.01609 ( 1)
  63 R   0.00000 0.89654 0.00001 0.10345 ( 2)
  64 D   0.76304 0.20213 0.01151 0.02332 ( 1)
  65 F   0.98610 0.00417 0.00925 0.00048 ( 1)
  66 E   0.93494 0.03286 0.02841 0.00379 ( 1)
  67 N   0.00000 0.89655 0.00000 0.10345 ( 2)
  68 K   0.00009 0.89644 0.00003 0.10343 ( 2)
  69 F   0.98610 0.00417 0.00925 0.00048 ( 1)
  70 A   0.42135 0.51460 0.00467 0.05938 ( 2)
  71 N   0.00001 0.89650 0.00004 0.10344 ( 2)
  72 W   0.75926 0.17271 0.04810 0.01993 ( 1)
  73 E   0.00006 0.89601 0.00055 0.10339 ( 2)
  74 S   0.00000 0.89655 0.00000 0.10345 ( 2)
  75 N   0.00024 0.88536 0.01224 0.10216 ( 2)
  76 R   0.90690 0.01978 0.07103 0.00228 ( 1)
  77 T   0.06230 0.75081 0.10025 0.08663 ( 2)
  78 R   0.00025 0.86240 0.03784 0.09951 ( 2)
  79 A   0.31140 0.61356 0.00425 0.07079 ( 2)
  80 N   0.07984 0.68023 0.16145 0.07849 ( 2)
  81 A   0.86644 0.03696 0.09234 0.00426 ( 1)
  82 I   0.00005 0.89599 0.00057 0.10338 ( 2)
  83 A   0.00021 0.89636 0.00000 0.10343 ( 2)
  84 V   0.00967 0.88612 0.00197 0.10224 ( 2)
  85 T   0.00198 0.88222 0.01401 0.10179 ( 2)
  86 T   0.00004 0.89601 0.00056 0.10339 ( 2)
  87 A   0.00090 0.89410 0.00183 0.10317 ( 2)
  88 F   0.83144 0.05056 0.11216 0.00583 ( 1)
  89 S   0.00000 0.89655 0.00000 0.10345 ( 2)
  90 T   0.00000 0.89652 0.00004 0.10344 ( 2)
  91 V   0.81559 0.06307 0.11406 0.00728 ( 1)
  92 N   0.00005 0.89627 0.00027 0.10342 ( 2)
  93 T   0.00024 0.89581 0.00059 0.10336 ( 2)
  94 Q   0.00007 0.88944 0.00787 0.10263 ( 2)
  95 I   0.90331 0.07780 0.00992 0.00898 ( 1)
  96 I   0.96885 0.01869 0.01030 0.00216 ( 1)
  97 R   0.00000 0.89655 0.00000 0.10345 ( 2)
  98 L   0.96868 0.01473 0.01489 0.00170 ( 1)
  99 K   0.96725 0.02335 0.00671 0.00269 ( 1)
 100 E   0.00077 0.89518 0.00076 0.10329 ( 2)
 101 R   0.00044 0.89610 0.00006 0.10340 ( 2)
 102 F   0.12376 0.75625 0.03273 0.08726 ( 2)
 103 L   0.00059 0.88312 0.01440 0.10190 ( 2)
 104 I   0.88023 0.02260 0.09456 0.00261 ( 1)
 105 A   0.00055 0.88946 0.00735 0.10263 ( 2)
 106 P   0.00041 0.87770 0.02062 0.10127 ( 2)
 107 E   0.00010 0.74185 0.17246 0.08560 ( 2)
 108 N   0.99262 0.00119 0.00605 0.00014 ( 1)
 109 R   0.58542 0.36724 0.00497 0.04237 ( 1)
 110 P   0.88777 0.07804 0.02519 0.00900 ( 1)
 111 A   0.98729 0.00359 0.00870 0.00041 ( 1)
 112 F   0.20754 0.23818 0.52680 0.02748 ( 3)
 113 L   0.60951 0.32729 0.02543 0.03776 ( 1)
 114 N   0.66814 0.24032 0.06381 0.02773 ( 1)
 115 L   0.81322 0.12618 0.04605 0.01456 ( 1)
 116 Y   0.97733 0.00854 0.01314 0.00098 ( 1)
 117 A   0.98743 0.00347 0.00870 0.00040 ( 1)
 118 Q   0.97917 0.00783 0.01209 0.00090 ( 1)
 119 T   0.98100 0.00598 0.01232 0.00069 ( 1)
 120 A   0.95187 0.03069 0.01390 0.00354 ( 1)
 121 N   0.99262 0.00119 0.00605 0.00014 ( 1)
 122 I   0.91213 0.06985 0.00996 0.00806 ( 1)
 123 D   0.99196 0.00157 0.00629 0.00018 ( 1)
 124 L   0.91043 0.05996 0.02269 0.00692 ( 1)
 125 I   0.98794 0.00345 0.00822 0.00040 ( 1)
 126 L   0.96632 0.01488 0.01708 0.00172 ( 1)
 127 Y   0.59418 0.16373 0.22320 0.01889 ( 1)
 128 Q   0.97917 0.00783 0.01209 0.00090 ( 1)
 129 R   0.99189 0.00172 0.00620 0.00020 ( 1)
 130 G   0.82391 0.12465 0.03706 0.01438 ( 1)
 131 S   0.03827 0.84045 0.02430 0.09697 ( 2)
 132 V   0.00813 0.88070 0.00956 0.10162 ( 2)
 133 Y   0.87312 0.10323 0.01174 0.01191 ( 1)
 134 G   0.88471 0.09428 0.01013 0.01088 ( 1)
 135 D   0.99196 0.00157 0.00629 0.00018 ( 1)
 136 K   0.10590 0.80081 0.00089 0.09240 ( 2)
 137 W   0.75926 0.17271 0.04810 0.01993 ( 1)
 138 V   0.00194 0.89422 0.00067 0.10318 ( 2)
 139 A   0.00220 0.89386 0.00081 0.10314 ( 2)
 140 D   0.28569 0.52522 0.12849 0.06060 ( 2)
 141 I   0.26809 0.13964 0.57616 0.01611 ( 3)
 142 N   0.07670 0.15382 0.75173 0.01775 ( 3)
 143 N   0.00320 0.89362 0.00006 0.10311 ( 2)
 144 R   0.23332 0.66323 0.02692 0.07653 ( 2)
 145 S   0.04612 0.44417 0.45845 0.05125 ( 3)
 146 T   0.02135 0.74976 0.14238 0.08651 ( 2)
 147 S   0.19934 0.35161 0.40849 0.04057 ( 3)
 148 P   0.88465 0.08052 0.02554 0.00929 ( 1)
 149 F   0.92020 0.06380 0.00864 0.00736 ( 1)
 150 -   0.00015 0.89641 0.00001 0.10343 ( 2)
 151 S   0.16572 0.67350 0.08308 0.07771 ( 2)
 152 S   0.95035 0.02651 0.02007 0.00306 ( 1)
 153 K   0.00525 0.75618 0.15131 0.08725 ( 2)
 154 D   0.03385 0.86283 0.00376 0.09956 ( 2)
 155 Y   0.86873 0.10721 0.01169 0.01237 ( 1)
 156 Y   0.97733 0.00854 0.01314 0.00098 ( 1)
 157 Q   0.00000 0.89652 0.00004 0.10344 ( 2)
 158 S   0.21019 0.70439 0.00414 0.08128 ( 2)
 159 L   0.96632 0.01488 0.01708 0.00172 ( 1)
 160 K   0.00856 0.87665 0.01364 0.10115 ( 2)
 161 G   0.00000 0.89655 0.00001 0.10345 ( 2)
 162 K   0.99148 0.00147 0.00688 0.00017 ( 1)
 163 I   0.99040 0.00180 0.00760 0.00021 ( 1)
 164 K   0.02273 0.70132 0.19504 0.08092 ( 2)
 165 D   0.00001 0.89307 0.00387 0.10305 ( 2)
 166 Y   0.97733 0.00854 0.01314 0.00098 ( 1)
 167 T   0.98316 0.00531 0.01093 0.00061 ( 1)
 168 N   0.99262 0.00119 0.00605 0.00014 ( 1)
 169 Y   0.81541 0.06967 0.10688 0.00804 ( 1)
 170 C   0.13431 0.40122 0.41817 0.04629 ( 3)
 171 A   0.98743 0.00347 0.00870 0.00040 ( 1)
 172 E   0.30391 0.13940 0.54061 0.01608 ( 3)
 173 T   0.98967 0.00226 0.00781 0.00026 ( 1)
 174 Y   0.97733 0.00854 0.01314 0.00098 ( 1)
 175 R   0.99189 0.00172 0.00620 0.00020 ( 1)
 176 N   0.96752 0.01498 0.01577 0.00173 ( 1)
 177 S   0.81438 0.04486 0.13559 0.00518 ( 1)
 178 L   0.96632 0.01488 0.01708 0.00172 ( 1)
 179 T   0.57150 0.37973 0.00496 0.04382 ( 1)
 180 I   0.87053 0.02786 0.09840 0.00321 ( 1)
 181 L   0.24472 0.52963 0.16454 0.06111 ( 2)
 182 K   0.99148 0.00147 0.00688 0.00017 ( 1)
 183 N   0.98583 0.00579 0.00771 0.00067 ( 1)
 184 K   0.11180 0.64180 0.17235 0.07405 ( 2)
 185 P   0.01006 0.88545 0.00232 0.10217 ( 2)
 186 H   0.00302 0.87944 0.01606 0.10147 ( 2)
 187 I   0.88186 0.07522 0.03423 0.00868 ( 1)
 188 Q   0.07371 0.82823 0.00249 0.09557 ( 2)
 189 W   0.75926 0.17271 0.04810 0.01993 ( 1)
 190 D   0.11352 0.79413 0.00072 0.09163 ( 2)
 191 I   0.00016 0.85169 0.04988 0.09827 ( 2)
 192 Y   0.60740 0.14842 0.22705 0.01713 ( 1)
 193 N   0.99262 0.00119 0.00605 0.00014 ( 1)
 194 R   0.00000 0.88777 0.00979 0.10243 ( 2)
 195 Y   0.97733 0.00854 0.01314 0.00098 ( 1)
 196 R   0.93893 0.03369 0.02349 0.00389 ( 1)
 197 R   0.99189 0.00172 0.00620 0.00020 ( 1)
 198 E   0.07381 0.80145 0.03226 0.09247 ( 2)
 199 A   0.00549 0.87321 0.02055 0.10075 ( 2)
 200 I   0.40883 0.47404 0.06243 0.05470 ( 2)
 201 L   0.95790 0.01862 0.02134 0.00215 ( 1)
 202 G   0.64164 0.14817 0.19310 0.01710 ( 1)
 203 A   0.98743 0.00347 0.00870 0.00040 ( 1)
 204 L   0.96632 0.01488 0.01708 0.00172 ( 1)
 205 D   0.99196 0.00157 0.00629 0.00018 ( 1)
 206 L   0.96632 0.01488 0.01708 0.00172 ( 1)
 207 V   0.88676 0.09189 0.01074 0.01060 ( 1)
 208 A   0.98595 0.00387 0.00973 0.00045 ( 1)
 209 L   0.96287 0.01791 0.01716 0.00207 ( 1)
 210 F   0.91319 0.05123 0.02966 0.00591 ( 1)
 211 P   0.72284 0.12472 0.13805 0.01439 ( 1)
 212 N   0.99262 0.00119 0.00605 0.00014 ( 1)


lnL = -3215.535172

