Supplemental results for CODEML (seqf: algn  treef: tree)


dN/dS (w) for site classes (K=4)

site class             0        1       2a       2b
proportion       0.15839  0.22204  0.25796  0.36161
background w     0.08681  0.96232  0.08681  0.96232
foreground w     0.08681  0.96232  0.00000  0.00000

Naive Empirical Bayes (NEB) probabilities for 4 classes
(amino acids refer to 1st sequence: BT_Cry7Ba1)

   1 -   0.26756 0.07942 0.45454 0.19848 ( 3)
   2 -   0.25831 0.08986 0.43698 0.21485 ( 3)
   3 T   0.01501 0.73476 0.01534 0.23490 ( 2)
   4 V   0.03660 0.44694 0.05121 0.46526 ( 4)
   5 E   0.35388 0.01467 0.59749 0.03395 ( 3)
   6 L   0.32337 0.04816 0.53510 0.09337 ( 3)
   7 T   0.35687 0.01155 0.60379 0.02780 ( 3)
   8 R   0.36122 0.00794 0.61138 0.01947 ( 3)
   9 T   0.03398 0.28911 0.05676 0.62015 ( 4)
  10 I   0.36275 0.00387 0.62276 0.01062 ( 3)
  11 Y   0.21014 0.12896 0.35577 0.30513 ( 3)
  12 T   0.03222 0.26875 0.05452 0.64451 ( 4)
  13 D   0.36339 0.00217 0.62810 0.00634 ( 3)
  14 P   0.34983 0.02012 0.58576 0.04429 ( 3)
  15 L   0.25302 0.09045 0.42993 0.22660 ( 3)
  16 G   0.36365 0.00491 0.61873 0.01271 ( 3)
  17 Y   0.02748 0.27292 0.04639 0.65320 ( 4)
  18 T   0.02654 0.31732 0.04393 0.61221 ( 4)
  19 G   0.33061 0.03529 0.55481 0.07929 ( 3)
  20 Y   0.11212 0.18708 0.19240 0.50840 ( 4)
  21 S   0.00592 0.25377 0.01025 0.73006 ( 4)
  22 N   0.10631 0.23199 0.17730 0.48440 ( 4)
  23 D   0.00274 0.31078 0.00460 0.68189 ( 4)
  24 E   0.28691 0.06324 0.48872 0.16112 ( 3)
  25 H   0.31176 0.04448 0.53064 0.11312 ( 3)
  26 P   0.33072 0.03229 0.55878 0.07820 ( 3)
  27 T   0.00581 0.25374 0.01004 0.73041 ( 4)
  28 Y   0.03447 0.31684 0.05684 0.59185 ( 4)
  29 Y   0.36143 0.00646 0.61558 0.01653 ( 3)
  30 -   0.10663 0.54197 0.03477 0.31662 ( 2)
  31 S   0.27806 0.06774 0.47489 0.17931 ( 3)
  32 S   0.23000 0.11532 0.38775 0.26693 ( 3)
  33 A   0.03464 0.23684 0.05953 0.66899 ( 4)
  34 K   0.00034 0.38556 0.00054 0.61357 ( 4)
  35 P   0.00000 0.31217 0.00001 0.68781 ( 4)
  36 F   0.35304 0.02179 0.58348 0.04169 ( 3)
  37 S   0.00020 0.33705 0.00034 0.66241 ( 4)
  38 S   0.06334 0.28883 0.10518 0.54265 ( 4)
  39 I   0.36063 0.00753 0.61287 0.01896 ( 3)
  40 E   0.35169 0.01444 0.59747 0.03641 ( 3)
  41 S   0.33907 0.01883 0.58741 0.05469 ( 3)
  42 R   0.10943 0.86257 0.00004 0.02796 ( 2)
  43 A   0.32764 0.03633 0.55214 0.08390 ( 3)
  44 V   0.04959 0.27943 0.08300 0.58798 ( 4)
  45 L   0.16395 0.17551 0.27453 0.38601 ( 4)
  46 A   0.00616 0.29199 0.01044 0.69141 ( 4)
  47 P   0.29700 0.07669 0.48877 0.13754 ( 3)
  48 S   0.00141 0.54119 0.00213 0.45527 ( 2)
  49 L   0.34115 0.02821 0.57013 0.06051 ( 3)
  50 F   0.31313 0.05811 0.51753 0.11123 ( 3)
  51 K   0.17500 0.16897 0.29240 0.36362 ( 4)
  52 W   0.28306 0.08718 0.46679 0.16297 ( 3)
  53 I   0.11220 0.22342 0.18744 0.47694 ( 4)
  54 T   0.36186 0.00498 0.61984 0.01332 ( 3)
  55 Q   0.01082 0.29860 0.01646 0.67412 ( 4)
  56 L   0.06584 0.25686 0.11084 0.56645 ( 4)
  57 E   0.00032 0.33397 0.00050 0.66522 ( 4)
  58 V   0.35669 0.00957 0.60865 0.02509 ( 3)
  59 Y   0.00243 0.89881 0.00001 0.09875 ( 2)
  60 T   0.00141 0.76243 0.00001 0.23615 ( 2)
  61 K   0.00061 0.29886 0.00099 0.69954 ( 4)
  62 K   0.00000 0.61555 0.00000 0.38444 ( 2)
  63 Y   0.00237 0.27528 0.00405 0.71830 ( 4)
  64 S   0.00000 0.71577 0.00000 0.28423 ( 2)
  65 Y   0.00565 0.32292 0.00941 0.66201 ( 4)
  66 S   0.00141 0.25694 0.00244 0.73921 ( 4)
  67 S   0.06364 0.21402 0.10990 0.61244 ( 4)
  68 Q   0.00001 0.49661 0.00001 0.50338 ( 4)
  69 Y   0.04055 0.30573 0.06709 0.58663 ( 4)
  70 T   0.26791 0.11252 0.43631 0.18326 ( 3)
  71 T   0.18197 0.17649 0.30304 0.33850 ( 4)
  72 L   0.00091 0.26914 0.00156 0.72840 ( 4)
  73 W   0.08014 0.27458 0.13216 0.51312 ( 4)
  74 T   0.26424 0.08894 0.44617 0.20065 ( 3)
  75 G   0.35209 0.01756 0.59087 0.03947 ( 3)
  76 L   0.04271 0.30878 0.07045 0.57806 ( 4)
  77 R   0.01968 0.24661 0.03381 0.69990 ( 4)
  78 V   0.33896 0.02638 0.57208 0.06258 ( 3)
  79 I   0.00119 0.30222 0.00188 0.69470 ( 4)
  80 A   0.11658 0.18710 0.19957 0.49674 ( 4)
  81 Q   0.03350 0.86168 0.00021 0.10460 ( 2)
  82 P   0.00719 0.27839 0.01223 0.70219 ( 4)
  83 T   0.36186 0.00498 0.61984 0.01332 ( 3)
  84 K   0.00126 0.30831 0.00207 0.68836 ( 4)
  85 D   0.00529 0.56129 0.00752 0.42591 ( 2)
  86 F   0.00004 0.32681 0.00008 0.67307 ( 4)
  87 T   0.00002 0.59424 0.00000 0.40575 ( 2)
  88 D   0.03311 0.29732 0.05518 0.61438 ( 4)
  89 T   0.00245 0.72850 0.00004 0.26901 ( 2)
  90 V   0.00333 0.29295 0.00563 0.69808 ( 4)
  91 Y   0.29675 0.05336 0.50714 0.14275 ( 3)
  92 D   0.17724 0.13738 0.30701 0.37836 ( 4)
  93 Y   0.17646 0.14678 0.30050 0.37626 ( 4)
  94 G   0.35209 0.01756 0.59087 0.03947 ( 3)
  95 S   0.01328 0.29106 0.02238 0.67328 ( 4)
  96 S   0.27977 0.07059 0.47533 0.17431 ( 3)
  97 S   0.32378 0.04420 0.53989 0.09213 ( 3)
  98 G   0.29550 0.05792 0.50229 0.14429 ( 3)
  99 S   0.27753 0.07242 0.47151 0.17854 ( 3)
 100 E   0.00014 0.30211 0.00023 0.69752 ( 4)
 101 N   0.00005 0.34787 0.00008 0.65200 ( 4)
 102 K   0.00063 0.32591 0.00104 0.67242 ( 4)
 103 D   0.00048 0.49915 0.00021 0.50016 ( 4)
 104 V   0.08234 0.21533 0.14082 0.56150 ( 4)
 105 F   0.36395 0.00377 0.62215 0.01013 ( 3)
 106 D   0.16903 0.18312 0.28075 0.36709 ( 4)
 107 L   0.34404 0.02740 0.57300 0.05556 ( 3)
 108 Y   0.00737 0.28825 0.01244 0.69194 ( 4)
 109 G   0.00188 0.30971 0.00280 0.68561 ( 4)
 110 N   0.24761 0.09249 0.42204 0.23786 ( 3)
 111 D   0.36339 0.00217 0.62810 0.00634 ( 3)
 112 V   0.25002 0.10355 0.42159 0.22484 ( 3)
 113 Y   0.36143 0.00646 0.61558 0.01653 ( 3)
 114 D   0.02031 0.32828 0.03352 0.61790 ( 4)
 115 T   0.00044 0.29953 0.00075 0.69928 ( 4)
 116 Q   0.00542 0.29832 0.00913 0.68712 ( 4)
 117 S   0.07307 0.23024 0.12405 0.57264 ( 4)
 118 V   0.00143 0.60193 0.00008 0.39656 ( 2)
 119 V   0.00317 0.27425 0.00540 0.71718 ( 4)
 120 S   0.01132 0.75915 0.00019 0.22934 ( 2)
 121 S   0.03697 0.59251 0.01163 0.35889 ( 2)
 122 Y   0.00608 0.26915 0.01052 0.71425 ( 4)
 123 K   0.00489 0.27650 0.00833 0.71028 ( 4)
 124 P   0.00498 0.37545 0.00812 0.61145 ( 4)
 125 T   0.04616 0.22819 0.07934 0.64632 ( 4)
 126 G   0.00819 0.26964 0.01398 0.70820 ( 4)
 127 G   0.00537 0.27074 0.00919 0.71470 ( 4)
 128 G   0.00057 0.34821 0.00094 0.65028 ( 4)
 129 H   0.23853 0.10008 0.40622 0.25517 ( 3)
 130 F   0.02973 0.49666 0.04281 0.43079 ( 2)
 131 G   0.09617 0.25606 0.15894 0.48882 ( 4)
 132 V   0.04234 0.25123 0.07213 0.63430 ( 4)
 133 P   0.36148 0.00810 0.61079 0.01963 ( 3)
 134 Q   0.00001 0.63231 0.00000 0.36768 ( 2)
 135 F   0.05139 0.29443 0.08503 0.56914 ( 4)
 136 R   0.00520 0.57795 0.00223 0.41462 ( 2)
 137 L   0.34115 0.02821 0.57013 0.06051 ( 3)
 138 F   0.04663 0.24538 0.07941 0.62859 ( 4)
 139 W   0.00035 0.35400 0.00056 0.64509 ( 4)
 140 I   0.36187 0.00451 0.62125 0.01237 ( 3)
 141 T   0.28295 0.05784 0.49063 0.16858 ( 3)
 142 K   0.00034 0.50368 0.00039 0.49559 ( 2)
 143 S   0.00230 0.29420 0.00396 0.69954 ( 4)
 144 N   0.36246 0.00230 0.62851 0.00673 ( 3)
 145 G   0.00000 0.66922 0.00000 0.33078 ( 2)
 146 L   0.32407 0.04363 0.54093 0.09136 ( 3)
 147 R   0.00032 0.28544 0.00054 0.71370 ( 4)
 148 E   0.26313 0.08401 0.44654 0.20632 ( 3)
 149 Q   0.02352 0.41283 0.03242 0.53123 ( 4)
 150 I   0.00045 0.43021 0.00070 0.56865 ( 4)
 151 F   0.36194 0.00576 0.61757 0.01473 ( 3)
 152 N   0.10036 0.20862 0.17043 0.52059 ( 4)
 153 Y   0.08100 0.21446 0.13842 0.56612 ( 4)
 154 A   0.00007 0.55217 0.00001 0.44774 ( 2)
 155 N   0.00385 0.32116 0.00632 0.66867 ( 4)
 156 N   0.33193 0.02359 0.57558 0.06889 ( 3)
 157 M   0.04856 0.24821 0.08250 0.62074 ( 4)
 158 G   0.03031 0.28783 0.05075 0.63111 ( 4)
 159 -   0.35022 0.01586 0.59463 0.03929 ( 3)
 160 S   0.08406 0.20142 0.14447 0.57006 ( 4)
 161 Y   0.00184 0.31867 0.00307 0.67643 ( 4)
 162 S   0.00045 0.51152 0.00030 0.48773 ( 2)
 163 A   0.00045 0.29003 0.00076 0.70876 ( 4)
 164 Y   0.00147 0.72027 0.00007 0.27819 ( 2)
 165 R   0.01517 0.33754 0.02500 0.62229 ( 4)
 166 F   0.28258 0.06636 0.48130 0.16976 ( 3)
 167 S   0.03119 0.26291 0.05295 0.65295 ( 4)
 168 K   0.10736 0.18491 0.18445 0.52329 ( 4)
 169 D   0.07381 0.21602 0.12751 0.58266 ( 4)
 170 E   0.04808 0.28176 0.07758 0.59258 ( 4)
 171 L   0.34115 0.02821 0.57013 0.06051 ( 3)
 172 P   0.32214 0.05175 0.53063 0.09549 ( 3)
 173 I   0.36063 0.00753 0.61287 0.01896 ( 3)
 174 E   0.27905 0.07307 0.47394 0.17394 ( 3)
 175 L   0.02319 0.31978 0.03837 0.61865 ( 4)
 176 L   0.01213 0.41368 0.01371 0.56048 ( 4)
 177 Q   0.00337 0.27293 0.00579 0.71791 ( 4)
 178 P   0.00001 0.62388 0.00000 0.37611 ( 2)
 179 P   0.36148 0.00810 0.61079 0.01963 ( 3)
 180 L   0.23631 0.09603 0.40568 0.26197 ( 3)
 181 F   0.24051 0.09853 0.40962 0.25134 ( 3)
 182 G   0.35209 0.01756 0.59087 0.03947 ( 3)
 183 D   0.36339 0.00217 0.62810 0.00634 ( 3)
 184 I   0.14874 0.19646 0.25074 0.40406 ( 4)
 185 E   0.33737 0.03245 0.56227 0.06791 ( 3)
 186 E   0.36132 0.00705 0.61387 0.01776 ( 3)
 187 Y   0.33941 0.02316 0.57799 0.05945 ( 3)
 188 S   0.33322 0.02741 0.57241 0.06696 ( 3)
 189 H   0.36490 0.00337 0.62272 0.00901 ( 3)
 190 R   0.32660 0.04288 0.54303 0.08749 ( 3)
 191 L   0.34115 0.02821 0.57013 0.06051 ( 3)
 192 S   0.36478 0.00207 0.62724 0.00592 ( 3)
 193 H   0.03416 0.25991 0.05812 0.64781 ( 4)
 194 V   0.30739 0.04740 0.52468 0.12053 ( 3)
 195 S   0.33655 0.03324 0.56100 0.06921 ( 3)
 196 E   0.34973 0.02068 0.58540 0.04419 ( 3)
 197 V   0.29445 0.05392 0.50513 0.14650 ( 3)
 198 I   0.01270 0.28274 0.01997 0.68459 ( 4)
 199 K   0.08700 0.22234 0.14822 0.54245 ( 4)
 200 D   0.00132 0.36699 0.00181 0.62988 ( 4)
 201 Y   0.00761 0.32647 0.01213 0.65378 ( 4)
 202 G   0.31762 0.04812 0.53126 0.10300 ( 3)
 203 E   0.00194 0.26074 0.00334 0.73398 ( 4)
 204 -   0.15839 0.22204 0.25796 0.36161 ( 4)
 205 -   0.15839 0.22204 0.25796 0.36161 ( 4)
 206 -   0.15839 0.22204 0.25796 0.36161 ( 4)
 207 -   0.15839 0.22204 0.25796 0.36161 ( 4)
 208 -   0.15839 0.22204 0.25796 0.36161 ( 4)
 209 -   0.15839 0.22204 0.25796 0.36161 ( 4)
 210 -   0.15839 0.22204 0.25796 0.36161 ( 4)
 211 -   0.15839 0.22204 0.25796 0.36161 ( 4)
 212 G   0.35209 0.01756 0.59087 0.03947 ( 3)
 213 I   0.05153 0.27679 0.07797 0.59371 ( 4)
 214 I   0.36275 0.00387 0.62276 0.01062 ( 3)
 215 P   0.35615 0.01484 0.59634 0.03266 ( 3)
 216 V   0.34159 0.03434 0.56187 0.06220 ( 3)
 217 L   0.34115 0.02821 0.57013 0.06051 ( 3)
 218 G   0.35727 0.01367 0.59901 0.03005 ( 3)
 219 W   0.00859 0.34059 0.01417 0.63665 ( 4)
 220 T   0.35578 0.01077 0.60588 0.02756 ( 3)
 221 H   0.36490 0.00337 0.62272 0.00901 ( 3)
 222 V   0.05754 0.25977 0.09707 0.58563 ( 4)
 223 S   0.34962 0.02255 0.58360 0.04422 ( 3)


lnL = -2870.879790

