Supplemental results for CODEML (seqf: algn  treef: tree)


dN/dS (w) for site classes (K=4)

site class             0        1       2a       2b
proportion       0.76684  0.09240  0.12562  0.01514
background w     0.06251  1.00000  0.06251  1.00000
foreground w     0.06251  1.00000  1.00000  1.00000

Naive Empirical Bayes (NEB) probabilities for 4 classes
(amino acids refer to 1st sequence: BT_Cry1Ba1)

   1 P   0.89271 0.04252 0.05780 0.00697 ( 1)
   2 F   0.98475 0.00604 0.00822 0.00099 ( 1)
   3 A   0.97221 0.01101 0.01497 0.00180 ( 1)
   4 G   0.98071 0.00765 0.01040 0.00125 ( 1)
   5 Q   0.97308 0.01067 0.01451 0.00175 ( 1)
   6 L   0.02779 0.38530 0.52379 0.06312 ( 3)
   7 A   0.97957 0.00810 0.01101 0.00133 ( 1)
   8 S   0.98489 0.00599 0.00814 0.00098 ( 1)
   9 F   0.98475 0.00604 0.00822 0.00099 ( 1)
  10 Y   0.97880 0.00840 0.01142 0.00138 ( 1)
  11 S   0.98489 0.00599 0.00814 0.00098 ( 1)
  12 F   0.98475 0.00604 0.00822 0.00099 ( 1)
  13 L   0.10337 0.35535 0.48307 0.05821 ( 3)
  14 V   0.97807 0.00869 0.01182 0.00142 ( 1)
  15 G   0.97443 0.01013 0.01378 0.00166 ( 1)
  16 E   0.98786 0.00481 0.00654 0.00079 ( 1)
  17 L   0.94903 0.02020 0.02746 0.00331 ( 1)
  18 W   0.89539 0.04146 0.05636 0.00679 ( 1)
  19 P   0.95382 0.01830 0.02488 0.00300 ( 1)
  20 R   0.00121 0.39583 0.53811 0.06484 ( 3)
  21 G   0.89893 0.04006 0.05446 0.00656 ( 1)
  22 R   0.97925 0.00823 0.01118 0.00135 ( 1)
  23 D   0.98744 0.00498 0.00676 0.00082 ( 1)
  24 Q   0.06460 0.37071 0.50396 0.06073 ( 3)
  25 W   0.89539 0.04146 0.05636 0.00679 ( 1)
  26 E   0.98786 0.00481 0.00654 0.00079 ( 1)
  27 I   0.98075 0.00763 0.01037 0.00125 ( 1)
  28 F   0.94482 0.02187 0.02973 0.00358 ( 1)
  29 L   0.03233 0.38350 0.52135 0.06282 ( 3)
  30 E   0.98786 0.00481 0.00654 0.00079 ( 1)
  31 H   0.98655 0.00533 0.00725 0.00087 ( 1)
  32 V   0.96436 0.01412 0.01920 0.00231 ( 1)
  33 E   0.98786 0.00481 0.00654 0.00079 ( 1)
  34 Q   0.97308 0.01067 0.01451 0.00175 ( 1)
  35 L   0.69935 0.11915 0.16198 0.01952 ( 1)
  36 I   0.01320 0.39108 0.53166 0.06406 ( 3)
  37 N   0.14721 0.33797 0.45945 0.05536 ( 3)
  38 Q   0.97308 0.01067 0.01451 0.00175 ( 1)
  39 Q   0.97308 0.01067 0.01451 0.00175 ( 1)
  40 I   0.01478 0.39046 0.53080 0.06396 ( 3)
  41 T   0.97752 0.00891 0.01211 0.00146 ( 1)
  42 E   0.16562 0.33068 0.44954 0.05417 ( 3)
  43 N   0.84852 0.06003 0.08161 0.00983 ( 1)
  44 A   0.00058 0.39609 0.53845 0.06488 ( 3)
  45 R   0.92440 0.02996 0.04073 0.00491 ( 1)
  46 N   0.23771 0.30211 0.41070 0.04949 ( 3)
  47 T   0.90016 0.03957 0.05379 0.00648 ( 1)
  48 A   0.97470 0.01003 0.01363 0.00164 ( 1)
  49 L   0.67600 0.12840 0.17456 0.02103 ( 1)
  50 A   0.97957 0.00810 0.01101 0.00133 ( 1)
  51 R   0.95176 0.01912 0.02599 0.00313 ( 1)
  52 L   0.94903 0.02020 0.02746 0.00331 ( 1)
  53 Q   0.72390 0.10942 0.14875 0.01792 ( 1)
  54 G   0.98153 0.00732 0.00995 0.00120 ( 1)
  55 L   0.94909 0.02018 0.02743 0.00331 ( 1)
  56 G   0.98071 0.00765 0.01040 0.00125 ( 1)
  57 D   0.00016 0.39625 0.53868 0.06491 ( 3)
  58 S   0.02453 0.38659 0.52555 0.06333 ( 3)
  59 F   0.73749 0.10404 0.14143 0.01704 ( 1)
  60 R   0.97925 0.00823 0.01118 0.00135 ( 1)
  61 A   0.45087 0.21763 0.29585 0.03565 ( 1)
  62 Y   0.96165 0.01520 0.02066 0.00249 ( 1)
  63 Q   0.95797 0.01666 0.02264 0.00273 ( 1)
  64 Q   0.92010 0.03166 0.04305 0.00519 ( 1)
  65 S   0.60043 0.15836 0.21527 0.02594 ( 1)
  66 L   0.97592 0.00954 0.01297 0.00156 ( 1)
  67 E   0.98786 0.00481 0.00654 0.00079 ( 1)
  68 D   0.16471 0.33104 0.45002 0.05423 ( 3)
  69 W   0.89539 0.04146 0.05636 0.00679 ( 1)
  70 L   0.95083 0.01949 0.02649 0.00319 ( 1)
  71 E   0.80830 0.07597 0.10328 0.01245 ( 1)
  72 N   0.94087 0.02344 0.03186 0.00384 ( 1)
  73 R   0.96602 0.01347 0.01831 0.00221 ( 1)
  74 D   0.79838 0.07991 0.10863 0.01309 ( 1)
  75 D   0.99025 0.00386 0.00525 0.00063 ( 1)
  76 A   0.98299 0.00674 0.00916 0.00110 ( 1)
  77 R   0.97925 0.00823 0.01118 0.00135 ( 1)
  78 T   0.41767 0.23079 0.31374 0.03781 ( 1)
  79 R   0.97925 0.00823 0.01118 0.00135 ( 1)
  80 S   0.97111 0.01145 0.01556 0.00188 ( 1)
  81 V   0.76574 0.09284 0.12621 0.01521 ( 1)
  82 L   0.67600 0.12840 0.17456 0.02103 ( 1)
  83 Y   0.00054 0.39610 0.53847 0.06489 ( 3)
  84 T   0.01760 0.38934 0.52928 0.06378 ( 3)
  85 Q   0.39363 0.24031 0.32669 0.03937 ( 1)
  86 Y   0.97880 0.00840 0.01142 0.00138 ( 1)
  87 I   0.20119 0.31658 0.43037 0.05186 ( 3)
  88 A   0.94302 0.02258 0.03070 0.00370 ( 1)
  89 L   0.94903 0.02020 0.02746 0.00331 ( 1)
  90 E   0.98227 0.00703 0.00955 0.00115 ( 1)
  91 L   0.97592 0.00954 0.01297 0.00156 ( 1)
  92 D   0.98176 0.00723 0.00983 0.00118 ( 1)
  93 F   0.73733 0.10410 0.14152 0.01705 ( 1)
  94 L   0.10074 0.35639 0.48449 0.05838 ( 3)
  95 N   0.76725 0.09224 0.12540 0.01511 ( 1)
  96 A   0.94666 0.02114 0.02874 0.00346 ( 1)
  97 M   0.76791 0.09198 0.12504 0.01507 ( 1)
  98 P   0.89271 0.04252 0.05780 0.00697 ( 1)
  99 L   0.97592 0.00954 0.01297 0.00156 ( 1)
 100 F   0.92890 0.02818 0.03831 0.00462 ( 1)
 101 A   0.00792 0.39318 0.53450 0.06441 ( 3)
 102 I   0.98523 0.00585 0.00796 0.00096 ( 1)
 103 R   0.09568 0.35840 0.48722 0.05871 ( 3)
 104 N   0.08189 0.36386 0.49465 0.05960 ( 3)
 105 Q   0.68813 0.12360 0.16802 0.02025 ( 1)
 106 E   0.61993 0.15063 0.20477 0.02467 ( 1)
 107 V   0.97982 0.00800 0.01087 0.00131 ( 1)
 108 P   0.97149 0.01130 0.01536 0.00185 ( 1)
 109 L   0.94903 0.02020 0.02746 0.00331 ( 1)
 110 L   0.94572 0.02151 0.02925 0.00352 ( 1)
 111 M   0.97606 0.00949 0.01290 0.00155 ( 1)
 112 V   0.98297 0.00675 0.00918 0.00111 ( 1)
 113 Y   0.97393 0.01033 0.01404 0.00169 ( 1)
 114 A   0.97957 0.00810 0.01101 0.00133 ( 1)
 115 Q   0.97308 0.01067 0.01451 0.00175 ( 1)
 116 A   0.97957 0.00810 0.01101 0.00133 ( 1)
 117 A   0.98299 0.00674 0.00916 0.00110 ( 1)
 118 N   0.98638 0.00540 0.00734 0.00088 ( 1)
 119 L   0.94367 0.02232 0.03035 0.00366 ( 1)
 120 H   0.93741 0.02481 0.03372 0.00406 ( 1)
 121 L   0.95523 0.01774 0.02412 0.00291 ( 1)
 122 L   0.94903 0.02020 0.02746 0.00331 ( 1)
 123 L   0.94903 0.02020 0.02746 0.00331 ( 1)
 124 L   0.90204 0.03882 0.05278 0.00636 ( 1)
 125 R   0.97775 0.00882 0.01199 0.00144 ( 1)
 126 D   0.97150 0.01129 0.01535 0.00185 ( 1)
 127 A   0.94509 0.02176 0.02958 0.00356 ( 1)
 128 S   0.92255 0.03070 0.04173 0.00503 ( 1)
 129 L   0.97592 0.00954 0.01297 0.00156 ( 1)
 130 F   0.76122 0.09463 0.12865 0.01550 ( 1)
 131 G   0.98153 0.00732 0.00995 0.00120 ( 1)
 132 S   0.76402 0.09352 0.12714 0.01532 ( 1)
 133 E   0.98786 0.00481 0.00654 0.00079 ( 1)
 134 F   0.09636 0.35813 0.48685 0.05866 ( 3)
 135 G   0.91227 0.03477 0.04726 0.00570 ( 1)
 136 L   0.02905 0.38480 0.52312 0.06303 ( 3)
 137 T   0.13084 0.34446 0.46827 0.05643 ( 3)
 138 S   0.92983 0.02781 0.03781 0.00456 ( 1)
 139 Q   0.00165 0.39566 0.53788 0.06481 ( 3)
 140 E   0.85030 0.05933 0.08065 0.00972 ( 1)
 141 I   0.77059 0.09092 0.12360 0.01489 ( 1)
 142 Q   0.09033 0.36051 0.49010 0.05906 ( 3)
 143 R   0.49261 0.20108 0.27336 0.03294 ( 1)
 144 Y   0.97880 0.00840 0.01142 0.00138 ( 1)
 145 Y   0.96165 0.01520 0.02066 0.00249 ( 1)
 146 E   0.64358 0.14125 0.19203 0.02314 ( 1)
 147 R   0.04446 0.37870 0.51481 0.06203 ( 3)
 148 Q   0.97308 0.01067 0.01451 0.00175 ( 1)
 149 V   0.04887 0.37695 0.51243 0.06175 ( 3)
 150 E   0.21732 0.31019 0.42168 0.05081 ( 3)
 151 R   0.00003 0.39630 0.53875 0.06492 ( 3)
 152 T   0.94332 0.02247 0.03054 0.00368 ( 1)
 153 R   0.08961 0.36080 0.49049 0.05910 ( 3)
 154 D   0.18918 0.32134 0.43684 0.05264 ( 3)
 155 Y   0.97880 0.00840 0.01142 0.00138 ( 1)
 156 S   0.96815 0.01262 0.01716 0.00207 ( 1)
 157 D   0.58231 0.16554 0.22504 0.02712 ( 1)
 158 Y   0.71404 0.11333 0.15406 0.01856 ( 1)
 159 C   0.89472 0.04172 0.05672 0.00683 ( 1)
 160 V   0.70945 0.11515 0.15654 0.01886 ( 1)
 161 E   0.01070 0.39207 0.53300 0.06423 ( 3)
 162 W   0.89539 0.04146 0.05636 0.00679 ( 1)
 163 Y   0.97880 0.00840 0.01142 0.00138 ( 1)
 164 N   0.98938 0.00421 0.00572 0.00069 ( 1)
 165 T   0.93081 0.02742 0.03728 0.00449 ( 1)
 166 G   0.96733 0.01295 0.01760 0.00212 ( 1)
 167 L   0.95373 0.01834 0.02493 0.00300 ( 1)
 168 N   0.98938 0.00421 0.00572 0.00069 ( 1)
 169 S   0.00513 0.39428 0.53600 0.06459 ( 3)
 170 L   0.93194 0.02697 0.03667 0.00442 ( 1)
 171 R   0.97925 0.00823 0.01118 0.00135 ( 1)
 172 G   0.91227 0.03477 0.04726 0.00570 ( 1)
 173 T   0.97965 0.00806 0.01096 0.00132 ( 1)
 174 N   0.83501 0.06539 0.08889 0.01071 ( 1)
 175 A   0.97398 0.01031 0.01402 0.00169 ( 1)
 176 A   0.81333 0.07398 0.10057 0.01212 ( 1)
 177 S   0.98489 0.00599 0.00814 0.00098 ( 1)
 178 W   0.89539 0.04146 0.05636 0.00679 ( 1)
 179 V   0.05771 0.37344 0.50767 0.06117 ( 3)
 180 R   0.90145 0.03906 0.05310 0.00640 ( 1)
 181 Y   0.97880 0.00840 0.01142 0.00138 ( 1)
 182 N   0.98938 0.00421 0.00572 0.00069 ( 1)
 183 Q   0.97308 0.01067 0.01451 0.00175 ( 1)
 184 F   0.92890 0.02818 0.03831 0.00462 ( 1)
 185 R   0.97213 0.01105 0.01502 0.00181 ( 1)
 186 R   0.97925 0.00823 0.01118 0.00135 ( 1)
 187 D   0.95417 0.01816 0.02469 0.00297 ( 1)
 188 L   0.95373 0.01834 0.02493 0.00300 ( 1)
 189 T   0.95556 0.01761 0.02394 0.00289 ( 1)
 190 L   0.94953 0.02000 0.02719 0.00328 ( 1)
 191 G   0.94038 0.02363 0.03212 0.00387 ( 1)
 192 V   0.98297 0.00675 0.00918 0.00111 ( 1)
 193 L   0.94903 0.02020 0.02746 0.00331 ( 1)
 194 D   0.99025 0.00386 0.00525 0.00063 ( 1)
 195 L   0.95272 0.01874 0.02547 0.00307 ( 1)
 196 V   0.91432 0.03396 0.04616 0.00556 ( 1)
 197 A   0.97007 0.01186 0.01613 0.00194 ( 1)
 198 L   0.95523 0.01774 0.02412 0.00291 ( 1)
 199 F   0.92890 0.02818 0.03831 0.00462 ( 1)
 200 P   0.97500 0.00991 0.01347 0.00162 ( 1)
 201 S   0.92466 0.02986 0.04059 0.00489 ( 1)


lnL = -1878.064769

