Supplemental results for CODEML (seqf: algn  treef: tree)


dN/dS (w) for site classes (K=4)

site class             0        1       2a       2b
proportion       0.00000  0.00000  0.46015  0.53985
background w     0.07759  0.87928  0.07759  0.87928
foreground w     0.07759  0.87928  0.00000  0.00000

Naive Empirical Bayes (NEB) probabilities for 4 classes
(amino acids refer to 1st sequence: BT_Cry24Ca1)

   1 -   0.00000 0.00000 0.50821 0.49179 ( 3)
   2 -   0.00000 0.00000 0.46015 0.53985 ( 4)
   3 A   0.00000 0.00000 0.00023 0.99977 ( 4)
   4 D   0.00000 0.00000 0.99994 0.00006 ( 3)
   5 K   0.00000 0.00000 0.99815 0.00185 ( 3)
   6 I   0.00000 0.00000 0.99911 0.00089 ( 3)
   7 T   0.00000 0.00000 0.99915 0.00085 ( 3)
   8 Q   0.00000 0.00000 0.99953 0.00047 ( 3)
   9 I   0.00000 0.00000 0.99990 0.00010 ( 3)
  10 P   0.00000 0.00000 0.99686 0.00314 ( 3)
  11 A   0.00000 0.00000 0.99920 0.00080 ( 3)
  12 V   0.00000 0.00000 0.99891 0.00109 ( 3)
  13 K   0.00000 0.00000 0.99978 0.00022 ( 3)
  14 T   0.00000 0.00000 0.07373 0.92627 ( 4)
  15 W   0.00000 0.00000 0.00042 0.99958 ( 4)
  16 E   0.00000 0.00000 0.00001 0.99999 ( 4)
  17 I   0.00000 0.00000 0.03259 0.96741 ( 4)
  18 R   0.00000 0.00000 0.00008 0.99992 ( 4)
  19 G   0.00000 0.00000 0.00098 0.99902 ( 4)
  20 T   0.00000 0.00000 0.00075 0.99925 ( 4)
  21 -   0.00000 0.00000 0.46015 0.53985 ( 4)
  22 S   0.00000 0.00000 0.03187 0.96813 ( 4)
  23 S   0.00000 0.00000 0.93757 0.06243 ( 3)
  24 V   0.00000 0.00000 0.99978 0.00022 ( 3)
  25 V   0.00000 0.00000 0.73689 0.26311 ( 3)
  26 A   0.00000 0.00000 0.84248 0.15752 ( 3)
  27 G   0.00000 0.00000 0.99892 0.00108 ( 3)
  28 P   0.00000 0.00000 0.99993 0.00007 ( 3)
  29 G   0.00000 0.00000 0.99994 0.00006 ( 3)
  30 N   0.00000 0.00000 0.00885 0.99115 ( 4)
  31 T   0.00000 0.00000 0.99982 0.00018 ( 3)
  32 G   0.00000 0.00000 0.99982 0.00018 ( 3)
  33 G   0.00000 0.00000 0.99965 0.00035 ( 3)
  34 N   0.00000 0.00000 0.97666 0.02334 ( 3)
  35 L   0.00000 0.00000 0.99738 0.00262 ( 3)
  36 V   0.00000 0.00000 0.99121 0.00879 ( 3)
  37 K   0.00000 0.00000 0.00155 0.99845 ( 4)
  38 M   0.00000 0.00000 0.69420 0.30580 ( 3)
  39 S   0.00000 0.00000 0.98866 0.01134 ( 3)
  40 Y   0.00000 0.00000 0.00144 0.99856 ( 4)
  41 H   0.00000 0.00000 0.00082 0.99918 ( 4)
  42 S   0.00000 0.00000 0.00016 0.99984 ( 4)
  43 V   0.00000 0.00000 0.00001 0.99999 ( 4)
  44 -   0.00000 0.00000 0.46015 0.53985 ( 4)
  45 W   0.00000 0.00000 0.00867 0.99133 ( 4)
  46 N   0.00000 0.00000 0.00460 0.99540 ( 4)
  47 I   0.00000 0.00000 0.99671 0.00329 ( 3)
  48 K   0.00000 0.00000 0.00109 0.99891 ( 4)
  49 F   0.00000 0.00000 0.60357 0.39643 ( 3)
  50 -   0.00000 0.00000 0.00336 0.99664 ( 4)
  51 -   0.00000 0.00000 0.01768 0.98232 ( 4)
  52 -   0.00000 0.00000 0.71958 0.28042 ( 3)
  53 -   0.00000 0.00000 0.67940 0.32060 ( 3)
  54 -   0.00000 0.00000 0.70299 0.29701 ( 3)
  55 -   0.00000 0.00000 0.53886 0.46114 ( 3)
  56 -   0.00000 0.00000 0.00907 0.99093 ( 4)
  57 T   0.00000 0.00000 0.00002 0.99998 ( 4)
  58 C   0.00000 0.00000 0.00000 1.00000 ( 4)
  59 Q   0.00000 0.00000 0.00194 0.99806 ( 4)
  60 Q   0.00000 0.00000 0.00000 1.00000 ( 4)
  61 L   0.00000 0.00000 0.00000 1.00000 ( 4)
  62 K   0.00000 0.00000 0.01316 0.98684 ( 4)
  63 R   0.00000 0.00000 0.00147 0.99853 ( 4)
  64 Y   0.00000 0.00000 0.97707 0.02293 ( 3)
  65 R   0.00000 0.00000 0.00014 0.99986 ( 4)
  66 V   0.00000 0.00000 0.70551 0.29449 ( 3)
  67 R   0.00000 0.00000 0.99522 0.00478 ( 3)
  68 I   0.00000 0.00000 0.99826 0.00174 ( 3)
  69 R   0.00000 0.00000 0.99740 0.00260 ( 3)
  70 Y   0.00000 0.00000 0.99994 0.00006 ( 3)
  71 A   0.00000 0.00000 0.99972 0.00028 ( 3)
  72 S   0.00000 0.00000 0.99317 0.00683 ( 3)
  73 D   0.00000 0.00000 0.45142 0.54858 ( 4)
  74 G   0.00000 0.00000 0.00009 0.99991 ( 4)
  75 N   0.00000 0.00000 0.65807 0.34193 ( 3)
  76 C   0.00000 0.00000 0.60215 0.39785 ( 3)
  77 Q   0.00000 0.00000 0.08873 0.91127 ( 4)
  78 L   0.00000 0.00000 0.98013 0.01987 ( 3)
  79 A   0.00000 0.00000 0.00000 1.00000 ( 4)
  80 M   0.00000 0.00000 0.36323 0.63677 ( 4)
  81 R   0.00000 0.00000 0.01122 0.98878 ( 4)
  82 R   0.00000 0.00000 0.90827 0.09173 ( 3)
  83 W   0.00000 0.00000 0.00095 0.99905 ( 4)
  84 R   0.00000 0.00000 0.00017 0.99983 ( 4)
  85 G   0.00000 0.00000 0.01112 0.98888 ( 4)
  86 G   0.00000 0.00000 0.00002 0.99998 ( 4)
  87 P   0.00000 0.00000 0.15666 0.84334 ( 4)
  88 G   0.00000 0.00000 0.00314 0.99686 ( 4)
  89 Y   0.00000 0.00000 0.00004 0.99996 ( 4)
  90 -   0.00000 0.00000 0.00463 0.99537 ( 4)
  91 -   0.00000 0.00000 0.46015 0.53985 ( 4)
  92 V   0.00000 0.00000 0.00056 0.99944 ( 4)
  93 Q   0.00000 0.00000 0.00013 0.99987 ( 4)
  94 E   0.00000 0.00000 0.00727 0.99273 ( 4)
  95 A   0.00000 0.00000 0.00139 0.99861 ( 4)
  96 R   0.00000 0.00000 0.02432 0.97568 ( 4)
  97 H   0.00000 0.00000 0.89734 0.10266 ( 3)
  98 T   0.00000 0.00000 0.03050 0.96950 ( 4)
  99 V   0.00000 0.00000 0.88083 0.11917 ( 3)
 100 Q   0.00000 0.00000 0.00049 0.99951 ( 4)
 101 R   0.00000 0.00000 0.19351 0.80649 ( 4)
 102 T   0.00000 0.00000 0.95936 0.04064 ( 3)
 103 F   0.00000 0.00000 0.78887 0.21113 ( 3)
 104 S   0.00000 0.00000 0.81343 0.18657 ( 3)
 105 -   0.00000 0.00000 0.40086 0.59914 ( 4)
 106 -   0.00000 0.00000 0.46015 0.53985 ( 4)
 107 G   0.00000 0.00000 0.96376 0.03624 ( 3)
 108 S   0.00000 0.00000 0.10109 0.89891 ( 4)
 109 M   0.00000 0.00000 0.97538 0.02462 ( 3)
 110 T   0.00000 0.00000 0.99022 0.00978 ( 3)
 111 Y   0.00000 0.00000 0.99926 0.00074 ( 3)
 112 D   0.00000 0.00000 0.99513 0.00487 ( 3)
 113 S   0.00000 0.00000 0.00060 0.99940 ( 4)
 114 F   0.00000 0.00000 0.99988 0.00012 ( 3)
 115 K   0.00000 0.00000 0.97902 0.02098 ( 3)
 116 Y   0.00000 0.00000 0.99962 0.00038 ( 3)
 117 L   0.00000 0.00000 0.03463 0.96537 ( 4)
 118 D   0.00000 0.00000 0.99416 0.00584 ( 3)
 119 I   0.00000 0.00000 0.04470 0.95530 ( 4)
 120 F   0.00000 0.00000 0.61063 0.38937 ( 3)
 121 T   0.00000 0.00000 0.00212 0.99788 ( 4)
 122 M   0.00000 0.00000 0.00181 0.99819 ( 4)
 123 P   0.00000 0.00000 0.00000 1.00000 ( 4)
 124 A   0.00000 0.00000 0.25231 0.74769 ( 4)
 125 E   0.00000 0.00000 0.00650 0.99350 ( 4)
 126 D   0.00000 0.00000 0.15652 0.84348 ( 4)
 127 Y   0.00000 0.00000 0.00000 1.00000 ( 4)
 128 T   0.00000 0.00000 0.00026 0.99974 ( 4)
 129 F   0.00000 0.00000 0.05352 0.94648 ( 4)
 130 N   0.00000 0.00000 0.00000 1.00000 ( 4)
 131 L   0.00000 0.00000 0.29322 0.70678 ( 4)
 132 T   0.00000 0.00000 0.05474 0.94526 ( 4)
 133 I   0.00000 0.00000 0.06200 0.93800 ( 4)
 134 -   0.00000 0.00000 0.01605 0.98395 ( 4)
 135 -   0.00000 0.00000 0.68637 0.31363 ( 3)
 136 D   0.00000 0.00000 0.00007 0.99993 ( 4)
 137 L   0.00000 0.00000 0.00068 0.99932 ( 4)
 138 E   0.00000 0.00000 0.00074 0.99926 ( 4)
 139 S   0.00000 0.00000 0.03985 0.96015 ( 4)
 140 G   0.00000 0.00000 0.99757 0.00243 ( 3)
 141 G   0.00000 0.00000 0.95633 0.04367 ( 3)
 142 A   0.00000 0.00000 0.00137 0.99863 ( 4)
 143 L   0.00000 0.00000 0.92548 0.07452 ( 3)
 144 Y   0.00000 0.00000 0.00660 0.99340 ( 4)
 145 I   0.00000 0.00000 0.96338 0.03662 ( 3)
 146 D   0.00000 0.00000 0.99987 0.00013 ( 3)
 147 K   0.00000 0.00000 0.99889 0.00111 ( 3)
 148 I   0.00000 0.00000 0.99685 0.00315 ( 3)
 149 E   0.00000 0.00000 0.99995 0.00005 ( 3)
 150 F   0.00000 0.00000 0.99857 0.00143 ( 3)
 151 -   0.00000 0.00000 0.99990 0.00010 ( 3)


lnL = -2952.281277

