Supplemental results for CODEML (seqf: algn  treef: tree)


dN/dS (w) for site classes (K=4)

site class             0        1       2a       2b
proportion       0.25106  0.48847  0.08843  0.17205
background w     0.07990  0.59305  0.07990  0.59305
foreground w     0.07990  0.59305  4.30917  4.30917

Naive Empirical Bayes (NEB) probabilities for 4 classes
(amino acids refer to 1st sequence: BT_Cry24Ca1)

   1 -   0.25106 0.48847 0.08843 0.17205 ( 2)
   2 -   0.66243 0.32447 0.00468 0.00842 ( 1)
   3 A   0.00007 0.95034 0.00008 0.04952 ( 2)
   4 D   0.99999 0.00000 0.00001 0.00000 ( 1)
   5 K   0.57009 0.42990 0.00000 0.00000 ( 1)
   6 I   0.99990 0.00010 0.00000 0.00000 ( 1)
   7 T   0.90033 0.03313 0.06635 0.00019 ( 1)
   8 Q   0.99982 0.00017 0.00001 0.00000 ( 1)
   9 I   0.99989 0.00011 0.00000 0.00000 ( 1)
  10 P   0.99345 0.00291 0.00362 0.00002 ( 1)
  11 A   0.99954 0.00046 0.00000 0.00000 ( 1)
  12 V   0.99718 0.00216 0.00065 0.00000 ( 1)
  13 K   0.99977 0.00023 0.00000 0.00000 ( 1)
  14 T   0.86619 0.13381 0.00000 0.00000 ( 1)
  15 W   0.00002 0.99997 0.00000 0.00001 ( 2)
  16 E   0.00000 0.99649 0.00000 0.00351 ( 2)
  17 I   0.01279 0.98345 0.00045 0.00330 ( 2)
  18 R   0.00000 0.99095 0.00000 0.00905 ( 2)
  19 G   0.00000 0.02582 0.31683 0.65736 ( 4)
  20 -   0.00008 0.42782 0.00928 0.56281 ( 4)
  21 -   0.07059 0.91777 0.00042 0.01121 ( 2)
  22 -   0.25106 0.48847 0.08843 0.17205 ( 2)
  23 -   0.00326 0.26259 0.22363 0.51052 ( 4)
  24 -   0.00272 0.20278 0.25608 0.53842 ( 4)
  25 T   0.00000 0.00042 0.00003 0.99955 ( 4)
  26 S   0.00306 0.98324 0.00269 0.01101 ( 2)
  27 S   0.00000 0.00137 0.00026 0.99838 ( 4)
  28 V   0.99958 0.00032 0.00010 0.00000 ( 1)
  29 V   0.00010 0.09606 0.50872 0.39512 ( 3)
  30 A   0.00215 0.99757 0.00000 0.00027 ( 2)
  31 G   0.99944 0.00055 0.00001 0.00000 ( 1)
  32 P   0.94968 0.00119 0.04912 0.00000 ( 1)
  33 G   0.99999 0.00001 0.00000 0.00000 ( 1)
  34 N   0.00000 0.94456 0.00000 0.05544 ( 2)
  35 T   0.99998 0.00002 0.00000 0.00000 ( 1)
  36 G   0.99969 0.00029 0.00002 0.00000 ( 1)
  37 G   0.99940 0.00059 0.00001 0.00000 ( 1)
  38 N   0.99928 0.00049 0.00023 0.00000 ( 1)
  39 L   0.88366 0.11600 0.00031 0.00003 ( 1)
  40 V   0.99772 0.00227 0.00000 0.00000 ( 1)
  41 K   0.00000 0.04358 0.00232 0.95410 ( 4)
  42 M   0.91283 0.08713 0.00003 0.00001 ( 1)
  43 S   0.00000 0.14877 0.00515 0.84608 ( 4)
  44 -   0.25106 0.48847 0.08843 0.17205 ( 2)
  45 Y   0.00000 0.31589 0.00000 0.68411 ( 4)
  46 H   0.00000 0.02661 0.00000 0.97339 ( 4)
  47 S   0.00000 0.06608 0.33426 0.59966 ( 4)
  48 V   0.00000 0.99934 0.00000 0.00066 ( 2)
  49 -   0.04058 0.69894 0.01429 0.24618 ( 2)
  50 -   0.28458 0.45495 0.10023 0.16024 ( 2)
  51 -   0.25106 0.48847 0.08843 0.17205 ( 2)
  52 -   0.03236 0.70716 0.01140 0.24907 ( 2)
  53 -   0.39224 0.34729 0.13815 0.12232 ( 1)
  54 W   0.07513 0.92475 0.00000 0.00011 ( 2)
  55 N   0.00007 0.99990 0.00000 0.00002 ( 2)
  56 I   0.99921 0.00079 0.00000 0.00000 ( 1)
  57 K   0.00018 0.99980 0.00000 0.00002 ( 2)
  58 F   0.00657 0.99333 0.00000 0.00010 ( 2)
  59 T   0.00000 0.98533 0.00001 0.01466 ( 2)
  60 C   0.00000 0.99950 0.00000 0.00049 ( 2)
  61 -   0.00062 0.99925 0.00000 0.00012 ( 2)
  62 -   0.34984 0.38969 0.12322 0.13726 ( 2)
  63 -   0.33952 0.40001 0.11958 0.14089 ( 2)
  64 -   0.07657 0.66296 0.02697 0.23351 ( 2)
  65 Q   0.00000 0.06736 0.00000 0.93263 ( 4)
  66 Q   0.00000 0.96482 0.00000 0.03518 ( 2)
  67 L   0.00002 0.99991 0.00000 0.00007 ( 2)
  68 K   0.02547 0.97453 0.00000 0.00000 ( 2)
  69 R   0.00021 0.99979 0.00000 0.00000 ( 2)
  70 Y   0.95025 0.04554 0.00387 0.00034 ( 1)
  71 R   0.06785 0.92861 0.00166 0.00189 ( 2)
  72 V   0.98955 0.01044 0.00000 0.00000 ( 1)
  73 R   0.99977 0.00023 0.00000 0.00000 ( 1)
  74 I   0.74454 0.11963 0.13542 0.00040 ( 1)
  75 R   0.97390 0.00113 0.02493 0.00004 ( 1)
  76 Y   0.99987 0.00008 0.00005 0.00000 ( 1)
  77 A   0.00000 0.00000 0.99901 0.00099 ( 3)
  78 S   0.07918 0.03264 0.88734 0.00084 ( 3)
  79 D   0.00000 0.00015 0.00041 0.99944 ( 4)
  80 G   0.00000 0.00001 0.00002 0.99997 ( 4)
  81 N   0.00000 0.00068 0.00002 0.99930 ( 4)
  82 C   0.15992 0.84005 0.00000 0.00002 ( 2)
  83 Q   0.00000 0.00001 0.00004 0.99995 ( 4)
  84 L   0.00000 0.60472 0.00041 0.39486 ( 2)
  85 A   0.00000 0.00127 0.00000 0.99873 ( 4)
  86 M   0.01466 0.98533 0.00000 0.00001 ( 2)
  87 R   0.00000 0.99922 0.00000 0.00078 ( 2)
  88 R   0.00200 0.99799 0.00000 0.00001 ( 2)
  89 -   0.00333 0.73620 0.00117 0.25930 ( 2)
  90 W   0.00007 0.99235 0.00000 0.00758 ( 2)
  91 -   0.00810 0.73142 0.00285 0.25762 ( 2)
  92 -   0.00924 0.73029 0.00325 0.25722 ( 2)
  93 -   0.00441 0.73512 0.00155 0.25892 ( 2)
  94 R   0.00235 0.73718 0.00083 0.25965 ( 2)
  95 G   0.00209 0.73744 0.00074 0.25974 ( 2)
  96 G   0.00096 0.98247 0.00001 0.01656 ( 2)
  97 P   0.00000 0.92669 0.00000 0.07331 ( 2)
  98 G   0.00004 0.99996 0.00000 0.00000 ( 2)
  99 Y   0.00000 0.99891 0.00000 0.00109 ( 2)
 100 V   0.00000 0.00227 0.00000 0.99773 ( 4)
 101 Q   0.00000 0.06709 0.00000 0.93291 ( 4)
 102 -   0.25106 0.48847 0.08843 0.17205 ( 2)
 103 E   0.00000 0.99988 0.00000 0.00012 ( 2)
 104 A   0.00000 0.07600 0.00000 0.92399 ( 4)
 105 R   0.00000 0.05164 0.00000 0.94836 ( 4)
 106 H   0.88188 0.11810 0.00001 0.00000 ( 1)
 107 T   0.00000 0.00001 0.00155 0.99844 ( 4)
 108 V   0.00000 0.00080 0.00245 0.99675 ( 4)
 109 Q   0.00000 0.93333 0.00002 0.06665 ( 2)
 110 R   0.00000 0.00039 0.00001 0.99960 ( 4)
 111 T   0.08646 0.87776 0.00979 0.02599 ( 2)
 112 F   0.00016 0.57446 0.07557 0.34981 ( 2)
 113 S   0.00000 0.00000 0.00242 0.99757 ( 4)
 114 -   0.03831 0.70121 0.01349 0.24698 ( 2)
 115 G   0.22598 0.51355 0.07959 0.18088 ( 2)
 116 S   0.00034 0.73919 0.00012 0.26035 ( 2)
 117 M   0.11446 0.62507 0.04031 0.22016 ( 2)
 118 T   0.61214 0.12738 0.21561 0.04487 ( 1)
 119 Y   0.00000 0.00013 0.99086 0.00901 ( 3)
 120 D   0.00000 0.10874 0.03972 0.85155 ( 4)
 121 S   0.00000 0.26348 0.00003 0.73649 ( 4)
 122 F   0.99625 0.00010 0.00365 0.00000 ( 1)
 123 K   0.00000 0.64926 0.00003 0.35071 ( 2)
 124 Y   0.99997 0.00003 0.00000 0.00000 ( 1)
 125 L   0.00014 0.29962 0.06615 0.63409 ( 4)
 126 D   0.00750 0.73614 0.14357 0.11279 ( 2)
 127 I   0.90976 0.08894 0.00107 0.00024 ( 1)
 128 F   0.02680 0.97270 0.00000 0.00049 ( 2)
 129 T   0.86023 0.13977 0.00000 0.00000 ( 1)
 130 M   0.01526 0.98474 0.00000 0.00000 ( 2)
 131 P   0.03387 0.96612 0.00000 0.00001 ( 2)
 132 A   0.00018 0.99982 0.00000 0.00000 ( 2)
 133 -   0.26925 0.47028 0.09483 0.16564 ( 2)
 134 -   0.32266 0.41687 0.11365 0.14683 ( 2)
 135 -   0.32639 0.41314 0.11496 0.14551 ( 2)
 136 -   0.01636 0.72317 0.00576 0.25471 ( 2)
 137 -   0.51298 0.22655 0.18068 0.07979 ( 1)
 138 E   0.00002 0.99960 0.00000 0.00038 ( 2)
 139 D   0.00144 0.99845 0.00000 0.00010 ( 2)
 140 Y   0.00000 0.81820 0.00012 0.18167 ( 2)
 141 T   0.00000 0.99897 0.00000 0.00103 ( 2)
 142 F   0.90018 0.09982 0.00000 0.00000 ( 1)
 143 N   0.27368 0.72628 0.00001 0.00003 ( 2)
 144 L   0.25929 0.74063 0.00002 0.00006 ( 2)
 145 T   0.00032 0.99968 0.00000 0.00000 ( 2)
 146 I   0.97647 0.02352 0.00000 0.00000 ( 1)
 147 D   0.00005 0.98990 0.00005 0.01000 ( 2)
 148 -   0.30494 0.43459 0.10741 0.15307 ( 2)
 149 -   0.30134 0.43819 0.10614 0.15434 ( 2)
 150 -   0.29058 0.44894 0.10235 0.15812 ( 2)
 151 L   0.70070 0.29930 0.00000 0.00000 ( 1)
 152 E   0.00000 0.83973 0.00000 0.16027 ( 2)
 153 S   0.00000 0.75193 0.00000 0.24806 ( 2)
 154 G   0.00005 0.57346 0.03091 0.39558 ( 2)
 155 G   0.00000 0.00001 0.00061 0.99938 ( 4)
 156 A   0.00000 0.78518 0.00000 0.21482 ( 2)
 157 L   0.03006 0.96739 0.00146 0.00109 ( 2)
 158 Y   0.00000 0.05929 0.10853 0.83217 ( 4)
 159 I   0.11351 0.88381 0.00176 0.00092 ( 2)
 160 D   0.99898 0.00075 0.00027 0.00000 ( 1)
 161 K   0.99998 0.00002 0.00000 0.00000 ( 1)
 162 I   0.24661 0.75238 0.00070 0.00031 ( 2)
 163 E   0.99991 0.00007 0.00002 0.00000 ( 1)
 164 F   0.74405 0.25520 0.00072 0.00003 ( 1)
 165 -   0.51305 0.00075 0.48606 0.00014 ( 1)
 166 -   0.74142 0.23248 0.01707 0.00902 ( 1)


lnL = -6346.785833

