Supplemental results for CODEML (seqf: algn  treef: tree)


dN/dS (w) for site classes (K=4)

site class             0        1       2a       2b
proportion       0.46532  0.50142  0.01601  0.01725
background w     0.02475  0.31646  0.02475  0.31646
foreground w     0.02475  0.31646 17.48958 17.48958

Naive Empirical Bayes (NEB) probabilities for 4 classes
(amino acids refer to 1st sequence: BT_Cry1Ca11)

   1 -   0.00242 0.96432 0.00008 0.03318 ( 2)
   2 -   0.86405 0.10268 0.02973 0.00353 ( 1)
   3 -   0.30637 0.66037 0.01054 0.02272 ( 2)
   4 G   0.01592 0.98335 0.00001 0.00073 ( 2)
   5 Q   0.91859 0.07959 0.00166 0.00015 ( 1)
   6 L   0.86217 0.13502 0.00242 0.00040 ( 1)
   7 T   0.95243 0.04638 0.00113 0.00006 ( 1)
   8 R   0.86142 0.13384 0.00409 0.00066 ( 1)
   9 E   0.96268 0.03634 0.00095 0.00004 ( 1)
  10 V   0.07838 0.91821 0.00021 0.00321 ( 2)
  11 Y   0.96881 0.03038 0.00078 0.00003 ( 1)
  12 T   0.02651 0.96476 0.00023 0.00850 ( 2)
  13 D   0.94509 0.04890 0.00571 0.00030 ( 1)
  14 P   0.74350 0.25506 0.00105 0.00039 ( 1)
  15 L   0.88617 0.11114 0.00238 0.00031 ( 1)
  16 I   0.01328 0.98605 0.00001 0.00066 ( 2)
  17 N   0.01546 0.98075 0.00005 0.00374 ( 2)
  18 F   0.14220 0.85727 0.00007 0.00046 ( 2)
  19 N   0.98592 0.01366 0.00041 0.00001 ( 1)
  20 P   0.05922 0.93928 0.00008 0.00142 ( 2)
  21 Q   0.00027 0.99178 0.00000 0.00794 ( 2)
  22 L   0.90311 0.09420 0.00243 0.00027 ( 1)
  23 Q   0.00048 0.99154 0.00000 0.00797 ( 2)
  24 S   0.72386 0.27539 0.00053 0.00022 ( 1)
  25 V   0.00618 0.99259 0.00001 0.00122 ( 2)
  26 A   0.60264 0.39668 0.00039 0.00029 ( 1)
  27 Q   0.02708 0.97101 0.00005 0.00186 ( 2)
  28 L   0.08091 0.91628 0.00022 0.00259 ( 2)
  29 P   0.96262 0.03665 0.00070 0.00003 ( 1)
  30 T   0.57423 0.42504 0.00040 0.00033 ( 1)
  31 F   0.97570 0.02382 0.00047 0.00001 ( 1)
  32 N   0.00552 0.98927 0.00003 0.00518 ( 2)
  33 V   0.16162 0.83767 0.00011 0.00061 ( 2)
  34 M   0.06628 0.93260 0.00007 0.00105 ( 2)
  35 E   0.94978 0.04315 0.00676 0.00031 ( 1)
  36 S   0.72590 0.26866 0.00393 0.00151 ( 1)
  37 S   0.00335 0.87687 0.00540 0.11438 ( 2)
  38 A   0.09899 0.89968 0.00013 0.00120 ( 2)
  39 I   0.98006 0.01935 0.00057 0.00001 ( 1)
  40 R   0.95555 0.04333 0.00107 0.00005 ( 1)
  41 N   0.08334 0.85600 0.03641 0.02425 ( 2)
  42 P   0.96458 0.03469 0.00070 0.00003 ( 1)
  43 H   0.97855 0.02089 0.00055 0.00001 ( 1)
  44 L   0.86636 0.13092 0.00235 0.00037 ( 1)
  45 F   0.01272 0.98669 0.00001 0.00059 ( 2)
  46 D   0.44011 0.55941 0.00019 0.00028 ( 2)
  47 I   0.11513 0.84244 0.02484 0.01760 ( 2)
  48 L   0.87319 0.11952 0.00639 0.00090 ( 1)
  49 N   0.13750 0.86201 0.00006 0.00043 ( 2)
  50 N   0.00186 0.99761 0.00000 0.00052 ( 2)
  51 L   0.46041 0.53884 0.00033 0.00042 ( 2)
  52 T   0.94393 0.05488 0.00112 0.00007 ( 1)
  53 I   0.94771 0.04477 0.00715 0.00036 ( 1)
  54 F   0.65209 0.34736 0.00034 0.00020 ( 1)
  55 T   0.94349 0.04888 0.00724 0.00039 ( 1)
  56 D   0.97715 0.02240 0.00043 0.00001 ( 1)
  57 W   0.57812 0.41395 0.00457 0.00336 ( 1)
  58 F   0.18364 0.81580 0.00009 0.00046 ( 2)
  59 S   0.19269 0.80685 0.00008 0.00038 ( 2)
  60 V   0.37921 0.62013 0.00024 0.00043 ( 2)
  61 G   0.52690 0.47128 0.00093 0.00089 ( 1)
  62 R   0.43684 0.55061 0.00550 0.00705 ( 2)
  63 N   0.53712 0.46141 0.00072 0.00074 ( 1)
  64 F   0.00027 0.99918 0.00000 0.00055 ( 2)
  65 Y   0.67611 0.32307 0.00054 0.00028 ( 1)
  66 W   0.77004 0.22208 0.00609 0.00180 ( 1)
  67 G   0.93273 0.06549 0.00165 0.00012 ( 1)
  68 G   0.88322 0.11500 0.00157 0.00022 ( 1)
  69 H   0.94158 0.05786 0.00053 0.00004 ( 1)
  70 R   0.10276 0.89217 0.00051 0.00456 ( 2)
  71 V   0.48511 0.51371 0.00055 0.00063 ( 2)
  72 I   0.00062 0.99832 0.00000 0.00106 ( 2)
  73 S   0.64199 0.35726 0.00047 0.00029 ( 1)
  74 S   0.00119 0.76684 0.00473 0.22724 ( 2)
  75 L   0.05839 0.84868 0.04410 0.04883 ( 2)
  76 I   0.10121 0.89777 0.00009 0.00092 ( 2)
  77 G   0.93273 0.06549 0.00165 0.00012 ( 1)
  78 G   0.04757 0.95059 0.00008 0.00176 ( 2)
  79 G   0.00070 0.99853 0.00000 0.00077 ( 2)
  80 N   0.66233 0.33261 0.00333 0.00173 ( 1)
  81 -   0.53148 0.43525 0.01829 0.01498 ( 1)
  82 -   0.51073 0.45601 0.01757 0.01569 ( 1)
  83 I   0.97030 0.02880 0.00087 0.00003 ( 1)
  84 T   0.00279 0.99590 0.00000 0.00130 ( 2)
  85 S   0.44224 0.55699 0.00032 0.00045 ( 2)
  86 P   0.97115 0.02812 0.00070 0.00002 ( 1)
  87 I   0.05307 0.94587 0.00005 0.00101 ( 2)
  88 Y   0.95605 0.04314 0.00077 0.00004 ( 1)
  89 G   0.93564 0.06258 0.00166 0.00012 ( 1)
  90 R   0.52412 0.47472 0.00059 0.00057 ( 1)
  91 E   0.91113 0.08337 0.00502 0.00047 ( 1)
  92 A   0.04320 0.94764 0.00039 0.00877 ( 2)
  93 N   0.66652 0.32754 0.00396 0.00197 ( 1)
  94 Q   0.00430 0.98776 0.00003 0.00790 ( 2)
  95 E   0.83490 0.15959 0.00460 0.00091 ( 1)
  96 P   0.00004 0.99912 0.00000 0.00084 ( 2)
  97 P   0.93665 0.06193 0.00132 0.00009 ( 1)
  98 R   0.04009 0.95871 0.00004 0.00115 ( 2)
  99 S   0.00000 0.99180 0.00000 0.00819 ( 2)
 100 F   0.12326 0.87621 0.00006 0.00047 ( 2)
 101 T   0.00027 0.99884 0.00000 0.00089 ( 2)
 102 F   0.01148 0.98799 0.00001 0.00053 ( 2)
 103 N   0.00544 0.99405 0.00000 0.00051 ( 2)
 104 G   0.03634 0.96115 0.00008 0.00242 ( 2)
 105 -   0.09378 0.87296 0.00323 0.03004 ( 2)
 106 -   0.11532 0.85142 0.00397 0.02929 ( 2)
 107 P   0.88820 0.10246 0.00833 0.00101 ( 1)
 108 V   0.73486 0.26367 0.00106 0.00041 ( 1)
 109 F   0.79289 0.20662 0.00038 0.00011 ( 1)
 110 R   0.43155 0.56363 0.00205 0.00277 ( 2)
 111 T   0.95479 0.04451 0.00066 0.00003 ( 1)
 112 L   0.92401 0.07330 0.00248 0.00021 ( 1)
 113 S   0.91407 0.08334 0.00236 0.00023 ( 1)
 114 N   0.01463 0.94249 0.00650 0.03639 ( 2)
 115 P   0.00667 0.99254 0.00000 0.00079 ( 2)
 116 T   0.96537 0.03394 0.00067 0.00003 ( 1)
 117 L   0.00289 0.98765 0.00004 0.00942 ( 2)
 118 R   0.40439 0.58281 0.00479 0.00802 ( 2)
 119 L   0.00000 0.20566 0.00001 0.79433 ( 4)
 120 L   0.00439 0.99278 0.00001 0.00281 ( 2)
 121 Q   0.00027 0.99179 0.00000 0.00793 ( 2)
 122 Q   0.08967 0.90843 0.00016 0.00174 ( 2)
 123 P   0.96119 0.03808 0.00070 0.00003 ( 1)
 124 W   0.00043 0.67320 0.00256 0.32382 ( 2)
 125 P   0.10357 0.52264 0.26367 0.11012 ( 2)
 126 A   0.00007 0.00462 0.70447 0.29084 ( 3)
 127 P   0.00812 0.08586 0.60735 0.29867 ( 3)
 128 P   0.03528 0.24854 0.48009 0.23609 ( 3)
 129 F   0.79493 0.20458 0.00038 0.00011 ( 1)
 130 N   0.01612 0.98340 0.00001 0.00047 ( 2)
 131 L   0.47554 0.52171 0.00128 0.00147 ( 2)
 132 R   0.09429 0.90481 0.00008 0.00083 ( 2)
 133 G   0.05517 0.94407 0.00004 0.00072 ( 2)
 134 V   0.00576 0.93640 0.00384 0.05399 ( 2)
 135 E   0.91051 0.08850 0.00090 0.00009 ( 1)
 136 G   0.91964 0.07858 0.00163 0.00015 ( 1)
 137 V   0.93375 0.06510 0.00106 0.00008 ( 1)
 138 E   0.96268 0.03634 0.00095 0.00004 ( 1)
 139 F   0.95370 0.04582 0.00046 0.00002 ( 1)
 140 S   0.00421 0.99480 0.00000 0.00099 ( 2)
 141 T   0.00633 0.99238 0.00001 0.00128 ( 2)
 142 P   0.01165 0.98755 0.00001 0.00079 ( 2)
 143 T   0.00068 0.94122 0.00023 0.05787 ( 2)
 144 -   0.46532 0.50142 0.01601 0.01725 ( 2)
 145 N   0.00792 0.99154 0.00000 0.00054 ( 2)
 146 S   0.10904 0.88541 0.00059 0.00496 ( 2)
 147 F   0.00006 0.99940 0.00000 0.00054 ( 2)
 148 T   0.07970 0.91136 0.00071 0.00823 ( 2)
 149 Y   0.96881 0.03038 0.00078 0.00003 ( 1)
 150 R   0.94432 0.05078 0.00465 0.00026 ( 1)
 151 G   0.10901 0.88900 0.00021 0.00177 ( 2)
 152 R   0.60254 0.39631 0.00067 0.00048 ( 1)
 153 G   0.96177 0.03755 0.00065 0.00003 ( 1)
 154 T   0.00001 0.03297 0.04232 0.92470 ( 4)
 155 V   0.09498 0.90434 0.00006 0.00062 ( 2)
 156 D   0.98409 0.01547 0.00043 0.00001 ( 1)
 157 S   0.95853 0.04073 0.00070 0.00003 ( 1)
 158 L   0.14256 0.85457 0.00040 0.00247 ( 2)
 159 T   0.00882 0.99034 0.00001 0.00083 ( 2)
 160 E   0.89543 0.10175 0.00250 0.00032 ( 1)
 161 L   0.89196 0.10534 0.00240 0.00030 ( 1)
 162 P   0.85380 0.13624 0.00857 0.00140 ( 1)
 163 P   0.96784 0.03143 0.00070 0.00002 ( 1)
 164 E   0.00127 0.99301 0.00001 0.00572 ( 2)
 165 D   0.21585 0.78366 0.00010 0.00040 ( 2)
 166 N   0.00002 0.99942 0.00000 0.00056 ( 2)
 167 S   0.00968 0.98982 0.00000 0.00050 ( 2)
 168 V   0.39816 0.59270 0.00361 0.00553 ( 2)
 169 P   0.07322 0.92516 0.00011 0.00151 ( 2)
 170 P   0.96784 0.03143 0.00070 0.00002 ( 1)
 171 R   0.00002 0.98733 0.00000 0.01264 ( 2)
 172 E   0.00339 0.99548 0.00000 0.00113 ( 2)
 173 G   0.04800 0.95011 0.00009 0.00181 ( 2)
 174 Y   0.96005 0.03915 0.00077 0.00003 ( 1)
 175 S   0.98593 0.01365 0.00041 0.00001 ( 1)
 176 H   0.88493 0.11450 0.00050 0.00007 ( 1)
 177 R   0.94927 0.04988 0.00080 0.00005 ( 1)
 178 L   0.89876 0.09855 0.00241 0.00028 ( 1)
 179 C   0.92269 0.07654 0.00070 0.00006 ( 1)
 180 H   0.97855 0.02089 0.00055 0.00001 ( 1)
 181 A   0.95876 0.04008 0.00111 0.00005 ( 1)
 182 T   0.92961 0.06970 0.00065 0.00005 ( 1)
 183 F   0.98363 0.01589 0.00047 0.00001 ( 1)
 184 V   0.46348 0.53586 0.00029 0.00037 ( 2)
 185 Q   0.04412 0.95391 0.00008 0.00190 ( 2)
 186 R   0.37071 0.62810 0.00042 0.00077 ( 2)
 187 S   0.15736 0.84185 0.00011 0.00067 ( 2)
 188 G   0.56114 0.43704 0.00100 0.00082 ( 1)
 189 T   0.04074 0.95718 0.00008 0.00201 ( 2)
 190 P   0.96094 0.03826 0.00077 0.00003 ( 1)
 191 F   0.00285 0.99658 0.00000 0.00057 ( 2)
 192 L   0.52327 0.47398 0.00141 0.00134 ( 1)
 193 T   0.14761 0.85110 0.00018 0.00112 ( 2)
 194 T   0.63856 0.36072 0.00044 0.00028 ( 1)
 195 G   0.92621 0.07312 0.00062 0.00005 ( 1)
 196 V   0.00000 0.70694 0.00000 0.29306 ( 2)
 197 V   0.52661 0.47220 0.00060 0.00058 ( 1)
 198 F   0.77588 0.22363 0.00037 0.00012 ( 1)
 199 S   0.71627 0.28298 0.00052 0.00023 ( 1)
 200 W   0.77004 0.22208 0.00609 0.00180 ( 1)
 201 T   0.93490 0.05658 0.00803 0.00050 ( 1)
 202 H   0.95948 0.03996 0.00054 0.00002 ( 1)
 203 R   0.96254 0.03661 0.00081 0.00003 ( 1)
 204 S   0.97246 0.02712 0.00041 0.00001 ( 1)


lnL = -2844.166106

