Supplemental results for CODEML (seqf: algn  treef: tree)


dN/dS (w) for site classes (K=4)

site class             0        1       2a       2b
proportion       0.12494  0.07900  0.48767  0.30839
background w     0.14934  1.54734  0.14934  1.54734
foreground w     0.14934  1.54734  0.00921  0.00921

Naive Empirical Bayes (NEB) probabilities for 4 classes
(amino acids refer to 1st sequence: BT_Cry7Aa1)

   1 -   0.12494 0.07900 0.48767 0.30839 ( 3)
   2 -   0.06812 0.17044 0.17884 0.58259 ( 4)
   3 -   0.16351 0.02155 0.68571 0.12923 ( 3)
   4 K   0.18575 0.00438 0.77652 0.03335 ( 3)
   5 I   0.16608 0.02211 0.67818 0.13363 ( 3)
   6 T   0.10917 0.07527 0.43860 0.37696 ( 3)
   7 K   0.05698 0.22814 0.09230 0.62258 ( 4)
   8 I   0.18739 0.00353 0.78250 0.02658 ( 3)
   9 P   0.18234 0.01463 0.72923 0.07380 ( 3)
  10 A   0.18707 0.00466 0.77483 0.03344 ( 3)
  11 V   0.18420 0.00672 0.76197 0.04712 ( 3)
  12 K   0.18752 0.00331 0.78399 0.02519 ( 3)
  13 M   0.12378 0.05167 0.50548 0.31906 ( 3)
  14 Y   0.18501 0.00733 0.75947 0.04819 ( 3)
  15 K   0.12422 0.26655 0.13048 0.47875 ( 4)
  16 L   0.17296 0.02070 0.69763 0.10870 ( 3)
  17 D   0.00042 0.96818 0.00001 0.03140 ( 2)
  18 D   0.00150 0.53143 0.00095 0.46611 ( 2)
  19 P   0.00152 0.19100 0.00598 0.80151 ( 4)
  20 S   0.06105 0.42673 0.05787 0.45435 ( 4)
  21 T   0.02754 0.11387 0.11348 0.74512 ( 4)
  22 V   0.61649 0.17719 0.16095 0.04536 ( 1)
  23 V   0.16222 0.02658 0.65816 0.15305 ( 3)
  24 K   0.18752 0.00331 0.78399 0.02519 ( 3)
  25 G   0.15695 0.02706 0.64231 0.17368 ( 3)
  26 P   0.18210 0.01082 0.74112 0.06596 ( 3)
  27 G   0.18448 0.00808 0.75529 0.05215 ( 3)
  28 F   0.12735 0.04355 0.52575 0.30335 ( 3)
  29 T   0.18688 0.00475 0.77447 0.03390 ( 3)
  30 G   0.18642 0.00576 0.76821 0.03961 ( 3)
  31 G   0.18448 0.00808 0.75529 0.05215 ( 3)
  32 D   0.18806 0.00229 0.79091 0.01873 ( 3)
  33 L   0.17754 0.01574 0.71780 0.08893 ( 3)
  34 V   0.18720 0.00423 0.77772 0.03085 ( 3)
  35 K   0.17371 0.01991 0.69946 0.10692 ( 3)
  36 R   0.18740 0.00438 0.77645 0.03178 ( 3)
  37 G   0.15094 0.04607 0.59667 0.20632 ( 3)
  38 S   0.18833 0.00273 0.78724 0.02170 ( 3)
  39 T   0.04762 0.08482 0.19905 0.66850 ( 4)
  40 G   0.18652 0.00563 0.76887 0.03898 ( 3)
  41 Y   0.02073 0.12467 0.08456 0.77004 ( 4)
  42 I   0.18729 0.00375 0.78106 0.02789 ( 3)
  43 G   0.18448 0.00808 0.75529 0.05215 ( 3)
  44 D   0.02569 0.14088 0.10307 0.73037 ( 4)
  45 I   0.15554 0.45953 0.09538 0.28956 ( 2)
  46 K   0.08873 0.08792 0.35641 0.46695 ( 4)
  47 A   0.12860 0.04134 0.53417 0.29589 ( 3)
  48 T   0.15623 0.03978 0.61964 0.18435 ( 3)
  49 V   0.18658 0.00518 0.77189 0.03635 ( 3)
  50 N   0.17398 0.01969 0.69999 0.10634 ( 3)
  51 S   0.17629 0.01713 0.71152 0.09505 ( 3)
  52 P   0.18059 0.01249 0.73295 0.07398 ( 3)
  53 L   0.18417 0.00847 0.75321 0.05415 ( 3)
  54 S   0.18380 0.00884 0.75130 0.05606 ( 3)
  55 Q   0.17958 0.01358 0.72772 0.07911 ( 3)
  56 K   0.14784 0.02715 0.61808 0.20693 ( 3)
  57 Y   0.18501 0.00733 0.75947 0.04819 ( 3)
  58 R   0.09097 0.07421 0.37141 0.46341 ( 4)
  59 V   0.18012 0.01886 0.71407 0.08695 ( 3)
  60 R   0.18740 0.00438 0.77645 0.03178 ( 3)
  61 V   0.18720 0.00423 0.77772 0.03085 ( 3)
  62 R   0.16348 0.03143 0.65153 0.15356 ( 3)
  63 Y   0.17279 0.01560 0.70923 0.10239 ( 3)
  64 A   0.15502 0.04142 0.61405 0.18951 ( 3)
  65 T   0.18742 0.00386 0.78008 0.02864 ( 3)
  66 N   0.14915 0.02397 0.62969 0.19719 ( 3)
  67 V   0.13620 0.03618 0.56580 0.26182 ( 3)
  68 S   0.11433 0.05699 0.46733 0.36136 ( 3)
  69 G   0.18191 0.00983 0.74478 0.06347 ( 3)
  70 Q   0.08138 0.08630 0.32976 0.50256 ( 4)
  71 F   0.07016 0.09740 0.28366 0.54878 ( 4)
  72 N   0.00389 0.17981 0.01538 0.80092 ( 4)
  73 V   0.15398 0.04243 0.60985 0.19373 ( 3)
  74 Y   0.00036 0.11436 0.00149 0.88379 ( 4)
  75 I   0.18739 0.00353 0.78250 0.02658 ( 3)
  76 N   0.14519 0.02894 0.60557 0.22029 ( 3)
  77 D   0.15237 0.02446 0.63661 0.18656 ( 3)
  78 K   0.13884 0.03273 0.58046 0.24797 ( 3)
  79 I   0.00205 0.17987 0.00809 0.80999 ( 4)
  80 T   0.08858 0.06715 0.36703 0.47724 ( 4)
  81 L   0.18417 0.00847 0.75321 0.05415 ( 3)
  82 Q   0.01087 0.17895 0.04279 0.76739 ( 4)
  83 T   0.00446 0.11378 0.01866 0.86310 ( 4)
  84 K   0.00066 0.57402 0.00021 0.42511 ( 2)
  85 F   0.18851 0.01055 0.75021 0.05073 ( 3)
  86 Q   0.11019 0.05163 0.45878 0.37940 ( 3)
  87 N   0.02230 0.60190 0.00974 0.36607 ( 2)
  88 T   0.18533 0.00515 0.77133 0.03819 ( 3)
  89 V   0.12155 0.04700 0.50285 0.32860 ( 3)
  90 E   0.03317 0.09907 0.13811 0.72965 ( 4)
  91 T   0.18688 0.00475 0.77447 0.03390 ( 3)
  92 I   0.18729 0.00375 0.78106 0.02789 ( 3)
  93 G   0.18652 0.00563 0.76887 0.03898 ( 3)
  94 E   0.18749 0.00377 0.78064 0.02810 ( 3)
  95 G   0.18448 0.00808 0.75529 0.05215 ( 3)
  96 K   0.13735 0.03366 0.57420 0.25480 ( 3)
  97 D   0.01508 0.10035 0.06343 0.82114 ( 4)
  98 L   0.08734 0.08414 0.35313 0.47539 ( 4)
  99 T   0.00601 0.17222 0.02384 0.79793 ( 4)
 100 -   0.12494 0.07900 0.48767 0.30839 ( 3)
 101 Y   0.02285 0.11665 0.09379 0.76671 ( 4)
 102 G   0.00272 0.11027 0.01144 0.87556 ( 4)
 103 S   0.01245 0.14313 0.05024 0.79418 ( 4)
 104 F   0.02621 0.10821 0.10822 0.75735 ( 4)
 105 G   0.02249 0.11878 0.09210 0.76663 ( 4)
 106 Y   0.18501 0.00733 0.75947 0.04819 ( 3)
 107 I   0.00294 0.11735 0.01225 0.86746 ( 4)
 108 E   0.18593 0.00472 0.77415 0.03520 ( 3)
 109 Y   0.18501 0.00733 0.75947 0.04819 ( 3)
 110 S   0.18380 0.00884 0.75130 0.05606 ( 3)
 111 T   0.15470 0.04158 0.61298 0.19074 ( 3)
 112 T   0.15514 0.03098 0.63091 0.18296 ( 3)
 113 I   0.18739 0.00353 0.78250 0.02658 ( 3)
 114 Q   0.17958 0.01358 0.72772 0.07911 ( 3)
 115 F   0.12811 0.04288 0.52890 0.30011 ( 3)
 116 P   0.00029 0.18978 0.00113 0.80880 ( 4)
 117 D   0.00248 0.10691 0.01049 0.88012 ( 4)
 118 -   0.12494 0.07900 0.48767 0.30839 ( 3)
 119 E   0.16881 0.02543 0.67565 0.13011 ( 3)
 120 H   0.18427 0.00700 0.75996 0.04878 ( 3)
 121 P   0.18059 0.01249 0.73295 0.07398 ( 3)
 122 -   0.12494 0.07900 0.48767 0.30839 ( 3)
 123 K   0.14647 0.02798 0.61235 0.21320 ( 3)
 124 I   0.16485 0.01750 0.68751 0.13014 ( 3)
 125 T   0.13005 0.04704 0.53065 0.29226 ( 3)
 126 L   0.00218 0.13389 0.00890 0.85503 ( 4)
 127 H   0.00020 0.12151 0.00081 0.87748 ( 4)
 128 L   0.09521 0.07815 0.38494 0.44169 ( 4)
 129 -   0.12494 0.07900 0.48767 0.30839 ( 3)
 130 S   0.00003 0.15668 0.00012 0.84317 ( 4)
 131 D   0.02638 0.09945 0.11081 0.76336 ( 4)
 132 L   0.04734 0.13648 0.18761 0.62857 ( 4)
 133 S   0.18442 0.01339 0.73587 0.06633 ( 3)
 134 N   0.00030 0.13162 0.00122 0.86687 ( 4)
 135 N   0.04637 0.09390 0.19242 0.66731 ( 4)
 136 S   0.01278 0.12949 0.05219 0.80554 ( 4)
 137 S   0.01407 0.13443 0.05712 0.79438 ( 4)
 138 F   0.12480 0.04500 0.51524 0.31495 ( 3)
 139 Y   0.18501 0.00733 0.75947 0.04819 ( 3)
 140 V   0.00165 0.11993 0.00689 0.87153 ( 4)
 141 D   0.00933 0.10361 0.03924 0.84782 ( 4)
 142 S   0.00158 0.32542 0.00519 0.66781 ( 4)
 143 I   0.16485 0.01750 0.68751 0.13014 ( 3)
 144 E   0.18749 0.00377 0.78064 0.02810 ( 3)
 145 F   0.18851 0.01055 0.75021 0.05073 ( 3)
 146 I   0.16485 0.01750 0.68751 0.13014 ( 3)
 147 P   0.17642 0.02752 0.68864 0.10742 ( 3)


lnL = -1466.041822

