Supplemental results for CODEML (seqf: algn  treef: tree)


dN/dS (w) for site classes (K=4)

site class             0        1       2a       2b
proportion       0.70954  0.26137  0.02126  0.00783
background w     0.14107  1.00000  0.14107  1.00000
foreground w     0.14107  1.00000  3.79779  3.79779

Naive Empirical Bayes (NEB) probabilities for 4 classes
(amino acids refer to 1st sequence: BT_Cry3Aa10)

   1 E   0.98309 0.01328 0.00354 0.00009 ( 1)
   2 V   0.98879 0.01023 0.00095 0.00004 ( 1)
   3 K   0.47137 0.52564 0.00053 0.00246 ( 2)
   4 T   0.96898 0.02886 0.00199 0.00017 ( 1)
   5 E   0.99737 0.00167 0.00095 0.00001 ( 1)
   6 L   0.98758 0.00797 0.00437 0.00007 ( 1)
   7 T   0.99655 0.00201 0.00143 0.00001 ( 1)
   8 R   0.99855 0.00072 0.00073 0.00000 ( 1)
   9 D   0.93796 0.05979 0.00198 0.00027 ( 1)
  10 V   0.96645 0.01916 0.01423 0.00016 ( 1)
  11 L   0.89204 0.09099 0.01624 0.00073 ( 1)
  12 T   0.99512 0.00246 0.00240 0.00002 ( 1)
  13 D   0.99875 0.00046 0.00078 0.00000 ( 1)
  14 P   0.99725 0.00157 0.00117 0.00001 ( 1)
  15 I   0.99770 0.00124 0.00106 0.00001 ( 1)
  16 -   0.92421 0.04669 0.02769 0.00140 ( 1)
  17 -   0.90797 0.06293 0.02721 0.00189 ( 1)
  18 V   0.19970 0.78257 0.00683 0.01090 ( 2)
  19 G   0.23749 0.23636 0.50322 0.02292 ( 3)
  20 V   0.75970 0.08661 0.15018 0.00351 ( 1)
  21 N   0.99739 0.00135 0.00125 0.00001 ( 1)
  22 N   0.24753 0.35318 0.37352 0.02577 ( 3)
  23 L   0.04486 0.95167 0.00005 0.00342 ( 2)
  24 R   0.22542 0.67725 0.06324 0.03409 ( 2)
  25 -   0.91846 0.05245 0.02752 0.00157 ( 1)
  26 -   0.90799 0.06291 0.02721 0.00189 ( 1)
  27 -   0.94021 0.03070 0.02817 0.00092 ( 1)
  28 -   0.79545 0.17546 0.02384 0.00526 ( 1)
  29 -   0.91846 0.05245 0.02752 0.00157 ( 1)
  30 -   0.60439 0.36652 0.01811 0.01098 ( 1)
  31 G   0.57099 0.18923 0.23031 0.00947 ( 1)
  32 Y   0.95322 0.04557 0.00103 0.00018 ( 1)
  33 G   0.99446 0.00455 0.00097 0.00001 ( 1)
  34 T   0.07060 0.91085 0.00353 0.01502 ( 2)
  35 T   0.09191 0.90395 0.00015 0.00399 ( 2)
  36 F   0.99363 0.00480 0.00155 0.00002 ( 1)
  37 S   0.04672 0.88780 0.01227 0.05321 ( 2)
  38 N   0.00859 0.98445 0.00008 0.00687 ( 2)
  39 I   0.99813 0.00070 0.00117 0.00000 ( 1)
  40 E   0.97913 0.01986 0.00094 0.00008 ( 1)
  41 N   0.99452 0.00306 0.00240 0.00002 ( 1)
  42 -   0.10876 0.86215 0.00326 0.02583 ( 2)
  43 Y   0.06357 0.92265 0.00205 0.01173 ( 2)
  44 I   0.97910 0.01971 0.00110 0.00009 ( 1)
  45 R   0.40418 0.59072 0.00144 0.00366 ( 2)
  46 K   0.96822 0.03055 0.00108 0.00014 ( 1)
  47 P   0.84945 0.14860 0.00133 0.00063 ( 1)
  48 H   0.04237 0.95519 0.00002 0.00241 ( 2)
  49 L   0.85131 0.14394 0.00352 0.00123 ( 1)
  50 F   0.99856 0.00069 0.00074 0.00000 ( 1)
  51 D   0.97875 0.02004 0.00113 0.00008 ( 1)
  52 Y   0.75737 0.24087 0.00082 0.00094 ( 1)
  53 L   0.69115 0.30195 0.00408 0.00281 ( 1)
  54 H   0.02973 0.86952 0.03578 0.06497 ( 2)
  55 R   0.00107 0.98373 0.00001 0.01519 ( 2)
  56 I   0.83553 0.16285 0.00088 0.00074 ( 1)
  57 Q   0.00966 0.98009 0.00024 0.01001 ( 2)
  58 F   0.97828 0.02093 0.00073 0.00006 ( 1)
  59 H   0.00267 0.99352 0.00000 0.00381 ( 2)
  60 T   0.13893 0.85096 0.00098 0.00913 ( 2)
  61 R   0.82308 0.17410 0.00193 0.00088 ( 1)
  62 F   0.00001 0.98574 0.00000 0.01425 ( 2)
  63 R   0.04290 0.93148 0.00349 0.02213 ( 2)
  64 P   0.20935 0.78816 0.00019 0.00230 ( 2)
  65 G   0.80874 0.18871 0.00142 0.00113 ( 1)
  66 -   0.70954 0.26137 0.02126 0.00783 ( 1)
  67 Y   0.29280 0.69858 0.00172 0.00690 ( 2)
  68 Y   0.00141 0.97029 0.00015 0.02815 ( 2)
  69 G   0.35234 0.64192 0.00125 0.00449 ( 2)
  70 N   0.63988 0.34778 0.00896 0.00339 ( 1)
  71 D   0.96048 0.03826 0.00111 0.00016 ( 1)
  72 S   0.00203 0.99442 0.00000 0.00355 ( 2)
  73 F   0.79765 0.19800 0.00307 0.00129 ( 1)
  74 N   0.97976 0.01919 0.00095 0.00010 ( 1)
  75 Y   0.99100 0.00790 0.00107 0.00003 ( 1)
  76 W   0.89715 0.09566 0.00625 0.00095 ( 1)
  77 S   0.12765 0.86777 0.00023 0.00435 ( 2)
  78 G   0.99876 0.00058 0.00065 0.00000 ( 1)
  79 N   0.99570 0.00332 0.00097 0.00002 ( 1)
  80 Y   0.99570 0.00321 0.00108 0.00001 ( 1)
  81 V   0.99751 0.00073 0.00175 0.00000 ( 1)
  82 S   0.01221 0.91421 0.01914 0.05444 ( 2)
  83 T   0.99819 0.00062 0.00118 0.00000 ( 1)
  84 R   0.94703 0.05214 0.00069 0.00015 ( 1)
  85 P   0.84144 0.15683 0.00113 0.00061 ( 1)
  86 S   0.99210 0.00683 0.00105 0.00002 ( 1)
  87 I   0.86711 0.13128 0.00101 0.00060 ( 1)
  88 G   0.36303 0.63473 0.00035 0.00189 ( 2)
  89 S   0.89501 0.10284 0.00163 0.00053 ( 1)
  90 N   0.04358 0.92950 0.00306 0.02386 ( 2)
  91 D   0.05614 0.69574 0.16226 0.08586 ( 2)
  92 I   0.35047 0.63608 0.00706 0.00639 ( 2)
  93 I   0.98344 0.01264 0.00383 0.00009 ( 1)
  94 T   0.84053 0.15459 0.00314 0.00174 ( 1)
  95 S   0.89411 0.10173 0.00339 0.00077 ( 1)
  96 P   0.96074 0.03801 0.00113 0.00012 ( 1)
  97 F   0.93097 0.06729 0.00146 0.00028 ( 1)
  98 Y   0.99840 0.00052 0.00108 0.00000 ( 1)
  99 G   0.99817 0.00086 0.00097 0.00000 ( 1)
 100 N   0.71349 0.27765 0.00680 0.00205 ( 1)
 101 K   0.89628 0.10223 0.00100 0.00048 ( 1)
 102 S   0.99573 0.00284 0.00141 0.00001 ( 1)
 103 S   0.39394 0.52932 0.05933 0.01740 ( 2)
 104 E   0.06761 0.92630 0.00013 0.00597 ( 2)
 105 P   0.31505 0.68184 0.00041 0.00270 ( 2)
 106 V   0.64428 0.31311 0.03593 0.00668 ( 1)
 107 Q   0.25347 0.74388 0.00030 0.00235 ( 2)
 108 N   0.05872 0.92715 0.00169 0.01244 ( 2)
 109 -   0.92579 0.04512 0.02774 0.00135 ( 1)
 110 -   0.92537 0.04554 0.02773 0.00136 ( 1)
 111 -   0.88379 0.08711 0.02648 0.00261 ( 1)
 112 -   0.85919 0.11172 0.02575 0.00335 ( 1)
 113 L   0.99182 0.00375 0.00439 0.00003 ( 1)
 114 E   0.01305 0.77900 0.13254 0.07541 ( 2)
 115 F   0.98325 0.01597 0.00073 0.00005 ( 1)
 116 N   0.98579 0.00374 0.01044 0.00003 ( 1)
 117 G   0.94890 0.04991 0.00102 0.00016 ( 1)
 118 E   0.89273 0.07576 0.03055 0.00096 ( 1)
 119 K   0.99280 0.00606 0.00111 0.00003 ( 1)
 120 V   0.51531 0.48194 0.00079 0.00197 ( 1)
 121 Y   0.96103 0.03737 0.00142 0.00018 ( 1)
 122 R   0.94797 0.04520 0.00620 0.00063 ( 1)
 123 A   0.16822 0.81963 0.00352 0.00862 ( 2)
 124 V   0.96760 0.01418 0.01808 0.00013 ( 1)
 125 A   0.99038 0.00810 0.00147 0.00004 ( 1)
 126 N   0.95996 0.03891 0.00093 0.00020 ( 1)
 127 T   0.36437 0.62995 0.00093 0.00475 ( 2)
 128 N   0.95409 0.00886 0.03690 0.00015 ( 1)
 129 L   0.25817 0.26365 0.45660 0.02159 ( 3)
 130 A   0.99065 0.00316 0.00617 0.00003 ( 1)
 131 V   0.84206 0.13041 0.02594 0.00158 ( 1)
 132 W   0.15103 0.11260 0.72106 0.01531 ( 3)
 133 P   0.86859 0.12280 0.00721 0.00140 ( 1)
 134 -   0.00185 0.91368 0.00514 0.07933 ( 2)
 135 -   0.84913 0.12178 0.02544 0.00365 ( 1)
 136 -   0.86672 0.10419 0.02597 0.00312 ( 1)
 137 -   0.70649 0.26442 0.02117 0.00792 ( 1)
 138 -   0.70954 0.26137 0.02126 0.00783 ( 1)
 139 S   0.01543 0.83828 0.05177 0.09452 ( 2)
 140 A   0.06473 0.90692 0.00278 0.02557 ( 2)
 141 V   0.38938 0.57632 0.02185 0.01246 ( 2)
 142 Y   0.85026 0.14781 0.00126 0.00067 ( 1)
 143 S   0.21378 0.55124 0.20879 0.02620 ( 2)
 144 G   0.98174 0.01757 0.00064 0.00005 ( 1)
 145 V   0.98179 0.01720 0.00094 0.00007 ( 1)
 146 T   0.96044 0.03548 0.00378 0.00031 ( 1)
 147 K   0.98375 0.01508 0.00110 0.00007 ( 1)
 148 V   0.94303 0.05504 0.00165 0.00028 ( 1)
 149 E   0.00178 0.98777 0.00003 0.01043 ( 2)
 150 F   0.96079 0.03827 0.00081 0.00012 ( 1)
 151 S   0.95628 0.04286 0.00072 0.00014 ( 1)
 152 Q   0.97196 0.02665 0.00129 0.00009 ( 1)
 153 Y   0.99810 0.00072 0.00117 0.00000 ( 1)
 154 N   0.78867 0.20232 0.00752 0.00149 ( 1)
 155 D   0.99698 0.00223 0.00078 0.00001 ( 1)
 156 Q   0.92520 0.07280 0.00167 0.00033 ( 1)
 157 T   0.08092 0.91132 0.00025 0.00750 ( 2)
 158 D   0.95727 0.03337 0.00910 0.00025 ( 1)
 159 E   0.99710 0.00194 0.00095 0.00001 ( 1)
 160 A   0.02459 0.95903 0.00089 0.01549 ( 2)
 161 S   0.83582 0.16310 0.00055 0.00053 ( 1)
 162 T   0.99451 0.00404 0.00143 0.00002 ( 1)
 163 Q   0.99424 0.00456 0.00118 0.00001 ( 1)
 164 T   0.74769 0.24945 0.00154 0.00132 ( 1)
 165 Y   0.86008 0.13816 0.00118 0.00057 ( 1)
 166 D   0.96848 0.03028 0.00112 0.00012 ( 1)
 167 S   0.99578 0.00178 0.00243 0.00001 ( 1)
 168 K   0.86125 0.13714 0.00096 0.00064 ( 1)
 169 R   0.15342 0.84407 0.00011 0.00239 ( 2)
 170 N   0.77103 0.12327 0.10018 0.00552 ( 1)
 171 V   0.36845 0.52481 0.09604 0.01070 ( 2)
 172 G   0.92873 0.06471 0.00595 0.00062 ( 1)
 173 A   0.01526 0.60429 0.29008 0.09038 ( 2)
 174 V   0.14773 0.78948 0.02621 0.03658 ( 2)
 175 -   0.87940 0.04244 0.07598 0.00218 ( 1)
 176 -   0.88483 0.08608 0.02651 0.00258 ( 1)
 177 -   0.00862 0.96228 0.00026 0.02883 ( 2)
 178 -   0.71369 0.25722 0.02139 0.00771 ( 1)
 179 S   0.00780 0.94822 0.00179 0.04218 ( 2)
 180 W   0.00010 0.86129 0.00043 0.13818 ( 2)
 181 D   0.99831 0.00090 0.00078 0.00000 ( 1)
 182 S   0.99782 0.00101 0.00116 0.00000 ( 1)
 183 I   0.98985 0.00661 0.00349 0.00005 ( 1)
 184 D   0.99403 0.00361 0.00234 0.00002 ( 1)
 185 Q   0.99265 0.00616 0.00118 0.00002 ( 1)
 186 L   0.99107 0.00511 0.00379 0.00004 ( 1)
 187 P   0.99438 0.00303 0.00258 0.00002 ( 1)
 188 P   0.98214 0.01665 0.00115 0.00005 ( 1)
 189 E   0.79583 0.20158 0.00143 0.00116 ( 1)
 190 T   0.50658 0.49023 0.00073 0.00246 ( 1)
 191 T   0.88756 0.11061 0.00127 0.00056 ( 1)
 192 D   0.99893 0.00028 0.00078 0.00000 ( 1)
 193 E   0.32572 0.67133 0.00031 0.00264 ( 2)
 194 P   0.99294 0.00489 0.00214 0.00003 ( 1)
 195 P   0.94576 0.05227 0.00172 0.00025 ( 1)
 196 E   0.99145 0.00757 0.00095 0.00003 ( 1)
 197 -   0.90483 0.06608 0.02711 0.00198 ( 1)
 198 -   0.94021 0.03070 0.02817 0.00092 ( 1)
 199 -   0.78417 0.18674 0.02350 0.00560 ( 1)
 200 K   0.99283 0.00579 0.00136 0.00003 ( 1)
 201 G   0.97474 0.02171 0.00338 0.00018 ( 1)
 202 Y   0.99840 0.00052 0.00108 0.00000 ( 1)
 203 S   0.99601 0.00323 0.00075 0.00001 ( 1)
 204 H   0.99924 0.00019 0.00057 0.00000 ( 1)
 205 Q   0.95274 0.04310 0.00383 0.00032 ( 1)
 206 L   0.98813 0.00989 0.00194 0.00004 ( 1)
 207 N   0.99862 0.00040 0.00097 0.00000 ( 1)
 208 Y   0.97769 0.01613 0.00602 0.00016 ( 1)
 209 V   0.92487 0.04370 0.03084 0.00059 ( 1)
 210 M   0.02675 0.90128 0.03037 0.04159 ( 2)
 211 C   0.81396 0.18373 0.00152 0.00080 ( 1)
 212 F   0.98985 0.00646 0.00365 0.00004 ( 1)
 213 L   0.78323 0.21418 0.00159 0.00099 ( 1)
 214 M   0.25829 0.73982 0.00018 0.00170 ( 2)
 215 Q   0.32721 0.66590 0.00166 0.00523 ( 2)
 216 G   0.52812 0.44266 0.02203 0.00720 ( 1)
 217 S   0.71335 0.25992 0.02307 0.00366 ( 1)
 218 R   0.94679 0.00491 0.04811 0.00019 ( 1)
 219 -   0.70954 0.26137 0.02126 0.00783 ( 1)
 220 -   0.70954 0.26137 0.02126 0.00783 ( 1)
 221 -   0.70954 0.26137 0.02126 0.00783 ( 1)
 222 -   0.70954 0.26137 0.02126 0.00783 ( 1)
 223 -   0.70954 0.26137 0.02126 0.00783 ( 1)
 224 -   0.70954 0.26137 0.02126 0.00783 ( 1)
 225 -   0.70954 0.26137 0.02126 0.00783 ( 1)
 226 -   0.70954 0.26137 0.02126 0.00783 ( 1)
 227 G   0.99817 0.00086 0.00097 0.00000 ( 1)
 228 T   0.93726 0.06052 0.00186 0.00036 ( 1)
 229 I   0.99642 0.00209 0.00147 0.00001 ( 1)
 230 P   0.99789 0.00093 0.00117 0.00000 ( 1)
 231 V   0.86196 0.05349 0.08313 0.00142 ( 1)
 232 L   0.98707 0.01123 0.00164 0.00005 ( 1)
 233 T   0.98566 0.01311 0.00117 0.00006 ( 1)
 234 W   0.97847 0.01457 0.00681 0.00014 ( 1)
 235 T   0.99756 0.00100 0.00143 0.00001 ( 1)
 236 H   0.99924 0.00019 0.00057 0.00000 ( 1)
 237 K   0.25969 0.72994 0.00412 0.00625 ( 2)
 238 S   0.99903 0.00045 0.00052 0.00000 ( 1)


lnL = -3555.940802

Bayes Empirical Bayes (BEB) probabilities for 4 classes (class)
(amino acids refer to 1st sequence: BT_Cry3Aa10)

   1 E   0.98108 0.01284 0.00593 0.00015 ( 1)
   2 V   0.98863 0.00943 0.00187 0.00007 ( 1)
   3 K   0.52750 0.46745 0.00107 0.00398 ( 1)
   4 T   0.96867 0.02756 0.00349 0.00029 ( 1)
   5 E   0.99640 0.00172 0.00187 0.00001 ( 1)
   6 L   0.98533 0.00783 0.00673 0.00011 ( 1)
   7 T   0.99535 0.00206 0.00257 0.00002 ( 1)
   8 R   0.99763 0.00075 0.00162 0.00000 ( 1)
   9 D   0.94222 0.05343 0.00388 0.00047 ( 1)
  10 V   0.96104 0.01759 0.02113 0.00024 ( 1)
  11 L   0.89339 0.08050 0.02504 0.00108 ( 1)
  12 T   0.99340 0.00252 0.00405 0.00003 ( 1)
  13 D   0.99802 0.00049 0.00149 0.00000 ( 1)
  14 P   0.99584 0.00160 0.00255 0.00001 ( 1)
  15 I   0.99674 0.00129 0.00196 0.00001 ( 1)
  16 -   0.91533 0.04395 0.03882 0.00189 ( 1)
  17 -   0.90025 0.05903 0.03818 0.00254 ( 1)
  18 V   0.24183 0.73283 0.01092 0.01442 ( 2)
  19 G   0.23319 0.19403 0.54912 0.02366 ( 3)
  20 V   0.75164 0.07667 0.16792 0.00378 ( 1)
  21 N   0.99625 0.00141 0.00233 0.00001 ( 1)
  22 N   0.25681 0.29177 0.42492 0.02651 ( 3)
  23 L   0.05945 0.93362 0.00014 0.00679 ( 2)
  24 R   0.26000 0.61304 0.08728 0.03968 ( 2)
  25 -   0.90993 0.04935 0.03859 0.00213 ( 1)
  26 -   0.90027 0.05901 0.03818 0.00254 ( 1)
  27 -   0.93018 0.02910 0.03946 0.00125 ( 1)
  28 -   0.79586 0.16342 0.03369 0.00703 ( 1)
  29 -   0.90993 0.04935 0.03859 0.00213 ( 1)
  30 -   0.62545 0.33383 0.02641 0.01431 ( 1)
  31 G   0.57605 0.16525 0.24905 0.00964 ( 1)
  32 Y   0.95700 0.04064 0.00205 0.00032 ( 1)
  33 G   0.99338 0.00440 0.00218 0.00003 ( 1)
  34 T   0.08912 0.88553 0.00560 0.01975 ( 2)
  35 T   0.11935 0.87302 0.00035 0.00728 ( 2)
  36 F   0.99220 0.00475 0.00300 0.00004 ( 1)
  37 S   0.06093 0.84336 0.02193 0.07377 ( 2)
  38 N   0.01213 0.97662 0.00018 0.01106 ( 2)
  39 I   0.99710 0.00073 0.00216 0.00001 ( 1)
  40 E   0.97955 0.01847 0.00183 0.00014 ( 1)
  41 N   0.99297 0.00305 0.00394 0.00004 ( 1)
  42 -   0.12904 0.83024 0.00542 0.03530 ( 2)
  43 Y   0.08539 0.89465 0.00367 0.01629 ( 2)
  44 I   0.97954 0.01823 0.00207 0.00015 ( 1)
  45 R   0.45429 0.53730 0.00271 0.00570 ( 2)
  46 K   0.96947 0.02827 0.00201 0.00025 ( 1)
  47 P   0.86255 0.13362 0.00269 0.00114 ( 1)
  48 H   0.05900 0.93565 0.00008 0.00527 ( 2)
  49 L   0.86390 0.12882 0.00556 0.00173 ( 1)
  50 F   0.99767 0.00071 0.00161 0.00000 ( 1)
  51 D   0.97952 0.01813 0.00220 0.00015 ( 1)
  52 Y   0.78730 0.20941 0.00167 0.00162 ( 1)
  53 L   0.71868 0.27094 0.00646 0.00392 ( 1)
  54 H   0.03980 0.80758 0.06314 0.08948 ( 2)
  55 R   0.00163 0.97729 0.00003 0.02105 ( 2)
  56 I   0.85420 0.14293 0.00167 0.00119 ( 1)
  57 Q   0.01387 0.97053 0.00049 0.01511 ( 2)
  58 F   0.97917 0.01913 0.00158 0.00012 ( 1)
  59 H   0.00404 0.98848 0.00001 0.00747 ( 2)
  60 T   0.16969 0.81580 0.00173 0.01279 ( 2)
  61 R   0.83850 0.15636 0.00364 0.00149 ( 1)
  62 F   0.00002 0.98012 0.00000 0.01986 ( 2)
  63 R   0.05449 0.91151 0.00546 0.02854 ( 2)
  64 P   0.24377 0.75081 0.00051 0.00492 ( 2)
  65 G   0.82378 0.17206 0.00242 0.00174 ( 1)
  66 -   0.71575 0.24353 0.03026 0.01046 ( 1)
  67 Y   0.34615 0.64140 0.00301 0.00944 ( 2)
  68 Y   0.00217 0.96060 0.00028 0.03694 ( 2)
  69 G   0.40317 0.58751 0.00238 0.00694 ( 2)
  70 N   0.66979 0.31250 0.01304 0.00467 ( 1)
  71 D   0.96211 0.03544 0.00216 0.00029 ( 1)
  72 S   0.00292 0.99005 0.00001 0.00703 ( 2)
  73 F   0.81595 0.17683 0.00524 0.00198 ( 1)
  74 N   0.98054 0.01758 0.00172 0.00016 ( 1)
  75 Y   0.99059 0.00723 0.00212 0.00006 ( 1)
  76 W   0.90255 0.08700 0.00916 0.00129 ( 1)
  77 S   0.15970 0.83233 0.00050 0.00747 ( 2)
  78 G   0.99788 0.00060 0.00152 0.00000 ( 1)
  79 N   0.99500 0.00322 0.00175 0.00003 ( 1)
  80 Y   0.99485 0.00299 0.00213 0.00002 ( 1)
  81 V   0.99622 0.00076 0.00301 0.00001 ( 1)
  82 S   0.01732 0.89331 0.02764 0.06174 ( 2)
  83 T   0.99719 0.00065 0.00216 0.00001 ( 1)
  84 R   0.95169 0.04647 0.00154 0.00030 ( 1)
  85 P   0.86148 0.13509 0.00236 0.00108 ( 1)
  86 S   0.99123 0.00653 0.00219 0.00005 ( 1)
  87 I   0.88268 0.11446 0.00190 0.00097 ( 1)
  88 G   0.42078 0.57451 0.00090 0.00381 ( 2)
  89 S   0.90317 0.09292 0.00302 0.00088 ( 1)
  90 N   0.05786 0.90596 0.00511 0.03107 ( 2)
  91 D   0.06478 0.59845 0.23310 0.10368 ( 2)
  92 I   0.40264 0.57715 0.01144 0.00877 ( 2)
  93 I   0.98148 0.01209 0.00629 0.00014 ( 1)
  94 T   0.85873 0.13417 0.00482 0.00227 ( 1)
  95 S   0.90478 0.08847 0.00563 0.00112 ( 1)
  96 P   0.96105 0.03624 0.00246 0.00026 ( 1)
  97 F   0.93283 0.06382 0.00282 0.00053 ( 1)
  98 Y   0.99732 0.00054 0.00214 0.00000 ( 1)
  99 G   0.99692 0.00088 0.00219 0.00001 ( 1)
 100 N   0.74579 0.24038 0.01092 0.00291 ( 1)
 101 K   0.90861 0.08874 0.00188 0.00077 ( 1)
 102 S   0.99434 0.00285 0.00279 0.00002 ( 1)
 103 S   0.43097 0.46943 0.07930 0.02030 ( 2)
 104 E   0.08978 0.90047 0.00028 0.00947 ( 2)
 105 P   0.36850 0.62569 0.00095 0.00486 ( 2)
 106 V   0.67134 0.27160 0.04897 0.00809 ( 1)
 107 Q   0.30905 0.68540 0.00079 0.00476 ( 2)
 108 N   0.07709 0.90259 0.00298 0.01734 ( 2)
 109 -   0.91673 0.04255 0.03888 0.00183 ( 1)
 110 -   0.91640 0.04288 0.03887 0.00185 ( 1)
 111 -   0.87774 0.08154 0.03721 0.00351 ( 1)
 112 -   0.85495 0.10433 0.03623 0.00449 ( 1)
 113 L   0.98943 0.00375 0.00676 0.00005 ( 1)
 114 E   0.01748 0.72930 0.17180 0.08142 ( 2)
 115 F   0.98408 0.01424 0.00159 0.00009 ( 1)
 116 N   0.98056 0.00355 0.01584 0.00005 ( 1)
 117 G   0.95254 0.04489 0.00225 0.00032 ( 1)
 118 E   0.89282 0.06485 0.04114 0.00120 ( 1)
 119 K   0.99209 0.00580 0.00206 0.00005 ( 1)
 120 V   0.56575 0.42909 0.00168 0.00348 ( 1)
 121 Y   0.96281 0.03426 0.00262 0.00031 ( 1)
 122 R   0.95028 0.04004 0.00887 0.00081 ( 1)
 123 A   0.20764 0.77392 0.00615 0.01229 ( 2)
 124 V   0.96096 0.01298 0.02587 0.00019 ( 1)
 125 A   0.98941 0.00787 0.00264 0.00008 ( 1)
 126 N   0.96407 0.03393 0.00169 0.00031 ( 1)
 127 T   0.41933 0.57207 0.00171 0.00688 ( 2)
 128 N   0.94412 0.00823 0.04747 0.00019 ( 1)
 129 L   0.25438 0.20392 0.52003 0.02168 ( 3)
 130 A   0.98751 0.00319 0.00925 0.00005 ( 1)
 131 V   0.84999 0.11219 0.03581 0.00201 ( 1)
 132 W   0.15462 0.09734 0.73311 0.01494 ( 3)
 133 P   0.87881 0.10900 0.01037 0.00181 ( 1)
 134 -   0.00259 0.88896 0.00825 0.10020 ( 2)
 135 -   0.84725 0.11203 0.03590 0.00482 ( 1)
 136 -   0.86595 0.09333 0.03670 0.00402 ( 1)
 137 -   0.72563 0.23365 0.03068 0.01004 ( 1)
 138 -   0.71575 0.24353 0.03026 0.01046 ( 1)
 139 S   0.01918 0.79374 0.07264 0.11445 ( 2)
 140 A   0.07900 0.88474 0.00424 0.03202 ( 2)
 141 V   0.42672 0.52688 0.03078 0.01562 ( 2)
 142 Y   0.86167 0.13477 0.00240 0.00116 ( 1)
 143 S   0.23366 0.49806 0.23999 0.02829 ( 2)
 144 G   0.98150 0.01691 0.00149 0.00010 ( 1)
 145 V   0.98144 0.01658 0.00186 0.00012 ( 1)
 146 T   0.95960 0.03387 0.00606 0.00047 ( 1)
 147 K   0.98325 0.01459 0.00204 0.00013 ( 1)
 148 V   0.94417 0.05234 0.00299 0.00050 ( 1)
 149 E   0.00266 0.98165 0.00007 0.01562 ( 2)
 150 F   0.96356 0.03449 0.00172 0.00024 ( 1)
 151 S   0.95912 0.03909 0.00153 0.00027 ( 1)
 152 Q   0.97209 0.02496 0.00277 0.00019 ( 1)
 153 Y   0.99693 0.00075 0.00231 0.00001 ( 1)
 154 N   0.80910 0.17690 0.01186 0.00215 ( 1)
 155 D   0.99640 0.00210 0.00148 0.00002 ( 1)
 156 Q   0.93287 0.06331 0.00327 0.00055 ( 1)
 157 T   0.10111 0.88698 0.00050 0.01141 ( 2)
 158 D   0.95579 0.02976 0.01408 0.00037 ( 1)
 159 E   0.99627 0.00185 0.00187 0.00001 ( 1)
 160 A   0.03451 0.94218 0.00166 0.02165 ( 2)
 161 S   0.85833 0.13957 0.00117 0.00093 ( 1)
 162 T   0.99350 0.00390 0.00256 0.00004 ( 1)
 163 Q   0.99296 0.00439 0.00262 0.00003 ( 1)
 164 T   0.77697 0.21807 0.00287 0.00210 ( 1)
 165 Y   0.87152 0.12510 0.00234 0.00103 ( 1)
 166 D   0.97033 0.02727 0.00218 0.00022 ( 1)
 167 S   0.99384 0.00181 0.00434 0.00002 ( 1)
 168 K   0.88036 0.11681 0.00182 0.00101 ( 1)
 169 R   0.18967 0.80509 0.00030 0.00494 ( 2)
 170 N   0.75310 0.10382 0.13621 0.00687 ( 1)
 171 V   0.41387 0.45085 0.12329 0.01199 ( 2)
 172 G   0.93271 0.05758 0.00887 0.00083 ( 1)
 173 A   0.01862 0.53157 0.35366 0.09614 ( 2)
 174 V   0.17845 0.72953 0.04305 0.04897 ( 2)
 175 -   0.85979 0.03987 0.09768 0.00265 ( 1)
 176 -   0.87870 0.08058 0.03725 0.00347 ( 1)
 177 -   0.01130 0.94798 0.00047 0.04024 ( 2)
 178 -   0.72642 0.23286 0.03072 0.01000 ( 1)
 179 S   0.01072 0.93496 0.00283 0.05150 ( 2)
 180 W   0.00015 0.82825 0.00077 0.17083 ( 2)
 181 D   0.99761 0.00090 0.00149 0.00001 ( 1)
 182 S   0.99659 0.00104 0.00236 0.00001 ( 1)
 183 I   0.98782 0.00633 0.00577 0.00007 ( 1)
 184 D   0.99245 0.00358 0.00393 0.00004 ( 1)
 185 Q   0.99145 0.00589 0.00262 0.00004 ( 1)
 186 L   0.98872 0.00504 0.00618 0.00006 ( 1)
 187 P   0.99230 0.00303 0.00465 0.00003 ( 1)
 188 P   0.98232 0.01506 0.00251 0.00011 ( 1)
 189 E   0.81701 0.17866 0.00255 0.00178 ( 1)
 190 T   0.55699 0.43769 0.00141 0.00390 ( 1)
 191 T   0.89790 0.09890 0.00231 0.00089 ( 1)
 192 D   0.99821 0.00030 0.00149 0.00000 ( 1)
 193 E   0.38120 0.61350 0.00070 0.00461 ( 2)
 194 P   0.99127 0.00473 0.00395 0.00005 ( 1)
 195 P   0.94909 0.04715 0.00332 0.00044 ( 1)
 196 E   0.99114 0.00695 0.00186 0.00005 ( 1)
 197 -   0.89731 0.06197 0.03805 0.00267 ( 1)
 198 -   0.93018 0.02910 0.03946 0.00125 ( 1)
 199 -   0.78432 0.17496 0.03320 0.00752 ( 1)
 200 K   0.99187 0.00559 0.00249 0.00005 ( 1)
 201 G   0.97445 0.01989 0.00540 0.00026 ( 1)
 202 Y   0.99732 0.00054 0.00214 0.00000 ( 1)
 203 S   0.99521 0.00318 0.00159 0.00002 ( 1)
 204 H   0.99847 0.00020 0.00132 0.00000 ( 1)
 205 Q   0.95370 0.03952 0.00628 0.00049 ( 1)
 206 L   0.98640 0.00972 0.00379 0.00008 ( 1)
 207 N   0.99783 0.00041 0.00175 0.00000 ( 1)
 208 Y   0.97533 0.01545 0.00899 0.00023 ( 1)
 209 V   0.91838 0.03970 0.04115 0.00077 ( 1)
 210 M   0.03682 0.87208 0.04323 0.04787 ( 2)
 211 C   0.83463 0.16099 0.00300 0.00138 ( 1)
 212 F   0.98758 0.00623 0.00612 0.00007 ( 1)
 213 L   0.80807 0.18715 0.00311 0.00167 ( 1)
 214 M   0.31109 0.68438 0.00056 0.00397 ( 2)
 215 Q   0.37407 0.61541 0.00292 0.00760 ( 2)
 216 G   0.57688 0.38288 0.03149 0.00875 ( 1)
 217 S   0.73691 0.22686 0.03171 0.00453 ( 1)
 218 R   0.93544 0.00475 0.05958 0.00023 ( 1)
 219 -   0.71575 0.24353 0.03026 0.01046 ( 1)
 220 -   0.71575 0.24353 0.03026 0.01046 ( 1)
 221 -   0.71575 0.24353 0.03026 0.01046 ( 1)
 222 -   0.71575 0.24353 0.03026 0.01046 ( 1)
 223 -   0.71575 0.24353 0.03026 0.01046 ( 1)
 224 -   0.71575 0.24353 0.03026 0.01046 ( 1)
 225 -   0.71575 0.24353 0.03026 0.01046 ( 1)
 226 -   0.71575 0.24353 0.03026 0.01046 ( 1)
 227 G   0.99692 0.00088 0.00219 0.00001 ( 1)
 228 T   0.94089 0.05534 0.00321 0.00056 ( 1)
 229 I   0.99499 0.00215 0.00285 0.00002 ( 1)
 230 P   0.99649 0.00095 0.00255 0.00001 ( 1)
 231 V   0.85052 0.04922 0.09858 0.00169 ( 1)
 232 L   0.98616 0.01065 0.00309 0.00010 ( 1)
 233 T   0.98587 0.01189 0.00213 0.00010 ( 1)
 234 W   0.97586 0.01400 0.00993 0.00021 ( 1)
 235 T   0.99638 0.00104 0.00257 0.00001 ( 1)
 236 H   0.99847 0.00020 0.00132 0.00000 ( 1)
 237 K   0.31477 0.66884 0.00737 0.00902 ( 2)
 238 S   0.99839 0.00047 0.00114 0.00000 ( 1)

