Supplemental results for CODEML (seqf: algn  treef: tree)


dN/dS (w) for site classes (K=4)

site class             0        1       2a       2b
proportion       0.29314  0.08845  0.47506  0.14334
background w     0.07025  1.00000  0.07025  1.00000
foreground w     0.07025  1.00000 999.00000 999.00000

Naive Empirical Bayes (NEB) probabilities for 4 classes
(amino acids refer to 1st sequence: BT_Cry52Ca1)

   1 Q   0.02500 0.08352 0.75636 0.13512 ( 3)
   2 V   0.82779 0.00075 0.17028 0.00119 ( 1)
   3 K   0.35133 0.00188 0.64379 0.00300 ( 3)
   4 S   0.16550 0.03283 0.74884 0.05283 ( 3)
   5 E   0.15887 0.01818 0.79316 0.02979 ( 3)
   6 -   0.52362 0.03404 0.38875 0.05358 ( 1)
   7 -   0.26930 0.04708 0.60701 0.07661 ( 3)
   8 -   0.42969 0.06568 0.39686 0.10778 ( 1)
   9 -   0.70349 0.00575 0.28157 0.00919 ( 1)
  10 L   0.25936 0.10510 0.46348 0.17206 ( 3)
  11 T   0.79632 0.00084 0.20147 0.00137 ( 1)
  12 R   0.92996 0.00012 0.06974 0.00018 ( 1)
  13 E   0.28283 0.01196 0.68565 0.01956 ( 3)
  14 I   0.41432 0.00439 0.57413 0.00717 ( 3)
  15 Y   0.13951 0.00229 0.85445 0.00374 ( 3)
  16 S   0.09851 0.05068 0.76622 0.08459 ( 3)
  17 D   0.02896 0.00245 0.96463 0.00396 ( 3)
  18 V   0.77306 0.00150 0.22304 0.00241 ( 1)
  19 V   0.59365 0.04788 0.28115 0.07732 ( 1)
  20 N   0.03916 0.00190 0.95580 0.00315 ( 3)
  21 A   0.37942 0.02027 0.56748 0.03283 ( 3)
  22 D   0.19209 0.06792 0.63065 0.10933 ( 3)
  23 V   0.00591 0.06720 0.81598 0.11091 ( 3)
  24 F   0.29160 0.08999 0.47256 0.14584 ( 3)
  25 G   0.24717 0.13443 0.40056 0.21785 ( 3)
  26 T   0.05705 0.32455 0.09245 0.52596 ( 4)
  27 I   0.33457 0.04703 0.54220 0.07621 ( 3)
  28 Y   0.34270 0.03890 0.55537 0.06304 ( 3)
  29 T   0.13202 0.24958 0.21395 0.40446 ( 4)
  30 D   0.35139 0.03020 0.56946 0.04894 ( 3)
  31 N   0.09815 0.28344 0.15907 0.45934 ( 4)
  32 N   0.03430 0.34729 0.05558 0.56282 ( 4)
  33 R   0.36030 0.02129 0.58390 0.03450 ( 3)
  34 N   0.37538 0.00622 0.60833 0.01007 ( 3)
  35 E   0.01303 0.02319 0.92523 0.03855 ( 3)
  36 E   0.68177 0.01521 0.27879 0.02424 ( 1)
  37 L   0.15673 0.09408 0.59487 0.15432 ( 3)
  38 Y   0.12067 0.00488 0.86634 0.00811 ( 3)
  39 T   0.74412 0.02234 0.20344 0.03010 ( 1)
  40 R   0.87957 0.00071 0.11858 0.00114 ( 1)
  41 P   0.38716 0.06660 0.43950 0.10674 ( 3)
  42 P   0.35367 0.02792 0.57316 0.04525 ( 3)
  43 H   0.34842 0.03318 0.56464 0.05376 ( 3)
  44 L   0.32152 0.06007 0.52106 0.09735 ( 3)
  45 F   0.31051 0.07108 0.50321 0.11520 ( 3)
  46 T   0.34624 0.03536 0.56111 0.05730 ( 3)
  47 W   0.30312 0.07848 0.49123 0.12718 ( 3)
  48 L   0.32152 0.06007 0.52106 0.09735 ( 3)
  49 R   0.30560 0.07599 0.49525 0.12315 ( 3)
  50 G   0.37182 0.00978 0.60256 0.01585 ( 3)
  51 F   0.01828 0.00337 0.97262 0.00573 ( 3)
  52 R   0.58860 0.00192 0.40640 0.00308 ( 1)
  53 F   0.26283 0.01674 0.69222 0.02822 ( 3)
  54 V   0.06740 0.27701 0.20801 0.44757 ( 4)
  55 T   0.42176 0.00180 0.57351 0.00293 ( 3)
  56 N   0.04821 0.00383 0.94168 0.00628 ( 3)
  57 S   0.33584 0.00851 0.64193 0.01372 ( 3)
  58 I   0.04887 0.00204 0.94578 0.00331 ( 3)
  59 S   0.77469 0.01646 0.18256 0.02629 ( 1)
  60 S   0.62393 0.04118 0.26889 0.06600 ( 1)
  61 G   0.71121 0.00119 0.28570 0.00190 ( 1)
  62 S   0.23928 0.18924 0.26867 0.30281 ( 4)
  63 R   0.28203 0.06427 0.55026 0.10344 ( 3)
  64 T   0.29134 0.01596 0.66652 0.02618 ( 3)
  65 W   0.37073 0.02093 0.57439 0.03395 ( 3)
  66 T   0.82377 0.00090 0.17388 0.00144 ( 1)
  67 F   0.11766 0.00229 0.87631 0.00374 ( 3)
  68 L   0.01354 0.00589 0.97052 0.01004 ( 3)
  69 A   0.37083 0.07672 0.42874 0.12372 ( 3)
  70 G   0.01516 0.01288 0.95071 0.02126 ( 3)
  71 N   0.10762 0.01173 0.86147 0.01919 ( 3)
  72 Q   0.96228 0.00001 0.03769 0.00002 ( 1)
  73 -   0.16892 0.00608 0.81498 0.01002 ( 3)
  74 -   0.86020 0.01472 0.10419 0.02088 ( 1)
  75 -   0.05405 0.15206 0.54744 0.24645 ( 3)
  76 -   0.43299 0.01462 0.52884 0.02354 ( 3)
  77 -   0.15010 0.11691 0.54088 0.19211 ( 3)
  78 -   0.28479 0.01321 0.68077 0.02123 ( 3)
  79 N   0.11921 0.06958 0.69852 0.11268 ( 3)
  80 K   0.72633 0.00169 0.26926 0.00273 ( 1)
  81 Y   0.42061 0.01320 0.54504 0.02115 ( 3)
  82 S   0.30242 0.17237 0.25016 0.27505 ( 1)
  83 Y   0.33126 0.13630 0.31397 0.21848 ( 1)
  84 T   0.05887 0.01739 0.89527 0.02847 ( 3)
  85 R   0.00933 0.37426 0.01159 0.60482 ( 4)
  86 D   0.00527 0.38024 0.00283 0.61166 ( 4)
  87 N   0.35733 0.02427 0.57908 0.03933 ( 3)
  88 R   0.00051 0.38109 0.00082 0.61758 ( 4)
  89 I   0.37672 0.00487 0.61052 0.00789 ( 3)
  90 I   0.34226 0.03933 0.55467 0.06374 ( 3)
  91 Y   0.00882 0.37277 0.01429 0.60411 ( 4)
  92 G   0.36798 0.01361 0.59635 0.02206 ( 3)
  93 P   0.33544 0.04615 0.54361 0.07480 ( 3)
  94 F   0.46781 0.03838 0.43192 0.06189 ( 1)
  95 Y   0.09166 0.31540 0.08584 0.50711 ( 4)
  96 G   0.92413 0.00119 0.07279 0.00188 ( 1)
  97 Q   0.13311 0.26672 0.16899 0.43119 ( 4)
  98 D   0.03354 0.04493 0.84638 0.07515 ( 3)
  99 T   0.02309 0.02009 0.92370 0.03311 ( 3)
 100 N   0.54887 0.00367 0.44156 0.00590 ( 1)
 101 Y   0.32435 0.00119 0.67253 0.00192 ( 3)
 102 G   0.04204 0.02537 0.89055 0.04205 ( 3)
 103 G   0.46742 0.07579 0.33499 0.12180 ( 1)
 104 T   0.09104 0.07063 0.72321 0.11513 ( 3)
 105 S   0.40268 0.06507 0.42763 0.10461 ( 3)
 106 S   0.06266 0.34146 0.04400 0.55188 ( 4)
 107 D   0.20246 0.06699 0.62241 0.10814 ( 3)
 108 T   0.00601 0.35880 0.04560 0.58959 ( 4)
 109 D   0.15920 0.00773 0.82065 0.01242 ( 3)
 110 F   0.00007 0.38337 0.00014 0.61642 ( 4)
 111 A   0.01851 0.28682 0.22596 0.46871 ( 4)
 112 E   0.68099 0.04788 0.19466 0.07647 ( 1)
 113 D   0.00895 0.33222 0.03241 0.62642 ( 4)
 114 S   0.01485 0.36674 0.02407 0.59433 ( 4)
 115 Y   0.38051 0.00108 0.61666 0.00175 ( 3)
 116 V   0.01456 0.36703 0.02360 0.59481 ( 4)
 117 Y   0.36975 0.01184 0.59921 0.01920 ( 3)
 118 N   0.36999 0.01160 0.59961 0.01880 ( 3)
 119 L   0.36313 0.01847 0.58848 0.02993 ( 3)
 120 -   0.34844 0.03315 0.56468 0.05372 ( 3)
 121 -   0.33848 0.04311 0.54854 0.06987 ( 3)
 122 -   0.20234 0.17925 0.32791 0.29050 ( 3)
 123 W   0.00037 0.02323 0.93133 0.04506 ( 3)
 124 T   0.03361 0.30041 0.18024 0.48573 ( 4)
 125 K   0.53812 0.02845 0.38802 0.04541 ( 1)
 126 N   0.03226 0.17116 0.51571 0.28086 ( 3)
 127 Y   0.28752 0.03748 0.61316 0.06185 ( 3)
 128 E   0.06790 0.19615 0.42537 0.31059 ( 3)
 129 F   0.10712 0.12995 0.55438 0.20855 ( 3)
 130 I   0.80180 0.00178 0.19359 0.00283 ( 1)
 131 S   0.23312 0.03179 0.68381 0.05128 ( 3)
 132 P   0.07807 0.01409 0.88583 0.02201 ( 3)
 133 Y   0.33562 0.09005 0.42965 0.14468 ( 3)
 134 T   0.31040 0.00190 0.68464 0.00307 ( 3)
 135 D   0.06436 0.00381 0.92546 0.00637 ( 3)
 136 P   0.40909 0.01891 0.54124 0.03076 ( 3)
 137 V   0.27508 0.04247 0.61480 0.06764 ( 3)
 138 N   0.73351 0.00162 0.26229 0.00259 ( 1)
 139 I   0.01288 0.33524 0.10196 0.54992 ( 4)
 140 T   0.59693 0.05911 0.24863 0.09533 ( 1)
 141 -   0.05695 0.00595 0.92736 0.00974 ( 3)
 142 -   0.03025 0.35415 0.04387 0.57173 ( 4)
 143 -   0.11820 0.02369 0.82017 0.03794 ( 3)
 144 -   0.11519 0.02669 0.81351 0.04461 ( 3)
 145 -   0.00144 0.35911 0.04345 0.59599 ( 4)
 146 -   0.22955 0.15204 0.37201 0.24639 ( 3)
 147 -   0.34508 0.03652 0.55923 0.05918 ( 3)
 148 -   0.36122 0.02038 0.58539 0.03302 ( 3)
 149 -   0.14296 0.23863 0.23168 0.38673 ( 4)
 150 K   0.21501 0.16658 0.34844 0.26996 ( 3)
 151 I   0.34766 0.03393 0.56341 0.05499 ( 3)
 152 N   0.38038 0.00121 0.61644 0.00196 ( 3)
 153 F   0.01562 0.36875 0.02451 0.59112 ( 4)
 154 S   0.23538 0.01491 0.72566 0.02405 ( 3)
 155 V   0.00012 0.36558 0.00012 0.63419 ( 4)
 156 T   0.87089 0.00089 0.12682 0.00140 ( 1)
 157 N   0.00191 0.37961 0.00689 0.61159 ( 4)
 158 N   0.42614 0.00125 0.57059 0.00201 ( 3)
 159 N   0.44355 0.00435 0.54509 0.00701 ( 3)
 160 S   0.10913 0.18386 0.41106 0.29594 ( 3)
 161 S   0.00030 0.37631 0.00579 0.61760 ( 4)
 162 K   0.00010 0.38094 0.00013 0.61883 ( 4)
 163 D   0.00054 0.37480 0.00870 0.61597 ( 4)
 164 E   0.00436 0.37994 0.00350 0.61221 ( 4)
 165 T   0.12625 0.26414 0.18699 0.42262 ( 4)
 166 Y   0.02833 0.24169 0.33994 0.39005 ( 4)
 167 G   0.83572 0.00722 0.14547 0.01159 ( 1)
 168 G   0.30331 0.00842 0.67450 0.01377 ( 3)
 169 E   0.01295 0.16586 0.54694 0.27425 ( 3)
 170 R   0.00698 0.01170 0.96167 0.01964 ( 3)
 171 -   0.31229 0.06931 0.50609 0.11232 ( 3)
 172 -   0.30285 0.07874 0.49079 0.12761 ( 3)
 173 -   0.30935 0.07224 0.50134 0.11707 ( 3)
 174 -   0.45348 0.06297 0.38185 0.10170 ( 1)
 175 -   0.83441 0.02017 0.11300 0.03242 ( 1)
 176 -   0.10832 0.09266 0.64904 0.14998 ( 3)
 177 -   0.09411 0.08388 0.68487 0.13715 ( 3)
 178 -   0.15449 0.08510 0.62233 0.13808 ( 3)
 179 -   0.14760 0.08121 0.63977 0.13142 ( 3)
 180 -   0.25640 0.07398 0.54963 0.11999 ( 3)
 181 -   0.38306 0.06928 0.43531 0.11235 ( 3)
 182 -   0.37926 0.06867 0.44122 0.11086 ( 3)
 183 -   0.24835 0.08138 0.53828 0.13199 ( 3)
 184 -   0.80092 0.02251 0.14005 0.03652 ( 1)
 185 -   0.01963 0.10550 0.69458 0.18029 ( 3)
 186 -   0.24017 0.09109 0.52052 0.14822 ( 3)
 187 -   0.05387 0.11023 0.65678 0.17911 ( 3)
 188 -   0.33007 0.07026 0.48601 0.11366 ( 3)
 189 -   0.01310 0.31916 0.14898 0.51876 ( 4)
 190 -   0.29314 0.08845 0.47506 0.14334 ( 3)
 191 -   0.39685 0.05645 0.45531 0.09139 ( 3)
 192 -   0.70589 0.03421 0.20498 0.05492 ( 1)
 193 -   0.67195 0.03978 0.22427 0.06400 ( 1)
 194 -   0.09010 0.09949 0.64827 0.16214 ( 3)
 195 -   0.29970 0.08146 0.48845 0.13039 ( 3)
 196 -   0.02165 0.32413 0.12953 0.52470 ( 4)
 197 N   0.04768 0.00401 0.94174 0.00657 ( 3)
 198 L   0.07177 0.11856 0.61977 0.18991 ( 3)
 199 P   0.54146 0.01121 0.42909 0.01824 ( 1)
 200 T   0.20074 0.00150 0.79536 0.00240 ( 3)
 201 V   0.13673 0.06856 0.67945 0.11526 ( 3)
 202 Q   0.47316 0.05250 0.39025 0.08409 ( 1)
 203 T   0.48153 0.00263 0.51161 0.00423 ( 3)
 204 N   0.85064 0.00371 0.13977 0.00589 ( 1)
 205 F   0.76611 0.00088 0.23161 0.00141 ( 1)
 206 D   0.02183 0.00103 0.97549 0.00165 ( 3)
 207 F   0.18806 0.01456 0.77373 0.02365 ( 3)
 208 L   0.78614 0.00120 0.21075 0.00191 ( 1)
 209 T   0.13178 0.01993 0.81613 0.03217 ( 3)
 210 N   0.63327 0.06200 0.20553 0.09920 ( 1)
 211 K   0.34009 0.02669 0.59109 0.04213 ( 3)
 212 V   0.02041 0.34890 0.06897 0.56172 ( 4)
 213 G   0.22979 0.08527 0.55794 0.12701 ( 3)
 214 N   0.04360 0.31407 0.13883 0.50349 ( 4)
 215 G   0.11727 0.12444 0.55506 0.20323 ( 3)
 216 S   0.06798 0.01933 0.88133 0.03136 ( 3)
 217 P   0.34520 0.03639 0.55943 0.05897 ( 3)
 218 T   0.07135 0.31024 0.11564 0.50277 ( 4)
 219 Y   0.36843 0.01317 0.59707 0.02134 ( 3)
 220 N   0.36038 0.02121 0.58403 0.03437 ( 3)
 221 N   0.27327 0.10832 0.44286 0.17554 ( 3)
 222 Y   0.34562 0.03597 0.56011 0.05830 ( 3)
 223 -   0.37865 0.00295 0.61363 0.00477 ( 3)
 224 -   0.36332 0.01827 0.58879 0.02961 ( 3)
 225 -   0.12044 0.26116 0.19518 0.42323 ( 4)
 226 -   0.37575 0.00584 0.60893 0.00947 ( 3)
 227 -   0.37681 0.00479 0.61065 0.00776 ( 3)
 228 N   0.08827 0.04768 0.78587 0.07818 ( 3)
 229 H   0.57640 0.00045 0.42243 0.00072 ( 1)
 230 I   0.33834 0.07220 0.47100 0.11846 ( 3)
 231 L   0.39426 0.00604 0.58984 0.00986 ( 3)
 232 S   0.32310 0.04685 0.55385 0.07619 ( 3)
 233 Y   0.11841 0.00725 0.86294 0.01140 ( 3)
 234 M   0.04155 0.00238 0.95226 0.00382 ( 3)
 235 L   0.11561 0.02113 0.82911 0.03414 ( 3)
 236 T   0.53237 0.10727 0.19232 0.16803 ( 1)
 237 N   0.01066 0.00551 0.97461 0.00923 ( 3)
 238 G   0.04992 0.00368 0.94037 0.00603 ( 3)
 239 T   0.59274 0.02191 0.34983 0.03553 ( 1)
 240 F   0.57647 0.11890 0.11445 0.19018 ( 1)
 241 S   0.10950 0.28059 0.17187 0.43803 ( 4)
 242 Q   0.05189 0.11029 0.65610 0.18172 ( 3)
 243 K   0.59608 0.00387 0.39383 0.00622 ( 1)
 244 R   0.67810 0.01640 0.27911 0.02639 ( 1)
 245 H   0.41936 0.06359 0.41285 0.10420 ( 1)
 246 G   0.87348 0.00690 0.10899 0.01064 ( 1)
 247 Y   0.49087 0.04410 0.39400 0.07104 ( 1)
 248 T   0.90672 0.00083 0.09113 0.00133 ( 1)
 249 F   0.24368 0.03525 0.66375 0.05732 ( 3)
 250 A   0.04659 0.29185 0.18883 0.47274 ( 4)
 251 F   0.23054 0.04996 0.63836 0.08114 ( 3)
 252 T   0.18052 0.08663 0.59307 0.13978 ( 3)
 253 H   0.07473 0.23398 0.31240 0.37889 ( 4)
 254 S   0.35277 0.02882 0.57170 0.04671 ( 3)
 255 S   0.34880 0.03279 0.56526 0.05315 ( 3)


lnL = -3803.997712

Bayes Empirical Bayes (BEB) probabilities for 4 classes (class)
(amino acids refer to 1st sequence: BT_Cry52Ca1)

   1 Q   0.27119 0.08722 0.49639 0.14520 ( 3)
   2 V   0.45275 0.00114 0.54414 0.00198 ( 3)
   3 K   0.36834 0.00137 0.62801 0.00228 ( 3)
   4 S   0.35261 0.01519 0.60589 0.02631 ( 3)
   5 E   0.31057 0.01805 0.64215 0.02923 ( 3)
   6 -   0.38047 0.01475 0.57945 0.02532 ( 3)
   7 -   0.33758 0.03126 0.57918 0.05198 ( 3)
   8 -   0.37701 0.03089 0.53846 0.05364 ( 3)
   9 -   0.41952 0.00751 0.56016 0.01281 ( 3)
  10 L   0.31866 0.07615 0.47720 0.12798 ( 3)
  11 T   0.42929 0.00225 0.56463 0.00383 ( 3)
  12 R   0.47927 0.00057 0.51916 0.00100 ( 3)
  13 E   0.36382 0.00717 0.61690 0.01211 ( 3)
  14 I   0.38321 0.00418 0.60565 0.00696 ( 3)
  15 Y   0.37970 0.00625 0.60362 0.01043 ( 3)
  16 S   0.30231 0.04665 0.57278 0.07825 ( 3)
  17 D   0.28531 0.00633 0.69869 0.00967 ( 3)
  18 V   0.44100 0.00383 0.54857 0.00660 ( 3)
  19 V   0.37229 0.01911 0.57603 0.03256 ( 3)
  20 N   0.25845 0.00838 0.72079 0.01239 ( 3)
  21 A   0.35341 0.01597 0.60426 0.02636 ( 3)
  22 D   0.34361 0.02474 0.58853 0.04312 ( 3)
  23 V   0.14614 0.16730 0.42359 0.26297 ( 3)
  24 F   0.32717 0.05365 0.52926 0.08992 ( 3)
  25 G   0.30870 0.07212 0.49789 0.12129 ( 3)
  26 T   0.18187 0.19896 0.29022 0.32895 ( 4)
  27 I   0.34630 0.03452 0.56155 0.05763 ( 3)
  28 Y   0.35174 0.02908 0.57063 0.04855 ( 3)
  29 T   0.23445 0.14637 0.37586 0.24332 ( 3)
  30 D   0.35766 0.02317 0.58051 0.03867 ( 3)
  31 N   0.23035 0.15047 0.36871 0.25047 ( 3)
  32 N   0.13586 0.24496 0.21632 0.40286 ( 4)
  33 R   0.36114 0.01968 0.58643 0.03274 ( 3)
  34 N   0.37181 0.00901 0.60433 0.01484 ( 3)
  35 E   0.28885 0.03042 0.62903 0.05170 ( 3)
  36 E   0.39040 0.00736 0.58974 0.01251 ( 3)
  37 L   0.31757 0.05321 0.53883 0.09039 ( 3)
  38 Y   0.31141 0.00997 0.66290 0.01571 ( 3)
  39 T   0.38618 0.00710 0.59458 0.01214 ( 3)
  40 R   0.47157 0.00127 0.52491 0.00225 ( 3)
  41 P   0.36170 0.02346 0.57414 0.04070 ( 3)
  42 P   0.35904 0.02178 0.58283 0.03634 ( 3)
  43 H   0.35584 0.02499 0.57746 0.04172 ( 3)
  44 L   0.33749 0.04333 0.54687 0.07230 ( 3)
  45 F   0.32997 0.05086 0.53436 0.08482 ( 3)
  46 T   0.35409 0.02674 0.57455 0.04463 ( 3)
  47 W   0.32487 0.05596 0.52589 0.09329 ( 3)
  48 L   0.33749 0.04333 0.54687 0.07230 ( 3)
  49 R   0.32657 0.05425 0.52872 0.09046 ( 3)
  50 G   0.37311 0.00771 0.60623 0.01295 ( 3)
  51 F   0.34818 0.02403 0.58705 0.04074 ( 3)
  52 R   0.40873 0.00277 0.58382 0.00468 ( 3)
  53 F   0.34566 0.01008 0.62748 0.01677 ( 3)
  54 V   0.23163 0.13821 0.40118 0.22898 ( 3)
  55 T   0.37495 0.00256 0.61828 0.00420 ( 3)
  56 N   0.32415 0.00891 0.65271 0.01423 ( 3)
  57 S   0.36828 0.00642 0.61455 0.01074 ( 3)
  58 I   0.29655 0.00540 0.68972 0.00833 ( 3)
  59 S   0.44409 0.01295 0.52027 0.02269 ( 3)
  60 S   0.39103 0.02875 0.53089 0.04933 ( 3)
  61 G   0.42230 0.00234 0.57138 0.00398 ( 3)
  62 S   0.30102 0.09158 0.45302 0.15438 ( 3)
  63 R   0.33639 0.04625 0.54031 0.07706 ( 3)
  64 T   0.36609 0.00814 0.61188 0.01389 ( 3)
  65 W   0.38324 0.01254 0.58268 0.02154 ( 3)
  66 T   0.45004 0.00140 0.54613 0.00243 ( 3)
  67 F   0.35999 0.00802 0.61890 0.01309 ( 3)
  68 L   0.34122 0.02842 0.58075 0.04962 ( 3)
  69 A   0.36194 0.03009 0.55596 0.05201 ( 3)
  70 G   0.25767 0.02476 0.67905 0.03852 ( 3)
  71 N   0.32063 0.01082 0.65094 0.01761 ( 3)
  72 Q   0.45331 0.00005 0.54656 0.00008 ( 3)
  73 -   0.36074 0.01085 0.61056 0.01785 ( 3)
  74 -   0.40429 0.00382 0.58529 0.00660 ( 3)
  75 -   0.23924 0.09417 0.51388 0.15272 ( 3)
  76 -   0.39701 0.00930 0.57786 0.01583 ( 3)
  77 -   0.32027 0.04433 0.55918 0.07623 ( 3)
  78 -   0.35516 0.01166 0.61402 0.01916 ( 3)
  79 N   0.31496 0.02943 0.60483 0.05077 ( 3)
  80 K   0.48832 0.00145 0.50762 0.00261 ( 3)
  81 Y   0.38153 0.00668 0.60043 0.01137 ( 3)
  82 S   0.36446 0.03751 0.53087 0.06716 ( 3)
  83 Y   0.35568 0.04150 0.53041 0.07241 ( 3)
  84 T   0.29250 0.02642 0.63906 0.04202 ( 3)
  85 R   0.06920 0.31378 0.10364 0.51337 ( 4)
  86 D   0.04271 0.34193 0.05674 0.55861 ( 4)
  87 N   0.35915 0.02167 0.58322 0.03596 ( 3)
  88 R   0.00910 0.37173 0.01439 0.60479 ( 4)
  89 I   0.37478 0.00604 0.60919 0.00999 ( 3)
  90 I   0.36441 0.01641 0.59072 0.02846 ( 3)
  91 Y   0.10936 0.27147 0.17374 0.44544 ( 4)
  92 G   0.37207 0.00876 0.60435 0.01483 ( 3)
  93 P   0.36456 0.01627 0.59050 0.02867 ( 3)
  94 F   0.37959 0.02462 0.55401 0.04178 ( 3)
  95 Y   0.23765 0.14819 0.36622 0.24793 ( 3)
  96 G   0.40167 0.00168 0.59384 0.00280 ( 3)
  97 Q   0.32255 0.08393 0.44755 0.14596 ( 3)
  98 D   0.24993 0.06357 0.58495 0.10155 ( 3)
  99 T   0.27619 0.02590 0.65577 0.04213 ( 3)
 100 N   0.39898 0.00397 0.59037 0.00668 ( 3)
 101 Y   0.37174 0.00239 0.62196 0.00390 ( 3)
 102 G   0.29406 0.02055 0.65075 0.03464 ( 3)
 103 G   0.36289 0.02747 0.56226 0.04738 ( 3)
 104 T   0.28537 0.05107 0.57965 0.08390 ( 3)
 105 S   0.36894 0.02525 0.56186 0.04396 ( 3)
 106 S   0.22042 0.17319 0.31604 0.29035 ( 3)
 107 D   0.32391 0.03243 0.58917 0.05449 ( 3)
 108 T   0.09372 0.27395 0.18651 0.44582 ( 4)
 109 D   0.30237 0.00704 0.67958 0.01102 ( 3)
 110 F   0.00409 0.37663 0.00690 0.61238 ( 4)
 111 A   0.13569 0.22343 0.27850 0.36239 ( 4)
 112 E   0.41906 0.01868 0.52904 0.03322 ( 3)
 113 D   0.09305 0.27719 0.17298 0.45678 ( 4)
 114 S   0.11594 0.26489 0.18428 0.43490 ( 4)
 115 Y   0.37864 0.00219 0.61558 0.00360 ( 3)
 116 V   0.09462 0.28620 0.15028 0.46890 ( 4)
 117 Y   0.37172 0.00910 0.60392 0.01525 ( 3)
 118 N   0.37071 0.01011 0.60232 0.01686 ( 3)
 119 L   0.36764 0.01319 0.59703 0.02215 ( 3)
 120 -   0.35551 0.02531 0.57694 0.04224 ( 3)
 121 -   0.34901 0.03181 0.56607 0.05311 ( 3)
 122 -   0.28818 0.09264 0.46381 0.15537 ( 3)
 123 W   0.12039 0.24457 0.23467 0.40037 ( 4)
 124 T   0.21164 0.16623 0.34662 0.27551 ( 3)
 125 K   0.37642 0.01695 0.57806 0.02857 ( 3)
 126 N   0.24355 0.09019 0.51884 0.14742 ( 3)
 127 Y   0.33305 0.01986 0.61388 0.03322 ( 3)
 128 E   0.27040 0.07320 0.53497 0.12143 ( 3)
 129 F   0.25972 0.05692 0.59070 0.09266 ( 3)
 130 I   0.44808 0.00361 0.54207 0.00625 ( 3)
 131 S   0.33634 0.01307 0.62848 0.02211 ( 3)
 132 P   0.28799 0.01430 0.67527 0.02244 ( 3)
 133 Y   0.34358 0.03953 0.54978 0.06710 ( 3)
 134 T   0.36976 0.00256 0.62347 0.00421 ( 3)
 135 D   0.33822 0.00679 0.64374 0.01124 ( 3)
 136 P   0.37740 0.01176 0.59082 0.02001 ( 3)
 137 V   0.34542 0.02266 0.59410 0.03782 ( 3)
 138 N   0.42431 0.00338 0.56658 0.00574 ( 3)
 139 I   0.13045 0.23555 0.25056 0.38343 ( 4)
 140 T   0.40734 0.02607 0.52048 0.04611 ( 3)
 141 -   0.31679 0.01531 0.64350 0.02440 ( 3)
 142 -   0.11783 0.26359 0.18584 0.43273 ( 4)
 143 -   0.27530 0.02379 0.66390 0.03701 ( 3)
 144 -   0.33506 0.02503 0.59761 0.04231 ( 3)
 145 -   0.03592 0.33558 0.08287 0.54564 ( 4)
 146 -   0.30427 0.07655 0.49040 0.12877 ( 3)
 147 -   0.35365 0.02718 0.57380 0.04538 ( 3)
 148 -   0.36451 0.01631 0.59196 0.02721 ( 3)
 149 -   0.24397 0.13685 0.39137 0.22780 ( 3)
 150 K   0.33243 0.04840 0.53499 0.08419 ( 3)
 151 I   0.36735 0.01347 0.59579 0.02339 ( 3)
 152 N   0.37808 0.00274 0.61468 0.00449 ( 3)
 153 F   0.12152 0.25716 0.19954 0.42177 ( 4)
 154 S   0.35968 0.00889 0.61625 0.01517 ( 3)
 155 V   0.00425 0.37576 0.00658 0.61341 ( 4)
 156 T   0.42354 0.00076 0.57441 0.00129 ( 3)
 157 N   0.04041 0.33725 0.07402 0.54833 ( 4)
 158 N   0.38032 0.00217 0.61394 0.00357 ( 3)
 159 N   0.39087 0.00568 0.59397 0.00947 ( 3)
 160 S   0.28359 0.07248 0.52266 0.12127 ( 3)
 161 S   0.01605 0.36287 0.03005 0.59103 ( 4)
 162 K   0.00570 0.37542 0.00854 0.61034 ( 4)
 163 D   0.02670 0.35073 0.05210 0.57047 ( 4)
 164 E   0.04790 0.33553 0.06854 0.54802 ( 4)
 165 T   0.28888 0.09638 0.45159 0.16315 ( 3)
 166 Y   0.23851 0.09440 0.51292 0.15417 ( 3)
 167 G   0.39452 0.00620 0.58889 0.01039 ( 3)
 168 G   0.36029 0.00815 0.61809 0.01347 ( 3)
 169 E   0.18395 0.14039 0.45118 0.22448 ( 3)
 170 R   0.24569 0.03809 0.65567 0.06056 ( 3)
 171 -   0.33117 0.04966 0.53635 0.08282 ( 3)
 172 -   0.32468 0.05615 0.52558 0.09360 ( 3)
 173 -   0.32917 0.05165 0.53304 0.08614 ( 3)
 174 -   0.35182 0.04453 0.52876 0.07489 ( 3)
 175 -   0.42230 0.01493 0.53700 0.02577 ( 3)
 176 -   0.27774 0.06868 0.54143 0.11215 ( 3)
 177 -   0.29449 0.07824 0.49607 0.13120 ( 3)
 178 -   0.30385 0.06292 0.52869 0.10454 ( 3)
 179 -   0.31328 0.05313 0.54469 0.08889 ( 3)
 180 -   0.33297 0.04667 0.54205 0.07831 ( 3)
 181 -   0.34384 0.04584 0.53341 0.07691 ( 3)
 182 -   0.34384 0.04485 0.53612 0.07520 ( 3)
 183 -   0.32550 0.05046 0.53986 0.08418 ( 3)
 184 -   0.43607 0.01935 0.51070 0.03389 ( 3)
 185 -   0.17944 0.16741 0.38139 0.27175 ( 3)
 186 -   0.31697 0.06039 0.52172 0.10092 ( 3)
 187 -   0.22971 0.10521 0.49576 0.16933 ( 3)
 188 -   0.33820 0.04689 0.53637 0.07854 ( 3)
 189 -   0.10576 0.25966 0.21285 0.42173 ( 4)
 190 -   0.31792 0.06290 0.51438 0.10480 ( 3)
 191 -   0.35074 0.03870 0.54562 0.06494 ( 3)
 192 -   0.39061 0.02790 0.53401 0.04748 ( 3)
 193 -   0.39038 0.03177 0.52360 0.05425 ( 3)
 194 -   0.26752 0.08273 0.51434 0.13540 ( 3)
 195 -   0.32826 0.05217 0.53246 0.08712 ( 3)
 196 -   0.12484 0.24499 0.23062 0.39954 ( 4)
 197 N   0.32342 0.00968 0.65145 0.01545 ( 3)
 198 L   0.27006 0.08170 0.51442 0.13382 ( 3)
 199 P   0.40900 0.00600 0.57458 0.01042 ( 3)
 200 T   0.33797 0.00203 0.65677 0.00323 ( 3)
 201 V   0.31364 0.03170 0.60073 0.05393 ( 3)
 202 Q   0.37789 0.02915 0.54308 0.04989 ( 3)
 203 T   0.38445 0.00176 0.61085 0.00294 ( 3)
 204 N   0.44704 0.00409 0.54174 0.00712 ( 3)
 205 F   0.44148 0.00196 0.55319 0.00338 ( 3)
 206 D   0.23058 0.00497 0.75735 0.00710 ( 3)
 207 F   0.33418 0.01355 0.63028 0.02199 ( 3)
 208 L   0.42326 0.00230 0.57054 0.00390 ( 3)
 209 T   0.30785 0.01678 0.64832 0.02705 ( 3)
 210 N   0.40758 0.01706 0.54465 0.03071 ( 3)
 211 K   0.35823 0.01093 0.61229 0.01855 ( 3)
 212 V   0.13574 0.23929 0.23306 0.39191 ( 4)
 213 G   0.35313 0.01965 0.59177 0.03545 ( 3)
 214 N   0.20284 0.17235 0.34026 0.28454 ( 3)
 215 G   0.29514 0.08424 0.47856 0.14206 ( 3)
 216 S   0.34361 0.02256 0.59453 0.03930 ( 3)
 217 P   0.36045 0.02038 0.58458 0.03459 ( 3)
 218 T   0.21083 0.16999 0.33690 0.28228 ( 3)
 219 Y   0.36553 0.01529 0.59394 0.02524 ( 3)
 220 N   0.36679 0.01403 0.59553 0.02365 ( 3)
 221 N   0.32242 0.05840 0.52100 0.09818 ( 3)
 222 Y   0.35789 0.02294 0.58060 0.03857 ( 3)
 223 -   0.37549 0.00534 0.61040 0.00878 ( 3)
 224 -   0.36694 0.01389 0.59587 0.02330 ( 3)
 225 -   0.23857 0.14225 0.38222 0.23695 ( 3)
 226 -   0.37120 0.00962 0.60335 0.01583 ( 3)
 227 -   0.37263 0.00819 0.60570 0.01347 ( 3)
 228 N   0.29716 0.03136 0.61973 0.05176 ( 3)
 229 H   0.40479 0.00093 0.59271 0.00156 ( 3)
 230 I   0.35558 0.03283 0.55504 0.05655 ( 3)
 231 L   0.38194 0.00545 0.60353 0.00909 ( 3)
 232 S   0.36726 0.02055 0.57639 0.03579 ( 3)
 233 Y   0.33876 0.00751 0.64147 0.01227 ( 3)
 234 M   0.30910 0.00584 0.67595 0.00912 ( 3)
 235 L   0.32807 0.02007 0.61909 0.03277 ( 3)
 236 T   0.36978 0.02295 0.56669 0.04058 ( 3)
 237 N   0.27381 0.02114 0.67158 0.03347 ( 3)
 238 G   0.34231 0.01005 0.63120 0.01644 ( 3)
 239 T   0.40349 0.01241 0.56269 0.02141 ( 3)
 240 F   0.36736 0.06414 0.45748 0.11102 ( 3)
 241 S   0.22991 0.13788 0.40469 0.22752 ( 3)
 242 Q   0.29655 0.06582 0.52640 0.11123 ( 3)
 243 K   0.38648 0.00389 0.60315 0.00647 ( 3)
 244 R   0.41551 0.01500 0.54363 0.02587 ( 3)
 245 H   0.37283 0.03831 0.52283 0.06603 ( 3)
 246 G   0.43092 0.00592 0.55304 0.01012 ( 3)
 247 Y   0.37581 0.02299 0.56189 0.03931 ( 3)
 248 T   0.48922 0.00131 0.50715 0.00232 ( 3)
 249 F   0.34586 0.02202 0.59522 0.03690 ( 3)
 250 A   0.21214 0.15808 0.36883 0.26095 ( 3)
 251 F   0.34808 0.03380 0.56059 0.05753 ( 3)
 252 T   0.30958 0.06352 0.52078 0.10612 ( 3)
 253 H   0.22984 0.13642 0.40872 0.22502 ( 3)
 254 S   0.35889 0.02193 0.58256 0.03662 ( 3)
 255 S   0.35558 0.02524 0.57709 0.04209 ( 3)

