Supplemental results for CODEML (seqf: algn  treef: tree)


dN/dS (w) for site classes (K=4)

site class             0        1       2a       2b
proportion       0.50706  0.40437  0.04928  0.03930
background w     0.07460  0.70763  0.07460  0.70763
foreground w     0.07460  0.70763 999.00000 999.00000

Naive Empirical Bayes (NEB) probabilities for 4 classes
(amino acids refer to 1st sequence: BT_Cry21Aa1)

   1 -   0.62457 0.28686 0.06069 0.02788 ( 1)
   2 L   0.82640 0.08503 0.08031 0.00826 ( 1)
   3 K   0.98111 0.01407 0.00471 0.00011 ( 1)
   4 G   0.94045 0.01737 0.04154 0.00064 ( 1)
   5 F   0.98037 0.00432 0.01522 0.00010 ( 1)
   6 P   0.99112 0.00685 0.00201 0.00001 ( 1)
   7 A   0.98359 0.00037 0.01602 0.00001 ( 1)
   8 E   0.98354 0.00067 0.01578 0.00001 ( 1)
   9 K   0.99499 0.00023 0.00477 0.00000 ( 1)
  10 G   0.85263 0.12974 0.01451 0.00312 ( 1)
  11 -   0.01702 0.97588 0.00009 0.00701 ( 2)
  12 -   0.00026 0.62198 0.00024 0.37752 ( 2)
  13 -   0.09564 0.74484 0.10212 0.05740 ( 2)
  14 Y   0.00536 0.72872 0.00269 0.26322 ( 2)
  15 G   0.97686 0.00798 0.01499 0.00018 ( 1)
  16 D   0.00001 0.61496 0.00284 0.38220 ( 2)
  17 S   0.00002 0.04053 0.07643 0.88303 ( 4)
  18 I   0.01300 0.96931 0.00028 0.01742 ( 2)
  19 A   0.00263 0.95849 0.00350 0.03538 ( 2)
  20 Y   0.35058 0.31476 0.30023 0.03442 ( 1)
  21 V   0.98644 0.01010 0.00340 0.00005 ( 1)
  22 S   0.01160 0.98447 0.00003 0.00390 ( 2)
  23 -   0.50706 0.40437 0.04928 0.03930 ( 1)
  24 E   0.99339 0.00317 0.00342 0.00002 ( 1)
  25 P   0.00364 0.99576 0.00000 0.00059 ( 2)
  26 L   0.56251 0.43602 0.00081 0.00066 ( 1)
  27 N   0.99364 0.00093 0.00543 0.00001 ( 1)
  28 G   0.99795 0.00015 0.00190 0.00000 ( 1)
  29 A   0.93832 0.06021 0.00138 0.00010 ( 1)
  30 N   0.99231 0.00225 0.00542 0.00002 ( 1)
  31 A   0.94132 0.05493 0.00344 0.00031 ( 1)
  32 V   0.87733 0.11898 0.00306 0.00063 ( 1)
  33 K   0.98584 0.00934 0.00475 0.00007 ( 1)
  34 L   0.99299 0.00463 0.00237 0.00001 ( 1)
  35 T   0.71939 0.26495 0.01105 0.00461 ( 1)
  36 -   0.64699 0.26444 0.06287 0.02570 ( 1)
  37 -   0.00438 0.90705 0.00043 0.08815 ( 2)
  38 -   0.00471 0.90672 0.00046 0.08811 ( 2)
  39 -   0.04666 0.86477 0.00453 0.08404 ( 2)
  40 -   0.22778 0.68365 0.02214 0.06644 ( 2)
  41 -   0.01704 0.89439 0.00166 0.08692 ( 2)
  42 -   0.75383 0.15760 0.07326 0.01532 ( 1)
  43 -   0.04242 0.86901 0.00412 0.08445 ( 2)
  44 S   0.17376 0.73767 0.01689 0.07168 ( 2)
  45 Y   0.00790 0.96897 0.00012 0.02301 ( 2)
  46 Q   0.00105 0.90536 0.00115 0.09244 ( 2)
  47 V   0.00053 0.92012 0.00121 0.07813 ( 2)
  48 L   0.81718 0.16747 0.01170 0.00365 ( 1)
  49 Q   0.00106 0.99037 0.00001 0.00857 ( 2)
  50 M   0.03724 0.96088 0.00007 0.00181 ( 2)
  51 E   0.03096 0.86904 0.03276 0.06724 ( 2)
  52 V   0.96370 0.03506 0.00119 0.00006 ( 1)
  53 T   0.94385 0.05434 0.00170 0.00011 ( 1)
  54 N   0.99385 0.00072 0.00543 0.00001 ( 1)
  55 Q   0.00076 0.99752 0.00000 0.00171 ( 2)
  56 T   0.81456 0.18042 0.00375 0.00127 ( 1)
  57 T   0.07218 0.88311 0.00559 0.03912 ( 2)
  58 Q   0.97049 0.02744 0.00200 0.00007 ( 1)
  59 K   0.97660 0.02180 0.00156 0.00004 ( 1)
  60 Y   0.99731 0.00008 0.00261 0.00000 ( 1)
  61 R   0.16964 0.82678 0.00050 0.00308 ( 2)
  62 I   0.88812 0.10609 0.00483 0.00095 ( 1)
  63 R   0.99628 0.00270 0.00102 0.00000 ( 1)
  64 I   0.60323 0.39249 0.00222 0.00205 ( 1)
  65 R   0.94040 0.00025 0.05934 0.00001 ( 1)
  66 Y   0.99725 0.00014 0.00261 0.00000 ( 1)
  67 A   0.99613 0.00029 0.00358 0.00000 ( 1)
  68 T   0.97809 0.01588 0.00588 0.00015 ( 1)
  69 G   0.01282 0.97884 0.00007 0.00826 ( 2)
  70 G   0.00142 0.99507 0.00000 0.00351 ( 2)
  71 D   0.35075 0.64117 0.00203 0.00605 ( 2)
  72 T   0.50502 0.49091 0.00171 0.00236 ( 1)
  73 A   0.47050 0.52484 0.00178 0.00287 ( 2)
  74 A   0.83171 0.16184 0.00499 0.00146 ( 1)
  75 S   0.76532 0.23132 0.00226 0.00110 ( 1)
  76 I   0.66805 0.32928 0.00171 0.00096 ( 1)
  77 W   0.07774 0.92018 0.00015 0.00193 ( 2)
  78 F   0.33913 0.65804 0.00086 0.00196 ( 2)
  79 H   0.00001 0.05324 0.02057 0.92618 ( 4)
  80 I   0.90124 0.09448 0.00369 0.00059 ( 1)
  81 I   0.00002 0.92548 0.00002 0.07448 ( 2)
  82 -   0.53134 0.46454 0.00185 0.00227 ( 1)
  83 -   0.70140 0.29643 0.00138 0.00079 ( 1)
  84 -   0.58760 0.41062 0.00097 0.00081 ( 1)
  85 -   0.17014 0.82705 0.00040 0.00241 ( 2)
  86 -   0.89567 0.09846 0.00493 0.00094 ( 1)
  87 -   0.12986 0.80191 0.03336 0.03487 ( 2)
  88 G   0.29662 0.70055 0.00076 0.00206 ( 2)
  89 P   0.00077 0.97205 0.00002 0.02716 ( 2)
  90 S   0.00016 0.95658 0.00001 0.04326 ( 2)
  91 G   0.00000 0.02572 0.00000 0.97428 ( 4)
  92 N   0.00026 0.99915 0.00000 0.00059 ( 2)
  93 D   0.00007 0.00199 0.89064 0.10730 ( 3)
  94 L   0.78345 0.20122 0.01220 0.00314 ( 1)
  95 T   0.60586 0.37845 0.00857 0.00712 ( 1)
  96 N   0.14656 0.84904 0.00043 0.00396 ( 2)
  97 E   0.02216 0.97577 0.00004 0.00204 ( 2)
  98 G   0.00368 0.95377 0.00119 0.04136 ( 2)
  99 H   0.00001 0.62652 0.00006 0.37342 ( 2)
 100 N   0.49619 0.48501 0.00930 0.00951 ( 1)
 101 F   0.00052 0.01492 0.92046 0.06411 ( 3)
 102 S   0.01249 0.98218 0.00005 0.00528 ( 2)
 103 S   0.00001 0.05765 0.37649 0.56585 ( 4)
 104 V   0.00000 0.23398 0.00085 0.76516 ( 4)
 105 S   0.00010 0.12736 0.11250 0.76004 ( 4)
 106 S   0.34257 0.35398 0.29040 0.01305 ( 2)
 107 R   0.00000 0.13675 0.00063 0.86262 ( 4)
 108 N   0.85327 0.03287 0.11110 0.00276 ( 1)
 109 K   0.24738 0.31436 0.41314 0.02512 ( 3)
 110 M   0.98689 0.01057 0.00251 0.00003 ( 1)
 111 F   0.97163 0.02567 0.00260 0.00010 ( 1)
 112 V   0.50580 0.48796 0.00252 0.00372 ( 1)
 113 Q   0.30990 0.27141 0.34499 0.07369 ( 3)
 114 G   0.99385 0.00541 0.00073 0.00000 ( 1)
 115 N   0.00016 0.43702 0.00703 0.55578 ( 4)
 116 N   0.73854 0.02808 0.22232 0.01106 ( 1)
 117 G   0.99303 0.00512 0.00185 0.00001 ( 1)
 118 K   0.99287 0.00131 0.00581 0.00001 ( 1)
 119 Y   0.99731 0.00008 0.00261 0.00000 ( 1)
 120 V   0.99583 0.00284 0.00133 0.00000 ( 1)
 121 L   0.79054 0.20695 0.00190 0.00060 ( 1)
 122 N   0.03220 0.96644 0.00004 0.00132 ( 2)
 123 I   0.00005 0.99327 0.00000 0.00668 ( 2)
 124 L   0.91722 0.07747 0.00471 0.00060 ( 1)
 125 T   0.22745 0.77056 0.00041 0.00158 ( 2)
 126 -   0.57447 0.42498 0.00031 0.00024 ( 1)
 127 -   0.57993 0.41930 0.00043 0.00034 ( 1)
 128 -   0.65713 0.33808 0.00266 0.00212 ( 1)
 129 -   0.67002 0.32507 0.00274 0.00218 ( 1)
 130 -   0.57993 0.41930 0.00043 0.00034 ( 1)
 131 -   0.62062 0.37692 0.00137 0.00109 ( 1)
 132 -   0.63255 0.36525 0.00123 0.00098 ( 1)
 133 D   0.98244 0.01228 0.00518 0.00010 ( 1)
 134 S   0.93325 0.06433 0.00222 0.00020 ( 1)
 135 I   0.98560 0.01184 0.00252 0.00003 ( 1)
 136 E   0.97127 0.02306 0.00547 0.00020 ( 1)
 137 L   0.08146 0.90975 0.00050 0.00830 ( 2)
 138 P   0.99755 0.00021 0.00224 0.00000 ( 1)
 139 S   0.82836 0.16909 0.00199 0.00056 ( 1)
 140 G   0.99597 0.00302 0.00101 0.00000 ( 1)
 141 Q   0.52359 0.47092 0.00230 0.00318 ( 1)
 142 -   0.78357 0.12786 0.07615 0.01243 ( 1)
 143 Q   0.03119 0.96618 0.00008 0.00256 ( 2)
 144 T   0.96593 0.02885 0.00498 0.00024 ( 1)
 145 I   0.99334 0.00298 0.00366 0.00002 ( 1)
 146 L   0.00510 0.98655 0.00003 0.00833 ( 2)
 147 I   0.61756 0.37955 0.00158 0.00131 ( 1)
 148 Q   0.00008 0.99779 0.00000 0.00213 ( 2)
 149 N   0.92168 0.07731 0.00094 0.00008 ( 1)
 150 T   0.00967 0.98704 0.00003 0.00326 ( 2)
 151 N   0.01843 0.97964 0.00003 0.00191 ( 2)
 152 -   0.00010 0.99820 0.00000 0.00170 ( 2)
 153 -   0.00002 0.99896 0.00000 0.00102 ( 2)
 154 -   0.00665 0.99247 0.00001 0.00087 ( 2)
 155 S   0.55335 0.44530 0.00074 0.00062 ( 1)
 156 Q   0.05272 0.94467 0.00011 0.00250 ( 2)
 157 D   0.99431 0.00177 0.00390 0.00001 ( 1)
 158 L   0.99739 0.00087 0.00174 0.00000 ( 1)
 159 F   0.99391 0.00373 0.00235 0.00001 ( 1)
 160 L   0.98244 0.01493 0.00258 0.00004 ( 1)
 161 D   0.99585 0.00026 0.00390 0.00000 ( 1)
 162 R   0.99802 0.00068 0.00130 0.00000 ( 1)
 163 I   0.98751 0.00837 0.00407 0.00005 ( 1)
 164 E   0.99874 0.00014 0.00112 0.00000 ( 1)
 165 -   0.97594 0.02159 0.00241 0.00006 ( 1)
 166 -   0.73665 0.17478 0.07159 0.01698 ( 1)
 167 -   0.98503 0.01104 0.00386 0.00007 ( 1)


lnL = -3283.505545

