Supplemental results for CODEML (seqf: algn  treef: tree)


dN/dS (w) for site classes (K=4)

site class             0        1       2a       2b
proportion       0.16257  0.17387  0.32063  0.34292
background w     0.02633  0.34203  0.02633  0.34203
foreground w     0.02633  0.34203  0.14178  0.14178

Naive Empirical Bayes (NEB) probabilities for 4 classes
(amino acids refer to 1st sequence: BT_Cry1Ca11)

   1 -   0.00087 0.33239 0.00171 0.66503 ( 4)
   2 -   0.30478 0.03347 0.59446 0.06729 ( 3)
   3 -   0.10940 0.22460 0.21321 0.45279 ( 4)
   4 G   0.00623 0.32739 0.01214 0.65424 ( 4)
   5 Q   0.31474 0.02317 0.61575 0.04634 ( 3)
   6 L   0.29591 0.04114 0.58124 0.08171 ( 3)
   7 T   0.32517 0.01340 0.63453 0.02690 ( 3)
   8 R   0.29593 0.04137 0.58032 0.08237 ( 3)
   9 E   0.32841 0.01020 0.64089 0.02049 ( 3)
  10 V   0.02602 0.30938 0.05115 0.61346 ( 4)
  11 Y   0.33040 0.00843 0.64421 0.01696 ( 3)
  12 T   0.00933 0.32625 0.01835 0.64608 ( 4)
  13 D   0.32464 0.01456 0.63138 0.02942 ( 3)
  14 P   0.25613 0.08031 0.50516 0.15839 ( 3)
  15 L   0.30429 0.03334 0.59579 0.06658 ( 3)
  16 I   0.00522 0.32665 0.01017 0.65796 ( 4)
  17 N   0.00538 0.32590 0.01047 0.65824 ( 4)
  18 F   0.05544 0.28116 0.10968 0.55372 ( 4)
  19 N   0.33605 0.00366 0.65289 0.00740 ( 3)
  20 P   0.02228 0.31052 0.04349 0.62370 ( 4)
  21 Q   0.00010 0.34512 0.00021 0.65457 ( 4)
  22 L   0.30958 0.02811 0.60616 0.05614 ( 3)
  23 Q   0.00018 0.33450 0.00035 0.66497 ( 4)
  24 S   0.25702 0.08037 0.50073 0.16188 ( 3)
  25 V   0.00237 0.33728 0.00583 0.65452 ( 4)
  26 A   0.21549 0.12098 0.42050 0.24303 ( 3)
  27 Q   0.00987 0.32481 0.01938 0.64594 ( 4)
  28 L   0.03054 0.30213 0.05955 0.60777 ( 4)
  29 P   0.32815 0.01028 0.64095 0.02062 ( 3)
  30 T   0.20494 0.13142 0.39960 0.26405 ( 3)
  31 F   0.33129 0.00649 0.64929 0.01293 ( 3)
  32 N   0.00201 0.33148 0.00392 0.66259 ( 4)
  33 V   0.06225 0.27055 0.12114 0.54605 ( 4)
  34 M   0.02488 0.30704 0.04842 0.61966 ( 4)
  35 E   0.32698 0.01161 0.63809 0.02332 ( 3)
  36 S   0.25578 0.08175 0.49712 0.16535 ( 3)
  37 S   0.00134 0.33000 0.00261 0.66605 ( 4)
  38 A   0.03748 0.29516 0.07303 0.59433 ( 4)
  39 I   0.33422 0.00532 0.64972 0.01075 ( 3)
  40 R   0.32623 0.01230 0.63676 0.02471 ( 3)
  41 N   0.03978 0.29209 0.07732 0.59081 ( 4)
  42 P   0.32927 0.00970 0.64150 0.01953 ( 3)
  43 H   0.33345 0.00568 0.64942 0.01144 ( 3)
  44 L   0.29780 0.03975 0.58308 0.07938 ( 3)
  45 F   0.00467 0.32784 0.00911 0.65839 ( 4)
  46 D   0.15824 0.17775 0.31070 0.35330 ( 4)
  47 I   0.04411 0.28813 0.08580 0.58197 ( 4)
  48 L   0.30094 0.03664 0.58923 0.07319 ( 3)
  49 N   0.05238 0.27973 0.10177 0.56612 ( 4)
  50 N   0.00066 0.33398 0.00130 0.66406 ( 4)
  51 L   0.16688 0.16837 0.32503 0.33972 ( 4)
  52 T   0.32110 0.01599 0.63120 0.03171 ( 3)
  53 I   0.32749 0.01187 0.63663 0.02400 ( 3)
  54 F   0.23388 0.10297 0.45601 0.20714 ( 3)
  55 T   0.32505 0.01360 0.63399 0.02735 ( 3)
  56 D   0.33328 0.00613 0.64820 0.01239 ( 3)
  57 W   0.19931 0.13714 0.39309 0.27046 ( 3)
  58 F   0.06672 0.26972 0.13159 0.53196 ( 4)
  59 S   0.07422 0.25865 0.14426 0.52287 ( 4)
  60 V   0.13723 0.19889 0.27001 0.39387 ( 4)
  61 G   0.18922 0.14675 0.36923 0.29480 ( 3)
  62 R   0.07275 0.08340 0.76037 0.08348 ( 3)
  63 N   0.18798 0.14792 0.36652 0.29757 ( 3)
  64 F   0.00010 0.33262 0.00019 0.66710 ( 4)
  65 Y   0.24116 0.09585 0.47020 0.19279 ( 3)
  66 W   0.26654 0.07026 0.52372 0.13948 ( 3)
  67 G   0.31890 0.01917 0.62355 0.03838 ( 3)
  68 G   0.30219 0.03477 0.59410 0.06894 ( 3)
  69 H   0.32064 0.01657 0.62988 0.03291 ( 3)
  70 R   0.03389 0.30130 0.06658 0.59823 ( 4)
  71 V   0.17475 0.16099 0.34106 0.32321 ( 3)
  72 I   0.00023 0.33070 0.00045 0.66862 ( 4)
  73 S   0.22962 0.10717 0.44727 0.21594 ( 3)
  74 S   0.00056 0.33417 0.00110 0.66417 ( 4)
  75 L   0.02563 0.30994 0.05042 0.61400 ( 4)
  76 I   0.03807 0.29489 0.07425 0.59279 ( 4)
  77 G   0.31890 0.01917 0.62355 0.03838 ( 3)
  78 G   0.01710 0.31481 0.03331 0.63478 ( 4)
  79 G   0.00026 0.33113 0.00050 0.66812 ( 4)
  80 N   0.23505 0.10192 0.45712 0.20590 ( 3)
  81 -   0.18672 0.14904 0.36277 0.30147 ( 3)
  82 -   0.17804 0.15816 0.34974 0.31407 ( 3)
  83 I   0.33082 0.00815 0.64461 0.01642 ( 3)
  84 T   0.00102 0.33158 0.00199 0.66541 ( 4)
  85 S   0.15889 0.17727 0.31245 0.35138 ( 4)
  86 P   0.33122 0.00779 0.64529 0.01570 ( 3)
  87 I   0.01983 0.31464 0.03890 0.62664 ( 4)
  88 Y   0.32656 0.01219 0.63672 0.02453 ( 3)
  89 G   0.31978 0.01830 0.62529 0.03663 ( 3)
  90 R   0.18861 0.14760 0.37008 0.29370 ( 3)
  91 E   0.31323 0.02509 0.61127 0.05040 ( 3)
  92 A   0.01531 0.31827 0.02995 0.63648 ( 4)
  93 N   0.24426 0.09302 0.47457 0.18815 ( 3)
  94 Q   0.00157 0.33086 0.00306 0.66451 ( 4)
  95 E   0.28737 0.04971 0.56409 0.09884 ( 3)
  96 P   0.00001 0.33243 0.00003 0.66753 ( 4)
  97 P   0.31885 0.01814 0.62706 0.03595 ( 3)
  98 R   0.01430 0.31879 0.02797 0.63894 ( 4)
  99 S   0.00000 0.33131 0.00000 0.66869 ( 4)
 100 F   0.04615 0.28619 0.08981 0.57785 ( 4)
 101 T   0.00010 0.33862 0.00020 0.66108 ( 4)
 102 F   0.00443 0.32816 0.00865 0.65876 ( 4)
 103 N   0.00206 0.33143 0.00403 0.66248 ( 4)
 104 G   0.01193 0.32035 0.02326 0.64447 ( 4)
 105 -   0.03280 0.30212 0.06439 0.60069 ( 4)
 106 -   0.04057 0.29279 0.07922 0.58742 ( 4)
 107 P   0.30845 0.02964 0.60246 0.05945 ( 3)
 108 V   0.26195 0.07554 0.51042 0.15210 ( 3)
 109 F   0.27898 0.05907 0.54266 0.11929 ( 3)
 110 R   0.15448 0.18085 0.30153 0.36314 ( 4)
 111 T   0.32601 0.01266 0.63587 0.02546 ( 3)
 112 L   0.31670 0.02196 0.61713 0.04421 ( 3)
 113 S   0.31296 0.02487 0.61245 0.04972 ( 3)
 114 N   0.00599 0.32617 0.01169 0.65614 ( 4)
 115 P   0.00266 0.34693 0.00964 0.64077 ( 4)
 116 T   0.32969 0.00957 0.64141 0.01932 ( 3)
 117 L   0.00093 0.33129 0.00182 0.66596 ( 4)
 118 R   0.13796 0.19684 0.26884 0.39635 ( 4)
 119 L   0.00000 0.44754 0.00000 0.55245 ( 4)
 120 L   0.00161 0.32936 0.00312 0.66591 ( 4)
 121 Q   0.00010 0.34378 0.00020 0.65592 ( 4)
 122 Q   0.03399 0.29763 0.06604 0.60233 ( 4)
 123 P   0.32824 0.01071 0.63949 0.02157 ( 3)
 124 W   0.00021 0.33623 0.00042 0.66314 ( 4)
 125 P   0.05850 0.27795 0.11537 0.54819 ( 4)
 126 A   0.00509 0.33135 0.01005 0.65351 ( 4)
 127 P   0.02973 0.30671 0.05864 0.60492 ( 4)
 128 P   0.04355 0.29290 0.08588 0.57767 ( 4)
 129 F   0.27382 0.06262 0.54005 0.12350 ( 3)
 130 N   0.00586 0.33059 0.01155 0.65200 ( 4)
 131 L   0.17159 0.16406 0.33488 0.32947 ( 3)
 132 R   0.03616 0.29603 0.07036 0.59745 ( 4)
 133 G   0.02040 0.31305 0.03989 0.62666 ( 4)
 134 V   0.00225 0.33275 0.00441 0.66059 ( 4)
 135 E   0.31121 0.02607 0.61089 0.05183 ( 3)
 136 G   0.31478 0.02322 0.61551 0.04649 ( 3)
 137 V   0.31804 0.01906 0.62508 0.03782 ( 3)
 138 E   0.32841 0.01020 0.64089 0.02049 ( 3)
 139 F   0.32425 0.01309 0.63666 0.02601 ( 3)
 140 S   0.00157 0.33171 0.00308 0.66365 ( 4)
 141 T   0.00236 0.32859 0.00459 0.66445 ( 4)
 142 P   0.00449 0.32698 0.00873 0.65980 ( 4)
 143 T   0.00022 0.33169 0.00043 0.66766 ( 4)
 144 -   0.16257 0.17387 0.32063 0.34292 ( 4)
 145 N   0.00302 0.32823 0.00587 0.66288 ( 4)
 146 S   0.04064 0.29257 0.07932 0.58747 ( 4)
 147 F   0.00002 0.33095 0.00004 0.66898 ( 4)
 148 T   0.02926 0.30593 0.05748 0.60733 ( 4)
 149 Y   0.33040 0.00843 0.64421 0.01696 ( 3)
 150 R   0.32378 0.01482 0.63162 0.02979 ( 3)
 151 G   0.04126 0.29162 0.08043 0.58669 ( 4)
 152 R   0.21539 0.12107 0.42277 0.24077 ( 3)
 153 G   0.32839 0.01053 0.63987 0.02120 ( 3)
 154 T   0.00010 0.33262 0.00019 0.66708 ( 4)
 155 V   0.03610 0.29671 0.07038 0.59681 ( 4)
 156 D   0.33530 0.00416 0.65213 0.00841 ( 3)
 157 S   0.32747 0.01150 0.63787 0.02316 ( 3)
 158 L   0.05379 0.27878 0.10465 0.56278 ( 4)
 159 T   0.00333 0.32795 0.00647 0.66226 ( 4)
 160 E   0.30645 0.03174 0.59805 0.06376 ( 3)
 161 L   0.30618 0.03148 0.59948 0.06286 ( 3)
 162 P   0.29501 0.04284 0.57622 0.08592 ( 3)
 163 P   0.33024 0.00875 0.64339 0.01762 ( 3)
 164 E   0.00042 0.33283 0.00083 0.66591 ( 4)
 165 D   0.08310 0.25016 0.16168 0.50507 ( 4)
 166 N   0.00001 0.50427 0.00012 0.49561 ( 2)
 167 S   0.00366 0.32758 0.00711 0.66165 ( 4)
 168 V   0.14106 0.19401 0.27531 0.38962 ( 4)
 169 P   0.02767 0.30463 0.05391 0.61379 ( 4)
 170 P   0.33024 0.00875 0.64339 0.01762 ( 3)
 171 R   0.00001 0.33250 0.00002 0.66748 ( 4)
 172 E   0.00123 0.32974 0.00238 0.66665 ( 4)
 173 G   0.01760 0.31772 0.03461 0.63007 ( 4)
 174 Y   0.32783 0.01095 0.63918 0.02204 ( 3)
 175 S   0.33598 0.00365 0.65298 0.00739 ( 3)
 176 H   0.30321 0.03477 0.59237 0.06964 ( 3)
 177 R   0.32443 0.01418 0.63289 0.02850 ( 3)
 178 L   0.30826 0.02942 0.60357 0.05875 ( 3)
 179 C   0.31465 0.02234 0.61874 0.04428 ( 3)
 180 H   0.33345 0.00568 0.64942 0.01144 ( 3)
 181 A   0.32716 0.01144 0.63841 0.02298 ( 3)
 182 T   0.31812 0.02040 0.62048 0.04100 ( 3)
 183 F   0.33515 0.00428 0.65192 0.00864 ( 3)
 184 V   0.16837 0.16748 0.32966 0.33449 ( 4)
 185 Q   0.01612 0.31657 0.03146 0.63585 ( 4)
 186 R   0.13318 0.20292 0.26202 0.40189 ( 4)
 187 S   0.06087 0.27165 0.11832 0.54917 ( 4)
 188 G   0.20056 0.13553 0.38979 0.27412 ( 3)
 189 T   0.01403 0.31932 0.02743 0.63922 ( 4)
 190 P   0.32728 0.01114 0.63924 0.02235 ( 3)
 191 F   0.00105 0.33143 0.00205 0.66546 ( 4)
 192 L   0.18799 0.14789 0.36631 0.29780 ( 3)
 193 T   0.05290 0.28354 0.10433 0.55922 ( 4)
 194 T   0.22829 0.10843 0.44547 0.21781 ( 3)
 195 G   0.31566 0.02131 0.62080 0.04223 ( 3)
 196 V   0.00000 0.33521 0.00000 0.66479 ( 4)
 197 V   0.18872 0.14725 0.36832 0.29571 ( 3)
 198 F   0.27367 0.06425 0.53234 0.12973 ( 3)
 199 S   0.25428 0.08306 0.49530 0.16736 ( 3)
 200 W   0.26654 0.07026 0.52372 0.13948 ( 3)
 201 T   0.32144 0.01714 0.62695 0.03446 ( 3)
 202 H   0.32599 0.01126 0.64038 0.02237 ( 3)
 203 R   0.32844 0.01024 0.64072 0.02059 ( 3)
 204 S   0.33195 0.00758 0.64515 0.01532 ( 3)


lnL = -2849.887412

