Supplemental results for CODEML (seqf: algn  treef: tree)


dN/dS (w) for site classes (K=4)

site class             0        1       2a       2b
proportion       0.58723  0.38758  0.01517  0.01001
background w     0.05142  0.33493  0.05142  0.33493
foreground w     0.05142  0.33493 13.08692 13.08692

Naive Empirical Bayes (NEB) probabilities for 4 classes
(amino acids refer to 1st sequence: BT_Cry1Ba1)

   1 P   0.91851 0.07769 0.00349 0.00032 ( 1)
   2 F   0.98942 0.00903 0.00153 0.00002 ( 1)
   3 A   0.19627 0.80204 0.00029 0.00140 ( 2)
   4 G   0.03329 0.96385 0.00009 0.00277 ( 2)
   5 Q   0.74979 0.24850 0.00124 0.00046 ( 1)
   6 L   0.01056 0.98544 0.00004 0.00396 ( 2)
   7 A   0.92441 0.07407 0.00139 0.00013 ( 1)
   8 S   0.86174 0.13618 0.00177 0.00030 ( 1)
   9 F   0.81258 0.18297 0.00359 0.00085 ( 1)
  10 Y   0.98184 0.01638 0.00175 0.00003 ( 1)
  11 S   0.94422 0.05490 0.00083 0.00006 ( 1)
  12 F   0.98864 0.00981 0.00153 0.00002 ( 1)
  13 L   0.39882 0.59761 0.00137 0.00220 ( 2)
  14 V   0.27196 0.72398 0.00103 0.00303 ( 2)
  15 G   0.89041 0.10834 0.00109 0.00016 ( 1)
  16 E   0.80203 0.19585 0.00167 0.00045 ( 1)
  17 L   0.96552 0.03303 0.00139 0.00005 ( 1)
  18 W   0.84304 0.15300 0.00333 0.00063 ( 1)
  19 P   0.96080 0.03540 0.00366 0.00015 ( 1)
  20 R   0.00728 0.99058 0.00001 0.00213 ( 2)
  21 G   0.29450 0.70273 0.00078 0.00199 ( 2)
  22 R   0.18864 0.80940 0.00032 0.00164 ( 2)
  23 -   0.68417 0.29065 0.01767 0.00751 ( 1)
  24 D   0.22066 0.77710 0.00047 0.00177 ( 2)
  25 Q   0.01344 0.98470 0.00002 0.00183 ( 2)
  26 W   0.84304 0.15300 0.00333 0.00063 ( 1)
  27 E   0.99260 0.00539 0.00199 0.00001 ( 1)
  28 I   0.07071 0.92611 0.00020 0.00297 ( 2)
  29 F   0.92020 0.07824 0.00143 0.00014 ( 1)
  30 L   0.52404 0.47519 0.00037 0.00040 ( 1)
  31 E   0.67145 0.32642 0.00135 0.00079 ( 1)
  32 H   0.59419 0.40457 0.00069 0.00055 ( 1)
  33 V   0.98101 0.01653 0.00241 0.00005 ( 1)
  34 E   0.99296 0.00504 0.00199 0.00001 ( 1)
  35 Q   0.12394 0.87380 0.00026 0.00200 ( 2)
  36 L   0.55239 0.44609 0.00079 0.00073 ( 1)
  37 I   0.04271 0.95512 0.00008 0.00209 ( 2)
  38 N   0.00000 0.99233 0.00000 0.00767 ( 2)
  39 Q   0.82723 0.17108 0.00137 0.00032 ( 1)
  40 Q   0.94341 0.05489 0.00159 0.00011 ( 1)
  41 I   0.97583 0.02238 0.00174 0.00005 ( 1)
  42 T   0.49310 0.50245 0.00215 0.00231 ( 2)
  43 E   0.00429 0.99425 0.00001 0.00146 ( 2)
  44 N   0.36026 0.63486 0.00171 0.00317 ( 2)
  45 A   0.71774 0.28062 0.00112 0.00052 ( 1)
  46 R   0.97746 0.02145 0.00106 0.00003 ( 1)
  47 N   0.64025 0.35806 0.00106 0.00064 ( 1)
  48 T   0.03593 0.96205 0.00006 0.00196 ( 2)
  49 A   0.98701 0.01144 0.00153 0.00002 ( 1)
  50 L   0.84713 0.15141 0.00122 0.00025 ( 1)
  51 A   0.00758 0.99043 0.00001 0.00198 ( 2)
  52 R   0.01518 0.98273 0.00003 0.00206 ( 2)
  53 L   0.95268 0.04477 0.00243 0.00013 ( 1)
  54 Q   0.03326 0.96473 0.00006 0.00196 ( 2)
  55 G   0.98791 0.01070 0.00137 0.00002 ( 1)
  56 L   0.95737 0.04012 0.00240 0.00011 ( 1)
  57 G   0.98885 0.00976 0.00137 0.00002 ( 1)
  58 D   0.42598 0.57217 0.00070 0.00115 ( 2)
  59 S   0.36044 0.63789 0.00054 0.00113 ( 2)
  60 F   0.29267 0.70313 0.00120 0.00301 ( 2)
  61 R   0.00047 0.99779 0.00000 0.00174 ( 2)
  62 A   0.72054 0.27462 0.00345 0.00139 ( 1)
  63 Y   0.94775 0.04751 0.00450 0.00024 ( 1)
  64 Q   0.81371 0.18509 0.00094 0.00025 ( 1)
  65 Q   0.11529 0.88233 0.00023 0.00214 ( 2)
  66 S   0.94040 0.05514 0.00419 0.00026 ( 1)
  67 L   0.97661 0.01781 0.00546 0.00011 ( 1)
  68 E   0.95012 0.04786 0.00190 0.00012 ( 1)
  69 D   0.04856 0.95042 0.00004 0.00098 ( 2)
  70 W   0.84304 0.15300 0.00333 0.00063 ( 1)
  71 L   0.01080 0.98702 0.00002 0.00216 ( 2)
  72 E   0.00018 0.97741 0.00003 0.02238 ( 2)
  73 N   0.99100 0.00761 0.00138 0.00001 ( 1)
  74 R   0.67540 0.31952 0.00341 0.00168 ( 1)
  75 D   0.95684 0.04174 0.00136 0.00007 ( 1)
  76 D   0.83700 0.16137 0.00135 0.00028 ( 1)
  77 A   0.05101 0.94748 0.00007 0.00145 ( 2)
  78 R   0.98552 0.01338 0.00109 0.00002 ( 1)
  79 T   0.02248 0.94046 0.00439 0.03268 ( 2)
  80 R   0.91514 0.08370 0.00105 0.00011 ( 1)
  81 S   0.99032 0.00880 0.00087 0.00001 ( 1)
  82 V   0.98698 0.01068 0.00231 0.00003 ( 1)
  83 L   0.77205 0.22320 0.00364 0.00112 ( 1)
  84 Y   0.00006 0.99781 0.00000 0.00213 ( 2)
  85 T   0.00093 0.98028 0.00011 0.01869 ( 2)
  86 Q   0.96810 0.03024 0.00161 0.00006 ( 1)
  87 Y   0.88273 0.11415 0.00273 0.00039 ( 1)
  88 I   0.19854 0.79836 0.00055 0.00255 ( 2)
  89 A   0.22804 0.50678 0.19183 0.07335 ( 2)
  90 L   0.94825 0.04758 0.00396 0.00021 ( 1)
  91 E   0.94889 0.04909 0.00190 0.00012 ( 1)
  92 L   0.96221 0.03601 0.00171 0.00007 ( 1)
  93 D   0.09892 0.90026 0.00007 0.00075 ( 2)
  94 F   0.89598 0.10175 0.00202 0.00025 ( 1)
  95 L   0.90337 0.09000 0.00593 0.00070 ( 1)
  96 N   0.00015 0.99574 0.00000 0.00411 ( 2)
  97 A   0.00000 0.13395 0.00008 0.86597 ( 4)
  98 M   0.42900 0.55917 0.00487 0.00696 ( 2)
  99 P   0.96387 0.03502 0.00106 0.00004 ( 1)
 100 L   0.45536 0.54321 0.00060 0.00082 ( 2)
 101 F   0.98578 0.01267 0.00153 0.00002 ( 1)
 102 A   0.99158 0.00687 0.00154 0.00001 ( 1)
 103 I   0.43450 0.56207 0.00144 0.00199 ( 2)
 104 R   0.01275 0.98576 0.00002 0.00147 ( 2)
 105 N   0.10908 0.88900 0.00017 0.00175 ( 2)
 106 Q   0.29826 0.69940 0.00066 0.00169 ( 2)
 107 E   0.92291 0.07389 0.00291 0.00029 ( 1)
 108 V   0.98776 0.00953 0.00268 0.00003 ( 1)
 109 P   0.86410 0.13460 0.00111 0.00020 ( 1)
 110 L   0.95218 0.04102 0.00650 0.00031 ( 1)
 111 L   0.95493 0.04255 0.00240 0.00012 ( 1)
 112 M   0.00196 0.99665 0.00000 0.00139 ( 2)
 113 V   0.93168 0.06629 0.00187 0.00016 ( 1)
 114 Y   0.97709 0.02113 0.00174 0.00004 ( 1)
 115 A   0.43986 0.55741 0.00113 0.00160 ( 2)
 116 Q   0.96013 0.03821 0.00159 0.00007 ( 1)
 117 A   0.98702 0.01148 0.00148 0.00002 ( 1)
 118 A   0.88668 0.11173 0.00138 0.00021 ( 1)
 119 N   0.98959 0.00901 0.00138 0.00002 ( 1)
 120 L   0.70572 0.29170 0.00177 0.00081 ( 1)
 121 H   0.93682 0.06093 0.00210 0.00015 ( 1)
 122 L   0.91789 0.07891 0.00293 0.00027 ( 1)
 123 L   0.91760 0.07918 0.00295 0.00027 ( 1)
 124 L   0.95421 0.04252 0.00311 0.00015 ( 1)
 125 L   0.94619 0.05129 0.00238 0.00014 ( 1)
 126 R   0.98687 0.01205 0.00107 0.00002 ( 1)
 127 D   0.99050 0.00785 0.00164 0.00002 ( 1)
 128 A   0.96559 0.03143 0.00288 0.00010 ( 1)
 129 S   0.96821 0.03047 0.00127 0.00005 ( 1)
 130 L   0.21665 0.78124 0.00040 0.00172 ( 2)
 131 F   0.94013 0.05831 0.00146 0.00011 ( 1)
 132 G   0.93257 0.06604 0.00129 0.00011 ( 1)
 133 S   0.00138 0.99659 0.00000 0.00202 ( 2)
 134 E   0.51567 0.48047 0.00184 0.00202 ( 1)
 135 F   0.03136 0.96453 0.00012 0.00399 ( 2)
 136 G   0.98350 0.01511 0.00136 0.00002 ( 1)
 137 L   0.61557 0.38177 0.00157 0.00108 ( 1)
 138 T   0.52366 0.47439 0.00097 0.00099 ( 1)
 139 S   0.00003 0.87266 0.00002 0.12729 ( 2)
 140 Q   0.00020 0.99773 0.00000 0.00208 ( 2)
 141 E   0.96135 0.03660 0.00196 0.00009 ( 1)
 142 I   0.98985 0.00833 0.00180 0.00002 ( 1)
 143 Q   0.28385 0.71219 0.00106 0.00290 ( 2)
 144 R   0.29233 0.70622 0.00038 0.00107 ( 2)
 145 Y   0.54222 0.45396 0.00197 0.00185 ( 1)
 146 Y   0.97763 0.02059 0.00174 0.00004 ( 1)
 147 E   0.01865 0.97734 0.00006 0.00394 ( 2)
 148 R   0.95487 0.04413 0.00094 0.00005 ( 1)
 149 Q   0.96403 0.03430 0.00160 0.00006 ( 1)
 150 V   0.04692 0.93726 0.00070 0.01512 ( 2)
 151 E   0.00112 0.99434 0.00000 0.00453 ( 2)
 152 R   0.00405 0.97408 0.00008 0.02179 ( 2)
 153 T   0.10784 0.89035 0.00016 0.00165 ( 2)
 154 R   0.00000 0.18922 0.00000 0.81078 ( 4)
 155 D   0.00540 0.99197 0.00001 0.00262 ( 2)
 156 Y   0.97820 0.02002 0.00174 0.00004 ( 1)
 157 S   0.18325 0.81203 0.00084 0.00388 ( 2)
 158 D   0.87170 0.12465 0.00314 0.00052 ( 1)
 159 Y   0.02758 0.96915 0.00014 0.00313 ( 2)
 160 C   0.95807 0.03839 0.00339 0.00015 ( 1)
 161 V   0.00028 0.75510 0.00056 0.24406 ( 2)
 162 E   0.02541 0.97248 0.00004 0.00207 ( 2)
 163 W   0.11595 0.87995 0.00046 0.00364 ( 2)
 164 Y   0.38418 0.42171 0.16318 0.03093 ( 2)
 165 N   0.00849 0.96597 0.00113 0.02441 ( 2)
 166 T   0.96685 0.02983 0.00321 0.00011 ( 1)
 167 G   0.97673 0.02036 0.00284 0.00007 ( 1)
 168 L   0.93545 0.04563 0.01796 0.00095 ( 1)
 169 N   0.05919 0.93915 0.00008 0.00158 ( 2)
 170 S   0.00038 0.86878 0.00028 0.13057 ( 2)
 171 L   0.64253 0.35175 0.00358 0.00213 ( 1)
 172 R   0.38486 0.43874 0.14835 0.02805 ( 2)
 173 G   0.87748 0.11888 0.00317 0.00047 ( 1)
 174 T   0.60194 0.07678 0.31447 0.00680 ( 1)
 175 N   0.28303 0.71537 0.00039 0.00120 ( 2)
 176 A   0.83030 0.16791 0.00145 0.00034 ( 1)
 177 A   0.00124 0.99627 0.00000 0.00248 ( 2)
 178 S   0.03673 0.79740 0.03588 0.12999 ( 2)
 179 W   0.84304 0.15300 0.00333 0.00063 ( 1)
 180 V   0.35571 0.64147 0.00089 0.00193 ( 2)
 181 R   0.00039 0.16640 0.01851 0.81470 ( 4)
 182 Y   0.98184 0.01638 0.00175 0.00003 ( 1)
 183 N   0.94510 0.05350 0.00132 0.00009 ( 1)
 184 Q   0.96810 0.03024 0.00161 0.00006 ( 1)
 185 F   0.94438 0.05339 0.00210 0.00013 ( 1)
 186 R   0.95592 0.04309 0.00094 0.00005 ( 1)
 187 R   0.93997 0.05893 0.00102 0.00008 ( 1)
 188 D   0.86710 0.13103 0.00161 0.00026 ( 1)
 189 L   0.45406 0.54516 0.00032 0.00045 ( 2)
 190 T   0.58695 0.41167 0.00076 0.00062 ( 1)
 191 L   0.31431 0.68300 0.00079 0.00190 ( 2)
 192 G   0.15440 0.84479 0.00011 0.00070 ( 2)
 193 V   0.99065 0.00689 0.00243 0.00002 ( 1)
 194 L   0.95414 0.04347 0.00227 0.00011 ( 1)
 195 D   0.99425 0.00410 0.00164 0.00001 ( 1)
 196 L   0.94778 0.04962 0.00245 0.00014 ( 1)
 197 V   0.79773 0.19891 0.00264 0.00071 ( 1)
 198 A   0.67985 0.31850 0.00106 0.00059 ( 1)
 199 L   0.75986 0.23773 0.00180 0.00062 ( 1)
 200 F   0.96361 0.03416 0.00215 0.00008 ( 1)
 201 P   0.61013 0.07609 0.30735 0.00643 ( 1)
 202 S   0.61506 0.38283 0.00126 0.00084 ( 1)


lnL = -4528.212749

