Supplemental results for CODEML (seqf: algn  treef: tree)


dN/dS (w) for site classes (K=4)

site class             0        1       2a       2b
proportion       0.70846  0.28685  0.00334  0.00135
background w     0.07326  1.14412  0.07326  1.14412
foreground w     0.07326  1.14412 83.59009 83.59009

Naive Empirical Bayes (NEB) probabilities for 4 classes
(amino acids refer to 1st sequence: BT_Cry1Ca11)

   1 N   0.93868 0.06013 0.00111 0.00007 ( 1)
   2 F   0.98671 0.01280 0.00048 0.00001 ( 1)
   3 V   0.98129 0.01804 0.00065 0.00001 ( 1)
   4 P   0.97570 0.02300 0.00127 0.00003 ( 1)
   5 G   0.91734 0.08111 0.00142 0.00013 ( 1)
   6 G   0.97296 0.02550 0.00150 0.00004 ( 1)
   7 G   0.94512 0.05333 0.00147 0.00008 ( 1)
   8 F   0.98671 0.01280 0.00048 0.00001 ( 1)
   9 L   0.62660 0.37283 0.00035 0.00022 ( 1)
  10 V   0.10958 0.88953 0.00009 0.00079 ( 2)
  11 G   0.98397 0.01553 0.00050 0.00001 ( 1)
  12 L   0.96018 0.03896 0.00083 0.00003 ( 1)
  13 I   0.00007 0.97303 0.00002 0.02688 ( 2)
  14 D   0.98431 0.00985 0.00578 0.00006 ( 1)
  15 F   0.05275 0.94672 0.00003 0.00050 ( 2)
  16 V   0.87196 0.12750 0.00047 0.00007 ( 1)
  17 W   0.88023 0.11775 0.00178 0.00024 ( 1)
  18 G   0.95595 0.04251 0.00148 0.00007 ( 1)
  19 I   0.31095 0.68853 0.00016 0.00036 ( 2)
  20 V   0.47720 0.52121 0.00075 0.00084 ( 2)
  21 G   0.63446 0.36509 0.00028 0.00017 ( 1)
  22 P   0.97308 0.02631 0.00059 0.00002 ( 1)
  23 S   0.97727 0.02215 0.00057 0.00001 ( 1)
  24 Q   0.00046 0.99156 0.00004 0.00794 ( 2)
  25 W   0.88023 0.11775 0.00178 0.00024 ( 1)
  26 D   0.76728 0.23216 0.00042 0.00014 ( 1)
  27 A   0.14220 0.85692 0.00012 0.00076 ( 2)
  28 F   0.98671 0.01280 0.00048 0.00001 ( 1)
  29 L   0.96868 0.03079 0.00052 0.00002 ( 1)
  30 V   0.20875 0.79044 0.00015 0.00066 ( 2)
  31 Q   0.93398 0.06418 0.00172 0.00012 ( 1)
  32 I   0.98455 0.01489 0.00056 0.00001 ( 1)
  33 E   0.98680 0.01266 0.00054 0.00001 ( 1)
  34 Q   0.28808 0.71006 0.00053 0.00133 ( 2)
  35 L   0.93167 0.06675 0.00147 0.00011 ( 1)
  36 I   0.98455 0.01489 0.00056 0.00001 ( 1)
  37 N   0.90739 0.09215 0.00042 0.00004 ( 1)
  38 E   0.11656 0.88178 0.00020 0.00147 ( 2)
  39 R   0.98650 0.01305 0.00044 0.00001 ( 1)
  40 I   0.98776 0.01171 0.00053 0.00001 ( 1)
  41 A   0.62282 0.37662 0.00034 0.00022 ( 1)
  42 E   0.01133 0.98706 0.00002 0.00160 ( 2)
  43 F   0.00708 0.99244 0.00000 0.00047 ( 2)
  44 A   0.83911 0.16023 0.00055 0.00011 ( 1)
  45 R   0.97478 0.02477 0.00043 0.00001 ( 1)
  46 N   0.00904 0.99045 0.00000 0.00051 ( 2)
  47 A   0.20992 0.78956 0.00011 0.00042 ( 2)
  48 A   0.98621 0.01330 0.00048 0.00001 ( 1)
  49 I   0.95188 0.04622 0.00181 0.00009 ( 1)
  50 A   0.04261 0.95686 0.00002 0.00051 ( 2)
  51 N   0.38938 0.61005 0.00021 0.00036 ( 2)
  52 L   0.96018 0.03896 0.00083 0.00003 ( 1)
  53 E   0.98680 0.01266 0.00054 0.00001 ( 1)
  54 G   0.98373 0.01582 0.00045 0.00001 ( 1)
  55 L   0.96018 0.03896 0.00083 0.00003 ( 1)
  56 G   0.95595 0.04251 0.00148 0.00007 ( 1)
  57 N   0.18991 0.80963 0.00008 0.00037 ( 2)
  58 N   0.83567 0.16396 0.00030 0.00006 ( 1)
  59 F   0.08873 0.91058 0.00006 0.00063 ( 2)
  60 N   0.15101 0.84824 0.00011 0.00064 ( 2)
  61 I   0.71894 0.28018 0.00063 0.00025 ( 1)
  62 Y   0.96049 0.03888 0.00060 0.00003 ( 1)
  63 V   0.03332 0.96588 0.00003 0.00078 ( 2)
  64 E   0.97831 0.02070 0.00097 0.00002 ( 1)
  65 A   0.98677 0.01274 0.00048 0.00001 ( 1)
  66 F   0.98671 0.01280 0.00048 0.00001 ( 1)
  67 K   0.98723 0.01227 0.00050 0.00001 ( 1)
  68 E   0.98321 0.01577 0.00101 0.00002 ( 1)
  69 W   0.88023 0.11775 0.00178 0.00024 ( 1)
  70 E   0.98680 0.01266 0.00054 0.00001 ( 1)
  71 E   0.00016 0.99903 0.00000 0.00081 ( 2)
  72 D   0.17779 0.82171 0.00009 0.00041 ( 2)
  73 P   0.97448 0.02492 0.00059 0.00002 ( 1)
  74 N   0.80534 0.19420 0.00037 0.00009 ( 1)
  75 N   0.96892 0.02989 0.00115 0.00004 ( 1)
  76 P   0.00332 0.99620 0.00000 0.00048 ( 2)
  77 A   0.06030 0.93814 0.00009 0.00146 ( 2)
  78 T   0.69315 0.30634 0.00035 0.00016 ( 1)
  79 R   0.33509 0.66252 0.00080 0.00159 ( 2)
  80 T   0.04907 0.95032 0.00003 0.00058 ( 2)
  81 R   0.98650 0.01305 0.00044 0.00001 ( 1)
  82 V   0.98105 0.01830 0.00064 0.00001 ( 1)
  83 I   0.09955 0.89995 0.00005 0.00045 ( 2)
  84 D   0.78098 0.21802 0.00078 0.00022 ( 1)
  85 R   0.82893 0.17062 0.00037 0.00008 ( 1)
  86 F   0.98671 0.01280 0.00048 0.00001 ( 1)
  87 R   0.97125 0.02809 0.00064 0.00002 ( 1)
  88 I   0.98776 0.01171 0.00053 0.00001 ( 1)
  89 L   0.75107 0.24836 0.00042 0.00015 ( 1)
  90 D   0.99016 0.00938 0.00045 0.00000 ( 1)
  91 G   0.63019 0.36930 0.00032 0.00020 ( 1)
  92 L   0.54480 0.45446 0.00040 0.00034 ( 1)
  93 L   0.73895 0.26048 0.00042 0.00016 ( 1)
  94 E   0.98680 0.01266 0.00054 0.00001 ( 1)
  95 R   0.10579 0.89370 0.00005 0.00046 ( 2)
  96 D   0.82343 0.17615 0.00034 0.00008 ( 1)
  97 I   0.91258 0.08552 0.00174 0.00016 ( 1)
  98 P   0.97394 0.02543 0.00061 0.00002 ( 1)
  99 S   0.92611 0.07173 0.00201 0.00016 ( 1)
 100 F   0.98671 0.01280 0.00048 0.00001 ( 1)
 101 R   0.89295 0.10467 0.00213 0.00025 ( 1)
 102 I   0.75904 0.23966 0.00100 0.00030 ( 1)
 103 S   0.00004 0.99710 0.00000 0.00285 ( 2)
 104 G   0.98397 0.01553 0.00050 0.00001 ( 1)
 105 F   0.98671 0.01280 0.00048 0.00001 ( 1)
 106 E   0.98680 0.01266 0.00054 0.00001 ( 1)
 107 V   0.95607 0.04241 0.00145 0.00007 ( 1)
 108 P   0.94554 0.05386 0.00057 0.00003 ( 1)
 109 L   0.98062 0.01884 0.00052 0.00001 ( 1)
 110 L   0.95604 0.04308 0.00084 0.00004 ( 1)
 111 S   0.30962 0.68784 0.00078 0.00176 ( 2)
 112 V   0.97966 0.01967 0.00065 0.00001 ( 1)
 113 Y   0.97776 0.02161 0.00061 0.00001 ( 1)
 114 A   0.05434 0.94315 0.00014 0.00237 ( 2)
 115 Q   0.96958 0.02969 0.00071 0.00002 ( 1)
 116 A   0.97569 0.02382 0.00048 0.00001 ( 1)
 117 A   0.96832 0.03118 0.00049 0.00002 ( 1)
 118 N   0.99044 0.00914 0.00041 0.00000 ( 1)
 119 L   0.90810 0.09032 0.00143 0.00014 ( 1)
 120 H   0.98578 0.01378 0.00043 0.00001 ( 1)
 121 L   0.90461 0.09285 0.00231 0.00024 ( 1)
 122 A   0.98541 0.01409 0.00050 0.00001 ( 1)
 123 I   0.67501 0.32410 0.00059 0.00029 ( 1)
 124 L   0.94755 0.05159 0.00082 0.00005 ( 1)
 125 R   0.98650 0.01305 0.00044 0.00001 ( 1)
 126 D   0.99016 0.00938 0.00045 0.00000 ( 1)
 127 S   0.97727 0.02215 0.00057 0.00001 ( 1)
 128 V   0.05841 0.94089 0.00004 0.00066 ( 2)
 129 I   0.80430 0.19467 0.00081 0.00022 ( 1)
 130 F   0.98524 0.01425 0.00050 0.00001 ( 1)
 131 G   0.98397 0.01553 0.00050 0.00001 ( 1)
 132 E   0.56023 0.43876 0.00056 0.00045 ( 1)
 133 R   0.98650 0.01305 0.00044 0.00001 ( 1)
 134 W   0.88023 0.11775 0.00178 0.00024 ( 1)
 135 G   0.98397 0.01553 0.00050 0.00001 ( 1)
 136 L   0.91084 0.08758 0.00144 0.00014 ( 1)
 137 T   0.23017 0.15314 0.59159 0.02511 ( 3)
 138 T   0.98080 0.01872 0.00047 0.00001 ( 1)
 139 I   0.20418 0.79535 0.00009 0.00038 ( 2)
 140 N   0.99044 0.00914 0.00041 0.00000 ( 1)
 141 V   0.87565 0.12208 0.00199 0.00028 ( 1)
 142 N   0.99044 0.00914 0.00041 0.00000 ( 1)
 143 E   0.88180 0.11774 0.00040 0.00006 ( 1)
 144 N   0.38304 0.61505 0.00073 0.00119 ( 2)
 145 Y   0.97776 0.02161 0.00061 0.00001 ( 1)
 146 N   0.99044 0.00914 0.00041 0.00000 ( 1)
 147 R   0.98194 0.01762 0.00043 0.00001 ( 1)
 148 L   0.56741 0.43185 0.00041 0.00032 ( 1)
 149 I   0.77493 0.22440 0.00052 0.00016 ( 1)
 150 R   0.08163 0.91719 0.00009 0.00109 ( 2)
 151 H   0.00098 0.99855 0.00000 0.00047 ( 2)
 152 I   0.98455 0.01489 0.00056 0.00001 ( 1)
 153 D   0.01404 0.98495 0.00001 0.00099 ( 2)
 154 E   0.98680 0.01266 0.00054 0.00001 ( 1)
 155 Y   0.97776 0.02161 0.00061 0.00001 ( 1)
 156 A   0.06245 0.93595 0.00010 0.00150 ( 2)
 157 D   0.00105 0.99502 0.00004 0.00389 ( 2)
 158 H   0.96659 0.03297 0.00043 0.00002 ( 1)
 159 C   0.96030 0.03912 0.00055 0.00002 ( 1)
 160 A   0.84671 0.15263 0.00055 0.00011 ( 1)
 161 N   0.80534 0.19420 0.00037 0.00009 ( 1)
 162 T   0.91604 0.08242 0.00142 0.00013 ( 1)
 163 Y   0.97776 0.02161 0.00061 0.00001 ( 1)
 164 N   0.75835 0.24114 0.00038 0.00013 ( 1)
 165 R   0.34338 0.65615 0.00016 0.00031 ( 2)
 166 G   0.85958 0.13987 0.00047 0.00008 ( 1)
 167 L   0.95461 0.04453 0.00083 0.00004 ( 1)
 168 N   0.38938 0.61005 0.00021 0.00036 ( 2)
 169 N   0.13888 0.86044 0.00009 0.00058 ( 2)
 170 L   0.95264 0.04648 0.00084 0.00004 ( 1)
 171 P   0.00179 0.91767 0.00257 0.07797 ( 2)
 172 K   0.04956 0.94993 0.00002 0.00049 ( 2)
 173 S   0.00144 0.99805 0.00000 0.00051 ( 2)
 174 T   0.56646 0.43294 0.00033 0.00026 ( 1)
 175 Y   0.00477 0.99457 0.00000 0.00066 ( 2)
 176 Q   0.04913 0.94931 0.00008 0.00148 ( 2)
 177 D   0.09394 0.90526 0.00007 0.00072 ( 2)
 178 W   0.88023 0.11775 0.00178 0.00024 ( 1)
 179 I   0.15884 0.84065 0.00007 0.00043 ( 2)
 180 T   0.87355 0.12591 0.00047 0.00007 ( 1)
 181 Y   0.97776 0.02161 0.00061 0.00001 ( 1)
 182 N   0.99044 0.00914 0.00041 0.00000 ( 1)
 183 R   0.42634 0.57181 0.00079 0.00107 ( 2)
 184 L   0.78107 0.21844 0.00038 0.00011 ( 1)
 185 R   0.95010 0.04945 0.00042 0.00002 ( 1)
 186 R   0.98325 0.01553 0.00120 0.00002 ( 1)
 187 D   0.79845 0.20100 0.00044 0.00012 ( 1)
 188 L   0.94965 0.04875 0.00153 0.00008 ( 1)
 189 T   0.98674 0.01281 0.00045 0.00001 ( 1)
 190 L   0.94639 0.05273 0.00083 0.00005 ( 1)
 191 T   0.97573 0.02273 0.00151 0.00004 ( 1)
 192 V   0.98105 0.01830 0.00064 0.00001 ( 1)
 193 L   0.96018 0.03896 0.00083 0.00003 ( 1)
 194 D   0.99016 0.00938 0.00045 0.00000 ( 1)
 195 I   0.97215 0.02728 0.00055 0.00002 ( 1)
 196 A   0.42693 0.57080 0.00097 0.00131 ( 2)
 197 A   0.98541 0.01409 0.00050 0.00001 ( 1)
 198 F   0.00760 0.96291 0.00319 0.02629 ( 2)
 199 F   0.95789 0.04062 0.00143 0.00006 ( 1)
 200 P   0.93377 0.06415 0.00194 0.00014 ( 1)
 201 N   0.40958 0.58922 0.00049 0.00071 ( 2)


lnL = -1833.978548

