Supplemental results for CODEML (seqf: algn  treef: tree)


dN/dS (w) for site classes (K=4)

site class             0        1       2a       2b
proportion       0.43933  0.42253  0.07042  0.06772
background w     0.10832  0.89711  0.10832  0.89711
foreground w     0.10832  0.89711 77.38095 77.38095

Naive Empirical Bayes (NEB) probabilities for 4 classes
(amino acids refer to 1st sequence: BT_Cry7Ba1)

   1 -   0.69880 0.16306 0.11200 0.02614 ( 1)
   2 -   0.67893 0.18293 0.10882 0.02932 ( 1)
   3 T   0.10494 0.87766 0.00135 0.01605 ( 2)
   4 V   0.20753 0.78014 0.00210 0.01023 ( 2)
   5 E   0.95509 0.03668 0.00782 0.00042 ( 1)
   6 L   0.87852 0.11217 0.00812 0.00119 ( 1)
   7 T   0.95640 0.03237 0.01072 0.00051 ( 1)
   8 R   0.97262 0.02180 0.00543 0.00016 ( 1)
   9 T   0.17867 0.80262 0.00272 0.01599 ( 2)
  10 I   0.97726 0.01290 0.00963 0.00021 ( 1)
  11 Y   0.69780 0.28955 0.00802 0.00463 ( 1)
  12 T   0.00069 0.01381 0.94068 0.04481 ( 3)
  13 D   0.98304 0.00780 0.00902 0.00013 ( 1)
  14 P   0.94517 0.04857 0.00591 0.00035 ( 1)
  15 L   0.78095 0.21367 0.00396 0.00142 ( 1)
  16 G   0.98017 0.01442 0.00530 0.00011 ( 1)
  17 Y   0.18033 0.78656 0.00600 0.02711 ( 2)
  18 T   0.13736 0.84314 0.00166 0.01783 ( 2)
  19 G   0.90800 0.07766 0.01317 0.00118 ( 1)
  20 Y   0.47984 0.49457 0.00684 0.01875 ( 2)
  21 S   0.00016 0.00521 0.83361 0.16102 ( 3)
  22 N   0.43321 0.54735 0.00658 0.01287 ( 2)
  23 D   0.01640 0.92655 0.00106 0.05599 ( 2)
  24 E   0.80496 0.15115 0.03704 0.00686 ( 1)
  25 H   0.89097 0.10347 0.00479 0.00077 ( 1)
  26 P   0.89555 0.06877 0.03309 0.00259 ( 1)
  27 T   0.06390 0.52267 0.14390 0.26952 ( 2)
  28 Y   0.17248 0.81074 0.00229 0.01450 ( 2)
  29 Y   0.97068 0.01958 0.00946 0.00028 ( 1)
  30 -   0.21123 0.65063 0.03386 0.10428 ( 2)
  31 S   0.77390 0.17032 0.04110 0.01468 ( 1)
  32 S   0.72190 0.26682 0.00749 0.00379 ( 1)
  33 A   0.27929 0.63934 0.02572 0.05565 ( 2)
  34 K   0.00354 0.97965 0.00004 0.01677 ( 2)
  35 P   0.00006 0.84879 0.00009 0.15105 ( 2)
  36 F   0.93495 0.05736 0.00708 0.00061 ( 1)
  37 S   0.00247 0.98034 0.00004 0.01714 ( 2)
  38 S   0.24305 0.74126 0.00360 0.01209 ( 2)
  39 I   0.96849 0.02211 0.00910 0.00030 ( 1)
  40 E   0.95698 0.03602 0.00672 0.00029 ( 1)
  41 S   0.94470 0.04822 0.00656 0.00052 ( 1)
  42 R   0.11503 0.87720 0.00068 0.00708 ( 2)
  43 A   0.89552 0.07480 0.02731 0.00237 ( 1)
  44 V   0.09757 0.61196 0.20790 0.08257 ( 2)
  45 L   0.46605 0.22660 0.17437 0.13298 ( 1)
  46 A   0.04942 0.93538 0.00062 0.01457 ( 2)
  47 P   0.80874 0.15553 0.02989 0.00585 ( 1)
  48 S   0.01846 0.86458 0.00195 0.11502 ( 2)
  49 L   0.92242 0.06862 0.00824 0.00071 ( 1)
  50 F   0.86334 0.12424 0.01080 0.00162 ( 1)
  51 K   0.55174 0.40090 0.02761 0.01976 ( 1)
  52 W   0.79515 0.18978 0.01209 0.00298 ( 1)
  53 I   0.44983 0.52933 0.00919 0.01165 ( 2)
  54 T   0.97322 0.01611 0.01039 0.00028 ( 1)
  55 Q   0.08134 0.89570 0.00125 0.02171 ( 2)
  56 L   0.32993 0.66457 0.00158 0.00393 ( 2)
  57 E   0.00356 0.98202 0.00007 0.01435 ( 2)
  58 V   0.96386 0.02519 0.01057 0.00038 ( 1)
  59 Y   0.00743 0.97706 0.00008 0.01543 ( 2)
  60 T   0.00290 0.77157 0.00714 0.21838 ( 2)
  61 K   0.00063 0.26379 0.25636 0.47922 ( 4)
  62 K   0.00000 0.95118 0.00000 0.04881 ( 2)
  63 Y   0.00376 0.12488 0.17427 0.69710 ( 4)
  64 S   0.00000 0.03858 0.00154 0.95987 ( 4)
  65 Y   0.06495 0.82314 0.00776 0.10415 ( 2)
  66 S   0.00641 0.28815 0.29248 0.41297 ( 4)
  67 S   0.36035 0.62580 0.00427 0.00958 ( 2)
  68 Q   0.00008 0.68420 0.00002 0.31570 ( 2)
  69 Y   0.19599 0.78867 0.00237 0.01297 ( 2)
  70 T   0.70333 0.28310 0.00805 0.00552 ( 1)
  71 T   0.60427 0.36017 0.01908 0.01648 ( 1)
  72 L   0.00235 0.37599 0.17380 0.44787 ( 4)
  73 W   0.32977 0.65494 0.00501 0.01027 ( 2)
  74 T   0.78475 0.20322 0.00860 0.00343 ( 1)
  75 G   0.95078 0.04326 0.00566 0.00030 ( 1)
  76 L   0.29719 0.53298 0.03239 0.13744 ( 2)
  77 R   0.14786 0.80986 0.01605 0.02623 ( 2)
  78 V   0.92512 0.06013 0.01380 0.00095 ( 1)
  79 I   0.00472 0.89279 0.00817 0.09432 ( 2)
  80 A   0.47457 0.48116 0.03199 0.01229 ( 2)
  81 Q   0.02701 0.46378 0.18134 0.32788 ( 2)
  82 P   0.06002 0.92399 0.00093 0.01506 ( 2)
  83 T   0.97322 0.01611 0.01039 0.00028 ( 1)
  84 K   0.01158 0.94126 0.00144 0.04571 ( 2)
  85 D   0.01539 0.88686 0.02049 0.07726 ( 2)
  86 F   0.00005 0.22051 0.04170 0.73774 ( 4)
  87 T   0.00001 0.42068 0.00368 0.57563 ( 4)
  88 D   0.22762 0.71425 0.01477 0.04337 ( 2)
  89 T   0.00714 0.88654 0.00289 0.10344 ( 2)
  90 V   0.01775 0.41780 0.17075 0.39370 ( 2)
  91 Y   0.86197 0.12632 0.00973 0.00198 ( 1)
  92 D   0.64575 0.34154 0.00681 0.00590 ( 1)
  93 Y   0.04972 0.04453 0.85502 0.05073 ( 3)
  94 G   0.95078 0.04326 0.00566 0.00030 ( 1)
  95 S   0.08790 0.90150 0.00061 0.00999 ( 2)
  96 S   0.81925 0.17169 0.00697 0.00209 ( 1)
  97 S   0.88892 0.09402 0.01521 0.00186 ( 1)
  98 G   0.86327 0.13107 0.00467 0.00099 ( 1)
  99 S   0.81472 0.17621 0.00693 0.00214 ( 1)
 100 E   0.00117 0.71573 0.00515 0.27795 ( 2)
 101 N   0.00066 0.97887 0.00002 0.02044 ( 2)
 102 K   0.00580 0.98551 0.00005 0.00864 ( 2)
 103 D   0.00253 0.98018 0.00003 0.01725 ( 2)
 104 V   0.44533 0.54022 0.00545 0.00899 ( 2)
 105 F   0.98071 0.01200 0.00715 0.00013 ( 1)
 106 D   0.05007 0.04146 0.82541 0.08305 ( 3)
 107 L   0.90724 0.08832 0.00393 0.00051 ( 1)
 108 Y   0.03926 0.75381 0.06179 0.14514 ( 2)
 109 G   0.01660 0.95375 0.00049 0.02916 ( 2)
 110 N   0.77592 0.15277 0.06171 0.00960 ( 1)
 111 D   0.98304 0.00780 0.00902 0.00013 ( 1)
 112 V   0.76185 0.22883 0.00668 0.00264 ( 1)
 113 Y   0.97068 0.01958 0.00946 0.00028 ( 1)
 114 D   0.12122 0.83629 0.00360 0.03889 ( 2)
 115 T   0.00485 0.96216 0.00088 0.03211 ( 2)
 116 Q   0.04624 0.94629 0.00031 0.00716 ( 2)
 117 S   0.33312 0.65586 0.00273 0.00830 ( 2)
 118 V   0.00162 0.64604 0.02474 0.32760 ( 2)
 119 V   0.00348 0.24295 0.23335 0.52023 ( 4)
 120 S   0.02665 0.94147 0.00061 0.03127 ( 2)
 121 S   0.11132 0.86020 0.00314 0.02534 ( 2)
 122 Y   0.01139 0.27912 0.30844 0.40104 ( 4)
 123 K   0.00135 0.13224 0.58427 0.28214 ( 3)
 124 P   0.00720 0.26603 0.41764 0.30913 ( 3)
 125 T   0.02151 0.12806 0.65147 0.19896 ( 3)
 126 G   0.06559 0.91243 0.00094 0.02104 ( 2)
 127 G   0.04190 0.44917 0.18904 0.31989 ( 2)
 128 G   0.00699 0.83133 0.00289 0.15879 ( 2)
 129 H   0.78331 0.15224 0.05552 0.00893 ( 1)
 130 F   0.15824 0.83134 0.00116 0.00926 ( 2)
 131 G   0.39046 0.59408 0.00596 0.00949 ( 2)
 132 V   0.00054 0.00820 0.95930 0.03196 ( 3)
 133 P   0.97388 0.02166 0.00435 0.00012 ( 1)
 134 Q   0.00006 0.98558 0.00000 0.01436 ( 2)
 135 F   0.23605 0.75334 0.00193 0.00868 ( 2)
 136 R   0.01557 0.80545 0.01487 0.16411 ( 2)
 137 L   0.92242 0.06862 0.00824 0.00071 ( 1)
 138 F   0.06773 0.29095 0.41496 0.22636 ( 3)
 139 W   0.00351 0.98002 0.00006 0.01641 ( 2)
 140 I   0.92215 0.01420 0.06225 0.00140 ( 1)
 141 T   0.83518 0.08876 0.06601 0.01006 ( 1)
 142 K   0.00275 0.95813 0.00010 0.03902 ( 2)
 143 S   0.03138 0.54246 0.02059 0.40557 ( 2)
 144 N   0.98021 0.00843 0.01118 0.00018 ( 1)
 145 G   0.00003 0.83901 0.00002 0.16094 ( 2)
 146 L   0.89310 0.09801 0.00795 0.00094 ( 1)
 147 R   0.00320 0.58911 0.00808 0.39961 ( 2)
 148 E   0.80091 0.18917 0.00685 0.00307 ( 1)
 149 Q   0.13938 0.83270 0.00411 0.02381 ( 2)
 150 I   0.00280 0.86007 0.00045 0.13668 ( 2)
 151 F   0.97608 0.01661 0.00713 0.00018 ( 1)
 152 N   0.42671 0.55279 0.00657 0.01394 ( 2)
 153 Y   0.37623 0.60994 0.00425 0.00959 ( 2)
 154 A   0.00046 0.81925 0.00025 0.18004 ( 2)
 155 N   0.01323 0.88246 0.02165 0.08266 ( 2)
 156 N   0.92120 0.06688 0.01051 0.00141 ( 1)
 157 M   0.03407 0.09913 0.72987 0.13693 ( 3)
 158 G   0.15737 0.83186 0.00126 0.00951 ( 2)
 159 -   0.90785 0.04590 0.04360 0.00265 ( 1)
 160 S   0.40814 0.57810 0.00475 0.00902 ( 2)
 161 Y   0.00453 0.42794 0.07726 0.49027 ( 4)
 162 S   0.00212 0.98653 0.00002 0.01133 ( 2)
 163 A   0.00557 0.97957 0.00006 0.01480 ( 2)
 164 Y   0.00460 0.97723 0.00006 0.01811 ( 2)
 165 R   0.09162 0.90162 0.00057 0.00618 ( 2)
 166 F   0.83088 0.15708 0.00866 0.00339 ( 1)
 167 S   0.18615 0.80117 0.00237 0.01031 ( 2)
 168 K   0.52030 0.47172 0.00398 0.00400 ( 1)
 169 D   0.39355 0.56297 0.01021 0.03327 ( 2)
 170 E   0.23197 0.75615 0.00220 0.00968 ( 2)
 171 L   0.92242 0.06862 0.00824 0.00071 ( 1)
 172 P   0.87402 0.11962 0.00551 0.00085 ( 1)
 173 I   0.96849 0.02211 0.00910 0.00030 ( 1)
 174 E   0.82182 0.16962 0.00663 0.00193 ( 1)
 175 L   0.13199 0.85679 0.00143 0.00978 ( 2)
 176 L   0.05931 0.92800 0.00072 0.01197 ( 2)
 177 Q   0.00424 0.10534 0.21583 0.67459 ( 4)
 178 P   0.00000 0.00512 0.00264 0.99224 ( 4)
 179 P   0.97388 0.02166 0.00435 0.00012 ( 1)
 180 L   0.77741 0.13487 0.07142 0.01630 ( 1)
 181 F   0.77591 0.15376 0.05699 0.01334 ( 1)
 182 G   0.95078 0.04326 0.00566 0.00030 ( 1)
 183 D   0.98304 0.00780 0.00902 0.00013 ( 1)
 184 I   0.51657 0.44735 0.01502 0.02106 ( 1)
 185 E   0.91778 0.07541 0.00624 0.00057 ( 1)
 186 E   0.97142 0.02050 0.00784 0.00023 ( 1)
 187 Y   0.91640 0.05212 0.02973 0.00175 ( 1)
 188 S   0.92685 0.06688 0.00562 0.00065 ( 1)
 189 H   0.98497 0.01038 0.00457 0.00007 ( 1)
 190 R   0.89646 0.09777 0.00516 0.00060 ( 1)
 191 L   0.92242 0.06862 0.00824 0.00071 ( 1)
 192 S   0.98696 0.00698 0.00599 0.00007 ( 1)
 193 H   0.21731 0.76761 0.00322 0.01186 ( 2)
 194 V   0.87629 0.11501 0.00725 0.00145 ( 1)
 195 S   0.90976 0.07753 0.01158 0.00113 ( 1)
 196 E   0.94225 0.05092 0.00644 0.00039 ( 1)
 197 V   0.86764 0.12179 0.00895 0.00162 ( 1)
 198 I   0.08313 0.89962 0.00097 0.01628 ( 2)
 199 K   0.38131 0.60633 0.00367 0.00869 ( 2)
 200 D   0.01073 0.97143 0.00013 0.01772 ( 2)
 201 Y   0.04686 0.93538 0.00062 0.01715 ( 2)
 202 G   0.89290 0.09239 0.01330 0.00142 ( 1)
 203 E   0.00615 0.34708 0.12794 0.51883 ( 4)
 204 -   0.43933 0.42253 0.07042 0.06772 ( 1)
 205 -   0.43933 0.42253 0.07042 0.06772 ( 1)
 206 -   0.43933 0.42253 0.07042 0.06772 ( 1)
 207 -   0.43933 0.42253 0.07042 0.06772 ( 1)
 208 -   0.43933 0.42253 0.07042 0.06772 ( 1)
 209 -   0.43933 0.42253 0.07042 0.06772 ( 1)
 210 -   0.43933 0.42253 0.07042 0.06772 ( 1)
 211 -   0.43933 0.42253 0.07042 0.06772 ( 1)
 212 G   0.95078 0.04326 0.00566 0.00030 ( 1)
 213 I   0.26807 0.69444 0.00778 0.02971 ( 2)
 214 I   0.97726 0.01290 0.00963 0.00021 ( 1)
 215 P   0.95656 0.03882 0.00440 0.00022 ( 1)
 216 V   0.90965 0.08121 0.00823 0.00092 ( 1)
 217 L   0.92242 0.06862 0.00824 0.00071 ( 1)
 218 G   0.95872 0.03549 0.00552 0.00028 ( 1)
 219 W   0.00010 0.00263 0.79931 0.19796 ( 3)
 220 T   0.95873 0.02989 0.01091 0.00047 ( 1)
 221 H   0.98497 0.01038 0.00457 0.00007 ( 1)
 222 V   0.28448 0.70490 0.00249 0.00813 ( 2)
 223 S   0.81745 0.04441 0.13102 0.00712 ( 1)


lnL = -2858.551399

