Supplemental results for CODEML (seqf: algn  treef: tree)


dN/dS (w) for site classes (K=4)

site class             0        1       2a       2b
proportion       0.40668  0.27268  0.19194  0.12870
background w     0.11398  0.84371  0.11398  0.84371
foreground w     0.11398  0.84371  4.35245  4.35245

Naive Empirical Bayes (NEB) probabilities for 4 classes
(amino acids refer to 1st sequence: BT_Cry19Ba1)

   1 E   0.13320 0.40206 0.24479 0.21996 ( 2)
   2 -   0.40668 0.27268 0.19194 0.12870 ( 1)
   3 -   0.40668 0.27268 0.19194 0.12870 ( 1)
   4 V   0.01004 0.00843 0.95848 0.02305 ( 3)
   5 G   0.00920 0.00327 0.98214 0.00540 ( 3)
   6 P   0.01096 0.86255 0.00274 0.12376 ( 2)
   7 L   0.14423 0.27292 0.43163 0.15122 ( 3)
   8 L   0.89968 0.00974 0.08926 0.00131 ( 1)
   9 S   0.31015 0.01527 0.66794 0.00664 ( 3)
  10 W   0.12101 0.81324 0.00546 0.06030 ( 2)
  11 M   0.04574 0.18031 0.48081 0.29315 ( 3)
  12 V   0.00130 0.24534 0.33516 0.41820 ( 4)
  13 S   0.00016 0.03495 0.66471 0.30018 ( 3)
  14 L   0.11648 0.70397 0.02186 0.15769 ( 2)
  15 F   0.73105 0.19384 0.05498 0.02013 ( 1)
  16 W   0.72315 0.07739 0.17812 0.02134 ( 1)
  17 P   0.91897 0.00487 0.07561 0.00055 ( 1)
  18 T   0.00690 0.82156 0.01712 0.15442 ( 2)
  19 I   0.00017 0.27131 0.06159 0.66693 ( 4)
  20 -   0.57621 0.10316 0.27195 0.04869 ( 1)
  21 -   0.56783 0.11154 0.26799 0.05264 ( 1)
  22 -   0.52265 0.15671 0.24667 0.07396 ( 1)
  23 E   0.02009 0.83099 0.00286 0.14606 ( 2)
  24 E   0.00004 0.15849 0.00733 0.83415 ( 4)
  25 K   0.01036 0.88922 0.00077 0.09965 ( 2)
  26 N   0.94210 0.02980 0.02649 0.00162 ( 1)
  27 T   0.00151 0.18583 0.17854 0.63412 ( 4)
  28 V   0.87131 0.08376 0.03862 0.00631 ( 1)
  29 W   0.72315 0.07739 0.17812 0.02134 ( 1)
  30 E   0.35158 0.57689 0.01838 0.05315 ( 2)
  31 D   0.00000 0.00113 0.88382 0.11505 ( 3)
  32 M   0.00198 0.09283 0.51764 0.38755 ( 3)
  33 I   0.89232 0.06047 0.04281 0.00440 ( 1)
  34 K   0.94357 0.01597 0.03928 0.00117 ( 1)
  35 Y   0.00325 0.16814 0.32743 0.50118 ( 4)
  36 V   0.16216 0.17524 0.54326 0.11934 ( 3)
  37 A   0.72325 0.11359 0.13747 0.02568 ( 1)
  38 N   0.94084 0.02868 0.02886 0.00161 ( 1)
  39 L   0.80586 0.04001 0.14556 0.00857 ( 1)
  40 L   0.95377 0.01144 0.03403 0.00076 ( 1)
  41 K   0.00001 0.14036 0.00219 0.85744 ( 4)
  42 Q   0.03487 0.85524 0.00322 0.10667 ( 2)
  43 E   0.00568 0.04414 0.78423 0.16595 ( 3)
  44 L   0.09683 0.78633 0.00963 0.10721 ( 2)
  45 T   0.00001 0.06446 0.02250 0.91303 ( 4)
  46 N   0.00006 0.44293 0.00330 0.55371 ( 4)
  47 D   0.00015 0.64776 0.00109 0.35100 ( 2)
  48 T   0.05992 0.57342 0.11813 0.24853 ( 2)
  49 L   0.14584 0.30171 0.37307 0.17938 ( 3)
  50 N   0.00007 0.34233 0.01317 0.64442 ( 4)
  51 R   0.08466 0.80191 0.00822 0.10521 ( 2)
  52 A   0.94692 0.00279 0.05007 0.00023 ( 1)
  53 T   0.79674 0.01756 0.18115 0.00455 ( 1)
  54 S   0.00150 0.51909 0.00852 0.47089 ( 2)
  55 N   0.88937 0.06373 0.04112 0.00578 ( 1)
  56 L   0.83729 0.07017 0.08307 0.00947 ( 1)
  57 S   0.00394 0.57519 0.03253 0.38834 ( 2)
  58 G   0.64859 0.27962 0.04446 0.02734 ( 1)
  59 L   0.88742 0.02149 0.08818 0.00291 ( 1)
  60 N   0.00147 0.36304 0.02273 0.61276 ( 4)
  61 E   0.14657 0.21149 0.49151 0.15043 ( 3)
  62 S   0.06498 0.74119 0.02257 0.17126 ( 2)
  63 L   0.81328 0.03281 0.14688 0.00703 ( 1)
  64 N   0.00000 0.02398 0.08288 0.89314 ( 4)
  65 I   0.00916 0.08255 0.86050 0.04779 ( 3)
  66 Y   0.93240 0.00274 0.06457 0.00028 ( 1)
  67 N   0.86457 0.01081 0.12272 0.00191 ( 1)
  68 R   0.37367 0.17332 0.40468 0.04833 ( 3)
  69 A   0.14609 0.28835 0.40492 0.16064 ( 3)
  70 L   0.31912 0.00997 0.66671 0.00420 ( 3)
  71 A   0.89867 0.04987 0.04744 0.00403 ( 1)
  72 A   0.00024 0.37999 0.01458 0.60520 ( 4)
  73 W   0.72315 0.07739 0.17812 0.02134 ( 1)
  74 K   0.00372 0.05624 0.70667 0.23337 ( 3)
  75 Q   0.00000 0.37249 0.00024 0.62727 ( 4)
  76 -   0.40668 0.27268 0.19194 0.12870 ( 1)
  77 N   0.00202 0.63001 0.01464 0.35333 ( 2)
  78 K   0.00086 0.84190 0.00058 0.15666 ( 2)
  79 N   0.01221 0.78703 0.02521 0.17555 ( 2)
  80 N   0.00006 0.80296 0.00056 0.19641 ( 2)
  81 F   0.04065 0.63872 0.01918 0.30145 ( 2)
  82 A   0.03964 0.63972 0.01871 0.30193 ( 2)
  83 S   0.07740 0.60197 0.03653 0.28411 ( 2)
  84 -   0.40668 0.27268 0.19194 0.12870 ( 1)
  85 -   0.57146 0.10791 0.26971 0.05093 ( 1)
  86 G   0.21714 0.09190 0.66310 0.02787 ( 3)
  87 E   0.00297 0.07090 0.59594 0.33020 ( 3)
  88 L   0.00782 0.70725 0.00835 0.27658 ( 2)
  89 I   0.07769 0.82759 0.01020 0.08452 ( 2)
  90 R   0.31547 0.03337 0.63724 0.01392 ( 3)
  91 S   0.00005 0.85817 0.00006 0.14172 ( 2)
  92 Y   0.00448 0.87662 0.00046 0.11845 ( 2)
  93 I   0.94304 0.01098 0.04517 0.00081 ( 1)
  94 N   0.00005 0.19173 0.16038 0.64784 ( 4)
  95 D   0.12514 0.67951 0.02694 0.16842 ( 2)
  96 L   0.93959 0.00247 0.05771 0.00022 ( 1)
  97 H   0.95532 0.00394 0.04047 0.00027 ( 1)
  98 I   0.10118 0.36162 0.37804 0.15915 ( 3)
  99 L   0.00006 0.64528 0.00114 0.35352 ( 2)
 100 F   0.96199 0.00085 0.03711 0.00006 ( 1)
 101 T   0.00010 0.20562 0.03086 0.76341 ( 4)
 102 R   0.00000 0.60641 0.00002 0.39357 ( 2)
 103 D   0.03132 0.89140 0.00308 0.07420 ( 2)
 104 I   0.95909 0.00127 0.03955 0.00009 ( 1)
 105 Q   0.64983 0.30250 0.02390 0.02377 ( 1)
 106 S   0.00192 0.70797 0.00076 0.28936 ( 2)
 107 D   0.11263 0.05507 0.79667 0.03562 ( 3)
 108 F   0.82549 0.02506 0.14423 0.00521 ( 1)
 109 S   0.06035 0.66817 0.04604 0.22544 ( 2)
 110 L   0.18383 0.75141 0.00751 0.05725 ( 2)
 111 G   0.00000 0.26371 0.00445 0.73184 ( 4)
 112 G   0.00878 0.03655 0.85422 0.10045 ( 3)
 113 Y   0.93976 0.00365 0.05625 0.00033 ( 1)
 114 E   0.93825 0.02051 0.03974 0.00149 ( 1)
 115 T   0.00352 0.64496 0.00823 0.34330 ( 2)
 116 V   0.95698 0.00831 0.03415 0.00055 ( 1)
 117 L   0.89968 0.00974 0.08926 0.00131 ( 1)
 118 L   0.89625 0.01304 0.08895 0.00176 ( 1)
 119 P   0.91926 0.00481 0.07539 0.00054 ( 1)
 120 S   0.10120 0.02800 0.84963 0.02116 ( 3)
 121 Y   0.93930 0.00457 0.05572 0.00041 ( 1)
 122 A   0.21693 0.04360 0.71348 0.02600 ( 3)
 123 S   0.88221 0.06745 0.04463 0.00572 ( 1)
 124 A   0.08039 0.00934 0.89462 0.01565 ( 3)
 125 A   0.77534 0.04307 0.17074 0.01086 ( 1)
 126 N   0.96769 0.00501 0.02703 0.00027 ( 1)
 127 L   0.38776 0.02526 0.58246 0.00452 ( 3)
 128 H   0.95764 0.00171 0.04054 0.00011 ( 1)
 129 L   0.83166 0.01488 0.15026 0.00320 ( 1)
 130 L   0.15119 0.02625 0.79920 0.02335 ( 3)
 131 L   0.87160 0.01390 0.11207 0.00242 ( 1)
 132 L   0.89346 0.01571 0.08871 0.00212 ( 1)
 133 R   0.88358 0.02438 0.08882 0.00322 ( 1)
 134 D   0.86893 0.00172 0.12904 0.00031 ( 1)
 135 V   0.94305 0.01676 0.03900 0.00119 ( 1)
 136 A   0.06137 0.86449 0.00287 0.07127 ( 2)
 137 I   0.94457 0.01526 0.03902 0.00114 ( 1)
 138 Y   0.85269 0.07981 0.05960 0.00790 ( 1)
 139 G   0.93122 0.00451 0.06383 0.00044 ( 1)
 140 K   0.00093 0.00330 0.96455 0.03123 ( 3)
 141 E   0.00452 0.04177 0.80535 0.14836 ( 3)
 142 -   0.49096 0.29495 0.12816 0.08593 ( 1)
 143 -   0.42665 0.27943 0.17595 0.11798 ( 1)
 144 -   0.46668 0.29073 0.14522 0.09737 ( 1)
 145 -   0.48994 0.29488 0.12881 0.08637 ( 1)
 146 -   0.47778 0.29327 0.13706 0.09190 ( 1)
 147 -   0.49096 0.29495 0.12816 0.08593 ( 1)
 148 -   0.50238 0.29711 0.12003 0.08048 ( 1)
 149 -   0.42484 0.27886 0.17737 0.11893 ( 1)
 150 L   0.82669 0.01412 0.15591 0.00328 ( 1)
 151 G   0.01430 0.00177 0.98054 0.00338 ( 3)
 152 Y   0.94480 0.01720 0.03679 0.00121 ( 1)
 153 P   0.00000 0.18876 0.00112 0.81012 ( 4)
 154 S   0.00083 0.58351 0.00325 0.41241 ( 2)
 155 T   0.00003 0.89793 0.00000 0.10204 ( 2)
 156 D   0.00162 0.83860 0.00025 0.15952 ( 2)
 157 V   0.75856 0.12787 0.09332 0.02025 ( 1)
 158 E   0.00171 0.67997 0.00489 0.31344 ( 2)
 159 F   0.01532 0.91044 0.00071 0.07352 ( 2)
 160 Y   0.94124 0.00269 0.05583 0.00024 ( 1)
 161 Y   0.83946 0.12352 0.02890 0.00812 ( 1)
 162 N   0.00109 0.90584 0.00008 0.09299 ( 2)
 163 E   0.95575 0.00322 0.04080 0.00023 ( 1)
 164 Q   0.45546 0.40850 0.06308 0.07297 ( 1)
 165 K   0.25755 0.61558 0.03093 0.09594 ( 2)
 166 Y   0.00000 0.04362 0.00009 0.95629 ( 4)
 167 Y   0.92535 0.01806 0.05493 0.00166 ( 1)
 168 T   0.00604 0.00303 0.98420 0.00673 ( 3)
 169 E   0.04625 0.55412 0.11235 0.28728 ( 2)
 170 K   0.00021 0.41022 0.00196 0.58761 ( 4)
 171 Y   0.91397 0.01889 0.06516 0.00198 ( 1)
 172 S   0.77084 0.07168 0.14175 0.01572 ( 1)
 173 N   0.61219 0.34747 0.01945 0.02090 ( 1)
 174 Y   0.23061 0.16509 0.52889 0.07541 ( 3)
 175 C   0.77471 0.00777 0.21516 0.00237 ( 1)
 176 V   0.14342 0.20324 0.50295 0.15040 ( 3)
 177 N   0.09801 0.59509 0.12544 0.18146 ( 2)
 178 T   0.82811 0.12077 0.04173 0.00940 ( 1)
 179 Y   0.68140 0.09951 0.18881 0.03028 ( 1)
 180 K   0.42967 0.01492 0.55056 0.00485 ( 3)
 181 S   0.00469 0.90545 0.00031 0.08955 ( 2)
 182 G   0.45391 0.47827 0.02662 0.04121 ( 2)
 183 L   0.82495 0.02146 0.14900 0.00460 ( 1)
 184 E   0.14233 0.71464 0.01878 0.12426 ( 2)
 185 S   0.14370 0.73342 0.01558 0.10730 ( 2)
 186 K   0.32371 0.61685 0.01374 0.04570 ( 2)
 187 K   0.95817 0.00189 0.03980 0.00014 ( 1)
 188 Q   0.21380 0.71341 0.01094 0.06185 ( 2)
 189 I   0.94862 0.01131 0.03925 0.00082 ( 1)
 190 G   0.27902 0.06249 0.63000 0.02849 ( 3)
 191 W   0.72315 0.07739 0.17812 0.02134 ( 1)
 192 S   0.00698 0.61490 0.03027 0.34785 ( 2)
 193 D   0.00291 0.61554 0.00873 0.37282 ( 2)
 194 F   0.82747 0.02315 0.14458 0.00481 ( 1)
 195 N   0.94793 0.00762 0.04388 0.00057 ( 1)
 196 R   0.36563 0.47492 0.06240 0.09704 ( 2)
 197 Y   0.94124 0.00269 0.05583 0.00024 ( 1)
 198 R   0.89997 0.00845 0.09046 0.00112 ( 1)
 199 R   0.94179 0.00511 0.05268 0.00043 ( 1)
 200 E   0.00013 0.03696 0.42598 0.53692 ( 4)
 201 M   0.95333 0.00112 0.04547 0.00008 ( 1)
 202 T   0.94793 0.00375 0.04803 0.00029 ( 1)
 203 L   0.81074 0.03526 0.14645 0.00755 ( 1)
 204 S   0.14060 0.77952 0.00815 0.07173 ( 2)
 205 V   0.93818 0.01577 0.04480 0.00125 ( 1)
 206 L   0.89856 0.01082 0.08916 0.00146 ( 1)
 207 D   0.97168 0.00048 0.02781 0.00003 ( 1)
 208 I   0.39657 0.54840 0.01493 0.04009 ( 2)
 209 V   0.93180 0.02607 0.04006 0.00207 ( 1)
 210 A   0.92813 0.02108 0.04908 0.00171 ( 1)
 211 L   0.18202 0.01497 0.79130 0.01171 ( 3)
 212 F   0.83969 0.01126 0.14671 0.00234 ( 1)
 213 P   0.91897 0.00487 0.07561 0.00055 ( 1)
 214 L   0.00872 0.18205 0.22203 0.58720 ( 4)


lnL = -3755.586885

