Supplemental results for CODEML (seqf: algn  treef: tree)


dN/dS (w) for site classes (K=4)

site class             0        1       2a       2b
proportion       0.42108  0.44613  0.06448  0.06832
background w     0.10776  1.00000  0.10776  1.00000
foreground w     0.10776  1.00000  1.00000  1.00000

Naive Empirical Bayes (NEB) probabilities for 4 classes
(amino acids refer to 1st sequence: BT_Cry4Ba1)

   1 Y   0.44542 0.42178 0.06821 0.06459 ( 1)
   2 T   0.56688 0.30032 0.08681 0.04599 ( 1)
   3 D   0.58766 0.27955 0.08999 0.04281 ( 1)
   4 A   0.00459 0.83164 0.03642 0.12735 ( 2)
   5 I   0.89278 0.02963 0.07305 0.00454 ( 1)
   6 T   0.87237 0.03845 0.08329 0.00589 ( 1)
   7 Q   0.75741 0.13683 0.08481 0.02095 ( 1)
   8 V   0.87925 0.02120 0.09630 0.00325 ( 1)
   9 P   0.16124 0.56927 0.18231 0.08717 ( 2)
  10 A   0.89674 0.02275 0.07702 0.00348 ( 1)
  11 V   0.86107 0.04214 0.09034 0.00645 ( 1)
  12 K   0.43274 0.20623 0.32945 0.03158 ( 1)
  13 S   0.27201 0.43083 0.23119 0.06597 ( 2)
  14 N   0.02263 0.83212 0.01782 0.12742 ( 2)
  15 F   0.00004 0.86678 0.00045 0.13273 ( 2)
  16 L   0.46137 0.40584 0.07065 0.06215 ( 1)
  17 N   0.08011 0.12511 0.77562 0.01916 ( 3)
  18 A   0.11905 0.74971 0.01643 0.11480 ( 2)
  19 T   0.01125 0.78522 0.08329 0.12024 ( 2)
  20 A   0.00323 0.83648 0.03220 0.12809 ( 2)
  21 K   0.00037 0.86496 0.00223 0.13245 ( 2)
  22 V   0.89493 0.01991 0.08211 0.00305 ( 1)
  23 I   0.89278 0.02963 0.07305 0.00454 ( 1)
  24 K   0.01863 0.83378 0.01992 0.12768 ( 2)
  25 G   0.89058 0.01622 0.09071 0.00248 ( 1)
  26 P   0.89665 0.01270 0.08871 0.00194 ( 1)
  27 G   0.88910 0.01764 0.09056 0.00270 ( 1)
  28 H   0.57567 0.32256 0.05237 0.04939 ( 1)
  29 T   0.89151 0.02460 0.08013 0.00377 ( 1)
  30 G   0.89144 0.02260 0.08250 0.00346 ( 1)
  31 G   0.86038 0.03361 0.10086 0.00515 ( 1)
  32 D   0.91563 0.00777 0.07541 0.00119 ( 1)
  33 L   0.85875 0.03901 0.09627 0.00597 ( 1)
  34 V   0.87846 0.02130 0.09699 0.00326 ( 1)
  35 A   0.48657 0.40742 0.04362 0.06239 ( 1)
  36 L   0.17452 0.70223 0.01572 0.10753 ( 2)
  37 T   0.01316 0.77385 0.09449 0.11850 ( 2)
  38 S   0.00344 0.86258 0.00189 0.13209 ( 2)
  39 N   0.86477 0.02705 0.10404 0.00414 ( 1)
  40 G   0.46254 0.06188 0.46611 0.00948 ( 3)
  41 T   0.65344 0.22939 0.08205 0.03513 ( 1)
  42 L   0.75744 0.15008 0.06949 0.02298 ( 1)
  43 S   0.36395 0.52652 0.02890 0.08063 ( 2)
  44 -   0.42108 0.44613 0.06448 0.06832 ( 2)
  45 G   0.07026 0.79773 0.00985 0.12216 ( 2)
  46 R   0.78091 0.13684 0.06130 0.02095 ( 1)
  47 M   0.61387 0.28642 0.05585 0.04386 ( 1)
  48 E   0.43452 0.45652 0.03906 0.06991 ( 2)
  49 I   0.28085 0.59429 0.03386 0.09100 ( 2)
  50 Q   0.25675 0.62543 0.02205 0.09577 ( 2)
  51 C   0.18287 0.59076 0.13590 0.09046 ( 2)
  52 K   0.63439 0.24296 0.08545 0.03720 ( 1)
  53 T   0.30638 0.57181 0.03424 0.08756 ( 2)
  54 S   0.40027 0.46694 0.06129 0.07150 ( 2)
  55 I   0.02210 0.84511 0.00338 0.12941 ( 2)
  56 F   0.56195 0.30526 0.08605 0.04674 ( 1)
  57 N   0.60076 0.26645 0.09199 0.04080 ( 1)
  58 D   0.58766 0.27955 0.08999 0.04281 ( 1)
  59 P   0.54002 0.32719 0.08269 0.05010 ( 1)
  60 T   0.24364 0.62356 0.03731 0.09549 ( 2)
  61 R   0.02147 0.84574 0.00329 0.12951 ( 2)
  62 S   0.12248 0.74473 0.01876 0.11404 ( 2)
  63 Y   0.00366 0.86371 0.00037 0.13226 ( 2)
  64 G   0.00474 0.85963 0.00400 0.13163 ( 2)
  65 L   0.36757 0.52122 0.03140 0.07981 ( 2)
  66 R   0.85817 0.04317 0.09206 0.00661 ( 1)
  67 I   0.70862 0.18067 0.08305 0.02767 ( 1)
  68 R   0.88938 0.01319 0.09541 0.00202 ( 1)
  69 Y   0.89602 0.01253 0.08953 0.00192 ( 1)
  70 A   0.90653 0.01354 0.07786 0.00207 ( 1)
  71 A   0.05668 0.81293 0.00591 0.12448 ( 2)
  72 N   0.46363 0.42021 0.05181 0.06435 ( 1)
  73 S   0.65089 0.22692 0.08744 0.03475 ( 1)
  74 P   0.03913 0.83021 0.00353 0.12713 ( 2)
  75 I   0.75869 0.15275 0.06517 0.02339 ( 1)
  76 V   0.33314 0.54617 0.03705 0.08364 ( 2)
  77 L   0.23335 0.64215 0.02616 0.09833 ( 2)
  78 N   0.03435 0.83424 0.00365 0.12775 ( 2)
  79 V   0.07087 0.80050 0.00605 0.12258 ( 2)
  80 S   0.01038 0.85704 0.00134 0.13124 ( 2)
  81 Y   0.44995 0.44150 0.04094 0.06761 ( 1)
  82 V   0.04093 0.82628 0.00627 0.12653 ( 2)
  83 L   0.01457 0.85263 0.00223 0.13056 ( 2)
  84 Q   0.01197 0.85524 0.00183 0.13096 ( 2)
  85 G   0.31136 0.57215 0.02887 0.08761 ( 2)
  86 V   0.07092 0.80083 0.00562 0.12263 ( 2)
  87 S   0.00643 0.86111 0.00060 0.13186 ( 2)
  88 R   0.00757 0.86000 0.00074 0.13169 ( 2)
  89 G   0.12954 0.74076 0.01627 0.11343 ( 2)
  90 T   0.00471 0.86266 0.00053 0.13210 ( 2)
  91 T   0.00132 0.86509 0.00111 0.13247 ( 2)
  92 I   0.52691 0.37287 0.04312 0.05710 ( 1)
  93 S   0.00017 0.86704 0.00002 0.13277 ( 2)
  94 T   0.01381 0.85407 0.00134 0.13078 ( 2)
  95 E   0.00655 0.86104 0.00056 0.13185 ( 2)
  96 S   0.03292 0.83586 0.00322 0.12800 ( 2)
  97 T   0.13923 0.73561 0.01251 0.11264 ( 2)
  98 F   0.17832 0.69970 0.01483 0.10715 ( 2)
  99 S   0.87057 0.02827 0.09683 0.00433 ( 1)
 100 R   0.24160 0.63438 0.02687 0.09714 ( 2)
 101 P   0.12577 0.74875 0.01082 0.11466 ( 2)
 102 N   0.38534 0.50679 0.03027 0.07760 ( 2)
 103 N   0.83087 0.08981 0.06556 0.01375 ( 1)
 104 I   0.58043 0.28678 0.08888 0.04391 ( 1)
 105 I   0.58043 0.28678 0.08888 0.04391 ( 1)
 106 P   0.54002 0.32719 0.08269 0.05010 ( 1)
 107 T   0.56688 0.30032 0.08681 0.04599 ( 1)
 108 D   0.58766 0.27955 0.08999 0.04281 ( 1)
 109 L   0.86460 0.04480 0.08374 0.00686 ( 1)
 110 K   0.76752 0.12722 0.08578 0.01948 ( 1)
 111 Y   0.89602 0.01253 0.08953 0.00192 ( 1)
 112 E   0.90502 0.01052 0.08286 0.00161 ( 1)
 113 E   0.00641 0.86003 0.00186 0.13170 ( 2)
 114 F   0.78226 0.12692 0.07138 0.01944 ( 1)
 115 R   0.09007 0.71530 0.08511 0.10953 ( 2)
 116 Y   0.23657 0.64327 0.02166 0.09850 ( 2)
 117 K   0.01675 0.84655 0.00707 0.12963 ( 2)
 118 D   0.03201 0.57253 0.30780 0.08767 ( 2)
 119 P   0.10525 0.68892 0.10033 0.10549 ( 2)
 120 F   0.00877 0.85880 0.00092 0.13151 ( 2)
 121 D   0.89851 0.02685 0.07053 0.00411 ( 1)
 122 A   0.00552 0.85691 0.00634 0.13122 ( 2)
 123 I   0.57966 0.32130 0.04983 0.04920 ( 1)
 124 V   0.56068 0.30652 0.08586 0.04694 ( 1)
 125 P   0.45206 0.41514 0.06922 0.06357 ( 1)
 126 M   0.56447 0.30274 0.08644 0.04636 ( 1)
 127 R   0.56674 0.30047 0.08678 0.04601 ( 1)
 128 L   0.50686 0.36035 0.07762 0.05518 ( 1)
 129 S   0.54316 0.32405 0.08317 0.04962 ( 1)
 130 S   0.03060 0.83369 0.00804 0.12766 ( 2)
 131 N   0.12011 0.75356 0.01094 0.11539 ( 2)
 132 Q   0.13893 0.60604 0.16222 0.09280 ( 2)
 133 L   0.01086 0.85650 0.00148 0.13116 ( 2)
 134 I   0.00136 0.86472 0.00150 0.13241 ( 2)
 135 T   0.58510 0.31283 0.05416 0.04790 ( 1)
 136 I   0.86901 0.05094 0.07225 0.00780 ( 1)
 137 A   0.03329 0.83508 0.00375 0.12788 ( 2)
 138 I   0.30396 0.51614 0.10086 0.07904 ( 2)
 139 Q   0.29835 0.58679 0.02501 0.08985 ( 2)
 140 P   0.57780 0.32513 0.04728 0.04979 ( 1)
 141 L   0.54493 0.34182 0.06090 0.05234 ( 1)
 142 N   0.91117 0.01501 0.07152 0.00230 ( 1)
 143 M   0.81540 0.07310 0.10031 0.01119 ( 1)
 144 T   0.85741 0.06461 0.06809 0.00989 ( 1)
 145 S   0.00273 0.86454 0.00034 0.13239 ( 2)
 146 N   0.81651 0.10319 0.06449 0.01580 ( 1)
 147 N   0.09001 0.78145 0.00888 0.11966 ( 2)
 148 Q   0.04393 0.82452 0.00529 0.12626 ( 2)
 149 V   0.69054 0.21288 0.06398 0.03260 ( 1)
 150 I   0.03941 0.82855 0.00516 0.12688 ( 2)
 151 I   0.69403 0.19648 0.07941 0.03009 ( 1)
 152 D   0.91000 0.01306 0.07495 0.00200 ( 1)
 153 R   0.80447 0.10473 0.07476 0.01604 ( 1)
 154 I   0.16550 0.68212 0.04793 0.10445 ( 2)
 155 E   0.86050 0.04621 0.08621 0.00708 ( 1)
 156 I   0.79187 0.10851 0.08300 0.01662 ( 1)
 157 I   0.62580 0.24096 0.09634 0.03690 ( 1)


lnL = -2022.022702

