Supplemental results for CODEML (seqf: algn  treef: tree)


dN/dS (w) for site classes (K=4)

site class             0        1       2a       2b
proportion       0.47227  0.38845  0.07642  0.06286
background w     0.12783  1.00000  0.12783  1.00000
foreground w     0.12783  1.00000 88.50426 88.50426

Naive Empirical Bayes (NEB) probabilities for 4 classes
(amino acids refer to 1st sequence: BT_Cry7Ba1)

   1 -   0.72825 0.13248 0.11784 0.02144 ( 1)
   2 -   0.71009 0.15063 0.11490 0.02437 ( 1)
   3 T   0.15552 0.82690 0.00200 0.01558 ( 2)
   4 V   0.29601 0.69172 0.00299 0.00928 ( 2)
   5 E   0.96490 0.02687 0.00791 0.00032 ( 1)
   6 L   0.90383 0.08695 0.00829 0.00093 ( 1)
   7 T   0.96497 0.02383 0.01081 0.00039 ( 1)
   8 R   0.97931 0.01511 0.00547 0.00011 ( 1)
   9 T   0.25443 0.72692 0.00388 0.01477 ( 2)
  10 I   0.98081 0.00930 0.00973 0.00016 ( 1)
  11 Y   0.76852 0.21897 0.00889 0.00363 ( 1)
  12 T   0.00089 0.01286 0.95192 0.03433 ( 3)
  13 D   0.98521 0.00556 0.00913 0.00010 ( 1)
  14 P   0.95910 0.03469 0.00595 0.00025 ( 1)
  15 L   0.83944 0.15523 0.00427 0.00106 ( 1)
  16 G   0.98473 0.00984 0.00535 0.00008 ( 1)
  17 Y   0.25618 0.71112 0.00842 0.02427 ( 2)
  18 T   0.18989 0.79032 0.00232 0.01747 ( 2)
  19 G   0.92811 0.05789 0.01314 0.00086 ( 1)
  20 Y   0.59208 0.38368 0.00866 0.01558 ( 1)
  21 S   0.00020 0.00435 0.88008 0.11537 ( 3)
  22 N   0.55437 0.42663 0.00851 0.01050 ( 1)
  23 D   0.02539 0.91570 0.00172 0.05719 ( 2)
  24 E   0.84856 0.10542 0.04097 0.00505 ( 1)
  25 H   0.92632 0.06815 0.00501 0.00053 ( 1)
  26 P   0.91391 0.05088 0.03331 0.00189 ( 1)
  27 T   0.10014 0.46795 0.20085 0.23106 ( 2)
  28 Y   0.24367 0.73946 0.00326 0.01361 ( 2)
  29 Y   0.97618 0.01404 0.00957 0.00021 ( 1)
  30 -   0.25908 0.60164 0.04192 0.09735 ( 2)
  31 S   0.81947 0.12202 0.04657 0.01194 ( 1)
  32 S   0.79047 0.19836 0.00825 0.00292 ( 1)
  33 A   0.37975 0.53863 0.03498 0.04664 ( 2)
  34 K   0.00624 0.97641 0.00008 0.01727 ( 2)
  35 P   0.00011 0.85807 0.00016 0.14166 ( 2)
  36 F   0.94915 0.04314 0.00724 0.00047 ( 1)
  37 S   0.00422 0.97862 0.00007 0.01710 ( 2)
  38 S   0.28422 0.70019 0.00418 0.01141 ( 2)
  39 I   0.97458 0.01602 0.00917 0.00023 ( 1)
  40 E   0.96702 0.02608 0.00669 0.00021 ( 1)
  41 S   0.96158 0.03132 0.00673 0.00036 ( 1)
  42 R   0.15476 0.83730 0.00092 0.00701 ( 2)
  43 A   0.91394 0.05673 0.02755 0.00178 ( 1)
  44 V   0.13063 0.55278 0.24756 0.06903 ( 2)
  45 L   0.50726 0.16610 0.21415 0.11250 ( 1)
  46 A   0.08203 0.90262 0.00103 0.01432 ( 2)
  47 P   0.84162 0.12313 0.03068 0.00457 ( 1)
  48 S   0.02847 0.85432 0.00305 0.11416 ( 2)
  49 L   0.94014 0.05099 0.00833 0.00053 ( 1)
  50 F   0.89127 0.09655 0.01094 0.00124 ( 1)
  51 K   0.63156 0.31876 0.03327 0.01641 ( 1)
  52 W   0.83218 0.15309 0.01238 0.00235 ( 1)
  53 I   0.52959 0.44991 0.01068 0.00982 ( 1)
  54 T   0.97759 0.01171 0.01049 0.00021 ( 1)
  55 Q   0.13176 0.84494 0.00204 0.02126 ( 2)
  56 L   0.43797 0.55656 0.00209 0.00338 ( 2)
  57 E   0.00624 0.97943 0.00011 0.01422 ( 2)
  58 V   0.97080 0.01820 0.01071 0.00029 ( 1)
  59 Y   0.01290 0.97099 0.00015 0.01596 ( 2)
  60 T   0.00467 0.77551 0.01024 0.20957 ( 2)
  61 K   0.00106 0.26231 0.33965 0.39697 ( 4)
  62 K   0.00001 0.95020 0.00000 0.04979 ( 2)
  63 Y   0.00584 0.11898 0.24608 0.62911 ( 4)
  64 S   0.00000 0.04252 0.00258 0.95490 ( 4)
  65 Y   0.09082 0.79422 0.01107 0.10390 ( 2)
  66 S   0.01089 0.25855 0.39123 0.33934 ( 3)
  67 S   0.47842 0.50790 0.00570 0.00797 ( 2)
  68 Q   0.00013 0.67250 0.00004 0.32732 ( 2)
  69 Y   0.27143 0.71313 0.00331 0.01213 ( 2)
  70 T   0.74350 0.24293 0.00862 0.00495 ( 1)
  71 T   0.67726 0.28572 0.02279 0.01424 ( 1)
  72 L   0.00357 0.37612 0.23239 0.38792 ( 4)
  73 W   0.40258 0.58249 0.00599 0.00894 ( 2)
  74 T   0.83710 0.15098 0.00923 0.00268 ( 1)
  75 G   0.96324 0.03085 0.00569 0.00022 ( 1)
  76 L   0.35349 0.47336 0.04098 0.13217 ( 2)
  77 R   0.23712 0.71699 0.02283 0.02306 ( 2)
  78 V   0.94087 0.04468 0.01376 0.00070 ( 1)
  79 I   0.00841 0.89059 0.01277 0.08824 ( 2)
  80 A   0.58747 0.36804 0.03494 0.00956 ( 1)
  81 Q   0.03532 0.43976 0.22225 0.30268 ( 2)
  82 P   0.10000 0.88395 0.00155 0.01450 ( 2)
  83 T   0.97759 0.01171 0.01049 0.00021 ( 1)
  84 K   0.02029 0.93123 0.00228 0.04619 ( 2)
  85 D   0.02392 0.87615 0.02778 0.07214 ( 2)
  86 F   0.00010 0.24632 0.06402 0.68957 ( 4)
  87 T   0.00001 0.45828 0.00483 0.53688 ( 4)
  88 D   0.31317 0.62696 0.02055 0.03932 ( 2)
  89 T   0.01171 0.88184 0.00427 0.10218 ( 2)
  90 V   0.02778 0.39075 0.23948 0.34200 ( 2)
  91 Y   0.90273 0.08561 0.01026 0.00140 ( 1)
  92 D   0.74528 0.24236 0.00793 0.00443 ( 1)
  93 Y   0.05482 0.03624 0.87088 0.03806 ( 3)
  94 G   0.96324 0.03085 0.00569 0.00022 ( 1)
  95 S   0.14283 0.84627 0.00101 0.00989 ( 2)
  96 S   0.86793 0.12309 0.00741 0.00156 ( 1)
  97 S   0.91086 0.07207 0.01562 0.00145 ( 1)
  98 G   0.90478 0.08960 0.00492 0.00071 ( 1)
  99 S   0.86442 0.12659 0.00738 0.00161 ( 1)
 100 E   0.00206 0.72970 0.00817 0.26007 ( 2)
 101 N   0.00109 0.97907 0.00003 0.01980 ( 2)
 102 K   0.01017 0.98114 0.00008 0.00861 ( 2)
 103 D   0.00444 0.97736 0.00005 0.01815 ( 2)
 104 V   0.57011 0.41565 0.00705 0.00718 ( 1)
 105 F   0.98430 0.00838 0.00722 0.00010 ( 1)
 106 D   0.05097 0.03185 0.85294 0.06424 ( 3)
 107 L   0.92526 0.07030 0.00402 0.00042 ( 1)
 108 Y   0.06398 0.71479 0.09039 0.13084 ( 2)
 109 G   0.02656 0.94427 0.00077 0.02840 ( 2)
 110 N   0.82071 0.10731 0.06509 0.00689 ( 1)
 111 D   0.98521 0.00556 0.00913 0.00010 ( 1)
 112 V   0.82284 0.16795 0.00721 0.00200 ( 1)
 113 Y   0.97618 0.01404 0.00957 0.00021 ( 1)
 114 D   0.17228 0.78349 0.00532 0.03891 ( 2)
 115 T   0.00846 0.95888 0.00132 0.03133 ( 2)
 116 Q   0.07669 0.91584 0.00050 0.00697 ( 2)
 117 S   0.45132 0.53785 0.00374 0.00709 ( 2)
 118 V   0.00253 0.65725 0.03256 0.30766 ( 2)
 119 V   0.00490 0.22830 0.31873 0.44806 ( 4)
 120 S   0.04101 0.92651 0.00094 0.03154 ( 2)
 121 S   0.15801 0.81385 0.00440 0.02374 ( 2)
 122 Y   0.01598 0.25490 0.39985 0.32927 ( 3)
 123 K   0.00189 0.12118 0.65383 0.22309 ( 3)
 124 P   0.00982 0.26677 0.44602 0.27739 ( 3)
 125 T   0.02524 0.10135 0.72448 0.14893 ( 3)
 126 G   0.10743 0.87010 0.00154 0.02094 ( 2)
 127 G   0.06499 0.40300 0.26251 0.26950 ( 2)
 128 G   0.01066 0.82598 0.00416 0.15920 ( 2)
 129 H   0.82777 0.10698 0.05902 0.00623 ( 1)
 130 F   0.21720 0.77219 0.00161 0.00900 ( 2)
 131 G   0.46986 0.51506 0.00701 0.00806 ( 2)
 132 V   0.00067 0.00765 0.96745 0.02423 ( 3)
 133 P   0.98080 0.01473 0.00438 0.00008 ( 1)
 134 Q   0.00011 0.98583 0.00000 0.01407 ( 2)
 135 F   0.32725 0.66215 0.00270 0.00790 ( 2)
 136 R   0.02405 0.79861 0.01927 0.15807 ( 2)
 137 L   0.94014 0.05099 0.00833 0.00053 ( 1)
 138 F   0.08255 0.24568 0.48338 0.18839 ( 3)
 139 W   0.00532 0.97853 0.00008 0.01607 ( 2)
 140 I   0.92185 0.01033 0.06669 0.00113 ( 1)
 141 T   0.85935 0.06324 0.07013 0.00727 ( 1)
 142 K   0.00463 0.95448 0.00017 0.04072 ( 2)
 143 S   0.04844 0.52972 0.03324 0.38860 ( 2)
 144 N   0.98239 0.00615 0.01132 0.00014 ( 1)
 145 G   0.00005 0.84589 0.00004 0.15402 ( 2)
 146 L   0.91555 0.07573 0.00800 0.00072 ( 1)
 147 R   0.00566 0.59073 0.01301 0.39061 ( 2)
 148 E   0.85296 0.13731 0.00737 0.00235 ( 1)
 149 Q   0.20111 0.77095 0.00594 0.02199 ( 2)
 150 I   0.00468 0.84906 0.00082 0.14545 ( 2)
 151 F   0.98079 0.01186 0.00721 0.00014 ( 1)
 152 N   0.55167 0.42842 0.00861 0.01130 ( 1)
 153 Y   0.49097 0.49536 0.00558 0.00809 ( 2)
 154 A   0.00073 0.82122 0.00040 0.17765 ( 2)
 155 N   0.02181 0.86986 0.02965 0.07869 ( 2)
 156 N   0.94099 0.04711 0.01085 0.00106 ( 1)
 157 M   0.03908 0.07551 0.78912 0.09629 ( 3)
 158 G   0.22418 0.76498 0.00181 0.00903 ( 2)
 159 -   0.91685 0.03417 0.04680 0.00219 ( 1)
 160 S   0.53684 0.44969 0.00628 0.00720 ( 1)
 161 Y   0.00683 0.43059 0.10781 0.45477 ( 4)
 162 S   0.00351 0.98456 0.00003 0.01189 ( 2)
 163 A   0.00979 0.97494 0.00010 0.01517 ( 2)
 164 Y   0.00759 0.97361 0.00010 0.01869 ( 2)
 165 R   0.13203 0.86134 0.00081 0.00582 ( 2)
 166 F   0.87547 0.11266 0.00928 0.00259 ( 1)
 167 S   0.26315 0.72439 0.00329 0.00916 ( 2)
 168 K   0.64645 0.34574 0.00488 0.00294 ( 1)
 169 D   0.49115 0.46581 0.01347 0.02957 ( 1)
 170 E   0.32369 0.66447 0.00309 0.00876 ( 2)
 171 L   0.94014 0.05099 0.00833 0.00053 ( 1)
 172 P   0.90108 0.09262 0.00564 0.00066 ( 1)
 173 I   0.97458 0.01602 0.00917 0.00023 ( 1)
 174 E   0.87054 0.12098 0.00705 0.00143 ( 1)
 175 L   0.17427 0.81474 0.00185 0.00914 ( 2)
 176 L   0.08384 0.90366 0.00100 0.01150 ( 2)
 177 Q   0.00621 0.09726 0.29953 0.59699 ( 4)
 178 P   0.00000 0.00572 0.00454 0.98974 ( 4)
 179 P   0.98080 0.01473 0.00438 0.00008 ( 1)
 180 L   0.81464 0.09685 0.07679 0.01172 ( 1)
 181 F   0.81990 0.10934 0.06110 0.00966 ( 1)
 182 G   0.96324 0.03085 0.00569 0.00022 ( 1)
 183 D   0.98521 0.00556 0.00913 0.00010 ( 1)
 184 I   0.57825 0.38498 0.01723 0.01954 ( 1)
 185 E   0.93735 0.05595 0.00628 0.00042 ( 1)
 186 E   0.97736 0.01456 0.00791 0.00017 ( 1)
 187 Y   0.93009 0.03880 0.02982 0.00129 ( 1)
 188 S   0.94877 0.04496 0.00580 0.00047 ( 1)
 189 H   0.98835 0.00698 0.00461 0.00005 ( 1)
 190 R   0.92059 0.07379 0.00518 0.00045 ( 1)
 191 L   0.94014 0.05099 0.00833 0.00053 ( 1)
 192 S   0.98914 0.00476 0.00605 0.00005 ( 1)
 193 H   0.30148 0.68381 0.00437 0.01035 ( 2)
 194 V   0.91162 0.07974 0.00758 0.00106 ( 1)
 195 S   0.92882 0.05860 0.01172 0.00086 ( 1)
 196 E   0.95624 0.03704 0.00644 0.00028 ( 1)
 197 V   0.90564 0.08388 0.00934 0.00115 ( 1)
 198 I   0.13297 0.84937 0.00156 0.01610 ( 2)
 199 K   0.48814 0.49966 0.00472 0.00748 ( 2)
 200 D   0.01948 0.96190 0.00024 0.01838 ( 2)
 201 Y   0.07653 0.90529 0.00102 0.01717 ( 2)
 202 G   0.91590 0.06973 0.01332 0.00105 ( 1)
 203 E   0.01042 0.32451 0.20350 0.46156 ( 4)
 204 -   0.47227 0.38845 0.07642 0.06286 ( 1)
 205 -   0.47227 0.38845 0.07642 0.06286 ( 1)
 206 -   0.47227 0.38845 0.07642 0.06286 ( 1)
 207 -   0.47227 0.38845 0.07642 0.06286 ( 1)
 208 -   0.47227 0.38845 0.07642 0.06286 ( 1)
 209 -   0.47227 0.38845 0.07642 0.06286 ( 1)
 210 -   0.47227 0.38845 0.07642 0.06286 ( 1)
 211 -   0.47227 0.38845 0.07642 0.06286 ( 1)
 212 G   0.96324 0.03085 0.00569 0.00022 ( 1)
 213 I   0.36214 0.60007 0.01074 0.02705 ( 2)
 214 I   0.98081 0.00930 0.00973 0.00016 ( 1)
 215 P   0.96766 0.02772 0.00446 0.00016 ( 1)
 216 V   0.92868 0.06219 0.00841 0.00072 ( 1)
 217 L   0.94014 0.05099 0.00833 0.00053 ( 1)
 218 G   0.96833 0.02585 0.00560 0.00021 ( 1)
 219 W   0.00012 0.00227 0.83753 0.16008 ( 3)
 220 T   0.96663 0.02200 0.01100 0.00036 ( 1)
 221 H   0.98835 0.00698 0.00461 0.00005 ( 1)
 222 V   0.38284 0.60658 0.00335 0.00722 ( 2)
 223 S   0.82634 0.03438 0.13371 0.00556 ( 1)


lnL = -2858.673941

Bayes Empirical Bayes (BEB) probabilities for 4 classes (class)
(amino acids refer to 1st sequence: BT_Cry7Ba1)

   1 -   0.62600 0.10991 0.22490 0.03919 ( 1)
   2 -   0.61132 0.12459 0.21966 0.04442 ( 1)
   3 T   0.17863 0.66791 0.02873 0.12473 ( 2)
   4 V   0.31364 0.53307 0.05317 0.10011 ( 2)
   5 E   0.84863 0.02436 0.12291 0.00410 ( 1)
   6 L   0.75963 0.07197 0.15296 0.01543 ( 1)
   7 T   0.84125 0.02155 0.13324 0.00395 ( 1)
   8 R   0.85463 0.01373 0.12931 0.00232 ( 1)
   9 T   0.27608 0.56668 0.04723 0.11001 ( 2)
  10 I   0.88220 0.00902 0.10737 0.00141 ( 1)
  11 Y   0.69481 0.17316 0.10209 0.02994 ( 1)
  12 T   0.00264 0.02629 0.91927 0.05181 ( 3)
  13 D   0.89717 0.00557 0.09646 0.00080 ( 1)
  14 P   0.81141 0.02966 0.15298 0.00595 ( 1)
  15 L   0.74009 0.12157 0.11718 0.02116 ( 1)
  16 G   0.87179 0.00921 0.11758 0.00142 ( 1)
  17 Y   0.25716 0.51503 0.07529 0.15252 ( 2)
  18 T   0.21064 0.62741 0.03434 0.12761 ( 2)
  19 G   0.74678 0.04645 0.19438 0.01239 ( 1)
  20 Y   0.58062 0.29354 0.06797 0.05787 ( 1)
  21 S   0.00286 0.04008 0.81725 0.13982 ( 3)
  22 N   0.55421 0.32656 0.06769 0.05154 ( 1)
  23 D   0.03455 0.74285 0.00880 0.21381 ( 2)
  24 E   0.72950 0.08160 0.16866 0.02024 ( 1)
  25 H   0.82834 0.05553 0.10788 0.00825 ( 1)
  26 P   0.72819 0.04058 0.21892 0.01231 ( 1)
  27 T   0.11638 0.35640 0.24262 0.28460 ( 2)
  28 Y   0.26694 0.58286 0.04272 0.10749 ( 2)
  29 Y   0.86310 0.01311 0.12159 0.00221 ( 1)
  30 -   0.25736 0.47855 0.09296 0.17113 ( 2)
  31 S   0.71160 0.09515 0.16811 0.02514 ( 1)
  32 S   0.71096 0.15632 0.10591 0.02681 ( 1)
  33 A   0.34352 0.36276 0.15210 0.14162 ( 2)
  34 K   0.01049 0.84015 0.00156 0.14779 ( 2)
  35 P   0.00020 0.59184 0.00087 0.40710 ( 2)
  36 F   0.84741 0.03900 0.10779 0.00580 ( 1)
  37 S   0.00677 0.80165 0.00153 0.19004 ( 2)
  38 S   0.26994 0.54232 0.06050 0.12724 ( 2)
  39 I   0.85847 0.01485 0.12414 0.00255 ( 1)
  40 E   0.80370 0.02229 0.16907 0.00494 ( 1)
  41 S   0.86958 0.02680 0.09990 0.00372 ( 1)
  42 R   0.17860 0.67746 0.02736 0.11657 ( 2)
  43 A   0.73224 0.04557 0.20896 0.01323 ( 1)
  44 V   0.08248 0.24993 0.53192 0.13567 ( 3)
  45 L   0.59401 0.16835 0.17787 0.05977 ( 1)
  46 A   0.10733 0.73346 0.01866 0.14054 ( 2)
  47 P   0.67297 0.09558 0.20245 0.02900 ( 1)
  48 S   0.03569 0.65990 0.01405 0.29035 ( 2)
  49 L   0.78922 0.04290 0.15868 0.00920 ( 1)
  50 F   0.72062 0.07649 0.18298 0.01991 ( 1)
  51 K   0.54907 0.23550 0.14921 0.06622 ( 1)
  52 W   0.66991 0.11860 0.17916 0.03234 ( 1)
  53 I   0.46006 0.32664 0.12352 0.08977 ( 1)
  54 T   0.87529 0.01121 0.11169 0.00182 ( 1)
  55 Q   0.16278 0.66629 0.02862 0.14231 ( 2)
  56 L   0.43967 0.41801 0.07003 0.07229 ( 1)
  57 E   0.00989 0.80105 0.00239 0.18667 ( 2)
  58 V   0.84236 0.01649 0.13810 0.00304 ( 1)
  59 Y   0.02074 0.82968 0.00313 0.14645 ( 2)
  60 T   0.00652 0.56814 0.02928 0.39606 ( 2)
  61 K   0.00188 0.23738 0.34159 0.41915 ( 4)
  62 K   0.00002 0.79427 0.00001 0.20570 ( 2)
  63 Y   0.02444 0.30893 0.21897 0.44765 ( 4)
  64 S   0.00001 0.19862 0.00378 0.79758 ( 4)
  65 Y   0.09685 0.58913 0.05104 0.26298 ( 2)
  66 S   0.02001 0.26909 0.37223 0.33867 ( 3)
  67 S   0.47830 0.38187 0.07368 0.06615 ( 1)
  68 Q   0.00033 0.71085 0.00013 0.28870 ( 2)
  69 Y   0.29505 0.56286 0.04405 0.09805 ( 2)
  70 T   0.67048 0.20718 0.08768 0.03465 ( 1)
  71 T   0.62232 0.22698 0.10652 0.04418 ( 1)
  72 L   0.00631 0.37436 0.14911 0.47023 ( 4)
  73 W   0.36120 0.42556 0.09698 0.11625 ( 2)
  74 T   0.76028 0.12312 0.09709 0.01952 ( 1)
  75 G   0.82001 0.02670 0.14809 0.00519 ( 1)
  76 L   0.33314 0.36728 0.10426 0.19531 ( 2)
  77 R   0.25098 0.49921 0.12969 0.12012 ( 2)
  78 V   0.76056 0.03644 0.19346 0.00955 ( 1)
  79 I   0.01185 0.64643 0.06089 0.28084 ( 2)
  80 A   0.52377 0.25601 0.16973 0.05048 ( 1)
  81 Q   0.02542 0.22009 0.35897 0.39552 ( 4)
  82 P   0.12788 0.70712 0.02421 0.14079 ( 2)
  83 T   0.87529 0.01121 0.11169 0.00182 ( 1)
  84 K   0.03115 0.78117 0.01282 0.17485 ( 2)
  85 D   0.02761 0.60439 0.12657 0.24143 ( 2)
  86 F   0.00028 0.29653 0.06566 0.63753 ( 4)
  87 T   0.00004 0.42485 0.00621 0.56890 ( 4)
  88 D   0.30715 0.45226 0.10596 0.13463 ( 2)
  89 T   0.01676 0.68446 0.01924 0.27954 ( 2)
  90 V   0.03461 0.30649 0.29443 0.36447 ( 4)
  91 Y   0.80195 0.06892 0.11725 0.01188 ( 1)
  92 D   0.70676 0.18559 0.08041 0.02724 ( 1)
  93 Y   0.06035 0.03400 0.86315 0.04251 ( 3)
  94 G   0.82001 0.02670 0.14809 0.00519 ( 1)
  95 S   0.18444 0.69684 0.02117 0.09756 ( 2)
  96 S   0.77332 0.09874 0.11137 0.01657 ( 1)
  97 S   0.76100 0.05979 0.16545 0.01376 ( 1)
  98 G   0.80740 0.07250 0.10896 0.01113 ( 1)
  99 S   0.77055 0.10145 0.11098 0.01703 ( 1)
 100 E   0.00291 0.50618 0.02131 0.46960 ( 2)
 101 N   0.00185 0.79910 0.00047 0.19857 ( 2)
 102 K   0.01586 0.80618 0.00326 0.17470 ( 2)
 103 D   0.00788 0.86334 0.00090 0.12788 ( 2)
 104 V   0.55758 0.31210 0.07958 0.05074 ( 1)
 105 F   0.87926 0.00801 0.11151 0.00122 ( 1)
 106 D   0.08730 0.04708 0.81350 0.05211 ( 3)
 107 L   0.80346 0.06101 0.12503 0.01050 ( 1)
 108 Y   0.06605 0.46171 0.22236 0.24988 ( 2)
 109 G   0.03473 0.73625 0.01021 0.21882 ( 2)
 110 N   0.62637 0.07384 0.27479 0.02500 ( 1)
 111 D   0.89717 0.00557 0.09646 0.00080 ( 1)
 112 V   0.72629 0.13130 0.11846 0.02395 ( 1)
 113 Y   0.86310 0.01311 0.12159 0.00221 ( 1)
 114 D   0.20014 0.64445 0.03029 0.12511 ( 2)
 115 T   0.01303 0.77520 0.00658 0.20519 ( 2)
 116 Q   0.09822 0.72601 0.02006 0.15571 ( 2)
 117 S   0.46906 0.41582 0.05543 0.05969 ( 1)
 118 V   0.00382 0.52216 0.05145 0.42257 ( 2)
 119 V   0.00968 0.27313 0.30160 0.41559 ( 4)
 120 S   0.05512 0.76094 0.01073 0.17321 ( 2)
 121 S   0.16783 0.61004 0.04733 0.17480 ( 2)
 122 Y   0.02303 0.23533 0.42889 0.31275 ( 3)
 123 K   0.00301 0.11302 0.68308 0.20089 ( 3)
 124 P   0.01424 0.26319 0.39429 0.32828 ( 3)
 125 T   0.05381 0.15647 0.66243 0.12730 ( 3)
 126 G   0.13693 0.69839 0.02383 0.14086 ( 2)
 127 G   0.07162 0.28961 0.33919 0.29958 ( 3)
 128 G   0.01352 0.61490 0.01101 0.36057 ( 2)
 129 H   0.61243 0.07165 0.28996 0.02597 ( 1)
 130 F   0.24280 0.62969 0.03104 0.09648 ( 2)
 131 G   0.41523 0.37513 0.10899 0.10064 ( 1)
 132 V   0.00205 0.01653 0.94548 0.03594 ( 3)
 133 P   0.85277 0.01329 0.13169 0.00225 ( 1)
 134 Q   0.00021 0.78594 0.00005 0.21380 ( 2)
 135 F   0.35197 0.52109 0.04634 0.08060 ( 2)
 136 R   0.03369 0.67877 0.02899 0.25855 ( 2)
 137 L   0.78922 0.04290 0.15868 0.00920 ( 1)
 138 F   0.07785 0.17197 0.60407 0.14610 ( 3)
 139 W   0.00760 0.77599 0.00207 0.21434 ( 2)
 140 I   0.84537 0.01016 0.14225 0.00222 ( 1)
 141 T   0.71067 0.04926 0.22177 0.01831 ( 1)
 142 K   0.00744 0.79189 0.00175 0.19892 ( 2)
 143 S   0.06412 0.45422 0.06078 0.42088 ( 2)
 144 N   0.89716 0.00620 0.09570 0.00094 ( 1)
 145 G   0.00011 0.67332 0.00009 0.32648 ( 2)
 146 L   0.75056 0.06154 0.17315 0.01475 ( 1)
 147 R   0.00890 0.49117 0.03086 0.46906 ( 2)
 148 E   0.75827 0.10948 0.11166 0.02058 ( 1)
 149 Q   0.21007 0.57359 0.05697 0.15937 ( 2)
 150 I   0.00854 0.79888 0.00182 0.19075 ( 2)
 151 F   0.87594 0.01124 0.11111 0.00170 ( 1)
 152 N   0.55387 0.32744 0.06614 0.05255 ( 1)
 153 Y   0.48961 0.37400 0.07179 0.06460 ( 1)
 154 A   0.00121 0.64896 0.00145 0.34839 ( 2)
 155 N   0.02822 0.64071 0.09866 0.23241 ( 2)
 156 N   0.86097 0.04098 0.09186 0.00619 ( 1)
 157 M   0.04659 0.06832 0.79445 0.09064 ( 3)
 158 G   0.25140 0.61212 0.03596 0.10053 ( 2)
 159 -   0.79603 0.03030 0.16659 0.00708 ( 1)
 160 S   0.52676 0.33320 0.08114 0.05890 ( 1)
 161 Y   0.01005 0.37510 0.14177 0.47308 ( 4)
 162 S   0.00616 0.86904 0.00073 0.12407 ( 2)
 163 A   0.01511 0.79242 0.00334 0.18913 ( 2)
 164 Y   0.01239 0.83470 0.00192 0.15099 ( 2)
 165 R   0.14676 0.66599 0.03274 0.15451 ( 2)
 166 F   0.77950 0.09088 0.11223 0.01738 ( 1)
 167 S   0.26678 0.52931 0.06700 0.13691 ( 2)
 168 K   0.58545 0.24341 0.11903 0.05211 ( 1)
 169 D   0.49475 0.36439 0.06663 0.07423 ( 1)
 170 E   0.34395 0.51472 0.05194 0.08940 ( 2)
 171 L   0.78922 0.04290 0.15868 0.00920 ( 1)
 172 P   0.76353 0.07701 0.14404 0.01542 ( 1)
 173 I   0.85847 0.01485 0.12414 0.00255 ( 1)
 174 E   0.77460 0.09688 0.11219 0.01633 ( 1)
 175 L   0.17860 0.61894 0.04444 0.15802 ( 2)
 176 L   0.09482 0.70042 0.02386 0.18090 ( 2)
 177 Q   0.02142 0.21293 0.32812 0.43753 ( 4)
 178 P   0.00001 0.09761 0.00545 0.89693 ( 4)
 179 P   0.85277 0.01329 0.13169 0.00225 ( 1)
 180 L   0.64433 0.07033 0.25409 0.03124 ( 1)
 181 F   0.66160 0.07990 0.22932 0.02917 ( 1)
 182 G   0.82001 0.02670 0.14809 0.00519 ( 1)
 183 D   0.89717 0.00557 0.09646 0.00080 ( 1)
 184 I   0.55303 0.31726 0.07451 0.05520 ( 1)
 185 E   0.77945 0.04640 0.16391 0.01025 ( 1)
 186 E   0.85983 0.01345 0.12445 0.00227 ( 1)
 187 Y   0.74347 0.03153 0.21572 0.00928 ( 1)
 188 S   0.86122 0.03817 0.09543 0.00518 ( 1)
 189 H   0.88120 0.00665 0.11118 0.00097 ( 1)
 190 R   0.75897 0.06007 0.16720 0.01377 ( 1)
 191 L   0.78922 0.04290 0.15868 0.00920 ( 1)
 192 S   0.89547 0.00470 0.09920 0.00064 ( 1)
 193 H   0.29621 0.49068 0.07931 0.13381 ( 2)
 194 V   0.81731 0.06554 0.10685 0.01030 ( 1)
 195 S   0.77432 0.04884 0.16571 0.01113 ( 1)
 196 E   0.79480 0.03118 0.16713 0.00689 ( 1)
 197 V   0.78845 0.06662 0.13249 0.01244 ( 1)
 198 I   0.17020 0.69602 0.02183 0.11195 ( 2)
 199 K   0.48685 0.38089 0.06797 0.06429 ( 1)
 200 D   0.03159 0.83857 0.00380 0.12605 ( 2)
 201 Y   0.10196 0.74848 0.01554 0.13402 ( 2)
 202 G   0.73753 0.05571 0.19191 0.01486 ( 1)
 203 E   0.02212 0.38851 0.18871 0.40066 ( 4)
 204 -   0.41929 0.31662 0.15102 0.11307 ( 1)
 205 -   0.41929 0.31662 0.15102 0.11307 ( 1)
 206 -   0.41929 0.31662 0.15102 0.11307 ( 1)
 207 -   0.41929 0.31662 0.15102 0.11307 ( 1)
 208 -   0.41929 0.31662 0.15102 0.11307 ( 1)
 209 -   0.41929 0.31662 0.15102 0.11307 ( 1)
 210 -   0.41929 0.31662 0.15102 0.11307 ( 1)
 211 -   0.41929 0.31662 0.15102 0.11307 ( 1)
 212 G   0.82001 0.02670 0.14809 0.00519 ( 1)
 213 I   0.37957 0.46722 0.06142 0.09179 ( 2)
 214 I   0.88220 0.00902 0.10737 0.00141 ( 1)
 215 P   0.84129 0.02459 0.12996 0.00417 ( 1)
 216 V   0.80519 0.05388 0.13123 0.00970 ( 1)
 217 L   0.78922 0.04290 0.15868 0.00920 ( 1)
 218 G   0.85717 0.02353 0.11568 0.00362 ( 1)
 219 W   0.00085 0.01147 0.82741 0.16027 ( 3)
 220 T   0.84286 0.01998 0.13350 0.00366 ( 1)
 221 H   0.88120 0.00665 0.11118 0.00097 ( 1)
 222 V   0.39108 0.46071 0.06400 0.08421 ( 2)
 223 S   0.70571 0.03020 0.25332 0.01077 ( 1)

