Supplemental results for CODEML (seqf: algn  treef: tree)


dN/dS (w) for site classes (K=4)

site class             0        1       2a       2b
proportion       0.37153  0.58152  0.01830  0.02865
background w     0.06682  1.00000  0.06682  1.00000
foreground w     0.06682  1.00000 999.00000 999.00000

Naive Empirical Bayes (NEB) probabilities for 4 classes
(amino acids refer to 1st sequence: BT_Cry24Ca1)

   1 P   0.00193 0.64273 0.00056 0.35477 ( 2)
   2 T   0.00004 0.05860 0.86822 0.07313 ( 3)
   3 Q   0.15922 0.80898 0.00537 0.02643 ( 2)
   4 I   0.00930 0.05371 0.91446 0.02253 ( 3)
   5 E   0.06219 0.92837 0.00054 0.00890 ( 2)
   6 L   0.96740 0.01817 0.01416 0.00027 ( 1)
   7 S   0.96348 0.02862 0.00764 0.00026 ( 1)
   8 R   0.98529 0.00555 0.00910 0.00005 ( 1)
   9 Q   0.11247 0.87735 0.00106 0.00911 ( 2)
  10 I   0.98478 0.00848 0.00668 0.00007 ( 1)
  11 Y   0.98670 0.00553 0.00772 0.00005 ( 1)
  12 T   0.97919 0.01030 0.01039 0.00012 ( 1)
  13 D   0.99238 0.00176 0.00585 0.00001 ( 1)
  14 P   0.98424 0.00382 0.01189 0.00005 ( 1)
  15 V   0.95013 0.03942 0.01001 0.00045 ( 1)
  16 G   0.98798 0.00256 0.00943 0.00003 ( 1)
  17 A   0.00000 0.97626 0.00000 0.02374 ( 2)
  18 T   0.85154 0.14074 0.00646 0.00127 ( 1)
  19 F   0.00000 0.98858 0.00000 0.01142 ( 2)
  20 S   0.00001 0.99010 0.00000 0.00989 ( 2)
  21 -   0.05745 0.89560 0.00283 0.04412 ( 2)
  22 D   0.00189 0.97345 0.00005 0.02461 ( 2)
  23 F   0.01177 0.97830 0.00012 0.00981 ( 2)
  24 S   0.01078 0.97179 0.00018 0.01724 ( 2)
  25 N   0.06270 0.91407 0.00147 0.02175 ( 2)
  26 W   0.00002 0.89534 0.00015 0.10449 ( 2)
  27 T   0.09523 0.87254 0.00315 0.02908 ( 2)
  28 L   0.00034 0.99126 0.00000 0.00840 ( 2)
  29 T   0.00819 0.96804 0.00020 0.02358 ( 2)
  30 N   0.03102 0.96001 0.00025 0.00872 ( 2)
  31 R   0.02199 0.97158 0.00012 0.00631 ( 2)
  32 T   0.73699 0.25504 0.00581 0.00216 ( 1)
  33 L   0.03632 0.95461 0.00030 0.00877 ( 2)
  34 A   0.07428 0.91779 0.00049 0.00744 ( 2)
  35 -   0.41226 0.57048 0.00718 0.01008 ( 2)
  36 -   0.04320 0.81851 0.05472 0.08356 ( 2)
  37 N   0.00411 0.90090 0.00372 0.09126 ( 2)
  38 F   0.99235 0.00125 0.00639 0.00001 ( 1)
  39 N   0.91307 0.08076 0.00554 0.00064 ( 1)
  40 D   0.04867 0.93843 0.00062 0.01228 ( 2)
  41 L   0.89862 0.08692 0.01315 0.00130 ( 1)
  42 E   0.98892 0.00255 0.00852 0.00002 ( 1)
  43 R   0.18542 0.80279 0.00211 0.00968 ( 2)
  44 E   0.41774 0.56661 0.00658 0.00907 ( 2)
  45 V   0.00945 0.72682 0.16785 0.09588 ( 2)
  46 T   0.03436 0.88395 0.00339 0.07831 ( 2)
  47 D   0.03085 0.95934 0.00030 0.00951 ( 2)
  48 A   0.00245 0.91782 0.00037 0.07936 ( 2)
  49 P   0.96949 0.00446 0.02594 0.00012 ( 1)
  50 S   0.93819 0.05378 0.00755 0.00049 ( 1)
  51 L   0.87241 0.01491 0.10912 0.00357 ( 1)
  52 L   0.06759 0.92344 0.00054 0.00843 ( 2)
  53 K   0.40762 0.58380 0.00314 0.00544 ( 2)
  54 W   0.97134 0.00512 0.02342 0.00012 ( 1)
  55 L   0.85816 0.12058 0.01863 0.00263 ( 1)
  56 N   0.00258 0.98993 0.00002 0.00748 ( 2)
  57 S   0.00001 0.99094 0.00000 0.00905 ( 2)
  58 I   0.00525 0.96280 0.00019 0.03176 ( 2)
  59 E   0.00006 0.99246 0.00000 0.00748 ( 2)
  60 V   0.67453 0.31604 0.00619 0.00324 ( 1)
  61 Y   0.99005 0.00218 0.00775 0.00002 ( 1)
  62 T   0.82925 0.15394 0.01410 0.00271 ( 1)
  63 G   0.01780 0.96477 0.00030 0.01713 ( 2)
  64 A   0.00008 0.98695 0.00000 0.01297 ( 2)
  65 I   0.01022 0.98049 0.00009 0.00920 ( 2)
  66 D   0.00049 0.96686 0.00002 0.03263 ( 2)
  67 S   0.00232 0.98025 0.00004 0.01739 ( 2)
  68 H   0.00003 0.87261 0.00032 0.12704 ( 2)
  69 R   0.00216 0.98810 0.00002 0.00973 ( 2)
  70 P   0.00003 0.95302 0.00000 0.04695 ( 2)
  71 T   0.00031 0.95274 0.00002 0.04694 ( 2)
  72 S   0.00042 0.95263 0.00002 0.04693 ( 2)
  73 P   0.67067 0.28238 0.03304 0.01391 ( 1)
  74 -   0.37153 0.58152 0.01830 0.02865 ( 2)
  75 G   0.69821 0.25484 0.03440 0.01255 ( 1)
  76 E   0.01232 0.94073 0.00061 0.04635 ( 2)
  77 R   0.09381 0.85924 0.00462 0.04233 ( 2)
  78 I   0.77428 0.17877 0.03814 0.00881 ( 1)
  79 G   0.22420 0.72885 0.01105 0.03591 ( 2)
  80 V   0.47069 0.50560 0.01138 0.01233 ( 2)
  81 W   0.97134 0.00512 0.02342 0.00012 ( 1)
  82 Y   0.38910 0.60240 0.00319 0.00531 ( 2)
  83 G   0.96303 0.00531 0.03148 0.00017 ( 1)
  84 N   0.08925 0.89265 0.00163 0.01647 ( 2)
  85 R   0.00006 0.96905 0.00000 0.03089 ( 2)
  86 N   0.02929 0.96288 0.00018 0.00765 ( 2)
  87 T   0.00013 0.97659 0.00000 0.02328 ( 2)
  88 Y   0.00032 0.98978 0.00000 0.00990 ( 2)
  89 I   0.00001 0.98532 0.00000 0.01467 ( 2)
  90 N   0.00000 0.97674 0.00000 0.02326 ( 2)
  91 P   0.22120 0.77074 0.00157 0.00649 ( 2)
  92 D   0.02690 0.96541 0.00019 0.00750 ( 2)
  93 T   0.00072 0.96750 0.00002 0.03175 ( 2)
  94 N   0.00059 0.95245 0.00003 0.04692 ( 2)
  95 E   0.00132 0.95172 0.00007 0.04689 ( 2)
  96 -   0.43636 0.51669 0.02150 0.02545 ( 2)
  97 V   0.00183 0.82186 0.04741 0.12891 ( 2)
  98 S   0.00020 0.97642 0.00000 0.02337 ( 2)
  99 Y   0.00076 0.82795 0.00932 0.16197 ( 2)
 100 R   0.02570 0.96462 0.00024 0.00944 ( 2)
 101 F   0.00000 0.98697 0.00000 0.01303 ( 2)
 102 T   0.00027 0.99212 0.00000 0.00760 ( 2)
 103 G   0.95223 0.03563 0.01169 0.00045 ( 1)
 104 E   0.00028 0.99037 0.00000 0.00935 ( 2)
 105 L   0.00001 0.98802 0.00000 0.01197 ( 2)
 106 A   0.03713 0.27485 0.65321 0.03481 ( 3)
 107 Y   0.02080 0.97137 0.00015 0.00768 ( 2)
 108 E   0.51774 0.47359 0.00418 0.00449 ( 1)
 109 N   0.00173 0.98979 0.00001 0.00847 ( 2)
 110 P   0.00220 0.97494 0.00005 0.02281 ( 2)
 111 Y   0.01178 0.94126 0.00058 0.04637 ( 2)
 112 T   0.63307 0.31998 0.03119 0.01576 ( 1)
 113 F   0.09767 0.85538 0.00481 0.04214 ( 2)
 114 I   0.13376 0.83480 0.00433 0.02711 ( 2)
 115 G   0.00007 0.99161 0.00000 0.00832 ( 2)
 116 S   0.01108 0.79300 0.12139 0.07452 ( 2)
 117 F   0.04238 0.94624 0.00046 0.01091 ( 2)
 118 F   0.00013 0.99198 0.00000 0.00789 ( 2)
 119 D   0.34170 0.65093 0.00216 0.00520 ( 2)
 120 N   0.62175 0.36985 0.00492 0.00348 ( 1)
 121 D   0.99238 0.00176 0.00585 0.00001 ( 1)
 122 I   0.97787 0.01538 0.00662 0.00013 ( 1)
 123 Y   0.87493 0.11829 0.00589 0.00090 ( 1)
 124 K   0.93700 0.05468 0.00780 0.00052 ( 1)
 125 V   0.00150 0.92268 0.00014 0.07569 ( 2)
 126 A   0.00664 0.98378 0.00006 0.00952 ( 2)
 127 L   0.53036 0.45250 0.00919 0.00794 ( 1)
 128 R   0.01630 0.97421 0.00013 0.00936 ( 2)
 129 A   0.95973 0.03284 0.00714 0.00029 ( 1)
 130 A   0.68323 0.30950 0.00485 0.00243 ( 1)
 131 A   0.00001 0.99150 0.00000 0.00849 ( 2)
 132 -   0.39714 0.57748 0.01032 0.01507 ( 2)
 133 -   0.45669 0.53683 0.00278 0.00371 ( 2)
 134 -   0.45906 0.53388 0.00299 0.00408 ( 2)
 135 -   0.03379 0.72166 0.09400 0.15055 ( 2)
 136 V   0.62909 0.36346 0.00443 0.00302 ( 1)
 137 S   0.00558 0.98678 0.00004 0.00760 ( 2)
 138 T   0.00208 0.98866 0.00002 0.00924 ( 2)
 139 T   0.16830 0.82286 0.00128 0.00756 ( 2)
 140 F   0.00000 0.99196 0.00000 0.00803 ( 2)
 141 G   0.00001 0.99138 0.00000 0.00861 ( 2)
 142 S   0.00328 0.97735 0.00004 0.01933 ( 2)
 143 N   0.00000 0.97371 0.00000 0.02629 ( 2)
 144 D   0.25143 0.73995 0.00211 0.00651 ( 2)
 145 S   0.00001 0.99006 0.00000 0.00993 ( 2)
 146 T   0.26126 0.71055 0.00753 0.02067 ( 2)
 147 F   0.97055 0.02143 0.00783 0.00019 ( 1)
 148 G   0.98200 0.00587 0.01206 0.00007 ( 1)
 149 V   0.95620 0.03676 0.00674 0.00031 ( 1)
 150 S   0.45504 0.53727 0.00322 0.00447 ( 2)
 151 S   0.00010 0.84458 0.00020 0.15513 ( 2)
 152 S   0.97709 0.01502 0.00775 0.00014 ( 1)
 153 Q   0.00007 0.98522 0.00000 0.01471 ( 2)
 154 F   0.98611 0.00749 0.00635 0.00006 ( 1)
 155 F   0.97298 0.02060 0.00627 0.00015 ( 1)
 156 N   0.00075 0.98936 0.00001 0.00989 ( 2)
 157 R   0.04400 0.94420 0.00048 0.01132 ( 2)
 158 R   0.00537 0.97639 0.00010 0.01814 ( 2)
 159 G   0.85712 0.13044 0.01074 0.00170 ( 1)
 160 I   0.00013 0.99061 0.00000 0.00926 ( 2)
 161 H   0.32040 0.67068 0.00254 0.00638 ( 2)
 162 Q   0.00002 0.97375 0.00000 0.02623 ( 2)
 163 L   0.21694 0.77100 0.00251 0.00954 ( 2)
 164 Y   0.19469 0.79667 0.00152 0.00711 ( 2)
 165 E   0.00055 0.98735 0.00001 0.01210 ( 2)
 166 S   0.00258 0.96552 0.00009 0.03181 ( 2)
 167 S   0.00123 0.98951 0.00001 0.00925 ( 2)
 168 -   0.44725 0.50580 0.02203 0.02492 ( 2)
 169 -   0.46521 0.48784 0.02292 0.02403 ( 2)
 170 -   0.44117 0.51187 0.02173 0.02522 ( 2)
 171 -   0.39348 0.55957 0.01938 0.02757 ( 2)
 172 -   0.05181 0.90123 0.00255 0.04440 ( 2)
 173 -   0.46521 0.48784 0.02292 0.02403 ( 2)
 174 -   0.05385 0.86459 0.01427 0.06729 ( 2)
 175 -   0.87420 0.11881 0.00605 0.00094 ( 1)
 176 -   0.37153 0.58152 0.01830 0.02865 ( 2)
 177 -   0.43949 0.51356 0.02165 0.02530 ( 2)
 178 -   0.38360 0.56945 0.01890 0.02805 ( 2)
 179 -   0.45451 0.49854 0.02239 0.02456 ( 2)
 180 -   0.00292 0.95013 0.00014 0.04681 ( 2)
 181 -   0.44117 0.51187 0.02173 0.02522 ( 2)
 182 -   0.40256 0.55048 0.01983 0.02712 ( 2)
 183 Q   0.00002 0.98235 0.00000 0.01764 ( 2)
 184 P   0.00759 0.98245 0.00008 0.00989 ( 2)
 185 I   0.00002 0.51094 0.00244 0.48660 ( 2)
 186 P   0.00313 0.98764 0.00003 0.00920 ( 2)
 187 S   0.00406 0.98289 0.00005 0.01299 ( 2)
 188 W   0.00003 0.98788 0.00000 0.01209 ( 2)
 189 P   0.38991 0.57514 0.01396 0.02099 ( 2)
 190 I   0.91271 0.07873 0.00780 0.00076 ( 1)
 191 T   0.07522 0.91635 0.00058 0.00785 ( 2)
 192 L   0.00001 0.27672 0.36543 0.35784 ( 3)
 193 A   0.11666 0.87475 0.00087 0.00772 ( 2)
 194 F   0.15006 0.83506 0.00222 0.01266 ( 2)
 195 P   0.98450 0.00361 0.01185 0.00004 ( 1)
 196 G   0.88823 0.08731 0.02225 0.00220 ( 1)
 197 E   0.02209 0.18612 0.76204 0.02975 ( 3)
 198 E   0.62791 0.30246 0.04996 0.01968 ( 1)
 199 S   0.92748 0.05600 0.01554 0.00097 ( 1)
 200 S   0.00120 0.98893 0.00001 0.00986 ( 2)
 201 E   0.00394 0.81827 0.00110 0.17669 ( 2)
 202 G   0.30714 0.68038 0.00380 0.00869 ( 2)
 203 N   0.90809 0.08393 0.00719 0.00079 ( 1)
 204 A   0.28860 0.70011 0.00308 0.00821 ( 2)
 205 N   0.96466 0.02926 0.00585 0.00023 ( 1)
 206 D   0.98776 0.00637 0.00582 0.00005 ( 1)
 207 Y   0.98973 0.00250 0.00775 0.00002 ( 1)
 208 S   0.96955 0.02252 0.00772 0.00021 ( 1)
 209 H   0.99319 0.00080 0.00600 0.00001 ( 1)
 210 R   0.02585 0.90989 0.00164 0.06262 ( 2)
 211 L   0.97279 0.01276 0.01426 0.00019 ( 1)
 212 C   0.81197 0.17966 0.00672 0.00165 ( 1)
 213 D   0.84363 0.15027 0.00497 0.00113 ( 1)
 214 V   0.98014 0.00943 0.01033 0.00011 ( 1)
 215 K   0.16007 0.82981 0.00151 0.00861 ( 2)
 216 N   0.96466 0.02926 0.00585 0.00023 ( 1)
 217 I   0.65727 0.32790 0.00980 0.00502 ( 1)
 218 T   0.95682 0.03264 0.01015 0.00039 ( 1)
 219 G   0.86304 0.12478 0.01060 0.00159 ( 1)
 220 G   0.95471 0.03314 0.01172 0.00042 ( 1)
 221 L   0.93183 0.06008 0.00757 0.00051 ( 1)
 222 R   0.66707 0.32491 0.00528 0.00274 ( 1)
 223 Q   0.93658 0.05097 0.01180 0.00065 ( 1)
 224 T   0.05552 0.92979 0.00050 0.01419 ( 2)
 225 P   0.00296 0.96525 0.00010 0.03169 ( 2)
 226 A   0.04510 0.94820 0.00027 0.00643 ( 2)
 227 R   0.06084 0.92091 0.00112 0.01712 ( 2)
 228 G   0.38124 0.61246 0.00221 0.00408 ( 2)
 229 -   0.43619 0.55278 0.00462 0.00641 ( 2)
 230 R   0.57388 0.39117 0.02078 0.01417 ( 1)
 231 S   0.67080 0.29730 0.02208 0.00981 ( 1)
 232 S   0.68888 0.27923 0.02268 0.00921 ( 1)
 233 L   0.91835 0.06721 0.01343 0.00101 ( 1)
 234 L   0.36425 0.62459 0.00396 0.00721 ( 2)
 235 S   0.13244 0.85589 0.00146 0.01021 ( 2)
 236 H   0.94716 0.04680 0.00572 0.00031 ( 1)
 237 A   0.46820 0.49967 0.01546 0.01668 ( 2)
 238 W   0.97134 0.00512 0.02342 0.00012 ( 1)
 239 T   0.96345 0.01178 0.02446 0.00031 ( 1)
 240 H   0.99319 0.00080 0.00600 0.00001 ( 1)
 241 S   0.00000 0.90739 0.00002 0.09259 ( 2)
 242 -   0.85195 0.10110 0.04197 0.00498 ( 1)


lnL = -3658.349548

Bayes Empirical Bayes (BEB) probabilities for 4 classes (class)
(amino acids refer to 1st sequence: BT_Cry24Ca1)

   1 P   0.00072 0.63478 0.00041 0.36409 ( 2)
   2 T   0.00013 0.61345 0.02281 0.36362 ( 2)
   3 Q   0.05254 0.59073 0.02918 0.32755 ( 2)
   4 I   0.04711 0.57570 0.05501 0.32217 ( 2)
   5 E   0.01994 0.62491 0.01098 0.34416 ( 2)
   6 L   0.63228 0.01199 0.34910 0.00662 ( 1)
   7 S   0.62246 0.02307 0.34178 0.01269 ( 1)
   8 R   0.64153 0.00349 0.35306 0.00192 ( 1)
   9 Q   0.03493 0.60985 0.01925 0.33597 ( 2)
  10 I   0.64112 0.00496 0.35120 0.00272 ( 1)
  11 Y   0.64236 0.00327 0.35258 0.00180 ( 1)
  12 T   0.63889 0.00618 0.35153 0.00340 ( 1)
  13 D   0.64561 0.00092 0.35296 0.00051 ( 1)
  14 P   0.64214 0.00238 0.35416 0.00132 ( 1)
  15 V   0.61240 0.03249 0.33720 0.01790 ( 1)
  16 G   0.64408 0.00149 0.35361 0.00082 ( 1)
  17 A   0.00000 0.64334 0.00000 0.35665 ( 2)
  18 T   0.53688 0.10900 0.29426 0.05986 ( 1)
  19 F   0.00000 0.64449 0.00000 0.35551 ( 2)
  20 S   0.00000 0.64480 0.00000 0.35520 ( 2)
  21 -   0.02516 0.61742 0.01404 0.34338 ( 2)
  22 D   0.00033 0.64298 0.00019 0.35650 ( 2)
  23 F   0.00256 0.64185 0.00142 0.35417 ( 2)
  24 S   0.00251 0.64135 0.00139 0.35474 ( 2)
  25 N   0.01585 0.62757 0.00880 0.34778 ( 2)
  26 W   0.00000 0.63092 0.00002 0.36906 ( 2)
  27 T   0.02922 0.61382 0.01626 0.34071 ( 2)
  28 L   0.00005 0.64474 0.00003 0.35518 ( 2)
  29 T   0.00172 0.64163 0.00095 0.35570 ( 2)
  30 N   0.00770 0.63735 0.00423 0.35072 ( 2)
  31 R   0.00465 0.64086 0.00255 0.35193 ( 2)
  32 T   0.40963 0.23545 0.22534 0.12958 ( 1)
  33 L   0.00803 0.63700 0.00442 0.35055 ( 2)
  34 A   0.01712 0.62871 0.00937 0.34480 ( 2)
  35 -   0.24264 0.40115 0.13437 0.22184 ( 2)
  36 -   0.02038 0.61002 0.02295 0.34666 ( 2)
  37 N   0.00073 0.63558 0.00070 0.36300 ( 2)
  38 F   0.64518 0.00068 0.35376 0.00037 ( 1)
  39 N   0.56576 0.08084 0.30909 0.04431 ( 1)
  40 D   0.01101 0.63312 0.00609 0.34979 ( 2)
  41 L   0.56994 0.07431 0.31472 0.04103 ( 1)
  42 E   0.64383 0.00151 0.35383 0.00083 ( 1)
  43 R   0.06239 0.58216 0.03443 0.32102 ( 2)
  44 E   0.16349 0.48042 0.09050 0.26558 ( 2)
  45 V   0.00283 0.61744 0.02876 0.35098 ( 2)
  46 T   0.00850 0.62888 0.00491 0.35771 ( 2)
  47 D   0.00656 0.63788 0.00362 0.35194 ( 2)
  48 A   0.00056 0.64088 0.00032 0.35824 ( 2)
  49 P   0.64050 0.00286 0.35506 0.00158 ( 1)
  50 S   0.60231 0.04325 0.33065 0.02379 ( 1)
  51 L   0.63223 0.01071 0.35105 0.00601 ( 1)
  52 L   0.01965 0.62535 0.01081 0.34419 ( 2)
  53 K   0.19355 0.45194 0.10621 0.24830 ( 2)
  54 W   0.63984 0.00365 0.35450 0.00202 ( 1)
  55 L   0.54063 0.10297 0.29941 0.05698 ( 1)
  56 N   0.00046 0.64525 0.00025 0.35403 ( 2)
  57 S   0.00000 0.64503 0.00000 0.35497 ( 2)
  58 I   0.00113 0.64192 0.00063 0.35633 ( 2)
  59 E   0.00001 0.64571 0.00000 0.35428 ( 2)
  60 V   0.36859 0.27646 0.20278 0.15217 ( 1)
  61 Y   0.64438 0.00125 0.35369 0.00068 ( 1)
  62 T   0.52267 0.12142 0.28883 0.06708 ( 1)
  63 G   0.00370 0.64017 0.00205 0.35409 ( 2)
  64 A   0.00001 0.64411 0.00001 0.35588 ( 2)
  65 I   0.00215 0.64285 0.00119 0.35381 ( 2)
  66 D   0.00008 0.64292 0.00005 0.35695 ( 2)
  67 S   0.00039 0.64347 0.00022 0.35592 ( 2)
  68 H   0.00000 0.63541 0.00002 0.36457 ( 2)
  69 R   0.00043 0.64449 0.00024 0.35484 ( 2)
  70 P   0.00000 0.64258 0.00000 0.35741 ( 2)
  71 T   0.00007 0.64251 0.00004 0.35737 ( 2)
  72 S   0.00010 0.64248 0.00006 0.35736 ( 2)
  73 P   0.42953 0.21305 0.23907 0.11834 ( 1)
  74 -   0.22368 0.41890 0.12462 0.23279 ( 2)
  75 G   0.44964 0.19295 0.25024 0.10717 ( 1)
  76 E   0.00406 0.63852 0.00227 0.35515 ( 2)
  77 R   0.03046 0.61213 0.01699 0.34043 ( 2)
  78 I   0.49543 0.14716 0.27567 0.08174 ( 1)
  79 G   0.09209 0.55050 0.05134 0.30607 ( 2)
  80 V   0.22178 0.42164 0.12305 0.23353 ( 2)
  81 W   0.63984 0.00365 0.35450 0.00202 ( 1)
  82 Y   0.14630 0.49884 0.08047 0.27439 ( 2)
  83 G   0.63980 0.00330 0.35507 0.00183 ( 1)
  84 N   0.02626 0.61741 0.01456 0.34177 ( 2)
  85 R   0.00001 0.64305 0.00001 0.35693 ( 2)
  86 N   0.00697 0.63887 0.00381 0.35035 ( 2)
  87 T   0.00002 0.64339 0.00001 0.35658 ( 2)
  88 Y   0.00004 0.64438 0.00002 0.35556 ( 2)
  89 I   0.00000 0.64395 0.00000 0.35605 ( 2)
  90 N   0.00000 0.64341 0.00000 0.35659 ( 2)
  91 P   0.09866 0.54680 0.05415 0.30039 ( 2)
  92 D   0.00565 0.63939 0.00311 0.35185 ( 2)
  93 T   0.00012 0.64290 0.00007 0.35691 ( 2)
  94 N   0.00012 0.64247 0.00006 0.35735 ( 2)
  95 E   0.00027 0.64232 0.00015 0.35726 ( 2)
  96 -   0.24705 0.39553 0.13763 0.21979 ( 2)
  97 V   0.00038 0.63029 0.00511 0.36422 ( 2)
  98 S   0.00003 0.64338 0.00002 0.35657 ( 2)
  99 Y   0.00017 0.63267 0.00073 0.36644 ( 2)
 100 R   0.00524 0.63937 0.00289 0.35249 ( 2)
 101 F   0.00000 0.64411 0.00000 0.35589 ( 2)
 102 T   0.00003 0.64567 0.00002 0.35428 ( 2)
 103 G   0.61581 0.02872 0.33963 0.01584 ( 1)
 104 E   0.00004 0.64492 0.00002 0.35502 ( 2)
 105 L   0.00000 0.64451 0.00000 0.35549 ( 2)
 106 A   0.02987 0.47838 0.25209 0.23966 ( 2)
 107 Y   0.00473 0.64029 0.00260 0.35238 ( 2)
 108 E   0.25416 0.39135 0.13947 0.21501 ( 2)
 109 N   0.00031 0.64448 0.00017 0.35504 ( 2)
 110 P   0.00042 0.64296 0.00024 0.35638 ( 2)
 111 Y   0.00352 0.63907 0.00196 0.35545 ( 2)
 112 T   0.40263 0.23995 0.22412 0.13329 ( 1)
 113 F   0.04389 0.59869 0.02448 0.33293 ( 2)
 114 I   0.05025 0.59279 0.02796 0.32901 ( 2)
 115 G   0.00001 0.64535 0.00000 0.35464 ( 2)
 116 S   0.00311 0.61822 0.02975 0.34892 ( 2)
 117 F   0.01246 0.63204 0.00688 0.34863 ( 2)
 118 F   0.00002 0.64500 0.00001 0.35498 ( 2)
 119 D   0.13107 0.51491 0.07173 0.28229 ( 2)
 120 N   0.34480 0.30082 0.18913 0.16524 ( 1)
 121 D   0.64561 0.00092 0.35296 0.00051 ( 1)
 122 I   0.63441 0.01166 0.34753 0.00640 ( 1)
 123 Y   0.55134 0.09441 0.30240 0.05186 ( 1)
 124 K   0.59149 0.05397 0.32485 0.02969 ( 1)
 125 V   0.00027 0.63761 0.00015 0.36197 ( 2)
 126 A   0.00116 0.64367 0.00064 0.35454 ( 2)
 127 L   0.25035 0.39349 0.13860 0.21756 ( 2)
 128 R   0.00346 0.64179 0.00190 0.35285 ( 2)
 129 A   0.62277 0.02308 0.34147 0.01268 ( 1)
 130 A   0.38808 0.25726 0.21321 0.14145 ( 1)
 131 A   0.00000 0.64514 0.00000 0.35485 ( 2)
 132 -   0.23493 0.40837 0.13042 0.22628 ( 2)
 133 -   0.26874 0.37666 0.14760 0.20700 ( 2)
 134 -   0.27049 0.37502 0.14847 0.20603 ( 2)
 135 -   0.01808 0.61167 0.02067 0.34958 ( 2)
 136 V   0.33981 0.30591 0.18632 0.16796 ( 1)
 137 S   0.00124 0.64446 0.00068 0.35362 ( 2)
 138 T   0.00043 0.64458 0.00024 0.35475 ( 2)
 139 T   0.05389 0.59147 0.02959 0.32506 ( 2)
 140 F   0.00000 0.64581 0.00000 0.35419 ( 2)
 141 G   0.00000 0.64478 0.00000 0.35522 ( 2)
 142 S   0.00073 0.64478 0.00040 0.35410 ( 2)
 143 N   0.00000 0.64324 0.00000 0.35676 ( 2)
 144 D   0.09014 0.55459 0.04970 0.30557 ( 2)
 145 S   0.00000 0.64442 0.00000 0.35558 ( 2)
 146 T   0.09066 0.55254 0.05039 0.30641 ( 2)
 147 F   0.62974 0.01585 0.34570 0.00871 ( 1)
 148 G   0.64082 0.00372 0.35341 0.00205 ( 1)
 149 V   0.61798 0.02803 0.33860 0.01539 ( 1)
 150 S   0.17768 0.46787 0.09749 0.25696 ( 2)
 151 S   0.00002 0.63606 0.00002 0.36391 ( 2)
 152 S   0.63391 0.01162 0.34807 0.00639 ( 1)
 153 Q   0.00001 0.64394 0.00001 0.35604 ( 2)
 154 F   0.64001 0.00585 0.35093 0.00322 ( 1)
 155 F   0.63019 0.01566 0.34554 0.00861 ( 1)
 156 N   0.00010 0.64432 0.00005 0.35553 ( 2)
 157 R   0.01420 0.63040 0.00783 0.34757 ( 2)
 158 R   0.00113 0.64253 0.00063 0.35572 ( 2)
 159 G   0.51212 0.13235 0.28251 0.07301 ( 1)
 160 I   0.00002 0.64495 0.00001 0.35503 ( 2)
 161 H   0.15712 0.48831 0.08624 0.26833 ( 2)
 162 Q   0.00000 0.64324 0.00000 0.35676 ( 2)
 163 L   0.08668 0.55794 0.04781 0.30757 ( 2)
 164 Y   0.05526 0.58984 0.03039 0.32451 ( 2)
 165 E   0.00009 0.64448 0.00005 0.35538 ( 2)
 166 S   0.00052 0.64278 0.00029 0.35642 ( 2)
 167 S   0.00021 0.64475 0.00012 0.35492 ( 2)
 168 -   0.27370 0.36889 0.15245 0.20497 ( 2)
 169 -   0.28579 0.35680 0.15917 0.19824 ( 2)
 170 -   0.26964 0.37295 0.15019 0.20722 ( 2)
 171 -   0.23803 0.40456 0.13261 0.22481 ( 2)
 172 -   0.02260 0.61998 0.01261 0.34481 ( 2)
 173 -   0.28579 0.35680 0.15917 0.19824 ( 2)
 174 -   0.02030 0.61531 0.01359 0.35079 ( 2)
 175 -   0.57180 0.07371 0.31396 0.04053 ( 1)
 176 -   0.22368 0.41890 0.12462 0.23279 ( 2)
 177 -   0.26851 0.37408 0.14956 0.20785 ( 2)
 178 -   0.23156 0.41103 0.12900 0.22841 ( 2)
 179 -   0.27857 0.36402 0.15516 0.20226 ( 2)
 180 -   0.00093 0.64166 0.00052 0.35689 ( 2)
 181 -   0.26964 0.37295 0.15019 0.20722 ( 2)
 182 -   0.24400 0.39858 0.13593 0.22148 ( 2)
 183 Q   0.00000 0.64385 0.00000 0.35615 ( 2)
 184 P   0.00152 0.64289 0.00084 0.35475 ( 2)
 185 I   0.00000 0.62675 0.00001 0.37323 ( 2)
 186 P   0.00063 0.64465 0.00035 0.35436 ( 2)
 187 S   0.00077 0.64334 0.00043 0.35546 ( 2)
 188 W   0.00000 0.64457 0.00000 0.35542 ( 2)
 189 P   0.18457 0.45847 0.10261 0.25434 ( 2)
 190 I   0.58484 0.06059 0.32124 0.03333 ( 1)
 191 T   0.01726 0.62790 0.00949 0.34535 ( 2)
 192 L   0.00001 0.62387 0.00134 0.37478 ( 2)
 193 A   0.03496 0.61030 0.01921 0.33554 ( 2)
 194 F   0.04297 0.60104 0.02379 0.33220 ( 2)
 195 P   0.64228 0.00225 0.35423 0.00124 ( 1)
 196 G   0.57856 0.06488 0.32064 0.03593 ( 1)
 197 E   0.02705 0.41981 0.35578 0.19735 ( 2)
 198 E   0.37436 0.26169 0.21608 0.14786 ( 1)
 199 S   0.59716 0.04698 0.32991 0.02595 ( 1)
 200 S   0.00022 0.64458 0.00012 0.35507 ( 2)
 201 E   0.00089 0.63604 0.00052 0.36254 ( 2)
 202 G   0.13454 0.50972 0.07435 0.28138 ( 2)
 203 N   0.56890 0.07697 0.31186 0.04228 ( 1)
 204 A   0.10363 0.54099 0.05715 0.29824 ( 2)
 205 N   0.61875 0.02792 0.33802 0.01531 ( 1)
 206 D   0.64189 0.00463 0.35093 0.00254 ( 1)
 207 Y   0.64414 0.00148 0.35356 0.00081 ( 1)
 208 S   0.62958 0.01635 0.34510 0.00898 ( 1)
 209 H   0.64529 0.00044 0.35403 0.00024 ( 1)
 210 R   0.00770 0.63297 0.00433 0.35500 ( 2)
 211 L   0.63586 0.00841 0.35107 0.00465 ( 1)
 212 C   0.47770 0.16767 0.26242 0.09221 ( 1)
 213 D   0.50468 0.14168 0.27597 0.07768 ( 1)
 214 V   0.63916 0.00575 0.35192 0.00317 ( 1)
 215 K   0.04814 0.59666 0.02653 0.32868 ( 2)
 216 N   0.61875 0.02792 0.33802 0.01531 ( 1)
 217 I   0.35543 0.28870 0.19643 0.15943 ( 1)
 218 T   0.61954 0.02551 0.34090 0.01405 ( 1)
 219 G   0.51751 0.12697 0.28548 0.07004 ( 1)
 220 G   0.61750 0.02703 0.34056 0.01491 ( 1)
 221 L   0.58316 0.06191 0.32084 0.03409 ( 1)
 222 R   0.35243 0.29261 0.19392 0.16104 ( 1)
 223 Q   0.60701 0.03739 0.33495 0.02064 ( 1)
 224 T   0.01877 0.62621 0.01032 0.34471 ( 2)
 225 P   0.00074 0.64228 0.00041 0.35657 ( 2)
 226 A   0.01509 0.63040 0.00828 0.34623 ( 2)
 227 R   0.02087 0.62279 0.01157 0.34477 ( 2)
 228 G   0.19079 0.45488 0.10464 0.24969 ( 2)
 229 -   0.25659 0.38806 0.14145 0.21389 ( 2)
 230 R   0.28545 0.35748 0.15872 0.19835 ( 2)
 231 S   0.35995 0.28311 0.19995 0.15699 ( 1)
 232 S   0.37958 0.26349 0.21084 0.14610 ( 1)
 233 L   0.58735 0.05691 0.32432 0.03143 ( 1)
 234 L   0.15659 0.48799 0.08638 0.26904 ( 2)
 235 S   0.04022 0.60434 0.02219 0.33325 ( 2)
 236 H   0.60613 0.03957 0.33256 0.02174 ( 1)
 237 A   0.22711 0.41594 0.12623 0.23072 ( 2)
 238 W   0.63984 0.00365 0.35450 0.00202 ( 1)
 239 T   0.63634 0.00724 0.35241 0.00401 ( 1)
 240 H   0.64529 0.00044 0.35403 0.00024 ( 1)
 241 S   0.00000 0.63705 0.00000 0.36295 ( 2)
 242 -   0.57925 0.06334 0.32223 0.03518 ( 1)

