Supplemental results for CODEML (seqf: algn  treef: tree)


dN/dS (w) for site classes (K=4)

site class             0        1       2a       2b
proportion       0.46734  0.37051  0.09045  0.07171
background w     0.00000  0.24189  0.00000  0.24189
foreground w     0.00000  0.24189  1.05801  1.05801

Naive Empirical Bayes (NEB) probabilities for 4 classes
(amino acids refer to 1st sequence: BT_Cry1Ba1)

   1 P   0.57689 0.35546 0.03773 0.02991 ( 1)
   2 F   0.74121 0.25080 0.00445 0.00353 ( 1)
   3 A   0.70185 0.28272 0.00861 0.00682 ( 1)
   4 G   0.72773 0.26186 0.00581 0.00460 ( 1)
   5 Q   0.70296 0.28221 0.00827 0.00656 ( 1)
   6 L   0.00000 0.21258 0.43921 0.34821 ( 3)
   7 A   0.72150 0.26749 0.00614 0.00487 ( 1)
   8 S   0.73924 0.25289 0.00439 0.00348 ( 1)
   9 F   0.74121 0.25080 0.00445 0.00353 ( 1)
  10 Y   0.72105 0.26746 0.00641 0.00508 ( 1)
  11 S   0.73924 0.25289 0.00439 0.00348 ( 1)
  12 F   0.74121 0.25080 0.00445 0.00353 ( 1)
  13 L   0.00000 0.45066 0.30642 0.24293 ( 2)
  14 V   0.72247 0.26549 0.00671 0.00532 ( 1)
  15 G   0.70795 0.27784 0.00792 0.00628 ( 1)
  16 E   0.76197 0.23172 0.00352 0.00279 ( 1)
  17 L   0.65370 0.31637 0.01669 0.01323 ( 1)
  18 W   0.57970 0.35469 0.03660 0.02902 ( 1)
  19 P   0.66058 0.31231 0.01512 0.01198 ( 1)
  20 R   0.00000 0.04128 0.53476 0.42396 ( 3)
  21 G   0.58396 0.35269 0.03534 0.02802 ( 1)
  22 R   0.72035 0.26845 0.00625 0.00496 ( 1)
  23 D   0.75975 0.23376 0.00362 0.00287 ( 1)
  24 Q   0.00000 0.34477 0.36548 0.28975 ( 3)
  25 W   0.57970 0.35469 0.03660 0.02902 ( 1)
  26 E   0.76197 0.23172 0.00352 0.00279 ( 1)
  27 I   0.72834 0.26129 0.00579 0.00459 ( 1)
  28 F   0.64567 0.32183 0.01812 0.01437 ( 1)
  29 L   0.00000 0.22077 0.43464 0.34459 ( 3)
  30 E   0.76197 0.23172 0.00352 0.00279 ( 1)
  31 H   0.74975 0.24328 0.00389 0.00308 ( 1)
  32 V   0.68942 0.28980 0.01159 0.00919 ( 1)
  33 E   0.76197 0.23172 0.00352 0.00279 ( 1)
  34 Q   0.70296 0.28221 0.00827 0.00656 ( 1)
  35 L   0.00001 0.81556 0.10287 0.08156 ( 2)
  36 I   0.00000 0.24350 0.42197 0.33453 ( 3)
  37 N   0.00000 0.54087 0.25610 0.20303 ( 2)
  38 Q   0.70296 0.28221 0.00827 0.00656 ( 1)
  39 Q   0.70296 0.28221 0.00827 0.00656 ( 1)
  40 I   0.00000 0.26320 0.41098 0.32582 ( 3)
  41 T   0.71407 0.27372 0.00681 0.00540 ( 1)
  42 E   0.00000 0.55829 0.24638 0.19533 ( 2)
  43 N   0.00001 0.90398 0.05355 0.04245 ( 2)
  44 A   0.00000 0.05171 0.52895 0.41935 ( 3)
  45 R   0.61383 0.34029 0.02559 0.02029 ( 1)
  46 N   0.00000 0.66035 0.18945 0.15020 ( 2)
  47 T   0.58503 0.35251 0.03484 0.02762 ( 1)
  48 A   0.70838 0.27771 0.00776 0.00615 ( 1)
  49 L   0.00001 0.80378 0.10945 0.08677 ( 2)
  50 A   0.72150 0.26749 0.00614 0.00487 ( 1)
  51 R   0.65672 0.31515 0.01570 0.01244 ( 1)
  52 L   0.65370 0.31637 0.01669 0.01323 ( 1)
  53 Q   0.00001 0.83158 0.09394 0.07447 ( 2)
  54 G   0.72937 0.26075 0.00552 0.00437 ( 1)
  55 L   0.65623 0.31377 0.01673 0.01326 ( 1)
  56 G   0.72773 0.26186 0.00581 0.00460 ( 1)
  57 D   0.00000 0.02551 0.54356 0.43093 ( 3)
  58 S   0.00000 0.17976 0.45752 0.36272 ( 3)
  59 F   0.00001 0.84020 0.08913 0.07066 ( 2)
  60 R   0.72035 0.26845 0.00625 0.00496 ( 1)
  61 A   0.00000 0.64035 0.20060 0.15904 ( 2)
  62 Y   0.67651 0.30159 0.01221 0.00968 ( 1)
  63 Q   0.66941 0.30648 0.01345 0.01066 ( 1)
  64 Q   0.60911 0.34218 0.02717 0.02154 ( 1)
  65 S   0.00001 0.75102 0.13888 0.11010 ( 2)
  66 L   0.71154 0.27526 0.00736 0.00584 ( 1)
  67 E   0.76197 0.23172 0.00352 0.00279 ( 1)
  68 D   0.00000 0.57361 0.23783 0.18855 ( 2)
  69 W   0.57970 0.35469 0.03660 0.02902 ( 1)
  70 L   0.65909 0.31206 0.01610 0.01276 ( 1)
  71 E   0.00001 0.88087 0.06644 0.05268 ( 2)
  72 N   0.63720 0.32783 0.01951 0.01546 ( 1)
  73 R   0.68490 0.29589 0.01071 0.00849 ( 1)
  74 D   0.00001 0.87442 0.07004 0.05553 ( 2)
  75 D   0.77304 0.22202 0.00275 0.00218 ( 1)
  76 A   0.73414 0.25683 0.00503 0.00399 ( 1)
  77 R   0.72035 0.26845 0.00625 0.00496 ( 1)
  78 T   0.00000 0.61321 0.21575 0.17104 ( 2)
  79 R   0.72035 0.26845 0.00625 0.00496 ( 1)
  80 S   0.69715 0.28684 0.00893 0.00708 ( 1)
  81 V   0.00001 0.85672 0.07992 0.06336 ( 2)
  82 L   0.00001 0.80378 0.10945 0.08677 ( 2)
  83 Y   0.00000 0.04894 0.53049 0.42057 ( 3)
  84 T   0.00000 0.16678 0.46476 0.36846 ( 3)
  85 Q   0.00000 0.58814 0.22973 0.18213 ( 2)
  86 Y   0.72105 0.26746 0.00641 0.00508 ( 1)
  87 I   0.00000 0.61980 0.21207 0.16813 ( 2)
  88 A   0.64344 0.32268 0.01890 0.01498 ( 1)
  89 L   0.65370 0.31637 0.01669 0.01323 ( 1)
  90 E   0.74028 0.25016 0.00533 0.00423 ( 1)
  91 L   0.71154 0.27526 0.00736 0.00584 ( 1)
  92 D   0.73314 0.25712 0.00543 0.00431 ( 1)
  93 F   0.00001 0.84137 0.08848 0.07014 ( 2)
  94 L   0.00000 0.45233 0.30549 0.24219 ( 2)
  95 N   0.00001 0.85880 0.07875 0.06243 ( 2)
  96 A   0.64943 0.31904 0.01758 0.01394 ( 1)
  97 M   0.00001 0.86023 0.07796 0.06180 ( 2)
  98 P   0.57689 0.35546 0.03773 0.02991 ( 1)
  99 L   0.71154 0.27526 0.00736 0.00584 ( 1)
 100 F   0.61998 0.33720 0.02389 0.01894 ( 1)
 101 A   0.00000 0.17693 0.45910 0.36397 ( 3)
 102 I   0.74957 0.24258 0.00438 0.00347 ( 1)
 103 R   0.00000 0.42585 0.32025 0.25389 ( 2)
 104 N   0.00000 0.40184 0.33365 0.26452 ( 2)
 105 Q   0.00001 0.80963 0.10618 0.08418 ( 2)
 106 E   0.00001 0.76446 0.13138 0.10416 ( 2)
 107 V   0.72779 0.26123 0.00613 0.00486 ( 1)
 108 P   0.69750 0.28666 0.00884 0.00701 ( 1)
 109 L   0.65370 0.31637 0.01669 0.01323 ( 1)
 110 L   0.64876 0.31910 0.01793 0.01421 ( 1)
 111 M   0.70646 0.28056 0.00724 0.00574 ( 1)
 112 V   0.74032 0.25053 0.00510 0.00405 ( 1)
 113 Y   0.70767 0.27794 0.00802 0.00636 ( 1)
 114 A   0.72150 0.26749 0.00614 0.00487 ( 1)
 115 Q   0.70296 0.28221 0.00827 0.00656 ( 1)
 116 A   0.72150 0.26749 0.00614 0.00487 ( 1)
 117 A   0.73414 0.25683 0.00503 0.00399 ( 1)
 118 N   0.75202 0.24090 0.00395 0.00313 ( 1)
 119 L   0.64566 0.32095 0.01862 0.01476 ( 1)
 120 H   0.63238 0.33037 0.02078 0.01647 ( 1)
 121 L   0.66471 0.30931 0.01449 0.01149 ( 1)
 122 L   0.65370 0.31637 0.01669 0.01323 ( 1)
 123 L   0.65370 0.31637 0.01669 0.01323 ( 1)
 124 L   0.58744 0.35151 0.03405 0.02699 ( 1)
 125 R   0.71609 0.27180 0.00676 0.00536 ( 1)
 126 D   0.69925 0.28510 0.00873 0.00692 ( 1)
 127 A   0.64747 0.31995 0.01818 0.01441 ( 1)
 128 S   0.61206 0.34089 0.02624 0.02080 ( 1)
 129 L   0.71154 0.27526 0.00736 0.00584 ( 1)
 130 F   0.00001 0.85276 0.08212 0.06511 ( 2)
 131 G   0.72937 0.26075 0.00552 0.00437 ( 1)
 132 S   0.00001 0.85584 0.08041 0.06375 ( 2)
 133 E   0.76197 0.23172 0.00352 0.00279 ( 1)
 134 F   0.00000 0.44041 0.31213 0.24746 ( 2)
 135 G   0.59939 0.34642 0.03023 0.02396 ( 1)
 136 L   0.00000 0.24715 0.41993 0.33292 ( 3)
 137 T   0.00000 0.51140 0.27254 0.21607 ( 2)
 138 S   0.62336 0.33413 0.02371 0.01880 ( 1)
 139 Q   0.00000 0.05055 0.52959 0.41986 ( 3)
 140 E   0.00001 0.90481 0.05309 0.04209 ( 2)
 141 I   0.00001 0.85985 0.07817 0.06197 ( 2)
 142 Q   0.00000 0.42596 0.32019 0.25385 ( 2)
 143 R   0.00001 0.69927 0.16774 0.13298 ( 2)
 144 Y   0.72105 0.26746 0.00641 0.00508 ( 1)
 145 Y   0.67651 0.30159 0.01221 0.00968 ( 1)
 146 E   0.00001 0.77767 0.12401 0.09832 ( 2)
 147 R   0.00000 0.27504 0.40437 0.32059 ( 3)
 148 Q   0.70296 0.28221 0.00827 0.00656 ( 1)
 149 V   0.00000 0.28469 0.39899 0.31632 ( 3)
 150 E   0.00000 0.64477 0.19814 0.15709 ( 2)
 151 R   0.00000 0.00975 0.55235 0.43790 ( 3)
 152 T   0.64340 0.32293 0.01878 0.01489 ( 1)
 153 R   0.00000 0.42273 0.32199 0.25528 ( 2)
 154 D   0.00000 0.59980 0.22323 0.17697 ( 2)
 155 Y   0.72105 0.26746 0.00641 0.00508 ( 1)
 156 S   0.68882 0.29332 0.00996 0.00790 ( 1)
 157 D   0.00001 0.74257 0.14359 0.11384 ( 2)
 158 Y   0.00001 0.82164 0.09948 0.07887 ( 2)
 159 C   0.57904 0.35474 0.03694 0.02928 ( 1)
 160 V   0.00001 0.81639 0.10241 0.08119 ( 2)
 161 E   0.00000 0.17288 0.46136 0.36576 ( 3)
 162 W   0.57970 0.35469 0.03660 0.02902 ( 1)
 163 Y   0.72105 0.26746 0.00641 0.00508 ( 1)
 164 N   0.76484 0.22976 0.00301 0.00239 ( 1)
 165 T   0.62381 0.33457 0.02321 0.01840 ( 1)
 166 G   0.68906 0.29251 0.01028 0.00815 ( 1)
 167 L   0.66258 0.31043 0.01505 0.01193 ( 1)
 168 N   0.76484 0.22976 0.00301 0.00239 ( 1)
 169 S   0.00000 0.12553 0.48777 0.38670 ( 3)
 170 L   0.62807 0.33054 0.02309 0.01830 ( 1)
 171 R   0.72035 0.26845 0.00625 0.00496 ( 1)
 172 G   0.59939 0.34642 0.03023 0.02396 ( 1)
 173 T   0.72046 0.26861 0.00610 0.00483 ( 1)
 174 N   0.00001 0.89585 0.05809 0.04605 ( 2)
 175 A   0.70589 0.27969 0.00804 0.00637 ( 1)
 176 A   0.00001 0.87862 0.06770 0.05367 ( 2)
 177 S   0.73924 0.25289 0.00439 0.00348 ( 1)
 178 W   0.57970 0.35469 0.03660 0.02902 ( 1)
 179 V   0.00000 0.31661 0.38119 0.30221 ( 3)
 180 R   0.58662 0.35179 0.03436 0.02724 ( 1)
 181 Y   0.72105 0.26746 0.00641 0.00508 ( 1)
 182 N   0.76484 0.22976 0.00301 0.00239 ( 1)
 183 Q   0.70296 0.28221 0.00827 0.00656 ( 1)
 184 F   0.61998 0.33720 0.02389 0.01894 ( 1)
 185 R   0.69901 0.28556 0.00861 0.00683 ( 1)
 186 R   0.72035 0.26845 0.00625 0.00496 ( 1)
 187 D   0.66005 0.31353 0.01474 0.01168 ( 1)
 188 L   0.66258 0.31043 0.01505 0.01193 ( 1)
 189 T   0.66622 0.30737 0.01473 0.01168 ( 1)
 190 L   0.65503 0.31534 0.01653 0.01311 ( 1)
 191 G   0.63755 0.32707 0.01973 0.01564 ( 1)
 192 V   0.74032 0.25053 0.00510 0.00405 ( 1)
 193 L   0.65370 0.31637 0.01669 0.01323 ( 1)
 194 D   0.77304 0.22202 0.00275 0.00218 ( 1)
 195 L   0.66136 0.31098 0.01543 0.01223 ( 1)
 196 V   0.60299 0.34419 0.02946 0.02336 ( 1)
 197 A   0.69493 0.28838 0.00931 0.00738 ( 1)
 198 L   0.66471 0.30931 0.01449 0.01149 ( 1)
 199 F   0.61998 0.33720 0.02389 0.01894 ( 1)
 200 P   0.70619 0.28013 0.00763 0.00605 ( 1)
 201 S   0.61439 0.33993 0.02548 0.02020 ( 1)


lnL = -1877.490762

