Supplemental results for CODEML (seqf: algn  treef: tree)


dN/dS (w) for site classes (K=4)

site class             0        1       2a       2b
proportion       0.26467  0.58480  0.04690  0.10362
background w     0.06988  0.52019  0.06988  0.52019
foreground w     0.06988  0.52019  2.23669  2.23669

Naive Empirical Bayes (NEB) probabilities for 4 classes
(amino acids refer to 1st sequence: BT_Cry1Be1)

   1 -   0.79315 0.20540 0.00045 0.00100 ( 1)
   2 S   0.00008 0.99896 0.00030 0.00066 ( 2)
   3 D   1.00000 0.00000 0.00000 0.00000 ( 1)
   4 S   0.00003 0.99997 0.00000 0.00000 ( 2)
   5 I   0.99996 0.00004 0.00000 0.00000 ( 1)
   6 T   0.62422 0.37577 0.00000 0.00000 ( 1)
   7 Q   0.99964 0.00036 0.00000 0.00000 ( 1)
   8 I   0.99977 0.00023 0.00000 0.00000 ( 1)
   9 P   0.99264 0.00736 0.00000 0.00000 ( 1)
  10 L   0.94767 0.05233 0.00000 0.00000 ( 1)
  11 V   0.99724 0.00276 0.00000 0.00000 ( 1)
  12 K   0.99941 0.00059 0.00000 0.00000 ( 1)
  13 S   0.86331 0.13669 0.00000 0.00000 ( 1)
  14 F   0.00004 0.99995 0.00000 0.00001 ( 2)
  15 N   0.00000 0.96297 0.01154 0.02549 ( 2)
  16 L   0.04101 0.95897 0.00001 0.00001 ( 2)
  17 N   0.00232 0.93183 0.02052 0.04533 ( 2)
  18 S   0.04607 0.93539 0.00577 0.01276 ( 2)
  19 -   0.26467 0.58480 0.04690 0.10362 ( 2)
  20 -   0.00157 0.96343 0.01091 0.02410 ( 2)
  21 -   0.00002 0.67095 0.10252 0.22651 ( 2)
  22 -   0.00000 0.00131 0.31116 0.68753 ( 4)
  23 -   0.28737 0.70959 0.00095 0.00210 ( 2)
  24 -   0.26467 0.58480 0.04690 0.10362 ( 2)
  25 -   0.26467 0.58480 0.04690 0.10362 ( 2)
  26 G   0.00000 0.95500 0.01402 0.03098 ( 2)
  27 T   0.00020 0.99972 0.00002 0.00005 ( 2)
  28 S   0.00000 0.00374 0.31040 0.68585 ( 4)
  29 V   0.99974 0.00026 0.00000 0.00000 ( 1)
  30 V   0.00100 0.99780 0.00037 0.00082 ( 2)
  31 S   0.00002 0.99997 0.00000 0.00001 ( 2)
  32 G   0.99865 0.00135 0.00000 0.00000 ( 1)
  33 P   0.99613 0.00387 0.00000 0.00000 ( 1)
  34 G   0.99995 0.00005 0.00000 0.00000 ( 1)
  35 F   0.00000 0.99851 0.00046 0.00103 ( 2)
  36 T   0.99996 0.00004 0.00000 0.00000 ( 1)
  37 G   0.99964 0.00036 0.00000 0.00000 ( 1)
  38 G   0.99858 0.00142 0.00000 0.00000 ( 1)
  39 D   0.99923 0.00077 0.00000 0.00000 ( 1)
  40 I   0.50014 0.49986 0.00000 0.00000 ( 1)
  41 I   0.98400 0.01600 0.00000 0.00000 ( 1)
  42 R   0.00000 0.94378 0.01751 0.03870 ( 2)
  43 T   0.91869 0.08131 0.00000 0.00000 ( 1)
  44 N   0.00000 0.58987 0.12779 0.28235 ( 2)
  45 V   0.01043 0.91255 0.02400 0.05302 ( 2)
  46 N   0.00000 0.96288 0.01157 0.02555 ( 2)
  47 G   0.00000 0.32573 0.21008 0.46419 ( 4)
  48 S   0.00000 0.91893 0.02526 0.05581 ( 2)
  49 V   0.00218 0.99782 0.00000 0.00000 ( 2)
  50 L   0.11906 0.88094 0.00000 0.00000 ( 2)
  51 S   0.00000 0.99996 0.00001 0.00003 ( 2)
  52 -   0.26467 0.58480 0.04690 0.10362 ( 2)
  53 M   0.03532 0.96468 0.00000 0.00000 ( 2)
  54 G   0.05516 0.94484 0.00000 0.00000 ( 2)
  55 L   0.08048 0.91952 0.00000 0.00000 ( 2)
  56 N   0.00000 0.98125 0.00584 0.01291 ( 2)
  57 F   0.00002 0.99995 0.00001 0.00002 ( 2)
  58 N   0.06820 0.88944 0.01320 0.02917 ( 2)
  59 -   0.05143 0.87846 0.02185 0.04827 ( 2)
  60 -   0.51097 0.48192 0.00222 0.00489 ( 1)
  61 -   0.01978 0.84459 0.04226 0.09337 ( 2)
  62 -   0.01784 0.80101 0.05644 0.12471 ( 2)
  63 -   0.02320 0.87138 0.03285 0.07257 ( 2)
  64 -   0.00598 0.83955 0.04813 0.10634 ( 2)
  65 N   0.00000 0.99963 0.00011 0.00025 ( 2)
  66 T   0.00000 0.00094 0.31128 0.68778 ( 4)
  67 S   0.00002 0.87440 0.03913 0.08645 ( 2)
  68 L   0.00013 0.99985 0.00001 0.00002 ( 2)
  69 Q   0.96705 0.03295 0.00000 0.00000 ( 1)
  70 R   0.28856 0.71144 0.00000 0.00000 ( 2)
  71 Y   0.98087 0.01913 0.00000 0.00000 ( 1)
  72 R   0.01792 0.98208 0.00000 0.00000 ( 2)
  73 V   0.98034 0.01966 0.00000 0.00000 ( 1)
  74 R   0.99987 0.00013 0.00000 0.00000 ( 1)
  75 V   0.01985 0.98014 0.00000 0.00000 ( 2)
  76 R   0.26479 0.73517 0.00001 0.00003 ( 2)
  77 Y   0.99980 0.00020 0.00000 0.00000 ( 1)
  78 A   0.02546 0.97440 0.00004 0.00010 ( 2)
  79 A   0.00265 0.99735 0.00000 0.00000 ( 2)
  80 S   0.00000 0.00013 0.31153 0.68834 ( 4)
  81 Q   0.00000 0.03244 0.30146 0.66610 ( 4)
  82 T   0.00000 0.05464 0.29455 0.65081 ( 4)
  83 M   0.00151 0.99849 0.00000 0.00000 ( 2)
  84 V   0.00000 0.00008 0.31155 0.68837 ( 4)
  85 L   0.00000 0.88445 0.03600 0.07954 ( 2)
  86 R   0.00000 0.00035 0.31146 0.68819 ( 4)
  87 V   0.00356 0.99643 0.00000 0.00001 ( 2)
  88 T   0.00000 0.81232 0.05847 0.12920 ( 2)
  89 V   0.00021 0.99978 0.00000 0.00000 ( 2)
  90 -   0.26467 0.58480 0.04690 0.10362 ( 2)
  91 -   0.00568 0.98677 0.00235 0.00520 ( 2)
  92 -   0.00006 0.68993 0.09659 0.21342 ( 2)
  93 -   0.00005 0.68676 0.09758 0.21561 ( 2)
  94 G   0.00053 0.99939 0.00003 0.00006 ( 2)
  95 G   0.00023 0.99963 0.00004 0.00009 ( 2)
  96 S   0.00000 0.00961 0.30858 0.68182 ( 4)
  97 T   0.00000 0.00041 0.31144 0.68815 ( 4)
  98 -   0.26467 0.58480 0.04690 0.10362 ( 2)
  99 T   0.00000 0.99952 0.00015 0.00033 ( 2)
 100 F   0.00000 0.00000 0.31157 0.68843 ( 4)
 101 D   0.00000 0.03614 0.30031 0.66355 ( 4)
 102 Q   0.00000 0.99966 0.00011 0.00023 ( 2)
 103 G   0.00000 0.00002 0.31157 0.68842 ( 4)
 104 F   0.00000 0.00018 0.31152 0.68830 ( 4)
 105 P   0.00000 0.93369 0.02066 0.04565 ( 2)
 106 S   0.00000 0.00127 0.31118 0.68756 ( 4)
 107 T   0.00035 0.97405 0.00798 0.01762 ( 2)
 108 M   0.00000 0.99614 0.00120 0.00266 ( 2)
 109 S   0.00000 0.02537 0.30367 0.67096 ( 4)
 110 A   0.00012 0.86017 0.04353 0.09618 ( 2)
 111 N   0.00286 0.99247 0.00146 0.00322 ( 2)
 112 -   0.06576 0.72046 0.06661 0.14718 ( 2)
 113 -   0.39005 0.57125 0.01206 0.02664 ( 2)
 114 -   0.36288 0.58405 0.01653 0.03653 ( 2)
 115 -   0.36288 0.58405 0.01653 0.03653 ( 2)
 116 -   0.38616 0.58425 0.00922 0.02037 ( 2)
 117 E   0.00014 0.90353 0.03001 0.06632 ( 2)
 118 S   0.00043 0.99289 0.00208 0.00460 ( 2)
 119 L   0.02765 0.97072 0.00051 0.00112 ( 2)
 120 T   0.92145 0.07849 0.00002 0.00004 ( 1)
 121 S   0.00016 0.99965 0.00006 0.00013 ( 2)
 122 Q   0.00000 0.98728 0.00396 0.00876 ( 2)
 123 S   0.00001 0.99825 0.00054 0.00120 ( 2)
 124 F   0.99961 0.00039 0.00000 0.00000 ( 1)
 125 R   0.00000 0.82747 0.05376 0.11877 ( 2)
 126 F   0.99902 0.00098 0.00000 0.00000 ( 1)
 127 A   0.01152 0.93686 0.01608 0.03553 ( 2)
 128 -   0.38197 0.57673 0.01287 0.02843 ( 2)
 129 -   0.34734 0.59267 0.01869 0.04130 ( 2)
 130 -   0.00363 0.34397 0.20327 0.44913 ( 4)
 131 -   0.38197 0.57673 0.01287 0.02843 ( 2)
 132 -   0.05183 0.65584 0.09108 0.20125 ( 2)
 133 E   0.05906 0.91756 0.00728 0.01609 ( 2)
 134 F   0.00031 0.99714 0.00079 0.00176 ( 2)
 135 P   0.00001 0.99781 0.00068 0.00150 ( 2)
 136 V   0.01317 0.98677 0.00002 0.00004 ( 2)
 137 G   0.00017 0.99978 0.00001 0.00003 ( 2)
 138 I   0.09733 0.90267 0.00000 0.00000 ( 2)
 139 S   0.03355 0.96645 0.00000 0.00000 ( 2)
 140 A   0.00005 0.99984 0.00003 0.00007 ( 2)
 141 S   0.00013 0.99986 0.00000 0.00000 ( 2)
 142 G   0.00000 0.99997 0.00001 0.00002 ( 2)
 143 S   0.00001 0.99934 0.00020 0.00045 ( 2)
 144 Q   0.00000 0.92326 0.02391 0.05283 ( 2)
 145 T   0.00000 0.99985 0.00005 0.00010 ( 2)
 146 A   0.94042 0.05958 0.00000 0.00000 ( 1)
 147 G   0.00004 0.99994 0.00001 0.00001 ( 2)
 148 I   0.26729 0.73271 0.00000 0.00000 ( 2)
 149 S   0.33645 0.66355 0.00000 0.00000 ( 2)
 150 I   0.99114 0.00886 0.00000 0.00000 ( 1)
 151 S   0.00000 0.99908 0.00029 0.00064 ( 2)
 152 N   0.67104 0.32896 0.00000 0.00000 ( 1)
 153 N   0.00000 0.99631 0.00115 0.00254 ( 2)
 154 A   0.00000 0.49572 0.15712 0.34716 ( 2)
 155 G   0.00117 0.99853 0.00009 0.00021 ( 2)
 156 R   0.00309 0.94195 0.01712 0.03783 ( 2)
 157 Q   0.00000 0.00355 0.31047 0.68599 ( 4)
 158 T   0.00000 0.02006 0.30532 0.67462 ( 4)
 159 F   0.04202 0.95798 0.00000 0.00000 ( 2)
 160 H   0.00001 0.84549 0.04814 0.10636 ( 2)
 161 F   0.05189 0.94810 0.00000 0.00001 ( 2)
 162 D   0.99833 0.00167 0.00000 0.00000 ( 1)
 163 K   0.99454 0.00546 0.00000 0.00000 ( 1)
 164 I   0.91185 0.08815 0.00000 0.00000 ( 1)
 165 E   0.99978 0.00022 0.00000 0.00000 ( 1)
 166 F   0.93207 0.06793 0.00000 0.00000 ( 1)
 167 I   0.89371 0.10628 0.00000 0.00000 ( 1)
 168 -   0.39055 0.57020 0.01223 0.02702 ( 2)


lnL = -6440.808932

