Supplemental results for CODEML (seqf: algn  treef: tree)


dN/dS (w) for site classes (K=4)

site class             0        1       2a       2b
proportion       0.36815  0.37966  0.12415  0.12803
background w     0.13130  1.40374  0.13130  1.40374
foreground w     0.13130  1.40374  7.17812  7.17812

Naive Empirical Bayes (NEB) probabilities for 4 classes
(amino acids refer to 1st sequence: BT_Cry40Aa1)

   1 P   0.00035 0.63002 0.18197 0.18766 ( 2)
   2 T   0.08363 0.91366 0.00133 0.00137 ( 2)
   3 H   0.00164 0.96334 0.01724 0.01778 ( 2)
   4 V   0.07697 0.91959 0.00169 0.00174 ( 2)
   5 E   0.85500 0.14491 0.00004 0.00005 ( 1)
   6 L   0.83296 0.16689 0.00007 0.00008 ( 1)
   7 T   0.71259 0.28734 0.00003 0.00004 ( 1)
   8 R   0.84423 0.15569 0.00004 0.00004 ( 1)
   9 E   0.94817 0.05183 0.00000 0.00000 ( 1)
  10 I   0.19255 0.80697 0.00024 0.00025 ( 2)
  11 Y   0.95848 0.04152 0.00000 0.00000 ( 1)
  12 T   0.92067 0.07932 0.00000 0.00000 ( 1)
  13 D   0.97933 0.02067 0.00000 0.00000 ( 1)
  14 P   0.38203 0.61702 0.00047 0.00048 ( 2)
  15 V   0.74975 0.24887 0.00068 0.00070 ( 1)
  16 G   0.89107 0.10890 0.00001 0.00001 ( 1)
  17 Y   0.66871 0.33126 0.00001 0.00001 ( 1)
  18 S   0.02173 0.80935 0.08316 0.08576 ( 2)
  19 S   0.00018 0.11305 0.43656 0.45021 ( 4)
  20 G   0.06757 0.83865 0.04617 0.04761 ( 2)
  21 T   0.00043 0.68427 0.15522 0.16008 ( 2)
  22 Y   0.04431 0.91721 0.01894 0.01954 ( 2)
  23 -   0.39055 0.38879 0.10863 0.11203 ( 1)
  24 S   0.00172 0.94939 0.02407 0.02482 ( 2)
  25 W   0.76057 0.23854 0.00044 0.00045 ( 1)
  26 L   0.00078 0.82352 0.08649 0.08920 ( 2)
  27 K   0.00001 0.01595 0.48444 0.49959 ( 4)
  28 Y   0.00000 0.02166 0.48164 0.49670 ( 4)
  29 W   0.01125 0.97327 0.00762 0.00786 ( 2)
  30 T   0.00050 0.25389 0.36706 0.37854 ( 4)
  31 G   0.00847 0.81075 0.08900 0.09178 ( 2)
  32 A   0.00042 0.61727 0.18821 0.19409 ( 2)
  33 F   0.96539 0.03461 0.00000 0.00000 ( 1)
  34 N   0.98559 0.01441 0.00000 0.00000 ( 1)
  35 T   0.00004 0.14023 0.42325 0.43648 ( 4)
  36 L   0.25785 0.71550 0.01312 0.01353 ( 2)
  37 E   0.94767 0.05233 0.00000 0.00000 ( 1)
  38 A   0.96296 0.03704 0.00000 0.00000 ( 1)
  39 N   0.83120 0.16879 0.00001 0.00001 ( 1)
  40 G   0.89728 0.10270 0.00001 0.00001 ( 1)
  41 T   0.92067 0.07932 0.00000 0.00000 ( 1)
  42 R   0.66063 0.33017 0.00453 0.00467 ( 1)
  43 G   0.89728 0.10270 0.00001 0.00001 ( 1)
  44 P   0.94086 0.05914 0.00000 0.00000 ( 1)
  45 G   0.96628 0.03372 0.00000 0.00000 ( 1)
  46 L   0.83365 0.16621 0.00007 0.00007 ( 1)
  47 V   0.96801 0.03198 0.00000 0.00000 ( 1)
  48 T   0.97030 0.02970 0.00000 0.00000 ( 1)
  49 W   0.00260 0.79587 0.09921 0.10232 ( 2)
  50 L   0.93731 0.06269 0.00000 0.00000 ( 1)
  51 R   0.00000 0.00260 0.49102 0.50638 ( 4)
  52 -   0.36815 0.37966 0.12415 0.12803 ( 2)
  53 S   0.00000 0.12119 0.43264 0.44617 ( 4)
  54 I   0.55656 0.44324 0.00010 0.00010 ( 1)
  55 G   0.74316 0.25679 0.00002 0.00002 ( 1)
  56 I   0.93785 0.06214 0.00000 0.00000 ( 1)
  57 Y   0.64317 0.35676 0.00004 0.00004 ( 1)
  58 N   0.16099 0.83832 0.00034 0.00035 ( 2)
  59 E   0.01678 0.97244 0.00531 0.00547 ( 2)
  60 Y   0.00000 0.09977 0.44319 0.45705 ( 4)
  61 V   0.00732 0.94043 0.02572 0.02653 ( 2)
  62 -   0.00000 0.00555 0.48957 0.50488 ( 4)
  63 -   0.00000 0.00202 0.49131 0.50667 ( 4)
  64 -   0.59275 0.34957 0.02840 0.02928 ( 1)
  65 -   0.06060 0.45612 0.23792 0.24536 ( 2)
  66 -   0.50811 0.38204 0.05408 0.05577 ( 1)
  67 -   0.00141 0.13319 0.42604 0.43936 ( 4)
  68 -   0.11100 0.57014 0.15697 0.16188 ( 2)
  69 -   0.00020 0.25527 0.36653 0.37800 ( 4)
  70 S   0.00000 0.00519 0.48975 0.50506 ( 4)
  71 R   0.00000 0.05960 0.46296 0.47744 ( 4)
  72 Y   0.13535 0.86348 0.00057 0.00059 ( 2)
  73 F   0.56998 0.42995 0.00003 0.00003 ( 1)
  74 S   0.00000 0.06179 0.46188 0.47633 ( 4)
  75 G   0.65488 0.33465 0.00515 0.00531 ( 1)
  76 W   0.76057 0.23854 0.00044 0.00045 ( 1)
  77 V   0.03688 0.94254 0.01013 0.01045 ( 2)
  78 G   0.88858 0.11139 0.00002 0.00002 ( 1)
  79 T   0.73413 0.26582 0.00002 0.00002 ( 1)
  80 R   0.93552 0.06447 0.00000 0.00000 ( 1)
  81 H   0.96461 0.03539 0.00000 0.00000 ( 1)
  82 Y   0.66056 0.33939 0.00002 0.00003 ( 1)
  83 E   0.94817 0.05183 0.00000 0.00000 ( 1)
  84 D   0.00015 0.41774 0.28657 0.29554 ( 2)
  85 Y   0.25916 0.71339 0.01351 0.01393 ( 2)
  86 T   0.92067 0.07932 0.00000 0.00000 ( 1)
  87 T   0.00002 0.09797 0.44406 0.45795 ( 4)
  88 G   0.71794 0.28203 0.00002 0.00002 ( 1)
  89 N   0.01880 0.80132 0.08855 0.09132 ( 2)
  90 G   0.17168 0.82770 0.00031 0.00031 ( 2)
  91 N   0.00189 0.97608 0.01085 0.01119 ( 2)
  92 F   0.53447 0.46539 0.00007 0.00007 ( 1)
  93 Q   0.04969 0.94059 0.00479 0.00494 ( 2)
  94 R   0.93905 0.06095 0.00000 0.00000 ( 1)
  95 M   0.08306 0.91553 0.00070 0.00072 ( 2)
  96 S   0.95176 0.04824 0.00000 0.00000 ( 1)
  97 G   0.89728 0.10270 0.00001 0.00001 ( 1)
  98 T   0.96707 0.03293 0.00000 0.00000 ( 1)
  99 T   0.75559 0.24316 0.00061 0.00063 ( 1)
 100 S   0.98274 0.01726 0.00000 0.00000 ( 1)
 101 N   0.98559 0.01441 0.00000 0.00000 ( 1)
 102 D   0.83939 0.16059 0.00001 0.00001 ( 1)
 103 L   0.00017 0.46091 0.26531 0.27361 ( 2)
 104 R   0.00088 0.96367 0.01745 0.01800 ( 2)
 105 D   0.00000 0.05940 0.46306 0.47754 ( 4)
 106 I   0.00236 0.96139 0.01785 0.01840 ( 2)
 107 S   0.00001 0.49596 0.24814 0.25590 ( 2)
 108 F   0.91797 0.08201 0.00001 0.00001 ( 1)
 109 P   0.00000 0.00000 0.49230 0.50770 ( 4)
 110 N   0.00200 0.93653 0.03027 0.03121 ( 2)
 111 S   0.00000 0.01400 0.48541 0.50059 ( 4)
 112 D   0.00389 0.98616 0.00490 0.00505 ( 2)
 113 I   0.00965 0.97784 0.00616 0.00636 ( 2)
 114 F   0.70400 0.29598 0.00001 0.00001 ( 1)
 115 K   0.12140 0.87771 0.00044 0.00046 ( 2)
 116 I   0.97415 0.02585 0.00000 0.00000 ( 1)
 117 E   0.00000 0.00117 0.49173 0.50711 ( 4)
 118 S   0.81642 0.18328 0.00015 0.00015 ( 1)
 119 K   0.00002 0.24534 0.37151 0.38313 ( 4)
 120 A   0.69730 0.30261 0.00004 0.00005 ( 1)
 121 I   0.21625 0.69324 0.04456 0.04595 ( 2)
 122 M   0.00000 0.04011 0.47256 0.48734 ( 4)
 123 N   0.00000 0.00972 0.48752 0.50276 ( 4)
 124 L   0.00001 0.05724 0.46412 0.47864 ( 4)
 125 V   0.00000 0.05395 0.46574 0.48031 ( 4)
 126 G   0.00000 0.09819 0.44396 0.45785 ( 4)
 127 E   0.00005 0.30795 0.34067 0.35132 ( 4)
 128 I   0.00011 0.87020 0.06385 0.06584 ( 2)
 129 N   0.00000 0.00360 0.49053 0.50587 ( 4)
 130 -   0.03778 0.89170 0.03471 0.03580 ( 2)
 131 -   0.36815 0.37966 0.12415 0.12803 ( 2)
 132 -   0.00204 0.17302 0.40612 0.41882 ( 4)
 133 -   0.67641 0.29975 0.01173 0.01210 ( 1)
 134 A   0.00547 0.88482 0.05401 0.05570 ( 2)
 135 R   0.00002 0.08253 0.45166 0.46578 ( 4)
 136 P   0.00357 0.87931 0.05766 0.05946 ( 2)
 137 E   0.01391 0.69001 0.14576 0.15032 ( 2)
 138 Y   0.01589 0.97953 0.00225 0.00232 ( 2)
 139 R   0.11166 0.88779 0.00027 0.00028 ( 2)
 140 V   0.19044 0.80878 0.00038 0.00039 ( 2)
 141 S   0.80975 0.18989 0.00018 0.00018 ( 1)
 142 R   0.02629 0.97059 0.00154 0.00159 ( 2)
 143 A   0.48366 0.51587 0.00023 0.00024 ( 2)
 144 E   0.13069 0.86828 0.00050 0.00052 ( 2)
 145 F   0.96539 0.03461 0.00000 0.00000 ( 1)
 146 S   0.00000 0.17683 0.40525 0.41792 ( 4)
 147 E   0.00000 0.00011 0.49225 0.50764 ( 4)
 148 S   0.00810 0.93032 0.03032 0.03127 ( 2)
 149 T   0.00001 0.20154 0.39308 0.40537 ( 4)
 150 -   0.36815 0.37966 0.12415 0.12803 ( 2)
 151 A   0.00000 0.06669 0.45947 0.47384 ( 4)
 152 F   0.00000 0.44497 0.27324 0.28179 ( 2)
 153 I   0.00028 0.66562 0.16448 0.16962 ( 2)
 154 Y   0.00000 0.00586 0.48942 0.50472 ( 4)
 155 L   0.00000 0.03547 0.47484 0.48969 ( 4)
 156 Y   0.95848 0.04152 0.00000 0.00000 ( 1)
 157 D   0.02408 0.97133 0.00226 0.00233 ( 2)
 158 A   0.00052 0.81691 0.08988 0.09269 ( 2)
 159 G   0.01347 0.92992 0.02787 0.02874 ( 2)
 160 N   0.75941 0.24054 0.00003 0.00003 ( 1)
 161 S   0.00061 0.89192 0.05291 0.05457 ( 2)
 162 -   0.36815 0.37966 0.12415 0.12803 ( 2)
 163 G   0.75321 0.24551 0.00063 0.00065 ( 1)
 164 L   0.00000 0.00292 0.49086 0.50621 ( 4)
 165 S   0.00001 0.07208 0.45681 0.47110 ( 4)
 166 S   0.00000 0.00502 0.48983 0.50515 ( 4)
 167 M   0.33113 0.66598 0.00142 0.00147 ( 2)
 168 T   0.92067 0.07932 0.00000 0.00000 ( 1)
 169 I   0.74729 0.25269 0.00001 0.00001 ( 1)
 170 T   0.11227 0.88479 0.00145 0.00150 ( 2)
 171 S   0.95176 0.04824 0.00000 0.00000 ( 1)
 172 K   0.00031 0.65053 0.17189 0.17727 ( 2)
 173 L   0.30740 0.68892 0.00181 0.00187 ( 2)
 174 P   0.85552 0.14442 0.00003 0.00003 ( 1)
 175 G   0.17882 0.82021 0.00048 0.00049 ( 2)
 176 I   0.00015 0.87238 0.06276 0.06472 ( 2)
 177 K   0.00000 0.07821 0.45380 0.46799 ( 4)
 178 N   0.00013 0.77882 0.10882 0.11223 ( 2)
 179 P   0.00001 0.25162 0.36843 0.37995 ( 4)
 180 E   0.00000 0.04725 0.46904 0.48371 ( 4)
 181 -   0.50089 0.40585 0.04591 0.04735 ( 1)
 182 P   0.89531 0.10465 0.00002 0.00002 ( 1)
 183 S   0.03165 0.96690 0.00071 0.00073 ( 2)
 184 Y   0.00000 0.00210 0.49127 0.50663 ( 4)
 185 R   0.00000 0.05079 0.46730 0.48191 ( 4)
 186 D   0.17603 0.82233 0.00081 0.00083 ( 2)
 187 Y   0.01002 0.55743 0.21294 0.21960 ( 2)
 188 S   0.62573 0.37421 0.00003 0.00003 ( 1)
 189 H   0.69862 0.30137 0.00001 0.00001 ( 1)
 190 R   0.10432 0.89477 0.00044 0.00046 ( 2)
 191 L   0.83365 0.16621 0.00007 0.00007 ( 1)
 192 S   0.83696 0.16276 0.00013 0.00014 ( 1)
 193 N   0.98559 0.01441 0.00000 0.00000 ( 1)
 194 A   0.75182 0.24679 0.00069 0.00071 ( 1)
 195 A   0.91780 0.08219 0.00001 0.00001 ( 1)
 196 C   0.95727 0.04273 0.00000 0.00000 ( 1)
 197 V   0.95989 0.04011 0.00000 0.00000 ( 1)
 198 G   0.00030 0.69984 0.14762 0.15223 ( 2)
 199 A   0.00000 0.03647 0.47435 0.48918 ( 4)
 200 -   0.36815 0.37966 0.12415 0.12803 ( 2)
 201 -   0.36815 0.37966 0.12415 0.12803 ( 2)
 202 G   0.00009 0.32430 0.33260 0.34300 ( 4)
 203 N   0.00060 0.32676 0.33114 0.34150 ( 4)
 204 S   0.00615 0.40899 0.28793 0.29693 ( 2)
 205 R   0.09459 0.90283 0.00127 0.00131 ( 2)
 206 I   0.02180 0.97587 0.00115 0.00118 ( 2)
 207 N   0.25908 0.73375 0.00353 0.00364 ( 2)
 208 V   0.91620 0.08379 0.00000 0.00000 ( 1)
 209 Y   0.12131 0.87665 0.00100 0.00104 ( 2)
 210 G   0.96965 0.03035 0.00000 0.00000 ( 1)
 211 W   0.76057 0.23854 0.00044 0.00045 ( 1)
 212 T   0.46867 0.53078 0.00027 0.00028 ( 2)
 213 H   0.96461 0.03539 0.00000 0.00000 ( 1)
 214 -   0.78569 0.21197 0.00115 0.00119 ( 1)


lnL = -3267.512793

