Supplemental results for CODEML (seqf: algn  treef: tree)


dN/dS (w) for site classes (K=4)

site class             0        1       2a       2b
proportion       0.45045  0.20696  0.23474  0.10785
background w     0.04942  1.00000  0.04942  1.00000
foreground w     0.04942  1.00000  1.00000  1.00000

Naive Empirical Bayes (NEB) probabilities for 4 classes
(amino acids refer to 1st sequence: BT_Cry30Aa1)

   1 -   0.47035 0.19947 0.22624 0.10395 ( 1)
   2 -   0.45263 0.20614 0.23381 0.10742 ( 1)
   3 -   0.46888 0.20002 0.22687 0.10423 ( 1)
   4 -   0.46918 0.19991 0.22674 0.10418 ( 1)
   5 R   0.04095 0.61795 0.01907 0.32203 ( 2)
   6 I   0.08293 0.04211 0.85302 0.02194 ( 3)
   7 T   0.66760 0.01228 0.31371 0.00640 ( 1)
   8 Q   0.61989 0.04848 0.30636 0.02527 ( 1)
   9 I   0.09008 0.04078 0.84790 0.02125 ( 3)
  10 P   0.64488 0.02727 0.31363 0.01421 ( 1)
  11 A   0.66708 0.01212 0.31449 0.00632 ( 1)
  12 V   0.66555 0.01246 0.31551 0.00649 ( 1)
  13 K   0.66822 0.01175 0.31391 0.00612 ( 1)
  14 A   0.45035 0.21794 0.21813 0.11358 ( 1)
  15 Y   0.00075 0.65669 0.00035 0.34221 ( 2)
  16 S   0.00009 0.65732 0.00004 0.34255 ( 2)
  17 L   0.53883 0.12738 0.26741 0.06638 ( 1)
  18 T   0.05485 0.60460 0.02548 0.31507 ( 2)
  19 S   0.27018 0.39557 0.12811 0.20614 ( 2)
  20 P   0.64234 0.02975 0.31240 0.01551 ( 1)
  21 A   0.66708 0.01212 0.31449 0.00632 ( 1)
  22 R   0.48341 0.18946 0.22841 0.09873 ( 1)
  23 V   0.66369 0.01426 0.31463 0.00743 ( 1)
  24 I   0.67218 0.00962 0.31319 0.00501 ( 1)
  25 V   0.00196 0.65551 0.00092 0.34160 ( 2)
  26 G   0.63630 0.03794 0.30599 0.01977 ( 1)
  27 P   0.62769 0.03253 0.32283 0.01695 ( 1)
  28 G   0.64506 0.02627 0.31499 0.01369 ( 1)
  29 H   0.64988 0.02389 0.31377 0.01245 ( 1)
  30 T   0.66760 0.01228 0.31371 0.00640 ( 1)
  31 G   0.64636 0.02653 0.31329 0.01382 ( 1)
  32 G   0.64599 0.02689 0.31310 0.01402 ( 1)
  33 D   0.66747 0.01270 0.31321 0.00662 ( 1)
  34 L   0.61182 0.05558 0.30363 0.02897 ( 1)
  35 V   0.66699 0.01217 0.31450 0.00634 ( 1)
  36 A   0.66708 0.01212 0.31449 0.00632 ( 1)
  37 L   0.64617 0.02680 0.31307 0.01396 ( 1)
  38 L   0.60859 0.05897 0.30170 0.03073 ( 1)
  39 N   0.57887 0.08510 0.29168 0.04435 ( 1)
  40 S   0.00014 0.65728 0.00006 0.34252 ( 2)
  41 G   0.00220 0.65527 0.00106 0.34147 ( 2)
  42 T   0.05624 0.60316 0.02628 0.31432 ( 2)
  43 Q   0.25104 0.41081 0.12406 0.21408 ( 2)
  44 S   0.00621 0.65124 0.00318 0.33937 ( 2)
  45 G   0.65368 0.02102 0.31435 0.01095 ( 1)
  46 T   0.00229 0.65520 0.00108 0.34144 ( 2)
  47 M   0.65430 0.02037 0.31471 0.01062 ( 1)
  48 Q   0.25453 0.40738 0.12579 0.21230 ( 2)
  49 I   0.55914 0.10225 0.28532 0.05329 ( 1)
  50 Q   0.26339 0.39868 0.13017 0.20776 ( 2)
  51 C   0.63034 0.03955 0.30950 0.02061 ( 1)
  52 K   0.66822 0.01175 0.31391 0.00612 ( 1)
  53 T   0.66760 0.01228 0.31371 0.00640 ( 1)
  54 G   0.65368 0.02102 0.31435 0.01095 ( 1)
  55 S   0.57678 0.08579 0.29273 0.04470 ( 1)
  56 F   0.39643 0.27149 0.19059 0.14148 ( 1)
  57 T   0.67070 0.01050 0.31333 0.00547 ( 1)
  58 G   0.30990 0.35700 0.14705 0.18604 ( 2)
  59 P   0.02863 0.62980 0.01338 0.32820 ( 2)
  60 S   0.50627 0.15326 0.26061 0.07987 ( 1)
  61 R   0.66607 0.01264 0.31471 0.00659 ( 1)
  62 Q   0.13757 0.52249 0.06766 0.27228 ( 2)
  63 Y   0.64129 0.03076 0.31193 0.01603 ( 1)
  64 G   0.65368 0.02102 0.31435 0.01095 ( 1)
  65 L   0.40956 0.26267 0.19089 0.13688 ( 1)
  66 R   0.49524 0.16381 0.25560 0.08536 ( 1)
  67 M   0.41661 0.25179 0.20039 0.13121 ( 1)
  68 R   0.62523 0.04422 0.30751 0.02304 ( 1)
  69 Y   0.64212 0.03001 0.31223 0.01564 ( 1)
  70 A   0.66708 0.01212 0.31449 0.00632 ( 1)
  71 A   0.66379 0.01420 0.31462 0.00740 ( 1)
  72 N   0.67391 0.00852 0.31313 0.00444 ( 1)
  73 S   0.51514 0.16140 0.23936 0.08411 ( 1)
  74 A   0.04359 0.61517 0.02066 0.32058 ( 2)
  75 F   0.38717 0.28051 0.18614 0.14618 ( 1)
  76 T   0.66760 0.01228 0.31371 0.00640 ( 1)
  77 V   0.52883 0.13182 0.27065 0.06870 ( 1)
  78 S   0.52222 0.15381 0.24381 0.08015 ( 1)
  79 L   0.61273 0.05490 0.30375 0.02861 ( 1)
  80 S   0.62350 0.04626 0.30613 0.02411 ( 1)
  81 Y   0.63562 0.03635 0.30908 0.01895 ( 1)
  82 T   0.05728 0.60206 0.02692 0.31374 ( 2)
  83 L   0.23338 0.42784 0.11582 0.22296 ( 2)
  84 L   0.00006 0.65735 0.00003 0.34256 ( 2)
  85 -   0.60571 0.06770 0.29131 0.03528 ( 1)
  86 G   0.54008 0.11999 0.27740 0.06253 ( 1)
  87 Q   0.00321 0.65432 0.00149 0.34098 ( 2)
  88 T   0.40341 0.26323 0.19619 0.13717 ( 1)
  89 R   0.00000 0.65740 0.00000 0.34259 ( 2)
  90 G   0.40998 0.25827 0.19716 0.13459 ( 1)
  91 T   0.04445 0.34859 0.42530 0.18166 ( 3)
  92 S   0.39733 0.27346 0.18671 0.14251 ( 1)
  93 F   0.65375 0.02100 0.31431 0.01094 ( 1)
  94 V   0.00001 0.65687 0.00082 0.34231 ( 2)
  95 T   0.65971 0.01991 0.31001 0.01037 ( 1)
  96 E   0.65908 0.01854 0.31272 0.00966 ( 1)
  97 N   0.02766 0.63028 0.01360 0.32845 ( 2)
  98 T   0.66760 0.01228 0.31371 0.00640 ( 1)
  99 F   0.65375 0.02100 0.31431 0.01094 ( 1)
 100 S   0.02149 0.63634 0.01055 0.33161 ( 2)
 101 R   0.66607 0.01264 0.31471 0.00659 ( 1)
 102 S   0.00136 0.65610 0.00063 0.34191 ( 2)
 103 N   0.67391 0.00852 0.31313 0.00444 ( 1)
 104 N   0.67391 0.00852 0.31313 0.00444 ( 1)
 105 I   0.51819 0.15798 0.24151 0.08233 ( 1)
 106 I   0.67213 0.00960 0.31326 0.00500 ( 1)
 107 P   0.64202 0.03007 0.31224 0.01567 ( 1)
 108 T   0.65676 0.02276 0.30862 0.01186 ( 1)
 109 D   0.66988 0.01037 0.31434 0.00540 ( 1)
 110 L   0.61086 0.05652 0.30316 0.02946 ( 1)
 111 K   0.66822 0.01175 0.31391 0.00612 ( 1)
 112 Y   0.50335 0.15605 0.25928 0.08132 ( 1)
 113 E   0.55834 0.10410 0.28332 0.05425 ( 1)
 114 E   0.55834 0.10410 0.28332 0.05425 ( 1)
 115 F   0.65375 0.02100 0.31431 0.01094 ( 1)
 116 K   0.66822 0.01175 0.31391 0.00612 ( 1)
 117 Y   0.64212 0.03001 0.31223 0.01564 ( 1)
 118 K   0.66822 0.01175 0.31391 0.00612 ( 1)
 119 D   0.29288 0.36811 0.14718 0.19183 ( 2)
 120 Y   0.64212 0.03001 0.31223 0.01564 ( 1)
 121 L   0.00001 0.65740 0.00000 0.34259 ( 2)
 122 Q   0.61989 0.04848 0.30636 0.02527 ( 1)
 123 I   0.67218 0.00962 0.31319 0.00501 ( 1)
 124 I   0.67218 0.00962 0.31319 0.00501 ( 1)
 125 T   0.66760 0.01228 0.31371 0.00640 ( 1)
 126 M   0.39752 0.27038 0.19120 0.14090 ( 1)
 127 T   0.08998 0.02903 0.86587 0.01513 ( 3)
 128 L   0.00083 0.65660 0.00041 0.34217 ( 2)
 129 P   0.64353 0.02940 0.31175 0.01532 ( 1)
 130 A   0.02149 0.63629 0.01062 0.33159 ( 2)
 131 N   0.67391 0.00852 0.31313 0.00444 ( 1)
 132 T   0.66760 0.01228 0.31371 0.00640 ( 1)
 133 I   0.67213 0.00960 0.31326 0.00500 ( 1)
 134 I   0.44221 0.22888 0.20963 0.11927 ( 1)
 135 T   0.67070 0.01050 0.31333 0.00547 ( 1)
 136 I   0.67213 0.00960 0.31326 0.00500 ( 1)
 137 S   0.00011 0.65665 0.00105 0.34219 ( 2)
 138 M   0.06771 0.59186 0.03199 0.30843 ( 2)
 139 Q   0.00003 0.65738 0.00002 0.34257 ( 2)
 140 Q   0.61989 0.04848 0.30636 0.02527 ( 1)
 141 A   0.00048 0.65694 0.00024 0.34235 ( 2)
 142 T   0.00017 0.65725 0.00008 0.34251 ( 2)
 143 G   0.00026 0.65715 0.00014 0.34245 ( 2)
 144 L   0.00000 0.65741 0.00000 0.34259 ( 2)
 145 L   0.00027 0.65714 0.00013 0.34245 ( 2)
 146 N   0.67391 0.00852 0.31313 0.00444 ( 1)
 147 N   0.00386 0.65368 0.00181 0.34065 ( 2)
 148 Q   0.61989 0.04848 0.30636 0.02527 ( 1)
 149 L   0.61182 0.05558 0.30363 0.02897 ( 1)
 150 I   0.67218 0.00962 0.31319 0.00501 ( 1)
 151 I   0.67218 0.00962 0.31319 0.00501 ( 1)
 152 D   0.58388 0.07871 0.29639 0.04102 ( 1)
 153 R   0.66347 0.01515 0.31348 0.00790 ( 1)
 154 I   0.58442 0.09419 0.27231 0.04908 ( 1)
 155 E   0.66315 0.01459 0.31465 0.00760 ( 1)
 156 F   0.35800 0.30890 0.17212 0.16098 ( 1)
 157 Y   0.03139 0.62714 0.01465 0.32682 ( 2)
 158 P   0.62136 0.03605 0.32381 0.01878 ( 1)


lnL = -1529.465816

