Supplemental results for CODEML (seqf: algn  treef: tree)


dN/dS (w) for site classes (K=4)

site class             0        1       2a       2b
proportion       0.43525  0.50380  0.02825  0.03270
background w     0.09980  1.00000  0.09980  1.00000
foreground w     0.09980  1.00000 20.04204 20.04204

Naive Empirical Bayes (NEB) probabilities for 4 classes
(amino acids refer to 1st sequence: BT_Cry7Ba1)

   1 -   0.73007 0.26975 0.00008 0.00010 ( 1)
   2 -   0.70679 0.29288 0.00016 0.00018 ( 1)
   3 T   0.06409 0.85755 0.05546 0.02291 ( 2)
   4 V   0.13515 0.85602 0.00611 0.00272 ( 2)
   5 E   0.96156 0.03840 0.00002 0.00001 ( 1)
   6 L   0.87557 0.12442 0.00001 0.00000 ( 1)
   7 T   0.96416 0.03582 0.00002 0.00001 ( 1)
   8 R   0.97500 0.02500 0.00000 0.00000 ( 1)
   9 T   0.12096 0.87874 0.00021 0.00009 ( 2)
  10 I   0.98647 0.01351 0.00002 0.00000 ( 1)
  11 Y   0.66443 0.33515 0.00031 0.00011 ( 1)
  12 T   0.11143 0.88834 0.00000 0.00023 ( 2)
  13 D   0.99193 0.00806 0.00001 0.00000 ( 1)
  14 P   0.94211 0.05789 0.00000 0.00000 ( 1)
  15 L   0.72051 0.27874 0.00053 0.00022 ( 1)
  16 G   0.98385 0.01615 0.00000 0.00000 ( 1)
  17 Y   0.09321 0.90646 0.00017 0.00016 ( 2)
  18 T   0.09484 0.89847 0.00107 0.00562 ( 2)
  19 G   0.89438 0.10561 0.00000 0.00000 ( 1)
  20 Y   0.35783 0.64165 0.00011 0.00042 ( 2)
  21 S   0.02217 0.97641 0.00002 0.00140 ( 2)
  22 N   0.34632 0.65152 0.00172 0.00044 ( 2)
  23 D   0.00952 0.82299 0.12141 0.04609 ( 2)
  24 E   0.80476 0.19506 0.00012 0.00006 ( 1)
  25 H   0.86679 0.13309 0.00009 0.00003 ( 1)
  26 P   0.89449 0.10550 0.00000 0.00000 ( 1)
  27 T   0.02303 0.97586 0.00002 0.00109 ( 2)
  28 Y   0.12789 0.87133 0.00057 0.00021 ( 2)
  29 Y   0.97866 0.02133 0.00001 0.00000 ( 1)
  30 -   0.15464 0.84189 0.00161 0.00186 ( 2)
  31 S   0.78129 0.21865 0.00001 0.00005 ( 1)
  32 S   0.67877 0.31822 0.00218 0.00083 ( 1)
  33 A   0.11883 0.88048 0.00013 0.00056 ( 2)
  34 K   0.00073 0.51321 0.35716 0.12890 ( 2)
  35 P   0.00002 0.90581 0.01364 0.08053 ( 2)
  36 F   0.94607 0.05392 0.00001 0.00000 ( 1)
  37 S   0.00054 0.62195 0.23325 0.14427 ( 2)
  38 S   0.15551 0.79635 0.02974 0.01840 ( 2)
  39 I   0.97569 0.02430 0.00001 0.00000 ( 1)
  40 E   0.95226 0.04772 0.00001 0.00001 ( 1)
  41 S   0.93736 0.06243 0.00017 0.00005 ( 1)
  42 R   0.02832 0.31009 0.47038 0.19121 ( 3)
  43 A   0.89709 0.10280 0.00006 0.00005 ( 1)
  44 V   0.16816 0.83074 0.00021 0.00089 ( 2)
  45 L   0.49224 0.50774 0.00000 0.00001 ( 2)
  46 A   0.02450 0.96511 0.00720 0.00319 ( 2)
  47 P   0.79063 0.20937 0.00000 0.00000 ( 1)
  48 S   0.00422 0.67696 0.04465 0.27418 ( 2)
  49 L   0.92027 0.07973 0.00000 0.00000 ( 1)
  50 F   0.84538 0.15461 0.00000 0.00000 ( 1)
  51 K   0.51709 0.48291 0.00000 0.00000 ( 1)
  52 W   0.77634 0.22366 0.00000 0.00000 ( 1)
  53 I   0.34152 0.65804 0.00024 0.00020 ( 2)
  54 T   0.98304 0.01693 0.00002 0.00001 ( 1)
  55 Q   0.03815 0.96076 0.00018 0.00090 ( 2)
  56 L   0.20307 0.72910 0.04772 0.02012 ( 2)
  57 E   0.00132 0.99678 0.00027 0.00163 ( 2)
  58 V   0.96837 0.03143 0.00013 0.00006 ( 1)
  59 Y   0.00191 0.57122 0.31248 0.11439 ( 2)
  60 T   0.00165 0.90768 0.01383 0.07684 ( 2)
  61 K   0.00259 0.99687 0.00001 0.00053 ( 2)
  62 K   0.00000 0.14921 0.01463 0.83616 ( 4)
  63 Y   0.00910 0.99006 0.00001 0.00083 ( 2)
  64 S   0.00000 0.93899 0.00007 0.06093 ( 2)
  65 Y   0.02151 0.97124 0.00103 0.00622 ( 2)
  66 S   0.00609 0.99265 0.00002 0.00123 ( 2)
  67 S   0.20918 0.78747 0.00202 0.00133 ( 2)
  68 Q   0.00002 0.78149 0.00030 0.21819 ( 2)
  69 Y   0.13876 0.84486 0.01199 0.00439 ( 2)
  70 T   0.70847 0.23058 0.04599 0.01497 ( 1)
  71 T   0.48881 0.50643 0.00297 0.00179 ( 2)
  72 L   0.00351 0.99467 0.00002 0.00180 ( 2)
  73 W   0.25663 0.74327 0.00005 0.00004 ( 2)
  74 T   0.74760 0.23250 0.01502 0.00489 ( 1)
  75 G   0.94896 0.05103 0.00000 0.00000 ( 1)
  76 L   0.14242 0.85751 0.00001 0.00007 ( 2)
  77 R   0.07333 0.92633 0.00005 0.00028 ( 2)
  78 V   0.91699 0.08299 0.00001 0.00001 ( 1)
  79 I   0.00490 0.98746 0.00181 0.00582 ( 2)
  80 A   0.38062 0.61900 0.00007 0.00030 ( 2)
  81 Q   0.03942 0.95895 0.00019 0.00144 ( 2)
  82 P   0.02819 0.97120 0.00011 0.00050 ( 2)
  83 T   0.98304 0.01693 0.00002 0.00001 ( 1)
  84 K   0.00530 0.97640 0.00410 0.01421 ( 2)
  85 D   0.02059 0.89268 0.02163 0.06510 ( 2)
  86 F   0.00021 0.96539 0.00064 0.03376 ( 2)
  87 T   0.00002 0.86767 0.00027 0.13204 ( 2)
  88 D   0.12266 0.87687 0.00012 0.00035 ( 2)
  89 T   0.00264 0.84518 0.03040 0.12179 ( 2)
  90 V   0.01365 0.98596 0.00001 0.00039 ( 2)
  91 Y   0.82739 0.17248 0.00009 0.00003 ( 1)
  92 D   0.55129 0.44062 0.00642 0.00167 ( 1)
  93 Y   0.51397 0.48592 0.00001 0.00010 ( 1)
  94 G   0.94896 0.05103 0.00000 0.00000 ( 1)
  95 S   0.04945 0.89812 0.04112 0.01130 ( 2)
  96 S   0.78891 0.21020 0.00065 0.00025 ( 1)
  97 S   0.87458 0.12532 0.00006 0.00004 ( 1)
  98 G   0.83993 0.15927 0.00059 0.00021 ( 1)
  99 S   0.78383 0.21529 0.00064 0.00024 ( 1)
 100 E   0.00058 0.98177 0.00216 0.01548 ( 2)
 101 N   0.00020 0.87193 0.01612 0.11175 ( 2)
 102 K   0.00164 0.74035 0.16493 0.09307 ( 2)
 103 D   0.00036 0.33921 0.52419 0.13624 ( 3)
 104 V   0.27397 0.72401 0.00125 0.00077 ( 2)
 105 F   0.98695 0.01304 0.00000 0.00000 ( 1)
 106 D   0.49423 0.50573 0.00001 0.00003 ( 2)
 107 L   0.91306 0.08652 0.00029 0.00012 ( 1)
 108 Y   0.02910 0.97080 0.00002 0.00008 ( 2)
 109 G   0.00643 0.96319 0.01600 0.01438 ( 2)
 110 N   0.71468 0.28520 0.00003 0.00009 ( 1)
 111 D   0.99193 0.00806 0.00001 0.00000 ( 1)
 112 V   0.71003 0.28911 0.00059 0.00026 ( 1)
 113 Y   0.97866 0.02133 0.00001 0.00000 ( 1)
 114 D   0.07539 0.92409 0.00035 0.00017 ( 2)
 115 T   0.00182 0.97790 0.00259 0.01769 ( 2)
 116 Q   0.02070 0.96084 0.01179 0.00667 ( 2)
 117 S   0.25420 0.73241 0.01051 0.00289 ( 2)
 118 V   0.00191 0.97173 0.00175 0.02461 ( 2)
 119 V   0.01240 0.98712 0.00001 0.00048 ( 2)
 120 S   0.01362 0.98037 0.00092 0.00509 ( 2)
 121 S   0.05930 0.92980 0.00588 0.00502 ( 2)
 122 Y   0.02313 0.97457 0.00005 0.00226 ( 2)
 123 K   0.01905 0.98064 0.00000 0.00031 ( 2)
 124 P   0.01907 0.91998 0.00124 0.05972 ( 2)
 125 T   0.15272 0.84673 0.00008 0.00047 ( 2)
 126 G   0.03207 0.96759 0.00001 0.00033 ( 2)
 127 G   0.02176 0.97755 0.00001 0.00067 ( 2)
 128 G   0.00247 0.99719 0.00001 0.00033 ( 2)
 129 H   0.69189 0.30803 0.00002 0.00007 ( 1)
 130 F   0.01441 0.09796 0.67111 0.21652 ( 3)
 131 G   0.29728 0.70136 0.00076 0.00060 ( 2)
 132 V   0.15844 0.84109 0.00001 0.00047 ( 2)
 133 P   0.97469 0.02531 0.00000 0.00000 ( 1)
 134 Q   0.00000 0.06975 0.51851 0.41174 ( 3)
 135 F   0.18387 0.81283 0.00250 0.00081 ( 2)
 136 R   0.00931 0.90775 0.00151 0.08144 ( 2)
 137 L   0.92027 0.07973 0.00000 0.00000 ( 1)
 138 F   0.15751 0.84232 0.00000 0.00016 ( 2)
 139 W   0.00120 0.89923 0.05500 0.04456 ( 2)
 140 I   0.98411 0.01586 0.00002 0.00001 ( 1)
 141 T   0.80057 0.19921 0.00005 0.00017 ( 1)
 142 K   0.00001 0.01052 0.68545 0.30401 ( 3)
 143 S   0.00911 0.98048 0.00022 0.01019 ( 2)
 144 N   0.99140 0.00857 0.00002 0.00001 ( 1)
 145 G   0.00000 0.44013 0.00070 0.55917 ( 4)
 146 L   0.88072 0.11912 0.00010 0.00007 ( 1)
 147 R   0.00140 0.99752 0.00000 0.00107 ( 2)
 148 E   0.76008 0.23978 0.00003 0.00012 ( 1)
 149 Q   0.08001 0.90680 0.00795 0.00524 ( 2)
 150 I   0.00016 0.08376 0.67912 0.23696 ( 3)
 151 F   0.98350 0.01647 0.00002 0.00001 ( 1)
 152 N   0.33139 0.66693 0.00134 0.00034 ( 2)
 153 Y   0.27224 0.72443 0.00244 0.00089 ( 2)
 154 A   0.00006 0.45743 0.06466 0.47785 ( 4)
 155 N   0.01457 0.97894 0.00020 0.00630 ( 2)
 156 N   0.91526 0.07930 0.00435 0.00110 ( 1)
 157 M   0.16920 0.83057 0.00001 0.00021 ( 2)
 158 G   0.10895 0.88945 0.00118 0.00042 ( 2)
 159 -   0.95281 0.04716 0.00002 0.00001 ( 1)
 160 S   0.27516 0.72383 0.00073 0.00028 ( 2)
 161 Y   0.00688 0.98970 0.00035 0.00307 ( 2)
 162 S   0.00002 0.01980 0.76885 0.21133 ( 3)
 163 A   0.00192 0.99663 0.00002 0.00143 ( 2)
 164 Y   0.00085 0.41033 0.43102 0.15779 ( 3)
 165 R   0.05423 0.93833 0.00453 0.00292 ( 2)
 166 F   0.79160 0.20835 0.00001 0.00004 ( 1)
 167 S   0.10687 0.88997 0.00187 0.00129 ( 2)
 168 K   0.34137 0.65806 0.00036 0.00020 ( 2)
 169 D   0.24891 0.74970 0.00020 0.00119 ( 2)
 170 E   0.16542 0.83275 0.00133 0.00051 ( 2)
 171 L   0.92027 0.07973 0.00000 0.00000 ( 1)
 172 P   0.87384 0.12614 0.00001 0.00001 ( 1)
 173 I   0.97569 0.02430 0.00001 0.00000 ( 1)
 174 E   0.78782 0.21185 0.00025 0.00009 ( 1)
 175 L   0.07486 0.92172 0.00197 0.00145 ( 2)
 176 L   0.03576 0.95956 0.00269 0.00199 ( 2)
 177 Q   0.01493 0.98213 0.00003 0.00291 ( 2)
 178 P   0.00001 0.74099 0.00188 0.25712 ( 2)
 179 P   0.97469 0.02531 0.00000 0.00000 ( 1)
 180 L   0.68120 0.31863 0.00003 0.00014 ( 1)
 181 F   0.69250 0.30740 0.00002 0.00008 ( 1)
 182 G   0.94896 0.05103 0.00000 0.00000 ( 1)
 183 D   0.99193 0.00806 0.00001 0.00000 ( 1)
 184 I   0.40365 0.54502 0.03738 0.01395 ( 2)
 185 E   0.91007 0.08992 0.00000 0.00000 ( 1)
 186 E   0.97718 0.02282 0.00001 0.00000 ( 1)
 187 Y   0.92108 0.07889 0.00001 0.00001 ( 1)
 188 S   0.91712 0.08241 0.00037 0.00010 ( 1)
 189 H   0.98842 0.01157 0.00000 0.00000 ( 1)
 190 R   0.88573 0.11422 0.00003 0.00002 ( 1)
 191 L   0.92027 0.07973 0.00000 0.00000 ( 1)
 192 S   0.99248 0.00751 0.00000 0.00000 ( 1)
 193 H   0.11591 0.87857 0.00306 0.00246 ( 2)
 194 V   0.85511 0.14440 0.00037 0.00012 ( 1)
 195 S   0.90702 0.09291 0.00004 0.00003 ( 1)
 196 E   0.93588 0.06408 0.00002 0.00001 ( 1)
 197 V   0.82427 0.17517 0.00039 0.00017 ( 1)
 198 I   0.04388 0.88735 0.05267 0.01610 ( 2)
 199 K   0.28388 0.69358 0.01656 0.00598 ( 2)
 200 D   0.00470 0.89929 0.07620 0.01981 ( 2)
 201 Y   0.02465 0.91862 0.04152 0.01521 ( 2)
 202 G   0.88018 0.11979 0.00002 0.00001 ( 1)
 203 E   0.00780 0.99151 0.00010 0.00059 ( 2)
 204 -   0.43525 0.50380 0.02825 0.03270 ( 2)
 205 -   0.43525 0.50380 0.02825 0.03270 ( 2)
 206 -   0.43525 0.50380 0.02825 0.03270 ( 2)
 207 -   0.43525 0.50380 0.02825 0.03270 ( 2)
 208 -   0.43525 0.50380 0.02825 0.03270 ( 2)
 209 -   0.43525 0.50380 0.02825 0.03270 ( 2)
 210 -   0.43525 0.50380 0.02825 0.03270 ( 2)
 211 -   0.43525 0.50380 0.02825 0.03270 ( 2)
 212 G   0.94896 0.05103 0.00000 0.00000 ( 1)
 213 I   0.16317 0.83220 0.00284 0.00179 ( 2)
 214 I   0.98647 0.01351 0.00002 0.00000 ( 1)
 215 P   0.95782 0.04218 0.00000 0.00000 ( 1)
 216 V   0.91555 0.08410 0.00024 0.00011 ( 1)
 217 L   0.92027 0.07973 0.00000 0.00000 ( 1)
 218 G   0.96426 0.03563 0.00009 0.00003 ( 1)
 219 W   0.03195 0.96804 0.00000 0.00000 ( 2)
 220 T   0.96608 0.03368 0.00017 0.00007 ( 1)
 221 H   0.98842 0.01157 0.00000 0.00000 ( 1)
 222 V   0.19727 0.79570 0.00487 0.00216 ( 2)
 223 S   0.92691 0.07229 0.00044 0.00035 ( 1)


lnL = -2864.182927

Bayes Empirical Bayes (BEB) probabilities for 4 classes (class)
(amino acids refer to 1st sequence: BT_Cry7Ba1)

   1 -   0.74652 0.25229 0.00062 0.00058 ( 1)
   2 -   0.72467 0.27338 0.00101 0.00095 ( 1)
   3 T   0.10009 0.67785 0.16330 0.05876 ( 2)
   4 V   0.21773 0.74311 0.02847 0.01069 ( 2)
   5 E   0.96113 0.03863 0.00019 0.00006 ( 1)
   6 L   0.88038 0.11900 0.00042 0.00020 ( 1)
   7 T   0.96361 0.03619 0.00014 0.00005 ( 1)
   8 R   0.97458 0.02538 0.00003 0.00001 ( 1)
   9 T   0.20403 0.78327 0.00945 0.00325 ( 2)
  10 I   0.98552 0.01439 0.00008 0.00002 ( 1)
  11 Y   0.69551 0.29806 0.00489 0.00155 ( 1)
  12 T   0.19027 0.80804 0.00007 0.00162 ( 2)
  13 D   0.99112 0.00882 0.00005 0.00001 ( 1)
  14 P   0.94325 0.05667 0.00006 0.00002 ( 1)
  15 L   0.74609 0.25038 0.00259 0.00095 ( 1)
  16 G   0.98325 0.01672 0.00002 0.00001 ( 1)
  17 Y   0.16617 0.82910 0.00280 0.00193 ( 2)
  18 T   0.16351 0.80960 0.00626 0.02064 ( 2)
  19 G   0.89835 0.10149 0.00010 0.00006 ( 1)
  20 Y   0.45707 0.54108 0.00049 0.00135 ( 2)
  21 S   0.05886 0.93768 0.00009 0.00337 ( 2)
  22 N   0.44670 0.53980 0.01107 0.00243 ( 2)
  23 D   0.02067 0.62779 0.26334 0.08820 ( 2)
  24 E   0.82057 0.17845 0.00069 0.00028 ( 1)
  25 H   0.87596 0.12334 0.00054 0.00015 ( 1)
  26 P   0.89847 0.10144 0.00005 0.00004 ( 1)
  27 T   0.06286 0.93391 0.00015 0.00307 ( 2)
  28 Y   0.20560 0.75207 0.03235 0.00997 ( 2)
  29 Y   0.97784 0.02207 0.00007 0.00002 ( 1)
  30 -   0.21043 0.76651 0.01198 0.01108 ( 2)
  31 S   0.79973 0.19999 0.00006 0.00022 ( 1)
  32 S   0.71001 0.28371 0.00471 0.00158 ( 1)
  33 A   0.20487 0.79259 0.00066 0.00188 ( 2)
  34 K   0.00210 0.35147 0.48809 0.15834 ( 3)
  35 P   0.00014 0.78186 0.04707 0.17093 ( 2)
  36 F   0.94608 0.05338 0.00043 0.00011 ( 1)
  37 S   0.00180 0.48074 0.33666 0.18080 ( 2)
  38 S   0.19331 0.69682 0.07208 0.03778 ( 2)
  39 I   0.97490 0.02499 0.00008 0.00003 ( 1)
  40 E   0.95247 0.04742 0.00007 0.00004 ( 1)
  41 S   0.93971 0.05963 0.00053 0.00013 ( 1)
  42 R   0.06798 0.38647 0.39972 0.14583 ( 3)
  43 A   0.90034 0.09929 0.00022 0.00014 ( 1)
  44 V   0.26469 0.72932 0.00159 0.00440 ( 2)
  45 L   0.55110 0.44840 0.00010 0.00040 ( 1)
  46 A   0.06286 0.88795 0.03597 0.01322 ( 2)
  47 P   0.80267 0.19694 0.00022 0.00016 ( 1)
  48 S   0.01172 0.64757 0.06970 0.27101 ( 2)
  49 L   0.92240 0.07741 0.00013 0.00006 ( 1)
  50 F   0.85297 0.14665 0.00024 0.00014 ( 1)
  51 K   0.57384 0.42589 0.00005 0.00022 ( 1)
  52 W   0.78958 0.20984 0.00036 0.00022 ( 1)
  53 I   0.40901 0.58372 0.00439 0.00288 ( 2)
  54 T   0.98203 0.01784 0.00010 0.00003 ( 1)
  55 Q   0.09502 0.89932 0.00139 0.00427 ( 2)
  56 L   0.30161 0.62622 0.05266 0.01951 ( 2)
  57 E   0.00574 0.97023 0.00531 0.01871 ( 2)
  58 V   0.96781 0.03188 0.00022 0.00009 ( 1)
  59 Y   0.00583 0.44715 0.41222 0.13480 ( 2)
  60 T   0.00612 0.80561 0.04228 0.14599 ( 2)
  61 K   0.01088 0.98445 0.00024 0.00443 ( 2)
  62 K   0.00000 0.14626 0.03222 0.82151 ( 4)
  63 Y   0.02658 0.97015 0.00009 0.00317 ( 2)
  64 S   0.00005 0.86905 0.00057 0.13033 ( 2)
  65 Y   0.04562 0.91551 0.00830 0.03057 ( 2)
  66 S   0.02369 0.97249 0.00015 0.00366 ( 2)
  67 S   0.31343 0.67770 0.00577 0.00310 ( 2)
  68 Q   0.00016 0.69879 0.00145 0.29961 ( 2)
  69 Y   0.20988 0.70003 0.06838 0.02171 ( 2)
  70 T   0.70853 0.21298 0.06072 0.01777 ( 1)
  71 T   0.54343 0.44601 0.00691 0.00364 ( 1)
  72 L   0.01257 0.98160 0.00018 0.00566 ( 2)
  73 W   0.32566 0.66688 0.00455 0.00291 ( 2)
  74 T   0.76982 0.21250 0.01362 0.00406 ( 1)
  75 G   0.94962 0.05030 0.00006 0.00002 ( 1)
  76 L   0.19644 0.79839 0.00066 0.00451 ( 2)
  77 R   0.16516 0.83343 0.00033 0.00108 ( 2)
  78 V   0.91920 0.08061 0.00011 0.00007 ( 1)
  79 I   0.01891 0.95039 0.01027 0.02043 ( 2)
  80 A   0.48081 0.51780 0.00036 0.00104 ( 2)
  81 Q   0.07894 0.90891 0.00225 0.00991 ( 2)
  82 P   0.07448 0.92197 0.00092 0.00262 ( 2)
  83 T   0.98203 0.01784 0.00010 0.00003 ( 1)
  84 K   0.01949 0.92121 0.01843 0.04087 ( 2)
  85 D   0.04798 0.78450 0.05649 0.11103 ( 2)
  86 F   0.00126 0.91373 0.00370 0.08131 ( 2)
  87 T   0.00016 0.79980 0.00140 0.19863 ( 2)
  88 D   0.20883 0.78270 0.00292 0.00555 ( 2)
  89 T   0.00975 0.78862 0.05667 0.14495 ( 2)
  90 V   0.03916 0.95792 0.00014 0.00277 ( 2)
  91 Y   0.84073 0.15848 0.00060 0.00019 ( 1)
  92 D   0.61259 0.36869 0.01513 0.00359 ( 1)
  93 Y   0.56903 0.43047 0.00007 0.00043 ( 1)
  94 G   0.94962 0.05030 0.00006 0.00002 ( 1)
  95 S   0.10760 0.76002 0.10676 0.02562 ( 2)
  96 S   0.80471 0.19159 0.00276 0.00093 ( 1)
  97 S   0.87955 0.12000 0.00028 0.00017 ( 1)
  98 G   0.85129 0.14672 0.00151 0.00047 ( 1)
  99 S   0.80027 0.19600 0.00279 0.00094 ( 1)
 100 E   0.00284 0.94898 0.00915 0.03903 ( 2)
 101 N   0.00082 0.70443 0.05587 0.23888 ( 2)
 102 K   0.00632 0.68975 0.20471 0.09922 ( 2)
 103 D   0.00116 0.25237 0.60279 0.14368 ( 3)
 104 V   0.38139 0.61216 0.00427 0.00218 ( 2)
 105 F   0.98623 0.01373 0.00003 0.00001 ( 1)
 106 D   0.55201 0.44739 0.00012 0.00048 ( 1)
 107 L   0.91386 0.08419 0.00143 0.00052 ( 1)
 108 Y   0.07666 0.92119 0.00063 0.00152 ( 2)
 109 G   0.01830 0.89131 0.05219 0.03821 ( 2)
 110 N   0.74398 0.25546 0.00016 0.00039 ( 1)
 111 D   0.99112 0.00882 0.00005 0.00001 ( 1)
 112 V   0.73632 0.25907 0.00332 0.00129 ( 1)
 113 Y   0.97784 0.02207 0.00007 0.00002 ( 1)
 114 D   0.13347 0.82872 0.02679 0.01102 ( 2)
 115 T   0.00750 0.93706 0.01084 0.04460 ( 2)
 116 Q   0.05424 0.88908 0.03858 0.01810 ( 2)
 117 S   0.36277 0.61875 0.01490 0.00357 ( 2)
 118 V   0.00656 0.91093 0.00958 0.07293 ( 2)
 119 V   0.03577 0.96199 0.00006 0.00219 ( 2)
 120 S   0.03757 0.93702 0.00583 0.01959 ( 2)
 121 S   0.10954 0.84739 0.02537 0.01770 ( 2)
 122 Y   0.05927 0.93409 0.00033 0.00632 ( 2)
 123 K   0.05214 0.94631 0.00001 0.00154 ( 2)
 124 P   0.04051 0.88100 0.00360 0.07489 ( 2)
 125 T   0.24629 0.75174 0.00041 0.00156 ( 2)
 126 G   0.08300 0.91528 0.00008 0.00163 ( 2)
 127 G   0.05938 0.93786 0.00014 0.00263 ( 2)
 128 G   0.00805 0.97260 0.00074 0.01860 ( 2)
 129 H   0.72480 0.27475 0.00012 0.00032 ( 1)
 130 F   0.04429 0.16961 0.60682 0.17928 ( 3)
 131 G   0.36647 0.62436 0.00559 0.00358 ( 2)
 132 V   0.24966 0.74867 0.00007 0.00160 ( 2)
 133 P   0.97440 0.02557 0.00002 0.00001 ( 1)
 134 Q   0.00001 0.05336 0.55699 0.38964 ( 3)
 135 F   0.27500 0.68602 0.03056 0.00843 ( 2)
 136 R   0.02653 0.88371 0.00369 0.08607 ( 2)
 137 L   0.92240 0.07741 0.00013 0.00006 ( 1)
 138 F   0.25037 0.74882 0.00003 0.00079 ( 2)
 139 W   0.00274 0.58993 0.24154 0.16580 ( 2)
 140 I   0.98310 0.01679 0.00009 0.00003 ( 1)
 141 T   0.81481 0.18455 0.00018 0.00047 ( 1)
 142 K   0.00029 0.05432 0.67372 0.27168 ( 3)
 143 S   0.02546 0.95332 0.00103 0.02019 ( 2)
 144 N   0.99044 0.00946 0.00008 0.00002 ( 1)
 145 G   0.00003 0.55458 0.00195 0.44344 ( 2)
 146 L   0.88487 0.11422 0.00058 0.00033 ( 1)
 147 R   0.00604 0.98890 0.00004 0.00503 ( 2)
 148 E   0.78141 0.21815 0.00010 0.00034 ( 1)
 149 Q   0.14373 0.82008 0.02335 0.01283 ( 2)
 150 I   0.00113 0.15169 0.64294 0.20424 ( 3)
 151 F   0.98267 0.01721 0.00009 0.00003 ( 1)
 152 N   0.43630 0.55478 0.00733 0.00160 ( 2)
 153 Y   0.37640 0.60832 0.01165 0.00363 ( 2)
 154 A   0.00028 0.37527 0.11008 0.51438 ( 4)
 155 N   0.04155 0.94154 0.00113 0.01578 ( 2)
 156 N   0.91872 0.07606 0.00422 0.00099 ( 1)
 157 M   0.26910 0.72965 0.00013 0.00112 ( 2)
 158 G   0.18401 0.78634 0.02294 0.00672 ( 2)
 159 -   0.95265 0.04716 0.00013 0.00006 ( 1)
 160 S   0.38634 0.60925 0.00335 0.00107 ( 2)
 161 Y   0.02054 0.96423 0.00251 0.01271 ( 2)
 162 S   0.00012 0.02952 0.77357 0.19679 ( 3)
 163 A   0.00819 0.98496 0.00023 0.00661 ( 2)
 164 Y   0.00206 0.25459 0.55851 0.18485 ( 3)
 165 R   0.10231 0.85949 0.02509 0.01312 ( 2)
 166 F   0.80863 0.19110 0.00006 0.00020 ( 1)
 167 S   0.18463 0.80129 0.00905 0.00504 ( 2)
 168 K   0.44836 0.54932 0.00157 0.00074 ( 2)
 169 D   0.35011 0.64630 0.00074 0.00285 ( 2)
 170 E   0.25882 0.71940 0.01652 0.00525 ( 2)
 171 L   0.92240 0.07741 0.00013 0.00006 ( 1)
 172 P   0.87877 0.12034 0.00062 0.00027 ( 1)
 173 I   0.97490 0.02499 0.00008 0.00003 ( 1)
 174 E   0.80448 0.19311 0.00181 0.00060 ( 1)
 175 L   0.12305 0.83943 0.02348 0.01404 ( 2)
 176 L   0.06767 0.85830 0.04625 0.02778 ( 2)
 177 Q   0.04121 0.95273 0.00017 0.00589 ( 2)
 178 P   0.00005 0.60508 0.00689 0.38799 ( 2)
 179 P   0.97440 0.02557 0.00002 0.00001 ( 1)
 180 L   0.71167 0.28767 0.00015 0.00050 ( 1)
 181 F   0.72308 0.27641 0.00013 0.00038 ( 1)
 182 G   0.94962 0.05030 0.00006 0.00002 ( 1)
 183 D   0.99112 0.00882 0.00005 0.00001 ( 1)
 184 I   0.43866 0.47158 0.06754 0.02221 ( 2)
 185 E   0.91307 0.08677 0.00011 0.00005 ( 1)
 186 E   0.97650 0.02343 0.00006 0.00002 ( 1)
 187 Y   0.92284 0.07702 0.00008 0.00006 ( 1)
 188 S   0.92043 0.07805 0.00122 0.00030 ( 1)
 189 H   0.98785 0.01214 0.00001 0.00000 ( 1)
 190 R   0.89040 0.10925 0.00023 0.00012 ( 1)
 191 L   0.92240 0.07741 0.00013 0.00006 ( 1)
 192 S   0.99187 0.00810 0.00002 0.00000 ( 1)
 193 H   0.19597 0.78643 0.01060 0.00700 ( 2)
 194 V   0.86397 0.13403 0.00154 0.00046 ( 1)
 195 S   0.90975 0.08986 0.00026 0.00013 ( 1)
 196 E   0.93714 0.06270 0.00011 0.00005 ( 1)
 197 V   0.83719 0.16110 0.00122 0.00048 ( 1)
 198 I   0.09690 0.76562 0.10856 0.02892 ( 2)
 199 K   0.37774 0.57496 0.03591 0.01139 ( 2)
 200 D   0.01299 0.64435 0.27829 0.06437 ( 2)
 201 Y   0.06107 0.82871 0.08388 0.02634 ( 2)
 202 G   0.88502 0.11472 0.00016 0.00009 ( 1)
 203 E   0.02791 0.96909 0.00066 0.00234 ( 2)
 204 -   0.45933 0.46219 0.03971 0.03877 ( 2)
 205 -   0.45933 0.46219 0.03971 0.03877 ( 2)
 206 -   0.45933 0.46219 0.03971 0.03877 ( 2)
 207 -   0.45933 0.46219 0.03971 0.03877 ( 2)
 208 -   0.45933 0.46219 0.03971 0.03877 ( 2)
 209 -   0.45933 0.46219 0.03971 0.03877 ( 2)
 210 -   0.45933 0.46219 0.03971 0.03877 ( 2)
 211 -   0.45933 0.46219 0.03971 0.03877 ( 2)
 212 G   0.94962 0.05030 0.00006 0.00002 ( 1)
 213 I   0.25403 0.72501 0.01382 0.00714 ( 2)
 214 I   0.98552 0.01439 0.00008 0.00002 ( 1)
 215 P   0.95797 0.04186 0.00013 0.00004 ( 1)
 216 V   0.91693 0.08166 0.00102 0.00039 ( 1)
 217 L   0.92240 0.07741 0.00013 0.00006 ( 1)
 218 G   0.96384 0.03578 0.00029 0.00009 ( 1)
 219 W   0.06641 0.93218 0.00004 0.00136 ( 2)
 220 T   0.96549 0.03416 0.00026 0.00010 ( 1)
 221 H   0.98785 0.01214 0.00001 0.00000 ( 1)
 222 V   0.29032 0.67200 0.02735 0.01032 ( 2)
 223 S   0.92727 0.07151 0.00073 0.00049 ( 1)

