Supplemental results for CODEML (seqf: algn  treef: tree)


dN/dS (w) for site classes (K=4)

site class             0        1       2a       2b
proportion       0.78766  0.16282  0.04104  0.00848
background w     0.11503  1.00000  0.11503  1.00000
foreground w     0.11503  1.00000  1.00000  1.00000

Naive Empirical Bayes (NEB) probabilities for 4 classes
(amino acids refer to 1st sequence: BT_Cry9Ca1)

   1 S   0.92155 0.05178 0.02397 0.00270 ( 1)
   2 N   0.98052 0.00246 0.01689 0.00013 ( 1)
   3 P   0.97622 0.00271 0.02092 0.00014 ( 1)
   4 Q   0.94637 0.01755 0.03517 0.00091 ( 1)
   5 L   0.97729 0.00148 0.02116 0.00008 ( 1)
   6 T   0.96880 0.00487 0.02608 0.00025 ( 1)
   7 R   0.97627 0.00155 0.02209 0.00008 ( 1)
   8 E   0.95284 0.02277 0.02321 0.00119 ( 1)
   9 V   0.90045 0.05251 0.04430 0.00274 ( 1)
  10 Y   0.97816 0.00136 0.02040 0.00007 ( 1)
  11 T   0.97051 0.00495 0.02428 0.00026 ( 1)
  12 D   0.98305 0.00068 0.01624 0.00004 ( 1)
  13 P   0.96028 0.01114 0.02800 0.00058 ( 1)
  14 I   0.84444 0.02300 0.13135 0.00120 ( 1)
  15 V   0.97051 0.00362 0.02568 0.00019 ( 1)
  16 F   0.96911 0.01105 0.01927 0.00058 ( 1)
  17 N   0.98381 0.00084 0.01530 0.00004 ( 1)
  18 P   0.96772 0.00494 0.02708 0.00026 ( 1)
  19 P   0.92401 0.04758 0.02593 0.00248 ( 1)
  20 A   0.96401 0.00296 0.03287 0.00015 ( 1)
  21 N   0.98381 0.00084 0.01530 0.00004 ( 1)
  22 V   0.23699 0.71345 0.01239 0.03717 ( 2)
  23 G   0.96689 0.00499 0.02785 0.00026 ( 1)
  24 L   0.91017 0.06645 0.01992 0.00346 ( 1)
  25 C   0.96923 0.00739 0.02299 0.00039 ( 1)
  26 R   0.96695 0.00814 0.02449 0.00042 ( 1)
  27 R   0.97627 0.00155 0.02209 0.00008 ( 1)
  28 W   0.93463 0.02689 0.03708 0.00140 ( 1)
  29 G   0.75708 0.05305 0.18711 0.00276 ( 1)
  30 T   0.96874 0.01500 0.01548 0.00078 ( 1)
  31 N   0.97396 0.00257 0.02333 0.00013 ( 1)
  32 P   0.97238 0.00573 0.02159 0.00030 ( 1)
  33 Y   0.97816 0.00136 0.02040 0.00007 ( 1)
  34 N   0.32687 0.11922 0.54769 0.00621 ( 3)
  35 T   0.97159 0.00402 0.02418 0.00021 ( 1)
  36 F   0.97971 0.00088 0.01936 0.00005 ( 1)
  37 S   0.95238 0.01108 0.03596 0.00058 ( 1)
  38 E   0.76569 0.02652 0.20641 0.00138 ( 1)
  39 L   0.97553 0.00260 0.02173 0.00014 ( 1)
  40 E   0.96565 0.00320 0.03099 0.00017 ( 1)
  41 N   0.98381 0.00084 0.01530 0.00004 ( 1)
  42 A   0.81203 0.03583 0.15028 0.00187 ( 1)
  43 F   0.95778 0.00741 0.03442 0.00039 ( 1)
  44 I   0.98189 0.00110 0.01695 0.00006 ( 1)
  45 R   0.93266 0.02858 0.03727 0.00149 ( 1)
  46 P   0.96783 0.00973 0.02193 0.00051 ( 1)
  47 P   0.96442 0.00574 0.02954 0.00030 ( 1)
  48 H   0.98053 0.00091 0.01851 0.00005 ( 1)
  49 L   0.96529 0.01303 0.02100 0.00068 ( 1)
  50 F   0.97971 0.00088 0.01936 0.00005 ( 1)
  51 D   0.97108 0.01222 0.01606 0.00064 ( 1)
  52 R   0.96750 0.00691 0.02523 0.00036 ( 1)
  53 L   0.93565 0.02635 0.03662 0.00137 ( 1)
  54 N   0.98362 0.00100 0.01532 0.00005 ( 1)
  55 S   0.93511 0.03243 0.03077 0.00169 ( 1)
  56 L   0.95752 0.01031 0.03163 0.00054 ( 1)
  57 T   0.97196 0.00355 0.02431 0.00018 ( 1)
  58 I   0.98012 0.00197 0.01781 0.00010 ( 1)
  59 S   0.23288 0.70085 0.02976 0.03651 ( 2)
  60 S   0.78572 0.16106 0.04483 0.00839 ( 1)
  61 N   0.83517 0.02058 0.14318 0.00107 ( 1)
  62 R   0.94893 0.01575 0.03450 0.00082 ( 1)
  63 F   0.96911 0.01105 0.01927 0.00058 ( 1)
  64 -   0.81659 0.13389 0.04254 0.00698 ( 1)
  65 -   0.82730 0.12318 0.04310 0.00642 ( 1)
  66 P   0.41181 0.54428 0.01555 0.02836 ( 2)
  67 V   0.81959 0.14072 0.03235 0.00733 ( 1)
  68 S   0.11236 0.84006 0.00381 0.04377 ( 2)
  69 S   0.64328 0.32009 0.01995 0.01668 ( 1)
  70 N   0.97324 0.01046 0.01576 0.00054 ( 1)
  71 F   0.96195 0.01806 0.01905 0.00094 ( 1)
  72 M   0.51833 0.44480 0.01370 0.02317 ( 1)
  73 D   0.96897 0.01416 0.01614 0.00074 ( 1)
  74 Y   0.85454 0.12120 0.01795 0.00631 ( 1)
  75 W   0.93463 0.02689 0.03708 0.00140 ( 1)
  76 S   0.74142 0.06488 0.19032 0.00338 ( 1)
  77 G   0.96793 0.00398 0.02788 0.00021 ( 1)
  78 H   0.98053 0.00091 0.01851 0.00005 ( 1)
  79 T   0.95164 0.01171 0.03604 0.00061 ( 1)
  80 L   0.95752 0.01031 0.03163 0.00054 ( 1)
  81 R   0.75593 0.20326 0.03022 0.01059 ( 1)
  82 R   0.95259 0.02443 0.02171 0.00127 ( 1)
  83 S   0.76499 0.21112 0.01289 0.01100 ( 1)
  84 Y   0.77614 0.19733 0.01625 0.01028 ( 1)
  85 L   0.07982 0.86476 0.01037 0.04505 ( 2)
  86 N   0.97000 0.00397 0.02582 0.00021 ( 1)
  87 D   0.79973 0.17743 0.01360 0.00924 ( 1)
  88 S   0.75163 0.20666 0.03095 0.01077 ( 1)
  89 A   0.93657 0.03711 0.02439 0.00193 ( 1)
  90 V   0.80556 0.16424 0.02164 0.00856 ( 1)
  91 Q   0.79069 0.17725 0.02283 0.00923 ( 1)
  92 E   0.97514 0.00190 0.02286 0.00010 ( 1)
  93 D   0.94087 0.04108 0.01591 0.00214 ( 1)
  94 S   0.98334 0.00060 0.01604 0.00003 ( 1)
  95 Y   0.97701 0.00244 0.02042 0.00013 ( 1)
  96 G   0.95275 0.01019 0.03653 0.00053 ( 1)
  97 L   0.01907 0.88781 0.04687 0.04626 ( 2)
  98 I   0.82169 0.01249 0.16516 0.00065 ( 1)
  99 T   0.97883 0.00295 0.01807 0.00015 ( 1)
 100 T   0.04259 0.87945 0.03214 0.04582 ( 2)
 101 T   0.10716 0.84558 0.00320 0.04406 ( 2)
 102 R   0.93799 0.03543 0.02474 0.00185 ( 1)
 103 A   0.01587 0.93257 0.00298 0.04859 ( 2)
 104 T   0.72196 0.24663 0.01856 0.01285 ( 1)
 105 I   0.96625 0.01594 0.01698 0.00083 ( 1)
 106 N   0.98381 0.00084 0.01530 0.00004 ( 1)
 107 P   0.06256 0.87051 0.02158 0.04535 ( 2)
 108 G   0.19240 0.76220 0.00569 0.03971 ( 2)
 109 V   0.68790 0.28083 0.01664 0.01463 ( 1)
 110 D   0.96760 0.01448 0.01717 0.00075 ( 1)
 111 G   0.96689 0.00499 0.02785 0.00026 ( 1)
 112 T   0.94558 0.02892 0.02399 0.00151 ( 1)
 113 N   0.00371 0.94684 0.00012 0.04933 ( 2)
 114 R   0.04514 0.89171 0.01670 0.04646 ( 2)
 115 I   0.93203 0.04403 0.02164 0.00229 ( 1)
 116 E   0.93023 0.03671 0.03115 0.00191 ( 1)
 117 S   0.95966 0.00942 0.03044 0.00049 ( 1)
 118 T   0.82627 0.13529 0.03139 0.00705 ( 1)
 119 A   0.97107 0.00374 0.02499 0.00019 ( 1)
 120 V   0.73253 0.23554 0.01966 0.01227 ( 1)
 121 D   0.97952 0.00386 0.01642 0.00020 ( 1)
 122 F   0.97971 0.00088 0.01936 0.00005 ( 1)
 123 R   0.95315 0.02121 0.02454 0.00110 ( 1)
 124 S   0.02994 0.92103 0.00105 0.04799 ( 2)
 125 A   0.15482 0.77601 0.02873 0.04043 ( 2)
 126 L   0.26359 0.68918 0.01132 0.03591 ( 2)
 127 I   0.10043 0.82226 0.03448 0.04284 ( 2)
 128 G   0.92304 0.05516 0.01893 0.00287 ( 1)
 129 I   0.54734 0.31530 0.12094 0.01643 ( 1)
 130 Y   0.97733 0.00207 0.02050 0.00011 ( 1)
 131 G   0.94400 0.01881 0.03621 0.00098 ( 1)
 132 V   0.89876 0.06295 0.03501 0.00328 ( 1)
 133 N   0.75353 0.10716 0.13373 0.00558 ( 1)
 134 R   0.31851 0.64041 0.00771 0.03337 ( 2)
 135 A   0.73208 0.24132 0.01402 0.01257 ( 1)
 136 S   0.70847 0.25260 0.02577 0.01316 ( 1)
 137 F   0.96911 0.01106 0.01925 0.00058 ( 1)
 138 V   0.49056 0.46891 0.01610 0.02443 ( 1)
 139 P   0.96214 0.00744 0.03003 0.00039 ( 1)
 140 G   0.72201 0.24517 0.02004 0.01277 ( 1)
 141 G   0.95605 0.00702 0.03657 0.00037 ( 1)
 142 L   0.31445 0.63839 0.01390 0.03326 ( 2)
 143 F   0.89429 0.08347 0.01789 0.00435 ( 1)
 144 N   0.98036 0.00384 0.01560 0.00020 ( 1)
 145 G   0.94526 0.03378 0.01920 0.00176 ( 1)
 146 T   0.86161 0.10237 0.03069 0.00533 ( 1)
 147 T   0.84720 0.02991 0.12133 0.00156 ( 1)
 148 S   0.00680 0.94388 0.00015 0.04918 ( 2)
 149 P   0.95531 0.02340 0.02007 0.00122 ( 1)
 150 A   0.79598 0.17981 0.01484 0.00937 ( 1)
 151 N   0.97377 0.01049 0.01519 0.00055 ( 1)
 152 G   0.52294 0.43374 0.02072 0.02260 ( 1)
 153 G   0.91818 0.04461 0.03488 0.00232 ( 1)
 154 C   0.97718 0.00125 0.02150 0.00007 ( 1)
 155 R   0.90455 0.06998 0.02182 0.00365 ( 1)
 156 D   0.56184 0.36926 0.04966 0.01924 ( 1)
 157 L   0.17879 0.77329 0.00763 0.04029 ( 2)
 158 Y   0.75436 0.20309 0.03197 0.01058 ( 1)
 159 D   0.94087 0.04108 0.01591 0.00214 ( 1)
 160 T   0.92044 0.05369 0.02308 0.00280 ( 1)
 161 N   0.31066 0.58892 0.06974 0.03068 ( 2)
 162 D   0.96667 0.01095 0.02181 0.00057 ( 1)
 163 E   0.79080 0.01718 0.19112 0.00090 ( 1)
 164 L   0.95605 0.01175 0.03159 0.00061 ( 1)
 165 P   0.96772 0.00494 0.02708 0.00026 ( 1)
 166 P   0.74352 0.20162 0.04435 0.01050 ( 1)
 167 D   0.68354 0.28279 0.01893 0.01473 ( 1)
 168 E   0.90791 0.06702 0.02158 0.00349 ( 1)
 169 S   0.94411 0.01375 0.04143 0.00072 ( 1)
 170 T   0.69196 0.26720 0.02692 0.01392 ( 1)
 171 G   0.93844 0.03277 0.02708 0.00171 ( 1)
 172 S   0.68381 0.28003 0.02158 0.01459 ( 1)
 173 S   0.34322 0.58424 0.04210 0.03044 ( 2)
 174 T   0.01019 0.94025 0.00057 0.04899 ( 2)
 175 H   0.97211 0.00894 0.01849 0.00047 ( 1)
 176 R   0.75254 0.21784 0.01827 0.01135 ( 1)
 177 L   0.95701 0.01076 0.03167 0.00056 ( 1)
 178 S   0.97803 0.00158 0.02031 0.00008 ( 1)
 179 H   0.98053 0.00091 0.01851 0.00005 ( 1)
 180 V   0.98001 0.00112 0.01881 0.00006 ( 1)
 181 T   0.97526 0.00522 0.01926 0.00027 ( 1)
 182 F   0.97424 0.00236 0.02328 0.00012 ( 1)
 183 F   0.88655 0.07984 0.02945 0.00416 ( 1)
 184 S   0.11880 0.59090 0.25951 0.03079 ( 2)
 185 F   0.97424 0.00236 0.02328 0.00012 ( 1)
 186 Q   0.00434 0.94485 0.00158 0.04923 ( 2)
 187 T   0.97619 0.00220 0.02150 0.00011 ( 1)
 188 N   0.80356 0.07131 0.12141 0.00372 ( 1)
 189 Q   0.94637 0.01755 0.03517 0.00091 ( 1)
 190 A   0.96864 0.01259 0.01812 0.00066 ( 1)
 191 G   0.95210 0.01114 0.03617 0.00058 ( 1)
 192 S   0.94850 0.02973 0.02022 0.00155 ( 1)
 193 I   0.66692 0.17146 0.15269 0.00893 ( 1)
 194 A   0.27590 0.10447 0.61419 0.00544 ( 3)
 195 N   0.97590 0.00830 0.01536 0.00043 ( 1)
 196 A   0.01976 0.89052 0.04333 0.04640 ( 2)
 197 G   0.94975 0.01682 0.03256 0.00088 ( 1)
 198 S   0.00406 0.93888 0.00814 0.04892 ( 2)
 199 V   0.96972 0.00438 0.02567 0.00023 ( 1)
 200 P   0.97695 0.00256 0.02036 0.00013 ( 1)
 201 T   0.21721 0.25748 0.51189 0.01341 ( 3)
 202 Y   0.97816 0.00136 0.02040 0.00007 ( 1)
 203 V   0.97762 0.00327 0.01894 0.00017 ( 1)
 204 W   0.93463 0.02689 0.03708 0.00140 ( 1)
 205 T   0.75416 0.07708 0.16474 0.00402 ( 1)
 206 R   0.96447 0.01297 0.02189 0.00068 ( 1)
 207 R   0.35715 0.59433 0.01756 0.03096 ( 2)
 208 D   0.98305 0.00068 0.01624 0.00004 ( 1)


lnL = -2392.637828

