Supplemental results for CODEML (seqf: algn  treef: tree)


dN/dS (w) for site classes (K=4)

site class             0        1       2a       2b
proportion       0.76137  0.17037  0.05578  0.01248
background w     0.13524  1.00000  0.13524  1.00000
foreground w     0.13524  1.00000  1.00000  1.00000

Naive Empirical Bayes (NEB) probabilities for 4 classes
(amino acids refer to 1st sequence: BT_Cry1A-like)

   1 -   0.76137 0.17037 0.05578 0.01248 ( 1)
   2 -   0.76137 0.17037 0.05578 0.01248 ( 1)
   3 -   0.09656 0.83518 0.00707 0.06118 ( 2)
   4 S   0.06592 0.86583 0.00483 0.06343 ( 2)
   5 A   0.87568 0.05606 0.06415 0.00411 ( 1)
   6 E   0.01872 0.91302 0.00137 0.06689 ( 2)
   7 F   0.92116 0.01058 0.06748 0.00077 ( 1)
   8 N   0.03295 0.89880 0.00241 0.06584 ( 2)
   9 N   0.88057 0.05117 0.06451 0.00375 ( 1)
  10 I   0.45564 0.47611 0.03338 0.03488 ( 2)
  11 I   0.92543 0.00631 0.06779 0.00046 ( 1)
  12 P   0.92072 0.01102 0.06745 0.00081 ( 1)
  13 S   0.91976 0.01198 0.06738 0.00088 ( 1)
  14 S   0.91330 0.01845 0.06691 0.00135 ( 1)
  15 Q   0.00021 0.93153 0.00002 0.06824 ( 2)
  16 I   0.96779 0.00000 0.03220 0.00000 ( 1)
  17 T   0.96539 0.00000 0.03461 0.00000 ( 1)
  18 Q   0.95406 0.00002 0.04592 0.00000 ( 1)
  19 I   0.95767 0.00000 0.04233 0.00000 ( 1)
  20 P   0.95996 0.00000 0.04003 0.00000 ( 1)
  21 L   0.13870 0.73927 0.06788 0.05416 ( 2)
  22 T   0.96654 0.00001 0.03345 0.00000 ( 1)
  23 K   0.96059 0.00006 0.03935 0.00000 ( 1)
  24 S   0.28422 0.00255 0.71304 0.00019 ( 3)
  25 T   0.00000 0.93174 0.00000 0.06826 ( 2)
  26 N   0.91943 0.04933 0.02763 0.00361 ( 1)
  27 L   0.95127 0.00263 0.04590 0.00019 ( 1)
  28 G   0.00001 0.93174 0.00000 0.06826 ( 2)
  29 S   0.93827 0.01811 0.04229 0.00133 ( 1)
  30 G   0.96620 0.00000 0.03380 0.00000 ( 1)
  31 T   0.12263 0.78565 0.03417 0.05755 ( 2)
  32 S   0.28677 0.58343 0.08706 0.04274 ( 2)
  33 V   0.96865 0.00000 0.03135 0.00000 ( 1)
  34 V   0.96857 0.00007 0.03135 0.00001 ( 1)
  35 K   0.89655 0.06533 0.03334 0.00479 ( 1)
  36 G   0.95135 0.00000 0.04865 0.00000 ( 1)
  37 P   0.96039 0.00001 0.03961 0.00000 ( 1)
  38 G   0.96080 0.00000 0.03920 0.00000 ( 1)
  39 F   0.96757 0.00000 0.03243 0.00000 ( 1)
  40 T   0.96561 0.00000 0.03439 0.00000 ( 1)
  41 G   0.96609 0.00000 0.03391 0.00000 ( 1)
  42 G   0.95665 0.00008 0.04326 0.00001 ( 1)
  43 D   0.96910 0.00000 0.03090 0.00000 ( 1)
  44 I   0.94936 0.00002 0.05062 0.00000 ( 1)
  45 L   0.96412 0.00000 0.03588 0.00000 ( 1)
  46 R   0.87085 0.08101 0.04221 0.00593 ( 1)
  47 R   0.96604 0.00001 0.03395 0.00000 ( 1)
  48 T   0.94335 0.00068 0.05592 0.00005 ( 1)
  49 S   0.67135 0.28549 0.02225 0.02091 ( 1)
  50 P   0.86896 0.08568 0.03909 0.00628 ( 1)
  51 G   0.96570 0.00001 0.03429 0.00000 ( 1)
  52 Q   0.00657 0.92513 0.00053 0.06777 ( 2)
  53 I   0.96697 0.00000 0.03303 0.00000 ( 1)
  54 S   0.00963 0.92239 0.00041 0.06757 ( 2)
  55 T   0.96635 0.00002 0.03363 0.00000 ( 1)
  56 L   0.27180 0.61290 0.07039 0.04490 ( 2)
  57 R   0.94600 0.00064 0.05332 0.00005 ( 1)
  58 V   0.95477 0.00228 0.04279 0.00017 ( 1)
  59 N   0.96921 0.00000 0.03079 0.00000 ( 1)
  60 -   0.76137 0.17037 0.05578 0.01248 ( 1)
  61 I   0.96923 0.00000 0.03077 0.00000 ( 1)
  62 T   0.79796 0.01648 0.18436 0.00121 ( 1)
  63 A   0.00510 0.92540 0.00171 0.06779 ( 2)
  64 P   0.73191 0.02814 0.23789 0.00206 ( 1)
  65 L   0.95637 0.00041 0.04318 0.00003 ( 1)
  66 S   0.95104 0.00005 0.04891 0.00000 ( 1)
  67 Q   0.95272 0.00132 0.04585 0.00010 ( 1)
  68 R   0.96588 0.00000 0.03412 0.00000 ( 1)
  69 Y   0.96230 0.00000 0.03770 0.00000 ( 1)
  70 R   0.93894 0.00262 0.05826 0.00019 ( 1)
  71 V   0.96546 0.00000 0.03454 0.00000 ( 1)
  72 R   0.94954 0.00005 0.05041 0.00000 ( 1)
  73 I   0.96923 0.00000 0.03077 0.00000 ( 1)
  74 R   0.95838 0.00164 0.03986 0.00012 ( 1)
  75 Y   0.96193 0.00000 0.03807 0.00000 ( 1)
  76 A   0.96871 0.00000 0.03129 0.00000 ( 1)
  77 S   0.96443 0.00005 0.03551 0.00000 ( 1)
  78 T   0.96860 0.00000 0.03140 0.00000 ( 1)
  79 T   0.96524 0.00000 0.03475 0.00000 ( 1)
  80 N   0.96684 0.00000 0.03316 0.00000 ( 1)
  81 L   0.95689 0.00004 0.04306 0.00000 ( 1)
  82 Q   0.95316 0.00090 0.04587 0.00007 ( 1)
  83 F   0.94891 0.00000 0.05108 0.00000 ( 1)
  84 H   0.29910 0.63938 0.01469 0.04684 ( 2)
  85 T   0.96160 0.00181 0.03646 0.00013 ( 1)
  86 S   0.00023 0.93152 0.00001 0.06824 ( 2)
  87 I   0.96922 0.00000 0.03078 0.00000 ( 1)
  88 D   0.94151 0.00956 0.04823 0.00070 ( 1)
  89 G   0.96080 0.00000 0.03920 0.00000 ( 1)
  90 R   0.96560 0.00043 0.03394 0.00003 ( 1)
  91 P   0.96395 0.00309 0.03274 0.00023 ( 1)
  92 I   0.96921 0.00000 0.03079 0.00000 ( 1)
  93 N   0.97090 0.00000 0.02910 0.00000 ( 1)
  94 Q   0.00001 0.93173 0.00000 0.06826 ( 2)
  95 G   0.69334 0.00423 0.30212 0.00031 ( 1)
  96 N   0.97090 0.00000 0.02910 0.00000 ( 1)
  97 F   0.96426 0.00001 0.03573 0.00000 ( 1)
  98 S   0.00034 0.93141 0.00002 0.06823 ( 2)
  99 A   0.90142 0.06168 0.03238 0.00452 ( 1)
 100 T   0.96860 0.00000 0.03140 0.00000 ( 1)
 101 M   0.96530 0.00001 0.03468 0.00000 ( 1)
 102 S   0.96035 0.00803 0.03103 0.00059 ( 1)
 103 S   0.64288 0.08250 0.26858 0.00604 ( 1)
 104 G   0.70389 0.24542 0.03271 0.01798 ( 1)
 105 S   0.00000 0.93174 0.00000 0.06826 ( 2)
 106 N   0.73616 0.03010 0.23154 0.00220 ( 1)
 107 L   0.95692 0.00001 0.04307 0.00000 ( 1)
 108 Q   0.18162 0.27021 0.52838 0.01979 ( 3)
 109 S   0.25987 0.62587 0.06841 0.04585 ( 2)
 110 A   0.46734 0.38124 0.12349 0.02793 ( 1)
 111 S   0.00012 0.93158 0.00005 0.06825 ( 2)
 112 F   0.96704 0.00000 0.03296 0.00000 ( 1)
 113 R   0.95885 0.00004 0.04111 0.00000 ( 1)
 114 T   0.96719 0.00005 0.03275 0.00000 ( 1)
 115 V   0.34457 0.58965 0.02257 0.04320 ( 2)
 116 G   0.96156 0.00008 0.03836 0.00001 ( 1)
 117 F   0.96757 0.00000 0.03243 0.00000 ( 1)
 118 T   0.96670 0.00000 0.03330 0.00000 ( 1)
 119 T   0.96860 0.00000 0.03140 0.00000 ( 1)
 120 P   0.96007 0.00000 0.03993 0.00000 ( 1)
 121 F   0.96757 0.00000 0.03243 0.00000 ( 1)
 122 N   0.80367 0.13038 0.05640 0.00955 ( 1)
 123 F   0.96757 0.00000 0.03243 0.00000 ( 1)
 124 S   0.82971 0.12380 0.03743 0.00907 ( 1)
 125 N   0.76841 0.01066 0.22014 0.00078 ( 1)
 126 G   0.11062 0.82485 0.00410 0.06043 ( 2)
 127 S   0.00049 0.93123 0.00006 0.06822 ( 2)
 128 S   0.94340 0.01035 0.04549 0.00076 ( 1)
 129 V   0.92794 0.00379 0.06800 0.00028 ( 1)
 130 F   0.96283 0.00001 0.03716 0.00000 ( 1)
 131 T   0.96399 0.00100 0.03493 0.00007 ( 1)
 132 L   0.94846 0.00314 0.04817 0.00023 ( 1)
 133 S   0.93692 0.00287 0.06000 0.00021 ( 1)
 134 A   0.81031 0.00190 0.18765 0.00014 ( 1)
 135 H   0.00122 0.93056 0.00005 0.06817 ( 2)
 136 V   0.00000 0.93174 0.00000 0.06826 ( 2)
 137 F   0.94885 0.00006 0.05109 0.00000 ( 1)
 138 N   0.76249 0.00004 0.23747 0.00000 ( 1)
 139 S   0.41717 0.52551 0.01882 0.03850 ( 2)
 140 G   0.79887 0.14436 0.04620 0.01058 ( 1)
 141 -   0.76137 0.17037 0.05578 0.01248 ( 1)
 142 N   0.93152 0.03322 0.03282 0.00243 ( 1)
 143 E   0.75899 0.00001 0.24100 0.00000 ( 1)
 144 V   0.96879 0.00000 0.03121 0.00000 ( 1)
 145 Y   0.96225 0.00004 0.03770 0.00000 ( 1)
 146 I   0.96749 0.00000 0.03251 0.00000 ( 1)
 147 D   0.96910 0.00000 0.03090 0.00000 ( 1)
 148 R   0.90732 0.03864 0.05121 0.00283 ( 1)
 149 I   0.96922 0.00000 0.03078 0.00000 ( 1)
 150 E   0.96467 0.00000 0.03533 0.00000 ( 1)
 151 F   0.96757 0.00000 0.03243 0.00000 ( 1)
 152 V   0.95669 0.00000 0.04330 0.00000 ( 1)
 153 -   0.89821 0.03353 0.06580 0.00246 ( 1)


lnL = -4798.731204

