Supplemental results for CODEML (seqf: algn  treef: tree)


dN/dS (w) for site classes (K=4)

site class             0        1       2a       2b
proportion       0.35620  0.52852  0.04642  0.06887
background w     0.03981  0.54461  0.03981  0.54461
foreground w     0.03981  0.54461 13.61843 13.61843

Naive Empirical Bayes (NEB) probabilities for 4 classes
(amino acids refer to 1st sequence: BT_Cry43Aa1)

   1 -   0.91592 0.07033 0.01178 0.00197 ( 1)
   2 S   0.57375 0.40681 0.00806 0.01138 ( 1)
   3 A   0.02850 0.91822 0.00268 0.05060 ( 2)
   4 Q   0.91932 0.04211 0.03656 0.00201 ( 1)
   5 G   0.05376 0.91070 0.00103 0.03451 ( 2)
   6 E   0.25291 0.70394 0.01059 0.03256 ( 2)
   7 Q   0.09415 0.88337 0.00148 0.02100 ( 2)
   8 L   0.21230 0.76749 0.00301 0.01720 ( 2)
   9 F   0.00023 0.95622 0.00001 0.04354 ( 2)
  10 S   0.00000 0.65135 0.00011 0.34854 ( 2)
  11 F   0.01800 0.95556 0.00024 0.02619 ( 2)
  12 L   0.00001 0.87653 0.00001 0.12345 ( 2)
  13 L   0.73637 0.14230 0.09687 0.02446 ( 1)
  14 D   0.00139 0.82739 0.00548 0.16574 ( 2)
  15 T   0.00000 0.90661 0.00000 0.09339 ( 2)
  16 L   0.12798 0.82583 0.00450 0.04168 ( 2)
  17 W   0.02191 0.93461 0.00093 0.04255 ( 2)
  18 L   0.01192 0.96749 0.00019 0.02040 ( 2)
  19 E   0.00000 0.87682 0.00000 0.12318 ( 2)
  20 G   0.00001 0.88128 0.00002 0.11869 ( 2)
  21 N   0.10832 0.86089 0.00144 0.02936 ( 2)
  22 -   0.42369 0.46103 0.05521 0.06008 ( 2)
  23 -   0.40406 0.48066 0.05265 0.06263 ( 2)
  24 T   0.00153 0.91806 0.00104 0.07938 ( 2)
  25 Q   0.11653 0.86200 0.00179 0.01968 ( 2)
  26 W   0.25054 0.70666 0.01062 0.03217 ( 2)
  27 E   0.45057 0.52683 0.00650 0.01610 ( 2)
  28 E   0.00037 0.96683 0.00001 0.03280 ( 2)
  29 L   0.28805 0.68892 0.00400 0.01903 ( 2)
  30 M   0.98550 0.00489 0.00956 0.00005 ( 1)
  31 R   0.11543 0.87095 0.00137 0.01225 ( 2)
  32 H   0.43488 0.55437 0.00426 0.00649 ( 2)
  33 A   0.07341 0.90760 0.00115 0.01783 ( 2)
  34 E   0.98399 0.00286 0.01310 0.00005 ( 1)
  35 E   0.00442 0.97855 0.00006 0.01697 ( 2)
  36 L   0.80105 0.15276 0.03854 0.00766 ( 1)
  37 I   0.89990 0.06502 0.03238 0.00271 ( 1)
  38 N   0.13614 0.01201 0.84520 0.00665 ( 3)
  39 E   0.00001 0.92143 0.00000 0.07856 ( 2)
  40 Q   0.00000 0.74848 0.00001 0.25151 ( 2)
  41 V   0.95072 0.03532 0.01333 0.00063 ( 1)
  42 P   0.00114 0.97538 0.00002 0.02346 ( 2)
  43 D   0.00000 0.36355 0.00015 0.63630 ( 4)
  44 Y   0.02171 0.87403 0.00202 0.10224 ( 2)
  45 V   0.40302 0.58252 0.00534 0.00912 ( 2)
  46 R   0.98174 0.00644 0.01173 0.00009 ( 1)
  47 T   0.00009 0.82573 0.00005 0.17414 ( 2)
  48 K   0.01153 0.46362 0.13603 0.38882 ( 2)
  49 A   0.97131 0.01554 0.01291 0.00024 ( 1)
  50 L   0.13223 0.02021 0.83900 0.00857 ( 3)
  51 A   0.00117 0.04958 0.71980 0.22946 ( 3)
  52 E   0.98342 0.00342 0.01310 0.00006 ( 1)
  53 L   0.65653 0.32130 0.01423 0.00793 ( 1)
  54 T   0.00000 0.83930 0.00000 0.16070 ( 2)
  55 D   0.82313 0.16423 0.01027 0.00237 ( 1)
  56 L   0.95746 0.02171 0.02032 0.00052 ( 1)
  57 G   0.02672 0.66281 0.08775 0.22272 ( 2)
  58 N   0.66502 0.32293 0.00733 0.00471 ( 1)
  59 N   0.00308 0.97835 0.00004 0.01853 ( 2)
  60 L   0.01621 0.93899 0.00070 0.04411 ( 2)
  61 N   0.00000 0.30267 0.00005 0.69728 ( 4)
  62 L   0.00022 0.81981 0.00058 0.17939 ( 2)
  63 Y   0.97883 0.00637 0.01468 0.00011 ( 1)
  64 I   0.00001 0.70787 0.00005 0.29207 ( 2)
  65 A   0.00035 0.94186 0.00002 0.05777 ( 2)
  66 A   0.01581 0.62006 0.08587 0.27826 ( 2)
  67 F   0.01007 0.94185 0.00048 0.04760 ( 2)
  68 E   0.00402 0.95073 0.00013 0.04512 ( 2)
  69 D   0.03120 0.76870 0.08491 0.11519 ( 2)
  70 W   0.81856 0.14058 0.03463 0.00622 ( 1)
  71 K   0.00703 0.97634 0.00009 0.01654 ( 2)
  72 R   0.00000 0.52595 0.00014 0.47391 ( 2)
  73 N   0.00194 0.27529 0.09168 0.63108 ( 4)
  74 P   0.17991 0.79203 0.00384 0.02422 ( 2)
  75 S   0.00112 0.84910 0.00024 0.14954 ( 2)
  76 S   0.60054 0.35109 0.02910 0.01927 ( 1)
  77 Q   0.00001 0.75746 0.00005 0.24248 ( 2)
  78 E   0.00000 0.55715 0.00000 0.44285 ( 2)
  79 V   0.00000 0.07328 0.00000 0.92672 ( 4)
  80 R   0.04324 0.91309 0.00222 0.04145 ( 2)
  81 T   0.00000 0.94979 0.00000 0.05021 ( 2)
  82 R   0.00032 0.47611 0.00540 0.51817 ( 4)
  83 V   0.97359 0.01075 0.01544 0.00021 ( 1)
  84 I   0.02294 0.96218 0.00028 0.01460 ( 2)
  85 D   0.00000 0.97737 0.00000 0.02263 ( 2)
  86 R   0.00039 0.94850 0.00002 0.05109 ( 2)
  87 F   0.97835 0.00990 0.01160 0.00015 ( 1)
  88 N   0.00000 0.16473 0.00085 0.83442 ( 4)
  89 I   0.01015 0.28816 0.22471 0.47699 ( 4)
  90 L   0.24981 0.72965 0.00448 0.01606 ( 2)
  91 D   0.67047 0.31294 0.01053 0.00607 ( 1)
  92 G   0.00003 0.54478 0.00066 0.45453 ( 2)
  93 L   0.01566 0.96989 0.00018 0.01427 ( 2)
  94 F   0.98633 0.00220 0.01144 0.00003 ( 1)
  95 E   0.00014 0.86001 0.00041 0.13944 ( 2)
  96 A   0.00000 0.77526 0.00000 0.22474 ( 2)
  97 Y   0.00000 0.43275 0.00000 0.56724 ( 4)
  98 L   0.06253 0.92661 0.00061 0.01025 ( 2)
  99 P   0.95999 0.02471 0.01487 0.00042 ( 1)
 100 S   0.00000 0.46056 0.00005 0.53939 ( 4)
 101 F   0.98633 0.00220 0.01144 0.00003 ( 1)
 102 A   0.03293 0.91929 0.00120 0.04658 ( 2)
 103 V   0.00226 0.82246 0.00035 0.17492 ( 2)
 104 P   0.00000 0.97968 0.00000 0.02032 ( 2)
 105 G   0.00009 0.97685 0.00000 0.02306 ( 2)
 106 Y   0.43474 0.54898 0.00652 0.00976 ( 2)
 107 E   0.55959 0.42565 0.00744 0.00732 ( 1)
 108 V   0.97845 0.00600 0.01543 0.00012 ( 1)
 109 P   0.15657 0.79463 0.00767 0.04114 ( 2)
 110 L   0.95651 0.02264 0.02030 0.00054 ( 1)
 111 L   0.95142 0.02769 0.02022 0.00067 ( 1)
 112 S   0.01063 0.97284 0.00014 0.01640 ( 2)
 113 V   0.89559 0.06590 0.03573 0.00278 ( 1)
 114 Y   0.97883 0.00637 0.01468 0.00011 ( 1)
 115 A   0.98156 0.00534 0.01301 0.00008 ( 1)
 116 N   0.00000 0.97279 0.00000 0.02720 ( 2)
 117 V   0.90755 0.07914 0.01207 0.00124 ( 1)
 118 V   0.82607 0.12997 0.03774 0.00622 ( 1)
 119 N   0.98749 0.00151 0.01098 0.00002 ( 1)
 120 I   0.00296 0.98068 0.00004 0.01631 ( 2)
 121 H   0.97361 0.01603 0.01015 0.00021 ( 1)
 122 L   0.94695 0.03215 0.02013 0.00077 ( 1)
 123 L   0.53224 0.45352 0.00721 0.00703 ( 1)
 124 V   0.21576 0.76142 0.00458 0.01824 ( 2)
 125 L   0.94993 0.02882 0.02054 0.00071 ( 1)
 126 R   0.94533 0.02451 0.02935 0.00081 ( 1)
 127 D   0.98696 0.00208 0.01093 0.00003 ( 1)
 128 S   0.00002 0.95026 0.00000 0.04972 ( 2)
 129 S   0.00145 0.98228 0.00002 0.01624 ( 2)
 130 I   0.98088 0.00500 0.01404 0.00009 ( 1)
 131 Y   0.07219 0.90550 0.00130 0.02102 ( 2)
 132 G   0.95683 0.00979 0.03300 0.00038 ( 1)
 133 L   0.00000 0.81325 0.00000 0.18675 ( 2)
 134 D   0.00001 0.72641 0.00006 0.27352 ( 2)
 135 W   0.81856 0.14058 0.03463 0.00622 ( 1)
 136 G   0.93274 0.02725 0.03882 0.00119 ( 1)
 137 L   0.06667 0.73858 0.03641 0.15833 ( 2)
 138 S   0.00000 0.82086 0.00000 0.17914 ( 2)
 139 S   0.00000 0.98308 0.00000 0.01692 ( 2)
 140 T   0.00010 0.97141 0.00000 0.02849 ( 2)
 141 S   0.00000 0.95645 0.00000 0.04355 ( 2)
 142 V   0.05174 0.92972 0.00081 0.01773 ( 2)
 143 D   0.00058 0.68936 0.00410 0.30595 ( 2)
 144 N   0.00707 0.97123 0.00014 0.02156 ( 2)
 145 N   0.96673 0.02232 0.01062 0.00033 ( 1)
 146 Y   0.41522 0.54014 0.01889 0.02574 ( 2)
 147 N   0.00038 0.97780 0.00001 0.02181 ( 2)
 148 R   0.00716 0.96175 0.00017 0.03092 ( 2)
 149 Q   0.97517 0.01024 0.01442 0.00017 ( 1)
 150 Q   0.00001 0.17140 0.01547 0.81312 ( 4)
 151 R   0.00030 0.04888 0.63320 0.31762 ( 3)
 152 N   0.00003 0.79246 0.00013 0.20738 ( 2)
 153 S   0.00697 0.97013 0.00013 0.02276 ( 2)
 154 A   0.00118 0.97134 0.00003 0.02745 ( 2)
 155 T   0.00000 0.79724 0.00000 0.20275 ( 2)
 156 Y   0.97883 0.00637 0.01468 0.00011 ( 1)
 157 A   0.02604 0.95816 0.00035 0.01546 ( 2)
 158 N   0.96604 0.02300 0.01063 0.00034 ( 1)
 159 H   0.98765 0.00265 0.00967 0.00003 ( 1)
 160 C   0.97612 0.00916 0.01456 0.00016 ( 1)
 161 T   0.00494 0.97830 0.00007 0.01669 ( 2)
 162 T   0.11252 0.24703 0.56034 0.08012 ( 3)
 163 W   0.81856 0.14058 0.03463 0.00622 ( 1)
 164 Y   0.86318 0.12080 0.01358 0.00243 ( 1)
 165 Q   0.00203 0.97354 0.00004 0.02439 ( 2)
 166 T   0.06305 0.43725 0.36352 0.13618 ( 2)
 167 G   0.98080 0.00692 0.01219 0.00010 ( 1)
 168 L   0.95746 0.02171 0.02032 0.00052 ( 1)
 169 Q   0.00013 0.97320 0.00000 0.02667 ( 2)
 170 R   0.98061 0.00761 0.01167 0.00011 ( 1)
 171 L   0.93314 0.04553 0.02021 0.00112 ( 1)
 172 Q   0.00644 0.97823 0.00008 0.01525 ( 2)
 173 G   0.96228 0.02311 0.01422 0.00039 ( 1)
 174 S   0.00934 0.97345 0.00012 0.01708 ( 2)
 175 D   0.00938 0.97593 0.00010 0.01458 ( 2)
 176 A   0.98031 0.00637 0.01322 0.00010 ( 1)
 177 S   0.00000 0.98097 0.00000 0.01903 ( 2)
 178 S   0.00170 0.98737 0.00002 0.01091 ( 2)
 179 W   0.81856 0.14058 0.03463 0.00622 ( 1)
 180 V   0.00072 0.97343 0.00001 0.02584 ( 2)
 181 N   0.00035 0.94006 0.00002 0.05956 ( 2)
 182 Y   0.85624 0.12861 0.01285 0.00230 ( 1)
 183 N   0.98806 0.00106 0.01086 0.00002 ( 1)
 184 R   0.00501 0.98041 0.00006 0.01452 ( 2)
 185 F   0.96730 0.00794 0.02454 0.00022 ( 1)
 186 R   0.96391 0.02075 0.01499 0.00036 ( 1)
 187 R   0.96596 0.02177 0.01196 0.00032 ( 1)
 188 E   0.93998 0.04663 0.01258 0.00080 ( 1)
 189 I   0.92825 0.06206 0.00900 0.00069 ( 1)
 190 T   0.91563 0.04492 0.03751 0.00193 ( 1)
 191 L   0.18503 0.76267 0.00990 0.04241 ( 2)
 192 I   0.20460 0.78039 0.00276 0.01226 ( 2)
 193 V   0.98010 0.00442 0.01540 0.00009 ( 1)
 194 L   0.92585 0.05212 0.02071 0.00133 ( 1)
 195 D   0.98796 0.00109 0.01093 0.00002 ( 1)
 196 I   0.95866 0.00661 0.03448 0.00025 ( 1)
 197 C   0.00009 0.95515 0.00000 0.04476 ( 2)
 198 A   0.00733 0.96623 0.00018 0.02626 ( 2)
 199 L   0.91501 0.05177 0.03134 0.00188 ( 1)
 200 F   0.98633 0.00220 0.01144 0.00003 ( 1)
 201 S   0.62807 0.32395 0.03121 0.01677 ( 1)
 202 N   0.00633 0.96252 0.00016 0.03100 ( 2)


lnL = -3968.697758

