Supplemental results for CODEML (seqf: algn  treef: tree)


dN/dS (w) for site classes (K=4)

site class             0        1       2a       2b
proportion       0.53247  0.31878  0.09305  0.05571
background w     0.11013  1.00000  0.11013  1.00000
foreground w     0.11013  1.00000 22.51979 22.51979

Naive Empirical Bayes (NEB) probabilities for 4 classes
(amino acids refer to 1st sequence: BT_Cry13Aa1)

   1 D   0.98950 0.00106 0.00940 0.00004 ( 1)
   2 Y   0.98811 0.00084 0.01101 0.00004 ( 1)
   3 S   0.00144 0.92399 0.00019 0.07438 ( 2)
   4 S   0.05742 0.87227 0.00134 0.06897 ( 2)
   5 Q   0.99094 0.00378 0.00525 0.00003 ( 1)
   6 I   0.60352 0.02616 0.36782 0.00250 ( 1)
   7 K   0.00570 0.84390 0.00335 0.14706 ( 2)
   8 L   0.37645 0.58203 0.01483 0.02669 ( 2)
   9 E   0.98706 0.00020 0.01274 0.00001 ( 1)
  10 K   0.58632 0.03626 0.37328 0.00414 ( 1)
  11 T   0.98905 0.00087 0.01005 0.00003 ( 1)
  12 R   0.98521 0.00736 0.00737 0.00007 ( 1)
  13 V   0.96890 0.00428 0.02669 0.00014 ( 1)
  14 I   0.92550 0.05280 0.01917 0.00253 ( 1)
  15 F   0.99393 0.00011 0.00596 0.00000 ( 1)
  16 S   0.98836 0.00330 0.00829 0.00005 ( 1)
  17 D   0.97675 0.00030 0.02292 0.00003 ( 1)
  18 M   0.96256 0.03316 0.00392 0.00036 ( 1)
  19 V   0.97766 0.01225 0.00989 0.00020 ( 1)
  20 G   0.97810 0.00826 0.01352 0.00013 ( 1)
  21 Q   0.98507 0.00287 0.01196 0.00009 ( 1)
  22 S   0.05916 0.00944 0.92948 0.00191 ( 3)
  23 E   0.95981 0.00295 0.03703 0.00021 ( 1)
  24 S   0.36309 0.57517 0.00673 0.05501 ( 2)
  25 R   0.03384 0.76002 0.05037 0.15577 ( 2)
  26 D   0.96984 0.00412 0.02564 0.00040 ( 1)
  27 G   0.32038 0.61007 0.01479 0.05476 ( 2)
  28 S   0.02067 0.88829 0.01005 0.08100 ( 2)
  29 V   0.97990 0.01182 0.00792 0.00036 ( 1)
  30 T   0.92828 0.04862 0.02051 0.00259 ( 1)
  31 I   0.97500 0.00172 0.02314 0.00014 ( 1)
  32 K   0.24661 0.38889 0.25978 0.10472 ( 2)
  33 N   0.98415 0.00007 0.01577 0.00001 ( 1)
  34 I   0.94384 0.01405 0.04124 0.00087 ( 1)
  35 F   0.06701 0.85185 0.00147 0.07966 ( 2)
  36 D   0.99018 0.00026 0.00956 0.00001 ( 1)
  37 N   0.04891 0.82381 0.00590 0.12138 ( 2)
  38 -   0.59571 0.25554 0.10410 0.04465 ( 1)
  39 -   0.00230 0.84895 0.00040 0.14835 ( 2)
  40 -   0.27260 0.57865 0.04764 0.10112 ( 2)
  41 -   0.12153 0.72971 0.02124 0.12751 ( 2)
  42 T   0.06879 0.63172 0.14263 0.15686 ( 2)
  43 D   0.00152 0.87531 0.00005 0.12312 ( 2)
  44 S   0.00220 0.58101 0.02232 0.39446 ( 2)
  45 H   0.85725 0.00563 0.13661 0.00051 ( 1)
  46 Q   0.97528 0.01870 0.00568 0.00034 ( 1)
  47 H   0.99216 0.00002 0.00781 0.00000 ( 1)
  48 G   0.00003 0.85186 0.00004 0.14807 ( 2)
  49 S   0.00161 0.97097 0.00003 0.02740 ( 2)
  50 I   0.99147 0.00027 0.00825 0.00001 ( 1)
  51 -   0.70550 0.14575 0.12328 0.02547 ( 1)
  52 -   0.76223 0.08902 0.13320 0.01556 ( 1)
  53 -   0.76223 0.08902 0.13320 0.01556 ( 1)
  54 G   0.70194 0.01586 0.28040 0.00180 ( 1)
  55 L   0.37547 0.38459 0.21233 0.02760 ( 2)
  56 N   0.98283 0.00019 0.01696 0.00002 ( 1)
  57 S   0.93452 0.05027 0.01373 0.00148 ( 1)
  58 I   0.97469 0.01408 0.01089 0.00033 ( 1)
  59 S   0.99123 0.00124 0.00749 0.00004 ( 1)
  60 Y   0.98924 0.00009 0.01066 0.00000 ( 1)
  61 F   0.08523 0.87742 0.00137 0.03598 ( 2)
  62 P   0.14941 0.74938 0.00426 0.09695 ( 2)
  63 D   0.92442 0.05830 0.01211 0.00517 ( 1)
  64 E   0.99185 0.00035 0.00779 0.00001 ( 1)
  65 L   0.97992 0.01154 0.00837 0.00018 ( 1)
  66 Q   0.04498 0.93713 0.00028 0.01760 ( 2)
  67 K   0.31399 0.62918 0.00846 0.04837 ( 2)
  68 A   0.05652 0.80484 0.03645 0.10219 ( 2)
  69 Q   0.98696 0.00678 0.00613 0.00013 ( 1)
  70 L   0.60565 0.34946 0.02109 0.02379 ( 1)
  71 R   0.00002 0.59288 0.00127 0.40583 ( 2)
  72 M   0.47211 0.32255 0.18819 0.01715 ( 1)
  73 Y   0.97835 0.00040 0.02123 0.00002 ( 1)
  74 D   0.93110 0.01774 0.04863 0.00253 ( 1)
  75 Y   0.19243 0.24345 0.52415 0.03996 ( 3)
  76 N   0.00005 0.77779 0.00027 0.22189 ( 2)
  77 H   0.01708 0.02977 0.93936 0.01380 ( 3)
  78 K   0.02795 0.86463 0.00170 0.10572 ( 2)
  79 P   0.00085 0.68583 0.04724 0.26608 ( 2)
  80 Y   0.00470 0.73986 0.04804 0.20740 ( 2)
  81 C   0.16343 0.42553 0.29255 0.11849 ( 2)
  82 T   0.05902 0.01991 0.90648 0.01459 ( 3)
  83 D   0.53247 0.31878 0.09305 0.05571 ( 1)
  84 C   0.53247 0.31878 0.09305 0.05571 ( 1)
  85 F   0.53247 0.31878 0.09305 0.05571 ( 1)
  86 C   0.72645 0.24123 0.01739 0.01493 ( 1)
  87 W   0.01930 0.00133 0.97891 0.00046 ( 3)
  88 P   0.70119 0.27546 0.01492 0.00844 ( 1)
  89 Y   0.98863 0.00020 0.01116 0.00001 ( 1)
  90 G   0.42240 0.51921 0.03958 0.01882 ( 2)
  91 V   0.44288 0.13550 0.39518 0.02643 ( 1)
  92 I   0.98938 0.00078 0.00980 0.00005 ( 1)
  93 L   0.00251 0.97586 0.00014 0.02148 ( 2)
  94 N   0.98225 0.00103 0.01663 0.00009 ( 1)
  95 Y   0.98924 0.00009 0.01066 0.00000 ( 1)
  96 N   0.00019 0.51340 0.07173 0.41468 ( 2)
  97 K   0.18133 0.74149 0.03080 0.04637 ( 2)
  98 N   0.01435 0.88004 0.00151 0.10411 ( 2)
  99 T   0.00064 0.91255 0.00003 0.08678 ( 2)
 100 F   0.56397 0.00324 0.43235 0.00043 ( 1)
 101 R   0.01821 0.72549 0.02199 0.23430 ( 2)
 102 Y   0.98924 0.00009 0.01066 0.00000 ( 1)
 103 G   0.99005 0.00099 0.00895 0.00001 ( 1)
 104 D   0.98643 0.00006 0.01350 0.00000 ( 1)
 105 -   0.70240 0.14885 0.12274 0.02601 ( 1)
 106 N   0.94660 0.01082 0.04136 0.00121 ( 1)
 107 D   0.00171 0.81682 0.00091 0.18056 ( 2)
 108 P   0.99323 0.00116 0.00560 0.00001 ( 1)
 109 G   0.00017 0.84695 0.00040 0.15248 ( 2)
 110 L   0.00026 0.91280 0.00018 0.08676 ( 2)
 111 -   0.53247 0.31878 0.09305 0.05571 ( 1)
 112 S   0.00001 0.53791 0.00358 0.45850 ( 2)
 113 G   0.05830 0.90263 0.00110 0.03797 ( 2)
 114 D   0.03418 0.77270 0.02615 0.16696 ( 2)
 115 V   0.00169 0.78118 0.03318 0.18395 ( 2)
 116 Q   0.00331 0.47241 0.31519 0.20909 ( 2)
 117 L   0.34914 0.61714 0.01033 0.02339 ( 2)
 118 P   0.00263 0.92710 0.00199 0.06829 ( 2)
 119 A   0.89625 0.09371 0.00765 0.00240 ( 1)
 120 P   0.97508 0.01915 0.00536 0.00042 ( 1)
 121 -   0.53247 0.31878 0.09305 0.05571 ( 1)
 122 -   0.53247 0.31878 0.09305 0.05571 ( 1)
 123 -   0.53247 0.31878 0.09305 0.05571 ( 1)
 124 M   0.56740 0.12717 0.29429 0.01114 ( 1)
 125 S   0.01820 0.77458 0.03043 0.17679 ( 2)
 126 V   0.00004 0.94442 0.00000 0.05554 ( 2)
 127 V   0.08120 0.80428 0.03338 0.08113 ( 2)
 128 N   0.98415 0.00007 0.01577 0.00001 ( 1)
 129 A   0.91523 0.06305 0.01907 0.00265 ( 1)
 130 Q   0.02444 0.80704 0.03944 0.12908 ( 2)
 131 T   0.98685 0.00043 0.01270 0.00002 ( 1)
 132 Q   0.99426 0.00031 0.00542 0.00000 ( 1)
 133 T   0.05564 0.09736 0.80130 0.04569 ( 3)
 134 A   0.00847 0.23835 0.64482 0.10836 ( 3)
 135 Q   0.16623 0.75292 0.02856 0.05229 ( 2)
 136 -   0.57339 0.27786 0.10020 0.04855 ( 1)
 137 Y   0.98834 0.00047 0.01116 0.00002 ( 1)
 138 T   0.06045 0.07954 0.84298 0.01703 ( 3)
 139 D   0.98719 0.00004 0.01277 0.00000 ( 1)
 140 G   0.74182 0.22484 0.01896 0.01438 ( 1)
 141 E   0.98929 0.00034 0.01035 0.00001 ( 1)
 142 N   0.01996 0.63947 0.10111 0.23946 ( 2)
 143 I   0.05862 0.88922 0.00112 0.05104 ( 2)
 144 W   0.00012 0.67879 0.00229 0.31880 ( 2)
 145 T   0.08137 0.75612 0.06749 0.09502 ( 2)
 146 D   0.42388 0.14247 0.41306 0.02059 ( 1)
 147 T   0.01039 0.83946 0.00524 0.14491 ( 2)
 148 -   0.02257 0.82868 0.00394 0.14481 ( 2)
 149 -   0.56585 0.28540 0.09888 0.04987 ( 1)
 150 -   0.53247 0.31878 0.09305 0.05571 ( 1)
 151 -   0.53247 0.31878 0.09305 0.05571 ( 1)
 152 -   0.53247 0.31878 0.09305 0.05571 ( 1)
 153 G   0.04533 0.93072 0.00054 0.02341 ( 2)
 154 R   0.00182 0.65704 0.07495 0.26618 ( 2)
 155 S   0.00708 0.82561 0.00681 0.16050 ( 2)
 156 W   0.00000 0.21930 0.01429 0.76640 ( 4)
 157 L   0.00227 0.47005 0.16756 0.36012 ( 2)
 158 C   0.95183 0.01903 0.02725 0.00188 ( 1)
 159 T   0.09757 0.62320 0.14909 0.13015 ( 2)
 160 L   0.95853 0.00959 0.03144 0.00044 ( 1)
 161 R   0.62228 0.12605 0.24018 0.01149 ( 1)
 162 G   0.99093 0.00179 0.00726 0.00002 ( 1)
 163 Y   0.85229 0.13387 0.01048 0.00335 ( 1)
 164 C   0.99499 0.00005 0.00496 0.00000 ( 1)
 165 T   0.98529 0.00254 0.01199 0.00018 ( 1)
 166 T   0.06532 0.87800 0.00086 0.05582 ( 2)
 167 N   0.00749 0.04796 0.92368 0.02087 ( 3)
 168 C   0.42368 0.54045 0.00865 0.02722 ( 2)
 169 F   0.39929 0.37418 0.16893 0.05760 ( 1)
 170 P   0.62003 0.36479 0.00445 0.01074 ( 1)
 171 -   0.69371 0.15754 0.12122 0.02753 ( 1)
 172 -   0.28965 0.56160 0.05062 0.09814 ( 2)
 173 -   0.23601 0.61523 0.04124 0.10751 ( 2)
 174 G   0.11323 0.02637 0.83352 0.02687 ( 3)
 175 R   0.00036 0.19781 0.53404 0.26780 ( 3)
 176 G   0.40299 0.40980 0.14603 0.04118 ( 2)
 177 C   0.14210 0.78081 0.00618 0.07092 ( 2)
 178 Y   0.01204 0.69320 0.12634 0.16842 ( 2)
 179 N   0.00067 0.84198 0.00110 0.15625 ( 2)
 180 N   0.65803 0.10550 0.21997 0.01649 ( 1)
 181 S   0.06279 0.83917 0.00185 0.09620 ( 2)
 182 T   0.13686 0.65607 0.10785 0.09922 ( 2)
 183 G   0.22775 0.74619 0.00222 0.02384 ( 2)
 184 Y   0.96354 0.02359 0.01147 0.00140 ( 1)
 185 G   0.96287 0.01942 0.01712 0.00059 ( 1)
 186 E   0.01283 0.93175 0.00013 0.05529 ( 2)
 187 S   0.99008 0.00015 0.00977 0.00001 ( 1)
 188 C   0.99046 0.00216 0.00736 0.00002 ( 1)
 189 N   0.98398 0.00008 0.01593 0.00001 ( 1)
 190 Q   0.00134 0.79051 0.00420 0.20395 ( 2)
 191 S   0.20019 0.77628 0.00271 0.02082 ( 2)
 192 L   0.96210 0.01962 0.01732 0.00097 ( 1)
 193 P   0.94957 0.03424 0.01519 0.00100 ( 1)
 194 G   0.44729 0.24355 0.28218 0.02698 ( 1)
 195 Q   0.99426 0.00031 0.00542 0.00000 ( 1)
 196 K   0.98933 0.00015 0.01051 0.00001 ( 1)
 197 I   0.98893 0.00016 0.01090 0.00001 ( 1)
 198 H   0.57223 0.00226 0.42517 0.00033 ( 1)
 199 A   0.97441 0.00011 0.02548 0.00001 ( 1)
 200 L   0.90230 0.08776 0.00794 0.00199 ( 1)
 201 Y   0.98924 0.00009 0.01066 0.00000 ( 1)
 202 P   0.97980 0.01160 0.00825 0.00036 ( 1)
 203 F   0.99198 0.00077 0.00724 0.00002 ( 1)
 204 T   0.95032 0.02771 0.02053 0.00144 ( 1)
 205 Q   0.83721 0.12120 0.03130 0.01029 ( 1)
 206 T   0.33578 0.49273 0.06091 0.11058 ( 2)
 207 -   0.84118 0.01007 0.14699 0.00176 ( 1)
 208 N   0.58150 0.33727 0.03562 0.04561 ( 1)
 209 V   0.05591 0.83699 0.00549 0.10161 ( 2)
 210 L   0.00101 0.28123 0.17152 0.54624 ( 4)
 211 G   0.99175 0.00043 0.00780 0.00001 ( 1)
 212 Q   0.01611 0.34270 0.43720 0.20400 ( 3)
 213 S   0.00026 0.93974 0.00009 0.05991 ( 2)
 214 G   0.97272 0.01172 0.01524 0.00032 ( 1)
 215 K   0.98971 0.00009 0.01019 0.00000 ( 1)
 216 L   0.94073 0.03876 0.01923 0.00127 ( 1)
 217 G   0.99289 0.00062 0.00649 0.00001 ( 1)
 218 L   0.46685 0.49961 0.01331 0.02023 ( 2)
 219 L   0.87715 0.05608 0.06419 0.00259 ( 1)
 220 A   0.89317 0.08001 0.02205 0.00477 ( 1)
 221 S   0.17660 0.75041 0.00260 0.07039 ( 2)
 222 H   0.97927 0.01130 0.00861 0.00081 ( 1)
 223 I   0.72326 0.00106 0.27559 0.00009 ( 1)
 224 P   0.98241 0.01190 0.00554 0.00015 ( 1)
 225 Y   0.89577 0.08699 0.01164 0.00560 ( 1)
 226 D   0.98835 0.00131 0.01029 0.00005 ( 1)
 227 L   0.98506 0.00395 0.01091 0.00008 ( 1)
 228 S   0.90302 0.07549 0.01556 0.00593 ( 1)
 229 P   0.97493 0.00476 0.02020 0.00012 ( 1)
 230 N   0.97768 0.00163 0.02061 0.00008 ( 1)
 231 N   0.98360 0.00038 0.01598 0.00004 ( 1)
 232 T   0.00183 0.96475 0.00008 0.03333 ( 2)
 233 I   0.66037 0.03143 0.30478 0.00341 ( 1)
 234 G   0.99289 0.00031 0.00679 0.00001 ( 1)
 235 D   0.51715 0.37713 0.08268 0.02304 ( 1)
 236 K   0.02238 0.77705 0.02525 0.17532 ( 2)
 237 D   0.98512 0.00031 0.01455 0.00003 ( 1)
 238 T   0.18257 0.56253 0.17884 0.07606 ( 2)
 239 D   0.88553 0.09309 0.01188 0.00950 ( 1)
 240 S   0.39204 0.01041 0.59487 0.00267 ( 3)
 241 T   0.00015 0.78194 0.00023 0.21769 ( 2)
 242 N   0.87670 0.09642 0.01627 0.01062 ( 1)
 243 -   0.53416 0.31709 0.09334 0.05541 ( 1)


lnL = -4108.570367

Bayes Empirical Bayes (BEB) probabilities for 4 classes (class)
(amino acids refer to 1st sequence: BT_Cry13Aa1)

   1 D   0.97251 0.00122 0.02618 0.00009 ( 1)
   2 Y   0.97764 0.00102 0.02126 0.00008 ( 1)
   3 S   0.00564 0.86529 0.00107 0.12799 ( 2)
   4 S   0.16058 0.76752 0.00524 0.06666 ( 2)
   5 Q   0.95496 0.00372 0.04112 0.00020 ( 1)
   6 I   0.54961 0.01801 0.42953 0.00285 ( 1)
   7 K   0.02393 0.78586 0.01513 0.17508 ( 2)
   8 L   0.50153 0.39565 0.05273 0.05009 ( 1)
   9 E   0.96760 0.00024 0.03214 0.00002 ( 1)
  10 K   0.55547 0.02072 0.42032 0.00349 ( 1)
  11 T   0.97370 0.00099 0.02524 0.00007 ( 1)
  12 R   0.93941 0.00687 0.05325 0.00047 ( 1)
  13 V   0.92811 0.00433 0.06717 0.00039 ( 1)
  14 I   0.91330 0.03331 0.05009 0.00330 ( 1)
  15 F   0.98519 0.00014 0.01466 0.00001 ( 1)
  16 S   0.95868 0.00332 0.03781 0.00020 ( 1)
  17 D   0.96226 0.00034 0.03736 0.00005 ( 1)
  18 M   0.95429 0.02437 0.02036 0.00098 ( 1)
  19 V   0.94519 0.00946 0.04472 0.00062 ( 1)
  20 G   0.92355 0.00771 0.06808 0.00066 ( 1)
  21 Q   0.96784 0.00254 0.02946 0.00016 ( 1)
  22 S   0.09782 0.00809 0.89215 0.00194 ( 3)
  23 E   0.93847 0.00251 0.05875 0.00027 ( 1)
  24 S   0.54326 0.38559 0.01836 0.05279 ( 1)
  25 R   0.09052 0.60841 0.13465 0.16641 ( 2)
  26 D   0.95485 0.00325 0.04145 0.00045 ( 1)
  27 G   0.51669 0.39145 0.04104 0.05082 ( 1)
  28 S   0.07118 0.77735 0.03509 0.11637 ( 2)
  29 V   0.96703 0.00957 0.02278 0.00063 ( 1)
  30 T   0.90402 0.03071 0.06180 0.00347 ( 1)
  31 I   0.95767 0.00154 0.04061 0.00019 ( 1)
  32 K   0.36203 0.24482 0.32217 0.07098 ( 1)
  33 N   0.97365 0.00012 0.02621 0.00002 ( 1)
  34 I   0.93487 0.00900 0.05533 0.00080 ( 1)
  35 F   0.18117 0.71775 0.00734 0.09375 ( 2)
  36 D   0.97344 0.00031 0.02623 0.00002 ( 1)
  37 N   0.15462 0.69151 0.02166 0.13222 ( 2)
  38 -   0.61126 0.21070 0.13259 0.04545 ( 1)
  39 -   0.00863 0.81333 0.00188 0.17616 ( 2)
  40 -   0.39253 0.42944 0.08523 0.09280 ( 2)
  41 -   0.21550 0.60646 0.04682 0.13122 ( 2)
  42 T   0.15187 0.51533 0.19780 0.13500 ( 2)
  43 D   0.00629 0.83623 0.00040 0.15708 ( 2)
  44 S   0.01189 0.66916 0.04378 0.27517 ( 2)
  45 H   0.83385 0.00429 0.16128 0.00057 ( 1)
  46 Q   0.96564 0.01394 0.01974 0.00068 ( 1)
  47 H   0.98468 0.00003 0.01528 0.00000 ( 1)
  48 G   0.00029 0.79807 0.00028 0.20136 ( 2)
  49 S   0.00741 0.91557 0.00047 0.07655 ( 2)
  50 I   0.97823 0.00033 0.02142 0.00002 ( 1)
  51 -   0.70122 0.12074 0.15202 0.02602 ( 1)
  52 -   0.74663 0.07533 0.16181 0.01623 ( 1)
  53 -   0.74663 0.07533 0.16181 0.01623 ( 1)
  54 G   0.68905 0.01080 0.29848 0.00167 ( 1)
  55 L   0.48506 0.21945 0.26595 0.02953 ( 1)
  56 N   0.97246 0.00025 0.02727 0.00003 ( 1)
  57 S   0.91081 0.03623 0.04997 0.00299 ( 1)
  58 I   0.94876 0.01109 0.03937 0.00077 ( 1)
  59 S   0.98097 0.00113 0.01783 0.00007 ( 1)
  60 Y   0.97900 0.00013 0.02086 0.00001 ( 1)
  61 F   0.21578 0.71193 0.00996 0.06233 ( 2)
  62 P   0.34660 0.57453 0.01120 0.06766 ( 2)
  63 D   0.94003 0.03417 0.02142 0.00438 ( 1)
  64 E   0.97153 0.00041 0.02804 0.00002 ( 1)
  65 L   0.95229 0.01087 0.03621 0.00062 ( 1)
  66 Q   0.12549 0.81291 0.00556 0.05605 ( 2)
  67 K   0.54568 0.38760 0.02414 0.04258 ( 1)
  68 A   0.13905 0.62146 0.11478 0.12471 ( 2)
  69 Q   0.97408 0.00552 0.02014 0.00026 ( 1)
  70 L   0.71001 0.22823 0.04065 0.02111 ( 1)
  71 R   0.00015 0.61702 0.00312 0.37971 ( 2)
  72 M   0.52718 0.16164 0.29547 0.01571 ( 1)
  73 Y   0.96119 0.00040 0.03837 0.00004 ( 1)
  74 D   0.91120 0.01265 0.07380 0.00235 ( 1)
  75 Y   0.26339 0.11889 0.59076 0.02696 ( 3)
  76 N   0.00035 0.74040 0.00149 0.25776 ( 2)
  77 H   0.03474 0.02710 0.92514 0.01302 ( 3)
  78 K   0.08951 0.76961 0.00965 0.13122 ( 2)
  79 P   0.00405 0.59625 0.13133 0.26836 ( 2)
  80 Y   0.01782 0.63523 0.12869 0.21826 ( 2)
  81 C   0.26099 0.26634 0.39135 0.08132 ( 3)
  82 T   0.11881 0.02407 0.84445 0.01266 ( 3)
  83 D   0.55804 0.26392 0.12108 0.05696 ( 1)
  84 C   0.55804 0.26392 0.12108 0.05696 ( 1)
  85 F   0.55804 0.26392 0.12108 0.05696 ( 1)
  86 C   0.81719 0.12425 0.04544 0.01312 ( 1)
  87 W   0.03986 0.00170 0.95778 0.00066 ( 3)
  88 P   0.76444 0.16016 0.05921 0.01619 ( 1)
  89 Y   0.97844 0.00025 0.02129 0.00002 ( 1)
  90 G   0.58475 0.30594 0.08575 0.02355 ( 1)
  91 V   0.56661 0.08357 0.33191 0.01791 ( 1)
  92 I   0.98037 0.00078 0.01878 0.00007 ( 1)
  93 L   0.01134 0.91405 0.00174 0.07286 ( 2)
  94 N   0.96608 0.00109 0.03270 0.00013 ( 1)
  95 Y   0.97900 0.00013 0.02086 0.00001 ( 1)
  96 N   0.00119 0.50237 0.13073 0.36571 ( 2)
  97 K   0.36708 0.50140 0.07944 0.05208 ( 2)
  98 N   0.05510 0.80736 0.00768 0.12986 ( 2)
  99 T   0.00372 0.87086 0.00028 0.12514 ( 2)
 100 F   0.55938 0.00288 0.43725 0.00049 ( 1)
 101 R   0.05798 0.64886 0.06307 0.23009 ( 2)
 102 Y   0.97900 0.00013 0.02086 0.00001 ( 1)
 103 G   0.95689 0.00106 0.04199 0.00006 ( 1)
 104 D   0.97728 0.00009 0.02262 0.00001 ( 1)
 105 -   0.73378 0.08818 0.15904 0.01900 ( 1)
 106 N   0.92772 0.00903 0.06193 0.00132 ( 1)
 107 D   0.00750 0.79190 0.00375 0.19685 ( 2)
 108 P   0.97518 0.00123 0.02354 0.00005 ( 1)
 109 G   0.00110 0.82772 0.00157 0.16961 ( 2)
 110 L   0.00162 0.86778 0.00112 0.12948 ( 2)
 111 -   0.55804 0.26392 0.12108 0.05696 ( 1)
 112 S   0.00012 0.57793 0.01113 0.41082 ( 2)
 113 G   0.16260 0.76736 0.00707 0.06297 ( 2)
 114 D   0.10024 0.67038 0.06194 0.16745 ( 2)
 115 V   0.00825 0.65525 0.12092 0.21558 ( 2)
 116 Q   0.01000 0.37703 0.43443 0.17854 ( 3)
 117 L   0.52449 0.39330 0.04259 0.03962 ( 1)
 118 P   0.01150 0.84566 0.01285 0.12999 ( 2)
 119 A   0.91697 0.05766 0.02202 0.00335 ( 1)
 120 P   0.97210 0.01234 0.01501 0.00055 ( 1)
 121 -   0.55804 0.26392 0.12108 0.05696 ( 1)
 122 -   0.55804 0.26392 0.12108 0.05696 ( 1)
 123 -   0.55804 0.26392 0.12108 0.05696 ( 1)
 124 M   0.55207 0.06905 0.36914 0.00974 ( 1)
 125 S   0.05984 0.66115 0.09326 0.18576 ( 2)
 126 V   0.00029 0.91199 0.00002 0.08771 ( 2)
 127 V   0.18407 0.65574 0.07237 0.08782 ( 2)
 128 N   0.97365 0.00012 0.02621 0.00002 ( 1)
 129 A   0.90595 0.04592 0.04456 0.00357 ( 1)
 130 Q   0.07283 0.64793 0.12235 0.15688 ( 2)
 131 T   0.97720 0.00052 0.02224 0.00004 ( 1)
 132 Q   0.98074 0.00035 0.01889 0.00001 ( 1)
 133 T   0.10470 0.07883 0.78399 0.03249 ( 3)
 134 A   0.01981 0.16771 0.72456 0.08791 ( 3)
 135 Q   0.32360 0.53635 0.07939 0.06066 ( 2)
 136 -   0.59266 0.22930 0.12857 0.04947 ( 1)
 137 Y   0.97811 0.00057 0.02128 0.00004 ( 1)
 138 T   0.07336 0.04116 0.87117 0.01431 ( 3)
 139 D   0.97809 0.00006 0.02183 0.00001 ( 1)
 140 G   0.80413 0.13486 0.04526 0.01575 ( 1)
 141 E   0.97808 0.00041 0.02148 0.00003 ( 1)
 142 N   0.05580 0.53863 0.19395 0.21162 ( 2)
 143 I   0.14351 0.76973 0.00612 0.08063 ( 2)
 144 W   0.00080 0.68953 0.00635 0.30333 ( 2)
 145 T   0.17277 0.56870 0.15485 0.10369 ( 2)
 146 D   0.49118 0.08045 0.41311 0.01525 ( 1)
 147 T   0.03429 0.77922 0.01800 0.16849 ( 2)
 148 -   0.05831 0.76365 0.01267 0.16536 ( 2)
 149 -   0.61673 0.20523 0.13377 0.04427 ( 1)
 150 -   0.55804 0.26392 0.12108 0.05696 ( 1)
 151 -   0.55804 0.26392 0.12108 0.05696 ( 1)
 152 -   0.55804 0.26392 0.12108 0.05696 ( 1)
 153 G   0.11058 0.81945 0.00581 0.06417 ( 2)
 154 R   0.00716 0.55241 0.15667 0.28376 ( 2)
 155 S   0.02562 0.77526 0.02176 0.17737 ( 2)
 156 W   0.00005 0.34173 0.02831 0.62992 ( 4)
 157 L   0.00813 0.39691 0.32366 0.27130 ( 2)
 158 C   0.94004 0.01217 0.04613 0.00167 ( 1)
 159 T   0.19455 0.41702 0.27699 0.11144 ( 2)
 160 L   0.92128 0.00763 0.07034 0.00075 ( 1)
 161 R   0.61254 0.07273 0.30425 0.01049 ( 1)
 162 G   0.95605 0.00184 0.04201 0.00011 ( 1)
 163 Y   0.87316 0.08157 0.03921 0.00606 ( 1)
 164 C   0.98643 0.00007 0.01350 0.00000 ( 1)
 165 T   0.97527 0.00241 0.02206 0.00026 ( 1)
 166 T   0.17855 0.73779 0.00511 0.07855 ( 2)
 167 N   0.01516 0.03803 0.92803 0.01879 ( 3)
 168 C   0.64992 0.29917 0.02569 0.02523 ( 1)
 169 F   0.46640 0.27819 0.20385 0.05156 ( 1)
 170 P   0.69583 0.26592 0.01915 0.01910 ( 1)
 171 -   0.69157 0.13039 0.14993 0.02810 ( 1)
 172 -   0.37804 0.44393 0.08209 0.09595 ( 2)
 173 -   0.32161 0.50035 0.06985 0.10818 ( 2)
 174 G   0.23166 0.02556 0.72514 0.01763 ( 3)
 175 R   0.00165 0.17183 0.64677 0.17974 ( 3)
 176 G   0.54591 0.20402 0.22165 0.02843 ( 1)
 177 C   0.31567 0.58303 0.02345 0.07785 ( 2)
 178 Y   0.03703 0.52829 0.27494 0.15973 ( 2)
 179 N   0.00379 0.79711 0.00493 0.19417 ( 2)
 180 N   0.67716 0.05313 0.25860 0.01111 ( 1)
 181 S   0.19210 0.68588 0.00971 0.11230 ( 2)
 182 T   0.27138 0.42497 0.21655 0.08711 ( 2)
 183 G   0.40766 0.55068 0.01009 0.03158 ( 2)
 184 Y   0.95958 0.01632 0.02257 0.00153 ( 1)
 185 G   0.94293 0.01206 0.04418 0.00083 ( 1)
 186 E   0.04900 0.86472 0.00111 0.08517 ( 2)
 187 S   0.98295 0.00019 0.01685 0.00001 ( 1)
 188 C   0.95182 0.00218 0.04587 0.00013 ( 1)
 189 N   0.97349 0.00013 0.02636 0.00002 ( 1)
 190 Q   0.00606 0.75558 0.01600 0.22236 ( 2)
 191 S   0.36861 0.56864 0.01788 0.04487 ( 2)
 192 L   0.95239 0.01246 0.03412 0.00103 ( 1)
 193 P   0.93965 0.02556 0.03325 0.00154 ( 1)
 194 G   0.52955 0.10951 0.34388 0.01706 ( 1)
 195 Q   0.98074 0.00035 0.01889 0.00001 ( 1)
 196 K   0.97817 0.00020 0.02161 0.00002 ( 1)
 197 I   0.97660 0.00020 0.02319 0.00002 ( 1)
 198 H   0.58560 0.00218 0.41182 0.00040 ( 1)
 199 A   0.96983 0.00014 0.03002 0.00001 ( 1)
 200 L   0.90120 0.06237 0.03277 0.00366 ( 1)
 201 Y   0.97900 0.00013 0.02086 0.00001 ( 1)
 202 P   0.97188 0.00760 0.02008 0.00044 ( 1)
 203 F   0.98219 0.00085 0.01692 0.00004 ( 1)
 204 T   0.93592 0.01794 0.04436 0.00178 ( 1)
 205 Q   0.86546 0.06951 0.05614 0.00889 ( 1)
 206 T   0.53994 0.30213 0.09024 0.06768 ( 1)
 207 -   0.81251 0.00945 0.17600 0.00203 ( 1)
 208 N   0.72957 0.16885 0.07092 0.03066 ( 1)
 209 V   0.13109 0.73252 0.01654 0.11986 ( 2)
 210 L   0.00492 0.33514 0.24237 0.41758 ( 4)
 211 G   0.97773 0.00050 0.02174 0.00002 ( 1)
 212 Q   0.03944 0.26010 0.55411 0.14635 ( 3)
 213 S   0.00160 0.87630 0.00083 0.12127 ( 2)
 214 G   0.93902 0.00972 0.05052 0.00074 ( 1)
 215 K   0.97868 0.00013 0.02119 0.00001 ( 1)
 216 L   0.92150 0.02838 0.04792 0.00220 ( 1)
 217 G   0.97856 0.00069 0.02072 0.00003 ( 1)
 218 L   0.59292 0.32890 0.04573 0.03245 ( 1)
 219 L   0.85413 0.03865 0.10358 0.00365 ( 1)
 220 A   0.89906 0.04924 0.04620 0.00550 ( 1)
 221 S   0.37534 0.54347 0.01009 0.07110 ( 2)
 222 H   0.97349 0.00828 0.01730 0.00093 ( 1)
 223 I   0.69045 0.00093 0.30850 0.00012 ( 1)
 224 P   0.96696 0.00928 0.02335 0.00041 ( 1)
 225 Y   0.91569 0.05497 0.02385 0.00549 ( 1)
 226 D   0.97198 0.00124 0.02670 0.00009 ( 1)
 227 L   0.95745 0.00395 0.03835 0.00024 ( 1)
 228 S   0.92814 0.04024 0.02702 0.00460 ( 1)
 229 P   0.91863 0.00459 0.07632 0.00046 ( 1)
 230 N   0.95581 0.00151 0.04254 0.00014 ( 1)
 231 N   0.97269 0.00056 0.02667 0.00008 ( 1)
 232 T   0.00806 0.89691 0.00078 0.09425 ( 2)
 233 I   0.64085 0.01999 0.33601 0.00315 ( 1)
 234 G   0.98549 0.00038 0.01411 0.00002 ( 1)
 235 D   0.63150 0.20893 0.13783 0.02173 ( 1)
 236 K   0.06300 0.66751 0.07281 0.19668 ( 2)
 237 D   0.97573 0.00042 0.02380 0.00005 ( 1)
 238 T   0.24438 0.35293 0.32046 0.08223 ( 2)
 239 D   0.90039 0.06840 0.02122 0.00999 ( 1)
 240 S   0.47490 0.01041 0.51222 0.00247 ( 3)
 241 T   0.00090 0.74618 0.00147 0.25144 ( 2)
 242 N   0.88795 0.07196 0.02911 0.01099 ( 1)
 243 -   0.58902 0.23295 0.12778 0.05026 ( 1)

