Supplemental results for CODEML (seqf: algn  treef: tree)


dN/dS (w) for site classes (K=4)

site class             0        1       2a       2b
proportion       0.25254  0.70036  0.01248  0.03462
background w     0.06613  1.00000  0.06613  1.00000
foreground w     0.06613  1.00000  1.00000  1.00000

Naive Empirical Bayes (NEB) probabilities for 4 classes
(amino acids refer to 1st sequence: BT_Cry32Ja1)

   1 P   0.29842 0.60824 0.06328 0.03006 ( 2)
   2 T   0.91866 0.06036 0.01799 0.00298 ( 1)
   3 K   0.97412 0.00153 0.02427 0.00008 ( 1)
   4 S   0.84076 0.13376 0.01887 0.00661 ( 1)
   5 Q   0.97296 0.00160 0.02536 0.00008 ( 1)
   6 L   0.98048 0.00018 0.01933 0.00001 ( 1)
   7 T   0.97517 0.00046 0.02435 0.00002 ( 1)
   8 R   0.96820 0.00065 0.03112 0.00003 ( 1)
   9 T   0.00018 0.95272 0.00001 0.04709 ( 2)
  10 V   0.20993 0.74756 0.00556 0.03695 ( 2)
  11 Y   0.98131 0.00091 0.01774 0.00004 ( 1)
  12 T   0.97502 0.00057 0.02438 0.00003 ( 1)
  13 P   0.00001 0.95289 0.00000 0.04710 ( 2)
  14 F   0.00066 0.95223 0.00004 0.04706 ( 2)
  15 V   0.00026 0.95256 0.00010 0.04708 ( 2)
  16 L   0.00359 0.93835 0.01169 0.04638 ( 2)
  17 S   0.00000 0.95289 0.00001 0.04710 ( 2)
  18 Y   0.00398 0.94892 0.00020 0.04690 ( 2)
  19 P   0.02240 0.93051 0.00111 0.04599 ( 2)
  20 T   0.00714 0.94576 0.00035 0.04674 ( 2)
  21 -   0.27208 0.68082 0.01345 0.03365 ( 2)
  22 -   0.32193 0.63098 0.01591 0.03119 ( 2)
  23 -   0.32003 0.63287 0.01582 0.03128 ( 2)
  24 -   0.29431 0.65859 0.01455 0.03255 ( 2)
  25 -   0.30931 0.64359 0.01529 0.03181 ( 2)
  26 -   0.26338 0.68952 0.01302 0.03408 ( 2)
  27 -   0.28532 0.66758 0.01410 0.03300 ( 2)
  28 -   0.30457 0.64834 0.01505 0.03204 ( 2)
  29 -   0.30457 0.64834 0.01505 0.03204 ( 2)
  30 P   0.04210 0.91080 0.00208 0.04502 ( 2)
  31 N   0.00715 0.94576 0.00035 0.04674 ( 2)
  32 L   0.00141 0.95145 0.00011 0.04703 ( 2)
  33 P   0.00308 0.94905 0.00096 0.04691 ( 2)
  34 L   0.00001 0.95288 0.00001 0.04710 ( 2)
  35 I   0.97070 0.01238 0.01631 0.00061 ( 1)
  36 S   0.00017 0.95273 0.00000 0.04709 ( 2)
  37 E   0.00004 0.95286 0.00001 0.04709 ( 2)
  38 I   0.00472 0.94480 0.00378 0.04670 ( 2)
  39 E   0.16481 0.75913 0.03854 0.03752 ( 2)
  40 S   0.00003 0.95276 0.00012 0.04709 ( 2)
  41 Q   0.00001 0.95289 0.00000 0.04710 ( 2)
  42 V   0.00666 0.90252 0.04621 0.04461 ( 2)
  43 V   0.05343 0.87599 0.02728 0.04330 ( 2)
  44 V   0.00180 0.94292 0.00868 0.04660 ( 2)
  45 P   0.98017 0.00037 0.01944 0.00002 ( 1)
  46 P   0.96142 0.01134 0.02669 0.00056 ( 1)
  47 S   0.53415 0.43411 0.01028 0.02146 ( 1)
  48 L   0.96682 0.00247 0.03059 0.00012 ( 1)
  49 F   0.98357 0.00001 0.01642 0.00000 ( 1)
  50 S   0.00689 0.94618 0.00017 0.04676 ( 2)
  51 W   0.96717 0.00080 0.03199 0.00004 ( 1)
  52 L   0.94765 0.02309 0.02812 0.00114 ( 1)
  53 F   0.01789 0.93233 0.00370 0.04608 ( 2)
  54 L   0.00347 0.94951 0.00009 0.04693 ( 2)
  55 I   0.05312 0.89128 0.01155 0.04405 ( 2)
  56 E   0.00005 0.95285 0.00000 0.04709 ( 2)
  57 S   0.05726 0.88513 0.01386 0.04375 ( 2)
  58 Y   0.98060 0.00124 0.01809 0.00006 ( 1)
  59 T   0.06168 0.89088 0.00341 0.04403 ( 2)
  60 E   0.00109 0.95184 0.00003 0.04704 ( 2)
  61 K   0.00000 0.95290 0.00000 0.04710 ( 2)
  62 A   0.00002 0.95288 0.00000 0.04710 ( 2)
  63 A   0.00001 0.95289 0.00000 0.04710 ( 2)
  64 Q   0.00126 0.95142 0.00030 0.04702 ( 2)
  65 D   0.00001 0.95288 0.00002 0.04710 ( 2)
  66 -   0.25254 0.70036 0.01248 0.03462 ( 2)
  67 -   0.25254 0.70036 0.01248 0.03462 ( 2)
  68 -   0.01635 0.92467 0.01328 0.04570 ( 2)
  69 K   0.00010 0.95278 0.00004 0.04709 ( 2)
  70 E   0.00007 0.95283 0.00000 0.04709 ( 2)
  71 C   0.00000 0.95290 0.00000 0.04710 ( 2)
  72 L   0.00001 0.95290 0.00000 0.04710 ( 2)
  73 T   0.00021 0.95269 0.00001 0.04709 ( 2)
  74 G   0.00031 0.95154 0.00113 0.04703 ( 2)
  75 Q   0.00439 0.94859 0.00014 0.04688 ( 2)
  76 R   0.00004 0.95286 0.00001 0.04710 ( 2)
  77 Q   0.00001 0.95289 0.00001 0.04710 ( 2)
  78 A   0.00042 0.95249 0.00001 0.04708 ( 2)
  79 F   0.85208 0.12572 0.01599 0.00621 ( 1)
  80 A   0.00011 0.95280 0.00000 0.04709 ( 2)
  81 Y   0.00033 0.95258 0.00001 0.04708 ( 2)
  82 T   0.08232 0.86814 0.00664 0.04291 ( 2)
  83 T   0.00009 0.95280 0.00002 0.04709 ( 2)
  84 G   0.00062 0.94854 0.00396 0.04688 ( 2)
  85 R   0.00000 0.95290 0.00000 0.04710 ( 2)
  86 D   0.48528 0.48228 0.00860 0.02384 ( 1)
  87 L   0.00060 0.95230 0.00003 0.04707 ( 2)
  88 F   0.00000 0.95290 0.00000 0.04710 ( 2)
  89 Q   0.00206 0.95055 0.00041 0.04698 ( 2)
  90 E   0.00102 0.95189 0.00005 0.04705 ( 2)
  91 F   0.00279 0.95015 0.00009 0.04696 ( 2)
  92 K   0.00026 0.95253 0.00013 0.04708 ( 2)
  93 -   0.25254 0.70036 0.01248 0.03462 ( 2)
  94 -   0.01219 0.93697 0.00453 0.04631 ( 2)
  95 G   0.14557 0.81119 0.00314 0.04009 ( 2)
  96 N   0.12899 0.82759 0.00252 0.04090 ( 2)
  97 L   0.00026 0.95264 0.00001 0.04708 ( 2)
  98 N   0.00001 0.95289 0.00001 0.04710 ( 2)
  99 G   0.00001 0.95289 0.00000 0.04710 ( 2)
 100 T   0.00001 0.95289 0.00000 0.04710 ( 2)
 101 Y   0.00000 0.95290 0.00000 0.04710 ( 2)
 102 R   0.00030 0.95218 0.00046 0.04706 ( 2)
 103 G   0.00456 0.94843 0.00013 0.04688 ( 2)
 104 Q   0.00000 0.95290 0.00000 0.04710 ( 2)
 105 L   0.00001 0.95289 0.00000 0.04710 ( 2)
 106 V   0.83168 0.14565 0.01547 0.00720 ( 1)
 107 A   0.00085 0.95205 0.00004 0.04705 ( 2)
 108 E   0.00266 0.95015 0.00023 0.04696 ( 2)
 109 P   0.03679 0.91672 0.00118 0.04531 ( 2)
 110 G   0.00081 0.95211 0.00002 0.04706 ( 2)
 111 L   0.94803 0.03387 0.01642 0.00167 ( 1)
 112 G   0.09046 0.83499 0.03328 0.04127 ( 2)
 113 Q   0.01235 0.94055 0.00061 0.04649 ( 2)
 114 Y   0.25254 0.70036 0.01248 0.03462 ( 2)
 115 V   0.01557 0.93436 0.00389 0.04618 ( 2)
 116 W   0.00001 0.95288 0.00001 0.04710 ( 2)
 117 A   0.10462 0.84653 0.00701 0.04184 ( 2)
 118 I   0.00074 0.95202 0.00019 0.04705 ( 2)
 119 E   0.13293 0.81453 0.01228 0.04026 ( 2)
 120 L   0.95535 0.01612 0.02773 0.00080 ( 1)
 121 Y   0.95415 0.02725 0.01725 0.00135 ( 1)
 122 G   0.00014 0.95276 0.00001 0.04709 ( 2)
 123 S   0.00378 0.94866 0.00068 0.04689 ( 2)
 124 G   0.00044 0.95201 0.00050 0.04705 ( 2)
 125 Y   0.75551 0.22075 0.01283 0.01091 ( 1)
 126 L   0.02219 0.93140 0.00038 0.04603 ( 2)
 127 -   0.25254 0.70036 0.01248 0.03462 ( 2)
 128 -   0.25254 0.70036 0.01248 0.03462 ( 2)
 129 -   0.25254 0.70036 0.01248 0.03462 ( 2)
 130 W   0.00000 0.95290 0.00000 0.04710 ( 2)
 131 D   0.00000 0.95290 0.00000 0.04710 ( 2)
 132 G   0.00671 0.94557 0.00098 0.04673 ( 2)
 133 Y   0.11603 0.01916 0.86386 0.00095 ( 3)
 134 P   0.00002 0.95286 0.00002 0.04710 ( 2)
 135 Y   0.00002 0.95288 0.00000 0.04710 ( 2)
 136 L   0.00042 0.95249 0.00001 0.04708 ( 2)
 137 H   0.00001 0.95289 0.00000 0.04710 ( 2)
 138 N   0.00132 0.95155 0.00010 0.04703 ( 2)
 139 L   0.00000 0.95290 0.00000 0.04710 ( 2)
 140 G   0.00008 0.95282 0.00000 0.04709 ( 2)
 141 -   0.00499 0.94791 0.00025 0.04685 ( 2)
 142 -   0.27101 0.68189 0.01339 0.03370 ( 2)
 143 -   0.43333 0.51957 0.02142 0.02568 ( 2)
 144 -   0.12236 0.83054 0.00605 0.04105 ( 2)
 145 -   0.03120 0.92240 0.00082 0.04559 ( 2)
 146 F   0.00004 0.95286 0.00000 0.04710 ( 2)
 147 F   0.00052 0.95231 0.00011 0.04707 ( 2)
 148 N   0.00005 0.95285 0.00001 0.04709 ( 2)
 149 F   0.98337 0.00020 0.01642 0.00001 ( 1)
 150 K   0.02000 0.93215 0.00178 0.04607 ( 2)
 151 L   0.97244 0.01064 0.01640 0.00053 ( 1)
 152 T   0.95921 0.01358 0.02654 0.00067 ( 1)
 153 -   0.04429 0.90861 0.00219 0.04491 ( 2)
 154 -   0.94165 0.02710 0.02991 0.00134 ( 1)
 155 -   0.71677 0.25612 0.01446 0.01266 ( 1)
 156 N   0.00001 0.95289 0.00000 0.04710 ( 2)
 157 S   0.00271 0.95025 0.00008 0.04697 ( 2)
 158 E   0.00006 0.95284 0.00000 0.04709 ( 2)
 159 D   0.00000 0.95290 0.00000 0.04710 ( 2)
 160 Q   0.00240 0.95056 0.00006 0.04698 ( 2)
 161 K   0.01182 0.94133 0.00033 0.04652 ( 2)
 162 I   0.00029 0.95262 0.00001 0.04708 ( 2)
 163 H   0.00285 0.94983 0.00037 0.04694 ( 2)
 164 V   0.24893 0.71108 0.00485 0.03515 ( 2)
 165 S   0.20032 0.75717 0.00508 0.03742 ( 2)
 166 P   0.00028 0.95263 0.00001 0.04708 ( 2)
 167 G   0.00017 0.95274 0.00001 0.04709 ( 2)
 168 D   0.00375 0.94908 0.00026 0.04691 ( 2)
 169 I   0.16933 0.78616 0.00565 0.03886 ( 2)
 170 V   0.00091 0.95085 0.00124 0.04700 ( 2)
 171 D   0.00590 0.94706 0.00024 0.04681 ( 2)
 172 G   0.00556 0.94747 0.00014 0.04683 ( 2)
 173 T   0.00012 0.95254 0.00027 0.04708 ( 2)
 174 T   0.00018 0.95266 0.00008 0.04708 ( 2)
 175 A   0.00320 0.94976 0.00010 0.04694 ( 2)
 176 I   0.00202 0.94917 0.00190 0.04691 ( 2)
 177 L   0.00607 0.94696 0.00017 0.04680 ( 2)
 178 G   0.95600 0.01225 0.03114 0.00061 ( 1)
 179 L   0.41915 0.54364 0.01034 0.02687 ( 2)
 180 P   0.93125 0.03808 0.02879 0.00188 ( 1)
 181 C   0.98124 0.00024 0.01851 0.00001 ( 1)
 182 K   0.02312 0.93022 0.00069 0.04598 ( 2)
 183 P   0.00087 0.94994 0.00224 0.04695 ( 2)
 184 N   0.25008 0.66839 0.04850 0.03304 ( 2)
 185 N   0.05024 0.89720 0.00822 0.04434 ( 2)
 186 N   0.00215 0.95073 0.00014 0.04699 ( 2)
 187 D   0.01317 0.94008 0.00028 0.04646 ( 2)
 188 -   0.00369 0.94676 0.00276 0.04679 ( 2)
 189 C   0.98124 0.00024 0.01851 0.00001 ( 1)
 190 D   0.74203 0.10852 0.14408 0.00536 ( 1)
 191 P   0.97399 0.00645 0.01925 0.00032 ( 1)
 192 C   0.98124 0.00024 0.01851 0.00001 ( 1)
 193 -   0.00007 0.95273 0.00011 0.04709 ( 2)
 194 -   0.02106 0.93184 0.00104 0.04606 ( 2)
 195 -   0.25254 0.70036 0.01248 0.03462 ( 2)
 196 N   0.87207 0.07056 0.05389 0.00349 ( 1)
 197 P   0.00765 0.94515 0.00049 0.04671 ( 2)
 198 C   0.98136 0.00012 0.01852 0.00001 ( 1)
 199 N   0.00000 0.95290 0.00000 0.04710 ( 2)
 200 T   0.00009 0.95263 0.00020 0.04708 ( 2)
 201 L   0.02399 0.92933 0.00075 0.04593 ( 2)
 202 P   0.00000 0.95290 0.00000 0.04710 ( 2)
 203 I   0.00017 0.95273 0.00001 0.04709 ( 2)
 204 N   0.98451 0.00036 0.01511 0.00002 ( 1)
 205 L   0.00003 0.95286 0.00002 0.04709 ( 2)
 206 S   0.09997 0.85460 0.00318 0.04224 ( 2)
 207 N   0.00279 0.95014 0.00011 0.04696 ( 2)
 208 P   0.98070 0.00003 0.01927 0.00000 ( 1)
 209 C   0.97925 0.00193 0.01873 0.00010 ( 1)
 210 N   0.98296 0.00225 0.01467 0.00011 ( 1)
 211 -   0.27223 0.68067 0.01346 0.03364 ( 2)
 212 -   0.27223 0.68067 0.01346 0.03364 ( 2)
 213 -   0.27376 0.67914 0.01353 0.03357 ( 2)
 214 -   0.27904 0.67386 0.01379 0.03331 ( 2)
 215 -   0.29744 0.65546 0.01470 0.03240 ( 2)
 216 -   0.29749 0.65542 0.01470 0.03239 ( 2)
 217 -   0.30740 0.64550 0.01519 0.03190 ( 2)
 218 -   0.27972 0.67318 0.01383 0.03327 ( 2)
 219 D   0.87010 0.10320 0.02160 0.00510 ( 1)
 220 I   0.01470 0.93861 0.00030 0.04639 ( 2)
 221 S   0.00021 0.95257 0.00014 0.04708 ( 2)
 222 L   0.86113 0.11431 0.01891 0.00565 ( 1)
 223 Y   0.98219 0.00004 0.01777 0.00000 ( 1)
 224 S   0.98508 0.00001 0.01491 0.00000 ( 1)
 225 H   0.02864 0.92482 0.00083 0.04571 ( 2)
 226 R   0.96093 0.00490 0.03393 0.00024 ( 1)
 227 F   0.94522 0.02445 0.02913 0.00121 ( 1)
 228 S   0.86938 0.09965 0.02605 0.00493 ( 1)
 229 Y   0.01439 0.93873 0.00048 0.04640 ( 2)
 230 L   0.02937 0.92081 0.00431 0.04551 ( 2)
 231 G   0.20618 0.71521 0.04327 0.03535 ( 2)
 232 T   0.00010 0.95280 0.00001 0.04709 ( 2)
 233 Y   0.00003 0.95287 0.00001 0.04710 ( 2)
 234 P   0.00001 0.95287 0.00002 0.04710 ( 2)
 235 A   0.00008 0.95275 0.00008 0.04709 ( 2)
 236 P   0.04271 0.91111 0.00114 0.04503 ( 2)
 237 P   0.00004 0.95284 0.00003 0.04709 ( 2)
 238 V   0.00001 0.95287 0.00003 0.04710 ( 2)
 239 N   0.00051 0.95034 0.00218 0.04697 ( 2)
 240 N   0.12627 0.82663 0.00624 0.04086 ( 2)
 241 W   0.02166 0.93125 0.00107 0.04603 ( 2)
 242 S   0.05566 0.89388 0.00628 0.04418 ( 2)
 243 P   0.04263 0.88333 0.03038 0.04366 ( 2)
 244 T   0.00001 0.95288 0.00001 0.04710 ( 2)
 245 N   0.01133 0.92955 0.01318 0.04594 ( 2)
 246 I   0.65060 0.31401 0.01986 0.01552 ( 1)
 247 G   0.04830 0.90503 0.00193 0.04473 ( 2)
 248 N   0.00038 0.95250 0.00004 0.04708 ( 2)
 249 F   0.00326 0.94528 0.00474 0.04672 ( 2)
 250 S   0.00006 0.95280 0.00006 0.04709 ( 2)
 251 F   0.27606 0.67889 0.01150 0.03355 ( 2)
 252 G   0.95844 0.00566 0.03561 0.00028 ( 1)
 253 W   0.96717 0.00080 0.03199 0.00004 ( 1)
 254 T   0.97502 0.00084 0.02410 0.00004 ( 1)
 255 H   0.98413 0.00003 0.01584 0.00000 ( 1)
 256 I   0.96450 0.01051 0.02447 0.00052 ( 1)
 257 S   0.96907 0.00018 0.03074 0.00001 ( 1)


lnL = -4875.302808

