Supplemental results for CODEML (seqf: algn  treef: tree)


dN/dS (w) for site classes (K=4)

site class             0        1       2a       2b
proportion       0.51869  0.23807  0.16673  0.07652
background w     0.09563  1.00000  0.09563  1.00000
foreground w     0.09563  1.00000  1.00000  1.00000

Naive Empirical Bayes (NEB) probabilities for 4 classes
(amino acids refer to 1st sequence: BT_Cry21Aa1)

   1 -   0.55133 0.20204 0.18169 0.06494 ( 1)
   2 -   0.20132 0.43786 0.22008 0.14074 ( 2)
   3 -   0.26304 0.38604 0.22683 0.12409 ( 2)
   4 -   0.84495 0.01542 0.13467 0.00496 ( 1)
   5 -   0.89140 0.01373 0.09046 0.00441 ( 1)
   6 -   0.90220 0.01291 0.08073 0.00415 ( 1)
   7 -   0.61982 0.15038 0.18147 0.04834 ( 1)
   8 N   0.83412 0.00644 0.15737 0.00207 ( 1)
   9 M   0.41172 0.01173 0.57277 0.00377 ( 3)
  10 F   0.95283 0.00037 0.04668 0.00012 ( 1)
  11 V   0.60973 0.03733 0.34094 0.01200 ( 1)
  12 D   0.90100 0.00185 0.09656 0.00059 ( 1)
  13 F   0.94353 0.00029 0.05608 0.00009 ( 1)
  14 I   0.90450 0.00133 0.09375 0.00043 ( 1)
  15 F   0.11660 0.00254 0.88005 0.00082 ( 3)
  16 P   0.85795 0.00035 0.14159 0.00011 ( 1)
  17 K   0.82527 0.00730 0.16508 0.00235 ( 1)
  18 L   0.57023 0.00017 0.42955 0.00005 ( 1)
  19 F   0.94039 0.00011 0.05946 0.00004 ( 1)
  20 G   0.92323 0.00498 0.07018 0.00160 ( 1)
  21 R   0.00610 0.75065 0.00196 0.24129 ( 2)
  22 G   0.45259 0.30416 0.14548 0.09777 ( 1)
  23 S   0.73872 0.01803 0.23745 0.00580 ( 1)
  24 -   0.52055 0.23620 0.16733 0.07592 ( 1)
  25 Q   0.02504 0.65458 0.10997 0.21041 ( 2)
  26 Q   0.47020 0.25723 0.18989 0.08268 ( 1)
  27 N   0.69089 0.02035 0.28222 0.00654 ( 1)
  28 A   0.00074 0.75541 0.00103 0.24282 ( 2)
  29 Q   0.58783 0.03907 0.36054 0.01256 ( 1)
  30 A   0.31727 0.44203 0.09862 0.14208 ( 2)
  31 Q   0.71319 0.11150 0.13946 0.03584 ( 1)
  32 F   0.91072 0.00127 0.08761 0.00041 ( 1)
  33 F   0.89618 0.00023 0.10351 0.00007 ( 1)
  34 E   0.92416 0.00598 0.06794 0.00192 ( 1)
  35 L   0.33396 0.13791 0.48381 0.04433 ( 3)
  36 I   0.90132 0.00009 0.09856 0.00003 ( 1)
  37 I   0.82642 0.04529 0.11373 0.01456 ( 1)
  38 E   0.79130 0.00618 0.20054 0.00199 ( 1)
  39 K   0.80838 0.00149 0.18965 0.00048 ( 1)
  40 V   0.83082 0.00060 0.16838 0.00019 ( 1)
  41 K   0.90058 0.00028 0.09905 0.00009 ( 1)
  42 E   0.58356 0.11296 0.26718 0.03631 ( 1)
  43 L   0.83863 0.00179 0.15901 0.00057 ( 1)
  44 V   0.85155 0.00214 0.14561 0.00069 ( 1)
  45 D   0.54608 0.00147 0.45198 0.00047 ( 1)
  46 E   0.78063 0.06455 0.13408 0.02075 ( 1)
  47 D   0.16734 0.58292 0.06238 0.18737 ( 2)
  48 F   0.91240 0.00006 0.08753 0.00002 ( 1)
  49 R   0.08322 0.67024 0.03110 0.21544 ( 2)
  50 N   0.13762 0.61387 0.05119 0.19732 ( 2)
  51 F   0.79359 0.09305 0.08345 0.02991 ( 1)
  52 T   0.76036 0.02076 0.21221 0.00667 ( 1)
  53 L   0.24142 0.48022 0.12400 0.15436 ( 2)
  54 N   0.90310 0.00514 0.09010 0.00165 ( 1)
  55 N   0.00379 0.75211 0.00233 0.24176 ( 2)
  56 L   0.91905 0.00015 0.08075 0.00005 ( 1)
  57 L   0.58185 0.21352 0.13599 0.06863 ( 1)
  58 N   0.15680 0.56378 0.09819 0.18122 ( 2)
  59 Y   0.17630 0.60258 0.02742 0.19369 ( 2)
  60 L   0.03473 0.68420 0.06114 0.21993 ( 2)
  61 D   0.84192 0.05445 0.08612 0.01750 ( 1)
  62 G   0.95404 0.00001 0.04594 0.00000 ( 1)
  63 M   0.79110 0.00371 0.20399 0.00119 ( 1)
  64 Q   0.00229 0.73984 0.02005 0.23781 ( 2)
  65 T   0.22557 0.56429 0.02876 0.18138 ( 2)
  66 A   0.00181 0.75495 0.00057 0.24267 ( 2)
  67 L   0.15737 0.53583 0.13457 0.17224 ( 2)
  68 S   0.25618 0.54779 0.01995 0.17608 ( 2)
  69 H   0.19253 0.47959 0.17373 0.15416 ( 2)
  70 F   0.88093 0.00111 0.11760 0.00036 ( 1)
  71 Q   0.35940 0.12907 0.47004 0.04149 ( 3)
  72 N   0.01072 0.74581 0.00374 0.23973 ( 2)
  73 D   0.00808 0.74503 0.00740 0.23948 ( 2)
  74 V   0.82767 0.00067 0.17144 0.00022 ( 1)
  75 Q   0.53647 0.13148 0.28979 0.04226 ( 1)
  76 I   0.27573 0.50414 0.05807 0.16205 ( 2)
  77 A   0.09930 0.26680 0.54813 0.08576 ( 3)
  78 I   0.81456 0.01280 0.16852 0.00412 ( 1)
  79 C   0.61082 0.14593 0.19634 0.04691 ( 1)
  80 Q   0.16249 0.59426 0.05223 0.19102 ( 2)
  81 G   0.75488 0.00187 0.24265 0.00060 ( 1)
  82 E   0.74918 0.00757 0.24081 0.00243 ( 1)
  83 Q   0.69655 0.06020 0.22390 0.01935 ( 1)
  84 P   0.58771 0.16904 0.18891 0.05434 ( 1)
  85 G   0.58369 0.17306 0.18762 0.05563 ( 1)
  86 L   0.61031 0.14644 0.19618 0.04707 ( 1)
  87 M   0.21528 0.54147 0.06920 0.17405 ( 2)
  88 L   0.73805 0.01870 0.23724 0.00601 ( 1)
  89 D   0.73157 0.02518 0.23515 0.00809 ( 1)
  90 Q   0.02982 0.72694 0.00958 0.23366 ( 2)
  91 T   0.56548 0.19127 0.18177 0.06148 ( 1)
  92 P   0.12766 0.62910 0.04103 0.20222 ( 2)
  93 T   0.09073 0.66602 0.02916 0.21408 ( 2)
  94 A   0.73558 0.02117 0.23644 0.00681 ( 1)
  95 C   0.01045 0.73870 0.01340 0.23745 ( 2)
  96 T   0.49023 0.01533 0.48950 0.00493 ( 1)
  97 P   0.93696 0.00007 0.06295 0.00002 ( 1)
  98 T   0.88360 0.00485 0.10999 0.00156 ( 1)
  99 T   0.00113 0.75576 0.00018 0.24293 ( 2)
 100 D   0.00281 0.75212 0.00332 0.24176 ( 2)
 101 H   0.09262 0.68098 0.00751 0.21889 ( 2)
 102 L   0.79985 0.00827 0.18922 0.00266 ( 1)
 103 I   0.00075 0.75385 0.00308 0.24232 ( 2)
 104 S   0.05261 0.70669 0.01354 0.22716 ( 2)
 105 V   0.73361 0.00271 0.26280 0.00087 ( 1)
 106 R   0.00461 0.75154 0.00227 0.24158 ( 2)
 107 E   0.07704 0.66285 0.04704 0.21307 ( 2)
 108 S   0.05625 0.70314 0.01459 0.22602 ( 2)
 109 F   0.93853 0.00242 0.05828 0.00078 ( 1)
 110 K   0.65973 0.15489 0.13559 0.04979 ( 1)
 111 D   0.00097 0.75529 0.00096 0.24278 ( 2)
 112 A   0.22471 0.51651 0.09276 0.16602 ( 2)
 113 R   0.74633 0.10674 0.11262 0.03431 ( 1)
 114 T   0.84732 0.02603 0.11828 0.00837 ( 1)
 115 T   0.28489 0.48346 0.07625 0.15540 ( 2)
 116 I   0.85373 0.03360 0.10187 0.01080 ( 1)
 117 E   0.65061 0.19363 0.09352 0.06224 ( 1)
 118 T   0.18785 0.41557 0.26300 0.13358 ( 2)
 119 A   0.00968 0.74666 0.00366 0.24000 ( 2)
 120 L   0.71757 0.03858 0.23145 0.01240 ( 1)
 121 P   0.94407 0.00109 0.05448 0.00035 ( 1)
 122 H   0.89844 0.00693 0.09240 0.00223 ( 1)
 123 F   0.95547 0.00000 0.04453 0.00000 ( 1)
 124 K   0.30985 0.34076 0.23986 0.10953 ( 2)
 125 N   0.33944 0.45182 0.06351 0.14523 ( 2)
 126 P   0.61084 0.26408 0.04019 0.08489 ( 1)
 127 M   0.57348 0.25942 0.08372 0.08339 ( 1)
 128 L   0.51869 0.23807 0.16673 0.07652 ( 1)
 129 S   0.51869 0.23807 0.16673 0.07652 ( 1)
 130 T   0.60553 0.15122 0.19464 0.04861 ( 1)
 131 N   0.63883 0.11792 0.20534 0.03790 ( 1)
 132 D   0.24821 0.50854 0.07979 0.16346 ( 2)
 133 N   0.20637 0.55039 0.06633 0.17691 ( 2)
 134 T   0.58325 0.17350 0.18748 0.05577 ( 1)
 135 P   0.69326 0.06349 0.22284 0.02041 ( 1)
 136 D   0.16050 0.59625 0.05159 0.19166 ( 2)
 137 F   0.71497 0.04178 0.22982 0.01343 ( 1)
 138 N   0.63883 0.11792 0.20534 0.03790 ( 1)
 139 S   0.41959 0.33716 0.13487 0.10838 ( 1)
 140 D   0.74770 0.00905 0.24034 0.00291 ( 1)
 141 T   0.53530 0.25381 0.12930 0.08159 ( 1)
 142 V   0.68399 0.13365 0.13940 0.04296 ( 1)
 143 L   0.63743 0.05411 0.29107 0.01739 ( 1)
 144 L   0.80429 0.04585 0.13512 0.01474 ( 1)
 145 T   0.04139 0.68200 0.05739 0.21922 ( 2)
 146 L   0.64888 0.05259 0.28163 0.01690 ( 1)
 147 P   0.94508 0.00000 0.05492 0.00000 ( 1)
 148 M   0.34986 0.44421 0.06315 0.14278 ( 2)
 149 Y   0.13638 0.00047 0.86300 0.00015 ( 3)
 150 T   0.10240 0.62741 0.06852 0.20167 ( 2)
 151 T   0.06711 0.48734 0.28890 0.15665 ( 2)
 152 G   0.36937 0.23456 0.32068 0.07540 ( 1)
 153 A   0.61194 0.01700 0.36559 0.00547 ( 1)
 154 T   0.91836 0.00019 0.08139 0.00006 ( 1)
 155 L   0.90737 0.00003 0.09259 0.00001 ( 1)
 156 N   0.56814 0.08384 0.32107 0.02695 ( 1)
 157 L   0.90009 0.00004 0.09985 0.00001 ( 1)
 158 I   0.53068 0.03871 0.41817 0.01244 ( 1)
 159 L   0.49191 0.23676 0.19522 0.07610 ( 1)
 160 H   0.76069 0.01798 0.21554 0.00578 ( 1)
 161 Q   0.89006 0.00059 0.10915 0.00019 ( 1)
 162 G   0.89101 0.01901 0.08387 0.00611 ( 1)
 163 Y   0.46718 0.01020 0.51935 0.00328 ( 3)
 164 I   0.92517 0.00018 0.07460 0.00006 ( 1)
 165 Q   0.68423 0.19717 0.05522 0.06338 ( 1)
 166 F   0.12208 0.39388 0.35743 0.12661 ( 2)
 167 A   0.84042 0.00864 0.14816 0.00278 ( 1)
 168 E   0.87589 0.03957 0.07182 0.01272 ( 1)
 169 R   0.87702 0.00075 0.12198 0.00024 ( 1)
 170 W   0.83222 0.00038 0.16727 0.00012 ( 1)
 171 K   0.26642 0.26997 0.37683 0.08678 ( 3)
 172 S   0.68686 0.11551 0.16049 0.03713 ( 1)
 173 V   0.23451 0.16112 0.55258 0.05179 ( 3)
 174 -   0.51869 0.23807 0.16673 0.07652 ( 1)
 175 -   0.51869 0.23807 0.16673 0.07652 ( 1)
 176 -   0.51050 0.24625 0.16409 0.07915 ( 1)
 177 -   0.28507 0.47168 0.09163 0.15162 ( 2)
 178 -   0.32223 0.43452 0.10358 0.13967 ( 2)
 179 -   0.08043 0.67633 0.02585 0.21740 ( 2)
 180 -   0.40823 0.34852 0.13122 0.11203 ( 1)
 181 -   0.44006 0.31669 0.14145 0.10180 ( 1)
 182 -   0.17984 0.57691 0.05781 0.18544 ( 2)
 183 N   0.39400 0.36275 0.12665 0.11660 ( 1)
 184 Y   0.01694 0.73981 0.00545 0.23780 ( 2)
 185 D   0.21830 0.53845 0.07017 0.17308 ( 2)
 186 E   0.25601 0.47112 0.12143 0.15144 ( 2)
 187 S   0.00187 0.74705 0.01096 0.24013 ( 2)
 188 F   0.45912 0.20572 0.26903 0.06613 ( 1)
 189 I   0.20776 0.15931 0.58172 0.05121 ( 3)
 190 N   0.73343 0.00666 0.25777 0.00214 ( 1)
 191 Q   0.01697 0.73364 0.01357 0.23582 ( 2)
 192 T   0.18834 0.18081 0.57273 0.05812 ( 3)
 193 K   0.15754 0.01162 0.82711 0.00374 ( 3)
 194 V   0.03627 0.71822 0.01465 0.23086 ( 2)
 195 D   0.93861 0.00225 0.05841 0.00072 ( 1)
 196 L   0.88679 0.00103 0.11184 0.00033 ( 1)
 197 Q   0.68066 0.06076 0.23905 0.01953 ( 1)
 198 R   0.58026 0.22808 0.11834 0.07331 ( 1)
 199 R   0.05720 0.70794 0.00731 0.22756 ( 2)
 200 I   0.92307 0.00123 0.07531 0.00040 ( 1)
 201 Q   0.36731 0.27145 0.27399 0.08725 ( 1)
 202 D   0.10821 0.66469 0.01344 0.21366 ( 2)
 203 Y   0.07595 0.05624 0.84972 0.01808 ( 3)
 204 S   0.77132 0.00089 0.22750 0.00029 ( 1)
 205 T   0.84466 0.00425 0.14972 0.00137 ( 1)
 206 T   0.06958 0.47761 0.29929 0.15352 ( 2)
 207 V   0.92782 0.00022 0.07189 0.00007 ( 1)
 208 S   0.71700 0.13718 0.10172 0.04410 ( 1)
 209 T   0.43563 0.21446 0.28097 0.06894 ( 1)
 210 T   0.54250 0.20542 0.18604 0.06603 ( 1)
 211 F   0.95538 0.00003 0.04458 0.00001 ( 1)
 212 E   0.83672 0.02817 0.12605 0.00906 ( 1)
 213 K   0.83543 0.07594 0.06422 0.02441 ( 1)
 214 -   0.84821 0.00207 0.14905 0.00067 ( 1)
 215 -   0.85270 0.03105 0.10626 0.00998 ( 1)
 216 -   0.51869 0.23807 0.16673 0.07652 ( 1)
 217 -   0.51869 0.23807 0.16673 0.07652 ( 1)
 218 -   0.51869 0.23807 0.16673 0.07652 ( 1)
 219 F   0.15621 0.62558 0.01713 0.20109 ( 2)
 220 K   0.00781 0.74605 0.00633 0.23981 ( 2)
 221 P   0.60096 0.00144 0.39713 0.00046 ( 1)
 222 T   0.84790 0.02146 0.12374 0.00690 ( 1)
 223 L   0.03508 0.71157 0.02463 0.22872 ( 2)
 224 N   0.00424 0.74936 0.00553 0.24087 ( 2)
 225 P   0.30722 0.35040 0.22974 0.11263 ( 2)
 226 S   0.10744 0.66819 0.00959 0.21478 ( 2)
 227 N   0.74062 0.09876 0.12888 0.03175 ( 1)
 228 K   0.25490 0.25173 0.41245 0.08092 ( 3)
 229 E   0.00084 0.75582 0.00038 0.24295 ( 2)
 230 S   0.01908 0.71374 0.03776 0.22942 ( 2)
 231 V   0.24984 0.06521 0.66399 0.02096 ( 3)
 232 N   0.75718 0.12021 0.08397 0.03864 ( 1)
 233 K   0.44945 0.15751 0.34241 0.05063 ( 1)
 234 Y   0.65342 0.00099 0.34527 0.00032 ( 1)
 235 N   0.63410 0.06837 0.27556 0.02198 ( 1)
 236 R   0.11152 0.65158 0.02746 0.20944 ( 2)
 237 Y   0.94489 0.00000 0.05511 0.00000 ( 1)
 238 V   0.83669 0.04994 0.09732 0.01605 ( 1)
 239 R   0.16271 0.00687 0.82821 0.00221 ( 3)
 240 S   0.14917 0.55934 0.11169 0.17979 ( 2)
 241 M   0.03827 0.00000 0.96173 0.00000 ( 3)
 242 T   0.93785 0.00005 0.06208 0.00002 ( 1)
 243 L   0.73753 0.03712 0.21343 0.01193 ( 1)
 244 Q   0.00253 0.74871 0.00810 0.24066 ( 2)
 245 S   0.66222 0.00000 0.33778 0.00000 ( 1)
 246 L   0.92079 0.00001 0.07920 0.00000 ( 1)
 247 D   0.94972 0.00002 0.05026 0.00001 ( 1)
 248 I   0.75259 0.00409 0.24201 0.00131 ( 1)
 249 A   0.80807 0.00060 0.19113 0.00019 ( 1)
 250 A   0.91709 0.00012 0.08274 0.00004 ( 1)
 251 T   0.91001 0.00530 0.08298 0.00170 ( 1)
 252 W   0.82865 0.00268 0.16780 0.00086 ( 1)
 253 P   0.94750 0.00001 0.05248 0.00000 ( 1)
 254 T   0.93694 0.00033 0.06263 0.00011 ( 1)


lnL = -4674.393510

