Supplemental results for CODEML (seqf: algn  treef: tree)


dN/dS (w) for site classes (K=4)

site class             0        1       2a       2b
proportion       0.39195  0.39094  0.10869  0.10841
background w     0.14383  1.00000  0.14383  1.00000
foreground w     0.14383  1.00000  1.00000  1.00000

Naive Empirical Bayes (NEB) probabilities for 4 classes
(amino acids refer to 1st sequence: BT_Cry7Ba1)

   1 -   0.68704 0.09585 0.19052 0.02658 ( 1)
   2 -   0.25735 0.52555 0.07136 0.14574 ( 2)
   3 T   0.11496 0.66794 0.03188 0.18522 ( 2)
   4 V   0.09317 0.68973 0.02584 0.19127 ( 2)
   5 E   0.77526 0.00764 0.21499 0.00212 ( 1)
   6 L   0.75820 0.02470 0.21025 0.00685 ( 1)
   7 T   0.76680 0.01610 0.21264 0.00446 ( 1)
   8 R   0.77837 0.00453 0.21585 0.00126 ( 1)
   9 T   0.21156 0.57134 0.05867 0.15844 ( 2)
  10 I   0.77266 0.01024 0.21426 0.00284 ( 1)
  11 Y   0.62415 0.15875 0.17308 0.04402 ( 1)
  12 T   0.23050 0.55240 0.06392 0.15319 ( 2)
  13 D   0.69806 0.08484 0.19358 0.02353 ( 1)
  14 P   0.43136 0.35154 0.11962 0.09748 ( 1)
  15 L   0.66632 0.11657 0.18478 0.03233 ( 1)
  16 G   0.72931 0.05359 0.20224 0.01486 ( 1)
  17 Y   0.07334 0.70955 0.02034 0.19676 ( 2)
  18 T   0.22340 0.55950 0.06195 0.15515 ( 2)
  19 G   0.45026 0.33264 0.12486 0.09224 ( 1)
  20 Y   0.18707 0.59582 0.05188 0.16523 ( 2)
  21 S   0.01347 0.76943 0.00373 0.21337 ( 2)
  22 N   0.52709 0.25581 0.14617 0.07094 ( 1)
  23 D   0.14097 0.64193 0.03909 0.17801 ( 2)
  24 E   0.54029 0.24261 0.14982 0.06728 ( 1)
  25 H   0.62489 0.15800 0.17329 0.04382 ( 1)
  26 P   0.64152 0.14137 0.17790 0.03920 ( 1)
  27 T   0.01509 0.76781 0.00418 0.21292 ( 2)
  28 Y   0.18431 0.59859 0.05111 0.16599 ( 2)
  29 Y   0.74131 0.04159 0.20557 0.01153 ( 1)
  30 -   0.39346 0.38944 0.10911 0.10799 ( 1)
  31 S   0.22265 0.56024 0.06174 0.15536 ( 2)
  32 S   0.47159 0.31131 0.13077 0.08633 ( 1)
  33 A   0.10509 0.67781 0.02914 0.18796 ( 2)
  34 K   0.06952 0.71338 0.01928 0.19783 ( 2)
  35 P   0.01361 0.76929 0.00377 0.21333 ( 2)
  36 F   0.52485 0.25805 0.14554 0.07156 ( 1)
  37 S   0.24949 0.53341 0.06918 0.14792 ( 2)
  38 S   0.25592 0.52698 0.07097 0.14614 ( 2)
  39 I   0.73652 0.04637 0.20424 0.01286 ( 1)
  40 E   0.77124 0.01166 0.21387 0.00323 ( 1)
  41 S   0.73794 0.04496 0.20464 0.01247 ( 1)
  42 R   0.41054 0.37236 0.11384 0.10326 ( 1)
  43 A   0.39107 0.39183 0.10845 0.10866 ( 2)
  44 V   0.44279 0.34011 0.12279 0.09431 ( 1)
  45 L   0.11527 0.66762 0.03197 0.18514 ( 2)
  46 A   0.06256 0.72034 0.01735 0.19975 ( 2)
  47 P   0.76354 0.01936 0.21173 0.00537 ( 1)
  48 S   0.01374 0.76916 0.00381 0.21329 ( 2)
  49 L   0.75287 0.03003 0.20878 0.00833 ( 1)
  50 F   0.76289 0.02001 0.21155 0.00555 ( 1)
  51 K   0.11955 0.66335 0.03315 0.18395 ( 2)
  52 W   0.76219 0.02070 0.21136 0.00574 ( 1)
  53 I   0.58492 0.19798 0.16220 0.05490 ( 1)
  54 T   0.73385 0.04904 0.20350 0.01360 ( 1)
  55 Q   0.42237 0.36053 0.11713 0.09998 ( 1)
  56 L   0.66815 0.11475 0.18528 0.03182 ( 1)
  57 E   0.04317 0.73973 0.01197 0.20513 ( 2)
  58 V   0.70657 0.07633 0.19594 0.02117 ( 1)
  59 Y   0.19534 0.58755 0.05417 0.16293 ( 2)
  60 T   0.22996 0.55294 0.06377 0.15333 ( 2)
  61 K   0.02475 0.75815 0.00686 0.21024 ( 2)
  62 K   0.00675 0.77614 0.00187 0.21523 ( 2)
  63 Y   0.00774 0.77516 0.00215 0.21496 ( 2)
  64 S   0.00017 0.78273 0.00005 0.21706 ( 2)
  65 Y   0.03319 0.74971 0.00920 0.20790 ( 2)
  66 S   0.00568 0.77722 0.00157 0.21553 ( 2)
  67 S   0.11906 0.66384 0.03302 0.18409 ( 2)
  68 Q   0.00063 0.78227 0.00017 0.21693 ( 2)
  69 Y   0.72426 0.05863 0.20084 0.01626 ( 1)
  70 T   0.62764 0.15526 0.17405 0.04306 ( 1)
  71 T   0.45705 0.32585 0.12674 0.09036 ( 1)
  72 L   0.00283 0.78006 0.00079 0.21632 ( 2)
  73 W   0.76219 0.02070 0.21136 0.00574 ( 1)
  74 T   0.71380 0.06909 0.19794 0.01916 ( 1)
  75 G   0.50286 0.28004 0.13945 0.07766 ( 1)
  76 L   0.03283 0.75007 0.00910 0.20800 ( 2)
  77 R   0.22157 0.56132 0.06144 0.15566 ( 2)
  78 V   0.69014 0.09276 0.19138 0.02572 ( 1)
  79 I   0.16126 0.62163 0.04472 0.17238 ( 2)
  80 A   0.16598 0.61692 0.04603 0.17108 ( 2)
  81 Q   0.08244 0.70046 0.02286 0.19424 ( 2)
  82 P   0.01325 0.76964 0.00368 0.21343 ( 2)
  83 T   0.67082 0.11208 0.18602 0.03108 ( 1)
  84 K   0.57954 0.20336 0.16071 0.05639 ( 1)
  85 D   0.02798 0.75491 0.00776 0.20934 ( 2)
  86 F   0.01481 0.76809 0.00411 0.21300 ( 2)
  87 T   0.00397 0.77893 0.00110 0.21600 ( 2)
  88 D   0.29582 0.48708 0.08203 0.13507 ( 2)
  89 T   0.07448 0.70842 0.02065 0.19645 ( 2)
  90 V   0.01180 0.77109 0.00327 0.21383 ( 2)
  91 Y   0.53291 0.24999 0.14778 0.06932 ( 1)
  92 D   0.74006 0.04284 0.20522 0.01188 ( 1)
  93 Y   0.42224 0.36066 0.11709 0.10001 ( 1)
  94 G   0.73531 0.04759 0.20391 0.01320 ( 1)
  95 S   0.56054 0.22235 0.15544 0.06166 ( 1)
  96 S   0.74294 0.03996 0.20602 0.01108 ( 1)
  97 S   0.34701 0.43589 0.09623 0.12087 ( 2)
  98 G   0.77078 0.01211 0.21374 0.00336 ( 1)
  99 S   0.75112 0.03178 0.20829 0.00881 ( 1)
 100 E   0.00353 0.77937 0.00098 0.21613 ( 2)
 101 N   0.00996 0.77293 0.00276 0.21434 ( 2)
 102 K   0.13522 0.64768 0.03750 0.17961 ( 2)
 103 D   0.58475 0.19815 0.16215 0.05495 ( 1)
 104 V   0.11327 0.66963 0.03141 0.18569 ( 2)
 105 F   0.77897 0.00393 0.21601 0.00109 ( 1)
 106 D   0.31444 0.46846 0.08720 0.12991 ( 2)
 107 L   0.69983 0.08306 0.19407 0.02303 ( 1)
 108 Y   0.02697 0.75593 0.00748 0.20962 ( 2)
 109 G   0.07098 0.71192 0.01968 0.19742 ( 2)
 110 N   0.47876 0.30414 0.13276 0.08434 ( 1)
 111 -   0.40125 0.38165 0.11127 0.10583 ( 1)
 112 -   0.40782 0.37508 0.11309 0.10401 ( 1)
 113 -   0.40680 0.37610 0.11281 0.10429 ( 1)
 114 -   0.39914 0.38376 0.11068 0.10642 ( 1)
 115 -   0.39882 0.38408 0.11060 0.10651 ( 1)
 116 -   0.40782 0.37508 0.11309 0.10401 ( 1)
 117 -   0.40214 0.38076 0.11152 0.10559 ( 1)
 118 -   0.40356 0.37933 0.11191 0.10519 ( 1)
 119 -   0.10180 0.68110 0.02823 0.18887 ( 2)
 120 -   0.40358 0.37932 0.11192 0.10519 ( 1)
 121 -   0.40680 0.37610 0.11281 0.10429 ( 1)
 122 -   0.40049 0.38240 0.11106 0.10604 ( 1)
 123 -   0.39587 0.38703 0.10978 0.10733 ( 1)
 124 -   0.39956 0.38333 0.11080 0.10630 ( 1)
 125 -   0.40455 0.37835 0.11218 0.10492 ( 1)
 126 -   0.39891 0.38399 0.11062 0.10648 ( 1)
 127 D   0.74452 0.03838 0.20646 0.01064 ( 1)
 128 V   0.55008 0.23282 0.15254 0.06456 ( 1)
 129 Y   0.77589 0.00701 0.21516 0.00194 ( 1)
 130 D   0.14657 0.63632 0.04065 0.17646 ( 2)
 131 T   0.26818 0.51472 0.07437 0.14274 ( 2)
 132 Q   0.11845 0.66444 0.03285 0.18426 ( 2)
 133 S   0.24393 0.53897 0.06764 0.14946 ( 2)
 134 V   0.07102 0.71188 0.01969 0.19741 ( 2)
 135 V   0.00769 0.77521 0.00213 0.21497 ( 2)
 136 S   0.21605 0.56685 0.05991 0.15719 ( 2)
 137 S   0.53663 0.24626 0.14881 0.06829 ( 1)
 138 Y   0.04567 0.73722 0.01267 0.20444 ( 2)
 139 K   0.01381 0.76909 0.00383 0.21327 ( 2)
 140 P   0.03559 0.74731 0.00987 0.20723 ( 2)
 141 T   0.07859 0.70431 0.02179 0.19531 ( 2)
 142 G   0.02784 0.75506 0.00772 0.20938 ( 2)
 143 G   0.01672 0.76618 0.00464 0.21247 ( 2)
 144 G   0.00510 0.77779 0.00141 0.21569 ( 2)
 145 H   0.43788 0.34502 0.12143 0.09568 ( 1)
 146 F   0.05242 0.73047 0.01454 0.20257 ( 2)
 147 G   0.23456 0.54834 0.06505 0.15206 ( 2)
 148 V   0.08933 0.69356 0.02477 0.19233 ( 2)
 149 P   0.74540 0.03749 0.20671 0.01040 ( 1)
 150 Q   0.16640 0.61650 0.04614 0.17096 ( 2)
 151 F   0.57830 0.20459 0.16037 0.05673 ( 1)
 152 R   0.09940 0.68350 0.02756 0.18954 ( 2)
 153 L   0.69781 0.08509 0.19351 0.02360 ( 1)
 154 F   0.10522 0.67768 0.02918 0.18793 ( 2)
 155 W   0.23783 0.54507 0.06595 0.15115 ( 2)
 156 I   0.73715 0.04574 0.20442 0.01268 ( 1)
 157 T   0.42621 0.35669 0.11819 0.09891 ( 1)
 158 K   0.00929 0.77359 0.00259 0.21452 ( 2)
 159 S   0.00929 0.77361 0.00258 0.21453 ( 2)
 160 N   0.36404 0.41885 0.10095 0.11615 ( 2)
 161 G   0.00037 0.78253 0.00010 0.21700 ( 2)
 162 L   0.38176 0.40114 0.10587 0.11124 ( 2)
 163 R   0.00079 0.78210 0.00022 0.21688 ( 2)
 164 E   0.40071 0.38219 0.11112 0.10598 ( 1)
 165 Q   0.04624 0.73666 0.01282 0.20428 ( 2)
 166 I   0.24469 0.53820 0.06786 0.14925 ( 2)
 167 F   0.77715 0.00575 0.21551 0.00159 ( 1)
 168 N   0.25980 0.52310 0.07204 0.14506 ( 2)
 169 Y   0.69668 0.08622 0.19319 0.02391 ( 1)
 170 A   0.53104 0.25186 0.14726 0.06984 ( 1)
 171 N   0.03823 0.74467 0.01060 0.20650 ( 2)
 172 N   0.72679 0.05606 0.20160 0.01555 ( 1)
 173 M   0.13873 0.64417 0.03847 0.17863 ( 2)
 174 G   0.42485 0.35805 0.11781 0.09929 ( 1)
 175 -   0.59466 0.18824 0.16490 0.05220 ( 1)
 176 S   0.15620 0.62670 0.04332 0.17379 ( 2)
 177 Y   0.01761 0.76528 0.00488 0.21222 ( 2)
 178 S   0.34528 0.43762 0.09575 0.12136 ( 2)
 179 A   0.00160 0.78129 0.00044 0.21666 ( 2)
 180 Y   0.19003 0.59287 0.05270 0.16441 ( 2)
 181 R   0.53950 0.24340 0.14961 0.06750 ( 1)
 182 F   0.51413 0.26877 0.14257 0.07453 ( 1)
 183 S   0.06173 0.72117 0.01712 0.19999 ( 2)
 184 K   0.06936 0.71354 0.01923 0.19787 ( 2)
 185 D   0.54263 0.24026 0.15048 0.06663 ( 1)
 186 E   0.35671 0.42618 0.09892 0.11818 ( 2)
 187 L   0.66314 0.11976 0.18389 0.03321 ( 1)
 188 P   0.39878 0.38412 0.11058 0.10652 ( 1)
 189 I   0.77019 0.01271 0.21358 0.00352 ( 1)
 190 E   0.76160 0.02130 0.21120 0.00591 ( 1)
 191 L   0.27185 0.51105 0.07539 0.14172 ( 2)
 192 L   0.66823 0.11466 0.18531 0.03180 ( 1)
 193 Q   0.04219 0.74071 0.01170 0.20540 ( 2)
 194 P   0.00662 0.77628 0.00184 0.21527 ( 2)
 195 P   0.77880 0.00409 0.21597 0.00114 ( 1)
 196 L   0.42243 0.36046 0.11714 0.09996 ( 1)
 197 F   0.49999 0.28291 0.13865 0.07845 ( 1)
 198 G   0.71050 0.07239 0.19703 0.02008 ( 1)
 199 D   0.75504 0.02786 0.20938 0.00773 ( 1)
 200 I   0.48998 0.29291 0.13588 0.08123 ( 1)
 201 E   0.54020 0.24269 0.14980 0.06730 ( 1)
 202 E   0.72501 0.05789 0.20105 0.01605 ( 1)
 203 Y   0.70461 0.07829 0.19539 0.02171 ( 1)
 204 S   0.73396 0.04893 0.20353 0.01357 ( 1)
 205 H   0.78059 0.00230 0.21646 0.00064 ( 1)
 206 R   0.75011 0.03279 0.20801 0.00909 ( 1)
 207 L   0.77100 0.01190 0.21380 0.00330 ( 1)
 208 S   0.78002 0.00288 0.21630 0.00080 ( 1)
 209 H   0.20395 0.57895 0.05656 0.16055 ( 2)
 210 V   0.75499 0.02791 0.20936 0.00774 ( 1)
 211 S   0.46110 0.32180 0.12786 0.08924 ( 1)
 212 E   0.70190 0.08099 0.19464 0.02246 ( 1)
 213 V   0.53445 0.24845 0.14821 0.06890 ( 1)
 214 I   0.63307 0.14983 0.17555 0.04155 ( 1)
 215 K   0.75974 0.02315 0.21068 0.00642 ( 1)
 216 D   0.42741 0.35549 0.11852 0.09858 ( 1)
 217 Y   0.37527 0.40762 0.10407 0.11304 ( 2)
 218 G   0.41727 0.36563 0.11571 0.10139 ( 1)
 219 E   0.00433 0.77857 0.00120 0.21590 ( 2)
 220 G   0.45431 0.32859 0.12598 0.09112 ( 1)
 221 I   0.31612 0.46678 0.08766 0.12944 ( 2)
 222 I   0.67083 0.11207 0.18602 0.03108 ( 1)
 223 P   0.73080 0.05210 0.20266 0.01445 ( 1)
 224 V   0.58892 0.19398 0.16331 0.05379 ( 1)
 225 L   0.74126 0.04163 0.20556 0.01155 ( 1)
 226 G   0.77078 0.01211 0.21374 0.00336 ( 1)
 227 W   0.32863 0.45427 0.09113 0.12597 ( 2)
 228 T   0.76583 0.01707 0.21237 0.00473 ( 1)
 229 H   0.78067 0.00222 0.21649 0.00062 ( 1)
 230 V   0.76918 0.01372 0.21330 0.00380 ( 1)
 231 S   0.69029 0.09260 0.19142 0.02568 ( 1)


lnL = -2855.213042

