Supplemental results for CODEML (seqf: algn  treef: tree)


dN/dS (w) for site classes (K=4)

site class             0        1       2a       2b
proportion       0.58938  0.31288  0.06385  0.03390
background w     0.07749  1.00000  0.07749  1.00000
foreground w     0.07749  1.00000  1.00000  1.00000

Naive Empirical Bayes (NEB) probabilities for 4 classes
(amino acids refer to 1st sequence: BT_Cry19Ca1)

   1 -   0.83322 0.11510 0.03921 0.01247 ( 1)
   2 -   0.15825 0.71136 0.05333 0.07706 ( 2)
   3 F   0.05376 0.82670 0.02998 0.08956 ( 2)
   4 D   0.95952 0.01077 0.02854 0.00117 ( 1)
   5 K   0.46734 0.46843 0.01348 0.05075 ( 2)
   6 I   0.94656 0.02374 0.02712 0.00257 ( 1)
   7 T   0.97078 0.00171 0.02732 0.00019 ( 1)
   8 Q   0.96090 0.00147 0.03747 0.00016 ( 1)
   9 I   0.95111 0.02005 0.02667 0.00217 ( 1)
  10 P   0.97059 0.00091 0.02841 0.00010 ( 1)
  11 A   0.92984 0.00234 0.06756 0.00025 ( 1)
  12 V   0.93038 0.00249 0.06687 0.00027 ( 1)
  13 K   0.97300 0.00077 0.02614 0.00008 ( 1)
  14 S   0.66615 0.28890 0.01365 0.03130 ( 1)
  15 S   0.00021 0.90184 0.00025 0.09770 ( 2)
  16 D   0.00001 0.90224 0.00000 0.09774 ( 2)
  17 W   0.55303 0.36205 0.04571 0.03922 ( 1)
  18 L   0.00924 0.89266 0.00140 0.09670 ( 2)
  19 F   0.78722 0.17311 0.02092 0.01875 ( 1)
  20 Y   0.41579 0.42668 0.11130 0.04622 ( 2)
  21 G   0.96276 0.00850 0.02782 0.00092 ( 1)
  22 N   0.16038 0.70470 0.05858 0.07634 ( 2)
  23 L   0.81124 0.05750 0.12503 0.00623 ( 1)
  24 L   0.94481 0.01151 0.04243 0.00125 ( 1)
  25 K   0.00629 0.89642 0.00018 0.09711 ( 2)
  26 G   0.97494 0.00089 0.02407 0.00010 ( 1)
  27 P   0.97041 0.00107 0.02840 0.00012 ( 1)
  28 G   0.94653 0.00142 0.05189 0.00015 ( 1)
  29 H   0.97425 0.00047 0.02523 0.00005 ( 1)
  30 T   0.96819 0.00193 0.02967 0.00021 ( 1)
  31 G   0.97480 0.00096 0.02413 0.00010 ( 1)
  32 G   0.95609 0.00218 0.04149 0.00024 ( 1)
  33 D   0.97048 0.00062 0.02883 0.00007 ( 1)
  34 L   0.95064 0.00479 0.04405 0.00052 ( 1)
  35 V   0.93051 0.00236 0.06688 0.00026 ( 1)
  36 F   0.11626 0.56125 0.26168 0.06080 ( 2)
  37 L   0.97091 0.00095 0.02804 0.00010 ( 1)
  38 D   0.02199 0.85496 0.03043 0.09262 ( 2)
  39 N   0.97157 0.00462 0.02331 0.00050 ( 1)
  40 G   0.00206 0.90029 0.00012 0.09753 ( 2)
  41 N   0.00111 0.90082 0.00048 0.09759 ( 2)
  42 N   0.00601 0.88733 0.01053 0.09613 ( 2)
  43 F   0.01611 0.88478 0.00326 0.09585 ( 2)
  44 N   0.00105 0.90119 0.00013 0.09763 ( 2)
  45 V   0.50350 0.18139 0.29545 0.01965 ( 1)
  46 R   0.00018 0.90172 0.00041 0.09769 ( 2)
  47 V   0.81170 0.07484 0.10535 0.00811 ( 1)
  48 N   0.02956 0.86535 0.01134 0.09375 ( 2)
  49 F   0.86713 0.08181 0.04219 0.00886 ( 1)
  50 -   0.37904 0.52322 0.04106 0.05668 ( 2)
  51 -   0.83308 0.06918 0.09025 0.00749 ( 1)
  52 -   0.87505 0.02720 0.09480 0.00295 ( 1)
  53 -   0.86961 0.03265 0.09421 0.00354 ( 1)
  54 -   0.86112 0.04114 0.09329 0.00446 ( 1)
  55 -   0.75821 0.14405 0.08214 0.01561 ( 1)
  56 -   0.55549 0.34677 0.06018 0.03757 ( 1)
  57 -   0.87956 0.02270 0.09529 0.00246 ( 1)
  58 -   0.41727 0.48499 0.04520 0.05254 ( 2)
  59 P   0.53768 0.38173 0.03923 0.04135 ( 1)
  60 V   0.26779 0.63592 0.02740 0.06889 ( 2)
  61 Q   0.94412 0.01594 0.03822 0.00173 ( 1)
  62 S   0.00567 0.89473 0.00267 0.09693 ( 2)
  63 Y   0.94350 0.00165 0.05468 0.00018 ( 1)
  64 R   0.54313 0.16271 0.27653 0.01763 ( 1)
  65 V   0.28076 0.59589 0.05879 0.06455 ( 2)
  66 R   0.94241 0.01695 0.03881 0.00184 ( 1)
  67 I   0.90421 0.06281 0.02618 0.00680 ( 1)
  68 R   0.93910 0.00236 0.05828 0.00026 ( 1)
  69 Y   0.97000 0.00080 0.02911 0.00009 ( 1)
  70 A   0.97579 0.00070 0.02343 0.00008 ( 1)
  71 A   0.66489 0.02023 0.31269 0.00219 ( 1)
  72 D   0.88501 0.00678 0.10748 0.00073 ( 1)
  73 G   0.95241 0.02110 0.02420 0.00229 ( 1)
  74 N   0.01056 0.89132 0.00156 0.09656 ( 2)
  75 G   0.19952 0.71623 0.00666 0.07759 ( 2)
  76 E   0.90830 0.04657 0.04009 0.00504 ( 1)
  77 M   0.94595 0.02846 0.02251 0.00308 ( 1)
  78 A   0.31892 0.57390 0.04501 0.06217 ( 2)
  79 I   0.92866 0.03859 0.02856 0.00418 ( 1)
  80 S   0.09796 0.12243 0.76635 0.01326 ( 3)
  81 V   0.67794 0.27307 0.01941 0.02958 ( 1)
  82 D   0.01882 0.88320 0.00230 0.09568 ( 2)
  83 G   0.10958 0.80021 0.00353 0.08669 ( 2)
  84 T   0.00002 0.90223 0.00000 0.09774 ( 2)
  85 -   0.78852 0.11374 0.08542 0.01232 ( 1)
  86 -   0.70825 0.19401 0.07673 0.02102 ( 1)
  87 -   0.01182 0.89043 0.00128 0.09646 ( 2)
  88 -   0.51570 0.38656 0.05587 0.04188 ( 1)
  89 L   0.00000 0.90226 0.00000 0.09774 ( 2)
  90 Y   0.60345 0.34065 0.01900 0.03690 ( 1)
  91 T   0.66931 0.27020 0.03122 0.02927 ( 1)
  92 P   0.22005 0.59239 0.12338 0.06418 ( 2)
  93 F   0.97505 0.00045 0.02445 0.00005 ( 1)
  94 N   0.00001 0.90225 0.00000 0.09774 ( 2)
  95 V   0.77701 0.11305 0.09769 0.01225 ( 1)
  96 E   0.71439 0.01035 0.27413 0.00112 ( 1)
  97 R   0.01932 0.88204 0.00309 0.09555 ( 2)
  98 T   0.96993 0.00176 0.02812 0.00019 ( 1)
  99 F   0.97505 0.00045 0.02445 0.00005 ( 1)
 100 S   0.52383 0.40965 0.02214 0.04438 ( 1)
 101 N   0.56494 0.19432 0.21969 0.02105 ( 1)
 102 N   0.00306 0.89942 0.00008 0.09744 ( 2)
 103 N   0.97596 0.00053 0.02345 0.00006 ( 1)
 104 Y   0.96715 0.00297 0.02956 0.00032 ( 1)
 105 -   0.63846 0.26379 0.06917 0.02858 ( 1)
 106 -   0.87542 0.02683 0.09484 0.00291 ( 1)
 107 -   0.83203 0.07023 0.09014 0.00761 ( 1)
 108 N   0.95702 0.01669 0.02448 0.00181 ( 1)
 109 D   0.97905 0.00033 0.02058 0.00004 ( 1)
 110 L   0.95261 0.00475 0.04213 0.00051 ( 1)
 111 K   0.71728 0.00970 0.27197 0.00105 ( 1)
 112 F   0.68373 0.24322 0.04670 0.02635 ( 1)
 113 E   0.63319 0.05195 0.30923 0.00563 ( 1)
 114 D   0.95729 0.01977 0.02080 0.00214 ( 1)
 115 F   0.95182 0.00086 0.04723 0.00009 ( 1)
 116 K   0.77868 0.00789 0.21258 0.00085 ( 1)
 117 V   0.19148 0.62533 0.11545 0.06774 ( 2)
 118 I   0.73925 0.07265 0.18023 0.00787 ( 1)
 119 D   0.93372 0.02505 0.03852 0.00271 ( 1)
 120 T   0.80049 0.15686 0.02566 0.01699 ( 1)
 121 P   0.00004 0.90221 0.00001 0.09774 ( 2)
 122 L   0.43600 0.37559 0.14771 0.04069 ( 1)
 123 I   0.96596 0.00148 0.03239 0.00016 ( 1)
 124 Y   0.76685 0.15426 0.06218 0.01671 ( 1)
 125 N   0.96342 0.01077 0.02465 0.00117 ( 1)
 126 A   0.45532 0.47908 0.01369 0.05190 ( 2)
 127 S   0.38496 0.46856 0.09572 0.05076 ( 2)
 128 Y   0.00138 0.90097 0.00004 0.09760 ( 2)
 129 E   0.06911 0.78958 0.05578 0.08554 ( 2)
 130 G   0.16157 0.75187 0.00511 0.08145 ( 2)
 131 A   0.45623 0.27608 0.23778 0.02991 ( 1)
 132 K   0.49907 0.16937 0.31321 0.01835 ( 1)
 133 S   0.72897 0.07370 0.18935 0.00798 ( 1)
 134 I   0.93703 0.03255 0.02689 0.00353 ( 1)
 135 F   0.05588 0.55060 0.33387 0.05965 ( 2)
 136 L   0.94495 0.01158 0.04221 0.00125 ( 1)
 137 -   0.00060 0.90165 0.00007 0.09768 ( 2)
 138 -   0.13229 0.76996 0.01433 0.08341 ( 2)
 139 -   0.00021 0.90205 0.00002 0.09772 ( 2)
 140 -   0.81210 0.09016 0.08798 0.00977 ( 1)
 141 -   0.00176 0.90049 0.00019 0.09755 ( 2)
 142 Y   0.00028 0.90199 0.00002 0.09772 ( 2)
 143 N   0.00034 0.90192 0.00003 0.09771 ( 2)
 144 N   0.00000 0.90226 0.00000 0.09774 ( 2)
 145 S   0.00011 0.90210 0.00006 0.09773 ( 2)
 146 N   0.56784 0.01592 0.41452 0.00172 ( 1)
 147 K   0.00039 0.90049 0.00157 0.09755 ( 2)
 148 R   0.88309 0.04489 0.06715 0.00486 ( 1)
 149 V   0.93575 0.03362 0.02699 0.00364 ( 1)
 150 I   0.96596 0.00148 0.03239 0.00016 ( 1)
 151 I   0.97083 0.00120 0.02784 0.00013 ( 1)
 152 D   0.96726 0.00362 0.02874 0.00039 ( 1)
 153 K   0.96858 0.00362 0.02741 0.00039 ( 1)
 154 I   0.96290 0.00916 0.02695 0.00099 ( 1)
 155 E   0.96624 0.00083 0.03283 0.00009 ( 1)
 156 F   0.94897 0.01488 0.03454 0.00161 ( 1)
 157 I   0.03883 0.86609 0.00125 0.09383 ( 2)
 158 -   0.81863 0.08362 0.08869 0.00906 ( 1)


lnL = -2302.644356

Bayes Empirical Bayes (BEB) probabilities for 4 classes (class)
(amino acids refer to 1st sequence: BT_Cry19Ca1)

   1 -   0.86452 0.11214 0.01527 0.00807 ( 1)
   2 -   0.06996 0.80620 0.06471 0.05914 ( 2)
   3 F   0.02091 0.86409 0.01693 0.09807 ( 2)
   4 D   0.98203 0.01000 0.00764 0.00033 ( 1)
   5 K   0.23027 0.73779 0.00196 0.02997 ( 2)
   6 I   0.95565 0.03089 0.01161 0.00185 ( 1)
   7 T   0.98860 0.00148 0.00984 0.00007 ( 1)
   8 Q   0.99094 0.00150 0.00752 0.00004 ( 1)
   9 I   0.96305 0.02596 0.00969 0.00130 ( 1)
  10 P   0.99333 0.00085 0.00579 0.00002 ( 1)
  11 A   0.97629 0.00232 0.02131 0.00008 ( 1)
  12 V   0.97717 0.00245 0.02031 0.00008 ( 1)
  13 K   0.99156 0.00066 0.00775 0.00003 ( 1)
  14 S   0.40030 0.57476 0.00220 0.02274 ( 2)
  15 S   0.00003 0.91043 0.00005 0.08949 ( 2)
  16 D   0.00000 0.92614 0.00000 0.07385 ( 2)
  17 W   0.44590 0.52402 0.01188 0.01821 ( 2)
  18 L   0.00167 0.94824 0.00014 0.04995 ( 2)
  19 F   0.65768 0.32858 0.00380 0.00994 ( 1)
  20 Y   0.20505 0.71731 0.03915 0.03849 ( 2)
  21 G   0.97791 0.01243 0.00906 0.00059 ( 1)
  22 N   0.04253 0.89635 0.01270 0.04841 ( 2)
  23 L   0.83895 0.09052 0.06527 0.00526 ( 1)
  24 L   0.97210 0.01731 0.01010 0.00049 ( 1)
  25 K   0.00100 0.95970 0.00001 0.03929 ( 2)
  26 G   0.99445 0.00081 0.00471 0.00002 ( 1)
  27 P   0.99316 0.00101 0.00579 0.00003 ( 1)
  28 G   0.98408 0.00137 0.01450 0.00005 ( 1)
  29 H   0.99448 0.00042 0.00508 0.00001 ( 1)
  30 T   0.98794 0.00170 0.01028 0.00008 ( 1)
  31 G   0.99432 0.00089 0.00477 0.00003 ( 1)
  32 G   0.98773 0.00222 0.01000 0.00006 ( 1)
  33 D   0.99174 0.00054 0.00771 0.00002 ( 1)
  34 L   0.98198 0.00504 0.01279 0.00018 ( 1)
  35 V   0.97730 0.00232 0.02031 0.00007 ( 1)
  36 F   0.03667 0.73363 0.15011 0.07959 ( 2)
  37 L   0.99323 0.00089 0.00586 0.00003 ( 1)
  38 D   0.00447 0.93334 0.00750 0.05469 ( 2)
  39 N   0.98797 0.00410 0.00774 0.00019 ( 1)
  40 G   0.00033 0.96756 0.00000 0.03211 ( 2)
  41 N   0.00016 0.94377 0.00004 0.05603 ( 2)
  42 N   0.00098 0.92763 0.00245 0.06894 ( 2)
  43 F   0.00327 0.94421 0.00045 0.05207 ( 2)
  44 N   0.00020 0.91943 0.00002 0.08035 ( 2)
  45 V   0.37811 0.31217 0.28306 0.02666 ( 1)
  46 R   0.00002 0.92483 0.00007 0.07507 ( 2)
  47 V   0.77705 0.15943 0.05514 0.00837 ( 1)
  48 N   0.00635 0.92941 0.00222 0.06203 ( 2)
  49 F   0.85989 0.12540 0.01061 0.00410 ( 1)
  50 -   0.26457 0.66866 0.01907 0.04769 ( 2)
  51 -   0.84862 0.08461 0.06079 0.00598 ( 1)
  52 -   0.90065 0.03258 0.06447 0.00230 ( 1)
  53 -   0.89396 0.03927 0.06399 0.00277 ( 1)
  54 -   0.88336 0.04987 0.06324 0.00352 ( 1)
  55 -   0.75692 0.17631 0.05428 0.01248 ( 1)
  56 -   0.43961 0.49362 0.03164 0.03513 ( 2)
  57 -   0.90620 0.02703 0.06486 0.00191 ( 1)
  58 -   0.29900 0.63423 0.02155 0.04522 ( 2)
  59 P   0.36111 0.60827 0.00852 0.02210 ( 2)
  60 V   0.13224 0.81988 0.00608 0.04180 ( 2)
  61 Q   0.96465 0.02673 0.00797 0.00065 ( 1)
  62 S   0.00109 0.94315 0.00042 0.05535 ( 2)
  63 Y   0.98234 0.00163 0.01597 0.00006 ( 1)
  64 R   0.45925 0.33527 0.18981 0.01567 ( 1)
  65 V   0.11413 0.82593 0.01591 0.04404 ( 2)
  66 R   0.97064 0.01919 0.00959 0.00058 ( 1)
  67 I   0.86376 0.12110 0.00910 0.00605 ( 1)
  68 R   0.97837 0.00245 0.01908 0.00010 ( 1)
  69 Y   0.99300 0.00075 0.00623 0.00002 ( 1)
  70 A   0.99293 0.00060 0.00645 0.00002 ( 1)
  71 A   0.70826 0.03010 0.26001 0.00163 ( 1)
  72 D   0.93724 0.01044 0.05181 0.00051 ( 1)
  73 G   0.95204 0.04198 0.00479 0.00119 ( 1)
  74 N   0.00206 0.94600 0.00016 0.05178 ( 2)
  75 G   0.06816 0.89926 0.00061 0.03197 ( 2)
  76 E   0.88615 0.10032 0.01014 0.00338 ( 1)
  77 M   0.95050 0.04539 0.00323 0.00088 ( 1)
  78 A   0.13002 0.76762 0.01735 0.08500 ( 2)
  79 I   0.93026 0.05676 0.01027 0.00271 ( 1)
  80 S   0.04156 0.12731 0.81994 0.01119 ( 3)
  81 V   0.48810 0.48872 0.00389 0.01928 ( 2)
  82 D   0.00376 0.94724 0.00022 0.04878 ( 2)
  83 G   0.03335 0.92193 0.00034 0.04438 ( 2)
  84 T   0.00000 0.93645 0.00000 0.06355 ( 2)
  85 -   0.79376 0.13947 0.05690 0.00987 ( 1)
  86 -   0.69697 0.23626 0.05002 0.01674 ( 1)
  87 -   0.00307 0.93016 0.00022 0.06655 ( 2)
  88 -   0.39708 0.53615 0.02859 0.03818 ( 2)
  89 L   0.00000 0.81779 0.00000 0.18221 ( 2)
  90 Y   0.33341 0.64586 0.00228 0.01844 ( 2)
  91 T   0.52938 0.44327 0.00776 0.01959 ( 1)
  92 P   0.08874 0.82792 0.03925 0.04409 ( 2)
  93 F   0.99440 0.00040 0.00520 0.00001 ( 1)
  94 N   0.00000 0.95239 0.00000 0.04761 ( 2)
  95 V   0.69785 0.23075 0.05571 0.01568 ( 1)
  96 E   0.78590 0.01669 0.19668 0.00073 ( 1)
  97 R   0.00404 0.94899 0.00029 0.04668 ( 2)
  98 T   0.98657 0.00154 0.01180 0.00009 ( 1)
  99 F   0.99440 0.00040 0.00520 0.00001 ( 1)
 100 S   0.34326 0.63525 0.00351 0.01798 ( 2)
 101 N   0.41754 0.43302 0.12543 0.02402 ( 2)
 102 N   0.00048 0.95477 0.00000 0.04474 ( 2)
 103 N   0.99177 0.00043 0.00778 0.00002 ( 1)
 104 Y   0.98924 0.00416 0.00648 0.00012 ( 1)
 105 -   0.53810 0.39513 0.03869 0.02808 ( 1)
 106 -   0.90112 0.03211 0.06450 0.00227 ( 1)
 107 -   0.84734 0.08590 0.06070 0.00607 ( 1)
 108 N   0.96629 0.02413 0.00844 0.00114 ( 1)
 109 D   0.99426 0.00027 0.00547 0.00001 ( 1)
 110 L   0.98503 0.00501 0.00982 0.00014 ( 1)
 111 K   0.78975 0.01442 0.19511 0.00071 ( 1)
 112 F   0.61075 0.36786 0.01084 0.01055 ( 1)
 113 E   0.69077 0.08601 0.21935 0.00387 ( 1)
 114 D   0.96514 0.02812 0.00563 0.00112 ( 1)
 115 F   0.98695 0.00080 0.01222 0.00003 ( 1)
 116 K   0.82088 0.01102 0.16746 0.00064 ( 1)
 117 V   0.06852 0.80193 0.05367 0.07588 ( 2)
 118 I   0.72565 0.16151 0.10488 0.00796 ( 1)
 119 D   0.95463 0.03436 0.00978 0.00123 ( 1)
 120 T   0.67109 0.30685 0.00757 0.01450 ( 1)
 121 P   0.00001 0.96016 0.00000 0.03983 ( 2)
 122 L   0.29044 0.63056 0.05364 0.02536 ( 2)
 123 I   0.98758 0.00129 0.01107 0.00005 ( 1)
 124 Y   0.65639 0.31433 0.01780 0.01148 ( 1)
 125 N   0.97535 0.01540 0.00852 0.00073 ( 1)
 126 A   0.19229 0.77720 0.00158 0.02893 ( 2)
 127 S   0.22822 0.68132 0.04066 0.04980 ( 2)
 128 Y   0.00022 0.97162 0.00000 0.02816 ( 2)
 129 E   0.02118 0.89201 0.01836 0.06844 ( 2)
 130 G   0.05635 0.92015 0.00034 0.02316 ( 2)
 131 A   0.27781 0.56883 0.12160 0.03176 ( 2)
 132 K   0.39636 0.31099 0.27207 0.02057 ( 1)
 133 S   0.70672 0.15011 0.13428 0.00888 ( 1)
 134 I   0.94558 0.04297 0.00939 0.00205 ( 1)
 135 F   0.01267 0.60607 0.29658 0.08467 ( 2)
 136 L   0.97208 0.01749 0.00995 0.00049 ( 1)
 137 -   0.00011 0.93312 0.00001 0.06676 ( 2)
 138 -   0.05601 0.87722 0.00404 0.06273 ( 2)
 139 -   0.00004 0.93320 0.00000 0.06677 ( 2)
 140 -   0.82271 0.11052 0.05895 0.00782 ( 1)
 141 -   0.00043 0.93280 0.00003 0.06674 ( 2)
 142 Y   0.00004 0.96675 0.00000 0.03321 ( 2)
 143 N   0.00005 0.95240 0.00000 0.04755 ( 2)
 144 N   0.00000 0.94685 0.00000 0.05315 ( 2)
 145 S   0.00002 0.91989 0.00001 0.08009 ( 2)
 146 N   0.49739 0.01897 0.48220 0.00144 ( 1)
 147 K   0.00005 0.92686 0.00030 0.07278 ( 2)
 148 R   0.90027 0.07494 0.02204 0.00275 ( 1)
 149 V   0.93619 0.05152 0.00950 0.00278 ( 1)
 150 I   0.98758 0.00129 0.01107 0.00005 ( 1)
 151 I   0.98910 0.00101 0.00984 0.00005 ( 1)
 152 D   0.98887 0.00334 0.00768 0.00011 ( 1)
 153 K   0.98669 0.00482 0.00829 0.00020 ( 1)
 154 I   0.98132 0.00839 0.00987 0.00042 ( 1)
 155 E   0.99082 0.00077 0.00839 0.00002 ( 1)
 156 F   0.96920 0.02188 0.00830 0.00062 ( 1)
 157 I   0.00832 0.93411 0.00013 0.05744 ( 2)
 158 -   0.83079 0.10244 0.05952 0.00724 ( 1)

