Supplemental results for CODEML (seqf: algn  treef: tree)


dN/dS (w) for site classes (K=4)

site class             0        1       2a       2b
proportion       0.90973  0.07849  0.01085  0.00094
background w     0.15780  1.00000  0.15780  1.00000
foreground w     0.15780  1.00000 48.25130 48.25130

Naive Empirical Bayes (NEB) probabilities for 4 classes
(amino acids refer to 1st sequence: BT_Cry1A-like)

   1 E   0.99842 0.00094 0.00065 0.00000 ( 1)
   2 F   0.99928 0.00000 0.00072 0.00000 ( 1)
   3 V   0.99824 0.00058 0.00118 0.00000 ( 1)
   4 P   0.99844 0.00093 0.00063 0.00000 ( 1)
   5 G   0.99627 0.00252 0.00121 0.00000 ( 1)
   6 A   0.99882 0.00048 0.00070 0.00000 ( 1)
   7 G   0.99878 0.00024 0.00098 0.00000 ( 1)
   8 F   0.99924 0.00004 0.00072 0.00000 ( 1)
   9 V   0.82220 0.16974 0.00640 0.00166 ( 1)
  10 L   0.92960 0.06919 0.00110 0.00011 ( 1)
  11 G   0.99339 0.00001 0.00660 0.00000 ( 1)
  12 L   0.99888 0.00016 0.00096 0.00000 ( 1)
  13 V   0.75146 0.24095 0.00555 0.00203 ( 1)
  14 D   0.99907 0.00013 0.00080 0.00000 ( 1)
  15 I   0.81241 0.18660 0.00079 0.00021 ( 1)
  16 I   0.99912 0.00001 0.00088 0.00000 ( 1)
  17 W   0.99606 0.00204 0.00190 0.00000 ( 1)
  18 G   0.99803 0.00029 0.00168 0.00000 ( 1)
  19 I   0.98938 0.00990 0.00071 0.00001 ( 1)
  20 F   0.99153 0.00255 0.00589 0.00003 ( 1)
  21 G   0.99744 0.00040 0.00216 0.00000 ( 1)
  22 P   0.99025 0.00916 0.00058 0.00001 ( 1)
  23 S   0.99533 0.00207 0.00260 0.00001 ( 1)
  24 Q   0.99755 0.00175 0.00070 0.00000 ( 1)
  25 W   0.98484 0.01326 0.00188 0.00003 ( 1)
  26 -   0.90973 0.07849 0.01085 0.00094 ( 1)
  27 D   0.99772 0.00010 0.00218 0.00000 ( 1)
  28 A   0.98697 0.01215 0.00086 0.00001 ( 1)
  29 F   0.99928 0.00000 0.00072 0.00000 ( 1)
  30 L   0.99888 0.00015 0.00097 0.00000 ( 1)
  31 V   0.97339 0.02591 0.00069 0.00002 ( 1)
  32 Q   0.99516 0.00004 0.00481 0.00000 ( 1)
  33 I   0.99854 0.00001 0.00145 0.00000 ( 1)
  34 E   0.99559 0.00001 0.00440 0.00000 ( 1)
  35 Q   0.99636 0.00294 0.00070 0.00000 ( 1)
  36 L   0.99856 0.00017 0.00128 0.00000 ( 1)
  37 I   0.99913 0.00000 0.00087 0.00000 ( 1)
  38 N   0.79806 0.16829 0.03236 0.00130 ( 1)
  39 Q   0.99926 0.00004 0.00070 0.00000 ( 1)
  40 R   0.99945 0.00003 0.00052 0.00000 ( 1)
  41 I   0.99912 0.00000 0.00088 0.00000 ( 1)
  42 -   0.90973 0.07849 0.01085 0.00094 ( 1)
  43 E   0.99732 0.00006 0.00262 0.00000 ( 1)
  44 N   0.99915 0.00005 0.00080 0.00000 ( 1)
  45 S   0.96886 0.03040 0.00071 0.00003 ( 1)
  46 L   0.99900 0.00030 0.00070 0.00000 ( 1)
  47 G   0.99771 0.00129 0.00100 0.00000 ( 1)
  48 T   0.99848 0.00061 0.00091 0.00000 ( 1)
  49 K   0.95637 0.04287 0.00072 0.00004 ( 1)
  50 P   0.99897 0.00026 0.00077 0.00000 ( 1)
  51 F   0.99913 0.00001 0.00087 0.00000 ( 1)
  52 L   0.90973 0.07849 0.01085 0.00094 ( 1)
  53 D   0.90973 0.07849 0.01085 0.00094 ( 1)
  54 W   0.90973 0.07849 0.01085 0.00094 ( 1)
  55 K   0.78438 0.21504 0.00044 0.00014 ( 1)
  56 A   0.99227 0.00721 0.00052 0.00000 ( 1)
  57 K   0.99084 0.00817 0.00098 0.00001 ( 1)
  58 Q   0.99901 0.00016 0.00082 0.00000 ( 1)
  59 -   0.90973 0.07849 0.01085 0.00094 ( 1)
  60 S   0.99681 0.00247 0.00072 0.00000 ( 1)
  61 L   0.98807 0.01080 0.00112 0.00001 ( 1)
  62 S   0.21714 0.78160 0.00026 0.00099 ( 2)
  63 N   0.99902 0.00035 0.00064 0.00000 ( 1)
  64 L   0.99197 0.00329 0.00471 0.00003 ( 1)
  65 R   0.99862 0.00068 0.00070 0.00000 ( 1)
  66 R   0.02811 0.96793 0.00008 0.00388 ( 2)
  67 I   0.98093 0.00086 0.01821 0.00000 ( 1)
  68 -   0.99885 0.00045 0.00070 0.00000 ( 1)
  69 -   0.97675 0.02252 0.00071 0.00002 ( 1)
  70 -   0.40300 0.59588 0.00034 0.00077 ( 2)
  71 -   0.98499 0.01095 0.00400 0.00006 ( 1)
  72 F   0.99928 0.00000 0.00072 0.00000 ( 1)
  73 R   0.84494 0.15207 0.00252 0.00047 ( 1)
  74 E   0.38720 0.61073 0.00078 0.00130 ( 2)
  75 W   0.99606 0.00204 0.00190 0.00000 ( 1)
  76 E   0.99917 0.00000 0.00082 0.00000 ( 1)
  77 A   0.02752 0.07469 0.84069 0.05710 ( 3)
  78 D   0.99922 0.00002 0.00076 0.00000 ( 1)
  79 P   0.99765 0.00001 0.00234 0.00000 ( 1)
  80 T   0.99872 0.00048 0.00080 0.00000 ( 1)
  81 N   0.99936 0.00000 0.00064 0.00000 ( 1)
  82 P   0.99952 0.00001 0.00046 0.00000 ( 1)
  83 A   0.99919 0.00004 0.00078 0.00000 ( 1)
  84 L   0.99860 0.00008 0.00131 0.00000 ( 1)
  85 R   0.97520 0.02427 0.00052 0.00002 ( 1)
  86 E   0.99920 0.00001 0.00080 0.00000 ( 1)
  87 E   0.99858 0.00054 0.00088 0.00000 ( 1)
  88 M   0.99960 0.00005 0.00035 0.00000 ( 1)
  89 R   0.99956 0.00001 0.00043 0.00000 ( 1)
  90 I   0.99172 0.00145 0.00682 0.00001 ( 1)
  91 Q   0.99926 0.00004 0.00070 0.00000 ( 1)
  92 F   0.99926 0.00002 0.00072 0.00000 ( 1)
  93 N   0.99936 0.00001 0.00064 0.00000 ( 1)
  94 A   0.83214 0.16574 0.00169 0.00042 ( 1)
  95 R   0.99878 0.00087 0.00035 0.00000 ( 1)
  96 T   0.98632 0.01303 0.00064 0.00001 ( 1)
  97 S   0.99955 0.00001 0.00045 0.00000 ( 1)
  98 A   0.93586 0.06343 0.00065 0.00005 ( 1)
  99 L   0.99751 0.00008 0.00242 0.00000 ( 1)
 100 T   0.98878 0.01033 0.00088 0.00001 ( 1)
 101 T   0.94057 0.05764 0.00167 0.00012 ( 1)
 102 A   0.99923 0.00008 0.00070 0.00000 ( 1)
 103 I   0.99913 0.00000 0.00087 0.00000 ( 1)
 104 P   0.99946 0.00008 0.00047 0.00000 ( 1)
 105 L   0.99936 0.00002 0.00062 0.00000 ( 1)
 106 F   0.97035 0.02848 0.00113 0.00003 ( 1)
 107 A   0.88243 0.11704 0.00046 0.00007 ( 1)
 108 V   0.99890 0.00001 0.00110 0.00000 ( 1)
 109 Q   0.99865 0.00077 0.00059 0.00000 ( 1)
 110 N   0.99884 0.00052 0.00064 0.00000 ( 1)
 111 Y   0.99928 0.00002 0.00070 0.00000 ( 1)
 112 Q   0.97043 0.02876 0.00078 0.00003 ( 1)
 113 V   0.99770 0.00004 0.00226 0.00000 ( 1)
 114 P   0.99792 0.00138 0.00070 0.00000 ( 1)
 115 L   0.99922 0.00016 0.00062 0.00000 ( 1)
 116 L   0.99892 0.00012 0.00096 0.00000 ( 1)
 117 S   0.99241 0.00685 0.00074 0.00001 ( 1)
 118 V   0.99882 0.00001 0.00117 0.00000 ( 1)
 119 Y   0.99928 0.00002 0.00070 0.00000 ( 1)
 120 V   0.99889 0.00002 0.00110 0.00000 ( 1)
 121 Q   0.99616 0.00220 0.00164 0.00000 ( 1)
 122 A   0.99910 0.00010 0.00080 0.00000 ( 1)
 123 A   0.99821 0.00102 0.00077 0.00000 ( 1)
 124 N   0.99912 0.00022 0.00066 0.00000 ( 1)
 125 L   0.99806 0.00098 0.00096 0.00000 ( 1)
 126 M   0.99601 0.00261 0.00138 0.00000 ( 1)
 127 F   0.94447 0.05432 0.00114 0.00007 ( 1)
 128 S   0.99930 0.00014 0.00056 0.00000 ( 1)
 129 T   0.85994 0.13820 0.00158 0.00028 ( 1)
 130 -   0.86743 0.13158 0.00084 0.00014 ( 1)
 131 -   0.99801 0.00146 0.00053 0.00000 ( 1)
 132 -   0.99921 0.00003 0.00076 0.00000 ( 1)
 133 -   0.99860 0.00030 0.00110 0.00000 ( 1)
 134 -   0.23160 0.76742 0.00021 0.00077 ( 2)
 135 -   0.99034 0.00855 0.00110 0.00001 ( 1)
 136 -   0.99167 0.00289 0.00541 0.00002 ( 1)
 137 -   0.99930 0.00004 0.00067 0.00000 ( 1)
 138 -   0.95248 0.04587 0.00157 0.00008 ( 1)
 139 -   0.43800 0.55955 0.00115 0.00130 ( 2)
 140 -   0.60309 0.39498 0.00115 0.00078 ( 1)
 141 -   0.99780 0.00003 0.00218 0.00000 ( 1)
 142 -   0.90973 0.07849 0.01085 0.00094 ( 1)
 143 -   0.90973 0.07849 0.01085 0.00094 ( 1)
 144 -   0.90973 0.07849 0.01085 0.00094 ( 1)
 145 -   0.90973 0.07849 0.01085 0.00094 ( 1)
 146 -   0.90973 0.07849 0.01085 0.00094 ( 1)
 147 -   0.90973 0.07849 0.01085 0.00094 ( 1)
 148 -   0.90973 0.07849 0.01085 0.00094 ( 1)
 149 -   0.90973 0.07849 0.01085 0.00094 ( 1)
 150 -   0.99912 0.00015 0.00073 0.00000 ( 1)
 151 -   0.99770 0.00091 0.00139 0.00000 ( 1)
 152 -   0.90973 0.07849 0.01085 0.00094 ( 1)
 153 -   0.03995 0.95919 0.00003 0.00083 ( 2)
 154 -   0.75903 0.23920 0.00133 0.00044 ( 1)
 155 -   0.99931 0.00011 0.00058 0.00000 ( 1)
 156 -   0.83660 0.16011 0.00276 0.00052 ( 1)
 157 -   0.99932 0.00004 0.00064 0.00000 ( 1)
 158 -   0.01343 0.04170 0.90433 0.04054 ( 3)
 159 -   0.96164 0.03792 0.00042 0.00002 ( 1)
 160 -   0.99823 0.00107 0.00070 0.00000 ( 1)
 161 -   0.99851 0.00027 0.00122 0.00000 ( 1)
 162 -   0.99918 0.00006 0.00076 0.00000 ( 1)
 163 -   0.99869 0.00023 0.00108 0.00000 ( 1)
 164 -   0.99939 0.00003 0.00058 0.00000 ( 1)
 165 -   0.92795 0.07104 0.00093 0.00008 ( 1)
 166 -   0.99452 0.00486 0.00062 0.00000 ( 1)
 167 -   0.99913 0.00000 0.00087 0.00000 ( 1)
 168 -   0.26521 0.73421 0.00013 0.00045 ( 2)
 169 -   0.10381 0.89466 0.00012 0.00142 ( 2)
 170 -   0.99924 0.00006 0.00070 0.00000 ( 1)
 171 -   0.99941 0.00001 0.00058 0.00000 ( 1)
 172 -   0.99917 0.00001 0.00082 0.00000 ( 1)
 173 -   0.99913 0.00038 0.00048 0.00000 ( 1)
 174 -   0.97878 0.02070 0.00050 0.00001 ( 1)
 175 -   0.99788 0.00033 0.00180 0.00000 ( 1)
 176 -   0.41560 0.58338 0.00033 0.00069 ( 2)
 177 -   0.88118 0.11719 0.00143 0.00020 ( 1)
 178 -   0.99855 0.00074 0.00070 0.00000 ( 1)
 179 -   0.99936 0.00000 0.00064 0.00000 ( 1)
 180 -   0.47933 0.51919 0.00060 0.00088 ( 2)
 181 -   0.99312 0.00003 0.00685 0.00000 ( 1)
 182 -   0.98943 0.00015 0.01042 0.00000 ( 1)
 183 -   0.40118 0.59725 0.00059 0.00097 ( 2)
 184 -   0.99463 0.00386 0.00150 0.00001 ( 1)
 185 -   0.99871 0.00030 0.00099 0.00000 ( 1)
 186 -   0.12048 0.87852 0.00011 0.00089 ( 2)
 187 -   0.99741 0.00188 0.00071 0.00000 ( 1)
 188 -   0.02613 0.97296 0.00002 0.00089 ( 2)
 189 -   0.81712 0.18158 0.00103 0.00026 ( 1)
 190 -   0.50713 0.49145 0.00070 0.00072 ( 1)
 191 -   0.74078 0.24744 0.00883 0.00295 ( 1)
 192 -   0.96597 0.03237 0.00160 0.00006 ( 1)
 193 -   0.96876 0.03045 0.00076 0.00003 ( 1)
 194 -   0.99504 0.00306 0.00189 0.00001 ( 1)
 195 -   0.98240 0.01644 0.00113 0.00003 ( 1)
 196 -   0.99561 0.00319 0.00119 0.00001 ( 1)
 197 -   0.99884 0.00046 0.00071 0.00000 ( 1)
 198 -   0.99935 0.00001 0.00064 0.00000 ( 1)
 199 -   0.94755 0.04939 0.00290 0.00016 ( 1)
 200 -   0.99925 0.00000 0.00074 0.00000 ( 1)
 201 -   0.99877 0.00006 0.00118 0.00000 ( 1)
 202 -   0.99947 0.00001 0.00052 0.00000 ( 1)
 203 -   0.99515 0.00239 0.00246 0.00001 ( 1)
 204 -   0.99724 0.00176 0.00099 0.00000 ( 1)
 205 -   0.99935 0.00001 0.00064 0.00000 ( 1)
 206 -   0.99894 0.00019 0.00087 0.00000 ( 1)
 207 -   0.80020 0.00071 0.19907 0.00003 ( 1)
 208 -   0.99881 0.00002 0.00117 0.00000 ( 1)
 209 -   0.99465 0.00016 0.00519 0.00000 ( 1)
 210 -   0.99924 0.00000 0.00076 0.00000 ( 1)
 211 -   0.99907 0.00006 0.00087 0.00000 ( 1)
 212 -   0.99879 0.00023 0.00098 0.00000 ( 1)
 213 -   0.99017 0.00913 0.00070 0.00001 ( 1)
 214 -   0.99890 0.00038 0.00072 0.00000 ( 1)
 215 -   0.99871 0.00017 0.00111 0.00000 ( 1)
 216 -   0.10202 0.89727 0.00006 0.00064 ( 2)
 217 -   0.99935 0.00001 0.00064 0.00000 ( 1)


lnL = -4535.202022

Bayes Empirical Bayes (BEB) probabilities for 4 classes (class)
(amino acids refer to 1st sequence: BT_Cry1A-like)

   1 E   0.97210 0.00126 0.02661 0.00004 ( 1)
   2 F   0.97235 0.00000 0.02764 0.00000 ( 1)
   3 V   0.96898 0.00075 0.03024 0.00002 ( 1)
   4 P   0.96462 0.00118 0.03416 0.00004 ( 1)
   5 G   0.96424 0.00340 0.03225 0.00011 ( 1)
   6 A   0.96736 0.00062 0.03200 0.00002 ( 1)
   7 G   0.96700 0.00029 0.03270 0.00001 ( 1)
   8 F   0.97231 0.00005 0.02764 0.00000 ( 1)
   9 V   0.74286 0.22238 0.02614 0.00862 ( 1)
  10 L   0.87695 0.09235 0.02769 0.00301 ( 1)
  11 G   0.96089 0.00001 0.03910 0.00000 ( 1)
  12 L   0.96427 0.00019 0.03554 0.00001 ( 1)
  13 V   0.64661 0.31201 0.02803 0.01336 ( 1)
  14 D   0.97080 0.00017 0.02902 0.00001 ( 1)
  15 I   0.71742 0.24631 0.02719 0.00908 ( 1)
  16 I   0.97156 0.00001 0.02843 0.00000 ( 1)
  17 W   0.95366 0.00250 0.04374 0.00011 ( 1)
  18 G   0.95733 0.00036 0.04230 0.00001 ( 1)
  19 I   0.95832 0.01397 0.02730 0.00041 ( 1)
  20 F   0.94479 0.00338 0.05161 0.00022 ( 1)
  21 G   0.96391 0.00052 0.03555 0.00002 ( 1)
  22 P   0.95453 0.01218 0.03288 0.00042 ( 1)
  23 S   0.95235 0.00269 0.04484 0.00012 ( 1)
  24 Q   0.96249 0.00230 0.03514 0.00008 ( 1)
  25 W   0.93914 0.01699 0.04314 0.00072 ( 1)
  26 -   0.85073 0.09579 0.04856 0.00491 ( 1)
  27 D   0.96551 0.00012 0.03436 0.00001 ( 1)
  28 A   0.95502 0.01719 0.02728 0.00051 ( 1)
  29 F   0.97236 0.00000 0.02764 0.00000 ( 1)
  30 L   0.96427 0.00018 0.03554 0.00001 ( 1)
  31 V   0.93467 0.03662 0.02760 0.00110 ( 1)
  32 Q   0.95722 0.00004 0.04274 0.00000 ( 1)
  33 I   0.97179 0.00001 0.02820 0.00000 ( 1)
  34 E   0.96419 0.00001 0.03580 0.00000 ( 1)
  35 Q   0.96103 0.00375 0.03509 0.00013 ( 1)
  36 L   0.95859 0.00020 0.04120 0.00001 ( 1)
  37 I   0.97230 0.00000 0.02770 0.00000 ( 1)
  38 N   0.58267 0.18396 0.22051 0.01286 ( 1)
  39 Q   0.96474 0.00005 0.03521 0.00000 ( 1)
  40 R   0.96823 0.00004 0.03174 0.00000 ( 1)
  41 I   0.97157 0.00000 0.02843 0.00000 ( 1)
  42 -   0.85073 0.09579 0.04856 0.00491 ( 1)
  43 E   0.96209 0.00007 0.03784 0.00000 ( 1)
  44 N   0.97092 0.00007 0.02901 0.00000 ( 1)
  45 S   0.93026 0.04191 0.02660 0.00123 ( 1)
  46 L   0.97106 0.00040 0.02853 0.00001 ( 1)
  47 G   0.95807 0.00163 0.04024 0.00006 ( 1)
  48 T   0.96007 0.00077 0.03913 0.00003 ( 1)
  49 K   0.90617 0.05839 0.03337 0.00207 ( 1)
  50 P   0.96938 0.00032 0.03028 0.00001 ( 1)
  51 F   0.97230 0.00001 0.02769 0.00000 ( 1)
  52 L   0.85073 0.09579 0.04856 0.00491 ( 1)
  53 D   0.85073 0.09579 0.04856 0.00491 ( 1)
  54 W   0.85073 0.09579 0.04856 0.00491 ( 1)
  55 K   0.68778 0.28010 0.02285 0.00927 ( 1)
  56 A   0.95800 0.01023 0.03144 0.00033 ( 1)
  57 K   0.95361 0.01078 0.03522 0.00038 ( 1)
  58 Q   0.97072 0.00021 0.02906 0.00001 ( 1)
  59 -   0.85073 0.09579 0.04856 0.00491 ( 1)
  60 S   0.96468 0.00325 0.03197 0.00011 ( 1)
  61 L   0.94981 0.01448 0.03519 0.00052 ( 1)
  62 S   0.16561 0.79149 0.00760 0.03529 ( 2)
  63 N   0.97296 0.00046 0.02656 0.00001 ( 1)
  64 L   0.95525 0.00444 0.04010 0.00021 ( 1)
  65 R   0.96828 0.00088 0.03081 0.00003 ( 1)
  66 R   0.01966 0.94238 0.00071 0.03724 ( 2)
  67 I   0.86353 0.00105 0.13537 0.00005 ( 1)
  68 -   0.96861 0.00055 0.03083 0.00002 ( 1)
  69 -   0.93658 0.03177 0.03061 0.00104 ( 1)
  70 -   0.30771 0.65915 0.00991 0.02322 ( 2)
  71 -   0.93764 0.01479 0.04686 0.00071 ( 1)
  72 F   0.97236 0.00000 0.02764 0.00000 ( 1)
  73 R   0.75554 0.19836 0.03711 0.00899 ( 1)
  74 E   0.29839 0.65793 0.01404 0.02965 ( 2)
  75 W   0.95366 0.00250 0.04374 0.00011 ( 1)
  76 E   0.97093 0.00000 0.02907 0.00000 ( 1)
  77 A   0.06237 0.27497 0.58342 0.07924 ( 3)
  78 D   0.97379 0.00002 0.02619 0.00000 ( 1)
  79 P   0.95547 0.00001 0.04452 0.00000 ( 1)
  80 T   0.96723 0.00065 0.03211 0.00002 ( 1)
  81 N   0.97342 0.00000 0.02657 0.00000 ( 1)
  82 P   0.96752 0.00002 0.03246 0.00000 ( 1)
  83 A   0.96966 0.00004 0.03029 0.00000 ( 1)
  84 L   0.95868 0.00010 0.04122 0.00000 ( 1)
  85 R   0.93385 0.03428 0.03075 0.00111 ( 1)
  86 E   0.97098 0.00001 0.02901 0.00000 ( 1)
  87 E   0.96171 0.00068 0.03758 0.00003 ( 1)
  88 M   0.96952 0.00006 0.03042 0.00000 ( 1)
  89 R   0.96687 0.00001 0.03312 0.00000 ( 1)
  90 I   0.95451 0.00194 0.04346 0.00008 ( 1)
  91 Q   0.96474 0.00005 0.03521 0.00000 ( 1)
  92 F   0.97233 0.00002 0.02765 0.00000 ( 1)
  93 N   0.97342 0.00001 0.02657 0.00000 ( 1)
  94 A   0.74536 0.21347 0.03229 0.00888 ( 1)
  95 R   0.96840 0.00117 0.03039 0.00004 ( 1)
  96 T   0.95535 0.01798 0.02616 0.00051 ( 1)
  97 S   0.97186 0.00001 0.02813 0.00000 ( 1)
  98 A   0.88282 0.08830 0.02621 0.00267 ( 1)
  99 L   0.95535 0.00009 0.04456 0.00000 ( 1)
 100 T   0.95679 0.01468 0.02809 0.00045 ( 1)
 101 T   0.88425 0.07782 0.03494 0.00299 ( 1)
 102 A   0.97137 0.00010 0.02853 0.00000 ( 1)
 103 I   0.97230 0.00000 0.02769 0.00000 ( 1)
 104 P   0.96744 0.00010 0.03246 0.00000 ( 1)
 105 L   0.96990 0.00003 0.03007 0.00000 ( 1)
 106 F   0.92193 0.04114 0.03544 0.00150 ( 1)
 107 A   0.80569 0.16202 0.02693 0.00536 ( 1)
 108 V   0.97137 0.00001 0.02862 0.00000 ( 1)
 109 Q   0.96529 0.00097 0.03370 0.00003 ( 1)
 110 N   0.97272 0.00070 0.02656 0.00002 ( 1)
 111 Y   0.96914 0.00002 0.03083 0.00000 ( 1)
 112 Q   0.93007 0.04073 0.02795 0.00126 ( 1)
 113 V   0.96036 0.00005 0.03959 0.00000 ( 1)
 114 P   0.96961 0.00184 0.02850 0.00006 ( 1)
 115 L   0.96974 0.00019 0.03006 0.00001 ( 1)
 116 L   0.96432 0.00014 0.03553 0.00000 ( 1)
 117 S   0.95885 0.00912 0.03173 0.00030 ( 1)
 118 V   0.97135 0.00001 0.02865 0.00000 ( 1)
 119 Y   0.96914 0.00002 0.03083 0.00000 ( 1)
 120 V   0.97136 0.00002 0.02862 0.00000 ( 1)
 121 Q   0.95416 0.00288 0.04285 0.00012 ( 1)
 122 A   0.96955 0.00013 0.03031 0.00000 ( 1)
 123 A   0.96832 0.00138 0.03025 0.00004 ( 1)
 124 N   0.97308 0.00029 0.02662 0.00001 ( 1)
 125 L   0.96322 0.00123 0.03550 0.00004 ( 1)
 126 M   0.95463 0.00348 0.04175 0.00014 ( 1)
 127 F   0.88960 0.07289 0.03478 0.00272 ( 1)
 128 S   0.96865 0.00017 0.03117 0.00001 ( 1)
 129 T   0.77138 0.18673 0.03411 0.00779 ( 1)
 130 -   0.79369 0.17027 0.02983 0.00620 ( 1)
 131 -   0.96633 0.00191 0.03170 0.00006 ( 1)
 132 -   0.97378 0.00003 0.02619 0.00000 ( 1)
 133 -   0.97099 0.00039 0.02861 0.00001 ( 1)
 134 -   0.17429 0.78688 0.00705 0.03178 ( 2)
 135 -   0.95995 0.01138 0.02832 0.00035 ( 1)
 136 -   0.95758 0.00391 0.03834 0.00016 ( 1)
 137 -   0.97091 0.00004 0.02904 0.00000 ( 1)
 138 -   0.89501 0.06193 0.04046 0.00260 ( 1)
 139 -   0.36011 0.59839 0.01586 0.02564 ( 2)
 140 -   0.50414 0.45134 0.02419 0.02032 ( 1)
 141 -   0.95602 0.00003 0.04395 0.00000 ( 1)
 142 -   0.85073 0.09579 0.04856 0.00491 ( 1)
 143 -   0.85073 0.09579 0.04856 0.00491 ( 1)
 144 -   0.85073 0.09579 0.04856 0.00491 ( 1)
 145 -   0.85073 0.09579 0.04856 0.00491 ( 1)
 146 -   0.85073 0.09579 0.04856 0.00491 ( 1)
 147 -   0.85073 0.09579 0.04856 0.00491 ( 1)
 148 -   0.85073 0.09579 0.04856 0.00491 ( 1)
 149 -   0.85073 0.09579 0.04856 0.00491 ( 1)
 150 -   0.97212 0.00019 0.02769 0.00001 ( 1)
 151 -   0.97109 0.00122 0.02765 0.00004 ( 1)
 152 -   0.85073 0.09579 0.04856 0.00491 ( 1)
 153 -   0.02828 0.93411 0.00108 0.03653 ( 2)
 154 -   0.65854 0.29897 0.02978 0.01270 ( 1)
 155 -   0.97057 0.00013 0.02930 0.00000 ( 1)
 156 -   0.75117 0.20347 0.03631 0.00904 ( 1)
 157 -   0.97338 0.00005 0.02657 0.00000 ( 1)
 158 -   0.02800 0.14636 0.76645 0.05918 ( 3)
 159 -   0.91515 0.05157 0.03155 0.00173 ( 1)
 160 -   0.96776 0.00140 0.03080 0.00004 ( 1)
 161 -   0.95830 0.00035 0.04133 0.00001 ( 1)
 162 -   0.97374 0.00007 0.02619 0.00000 ( 1)
 163 -   0.96408 0.00027 0.03564 0.00001 ( 1)
 164 -   0.97066 0.00004 0.02930 0.00000 ( 1)
 165 -   0.86451 0.09500 0.03670 0.00379 ( 1)
 166 -   0.96325 0.00666 0.02988 0.00021 ( 1)
 167 -   0.97230 0.00000 0.02769 0.00000 ( 1)
 168 -   0.20233 0.76533 0.00649 0.02585 ( 2)
 169 -   0.07630 0.89004 0.00240 0.03126 ( 2)
 170 -   0.96909 0.00007 0.03083 0.00000 ( 1)
 171 -   0.97069 0.00001 0.02930 0.00000 ( 1)
 172 -   0.97345 0.00001 0.02653 0.00000 ( 1)
 173 -   0.97028 0.00050 0.02921 0.00002 ( 1)
 174 -   0.93936 0.02924 0.03047 0.00094 ( 1)
 175 -   0.95806 0.00041 0.04152 0.00002 ( 1)
 176 -   0.33370 0.63643 0.00957 0.02031 ( 2)
 177 -   0.80823 0.14899 0.03650 0.00627 ( 1)
 178 -   0.96824 0.00091 0.03082 0.00003 ( 1)
 179 -   0.97342 0.00000 0.02657 0.00000 ( 1)
 180 -   0.38870 0.57941 0.01228 0.01962 ( 2)
 181 -   0.96678 0.00003 0.03319 0.00000 ( 1)
 182 -   0.95678 0.00018 0.04304 0.00001 ( 1)
 183 -   0.30591 0.65343 0.01307 0.02759 ( 2)
 184 -   0.96374 0.00512 0.03098 0.00017 ( 1)
 185 -   0.96405 0.00037 0.03557 0.00001 ( 1)
 186 -   0.08901 0.87104 0.00370 0.03625 ( 2)
 187 -   0.96550 0.00247 0.03196 0.00008 ( 1)
 188 -   0.01844 0.94578 0.00065 0.03513 ( 2)
 189 -   0.72029 0.23867 0.03122 0.00982 ( 1)
 190 -   0.41004 0.54753 0.01863 0.02381 ( 2)
 191 -   0.65756 0.28896 0.03828 0.01520 ( 1)
 192 -   0.91664 0.04391 0.03775 0.00170 ( 1)
 193 -   0.93021 0.04330 0.02524 0.00125 ( 1)
 194 -   0.95239 0.00376 0.04368 0.00016 ( 1)
 195 -   0.94780 0.02319 0.02828 0.00074 ( 1)
 196 -   0.96536 0.00423 0.03027 0.00014 ( 1)
 197 -   0.96856 0.00059 0.03083 0.00002 ( 1)
 198 -   0.97342 0.00001 0.02657 0.00000 ( 1)
 199 -   0.88899 0.06472 0.04340 0.00290 ( 1)
 200 -   0.97230 0.00000 0.02770 0.00000 ( 1)
 201 -   0.95959 0.00007 0.04034 0.00000 ( 1)
 202 -   0.96825 0.00002 0.03174 0.00000 ( 1)
 203 -   0.95312 0.00311 0.04363 0.00014 ( 1)
 204 -   0.96218 0.00223 0.03551 0.00008 ( 1)
 205 -   0.96893 0.00001 0.03106 0.00000 ( 1)
 206 -   0.97206 0.00024 0.02770 0.00001 ( 1)
 207 -   0.52078 0.00064 0.47850 0.00008 ( 1)
 208 -   0.96973 0.00002 0.03025 0.00000 ( 1)
 209 -   0.95705 0.00019 0.04275 0.00001 ( 1)
 210 -   0.97381 0.00000 0.02619 0.00000 ( 1)
 211 -   0.97223 0.00007 0.02769 0.00000 ( 1)
 212 -   0.97105 0.00029 0.02865 0.00001 ( 1)
 213 -   0.95883 0.01258 0.02822 0.00038 ( 1)
 214 -   0.97188 0.00047 0.02763 0.00001 ( 1)
 215 -   0.96002 0.00021 0.03977 0.00001 ( 1)
 216 -   0.07741 0.88561 0.00291 0.03406 ( 2)
 217 -   0.97342 0.00001 0.02657 0.00000 ( 1)

