Supplemental results for CODEML (seqf: algn  treef: tree)


dN/dS (w) for site classes (K=4)

site class             0        1       2a       2b
proportion       0.14930  0.04724  0.61035  0.19311
background w     0.09651  1.88964  0.09651  1.88964
foreground w     0.09651  1.88964  0.26542  0.26542

Naive Empirical Bayes (NEB) probabilities for 4 classes
(amino acids refer to 1st sequence: BT_Cry30Aa1)

   1 -   0.15338 0.03887 0.61361 0.19414 ( 3)
   2 -   0.14976 0.04622 0.61078 0.19324 ( 3)
   3 -   0.15309 0.03943 0.61341 0.19407 ( 3)
   4 -   0.15314 0.03925 0.61350 0.19410 ( 3)
   5 R   0.04357 0.12178 0.17279 0.66187 ( 4)
   6 I   0.08107 0.00728 0.90343 0.00821 ( 3)
   7 T   0.20028 0.00058 0.79603 0.00311 ( 3)
   8 Q   0.19388 0.00433 0.78151 0.02027 ( 3)
   9 I   0.08316 0.00498 0.90156 0.01030 ( 3)
  10 P   0.19749 0.00171 0.79242 0.00837 ( 3)
  11 A   0.20026 0.00050 0.79658 0.00266 ( 3)
  12 V   0.19999 0.00053 0.79673 0.00275 ( 3)
  13 K   0.20030 0.00055 0.79622 0.00292 ( 3)
  14 A   0.18295 0.01412 0.73327 0.06967 ( 3)
  15 Y   0.00062 0.15568 0.00247 0.84122 ( 4)
  16 S   0.00011 0.17752 0.00043 0.82194 ( 4)
  17 L   0.17645 0.01982 0.71193 0.09181 ( 3)
  18 T   0.05301 0.11397 0.21012 0.62290 ( 4)
  19 S   0.13855 0.04978 0.55200 0.25967 ( 3)
  20 P   0.19720 0.00196 0.79127 0.00957 ( 3)
  21 A   0.20026 0.00050 0.79658 0.00266 ( 3)
  22 R   0.18802 0.01014 0.74846 0.05338 ( 3)
  23 V   0.19986 0.00063 0.79620 0.00331 ( 3)
  24 I   0.20085 0.00042 0.79646 0.00227 ( 3)
  25 V   0.00263 0.15696 0.01045 0.82996 ( 4)
  26 G   0.19677 0.00268 0.78703 0.01351 ( 3)
  27 P   0.19458 0.00245 0.79261 0.01036 ( 3)
  28 G   0.19752 0.00157 0.79330 0.00760 ( 3)
  29 H   0.19811 0.00141 0.79345 0.00702 ( 3)
  30 T   0.20028 0.00058 0.79603 0.00311 ( 3)
  31 G   0.19779 0.00159 0.79276 0.00786 ( 3)
  32 G   0.19778 0.00160 0.79273 0.00789 ( 3)
  33 D   0.20037 0.00055 0.79615 0.00294 ( 3)
  34 L   0.19268 0.00531 0.77742 0.02459 ( 3)
  35 V   0.20025 0.00050 0.79658 0.00267 ( 3)
  36 A   0.20026 0.00050 0.79658 0.00266 ( 3)
  37 L   0.19770 0.00166 0.79246 0.00818 ( 3)
  38 L   0.19214 0.00581 0.77504 0.02701 ( 3)
  39 N   0.18655 0.01056 0.75582 0.04706 ( 3)
  40 S   0.00019 0.15509 0.00076 0.84397 ( 4)
  41 G   0.00331 0.16293 0.01326 0.82050 ( 4)
  42 T   0.05921 0.11019 0.23498 0.59562 ( 4)
  43 Q   0.13096 0.06008 0.52789 0.28106 ( 3)
  44 S   0.00373 0.18606 0.01518 0.79502 ( 4)
  45 G   0.19870 0.00109 0.79471 0.00550 ( 3)
  46 T   0.00301 0.15599 0.01198 0.82902 ( 4)
  47 M   0.19879 0.00100 0.79515 0.00505 ( 3)
  48 Q   0.13249 0.05873 0.53405 0.27473 ( 3)
  49 I   0.18218 0.01454 0.74053 0.06275 ( 3)
  50 Q   0.13577 0.05583 0.54725 0.26115 ( 3)
  51 C   0.19566 0.00299 0.78711 0.01424 ( 3)
  52 K   0.20030 0.00055 0.79622 0.00292 ( 3)
  53 T   0.20028 0.00058 0.79603 0.00311 ( 3)
  54 G   0.19870 0.00109 0.79471 0.00550 ( 3)
  55 S   0.18605 0.01093 0.75519 0.04783 ( 3)
  56 F   0.17409 0.02148 0.69639 0.10804 ( 3)
  57 T   0.20067 0.00047 0.79630 0.00256 ( 3)
  58 G   0.15374 0.03768 0.61270 0.19587 ( 3)
  59 P   0.03107 0.13231 0.12330 0.71332 ( 4)
  60 S   0.16820 0.02806 0.68531 0.11844 ( 3)
  61 R   0.20010 0.00053 0.79656 0.00281 ( 3)
  62 Q   0.07723 0.10648 0.31081 0.50548 ( 4)
  63 Y   0.19702 0.00210 0.79066 0.01022 ( 3)
  64 G   0.19870 0.00109 0.79471 0.00550 ( 3)
  65 L   0.17545 0.01999 0.69575 0.10880 ( 3)
  66 R   0.16479 0.03146 0.67189 0.13187 ( 3)
  67 M   0.17979 0.01674 0.71916 0.08431 ( 3)
  68 R   0.19494 0.00356 0.78457 0.01692 ( 3)
  69 Y   0.19714 0.00201 0.79104 0.00981 ( 3)
  70 A   0.20026 0.00050 0.79658 0.00266 ( 3)
  71 A   0.19987 0.00063 0.79620 0.00330 ( 3)
  72 N   0.20102 0.00035 0.79672 0.00191 ( 3)
  73 S   0.19123 0.00785 0.75794 0.04297 ( 3)
  74 A   0.04763 0.12250 0.18975 0.64012 ( 4)
  75 F   0.17239 0.02289 0.68961 0.11510 ( 3)
  76 T   0.20028 0.00058 0.79603 0.00311 ( 3)
  77 V   0.17488 0.02152 0.71138 0.09222 ( 3)
  78 S   0.19237 0.00690 0.76333 0.03741 ( 3)
  79 L   0.19266 0.00535 0.77714 0.02485 ( 3)
  80 S   0.19464 0.00389 0.78294 0.01853 ( 3)
  81 Y   0.19635 0.00269 0.78785 0.01311 ( 3)
  82 T   0.06313 0.10841 0.25090 0.57756 ( 4)
  83 L   0.12414 0.06657 0.50089 0.30840 ( 3)
  84 L   0.00002 0.19011 0.00007 0.80981 ( 4)
  85 -   0.19182 0.00678 0.76727 0.03413 ( 3)
  86 G   0.17763 0.01889 0.72330 0.08018 ( 3)
  87 Q   0.00454 0.15104 0.01798 0.82644 ( 4)
  88 T   0.17202 0.02341 0.69024 0.11433 ( 3)
  89 R   0.00000 0.15527 0.00001 0.84472 ( 4)
  90 G   0.17792 0.01830 0.71162 0.09216 ( 3)
  91 T   0.07146 0.08410 0.78244 0.06201 ( 3)
  92 S   0.17286 0.02214 0.68704 0.11796 ( 3)
  93 F   0.19861 0.00115 0.79448 0.00577 ( 3)
  94 V   0.00004 0.81128 0.00116 0.18752 ( 2)
  95 T   0.19955 0.00116 0.79313 0.00616 ( 3)
  96 E   0.19940 0.00096 0.79465 0.00499 ( 3)
  97 N   0.02799 0.14952 0.11266 0.70983 ( 4)
  98 T   0.20028 0.00058 0.79603 0.00311 ( 3)
  99 F   0.19861 0.00115 0.79448 0.00577 ( 3)
 100 S   0.02089 0.15519 0.08402 0.73990 ( 4)
 101 R   0.20010 0.00053 0.79656 0.00281 ( 3)
 102 S   0.00145 0.15514 0.00576 0.83764 ( 4)
 103 N   0.20102 0.00035 0.79672 0.00191 ( 3)
 104 N   0.20102 0.00035 0.79672 0.00191 ( 3)
 105 I   0.19056 0.00835 0.75566 0.04543 ( 3)
 106 I   0.20085 0.00041 0.79649 0.00224 ( 3)
 107 P   0.19717 0.00199 0.79114 0.00971 ( 3)
 108 T   0.19926 0.00138 0.79197 0.00738 ( 3)
 109 D   0.20055 0.00040 0.79688 0.00216 ( 3)
 110 L   0.19232 0.00563 0.77599 0.02607 ( 3)
 111 K   0.20030 0.00055 0.79622 0.00292 ( 3)
 112 Y   0.16725 0.02900 0.68158 0.12217 ( 3)
 113 E   0.18218 0.01457 0.73945 0.06380 ( 3)
 114 E   0.18218 0.01457 0.73945 0.06380 ( 3)
 115 F   0.19861 0.00115 0.79448 0.00577 ( 3)
 116 K   0.20030 0.00055 0.79622 0.00292 ( 3)
 117 Y   0.19714 0.00201 0.79104 0.00981 ( 3)
 118 K   0.20030 0.00055 0.79622 0.00292 ( 3)
 119 D   0.14499 0.04899 0.58692 0.21910 ( 3)
 120 Y   0.19714 0.00201 0.79104 0.00981 ( 3)
 121 L   0.00001 0.17420 0.00005 0.82574 ( 4)
 122 Q   0.19388 0.00433 0.78151 0.02027 ( 3)
 123 I   0.20085 0.00042 0.79646 0.00227 ( 3)
 124 I   0.20085 0.00042 0.79646 0.00227 ( 3)
 125 T   0.20028 0.00058 0.79603 0.00311 ( 3)
 126 M   0.17635 0.01959 0.70536 0.09870 ( 3)
 127 T   0.08297 0.00404 0.91006 0.00293 ( 3)
 128 L   0.00081 0.17265 0.00325 0.82329 ( 4)
 129 P   0.19741 0.00191 0.79126 0.00942 ( 3)
 130 A   0.01927 0.15905 0.07768 0.74400 ( 4)
 131 N   0.20102 0.00035 0.79672 0.00191 ( 3)
 132 T   0.20028 0.00058 0.79603 0.00311 ( 3)
 133 I   0.20085 0.00041 0.79649 0.00224 ( 3)
 134 I   0.18185 0.01505 0.72447 0.07862 ( 3)
 135 T   0.20067 0.00047 0.79630 0.00256 ( 3)
 136 I   0.20085 0.00041 0.79649 0.00224 ( 3)
 137 S   0.00057 0.56907 0.00629 0.42407 ( 2)
 138 M   0.07655 0.09938 0.30470 0.51937 ( 4)
 139 Q   0.00003 0.18253 0.00012 0.81732 ( 4)
 140 Q   0.19388 0.00433 0.78151 0.02027 ( 3)
 141 A   0.00035 0.17687 0.00141 0.82137 ( 4)
 142 T   0.00027 0.15438 0.00106 0.84429 ( 4)
 143 G   0.00015 0.19106 0.00063 0.80816 ( 4)
 144 L   0.00000 0.16856 0.00000 0.83144 ( 4)
 145 L   0.00020 0.17324 0.00080 0.82577 ( 4)
 146 N   0.20102 0.00035 0.79672 0.00191 ( 3)
 147 N   0.00675 0.15213 0.02681 0.81432 ( 4)
 148 Q   0.19388 0.00433 0.78151 0.02027 ( 3)
 149 L   0.19268 0.00531 0.77742 0.02459 ( 3)
 150 I   0.20085 0.00042 0.79646 0.00227 ( 3)
 151 I   0.20085 0.00042 0.79646 0.00227 ( 3)
 152 D   0.18742 0.00963 0.76081 0.04214 ( 3)
 153 R   0.19988 0.00070 0.79570 0.00371 ( 3)
 154 I   0.18709 0.01102 0.74190 0.05999 ( 3)
 155 E   0.19976 0.00067 0.79609 0.00348 ( 3)
 156 F   0.16551 0.02860 0.66208 0.14382 ( 3)
 157 Y   0.03282 0.13047 0.13018 0.70654 ( 4)
 158 P   0.19361 0.00293 0.79147 0.01199 ( 3)


lnL = -1525.309265

