Supplemental results for CODEML (seqf: algn  treef: tree)


dN/dS (w) for site classes (K=4)

site class             0        1       2a       2b
proportion       0.31235  0.40030  0.12594  0.16140
background w     0.07975  1.00000  0.07975  1.00000
foreground w     0.07975  1.00000  5.97246  5.97246

Naive Empirical Bayes (NEB) probabilities for 4 classes
(amino acids refer to 1st sequence: BT_Cry40Aa1)

   1 P   0.00006 0.41005 0.25854 0.33134 ( 2)
   2 T   0.03122 0.96327 0.00242 0.00310 ( 2)
   3 H   0.00037 0.93007 0.03048 0.03907 ( 2)
   4 V   0.02931 0.96383 0.00301 0.00385 ( 2)
   5 E   0.76516 0.23463 0.00009 0.00012 ( 1)
   6 L   0.73957 0.26009 0.00015 0.00019 ( 1)
   7 T   0.46587 0.53398 0.00006 0.00008 ( 2)
   8 R   0.75127 0.24854 0.00008 0.00011 ( 1)
   9 E   0.88845 0.11155 0.00000 0.00000 ( 1)
  10 I   0.06621 0.93296 0.00036 0.00047 ( 2)
  11 Y   0.90587 0.09413 0.00000 0.00000 ( 1)
  12 T   0.84720 0.15278 0.00001 0.00001 ( 1)
  13 D   0.94543 0.05457 0.00000 0.00000 ( 1)
  14 P   0.21962 0.77824 0.00094 0.00120 ( 2)
  15 V   0.65340 0.34388 0.00119 0.00153 ( 1)
  16 G   0.80722 0.19271 0.00003 0.00004 ( 1)
  17 Y   0.42008 0.57985 0.00003 0.00004 ( 2)
  18 S   0.00903 0.73492 0.11223 0.14383 ( 2)
  19 S   0.00005 0.06589 0.40940 0.52467 ( 4)
  20 G   0.03973 0.80394 0.06852 0.08781 ( 2)
  21 T   0.00009 0.50139 0.21850 0.28002 ( 2)
  22 Y   0.01810 0.91599 0.02889 0.03702 ( 2)
  23 -   0.33133 0.41297 0.11207 0.14363 ( 2)
  24 S   0.00037 0.91273 0.03809 0.04881 ( 2)
  25 W   0.66489 0.33331 0.00079 0.00101 ( 1)
  26 L   0.00017 0.71359 0.12546 0.16078 ( 2)
  27 K   0.00000 0.00946 0.43415 0.55638 ( 4)
  28 Y   0.00000 0.00776 0.43490 0.55734 ( 4)
  29 W   0.00325 0.96954 0.01193 0.01529 ( 2)
  30 T   0.00012 0.14946 0.37274 0.47768 ( 4)
  31 G   0.00238 0.76104 0.10369 0.13289 ( 2)
  32 A   0.00008 0.43416 0.24797 0.31779 ( 2)
  33 F   0.91763 0.08237 0.00000 0.00000 ( 1)
  34 N   0.95866 0.04134 0.00000 0.00000 ( 1)
  35 T   0.00001 0.07125 0.40706 0.52167 ( 4)
  36 L   0.15199 0.80897 0.01711 0.02193 ( 2)
  37 E   0.88773 0.11227 0.00000 0.00000 ( 1)
  38 A   0.91350 0.08649 0.00000 0.00000 ( 1)
  39 N   0.59965 0.40032 0.00001 0.00001 ( 1)
  40 G   0.81511 0.18484 0.00002 0.00003 ( 1)
  41 T   0.84720 0.15278 0.00001 0.00001 ( 1)
  42 R   0.57031 0.41439 0.00671 0.00859 ( 1)
  43 G   0.81511 0.18484 0.00002 0.00003 ( 1)
  44 P   0.87629 0.12371 0.00000 0.00000 ( 1)
  45 G   0.91926 0.08074 0.00000 0.00000 ( 1)
  46 L   0.74023 0.25944 0.00014 0.00018 ( 1)
  47 V   0.92262 0.07738 0.00000 0.00000 ( 1)
  48 T   0.92721 0.07279 0.00000 0.00000 ( 1)
  49 W   0.00076 0.62789 0.16276 0.20859 ( 2)
  50 L   0.87075 0.12925 0.00000 0.00000 ( 1)
  51 R   0.00000 0.00091 0.43790 0.56119 ( 4)
  52 -   0.31235 0.40030 0.12594 0.16140 ( 2)
  53 S   0.00000 0.03378 0.42349 0.54273 ( 4)
  54 I   0.33133 0.66822 0.00019 0.00025 ( 2)
  55 G   0.49435 0.50554 0.00004 0.00006 ( 2)
  56 I   0.87195 0.12805 0.00000 0.00000 ( 1)
  57 Y   0.39756 0.60226 0.00008 0.00010 ( 2)
  58 N   0.05376 0.94514 0.00048 0.00062 ( 2)
  59 E   0.00451 0.97612 0.00849 0.01088 ( 2)
  60 Y   0.00000 0.03145 0.42451 0.54403 ( 4)
  61 V   0.00217 0.89837 0.04359 0.05586 ( 2)
  62 -   0.00000 0.00198 0.43743 0.56059 ( 4)
  63 -   0.00000 0.00059 0.43804 0.56137 ( 4)
  64 -   0.51332 0.41584 0.03105 0.03979 ( 1)
  65 -   0.03527 0.41606 0.24048 0.30819 ( 2)
  66 -   0.43796 0.43389 0.05617 0.07198 ( 1)
  67 -   0.00054 0.09077 0.39828 0.51041 ( 4)
  68 -   0.06524 0.56069 0.16396 0.21012 ( 2)
  69 -   0.00005 0.14360 0.37534 0.48102 ( 4)
  70 S   0.00000 0.00149 0.43765 0.56087 ( 4)
  71 R   0.00000 0.01446 0.43196 0.55358 ( 4)
  72 Y   0.04833 0.94971 0.00086 0.00110 ( 2)
  73 F   0.34023 0.65959 0.00008 0.00010 ( 2)
  74 S   0.00000 0.02141 0.42891 0.54967 ( 4)
  75 G   0.56514 0.41775 0.00750 0.00961 ( 1)
  76 W   0.66489 0.33331 0.00079 0.00101 ( 1)
  77 V   0.01533 0.94308 0.01823 0.02336 ( 2)
  78 G   0.80378 0.19613 0.00004 0.00005 ( 1)
  79 T   0.48421 0.51569 0.00004 0.00006 ( 2)
  80 R   0.86792 0.13208 0.00000 0.00000 ( 1)
  81 H   0.91582 0.08418 0.00000 0.00000 ( 1)
  82 Y   0.41446 0.58542 0.00005 0.00007 ( 2)
  83 E   0.88845 0.11155 0.00000 0.00000 ( 1)
  84 D   0.00002 0.20993 0.34628 0.44377 ( 4)
  85 Y   0.15004 0.80567 0.01941 0.02488 ( 2)
  86 T   0.84720 0.15278 0.00001 0.00001 ( 1)
  87 T   0.00000 0.04254 0.41965 0.53781 ( 4)
  88 G   0.46058 0.53934 0.00004 0.00005 ( 2)
  89 N   0.00758 0.69008 0.13252 0.16983 ( 2)
  90 G   0.05817 0.94067 0.00051 0.00065 ( 2)
  91 N   0.00040 0.95459 0.01972 0.02528 ( 2)
  92 F   0.31371 0.68594 0.00015 0.00020 ( 2)
  93 Q   0.02018 0.95949 0.00891 0.01142 ( 2)
  94 R   0.87332 0.12668 0.00000 0.00000 ( 1)
  95 M   0.03062 0.96589 0.00153 0.00196 ( 2)
  96 S   0.89437 0.10562 0.00000 0.00000 ( 1)
  97 G   0.81511 0.18484 0.00002 0.00003 ( 1)
  98 T   0.92115 0.07884 0.00000 0.00000 ( 1)
  99 T   0.65917 0.33837 0.00108 0.00138 ( 1)
 100 S   0.95189 0.04811 0.00000 0.00000 ( 1)
 101 N   0.95866 0.04134 0.00000 0.00000 ( 1)
 102 D   0.61138 0.38858 0.00002 0.00002 ( 1)
 103 L   0.00003 0.24252 0.33199 0.42546 ( 4)
 104 R   0.00021 0.90867 0.03994 0.05118 ( 2)
 105 D   0.00000 0.02883 0.42566 0.54551 ( 4)
 106 I   0.00060 0.93100 0.02998 0.03842 ( 2)
 107 S   0.00000 0.25333 0.32727 0.41941 ( 4)
 108 F   0.84442 0.15555 0.00002 0.00002 ( 1)
 109 P   0.00000 0.00000 0.43830 0.56170 ( 4)
 110 N   0.00042 0.89687 0.04502 0.05769 ( 2)
 111 S   0.00000 0.00595 0.43569 0.55836 ( 4)
 112 D   0.00104 0.98045 0.00811 0.01039 ( 2)
 113 I   0.00281 0.97004 0.01190 0.01525 ( 2)
 114 F   0.45247 0.54748 0.00002 0.00003 ( 2)
 115 K   0.04313 0.95509 0.00078 0.00100 ( 2)
 116 I   0.93441 0.06559 0.00000 0.00000 ( 1)
 117 E   0.00000 0.00027 0.43818 0.56155 ( 4)
 118 S   0.72110 0.27825 0.00028 0.00036 ( 1)
 119 K   0.00000 0.09786 0.39541 0.50673 ( 4)
 120 A   0.44720 0.55263 0.00008 0.00010 ( 2)
 121 I   0.12965 0.73850 0.05779 0.07406 ( 2)
 122 M   0.00000 0.01211 0.43299 0.55490 ( 4)
 123 N   0.00000 0.00270 0.43711 0.56018 ( 4)
 124 L   0.00000 0.02126 0.42898 0.54976 ( 4)
 125 V   0.00000 0.01557 0.43147 0.55295 ( 4)
 126 G   0.00000 0.03127 0.42459 0.54414 ( 4)
 127 E   0.00001 0.13335 0.37985 0.48679 ( 4)
 128 I   0.00002 0.69937 0.13176 0.16886 ( 2)
 129 N   0.00000 0.00136 0.43770 0.56094 ( 4)
 130 A   0.00017 0.74086 0.11351 0.14546 ( 2)
 131 -   0.00000 0.02063 0.42926 0.55011 ( 4)
 132 -   0.31235 0.40030 0.12594 0.16140 ( 2)
 133 -   0.58911 0.38103 0.01309 0.01678 ( 1)
 134 -   0.53975 0.40726 0.02323 0.02977 ( 1)
 135 R   0.00000 0.04189 0.41994 0.53817 ( 4)
 136 P   0.00110 0.76454 0.10272 0.13164 ( 2)
 137 E   0.00549 0.55906 0.19086 0.24459 ( 2)
 138 Y   0.00429 0.98698 0.00383 0.00490 ( 2)
 139 R   0.03983 0.95891 0.00055 0.00071 ( 2)
 140 V   0.06490 0.93394 0.00051 0.00065 ( 2)
 141 S   0.71386 0.28537 0.00034 0.00043 ( 1)
 142 R   0.01457 0.97757 0.00345 0.00442 ( 2)
 143 A   0.28376 0.71527 0.00043 0.00055 ( 2)
 144 E   0.04597 0.95216 0.00082 0.00105 ( 2)
 145 F   0.91763 0.08237 0.00000 0.00000 ( 1)
 146 S   0.00000 0.07126 0.40707 0.52168 ( 4)
 147 E   0.00000 0.00002 0.43829 0.56169 ( 4)
 148 S   0.00237 0.90009 0.04275 0.05479 ( 2)
 149 T   0.00000 0.08597 0.40062 0.51341 ( 4)
 150 -   0.31235 0.40030 0.12594 0.16140 ( 2)
 151 A   0.00000 0.02482 0.42742 0.54776 ( 4)
 152 F   0.00000 0.21211 0.34533 0.44256 ( 4)
 153 I   0.00005 0.49055 0.22327 0.28613 ( 2)
 154 Y   0.00000 0.00182 0.43750 0.56068 ( 4)
 155 L   0.00000 0.01398 0.43217 0.55385 ( 4)
 156 Y   0.90587 0.09413 0.00000 0.00000 ( 1)
 157 D   0.00612 0.98627 0.00334 0.00428 ( 2)
 158 A   0.00011 0.64626 0.15500 0.19863 ( 2)
 159 G   0.00370 0.91254 0.03671 0.04705 ( 2)
 160 N   0.51043 0.48946 0.00005 0.00006 ( 1)
 161 S   0.00013 0.75842 0.10583 0.13562 ( 2)
 162 -   0.31235 0.40030 0.12594 0.16140 ( 2)
 163 G   0.65665 0.34081 0.00111 0.00142 ( 1)
 164 L   0.00000 0.00083 0.43794 0.56124 ( 4)
 165 S   0.00000 0.02778 0.42612 0.54609 ( 4)
 166 S   0.00000 0.00225 0.43731 0.56044 ( 4)
 167 M   0.19062 0.80363 0.00252 0.00323 ( 2)
 168 T   0.84720 0.15278 0.00001 0.00001 ( 1)
 169 I   0.49702 0.50293 0.00002 0.00003 ( 2)
 170 T   0.04032 0.95491 0.00209 0.00268 ( 2)
 171 S   0.89437 0.10562 0.00000 0.00000 ( 1)
 172 K   0.00006 0.44783 0.24199 0.31012 ( 2)
 173 L   0.17806 0.81442 0.00330 0.00423 ( 2)
 174 P   0.76423 0.23562 0.00007 0.00008 ( 1)
 175 G   0.06099 0.93749 0.00067 0.00085 ( 2)
 176 I   0.00002 0.75277 0.10835 0.13886 ( 2)
 177 K   0.00000 0.01807 0.43038 0.55155 ( 4)
 178 N   0.00002 0.62019 0.16646 0.21333 ( 2)
 179 P   0.00000 0.09607 0.39619 0.50774 ( 4)
 180 E   0.00000 0.01737 0.43068 0.55194 ( 4)
 181 -   0.42674 0.45281 0.05279 0.06765 ( 2)
 182 P   0.81196 0.18796 0.00004 0.00005 ( 1)
 183 S   0.00763 0.98995 0.00106 0.00136 ( 2)
 184 Y   0.00000 0.00038 0.43813 0.56149 ( 4)
 185 R   0.00000 0.01472 0.43185 0.55344 ( 4)
 186 D   0.06047 0.93727 0.00099 0.00127 ( 2)
 187 Y   0.00384 0.42611 0.24985 0.32020 ( 2)
 188 S   0.38654 0.61334 0.00006 0.00007 ( 2)
 189 H   0.44761 0.55235 0.00002 0.00002 ( 2)
 190 R   0.03766 0.96033 0.00088 0.00113 ( 2)
 191 L   0.74023 0.25944 0.00014 0.00018 ( 1)
 192 S   0.74394 0.25551 0.00024 0.00030 ( 1)
 193 N   0.95866 0.04134 0.00000 0.00000 ( 1)
 194 A   0.65545 0.34183 0.00119 0.00153 ( 1)
 195 A   0.84303 0.15695 0.00001 0.00001 ( 1)
 196 C   0.90335 0.09665 0.00000 0.00000 ( 1)
 197 V   0.90810 0.09190 0.00000 0.00000 ( 1)
 198 G   0.00006 0.46643 0.23384 0.29967 ( 2)
 199 A   0.00000 0.01195 0.43306 0.55499 ( 4)
 200 -   0.31235 0.40030 0.12594 0.16140 ( 2)
 201 -   0.31235 0.40030 0.12594 0.16140 ( 2)
 202 G   0.00001 0.16036 0.36801 0.47162 ( 4)
 203 N   0.00014 0.18165 0.35862 0.45959 ( 4)
 204 S   0.00224 0.28823 0.31099 0.39855 ( 4)
 205 R   0.03471 0.96050 0.00210 0.00269 ( 2)
 206 I   0.00553 0.99011 0.00191 0.00245 ( 2)
 207 N   0.15136 0.83426 0.00630 0.00808 ( 2)
 208 V   0.84066 0.15932 0.00001 0.00001 ( 1)
 209 Y   0.04387 0.95283 0.00145 0.00185 ( 2)
 210 G   0.92554 0.07446 0.00000 0.00000 ( 1)
 211 W   0.66489 0.33331 0.00079 0.00101 ( 1)
 212 T   0.27220 0.72666 0.00050 0.00064 ( 2)
 213 H   0.91582 0.08418 0.00000 0.00000 ( 1)
 214 -   0.69107 0.30531 0.00159 0.00204 ( 1)


lnL = -3268.200163

Bayes Empirical Bayes (BEB) probabilities for 4 classes (class)
(amino acids refer to 1st sequence: BT_Cry40Aa1)

   1 P   0.00040 0.42701 0.25581 0.31677 ( 2)
   2 T   0.05187 0.94167 0.00300 0.00346 ( 2)
   3 H   0.00234 0.92324 0.03437 0.04005 ( 2)
   4 V   0.04914 0.94288 0.00371 0.00427 ( 2)
   5 E   0.75842 0.24132 0.00012 0.00014 ( 1)
   6 L   0.73291 0.26668 0.00019 0.00023 ( 1)
   7 T   0.44917 0.55065 0.00008 0.00010 ( 2)
   8 R   0.74458 0.25518 0.00011 0.00013 ( 1)
   9 E   0.88319 0.11681 0.00000 0.00000 ( 1)
  10 I   0.09679 0.90223 0.00045 0.00053 ( 2)
  11 Y   0.90110 0.09890 0.00000 0.00000 ( 1)
  12 T   0.84107 0.15890 0.00001 0.00002 ( 1)
  13 D   0.94210 0.05790 0.00000 0.00000 ( 1)
  14 P   0.22976 0.76771 0.00116 0.00137 ( 2)
  15 V   0.64765 0.34937 0.00135 0.00164 ( 1)
  16 G   0.80063 0.19928 0.00004 0.00005 ( 1)
  17 Y   0.40853 0.59138 0.00004 0.00005 ( 2)
  18 S   0.01632 0.73249 0.11375 0.13744 ( 2)
  19 S   0.00015 0.06857 0.40952 0.52175 ( 4)
  20 G   0.05051 0.79429 0.07053 0.08467 ( 2)
  21 T   0.00055 0.51173 0.21859 0.26913 ( 2)
  22 Y   0.03171 0.90027 0.03120 0.03683 ( 2)
  23 -   0.33237 0.41556 0.11148 0.14060 ( 2)
  24 S   0.00231 0.90702 0.04160 0.04907 ( 2)
  25 W   0.65897 0.33900 0.00092 0.00111 ( 1)
  26 L   0.00108 0.71393 0.12900 0.15598 ( 2)
  27 K   0.00001 0.00982 0.43467 0.55550 ( 4)
  28 Y   0.00000 0.00813 0.43541 0.55646 ( 4)
  29 W   0.01035 0.95982 0.01382 0.01600 ( 2)
  30 T   0.00040 0.15736 0.37157 0.47066 ( 4)
  31 G   0.00732 0.75726 0.10631 0.12912 ( 2)
  32 A   0.00050 0.44521 0.24750 0.30680 ( 2)
  33 F   0.91325 0.08675 0.00000 0.00000 ( 1)
  34 N   0.95593 0.04407 0.00000 0.00000 ( 1)
  35 T   0.00004 0.07486 0.40696 0.51814 ( 4)
  36 L   0.16525 0.79531 0.01784 0.02160 ( 2)
  37 E   0.88245 0.11755 0.00000 0.00000 ( 1)
  38 A   0.90897 0.09103 0.00000 0.00000 ( 1)
  39 N   0.57133 0.42864 0.00001 0.00002 ( 1)
  40 G   0.80859 0.19135 0.00003 0.00004 ( 1)
  41 T   0.84107 0.15890 0.00001 0.00002 ( 1)
  42 R   0.56616 0.41814 0.00704 0.00866 ( 1)
  43 G   0.80859 0.19135 0.00003 0.00004 ( 1)
  44 P   0.87074 0.12926 0.00000 0.00000 ( 1)
  45 G   0.91492 0.08508 0.00000 0.00000 ( 1)
  46 L   0.73357 0.26604 0.00018 0.00021 ( 1)
  47 V   0.91840 0.08160 0.00000 0.00000 ( 1)
  48 T   0.92315 0.07685 0.00000 0.00000 ( 1)
  49 W   0.00251 0.63789 0.16269 0.19691 ( 2)
  50 L   0.86508 0.13492 0.00000 0.00000 ( 1)
  51 R   0.00000 0.00095 0.43848 0.56057 ( 4)
  52 -   0.31357 0.40283 0.12532 0.15828 ( 2)
  53 S   0.00000 0.03762 0.42297 0.53941 ( 4)
  54 I   0.33000 0.66947 0.00024 0.00029 ( 2)
  55 G   0.47472 0.52515 0.00005 0.00007 ( 2)
  56 I   0.86629 0.13370 0.00001 0.00001 ( 1)
  57 Y   0.38850 0.61127 0.00010 0.00013 ( 2)
  58 N   0.08240 0.91634 0.00058 0.00068 ( 2)
  59 E   0.01380 0.96482 0.00992 0.01146 ( 2)
  60 Y   0.00000 0.03403 0.42445 0.54152 ( 4)
  61 V   0.00701 0.88980 0.04743 0.05576 ( 2)
  62 -   0.00000 0.00205 0.43801 0.55994 ( 4)
  63 -   0.00000 0.00061 0.43863 0.56076 ( 4)
  64 -   0.51026 0.41916 0.03128 0.03930 ( 1)
  65 -   0.04134 0.41939 0.23913 0.30013 ( 2)
  66 -   0.43666 0.43628 0.05626 0.07080 ( 1)
  67 -   0.00101 0.09377 0.39827 0.50695 ( 4)
  68 -   0.07439 0.55934 0.16294 0.20332 ( 2)
  69 -   0.00019 0.14918 0.37511 0.47552 ( 4)
  70 S   0.00000 0.00156 0.43822 0.56022 ( 4)
  71 R   0.00000 0.01593 0.43214 0.55193 ( 4)
  72 Y   0.07485 0.92285 0.00107 0.00123 ( 2)
  73 F   0.33791 0.66184 0.00011 0.00013 ( 2)
  74 S   0.00000 0.02325 0.42901 0.54773 ( 4)
  75 G   0.56110 0.42139 0.00785 0.00966 ( 1)
  76 W   0.65897 0.33900 0.00092 0.00111 ( 1)
  77 V   0.02776 0.92734 0.02075 0.02415 ( 2)
  78 G   0.79717 0.20272 0.00005 0.00006 ( 1)
  79 T   0.46563 0.53425 0.00005 0.00007 ( 2)
  80 R   0.86218 0.13781 0.00000 0.00000 ( 1)
  81 H   0.91138 0.08862 0.00000 0.00000 ( 1)
  82 Y   0.40352 0.59633 0.00007 0.00008 ( 2)
  83 E   0.88319 0.11681 0.00000 0.00000 ( 1)
  84 D   0.00015 0.22888 0.34152 0.42945 ( 4)
  85 Y   0.16326 0.79220 0.02012 0.02441 ( 2)
  86 T   0.84107 0.15890 0.00001 0.00002 ( 1)
  87 T   0.00002 0.04573 0.41943 0.53482 ( 4)
  88 G   0.44448 0.55541 0.00005 0.00006 ( 2)
  89 N   0.01377 0.69196 0.13314 0.16113 ( 2)
  90 G   0.08710 0.91153 0.00063 0.00074 ( 2)
  91 N   0.00255 0.94864 0.02259 0.02621 ( 2)
  92 F   0.31447 0.68509 0.00020 0.00024 ( 2)
  93 Q   0.03542 0.94163 0.01065 0.01229 ( 2)
  94 R   0.86770 0.13229 0.00000 0.00000 ( 1)
  95 M   0.05108 0.94452 0.00206 0.00234 ( 2)
  96 S   0.88927 0.11072 0.00000 0.00000 ( 1)
  97 G   0.80859 0.19135 0.00003 0.00004 ( 1)
  98 T   0.91688 0.08312 0.00000 0.00000 ( 1)
  99 T   0.65333 0.34397 0.00122 0.00148 ( 1)
 100 S   0.94885 0.05115 0.00000 0.00000 ( 1)
 101 N   0.95593 0.04407 0.00000 0.00000 ( 1)
 102 D   0.58235 0.41760 0.00002 0.00002 ( 1)
 103 L   0.00017 0.26097 0.32770 0.41116 ( 4)
 104 R   0.00140 0.90009 0.04561 0.05290 ( 2)
 105 D   0.00000 0.02945 0.42627 0.54428 ( 4)
 106 I   0.00299 0.92505 0.03313 0.03883 ( 2)
 107 S   0.00002 0.26991 0.32389 0.40618 ( 4)
 108 F   0.83825 0.16170 0.00002 0.00002 ( 1)
 109 P   0.00000 0.00000 0.43889 0.56111 ( 4)
 110 N   0.00257 0.89180 0.04837 0.05726 ( 2)
 111 S   0.00000 0.00616 0.43624 0.55760 ( 4)
 112 D   0.00456 0.97481 0.00959 0.01105 ( 2)
 113 I   0.00911 0.96045 0.01415 0.01629 ( 2)
 114 F   0.43731 0.56262 0.00003 0.00004 ( 2)
 115 K   0.06817 0.92966 0.00101 0.00116 ( 2)
 116 I   0.93063 0.06937 0.00000 0.00000 ( 1)
 117 E   0.00000 0.00028 0.43877 0.56095 ( 4)
 118 S   0.71455 0.28470 0.00034 0.00041 ( 1)
 119 K   0.00003 0.10923 0.39262 0.49812 ( 4)
 120 A   0.43257 0.56723 0.00009 0.00011 ( 2)
 121 I   0.14163 0.72993 0.05779 0.07065 ( 2)
 122 M   0.00000 0.01293 0.43339 0.55368 ( 4)
 123 N   0.00000 0.00282 0.43768 0.55950 ( 4)
 124 L   0.00001 0.02290 0.42916 0.54794 ( 4)
 125 V   0.00000 0.01706 0.43165 0.55129 ( 4)
 126 G   0.00000 0.03430 0.42435 0.54135 ( 4)
 127 E   0.00006 0.14834 0.37600 0.47561 ( 4)
 128 I   0.00024 0.70261 0.13506 0.16210 ( 2)
 129 N   0.00000 0.00142 0.43828 0.56030 ( 4)
 130 A   0.00107 0.74175 0.11700 0.14019 ( 2)
 131 -   0.00000 0.02183 0.42958 0.54858 ( 4)
 132 -   0.31357 0.40283 0.12532 0.15828 ( 2)
 133 -   0.58441 0.38550 0.01333 0.01676 ( 1)
 134 -   0.53613 0.41094 0.02347 0.02946 ( 1)
 135 R   0.00003 0.04409 0.42008 0.53581 ( 4)
 136 P   0.00363 0.76322 0.10631 0.12684 ( 2)
 137 E   0.01001 0.56880 0.18917 0.23202 ( 2)
 138 Y   0.01334 0.97652 0.00473 0.00541 ( 2)
 139 R   0.06386 0.93449 0.00077 0.00087 ( 2)
 140 V   0.09526 0.90344 0.00060 0.00070 ( 2)
 141 S   0.70736 0.29175 0.00040 0.00049 ( 1)
 142 R   0.02310 0.96708 0.00461 0.00521 ( 2)
 143 A   0.28768 0.71117 0.00052 0.00063 ( 2)
 144 E   0.07188 0.92592 0.00102 0.00118 ( 2)
 145 F   0.91325 0.08675 0.00000 0.00000 ( 1)
 146 S   0.00000 0.07731 0.40607 0.51662 ( 4)
 147 E   0.00000 0.00003 0.43888 0.56110 ( 4)
 148 S   0.00764 0.89214 0.04588 0.05434 ( 2)
 149 T   0.00001 0.09278 0.39947 0.50774 ( 4)
 150 -   0.31357 0.40283 0.12532 0.15828 ( 2)
 151 A   0.00000 0.02652 0.42761 0.54587 ( 4)
 152 F   0.00001 0.22728 0.34220 0.43050 ( 4)
 153 I   0.00039 0.50104 0.22327 0.27530 ( 2)
 154 Y   0.00000 0.00191 0.43807 0.56002 ( 4)
 155 L   0.00000 0.01491 0.43253 0.55255 ( 4)
 156 Y   0.90110 0.09890 0.00000 0.00000 ( 1)
 157 D   0.01810 0.97333 0.00398 0.00459 ( 2)
 158 A   0.00072 0.65253 0.15691 0.18983 ( 2)
 159 G   0.01131 0.90322 0.03910 0.04637 ( 2)
 160 N   0.48925 0.51062 0.00006 0.00007 ( 2)
 161 S   0.00088 0.75767 0.11006 0.13139 ( 2)
 162 -   0.31357 0.40283 0.12532 0.15828 ( 2)
 163 G   0.65085 0.34637 0.00126 0.00153 ( 1)
 164 L   0.00000 0.00087 0.43852 0.56062 ( 4)
 165 S   0.00001 0.03017 0.42607 0.54375 ( 4)
 166 S   0.00000 0.00234 0.43788 0.55978 ( 4)
 167 M   0.20280 0.79081 0.00292 0.00347 ( 2)
 168 T   0.84107 0.15890 0.00001 0.00002 ( 1)
 169 I   0.47718 0.52276 0.00003 0.00004 ( 2)
 170 T   0.06434 0.93037 0.00244 0.00285 ( 2)
 171 S   0.88927 0.11072 0.00000 0.00000 ( 1)
 172 K   0.00040 0.46285 0.24025 0.29651 ( 2)
 173 L   0.19096 0.80070 0.00381 0.00453 ( 2)
 174 P   0.75751 0.24230 0.00009 0.00010 ( 1)
 175 G   0.09056 0.90774 0.00078 0.00092 ( 2)
 176 I   0.00032 0.75062 0.11309 0.13597 ( 2)
 177 K   0.00000 0.02066 0.43017 0.54918 ( 4)
 178 N   0.00026 0.62507 0.16879 0.20588 ( 2)
 179 P   0.00001 0.10702 0.39358 0.49939 ( 4)
 180 E   0.00000 0.01845 0.43103 0.55052 ( 4)
 181 -   0.42613 0.45526 0.05270 0.06592 ( 2)
 182 P   0.80541 0.19449 0.00005 0.00005 ( 1)
 183 S   0.02197 0.97518 0.00133 0.00152 ( 2)
 184 Y   0.00000 0.00040 0.43872 0.56088 ( 4)
 185 R   0.00000 0.01602 0.43209 0.55189 ( 4)
 186 D   0.09044 0.90713 0.00111 0.00131 ( 2)
 187 Y   0.00702 0.43872 0.24723 0.30704 ( 2)
 188 S   0.37883 0.62100 0.00008 0.00009 ( 2)
 189 H   0.43300 0.56695 0.00002 0.00003 ( 2)
 190 R   0.06089 0.93659 0.00118 0.00134 ( 2)
 191 L   0.73357 0.26604 0.00018 0.00021 ( 1)
 192 S   0.73725 0.26213 0.00028 0.00034 ( 1)
 193 N   0.95593 0.04407 0.00000 0.00000 ( 1)
 194 A   0.64967 0.34736 0.00134 0.00163 ( 1)
 195 A   0.83684 0.16312 0.00002 0.00002 ( 1)
 196 C   0.89851 0.10149 0.00000 0.00000 ( 1)
 197 V   0.90340 0.09660 0.00000 0.00000 ( 1)
 198 G   0.00039 0.48692 0.23013 0.28256 ( 2)
 199 A   0.00000 0.01244 0.43358 0.55398 ( 4)
 200 -   0.31357 0.40283 0.12532 0.15828 ( 2)
 201 -   0.31357 0.40283 0.12532 0.15828 ( 2)
 202 G   0.00010 0.17500 0.36451 0.46039 ( 4)
 203 N   0.00046 0.19477 0.35573 0.44904 ( 4)
 204 S   0.00413 0.30027 0.30842 0.38717 ( 4)
 205 R   0.05675 0.93771 0.00257 0.00297 ( 2)
 206 I   0.01667 0.97819 0.00240 0.00274 ( 2)
 207 N   0.16536 0.81904 0.00714 0.00846 ( 2)
 208 V   0.83444 0.16553 0.00001 0.00002 ( 1)
 209 Y   0.06908 0.92718 0.00173 0.00201 ( 2)
 210 G   0.92143 0.07857 0.00000 0.00000 ( 1)
 211 W   0.65897 0.33900 0.00092 0.00111 ( 1)
 212 T   0.27736 0.72131 0.00060 0.00072 ( 2)
 213 H   0.91138 0.08862 0.00000 0.00000 ( 1)
 214 -   0.68476 0.31145 0.00169 0.00210 ( 1)

