Supplemental results for CODEML (seqf: algn  treef: tree)


dN/dS (w) for site classes (K=4)

site class             0        1       2a       2b
proportion       0.36675  0.61584  0.00650  0.01091
background w     0.07062  1.00000  0.07062  1.00000
foreground w     0.07062  1.00000  1.00000  1.00000

Naive Empirical Bayes (NEB) probabilities for 4 classes
(amino acids refer to 1st sequence: BT_Cry24Ca1)

   1 P   0.00271 0.97989 0.00004 0.01736 ( 2)
   2 T   0.00462 0.97799 0.00007 0.01732 ( 2)
   3 Q   0.16023 0.79032 0.03545 0.01400 ( 2)
   4 I   0.22470 0.75864 0.00323 0.01344 ( 2)
   5 E   0.06727 0.91551 0.00101 0.01622 ( 2)
   6 L   0.96461 0.01962 0.01542 0.00035 ( 1)
   7 S   0.95434 0.03097 0.01414 0.00055 ( 1)
   8 R   0.97813 0.00580 0.01597 0.00010 ( 1)
   9 Q   0.11124 0.84910 0.02462 0.01504 ( 2)
  10 I   0.97472 0.00862 0.01651 0.00015 ( 1)
  11 Y   0.97958 0.00584 0.01448 0.00010 ( 1)
  12 T   0.97408 0.01087 0.01486 0.00019 ( 1)
  13 D   0.98436 0.00184 0.01377 0.00003 ( 1)
  14 P   0.98014 0.00435 0.01542 0.00008 ( 1)
  15 V   0.94176 0.04299 0.01449 0.00076 ( 1)
  16 G   0.98250 0.00292 0.01453 0.00005 ( 1)
  17 A   0.00000 0.98259 0.00000 0.01741 ( 2)
  18 T   0.84655 0.13657 0.01446 0.00242 ( 1)
  19 F   0.00000 0.98259 0.00000 0.01741 ( 2)
  20 S   0.00001 0.98259 0.00000 0.01741 ( 2)
  21 -   0.05774 0.92485 0.00102 0.01638 ( 2)
  22 D   0.00193 0.98067 0.00003 0.01737 ( 2)
  23 F   0.01147 0.97113 0.00019 0.01720 ( 2)
  24 S   0.01140 0.96908 0.00236 0.01717 ( 2)
  25 N   0.06009 0.92274 0.00083 0.01635 ( 2)
  26 W   0.00004 0.98255 0.00000 0.01741 ( 2)
  27 T   0.10442 0.87851 0.00151 0.01556 ( 2)
  28 L   0.00036 0.98224 0.00001 0.01740 ( 2)
  29 T   0.00791 0.97471 0.00011 0.01727 ( 2)
  30 N   0.03284 0.94986 0.00047 0.01683 ( 2)
  31 R   0.02161 0.96103 0.00033 0.01702 ( 2)
  32 T   0.72258 0.26234 0.01044 0.00465 ( 1)
  33 L   0.03577 0.94691 0.00054 0.01677 ( 2)
  34 A   0.07328 0.90955 0.00107 0.01611 ( 2)
  35 -   0.40260 0.58000 0.00713 0.01027 ( 2)
  36 -   0.05095 0.93165 0.00090 0.01650 ( 2)
  37 N   0.00427 0.97834 0.00006 0.01733 ( 2)
  38 F   0.98435 0.00132 0.01431 0.00002 ( 1)
  39 N   0.89617 0.08983 0.01241 0.00159 ( 1)
  40 D   0.04535 0.93741 0.00063 0.01661 ( 2)
  41 L   0.88980 0.09375 0.01479 0.00166 ( 1)
  42 E   0.98250 0.00271 0.01474 0.00005 ( 1)
  43 R   0.18679 0.79625 0.00285 0.01411 ( 2)
  44 E   0.40109 0.58257 0.00602 0.01032 ( 2)
  45 V   0.03441 0.94826 0.00053 0.01680 ( 2)
  46 T   0.03238 0.95029 0.00049 0.01683 ( 2)
  47 D   0.02895 0.95375 0.00040 0.01690 ( 2)
  48 A   0.00304 0.97888 0.00073 0.01734 ( 2)
  49 P   0.98005 0.00509 0.01476 0.00009 ( 1)
  50 S   0.93110 0.05414 0.01380 0.00096 ( 1)
  51 L   0.96622 0.01877 0.01468 0.00033 ( 1)
  52 L   0.06758 0.91513 0.00108 0.01621 ( 2)
  53 K   0.41772 0.56604 0.00621 0.01003 ( 2)
  54 W   0.97639 0.00711 0.01637 0.00013 ( 1)
  55 L   0.84822 0.13582 0.01356 0.00241 ( 1)
  56 N   0.00287 0.97973 0.00004 0.01736 ( 2)
  57 S   0.00001 0.98255 0.00003 0.01741 ( 2)
  58 I   0.00563 0.97604 0.00104 0.01729 ( 2)
  59 E   0.00007 0.98251 0.00002 0.01740 ( 2)
  60 V   0.58651 0.28129 0.12722 0.00498 ( 1)
  61 Y   0.98313 0.00233 0.01451 0.00004 ( 1)
  62 T   0.82665 0.15794 0.01261 0.00280 ( 1)
  63 G   0.01697 0.96567 0.00025 0.01711 ( 2)
  64 A   0.00009 0.98251 0.00000 0.01740 ( 2)
  65 I   0.00966 0.97296 0.00015 0.01724 ( 2)
  66 D   0.00059 0.98200 0.00001 0.01740 ( 2)
  67 S   0.00232 0.98028 0.00004 0.01736 ( 2)
  68 H   0.00007 0.98253 0.00000 0.01740 ( 2)
  69 R   0.00214 0.98045 0.00004 0.01737 ( 2)
  70 P   0.00003 0.98256 0.00000 0.01741 ( 2)
  71 T   0.00034 0.98225 0.00001 0.01740 ( 2)
  72 S   0.00047 0.98213 0.00001 0.01740 ( 2)
  73 P   0.66968 0.31466 0.01009 0.00557 ( 1)
  74 -   0.36675 0.61584 0.00650 0.01091 ( 2)
  75 G   0.69909 0.28552 0.01034 0.00506 ( 1)
  76 E   0.01262 0.96884 0.00137 0.01716 ( 2)
  77 R   0.08216 0.90054 0.00134 0.01595 ( 2)
  78 I   0.78165 0.20298 0.01178 0.00360 ( 1)
  79 G   0.20552 0.77746 0.00324 0.01377 ( 2)
  80 V   0.45666 0.52698 0.00703 0.00934 ( 2)
  81 W   0.97639 0.00711 0.01637 0.00013 ( 1)
  82 Y   0.35605 0.62758 0.00525 0.01112 ( 2)
  83 G   0.97934 0.00607 0.01448 0.00011 ( 1)
  84 N   0.07973 0.90313 0.00114 0.01600 ( 2)
  85 R   0.00007 0.98253 0.00000 0.01740 ( 2)
  86 N   0.02929 0.95333 0.00049 0.01689 ( 2)
  87 T   0.00014 0.98244 0.00002 0.01740 ( 2)
  88 Y   0.00035 0.98218 0.00007 0.01740 ( 2)
  89 I   0.00001 0.98259 0.00000 0.01741 ( 2)
  90 N   0.00000 0.98259 0.00000 0.01741 ( 2)
  91 P   0.24300 0.74001 0.00388 0.01311 ( 2)
  92 D   0.02755 0.95512 0.00041 0.01692 ( 2)
  93 T   0.00075 0.98168 0.00018 0.01739 ( 2)
  94 N   0.00060 0.98199 0.00001 0.01740 ( 2)
  95 E   0.00129 0.98130 0.00002 0.01738 ( 2)
  96 -   0.42547 0.55713 0.00754 0.00987 ( 2)
  97 V   0.00717 0.97544 0.00011 0.01728 ( 2)
  98 S   0.00021 0.98239 0.00000 0.01740 ( 2)
  99 Y   0.00164 0.98096 0.00002 0.01738 ( 2)
 100 R   0.02491 0.95774 0.00038 0.01697 ( 2)
 101 F   0.00000 0.98259 0.00000 0.01741 ( 2)
 102 T   0.00030 0.98229 0.00000 0.01740 ( 2)
 103 G   0.94505 0.03939 0.01487 0.00070 ( 1)
 104 E   0.00029 0.98231 0.00000 0.01740 ( 2)
 105 L   0.00001 0.98259 0.00000 0.01741 ( 2)
 106 A   0.25745 0.72575 0.00395 0.01286 ( 2)
 107 Y   0.02215 0.96051 0.00033 0.01701 ( 2)
 108 E   0.52678 0.45722 0.00790 0.00810 ( 1)
 109 N   0.00192 0.98033 0.00038 0.01737 ( 2)
 110 P   0.00208 0.98052 0.00003 0.01737 ( 2)
 111 Y   0.01203 0.97057 0.00021 0.01719 ( 2)
 112 T   0.63133 0.35329 0.00912 0.00626 ( 1)
 113 F   0.09692 0.88583 0.00156 0.01569 ( 2)
 114 I   0.12884 0.85418 0.00185 0.01513 ( 2)
 115 G   0.00008 0.98250 0.00002 0.01740 ( 2)
 116 S   0.03581 0.94688 0.00053 0.01677 ( 2)
 117 F   0.04325 0.92990 0.01038 0.01647 ( 2)
 118 F   0.00015 0.98242 0.00003 0.01740 ( 2)
 119 D   0.34636 0.63750 0.00484 0.01129 ( 2)
 120 N   0.62810 0.35688 0.00870 0.00632 ( 1)
 121 D   0.98436 0.00184 0.01377 0.00003 ( 1)
 122 I   0.96936 0.01643 0.01392 0.00029 ( 1)
 123 Y   0.86735 0.11572 0.01488 0.00205 ( 1)
 124 K   0.92437 0.06082 0.01373 0.00108 ( 1)
 125 V   0.00150 0.98110 0.00002 0.01738 ( 2)
 126 A   0.00678 0.97446 0.00150 0.01726 ( 2)
 127 L   0.49122 0.49221 0.00785 0.00872 ( 2)
 128 R   0.01623 0.96640 0.00025 0.01712 ( 2)
 129 A   0.95089 0.03467 0.01383 0.00061 ( 1)
 130 A   0.67337 0.31132 0.00979 0.00551 ( 1)
 131 A   0.00002 0.98257 0.00000 0.01741 ( 2)
 132 -   0.38804 0.59455 0.00687 0.01053 ( 2)
 133 -   0.45122 0.53137 0.00799 0.00941 ( 2)
 134 -   0.45429 0.52831 0.00805 0.00936 ( 2)
 135 -   0.04429 0.93831 0.00078 0.01662 ( 2)
 136 V   0.63649 0.34804 0.00930 0.00617 ( 1)
 137 S   0.00652 0.97609 0.00010 0.01729 ( 2)
 138 T   0.00225 0.98035 0.00004 0.01737 ( 2)
 139 T   0.15611 0.82685 0.00239 0.01465 ( 2)
 140 F   0.00000 0.98259 0.00000 0.01741 ( 2)
 141 G   0.00002 0.98258 0.00000 0.01741 ( 2)
 142 S   0.00348 0.97911 0.00006 0.01734 ( 2)
 143 N   0.00000 0.98259 0.00000 0.01741 ( 2)
 144 D   0.25235 0.73117 0.00353 0.01295 ( 2)
 145 S   0.00001 0.98258 0.00000 0.01741 ( 2)
 146 T   0.25150 0.73191 0.00363 0.01297 ( 2)
 147 F   0.96389 0.02171 0.01401 0.00038 ( 1)
 148 G   0.97823 0.00627 0.01539 0.00011 ( 1)
 149 V   0.94898 0.03650 0.01387 0.00065 ( 1)
 150 S   0.43709 0.54699 0.00623 0.00969 ( 2)
 151 S   0.00011 0.98248 0.00000 0.01740 ( 2)
 152 S   0.96927 0.01608 0.01437 0.00028 ( 1)
 153 Q   0.00008 0.98252 0.00000 0.01740 ( 2)
 154 F   0.97749 0.00816 0.01421 0.00014 ( 1)
 155 F   0.96491 0.02069 0.01402 0.00037 ( 1)
 156 N   0.00074 0.98186 0.00001 0.01739 ( 2)
 157 R   0.04812 0.92447 0.01104 0.01638 ( 2)
 158 R   0.00553 0.97707 0.00008 0.01731 ( 2)
 159 G   0.83637 0.14786 0.01316 0.00262 ( 1)
 160 I   0.00014 0.98245 0.00000 0.01740 ( 2)
 161 H   0.34291 0.64063 0.00511 0.01135 ( 2)
 162 Q   0.00003 0.98257 0.00000 0.01741 ( 2)
 163 L   0.22139 0.76144 0.00368 0.01349 ( 2)
 164 Y   0.17786 0.80526 0.00262 0.01426 ( 2)
 165 E   0.00062 0.98185 0.00014 0.01739 ( 2)
 166 S   0.00294 0.97966 0.00005 0.01735 ( 2)
 167 S   0.00139 0.98121 0.00002 0.01738 ( 2)
 168 -   0.44245 0.54014 0.00784 0.00957 ( 2)
 169 -   0.46059 0.52201 0.00816 0.00925 ( 2)
 170 -   0.43634 0.54625 0.00773 0.00968 ( 2)
 171 -   0.38864 0.59395 0.00688 0.01052 ( 2)
 172 -   0.05238 0.93021 0.00093 0.01648 ( 2)
 173 -   0.46059 0.52201 0.00816 0.00925 ( 2)
 174 -   0.05352 0.92907 0.00095 0.01646 ( 2)
 175 -   0.86434 0.11825 0.01531 0.00209 ( 1)
 176 -   0.36675 0.61584 0.00650 0.01091 ( 2)
 177 -   0.43467 0.54792 0.00770 0.00971 ( 2)
 178 -   0.37876 0.60383 0.00671 0.01070 ( 2)
 179 -   0.44983 0.53276 0.00797 0.00944 ( 2)
 180 -   0.00313 0.97947 0.00006 0.01735 ( 2)
 181 -   0.43634 0.54625 0.00773 0.00968 ( 2)
 182 -   0.39768 0.58491 0.00704 0.01036 ( 2)
 183 Q   0.00002 0.98258 0.00000 0.01741 ( 2)
 184 P   0.00752 0.97509 0.00011 0.01727 ( 2)
 185 I   0.00004 0.98255 0.00000 0.01741 ( 2)
 186 P   0.00307 0.97953 0.00005 0.01735 ( 2)
 187 S   0.00390 0.97870 0.00006 0.01734 ( 2)
 188 W   0.00003 0.98256 0.00000 0.01741 ( 2)
 189 P   0.40605 0.57760 0.00612 0.01023 ( 2)
 190 I   0.90677 0.07818 0.01367 0.00138 ( 1)
 191 T   0.07350 0.90933 0.00106 0.01611 ( 2)
 192 L   0.00038 0.98214 0.00008 0.01740 ( 2)
 193 A   0.10843 0.87442 0.00167 0.01549 ( 2)
 194 F   0.13360 0.84942 0.00194 0.01505 ( 2)
 195 P   0.98064 0.00386 0.01543 0.00007 ( 1)
 196 G   0.88779 0.09654 0.01397 0.00171 ( 1)
 197 E   0.31526 0.66818 0.00473 0.01184 ( 2)
 198 E   0.63351 0.35077 0.00950 0.00621 ( 1)
 199 S   0.92262 0.06142 0.01486 0.00109 ( 1)
 200 S   0.00126 0.98134 0.00002 0.01738 ( 2)
 201 E   0.00392 0.97869 0.00006 0.01734 ( 2)
 202 G   0.31496 0.66825 0.00495 0.01184 ( 2)
 203 N   0.89984 0.08618 0.01246 0.00153 ( 1)
 204 A   0.27638 0.70686 0.00424 0.01252 ( 2)
 205 N   0.95399 0.03223 0.01321 0.00057 ( 1)
 206 D   0.97931 0.00687 0.01370 0.00012 ( 1)
 207 Y   0.98277 0.00268 0.01450 0.00005 ( 1)
 208 S   0.96331 0.02255 0.01374 0.00040 ( 1)
 209 H   0.98472 0.00085 0.01442 0.00002 ( 1)
 210 R   0.02784 0.95479 0.00045 0.01691 ( 2)
 211 L   0.97017 0.01378 0.01580 0.00024 ( 1)
 212 C   0.80091 0.18384 0.01200 0.00326 ( 1)
 213 D   0.83083 0.15481 0.01162 0.00274 ( 1)
 214 V   0.97369 0.00984 0.01630 0.00017 ( 1)
 215 K   0.14969 0.83332 0.00222 0.01476 ( 2)
 216 N   0.95399 0.03223 0.01321 0.00057 ( 1)
 217 I   0.64360 0.34111 0.00924 0.00604 ( 1)
 218 T   0.94976 0.03513 0.01449 0.00062 ( 1)
 219 G   0.84890 0.13535 0.01335 0.00240 ( 1)
 220 G   0.94776 0.03668 0.01491 0.00065 ( 1)
 221 L   0.91880 0.06606 0.01396 0.00117 ( 1)
 222 R   0.65676 0.32728 0.01017 0.00580 ( 1)
 223 Q   0.92879 0.05551 0.01472 0.00098 ( 1)
 224 T   0.05332 0.92941 0.00081 0.01646 ( 2)
 225 P   0.00315 0.97945 0.00005 0.01735 ( 2)
 226 A   0.04790 0.93474 0.00080 0.01656 ( 2)
 227 R   0.06166 0.92101 0.00101 0.01632 ( 2)
 228 G   0.38236 0.60058 0.00642 0.01064 ( 2)
 229 -   0.42862 0.55397 0.00759 0.00981 ( 2)
 230 R   0.54032 0.44346 0.00837 0.00786 ( 1)
 231 S   0.64416 0.34026 0.00955 0.00603 ( 1)
 232 S   0.66565 0.31883 0.00987 0.00565 ( 1)
 233 L   0.90910 0.07504 0.01453 0.00133 ( 1)
 234 L   0.34454 0.63864 0.00551 0.01131 ( 2)
 235 S   0.12531 0.85748 0.00202 0.01519 ( 2)
 236 H   0.93136 0.05405 0.01364 0.00096 ( 1)
 237 A   0.48198 0.50174 0.00739 0.00889 ( 2)
 238 W   0.97639 0.00711 0.01637 0.00013 ( 1)
 239 T   0.97231 0.01263 0.01483 0.00022 ( 1)
 240 H   0.98472 0.00085 0.01442 0.00002 ( 1)
 241 S   0.00000 0.98259 0.00000 0.01741 ( 2)
 242 -   0.87314 0.10946 0.01547 0.00194 ( 1)


lnL = -3662.722100

