Supplemental results for CODEML (seqf: algn  treef: tree)


dN/dS (w) for site classes (K=4)

site class             0        1       2a       2b
proportion       0.13360  0.24458  0.21967  0.40215
background w     0.02044  0.75255  0.02044  0.75255
foreground w     0.02044  0.75255  0.12256  0.12256

Naive Empirical Bayes (NEB) probabilities for 4 classes
(amino acids refer to 1st sequence: BT_Cry21Aa1)

   1 -   0.24973 0.12845 0.41061 0.21121 ( 3)
   2 -   0.00024 0.37794 0.00039 0.62143 ( 4)
   3 -   0.33427 0.04392 0.54961 0.07221 ( 3)
   4 -   0.34582 0.03236 0.56861 0.05321 ( 3)
   5 -   0.00000 0.42451 0.00001 0.57548 ( 4)
   6 L   0.00007 0.21976 0.00075 0.77942 ( 4)
   7 K   0.08051 0.01731 0.83920 0.06299 ( 3)
   8 G   0.05243 0.02475 0.75455 0.16827 ( 3)
   9 F   0.00143 0.16024 0.01356 0.82478 ( 4)
  10 P   0.29817 0.00932 0.55238 0.14014 ( 3)
  11 A   0.83588 0.00023 0.14592 0.01797 ( 1)
  12 E   0.41442 0.00087 0.55299 0.03171 ( 3)
  13 K   0.84612 0.00010 0.14710 0.00668 ( 1)
  14 G   0.00059 0.46315 0.48037 0.05590 ( 3)
  15 -   0.00023 0.54296 0.00497 0.45184 ( 2)
  16 -   0.00135 0.51475 0.02726 0.45664 ( 2)
  17 Y   0.00043 0.65397 0.25073 0.09487 ( 2)
  18 G   0.04006 0.00219 0.93017 0.02758 ( 3)
  19 D   0.00020 0.54907 0.00362 0.44712 ( 2)
  20 S   0.00022 0.13135 0.00243 0.86600 ( 4)
  21 I   0.00132 0.35299 0.22711 0.41858 ( 4)
  22 A   0.00000 0.56964 0.00017 0.43018 ( 2)
  23 Y   0.00940 0.03227 0.90621 0.05212 ( 3)
  24 V   0.01217 0.18057 0.72817 0.07908 ( 3)
  25 S   0.00089 0.30278 0.63637 0.05996 ( 3)
  26 E   0.47385 0.00061 0.48222 0.04333 ( 3)
  27 P   0.74828 0.00043 0.18187 0.06942 ( 1)
  28 -   0.29915 0.02209 0.62750 0.05125 ( 3)
  29 -   0.13360 0.24458 0.21967 0.40215 ( 4)
  30 L   0.04534 0.06355 0.82040 0.07071 ( 3)
  31 N   0.42845 0.00115 0.54254 0.02787 ( 3)
  32 G   0.80423 0.00018 0.16194 0.03365 ( 1)
  33 A   0.04311 0.09753 0.71274 0.14662 ( 3)
  34 N   0.22404 0.00179 0.74965 0.02452 ( 3)
  35 A   0.01049 0.07840 0.71405 0.19707 ( 3)
  36 V   0.01269 0.12310 0.82721 0.03701 ( 3)
  37 K   0.02020 0.01376 0.88463 0.08141 ( 3)
  38 L   0.09911 0.05368 0.15882 0.68840 ( 4)
  39 T   0.00016 0.14180 0.00026 0.85777 ( 4)
  40 S   0.00000 0.84679 0.00067 0.15254 ( 2)
  41 Y   0.01665 0.20404 0.70744 0.07187 ( 3)
  42 Q   0.00000 0.86862 0.00102 0.13036 ( 2)
  43 V   0.00016 0.47404 0.00559 0.52021 ( 4)
  44 L   0.02396 0.18803 0.07581 0.71220 ( 4)
  45 Q   0.00000 0.99396 0.00000 0.00603 ( 2)
  46 -   0.13360 0.24458 0.21967 0.40215 ( 4)
  47 -   0.32352 0.05467 0.53194 0.08988 ( 3)
  48 -   0.11009 0.26809 0.18102 0.44080 ( 4)
  49 -   0.35589 0.02229 0.58517 0.03665 ( 3)
  50 -   0.00132 0.37686 0.00218 0.61964 ( 4)
  51 -   0.28884 0.08935 0.47491 0.14691 ( 3)
  52 -   0.00115 0.37703 0.00190 0.61992 ( 4)
  53 -   0.32272 0.05546 0.53063 0.09119 ( 3)
  54 -   0.13307 0.24511 0.21880 0.40302 ( 4)
  55 M   0.00019 0.68701 0.10241 0.21039 ( 2)
  56 E   0.00002 0.84512 0.06594 0.08892 ( 2)
  57 V   0.00510 0.03227 0.00552 0.95712 ( 4)
  58 T   0.12237 0.00536 0.81149 0.06078 ( 3)
  59 N   0.07655 0.01657 0.01008 0.89680 ( 4)
  60 Q   0.00003 0.91738 0.02934 0.05324 ( 2)
  61 T   0.00316 0.05547 0.00452 0.93685 ( 4)
  62 T   0.00000 0.17681 0.00000 0.82319 ( 4)
  63 Q   0.10933 0.01704 0.30064 0.57299 ( 4)
  64 K   0.00018 0.03393 0.00029 0.96559 ( 4)
  65 Y   0.76715 0.00019 0.18783 0.04483 ( 1)
  66 R   0.00031 0.70519 0.04145 0.25304 ( 2)
  67 I   0.00035 0.13213 0.00284 0.86468 ( 4)
  68 R   0.52166 0.00197 0.22989 0.24649 ( 1)
  69 I   0.02395 0.30826 0.23397 0.43382 ( 4)
  70 R   0.74201 0.00014 0.21521 0.04264 ( 1)
  71 Y   0.40143 0.00370 0.10458 0.49029 ( 4)
  72 A   0.86000 0.00008 0.13343 0.00648 ( 1)
  73 T   0.47934 0.00146 0.48855 0.03065 ( 3)
  74 G   0.00215 0.27734 0.70027 0.02024 ( 3)
  75 G   0.00013 0.81110 0.00453 0.18424 ( 2)
  76 D   0.00000 0.16784 0.00000 0.83215 ( 4)
  77 T   0.00119 0.12935 0.00745 0.86201 ( 4)
  78 A   0.00000 0.58288 0.00000 0.41712 ( 2)
  79 A   0.00000 0.13139 0.00001 0.86860 ( 4)
  80 S   0.00000 0.06415 0.00001 0.93584 ( 4)
  81 I   0.00001 0.42857 0.00008 0.57135 ( 4)
  82 W   0.00001 0.30025 0.00004 0.69970 ( 4)
  83 F   0.01858 0.11105 0.16423 0.70613 ( 4)
  84 H   0.00000 0.33030 0.00000 0.66970 ( 4)
  85 I   0.01426 0.06103 0.02787 0.89684 ( 4)
  86 I   0.00000 0.21601 0.00000 0.78399 ( 4)
  87 -   0.00000 0.38675 0.00000 0.61325 ( 4)
  88 -   0.00183 0.29814 0.00337 0.69666 ( 4)
  89 -   0.13360 0.24458 0.21967 0.40215 ( 4)
  90 -   0.13360 0.24458 0.21967 0.40215 ( 4)
  91 -   0.13360 0.24458 0.21967 0.40215 ( 4)
  92 -   0.13360 0.24458 0.21967 0.40215 ( 4)
  93 G   0.00000 0.24330 0.00000 0.75670 ( 4)
  94 P   0.00000 0.08470 0.00000 0.91529 ( 4)
  95 S   0.00000 0.96108 0.00007 0.03885 ( 2)
  96 G   0.00000 0.94301 0.00000 0.05699 ( 2)
  97 N   0.00000 0.94667 0.00002 0.05332 ( 2)
  98 D   0.00000 0.03512 0.00000 0.96488 ( 4)
  99 L   0.00000 0.23708 0.00000 0.76292 ( 4)
 100 T   0.00000 0.34217 0.00000 0.65783 ( 4)
 101 N   0.00022 0.04891 0.00032 0.95055 ( 4)
 102 -   0.13360 0.24458 0.21967 0.40215 ( 4)
 103 -   0.13360 0.24458 0.21967 0.40215 ( 4)
 104 -   0.13360 0.24458 0.21967 0.40215 ( 4)
 105 E   0.00023 0.79618 0.06932 0.13427 ( 2)
 106 G   0.00014 0.78643 0.06653 0.14689 ( 2)
 107 H   0.00000 0.94260 0.00002 0.05738 ( 2)
 108 N   0.00000 0.83545 0.00000 0.16455 ( 2)
 109 F   0.00000 0.25679 0.00000 0.74321 ( 4)
 110 S   0.00000 0.27640 0.00015 0.72345 ( 4)
 111 S   0.00003 0.87189 0.00945 0.11863 ( 2)
 112 V   0.13360 0.24458 0.21967 0.40215 ( 4)
 113 S   0.00014 0.53504 0.00152 0.46329 ( 2)
 114 S   0.01357 0.14344 0.14819 0.69480 ( 4)
 115 R   0.00000 0.77667 0.00012 0.22320 ( 2)
 116 N   0.55984 0.00050 0.42734 0.01232 ( 1)
 117 K   0.03397 0.10141 0.33780 0.52681 ( 4)
 118 M   0.58814 0.00006 0.39619 0.01561 ( 1)
 119 F   0.01997 0.01495 0.80975 0.15532 ( 3)
 120 V   0.00085 0.46389 0.17262 0.36264 ( 2)
 121 Q   0.06979 0.00316 0.89746 0.02959 ( 3)
 122 G   0.04946 0.01358 0.74058 0.19638 ( 3)
 123 N   0.00409 0.14214 0.80269 0.05107 ( 3)
 124 N   0.42754 0.00246 0.48921 0.08079 ( 3)
 125 G   0.07725 0.01515 0.10754 0.80006 ( 4)
 126 K   0.00207 0.01743 0.00160 0.97891 ( 4)
 127 Y   0.39939 0.00081 0.55829 0.04152 ( 3)
 128 V   0.00004 0.05307 0.00026 0.94663 ( 4)
 129 L   0.03586 0.08180 0.55977 0.32258 ( 3)
 130 N   0.00000 0.87302 0.00187 0.12510 ( 2)
 131 I   0.00087 0.48076 0.06783 0.45054 ( 2)
 132 L   0.00145 0.05468 0.00271 0.94115 ( 4)
 133 T   0.00000 0.93843 0.00001 0.06156 ( 2)
 134 D   0.13702 0.00718 0.01816 0.83763 ( 4)
 135 -   0.00000 0.37818 0.00000 0.62182 ( 4)
 136 -   0.36396 0.01422 0.59843 0.02338 ( 3)
 137 -   0.00043 0.37775 0.00071 0.62111 ( 4)
 138 S   0.00789 0.07579 0.08926 0.82706 ( 4)
 139 I   0.28667 0.01621 0.17889 0.51823 ( 4)
 140 E   0.00001 0.02265 0.00003 0.97731 ( 4)
 141 L   0.00716 0.01661 0.00274 0.97349 ( 4)
 142 P   0.00325 0.01407 0.00472 0.97796 ( 4)
 143 S   0.00030 0.01169 0.00010 0.98790 ( 4)
 144 G   0.00151 0.10662 0.01587 0.87601 ( 4)
 145 Q   0.00004 0.02768 0.00008 0.97219 ( 4)
 146 Q   0.00057 0.07875 0.00134 0.91934 ( 4)
 147 T   0.00031 0.30167 0.00921 0.68881 ( 4)
 148 -   0.36346 0.01472 0.59762 0.02420 ( 3)
 149 -   0.14820 0.22998 0.24368 0.37814 ( 4)
 150 -   0.00005 0.37813 0.00008 0.62174 ( 4)
 151 I   0.84659 0.00022 0.14736 0.00583 ( 1)
 152 L   0.00000 0.85436 0.00001 0.14563 ( 2)
 153 I   0.00034 0.09634 0.00229 0.90103 ( 4)
 154 Q   0.00000 0.70110 0.00017 0.29873 ( 2)
 155 N   0.87414 0.00015 0.11695 0.00877 ( 1)
 156 T   0.00000 0.33684 0.00000 0.66316 ( 4)
 157 N   0.00000 0.29271 0.00001 0.70729 ( 4)
 158 -   0.02792 0.18622 0.08443 0.70143 ( 4)
 159 S   0.00010 0.71309 0.00423 0.28258 ( 2)
 160 Q   0.00003 0.08061 0.00032 0.91904 ( 4)
 161 D   0.00001 0.03869 0.00008 0.96122 ( 4)
 162 L   0.06536 0.02363 0.03346 0.87755 ( 4)
 163 F   0.09628 0.00709 0.86292 0.03371 ( 3)
 164 L   0.30245 0.00171 0.66981 0.02603 ( 3)
 165 D   0.86787 0.00018 0.10563 0.02632 ( 1)
 166 R   0.68298 0.00085 0.30168 0.01449 ( 1)
 167 I   0.33965 0.02100 0.06102 0.57833 ( 4)
 168 E   0.86503 0.00005 0.12809 0.00683 ( 1)
 169 -   0.57361 0.00780 0.11892 0.29967 ( 1)
 170 -   0.50658 0.00182 0.47311 0.01849 ( 1)
 171 -   0.16167 0.21651 0.26582 0.35599 ( 4)


lnL = -3236.125382

