Supplemental results for CODEML (seqf: algn  treef: tree)


dN/dS (w) for site classes (K=4)

site class             0        1       2a       2b
proportion       0.87353  0.09206  0.03112  0.00328
background w     0.15428  1.00000  0.15428  1.00000
foreground w     0.15428  1.00000 17.52253 17.52253

Naive Empirical Bayes (NEB) probabilities for 4 classes
(amino acids refer to 1st sequence: BT_Cry1A-like)

   1 E   0.99532 0.00143 0.00325 0.00001 ( 1)
   2 F   0.99627 0.00000 0.00373 0.00000 ( 1)
   3 V   0.99351 0.00082 0.00566 0.00001 ( 1)
   4 P   0.99330 0.00130 0.00539 0.00001 ( 1)
   5 G   0.97945 0.00361 0.01687 0.00007 ( 1)
   6 A   0.99446 0.00070 0.00484 0.00000 ( 1)
   7 G   0.98971 0.00038 0.00991 0.00000 ( 1)
   8 F   0.99622 0.00005 0.00373 0.00000 ( 1)
   9 V   0.76449 0.22925 0.00437 0.00190 ( 1)
  10 L   0.89472 0.09945 0.00511 0.00073 ( 1)
  11 G   0.99338 0.00001 0.00661 0.00000 ( 1)
  12 L   0.99277 0.00021 0.00702 0.00000 ( 1)
  13 V   0.64870 0.33464 0.01065 0.00600 ( 1)
  14 D   0.99543 0.00020 0.00437 0.00000 ( 1)
  15 I   0.73234 0.26040 0.00518 0.00209 ( 1)
  16 I   0.99556 0.00001 0.00443 0.00000 ( 1)
  17 W   0.98319 0.00264 0.01413 0.00004 ( 1)
  18 G   0.98710 0.00040 0.01250 0.00001 ( 1)
  19 I   0.98114 0.01512 0.00367 0.00007 ( 1)
  20 F   0.26038 0.00151 0.73779 0.00032 ( 3)
  21 G   0.98730 0.00059 0.01210 0.00001 ( 1)
  22 P   0.97210 0.01616 0.01150 0.00024 ( 1)
  23 S   0.98096 0.00287 0.01613 0.00005 ( 1)
  24 Q   0.99139 0.00254 0.00605 0.00002 ( 1)
  25 W   0.96835 0.01747 0.01392 0.00026 ( 1)
  26 -   0.87353 0.09206 0.03112 0.00328 ( 1)
  27 D   0.68363 0.00012 0.31625 0.00001 ( 1)
  28 A   0.97730 0.01846 0.00414 0.00010 ( 1)
  29 F   0.99627 0.00000 0.00373 0.00000 ( 1)
  30 L   0.99277 0.00021 0.00702 0.00000 ( 1)
  31 V   0.95696 0.03921 0.00364 0.00019 ( 1)
  32 Q   0.99250 0.00005 0.00746 0.00000 ( 1)
  33 I   0.98477 0.00001 0.01522 0.00000 ( 1)
  34 E   0.99149 0.00001 0.00850 0.00000 ( 1)
  35 Q   0.98989 0.00404 0.00604 0.00003 ( 1)
  36 L   0.98881 0.00022 0.01096 0.00000 ( 1)
  37 I   0.99579 0.00000 0.00420 0.00000 ( 1)
  38 N   0.71097 0.22144 0.06308 0.00451 ( 1)
  39 Q   0.99388 0.00005 0.00607 0.00000 ( 1)
  40 R   0.99571 0.00004 0.00424 0.00000 ( 1)
  41 I   0.99556 0.00000 0.00443 0.00000 ( 1)
  42 -   0.87353 0.09206 0.03112 0.00328 ( 1)
  43 E   0.99148 0.00007 0.00844 0.00000 ( 1)
  44 N   0.99556 0.00008 0.00436 0.00000 ( 1)
  45 S   0.95093 0.04528 0.00358 0.00021 ( 1)
  46 L   0.99576 0.00046 0.00378 0.00000 ( 1)
  47 G   0.98845 0.00176 0.00977 0.00002 ( 1)
  48 T   0.99039 0.00085 0.00875 0.00001 ( 1)
  49 K   0.93248 0.06130 0.00579 0.00043 ( 1)
  50 P   0.99524 0.00037 0.00439 0.00000 ( 1)
  51 F   0.99579 0.00001 0.00420 0.00000 ( 1)
  52 L   0.87353 0.09206 0.03112 0.00328 ( 1)
  53 D   0.87353 0.09206 0.03112 0.00328 ( 1)
  54 W   0.87353 0.09206 0.03112 0.00328 ( 1)
  55 K   0.69267 0.30305 0.00283 0.00145 ( 1)
  56 A   0.98451 0.01124 0.00419 0.00006 ( 1)
  57 K   0.98136 0.01156 0.00699 0.00009 ( 1)
  58 Q   0.99534 0.00024 0.00441 0.00000 ( 1)
  59 -   0.87353 0.09206 0.03112 0.00328 ( 1)
  60 S   0.99158 0.00353 0.00486 0.00002 ( 1)
  61 L   0.97720 0.01549 0.00718 0.00013 ( 1)
  62 S   0.15590 0.83260 0.00172 0.00978 ( 2)
  63 N   0.99624 0.00053 0.00323 0.00000 ( 1)
  64 L   0.01079 0.00006 0.98903 0.00012 ( 3)
  65 R   0.99451 0.00098 0.00450 0.00001 ( 1)
  66 R   0.01615 0.97134 0.00019 0.01232 ( 2)
  67 I   0.81846 0.00114 0.18036 0.00005 ( 1)
  68 -   0.99488 0.00061 0.00451 0.00000 ( 1)
  69 -   0.96181 0.03369 0.00431 0.00019 ( 1)
  70 -   0.29141 0.70277 0.00133 0.00449 ( 2)
  71 -   0.40680 0.00701 0.58470 0.00149 ( 3)
  72 F   0.99627 0.00000 0.00373 0.00000 ( 1)
  73 R   0.77433 0.20803 0.01379 0.00385 ( 1)
  74 E   0.29134 0.69528 0.00378 0.00960 ( 2)
  75 W   0.98319 0.00264 0.01413 0.00004 ( 1)
  76 E   0.99558 0.00000 0.00442 0.00000 ( 1)
  77 A   0.04853 0.20636 0.65180 0.09332 ( 3)
  78 D   0.99637 0.00002 0.00360 0.00000 ( 1)
  79 P   0.98463 0.00001 0.01535 0.00000 ( 1)
  80 T   0.99458 0.00074 0.00468 0.00000 ( 1)
  81 N   0.99677 0.00000 0.00323 0.00000 ( 1)
  82 P   0.99574 0.00002 0.00424 0.00000 ( 1)
  83 A   0.99555 0.00005 0.00439 0.00000 ( 1)
  84 L   0.98887 0.00011 0.01101 0.00000 ( 1)
  85 R   0.95947 0.03624 0.00411 0.00018 ( 1)
  86 E   0.99563 0.00001 0.00436 0.00000 ( 1)
  87 E   0.99153 0.00076 0.00771 0.00001 ( 1)
  88 M   0.99672 0.00008 0.00320 0.00000 ( 1)
  89 R   0.99555 0.00001 0.00444 0.00000 ( 1)
  90 I   0.98244 0.00184 0.01569 0.00004 ( 1)
  91 Q   0.99388 0.00006 0.00607 0.00000 ( 1)
  92 F   0.99624 0.00002 0.00373 0.00000 ( 1)
  93 N   0.99676 0.00001 0.00323 0.00000 ( 1)
  94 A   0.34668 0.10344 0.52517 0.02470 ( 3)
  95 R   0.99544 0.00136 0.00320 0.00001 ( 1)
  96 T   0.97711 0.01962 0.00318 0.00008 ( 1)
  97 S   0.99709 0.00001 0.00290 0.00000 ( 1)
  98 A   0.90259 0.09355 0.00343 0.00044 ( 1)
  99 L   0.98438 0.00010 0.01552 0.00000 ( 1)
 100 T   0.97947 0.01606 0.00438 0.00009 ( 1)
 101 T   0.63918 0.06268 0.29355 0.00458 ( 1)
 102 A   0.99611 0.00011 0.00378 0.00000 ( 1)
 103 I   0.99580 0.00000 0.00420 0.00000 ( 1)
 104 P   0.99565 0.00011 0.00424 0.00000 ( 1)
 105 L   0.99604 0.00004 0.00393 0.00000 ( 1)
 106 F   0.94835 0.04395 0.00733 0.00037 ( 1)
 107 A   0.82377 0.17185 0.00352 0.00086 ( 1)
 108 V   0.99488 0.00001 0.00511 0.00000 ( 1)
 109 Q   0.99409 0.00110 0.00480 0.00001 ( 1)
 110 N   0.99598 0.00079 0.00323 0.00000 ( 1)
 111 Y   0.99547 0.00003 0.00450 0.00000 ( 1)
 112 Q   0.95179 0.04379 0.00418 0.00024 ( 1)
 113 V   0.99397 0.00005 0.00598 0.00000 ( 1)
 114 P   0.99414 0.00207 0.00378 0.00001 ( 1)
 115 L   0.99585 0.00023 0.00393 0.00000 ( 1)
 116 L   0.99283 0.00016 0.00701 0.00000 ( 1)
 117 S   0.97805 0.01085 0.01096 0.00014 ( 1)
 118 V   0.99481 0.00001 0.00518 0.00000 ( 1)
 119 Y   0.99547 0.00003 0.00450 0.00000 ( 1)
 120 V   0.99486 0.00002 0.00511 0.00000 ( 1)
 121 Q   0.98391 0.00311 0.01294 0.00004 ( 1)
 122 A   0.99543 0.00015 0.00442 0.00000 ( 1)
 123 A   0.99406 0.00155 0.00438 0.00001 ( 1)
 124 N   0.99639 0.00033 0.00328 0.00000 ( 1)
 125 L   0.99163 0.00136 0.00700 0.00001 ( 1)
 126 M   0.98460 0.00378 0.01158 0.00005 ( 1)
 127 F   0.91555 0.07627 0.00749 0.00069 ( 1)
 128 S   0.99574 0.00019 0.00407 0.00000 ( 1)
 129 T   0.79479 0.19289 0.00977 0.00256 ( 1)
 130 -   0.81455 0.17826 0.00577 0.00142 ( 1)
 131 -   0.99361 0.00212 0.00426 0.00001 ( 1)
 132 -   0.99636 0.00004 0.00360 0.00000 ( 1)
 133 -   0.99445 0.00044 0.00511 0.00000 ( 1)
 134 -   0.16370 0.82814 0.00124 0.00692 ( 2)
 135 -   0.98261 0.01225 0.00506 0.00008 ( 1)
 136 -   0.39634 0.00209 0.60108 0.00049 ( 3)
 137 -   0.99628 0.00005 0.00367 0.00000 ( 1)
 138 -   0.92258 0.06439 0.01214 0.00089 ( 1)
 139 -   0.37172 0.61802 0.00323 0.00702 ( 2)
 140 -   0.51338 0.47213 0.00738 0.00711 ( 1)
 141 -   0.98532 0.00003 0.01464 0.00000 ( 1)
 142 -   0.87353 0.09206 0.03112 0.00328 ( 1)
 143 -   0.87353 0.09206 0.03112 0.00328 ( 1)
 144 -   0.87353 0.09206 0.03112 0.00328 ( 1)
 145 -   0.87353 0.09206 0.03112 0.00328 ( 1)
 146 -   0.87353 0.09206 0.03112 0.00328 ( 1)
 147 -   0.87353 0.09206 0.03112 0.00328 ( 1)
 148 -   0.87353 0.09206 0.03112 0.00328 ( 1)
 149 -   0.87353 0.09206 0.03112 0.00328 ( 1)
 150 -   0.99602 0.00022 0.00375 0.00000 ( 1)
 151 -   0.98636 0.00152 0.01210 0.00002 ( 1)
 152 -   0.87353 0.09206 0.03112 0.00328 ( 1)
 153 -   0.02623 0.96728 0.00015 0.00633 ( 2)
 154 -   0.67535 0.31216 0.00838 0.00411 ( 1)
 155 -   0.99626 0.00015 0.00358 0.00000 ( 1)
 156 -   0.77352 0.21005 0.01285 0.00358 ( 1)
 157 -   0.99671 0.00006 0.00323 0.00000 ( 1)
 158 -   0.20260 0.72233 0.01215 0.06292 ( 2)
 159 -   0.93996 0.05556 0.00420 0.00028 ( 1)
 160 -   0.99392 0.00158 0.00450 0.00001 ( 1)
 161 -   0.98866 0.00040 0.01093 0.00000 ( 1)
 162 -   0.99631 0.00009 0.00360 0.00000 ( 1)
 163 -   0.99248 0.00030 0.00722 0.00000 ( 1)
 164 -   0.99638 0.00004 0.00358 0.00000 ( 1)
 165 -   0.89154 0.09860 0.00882 0.00105 ( 1)
 166 -   0.98866 0.00741 0.00390 0.00003 ( 1)
 167 -   0.99579 0.00000 0.00420 0.00000 ( 1)
 168 -   0.18838 0.80763 0.00063 0.00335 ( 2)
 169 -   0.06824 0.92494 0.00035 0.00646 ( 2)
 170 -   0.99541 0.00008 0.00450 0.00000 ( 1)
 171 -   0.99641 0.00001 0.00358 0.00000 ( 1)
 172 -   0.99623 0.00001 0.00375 0.00000 ( 1)
 173 -   0.99608 0.00058 0.00334 0.00000 ( 1)
 174 -   0.96446 0.03148 0.00391 0.00015 ( 1)
 175 -   0.98743 0.00045 0.01211 0.00001 ( 1)
 176 -   0.32017 0.67513 0.00118 0.00353 ( 2)
 177 -   0.83528 0.15201 0.01066 0.00205 ( 1)
 178 -   0.99448 0.00101 0.00450 0.00001 ( 1)
 179 -   0.99677 0.00000 0.00323 0.00000 ( 1)
 180 -   0.37639 0.61773 0.00186 0.00402 ( 2)
 181 -   0.98709 0.00004 0.01287 0.00000 ( 1)
 182 -   0.98839 0.00020 0.01141 0.00000 ( 1)
 183 -   0.29725 0.68735 0.00401 0.01139 ( 2)
 184 -   0.98885 0.00566 0.00545 0.00004 ( 1)
 185 -   0.99252 0.00041 0.00707 0.00000 ( 1)
 186 -   0.08264 0.90885 0.00065 0.00786 ( 2)
 187 -   0.99243 0.00271 0.00485 0.00002 ( 1)
 188 -   0.01691 0.97759 0.00008 0.00542 ( 2)
 189 -   0.73883 0.25054 0.00774 0.00289 ( 1)
 190 -   0.40577 0.58264 0.00456 0.00703 ( 2)
 191 -   0.67951 0.28608 0.02421 0.01019 ( 1)
 192 -   0.94436 0.04611 0.00906 0.00048 ( 1)
 193 -   0.94893 0.04736 0.00347 0.00024 ( 1)
 194 -   0.98187 0.00395 0.01411 0.00006 ( 1)
 195 -   0.96993 0.02478 0.00511 0.00018 ( 1)
 196 -   0.98961 0.00466 0.00569 0.00003 ( 1)
 197 -   0.99481 0.00068 0.00451 0.00000 ( 1)
 198 -   0.99676 0.00001 0.00323 0.00000 ( 1)
 199 -   0.91521 0.06674 0.01678 0.00127 ( 1)
 200 -   0.99621 0.00001 0.00379 0.00000 ( 1)
 201 -   0.98970 0.00007 0.01022 0.00000 ( 1)
 202 -   0.99574 0.00002 0.00424 0.00000 ( 1)
 203 -   0.52980 0.00201 0.46794 0.00026 ( 1)
 204 -   0.99049 0.00243 0.00706 0.00002 ( 1)
 205 -   0.99577 0.00002 0.00422 0.00000 ( 1)
 206 -   0.99551 0.00027 0.00421 0.00000 ( 1)
 207 -   0.98993 0.00117 0.00889 0.00001 ( 1)
 208 -   0.99433 0.00002 0.00565 0.00000 ( 1)
 209 -   0.98995 0.00020 0.00985 0.00000 ( 1)
 210 -   0.99640 0.00000 0.00360 0.00000 ( 1)
 211 -   0.99571 0.00009 0.00420 0.00000 ( 1)
 212 -   0.99506 0.00033 0.00461 0.00000 ( 1)
 213 -   0.98276 0.01344 0.00374 0.00006 ( 1)
 214 -   0.99573 0.00054 0.00373 0.00000 ( 1)
 215 -   0.99028 0.00023 0.00949 0.00000 ( 1)
 216 -   0.07052 0.92341 0.00038 0.00568 ( 2)
 217 -   0.99676 0.00001 0.00323 0.00000 ( 1)


lnL = -4534.033037

Bayes Empirical Bayes (BEB) probabilities for 4 classes (class)
(amino acids refer to 1st sequence: BT_Cry1A-like)

   1 E   0.97146 0.00160 0.02688 0.00005 ( 1)
   2 F   0.97177 0.00000 0.02823 0.00000 ( 1)
   3 V   0.96718 0.00090 0.03188 0.00003 ( 1)
   4 P   0.96216 0.00141 0.03637 0.00005 ( 1)
   5 G   0.95125 0.00406 0.04449 0.00019 ( 1)
   6 A   0.96556 0.00076 0.03365 0.00003 ( 1)
   7 G   0.95657 0.00041 0.04300 0.00002 ( 1)
   8 F   0.97171 0.00006 0.02823 0.00000 ( 1)
   9 V   0.71749 0.25027 0.02288 0.00937 ( 1)
  10 L   0.85715 0.11029 0.02852 0.00405 ( 1)
  11 G   0.96773 0.00001 0.03226 0.00000 ( 1)
  12 L   0.96121 0.00022 0.03856 0.00001 ( 1)
  13 V   0.59244 0.36047 0.02915 0.01794 ( 1)
  14 D   0.96972 0.00022 0.03005 0.00001 ( 1)
  15 I   0.67644 0.28385 0.02777 0.01194 ( 1)
  16 I   0.97060 0.00001 0.02939 0.00000 ( 1)
  17 W   0.94651 0.00281 0.05054 0.00014 ( 1)
  18 G   0.95124 0.00043 0.04831 0.00002 ( 1)
  19 I   0.95425 0.01743 0.02776 0.00057 ( 1)
  20 F   0.27569 0.00196 0.72196 0.00039 ( 3)
  21 G   0.95185 0.00064 0.04747 0.00003 ( 1)
  22 P   0.93576 0.01789 0.04545 0.00090 ( 1)
  23 S   0.94434 0.00315 0.05234 0.00017 ( 1)
  24 Q   0.95931 0.00281 0.03777 0.00011 ( 1)
  25 W   0.93027 0.01902 0.04974 0.00098 ( 1)
  26 -   0.83542 0.09771 0.06040 0.00648 ( 1)
  27 D   0.52591 0.00010 0.47397 0.00001 ( 1)
  28 A   0.95007 0.02129 0.02793 0.00071 ( 1)
  29 F   0.97177 0.00000 0.02823 0.00000 ( 1)
  30 L   0.96121 0.00023 0.03856 0.00001 ( 1)
  31 V   0.92540 0.04509 0.02801 0.00150 ( 1)
  32 Q   0.96080 0.00005 0.03915 0.00000 ( 1)
  33 I   0.96254 0.00001 0.03745 0.00000 ( 1)
  34 E   0.95857 0.00001 0.04142 0.00000 ( 1)
  35 Q   0.95772 0.00439 0.03771 0.00018 ( 1)
  36 L   0.95316 0.00023 0.04659 0.00001 ( 1)
  37 I   0.97150 0.00000 0.02850 0.00000 ( 1)
  38 N   0.60853 0.22483 0.15269 0.01394 ( 1)
  39 Q   0.96207 0.00006 0.03787 0.00000 ( 1)
  40 R   0.96681 0.00005 0.03315 0.00000 ( 1)
  41 I   0.97061 0.00000 0.02939 0.00000 ( 1)
  42 -   0.83542 0.09771 0.06040 0.00648 ( 1)
  43 E   0.96507 0.00008 0.03486 0.00000 ( 1)
  44 N   0.96987 0.00008 0.03004 0.00000 ( 1)
  45 S   0.92014 0.05134 0.02685 0.00167 ( 1)
  46 L   0.97023 0.00051 0.02924 0.00002 ( 1)
  47 G   0.95292 0.00190 0.04509 0.00009 ( 1)
  48 T   0.95561 0.00092 0.04344 0.00004 ( 1)
  49 K   0.89300 0.06878 0.03544 0.00278 ( 1)
  50 P   0.96814 0.00039 0.03146 0.00001 ( 1)
  51 F   0.97149 0.00001 0.02850 0.00000 ( 1)
  52 L   0.83542 0.09771 0.06040 0.00648 ( 1)
  53 D   0.83542 0.09771 0.06040 0.00648 ( 1)
  54 W   0.83542 0.09771 0.06040 0.00648 ( 1)
  55 K   0.63864 0.32748 0.02194 0.01194 ( 1)
  56 A   0.95383 0.01296 0.03274 0.00047 ( 1)
  57 K   0.94853 0.01281 0.03814 0.00053 ( 1)
  58 Q   0.96963 0.00027 0.03010 0.00001 ( 1)
  59 -   0.83542 0.09771 0.06040 0.00648 ( 1)
  60 S   0.96234 0.00391 0.03361 0.00014 ( 1)
  61 L   0.94388 0.01731 0.03810 0.00071 ( 1)
  62 S   0.13960 0.81138 0.00727 0.04175 ( 2)
  63 N   0.97253 0.00060 0.02685 0.00002 ( 1)
  64 L   0.02320 0.00016 0.97651 0.00013 ( 3)
  65 R   0.96672 0.00108 0.03216 0.00004 ( 1)
  66 R   0.01391 0.93908 0.00067 0.04635 ( 2)
  67 I   0.66666 0.00110 0.33215 0.00009 ( 1)
  68 -   0.96715 0.00065 0.03218 0.00002 ( 1)
  69 -   0.92835 0.03869 0.03155 0.00141 ( 1)
  70 -   0.25732 0.70743 0.00845 0.02680 ( 2)
  71 -   0.37916 0.00804 0.61108 0.00173 ( 3)
  72 F   0.97177 0.00000 0.02823 0.00000 ( 1)
  73 R   0.71959 0.22606 0.04183 0.01251 ( 1)
  74 E   0.25860 0.69115 0.01387 0.03637 ( 2)
  75 W   0.94651 0.00281 0.05054 0.00014 ( 1)
  76 E   0.96989 0.00000 0.03011 0.00000 ( 1)
  77 A   0.07042 0.37428 0.45430 0.10099 ( 3)
  78 D   0.97338 0.00003 0.02660 0.00000 ( 1)
  79 P   0.94821 0.00001 0.05178 0.00000 ( 1)
  80 T   0.96577 0.00082 0.03338 0.00003 ( 1)
  81 N   0.97313 0.00000 0.02687 0.00000 ( 1)
  82 P   0.96598 0.00002 0.03400 0.00000 ( 1)
  83 A   0.96847 0.00006 0.03147 0.00000 ( 1)
  84 L   0.95326 0.00012 0.04662 0.00001 ( 1)
  85 R   0.92504 0.04161 0.03184 0.00151 ( 1)
  86 E   0.96995 0.00001 0.03004 0.00000 ( 1)
  87 E   0.95792 0.00082 0.04123 0.00004 ( 1)
  88 M   0.96870 0.00008 0.03121 0.00000 ( 1)
  89 R   0.96512 0.00001 0.03486 0.00000 ( 1)
  90 I   0.94816 0.00205 0.04967 0.00011 ( 1)
  91 Q   0.96207 0.00006 0.03787 0.00000 ( 1)
  92 F   0.97174 0.00003 0.02823 0.00000 ( 1)
  93 N   0.97312 0.00001 0.02687 0.00000 ( 1)
  94 A   0.31973 0.11768 0.53486 0.02773 ( 3)
  95 R   0.96726 0.00152 0.03117 0.00005 ( 1)
  96 T   0.95066 0.02233 0.02631 0.00070 ( 1)
  97 S   0.97152 0.00001 0.02847 0.00000 ( 1)
  98 A   0.86405 0.10616 0.02625 0.00354 ( 1)
  99 L   0.94803 0.00011 0.05186 0.00001 ( 1)
 100 T   0.95189 0.01857 0.02891 0.00063 ( 1)
 101 T   0.48833 0.05850 0.44556 0.00761 ( 1)
 102 A   0.97062 0.00012 0.02925 0.00000 ( 1)
 103 I   0.97150 0.00000 0.02850 0.00000 ( 1)
 104 P   0.96588 0.00012 0.03399 0.00000 ( 1)
 105 L   0.96889 0.00004 0.03107 0.00000 ( 1)
 106 F   0.90899 0.05101 0.03788 0.00213 ( 1)
 107 A   0.77310 0.19289 0.02692 0.00709 ( 1)
 108 V   0.97010 0.00001 0.02989 0.00000 ( 1)
 109 Q   0.96331 0.00120 0.03544 0.00005 ( 1)
 110 N   0.97224 0.00089 0.02684 0.00003 ( 1)
 111 Y   0.96778 0.00003 0.03219 0.00000 ( 1)
 112 Q   0.91930 0.05037 0.02860 0.00173 ( 1)
 113 V   0.96764 0.00005 0.03230 0.00000 ( 1)
 114 P   0.96841 0.00231 0.02920 0.00008 ( 1)
 115 L   0.96868 0.00024 0.03107 0.00001 ( 1)
 116 L   0.96127 0.00017 0.03855 0.00001 ( 1)
 117 S   0.94307 0.01204 0.04431 0.00058 ( 1)
 118 V   0.97006 0.00001 0.02993 0.00000 ( 1)
 119 Y   0.96778 0.00003 0.03219 0.00000 ( 1)
 120 V   0.97008 0.00003 0.02989 0.00000 ( 1)
 121 Q   0.94728 0.00342 0.04913 0.00017 ( 1)
 122 A   0.96834 0.00016 0.03149 0.00001 ( 1)
 123 A   0.96678 0.00174 0.03141 0.00006 ( 1)
 124 N   0.97269 0.00037 0.02692 0.00001 ( 1)
 125 L   0.95996 0.00147 0.03850 0.00006 ( 1)
 126 M   0.94818 0.00420 0.04741 0.00020 ( 1)
 127 F   0.87394 0.08479 0.03761 0.00367 ( 1)
 128 S   0.96737 0.00020 0.03242 0.00001 ( 1)
 129 T   0.73860 0.21355 0.03728 0.01057 ( 1)
 130 -   0.76735 0.19332 0.03128 0.00805 ( 1)
 131 -   0.96447 0.00235 0.03310 0.00008 ( 1)
 132 -   0.97336 0.00004 0.02660 0.00000 ( 1)
 133 -   0.96963 0.00048 0.02988 0.00002 ( 1)
 134 -   0.14537 0.81152 0.00641 0.03670 ( 2)
 135 -   0.95635 0.01366 0.02951 0.00047 ( 1)
 136 -   0.38617 0.00249 0.61080 0.00055 ( 3)
 137 -   0.97016 0.00005 0.02979 0.00000 ( 1)
 138 -   0.87869 0.07185 0.04585 0.00362 ( 1)
 139 -   0.34326 0.61547 0.01403 0.02724 ( 2)
 140 -   0.46849 0.47977 0.02602 0.02571 ( 2)
 141 -   0.94907 0.00003 0.05089 0.00000 ( 1)
 142 -   0.83542 0.09771 0.06040 0.00648 ( 1)
 143 -   0.83542 0.09771 0.06040 0.00648 ( 1)
 144 -   0.83542 0.09771 0.06040 0.00648 ( 1)
 145 -   0.83542 0.09771 0.06040 0.00648 ( 1)
 146 -   0.83542 0.09771 0.06040 0.00648 ( 1)
 147 -   0.83542 0.09771 0.06040 0.00648 ( 1)
 148 -   0.83542 0.09771 0.06040 0.00648 ( 1)
 149 -   0.83542 0.09771 0.06040 0.00648 ( 1)
 150 -   0.97148 0.00024 0.02827 0.00001 ( 1)
 151 -   0.95722 0.00170 0.04101 0.00008 ( 1)
 152 -   0.83542 0.09771 0.06040 0.00648 ( 1)
 153 -   0.02281 0.93636 0.00093 0.03991 ( 2)
 154 -   0.62040 0.33095 0.03202 0.01664 ( 1)
 155 -   0.96977 0.00017 0.03005 0.00001 ( 1)
 156 -   0.72203 0.22552 0.04042 0.01203 ( 1)
 157 -   0.97307 0.00006 0.02686 0.00000 ( 1)
 158 -   0.17664 0.72582 0.01802 0.07952 ( 2)
 159 -   0.90256 0.06232 0.03278 0.00234 ( 1)
 160 -   0.96606 0.00174 0.03214 0.00006 ( 1)
 161 -   0.95280 0.00043 0.04674 0.00002 ( 1)
 162 -   0.97331 0.00010 0.02659 0.00000 ( 1)
 163 -   0.96097 0.00032 0.03869 0.00001 ( 1)
 164 -   0.96989 0.00005 0.03006 0.00000 ( 1)
 165 -   0.84535 0.10917 0.04037 0.00511 ( 1)
 166 -   0.96049 0.00840 0.03082 0.00029 ( 1)
 167 -   0.97150 0.00000 0.02850 0.00000 ( 1)
 168 -   0.16849 0.79754 0.00545 0.02852 ( 2)
 169 -   0.06052 0.90334 0.00197 0.03417 ( 2)
 170 -   0.96772 0.00009 0.03219 0.00000 ( 1)
 171 -   0.96993 0.00001 0.03006 0.00000 ( 1)
 172 -   0.97307 0.00001 0.02692 0.00000 ( 1)
 173 -   0.96948 0.00064 0.02986 0.00002 ( 1)
 174 -   0.93112 0.03616 0.03143 0.00129 ( 1)
 175 -   0.95227 0.00048 0.04723 0.00002 ( 1)
 176 -   0.29157 0.67712 0.00834 0.02298 ( 2)
 177 -   0.78741 0.16355 0.04082 0.00821 ( 1)
 178 -   0.96671 0.00108 0.03217 0.00004 ( 1)
 179 -   0.97313 0.00000 0.02687 0.00000 ( 1)
 180 -   0.34258 0.62418 0.01077 0.02248 ( 2)
 181 -   0.95389 0.00005 0.04607 0.00000 ( 1)
 182 -   0.95841 0.00021 0.04137 0.00001 ( 1)
 183 -   0.26344 0.69179 0.01167 0.03310 ( 2)
 184 -   0.96236 0.00631 0.03111 0.00022 ( 1)
 185 -   0.96095 0.00044 0.03860 0.00002 ( 1)
 186 -   0.07319 0.88232 0.00335 0.04115 ( 2)
 187 -   0.96330 0.00300 0.03359 0.00011 ( 1)
 188 -   0.01470 0.94724 0.00054 0.03752 ( 2)
 189 -   0.68109 0.27256 0.03321 0.01315 ( 1)
 190 -   0.36619 0.58539 0.01880 0.02963 ( 2)
 191 -   0.63740 0.29573 0.04690 0.01997 ( 1)
 192 -   0.90522 0.05170 0.04076 0.00231 ( 1)
 193 -   0.91833 0.05465 0.02528 0.00174 ( 1)
 194 -   0.94511 0.00421 0.05047 0.00022 ( 1)
 195 -   0.94114 0.02853 0.02932 0.00101 ( 1)
 196 -   0.96275 0.00519 0.03186 0.00019 ( 1)
 197 -   0.96705 0.00075 0.03218 0.00003 ( 1)
 198 -   0.97312 0.00001 0.02687 0.00000 ( 1)
 199 -   0.87202 0.07334 0.05061 0.00404 ( 1)
 200 -   0.97170 0.00001 0.02830 0.00000 ( 1)
 201 -   0.95459 0.00008 0.04532 0.00000 ( 1)
 202 -   0.96683 0.00002 0.03315 0.00000 ( 1)
 203 -   0.43173 0.00196 0.56597 0.00034 ( 3)
 204 -   0.95874 0.00264 0.03852 0.00011 ( 1)
 205 -   0.96767 0.00002 0.03231 0.00000 ( 1)
 206 -   0.97120 0.00029 0.02850 0.00001 ( 1)
 207 -   0.95890 0.00129 0.03975 0.00006 ( 1)
 208 -   0.96808 0.00002 0.03189 0.00000 ( 1)
 209 -   0.95886 0.00022 0.04092 0.00001 ( 1)
 210 -   0.97340 0.00000 0.02660 0.00000 ( 1)
 211 -   0.97141 0.00009 0.02850 0.00000 ( 1)
 212 -   0.97001 0.00036 0.02961 0.00001 ( 1)
 213 -   0.95538 0.01528 0.02884 0.00051 ( 1)
 214 -   0.97118 0.00059 0.02821 0.00002 ( 1)
 215 -   0.95533 0.00025 0.04441 0.00001 ( 1)
 216 -   0.06354 0.89631 0.00254 0.03761 ( 2)
 217 -   0.97312 0.00001 0.02687 0.00000 ( 1)

