Supplemental results for CODEML (seqf: algn  treef: tree)


dN/dS (w) for site classes (K=4)

site class             0        1       2a       2b
proportion       0.16192  0.18555  0.30407  0.34846
background w     0.06663  0.38328  0.06663  0.38328
foreground w     0.06663  0.38328  0.04445  0.04445

Naive Empirical Bayes (NEB) probabilities for 4 classes
(amino acids refer to 1st sequence: BT_Cry32Ja1)

   1 -   0.19334 0.15413 0.36308 0.28945 ( 3)
   2 -   0.23244 0.11503 0.43651 0.21602 ( 3)
   3 A   0.01939 0.32808 0.03642 0.61611 ( 4)
   4 A   0.00025 0.27924 0.00047 0.72004 ( 4)
   5 A   0.07033 0.23044 0.13465 0.56458 ( 4)
   6 A   0.21371 0.09178 0.41557 0.27894 ( 3)
   7 V   0.05175 0.21310 0.10051 0.63464 ( 4)
   8 G   0.02519 0.24039 0.04871 0.68571 ( 4)
   9 I   0.13926 0.16971 0.26670 0.42433 ( 4)
  10 I   0.01826 0.28660 0.03479 0.66034 ( 4)
  11 S   0.18227 0.12209 0.35495 0.34070 ( 3)
  12 V   0.02001 0.24753 0.03892 0.69354 ( 4)
  13 L   0.22893 0.10357 0.44096 0.22654 ( 3)
  14 L   0.01089 0.25231 0.02109 0.71571 ( 4)
  15 P   0.02451 0.24176 0.04734 0.68638 ( 4)
  16 L   0.00060 0.28407 0.00114 0.71419 ( 4)
  17 L   0.31430 0.02326 0.60313 0.05931 ( 3)
  18 W   0.27604 0.06304 0.52350 0.13742 ( 3)
  19 P   0.32894 0.00938 0.63516 0.02651 ( 3)
  20 D   0.02463 0.25661 0.04740 0.67136 ( 4)
  21 Q   0.10686 0.17030 0.20792 0.51493 ( 4)
  22 A   0.18690 0.39786 0.23954 0.17570 ( 2)
  23 G   0.25551 0.06206 0.49577 0.18666 ( 3)
  24 P   0.24230 0.07928 0.46604 0.21238 ( 3)
  25 P   0.24230 0.07928 0.46604 0.21238 ( 3)
  26 G   0.23432 0.08291 0.45239 0.23039 ( 3)
  27 T   0.25689 0.06369 0.49678 0.18264 ( 3)
  28 T   0.02903 0.27979 0.05528 0.63590 ( 4)
  29 E   0.00986 0.68075 0.01270 0.29668 ( 2)
  30 A   0.07595 0.22866 0.14505 0.55034 ( 4)
  31 Q   0.09436 0.19434 0.18175 0.52955 ( 4)
  32 F   0.08354 0.52229 0.10836 0.28582 ( 2)
  33 T   0.16281 0.15055 0.31215 0.37450 ( 4)
  34 W   0.27604 0.06304 0.52350 0.13742 ( 3)
  35 D   0.28429 0.04096 0.55252 0.12222 ( 3)
  36 Q   0.09967 0.20591 0.19066 0.50375 ( 4)
  37 W   0.01324 0.30444 0.02510 0.65722 ( 4)
  38 I   0.24240 0.07052 0.47058 0.21649 ( 3)
  39 T   0.05428 0.56594 0.07003 0.30975 ( 2)
  40 A   0.03580 0.22734 0.06937 0.66750 ( 4)
  41 G   0.22990 0.09393 0.44095 0.23522 ( 3)
  42 E   0.33181 0.00480 0.64811 0.01529 ( 3)
  43 E   0.30991 0.18941 0.39979 0.10089 ( 3)
  44 L   0.08732 0.18274 0.16950 0.56044 ( 4)
  45 A   0.01310 0.23019 0.02561 0.73111 ( 4)
  46 A   0.20785 0.10442 0.40391 0.28382 ( 3)
  47 Q   0.32759 0.01112 0.63099 0.03030 ( 3)
  48 T   0.13888 0.20148 0.26668 0.39296 ( 4)
  49 V   0.30007 0.03145 0.58030 0.08817 ( 3)
  50 S   0.00148 0.24231 0.00288 0.75334 ( 4)
  51 T   0.00039 0.41884 0.00061 0.58015 ( 4)
  52 S   0.00168 0.31102 0.00315 0.68415 ( 4)
  53 V   0.03301 0.22892 0.06369 0.67438 ( 4)
  54 K   0.29418 0.15377 0.41019 0.14186 ( 3)
  55 D   0.03090 0.27094 0.05918 0.63898 ( 4)
  56 R   0.07392 0.23256 0.14104 0.55248 ( 4)
  57 A   0.32995 0.00783 0.63929 0.02292 ( 3)
  58 I   0.23383 0.09465 0.44697 0.22456 ( 3)
  59 D   0.12932 0.15366 0.25187 0.46515 ( 4)
  60 T   0.03149 0.23761 0.06088 0.67001 ( 4)
  61 T   0.00619 0.28085 0.01186 0.70111 ( 4)
  62 R   0.00162 0.29617 0.00310 0.69910 ( 4)
  63 I   0.11095 0.20225 0.21171 0.47509 ( 4)
  64 L   0.31684 0.02076 0.60857 0.05384 ( 3)
  65 Q   0.13824 0.17970 0.26345 0.41861 ( 4)
  66 S   0.02128 0.25818 0.04090 0.67965 ( 4)
  67 R   0.01390 0.26800 0.02667 0.69143 ( 4)
  68 M   0.02276 0.27992 0.04327 0.65404 ( 4)
  69 R   0.00078 0.25292 0.00151 0.74479 ( 4)
  70 D   0.28806 0.03447 0.56357 0.11389 ( 3)
  71 Y   0.32507 0.01324 0.62617 0.03552 ( 3)
  72 Q   0.31677 0.02031 0.60918 0.05374 ( 3)
  73 Q   0.26141 0.06310 0.50351 0.17198 ( 3)
  74 A   0.26171 0.05719 0.50857 0.17253 ( 3)
  75 I   0.11831 0.20368 0.22501 0.45300 ( 4)
  76 C   0.01834 0.25438 0.03530 0.69198 ( 4)
  77 N   0.09212 0.17062 0.17991 0.55735 ( 4)
  78 L   0.16338 0.15843 0.31120 0.36699 ( 4)
  79 Q   0.00167 0.30948 0.00316 0.68569 ( 4)
  80 T   0.01013 0.76878 0.01273 0.20836 ( 2)
  81 D   0.31526 0.01670 0.61513 0.05291 ( 3)
  82 P   0.24529 0.07414 0.47339 0.20718 ( 3)
  83 D   0.30498 0.02542 0.59436 0.07524 ( 3)
  84 N   0.21728 0.11168 0.39900 0.27204 ( 3)
  85 E   0.14510 0.13861 0.28299 0.43331 ( 4)
  86 E   0.01313 0.80388 0.01195 0.17104 ( 2)
  87 Y   0.00487 0.26111 0.00941 0.72460 ( 4)
  88 K   0.30784 0.02193 0.60056 0.06966 ( 3)
  89 A   0.02805 0.25942 0.05388 0.65865 ( 4)
  90 D   0.25307 0.07312 0.48554 0.18827 ( 3)
  91 V   0.32794 0.00817 0.63882 0.02507 ( 3)
  92 R   0.00549 0.24939 0.01062 0.73450 ( 4)
  93 R   0.07601 0.20000 0.14704 0.57695 ( 4)
  94 E   0.28152 0.04803 0.54218 0.12827 ( 3)
  95 F   0.28483 0.05014 0.54411 0.12091 ( 3)
  96 N   0.00896 0.22818 0.01751 0.74535 ( 4)
  97 D   0.27697 0.04208 0.54186 0.13909 ( 3)
  98 A   0.02506 0.25889 0.04732 0.66873 ( 4)
  99 E   0.28982 0.04146 0.55808 0.11064 ( 3)
 100 D   0.15739 0.12429 0.30792 0.41039 ( 4)
 101 Q   0.13657 0.17057 0.26177 0.43108 ( 4)
 102 A   0.11444 0.17394 0.22119 0.49044 ( 4)
 103 K   0.18059 0.12526 0.34880 0.34534 ( 3)
 104 D   0.00002 0.25970 0.00003 0.74026 ( 4)
 105 A   0.16749 0.12893 0.32453 0.37905 ( 4)
 106 V   0.19037 0.32875 0.26024 0.22064 ( 2)
 107 I   0.11457 0.16874 0.22212 0.49457 ( 4)
 108 Q   0.10041 0.18959 0.19341 0.51659 ( 4)
 109 F   0.33331 0.00474 0.64743 0.01452 ( 3)
 110 G   0.02198 0.31112 0.04123 0.62567 ( 4)
 111 -   0.18993 0.12247 0.36523 0.32237 ( 3)
 112 -   0.02418 0.59964 0.03018 0.34600 ( 2)
 113 -   0.19710 0.11194 0.38108 0.30988 ( 3)
 114 -   0.19826 0.10700 0.38450 0.31025 ( 3)
 115 -   0.20344 0.09820 0.39695 0.30141 ( 3)
 116 -   0.02829 0.55623 0.03585 0.37963 ( 2)
 117 -   0.19480 0.11345 0.37651 0.31524 ( 3)
 118 -   0.20168 0.10276 0.39339 0.30216 ( 3)
 119 N   0.01845 0.25603 0.03511 0.69042 ( 4)
 120 L   0.01475 0.26495 0.02839 0.69191 ( 4)
 121 N   0.05891 0.20918 0.11452 0.61738 ( 4)
 122 Y   0.03528 0.22884 0.06856 0.66731 ( 4)
 123 A   0.02085 0.27768 0.03966 0.66181 ( 4)
 124 I   0.30418 0.02614 0.59072 0.07896 ( 3)
 125 P   0.23681 0.09765 0.44773 0.21781 ( 3)
 126 L   0.31665 0.02128 0.60758 0.05449 ( 3)
 127 L   0.31657 0.02098 0.60805 0.05440 ( 3)
 128 A   0.00437 0.25849 0.00845 0.72869 ( 4)
 129 D   0.28263 0.03820 0.55295 0.12622 ( 3)
 130 Y   0.32228 0.01946 0.61396 0.04430 ( 3)
 131 A   0.39426 0.07031 0.50436 0.03107 ( 3)
 132 E   0.25069 0.07155 0.48286 0.19491 ( 3)
 133 A   0.32907 0.00951 0.63524 0.02618 ( 3)
 134 A   0.07509 0.54016 0.09670 0.28805 ( 2)
 135 N   0.33115 0.00518 0.64674 0.01693 ( 3)
 136 L   0.00394 0.29088 0.00752 0.69767 ( 4)
 137 H   0.31336 0.02267 0.60321 0.06076 ( 3)
 138 L   0.31494 0.02237 0.60484 0.05786 ( 3)
 139 L   0.34089 0.16494 0.43618 0.05799 ( 3)
 140 L   0.31694 0.02068 0.60876 0.05362 ( 3)
 141 L   0.31604 0.02357 0.60380 0.05659 ( 3)
 142 R   0.31696 0.02257 0.60561 0.05485 ( 3)
 143 D   0.33105 0.00495 0.64765 0.01636 ( 3)
 144 V   0.27125 0.05315 0.52494 0.15067 ( 3)
 145 V   0.06181 0.50070 0.08062 0.35686 ( 2)
 146 K   0.03262 0.42791 0.05866 0.48082 ( 4)
 147 F   0.12191 0.33904 0.21738 0.32167 ( 2)
 148 G   0.33033 0.00710 0.64109 0.02148 ( 3)
 149 E   0.29765 0.02890 0.58140 0.09205 ( 3)
 150 I   0.01815 0.24983 0.03502 0.69701 ( 4)
 151 W   0.27604 0.06304 0.52350 0.13742 ( 3)
 152 G   0.33196 0.00590 0.64427 0.01786 ( 3)
 153 F   0.32800 0.00859 0.63709 0.02632 ( 3)
 154 T   0.09922 0.19800 0.19052 0.51226 ( 4)
 155 A   0.00350 0.29955 0.00671 0.69024 ( 4)
 156 L   0.00037 0.27114 0.00072 0.72777 ( 4)
 157 Q   0.29567 0.03065 0.57753 0.09615 ( 3)
 158 V   0.27668 0.05983 0.52691 0.13657 ( 3)
 159 Q   0.06683 0.21602 0.12872 0.58844 ( 4)
 160 Q   0.10974 0.18233 0.21138 0.49655 ( 4)
 161 Y   0.24688 0.07285 0.47664 0.20364 ( 3)
 162 Y   0.31318 0.02416 0.60112 0.06154 ( 3)
 163 S   0.00373 0.29356 0.00712 0.69560 ( 4)
 164 N   0.17175 0.11562 0.33544 0.37719 ( 4)
 165 T   0.00343 0.28430 0.00655 0.70571 ( 4)
 166 G   0.00137 0.27253 0.00263 0.72347 ( 4)
 167 -   0.08826 0.32919 0.13867 0.44388 ( 4)
 168 V   0.04481 0.33702 0.07315 0.54501 ( 4)
 169 G   0.26138 0.06552 0.50227 0.17082 ( 3)
 170 N   0.23884 0.08537 0.45816 0.21763 ( 3)
 171 P   0.23460 0.08217 0.45280 0.23042 ( 3)
 172 G   0.24774 0.07025 0.47923 0.20278 ( 3)
 173 M   0.26561 0.05373 0.51564 0.16502 ( 3)
 174 K   0.02123 0.28940 0.04044 0.64893 ( 4)
 175 Q   0.13038 0.16600 0.25113 0.45249 ( 4)
 176 L   0.20147 0.11570 0.38658 0.29626 ( 3)
 177 L   0.10019 0.19757 0.19242 0.50983 ( 4)
 178 A   0.00947 0.94650 0.00758 0.03645 ( 2)
 179 T   0.02487 0.25050 0.04810 0.67654 ( 4)
 180 Y   0.32318 0.01410 0.62368 0.03904 ( 3)
 181 T   0.07334 0.19712 0.14229 0.58725 ( 4)
 182 D   0.41539 0.02975 0.53893 0.01593 ( 3)
 183 H   0.30035 0.02896 0.58289 0.08780 ( 3)
 184 C   0.32179 0.01577 0.61955 0.04290 ( 3)
 185 V   0.12992 0.41596 0.17395 0.28017 ( 2)
 186 R   0.00316 0.72983 0.00382 0.26319 ( 2)
 187 Y   0.03952 0.27850 0.07495 0.60703 ( 4)
 188 Y   0.31981 0.01653 0.61744 0.04621 ( 3)
 189 K   0.02629 0.56631 0.03439 0.37302 ( 2)
 190 E   0.00066 0.38247 0.00119 0.61568 ( 4)
 191 G   0.32747 0.01032 0.63297 0.02924 ( 3)
 192 L   0.31662 0.02099 0.60808 0.05430 ( 3)
 193 E   0.00001 0.57309 0.00001 0.42689 ( 2)
 194 K   0.11140 0.18967 0.21279 0.48615 ( 4)
 195 -   0.16192 0.18555 0.30407 0.34846 ( 4)
 196 R   0.07635 0.69769 0.09345 0.13251 ( 2)
 197 Y   0.00492 0.31097 0.00929 0.67482 ( 4)
 198 A   0.16055 0.13590 0.31135 0.39220 ( 4)
 199 T   0.31400 0.02553 0.59948 0.06099 ( 3)
 200 -   0.16192 0.18555 0.30407 0.34846 ( 4)
 201 -   0.00983 0.33764 0.01847 0.63406 ( 4)
 202 -   0.08968 0.25779 0.16841 0.48412 ( 4)
 203 G   0.07173 0.22205 0.13761 0.56860 ( 4)
 204 N   0.00003 0.57387 0.00004 0.42607 ( 2)
 205 W   0.27604 0.06304 0.52350 0.13742 ( 3)
 206 N   0.08190 0.17782 0.15996 0.58032 ( 4)
 207 A   0.00915 0.24769 0.01783 0.72533 ( 4)
 208 F   0.11080 0.20372 0.20938 0.47610 ( 4)
 209 N   0.29469 0.03641 0.56886 0.10005 ( 3)
 210 D   0.12451 0.39099 0.16429 0.32021 ( 2)
 211 Y   0.21945 0.10679 0.41876 0.25500 ( 3)
 212 R   0.30698 0.02910 0.58885 0.07508 ( 3)
 213 R   0.33068 0.00785 0.63920 0.02227 ( 3)
 214 T   0.08510 0.17607 0.16620 0.57263 ( 4)
 215 M   0.33585 0.00299 0.65199 0.00918 ( 3)
 216 T   0.32211 0.01462 0.62237 0.04090 ( 3)
 217 I   0.00073 0.29548 0.00140 0.70238 ( 4)
 218 M   0.31209 0.02014 0.60587 0.06189 ( 3)
 219 V   0.25133 0.07072 0.48111 0.19684 ( 3)
 220 M   0.19638 0.13859 0.37581 0.28922 ( 3)
 221 D   0.33326 0.00343 0.65197 0.01135 ( 3)
 222 I   0.04199 0.59895 0.05456 0.30449 ( 2)
 223 V   0.32415 0.01138 0.63025 0.03422 ( 3)
 224 S   0.24760 0.07677 0.47567 0.19995 ( 3)
 225 L   0.17633 0.42867 0.22666 0.16834 ( 2)
 226 W   0.08516 0.23692 0.16151 0.51640 ( 4)
 227 P   0.33040 0.00820 0.63811 0.02330 ( 3)
 228 T   0.19543 0.13427 0.37140 0.29890 ( 3)


lnL = -3519.719783

