Supplemental results for CODEML (seqf: algn  treef: tree)


dN/dS (w) for site classes (K=4)

site class             0        1       2a       2b
proportion       0.45465  0.36829  0.09782  0.07924
background w     0.07737  1.00000  0.07737  1.00000
foreground w     0.07737  1.00000  1.00000  1.00000

Naive Empirical Bayes (NEB) probabilities for 4 classes
(amino acids refer to 1st sequence: BT_Cry8Aa1)

   1 E   0.82626 0.00767 0.16442 0.00165 ( 1)
   2 T   0.81960 0.01331 0.16423 0.00286 ( 1)
   3 T   0.05604 0.76734 0.01152 0.16509 ( 2)
   4 A   0.82586 0.00964 0.16243 0.00207 ( 1)
   5 Q   0.80096 0.02862 0.16426 0.00616 ( 1)
   6 L   0.82420 0.00855 0.16541 0.00184 ( 1)
   7 T   0.81960 0.01331 0.16423 0.00286 ( 1)
   8 R   0.67332 0.15293 0.14085 0.03290 ( 1)
   9 D   0.70201 0.13027 0.13970 0.02803 ( 1)
  10 V   0.77317 0.05852 0.15571 0.01259 ( 1)
  11 Y   0.82668 0.00765 0.16402 0.00165 ( 1)
  12 T   0.78098 0.04578 0.16339 0.00985 ( 1)
  13 D   0.83546 0.00260 0.16138 0.00056 ( 1)
  14 P   0.73006 0.09561 0.15376 0.02057 ( 1)
  15 I   0.14042 0.68317 0.02943 0.14698 ( 2)
  16 A   0.59935 0.22587 0.12618 0.04859 ( 1)
  17 F   0.83047 0.00454 0.16401 0.00098 ( 1)
  18 N   0.82101 0.01744 0.15779 0.00375 ( 1)
  19 I   0.00611 0.81691 0.00123 0.17576 ( 2)
  20 V   0.00073 0.82223 0.00014 0.17690 ( 2)
  21 T   0.00034 0.82261 0.00007 0.17698 ( 2)
  22 S   0.00159 0.82137 0.00032 0.17672 ( 2)
  23 T   0.00045 0.82250 0.00009 0.17696 ( 2)
  24 G   0.82091 0.01350 0.16268 0.00291 ( 1)
  25 F   0.81363 0.02114 0.16068 0.00455 ( 1)
  26 C   0.82144 0.01195 0.16405 0.00257 ( 1)
  27 N   0.00313 0.81985 0.00063 0.17639 ( 2)
  28 P   0.70044 0.13116 0.14018 0.02822 ( 1)
  29 W   0.69364 0.13186 0.14613 0.02837 ( 1)
  30 S   0.78697 0.04208 0.16190 0.00905 ( 1)
  31 T   0.00421 0.81877 0.00087 0.17616 ( 2)
  32 H   0.16097 0.66419 0.03194 0.14290 ( 2)
  33 S   0.78328 0.05217 0.15333 0.01122 ( 1)
  34 G   0.75285 0.08061 0.14919 0.01734 ( 1)
  35 I   0.83229 0.00432 0.16246 0.00093 ( 1)
  36 L   0.03506 0.78800 0.00740 0.16954 ( 2)
  37 F   0.83047 0.00454 0.16401 0.00098 ( 1)
  38 Y   0.49928 0.32537 0.10535 0.07000 ( 1)
  39 E   0.81476 0.01388 0.16836 0.00299 ( 1)
  40 V   0.74155 0.09357 0.14475 0.02013 ( 1)
  41 E   0.82626 0.00767 0.16442 0.00165 ( 1)
  42 N   0.63814 0.19686 0.12265 0.04235 ( 1)
  43 N   0.10870 0.71590 0.02138 0.15403 ( 2)
  44 V   0.81949 0.01273 0.16504 0.00274 ( 1)
  45 I   0.83229 0.00432 0.16246 0.00093 ( 1)
  46 R   0.81963 0.01200 0.16578 0.00258 ( 1)
  47 P   0.04132 0.78189 0.00856 0.16822 ( 2)
  48 P   0.81659 0.01645 0.16342 0.00354 ( 1)
  49 H   0.80645 0.02844 0.15899 0.00612 ( 1)
  50 L   0.75919 0.06960 0.15624 0.01497 ( 1)
  51 F   0.83047 0.00454 0.16401 0.00098 ( 1)
  52 D   0.80650 0.03168 0.15500 0.00682 ( 1)
  53 I   0.71431 0.11671 0.14386 0.02511 ( 1)
  54 L   0.65782 0.16705 0.13918 0.03594 ( 1)
  55 S   0.70949 0.12218 0.14204 0.02629 ( 1)
  56 S   0.00055 0.82240 0.00011 0.17694 ( 2)
  57 V   0.09774 0.72595 0.02011 0.15619 ( 2)
  58 E   0.81524 0.01350 0.16835 0.00291 ( 1)
  59 I   0.76662 0.06891 0.14964 0.01483 ( 1)
  60 N   0.78470 0.05307 0.15081 0.01142 ( 1)
  61 T   0.81960 0.01331 0.16423 0.00286 ( 1)
  62 S   0.00189 0.82109 0.00037 0.17666 ( 2)
  63 R   0.81286 0.01529 0.16855 0.00329 ( 1)
  64 G   0.24696 0.57703 0.05186 0.12415 ( 2)
  65 G   0.06049 0.76319 0.01212 0.16420 ( 2)
  66 I   0.75694 0.07844 0.14775 0.01688 ( 1)
  67 T   0.00003 0.82291 0.00001 0.17705 ( 2)
  68 L   0.00595 0.81708 0.00118 0.17579 ( 2)
  69 N   0.83559 0.00314 0.16059 0.00067 ( 1)
  70 N   0.76937 0.06585 0.15061 0.01417 ( 1)
  71 D   0.00342 0.81958 0.00068 0.17633 ( 2)
  72 A   0.16102 0.66483 0.03112 0.14304 ( 2)
  73 Y   0.43504 0.38940 0.09179 0.08378 ( 1)
  74 I   0.05388 0.76941 0.01118 0.16554 ( 2)
  75 N   0.13645 0.68745 0.02819 0.14791 ( 2)
  76 Y   0.80220 0.03179 0.15917 0.00684 ( 1)
  77 W   0.69364 0.13186 0.14613 0.02837 ( 1)
  78 S   0.07965 0.74391 0.01639 0.16005 ( 2)
  79 G   0.82091 0.01350 0.16268 0.00291 ( 1)
  80 H   0.83146 0.00381 0.16392 0.00082 ( 1)
  81 T   0.51766 0.31214 0.10304 0.06716 ( 1)
  82 L   0.45923 0.36662 0.09527 0.07888 ( 1)
  83 K   0.07029 0.61104 0.18721 0.13146 ( 2)
  84 Y   0.82668 0.00765 0.16402 0.00165 ( 1)
  85 R   0.00101 0.82195 0.00019 0.17684 ( 2)
  86 R   0.00006 0.82288 0.00001 0.17704 ( 2)
  87 T   0.56841 0.26219 0.11299 0.05641 ( 1)
  88 A   0.00340 0.81959 0.00067 0.17634 ( 2)
  89 D   0.00030 0.82259 0.00013 0.17698 ( 2)
  90 S   0.00554 0.80662 0.01429 0.17354 ( 2)
  91 T   0.59275 0.23740 0.11877 0.05108 ( 1)
  92 V   0.01411 0.80894 0.00291 0.17404 ( 2)
  93 T   0.00032 0.82263 0.00007 0.17699 ( 2)
  94 Y   0.45465 0.36829 0.09782 0.07924 ( 1)
  95 T   0.08887 0.73526 0.01768 0.15819 ( 2)
  96 A   0.00008 0.82287 0.00002 0.17704 ( 2)
  97 N   0.83559 0.00314 0.16059 0.00067 ( 1)
  98 Y   0.79225 0.04160 0.15719 0.00895 ( 1)
  99 G   0.82346 0.00756 0.16736 0.00163 ( 1)
 100 R   0.00104 0.82192 0.00021 0.17684 ( 2)
 101 I   0.68097 0.15007 0.13666 0.03229 ( 1)
 102 T   0.83020 0.00599 0.16252 0.00129 ( 1)
 103 S   0.79656 0.03256 0.16387 0.00701 ( 1)
 104 E   0.31630 0.51085 0.06294 0.10991 ( 2)
 105 K   0.81355 0.01746 0.16523 0.00376 ( 1)
 106 N   0.32439 0.50373 0.06350 0.10838 ( 2)
 107 S   0.00436 0.81862 0.00090 0.17613 ( 2)
 108 -   0.45611 0.36684 0.09813 0.07893 ( 1)
 109 F   0.02538 0.79798 0.00495 0.17169 ( 2)
 110 A   0.00156 0.81826 0.00413 0.17605 ( 2)
 111 L   0.73478 0.09382 0.15121 0.02019 ( 1)
 112 E   0.08433 0.73915 0.01750 0.15903 ( 2)
 113 D   0.21585 0.61054 0.04226 0.13136 ( 2)
 114 R   0.55237 0.27736 0.11059 0.05967 ( 1)
 115 D   0.79456 0.04276 0.15348 0.00920 ( 1)
 116 I   0.82959 0.00698 0.16193 0.00150 ( 1)
 117 F   0.83047 0.00454 0.16401 0.00098 ( 1)
 118 E   0.65909 0.17262 0.13115 0.03714 ( 1)
 119 I   0.40182 0.42772 0.07843 0.09202 ( 2)
 120 N   0.02270 0.80067 0.00436 0.17226 ( 2)
 121 S   0.78697 0.04208 0.16190 0.00905 ( 1)
 122 T   0.00137 0.82159 0.00027 0.17677 ( 2)
 123 V   0.02995 0.79311 0.00631 0.17064 ( 2)
 124 A   0.81439 0.01798 0.16377 0.00387 ( 1)
 125 N   0.11757 0.70595 0.02459 0.15189 ( 2)
 126 L   0.77847 0.05046 0.16021 0.01086 ( 1)
 127 A   0.80010 0.02656 0.16763 0.00571 ( 1)
 128 N   0.83559 0.00314 0.16059 0.00067 ( 1)
 129 Y   0.02163 0.80138 0.00456 0.17242 ( 2)
 130 Y   0.76987 0.06367 0.15275 0.01370 ( 1)
 131 Q   0.08642 0.73724 0.01772 0.15862 ( 2)
 132 K   0.03125 0.79190 0.00647 0.17038 ( 2)
 133 A   0.01470 0.80842 0.00295 0.17393 ( 2)
 134 Y   0.82668 0.00765 0.16402 0.00165 ( 1)
 135 G   0.82488 0.00959 0.16347 0.00206 ( 1)
 136 V   0.78162 0.04486 0.16386 0.00965 ( 1)
 137 P   0.74643 0.08351 0.15209 0.01797 ( 1)
 138 G   0.00005 0.82290 0.00001 0.17705 ( 2)
 139 S   0.70960 0.12275 0.14124 0.02641 ( 1)
 140 W   0.00000 0.82294 0.00001 0.17705 ( 2)
 141 F   0.42053 0.40387 0.08871 0.08689 ( 1)
 142 H   0.01617 0.80702 0.00319 0.17363 ( 2)
 143 M   0.11559 0.47429 0.30807 0.10204 ( 2)
 144 V   0.00671 0.81626 0.00141 0.17562 ( 2)
 145 K   0.00006 0.82288 0.00001 0.17704 ( 2)
 146 R   0.05861 0.76455 0.01235 0.16449 ( 2)
 147 G   0.00421 0.81060 0.01079 0.17440 ( 2)
 148 T   0.34285 0.48197 0.07148 0.10370 ( 2)
 149 S   0.00528 0.81771 0.00108 0.17593 ( 2)
 150 -   0.33926 0.48836 0.06731 0.10507 ( 2)
 151 -   0.45567 0.36727 0.09804 0.07902 ( 1)
 152 S   0.00306 0.81440 0.00732 0.17522 ( 2)
 153 T   0.27293 0.55334 0.05469 0.11905 ( 2)
 154 T   0.00269 0.82028 0.00055 0.17648 ( 2)
 155 A   0.00006 0.82289 0.00001 0.17704 ( 2)
 156 Y   0.00212 0.82075 0.00054 0.17658 ( 2)
 157 L   0.00227 0.82070 0.00046 0.17657 ( 2)
 158 Y   0.82154 0.01272 0.16301 0.00274 ( 1)
 159 S   0.80650 0.02713 0.16053 0.00584 ( 1)
 160 K   0.82724 0.00745 0.16370 0.00160 ( 1)
 161 T   0.15874 0.66613 0.03181 0.14332 ( 2)
 162 H   0.76474 0.06949 0.15082 0.01495 ( 1)
 163 T   0.81960 0.01331 0.16423 0.00286 ( 1)
 164 A   0.70978 0.12449 0.13895 0.02678 ( 1)
 165 L   0.00001 0.82293 0.00000 0.17705 ( 2)
 166 Q   0.00089 0.82207 0.00018 0.17687 ( 2)
 167 G   0.09910 0.72523 0.01964 0.15603 ( 2)
 168 C   0.82662 0.00683 0.16508 0.00147 ( 1)
 169 T   0.46875 0.35990 0.09393 0.07743 ( 1)
 170 Q   0.05322 0.77016 0.01092 0.16570 ( 2)
 171 V   0.39171 0.43707 0.07719 0.09403 ( 2)
 172 Y   0.82154 0.01272 0.16301 0.00274 ( 1)
 173 E   0.00017 0.82278 0.00003 0.17702 ( 2)
 174 S   0.44104 0.38532 0.09073 0.08290 ( 1)
 175 S   0.03931 0.78430 0.00765 0.16874 ( 2)
 176 D   0.03023 0.79292 0.00625 0.17060 ( 2)
 177 E   0.74564 0.08722 0.14838 0.01876 ( 1)
 178 I   0.82208 0.01193 0.16342 0.00257 ( 1)
 179 P   0.82136 0.01174 0.16437 0.00253 ( 1)
 180 L   0.00623 0.81678 0.00126 0.17573 ( 2)
 181 D   0.23894 0.58551 0.04958 0.12597 ( 2)
 182 R   0.04398 0.77932 0.00903 0.16767 ( 2)
 183 T   0.00348 0.81947 0.00073 0.17631 ( 2)
 184 V   0.78054 0.05124 0.15720 0.01102 ( 1)
 185 P   0.73006 0.09561 0.15376 0.02057 ( 1)
 186 V   0.63924 0.19094 0.12874 0.04108 ( 1)
 187 A   0.02047 0.80286 0.00393 0.17273 ( 2)
 188 E   0.32805 0.49925 0.06528 0.10741 ( 2)
 189 S   0.32111 0.50632 0.06364 0.10893 ( 2)
 190 Y   0.82668 0.00765 0.16402 0.00165 ( 1)
 191 S   0.27612 0.01960 0.70006 0.00422 ( 3)
 192 H   0.81591 0.01090 0.17084 0.00235 ( 1)
 193 R   0.82447 0.00861 0.16506 0.00185 ( 1)
 194 L   0.77487 0.05298 0.16075 0.01140 ( 1)
 195 S   0.80687 0.01893 0.17013 0.00407 ( 1)
 196 H   0.77426 0.05934 0.15363 0.01277 ( 1)
 197 I   0.34660 0.47963 0.07057 0.10319 ( 2)
 198 T   0.73573 0.09016 0.15471 0.01940 ( 1)
 199 S   0.13561 0.41966 0.35445 0.09029 ( 2)
 200 H   0.02648 0.79654 0.00560 0.17138 ( 2)
 201 S   0.02556 0.79774 0.00506 0.17163 ( 2)
 202 F   0.77033 0.05633 0.16122 0.01212 ( 1)
 203 S   0.00199 0.82096 0.00042 0.17663 ( 2)
 204 K   0.81987 0.01472 0.16225 0.00317 ( 1)
 205 -   0.47353 0.35719 0.09243 0.07685 ( 1)
 206 -   0.15146 0.67397 0.02957 0.14500 ( 2)
 207 N   0.80811 0.03011 0.15531 0.00648 ( 1)
 208 G   0.24270 0.58375 0.04796 0.12559 ( 2)
 209 S   0.00019 0.82276 0.00004 0.17702 ( 2)
 210 A   0.00053 0.82242 0.00011 0.17694 ( 2)
 211 Y   0.00004 0.82291 0.00001 0.17705 ( 2)
 212 Y   0.75075 0.08638 0.14429 0.01858 ( 1)
 213 G   0.79267 0.03804 0.16110 0.00818 ( 1)
 214 S   0.20304 0.62288 0.04007 0.13401 ( 2)
 215 F   0.22973 0.59467 0.04766 0.12794 ( 2)
 216 P   0.82548 0.00767 0.16520 0.00165 ( 1)
 217 V   0.81062 0.01534 0.17074 0.00330 ( 1)
 218 F   0.83047 0.00454 0.16401 0.00098 ( 1)
 219 V   0.77519 0.05929 0.15276 0.01276 ( 1)
 220 W   0.69364 0.13186 0.14613 0.02837 ( 1)
 221 T   0.81960 0.01331 0.16423 0.00286 ( 1)
 222 H   0.83146 0.00381 0.16392 0.00082 ( 1)
 223 T   0.00035 0.82259 0.00007 0.17698 ( 2)
 224 S   0.83497 0.00216 0.16240 0.00047 ( 1)
 225 -   0.45465 0.36829 0.09782 0.07924 ( 1)
 226 -   0.45465 0.36829 0.09782 0.07924 ( 1)
 227 -   0.45465 0.36829 0.09782 0.07924 ( 1)
 228 -   0.45465 0.36829 0.09782 0.07924 ( 1)
 229 -   0.45465 0.36829 0.09782 0.07924 ( 1)
 230 -   0.45465 0.36829 0.09782 0.07924 ( 1)


lnL = -2786.119738

