Supplemental results for CODEML (seqf: algn  treef: tree)


dN/dS (w) for site classes (K=4)

site class             0        1       2a       2b
proportion       0.52083  0.37658  0.05954  0.04305
background w     0.10487  1.00000  0.10487  1.00000
foreground w     0.10487  1.00000 19.61603 19.61603

Naive Empirical Bayes (NEB) probabilities for 4 classes
(amino acids refer to 1st sequence: BT_Cry13Aa1)

   1 -   0.44348 0.45393 0.05070 0.05189 ( 2)
   2 A   0.09804 0.74297 0.09368 0.06531 ( 2)
   3 K   0.93627 0.05173 0.01076 0.00123 ( 1)
   4 G   0.95333 0.03725 0.00896 0.00046 ( 1)
   5 I   0.92515 0.05847 0.01484 0.00154 ( 1)
   6 P   0.96472 0.01788 0.01695 0.00045 ( 1)
   7 V   0.12690 0.00293 0.86914 0.00103 ( 3)
   8 E   0.98921 0.00119 0.00958 0.00002 ( 1)
   9 K   0.98838 0.00040 0.01121 0.00001 ( 1)
  10 G   0.59107 0.36686 0.02440 0.01767 ( 1)
  11 Y   0.97875 0.01193 0.00913 0.00019 ( 1)
  12 A   0.00630 0.97433 0.00008 0.01929 ( 2)
  13 S   0.22394 0.72165 0.01244 0.04197 ( 2)
  14 S   0.90613 0.05031 0.03888 0.00468 ( 1)
  15 -   0.15098 0.74643 0.01726 0.08533 ( 2)
  16 -   0.57916 0.31825 0.06621 0.03638 ( 1)
  17 -   0.58438 0.31303 0.06680 0.03578 ( 1)
  18 -   0.58898 0.30843 0.06733 0.03526 ( 1)
  19 -   0.57707 0.32035 0.06597 0.03662 ( 1)
  20 -   0.59174 0.30567 0.06765 0.03494 ( 1)
  21 -   0.57513 0.32228 0.06575 0.03684 ( 1)
  22 -   0.53409 0.36332 0.06106 0.04153 ( 1)
  23 -   0.57229 0.32512 0.06542 0.03717 ( 1)
  24 -   0.57905 0.31836 0.06620 0.03639 ( 1)
  25 -   0.58606 0.31135 0.06700 0.03559 ( 1)
  26 -   0.57916 0.31825 0.06621 0.03638 ( 1)
  27 -   0.56745 0.32997 0.06487 0.03772 ( 1)
  28 G   0.97691 0.00065 0.02242 0.00002 ( 1)
  29 Q   0.02051 0.96309 0.00024 0.01616 ( 2)
  30 K   0.00660 0.70443 0.03526 0.25371 ( 2)
  31 V   0.46276 0.51342 0.00794 0.01588 ( 2)
  32 E   0.01449 0.90219 0.00135 0.08197 ( 2)
  33 I   0.17116 0.70998 0.06427 0.05459 ( 2)
  34 I   0.32243 0.28325 0.36889 0.02544 ( 3)
  35 R   0.00305 0.87642 0.00034 0.12019 ( 2)
  36 -   0.41117 0.48624 0.04700 0.05559 ( 2)
  37 E   0.96455 0.00799 0.02715 0.00030 ( 1)
  38 W   0.00010 0.50076 0.01257 0.48657 ( 2)
  39 I   0.18007 0.50657 0.24021 0.07316 ( 2)
  40 N   0.95936 0.02086 0.01904 0.00075 ( 1)
  41 G   0.95964 0.00185 0.03835 0.00015 ( 1)
  42 A   0.41301 0.54290 0.01757 0.02652 ( 2)
  43 N   0.11955 0.43246 0.23634 0.21165 ( 2)
  44 V   0.02872 0.81225 0.05165 0.10738 ( 2)
  45 V   0.45551 0.52864 0.00467 0.01118 ( 2)
  46 Q   0.37634 0.05607 0.56215 0.00544 ( 3)
  47 L   0.45892 0.11698 0.39016 0.03395 ( 1)
  48 S   0.57038 0.27202 0.12907 0.02853 ( 1)
  49 P   0.54222 0.44350 0.00660 0.00768 ( 1)
  50 G   0.00389 0.94523 0.00020 0.05068 ( 2)
  51 Q   0.21338 0.77189 0.00240 0.01233 ( 2)
  52 S   0.14297 0.84250 0.00144 0.01309 ( 2)
  53 W   0.07818 0.86930 0.00418 0.04834 ( 2)
  54 G   0.00027 0.98550 0.00000 0.01423 ( 2)
  55 M   0.52766 0.46505 0.00325 0.00404 ( 1)
  56 D   0.23744 0.74380 0.00222 0.01654 ( 2)
  57 F   0.96917 0.02209 0.00840 0.00034 ( 1)
  58 T   0.94987 0.00624 0.04358 0.00031 ( 1)
  59 N   0.98777 0.00124 0.01096 0.00003 ( 1)
  60 S   0.00858 0.80699 0.00750 0.17693 ( 2)
  61 T   0.98507 0.00282 0.01205 0.00007 ( 1)
  62 G   0.20656 0.77161 0.00278 0.01906 ( 2)
  63 G   0.68632 0.28370 0.02102 0.00897 ( 1)
  64 Q   0.07137 0.41958 0.22822 0.28083 ( 2)
  65 Y   0.98931 0.00147 0.00920 0.00002 ( 1)
  66 M   0.01925 0.97117 0.00014 0.00944 ( 2)
  67 V   0.89592 0.05875 0.04235 0.00298 ( 1)
  68 R   0.93673 0.00544 0.05749 0.00034 ( 1)
  69 C   0.22969 0.75863 0.00213 0.00955 ( 2)
  70 R   0.97779 0.00021 0.02199 0.00001 ( 1)
  71 Y   0.99047 0.00031 0.00921 0.00000 ( 1)
  72 A   0.98885 0.00037 0.01077 0.00001 ( 1)
  73 S   0.80256 0.18927 0.00553 0.00264 ( 1)
  74 T   0.00041 0.58297 0.01392 0.40270 ( 2)
  75 N   0.00243 0.97540 0.00005 0.02212 ( 2)
  76 D   0.80247 0.09766 0.09373 0.00614 ( 1)
  77 T   0.92785 0.05792 0.01294 0.00129 ( 1)
  78 -   0.22683 0.67058 0.02593 0.07666 ( 2)
  79 -   0.80895 0.08846 0.09248 0.01011 ( 1)
  80 P   0.98475 0.00230 0.01291 0.00004 ( 1)
  81 I   0.72860 0.23277 0.02854 0.01010 ( 1)
  82 F   0.02672 0.95698 0.00027 0.01604 ( 2)
  83 F   0.97310 0.01894 0.00767 0.00028 ( 1)
  84 N   0.92140 0.06529 0.01145 0.00186 ( 1)
  85 L   0.93364 0.04877 0.01651 0.00108 ( 1)
  86 -   0.52083 0.37658 0.05954 0.04305 ( 1)
  87 -   0.52083 0.37658 0.05954 0.04305 ( 1)
  88 -   0.52083 0.37658 0.05954 0.04305 ( 1)
  89 -   0.52083 0.37658 0.05954 0.04305 ( 1)
  90 -   0.52083 0.37658 0.05954 0.04305 ( 1)
  91 -   0.52083 0.37658 0.05954 0.04305 ( 1)
  92 V   0.23767 0.71856 0.01031 0.03345 ( 2)
  93 Y   0.08358 0.90005 0.00087 0.01550 ( 2)
  94 D   0.00509 0.97002 0.00011 0.02478 ( 2)
  95 G   0.00050 0.95257 0.00002 0.04691 ( 2)
  96 G   0.12022 0.86666 0.00115 0.01196 ( 2)
  97 S   0.00508 0.94056 0.00027 0.05410 ( 2)
  98 N   0.93830 0.04857 0.01175 0.00137 ( 1)
  99 P   0.13115 0.85499 0.00131 0.01255 ( 2)
 100 I   0.89086 0.09574 0.01082 0.00258 ( 1)
 101 Y   0.02202 0.89931 0.00149 0.07717 ( 2)
 102 N   0.00008 0.72907 0.00393 0.26692 ( 2)
 103 Q   0.00090 0.81352 0.00317 0.18241 ( 2)
 104 M   0.01905 0.97160 0.00013 0.00921 ( 2)
 105 T   0.36404 0.61681 0.00453 0.01462 ( 2)
 106 F   0.95418 0.01362 0.03171 0.00048 ( 1)
 107 P   0.98737 0.00398 0.00860 0.00005 ( 1)
 108 A   0.01794 0.85292 0.01234 0.11680 ( 2)
 109 -   0.52083 0.37658 0.05954 0.04305 ( 1)
 110 T   0.11851 0.85573 0.00208 0.02367 ( 2)
 111 K   0.01934 0.91587 0.00276 0.06203 ( 2)
 112 E   0.00163 0.77554 0.00768 0.21514 ( 2)
 113 T   0.35828 0.09526 0.53552 0.01094 ( 3)
 114 P   0.00667 0.04683 0.91254 0.03397 ( 3)
 115 A   0.23493 0.36293 0.36063 0.04151 ( 2)
 116 H   0.11568 0.61068 0.15932 0.11432 ( 2)
 117 D   0.01781 0.56742 0.23947 0.17531 ( 2)
 118 S   0.07311 0.40496 0.27423 0.24769 ( 2)
 119 V   0.52083 0.37658 0.05954 0.04305 ( 1)
 120 D   0.52083 0.37658 0.05954 0.04305 ( 1)
 121 N   0.18081 0.63745 0.10289 0.07885 ( 2)
 122 K   0.66216 0.32007 0.01118 0.00659 ( 1)
 123 I   0.73365 0.24962 0.01002 0.00672 ( 1)
 124 L   0.14374 0.03238 0.81388 0.01000 ( 3)
 125 G   0.11905 0.83027 0.00610 0.04459 ( 2)
 126 I   0.06906 0.60529 0.19620 0.12945 ( 2)
 127 K   0.97221 0.01475 0.01268 0.00036 ( 1)
 128 G   0.98822 0.00242 0.00933 0.00003 ( 1)
 129 I   0.01314 0.83949 0.01015 0.13722 ( 2)
 130 N   0.98618 0.00278 0.01096 0.00008 ( 1)
 131 G   0.95587 0.02993 0.01351 0.00068 ( 1)
 132 N   0.82590 0.02285 0.14909 0.00216 ( 1)
 133 Y   0.99064 0.00015 0.00921 0.00000 ( 1)
 134 S   0.63106 0.34845 0.01240 0.00809 ( 1)
 135 L   0.81029 0.13816 0.04371 0.00785 ( 1)
 136 M   0.01747 0.97326 0.00012 0.00916 ( 2)
 137 N   0.11887 0.63103 0.18068 0.06942 ( 2)
 138 V   0.38061 0.60108 0.00510 0.01321 ( 2)
 139 K   0.01690 0.95953 0.00022 0.02334 ( 2)
 140 D   0.97199 0.01888 0.00872 0.00041 ( 1)
 141 S   0.86785 0.12260 0.00783 0.00171 ( 1)
 142 V   0.14200 0.03615 0.81188 0.00997 ( 3)
 143 E   0.86241 0.06647 0.06524 0.00588 ( 1)
 144 L   0.98318 0.00797 0.00873 0.00012 ( 1)
 145 P   0.98798 0.00026 0.01175 0.00000 ( 1)
 146 S   0.97852 0.01251 0.00880 0.00017 ( 1)
 147 G   0.43513 0.51845 0.02067 0.02575 ( 2)
 148 K   0.86035 0.12646 0.01016 0.00302 ( 1)
 149 F   0.07733 0.90699 0.00076 0.01492 ( 2)
 150 H   0.01385 0.97055 0.00012 0.01547 ( 2)
 151 V   0.98312 0.00542 0.01134 0.00012 ( 1)
 152 F   0.00081 0.98398 0.00001 0.01521 ( 2)
 153 F   0.95038 0.01719 0.03180 0.00062 ( 1)
 154 T   0.03715 0.93927 0.00052 0.02306 ( 2)
 155 N   0.98637 0.00261 0.01094 0.00007 ( 1)
 156 N   0.66472 0.31773 0.00841 0.00914 ( 1)
 157 G   0.86236 0.12756 0.00826 0.00182 ( 1)
 158 -   0.11787 0.77955 0.01347 0.08911 ( 2)
 159 -   0.57539 0.32202 0.06578 0.03681 ( 1)
 160 -   0.69233 0.20508 0.07914 0.02344 ( 1)
 161 S   0.29691 0.68316 0.00516 0.01477 ( 2)
 162 S   0.40362 0.58232 0.00446 0.00959 ( 2)
 163 A   0.96672 0.02286 0.00999 0.00043 ( 1)
 164 I   0.97392 0.01211 0.01363 0.00033 ( 1)
 165 Y   0.88838 0.10077 0.00912 0.00173 ( 1)
 166 L   0.97851 0.00516 0.01622 0.00011 ( 1)
 167 D   0.99089 0.00023 0.00888 0.00000 ( 1)
 168 R   0.96882 0.00916 0.02179 0.00023 ( 1)
 169 L   0.98192 0.00856 0.00939 0.00013 ( 1)
 170 E   0.97961 0.00034 0.02004 0.00001 ( 1)
 171 F   0.99196 0.00023 0.00781 0.00000 ( 1)
 172 V   0.97464 0.01511 0.00993 0.00032 ( 1)
 173 P   0.93429 0.05668 0.00821 0.00082 ( 1)


lnL = -2643.786511

Bayes Empirical Bayes (BEB) probabilities for 4 classes (class)
(amino acids refer to 1st sequence: BT_Cry13Aa1)

   1 -   0.48576 0.30948 0.12571 0.07905 ( 1)
   2 A   0.18902 0.44205 0.25784 0.11109 ( 2)
   3 K   0.86232 0.03577 0.09633 0.00557 ( 1)
   4 G   0.86113 0.02197 0.11353 0.00337 ( 1)
   5 I   0.85238 0.04021 0.10115 0.00627 ( 1)
   6 P   0.85324 0.01554 0.12849 0.00273 ( 1)
   7 V   0.19740 0.00498 0.79562 0.00200 ( 3)
   8 E   0.89726 0.00130 0.10124 0.00020 ( 1)
   9 K   0.89930 0.00068 0.09991 0.00011 ( 1)
  10 G   0.64199 0.19221 0.12556 0.04024 ( 1)
  11 Y   0.88458 0.00930 0.10473 0.00140 ( 1)
  12 A   0.02423 0.84276 0.00302 0.12999 ( 2)
  13 S   0.33383 0.48654 0.07207 0.10756 ( 2)
  14 S   0.76981 0.05919 0.15540 0.01560 ( 1)
  15 -   0.21913 0.57611 0.05694 0.14782 ( 2)
  16 -   0.55918 0.23606 0.14454 0.06022 ( 1)
  17 -   0.56314 0.23210 0.14555 0.05921 ( 1)
  18 -   0.56658 0.22866 0.14644 0.05832 ( 1)
  19 -   0.55759 0.23765 0.14413 0.06063 ( 1)
  20 -   0.56865 0.22659 0.14697 0.05779 ( 1)
  21 -   0.55613 0.23910 0.14376 0.06100 ( 1)
  22 -   0.52468 0.27056 0.13570 0.06906 ( 1)
  23 -   0.55399 0.24125 0.14321 0.06155 ( 1)
  24 -   0.55912 0.23612 0.14453 0.06023 ( 1)
  25 -   0.56442 0.23082 0.14588 0.05888 ( 1)
  26 -   0.55918 0.23606 0.14454 0.06022 ( 1)
  27 -   0.55030 0.24494 0.14227 0.06249 ( 1)
  28 G   0.87284 0.00092 0.12609 0.00016 ( 1)
  29 Q   0.05406 0.80993 0.00731 0.12870 ( 2)
  30 K   0.02592 0.59017 0.10720 0.27672 ( 2)
  31 V   0.60111 0.28285 0.07211 0.04393 ( 1)
  32 E   0.04087 0.74399 0.01256 0.20258 ( 2)
  33 I   0.32161 0.35566 0.23962 0.08311 ( 2)
  34 I   0.30695 0.13186 0.53014 0.03106 ( 3)
  35 R   0.01856 0.79401 0.00376 0.18367 ( 2)
  36 -   0.48352 0.31172 0.12513 0.07963 ( 1)
  37 E   0.84934 0.00670 0.14267 0.00129 ( 1)
  38 W   0.00073 0.61830 0.01419 0.36678 ( 2)
  39 I   0.23530 0.27048 0.41151 0.08271 ( 3)
  40 N   0.87877 0.01815 0.10016 0.00292 ( 1)
  41 G   0.83743 0.00214 0.15990 0.00054 ( 1)
  42 A   0.51003 0.32212 0.10022 0.06763 ( 1)
  43 N   0.22625 0.27457 0.35623 0.14296 ( 3)
  44 V   0.09024 0.57468 0.18316 0.15192 ( 2)
  45 V   0.54987 0.33836 0.06080 0.05097 ( 1)
  46 Q   0.32979 0.03098 0.63185 0.00738 ( 3)
  47 L   0.49621 0.06805 0.40673 0.02901 ( 1)
  48 S   0.55301 0.13252 0.27880 0.03568 ( 1)
  49 P   0.63629 0.23801 0.08741 0.03829 ( 1)
  50 G   0.02405 0.79689 0.00511 0.17395 ( 2)
  51 Q   0.44271 0.42966 0.05963 0.06800 ( 1)
  52 S   0.29814 0.57689 0.03731 0.08766 ( 2)
  53 W   0.14833 0.67184 0.03190 0.14793 ( 2)
  54 G   0.00201 0.86338 0.00027 0.13435 ( 2)
  55 M   0.66102 0.22488 0.08139 0.03271 ( 1)
  56 D   0.40887 0.48063 0.04053 0.06998 ( 2)
  57 F   0.88039 0.01674 0.10043 0.00245 ( 1)
  58 T   0.82491 0.00616 0.16762 0.00130 ( 1)
  59 N   0.90745 0.00163 0.09067 0.00025 ( 1)
  60 S   0.02622 0.69189 0.02680 0.25508 ( 2)
  61 T   0.88943 0.00303 0.10706 0.00048 ( 1)
  62 G   0.40321 0.47516 0.04923 0.07241 ( 2)
  63 G   0.74255 0.13399 0.10220 0.02126 ( 1)
  64 Q   0.18197 0.34518 0.27625 0.19659 ( 2)
  65 Y   0.89241 0.00175 0.10557 0.00026 ( 1)
  66 M   0.06235 0.81154 0.00773 0.11838 ( 2)
  67 V   0.79250 0.03703 0.16259 0.00788 ( 1)
  68 R   0.81412 0.00503 0.17973 0.00113 ( 1)
  69 C   0.37477 0.49935 0.04923 0.07665 ( 2)
  70 R   0.85361 0.00029 0.14604 0.00005 ( 1)
  71 Y   0.89369 0.00049 0.10574 0.00007 ( 1)
  72 A   0.88954 0.00063 0.10973 0.00010 ( 1)
  73 S   0.79360 0.11009 0.08119 0.01512 ( 1)
  74 T   0.00262 0.60068 0.03149 0.36521 ( 2)
  75 N   0.01312 0.83537 0.00214 0.14937 ( 2)
  76 D   0.70188 0.04317 0.24590 0.00905 ( 1)
  77 T   0.85995 0.03225 0.10287 0.00493 ( 1)
  78 -   0.34921 0.44603 0.09056 0.11420 ( 2)
  79 -   0.73514 0.06010 0.18948 0.01528 ( 1)
  80 P   0.87510 0.00239 0.12212 0.00039 ( 1)
  81 I   0.67779 0.15771 0.13215 0.03235 ( 1)
  82 F   0.08948 0.78570 0.01027 0.11455 ( 2)
  83 F   0.88423 0.01444 0.09923 0.00209 ( 1)
  84 N   0.86565 0.03883 0.08949 0.00604 ( 1)
  85 L   0.83022 0.03530 0.12834 0.00614 ( 1)
  86 -   0.51436 0.28088 0.13305 0.07171 ( 1)
  87 -   0.51436 0.28088 0.13305 0.07171 ( 1)
  88 -   0.51436 0.28088 0.13305 0.07171 ( 1)
  89 -   0.51436 0.28088 0.13305 0.07171 ( 1)
  90 -   0.51436 0.28088 0.13305 0.07171 ( 1)
  91 -   0.51436 0.28088 0.13305 0.07171 ( 1)
  92 V   0.41154 0.41754 0.08315 0.08777 ( 2)
  93 Y   0.25770 0.61842 0.03084 0.09305 ( 2)
  94 D   0.02881 0.81531 0.00494 0.15095 ( 2)
  95 G   0.00390 0.82270 0.00076 0.17264 ( 2)
  96 G   0.24261 0.62820 0.03181 0.09739 ( 2)
  97 S   0.02415 0.79696 0.00505 0.17385 ( 2)
  98 N   0.87421 0.03012 0.09099 0.00468 ( 1)
  99 P   0.28796 0.58627 0.03666 0.08911 ( 2)
 100 I   0.83833 0.06056 0.09158 0.00953 ( 1)
 101 Y   0.08270 0.71687 0.01982 0.18061 ( 2)
 102 N   0.00078 0.64874 0.01643 0.33406 ( 2)
 103 Q   0.00524 0.69492 0.01745 0.28238 ( 2)
 104 M   0.07580 0.79861 0.00937 0.11622 ( 2)
 105 T   0.48207 0.39750 0.05781 0.06262 ( 1)
 106 F   0.82790 0.01247 0.15715 0.00248 ( 1)
 107 P   0.88476 0.00403 0.11060 0.00061 ( 1)
 108 A   0.05362 0.70215 0.05259 0.19164 ( 2)
 109 -   0.51436 0.28088 0.13305 0.07171 ( 1)
 110 T   0.25419 0.61582 0.03232 0.09766 ( 2)
 111 K   0.07046 0.72586 0.03117 0.17252 ( 2)
 112 E   0.00936 0.67238 0.02944 0.28881 ( 2)
 113 T   0.32955 0.05196 0.60589 0.01259 ( 3)
 114 P   0.03146 0.07806 0.84585 0.04463 ( 3)
 115 A   0.24005 0.26620 0.42229 0.07146 ( 3)
 116 H   0.16308 0.45639 0.22302 0.15750 ( 2)
 117 D   0.03948 0.47730 0.26824 0.21498 ( 2)
 118 S   0.16917 0.49536 0.15896 0.17651 ( 2)
 119 V   0.51436 0.28088 0.13305 0.07171 ( 1)
 120 D   0.51436 0.28088 0.13305 0.07171 ( 1)
 121 N   0.24966 0.47751 0.14944 0.12339 ( 2)
 122 K   0.62564 0.23384 0.09940 0.04112 ( 1)
 123 I   0.69892 0.18844 0.08245 0.03019 ( 1)
 124 L   0.22812 0.02286 0.74012 0.00890 ( 3)
 125 G   0.29899 0.52363 0.06335 0.11404 ( 2)
 126 I   0.13012 0.37494 0.35666 0.13828 ( 2)
 127 K   0.88565 0.01049 0.10222 0.00164 ( 1)
 128 G   0.88165 0.00184 0.11622 0.00029 ( 1)
 129 I   0.04208 0.68935 0.04905 0.21952 ( 2)
 130 N   0.90626 0.00280 0.09051 0.00043 ( 1)
 131 G   0.85752 0.01758 0.12190 0.00300 ( 1)
 132 N   0.71260 0.01871 0.26410 0.00458 ( 1)
 133 Y   0.89395 0.00026 0.10576 0.00004 ( 1)
 134 S   0.70660 0.15482 0.11147 0.02711 ( 1)
 135 L   0.74957 0.07423 0.15995 0.01625 ( 1)
 136 M   0.06715 0.80722 0.00827 0.11736 ( 2)
 137 N   0.18762 0.35919 0.36212 0.09107 ( 3)
 138 V   0.52232 0.35669 0.06508 0.05592 ( 1)
 139 K   0.06863 0.80054 0.00779 0.12304 ( 2)
 140 D   0.89683 0.01222 0.08916 0.00179 ( 1)
 141 S   0.83656 0.05203 0.10357 0.00784 ( 1)
 142 V   0.21808 0.03136 0.73937 0.01120 ( 3)
 143 E   0.75537 0.03236 0.20363 0.00864 ( 1)
 144 L   0.88432 0.00704 0.10759 0.00106 ( 1)
 145 P   0.87916 0.00039 0.12039 0.00006 ( 1)
 146 S   0.88167 0.00797 0.10916 0.00120 ( 1)
 147 G   0.55291 0.27381 0.11476 0.05851 ( 1)
 148 K   0.83404 0.06234 0.09390 0.00971 ( 1)
 149 F   0.23069 0.64795 0.02675 0.09462 ( 2)
 150 H   0.06305 0.81376 0.00694 0.11625 ( 2)
 151 V   0.89049 0.00616 0.10242 0.00094 ( 1)
 152 F   0.00584 0.86872 0.00066 0.12478 ( 2)
 153 F   0.82349 0.01670 0.15647 0.00333 ( 1)
 154 T   0.12578 0.74168 0.01544 0.11710 ( 2)
 155 N   0.90641 0.00262 0.09056 0.00041 ( 1)
 156 N   0.70905 0.18870 0.07296 0.02930 ( 1)
 157 G   0.79449 0.08685 0.10504 0.01362 ( 1)
 158 -   0.17967 0.61557 0.04671 0.15805 ( 2)
 159 -   0.55634 0.23890 0.14381 0.06095 ( 1)
 160 -   0.64335 0.15189 0.16607 0.03869 ( 1)
 161 S   0.47344 0.38721 0.07254 0.06681 ( 1)
 162 S   0.58611 0.29334 0.07535 0.04521 ( 1)
 163 A   0.88277 0.01366 0.10152 0.00205 ( 1)
 164 I   0.88783 0.00971 0.10092 0.00154 ( 1)
 165 Y   0.83527 0.05570 0.10057 0.00846 ( 1)
 166 L   0.86295 0.00451 0.13176 0.00078 ( 1)
 167 D   0.90907 0.00045 0.09042 0.00007 ( 1)
 168 R   0.84327 0.01050 0.14430 0.00193 ( 1)
 169 L   0.88087 0.00916 0.10858 0.00139 ( 1)
 170 E   0.85572 0.00054 0.14364 0.00010 ( 1)
 171 F   0.89867 0.00044 0.10084 0.00006 ( 1)
 172 V   0.88759 0.01170 0.09892 0.00178 ( 1)
 173 P   0.82356 0.06359 0.10313 0.00971 ( 1)

