Supplemental results for CODEML (seqf: algn  treef: tree)


dN/dS (w) for site classes (K=4)

site class             0        1       2a       2b
proportion       0.34528  0.41518  0.10876  0.13078
background w     0.10397  1.00000  0.10397  1.00000
foreground w     0.10397  1.00000 421.98602 421.98602

Naive Empirical Bayes (NEB) probabilities for 4 classes
(amino acids refer to 1st sequence: BT_Cry1Be1)

   1 -   0.58124 0.35527 0.01462 0.04888 ( 1)
   2 S   0.00691 0.74885 0.00508 0.23917 ( 2)
   3 D   0.98726 0.00028 0.01244 0.00003 ( 1)
   4 S   0.60815 0.34327 0.01514 0.03343 ( 1)
   5 I   0.97411 0.00201 0.02377 0.00011 ( 1)
   6 T   0.94186 0.03822 0.01865 0.00126 ( 1)
   7 Q   0.03071 0.80129 0.03488 0.13312 ( 2)
   8 I   0.30218 0.56862 0.02760 0.10161 ( 2)
   9 P   0.91221 0.00883 0.07700 0.00196 ( 1)
  10 L   0.06129 0.86292 0.00214 0.07366 ( 2)
  11 V   0.90985 0.04362 0.03951 0.00701 ( 1)
  12 K   0.98404 0.00027 0.01567 0.00002 ( 1)
  13 S   0.16201 0.54136 0.15488 0.14175 ( 2)
  14 F   0.00552 0.61761 0.02311 0.35377 ( 2)
  15 N   0.00035 0.48819 0.03205 0.47940 ( 2)
  16 L   0.62753 0.13292 0.19767 0.04187 ( 1)
  17 N   0.00082 0.75963 0.00026 0.23929 ( 2)
  18 S   0.00094 0.77929 0.00664 0.21312 ( 2)
  19 G   0.00213 0.68613 0.01091 0.30083 ( 2)
  20 T   0.00483 0.01416 0.95591 0.02511 ( 3)
  21 S   0.58669 0.27721 0.05412 0.08197 ( 1)
  22 V   0.97263 0.00038 0.02694 0.00005 ( 1)
  23 V   0.89749 0.05927 0.03486 0.00837 ( 1)
  24 S   0.00164 0.38561 0.15350 0.45926 ( 4)
  25 G   0.97232 0.00077 0.02686 0.00006 ( 1)
  26 P   0.99352 0.00029 0.00618 0.00001 ( 1)
  27 G   0.94042 0.00114 0.05833 0.00010 ( 1)
  28 F   0.97988 0.00165 0.01833 0.00014 ( 1)
  29 T   0.96340 0.01472 0.02030 0.00159 ( 1)
  30 G   0.99010 0.00081 0.00906 0.00003 ( 1)
  31 G   0.98377 0.00240 0.01370 0.00013 ( 1)
  32 D   0.80911 0.14540 0.02453 0.02096 ( 1)
  33 I   0.75643 0.16583 0.05377 0.02398 ( 1)
  34 I   0.93767 0.03395 0.02386 0.00452 ( 1)
  35 R   0.87379 0.08700 0.03019 0.00902 ( 1)
  36 T   0.46829 0.34096 0.10503 0.08572 ( 1)
  37 N   0.12183 0.67047 0.01363 0.19407 ( 2)
  38 V   0.01715 0.67544 0.00658 0.30083 ( 2)
  39 N   0.03666 0.64382 0.03943 0.28009 ( 2)
  40 -   0.34528 0.41518 0.10876 0.13078 ( 2)
  41 -   0.34528 0.41518 0.10876 0.13078 ( 2)
  42 -   0.34528 0.41518 0.10876 0.13078 ( 2)
  43 G   0.00282 0.00192 0.99178 0.00349 ( 3)
  44 S   0.02228 0.80738 0.00177 0.16856 ( 2)
  45 V   0.45246 0.46573 0.02247 0.05934 ( 2)
  46 L   0.00002 0.78402 0.00001 0.21595 ( 2)
  47 S   0.14188 0.72182 0.01558 0.12072 ( 2)
  48 M   0.01375 0.74727 0.00148 0.23751 ( 2)
  49 G   0.00040 0.46523 0.03875 0.49563 ( 4)
  50 L   0.05220 0.61644 0.07031 0.26104 ( 2)
  51 N   0.02949 0.76287 0.00156 0.20609 ( 2)
  52 F   0.12537 0.63188 0.05637 0.18637 ( 2)
  53 N   0.23070 0.45028 0.22494 0.09408 ( 2)
  54 N   0.00155 0.90568 0.00018 0.09259 ( 2)
  55 -   0.52635 0.31550 0.07361 0.08454 ( 1)
  56 -   0.01683 0.74363 0.00530 0.23425 ( 2)
  57 -   0.03908 0.72137 0.01231 0.22724 ( 2)
  58 T   0.00006 0.88979 0.00006 0.11009 ( 2)
  59 S   0.03238 0.79911 0.00198 0.16653 ( 2)
  60 L   0.00004 0.84515 0.00001 0.15480 ( 2)
  61 Q   0.01234 0.63173 0.04833 0.30760 ( 2)
  62 R   0.15559 0.72381 0.00757 0.11302 ( 2)
  63 Y   0.99061 0.00026 0.00912 0.00001 ( 1)
  64 R   0.00651 0.00294 0.98714 0.00342 ( 3)
  65 V   0.06469 0.55232 0.16402 0.21897 ( 2)
  66 R   0.98604 0.00027 0.01367 0.00002 ( 1)
  67 V   0.96774 0.00414 0.02750 0.00061 ( 1)
  68 R   0.99016 0.00272 0.00705 0.00006 ( 1)
  69 Y   0.99061 0.00026 0.00912 0.00001 ( 1)
  70 A   0.97883 0.00091 0.02019 0.00008 ( 1)
  71 A   0.95882 0.01055 0.02950 0.00113 ( 1)
  72 S   0.56709 0.33947 0.03586 0.05758 ( 1)
  73 Q   0.00370 0.84946 0.00195 0.14489 ( 2)
  74 T   0.00303 0.70588 0.01799 0.27309 ( 2)
  75 M   0.00336 0.81374 0.00047 0.18244 ( 2)
  76 V   0.00704 0.50209 0.08318 0.40769 ( 2)
  77 L   0.97772 0.01254 0.00908 0.00066 ( 1)
  78 R   0.17430 0.71865 0.04662 0.06043 ( 2)
  79 V   0.29884 0.09089 0.57353 0.03675 ( 3)
  80 T   0.00578 0.81777 0.00019 0.17627 ( 2)
  81 V   0.00069 0.81354 0.00040 0.18537 ( 2)
  82 G   0.00015 0.69072 0.00010 0.30903 ( 2)
  83 -   0.00746 0.80841 0.00113 0.18300 ( 2)
  84 -   0.34528 0.41518 0.10876 0.13078 ( 2)
  85 -   0.34528 0.41518 0.10876 0.13078 ( 2)
  86 G   0.00274 0.45890 0.10558 0.43279 ( 2)
  87 S   0.00028 0.72104 0.00045 0.27822 ( 2)
  88 T   0.01736 0.74132 0.00311 0.23821 ( 2)
  89 T   0.00243 0.72029 0.03046 0.24682 ( 2)
  90 F   0.01187 0.14921 0.67279 0.16613 ( 3)
  91 D   0.00496 0.09519 0.73314 0.16671 ( 3)
  92 Q   0.00017 0.84100 0.00001 0.15882 ( 2)
  93 G   0.00000 0.37400 0.00005 0.62595 ( 4)
  94 F   0.98494 0.00337 0.01148 0.00021 ( 1)
  95 P   0.00811 0.84326 0.00047 0.14817 ( 2)
  96 S   0.10767 0.78729 0.00631 0.09873 ( 2)
  97 T   0.97182 0.00055 0.02757 0.00007 ( 1)
  98 M   0.99611 0.00005 0.00384 0.00000 ( 1)
  99 S   0.02060 0.81608 0.02336 0.13996 ( 2)
 100 A   0.00050 0.79415 0.00513 0.20022 ( 2)
 101 N   0.79601 0.15648 0.02432 0.02319 ( 1)
 102 E   0.00092 0.12768 0.58287 0.28854 ( 3)
 103 S   0.98521 0.00455 0.01000 0.00024 ( 1)
 104 L   0.88294 0.10422 0.01159 0.00125 ( 1)
 105 T   0.95842 0.00888 0.03163 0.00106 ( 1)
 106 S   0.57596 0.39832 0.00588 0.01983 ( 1)
 107 Q   0.16137 0.69837 0.00743 0.13283 ( 2)
 108 S   0.39170 0.57413 0.01151 0.02267 ( 2)
 109 F   0.98972 0.00008 0.01019 0.00000 ( 1)
 110 R   0.93176 0.05707 0.00993 0.00124 ( 1)
 111 F   0.97699 0.00265 0.02021 0.00015 ( 1)
 112 A   0.03997 0.02139 0.92623 0.01241 ( 3)
 113 E   0.00636 0.72916 0.05891 0.20558 ( 2)
 114 F   0.89462 0.04884 0.04656 0.00999 ( 1)
 115 P   0.00480 0.56122 0.02815 0.40583 ( 2)
 116 V   0.04934 0.78075 0.07919 0.09071 ( 2)
 117 G   0.00688 0.27612 0.15714 0.55986 ( 4)
 118 I   0.02141 0.55286 0.10884 0.31689 ( 2)
 119 S   0.00000 0.67736 0.00004 0.32260 ( 2)
 120 -   0.60990 0.15055 0.19212 0.04743 ( 1)
 121 A   0.01254 0.84237 0.00575 0.13934 ( 2)
 122 S   0.02594 0.68433 0.00582 0.28391 ( 2)
 123 G   0.01259 0.78413 0.00146 0.20183 ( 2)
 124 S   0.00196 0.74533 0.00276 0.24995 ( 2)
 125 Q   0.00007 0.75547 0.00005 0.24441 ( 2)
 126 T   0.00017 0.76140 0.00036 0.23807 ( 2)
 127 A   0.00002 0.70296 0.00028 0.29674 ( 2)
 128 G   0.00853 0.07414 0.85751 0.05981 ( 3)
 129 I   0.95554 0.00062 0.04369 0.00015 ( 1)
 130 -   0.34528 0.41518 0.10876 0.13078 ( 2)
 131 -   0.34528 0.41518 0.10876 0.13078 ( 2)
 132 S   0.01179 0.63715 0.11449 0.23656 ( 2)
 133 I   0.01810 0.43980 0.31483 0.22727 ( 2)
 134 S   0.01920 0.83533 0.00264 0.14284 ( 2)
 135 N   0.00044 0.11879 0.66061 0.22015 ( 3)
 136 N   0.00015 0.58701 0.00802 0.40482 ( 2)
 137 A   0.00000 0.34236 0.00015 0.65748 ( 4)
 138 G   0.00455 0.47730 0.18067 0.33748 ( 2)
 139 R   0.00000 0.48373 0.00202 0.51424 ( 4)
 140 Q   0.00099 0.68541 0.00274 0.31086 ( 2)
 141 T   0.02547 0.72964 0.06454 0.18036 ( 2)
 142 F   0.21584 0.49131 0.18374 0.10910 ( 2)
 143 H   0.96829 0.01784 0.01273 0.00114 ( 1)
 144 F   0.17132 0.31238 0.35695 0.15936 ( 3)
 145 D   0.99045 0.00127 0.00827 0.00002 ( 1)
 146 K   0.02617 0.62108 0.21549 0.13725 ( 2)
 147 I   0.95288 0.02272 0.02307 0.00133 ( 1)
 148 E   0.98905 0.00101 0.00993 0.00001 ( 1)
 149 F   0.29580 0.11774 0.54421 0.04226 ( 3)
 150 I   0.75471 0.00574 0.23774 0.00181 ( 1)
 151 -   0.34528 0.41518 0.10876 0.13078 ( 2)


lnL = -2555.083841

Bayes Empirical Bayes (BEB) probabilities for 4 classes (class)
(amino acids refer to 1st sequence: BT_Cry1Be1)

   1 -   0.61179 0.28757 0.03703 0.06361 ( 1)
   2 S   0.02433 0.69576 0.02226 0.25765 ( 2)
   3 D   0.97330 0.00041 0.02622 0.00006 ( 1)
   4 S   0.70185 0.22994 0.03551 0.03270 ( 1)
   5 I   0.90781 0.00245 0.08933 0.00041 ( 1)
   6 T   0.86712 0.03263 0.09529 0.00497 ( 1)
   7 Q   0.08282 0.60090 0.13309 0.18319 ( 2)
   8 I   0.45666 0.41287 0.05060 0.07988 ( 1)
   9 P   0.95143 0.00860 0.03907 0.00090 ( 1)
  10 L   0.15652 0.67224 0.02390 0.14734 ( 2)
  11 V   0.88737 0.03691 0.06740 0.00833 ( 1)
  12 K   0.96522 0.00038 0.03435 0.00006 ( 1)
  13 S   0.27156 0.40883 0.20862 0.11100 ( 2)
  14 F   0.01932 0.56064 0.07146 0.34858 ( 2)
  15 N   0.00248 0.50380 0.08518 0.40854 ( 2)
  16 L   0.60684 0.12399 0.22411 0.04505 ( 1)
  17 N   0.00437 0.72647 0.00166 0.26750 ( 2)
  18 S   0.00431 0.70249 0.02100 0.27221 ( 2)
  19 G   0.00887 0.60101 0.04123 0.34888 ( 2)
  20 T   0.01681 0.02570 0.93165 0.02584 ( 3)
  21 S   0.63061 0.20291 0.09679 0.06970 ( 1)
  22 V   0.95657 0.00052 0.04281 0.00009 ( 1)
  23 V   0.87381 0.05011 0.06510 0.01098 ( 1)
  24 S   0.00548 0.29542 0.33247 0.36664 ( 4)
  25 G   0.95783 0.00096 0.04111 0.00010 ( 1)
  26 P   0.97546 0.00037 0.02416 0.00002 ( 1)
  27 G   0.89129 0.00133 0.10715 0.00023 ( 1)
  28 F   0.95362 0.00170 0.04441 0.00027 ( 1)
  29 T   0.93515 0.01458 0.04692 0.00335 ( 1)
  30 G   0.96613 0.00098 0.03281 0.00008 ( 1)
  31 G   0.96153 0.00279 0.03546 0.00022 ( 1)
  32 D   0.81690 0.11046 0.04897 0.02367 ( 1)
  33 I   0.71175 0.12482 0.12806 0.03537 ( 1)
  34 I   0.90665 0.03223 0.05349 0.00763 ( 1)
  35 R   0.85138 0.07015 0.06566 0.01281 ( 1)
  36 T   0.54346 0.26070 0.12123 0.07462 ( 1)
  37 N   0.19610 0.58252 0.03206 0.18932 ( 2)
  38 V   0.04514 0.65665 0.01629 0.28192 ( 2)
  39 N   0.08785 0.60823 0.06492 0.23901 ( 2)
  40 -   0.36334 0.36749 0.13532 0.13385 ( 2)
  41 -   0.36334 0.36749 0.13532 0.13385 ( 2)
  42 -   0.36334 0.36749 0.13532 0.13385 ( 2)
  43 G   0.00607 0.00260 0.98831 0.00302 ( 3)
  44 S   0.06815 0.70724 0.00955 0.21506 ( 2)
  45 V   0.56051 0.31530 0.05881 0.06538 ( 1)
  46 L   0.00022 0.73415 0.00009 0.26553 ( 2)
  47 S   0.30744 0.53066 0.04668 0.11522 ( 2)
  48 M   0.05409 0.72149 0.00667 0.21774 ( 2)
  49 G   0.00210 0.46157 0.08475 0.45158 ( 2)
  50 L   0.11185 0.54816 0.12406 0.21593 ( 2)
  51 N   0.08286 0.69982 0.00735 0.20996 ( 2)
  52 F   0.22910 0.51141 0.08984 0.16965 ( 2)
  53 N   0.32900 0.29959 0.28975 0.08166 ( 1)
  54 N   0.00789 0.85015 0.00079 0.14118 ( 2)
  55 -   0.64556 0.25163 0.05597 0.04684 ( 1)
  56 -   0.03628 0.69456 0.01378 0.25538 ( 2)
  57 -   0.07666 0.65417 0.02909 0.24007 ( 2)
  58 T   0.00045 0.78278 0.00067 0.21611 ( 2)
  59 S   0.08118 0.73217 0.00843 0.17821 ( 2)
  60 L   0.00040 0.76971 0.00009 0.22980 ( 2)
  61 Q   0.03338 0.50272 0.14954 0.31435 ( 2)
  62 R   0.28097 0.55668 0.02895 0.13340 ( 2)
  63 Y   0.97076 0.00034 0.02887 0.00003 ( 1)
  64 R   0.00840 0.00225 0.98675 0.00261 ( 3)
  65 V   0.13019 0.45607 0.22836 0.18537 ( 2)
  66 R   0.96821 0.00037 0.03137 0.00004 ( 1)
  67 V   0.94460 0.00455 0.04977 0.00108 ( 1)
  68 R   0.96997 0.00311 0.02676 0.00016 ( 1)
  69 Y   0.97076 0.00034 0.02887 0.00003 ( 1)
  70 A   0.96502 0.00118 0.03368 0.00012 ( 1)
  71 A   0.89045 0.00962 0.09805 0.00189 ( 1)
  72 S   0.63763 0.22302 0.08026 0.05909 ( 1)
  73 Q   0.01708 0.73916 0.01293 0.23083 ( 2)
  74 T   0.01157 0.59052 0.07240 0.32552 ( 2)
  75 M   0.01624 0.77746 0.00330 0.20301 ( 2)
  76 V   0.02083 0.42782 0.19190 0.35945 ( 2)
  77 L   0.96105 0.01163 0.02635 0.00098 ( 1)
  78 R   0.28131 0.50171 0.12372 0.09325 ( 2)
  79 V   0.43107 0.08827 0.45340 0.02726 ( 3)
  80 T   0.01725 0.74366 0.00095 0.23814 ( 2)
  81 V   0.00418 0.74404 0.00281 0.24898 ( 2)
  82 G   0.00108 0.70404 0.00062 0.29425 ( 2)
  83 -   0.01998 0.75227 0.00368 0.22407 ( 2)
  84 -   0.36334 0.36749 0.13532 0.13385 ( 2)
  85 -   0.36334 0.36749 0.13532 0.13385 ( 2)
  86 G   0.01045 0.45449 0.19282 0.34223 ( 2)
  87 S   0.00185 0.71699 0.00197 0.27919 ( 2)
  88 T   0.05582 0.71728 0.01045 0.21645 ( 2)
  89 T   0.01233 0.64520 0.08104 0.26144 ( 2)
  90 F   0.03724 0.17849 0.65510 0.12918 ( 3)
  91 D   0.02069 0.14855 0.68587 0.14488 ( 3)
  92 Q   0.00131 0.80596 0.00016 0.19256 ( 2)
  93 G   0.00005 0.48928 0.00032 0.51035 ( 4)
  94 F   0.96799 0.00341 0.02823 0.00038 ( 1)
  95 P   0.03416 0.77439 0.00344 0.18802 ( 2)
  96 S   0.24861 0.58035 0.03354 0.13749 ( 2)
  97 T   0.95209 0.00077 0.04699 0.00016 ( 1)
  98 M   0.98429 0.00006 0.01564 0.00000 ( 1)
  99 S   0.07301 0.67066 0.08799 0.16835 ( 2)
 100 A   0.00280 0.66770 0.02663 0.30287 ( 2)
 101 N   0.82826 0.12335 0.03245 0.01595 ( 1)
 102 E   0.00333 0.14614 0.64835 0.20218 ( 3)
 103 S   0.96496 0.00444 0.03011 0.00049 ( 1)
 104 L   0.81322 0.08024 0.09638 0.01016 ( 1)
 105 T   0.92517 0.00869 0.06441 0.00172 ( 1)
 106 S   0.68687 0.26182 0.02306 0.02826 ( 1)
 107 Q   0.33041 0.52030 0.02496 0.12433 ( 2)
 108 S   0.46202 0.39647 0.07044 0.07106 ( 1)
 109 F   0.97338 0.00012 0.02649 0.00001 ( 1)
 110 R   0.90422 0.04615 0.04603 0.00361 ( 1)
 111 F   0.94527 0.00264 0.05177 0.00032 ( 1)
 112 A   0.08645 0.03197 0.86643 0.01514 ( 3)
 113 E   0.02324 0.56027 0.17762 0.23887 ( 2)
 114 F   0.87342 0.04020 0.07582 0.01056 ( 1)
 115 P   0.02439 0.62071 0.05254 0.30236 ( 2)
 116 V   0.12288 0.61325 0.11540 0.14847 ( 2)
 117 G   0.03236 0.39764 0.19393 0.37607 ( 2)
 118 I   0.04328 0.44265 0.23362 0.28045 ( 2)
 119 S   0.00005 0.67627 0.00017 0.32352 ( 2)
 120 -   0.59457 0.13626 0.21976 0.04941 ( 1)
 121 A   0.03312 0.74505 0.02035 0.20148 ( 2)
 122 S   0.06534 0.66724 0.01348 0.25394 ( 2)
 123 G   0.03565 0.74365 0.00568 0.21501 ( 2)
 124 S   0.00815 0.67477 0.01252 0.30456 ( 2)
 125 Q   0.00067 0.75575 0.00036 0.24322 ( 2)
 126 T   0.00136 0.72661 0.00222 0.26981 ( 2)
 127 A   0.00024 0.67964 0.00151 0.31862 ( 2)
 128 G   0.01689 0.06612 0.87466 0.04233 ( 3)
 129 I   0.94452 0.00093 0.05431 0.00023 ( 1)
 130 -   0.36334 0.36749 0.13532 0.13385 ( 2)
 131 -   0.36334 0.36749 0.13532 0.13385 ( 2)
 132 S   0.03207 0.50283 0.22560 0.23950 ( 2)
 133 I   0.03949 0.37882 0.36914 0.21255 ( 2)
 134 S   0.04934 0.73504 0.01292 0.20270 ( 2)
 135 N   0.00267 0.19853 0.59781 0.20098 ( 3)
 136 N   0.00106 0.56445 0.02968 0.40481 ( 2)
 137 A   0.00004 0.54290 0.00049 0.45657 ( 2)
 138 G   0.01704 0.48125 0.23246 0.26926 ( 2)
 139 R   0.00005 0.47415 0.00743 0.51838 ( 4)
 140 Q   0.00618 0.65787 0.01438 0.32157 ( 2)
 141 T   0.08598 0.58672 0.14500 0.18230 ( 2)
 142 F   0.30508 0.30964 0.29488 0.09040 ( 2)
 143 H   0.95053 0.01643 0.03173 0.00131 ( 1)
 144 F   0.27503 0.25675 0.35917 0.10905 ( 3)
 145 D   0.93684 0.00148 0.06154 0.00014 ( 1)
 146 K   0.05964 0.45302 0.34620 0.14114 ( 2)
 147 I   0.88714 0.02050 0.08884 0.00352 ( 1)
 148 E   0.93632 0.00119 0.06238 0.00011 ( 1)
 149 F   0.29495 0.08307 0.59085 0.03114 ( 3)
 150 I   0.72381 0.00703 0.26659 0.00258 ( 1)
 151 -   0.36334 0.36749 0.13532 0.13385 ( 2)

