Supplemental results for CODEML (seqf: algn  treef: tree)


dN/dS (w) for site classes (K=4)

site class             0        1       2a       2b
proportion       0.51736  0.45491  0.01476  0.01297
background w     0.08177  1.00000  0.08177  1.00000
foreground w     0.08177  1.00000 33.01844 33.01844

Naive Empirical Bayes (NEB) probabilities for 4 classes
(amino acids refer to 1st sequence: BT_Cry7Aa1)

   1 -   0.51736 0.45491 0.01476 0.01297 ( 1)
   2 -   0.12501 0.77352 0.05345 0.04802 ( 2)
   3 -   0.76203 0.23563 0.00125 0.00109 ( 1)
   4 K   0.91783 0.08199 0.00015 0.00003 ( 1)
   5 I   0.76757 0.23192 0.00036 0.00015 ( 1)
   6 T   0.28971 0.70944 0.00020 0.00065 ( 2)
   7 K   0.05002 0.94407 0.00175 0.00416 ( 2)
   8 I   0.92905 0.07077 0.00015 0.00002 ( 1)
   9 P   0.83000 0.16990 0.00007 0.00002 ( 1)
  10 A   0.91105 0.08887 0.00006 0.00001 ( 1)
  11 V   0.88669 0.11317 0.00012 0.00003 ( 1)
  12 K   0.93284 0.06703 0.00012 0.00002 ( 1)
  13 M   0.37654 0.61687 0.00545 0.00114 ( 2)
  14 Y   0.88452 0.11541 0.00006 0.00001 ( 1)
  15 K   0.07423 0.92082 0.00179 0.00316 ( 2)
  16 L   0.78795 0.21040 0.00121 0.00045 ( 1)
  17 D   0.00001 0.19838 0.01545 0.78617 ( 4)
  18 D   0.00024 0.62292 0.01403 0.36281 ( 2)
  19 P   0.00224 0.99538 0.00005 0.00233 ( 2)
  20 S   0.03531 0.95703 0.00164 0.00602 ( 2)
  21 T   0.05361 0.94440 0.00007 0.00192 ( 2)
  22 V   0.43589 0.53287 0.02672 0.00452 ( 2)
  23 V   0.73815 0.26073 0.00077 0.00035 ( 1)
  24 K   0.93284 0.06703 0.00012 0.00002 ( 1)
  25 G   0.70236 0.29745 0.00012 0.00007 ( 1)
  26 P   0.84898 0.15071 0.00024 0.00006 ( 1)
  27 G   0.87227 0.12770 0.00002 0.00001 ( 1)
  28 F   0.41194 0.58795 0.00003 0.00008 ( 2)
  29 T   0.91137 0.08851 0.00010 0.00002 ( 1)
  30 G   0.89666 0.10252 0.00068 0.00013 ( 1)
  31 G   0.87227 0.12770 0.00002 0.00001 ( 1)
  32 D   0.94618 0.05373 0.00009 0.00001 ( 1)
  33 L   0.81432 0.18561 0.00005 0.00002 ( 1)
  34 V   0.91779 0.08209 0.00010 0.00002 ( 1)
  35 K   0.78306 0.21651 0.00031 0.00012 ( 1)
  36 R   0.91415 0.08581 0.00003 0.00001 ( 1)
  37 G   0.64833 0.35103 0.00040 0.00024 ( 1)
  38 S   0.93690 0.06306 0.00003 0.00000 ( 1)
  39 T   0.08648 0.91337 0.00001 0.00014 ( 2)
  40 G   0.89823 0.10174 0.00002 0.00000 ( 1)
  41 Y   0.03858 0.95763 0.00101 0.00278 ( 2)
  42 I   0.92560 0.07423 0.00015 0.00002 ( 1)
  43 G   0.87227 0.12770 0.00002 0.00001 ( 1)
  44 D   0.04660 0.94953 0.00012 0.00375 ( 2)
  45 I   0.06106 0.93733 0.00054 0.00107 ( 2)
  46 K   0.25805 0.74189 0.00001 0.00005 ( 2)
  47 A   0.42800 0.57163 0.00011 0.00025 ( 2)
  48 T   0.67611 0.32331 0.00037 0.00021 ( 1)
  49 V   0.90603 0.09384 0.00010 0.00002 ( 1)
  50 N   0.78643 0.21351 0.00004 0.00002 ( 1)
  51 S   0.80122 0.19871 0.00006 0.00002 ( 1)
  52 P   0.83540 0.16457 0.00002 0.00001 ( 1)
  53 L   0.87088 0.12909 0.00002 0.00001 ( 1)
  54 S   0.86782 0.13214 0.00004 0.00001 ( 1)
  55 Q   0.83116 0.16881 0.00003 0.00001 ( 1)
  56 K   0.53092 0.46889 0.00007 0.00013 ( 1)
  57 Y   0.88452 0.11541 0.00006 0.00001 ( 1)
  58 R   0.26552 0.72955 0.00374 0.00119 ( 2)
  59 V   0.81275 0.18663 0.00049 0.00013 ( 1)
  60 R   0.91415 0.08581 0.00003 0.00001 ( 1)
  61 V   0.91779 0.08209 0.00010 0.00002 ( 1)
  62 R   0.71714 0.28277 0.00006 0.00003 ( 1)
  63 Y   0.79783 0.20208 0.00006 0.00003 ( 1)
  64 A   0.66911 0.33027 0.00040 0.00022 ( 1)
  65 T   0.92281 0.07707 0.00010 0.00002 ( 1)
  66 N   0.54777 0.45196 0.00008 0.00018 ( 1)
  67 V   0.45310 0.54664 0.00008 0.00018 ( 2)
  68 S   0.34942 0.65052 0.00001 0.00004 ( 2)
  69 G   0.85381 0.14615 0.00003 0.00001 ( 1)
  70 Q   0.24094 0.75900 0.00001 0.00005 ( 2)
  71 F   0.20749 0.79232 0.00003 0.00016 ( 2)
  72 N   0.00046 0.04896 0.69568 0.25490 ( 3)
  73 V   0.66419 0.33526 0.00035 0.00020 ( 1)
  74 Y   0.00041 0.99716 0.00001 0.00242 ( 2)
  75 I   0.92905 0.07077 0.00015 0.00002 ( 1)
  76 N   0.50372 0.48943 0.00595 0.00091 ( 1)
  77 D   0.53664 0.45633 0.00626 0.00077 ( 1)
  78 K   0.47951 0.52026 0.00006 0.00016 ( 2)
  79 I   0.00223 0.77883 0.06199 0.15695 ( 2)
  80 T   0.26618 0.73353 0.00004 0.00025 ( 2)
  81 L   0.87088 0.12909 0.00002 0.00001 ( 1)
  82 Q   0.00148 0.06770 0.71735 0.21348 ( 3)
  83 T   0.00616 0.99354 0.00000 0.00030 ( 2)
  84 K   0.00015 0.75551 0.00056 0.24378 ( 2)
  85 F   0.87352 0.12602 0.00039 0.00007 ( 1)
  86 Q   0.35783 0.64182 0.00008 0.00028 ( 2)
  87 N   0.00581 0.98908 0.00018 0.00493 ( 2)
  88 T   0.90452 0.09535 0.00011 0.00002 ( 1)
  89 V   0.38715 0.61256 0.00007 0.00022 ( 2)
  90 E   0.06043 0.93915 0.00001 0.00041 ( 2)
  91 T   0.91137 0.08851 0.00010 0.00002 ( 1)
  92 I   0.92560 0.07423 0.00015 0.00002 ( 1)
  93 G   0.89823 0.10174 0.00002 0.00000 ( 1)
  94 E   0.92450 0.07541 0.00008 0.00001 ( 1)
  95 G   0.87227 0.12770 0.00002 0.00001 ( 1)
  96 K   0.47632 0.52333 0.00011 0.00024 ( 2)
  97 D   0.02843 0.97137 0.00000 0.00019 ( 2)
  98 L   0.25882 0.74106 0.00002 0.00009 ( 2)
  99 T   0.01339 0.98562 0.00001 0.00098 ( 2)
 100 -   0.51736 0.45491 0.01476 0.01297 ( 1)
 101 Y   0.04209 0.95781 0.00000 0.00010 ( 2)
 102 G   0.00428 0.99529 0.00000 0.00044 ( 2)
 103 S   0.02493 0.97497 0.00000 0.00010 ( 2)
 104 F   0.04773 0.95218 0.00000 0.00008 ( 2)
 105 G   0.03999 0.95996 0.00000 0.00004 ( 2)
 106 Y   0.88452 0.11541 0.00006 0.00001 ( 1)
 107 I   0.00429 0.99515 0.00000 0.00056 ( 2)
 108 E   0.91092 0.08899 0.00008 0.00001 ( 1)
 109 Y   0.88452 0.11541 0.00006 0.00001 ( 1)
 110 S   0.86782 0.13214 0.00004 0.00001 ( 1)
 111 T   0.66808 0.33142 0.00032 0.00018 ( 1)
 112 T   0.69613 0.30340 0.00031 0.00017 ( 1)
 113 I   0.92905 0.07077 0.00015 0.00002 ( 1)
 114 Q   0.83116 0.16881 0.00003 0.00001 ( 1)
 115 F   0.41474 0.58519 0.00002 0.00005 ( 2)
 116 P   0.00060 0.93623 0.00046 0.06270 ( 2)
 117 D   0.00421 0.99539 0.00000 0.00040 ( 2)
 118 -   0.51736 0.45491 0.01476 0.01297 ( 1)
 119 E   0.75065 0.24929 0.00004 0.00002 ( 1)
 120 H   0.88452 0.11545 0.00003 0.00001 ( 1)
 121 P   0.83540 0.16457 0.00002 0.00001 ( 1)
 122 -   0.51736 0.45491 0.01476 0.01297 ( 1)
 123 K   0.51942 0.48038 0.00007 0.00013 ( 1)
 124 I   0.76713 0.23244 0.00029 0.00015 ( 1)
 125 T   0.41001 0.58177 0.00708 0.00114 ( 2)
 126 L   0.00317 0.99675 0.00000 0.00007 ( 2)
 127 H   0.00027 0.99301 0.00001 0.00671 ( 2)
 128 L   0.28164 0.71827 0.00002 0.00007 ( 2)
 129 -   0.51736 0.45491 0.01476 0.01297 ( 1)
 130 S   0.00005 0.99940 0.00000 0.00054 ( 2)
 131 D   0.04893 0.94688 0.00121 0.00298 ( 2)
 132 L   0.13972 0.85985 0.00005 0.00038 ( 2)
 133 S   0.84838 0.15154 0.00006 0.00001 ( 1)
 134 N   0.00057 0.92524 0.00118 0.07302 ( 2)
 135 N   0.08181 0.91449 0.00149 0.00221 ( 2)
 136 S   0.02620 0.97216 0.00002 0.00162 ( 2)
 137 S   0.02771 0.97217 0.00000 0.00012 ( 2)
 138 F   0.39952 0.60041 0.00002 0.00005 ( 2)
 139 Y   0.88452 0.11541 0.00006 0.00001 ( 1)
 140 V   0.00290 0.99643 0.00000 0.00066 ( 2)
 141 D   0.01358 0.98622 0.00000 0.00020 ( 2)
 142 S   0.00191 0.97853 0.00033 0.01923 ( 2)
 143 I   0.76713 0.23244 0.00029 0.00015 ( 1)
 144 E   0.92450 0.07541 0.00008 0.00001 ( 1)
 145 F   0.87352 0.12602 0.00039 0.00007 ( 1)
 146 I   0.76713 0.23244 0.00029 0.00015 ( 1)
 147 P   0.76706 0.22592 0.00465 0.00237 ( 1)


lnL = -1466.319843

Bayes Empirical Bayes (BEB) probabilities for 4 classes (class)
(amino acids refer to 1st sequence: BT_Cry7Aa1)

   1 -   0.51020 0.44679 0.02296 0.02005 ( 1)
   2 -   0.14036 0.77394 0.04582 0.03988 ( 2)
   3 -   0.75477 0.23789 0.00423 0.00311 ( 1)
   4 K   0.91298 0.08448 0.00215 0.00039 ( 1)
   5 I   0.75747 0.23333 0.00647 0.00273 ( 1)
   6 T   0.28836 0.69996 0.00267 0.00901 ( 2)
   7 K   0.07250 0.88178 0.01433 0.03139 ( 2)
   8 I   0.92442 0.07307 0.00218 0.00033 ( 1)
   9 P   0.82198 0.17254 0.00423 0.00125 ( 1)
  10 A   0.90604 0.09145 0.00213 0.00038 ( 1)
  11 V   0.88101 0.11600 0.00243 0.00056 ( 1)
  12 K   0.92839 0.06926 0.00205 0.00030 ( 1)
  13 M   0.34292 0.57828 0.06509 0.01371 ( 2)
  14 Y   0.87856 0.11822 0.00264 0.00058 ( 1)
  15 K   0.10121 0.86583 0.01233 0.02063 ( 2)
  16 L   0.77787 0.21218 0.00724 0.00270 ( 1)
  17 D   0.00014 0.32416 0.02125 0.65446 ( 4)
  18 D   0.00159 0.67078 0.02006 0.30756 ( 2)
  19 P   0.00726 0.95198 0.00141 0.03935 ( 2)
  20 S   0.05482 0.90354 0.00998 0.03167 ( 2)
  21 T   0.07996 0.91098 0.00048 0.00858 ( 2)
  22 V   0.38318 0.49535 0.10383 0.01764 ( 2)
  23 V   0.72783 0.26138 0.00734 0.00344 ( 1)
  24 K   0.92839 0.06926 0.00205 0.00030 ( 1)
  25 G   0.69608 0.29868 0.00323 0.00201 ( 1)
  26 P   0.84235 0.15363 0.00317 0.00086 ( 1)
  27 G   0.86612 0.13059 0.00266 0.00063 ( 1)
  28 F   0.39797 0.59787 0.00114 0.00301 ( 2)
  29 T   0.90621 0.09107 0.00231 0.00041 ( 1)
  30 G   0.89146 0.10527 0.00274 0.00054 ( 1)
  31 G   0.86612 0.13059 0.00266 0.00063 ( 1)
  32 D   0.94249 0.05570 0.00161 0.00020 ( 1)
  33 L   0.80624 0.18816 0.00421 0.00139 ( 1)
  34 V   0.91289 0.08457 0.00217 0.00037 ( 1)
  35 K   0.77381 0.21843 0.00559 0.00217 ( 1)
  36 R   0.90938 0.08836 0.00193 0.00033 ( 1)
  37 G   0.63525 0.34669 0.01118 0.00688 ( 1)
  38 S   0.93304 0.06523 0.00152 0.00021 ( 1)
  39 T   0.11774 0.87851 0.00024 0.00352 ( 2)
  40 G   0.89297 0.10447 0.00214 0.00042 ( 1)
  41 Y   0.05866 0.89908 0.01209 0.03017 ( 2)
  42 I   0.92079 0.07659 0.00227 0.00036 ( 1)
  43 G   0.86612 0.13059 0.00266 0.00063 ( 1)
  44 D   0.07132 0.91836 0.00050 0.00982 ( 2)
  45 I   0.08713 0.88670 0.00895 0.01721 ( 2)
  46 K   0.26132 0.73034 0.00175 0.00659 ( 2)
  47 A   0.41165 0.58292 0.00162 0.00381 ( 2)
  48 T   0.66397 0.32090 0.00968 0.00544 ( 1)
  49 V   0.90068 0.09647 0.00240 0.00045 ( 1)
  50 N   0.77781 0.21564 0.00477 0.00178 ( 1)
  51 S   0.79270 0.20104 0.00464 0.00162 ( 1)
  52 P   0.82818 0.16739 0.00343 0.00101 ( 1)
  53 L   0.86472 0.13198 0.00266 0.00064 ( 1)
  54 S   0.86147 0.13503 0.00282 0.00069 ( 1)
  55 Q   0.82381 0.17159 0.00354 0.00107 ( 1)
  56 K   0.50458 0.49216 0.00108 0.00218 ( 1)
  57 Y   0.87856 0.11822 0.00264 0.00058 ( 1)
  58 R   0.24967 0.66723 0.06298 0.02012 ( 2)
  59 V   0.79747 0.18749 0.01180 0.00324 ( 1)
  60 R   0.90938 0.08836 0.00193 0.00033 ( 1)
  61 V   0.91289 0.08457 0.00217 0.00037 ( 1)
  62 R   0.70645 0.28263 0.00733 0.00359 ( 1)
  63 Y   0.79150 0.20495 0.00249 0.00105 ( 1)
  64 A   0.65654 0.32731 0.01026 0.00588 ( 1)
  65 T   0.91810 0.07948 0.00209 0.00034 ( 1)
  66 N   0.52014 0.47686 0.00091 0.00209 ( 1)
  67 V   0.43424 0.56135 0.00133 0.00308 ( 2)
  68 S   0.34296 0.65259 0.00108 0.00338 ( 2)
  69 G   0.84752 0.14911 0.00264 0.00073 ( 1)
  70 Q   0.24670 0.74743 0.00104 0.00482 ( 2)
  71 F   0.21585 0.77506 0.00150 0.00759 ( 2)
  72 N   0.00165 0.10594 0.64864 0.24376 ( 3)
  73 V   0.65162 0.33205 0.01030 0.00602 ( 1)
  74 Y   0.00264 0.98263 0.00011 0.01463 ( 2)
  75 I   0.92442 0.07307 0.00218 0.00033 ( 1)
  76 N   0.46384 0.49073 0.03952 0.00591 ( 2)
  77 D   0.49253 0.46143 0.04086 0.00518 ( 1)
  78 K   0.45807 0.53837 0.00099 0.00258 ( 2)
  79 I   0.00601 0.70528 0.08428 0.20444 ( 2)
  80 T   0.26950 0.72610 0.00071 0.00369 ( 2)
  81 L   0.86472 0.13198 0.00266 0.00064 ( 1)
  82 Q   0.00690 0.19807 0.60900 0.18603 ( 3)
  83 T   0.01794 0.97758 0.00004 0.00445 ( 2)
  84 K   0.00117 0.82134 0.00140 0.17609 ( 2)
  85 F   0.86139 0.12801 0.00887 0.00172 ( 1)
  86 Q   0.34998 0.64473 0.00117 0.00412 ( 2)
  87 N   0.01664 0.94903 0.00214 0.03219 ( 2)
  88 T   0.89945 0.09802 0.00210 0.00042 ( 1)
  89 V   0.37589 0.61923 0.00122 0.00366 ( 2)
  90 E   0.08832 0.90589 0.00029 0.00550 ( 2)
  91 T   0.90621 0.09107 0.00231 0.00041 ( 1)
  92 I   0.92079 0.07659 0.00227 0.00036 ( 1)
  93 G   0.89297 0.10447 0.00214 0.00042 ( 1)
  94 E   0.91988 0.07779 0.00202 0.00032 ( 1)
  95 G   0.86612 0.13059 0.00266 0.00063 ( 1)
  96 K   0.45496 0.54077 0.00125 0.00302 ( 2)
  97 D   0.04946 0.94716 0.00007 0.00331 ( 2)
  98 L   0.26236 0.73066 0.00137 0.00561 ( 2)
  99 T   0.02447 0.95768 0.00037 0.01748 ( 2)
 100 -   0.51020 0.44679 0.02296 0.02005 ( 1)
 101 Y   0.06583 0.92945 0.00018 0.00454 ( 2)
 102 G   0.01313 0.98143 0.00004 0.00541 ( 2)
 103 S   0.04224 0.94990 0.00023 0.00763 ( 2)
 104 F   0.07311 0.92295 0.00015 0.00378 ( 2)
 105 G   0.06316 0.93217 0.00017 0.00450 ( 2)
 106 Y   0.87856 0.11822 0.00264 0.00058 ( 1)
 107 I   0.01316 0.98077 0.00004 0.00603 ( 2)
 108 E   0.90604 0.09160 0.00198 0.00038 ( 1)
 109 Y   0.87856 0.11822 0.00264 0.00058 ( 1)
 110 S   0.86147 0.13503 0.00282 0.00069 ( 1)
 111 T   0.65565 0.32847 0.01006 0.00581 ( 1)
 112 T   0.68615 0.30283 0.00710 0.00393 ( 1)
 113 I   0.92442 0.07307 0.00218 0.00033 ( 1)
 114 Q   0.82381 0.17159 0.00354 0.00107 ( 1)
 115 F   0.40072 0.59587 0.00092 0.00250 ( 2)
 116 P   0.00214 0.84483 0.00232 0.15071 ( 2)
 117 D   0.01296 0.98292 0.00002 0.00410 ( 2)
 118 -   0.51020 0.44679 0.02296 0.02005 ( 1)
 119 E   0.74106 0.25048 0.00591 0.00255 ( 1)
 120 H   0.87911 0.11833 0.00208 0.00048 ( 1)
 121 P   0.82818 0.16739 0.00343 0.00101 ( 1)
 122 -   0.51020 0.44679 0.02296 0.02005 ( 1)
 123 K   0.49414 0.50258 0.00106 0.00222 ( 2)
 124 I   0.76098 0.23505 0.00261 0.00136 ( 1)
 125 T   0.36388 0.53911 0.08329 0.01372 ( 2)
 126 L   0.01021 0.98448 0.00003 0.00528 ( 2)
 127 H   0.00181 0.97251 0.00015 0.02552 ( 2)
 128 L   0.28268 0.71062 0.00143 0.00527 ( 2)
 129 -   0.51020 0.44679 0.02296 0.02005 ( 1)
 130 S   0.00047 0.98672 0.00000 0.01280 ( 2)
 131 D   0.07332 0.90339 0.00701 0.01628 ( 2)
 132 L   0.15176 0.83149 0.00225 0.01451 ( 2)
 133 S   0.83677 0.15356 0.00788 0.00179 ( 1)
 134 N   0.00220 0.85453 0.00430 0.13897 ( 2)
 135 N   0.11017 0.86481 0.00996 0.01506 ( 2)
 136 S   0.04401 0.94637 0.00027 0.00935 ( 2)
 137 S   0.04626 0.94607 0.00024 0.00743 ( 2)
 138 F   0.38731 0.60925 0.00088 0.00255 ( 2)
 139 Y   0.87856 0.11822 0.00264 0.00058 ( 1)
 140 V   0.00940 0.98353 0.00004 0.00703 ( 2)
 141 D   0.03106 0.96553 0.00005 0.00336 ( 2)
 142 S   0.00616 0.92066 0.00240 0.07079 ( 2)
 143 I   0.76098 0.23505 0.00261 0.00136 ( 1)
 144 E   0.91988 0.07779 0.00202 0.00032 ( 1)
 145 F   0.86139 0.12801 0.00887 0.00172 ( 1)
 146 I   0.76098 0.23505 0.00261 0.00136 ( 1)
 147 P   0.76179 0.22883 0.00646 0.00292 ( 1)

