Supplemental results for CODEML (seqf: algn  treef: tree)


dN/dS (w) for site classes (K=4)

site class             0        1       2a       2b
proportion       0.49329  0.30526  0.12445  0.07701
background w     0.13406  1.00000  0.13406  1.00000
foreground w     0.13406  1.00000  3.62947  3.62947

Naive Empirical Bayes (NEB) probabilities for 4 classes
(amino acids refer to 1st sequence: BT_Cry4Ba1)

   1 -   0.49329 0.30526 0.12445 0.07701 ( 1)
   2 Y   0.19702 0.60152 0.04971 0.15175 ( 2)
   3 T   0.72964 0.06890 0.18407 0.01738 ( 1)
   4 D   0.75050 0.04805 0.18934 0.01212 ( 1)
   5 A   0.07097 0.72757 0.01790 0.18355 ( 2)
   6 I   0.74471 0.05384 0.18787 0.01358 ( 1)
   7 T   0.75892 0.03963 0.19146 0.01000 ( 1)
   8 Q   0.79424 0.00431 0.20037 0.00109 ( 1)
   9 V   0.74212 0.05643 0.18722 0.01424 ( 1)
  10 P   0.78889 0.00965 0.19902 0.00243 ( 1)
  11 A   0.70703 0.09152 0.17837 0.02309 ( 1)
  12 V   0.73615 0.06240 0.18571 0.01574 ( 1)
  13 K   0.79442 0.00412 0.20041 0.00104 ( 1)
  14 S   0.76454 0.03401 0.19288 0.00858 ( 1)
  15 N   0.54299 0.25556 0.13698 0.06447 ( 1)
  16 F   0.10972 0.68883 0.02768 0.17378 ( 2)
  17 L   0.56282 0.23572 0.14199 0.05947 ( 1)
  18 N   0.79227 0.00627 0.19987 0.00158 ( 1)
  19 A   0.08724 0.71130 0.02201 0.17945 ( 2)
  20 T   0.07007 0.72848 0.01768 0.18378 ( 2)
  21 A   0.76859 0.02995 0.19390 0.00756 ( 1)
  22 K   0.13847 0.66008 0.03493 0.16652 ( 2)
  23 V   0.54498 0.25356 0.13749 0.06397 ( 1)
  24 I   0.74613 0.05241 0.18823 0.01322 ( 1)
  25 K   0.52187 0.27667 0.13166 0.06980 ( 1)
  26 G   0.65069 0.14786 0.16415 0.03730 ( 1)
  27 P   0.54044 0.25810 0.13634 0.06511 ( 1)
  28 G   0.79516 0.00339 0.20060 0.00085 ( 1)
  29 -   0.49329 0.30526 0.12445 0.07701 ( 1)
  30 H   0.78913 0.00942 0.19908 0.00238 ( 1)
  31 T   0.76889 0.02965 0.19397 0.00748 ( 1)
  32 G   0.78864 0.00991 0.19896 0.00250 ( 1)
  33 G   0.78864 0.00991 0.19896 0.00250 ( 1)
  34 D   0.74179 0.05675 0.18714 0.01432 ( 1)
  35 L   0.73320 0.06535 0.18497 0.01649 ( 1)
  36 V   0.77970 0.01885 0.19670 0.00475 ( 1)
  37 A   0.70472 0.09382 0.17779 0.02367 ( 1)
  38 L   0.64187 0.15668 0.16193 0.03953 ( 1)
  39 T   0.59042 0.20812 0.14895 0.05250 ( 1)
  40 S   0.58712 0.21143 0.14812 0.05334 ( 1)
  41 N   0.65009 0.14845 0.16400 0.03745 ( 1)
  42 G   0.54530 0.25325 0.13757 0.06389 ( 1)
  43 T   0.13654 0.66201 0.03445 0.16701 ( 2)
  44 L   0.76055 0.03799 0.19187 0.00958 ( 1)
  45 S   0.00609 0.79245 0.00154 0.19992 ( 2)
  46 -   0.49329 0.30526 0.12445 0.07701 ( 1)
  47 G   0.62801 0.17054 0.15843 0.04302 ( 1)
  48 R   0.77200 0.02654 0.19476 0.00670 ( 1)
  49 M   0.77226 0.02629 0.19482 0.00663 ( 1)
  50 E   0.29500 0.50355 0.07442 0.12703 ( 2)
  51 I   0.75333 0.04522 0.19005 0.01141 ( 1)
  52 Q   0.02748 0.77106 0.00693 0.19452 ( 2)
  53 C   0.58573 0.21281 0.14777 0.05369 ( 1)
  54 K   0.53457 0.26397 0.13486 0.06659 ( 1)
  55 T   0.74298 0.05556 0.18744 0.01402 ( 1)
  56 S   0.78751 0.01103 0.19867 0.00278 ( 1)
  57 I   0.62739 0.17115 0.15828 0.04318 ( 1)
  58 F   0.77562 0.02293 0.19567 0.00578 ( 1)
  59 N   0.67161 0.12693 0.16943 0.03202 ( 1)
  60 D   0.73286 0.06568 0.18488 0.01657 ( 1)
  61 P   0.55714 0.24140 0.14055 0.06090 ( 1)
  62 T   0.03369 0.76486 0.00850 0.19296 ( 2)
  63 R   0.64885 0.14969 0.16369 0.03776 ( 1)
  64 S   0.54287 0.25567 0.13695 0.06450 ( 1)
  65 Y   0.78944 0.00910 0.19916 0.00230 ( 1)
  66 G   0.75574 0.04280 0.19066 0.01080 ( 1)
  67 L   0.44942 0.34913 0.11338 0.08808 ( 1)
  68 R   0.69940 0.09915 0.17644 0.02501 ( 1)
  69 I   0.79153 0.00701 0.19969 0.00177 ( 1)
  70 R   0.76535 0.03320 0.19308 0.00838 ( 1)
  71 Y   0.72449 0.07406 0.18277 0.01868 ( 1)
  72 A   0.79451 0.00403 0.20044 0.00102 ( 1)
  73 A   0.77416 0.02438 0.19530 0.00615 ( 1)
  74 N   0.79270 0.00585 0.19998 0.00147 ( 1)
  75 S   0.73071 0.06784 0.18434 0.01711 ( 1)
  76 P   0.01194 0.78660 0.00301 0.19844 ( 2)
  77 I   0.08041 0.71813 0.02029 0.18117 ( 2)
  78 V   0.02523 0.77331 0.00636 0.19509 ( 2)
  79 L   0.00396 0.79459 0.00100 0.20046 ( 2)
  80 N   0.04085 0.75770 0.01030 0.19115 ( 2)
  81 V   0.24364 0.55490 0.06147 0.13999 ( 2)
  82 S   0.03391 0.76464 0.00855 0.19290 ( 2)
  83 Y   0.58695 0.21159 0.14808 0.05338 ( 1)
  84 V   0.01234 0.78620 0.00311 0.19834 ( 2)
  85 -   0.72595 0.07259 0.18314 0.01831 ( 1)
  86 L   0.03955 0.75899 0.00998 0.19148 ( 2)
  87 Q   0.00065 0.79790 0.00016 0.20129 ( 2)
  88 G   0.19760 0.60094 0.04985 0.15160 ( 2)
  89 V   0.00368 0.79487 0.00093 0.20053 ( 2)
  90 S   0.00467 0.79388 0.00118 0.20028 ( 2)
  91 R   0.35188 0.44667 0.08877 0.11269 ( 2)
  92 G   0.00575 0.79280 0.00145 0.20001 ( 2)
  93 T   0.24942 0.54912 0.06292 0.13853 ( 2)
  94 T   0.00139 0.79716 0.00035 0.20111 ( 2)
  95 I   0.00246 0.79608 0.00062 0.20083 ( 2)
  96 S   0.00532 0.79322 0.00134 0.20011 ( 2)
  97 T   0.05959 0.73896 0.01503 0.18642 ( 2)
  98 -   0.49329 0.30526 0.12445 0.07701 ( 1)
  99 -   0.49329 0.30526 0.12445 0.07701 ( 1)
 100 -   0.49329 0.30526 0.12445 0.07701 ( 1)
 101 -   0.49329 0.30526 0.12445 0.07701 ( 1)
 102 -   0.17005 0.62849 0.04290 0.15856 ( 2)
 103 E   0.03584 0.76271 0.00904 0.19241 ( 2)
 104 S   0.00874 0.78981 0.00220 0.19925 ( 2)
 105 T   0.00065 0.79789 0.00016 0.20129 ( 2)
 106 F   0.30860 0.48994 0.07785 0.12360 ( 2)
 107 S   0.64196 0.15659 0.16195 0.03950 ( 1)
 108 R   0.09080 0.70774 0.02291 0.17855 ( 2)
 109 P   0.76092 0.03763 0.19196 0.00949 ( 1)
 110 N   0.07416 0.72438 0.01871 0.18275 ( 2)
 111 N   0.78572 0.01282 0.19822 0.00323 ( 1)
 112 I   0.66378 0.13477 0.16746 0.03400 ( 1)
 113 I   0.78428 0.01426 0.19786 0.00360 ( 1)
 114 P   0.51276 0.28578 0.12936 0.07210 ( 1)
 115 T   0.74206 0.05649 0.18720 0.01425 ( 1)
 116 D   0.74501 0.05353 0.18795 0.01350 ( 1)
 117 L   0.78766 0.01088 0.19871 0.00275 ( 1)
 118 K   0.76857 0.02997 0.19390 0.00756 ( 1)
 119 Y   0.79486 0.00368 0.20053 0.00093 ( 1)
 120 E   0.30423 0.49432 0.07675 0.12471 ( 2)
 121 E   0.03383 0.76472 0.00853 0.19292 ( 2)
 122 F   0.79601 0.00254 0.20081 0.00064 ( 1)
 123 R   0.01203 0.78651 0.00304 0.19842 ( 2)
 124 Y   0.77470 0.02384 0.19544 0.00602 ( 1)
 125 K   0.15464 0.64391 0.03901 0.16244 ( 2)
 126 D   0.76494 0.03360 0.19298 0.00848 ( 1)
 127 P   0.52534 0.27320 0.13253 0.06892 ( 1)
 128 F   0.05669 0.74186 0.01430 0.18716 ( 2)
 129 D   0.74179 0.05675 0.18714 0.01432 ( 1)
 130 A   0.30698 0.49157 0.07744 0.12401 ( 2)
 131 I   0.77986 0.01868 0.19674 0.00471 ( 1)
 132 V   0.62928 0.16926 0.15875 0.04270 ( 1)
 133 P   0.40307 0.39548 0.10169 0.09977 ( 1)
 134 M   0.70211 0.09644 0.17713 0.02433 ( 1)
 135 R   0.65439 0.14416 0.16509 0.03637 ( 1)
 136 L   0.47840 0.32014 0.12069 0.08077 ( 1)
 137 S   0.57746 0.22108 0.14568 0.05577 ( 1)
 138 S   0.73284 0.06570 0.18488 0.01658 ( 1)
 139 N   0.61421 0.18433 0.15495 0.04650 ( 1)
 140 Q   0.23973 0.55882 0.06048 0.14098 ( 2)
 141 L   0.29190 0.50665 0.07364 0.12782 ( 2)
 142 I   0.61295 0.18559 0.15464 0.04682 ( 1)
 143 T   0.79073 0.00781 0.19948 0.00197 ( 1)
 144 I   0.67312 0.12542 0.16981 0.03164 ( 1)
 145 A   0.55032 0.24823 0.13883 0.06262 ( 1)
 146 I   0.79136 0.00718 0.19964 0.00181 ( 1)
 147 Q   0.01333 0.78521 0.00336 0.19809 ( 2)
 148 P   0.31224 0.48631 0.07877 0.12269 ( 2)
 149 L   0.26483 0.53371 0.06681 0.13464 ( 2)
 150 N   0.77434 0.02420 0.19535 0.00611 ( 1)
 151 M   0.06539 0.73316 0.01650 0.18496 ( 2)
 152 T   0.00603 0.79252 0.00152 0.19994 ( 2)
 153 S   0.12639 0.67216 0.03188 0.16957 ( 2)
 154 N   0.13774 0.66081 0.03475 0.16671 ( 2)
 155 N   0.10027 0.69827 0.02530 0.17616 ( 2)
 156 Q   0.01808 0.78047 0.00456 0.19690 ( 2)
 157 V   0.48721 0.31133 0.12291 0.07854 ( 1)
 158 I   0.73842 0.06012 0.18629 0.01517 ( 1)
 159 I   0.79129 0.00726 0.19962 0.00183 ( 1)
 160 D   0.79138 0.00717 0.19965 0.00181 ( 1)
 161 R   0.79562 0.00293 0.20072 0.00074 ( 1)
 162 I   0.52311 0.27543 0.13197 0.06949 ( 1)
 163 E   0.79552 0.00303 0.20069 0.00076 ( 1)
 164 I   0.77882 0.01973 0.19648 0.00498 ( 1)
 165 I   0.79129 0.00726 0.19962 0.00183 ( 1)
 166 -   0.74575 0.05280 0.18814 0.01332 ( 1)


lnL = -2190.133283

Bayes Empirical Bayes (BEB) probabilities for 4 classes (class)
(amino acids refer to 1st sequence: BT_Cry4Ba1)

   1 -   0.43885 0.25267 0.19620 0.11228 ( 1)
   2 Y   0.19656 0.49496 0.08815 0.22032 ( 2)
   3 T   0.63271 0.05882 0.28235 0.02613 ( 1)
   4 D   0.65030 0.04123 0.29016 0.01831 ( 1)
   5 A   0.08582 0.60571 0.03856 0.26992 ( 2)
   6 I   0.64280 0.04872 0.28683 0.02164 ( 1)
   7 T   0.65839 0.03314 0.29375 0.01472 ( 1)
   8 Q   0.68753 0.00399 0.30670 0.00177 ( 1)
   9 V   0.64387 0.04766 0.28731 0.02117 ( 1)
  10 P   0.68252 0.00901 0.30447 0.00400 ( 1)
  11 A   0.61999 0.07154 0.27670 0.03178 ( 1)
  12 V   0.64336 0.04817 0.28708 0.02140 ( 1)
  13 K   0.68748 0.00405 0.30667 0.00180 ( 1)
  14 S   0.66308 0.02845 0.29584 0.01264 ( 1)
  15 N   0.48526 0.20627 0.21683 0.09164 ( 1)
  16 F   0.12279 0.56873 0.05513 0.25334 ( 2)
  17 L   0.51093 0.18059 0.22825 0.08023 ( 1)
  18 N   0.68589 0.00564 0.30597 0.00251 ( 1)
  19 A   0.10337 0.58816 0.04642 0.26205 ( 2)
  20 T   0.08837 0.60316 0.03970 0.26877 ( 2)
  21 A   0.66571 0.02582 0.29701 0.01147 ( 1)
  22 K   0.16332 0.52820 0.07328 0.23519 ( 2)
  23 V   0.50148 0.19005 0.22405 0.08443 ( 1)
  24 I   0.64724 0.04428 0.28880 0.01967 ( 1)
  25 K   0.48312 0.20840 0.21589 0.09259 ( 1)
  26 G   0.58152 0.11001 0.25961 0.04886 ( 1)
  27 P   0.49742 0.19411 0.22224 0.08623 ( 1)
  28 G   0.68824 0.00329 0.30701 0.00146 ( 1)
  29 -   0.43885 0.25267 0.19620 0.11228 ( 1)
  30 H   0.68341 0.00812 0.30487 0.00361 ( 1)
  31 T   0.66648 0.02505 0.29734 0.01113 ( 1)
  32 G   0.68225 0.00928 0.30435 0.00412 ( 1)
  33 G   0.68225 0.00928 0.30435 0.00412 ( 1)
  34 D   0.64845 0.04308 0.28934 0.01914 ( 1)
  35 L   0.63778 0.05375 0.28460 0.02387 ( 1)
  36 V   0.67589 0.01564 0.30152 0.00695 ( 1)
  37 A   0.61944 0.07209 0.27645 0.03202 ( 1)
  38 L   0.56614 0.12539 0.25278 0.05569 ( 1)
  39 T   0.53056 0.16097 0.23697 0.07150 ( 1)
  40 S   0.52771 0.16382 0.23570 0.07277 ( 1)
  41 N   0.57922 0.11231 0.25859 0.04988 ( 1)
  42 G   0.49202 0.19951 0.21984 0.08863 ( 1)
  43 T   0.15162 0.53991 0.06804 0.24043 ( 2)
  44 L   0.66012 0.03141 0.29452 0.01395 ( 1)
  45 S   0.00881 0.68271 0.00397 0.30451 ( 2)
  46 -   0.43885 0.25267 0.19620 0.11228 ( 1)
  47 G   0.56136 0.13017 0.25065 0.05782 ( 1)
  48 R   0.67038 0.02114 0.29908 0.00939 ( 1)
  49 M   0.67031 0.02121 0.29905 0.00942 ( 1)
  50 E   0.30064 0.39089 0.13464 0.17384 ( 2)
  51 I   0.65339 0.03813 0.29154 0.01694 ( 1)
  52 Q   0.03674 0.65479 0.01652 0.29196 ( 2)
  53 C   0.53135 0.16018 0.23732 0.07115 ( 1)
  54 K   0.49911 0.19242 0.22299 0.08548 ( 1)
  55 T   0.64406 0.04747 0.28739 0.02108 ( 1)
  56 S   0.68176 0.00976 0.30414 0.00434 ( 1)
  57 I   0.55608 0.13544 0.24831 0.06016 ( 1)
  58 F   0.67160 0.01992 0.29962 0.00885 ( 1)
  59 N   0.59282 0.09870 0.26463 0.04384 ( 1)
  60 D   0.64019 0.05134 0.28567 0.02280 ( 1)
  61 P   0.50598 0.18555 0.22605 0.08243 ( 1)
  62 T   0.04527 0.64626 0.02035 0.28812 ( 2)
  63 R   0.57967 0.11185 0.25879 0.04968 ( 1)
  64 S   0.49146 0.20007 0.21959 0.08888 ( 1)
  65 Y   0.68301 0.00852 0.30469 0.00378 ( 1)
  66 G   0.65603 0.03549 0.29271 0.01577 ( 1)
  67 L   0.41987 0.27166 0.18775 0.12072 ( 1)
  68 R   0.60478 0.08675 0.26994 0.03853 ( 1)
  69 I   0.68475 0.00677 0.30547 0.00301 ( 1)
  70 R   0.66136 0.03017 0.29507 0.01340 ( 1)
  71 Y   0.63061 0.06091 0.28142 0.02706 ( 1)
  72 A   0.68764 0.00389 0.30675 0.00173 ( 1)
  73 A   0.67095 0.02058 0.29933 0.00914 ( 1)
  74 N   0.68618 0.00535 0.30610 0.00237 ( 1)
  75 S   0.63774 0.05379 0.28458 0.02389 ( 1)
  76 P   0.01595 0.67557 0.00718 0.30130 ( 2)
  77 I   0.10114 0.59038 0.04543 0.26305 ( 2)
  78 V   0.03354 0.65799 0.01508 0.29339 ( 2)
  79 L   0.00569 0.68584 0.00256 0.30591 ( 2)
  80 N   0.05168 0.63984 0.02323 0.28524 ( 2)
  81 V   0.25038 0.44114 0.11221 0.19627 ( 2)
  82 S   0.04080 0.65073 0.01834 0.29013 ( 2)
  83 Y   0.53051 0.16101 0.23695 0.07152 ( 1)
  84 V   0.01704 0.67449 0.00766 0.30081 ( 2)
  85 -   0.62625 0.06528 0.27948 0.02899 ( 1)
  86 L   0.05093 0.64060 0.02289 0.28558 ( 2)
  87 Q   0.00106 0.69047 0.00048 0.30800 ( 2)
  88 G   0.21922 0.47230 0.09828 0.21019 ( 2)
  89 V   0.00552 0.68601 0.00248 0.30599 ( 2)
  90 S   0.00685 0.68468 0.00308 0.30539 ( 2)
  91 R   0.34411 0.34742 0.15401 0.15446 ( 2)
  92 G   0.00854 0.68299 0.00384 0.30463 ( 2)
  93 T   0.25974 0.43179 0.11638 0.19209 ( 2)
  94 T   0.00209 0.68944 0.00094 0.30753 ( 2)
  95 I   0.00364 0.68789 0.00164 0.30684 ( 2)
  96 S   0.00746 0.68407 0.00336 0.30511 ( 2)
  97 T   0.07258 0.61895 0.03261 0.27586 ( 2)
  98 -   0.43885 0.25267 0.19620 0.11228 ( 1)
  99 -   0.43885 0.25267 0.19620 0.11228 ( 1)
 100 -   0.43885 0.25267 0.19620 0.11228 ( 1)
 101 -   0.43885 0.25267 0.19620 0.11228 ( 1)
 102 -   0.17950 0.51203 0.08052 0.22795 ( 2)
 103 E   0.04635 0.64518 0.02084 0.28764 ( 2)
 104 S   0.01143 0.68010 0.00514 0.30333 ( 2)
 105 T   0.00100 0.69053 0.00045 0.30802 ( 2)
 106 F   0.30523 0.38630 0.13668 0.17179 ( 2)
 107 S   0.56423 0.12729 0.25193 0.05654 ( 1)
 108 R   0.10172 0.58980 0.04569 0.26279 ( 2)
 109 P   0.65920 0.03232 0.29412 0.01436 ( 1)
 110 N   0.08876 0.60276 0.03988 0.26860 ( 2)
 111 N   0.68013 0.01139 0.30342 0.00506 ( 1)
 112 I   0.58473 0.10679 0.26104 0.04743 ( 1)
 113 I   0.67892 0.01261 0.30287 0.00560 ( 1)
 114 P   0.47437 0.21715 0.21199 0.09648 ( 1)
 115 T   0.64321 0.04832 0.28701 0.02146 ( 1)
 116 D   0.65081 0.04072 0.29038 0.01809 ( 1)
 117 L   0.68153 0.01000 0.30403 0.00444 ( 1)
 118 K   0.66635 0.02518 0.29729 0.01118 ( 1)
 119 Y   0.68802 0.00351 0.30691 0.00156 ( 1)
 120 E   0.31797 0.37356 0.14236 0.16611 ( 2)
 121 E   0.04378 0.64775 0.01968 0.28879 ( 2)
 122 F   0.68903 0.00250 0.30736 0.00111 ( 1)
 123 R   0.01741 0.67411 0.00783 0.30064 ( 2)
 124 Y   0.67014 0.02138 0.29897 0.00950 ( 1)
 125 K   0.18024 0.51129 0.08085 0.22762 ( 2)
 126 D   0.66283 0.02870 0.29572 0.01275 ( 1)
 127 P   0.47844 0.21309 0.21380 0.09467 ( 1)
 128 F   0.07319 0.61833 0.03289 0.27559 ( 2)
 129 D   0.64845 0.04308 0.28934 0.01914 ( 1)
 130 A   0.30893 0.38260 0.13833 0.17014 ( 2)
 131 I   0.67543 0.01610 0.30132 0.00715 ( 1)
 132 V   0.55422 0.13731 0.24748 0.06099 ( 1)
 133 P   0.38745 0.30408 0.17332 0.13515 ( 1)
 134 M   0.61487 0.07666 0.27442 0.03405 ( 1)
 135 R   0.56989 0.12164 0.25445 0.05403 ( 1)
 136 L   0.43832 0.25321 0.19596 0.11251 ( 1)
 137 S   0.51735 0.17417 0.23110 0.07737 ( 1)
 138 S   0.63778 0.05375 0.28460 0.02387 ( 1)
 139 N   0.54730 0.14423 0.24441 0.06406 ( 1)
 140 Q   0.25866 0.43287 0.11590 0.19257 ( 2)
 141 L   0.28945 0.40208 0.12964 0.17883 ( 2)
 142 I   0.54978 0.14175 0.24551 0.06296 ( 1)
 143 T   0.68400 0.00753 0.30513 0.00335 ( 1)
 144 I   0.59394 0.09759 0.26512 0.04335 ( 1)
 145 A   0.49886 0.19267 0.22288 0.08559 ( 1)
 146 I   0.68455 0.00698 0.30537 0.00310 ( 1)
 147 Q   0.01838 0.67315 0.00827 0.30021 ( 2)
 148 P   0.31735 0.37418 0.14209 0.16639 ( 2)
 149 L   0.25719 0.43434 0.11524 0.19323 ( 2)
 150 N   0.67035 0.02118 0.29906 0.00941 ( 1)
 151 M   0.08383 0.60770 0.03766 0.27081 ( 2)
 152 T   0.00851 0.68302 0.00383 0.30464 ( 2)
 153 S   0.14502 0.54651 0.06509 0.24338 ( 2)
 154 N   0.15968 0.53185 0.07165 0.23682 ( 2)
 155 N   0.12198 0.56954 0.05477 0.25370 ( 2)
 156 Q   0.02362 0.66790 0.01062 0.29785 ( 2)
 157 V   0.44010 0.25143 0.19675 0.11172 ( 1)
 158 I   0.64512 0.04640 0.28786 0.02061 ( 1)
 159 I   0.68449 0.00704 0.30534 0.00313 ( 1)
 160 D   0.68452 0.00701 0.30536 0.00312 ( 1)
 161 R   0.68864 0.00288 0.30719 0.00128 ( 1)
 162 I   0.46858 0.22295 0.20942 0.09905 ( 1)
 163 E   0.68856 0.00297 0.30715 0.00132 ( 1)
 164 I   0.67417 0.01736 0.30076 0.00771 ( 1)
 165 I   0.68449 0.00704 0.30534 0.00313 ( 1)
 166 -   0.64497 0.04656 0.28779 0.02068 ( 1)

