Supplemental results for CODEML (seqf: algn  treef: tree)


dN/dS (w) for site classes (K=4)

site class             0        1       2a       2b
proportion       0.56702  0.33572  0.06109  0.03617
background w     0.13552  1.00000  0.13552  1.00000
foreground w     0.13552  1.00000 14.97401 14.97401

Naive Empirical Bayes (NEB) probabilities for 4 classes
(amino acids refer to 1st sequence: BT_Cry43Aa1)

   1 -   0.97661 0.01144 0.01153 0.00042 ( 1)
   2 S   0.94359 0.04313 0.01170 0.00157 ( 1)
   3 A   0.48273 0.46994 0.02633 0.02100 ( 1)
   4 Q   0.96296 0.00460 0.03224 0.00020 ( 1)
   5 G   0.53832 0.43286 0.00962 0.01920 ( 1)
   6 E   0.77564 0.19081 0.02604 0.00750 ( 1)
   7 Q   0.75986 0.22415 0.01031 0.00568 ( 1)
   8 L   0.82558 0.16061 0.00986 0.00395 ( 1)
   9 F   0.01860 0.94425 0.00064 0.03651 ( 2)
  10 S   0.00102 0.79156 0.00517 0.20225 ( 2)
  11 F   0.55394 0.42506 0.00685 0.01415 ( 1)
  12 L   0.00427 0.90373 0.00154 0.09046 ( 2)
  13 L   0.81026 0.06417 0.11574 0.00983 ( 1)
  14 D   0.20949 0.56249 0.16496 0.06306 ( 2)
  15 T   0.00036 0.92705 0.00006 0.07254 ( 2)
  16 L   0.79897 0.16723 0.02498 0.00882 ( 1)
  17 W   0.30798 0.65600 0.01066 0.02536 ( 2)
  18 L   0.48876 0.49479 0.00627 0.01017 ( 2)
  19 E   0.00004 0.90002 0.00001 0.09992 ( 2)
  20 G   0.00213 0.91177 0.00099 0.08512 ( 2)
  21 N   0.91442 0.07049 0.01193 0.00316 ( 1)
  22 -   0.65352 0.24922 0.07041 0.02685 ( 1)
  23 -   0.63116 0.27158 0.06800 0.02926 ( 1)
  24 T   0.19981 0.71576 0.03807 0.04636 ( 2)
  25 Q   0.83496 0.15044 0.01095 0.00365 ( 1)
  26 W   0.77207 0.19373 0.02672 0.00749 ( 1)
  27 E   0.96890 0.01770 0.01272 0.00068 ( 1)
  28 E   0.03754 0.92605 0.00063 0.03578 ( 2)
  29 L   0.90302 0.08282 0.01141 0.00275 ( 1)
  30 M   0.99231 0.00016 0.00752 0.00000 ( 1)
  31 R   0.80766 0.18230 0.00767 0.00238 ( 1)
  32 H   0.97459 0.01745 0.00777 0.00020 ( 1)
  33 A   0.89193 0.09466 0.01150 0.00191 ( 1)
  34 E   0.98897 0.00015 0.01088 0.00000 ( 1)
  35 E   0.46237 0.52309 0.00517 0.00937 ( 2)
  36 L   0.92451 0.03822 0.03570 0.00158 ( 1)
  37 I   0.96828 0.00273 0.02888 0.00010 ( 1)
  38 N   0.36721 0.00146 0.63087 0.00045 ( 3)
  39 E   0.00560 0.91850 0.00042 0.07547 ( 2)
  40 Q   0.00034 0.88082 0.00047 0.11838 ( 2)
  41 V   0.98739 0.00118 0.01141 0.00002 ( 1)
  42 P   0.11363 0.86355 0.00172 0.02110 ( 2)
  43 D   0.00105 0.64158 0.03074 0.32662 ( 2)
  44 Y   0.60205 0.31561 0.04848 0.03386 ( 1)
  45 V   0.96895 0.02040 0.01035 0.00030 ( 1)
  46 R   0.99025 0.00031 0.00944 0.00000 ( 1)
  47 T   0.03369 0.82909 0.00854 0.12868 ( 2)
  48 K   0.20545 0.10894 0.64088 0.04473 ( 3)
  49 A   0.98835 0.00104 0.01059 0.00002 ( 1)
  50 L   0.38069 0.00177 0.61718 0.00036 ( 3)
  51 A   0.01656 0.00878 0.96098 0.01369 ( 3)
  52 E   0.98891 0.00019 0.01090 0.00000 ( 1)
  53 L   0.95657 0.02594 0.01691 0.00057 ( 1)
  54 T   0.00003 0.89111 0.00002 0.10884 ( 2)
  55 D   0.98381 0.00639 0.00972 0.00008 ( 1)
  56 L   0.98112 0.00189 0.01695 0.00004 ( 1)
  57 G   0.45754 0.10429 0.41692 0.02125 ( 1)
  58 N   0.98421 0.00665 0.00903 0.00011 ( 1)
  59 N   0.26996 0.71235 0.00318 0.01450 ( 2)
  60 L   0.54150 0.42195 0.01903 0.01751 ( 1)
  61 N   0.00014 0.60744 0.00584 0.38658 ( 2)
  62 L   0.02305 0.86077 0.01602 0.10016 ( 2)
  63 Y   0.98751 0.00037 0.01212 0.00001 ( 1)
  64 I   0.00316 0.83275 0.00511 0.15898 ( 2)
  65 A   0.02503 0.92676 0.00117 0.04703 ( 2)
  66 A   0.30630 0.16398 0.48522 0.04450 ( 3)
  67 F   0.32978 0.63105 0.01272 0.02644 ( 2)
  68 E   0.45568 0.50655 0.01301 0.02477 ( 2)
  69 D   0.53511 0.11641 0.33970 0.00879 ( 1)
  70 W   0.94203 0.02467 0.03238 0.00091 ( 1)
  71 K   0.65294 0.33395 0.00712 0.00599 ( 1)
  72 R   0.00084 0.70899 0.00586 0.28431 ( 2)
  73 N   0.06141 0.09558 0.74833 0.09467 ( 3)
  74 P   0.90482 0.07639 0.01637 0.00241 ( 1)
  75 S   0.15022 0.70836 0.02803 0.11339 ( 2)
  76 S   0.94918 0.01079 0.03946 0.00057 ( 1)
  77 Q   0.00171 0.84995 0.00254 0.14580 ( 2)
  78 E   0.00000 0.71863 0.00001 0.28136 ( 2)
  79 V   0.00000 0.24225 0.00004 0.75771 ( 4)
  80 R   0.79357 0.16684 0.03310 0.00650 ( 1)
  81 T   0.00001 0.95565 0.00000 0.04434 ( 2)
  82 R   0.05061 0.47584 0.22283 0.25073 ( 2)
  83 V   0.98629 0.00082 0.01287 0.00002 ( 1)
  84 I   0.75247 0.23684 0.00732 0.00338 ( 1)
  85 D   0.00020 0.97999 0.00000 0.01980 ( 2)
  86 R   0.02679 0.93011 0.00111 0.04200 ( 2)
  87 F   0.98956 0.00072 0.00972 0.00001 ( 1)
  88 N   0.00053 0.44662 0.06271 0.49015 ( 4)
  89 I   0.12559 0.05401 0.77590 0.04450 ( 3)
  90 L   0.91453 0.07051 0.01348 0.00148 ( 1)
  91 D   0.98091 0.00616 0.01281 0.00012 ( 1)
  92 G   0.00992 0.68589 0.04648 0.25770 ( 2)
  93 L   0.39770 0.58955 0.00382 0.00894 ( 2)
  94 F   0.99042 0.00009 0.00949 0.00000 ( 1)
  95 E   0.04376 0.85635 0.03044 0.06945 ( 2)
  96 A   0.00000 0.81200 0.00000 0.18800 ( 2)
  97 Y   0.00007 0.61978 0.00085 0.37930 ( 2)
  98 L   0.91478 0.07754 0.00694 0.00074 ( 1)
  99 P   0.98622 0.00174 0.01202 0.00003 ( 1)
 100 S   0.00016 0.67684 0.00196 0.32104 ( 2)
 101 F   0.99042 0.00009 0.00949 0.00000 ( 1)
 102 A   0.74232 0.22117 0.02470 0.01181 ( 1)
 103 V   0.19540 0.65401 0.03248 0.11811 ( 2)
 104 P   0.00002 0.97991 0.00000 0.02007 ( 2)
 105 G   0.02978 0.94978 0.00049 0.01995 ( 2)
 106 Y   0.96706 0.02072 0.01187 0.00035 ( 1)
 107 E   0.97225 0.01675 0.01069 0.00031 ( 1)
 108 V   0.98683 0.00039 0.01277 0.00001 ( 1)
 109 P   0.86056 0.10125 0.03383 0.00436 ( 1)
 110 L   0.98093 0.00208 0.01694 0.00004 ( 1)
 111 L   0.98035 0.00263 0.01696 0.00006 ( 1)
 112 S   0.43107 0.55508 0.00458 0.00927 ( 2)
 113 V   0.96006 0.00904 0.03058 0.00032 ( 1)
 114 Y   0.98751 0.00037 0.01212 0.00001 ( 1)
 115 A   0.98918 0.00025 0.01056 0.00000 ( 1)
 116 N   0.00081 0.97486 0.00001 0.02432 ( 2)
 117 V   0.98710 0.00230 0.01057 0.00003 ( 1)
 118 V   0.95940 0.00536 0.03502 0.00021 ( 1)
 119 N   0.99074 0.00007 0.00919 0.00000 ( 1)
 120 I   0.13070 0.85529 0.00154 0.01247 ( 2)
 121 H   0.99022 0.00129 0.00847 0.00002 ( 1)
 122 L   0.97972 0.00326 0.01695 0.00007 ( 1)
 123 L   0.94859 0.04057 0.01028 0.00056 ( 1)
 124 V   0.90855 0.07416 0.01569 0.00159 ( 1)
 125 L   0.97945 0.00320 0.01728 0.00007 ( 1)
 126 R   0.97376 0.00206 0.02412 0.00006 ( 1)
 127 D   0.99077 0.00011 0.00912 0.00000 ( 1)
 128 S   0.00372 0.95485 0.00015 0.04128 ( 2)
 129 S   0.20604 0.78006 0.00238 0.01152 ( 2)
 130 I   0.98806 0.00031 0.01163 0.00001 ( 1)
 131 Y   0.69152 0.29132 0.01051 0.00665 ( 1)
 132 G   0.97289 0.00054 0.02655 0.00002 ( 1)
 133 L   0.00000 0.89449 0.00001 0.10550 ( 2)
 134 D   0.01061 0.79734 0.01241 0.17964 ( 2)
 135 W   0.94203 0.02467 0.03238 0.00091 ( 1)
 136 G   0.96569 0.00229 0.03193 0.00008 ( 1)
 137 L   0.55829 0.19730 0.22044 0.02397 ( 1)
 138 S   0.00002 0.89554 0.00001 0.10442 ( 2)
 139 S   0.00034 0.98436 0.00000 0.01530 ( 2)
 140 T   0.02174 0.95439 0.00047 0.02340 ( 2)
 141 S   0.00020 0.95808 0.00001 0.04171 ( 2)
 142 V   0.85350 0.13308 0.01090 0.00252 ( 1)
 143 D   0.07394 0.66633 0.12761 0.13213 ( 2)
 144 N   0.58513 0.39772 0.00950 0.00765 ( 1)
 145 N   0.99040 0.00053 0.00905 0.00001 ( 1)
 146 Y   0.88597 0.07840 0.03253 0.00311 ( 1)
 147 N   0.12416 0.85724 0.00204 0.01656 ( 2)
 148 R   0.32218 0.65041 0.00649 0.02092 ( 2)
 149 Q   0.98744 0.00060 0.01195 0.00001 ( 1)
 150 Q   0.00294 0.26787 0.37112 0.35807 ( 3)
 151 R   0.00584 0.02803 0.92793 0.03820 ( 3)
 152 N   0.00759 0.87602 0.00748 0.10891 ( 2)
 153 S   0.29371 0.68671 0.00451 0.01506 ( 2)
 154 A   0.16940 0.80791 0.00353 0.01916 ( 2)
 155 T   0.00029 0.87639 0.00023 0.12309 ( 2)
 156 Y   0.98751 0.00037 0.01212 0.00001 ( 1)
 157 A   0.71991 0.26817 0.00770 0.00421 ( 1)
 158 N   0.99034 0.00058 0.00907 0.00001 ( 1)
 159 H   0.99200 0.00010 0.00790 0.00000 ( 1)
 160 C   0.98766 0.00047 0.01186 0.00001 ( 1)
 161 T   0.57308 0.41362 0.00658 0.00673 ( 1)
 162 T   0.43427 0.01399 0.54951 0.00223 ( 3)
 163 W   0.94203 0.02467 0.03238 0.00091 ( 1)
 164 Y   0.98214 0.00480 0.01296 0.00010 ( 1)
 165 Q   0.26907 0.70886 0.00424 0.01783 ( 2)
 166 T   0.37625 0.07679 0.53675 0.01020 ( 3)
 167 G   0.98992 0.00033 0.00974 0.00000 ( 1)
 168 L   0.98112 0.00189 0.01695 0.00004 ( 1)
 169 Q   0.04222 0.93475 0.00086 0.02218 ( 2)
 170 R   0.99023 0.00038 0.00939 0.00000 ( 1)
 171 L   0.97732 0.00532 0.01724 0.00012 ( 1)
 172 Q   0.31542 0.67158 0.00322 0.00978 ( 2)
 173 G   0.98642 0.00196 0.01159 0.00003 ( 1)
 174 S   0.35799 0.62712 0.00383 0.01107 ( 2)
 175 D   0.66345 0.32503 0.00609 0.00543 ( 1)
 176 A   0.98900 0.00030 0.01069 0.00000 ( 1)
 177 S   0.00084 0.98178 0.00001 0.01737 ( 2)
 178 S   0.38055 0.61027 0.00283 0.00636 ( 2)
 179 W   0.94203 0.02467 0.03238 0.00091 ( 1)
 180 V   0.06841 0.90666 0.00117 0.02376 ( 2)
 181 N   0.01971 0.93049 0.00096 0.04885 ( 2)
 182 Y   0.98257 0.00526 0.01208 0.00009 ( 1)
 183 N   0.99089 0.00005 0.00906 0.00000 ( 1)
 184 R   0.24139 0.74581 0.00232 0.01048 ( 2)
 185 F   0.97944 0.00053 0.02002 0.00001 ( 1)
 186 R   0.98647 0.00152 0.01199 0.00002 ( 1)
 187 R   0.98858 0.00164 0.00976 0.00002 ( 1)
 188 E   0.98759 0.00143 0.01096 0.00003 ( 1)
 189 I   0.99131 0.00116 0.00752 0.00001 ( 1)
 190 T   0.96328 0.00518 0.03136 0.00018 ( 1)
 191 L   0.86687 0.08952 0.03926 0.00436 ( 1)
 192 I   0.90636 0.08266 0.00981 0.00118 ( 1)
 193 V   0.98699 0.00028 0.01272 0.00001 ( 1)
 194 L   0.97486 0.00714 0.01784 0.00016 ( 1)
 195 D   0.99083 0.00005 0.00912 0.00000 ( 1)
 196 I   0.97146 0.00047 0.02805 0.00002 ( 1)
 197 C   0.02508 0.93760 0.00090 0.03643 ( 2)
 198 A   0.30131 0.67700 0.00589 0.01581 ( 2)
 199 L   0.96267 0.01030 0.02671 0.00032 ( 1)
 200 F   0.99042 0.00009 0.00949 0.00000 ( 1)
 201 S   0.93818 0.02337 0.03745 0.00100 ( 1)
 202 N   0.54779 0.42736 0.01124 0.01361 ( 1)


lnL = -3978.994562

Bayes Empirical Bayes (BEB) probabilities for 4 classes (class)
(amino acids refer to 1st sequence: BT_Cry43Aa1)

   1 -   0.94244 0.01142 0.04510 0.00104 ( 1)
   2 S   0.90967 0.03922 0.04752 0.00359 ( 1)
   3 A   0.49893 0.39638 0.06149 0.04321 ( 1)
   4 Q   0.90772 0.00453 0.08724 0.00050 ( 1)
   5 G   0.55998 0.37392 0.03005 0.03605 ( 1)
   6 E   0.74360 0.16521 0.07336 0.01783 ( 1)
   7 Q   0.75249 0.18768 0.04454 0.01529 ( 1)
   8 L   0.80640 0.13769 0.04493 0.01099 ( 1)
   9 F   0.02629 0.87519 0.00269 0.09583 ( 2)
  10 S   0.00177 0.76007 0.00717 0.23099 ( 2)
  11 F   0.58908 0.35207 0.02858 0.03028 ( 1)
  12 L   0.00708 0.84629 0.00356 0.14307 ( 2)
  13 L   0.78006 0.06254 0.14426 0.01314 ( 1)
  14 D   0.24039 0.45559 0.22141 0.08261 ( 2)
  15 T   0.00063 0.87181 0.00014 0.12742 ( 2)
  16 L   0.77979 0.13984 0.06459 0.01578 ( 1)
  17 W   0.33450 0.56941 0.03405 0.06204 ( 2)
  18 L   0.52680 0.40868 0.03254 0.03198 ( 1)
  19 E   0.00009 0.85054 0.00002 0.14935 ( 2)
  20 G   0.00343 0.85679 0.00224 0.13753 ( 2)
  21 N   0.89481 0.05733 0.04212 0.00574 ( 1)
  22 -   0.62659 0.22820 0.10689 0.03831 ( 1)
  23 -   0.60637 0.24842 0.10348 0.04172 ( 1)
  24 T   0.23959 0.60246 0.08035 0.07759 ( 2)
  25 Q   0.81749 0.12460 0.04791 0.01000 ( 1)
  26 W   0.73982 0.16724 0.07484 0.01810 ( 1)
  27 E   0.93707 0.01559 0.04589 0.00146 ( 1)
  28 E   0.05314 0.86463 0.00287 0.07936 ( 2)
  29 L   0.87964 0.07134 0.04292 0.00611 ( 1)
  30 M   0.95475 0.00017 0.04507 0.00001 ( 1)
  31 R   0.79913 0.15279 0.03881 0.00926 ( 1)
  32 H   0.94300 0.01511 0.04105 0.00084 ( 1)
  33 A   0.87546 0.07624 0.04320 0.00509 ( 1)
  34 E   0.95702 0.00016 0.04281 0.00001 ( 1)
  35 E   0.52180 0.42794 0.02352 0.02674 ( 1)
  36 L   0.86819 0.03621 0.09159 0.00401 ( 1)
  37 I   0.92115 0.00262 0.07597 0.00026 ( 1)
  38 N   0.34905 0.00141 0.64907 0.00047 ( 3)
  39 E   0.00958 0.88649 0.00098 0.10295 ( 2)
  40 Q   0.00057 0.81181 0.00119 0.18644 ( 2)
  41 V   0.95588 0.00117 0.04287 0.00007 ( 1)
  42 P   0.15000 0.78488 0.00783 0.05729 ( 2)
  43 D   0.00186 0.59868 0.04578 0.35368 ( 2)
  44 Y   0.60531 0.24981 0.09803 0.04685 ( 1)
  45 V   0.93542 0.01764 0.04586 0.00108 ( 1)
  46 R   0.95338 0.00033 0.04627 0.00002 ( 1)
  47 T   0.04905 0.75628 0.01876 0.17591 ( 2)
  48 K   0.20911 0.08886 0.66245 0.03958 ( 3)
  49 A   0.95212 0.00108 0.04673 0.00007 ( 1)
  50 L   0.30713 0.00142 0.69102 0.00044 ( 3)
  51 A   0.02647 0.01125 0.94987 0.01242 ( 3)
  52 E   0.95695 0.00021 0.04283 0.00001 ( 1)
  53 L   0.91366 0.02355 0.06095 0.00184 ( 1)
  54 T   0.00006 0.81896 0.00006 0.18092 ( 2)
  55 D   0.94596 0.00598 0.04769 0.00037 ( 1)
  56 L   0.93591 0.00193 0.06201 0.00015 ( 1)
  57 G   0.43432 0.07987 0.46448 0.02133 ( 3)
  58 N   0.95625 0.00597 0.03743 0.00034 ( 1)
  59 N   0.32627 0.61601 0.01571 0.04201 ( 2)
  60 L   0.56661 0.34269 0.05426 0.03643 ( 1)
  61 N   0.00027 0.58038 0.00902 0.41033 ( 2)
  62 L   0.03149 0.76872 0.03324 0.16655 ( 2)
  63 Y   0.94964 0.00039 0.04994 0.00003 ( 1)
  64 I   0.00507 0.76097 0.01140 0.22256 ( 2)
  65 A   0.03481 0.85582 0.00408 0.10529 ( 2)
  66 A   0.29832 0.12690 0.53340 0.04138 ( 3)
  67 F   0.36652 0.53455 0.03894 0.05999 ( 2)
  68 E   0.50639 0.41006 0.03818 0.04537 ( 1)
  69 D   0.43107 0.07532 0.48261 0.01100 ( 3)
  70 W   0.88513 0.02335 0.08905 0.00248 ( 1)
  71 K   0.69011 0.26268 0.03074 0.01647 ( 1)
  72 R   0.00147 0.69613 0.00737 0.29503 ( 2)
  73 N   0.09898 0.11749 0.69730 0.08623 ( 3)
  74 P   0.87127 0.06363 0.05928 0.00581 ( 1)
  75 S   0.19427 0.63395 0.04187 0.12990 ( 2)
  76 S   0.90829 0.00953 0.08115 0.00103 ( 1)
  77 Q   0.00285 0.79732 0.00469 0.19513 ( 2)
  78 E   0.00001 0.68996 0.00002 0.31001 ( 2)
  79 V   0.00000 0.36599 0.00007 0.63394 ( 4)
  80 R   0.77164 0.13026 0.08464 0.01346 ( 1)
  81 T   0.00003 0.90141 0.00000 0.09856 ( 2)
  82 R   0.06872 0.44406 0.25856 0.22866 ( 2)
  83 V   0.95194 0.00086 0.04714 0.00006 ( 1)
  84 I   0.76086 0.18994 0.03730 0.01190 ( 1)
  85 D   0.00040 0.92547 0.00003 0.07410 ( 2)
  86 R   0.03718 0.85979 0.00404 0.09900 ( 2)
  87 F   0.95704 0.00075 0.04216 0.00004 ( 1)
  88 N   0.00096 0.45143 0.08231 0.46530 ( 4)
  89 I   0.14767 0.05152 0.76419 0.03661 ( 3)
  90 L   0.88698 0.06024 0.04854 0.00423 ( 1)
  91 D   0.94917 0.00551 0.04497 0.00035 ( 1)
  92 G   0.01511 0.64479 0.06901 0.27109 ( 2)
  93 L   0.44376 0.50661 0.01948 0.03015 ( 2)
  94 F   0.95800 0.00010 0.04189 0.00001 ( 1)
  95 E   0.05952 0.73697 0.07806 0.12546 ( 2)
  96 A   0.00001 0.77456 0.00000 0.22543 ( 2)
  97 Y   0.00015 0.65228 0.00116 0.34641 ( 2)
  98 L   0.89293 0.06140 0.04217 0.00349 ( 1)
  99 P   0.94134 0.00176 0.05679 0.00012 ( 1)
 100 S   0.00030 0.66554 0.00271 0.33145 ( 2)
 101 F   0.95800 0.00010 0.04189 0.00001 ( 1)
 102 A   0.73873 0.17545 0.06500 0.02082 ( 1)
 103 V   0.23591 0.56114 0.05968 0.14327 ( 2)
 104 P   0.00005 0.93406 0.00000 0.06589 ( 2)
 105 G   0.04450 0.88102 0.00309 0.07139 ( 2)
 106 Y   0.93186 0.01793 0.04902 0.00119 ( 1)
 107 E   0.94202 0.01490 0.04213 0.00095 ( 1)
 108 V   0.95253 0.00042 0.04702 0.00003 ( 1)
 109 P   0.82086 0.08333 0.08648 0.00933 ( 1)
 110 L   0.93572 0.00211 0.06200 0.00016 ( 1)
 111 L   0.93515 0.00266 0.06199 0.00021 ( 1)
 112 S   0.47700 0.46936 0.02337 0.03027 ( 1)
 113 V   0.90448 0.00880 0.08582 0.00089 ( 1)
 114 Y   0.94964 0.00039 0.04994 0.00003 ( 1)
 115 A   0.95300 0.00027 0.04671 0.00002 ( 1)
 116 N   0.00137 0.92298 0.00009 0.07556 ( 2)
 117 V   0.95102 0.00221 0.04664 0.00014 ( 1)
 118 V   0.90242 0.00496 0.09209 0.00053 ( 1)
 119 N   0.96212 0.00008 0.03779 0.00000 ( 1)
 120 I   0.16417 0.77649 0.00888 0.05046 ( 2)
 121 H   0.95622 0.00134 0.04237 0.00008 ( 1)
 122 L   0.93452 0.00328 0.06195 0.00025 ( 1)
 123 L   0.91260 0.03617 0.04891 0.00232 ( 1)
 124 V   0.87483 0.06233 0.05801 0.00484 ( 1)
 125 L   0.93430 0.00323 0.06222 0.00025 ( 1)
 126 R   0.92002 0.00208 0.07771 0.00019 ( 1)
 127 D   0.96204 0.00012 0.03783 0.00001 ( 1)
 128 S   0.00583 0.89164 0.00063 0.10190 ( 2)
 129 S   0.25931 0.68087 0.01444 0.04538 ( 2)
 130 I   0.95393 0.00033 0.04571 0.00002 ( 1)
 131 Y   0.69902 0.24622 0.03733 0.01743 ( 1)
 132 G   0.92180 0.00056 0.07759 0.00005 ( 1)
 133 L   0.00001 0.82332 0.00002 0.17666 ( 2)
 134 D   0.01675 0.72750 0.02581 0.22995 ( 2)
 135 W   0.88513 0.02335 0.08905 0.00248 ( 1)
 136 G   0.90862 0.00228 0.08886 0.00024 ( 1)
 137 L   0.47959 0.14205 0.34610 0.03226 ( 1)
 138 S   0.00004 0.82399 0.00004 0.17593 ( 2)
 139 S   0.00064 0.93538 0.00004 0.06394 ( 2)
 140 T   0.03267 0.88758 0.00255 0.07720 ( 2)
 141 S   0.00042 0.90489 0.00003 0.09466 ( 2)
 142 V   0.84342 0.10642 0.04306 0.00711 ( 1)
 143 D   0.08377 0.51944 0.21977 0.17702 ( 2)
 144 N   0.62089 0.31202 0.04270 0.02439 ( 1)
 145 N   0.96183 0.00054 0.03761 0.00003 ( 1)
 146 Y   0.83845 0.06856 0.08559 0.00740 ( 1)
 147 N   0.17018 0.76270 0.01095 0.05617 ( 2)
 148 R   0.37001 0.56170 0.02195 0.04634 ( 2)
 149 Q   0.94571 0.00062 0.05363 0.00004 ( 1)
 150 Q   0.00542 0.30598 0.37066 0.31793 ( 3)
 151 R   0.00969 0.03613 0.91437 0.03981 ( 3)
 152 N   0.01102 0.77401 0.02008 0.19488 ( 2)
 153 S   0.33870 0.59825 0.01954 0.04351 ( 2)
 154 A   0.21424 0.70902 0.01647 0.06027 ( 2)
 155 T   0.00050 0.80785 0.00055 0.19110 ( 2)
 156 Y   0.94964 0.00039 0.04994 0.00003 ( 1)
 157 A   0.73385 0.21645 0.03606 0.01364 ( 1)
 158 N   0.96175 0.00058 0.03763 0.00003 ( 1)
 159 H   0.95818 0.00010 0.04171 0.00001 ( 1)
 160 C   0.94713 0.00049 0.05235 0.00003 ( 1)
 161 T   0.62102 0.32663 0.03143 0.02091 ( 1)
 162 T   0.34774 0.01007 0.63961 0.00257 ( 3)
 163 W   0.88513 0.02335 0.08905 0.00248 ( 1)
 164 Y   0.94767 0.00456 0.04747 0.00030 ( 1)
 165 Q   0.32946 0.60958 0.01701 0.04395 ( 2)
 166 T   0.30262 0.05334 0.63209 0.01194 ( 3)
 167 G   0.95169 0.00035 0.04793 0.00002 ( 1)
 168 L   0.93591 0.00193 0.06201 0.00015 ( 1)
 169 Q   0.06234 0.86118 0.00467 0.07181 ( 2)
 170 R   0.95337 0.00040 0.04621 0.00002 ( 1)
 171 L   0.93215 0.00530 0.06213 0.00042 ( 1)
 172 Q   0.36725 0.57760 0.01848 0.03667 ( 2)
 173 G   0.94681 0.00201 0.05105 0.00013 ( 1)
 174 S   0.40450 0.54006 0.01986 0.03558 ( 2)
 175 D   0.70159 0.25592 0.02752 0.01497 ( 1)
 176 A   0.95108 0.00032 0.04857 0.00002 ( 1)
 177 S   0.00146 0.93215 0.00009 0.06630 ( 2)
 178 S   0.45333 0.50049 0.01919 0.02700 ( 2)
 179 W   0.88513 0.02335 0.08905 0.00248 ( 1)
 180 V   0.09288 0.83866 0.00517 0.06329 ( 2)
 181 N   0.02724 0.86220 0.00324 0.10732 ( 2)
 182 Y   0.94496 0.00497 0.04974 0.00033 ( 1)
 183 N   0.96232 0.00005 0.03762 0.00000 ( 1)
 184 R   0.28882 0.65603 0.01413 0.04102 ( 2)
 185 F   0.92763 0.00055 0.07177 0.00005 ( 1)
 186 R   0.94079 0.00155 0.05755 0.00011 ( 1)
 187 R   0.95163 0.00169 0.04658 0.00010 ( 1)
 188 E   0.95562 0.00140 0.04289 0.00009 ( 1)
 189 I   0.95379 0.00112 0.04503 0.00006 ( 1)
 190 T   0.90630 0.00509 0.08809 0.00053 ( 1)
 191 L   0.83154 0.07464 0.08543 0.00838 ( 1)
 192 I   0.88081 0.06999 0.04482 0.00437 ( 1)
 193 V   0.95270 0.00030 0.04698 0.00002 ( 1)
 194 L   0.92972 0.00709 0.06263 0.00056 ( 1)
 195 D   0.96211 0.00005 0.03783 0.00000 ( 1)
 196 I   0.91679 0.00049 0.08266 0.00005 ( 1)
 197 C   0.03737 0.86435 0.00386 0.09442 ( 2)
 198 A   0.34367 0.58258 0.02515 0.04860 ( 2)
 199 L   0.90713 0.01015 0.08173 0.00099 ( 1)
 200 F   0.95800 0.00010 0.04189 0.00001 ( 1)
 201 S   0.88242 0.02088 0.09436 0.00234 ( 1)
 202 N   0.59373 0.34060 0.03706 0.02861 ( 1)

