Supplemental results for CODEML (seqf: algn  treef: tree)


dN/dS (w) for site classes (K=4)

site class             0        1       2a       2b
proportion       0.00000  0.00000  0.63005  0.36995
background w     0.13801  1.00000  0.13801  1.00000
foreground w     0.13801  1.00000  1.00000  1.00000

Naive Empirical Bayes (NEB) probabilities for 4 classes
(amino acids refer to 1st sequence: BT_Cry1Fb1)

   1 -   0.00000 0.00000 0.90874 0.09126 ( 3)
   2 -   0.00000 0.00000 0.95806 0.04194 ( 3)
   3 I   0.00000 0.00000 0.09331 0.90669 ( 4)
   4 I   0.00000 0.00000 0.99560 0.00440 ( 3)
   5 T   0.00000 0.00000 0.51980 0.48020 ( 3)
   6 Q   0.00000 0.00000 0.97736 0.02264 ( 3)
   7 I   0.00000 0.00000 0.97881 0.02119 ( 3)
   8 P   0.00000 0.00000 0.99793 0.00207 ( 3)
   9 A   0.00000 0.00000 0.00679 0.99321 ( 4)
  10 V   0.00000 0.00000 0.99610 0.00390 ( 3)
  11 K   0.00000 0.00000 0.99821 0.00179 ( 3)
  12 A   0.00000 0.00000 0.28779 0.71221 ( 4)
  13 H   0.00000 0.00000 0.00670 0.99330 ( 4)
  14 N   0.00000 0.00000 0.46770 0.53230 ( 4)
  15 L   0.00000 0.00000 0.44045 0.55955 ( 4)
  16 H   0.00000 0.00000 0.98576 0.01424 ( 3)
  17 -   0.00000 0.00000 0.73482 0.26518 ( 3)
  18 -   0.00000 0.00000 0.66398 0.33602 ( 3)
  19 S   0.00000 0.00000 0.04315 0.95685 ( 4)
  20 G   0.00000 0.00000 0.99810 0.00190 ( 3)
  21 S   0.00000 0.00000 0.18030 0.81970 ( 4)
  22 T   0.00000 0.00000 0.05879 0.94121 ( 4)
  23 V   0.00000 0.00000 0.99645 0.00355 ( 3)
  24 V   0.00000 0.00000 0.28252 0.71748 ( 4)
  25 R   0.00000 0.00000 0.26504 0.73496 ( 4)
  26 G   0.00000 0.00000 0.99870 0.00130 ( 3)
  27 P   0.00000 0.00000 0.99581 0.00419 ( 3)
  28 G   0.00000 0.00000 0.99162 0.00838 ( 3)
  29 F   0.00000 0.00000 0.99934 0.00066 ( 3)
  30 T   0.00000 0.00000 0.99648 0.00352 ( 3)
  31 G   0.00000 0.00000 0.99624 0.00376 ( 3)
  32 G   0.00000 0.00000 0.99803 0.00197 ( 3)
  33 D   0.00000 0.00000 0.98897 0.01103 ( 3)
  34 L   0.00000 0.00000 0.45615 0.54385 ( 4)
  35 L   0.00000 0.00000 0.88609 0.11391 ( 3)
  36 R   0.00000 0.00000 0.33425 0.66575 ( 4)
  37 R   0.00000 0.00000 0.76174 0.23826 ( 3)
  38 T   0.00000 0.00000 0.69620 0.30380 ( 3)
  39 N   0.00000 0.00000 0.04079 0.95921 ( 4)
  40 T   0.00000 0.00000 0.86137 0.13863 ( 3)
  41 G   0.00000 0.00000 0.73827 0.26173 ( 3)
  42 -   0.00000 0.00000 0.07927 0.92073 ( 4)
  43 T   0.00000 0.00000 0.20927 0.79073 ( 4)
  44 F   0.00000 0.00000 0.69057 0.30943 ( 3)
  45 A   0.00000 0.00000 0.80942 0.19058 ( 3)
  46 D   0.00000 0.00000 0.06353 0.93647 ( 4)
  47 I   0.00000 0.00000 0.28563 0.71437 ( 4)
  48 R   0.00000 0.00000 0.85083 0.14917 ( 3)
  49 V   0.00000 0.00000 0.96453 0.03547 ( 3)
  50 N   0.00000 0.00000 0.11254 0.88746 ( 4)
  51 I   0.00000 0.00000 0.04439 0.95561 ( 4)
  52 T   0.00000 0.00000 0.63465 0.36535 ( 3)
  53 G   0.00000 0.00000 0.03688 0.96312 ( 4)
  54 -   0.00000 0.00000 0.63005 0.36995 ( 3)
  55 P   0.00000 0.00000 0.65905 0.34095 ( 3)
  56 L   0.00000 0.00000 0.58959 0.41041 ( 3)
  57 S   0.00000 0.00000 0.74385 0.25615 ( 3)
  58 Q   0.00000 0.00000 0.75035 0.24965 ( 3)
  59 R   0.00000 0.00000 0.72786 0.27214 ( 3)
  60 Y   0.00000 0.00000 0.99873 0.00127 ( 3)
  61 R   0.00000 0.00000 0.99867 0.00133 ( 3)
  62 V   0.00000 0.00000 0.98254 0.01746 ( 3)
  63 R   0.00000 0.00000 0.99890 0.00110 ( 3)
  64 I   0.00000 0.00000 0.97500 0.02500 ( 3)
  65 R   0.00000 0.00000 0.82814 0.17186 ( 3)
  66 Y   0.00000 0.00000 0.99873 0.00127 ( 3)
  67 A   0.00000 0.00000 0.99769 0.00231 ( 3)
  68 S   0.00000 0.00000 0.98790 0.01210 ( 3)
  69 T   0.00000 0.00000 0.93087 0.06913 ( 3)
  70 T   0.00000 0.00000 0.98627 0.01373 ( 3)
  71 D   0.00000 0.00000 0.82331 0.17669 ( 3)
  72 L   0.00000 0.00000 0.70827 0.29173 ( 3)
  73 Q   0.00000 0.00000 0.51663 0.48337 ( 3)
  74 F   0.00000 0.00000 0.98121 0.01879 ( 3)
  75 F   0.00000 0.00000 0.35025 0.64975 ( 4)
  76 T   0.00000 0.00000 0.41736 0.58264 ( 4)
  77 R   0.00000 0.00000 0.08041 0.91959 ( 4)
  78 I   0.00000 0.00000 0.11826 0.88174 ( 4)
  79 N   0.00000 0.00000 0.42028 0.57972 ( 4)
  80 G   0.00000 0.00000 0.99783 0.00217 ( 3)
  81 T   0.00000 0.00000 0.47888 0.52112 ( 4)
  82 S   0.00000 0.00000 0.00542 0.99458 ( 4)
  83 V   0.00000 0.00000 0.96958 0.03042 ( 3)
  84 N   0.00000 0.00000 0.93039 0.06961 ( 3)
  85 Q   0.00000 0.00000 0.37733 0.62267 ( 4)
  86 G   0.00000 0.00000 0.01589 0.98411 ( 4)
  87 -   0.00000 0.00000 0.75365 0.24635 ( 3)
  88 -   0.00000 0.00000 0.70612 0.29388 ( 3)
  89 -   0.00000 0.00000 0.73977 0.26023 ( 3)
  90 -   0.00000 0.00000 0.66382 0.33618 ( 3)
  91 -   0.00000 0.00000 0.76006 0.23994 ( 3)
  92 N   0.00000 0.00000 0.01043 0.98957 ( 4)
  93 F   0.00000 0.00000 0.98424 0.01576 ( 3)
  94 Q   0.00000 0.00000 0.03116 0.96884 ( 4)
  95 R   0.00000 0.00000 0.96021 0.03979 ( 3)
  96 T   0.00000 0.00000 0.99717 0.00283 ( 3)
  97 M   0.00000 0.00000 0.99976 0.00024 ( 3)
  98 N   0.00000 0.00000 0.45482 0.54518 ( 4)
  99 R   0.00000 0.00000 0.44352 0.55648 ( 4)
 100 G   0.00000 0.00000 0.97156 0.02844 ( 3)
 101 G   0.00000 0.00000 0.08992 0.91008 ( 4)
 102 N   0.00000 0.00000 0.61902 0.38098 ( 3)
 103 L   0.00000 0.00000 0.98856 0.01144 ( 3)
 104 E   0.00000 0.00000 0.33774 0.66226 ( 4)
 105 S   0.00000 0.00000 0.90170 0.09830 ( 3)
 106 G   0.00000 0.00000 0.03089 0.96911 ( 4)
 107 N   0.00000 0.00000 0.11578 0.88422 ( 4)
 108 F   0.00000 0.00000 0.99934 0.00066 ( 3)
 109 R   0.00000 0.00000 0.53210 0.46790 ( 3)
 110 T   0.00000 0.00000 0.68938 0.31062 ( 3)
 111 A   0.00000 0.00000 0.96449 0.03551 ( 3)
 112 G   0.00000 0.00000 0.74023 0.25977 ( 3)
 113 F   0.00000 0.00000 0.99324 0.00676 ( 3)
 114 S   0.00000 0.00000 0.87381 0.12619 ( 3)
 115 T   0.00000 0.00000 0.30769 0.69231 ( 4)
 116 P   0.00000 0.00000 0.98962 0.01038 ( 3)
 117 F   0.00000 0.00000 0.95439 0.04561 ( 3)
 118 S   0.00000 0.00000 0.25437 0.74563 ( 4)
 119 F   0.00000 0.00000 0.99934 0.00066 ( 3)
 120 S   0.00000 0.00000 0.01650 0.98350 ( 4)
 121 N   0.00000 0.00000 0.57208 0.42792 ( 3)
 122 A   0.00000 0.00000 0.20503 0.79497 ( 4)
 123 Q   0.00000 0.00000 0.00081 0.99919 ( 4)
 124 S   0.00000 0.00000 0.57888 0.42112 ( 3)
 125 T   0.00000 0.00000 0.10213 0.89787 ( 4)
 126 F   0.00000 0.00000 0.20585 0.79415 ( 4)
 127 T   0.00000 0.00000 0.15907 0.84093 ( 4)
 128 L   0.00000 0.00000 0.54224 0.45776 ( 3)
 129 G   0.00000 0.00000 0.14038 0.85962 ( 4)
 130 T   0.00000 0.00000 0.51477 0.48523 ( 3)
 131 Q   0.00000 0.00000 0.07691 0.92309 ( 4)
 132 A   0.00000 0.00000 0.05876 0.94124 ( 4)
 133 F   0.00000 0.00000 0.94340 0.05660 ( 3)
 134 -   0.00000 0.00000 0.00364 0.99636 ( 4)
 135 S   0.00000 0.00000 0.99406 0.00594 ( 3)
 136 N   0.00000 0.00000 0.71632 0.28368 ( 3)
 137 Q   0.00000 0.00000 0.40091 0.59909 ( 4)
 138 E   0.00000 0.00000 0.97375 0.02625 ( 3)
 139 V   0.00000 0.00000 0.97807 0.02193 ( 3)
 140 Y   0.00000 0.00000 0.99873 0.00127 ( 3)
 141 I   0.00000 0.00000 0.93132 0.06868 ( 3)
 142 D   0.00000 0.00000 0.99302 0.00698 ( 3)
 143 R   0.00000 0.00000 0.61230 0.38770 ( 3)
 144 I   0.00000 0.00000 0.98347 0.01653 ( 3)
 145 E   0.00000 0.00000 0.99904 0.00096 ( 3)
 146 F   0.00000 0.00000 0.90466 0.09534 ( 3)
 147 V   0.00000 0.00000 0.81397 0.18603 ( 3)
 148 -   0.00000 0.00000 0.63005 0.36995 ( 3)


lnL = -2066.315389

