Supplemental results for CODEML (seqf: algn  treef: tree)


dN/dS (w) for site classes (K=4)

site class             0        1       2a       2b
proportion       0.49209  0.40476  0.05660  0.04655
background w     0.07256  1.00000  0.07256  1.00000
foreground w     0.07256  1.00000  1.00000  1.00000

Naive Empirical Bayes (NEB) probabilities for 4 classes
(amino acids refer to 1st sequence: BT_Cry7Aa1)

   1 -   0.49209 0.40476 0.05660 0.04655 ( 1)
   2 -   0.11947 0.73032 0.06622 0.08400 ( 2)
   3 -   0.73816 0.19337 0.04623 0.02224 ( 1)
   4 K   0.86578 0.05866 0.06882 0.00675 ( 1)
   5 I   0.73329 0.18823 0.05683 0.02165 ( 1)
   6 T   0.27507 0.62659 0.02627 0.07207 ( 2)
   7 K   0.04346 0.84191 0.01780 0.09683 ( 2)
   8 I   0.88490 0.05059 0.05869 0.00582 ( 1)
   9 P   0.78683 0.13354 0.06428 0.01536 ( 1)
  10 A   0.86770 0.06439 0.06050 0.00741 ( 1)
  11 V   0.83626 0.08253 0.07172 0.00949 ( 1)
  12 K   0.88834 0.04794 0.05821 0.00551 ( 1)
  13 M   0.37016 0.54036 0.02733 0.06215 ( 2)
  14 Y   0.84034 0.08693 0.06273 0.01000 ( 1)
  15 K   0.06639 0.80773 0.03298 0.09290 ( 2)
  16 L   0.74692 0.16830 0.06542 0.01936 ( 1)
  17 D   0.00003 0.89676 0.00006 0.10314 ( 2)
  18 D   0.00027 0.89614 0.00052 0.10307 ( 2)
  19 P   0.00168 0.89522 0.00014 0.10296 ( 2)
  20 S   0.03067 0.84982 0.02177 0.09774 ( 2)
  21 T   0.02885 0.52970 0.38053 0.06092 ( 2)
  22 V   0.44161 0.47364 0.03028 0.05448 ( 2)
  23 V   0.70387 0.21429 0.05719 0.02465 ( 1)
  24 K   0.88834 0.04794 0.05821 0.00551 ( 1)
  25 G   0.66877 0.23559 0.06855 0.02710 ( 1)
  26 P   0.80650 0.11590 0.06426 0.01333 ( 1)
  27 G   0.82999 0.09571 0.06329 0.01101 ( 1)
  28 F   0.28978 0.36876 0.29904 0.04241 ( 2)
  29 T   0.86775 0.06429 0.06057 0.00739 ( 1)
  30 G   0.85435 0.07549 0.06148 0.00868 ( 1)
  31 G   0.82999 0.09571 0.06329 0.01101 ( 1)
  32 D   0.90224 0.03751 0.05593 0.00431 ( 1)
  33 L   0.77128 0.14656 0.06530 0.01686 ( 1)
  34 V   0.87414 0.05915 0.05991 0.00680 ( 1)
  35 K   0.74204 0.17204 0.06613 0.01979 ( 1)
  36 R   0.87068 0.06207 0.06011 0.00714 ( 1)
  37 G   0.60902 0.29449 0.06262 0.03387 ( 1)
  38 S   0.89328 0.04440 0.05722 0.00511 ( 1)
  39 T   0.08130 0.81876 0.00577 0.09417 ( 2)
  40 G   0.85525 0.07463 0.06154 0.00858 ( 1)
  41 Y   0.03288 0.83428 0.03689 0.09595 ( 2)
  42 I   0.88173 0.05309 0.05908 0.00611 ( 1)
  43 G   0.82999 0.09571 0.06329 0.01101 ( 1)
  44 D   0.04040 0.85755 0.00342 0.09863 ( 2)
  45 I   0.05504 0.83504 0.01388 0.09604 ( 2)
  46 K   0.19616 0.54520 0.19594 0.06271 ( 2)
  47 A   0.41952 0.49036 0.03372 0.05640 ( 2)
  48 T   0.63663 0.26883 0.06363 0.03092 ( 1)
  49 V   0.86257 0.06848 0.06107 0.00788 ( 1)
  50 N   0.74407 0.17085 0.06544 0.01965 ( 1)
  51 S   0.75982 0.15666 0.06550 0.01802 ( 1)
  52 P   0.79302 0.12755 0.06476 0.01467 ( 1)
  53 L   0.82758 0.09778 0.06340 0.01125 ( 1)
  54 S   0.82454 0.10033 0.06359 0.01154 ( 1)
  55 Q   0.78709 0.13273 0.06492 0.01527 ( 1)
  56 K   0.52656 0.39367 0.03450 0.04528 ( 1)
  57 Y   0.84034 0.08693 0.06273 0.01000 ( 1)
  58 R   0.25654 0.64703 0.02201 0.07442 ( 2)
  59 V   0.75927 0.14813 0.07556 0.01704 ( 1)
  60 R   0.87068 0.06207 0.06011 0.00714 ( 1)
  61 V   0.87414 0.05915 0.05991 0.00680 ( 1)
  62 R   0.67658 0.23200 0.06473 0.02668 ( 1)
  63 Y   0.76411 0.15934 0.05823 0.01833 ( 1)
  64 A   0.62949 0.27525 0.06360 0.03166 ( 1)
  65 T   0.87904 0.05527 0.05934 0.00636 ( 1)
  66 N   0.54541 0.37787 0.03325 0.04346 ( 1)
  67 V   0.31808 0.33611 0.30715 0.03866 ( 2)
  68 S   0.33937 0.56901 0.02617 0.06544 ( 2)
  69 G   0.80733 0.10871 0.07146 0.01250 ( 1)
  70 Q   0.22791 0.67341 0.02123 0.07745 ( 2)
  71 F   0.19328 0.70790 0.01740 0.08142 ( 2)
  72 N   0.00778 0.88920 0.00075 0.10227 ( 2)
  73 V   0.62477 0.27983 0.06322 0.03218 ( 1)
  74 Y   0.00029 0.89454 0.00228 0.10288 ( 2)
  75 I   0.88490 0.05059 0.05869 0.00582 ( 1)
  76 N   0.50978 0.40031 0.04386 0.04604 ( 1)
  77 D   0.54679 0.37052 0.04008 0.04261 ( 1)
  78 K   0.47490 0.44294 0.03121 0.05094 ( 1)
  79 I   0.00224 0.89236 0.00276 0.10263 ( 2)
  80 T   0.25899 0.64791 0.01858 0.07452 ( 2)
  81 L   0.82758 0.09778 0.06340 0.01125 ( 1)
  82 Q   0.01755 0.87965 0.00163 0.10117 ( 2)
  83 T   0.00509 0.89199 0.00033 0.10259 ( 2)
  84 K   0.00014 0.89671 0.00002 0.10313 ( 2)
  85 F   0.82903 0.09957 0.05995 0.01145 ( 1)
  86 Q   0.34919 0.56039 0.02597 0.06445 ( 2)
  87 N   0.00466 0.88932 0.00373 0.10228 ( 2)
  88 T   0.85256 0.06840 0.07118 0.00787 ( 1)
  89 V   0.26996 0.37524 0.31164 0.04316 ( 2)
  90 E   0.03062 0.47641 0.43818 0.05479 ( 2)
  91 T   0.86775 0.06429 0.06057 0.00739 ( 1)
  92 I   0.88173 0.05309 0.05908 0.00611 ( 1)
  93 G   0.85525 0.07463 0.06154 0.00858 ( 1)
  94 E   0.88047 0.05415 0.05915 0.00623 ( 1)
  95 G   0.82999 0.09571 0.06329 0.01101 ( 1)
  96 K   0.32099 0.30478 0.33917 0.03505 ( 3)
  97 D   0.02648 0.87163 0.00164 0.10025 ( 2)
  98 L   0.24486 0.65659 0.02303 0.07552 ( 2)
  99 T   0.01055 0.87380 0.01516 0.10050 ( 2)
 100 -   0.49209 0.40476 0.05660 0.04655 ( 1)
 101 Y   0.03736 0.86084 0.00279 0.09901 ( 2)
 102 G   0.00345 0.89353 0.00026 0.10277 ( 2)
 103 S   0.02125 0.87615 0.00183 0.10077 ( 2)
 104 F   0.04296 0.85559 0.00305 0.09840 ( 2)
 105 G   0.03569 0.86240 0.00272 0.09919 ( 2)
 106 Y   0.84034 0.08693 0.06273 0.01000 ( 1)
 107 I   0.00344 0.89036 0.00380 0.10240 ( 2)
 108 E   0.86964 0.06452 0.05842 0.00742 ( 1)
 109 Y   0.84034 0.08693 0.06273 0.01000 ( 1)
 110 S   0.82454 0.10033 0.06359 0.01154 ( 1)
 111 T   0.62856 0.27630 0.06336 0.03178 ( 1)
 112 T   0.65939 0.24762 0.06451 0.02848 ( 1)
 113 I   0.88490 0.05059 0.05869 0.00582 ( 1)
 114 Q   0.78709 0.13273 0.06492 0.01527 ( 1)
 115 F   0.40707 0.50589 0.02886 0.05818 ( 2)
 116 P   0.00045 0.89640 0.00005 0.10310 ( 2)
 117 D   0.00348 0.89354 0.00021 0.10277 ( 2)
 118 -   0.49209 0.40476 0.05660 0.04655 ( 1)
 119 E   0.70917 0.20229 0.06527 0.02327 ( 1)
 120 H   0.83418 0.08478 0.07129 0.00975 ( 1)
 121 P   0.79302 0.12755 0.06476 0.01467 ( 1)
 122 -   0.49209 0.40476 0.05660 0.04655 ( 1)
 123 K   0.51621 0.40355 0.03382 0.04641 ( 1)
 124 I   0.73130 0.17769 0.07057 0.02044 ( 1)
 125 T   0.40820 0.50353 0.03036 0.05791 ( 2)
 126 L   0.00244 0.89237 0.00256 0.10263 ( 2)
 127 H   0.00020 0.89666 0.00001 0.10313 ( 2)
 128 L   0.26699 0.63713 0.02260 0.07328 ( 2)
 129 -   0.49209 0.40476 0.05660 0.04655 ( 1)
 130 S   0.00003 0.89621 0.00068 0.10308 ( 2)
 131 D   0.04636 0.85156 0.00413 0.09794 ( 2)
 132 L   0.10726 0.66315 0.15332 0.07627 ( 2)
 133 S   0.79365 0.11810 0.07466 0.01358 ( 1)
 134 N   0.00046 0.89065 0.00645 0.10244 ( 2)
 135 N   0.07334 0.78934 0.04654 0.09078 ( 2)
 136 S   0.02226 0.87523 0.00184 0.10066 ( 2)
 137 S   0.02291 0.85204 0.02705 0.09800 ( 2)
 138 F   0.39209 0.52027 0.02780 0.05984 ( 2)
 139 Y   0.84034 0.08693 0.06273 0.01000 ( 1)
 140 V   0.00230 0.89462 0.00018 0.10289 ( 2)
 141 D   0.01218 0.88525 0.00076 0.10182 ( 2)
 142 S   0.00141 0.89544 0.00016 0.10299 ( 2)
 143 I   0.73130 0.17769 0.07057 0.02044 ( 1)
 144 E   0.88047 0.05415 0.05915 0.00623 ( 1)
 145 F   0.82903 0.09957 0.05995 0.01145 ( 1)
 146 I   0.73130 0.17769 0.07057 0.02044 ( 1)
 147 P   0.71970 0.17714 0.08278 0.02037 ( 1)


lnL = -1469.626254

