Supplemental results for CODEML (seqf: algn  treef: tree)


dN/dS (w) for site classes (K=4)

site class             0        1       2a       2b
proportion       0.41479  0.43057  0.07587  0.07876
background w     0.12577  1.00000  0.12577  1.00000
foreground w     0.12577  1.00000 282.45825 282.45825

Naive Empirical Bayes (NEB) probabilities for 4 classes
(amino acids refer to 1st sequence: BT_Cry1Da1)

   1 -   0.65590 0.18947 0.11998 0.03466 ( 1)
   2 -   0.36782 0.58670 0.00521 0.04028 ( 2)
   3 -   0.99244 0.00009 0.00746 0.00001 ( 1)
   4 R   0.08647 0.69470 0.08766 0.13118 ( 2)
   5 I   0.99089 0.00053 0.00858 0.00001 ( 1)
   6 T   0.97479 0.00053 0.02463 0.00005 ( 1)
   7 Q   0.93145 0.06459 0.00325 0.00071 ( 1)
   8 I   0.86053 0.11323 0.01875 0.00748 ( 1)
   9 P   0.98892 0.00333 0.00765 0.00011 ( 1)
  10 W   0.50129 0.42465 0.01781 0.05625 ( 1)
  11 V   0.96523 0.01129 0.02201 0.00147 ( 1)
  12 K   0.99571 0.00020 0.00409 0.00000 ( 1)
  13 A   0.98395 0.00255 0.01332 0.00018 ( 1)
  14 H   0.00384 0.74827 0.00574 0.24214 ( 2)
  15 T   0.08007 0.77897 0.01415 0.12681 ( 2)
  16 L   0.22221 0.73962 0.00416 0.03401 ( 2)
  17 A   0.09322 0.75214 0.01705 0.13758 ( 2)
  18 S   0.69967 0.26816 0.01124 0.02094 ( 1)
  19 G   0.04570 0.89934 0.00068 0.05428 ( 2)
  20 A   0.42483 0.30844 0.20893 0.05779 ( 1)
  21 S   0.52437 0.34613 0.08465 0.04485 ( 1)
  22 V   0.98387 0.00125 0.01479 0.00009 ( 1)
  23 I   0.97857 0.00127 0.02001 0.00014 ( 1)
  24 K   0.87833 0.10801 0.00737 0.00629 ( 1)
  25 G   0.99348 0.00012 0.00640 0.00000 ( 1)
  26 P   0.99318 0.00004 0.00678 0.00000 ( 1)
  27 G   0.99355 0.00023 0.00622 0.00000 ( 1)
  28 F   0.18133 0.00898 0.80857 0.00113 ( 3)
  29 T   0.98202 0.00379 0.01394 0.00025 ( 1)
  30 G   0.98703 0.00018 0.01278 0.00001 ( 1)
  31 G   0.99102 0.00087 0.00808 0.00003 ( 1)
  32 D   0.97823 0.01162 0.00936 0.00078 ( 1)
  33 I   0.81760 0.03529 0.14416 0.00295 ( 1)
  34 L   0.94452 0.00461 0.05027 0.00061 ( 1)
  35 T   0.19217 0.64685 0.07489 0.08609 ( 2)
  36 R   0.08813 0.09585 0.77536 0.04066 ( 3)
  37 N   0.09608 0.58024 0.21237 0.11131 ( 2)
  38 S   0.24921 0.56132 0.06789 0.12158 ( 2)
  39 M   0.02989 0.81547 0.00547 0.14917 ( 2)
  40 -   0.41479 0.43057 0.07587 0.07876 ( 2)
  41 -   0.41479 0.43057 0.07587 0.07876 ( 2)
  42 -   0.41479 0.43057 0.07587 0.07876 ( 2)
  43 G   0.01836 0.63692 0.18587 0.15886 ( 2)
  44 E   0.02191 0.94778 0.00025 0.03006 ( 2)
  45 L   0.08392 0.79535 0.01005 0.11069 ( 2)
  46 G   0.00040 0.73189 0.00056 0.26716 ( 2)
  47 T   0.01160 0.76528 0.01657 0.20654 ( 2)
  48 L   0.04728 0.77448 0.03576 0.14248 ( 2)
  49 R   0.51036 0.47108 0.00636 0.01221 ( 1)
  50 V   0.49116 0.22183 0.24869 0.03832 ( 1)
  51 T   0.03577 0.66419 0.08575 0.21429 ( 2)
  52 F   0.83842 0.08910 0.06511 0.00736 ( 1)
  53 T   0.00344 0.00799 0.98152 0.00704 ( 3)
  54 G   0.96365 0.01869 0.01648 0.00118 ( 1)
  55 R   0.00601 0.03084 0.94608 0.01707 ( 3)
  56 L   0.02926 0.65855 0.09500 0.21718 ( 2)
  57 P   0.01236 0.94204 0.00070 0.04490 ( 2)
  58 -   0.17209 0.67327 0.03148 0.12316 ( 2)
  59 -   0.14712 0.69825 0.02691 0.12772 ( 2)
  60 -   0.00975 0.83561 0.00178 0.15285 ( 2)
  61 Q   0.98622 0.00821 0.00544 0.00013 ( 1)
  62 S   0.90268 0.06575 0.02849 0.00308 ( 1)
  63 Y   0.99427 0.00003 0.00570 0.00000 ( 1)
  64 Y   0.38495 0.59964 0.00196 0.01345 ( 2)
  65 I   0.40768 0.48885 0.02220 0.08126 ( 2)
  66 R   0.98549 0.00169 0.01273 0.00009 ( 1)
  67 F   0.98230 0.00160 0.01594 0.00016 ( 1)
  68 R   0.78986 0.00338 0.20650 0.00026 ( 1)
  69 Y   0.99427 0.00003 0.00570 0.00000 ( 1)
  70 A   0.97839 0.00064 0.02094 0.00003 ( 1)
  71 S   0.94266 0.00407 0.05273 0.00053 ( 1)
  72 V   0.88492 0.06679 0.03914 0.00915 ( 1)
  73 A   0.61789 0.29211 0.07775 0.01225 ( 1)
  74 N   0.81595 0.15304 0.01757 0.01345 ( 1)
  75 R   0.10023 0.86009 0.00195 0.03774 ( 2)
  76 S   0.00286 0.70934 0.02875 0.25905 ( 2)
  77 -   0.82858 0.02400 0.14363 0.00380 ( 1)
  78 -   0.20656 0.58276 0.10338 0.10731 ( 2)
  79 -   0.41479 0.43057 0.07587 0.07876 ( 2)
  80 -   0.41479 0.43057 0.07587 0.07876 ( 2)
  81 -   0.26601 0.54190 0.09425 0.09784 ( 2)
  82 G   0.00005 0.93321 0.00002 0.06672 ( 2)
  83 T   0.00031 0.82661 0.00030 0.17278 ( 2)
  84 F   0.00238 0.85524 0.00137 0.14100 ( 2)
  85 R   0.00002 0.86672 0.00000 0.13326 ( 2)
  86 Y   0.00035 0.70195 0.00105 0.29665 ( 2)
  87 S   0.00107 0.78392 0.01277 0.20225 ( 2)
  88 Q   0.00017 0.89719 0.00002 0.10262 ( 2)
  89 P   0.00003 0.73553 0.00119 0.26325 ( 2)
  90 P   0.12977 0.66961 0.07731 0.12331 ( 2)
  91 S   0.00147 0.86869 0.00090 0.12895 ( 2)
  92 Y   0.70419 0.18482 0.09195 0.01903 ( 1)
  93 G   0.00006 0.84916 0.00003 0.15075 ( 2)
  94 I   0.00090 0.86807 0.00004 0.13099 ( 2)
  95 S   0.01678 0.86019 0.00112 0.12191 ( 2)
  96 F   0.71015 0.00681 0.28221 0.00083 ( 1)
  97 P   0.03353 0.61510 0.06822 0.28315 ( 2)
  98 K   0.16411 0.73246 0.00596 0.09747 ( 2)
  99 T   0.97962 0.00018 0.02018 0.00002 ( 1)
 100 M   0.99773 0.00001 0.00226 0.00000 ( 1)
 101 D   0.03694 0.60099 0.25855 0.10352 ( 2)
 102 A   0.00851 0.75807 0.01561 0.21781 ( 2)
 103 G   0.42363 0.01131 0.56143 0.00363 ( 3)
 104 E   0.00753 0.78618 0.02313 0.18316 ( 2)
 105 P   0.01308 0.84209 0.00131 0.14352 ( 2)
 106 L   0.98215 0.00942 0.00820 0.00023 ( 1)
 107 T   0.63024 0.11847 0.23165 0.01964 ( 1)
 108 S   0.75929 0.21180 0.01612 0.01280 ( 1)
 109 R   0.85904 0.10190 0.03197 0.00709 ( 1)
 110 S   0.00112 0.49553 0.04580 0.45755 ( 2)
 111 F   0.98784 0.00010 0.01206 0.00000 ( 1)
 112 A   0.53854 0.43145 0.00718 0.02283 ( 1)
 113 H   0.65905 0.18039 0.14328 0.01728 ( 1)
 114 T   0.24711 0.67466 0.03450 0.04373 ( 2)
 115 T   0.03942 0.81550 0.01696 0.12812 ( 2)
 116 L   0.30378 0.60610 0.03158 0.05853 ( 2)
 117 F   0.00016 0.79479 0.00114 0.20391 ( 2)
 118 T   0.95585 0.01995 0.02197 0.00224 ( 1)
 119 P   0.12468 0.68626 0.10187 0.08719 ( 2)
 120 I   0.36507 0.56001 0.02791 0.04702 ( 2)
 121 T   0.00823 0.96765 0.00015 0.02397 ( 2)
 122 F   0.18365 0.66516 0.02637 0.12482 ( 2)
 123 S   0.00148 0.62823 0.03759 0.33270 ( 2)
 124 R   0.00000 0.87221 0.00000 0.12778 ( 2)
 125 A   0.00350 0.87784 0.00011 0.11855 ( 2)
 126 Q   0.00003 0.64842 0.00077 0.35078 ( 2)
 127 E   0.00096 0.93775 0.00002 0.06127 ( 2)
 128 E   0.00135 0.91677 0.00012 0.08176 ( 2)
 129 F   0.00569 0.65524 0.07532 0.26374 ( 2)
 130 D   0.00002 0.72601 0.00069 0.27328 ( 2)
 131 L   0.00127 0.79364 0.00062 0.20447 ( 2)
 132 Y   0.00000 0.85047 0.00001 0.14952 ( 2)
 133 I   0.02722 0.81266 0.00201 0.15811 ( 2)
 134 Q   0.02160 0.81090 0.03714 0.13036 ( 2)
 135 -   0.00435 0.85146 0.00093 0.14326 ( 2)
 136 -   0.04437 0.79858 0.02594 0.13112 ( 2)
 137 -   0.05164 0.58811 0.10579 0.25447 ( 2)
 138 -   0.25523 0.65472 0.03780 0.05225 ( 2)
 139 -   0.03218 0.81318 0.00589 0.14875 ( 2)
 140 -   0.32431 0.52106 0.05932 0.09531 ( 2)
 141 S   0.00009 0.62182 0.00780 0.37029 ( 2)
 142 G   0.24858 0.51139 0.16694 0.07309 ( 2)
 143 V   0.30891 0.39200 0.24039 0.05871 ( 2)
 144 Y   0.99402 0.00006 0.00591 0.00000 ( 1)
 145 I   0.98283 0.00399 0.01288 0.00030 ( 1)
 146 D   0.99186 0.00002 0.00813 0.00000 ( 1)
 147 R   0.66957 0.30913 0.00667 0.01463 ( 1)
 148 I   0.01177 0.01231 0.96978 0.00615 ( 3)
 149 E   0.99149 0.00012 0.00839 0.00000 ( 1)
 150 F   0.99342 0.00012 0.00645 0.00001 ( 1)
 151 I   0.96202 0.01638 0.02035 0.00126 ( 1)
 152 P   0.42111 0.42425 0.07703 0.07760 ( 2)


lnL = -2986.871855

Bayes Empirical Bayes (BEB) probabilities for 4 classes (class)
(amino acids refer to 1st sequence: BT_Cry1Da1)

   1 -   0.66252 0.16551 0.13793 0.03405 ( 1)
   2 -   0.46576 0.46494 0.01527 0.05402 ( 1)
   3 -   0.98627 0.00012 0.01360 0.00001 ( 1)
   4 R   0.14661 0.60939 0.12374 0.12026 ( 2)
   5 I   0.96771 0.00061 0.03165 0.00003 ( 1)
   6 T   0.97146 0.00063 0.02785 0.00006 ( 1)
   7 Q   0.94211 0.04504 0.01149 0.00136 ( 1)
   8 I   0.86721 0.09017 0.03364 0.00898 ( 1)
   9 P   0.98048 0.00321 0.01617 0.00014 ( 1)
  10 W   0.59239 0.32958 0.03192 0.04611 ( 1)
  11 V   0.96369 0.00992 0.02510 0.00129 ( 1)
  12 K   0.98332 0.00024 0.01643 0.00001 ( 1)
  13 A   0.97677 0.00263 0.02036 0.00024 ( 1)
  14 H   0.01037 0.78409 0.00772 0.19782 ( 2)
  15 T   0.15150 0.70855 0.02459 0.11535 ( 2)
  16 L   0.33264 0.60901 0.01212 0.04623 ( 2)
  17 A   0.13375 0.69427 0.02806 0.14391 ( 2)
  18 S   0.75129 0.21438 0.01601 0.01831 ( 1)
  19 G   0.09150 0.82727 0.00253 0.07870 ( 2)
  20 A   0.50999 0.24447 0.20562 0.03992 ( 1)
  21 S   0.56490 0.24405 0.14934 0.04171 ( 1)
  22 V   0.97775 0.00131 0.02083 0.00011 ( 1)
  23 I   0.97021 0.00139 0.02820 0.00019 ( 1)
  24 K   0.89824 0.07938 0.01489 0.00748 ( 1)
  25 G   0.98386 0.00015 0.01599 0.00001 ( 1)
  26 P   0.98675 0.00005 0.01320 0.00000 ( 1)
  27 G   0.98376 0.00026 0.01597 0.00001 ( 1)
  28 F   0.19698 0.00737 0.79448 0.00117 ( 3)
  29 T   0.97052 0.00392 0.02511 0.00045 ( 1)
  30 G   0.98286 0.00021 0.01692 0.00001 ( 1)
  31 G   0.98198 0.00097 0.01701 0.00004 ( 1)
  32 D   0.97288 0.00935 0.01683 0.00094 ( 1)
  33 I   0.80358 0.02865 0.16456 0.00320 ( 1)
  34 L   0.92872 0.00466 0.06588 0.00074 ( 1)
  35 T   0.27872 0.51679 0.12744 0.07705 ( 2)
  36 R   0.11137 0.08956 0.76428 0.03479 ( 3)
  37 N   0.12948 0.48606 0.27820 0.10626 ( 2)
  38 S   0.33029 0.47673 0.08258 0.11040 ( 2)
  39 M   0.05071 0.77732 0.01065 0.16133 ( 2)
  40 -   0.43526 0.39276 0.09092 0.08106 ( 1)
  41 -   0.43526 0.39276 0.09092 0.08106 ( 1)
  42 -   0.43526 0.39276 0.09092 0.08106 ( 1)
  43 G   0.03420 0.53615 0.28796 0.14169 ( 2)
  44 E   0.04608 0.89310 0.00121 0.05961 ( 2)
  45 L   0.14684 0.71788 0.01949 0.11579 ( 2)
  46 G   0.00117 0.74535 0.00160 0.25188 ( 2)
  47 T   0.02722 0.71994 0.04089 0.21195 ( 2)
  48 L   0.08534 0.70250 0.06737 0.14479 ( 2)
  49 R   0.60874 0.35084 0.02025 0.02017 ( 1)
  50 V   0.56384 0.17341 0.23093 0.03182 ( 1)
  51 T   0.06358 0.62902 0.10792 0.19948 ( 2)
  52 F   0.84617 0.06543 0.08065 0.00775 ( 1)
  53 T   0.00885 0.01405 0.96872 0.00838 ( 3)
  54 G   0.94752 0.01536 0.03533 0.00179 ( 1)
  55 R   0.01404 0.04304 0.92421 0.01871 ( 3)
  56 L   0.05515 0.64188 0.11593 0.18704 ( 2)
  57 P   0.02989 0.88514 0.00311 0.08186 ( 2)
  58 -   0.22327 0.60475 0.04678 0.12519 ( 2)
  59 -   0.18514 0.64288 0.03882 0.13316 ( 2)
  60 -   0.01674 0.81128 0.00352 0.16846 ( 2)
  61 Q   0.97742 0.00689 0.01542 0.00026 ( 1)
  62 S   0.90785 0.04783 0.04089 0.00343 ( 1)
  63 Y   0.98688 0.00003 0.01308 0.00000 ( 1)
  64 Y   0.52560 0.44906 0.00733 0.01801 ( 1)
  65 I   0.52706 0.37452 0.03415 0.06427 ( 1)
  66 R   0.97784 0.00193 0.02011 0.00013 ( 1)
  67 F   0.97314 0.00174 0.02489 0.00022 ( 1)
  68 R   0.70824 0.00292 0.28854 0.00030 ( 1)
  69 Y   0.98688 0.00003 0.01308 0.00000 ( 1)
  70 A   0.96031 0.00074 0.03890 0.00005 ( 1)
  71 S   0.93892 0.00400 0.05657 0.00051 ( 1)
  72 V   0.89673 0.05028 0.04552 0.00746 ( 1)
  73 A   0.64426 0.20337 0.13498 0.01739 ( 1)
  74 N   0.85196 0.10359 0.03098 0.01346 ( 1)
  75 R   0.16486 0.75812 0.00844 0.06858 ( 2)
  76 S   0.00717 0.72840 0.03460 0.22983 ( 2)
  77 -   0.80347 0.02399 0.16812 0.00442 ( 1)
  78 -   0.26186 0.51755 0.11511 0.10549 ( 2)
  79 -   0.43526 0.39276 0.09092 0.08106 ( 1)
  80 -   0.43526 0.39276 0.09092 0.08106 ( 1)
  81 -   0.31832 0.48304 0.10224 0.09640 ( 2)
  82 G   0.00019 0.90458 0.00005 0.09519 ( 2)
  83 T   0.00097 0.81499 0.00079 0.18325 ( 2)
  84 F   0.00533 0.82905 0.00313 0.16250 ( 2)
  85 R   0.00006 0.83679 0.00002 0.16313 ( 2)
  86 Y   0.00116 0.74523 0.00220 0.25141 ( 2)
  87 S   0.00278 0.76061 0.01965 0.21696 ( 2)
  88 Q   0.00050 0.85768 0.00010 0.14173 ( 2)
  89 P   0.00011 0.74011 0.00241 0.25736 ( 2)
  90 P   0.19040 0.56379 0.12609 0.11972 ( 2)
  91 S   0.00428 0.83851 0.00255 0.15466 ( 2)
  92 Y   0.72872 0.11939 0.13453 0.01735 ( 1)
  93 G   0.00019 0.80988 0.00015 0.18978 ( 2)
  94 I   0.00241 0.85019 0.00014 0.14726 ( 2)
  95 S   0.03683 0.82959 0.00313 0.13046 ( 2)
  96 F   0.68484 0.00590 0.30850 0.00077 ( 1)
  97 P   0.06645 0.62383 0.08341 0.22631 ( 2)
  98 K   0.26014 0.64100 0.01254 0.08632 ( 2)
  99 T   0.97209 0.00023 0.02765 0.00003 ( 1)
 100 M   0.99250 0.00001 0.00749 0.00000 ( 1)
 101 D   0.05607 0.43272 0.38880 0.12240 ( 2)
 102 A   0.02090 0.73147 0.03393 0.21370 ( 2)
 103 G   0.51572 0.01257 0.46895 0.00275 ( 1)
 104 E   0.01761 0.75859 0.04228 0.18152 ( 2)
 105 P   0.02959 0.83383 0.00308 0.13350 ( 2)
 106 L   0.97132 0.00860 0.01967 0.00041 ( 1)
 107 T   0.60873 0.08291 0.29094 0.01742 ( 1)
 108 S   0.80630 0.15144 0.03008 0.01217 ( 1)
 109 R   0.86367 0.07318 0.05596 0.00720 ( 1)
 110 S   0.00318 0.57446 0.06853 0.35383 ( 2)
 111 F   0.98231 0.00012 0.01756 0.00001 ( 1)
 112 A   0.64183 0.31134 0.02086 0.02597 ( 1)
 113 H   0.66971 0.11235 0.20169 0.01625 ( 1)
 114 T   0.35084 0.52307 0.07085 0.05524 ( 2)
 115 T   0.08542 0.74861 0.03298 0.13300 ( 2)
 116 L   0.42273 0.47086 0.05131 0.05510 ( 2)
 117 F   0.00052 0.75473 0.00257 0.24218 ( 2)
 118 T   0.95103 0.01708 0.02964 0.00226 ( 1)
 119 P   0.19123 0.57125 0.13355 0.10397 ( 2)
 120 I   0.48414 0.41996 0.04595 0.04995 ( 1)
 121 T   0.01674 0.90785 0.00086 0.07454 ( 2)
 122 F   0.29064 0.57771 0.03484 0.09681 ( 2)
 123 S   0.00398 0.63593 0.06438 0.29571 ( 2)
 124 R   0.00002 0.81790 0.00002 0.18207 ( 2)
 125 A   0.00882 0.86644 0.00031 0.12443 ( 2)
 126 Q   0.00011 0.68136 0.00192 0.31661 ( 2)
 127 E   0.00279 0.91095 0.00009 0.08617 ( 2)
 128 E   0.00396 0.87743 0.00052 0.11810 ( 2)
 129 F   0.01174 0.58478 0.12915 0.27433 ( 2)
 130 D   0.00006 0.71994 0.00130 0.27869 ( 2)
 131 L   0.00339 0.78297 0.00180 0.21183 ( 2)
 132 Y   0.00001 0.82069 0.00004 0.17926 ( 2)
 133 I   0.05105 0.79195 0.00405 0.15295 ( 2)
 134 Q   0.04194 0.77414 0.04648 0.13745 ( 2)
 135 -   0.00897 0.83039 0.00228 0.15836 ( 2)
 136 -   0.07278 0.74248 0.04127 0.14347 ( 2)
 137 -   0.08987 0.60192 0.10122 0.20700 ( 2)
 138 -   0.31857 0.55773 0.06331 0.06039 ( 2)
 139 -   0.05392 0.77410 0.01133 0.16065 ( 2)
 140 -   0.36610 0.46192 0.07655 0.09543 ( 2)
 141 S   0.00031 0.65930 0.01062 0.32978 ( 2)
 142 G   0.34047 0.36526 0.23028 0.06399 ( 2)
 143 V   0.36954 0.29428 0.28444 0.05175 ( 1)
 144 Y   0.98672 0.00008 0.01320 0.00000 ( 1)
 145 I   0.97162 0.00412 0.02378 0.00048 ( 1)
 146 D   0.98595 0.00002 0.01403 0.00000 ( 1)
 147 R   0.74197 0.22529 0.01511 0.01763 ( 1)
 148 I   0.03416 0.02555 0.93175 0.00854 ( 3)
 149 E   0.98434 0.00015 0.01550 0.00001 ( 1)
 150 F   0.98675 0.00013 0.01311 0.00001 ( 1)
 151 I   0.94483 0.01567 0.03766 0.00183 ( 1)
 152 P   0.44120 0.38682 0.09215 0.07983 ( 1)

