Supplemental results for CODEML (seqf: algn  treef: tree)


dN/dS (w) for site classes (K=4)

site class             0        1       2a       2b
proportion       0.45048  0.25554  0.18757  0.10640
background w     0.13389  1.00000  0.13389  1.00000
foreground w     0.13389  1.00000  1.00000  1.00000

Naive Empirical Bayes (NEB) probabilities for 4 classes
(amino acids refer to 1st sequence: BT_Cry43Aa1)

   1 -   0.69942 0.00660 0.29123 0.00275 ( 1)
   2 S   0.68070 0.02532 0.28343 0.01054 ( 1)
   3 A   0.38595 0.32007 0.16071 0.13327 ( 1)
   4 Q   0.70347 0.00255 0.29292 0.00106 ( 1)
   5 G   0.41944 0.28658 0.17465 0.11933 ( 1)
   6 E   0.58466 0.12136 0.24345 0.05053 ( 1)
   7 Q   0.57410 0.13192 0.23905 0.05493 ( 1)
   8 L   0.61369 0.09233 0.25553 0.03845 ( 1)
   9 F   0.01582 0.69020 0.00659 0.28739 ( 2)
  10 S   0.00109 0.70493 0.00046 0.29352 ( 2)
  11 F   0.43668 0.26934 0.18183 0.11215 ( 1)
  12 L   0.00388 0.70214 0.00162 0.29236 ( 2)
  13 L   0.66257 0.04346 0.27588 0.01809 ( 1)
  14 D   0.22401 0.48201 0.09328 0.20070 ( 2)
  15 T   0.00030 0.70572 0.00013 0.29385 ( 2)
  16 L   0.60468 0.10134 0.25178 0.04220 ( 1)
  17 W   0.25173 0.45429 0.10482 0.18916 ( 2)
  18 L   0.39628 0.30974 0.16501 0.12897 ( 1)
  19 E   0.00004 0.70598 0.00002 0.29396 ( 2)
  20 G   0.00211 0.70391 0.00088 0.29310 ( 2)
  21 N   0.66591 0.04011 0.27728 0.01670 ( 1)
  22 -   0.51818 0.18784 0.21577 0.07821 ( 1)
  23 -   0.50067 0.20535 0.20847 0.08551 ( 1)
  24 T   0.18617 0.51985 0.07752 0.21646 ( 2)
  25 Q   0.62250 0.08352 0.25920 0.03478 ( 1)
  26 W   0.58368 0.12234 0.24304 0.05094 ( 1)
  27 E   0.69604 0.00998 0.28982 0.00416 ( 1)
  28 E   0.03344 0.67258 0.01392 0.28006 ( 2)
  29 L   0.65789 0.04813 0.27394 0.02004 ( 1)
  30 M   0.77795 0.00010 0.22191 0.00004 ( 1)
  31 R   0.65040 0.11690 0.18402 0.04868 ( 1)
  32 H   0.77441 0.01054 0.21066 0.00439 ( 1)
  33 A   0.71566 0.06137 0.19741 0.02555 ( 1)
  34 E   0.79073 0.00009 0.20914 0.00004 ( 1)
  35 E   0.39440 0.35382 0.10445 0.14733 ( 1)
  36 L   0.70512 0.02552 0.25873 0.01063 ( 1)
  37 I   0.33003 0.00087 0.66873 0.00036 ( 3)
  38 N   0.74375 0.00225 0.25306 0.00094 ( 1)
  39 E   0.00568 0.70083 0.00167 0.29182 ( 2)
  40 Q   0.00043 0.70482 0.00127 0.29348 ( 2)
  41 V   0.79050 0.00073 0.20846 0.00031 ( 1)
  42 P   0.09811 0.61772 0.02696 0.25721 ( 2)
  43 D   0.00195 0.70236 0.00324 0.29245 ( 2)
  44 Y   0.05681 0.03714 0.89059 0.01546 ( 3)
  45 V   0.76578 0.01283 0.21605 0.00534 ( 1)
  46 R   0.77923 0.00019 0.22050 0.00008 ( 1)
  47 T   0.01692 0.52354 0.24154 0.21800 ( 2)
  48 K   0.25154 0.09922 0.60791 0.04132 ( 3)
  49 A   0.77912 0.00064 0.21997 0.00027 ( 1)
  50 L   0.75517 0.00233 0.24153 0.00097 ( 1)
  51 A   0.34903 0.14048 0.45199 0.05850 ( 3)
  52 E   0.79069 0.00011 0.20915 0.00005 ( 1)
  53 L   0.74360 0.01641 0.23316 0.00683 ( 1)
  54 T   0.00002 0.70599 0.00002 0.29397 ( 2)
  55 D   0.77199 0.00399 0.22237 0.00166 ( 1)
  56 L   0.76026 0.00117 0.23808 0.00049 ( 1)
  57 G   0.08759 0.01904 0.88545 0.00793 ( 3)
  58 N   0.79499 0.00406 0.19926 0.00169 ( 1)
  59 N   0.23486 0.49478 0.06434 0.20602 ( 2)
  60 L   0.23258 0.17155 0.52444 0.07143 ( 3)
  61 N   0.00027 0.70542 0.00058 0.29373 ( 2)
  62 L   0.02117 0.67357 0.02479 0.28047 ( 2)
  63 Y   0.77679 0.00022 0.22290 0.00009 ( 1)
  64 I   0.00399 0.69587 0.01040 0.28975 ( 2)
  65 A   0.01992 0.68667 0.00750 0.28592 ( 2)
  66 A   0.34189 0.18267 0.39938 0.07606 ( 3)
  67 F   0.27010 0.44543 0.09900 0.18547 ( 2)
  68 E   0.21183 0.23257 0.45876 0.09684 ( 3)
  69 D   0.67721 0.07434 0.21750 0.03095 ( 1)
  70 W   0.71727 0.01612 0.25989 0.00671 ( 1)
  71 K   0.54351 0.22113 0.14328 0.09208 ( 1)
  72 R   0.00078 0.70057 0.00693 0.29171 ( 2)
  73 N   0.07313 0.08867 0.80128 0.03692 ( 3)
  74 P   0.28552 0.02144 0.68411 0.00893 ( 3)
  75 S   0.09829 0.39849 0.33729 0.16593 ( 2)
  76 S   0.78057 0.00665 0.21001 0.00277 ( 1)
  77 Q   0.00212 0.70308 0.00204 0.29276 ( 2)
  78 E   0.00000 0.70601 0.00001 0.29397 ( 2)
  79 V   0.00000 0.70602 0.00000 0.29398 ( 2)
  80 R   0.29682 0.05869 0.62006 0.02444 ( 3)
  81 T   0.00001 0.70600 0.00002 0.29397 ( 2)
  82 R   0.09839 0.61283 0.03362 0.25517 ( 2)
  83 V   0.78289 0.00051 0.21639 0.00021 ( 1)
  84 I   0.60603 0.15684 0.17182 0.06531 ( 1)
  85 D   0.00016 0.70587 0.00005 0.29391 ( 2)
  86 R   0.02137 0.68540 0.00784 0.28539 ( 2)
  87 F   0.78829 0.00043 0.21110 0.00018 ( 1)
  88 N   0.00190 0.70420 0.00068 0.29322 ( 2)
  89 I   0.24257 0.10684 0.60610 0.04449 ( 3)
  90 L   0.69660 0.04973 0.23296 0.02071 ( 1)
  91 D   0.78487 0.00385 0.20967 0.00160 ( 1)
  92 G   0.01205 0.67011 0.03882 0.27902 ( 2)
  93 L   0.34478 0.39751 0.09219 0.16552 ( 2)
  94 F   0.78901 0.00006 0.21092 0.00002 ( 1)
  95 E   0.06183 0.64739 0.02120 0.26957 ( 2)
  96 A   0.00000 0.70600 0.00003 0.29397 ( 2)
  97 Y   0.00015 0.70583 0.00012 0.29390 ( 2)
  98 L   0.72438 0.04870 0.20663 0.02028 ( 1)
  99 P   0.76246 0.00107 0.23602 0.00045 ( 1)
 100 S   0.00024 0.70534 0.00072 0.29370 ( 2)
 101 F   0.78901 0.00006 0.21092 0.00002 ( 1)
 102 A   0.27196 0.08076 0.61366 0.03363 ( 3)
 103 V   0.04329 0.20198 0.67062 0.08410 ( 3)
 104 P   0.00002 0.70600 0.00001 0.29397 ( 2)
 105 G   0.02495 0.68276 0.00800 0.28429 ( 2)
 106 Y   0.76299 0.01275 0.21895 0.00531 ( 1)
 107 E   0.77909 0.01049 0.20605 0.00437 ( 1)
 108 V   0.78346 0.00024 0.21621 0.00010 ( 1)
 109 P   0.66510 0.06519 0.24257 0.02714 ( 1)
 110 L   0.76014 0.00129 0.23804 0.00054 ( 1)
 111 L   0.75975 0.00163 0.23794 0.00068 ( 1)
 112 S   0.36173 0.37876 0.10179 0.15771 ( 2)
 113 V   0.73194 0.00592 0.25967 0.00247 ( 1)
 114 Y   0.77679 0.00022 0.22290 0.00009 ( 1)
 115 A   0.77978 0.00015 0.22000 0.00006 ( 1)
 116 N   0.00064 0.70543 0.00020 0.29373 ( 2)
 117 V   0.77835 0.00142 0.21964 0.00059 ( 1)
 118 V   0.73004 0.00352 0.26497 0.00147 ( 1)
 119 N   0.79940 0.00004 0.20054 0.00002 ( 1)
 120 I   0.10935 0.60618 0.03207 0.25241 ( 2)
 121 H   0.78450 0.00078 0.21439 0.00033 ( 1)
 122 L   0.75932 0.00203 0.23781 0.00085 ( 1)
 123 L   0.74498 0.02509 0.21948 0.01045 ( 1)
 124 V   0.71055 0.04726 0.22251 0.01968 ( 1)
 125 L   0.75928 0.00200 0.23789 0.00083 ( 1)
 126 R   0.74335 0.00132 0.25477 0.00055 ( 1)
 127 D   0.79903 0.00006 0.20088 0.00003 ( 1)
 128 S   0.00299 0.70313 0.00110 0.29278 ( 2)
 129 S   0.17509 0.54558 0.05215 0.22717 ( 2)
 130 I   0.78475 0.00019 0.21498 0.00008 ( 1)
 131 Y   0.56392 0.19576 0.15881 0.08151 ( 1)
 132 G   0.76957 0.00031 0.22999 0.00013 ( 1)
 133 L   0.00001 0.70602 0.00000 0.29398 ( 2)
 134 D   0.01009 0.68337 0.02198 0.28455 ( 2)
 135 W   0.71727 0.01612 0.25989 0.00671 ( 1)
 136 G   0.73439 0.00150 0.26349 0.00062 ( 1)
 137 L   0.38803 0.14214 0.41065 0.05918 ( 3)
 138 S   0.00002 0.70599 0.00002 0.29397 ( 2)
 139 S   0.00029 0.70576 0.00009 0.29387 ( 2)
 140 T   0.01783 0.68927 0.00591 0.28700 ( 2)
 141 S   0.00014 0.70570 0.00031 0.29385 ( 2)
 142 V   0.68578 0.08565 0.19291 0.03566 ( 1)
 143 D   0.10043 0.60995 0.03564 0.25398 ( 2)
 144 N   0.46990 0.26775 0.15086 0.11149 ( 1)
 145 N   0.79928 0.00032 0.20027 0.00013 ( 1)
 146 Y   0.67934 0.05248 0.24632 0.02185 ( 1)
 147 N   0.10278 0.61098 0.03183 0.25440 ( 2)
 148 R   0.26868 0.46278 0.07584 0.19270 ( 2)
 149 Q   0.76888 0.00035 0.23062 0.00015 ( 1)
 150 Q   0.01528 0.68788 0.01041 0.28643 ( 2)
 151 R   0.22376 0.48843 0.08444 0.20337 ( 2)
 152 N   0.00927 0.69726 0.00314 0.29033 ( 2)
 153 S   0.20321 0.51366 0.06925 0.21388 ( 2)
 154 A   0.13647 0.57771 0.04526 0.24055 ( 2)
 155 T   0.00025 0.70550 0.00049 0.29376 ( 2)
 156 Y   0.77679 0.00022 0.22290 0.00009 ( 1)
 157 A   0.58540 0.17609 0.16518 0.07332 ( 1)
 158 N   0.79921 0.00035 0.20029 0.00014 ( 1)
 159 H   0.78608 0.00006 0.21384 0.00002 ( 1)
 160 C   0.74833 0.00029 0.25126 0.00012 ( 1)
 161 T   0.47268 0.27749 0.13428 0.11554 ( 1)
 162 T   0.74145 0.01525 0.23695 0.00635 ( 1)
 163 W   0.71727 0.01612 0.25989 0.00671 ( 1)
 164 Y   0.77988 0.00297 0.21591 0.00124 ( 1)
 165 Q   0.23364 0.49626 0.06345 0.20664 ( 2)
 166 T   0.66942 0.07593 0.22304 0.03162 ( 1)
 167 G   0.77621 0.00020 0.22350 0.00008 ( 1)
 168 L   0.76026 0.00117 0.23808 0.00049 ( 1)
 169 Q   0.03168 0.63695 0.06615 0.26522 ( 2)
 170 R   0.77924 0.00023 0.22044 0.00009 ( 1)
 171 L   0.75770 0.00334 0.23757 0.00139 ( 1)
 172 Q   0.26958 0.46138 0.07693 0.19211 ( 2)
 173 G   0.77167 0.00123 0.22659 0.00051 ( 1)
 174 S   0.30284 0.43201 0.08526 0.17989 ( 2)
 175 D   0.56126 0.21041 0.14073 0.08761 ( 1)
 176 A   0.77643 0.00018 0.22331 0.00008 ( 1)
 177 S   0.00069 0.70538 0.00021 0.29371 ( 2)
 178 S   0.32805 0.41197 0.08843 0.17154 ( 2)
 179 W   0.71727 0.01612 0.25989 0.00671 ( 1)
 180 V   0.05750 0.65402 0.01616 0.27233 ( 2)
 181 N   0.01595 0.69050 0.00603 0.28752 ( 2)
 182 Y   0.77345 0.00321 0.22200 0.00134 ( 1)
 183 N   0.79961 0.00003 0.20035 0.00001 ( 1)
 184 R   0.20710 0.51840 0.05865 0.21585 ( 2)
 185 F   0.74907 0.00033 0.25047 0.00014 ( 1)
 186 R   0.76137 0.00094 0.23730 0.00039 ( 1)
 187 R   0.77793 0.00102 0.22062 0.00042 ( 1)
 188 E   0.78973 0.00086 0.20905 0.00036 ( 1)
 189 I   0.77729 0.00070 0.22172 0.00029 ( 1)
 190 T   0.73268 0.00337 0.26255 0.00140 ( 1)
 191 L   0.69983 0.05381 0.22396 0.02241 ( 1)
 192 I   0.71834 0.05320 0.20631 0.02215 ( 1)
 193 V   0.78361 0.00017 0.21615 0.00007 ( 1)
 194 L   0.75604 0.00452 0.23756 0.00188 ( 1)
 195 D   0.79908 0.00003 0.20088 0.00001 ( 1)
 196 I   0.74105 0.00030 0.25852 0.00013 ( 1)
 197 C   0.02091 0.68590 0.00759 0.28560 ( 2)
 198 A   0.24657 0.47535 0.08015 0.19793 ( 2)
 199 L   0.73384 0.00660 0.25682 0.00275 ( 1)
 200 F   0.78901 0.00006 0.21092 0.00002 ( 1)
 201 S   0.71492 0.01546 0.26318 0.00644 ( 1)
 202 N   0.25895 0.18502 0.47899 0.07704 ( 3)


lnL = -3979.653907

