Supplemental results for CODEML (seqf: algn  treef: tree)


dN/dS (w) for site classes (K=4)

site class             0        1       2a       2b
proportion       0.56622  0.41726  0.00951  0.00701
background w     0.09539  0.56794  0.09539  0.56794
foreground w     0.09539  0.56794 34.05541 34.05541

Naive Empirical Bayes (NEB) probabilities for 4 classes
(amino acids refer to 1st sequence: BT_Cry13Aa1)

   1 S   0.63382 0.34966 0.01065 0.00587 ( 1)
   2 V   0.94299 0.05564 0.00129 0.00008 ( 1)
   3 A   0.92457 0.07358 0.00171 0.00014 ( 1)
   4 V   0.94160 0.05667 0.00162 0.00010 ( 1)
   5 P   0.97154 0.02467 0.00369 0.00010 ( 1)
   6 L   0.58823 0.40988 0.00108 0.00081 ( 1)
   7 I   0.32991 0.66796 0.00067 0.00147 ( 2)
   8 S   0.79787 0.20048 0.00129 0.00036 ( 1)
   9 M   0.98154 0.01746 0.00098 0.00002 ( 1)
  10 L   0.84595 0.15227 0.00149 0.00029 ( 1)
  11 V   0.95526 0.04290 0.00175 0.00008 ( 1)
  12 G   0.61009 0.38876 0.00069 0.00046 ( 1)
  13 V   0.12653 0.86529 0.00103 0.00714 ( 2)
  14 F   0.28426 0.71310 0.00073 0.00191 ( 2)
  15 W   0.87231 0.11958 0.00713 0.00099 ( 1)
  16 P   0.99526 0.00283 0.00190 0.00001 ( 1)
  17 K   0.08727 0.91143 0.00011 0.00119 ( 2)
  18 -   0.56622 0.41726 0.00951 0.00701 ( 1)
  19 -   0.56622 0.41726 0.00951 0.00701 ( 1)
  20 -   0.56622 0.41726 0.00951 0.00701 ( 1)
  21 -   0.56622 0.41726 0.00951 0.00701 ( 1)
  22 -   0.13277 0.86533 0.00024 0.00167 ( 2)
  23 -   0.22483 0.77272 0.00054 0.00191 ( 2)
  24 G   0.00344 0.99458 0.00001 0.00197 ( 2)
  25 T   0.01193 0.98599 0.00002 0.00205 ( 2)
  26 N   0.12193 0.87300 0.00061 0.00446 ( 2)
  27 N   0.98024 0.01834 0.00140 0.00003 ( 1)
  28 Q   0.50117 0.49694 0.00092 0.00097 ( 1)
  29 E   0.38008 0.61824 0.00061 0.00107 ( 2)
  30 N   0.72393 0.27442 0.00117 0.00049 ( 1)
  31 L   0.86949 0.12792 0.00224 0.00034 ( 1)
  32 I   0.96259 0.03557 0.00177 0.00007 ( 1)
  33 T   0.01748 0.98065 0.00003 0.00184 ( 2)
  34 V   0.92783 0.06959 0.00239 0.00019 ( 1)
  35 I   0.99668 0.00149 0.00183 0.00000 ( 1)
  36 D   0.99772 0.00085 0.00142 0.00000 ( 1)
  37 K   0.00840 0.98848 0.00003 0.00309 ( 2)
  38 E   0.99728 0.00111 0.00160 0.00000 ( 1)
  39 V   0.99178 0.00638 0.00182 0.00001 ( 1)
  40 Q   0.99424 0.00390 0.00185 0.00001 ( 1)
  41 R   0.96672 0.03150 0.00172 0.00006 ( 1)
  42 I   0.37768 0.62041 0.00070 0.00120 ( 2)
  43 L   0.98691 0.01052 0.00255 0.00003 ( 1)
  44 D   0.96404 0.03357 0.00231 0.00008 ( 1)
  45 E   0.68984 0.30834 0.00123 0.00059 ( 1)
  46 K   0.88213 0.11623 0.00144 0.00020 ( 1)
  47 L   0.98609 0.01134 0.00255 0.00003 ( 1)
  48 S   0.95445 0.04297 0.00246 0.00011 ( 1)
  49 D   0.04229 0.95612 0.00006 0.00153 ( 2)
  50 Q   0.00276 0.00042 0.99276 0.00406 ( 3)
  51 L   0.94885 0.04972 0.00135 0.00008 ( 1)
  52 I   0.79379 0.20516 0.00083 0.00023 ( 1)
  53 K   0.75395 0.15683 0.07185 0.01737 ( 1)
  54 K   0.33391 0.43566 0.19044 0.03998 ( 2)
  55 L   0.55920 0.43266 0.00457 0.00357 ( 1)
  56 N   0.00075 0.78230 0.00133 0.21562 ( 2)
  57 A   0.70700 0.29125 0.00122 0.00053 ( 1)
  58 D   0.86222 0.13606 0.00147 0.00025 ( 1)
  59 L   0.98677 0.01065 0.00255 0.00003 ( 1)
  60 N   0.06362 0.93466 0.00010 0.00162 ( 2)
  61 A   0.00928 0.98872 0.00002 0.00199 ( 2)
  62 F   0.99005 0.00811 0.00182 0.00002 ( 1)
  63 T   0.08797 0.91059 0.00012 0.00132 ( 2)
  64 D   0.54687 0.45165 0.00078 0.00070 ( 1)
  65 L   0.09993 0.89817 0.00018 0.00172 ( 2)
  66 V   0.28730 0.70988 0.00079 0.00202 ( 2)
  67 T   0.03853 0.95936 0.00007 0.00204 ( 2)
  68 R   0.00125 0.99617 0.00000 0.00258 ( 2)
  69 L   0.07220 0.92502 0.00019 0.00259 ( 2)
  70 E   0.00076 0.99727 0.00000 0.00197 ( 2)
  71 E   0.00134 0.99733 0.00000 0.00132 ( 2)
  72 V   0.56975 0.42848 0.00098 0.00078 ( 1)
  73 I   0.92615 0.07201 0.00170 0.00014 ( 1)
  74 I   0.43138 0.35875 0.18634 0.02353 ( 1)
  75 D   0.99364 0.00494 0.00142 0.00001 ( 1)
  76 A   0.99495 0.00293 0.00212 0.00001 ( 1)
  77 T   0.36395 0.63133 0.00170 0.00301 ( 2)
  78 F   0.86467 0.12721 0.00706 0.00105 ( 1)
  79 -   0.84140 0.15584 0.00232 0.00044 ( 1)
  80 -   0.98683 0.00902 0.00411 0.00004 ( 1)
  81 -   0.67095 0.32727 0.00117 0.00061 ( 1)
  82 -   0.93500 0.06315 0.00173 0.00012 ( 1)
  83 -   0.12909 0.86896 0.00024 0.00171 ( 2)
  84 E   0.29036 0.70781 0.00051 0.00132 ( 2)
  85 N   0.44708 0.55103 0.00082 0.00108 ( 2)
  86 H   0.71066 0.28768 0.00115 0.00051 ( 1)
  87 K   0.98107 0.01789 0.00102 0.00002 ( 1)
  88 P   0.33148 0.66617 0.00074 0.00161 ( 2)
  89 V   0.01470 0.98249 0.00004 0.00278 ( 2)
  90 L   0.33657 0.66233 0.00035 0.00075 ( 2)
  91 Q   0.05560 0.94242 0.00010 0.00188 ( 2)
  92 V   0.83902 0.15906 0.00161 0.00032 ( 1)
  93 S   0.26336 0.73472 0.00048 0.00144 ( 2)
  94 K   0.00142 0.99649 0.00000 0.00209 ( 2)
  95 S   0.99021 0.00704 0.00273 0.00002 ( 1)
  96 N   0.99320 0.00538 0.00142 0.00001 ( 1)
  97 Y   0.99230 0.00601 0.00168 0.00001 ( 1)
  98 M   0.00007 0.13058 0.01668 0.85267 ( 4)
  99 K   0.96910 0.02928 0.00157 0.00005 ( 1)
 100 V   0.99312 0.00512 0.00175 0.00001 ( 1)
 101 D   0.19051 0.80763 0.00034 0.00152 ( 2)
 102 S   0.00219 0.99548 0.00000 0.00233 ( 2)
 103 A   0.00358 0.99454 0.00001 0.00187 ( 2)
 104 Y   0.59255 0.40605 0.00081 0.00059 ( 1)
 105 F   0.00320 0.99449 0.00001 0.00230 ( 2)
 106 S   0.01934 0.97865 0.00003 0.00197 ( 2)
 107 T   0.88799 0.10713 0.00434 0.00054 ( 1)
 108 G   0.00476 0.99370 0.00001 0.00154 ( 2)
 109 G   0.14680 0.85193 0.00017 0.00110 ( 2)
 110 I   0.00252 0.99448 0.00001 0.00299 ( 2)
 111 L   0.98150 0.01666 0.00180 0.00003 ( 1)
 112 T   0.00344 0.92979 0.00129 0.06548 ( 2)
 113 L   0.00968 0.95499 0.00177 0.03356 ( 2)
 114 G   0.06519 0.93305 0.00011 0.00165 ( 2)
 115 M   0.02489 0.97338 0.00004 0.00169 ( 2)
 116 S   0.69126 0.29552 0.00857 0.00465 ( 1)
 117 D   0.04839 0.94725 0.00021 0.00415 ( 2)
 118 F   0.82469 0.17345 0.00152 0.00035 ( 1)
 119 L   0.64789 0.35109 0.00065 0.00037 ( 1)
 120 T   0.90578 0.09259 0.00146 0.00016 ( 1)
 121 D   0.87855 0.11486 0.00583 0.00077 ( 1)
 122 T   0.96396 0.03365 0.00231 0.00008 ( 1)
 123 Y   0.99267 0.00596 0.00136 0.00001 ( 1)
 124 S   0.86130 0.13602 0.00231 0.00038 ( 1)
 125 K   0.09565 0.90240 0.00018 0.00178 ( 2)
 126 L   0.86454 0.13382 0.00140 0.00023 ( 1)
 127 T   0.98466 0.01362 0.00170 0.00002 ( 1)
 128 F   0.53603 0.46220 0.00093 0.00085 ( 1)
 129 P   0.98870 0.00755 0.00373 0.00003 ( 1)
 130 L   0.63171 0.36657 0.00107 0.00065 ( 1)
 131 Y   0.95236 0.04627 0.00130 0.00007 ( 1)
 132 V   0.83002 0.16820 0.00146 0.00032 ( 1)
 133 L   0.98997 0.00818 0.00182 0.00002 ( 1)
 134 G   0.99629 0.00235 0.00136 0.00000 ( 1)
 135 A   0.99674 0.00154 0.00172 0.00000 ( 1)
 136 T   0.99449 0.00368 0.00182 0.00001 ( 1)
 137 M   0.08504 0.91278 0.00017 0.00201 ( 2)
 138 K   0.23021 0.76757 0.00050 0.00172 ( 2)
 139 L   0.88843 0.11003 0.00136 0.00018 ( 1)
 140 S   0.65014 0.34786 0.00127 0.00073 ( 1)
 141 A   0.01376 0.93255 0.00299 0.05070 ( 2)
 142 Y   0.55329 0.44550 0.00065 0.00055 ( 1)
 143 H   0.98381 0.01433 0.00183 0.00003 ( 1)
 144 S   0.16458 0.83363 0.00028 0.00151 ( 2)
 145 Y   0.89538 0.10292 0.00152 0.00018 ( 1)
 146 I   0.98530 0.01287 0.00181 0.00003 ( 1)
 147 Q   0.86343 0.13477 0.00153 0.00026 ( 1)
 148 F   0.99746 0.00117 0.00137 0.00000 ( 1)
 149 G   0.15761 0.84051 0.00029 0.00159 ( 2)
 150 N   0.95935 0.03903 0.00155 0.00007 ( 1)
 151 T   0.00146 0.99646 0.00000 0.00208 ( 2)
 152 W   0.87231 0.11958 0.00713 0.00099 ( 1)
 153 L   0.84314 0.15500 0.00155 0.00031 ( 1)
 154 N   0.39529 0.60321 0.00056 0.00094 ( 2)
 155 K   0.00777 0.98988 0.00002 0.00233 ( 2)
 156 V   0.99570 0.00253 0.00176 0.00000 ( 1)
 157 Y   0.97493 0.00855 0.01638 0.00014 ( 1)
 158 -   0.92772 0.05576 0.01559 0.00094 ( 1)
 159 -   0.84431 0.13917 0.01419 0.00234 ( 1)
 160 -   0.81767 0.16581 0.01374 0.00279 ( 1)
 161 D   0.14169 0.85690 0.00019 0.00122 ( 2)
 162 L   0.00790 0.98677 0.00004 0.00529 ( 2)
 163 S   0.04366 0.95543 0.00004 0.00087 ( 2)
 164 S   0.00019 0.99689 0.00000 0.00292 ( 2)
 165 D   0.01340 0.93280 0.00401 0.04979 ( 2)
 166 E   0.00204 0.99311 0.00001 0.00484 ( 2)
 167 G   0.10883 0.88927 0.00020 0.00171 ( 2)
 168 K   0.00961 0.98836 0.00002 0.00202 ( 2)
 169 T   0.98471 0.01346 0.00180 0.00003 ( 1)
 170 M   0.07690 0.92118 0.00014 0.00179 ( 2)
 171 S   0.00139 0.99614 0.00000 0.00246 ( 2)
 172 Q   0.67921 0.31914 0.00110 0.00055 ( 1)
 173 A   0.49173 0.50658 0.00079 0.00090 ( 2)
 174 L   0.98799 0.00944 0.00255 0.00003 ( 1)
 175 A   0.01396 0.98432 0.00002 0.00170 ( 2)
 176 R   0.02849 0.96612 0.00015 0.00524 ( 2)
 177 A   0.93094 0.06443 0.00432 0.00031 ( 1)
 178 K   0.99711 0.00111 0.00177 0.00000 ( 1)
 179 Q   0.00091 0.99688 0.00000 0.00221 ( 2)
 180 H   0.00919 0.89907 0.00521 0.08653 ( 2)
 181 M   0.99627 0.00274 0.00099 0.00000 ( 1)
 182 R   0.64192 0.35589 0.00139 0.00080 ( 1)
 183 Q   0.02305 0.97497 0.00004 0.00194 ( 2)
 184 D   0.00111 0.99691 0.00000 0.00197 ( 2)
 185 I   0.99594 0.00223 0.00183 0.00000 ( 1)
 186 A   0.00045 0.99770 0.00000 0.00185 ( 2)
 187 F   0.00006 0.98495 0.00000 0.01498 ( 2)
 188 Y   0.94575 0.05255 0.00160 0.00009 ( 1)
 189 T   0.99571 0.00247 0.00182 0.00000 ( 1)
 190 S   0.00068 0.99738 0.00000 0.00193 ( 2)
 191 Q   0.24667 0.75119 0.00051 0.00162 ( 2)
 192 A   0.98822 0.01002 0.00174 0.00002 ( 1)
 193 L   0.44120 0.55777 0.00044 0.00059 ( 2)
 194 N   0.62789 0.37029 0.00112 0.00071 ( 1)
 195 M   0.50095 0.49723 0.00088 0.00094 ( 1)
 196 F   0.99787 0.00076 0.00137 0.00000 ( 1)
 197 T   0.88425 0.11396 0.00157 0.00022 ( 1)
 198 -   0.93736 0.06120 0.00134 0.00009 ( 1)
 199 -   0.13185 0.83623 0.00933 0.02259 ( 2)
 200 G   0.01817 0.96980 0.00021 0.01183 ( 2)
 201 N   0.40595 0.59234 0.00066 0.00105 ( 2)
 202 L   0.06014 0.93881 0.00006 0.00099 ( 2)
 203 P   0.99597 0.00233 0.00170 0.00000 ( 1)
 204 S   0.82229 0.17586 0.00151 0.00034 ( 1)
 205 L   0.95331 0.04485 0.00176 0.00009 ( 1)
 206 S   0.00738 0.98786 0.00003 0.00472 ( 2)
 207 S   0.72202 0.27621 0.00126 0.00052 ( 1)
 208 N   0.96304 0.03534 0.00156 0.00006 ( 1)
 209 K   0.99711 0.00111 0.00177 0.00000 ( 1)
 210 Y   0.01016 0.98839 0.00001 0.00143 ( 2)
 211 A   0.27902 0.72008 0.00024 0.00066 ( 2)
 212 I   0.90107 0.09716 0.00159 0.00018 ( 1)
 213 N   0.96742 0.03116 0.00138 0.00005 ( 1)
 214 D   0.07628 0.91933 0.00032 0.00407 ( 2)
 215 Y   0.98117 0.01714 0.00166 0.00003 ( 1)
 216 N   0.99746 0.00092 0.00161 0.00000 ( 1)
 217 V   0.00616 0.99187 0.00001 0.00195 ( 2)
 218 Y   0.98153 0.01677 0.00166 0.00003 ( 1)
 219 T   0.58414 0.16163 0.24355 0.01069 ( 1)
 220 R   0.89167 0.10654 0.00159 0.00021 ( 1)
 221 A   0.98243 0.01621 0.00134 0.00002 ( 1)
 222 M   0.99274 0.00626 0.00099 0.00001 ( 1)
 223 V   0.58410 0.41402 0.00107 0.00081 ( 1)
 224 L   0.80816 0.18925 0.00209 0.00051 ( 1)
 225 N   0.98836 0.01003 0.00160 0.00002 ( 1)
 226 G   0.78805 0.21016 0.00139 0.00040 ( 1)
 227 L   0.98482 0.01261 0.00254 0.00003 ( 1)
 228 D   0.99808 0.00050 0.00142 0.00000 ( 1)
 229 I   0.05918 0.93875 0.00011 0.00195 ( 2)
 230 V   0.97174 0.02641 0.00180 0.00005 ( 1)
 231 A   0.99612 0.00215 0.00172 0.00000 ( 1)
 232 T   0.86994 0.12820 0.00160 0.00026 ( 1)
 233 W   0.87231 0.11958 0.00713 0.00099 ( 1)


lnL = -4176.412588

