Supplemental results for CODEML (seqf: algn  treef: tree)


dN/dS (w) for site classes (K=4)

site class             0        1       2a       2b
proportion       0.82574  0.14557  0.02439  0.00430
background w     0.15787  1.00000  0.15787  1.00000
foreground w     0.15787  1.00000  3.52258  3.52258

Naive Empirical Bayes (NEB) probabilities for 4 classes
(amino acids refer to 1st sequence: BT_Cry3Aa10)

   1 -   0.98128 0.01556 0.00295 0.00020 ( 1)
   2 -   0.98159 0.01586 0.00235 0.00020 ( 1)
   3 G   0.84893 0.11770 0.03158 0.00179 ( 1)
   4 G   0.99074 0.00282 0.00641 0.00003 ( 1)
   5 A   0.91430 0.07898 0.00595 0.00078 ( 1)
   6 L   0.97298 0.01814 0.00863 0.00024 ( 1)
   7 V   0.48658 0.05933 0.45185 0.00224 ( 1)
   8 S   0.71715 0.27700 0.00345 0.00240 ( 1)
   9 F   0.99537 0.00312 0.00149 0.00001 ( 1)
  10 Y   0.99643 0.00133 0.00223 0.00001 ( 1)
  11 T   0.37648 0.03374 0.58789 0.00189 ( 3)
  12 N   0.04270 0.40457 0.46431 0.08842 ( 3)
  13 F   0.97453 0.02360 0.00176 0.00011 ( 1)
  14 L   0.92436 0.05153 0.02282 0.00128 ( 1)
  15 N   0.98800 0.00735 0.00459 0.00006 ( 1)
  16 T   0.85725 0.04998 0.09132 0.00145 ( 1)
  17 I   0.97764 0.01976 0.00246 0.00014 ( 1)
  18 W   0.97335 0.01674 0.00969 0.00022 ( 1)
  19 P   0.99629 0.00143 0.00228 0.00001 ( 1)
  20 S   0.63568 0.36173 0.00109 0.00149 ( 1)
  21 E   0.95631 0.02112 0.02234 0.00023 ( 1)
  22 -   0.83490 0.13641 0.02466 0.00403 ( 1)
  23 -   0.44558 0.50948 0.03550 0.00943 ( 2)
  24 D   0.91128 0.08393 0.00416 0.00064 ( 1)
  25 P   0.96508 0.03185 0.00287 0.00020 ( 1)
  26 W   0.89222 0.09761 0.00889 0.00129 ( 1)
  27 K   0.98092 0.01483 0.00414 0.00011 ( 1)
  28 A   0.96733 0.03040 0.00211 0.00015 ( 1)
  29 F   0.99795 0.00059 0.00146 0.00000 ( 1)
  30 M   0.99787 0.00051 0.00162 0.00000 ( 1)
  31 E   0.88500 0.06735 0.04636 0.00129 ( 1)
  32 Q   0.99635 0.00132 0.00233 0.00001 ( 1)
  33 V   0.99369 0.00192 0.00437 0.00002 ( 1)
  34 E   0.99726 0.00096 0.00178 0.00001 ( 1)
  35 A   0.92511 0.04295 0.03137 0.00057 ( 1)
  36 L   0.96576 0.02164 0.01224 0.00036 ( 1)
  37 M   0.98332 0.01366 0.00291 0.00011 ( 1)
  38 D   0.99595 0.00268 0.00136 0.00001 ( 1)
  39 Q   0.85659 0.03538 0.10701 0.00102 ( 1)
  40 K   0.99730 0.00095 0.00175 0.00001 ( 1)
  41 I   0.99749 0.00090 0.00161 0.00000 ( 1)
  42 A   0.83231 0.02378 0.14312 0.00079 ( 1)
  43 D   0.95994 0.01319 0.02667 0.00020 ( 1)
  44 Y   0.99643 0.00133 0.00223 0.00001 ( 1)
  45 A   0.99566 0.00173 0.00260 0.00001 ( 1)
  46 K   0.99299 0.00515 0.00183 0.00003 ( 1)
  47 N   0.93952 0.03166 0.02844 0.00039 ( 1)
  48 K   0.96439 0.03374 0.00169 0.00018 ( 1)
  49 A   0.98748 0.01036 0.00211 0.00005 ( 1)
  50 L   0.17884 0.81570 0.00042 0.00504 ( 2)
  51 A   0.98262 0.01544 0.00186 0.00008 ( 1)
  52 E   0.94157 0.05408 0.00395 0.00040 ( 1)
  53 L   0.96553 0.03042 0.00382 0.00023 ( 1)
  54 Q   0.96557 0.02769 0.00646 0.00028 ( 1)
  55 G   0.95693 0.03966 0.00314 0.00027 ( 1)
  56 L   0.91163 0.08589 0.00205 0.00043 ( 1)
  57 Q   0.04860 0.94543 0.00016 0.00581 ( 2)
  58 N   0.98932 0.00942 0.00122 0.00004 ( 1)
  59 N   0.46196 0.53427 0.00063 0.00313 ( 2)
  60 V   0.04673 0.94300 0.00029 0.00998 ( 2)
  61 E   0.80896 0.18791 0.00196 0.00117 ( 1)
  62 D   0.09263 0.90302 0.00013 0.00423 ( 2)
  63 Y   0.98674 0.01099 0.00221 0.00006 ( 1)
  64 V   0.50173 0.49363 0.00140 0.00324 ( 1)
  65 S   0.76781 0.21355 0.01655 0.00209 ( 1)
  66 A   0.87294 0.12058 0.00525 0.00123 ( 1)
  67 L   0.71526 0.27631 0.00535 0.00308 ( 1)
  68 S   0.00453 0.96122 0.00032 0.03392 ( 2)
  69 S   0.68273 0.30601 0.00685 0.00441 ( 1)
  70 W   0.59700 0.39190 0.00594 0.00516 ( 1)
  71 Q   0.02313 0.95587 0.00053 0.02047 ( 2)
  72 K   0.95951 0.03854 0.00173 0.00021 ( 1)
  73 N   0.22315 0.13657 0.62538 0.01490 ( 3)
  74 P   0.99559 0.00178 0.00263 0.00001 ( 1)
  75 V   0.09022 0.86990 0.00956 0.03032 ( 2)
  76 S   0.76208 0.19276 0.04131 0.00384 ( 1)
  77 S   0.84038 0.12058 0.03697 0.00207 ( 1)
  78 R   0.98934 0.00552 0.00509 0.00005 ( 1)
  79 N   0.41476 0.55007 0.02788 0.00729 ( 2)
  80 P   0.02111 0.80157 0.04591 0.13141 ( 2)
  81 H   0.94527 0.04600 0.00773 0.00100 ( 1)
  82 S   0.80488 0.18579 0.00709 0.00223 ( 1)
  83 Q   0.97652 0.02047 0.00288 0.00013 ( 1)
  84 G   0.68449 0.21947 0.08984 0.00621 ( 1)
  85 R   0.93875 0.05457 0.00613 0.00055 ( 1)
  86 I   0.99442 0.00390 0.00166 0.00002 ( 1)
  87 R   0.99584 0.00173 0.00242 0.00001 ( 1)
  88 E   0.95887 0.03822 0.00267 0.00025 ( 1)
  89 L   0.93104 0.06511 0.00338 0.00047 ( 1)
  90 F   0.99795 0.00059 0.00146 0.00000 ( 1)
  91 S   0.86103 0.13613 0.00211 0.00073 ( 1)
  92 Q   0.90235 0.09492 0.00221 0.00051 ( 1)
  93 A   0.94656 0.05134 0.00184 0.00025 ( 1)
  94 E   0.99488 0.00329 0.00181 0.00002 ( 1)
  95 S   0.99682 0.00054 0.00264 0.00000 ( 1)
  96 H   0.97490 0.02370 0.00130 0.00009 ( 1)
  97 F   0.99795 0.00059 0.00146 0.00000 ( 1)
  98 R   0.84653 0.15009 0.00253 0.00084 ( 1)
  99 N   0.53870 0.45583 0.00251 0.00296 ( 1)
 100 S   0.94980 0.03936 0.01025 0.00059 ( 1)
 101 M   0.99787 0.00051 0.00162 0.00000 ( 1)
 102 P   0.98561 0.00512 0.00920 0.00007 ( 1)
 103 S   0.98490 0.00960 0.00541 0.00009 ( 1)
 104 F   0.99795 0.00059 0.00146 0.00000 ( 1)
 105 A   0.93340 0.06351 0.00267 0.00041 ( 1)
 106 I   0.97827 0.01893 0.00265 0.00015 ( 1)
 107 S   0.97116 0.01975 0.00882 0.00027 ( 1)
 108 G   0.40627 0.48733 0.09242 0.01398 ( 2)
 109 Y   0.79690 0.14490 0.05299 0.00522 ( 1)
 110 E   0.99575 0.00204 0.00220 0.00001 ( 1)
 111 V   0.99536 0.00175 0.00288 0.00001 ( 1)
 112 L   0.96483 0.02611 0.00872 0.00034 ( 1)
 113 F   0.99773 0.00080 0.00147 0.00000 ( 1)
 114 L   0.99110 0.00488 0.00398 0.00004 ( 1)
 115 T   0.92155 0.06513 0.01278 0.00054 ( 1)
 116 T   0.97442 0.02363 0.00184 0.00011 ( 1)
 117 Y   0.99643 0.00133 0.00223 0.00001 ( 1)
 118 A   0.99277 0.00535 0.00186 0.00003 ( 1)
 119 Q   0.87151 0.12552 0.00226 0.00071 ( 1)
 120 A   0.99580 0.00197 0.00222 0.00001 ( 1)
 121 A   0.99116 0.00617 0.00263 0.00004 ( 1)
 122 N   0.99464 0.00287 0.00247 0.00002 ( 1)
 123 I   0.81036 0.18721 0.00154 0.00090 ( 1)
 124 H   0.99529 0.00343 0.00126 0.00001 ( 1)
 125 L   0.83388 0.16161 0.00329 0.00122 ( 1)
 126 F   0.20308 0.78036 0.00352 0.01305 ( 2)
 127 L   0.96829 0.02658 0.00488 0.00025 ( 1)
 128 L   0.84131 0.15346 0.00386 0.00136 ( 1)
 129 K   0.99155 0.00659 0.00183 0.00004 ( 1)
 130 D   0.73379 0.26283 0.00181 0.00157 ( 1)
 131 A   0.94453 0.05322 0.00198 0.00027 ( 1)
 132 Q   0.62865 0.36784 0.00153 0.00199 ( 1)
 133 I   0.83967 0.12432 0.03432 0.00170 ( 1)
 134 Y   0.50333 0.48160 0.00854 0.00654 ( 1)
 135 G   0.93274 0.06509 0.00188 0.00030 ( 1)
 136 E   0.12173 0.87131 0.00026 0.00670 ( 2)
 137 E   0.71345 0.28357 0.00133 0.00165 ( 1)
 138 W   0.90154 0.08832 0.00897 0.00116 ( 1)
 139 G   0.98852 0.00945 0.00199 0.00004 ( 1)
 140 Y   0.02863 0.96527 0.00008 0.00602 ( 2)
 141 E   0.81283 0.18201 0.00241 0.00275 ( 1)
 142 K   0.15513 0.80245 0.01517 0.02725 ( 2)
 143 E   0.02431 0.96956 0.00008 0.00605 ( 2)
 144 D   0.66006 0.33751 0.00087 0.00155 ( 1)
 145 I   0.87550 0.06893 0.05376 0.00181 ( 1)
 146 A   0.01077 0.98247 0.00011 0.00666 ( 2)
 147 E   0.85921 0.13831 0.00170 0.00079 ( 1)
 148 F   0.92076 0.07750 0.00140 0.00034 ( 1)
 149 Y   0.93206 0.06518 0.00233 0.00042 ( 1)
 150 K   0.23661 0.42285 0.31264 0.02790 ( 2)
 151 R   0.97274 0.02536 0.00178 0.00012 ( 1)
 152 Q   0.99635 0.00132 0.00233 0.00001 ( 1)
 153 L   0.28869 0.69418 0.00666 0.01047 ( 2)
 154 K   0.95903 0.03882 0.00190 0.00025 ( 1)
 155 L   0.99632 0.00143 0.00224 0.00001 ( 1)
 156 T   0.98643 0.00713 0.00637 0.00007 ( 1)
 157 Q   0.25128 0.74250 0.00099 0.00522 ( 2)
 158 E   0.94121 0.00961 0.04903 0.00015 ( 1)
 159 Y   0.98925 0.00236 0.00835 0.00003 ( 1)
 160 T   0.98806 0.00977 0.00212 0.00005 ( 1)
 161 D   0.97524 0.02017 0.00444 0.00016 ( 1)
 162 H   0.99803 0.00069 0.00128 0.00000 ( 1)
 163 C   0.99697 0.00094 0.00209 0.00000 ( 1)
 164 V   0.90121 0.08816 0.00936 0.00127 ( 1)
 165 K   0.97071 0.00674 0.02248 0.00007 ( 1)
 166 W   0.97335 0.01674 0.00969 0.00022 ( 1)
 167 Y   0.99643 0.00133 0.00223 0.00001 ( 1)
 168 N   0.93712 0.06006 0.00250 0.00033 ( 1)
 169 V   0.81895 0.17546 0.00440 0.00120 ( 1)
 170 G   0.99671 0.00127 0.00201 0.00001 ( 1)
 171 L   0.99196 0.00410 0.00391 0.00003 ( 1)
 172 D   0.93542 0.04351 0.02065 0.00042 ( 1)
 173 K   0.05449 0.02348 0.91911 0.00292 ( 3)
 174 L   0.99196 0.00410 0.00391 0.00003 ( 1)
 175 R   0.99328 0.00489 0.00180 0.00002 ( 1)
 176 G   0.99624 0.00182 0.00192 0.00001 ( 1)
 177 S   0.98947 0.00619 0.00430 0.00005 ( 1)
 178 S   0.88835 0.10878 0.00205 0.00081 ( 1)
 179 Y   0.94820 0.04932 0.00221 0.00028 ( 1)
 180 E   0.95631 0.02112 0.02234 0.00023 ( 1)
 181 S   0.13106 0.85757 0.00080 0.01057 ( 2)
 182 W   0.97335 0.01674 0.00969 0.00022 ( 1)
 183 V   0.98195 0.00977 0.00815 0.00013 ( 1)
 184 N   0.76009 0.22754 0.01000 0.00237 ( 1)
 185 F   0.99456 0.00393 0.00149 0.00002 ( 1)
 186 N   0.95624 0.03908 0.00438 0.00030 ( 1)
 187 R   0.96668 0.03031 0.00284 0.00017 ( 1)
 188 Y   0.96231 0.02222 0.01518 0.00029 ( 1)
 189 R   0.94150 0.04253 0.01517 0.00080 ( 1)
 190 R   0.99737 0.00084 0.00178 0.00000 ( 1)
 191 E   0.99446 0.00285 0.00267 0.00002 ( 1)
 192 M   0.99787 0.00051 0.00162 0.00000 ( 1)
 193 T   0.99702 0.00105 0.00193 0.00001 ( 1)
 194 L   0.99077 0.00526 0.00393 0.00004 ( 1)
 195 T   0.99606 0.00141 0.00252 0.00001 ( 1)
 196 V   0.99646 0.00151 0.00203 0.00001 ( 1)
 197 L   0.99196 0.00410 0.00391 0.00003 ( 1)
 198 D   0.99672 0.00202 0.00125 0.00001 ( 1)
 199 L   0.93557 0.05775 0.00602 0.00066 ( 1)
 200 I   0.97858 0.01939 0.00193 0.00010 ( 1)
 201 A   0.78197 0.18244 0.03258 0.00301 ( 1)
 202 L   0.95442 0.01623 0.02865 0.00070 ( 1)
 203 F   0.99037 0.00361 0.00599 0.00004 ( 1)
 204 P   0.97395 0.02366 0.00227 0.00012 ( 1)
 205 L   0.02755 0.95902 0.00058 0.01285 ( 2)


lnL = -2593.868585

Bayes Empirical Bayes (BEB) probabilities for 4 classes (class)
(amino acids refer to 1st sequence: BT_Cry3Aa10)

   1 -   0.97781 0.01554 0.00630 0.00035 ( 1)
   2 -   0.97891 0.01570 0.00505 0.00034 ( 1)
   3 G   0.82608 0.12455 0.04636 0.00301 ( 1)
   4 G   0.98600 0.00278 0.01116 0.00005 ( 1)
   5 A   0.90538 0.08286 0.01024 0.00152 ( 1)
   6 L   0.96692 0.01874 0.01392 0.00042 ( 1)
   7 V   0.45012 0.05873 0.48863 0.00252 ( 3)
   8 S   0.69428 0.29465 0.00615 0.00493 ( 1)
   9 F   0.99292 0.00318 0.00386 0.00004 ( 1)
  10 Y   0.99358 0.00129 0.00511 0.00002 ( 1)
  11 T   0.33661 0.03216 0.62918 0.00205 ( 3)
  12 N   0.03316 0.37565 0.49028 0.10091 ( 3)
  13 F   0.97020 0.02524 0.00426 0.00030 ( 1)
  14 L   0.91454 0.05326 0.03030 0.00190 ( 1)
  15 N   0.98367 0.00749 0.00872 0.00012 ( 1)
  16 T   0.82284 0.05168 0.12339 0.00209 ( 1)
  17 I   0.97406 0.02054 0.00509 0.00031 ( 1)
  18 W   0.96757 0.01688 0.01518 0.00037 ( 1)
  19 P   0.99313 0.00140 0.00546 0.00002 ( 1)
  20 S   0.60321 0.38981 0.00264 0.00434 ( 1)
  21 E   0.93813 0.02206 0.03937 0.00043 ( 1)
  22 -   0.82017 0.13791 0.03572 0.00620 ( 1)
  23 -   0.41627 0.52418 0.04503 0.01452 ( 2)
  24 D   0.90039 0.09024 0.00795 0.00141 ( 1)
  25 P   0.96008 0.03321 0.00624 0.00047 ( 1)
  26 W   0.88157 0.10243 0.01376 0.00225 ( 1)
  27 K   0.97634 0.01529 0.00814 0.00024 ( 1)
  28 A   0.96189 0.03270 0.00499 0.00041 ( 1)
  29 F   0.99561 0.00057 0.00381 0.00001 ( 1)
  30 M   0.99502 0.00049 0.00448 0.00001 ( 1)
  31 E   0.86005 0.06993 0.06802 0.00199 ( 1)
  32 Q   0.99325 0.00129 0.00545 0.00002 ( 1)
  33 V   0.98980 0.00187 0.00830 0.00003 ( 1)
  34 E   0.99494 0.00092 0.00413 0.00001 ( 1)
  35 A   0.90379 0.04520 0.05001 0.00100 ( 1)
  36 L   0.95909 0.02174 0.01859 0.00058 ( 1)
  37 M   0.97975 0.01396 0.00606 0.00023 ( 1)
  38 D   0.99388 0.00269 0.00339 0.00003 ( 1)
  39 Q   0.82764 0.03570 0.13530 0.00136 ( 1)
  40 K   0.99497 0.00091 0.00410 0.00001 ( 1)
  41 I   0.99524 0.00086 0.00389 0.00001 ( 1)
  42 A   0.79655 0.02359 0.17884 0.00103 ( 1)
  43 D   0.94542 0.01351 0.04073 0.00033 ( 1)
  44 Y   0.99358 0.00129 0.00511 0.00002 ( 1)
  45 A   0.99253 0.00168 0.00577 0.00002 ( 1)
  46 K   0.99044 0.00527 0.00422 0.00007 ( 1)
  47 N   0.91930 0.03285 0.04717 0.00068 ( 1)
  48 K   0.95975 0.03585 0.00395 0.00046 ( 1)
  49 A   0.98414 0.01068 0.00504 0.00013 ( 1)
  50 L   0.15659 0.83164 0.00080 0.01096 ( 2)
  51 A   0.97924 0.01604 0.00452 0.00020 ( 1)
  52 E   0.93479 0.05660 0.00773 0.00088 ( 1)
  53 L   0.96033 0.03169 0.00748 0.00049 ( 1)
  54 Q   0.95958 0.02876 0.01114 0.00053 ( 1)
  55 G   0.95145 0.04139 0.00655 0.00061 ( 1)
  56 L   0.90171 0.09230 0.00483 0.00116 ( 1)
  57 Q   0.03979 0.94763 0.00025 0.01233 ( 2)
  58 N   0.98713 0.00961 0.00315 0.00011 ( 1)
  59 N   0.42666 0.56472 0.00139 0.00723 ( 2)
  60 V   0.03943 0.94302 0.00041 0.01715 ( 2)
  61 E   0.78758 0.20557 0.00403 0.00282 ( 1)
  62 D   0.07724 0.91257 0.00024 0.00996 ( 2)
  63 Y   0.98352 0.01128 0.00505 0.00015 ( 1)
  64 V   0.46923 0.52075 0.00269 0.00734 ( 2)
  65 S   0.73603 0.23100 0.02874 0.00423 ( 1)
  66 A   0.85900 0.12948 0.00910 0.00242 ( 1)
  67 L   0.69697 0.28876 0.00862 0.00565 ( 1)
  68 S   0.00349 0.95091 0.00035 0.04524 ( 2)
  69 S   0.65772 0.32420 0.01039 0.00769 ( 1)
  70 W   0.57050 0.41193 0.00872 0.00885 ( 1)
  71 Q   0.01887 0.95125 0.00060 0.02928 ( 2)
  72 K   0.95434 0.04113 0.00400 0.00053 ( 1)
  73 N   0.17518 0.12161 0.68591 0.01730 ( 3)
  74 P   0.99216 0.00174 0.00608 0.00002 ( 1)
  75 V   0.07652 0.86869 0.01179 0.04299 ( 2)
  76 S   0.72601 0.20632 0.06142 0.00625 ( 1)
  77 S   0.81648 0.12777 0.05233 0.00342 ( 1)
  78 R   0.98496 0.00547 0.00948 0.00009 ( 1)
  79 N   0.37420 0.57669 0.03674 0.01238 ( 2)
  80 P   0.01657 0.75220 0.05353 0.17770 ( 2)
  81 H   0.93842 0.04814 0.01191 0.00153 ( 1)
  82 S   0.78659 0.19827 0.01108 0.00405 ( 1)
  83 Q   0.97283 0.02072 0.00616 0.00030 ( 1)
  84 G   0.65266 0.22252 0.11622 0.00860 ( 1)
  85 R   0.93279 0.05556 0.01063 0.00103 ( 1)
  86 I   0.99203 0.00396 0.00396 0.00005 ( 1)
  87 R   0.99270 0.00169 0.00559 0.00002 ( 1)
  88 E   0.95294 0.04099 0.00548 0.00059 ( 1)
  89 L   0.92382 0.06833 0.00680 0.00105 ( 1)
  90 F   0.99561 0.00057 0.00381 0.00001 ( 1)
  91 S   0.84565 0.14768 0.00475 0.00191 ( 1)
  92 Q   0.89110 0.10258 0.00498 0.00133 ( 1)
  93 A   0.93946 0.05546 0.00440 0.00068 ( 1)
  94 E   0.99246 0.00332 0.00417 0.00004 ( 1)
  95 S   0.99368 0.00052 0.00579 0.00001 ( 1)
  96 H   0.97144 0.02475 0.00353 0.00027 ( 1)
  97 F   0.99561 0.00057 0.00381 0.00001 ( 1)
  98 R   0.83267 0.15968 0.00552 0.00213 ( 1)
  99 N   0.49908 0.48992 0.00430 0.00670 ( 1)
 100 S   0.94216 0.04089 0.01595 0.00100 ( 1)
 101 M   0.99502 0.00049 0.00448 0.00001 ( 1)
 102 P   0.98014 0.00509 0.01467 0.00011 ( 1)
 103 S   0.98043 0.00959 0.00981 0.00017 ( 1)
 104 F   0.99561 0.00057 0.00381 0.00001 ( 1)
 105 A   0.92465 0.06873 0.00563 0.00099 ( 1)
 106 I   0.97452 0.01951 0.00565 0.00031 ( 1)
 107 S   0.96495 0.02044 0.01414 0.00047 ( 1)
 108 G   0.36653 0.50598 0.10836 0.01913 ( 2)
 109 Y   0.77612 0.14933 0.06734 0.00721 ( 1)
 110 E   0.99318 0.00198 0.00481 0.00003 ( 1)
 111 V   0.99219 0.00170 0.00608 0.00003 ( 1)
 112 L   0.95822 0.02712 0.01406 0.00061 ( 1)
 113 F   0.99539 0.00077 0.00383 0.00001 ( 1)
 114 L   0.98719 0.00483 0.00790 0.00008 ( 1)
 115 T   0.90877 0.06962 0.02047 0.00114 ( 1)
 116 T   0.96986 0.02534 0.00450 0.00031 ( 1)
 117 Y   0.99358 0.00129 0.00511 0.00002 ( 1)
 118 A   0.98993 0.00546 0.00455 0.00007 ( 1)
 119 Q   0.85727 0.13598 0.00495 0.00180 ( 1)
 120 A   0.99282 0.00192 0.00523 0.00002 ( 1)
 121 A   0.98801 0.00611 0.00580 0.00008 ( 1)
 122 N   0.99188 0.00284 0.00524 0.00004 ( 1)
 123 I   0.78813 0.20579 0.00360 0.00248 ( 1)
 124 H   0.99297 0.00347 0.00352 0.00004 ( 1)
 125 L   0.81814 0.17289 0.00629 0.00268 ( 1)
 126 F   0.18215 0.79330 0.00447 0.02008 ( 2)
 127 L   0.96311 0.02756 0.00885 0.00049 ( 1)
 128 L   0.82603 0.16415 0.00701 0.00281 ( 1)
 129 K   0.98894 0.00676 0.00421 0.00009 ( 1)
 130 D   0.71226 0.28035 0.00366 0.00373 ( 1)
 131 A   0.93758 0.05698 0.00474 0.00071 ( 1)
 132 Q   0.59653 0.39522 0.00323 0.00502 ( 1)
 133 I   0.81392 0.13012 0.05305 0.00292 ( 1)
 134 Y   0.46974 0.50636 0.01256 0.01134 ( 2)
 135 G   0.92453 0.07000 0.00463 0.00084 ( 1)
 136 E   0.10605 0.88047 0.00046 0.01302 ( 2)
 137 E   0.68830 0.30485 0.00287 0.00398 ( 1)
 138 W   0.89139 0.09266 0.01392 0.00203 ( 1)
 139 G   0.98521 0.00971 0.00496 0.00012 ( 1)
 140 Y   0.02333 0.96397 0.00013 0.01258 ( 2)
 141 E   0.79656 0.19371 0.00500 0.00474 ( 1)
 142 K   0.13531 0.80983 0.01811 0.03675 ( 2)
 143 E   0.01929 0.96808 0.00012 0.01251 ( 2)
 144 D   0.62333 0.37047 0.00201 0.00419 ( 1)
 145 I   0.84746 0.07152 0.07831 0.00271 ( 1)
 146 A   0.00840 0.97809 0.00013 0.01338 ( 2)
 147 E   0.84208 0.15223 0.00371 0.00198 ( 1)
 148 F   0.91186 0.08364 0.00354 0.00096 ( 1)
 149 Y   0.92411 0.06980 0.00509 0.00100 ( 1)
 150 K   0.20138 0.41419 0.35041 0.03402 ( 2)
 151 R   0.96891 0.02619 0.00458 0.00032 ( 1)
 152 Q   0.99325 0.00129 0.00545 0.00002 ( 1)
 153 L   0.25966 0.71473 0.00865 0.01696 ( 2)
 154 K   0.95394 0.04121 0.00426 0.00058 ( 1)
 155 L   0.99322 0.00140 0.00536 0.00002 ( 1)
 156 T   0.98167 0.00708 0.01112 0.00013 ( 1)
 157 Q   0.22156 0.76592 0.00162 0.01090 ( 2)
 158 E   0.91732 0.00953 0.07292 0.00024 ( 1)
 159 Y   0.98406 0.00231 0.01358 0.00005 ( 1)
 160 T   0.98472 0.01008 0.00507 0.00013 ( 1)
 161 D   0.97014 0.02093 0.00860 0.00033 ( 1)
 162 H   0.99578 0.00067 0.00354 0.00001 ( 1)
 163 C   0.99385 0.00092 0.00522 0.00001 ( 1)
 164 V   0.89174 0.09168 0.01443 0.00215 ( 1)
 165 K   0.95344 0.00676 0.03967 0.00013 ( 1)
 166 W   0.96757 0.01688 0.01518 0.00037 ( 1)
 167 Y   0.99358 0.00129 0.00511 0.00002 ( 1)
 168 N   0.92771 0.06619 0.00526 0.00084 ( 1)
 169 V   0.79685 0.19243 0.00793 0.00279 ( 1)
 170 G   0.99373 0.00124 0.00501 0.00002 ( 1)
 171 L   0.98818 0.00405 0.00770 0.00006 ( 1)
 172 D   0.91632 0.04614 0.03671 0.00083 ( 1)
 173 K   0.04311 0.02085 0.93306 0.00297 ( 3)
 174 L   0.98818 0.00405 0.00770 0.00006 ( 1)
 175 R   0.99026 0.00500 0.00468 0.00006 ( 1)
 176 G   0.99325 0.00180 0.00493 0.00002 ( 1)
 177 S   0.98545 0.00617 0.00829 0.00010 ( 1)
 178 S   0.87629 0.11723 0.00467 0.00181 ( 1)
 179 Y   0.94115 0.05321 0.00494 0.00070 ( 1)
 180 E   0.93813 0.02206 0.03937 0.00043 ( 1)
 181 S   0.11318 0.86785 0.00114 0.01783 ( 2)
 182 W   0.96757 0.01688 0.01518 0.00037 ( 1)
 183 V   0.97638 0.00998 0.01341 0.00023 ( 1)
 184 N   0.73253 0.24655 0.01627 0.00465 ( 1)
 185 F   0.99210 0.00400 0.00385 0.00005 ( 1)
 186 N   0.95018 0.04073 0.00845 0.00064 ( 1)
 187 R   0.96146 0.03173 0.00639 0.00042 ( 1)
 188 Y   0.95215 0.02290 0.02444 0.00052 ( 1)
 189 R   0.93369 0.04311 0.02196 0.00124 ( 1)
 190 R   0.99452 0.00082 0.00465 0.00001 ( 1)
 191 E   0.99160 0.00279 0.00557 0.00004 ( 1)
 192 M   0.99502 0.00049 0.00448 0.00001 ( 1)
 193 T   0.99426 0.00102 0.00470 0.00001 ( 1)
 194 L   0.98697 0.00522 0.00772 0.00008 ( 1)
 195 T   0.99302 0.00138 0.00559 0.00002 ( 1)
 196 V   0.99388 0.00147 0.00463 0.00002 ( 1)
 197 L   0.98818 0.00405 0.00770 0.00006 ( 1)
 198 D   0.99482 0.00196 0.00320 0.00002 ( 1)
 199 L   0.92834 0.06032 0.01011 0.00122 ( 1)
 200 I   0.97513 0.02007 0.00454 0.00025 ( 1)
 201 A   0.75481 0.19041 0.04988 0.00490 ( 1)
 202 L   0.93848 0.01601 0.04440 0.00112 ( 1)
 203 F   0.98610 0.00353 0.01029 0.00007 ( 1)
 204 P   0.96964 0.02468 0.00538 0.00031 ( 1)
 205 L   0.02297 0.95569 0.00074 0.02059 ( 2)

