Supplemental results for CODEML (seqf: algn  treef: tree)


dN/dS (w) for site classes (K=4)

site class             0        1       2a       2b
proportion       0.53798  0.46202  0.00000  0.00000
background w     0.08310  1.00000  0.08310  1.00000
foreground w     0.08310  1.00000  1.00000  1.00000

Naive Empirical Bayes (NEB) probabilities for 4 classes
(amino acids refer to 1st sequence: BT_Cry7Aa1)

   1 -   0.53798 0.46202 0.00000 0.00000 ( 1)
   2 -   0.15370 0.84630 0.00000 0.00000 ( 2)
   3 -   0.78760 0.21240 0.00000 0.00000 ( 1)
   4 K   0.93039 0.06961 0.00000 0.00000 ( 1)
   5 I   0.78429 0.21571 0.00000 0.00000 ( 1)
   6 T   0.32071 0.67929 0.00000 0.00000 ( 2)
   7 K   0.05921 0.94079 0.00000 0.00000 ( 2)
   8 I   0.94073 0.05927 0.00000 0.00000 ( 1)
   9 P   0.84560 0.15440 0.00000 0.00000 ( 1)
  10 A   0.92484 0.07516 0.00000 0.00000 ( 1)
  11 V   0.90221 0.09779 0.00000 0.00000 ( 1)
  12 K   0.94384 0.05616 0.00000 0.00000 ( 1)
  13 M   0.41976 0.58024 0.00000 0.00000 ( 2)
  14 Y   0.89898 0.10102 0.00000 0.00000 ( 1)
  15 K   0.08993 0.91007 0.00000 0.00000 ( 2)
  16 L   0.80516 0.19484 0.00000 0.00000 ( 1)
  17 D   0.00007 0.99993 0.00000 0.00000 ( 2)
  18 D   0.00049 0.99951 0.00000 0.00000 ( 2)
  19 P   0.00260 0.99740 0.00000 0.00000 ( 2)
  20 S   0.04147 0.95853 0.00000 0.00000 ( 2)
  21 T   0.06255 0.93745 0.00000 0.00000 ( 2)
  22 V   0.49558 0.50442 0.00000 0.00000 ( 2)
  23 V   0.75478 0.24522 0.00000 0.00000 ( 1)
  24 K   0.94384 0.05616 0.00000 0.00000 ( 1)
  25 G   0.72700 0.27300 0.00000 0.00000 ( 1)
  26 P   0.86577 0.13423 0.00000 0.00000 ( 1)
  27 G   0.88880 0.11120 0.00000 0.00000 ( 1)
  28 F   0.45395 0.54605 0.00000 0.00000 ( 2)
  29 T   0.92493 0.07507 0.00000 0.00000 ( 1)
  30 G   0.91216 0.08784 0.00000 0.00000 ( 1)
  31 G   0.88880 0.11120 0.00000 0.00000 ( 1)
  32 D   0.95596 0.04404 0.00000 0.00000 ( 1)
  33 L   0.83062 0.16938 0.00000 0.00000 ( 1)
  34 V   0.93085 0.06915 0.00000 0.00000 ( 1)
  35 K   0.80104 0.19896 0.00000 0.00000 ( 1)
  36 R   0.92759 0.07241 0.00000 0.00000 ( 1)
  37 G   0.66226 0.33774 0.00000 0.00000 ( 1)
  38 S   0.94804 0.05196 0.00000 0.00000 ( 1)
  39 T   0.10468 0.89532 0.00000 0.00000 ( 2)
  40 G   0.91310 0.08690 0.00000 0.00000 ( 1)
  41 Y   0.04567 0.95433 0.00000 0.00000 ( 2)
  42 I   0.93782 0.06218 0.00000 0.00000 ( 1)
  43 G   0.88880 0.11120 0.00000 0.00000 ( 1)
  44 D   0.05314 0.94686 0.00000 0.00000 ( 2)
  45 I   0.07322 0.92678 0.00000 0.00000 ( 2)
  46 K   0.28125 0.71875 0.00000 0.00000 ( 2)
  47 A   0.46833 0.53167 0.00000 0.00000 ( 2)
  48 T   0.69132 0.30868 0.00000 0.00000 ( 1)
  49 V   0.92009 0.07991 0.00000 0.00000 ( 1)
  50 N   0.80294 0.19706 0.00000 0.00000 ( 1)
  51 S   0.81892 0.18108 0.00000 0.00000 ( 1)
  52 P   0.85238 0.14762 0.00000 0.00000 ( 1)
  53 L   0.88654 0.11346 0.00000 0.00000 ( 1)
  54 S   0.88358 0.11642 0.00000 0.00000 ( 1)
  55 Q   0.84660 0.15340 0.00000 0.00000 ( 1)
  56 K   0.58152 0.41848 0.00000 0.00000 ( 1)
  57 Y   0.89898 0.10102 0.00000 0.00000 ( 1)
  58 R   0.29681 0.70319 0.00000 0.00000 ( 2)
  59 V   0.82481 0.17519 0.00000 0.00000 ( 1)
  60 R   0.92759 0.07241 0.00000 0.00000 ( 1)
  61 V   0.93085 0.06915 0.00000 0.00000 ( 1)
  62 R   0.73317 0.26683 0.00000 0.00000 ( 1)
  63 Y   0.81843 0.18157 0.00000 0.00000 ( 1)
  64 A   0.68391 0.31609 0.00000 0.00000 ( 1)
  65 T   0.93535 0.06465 0.00000 0.00000 ( 1)
  66 N   0.60047 0.39953 0.00000 0.00000 ( 1)
  67 V   0.50044 0.49956 0.00000 0.00000 ( 1)
  68 S   0.38682 0.61318 0.00000 0.00000 ( 2)
  69 G   0.87166 0.12834 0.00000 0.00000 ( 1)
  70 Q   0.26487 0.73513 0.00000 0.00000 ( 2)
  71 F   0.22625 0.77375 0.00000 0.00000 ( 2)
  72 N   0.01073 0.98927 0.00000 0.00000 ( 2)
  73 V   0.67885 0.32115 0.00000 0.00000 ( 1)
  74 Y   0.00052 0.99948 0.00000 0.00000 ( 2)
  75 I   0.94073 0.05927 0.00000 0.00000 ( 1)
  76 N   0.56564 0.43436 0.00000 0.00000 ( 1)
  77 D   0.60295 0.39705 0.00000 0.00000 ( 1)
  78 K   0.52906 0.47094 0.00000 0.00000 ( 1)
  79 I   0.00342 0.99658 0.00000 0.00000 ( 2)
  80 T   0.30043 0.69957 0.00000 0.00000 ( 2)
  81 L   0.88654 0.11346 0.00000 0.00000 ( 1)
  82 Q   0.02391 0.97609 0.00000 0.00000 ( 2)
  83 T   0.00777 0.99223 0.00000 0.00000 ( 2)
  84 K   0.00024 0.99976 0.00000 0.00000 ( 2)
  85 F   0.88510 0.11490 0.00000 0.00000 ( 1)
  86 Q   0.39549 0.60451 0.00000 0.00000 ( 2)
  87 N   0.00727 0.99273 0.00000 0.00000 ( 2)
  88 T   0.91869 0.08131 0.00000 0.00000 ( 1)
  89 V   0.42985 0.57015 0.00000 0.00000 ( 2)
  90 E   0.07250 0.92750 0.00000 0.00000 ( 2)
  91 T   0.92493 0.07507 0.00000 0.00000 ( 1)
  92 I   0.93782 0.06218 0.00000 0.00000 ( 1)
  93 G   0.91310 0.08690 0.00000 0.00000 ( 1)
  94 E   0.93667 0.06333 0.00000 0.00000 ( 1)
  95 G   0.88880 0.11120 0.00000 0.00000 ( 1)
  96 K   0.52362 0.47638 0.00000 0.00000 ( 1)
  97 D   0.03593 0.96407 0.00000 0.00000 ( 2)
  98 L   0.28318 0.71682 0.00000 0.00000 ( 2)
  99 T   0.01473 0.98527 0.00000 0.00000 ( 2)
 100 -   0.53798 0.46202 0.00000 0.00000 ( 1)
 101 Y   0.05007 0.94993 0.00000 0.00000 ( 2)
 102 G   0.00523 0.99477 0.00000 0.00000 ( 2)
 103 S   0.02878 0.97122 0.00000 0.00000 ( 2)
 104 F   0.05744 0.94256 0.00000 0.00000 ( 2)
 105 G   0.04782 0.95218 0.00000 0.00000 ( 2)
 106 Y   0.89898 0.10102 0.00000 0.00000 ( 1)
 107 I   0.00531 0.99469 0.00000 0.00000 ( 2)
 108 E   0.92502 0.07498 0.00000 0.00000 ( 1)
 109 Y   0.89898 0.10102 0.00000 0.00000 ( 1)
 110 S   0.88358 0.11642 0.00000 0.00000 ( 1)
 111 T   0.68285 0.31715 0.00000 0.00000 ( 1)
 112 T   0.71532 0.28468 0.00000 0.00000 ( 1)
 113 I   0.94073 0.05927 0.00000 0.00000 ( 1)
 114 Q   0.84660 0.15340 0.00000 0.00000 ( 1)
 115 F   0.45889 0.54111 0.00000 0.00000 ( 2)
 116 P   0.00072 0.99928 0.00000 0.00000 ( 2)
 117 D   0.00536 0.99464 0.00000 0.00000 ( 2)
 118 -   0.53798 0.46202 0.00000 0.00000 ( 1)
 119 E   0.76705 0.23295 0.00000 0.00000 ( 1)
 120 H   0.89955 0.10045 0.00000 0.00000 ( 1)
 121 P   0.85238 0.14762 0.00000 0.00000 ( 1)
 122 -   0.53798 0.46202 0.00000 0.00000 ( 1)
 123 K   0.57081 0.42919 0.00000 0.00000 ( 1)
 124 I   0.79307 0.20693 0.00000 0.00000 ( 1)
 125 T   0.45863 0.54137 0.00000 0.00000 ( 2)
 126 L   0.00383 0.99617 0.00000 0.00000 ( 2)
 127 H   0.00035 0.99965 0.00000 0.00000 ( 2)
 128 L   0.30831 0.69169 0.00000 0.00000 ( 2)
 129 -   0.53798 0.46202 0.00000 0.00000 ( 1)
 130 S   0.00006 0.99994 0.00000 0.00000 ( 2)
 131 D   0.06091 0.93909 0.00000 0.00000 ( 2)
 132 L   0.14908 0.85092 0.00000 0.00000 ( 2)
 133 S   0.85990 0.14010 0.00000 0.00000 ( 1)
 134 N   0.00073 0.99927 0.00000 0.00000 ( 2)
 135 N   0.09973 0.90027 0.00000 0.00000 ( 2)
 136 S   0.03025 0.96975 0.00000 0.00000 ( 2)
 137 S   0.03192 0.96808 0.00000 0.00000 ( 2)
 138 F   0.44323 0.55677 0.00000 0.00000 ( 2)
 139 Y   0.89898 0.10102 0.00000 0.00000 ( 1)
 140 V   0.00350 0.99650 0.00000 0.00000 ( 2)
 141 D   0.01743 0.98257 0.00000 0.00000 ( 2)
 142 S   0.00206 0.99794 0.00000 0.00000 ( 2)
 143 I   0.79307 0.20693 0.00000 0.00000 ( 1)
 144 E   0.93667 0.06333 0.00000 0.00000 ( 1)
 145 F   0.88510 0.11490 0.00000 0.00000 ( 1)
 146 I   0.79307 0.20693 0.00000 0.00000 ( 1)
 147 P   0.78643 0.21357 0.00000 0.00000 ( 1)


lnL = -1469.916750

Bayes Empirical Bayes (BEB) probabilities for 4 classes (class)
(amino acids refer to 1st sequence: BT_Cry7Aa1)

   1 -   0.51095 0.43368 0.02996 0.02541 ( 1)
   2 -   0.15181 0.75636 0.04403 0.04780 ( 2)
   3 -   0.76153 0.20760 0.02222 0.00866 ( 1)
   4 K   0.90098 0.06907 0.02737 0.00258 ( 1)
   5 I   0.75354 0.20943 0.02802 0.00902 ( 1)
   6 T   0.30434 0.64959 0.01390 0.03218 ( 2)
   7 K   0.07712 0.83282 0.03181 0.05825 ( 2)
   8 I   0.91089 0.05890 0.02800 0.00221 ( 1)
   9 P   0.80734 0.14974 0.03580 0.00713 ( 1)
  10 A   0.89419 0.07439 0.02858 0.00283 ( 1)
  11 V   0.87142 0.09645 0.02840 0.00373 ( 1)
  12 K   0.91431 0.05586 0.02775 0.00208 ( 1)
  13 M   0.39161 0.57091 0.01398 0.02351 ( 2)
  14 Y   0.86690 0.09944 0.02970 0.00396 ( 1)
  15 K   0.10568 0.78631 0.04922 0.05879 ( 2)
  16 L   0.76691 0.18787 0.03562 0.00960 ( 1)
  17 D   0.00027 0.53999 0.02551 0.43423 ( 2)
  18 D   0.00221 0.83341 0.01042 0.15397 ( 2)
  19 P   0.00761 0.94228 0.00038 0.04973 ( 2)
  20 S   0.05527 0.82426 0.03609 0.08438 ( 2)
  21 T   0.08665 0.87622 0.00283 0.03430 ( 2)
  22 V   0.28415 0.30080 0.37959 0.03546 ( 3)
  23 V   0.72445 0.23726 0.02791 0.01037 ( 1)
  24 K   0.91431 0.05586 0.02775 0.00208 ( 1)
  25 G   0.70041 0.26451 0.02445 0.01063 ( 1)
  26 P   0.83277 0.13137 0.03042 0.00544 ( 1)
  27 G   0.85648 0.10927 0.02987 0.00439 ( 1)
  28 F   0.42215 0.54339 0.01364 0.02082 ( 2)
  29 T   0.89412 0.07430 0.02873 0.00285 ( 1)
  30 G   0.88093 0.08671 0.02900 0.00335 ( 1)
  31 G   0.85648 0.10927 0.02987 0.00439 ( 1)
  32 D   0.92787 0.04399 0.02657 0.00157 ( 1)
  33 L   0.79672 0.16481 0.03129 0.00719 ( 1)
  34 V   0.90045 0.06854 0.02841 0.00260 ( 1)
  35 K   0.76666 0.19269 0.03188 0.00876 ( 1)
  36 R   0.89730 0.07174 0.02827 0.00270 ( 1)
  37 G   0.63034 0.32149 0.03150 0.01667 ( 1)
  38 S   0.91949 0.05176 0.02689 0.00185 ( 1)
  39 T   0.13145 0.83495 0.00383 0.02978 ( 2)
  40 G   0.88198 0.08581 0.02890 0.00330 ( 1)
  41 Y   0.06668 0.89415 0.00240 0.03676 ( 2)
  42 I   0.90771 0.06173 0.02822 0.00234 ( 1)
  43 G   0.85648 0.10927 0.02987 0.00439 ( 1)
  44 D   0.07516 0.88013 0.00326 0.04145 ( 2)
  45 I   0.08659 0.77895 0.05808 0.07638 ( 2)
  46 K   0.27218 0.68548 0.01130 0.03103 ( 2)
  47 A   0.43474 0.53128 0.01369 0.02029 ( 2)
  48 T   0.65855 0.29483 0.03174 0.01489 ( 1)
  49 V   0.88897 0.07900 0.02897 0.00306 ( 1)
  50 N   0.76894 0.19100 0.03150 0.00856 ( 1)
  51 S   0.78482 0.17588 0.03151 0.00780 ( 1)
  52 P   0.81900 0.14416 0.03076 0.00608 ( 1)
  53 L   0.85417 0.11145 0.02990 0.00448 ( 1)
  54 S   0.85101 0.11428 0.03007 0.00463 ( 1)
  55 Q   0.81310 0.14966 0.03088 0.00636 ( 1)
  56 K   0.53542 0.43230 0.01620 0.01607 ( 1)
  57 Y   0.86690 0.09944 0.02970 0.00396 ( 1)
  58 R   0.28689 0.67530 0.01023 0.02758 ( 2)
  59 V   0.78445 0.16895 0.03802 0.00857 ( 1)
  60 R   0.89730 0.07174 0.02827 0.00270 ( 1)
  61 V   0.90045 0.06854 0.02841 0.00260 ( 1)
  62 R   0.69963 0.25621 0.03178 0.01238 ( 1)
  63 Y   0.78862 0.17731 0.02701 0.00706 ( 1)
  64 A   0.65122 0.30159 0.03181 0.01538 ( 1)
  65 T   0.90528 0.06415 0.02815 0.00241 ( 1)
  66 N   0.55367 0.41584 0.01560 0.01490 ( 1)
  67 V   0.46277 0.50353 0.01456 0.01914 ( 2)
  68 S   0.36369 0.59927 0.01281 0.02423 ( 2)
  69 G   0.83978 0.12589 0.02928 0.00505 ( 1)
  70 Q   0.25894 0.70150 0.00981 0.02975 ( 2)
  71 F   0.22518 0.73399 0.00882 0.03200 ( 2)
  72 N   0.01908 0.93143 0.00095 0.04853 ( 2)
  73 V   0.64642 0.30629 0.03165 0.01565 ( 1)
  74 Y   0.00281 0.96185 0.00008 0.03526 ( 2)
  75 I   0.91089 0.05890 0.02800 0.00221 ( 1)
  76 N   0.52092 0.44640 0.01604 0.01664 ( 1)
  77 D   0.55459 0.41270 0.01719 0.01552 ( 1)
  78 K   0.48842 0.47897 0.01477 0.01784 ( 1)
  79 I   0.00968 0.94120 0.00048 0.04865 ( 2)
  80 T   0.29060 0.67431 0.00930 0.02579 ( 2)
  81 L   0.85417 0.11145 0.02990 0.00448 ( 1)
  82 Q   0.03798 0.91097 0.00200 0.04905 ( 2)
  83 T   0.02001 0.94447 0.00060 0.03492 ( 2)
  84 K   0.00130 0.88612 0.00107 0.11151 ( 2)
  85 F   0.84394 0.11168 0.03892 0.00546 ( 1)
  86 Q   0.37219 0.59402 0.01147 0.02232 ( 2)
  87 N   0.01714 0.86996 0.01261 0.10029 ( 2)
  88 T   0.88885 0.08048 0.02764 0.00303 ( 1)
  89 V   0.40123 0.56393 0.01303 0.02181 ( 2)
  90 E   0.09789 0.86666 0.00302 0.03243 ( 2)
  91 T   0.89412 0.07430 0.02873 0.00285 ( 1)
  92 I   0.90771 0.06173 0.02822 0.00234 ( 1)
  93 G   0.88198 0.08581 0.02890 0.00330 ( 1)
  94 E   0.90673 0.06287 0.02804 0.00236 ( 1)
  95 G   0.85648 0.10927 0.02987 0.00439 ( 1)
  96 K   0.48359 0.48374 0.01463 0.01804 ( 2)
  97 D   0.05697 0.90922 0.00162 0.03218 ( 2)
  98 L   0.27433 0.68509 0.01075 0.02983 ( 2)
  99 T   0.02496 0.92707 0.00120 0.04677 ( 2)
 100 -   0.51095 0.43368 0.02996 0.02541 ( 1)
 101 Y   0.07222 0.89009 0.00246 0.03523 ( 2)
 102 G   0.01424 0.95122 0.00041 0.03414 ( 2)
 103 S   0.04501 0.91288 0.00180 0.04031 ( 2)
 104 F   0.08105 0.88274 0.00261 0.03360 ( 2)
 105 G   0.06955 0.89241 0.00241 0.03562 ( 2)
 106 Y   0.86690 0.09944 0.02970 0.00396 ( 1)
 107 I   0.01441 0.94940 0.00045 0.03575 ( 2)
 108 E   0.89523 0.07430 0.02769 0.00278 ( 1)
 109 Y   0.86690 0.09944 0.02970 0.00396 ( 1)
 110 S   0.85101 0.11428 0.03007 0.00463 ( 1)
 111 T   0.65031 0.30262 0.03167 0.01540 ( 1)
 112 T   0.68735 0.27483 0.02603 0.01179 ( 1)
 113 I   0.91089 0.05890 0.02800 0.00221 ( 1)
 114 Q   0.81310 0.14966 0.03088 0.00636 ( 1)
 115 F   0.42644 0.53918 0.01377 0.02061 ( 2)
 116 P   0.00241 0.94626 0.00013 0.05120 ( 2)
 117 D   0.01454 0.95130 0.00041 0.03375 ( 2)
 118 -   0.51095 0.43368 0.02996 0.02541 ( 1)
 119 E   0.73314 0.22468 0.03171 0.01047 ( 1)
 120 H   0.86898 0.09905 0.02818 0.00379 ( 1)
 121 P   0.81900 0.14416 0.03076 0.00608 ( 1)
 122 -   0.51095 0.43368 0.02996 0.02541 ( 1)
 123 K   0.52574 0.44193 0.01590 0.01643 ( 1)
 124 I   0.76647 0.20223 0.02368 0.00762 ( 1)
 125 T   0.42477 0.53784 0.01529 0.02209 ( 2)
 126 L   0.01086 0.95073 0.00038 0.03803 ( 2)
 127 H   0.00193 0.96135 0.00006 0.03665 ( 2)
 128 L   0.29582 0.66369 0.01159 0.02890 ( 2)
 129 -   0.51095 0.43368 0.02996 0.02541 ( 1)
 130 S   0.00044 0.95671 0.00002 0.04283 ( 2)
 131 D   0.08522 0.87932 0.00257 0.03290 ( 2)
 132 L   0.15515 0.79712 0.00748 0.04025 ( 2)
 133 S   0.82079 0.13601 0.03671 0.00649 ( 1)
 134 N   0.00266 0.95882 0.00009 0.03844 ( 2)
 135 N   0.12606 0.83767 0.00405 0.03222 ( 2)
 136 S   0.04708 0.91430 0.00166 0.03697 ( 2)
 137 S   0.04932 0.91055 0.00185 0.03829 ( 2)
 138 F   0.41294 0.55261 0.01334 0.02112 ( 2)
 139 Y   0.86690 0.09944 0.02970 0.00396 ( 1)
 140 V   0.01001 0.95348 0.00031 0.03620 ( 2)
 141 D   0.03572 0.93034 0.00102 0.03292 ( 2)
 142 S   0.00607 0.92661 0.00060 0.06672 ( 2)
 143 I   0.76647 0.20223 0.02368 0.00762 ( 1)
 144 E   0.90673 0.06287 0.02804 0.00236 ( 1)
 145 F   0.84394 0.11168 0.03892 0.00546 ( 1)
 146 I   0.76647 0.20223 0.02368 0.00762 ( 1)
 147 P   0.74118 0.20345 0.04345 0.01192 ( 1)

