Supplemental results for CODEML (seqf: algn  treef: tree)


dN/dS (w) for site classes (K=4)

site class             0        1       2a       2b
proportion       0.00000  0.00000  0.56065  0.43935
background w     0.07343  1.00000  0.07343  1.00000
foreground w     0.07343  1.00000  1.00000  1.00000

Naive Empirical Bayes (NEB) probabilities for 4 classes
(amino acids refer to 1st sequence: BT_Cry14Aa1)

   1 -   0.00000 0.00000 0.49009 0.50991 ( 4)
   2 L   0.00000 0.00000 0.93715 0.06285 ( 3)
   3 K   0.00000 0.00000 0.91356 0.08644 ( 3)
   4 G   0.00000 0.00000 0.98094 0.01906 ( 3)
   5 I   0.00000 0.00000 0.94219 0.05781 ( 3)
   6 P   0.00000 0.00000 0.99209 0.00791 ( 3)
   7 A   0.00000 0.00000 0.99946 0.00054 ( 3)
   8 E   0.00000 0.00000 0.99865 0.00135 ( 3)
   9 K   0.00000 0.00000 0.99932 0.00068 ( 3)
  10 G   0.00000 0.00000 0.59195 0.40805 ( 3)
  11 Y   0.00000 0.00000 0.98495 0.01505 ( 3)
  12 F   0.00000 0.00000 0.00247 0.99753 ( 4)
  13 P   0.00000 0.00000 0.40597 0.59403 ( 4)
  14 N   0.00000 0.00000 0.94959 0.05041 ( 3)
  15 N   0.00000 0.00000 0.63208 0.36791 ( 3)
  16 A   0.00000 0.00000 0.00619 0.99381 ( 4)
  17 R   0.00000 0.00000 0.01004 0.98996 ( 4)
  18 P   0.00000 0.00000 0.09886 0.90114 ( 4)
  19 T   0.00000 0.00000 0.02401 0.97599 ( 4)
  20 V   0.00000 0.00000 0.90855 0.09145 ( 3)
  21 V   0.00000 0.00000 0.99713 0.00287 ( 3)
  22 K   0.00000 0.00000 0.03316 0.96684 ( 4)
  23 -   0.00000 0.00000 0.56065 0.43935 ( 3)
  24 E   0.00000 0.00000 0.99441 0.00559 ( 3)
  25 W   0.00000 0.00000 0.02243 0.97757 ( 4)
  26 I   0.00000 0.00000 0.55438 0.44562 ( 3)
  27 N   0.00000 0.00000 0.99699 0.00300 ( 3)
  28 G   0.00000 0.00000 0.99985 0.00014 ( 3)
  29 A   0.00000 0.00000 0.84858 0.15142 ( 3)
  30 S   0.00000 0.00000 0.96966 0.03034 ( 3)
  31 A   0.00000 0.00000 0.89598 0.10402 ( 3)
  32 V   0.00000 0.00000 0.46171 0.53829 ( 4)
  33 P   0.00000 0.00000 0.51434 0.48566 ( 3)
  34 F   0.00000 0.00000 0.89089 0.10911 ( 3)
  35 Y   0.00000 0.00000 0.00616 0.99384 ( 4)
  36 S   0.00000 0.00000 0.28481 0.71519 ( 4)
  37 G   0.00000 0.00000 0.01106 0.98894 ( 4)
  38 N   0.00000 0.00000 0.00706 0.99294 ( 4)
  39 T   0.00000 0.00000 0.03426 0.96574 ( 4)
  40 L   0.00000 0.00000 0.71862 0.28138 ( 3)
  41 F   0.00000 0.00000 0.00002 0.99998 ( 4)
  42 M   0.00000 0.00000 0.19292 0.80708 ( 4)
  43 T   0.00000 0.00000 0.00199 0.99801 ( 4)
  44 A   0.00000 0.00000 0.98846 0.01154 ( 3)
  45 T   0.00000 0.00000 0.91728 0.08272 ( 3)
  46 -   0.00000 0.00000 0.57414 0.42586 ( 3)
  47 -   0.00000 0.00000 0.64010 0.35990 ( 3)
  48 -   0.00000 0.00000 0.61815 0.38185 ( 3)
  49 -   0.00000 0.00000 0.64477 0.35523 ( 3)
  50 -   0.00000 0.00000 0.63728 0.36272 ( 3)
  51 -   0.00000 0.00000 0.63385 0.36615 ( 3)
  52 -   0.00000 0.00000 0.57912 0.42088 ( 3)
  53 -   0.00000 0.00000 0.63530 0.36470 ( 3)
  54 N   0.00000 0.00000 0.99742 0.00258 ( 3)
  55 L   0.00000 0.00000 0.18077 0.81923 ( 4)
  56 T   0.00000 0.00000 0.99499 0.00501 ( 3)
  57 A   0.00000 0.00000 0.72424 0.27576 ( 3)
  58 T   0.00000 0.00000 0.83570 0.16430 ( 3)
  59 Q   0.00000 0.00000 0.98593 0.01407 ( 3)
  60 Y   0.00000 0.00000 0.99800 0.00200 ( 3)
  61 K   0.00000 0.00000 0.03006 0.96994 ( 4)
  62 I   0.00000 0.00000 0.96457 0.03543 ( 3)
  63 R   0.00000 0.00000 0.99782 0.00218 ( 3)
  64 I   0.00000 0.00000 0.93483 0.06517 ( 3)
  65 R   0.00000 0.00000 0.99995 0.00005 ( 3)
  66 Y   0.00000 0.00000 0.99972 0.00028 ( 3)
  67 A   0.00000 0.00000 0.99957 0.00043 ( 3)
  68 -   0.00000 0.00000 0.71211 0.28789 ( 3)
  69 N   0.00000 0.00000 0.07960 0.92040 ( 4)
  70 P   0.00000 0.00000 0.00083 0.99917 ( 4)
  71 N   0.00000 0.00000 0.96483 0.03517 ( 3)
  72 S   0.00000 0.00000 0.86818 0.13182 ( 3)
  73 D   0.00000 0.00000 0.02315 0.97685 ( 4)
  74 T   0.00000 0.00000 0.96225 0.03775 ( 3)
  75 Q   0.00000 0.00000 0.90106 0.09894 ( 3)
  76 I   0.00000 0.00000 0.58913 0.41087 ( 3)
  77 G   0.00000 0.00000 0.01794 0.98206 ( 4)
  78 V   0.00000 0.00000 0.53608 0.46391 ( 3)
  79 L   0.00000 0.00000 0.01972 0.98028 ( 4)
  80 I   0.00000 0.00000 0.90133 0.09867 ( 3)
  81 T   0.00000 0.00000 0.14005 0.85995 ( 4)
  82 Q   0.00000 0.00000 0.19955 0.80045 ( 4)
  83 N   0.00000 0.00000 0.81453 0.18547 ( 3)
  84 G   0.00000 0.00000 0.04473 0.95527 ( 4)
  85 S   0.00000 0.00000 0.63518 0.36482 ( 3)
  86 Q   0.00000 0.00000 0.03498 0.96502 ( 4)
  87 I   0.00000 0.00000 0.04242 0.95758 ( 4)
  88 S   0.00000 0.00000 0.00668 0.99332 ( 4)
  89 N   0.00000 0.00000 0.03935 0.96065 ( 4)
  90 S   0.00000 0.00000 0.00784 0.99216 ( 4)
  91 N   0.00000 0.00000 0.03012 0.96988 ( 4)
  92 L   0.00000 0.00000 0.00784 0.99216 ( 4)
  93 T   0.00000 0.00000 0.91588 0.08412 ( 3)
  94 L   0.00000 0.00000 0.78920 0.21080 ( 3)
  95 Y   0.00000 0.00000 0.10992 0.89008 ( 4)
  96 S   0.00000 0.00000 0.99656 0.00344 ( 3)
  97 T   0.00000 0.00000 0.01294 0.98706 ( 4)
  98 T   0.00000 0.00000 0.10916 0.89084 ( 4)
  99 D   0.00000 0.00000 0.02517 0.97483 ( 4)
 100 S   0.00000 0.00000 0.02180 0.97820 ( 4)
 101 S   0.00000 0.00000 0.08702 0.91298 ( 4)
 102 M   0.00000 0.00000 0.07262 0.92738 ( 4)
 103 S   0.00000 0.00000 0.00083 0.99917 ( 4)
 104 S   0.00000 0.00000 0.05002 0.94998 ( 4)
 105 N   0.00000 0.00000 0.00488 0.99512 ( 4)
 106 L   0.00000 0.00000 0.71387 0.28613 ( 3)
 107 P   0.00000 0.00000 0.00215 0.99785 ( 4)
 108 Q   0.00000 0.00000 0.21897 0.78103 ( 4)
 109 N   0.00000 0.00000 0.57990 0.42010 ( 3)
 110 V   0.00000 0.00000 0.99198 0.00802 ( 3)
 111 Y   0.00000 0.00000 0.97812 0.02188 ( 3)
 112 V   0.00000 0.00000 0.43204 0.56796 ( 4)
 113 T   0.00000 0.00000 0.33285 0.66715 ( 4)
 114 G   0.00000 0.00000 0.99681 0.00319 ( 3)
 115 E   0.00000 0.00000 0.16472 0.83528 ( 4)
 116 N   0.00000 0.00000 0.99753 0.00247 ( 3)
 117 G   0.00000 0.00000 0.99774 0.00226 ( 3)
 118 N   0.00000 0.00000 0.99445 0.00555 ( 3)
 119 Y   0.00000 0.00000 0.99986 0.00014 ( 3)
 120 T   0.00000 0.00000 0.94378 0.05622 ( 3)
 121 L   0.00000 0.00000 0.79695 0.20305 ( 3)
 122 L   0.00000 0.00000 0.00161 0.99839 ( 4)
 123 D   0.00000 0.00000 0.01370 0.98630 ( 4)
 124 L   0.00000 0.00000 0.98364 0.01636 ( 3)
 125 Y   0.00000 0.00000 0.00110 0.99889 ( 4)
 126 S   0.00000 0.00000 0.80042 0.19958 ( 3)
 127 T   0.00000 0.00000 0.85772 0.14228 ( 3)
 128 T   0.00000 0.00000 0.97655 0.02345 ( 3)
 129 N   0.00000 0.00000 0.98749 0.01251 ( 3)
 130 V   0.00000 0.00000 0.49826 0.50174 ( 4)
 131 L   0.00000 0.00000 0.97700 0.02300 ( 3)
 132 S   0.00000 0.00000 0.99508 0.00492 ( 3)
 133 T   0.00000 0.00000 0.07715 0.92285 ( 4)
 134 G   0.00000 0.00000 0.42687 0.57313 ( 4)
 135 D   0.00000 0.00000 0.00693 0.99307 ( 4)
 136 I   0.00000 0.00000 0.79621 0.20379 ( 3)
 137 T   0.00000 0.00000 0.68041 0.31959 ( 3)
 138 L   0.00000 0.00000 0.11775 0.88225 ( 4)
 139 K   0.00000 0.00000 0.68701 0.31299 ( 3)
 140 L   0.00000 0.00000 0.01301 0.98699 ( 4)
 141 T   0.00000 0.00000 0.71207 0.28793 ( 3)
 142 G   0.00000 0.00000 0.02810 0.97190 ( 4)
 143 G   0.00000 0.00000 0.26810 0.73190 ( 4)
 144 -   0.00000 0.00000 0.56065 0.43935 ( 3)
 145 N   0.00000 0.00000 0.00115 0.99885 ( 4)
 146 Q   0.00000 0.00000 0.99665 0.00335 ( 3)
 147 K   0.00000 0.00000 0.97643 0.02357 ( 3)
 148 I   0.00000 0.00000 0.97803 0.02197 ( 3)
 149 F   0.00000 0.00000 0.98534 0.01466 ( 3)
 150 I   0.00000 0.00000 0.97147 0.02853 ( 3)
 151 D   0.00000 0.00000 0.99963 0.00037 ( 3)
 152 R   0.00000 0.00000 0.99675 0.00325 ( 3)
 153 I   0.00000 0.00000 0.99763 0.00237 ( 3)
 154 E   0.00000 0.00000 0.99979 0.00021 ( 3)
 155 F   0.00000 0.00000 0.99970 0.00030 ( 3)
 156 I   0.00000 0.00000 0.74371 0.25629 ( 3)
 157 -   0.00000 0.00000 0.61462 0.38538 ( 3)


lnL = -2451.370410

Bayes Empirical Bayes (BEB) probabilities for 4 classes (class)
(amino acids refer to 1st sequence: BT_Cry14Aa1)

   1 -   0.28086 0.45687 0.09968 0.16259 ( 2)
   2 L   0.67353 0.07037 0.23170 0.02440 ( 1)
   3 K   0.65705 0.09341 0.21780 0.03174 ( 1)
   4 G   0.72320 0.02349 0.24525 0.00806 ( 1)
   5 I   0.70653 0.04525 0.23289 0.01533 ( 1)
   6 P   0.74155 0.00586 0.25059 0.00201 ( 1)
   7 A   0.74823 0.00023 0.25146 0.00008 ( 1)
   8 E   0.74911 0.00095 0.24962 0.00032 ( 1)
   9 K   0.75067 0.00029 0.24894 0.00010 ( 1)
  10 G   0.29668 0.44861 0.10033 0.15439 ( 2)
  11 Y   0.73366 0.01475 0.24655 0.00504 ( 1)
  12 F   0.00045 0.74587 0.00015 0.25353 ( 2)
  13 P   0.19000 0.55564 0.06383 0.19053 ( 2)
  14 N   0.72039 0.03285 0.23569 0.01107 ( 1)
  15 N   0.26614 0.48430 0.08645 0.16311 ( 2)
  16 A   0.00144 0.73789 0.00050 0.26017 ( 2)
  17 R   0.00158 0.74238 0.00053 0.25551 ( 2)
  18 P   0.01904 0.72609 0.00637 0.24851 ( 2)
  19 T   0.00404 0.74371 0.00132 0.25093 ( 2)
  20 V   0.61629 0.13394 0.20431 0.04545 ( 1)
  21 V   0.74712 0.00185 0.25040 0.00063 ( 1)
  22 K   0.00691 0.74024 0.00226 0.25059 ( 2)
  23 -   0.37271 0.36502 0.13241 0.12986 ( 1)
  24 E   0.74360 0.00643 0.24778 0.00219 ( 1)
  25 W   0.00485 0.73405 0.00170 0.25940 ( 2)
  26 I   0.27071 0.47859 0.08865 0.16205 ( 2)
  27 N   0.75178 0.00188 0.24570 0.00063 ( 1)
  28 G   0.74886 0.00006 0.25106 0.00002 ( 1)
  29 A   0.58262 0.16524 0.19564 0.05650 ( 1)
  30 S   0.71580 0.03636 0.23559 0.01225 ( 1)
  31 A   0.60219 0.14752 0.20016 0.05013 ( 1)
  32 V   0.28922 0.45794 0.09643 0.15640 ( 2)
  33 P   0.19712 0.54738 0.06676 0.18875 ( 2)
  34 F   0.56056 0.11812 0.27695 0.04437 ( 1)
  35 Y   0.00017 0.71475 0.00105 0.28403 ( 2)
  36 S   0.07533 0.66775 0.02564 0.23127 ( 2)
  37 G   0.00157 0.74303 0.00053 0.25488 ( 2)
  38 N   0.00111 0.74772 0.00036 0.25082 ( 2)
  39 T   0.00744 0.73180 0.00260 0.25816 ( 2)
  40 L   0.42594 0.31746 0.14629 0.11030 ( 1)
  41 F   0.00000 0.74632 0.00000 0.25368 ( 2)
  42 M   0.03103 0.71419 0.01039 0.24439 ( 2)
  43 T   0.00029 0.73922 0.00010 0.26039 ( 2)
  44 A   0.73598 0.01418 0.24502 0.00481 ( 1)
  45 T   0.65477 0.08520 0.23006 0.02997 ( 1)
  46 -   0.38300 0.35473 0.13608 0.12619 ( 1)
  47 -   0.43431 0.30342 0.15437 0.10790 ( 1)
  48 -   0.41704 0.32069 0.14821 0.11406 ( 1)
  49 -   0.43803 0.29970 0.15570 0.10657 ( 1)
  50 -   0.43209 0.30564 0.15358 0.10869 ( 1)
  51 -   0.42936 0.30837 0.15260 0.10967 ( 1)
  52 -   0.38682 0.35091 0.13744 0.12483 ( 1)
  53 -   0.43051 0.30722 0.15301 0.10926 ( 1)
  54 N   0.75209 0.00158 0.24580 0.00053 ( 1)
  55 L   0.06020 0.68245 0.02055 0.23680 ( 2)
  56 T   0.74617 0.00348 0.24916 0.00118 ( 1)
  57 A   0.41674 0.33210 0.13826 0.11290 ( 1)
  58 T   0.53037 0.22016 0.17485 0.07462 ( 1)
  59 Q   0.72957 0.01571 0.24930 0.00542 ( 1)
  60 Y   0.74717 0.00129 0.25109 0.00044 ( 1)
  61 K   0.00461 0.71301 0.00393 0.27846 ( 2)
  62 I   0.71595 0.03589 0.23601 0.01215 ( 1)
  63 R   0.74837 0.00127 0.24992 0.00043 ( 1)
  64 I   0.69456 0.05565 0.23086 0.01893 ( 1)
  65 R   0.74604 0.00002 0.25393 0.00001 ( 1)
  66 Y   0.74834 0.00013 0.25149 0.00004 ( 1)
  67 A   0.74828 0.00018 0.25148 0.00006 ( 1)
  68 -   0.46252 0.27521 0.16442 0.09785 ( 1)
  69 N   0.03315 0.71588 0.01068 0.24029 ( 2)
  70 P   0.00008 0.74390 0.00003 0.25599 ( 2)
  71 N   0.70118 0.05209 0.22917 0.01756 ( 1)
  72 S   0.56139 0.18278 0.19249 0.06335 ( 1)
  73 D   0.00095 0.71769 0.00504 0.27632 ( 2)
  74 T   0.70296 0.04844 0.23220 0.01640 ( 1)
  75 Q   0.62430 0.12066 0.21338 0.04166 ( 1)
  76 I   0.37269 0.36684 0.13096 0.12951 ( 1)
  77 G   0.00354 0.74269 0.00117 0.25259 ( 2)
  78 V   0.20352 0.54328 0.06776 0.18543 ( 2)
  79 L   0.00203 0.71051 0.00206 0.28541 ( 2)
  80 I   0.63526 0.11613 0.20927 0.03935 ( 1)
  81 T   0.03344 0.71312 0.01106 0.24238 ( 2)
  82 Q   0.05538 0.68829 0.01876 0.23757 ( 2)
  83 N   0.55776 0.19451 0.18212 0.06560 ( 1)
  84 G   0.01064 0.73560 0.00353 0.25024 ( 2)
  85 S   0.39923 0.34724 0.13442 0.11911 ( 1)
  86 Q   0.00519 0.70501 0.00494 0.28486 ( 2)
  87 I   0.01223 0.73560 0.00398 0.24820 ( 2)
  88 S   0.00079 0.73785 0.00028 0.26109 ( 2)
  89 N   0.00169 0.71474 0.00826 0.27531 ( 2)
  90 S   0.00141 0.74725 0.00046 0.25088 ( 2)
  91 N   0.00928 0.73959 0.00299 0.24813 ( 2)
  92 L   0.00126 0.74132 0.00043 0.25699 ( 2)
  93 T   0.62718 0.12189 0.20938 0.04155 ( 1)
  94 L   0.48940 0.25775 0.16457 0.08828 ( 1)
  95 Y   0.02772 0.71809 0.00922 0.24497 ( 2)
  96 S   0.75010 0.00224 0.24690 0.00076 ( 1)
  97 T   0.00209 0.74565 0.00068 0.25158 ( 2)
  98 T   0.04003 0.70791 0.01305 0.23901 ( 2)
  99 D   0.00461 0.74410 0.00149 0.24980 ( 2)
 100 S   0.00522 0.73251 0.00184 0.26043 ( 2)
 101 S   0.02196 0.71577 0.00776 0.25451 ( 2)
 102 M   0.01561 0.72956 0.00522 0.24960 ( 2)
 103 S   0.00004 0.72086 0.00012 0.27898 ( 2)
 104 S   0.00693 0.70871 0.01186 0.27250 ( 2)
 105 N   0.00071 0.71713 0.00031 0.28185 ( 2)
 106 L   0.38790 0.35535 0.13327 0.12348 ( 1)
 107 P   0.00026 0.74373 0.00009 0.25593 ( 2)
 108 Q   0.01086 0.65837 0.07490 0.25587 ( 2)
 109 N   0.23332 0.51698 0.07565 0.17405 ( 2)
 110 V   0.73658 0.01224 0.24701 0.00417 ( 1)
 111 Y   0.72540 0.02298 0.24378 0.00785 ( 1)
 112 V   0.16243 0.58414 0.05412 0.19931 ( 2)
 113 T   0.05509 0.61765 0.09709 0.23018 ( 2)
 114 G   0.74286 0.00364 0.25225 0.00125 ( 1)
 115 E   0.04560 0.70134 0.01503 0.23802 ( 2)
 116 N   0.75216 0.00151 0.24583 0.00051 ( 1)
 117 G   0.74451 0.00224 0.25249 0.00077 ( 1)
 118 N   0.74996 0.00366 0.24514 0.00123 ( 1)
 119 Y   0.74841 0.00006 0.25151 0.00002 ( 1)
 120 T   0.66057 0.08850 0.22077 0.03016 ( 1)
 121 L   0.51809 0.22916 0.17427 0.07848 ( 1)
 122 L   0.00013 0.71658 0.00008 0.28322 ( 2)
 123 D   0.00219 0.74650 0.00071 0.25060 ( 2)
 124 L   0.72790 0.01611 0.25040 0.00558 ( 1)
 125 Y   0.00014 0.74557 0.00005 0.25424 ( 2)
 126 S   0.34636 0.32215 0.21397 0.11752 ( 1)
 127 T   0.57693 0.17382 0.19035 0.05890 ( 1)
 128 T   0.72665 0.02492 0.24000 0.00844 ( 1)
 129 N   0.74039 0.01306 0.24215 0.00440 ( 1)
 130 V   0.19551 0.55277 0.06434 0.18738 ( 2)
 131 L   0.71539 0.02859 0.24611 0.00991 ( 1)
 132 S   0.73902 0.00554 0.25352 0.00192 ( 1)
 133 T   0.01596 0.73047 0.00527 0.24830 ( 2)
 134 G   0.12205 0.62288 0.04110 0.21397 ( 2)
 135 D   0.00102 0.74766 0.00033 0.25099 ( 2)
 136 I   0.54151 0.20932 0.17822 0.07095 ( 1)
 137 T   0.37290 0.37507 0.12411 0.12792 ( 2)
 138 L   0.03598 0.70662 0.01227 0.24512 ( 2)
 139 K   0.04883 0.35734 0.49196 0.10187 ( 3)
 140 L   0.00155 0.71402 0.00178 0.28265 ( 2)
 141 T   0.42263 0.32559 0.14071 0.11107 ( 1)
 142 G   0.00403 0.74057 0.00135 0.25404 ( 2)
 143 G   0.06294 0.68183 0.02115 0.23407 ( 2)
 144 -   0.37271 0.36502 0.13241 0.12986 ( 1)
 145 N   0.00005 0.72152 0.00013 0.27831 ( 2)
 146 Q   0.74163 0.00370 0.25339 0.00128 ( 1)
 147 K   0.71656 0.03409 0.23778 0.01157 ( 1)
 148 I   0.72793 0.02239 0.24207 0.00761 ( 1)
 149 F   0.73467 0.01446 0.24595 0.00492 ( 1)
 150 I   0.72813 0.02376 0.24006 0.00805 ( 1)
 151 D   0.75278 0.00014 0.24704 0.00005 ( 1)
 152 R   0.74074 0.00182 0.25680 0.00063 ( 1)
 153 I   0.74947 0.00102 0.24915 0.00035 ( 1)
 154 E   0.74998 0.00009 0.24991 0.00003 ( 1)
 155 F   0.74907 0.00012 0.25077 0.00004 ( 1)
 156 I   0.35962 0.31196 0.21374 0.11468 ( 1)
 157 -   0.41430 0.32343 0.14723 0.11504 ( 1)

