Supplemental results for CODEML (seqf: algn  treef: tree)


dN/dS (w) for site classes (K=4)

site class             0        1       2a       2b
proportion       0.42104  0.46078  0.05643  0.06175
background w     0.06897  1.00000  0.06897  1.00000
foreground w     0.06897  1.00000  1.00000  1.00000

Naive Empirical Bayes (NEB) probabilities for 4 classes
(amino acids refer to 1st sequence: BT_Cry32Da1)

   1 I   0.42104 0.46078 0.05643 0.06175 ( 2)
   2 S   0.02204 0.85979 0.00295 0.11522 ( 2)
   3 I   0.00829 0.87353 0.00111 0.11707 ( 2)
   4 D   0.87563 0.00619 0.11735 0.00083 ( 1)
   5 K   0.85217 0.05547 0.08493 0.00743 ( 1)
   6 I   0.92786 0.00066 0.07139 0.00009 ( 1)
   7 T   0.89701 0.01985 0.08047 0.00266 ( 1)
   8 Q   0.86819 0.04094 0.08538 0.00549 ( 1)
   9 I   0.92651 0.00076 0.07263 0.00010 ( 1)
  10 P   0.90785 0.00354 0.08813 0.00048 ( 1)
  11 A   0.90443 0.00141 0.09397 0.00019 ( 1)
  12 V   0.89333 0.00740 0.09828 0.00099 ( 1)
  13 K   0.90579 0.00344 0.09031 0.00046 ( 1)
  14 A   0.28562 0.60396 0.02948 0.08094 ( 2)
  15 F   0.00000 0.88181 0.00001 0.11818 ( 2)
  16 F   0.00000 0.88182 0.00000 0.11818 ( 2)
  17 I   0.01397 0.86532 0.00475 0.11597 ( 2)
  18 D   0.00001 0.88182 0.00000 0.11818 ( 2)
  19 D   0.00011 0.88172 0.00001 0.11816 ( 2)
  20 N   0.45548 0.44773 0.03678 0.06000 ( 1)
  21 H   0.42104 0.46078 0.05643 0.06175 ( 2)
  22 V   0.31398 0.57512 0.03383 0.07707 ( 2)
  23 K   0.01438 0.86773 0.00160 0.11629 ( 2)
  24 V   0.90221 0.00258 0.09487 0.00035 ( 1)
  25 I   0.44902 0.00704 0.54300 0.00094 ( 3)
  26 K   0.39751 0.01303 0.58771 0.00175 ( 3)
  27 G   0.91325 0.00160 0.08494 0.00021 ( 1)
  28 P   0.91652 0.00063 0.08276 0.00008 ( 1)
  29 G   0.92230 0.00061 0.07701 0.00008 ( 1)
  30 S   0.78783 0.13352 0.06076 0.01789 ( 1)
  31 T   0.91956 0.00083 0.07950 0.00011 ( 1)
  32 G   0.92204 0.00075 0.07711 0.00010 ( 1)
  33 G   0.90221 0.00202 0.09549 0.00027 ( 1)
  34 D   0.92884 0.00230 0.06855 0.00031 ( 1)
  35 L   0.90725 0.00316 0.08916 0.00042 ( 1)
  36 V   0.87274 0.04225 0.07935 0.00566 ( 1)
  37 A   0.00978 0.86059 0.01430 0.11533 ( 2)
  38 F   0.13911 0.72270 0.04134 0.09685 ( 2)
  39 S   0.21338 0.67614 0.01986 0.09061 ( 2)
  40 R   0.00001 0.88181 0.00000 0.11818 ( 2)
  41 E   0.00000 0.88177 0.00006 0.11817 ( 2)
  42 G   0.00034 0.88054 0.00111 0.11801 ( 2)
  43 -   0.06155 0.75640 0.08068 0.10137 ( 2)
  44 -   0.82023 0.09918 0.06731 0.01329 ( 1)
  45 -   0.42104 0.46078 0.05643 0.06175 ( 2)
  46 Y   0.00051 0.88131 0.00007 0.11811 ( 2)
  47 G   0.00000 0.88182 0.00000 0.11818 ( 2)
  48 L   0.79518 0.12041 0.06827 0.01614 ( 1)
  49 S   0.00045 0.88110 0.00038 0.11808 ( 2)
  50 I   0.50740 0.38410 0.05703 0.05148 ( 1)
  51 S   0.00022 0.88156 0.00008 0.11814 ( 2)
  52 V   0.01370 0.84186 0.03162 0.11282 ( 2)
  53 F   0.02727 0.85515 0.00298 0.11460 ( 2)
  54 I   0.01103 0.87129 0.00091 0.11677 ( 2)
  55 P   0.90617 0.00504 0.08811 0.00068 ( 1)
  56 G   0.00191 0.87999 0.00017 0.11793 ( 2)
  57 S   0.00728 0.87480 0.00068 0.11724 ( 2)
  58 D   0.00011 0.88171 0.00001 0.11816 ( 2)
  59 L   0.00000 0.88182 0.00000 0.11818 ( 2)
  60 V   0.65327 0.22856 0.08755 0.03063 ( 1)
  61 S   0.42104 0.46078 0.05643 0.06175 ( 2)
  62 F   0.00012 0.88171 0.00001 0.11816 ( 2)
  63 Y   0.91783 0.00058 0.08152 0.00008 ( 1)
  64 R   0.67956 0.22446 0.06589 0.03008 ( 1)
  65 V   0.88900 0.03001 0.07696 0.00402 ( 1)
  66 R   0.91957 0.00097 0.07933 0.00013 ( 1)
  67 I   0.92436 0.00044 0.07513 0.00006 ( 1)
  68 R   0.90974 0.00182 0.08820 0.00024 ( 1)
  69 Y   0.91783 0.00058 0.08152 0.00008 ( 1)
  70 A   0.91588 0.00326 0.08043 0.00044 ( 1)
  71 S   0.92912 0.00007 0.07081 0.00001 ( 1)
  72 S   0.89807 0.00318 0.09832 0.00043 ( 1)
  73 Q   0.00106 0.88077 0.00013 0.11804 ( 2)
  74 S   0.00006 0.88176 0.00001 0.11817 ( 2)
  75 A   0.04027 0.84194 0.00495 0.11283 ( 2)
  76 K   0.00042 0.88141 0.00005 0.11812 ( 2)
  77 V   0.07020 0.80399 0.01806 0.10775 ( 2)
  78 T   0.00000 0.88182 0.00000 0.11818 ( 2)
  79 M   0.79159 0.10693 0.08715 0.01433 ( 1)
  80 G   0.00040 0.88072 0.00085 0.11803 ( 2)
  81 F   0.01324 0.86149 0.00981 0.11545 ( 2)
  82 G   0.00000 0.88181 0.00001 0.11818 ( 2)
  83 G   0.87423 0.00759 0.11716 0.00102 ( 1)
  84 G   0.00636 0.87546 0.00085 0.11732 ( 2)
  85 V   0.11965 0.76217 0.01604 0.10214 ( 2)
  86 E   0.00005 0.88122 0.00064 0.11810 ( 2)
  87 E   0.00002 0.88180 0.00001 0.11817 ( 2)
  88 S   0.00021 0.88162 0.00002 0.11815 ( 2)
  89 E   0.00004 0.88178 0.00001 0.11817 ( 2)
  90 S   0.00966 0.87259 0.00082 0.11694 ( 2)
  91 K   0.00549 0.87644 0.00061 0.11746 ( 2)
  92 F   0.92509 0.00015 0.07473 0.00002 ( 1)
  93 N   0.35779 0.53590 0.03449 0.07182 ( 2)
  94 F   0.58604 0.30734 0.06543 0.04119 ( 1)
  95 P   0.90981 0.00193 0.08800 0.00026 ( 1)
  96 A   0.90365 0.00094 0.09529 0.00013 ( 1)
  97 T   0.89334 0.00747 0.09820 0.00100 ( 1)
  98 Y   0.79167 0.12814 0.06301 0.01717 ( 1)
  99 S   0.66643 0.24397 0.05691 0.03270 ( 1)
 100 G   0.92958 0.00158 0.06863 0.00021 ( 1)
 101 -   0.02718 0.85540 0.00279 0.11464 ( 2)
 102 G   0.05687 0.75801 0.08354 0.10158 ( 2)
 103 N   0.92722 0.00188 0.07066 0.00025 ( 1)
 104 L   0.86505 0.02976 0.10120 0.00399 ( 1)
 105 T   0.43491 0.01598 0.54697 0.00214 ( 3)
 106 Y   0.91729 0.00107 0.08149 0.00014 ( 1)
 107 N   0.93030 0.00193 0.06751 0.00026 ( 1)
 108 S   0.58347 0.32554 0.04736 0.04363 ( 1)
 109 F   0.92509 0.00015 0.07473 0.00002 ( 1)
 110 G   0.22090 0.66462 0.02541 0.08907 ( 2)
 111 Y   0.87835 0.01631 0.10315 0.00219 ( 1)
 112 I   0.85763 0.04835 0.08754 0.00648 ( 1)
 113 N   0.51142 0.39728 0.03805 0.05324 ( 1)
 114 T   0.91437 0.00491 0.08006 0.00066 ( 1)
 115 L   0.00023 0.88158 0.00005 0.11814 ( 2)
 116 A   0.59205 0.31704 0.04843 0.04249 ( 1)
 117 I   0.24735 0.64602 0.02005 0.08658 ( 2)
 118 A   0.00035 0.88103 0.00055 0.11807 ( 2)
 119 S   0.00026 0.88156 0.00003 0.11814 ( 2)
 120 Q   0.00000 0.88182 0.00000 0.11818 ( 2)
 121 S   0.00001 0.88181 0.00000 0.11818 ( 2)
 122 T   0.00000 0.88182 0.00000 0.11818 ( 2)
 123 -   0.00048 0.87946 0.00220 0.11786 ( 2)
 124 -   0.11265 0.77167 0.01226 0.10342 ( 2)
 125 -   0.00065 0.87065 0.01202 0.11668 ( 2)
 126 -   0.42104 0.46078 0.05643 0.06175 ( 2)
 127 -   0.70556 0.20402 0.06307 0.02734 ( 1)
 128 A   0.00000 0.88182 0.00000 0.11818 ( 2)
 129 Q   0.09894 0.78599 0.00974 0.10533 ( 2)
 130 T   0.00000 0.88182 0.00000 0.11818 ( 2)
 131 I   0.70698 0.19531 0.07154 0.02617 ( 1)
 132 E   0.00075 0.88090 0.00030 0.11805 ( 2)
 133 V   0.02966 0.81330 0.04805 0.10899 ( 2)
 134 Y   0.00000 0.88182 0.00000 0.11818 ( 2)
 135 F   0.01403 0.86797 0.00168 0.11632 ( 2)
 136 R   0.00321 0.87874 0.00028 0.11776 ( 2)
 137 Q   0.00000 0.88182 0.00000 0.11818 ( 2)
 138 Y   0.00081 0.87993 0.00133 0.11792 ( 2)
 139 E   0.00000 0.88181 0.00001 0.11818 ( 2)
 140 -   0.29631 0.54767 0.08262 0.07340 ( 2)
 141 E   0.39435 0.49857 0.04027 0.06682 ( 2)
 142 A   0.16614 0.72140 0.01579 0.09668 ( 2)
 143 E   0.00963 0.87261 0.00082 0.11694 ( 2)
 144 F   0.36540 0.02678 0.60423 0.00359 ( 3)
 145 I   0.89327 0.00910 0.09640 0.00122 ( 1)
 146 V   0.00492 0.87665 0.00095 0.11748 ( 2)
 147 D   0.93085 0.00016 0.06897 0.00002 ( 1)
 148 K   0.92481 0.00025 0.07490 0.00003 ( 1)
 149 L   0.81282 0.08778 0.08763 0.01176 ( 1)
 150 E   0.92355 0.00027 0.07613 0.00004 ( 1)
 151 F   0.89921 0.00389 0.09638 0.00052 ( 1)
 152 I   0.92786 0.00066 0.07139 0.00009 ( 1)
 153 -   0.42104 0.46078 0.05643 0.06175 ( 2)


lnL = -2534.166001

