Supplemental results for CODEML (seqf: algn  treef: tree)


dN/dS (w) for site classes (K=4)

site class             0        1       2a       2b
proportion       0.31941  0.25550  0.23617  0.18892
background w     0.15726  1.00000  0.15726  1.00000
foreground w     0.15726  1.00000  1.00000  1.00000

Naive Empirical Bayes (NEB) probabilities for 4 classes
(amino acids refer to 1st sequence: BT_Cry1Ba1)

   1 -   0.31941 0.25550 0.23617 0.18892 ( 1)
   2 -   0.31941 0.25550 0.23617 0.18892 ( 1)
   3 -   0.31941 0.25550 0.23617 0.18892 ( 1)
   4 -   0.31941 0.25550 0.23617 0.18892 ( 1)
   5 -   0.31941 0.25550 0.23617 0.18892 ( 1)
   6 -   0.51826 0.05665 0.38321 0.04188 ( 1)
   7 -   0.52028 0.05463 0.38469 0.04040 ( 1)
   8 -   0.21184 0.38085 0.12570 0.28160 ( 2)
   9 -   0.52749 0.00698 0.46037 0.00516 ( 1)
  10 R   0.62263 0.00997 0.36003 0.00737 ( 1)
  11 I   0.63619 0.00001 0.36379 0.00001 ( 1)
  12 T   0.63477 0.00002 0.36519 0.00002 ( 1)
  13 Q   0.58804 0.00257 0.40749 0.00190 ( 1)
  14 I   0.35395 0.24199 0.22513 0.17893 ( 1)
  15 P   0.61823 0.00005 0.38167 0.00004 ( 1)
  16 M   0.00002 0.57489 0.00001 0.42508 ( 2)
  17 V   0.63380 0.00329 0.36048 0.00243 ( 1)
  18 K   0.63659 0.00049 0.36257 0.00036 ( 1)
  19 A   0.60350 0.00620 0.38571 0.00459 ( 1)
  20 S   0.00216 0.57296 0.00123 0.42365 ( 2)
  21 E   0.00022 0.57470 0.00014 0.42494 ( 2)
  22 L   0.00229 0.57276 0.00145 0.42350 ( 2)
  23 P   0.00000 0.57491 0.00000 0.42509 ( 2)
  24 Q   0.00001 0.57490 0.00001 0.42508 ( 2)
  25 G   0.62186 0.00003 0.37808 0.00002 ( 1)
  26 T   0.00548 0.56152 0.01781 0.41519 ( 2)
  27 T   0.27425 0.14767 0.46889 0.10919 ( 3)
  28 V   0.11237 0.46254 0.08308 0.34201 ( 2)
  29 V   0.63160 0.00203 0.36487 0.00150 ( 1)
  30 R   0.56778 0.06276 0.32305 0.04641 ( 1)
  31 G   0.62451 0.00021 0.37511 0.00016 ( 1)
  32 P   0.61820 0.00009 0.38165 0.00006 ( 1)
  33 G   0.62470 0.00004 0.37522 0.00003 ( 1)
  34 F   0.62776 0.00001 0.37222 0.00001 ( 1)
  35 T   0.63476 0.00006 0.36514 0.00004 ( 1)
  36 G   0.62472 0.00003 0.37523 0.00002 ( 1)
  37 G   0.62352 0.00112 0.37454 0.00083 ( 1)
  38 D   0.63556 0.00022 0.36406 0.00016 ( 1)
  39 I   0.62821 0.00513 0.36286 0.00379 ( 1)
  40 L   0.52363 0.06639 0.36090 0.04909 ( 1)
  41 R   0.58345 0.01472 0.39095 0.01088 ( 1)
  42 R   0.11531 0.00054 0.88375 0.00040 ( 3)
  43 T   0.60818 0.00178 0.38872 0.00132 ( 1)
  44 N   0.00000 0.57491 0.00000 0.42509 ( 2)
  45 T   0.00005 0.57486 0.00003 0.42506 ( 2)
  46 -   0.42302 0.19203 0.24296 0.14199 ( 1)
  47 G   0.62794 0.00031 0.37151 0.00023 ( 1)
  48 G   0.00032 0.57462 0.00019 0.42487 ( 2)
  49 F   0.00135 0.57268 0.00253 0.42344 ( 2)
  50 G   0.58639 0.02144 0.37632 0.01585 ( 1)
  51 P   0.11688 0.46949 0.06649 0.34714 ( 2)
  52 I   0.63935 0.00170 0.35770 0.00125 ( 1)
  53 R   0.61856 0.00035 0.38084 0.00026 ( 1)
  54 V   0.22901 0.00067 0.76982 0.00049 ( 3)
  55 T   0.00016 0.57444 0.00066 0.42474 ( 2)
  56 V   0.36315 0.24245 0.21514 0.17926 ( 1)
  57 N   0.01899 0.55737 0.01152 0.41212 ( 2)
  58 G   0.00027 0.57466 0.00016 0.42491 ( 2)
  59 P   0.05269 0.52349 0.03676 0.38707 ( 2)
  60 L   0.59134 0.01836 0.37672 0.01358 ( 1)
  61 T   0.62765 0.00647 0.36110 0.00478 ( 1)
  62 Q   0.61166 0.00018 0.38802 0.00014 ( 1)
  63 R   0.03721 0.53989 0.02370 0.39920 ( 2)
  64 Y   0.61508 0.00010 0.38475 0.00007 ( 1)
  65 R   0.60376 0.00932 0.38003 0.00689 ( 1)
  66 I   0.63345 0.00698 0.35441 0.00516 ( 1)
  67 G   0.63338 0.00009 0.36646 0.00007 ( 1)
  68 F   0.00653 0.56802 0.00545 0.42000 ( 2)
  69 R   0.61356 0.00021 0.38606 0.00016 ( 1)
  70 Y   0.60773 0.00697 0.38016 0.00515 ( 1)
  71 A   0.62998 0.00002 0.36999 0.00001 ( 1)
  72 S   0.59226 0.01749 0.37732 0.01293 ( 1)
  73 T   0.63659 0.00031 0.36287 0.00023 ( 1)
  74 V   0.05830 0.52194 0.03384 0.38592 ( 2)
  75 D   0.62260 0.01194 0.35664 0.00883 ( 1)
  76 F   0.58613 0.03935 0.34543 0.02909 ( 1)
  77 D   0.00000 0.57491 0.00000 0.42509 ( 2)
  78 F   0.19792 0.38341 0.13518 0.28349 ( 2)
  79 F   0.00019 0.57474 0.00012 0.42496 ( 2)
  80 V   0.47098 0.06327 0.41896 0.04678 ( 1)
  81 S   0.00000 0.57491 0.00000 0.42509 ( 2)
  82 R   0.03312 0.54483 0.01920 0.40285 ( 2)
  83 G   0.03335 0.53362 0.03847 0.39456 ( 2)
  84 G   0.00004 0.57487 0.00003 0.42506 ( 2)
  85 T   0.01064 0.56457 0.00735 0.41744 ( 2)
  86 T   0.00018 0.57444 0.00063 0.42474 ( 2)
  87 -   0.42945 0.18853 0.24262 0.13940 ( 1)
  88 -   0.02009 0.48146 0.14245 0.35600 ( 2)
  89 V   0.37253 0.17824 0.31744 0.13179 ( 1)
  90 N   0.00447 0.57078 0.00271 0.42204 ( 2)
  91 N   0.00111 0.57313 0.00198 0.42377 ( 2)
  92 F   0.00388 0.56790 0.00832 0.41990 ( 2)
  93 R   0.00001 0.57489 0.00002 0.42508 ( 2)
  94 F   0.01001 0.56547 0.00641 0.41811 ( 2)
  95 L   0.00000 0.57490 0.00001 0.42508 ( 2)
  96 R   0.28213 0.31065 0.17752 0.22970 ( 2)
  97 T   0.63482 0.00001 0.36517 0.00001 ( 1)
  98 M   0.62848 0.00000 0.37151 0.00000 ( 1)
  99 N   0.00322 0.57183 0.00213 0.42281 ( 2)
 100 S   0.00131 0.57373 0.00074 0.42422 ( 2)
 101 G   0.61973 0.00462 0.37223 0.00341 ( 1)
 102 D   0.00000 0.57491 0.00000 0.42509 ( 2)
 103 E   0.59018 0.00852 0.39500 0.00630 ( 1)
 104 L   0.42396 0.17594 0.27001 0.13009 ( 1)
 105 K   0.33752 0.25644 0.21642 0.18961 ( 1)
 106 Y   0.56636 0.04562 0.35430 0.03373 ( 1)
 107 G   0.62929 0.00352 0.36459 0.00260 ( 1)
 108 N   0.48012 0.11907 0.31278 0.08804 ( 1)
 109 F   0.61396 0.00114 0.38406 0.00084 ( 1)
 110 V   0.00283 0.57226 0.00178 0.42313 ( 2)
 111 R   0.60999 0.02052 0.35433 0.01517 ( 1)
 112 R   0.01962 0.55712 0.01133 0.41193 ( 2)
 113 A   0.43431 0.14732 0.30943 0.10893 ( 1)
 114 F   0.15099 0.01039 0.83095 0.00768 ( 3)
 115 T   0.06709 0.34794 0.32769 0.25727 ( 2)
 116 T   0.04404 0.00847 0.94123 0.00626 ( 3)
 117 P   0.00113 0.57389 0.00064 0.42434 ( 2)
 118 -   0.31941 0.25550 0.23617 0.18892 ( 1)
 119 -   0.31941 0.25550 0.23617 0.18892 ( 1)
 120 -   0.31941 0.25550 0.23617 0.18892 ( 1)
 121 -   0.31941 0.25550 0.23617 0.18892 ( 1)
 122 -   0.31941 0.25550 0.23617 0.18892 ( 1)
 123 -   0.31941 0.25550 0.23617 0.18892 ( 1)
 124 F   0.62701 0.00070 0.37177 0.00052 ( 1)
 125 T   0.00011 0.57481 0.00006 0.42502 ( 2)
 126 F   0.10374 0.03394 0.83722 0.02509 ( 3)
 127 T   0.00897 0.56625 0.00609 0.41869 ( 2)
 128 Q   0.10564 0.47631 0.06587 0.35219 ( 2)
 129 I   0.00534 0.57011 0.00301 0.42154 ( 2)
 130 Q   0.04268 0.53451 0.02760 0.39522 ( 2)
 131 D   0.06382 0.41128 0.22080 0.30410 ( 2)
 132 I   0.00007 0.57484 0.00005 0.42504 ( 2)
 133 I   0.60173 0.02522 0.35441 0.01864 ( 1)
 134 R   0.28885 0.29758 0.19355 0.22003 ( 2)
 135 T   0.00022 0.57430 0.00083 0.42464 ( 2)
 136 S   0.00016 0.57476 0.00011 0.42498 ( 2)
 137 I   0.00781 0.56776 0.00463 0.41980 ( 2)
 138 Q   0.00027 0.57464 0.00019 0.42489 ( 2)
 139 G   0.00343 0.57175 0.00206 0.42276 ( 2)
 140 L   0.35928 0.24171 0.22028 0.17872 ( 1)
 141 S   0.04649 0.53064 0.03051 0.39236 ( 2)
 142 G   0.00012 0.57472 0.00021 0.42495 ( 2)
 143 N   0.58138 0.05264 0.32706 0.03892 ( 1)
 144 G   0.00026 0.57467 0.00015 0.42491 ( 2)
 145 E   0.57880 0.00905 0.40546 0.00669 ( 1)
 146 V   0.27219 0.31060 0.18756 0.22965 ( 2)
 147 Y   0.20361 0.00027 0.79592 0.00020 ( 3)
 148 I   0.02855 0.54843 0.01751 0.40551 ( 2)
 149 D   0.63580 0.00001 0.36420 0.00000 ( 1)
 150 K   0.62690 0.01022 0.35533 0.00755 ( 1)
 151 I   0.61817 0.00080 0.38043 0.00059 ( 1)
 152 E   0.63315 0.00001 0.36683 0.00001 ( 1)
 153 I   0.55273 0.06749 0.32987 0.04990 ( 1)
 154 I   0.52757 0.06515 0.35911 0.04817 ( 1)
 155 P   0.55935 0.01556 0.41359 0.01150 ( 1)


lnL = -4067.167803

