Supplemental results for CODEML (seqf: algn  treef: tree)


dN/dS (w) for site classes (K=4)

site class             0        1       2a       2b
proportion       0.43167  0.46425  0.05015  0.05394
background w     0.07140  1.00000  0.07140  1.00000
foreground w     0.07140  1.00000 10.04410 10.04410

Naive Empirical Bayes (NEB) probabilities for 4 classes
(amino acids refer to 1st sequence: BT_Cry32Da1)

   1 I   0.43167 0.46425 0.05015 0.05394 ( 2)
   2 S   0.02290 0.87301 0.00266 0.10142 ( 2)
   3 I   0.01023 0.88568 0.00119 0.10290 ( 2)
   4 D   0.98971 0.00977 0.00049 0.00004 ( 1)
   5 K   0.92319 0.07649 0.00027 0.00006 ( 1)
   6 I   0.99749 0.00092 0.00158 0.00001 ( 1)
   7 T   0.97197 0.02535 0.00256 0.00012 ( 1)
   8 Q   0.93970 0.06006 0.00020 0.00003 ( 1)
   9 I   0.99681 0.00108 0.00210 0.00001 ( 1)
  10 P   0.99304 0.00458 0.00236 0.00002 ( 1)
  11 A   0.99710 0.00195 0.00095 0.00001 ( 1)
  12 V   0.98730 0.01013 0.00251 0.00006 ( 1)
  13 K   0.99470 0.00502 0.00028 0.00000 ( 1)
  14 A   0.25767 0.62997 0.08995 0.02241 ( 2)
  15 F   0.00000 0.68852 0.00033 0.31115 ( 2)
  16 F   0.00000 0.07653 0.00004 0.92343 ( 4)
  17 I   0.01416 0.90923 0.00647 0.07014 ( 2)
  18 D   0.00000 0.78470 0.00075 0.21454 ( 2)
  19 D   0.00003 0.96865 0.00006 0.03126 ( 2)
  20 N   0.48770 0.40821 0.05666 0.04743 ( 1)
  21 H   0.43167 0.46425 0.05015 0.05394 ( 2)
  22 V   0.29993 0.65205 0.03454 0.01348 ( 2)
  23 K   0.01077 0.95301 0.00367 0.03255 ( 2)
  24 V   0.99517 0.00344 0.00137 0.00002 ( 1)
  25 I   0.98134 0.01694 0.00158 0.00014 ( 1)
  26 K   0.96083 0.03728 0.00160 0.00029 ( 1)
  27 G   0.99737 0.00230 0.00033 0.00000 ( 1)
  28 P   0.99884 0.00098 0.00018 0.00000 ( 1)
  29 G   0.99851 0.00088 0.00061 0.00000 ( 1)
  30 S   0.82345 0.17505 0.00093 0.00056 ( 1)
  31 T   0.99790 0.00122 0.00087 0.00000 ( 1)
  32 G   0.99855 0.00118 0.00028 0.00000 ( 1)
  33 G   0.99684 0.00271 0.00044 0.00000 ( 1)
  34 D   0.96697 0.00349 0.02948 0.00005 ( 1)
  35 L   0.99484 0.00475 0.00041 0.00000 ( 1)
  36 V   0.89933 0.06112 0.03880 0.00074 ( 1)
  37 A   0.01185 0.98161 0.00012 0.00642 ( 2)
  38 F   0.14144 0.84472 0.00655 0.00729 ( 2)
  39 S   0.00263 0.01154 0.98240 0.00344 ( 3)
  40 R   0.00001 0.98428 0.00000 0.01571 ( 2)
  41 E   0.00001 0.98183 0.00000 0.01817 ( 2)
  42 G   0.00040 0.97761 0.00003 0.02197 ( 2)
  43 -   0.07586 0.82005 0.00881 0.09527 ( 2)
  44 -   0.80296 0.09295 0.09329 0.01080 ( 1)
  45 -   0.43167 0.46425 0.05015 0.05394 ( 2)
  46 Y   0.00050 0.95723 0.00009 0.04218 ( 2)
  47 G   0.00000 0.91792 0.00000 0.08208 ( 2)
  48 L   0.82920 0.16925 0.00079 0.00076 ( 1)
  49 S   0.00045 0.91167 0.00226 0.08562 ( 2)
  50 I   0.54552 0.45308 0.00056 0.00084 ( 1)
  51 S   0.00016 0.68844 0.01370 0.29769 ( 2)
  52 V   0.00603 0.86996 0.02972 0.09429 ( 2)
  53 F   0.02436 0.92238 0.00835 0.04491 ( 2)
  54 I   0.01127 0.94851 0.00137 0.03885 ( 2)
  55 P   0.99152 0.00690 0.00155 0.00002 ( 1)
  56 G   0.00156 0.97163 0.00012 0.02670 ( 2)
  57 S   0.00586 0.68909 0.11638 0.18867 ( 2)
  58 D   0.00012 0.96894 0.00001 0.03093 ( 2)
  59 L   0.00000 0.98005 0.00000 0.01995 ( 2)
  60 V   0.66717 0.22874 0.07751 0.02657 ( 1)
  61 S   0.43167 0.46425 0.05015 0.05394 ( 2)
  62 F   0.00004 0.93347 0.00015 0.06635 ( 2)
  63 Y   0.99883 0.00093 0.00024 0.00000 ( 1)
  64 R   0.72169 0.27812 0.00009 0.00010 ( 1)
  65 V   0.95943 0.03945 0.00095 0.00017 ( 1)
  66 R   0.99829 0.00150 0.00021 0.00000 ( 1)
  67 I   0.99849 0.00067 0.00084 0.00000 ( 1)
  68 R   0.99720 0.00267 0.00013 0.00000 ( 1)
  69 Y   0.99883 0.00093 0.00024 0.00000 ( 1)
  70 A   0.99446 0.00472 0.00080 0.00001 ( 1)
  71 S   0.99968 0.00012 0.00020 0.00000 ( 1)
  72 S   0.99441 0.00458 0.00099 0.00002 ( 1)
  73 Q   0.00120 0.99308 0.00000 0.00571 ( 2)
  74 S   0.00006 0.96695 0.00001 0.03298 ( 2)
  75 A   0.04796 0.91885 0.00921 0.02399 ( 2)
  76 K   0.00049 0.98695 0.00004 0.01251 ( 2)
  77 V   0.06155 0.92409 0.00313 0.01124 ( 2)
  78 T   0.00000 0.72548 0.00003 0.27449 ( 2)
  79 M   0.86347 0.13418 0.00154 0.00082 ( 1)
  80 G   0.00038 0.98861 0.00001 0.01100 ( 2)
  81 F   0.01274 0.94136 0.00781 0.03809 ( 2)
  82 G   0.00000 0.32227 0.00239 0.67534 ( 4)
  83 G   0.97783 0.01007 0.01177 0.00033 ( 1)
  84 G   0.00697 0.88895 0.00081 0.10328 ( 2)
  85 V   0.12624 0.76968 0.01467 0.08942 ( 2)
  86 E   0.00000 0.14813 0.05650 0.79537 ( 4)
  87 E   0.00001 0.39351 0.00780 0.59869 ( 4)
  88 S   0.00017 0.97924 0.00001 0.02057 ( 2)
  89 E   0.00003 0.68849 0.00215 0.30932 ( 2)
  90 S   0.00239 0.95347 0.00463 0.03950 ( 2)
  91 K   0.00559 0.98830 0.00002 0.00609 ( 2)
  92 F   0.99950 0.00026 0.00024 0.00000 ( 1)
  93 N   0.36649 0.62850 0.00059 0.00443 ( 2)
  94 F   0.64401 0.35248 0.00178 0.00173 ( 1)
  95 P   0.99687 0.00283 0.00030 0.00000 ( 1)
  96 A   0.99749 0.00132 0.00118 0.00001 ( 1)
  97 T   0.98885 0.00943 0.00169 0.00003 ( 1)
  98 Y   0.81925 0.17924 0.00067 0.00084 ( 1)
  99 S   0.60224 0.28638 0.10488 0.00649 ( 1)
 100 G   0.99711 0.00247 0.00041 0.00001 ( 1)
 101 -   0.02494 0.96967 0.00006 0.00533 ( 2)
 102 G   0.06246 0.92227 0.00048 0.01479 ( 2)
 103 N   0.97610 0.00319 0.02068 0.00002 ( 1)
 104 L   0.95961 0.03745 0.00277 0.00016 ( 1)
 105 T   0.95942 0.03875 0.00157 0.00027 ( 1)
 106 Y   0.99808 0.00168 0.00024 0.00000 ( 1)
 107 N   0.99633 0.00319 0.00047 0.00001 ( 1)
 108 S   0.56671 0.39043 0.03517 0.00769 ( 1)
 109 F   0.99950 0.00026 0.00024 0.00000 ( 1)
 110 G   0.21401 0.65193 0.10183 0.03223 ( 2)
 111 Y   0.97620 0.02051 0.00319 0.00010 ( 1)
 112 I   0.93357 0.06579 0.00055 0.00009 ( 1)
 113 N   0.48332 0.51486 0.00020 0.00162 ( 2)
 114 T   0.99071 0.00665 0.00261 0.00003 ( 1)
 115 L   0.00018 0.75004 0.00210 0.24768 ( 2)
 116 A   0.60334 0.39248 0.00104 0.00314 ( 1)
 117 I   0.21362 0.77128 0.00608 0.00902 ( 2)
 118 A   0.00045 0.99056 0.00000 0.00899 ( 2)
 119 S   0.00017 0.56574 0.01248 0.42160 ( 2)
 120 Q   0.00000 0.29736 0.00158 0.70106 ( 4)
 121 S   0.00001 0.50623 0.00054 0.49322 ( 2)
 122 T   0.00000 0.18615 0.00001 0.81385 ( 4)
 123 -   0.00030 0.55302 0.03753 0.40915 ( 2)
 124 -   0.03698 0.34069 0.56229 0.06004 ( 3)
 125 -   0.00077 0.69197 0.00181 0.30546 ( 2)
 126 -   0.43167 0.46425 0.05015 0.05394 ( 2)
 127 -   0.74042 0.25280 0.00331 0.00347 ( 1)
 128 A   0.00000 0.63831 0.00010 0.36159 ( 2)
 129 Q   0.09335 0.89330 0.00500 0.00835 ( 2)
 130 T   0.00000 0.72516 0.00005 0.27479 ( 2)
 131 I   0.73275 0.21892 0.04423 0.00410 ( 1)
 132 E   0.00067 0.96241 0.00189 0.03503 ( 2)
 133 V   0.03023 0.95636 0.00008 0.01332 ( 2)
 134 Y   0.00000 0.00951 0.01025 0.98024 ( 4)
 135 F   0.01173 0.98232 0.00033 0.00562 ( 2)
 136 R   0.00305 0.99257 0.00000 0.00438 ( 2)
 137 Q   0.00000 0.55182 0.00059 0.44759 ( 2)
 138 Y   0.00089 0.99438 0.00000 0.00473 ( 2)
 139 E   0.00000 0.40933 0.00152 0.58914 ( 4)
 140 -   0.28438 0.63463 0.03919 0.04181 ( 2)
 141 E   0.39807 0.60081 0.00024 0.00087 ( 2)
 142 A   0.14818 0.84432 0.00329 0.00421 ( 2)
 143 E   0.00967 0.98174 0.00003 0.00856 ( 2)
 144 F   0.92286 0.07559 0.00126 0.00029 ( 1)
 145 I   0.98667 0.01168 0.00161 0.00004 ( 1)
 146 V   0.00501 0.96191 0.00147 0.03162 ( 2)
 147 D   0.99931 0.00027 0.00042 0.00000 ( 1)
 148 K   0.99920 0.00041 0.00039 0.00000 ( 1)
 149 L   0.88646 0.11173 0.00145 0.00036 ( 1)
 150 E   0.99920 0.00045 0.00036 0.00000 ( 1)
 151 F   0.99357 0.00588 0.00054 0.00001 ( 1)
 152 I   0.99749 0.00092 0.00158 0.00001 ( 1)
 153 -   0.43167 0.46425 0.05015 0.05394 ( 2)


lnL = -2527.100162

Bayes Empirical Bayes (BEB) probabilities for 4 classes (class)
(amino acids refer to 1st sequence: BT_Cry32Da1)

   1 I   0.40608 0.47425 0.05517 0.06451 ( 2)
   2 S   0.01109 0.86924 0.00150 0.11817 ( 2)
   3 I   0.00370 0.87663 0.00050 0.11917 ( 2)
   4 D   0.98672 0.01237 0.00083 0.00008 ( 1)
   5 K   0.89682 0.10207 0.00086 0.00025 ( 1)
   6 I   0.99693 0.00080 0.00226 0.00001 ( 1)
   7 T   0.96912 0.02525 0.00537 0.00026 ( 1)
   8 Q   0.91824 0.08091 0.00069 0.00016 ( 1)
   9 I   0.99528 0.00094 0.00377 0.00001 ( 1)
  10 P   0.99066 0.00442 0.00488 0.00004 ( 1)
  11 A   0.99668 0.00179 0.00152 0.00001 ( 1)
  12 V   0.98595 0.00979 0.00417 0.00009 ( 1)
  13 K   0.99420 0.00485 0.00094 0.00001 ( 1)
  14 A   0.14902 0.69319 0.11707 0.04072 ( 2)
  15 F   0.00000 0.66494 0.00010 0.33496 ( 2)
  16 F   0.00000 0.10467 0.00001 0.89532 ( 4)
  17 I   0.00531 0.90825 0.00400 0.08244 ( 2)
  18 D   0.00000 0.75358 0.00023 0.24618 ( 2)
  19 D   0.00000 0.95112 0.00003 0.04884 ( 2)
  20 N   0.35041 0.52991 0.04760 0.07208 ( 2)
  21 H   0.40608 0.47425 0.05517 0.06451 ( 2)
  22 V   0.18030 0.74949 0.04586 0.02435 ( 2)
  23 K   0.00369 0.95167 0.00229 0.04234 ( 2)
  24 V   0.99470 0.00320 0.00208 0.00002 ( 1)
  25 I   0.97634 0.02103 0.00236 0.00026 ( 1)
  26 K   0.94843 0.04858 0.00240 0.00059 ( 1)
  27 G   0.99706 0.00216 0.00077 0.00001 ( 1)
  28 P   0.99864 0.00091 0.00045 0.00000 ( 1)
  29 G   0.99815 0.00080 0.00105 0.00000 ( 1)
  30 S   0.71355 0.28283 0.00169 0.00193 ( 1)
  31 T   0.99748 0.00110 0.00141 0.00001 ( 1)
  32 G   0.99842 0.00108 0.00050 0.00000 ( 1)
  33 G   0.99647 0.00256 0.00096 0.00001 ( 1)
  34 D   0.94101 0.00415 0.05476 0.00009 ( 1)
  35 L   0.99430 0.00458 0.00111 0.00001 ( 1)
  36 V   0.84526 0.07720 0.07614 0.00140 ( 1)
  37 A   0.00412 0.98055 0.00010 0.01523 ( 2)
  38 F   0.06255 0.91238 0.00827 0.01681 ( 2)
  39 S   0.00089 0.01040 0.98545 0.00326 ( 3)
  40 R   0.00000 0.97112 0.00000 0.02888 ( 2)
  41 E   0.00000 0.96827 0.00000 0.03173 ( 2)
  42 G   0.00008 0.96469 0.00001 0.03522 ( 2)
  43 -   0.03883 0.84149 0.00527 0.11441 ( 2)
  44 -   0.78656 0.09376 0.10693 0.01275 ( 1)
  45 -   0.40608 0.47425 0.05517 0.06451 ( 2)
  46 Y   0.00010 0.94457 0.00003 0.05530 ( 2)
  47 G   0.00000 0.89501 0.00000 0.10499 ( 2)
  48 L   0.72377 0.27322 0.00105 0.00195 ( 1)
  49 S   0.00009 0.89363 0.00102 0.10527 ( 2)
  50 I   0.39108 0.60519 0.00095 0.00277 ( 2)
  51 S   0.00004 0.64741 0.00774 0.34481 ( 2)
  52 V   0.00162 0.85176 0.02074 0.12589 ( 2)
  53 F   0.00884 0.91980 0.00614 0.06522 ( 2)
  54 I   0.00394 0.94136 0.00091 0.05378 ( 2)
  55 P   0.99008 0.00670 0.00317 0.00005 ( 1)
  56 G   0.00041 0.96093 0.00006 0.03860 ( 2)
  57 S   0.00164 0.71647 0.06955 0.21233 ( 2)
  58 D   0.00002 0.95810 0.00000 0.04187 ( 2)
  59 L   0.00000 0.96548 0.00000 0.03452 ( 2)
  60 V   0.64539 0.23493 0.08772 0.03195 ( 1)
  61 S   0.40608 0.47425 0.05517 0.06451 ( 2)
  62 F   0.00001 0.91016 0.00005 0.08978 ( 2)
  63 Y   0.99860 0.00086 0.00054 0.00000 ( 1)
  64 R   0.65428 0.34491 0.00033 0.00047 ( 1)
  65 V   0.94697 0.05117 0.00151 0.00035 ( 1)
  66 R   0.99815 0.00140 0.00045 0.00000 ( 1)
  67 I   0.99811 0.00058 0.00131 0.00000 ( 1)
  68 R   0.99694 0.00256 0.00050 0.00000 ( 1)
  69 Y   0.99860 0.00086 0.00054 0.00000 ( 1)
  70 A   0.99416 0.00449 0.00132 0.00002 ( 1)
  71 S   0.99956 0.00010 0.00034 0.00000 ( 1)
  72 S   0.99271 0.00580 0.00146 0.00003 ( 1)
  73 Q   0.00031 0.98768 0.00000 0.01200 ( 2)
  74 S   0.00001 0.95653 0.00000 0.04346 ( 2)
  75 A   0.01806 0.93344 0.00815 0.04035 ( 2)
  76 K   0.00010 0.97957 0.00002 0.02031 ( 2)
  77 V   0.02378 0.95533 0.00263 0.01826 ( 2)
  78 T   0.00000 0.68174 0.00001 0.31825 ( 2)
  79 M   0.77491 0.22105 0.00202 0.00201 ( 1)
  80 G   0.00008 0.98004 0.00001 0.01988 ( 2)
  81 F   0.00404 0.92996 0.00565 0.06035 ( 2)
  82 G   0.00000 0.32484 0.00082 0.67434 ( 4)
  83 G   0.97499 0.00975 0.01485 0.00040 ( 1)
  84 G   0.00322 0.87711 0.00044 0.11924 ( 2)
  85 V   0.08725 0.79308 0.01184 0.10783 ( 2)
  86 E   0.00000 0.17088 0.02822 0.80091 ( 4)
  87 E   0.00000 0.40720 0.00278 0.59002 ( 4)
  88 S   0.00003 0.97130 0.00000 0.02866 ( 2)
  89 E   0.00001 0.63725 0.00088 0.36186 ( 2)
  90 S   0.00063 0.94142 0.00329 0.05466 ( 2)
  91 K   0.00200 0.98550 0.00001 0.01248 ( 2)
  92 F   0.99934 0.00023 0.00043 0.00000 ( 1)
  93 N   0.18826 0.80307 0.00043 0.00823 ( 2)
  94 F   0.48834 0.50332 0.00293 0.00541 ( 2)
  95 P   0.99647 0.00270 0.00082 0.00001 ( 1)
  96 A   0.99701 0.00120 0.00178 0.00001 ( 1)
  97 T   0.98663 0.00915 0.00414 0.00007 ( 1)
  98 Y   0.70964 0.28750 0.00084 0.00202 ( 1)
  99 S   0.43084 0.37875 0.17603 0.01437 ( 1)
 100 G   0.99633 0.00305 0.00061 0.00001 ( 1)
 101 -   0.01216 0.97725 0.00006 0.01054 ( 2)
 102 G   0.02450 0.95348 0.00025 0.02176 ( 2)
 103 N   0.95350 0.00374 0.04271 0.00004 ( 1)
 104 L   0.95443 0.03794 0.00720 0.00043 ( 1)
 105 T   0.94697 0.05004 0.00244 0.00056 ( 1)
 106 Y   0.99790 0.00156 0.00054 0.00000 ( 1)
 107 N   0.99547 0.00382 0.00068 0.00002 ( 1)
 108 S   0.34551 0.59480 0.04284 0.01684 ( 2)
 109 F   0.99934 0.00023 0.00043 0.00000 ( 1)
 110 G   0.11780 0.69997 0.12652 0.05571 ( 2)
 111 Y   0.97127 0.02040 0.00808 0.00025 ( 1)
 112 I   0.91111 0.08714 0.00143 0.00032 ( 1)
 113 N   0.27540 0.72096 0.00017 0.00347 ( 2)
 114 T   0.98835 0.00627 0.00531 0.00007 ( 1)
 115 L   0.00004 0.71084 0.00078 0.28834 ( 2)
 116 A   0.45025 0.54264 0.00106 0.00606 ( 2)
 117 I   0.09599 0.88181 0.00600 0.01620 ( 2)
 118 A   0.00011 0.98256 0.00000 0.01733 ( 2)
 119 S   0.00004 0.57624 0.00455 0.41918 ( 2)
 120 Q   0.00000 0.29269 0.00043 0.70689 ( 4)
 121 S   0.00000 0.52296 0.00014 0.47691 ( 2)
 122 T   0.00000 0.20345 0.00000 0.79655 ( 4)
 123 -   0.00008 0.55795 0.01921 0.42276 ( 2)
 124 -   0.01812 0.34067 0.57815 0.06306 ( 3)
 125 -   0.00026 0.68290 0.00077 0.31608 ( 2)
 126 -   0.40608 0.47425 0.05517 0.06451 ( 2)
 127 -   0.72620 0.26425 0.00454 0.00502 ( 1)
 128 A   0.00000 0.62387 0.00003 0.37611 ( 2)
 129 Q   0.03664 0.93962 0.00573 0.01801 ( 2)
 130 T   0.00000 0.66258 0.00001 0.33741 ( 2)
 131 I   0.59800 0.32084 0.07245 0.00872 ( 1)
 132 E   0.00013 0.94731 0.00102 0.05154 ( 2)
 133 V   0.01132 0.97031 0.00004 0.01833 ( 2)
 134 Y   0.00000 0.01572 0.00362 0.98066 ( 4)
 135 F   0.00323 0.98548 0.00025 0.01105 ( 2)
 136 R   0.00072 0.99278 0.00000 0.00649 ( 2)
 137 Q   0.00000 0.51827 0.00016 0.48157 ( 2)
 138 Y   0.00023 0.98845 0.00000 0.01132 ( 2)
 139 E   0.00000 0.40872 0.00040 0.59088 ( 4)
 140 -   0.21177 0.68561 0.04780 0.05481 ( 2)
 141 E   0.25416 0.74250 0.00042 0.00292 ( 2)
 142 A   0.06235 0.92518 0.00366 0.00881 ( 2)
 143 E   0.00265 0.98273 0.00002 0.01461 ( 2)
 144 F   0.89578 0.09991 0.00334 0.00097 ( 1)
 145 I   0.98498 0.01127 0.00366 0.00008 ( 1)
 146 V   0.00175 0.94259 0.00125 0.05440 ( 2)
 147 D   0.99914 0.00023 0.00062 0.00000 ( 1)
 148 K   0.99897 0.00036 0.00067 0.00000 ( 1)
 149 L   0.84802 0.14774 0.00315 0.00109 ( 1)
 150 E   0.99897 0.00040 0.00064 0.00000 ( 1)
 151 F   0.99336 0.00564 0.00098 0.00002 ( 1)
 152 I   0.99693 0.00080 0.00226 0.00001 ( 1)
 153 -   0.40608 0.47425 0.05517 0.06451 ( 2)

