Supplemental results for CODEML (seqf: algn  treef: tree)


dN/dS (w) for site classes (K=4)

site class             0        1       2a       2b
proportion       0.65666  0.23180  0.08243  0.02910
background w     0.15086  1.00000  0.15086  1.00000
foreground w     0.15086  1.00000  1.00000  1.00000

Naive Empirical Bayes (NEB) probabilities for 4 classes
(amino acids refer to 1st sequence: BT_Cry1A-like)

   1 -   0.65666 0.23180 0.08243 0.02910 ( 1)
   2 -   0.65666 0.23180 0.08243 0.02910 ( 1)
   3 -   0.06252 0.82595 0.00785 0.10369 ( 2)
   4 S   0.44327 0.44520 0.05565 0.05589 ( 2)
   5 A   0.58322 0.30524 0.07321 0.03832 ( 1)
   6 E   0.00508 0.88338 0.00064 0.11090 ( 2)
   7 F   0.82577 0.06270 0.10366 0.00787 ( 1)
   8 N   0.00695 0.88151 0.00087 0.11066 ( 2)
   9 N   0.63832 0.25015 0.08013 0.03140 ( 1)
  10 I   0.15758 0.73089 0.01978 0.09175 ( 2)
  11 I   0.84338 0.04509 0.10587 0.00566 ( 1)
  12 P   0.81422 0.07424 0.10221 0.00932 ( 1)
  13 S   0.81416 0.07431 0.10221 0.00933 ( 1)
  14 S   0.24966 0.64118 0.02866 0.08049 ( 2)
  15 Q   0.00000 0.88847 0.00000 0.11153 ( 2)
  16 I   0.49545 0.00021 0.50431 0.00003 ( 3)
  17 T   0.89273 0.00573 0.10082 0.00072 ( 1)
  18 Q   0.89337 0.00026 0.10634 0.00003 ( 1)
  19 I   0.89979 0.00001 0.10020 0.00000 ( 1)
  20 P   0.89555 0.00010 0.10434 0.00001 ( 1)
  21 L   0.04985 0.80827 0.04041 0.10147 ( 2)
  22 T   0.87344 0.00024 0.12629 0.00003 ( 1)
  23 K   0.88564 0.00711 0.10636 0.00089 ( 1)
  24 S   0.71073 0.15576 0.11396 0.01955 ( 1)
  25 T   0.00000 0.88847 0.00000 0.11153 ( 2)
  26 N   0.43121 0.36021 0.16337 0.04522 ( 1)
  27 L   0.84770 0.04883 0.09735 0.00613 ( 1)
  28 G   0.00000 0.88847 0.00000 0.11153 ( 2)
  29 S   0.75741 0.13856 0.08663 0.01739 ( 1)
  30 G   0.89731 0.00057 0.10205 0.00007 ( 1)
  31 T   0.01214 0.87612 0.00176 0.10998 ( 2)
  32 S   0.65417 0.23760 0.07841 0.02983 ( 1)
  33 V   0.89888 0.00002 0.10110 0.00000 ( 1)
  34 V   0.59598 0.00142 0.40242 0.00018 ( 1)
  35 K   0.42832 0.46468 0.04866 0.05833 ( 2)
  36 G   0.89596 0.00002 0.10402 0.00000 ( 1)
  37 P   0.89553 0.00013 0.10433 0.00002 ( 1)
  38 G   0.89587 0.00011 0.10401 0.00001 ( 1)
  39 F   0.89857 0.00000 0.10143 0.00000 ( 1)
  40 T   0.89852 0.00000 0.10148 0.00000 ( 1)
  41 G   0.89598 0.00000 0.10402 0.00000 ( 1)
  42 G   0.89490 0.00107 0.10390 0.00013 ( 1)
  43 D   0.89916 0.00000 0.10084 0.00000 ( 1)
  44 I   0.90006 0.00038 0.09952 0.00005 ( 1)
  45 L   0.89696 0.00004 0.10300 0.00001 ( 1)
  46 R   0.53544 0.35497 0.06503 0.04456 ( 1)
  47 R   0.89772 0.00033 0.10191 0.00004 ( 1)
  48 T   0.85247 0.04696 0.09468 0.00589 ( 1)
  49 S   0.13142 0.75676 0.01681 0.09500 ( 2)
  50 P   0.33935 0.55222 0.03912 0.06932 ( 2)
  51 G   0.89095 0.00013 0.10891 0.00002 ( 1)
  52 Q   0.01021 0.87828 0.00126 0.11026 ( 2)
  53 I   0.89997 0.00000 0.10003 0.00000 ( 1)
  54 S   0.09369 0.79539 0.01107 0.09985 ( 2)
  55 T   0.89118 0.00046 0.10831 0.00006 ( 1)
  56 L   0.07668 0.81231 0.00904 0.10197 ( 2)
  57 R   0.89081 0.00720 0.10109 0.00090 ( 1)
  58 V   0.86634 0.03128 0.09846 0.00393 ( 1)
  59 N   0.90043 0.00004 0.09953 0.00000 ( 1)
  60 -   0.65666 0.23180 0.08243 0.02910 ( 1)
  61 I   0.90047 0.00000 0.09953 0.00000 ( 1)
  62 T   0.67109 0.22606 0.07448 0.02838 ( 1)
  63 A   0.00064 0.88784 0.00007 0.11146 ( 2)
  64 P   0.56212 0.33086 0.06549 0.04153 ( 1)
  65 L   0.89229 0.00241 0.10500 0.00030 ( 1)
  66 S   0.89415 0.00060 0.10517 0.00008 ( 1)
  67 Q   0.87915 0.01439 0.10465 0.00181 ( 1)
  68 R   0.89810 0.00000 0.10190 0.00000 ( 1)
  69 Y   0.89641 0.00001 0.10358 0.00000 ( 1)
  70 R   0.87188 0.01775 0.10814 0.00223 ( 1)
  71 V   0.89794 0.00001 0.10205 0.00000 ( 1)
  72 R   0.89792 0.00016 0.10190 0.00002 ( 1)
  73 I   0.90047 0.00001 0.09953 0.00000 ( 1)
  74 R   0.85877 0.03155 0.10573 0.00396 ( 1)
  75 Y   0.89060 0.00003 0.10936 0.00000 ( 1)
  76 A   0.89937 0.00000 0.10063 0.00000 ( 1)
  77 S   0.89738 0.00002 0.10260 0.00000 ( 1)
  78 T   0.89936 0.00000 0.10063 0.00000 ( 1)
  79 T   0.89847 0.00005 0.10147 0.00001 ( 1)
  80 N   0.90040 0.00005 0.09954 0.00001 ( 1)
  81 L   0.89423 0.00048 0.10523 0.00006 ( 1)
  82 Q   0.88316 0.01041 0.10513 0.00131 ( 1)
  83 F   0.89203 0.00007 0.10790 0.00001 ( 1)
  84 H   0.04609 0.84278 0.00533 0.10580 ( 2)
  85 T   0.87787 0.02042 0.09915 0.00256 ( 1)
  86 S   0.00236 0.88612 0.00028 0.11124 ( 2)
  87 I   0.90046 0.00001 0.09953 0.00000 ( 1)
  88 D   0.49120 0.39925 0.05943 0.05012 ( 1)
  89 G   0.89596 0.00002 0.10402 0.00000 ( 1)
  90 R   0.88786 0.01013 0.10074 0.00127 ( 1)
  91 P   0.83589 0.06025 0.09630 0.00756 ( 1)
  92 I   0.90038 0.00009 0.09952 0.00001 ( 1)
  93 N   0.90047 0.00000 0.09953 0.00000 ( 1)
  94 Q   0.00000 0.88846 0.00000 0.11153 ( 2)
  95 G   0.84437 0.04598 0.10387 0.00577 ( 1)
  96 N   0.90045 0.00003 0.09952 0.00000 ( 1)
  97 F   0.89818 0.00039 0.10139 0.00005 ( 1)
  98 S   0.00557 0.88293 0.00066 0.11084 ( 2)
  99 A   0.39969 0.49296 0.04547 0.06188 ( 2)
 100 T   0.90013 0.00000 0.09987 0.00000 ( 1)
 101 M   0.89639 0.00067 0.10285 0.00008 ( 1)
 102 S   0.89740 0.00223 0.10009 0.00028 ( 1)
 103 S   0.86910 0.03075 0.09628 0.00386 ( 1)
 104 G   0.25945 0.62959 0.03192 0.07904 ( 2)
 105 S   0.00001 0.88846 0.00000 0.11153 ( 2)
 106 N   0.13641 0.75387 0.01508 0.09464 ( 2)
 107 L   0.89461 0.00010 0.10527 0.00001 ( 1)
 108 Q   0.11431 0.77439 0.01409 0.09721 ( 2)
 109 S   0.06552 0.82313 0.00802 0.10333 ( 2)
 110 A   0.07802 0.81110 0.00906 0.10182 ( 2)
 111 S   0.00195 0.88653 0.00023 0.11129 ( 2)
 112 F   0.89804 0.00052 0.10137 0.00007 ( 1)
 113 R   0.89167 0.00063 0.10762 0.00008 ( 1)
 114 T   0.89911 0.00100 0.09976 0.00013 ( 1)
 115 V   0.03746 0.85140 0.00426 0.10688 ( 2)
 116 G   0.89636 0.00160 0.10184 0.00020 ( 1)
 117 F   0.89857 0.00000 0.10143 0.00000 ( 1)
 118 T   0.90012 0.00001 0.09987 0.00000 ( 1)
 119 T   0.90013 0.00000 0.09987 0.00000 ( 1)
 120 P   0.89017 0.00004 0.10978 0.00001 ( 1)
 121 F   0.89857 0.00000 0.10143 0.00000 ( 1)
 122 N   0.32551 0.56455 0.03906 0.07087 ( 2)
 123 F   0.89854 0.00003 0.10142 0.00000 ( 1)
 124 S   0.36781 0.52324 0.04326 0.06569 ( 2)
 125 N   0.63165 0.26471 0.07041 0.03323 ( 1)
 126 G   0.02012 0.86851 0.00234 0.10903 ( 2)
 127 S   0.00874 0.87978 0.00103 0.11044 ( 2)
 128 S   0.89716 0.00313 0.09932 0.00039 ( 1)
 129 V   0.84812 0.04871 0.09706 0.00612 ( 1)
 130 F   0.89846 0.00010 0.10143 0.00001 ( 1)
 131 T   0.88032 0.01062 0.10773 0.00133 ( 1)
 132 L   0.86859 0.02594 0.10222 0.00326 ( 1)
 133 S   0.89914 0.00108 0.09964 0.00014 ( 1)
 134 A   0.85969 0.03919 0.09619 0.00492 ( 1)
 135 H   0.00025 0.88821 0.00003 0.11150 ( 2)
 136 V   0.00000 0.88847 0.00000 0.11153 ( 2)
 137 F   0.89140 0.00069 0.10782 0.00009 ( 1)
 138 N   0.89895 0.00112 0.09979 0.00014 ( 1)
 139 S   0.07044 0.81853 0.00828 0.10275 ( 2)
 140 G   0.44492 0.44484 0.05439 0.05584 ( 1)
 141 -   0.65666 0.23180 0.08243 0.02910 ( 1)
 142 N   0.63167 0.26521 0.06983 0.03329 ( 1)
 143 E   0.89702 0.00028 0.10266 0.00004 ( 1)
 144 V   0.89947 0.00001 0.10051 0.00000 ( 1)
 145 Y   0.89577 0.00064 0.10351 0.00008 ( 1)
 146 I   0.89935 0.00003 0.10062 0.00000 ( 1)
 147 D   0.89915 0.00001 0.10084 0.00000 ( 1)
 148 R   0.69636 0.19463 0.08457 0.02443 ( 1)
 149 I   0.90047 0.00000 0.09953 0.00000 ( 1)
 150 E   0.89730 0.00000 0.10269 0.00000 ( 1)
 151 F   0.89857 0.00000 0.10143 0.00000 ( 1)
 152 V   0.89943 0.00005 0.10051 0.00001 ( 1)
 153 -   0.82289 0.06558 0.10330 0.00823 ( 1)


lnL = -4556.019478

