Supplemental results for CODEML (seqf: algn  treef: tree)


dN/dS (w) for site classes (K=4)

site class             0        1       2a       2b
proportion       0.38782  0.56522  0.01911  0.02785
background w     0.11376  1.00000  0.11376  1.00000
foreground w     0.11376  1.00000 999.00000 999.00000

Naive Empirical Bayes (NEB) probabilities for 4 classes
(amino acids refer to 1st sequence: BT_Cry71Aa1)

   1 K   0.08631 0.09250 0.78517 0.03602 ( 3)
   2 V   0.48304 0.51495 0.00089 0.00112 ( 2)
   3 K   0.02448 0.97437 0.00002 0.00112 ( 2)
   4 S   0.02221 0.97551 0.00005 0.00224 ( 2)
   5 E   0.98788 0.01032 0.00178 0.00002 ( 1)
   6 L   0.91587 0.08304 0.00098 0.00011 ( 1)
   7 T   0.97919 0.01732 0.00343 0.00006 ( 1)
   8 R   0.99355 0.00513 0.00131 0.00001 ( 1)
   9 E   0.11523 0.88254 0.00021 0.00202 ( 2)
  10 I   0.99115 0.00644 0.00239 0.00002 ( 1)
  11 Y   0.60258 0.39493 0.00136 0.00112 ( 1)
  12 T   0.94293 0.01563 0.04064 0.00080 ( 1)
  13 D   0.99448 0.00326 0.00225 0.00001 ( 1)
  14 P   0.99006 0.00877 0.00116 0.00001 ( 1)
  15 V   0.67643 0.32166 0.00121 0.00070 ( 1)
  16 G   0.99442 0.00420 0.00137 0.00001 ( 1)
  17 V   0.07336 0.92510 0.00011 0.00143 ( 2)
  18 A   0.07243 0.82013 0.04388 0.06355 ( 2)
  19 T   0.16601 0.83194 0.00032 0.00173 ( 2)
  20 S   0.82591 0.15649 0.01504 0.00256 ( 1)
  21 T   0.20683 0.77408 0.00383 0.01526 ( 2)
  22 I   0.10064 0.43603 0.14131 0.32202 ( 2)
  23 P   0.01455 0.98395 0.00002 0.00148 ( 2)
  24 G   0.00207 0.94646 0.00008 0.05138 ( 2)
  25 L   0.13097 0.86626 0.00036 0.00241 ( 2)
  26 I   0.39945 0.59754 0.00103 0.00198 ( 2)
  27 P   0.98880 0.01004 0.00115 0.00001 ( 1)
  28 N   0.33252 0.64835 0.00577 0.01336 ( 2)
  29 W   0.33189 0.66708 0.00034 0.00069 ( 2)
  30 F   0.96524 0.03299 0.00170 0.00007 ( 1)
  31 D   0.00112 0.96841 0.00007 0.03041 ( 2)
  32 Y   0.04946 0.91563 0.00807 0.02683 ( 2)
  33 A   0.98402 0.01398 0.00196 0.00003 ( 1)
  34 P   0.05943 0.93917 0.00007 0.00133 ( 2)
  35 -   0.00309 0.94995 0.00015 0.04681 ( 2)
  36 S   0.00003 0.99765 0.00000 0.00231 ( 2)
  37 F   0.98358 0.01471 0.00167 0.00003 ( 1)
  38 N   0.00080 0.99512 0.00000 0.00408 ( 2)
  39 E   0.00981 0.98912 0.00001 0.00106 ( 2)
  40 L   0.94485 0.05361 0.00145 0.00009 ( 1)
  41 E   0.98981 0.00839 0.00178 0.00002 ( 1)
  42 L   0.51848 0.48031 0.00058 0.00063 ( 1)
  43 A   0.01029 0.98723 0.00002 0.00247 ( 2)
  44 L   0.48512 0.51213 0.00133 0.00142 ( 2)
  45 I   0.69926 0.29800 0.00175 0.00098 ( 1)
  46 P   0.35359 0.52899 0.03235 0.08507 ( 2)
  47 S   0.01111 0.98662 0.00002 0.00225 ( 2)
  48 P   0.96998 0.02884 0.00113 0.00004 ( 1)
  49 R   0.00147 0.99761 0.00000 0.00092 ( 2)
  50 T   0.57412 0.42309 0.00149 0.00130 ( 1)
  51 V   0.22165 0.50495 0.23488 0.03852 ( 2)
  52 T   0.07019 0.92614 0.00021 0.00346 ( 2)
  53 W   0.94207 0.05691 0.00096 0.00006 ( 1)
  54 L   0.76470 0.23376 0.00114 0.00040 ( 1)
  55 N   0.95807 0.03895 0.00283 0.00016 ( 1)
  56 K   0.16040 0.83683 0.00036 0.00242 ( 2)
  57 I   0.12699 0.87045 0.00027 0.00229 ( 2)
  58 T   0.00122 0.99571 0.00000 0.00306 ( 2)
  59 I   0.95836 0.03913 0.00238 0.00013 ( 1)
  60 S   0.00185 0.99586 0.00000 0.00229 ( 2)
  61 T   0.03442 0.92189 0.00125 0.04244 ( 2)
  62 G   0.18909 0.80917 0.00027 0.00147 ( 2)
  63 R   0.00000 0.99833 0.00000 0.00167 ( 2)
  64 L   0.07658 0.92169 0.00012 0.00161 ( 2)
  65 N   0.00187 0.99702 0.00000 0.00111 ( 2)
  66 G   0.00195 0.99597 0.00000 0.00208 ( 2)
  67 W   0.01280 0.98613 0.00001 0.00106 ( 2)
  68 S   0.06122 0.93788 0.00005 0.00085 ( 2)
  69 T   0.00018 0.99677 0.00000 0.00305 ( 2)
  70 S   0.06501 0.93274 0.00013 0.00212 ( 2)
  71 Q   0.08193 0.91715 0.00007 0.00085 ( 2)
  72 N   0.26758 0.73132 0.00028 0.00082 ( 2)
  73 Y   0.06182 0.93536 0.00014 0.00267 ( 2)
  74 W   0.65044 0.34855 0.00066 0.00036 ( 1)
  75 Q   0.12996 0.86883 0.00014 0.00106 ( 2)
  76 G   0.98766 0.01094 0.00138 0.00002 ( 1)
  77 H   0.58997 0.40866 0.00073 0.00064 ( 1)
  78 R   0.36146 0.63699 0.00049 0.00106 ( 2)
  79 L   0.88031 0.11852 0.00102 0.00015 ( 1)
  80 E   0.02386 0.97384 0.00005 0.00226 ( 2)
  81 Y   0.03413 0.88716 0.02271 0.05600 ( 2)
  82 S   0.01700 0.98007 0.00005 0.00288 ( 2)
  83 E   0.00548 0.99220 0.00001 0.00231 ( 2)
  84 T   0.98820 0.00935 0.00241 0.00003 ( 1)
  85 S   0.00954 0.98819 0.00002 0.00225 ( 2)
  86 A   0.07294 0.91133 0.00104 0.01469 ( 2)
  87 G   0.42816 0.53125 0.01649 0.02410 ( 2)
  88 N   0.00590 0.99003 0.00002 0.00405 ( 2)
  89 N   0.00334 0.97626 0.00005 0.02035 ( 2)
  90 I   0.00021 0.26553 0.09754 0.63673 ( 4)
  91 I   0.00007 0.45419 0.00127 0.54447 ( 4)
  92 S   0.15417 0.84363 0.00027 0.00193 ( 2)
  93 P   0.31857 0.66891 0.00427 0.00825 ( 2)
  94 T   0.35147 0.64515 0.00100 0.00239 ( 2)
  95 Y   0.98605 0.01175 0.00218 0.00003 ( 1)
  96 G   0.98654 0.01236 0.00109 0.00001 ( 1)
  97 D   0.00011 0.59054 0.03362 0.37573 ( 2)
  98 F   0.78736 0.21079 0.00137 0.00047 ( 1)
  99 N   0.29236 0.70652 0.00031 0.00081 ( 2)
 100 E   0.00061 0.04768 0.33275 0.61897 ( 4)
 101 S   0.91452 0.08346 0.00182 0.00019 ( 1)
 102 V   0.47082 0.52686 0.00094 0.00137 ( 2)
 103 A   0.01280 0.98433 0.00003 0.00285 ( 2)
 104 L   0.00005 0.29260 0.00017 0.70718 ( 4)
 105 H   0.00105 0.99734 0.00000 0.00161 ( 2)
 106 R   0.00011 0.99821 0.00000 0.00169 ( 2)
 107 D   0.09172 0.90518 0.00022 0.00289 ( 2)
 108 F   0.99504 0.00327 0.00169 0.00001 ( 1)
 109 S   0.23915 0.58290 0.15930 0.01866 ( 2)
 110 V   0.83146 0.16667 0.00151 0.00036 ( 1)
 111 L   0.30832 0.69062 0.00032 0.00074 ( 2)
 112 N   0.00233 0.99360 0.00001 0.00406 ( 2)
 113 R   0.83542 0.16389 0.00056 0.00012 ( 1)
 114 D   0.99448 0.00326 0.00225 0.00001 ( 1)
 115 V   0.89171 0.10542 0.00255 0.00032 ( 1)
 116 Y   0.98938 0.00765 0.00294 0.00002 ( 1)
 117 T   0.00501 0.99189 0.00001 0.00309 ( 2)
 118 M   0.01160 0.98752 0.00001 0.00087 ( 2)
 119 D   0.03118 0.96569 0.00007 0.00307 ( 2)
 120 S   0.46506 0.53280 0.00093 0.00121 ( 2)
 121 Y   0.00668 0.99044 0.00002 0.00286 ( 2)
 122 A   0.54017 0.45761 0.00108 0.00114 ( 1)
 123 V   0.01628 0.98157 0.00003 0.00212 ( 2)
 124 S   0.08303 0.91471 0.00017 0.00209 ( 2)
 125 Q   0.08022 0.91857 0.00009 0.00111 ( 2)
 126 F   0.00803 0.91618 0.00979 0.06600 ( 2)
 127 -   0.44300 0.51004 0.02183 0.02513 ( 2)
 128 -   0.54244 0.41060 0.02673 0.02023 ( 1)
 129 -   0.01464 0.93840 0.00072 0.04624 ( 2)
 130 -   0.17973 0.77331 0.00886 0.03811 ( 2)
 131 -   0.00786 0.94518 0.00039 0.04657 ( 2)
 132 -   0.67218 0.28086 0.03312 0.01384 ( 1)
 133 F   0.36298 0.63499 0.00062 0.00141 ( 2)
 134 G   0.33480 0.66351 0.00048 0.00120 ( 2)
 135 I   0.72522 0.21769 0.04997 0.00713 ( 1)
 136 S   0.77340 0.22473 0.00136 0.00051 ( 1)
 137 T   0.00002 0.99693 0.00000 0.00305 ( 2)
 138 A   0.01404 0.98305 0.00003 0.00288 ( 2)
 139 T   0.02955 0.96678 0.00010 0.00357 ( 2)
 140 L   0.95665 0.04227 0.00102 0.00005 ( 1)
 141 F   0.59670 0.40135 0.00105 0.00090 ( 1)
 142 G   0.00153 0.99705 0.00000 0.00142 ( 2)
 143 V   0.97702 0.02095 0.00197 0.00005 ( 1)
 144 S   0.43339 0.56421 0.00093 0.00148 ( 2)
 145 D   0.00211 0.99473 0.00000 0.00316 ( 2)
 146 N   0.10402 0.89206 0.00030 0.00362 ( 2)
 147 D   0.83878 0.09338 0.06203 0.00582 ( 1)
 148 F   0.00002 0.99861 0.00000 0.00137 ( 2)
 149 Q   0.71394 0.28495 0.00077 0.00035 ( 1)
 150 Y   0.00656 0.99037 0.00002 0.00306 ( 2)
 151 Q   0.58683 0.41205 0.00063 0.00049 ( 1)
 152 D   0.14039 0.85856 0.00014 0.00091 ( 2)
 153 L   0.00051 0.99819 0.00000 0.00130 ( 2)
 154 N   0.84997 0.14684 0.00259 0.00060 ( 1)
 155 S   0.05277 0.94497 0.00009 0.00216 ( 2)
 156 N   0.48762 0.50887 0.00143 0.00208 ( 2)
 157 R   0.00001 0.00156 0.40453 0.59390 ( 4)
 158 P   0.44710 0.55160 0.00053 0.00077 ( 2)
 159 G   0.42510 0.57376 0.00047 0.00068 ( 2)
 160 E   0.00443 0.41656 0.23600 0.34301 ( 2)
 161 I   0.01646 0.32428 0.26778 0.39148 ( 4)
 162 S   0.00310 0.95002 0.00188 0.04500 ( 2)
 163 Y   0.00018 0.99693 0.00000 0.00289 ( 2)
 164 T   0.42930 0.56791 0.00105 0.00174 ( 2)
 165 N   0.93948 0.04191 0.01771 0.00090 ( 1)
 166 P   0.32222 0.67644 0.00040 0.00095 ( 2)
 167 P   0.39736 0.60129 0.00047 0.00088 ( 2)
 168 S   0.67111 0.32696 0.00118 0.00075 ( 1)
 169 W   0.05209 0.94684 0.00005 0.00102 ( 2)
 170 G   0.01784 0.98036 0.00003 0.00178 ( 2)
 171 G   0.00323 0.96221 0.00011 0.03445 ( 2)
 172 L   0.00015 0.99853 0.00000 0.00132 ( 2)
 173 H   0.00047 0.99851 0.00000 0.00103 ( 2)
 174 I   0.06319 0.93357 0.00016 0.00308 ( 2)
 175 Y   0.92873 0.06903 0.00205 0.00019 ( 1)
 176 S   0.45584 0.54184 0.00092 0.00140 ( 2)
 177 E   0.08597 0.91175 0.00017 0.00211 ( 2)
 178 L   0.44092 0.55743 0.00067 0.00097 ( 2)
 179 P   0.02031 0.94688 0.00034 0.03248 ( 2)
 180 A   0.01415 0.98353 0.00003 0.00228 ( 2)
 181 K   0.00015 0.00698 0.96738 0.02549 ( 3)
 182 P   0.97077 0.02805 0.00114 0.00004 ( 1)
 183 T   0.96138 0.03611 0.00240 0.00011 ( 1)
 184 I   0.05217 0.90345 0.01279 0.03159 ( 2)
 185 P   0.02191 0.97661 0.00003 0.00145 ( 2)
 186 G   0.00167 0.99714 0.00000 0.00119 ( 2)
 187 I   0.00427 0.95907 0.00283 0.03382 ( 2)
 188 E   0.00037 0.99731 0.00000 0.00232 ( 2)
 189 P   0.99338 0.00544 0.00117 0.00001 ( 1)
 190 G   0.28402 0.71459 0.00036 0.00103 ( 2)
 191 R   0.09054 0.90871 0.00006 0.00068 ( 2)
 192 P   0.49950 0.49918 0.00062 0.00070 ( 1)
 193 T   0.92017 0.07117 0.00780 0.00085 ( 1)
 194 A   0.08653 0.91063 0.00020 0.00264 ( 2)
 195 N   0.68367 0.31527 0.00071 0.00035 ( 1)
 196 D   0.75556 0.18870 0.04981 0.00593 ( 1)
 197 Y   0.98605 0.01175 0.00218 0.00003 ( 1)
 198 S   0.97638 0.02196 0.00161 0.00005 ( 1)
 199 H   0.99586 0.00318 0.00096 0.00000 ( 1)
 200 R   0.97931 0.01937 0.00130 0.00003 ( 1)
 201 L   0.94192 0.02223 0.03506 0.00079 ( 1)
 202 T   0.96698 0.03107 0.00189 0.00007 ( 1)
 203 Y   0.52301 0.47450 0.00115 0.00133 ( 1)
 204 L   0.57146 0.42749 0.00059 0.00046 ( 1)
 205 T   0.83665 0.16075 0.00211 0.00049 ( 1)
 206 A   0.83541 0.16222 0.00190 0.00047 ( 1)
 207 S   0.44822 0.54939 0.00096 0.00143 ( 2)
 208 R   0.00651 0.99258 0.00001 0.00091 ( 2)
 209 A   0.04830 0.93679 0.00053 0.01438 ( 2)
 210 G   0.00078 0.99806 0.00000 0.00117 ( 2)
 211 T   0.06631 0.93009 0.00018 0.00342 ( 2)
 212 A   0.84614 0.15150 0.00192 0.00044 ( 1)
 213 -   0.07537 0.87767 0.00371 0.04325 ( 2)
 214 -   0.38782 0.56522 0.01911 0.02785 ( 2)
 215 -   0.38782 0.56522 0.01911 0.02785 ( 2)
 216 -   0.38782 0.56522 0.01911 0.02785 ( 2)
 217 -   0.38782 0.56522 0.01911 0.02785 ( 2)
 218 -   0.38782 0.56522 0.01911 0.02785 ( 2)
 219 -   0.38782 0.56522 0.01911 0.02785 ( 2)
 220 -   0.38782 0.56522 0.01911 0.02785 ( 2)
 221 -   0.38782 0.56522 0.01911 0.02785 ( 2)
 222 G   0.98869 0.01013 0.00117 0.00001 ( 1)
 223 H   0.01683 0.98154 0.00002 0.00160 ( 2)
 224 V   0.97702 0.02095 0.00197 0.00005 ( 1)
 225 L   0.85725 0.13047 0.01008 0.00220 ( 1)
 226 C   0.35116 0.64021 0.00213 0.00651 ( 2)
 227 Y   0.06451 0.60699 0.16821 0.16028 ( 2)
 228 G   0.98331 0.01470 0.00196 0.00003 ( 1)
 229 W   0.94207 0.05691 0.00096 0.00006 ( 1)
 230 T   0.98228 0.01528 0.00239 0.00005 ( 1)
 231 S   0.89990 0.09790 0.00194 0.00026 ( 1)
 232 S   0.02916 0.96856 0.00006 0.00222 ( 2)
 233 T   0.91842 0.07867 0.00262 0.00029 ( 1)


lnL = -3499.793369

Bayes Empirical Bayes (BEB) probabilities for 4 classes (class)
(amino acids refer to 1st sequence: BT_Cry71Aa1)

   1 K   0.14538 0.11652 0.66884 0.06926 ( 3)
   2 V   0.38760 0.27960 0.19573 0.13706 ( 1)
   3 K   0.03444 0.62507 0.01841 0.32208 ( 2)
   4 S   0.03727 0.62177 0.01995 0.32100 ( 2)
   5 E   0.66370 0.00851 0.32371 0.00408 ( 1)
   6 L   0.61102 0.05781 0.30316 0.02801 ( 1)
   7 T   0.63921 0.01361 0.34019 0.00700 ( 1)
   8 R   0.66623 0.00434 0.32735 0.00209 ( 1)
   9 E   0.13857 0.53025 0.07006 0.26113 ( 2)
  10 I   0.67270 0.00587 0.31868 0.00276 ( 1)
  11 Y   0.45081 0.22049 0.22242 0.10628 ( 1)
  12 T   0.66290 0.01358 0.31711 0.00641 ( 1)
  13 D   0.67838 0.00315 0.31700 0.00146 ( 1)
  14 P   0.65770 0.00686 0.33206 0.00338 ( 1)
  15 V   0.49344 0.17441 0.24724 0.08491 ( 1)
  16 G   0.66985 0.00368 0.32472 0.00175 ( 1)
  17 V   0.09178 0.56230 0.05027 0.29565 ( 2)
  18 A   0.06358 0.47421 0.13501 0.32720 ( 2)
  19 T   0.15716 0.49764 0.08538 0.25982 ( 2)
  20 S   0.56335 0.09223 0.29722 0.04720 ( 1)
  21 T   0.21331 0.44193 0.11517 0.22959 ( 2)
  22 I   0.14349 0.34275 0.23647 0.27729 ( 2)
  23 P   0.02686 0.63982 0.01383 0.31949 ( 2)
  24 G   0.00500 0.66356 0.00254 0.32890 ( 2)
  25 L   0.15545 0.49490 0.08640 0.26324 ( 2)
  26 I   0.37087 0.30482 0.17955 0.14475 ( 1)
  27 P   0.66190 0.00815 0.32602 0.00393 ( 1)
  28 N   0.30127 0.35557 0.15971 0.18346 ( 2)
  29 W   0.29474 0.35836 0.16016 0.18674 ( 2)
  30 F   0.65326 0.02178 0.31466 0.01030 ( 1)
  31 D   0.00238 0.60145 0.00240 0.39377 ( 2)
  32 Y   0.06397 0.49747 0.11035 0.32821 ( 2)
  33 A   0.65789 0.01140 0.32519 0.00552 ( 1)
  34 P   0.09075 0.57155 0.04767 0.29003 ( 2)
  35 -   0.00530 0.64041 0.00305 0.35124 ( 2)
  36 S   0.00012 0.65877 0.00006 0.34105 ( 2)
  37 F   0.66343 0.01184 0.31912 0.00561 ( 1)
  38 N   0.00192 0.67417 0.00093 0.32297 ( 2)
  39 E   0.01472 0.64329 0.00794 0.33405 ( 2)
  40 L   0.62841 0.03332 0.32173 0.01654 ( 1)
  41 E   0.66519 0.00702 0.32442 0.00337 ( 1)
  42 L   0.43656 0.23131 0.21947 0.11266 ( 1)
  43 A   0.01902 0.64663 0.00984 0.32451 ( 2)
  44 L   0.38464 0.26593 0.21024 0.13919 ( 1)
  45 I   0.51199 0.16497 0.24536 0.07768 ( 1)
  46 P   0.30828 0.29848 0.19641 0.19684 ( 1)
  47 S   0.02239 0.65203 0.01103 0.31456 ( 2)
  48 P   0.64870 0.02129 0.31975 0.01026 ( 1)
  49 R   0.00342 0.65995 0.00180 0.33483 ( 2)
  50 T   0.44781 0.22098 0.22379 0.10743 ( 1)
  51 V   0.14554 0.21784 0.49861 0.13801 ( 3)
  52 T   0.09599 0.57639 0.04753 0.28009 ( 2)
  53 W   0.61630 0.03726 0.32734 0.01909 ( 1)
  54 L   0.52598 0.13546 0.27099 0.06757 ( 1)
  55 N   0.65636 0.02643 0.30500 0.01221 ( 1)
  56 K   0.17271 0.49780 0.08628 0.24321 ( 2)
  57 I   0.14661 0.52294 0.07374 0.25671 ( 2)
  58 T   0.00290 0.66341 0.00149 0.33220 ( 2)
  59 I   0.65164 0.02646 0.30949 0.01241 ( 1)
  60 S   0.00418 0.65479 0.00224 0.33879 ( 2)
  61 T   0.05148 0.62061 0.02559 0.30232 ( 2)
  62 G   0.20702 0.46357 0.10353 0.22588 ( 2)
  63 R   0.00001 0.66682 0.00001 0.33317 ( 2)
  64 L   0.09665 0.56320 0.05136 0.28879 ( 2)
  65 N   0.00361 0.65373 0.00195 0.34071 ( 2)
  66 G   0.00387 0.64721 0.00217 0.34675 ( 2)
  67 W   0.02454 0.62811 0.01361 0.33374 ( 2)
  68 S   0.08818 0.56678 0.04812 0.29693 ( 2)
  69 T   0.00043 0.66588 0.00022 0.33347 ( 2)
  70 S   0.08351 0.57574 0.04452 0.29622 ( 2)
  71 Q   0.09169 0.56150 0.05046 0.29635 ( 2)
  72 N   0.24129 0.41667 0.12846 0.21358 ( 2)
  73 Y   0.09389 0.57502 0.04751 0.28359 ( 2)
  74 W   0.46241 0.19093 0.24821 0.09845 ( 1)
  75 Q   0.15332 0.50699 0.08111 0.25858 ( 2)
  76 G   0.66455 0.00896 0.32222 0.00427 ( 1)
  77 H   0.43173 0.24124 0.21158 0.11545 ( 1)
  78 R   0.32313 0.34548 0.16248 0.16891 ( 2)
  79 L   0.58888 0.06933 0.30691 0.03489 ( 1)
  80 E   0.04010 0.62805 0.02042 0.31143 ( 2)
  81 Y   0.04776 0.49582 0.12455 0.33187 ( 2)
  82 S   0.02542 0.62644 0.01415 0.33400 ( 2)
  83 E   0.01213 0.65584 0.00619 0.32584 ( 2)
  84 T   0.66238 0.00807 0.32565 0.00390 ( 1)
  85 S   0.01926 0.65513 0.00949 0.31611 ( 2)
  86 A   0.08884 0.57705 0.04576 0.28836 ( 2)
  87 G   0.32269 0.34800 0.16039 0.16892 ( 2)
  88 N   0.01316 0.66305 0.00638 0.31742 ( 2)
  89 N   0.00612 0.66751 0.00299 0.32339 ( 2)
  90 I   0.00140 0.47491 0.04049 0.48320 ( 4)
  91 I   0.00036 0.50830 0.00158 0.48975 ( 2)
  92 S   0.17701 0.49861 0.08625 0.23813 ( 2)
  93 P   0.30709 0.34606 0.16665 0.18019 ( 2)
  94 T   0.32664 0.34768 0.15925 0.16642 ( 2)
  95 Y   0.66315 0.00966 0.32257 0.00462 ( 1)
  96 G   0.64520 0.00925 0.34082 0.00472 ( 1)
  97 D   0.00046 0.50767 0.01637 0.47549 ( 2)
  98 F   0.55870 0.11568 0.27083 0.05478 ( 1)
  99 N   0.26347 0.39453 0.14006 0.20193 ( 2)
 100 E   0.01321 0.38683 0.12617 0.47380 ( 4)
 101 S   0.60918 0.05200 0.31290 0.02592 ( 1)
 102 V   0.34032 0.33267 0.16693 0.16008 ( 1)
 103 A   0.02126 0.64978 0.01064 0.31832 ( 2)
 104 L   0.00040 0.61184 0.00025 0.38751 ( 2)
 105 H   0.00279 0.66738 0.00141 0.32841 ( 2)
 106 R   0.00035 0.66643 0.00018 0.33303 ( 2)
 107 D   0.12609 0.55022 0.06118 0.26252 ( 2)
 108 F   0.67234 0.00298 0.32327 0.00141 ( 1)
 109 S   0.14492 0.20992 0.52832 0.11684 ( 3)
 110 V   0.56973 0.09851 0.28393 0.04783 ( 1)
 111 L   0.27125 0.38346 0.14645 0.19884 ( 2)
 112 N   0.00544 0.67069 0.00264 0.32123 ( 2)
 113 R   0.57236 0.08638 0.29798 0.04329 ( 1)
 114 D   0.67838 0.00315 0.31700 0.00146 ( 1)
 115 V   0.58830 0.06395 0.31481 0.03294 ( 1)
 116 Y   0.64567 0.00606 0.34515 0.00313 ( 1)
 117 T   0.00964 0.65663 0.00496 0.32877 ( 2)
 118 M   0.02081 0.64475 0.01079 0.32364 ( 2)
 119 D   0.04983 0.62584 0.02428 0.30005 ( 2)
 120 S   0.36995 0.29036 0.19317 0.14651 ( 1)
 121 Y   0.01287 0.65547 0.00655 0.32512 ( 2)
 122 A   0.41312 0.25480 0.20751 0.12457 ( 1)
 123 V   0.02686 0.63858 0.01390 0.32067 ( 2)
 124 S   0.09484 0.56444 0.05051 0.29021 ( 2)
 125 Q   0.11432 0.54588 0.06065 0.27915 ( 2)
 126 F   0.01403 0.54780 0.05794 0.38022 ( 2)
 127 -   0.32204 0.32367 0.18055 0.17374 ( 2)
 128 -   0.40939 0.23632 0.22829 0.12599 ( 1)
 129 -   0.02289 0.62282 0.01314 0.34114 ( 2)
 130 -   0.18501 0.46071 0.10492 0.24937 ( 2)
 131 -   0.01133 0.63439 0.00651 0.34778 ( 2)
 132 -   0.48556 0.16015 0.26933 0.08496 ( 1)
 133 F   0.29343 0.37930 0.14456 0.18271 ( 2)
 134 G   0.27925 0.39179 0.13888 0.19008 ( 2)
 135 I   0.42263 0.09999 0.41601 0.06137 ( 1)
 136 S   0.56300 0.11555 0.26765 0.05380 ( 1)
 137 T   0.00006 0.66622 0.00003 0.33369 ( 2)
 138 A   0.02547 0.64555 0.01277 0.31621 ( 2)
 139 T   0.04077 0.61118 0.02265 0.32539 ( 2)
 140 L   0.63806 0.03090 0.31608 0.01496 ( 1)
 141 F   0.45505 0.21868 0.22202 0.10425 ( 1)
 142 G   0.00303 0.65960 0.00160 0.33578 ( 2)
 143 V   0.66044 0.01476 0.31782 0.00699 ( 1)
 144 S   0.38157 0.28869 0.18986 0.13988 ( 1)
 145 D   0.00450 0.67075 0.00220 0.32255 ( 2)
 146 N   0.11661 0.56075 0.05602 0.26662 ( 2)
 147 D   0.51833 0.05055 0.39905 0.03207 ( 1)
 148 F   0.00008 0.65382 0.00005 0.34605 ( 2)
 149 Q   0.49785 0.16360 0.25691 0.08165 ( 1)
 150 Y   0.01191 0.63907 0.00666 0.34236 ( 2)
 151 Q   0.44471 0.21658 0.23042 0.10828 ( 1)
 152 D   0.15517 0.50128 0.08368 0.25987 ( 2)
 153 L   0.00141 0.66440 0.00073 0.33345 ( 2)
 154 N   0.60270 0.07934 0.28137 0.03660 ( 1)
 155 S   0.07919 0.59566 0.03885 0.28629 ( 2)
 156 N   0.35500 0.32473 0.16790 0.15237 ( 1)
 157 R   0.00486 0.43765 0.04642 0.51107 ( 4)
 158 P   0.31996 0.34325 0.16508 0.17171 ( 2)
 159 G   0.30148 0.35237 0.16290 0.18325 ( 2)
 160 E   0.00992 0.46694 0.08697 0.43616 ( 2)
 161 I   0.03463 0.43621 0.14150 0.38765 ( 2)
 162 S   0.00630 0.56682 0.01869 0.40818 ( 2)
 163 Y   0.00050 0.66774 0.00025 0.33151 ( 2)
 164 T   0.33873 0.32971 0.17007 0.16149 ( 1)
 165 N   0.64975 0.03113 0.30454 0.01458 ( 1)
 166 P   0.31418 0.34896 0.16251 0.17435 ( 2)
 167 P   0.32971 0.33862 0.16600 0.16566 ( 2)
 168 S   0.50639 0.17173 0.24159 0.08029 ( 1)
 169 W   0.07415 0.57858 0.04096 0.30630 ( 2)
 170 G   0.03159 0.63788 0.01601 0.31452 ( 2)
 171 G   0.00624 0.64511 0.00349 0.34516 ( 2)
 172 L   0.00048 0.66531 0.00025 0.33396 ( 2)
 173 H   0.00123 0.65184 0.00068 0.34624 ( 2)
 174 I   0.08059 0.59280 0.03975 0.28685 ( 2)
 175 Y   0.62727 0.04530 0.30576 0.02167 ( 1)
 176 S   0.36649 0.30389 0.18219 0.14743 ( 1)
 177 E   0.12940 0.53927 0.06556 0.26578 ( 2)
 178 L   0.31487 0.34576 0.16448 0.17489 ( 2)
 179 P   0.03603 0.63048 0.01854 0.31495 ( 2)
 180 A   0.02288 0.63120 0.01259 0.33332 ( 2)
 181 K   0.00637 0.13840 0.74114 0.11409 ( 3)
 182 P   0.64422 0.02029 0.32551 0.00998 ( 1)
 183 T   0.64611 0.02402 0.31829 0.01158 ( 1)
 184 I   0.06829 0.48183 0.13230 0.31758 ( 2)
 185 P   0.03092 0.63578 0.01592 0.31738 ( 2)
 186 G   0.00340 0.64994 0.00188 0.34479 ( 2)
 187 I   0.00822 0.57178 0.03174 0.38826 ( 2)
 188 E   0.00097 0.66693 0.00049 0.33161 ( 2)
 189 P   0.66012 0.00445 0.33324 0.00219 ( 1)
 190 G   0.28527 0.37849 0.14726 0.18898 ( 2)
 191 R   0.12619 0.53138 0.06781 0.27462 ( 2)
 192 P   0.40467 0.25882 0.20796 0.12855 ( 1)
 193 T   0.63576 0.04051 0.30473 0.01900 ( 1)
 194 A   0.10624 0.56537 0.05296 0.27543 ( 2)
 195 N   0.49538 0.16321 0.25920 0.08221 ( 1)
 196 D   0.43620 0.08591 0.42627 0.05163 ( 1)
 197 Y   0.66315 0.00966 0.32257 0.00462 ( 1)
 198 S   0.66327 0.01634 0.31278 0.00761 ( 1)
 199 H   0.65151 0.00260 0.34456 0.00133 ( 1)
 200 R   0.65569 0.01483 0.32235 0.00714 ( 1)
 201 L   0.64061 0.01673 0.33414 0.00852 ( 1)
 202 T   0.63614 0.01966 0.33422 0.00998 ( 1)
 203 Y   0.40687 0.26424 0.20122 0.12767 ( 1)
 204 L   0.43498 0.22002 0.23220 0.11280 ( 1)
 205 T   0.57432 0.09543 0.28412 0.04613 ( 1)
 206 A   0.57989 0.09535 0.27960 0.04516 ( 1)
 207 S   0.39421 0.27610 0.19605 0.13363 ( 1)
 208 R   0.01418 0.64923 0.00744 0.32915 ( 2)
 209 A   0.07548 0.59035 0.03892 0.29525 ( 2)
 210 G   0.00209 0.65125 0.00116 0.34550 ( 2)
 211 T   0.08070 0.59164 0.03993 0.28773 ( 2)
 212 A   0.58334 0.09188 0.28125 0.04352 ( 1)
 213 -   0.09596 0.54975 0.05479 0.29949 ( 2)
 214 -   0.28601 0.35971 0.16076 0.19352 ( 2)
 215 -   0.28601 0.35971 0.16076 0.19352 ( 2)
 216 -   0.28601 0.35971 0.16076 0.19352 ( 2)
 217 -   0.28601 0.35971 0.16076 0.19352 ( 2)
 218 -   0.28601 0.35971 0.16076 0.19352 ( 2)
 219 -   0.28601 0.35971 0.16076 0.19352 ( 2)
 220 -   0.28601 0.35971 0.16076 0.19352 ( 2)
 221 -   0.28601 0.35971 0.16076 0.19352 ( 2)
 222 G   0.65749 0.00797 0.33064 0.00391 ( 1)
 223 H   0.02987 0.64045 0.01507 0.31461 ( 2)
 224 V   0.66044 0.01476 0.31782 0.00699 ( 1)
 225 L   0.58641 0.07442 0.30190 0.03726 ( 1)
 226 C   0.31311 0.35544 0.15750 0.17394 ( 2)
 227 Y   0.10733 0.49420 0.11251 0.28596 ( 2)
 228 G   0.64082 0.01102 0.34247 0.00568 ( 1)
 229 W   0.61630 0.03726 0.32734 0.01909 ( 1)
 230 T   0.65780 0.01262 0.32348 0.00610 ( 1)
 231 S   0.61946 0.05215 0.30352 0.02487 ( 1)
 232 S   0.04838 0.61069 0.02589 0.31504 ( 2)
 233 T   0.62690 0.04986 0.29973 0.02351 ( 1)

