Supplemental results for CODEML (seqf: algn  treef: tree)


dN/dS (w) for site classes (K=4)

site class             0        1       2a       2b
proportion       0.60027  0.29929  0.06702  0.03342
background w     0.08431  1.24087  0.08431  1.24087
foreground w     0.08431  1.24087 26.92432 26.92432

Naive Empirical Bayes (NEB) probabilities for 4 classes
(amino acids refer to 1st sequence: BT_Cry30Aa1)

   1 -   0.62075 0.27881 0.06931 0.03113 ( 1)
   2 -   0.60336 0.29620 0.06737 0.03307 ( 1)
   3 -   0.61930 0.28026 0.06915 0.03129 ( 1)
   4 -   0.62194 0.27762 0.06944 0.03100 ( 1)
   5 R   0.00242 0.46124 0.07726 0.45908 ( 2)
   6 I   0.89859 0.05981 0.03725 0.00435 ( 1)
   7 T   0.29841 0.03087 0.66593 0.00480 ( 3)
   8 Q   0.99180 0.00280 0.00538 0.00002 ( 1)
   9 I   0.93596 0.05391 0.00921 0.00093 ( 1)
  10 P   0.96282 0.00395 0.03308 0.00014 ( 1)
  11 A   0.97043 0.00297 0.02649 0.00011 ( 1)
  12 V   0.97237 0.00352 0.02402 0.00009 ( 1)
  13 K   0.98990 0.00190 0.00818 0.00003 ( 1)
  14 A   0.19273 0.76573 0.00543 0.03611 ( 2)
  15 Y   0.00014 0.94730 0.00007 0.05249 ( 2)
  16 S   0.00002 0.77207 0.00009 0.22782 ( 2)
  17 L   0.96539 0.02959 0.00479 0.00023 ( 1)
  18 T   0.00001 0.07362 0.03839 0.88798 ( 4)
  19 S   0.26729 0.71835 0.00239 0.01198 ( 2)
  20 P   0.01954 0.07400 0.83615 0.07031 ( 3)
  21 -   0.00239 0.20116 0.53228 0.26418 ( 3)
  22 -   0.12305 0.61500 0.17515 0.08680 ( 2)
  23 -   0.15273 0.72536 0.08164 0.04027 ( 2)
  24 -   0.00009 0.02476 0.64807 0.32709 ( 3)
  25 -   0.60027 0.29929 0.06702 0.03342 ( 1)
  26 A   0.09458 0.02532 0.86541 0.01468 ( 3)
  27 R   0.03321 0.90531 0.01133 0.05014 ( 2)
  28 V   0.98966 0.00343 0.00687 0.00004 ( 1)
  29 I   0.98730 0.00293 0.00971 0.00005 ( 1)
  30 V   0.05844 0.92752 0.00048 0.01356 ( 2)
  31 G   0.96794 0.00487 0.02705 0.00015 ( 1)
  32 P   0.84951 0.05005 0.09485 0.00559 ( 1)
  33 G   0.29803 0.23541 0.43676 0.02980 ( 3)
  34 H   0.39275 0.01305 0.59271 0.00148 ( 3)
  35 T   0.96202 0.00482 0.03293 0.00023 ( 1)
  36 G   0.99279 0.00354 0.00365 0.00002 ( 1)
  37 G   0.96751 0.00384 0.02854 0.00012 ( 1)
  38 D   0.76395 0.02904 0.20531 0.00170 ( 1)
  39 L   0.98501 0.00820 0.00672 0.00007 ( 1)
  40 V   0.96595 0.01342 0.02031 0.00032 ( 1)
  41 A   0.29039 0.52576 0.15306 0.03079 ( 2)
  42 L   0.98439 0.01080 0.00472 0.00008 ( 1)
  43 L   0.98288 0.01031 0.00672 0.00009 ( 1)
  44 -   0.77259 0.21778 0.00644 0.00319 ( 1)
  45 -   0.11640 0.60244 0.18788 0.09328 ( 2)
  46 -   0.76915 0.22523 0.00377 0.00186 ( 1)
  47 -   0.69980 0.29021 0.00676 0.00324 ( 1)
  48 -   0.76811 0.22438 0.00503 0.00249 ( 1)
  49 -   0.75209 0.24193 0.00401 0.00197 ( 1)
  50 N   0.97478 0.01796 0.00710 0.00016 ( 1)
  51 S   0.00004 0.94347 0.00002 0.05647 ( 2)
  52 G   0.00001 0.25454 0.00052 0.74494 ( 4)
  53 T   0.02935 0.67682 0.10615 0.18768 ( 2)
  54 Q   0.00034 0.35017 0.06870 0.58079 ( 4)
  55 S   0.02547 0.96876 0.00009 0.00567 ( 2)
  56 G   0.97883 0.00249 0.01862 0.00006 ( 1)
  57 T   0.00277 0.99133 0.00001 0.00589 ( 2)
  58 M   0.98055 0.00963 0.00965 0.00017 ( 1)
  59 Q   0.71226 0.27882 0.00609 0.00282 ( 1)
  60 I   0.76721 0.21186 0.01609 0.00483 ( 1)
  61 Q   0.10153 0.67058 0.15190 0.07600 ( 2)
  62 C   0.29806 0.14282 0.54017 0.01895 ( 3)
  63 K   0.94169 0.05279 0.00508 0.00043 ( 1)
  64 T   0.97354 0.01757 0.00860 0.00029 ( 1)
  65 G   0.76330 0.22880 0.00564 0.00226 ( 1)
  66 S   0.90636 0.08318 0.00902 0.00144 ( 1)
  67 F   0.59821 0.30135 0.06679 0.03365 ( 1)
  68 T   0.88230 0.01726 0.09851 0.00193 ( 1)
  69 G   0.44198 0.45758 0.04935 0.05109 ( 2)
  70 P   0.00402 0.70512 0.02767 0.26319 ( 2)
  71 S   0.23484 0.75966 0.00097 0.00453 ( 2)
  72 R   0.97409 0.02036 0.00539 0.00015 ( 1)
  73 Q   0.42494 0.56786 0.00207 0.00512 ( 2)
  74 Y   0.96621 0.00346 0.03021 0.00012 ( 1)
  75 G   0.92651 0.03681 0.03521 0.00147 ( 1)
  76 L   0.90208 0.08753 0.00885 0.00155 ( 1)
  77 R   0.98223 0.01440 0.00330 0.00007 ( 1)
  78 M   0.46576 0.52789 0.00226 0.00409 ( 2)
  79 R   0.98550 0.00608 0.00835 0.00006 ( 1)
  80 Y   0.99263 0.00210 0.00525 0.00002 ( 1)
  81 A   0.97015 0.00341 0.02634 0.00010 ( 1)
  82 A   0.98978 0.00337 0.00682 0.00004 ( 1)
  83 N   0.99132 0.00287 0.00578 0.00003 ( 1)
  84 S   0.90877 0.08246 0.00756 0.00121 ( 1)
  85 A   0.48330 0.50794 0.00313 0.00562 ( 2)
  86 F   0.46723 0.52386 0.00311 0.00580 ( 2)
  87 T   0.88255 0.11175 0.00479 0.00091 ( 1)
  88 V   0.81838 0.17630 0.00396 0.00136 ( 1)
  89 S   0.98039 0.01476 0.00472 0.00013 ( 1)
  90 L   0.93563 0.05712 0.00660 0.00065 ( 1)
  91 S   0.95577 0.03930 0.00463 0.00030 ( 1)
  92 Y   0.89580 0.09889 0.00455 0.00075 ( 1)
  93 T   0.03425 0.95831 0.00019 0.00725 ( 2)
  94 L   0.14806 0.83841 0.00126 0.01227 ( 2)
  95 L   0.00001 0.98882 0.00000 0.01116 ( 2)
  96 -   0.80237 0.09719 0.08959 0.01085 ( 1)
  97 G   0.95372 0.01906 0.02665 0.00057 ( 1)
  98 Q   0.00032 0.96647 0.00001 0.03320 ( 2)
  99 T   0.26345 0.72214 0.00236 0.01205 ( 2)
 100 R   0.00001 0.99024 0.00000 0.00976 ( 2)
 101 G   0.69746 0.29150 0.00618 0.00486 ( 1)
 102 T   0.02369 0.95592 0.00045 0.01993 ( 2)
 103 S   0.38877 0.60465 0.00189 0.00468 ( 2)
 104 F   0.96803 0.02491 0.00678 0.00028 ( 1)
 105 V   0.00002 0.98895 0.00000 0.01102 ( 2)
 106 T   0.90915 0.08559 0.00461 0.00065 ( 1)
 107 E   0.99234 0.00203 0.00561 0.00002 ( 1)
 108 N   0.04269 0.94315 0.00036 0.01380 ( 2)
 109 T   0.98632 0.00398 0.00963 0.00007 ( 1)
 110 F   0.14741 0.00700 0.84351 0.00208 ( 3)
 111 S   0.41252 0.58057 0.00219 0.00472 ( 2)
 112 R   0.98758 0.00835 0.00402 0.00005 ( 1)
 113 S   0.00054 0.94409 0.00026 0.05510 ( 2)
 114 N   0.98924 0.00543 0.00528 0.00004 ( 1)
 115 N   0.99088 0.00189 0.00722 0.00002 ( 1)
 116 I   0.68017 0.21939 0.07594 0.02450 ( 1)
 117 I   0.88120 0.01836 0.09839 0.00205 ( 1)
 118 P   0.85092 0.04864 0.09501 0.00543 ( 1)
 119 T   0.86366 0.03590 0.09643 0.00401 ( 1)
 120 D   0.99310 0.00116 0.00573 0.00001 ( 1)
 121 L   0.98468 0.00852 0.00672 0.00008 ( 1)
 122 K   0.70879 0.03773 0.25017 0.00331 ( 1)
 123 Y   0.96829 0.01911 0.01229 0.00032 ( 1)
 124 E   0.35721 0.27979 0.33819 0.02480 ( 1)
 125 E   0.94203 0.05193 0.00548 0.00055 ( 1)
 126 F   0.98290 0.00185 0.01522 0.00003 ( 1)
 127 K   0.98581 0.00873 0.00540 0.00007 ( 1)
 128 Y   0.19664 0.00828 0.79258 0.00251 ( 3)
 129 K   0.94841 0.04481 0.00628 0.00050 ( 1)
 130 D   0.00221 0.65757 0.07203 0.26818 ( 2)
 131 Y   0.81226 0.15670 0.02574 0.00530 ( 1)
 132 L   0.00001 0.99022 0.00000 0.00977 ( 2)
 133 Q   0.74865 0.23963 0.00748 0.00424 ( 1)
 134 I   0.97536 0.00407 0.02046 0.00010 ( 1)
 135 I   0.98275 0.00706 0.01007 0.00012 ( 1)
 136 T   0.97547 0.01948 0.00490 0.00015 ( 1)
 137 M   0.20213 0.78977 0.00123 0.00686 ( 2)
 138 T   0.53485 0.45731 0.00372 0.00411 ( 1)
 139 L   0.00505 0.96136 0.00016 0.03343 ( 2)
 140 P   0.78978 0.20603 0.00298 0.00121 ( 1)
 141 A   0.01276 0.98144 0.00005 0.00575 ( 2)
 142 N   0.98173 0.01250 0.00565 0.00012 ( 1)
 143 T   0.97354 0.01757 0.00860 0.00029 ( 1)
 144 I   0.86268 0.11836 0.01649 0.00247 ( 1)
 145 I   0.72221 0.27039 0.00497 0.00243 ( 1)
 146 T   0.93273 0.06173 0.00504 0.00050 ( 1)
 147 I   0.93475 0.02319 0.04100 0.00107 ( 1)
 148 S   0.00141 0.98783 0.00001 0.01075 ( 2)
 149 M   0.05448 0.87884 0.02518 0.04150 ( 2)
 150 Q   0.00000 0.67024 0.00002 0.32973 ( 2)
 151 Q   0.60475 0.36791 0.01645 0.01088 ( 1)
 152 A   0.00032 0.98327 0.00000 0.01640 ( 2)
 153 T   0.00376 0.98732 0.00002 0.00890 ( 2)
 154 G   0.00047 0.99185 0.00000 0.00767 ( 2)
 155 L   0.00000 0.99249 0.00000 0.00751 ( 2)
 156 L   0.01100 0.95784 0.00028 0.03088 ( 2)
 157 N   0.99132 0.00287 0.00578 0.00003 ( 1)
 158 N   0.01583 0.97300 0.00011 0.01106 ( 2)
 159 Q   0.87886 0.11149 0.00779 0.00186 ( 1)
 160 L   0.89046 0.08523 0.02202 0.00229 ( 1)
 161 I   0.98739 0.00287 0.00969 0.00005 ( 1)
 162 I   0.94945 0.01982 0.03006 0.00067 ( 1)
 163 D   0.98075 0.01000 0.00914 0.00011 ( 1)
 164 R   0.98443 0.00725 0.00821 0.00011 ( 1)
 165 I   0.96495 0.02514 0.00947 0.00044 ( 1)
 166 E   0.99274 0.00163 0.00562 0.00002 ( 1)
 167 F   0.94961 0.03508 0.01470 0.00061 ( 1)
 168 Y   0.33308 0.64231 0.00663 0.01798 ( 2)
 169 P   0.98959 0.00448 0.00588 0.00004 ( 1)


lnL = -2295.471833

