Supplemental results for CODEML (seqf: algn  treef: tree)


dN/dS (w) for site classes (K=4)

site class             0        1       2a       2b
proportion       0.00000  0.00000  0.48798  0.51202
background w     0.13745  1.00000  0.13745  1.00000
foreground w     0.13745  1.00000  1.00000  1.00000

Naive Empirical Bayes (NEB) probabilities for 4 classes
(amino acids refer to 1st sequence: BT_Cry7Ba1)

   1 -   0.00000 0.00000 0.87498 0.12502 ( 3)
   2 -   0.00000 0.00000 0.30890 0.69110 ( 4)
   3 T   0.00000 0.00000 0.12619 0.87381 ( 4)
   4 V   0.00000 0.00000 0.10159 0.89841 ( 4)
   5 E   0.00000 0.00000 0.99008 0.00992 ( 3)
   6 L   0.00000 0.00000 0.96766 0.03234 ( 3)
   7 T   0.00000 0.00000 0.97898 0.02102 ( 3)
   8 R   0.00000 0.00000 0.99410 0.00590 ( 3)
   9 T   0.00000 0.00000 0.24146 0.75854 ( 4)
  10 I   0.00000 0.00000 0.98677 0.01323 ( 3)
  11 Y   0.00000 0.00000 0.78118 0.21882 ( 3)
  12 T   0.00000 0.00000 0.27246 0.72754 ( 4)
  13 D   0.00000 0.00000 0.88259 0.11741 ( 3)
  14 P   0.00000 0.00000 0.52299 0.47701 ( 3)
  15 L   0.00000 0.00000 0.84219 0.15781 ( 3)
  16 G   0.00000 0.00000 0.92678 0.07322 ( 3)
  17 Y   0.00000 0.00000 0.08154 0.91846 ( 4)
  18 T   0.00000 0.00000 0.25946 0.74054 ( 4)
  19 G   0.00000 0.00000 0.55119 0.44881 ( 3)
  20 Y   0.00000 0.00000 0.21204 0.78796 ( 4)
  21 S   0.00000 0.00000 0.01395 0.98605 ( 4)
  22 N   0.00000 0.00000 0.64475 0.35525 ( 3)
  23 D   0.00000 0.00000 0.16007 0.83993 ( 4)
  24 E   0.00000 0.00000 0.66944 0.33056 ( 3)
  25 H   0.00000 0.00000 0.78178 0.21822 ( 3)
  26 P   0.00000 0.00000 0.81085 0.18915 ( 3)
  27 T   0.00000 0.00000 0.01573 0.98427 ( 4)
  28 Y   0.00000 0.00000 0.21088 0.78912 ( 4)
  29 Y   0.00000 0.00000 0.94434 0.05566 ( 3)
  30 -   0.00000 0.00000 0.48823 0.51177 ( 4)
  31 S   0.00000 0.00000 0.25754 0.74246 ( 4)
  32 S   0.00000 0.00000 0.57674 0.42326 ( 3)
  33 A   0.00000 0.00000 0.11633 0.88367 ( 4)
  34 K   0.00000 0.00000 0.07561 0.92439 ( 4)
  35 P   0.00000 0.00000 0.01420 0.98580 ( 4)
  36 F   0.00000 0.00000 0.64527 0.35473 ( 3)
  37 S   0.00000 0.00000 0.29423 0.70577 ( 4)
  38 S   0.00000 0.00000 0.29776 0.70224 ( 4)
  39 I   0.00000 0.00000 0.93767 0.06233 ( 3)
  40 E   0.00000 0.00000 0.98479 0.01521 ( 3)
  41 S   0.00000 0.00000 0.93933 0.06067 ( 3)
  42 R   0.00000 0.00000 0.49739 0.50261 ( 4)
  43 A   0.00000 0.00000 0.47516 0.52484 ( 4)
  44 V   0.00000 0.00000 0.53987 0.46013 ( 3)
  45 L   0.00000 0.00000 0.12854 0.87146 ( 4)
  46 A   0.00000 0.00000 0.06686 0.93314 ( 4)
  47 P   0.00000 0.00000 0.97477 0.02523 ( 3)
  48 S   0.00000 0.00000 0.01435 0.98565 ( 4)
  49 L   0.00000 0.00000 0.96062 0.03938 ( 3)
  50 F   0.00000 0.00000 0.97390 0.02610 ( 3)
  51 K   0.00000 0.00000 0.13331 0.86669 ( 4)
  52 W   0.00000 0.00000 0.97311 0.02689 ( 3)
  53 I   0.00000 0.00000 0.73312 0.26688 ( 3)
  54 T   0.00000 0.00000 0.93376 0.06624 ( 3)
  55 Q   0.00000 0.00000 0.50729 0.49271 ( 3)
  56 L   0.00000 0.00000 0.84452 0.15548 ( 3)
  57 E   0.00000 0.00000 0.04500 0.95500 ( 4)
  58 V   0.00000 0.00000 0.89646 0.10354 ( 3)
  59 Y   0.00000 0.00000 0.21884 0.78116 ( 4)
  60 T   0.00000 0.00000 0.26663 0.73337 ( 4)
  61 K   0.00000 0.00000 0.02580 0.97420 ( 4)
  62 K   0.00000 0.00000 0.00691 0.99309 ( 4)
  63 Y   0.00000 0.00000 0.00814 0.99186 ( 4)
  64 S   0.00000 0.00000 0.00016 0.99984 ( 4)
  65 Y   0.00000 0.00000 0.03663 0.96337 ( 4)
  66 S   0.00000 0.00000 0.00571 0.99429 ( 4)
  67 S   0.00000 0.00000 0.13313 0.86687 ( 4)
  68 Q   0.00000 0.00000 0.00061 0.99939 ( 4)
  69 Y   0.00000 0.00000 0.92102 0.07898 ( 3)
  70 T   0.00000 0.00000 0.79278 0.20722 ( 3)
  71 T   0.00000 0.00000 0.55717 0.44283 ( 3)
  72 L   0.00000 0.00000 0.00287 0.99713 ( 4)
  73 W   0.00000 0.00000 0.97311 0.02689 ( 3)
  74 T   0.00000 0.00000 0.90671 0.09329 ( 3)
  75 G   0.00000 0.00000 0.61785 0.38215 ( 3)
  76 L   0.00000 0.00000 0.03641 0.96359 ( 4)
  77 R   0.00000 0.00000 0.25451 0.74549 ( 4)
  78 V   0.00000 0.00000 0.87579 0.12421 ( 3)
  79 I   0.00000 0.00000 0.18137 0.81863 ( 4)
  80 A   0.00000 0.00000 0.18774 0.81226 ( 4)
  81 Q   0.00000 0.00000 0.09111 0.90889 ( 4)
  82 P   0.00000 0.00000 0.01346 0.98654 ( 4)
  83 T   0.00000 0.00000 0.84578 0.15422 ( 3)
  84 K   0.00000 0.00000 0.71968 0.28032 ( 3)
  85 D   0.00000 0.00000 0.02930 0.97070 ( 4)
  86 F   0.00000 0.00000 0.01545 0.98455 ( 4)
  87 T   0.00000 0.00000 0.00403 0.99597 ( 4)
  88 D   0.00000 0.00000 0.34341 0.65659 ( 4)
  89 T   0.00000 0.00000 0.08011 0.91989 ( 4)
  90 V   0.00000 0.00000 0.01233 0.98767 ( 4)
  91 Y   0.00000 0.00000 0.65625 0.34375 ( 3)
  92 D   0.00000 0.00000 0.94234 0.05766 ( 3)
  93 Y   0.00000 0.00000 0.51333 0.48667 ( 3)
  94 G   0.00000 0.00000 0.93609 0.06391 ( 3)
  95 S   0.00000 0.00000 0.69352 0.30648 ( 3)
  96 S   0.00000 0.00000 0.94616 0.05384 ( 3)
  97 S   0.00000 0.00000 0.41451 0.58549 ( 4)
  98 G   0.00000 0.00000 0.98439 0.01561 ( 3)
  99 S   0.00000 0.00000 0.95755 0.04245 ( 3)
 100 E   0.00000 0.00000 0.00349 0.99651 ( 4)
 101 N   0.00000 0.00000 0.01035 0.98965 ( 4)
 102 K   0.00000 0.00000 0.14760 0.85240 ( 4)
 103 D   0.00000 0.00000 0.72258 0.27742 ( 3)
 104 V   0.00000 0.00000 0.12448 0.87552 ( 4)
 105 F   0.00000 0.00000 0.99491 0.00509 ( 3)
 106 D   0.00000 0.00000 0.37018 0.62982 ( 4)
 107 L   0.00000 0.00000 0.88819 0.11181 ( 3)
 108 Y   0.00000 0.00000 0.02768 0.97232 ( 4)
 109 G   0.00000 0.00000 0.07905 0.92095 ( 4)
 110 N   0.00000 0.00000 0.58249 0.41751 ( 3)
 111 -   0.00000 0.00000 0.49981 0.50019 ( 4)
 112 -   0.00000 0.00000 0.50818 0.49182 ( 3)
 113 -   0.00000 0.00000 0.50689 0.49311 ( 3)
 114 -   0.00000 0.00000 0.49712 0.50288 ( 4)
 115 -   0.00000 0.00000 0.49670 0.50330 ( 4)
 116 -   0.00000 0.00000 0.50818 0.49182 ( 3)
 117 -   0.00000 0.00000 0.50096 0.49904 ( 3)
 118 -   0.00000 0.00000 0.50275 0.49725 ( 3)
 119 -   0.00000 0.00000 0.11952 0.88048 ( 4)
 120 -   0.00000 0.00000 0.50279 0.49721 ( 3)
 121 -   0.00000 0.00000 0.50689 0.49311 ( 3)
 122 -   0.00000 0.00000 0.49886 0.50114 ( 4)
 123 -   0.00000 0.00000 0.49297 0.50703 ( 4)
 124 -   0.00000 0.00000 0.49767 0.50233 ( 4)
 125 -   0.00000 0.00000 0.50401 0.49599 ( 3)
 126 -   0.00000 0.00000 0.49685 0.50315 ( 4)
 127 D   0.00000 0.00000 0.94799 0.05201 ( 3)
 128 V   0.00000 0.00000 0.67903 0.32097 ( 3)
 129 Y   0.00000 0.00000 0.99091 0.00909 ( 3)
 130 D   0.00000 0.00000 0.16378 0.83622 ( 4)
 131 T   0.00000 0.00000 0.31629 0.68371 ( 4)
 132 Q   0.00000 0.00000 0.13040 0.86960 ( 4)
 133 S   0.00000 0.00000 0.28127 0.71873 ( 4)
 134 V   0.00000 0.00000 0.07753 0.92247 ( 4)
 135 V   0.00000 0.00000 0.00793 0.99207 ( 4)
 136 S   0.00000 0.00000 0.24996 0.75004 ( 4)
 137 S   0.00000 0.00000 0.66971 0.33029 ( 3)
 138 Y   0.00000 0.00000 0.04908 0.95092 ( 4)
 139 K   0.00000 0.00000 0.01443 0.98557 ( 4)
 140 P   0.00000 0.00000 0.03965 0.96035 ( 4)
 141 T   0.00000 0.00000 0.08765 0.91235 ( 4)
 142 G   0.00000 0.00000 0.02955 0.97045 ( 4)
 143 G   0.00000 0.00000 0.01757 0.98243 ( 4)
 144 G   0.00000 0.00000 0.00534 0.99466 ( 4)
 145 H   0.00000 0.00000 0.53260 0.46740 ( 3)
 146 F   0.00000 0.00000 0.05712 0.94288 ( 4)
 147 G   0.00000 0.00000 0.27885 0.72115 ( 4)
 148 V   0.00000 0.00000 0.10116 0.89884 ( 4)
 149 P   0.00000 0.00000 0.94955 0.05045 ( 3)
 150 Q   0.00000 0.00000 0.19677 0.80323 ( 4)
 151 F   0.00000 0.00000 0.71926 0.28074 ( 3)
 152 R   0.00000 0.00000 0.11225 0.88775 ( 4)
 153 L   0.00000 0.00000 0.88574 0.11426 ( 3)
 154 F   0.00000 0.00000 0.11866 0.88134 ( 4)
 155 W   0.00000 0.00000 0.28223 0.71777 ( 4)
 156 I   0.00000 0.00000 0.93916 0.06084 ( 3)
 157 T   0.00000 0.00000 0.52001 0.47999 ( 3)
 158 K   0.00000 0.00000 0.05380 0.94620 ( 4)
 159 S   0.00000 0.00000 0.00932 0.99068 ( 4)
 160 N   0.00000 0.00000 0.43239 0.56761 ( 4)
 161 G   0.00000 0.00000 0.00036 0.99964 ( 4)
 162 L   0.00000 0.00000 0.45907 0.54093 ( 4)
 163 R   0.00000 0.00000 0.00077 0.99923 ( 4)
 164 E   0.00000 0.00000 0.48190 0.51810 ( 4)
 165 Q   0.00000 0.00000 0.04908 0.95092 ( 4)
 166 I   0.00000 0.00000 0.28430 0.71570 ( 4)
 167 F   0.00000 0.00000 0.99253 0.00747 ( 3)
 168 N   0.00000 0.00000 0.29578 0.70422 ( 4)
 169 Y   0.00000 0.00000 0.88029 0.11971 ( 3)
 170 A   0.00000 0.00000 0.66144 0.33856 ( 3)
 171 N   0.00000 0.00000 0.04091 0.95909 ( 4)
 172 N   0.00000 0.00000 0.98685 0.01315 ( 3)
 173 M   0.00000 0.00000 0.15597 0.84403 ( 4)
 174 G   0.00000 0.00000 0.51514 0.48486 ( 3)
 175 -   0.00000 0.00000 0.74171 0.25829 ( 3)
 176 S   0.00000 0.00000 0.17562 0.82438 ( 4)
 177 Y   0.00000 0.00000 0.01870 0.98130 ( 4)
 178 S   0.00000 0.00000 0.40594 0.59406 ( 4)
 179 A   0.00000 0.00000 0.00156 0.99844 ( 4)
 180 Y   0.00000 0.00000 0.21647 0.78353 ( 4)
 181 R   0.00000 0.00000 0.67321 0.32679 ( 3)
 182 F   0.00000 0.00000 0.63317 0.36683 ( 3)
 183 S   0.00000 0.00000 0.06641 0.93359 ( 4)
 184 K   0.00000 0.00000 0.07447 0.92553 ( 4)
 185 D   0.00000 0.00000 0.67264 0.32736 ( 3)
 186 E   0.00000 0.00000 0.42656 0.57344 ( 4)
 187 L   0.00000 0.00000 0.83785 0.16215 ( 3)
 188 P   0.00000 0.00000 0.48129 0.51871 ( 4)
 189 I   0.00000 0.00000 0.98347 0.01653 ( 3)
 190 E   0.00000 0.00000 0.97144 0.02856 ( 3)
 191 L   0.00000 0.00000 0.32062 0.67938 ( 4)
 192 L   0.00000 0.00000 0.84518 0.15482 ( 3)
 193 Q   0.00000 0.00000 0.04514 0.95486 ( 4)
 194 P   0.00000 0.00000 0.00686 0.99314 ( 4)
 195 P   0.00000 0.00000 0.99465 0.00535 ( 3)
 196 L   0.00000 0.00000 0.51488 0.48512 ( 3)
 197 F   0.00000 0.00000 0.61188 0.38812 ( 3)
 198 G   0.00000 0.00000 0.90307 0.09693 ( 3)
 199 D   0.00000 0.00000 0.96297 0.03703 ( 3)
 200 I   0.00000 0.00000 0.60266 0.39734 ( 3)
 201 E   0.00000 0.00000 0.66890 0.33110 ( 3)
 202 E   0.00000 0.00000 0.92065 0.07935 ( 3)
 203 Y   0.00000 0.00000 0.89461 0.10539 ( 3)
 204 S   0.00000 0.00000 0.93289 0.06711 ( 3)
 205 H   0.00000 0.00000 0.99702 0.00298 ( 3)
 206 R   0.00000 0.00000 0.95695 0.04305 ( 3)
 207 L   0.00000 0.00000 0.98435 0.01565 ( 3)
 208 S   0.00000 0.00000 0.99630 0.00370 ( 3)
 209 H   0.00000 0.00000 0.23329 0.76671 ( 4)
 210 V   0.00000 0.00000 0.96281 0.03719 ( 3)
 211 S   0.00000 0.00000 0.56423 0.43577 ( 3)
 212 E   0.00000 0.00000 0.89139 0.10861 ( 3)
 213 V   0.00000 0.00000 0.66223 0.33777 ( 3)
 214 I   0.00000 0.00000 0.79325 0.20675 ( 3)
 215 K   0.00000 0.00000 0.96904 0.03096 ( 3)
 216 D   0.00000 0.00000 0.51115 0.48885 ( 3)
 217 Y   0.00000 0.00000 0.44929 0.55071 ( 4)
 218 G   0.00000 0.00000 0.51134 0.48866 ( 3)
 219 E   0.00000 0.00000 0.00418 0.99582 ( 4)
 220 G   0.00000 0.00000 0.55324 0.44676 ( 3)
 221 I   0.00000 0.00000 0.37411 0.62589 ( 4)
 222 I   0.00000 0.00000 0.84576 0.15424 ( 3)
 223 P   0.00000 0.00000 0.92905 0.07095 ( 3)
 224 V   0.00000 0.00000 0.73694 0.26306 ( 3)
 225 L   0.00000 0.00000 0.94370 0.05630 ( 3)
 226 G   0.00000 0.00000 0.98439 0.01561 ( 3)
 227 W   0.00000 0.00000 0.39384 0.60616 ( 4)
 228 T   0.00000 0.00000 0.97777 0.02223 ( 3)
 229 H   0.00000 0.00000 0.99713 0.00287 ( 3)
 230 V   0.00000 0.00000 0.98213 0.01787 ( 3)
 231 S   0.00000 0.00000 0.88150 0.11850 ( 3)


lnL = -2854.079979

