Supplemental results for CODEML (seqf: algn  treef: tree)


dN/dS (w) for site classes (K=4)

site class             0        1       2a       2b
proportion       0.49197  0.30444  0.12576  0.07782
background w     0.13406  1.00000  0.13406  1.00000
foreground w     0.13406  1.00000  1.00000  1.00000

Naive Empirical Bayes (NEB) probabilities for 4 classes
(amino acids refer to 1st sequence: BT_Cry4Ba1)

   1 -   0.49197 0.30444 0.12576 0.07782 ( 1)
   2 Y   0.19650 0.59992 0.05023 0.15336 ( 2)
   3 T   0.72769 0.06872 0.18602 0.01757 ( 1)
   4 D   0.74850 0.04792 0.19134 0.01225 ( 1)
   5 A   0.07078 0.72563 0.01809 0.18549 ( 2)
   6 I   0.74272 0.05369 0.18986 0.01373 ( 1)
   7 T   0.75689 0.03952 0.19348 0.01010 ( 1)
   8 Q   0.79212 0.00429 0.20249 0.00110 ( 1)
   9 V   0.74014 0.05628 0.18920 0.01439 ( 1)
  10 P   0.78679 0.00963 0.20113 0.00246 ( 1)
  11 A   0.70514 0.09127 0.18025 0.02333 ( 1)
  12 V   0.73418 0.06223 0.18768 0.01591 ( 1)
  13 K   0.79230 0.00411 0.20253 0.00105 ( 1)
  14 S   0.76250 0.03392 0.19492 0.00867 ( 1)
  15 N   0.54154 0.25487 0.13843 0.06515 ( 1)
  16 F   0.10943 0.68699 0.02797 0.17561 ( 2)
  17 L   0.56132 0.23509 0.14349 0.06010 ( 1)
  18 N   0.79016 0.00626 0.20199 0.00160 ( 1)
  19 A   0.08701 0.70940 0.02224 0.18134 ( 2)
  20 T   0.06988 0.72653 0.01786 0.18572 ( 2)
  21 A   0.76654 0.02987 0.19595 0.00764 ( 1)
  22 K   0.13810 0.65831 0.03530 0.16828 ( 2)
  23 V   0.54353 0.25288 0.13894 0.06464 ( 1)
  24 I   0.74414 0.05227 0.19022 0.01336 ( 1)
  25 K   0.52048 0.27594 0.13305 0.07054 ( 1)
  26 G   0.64895 0.14746 0.16589 0.03770 ( 1)
  27 P   0.53900 0.25741 0.13778 0.06580 ( 1)
  28 G   0.79304 0.00338 0.20272 0.00086 ( 1)
  29 -   0.49197 0.30444 0.12576 0.07782 ( 1)
  30 H   0.78702 0.00939 0.20119 0.00240 ( 1)
  31 T   0.76684 0.02957 0.19603 0.00756 ( 1)
  32 G   0.78653 0.00988 0.20106 0.00253 ( 1)
  33 G   0.78653 0.00988 0.20106 0.00253 ( 1)
  34 D   0.73982 0.05660 0.18912 0.01447 ( 1)
  35 L   0.73124 0.06517 0.18693 0.01666 ( 1)
  36 V   0.77762 0.01880 0.19878 0.00481 ( 1)
  37 A   0.70284 0.09357 0.17967 0.02392 ( 1)
  38 L   0.64015 0.15626 0.16364 0.03994 ( 1)
  39 T   0.58885 0.20756 0.15053 0.05306 ( 1)
  40 S   0.58555 0.21086 0.14968 0.05390 ( 1)
  41 N   0.64836 0.14806 0.16574 0.03785 ( 1)
  42 G   0.54384 0.25257 0.13902 0.06456 ( 1)
  43 T   0.13617 0.66024 0.03481 0.16878 ( 2)
  44 L   0.75852 0.03789 0.19390 0.00969 ( 1)
  45 S   0.00607 0.79034 0.00155 0.20203 ( 2)
  46 -   0.49197 0.30444 0.12576 0.07782 ( 1)
  47 G   0.62633 0.17008 0.16011 0.04348 ( 1)
  48 R   0.76994 0.02647 0.19682 0.00677 ( 1)
  49 M   0.77020 0.02622 0.19688 0.00670 ( 1)
  50 E   0.29421 0.50220 0.07521 0.12838 ( 2)
  51 I   0.75132 0.04510 0.19206 0.01153 ( 1)
  52 Q   0.02741 0.76900 0.00701 0.19658 ( 2)
  53 C   0.58417 0.21224 0.14933 0.05426 ( 1)
  54 K   0.53314 0.26327 0.13629 0.06730 ( 1)
  55 T   0.74100 0.05541 0.18942 0.01417 ( 1)
  56 S   0.78541 0.01100 0.20077 0.00281 ( 1)
  57 I   0.62572 0.17070 0.15995 0.04364 ( 1)
  58 F   0.77355 0.02286 0.19774 0.00584 ( 1)
  59 N   0.66982 0.12660 0.17122 0.03236 ( 1)
  60 D   0.73091 0.06551 0.18684 0.01675 ( 1)
  61 P   0.55566 0.24076 0.14204 0.06154 ( 1)
  62 T   0.03360 0.76282 0.00859 0.19500 ( 2)
  63 R   0.64712 0.14930 0.16542 0.03816 ( 1)
  64 S   0.54143 0.25499 0.13840 0.06518 ( 1)
  65 Y   0.78733 0.00908 0.20126 0.00232 ( 1)
  66 G   0.75373 0.04269 0.19267 0.01091 ( 1)
  67 L   0.44822 0.34820 0.11458 0.08901 ( 1)
  68 R   0.69753 0.09888 0.17831 0.02528 ( 1)
  69 I   0.78942 0.00699 0.20180 0.00179 ( 1)
  70 R   0.76330 0.03311 0.19512 0.00846 ( 1)
  71 Y   0.72255 0.07386 0.18470 0.01888 ( 1)
  72 A   0.79239 0.00402 0.20256 0.00103 ( 1)
  73 A   0.77209 0.02432 0.19737 0.00622 ( 1)
  74 N   0.79058 0.00583 0.20210 0.00149 ( 1)
  75 S   0.72876 0.06766 0.18629 0.01729 ( 1)
  76 P   0.01191 0.78450 0.00304 0.20054 ( 2)
  77 I   0.08020 0.71622 0.02050 0.18309 ( 2)
  78 V   0.02516 0.77125 0.00643 0.19715 ( 2)
  79 L   0.00395 0.79247 0.00101 0.20258 ( 2)
  80 N   0.04074 0.75568 0.01041 0.19317 ( 2)
  81 V   0.24299 0.55342 0.06212 0.14147 ( 2)
  82 S   0.03382 0.76260 0.00864 0.19494 ( 2)
  83 Y   0.58538 0.21103 0.14964 0.05395 ( 1)
  84 V   0.01231 0.78410 0.00315 0.20044 ( 2)
  85 -   0.72401 0.07240 0.18508 0.01851 ( 1)
  86 L   0.03945 0.75696 0.01008 0.19350 ( 2)
  87 Q   0.00065 0.79577 0.00017 0.20342 ( 2)
  88 G   0.19707 0.59934 0.05038 0.15321 ( 2)
  89 V   0.00367 0.79274 0.00094 0.20265 ( 2)
  90 S   0.00465 0.79176 0.00119 0.20240 ( 2)
  91 R   0.35094 0.44548 0.08971 0.11388 ( 2)
  92 G   0.00573 0.79068 0.00147 0.20212 ( 2)
  93 T   0.24876 0.54766 0.06359 0.14000 ( 2)
  94 T   0.00138 0.79503 0.00035 0.20323 ( 2)
  95 I   0.00246 0.79396 0.00063 0.20296 ( 2)
  96 S   0.00531 0.79111 0.00136 0.20223 ( 2)
  97 T   0.05943 0.73698 0.01519 0.18839 ( 2)
  98 -   0.49197 0.30444 0.12576 0.07782 ( 1)
  99 -   0.49197 0.30444 0.12576 0.07782 ( 1)
 100 -   0.49197 0.30444 0.12576 0.07782 ( 1)
 101 -   0.49197 0.30444 0.12576 0.07782 ( 1)
 102 -   0.16960 0.62682 0.04335 0.16023 ( 2)
 103 E   0.03574 0.76067 0.00914 0.19445 ( 2)
 104 S   0.00871 0.78770 0.00223 0.20136 ( 2)
 105 T   0.00065 0.79576 0.00017 0.20342 ( 2)
 106 F   0.30778 0.48863 0.07868 0.12491 ( 2)
 107 S   0.64024 0.15617 0.16366 0.03992 ( 1)
 108 R   0.09056 0.70586 0.02315 0.18044 ( 2)
 109 P   0.75889 0.03752 0.19399 0.00959 ( 1)
 110 N   0.07396 0.72245 0.01891 0.18468 ( 2)
 111 N   0.78363 0.01279 0.20032 0.00327 ( 1)
 112 I   0.66201 0.13441 0.16923 0.03436 ( 1)
 113 I   0.78219 0.01423 0.19995 0.00364 ( 1)
 114 P   0.51139 0.28502 0.13073 0.07286 ( 1)
 115 T   0.74008 0.05633 0.18919 0.01440 ( 1)
 116 D   0.74303 0.05339 0.18994 0.01365 ( 1)
 117 L   0.78556 0.01085 0.20081 0.00277 ( 1)
 118 K   0.76652 0.02989 0.19595 0.00764 ( 1)
 119 Y   0.79274 0.00367 0.20265 0.00094 ( 1)
 120 E   0.30341 0.49300 0.07756 0.12603 ( 2)
 121 E   0.03374 0.76268 0.00862 0.19496 ( 2)
 122 F   0.79388 0.00253 0.20294 0.00065 ( 1)
 123 R   0.01200 0.78442 0.00307 0.20052 ( 2)
 124 Y   0.77263 0.02378 0.19751 0.00608 ( 1)
 125 K   0.15423 0.64219 0.03942 0.16416 ( 2)
 126 D   0.76290 0.03351 0.19502 0.00857 ( 1)
 127 P   0.52394 0.27247 0.13393 0.06965 ( 1)
 128 F   0.05654 0.73988 0.01445 0.18913 ( 2)
 129 D   0.73982 0.05660 0.18912 0.01447 ( 1)
 130 A   0.30616 0.49026 0.07826 0.12532 ( 2)
 131 I   0.77778 0.01863 0.19882 0.00476 ( 1)
 132 V   0.62760 0.16881 0.16043 0.04315 ( 1)
 133 P   0.40199 0.39442 0.10276 0.10083 ( 1)
 134 M   0.70023 0.09618 0.17900 0.02459 ( 1)
 135 R   0.65264 0.14377 0.16683 0.03675 ( 1)
 136 L   0.47712 0.31929 0.12197 0.08162 ( 1)
 137 S   0.57592 0.22049 0.14722 0.05636 ( 1)
 138 S   0.73089 0.06553 0.18684 0.01675 ( 1)
 139 N   0.61258 0.18384 0.15659 0.04699 ( 1)
 140 Q   0.23909 0.55733 0.06112 0.14247 ( 2)
 141 L   0.29112 0.50530 0.07442 0.12917 ( 2)
 142 I   0.61132 0.18510 0.15627 0.04732 ( 1)
 143 T   0.78862 0.00779 0.20159 0.00199 ( 1)
 144 I   0.67133 0.12509 0.17161 0.03198 ( 1)
 145 A   0.54885 0.24756 0.14030 0.06328 ( 1)
 146 I   0.78925 0.00716 0.20175 0.00183 ( 1)
 147 Q   0.01330 0.78312 0.00340 0.20019 ( 2)
 148 P   0.31140 0.48501 0.07960 0.12398 ( 2)
 149 L   0.26413 0.53229 0.06752 0.13607 ( 2)
 150 N   0.77228 0.02414 0.19742 0.00617 ( 1)
 151 M   0.06521 0.73120 0.01667 0.18692 ( 2)
 152 T   0.00601 0.79040 0.00154 0.20205 ( 2)
 153 S   0.12605 0.67036 0.03222 0.17136 ( 2)
 154 N   0.13737 0.65904 0.03512 0.16847 ( 2)
 155 N   0.10000 0.69641 0.02556 0.17802 ( 2)
 156 Q   0.01803 0.77838 0.00461 0.19898 ( 2)
 157 V   0.48591 0.31050 0.12421 0.07937 ( 1)
 158 I   0.73645 0.05996 0.18826 0.01533 ( 1)
 159 I   0.78918 0.00724 0.20174 0.00185 ( 1)
 160 D   0.78927 0.00715 0.20176 0.00183 ( 1)
 161 R   0.79350 0.00292 0.20284 0.00075 ( 1)
 162 I   0.52172 0.27470 0.13337 0.07022 ( 1)
 163 E   0.79340 0.00302 0.20281 0.00077 ( 1)
 164 I   0.77674 0.01967 0.19856 0.00503 ( 1)
 165 I   0.78918 0.00724 0.20174 0.00185 ( 1)
 166 -   0.74376 0.05266 0.19013 0.01346 ( 1)


lnL = -2190.133290

