Supplemental results for CODEML (seqf: algn  treef: tree)


dN/dS (w) for site classes (K=4)

site class             0        1       2a       2b
proportion       0.51563  0.41007  0.04139  0.03291
background w     0.16782  1.00000  0.16782  1.00000
foreground w     0.16782  1.00000 925.28731 925.28731

Naive Empirical Bayes (NEB) probabilities for 4 classes
(amino acids refer to 1st sequence: BT_Cry1Ba1)

   1 -   0.51563 0.41007 0.04139 0.03291 ( 1)
   2 -   0.51563 0.41007 0.04139 0.03291 ( 1)
   3 -   0.51563 0.41007 0.04139 0.03291 ( 1)
   4 -   0.51563 0.41007 0.04139 0.03291 ( 1)
   5 -   0.51563 0.41007 0.04139 0.03291 ( 1)
   6 -   0.83505 0.09065 0.06702 0.00728 ( 1)
   7 -   0.83672 0.08898 0.06716 0.00714 ( 1)
   8 -   0.41238 0.51332 0.03310 0.04120 ( 2)
   9 -   0.92338 0.00232 0.07411 0.00019 ( 1)
  10 R   0.98600 0.01075 0.00318 0.00007 ( 1)
  11 I   0.99474 0.00000 0.00526 0.00000 ( 1)
  12 T   0.99542 0.00000 0.00458 0.00000 ( 1)
  13 Q   0.99715 0.00161 0.00124 0.00000 ( 1)
  14 I   0.97015 0.02525 0.00444 0.00016 ( 1)
  15 P   0.99849 0.00002 0.00149 0.00000 ( 1)
  16 M   0.00014 0.99905 0.00000 0.00081 ( 2)
  17 V   0.99442 0.00161 0.00395 0.00001 ( 1)
  18 K   0.99892 0.00007 0.00102 0.00000 ( 1)
  19 A   0.99588 0.00074 0.00337 0.00001 ( 1)
  20 S   0.00024 0.99558 0.00000 0.00418 ( 2)
  21 E   0.00799 0.94711 0.00122 0.04367 ( 2)
  22 L   0.01616 0.64788 0.07000 0.26597 ( 2)
  23 P   0.00000 0.96811 0.00000 0.03189 ( 2)
  24 Q   0.00004 0.96555 0.00001 0.03441 ( 2)
  25 G   0.99706 0.00002 0.00293 0.00000 ( 1)
  26 T   0.14362 0.84456 0.00075 0.01106 ( 2)
  27 T   0.07851 0.87428 0.00234 0.04487 ( 2)
  28 V   0.38240 0.61613 0.00049 0.00098 ( 2)
  29 V   0.71548 0.00027 0.28420 0.00005 ( 1)
  30 R   0.08370 0.90421 0.00068 0.01141 ( 2)
  31 G   0.98175 0.00005 0.01819 0.00000 ( 1)
  32 P   0.99849 0.00002 0.00149 0.00000 ( 1)
  33 G   0.99721 0.00006 0.00274 0.00000 ( 1)
  34 F   0.99766 0.00000 0.00234 0.00000 ( 1)
  35 T   0.99561 0.00001 0.00438 0.00000 ( 1)
  36 G   0.99731 0.00001 0.00269 0.00000 ( 1)
  37 G   0.99781 0.00140 0.00078 0.00000 ( 1)
  38 D   0.92846 0.00007 0.07147 0.00000 ( 1)
  39 I   0.99239 0.00264 0.00493 0.00003 ( 1)
  40 L   0.99187 0.00657 0.00155 0.00001 ( 1)
  41 R   0.93989 0.05878 0.00123 0.00010 ( 1)
  42 R   0.99649 0.00030 0.00321 0.00000 ( 1)
  43 T   0.99064 0.00101 0.00833 0.00002 ( 1)
  44 N   0.00000 0.90390 0.00000 0.09610 ( 2)
  45 T   0.00001 0.90112 0.00001 0.09886 ( 2)
  46 -   0.65189 0.27381 0.05232 0.02198 ( 1)
  47 G   0.98690 0.00002 0.01308 0.00000 ( 1)
  48 G   0.00037 0.97996 0.00000 0.01966 ( 2)
  49 F   0.06490 0.92758 0.00018 0.00734 ( 2)
  50 G   0.98965 0.00765 0.00266 0.00004 ( 1)
  51 P   0.01328 0.96689 0.00018 0.01965 ( 2)
  52 I   0.85437 0.00044 0.14517 0.00002 ( 1)
  53 R   0.99528 0.00016 0.00455 0.00000 ( 1)
  54 V   0.99474 0.00128 0.00397 0.00001 ( 1)
  55 T   0.01391 0.95257 0.00027 0.03325 ( 2)
  56 V   0.91408 0.08126 0.00389 0.00077 ( 1)
  57 N   0.03534 0.95632 0.00013 0.00821 ( 2)
  58 G   0.00001 0.99223 0.00000 0.00775 ( 2)
  59 P   0.47254 0.52498 0.00080 0.00168 ( 2)
  60 L   0.96958 0.02796 0.00235 0.00010 ( 1)
  61 T   0.95433 0.04031 0.00489 0.00046 ( 1)
  62 Q   0.99863 0.00013 0.00124 0.00000 ( 1)
  63 R   0.26210 0.69647 0.02678 0.01465 ( 2)
  64 Y   0.99819 0.00002 0.00179 0.00000 ( 1)
  65 R   0.98630 0.01334 0.00036 0.00001 ( 1)
  66 I   0.81358 0.04290 0.14169 0.00183 ( 1)
  67 G   0.99673 0.00004 0.00322 0.00000 ( 1)
  68 F   0.00067 0.76683 0.00085 0.23165 ( 2)
  69 R   0.99659 0.00213 0.00128 0.00000 ( 1)
  70 Y   0.84320 0.00085 0.15590 0.00005 ( 1)
  71 A   0.98634 0.00000 0.01366 0.00000 ( 1)
  72 S   0.98318 0.00315 0.01361 0.00006 ( 1)
  73 T   0.99347 0.00003 0.00650 0.00000 ( 1)
  74 V   0.17165 0.07088 0.74565 0.01182 ( 3)
  75 D   0.89423 0.04877 0.05585 0.00114 ( 1)
  76 F   0.32103 0.66833 0.00385 0.00679 ( 2)
  77 D   0.00000 0.88965 0.00000 0.11035 ( 2)
  78 F   0.66654 0.22457 0.07017 0.03872 ( 1)
  79 F   0.00000 0.70762 0.00000 0.29238 ( 2)
  80 V   0.33084 0.65959 0.00200 0.00757 ( 2)
  81 S   0.00000 0.40531 0.00000 0.59469 ( 4)
  82 R   0.00375 0.98618 0.00021 0.00986 ( 2)
  83 G   0.03126 0.94497 0.00076 0.02302 ( 2)
  84 G   0.00054 0.91940 0.00010 0.07996 ( 2)
  85 T   0.00061 0.86628 0.00187 0.13123 ( 2)
  86 T   0.00150 0.92748 0.00041 0.07061 ( 2)
  87 -   0.65827 0.26743 0.05284 0.02146 ( 1)
  88 -   0.04305 0.88265 0.00346 0.07084 ( 2)
  89 V   0.37208 0.29630 0.27621 0.05541 ( 1)
  90 N   0.18440 0.43529 0.34135 0.03897 ( 2)
  91 N   0.00001 0.97441 0.00000 0.02558 ( 2)
  92 F   0.00509 0.94913 0.00088 0.04490 ( 2)
  93 R   0.00005 0.90556 0.00014 0.09425 ( 2)
  94 F   0.10617 0.84624 0.01649 0.03110 ( 2)
  95 L   0.00000 0.21596 0.00003 0.78402 ( 4)
  96 R   0.00910 0.98603 0.00004 0.00483 ( 2)
  97 T   0.99561 0.00000 0.00438 0.00000 ( 1)
  98 M   0.99895 0.00000 0.00105 0.00000 ( 1)
  99 N   0.02270 0.97573 0.00003 0.00155 ( 2)
 100 S   0.00347 0.98935 0.00001 0.00718 ( 2)
 101 G   0.97764 0.00994 0.01227 0.00015 ( 1)
 102 D   0.00001 0.99937 0.00000 0.00063 ( 2)
 103 E   0.65081 0.34557 0.00175 0.00186 ( 1)
 104 L   0.92747 0.05191 0.01850 0.00212 ( 1)
 105 K   0.00991 0.71302 0.02244 0.25463 ( 2)
 106 Y   0.94978 0.04969 0.00049 0.00003 ( 1)
 107 G   0.18072 0.81448 0.00048 0.00431 ( 2)
 108 N   0.10216 0.89632 0.00024 0.00128 ( 2)
 109 F   0.99755 0.00011 0.00234 0.00000 ( 1)
 110 V   0.00028 0.89087 0.00022 0.10863 ( 2)
 111 R   0.99184 0.00374 0.00439 0.00003 ( 1)
 112 R   0.00006 0.99118 0.00000 0.00876 ( 2)
 113 A   0.66988 0.32927 0.00052 0.00033 ( 1)
 114 F   0.99387 0.00379 0.00233 0.00002 ( 1)
 115 T   0.29975 0.69216 0.00138 0.00671 ( 2)
 116 T   0.98945 0.00590 0.00459 0.00006 ( 1)
 117 -   0.51563 0.41007 0.04139 0.03291 ( 1)
 118 -   0.51563 0.41007 0.04139 0.03291 ( 1)
 119 -   0.51563 0.41007 0.04139 0.03291 ( 1)
 120 -   0.51563 0.41007 0.04139 0.03291 ( 1)
 121 -   0.51563 0.41007 0.04139 0.03291 ( 1)
 122 -   0.51563 0.41007 0.04139 0.03291 ( 1)
 123 P   0.15736 0.83826 0.00038 0.00399 ( 2)
 124 F   0.99760 0.00007 0.00234 0.00000 ( 1)
 125 T   0.00003 0.75104 0.00007 0.24885 ( 2)
 126 F   0.91832 0.07912 0.00218 0.00038 ( 1)
 127 T   0.00113 0.97868 0.00001 0.02018 ( 2)
 128 Q   0.01445 0.98331 0.00002 0.00223 ( 2)
 129 I   0.00005 0.96493 0.00000 0.03501 ( 2)
 130 Q   0.27916 0.71915 0.00035 0.00135 ( 2)
 131 D   0.12619 0.86915 0.00055 0.00411 ( 2)
 132 I   0.00068 0.86179 0.00030 0.13722 ( 2)
 133 I   0.89470 0.04780 0.05318 0.00433 ( 1)
 134 R   0.61467 0.36201 0.01070 0.01261 ( 1)
 135 T   0.00049 0.99511 0.00000 0.00440 ( 2)
 136 S   0.00017 0.92696 0.00002 0.07285 ( 2)
 137 I   0.08086 0.90423 0.00101 0.01390 ( 2)
 138 Q   0.00000 0.96181 0.00000 0.03819 ( 2)
 139 G   0.00004 0.23306 0.00175 0.76515 ( 4)
 140 L   0.81796 0.03906 0.14113 0.00185 ( 1)
 141 S   0.62403 0.37463 0.00077 0.00056 ( 1)
 142 G   0.00014 0.87072 0.00008 0.12906 ( 2)
 143 N   0.77254 0.22329 0.00240 0.00178 ( 1)
 144 G   0.00001 0.35823 0.00052 0.64124 ( 4)
 145 E   0.98902 0.00824 0.00269 0.00005 ( 1)
 146 V   0.01786 0.00137 0.97725 0.00353 ( 3)
 147 Y   0.99808 0.00012 0.00179 0.00000 ( 1)
 148 I   0.15740 0.63069 0.09028 0.12163 ( 2)
 149 D   0.99715 0.00000 0.00285 0.00000 ( 1)
 150 K   0.99586 0.00092 0.00321 0.00001 ( 1)
 151 I   0.99419 0.00055 0.00526 0.00001 ( 1)
 152 E   0.99721 0.00000 0.00279 0.00000 ( 1)
 153 I   0.97821 0.00716 0.01445 0.00018 ( 1)
 154 I   0.88342 0.02920 0.08679 0.00058 ( 1)
 155 P   0.98374 0.01172 0.00441 0.00013 ( 1)


lnL = -5319.241692

Bayes Empirical Bayes (BEB) probabilities for 4 classes (class)
(amino acids refer to 1st sequence: BT_Cry1Ba1)

   1 -   0.48630 0.41761 0.05184 0.04425 ( 1)
   2 -   0.48630 0.41761 0.05184 0.04425 ( 1)
   3 -   0.48630 0.41761 0.05184 0.04425 ( 1)
   4 -   0.48630 0.41761 0.05184 0.04425 ( 1)
   5 -   0.48630 0.41761 0.05184 0.04425 ( 1)
   6 -   0.81266 0.09125 0.08644 0.00965 ( 1)
   7 -   0.80907 0.09484 0.08606 0.01003 ( 1)
   8 -   0.32717 0.57674 0.03491 0.06118 ( 2)
   9 -   0.90130 0.00260 0.09582 0.00028 ( 1)
  10 R   0.97391 0.01387 0.01189 0.00034 ( 1)
  11 I   0.98434 0.00000 0.01566 0.00000 ( 1)
  12 T   0.98438 0.00000 0.01562 0.00000 ( 1)
  13 Q   0.98294 0.00163 0.01539 0.00004 ( 1)
  14 I   0.94963 0.02931 0.02015 0.00091 ( 1)
  15 P   0.98673 0.00001 0.01325 0.00000 ( 1)
  16 M   0.00006 0.96281 0.00000 0.03713 ( 2)
  17 V   0.98312 0.00197 0.01485 0.00006 ( 1)
  18 K   0.97967 0.00006 0.02027 0.00000 ( 1)
  19 A   0.98521 0.00083 0.01394 0.00002 ( 1)
  20 S   0.00010 0.97723 0.00000 0.02267 ( 2)
  21 E   0.00346 0.89663 0.00140 0.09850 ( 2)
  22 L   0.01074 0.81770 0.02540 0.14617 ( 2)
  23 P   0.00000 0.92122 0.00000 0.07878 ( 2)
  24 Q   0.00001 0.77136 0.00002 0.22861 ( 2)
  25 G   0.98791 0.00001 0.01208 0.00000 ( 1)
  26 T   0.08991 0.87423 0.00148 0.03438 ( 2)
  27 T   0.04237 0.91157 0.00123 0.04483 ( 2)
  28 V   0.27775 0.68420 0.00941 0.02863 ( 2)
  29 V   0.63580 0.00023 0.36394 0.00004 ( 1)
  30 R   0.04106 0.92307 0.00101 0.03486 ( 2)
  31 G   0.97999 0.00005 0.01996 0.00000 ( 1)
  32 P   0.98673 0.00002 0.01325 0.00000 ( 1)
  33 G   0.98634 0.00005 0.01360 0.00000 ( 1)
  34 F   0.98894 0.00000 0.01106 0.00000 ( 1)
  35 T   0.98445 0.00001 0.01554 0.00000 ( 1)
  36 G   0.98642 0.00000 0.01358 0.00000 ( 1)
  37 G   0.96286 0.00128 0.03581 0.00006 ( 1)
  38 D   0.82272 0.00007 0.17720 0.00000 ( 1)
  39 I   0.98114 0.00301 0.01575 0.00011 ( 1)
  40 L   0.95636 0.00713 0.03618 0.00032 ( 1)
  41 R   0.90605 0.06739 0.02425 0.00231 ( 1)
  42 R   0.98762 0.00031 0.01206 0.00001 ( 1)
  43 T   0.98013 0.00098 0.01886 0.00004 ( 1)
  44 N   0.00000 0.87910 0.00000 0.12090 ( 2)
  45 T   0.00000 0.82899 0.00000 0.17100 ( 2)
  46 -   0.62362 0.28029 0.06642 0.02967 ( 1)
  47 G   0.97930 0.00002 0.02068 0.00000 ( 1)
  48 G   0.00014 0.96500 0.00000 0.03486 ( 2)
  49 F   0.03503 0.94159 0.00040 0.02297 ( 2)
  50 G   0.97718 0.00915 0.01345 0.00022 ( 1)
  51 P   0.00604 0.95361 0.00016 0.04020 ( 2)
  52 I   0.70164 0.00040 0.29793 0.00004 ( 1)
  53 R   0.98634 0.00015 0.01350 0.00000 ( 1)
  54 V   0.98365 0.00144 0.01486 0.00004 ( 1)
  55 T   0.00664 0.91658 0.00031 0.07646 ( 2)
  56 V   0.86392 0.11960 0.01268 0.00380 ( 1)
  57 N   0.01648 0.95895 0.00018 0.02439 ( 2)
  58 G   0.00000 0.97081 0.00000 0.02918 ( 2)
  59 P   0.37433 0.60695 0.00506 0.01366 ( 2)
  60 L   0.94895 0.03403 0.01614 0.00088 ( 1)
  61 T   0.93031 0.05271 0.01525 0.00173 ( 1)
  62 Q   0.98446 0.00012 0.01542 0.00000 ( 1)
  63 R   0.16121 0.66936 0.09467 0.07477 ( 2)
  64 Y   0.98709 0.00001 0.01290 0.00000 ( 1)
  65 R   0.94461 0.01267 0.04207 0.00064 ( 1)
  66 I   0.64895 0.04706 0.29906 0.00493 ( 1)
  67 G   0.98789 0.00004 0.01207 0.00000 ( 1)
  68 F   0.00033 0.84599 0.00028 0.15339 ( 2)
  69 R   0.98485 0.00233 0.01277 0.00005 ( 1)
  70 Y   0.73319 0.00080 0.26593 0.00007 ( 1)
  71 A   0.97974 0.00000 0.02026 0.00000 ( 1)
  72 S   0.97214 0.00321 0.02453 0.00012 ( 1)
  73 T   0.98360 0.00003 0.01637 0.00000 ( 1)
  74 V   0.09362 0.06253 0.82665 0.01720 ( 3)
  75 D   0.79641 0.07225 0.12738 0.00395 ( 1)
  76 F   0.21535 0.73792 0.00926 0.03747 ( 2)
  77 D   0.00000 0.83498 0.00000 0.16502 ( 2)
  78 F   0.62168 0.28921 0.04933 0.03978 ( 1)
  79 F   0.00000 0.73019 0.00000 0.26981 ( 2)
  80 V   0.22665 0.74022 0.00470 0.02842 ( 2)
  81 S   0.00000 0.68636 0.00000 0.31364 ( 2)
  82 R   0.00175 0.96208 0.00027 0.03591 ( 2)
  83 G   0.01606 0.95130 0.00038 0.03225 ( 2)
  84 G   0.00021 0.92427 0.00004 0.07548 ( 2)
  85 T   0.00023 0.81010 0.00120 0.18847 ( 2)
  86 T   0.00059 0.88734 0.00030 0.11177 ( 2)
  87 -   0.63014 0.27376 0.06711 0.02898 ( 1)
  88 -   0.03231 0.87160 0.00345 0.09264 ( 2)
  89 V   0.31737 0.43343 0.18799 0.06121 ( 2)
  90 N   0.09515 0.43761 0.39551 0.07173 ( 2)
  91 N   0.00000 0.94018 0.00000 0.05981 ( 2)
  92 F   0.00228 0.89779 0.00102 0.09891 ( 2)
  93 R   0.00002 0.87947 0.00006 0.12046 ( 2)
  94 F   0.06392 0.81754 0.03196 0.08658 ( 2)
  95 L   0.00000 0.50583 0.00001 0.49417 ( 2)
  96 R   0.00407 0.96719 0.00009 0.02865 ( 2)
  97 T   0.98445 0.00000 0.01554 0.00000 ( 1)
  98 M   0.99184 0.00000 0.00816 0.00000 ( 1)
  99 N   0.01110 0.96255 0.00022 0.02614 ( 2)
 100 S   0.00152 0.97404 0.00002 0.02442 ( 2)
 101 G   0.96419 0.01202 0.02335 0.00043 ( 1)
 102 D   0.00000 0.95460 0.00000 0.04540 ( 2)
 103 E   0.52822 0.45565 0.00598 0.01015 ( 1)
 104 L   0.88242 0.06259 0.04810 0.00689 ( 1)
 105 K   0.00491 0.77187 0.00967 0.21355 ( 2)
 106 Y   0.90306 0.05612 0.03809 0.00273 ( 1)
 107 G   0.10097 0.87852 0.00113 0.01938 ( 2)
 108 N   0.06433 0.89187 0.00242 0.04138 ( 2)
 109 F   0.98883 0.00011 0.01106 0.00000 ( 1)
 110 V   0.00010 0.82429 0.00011 0.17550 ( 2)
 111 R   0.97973 0.00464 0.01548 0.00015 ( 1)
 112 R   0.00002 0.97449 0.00000 0.02549 ( 2)
 113 A   0.58543 0.38876 0.01383 0.01197 ( 1)
 114 F   0.98427 0.00463 0.01100 0.00010 ( 1)
 115 T   0.19363 0.77910 0.00291 0.02435 ( 2)
 116 T   0.97759 0.00736 0.01481 0.00023 ( 1)
 117 -   0.48630 0.41761 0.05184 0.04425 ( 1)
 118 -   0.48630 0.41761 0.05184 0.04425 ( 1)
 119 -   0.48630 0.41761 0.05184 0.04425 ( 1)
 120 -   0.48630 0.41761 0.05184 0.04425 ( 1)
 121 -   0.48630 0.41761 0.05184 0.04425 ( 1)
 122 -   0.48630 0.41761 0.05184 0.04425 ( 1)
 123 P   0.09122 0.88459 0.00131 0.02287 ( 2)
 124 F   0.98888 0.00007 0.01106 0.00000 ( 1)
 125 T   0.00001 0.79360 0.00002 0.20636 ( 2)
 126 F   0.87477 0.11299 0.00979 0.00245 ( 1)
 127 T   0.00047 0.94125 0.00002 0.05826 ( 2)
 128 Q   0.00736 0.96955 0.00012 0.02298 ( 2)
 129 I   0.00002 0.92145 0.00000 0.07853 ( 2)
 130 Q   0.19424 0.78455 0.00302 0.01819 ( 2)
 131 D   0.06719 0.89901 0.00197 0.03183 ( 2)
 132 I   0.00029 0.90007 0.00010 0.09954 ( 2)
 133 I   0.89669 0.06440 0.03507 0.00383 ( 1)
 134 R   0.51299 0.42691 0.02336 0.03674 ( 1)
 135 T   0.00021 0.94673 0.00001 0.05305 ( 2)
 136 S   0.00006 0.87501 0.00002 0.12491 ( 2)
 137 I   0.04338 0.91148 0.00174 0.04339 ( 2)
 138 Q   0.00000 0.90882 0.00000 0.09118 ( 2)
 139 G   0.00003 0.49802 0.00052 0.50143 ( 4)
 140 L   0.67162 0.04683 0.27678 0.00477 ( 1)
 141 S   0.51441 0.46219 0.01047 0.01293 ( 1)
 142 G   0.00006 0.90030 0.00002 0.09961 ( 2)
 143 N   0.67176 0.31180 0.00835 0.00810 ( 1)
 144 G   0.00000 0.53260 0.00017 0.46723 ( 2)
 145 E   0.97805 0.01052 0.01118 0.00025 ( 1)
 146 V   0.03876 0.00379 0.95437 0.00308 ( 3)
 147 Y   0.98698 0.00012 0.01290 0.00000 ( 1)
 148 I   0.10418 0.74276 0.04780 0.10525 ( 2)
 149 D   0.98973 0.00000 0.01027 0.00000 ( 1)
 150 K   0.98680 0.00112 0.01205 0.00003 ( 1)
 151 I   0.98373 0.00060 0.01565 0.00002 ( 1)
 152 E   0.98865 0.00000 0.01135 0.00000 ( 1)
 153 I   0.97120 0.00805 0.02047 0.00028 ( 1)
 154 I   0.52960 0.02175 0.44526 0.00338 ( 1)
 155 P   0.97507 0.01155 0.01310 0.00029 ( 1)

