Supplemental results for CODEML (seqf: algn  treef: tree)


dN/dS (w) for site classes (K=4)

site class             0        1       2a       2b
proportion       0.05279  0.01562  0.71887  0.21272
background w     0.11942  1.97307  0.11942  1.97307
foreground w     0.11942  1.97307  0.00000  0.00000

Naive Empirical Bayes (NEB) probabilities for 4 classes
(amino acids refer to 1st sequence: BT_Cry30Aa1)

   1 -   0.05465 0.01376 0.74422 0.18737 ( 3)
   2 -   0.05300 0.01541 0.72179 0.20980 ( 3)
   3 -   0.05452 0.01389 0.74242 0.18917 ( 3)
   4 -   0.05455 0.01386 0.74287 0.18872 ( 3)
   5 R   0.02128 0.03483 0.29564 0.64825 ( 4)
   6 I   0.06590 0.00607 0.87339 0.05464 ( 3)
   7 T   0.06697 0.00016 0.92990 0.00297 ( 3)
   8 Q   0.06633 0.00127 0.91211 0.02029 ( 3)
   9 I   0.06919 0.00471 0.89084 0.03526 ( 3)
  10 P   0.06700 0.00049 0.92427 0.00824 ( 3)
  11 A   0.06704 0.00014 0.93029 0.00253 ( 3)
  12 V   0.06710 0.00015 0.93011 0.00264 ( 3)
  13 K   0.06699 0.00015 0.93009 0.00277 ( 3)
  14 A   0.06331 0.00350 0.87395 0.05924 ( 3)
  15 Y   0.00041 0.05050 0.00572 0.94336 ( 4)
  16 S   0.00008 0.05966 0.00109 0.93917 ( 4)
  17 L   0.06102 0.00599 0.83846 0.09453 ( 3)
  18 T   0.02477 0.03164 0.34453 0.59906 ( 4)
  19 S   0.05093 0.01281 0.70586 0.23040 ( 3)
  20 P   0.06692 0.00056 0.92309 0.00943 ( 3)
  21 A   0.06704 0.00014 0.93029 0.00253 ( 3)
  22 R   0.06416 0.00239 0.88984 0.04362 ( 3)
  23 V   0.06706 0.00018 0.92959 0.00318 ( 3)
  24 I   0.06693 0.00011 0.93081 0.00214 ( 3)
  25 V   0.00172 0.05119 0.02380 0.92329 ( 4)
  26 G   0.06651 0.00076 0.91952 0.01321 ( 3)
  27 P   0.06746 0.00077 0.92087 0.01091 ( 3)
  28 G   0.06691 0.00044 0.92501 0.00764 ( 3)
  29 H   0.06702 0.00040 0.92576 0.00682 ( 3)
  30 T   0.06697 0.00016 0.92990 0.00297 ( 3)
  31 G   0.06699 0.00046 0.92480 0.00775 ( 3)
  32 G   0.06699 0.00046 0.92478 0.00777 ( 3)
  33 D   0.06697 0.00015 0.93010 0.00278 ( 3)
  34 L   0.06604 0.00158 0.90750 0.02489 ( 3)
  35 V   0.06704 0.00014 0.93028 0.00254 ( 3)
  36 A   0.06704 0.00014 0.93029 0.00253 ( 3)
  37 L   0.06698 0.00047 0.92454 0.00801 ( 3)
  38 L   0.06585 0.00173 0.90509 0.02733 ( 3)
  39 N   0.06448 0.00323 0.88358 0.04871 ( 3)
  40 S   0.00015 0.05067 0.00211 0.94706 ( 4)
  41 G   0.00215 0.05268 0.02972 0.91545 ( 4)
  42 T   0.02770 0.02982 0.38504 0.55745 ( 4)
  43 Q   0.04907 0.01628 0.67483 0.25982 ( 3)
  44 S   0.00188 0.05642 0.02582 0.91589 ( 4)
  45 G   0.06707 0.00031 0.92727 0.00535 ( 3)
  46 T   0.00196 0.05040 0.02725 0.92038 ( 4)
  47 M   0.06711 0.00028 0.92771 0.00490 ( 3)
  48 Q   0.04953 0.01588 0.68109 0.25350 ( 3)
  49 I   0.06332 0.00457 0.86571 0.06639 ( 3)
  50 Q   0.05052 0.01502 0.69472 0.23974 ( 3)
  51 C   0.06669 0.00087 0.91824 0.01420 ( 3)
  52 K   0.06699 0.00015 0.93009 0.00277 ( 3)
  53 T   0.06697 0.00016 0.92990 0.00297 ( 3)
  54 G   0.06707 0.00031 0.92727 0.00535 ( 3)
  55 S   0.06444 0.00341 0.88189 0.05026 ( 3)
  56 F   0.06093 0.00527 0.84228 0.09151 ( 3)
  57 T   0.06694 0.00013 0.93050 0.00243 ( 3)
  58 G   0.05513 0.00955 0.76406 0.17125 ( 3)
  59 P   0.01566 0.03923 0.21763 0.72748 ( 4)
  60 S   0.05894 0.00902 0.80445 0.12759 ( 3)
  61 R   0.06706 0.00015 0.93012 0.00267 ( 3)
  62 Q   0.03136 0.03115 0.43170 0.50579 ( 4)
  63 Y   0.06724 0.00063 0.92246 0.00968 ( 3)
  64 G   0.06707 0.00031 0.92727 0.00535 ( 3)
  65 L   0.06075 0.00476 0.84487 0.08962 ( 3)
  66 R   0.05785 0.01017 0.78924 0.14273 ( 3)
  67 M   0.06239 0.00408 0.86252 0.07100 ( 3)
  68 R   0.06651 0.00104 0.91550 0.01695 ( 3)
  69 Y   0.06690 0.00057 0.92288 0.00964 ( 3)
  70 A   0.06704 0.00014 0.93029 0.00253 ( 3)
  71 A   0.06706 0.00018 0.92960 0.00317 ( 3)
  72 N   0.06693 0.00009 0.93119 0.00179 ( 3)
  73 S   0.06463 0.00182 0.89908 0.03448 ( 3)
  74 A   0.02289 0.03456 0.31738 0.62516 ( 4)
  75 F   0.06049 0.00563 0.83612 0.09776 ( 3)
  76 T   0.06697 0.00016 0.92990 0.00297 ( 3)
  77 V   0.06101 0.00684 0.83369 0.09846 ( 3)
  78 S   0.06501 0.00157 0.90365 0.02976 ( 3)
  79 L   0.06600 0.00159 0.90720 0.02521 ( 3)
  80 S   0.06637 0.00114 0.91393 0.01856 ( 3)
  81 Y   0.06667 0.00077 0.91968 0.01288 ( 3)
  82 T   0.02925 0.02909 0.40619 0.53546 ( 4)
  83 L   0.04690 0.01840 0.64445 0.29025 ( 3)
  84 L   0.00001 0.06535 0.00014 0.93450 ( 4)
  85 -   0.06552 0.00205 0.90022 0.03221 ( 3)
  86 G   0.06197 0.00602 0.84627 0.08574 ( 3)
  87 Q   0.00296 0.04778 0.04122 0.90803 ( 4)
  88 T   0.06040 0.00599 0.83324 0.10037 ( 3)
  89 R   0.00000 0.05042 0.00002 0.94956 ( 4)
  90 G   0.06190 0.00448 0.85570 0.07792 ( 3)
  91 T   0.03563 0.02501 0.49432 0.44504 ( 3)
  92 S   0.06020 0.00535 0.83589 0.09855 ( 3)
  93 F   0.06706 0.00032 0.92704 0.00558 ( 3)
  94 V   0.00001 0.10050 0.00011 0.89938 ( 4)
  95 T   0.06677 0.00032 0.92702 0.00590 ( 3)
  96 E   0.06696 0.00027 0.92800 0.00478 ( 3)
  97 N   0.01403 0.04600 0.19316 0.74681 ( 4)
  98 T   0.06697 0.00016 0.92990 0.00297 ( 3)
  99 F   0.06706 0.00032 0.92704 0.00558 ( 3)
 100 S   0.01072 0.04869 0.14759 0.79301 ( 4)
 101 R   0.06706 0.00015 0.93012 0.00267 ( 3)
 102 S   0.00094 0.05024 0.01310 0.93571 ( 4)
 103 N   0.06693 0.00009 0.93119 0.00179 ( 3)
 104 N   0.06693 0.00009 0.93119 0.00179 ( 3)
 105 I   0.06448 0.00196 0.89665 0.03692 ( 3)
 106 I   0.06693 0.00011 0.93083 0.00213 ( 3)
 107 P   0.06691 0.00057 0.92296 0.00956 ( 3)
 108 T   0.06669 0.00038 0.92592 0.00701 ( 3)
 109 D   0.06703 0.00011 0.93083 0.00204 ( 3)
 110 L   0.06592 0.00168 0.90590 0.02650 ( 3)
 111 K   0.06699 0.00015 0.93009 0.00277 ( 3)
 112 Y   0.05864 0.00934 0.80028 0.13174 ( 3)
 113 E   0.06323 0.00453 0.86529 0.06695 ( 3)
 114 E   0.06323 0.00453 0.86529 0.06695 ( 3)
 115 F   0.06706 0.00032 0.92704 0.00558 ( 3)
 116 K   0.06699 0.00015 0.93009 0.00277 ( 3)
 117 Y   0.06690 0.00057 0.92288 0.00964 ( 3)
 118 K   0.06699 0.00015 0.93009 0.00277 ( 3)
 119 D   0.05371 0.01331 0.73553 0.19745 ( 3)
 120 Y   0.06690 0.00057 0.92288 0.00964 ( 3)
 121 L   0.00012 0.56108 0.00000 0.43880 ( 2)
 122 Q   0.06633 0.00127 0.91211 0.02029 ( 3)
 123 I   0.06693 0.00011 0.93081 0.00214 ( 3)
 124 I   0.06693 0.00011 0.93081 0.00214 ( 3)
 125 T   0.06697 0.00016 0.92990 0.00297 ( 3)
 126 M   0.06149 0.00481 0.85005 0.08366 ( 3)
 127 T   0.06428 0.00215 0.89350 0.04006 ( 3)
 128 L   0.00052 0.05737 0.00716 0.93495 ( 4)
 129 P   0.06689 0.00054 0.92333 0.00924 ( 3)
 130 A   0.00986 0.05038 0.13552 0.80424 ( 4)
 131 N   0.06693 0.00009 0.93119 0.00179 ( 3)
 132 T   0.06697 0.00016 0.92990 0.00297 ( 3)
 133 I   0.06693 0.00011 0.93083 0.00213 ( 3)
 134 I   0.06261 0.00364 0.86789 0.06586 ( 3)
 135 T   0.06694 0.00013 0.93050 0.00243 ( 3)
 136 I   0.06693 0.00011 0.93083 0.00213 ( 3)
 137 S   0.00015 0.06168 0.00169 0.93647 ( 4)
 138 M   0.03262 0.02635 0.45348 0.48755 ( 4)
 139 Q   0.00002 0.06197 0.00031 0.93770 ( 4)
 140 Q   0.06633 0.00127 0.91211 0.02029 ( 3)
 141 A   0.00022 0.05930 0.00303 0.93745 ( 4)
 142 T   0.00021 0.04991 0.00295 0.94693 ( 4)
 143 G   0.00010 0.06579 0.00131 0.93280 ( 4)
 144 L   0.00000 0.05583 0.00000 0.94417 ( 4)
 145 L   0.00013 0.05777 0.00181 0.94029 ( 4)
 146 N   0.06693 0.00009 0.93119 0.00179 ( 3)
 147 N   0.00435 0.04773 0.06043 0.88749 ( 4)
 148 Q   0.06633 0.00127 0.91211 0.02029 ( 3)
 149 L   0.06604 0.00158 0.90750 0.02489 ( 3)
 150 I   0.06693 0.00011 0.93081 0.00214 ( 3)
 151 I   0.06693 0.00011 0.93081 0.00214 ( 3)
 152 D   0.06488 0.00300 0.88783 0.04428 ( 3)
 153 R   0.06700 0.00019 0.92927 0.00354 ( 3)
 154 I   0.06303 0.00304 0.87654 0.05738 ( 3)
 155 E   0.06706 0.00018 0.92942 0.00333 ( 3)
 156 F   0.05864 0.00713 0.81059 0.12365 ( 3)
 157 Y   0.01664 0.03848 0.23131 0.71357 ( 4)
 158 P   0.06723 0.00087 0.91928 0.01261 ( 3)


lnL = -1525.915381

