Supplemental results for CODEML (seqf: algn  treef: tree)


dN/dS (w) for site classes (K=4)

site class             0        1       2a       2b
proportion       0.65620  0.31926  0.01651  0.00803
background w     0.17425  1.00000  0.17425  1.00000
foreground w     0.17425  1.00000 22.95119 22.95119

Naive Empirical Bayes (NEB) probabilities for 4 classes
(amino acids refer to 1st sequence: BT_Cry1Be1)

   1 S   0.90590 0.08778 0.00507 0.00125 ( 1)
   2 D   0.96165 0.03797 0.00037 0.00002 ( 1)
   3 S   0.00058 0.07598 0.28110 0.64234 ( 4)
   4 I   0.96993 0.02690 0.00304 0.00013 ( 1)
   5 T   0.64779 0.34278 0.00561 0.00382 ( 1)
   6 Q   0.96188 0.03651 0.00154 0.00007 ( 1)
   7 I   0.96843 0.03077 0.00077 0.00004 ( 1)
   8 P   0.96939 0.02960 0.00098 0.00004 ( 1)
   9 L   0.93340 0.06118 0.00506 0.00035 ( 1)
  10 V   0.84480 0.15437 0.00067 0.00016 ( 1)
  11 K   0.98028 0.01920 0.00051 0.00001 ( 1)
  12 S   0.37886 0.56480 0.05272 0.00363 ( 2)
  13 F   0.92780 0.06875 0.00319 0.00026 ( 1)
  14 N   0.01645 0.01367 0.94244 0.02745 ( 3)
  15 L   0.93842 0.06098 0.00056 0.00004 ( 1)
  16 N   0.12220 0.84838 0.01106 0.01835 ( 2)
  17 S   0.95355 0.04471 0.00165 0.00009 ( 1)
  18 G   0.88319 0.11626 0.00047 0.00008 ( 1)
  19 T   0.69582 0.29937 0.00329 0.00152 ( 1)
  20 S   0.51998 0.47923 0.00037 0.00042 ( 1)
  21 V   0.97227 0.02693 0.00077 0.00003 ( 1)
  22 V   0.94747 0.04767 0.00461 0.00025 ( 1)
  23 S   0.50233 0.46852 0.02396 0.00519 ( 1)
  24 G   0.95157 0.04297 0.00521 0.00025 ( 1)
  25 P   0.97183 0.02716 0.00098 0.00003 ( 1)
  26 G   0.80755 0.19150 0.00074 0.00021 ( 1)
  27 F   0.98276 0.01674 0.00048 0.00001 ( 1)
  28 T   0.96610 0.03305 0.00082 0.00004 ( 1)
  29 G   0.97240 0.02668 0.00089 0.00003 ( 1)
  30 G   0.85935 0.13279 0.00677 0.00109 ( 1)
  31 D   0.91897 0.08064 0.00035 0.00004 ( 1)
  32 I   0.91483 0.07624 0.00815 0.00078 ( 1)
  33 I   0.67263 0.32339 0.00261 0.00137 ( 1)
  34 R   0.63131 0.36408 0.00285 0.00176 ( 1)
  35 T   0.82226 0.17700 0.00057 0.00018 ( 1)
  36 N   0.58871 0.40907 0.00125 0.00097 ( 1)
  37 V   0.32086 0.67832 0.00021 0.00061 ( 2)
  38 N   0.58641 0.41310 0.00024 0.00025 ( 1)
  39 G   0.97727 0.02219 0.00052 0.00002 ( 1)
  40 S   0.14042 0.84180 0.00748 0.01029 ( 2)
  41 V   0.82830 0.17085 0.00066 0.00018 ( 1)
  42 L   0.21368 0.78429 0.00040 0.00164 ( 2)
  43 S   0.42148 0.57800 0.00018 0.00034 ( 2)
  44 M   0.93786 0.06177 0.00035 0.00003 ( 1)
  45 G   0.38975 0.58781 0.01646 0.00598 ( 2)
  46 L   0.85335 0.14603 0.00051 0.00011 ( 1)
  47 N   0.98068 0.01892 0.00039 0.00001 ( 1)
  48 F   0.89551 0.10398 0.00045 0.00007 ( 1)
  49 N   0.73860 0.23220 0.02711 0.00209 ( 1)
  50 N   0.35807 0.64128 0.00017 0.00048 ( 2)
  51 T   0.81879 0.18027 0.00072 0.00022 ( 1)
  52 S   0.45795 0.53731 0.00227 0.00247 ( 2)
  53 L   0.54185 0.45661 0.00078 0.00076 ( 1)
  54 Q   0.91722 0.07431 0.00781 0.00066 ( 1)
  55 R   0.86581 0.12138 0.01120 0.00161 ( 1)
  56 Y   0.97607 0.02315 0.00076 0.00002 ( 1)
  57 R   0.85872 0.13314 0.00701 0.00113 ( 1)
  58 V   0.73021 0.26282 0.00505 0.00191 ( 1)
  59 R   0.96138 0.03804 0.00055 0.00003 ( 1)
  60 V   0.67341 0.32587 0.00043 0.00029 ( 1)
  61 R   0.50696 0.49213 0.00043 0.00048 ( 1)
  62 Y   0.97607 0.02315 0.00076 0.00002 ( 1)
  63 A   0.97621 0.02320 0.00057 0.00002 ( 1)
  64 A   0.85751 0.14186 0.00051 0.00012 ( 1)
  65 S   0.86248 0.13679 0.00061 0.00012 ( 1)
  66 Q   0.36466 0.63361 0.00059 0.00114 ( 2)
  67 T   0.20541 0.79347 0.00018 0.00094 ( 2)
  68 M   0.05541 0.94414 0.00002 0.00043 ( 2)
  69 V   0.04836 0.94645 0.00024 0.00495 ( 2)
  70 L   0.10167 0.84186 0.02112 0.03535 ( 2)
  71 R   0.06180 0.79206 0.05843 0.08771 ( 2)
  72 V   0.48115 0.51788 0.00041 0.00056 ( 2)
  73 T   0.37116 0.56934 0.04332 0.01619 ( 2)
  74 V   0.91721 0.08160 0.00106 0.00012 ( 1)
  75 G   0.33173 0.66720 0.00031 0.00076 ( 2)
  76 G   0.94470 0.04746 0.00745 0.00039 ( 1)
  77 S   0.68310 0.31644 0.00027 0.00018 ( 1)
  78 T   0.91581 0.08345 0.00065 0.00008 ( 1)
  79 T   0.92367 0.07561 0.00065 0.00008 ( 1)
  80 F   0.04114 0.88560 0.04959 0.02367 ( 2)
  81 D   0.16131 0.83495 0.00160 0.00214 ( 2)
  82 Q   0.36952 0.62875 0.00060 0.00113 ( 2)
  83 G   0.21718 0.78174 0.00020 0.00088 ( 2)
  84 F   0.96683 0.02973 0.00333 0.00011 ( 1)
  85 P   0.73089 0.26841 0.00048 0.00021 ( 1)
  86 S   0.59755 0.40196 0.00025 0.00024 ( 1)
  87 T   0.97244 0.02688 0.00066 0.00003 ( 1)
  88 M   0.98957 0.01006 0.00036 0.00000 ( 1)
  89 S   0.94914 0.05045 0.00038 0.00003 ( 1)
  90 A   0.61270 0.38641 0.00049 0.00040 ( 1)
  91 N   0.18655 0.81288 0.00008 0.00049 ( 2)
  92 E   0.17363 0.59139 0.14438 0.09060 ( 2)
  93 S   0.01398 0.97804 0.00220 0.00578 ( 2)
  94 L   0.93133 0.06329 0.00502 0.00036 ( 1)
  95 T   0.17039 0.82846 0.00015 0.00099 ( 2)
  96 S   0.84771 0.15156 0.00060 0.00013 ( 1)
  97 Q   0.07304 0.92518 0.00012 0.00167 ( 2)
  98 S   0.28914 0.70894 0.00050 0.00141 ( 2)
  99 F   0.98276 0.01674 0.00048 0.00001 ( 1)
 100 R   0.97864 0.02078 0.00056 0.00002 ( 1)
 101 F   0.66544 0.33396 0.00036 0.00024 ( 1)
 102 A   0.59515 0.40397 0.00047 0.00041 ( 1)
 103 E   0.74999 0.24940 0.00043 0.00018 ( 1)
 104 F   0.98276 0.01674 0.00048 0.00001 ( 1)
 105 P   0.84053 0.15879 0.00055 0.00013 ( 1)
 106 V   0.75381 0.24530 0.00063 0.00026 ( 1)
 107 G   0.36134 0.63730 0.00041 0.00095 ( 2)
 108 I   0.88736 0.11188 0.00064 0.00012 ( 1)
 109 S   0.84636 0.15322 0.00033 0.00009 ( 1)
 110 A   0.03097 0.94515 0.00316 0.02072 ( 2)
 111 S   0.81858 0.18068 0.00058 0.00016 ( 1)
 112 G   0.53453 0.45986 0.00293 0.00268 ( 1)
 113 S   0.08343 0.91599 0.00003 0.00054 ( 2)
 114 Q   0.96188 0.03651 0.00154 0.00007 ( 1)
 115 -   0.83660 0.13886 0.02105 0.00349 ( 1)
 116 T   0.46144 0.51238 0.01298 0.01320 ( 2)
 117 A   0.54225 0.45703 0.00034 0.00038 ( 1)
 118 G   0.03184 0.85700 0.08191 0.02925 ( 2)
 119 I   0.96843 0.03077 0.00077 0.00004 ( 1)
 120 S   0.92671 0.07287 0.00037 0.00004 ( 1)
 121 I   0.75646 0.24249 0.00072 0.00034 ( 1)
 122 S   0.41469 0.58479 0.00017 0.00035 ( 2)
 123 N   0.96851 0.03108 0.00038 0.00002 ( 1)
 124 N   0.40040 0.59905 0.00017 0.00037 ( 2)
 125 A   0.10069 0.71792 0.07953 0.10186 ( 2)
 126 G   0.08582 0.91348 0.00005 0.00066 ( 2)
 127 R   0.85675 0.14262 0.00051 0.00011 ( 1)
 128 Q   0.42391 0.57438 0.00068 0.00103 ( 2)
 129 T   0.01485 0.97467 0.00024 0.01025 ( 2)
 130 F   0.89022 0.10926 0.00044 0.00007 ( 1)
 131 H   0.79444 0.19996 0.00442 0.00118 ( 1)
 132 F   0.49125 0.44865 0.05061 0.00950 ( 1)
 133 D   0.92105 0.07856 0.00035 0.00004 ( 1)
 134 K   0.83024 0.12050 0.04770 0.00156 ( 1)
 135 I   0.97275 0.02655 0.00067 0.00003 ( 1)
 136 E   0.98171 0.01773 0.00054 0.00001 ( 1)
 137 F   0.97949 0.01780 0.00264 0.00006 ( 1)
 138 I   0.54285 0.43782 0.01419 0.00514 ( 1)
 139 -   0.68123 0.29423 0.01714 0.00740 ( 1)


lnL = -1694.097139

Bayes Empirical Bayes (BEB) probabilities for 4 classes (class)
(amino acids refer to 1st sequence: BT_Cry1Be1)

   1 S   0.86552 0.08543 0.04352 0.00553 ( 1)
   2 D   0.93789 0.03718 0.02375 0.00118 ( 1)
   3 S   0.00196 0.18182 0.26595 0.55027 ( 4)
   4 I   0.94412 0.02620 0.02867 0.00101 ( 1)
   5 T   0.62139 0.34240 0.02096 0.01525 ( 1)
   6 Q   0.92488 0.03584 0.03767 0.00161 ( 1)
   7 I   0.94356 0.03003 0.02539 0.00101 ( 1)
   8 P   0.93641 0.02905 0.03336 0.00118 ( 1)
   9 L   0.88928 0.05956 0.04781 0.00335 ( 1)
  10 V   0.81347 0.15729 0.02367 0.00556 ( 1)
  11 K   0.95487 0.01880 0.02570 0.00062 ( 1)
  12 S   0.36009 0.54547 0.06783 0.02661 ( 2)
  13 F   0.88645 0.06726 0.04283 0.00347 ( 1)
  14 N   0.02980 0.02512 0.91935 0.02574 ( 3)
  15 L   0.90898 0.06025 0.02855 0.00222 ( 1)
  16 N   0.12082 0.71589 0.06815 0.09515 ( 2)
  17 S   0.91807 0.04383 0.03617 0.00193 ( 1)
  18 G   0.85254 0.11927 0.02409 0.00410 ( 1)
  19 T   0.65393 0.29696 0.03314 0.01597 ( 1)
  20 S   0.48947 0.47757 0.01527 0.01770 ( 1)
  21 V   0.94521 0.02633 0.02753 0.00093 ( 1)
  22 V   0.90504 0.04609 0.04637 0.00249 ( 1)
  23 S   0.38752 0.38290 0.18942 0.04016 ( 1)
  24 G   0.90765 0.04167 0.04835 0.00233 ( 1)
  25 P   0.93885 0.02665 0.03342 0.00108 ( 1)
  26 G   0.77172 0.19511 0.02562 0.00756 ( 1)
  27 F   0.95638 0.01640 0.02666 0.00055 ( 1)
  28 T   0.93971 0.03231 0.02685 0.00113 ( 1)
  29 G   0.94164 0.02609 0.03127 0.00101 ( 1)
  30 G   0.81568 0.12915 0.04743 0.00774 ( 1)
  31 D   0.89198 0.08282 0.02257 0.00263 ( 1)
  32 I   0.88037 0.07458 0.04115 0.00391 ( 1)
  33 I   0.63209 0.32080 0.03051 0.01660 ( 1)
  34 R   0.59203 0.35826 0.03030 0.01941 ( 1)
  35 T   0.79074 0.18287 0.02040 0.00599 ( 1)
  36 N   0.55582 0.40119 0.02401 0.01898 ( 1)
  37 V   0.31257 0.65760 0.00814 0.02169 ( 2)
  38 N   0.55414 0.41993 0.01309 0.01285 ( 1)
  39 G   0.95063 0.02174 0.02688 0.00074 ( 1)
  40 S   0.13960 0.72507 0.05966 0.07567 ( 2)
  41 V   0.79486 0.17578 0.02314 0.00622 ( 1)
  42 L   0.21907 0.73789 0.00909 0.03395 ( 2)
  43 S   0.39815 0.57480 0.00943 0.01762 ( 2)
  44 M   0.90677 0.06377 0.02719 0.00227 ( 1)
  45 G   0.31523 0.48687 0.14742 0.05047 ( 2)
  46 L   0.81856 0.15018 0.02570 0.00556 ( 1)
  47 N   0.95805 0.01861 0.02278 0.00057 ( 1)
  48 F   0.86507 0.10718 0.02410 0.00364 ( 1)
  49 N   0.55146 0.19126 0.23947 0.01781 ( 1)
  50 N   0.34849 0.62404 0.00824 0.01923 ( 2)
  51 T   0.78599 0.18506 0.02246 0.00649 ( 1)
  52 S   0.43075 0.52604 0.01850 0.02470 ( 2)
  53 L   0.50503 0.45603 0.01927 0.01967 ( 1)
  54 Q   0.87138 0.07234 0.05187 0.00442 ( 1)
  55 R   0.82092 0.11773 0.05359 0.00777 ( 1)
  56 Y   0.94507 0.02271 0.03135 0.00087 ( 1)
  57 R   0.81462 0.12960 0.04793 0.00785 ( 1)
  58 V   0.68557 0.26054 0.03865 0.01525 ( 1)
  59 R   0.93494 0.03750 0.02628 0.00128 ( 1)
  60 V   0.63627 0.33592 0.01670 0.01110 ( 1)
  61 R   0.47542 0.48812 0.01673 0.01973 ( 2)
  62 Y   0.94507 0.02271 0.03135 0.00087 ( 1)
  63 A   0.95125 0.02271 0.02529 0.00075 ( 1)
  64 A   0.82683 0.14634 0.02198 0.00485 ( 1)
  65 S   0.82848 0.14039 0.02593 0.00520 ( 1)
  66 Q   0.34939 0.60883 0.01422 0.02756 ( 2)
  67 T   0.21524 0.75234 0.00608 0.02634 ( 2)
  68 M   0.07598 0.89022 0.00223 0.03158 ( 2)
  69 V   0.06521 0.88321 0.00335 0.04823 ( 2)
  70 L   0.09964 0.68806 0.08507 0.12723 ( 2)
  71 R   0.07141 0.72130 0.07995 0.12734 ( 2)
  72 V   0.45535 0.51322 0.01324 0.01819 ( 2)
  73 T   0.30139 0.47360 0.16587 0.05915 ( 2)
  74 V   0.88423 0.08346 0.02907 0.00324 ( 1)
  75 G   0.32257 0.64184 0.01066 0.02493 ( 2)
  76 G   0.89902 0.04600 0.05222 0.00275 ( 1)
  77 S   0.64628 0.32827 0.01538 0.01007 ( 1)
  78 T   0.88825 0.08595 0.02298 0.00282 ( 1)
  79 T   0.89641 0.07785 0.02319 0.00255 ( 1)
  80 F   0.06339 0.88163 0.01324 0.04173 ( 2)
  81 D   0.17564 0.78611 0.00910 0.02915 ( 2)
  82 Q   0.35329 0.60494 0.01438 0.02738 ( 2)
  83 G   0.22456 0.73935 0.00739 0.02870 ( 2)
  84 F   0.92500 0.02884 0.04467 0.00148 ( 1)
  85 P   0.69581 0.27134 0.02257 0.01029 ( 1)
  86 S   0.56285 0.41113 0.01340 0.01262 ( 1)
  87 T   0.94837 0.02628 0.02449 0.00086 ( 1)
  88 M   0.96095 0.00988 0.02882 0.00035 ( 1)
  89 S   0.92429 0.05198 0.02213 0.00159 ( 1)
  90 A   0.57387 0.39517 0.01687 0.01409 ( 1)
  91 N   0.20002 0.77180 0.00467 0.02351 ( 2)
  92 E   0.15195 0.50031 0.21447 0.13327 ( 2)
  93 S   0.02497 0.93021 0.00441 0.04042 ( 2)
  94 L   0.88723 0.06162 0.04769 0.00346 ( 1)
  95 T   0.18448 0.78291 0.00521 0.02740 ( 2)
  96 S   0.81266 0.15612 0.02544 0.00578 ( 1)
  97 Q   0.09295 0.86418 0.00376 0.03910 ( 2)
  98 S   0.28480 0.67416 0.01120 0.02984 ( 2)
  99 F   0.95638 0.01640 0.02666 0.00055 ( 1)
 100 R   0.95218 0.02036 0.02676 0.00070 ( 1)
 101 F   0.62520 0.34557 0.01742 0.01181 ( 1)
 102 A   0.55971 0.40927 0.01644 0.01458 ( 1)
 103 E   0.71669 0.25372 0.02072 0.00887 ( 1)
 104 F   0.95638 0.01640 0.02666 0.00055 ( 1)
 105 P   0.80511 0.16260 0.02613 0.00616 ( 1)
 106 V   0.71163 0.25846 0.02074 0.00917 ( 1)
 107 G   0.34898 0.61614 0.01120 0.02368 ( 2)
 108 I   0.85907 0.11555 0.02164 0.00374 ( 1)
 109 S   0.81831 0.15733 0.01953 0.00482 ( 1)
 110 A   0.04369 0.82366 0.02294 0.10972 ( 2)
 111 S   0.78393 0.18471 0.02452 0.00684 ( 1)
 112 G   0.49469 0.45337 0.02646 0.02548 ( 1)
 113 S   0.10449 0.86670 0.00243 0.02638 ( 2)
 114 Q   0.92488 0.03584 0.03767 0.00161 ( 1)
 115 -   0.79404 0.13530 0.06051 0.01016 ( 1)
 116 T   0.44284 0.50989 0.02096 0.02631 ( 2)
 117 A   0.51095 0.46025 0.01354 0.01526 ( 1)
 118 G   0.05231 0.87909 0.02185 0.04675 ( 2)
 119 I   0.94356 0.03003 0.02539 0.00101 ( 1)
 120 S   0.90085 0.07528 0.02156 0.00231 ( 1)
 121 I   0.71587 0.25603 0.01936 0.00875 ( 1)
 122 S   0.39840 0.57458 0.00943 0.01759 ( 2)
 123 N   0.94596 0.03062 0.02249 0.00093 ( 1)
 124 N   0.38578 0.58720 0.00908 0.01794 ( 2)
 125 A   0.10733 0.66048 0.10041 0.13177 ( 2)
 126 G   0.10602 0.86149 0.00294 0.02955 ( 2)
 127 R   0.82443 0.14731 0.02320 0.00506 ( 1)
 128 Q   0.40061 0.55783 0.01631 0.02524 ( 2)
 129 T   0.02605 0.91516 0.00173 0.05706 ( 2)
 130 F   0.85939 0.11283 0.02395 0.00384 ( 1)
 131 H   0.74657 0.20158 0.04044 0.01141 ( 1)
 132 F   0.35418 0.34537 0.25148 0.04897 ( 1)
 133 D   0.89412 0.08069 0.02263 0.00256 ( 1)
 134 K   0.58364 0.08934 0.31717 0.00986 ( 1)
 135 I   0.94934 0.02593 0.02389 0.00083 ( 1)
 136 E   0.95442 0.01738 0.02760 0.00060 ( 1)
 137 F   0.94640 0.01732 0.03552 0.00075 ( 1)
 138 I   0.51135 0.43961 0.02730 0.02173 ( 1)
 139 -   0.64631 0.28302 0.04937 0.02130 ( 1)

