Supplemental results for CODEML (seqf: algn  treef: tree)


dN/dS (w) for site classes (K=4)

site class             0        1       2a       2b
proportion       0.40256  0.26600  0.19957  0.13187
background w     0.07290  1.00000  0.07290  1.00000
foreground w     0.07290  1.00000  1.00000  1.00000

Naive Empirical Bayes (NEB) probabilities for 4 classes
(amino acids refer to 1st sequence: BT_Cry7Ba1)

   1 -   0.72941 0.12047 0.09039 0.05973 ( 1)
   2 -   0.70029 0.13344 0.10012 0.06615 ( 1)
   3 T   0.02291 0.22667 0.63805 0.11237 ( 3)
   4 V   0.05262 0.23325 0.59850 0.11564 ( 3)
   5 E   0.94125 0.01238 0.04023 0.00614 ( 1)
   6 L   0.83871 0.04718 0.09072 0.02339 ( 1)
   7 T   0.95098 0.01150 0.03182 0.00570 ( 1)
   8 R   0.96512 0.00775 0.02329 0.00384 ( 1)
   9 T   0.04894 0.23318 0.60228 0.11560 ( 3)
  10 I   0.97912 0.00365 0.01542 0.00181 ( 1)
  11 Y   0.47219 0.10975 0.36366 0.05441 ( 1)
  12 T   0.10860 0.59153 0.00662 0.29326 ( 2)
  13 D   0.98675 0.00198 0.01029 0.00098 ( 1)
  14 P   0.92598 0.02050 0.04336 0.01016 ( 1)
  15 L   0.58476 0.09653 0.27085 0.04785 ( 1)
  16 G   0.97607 0.00472 0.01688 0.00234 ( 1)
  17 Y   0.05042 0.37081 0.39494 0.18383 ( 3)
  18 T   0.08045 0.55258 0.09302 0.27395 ( 2)
  19 G   0.88134 0.04323 0.05400 0.02143 ( 1)
  20 Y   0.36666 0.36572 0.08631 0.18131 ( 1)
  21 S   0.01661 0.65499 0.00369 0.32472 ( 2)
  22 N   0.12362 0.13724 0.67110 0.06804 ( 3)
  23 D   0.00269 0.21869 0.67021 0.10842 ( 3)
  24 E   0.70333 0.07429 0.18555 0.03683 ( 1)
  25 H   0.75501 0.04476 0.17803 0.02219 ( 1)
  26 P   0.89202 0.04334 0.04315 0.02149 ( 1)
  27 T   0.02139 0.64840 0.00877 0.32145 ( 2)
  28 Y   0.04406 0.20823 0.64448 0.10323 ( 3)
  29 Y   0.97019 0.00604 0.02078 0.00299 ( 1)
  30 -   0.10921 0.39660 0.29757 0.19662 ( 2)
  31 S   0.82806 0.10385 0.01661 0.05148 ( 1)
  32 S   0.50086 0.10708 0.33897 0.05309 ( 1)
  33 A   0.12600 0.51937 0.09714 0.25748 ( 2)
  34 K   0.00026 0.20870 0.68758 0.10347 ( 3)
  35 P   0.00001 0.61645 0.07794 0.30561 ( 2)
  36 F   0.90351 0.01738 0.07050 0.00861 ( 1)
  37 S   0.00020 0.31729 0.52520 0.15730 ( 3)
  38 S   0.09855 0.28499 0.47517 0.14129 ( 3)
  39 I   0.96516 0.00741 0.02376 0.00367 ( 1)
  40 E   0.94628 0.01639 0.02921 0.00812 ( 1)
  41 S   0.87262 0.02011 0.09729 0.00997 ( 1)
  42 R   0.03064 0.21785 0.64350 0.10800 ( 3)
  43 A   0.88615 0.04208 0.05091 0.02086 ( 1)
  44 V   0.15831 0.49639 0.09920 0.24609 ( 2)
  45 L   0.54812 0.27668 0.03803 0.13717 ( 1)
  46 A   0.00726 0.24660 0.62389 0.12225 ( 3)
  47 P   0.77115 0.09188 0.09143 0.04555 ( 1)
  48 S   0.00396 0.61192 0.08076 0.30336 ( 2)
  49 L   0.90151 0.02874 0.05551 0.01425 ( 1)
  50 F   0.82154 0.06338 0.08366 0.03142 ( 1)
  51 K   0.56626 0.26855 0.03206 0.13313 ( 1)
  52 W   0.74117 0.09533 0.11624 0.04726 ( 1)
  53 I   0.25211 0.27668 0.33405 0.13716 ( 3)
  54 T   0.97435 0.00478 0.01851 0.00237 ( 1)
  55 Q   0.02716 0.58706 0.09473 0.29104 ( 2)
  56 L   0.09766 0.20843 0.59059 0.10333 ( 3)
  57 E   0.00063 0.61561 0.07857 0.30519 ( 2)
  58 V   0.96064 0.01039 0.02382 0.00515 ( 1)
  59 Y   0.00063 0.20905 0.68668 0.10364 ( 3)
  60 T   0.00092 0.61080 0.08548 0.30281 ( 2)
  61 K   0.00147 0.66159 0.00894 0.32799 ( 2)
  62 K   0.00000 0.66425 0.00645 0.32931 ( 2)
  63 Y   0.00646 0.66167 0.00384 0.32803 ( 2)
  64 S   0.00000 0.66836 0.00029 0.33135 ( 2)
  65 Y   0.01792 0.60342 0.07950 0.29915 ( 2)
  66 S   0.00412 0.66154 0.00638 0.32796 ( 2)
  67 S   0.12222 0.27320 0.46913 0.13544 ( 3)
  68 Q   0.00001 0.66831 0.00036 0.33132 ( 2)
  69 Y   0.05047 0.19930 0.65143 0.09880 ( 3)
  70 T   0.58977 0.07879 0.29238 0.03906 ( 1)
  71 T   0.36724 0.19829 0.33616 0.09830 ( 1)
  72 L   0.00215 0.66429 0.00423 0.32933 ( 2)
  73 W   0.17217 0.30491 0.37176 0.15116 ( 3)
  74 T   0.57885 0.07800 0.30447 0.03867 ( 1)
  75 G   0.93213 0.01819 0.04066 0.00902 ( 1)
  76 L   0.16394 0.54067 0.02735 0.26804 ( 2)
  77 R   0.05971 0.57427 0.08132 0.28470 ( 2)
  78 V   0.90946 0.03238 0.04210 0.01605 ( 1)
  79 I   0.00256 0.56041 0.15920 0.27783 ( 2)
  80 A   0.39112 0.35912 0.07172 0.17804 ( 1)
  81 Q   0.03253 0.60720 0.05925 0.30103 ( 2)
  82 P   0.02034 0.58807 0.10004 0.29154 ( 2)
  83 T   0.97435 0.00478 0.01851 0.00237 ( 1)
  84 K   0.00299 0.58697 0.11905 0.29099 ( 2)
  85 D   0.01539 0.54256 0.17307 0.26898 ( 2)
  86 F   0.00009 0.66333 0.00773 0.32885 ( 2)
  87 T   0.00001 0.66815 0.00060 0.33124 ( 2)
  88 D   0.11365 0.49164 0.15097 0.24374 ( 2)
  89 T   0.00181 0.58384 0.12490 0.28945 ( 2)
  90 V   0.01080 0.65587 0.00818 0.32515 ( 2)
  91 Y   0.71992 0.05789 0.19350 0.02870 ( 1)
  92 D   0.27841 0.11014 0.55686 0.05460 ( 3)
  93 Y   0.56136 0.27843 0.02217 0.13804 ( 1)
  94 G   0.93213 0.01819 0.04066 0.00902 ( 1)
  95 S   0.01210 0.15624 0.75420 0.07746 ( 3)
  96 S   0.65664 0.07205 0.23558 0.03572 ( 1)
  97 S   0.85784 0.04992 0.06750 0.02475 ( 1)
  98 G   0.71015 0.05717 0.20434 0.02834 ( 1)
  99 S   0.64891 0.07367 0.24089 0.03652 ( 1)
 100 E   0.00027 0.62624 0.06303 0.31046 ( 2)
 101 N   0.00009 0.62402 0.06652 0.30937 ( 2)
 102 K   0.00053 0.29263 0.56177 0.14507 ( 3)
 103 D   0.00016 0.15293 0.77110 0.07582 ( 3)
 104 V   0.15008 0.25649 0.46628 0.12716 ( 3)
 105 F   0.98089 0.00342 0.01399 0.00170 ( 1)
 106 D   0.53926 0.28210 0.03878 0.13985 ( 1)
 107 L   0.87585 0.02859 0.08139 0.01417 ( 1)
 108 Y   0.02149 0.57293 0.12154 0.28404 ( 2)
 109 G   0.00255 0.39224 0.41075 0.19446 ( 3)
 110 N   0.78399 0.12212 0.03334 0.06054 ( 1)
 111 D   0.98675 0.00198 0.01029 0.00098 ( 1)
 112 V   0.56563 0.10472 0.27774 0.05192 ( 1)
 113 Y   0.97019 0.00604 0.02078 0.00299 ( 1)
 114 D   0.03004 0.27123 0.56427 0.13447 ( 3)
 115 T   0.00094 0.62460 0.06481 0.30965 ( 2)
 116 Q   0.00709 0.28815 0.56190 0.14286 ( 3)
 117 S   0.09406 0.14682 0.68633 0.07279 ( 3)
 118 V   0.00130 0.64189 0.03858 0.31822 ( 2)
 119 V   0.00947 0.65936 0.00429 0.32688 ( 2)
 120 S   0.00863 0.60660 0.08403 0.30073 ( 2)
 121 S   0.03000 0.37056 0.41573 0.18371 ( 3)
 122 Y   0.02132 0.64808 0.00931 0.32129 ( 2)
 123 K   0.01510 0.65805 0.00062 0.32623 ( 2)
 124 P   0.01653 0.65203 0.00819 0.32325 ( 2)
 125 T   0.15591 0.51726 0.07038 0.25644 ( 2)
 126 G   0.02625 0.64511 0.00883 0.31982 ( 2)
 127 G   0.01929 0.64975 0.00884 0.32212 ( 2)
 128 G   0.00156 0.66350 0.00600 0.32894 ( 2)
 129 H   0.76859 0.13197 0.03400 0.06543 ( 1)
 130 F   0.03816 0.17360 0.70218 0.08606 ( 3)
 131 G   0.20370 0.29091 0.36117 0.14422 ( 3)
 132 V   0.15915 0.55767 0.00670 0.27647 ( 2)
 133 P   0.96541 0.00783 0.02288 0.00388 ( 1)
 134 Q   0.00000 0.36490 0.45420 0.18090 ( 3)
 135 F   0.06320 0.17145 0.68035 0.08500 ( 3)
 136 R   0.00719 0.65864 0.00765 0.32652 ( 2)
 137 L   0.90151 0.02874 0.05551 0.01425 ( 1)
 138 F   0.16387 0.55577 0.00484 0.27553 ( 2)
 139 W   0.00041 0.36948 0.44693 0.18317 ( 3)
 140 I   0.97734 0.00444 0.01602 0.00220 ( 1)
 141 T   0.86783 0.07556 0.01916 0.03746 ( 1)
 142 K   0.00024 0.24836 0.62827 0.12313 ( 3)
 143 S   0.00843 0.65679 0.00917 0.32561 ( 2)
 144 N   0.98581 0.00210 0.01104 0.00104 ( 1)
 145 G   0.00000 0.66835 0.00031 0.33134 ( 2)
 146 L   0.85901 0.04638 0.07162 0.02299 ( 1)
 147 R   0.00084 0.66761 0.00058 0.33097 ( 2)
 148 E   0.80468 0.11589 0.02198 0.05745 ( 1)
 149 Q   0.03790 0.31608 0.48931 0.15670 ( 3)
 150 I   0.00032 0.19998 0.70055 0.09914 ( 3)
 151 F   0.97423 0.00462 0.01887 0.00229 ( 1)
 152 N   0.12734 0.13689 0.66790 0.06786 ( 3)
 153 Y   0.12368 0.18115 0.60536 0.08981 ( 3)
 154 A   0.00006 0.62711 0.06194 0.31089 ( 2)
 155 N   0.01227 0.65146 0.01331 0.32297 ( 2)
 156 N   0.83495 0.02443 0.12851 0.01211 ( 1)
 157 M   0.18476 0.52738 0.02641 0.26145 ( 2)
 158 G   0.03922 0.19909 0.66298 0.09870 ( 3)
 159 -   0.94166 0.01655 0.03359 0.00820 ( 1)
 160 S   0.13342 0.18954 0.58307 0.09397 ( 3)
 161 Y   0.00413 0.63210 0.05040 0.31337 ( 2)
 162 S   0.00014 0.16094 0.75913 0.07979 ( 3)
 163 A   0.00099 0.66435 0.00531 0.32936 ( 2)
 164 Y   0.00039 0.21394 0.67960 0.10606 ( 3)
 165 R   0.02379 0.31190 0.50969 0.15463 ( 3)
 166 F   0.84400 0.09213 0.01820 0.04568 ( 1)
 167 S   0.05649 0.30789 0.48298 0.15264 ( 3)
 168 K   0.20463 0.23207 0.44825 0.11505 ( 3)
 169 D   0.25471 0.45475 0.06508 0.22545 ( 2)
 170 E   0.06514 0.20160 0.63332 0.09994 ( 3)
 171 L   0.90151 0.02874 0.05551 0.01425 ( 1)
 172 P   0.82601 0.04829 0.10175 0.02394 ( 1)
 173 I   0.96516 0.00741 0.02376 0.00367 ( 1)
 174 E   0.64871 0.07402 0.24057 0.03670 ( 1)
 175 L   0.04067 0.33354 0.46044 0.16536 ( 3)
 176 L   0.01539 0.34410 0.46993 0.17059 ( 3)
 177 Q   0.01062 0.65866 0.00419 0.32654 ( 2)
 178 P   0.00000 0.66693 0.00244 0.33063 ( 2)
 179 P   0.96541 0.00783 0.02288 0.00388 ( 1)
 180 L   0.76041 0.14219 0.02691 0.07049 ( 1)
 181 F   0.77031 0.13340 0.03016 0.06613 ( 1)
 182 G   0.93213 0.01819 0.04066 0.00902 ( 1)
 183 D   0.98675 0.00198 0.01029 0.00098 ( 1)
 184 I   0.25715 0.15396 0.51256 0.07633 ( 3)
 185 E   0.88949 0.03368 0.06013 0.01670 ( 1)
 186 E   0.96782 0.00678 0.02204 0.00336 ( 1)
 187 Y   0.92265 0.03023 0.03213 0.01499 ( 1)
 188 S   0.83055 0.02618 0.13028 0.01298 ( 1)
 189 H   0.98300 0.00305 0.01244 0.00151 ( 1)
 190 R   0.85753 0.04534 0.07465 0.02248 ( 1)
 191 L   0.90151 0.02874 0.05551 0.01425 ( 1)
 192 S   0.98788 0.00187 0.00933 0.00093 ( 1)
 193 H   0.06359 0.34491 0.42051 0.17099 ( 3)
 194 V   0.73914 0.04962 0.18665 0.02460 ( 1)
 195 S   0.88625 0.03534 0.06089 0.01752 ( 1)
 196 E   0.92423 0.02310 0.04122 0.01145 ( 1)
 197 V   0.73108 0.06600 0.17021 0.03272 ( 1)
 198 I   0.01195 0.17740 0.72270 0.08795 ( 3)
 199 K   0.12993 0.17534 0.60781 0.08693 ( 3)
 200 D   0.00075 0.15644 0.76525 0.07756 ( 3)
 201 Y   0.00707 0.21056 0.67799 0.10438 ( 3)
 202 G   0.85863 0.04977 0.06693 0.02467 ( 1)
 203 E   0.00464 0.61630 0.07352 0.30554 ( 2)
 204 -   0.40256 0.26600 0.19957 0.13187 ( 1)
 205 -   0.40256 0.26600 0.19957 0.13187 ( 1)
 206 -   0.40256 0.26600 0.19957 0.13187 ( 1)
 207 -   0.40256 0.26600 0.19957 0.13187 ( 1)
 208 -   0.40256 0.26600 0.19957 0.13187 ( 1)
 209 -   0.40256 0.26600 0.19957 0.13187 ( 1)
 210 -   0.40256 0.26600 0.19957 0.13187 ( 1)
 211 -   0.40256 0.26600 0.19957 0.13187 ( 1)
 212 G   0.93213 0.01819 0.04066 0.00902 ( 1)
 213 I   0.08085 0.28140 0.49825 0.13951 ( 3)
 214 I   0.97912 0.00365 0.01542 0.00181 ( 1)
 215 P   0.93941 0.01375 0.04002 0.00682 ( 1)
 216 V   0.87260 0.03063 0.08158 0.01519 ( 1)
 217 L   0.90151 0.02874 0.05551 0.01425 ( 1)
 218 G   0.94127 0.01162 0.04134 0.00576 ( 1)
 219 W   0.02555 0.64861 0.00428 0.32156 ( 2)
 220 T   0.95430 0.01072 0.02967 0.00531 ( 1)
 221 H   0.98300 0.00305 0.01244 0.00151 ( 1)
 222 V   0.08574 0.22038 0.58463 0.10925 ( 3)
 223 S   0.90885 0.02905 0.04770 0.01440 ( 1)


lnL = -2867.842020

