Supplemental results for CODEML (seqf: algn  treef: tree)


dN/dS (w) for site classes (K=4)

site class             0        1       2a       2b
proportion       0.38653  0.58963  0.00944  0.01440
background w     0.08588  1.22604  0.08588  1.22604
foreground w     0.08588  1.22604  6.29543  6.29543

Naive Empirical Bayes (NEB) probabilities for 4 classes
(amino acids refer to 1st sequence: BT_Cry24Ca1)

   1 P   0.00309 0.98446 0.00003 0.01242 ( 2)
   2 T   0.00767 0.97896 0.00009 0.01328 ( 2)
   3 Q   0.17964 0.60646 0.17059 0.04331 ( 2)
   4 I   0.31339 0.67640 0.00278 0.00743 ( 2)
   5 E   0.07828 0.90879 0.00084 0.01209 ( 2)
   6 L   0.96770 0.01797 0.01403 0.00030 ( 1)
   7 S   0.96701 0.02290 0.00981 0.00028 ( 1)
   8 R   0.97983 0.00452 0.01557 0.00008 ( 1)
   9 Q   0.13213 0.69308 0.12547 0.04932 ( 2)
  10 I   0.97394 0.00711 0.01881 0.00014 ( 1)
  11 Y   0.98518 0.00484 0.00992 0.00006 ( 1)
  12 T   0.97943 0.00902 0.01144 0.00012 ( 1)
  13 D   0.99060 0.00153 0.00786 0.00002 ( 1)
  14 P   0.98362 0.00330 0.01302 0.00005 ( 1)
  15 V   0.95592 0.03215 0.01149 0.00044 ( 1)
  16 G   0.98790 0.00235 0.00972 0.00003 ( 1)
  17 A   0.00000 0.95072 0.00000 0.04927 ( 2)
  18 T   0.86615 0.11397 0.01749 0.00239 ( 1)
  19 F   0.00000 0.90882 0.00000 0.09118 ( 2)
  20 S   0.00001 0.98362 0.00000 0.01637 ( 2)
  21 -   0.06401 0.91215 0.00156 0.02227 ( 2)
  22 D   0.00263 0.98705 0.00002 0.01030 ( 2)
  23 F   0.01675 0.96436 0.00031 0.01858 ( 2)
  24 S   0.01556 0.92271 0.01078 0.05096 ( 2)
  25 N   0.08516 0.90499 0.00066 0.00918 ( 2)
  26 W   0.00008 0.98099 0.00000 0.01893 ( 2)
  27 T   0.15114 0.83791 0.00140 0.00955 ( 2)
  28 L   0.00050 0.97820 0.00001 0.02129 ( 2)
  29 T   0.01200 0.97675 0.00011 0.01113 ( 2)
  30 N   0.04509 0.94379 0.00041 0.01071 ( 2)
  31 R   0.03422 0.95268 0.00039 0.01271 ( 2)
  32 T   0.79419 0.19622 0.00735 0.00224 ( 1)
  33 L   0.05949 0.92786 0.00066 0.01199 ( 2)
  34 A   0.12216 0.86674 0.00115 0.00996 ( 2)
  35 -   0.42576 0.55040 0.01040 0.01344 ( 2)
  36 -   0.05607 0.92010 0.00137 0.02247 ( 2)
  37 N   0.00713 0.98301 0.00006 0.00981 ( 2)
  38 F   0.98985 0.00107 0.00906 0.00001 ( 1)
  39 N   0.92689 0.06529 0.00718 0.00065 ( 1)
  40 D   0.07362 0.91655 0.00058 0.00925 ( 2)
  41 L   0.91542 0.06732 0.01600 0.00125 ( 1)
  42 E   0.98725 0.00215 0.01057 0.00003 ( 1)
  43 R   0.26064 0.72666 0.00300 0.00969 ( 2)
  44 E   0.51102 0.47747 0.00547 0.00604 ( 1)
  45 V   0.05533 0.93113 0.00066 0.01287 ( 2)
  46 T   0.04782 0.93889 0.00056 0.01274 ( 2)
  47 D   0.04884 0.94127 0.00039 0.00950 ( 2)
  48 A   0.00356 0.89895 0.00510 0.09239 ( 2)
  49 P   0.98552 0.00391 0.01052 0.00005 ( 1)
  50 S   0.94832 0.04156 0.00962 0.00050 ( 1)
  51 L   0.97102 0.01797 0.01078 0.00023 ( 1)
  52 L   0.09140 0.89269 0.00132 0.01459 ( 2)
  53 K   0.47222 0.51655 0.00487 0.00636 ( 2)
  54 W   0.97758 0.00446 0.01788 0.00009 ( 1)
  55 L   0.88083 0.10479 0.01271 0.00167 ( 1)
  56 N   0.00403 0.98404 0.00004 0.01189 ( 2)
  57 S   0.00002 0.83852 0.00067 0.16080 ( 2)
  58 I   0.00762 0.92316 0.00570 0.06352 ( 2)
  59 E   0.00008 0.90671 0.00006 0.09314 ( 2)
  60 V   0.44402 0.16059 0.38485 0.01055 ( 1)
  61 Y   0.98822 0.00187 0.00988 0.00002 ( 1)
  62 T   0.86035 0.12787 0.01005 0.00173 ( 1)
  63 G   0.02703 0.96109 0.00027 0.01161 ( 2)
  64 A   0.00014 0.98632 0.00000 0.01354 ( 2)
  65 I   0.01375 0.97357 0.00015 0.01253 ( 2)
  66 D   0.00079 0.98152 0.00001 0.01768 ( 2)
  67 S   0.00349 0.98201 0.00008 0.01442 ( 2)
  68 H   0.00010 0.98308 0.00000 0.01682 ( 2)
  69 R   0.00281 0.97859 0.00005 0.01856 ( 2)
  70 P   0.00004 0.98753 0.00000 0.01243 ( 2)
  71 T   0.00037 0.95097 0.00003 0.04864 ( 2)
  72 S   0.00053 0.97411 0.00002 0.02534 ( 2)
  73 P   0.71048 0.27845 0.00758 0.00349 ( 1)
  74 -   0.38653 0.58963 0.00944 0.01440 ( 2)
  75 G   0.74029 0.24948 0.00728 0.00294 ( 1)
  76 E   0.01471 0.95224 0.00463 0.02842 ( 2)
  77 R   0.10882 0.87439 0.00173 0.01506 ( 2)
  78 I   0.82001 0.16885 0.00897 0.00217 ( 1)
  79 G   0.25695 0.72865 0.00344 0.01097 ( 2)
  80 V   0.53597 0.45135 0.00644 0.00624 ( 1)
  81 W   0.97758 0.00446 0.01788 0.00009 ( 1)
  82 Y   0.46723 0.52183 0.00467 0.00627 ( 2)
  83 G   0.98540 0.00485 0.00970 0.00006 ( 1)
  84 N   0.10729 0.88060 0.00104 0.01108 ( 2)
  85 R   0.00008 0.97447 0.00000 0.02545 ( 2)
  86 N   0.03740 0.92872 0.00076 0.03312 ( 2)
  87 T   0.00018 0.91499 0.00013 0.08470 ( 2)
  88 Y   0.00056 0.93816 0.00046 0.06082 ( 2)
  89 I   0.00001 0.98844 0.00000 0.01155 ( 2)
  90 N   0.00001 0.95415 0.00000 0.04584 ( 2)
  91 P   0.28348 0.70172 0.00405 0.01075 ( 2)
  92 D   0.04162 0.94707 0.00043 0.01088 ( 2)
  93 T   0.00092 0.90201 0.00135 0.09572 ( 2)
  94 N   0.00076 0.98842 0.00001 0.01082 ( 2)
  95 E   0.00170 0.98200 0.00003 0.01628 ( 2)
  96 -   0.45558 0.52058 0.01112 0.01271 ( 2)
  97 V   0.01210 0.97426 0.00015 0.01349 ( 2)
  98 S   0.00028 0.97982 0.00001 0.01990 ( 2)
  99 Y   0.00232 0.98574 0.00002 0.01192 ( 2)
 100 R   0.03900 0.94785 0.00045 0.01270 ( 2)
 101 F   0.00000 0.98762 0.00000 0.01238 ( 2)
 102 T   0.00050 0.98802 0.00000 0.01147 ( 2)
 103 G   0.95842 0.02844 0.01272 0.00042 ( 1)
 104 E   0.00045 0.98699 0.00000 0.01256 ( 2)
 105 L   0.00001 0.91740 0.00001 0.08258 ( 2)
 106 A   0.34922 0.63788 0.00415 0.00875 ( 2)
 107 Y   0.03443 0.95367 0.00034 0.01156 ( 2)
 108 E   0.60358 0.38509 0.00646 0.00487 ( 1)
 109 N   0.00272 0.95120 0.00157 0.04451 ( 2)
 110 P   0.00283 0.98214 0.00003 0.01499 ( 2)
 111 Y   0.01425 0.96580 0.00028 0.01967 ( 2)
 112 T   0.67024 0.31989 0.00620 0.00366 ( 1)
 113 F   0.11068 0.87248 0.00166 0.01519 ( 2)
 114 I   0.15457 0.83488 0.00137 0.00918 ( 2)
 115 G   0.00013 0.93451 0.00013 0.06524 ( 2)
 116 S   0.05264 0.93649 0.00053 0.01033 ( 2)
 117 F   0.04858 0.80012 0.06898 0.08233 ( 2)
 118 F   0.00024 0.94042 0.00019 0.05916 ( 2)
 119 D   0.43123 0.55961 0.00342 0.00573 ( 2)
 120 N   0.68857 0.30301 0.00533 0.00308 ( 1)
 121 D   0.99060 0.00153 0.00786 0.00002 ( 1)
 122 I   0.97877 0.01240 0.00869 0.00014 ( 1)
 123 Y   0.88491 0.09482 0.01825 0.00202 ( 1)
 124 K   0.94684 0.04287 0.00977 0.00053 ( 1)
 125 V   0.00207 0.98425 0.00002 0.01366 ( 2)
 126 A   0.00962 0.89909 0.00947 0.08181 ( 2)
 127 L   0.58089 0.40427 0.00838 0.00646 ( 1)
 128 R   0.02696 0.95944 0.00033 0.01328 ( 2)
 129 A   0.96316 0.02746 0.00906 0.00032 ( 1)
 130 A   0.74342 0.24675 0.00699 0.00283 ( 1)
 131 A   0.00002 0.87935 0.00005 0.12058 ( 2)
 132 -   0.40983 0.56634 0.01001 0.01383 ( 2)
 133 -   0.47843 0.49774 0.01168 0.01215 ( 2)
 134 -   0.48164 0.49452 0.01176 0.01207 ( 2)
 135 -   0.04823 0.92794 0.00118 0.02266 ( 2)
 136 V   0.70149 0.28850 0.00667 0.00333 ( 1)
 137 S   0.00897 0.97901 0.00009 0.01193 ( 2)
 138 T   0.00299 0.97453 0.00006 0.02242 ( 2)
 139 T   0.20328 0.78292 0.00241 0.01139 ( 2)
 140 F   0.00000 0.98728 0.00000 0.01272 ( 2)
 141 G   0.00002 0.98327 0.00000 0.01670 ( 2)
 142 S   0.00451 0.97526 0.00009 0.02015 ( 2)
 143 N   0.00000 0.98876 0.00000 0.01124 ( 2)
 144 D   0.34398 0.64675 0.00273 0.00654 ( 2)
 145 S   0.00002 0.98008 0.00000 0.01990 ( 2)
 146 T   0.34788 0.64159 0.00322 0.00731 ( 2)
 147 F   0.97416 0.01674 0.00892 0.00019 ( 1)
 148 G   0.98218 0.00471 0.01304 0.00007 ( 1)
 149 V   0.96289 0.02764 0.00916 0.00032 ( 1)
 150 S   0.56317 0.42769 0.00470 0.00444 ( 1)
 151 S   0.00015 0.98353 0.00000 0.01631 ( 2)
 152 S   0.97831 0.01163 0.00992 0.00014 ( 1)
 153 Q   0.00010 0.98119 0.00000 0.01870 ( 2)
 154 F   0.98490 0.00601 0.00902 0.00007 ( 1)
 155 F   0.97403 0.01686 0.00892 0.00019 ( 1)
 156 N   0.00130 0.98866 0.00001 0.01003 ( 2)
 157 R   0.05356 0.81974 0.06002 0.06667 ( 2)
 158 R   0.00803 0.97871 0.00009 0.01317 ( 2)
 159 G   0.88919 0.09755 0.01180 0.00146 ( 1)
 160 I   0.00022 0.98649 0.00000 0.01329 ( 2)
 161 H   0.39712 0.59172 0.00410 0.00706 ( 2)
 162 Q   0.00004 0.98489 0.00000 0.01507 ( 2)
 163 L   0.26688 0.71516 0.00466 0.01330 ( 2)
 164 Y   0.25021 0.73843 0.00250 0.00886 ( 2)
 165 E   0.00084 0.92835 0.00082 0.06999 ( 2)
 166 S   0.00458 0.97911 0.00007 0.01624 ( 2)
 167 S   0.00212 0.98688 0.00002 0.01098 ( 2)
 168 -   0.46895 0.50722 0.01145 0.01238 ( 2)
 169 -   0.48836 0.48780 0.01192 0.01191 ( 1)
 170 -   0.46228 0.51388 0.01129 0.01255 ( 2)
 171 -   0.41057 0.56559 0.01002 0.01381 ( 2)
 172 -   0.05775 0.91842 0.00141 0.02242 ( 2)
 173 -   0.48836 0.48780 0.01192 0.01191 ( 1)
 174 -   0.06136 0.91480 0.00150 0.02234 ( 2)
 175 -   0.86415 0.11202 0.02110 0.00274 ( 1)
 176 -   0.38653 0.58963 0.00944 0.01440 ( 2)
 177 -   0.46055 0.51562 0.01124 0.01259 ( 2)
 178 -   0.39970 0.57647 0.00976 0.01408 ( 2)
 179 -   0.47706 0.49911 0.01165 0.01219 ( 2)
 180 -   0.00338 0.97279 0.00008 0.02375 ( 2)
 181 -   0.46228 0.51388 0.01129 0.01255 ( 2)
 182 -   0.42041 0.55576 0.01026 0.01357 ( 2)
 183 Q   0.00003 0.98490 0.00000 0.01508 ( 2)
 184 P   0.01208 0.97556 0.00013 0.01223 ( 2)
 185 I   0.00006 0.98716 0.00000 0.01278 ( 2)
 186 P   0.00412 0.97636 0.00008 0.01945 ( 2)
 187 S   0.00612 0.98191 0.00006 0.01191 ( 2)
 188 W   0.00004 0.98076 0.00000 0.01920 ( 2)
 189 P   0.46847 0.52001 0.00500 0.00652 ( 2)
 190 I   0.92897 0.06009 0.01017 0.00077 ( 1)
 191 T   0.12491 0.86409 0.00116 0.00985 ( 2)
 192 L   0.00064 0.93000 0.00063 0.06874 ( 2)
 193 A   0.14611 0.83992 0.00176 0.01222 ( 2)
 194 F   0.20195 0.78742 0.00185 0.00878 ( 2)
 195 P   0.98406 0.00287 0.01303 0.00004 ( 1)
 196 G   0.91182 0.07496 0.01210 0.00112 ( 1)
 197 E   0.40605 0.58224 0.00435 0.00736 ( 2)
 198 E   0.68560 0.30322 0.00734 0.00383 ( 1)
 199 S   0.93953 0.04554 0.01418 0.00076 ( 1)
 200 S   0.00180 0.98183 0.00003 0.01634 ( 2)
 201 E   0.00559 0.98194 0.00006 0.01241 ( 2)
 202 G   0.38206 0.60385 0.00507 0.00902 ( 2)
 203 N   0.93056 0.06162 0.00721 0.00061 ( 1)
 204 A   0.35705 0.63002 0.00424 0.00869 ( 2)
 205 N   0.96928 0.02299 0.00751 0.00023 ( 1)
 206 D   0.98687 0.00525 0.00783 0.00005 ( 1)
 207 Y   0.98796 0.00214 0.00988 0.00003 ( 1)
 208 S   0.97433 0.01735 0.00813 0.00018 ( 1)
 209 H   0.99009 0.00067 0.00923 0.00001 ( 1)
 210 R   0.03626 0.94661 0.00058 0.01655 ( 2)
 211 L   0.97326 0.01120 0.01535 0.00019 ( 1)
 212 C   0.85440 0.13501 0.00893 0.00167 ( 1)
 213 D   0.86587 0.12597 0.00687 0.00128 ( 1)
 214 V   0.97431 0.00787 0.01767 0.00015 ( 1)
 215 K   0.22294 0.76534 0.00230 0.00942 ( 2)
 216 N   0.96928 0.02299 0.00751 0.00023 ( 1)
 217 I   0.71324 0.27738 0.00634 0.00305 ( 1)
 218 T   0.96160 0.02680 0.01123 0.00036 ( 1)
 219 G   0.89929 0.08747 0.01194 0.00131 ( 1)
 220 G   0.96062 0.02624 0.01275 0.00039 ( 1)
 221 L   0.94726 0.04169 0.01052 0.00054 ( 1)
 222 R   0.73832 0.24929 0.00894 0.00345 ( 1)
 223 Q   0.94582 0.04059 0.01297 0.00062 ( 1)
 224 T   0.06807 0.91867 0.00079 0.01246 ( 2)
 225 P   0.00420 0.98283 0.00005 0.01292 ( 2)
 226 A   0.06242 0.91891 0.00113 0.01754 ( 2)
 227 R   0.08136 0.90181 0.00129 0.01553 ( 2)
 228 G   0.43285 0.54849 0.00799 0.01067 ( 2)
 229 -   0.45414 0.52202 0.01109 0.01275 ( 2)
 230 R   0.64094 0.34650 0.00776 0.00479 ( 1)
 231 S   0.73070 0.25876 0.00741 0.00314 ( 1)
 232 S   0.74045 0.24900 0.00752 0.00303 ( 1)
 233 L   0.93118 0.05451 0.01344 0.00087 ( 1)
 234 L   0.42391 0.56102 0.00612 0.00896 ( 2)
 235 S   0.18030 0.80365 0.00272 0.01333 ( 2)
 236 H   0.94895 0.04173 0.00885 0.00047 ( 1)
 237 A   0.56467 0.42282 0.00671 0.00580 ( 1)
 238 W   0.97758 0.00446 0.01788 0.00009 ( 1)
 239 T   0.97808 0.01036 0.01142 0.00014 ( 1)
 240 H   0.99009 0.00067 0.00923 0.00001 ( 1)
 241 S   0.00001 0.98828 0.00000 0.01171 ( 2)
 242 -   0.87041 0.10576 0.02125 0.00258 ( 1)


lnL = -3661.752087

