Supplemental results for CODEML (seqf: algn  treef: tree)


dN/dS (w) for site classes (K=4)

site class             0        1       2a       2b
proportion       0.66100  0.17153  0.13297  0.03450
background w     0.10213  1.00000  0.10213  1.00000
foreground w     0.10213  1.00000  1.00000  1.00000

Naive Empirical Bayes (NEB) probabilities for 4 classes
(amino acids refer to 1st sequence: BT_Cry8Ba1)

   1 P   0.85424 0.00669 0.13773 0.00134 ( 1)
   2 F   0.86275 0.00521 0.13099 0.00105 ( 1)
   3 V   0.82463 0.03878 0.12879 0.00780 ( 1)
   4 G   0.83525 0.01284 0.14932 0.00258 ( 1)
   5 P   0.59576 0.24544 0.10943 0.04937 ( 1)
   6 I   0.86199 0.00458 0.13250 0.00092 ( 1)
   7 V   0.74377 0.10345 0.13197 0.02081 ( 1)
   8 S   0.83687 0.00787 0.15367 0.00158 ( 1)
   9 L   0.80083 0.05362 0.13476 0.01079 ( 1)
  10 Y   0.85586 0.00595 0.13699 0.00120 ( 1)
  11 T   0.82614 0.03783 0.12842 0.00761 ( 1)
  12 Q   0.00051 0.83180 0.00037 0.16732 ( 2)
  13 L   0.78786 0.07079 0.12711 0.01424 ( 1)
  14 I   0.81989 0.04499 0.12607 0.00905 ( 1)
  15 D   0.85378 0.01847 0.12403 0.00372 ( 1)
  16 I   0.06895 0.76569 0.01133 0.15403 ( 2)
  17 L   0.81919 0.02784 0.14737 0.00560 ( 1)
  18 W   0.80956 0.03397 0.14964 0.00683 ( 1)
  19 P   0.85586 0.00521 0.13788 0.00105 ( 1)
  20 S   0.13419 0.70136 0.02336 0.14109 ( 2)
  21 K   0.06896 0.76616 0.01076 0.15412 ( 2)
  22 Q   0.02258 0.80995 0.00454 0.16293 ( 2)
  23 K   0.37376 0.46789 0.06422 0.09412 ( 2)
  24 S   0.86300 0.00243 0.13408 0.00049 ( 1)
  25 Q   0.45695 0.39010 0.07447 0.07847 ( 1)
  26 W   0.80956 0.03397 0.14964 0.00683 ( 1)
  27 E   0.86755 0.00383 0.12785 0.00077 ( 1)
  28 I   0.84313 0.02269 0.12962 0.00456 ( 1)
  29 F   0.82752 0.03922 0.12537 0.00789 ( 1)
  30 M   0.86450 0.00189 0.13324 0.00038 ( 1)
  31 E   0.85107 0.01953 0.12547 0.00393 ( 1)
  32 Q   0.85377 0.00590 0.13914 0.00119 ( 1)
  33 V   0.86449 0.00547 0.12894 0.00110 ( 1)
  34 E   0.86755 0.00383 0.12785 0.00077 ( 1)
  35 E   0.53252 0.31887 0.08446 0.06414 ( 1)
  36 L   0.80529 0.03474 0.15298 0.00699 ( 1)
  37 I   0.86155 0.00501 0.13244 0.00101 ( 1)
  38 N   0.85622 0.01545 0.12522 0.00311 ( 1)
  39 Q   0.37282 0.02834 0.59314 0.00570 ( 3)
  40 K   0.86717 0.00365 0.12845 0.00073 ( 1)
  41 I   0.87071 0.00329 0.12534 0.00066 ( 1)
  42 A   0.83979 0.02747 0.12722 0.00552 ( 1)
  43 E   0.84901 0.02153 0.12513 0.00433 ( 1)
  44 Y   0.69893 0.14033 0.13252 0.02823 ( 1)
  45 A   0.83810 0.02909 0.12696 0.00585 ( 1)
  46 R   0.83423 0.01519 0.14752 0.00306 ( 1)
  47 N   0.19226 0.64657 0.03111 0.13006 ( 2)
  48 K   0.78469 0.06724 0.13454 0.01353 ( 1)
  49 A   0.85785 0.00963 0.13058 0.00194 ( 1)
  50 L   0.36299 0.02990 0.60110 0.00601 ( 3)
  51 S   0.76016 0.10337 0.11568 0.02079 ( 1)
  52 E   0.84807 0.02240 0.12502 0.00451 ( 1)
  53 L   0.84170 0.01494 0.14036 0.00300 ( 1)
  54 E   0.81658 0.04115 0.13400 0.00828 ( 1)
  55 G   0.83389 0.01371 0.14964 0.00276 ( 1)
  56 L   0.84367 0.01306 0.14065 0.00263 ( 1)
  57 G   0.83648 0.01193 0.14919 0.00240 ( 1)
  58 N   0.85622 0.01545 0.12522 0.00311 ( 1)
  59 N   0.42055 0.42077 0.07404 0.08464 ( 2)
  60 Y   0.21516 0.61957 0.04063 0.12463 ( 2)
  61 Q   0.08644 0.64909 0.13390 0.13057 ( 2)
  62 L   0.24390 0.32029 0.37138 0.06443 ( 3)
  63 Y   0.85586 0.00595 0.13699 0.00120 ( 1)
  64 L   0.69361 0.15861 0.11587 0.03191 ( 1)
  65 T   0.81131 0.05384 0.12401 0.01083 ( 1)
  66 A   0.78301 0.08168 0.11887 0.01643 ( 1)
  67 L   0.85494 0.00594 0.13792 0.00119 ( 1)
  68 E   0.84590 0.02446 0.12473 0.00492 ( 1)
  69 E   0.72700 0.13793 0.10732 0.02775 ( 1)
  70 W   0.80956 0.03397 0.14964 0.00683 ( 1)
  71 K   0.03168 0.80138 0.00573 0.16121 ( 2)
  72 E   0.40112 0.02799 0.56526 0.00563 ( 3)
  73 N   0.86982 0.00249 0.12718 0.00050 ( 1)
  74 P   0.76835 0.08981 0.12377 0.01807 ( 1)
  75 N   0.77154 0.08573 0.12548 0.01725 ( 1)
  76 G   0.44894 0.39729 0.07386 0.07992 ( 1)
  77 S   0.79634 0.06809 0.12187 0.01370 ( 1)
  78 R   0.86146 0.00351 0.13433 0.00071 ( 1)
  79 A   0.50950 0.32514 0.09996 0.06540 ( 1)
  80 L   0.44897 0.39644 0.07484 0.07975 ( 1)
  81 R   0.70767 0.13412 0.13123 0.02698 ( 1)
  82 D   0.83919 0.03240 0.12189 0.00652 ( 1)
  83 V   0.85659 0.00794 0.13387 0.00160 ( 1)
  84 R   0.01775 0.79194 0.03101 0.15931 ( 2)
  85 N   0.82400 0.04621 0.12050 0.00929 ( 1)
  86 R   0.75370 0.09519 0.13196 0.01915 ( 1)
  87 F   0.83193 0.03499 0.12604 0.00704 ( 1)
  88 E   0.70126 0.16264 0.10339 0.03272 ( 1)
  89 I   0.35822 0.48532 0.05883 0.09763 ( 2)
  90 L   0.83552 0.02453 0.13502 0.00493 ( 1)
  91 D   0.85189 0.02029 0.12374 0.00408 ( 1)
  92 S   0.43051 0.41820 0.06716 0.08413 ( 1)
  93 L   0.23124 0.60792 0.03855 0.12229 ( 2)
  94 F   0.86529 0.00302 0.13108 0.00061 ( 1)
  95 T   0.39129 0.44862 0.06985 0.09024 ( 2)
  96 Q   0.28821 0.55348 0.04697 0.11134 ( 2)
  97 Y   0.50902 0.34091 0.08148 0.06858 ( 1)
  98 M   0.83681 0.02848 0.12897 0.00573 ( 1)
  99 P   0.85101 0.00577 0.14205 0.00116 ( 1)
 100 S   0.85308 0.00635 0.13929 0.00128 ( 1)
 101 F   0.86529 0.00302 0.13108 0.00061 ( 1)
 102 R   0.21222 0.62291 0.03956 0.12531 ( 2)
 103 V   0.81939 0.04826 0.12264 0.00971 ( 1)
 104 T   0.27685 0.25975 0.41115 0.05225 ( 3)
 105 N   0.44579 0.40200 0.07135 0.08087 ( 1)
 106 F   0.10880 0.72738 0.01750 0.14632 ( 2)
 107 E   0.86755 0.00383 0.12785 0.00077 ( 1)
 108 V   0.86456 0.00542 0.12894 0.00109 ( 1)
 109 P   0.85668 0.00443 0.13799 0.00089 ( 1)
 110 F   0.68706 0.16466 0.11515 0.03312 ( 1)
 111 L   0.84303 0.01745 0.13600 0.00351 ( 1)
 112 T   0.44768 0.34982 0.13213 0.07037 ( 1)
 113 V   0.86449 0.00547 0.12894 0.00110 ( 1)
 114 Y   0.85586 0.00595 0.13699 0.00120 ( 1)
 115 T   0.76343 0.08342 0.13637 0.01678 ( 1)
 116 M   0.22089 0.61854 0.03615 0.12442 ( 2)
 117 A   0.86467 0.00363 0.13097 0.00073 ( 1)
 118 A   0.85325 0.00941 0.13544 0.00189 ( 1)
 119 N   0.83868 0.01121 0.14785 0.00226 ( 1)
 120 L   0.84266 0.01780 0.13596 0.00358 ( 1)
 121 H   0.86368 0.00287 0.13287 0.00058 ( 1)
 122 L   0.84286 0.01386 0.14049 0.00279 ( 1)
 123 L   0.81281 0.02937 0.15191 0.00591 ( 1)
 124 L   0.84430 0.01247 0.14072 0.00251 ( 1)
 125 L   0.84430 0.01247 0.14072 0.00251 ( 1)
 126 R   0.19057 0.64641 0.03299 0.13003 ( 2)
 127 D   0.85237 0.00957 0.13613 0.00192 ( 1)
 128 A   0.85718 0.00579 0.13587 0.00116 ( 1)
 129 S   0.84246 0.01374 0.14103 0.00276 ( 1)
 130 I   0.38266 0.02824 0.58342 0.00568 ( 3)
 131 F   0.86529 0.00302 0.13108 0.00061 ( 1)
 132 G   0.86095 0.00407 0.13416 0.00082 ( 1)
 133 E   0.83415 0.03573 0.12294 0.00719 ( 1)
 134 E   0.86733 0.00403 0.12783 0.00081 ( 1)
 135 W   0.80956 0.03397 0.14964 0.00683 ( 1)
 136 G   0.85937 0.00491 0.13474 0.00099 ( 1)
 137 L   0.04059 0.77206 0.03204 0.15531 ( 2)
 138 S   0.26827 0.29828 0.37345 0.06000 ( 3)
 139 T   0.03359 0.35836 0.53597 0.07209 ( 3)
 140 S   0.02968 0.80260 0.00627 0.16145 ( 2)
 141 T   0.02215 0.76801 0.05535 0.15449 ( 2)
 142 I   0.38347 0.03216 0.57790 0.00647 ( 3)
 143 N   0.50844 0.34734 0.07435 0.06987 ( 1)
 144 N   0.12378 0.57575 0.18465 0.11582 ( 2)
 145 Y   0.79671 0.06302 0.12759 0.01268 ( 1)
 146 Y   0.85586 0.00595 0.13699 0.00120 ( 1)
 147 N   0.51936 0.28458 0.13882 0.05725 ( 1)
 148 R   0.84826 0.00718 0.14312 0.00144 ( 1)
 149 Q   0.85144 0.00815 0.13877 0.00164 ( 1)
 150 M   0.82796 0.03699 0.12761 0.00744 ( 1)
 151 K   0.10329 0.73247 0.01689 0.14734 ( 2)
 152 L   0.60398 0.15746 0.20689 0.03167 ( 1)
 153 T   0.75337 0.09954 0.12707 0.02002 ( 1)
 154 A   0.86017 0.00679 0.13168 0.00137 ( 1)
 155 E   0.50827 0.28519 0.14917 0.05737 ( 1)
 156 Y   0.85271 0.00899 0.13650 0.00181 ( 1)
 157 S   0.84999 0.00933 0.13879 0.00188 ( 1)
 158 D   0.86944 0.00344 0.12644 0.00069 ( 1)
 159 H   0.73340 0.11118 0.13306 0.02236 ( 1)
 160 C   0.85500 0.00478 0.13926 0.00096 ( 1)
 161 V   0.84890 0.00695 0.14275 0.00140 ( 1)
 162 K   0.78713 0.07700 0.12038 0.01549 ( 1)
 163 W   0.80956 0.03397 0.14964 0.00683 ( 1)
 164 Y   0.85586 0.00595 0.13699 0.00120 ( 1)
 165 E   0.01491 0.80293 0.02064 0.16152 ( 2)
 166 T   0.85719 0.00497 0.13684 0.00100 ( 1)
 167 G   0.85277 0.00912 0.13627 0.00184 ( 1)
 168 L   0.84430 0.01247 0.14072 0.00251 ( 1)
 169 A   0.74089 0.12560 0.10824 0.02527 ( 1)
 170 K   0.27933 0.54521 0.06579 0.10967 ( 2)
 171 L   0.84430 0.01247 0.14072 0.00251 ( 1)
 172 K   0.86717 0.00365 0.12845 0.00073 ( 1)
 173 G   0.85348 0.01099 0.13332 0.00221 ( 1)
 174 S   0.15073 0.68383 0.02789 0.13756 ( 2)
 175 S   0.78932 0.07766 0.11740 0.01562 ( 1)
 176 A   0.85803 0.00500 0.13597 0.00100 ( 1)
 177 K   0.67823 0.18421 0.10050 0.03706 ( 1)
 178 Q   0.23278 0.60714 0.03794 0.12213 ( 2)
 179 W   0.80956 0.03397 0.14964 0.00683 ( 1)
 180 I   0.36096 0.48499 0.05649 0.09756 ( 2)
 181 D   0.08279 0.65569 0.12962 0.13190 ( 2)
 182 Y   0.85586 0.00595 0.13699 0.00120 ( 1)
 183 N   0.23617 0.60125 0.04163 0.12095 ( 2)
 184 Q   0.04787 0.78570 0.00838 0.15805 ( 2)
 185 F   0.82912 0.01849 0.14867 0.00372 ( 1)
 186 R   0.84423 0.01095 0.14261 0.00220 ( 1)
 187 R   0.86146 0.00351 0.13433 0.00071 ( 1)
 188 E   0.86755 0.00383 0.12785 0.00077 ( 1)
 189 M   0.86450 0.00189 0.13324 0.00038 ( 1)
 190 T   0.86375 0.00355 0.13198 0.00072 ( 1)
 191 L   0.81038 0.03229 0.15083 0.00650 ( 1)
 192 T   0.00270 0.82975 0.00064 0.16691 ( 2)
 193 V   0.83276 0.01624 0.14774 0.00327 ( 1)
 194 L   0.84430 0.01247 0.14072 0.00251 ( 1)
 195 D   0.87023 0.00278 0.12643 0.00056 ( 1)
 196 V   0.39731 0.44139 0.07252 0.08879 ( 2)
 197 V   0.73908 0.10506 0.13472 0.02113 ( 1)
 198 A   0.81493 0.04680 0.12886 0.00941 ( 1)
 199 L   0.84430 0.01247 0.14072 0.00251 ( 1)
 200 F   0.86456 0.00365 0.13106 0.00073 ( 1)
 201 S   0.25098 0.30802 0.37903 0.06196 ( 3)
 202 N   0.00284 0.82747 0.00324 0.16645 ( 2)


lnL = -2081.835628

