Supplemental results for CODEML (seqf: algn  treef: tree)


dN/dS (w) for site classes (K=4)

site class             0        1       2a       2b
proportion       0.60736  0.21312  0.13289  0.04663
background w     0.14094  1.00000  0.14094  1.00000
foreground w     0.14094  1.00000  1.00000  1.00000

Naive Empirical Bayes (NEB) probabilities for 4 classes
(amino acids refer to 1st sequence: BT_Cry1A-like)

   1 -   0.60736 0.21312 0.13289 0.04663 ( 1)
   2 -   0.60736 0.21312 0.13289 0.04663 ( 1)
   3 -   0.03396 0.52435 0.32696 0.11473 ( 2)
   4 S   0.30861 0.37528 0.23401 0.08211 ( 2)
   5 A   0.41023 0.26355 0.26855 0.05767 ( 1)
   6 E   0.00178 0.46307 0.43383 0.10132 ( 2)
   7 F   0.83712 0.07372 0.07303 0.01613 ( 1)
   8 N   0.00399 0.78365 0.04090 0.17146 ( 2)
   9 N   0.57866 0.28908 0.06901 0.06325 ( 1)
  10 I   0.10160 0.63057 0.12985 0.13797 ( 2)
  11 I   0.87304 0.05601 0.05869 0.01226 ( 1)
  12 P   0.81761 0.08524 0.07850 0.01865 ( 1)
  13 S   0.80459 0.08195 0.09553 0.01793 ( 1)
  14 S   0.13576 0.43783 0.33062 0.09580 ( 2)
  15 Q   0.00000 0.82048 0.00000 0.17952 ( 2)
  16 I   0.22103 0.00010 0.77884 0.00002 ( 3)
  17 T   0.12794 0.00095 0.87091 0.00021 ( 3)
  18 Q   0.88366 0.00024 0.11605 0.00005 ( 1)
  19 I   0.91490 0.00001 0.08509 0.00000 ( 1)
  20 P   0.89724 0.00009 0.10264 0.00002 ( 1)
  21 L   0.03596 0.78698 0.00487 0.17219 ( 2)
  22 T   0.90157 0.00026 0.09811 0.00006 ( 1)
  23 K   0.15031 0.00135 0.84805 0.00029 ( 3)
  24 S   0.45556 0.13129 0.38443 0.02873 ( 1)
  25 T   0.00000 0.82048 0.00000 0.17952 ( 2)
  26 N   0.23766 0.30268 0.39344 0.06623 ( 3)
  27 L   0.56727 0.03870 0.38556 0.00847 ( 1)
  28 G   0.00000 0.82047 0.00001 0.17952 ( 2)
  29 S   0.73008 0.17054 0.06206 0.03732 ( 1)
  30 G   0.53138 0.00032 0.46823 0.00007 ( 1)
  31 T   0.00714 0.81420 0.00050 0.17815 ( 2)
  32 S   0.45364 0.22484 0.27233 0.04919 ( 1)
  33 V   0.87314 0.00001 0.12684 0.00000 ( 1)
  34 V   0.93507 0.00247 0.06192 0.00054 ( 1)
  35 K   0.32931 0.53059 0.02400 0.11609 ( 2)
  36 G   0.91109 0.00002 0.08889 0.00000 ( 1)
  37 P   0.90784 0.00012 0.09201 0.00003 ( 1)
  38 G   0.91099 0.00011 0.08888 0.00002 ( 1)
  39 F   0.93185 0.00000 0.06815 0.00000 ( 1)
  40 T   0.93127 0.00000 0.06873 0.00000 ( 1)
  41 G   0.91111 0.00000 0.08889 0.00000 ( 1)
  42 G   0.90991 0.00109 0.08877 0.00024 ( 1)
  43 D   0.93599 0.00000 0.06400 0.00000 ( 1)
  44 I   0.94352 0.00043 0.05595 0.00009 ( 1)
  45 L   0.91846 0.00004 0.08149 0.00001 ( 1)
  46 R   0.47924 0.36599 0.07469 0.08008 ( 1)
  47 R   0.62928 0.00025 0.37042 0.00006 ( 1)
  48 T   0.62681 0.04268 0.32116 0.00934 ( 1)
  49 S   0.08801 0.73955 0.01063 0.16181 ( 2)
  50 P   0.25587 0.59194 0.02267 0.12952 ( 2)
  51 G   0.85746 0.00011 0.14241 0.00002 ( 1)
  52 Q   0.00685 0.80738 0.00911 0.17666 ( 2)
  53 I   0.94402 0.00000 0.05598 0.00000 ( 1)
  54 S   0.06595 0.76033 0.00736 0.16636 ( 2)
  55 T   0.86532 0.00043 0.13416 0.00009 ( 1)
  56 L   0.05081 0.77411 0.00570 0.16938 ( 2)
  57 R   0.91861 0.00863 0.07087 0.00189 ( 1)
  58 V   0.87732 0.03968 0.07432 0.00868 ( 1)
  59 N   0.68641 0.00003 0.31355 0.00001 ( 1)
  60 -   0.60736 0.21312 0.13289 0.04663 ( 1)
  61 I   0.94402 0.00000 0.05598 0.00000 ( 1)
  62 T   0.59742 0.29700 0.04060 0.06498 ( 1)
  63 A   0.00032 0.82019 0.00003 0.17946 ( 2)
  64 P   0.37688 0.28938 0.27042 0.06332 ( 1)
  65 L   0.89627 0.00255 0.10061 0.00056 ( 1)
  66 S   0.89890 0.00060 0.10037 0.00013 ( 1)
  67 Q   0.87121 0.01543 0.10999 0.00338 ( 1)
  68 R   0.92837 0.00000 0.07163 0.00000 ( 1)
  69 Y   0.91489 0.00001 0.08511 0.00000 ( 1)
  70 R   0.82508 0.01581 0.15565 0.00346 ( 1)
  71 V   0.92727 0.00001 0.07271 0.00000 ( 1)
  72 R   0.92819 0.00016 0.07161 0.00004 ( 1)
  73 I   0.94401 0.00001 0.05598 0.00000 ( 1)
  74 R   0.43779 0.01685 0.54168 0.00369 ( 3)
  75 Y   0.85555 0.00002 0.14442 0.00001 ( 1)
  76 A   0.93465 0.00000 0.06535 0.00000 ( 1)
  77 S   0.61058 0.00001 0.38941 0.00000 ( 1)
  78 T   0.92929 0.00000 0.07071 0.00000 ( 1)
  79 T   0.93122 0.00005 0.06872 0.00001 ( 1)
  80 N   0.94415 0.00006 0.05577 0.00001 ( 1)
  81 L   0.89854 0.00048 0.10087 0.00011 ( 1)
  82 Q   0.87590 0.01109 0.11058 0.00243 ( 1)
  83 F   0.87033 0.00006 0.12960 0.00001 ( 1)
  84 H   0.02916 0.77009 0.03225 0.16850 ( 2)
  85 T   0.90292 0.02497 0.06664 0.00546 ( 1)
  86 S   0.00136 0.81924 0.00015 0.17925 ( 2)
  87 I   0.94401 0.00001 0.05598 0.00000 ( 1)
  88 D   0.30885 0.30942 0.31403 0.06770 ( 3)
  89 G   0.91109 0.00002 0.08889 0.00000 ( 1)
  90 R   0.91442 0.01233 0.07055 0.00270 ( 1)
  91 P   0.83263 0.07685 0.07370 0.01681 ( 1)
  92 I   0.94390 0.00010 0.05597 0.00002 ( 1)
  93 N   0.94422 0.00000 0.05578 0.00000 ( 1)
  94 Q   0.00000 0.82048 0.00000 0.17952 ( 2)
  95 G   0.83468 0.05176 0.10223 0.01133 ( 1)
  96 N   0.70218 0.00002 0.29779 0.00000 ( 1)
  97 F   0.65573 0.00030 0.34390 0.00007 ( 1)
  98 S   0.00348 0.81484 0.00340 0.17829 ( 2)
  99 A   0.31060 0.54544 0.02462 0.11934 ( 2)
 100 T   0.94194 0.00000 0.05806 0.00000 ( 1)
 101 M   0.91986 0.00075 0.07923 0.00016 ( 1)
 102 S   0.69759 0.00222 0.29971 0.00049 ( 1)
 103 S   0.89424 0.04288 0.05349 0.00938 ( 1)
 104 G   0.21819 0.60972 0.03868 0.13341 ( 2)
 105 S   0.00000 0.82046 0.00002 0.17952 ( 2)
 106 N   0.08137 0.72568 0.03418 0.15878 ( 2)
 107 L   0.89897 0.00009 0.10092 0.00002 ( 1)
 108 Q   0.08799 0.73522 0.01593 0.16087 ( 2)
 109 S   0.04734 0.77508 0.00800 0.16959 ( 2)
 110 A   0.04863 0.75292 0.03371 0.16474 ( 2)
 111 S   0.00119 0.81854 0.00117 0.17910 ( 2)
 112 F   0.65446 0.00043 0.34501 0.00009 ( 1)
 113 R   0.87228 0.00059 0.12700 0.00013 ( 1)
 114 T   0.23557 0.00032 0.76404 0.00007 ( 3)
 115 V   0.01367 0.46910 0.41460 0.10264 ( 2)
 116 G   0.92547 0.00184 0.07229 0.00040 ( 1)
 117 F   0.93185 0.00000 0.06815 0.00000 ( 1)
 118 T   0.94194 0.00001 0.05806 0.00000 ( 1)
 119 T   0.94194 0.00000 0.05806 0.00000 ( 1)
 120 P   0.84596 0.00004 0.15400 0.00001 ( 1)
 121 F   0.93185 0.00000 0.06815 0.00000 ( 1)
 122 N   0.26193 0.57631 0.03566 0.12610 ( 2)
 123 F   0.65815 0.00002 0.34183 0.00000 ( 1)
 124 S   0.24690 0.45739 0.19563 0.10008 ( 2)
 125 N   0.54439 0.34743 0.03216 0.07602 ( 1)
 126 G   0.01227 0.80943 0.00120 0.17710 ( 2)
 127 S   0.00563 0.81534 0.00063 0.17840 ( 2)
 128 S   0.93891 0.00405 0.05616 0.00089 ( 1)
 129 V   0.60966 0.04422 0.33645 0.00968 ( 1)
 130 F   0.93173 0.00010 0.06814 0.00002 ( 1)
 131 T   0.84507 0.01052 0.14211 0.00230 ( 1)
 132 L   0.86660 0.02963 0.09728 0.00648 ( 1)
 133 S   0.94204 0.00132 0.05635 0.00029 ( 1)
 134 A   0.87598 0.05372 0.05854 0.01175 ( 1)
 135 H   0.00013 0.82030 0.00009 0.17948 ( 2)
 136 V   0.00000 0.82048 0.00000 0.17952 ( 2)
 137 F   0.86972 0.00064 0.12951 0.00014 ( 1)
 138 N   0.94264 0.00138 0.05568 0.00030 ( 1)
 139 S   0.04785 0.77683 0.00534 0.16997 ( 2)
 140 G   0.38586 0.45131 0.06408 0.09875 ( 2)
 141 -   0.60736 0.21312 0.13289 0.04663 ( 1)
 142 N   0.56356 0.33077 0.03329 0.07237 ( 1)
 143 E   0.92200 0.00031 0.07763 0.00007 ( 1)
 144 V   0.93806 0.00001 0.06192 0.00000 ( 1)
 145 Y   0.91411 0.00070 0.08503 0.00015 ( 1)
 146 I   0.93711 0.00003 0.06285 0.00001 ( 1)
 147 D   0.65473 0.00001 0.34526 0.00000 ( 1)
 148 R   0.64980 0.20639 0.09865 0.04516 ( 1)
 149 I   0.94402 0.00000 0.05598 0.00000 ( 1)
 150 E   0.92234 0.00000 0.07766 0.00000 ( 1)
 151 F   0.93185 0.00000 0.06815 0.00000 ( 1)
 152 V   0.93801 0.00006 0.06192 0.00001 ( 1)
 153 -   0.76249 0.05799 0.16683 0.01269 ( 1)


lnL = -4553.312271

