Supplemental results for CODEML (seqf: algn  treef: tree)


dN/dS (w) for site classes (K=4)

site class             0        1       2a       2b
proportion       0.57313  0.37917  0.02871  0.01899
background w     0.15797  1.00000  0.15797  1.00000
foreground w     0.15797  1.00000  1.00000  1.00000

Naive Empirical Bayes (NEB) probabilities for 4 classes
(amino acids refer to 1st sequence: BT_Cry18Aa1)

   1 -   0.95832 0.00036 0.04130 0.00002 ( 1)
   2 L   0.95713 0.00014 0.04272 0.00001 ( 1)
   3 Y   0.00018 0.95182 0.00033 0.04767 ( 2)
   4 V   0.95435 0.00171 0.04386 0.00009 ( 1)
   5 S   0.95168 0.00608 0.04194 0.00030 ( 1)
   6 T   0.94906 0.00708 0.04350 0.00035 ( 1)
   7 S   0.94644 0.00798 0.04518 0.00040 ( 1)
   8 A   0.95815 0.00003 0.04182 0.00000 ( 1)
   9 N   0.95852 0.00001 0.04147 0.00000 ( 1)
  10 L   0.95483 0.00054 0.04460 0.00003 ( 1)
  11 Y   0.95646 0.00089 0.04260 0.00004 ( 1)
  12 N   0.95549 0.00236 0.04203 0.00012 ( 1)
  13 I   0.66355 0.29101 0.03087 0.01458 ( 1)
  14 G   0.95762 0.00009 0.04229 0.00000 ( 1)
  15 D   0.77695 0.01009 0.21245 0.00051 ( 1)
  16 N   0.94990 0.00546 0.04436 0.00027 ( 1)
  17 K   0.04942 0.90305 0.00230 0.04523 ( 2)
  18 V   0.00078 0.95152 0.00004 0.04766 ( 2)
  19 N   0.39189 0.56099 0.01902 0.02810 ( 2)
  20 E   0.17333 0.77968 0.00794 0.03905 ( 2)
  21 G   0.92622 0.02875 0.04360 0.00144 ( 1)
  22 A   0.22077 0.73216 0.01040 0.03667 ( 2)
  23 Y   0.95833 0.00004 0.04163 0.00000 ( 1)
  24 P   0.94365 0.01262 0.04309 0.00063 ( 1)
  25 I   0.90492 0.05098 0.04155 0.00255 ( 1)
  26 S   0.66646 0.28776 0.03137 0.01441 ( 1)
  27 Y   0.25466 0.69828 0.01208 0.03497 ( 2)
  28 G   0.90586 0.04813 0.04360 0.00241 ( 1)
  29 P   0.95115 0.00439 0.04423 0.00022 ( 1)
  30 F   0.95835 0.00002 0.04163 0.00000 ( 1)
  31 F   0.95455 0.00082 0.04459 0.00004 ( 1)
  32 N   0.88808 0.06900 0.03946 0.00346 ( 1)
  33 S   0.95725 0.00054 0.04218 0.00003 ( 1)
  34 Y   0.95694 0.00033 0.04271 0.00002 ( 1)
  35 I   0.95058 0.00393 0.04529 0.00020 ( 1)
  36 Q   0.95412 0.00092 0.04491 0.00005 ( 1)
  37 T   0.95707 0.00104 0.04184 0.00005 ( 1)
  38 K   0.95876 0.00002 0.04121 0.00000 ( 1)
  39 S   0.80906 0.14425 0.03947 0.00722 ( 1)
  40 N   0.95878 0.00001 0.04121 0.00000 ( 1)
  41 Y   0.95744 0.00002 0.04253 0.00000 ( 1)
  42 V   0.81350 0.14249 0.03687 0.00714 ( 1)
  43 L   0.88472 0.07042 0.04133 0.00353 ( 1)
  44 S   0.48472 0.47036 0.02136 0.02356 ( 1)
  45 G   0.94738 0.01027 0.04184 0.00051 ( 1)
  46 V   0.08379 0.86857 0.00413 0.04350 ( 2)
  47 S   0.86087 0.09716 0.03710 0.00487 ( 1)
  48 G   0.95760 0.00011 0.04229 0.00001 ( 1)
  49 I   0.00060 0.95170 0.00003 0.04767 ( 2)
  50 G   0.46405 0.48939 0.02205 0.02451 ( 2)
  51 A   0.00000 0.95230 0.00000 0.04770 ( 2)
  52 R   0.00218 0.95013 0.00010 0.04759 ( 2)
  53 F   0.00000 0.95230 0.00000 0.04770 ( 2)
  54 T   0.00144 0.95086 0.00007 0.04763 ( 2)
  55 Y   0.93314 0.02133 0.04446 0.00107 ( 1)
  56 -   0.94591 0.01140 0.04213 0.00057 ( 1)
  57 -   0.07868 0.87415 0.00338 0.04378 ( 2)
  58 -   0.01089 0.94148 0.00047 0.04716 ( 2)
  59 S   0.12510 0.82791 0.00552 0.04147 ( 2)
  60 T   0.05203 0.90057 0.00230 0.04511 ( 2)
  61 V   0.22925 0.72379 0.01071 0.03625 ( 2)
  62 -   0.57313 0.37917 0.02871 0.01899 ( 1)
  63 -   0.57313 0.37917 0.02871 0.01899 ( 1)
  64 L   0.62169 0.33142 0.03029 0.01660 ( 1)
  65 G   0.95719 0.00051 0.04227 0.00003 ( 1)
  66 R   0.00000 0.95230 0.00000 0.04770 ( 2)
  67 Y   0.35172 0.60284 0.01525 0.03019 ( 2)
  68 L   0.82677 0.12895 0.03782 0.00646 ( 1)
  69 H   0.09145 0.86128 0.00413 0.04314 ( 2)
  70 D   0.20176 0.75160 0.00900 0.03765 ( 2)
  71 D   0.00017 0.95214 0.00001 0.04769 ( 2)
  72 L   0.92674 0.02746 0.04443 0.00138 ( 1)
  73 K   0.21907 0.73471 0.00942 0.03680 ( 2)
  74 N   0.00131 0.95100 0.00006 0.04763 ( 2)
  75 I   0.63086 0.32254 0.03044 0.01616 ( 1)
  76 I   0.46754 0.48591 0.02221 0.02434 ( 2)
  77 T   0.44024 0.51472 0.01926 0.02578 ( 2)
  78 T   0.95841 0.00038 0.04120 0.00002 ( 1)
  79 Y   0.95741 0.00005 0.04253 0.00000 ( 1)
  80 V   0.02348 0.92888 0.00112 0.04652 ( 2)
  81 G   0.95505 0.00033 0.04460 0.00002 ( 1)
  82 G   0.94662 0.00873 0.04421 0.00044 ( 1)
  83 T   0.50637 0.44901 0.02214 0.02249 ( 1)
  84 Q   0.09963 0.85296 0.00469 0.04272 ( 2)
  85 G   0.95642 0.00137 0.04215 0.00007 ( 1)
  86 P   0.94778 0.00987 0.04186 0.00049 ( 1)
  87 N   0.00000 0.95230 0.00000 0.04770 ( 2)
  88 I   0.95550 0.00114 0.04330 0.00006 ( 1)
  89 G   0.75450 0.01260 0.23227 0.00063 ( 1)
  90 V   0.00000 0.95230 0.00000 0.04770 ( 2)
  91 Q   0.47648 0.47582 0.02387 0.02383 ( 1)
  92 L   0.92523 0.02707 0.04634 0.00136 ( 1)
  93 S   0.84119 0.11111 0.04213 0.00557 ( 1)
  94 T   0.79126 0.16104 0.03963 0.00807 ( 1)
  95 T   0.72632 0.22599 0.03638 0.01132 ( 1)
  96 E   0.79754 0.15476 0.03995 0.00775 ( 1)
  97 L   0.66727 0.28503 0.03342 0.01428 ( 1)
  98 D   0.86053 0.09178 0.04310 0.00460 ( 1)
  99 E   0.09734 0.85497 0.00488 0.04282 ( 2)
 100 L   0.28967 0.66263 0.01451 0.03319 ( 2)
 101 K   0.57313 0.37917 0.02871 0.01899 ( 1)
 102 K   0.08408 0.86822 0.00421 0.04349 ( 2)
 103 Q   0.34062 0.61169 0.01706 0.03064 ( 2)
 104 Q   0.74346 0.20884 0.03724 0.01046 ( 1)
 105 Q   0.74346 0.20884 0.03724 0.01046 ( 1)
 106 A   0.85137 0.10093 0.04264 0.00506 ( 1)
 107 T   0.26656 0.68574 0.01335 0.03435 ( 2)
 108 R   0.07001 0.88229 0.00351 0.04419 ( 2)
 109 D   0.50361 0.44869 0.02522 0.02247 ( 1)
 110 S   0.01468 0.93762 0.00074 0.04696 ( 2)
 111 L   0.20004 0.75226 0.01002 0.03768 ( 2)
 112 V   0.00001 0.95230 0.00000 0.04770 ( 2)
 113 D   0.00059 0.95172 0.00003 0.04767 ( 2)
 114 F   0.00381 0.94850 0.00019 0.04751 ( 2)
 115 Q   0.00649 0.94586 0.00028 0.04738 ( 2)
 116 F   0.00046 0.95184 0.00002 0.04767 ( 2)
 117 F   0.78373 0.17054 0.03719 0.00854 ( 1)
 118 T   0.95104 0.00729 0.04131 0.00036 ( 1)
 119 L   0.54537 0.41062 0.02344 0.02057 ( 1)
 120 N   0.11673 0.83576 0.00564 0.04186 ( 2)
 121 C   0.02488 0.92748 0.00118 0.04645 ( 2)
 122 M   0.08474 0.86770 0.00410 0.04346 ( 2)
 123 L   0.00209 0.95022 0.00010 0.04759 ( 2)
 124 P   0.00171 0.95059 0.00008 0.04761 ( 2)
 125 N   0.79958 0.15695 0.03561 0.00786 ( 1)
 126 P   0.95651 0.00085 0.04260 0.00004 ( 1)
 127 I   0.68396 0.27054 0.03195 0.01355 ( 1)
 128 T   0.00006 0.95225 0.00000 0.04770 ( 2)
 129 A   0.86899 0.08690 0.03976 0.00435 ( 1)
 130 P   0.94900 0.00654 0.04413 0.00033 ( 1)
 131 Y   0.95792 0.00044 0.04161 0.00002 ( 1)
 132 F   0.94380 0.01423 0.04126 0.00071 ( 1)
 133 A   0.95369 0.00264 0.04354 0.00013 ( 1)
 134 T   0.95310 0.00555 0.04108 0.00028 ( 1)
 135 S   0.18207 0.77057 0.00876 0.03860 ( 2)
 136 L   0.92400 0.02915 0.04540 0.00146 ( 1)
 137 Y   0.94869 0.00961 0.04121 0.00048 ( 1)
 138 E   0.92092 0.03399 0.04339 0.00170 ( 1)
 139 S   0.59173 0.36391 0.02613 0.01823 ( 1)
 140 R   0.00006 0.95224 0.00000 0.04769 ( 2)
 141 -   0.95580 0.00255 0.04152 0.00013 ( 1)
 142 -   0.26926 0.68350 0.01300 0.03423 ( 2)
 143 -   0.14825 0.80438 0.00708 0.04029 ( 2)
 144 Y   0.00975 0.94257 0.00047 0.04721 ( 2)
 145 S   0.02662 0.92584 0.00116 0.04637 ( 2)
 146 S   0.00239 0.94993 0.00010 0.04758 ( 2)
 147 I   0.00456 0.94775 0.00022 0.04747 ( 2)
 148 G   0.00000 0.95230 0.00000 0.04770 ( 2)
 149 G   0.03112 0.92123 0.00151 0.04614 ( 2)
 150 Y   0.95072 0.00801 0.04087 0.00040 ( 1)
 151 L   0.19086 0.76180 0.00919 0.03816 ( 2)
 152 R   0.00419 0.94811 0.00020 0.04749 ( 2)
 153 K   0.75397 0.20146 0.03448 0.01009 ( 1)
 154 D   0.80543 0.15023 0.03682 0.00752 ( 1)
 155 V   0.00258 0.94973 0.00012 0.04757 ( 2)
 156 F   0.95836 0.00001 0.04163 0.00000 ( 1)
 157 K   0.00009 0.95221 0.00000 0.04769 ( 2)
 158 S   0.82546 0.13026 0.03776 0.00652 ( 1)
 159 E   0.93173 0.02653 0.04041 0.00133 ( 1)
 160 D   0.01190 0.94044 0.00056 0.04710 ( 2)
 161 S   0.65133 0.16435 0.17609 0.00823 ( 1)
 162 T   0.21008 0.74289 0.00981 0.03721 ( 2)
 163 C   0.10628 0.84629 0.00505 0.04239 ( 2)
 164 G   0.07901 0.87372 0.00351 0.04376 ( 2)
 165 L   0.92281 0.03470 0.04075 0.00174 ( 1)
 166 G   0.81793 0.13938 0.03570 0.00698 ( 1)
 167 -   0.80915 0.14315 0.04053 0.00717 ( 1)
 168 -   0.47074 0.48156 0.02358 0.02412 ( 2)
 169 -   0.57313 0.37917 0.02871 0.01899 ( 1)
 170 -   0.57313 0.37917 0.02871 0.01899 ( 1)
 171 -   0.57313 0.37917 0.02871 0.01899 ( 1)
 172 -   0.57313 0.37917 0.02871 0.01899 ( 1)
 173 -   0.94697 0.01132 0.04114 0.00057 ( 1)
 174 -   0.00026 0.95205 0.00001 0.04769 ( 2)
 175 N   0.05187 0.90052 0.00250 0.04510 ( 2)
 176 P   0.29942 0.65430 0.01351 0.03277 ( 2)
 177 G   0.76939 0.18540 0.03593 0.00929 ( 1)
 178 A   0.91030 0.04816 0.03913 0.00241 ( 1)
 179 W   0.02307 0.92929 0.00109 0.04655 ( 2)
 180 T   0.95056 0.00413 0.04511 0.00021 ( 1)
 181 S   0.95029 0.00714 0.04222 0.00036 ( 1)
 182 Y   0.22219 0.73062 0.01059 0.03659 ( 2)
 183 P   0.95363 0.00193 0.04435 0.00010 ( 1)
 184 D   0.95832 0.00004 0.04163 0.00000 ( 1)
 185 Y   0.95744 0.00002 0.04253 0.00000 ( 1)
 186 Y   0.95826 0.00011 0.04163 0.00001 ( 1)
 187 I   0.95383 0.00043 0.04572 0.00002 ( 1)
 188 T   0.94653 0.01025 0.04271 0.00051 ( 1)
 189 N   0.95878 0.00001 0.04121 0.00000 ( 1)
 190 I   0.95859 0.00001 0.04140 0.00000 ( 1)
 191 S   0.95775 0.00004 0.04220 0.00000 ( 1)
 192 A   0.94737 0.00625 0.04607 0.00031 ( 1)
 193 T   0.95660 0.00150 0.04182 0.00008 ( 1)
 194 V   0.72457 0.23156 0.03227 0.01160 ( 1)
 195 Q   0.13142 0.82131 0.00614 0.04114 ( 2)
 196 I   0.00286 0.94946 0.00013 0.04756 ( 2)
 197 N   0.05939 0.89330 0.00256 0.04474 ( 2)
 198 G   0.68969 0.26552 0.03149 0.01330 ( 1)
 199 E   0.13006 0.79122 0.03909 0.03963 ( 2)
 200 N   0.68930 0.26588 0.03151 0.01332 ( 1)
 201 T   0.95186 0.00646 0.04135 0.00032 ( 1)
 202 D   0.93620 0.01835 0.04453 0.00092 ( 1)
 203 T   0.00230 0.95001 0.00011 0.04758 ( 2)
 204 T   0.90512 0.05100 0.04132 0.00255 ( 1)
 205 P   0.94699 0.00654 0.04614 0.00033 ( 1)
 206 L   0.95452 0.00084 0.04459 0.00004 ( 1)
 207 Y   0.09539 0.85709 0.00460 0.04293 ( 2)
 208 F   0.95615 0.00129 0.04250 0.00006 ( 1)
 209 K   0.85853 0.09593 0.04074 0.00480 ( 1)
 210 E   0.92583 0.02913 0.04358 0.00146 ( 1)
 211 N   0.63919 0.31601 0.02897 0.01583 ( 1)
 212 R   0.95623 0.00011 0.04365 0.00001 ( 1)
 213 P   0.90362 0.05480 0.03884 0.00274 ( 1)
 214 I   0.95486 0.00178 0.04327 0.00009 ( 1)
 215 T   0.02836 0.91742 0.00826 0.04595 ( 2)
 216 S   0.01220 0.94019 0.00053 0.04709 ( 2)
 217 T   0.95154 0.00579 0.04238 0.00029 ( 1)
 218 R   0.00092 0.95138 0.00005 0.04765 ( 2)
 219 -   0.57313 0.37917 0.02871 0.01899 ( 1)
 220 -   0.57313 0.37917 0.02871 0.01899 ( 1)
 221 -   0.57313 0.37917 0.02871 0.01899 ( 1)
 222 -   0.67278 0.28169 0.03142 0.01411 ( 1)
 223 -   0.92987 0.02629 0.04252 0.00132 ( 1)
 224 -   0.45218 0.50251 0.02014 0.02517 ( 2)
 225 -   0.48346 0.47157 0.02135 0.02362 ( 1)
 226 -   0.21458 0.73841 0.01002 0.03698 ( 2)
 227 G   0.00132 0.95099 0.00006 0.04763 ( 2)
 228 V   0.84427 0.10890 0.04137 0.00545 ( 1)
 229 N   0.93792 0.01604 0.04524 0.00080 ( 1)
 230 K   0.33952 0.61461 0.01509 0.03078 ( 2)
 231 V   0.03868 0.91368 0.00187 0.04576 ( 2)
 232 I   0.95406 0.00199 0.04385 0.00010 ( 1)
 233 A   0.94665 0.01108 0.04172 0.00055 ( 1)
 234 -   0.87248 0.08114 0.04232 0.00406 ( 1)
 235 -   0.95664 0.00069 0.04264 0.00003 ( 1)
 236 -   0.95363 0.00106 0.04525 0.00005 ( 1)
 237 -   0.93976 0.01651 0.04290 0.00083 ( 1)


lnL = -5784.779696

