Supplemental results for CODEML (seqf: algn  treef: tree)


dN/dS (w) for site classes (K=4)

site class             0        1       2a       2b
proportion       0.73501  0.25471  0.00763  0.00264
background w     0.22798  1.10517  0.22798  1.10517
foreground w     0.22798  1.10517 66.77999 66.77999

Naive Empirical Bayes (NEB) probabilities for 4 classes
(amino acids refer to 1st sequence: BT_Cry1A-like)

   1 W   0.87704 0.12230 0.00057 0.00009 ( 1)
   2 -   0.99885 0.00047 0.00067 0.00000 ( 1)
   3 -   0.77738 0.22196 0.00049 0.00018 ( 1)
   4 -   0.95275 0.04677 0.00046 0.00003 ( 1)
   5 -   0.99562 0.00398 0.00039 0.00000 ( 1)
   6 -   0.99546 0.00405 0.00049 0.00000 ( 1)
   7 -   0.99886 0.00047 0.00067 0.00000 ( 1)
   8 -   0.98922 0.01035 0.00042 0.00000 ( 1)
   9 -   0.99929 0.00031 0.00040 0.00000 ( 1)
  10 -   0.99921 0.00016 0.00062 0.00000 ( 1)
  11 -   0.98895 0.01064 0.00040 0.00001 ( 1)
  12 -   0.99871 0.00062 0.00067 0.00000 ( 1)
  13 -   0.79139 0.20726 0.00107 0.00029 ( 1)
  14 -   0.99874 0.00071 0.00055 0.00000 ( 1)
  15 -   0.99893 0.00049 0.00058 0.00000 ( 1)
  16 -   0.15228 0.84728 0.00006 0.00037 ( 2)
  17 -   0.99929 0.00031 0.00040 0.00000 ( 1)
  18 -   0.98531 0.01425 0.00043 0.00001 ( 1)
  19 -   0.99875 0.00085 0.00040 0.00000 ( 1)
  20 -   0.99883 0.00077 0.00040 0.00000 ( 1)
  21 -   0.99926 0.00033 0.00042 0.00000 ( 1)
  22 -   0.73501 0.25471 0.00763 0.00264 ( 1)
  23 -   0.01003 0.00590 0.96116 0.02292 ( 3)
  24 -   0.99873 0.00065 0.00062 0.00000 ( 1)
  25 -   0.80378 0.12482 0.06915 0.00226 ( 1)
  26 -   0.22681 0.75507 0.01125 0.00687 ( 2)
  27 -   0.00011 0.98646 0.00001 0.01343 ( 2)
  28 -   0.92744 0.07208 0.00045 0.00004 ( 1)
  29 -   0.05815 0.93197 0.00219 0.00769 ( 2)
  30 -   0.67384 0.32549 0.00042 0.00025 ( 1)
  31 -   0.99783 0.00175 0.00042 0.00000 ( 1)
  32 -   0.07965 0.91901 0.00010 0.00123 ( 2)
  33 -   0.00702 0.97909 0.00044 0.01344 ( 2)
  34 -   0.91739 0.02896 0.05328 0.00037 ( 1)
  35 -   0.99929 0.00031 0.00040 0.00000 ( 1)
  36 -   0.00277 0.95714 0.00057 0.03951 ( 2)
  37 -   0.73501 0.25471 0.00763 0.00264 ( 1)
  38 -   0.18568 0.81363 0.00012 0.00056 ( 2)
  39 -   0.78884 0.11632 0.09195 0.00289 ( 1)
  40 -   0.99549 0.00417 0.00034 0.00000 ( 1)
  41 S   0.93172 0.06765 0.00058 0.00005 ( 1)
  42 P   0.99916 0.00029 0.00055 0.00000 ( 1)
  43 H   0.99961 0.00005 0.00035 0.00000 ( 1)
  44 L   0.99553 0.00400 0.00047 0.00000 ( 1)
  45 W   0.99661 0.00316 0.00023 0.00000 ( 1)
  46 I   0.99433 0.00524 0.00042 0.00000 ( 1)
  47 Y   0.40711 0.59238 0.00020 0.00031 ( 2)
  48 L   0.99914 0.00044 0.00042 0.00000 ( 1)
  49 N   0.99886 0.00078 0.00036 0.00000 ( 1)
  50 Q   0.04219 0.95641 0.00006 0.00134 ( 2)
  51 D   0.98422 0.01555 0.00023 0.00000 ( 1)
  52 N   0.07038 0.91242 0.00164 0.01556 ( 2)
  53 H   0.93739 0.06238 0.00021 0.00002 ( 1)
  54 L   0.99373 0.00587 0.00040 0.00000 ( 1)
  55 T   0.99223 0.00653 0.00122 0.00001 ( 1)
  56 D   0.71567 0.28372 0.00043 0.00019 ( 1)
  57 V   0.21308 0.78646 0.00009 0.00038 ( 2)
  58 H   0.98780 0.01171 0.00047 0.00001 ( 1)
  59 R   0.98721 0.01237 0.00042 0.00001 ( 1)
  60 G   0.90724 0.09145 0.00119 0.00012 ( 1)
  61 F   0.01773 0.98181 0.00001 0.00045 ( 2)
  62 N   0.26113 0.72646 0.00702 0.00540 ( 2)
  63 Y   0.99554 0.00406 0.00040 0.00000 ( 1)
  64 W   0.92897 0.07050 0.00049 0.00004 ( 1)
  65 S   0.95774 0.04166 0.00057 0.00003 ( 1)
  66 G   0.99507 0.00447 0.00046 0.00000 ( 1)
  67 H   0.98496 0.01457 0.00046 0.00001 ( 1)
  68 Q   0.99278 0.00682 0.00040 0.00000 ( 1)
  69 I   0.99788 0.00189 0.00023 0.00000 ( 1)
  70 I   0.73327 0.26590 0.00060 0.00023 ( 1)
  71 A   0.98507 0.01439 0.00053 0.00001 ( 1)
  72 S   0.80728 0.19153 0.00092 0.00027 ( 1)
  73 P   0.13374 0.83497 0.00677 0.02452 ( 2)
  74 V   0.93878 0.06048 0.00069 0.00005 ( 1)
  75 G   0.98627 0.00345 0.01024 0.00004 ( 1)
  76 F   0.98944 0.00028 0.01027 0.00000 ( 1)
  77 Q   0.00047 0.89230 0.00020 0.10703 ( 2)
  78 D   0.97905 0.02049 0.00045 0.00001 ( 1)
  79 P   0.64061 0.26193 0.09091 0.00655 ( 1)
  80 E   0.98364 0.01596 0.00039 0.00001 ( 1)
  81 F   0.09604 0.89985 0.00032 0.00379 ( 2)
  82 A   0.09412 0.90524 0.00006 0.00059 ( 2)
  83 F   0.99831 0.00119 0.00049 0.00000 ( 1)
  84 P   0.99551 0.00403 0.00046 0.00000 ( 1)
  85 L   0.49969 0.49983 0.00023 0.00025 ( 2)
  86 F   0.00531 0.99304 0.00001 0.00163 ( 2)
  87 G   0.99603 0.00318 0.00079 0.00000 ( 1)
  88 N   0.28902 0.71026 0.00018 0.00053 ( 2)
  89 A   0.00000 0.99781 0.00000 0.00219 ( 2)
  90 G   0.98197 0.01724 0.00078 0.00001 ( 1)
  91 N   0.97187 0.02759 0.00052 0.00002 ( 1)
  92 A   0.73301 0.26637 0.00045 0.00018 ( 1)
  93 A   0.99605 0.00341 0.00054 0.00000 ( 1)
  94 P   0.99505 0.00440 0.00055 0.00000 ( 1)
  95 P   0.90634 0.09310 0.00050 0.00006 ( 1)
  96 V   0.00029 0.99885 0.00000 0.00086 ( 2)
  97 R   0.91355 0.07618 0.00948 0.00079 ( 1)
  98 I   0.07056 0.90134 0.00755 0.02055 ( 2)
  99 V   0.46518 0.53422 0.00026 0.00034 ( 2)
 100 Y   0.00968 0.98984 0.00000 0.00048 ( 2)
 101 Q   0.00010 0.98203 0.00001 0.01786 ( 2)
 102 L   0.00032 0.98804 0.00001 0.01162 ( 2)
 103 G   0.96144 0.03808 0.00046 0.00003 ( 1)
 104 Q   0.07453 0.92503 0.00003 0.00041 ( 2)
 105 G   0.96425 0.03529 0.00044 0.00002 ( 1)
 106 V   0.82853 0.17082 0.00052 0.00013 ( 1)
 107 Y   0.83099 0.16860 0.00033 0.00008 ( 1)
 108 R   0.99573 0.00385 0.00042 0.00000 ( 1)
 109 T   0.96869 0.03069 0.00060 0.00002 ( 1)
 110 L   0.97553 0.02400 0.00045 0.00001 ( 1)
 111 S   0.86171 0.13716 0.00097 0.00016 ( 1)
 112 S   0.31753 0.68092 0.00067 0.00087 ( 2)
 113 T   0.85897 0.13944 0.00133 0.00026 ( 1)
 114 L   0.59463 0.40492 0.00025 0.00020 ( 1)
 115 Y   0.98945 0.01015 0.00040 0.00000 ( 1)
 116 E   0.13498 0.86437 0.00008 0.00056 ( 2)
 117 D   0.00383 0.99550 0.00000 0.00067 ( 2)
 118 L   0.86425 0.13527 0.00040 0.00007 ( 1)
 119 F   0.99875 0.00083 0.00042 0.00000 ( 1)
 120 I   0.40649 0.59287 0.00025 0.00040 ( 2)
 121 -   0.86032 0.12941 0.00893 0.00134 ( 1)
 122 R   0.04549 0.94423 0.00047 0.00980 ( 2)
 123 D   0.85838 0.13134 0.00891 0.00136 ( 1)
 124 K   0.78181 0.20792 0.00812 0.00216 ( 1)
 125 V   0.96127 0.02845 0.00998 0.00030 ( 1)
 126 I   0.98045 0.01832 0.00120 0.00002 ( 1)
 127 N   0.35996 0.63851 0.00057 0.00096 ( 2)
 128 T   0.00001 0.99930 0.00000 0.00069 ( 2)
 129 Y   0.73000 0.26921 0.00057 0.00022 ( 1)
 130 L   0.95529 0.04379 0.00087 0.00004 ( 1)
 131 F   0.84988 0.14965 0.00039 0.00008 ( 1)
 132 L   0.92909 0.07047 0.00040 0.00004 ( 1)
 133 A   0.53634 0.46179 0.00097 0.00090 ( 1)
 134 G   0.98142 0.01778 0.00079 0.00001 ( 1)
 135 S   0.02126 0.97828 0.00001 0.00045 ( 2)
 136 N   0.69282 0.30676 0.00028 0.00014 ( 1)
 137 L   0.99844 0.00113 0.00042 0.00000 ( 1)
 138 L   0.00165 0.99759 0.00000 0.00076 ( 2)
 139 M   0.66983 0.32972 0.00028 0.00016 ( 1)
 140 E   0.86428 0.13511 0.00051 0.00009 ( 1)
 141 P   0.00805 0.99116 0.00000 0.00078 ( 2)
 142 -   0.92744 0.07208 0.00045 0.00004 ( 1)
 143 -   0.51280 0.48630 0.00042 0.00048 ( 1)
 144 P   0.09981 0.89930 0.00007 0.00082 ( 2)
 145 H   0.00468 0.99423 0.00000 0.00109 ( 2)
 146 I   0.02192 0.97717 0.00001 0.00090 ( 2)
 147 C   0.00374 0.99486 0.00000 0.00139 ( 2)
 148 H   0.99009 0.00935 0.00055 0.00001 ( 1)
 149 P   0.89203 0.10749 0.00043 0.00006 ( 1)
 150 G   0.83151 0.16779 0.00056 0.00013 ( 1)
 151 R   0.10177 0.89752 0.00006 0.00066 ( 2)
 152 Y   0.64079 0.35875 0.00028 0.00018 ( 1)
 153 R   0.99589 0.00368 0.00042 0.00000 ( 1)
 154 K   0.98351 0.01599 0.00048 0.00001 ( 1)
 155 S   0.02237 0.97713 0.00001 0.00049 ( 2)
 156 G   0.99720 0.00234 0.00046 0.00000 ( 1)
 157 T   0.94469 0.05463 0.00063 0.00004 ( 1)
 158 V   0.99894 0.00047 0.00058 0.00000 ( 1)
 159 D   0.99957 0.00002 0.00040 0.00000 ( 1)
 160 S   0.99478 0.00462 0.00059 0.00000 ( 1)
 161 L   0.97045 0.02890 0.00063 0.00002 ( 1)
 162 D   0.99806 0.00069 0.00125 0.00000 ( 1)
 163 E   0.67809 0.32149 0.00028 0.00014 ( 1)
 164 I   0.99931 0.00008 0.00061 0.00000 ( 1)
 165 P   0.99094 0.00806 0.00099 0.00001 ( 1)
 166 H   0.94272 0.05672 0.00052 0.00004 ( 1)
 167 Q   0.98852 0.00599 0.00545 0.00004 ( 1)
 168 N   0.99880 0.00080 0.00040 0.00000 ( 1)
 169 N   0.88391 0.11547 0.00055 0.00007 ( 1)
 170 N   0.96111 0.03848 0.00039 0.00002 ( 1)
 171 V   0.99632 0.00309 0.00059 0.00000 ( 1)
 172 P   0.99209 0.00735 0.00055 0.00000 ( 1)
 173 P   0.99701 0.00198 0.00100 0.00000 ( 1)
 174 R   0.95412 0.04538 0.00048 0.00002 ( 1)
 175 Q   0.57964 0.42001 0.00020 0.00015 ( 1)
 176 G   0.99851 0.00068 0.00080 0.00000 ( 1)
 177 F   0.99825 0.00118 0.00057 0.00000 ( 1)
 178 S   0.99954 0.00003 0.00043 0.00000 ( 1)
 179 H   0.99961 0.00005 0.00035 0.00000 ( 1)
 180 R   0.96899 0.02986 0.00111 0.00003 ( 1)
 181 -   0.73501 0.25471 0.00763 0.00264 ( 1)
 182 L   0.99814 0.00140 0.00046 0.00000 ( 1)
 183 S   0.94146 0.05810 0.00041 0.00003 ( 1)
 184 H   0.99908 0.00040 0.00052 0.00000 ( 1)
 185 V   0.99936 0.00009 0.00055 0.00000 ( 1)
 186 S   0.97364 0.02552 0.00082 0.00002 ( 1)
 187 M   0.99969 0.00008 0.00023 0.00000 ( 1)
 188 F   0.71069 0.08726 0.19697 0.00508 ( 1)
 189 R   0.10312 0.89623 0.00005 0.00060 ( 2)
 190 S   0.64205 0.35748 0.00028 0.00018 ( 1)
 191 G   0.86451 0.12521 0.00897 0.00130 ( 1)
 192 F   0.95913 0.03060 0.00996 0.00032 ( 1)
 193 S   0.88433 0.10539 0.00918 0.00109 ( 1)
 194 N   0.96749 0.02223 0.01004 0.00023 ( 1)
 195 -   0.73501 0.25471 0.00763 0.00264 ( 1)
 196 S   0.98144 0.00829 0.01019 0.00009 ( 1)
 197 S   0.95645 0.03327 0.00993 0.00035 ( 1)
 198 V   0.98785 0.00187 0.01026 0.00002 ( 1)
 199 S   0.94129 0.04844 0.00977 0.00050 ( 1)
 200 I   0.90912 0.08061 0.00944 0.00084 ( 1)
 201 I   0.96592 0.02380 0.01003 0.00025 ( 1)
 202 R   0.98013 0.00960 0.01018 0.00010 ( 1)
 203 A   0.99837 0.00114 0.00048 0.00000 ( 1)
 204 P   0.99933 0.00020 0.00047 0.00000 ( 1)
 205 M   0.89491 0.10447 0.00055 0.00008 ( 1)
 206 F   0.37504 0.62445 0.00018 0.00033 ( 2)
 207 S   0.98772 0.01177 0.00050 0.00001 ( 1)
 208 W   0.91832 0.08115 0.00049 0.00005 ( 1)
 209 I   0.04599 0.95226 0.00010 0.00166 ( 2)
 210 -   0.96049 0.03915 0.00034 0.00002 ( 1)
 211 -   0.56426 0.43533 0.00022 0.00019 ( 1)
 212 -   0.98401 0.01551 0.00047 0.00001 ( 1)


lnL = -4723.026992

