Supplemental results for CODEML (seqf: algn  treef: tree)


dN/dS (w) for site classes (K=4)

site class             0        1       2a       2b
proportion       0.47612  0.29598  0.14054  0.08736
background w     0.10333  1.00000  0.10333  1.00000
foreground w     0.10333  1.00000  1.00000  1.00000

Naive Empirical Bayes (NEB) probabilities for 4 classes
(amino acids refer to 1st sequence: BT_Cry13Aa1)

   1 D   0.87214 0.00072 0.12693 0.00021 ( 1)
   2 Y   0.89969 0.00063 0.09949 0.00019 ( 1)
   3 S   0.00107 0.77102 0.00033 0.22758 ( 2)
   4 S   0.04196 0.73516 0.00589 0.21700 ( 2)
   5 Q   0.83165 0.00246 0.16517 0.00073 ( 1)
   6 I   0.43433 0.01264 0.54930 0.00373 ( 3)
   7 K   0.00472 0.76527 0.00412 0.22589 ( 2)
   8 L   0.32847 0.45824 0.07803 0.13526 ( 2)
   9 E   0.86381 0.00012 0.13604 0.00003 ( 1)
  10 K   0.43589 0.01796 0.54085 0.00530 ( 3)
  11 T   0.87987 0.00064 0.11931 0.00019 ( 1)
  12 R   0.81806 0.00516 0.17526 0.00152 ( 1)
  13 V   0.82443 0.00276 0.17200 0.00081 ( 1)
  14 I   0.79746 0.03980 0.15099 0.01175 ( 1)
  15 F   0.90160 0.00007 0.09830 0.00002 ( 1)
  16 S   0.84423 0.00227 0.15282 0.00067 ( 1)
  17 D   0.89204 0.00025 0.10764 0.00007 ( 1)
  18 M   0.84030 0.02296 0.12995 0.00678 ( 1)
  19 V   0.82823 0.00869 0.16051 0.00257 ( 1)
  20 G   0.81016 0.00576 0.18238 0.00170 ( 1)
  21 Q   0.86317 0.00200 0.13425 0.00059 ( 1)
  22 S   0.12455 0.01040 0.86198 0.00307 ( 3)
  23 E   0.84993 0.00201 0.14747 0.00059 ( 1)
  24 S   0.29471 0.51666 0.03613 0.15250 ( 2)
  25 R   0.03158 0.71309 0.04485 0.21048 ( 2)
  26 D   0.88173 0.00372 0.11346 0.00110 ( 1)
  27 G   0.27275 0.52011 0.05362 0.15352 ( 2)
  28 S   0.01920 0.74757 0.01257 0.22066 ( 2)
  29 V   0.86790 0.00828 0.12138 0.00244 ( 1)
  30 T   0.79537 0.03514 0.15912 0.01037 ( 1)
  31 I   0.87686 0.00144 0.12128 0.00042 ( 1)
  32 K   0.26232 0.36809 0.26094 0.10865 ( 2)
  33 N   0.91492 0.00006 0.08500 0.00002 ( 1)
  34 I   0.81876 0.01126 0.16666 0.00332 ( 1)
  35 F   0.05011 0.72777 0.00731 0.21482 ( 2)
  36 D   0.87310 0.00017 0.12668 0.00005 ( 1)
  37 N   0.03522 0.73829 0.00856 0.21792 ( 2)
  38 -   0.53450 0.23759 0.15777 0.07013 ( 1)
  39 -   0.00159 0.77050 0.00047 0.22743 ( 2)
  40 -   0.22454 0.54756 0.06628 0.16163 ( 2)
  41 -   0.09717 0.67493 0.02868 0.19922 ( 2)
  42 T   0.07158 0.66793 0.06334 0.19715 ( 2)
  43 D   0.00113 0.77112 0.00014 0.22761 ( 2)
  44 S   0.00315 0.76598 0.00477 0.22610 ( 2)
  45 H   0.66364 0.00346 0.33188 0.00102 ( 1)
  46 Q   0.86180 0.01419 0.11983 0.00419 ( 1)
  47 H   0.91525 0.00002 0.08473 0.00000 ( 1)
  48 G   0.00002 0.77207 0.00002 0.22789 ( 2)
  49 S   0.00113 0.77104 0.00024 0.22759 ( 2)
  50 I   0.88690 0.00019 0.11286 0.00006 ( 1)
  51 -   0.63585 0.13625 0.18769 0.04022 ( 1)
  52 -   0.68907 0.08302 0.20340 0.02451 ( 1)
  53 -   0.68907 0.08302 0.20340 0.02451 ( 1)
  54 G   0.52977 0.00749 0.46052 0.00221 ( 1)
  55 L   0.36666 0.29275 0.25419 0.08641 ( 1)
  56 N   0.91258 0.00015 0.08723 0.00004 ( 1)
  57 S   0.78959 0.04059 0.15783 0.01198 ( 1)
  58 I   0.83765 0.01014 0.14922 0.00299 ( 1)
  59 S   0.89197 0.00090 0.10687 0.00026 ( 1)
  60 Y   0.90165 0.00007 0.09826 0.00002 ( 1)
  61 F   0.07790 0.70146 0.01358 0.20705 ( 2)
  62 P   0.14002 0.64808 0.02060 0.19130 ( 2)
  63 D   0.85023 0.05669 0.07635 0.01673 ( 1)
  64 E   0.85961 0.00021 0.14012 0.00006 ( 1)
  65 L   0.83740 0.00833 0.15182 0.00246 ( 1)
  66 Q   0.03442 0.74024 0.00684 0.21850 ( 2)
  67 K   0.25905 0.54274 0.03801 0.16020 ( 2)
  68 A   0.06338 0.66025 0.08149 0.19489 ( 2)
  69 Q   0.87254 0.00453 0.12160 0.00134 ( 1)
  70 L   0.49718 0.31719 0.09200 0.09363 ( 1)
  71 R   0.00003 0.77198 0.00012 0.22787 ( 2)
  72 M   0.36079 0.17389 0.41399 0.05133 ( 3)
  73 Y   0.86903 0.00029 0.13059 0.00009 ( 1)
  74 D   0.83785 0.01773 0.13920 0.00523 ( 1)
  75 Y   0.20868 0.24357 0.47585 0.07190 ( 3)
  76 N   0.00004 0.77198 0.00011 0.22787 ( 2)
  77 H   0.08600 0.09615 0.78947 0.02838 ( 3)
  78 K   0.01867 0.75441 0.00423 0.22268 ( 2)
  79 P   0.00134 0.75915 0.01544 0.22408 ( 2)
  80 Y   0.00568 0.74704 0.02677 0.22051 ( 2)
  81 C   0.19017 0.42792 0.25560 0.12631 ( 2)
  82 T   0.28914 0.05751 0.63638 0.01698 ( 3)
  83 D   0.47612 0.29598 0.14054 0.08736 ( 1)
  84 C   0.47612 0.29598 0.14054 0.08736 ( 1)
  85 F   0.47612 0.29598 0.14054 0.08736 ( 1)
  86 C   0.63236 0.19373 0.11672 0.05718 ( 1)
  87 W   0.08836 0.00328 0.90739 0.00097 ( 3)
  88 P   0.60202 0.20668 0.13029 0.06101 ( 1)
  89 Y   0.89965 0.00014 0.10017 0.00004 ( 1)
  90 G   0.33475 0.40588 0.13957 0.11980 ( 2)
  91 V   0.53080 0.13647 0.29245 0.04028 ( 1)
  92 I   0.90462 0.00061 0.09459 0.00018 ( 1)
  93 L   0.00174 0.77019 0.00074 0.22734 ( 2)
  94 N   0.88000 0.00081 0.11895 0.00024 ( 1)
  95 Y   0.90165 0.00007 0.09826 0.00002 ( 1)
  96 N   0.00045 0.76552 0.00807 0.22596 ( 2)
  97 K   0.15973 0.57743 0.09239 0.17044 ( 2)
  98 N   0.01040 0.76143 0.00342 0.22475 ( 2)
  99 T   0.00047 0.77166 0.00009 0.22777 ( 2)
 100 F   0.45850 0.00166 0.53935 0.00049 ( 3)
 101 R   0.01600 0.74705 0.01645 0.22051 ( 2)
 102 Y   0.90165 0.00007 0.09826 0.00002 ( 1)
 103 G   0.83949 0.00064 0.15967 0.00019 ( 1)
 104 D   0.91625 0.00005 0.08368 0.00001 ( 1)
 105 -   0.62899 0.14310 0.18566 0.04224 ( 1)
 106 N   0.85811 0.00986 0.12912 0.00291 ( 1)
 107 D   0.00134 0.77028 0.00101 0.22737 ( 2)
 108 P   0.86664 0.00075 0.13239 0.00022 ( 1)
 109 G   0.00018 0.77174 0.00028 0.22780 ( 2)
 110 L   0.00019 0.77179 0.00020 0.22781 ( 2)
 111 -   0.47612 0.29598 0.14054 0.08736 ( 1)
 112 S   0.00002 0.77179 0.00037 0.22781 ( 2)
 113 G   0.04276 0.73345 0.00730 0.21649 ( 2)
 114 D   0.03079 0.73380 0.01880 0.21660 ( 2)
 115 V   0.00209 0.75755 0.01675 0.22361 ( 2)
 116 Q   0.00768 0.68785 0.10143 0.20303 ( 2)
 117 L   0.30177 0.48771 0.06656 0.14396 ( 2)
 118 P   0.00266 0.76690 0.00406 0.22637 ( 2)
 119 A   0.79301 0.07502 0.10983 0.02214 ( 1)
 120 P   0.87513 0.01383 0.10696 0.00408 ( 1)
 121 -   0.47612 0.29598 0.14054 0.08736 ( 1)
 122 -   0.47612 0.29598 0.14054 0.08736 ( 1)
 123 -   0.47612 0.29598 0.14054 0.08736 ( 1)
 124 M   0.41606 0.06718 0.49694 0.01983 ( 3)
 125 S   0.01897 0.73701 0.02648 0.21754 ( 2)
 126 V   0.00002 0.77208 0.00000 0.22790 ( 2)
 127 V   0.08329 0.65273 0.07131 0.19267 ( 2)
 128 N   0.91492 0.00006 0.08500 0.00002 ( 1)
 129 A   0.79081 0.04819 0.14678 0.01422 ( 1)
 130 Q   0.02106 0.73264 0.03004 0.21626 ( 2)
 131 T   0.89821 0.00033 0.10137 0.00010 ( 1)
 132 Q   0.87897 0.00019 0.12079 0.00006 ( 1)
 133 T   0.20293 0.20506 0.53149 0.06053 ( 3)
 134 A   0.02870 0.54959 0.25948 0.16222 ( 2)
 135 Q   0.13989 0.61113 0.06859 0.18039 ( 2)
 136 -   0.51368 0.25842 0.15162 0.07628 ( 1)
 137 Y   0.89935 0.00035 0.10020 0.00010 ( 1)
 138 T   0.11142 0.10345 0.75460 0.03053 ( 3)
 139 D   0.91797 0.00003 0.08199 0.00001 ( 1)
 140 G   0.63581 0.19266 0.11466 0.05687 ( 1)
 141 E   0.89707 0.00024 0.10263 0.00007 ( 1)
 142 N   0.03007 0.70625 0.05521 0.20847 ( 2)
 143 I   0.04183 0.73487 0.00639 0.21691 ( 2)
 144 W   0.00011 0.77176 0.00033 0.22780 ( 2)
 145 T   0.07285 0.65774 0.07527 0.19415 ( 2)
 146 D   0.36532 0.11105 0.49085 0.03278 ( 3)
 147 T   0.00813 0.76145 0.00566 0.22476 ( 2)
 148 -   0.01695 0.75515 0.00500 0.22290 ( 2)
 149 -   0.49944 0.27266 0.14742 0.08048 ( 1)
 150 -   0.47612 0.29598 0.14054 0.08736 ( 1)
 151 -   0.47612 0.29598 0.14054 0.08736 ( 1)
 152 -   0.47612 0.29598 0.14054 0.08736 ( 1)
 153 G   0.03467 0.73986 0.00707 0.21839 ( 2)
 154 R   0.00277 0.75585 0.01827 0.22311 ( 2)
 155 S   0.00781 0.75952 0.00847 0.22419 ( 2)
 156 W   0.00002 0.77154 0.00070 0.22774 ( 2)
 157 L   0.00461 0.72455 0.05697 0.21387 ( 2)
 158 C   0.84887 0.01646 0.12981 0.00486 ( 1)
 159 T   0.08977 0.61659 0.11164 0.18200 ( 2)
 160 L   0.81653 0.00700 0.17440 0.00207 ( 1)
 161 R   0.46303 0.07348 0.44180 0.02169 ( 1)
 162 G   0.83575 0.00121 0.16269 0.00036 ( 1)
 163 Y   0.74026 0.09813 0.13264 0.02897 ( 1)
 164 C   0.89742 0.00003 0.10254 0.00001 ( 1)
 165 T   0.89822 0.00211 0.09905 0.00062 ( 1)
 166 T   0.04559 0.73210 0.00621 0.21610 ( 2)
 167 N   0.05535 0.17241 0.72135 0.05089 ( 3)
 168 C   0.35851 0.45266 0.05522 0.13361 ( 2)
 169 F   0.35102 0.29327 0.26913 0.08657 ( 1)
 170 P   0.54290 0.28762 0.08459 0.08490 ( 1)
 171 -   0.62485 0.14725 0.18444 0.04346 ( 1)
 172 -   0.24601 0.52608 0.07262 0.15529 ( 2)
 173 -   0.20001 0.57209 0.05904 0.16886 ( 2)
 174 G   0.44161 0.09504 0.43530 0.02805 ( 1)
 175 R   0.00236 0.69289 0.10023 0.20452 ( 2)
 176 G   0.34780 0.26355 0.31085 0.07779 ( 1)
 177 C   0.11063 0.66969 0.02201 0.19767 ( 2)
 178 Y   0.01578 0.69901 0.07887 0.20633 ( 2)
 179 N   0.00049 0.77124 0.00062 0.22765 ( 2)
 180 N   0.56257 0.09049 0.32022 0.02671 ( 1)
 181 S   0.04375 0.73371 0.00597 0.21657 ( 2)
 182 T   0.13840 0.55009 0.14915 0.16237 ( 2)
 183 G   0.17328 0.61838 0.02581 0.18253 ( 2)
 184 Y   0.87370 0.02133 0.09867 0.00630 ( 1)
 185 G   0.82199 0.01516 0.15838 0.00448 ( 1)
 186 E   0.00925 0.76413 0.00106 0.22555 ( 2)
 187 S   0.91029 0.00011 0.08957 0.00003 ( 1)
 188 C   0.83076 0.00146 0.16735 0.00043 ( 1)
 189 N   0.91459 0.00007 0.08532 0.00002 ( 1)
 190 Q   0.00149 0.76879 0.00279 0.22693 ( 2)
 191 S   0.15271 0.63174 0.02908 0.18647 ( 2)
 192 L   0.85154 0.01554 0.12834 0.00459 ( 1)
 193 P   0.82868 0.02602 0.13761 0.00768 ( 1)
 194 G   0.37525 0.15681 0.42165 0.04629 ( 3)
 195 Q   0.87897 0.00019 0.12079 0.00006 ( 1)
 196 K   0.90198 0.00011 0.09788 0.00003 ( 1)
 197 I   0.88730 0.00011 0.11256 0.00003 ( 1)
 198 H   0.48941 0.00122 0.50901 0.00036 ( 3)
 199 A   0.88197 0.00007 0.11794 0.00002 ( 1)
 200 L   0.77159 0.06847 0.13973 0.02021 ( 1)
 201 Y   0.90165 0.00007 0.09826 0.00002 ( 1)
 202 P   0.87472 0.00872 0.11399 0.00257 ( 1)
 203 F   0.89639 0.00053 0.10293 0.00016 ( 1)
 204 T   0.82965 0.02330 0.14018 0.00688 ( 1)
 205 Q   0.73152 0.10170 0.13676 0.03002 ( 1)
 206 T   0.32281 0.47352 0.06390 0.13977 ( 2)
 207 -   0.76297 0.00913 0.22521 0.00270 ( 1)
 208 N   0.47266 0.33370 0.09514 0.09850 ( 1)
 209 V   0.05007 0.72459 0.01146 0.21388 ( 2)
 210 L   0.00339 0.74971 0.02561 0.22129 ( 2)
 211 G   0.87318 0.00029 0.12644 0.00009 ( 1)
 212 Q   0.03347 0.57804 0.21787 0.17062 ( 2)
 213 S   0.00019 0.77183 0.00016 0.22782 ( 2)
 214 G   0.82498 0.00833 0.16422 0.00246 ( 1)
 215 K   0.90256 0.00007 0.09736 0.00002 ( 1)
 216 L   0.81404 0.02798 0.14972 0.00826 ( 1)
 217 G   0.87333 0.00041 0.12614 0.00012 ( 1)
 218 L   0.41762 0.38079 0.08919 0.11240 ( 1)
 219 L   0.76683 0.04159 0.17930 0.01228 ( 1)
 220 A   0.78195 0.06831 0.12958 0.02016 ( 1)
 221 S   0.13443 0.65721 0.01437 0.19399 ( 2)
 222 H   0.90318 0.00893 0.08526 0.00264 ( 1)
 223 I   0.51171 0.00045 0.48771 0.00013 ( 1)
 224 P   0.85823 0.00823 0.13111 0.00243 ( 1)
 225 Y   0.80701 0.07736 0.09279 0.02284 ( 1)
 226 D   0.87339 0.00092 0.12542 0.00027 ( 1)
 227 L   0.84335 0.00273 0.15312 0.00080 ( 1)
 228 S   0.81249 0.06898 0.09817 0.02036 ( 1)
 229 P   0.81227 0.00312 0.18369 0.00092 ( 1)
 230 N   0.85116 0.00119 0.14730 0.00035 ( 1)
 231 N   0.91421 0.00031 0.08539 0.00009 ( 1)
 232 T   0.00137 0.77078 0.00033 0.22751 ( 2)
 233 I   0.50723 0.01735 0.47030 0.00512 ( 1)
 234 G   0.90371 0.00023 0.09599 0.00007 ( 1)
 235 D   0.41728 0.25020 0.25867 0.07385 ( 1)
 236 K   0.02178 0.73565 0.02543 0.21714 ( 2)
 237 D   0.91369 0.00024 0.08600 0.00007 ( 1)
 238 T   0.17209 0.43627 0.26286 0.12878 ( 2)
 239 D   0.81270 0.08793 0.07342 0.02595 ( 1)
 240 S   0.43657 0.00788 0.55323 0.00233 ( 3)
 241 T   0.00014 0.77184 0.00020 0.22783 ( 2)
 242 N   0.80081 0.09239 0.07953 0.02727 ( 1)
 243 -   0.46911 0.30299 0.13847 0.08943 ( 1)


lnL = -4112.080728

