Supplemental results for CODEML (seqf: algn  treef: tree)


dN/dS (w) for site classes (K=4)

site class             0        1       2a       2b
proportion       0.50924  0.32393  0.10197  0.06486
background w     0.13106  0.96621  0.13106  0.96621
foreground w     0.13106  0.96621  2.96559  2.96559

Naive Empirical Bayes (NEB) probabilities for 4 classes
(amino acids refer to 1st sequence: BT_Cry4Ba1)

   1 -   0.50924 0.32393 0.10197 0.06486 ( 1)
   2 Y   0.20165 0.63152 0.04038 0.12645 ( 2)
   3 T   0.75712 0.07605 0.15160 0.01523 ( 1)
   4 D   0.77947 0.05370 0.15608 0.01075 ( 1)
   5 A   0.07037 0.76280 0.01409 0.15274 ( 2)
   6 I   0.77459 0.05858 0.15510 0.01173 ( 1)
   7 T   0.78840 0.04477 0.15786 0.00896 ( 1)
   8 Q   0.82825 0.00492 0.16584 0.00098 ( 1)
   9 V   0.76990 0.06327 0.15416 0.01267 ( 1)
  10 P   0.82239 0.01078 0.16467 0.00216 ( 1)
  11 A   0.72998 0.10319 0.14617 0.02066 ( 1)
  12 V   0.76134 0.07183 0.15244 0.01438 ( 1)
  13 K   0.82851 0.00466 0.16589 0.00093 ( 1)
  14 S   0.79449 0.03868 0.15908 0.00775 ( 1)
  15 N   0.55913 0.27404 0.11196 0.05487 ( 1)
  16 F   0.10970 0.72347 0.02197 0.14486 ( 2)
  17 L   0.57354 0.25964 0.11484 0.05199 ( 1)
  18 N   0.82597 0.00720 0.16539 0.00144 ( 1)
  19 A   0.08653 0.74664 0.01733 0.14950 ( 2)
  20 T   0.06808 0.76509 0.01363 0.15320 ( 2)
  21 A   0.79959 0.03358 0.16010 0.00672 ( 1)
  22 K   0.13446 0.69871 0.02692 0.13990 ( 2)
  23 V   0.55054 0.28263 0.11024 0.05659 ( 1)
  24 I   0.77477 0.05840 0.15513 0.01169 ( 1)
  25 K   0.52802 0.30515 0.10573 0.06110 ( 1)
  26 G   0.66499 0.16819 0.13315 0.03368 ( 1)
  27 P   0.54639 0.28678 0.10940 0.05742 ( 1)
  28 G   0.82931 0.00386 0.16605 0.00077 ( 1)
  29 -   0.50924 0.32393 0.10197 0.06486 ( 1)
  30 H   0.82227 0.01091 0.16464 0.00218 ( 1)
  31 T   0.79960 0.03358 0.16010 0.00672 ( 1)
  32 G   0.82211 0.01106 0.16461 0.00221 ( 1)
  33 G   0.82211 0.01106 0.16461 0.00221 ( 1)
  34 D   0.76690 0.06627 0.15356 0.01327 ( 1)
  35 L   0.76008 0.07310 0.15219 0.01464 ( 1)
  36 V   0.81139 0.02178 0.16247 0.00436 ( 1)
  37 A   0.72653 0.10665 0.14547 0.02135 ( 1)
  38 L   0.66178 0.17139 0.13251 0.03432 ( 1)
  39 T   0.60422 0.22895 0.12098 0.04584 ( 1)
  40 S   0.60131 0.23186 0.12040 0.04643 ( 1)
  41 N   0.66593 0.16724 0.13334 0.03349 ( 1)
  42 G   0.56026 0.27291 0.11218 0.05465 ( 1)
  43 T   0.13642 0.69676 0.02731 0.13951 ( 2)
  44 L   0.79068 0.04249 0.15832 0.00851 ( 1)
  45 S   0.00614 0.82704 0.00123 0.16560 ( 2)
  46 -   0.50924 0.32393 0.10197 0.06486 ( 1)
  47 G   0.64266 0.19052 0.12868 0.03815 ( 1)
  48 R   0.80224 0.03093 0.16063 0.00619 ( 1)
  49 M   0.80246 0.03071 0.16068 0.00615 ( 1)
  50 E   0.29503 0.53814 0.05908 0.10775 ( 2)
  51 I   0.78258 0.05059 0.15670 0.01013 ( 1)
  52 Q   0.02693 0.80624 0.00539 0.16144 ( 2)
  53 C   0.59518 0.23799 0.11917 0.04765 ( 1)
  54 K   0.53961 0.29356 0.10805 0.05878 ( 1)
  55 T   0.77149 0.06169 0.15448 0.01235 ( 1)
  56 S   0.82038 0.01279 0.16427 0.00256 ( 1)
  57 I   0.64469 0.18848 0.12909 0.03774 ( 1)
  58 F   0.80694 0.02623 0.16158 0.00525 ( 1)
  59 N   0.69217 0.14101 0.13859 0.02823 ( 1)
  60 D   0.75839 0.07478 0.15185 0.01497 ( 1)
  61 P   0.56815 0.26503 0.11376 0.05307 ( 1)
  62 T   0.03288 0.80029 0.00658 0.16024 ( 2)
  63 R   0.66416 0.16901 0.13299 0.03384 ( 1)
  64 S   0.55651 0.27666 0.11143 0.05540 ( 1)
  65 Y   0.82300 0.01017 0.16479 0.00204 ( 1)
  66 G   0.78531 0.04787 0.15724 0.00958 ( 1)
  67 L   0.45572 0.37745 0.09125 0.07558 ( 1)
  68 R   0.72752 0.10565 0.14567 0.02116 ( 1)
  69 I   0.82530 0.00787 0.16525 0.00158 ( 1)
  70 R   0.79666 0.03652 0.15952 0.00731 ( 1)
  71 Y   0.75148 0.08169 0.15047 0.01636 ( 1)
  72 A   0.82858 0.00460 0.16591 0.00092 ( 1)
  73 A   0.80528 0.02789 0.16124 0.00558 ( 1)
  74 N   0.82648 0.00669 0.16549 0.00134 ( 1)
  75 S   0.75642 0.07675 0.15146 0.01537 ( 1)
  76 P   0.01213 0.82104 0.00243 0.16440 ( 2)
  77 I   0.07747 0.75570 0.01551 0.15132 ( 2)
  78 V   0.02483 0.80834 0.00497 0.16186 ( 2)
  79 L   0.00406 0.82911 0.00081 0.16601 ( 2)
  80 N   0.04078 0.79240 0.00816 0.15866 ( 2)
  81 V   0.24455 0.58862 0.04897 0.11786 ( 2)
  82 S   0.03511 0.79806 0.00703 0.15980 ( 2)
  83 Y   0.59863 0.23454 0.11987 0.04696 ( 1)
  84 V   0.01225 0.82092 0.00245 0.16437 ( 2)
  85 -   0.75613 0.07704 0.15140 0.01543 ( 1)
  86 L   0.03924 0.79393 0.00786 0.15897 ( 2)
  87 Q   0.00067 0.83251 0.00013 0.16669 ( 2)
  88 G   0.19355 0.63962 0.03876 0.12807 ( 2)
  89 V   0.00370 0.82947 0.00074 0.16609 ( 2)
  90 S   0.00469 0.82848 0.00094 0.16589 ( 2)
  91 R   0.35410 0.47907 0.07090 0.09593 ( 2)
  92 G   0.00570 0.82747 0.00114 0.16569 ( 2)
  93 T   0.24900 0.58418 0.04986 0.11697 ( 2)
  94 T   0.00143 0.83174 0.00029 0.16654 ( 2)
  95 I   0.00254 0.83063 0.00051 0.16632 ( 2)
  96 S   0.00543 0.82774 0.00109 0.16574 ( 2)
  97 T   0.05940 0.77377 0.01189 0.15493 ( 2)
  98 -   0.50924 0.32393 0.10197 0.06486 ( 1)
  99 -   0.50924 0.32393 0.10197 0.06486 ( 1)
 100 -   0.50924 0.32393 0.10197 0.06486 ( 1)
 101 -   0.50924 0.32393 0.10197 0.06486 ( 1)
 102 -   0.17174 0.66143 0.03439 0.13244 ( 2)
 103 E   0.03530 0.79788 0.00707 0.15976 ( 2)
 104 S   0.00892 0.82425 0.00179 0.16504 ( 2)
 105 T   0.00068 0.83249 0.00014 0.16669 ( 2)
 106 F   0.31328 0.51989 0.06273 0.10410 ( 2)
 107 S   0.66410 0.16907 0.13297 0.03385 ( 1)
 108 R   0.09177 0.74140 0.01838 0.14845 ( 2)
 109 P   0.79055 0.04262 0.15829 0.00853 ( 1)
 110 N   0.07325 0.75993 0.01467 0.15216 ( 2)
 111 N   0.81852 0.01465 0.16390 0.00293 ( 1)
 112 I   0.68339 0.14978 0.13684 0.02999 ( 1)
 113 I   0.81698 0.01619 0.16358 0.00324 ( 1)
 114 P   0.51905 0.31413 0.10393 0.06290 ( 1)
 115 T   0.77061 0.06256 0.15430 0.01253 ( 1)
 116 D   0.77064 0.06254 0.15431 0.01252 ( 1)
 117 L   0.82095 0.01223 0.16438 0.00245 ( 1)
 118 K   0.79909 0.03408 0.16000 0.00682 ( 1)
 119 Y   0.82898 0.00419 0.16599 0.00084 ( 1)
 120 E   0.29967 0.53350 0.06000 0.10682 ( 2)
 121 E   0.03348 0.79969 0.00670 0.16012 ( 2)
 122 F   0.83028 0.00289 0.16625 0.00058 ( 1)
 123 R   0.01180 0.82138 0.00236 0.16447 ( 2)
 124 Y   0.80674 0.02644 0.16153 0.00529 ( 1)
 125 K   0.14996 0.68321 0.03003 0.13680 ( 2)
 126 D   0.79568 0.03750 0.15932 0.00751 ( 1)
 127 P   0.53704 0.29613 0.10753 0.05930 ( 1)
 128 F   0.05477 0.77840 0.01097 0.15586 ( 2)
 129 D   0.76690 0.06627 0.15356 0.01327 ( 1)
 130 A   0.30598 0.52720 0.06127 0.10556 ( 2)
 131 I   0.81193 0.02124 0.16257 0.00425 ( 1)
 132 V   0.65151 0.18166 0.13045 0.03637 ( 1)
 133 P   0.40391 0.42926 0.08088 0.08595 ( 2)
 134 M   0.72577 0.10741 0.14532 0.02151 ( 1)
 135 R   0.67829 0.15488 0.13582 0.03101 ( 1)
 136 L   0.48697 0.34620 0.09751 0.06932 ( 1)
 137 S   0.59064 0.24254 0.11826 0.04856 ( 1)
 138 S   0.75978 0.07340 0.15213 0.01470 ( 1)
 139 N   0.63078 0.20239 0.12630 0.04053 ( 1)
 140 Q   0.23532 0.59785 0.04712 0.11971 ( 2)
 141 L   0.29604 0.53714 0.05928 0.10755 ( 2)
 142 I   0.62755 0.20562 0.12566 0.04117 ( 1)
 143 T   0.82442 0.00876 0.16507 0.00175 ( 1)
 144 I   0.69328 0.13989 0.13882 0.02801 ( 1)
 145 A   0.56162 0.27155 0.11245 0.05437 ( 1)
 146 I   0.82512 0.00805 0.16521 0.00161 ( 1)
 147 Q   0.01322 0.81996 0.00265 0.16418 ( 2)
 148 P   0.31034 0.52284 0.06214 0.10469 ( 2)
 149 L   0.27012 0.56305 0.05409 0.11274 ( 2)
 150 N   0.80603 0.02714 0.16139 0.00543 ( 1)
 151 M   0.06350 0.76967 0.01271 0.15411 ( 2)
 152 T   0.00612 0.82706 0.00122 0.16560 ( 2)
 153 S   0.12402 0.70915 0.02483 0.14199 ( 2)
 154 N   0.13549 0.69768 0.02713 0.13970 ( 2)
 155 N   0.09793 0.73525 0.01961 0.14722 ( 2)
 156 Q   0.01821 0.81496 0.00365 0.16318 ( 2)
 157 V   0.50234 0.33083 0.10058 0.06624 ( 1)
 158 I   0.76424 0.06893 0.15303 0.01380 ( 1)
 159 I   0.82504 0.00814 0.16520 0.00163 ( 1)
 160 D   0.82520 0.00798 0.16523 0.00160 ( 1)
 161 R   0.82984 0.00334 0.16616 0.00067 ( 1)
 162 I   0.53785 0.29532 0.10769 0.05913 ( 1)
 163 E   0.82973 0.00344 0.16614 0.00069 ( 1)
 164 I   0.81113 0.02204 0.16241 0.00441 ( 1)
 165 I   0.82504 0.00814 0.16520 0.00163 ( 1)
 166 -   0.77600 0.05717 0.15538 0.01145 ( 1)


lnL = -2190.122962

