Supplemental results for CODEML (seqf: algn  treef: tree)


dN/dS (w) for site classes (K=4)

site class             0        1       2a       2b
proportion       0.00000  0.00000  0.51696  0.48304
background w     0.04557  0.35264  0.04557  0.35264
foreground w     0.04557  0.35264  0.39970  0.39970

Naive Empirical Bayes (NEB) probabilities for 4 classes
(amino acids refer to 1st sequence: BT_Cry18Aa1)

   1 N   0.00000 0.00000 0.80278 0.19722 ( 3)
   2 Q   0.00000 0.00000 0.70287 0.29713 ( 3)
   3 N   0.00000 0.00000 0.80278 0.19722 ( 3)
   4 G   0.00000 0.00000 0.82210 0.17790 ( 3)
   5 T   0.00000 0.00000 0.75943 0.24057 ( 3)
   6 M   0.00000 0.00000 0.76289 0.23711 ( 3)
   7 I   0.00000 0.00000 0.98620 0.01380 ( 3)
   8 H   0.00000 0.00000 0.99918 0.00082 ( 3)
   9 Q   0.00000 0.00000 0.06922 0.93078 ( 4)
  10 A   0.00000 0.00000 0.65118 0.34882 ( 3)
  11 P   0.00000 0.00000 0.99231 0.00769 ( 3)
  12 P   0.00000 0.00000 0.00000 1.00000 ( 4)
  13 D   0.00000 0.00000 0.99371 0.00629 ( 3)
  14 G   0.00000 0.00000 0.27776 0.72224 ( 4)
  15 T   0.00000 0.00000 0.94956 0.05044 ( 3)
  16 G   0.00000 0.00000 0.99872 0.00128 ( 3)
  17 F   0.00000 0.00000 0.99858 0.00142 ( 3)
  18 T   0.00000 0.00000 0.99720 0.00280 ( 3)
  19 V   0.00000 0.00000 0.02776 0.97224 ( 4)
  20 S   0.00000 0.00000 0.66479 0.33521 ( 3)
  21 P   0.00000 0.00000 0.98806 0.01194 ( 3)
  22 L   0.00000 0.00000 0.86797 0.13203 ( 3)
  23 H   0.00000 0.00000 0.99383 0.00617 ( 3)
  24 P   0.00000 0.00000 0.11832 0.88168 ( 4)
  25 S   0.00000 0.00000 0.15628 0.84372 ( 4)
  26 A   0.00000 0.00000 0.00166 0.99834 ( 4)
  27 -   0.00000 0.00000 0.25598 0.74402 ( 4)
  28 -   0.00000 0.00000 0.86576 0.13424 ( 3)
  29 N   0.00000 0.00000 0.88166 0.11834 ( 3)
  30 T   0.00000 0.00000 0.01420 0.98580 ( 4)
  31 I   0.00000 0.00000 0.00247 0.99753 ( 4)
  32 T   0.00000 0.00000 0.00114 0.99886 ( 4)
  33 S   0.00000 0.00000 0.08706 0.91294 ( 4)
  34 Y   0.00000 0.00000 0.87833 0.12167 ( 3)
  35 I   0.00000 0.00000 0.99862 0.00138 ( 3)
  36 K   0.00000 0.00000 0.09772 0.90228 ( 4)
  37 E   0.00000 0.00000 0.97476 0.02524 ( 3)
  38 N   0.00000 0.00000 0.99279 0.00721 ( 3)
  39 Y   0.00000 0.00000 0.51727 0.48273 ( 3)
  40 G   0.00000 0.00000 0.99404 0.00596 ( 3)
  41 N   0.00000 0.00000 0.99900 0.00100 ( 3)
  42 S   0.00000 0.00000 0.34744 0.65256 ( 4)
  43 G   0.00000 0.00000 0.99940 0.00060 ( 3)
  44 D   0.00000 0.00000 0.99939 0.00061 ( 3)
  45 S   0.00000 0.00000 0.97308 0.02692 ( 3)
  46 L   0.00000 0.00000 0.93961 0.06039 ( 3)
  47 H   0.00000 0.00000 0.77086 0.22914 ( 3)
  48 L   0.00000 0.00000 0.25176 0.74824 ( 4)
  49 K   0.00000 0.00000 0.06218 0.93782 ( 4)
  50 G   0.00000 0.00000 0.00765 0.99235 ( 4)
  51 -   0.00000 0.00000 0.00336 0.99664 ( 4)
  52 Q   0.00000 0.00000 0.00283 0.99717 ( 4)
  53 G   0.00000 0.00000 0.15510 0.84490 ( 4)
  54 Y   0.00000 0.00000 0.01206 0.98794 ( 4)
  55 L   0.00000 0.00000 0.64164 0.35836 ( 3)
  56 H   0.00000 0.00000 0.00416 0.99584 ( 4)
  57 Y   0.00000 0.00000 0.63764 0.36236 ( 3)
  58 M   0.00000 0.00000 0.54556 0.45444 ( 3)
  59 L   0.00000 0.00000 0.89472 0.10528 ( 3)
  60 S   0.00000 0.00000 0.01770 0.98230 ( 4)
  61 G   0.00000 0.00000 0.64980 0.35020 ( 3)
  62 N   0.00000 0.00000 0.89009 0.10991 ( 3)
  63 G   0.00000 0.00000 0.90486 0.09514 ( 3)
  64 Q   0.00000 0.00000 0.01360 0.98640 ( 4)
  65 D   0.00000 0.00000 0.02227 0.97773 ( 4)
  66 R   0.00000 0.00000 0.07695 0.92305 ( 4)
  67 Y   0.00000 0.00000 0.94315 0.05685 ( 3)
  68 R   0.00000 0.00000 0.89201 0.10799 ( 3)
  69 L   0.00000 0.00000 0.99023 0.00977 ( 3)
  70 V   0.00000 0.00000 0.90205 0.09795 ( 3)
  71 L   0.00000 0.00000 0.96223 0.03777 ( 3)
  72 R   0.00000 0.00000 0.99696 0.00304 ( 3)
  73 L   0.00000 0.00000 0.94229 0.05771 ( 3)
  74 S   0.00000 0.00000 0.99773 0.00227 ( 3)
  75 G   0.00000 0.00000 0.50266 0.49734 ( 3)
  76 A   0.00000 0.00000 0.00007 0.99993 ( 4)
  77 A   0.00000 0.00000 0.16510 0.83490 ( 4)
  78 N   0.00000 0.00000 0.26940 0.73060 ( 4)
  79 Q   0.00000 0.00000 0.00301 0.99699 ( 4)
  80 I   0.00000 0.00000 0.99304 0.00696 ( 3)
  81 K   0.00000 0.00000 0.06870 0.93130 ( 4)
  82 L   0.00000 0.00000 0.02210 0.97790 ( 4)
  83 Q   0.00000 0.00000 0.06530 0.93470 ( 4)
  84 S   0.00000 0.00000 0.04743 0.95257 ( 4)
  85 P   0.00000 0.00000 0.01119 0.98881 ( 4)
  86 T   0.00000 0.00000 0.06936 0.93064 ( 4)
  87 T   0.00000 0.00000 0.28348 0.71652 ( 4)
  88 S   0.00000 0.00000 0.01758 0.98242 ( 4)
  89 I   0.00000 0.00000 0.95069 0.04931 ( 3)
  90 Y   0.00000 0.00000 0.40589 0.59411 ( 4)
  91 -   0.00000 0.00000 0.64160 0.35840 ( 3)
  92 -   0.00000 0.00000 0.00128 0.99872 ( 4)
  93 -   0.00000 0.00000 0.00004 0.99996 ( 4)
  94 A   0.00000 0.00000 0.00319 0.99681 ( 4)
  95 F   0.00000 0.00000 0.84867 0.15133 ( 3)
  96 D   0.00000 0.00000 0.99219 0.00781 ( 3)
  97 T   0.00000 0.00000 0.99771 0.00229 ( 3)
  98 S   0.00000 0.00000 0.00209 0.99791 ( 4)
  99 T   0.00000 0.00000 0.18545 0.81455 ( 4)
 100 N   0.00000 0.00000 0.99492 0.00508 ( 3)
 101 N   0.00000 0.00000 0.99390 0.00610 ( 3)
 102 E   0.00000 0.00000 0.92815 0.07185 ( 3)
 103 G   0.00000 0.00000 0.99561 0.00439 ( 3)
 104 I   0.00000 0.00000 0.96817 0.03183 ( 3)
 105 T   0.00000 0.00000 0.00035 0.99965 ( 4)
 106 D   0.00000 0.00000 0.99847 0.00153 ( 3)
 107 N   0.00000 0.00000 0.99918 0.00082 ( 3)
 108 G   0.00000 0.00000 0.98761 0.01239 ( 3)
 109 S   0.00000 0.00000 0.85390 0.14610 ( 3)
 110 K   0.00000 0.00000 0.58040 0.41960 ( 3)
 111 F   0.00000 0.00000 0.99318 0.00682 ( 3)
 112 K   0.00000 0.00000 0.00118 0.99882 ( 4)
 113 D   0.00000 0.00000 0.99694 0.00306 ( 3)
 114 F   0.00000 0.00000 0.81570 0.18429 ( 3)
 115 A   0.00000 0.00000 0.00749 0.99251 ( 4)
 116 F   0.00000 0.00000 0.78958 0.21042 ( 3)
 117 S   0.00000 0.00000 0.00870 0.99130 ( 4)
 118 T   0.00000 0.00000 0.82322 0.17678 ( 3)
 119 P   0.00000 0.00000 0.01716 0.98284 ( 4)
 120 F   0.00000 0.00000 0.75730 0.24270 ( 3)
 121 V   0.00000 0.00000 0.25243 0.74757 ( 4)
 122 I   0.00000 0.00000 0.67588 0.32412 ( 3)
 123 P   0.00000 0.00000 0.00000 1.00000 ( 4)
 124 E   0.00000 0.00000 0.40327 0.59673 ( 4)
 125 Q   0.00000 0.00000 0.00001 0.99999 ( 4)
 126 K   0.00000 0.00000 0.01649 0.98351 ( 4)
 127 -   0.00000 0.00000 0.51696 0.48304 ( 3)
 128 -   0.00000 0.00000 0.00181 0.99819 ( 4)
 129 -   0.00000 0.00000 0.00011 0.99989 ( 4)
 130 -   0.00000 0.00000 0.93135 0.06865 ( 3)
 131 E   0.00000 0.00000 0.25038 0.74962 ( 4)
 132 I   0.00000 0.00000 0.77803 0.22197 ( 3)
 133 V   0.00000 0.00000 0.00311 0.99689 ( 4)
 134 L   0.00000 0.00000 0.07125 0.92875 ( 4)
 135 Y   0.00000 0.00000 0.00007 0.99993 ( 4)
 136 -   0.00000 0.00000 0.51696 0.48304 ( 3)
 137 F   0.00000 0.00000 0.00075 0.99925 ( 4)
 138 E   0.00000 0.00000 0.00121 0.99879 ( 4)
 139 G   0.00000 0.00000 0.00031 0.99969 ( 4)
 140 V   0.00000 0.00000 0.00010 0.99990 ( 4)
 141 G   0.00000 0.00000 0.07158 0.92842 ( 4)
 142 S   0.00000 0.00000 0.00071 0.99929 ( 4)
 143 L   0.00000 0.00000 0.69154 0.30846 ( 3)
 144 D   0.00000 0.00000 0.93157 0.06843 ( 3)
 145 L   0.00000 0.00000 0.92072 0.07928 ( 3)
 146 M   0.00000 0.00000 0.99959 0.00041 ( 3)
 147 N   0.00000 0.00000 0.99920 0.00080 ( 3)
 148 L   0.00000 0.00000 0.43483 0.56517 ( 4)
 149 I   0.00000 0.00000 0.88906 0.11094 ( 3)
 150 F   0.00000 0.00000 0.90612 0.09388 ( 3)
 151 L   0.00000 0.00000 0.34205 0.65795 ( 4)
 152 -   0.00000 0.00000 0.51696 0.48304 ( 3)


lnL = -3287.279835

