Supplemental results for CODEML (seqf: algn  treef: tree)


dN/dS (w) for site classes (K=4)

site class             0        1       2a       2b
proportion       0.63296  0.33776  0.01909  0.01019
background w     0.10754  0.52119  0.10754  0.52119
foreground w     0.10754  0.52119  3.43026  3.43026

Naive Empirical Bayes (NEB) probabilities for 4 classes
(amino acids refer to 1st sequence: BT_Cry3Aa10)

   1 -   0.90370 0.09318 0.00246 0.00066 ( 1)
   2 -   0.92089 0.07673 0.00183 0.00055 ( 1)
   3 G   0.43784 0.53122 0.02172 0.00921 ( 2)
   4 G   0.94385 0.04958 0.00615 0.00042 ( 1)
   5 A   0.60501 0.38796 0.00392 0.00311 ( 1)
   6 L   0.80761 0.18308 0.00726 0.00205 ( 1)
   7 V   0.24711 0.25144 0.47673 0.02472 ( 3)
   8 S   0.28052 0.71354 0.00133 0.00461 ( 2)
   9 F   0.92451 0.07400 0.00131 0.00018 ( 1)
  10 Y   0.97233 0.02550 0.00209 0.00009 ( 1)
  11 T   0.19931 0.15321 0.62359 0.02389 ( 3)
  12 N   0.01019 0.42262 0.22242 0.34477 ( 2)
  13 F   0.69628 0.30162 0.00128 0.00082 ( 1)
  14 L   0.71415 0.26287 0.01610 0.00688 ( 1)
  15 N   0.89407 0.10122 0.00409 0.00061 ( 1)
  16 T   0.52627 0.37754 0.08059 0.01561 ( 1)
  17 I   0.79919 0.19812 0.00186 0.00083 ( 1)
  18 W   0.85504 0.13487 0.00853 0.00155 ( 1)
  19 P   0.96702 0.03071 0.00216 0.00010 ( 1)
  20 S   0.14698 0.85056 0.00025 0.00222 ( 2)
  21 E   0.71623 0.25821 0.02275 0.00281 ( 1)
  22 -   0.64181 0.32891 0.01936 0.00992 ( 1)
  23 -   0.16476 0.79545 0.02229 0.01750 ( 2)
  24 D   0.49215 0.50269 0.00222 0.00294 ( 2)
  25 P   0.74794 0.24885 0.00215 0.00106 ( 1)
  26 W   0.56420 0.42527 0.00563 0.00490 ( 1)
  27 K   0.83347 0.16216 0.00348 0.00090 ( 1)
  28 A   0.62864 0.36882 0.00134 0.00120 ( 1)
  29 F   0.98420 0.01440 0.00136 0.00003 ( 1)
  30 M   0.97987 0.01852 0.00156 0.00004 ( 1)
  31 E   0.58219 0.36752 0.04167 0.00862 ( 1)
  32 Q   0.97026 0.02747 0.00218 0.00009 ( 1)
  33 V   0.96745 0.02820 0.00417 0.00018 ( 1)
  34 E   0.98069 0.01761 0.00165 0.00005 ( 1)
  35 A   0.59381 0.37276 0.02774 0.00569 ( 1)
  36 L   0.85410 0.13311 0.01085 0.00195 ( 1)
  37 M   0.86347 0.13363 0.00211 0.00079 ( 1)
  38 D   0.94446 0.05421 0.00120 0.00013 ( 1)
  39 Q   0.63765 0.23889 0.11294 0.01051 ( 1)
  40 K   0.98068 0.01764 0.00162 0.00005 ( 1)
  41 I   0.98181 0.01665 0.00150 0.00005 ( 1)
  42 A   0.65059 0.17847 0.16124 0.00970 ( 1)
  43 D   0.81523 0.15636 0.02580 0.00261 ( 1)
  44 Y   0.97233 0.02550 0.00209 0.00009 ( 1)
  45 A   0.96840 0.02906 0.00243 0.00011 ( 1)
  46 K   0.90313 0.09501 0.00157 0.00029 ( 1)
  47 N   0.69769 0.26935 0.02925 0.00371 ( 1)
  48 K   0.69845 0.29951 0.00116 0.00089 ( 1)
  49 A   0.85783 0.13994 0.00178 0.00045 ( 1)
  50 L   0.04021 0.95607 0.00009 0.00363 ( 2)
  51 A   0.81182 0.18615 0.00148 0.00055 ( 1)
  52 E   0.68701 0.30844 0.00284 0.00171 ( 1)
  53 L   0.75143 0.24436 0.00290 0.00131 ( 1)
  54 Q   0.76687 0.22619 0.00509 0.00185 ( 1)
  55 G   0.72536 0.27108 0.00228 0.00128 ( 1)
  56 L   0.51236 0.48492 0.00112 0.00159 ( 1)
  57 Q   0.00843 0.98730 0.00003 0.00424 ( 2)
  58 N   0.89435 0.10440 0.00102 0.00023 ( 1)
  59 N   0.10905 0.88818 0.00013 0.00264 ( 2)
  60 V   0.01475 0.97722 0.00009 0.00794 ( 2)
  61 E   0.27558 0.72104 0.00064 0.00275 ( 2)
  62 D   0.01322 0.98437 0.00002 0.00240 ( 2)
  63 Y   0.86766 0.13003 0.00186 0.00044 ( 1)
  64 V   0.13316 0.86285 0.00035 0.00364 ( 2)
  65 S   0.22739 0.75807 0.00661 0.00793 ( 2)
  66 A   0.43313 0.55977 0.00261 0.00450 ( 2)
  67 L   0.37617 0.61540 0.00280 0.00564 ( 2)
  68 S   0.00158 0.95733 0.00014 0.04095 ( 2)
  69 S   0.25513 0.73331 0.00259 0.00898 ( 2)
  70 W   0.21514 0.77381 0.00215 0.00890 ( 2)
  71 Q   0.00728 0.97126 0.00016 0.02130 ( 2)
  72 K   0.66567 0.33219 0.00114 0.00100 ( 1)
  73 N   0.08460 0.33272 0.49662 0.08606 ( 3)
  74 P   0.96262 0.03475 0.00251 0.00013 ( 1)
  75 V   0.02138 0.93303 0.00305 0.04253 ( 2)
  76 S   0.24287 0.72116 0.01855 0.01742 ( 2)
  77 S   0.41123 0.55298 0.02477 0.01103 ( 2)
  78 R   0.93562 0.05918 0.00481 0.00039 ( 1)
  79 N   0.06790 0.90826 0.00806 0.01579 ( 2)
  80 P   0.00715 0.68011 0.02221 0.29053 ( 2)
  81 H   0.69789 0.29278 0.00524 0.00409 ( 1)
  82 S   0.36609 0.62418 0.00325 0.00648 ( 2)
  83 Q   0.85377 0.14322 0.00240 0.00061 ( 1)
  84 G   0.38069 0.52809 0.06879 0.02243 ( 2)
  85 R   0.76465 0.22854 0.00496 0.00185 ( 1)
  86 I   0.92465 0.07368 0.00146 0.00021 ( 1)
  87 R   0.96555 0.03202 0.00232 0.00012 ( 1)
  88 E   0.62817 0.36862 0.00165 0.00155 ( 1)
  89 L   0.64162 0.35436 0.00223 0.00179 ( 1)
  90 F   0.98420 0.01440 0.00136 0.00003 ( 1)
  91 S   0.35634 0.64051 0.00085 0.00229 ( 2)
  92 Q   0.45206 0.54494 0.00106 0.00194 ( 2)
  93 A   0.54654 0.45107 0.00102 0.00137 ( 1)
  94 E   0.93606 0.06215 0.00160 0.00019 ( 1)
  95 S   0.98051 0.01684 0.00258 0.00007 ( 1)
  96 H   0.75918 0.23933 0.00096 0.00053 ( 1)
  97 F   0.98420 0.01440 0.00136 0.00003 ( 1)
  98 R   0.42540 0.57099 0.00126 0.00235 ( 2)
  99 N   0.09619 0.89949 0.00055 0.00377 ( 2)
 100 S   0.72722 0.26145 0.00794 0.00339 ( 1)
 101 M   0.97987 0.01852 0.00156 0.00004 ( 1)
 102 P   0.92510 0.06548 0.00870 0.00072 ( 1)
 103 S   0.90685 0.08761 0.00492 0.00062 ( 1)
 104 F   0.98420 0.01440 0.00136 0.00003 ( 1)
 105 A   0.50309 0.49335 0.00142 0.00214 ( 1)
 106 I   0.83151 0.16560 0.00207 0.00081 ( 1)
 107 S   0.79612 0.19433 0.00733 0.00222 ( 1)
 108 G   0.07712 0.85214 0.02617 0.04457 ( 2)
 109 Y   0.51021 0.43509 0.03451 0.02019 ( 1)
 110 E   0.96884 0.02905 0.00201 0.00010 ( 1)
 111 V   0.97013 0.02703 0.00273 0.00012 ( 1)
 112 L   0.75978 0.23077 0.00691 0.00255 ( 1)
 113 F   0.97803 0.02055 0.00137 0.00005 ( 1)
 114 L   0.93996 0.05605 0.00369 0.00030 ( 1)
 115 T   0.54185 0.44495 0.01005 0.00315 ( 1)
 116 T   0.67092 0.32689 0.00123 0.00096 ( 1)
 117 Y   0.97233 0.02550 0.00209 0.00009 ( 1)
 118 A   0.90164 0.09646 0.00163 0.00028 ( 1)
 119 Q   0.38400 0.61276 0.00096 0.00228 ( 2)
 120 A   0.96650 0.03131 0.00209 0.00011 ( 1)
 121 A   0.93637 0.06102 0.00236 0.00024 ( 1)
 122 N   0.95055 0.04706 0.00221 0.00018 ( 1)
 123 I   0.24016 0.75716 0.00044 0.00224 ( 2)
 124 H   0.93311 0.06564 0.00112 0.00014 ( 1)
 125 L   0.40663 0.58865 0.00156 0.00316 ( 2)
 126 F   0.06141 0.92145 0.00094 0.01621 ( 2)
 127 L   0.78369 0.21106 0.00383 0.00142 ( 1)
 128 L   0.42046 0.57409 0.00187 0.00358 ( 2)
 129 K   0.88883 0.10929 0.00155 0.00034 ( 1)
 130 D   0.29787 0.69880 0.00069 0.00264 ( 2)
 131 A   0.61250 0.38504 0.00125 0.00121 ( 1)
 132 Q   0.15409 0.84258 0.00036 0.00297 ( 2)
 133 I   0.46838 0.49627 0.02706 0.00829 ( 2)
 134 Y   0.14047 0.84556 0.00237 0.01160 ( 2)
 135 G   0.55211 0.44547 0.00109 0.00133 ( 1)
 136 E   0.03628 0.95943 0.00007 0.00423 ( 2)
 137 E   0.25654 0.74058 0.00045 0.00243 ( 2)
 138 W   0.58068 0.40882 0.00580 0.00470 ( 1)
 139 G   0.87239 0.12551 0.00172 0.00037 ( 1)
 140 Y   0.00703 0.98894 0.00002 0.00402 ( 2)
 141 E   0.43424 0.56057 0.00119 0.00400 ( 2)
 142 K   0.04203 0.91228 0.00567 0.04001 ( 2)
 143 E   0.00402 0.99204 0.00001 0.00392 ( 2)
 144 D   0.11551 0.88225 0.00014 0.00209 ( 2)
 145 I   0.56467 0.37749 0.04643 0.01141 ( 1)
 146 A   0.00235 0.99235 0.00004 0.00526 ( 2)
 147 E   0.31215 0.68502 0.00058 0.00225 ( 2)
 148 F   0.50595 0.49211 0.00073 0.00122 ( 1)
 149 Y   0.57435 0.42256 0.00134 0.00174 ( 1)
 150 K   0.05813 0.68510 0.15042 0.10634 ( 2)
 151 R   0.80876 0.18924 0.00144 0.00056 ( 1)
 152 Q   0.97026 0.02747 0.00218 0.00009 ( 1)
 153 L   0.06655 0.91842 0.00188 0.01315 ( 2)
 154 K   0.68981 0.30778 0.00125 0.00115 ( 1)
 155 L   0.96830 0.02948 0.00212 0.00010 ( 1)
 156 T   0.92225 0.07125 0.00593 0.00057 ( 1)
 157 Q   0.04176 0.95329 0.00016 0.00478 ( 2)
 158 E   0.83719 0.10020 0.06063 0.00199 ( 1)
 159 Y   0.95562 0.03587 0.00811 0.00039 ( 1)
 160 T   0.85623 0.14153 0.00178 0.00046 ( 1)
 161 D   0.79132 0.20392 0.00356 0.00120 ( 1)
 162 H   0.97927 0.01950 0.00119 0.00004 ( 1)
 163 C   0.97225 0.02567 0.00200 0.00008 ( 1)
 164 V   0.64379 0.34530 0.00665 0.00427 ( 1)
 165 K   0.87556 0.09584 0.02757 0.00103 ( 1)
 166 W   0.85504 0.13487 0.00853 0.00155 ( 1)
 167 Y   0.97233 0.02550 0.00209 0.00009 ( 1)
 168 N   0.45882 0.53807 0.00137 0.00174 ( 2)
 169 V   0.25999 0.73471 0.00171 0.00359 ( 2)
 170 G   0.97175 0.02625 0.00192 0.00008 ( 1)
 171 L   0.94322 0.05287 0.00363 0.00028 ( 1)
 172 D   0.58582 0.39235 0.01783 0.00400 ( 1)
 173 K   0.01827 0.05608 0.89562 0.03004 ( 3)
 174 L   0.94322 0.05287 0.00363 0.00028 ( 1)
 175 R   0.90034 0.09779 0.00160 0.00027 ( 1)
 176 G   0.95881 0.03926 0.00182 0.00011 ( 1)
 177 S   0.92172 0.07388 0.00397 0.00043 ( 1)
 178 S   0.44904 0.54771 0.00099 0.00226 ( 2)
 179 Y   0.56197 0.43523 0.00125 0.00154 ( 1)
 180 E   0.71623 0.25821 0.02275 0.00281 ( 1)
 181 S   0.02920 0.96279 0.00019 0.00782 ( 2)
 182 W   0.85504 0.13487 0.00853 0.00155 ( 1)
 183 V   0.86940 0.12203 0.00724 0.00134 ( 1)
 184 N   0.23778 0.75153 0.00384 0.00686 ( 2)
 185 F   0.91647 0.08203 0.00130 0.00020 ( 1)
 186 N   0.72721 0.26792 0.00330 0.00158 ( 1)
 187 R   0.72993 0.26686 0.00214 0.00107 ( 1)
 188 Y   0.78875 0.19640 0.01229 0.00256 ( 1)
 189 R   0.77961 0.20401 0.01277 0.00361 ( 1)
 190 R   0.97613 0.02211 0.00170 0.00006 ( 1)
 191 E   0.96000 0.03742 0.00243 0.00015 ( 1)
 192 M   0.97987 0.01852 0.00156 0.00004 ( 1)
 193 T   0.97641 0.02170 0.00182 0.00007 ( 1)
 194 L   0.93331 0.06274 0.00361 0.00034 ( 1)
 195 T   0.96793 0.02961 0.00235 0.00011 ( 1)
 196 V   0.97110 0.02693 0.00188 0.00009 ( 1)
 197 L   0.94322 0.05287 0.00363 0.00028 ( 1)
 198 D   0.97184 0.02696 0.00113 0.00006 ( 1)
 199 L   0.68106 0.31206 0.00424 0.00265 ( 1)
 200 I   0.81276 0.18513 0.00153 0.00058 ( 1)
 201 A   0.41371 0.55167 0.02381 0.01081 ( 2)
 202 L   0.87376 0.09736 0.02525 0.00363 ( 1)
 203 F   0.95360 0.04039 0.00569 0.00033 ( 1)
 204 P   0.76580 0.23168 0.00175 0.00078 ( 1)
 205 L   0.01022 0.97601 0.00025 0.01352 ( 2)


lnL = -2592.303198

