Supplemental results for CODEML (seqf: algn  treef: tree)


dN/dS (w) for site classes (K=4)

site class             0        1       2a       2b
proportion       0.65160  0.25498  0.06714  0.02627
background w     0.07574  0.62938  0.07574  0.62938
foreground w     0.07574  0.62938  2.99522  2.99522

Naive Empirical Bayes (NEB) probabilities for 4 classes
(amino acids refer to 1st sequence: BT_Cry8Ba1)

   1 P   0.92070 0.02665 0.05095 0.00171 ( 1)
   2 F   0.93561 0.01895 0.04431 0.00113 ( 1)
   3 V   0.81116 0.13823 0.04222 0.00839 ( 1)
   4 G   0.88919 0.04179 0.06571 0.00330 ( 1)
   5 P   0.48660 0.43814 0.03866 0.03660 ( 1)
   6 I   0.93593 0.01654 0.04656 0.00097 ( 1)
   7 V   0.68129 0.24992 0.04935 0.01944 ( 1)
   8 S   0.89682 0.02967 0.07104 0.00247 ( 1)
   9 L   0.77064 0.16962 0.04803 0.01171 ( 1)
  10 Y   0.92381 0.02400 0.05069 0.00150 ( 1)
  11 T   0.82251 0.12879 0.04111 0.00758 ( 1)
  12 Q   0.00035 0.86921 0.00030 0.13014 ( 2)
  13 L   0.73407 0.21176 0.04082 0.01335 ( 1)
  14 I   0.79622 0.15524 0.03950 0.00905 ( 1)
  15 D   0.87447 0.08384 0.03732 0.00437 ( 1)
  16 I   0.03525 0.90173 0.00211 0.06092 ( 2)
  17 L   0.85862 0.07144 0.06424 0.00569 ( 1)
  18 W   0.83285 0.09222 0.06714 0.00779 ( 1)
  19 P   0.92477 0.02273 0.05108 0.00142 ( 1)
  20 S   0.10356 0.82840 0.00745 0.06059 ( 2)
  21 K   0.04029 0.90347 0.00206 0.05418 ( 2)
  22 Q   0.01645 0.89014 0.00169 0.09172 ( 2)
  23 K   0.22496 0.70903 0.01485 0.05116 ( 2)
  24 S   0.93951 0.01285 0.04690 0.00074 ( 1)
  25 Q   0.27439 0.66719 0.01560 0.04282 ( 2)
  26 W   0.83285 0.09222 0.06714 0.00779 ( 1)
  27 E   0.94147 0.01523 0.04246 0.00083 ( 1)
  28 I   0.85761 0.09438 0.04253 0.00549 ( 1)
  29 F   0.81466 0.13925 0.03836 0.00774 ( 1)
  30 M   0.94257 0.01073 0.04609 0.00061 ( 1)
  31 E   0.87470 0.08134 0.03948 0.00447 ( 1)
  32 Q   0.92178 0.02427 0.05240 0.00156 ( 1)
  33 V   0.93415 0.02121 0.04345 0.00119 ( 1)
  34 E   0.94147 0.01523 0.04246 0.00083 ( 1)
  35 E   0.35662 0.58775 0.01957 0.03606 ( 2)
  36 L   0.83461 0.08469 0.07304 0.00766 ( 1)
  37 I   0.93335 0.01926 0.04627 0.00112 ( 1)
  38 N   0.88852 0.06944 0.03841 0.00363 ( 1)
  39 Q   0.28118 0.06690 0.63278 0.01914 ( 3)
  40 K   0.94144 0.01494 0.04280 0.00082 ( 1)
  41 I   0.94600 0.01319 0.04012 0.00069 ( 1)
  42 A   0.84522 0.10863 0.04007 0.00608 ( 1)
  43 E   0.87055 0.08549 0.03928 0.00469 ( 1)
  44 Y   0.60707 0.31202 0.05283 0.02808 ( 1)
  45 A   0.84140 0.11242 0.03989 0.00629 ( 1)
  46 R   0.87997 0.05320 0.06276 0.00407 ( 1)
  47 N   0.10068 0.82713 0.00569 0.06650 ( 2)
  48 K   0.74369 0.19340 0.04896 0.01395 ( 1)
  49 A   0.91881 0.03514 0.04407 0.00199 ( 1)
  50 L   0.26083 0.06497 0.65396 0.02024 ( 3)
  51 S   0.72019 0.23128 0.03456 0.01396 ( 1)
  52 E   0.86118 0.09475 0.03887 0.00521 ( 1)
  53 L   0.89683 0.04506 0.05502 0.00309 ( 1)
  54 E   0.79754 0.14294 0.04944 0.01009 ( 1)
  55 G   0.88690 0.04358 0.06607 0.00346 ( 1)
  56 L   0.90025 0.04169 0.05521 0.00286 ( 1)
  57 G   0.89174 0.03960 0.06554 0.00312 ( 1)
  58 N   0.88852 0.06944 0.03841 0.00363 ( 1)
  59 N   0.25559 0.67524 0.01796 0.05121 ( 2)
  60 Y   0.14166 0.77650 0.01222 0.06962 ( 2)
  61 Q   0.03679 0.69857 0.08035 0.18429 ( 2)
  62 L   0.13960 0.44669 0.29974 0.11397 ( 2)
  63 Y   0.92381 0.02400 0.05069 0.00150 ( 1)
  64 L   0.61191 0.32735 0.03802 0.02272 ( 1)
  65 T   0.78001 0.17246 0.03774 0.00978 ( 1)
  66 A   0.72314 0.22948 0.03448 0.01290 ( 1)
  67 L   0.92256 0.02459 0.05130 0.00155 ( 1)
  68 E   0.85675 0.09911 0.03869 0.00545 ( 1)
  69 E   0.55159 0.40125 0.02500 0.02216 ( 1)
  70 W   0.83285 0.09222 0.06714 0.00779 ( 1)
  71 K   0.02038 0.90492 0.00155 0.07316 ( 2)
  72 E   0.33939 0.06841 0.57965 0.01255 ( 3)
  73 N   0.94734 0.01115 0.04093 0.00058 ( 1)
  74 P   0.69957 0.24640 0.03862 0.01541 ( 1)
  75 N   0.71047 0.23461 0.04059 0.01433 ( 1)
  76 G   0.25385 0.68848 0.01505 0.04261 ( 2)
  77 S   0.77383 0.17798 0.03757 0.01062 ( 1)
  78 R   0.93506 0.01642 0.04755 0.00096 ( 1)
  79 A   0.42046 0.49265 0.04051 0.04638 ( 2)
  80 L   0.31468 0.62333 0.01928 0.04271 ( 2)
  81 R   0.62230 0.29961 0.05166 0.02643 ( 1)
  82 D   0.83732 0.12068 0.03572 0.00628 ( 1)
  83 V   0.92221 0.02807 0.04803 0.00170 ( 1)
  84 R   0.01026 0.71521 0.03140 0.24312 ( 2)
  85 N   0.79348 0.16366 0.03430 0.00857 ( 1)
  86 R   0.67294 0.26073 0.04675 0.01958 ( 1)
  87 F   0.82423 0.12975 0.03881 0.00721 ( 1)
  88 E   0.50420 0.44835 0.02276 0.02469 ( 1)
  89 I   0.22267 0.71008 0.01436 0.05288 ( 2)
  90 L   0.88270 0.06394 0.04931 0.00405 ( 1)
  91 D   0.87116 0.08715 0.03717 0.00453 ( 1)
  92 S   0.24646 0.70000 0.01246 0.04107 ( 2)
  93 L   0.13619 0.80058 0.00835 0.05489 ( 2)
  94 F   0.94171 0.01322 0.04434 0.00073 ( 1)
  95 T   0.23693 0.69093 0.01747 0.05467 ( 2)
  96 Q   0.16541 0.77541 0.00940 0.04978 ( 2)
  97 Y   0.31600 0.62727 0.01734 0.03939 ( 2)
  98 M   0.83307 0.11941 0.04074 0.00678 ( 1)
  99 P   0.91806 0.02446 0.05583 0.00165 ( 1)
 100 S   0.91911 0.02640 0.05278 0.00170 ( 1)
 101 F   0.94171 0.01322 0.04434 0.00073 ( 1)
 102 R   0.13215 0.78869 0.01096 0.06821 ( 2)
 103 V   0.80382 0.14999 0.03772 0.00846 ( 1)
 104 T   0.16304 0.41215 0.33032 0.09449 ( 2)
 105 N   0.30606 0.63523 0.01663 0.04208 ( 2)
 106 F   0.05179 0.88785 0.00288 0.05748 ( 2)
 107 E   0.94147 0.01523 0.04246 0.00083 ( 1)
 108 V   0.93567 0.01970 0.04352 0.00111 ( 1)
 109 P   0.92725 0.02029 0.05119 0.00127 ( 1)
 110 F   0.60180 0.33632 0.03740 0.02448 ( 1)
 111 L   0.89746 0.04951 0.04991 0.00312 ( 1)
 112 T   0.27804 0.60444 0.06561 0.05191 ( 2)
 113 V   0.93415 0.02121 0.04345 0.00119 ( 1)
 114 Y   0.92381 0.02400 0.05069 0.00150 ( 1)
 115 T   0.72345 0.20692 0.05331 0.01632 ( 1)
 116 M   0.15358 0.78422 0.00883 0.05337 ( 2)
 117 A   0.93925 0.01537 0.04452 0.00086 ( 1)
 118 A   0.91531 0.03366 0.04897 0.00207 ( 1)
 119 N   0.89909 0.03496 0.06330 0.00265 ( 1)
 120 L   0.89676 0.05019 0.04989 0.00317 ( 1)
 121 H   0.93987 0.01359 0.04577 0.00077 ( 1)
 122 L   0.89645 0.04553 0.05491 0.00311 ( 1)
 123 L   0.84803 0.07466 0.07081 0.00650 ( 1)
 124 L   0.90124 0.04078 0.05519 0.00279 ( 1)
 125 L   0.90124 0.04078 0.05519 0.00279 ( 1)
 126 R   0.13201 0.80054 0.00891 0.05854 ( 2)
 127 D   0.91440 0.03002 0.05353 0.00205 ( 1)
 128 A   0.92635 0.02288 0.04938 0.00140 ( 1)
 129 S   0.89345 0.04775 0.05551 0.00329 ( 1)
 130 I   0.30244 0.06223 0.61962 0.01571 ( 3)
 131 F   0.94171 0.01322 0.04434 0.00073 ( 1)
 132 G   0.93346 0.01793 0.04756 0.00106 ( 1)
 133 E   0.82670 0.12893 0.03729 0.00708 ( 1)
 134 E   0.93980 0.01688 0.04240 0.00092 ( 1)
 135 W   0.83285 0.09222 0.06714 0.00779 ( 1)
 136 G   0.93031 0.02033 0.04815 0.00122 ( 1)
 137 L   0.02336 0.80865 0.02171 0.14628 ( 2)
 138 S   0.15613 0.41635 0.30867 0.11885 ( 2)
 139 T   0.00664 0.15210 0.66433 0.17692 ( 3)
 140 S   0.02234 0.87463 0.00246 0.10057 ( 2)
 141 T   0.01168 0.57971 0.06741 0.34120 ( 2)
 142 I   0.30434 0.07000 0.60986 0.01580 ( 3)
 143 N   0.30239 0.65038 0.01307 0.03416 ( 2)
 144 N   0.06901 0.55986 0.17040 0.20073 ( 2)
 145 Y   0.76082 0.18571 0.04180 0.01167 ( 1)
 146 Y   0.92381 0.02400 0.05069 0.00150 ( 1)
 147 N   0.38384 0.50587 0.05554 0.05475 ( 2)
 148 R   0.90930 0.03165 0.05687 0.00218 ( 1)
 149 Q   0.91372 0.03226 0.05195 0.00207 ( 1)
 150 M   0.80448 0.14780 0.03934 0.00839 ( 1)
 151 K   0.05328 0.88712 0.00309 0.05650 ( 2)
 152 L   0.43421 0.21986 0.25163 0.09430 ( 1)
 153 T   0.68984 0.24881 0.04299 0.01836 ( 1)
 154 A   0.92621 0.02717 0.04506 0.00156 ( 1)
 155 E   0.33313 0.53602 0.07963 0.05122 ( 2)
 156 Y   0.91289 0.03483 0.05010 0.00218 ( 1)
 157 S   0.90941 0.03604 0.05223 0.00233 ( 1)
 158 D   0.94515 0.01366 0.04049 0.00071 ( 1)
 159 H   0.65746 0.27009 0.05046 0.02200 ( 1)
 160 C   0.92394 0.02211 0.05253 0.00141 ( 1)
 161 V   0.91496 0.02412 0.05917 0.00175 ( 1)
 162 K   0.75027 0.19945 0.03762 0.01266 ( 1)
 163 W   0.83285 0.09222 0.06714 0.00779 ( 1)
 164 Y   0.92381 0.02400 0.05069 0.00150 ( 1)
 165 E   0.00668 0.77131 0.01318 0.20884 ( 2)
 166 T   0.92718 0.02124 0.05027 0.00131 ( 1)
 167 G   0.91269 0.03561 0.04950 0.00220 ( 1)
 168 L   0.90124 0.04078 0.05519 0.00279 ( 1)
 169 A   0.69369 0.26110 0.03005 0.01516 ( 1)
 170 K   0.18227 0.72549 0.02943 0.06281 ( 2)
 171 L   0.90124 0.04078 0.05519 0.00279 ( 1)
 172 K   0.94144 0.01494 0.04280 0.00082 ( 1)
 173 G   0.91460 0.03632 0.04692 0.00216 ( 1)
 174 S   0.10251 0.81945 0.00833 0.06971 ( 2)
 175 S   0.76123 0.19259 0.03440 0.01178 ( 1)
 176 A   0.92856 0.02072 0.04945 0.00126 ( 1)
 177 K   0.46582 0.48619 0.02120 0.02679 ( 2)
 178 Q   0.11801 0.82245 0.00671 0.05283 ( 2)
 179 W   0.83285 0.09222 0.06714 0.00779 ( 1)
 180 I   0.22358 0.72009 0.01168 0.04465 ( 2)
 181 D   0.03961 0.68051 0.08710 0.19279 ( 2)
 182 Y   0.92381 0.02400 0.05069 0.00150 ( 1)
 183 N   0.14767 0.78262 0.01040 0.05931 ( 2)
 184 Q   0.03838 0.89216 0.00275 0.06671 ( 2)
 185 F   0.87180 0.05914 0.06440 0.00466 ( 1)
 186 R   0.90000 0.04070 0.05648 0.00282 ( 1)
 187 R   0.93506 0.01642 0.04755 0.00096 ( 1)
 188 E   0.94147 0.01523 0.04246 0.00083 ( 1)
 189 M   0.94257 0.01073 0.04609 0.00061 ( 1)
 190 T   0.93826 0.01552 0.04535 0.00088 ( 1)
 191 L   0.84600 0.07711 0.07020 0.00669 ( 1)
 192 T   0.00210 0.90696 0.00034 0.09060 ( 2)
 193 V   0.88792 0.04434 0.06429 0.00345 ( 1)
 194 L   0.90124 0.04078 0.05519 0.00279 ( 1)
 195 D   0.94713 0.01181 0.04044 0.00061 ( 1)
 196 V   0.24928 0.67640 0.01911 0.05522 ( 2)
 197 V   0.69941 0.22638 0.05399 0.02022 ( 1)
 198 A   0.79714 0.15055 0.04230 0.01001 ( 1)
 199 L   0.90124 0.04078 0.05519 0.00279 ( 1)
 200 F   0.93969 0.01512 0.04435 0.00084 ( 1)
 201 S   0.14377 0.45130 0.31719 0.08774 ( 2)
 202 N   0.00200 0.82890 0.00355 0.16555 ( 2)


lnL = -2080.259767

