Supplemental results for CODEML (seqf: algn  treef: tree)


dN/dS (w) for site classes (K=4)

site class             0        1       2a       2b
proportion       0.58865  0.41135  0.00000  0.00000
background w     0.12751  1.00000  0.12751  1.00000
foreground w     0.12751  1.00000  1.00000  1.00000

Naive Empirical Bayes (NEB) probabilities for 4 classes
(amino acids refer to 1st sequence: BT_Cry24Da1)

   1 -   0.87568 0.12432 0.00000 0.00000 ( 1)
   2 I   0.09004 0.90996 0.00000 0.00000 ( 2)
   3 D   0.99996 0.00004 0.00000 0.00000 ( 1)
   4 E   0.99978 0.00022 0.00000 0.00000 ( 1)
   5 I   0.99997 0.00003 0.00000 0.00000 ( 1)
   6 T   0.87474 0.12526 0.00000 0.00000 ( 1)
   7 Q   0.99939 0.00061 0.00000 0.00000 ( 1)
   8 I   0.99995 0.00005 0.00000 0.00000 ( 1)
   9 P   0.97726 0.02274 0.00000 0.00000 ( 1)
  10 A   0.99980 0.00020 0.00000 0.00000 ( 1)
  11 V   0.98303 0.01697 0.00000 0.00000 ( 1)
  12 K   0.99993 0.00007 0.00000 0.00000 ( 1)
  13 A   0.99997 0.00003 0.00000 0.00000 ( 1)
  14 F   0.99987 0.00013 0.00000 0.00000 ( 1)
  15 N   0.00152 0.99848 0.00000 0.00000 ( 2)
  16 I   0.97002 0.02998 0.00000 0.00000 ( 1)
  17 -   0.58865 0.41135 0.00000 0.00000 ( 1)
  18 -   0.58865 0.41135 0.00000 0.00000 ( 1)
  19 -   0.58865 0.41135 0.00000 0.00000 ( 1)
  20 S   0.07252 0.92748 0.00000 0.00000 ( 2)
  21 D   0.02862 0.97138 0.00000 0.00000 ( 2)
  22 T   0.00000 1.00000 0.00000 0.00000 ( 2)
  23 G   0.93518 0.06482 0.00000 0.00000 ( 1)
  24 -   0.58865 0.41135 0.00000 0.00000 ( 1)
  25 -   0.58865 0.41135 0.00000 0.00000 ( 1)
  26 A   0.00221 0.99779 0.00000 0.00000 ( 2)
  27 G   0.97626 0.02374 0.00000 0.00000 ( 1)
  28 S   0.00000 1.00000 0.00000 0.00000 ( 2)
  29 V   0.99423 0.00577 0.00000 0.00000 ( 1)
  30 V   0.00026 0.99974 0.00000 0.00000 ( 2)
  31 A   0.98336 0.01664 0.00000 0.00000 ( 1)
  32 G   0.99964 0.00036 0.00000 0.00000 ( 1)
  33 P   0.98501 0.01499 0.00000 0.00000 ( 1)
  34 G   0.99996 0.00004 0.00000 0.00000 ( 1)
  35 H   0.01324 0.98676 0.00000 0.00000 ( 2)
  36 T   0.99988 0.00012 0.00000 0.00000 ( 1)
  37 G   0.99945 0.00055 0.00000 0.00000 ( 1)
  38 G   0.99946 0.00054 0.00000 0.00000 ( 1)
  39 D   0.99971 0.00029 0.00000 0.00000 ( 1)
  40 L   0.58175 0.41825 0.00000 0.00000 ( 1)
  41 I   0.99883 0.00117 0.00000 0.00000 ( 1)
  42 R   0.00007 0.99993 0.00000 0.00000 ( 2)
  43 L   0.99896 0.00104 0.00000 0.00000 ( 1)
  44 P   0.00025 0.99975 0.00000 0.00000 ( 2)
  45 N   0.58865 0.41135 0.00000 0.00000 ( 1)
  46 N   0.00007 0.99993 0.00000 0.00000 ( 2)
  47 N   0.00000 1.00000 0.00000 0.00000 ( 2)
  48 A   0.02765 0.97235 0.00000 0.00000 ( 2)
  49 R   0.96351 0.03649 0.00000 0.00000 ( 1)
  50 L   0.99806 0.00194 0.00000 0.00000 ( 1)
  51 K   0.99973 0.00027 0.00000 0.00000 ( 1)
  52 I   0.99994 0.00006 0.00000 0.00000 ( 1)
  53 R   0.99975 0.00025 0.00000 0.00000 ( 1)
  54 L   0.99896 0.00104 0.00000 0.00000 ( 1)
  55 T   0.25740 0.74260 0.00000 0.00000 ( 2)
  56 P   0.94850 0.05150 0.00000 0.00000 ( 1)
  57 S   0.90583 0.09417 0.00000 0.00000 ( 1)
  58 T   0.00005 0.99995 0.00000 0.00000 ( 2)
  59 S   0.25171 0.74829 0.00000 0.00000 ( 2)
  60 D   0.97983 0.02017 0.00000 0.00000 ( 1)
  61 K   0.99995 0.00005 0.00000 0.00000 ( 1)
  62 R   0.99820 0.00180 0.00000 0.00000 ( 1)
  63 F   0.78389 0.21611 0.00000 0.00000 ( 1)
  64 R   0.36006 0.63994 0.00000 0.00000 ( 2)
  65 V   0.99997 0.00003 0.00000 0.00000 ( 1)
  66 R   0.99991 0.00009 0.00000 0.00000 ( 1)
  67 V   0.94817 0.05183 0.00000 0.00000 ( 1)
  68 R   0.90371 0.09629 0.00000 0.00000 ( 1)
  69 Y   0.99937 0.00063 0.00000 0.00000 ( 1)
  70 A   0.00100 0.99900 0.00000 0.00000 ( 2)
  71 S   0.92210 0.07790 0.00000 0.00000 ( 1)
  72 T   0.00000 1.00000 0.00000 0.00000 ( 2)
  73 T   0.00000 1.00000 0.00000 0.00000 ( 2)
  74 A   0.00000 1.00000 0.00000 0.00000 ( 2)
  75 G   0.99970 0.00030 0.00000 0.00000 ( 1)
  76 R   0.00000 1.00000 0.00000 0.00000 ( 2)
  77 M   0.00092 0.99908 0.00000 0.00000 ( 2)
  78 R   0.00032 0.99968 0.00000 0.00000 ( 2)
  79 I   0.99254 0.00746 0.00000 0.00000 ( 1)
  80 T   0.63579 0.36421 0.00000 0.00000 ( 1)
  81 K   0.99373 0.00627 0.00000 0.00000 ( 1)
  82 Y   0.58865 0.41135 0.00000 0.00000 ( 1)
  83 W   0.95803 0.04197 0.00000 0.00000 ( 1)
  84 S   0.20043 0.79957 0.00000 0.00000 ( 2)
  85 P   0.83702 0.16298 0.00000 0.00000 ( 1)
  86 G   0.99400 0.00600 0.00000 0.00000 ( 1)
  87 Y   0.14784 0.85216 0.00000 0.00000 ( 2)
  88 V   0.00000 1.00000 0.00000 0.00000 ( 2)
  89 Q   0.00000 1.00000 0.00000 0.00000 ( 2)
  90 -   0.58865 0.41135 0.00000 0.00000 ( 1)
  91 H   0.73411 0.26589 0.00000 0.00000 ( 1)
  92 Y   0.00000 1.00000 0.00000 0.00000 ( 2)
  93 D   0.00005 0.99995 0.00000 0.00000 ( 2)
  94 F   0.99988 0.00012 0.00000 0.00000 ( 1)
  95 N   0.00000 1.00000 0.00000 0.00000 ( 2)
  96 F   0.00000 1.00000 0.00000 0.00000 ( 2)
  97 D   0.00001 0.99999 0.00000 0.00000 ( 2)
  98 A   0.00000 1.00000 0.00000 0.00000 ( 2)
  99 Q   0.07785 0.92215 0.00000 0.00000 ( 2)
 100 Y   0.01767 0.98233 0.00000 0.00000 ( 2)
 101 Y   0.00000 1.00000 0.00000 0.00000 ( 2)
 102 D   0.58865 0.41135 0.00000 0.00000 ( 1)
 103 S   0.58865 0.41135 0.00000 0.00000 ( 1)
 104 N   0.05058 0.94942 0.00000 0.00000 ( 2)
 105 L   0.05253 0.94747 0.00000 0.00000 ( 2)
 106 T   0.49945 0.50055 0.00000 0.00000 ( 2)
 107 F   0.00059 0.99941 0.00000 0.00000 ( 2)
 108 R   0.00015 0.99985 0.00000 0.00000 ( 2)
 109 S   0.00097 0.99903 0.00000 0.00000 ( 2)
 110 F   0.98642 0.01358 0.00000 0.00000 ( 1)
 111 H   0.00001 0.99999 0.00000 0.00000 ( 2)
 112 Y   0.99993 0.00007 0.00000 0.00000 ( 1)
 113 L   0.00117 0.99883 0.00000 0.00000 ( 2)
 114 D   0.23283 0.76717 0.00000 0.00000 ( 2)
 115 T   0.99330 0.00670 0.00000 0.00000 ( 1)
 116 M   0.95103 0.04897 0.00000 0.00000 ( 1)
 117 V   0.99830 0.00170 0.00000 0.00000 ( 1)
 118 T   0.99538 0.00462 0.00000 0.00000 ( 1)
 119 R   0.98761 0.01239 0.00000 0.00000 ( 1)
 120 L   0.99849 0.00151 0.00000 0.00000 ( 1)
 121 D   0.97815 0.02184 0.00000 0.00000 ( 1)
 122 D   0.21803 0.78197 0.00000 0.00000 ( 2)
 123 P   0.06748 0.93252 0.00000 0.00000 ( 2)
 124 G   0.98758 0.01242 0.00000 0.00000 ( 1)
 125 V   0.99998 0.00002 0.00000 0.00000 ( 1)
 126 E   0.99966 0.00034 0.00000 0.00000 ( 1)
 127 I   0.99934 0.00066 0.00000 0.00000 ( 1)
 128 I   0.99999 0.00001 0.00000 0.00000 ( 1)
 129 V   0.99956 0.00044 0.00000 0.00000 ( 1)
 130 Q   0.84422 0.15578 0.00000 0.00000 ( 1)
 131 N   0.99999 0.00001 0.00000 0.00000 ( 1)
 132 I   0.09518 0.90482 0.00000 0.00000 ( 2)
 133 G   0.00062 0.99938 0.00000 0.00000 ( 2)
 134 G   0.00000 1.00000 0.00000 0.00000 ( 2)
 135 S   0.00002 0.99998 0.00000 0.00000 ( 2)
 136 I   0.00002 0.99998 0.00000 0.00000 ( 2)
 137 L   0.77728 0.22272 0.00000 0.00000 ( 1)
 138 Y   0.00004 0.99996 0.00000 0.00000 ( 2)
 139 I   0.74949 0.25051 0.00000 0.00000 ( 1)
 140 D   0.99508 0.00492 0.00000 0.00000 ( 1)
 141 K   0.99997 0.00003 0.00000 0.00000 ( 1)
 142 I   0.79841 0.20159 0.00000 0.00000 ( 1)
 143 E   0.99965 0.00035 0.00000 0.00000 ( 1)
 144 I   0.98703 0.01297 0.00000 0.00000 ( 1)
 145 I   0.83705 0.16295 0.00000 0.00000 ( 1)
 146 -   0.79649 0.20351 0.00000 0.00000 ( 1)


lnL = -3226.084790

Bayes Empirical Bayes (BEB) probabilities for 4 classes (class)
(amino acids refer to 1st sequence: BT_Cry24Da1)

   1 -   0.83415 0.11932 0.04073 0.00581 ( 1)
   2 I   0.14197 0.81149 0.00692 0.03961 ( 2)
   3 D   0.95341 0.00005 0.04653 0.00000 ( 1)
   4 E   0.99322 0.00024 0.00654 0.00000 ( 1)
   5 I   0.99255 0.00003 0.00742 0.00000 ( 1)
   6 T   0.88323 0.10266 0.01177 0.00234 ( 1)
   7 Q   0.99127 0.00070 0.00802 0.00001 ( 1)
   8 I   0.98924 0.00006 0.01069 0.00000 ( 1)
   9 P   0.95707 0.02119 0.02116 0.00057 ( 1)
  10 A   0.99173 0.00024 0.00802 0.00001 ( 1)
  11 V   0.96911 0.01783 0.01266 0.00040 ( 1)
  12 K   0.99337 0.00009 0.00654 0.00000 ( 1)
  13 A   0.99283 0.00004 0.00714 0.00000 ( 1)
  14 F   0.89810 0.00013 0.10177 0.00000 ( 1)
  15 N   0.00427 0.96050 0.00045 0.03479 ( 2)
  16 I   0.94314 0.02511 0.03089 0.00086 ( 1)
  17 -   0.57390 0.37956 0.02802 0.01851 ( 1)
  18 -   0.57390 0.37956 0.02802 0.01851 ( 1)
  19 -   0.57390 0.37956 0.02802 0.01851 ( 1)
  20 S   0.11940 0.85962 0.00177 0.01921 ( 2)
  21 D   0.05016 0.84251 0.02799 0.07934 ( 2)
  22 T   0.00000 0.94162 0.00000 0.05838 ( 2)
  23 G   0.92903 0.05987 0.00970 0.00140 ( 1)
  24 -   0.57390 0.37956 0.02802 0.01851 ( 1)
  25 -   0.57390 0.37956 0.02802 0.01851 ( 1)
  26 A   0.00461 0.95261 0.00065 0.04213 ( 2)
  27 G   0.86134 0.01639 0.12141 0.00085 ( 1)
  28 S   0.00000 0.85731 0.00000 0.14268 ( 2)
  29 V   0.97516 0.00621 0.01847 0.00016 ( 1)
  30 V   0.00072 0.96950 0.00001 0.02977 ( 2)
  31 A   0.97955 0.01316 0.00704 0.00025 ( 1)
  32 G   0.99140 0.00042 0.00818 0.00001 ( 1)
  33 P   0.97990 0.01364 0.00626 0.00020 ( 1)
  34 G   0.99377 0.00005 0.00618 0.00000 ( 1)
  35 H   0.02934 0.93862 0.00082 0.03122 ( 2)
  36 T   0.99147 0.00015 0.00838 0.00000 ( 1)
  37 G   0.98502 0.00064 0.01433 0.00002 ( 1)
  38 G   0.98638 0.00063 0.01298 0.00001 ( 1)
  39 D   0.99377 0.00028 0.00594 0.00001 ( 1)
  40 L   0.63152 0.28382 0.07367 0.01099 ( 1)
  41 I   0.98576 0.00121 0.01300 0.00003 ( 1)
  42 R   0.00020 0.97481 0.00000 0.02499 ( 2)
  43 L   0.98946 0.00118 0.00934 0.00002 ( 1)
  44 P   0.00070 0.98277 0.00001 0.01652 ( 2)
  45 N   0.57390 0.37956 0.02802 0.01851 ( 1)
  46 N   0.00026 0.98443 0.00000 0.01531 ( 2)
  47 N   0.00000 0.97674 0.00000 0.02326 ( 2)
  48 A   0.05303 0.92694 0.00063 0.01940 ( 2)
  49 R   0.96275 0.03021 0.00661 0.00043 ( 1)
  50 L   0.98845 0.00218 0.00933 0.00004 ( 1)
  51 K   0.91314 0.00027 0.08657 0.00001 ( 1)
  52 I   0.99181 0.00008 0.00811 0.00000 ( 1)
  53 R   0.99288 0.00029 0.00682 0.00000 ( 1)
  54 L   0.98946 0.00118 0.00934 0.00002 ( 1)
  55 T   0.37089 0.57304 0.03500 0.02107 ( 2)
  56 P   0.95447 0.03887 0.00610 0.00057 ( 1)
  57 S   0.82103 0.06315 0.11323 0.00260 ( 1)
  58 T   0.00013 0.92493 0.00005 0.07489 ( 2)
  59 S   0.30970 0.66805 0.00586 0.01640 ( 2)
  60 D   0.89018 0.01305 0.09629 0.00049 ( 1)
  61 K   0.99341 0.00006 0.00654 0.00000 ( 1)
  62 R   0.99248 0.00151 0.00599 0.00003 ( 1)
  63 F   0.79439 0.19258 0.00921 0.00382 ( 1)
  64 R   0.47381 0.50559 0.00796 0.01264 ( 2)
  65 V   0.99229 0.00004 0.00767 0.00000 ( 1)
  66 R   0.99328 0.00011 0.00661 0.00000 ( 1)
  67 V   0.94490 0.03964 0.01434 0.00112 ( 1)
  68 R   0.88192 0.09457 0.02086 0.00265 ( 1)
  69 Y   0.99285 0.00067 0.00648 0.00001 ( 1)
  70 A   0.00252 0.97416 0.00003 0.02329 ( 2)
  71 S   0.94049 0.05381 0.00486 0.00084 ( 1)
  72 T   0.00000 0.87597 0.00000 0.12403 ( 2)
  73 T   0.00000 0.92236 0.00000 0.07764 ( 2)
  74 A   0.00000 0.93096 0.00000 0.06903 ( 2)
  75 G   0.99349 0.00032 0.00618 0.00001 ( 1)
  76 R   0.00000 0.97486 0.00000 0.02514 ( 2)
  77 M   0.00231 0.96927 0.00005 0.02837 ( 2)
  78 R   0.00080 0.96471 0.00002 0.03447 ( 2)
  79 I   0.98455 0.00661 0.00872 0.00013 ( 1)
  80 T   0.72626 0.26258 0.00606 0.00510 ( 1)
  81 K   0.98780 0.00554 0.00657 0.00008 ( 1)
  82 Y   0.57390 0.37956 0.02802 0.01851 ( 1)
  83 W   0.93951 0.04248 0.01702 0.00099 ( 1)
  84 S   0.25166 0.72210 0.00591 0.02033 ( 2)
  85 P   0.83285 0.14484 0.01841 0.00389 ( 1)
  86 G   0.98999 0.00483 0.00511 0.00007 ( 1)
  87 Y   0.24639 0.74001 0.00165 0.01195 ( 2)
  88 V   0.00001 0.96893 0.00000 0.03106 ( 2)
  89 Q   0.00000 0.98040 0.00000 0.01959 ( 2)
  90 -   0.57390 0.37956 0.02802 0.01851 ( 1)
  91 H   0.81834 0.17340 0.00495 0.00331 ( 1)
  92 Y   0.00000 0.97684 0.00000 0.02316 ( 2)
  93 D   0.00016 0.91458 0.00018 0.08508 ( 2)
  94 F   0.99422 0.00013 0.00564 0.00000 ( 1)
  95 N   0.00000 0.91701 0.00000 0.08299 ( 2)
  96 F   0.00000 0.97044 0.00000 0.02956 ( 2)
  97 D   0.00005 0.98418 0.00000 0.01577 ( 2)
  98 A   0.00000 0.78184 0.00005 0.21811 ( 2)
  99 Q   0.11636 0.86035 0.00220 0.02110 ( 2)
 100 Y   0.03875 0.94457 0.00026 0.01642 ( 2)
 101 Y   0.00000 0.96077 0.00000 0.03923 ( 2)
 102 D   0.57390 0.37956 0.02802 0.01851 ( 1)
 103 S   0.57390 0.37956 0.02802 0.01851 ( 1)
 104 N   0.06847 0.88499 0.00334 0.04320 ( 2)
 105 L   0.07206 0.88141 0.00351 0.04302 ( 2)
 106 T   0.51398 0.43948 0.02510 0.02144 ( 1)
 107 F   0.00154 0.94777 0.00034 0.05036 ( 2)
 108 R   0.00046 0.93348 0.00017 0.06589 ( 2)
 109 S   0.00225 0.93533 0.00070 0.06172 ( 2)
 110 F   0.88925 0.00967 0.10072 0.00036 ( 1)
 111 H   0.00003 0.93192 0.00001 0.06805 ( 2)
 112 Y   0.99343 0.00009 0.00648 0.00000 ( 1)
 113 L   0.00240 0.91909 0.00116 0.07735 ( 2)
 114 D   0.33061 0.65171 0.00316 0.01452 ( 2)
 115 T   0.97384 0.00723 0.01875 0.00018 ( 1)
 116 M   0.94041 0.04333 0.01522 0.00104 ( 1)
 117 V   0.99072 0.00159 0.00765 0.00003 ( 1)
 118 T   0.98862 0.00412 0.00718 0.00008 ( 1)
 119 R   0.98077 0.01074 0.00829 0.00020 ( 1)
 120 L   0.99296 0.00139 0.00563 0.00002 ( 1)
 121 D   0.89315 0.01419 0.09217 0.00050 ( 1)
 122 D   0.31879 0.66818 0.00259 0.01043 ( 2)
 123 P   0.11238 0.86776 0.00156 0.01829 ( 2)
 124 G   0.91899 0.00916 0.07155 0.00030 ( 1)
 125 V   0.99231 0.00003 0.00766 0.00000 ( 1)
 126 E   0.88925 0.00033 0.11041 0.00001 ( 1)
 127 I   0.99118 0.00070 0.00810 0.00001 ( 1)
 128 I   0.99259 0.00002 0.00739 0.00000 ( 1)
 129 V   0.99141 0.00048 0.00811 0.00001 ( 1)
 130 Q   0.79942 0.10658 0.09018 0.00382 ( 1)
 131 N   0.99400 0.00001 0.00600 0.00000 ( 1)
 132 I   0.14655 0.79070 0.02723 0.03553 ( 2)
 133 G   0.00169 0.96531 0.00015 0.03284 ( 2)
 134 G   0.00000 0.93600 0.00000 0.06400 ( 2)
 135 S   0.00005 0.85059 0.00029 0.14907 ( 2)
 136 I   0.00007 0.97706 0.00000 0.02286 ( 2)
 137 L   0.76325 0.14218 0.08891 0.00566 ( 1)
 138 Y   0.00011 0.81415 0.00073 0.18501 ( 2)
 139 I   0.77427 0.16527 0.05531 0.00515 ( 1)
 140 D   0.98313 0.00534 0.01143 0.00010 ( 1)
 141 K   0.99342 0.00004 0.00654 0.00000 ( 1)
 142 I   0.80170 0.13289 0.06090 0.00451 ( 1)
 143 E   0.99304 0.00037 0.00658 0.00001 ( 1)
 144 I   0.90698 0.00940 0.08332 0.00030 ( 1)
 145 I   0.83479 0.14659 0.01504 0.00358 ( 1)
 146 -   0.79133 0.19842 0.00674 0.00351 ( 1)

