Supplemental results for CODEML (seqf: algn  treef: tree)


dN/dS (w) for site classes (K=4)

site class             0        1       2a       2b
proportion       0.64510  0.29058  0.04435  0.01998
background w     0.06582  1.00000  0.06582  1.00000
foreground w     0.06582  1.00000  1.00000  1.00000

Naive Empirical Bayes (NEB) probabilities for 4 classes
(amino acids refer to 1st sequence: BT_Cry1Ca11)

   1 N   0.86289 0.07387 0.05816 0.00508 ( 1)
   2 F   0.92133 0.01705 0.06045 0.00117 ( 1)
   3 V   0.91574 0.02274 0.05996 0.00156 ( 1)
   4 P   0.90583 0.03111 0.06093 0.00214 ( 1)
   5 G   0.83990 0.09666 0.05680 0.00664 ( 1)
   6 G   0.90383 0.03279 0.06112 0.00225 ( 1)
   7 G   0.87224 0.06435 0.05899 0.00442 ( 1)
   8 F   0.92133 0.01705 0.06045 0.00117 ( 1)
   9 L   0.52546 0.41189 0.03434 0.02831 ( 1)
  10 V   0.07881 0.85702 0.00526 0.05891 ( 2)
  11 G   0.91755 0.02071 0.06032 0.00142 ( 1)
  12 L   0.88918 0.04821 0.05930 0.00331 ( 1)
  13 I   0.00007 0.93560 0.00002 0.06431 ( 2)
  14 D   0.92474 0.01298 0.06138 0.00089 ( 1)
  15 F   0.03895 0.89685 0.00254 0.06165 ( 2)
  16 V   0.77400 0.16444 0.05025 0.01130 ( 1)
  17 W   0.80247 0.13380 0.05452 0.00920 ( 1)
  18 G   0.88369 0.05292 0.05976 0.00364 ( 1)
  19 I   0.21754 0.71877 0.01428 0.04941 ( 2)
  20 V   0.39044 0.54563 0.02642 0.03751 ( 2)
  21 G   0.53155 0.40563 0.03494 0.02788 ( 1)
  22 P   0.90281 0.03477 0.06004 0.00239 ( 1)
  23 S   0.90811 0.02960 0.06026 0.00203 ( 1)
  24 Q   0.00037 0.93524 0.00010 0.06429 ( 2)
  25 W   0.80247 0.13380 0.05452 0.00920 ( 1)
  26 D   0.66171 0.27621 0.04310 0.01899 ( 1)
  27 A   0.10045 0.83542 0.00670 0.05743 ( 2)
  28 F   0.92133 0.01705 0.06045 0.00117 ( 1)
  29 L   0.89902 0.03882 0.05949 0.00267 ( 1)
  30 V   0.15114 0.78496 0.00994 0.05396 ( 2)
  31 Q   0.85922 0.07718 0.05830 0.00531 ( 1)
  32 I   0.91942 0.01918 0.06008 0.00132 ( 1)
  33 E   0.92236 0.01644 0.06007 0.00113 ( 1)
  34 Q   0.25253 0.68336 0.01713 0.04698 ( 2)
  35 L   0.85730 0.07923 0.05801 0.00545 ( 1)
  36 I   0.91942 0.01918 0.06008 0.00132 ( 1)
  37 N   0.81485 0.12377 0.05287 0.00851 ( 1)
  38 E   0.08636 0.84940 0.00586 0.05839 ( 2)
  39 R   0.92035 0.01792 0.06050 0.00123 ( 1)
  40 I   0.92385 0.01513 0.05998 0.00104 ( 1)
  41 A   0.51779 0.41964 0.03372 0.02885 ( 1)
  42 E   0.00832 0.92738 0.00055 0.06375 ( 2)
  43 F   0.00525 0.93045 0.00034 0.06396 ( 2)
  44 A   0.73640 0.20167 0.04807 0.01386 ( 1)
  45 R   0.90556 0.03267 0.05952 0.00225 ( 1)
  46 N   0.00667 0.92903 0.00044 0.06386 ( 2)
  47 A   0.14476 0.79139 0.00944 0.05440 ( 2)
  48 A   0.92093 0.01761 0.06026 0.00121 ( 1)
  49 I   0.88045 0.05597 0.05973 0.00385 ( 1)
  50 A   0.03605 0.89973 0.00237 0.06185 ( 2)
  51 N   0.27876 0.65786 0.01816 0.04522 ( 2)
  52 L   0.88918 0.04821 0.05930 0.00331 ( 1)
  53 E   0.92236 0.01644 0.06007 0.00113 ( 1)
  54 G   0.91730 0.02098 0.06028 0.00144 ( 1)
  55 L   0.88918 0.04821 0.05930 0.00331 ( 1)
  56 G   0.88369 0.05292 0.05976 0.00364 ( 1)
  57 N   0.13290 0.80315 0.00874 0.05521 ( 2)
  58 N   0.73480 0.20311 0.04813 0.01396 ( 1)
  59 F   0.06674 0.86910 0.00442 0.05974 ( 2)
  60 N   0.10799 0.82790 0.00720 0.05691 ( 2)
  61 I   0.62307 0.31368 0.04169 0.02156 ( 1)
  62 Y   0.88989 0.04792 0.05890 0.00329 ( 1)
  63 V   0.02777 0.90798 0.00183 0.06242 ( 2)
  64 E   0.91111 0.02598 0.06112 0.00179 ( 1)
  65 A   0.92164 0.01689 0.06030 0.00116 ( 1)
  66 F   0.92133 0.01705 0.06045 0.00117 ( 1)
  67 K   0.92253 0.01617 0.06019 0.00111 ( 1)
  68 E   0.91699 0.02012 0.06151 0.00138 ( 1)
  69 W   0.80247 0.13380 0.05452 0.00920 ( 1)
  70 E   0.92236 0.01644 0.06007 0.00113 ( 1)
  71 E   0.00014 0.93554 0.00001 0.06431 ( 2)
  72 D   0.13120 0.80484 0.00863 0.05533 ( 2)
  73 P   0.90386 0.03371 0.06011 0.00232 ( 1)
  74 N   0.70102 0.23719 0.04548 0.01630 ( 1)
  75 N   0.89913 0.03767 0.06061 0.00259 ( 1)
  76 P   0.00284 0.93285 0.00019 0.06413 ( 2)
  77 A   0.04827 0.88746 0.00326 0.06101 ( 2)
  78 T   0.58308 0.35430 0.03827 0.02436 ( 1)
  79 R   0.29631 0.63955 0.02018 0.04396 ( 2)
  80 T   0.04147 0.89430 0.00275 0.06148 ( 2)
  81 R   0.92035 0.01792 0.06050 0.00123 ( 1)
  82 V   0.91573 0.02292 0.05977 0.00158 ( 1)
  83 I   0.07694 0.85896 0.00506 0.05905 ( 2)
  84 D   0.68237 0.25437 0.04578 0.01749 ( 1)
  85 R   0.76007 0.17775 0.04996 0.01222 ( 1)
  86 F   0.92133 0.01705 0.06045 0.00117 ( 1)
  87 R   0.89967 0.03770 0.06003 0.00259 ( 1)
  88 I   0.92385 0.01513 0.05998 0.00104 ( 1)
  89 L   0.64165 0.29607 0.04193 0.02035 ( 1)
  90 D   0.92665 0.01237 0.06012 0.00085 ( 1)
  91 G   0.53004 0.40718 0.03478 0.02799 ( 1)
  92 L   0.45058 0.48597 0.03005 0.03341 ( 2)
  93 L   0.62973 0.30795 0.04115 0.02117 ( 1)
  94 E   0.92236 0.01644 0.06007 0.00113 ( 1)
  95 R   0.07567 0.86025 0.00495 0.05914 ( 2)
  96 D   0.71783 0.22036 0.04666 0.01515 ( 1)
  97 I   0.83728 0.09911 0.05680 0.00681 ( 1)
  98 P   0.90311 0.03435 0.06018 0.00236 ( 1)
  99 S   0.84787 0.08841 0.05765 0.00608 ( 1)
 100 F   0.92133 0.01705 0.06045 0.00117 ( 1)
 101 R   0.81520 0.12097 0.05552 0.00832 ( 1)
 102 I   0.66657 0.27027 0.04458 0.01858 ( 1)
 103 S   0.00004 0.93563 0.00000 0.06432 ( 2)
 104 G   0.91755 0.02071 0.06032 0.00142 ( 1)
 105 F   0.92133 0.01705 0.06045 0.00117 ( 1)
 106 E   0.92236 0.01644 0.06007 0.00113 ( 1)
 107 V   0.88571 0.05098 0.05981 0.00350 ( 1)
 108 P   0.87097 0.06654 0.05792 0.00457 ( 1)
 109 L   0.91256 0.02531 0.06039 0.00174 ( 1)
 110 L   0.88463 0.05256 0.05919 0.00361 ( 1)
 111 S   0.25464 0.68117 0.01736 0.04683 ( 2)
 112 V   0.91375 0.02472 0.05983 0.00170 ( 1)
 113 Y   0.90955 0.02830 0.06020 0.00195 ( 1)
 114 A   0.04571 0.88999 0.00312 0.06118 ( 2)
 115 Q   0.89891 0.03850 0.05995 0.00265 ( 1)
 116 A   0.90743 0.03106 0.05937 0.00214 ( 1)
 117 A   0.89835 0.03994 0.05896 0.00275 ( 1)
 118 N   0.92668 0.01224 0.06024 0.00084 ( 1)
 119 L   0.83194 0.10457 0.05630 0.00719 ( 1)
 120 H   0.91911 0.01897 0.06061 0.00130 ( 1)
 121 L   0.82902 0.10711 0.05651 0.00736 ( 1)
 122 A   0.91960 0.01876 0.06035 0.00129 ( 1)
 123 I   0.57047 0.36619 0.03817 0.02517 ( 1)
 124 L   0.87531 0.06205 0.05837 0.00427 ( 1)
 125 R   0.92035 0.01792 0.06050 0.00123 ( 1)
 126 D   0.92665 0.01237 0.06012 0.00085 ( 1)
 127 S   0.90811 0.02960 0.06026 0.00203 ( 1)
 128 V   0.05041 0.88542 0.00330 0.06087 ( 2)
 129 I   0.70758 0.22972 0.04691 0.01579 ( 1)
 130 F   0.91955 0.01882 0.06034 0.00129 ( 1)
 131 G   0.91755 0.02071 0.06032 0.00142 ( 1)
 132 E   0.48162 0.45481 0.03231 0.03126 ( 1)
 133 R   0.92035 0.01792 0.06050 0.00123 ( 1)
 134 W   0.80247 0.13380 0.05452 0.00920 ( 1)
 135 G   0.91755 0.02071 0.06032 0.00142 ( 1)
 136 L   0.83396 0.10256 0.05643 0.00705 ( 1)
 137 T   0.33737 0.29400 0.34842 0.02021 ( 3)
 138 T   0.91320 0.02502 0.06006 0.00172 ( 1)
 139 I   0.15165 0.78448 0.00995 0.05393 ( 2)
 140 N   0.92668 0.01224 0.06024 0.00084 ( 1)
 141 V   0.79911 0.13712 0.05434 0.00943 ( 1)
 142 N   0.92668 0.01224 0.06024 0.00084 ( 1)
 143 E   0.78684 0.15169 0.05105 0.01043 ( 1)
 144 N   0.31382 0.62213 0.02129 0.04277 ( 2)
 145 Y   0.90955 0.02830 0.06020 0.00195 ( 1)
 146 N   0.92668 0.01224 0.06024 0.00084 ( 1)
 147 R   0.91487 0.02339 0.06014 0.00161 ( 1)
 148 L   0.47054 0.46604 0.03138 0.03204 ( 1)
 149 I   0.67271 0.26503 0.04405 0.01822 ( 1)
 150 R   0.05895 0.87681 0.00397 0.06027 ( 2)
 151 H   0.00069 0.93499 0.00005 0.06427 ( 2)
 152 I   0.91942 0.01918 0.06008 0.00132 ( 1)
 153 D   0.00996 0.92574 0.00066 0.06364 ( 2)
 154 E   0.92236 0.01644 0.06007 0.00113 ( 1)
 155 Y   0.90955 0.02830 0.06020 0.00195 ( 1)
 156 A   0.04634 0.88938 0.00314 0.06114 ( 2)
 157 D   0.00077 0.93486 0.00011 0.06426 ( 2)
 158 H   0.89572 0.04230 0.05907 0.00291 ( 1)
 159 C   0.88932 0.04833 0.05902 0.00332 ( 1)
 160 A   0.74431 0.19379 0.04858 0.01332 ( 1)
 161 N   0.70102 0.23719 0.04548 0.01630 ( 1)
 162 T   0.83822 0.09832 0.05670 0.00676 ( 1)
 163 Y   0.90955 0.02830 0.06020 0.00195 ( 1)
 164 N   0.65094 0.28688 0.04247 0.01972 ( 1)
 165 R   0.28994 0.64660 0.01902 0.04445 ( 2)
 166 G   0.75673 0.18151 0.04928 0.01248 ( 1)
 167 L   0.88370 0.05368 0.05893 0.00369 ( 1)
 168 N   0.27876 0.65786 0.01816 0.04522 ( 2)
 169 N   0.09801 0.83785 0.00654 0.05760 ( 2)
 170 L   0.88102 0.05616 0.05895 0.00386 ( 1)
 171 P   0.00159 0.93267 0.00162 0.06411 ( 2)
 172 K   0.03680 0.89899 0.00241 0.06180 ( 2)
 173 S   0.00124 0.93445 0.00008 0.06424 ( 2)
 174 T   0.47158 0.46515 0.03129 0.03198 ( 1)
 175 Y   0.00363 0.93206 0.00024 0.06407 ( 2)
 176 Q   0.03778 0.89794 0.00255 0.06173 ( 2)
 177 D   0.06921 0.86661 0.00462 0.05957 ( 2)
 178 W   0.80247 0.13380 0.05452 0.00920 ( 1)
 179 I   0.11583 0.82017 0.00761 0.05638 ( 2)
 180 T   0.77413 0.16432 0.05026 0.01130 ( 1)
 181 Y   0.90955 0.02830 0.06020 0.00195 ( 1)
 182 N   0.92668 0.01224 0.06024 0.00084 ( 1)
 183 R   0.34679 0.58918 0.02353 0.04050 ( 2)
 184 L   0.67187 0.26578 0.04408 0.01827 ( 1)
 185 R   0.87921 0.05894 0.05779 0.00405 ( 1)
 186 R   0.91583 0.02099 0.06173 0.00144 ( 1)
 187 D   0.69214 0.24588 0.04508 0.01690 ( 1)
 188 L   0.87825 0.05831 0.05943 0.00401 ( 1)
 189 T   0.92111 0.01728 0.06041 0.00119 ( 1)
 190 L   0.87392 0.06326 0.05848 0.00435 ( 1)
 191 T   0.90705 0.02956 0.06136 0.00203 ( 1)
 192 V   0.91573 0.02292 0.05977 0.00158 ( 1)
 193 L   0.88918 0.04821 0.05930 0.00331 ( 1)
 194 D   0.92665 0.01237 0.06012 0.00085 ( 1)
 195 I   0.90386 0.03469 0.05907 0.00238 ( 1)
 196 A   0.34720 0.58872 0.02361 0.04047 ( 2)
 197 A   0.91960 0.01876 0.06035 0.00129 ( 1)
 198 F   0.00569 0.92771 0.00283 0.06377 ( 2)
 199 F   0.88632 0.05027 0.05995 0.00346 ( 1)
 200 P   0.85821 0.07809 0.05833 0.00537 ( 1)
 201 N   0.34142 0.59469 0.02301 0.04088 ( 2)


lnL = -1834.308967

