Supplemental results for CODEML (seqf: algn  treef: tree)


dN/dS (w) for site classes (K=4)

site class             0        1       2a       2b
proportion       0.14238  0.65164  0.03694  0.16905
background w     0.00000  0.15779  0.00000  0.15779
foreground w     0.00000  0.15779  1.17830  1.17830

Naive Empirical Bayes (NEB) probabilities for 4 classes
(amino acids refer to 1st sequence: BT_Cry32Ma1)

   1 -   0.14238 0.65164 0.03694 0.16905 ( 2)
   2 -   0.14238 0.65164 0.03694 0.16905 ( 2)
   3 G   0.60470 0.39225 0.00055 0.00250 ( 1)
   4 V   0.57904 0.41555 0.00097 0.00444 ( 1)
   5 Q   0.00000 0.96527 0.00623 0.02851 ( 2)
   6 V   0.00000 0.89614 0.01862 0.08523 ( 2)
   7 E   0.00001 0.91156 0.01586 0.07258 ( 2)
   8 L   0.52932 0.46718 0.00063 0.00287 ( 1)
   9 S   0.49976 0.49485 0.00097 0.00443 ( 1)
  10 R   0.55951 0.43853 0.00035 0.00161 ( 1)
  11 E   0.69431 0.30450 0.00021 0.00098 ( 1)
  12 V   0.61396 0.38359 0.00044 0.00201 ( 1)
  13 Y   0.68616 0.31275 0.00020 0.00089 ( 1)
  14 S   0.00000 0.84448 0.02789 0.12763 ( 2)
  15 T   0.58088 0.41328 0.00105 0.00480 ( 1)
  16 V   0.00001 0.98301 0.00304 0.01394 ( 2)
  17 Y   0.63539 0.36352 0.00020 0.00090 ( 1)
  18 G   0.61131 0.38580 0.00052 0.00237 ( 1)
  19 R   0.62054 0.37813 0.00024 0.00109 ( 1)
  20 G   0.00000 0.93003 0.01255 0.05743 ( 2)
  21 G   0.00001 0.89189 0.01938 0.08872 ( 2)
  22 S   0.00000 0.03382 0.17325 0.79293 ( 4)
  23 N   0.00000 0.65686 0.06153 0.28161 ( 2)
  24 N   0.00001 0.99094 0.00162 0.00743 ( 2)
  25 -   0.14380 0.65512 0.03606 0.16502 ( 2)
  26 -   0.14472 0.65738 0.03549 0.16241 ( 2)
  27 -   0.14472 0.65738 0.03549 0.16241 ( 2)
  28 -   0.14678 0.66228 0.03424 0.15670 ( 2)
  29 -   0.14352 0.65446 0.03623 0.16580 ( 2)
  30 S   0.00000 0.84069 0.02857 0.13074 ( 2)
  31 S   0.00000 0.64555 0.06356 0.29089 ( 2)
  32 F   0.00000 0.23371 0.13740 0.62888 ( 4)
  33 D   0.00000 0.95199 0.00861 0.03940 ( 2)
  34 A   0.00001 0.97078 0.00524 0.02398 ( 2)
  35 I   0.00001 0.98937 0.00190 0.00871 ( 2)
  36 E   0.66955 0.32925 0.00021 0.00098 ( 1)
  37 S   0.00001 0.98225 0.00318 0.01456 ( 2)
  38 Q   0.00000 0.15717 0.15113 0.69170 ( 4)
  39 I   0.00000 0.90560 0.01693 0.07748 ( 2)
  40 V   0.00001 0.97200 0.00502 0.02297 ( 2)
  41 R   0.54854 0.44787 0.00064 0.00294 ( 1)
  42 P   0.00000 0.84393 0.02799 0.12809 ( 2)
  43 P   0.48952 0.50701 0.00062 0.00285 ( 2)
  44 H   0.75163 0.24792 0.00008 0.00037 ( 1)
  45 L   0.44638 0.54783 0.00104 0.00475 ( 2)
  46 V   0.57286 0.42311 0.00072 0.00331 ( 1)
  47 T   0.00001 0.97310 0.00482 0.02207 ( 2)
  48 E   0.00000 0.94985 0.00899 0.04116 ( 2)
  49 L   0.46787 0.52692 0.00093 0.00428 ( 2)
  50 T   0.51931 0.46696 0.00246 0.01126 ( 1)
  51 N   0.00000 0.72967 0.04847 0.22186 ( 2)
  52 L   0.50243 0.49419 0.00061 0.00277 ( 1)
  53 K   0.00000 0.82704 0.03101 0.14194 ( 2)
  54 I   0.00001 0.95025 0.00892 0.04082 ( 2)
  55 E   0.00000 0.90307 0.01738 0.07955 ( 2)
  56 Q   0.00001 0.97296 0.00485 0.02219 ( 2)
  57 G   0.00000 0.78632 0.03831 0.17536 ( 2)
  58 A   0.00000 0.68870 0.05582 0.25548 ( 2)
  59 T   0.00000 0.25829 0.13300 0.60871 ( 4)
  60 L   0.00000 0.34088 0.11819 0.54093 ( 4)
  61 D   0.00000 0.85443 0.02610 0.11947 ( 2)
  62 M   0.00000 0.22009 0.13985 0.64006 ( 4)
  63 E   0.00000 0.94728 0.00945 0.04327 ( 2)
  64 Q   0.00000 0.16833 0.14913 0.68254 ( 4)
  65 I   0.00000 0.70567 0.05278 0.24155 ( 2)
  66 Q   0.00000 0.66482 0.06010 0.27508 ( 2)
  67 Y   0.00000 0.10026 0.16133 0.73841 ( 4)
  68 -   0.14398 0.65559 0.03594 0.16449 ( 2)
  69 P   0.00000 0.70913 0.05216 0.23872 ( 2)
  70 K   0.00000 0.27195 0.13055 0.59750 ( 4)
  71 Y   0.00001 0.96717 0.00589 0.02694 ( 2)
  72 M   0.00000 0.12098 0.15762 0.72140 ( 4)
  73 K   0.00000 0.93258 0.01209 0.05533 ( 2)
  74 V   0.00001 0.90805 0.01649 0.07545 ( 2)
  75 T   0.00001 0.97147 0.00511 0.02341 ( 2)
  76 N   0.78999 0.20921 0.00014 0.00066 ( 1)
  77 T   0.53838 0.45250 0.00164 0.00749 ( 1)
  78 L   0.62043 0.37837 0.00021 0.00098 ( 1)
  79 H   0.00000 0.87843 0.02180 0.09977 ( 2)
  80 Y   0.00000 0.66395 0.06026 0.27579 ( 2)
  81 V   0.00001 0.94430 0.00999 0.04571 ( 2)
  82 G   0.57815 0.41755 0.00077 0.00353 ( 1)
  83 S   0.00000 0.96580 0.00613 0.02807 ( 2)
  84 S   0.00001 0.97617 0.00427 0.01955 ( 2)
  85 S   0.00000 0.02983 0.17396 0.79620 ( 4)
  86 T   0.59913 0.39743 0.00062 0.00282 ( 1)
  87 W   0.00000 0.89725 0.01842 0.08433 ( 2)
  88 E   0.61487 0.38223 0.00052 0.00237 ( 1)
  89 Q   0.00000 0.96687 0.00594 0.02719 ( 2)
  90 S   0.00001 0.98146 0.00332 0.01521 ( 2)
  91 S   0.00001 0.96742 0.00584 0.02673 ( 2)
  92 S   0.00001 0.97930 0.00371 0.01698 ( 2)
  93 A   0.00000 0.79985 0.03589 0.16426 ( 2)
  94 I   0.00001 0.95843 0.00745 0.03411 ( 2)
  95 P   0.00000 0.51248 0.08742 0.40010 ( 2)
  96 I   0.00001 0.97528 0.00443 0.02028 ( 2)
  97 R   0.00000 0.87954 0.02160 0.09886 ( 2)
  98 P   0.00000 0.81480 0.03321 0.15199 ( 2)
  99 I   0.00000 0.74594 0.04556 0.20851 ( 2)
 100 T   0.00000 0.77466 0.04041 0.18494 ( 2)
 101 Q   0.00000 0.10849 0.15986 0.73165 ( 4)
 102 I   0.00001 0.95263 0.00849 0.03887 ( 2)
 103 H   0.00000 0.98703 0.00233 0.01064 ( 2)
 104 T   0.00001 0.94886 0.00917 0.04196 ( 2)
 105 I   0.00001 0.80479 0.03500 0.16020 ( 2)
 106 P   0.00000 0.62483 0.06727 0.30790 ( 2)
 107 A   0.00001 0.97224 0.00498 0.02278 ( 2)
 108 N   0.00000 0.75535 0.04387 0.20078 ( 2)
 109 N   0.00000 0.96616 0.00607 0.02777 ( 2)
 110 I   0.67554 0.32238 0.00037 0.00171 ( 1)
 111 G   0.00000 0.98380 0.00290 0.01329 ( 2)
 112 N   0.00000 0.98483 0.00272 0.01245 ( 2)
 113 L   0.00001 0.98700 0.00233 0.01066 ( 2)
 114 S   0.00000 0.88223 0.02112 0.09666 ( 2)
 115 L   0.48566 0.51014 0.00075 0.00345 ( 2)
 116 S   0.00000 0.08435 0.16419 0.75146 ( 4)
 117 Q   0.00000 0.85872 0.02533 0.11594 ( 2)
 118 L   0.00000 0.29376 0.12664 0.57960 ( 4)
 119 D   0.00000 0.32651 0.12076 0.55273 ( 4)
 120 V   0.00001 0.87330 0.02272 0.10397 ( 2)
 121 P   0.58054 0.41838 0.00019 0.00088 ( 1)
 122 Y   0.00000 0.47513 0.09412 0.43076 ( 2)
 123 R   0.00000 0.47947 0.09334 0.42719 ( 2)
 124 F   0.00001 0.99513 0.00087 0.00398 ( 2)
 125 S   0.00001 0.98455 0.00277 0.01268 ( 2)
 126 F   0.52016 0.47620 0.00065 0.00298 ( 1)
 127 Y   0.00000 0.96718 0.00588 0.02693 ( 2)
 128 N   0.00001 0.97923 0.00372 0.01704 ( 2)
 129 K   0.00000 0.30628 0.12439 0.56933 ( 4)
 130 D   0.00000 0.93503 0.01165 0.05332 ( 2)
 131 D   0.00000 0.27423 0.13014 0.59563 ( 4)
 132 A   0.00000 0.23853 0.13654 0.62493 ( 4)
 133 L   0.00000 0.13902 0.15438 0.70660 ( 4)
 134 I   0.00000 0.85617 0.02579 0.11804 ( 2)
 135 A   0.00000 0.85379 0.02622 0.11999 ( 2)
 136 A   0.00000 0.40780 0.10619 0.48601 ( 4)
 137 V   0.29562 0.69262 0.00211 0.00965 ( 2)
 138 G   0.22763 0.73459 0.00677 0.03100 ( 2)
 139 A   0.00000 0.06386 0.16786 0.76828 ( 4)
 140 E   0.16808 0.70295 0.02313 0.10585 ( 2)
 141 F   0.00000 0.33732 0.11883 0.54385 ( 4)
 142 P   0.16544 0.69949 0.02422 0.11085 ( 2)
 143 P   0.16051 0.69089 0.02665 0.12195 ( 2)
 144 N   0.00000 0.29971 0.12557 0.57472 ( 4)
 145 T   0.00000 0.10862 0.15984 0.73155 ( 4)
 146 V   0.00000 0.69141 0.05533 0.25326 ( 2)
 147 T   0.00000 0.01458 0.17670 0.80872 ( 4)
 148 W   0.00000 0.89556 0.01873 0.08571 ( 2)
 149 N   0.00001 0.98820 0.00211 0.00967 ( 2)
 150 G   0.00000 0.84247 0.02825 0.12928 ( 2)
 151 I   0.00001 0.98337 0.00298 0.01364 ( 2)
 152 P   0.00001 0.98720 0.00229 0.01050 ( 2)
 153 K   0.00000 0.92911 0.01271 0.05818 ( 2)
 154 A   0.00000 0.17602 0.14775 0.67623 ( 4)
 155 E   0.00000 0.97011 0.00536 0.02453 ( 2)
 156 D   0.00000 0.74579 0.04558 0.20862 ( 2)
 157 S   0.00000 0.97949 0.00368 0.01683 ( 2)
 158 N   0.00002 0.97008 0.00536 0.02454 ( 2)
 159 Q   0.00000 0.96894 0.00557 0.02549 ( 2)
 160 N   0.00000 0.95881 0.00739 0.03381 ( 2)
 161 S   0.00000 0.98347 0.00296 0.01357 ( 2)
 162 -   0.14488 0.65776 0.03539 0.16197 ( 2)
 163 -   0.14361 0.65466 0.03617 0.16555 ( 2)
 164 -   0.14308 0.65338 0.03650 0.16704 ( 2)
 165 -   0.14470 0.65732 0.03550 0.16249 ( 2)
 166 H   0.75133 0.24820 0.00008 0.00038 ( 1)
 167 H   0.00001 0.99394 0.00108 0.00496 ( 2)
 168 L   0.43491 0.55998 0.00092 0.00419 ( 2)
 169 S   0.00001 0.94943 0.00907 0.04149 ( 2)
 170 Y   0.68579 0.31310 0.00020 0.00091 ( 1)
 171 V   0.66289 0.33519 0.00034 0.00157 ( 1)
 172 G   0.00000 0.79189 0.03732 0.17080 ( 2)
 173 A   0.50697 0.48185 0.00201 0.00918 ( 1)
 174 L   0.00001 0.96956 0.00546 0.02498 ( 2)
 175 G   0.00000 0.48353 0.09261 0.42386 ( 2)
 176 T   0.00000 0.93385 0.01186 0.05429 ( 2)
 177 Q   0.00000 0.95295 0.00844 0.03862 ( 2)
 178 S   0.00000 0.43120 0.10199 0.46681 ( 4)
 179 S   0.00001 0.90539 0.01696 0.07764 ( 2)
 180 A   0.00001 0.98522 0.00265 0.01212 ( 2)
 181 G   0.24944 0.72632 0.00435 0.01990 ( 2)
 182 F   0.00000 0.36719 0.11347 0.51934 ( 4)
 183 P   0.00000 0.01548 0.17654 0.80799 ( 4)
 184 W   0.00000 0.02064 0.17561 0.80375 ( 4)
 185 -   0.14238 0.65164 0.03694 0.16905 ( 2)
 186 T   0.00000 0.91509 0.01523 0.06969 ( 2)
 187 Y   0.68579 0.31310 0.00020 0.00091 ( 1)
 188 P   0.00000 0.80787 0.03445 0.15768 ( 2)
 189 T   0.00000 0.16598 0.14955 0.68447 ( 4)
 190 E   0.00000 0.00179 0.17899 0.81922 ( 4)
 191 L   0.00000 0.63911 0.06471 0.29618 ( 2)
 192 L   0.00001 0.96387 0.00648 0.02965 ( 2)
 193 G   0.57926 0.41755 0.00057 0.00262 ( 1)
 194 E   0.00000 0.97296 0.00485 0.02219 ( 2)
 195 W   0.38017 0.61861 0.00022 0.00099 ( 2)
 196 G   0.58356 0.41358 0.00051 0.00235 ( 1)
 197 F   0.00000 0.98455 0.00277 0.01268 ( 2)
 198 G   0.67110 0.32753 0.00025 0.00113 ( 1)
 199 W   0.38017 0.61861 0.00022 0.00099 ( 2)
 200 L   0.43423 0.55986 0.00106 0.00485 ( 2)
 201 H   0.68038 0.31915 0.00008 0.00039 ( 1)
 202 N   0.00000 0.97007 0.00537 0.02457 ( 2)
 203 -   0.14238 0.65164 0.03694 0.16905 ( 2)


lnL = -2305.195202

