Supplemental results for CODEML (seqf: algn  treef: tree)


dN/dS (w) for site classes (K=4)

site class             0        1       2a       2b
proportion       0.55537  0.26420  0.12227  0.05816
background w     0.14146  1.00000  0.14146  1.00000
foreground w     0.14146  1.00000  1.00000  1.00000

Naive Empirical Bayes (NEB) probabilities for 4 classes
(amino acids refer to 1st sequence: BT_Cry13Aa1)

   1 S   0.67503 0.14454 0.14861 0.03182 ( 1)
   2 V   0.82325 0.00984 0.16475 0.00217 ( 1)
   3 A   0.81932 0.01450 0.16300 0.00319 ( 1)
   4 V   0.82747 0.00601 0.16519 0.00132 ( 1)
   5 P   0.82260 0.00402 0.17249 0.00089 ( 1)
   6 L   0.73318 0.10076 0.14387 0.02218 ( 1)
   7 I   0.56622 0.26407 0.11157 0.05814 ( 1)
   8 S   0.80502 0.03288 0.15486 0.00724 ( 1)
   9 M   0.83267 0.00103 0.16607 0.00023 ( 1)
  10 L   0.81023 0.02392 0.16059 0.00526 ( 1)
  11 V   0.82954 0.00629 0.16278 0.00139 ( 1)
  12 G   0.73043 0.10025 0.14725 0.02207 ( 1)
  13 V   0.18907 0.63113 0.04085 0.13894 ( 2)
  14 F   0.49739 0.32745 0.10307 0.07209 ( 1)
  15 W   0.79043 0.03178 0.17079 0.00700 ( 1)
  16 P   0.82981 0.00018 0.16996 0.00004 ( 1)
  17 K   0.20542 0.61765 0.04095 0.13598 ( 2)
  18 -   0.55537 0.26420 0.12227 0.05816 ( 1)
  19 -   0.55537 0.26420 0.12227 0.05816 ( 1)
  20 -   0.55537 0.26420 0.12227 0.05816 ( 1)
  21 -   0.55537 0.26420 0.12227 0.05816 ( 1)
  22 -   0.19673 0.62683 0.03845 0.13800 ( 2)
  23 -   0.42239 0.40158 0.08762 0.08841 ( 1)
  24 G   0.00633 0.81337 0.00124 0.17906 ( 2)
  25 T   0.02524 0.79489 0.00488 0.17499 ( 2)
  26 N   0.25613 0.56509 0.05437 0.12440 ( 2)
  27 N   0.83552 0.00242 0.16152 0.00053 ( 1)
  28 Q   0.68968 0.14212 0.13691 0.03129 ( 1)
  29 E   0.61498 0.21657 0.12077 0.04768 ( 1)
  30 N   0.77222 0.06494 0.14855 0.01430 ( 1)
  31 L   0.79900 0.02903 0.16557 0.00639 ( 1)
  32 I   0.82899 0.00725 0.16217 0.00160 ( 1)
  33 T   0.03734 0.78307 0.00719 0.17239 ( 2)
  34 V   0.81762 0.01061 0.16943 0.00234 ( 1)
  35 I   0.83576 0.00020 0.16400 0.00004 ( 1)
  36 D   0.83790 0.00009 0.16198 0.00002 ( 1)
  37 K   0.01594 0.80379 0.00331 0.17695 ( 2)
  38 E   0.83575 0.00010 0.16413 0.00002 ( 1)
  39 V   0.83511 0.00084 0.16387 0.00018 ( 1)
  40 Q   0.82965 0.00028 0.17001 0.00006 ( 1)
  41 R   0.83304 0.00341 0.16280 0.00075 ( 1)
  42 I   0.62036 0.20695 0.12712 0.04556 ( 1)
  43 L   0.82715 0.00119 0.17141 0.00026 ( 1)
  44 D   0.82368 0.00447 0.17087 0.00098 ( 1)
  45 E   0.76957 0.06559 0.15040 0.01444 ( 1)
  46 K   0.81635 0.01742 0.16240 0.00383 ( 1)
  47 L   0.82696 0.00137 0.17137 0.00030 ( 1)
  48 S   0.82307 0.00522 0.17056 0.00115 ( 1)
  49 D   0.09835 0.72338 0.01902 0.15925 ( 2)
  50 Q   0.08803 0.00165 0.90995 0.00036 ( 3)
  51 L   0.83114 0.00671 0.16067 0.00148 ( 1)
  52 I   0.80354 0.02957 0.16038 0.00651 ( 1)
  53 K   0.72879 0.04017 0.22221 0.00884 ( 1)
  54 K   0.34825 0.13210 0.49058 0.02908 ( 3)
  55 L   0.64914 0.17260 0.14026 0.03800 ( 1)
  56 N   0.00127 0.81736 0.00143 0.17994 ( 2)
  57 A   0.73939 0.09020 0.15055 0.01986 ( 1)
  58 D   0.81061 0.02105 0.16371 0.00463 ( 1)
  59 L   0.82720 0.00114 0.17142 0.00025 ( 1)
  60 N   0.18198 0.64114 0.03574 0.14115 ( 2)
  61 A   0.02042 0.79943 0.00416 0.17599 ( 2)
  62 F   0.83532 0.00105 0.16340 0.00023 ( 1)
  63 T   0.20522 0.61772 0.04107 0.13599 ( 2)
  64 D   0.69864 0.13630 0.13506 0.03001 ( 1)
  65 L   0.26390 0.55920 0.05380 0.12311 ( 2)
  66 V   0.55729 0.26814 0.11554 0.05903 ( 1)
  67 T   0.06070 0.76021 0.01173 0.16736 ( 2)
  68 R   0.00175 0.81784 0.00036 0.18005 ( 2)
  69 L   0.15823 0.66293 0.03290 0.14594 ( 2)
  70 E   0.00168 0.81793 0.00032 0.18007 ( 2)
  71 E   0.00270 0.81691 0.00055 0.17984 ( 2)
  72 V   0.71462 0.11697 0.14266 0.02575 ( 1)
  73 I   0.81360 0.02192 0.15965 0.00483 ( 1)
  74 I   0.37907 0.08430 0.51808 0.01856 ( 3)
  75 D   0.83725 0.00073 0.16186 0.00016 ( 1)
  76 A   0.83231 0.00032 0.16730 0.00007 ( 1)
  77 T   0.55168 0.27127 0.11733 0.05972 ( 1)
  78 F   0.80111 0.02114 0.17310 0.00465 ( 1)
  79 -   0.78814 0.03972 0.16340 0.00875 ( 1)
  80 -   0.82662 0.00079 0.17243 0.00017 ( 1)
  81 -   0.73894 0.09419 0.14612 0.02074 ( 1)
  82 -   0.82361 0.01028 0.16385 0.00226 ( 1)
  83 -   0.28210 0.54361 0.05462 0.11967 ( 2)
  84 E   0.61118 0.21962 0.12086 0.04835 ( 1)
  85 N   0.62595 0.20473 0.12425 0.04507 ( 1)
  86 H   0.77564 0.06159 0.14921 0.01356 ( 1)
  87 K   0.83201 0.00158 0.16606 0.00035 ( 1)
  88 P   0.58350 0.24597 0.11637 0.05415 ( 1)
  89 V   0.04127 0.77871 0.00858 0.17143 ( 2)
  90 L   0.54488 0.28385 0.10878 0.06249 ( 1)
  91 Q   0.20134 0.62271 0.03886 0.13709 ( 2)
  92 V   0.81074 0.01902 0.16606 0.00419 ( 1)
  93 S   0.46876 0.35912 0.09305 0.07906 ( 1)
  94 K   0.00270 0.81692 0.00054 0.17984 ( 2)
  95 S   0.82764 0.00063 0.17159 0.00014 ( 1)
  96 N   0.83738 0.00061 0.16188 0.00013 ( 1)
  97 Y   0.83136 0.00063 0.16787 0.00014 ( 1)
  98 M   0.00111 0.80952 0.01116 0.17821 ( 2)
  99 K   0.83484 0.00374 0.16059 0.00082 ( 1)
 100 V   0.83390 0.00067 0.16528 0.00015 ( 1)
 101 D   0.44836 0.37928 0.08886 0.08350 ( 1)
 102 S   0.00225 0.81736 0.00045 0.17994 ( 2)
 103 A   0.00863 0.81114 0.00166 0.17857 ( 2)
 104 Y   0.75579 0.07618 0.15125 0.01677 ( 1)
 105 F   0.00395 0.81570 0.00078 0.17958 ( 2)
 106 S   0.05093 0.76949 0.01017 0.16940 ( 2)
 107 T   0.79907 0.02603 0.16917 0.00573 ( 1)
 108 G   0.00809 0.81166 0.00156 0.17869 ( 2)
 109 G   0.31307 0.51124 0.06314 0.11255 ( 2)
 110 I   0.00567 0.81396 0.00118 0.17919 ( 2)
 111 L   0.83438 0.00155 0.16373 0.00034 ( 1)
 112 T   0.00661 0.81017 0.00486 0.17836 ( 2)
 113 L   0.02608 0.77906 0.02335 0.17151 ( 2)
 114 G   0.15896 0.66423 0.03058 0.14623 ( 2)
 115 M   0.06276 0.75804 0.01232 0.16688 ( 2)
 116 S   0.75092 0.06480 0.17002 0.01427 ( 1)
 117 D   0.17419 0.64653 0.03695 0.14233 ( 2)
 118 F   0.81712 0.01888 0.15985 0.00416 ( 1)
 119 L   0.76714 0.06545 0.15300 0.01441 ( 1)
 120 T   0.82350 0.01482 0.15841 0.00326 ( 1)
 121 D   0.79957 0.02356 0.17168 0.00519 ( 1)
 122 T   0.82287 0.00526 0.17071 0.00116 ( 1)
 123 Y   0.83284 0.00040 0.16667 0.00009 ( 1)
 124 S   0.80120 0.02600 0.16707 0.00572 ( 1)
 125 K   0.21295 0.61032 0.04237 0.13436 ( 2)
 126 L   0.81599 0.01779 0.16231 0.00392 ( 1)
 127 T   0.83228 0.00129 0.16615 0.00028 ( 1)
 128 F   0.69396 0.13728 0.13854 0.03022 ( 1)
 129 P   0.82586 0.00082 0.17314 0.00018 ( 1)
 130 L   0.74329 0.08739 0.15009 0.01924 ( 1)
 131 Y   0.82896 0.00422 0.16589 0.00093 ( 1)
 132 V   0.79568 0.03820 0.15770 0.00841 ( 1)
 133 L   0.83531 0.00106 0.16340 0.00023 ( 1)
 134 G   0.83113 0.00012 0.16872 0.00003 ( 1)
 135 A   0.83345 0.00014 0.16638 0.00003 ( 1)
 136 T   0.83389 0.00047 0.16553 0.00010 ( 1)
 137 M   0.19706 0.62570 0.03950 0.13775 ( 2)
 138 K   0.45350 0.37064 0.09426 0.08160 ( 1)
 139 L   0.81940 0.01324 0.16445 0.00292 ( 1)
 140 S   0.75187 0.08010 0.15039 0.01763 ( 1)
 141 A   0.02258 0.78587 0.01854 0.17301 ( 2)
 142 Y   0.72800 0.10357 0.14563 0.02280 ( 1)
 143 H   0.82881 0.00111 0.16984 0.00024 ( 1)
 144 S   0.34260 0.48161 0.06976 0.10603 ( 2)
 145 Y   0.81823 0.01357 0.16522 0.00299 ( 1)
 146 I   0.83390 0.00202 0.16364 0.00045 ( 1)
 147 Q   0.81415 0.02191 0.15911 0.00482 ( 1)
 148 F   0.83318 0.00007 0.16674 0.00001 ( 1)
 149 G   0.29029 0.53257 0.05989 0.11725 ( 2)
 150 N   0.83033 0.00815 0.15973 0.00179 ( 1)
 151 T   0.00336 0.81626 0.00067 0.17970 ( 2)
 152 W   0.79043 0.03178 0.17079 0.00700 ( 1)
 153 L   0.80146 0.03382 0.15727 0.00745 ( 1)
 154 N   0.57029 0.26182 0.11025 0.05764 ( 1)
 155 K   0.02246 0.79753 0.00442 0.17558 ( 2)
 156 V   0.83428 0.00030 0.16535 0.00007 ( 1)
 157 Y   0.81837 0.00121 0.18016 0.00027 ( 1)
 158 -   0.80812 0.01145 0.17791 0.00252 ( 1)
 159 -   0.77270 0.04687 0.17011 0.01032 ( 1)
 160 -   0.76190 0.05767 0.16773 0.01270 ( 1)
 161 D   0.32080 0.50328 0.06512 0.11080 ( 2)
 162 L   0.01562 0.80404 0.00333 0.17701 ( 2)
 163 S   0.08904 0.73219 0.01758 0.16119 ( 2)
 164 S   0.00019 0.81938 0.00004 0.18039 ( 2)
 165 D   0.02514 0.78522 0.01678 0.17286 ( 2)
 166 E   0.00324 0.81635 0.00069 0.17972 ( 2)
 167 G   0.27607 0.54724 0.05622 0.12047 ( 2)
 168 K   0.02568 0.79435 0.00509 0.17488 ( 2)
 169 T   0.83256 0.00178 0.16527 0.00039 ( 1)
 170 M   0.24411 0.57851 0.05002 0.12736 ( 2)
 171 S   0.00230 0.81730 0.00048 0.17993 ( 2)
 172 Q   0.75618 0.07655 0.15041 0.01685 ( 1)
 173 A   0.69726 0.13819 0.13413 0.03042 ( 1)
 174 L   0.82737 0.00097 0.17145 0.00021 ( 1)
 175 A   0.02972 0.79050 0.00576 0.17403 ( 2)
 176 R   0.07341 0.74663 0.01559 0.16437 ( 2)
 177 A   0.81155 0.01356 0.17191 0.00299 ( 1)
 178 K   0.83638 0.00014 0.16346 0.00003 ( 1)
 179 Q   0.00119 0.81840 0.00024 0.18017 ( 2)
 180 H   0.03283 0.75662 0.04398 0.16657 ( 2)
 181 M   0.83357 0.00015 0.16625 0.00003 ( 1)
 182 R   0.71990 0.10693 0.14963 0.02354 ( 1)
 183 Q   0.06025 0.76067 0.01163 0.16746 ( 2)
 184 D   0.00192 0.81769 0.00038 0.18001 ( 2)
 185 I   0.83564 0.00032 0.16398 0.00007 ( 1)
 186 A   0.00088 0.81870 0.00018 0.18024 ( 2)
 187 F   0.00010 0.81947 0.00002 0.18041 ( 2)
 188 Y   0.82513 0.00677 0.16661 0.00149 ( 1)
 189 T   0.83407 0.00030 0.16557 0.00007 ( 1)
 190 S   0.00156 0.81804 0.00032 0.18009 ( 2)
 191 Q   0.47986 0.34552 0.09855 0.07607 ( 1)
 192 A   0.83354 0.00102 0.16521 0.00023 ( 1)
 193 L   0.64460 0.18591 0.12856 0.04093 ( 1)
 194 N   0.75470 0.08016 0.14749 0.01765 ( 1)
 195 M   0.65917 0.17226 0.13065 0.03792 ( 1)
 196 F   0.83320 0.00004 0.16674 0.00001 ( 1)
 197 T   0.81517 0.02092 0.15931 0.00461 ( 1)
 198 -   0.81470 0.02279 0.15749 0.00502 ( 1)
 199 -   0.17891 0.63608 0.04498 0.14003 ( 2)
 200 G   0.03319 0.78688 0.00670 0.17323 ( 2)
 201 N   0.53116 0.30051 0.10218 0.06616 ( 1)
 202 L   0.17804 0.64455 0.03551 0.14190 ( 2)
 203 P   0.83024 0.00013 0.16959 0.00003 ( 1)
 204 S   0.81073 0.02323 0.16093 0.00511 ( 1)
 205 L   0.82857 0.00766 0.16208 0.00169 ( 1)
 206 S   0.01393 0.80565 0.00305 0.17736 ( 2)
 207 S   0.77254 0.06122 0.15277 0.01348 ( 1)
 208 N   0.83431 0.00426 0.16049 0.00094 ( 1)
 209 K   0.83638 0.00014 0.16346 0.00003 ( 1)
 210 Y   0.02783 0.79219 0.00557 0.17440 ( 2)
 211 A   0.51207 0.31703 0.10111 0.06979 ( 1)
 212 I   0.81365 0.02056 0.16126 0.00453 ( 1)
 213 N   0.83241 0.00547 0.16092 0.00120 ( 1)
 214 D   0.15111 0.67011 0.03125 0.14753 ( 2)
 215 Y   0.82944 0.00252 0.16748 0.00056 ( 1)
 216 N   0.83855 0.00012 0.16131 0.00003 ( 1)
 217 V   0.01551 0.80434 0.00308 0.17707 ( 2)
 218 Y   0.83046 0.00152 0.16769 0.00033 ( 1)
 219 T   0.41397 0.01483 0.56794 0.00326 ( 3)
 220 R   0.81904 0.01711 0.16007 0.00377 ( 1)
 221 A   0.83018 0.00105 0.16853 0.00023 ( 1)
 222 M   0.83334 0.00037 0.16620 0.00008 ( 1)
 223 V   0.73230 0.10026 0.14537 0.02207 ( 1)
 224 L   0.78037 0.04747 0.16171 0.01045 ( 1)
 225 N   0.83733 0.00130 0.16107 0.00029 ( 1)
 226 G   0.79482 0.03905 0.15753 0.00860 ( 1)
 227 L   0.82646 0.00187 0.17126 0.00041 ( 1)
 228 D   0.83795 0.00005 0.16199 0.00001 ( 1)
 229 I   0.16695 0.65585 0.03282 0.14439 ( 2)
 230 V   0.82902 0.00496 0.16492 0.00109 ( 1)
 231 A   0.83339 0.00019 0.16637 0.00004 ( 1)
 232 T   0.81720 0.01880 0.15986 0.00414 ( 1)
 233 W   0.79043 0.03178 0.17079 0.00700 ( 1)


lnL = -4185.774310

