Supplemental results for CODEML (seqf: algn  treef: tree)


dN/dS (w) for site classes (K=4)

site class             0        1       2a       2b
proportion       0.00000  0.00000  0.56065  0.43935
background w     0.07343  1.00000  0.07343  1.00000
foreground w     0.07343  1.00000  1.00000  1.00000

Naive Empirical Bayes (NEB) probabilities for 4 classes
(amino acids refer to 1st sequence: BT_Cry14Aa1)

   1 -   0.00000 0.00000 0.49009 0.50991 ( 4)
   2 L   0.00000 0.00000 0.93715 0.06285 ( 3)
   3 K   0.00000 0.00000 0.91356 0.08644 ( 3)
   4 G   0.00000 0.00000 0.98094 0.01906 ( 3)
   5 I   0.00000 0.00000 0.94219 0.05781 ( 3)
   6 P   0.00000 0.00000 0.99209 0.00791 ( 3)
   7 A   0.00000 0.00000 0.99946 0.00054 ( 3)
   8 E   0.00000 0.00000 0.99865 0.00135 ( 3)
   9 K   0.00000 0.00000 0.99932 0.00068 ( 3)
  10 G   0.00000 0.00000 0.59195 0.40805 ( 3)
  11 Y   0.00000 0.00000 0.98495 0.01505 ( 3)
  12 F   0.00000 0.00000 0.00247 0.99753 ( 4)
  13 P   0.00000 0.00000 0.40597 0.59403 ( 4)
  14 N   0.00000 0.00000 0.94959 0.05041 ( 3)
  15 N   0.00000 0.00000 0.63208 0.36791 ( 3)
  16 A   0.00000 0.00000 0.00619 0.99381 ( 4)
  17 R   0.00000 0.00000 0.01004 0.98996 ( 4)
  18 P   0.00000 0.00000 0.09886 0.90114 ( 4)
  19 T   0.00000 0.00000 0.02401 0.97599 ( 4)
  20 V   0.00000 0.00000 0.90855 0.09145 ( 3)
  21 V   0.00000 0.00000 0.99713 0.00287 ( 3)
  22 K   0.00000 0.00000 0.03316 0.96684 ( 4)
  23 -   0.00000 0.00000 0.56065 0.43935 ( 3)
  24 E   0.00000 0.00000 0.99441 0.00559 ( 3)
  25 W   0.00000 0.00000 0.02243 0.97757 ( 4)
  26 I   0.00000 0.00000 0.55438 0.44562 ( 3)
  27 N   0.00000 0.00000 0.99700 0.00300 ( 3)
  28 G   0.00000 0.00000 0.99985 0.00014 ( 3)
  29 A   0.00000 0.00000 0.84858 0.15142 ( 3)
  30 S   0.00000 0.00000 0.96966 0.03034 ( 3)
  31 A   0.00000 0.00000 0.89598 0.10402 ( 3)
  32 V   0.00000 0.00000 0.46171 0.53829 ( 4)
  33 P   0.00000 0.00000 0.51434 0.48566 ( 3)
  34 F   0.00000 0.00000 0.89089 0.10911 ( 3)
  35 Y   0.00000 0.00000 0.00616 0.99384 ( 4)
  36 S   0.00000 0.00000 0.28481 0.71519 ( 4)
  37 G   0.00000 0.00000 0.01106 0.98894 ( 4)
  38 N   0.00000 0.00000 0.00706 0.99294 ( 4)
  39 T   0.00000 0.00000 0.03426 0.96574 ( 4)
  40 L   0.00000 0.00000 0.71862 0.28138 ( 3)
  41 F   0.00000 0.00000 0.00002 0.99998 ( 4)
  42 M   0.00000 0.00000 0.19292 0.80708 ( 4)
  43 T   0.00000 0.00000 0.00199 0.99801 ( 4)
  44 A   0.00000 0.00000 0.98846 0.01154 ( 3)
  45 T   0.00000 0.00000 0.91728 0.08272 ( 3)
  46 -   0.00000 0.00000 0.57414 0.42586 ( 3)
  47 -   0.00000 0.00000 0.64010 0.35990 ( 3)
  48 -   0.00000 0.00000 0.61815 0.38185 ( 3)
  49 -   0.00000 0.00000 0.64477 0.35522 ( 3)
  50 -   0.00000 0.00000 0.63728 0.36272 ( 3)
  51 -   0.00000 0.00000 0.63385 0.36615 ( 3)
  52 -   0.00000 0.00000 0.57912 0.42088 ( 3)
  53 -   0.00000 0.00000 0.63530 0.36470 ( 3)
  54 N   0.00000 0.00000 0.99742 0.00258 ( 3)
  55 L   0.00000 0.00000 0.18077 0.81923 ( 4)
  56 T   0.00000 0.00000 0.99499 0.00501 ( 3)
  57 A   0.00000 0.00000 0.72424 0.27576 ( 3)
  58 T   0.00000 0.00000 0.83570 0.16430 ( 3)
  59 Q   0.00000 0.00000 0.98593 0.01407 ( 3)
  60 Y   0.00000 0.00000 0.99800 0.00200 ( 3)
  61 K   0.00000 0.00000 0.03006 0.96994 ( 4)
  62 I   0.00000 0.00000 0.96457 0.03543 ( 3)
  63 R   0.00000 0.00000 0.99782 0.00218 ( 3)
  64 I   0.00000 0.00000 0.93483 0.06517 ( 3)
  65 R   0.00000 0.00000 0.99995 0.00005 ( 3)
  66 Y   0.00000 0.00000 0.99972 0.00028 ( 3)
  67 A   0.00000 0.00000 0.99957 0.00043 ( 3)
  68 -   0.00000 0.00000 0.71211 0.28789 ( 3)
  69 N   0.00000 0.00000 0.07960 0.92040 ( 4)
  70 P   0.00000 0.00000 0.00083 0.99917 ( 4)
  71 N   0.00000 0.00000 0.96483 0.03517 ( 3)
  72 S   0.00000 0.00000 0.86818 0.13182 ( 3)
  73 D   0.00000 0.00000 0.02315 0.97685 ( 4)
  74 T   0.00000 0.00000 0.96225 0.03775 ( 3)
  75 Q   0.00000 0.00000 0.90106 0.09894 ( 3)
  76 I   0.00000 0.00000 0.58913 0.41087 ( 3)
  77 G   0.00000 0.00000 0.01794 0.98206 ( 4)
  78 V   0.00000 0.00000 0.53608 0.46391 ( 3)
  79 L   0.00000 0.00000 0.01972 0.98028 ( 4)
  80 I   0.00000 0.00000 0.90133 0.09867 ( 3)
  81 T   0.00000 0.00000 0.14005 0.85995 ( 4)
  82 Q   0.00000 0.00000 0.19955 0.80045 ( 4)
  83 N   0.00000 0.00000 0.81453 0.18547 ( 3)
  84 G   0.00000 0.00000 0.04473 0.95527 ( 4)
  85 S   0.00000 0.00000 0.63518 0.36482 ( 3)
  86 Q   0.00000 0.00000 0.03498 0.96502 ( 4)
  87 I   0.00000 0.00000 0.04242 0.95758 ( 4)
  88 S   0.00000 0.00000 0.00668 0.99332 ( 4)
  89 N   0.00000 0.00000 0.03935 0.96065 ( 4)
  90 S   0.00000 0.00000 0.00784 0.99216 ( 4)
  91 N   0.00000 0.00000 0.03012 0.96988 ( 4)
  92 L   0.00000 0.00000 0.00784 0.99216 ( 4)
  93 T   0.00000 0.00000 0.91588 0.08412 ( 3)
  94 L   0.00000 0.00000 0.78920 0.21080 ( 3)
  95 Y   0.00000 0.00000 0.10992 0.89008 ( 4)
  96 S   0.00000 0.00000 0.99656 0.00344 ( 3)
  97 T   0.00000 0.00000 0.01294 0.98706 ( 4)
  98 T   0.00000 0.00000 0.10916 0.89084 ( 4)
  99 D   0.00000 0.00000 0.02517 0.97483 ( 4)
 100 S   0.00000 0.00000 0.02180 0.97820 ( 4)
 101 S   0.00000 0.00000 0.08702 0.91298 ( 4)
 102 M   0.00000 0.00000 0.07262 0.92738 ( 4)
 103 S   0.00000 0.00000 0.00083 0.99917 ( 4)
 104 S   0.00000 0.00000 0.05002 0.94998 ( 4)
 105 N   0.00000 0.00000 0.00488 0.99512 ( 4)
 106 L   0.00000 0.00000 0.71387 0.28613 ( 3)
 107 P   0.00000 0.00000 0.00215 0.99785 ( 4)
 108 Q   0.00000 0.00000 0.21897 0.78103 ( 4)
 109 N   0.00000 0.00000 0.57990 0.42010 ( 3)
 110 V   0.00000 0.00000 0.99198 0.00802 ( 3)
 111 Y   0.00000 0.00000 0.97812 0.02188 ( 3)
 112 V   0.00000 0.00000 0.43204 0.56796 ( 4)
 113 T   0.00000 0.00000 0.33285 0.66715 ( 4)
 114 G   0.00000 0.00000 0.99681 0.00319 ( 3)
 115 E   0.00000 0.00000 0.16472 0.83528 ( 4)
 116 N   0.00000 0.00000 0.99753 0.00247 ( 3)
 117 G   0.00000 0.00000 0.99774 0.00226 ( 3)
 118 N   0.00000 0.00000 0.99445 0.00555 ( 3)
 119 Y   0.00000 0.00000 0.99986 0.00014 ( 3)
 120 T   0.00000 0.00000 0.94378 0.05622 ( 3)
 121 L   0.00000 0.00000 0.79695 0.20305 ( 3)
 122 L   0.00000 0.00000 0.00161 0.99839 ( 4)
 123 D   0.00000 0.00000 0.01370 0.98630 ( 4)
 124 L   0.00000 0.00000 0.98364 0.01636 ( 3)
 125 Y   0.00000 0.00000 0.00110 0.99889 ( 4)
 126 S   0.00000 0.00000 0.80042 0.19958 ( 3)
 127 T   0.00000 0.00000 0.85772 0.14228 ( 3)
 128 T   0.00000 0.00000 0.97655 0.02345 ( 3)
 129 N   0.00000 0.00000 0.98749 0.01251 ( 3)
 130 V   0.00000 0.00000 0.49826 0.50174 ( 4)
 131 L   0.00000 0.00000 0.97700 0.02300 ( 3)
 132 S   0.00000 0.00000 0.99508 0.00492 ( 3)
 133 T   0.00000 0.00000 0.07715 0.92285 ( 4)
 134 G   0.00000 0.00000 0.42687 0.57313 ( 4)
 135 D   0.00000 0.00000 0.00693 0.99307 ( 4)
 136 I   0.00000 0.00000 0.79621 0.20379 ( 3)
 137 T   0.00000 0.00000 0.68041 0.31959 ( 3)
 138 L   0.00000 0.00000 0.11775 0.88225 ( 4)
 139 K   0.00000 0.00000 0.68701 0.31299 ( 3)
 140 L   0.00000 0.00000 0.01301 0.98699 ( 4)
 141 T   0.00000 0.00000 0.71207 0.28793 ( 3)
 142 G   0.00000 0.00000 0.02810 0.97190 ( 4)
 143 G   0.00000 0.00000 0.26810 0.73190 ( 4)
 144 -   0.00000 0.00000 0.56065 0.43935 ( 3)
 145 N   0.00000 0.00000 0.00115 0.99885 ( 4)
 146 Q   0.00000 0.00000 0.99665 0.00335 ( 3)
 147 K   0.00000 0.00000 0.97643 0.02357 ( 3)
 148 I   0.00000 0.00000 0.97803 0.02197 ( 3)
 149 F   0.00000 0.00000 0.98534 0.01466 ( 3)
 150 I   0.00000 0.00000 0.97147 0.02853 ( 3)
 151 D   0.00000 0.00000 0.99963 0.00037 ( 3)
 152 R   0.00000 0.00000 0.99675 0.00325 ( 3)
 153 I   0.00000 0.00000 0.99763 0.00237 ( 3)
 154 E   0.00000 0.00000 0.99979 0.00021 ( 3)
 155 F   0.00000 0.00000 0.99970 0.00030 ( 3)
 156 I   0.00000 0.00000 0.74371 0.25629 ( 3)
 157 -   0.00000 0.00000 0.61462 0.38538 ( 3)


lnL = -2451.370410

