Supplemental results for CODEML (seqf: algn  treef: tree)


dN/dS (w) for site classes (K=4)

site class             0        1       2a       2b
proportion       0.51117  0.48883  0.00000  0.00000
background w     0.14862  1.00000  0.14862  1.00000
foreground w     0.14862  1.00000  1.00000  1.00000

Naive Empirical Bayes (NEB) probabilities for 4 classes
(amino acids refer to 1st sequence: BT_Cry40Aa1)

   1 S   0.33929 0.66071 0.00000 0.00000 ( 2)
   2 -   0.21159 0.78841 0.00000 0.00000 ( 2)
   3 L   0.03234 0.96766 0.00000 0.00000 ( 2)
   4 G   0.01227 0.98773 0.00000 0.00000 ( 2)
   5 G   0.00231 0.99769 0.00000 0.00000 ( 2)
   6 I   0.96055 0.03945 0.00000 0.00000 ( 1)
   7 N   0.01390 0.98610 0.00000 0.00000 ( 2)
   8 T   0.00102 0.99898 0.00000 0.00000 ( 2)
   9 L   0.08806 0.91194 0.00000 0.00000 ( 2)
  10 F   0.01796 0.98204 0.00000 0.00000 ( 2)
  11 S   0.00057 0.99943 0.00000 0.00000 ( 2)
  12 I   0.67931 0.32069 0.00000 0.00000 ( 1)
  13 I   0.95862 0.04138 0.00000 0.00000 ( 1)
  14 G   0.00000 1.00000 0.00000 0.00000 ( 2)
  15 K   0.22590 0.77410 0.00000 0.00000 ( 2)
  16 L   0.26753 0.73247 0.00000 0.00000 ( 2)
  17 I   0.10905 0.89095 0.00000 0.00000 ( 2)
  18 -   0.03417 0.96583 0.00000 0.00000 ( 2)
  19 P   0.65924 0.34076 0.00000 0.00000 ( 1)
  20 T   0.53946 0.46054 0.00000 0.00000 ( 1)
  21 N   0.03966 0.96034 0.00000 0.00000 ( 2)
  22 H   0.89889 0.10111 0.00000 0.00000 ( 1)
  23 Q   0.00061 0.99939 0.00000 0.00000 ( 2)
  24 S   0.46451 0.53549 0.00000 0.00000 ( 2)
  25 V   0.64077 0.35923 0.00000 0.00000 ( 1)
  26 S   0.28958 0.71042 0.00000 0.00000 ( 2)
  27 A   0.01157 0.98843 0.00000 0.00000 ( 2)
  28 L   0.98427 0.01573 0.00000 0.00000 ( 1)
  29 S   0.99835 0.00165 0.00000 0.00000 ( 1)
  30 I   0.99461 0.00539 0.00000 0.00000 ( 1)
  31 C   0.99840 0.00160 0.00000 0.00000 ( 1)
  32 D   0.99887 0.00112 0.00000 0.00000 ( 1)
  33 L   0.99271 0.00729 0.00000 0.00000 ( 1)
  34 L   0.93049 0.06951 0.00000 0.00000 ( 1)
  35 S   0.98652 0.01348 0.00000 0.00000 ( 1)
  36 I   0.99933 0.00067 0.00000 0.00000 ( 1)
  37 I   0.99941 0.00059 0.00000 0.00000 ( 1)
  38 R   0.89093 0.10907 0.00000 0.00000 ( 1)
  39 K   0.42790 0.57210 0.00000 0.00000 ( 2)
  40 E   0.42978 0.57022 0.00000 0.00000 ( 2)
  41 V   0.98962 0.01038 0.00000 0.00000 ( 1)
  42 A   0.06397 0.93603 0.00000 0.00000 ( 2)
  43 D   0.16850 0.83150 0.00000 0.00000 ( 2)
  44 S   0.99432 0.00568 0.00000 0.00000 ( 1)
  45 V   0.94077 0.05923 0.00000 0.00000 ( 1)
  46 L   0.99178 0.00822 0.00000 0.00000 ( 1)
  47 S   0.10015 0.89985 0.00000 0.00000 ( 2)
  48 D   0.12675 0.87325 0.00000 0.00000 ( 2)
  49 A   0.07129 0.92871 0.00000 0.00000 ( 2)
  50 I   0.00864 0.99136 0.00000 0.00000 ( 2)
  51 C   0.09930 0.90070 0.00000 0.00000 ( 2)
  52 R   0.94991 0.05009 0.00000 0.00000 ( 1)
  53 F   0.99967 0.00033 0.00000 0.00000 ( 1)
  54 L   0.51117 0.48883 0.00000 0.00000 ( 1)
  55 D   0.15787 0.84213 0.00000 0.00000 ( 2)
  56 G   0.99835 0.00165 0.00000 0.00000 ( 1)
  57 K   0.00484 0.99516 0.00000 0.00000 ( 2)
  58 L   0.03001 0.96999 0.00000 0.00000 ( 2)
  59 K   0.00014 0.99986 0.00000 0.00000 ( 2)
  60 N   0.01164 0.98836 0.00000 0.00000 ( 2)
  61 Y   0.96466 0.03534 0.00000 0.00000 ( 1)
  62 R   0.00006 0.99994 0.00000 0.00000 ( 2)
  63 E   0.00001 0.99999 0.00000 0.00000 ( 2)
  64 Y   0.97309 0.02691 0.00000 0.00000 ( 1)
  65 Y   0.99860 0.00140 0.00000 0.00000 ( 1)
  66 L   0.98898 0.01102 0.00000 0.00000 ( 1)
  67 P   0.00000 1.00000 0.00000 0.00000 ( 2)
  68 Y   0.56752 0.43247 0.00000 0.00000 ( 1)
  69 L   0.99095 0.00905 0.00000 0.00000 ( 1)
  70 E   0.00001 0.99999 0.00000 0.00000 ( 2)
  71 A   0.00000 1.00000 0.00000 0.00000 ( 2)
  72 W   0.93708 0.06292 0.00000 0.00000 ( 1)
  73 L   0.82712 0.17288 0.00000 0.00000 ( 1)
  74 K   0.00078 0.99922 0.00000 0.00000 ( 2)
  75 D   0.00747 0.99253 0.00000 0.00000 ( 2)
  76 G   0.00478 0.99522 0.00000 0.00000 ( 2)
  77 K   0.00801 0.99199 0.00000 0.00000 ( 2)
  78 P   0.90238 0.09762 0.00000 0.00000 ( 1)
  79 L   0.14740 0.85260 0.00000 0.00000 ( 2)
  80 Q   0.06647 0.93353 0.00000 0.00000 ( 2)
  81 K   0.03853 0.96147 0.00000 0.00000 ( 2)
  82 T   0.59380 0.40620 0.00000 0.00000 ( 1)
  83 N   0.90744 0.09256 0.00000 0.00000 ( 1)
  84 N   0.00149 0.99851 0.00000 0.00000 ( 2)
  85 S   0.00000 1.00000 0.00000 0.00000 ( 2)
  86 D   0.00000 1.00000 0.00000 0.00000 ( 2)
  87 I   0.42175 0.57825 0.00000 0.00000 ( 2)
  88 G   0.00000 1.00000 0.00000 0.00000 ( 2)
  89 Q   0.05445 0.94555 0.00000 0.00000 ( 2)
  90 L   0.21410 0.78590 0.00000 0.00000 ( 2)
  91 V   0.13325 0.86675 0.00000 0.00000 ( 2)
  92 K   0.00004 0.99996 0.00000 0.00000 ( 2)
  93 Y   0.07668 0.92332 0.00000 0.00000 ( 2)
  94 F   0.99089 0.00911 0.00000 0.00000 ( 1)
  95 E   0.03293 0.96706 0.00000 0.00000 ( 2)
  96 L   0.00000 1.00000 0.00000 0.00000 ( 2)
  97 S   0.01637 0.98363 0.00000 0.00000 ( 2)
  98 E   0.95371 0.04629 0.00000 0.00000 ( 1)
  99 R   0.00016 0.99984 0.00000 0.00000 ( 2)
 100 D   0.00149 0.99851 0.00000 0.00000 ( 2)
 101 F   0.97999 0.02001 0.00000 0.00000 ( 1)
 102 N   0.48896 0.51104 0.00000 0.00000 ( 2)
 103 E   0.00136 0.99864 0.00000 0.00000 ( 2)
 104 I   0.92298 0.07702 0.00000 0.00000 ( 1)
 105 L   0.92161 0.07839 0.00000 0.00000 ( 1)
 106 -   0.78005 0.21995 0.00000 0.00000 ( 1)
 107 -   0.22150 0.77850 0.00000 0.00000 ( 2)
 108 -   0.70105 0.29895 0.00000 0.00000 ( 1)
 109 -   0.81522 0.18478 0.00000 0.00000 ( 1)
 110 -   0.73703 0.26297 0.00000 0.00000 ( 1)
 111 -   0.70724 0.29276 0.00000 0.00000 ( 1)
 112 -   0.43019 0.56981 0.00000 0.00000 ( 2)
 113 G   0.01126 0.98874 0.00000 0.00000 ( 2)
 114 G   0.98148 0.01852 0.00000 0.00000 ( 1)
 115 S   0.57298 0.42702 0.00000 0.00000 ( 1)
 116 L   0.99211 0.00789 0.00000 0.00000 ( 1)
 117 A   0.38893 0.61107 0.00000 0.00000 ( 2)
 118 R   0.89777 0.10223 0.00000 0.00000 ( 1)
 119 N   0.00006 0.99994 0.00000 0.00000 ( 2)
 120 N   0.66878 0.33122 0.00000 0.00000 ( 1)
 121 A   0.98764 0.01236 0.00000 0.00000 ( 1)
 122 Q   0.79306 0.20694 0.00000 0.00000 ( 1)
 123 I   0.99261 0.00739 0.00000 0.00000 ( 1)
 124 L   0.98888 0.01112 0.00000 0.00000 ( 1)
 125 L   0.99165 0.00835 0.00000 0.00000 ( 1)
 126 L   0.98241 0.01759 0.00000 0.00000 ( 1)
 127 P   0.99660 0.00340 0.00000 0.00000 ( 1)
 128 Y   0.48375 0.51625 0.00000 0.00000 ( 2)
 129 F   0.77161 0.22839 0.00000 0.00000 ( 1)
 130 C   0.00048 0.99952 0.00000 0.00000 ( 2)
 131 A   0.02187 0.97813 0.00000 0.00000 ( 2)
 132 S   0.66718 0.33282 0.00000 0.00000 ( 1)
 133 C   0.91037 0.08963 0.00000 0.00000 ( 1)
 134 K   0.84400 0.15600 0.00000 0.00000 ( 1)
 135 C   0.00063 0.99937 0.00000 0.00000 ( 2)
 136 Q   0.98790 0.01210 0.00000 0.00000 ( 1)
 137 L   0.99271 0.00729 0.00000 0.00000 ( 1)
 138 L   0.98269 0.01731 0.00000 0.00000 ( 1)
 139 L   0.89557 0.10443 0.00000 0.00000 ( 1)
 140 L   0.99184 0.00816 0.00000 0.00000 ( 1)
 141 R   0.97949 0.02051 0.00000 0.00000 ( 1)
 142 D   0.99967 0.00033 0.00000 0.00000 ( 1)
 143 A   0.75252 0.24748 0.00000 0.00000 ( 1)
 144 V   0.35119 0.64881 0.00000 0.00000 ( 2)
 145 Q   0.04138 0.95862 0.00000 0.00000 ( 2)
 146 Y   0.99860 0.00140 0.00000 0.00000 ( 1)
 147 E   0.57779 0.42221 0.00000 0.00000 ( 1)
 148 E   0.00002 0.99998 0.00000 0.00000 ( 2)
 149 Q   0.00037 0.99963 0.00000 0.00000 ( 2)
 150 W   0.93708 0.06292 0.00000 0.00000 ( 1)
 151 F   0.01580 0.98420 0.00000 0.00000 ( 2)
 152 P   0.00028 0.99972 0.00000 0.00000 ( 2)
 153 F   0.00148 0.99852 0.00000 0.00000 ( 2)
 154 L   0.00045 0.99955 0.00000 0.00000 ( 2)
 155 S   0.02226 0.97774 0.00000 0.00000 ( 2)
 156 A   0.01604 0.98396 0.00000 0.00000 ( 2)
 157 E   0.18840 0.81159 0.00000 0.00000 ( 2)
 158 N   0.16347 0.83653 0.00000 0.00000 ( 2)
 159 V   0.30209 0.69791 0.00000 0.00000 ( 2)
 160 R   0.30000 0.70000 0.00000 0.00000 ( 2)
 161 S   0.79832 0.20168 0.00000 0.00000 ( 1)
 162 E   0.82879 0.17121 0.00000 0.00000 ( 1)
 163 L   0.87858 0.12142 0.00000 0.00000 ( 1)
 164 I   0.84267 0.15733 0.00000 0.00000 ( 1)
 165 S   0.92869 0.07131 0.00000 0.00000 ( 1)
 166 P   0.99449 0.00551 0.00000 0.00000 ( 1)
 167 N   0.54993 0.45007 0.00000 0.00000 ( 1)
 168 S   0.60725 0.39275 0.00000 0.00000 ( 1)
 169 G   0.59610 0.40390 0.00000 0.00000 ( 1)
 170 C   0.59333 0.40667 0.00000 0.00000 ( 1)
 171 D   0.62480 0.37520 0.00000 0.00000 ( 1)
 172 F   0.61727 0.38273 0.00000 0.00000 ( 1)
 173 T   0.01009 0.98991 0.00000 0.00000 ( 2)
 174 G   0.05323 0.94677 0.00000 0.00000 ( 2)
 175 D   0.99886 0.00114 0.00000 0.00000 ( 1)
 176 Y   0.98172 0.01828 0.00000 0.00000 ( 1)
 177 Y   0.00002 0.99998 0.00000 0.00000 ( 2)
 178 E   0.01018 0.98982 0.00000 0.00000 ( 2)
 179 R   0.20655 0.79345 0.00000 0.00000 ( 2)
 180 L   0.93575 0.06425 0.00000 0.00000 ( 1)
 181 K   0.43155 0.56845 0.00000 0.00000 ( 2)
 182 C   0.00280 0.99720 0.00000 0.00000 ( 2)
 183 K   0.01296 0.98704 0.00000 0.00000 ( 2)
 184 I   0.23822 0.76178 0.00000 0.00000 ( 2)
 185 A   0.02055 0.97945 0.00000 0.00000 ( 2)
 186 E   0.00007 0.99993 0.00000 0.00000 ( 2)
 187 Y   0.99063 0.00937 0.00000 0.00000 ( 1)
 188 T   0.06957 0.93043 0.00000 0.00000 ( 2)
 189 D   0.57298 0.42702 0.00000 0.00000 ( 1)
 190 Y   0.92522 0.07478 0.00000 0.00000 ( 1)
 191 C   0.99130 0.00870 0.00000 0.00000 ( 1)
 192 E   0.00003 0.99997 0.00000 0.00000 ( 2)
 193 Y   0.00001 0.99999 0.00000 0.00000 ( 2)
 194 W   0.93708 0.06292 0.00000 0.00000 ( 1)
 195 Y   0.99860 0.00140 0.00000 0.00000 ( 1)
 196 Q   0.29812 0.70188 0.00000 0.00000 ( 2)
 197 A   0.00015 0.99985 0.00000 0.00000 ( 2)
 198 G   0.99872 0.00127 0.00000 0.00000 ( 1)
 199 L   0.93211 0.06789 0.00000 0.00000 ( 1)
 200 N   0.97844 0.02156 0.00000 0.00000 ( 1)
 201 Q   0.89862 0.10138 0.00000 0.00000 ( 1)
 202 I   0.98090 0.01910 0.00000 0.00000 ( 1)
 203 K   0.86584 0.13416 0.00000 0.00000 ( 1)
 204 Q   0.00267 0.99733 0.00000 0.00000 ( 2)
 205 A   0.00002 0.99998 0.00000 0.00000 ( 2)
 206 G   0.99379 0.00621 0.00000 0.00000 ( 1)
 207 T   0.12987 0.87013 0.00000 0.00000 ( 2)
 208 G   0.04383 0.95617 0.00000 0.00000 ( 2)
 209 A   0.69089 0.30911 0.00000 0.00000 ( 1)
 210 D   0.00318 0.99682 0.00000 0.00000 ( 2)
 211 T   0.00066 0.99934 0.00000 0.00000 ( 2)
 212 W   0.93708 0.06292 0.00000 0.00000 ( 1)
 213 A   0.00179 0.99821 0.00000 0.00000 ( 2)
 214 K   0.99441 0.00559 0.00000 0.00000 ( 1)
 215 F   0.99967 0.00033 0.00000 0.00000 ( 1)
 216 N   0.99763 0.00236 0.00000 0.00000 ( 1)
 217 K   0.99211 0.00789 0.00000 0.00000 ( 1)
 218 F   0.99654 0.00346 0.00000 0.00000 ( 1)
 219 R   0.99410 0.00590 0.00000 0.00000 ( 1)
 220 R   0.99771 0.00229 0.00000 0.00000 ( 1)
 221 E   0.96779 0.03221 0.00000 0.00000 ( 1)
 222 M   0.99916 0.00084 0.00000 0.00000 ( 1)
 223 T   0.98739 0.01261 0.00000 0.00000 ( 1)
 224 L   0.97269 0.02731 0.00000 0.00000 ( 1)
 225 T   0.03088 0.96912 0.00000 0.00000 ( 2)
 226 V   0.99849 0.00150 0.00000 0.00000 ( 1)
 227 L   0.97746 0.02254 0.00000 0.00000 ( 1)
 228 D   0.99979 0.00021 0.00000 0.00000 ( 1)
 229 I   0.99443 0.00557 0.00000 0.00000 ( 1)
 230 I   0.94533 0.05467 0.00000 0.00000 ( 1)
 231 A   0.51004 0.48996 0.00000 0.00000 ( 1)
 232 I   0.58662 0.41338 0.00000 0.00000 ( 1)
 233 F   0.96885 0.03115 0.00000 0.00000 ( 1)
 234 Q   0.66252 0.33748 0.00000 0.00000 ( 1)
 235 T   0.22359 0.77641 0.00000 0.00000 ( 2)


lnL = -4723.869714

Bayes Empirical Bayes (BEB) probabilities for 4 classes (class)
(amino acids refer to 1st sequence: BT_Cry40Aa1)

   1 S   0.29561 0.56304 0.04771 0.09364 ( 2)
   2 -   0.18463 0.67384 0.02971 0.11182 ( 2)
   3 L   0.02891 0.82962 0.00461 0.13685 ( 2)
   4 G   0.01111 0.84673 0.00179 0.14037 ( 2)
   5 G   0.00211 0.85541 0.00034 0.14213 ( 2)
   6 I   0.82647 0.03397 0.13390 0.00566 ( 1)
   7 N   0.01258 0.84465 0.00204 0.14074 ( 2)
   8 T   0.00094 0.85800 0.00015 0.14091 ( 2)
   9 L   0.07862 0.77995 0.01257 0.12885 ( 2)
  10 F   0.01626 0.84216 0.00260 0.13899 ( 2)
  11 S   0.00052 0.85603 0.00009 0.14336 ( 2)
  12 I   0.58677 0.27228 0.09543 0.04552 ( 1)
  13 I   0.82474 0.03563 0.13369 0.00594 ( 1)
  14 G   0.00000 0.85830 0.00000 0.14170 ( 2)
  15 K   0.19974 0.65915 0.03201 0.10909 ( 2)
  16 L   0.23441 0.62439 0.03766 0.10354 ( 2)
  17 I   0.09701 0.76013 0.01580 0.12706 ( 2)
  18 -   0.03031 0.82753 0.00488 0.13728 ( 2)
  19 P   0.56880 0.29034 0.09237 0.04849 ( 1)
  20 T   0.46843 0.39107 0.07550 0.06500 ( 1)
  21 N   0.03580 0.82298 0.00570 0.13552 ( 2)
  22 H   0.77070 0.08638 0.12826 0.01466 ( 1)
  23 Q   0.00056 0.85683 0.00009 0.14252 ( 2)
  24 S   0.40258 0.45312 0.06723 0.07707 ( 2)
  25 V   0.55350 0.30639 0.08918 0.05092 ( 1)
  26 S   0.25359 0.60385 0.04139 0.10116 ( 2)
  27 A   0.01051 0.84903 0.00165 0.13881 ( 2)
  28 L   0.84368 0.01367 0.14033 0.00232 ( 1)
  29 S   0.85799 0.00145 0.14032 0.00024 ( 1)
  30 I   0.85573 0.00469 0.13880 0.00078 ( 1)
  31 C   0.85800 0.00140 0.14037 0.00023 ( 1)
  32 D   0.85612 0.00098 0.14273 0.00017 ( 1)
  33 L   0.85212 0.00635 0.14045 0.00107 ( 1)
  34 L   0.79853 0.05989 0.13149 0.01009 ( 1)
  35 S   0.84774 0.01168 0.13862 0.00196 ( 1)
  36 I   0.85990 0.00059 0.13941 0.00010 ( 1)
  37 I   0.85997 0.00052 0.13942 0.00009 ( 1)
  38 R   0.76748 0.09356 0.12344 0.01553 ( 1)
  39 K   0.37198 0.48484 0.06134 0.08184 ( 2)
  40 E   0.37209 0.48403 0.06183 0.08205 ( 2)
  41 V   0.85079 0.00901 0.13870 0.00151 ( 1)
  42 A   0.05575 0.78067 0.01112 0.15246 ( 2)
  43 D   0.14848 0.70799 0.02441 0.11912 ( 2)
  44 S   0.85520 0.00493 0.13905 0.00082 ( 1)
  45 V   0.80916 0.05091 0.13143 0.00850 ( 1)
  46 L   0.85131 0.00716 0.14031 0.00121 ( 1)
  47 S   0.08990 0.76979 0.01419 0.12612 ( 2)
  48 D   0.11243 0.74731 0.01776 0.12249 ( 2)
  49 A   0.06328 0.79327 0.01036 0.13309 ( 2)
  50 I   0.00788 0.85112 0.00125 0.13975 ( 2)
  51 C   0.08856 0.76984 0.01420 0.12741 ( 2)
  52 R   0.81813 0.04301 0.13172 0.00714 ( 1)
  53 F   0.86048 0.00029 0.13918 0.00005 ( 1)
  54 L   0.43822 0.41687 0.07368 0.07122 ( 1)
  55 D   0.13974 0.72004 0.02210 0.11811 ( 2)
  56 G   0.85811 0.00144 0.14020 0.00024 ( 1)
  57 K   0.00439 0.85386 0.00070 0.14105 ( 2)
  58 L   0.02696 0.83157 0.00430 0.13716 ( 2)
  59 K   0.00013 0.85548 0.00002 0.14437 ( 2)
  60 N   0.01054 0.84700 0.00170 0.14076 ( 2)
  61 Y   0.82541 0.03043 0.13896 0.00520 ( 1)
  62 R   0.00005 0.85676 0.00001 0.14318 ( 2)
  63 E   0.00000 0.85654 0.00000 0.14345 ( 2)
  64 Y   0.83181 0.02329 0.14091 0.00399 ( 1)
  65 Y   0.85847 0.00122 0.14010 0.00021 ( 1)
  66 L   0.84888 0.00960 0.13991 0.00162 ( 1)
  67 P   0.00000 0.85716 0.00000 0.14284 ( 2)
  68 Y   0.49203 0.36721 0.07958 0.06117 ( 1)
  69 L   0.84849 0.00787 0.14229 0.00134 ( 1)
  70 E   0.00001 0.85948 0.00000 0.14051 ( 2)
  71 A   0.00000 0.85607 0.00000 0.14392 ( 2)
  72 W   0.80234 0.05439 0.13402 0.00925 ( 1)
  73 L   0.71290 0.14801 0.11453 0.02455 ( 1)
  74 K   0.00072 0.85643 0.00012 0.14274 ( 2)
  75 D   0.00678 0.85274 0.00107 0.13940 ( 2)
  76 G   0.00432 0.85341 0.00070 0.14158 ( 2)
  77 K   0.00720 0.84790 0.00120 0.14370 ( 2)
  78 P   0.77102 0.08408 0.13048 0.01442 ( 1)
  79 L   0.12919 0.72591 0.02156 0.12335 ( 2)
  80 Q   0.05860 0.79650 0.00976 0.13514 ( 2)
  81 K   0.03406 0.82104 0.00567 0.13923 ( 2)
  82 T   0.50831 0.34679 0.08560 0.05930 ( 1)
  83 N   0.78192 0.07912 0.12581 0.01314 ( 1)
  84 N   0.00137 0.85684 0.00022 0.14158 ( 2)
  85 S   0.00000 0.85850 0.00000 0.14150 ( 2)
  86 D   0.00000 0.85821 0.00000 0.14178 ( 2)
  87 I   0.36773 0.49132 0.05928 0.08166 ( 2)
  88 G   0.00000 0.85864 0.00000 0.14136 ( 2)
  89 Q   0.04903 0.80969 0.00782 0.13346 ( 2)
  90 L   0.18790 0.66775 0.03121 0.11314 ( 2)
  91 V   0.11847 0.73910 0.01921 0.12322 ( 2)
  92 K   0.00004 0.85845 0.00001 0.14150 ( 2)
  93 Y   0.06848 0.78905 0.01109 0.13139 ( 2)
  94 F   0.85279 0.00796 0.13792 0.00133 ( 1)
  95 E   0.02973 0.82835 0.00477 0.13716 ( 2)
  96 L   0.00000 0.85596 0.00000 0.14404 ( 2)
  97 S   0.01473 0.84367 0.00235 0.13924 ( 2)
  98 E   0.81741 0.03967 0.13619 0.00673 ( 1)
  99 R   0.00015 0.85706 0.00002 0.14277 ( 2)
 100 D   0.00137 0.85726 0.00022 0.14115 ( 2)
 101 F   0.84328 0.01746 0.13635 0.00291 ( 1)
 102 N   0.42679 0.43356 0.06807 0.07158 ( 2)
 103 E   0.00124 0.85678 0.00020 0.14179 ( 2)
 104 I   0.79427 0.06611 0.12860 0.01102 ( 1)
 105 L   0.79090 0.06751 0.13021 0.01137 ( 1)
 106 -   0.66960 0.18946 0.10920 0.03174 ( 1)
 107 -   0.19278 0.66381 0.03170 0.11172 ( 2)
 108 -   0.60059 0.25629 0.09970 0.04342 ( 1)
 109 -   0.69985 0.15937 0.11410 0.02669 ( 1)
 110 -   0.63221 0.22602 0.10375 0.03801 ( 1)
 111 -   0.60592 0.25106 0.10051 0.04251 ( 1)
 112 -   0.37291 0.48732 0.05939 0.08037 ( 2)
 113 G   0.01020 0.84814 0.00163 0.14002 ( 2)
 114 G   0.83977 0.01606 0.14143 0.00274 ( 1)
 115 S   0.49387 0.36259 0.08207 0.06147 ( 1)
 116 L   0.85160 0.00688 0.14036 0.00116 ( 1)
 117 A   0.33835 0.52066 0.05450 0.08649 ( 2)
 118 R   0.77151 0.08752 0.12628 0.01469 ( 1)
 119 N   0.00006 0.85737 0.00001 0.14256 ( 2)
 120 N   0.57895 0.28170 0.09272 0.04664 ( 1)
 121 A   0.84520 0.01067 0.14231 0.00182 ( 1)
 122 Q   0.68168 0.17644 0.11216 0.02972 ( 1)
 123 I   0.85400 0.00642 0.13851 0.00107 ( 1)
 124 L   0.84879 0.00969 0.13989 0.00163 ( 1)
 125 L   0.85120 0.00727 0.14030 0.00123 ( 1)
 126 L   0.84317 0.01530 0.13895 0.00258 ( 1)
 127 P   0.85574 0.00297 0.14079 0.00050 ( 1)
 128 Y   0.42048 0.43835 0.06810 0.07308 ( 2)
 129 F   0.66603 0.19439 0.10729 0.03230 ( 1)
 130 C   0.00044 0.85615 0.00007 0.14334 ( 2)
 131 A   0.01979 0.83884 0.00315 0.13822 ( 2)
 132 S   0.57669 0.28269 0.09347 0.04716 ( 1)
 133 C   0.78254 0.07682 0.12776 0.01287 ( 1)
 134 K   0.72755 0.13293 0.11740 0.02212 ( 1)
 135 C   0.00058 0.85586 0.00009 0.14347 ( 2)
 136 Q   0.84951 0.01050 0.13824 0.00176 ( 1)
 137 L   0.85212 0.00635 0.14045 0.00107 ( 1)
 138 L   0.84340 0.01507 0.13899 0.00254 ( 1)
 139 L   0.76801 0.08973 0.12709 0.01517 ( 1)
 140 L   0.85070 0.00711 0.14098 0.00120 ( 1)
 141 R   0.83964 0.01781 0.13954 0.00302 ( 1)
 142 D   0.86093 0.00029 0.13873 0.00005 ( 1)
 143 A   0.64840 0.21108 0.10527 0.03525 ( 1)
 144 V   0.30827 0.55066 0.04963 0.09144 ( 2)
 145 Q   0.03711 0.82097 0.00596 0.13596 ( 2)
 146 Y   0.85847 0.00122 0.14010 0.00021 ( 1)
 147 E   0.49876 0.35699 0.08346 0.06080 ( 1)
 148 E   0.00001 0.85847 0.00000 0.14151 ( 2)
 149 Q   0.00034 0.85916 0.00005 0.14045 ( 2)
 150 W   0.80234 0.05439 0.13402 0.00925 ( 1)
 151 F   0.01421 0.84231 0.00232 0.14116 ( 2)
 152 P   0.00026 0.85681 0.00004 0.14289 ( 2)
 153 F   0.00135 0.85429 0.00022 0.14413 ( 2)
 154 L   0.00041 0.85902 0.00006 0.14050 ( 2)
 155 S   0.01983 0.83526 0.00330 0.14160 ( 2)
 156 A   0.01430 0.84080 0.00238 0.14252 ( 2)
 157 E   0.16475 0.69035 0.02752 0.11739 ( 2)
 158 N   0.14385 0.71125 0.02401 0.12089 ( 2)
 159 V   0.26262 0.59248 0.04397 0.10093 ( 2)
 160 R   0.26084 0.59426 0.04367 0.10123 ( 2)
 161 S   0.68210 0.17300 0.11526 0.02964 ( 1)
 162 E   0.70879 0.14630 0.11983 0.02507 ( 1)
 163 L   0.75063 0.10447 0.12699 0.01791 ( 1)
 164 I   0.72495 0.13459 0.11795 0.02251 ( 1)
 165 S   0.79789 0.06148 0.13032 0.01031 ( 1)
 166 P   0.85391 0.00480 0.14048 0.00081 ( 1)
 167 N   0.47110 0.38400 0.07927 0.06563 ( 1)
 168 S   0.51972 0.33538 0.08754 0.05736 ( 1)
 169 G   0.51026 0.34484 0.08593 0.05897 ( 1)
 170 C   0.50791 0.34719 0.08553 0.05937 ( 1)
 171 D   0.53461 0.32049 0.09008 0.05482 ( 1)
 172 F   0.52822 0.32688 0.08899 0.05591 ( 1)
 173 T   0.00915 0.85000 0.00145 0.13939 ( 2)
 174 G   0.04794 0.81109 0.00761 0.13335 ( 2)
 175 D   0.86020 0.00100 0.13863 0.00017 ( 1)
 176 Y   0.84383 0.01583 0.13768 0.00265 ( 1)
 177 Y   0.00002 0.85741 0.00000 0.14257 ( 2)
 178 E   0.00916 0.84806 0.00148 0.14130 ( 2)
 179 R   0.18126 0.67765 0.02902 0.11208 ( 2)
 180 L   0.80244 0.05533 0.13287 0.00936 ( 1)
 181 K   0.37608 0.48294 0.06066 0.08031 ( 2)
 182 C   0.00256 0.85460 0.00041 0.14243 ( 2)
 183 K   0.01175 0.84650 0.00188 0.13987 ( 2)
 184 I   0.20960 0.64976 0.03343 0.10721 ( 2)
 185 A   0.01860 0.84002 0.00296 0.13842 ( 2)
 186 E   0.00007 0.85700 0.00001 0.14292 ( 2)
 187 Y   0.85155 0.00813 0.13896 0.00136 ( 1)
 188 T   0.06189 0.79669 0.00989 0.13152 ( 2)
 189 D   0.49835 0.36209 0.07969 0.05988 ( 1)
 190 Y   0.79543 0.06416 0.12966 0.01074 ( 1)
 191 C   0.84840 0.00755 0.14276 0.00129 ( 1)
 192 E   0.00003 0.85843 0.00000 0.14154 ( 2)
 193 Y   0.00001 0.85866 0.00000 0.14133 ( 2)
 194 W   0.80234 0.05439 0.13402 0.00925 ( 1)
 195 Y   0.85847 0.00122 0.14010 0.00021 ( 1)
 196 Q   0.26099 0.59903 0.04143 0.09855 ( 2)
 197 A   0.00014 0.85632 0.00002 0.14352 ( 2)
 198 G   0.85844 0.00112 0.14026 0.00019 ( 1)
 199 L   0.79850 0.05839 0.13319 0.00992 ( 1)
 200 N   0.83856 0.01852 0.13977 0.00315 ( 1)
 201 Q   0.77252 0.08734 0.12554 0.01459 ( 1)
 202 I   0.84129 0.01651 0.13940 0.00279 ( 1)
 203 K   0.74297 0.11449 0.12314 0.01940 ( 1)
 204 Q   0.00243 0.85500 0.00039 0.14218 ( 2)
 205 A   0.00002 0.85645 0.00000 0.14353 ( 2)
 206 G   0.85043 0.00539 0.14325 0.00092 ( 1)
 207 T   0.11552 0.74314 0.01849 0.12285 ( 2)
 208 G   0.03954 0.81926 0.00629 0.13490 ( 2)
 209 A   0.59681 0.26259 0.09678 0.04382 ( 1)
 210 D   0.00291 0.85536 0.00047 0.14127 ( 2)
 211 T   0.00061 0.85789 0.00010 0.14140 ( 2)
 212 W   0.80234 0.05439 0.13402 0.00925 ( 1)
 213 A   0.00163 0.85592 0.00026 0.14219 ( 2)
 214 K   0.85514 0.00486 0.13919 0.00081 ( 1)
 215 F   0.86048 0.00029 0.13918 0.00005 ( 1)
 216 N   0.85796 0.00206 0.13964 0.00034 ( 1)
 217 K   0.85230 0.00684 0.13971 0.00115 ( 1)
 218 F   0.85664 0.00301 0.13985 0.00050 ( 1)
 219 R   0.85319 0.00514 0.14079 0.00087 ( 1)
 220 R   0.85714 0.00200 0.14052 0.00034 ( 1)
 221 E   0.83025 0.02765 0.13742 0.00467 ( 1)
 222 M   0.85892 0.00074 0.14022 0.00012 ( 1)
 223 T   0.84846 0.01099 0.13871 0.00184 ( 1)
 224 L   0.83365 0.02369 0.13864 0.00402 ( 1)
 225 T   0.02775 0.83070 0.00443 0.13712 ( 2)
 226 V   0.85849 0.00132 0.13997 0.00022 ( 1)
 227 L   0.83887 0.01960 0.13823 0.00330 ( 1)
 228 D   0.86104 0.00018 0.13875 0.00003 ( 1)
 229 I   0.85558 0.00484 0.13877 0.00081 ( 1)
 230 I   0.81250 0.04724 0.13236 0.00790 ( 1)
 231 A   0.44293 0.41594 0.07177 0.06937 ( 1)
 232 I   0.50739 0.35030 0.08336 0.05895 ( 1)
 233 F   0.83387 0.02685 0.13481 0.00447 ( 1)
 234 Q   0.57067 0.28707 0.09390 0.04836 ( 1)
 235 T   0.19778 0.66128 0.03164 0.10930 ( 2)

