Supplemental results for CODEML (seqf: algn  treef: tree)


dN/dS (w) for site classes (K=4)

site class             0        1       2a       2b
proportion       0.48569  0.51349  0.00040  0.00042
background w     0.02775  0.34110  0.02775  0.34110
foreground w     0.02775  0.34110  0.00000  0.00000

Naive Empirical Bayes (NEB) probabilities for 4 classes
(amino acids refer to 1st sequence: BT_Cry1Ca11)

   1 -   0.00307 0.99610 0.00000 0.00082 ( 2)
   2 -   0.89932 0.09986 0.00074 0.00008 ( 1)
   3 -   0.34019 0.65898 0.00028 0.00055 ( 2)
   4 G   0.02148 0.97769 0.00002 0.00081 ( 2)
   5 Q   0.93010 0.06908 0.00076 0.00006 ( 1)
   6 L   0.87659 0.12259 0.00072 0.00010 ( 1)
   7 T   0.95910 0.04008 0.00079 0.00003 ( 1)
   8 R   0.87583 0.12335 0.00072 0.00010 ( 1)
   9 E   0.96853 0.03065 0.00079 0.00003 ( 1)
  10 V   0.08483 0.91435 0.00007 0.00075 ( 2)
  11 Y   0.97384 0.02534 0.00080 0.00002 ( 1)
  12 T   0.03077 0.96841 0.00003 0.00080 ( 2)
  13 D   0.95555 0.04363 0.00078 0.00004 ( 1)
  14 P   0.76155 0.23763 0.00062 0.00019 ( 1)
  15 L   0.89982 0.09936 0.00074 0.00008 ( 1)
  16 I   0.01813 0.98104 0.00001 0.00081 ( 2)
  17 N   0.01878 0.98040 0.00002 0.00081 ( 2)
  18 F   0.17779 0.82138 0.00015 0.00068 ( 2)
  19 N   0.98816 0.01102 0.00081 0.00001 ( 1)
  20 P   0.07351 0.92567 0.00006 0.00077 ( 2)
  21 Q   0.00036 0.99881 0.00000 0.00083 ( 2)
  22 L   0.91532 0.08386 0.00075 0.00007 ( 1)
  23 Q   0.00065 0.99852 0.00000 0.00083 ( 2)
  24 S   0.76728 0.23190 0.00063 0.00019 ( 1)
  25 V   0.00811 0.99106 0.00001 0.00082 ( 2)
  26 A   0.64897 0.35021 0.00053 0.00029 ( 1)
  27 Q   0.03274 0.96644 0.00003 0.00080 ( 2)
  28 L   0.10013 0.89904 0.00008 0.00074 ( 2)
  29 P   0.96831 0.03087 0.00079 0.00003 ( 1)
  30 T   0.61903 0.38015 0.00051 0.00031 ( 1)
  31 F   0.97952 0.01966 0.00080 0.00002 ( 1)
  32 N   0.00702 0.99216 0.00001 0.00082 ( 2)
  33 V   0.20090 0.79827 0.00016 0.00066 ( 2)
  34 M   0.08195 0.91722 0.00007 0.00076 ( 2)
  35 E   0.96433 0.03485 0.00079 0.00003 ( 1)
  36 S   0.76349 0.23569 0.00063 0.00020 ( 1)
  37 S   0.00475 0.99443 0.00000 0.00082 ( 2)
  38 A   0.12245 0.87672 0.00010 0.00073 ( 2)
  39 I   0.98318 0.01600 0.00081 0.00001 ( 1)
  40 R   0.96229 0.03689 0.00079 0.00003 ( 1)
  41 N   0.12998 0.86920 0.00011 0.00072 ( 2)
  42 P   0.97008 0.02910 0.00080 0.00002 ( 1)
  43 H   0.98208 0.01710 0.00081 0.00001 ( 1)
  44 L   0.88087 0.11831 0.00072 0.00010 ( 1)
  45 F   0.01591 0.98326 0.00001 0.00081 ( 2)
  46 D   0.48141 0.51776 0.00039 0.00043 ( 2)
  47 I   0.14417 0.85500 0.00012 0.00071 ( 2)
  48 L   0.89009 0.10909 0.00073 0.00009 ( 1)
  49 N   0.17028 0.82889 0.00014 0.00069 ( 2)
  50 N   0.00235 0.99683 0.00000 0.00082 ( 2)
  51 L   0.51139 0.48779 0.00042 0.00040 ( 1)
  52 T   0.95118 0.04800 0.00078 0.00004 ( 1)
  53 I   0.96358 0.03560 0.00079 0.00003 ( 1)
  54 F   0.70207 0.29711 0.00058 0.00025 ( 1)
  55 T   0.95841 0.04077 0.00079 0.00003 ( 1)
  56 D   0.98069 0.01849 0.00080 0.00002 ( 1)
  57 W   0.59425 0.40494 0.00049 0.00033 ( 1)
  58 F   0.20795 0.79123 0.00017 0.00065 ( 2)
  59 S   0.23810 0.76107 0.00020 0.00063 ( 2)
  60 V   0.41981 0.57937 0.00034 0.00048 ( 2)
  61 G   0.57310 0.42608 0.00047 0.00035 ( 1)
  62 R   0.47518 0.52400 0.00039 0.00043 ( 2)
  63 N   0.56941 0.42976 0.00047 0.00036 ( 1)
  64 F   0.00036 0.99882 0.00000 0.00083 ( 2)
  65 Y   0.72226 0.27692 0.00059 0.00023 ( 1)
  66 W   0.79074 0.20844 0.00065 0.00017 ( 1)
  67 G   0.94177 0.05741 0.00077 0.00005 ( 1)
  68 G   0.89531 0.10387 0.00073 0.00009 ( 1)
  69 H   0.94944 0.04974 0.00078 0.00004 ( 1)
  70 R   0.10870 0.89048 0.00009 0.00073 ( 2)
  71 V   0.53004 0.46914 0.00043 0.00039 ( 1)
  72 I   0.00086 0.99831 0.00000 0.00083 ( 2)
  73 S   0.68921 0.30997 0.00057 0.00026 ( 1)
  74 S   0.00197 0.99721 0.00000 0.00082 ( 2)
  75 L   0.08375 0.91543 0.00007 0.00075 ( 2)
  76 I   0.12402 0.87515 0.00010 0.00072 ( 2)
  77 G   0.94177 0.05741 0.00077 0.00005 ( 1)
  78 G   0.05737 0.94181 0.00005 0.00077 ( 2)
  79 G   0.00095 0.99822 0.00000 0.00083 ( 2)
  80 N   0.70489 0.29428 0.00058 0.00024 ( 1)
  81 -   0.55741 0.44177 0.00046 0.00037 ( 1)
  82 -   0.53152 0.46766 0.00044 0.00038 ( 1)
  83 I   0.97467 0.02451 0.00080 0.00002 ( 1)
  84 T   0.00358 0.99560 0.00000 0.00082 ( 2)
  85 S   0.48328 0.51590 0.00040 0.00042 ( 2)
  86 P   0.97576 0.02342 0.00080 0.00002 ( 1)
  87 I   0.06527 0.93391 0.00005 0.00077 ( 2)
  88 Y   0.96257 0.03661 0.00079 0.00003 ( 1)
  89 G   0.94438 0.05480 0.00077 0.00005 ( 1)
  90 R   0.57119 0.42799 0.00047 0.00035 ( 1)
  91 E   0.92420 0.07498 0.00076 0.00006 ( 1)
  92 A   0.05067 0.94850 0.00004 0.00078 ( 2)
  93 N   0.73008 0.26909 0.00060 0.00022 ( 1)
  94 Q   0.00551 0.99367 0.00000 0.00082 ( 2)
  95 E   0.85114 0.14804 0.00070 0.00012 ( 1)
  96 P   0.00006 0.99912 0.00000 0.00082 ( 2)
  97 P   0.94479 0.05439 0.00077 0.00004 ( 1)
  98 R   0.04818 0.95099 0.00004 0.00079 ( 2)
  99 S   0.00001 0.99917 0.00000 0.00083 ( 2)
 100 F   0.15134 0.84783 0.00012 0.00070 ( 2)
 101 T   0.00037 0.99881 0.00000 0.00082 ( 2)
 102 F   0.01542 0.98376 0.00001 0.00081 ( 2)
 103 N   0.00723 0.99277 0.00000 0.00000 ( 2)
 104 G   0.03983 0.95934 0.00003 0.00079 ( 2)
 105 -   0.10358 0.89559 0.00008 0.00074 ( 2)
 106 -   0.12820 0.87097 0.00011 0.00072 ( 2)
 107 P   0.91069 0.08849 0.00075 0.00007 ( 1)
 108 V   0.78106 0.21812 0.00064 0.00018 ( 1)
 109 F   0.82907 0.17011 0.00068 0.00014 ( 1)
 110 R   0.47129 0.52788 0.00039 0.00044 ( 2)
 111 T   0.96121 0.03797 0.00079 0.00003 ( 1)
 112 L   0.93364 0.06554 0.00077 0.00005 ( 1)
 113 S   0.92482 0.07436 0.00076 0.00006 ( 1)
 114 N   0.02082 0.97836 0.00002 0.00081 ( 2)
 115 P   0.00890 0.99028 0.00001 0.00082 ( 2)
 116 T   0.97047 0.02871 0.00080 0.00002 ( 1)
 117 L   0.00329 0.99588 0.00000 0.00082 ( 2)
 118 R   0.42341 0.57576 0.00035 0.00048 ( 2)
 119 L   0.00000 0.99918 0.00000 0.00082 ( 2)
 120 L   0.00567 0.99350 0.00000 0.00082 ( 2)
 121 Q   0.00036 0.99882 0.00000 0.00082 ( 2)
 122 Q   0.11150 0.88767 0.00009 0.00074 ( 2)
 123 P   0.96703 0.03215 0.00079 0.00003 ( 1)
 124 W   0.00075 0.99843 0.00000 0.00082 ( 2)
 125 P   0.18263 0.81655 0.00015 0.00067 ( 2)
 126 A   0.01695 0.98223 0.00001 0.00081 ( 2)
 127 P   0.09385 0.90533 0.00008 0.00074 ( 2)
 128 P   0.13663 0.86255 0.00011 0.00071 ( 2)
 129 F   0.81373 0.18545 0.00067 0.00015 ( 1)
 130 N   0.01949 0.97969 0.00002 0.00080 ( 2)
 131 L   0.52177 0.47741 0.00043 0.00039 ( 1)
 132 R   0.11853 0.88064 0.00010 0.00073 ( 2)
 133 G   0.06710 0.93207 0.00006 0.00077 ( 2)
 134 V   0.00780 0.99137 0.00001 0.00082 ( 2)
 135 E   0.92112 0.07806 0.00076 0.00006 ( 1)
 136 G   0.92969 0.06949 0.00076 0.00006 ( 1)
 137 V   0.94202 0.05716 0.00077 0.00005 ( 1)
 138 E   0.96853 0.03065 0.00079 0.00003 ( 1)
 139 F   0.95981 0.03937 0.00079 0.00003 ( 1)
 140 S   0.00551 0.99367 0.00000 0.00082 ( 2)
 141 T   0.00828 0.99089 0.00001 0.00082 ( 2)
 142 P   0.01565 0.98352 0.00001 0.00082 ( 2)
 143 T   0.00082 0.99835 0.00000 0.00083 ( 2)
 144 -   0.48569 0.51349 0.00040 0.00042 ( 2)
 145 N   0.01059 0.98858 0.00001 0.00082 ( 2)
 146 S   0.13225 0.86693 0.00011 0.00072 ( 2)
 147 F   0.00009 0.99908 0.00000 0.00083 ( 2)
 148 T   0.09518 0.90400 0.00008 0.00074 ( 2)
 149 Y   0.97384 0.02534 0.00080 0.00002 ( 1)
 150 R   0.95483 0.04435 0.00078 0.00004 ( 1)
 151 G   0.13445 0.86472 0.00011 0.00072 ( 2)
 152 R   0.64888 0.35030 0.00053 0.00029 ( 1)
 153 G   0.96757 0.03161 0.00079 0.00003 ( 1)
 154 T   0.00037 0.99880 0.00000 0.00083 ( 2)
 155 V   0.11758 0.88160 0.00010 0.00073 ( 2)
 156 D   0.98663 0.01255 0.00081 0.00001 ( 1)
 157 S   0.96469 0.03449 0.00079 0.00003 ( 1)
 158 L   0.17436 0.82481 0.00014 0.00068 ( 2)
 159 T   0.01176 0.98741 0.00001 0.00082 ( 2)
 160 E   0.90431 0.09487 0.00074 0.00008 ( 1)
 161 L   0.90537 0.09381 0.00074 0.00008 ( 1)
 162 P   0.87144 0.12774 0.00071 0.00011 ( 1)
 163 P   0.97291 0.02627 0.00080 0.00002 ( 1)
 164 E   0.00150 0.99767 0.00000 0.00082 ( 2)
 165 D   0.26611 0.73306 0.00022 0.00061 ( 2)
 166 N   0.00003 0.99915 0.00000 0.00082 ( 2)
 167 S   0.01275 0.98643 0.00001 0.00081 ( 2)
 168 V   0.43157 0.56760 0.00035 0.00047 ( 2)
 169 P   0.09082 0.90835 0.00007 0.00075 ( 2)
 170 P   0.97291 0.02627 0.00080 0.00002 ( 1)
 171 R   0.00003 0.99914 0.00000 0.00083 ( 2)
 172 E   0.00434 0.99483 0.00000 0.00083 ( 2)
 173 G   0.05780 0.94138 0.00005 0.00077 ( 2)
 174 Y   0.96631 0.03287 0.00079 0.00003 ( 1)
 175 S   0.98817 0.01101 0.00081 0.00001 ( 1)
 176 H   0.89569 0.10349 0.00073 0.00009 ( 1)
 177 R   0.95668 0.04250 0.00078 0.00004 ( 1)
 178 L   0.91148 0.08770 0.00075 0.00007 ( 1)
 179 C   0.93225 0.06693 0.00076 0.00006 ( 1)
 180 H   0.98208 0.01710 0.00081 0.00001 ( 1)
 181 A   0.96484 0.03434 0.00079 0.00003 ( 1)
 182 T   0.93812 0.06106 0.00077 0.00005 ( 1)
 183 F   0.98627 0.01291 0.00081 0.00001 ( 1)
 184 V   0.51212 0.48705 0.00042 0.00040 ( 1)
 185 Q   0.05344 0.94574 0.00004 0.00078 ( 2)
 186 R   0.40792 0.59126 0.00033 0.00049 ( 2)
 187 S   0.19661 0.80256 0.00016 0.00067 ( 2)
 188 G   0.60547 0.39371 0.00050 0.00033 ( 1)
 189 T   0.04634 0.95283 0.00004 0.00079 ( 2)
 190 P   0.96573 0.03345 0.00079 0.00003 ( 1)
 191 F   0.00371 0.99547 0.00000 0.00082 ( 2)
 192 L   0.56953 0.42965 0.00047 0.00036 ( 1)
 193 T   0.16547 0.83371 0.00014 0.00068 ( 2)
 194 T   0.68527 0.31391 0.00056 0.00026 ( 1)
 195 G   0.93528 0.06390 0.00077 0.00005 ( 1)
 196 V   0.00000 0.99918 0.00000 0.00082 ( 2)
 197 V   0.57114 0.42804 0.00047 0.00035 ( 1)
 198 F   0.81400 0.18518 0.00067 0.00015 ( 1)
 199 S   0.75977 0.23941 0.00062 0.00020 ( 1)
 200 W   0.79074 0.20844 0.00065 0.00017 ( 1)
 201 T   0.94788 0.05130 0.00078 0.00004 ( 1)
 202 H   0.96534 0.03384 0.00079 0.00003 ( 1)
 203 R   0.96844 0.03074 0.00079 0.00003 ( 1)
 204 S   0.97645 0.02273 0.00080 0.00002 ( 1)


lnL = -2850.245772

