Supplemental results for CODEML (seqf: algn  treef: tree)


dN/dS (w) for site classes (K=4)

site class             0        1       2a       2b
proportion       0.27065  0.53871  0.06375  0.12689
background w     0.05548  0.55341  0.05548  0.55341
foreground w     0.05548  0.55341 188.79738 188.79738

Naive Empirical Bayes (NEB) probabilities for 4 classes
(amino acids refer to 1st sequence: BT_Cry1Da1)

   1 -   0.39197 0.41739 0.09233 0.09831 ( 2)
   2 -   0.03455 0.91415 0.00057 0.05073 ( 2)
   3 -   0.99038 0.00083 0.00876 0.00003 ( 1)
   4 R   0.00353 0.77751 0.01154 0.20742 ( 2)
   5 I   0.98263 0.00445 0.01287 0.00006 ( 1)
   6 T   0.96843 0.00408 0.02723 0.00026 ( 1)
   7 Q   0.21492 0.77835 0.00091 0.00583 ( 2)
   8 I   0.45009 0.51370 0.01108 0.02513 ( 2)
   9 P   0.93447 0.05556 0.00873 0.00124 ( 1)
  10 W   0.06436 0.84454 0.00253 0.08857 ( 2)
  11 V   0.81792 0.15044 0.02041 0.01123 ( 1)
  12 K   0.99131 0.00322 0.00545 0.00002 ( 1)
  13 A   0.95854 0.02470 0.01561 0.00114 ( 1)
  14 H   0.00008 0.65170 0.00030 0.34792 ( 2)
  15 T   0.00207 0.85250 0.00050 0.14493 ( 2)
  16 L   0.01046 0.96184 0.00022 0.02748 ( 2)
  17 A   0.01887 0.79049 0.00444 0.18620 ( 2)
  18 S   0.20294 0.75510 0.00362 0.03834 ( 2)
  19 G   0.00123 0.95835 0.00002 0.04040 ( 2)
  20 A   0.05760 0.70156 0.06769 0.17315 ( 2)
  21 S   0.06312 0.78817 0.01483 0.13389 ( 2)
  22 V   0.96595 0.01628 0.01702 0.00075 ( 1)
  23 I   0.96670 0.01000 0.02248 0.00081 ( 1)
  24 K   0.24788 0.72266 0.00238 0.02709 ( 2)
  25 G   0.98908 0.00259 0.00829 0.00004 ( 1)
  26 P   0.99056 0.00100 0.00842 0.00002 ( 1)
  27 G   0.98771 0.00437 0.00785 0.00007 ( 1)
  28 F   0.03385 0.04739 0.90624 0.01252 ( 3)
  29 T   0.95474 0.02663 0.01733 0.00130 ( 1)
  30 G   0.98240 0.00310 0.01440 0.00011 ( 1)
  31 G   0.97938 0.01060 0.00975 0.00026 ( 1)
  32 D   0.75430 0.22896 0.00828 0.00847 ( 1)
  33 I   0.45435 0.30537 0.21395 0.02634 ( 1)
  34 L   0.90277 0.03570 0.05650 0.00503 ( 1)
  35 T   0.00960 0.85565 0.01076 0.12399 ( 2)
  36 R   0.02463 0.16541 0.60943 0.20053 ( 3)
  37 N   0.01142 0.63424 0.14556 0.20878 ( 2)
  38 S   0.02871 0.72907 0.01106 0.23115 ( 2)
  39 M   0.00430 0.80506 0.00101 0.18963 ( 2)
  40 -   0.27065 0.53871 0.06375 0.12689 ( 2)
  41 -   0.27065 0.53871 0.06375 0.12689 ( 2)
  42 -   0.27065 0.53871 0.06375 0.12689 ( 2)
  43 G   0.00047 0.58932 0.02965 0.38056 ( 2)
  44 E   0.00070 0.97248 0.00001 0.02681 ( 2)
  45 L   0.00403 0.86194 0.00068 0.13335 ( 2)
  46 G   0.00001 0.60820 0.00005 0.39174 ( 2)
  47 T   0.00018 0.66057 0.00067 0.33858 ( 2)
  48 L   0.00210 0.76553 0.00414 0.22823 ( 2)
  49 R   0.04645 0.93046 0.00073 0.02236 ( 2)
  50 V   0.08512 0.67166 0.09215 0.15108 ( 2)
  51 T   0.00250 0.60688 0.01687 0.37375 ( 2)
  52 F   0.27949 0.61772 0.06339 0.03940 ( 2)
  53 T   0.00050 0.00930 0.95012 0.04008 ( 3)
  54 G   0.69996 0.27155 0.01468 0.01381 ( 1)
  55 R   0.00067 0.04682 0.83112 0.12139 ( 3)
  56 L   0.00156 0.58176 0.01414 0.40255 ( 2)
  57 P   0.00020 0.95465 0.00003 0.04513 ( 2)
  58 -   0.04351 0.76585 0.01025 0.18039 ( 2)
  59 -   0.05651 0.75285 0.01331 0.17733 ( 2)
  60 -   0.00277 0.80659 0.00065 0.18999 ( 2)
  61 Q   0.77488 0.21744 0.00527 0.00241 ( 1)
  62 S   0.28583 0.67774 0.01008 0.02634 ( 2)
  63 Y   0.99233 0.00075 0.00691 0.00001 ( 1)
  64 Y   0.01278 0.97367 0.00008 0.01348 ( 2)
  65 I   0.02696 0.83650 0.00155 0.13499 ( 2)
  66 R   0.97581 0.01050 0.01328 0.00041 ( 1)
  67 F   0.96895 0.01236 0.01780 0.00089 ( 1)
  68 R   0.56586 0.04029 0.38936 0.00449 ( 1)
  69 Y   0.99233 0.00075 0.00691 0.00001 ( 1)
  70 A   0.96849 0.00627 0.02506 0.00018 ( 1)
  71 S   0.88838 0.04913 0.05699 0.00551 ( 1)
  72 V   0.35664 0.57190 0.01646 0.05499 ( 2)
  73 A   0.08267 0.84525 0.03201 0.04007 ( 2)
  74 N   0.13074 0.81358 0.00344 0.05224 ( 2)
  75 R   0.00629 0.95963 0.00017 0.03391 ( 2)
  76 S   0.00011 0.55069 0.00463 0.44457 ( 2)
  77 -   0.76946 0.07750 0.13895 0.01409 ( 1)
  78 -   0.04630 0.70528 0.08307 0.16535 ( 2)
  79 -   0.27065 0.53871 0.06375 0.12689 ( 2)
  80 -   0.27065 0.53871 0.06375 0.12689 ( 2)
  81 -   0.08687 0.68516 0.07623 0.15174 ( 2)
  82 G   0.00000 0.90767 0.00000 0.09232 ( 2)
  83 T   0.00001 0.75938 0.00002 0.24059 ( 2)
  84 F   0.00019 0.81856 0.00031 0.18093 ( 2)
  85 R   0.00000 0.82848 0.00000 0.17152 ( 2)
  86 Y   0.00001 0.55877 0.00005 0.44118 ( 2)
  87 S   0.00003 0.61667 0.00263 0.38066 ( 2)
  88 Q   0.00001 0.87053 0.00000 0.12946 ( 2)
  89 P   0.00000 0.49151 0.00025 0.50825 ( 4)
  90 P   0.01065 0.73445 0.01665 0.23825 ( 2)
  91 S   0.00002 0.82908 0.00005 0.17085 ( 2)
  92 Y   0.07455 0.81799 0.02264 0.08481 ( 2)
  93 G   0.00000 0.76497 0.00000 0.23502 ( 2)
  94 I   0.00003 0.86774 0.00000 0.13223 ( 2)
  95 S   0.00055 0.88277 0.00004 0.11664 ( 2)
  96 F   0.44728 0.07218 0.46842 0.01213 ( 3)
  97 P   0.00152 0.52139 0.00508 0.47201 ( 2)
  98 K   0.01093 0.91200 0.00042 0.07665 ( 2)
  99 T   0.97457 0.00130 0.02405 0.00008 ( 1)
 100 M   0.99659 0.00066 0.00274 0.00000 ( 1)
 101 D   0.00106 0.65069 0.03411 0.31414 ( 2)
 102 A   0.00013 0.64696 0.00063 0.35228 ( 2)
 103 G   0.22872 0.05843 0.68433 0.02852 ( 3)
 104 E   0.00019 0.68218 0.00196 0.31567 ( 2)
 105 P   0.00046 0.88375 0.00006 0.11572 ( 2)
 106 L   0.86084 0.12799 0.00863 0.00255 ( 1)
 107 T   0.17473 0.53157 0.16694 0.12676 ( 2)
 108 S   0.12000 0.83548 0.00336 0.04115 ( 2)
 109 R   0.22482 0.72161 0.01178 0.04179 ( 2)
 110 S   0.00004 0.30068 0.00781 0.69148 ( 4)
 111 F   0.98521 0.00144 0.01330 0.00005 ( 1)
 112 A   0.03875 0.92889 0.00056 0.03180 ( 2)
 113 H   0.05876 0.81556 0.03212 0.09356 ( 2)
 114 T   0.00904 0.91840 0.00352 0.06904 ( 2)
 115 T   0.00062 0.84651 0.00085 0.15202 ( 2)
 116 L   0.01502 0.89836 0.00327 0.08336 ( 2)
 117 F   0.00000 0.62542 0.00010 0.37448 ( 2)
 118 T   0.74644 0.21719 0.01947 0.01690 ( 1)
 119 P   0.00639 0.80898 0.01371 0.17092 ( 2)
 120 I   0.01939 0.91642 0.00421 0.05997 ( 2)
 121 T   0.00062 0.97119 0.00002 0.02818 ( 2)
 122 F   0.00943 0.83530 0.00157 0.15370 ( 2)
 123 S   0.00003 0.40085 0.00392 0.59520 ( 4)
 124 R   0.00000 0.80063 0.00000 0.19937 ( 2)
 125 A   0.00013 0.90625 0.00000 0.09362 ( 2)
 126 Q   0.00000 0.40073 0.00004 0.59924 ( 4)
 127 E   0.00002 0.94934 0.00000 0.05064 ( 2)
 128 E   0.00002 0.90979 0.00000 0.09019 ( 2)
 129 F   0.00015 0.44547 0.01101 0.54336 ( 4)
 130 D   0.00000 0.47246 0.00015 0.52739 ( 4)
 131 L   0.00004 0.71824 0.00003 0.28169 ( 2)
 132 Y   0.00000 0.77014 0.00000 0.22986 ( 2)
 133 I   0.00245 0.83895 0.00020 0.15840 ( 2)
 134 Q   0.00136 0.80794 0.01022 0.18048 ( 2)
 135 -   0.00044 0.83589 0.00019 0.16349 ( 2)
 136 -   0.00483 0.78924 0.00737 0.19855 ( 2)
 137 -   0.00556 0.56719 0.02544 0.40181 ( 2)
 138 -   0.04839 0.85989 0.01777 0.07395 ( 2)
 139 -   0.00445 0.80491 0.00105 0.18959 ( 2)
 140 -   0.13633 0.67303 0.03211 0.15853 ( 2)
 141 S   0.00000 0.32880 0.00080 0.67040 ( 4)
 142 G   0.00748 0.80046 0.02140 0.17066 ( 2)
 143 V   0.03553 0.75930 0.04463 0.16054 ( 2)
 144 Y   0.99144 0.00140 0.00714 0.00002 ( 1)
 145 I   0.95390 0.02945 0.01493 0.00171 ( 1)
 146 D   0.99031 0.00028 0.00940 0.00001 ( 1)
 147 R   0.08653 0.88533 0.00097 0.02718 ( 2)
 148 I   0.00190 0.01951 0.94729 0.03130 ( 3)
 149 E   0.98820 0.00221 0.00954 0.00005 ( 1)
 150 F   0.98947 0.00291 0.00756 0.00007 ( 1)
 151 I   0.88316 0.08965 0.02174 0.00545 ( 1)
 152 P   0.27451 0.53485 0.06466 0.12598 ( 2)


lnL = -2981.876188

