Supplemental results for CODEML (seqf: algn  treef: tree)


dN/dS (w) for site classes (K=4)

site class             0        1       2a       2b
proportion       0.42401  0.53839  0.01656  0.02103
background w     0.05194  0.46034  0.05194  0.46034
foreground w     0.05194  0.46034 999.00000 999.00000

Naive Empirical Bayes (NEB) probabilities for 4 classes
(amino acids refer to 1st sequence: BT_Cry13Aa1)

   1 D   0.98033 0.01263 0.00697 0.00007 ( 1)
   2 Y   0.98571 0.00848 0.00572 0.00008 ( 1)
   3 S   0.00000 0.02857 0.00618 0.96524 ( 4)
   4 S   0.00118 0.24038 0.02783 0.73061 ( 4)
   5 Q   0.94674 0.04443 0.00851 0.00032 ( 1)
   6 I   0.74802 0.23924 0.00990 0.00284 ( 1)
   7 K   0.00070 0.98021 0.00001 0.01908 ( 2)
   8 L   0.11003 0.86961 0.00243 0.01793 ( 2)
   9 E   0.98467 0.00367 0.01158 0.00007 ( 1)
  10 K   0.39808 0.40561 0.11113 0.08518 ( 2)
  11 T   0.97514 0.01459 0.01012 0.00015 ( 1)
  12 R   0.91344 0.07909 0.00687 0.00060 ( 1)
  13 V   0.95671 0.03413 0.00861 0.00056 ( 1)
  14 I   0.55472 0.44298 0.00124 0.00105 ( 1)
  15 F   0.99191 0.00377 0.00430 0.00002 ( 1)
  16 S   0.95186 0.04332 0.00461 0.00021 ( 1)
  17 D   0.98959 0.00772 0.00267 0.00002 ( 1)
  18 M   0.67871 0.31769 0.00245 0.00115 ( 1)
  19 V   0.82448 0.17291 0.00214 0.00047 ( 1)
  20 G   0.92440 0.07344 0.00200 0.00016 ( 1)
  21 Q   0.93816 0.05931 0.00237 0.00016 ( 1)
  22 S   0.43369 0.56347 0.00117 0.00168 ( 2)
  23 E   0.92989 0.06806 0.00191 0.00014 ( 1)
  24 S   0.04702 0.94267 0.00049 0.00982 ( 2)
  25 R   0.00418 0.99038 0.00002 0.00542 ( 2)
  26 D   0.89475 0.10339 0.00165 0.00020 ( 1)
  27 G   0.02205 0.97411 0.00007 0.00377 ( 2)
  28 S   0.00226 0.99471 0.00001 0.00302 ( 2)
  29 V   0.85207 0.14174 0.00530 0.00088 ( 1)
  30 T   0.57453 0.42288 0.00146 0.00113 ( 1)
  31 I   0.94237 0.05607 0.00147 0.00009 ( 1)
  32 K   0.05739 0.94028 0.00013 0.00220 ( 2)
  33 N   0.99589 0.00093 0.00318 0.00000 ( 1)
  34 I   0.59065 0.40794 0.00083 0.00058 ( 1)
  35 F   0.00612 0.99072 0.00002 0.00314 ( 2)
  36 D   0.99188 0.00541 0.00270 0.00001 ( 1)
  37 N   0.00232 0.99522 0.00001 0.00245 ( 2)
  38 -   0.47293 0.52434 0.00121 0.00152 ( 2)
  39 -   0.00051 0.93672 0.00026 0.06252 ( 2)
  40 -   0.07466 0.92307 0.00016 0.00211 ( 2)
  41 -   0.03361 0.95086 0.00053 0.01500 ( 2)
  42 T   0.01136 0.98678 0.00002 0.00184 ( 2)
  43 D   0.00032 0.99671 0.00000 0.00296 ( 2)
  44 S   0.00047 0.99730 0.00000 0.00223 ( 2)
  45 H   0.88917 0.10761 0.00283 0.00039 ( 1)
  46 Q   0.77105 0.22689 0.00159 0.00048 ( 1)
  47 H   0.99731 0.00082 0.00186 0.00000 ( 1)
  48 G   0.00000 0.99675 0.00000 0.00324 ( 2)
  49 S   0.00017 0.73968 0.00050 0.25965 ( 2)
  50 I   0.99064 0.00691 0.00243 0.00002 ( 1)
  51 -   0.57885 0.38355 0.02261 0.01498 ( 1)
  52 -   0.66784 0.29456 0.02609 0.01151 ( 1)
  53 -   0.66784 0.29456 0.02609 0.01151 ( 1)
  54 G   0.82820 0.16905 0.00225 0.00050 ( 1)
  55 L   0.08396 0.90854 0.00064 0.00687 ( 2)
  56 N   0.99416 0.00312 0.00271 0.00001 ( 1)
  57 S   0.60511 0.38785 0.00429 0.00275 ( 1)
  58 I   0.84612 0.14876 0.00435 0.00077 ( 1)
  59 S   0.95744 0.04067 0.00181 0.00008 ( 1)
  60 Y   0.99499 0.00238 0.00262 0.00001 ( 1)
  61 F   0.01060 0.98324 0.00006 0.00609 ( 2)
  62 P   0.01186 0.98592 0.00002 0.00219 ( 2)
  63 D   0.45492 0.54258 0.00110 0.00139 ( 2)
  64 E   0.99070 0.00702 0.00226 0.00002 ( 1)
  65 L   0.90236 0.09006 0.00689 0.00069 ( 1)
  66 Q   0.00555 0.99202 0.00001 0.00242 ( 2)
  67 K   0.02271 0.97412 0.00007 0.00310 ( 2)
  68 A   0.01098 0.94871 0.00130 0.03901 ( 2)
  69 Q   0.88846 0.10947 0.00183 0.00023 ( 1)
  70 L   0.16628 0.82616 0.00127 0.00630 ( 2)
  71 R   0.00001 0.98915 0.00000 0.01084 ( 2)
  72 M   0.10973 0.88775 0.00027 0.00225 ( 2)
  73 Y   0.98237 0.01576 0.00184 0.00003 ( 1)
  74 D   0.70102 0.29623 0.00192 0.00083 ( 1)
  75 Y   0.02375 0.97461 0.00004 0.00161 ( 2)
  76 N   0.00000 0.05812 0.00059 0.94128 ( 4)
  77 H   0.10553 0.89276 0.00018 0.00154 ( 2)
  78 K   0.00228 0.99606 0.00000 0.00166 ( 2)
  79 P   0.00023 0.99593 0.00000 0.00385 ( 2)
  80 Y   0.00095 0.99281 0.00001 0.00623 ( 2)
  81 C   0.02675 0.97044 0.00007 0.00274 ( 2)
  82 T   0.44719 0.55006 0.00122 0.00153 ( 2)
  83 D   0.42401 0.53839 0.01656 0.02103 ( 2)
  84 C   0.42401 0.53839 0.01656 0.02103 ( 2)
  85 F   0.42401 0.53839 0.01656 0.02103 ( 2)
  86 C   0.11431 0.88412 0.00018 0.00140 ( 2)
  87 W   0.66817 0.32915 0.00176 0.00092 ( 1)
  88 P   0.21192 0.78480 0.00069 0.00259 ( 2)
  89 Y   0.99277 0.00459 0.00262 0.00001 ( 1)
  90 G   0.05013 0.94657 0.00015 0.00315 ( 2)
  91 V   0.15958 0.83803 0.00037 0.00203 ( 2)
  92 I   0.97765 0.02012 0.00218 0.00005 ( 1)
  93 L   0.00017 0.64853 0.00079 0.35051 ( 2)
  94 N   0.98298 0.01383 0.00314 0.00005 ( 1)
  95 Y   0.99499 0.00238 0.00262 0.00001 ( 1)
  96 N   0.00013 0.99708 0.00000 0.00279 ( 2)
  97 K   0.02023 0.97693 0.00006 0.00279 ( 2)
  98 N   0.00120 0.93469 0.00066 0.06344 ( 2)
  99 T   0.00007 0.99773 0.00000 0.00220 ( 2)
 100 F   0.94071 0.05665 0.00248 0.00016 ( 1)
 101 R   0.00219 0.99350 0.00001 0.00431 ( 2)
 102 Y   0.99499 0.00238 0.00262 0.00001 ( 1)
 103 G   0.97894 0.01890 0.00213 0.00004 ( 1)
 104 D   0.99602 0.00127 0.00271 0.00000 ( 1)
 105 -   0.20686 0.79157 0.00032 0.00125 ( 2)
 106 N   0.85114 0.14294 0.00507 0.00085 ( 1)
 107 D   0.00046 0.99624 0.00000 0.00330 ( 2)
 108 P   0.97014 0.02256 0.00714 0.00017 ( 1)
 109 G   0.00009 0.96232 0.00000 0.03759 ( 2)
 110 L   0.00004 0.96237 0.00000 0.03760 ( 2)
 111 -   0.42401 0.53839 0.01656 0.02103 ( 2)
 112 S   0.00001 0.99743 0.00000 0.00256 ( 2)
 113 G   0.00450 0.99331 0.00001 0.00217 ( 2)
 114 D   0.00462 0.99251 0.00001 0.00286 ( 2)
 115 V   0.00018 0.99722 0.00000 0.00261 ( 2)
 116 Q   0.00288 0.99098 0.00002 0.00612 ( 2)
 117 L   0.05060 0.94507 0.00022 0.00411 ( 2)
 118 P   0.00046 0.99467 0.00000 0.00487 ( 2)
 119 A   0.38861 0.60026 0.00437 0.00676 ( 2)
 120 P   0.64488 0.35340 0.00110 0.00062 ( 1)
 121 -   0.42401 0.53839 0.01656 0.02103 ( 2)
 122 -   0.42401 0.53839 0.01656 0.02103 ( 2)
 123 -   0.42401 0.53839 0.01656 0.02103 ( 2)
 124 M   0.29863 0.69779 0.00107 0.00251 ( 2)
 125 S   0.00223 0.99407 0.00001 0.00369 ( 2)
 126 V   0.00001 0.98908 0.00000 0.01091 ( 2)
 127 V   0.01639 0.97987 0.00006 0.00368 ( 2)
 128 N   0.99589 0.00093 0.00318 0.00000 ( 1)
 129 A   0.63654 0.35234 0.00716 0.00397 ( 1)
 130 Q   0.00203 0.99554 0.00001 0.00243 ( 2)
 131 T   0.98858 0.00887 0.00253 0.00002 ( 1)
 132 Q   0.98941 0.00854 0.00203 0.00002 ( 1)
 133 T   0.09754 0.89964 0.00026 0.00256 ( 2)
 134 A   0.00732 0.98972 0.00002 0.00294 ( 2)
 135 Q   0.01247 0.98549 0.00002 0.00201 ( 2)
 136 -   0.45990 0.53786 0.00100 0.00124 ( 2)
 137 Y   0.98544 0.00864 0.00587 0.00005 ( 1)
 138 T   0.06267 0.93482 0.00016 0.00236 ( 2)
 139 D   0.99658 0.00073 0.00269 0.00000 ( 1)
 140 G   0.19429 0.80086 0.00094 0.00391 ( 2)
 141 E   0.99003 0.00752 0.00243 0.00002 ( 1)
 142 N   0.00598 0.99204 0.00001 0.00197 ( 2)
 143 I   0.01203 0.98531 0.00003 0.00263 ( 2)
 144 W   0.00002 0.99697 0.00000 0.00300 ( 2)
 145 T   0.01090 0.98474 0.00004 0.00432 ( 2)
 146 D   0.16739 0.83085 0.00028 0.00148 ( 2)
 147 T   0.00157 0.99473 0.00001 0.00369 ( 2)
 148 -   0.00582 0.99112 0.00002 0.00304 ( 2)
 149 -   0.28039 0.71357 0.00170 0.00434 ( 2)
 150 -   0.42401 0.53839 0.01656 0.02103 ( 2)
 151 -   0.42401 0.53839 0.01656 0.02103 ( 2)
 152 -   0.42401 0.53839 0.01656 0.02103 ( 2)
 153 G   0.00913 0.98427 0.00006 0.00654 ( 2)
 154 R   0.00068 0.99334 0.00000 0.00597 ( 2)
 155 S   0.00221 0.99602 0.00000 0.00177 ( 2)
 156 W   0.00000 0.06311 0.00161 0.93529 ( 4)
 157 L   0.00107 0.98828 0.00001 0.01064 ( 2)
 158 C   0.59089 0.40755 0.00092 0.00064 ( 1)
 159 T   0.01037 0.98765 0.00002 0.00196 ( 2)
 160 L   0.85168 0.14586 0.00209 0.00037 ( 1)
 161 R   0.35344 0.63891 0.00272 0.00493 ( 2)
 162 G   0.96685 0.03096 0.00212 0.00007 ( 1)
 163 Y   0.42177 0.57579 0.00099 0.00146 ( 2)
 164 C   0.99538 0.00308 0.00154 0.00000 ( 1)
 165 T   0.95684 0.04016 0.00287 0.00013 ( 1)
 166 T   0.00604 0.99091 0.00002 0.00303 ( 2)
 167 N   0.05493 0.94289 0.00012 0.00206 ( 2)
 168 C   0.02622 0.97093 0.00007 0.00278 ( 2)
 169 F   0.25334 0.70906 0.00990 0.02770 ( 2)
 170 P   0.30059 0.66182 0.01174 0.02585 ( 2)
 171 -   0.56610 0.39630 0.02212 0.01548 ( 1)
 172 -   0.13887 0.82353 0.00543 0.03217 ( 2)
 173 -   0.11947 0.84293 0.00467 0.03293 ( 2)
 174 G   0.13523 0.86319 0.00021 0.00137 ( 2)
 175 R   0.00060 0.99646 0.00000 0.00294 ( 2)
 176 G   0.05170 0.94444 0.00018 0.00367 ( 2)
 177 C   0.01031 0.98510 0.00005 0.00454 ( 2)
 178 Y   0.00215 0.99601 0.00000 0.00183 ( 2)
 179 N   0.00007 0.98437 0.00000 0.01556 ( 2)
 180 N   0.16370 0.83473 0.00025 0.00132 ( 2)
 181 S   0.00302 0.99516 0.00001 0.00181 ( 2)
 182 T   0.01498 0.98234 0.00004 0.00264 ( 2)
 183 G   0.02956 0.96878 0.00005 0.00161 ( 2)
 184 Y   0.68359 0.31451 0.00129 0.00061 ( 1)
 185 G   0.51407 0.48377 0.00111 0.00105 ( 1)
 186 E   0.00127 0.99244 0.00001 0.00628 ( 2)
 187 S   0.99297 0.00536 0.00166 0.00001 ( 1)
 188 C   0.96233 0.03611 0.00150 0.00006 ( 1)
 189 N   0.99557 0.00124 0.00319 0.00000 ( 1)
 190 Q   0.00027 0.82415 0.00066 0.17492 ( 2)
 191 S   0.02490 0.97286 0.00005 0.00218 ( 2)
 192 L   0.58881 0.40963 0.00092 0.00065 ( 1)
 193 P   0.69634 0.30194 0.00119 0.00052 ( 1)
 194 G   0.07340 0.92479 0.00012 0.00169 ( 2)
 195 Q   0.98941 0.00854 0.00203 0.00002 ( 1)
 196 K   0.99481 0.00319 0.00200 0.00001 ( 1)
 197 I   0.99309 0.00447 0.00244 0.00001 ( 1)
 198 H   0.96413 0.03264 0.00311 0.00012 ( 1)
 199 A   0.99420 0.00358 0.00221 0.00001 ( 1)
 200 L   0.53691 0.45848 0.00248 0.00213 ( 1)
 201 Y   0.99499 0.00238 0.00262 0.00001 ( 1)
 202 P   0.68708 0.31122 0.00117 0.00054 ( 1)
 203 F   0.98020 0.01550 0.00424 0.00007 ( 1)
 204 T   0.57212 0.42527 0.00144 0.00117 ( 1)
 205 Q   0.25955 0.73904 0.00037 0.00105 ( 2)
 206 T   0.03588 0.96034 0.00012 0.00365 ( 2)
 207 -   0.88882 0.10963 0.00138 0.00017 ( 1)
 208 N   0.04845 0.92862 0.00122 0.02171 ( 2)
 209 V   0.01239 0.98377 0.00005 0.00380 ( 2)
 210 L   0.00127 0.99569 0.00000 0.00303 ( 2)
 211 G   0.98679 0.01161 0.00158 0.00002 ( 1)
 212 Q   0.00660 0.99035 0.00002 0.00303 ( 2)
 213 S   0.00003 0.99491 0.00000 0.00505 ( 2)
 214 G   0.87858 0.11868 0.00239 0.00035 ( 1)
 215 K   0.99540 0.00209 0.00250 0.00001 ( 1)
 216 L   0.69044 0.30597 0.00248 0.00111 ( 1)
 217 G   0.98275 0.01508 0.00214 0.00003 ( 1)
 218 L   0.12537 0.85810 0.00211 0.01443 ( 2)
 219 L   0.57429 0.42430 0.00081 0.00060 ( 1)
 220 A   0.40584 0.59101 0.00122 0.00193 ( 2)
 221 S   0.01708 0.97979 0.00005 0.00308 ( 2)
 222 H   0.85182 0.14649 0.00144 0.00025 ( 1)
 223 I   0.96938 0.02861 0.00194 0.00006 ( 1)
 224 P   0.81299 0.17970 0.00598 0.00132 ( 1)
 225 Y   0.36022 0.63214 0.00277 0.00488 ( 2)
 226 D   0.96255 0.02826 0.00898 0.00020 ( 1)
 227 L   0.95062 0.04573 0.00347 0.00017 ( 1)
 228 S   0.03363 0.23403 0.63475 0.09759 ( 3)
 229 P   0.95052 0.04675 0.00260 0.00013 ( 1)
 230 N   0.95927 0.03750 0.00310 0.00013 ( 1)
 231 N   0.99433 0.00249 0.00317 0.00001 ( 1)
 232 T   0.00009 0.25226 0.00424 0.74340 ( 4)
 233 I   0.66366 0.33461 0.00114 0.00060 ( 1)
 234 G   0.97854 0.00822 0.01314 0.00010 ( 1)
 235 D   0.11689 0.88072 0.00027 0.00212 ( 2)
 236 K   0.00421 0.99205 0.00002 0.00373 ( 2)
 237 D   0.99330 0.00400 0.00269 0.00001 ( 1)
 238 T   0.05361 0.94048 0.00030 0.00561 ( 2)
 239 D   0.10831 0.17461 0.69628 0.02081 ( 3)
 240 S   0.85892 0.13353 0.00629 0.00126 ( 1)
 241 T   0.00001 0.42106 0.00039 0.57855 ( 4)
 242 N   0.63358 0.36304 0.00202 0.00136 ( 1)
 243 -   0.26797 0.72979 0.00058 0.00166 ( 2)


lnL = -4100.498583

