Supplemental results for CODEML (seqf: algn  treef: tree)


dN/dS (w) for site classes (K=4)

site class             0        1       2a       2b
proportion       0.55640  0.24866  0.13473  0.06021
background w     0.14006  1.00000  0.14006  1.00000
foreground w     0.14006  1.00000  4.64086  4.64086

Naive Empirical Bayes (NEB) probabilities for 4 classes
(amino acids refer to 1st sequence: BT_Cry13Aa1)

   1 S   0.56277 0.15173 0.25295 0.03255 ( 1)
   2 V   0.94434 0.01172 0.04207 0.00187 ( 1)
   3 A   0.95633 0.01640 0.02540 0.00187 ( 1)
   4 V   0.77123 0.00780 0.21966 0.00132 ( 1)
   5 P   0.98071 0.00598 0.01304 0.00028 ( 1)
   6 L   0.64590 0.09828 0.23618 0.01964 ( 1)
   7 I   0.48378 0.25394 0.20531 0.05697 ( 1)
   8 S   0.93086 0.06136 0.00674 0.00104 ( 1)
   9 M   0.99212 0.00173 0.00606 0.00010 ( 1)
  10 L   0.73723 0.02459 0.23346 0.00471 ( 1)
  11 V   0.84594 0.00777 0.14505 0.00124 ( 1)
  12 G   0.83750 0.14374 0.01077 0.00799 ( 1)
  13 V   0.00914 0.04375 0.87505 0.07206 ( 3)
  14 F   0.42850 0.42471 0.08890 0.05789 ( 1)
  15 W   0.93138 0.04678 0.02018 0.00166 ( 1)
  16 P   0.99000 0.00029 0.00970 0.00001 ( 1)
  17 K   0.17805 0.65687 0.03492 0.13015 ( 2)
  18 -   0.55640 0.24866 0.13473 0.06021 ( 1)
  19 -   0.55640 0.24866 0.13473 0.06021 ( 1)
  20 -   0.55640 0.24866 0.13473 0.06021 ( 1)
  21 -   0.55640 0.24866 0.13473 0.06021 ( 1)
  22 -   0.20907 0.59599 0.05063 0.14432 ( 2)
  23 -   0.44667 0.35838 0.10816 0.08678 ( 1)
  24 G   0.00601 0.72387 0.00557 0.26455 ( 2)
  25 T   0.02922 0.81700 0.00380 0.14998 ( 2)
  26 N   0.20218 0.66557 0.04063 0.09162 ( 2)
  27 N   0.83707 0.00361 0.15874 0.00058 ( 1)
  28 Q   0.15258 0.04927 0.78122 0.01692 ( 3)
  29 E   0.69234 0.22893 0.04466 0.03407 ( 1)
  30 N   0.78062 0.07484 0.13067 0.01388 ( 1)
  31 L   0.92956 0.04219 0.02453 0.00372 ( 1)
  32 I   0.95749 0.00711 0.03434 0.00106 ( 1)
  33 T   0.02466 0.76580 0.02162 0.18792 ( 2)
  34 V   0.51503 0.00945 0.47263 0.00289 ( 1)
  35 I   0.96865 0.00019 0.03113 0.00003 ( 1)
  36 D   0.97758 0.00010 0.02231 0.00001 ( 1)
  37 K   0.01341 0.82379 0.00215 0.16065 ( 2)
  38 E   0.97858 0.00011 0.02129 0.00001 ( 1)
  39 V   0.82089 0.00099 0.17794 0.00018 ( 1)
  40 Q   0.98438 0.00051 0.01508 0.00002 ( 1)
  41 R   0.87718 0.00500 0.11714 0.00068 ( 1)
  42 I   0.13719 0.06292 0.77201 0.02788 ( 3)
  43 L   0.96875 0.00166 0.02943 0.00016 ( 1)
  44 D   0.86995 0.00558 0.12357 0.00090 ( 1)
  45 E   0.78438 0.08821 0.11441 0.01301 ( 1)
  46 K   0.17085 0.00534 0.82151 0.00231 ( 3)
  47 L   0.97942 0.00192 0.01854 0.00013 ( 1)
  48 S   0.97835 0.00740 0.01374 0.00051 ( 1)
  49 D   0.09328 0.77385 0.01102 0.12185 ( 2)
  50 Q   0.95598 0.02803 0.01465 0.00134 ( 1)
  51 L   0.03382 0.00049 0.96537 0.00032 ( 3)
  52 I   0.77854 0.02884 0.18708 0.00554 ( 1)
  53 K   0.77269 0.06526 0.15142 0.01063 ( 1)
  54 K   0.57222 0.25448 0.11959 0.05371 ( 1)
  55 L   0.48276 0.16350 0.32683 0.02690 ( 1)
  56 N   0.00077 0.82349 0.00062 0.17511 ( 2)
  57 A   0.86111 0.08513 0.03997 0.01378 ( 1)
  58 D   0.77510 0.02699 0.19334 0.00458 ( 1)
  59 L   0.98336 0.00169 0.01487 0.00009 ( 1)
  60 N   0.17666 0.66935 0.03095 0.12304 ( 2)
  61 A   0.02268 0.84415 0.00191 0.13125 ( 2)
  62 F   0.75197 0.00116 0.24663 0.00023 ( 1)
  63 T   0.05224 0.28568 0.51264 0.14944 ( 3)
  64 D   0.79329 0.14490 0.03990 0.02191 ( 1)
  65 L   0.21715 0.54525 0.12405 0.11355 ( 2)
  66 V   0.18257 0.13459 0.64557 0.03727 ( 3)
  67 T   0.07524 0.76209 0.00692 0.15574 ( 2)
  68 R   0.00104 0.76911 0.00243 0.22741 ( 2)
  69 L   0.13754 0.60568 0.08590 0.17088 ( 2)
  70 E   0.00115 0.79232 0.00212 0.20441 ( 2)
  71 E   0.00235 0.84418 0.00052 0.15294 ( 2)
  72 V   0.70095 0.12762 0.14745 0.02399 ( 1)
  73 I   0.93390 0.01982 0.04283 0.00344 ( 1)
  74 I   0.81166 0.13751 0.02980 0.02103 ( 1)
  75 D   0.97629 0.00075 0.02286 0.00011 ( 1)
  76 A   0.97704 0.00035 0.02257 0.00004 ( 1)
  77 T   0.02466 0.02154 0.93592 0.01788 ( 3)
  78 F   0.94646 0.03667 0.01448 0.00239 ( 1)
  79 -   0.77114 0.03391 0.18673 0.00821 ( 1)
  80 -   0.80445 0.00061 0.19480 0.00015 ( 1)
  81 -   0.72586 0.07919 0.17577 0.01918 ( 1)
  82 -   0.79666 0.00840 0.19291 0.00203 ( 1)
  83 -   0.30923 0.49583 0.07488 0.12007 ( 2)
  84 E   0.52554 0.25728 0.17259 0.04459 ( 1)
  85 N   0.50523 0.18696 0.25988 0.04792 ( 1)
  86 H   0.63688 0.07614 0.27477 0.01221 ( 1)
  87 K   0.84097 0.00265 0.15613 0.00024 ( 1)
  88 P   0.30127 0.17992 0.45164 0.06718 ( 3)
  89 V   0.02073 0.61120 0.11480 0.25328 ( 2)
  90 L   0.08227 0.05397 0.82752 0.03624 ( 3)
  91 Q   0.08164 0.39292 0.40361 0.12183 ( 3)
  92 V   0.19606 0.00657 0.79529 0.00208 ( 3)
  93 S   0.39403 0.30618 0.20896 0.09084 ( 1)
  94 K   0.00209 0.77734 0.00163 0.21894 ( 2)
  95 S   0.98679 0.00098 0.01218 0.00004 ( 1)
  96 N   0.86340 0.00078 0.13569 0.00013 ( 1)
  97 Y   0.98522 0.00087 0.01386 0.00005 ( 1)
  98 M   0.00052 0.73719 0.00425 0.25804 ( 2)
  99 K   0.82644 0.00465 0.16810 0.00081 ( 1)
 100 V   0.96439 0.00090 0.03461 0.00010 ( 1)
 101 D   0.40347 0.44325 0.08097 0.07230 ( 2)
 102 S   0.00166 0.66474 0.00242 0.33117 ( 2)
 103 A   0.00479 0.64832 0.02998 0.31692 ( 2)
 104 Y   0.41696 0.05639 0.51414 0.01250 ( 3)
 105 F   0.00271 0.78437 0.00249 0.21043 ( 2)
 106 S   0.04382 0.81672 0.01183 0.12763 ( 2)
 107 T   0.91510 0.02854 0.05241 0.00396 ( 1)
 108 G   0.00541 0.78235 0.00709 0.20515 ( 2)
 109 G   0.31201 0.62901 0.00422 0.05476 ( 2)
 110 I   0.00344 0.78316 0.00903 0.20437 ( 2)
 111 L   0.98588 0.00215 0.01181 0.00015 ( 1)
 112 T   0.00563 0.84171 0.00114 0.15151 ( 2)
 113 L   0.03009 0.87232 0.00070 0.09690 ( 2)
 114 G   0.10696 0.65469 0.09203 0.14633 ( 2)
 115 M   0.05807 0.79609 0.01255 0.13329 ( 2)
 116 S   0.89203 0.08807 0.01082 0.00908 ( 1)
 117 D   0.09003 0.54741 0.21095 0.15160 ( 2)
 118 F   0.39845 0.01170 0.58627 0.00359 ( 3)
 119 L   0.70869 0.06611 0.21271 0.01249 ( 1)
 120 T   0.71275 0.01474 0.26925 0.00327 ( 1)
 121 D   0.71618 0.02950 0.24895 0.00537 ( 1)
 122 T   0.63720 0.00553 0.35615 0.00112 ( 1)
 123 Y   0.80640 0.00052 0.19300 0.00008 ( 1)
 124 S   0.03119 0.00157 0.96584 0.00140 ( 3)
 125 K   0.16382 0.61720 0.09792 0.12106 ( 2)
 126 L   0.96295 0.02318 0.01214 0.00174 ( 1)
 127 T   0.72258 0.00152 0.27558 0.00032 ( 1)
 128 F   0.39913 0.11266 0.45580 0.03241 ( 3)
 129 P   0.97824 0.00126 0.02040 0.00010 ( 1)
 130 L   0.67068 0.12064 0.19435 0.01433 ( 1)
 131 Y   0.81486 0.00568 0.17863 0.00083 ( 1)
 132 V   0.91609 0.04164 0.03593 0.00634 ( 1)
 133 L   0.74548 0.00119 0.25312 0.00021 ( 1)
 134 G   0.97478 0.00019 0.02502 0.00002 ( 1)
 135 A   0.97819 0.00015 0.02165 0.00002 ( 1)
 136 T   0.96393 0.00051 0.03548 0.00008 ( 1)
 137 M   0.12878 0.69361 0.05899 0.11863 ( 2)
 138 K   0.35431 0.39227 0.17158 0.08184 ( 2)
 139 L   0.96873 0.01860 0.01143 0.00124 ( 1)
 140 S   0.86890 0.11386 0.01171 0.00552 ( 1)
 141 A   0.02188 0.82917 0.00294 0.14601 ( 2)
 142 Y   0.83511 0.14440 0.01103 0.00947 ( 1)
 143 H   0.84997 0.00171 0.14808 0.00024 ( 1)
 144 S   0.07176 0.12075 0.73601 0.07147 ( 3)
 145 Y   0.95123 0.01698 0.03011 0.00168 ( 1)
 146 I   0.96582 0.00177 0.03214 0.00027 ( 1)
 147 Q   0.86323 0.03656 0.09745 0.00277 ( 1)
 148 F   0.98508 0.00012 0.01479 0.00001 ( 1)
 149 G   0.22300 0.54381 0.11621 0.11698 ( 2)
 150 N   0.96242 0.00811 0.02818 0.00129 ( 1)
 151 T   0.00294 0.79977 0.00160 0.19569 ( 2)
 152 W   0.93138 0.04678 0.02018 0.00166 ( 1)
 153 L   0.92757 0.04871 0.02066 0.00305 ( 1)
 154 N   0.51823 0.23223 0.18821 0.06133 ( 1)
 155 K   0.01451 0.74439 0.03148 0.20962 ( 2)
 156 V   0.97045 0.00031 0.02920 0.00004 ( 1)
 157 Y   0.98512 0.00181 0.01294 0.00013 ( 1)
 158 -   0.79518 0.00987 0.19255 0.00239 ( 1)
 159 -   0.76285 0.04220 0.18473 0.01022 ( 1)
 160 -   0.75267 0.05239 0.18226 0.01269 ( 1)
 161 D   0.29100 0.47662 0.11077 0.12162 ( 2)
 162 L   0.01761 0.82866 0.00372 0.15001 ( 2)
 163 S   0.08106 0.74459 0.01921 0.15514 ( 2)
 164 S   0.00009 0.51937 0.00231 0.47823 ( 2)
 165 D   0.02143 0.77731 0.01298 0.18828 ( 2)
 166 E   0.00206 0.73634 0.00254 0.25906 ( 2)
 167 G   0.26162 0.69517 0.00225 0.04096 ( 2)
 168 K   0.01871 0.72226 0.03010 0.22893 ( 2)
 169 T   0.96972 0.00173 0.02830 0.00024 ( 1)
 170 M   0.04313 0.18531 0.68193 0.08964 ( 3)
 171 S   0.00099 0.47502 0.02402 0.49997 ( 4)
 172 Q   0.83496 0.14855 0.01125 0.00524 ( 1)
 173 A   0.32296 0.09878 0.55311 0.02515 ( 3)
 174 L   0.98365 0.00143 0.01483 0.00008 ( 1)
 175 A   0.02545 0.73525 0.01969 0.21961 ( 2)
 176 R   0.03037 0.51506 0.22606 0.22851 ( 2)
 177 A   0.94814 0.01746 0.03202 0.00237 ( 1)
 178 K   0.97369 0.00015 0.02615 0.00002 ( 1)
 179 Q   0.00075 0.60412 0.00615 0.38898 ( 2)
 180 H   0.02785 0.80077 0.00999 0.16139 ( 2)
 181 M   0.99372 0.00024 0.00603 0.00001 ( 1)
 182 R   0.81456 0.16376 0.01477 0.00690 ( 1)
 183 Q   0.02823 0.61567 0.16779 0.18831 ( 2)
 184 D   0.00142 0.81838 0.00102 0.17917 ( 2)
 185 I   0.95756 0.00033 0.04205 0.00006 ( 1)
 186 A   0.00034 0.65389 0.00636 0.33940 ( 2)
 187 F   0.00006 0.71847 0.00032 0.28115 ( 2)
 188 Y   0.96214 0.00807 0.02901 0.00077 ( 1)
 189 T   0.97141 0.00031 0.02825 0.00004 ( 1)
 190 S   0.00081 0.70720 0.00932 0.28267 ( 2)
 191 Q   0.40592 0.41268 0.11026 0.07114 ( 2)
 192 A   0.83206 0.00122 0.16651 0.00020 ( 1)
 193 L   0.71811 0.23191 0.03058 0.01940 ( 1)
 194 N   0.85996 0.09610 0.03291 0.01103 ( 1)
 195 M   0.31608 0.10116 0.54739 0.03538 ( 3)
 196 F   0.98914 0.00006 0.01079 0.00000 ( 1)
 197 T   0.56374 0.01855 0.41256 0.00516 ( 1)
 198 -   0.78519 0.01987 0.19013 0.00481 ( 1)
 199 -   0.18990 0.61515 0.04599 0.14896 ( 2)
 200 G   0.02334 0.76405 0.02898 0.18363 ( 2)
 201 N   0.58151 0.25263 0.09551 0.07036 ( 1)
 202 L   0.09663 0.52036 0.21168 0.17133 ( 2)
 203 P   0.99055 0.00022 0.00922 0.00001 ( 1)
 204 S   0.95026 0.03443 0.01358 0.00173 ( 1)
 205 L   0.97287 0.01103 0.01546 0.00064 ( 1)
 206 S   0.00556 0.46404 0.14208 0.38831 ( 2)
 207 S   0.89124 0.08306 0.01906 0.00664 ( 1)
 208 N   0.94162 0.00424 0.05347 0.00067 ( 1)
 209 K   0.97369 0.00015 0.02615 0.00002 ( 1)
 210 Y   0.02246 0.80258 0.00758 0.16738 ( 2)
 211 A   0.42822 0.34008 0.16948 0.06222 ( 1)
 212 I   0.94271 0.01882 0.03546 0.00300 ( 1)
 213 N   0.96573 0.00532 0.02814 0.00081 ( 1)
 214 D   0.10021 0.68922 0.06322 0.14735 ( 2)
 215 Y   0.98015 0.00393 0.01571 0.00021 ( 1)
 216 N   0.97272 0.00012 0.02714 0.00002 ( 1)
 217 V   0.01219 0.78131 0.01388 0.19261 ( 2)
 218 Y   0.98081 0.00250 0.01654 0.00014 ( 1)
 219 T   0.40236 0.02350 0.56934 0.00480 ( 3)
 220 R   0.96424 0.02955 0.00572 0.00049 ( 1)
 221 A   0.76013 0.00115 0.23854 0.00019 ( 1)
 222 M   0.99333 0.00063 0.00601 0.00004 ( 1)
 223 V   0.85221 0.09854 0.03494 0.01432 ( 1)
 224 L   0.90741 0.07808 0.01222 0.00229 ( 1)
 225 N   0.97130 0.00136 0.02716 0.00018 ( 1)
 226 G   0.90602 0.07730 0.01369 0.00299 ( 1)
 227 L   0.97975 0.00276 0.01732 0.00017 ( 1)
 228 D   0.97780 0.00005 0.02214 0.00001 ( 1)
 229 I   0.19785 0.69451 0.00918 0.09847 ( 2)
 230 V   0.96627 0.00525 0.02781 0.00068 ( 1)
 231 A   0.97780 0.00020 0.02198 0.00002 ( 1)
 232 T   0.93814 0.01776 0.04150 0.00259 ( 1)
 233 W   0.93138 0.04678 0.02018 0.00166 ( 1)


lnL = -4179.808052

Bayes Empirical Bayes (BEB) probabilities for 4 classes (class)
(amino acids refer to 1st sequence: BT_Cry13Aa1)

   1 S   0.58112 0.14995 0.23793 0.03100 ( 1)
   2 V   0.94290 0.01179 0.04343 0.00189 ( 1)
   3 A   0.95643 0.01646 0.02528 0.00184 ( 1)
   4 V   0.78512 0.00772 0.20591 0.00125 ( 1)
   5 P   0.97955 0.00631 0.01383 0.00031 ( 1)
   6 L   0.67056 0.09189 0.22010 0.01744 ( 1)
   7 I   0.51342 0.23568 0.19935 0.05155 ( 1)
   8 S   0.93343 0.05768 0.00775 0.00114 ( 1)
   9 M   0.99196 0.00169 0.00624 0.00010 ( 1)
  10 L   0.75497 0.02403 0.21657 0.00442 ( 1)
  11 V   0.85713 0.00779 0.13391 0.00118 ( 1)
  12 G   0.84821 0.13255 0.01154 0.00770 ( 1)
  13 V   0.01138 0.04752 0.86876 0.07234 ( 3)
  14 F   0.46122 0.39308 0.09190 0.05379 ( 1)
  15 W   0.93351 0.04774 0.01731 0.00144 ( 1)
  16 P   0.98998 0.00032 0.00969 0.00001 ( 1)
  17 K   0.21429 0.62599 0.03947 0.12025 ( 2)
  18 -   0.56254 0.24826 0.13123 0.05798 ( 1)
  19 -   0.56254 0.24826 0.13123 0.05798 ( 1)
  20 -   0.56254 0.24826 0.13123 0.05798 ( 1)
  21 -   0.56254 0.24826 0.13123 0.05798 ( 1)
  22 -   0.23247 0.57832 0.05421 0.13500 ( 2)
  23 -   0.47849 0.33230 0.11161 0.07760 ( 1)
  24 G   0.00827 0.72708 0.00729 0.25735 ( 2)
  25 T   0.03865 0.81472 0.00475 0.14188 ( 2)
  26 N   0.23740 0.63472 0.04402 0.08386 ( 2)
  27 N   0.84516 0.00367 0.15059 0.00058 ( 1)
  28 Q   0.18496 0.05314 0.74558 0.01631 ( 3)
  29 E   0.71446 0.20982 0.04556 0.03016 ( 1)
  30 N   0.79273 0.06951 0.12520 0.01255 ( 1)
  31 L   0.92898 0.04126 0.02600 0.00376 ( 1)
  32 I   0.95690 0.00728 0.03475 0.00107 ( 1)
  33 T   0.03287 0.76148 0.02610 0.17955 ( 2)
  34 V   0.53697 0.00980 0.45033 0.00290 ( 1)
  35 I   0.96877 0.00022 0.03098 0.00003 ( 1)
  36 D   0.97726 0.00011 0.02261 0.00001 ( 1)
  37 K   0.01844 0.82259 0.00280 0.15617 ( 2)
  38 E   0.97832 0.00013 0.02153 0.00002 ( 1)
  39 V   0.83223 0.00107 0.16651 0.00019 ( 1)
  40 Q   0.98333 0.00056 0.01609 0.00003 ( 1)
  41 R   0.88453 0.00498 0.10984 0.00065 ( 1)
  42 I   0.16426 0.06590 0.74311 0.02672 ( 3)
  43 L   0.96919 0.00178 0.02886 0.00017 ( 1)
  44 D   0.87656 0.00558 0.11698 0.00088 ( 1)
  45 E   0.79820 0.08155 0.10863 0.01162 ( 1)
  46 K   0.20164 0.00604 0.78993 0.00239 ( 3)
  47 L   0.97944 0.00206 0.01837 0.00013 ( 1)
  48 S   0.97798 0.00744 0.01407 0.00051 ( 1)
  49 D   0.11754 0.75311 0.01319 0.11615 ( 2)
  50 Q   0.95652 0.02650 0.01564 0.00133 ( 1)
  51 L   0.04293 0.00061 0.95610 0.00036 ( 3)
  52 I   0.79194 0.02738 0.17570 0.00498 ( 1)
  53 K   0.78506 0.06133 0.14388 0.00973 ( 1)
  54 K   0.60084 0.23290 0.11836 0.04790 ( 1)
  55 L   0.54860 0.17621 0.25405 0.02114 ( 1)
  56 N   0.00115 0.82886 0.00083 0.16916 ( 2)
  57 A   0.86637 0.08158 0.03945 0.01261 ( 1)
  58 D   0.78999 0.02620 0.17954 0.00428 ( 1)
  59 L   0.98293 0.00180 0.01517 0.00010 ( 1)
  60 N   0.21467 0.63610 0.03548 0.11375 ( 2)
  61 A   0.03037 0.84317 0.00241 0.12404 ( 2)
  62 F   0.77065 0.00126 0.22785 0.00023 ( 1)
  63 T   0.06379 0.27990 0.51941 0.13689 ( 3)
  64 D   0.80648 0.13275 0.04097 0.01980 ( 1)
  65 L   0.25415 0.51827 0.12694 0.10064 ( 2)
  66 V   0.21837 0.13924 0.60769 0.03470 ( 3)
  67 T   0.09238 0.75364 0.00819 0.14579 ( 2)
  68 R   0.00154 0.77769 0.00301 0.21775 ( 2)
  69 L   0.16117 0.58692 0.09454 0.15737 ( 2)
  70 E   0.00176 0.80141 0.00273 0.19410 ( 2)
  71 E   0.00344 0.84938 0.00071 0.14647 ( 2)
  72 V   0.72398 0.11837 0.13694 0.02071 ( 1)
  73 I   0.93190 0.02057 0.04402 0.00351 ( 1)
  74 I   0.82269 0.12840 0.03006 0.01885 ( 1)
  75 D   0.97591 0.00081 0.02317 0.00011 ( 1)
  76 A   0.97717 0.00039 0.02240 0.00004 ( 1)
  77 T   0.03150 0.02446 0.92580 0.01824 ( 3)
  78 F   0.94741 0.03490 0.01538 0.00232 ( 1)
  79 -   0.77687 0.03392 0.18128 0.00792 ( 1)
  80 -   0.81013 0.00066 0.18905 0.00016 ( 1)
  81 -   0.73456 0.07624 0.17140 0.01781 ( 1)
  82 -   0.80223 0.00856 0.18721 0.00200 ( 1)
  83 -   0.34390 0.46689 0.08020 0.10901 ( 2)
  84 E   0.56203 0.22982 0.16950 0.03865 ( 1)
  85 N   0.53248 0.17465 0.24984 0.04303 ( 1)
  86 H   0.66285 0.07181 0.25456 0.01077 ( 1)
  87 K   0.85045 0.00274 0.14657 0.00024 ( 1)
  88 P   0.32845 0.16926 0.44176 0.06053 ( 3)
  89 V   0.02740 0.60341 0.12907 0.24012 ( 2)
  90 L   0.09726 0.05677 0.81119 0.03477 ( 3)
  91 Q   0.10240 0.38365 0.40561 0.10834 ( 3)
  92 V   0.23917 0.00756 0.75114 0.00213 ( 3)
  93 S   0.41957 0.28803 0.20960 0.08280 ( 1)
  94 K   0.00305 0.78179 0.00217 0.21300 ( 2)
  95 S   0.98653 0.00106 0.01237 0.00005 ( 1)
  96 N   0.87055 0.00083 0.12848 0.00013 ( 1)
  97 Y   0.98471 0.00094 0.01429 0.00006 ( 1)
  98 M   0.00082 0.74601 0.00547 0.24770 ( 2)
  99 K   0.83495 0.00468 0.15957 0.00080 ( 1)
 100 V   0.96308 0.00099 0.03583 0.00011 ( 1)
 101 D   0.44771 0.40659 0.08232 0.06339 ( 1)
 102 S   0.00230 0.67570 0.00316 0.31884 ( 2)
 103 A   0.00680 0.65214 0.03604 0.30502 ( 2)
 104 Y   0.46361 0.05582 0.46932 0.01125 ( 3)
 105 F   0.00371 0.78636 0.00314 0.20678 ( 2)
 106 S   0.05750 0.81073 0.01373 0.11804 ( 2)
 107 T   0.91541 0.02830 0.05242 0.00387 ( 1)
 108 G   0.00747 0.78594 0.00882 0.19776 ( 2)
 109 G   0.35669 0.58889 0.00479 0.04963 ( 2)
 110 I   0.00499 0.78923 0.01098 0.19481 ( 2)
 111 L   0.98575 0.00221 0.01189 0.00015 ( 1)
 112 T   0.00788 0.84213 0.00152 0.14847 ( 2)
 113 L   0.04036 0.86701 0.00092 0.09172 ( 2)
 114 G   0.13159 0.64518 0.09641 0.12683 ( 2)
 115 M   0.07440 0.78574 0.01492 0.12494 ( 2)
 116 S   0.90147 0.07956 0.01095 0.00803 ( 1)
 117 D   0.11162 0.52420 0.22516 0.13902 ( 2)
 118 F   0.42585 0.01179 0.55893 0.00343 ( 3)
 119 L   0.72835 0.06153 0.19901 0.01111 ( 1)
 120 T   0.72988 0.01463 0.25237 0.00312 ( 1)
 121 D   0.72803 0.02952 0.23714 0.00530 ( 1)
 122 T   0.66833 0.00589 0.32468 0.00110 ( 1)
 123 Y   0.82217 0.00055 0.17719 0.00008 ( 1)
 124 S   0.03931 0.00189 0.95730 0.00150 ( 3)
 125 K   0.19108 0.59656 0.10180 0.11057 ( 2)
 126 L   0.96395 0.02210 0.01230 0.00165 ( 1)
 127 T   0.73404 0.00160 0.26403 0.00033 ( 1)
 128 F   0.42718 0.10758 0.43604 0.02920 ( 3)
 129 P   0.97664 0.00136 0.02189 0.00011 ( 1)
 130 L   0.68570 0.11363 0.18720 0.01346 ( 1)
 131 Y   0.82961 0.00561 0.16400 0.00078 ( 1)
 132 V   0.91675 0.03981 0.03729 0.00615 ( 1)
 133 L   0.76877 0.00130 0.22971 0.00022 ( 1)
 134 G   0.97348 0.00021 0.02629 0.00002 ( 1)
 135 A   0.97858 0.00016 0.02123 0.00002 ( 1)
 136 T   0.96290 0.00056 0.03645 0.00009 ( 1)
 137 M   0.15571 0.67052 0.06361 0.11016 ( 2)
 138 K   0.38943 0.36885 0.16871 0.07301 ( 1)
 139 L   0.96959 0.01776 0.01149 0.00116 ( 1)
 140 S   0.87614 0.10659 0.01207 0.00521 ( 1)
 141 A   0.02850 0.82672 0.00369 0.14109 ( 2)
 142 Y   0.84941 0.13069 0.01137 0.00853 ( 1)
 143 H   0.85609 0.00177 0.14190 0.00024 ( 1)
 144 S   0.08574 0.12352 0.72171 0.06902 ( 3)
 145 Y   0.95245 0.01632 0.02965 0.00157 ( 1)
 146 I   0.96582 0.00188 0.03203 0.00027 ( 1)
 147 Q   0.87272 0.03526 0.08939 0.00263 ( 1)
 148 F   0.98418 0.00013 0.01567 0.00001 ( 1)
 149 G   0.25158 0.51939 0.12049 0.10855 ( 2)
 150 N   0.96200 0.00819 0.02853 0.00127 ( 1)
 151 T   0.00434 0.80758 0.00212 0.18596 ( 2)
 152 W   0.93351 0.04774 0.01731 0.00144 ( 1)
 153 L   0.92791 0.04793 0.02108 0.00308 ( 1)
 154 N   0.54557 0.21950 0.18075 0.05417 ( 1)
 155 K   0.02012 0.74193 0.03745 0.20051 ( 2)
 156 V   0.97024 0.00035 0.02937 0.00005 ( 1)
 157 Y   0.98480 0.00196 0.01310 0.00014 ( 1)
 158 -   0.80042 0.01037 0.18678 0.00242 ( 1)
 159 -   0.76741 0.04339 0.17907 0.01013 ( 1)
 160 -   0.75722 0.05357 0.17669 0.01251 ( 1)
 161 D   0.32573 0.44690 0.11684 0.11053 ( 2)
 162 L   0.02304 0.83058 0.00464 0.14173 ( 2)
 163 S   0.09993 0.73606 0.02142 0.14258 ( 2)
 164 S   0.00015 0.52685 0.00303 0.46997 ( 2)
 165 D   0.02794 0.77727 0.01531 0.17947 ( 2)
 166 E   0.00299 0.74290 0.00331 0.25080 ( 2)
 167 G   0.30442 0.65456 0.00268 0.03834 ( 2)
 168 K   0.02516 0.71858 0.03637 0.21988 ( 2)
 169 T   0.97011 0.00182 0.02783 0.00025 ( 1)
 170 M   0.05456 0.18711 0.67640 0.08194 ( 3)
 171 S   0.00145 0.48187 0.02997 0.48671 ( 4)
 172 Q   0.84492 0.13781 0.01216 0.00510 ( 1)
 173 A   0.36748 0.09722 0.51255 0.02275 ( 3)
 174 L   0.98325 0.00154 0.01513 0.00008 ( 1)
 175 A   0.03262 0.73012 0.02383 0.21343 ( 2)
 176 R   0.03904 0.50404 0.24375 0.21317 ( 2)
 177 A   0.94641 0.01747 0.03367 0.00245 ( 1)
 178 K   0.97343 0.00017 0.02639 0.00002 ( 1)
 179 Q   0.00109 0.61611 0.00781 0.37499 ( 2)
 180 H   0.03838 0.79537 0.01246 0.15379 ( 2)
 181 M   0.99353 0.00025 0.00621 0.00002 ( 1)
 182 R   0.82296 0.15540 0.01517 0.00646 ( 1)
 183 Q   0.03671 0.61078 0.17811 0.17439 ( 2)
 184 D   0.00211 0.82251 0.00136 0.17402 ( 2)
 185 I   0.95628 0.00037 0.04328 0.00007 ( 1)
 186 A   0.00054 0.66137 0.00831 0.32979 ( 2)
 187 F   0.00010 0.72916 0.00046 0.27029 ( 2)
 188 Y   0.96173 0.00817 0.02932 0.00078 ( 1)
 189 T   0.97176 0.00034 0.02785 0.00004 ( 1)
 190 S   0.00125 0.71517 0.01168 0.27190 ( 2)
 191 Q   0.44633 0.37975 0.11103 0.06288 ( 1)
 192 A   0.84435 0.00130 0.15414 0.00021 ( 1)
 193 L   0.73513 0.21457 0.03218 0.01812 ( 1)
 194 N   0.86936 0.08727 0.03347 0.00990 ( 1)
 195 M   0.34250 0.10020 0.52416 0.03314 ( 3)
 196 F   0.98902 0.00007 0.01090 0.00001 ( 1)
 197 T   0.58785 0.01854 0.38868 0.00494 ( 1)
 198 -   0.78957 0.02123 0.18425 0.00496 ( 1)
 199 -   0.21073 0.60006 0.04914 0.14007 ( 2)
 200 G   0.03026 0.76595 0.03245 0.17134 ( 2)
 201 N   0.59765 0.24063 0.09671 0.06501 ( 1)
 202 L   0.11701 0.49376 0.23026 0.15898 ( 2)
 203 P   0.99043 0.00024 0.00932 0.00001 ( 1)
 204 S   0.95217 0.03252 0.01369 0.00161 ( 1)
 205 L   0.97256 0.01113 0.01567 0.00065 ( 1)
 206 S   0.00749 0.46102 0.16162 0.36987 ( 2)
 207 S   0.89695 0.07814 0.01885 0.00606 ( 1)
 208 N   0.94240 0.00423 0.05273 0.00065 ( 1)
 209 K   0.97343 0.00017 0.02639 0.00002 ( 1)
 210 Y   0.03086 0.80038 0.00946 0.15931 ( 2)
 211 A   0.46347 0.31737 0.16419 0.05497 ( 1)
 212 I   0.94308 0.01853 0.03554 0.00285 ( 1)
 213 N   0.96539 0.00538 0.02844 0.00080 ( 1)
 214 D   0.12149 0.67167 0.06953 0.13732 ( 2)
 215 Y   0.97902 0.00416 0.01659 0.00024 ( 1)
 216 N   0.97238 0.00014 0.02747 0.00002 ( 1)
 217 V   0.01698 0.78603 0.01655 0.18044 ( 2)
 218 Y   0.97990 0.00256 0.01739 0.00015 ( 1)
 219 T   0.45046 0.02399 0.52106 0.00449 ( 3)
 220 R   0.96356 0.02902 0.00685 0.00057 ( 1)
 221 A   0.78178 0.00121 0.21683 0.00019 ( 1)
 222 M   0.99313 0.00064 0.00619 0.00004 ( 1)
 223 V   0.86310 0.08990 0.03454 0.01246 ( 1)
 224 L   0.90940 0.07578 0.01257 0.00225 ( 1)
 225 N   0.97071 0.00143 0.02767 0.00019 ( 1)
 226 G   0.90968 0.07289 0.01458 0.00285 ( 1)
 227 L   0.97945 0.00295 0.01742 0.00018 ( 1)
 228 D   0.97758 0.00006 0.02235 0.00001 ( 1)
 229 I   0.23597 0.66293 0.01080 0.09030 ( 2)
 230 V   0.96624 0.00543 0.02765 0.00068 ( 1)
 231 A   0.97812 0.00022 0.02163 0.00002 ( 1)
 232 T   0.94035 0.01706 0.04022 0.00237 ( 1)
 233 W   0.93351 0.04774 0.01731 0.00144 ( 1)

