Supplemental results for CODEML (seqf: algn  treef: tree)


dN/dS (w) for site classes (K=4)

site class             0        1       2a       2b
proportion       0.23142  0.57169  0.05674  0.14016
background w     0.03098  0.51551  0.03098  0.51551
foreground w     0.03098  0.51551  2.94307  2.94307

Naive Empirical Bayes (NEB) probabilities for 4 classes
(amino acids refer to 1st sequence: BT_Cry1Na1)

   1 -   0.31447 0.48864 0.07710 0.11980 ( 2)
   2 I   0.00538 0.79772 0.00132 0.19558 ( 2)
   3 I   0.80025 0.00286 0.19619 0.00070 ( 1)
   4 T   0.71367 0.08944 0.17497 0.02193 ( 1)
   5 Q   0.80118 0.00192 0.19642 0.00047 ( 1)
   6 I   0.79996 0.00315 0.19612 0.00077 ( 1)
   7 P   0.78477 0.01834 0.19240 0.00450 ( 1)
   8 L   0.41193 0.39117 0.10099 0.09590 ( 1)
   9 V   0.80043 0.00267 0.19624 0.00066 ( 1)
  10 K   0.80234 0.00077 0.19670 0.00019 ( 1)
  11 A   0.03744 0.76567 0.00918 0.18771 ( 2)
  12 Y   0.02389 0.77922 0.00586 0.19104 ( 2)
  13 Q   0.00000 0.80311 0.00000 0.19689 ( 2)
  14 I   0.17412 0.62898 0.04269 0.15420 ( 2)
  15 G   0.00232 0.80078 0.00057 0.19632 ( 2)
  16 S   0.00002 0.80308 0.00001 0.19689 ( 2)
  17 G   0.36429 0.43882 0.08931 0.10758 ( 2)
  18 T   0.07503 0.72808 0.01839 0.17850 ( 2)
  19 T   0.02530 0.77780 0.00620 0.19069 ( 2)
  20 V   0.77176 0.03135 0.18921 0.00769 ( 1)
  21 R   0.36289 0.44022 0.08897 0.10793 ( 2)
  22 K   0.00027 0.80284 0.00007 0.19683 ( 2)
  23 G   0.76058 0.04253 0.18646 0.01043 ( 1)
  24 P   0.77194 0.03116 0.18925 0.00764 ( 1)
  25 G   0.79077 0.01234 0.19387 0.00303 ( 1)
  26 F   0.00397 0.79914 0.00097 0.19592 ( 2)
  27 T   0.80120 0.00191 0.19642 0.00047 ( 1)
  28 G   0.80241 0.00069 0.19672 0.00017 ( 1)
  29 G   0.79987 0.00324 0.19610 0.00080 ( 1)
  30 D   0.79646 0.00665 0.19526 0.00163 ( 1)
  31 I   0.24135 0.56176 0.05917 0.13772 ( 2)
  32 L   0.55707 0.24604 0.13657 0.06032 ( 1)
  33 R   0.00007 0.80303 0.00002 0.19687 ( 2)
  34 R   0.03865 0.76446 0.00948 0.18742 ( 2)
  35 T   0.00000 0.80310 0.00000 0.19690 ( 2)
  36 G   0.00001 0.80309 0.00000 0.19689 ( 2)
  37 P   0.00174 0.80137 0.00043 0.19647 ( 2)
  38 G   0.78887 0.01424 0.19340 0.00349 ( 1)
  39 T   0.00471 0.79840 0.00115 0.19574 ( 2)
  40 -   0.24211 0.56100 0.05936 0.13754 ( 2)
  41 F   0.01145 0.79165 0.00281 0.19409 ( 2)
  42 G   0.70269 0.10042 0.17227 0.02462 ( 1)
  43 D   0.00003 0.80307 0.00001 0.19688 ( 2)
  44 M   0.19582 0.60729 0.04801 0.14888 ( 2)
  45 R   0.00000 0.80310 0.00000 0.19689 ( 2)
  46 I   0.00936 0.79375 0.00230 0.19460 ( 2)
  47 N   0.00000 0.80311 0.00000 0.19689 ( 2)
  48 I   0.00586 0.79724 0.00144 0.19545 ( 2)
  49 N   0.00311 0.79998 0.00078 0.19613 ( 2)
  50 A   0.00002 0.80309 0.00001 0.19689 ( 2)
  51 P   0.03255 0.77056 0.00798 0.18891 ( 2)
  52 L   0.00001 0.80309 0.00000 0.19689 ( 2)
  53 S   0.00003 0.80307 0.00001 0.19688 ( 2)
  54 Q   0.00002 0.80309 0.00001 0.19689 ( 2)
  55 -   0.62679 0.17631 0.15367 0.04323 ( 1)
  56 -   0.25615 0.54696 0.06280 0.13409 ( 2)
  57 -   0.23818 0.56493 0.05839 0.13850 ( 2)
  58 -   0.26130 0.54181 0.06406 0.13283 ( 2)
  59 R   0.00011 0.80300 0.00003 0.19687 ( 2)
  60 Y   0.78796 0.01515 0.19318 0.00371 ( 1)
  61 R   0.14380 0.65931 0.03525 0.16164 ( 2)
  62 V   0.25008 0.55302 0.06131 0.13558 ( 2)
  63 R   0.79597 0.00714 0.19514 0.00175 ( 1)
  64 I   0.78461 0.01850 0.19236 0.00454 ( 1)
  65 R   0.80087 0.00224 0.19634 0.00055 ( 1)
  66 Y   0.80150 0.00161 0.19650 0.00039 ( 1)
  67 A   0.80231 0.00080 0.19670 0.00020 ( 1)
  68 S   0.00040 0.80271 0.00010 0.19679 ( 2)
  69 T   0.00969 0.79338 0.00242 0.19452 ( 2)
  70 T   0.01118 0.79193 0.00274 0.19415 ( 2)
  71 D   0.00002 0.80309 0.00000 0.19689 ( 2)
  72 L   0.04578 0.75733 0.01122 0.18567 ( 2)
  73 Q   0.00165 0.80146 0.00040 0.19649 ( 2)
  74 F   0.14552 0.65758 0.03568 0.16121 ( 2)
  75 V   0.00003 0.80308 0.00001 0.19689 ( 2)
  76 T   0.13449 0.66862 0.03297 0.16392 ( 2)
  77 S   0.00001 0.80310 0.00000 0.19689 ( 2)
  78 I   0.00519 0.79792 0.00127 0.19562 ( 2)
  79 -   0.23142 0.57169 0.05674 0.14016 ( 2)
  80 N   0.00854 0.79457 0.00209 0.19480 ( 2)
  81 G   0.00231 0.80080 0.00057 0.19633 ( 2)
  82 T   0.00001 0.80310 0.00000 0.19689 ( 2)
  83 T   0.00505 0.79805 0.00124 0.19565 ( 2)
  84 I   0.23239 0.57072 0.05697 0.13992 ( 2)
  85 N   0.00004 0.80306 0.00001 0.19688 ( 2)
  86 I   0.00027 0.80284 0.00007 0.19683 ( 2)
  87 G   0.12846 0.67465 0.03149 0.16540 ( 2)
  88 N   0.00081 0.80230 0.00020 0.19669 ( 2)
  89 F   0.00027 0.80284 0.00007 0.19683 ( 2)
  90 P   0.01683 0.78627 0.00413 0.19277 ( 2)
  91 K   0.00161 0.80150 0.00039 0.19650 ( 2)
  92 T   0.80004 0.00307 0.19614 0.00075 ( 1)
  93 I   0.00000 0.80310 0.00000 0.19690 ( 2)
  94 N   0.00012 0.80298 0.00003 0.19687 ( 2)
  95 N   0.07578 0.72733 0.01858 0.17831 ( 2)
  96 L   0.00318 0.79992 0.00078 0.19611 ( 2)
  97 -   0.27120 0.53191 0.06649 0.13040 ( 2)
  98 -   0.27120 0.53191 0.06649 0.13040 ( 2)
  99 -   0.26604 0.53707 0.06522 0.13167 ( 2)
 100 -   0.26604 0.53707 0.06522 0.13167 ( 2)
 101 -   0.25221 0.55090 0.06183 0.13506 ( 2)
 102 N   0.03362 0.76948 0.00824 0.18865 ( 2)
 103 T   0.10585 0.69726 0.02595 0.17094 ( 2)
 104 L   0.78920 0.01390 0.19348 0.00341 ( 1)
 105 G   0.00099 0.80212 0.00024 0.19665 ( 2)
 106 S   0.76538 0.03773 0.18764 0.00925 ( 1)
 107 E   0.03397 0.76913 0.00833 0.18856 ( 2)
 108 G   0.00158 0.80153 0.00039 0.19650 ( 2)
 109 Y   0.79645 0.00666 0.19526 0.00163 ( 1)
 110 R   0.00162 0.80149 0.00040 0.19650 ( 2)
 111 T   0.37891 0.42419 0.09290 0.10400 ( 2)
 112 V   0.00219 0.80092 0.00054 0.19635 ( 2)
 113 S   0.00030 0.80281 0.00007 0.19682 ( 2)
 114 F   0.00048 0.80262 0.00012 0.19677 ( 2)
 115 S   0.00005 0.80306 0.00001 0.19688 ( 2)
 116 T   0.00009 0.80302 0.00002 0.19687 ( 2)
 117 P   0.00000 0.80310 0.00000 0.19690 ( 2)
 118 F   0.00008 0.80303 0.00002 0.19687 ( 2)
 119 S   0.00012 0.80298 0.00003 0.19686 ( 2)
 120 F   0.00000 0.80311 0.00000 0.19689 ( 2)
 121 S   0.00000 0.80311 0.00000 0.19689 ( 2)
 122 N   0.00001 0.80309 0.00000 0.19689 ( 2)
 123 A   0.40582 0.39729 0.09949 0.09740 ( 1)
 124 Q   0.03356 0.76955 0.00823 0.18867 ( 2)
 125 S   0.00010 0.80301 0.00002 0.19687 ( 2)
 126 -   0.11016 0.69295 0.02701 0.16989 ( 2)
 127 -   0.00890 0.79421 0.00218 0.19471 ( 2)
 128 -   0.00100 0.80211 0.00025 0.19665 ( 2)
 129 -   0.02361 0.77950 0.00579 0.19111 ( 2)
 130 I   0.00065 0.80246 0.00016 0.19673 ( 2)
 131 F   0.00225 0.80085 0.00055 0.19635 ( 2)
 132 R   0.00002 0.80309 0.00001 0.19689 ( 2)
 133 L   0.33727 0.46584 0.08269 0.11421 ( 2)
 134 G   0.00000 0.80311 0.00000 0.19689 ( 2)
 135 I   0.00054 0.80257 0.00013 0.19676 ( 2)
 136 Q   0.00433 0.79878 0.00106 0.19583 ( 2)
 137 A   0.00022 0.80289 0.00005 0.19684 ( 2)
 138 F   0.00123 0.80187 0.00030 0.19659 ( 2)
 139 S   0.00000 0.80311 0.00000 0.19689 ( 2)
 140 G   0.00039 0.80272 0.00010 0.19680 ( 2)
 141 V   0.00175 0.80136 0.00043 0.19647 ( 2)
 142 Q   0.00493 0.79818 0.00121 0.19568 ( 2)
 143 E   0.00063 0.80248 0.00015 0.19674 ( 2)
 144 V   0.00368 0.79940 0.00093 0.19600 ( 2)
 145 Y   0.00010 0.80300 0.00003 0.19687 ( 2)
 146 V   0.77008 0.03303 0.18879 0.00810 ( 1)
 147 D   0.80276 0.00035 0.19681 0.00009 ( 1)
 148 K   0.61186 0.19125 0.15000 0.04689 ( 1)
 149 I   0.80048 0.00263 0.19625 0.00065 ( 1)
 150 E   0.80276 0.00035 0.19681 0.00009 ( 1)
 151 F   0.80288 0.00023 0.19683 0.00006 ( 1)
 152 I   0.00758 0.79553 0.00186 0.19504 ( 2)
 153 P   0.78460 0.01851 0.19236 0.00454 ( 1)


lnL = -2665.585259

