Supplemental results for CODEML (seqf: algn  treef: tree)


dN/dS (w) for site classes (K=4)

site class             0        1       2a       2b
proportion       0.79207  0.14374  0.05433  0.00986
background w     0.15480  1.00000  0.15480  1.00000
foreground w     0.15480  1.00000  1.00000  1.00000

Naive Empirical Bayes (NEB) probabilities for 4 classes
(amino acids refer to 1st sequence: BT_Cry3Aa10)

   1 -   0.95165 0.01506 0.03225 0.00103 ( 1)
   2 -   0.95608 0.01539 0.02747 0.00106 ( 1)
   3 G   0.77386 0.10964 0.10898 0.00752 ( 1)
   4 G   0.95534 0.00266 0.04182 0.00018 ( 1)
   5 A   0.87867 0.07685 0.03921 0.00527 ( 1)
   6 L   0.93679 0.01757 0.04443 0.00121 ( 1)
   7 V   0.42129 0.05119 0.52401 0.00351 ( 3)
   8 S   0.68446 0.27033 0.02667 0.01854 ( 1)
   9 F   0.97213 0.00299 0.02468 0.00021 ( 1)
  10 Y   0.97026 0.00126 0.02840 0.00009 ( 1)
  11 T   0.38882 0.03469 0.57412 0.00238 ( 3)
  12 N   0.06664 0.68144 0.20518 0.04674 ( 2)
  13 F   0.94988 0.02307 0.02547 0.00158 ( 1)
  14 L   0.89086 0.04977 0.05595 0.00341 ( 1)
  15 N   0.95466 0.00707 0.03778 0.00049 ( 1)
  16 T   0.75808 0.04486 0.19398 0.00308 ( 1)
  17 I   0.95358 0.01921 0.02590 0.00132 ( 1)
  18 W   0.93506 0.01601 0.04783 0.00110 ( 1)
  19 P   0.96771 0.00135 0.03085 0.00009 ( 1)
  20 S   0.60429 0.35401 0.01742 0.02428 ( 1)
  21 E   0.85731 0.01872 0.12269 0.00128 ( 1)
  22 -   0.80111 0.13470 0.05495 0.00924 ( 1)
  23 -   0.42005 0.49204 0.05417 0.03375 ( 2)
  24 D   0.87652 0.08211 0.03573 0.00563 ( 1)
  25 P   0.93454 0.03113 0.03220 0.00213 ( 1)
  26 W   0.85480 0.09496 0.04373 0.00651 ( 1)
  27 K   0.94779 0.01433 0.03689 0.00098 ( 1)
  28 A   0.93973 0.02977 0.02846 0.00204 ( 1)
  29 F   0.97481 0.00056 0.02459 0.00004 ( 1)
  30 M   0.97090 0.00048 0.02859 0.00003 ( 1)
  31 E   0.78261 0.05993 0.15335 0.00411 ( 1)
  32 Q   0.96839 0.00124 0.03028 0.00009 ( 1)
  33 V   0.96350 0.00183 0.03455 0.00013 ( 1)
  34 E   0.97476 0.00091 0.02427 0.00006 ( 1)
  35 A   0.82602 0.03873 0.13259 0.00266 ( 1)
  36 L   0.92852 0.02105 0.04899 0.00144 ( 1)
  37 M   0.95517 0.01320 0.03073 0.00091 ( 1)
  38 D   0.97542 0.00257 0.02183 0.00018 ( 1)
  39 Q   0.75753 0.03122 0.20911 0.00214 ( 1)
  40 K   0.97473 0.00090 0.02431 0.00006 ( 1)
  41 I   0.97524 0.00086 0.02385 0.00006 ( 1)
  42 A   0.74616 0.02129 0.23109 0.00146 ( 1)
  43 D   0.88173 0.01248 0.10494 0.00086 ( 1)
  44 Y   0.97026 0.00126 0.02840 0.00009 ( 1)
  45 A   0.96830 0.00165 0.02994 0.00011 ( 1)
  46 K   0.97015 0.00495 0.02456 0.00034 ( 1)
  47 N   0.83340 0.02808 0.13659 0.00193 ( 1)
  48 K   0.94100 0.03325 0.02347 0.00228 ( 1)
  49 A   0.96041 0.01004 0.02886 0.00069 ( 1)
  50 L   0.16069 0.78067 0.00509 0.05355 ( 2)
  51 A   0.95722 0.01494 0.02681 0.00102 ( 1)
  52 E   0.90827 0.05291 0.03519 0.00363 ( 1)
  53 L   0.93418 0.02957 0.03422 0.00203 ( 1)
  54 Q   0.92925 0.02678 0.04213 0.00184 ( 1)
  55 G   0.92635 0.03864 0.03236 0.00265 ( 1)
  56 L   0.88170 0.08480 0.02768 0.00582 ( 1)
  57 Q   0.04285 0.89433 0.00147 0.06134 ( 2)
  58 N   0.96911 0.00913 0.02113 0.00063 ( 1)
  59 N   0.43013 0.52419 0.00972 0.03595 ( 2)
  60 V   0.04147 0.89533 0.00179 0.06141 ( 2)
  61 E   0.77904 0.18632 0.02187 0.01278 ( 1)
  62 D   0.08328 0.85615 0.00185 0.05872 ( 2)
  63 Y   0.96053 0.01063 0.02811 0.00073 ( 1)
  64 V   0.47052 0.48207 0.01435 0.03307 ( 2)
  65 S   0.69257 0.19709 0.09682 0.01352 ( 1)
  66 A   0.83850 0.11813 0.03527 0.00810 ( 1)
  67 L   0.68136 0.26911 0.03108 0.01846 ( 1)
  68 S   0.00402 0.93129 0.00081 0.06388 ( 2)
  69 S   0.64763 0.29995 0.03184 0.02057 ( 1)
  70 W   0.56254 0.38246 0.02878 0.02623 ( 1)
  71 Q   0.01993 0.91575 0.00151 0.06281 ( 2)
  72 K   0.93603 0.03781 0.02356 0.00259 ( 1)
  73 N   0.39262 0.24716 0.34327 0.01695 ( 1)
  74 P   0.96532 0.00169 0.03288 0.00012 ( 1)
  75 V   0.08152 0.84189 0.01885 0.05775 ( 2)
  76 S   0.67188 0.17460 0.14155 0.01198 ( 1)
  77 S   0.77932 0.11418 0.09868 0.00783 ( 1)
  78 R   0.95425 0.00527 0.04012 0.00036 ( 1)
  79 N   0.37182 0.51212 0.08094 0.03513 ( 2)
  80 P   0.02181 0.89730 0.01935 0.06155 ( 2)
  81 H   0.91725 0.04460 0.03509 0.00306 ( 1)
  82 S   0.76713 0.18230 0.03806 0.01250 ( 1)
  83 Q   0.94754 0.01979 0.03131 0.00136 ( 1)
  84 G   0.60930 0.19879 0.17827 0.01364 ( 1)
  85 R   0.90282 0.05311 0.04042 0.00364 ( 1)
  86 I   0.97199 0.00376 0.02399 0.00026 ( 1)
  87 R   0.96788 0.00164 0.03036 0.00011 ( 1)
  88 E   0.93267 0.03733 0.02744 0.00256 ( 1)
  89 L   0.90028 0.06344 0.03193 0.00435 ( 1)
  90 F   0.97481 0.00056 0.02459 0.00004 ( 1)
  91 S   0.83085 0.13338 0.02663 0.00915 ( 1)
  92 Q   0.87342 0.09264 0.02759 0.00635 ( 1)
  93 A   0.92030 0.05029 0.02596 0.00345 ( 1)
  94 E   0.97227 0.00316 0.02436 0.00022 ( 1)
  95 S   0.96934 0.00050 0.03012 0.00003 ( 1)
  96 H   0.95194 0.02287 0.02362 0.00157 ( 1)
  97 F   0.97481 0.00056 0.02459 0.00004 ( 1)
  98 R   0.81421 0.14638 0.02937 0.01004 ( 1)
  99 N   0.50641 0.44424 0.01889 0.03047 ( 1)
 100 S   0.91278 0.03853 0.04604 0.00264 ( 1)
 101 M   0.97090 0.00048 0.02859 0.00003 ( 1)
 102 P   0.94746 0.00488 0.04732 0.00034 ( 1)
 103 S   0.95059 0.00921 0.03957 0.00063 ( 1)
 104 F   0.97481 0.00056 0.02459 0.00004 ( 1)
 105 A   0.90463 0.06232 0.02877 0.00427 ( 1)
 106 I   0.95097 0.01840 0.02936 0.00126 ( 1)
 107 S   0.93488 0.01916 0.04465 0.00131 ( 1)
 108 G   0.34819 0.45693 0.16355 0.03134 ( 2)
 109 Y   0.74509 0.14558 0.09934 0.00999 ( 1)
 110 E   0.97183 0.00194 0.02609 0.00013 ( 1)
 111 V   0.96808 0.00167 0.03013 0.00011 ( 1)
 112 L   0.92832 0.02534 0.04460 0.00174 ( 1)
 113 F   0.97457 0.00075 0.02463 0.00005 ( 1)
 114 L   0.95893 0.00467 0.03608 0.00032 ( 1)
 115 T   0.87598 0.06282 0.05689 0.00431 ( 1)
 116 T   0.94853 0.02312 0.02676 0.00159 ( 1)
 117 Y   0.97026 0.00126 0.02840 0.00009 ( 1)
 118 A   0.96742 0.00516 0.02706 0.00035 ( 1)
 119 Q   0.84206 0.12258 0.02696 0.00841 ( 1)
 120 A   0.96844 0.00188 0.02956 0.00013 ( 1)
 121 A   0.96309 0.00593 0.03057 0.00041 ( 1)
 122 N   0.96986 0.00272 0.02724 0.00019 ( 1)
 123 I   0.78042 0.18487 0.02202 0.01268 ( 1)
 124 H   0.97260 0.00330 0.02388 0.00023 ( 1)
 125 L   0.80060 0.15918 0.02930 0.01092 ( 1)
 126 F   0.18640 0.74943 0.01277 0.05140 ( 2)
 127 L   0.93667 0.02587 0.03569 0.00177 ( 1)
 128 L   0.80826 0.15129 0.03008 0.01038 ( 1)
 129 K   0.96870 0.00635 0.02452 0.00044 ( 1)
 130 D   0.70597 0.25666 0.01977 0.01760 ( 1)
 131 A   0.91632 0.05260 0.02748 0.00361 ( 1)
 132 Q   0.59642 0.36009 0.01879 0.02470 ( 1)
 133 I   0.74488 0.11132 0.13617 0.00764 ( 1)
 134 Y   0.45528 0.47218 0.04015 0.03239 ( 2)
 135 G   0.90387 0.06417 0.02756 0.00440 ( 1)
 136 E   0.10854 0.83154 0.00289 0.05704 ( 2)
 137 E   0.68251 0.28093 0.01729 0.01927 ( 1)
 138 W   0.86396 0.08595 0.04420 0.00590 ( 1)
 139 G   0.96092 0.00915 0.02930 0.00063 ( 1)
 140 Y   0.02511 0.91158 0.00078 0.06253 ( 2)
 141 E   0.78214 0.17947 0.02608 0.01231 ( 1)
 142 K   0.14128 0.77114 0.03469 0.05289 ( 2)
 143 E   0.02133 0.91521 0.00068 0.06278 ( 2)
 144 D   0.63021 0.33301 0.01393 0.02284 ( 1)
 145 I   0.77795 0.06287 0.15487 0.00431 ( 1)
 146 A   0.00931 0.92666 0.00048 0.06356 ( 2)
 147 E   0.83252 0.13664 0.02147 0.00937 ( 1)
 148 F   0.89619 0.07583 0.02278 0.00520 ( 1)
 149 Y   0.90356 0.06452 0.02750 0.00443 ( 1)
 150 K   0.23030 0.42762 0.31275 0.02933 ( 2)
 151 R   0.94572 0.02461 0.02798 0.00169 ( 1)
 152 Q   0.96839 0.00124 0.03028 0.00009 ( 1)
 153 L   0.26490 0.66810 0.02117 0.04583 ( 2)
 154 K   0.93448 0.03851 0.02436 0.00264 ( 1)
 155 L   0.96816 0.00136 0.03038 0.00009 ( 1)
 156 T   0.95034 0.00682 0.04238 0.00047 ( 1)
 157 Q   0.22964 0.71318 0.00826 0.04892 ( 2)
 158 E   0.82698 0.00830 0.16415 0.00057 ( 1)
 159 Y   0.95371 0.00224 0.04390 0.00015 ( 1)
 160 T   0.96087 0.00946 0.02903 0.00065 ( 1)
 161 D   0.94089 0.01953 0.03824 0.00134 ( 1)
 162 H   0.97532 0.00065 0.02399 0.00004 ( 1)
 163 C   0.96850 0.00089 0.03056 0.00006 ( 1)
 164 V   0.86368 0.08633 0.04407 0.00592 ( 1)
 165 K   0.86993 0.00589 0.12378 0.00040 ( 1)
 166 W   0.93506 0.01601 0.04783 0.00110 ( 1)
 167 Y   0.97026 0.00126 0.02840 0.00009 ( 1)
 168 N   0.91020 0.05907 0.02668 0.00405 ( 1)
 169 V   0.78325 0.17272 0.03219 0.01185 ( 1)
 170 G   0.96915 0.00121 0.02955 0.00008 ( 1)
 171 L   0.96066 0.00391 0.03516 0.00027 ( 1)
 172 D   0.84047 0.03862 0.11826 0.00265 ( 1)
 173 K   0.11565 0.05049 0.83039 0.00346 ( 3)
 174 L   0.96066 0.00391 0.03516 0.00027 ( 1)
 175 R   0.96638 0.00472 0.02858 0.00032 ( 1)
 176 G   0.96856 0.00173 0.02959 0.00012 ( 1)
 177 S   0.95689 0.00593 0.03677 0.00041 ( 1)
 178 S   0.85935 0.10688 0.02644 0.00733 ( 1)
 179 Y   0.92130 0.04818 0.02722 0.00330 ( 1)
 180 E   0.85731 0.01872 0.12269 0.00128 ( 1)
 181 S   0.11825 0.82076 0.00469 0.05630 ( 2)
 182 W   0.93506 0.01601 0.04783 0.00110 ( 1)
 183 V   0.94758 0.00944 0.04233 0.00065 ( 1)
 184 N   0.71541 0.21791 0.05173 0.01495 ( 1)
 185 F   0.97135 0.00376 0.02463 0.00026 ( 1)
 186 N   0.92150 0.03827 0.03760 0.00262 ( 1)
 187 R   0.93500 0.02936 0.03362 0.00201 ( 1)
 188 Y   0.90149 0.02170 0.07532 0.00149 ( 1)
 189 R   0.90318 0.04126 0.05273 0.00283 ( 1)
 190 R   0.97056 0.00080 0.02859 0.00005 ( 1)
 191 E   0.96896 0.00271 0.02814 0.00019 ( 1)
 192 M   0.97090 0.00048 0.02859 0.00003 ( 1)
 193 T   0.97149 0.00100 0.02743 0.00007 ( 1)
 194 L   0.95948 0.00503 0.03515 0.00034 ( 1)
 195 T   0.96953 0.00134 0.02904 0.00009 ( 1)
 196 V   0.97220 0.00143 0.02626 0.00010 ( 1)
 197 L   0.96066 0.00391 0.03516 0.00027 ( 1)
 198 D   0.97669 0.00192 0.02126 0.00013 ( 1)
 199 L   0.90398 0.05629 0.03586 0.00386 ( 1)
 200 I   0.95353 0.01882 0.02636 0.00129 ( 1)
 201 A   0.69616 0.16512 0.12740 0.01133 ( 1)
 202 L   0.93611 0.01586 0.04694 0.00109 ( 1)
 203 F   0.95817 0.00343 0.03816 0.00024 ( 1)
 204 P   0.94526 0.02292 0.03025 0.00157 ( 1)
 205 L   0.02377 0.91126 0.00247 0.06250 ( 2)


lnL = -2594.760533

