Supplemental results for CODEML (seqf: algn  treef: tree)


dN/dS (w) for site classes (K=4)

site class             0        1       2a       2b
proportion       0.28752  0.44345  0.10582  0.16321
background w     0.03405  0.30602  0.03405  0.30602
foreground w     0.03405  0.30602  3.06001  3.06001

Naive Empirical Bayes (NEB) probabilities for 4 classes
(amino acids refer to 1st sequence: BT_Cry1Fb1)

   1 -   0.58715 0.25894 0.09788 0.05603 ( 1)
   2 -   0.77409 0.13757 0.07329 0.01505 ( 1)
   3 I   0.00237 0.82039 0.00048 0.17676 ( 2)
   4 I   0.87563 0.03034 0.09040 0.00363 ( 1)
   5 T   0.09968 0.69279 0.02532 0.18221 ( 2)
   6 Q   0.47580 0.36584 0.08696 0.07140 ( 1)
   7 I   0.58209 0.29815 0.07646 0.04329 ( 1)
   8 P   0.83445 0.04451 0.11434 0.00671 ( 1)
   9 A   0.00011 0.87524 0.00001 0.12464 ( 2)
  10 V   0.75901 0.03419 0.19759 0.00921 ( 1)
  11 K   0.87347 0.02501 0.09833 0.00319 ( 1)
  12 A   0.01320 0.83540 0.00214 0.14926 ( 2)
  13 H   0.00028 0.89156 0.00003 0.10813 ( 2)
  14 N   0.01883 0.85041 0.00258 0.12818 ( 2)
  15 L   0.00385 0.33369 0.05808 0.60438 ( 4)
  16 H   0.59616 0.26180 0.09630 0.04575 ( 1)
  17 -   0.37328 0.51318 0.04466 0.06888 ( 2)
  18 -   0.31785 0.47413 0.08182 0.12620 ( 2)
  19 S   0.00039 0.44111 0.00387 0.55464 ( 4)
  20 G   0.76140 0.02752 0.20350 0.00758 ( 1)
  21 S   0.00351 0.86973 0.00046 0.12629 ( 2)
  22 T   0.00200 0.46314 0.01746 0.51740 ( 4)
  23 V   0.76586 0.02921 0.19715 0.00778 ( 1)
  24 V   0.00565 0.31665 0.08801 0.58968 ( 4)
  25 R   0.00506 0.41827 0.05075 0.52592 ( 4)
  26 G   0.87329 0.02528 0.09822 0.00321 ( 1)
  27 P   0.79993 0.06031 0.12922 0.01054 ( 1)
  28 G   0.71057 0.06700 0.20285 0.01958 ( 1)
  29 F   0.88082 0.01628 0.10080 0.00210 ( 1)
  30 T   0.85751 0.03115 0.10698 0.00437 ( 1)
  31 G   0.85633 0.04202 0.09631 0.00533 ( 1)
  32 G   0.83855 0.03439 0.12159 0.00547 ( 1)
  33 D   0.71984 0.19110 0.06816 0.02090 ( 1)
  34 L   0.06230 0.81165 0.00818 0.11786 ( 2)
  35 L   0.38718 0.49876 0.04643 0.06763 ( 2)
  36 R   0.00056 0.02044 0.65361 0.32539 ( 3)
  37 R   0.01258 0.34595 0.14576 0.49570 ( 4)
  38 T   0.01661 0.09013 0.56022 0.33304 ( 3)
  39 N   0.00026 0.32539 0.00457 0.66978 ( 4)
  40 T   0.20144 0.70611 0.01824 0.07421 ( 2)
  41 G   0.00116 0.00666 0.91800 0.07417 ( 3)
  42 -   0.00033 0.03722 0.37856 0.58389 ( 4)
  43 T   0.02430 0.86789 0.00256 0.10526 ( 2)
  44 F   0.01080 0.31640 0.14727 0.52553 ( 4)
  45 A   0.15208 0.74150 0.01616 0.09025 ( 2)
  46 D   0.00111 0.81498 0.00024 0.18367 ( 2)
  47 I   0.00841 0.82850 0.00153 0.16156 ( 2)
  48 R   0.18684 0.63767 0.03810 0.13739 ( 2)
  49 V   0.61624 0.28373 0.06550 0.03453 ( 1)
  50 N   0.00115 0.26939 0.02612 0.70334 ( 4)
  51 I   0.00007 0.06506 0.06421 0.87067 ( 4)
  52 T   0.03201 0.86983 0.00303 0.09513 ( 2)
  53 G   0.00104 0.87093 0.00014 0.12790 ( 2)
  54 -   0.28752 0.44345 0.10582 0.16321 ( 2)
  55 P   0.06946 0.70482 0.01982 0.20590 ( 2)
  56 L   0.04972 0.81365 0.00721 0.12942 ( 2)
  57 S   0.10925 0.76928 0.01363 0.10784 ( 2)
  58 Q   0.07816 0.75934 0.01429 0.14821 ( 2)
  59 R   0.10067 0.72302 0.02053 0.15578 ( 2)
  60 Y   0.84799 0.03115 0.11615 0.00470 ( 1)
  61 R   0.82529 0.04161 0.12619 0.00691 ( 1)
  62 V   0.66198 0.23135 0.07631 0.03036 ( 1)
  63 R   0.87119 0.02251 0.10330 0.00300 ( 1)
  64 I   0.63173 0.20283 0.12338 0.04206 ( 1)
  65 R   0.31408 0.57691 0.03536 0.07365 ( 2)
  66 Y   0.84799 0.03115 0.11615 0.00470 ( 1)
  67 A   0.76994 0.02381 0.19986 0.00639 ( 1)
  68 S   0.63398 0.26613 0.06753 0.03236 ( 1)
  69 T   0.56254 0.33730 0.05925 0.04091 ( 1)
  70 T   0.74662 0.16811 0.06760 0.01767 ( 1)
  71 D   0.08549 0.81934 0.00780 0.08737 ( 2)
  72 L   0.08888 0.79822 0.01017 0.10273 ( 2)
  73 Q   0.05313 0.67784 0.01955 0.24948 ( 2)
  74 F   0.59974 0.27637 0.08215 0.04174 ( 1)
  75 F   0.04194 0.75501 0.01030 0.19275 ( 2)
  76 T   0.01835 0.86928 0.00206 0.11030 ( 2)
  77 R   0.00187 0.88973 0.00020 0.10820 ( 2)
  78 I   0.00209 0.86673 0.00029 0.13089 ( 2)
  79 N   0.02204 0.85359 0.00281 0.12156 ( 2)
  80 G   0.83726 0.03566 0.12140 0.00567 ( 1)
  81 T   0.07035 0.83547 0.00637 0.08781 ( 2)
  82 S   0.00006 0.48796 0.00047 0.51152 ( 4)
  83 V   0.54316 0.24439 0.14517 0.06728 ( 1)
  84 N   0.00036 0.00042 0.98530 0.01392 ( 3)
  85 Q   0.02110 0.79257 0.00461 0.18172 ( 2)
  86 G   0.00073 0.86204 0.00011 0.13712 ( 2)
  87 -   0.38551 0.51331 0.03980 0.06138 ( 2)
  88 -   0.35256 0.50266 0.05695 0.08784 ( 2)
  89 -   0.37693 0.51529 0.04239 0.06539 ( 2)
  90 -   0.31770 0.47398 0.08194 0.12638 ( 2)
  91 -   0.39079 0.51926 0.03538 0.05457 ( 2)
  92 N   0.00004 0.37992 0.00055 0.61949 ( 4)
  93 F   0.62709 0.27303 0.06665 0.03323 ( 1)
  94 Q   0.00082 0.86821 0.00011 0.13086 ( 2)
  95 R   0.30832 0.58259 0.03471 0.07438 ( 2)
  96 T   0.86325 0.02549 0.10769 0.00357 ( 1)
  97 M   0.87657 0.01459 0.10687 0.00197 ( 1)
  98 N   0.00392 0.47431 0.03145 0.49031 ( 4)
  99 R   0.05891 0.82592 0.00679 0.10837 ( 2)
 100 G   0.06738 0.04370 0.82338 0.06554 ( 3)
 101 G   0.00108 0.45285 0.01006 0.53601 ( 4)
 102 N   0.02283 0.84646 0.00313 0.12759 ( 2)
 103 L   0.79274 0.09005 0.10413 0.01308 ( 1)
 104 E   0.01273 0.82248 0.00235 0.16244 ( 2)
 105 S   0.17150 0.69939 0.02349 0.10562 ( 2)
 106 G   0.00030 0.89154 0.00003 0.10813 ( 2)
 107 N   0.00634 0.82880 0.00117 0.16369 ( 2)
 108 F   0.88082 0.01628 0.10080 0.00210 ( 1)
 109 R   0.02131 0.87056 0.00227 0.10587 ( 2)
 110 T   0.03169 0.83749 0.00434 0.12648 ( 2)
 111 A   0.31391 0.58386 0.03241 0.06982 ( 2)
 112 G   0.11414 0.78879 0.01081 0.08627 ( 2)
 113 F   0.66677 0.17720 0.12148 0.03455 ( 1)
 114 S   0.17638 0.69473 0.02417 0.10472 ( 2)
 115 T   0.00069 0.04047 0.52532 0.43351 ( 3)
 116 P   0.59176 0.24966 0.10927 0.04931 ( 1)
 117 F   0.48215 0.39253 0.06604 0.05928 ( 1)
 118 S   0.00998 0.88200 0.00105 0.10697 ( 2)
 119 F   0.88082 0.01628 0.10080 0.00210 ( 1)
 120 S   0.00053 0.90438 0.00005 0.09505 ( 2)
 121 N   0.03266 0.80437 0.00597 0.15700 ( 2)
 122 A   0.00574 0.33701 0.08103 0.57621 ( 4)
 123 Q   0.00001 0.36025 0.00021 0.63952 ( 4)
 124 S   0.02340 0.78960 0.00514 0.18186 ( 2)
 125 T   0.00057 0.46450 0.00506 0.52987 ( 4)
 126 F   0.00313 0.34225 0.04603 0.60859 ( 4)
 127 T   0.00078 0.42772 0.00823 0.56327 ( 4)
 128 L   0.07705 0.71418 0.01973 0.18905 ( 2)
 129 G   0.00012 0.03672 0.19653 0.76663 ( 4)
 130 T   0.01143 0.37458 0.12034 0.49365 ( 4)
 131 Q   0.00179 0.90188 0.00016 0.09617 ( 2)
 132 A   0.00037 0.23649 0.01076 0.75238 ( 4)
 133 F   0.03988 0.07354 0.72800 0.15857 ( 3)
 134 -   0.00005 0.45773 0.00044 0.54179 ( 4)
 135 S   0.76423 0.07904 0.14112 0.01561 ( 1)
 136 N   0.04861 0.78852 0.00883 0.15404 ( 2)
 137 Q   0.01517 0.84777 0.00220 0.13485 ( 2)
 138 E   0.51733 0.26319 0.14420 0.07527 ( 1)
 139 V   0.06472 0.10955 0.68136 0.14437 ( 3)
 140 Y   0.84799 0.03115 0.11615 0.00470 ( 1)
 141 I   0.24065 0.63780 0.03072 0.09083 ( 2)
 142 D   0.75474 0.05566 0.17606 0.01354 ( 1)
 143 R   0.03073 0.27826 0.32457 0.36644 ( 4)
 144 I   0.72006 0.18133 0.07653 0.02207 ( 1)
 145 E   0.87230 0.02058 0.10436 0.00276 ( 1)
 146 F   0.49136 0.40082 0.05623 0.05159 ( 1)
 147 V   0.39625 0.39598 0.10219 0.10558 ( 1)
 148 -   0.28752 0.44345 0.10582 0.16321 ( 2)


lnL = -2045.224554

