Supplemental results for CODEML (seqf: algn  treef: tree)


dN/dS (w) for site classes (K=4)

site class             0        1       2a       2b
proportion       0.68700  0.16527  0.11908  0.02865
background w     0.12490  1.00000  0.12490  1.00000
foreground w     0.12490  1.00000 10.71635 10.71635

Naive Empirical Bayes (NEB) probabilities for 4 classes
(amino acids refer to 1st sequence: BT_Cry1A-like)

   1 -   0.68700 0.16527 0.11908 0.02865 ( 1)
   2 -   0.68700 0.16527 0.11908 0.02865 ( 1)
   3 -   0.07210 0.78017 0.01250 0.13523 ( 2)
   4 S   0.04569 0.80658 0.00792 0.13981 ( 2)
   5 A   0.79693 0.05534 0.13814 0.00959 ( 1)
   6 E   0.01230 0.83997 0.00213 0.14560 ( 2)
   7 F   0.84234 0.00993 0.14601 0.00172 ( 1)
   8 N   0.02177 0.83050 0.00377 0.14396 ( 2)
   9 N   0.80117 0.05110 0.13887 0.00886 ( 1)
  10 I   0.37975 0.47252 0.06582 0.08191 ( 2)
  11 I   0.84646 0.00581 0.14672 0.00101 ( 1)
  12 P   0.84198 0.01029 0.14595 0.00178 ( 1)
  13 S   0.73840 0.03814 0.22252 0.00094 ( 1)
  14 S   0.95317 0.04374 0.00274 0.00034 ( 1)
  15 Q   0.00005 0.73917 0.00027 0.26052 ( 2)
  16 I   0.98788 0.00001 0.01212 0.00000 ( 1)
  17 T   0.98251 0.00001 0.01748 0.00000 ( 1)
  18 Q   0.99456 0.00003 0.00542 0.00000 ( 1)
  19 I   0.99431 0.00000 0.00569 0.00000 ( 1)
  20 P   0.96599 0.00001 0.03401 0.00000 ( 1)
  21 L   0.07460 0.91534 0.00050 0.00955 ( 2)
  22 T   0.99538 0.00002 0.00460 0.00000 ( 1)
  23 K   0.99171 0.00009 0.00820 0.00000 ( 1)
  24 S   0.97625 0.01948 0.00406 0.00020 ( 1)
  25 T   0.00000 0.98438 0.00000 0.01562 ( 2)
  26 N   0.86305 0.13316 0.00270 0.00108 ( 1)
  27 L   0.99169 0.00562 0.00266 0.00003 ( 1)
  28 G   0.00000 0.99459 0.00000 0.00541 ( 2)
  29 S   0.96077 0.03199 0.00688 0.00037 ( 1)
  30 G   0.99708 0.00001 0.00291 0.00000 ( 1)
  31 T   0.07885 0.89763 0.00151 0.02200 ( 2)
  32 S   0.18153 0.78816 0.00400 0.02630 ( 2)
  33 V   0.89173 0.00000 0.10827 0.00000 ( 1)
  34 V   0.99605 0.00013 0.00381 0.00000 ( 1)
  35 K   0.75751 0.14460 0.09305 0.00484 ( 1)
  36 G   0.99596 0.00000 0.00404 0.00000 ( 1)
  37 P   0.99598 0.00001 0.00401 0.00000 ( 1)
  38 G   0.98206 0.00001 0.01794 0.00000 ( 1)
  39 F   0.99692 0.00000 0.00308 0.00000 ( 1)
  40 T   0.99351 0.00000 0.00649 0.00000 ( 1)
  41 G   0.99709 0.00000 0.00291 0.00000 ( 1)
  42 G   0.96792 0.00008 0.03200 0.00000 ( 1)
  43 D   0.99759 0.00000 0.00241 0.00000 ( 1)
  44 I   0.98310 0.00003 0.01687 0.00000 ( 1)
  45 L   0.99731 0.00000 0.00268 0.00000 ( 1)
  46 R   0.86450 0.11936 0.01373 0.00241 ( 1)
  47 R   0.99644 0.00002 0.00354 0.00000 ( 1)
  48 T   0.97330 0.00084 0.02583 0.00003 ( 1)
  49 S   0.42498 0.56851 0.00134 0.00517 ( 2)
  50 P   0.67601 0.12837 0.18677 0.00885 ( 1)
  51 G   0.75895 0.00001 0.24104 0.00000 ( 1)
  52 Q   0.00297 0.85981 0.00466 0.13256 ( 2)
  53 I   0.99691 0.00000 0.00309 0.00000 ( 1)
  54 S   0.00380 0.90692 0.00187 0.08741 ( 2)
  55 T   0.99754 0.00004 0.00243 0.00000 ( 1)
  56 L   0.09594 0.89740 0.00250 0.00415 ( 2)
  57 R   0.99526 0.00117 0.00357 0.00001 ( 1)
  58 V   0.99080 0.00458 0.00458 0.00004 ( 1)
  59 N   0.99256 0.00000 0.00744 0.00000 ( 1)
  60 -   0.68700 0.16527 0.11908 0.02865 ( 1)
  61 I   0.99467 0.00000 0.00533 0.00000 ( 1)
  62 T   0.95133 0.04165 0.00617 0.00085 ( 1)
  63 A   0.00175 0.98750 0.00001 0.01075 ( 2)
  64 P   0.92251 0.07325 0.00372 0.00052 ( 1)
  65 L   0.98901 0.00068 0.01030 0.00001 ( 1)
  66 S   0.99281 0.00007 0.00711 0.00000 ( 1)
  67 Q   0.99231 0.00227 0.00540 0.00002 ( 1)
  68 R   0.99643 0.00000 0.00357 0.00000 ( 1)
  69 Y   0.99652 0.00000 0.00348 0.00000 ( 1)
  70 R   0.96579 0.00304 0.03105 0.00011 ( 1)
  71 V   0.99540 0.00000 0.00460 0.00000 ( 1)
  72 R   0.99128 0.00007 0.00865 0.00000 ( 1)
  73 I   0.99467 0.00000 0.00533 0.00000 ( 1)
  74 R   0.99450 0.00285 0.00264 0.00001 ( 1)
  75 Y   0.99652 0.00000 0.00348 0.00000 ( 1)
  76 A   0.99626 0.00000 0.00374 0.00000 ( 1)
  77 S   0.99590 0.00010 0.00399 0.00000 ( 1)
  78 T   0.98729 0.00000 0.01271 0.00000 ( 1)
  79 T   0.26911 0.00000 0.73089 0.00000 ( 3)
  80 N   0.89267 0.00000 0.10733 0.00000 ( 1)
  81 L   0.99390 0.00007 0.00603 0.00000 ( 1)
  82 Q   0.99302 0.00156 0.00541 0.00001 ( 1)
  83 F   0.98871 0.00001 0.01128 0.00000 ( 1)
  84 H   0.15045 0.79945 0.02288 0.02722 ( 2)
  85 T   0.98473 0.00217 0.01306 0.00005 ( 1)
  86 S   0.00002 0.20481 0.00402 0.79115 ( 4)
  87 I   0.99467 0.00000 0.00533 0.00000 ( 1)
  88 D   0.96838 0.01890 0.01230 0.00042 ( 1)
  89 G   0.99596 0.00000 0.00404 0.00000 ( 1)
  90 R   0.31613 0.00024 0.68356 0.00007 ( 3)
  91 P   0.74322 0.00528 0.25102 0.00048 ( 1)
  92 I   0.99464 0.00001 0.00536 0.00000 ( 1)
  93 N   0.99688 0.00000 0.00312 0.00000 ( 1)
  94 Q   0.00000 0.05677 0.00057 0.94266 ( 4)
  95 G   0.10036 0.00107 0.89755 0.00102 ( 3)
  96 N   0.99688 0.00000 0.00312 0.00000 ( 1)
  97 F   0.98875 0.00002 0.01123 0.00000 ( 1)
  98 S   0.00013 0.87916 0.00009 0.12062 ( 2)
  99 A   0.00406 0.00060 0.99362 0.00172 ( 3)
 100 T   0.99449 0.00000 0.00551 0.00000 ( 1)
 101 M   0.99876 0.00002 0.00122 0.00000 ( 1)
 102 S   0.60455 0.01325 0.38068 0.00151 ( 1)
 103 S   0.81688 0.16653 0.01258 0.00401 ( 1)
 104 G   0.66557 0.30081 0.02202 0.01159 ( 1)
 105 S   0.00000 0.90491 0.00000 0.09509 ( 2)
 106 N   0.84836 0.06568 0.08343 0.00253 ( 1)
 107 L   0.99395 0.00002 0.00604 0.00000 ( 1)
 108 Q   0.29897 0.65877 0.01238 0.02988 ( 2)
 109 S   0.08841 0.41725 0.29184 0.20250 ( 2)
 110 A   0.36786 0.62368 0.00230 0.00616 ( 2)
 111 S   0.00004 0.92566 0.00002 0.07429 ( 2)
 112 F   0.98903 0.00000 0.01097 0.00000 ( 1)
 113 R   0.99129 0.00005 0.00866 0.00000 ( 1)
 114 T   0.03313 0.00002 0.96685 0.00000 ( 3)
 115 V   0.22616 0.75415 0.00451 0.01517 ( 2)
 116 G   0.99687 0.00011 0.00301 0.00000 ( 1)
 117 F   0.99692 0.00000 0.00308 0.00000 ( 1)
 118 T   0.99449 0.00000 0.00551 0.00000 ( 1)
 119 T   0.99450 0.00000 0.00550 0.00000 ( 1)
 120 P   0.99598 0.00000 0.00402 0.00000 ( 1)
 121 F   0.99692 0.00000 0.00308 0.00000 ( 1)
 122 N   0.78835 0.15396 0.04780 0.00989 ( 1)
 123 F   0.99692 0.00000 0.00308 0.00000 ( 1)
 124 S   0.77496 0.20450 0.01489 0.00566 ( 1)
 125 N   0.00879 0.00033 0.99061 0.00027 ( 3)
 126 G   0.00181 0.02531 0.75690 0.21597 ( 3)
 127 S   0.00006 0.27291 0.01580 0.71122 ( 4)
 128 S   0.00031 0.00001 0.99959 0.00010 ( 3)
 129 V   0.98230 0.00709 0.01047 0.00014 ( 1)
 130 F   0.98872 0.00001 0.01128 0.00000 ( 1)
 131 T   0.00111 0.00000 0.99887 0.00001 ( 3)
 132 L   0.01853 0.00011 0.98123 0.00014 ( 3)
 133 S   0.13593 0.00087 0.86293 0.00027 ( 3)
 134 A   0.63972 0.00248 0.35751 0.00029 ( 1)
 135 H   0.00012 0.78090 0.00348 0.21549 ( 2)
 136 V   0.00000 0.16822 0.00006 0.83172 ( 4)
 137 F   0.98864 0.00008 0.01128 0.00000 ( 1)
 138 N   0.99439 0.00010 0.00552 0.00000 ( 1)
 139 S   0.20460 0.49961 0.20534 0.09044 ( 2)
 140 G   0.00027 0.00015 0.99853 0.00105 ( 3)
 141 -   0.68700 0.16527 0.11908 0.02865 ( 1)
 142 N   0.46488 0.02840 0.50089 0.00583 ( 3)
 143 E   0.99705 0.00003 0.00292 0.00000 ( 1)
 144 V   0.99619 0.00000 0.00381 0.00000 ( 1)
 145 Y   0.99645 0.00008 0.00347 0.00000 ( 1)
 146 I   0.99435 0.00000 0.00565 0.00000 ( 1)
 147 D   0.99759 0.00000 0.00241 0.00000 ( 1)
 148 R   0.28818 0.01761 0.68834 0.00587 ( 3)
 149 I   0.99467 0.00000 0.00533 0.00000 ( 1)
 150 E   0.99708 0.00000 0.00292 0.00000 ( 1)
 151 F   0.99692 0.00000 0.00308 0.00000 ( 1)
 152 V   0.99427 0.00000 0.00573 0.00000 ( 1)
 153 -   0.82015 0.03212 0.14216 0.00557 ( 1)


lnL = -4777.996448

Bayes Empirical Bayes (BEB) probabilities for 4 classes (class)
(amino acids refer to 1st sequence: BT_Cry1A-like)

   1 -   0.69464 0.14880 0.12859 0.02797 ( 1)
   2 -   0.69464 0.14880 0.12859 0.02797 ( 1)
   3 -   0.10903 0.73441 0.01995 0.13661 ( 2)
   4 S   0.08099 0.76245 0.01481 0.14175 ( 2)
   5 A   0.79690 0.04654 0.14780 0.00876 ( 1)
   6 E   0.02632 0.81712 0.00481 0.15175 ( 2)
   7 F   0.83372 0.00971 0.15473 0.00183 ( 1)
   8 N   0.04485 0.79858 0.00820 0.14837 ( 2)
   9 N   0.80070 0.04274 0.14852 0.00805 ( 1)
  10 I   0.45932 0.38411 0.08464 0.07192 ( 1)
  11 I   0.83752 0.00592 0.15545 0.00111 ( 1)
  12 P   0.83340 0.01004 0.15467 0.00189 ( 1)
  13 S   0.74780 0.03148 0.21968 0.00104 ( 1)
  14 S   0.96234 0.03296 0.00432 0.00037 ( 1)
  15 Q   0.00022 0.73198 0.00097 0.26682 ( 2)
  16 I   0.98346 0.00001 0.01653 0.00000 ( 1)
  17 T   0.97368 0.00001 0.02631 0.00000 ( 1)
  18 Q   0.98949 0.00003 0.01048 0.00000 ( 1)
  19 I   0.99151 0.00000 0.00849 0.00000 ( 1)
  20 P   0.95102 0.00001 0.04897 0.00000 ( 1)
  21 L   0.16024 0.82375 0.00176 0.01424 ( 2)
  22 T   0.99289 0.00002 0.00709 0.00000 ( 1)
  23 K   0.98406 0.00008 0.01585 0.00000 ( 1)
  24 S   0.98304 0.01067 0.00613 0.00016 ( 1)
  25 T   0.00000 0.97362 0.00000 0.02638 ( 2)
  26 N   0.93573 0.05900 0.00455 0.00072 ( 1)
  27 L   0.99173 0.00365 0.00459 0.00003 ( 1)
  28 G   0.00001 0.99076 0.00000 0.00923 ( 2)
  29 S   0.96881 0.01926 0.01157 0.00037 ( 1)
  30 G   0.99525 0.00001 0.00475 0.00000 ( 1)
  31 T   0.19071 0.77439 0.00559 0.02931 ( 2)
  32 S   0.39644 0.56265 0.01334 0.02758 ( 2)
  33 V   0.87133 0.00000 0.12867 0.00000 ( 1)
  34 V   0.99404 0.00011 0.00585 0.00000 ( 1)
  35 K   0.80928 0.06172 0.12593 0.00307 ( 1)
  36 G   0.99303 0.00000 0.00697 0.00000 ( 1)
  37 P   0.99302 0.00001 0.00697 0.00000 ( 1)
  38 G   0.97814 0.00001 0.02185 0.00000 ( 1)
  39 F   0.99501 0.00000 0.00499 0.00000 ( 1)
  40 T   0.99042 0.00000 0.00958 0.00000 ( 1)
  41 G   0.99525 0.00000 0.00475 0.00000 ( 1)
  42 G   0.95314 0.00009 0.04677 0.00001 ( 1)
  43 D   0.99608 0.00000 0.00392 0.00000 ( 1)
  44 I   0.97454 0.00003 0.02543 0.00000 ( 1)
  45 L   0.99538 0.00000 0.00461 0.00000 ( 1)
  46 R   0.89487 0.07839 0.02403 0.00270 ( 1)
  47 R   0.99420 0.00002 0.00578 0.00000 ( 1)
  48 T   0.96066 0.00074 0.03856 0.00004 ( 1)
  49 S   0.68736 0.30524 0.00335 0.00404 ( 1)
  50 P   0.72111 0.06179 0.21171 0.00540 ( 1)
  51 G   0.72879 0.00001 0.27120 0.00000 ( 1)
  52 Q   0.01034 0.80933 0.01619 0.16414 ( 2)
  53 I   0.99501 0.00000 0.00499 0.00000 ( 1)
  54 S   0.01184 0.86813 0.00659 0.11344 ( 2)
  55 T   0.99602 0.00003 0.00395 0.00000 ( 1)
  56 L   0.24490 0.74218 0.00715 0.00576 ( 2)
  57 R   0.99268 0.00100 0.00631 0.00001 ( 1)
  58 V   0.99027 0.00263 0.00707 0.00004 ( 1)
  59 N   0.98654 0.00000 0.01346 0.00000 ( 1)
  60 -   0.69464 0.14880 0.12859 0.02797 ( 1)
  61 I   0.99214 0.00000 0.00785 0.00000 ( 1)
  62 T   0.97191 0.01856 0.00902 0.00050 ( 1)
  63 A   0.00714 0.97746 0.00005 0.01535 ( 2)
  64 P   0.95422 0.03861 0.00670 0.00047 ( 1)
  65 L   0.98366 0.00058 0.01575 0.00001 ( 1)
  66 S   0.98812 0.00008 0.01181 0.00000 ( 1)
  67 Q   0.98768 0.00183 0.01046 0.00003 ( 1)
  68 R   0.99418 0.00000 0.00582 0.00000 ( 1)
  69 Y   0.99397 0.00000 0.00603 0.00000 ( 1)
  70 R   0.95090 0.00311 0.04581 0.00018 ( 1)
  71 V   0.99292 0.00000 0.00708 0.00000 ( 1)
  72 R   0.98341 0.00007 0.01651 0.00000 ( 1)
  73 I   0.99214 0.00000 0.00785 0.00000 ( 1)
  74 R   0.99246 0.00234 0.00517 0.00002 ( 1)
  75 Y   0.99396 0.00000 0.00603 0.00000 ( 1)
  76 A   0.99424 0.00000 0.00576 0.00000 ( 1)
  77 S   0.99353 0.00008 0.00638 0.00000 ( 1)
  78 T   0.98331 0.00000 0.01669 0.00000 ( 1)
  79 T   0.29327 0.00000 0.70673 0.00000 ( 3)
  80 N   0.87518 0.00000 0.12482 0.00000 ( 1)
  81 L   0.98955 0.00007 0.01038 0.00000 ( 1)
  82 Q   0.98825 0.00127 0.01046 0.00002 ( 1)
  83 F   0.98041 0.00001 0.01959 0.00000 ( 1)
  84 H   0.29640 0.61178 0.05911 0.03272 ( 2)
  85 T   0.97916 0.00182 0.01896 0.00006 ( 1)
  86 S   0.00011 0.21438 0.01482 0.77069 ( 4)
  87 I   0.99214 0.00000 0.00786 0.00000 ( 1)
  88 D   0.97167 0.01134 0.01666 0.00034 ( 1)
  89 G   0.99304 0.00000 0.00696 0.00000 ( 1)
  90 R   0.32654 0.00019 0.67320 0.00006 ( 3)
  91 P   0.73082 0.00292 0.26593 0.00034 ( 1)
  92 I   0.99210 0.00001 0.00790 0.00000 ( 1)
  93 N   0.99516 0.00000 0.00484 0.00000 ( 1)
  94 Q   0.00000 0.07034 0.00200 0.92766 ( 4)
  95 G   0.15089 0.00109 0.84717 0.00085 ( 3)
  96 N   0.99516 0.00000 0.00484 0.00000 ( 1)
  97 F   0.98050 0.00002 0.01947 0.00000 ( 1)
  98 S   0.00056 0.84962 0.00044 0.14938 ( 2)
  99 A   0.00575 0.00037 0.99276 0.00112 ( 3)
 100 T   0.99189 0.00000 0.00811 0.00000 ( 1)
 101 M   0.99750 0.00002 0.00248 0.00000 ( 1)
 102 S   0.57939 0.00545 0.41431 0.00085 ( 1)
 103 S   0.90682 0.07365 0.01732 0.00222 ( 1)
 104 G   0.74588 0.20578 0.03647 0.01187 ( 1)
 105 S   0.00000 0.88099 0.00000 0.11901 ( 2)
 106 N   0.86236 0.03185 0.10413 0.00165 ( 1)
 107 L   0.98960 0.00002 0.01038 0.00000 ( 1)
 108 Q   0.47101 0.47036 0.02767 0.03097 ( 1)
 109 S   0.14685 0.27361 0.43536 0.14418 ( 3)
 110 A   0.60949 0.37855 0.00603 0.00594 ( 1)
 111 S   0.00019 0.90289 0.00008 0.09685 ( 2)
 112 F   0.98118 0.00000 0.01882 0.00000 ( 1)
 113 R   0.98344 0.00005 0.01651 0.00000 ( 1)
 114 T   0.05388 0.00002 0.94609 0.00000 ( 3)
 115 V   0.47067 0.50460 0.01142 0.01331 ( 2)
 116 G   0.99504 0.00010 0.00486 0.00000 ( 1)
 117 F   0.99501 0.00000 0.00499 0.00000 ( 1)
 118 T   0.99189 0.00000 0.00811 0.00000 ( 1)
 119 T   0.99189 0.00000 0.00811 0.00000 ( 1)
 120 P   0.99302 0.00001 0.00697 0.00000 ( 1)
 121 F   0.99501 0.00000 0.00499 0.00000 ( 1)
 122 N   0.84560 0.08437 0.06320 0.00683 ( 1)
 123 F   0.99501 0.00000 0.00499 0.00000 ( 1)
 124 S   0.86133 0.11221 0.02227 0.00419 ( 1)
 125 N   0.01168 0.00018 0.98797 0.00017 ( 3)
 126 G   0.00362 0.01737 0.85874 0.12027 ( 3)
 127 S   0.00027 0.27553 0.04081 0.68339 ( 4)
 128 S   0.00060 0.00001 0.99932 0.00008 ( 3)
 129 V   0.98181 0.00398 0.01411 0.00010 ( 1)
 130 F   0.98041 0.00001 0.01958 0.00000 ( 1)
 131 T   0.00186 0.00000 0.99812 0.00002 ( 3)
 132 L   0.03031 0.00012 0.96942 0.00014 ( 3)
 133 S   0.15012 0.00051 0.84918 0.00019 ( 3)
 134 A   0.62321 0.00124 0.37536 0.00019 ( 1)
 135 H   0.00051 0.78748 0.00854 0.20347 ( 2)
 136 V   0.00000 0.19137 0.00028 0.80835 ( 4)
 137 F   0.98033 0.00008 0.01959 0.00000 ( 1)
 138 N   0.99183 0.00008 0.00809 0.00000 ( 1)
 139 S   0.31849 0.31269 0.30395 0.06487 ( 1)
 140 G   0.00061 0.00019 0.99817 0.00103 ( 3)
 141 -   0.69464 0.14880 0.12859 0.02797 ( 1)
 142 N   0.48555 0.01744 0.49295 0.00406 ( 3)
 143 E   0.99496 0.00002 0.00502 0.00000 ( 1)
 144 V   0.99416 0.00000 0.00584 0.00000 ( 1)
 145 Y   0.99390 0.00007 0.00603 0.00000 ( 1)
 146 I   0.99155 0.00000 0.00845 0.00000 ( 1)
 147 D   0.99608 0.00000 0.00392 0.00000 ( 1)
 148 R   0.30276 0.01216 0.68044 0.00464 ( 3)
 149 I   0.99214 0.00000 0.00786 0.00000 ( 1)
 150 E   0.99499 0.00000 0.00501 0.00000 ( 1)
 151 F   0.99501 0.00000 0.00499 0.00000 ( 1)
 152 V   0.99068 0.00000 0.00932 0.00000 ( 1)
 153 -   0.81326 0.03018 0.15088 0.00568 ( 1)

