Supplemental results for CODEML (seqf: algn  treef: tree)


dN/dS (w) for site classes (K=4)

site class             0        1       2a       2b
proportion       0.44568  0.18537  0.26057  0.10838
background w     0.13158  1.00000  0.13158  1.00000
foreground w     0.13158  1.00000  1.00000  1.00000

Naive Empirical Bayes (NEB) probabilities for 4 classes
(amino acids refer to 1st sequence: BT_Cry19Aa1)

   1 E   0.00708 0.62500 0.00252 0.36541 ( 2)
   2 V   0.86541 0.00000 0.13459 0.00000 ( 1)
   3 K   0.84964 0.00000 0.15036 0.00000 ( 1)
   4 T   0.49756 0.18887 0.20315 0.11042 ( 1)
   5 E   0.84189 0.00000 0.15811 0.00000 ( 1)
   6 L   0.74485 0.00001 0.25514 0.00000 ( 1)
   7 T   0.85947 0.00000 0.14053 0.00000 ( 1)
   8 R   0.72082 0.00000 0.27918 0.00000 ( 1)
   9 E   0.84191 0.00000 0.15809 0.00000 ( 1)
  10 I   0.86644 0.00000 0.13356 0.00000 ( 1)
  11 Y   0.85643 0.00000 0.14357 0.00000 ( 1)
  12 S   0.69241 0.00516 0.29941 0.00302 ( 1)
  13 D   0.88596 0.00000 0.11403 0.00000 ( 1)
  14 V   0.70658 0.00564 0.28448 0.00330 ( 1)
  15 I   0.86641 0.00001 0.13358 0.00000 ( 1)
  16 N   0.87160 0.00000 0.12840 0.00000 ( 1)
  17 G   0.16569 0.49302 0.05303 0.28825 ( 2)
  18 E   0.80158 0.06007 0.10323 0.03512 ( 1)
  19 I   0.00381 0.62792 0.00115 0.36712 ( 2)
  20 Y   0.02535 0.60969 0.00851 0.35646 ( 2)
  21 G   0.02989 0.60721 0.00789 0.35501 ( 2)
  22 L   0.03526 0.60004 0.01389 0.35081 ( 2)
  23 M   0.12889 0.53044 0.03054 0.31013 ( 2)
  24 -   0.51799 0.11306 0.30285 0.06610 ( 1)
  25 -   0.58946 0.04159 0.34463 0.02431 ( 1)
  26 -   0.48606 0.14500 0.28418 0.08477 ( 1)
  27 -   0.06953 0.56152 0.04065 0.32830 ( 2)
  28 -   0.58006 0.05099 0.33914 0.02981 ( 1)
  29 -   0.58006 0.05099 0.33914 0.02981 ( 1)
  30 T   0.00400 0.62705 0.00234 0.36661 ( 2)
  31 P   0.47658 0.20103 0.20485 0.11754 ( 1)
  32 Y   0.00053 0.63066 0.00010 0.36872 ( 2)
  33 F   0.00066 0.63056 0.00012 0.36866 ( 2)
  34 S   0.04560 0.59771 0.00723 0.34945 ( 2)
  35 F   0.84327 0.00652 0.14640 0.00381 ( 1)
  36 E   0.01018 0.62356 0.00170 0.36457 ( 2)
  37 K   0.02132 0.61420 0.00538 0.35910 ( 2)
  38 A   0.26087 0.42270 0.06929 0.24714 ( 2)
  39 E   0.84190 0.00000 0.15810 0.00000 ( 1)
  40 S   0.57133 0.20273 0.10741 0.11853 ( 1)
  41 L   0.80679 0.02046 0.16078 0.01196 ( 1)
  42 Y   0.85669 0.00003 0.14326 0.00002 ( 1)
  43 T   0.81597 0.00143 0.18177 0.00083 ( 1)
  44 R   0.68975 0.02662 0.26807 0.01556 ( 1)
  45 A   0.77004 0.01894 0.19995 0.01107 ( 1)
  46 P   0.85322 0.00000 0.14678 0.00000 ( 1)
  47 H   0.88580 0.00027 0.11377 0.00016 ( 1)
  48 L   0.69915 0.00061 0.29988 0.00036 ( 1)
  49 F   0.74952 0.00008 0.25036 0.00004 ( 1)
  50 T   0.86042 0.00016 0.13932 0.00010 ( 1)
  51 W   0.72400 0.00000 0.27599 0.00000 ( 1)
  52 L   0.78805 0.00020 0.21163 0.00012 ( 1)
  53 K   0.37675 0.30091 0.14641 0.17593 ( 1)
  54 G   0.70193 0.00714 0.28675 0.00418 ( 1)
  55 F   0.53059 0.00001 0.46940 0.00000 ( 1)
  56 R   0.65950 0.08645 0.20351 0.05054 ( 1)
  57 F   0.87555 0.00000 0.12445 0.00000 ( 1)
  58 V   0.81111 0.00131 0.18681 0.00077 ( 1)
  59 T   0.72335 0.00008 0.27653 0.00005 ( 1)
  60 N   0.87133 0.00013 0.12847 0.00008 ( 1)
  61 S   0.00403 0.60510 0.03709 0.35378 ( 2)
  62 I   0.63765 0.04260 0.29484 0.02491 ( 1)
  63 S   0.09592 0.55999 0.01668 0.32740 ( 2)
  64 -   0.00351 0.62812 0.00113 0.36723 ( 2)
  65 -   0.53680 0.21892 0.11628 0.12800 ( 1)
  66 -   0.28534 0.23311 0.34526 0.13629 ( 3)
  67 -   0.04666 0.34737 0.40287 0.20310 ( 3)
  68 -   0.00759 0.57929 0.07443 0.33869 ( 2)
  69 -   0.00001 0.63105 0.00000 0.36895 ( 2)
  70 Y   0.07299 0.57324 0.01863 0.33515 ( 2)
  71 W   0.70080 0.02022 0.26715 0.01182 ( 1)
  72 T   0.23682 0.04652 0.68946 0.02720 ( 3)
  73 F   0.84450 0.00909 0.14110 0.00531 ( 1)
  74 L   0.78828 0.00000 0.21172 0.00000 ( 1)
  75 S   0.85403 0.00123 0.14402 0.00072 ( 1)
  76 G   0.72552 0.00008 0.27435 0.00005 ( 1)
  77 G   0.00010 0.63013 0.00135 0.36841 ( 2)
  78 Q   0.04503 0.01112 0.93736 0.00650 ( 3)
  79 N   0.48695 0.00039 0.51243 0.00023 ( 3)
  80 K   0.42670 0.01246 0.55356 0.00728 ( 3)
  81 Y   0.04914 0.00011 0.95069 0.00006 ( 3)
  82 S   0.22950 0.22907 0.40750 0.13393 ( 3)
  83 Y   0.01852 0.49275 0.20063 0.28809 ( 2)
  84 T   0.04433 0.00001 0.95564 0.00001 ( 3)
  85 N   0.00077 0.63048 0.00014 0.36861 ( 2)
  86 N   0.00003 0.63099 0.00007 0.36891 ( 2)
  87 -   0.44568 0.18537 0.26057 0.10838 ( 1)
  88 S   0.00012 0.63038 0.00095 0.36855 ( 2)
  89 S   0.00014 0.63042 0.00086 0.36858 ( 2)
  90 I   0.07853 0.00564 0.91253 0.00330 ( 3)
  91 N   0.00008 0.63045 0.00088 0.36860 ( 2)
  92 E   0.00004 0.63101 0.00003 0.36892 ( 2)
  93 G   0.14547 0.00224 0.85098 0.00131 ( 3)
  94 S   0.33987 0.00391 0.65393 0.00229 ( 3)
  95 F   0.87306 0.00106 0.12527 0.00062 ( 1)
  96 R   0.00000 0.63105 0.00000 0.36895 ( 2)
  97 G   0.73363 0.00000 0.26637 0.00000 ( 1)
  98 Q   0.04571 0.25773 0.54587 0.15069 ( 3)
  99 D   0.36999 0.01412 0.60764 0.00825 ( 3)
 100 T   0.04579 0.02505 0.91452 0.01464 ( 3)
 101 D   0.04836 0.23996 0.57138 0.14030 ( 3)
 102 Y   0.07308 0.00416 0.92033 0.00243 ( 3)
 103 G   0.12862 0.00000 0.87138 0.00000 ( 3)
 104 G   0.20036 0.08184 0.66995 0.04785 ( 3)
 105 T   0.00850 0.56842 0.09075 0.33233 ( 2)
 106 S   0.00195 0.62084 0.01423 0.36298 ( 2)
 107 S   0.35941 0.00003 0.64053 0.00002 ( 3)
 108 T   0.01605 0.49552 0.19872 0.28971 ( 2)
 109 I   0.07356 0.02133 0.89264 0.01247 ( 3)
 110 N   0.01303 0.60333 0.03089 0.35274 ( 2)
 111 I   0.08221 0.01055 0.90107 0.00617 ( 3)
 112 P   0.00011 0.62834 0.00418 0.36737 ( 2)
 113 S   0.00014 0.63001 0.00151 0.36834 ( 2)
 114 N   0.00313 0.61917 0.01570 0.36200 ( 2)
 115 S   0.00277 0.62432 0.00789 0.36501 ( 2)
 116 Y   0.04457 0.00131 0.95335 0.00077 ( 3)
 117 V   0.08664 0.00028 0.91291 0.00017 ( 3)
 118 Y   0.07893 0.00000 0.92107 0.00000 ( 3)
 119 N   0.09009 0.03078 0.86114 0.01799 ( 3)
 120 L   0.39557 0.02030 0.57225 0.01187 ( 3)
 121 W   0.02416 0.52378 0.14583 0.30623 ( 2)
 122 T   0.35012 0.01968 0.61869 0.01151 ( 3)
 123 E   0.72611 0.06726 0.16730 0.03933 ( 1)
 124 N   0.12533 0.13730 0.65710 0.08027 ( 3)
 125 Y   0.43886 0.00026 0.56074 0.00015 ( 3)
 126 E   0.04331 0.00073 0.95554 0.00043 ( 3)
 127 Y   0.00002 0.63089 0.00024 0.36885 ( 2)
 128 I   0.07650 0.05910 0.82985 0.03455 ( 3)
 129 Y   0.02139 0.58116 0.05767 0.33978 ( 2)
 130 P   0.74755 0.01178 0.23378 0.00689 ( 1)
 131 W   0.00052 0.62977 0.00151 0.36820 ( 2)
 132 G   0.00004 0.63076 0.00042 0.36878 ( 2)
 133 D   0.76488 0.06878 0.12613 0.04021 ( 1)
 134 P   0.05023 0.00047 0.94902 0.00028 ( 3)
 135 V   0.00206 0.60679 0.03639 0.35476 ( 2)
 136 N   0.48711 0.00003 0.51284 0.00002 ( 3)
 137 I   0.08325 0.00007 0.91663 0.00004 ( 3)
 138 T   0.06554 0.00391 0.92826 0.00229 ( 3)
 139 K   0.18761 0.12227 0.61863 0.07149 ( 3)
 140 M   0.10322 0.00017 0.89651 0.00010 ( 3)
 141 N   0.21214 0.02061 0.75520 0.01205 ( 3)
 142 F   0.83279 0.00000 0.16721 0.00000 ( 1)
 143 S   0.01588 0.60681 0.02253 0.35478 ( 2)
 144 V   0.00094 0.62287 0.01202 0.36417 ( 2)
 145 T   0.20282 0.00080 0.79591 0.00047 ( 3)
 146 D   0.48433 0.00133 0.51357 0.00078 ( 3)
 147 N   0.87141 0.00004 0.12852 0.00003 ( 1)
 148 -   0.03726 0.59380 0.02178 0.34717 ( 2)
 149 N   0.86995 0.00008 0.12993 0.00004 ( 1)
 150 S   0.00000 0.63104 0.00002 0.36894 ( 2)
 151 S   0.50210 0.01239 0.47828 0.00724 ( 1)
 152 K   0.00000 0.63105 0.00000 0.36895 ( 2)
 153 E   0.51964 0.05518 0.39291 0.03226 ( 1)
 154 L   0.00008 0.63099 0.00001 0.36891 ( 2)
 155 I   0.42950 0.06326 0.47025 0.03699 ( 3)
 156 Y   0.85688 0.00000 0.14312 0.00000 ( 1)
 157 G   0.84576 0.00003 0.15419 0.00002 ( 1)
 158 -   0.44539 0.05394 0.46914 0.03153 ( 3)
 159 -   0.05648 0.54163 0.08523 0.31667 ( 2)
 160 A   0.01716 0.61522 0.00792 0.35969 ( 2)
 161 H   0.08631 0.37012 0.32718 0.21639 ( 2)
 162 R   0.14287 0.26517 0.43694 0.15503 ( 3)
 163 T   0.34374 0.11725 0.47046 0.06855 ( 3)
 164 N   0.87090 0.00038 0.12851 0.00022 ( 1)
 165 K   0.02695 0.60932 0.00749 0.35624 ( 2)
 166 P   0.85242 0.00070 0.14647 0.00041 ( 1)
 167 V   0.71388 0.00445 0.27907 0.00260 ( 1)
 168 V   0.79905 0.04841 0.12424 0.02830 ( 1)
 169 R   0.70280 0.07570 0.17724 0.04426 ( 1)
 170 T   0.81773 0.00003 0.18223 0.00002 ( 1)
 171 D   0.86550 0.01454 0.11146 0.00850 ( 1)
 172 F   0.87549 0.00006 0.12442 0.00003 ( 1)
 173 D   0.88532 0.00043 0.11400 0.00025 ( 1)
 174 F   0.87544 0.00010 0.12441 0.00006 ( 1)
 175 -   0.44673 0.18432 0.26119 0.10776 ( 1)
 176 L   0.79421 0.00003 0.20574 0.00002 ( 1)
 177 T   0.79579 0.00274 0.19987 0.00160 ( 1)
 178 N   0.87034 0.00025 0.12927 0.00015 ( 1)
 179 K   0.84942 0.00017 0.15032 0.00010 ( 1)
 180 E   0.81567 0.01957 0.15332 0.01144 ( 1)
 181 G   0.73918 0.01245 0.24110 0.00728 ( 1)
 182 T   0.82563 0.02561 0.13379 0.01497 ( 1)
 183 E   0.00650 0.62524 0.00271 0.36555 ( 2)
 184 L   0.00532 0.62690 0.00126 0.36652 ( 2)
 185 A   0.79263 0.00004 0.20731 0.00002 ( 1)
 186 K   0.80069 0.01320 0.17839 0.00772 ( 1)
 187 Y   0.71395 0.00322 0.28095 0.00188 ( 1)
 188 N   0.87157 0.00004 0.12837 0.00003 ( 1)
 189 D   0.79102 0.00001 0.20896 0.00001 ( 1)
 190 -   0.56940 0.06165 0.33290 0.03605 ( 1)
 191 -   0.52964 0.10141 0.30966 0.05929 ( 1)
 192 -   0.56792 0.06313 0.33204 0.03691 ( 1)
 193 Y   0.85452 0.00000 0.14548 0.00000 ( 1)
 194 N   0.60853 0.00001 0.39146 0.00000 ( 1)
 195 H   0.88574 0.00000 0.11426 0.00000 ( 1)
 196 I   0.86620 0.00020 0.13348 0.00012 ( 1)
 197 L   0.74494 0.00000 0.25506 0.00000 ( 1)
 198 S   0.75927 0.00144 0.23845 0.00084 ( 1)
 199 Y   0.53774 0.00522 0.45398 0.00305 ( 1)
 200 M   0.32310 0.00118 0.67502 0.00069 ( 3)
 201 L   0.73011 0.01260 0.24992 0.00737 ( 1)
 202 I   0.09690 0.54951 0.03232 0.32127 ( 2)
 203 N   0.85378 0.00068 0.14514 0.00040 ( 1)
 204 G   0.61286 0.16480 0.12600 0.09635 ( 1)
 205 -   0.83079 0.03666 0.11112 0.02143 ( 1)
 206 -   0.20657 0.45088 0.07894 0.26361 ( 2)
 207 -   0.74081 0.09001 0.11655 0.05262 ( 1)
 208 E   0.01206 0.62063 0.00445 0.36286 ( 2)
 209 T   0.72118 0.00408 0.27236 0.00238 ( 1)
 210 F   0.46209 0.28887 0.08014 0.16889 ( 1)
 211 G   0.78322 0.00657 0.20637 0.00384 ( 1)
 212 Q   0.56241 0.19690 0.12556 0.11512 ( 1)
 213 K   0.69751 0.00829 0.28935 0.00485 ( 1)
 214 R   0.20298 0.47211 0.04889 0.27602 ( 2)
 215 H   0.69595 0.03862 0.24284 0.02258 ( 1)
 216 G   0.79164 0.00014 0.20813 0.00008 ( 1)
 217 Y   0.85678 0.00003 0.14317 0.00002 ( 1)
 218 S   0.74151 0.01619 0.23283 0.00947 ( 1)
 219 F   0.87555 0.00000 0.12445 0.00000 ( 1)
 220 A   0.81256 0.00000 0.18743 0.00000 ( 1)
 221 F   0.87517 0.00001 0.12481 0.00001 ( 1)
 222 T   0.81649 0.00002 0.18349 0.00001 ( 1)
 223 H   0.88621 0.00000 0.11379 0.00000 ( 1)
 224 S   0.89341 0.00001 0.10658 0.00000 ( 1)
 225 S   0.75662 0.00000 0.24338 0.00000 ( 1)


lnL = -7099.654232

