Supplemental results for CODEML (seqf: algn  treef: tree)


dN/dS (w) for site classes (K=4)

site class             0        1       2a       2b
proportion       0.41638  0.40176  0.09255  0.08931
background w     0.14834  1.00000  0.14834  1.00000
foreground w     0.14834  1.00000  1.00000  1.00000

Naive Empirical Bayes (NEB) probabilities for 4 classes
(amino acids refer to 1st sequence: BT_Cry24Ca1)

   1 -   0.41638 0.40176 0.09255 0.08931 ( 1)
   2 -   0.86823 0.07194 0.04384 0.01599 ( 1)
   3 A   0.00670 0.80613 0.00798 0.17919 ( 2)
   4 D   0.99618 0.00000 0.00382 0.00000 ( 1)
   5 K   0.99737 0.00062 0.00187 0.00014 ( 1)
   6 I   0.99863 0.00000 0.00137 0.00000 ( 1)
   7 T   0.70432 0.00028 0.29534 0.00006 ( 1)
   8 Q   0.98920 0.00000 0.01080 0.00000 ( 1)
   9 I   0.99815 0.00000 0.00185 0.00000 ( 1)
  10 P   0.94691 0.00002 0.05306 0.00001 ( 1)
  11 A   0.99571 0.00000 0.00428 0.00000 ( 1)
  12 V   0.97221 0.00006 0.02771 0.00001 ( 1)
  13 K   0.99810 0.00000 0.00190 0.00000 ( 1)
  14 T   0.99796 0.00027 0.00171 0.00006 ( 1)
  15 W   0.02677 0.79594 0.00037 0.17692 ( 2)
  16 E   0.00002 0.81810 0.00003 0.18185 ( 2)
  17 I   0.61590 0.15145 0.19899 0.03366 ( 1)
  18 R   0.00005 0.81808 0.00003 0.18185 ( 2)
  19 G   0.00172 0.18792 0.76859 0.04177 ( 3)
  20 -   0.00232 0.80768 0.01046 0.17953 ( 2)
  21 -   0.35739 0.50960 0.01973 0.11328 ( 2)
  22 -   0.41638 0.40176 0.09255 0.08931 ( 1)
  23 -   0.02895 0.73473 0.07300 0.16332 ( 2)
  24 -   0.02948 0.70966 0.10311 0.15775 ( 2)
  25 T   0.00000 0.81802 0.00014 0.18183 ( 2)
  26 S   0.34956 0.14452 0.47380 0.03212 ( 3)
  27 S   0.00000 0.81729 0.00103 0.18167 ( 2)
  28 V   0.98508 0.00000 0.01492 0.00000 ( 1)
  29 V   0.01906 0.12074 0.83336 0.02684 ( 3)
  30 A   0.41938 0.44137 0.04115 0.09811 ( 2)
  31 G   0.99261 0.00000 0.00739 0.00000 ( 1)
  32 P   0.65131 0.00000 0.34869 0.00000 ( 1)
  33 G   0.99705 0.00000 0.00295 0.00000 ( 1)
  34 N   0.00002 0.81796 0.00020 0.18182 ( 2)
  35 T   0.99634 0.00000 0.00366 0.00000 ( 1)
  36 G   0.98970 0.00000 0.01029 0.00000 ( 1)
  37 G   0.99140 0.00000 0.00860 0.00000 ( 1)
  38 N   0.96260 0.00000 0.03740 0.00000 ( 1)
  39 L   0.96357 0.00042 0.03592 0.00009 ( 1)
  40 V   0.99524 0.00002 0.00474 0.00000 ( 1)
  41 K   0.00004 0.81238 0.00701 0.18058 ( 2)
  42 M   0.98613 0.00091 0.01276 0.00020 ( 1)
  43 S   0.00027 0.76735 0.06181 0.17057 ( 2)
  44 -   0.41638 0.40176 0.09255 0.08931 ( 1)
  45 Y   0.00000 0.81812 0.00002 0.18186 ( 2)
  46 H   0.00000 0.81814 0.00000 0.18186 ( 2)
  47 S   0.00271 0.17077 0.78856 0.03796 ( 3)
  48 V   0.00044 0.81773 0.00006 0.18177 ( 2)
  49 -   0.17195 0.64619 0.03822 0.14364 ( 2)
  50 -   0.47060 0.34754 0.10461 0.07725 ( 1)
  51 -   0.41638 0.40176 0.09255 0.08931 ( 1)
  52 -   0.13662 0.68152 0.03037 0.15149 ( 2)
  53 -   0.63206 0.18608 0.14050 0.04136 ( 1)
  54 W   0.86845 0.09808 0.01168 0.02180 ( 1)
  55 N   0.06596 0.76338 0.00098 0.16969 ( 2)
  56 I   0.99766 0.00000 0.00234 0.00000 ( 1)
  57 K   0.05497 0.77281 0.00044 0.17178 ( 2)
  58 F   0.62848 0.29730 0.00813 0.06609 ( 1)
  59 T   0.00093 0.81423 0.00384 0.18099 ( 2)
  60 C   0.00025 0.81788 0.00006 0.18180 ( 2)
  61 -   0.11175 0.72370 0.00368 0.16087 ( 2)
  62 -   0.56149 0.25665 0.12481 0.05705 ( 1)
  63 -   0.54903 0.26911 0.12204 0.05982 ( 1)
  64 -   0.31976 0.49838 0.07108 0.11078 ( 2)
  65 Q   0.00000 0.81813 0.00001 0.18186 ( 2)
  66 Q   0.00000 0.81814 0.00000 0.18186 ( 2)
  67 L   0.01426 0.80599 0.00059 0.17916 ( 2)
  68 K   0.95466 0.03563 0.00179 0.00792 ( 1)
  69 R   0.30177 0.57111 0.00017 0.12695 ( 2)
  70 Y   0.94266 0.00144 0.05558 0.00032 ( 1)
  71 R   0.69905 0.05131 0.23823 0.01141 ( 1)
  72 V   0.99811 0.00002 0.00187 0.00000 ( 1)
  73 R   0.99671 0.00000 0.00329 0.00000 ( 1)
  74 I   0.54056 0.00027 0.45910 0.00006 ( 1)
  75 R   0.90461 0.00002 0.09537 0.00000 ( 1)
  76 Y   0.97459 0.00000 0.02541 0.00000 ( 1)
  77 A   0.00015 0.00019 0.99961 0.00004 ( 3)
  78 S   0.14193 0.00003 0.85802 0.00001 ( 3)
  79 D   0.00000 0.81235 0.00707 0.18057 ( 2)
  80 G   0.00000 0.81796 0.00021 0.18182 ( 2)
  81 N   0.00000 0.81791 0.00028 0.18181 ( 2)
  82 C   0.97492 0.00648 0.01716 0.00144 ( 1)
  83 Q   0.00000 0.81789 0.00030 0.18180 ( 2)
  84 L   0.00018 0.81372 0.00522 0.18088 ( 2)
  85 A   0.00000 0.81814 0.00000 0.18186 ( 2)
  86 M   0.88090 0.09461 0.00346 0.02103 ( 1)
  87 R   0.00000 0.81814 0.00000 0.18186 ( 2)
  88 R   0.34280 0.53667 0.00124 0.11929 ( 2)
  89 -   0.01487 0.80327 0.00331 0.17855 ( 2)
  90 W   0.00209 0.81632 0.00013 0.18146 ( 2)
  91 -   0.02292 0.79522 0.00509 0.17677 ( 2)
  92 -   0.02702 0.79112 0.00601 0.17585 ( 2)
  93 -   0.01998 0.79816 0.00444 0.17742 ( 2)
  94 R   0.00916 0.80898 0.00204 0.17982 ( 2)
  95 G   0.00625 0.81189 0.00139 0.18047 ( 2)
  96 G   0.02657 0.79464 0.00215 0.17664 ( 2)
  97 P   0.00000 0.81814 0.00000 0.18186 ( 2)
  98 G   0.04743 0.77929 0.00005 0.17322 ( 2)
  99 Y   0.00000 0.81814 0.00000 0.18186 ( 2)
 100 V   0.00000 0.81814 0.00000 0.18186 ( 2)
 101 Q   0.00000 0.81814 0.00000 0.18186 ( 2)
 102 -   0.41638 0.40176 0.09255 0.08931 ( 1)
 103 E   0.00127 0.81706 0.00005 0.18162 ( 2)
 104 A   0.00000 0.81814 0.00001 0.18186 ( 2)
 105 R   0.00000 0.81813 0.00001 0.18186 ( 2)
 106 H   0.98703 0.00014 0.01279 0.00003 ( 1)
 107 T   0.00000 0.81288 0.00643 0.18069 ( 2)
 108 V   0.00000 0.79901 0.02338 0.17761 ( 2)
 109 Q   0.00038 0.81633 0.00183 0.18146 ( 2)
 110 R   0.00000 0.81809 0.00007 0.18185 ( 2)
 111 T   0.62236 0.14385 0.20182 0.03197 ( 1)
 112 F   0.03091 0.18748 0.73994 0.04167 ( 3)
 113 S   0.00000 0.80852 0.01176 0.17972 ( 2)
 114 -   0.38318 0.43496 0.08518 0.09668 ( 2)
 115 G   0.76209 0.05605 0.16940 0.01246 ( 1)
 116 S   0.00648 0.81166 0.00144 0.18042 ( 2)
 117 M   0.65770 0.16044 0.14620 0.03566 ( 1)
 118 T   0.81222 0.00592 0.18054 0.00132 ( 1)
 119 Y   0.00066 0.00110 0.99800 0.00024 ( 3)
 120 D   0.00189 0.51991 0.36262 0.11557 ( 2)
 121 S   0.00001 0.81775 0.00047 0.18177 ( 2)
 122 F   0.86337 0.00000 0.13663 0.00000 ( 1)
 123 K   0.00007 0.81757 0.00063 0.18173 ( 2)
 124 Y   0.99592 0.00000 0.00408 0.00000 ( 1)
 125 L   0.01643 0.59970 0.25057 0.13330 ( 2)
 126 D   0.16186 0.08664 0.73224 0.01926 ( 3)
 127 I   0.96377 0.00150 0.03439 0.00033 ( 1)
 128 F   0.70167 0.23221 0.01450 0.05162 ( 1)
 129 T   0.99826 0.00015 0.00155 0.00003 ( 1)
 130 M   0.91870 0.06544 0.00131 0.01455 ( 1)
 131 P   0.88267 0.09334 0.00324 0.02075 ( 1)
 132 A   0.07136 0.75966 0.00012 0.16886 ( 2)
 133 -   0.44651 0.37163 0.09925 0.08261 ( 1)
 134 -   0.52753 0.29061 0.11726 0.06460 ( 1)
 135 -   0.53196 0.28618 0.11825 0.06361 ( 1)
 136 -   0.10085 0.71729 0.02242 0.15944 ( 2)
 137 -   0.76175 0.05639 0.16932 0.01254 ( 1)
 138 E   0.02200 0.79454 0.00685 0.17661 ( 2)
 139 D   0.23267 0.62532 0.00301 0.13900 ( 2)
 140 Y   0.00059 0.81398 0.00449 0.18094 ( 2)
 141 T   0.00007 0.81804 0.00005 0.18184 ( 2)
 142 F   0.99827 0.00014 0.00155 0.00003 ( 1)
 143 N   0.97716 0.00214 0.02022 0.00048 ( 1)
 144 L   0.96406 0.01303 0.02001 0.00290 ( 1)
 145 T   0.14565 0.69885 0.00016 0.15534 ( 2)
 146 I   0.99760 0.00005 0.00234 0.00001 ( 1)
 147 D   0.01920 0.76991 0.03975 0.17114 ( 2)
 148 -   0.50159 0.31655 0.11149 0.07037 ( 1)
 149 -   0.49566 0.32248 0.11018 0.07168 ( 1)
 150 -   0.47977 0.33837 0.10664 0.07522 ( 1)
 151 L   0.99911 0.00026 0.00057 0.00006 ( 1)
 152 E   0.00002 0.81799 0.00015 0.18183 ( 2)
 153 S   0.00000 0.81798 0.00020 0.18182 ( 2)
 154 G   0.02419 0.30680 0.60081 0.06820 ( 3)
 155 G   0.00000 0.81379 0.00532 0.18089 ( 2)
 156 A   0.00000 0.81814 0.00000 0.18186 ( 2)
 157 L   0.69575 0.02030 0.27944 0.00451 ( 1)
 158 Y   0.00269 0.58576 0.28135 0.13020 ( 2)
 159 I   0.81346 0.01898 0.16333 0.00422 ( 1)
 160 D   0.97281 0.00001 0.02718 0.00000 ( 1)
 161 K   0.99813 0.00000 0.00187 0.00000 ( 1)
 162 I   0.89376 0.00783 0.09667 0.00174 ( 1)
 163 E   0.98480 0.00000 0.01520 0.00000 ( 1)
 164 F   0.89864 0.00061 0.10062 0.00014 ( 1)
 165 -   0.61326 0.00004 0.38668 0.00001 ( 1)
 166 -   0.84808 0.05749 0.08166 0.01278 ( 1)


lnL = -6409.162288

