Supplemental results for CODEML (seqf: algn  treef: tree)


dN/dS (w) for site classes (K=4)

site class             0        1       2a       2b
proportion       0.00020  0.00020  0.50005  0.49955
background w     0.03263  1.18238  0.03263  1.18238
foreground w     0.03263  1.18238  0.05448  0.05448

Naive Empirical Bayes (NEB) probabilities for 4 classes
(amino acids refer to 1st sequence: BT_Cry4Ba1)

   1 Y   0.00002 0.00038 0.04881 0.95078 ( 4)
   2 T   0.00024 0.00011 0.59814 0.40151 ( 3)
   3 D   0.00024 0.00017 0.97263 0.02696 ( 3)
   4 A   0.00002 0.00035 0.04911 0.95052 ( 4)
   5 I   0.00036 0.00003 0.88597 0.11364 ( 3)
   6 T   0.00038 0.00002 0.93208 0.06752 ( 3)
   7 Q   0.00001 0.00036 0.02991 0.96971 ( 4)
   8 V   0.00028 0.00008 0.68315 0.31649 ( 3)
   9 P   0.00039 0.00001 0.95683 0.04277 ( 3)
  10 A   0.00037 0.00002 0.91871 0.08090 ( 3)
  11 V   0.00038 0.00002 0.94325 0.05635 ( 3)
  12 K   0.00039 0.00001 0.96270 0.03690 ( 3)
  13 S   0.00039 0.00001 0.96745 0.03215 ( 3)
  14 N   0.00002 0.00027 0.04677 0.95293 ( 4)
  15 F   0.00002 0.00033 0.04220 0.95745 ( 4)
  16 L   0.00014 0.00023 0.35157 0.64806 ( 4)
  17 N   0.00026 0.00010 0.64587 0.35377 ( 3)
  18 -   0.00020 0.00013 0.50010 0.49957 ( 3)
  19 -   0.00020 0.00019 0.50006 0.49955 ( 3)
  20 A   0.00024 0.00012 0.58345 0.41619 ( 3)
  21 T   0.00038 0.00002 0.92988 0.06972 ( 3)
  22 A   0.00002 0.00030 0.03994 0.95975 ( 4)
  23 K   0.00001 0.00026 0.03198 0.96775 ( 4)
  24 V   0.00038 0.00002 0.94325 0.05635 ( 3)
  25 I   0.00021 0.00014 0.53138 0.46826 ( 3)
  26 K   0.00038 0.00001 0.94517 0.05443 ( 3)
  27 G   0.00039 0.00001 0.96637 0.03323 ( 3)
  28 P   0.00039 0.00001 0.97328 0.02632 ( 3)
  29 G   0.00039 0.00001 0.96926 0.03034 ( 3)
  30 H   0.00040 0.00000 0.98414 0.01546 ( 3)
  31 T   0.00038 0.00002 0.92988 0.06972 ( 3)
  32 G   0.00038 0.00002 0.95117 0.04843 ( 3)
  33 G   0.00038 0.00002 0.95203 0.04757 ( 3)
  34 D   0.00039 0.00001 0.97269 0.02691 ( 3)
  35 L   0.00038 0.00002 0.94488 0.05472 ( 3)
  36 V   0.00038 0.00001 0.94795 0.05165 ( 3)
  37 A   0.00006 0.00023 0.13582 0.86390 ( 4)
  38 L   0.00038 0.00002 0.93893 0.06067 ( 3)
  39 T   0.00024 0.00012 0.59584 0.40379 ( 3)
  40 S   0.00001 0.00688 0.03884 0.95428 ( 4)
  41 N   0.00039 0.00001 0.96517 0.03443 ( 3)
  42 G   0.00005 0.00023 0.13216 0.86755 ( 4)
  43 T   0.00006 0.00032 0.15587 0.84374 ( 4)
  44 L   0.00004 0.00027 0.08664 0.91306 ( 4)
  45 S   0.00001 0.00031 0.03437 0.96530 ( 4)
  46 -   0.00020 0.00020 0.50005 0.49955 ( 3)
  47 G   0.00001 0.00028 0.02079 0.97892 ( 4)
  48 R   0.00022 0.00012 0.53317 0.46649 ( 3)
  49 M   0.00020 0.00015 0.49393 0.50572 ( 4)
  50 E   0.00003 0.00025 0.07260 0.92712 ( 4)
  51 I   0.00038 0.00002 0.93664 0.06297 ( 3)
  52 Q   0.00027 0.00011 0.66306 0.33655 ( 3)
  53 C   0.00026 0.00014 0.64460 0.35499 ( 3)
  54 K   0.00029 0.00011 0.72438 0.27521 ( 3)
  55 T   0.00028 0.00012 0.69423 0.30537 ( 3)
  56 S   0.00030 0.00011 0.73822 0.26138 ( 3)
  57 I   0.00029 0.00011 0.72724 0.27236 ( 3)
  58 F   0.00028 0.00012 0.69800 0.30159 ( 3)
  59 N   0.00030 0.00010 0.75549 0.24411 ( 3)
  60 D   0.00039 0.00001 0.97269 0.02691 ( 3)
  61 P   0.00023 0.00012 0.56676 0.43289 ( 3)
  62 T   0.00024 0.00013 0.59126 0.40836 ( 3)
  63 R   0.00001 0.00026 0.02819 0.97153 ( 4)
  64 S   0.00000 0.00030 0.00438 0.99532 ( 4)
  65 Y   0.00039 0.00001 0.96591 0.03369 ( 3)
  66 G   0.00024 0.00011 0.58475 0.41490 ( 3)
  67 L   0.00001 0.00027 0.02767 0.97205 ( 4)
  68 R   0.00037 0.00003 0.93195 0.06765 ( 3)
  69 I   0.00038 0.00002 0.93222 0.06739 ( 3)
  70 R   0.00040 0.00001 0.98198 0.01762 ( 3)
  71 Y   0.00040 0.00001 0.97989 0.01971 ( 3)
  72 A   0.00039 0.00001 0.95229 0.04731 ( 3)
  73 A   0.00038 0.00002 0.94840 0.05120 ( 3)
  74 N   0.00005 0.00028 0.11767 0.88200 ( 4)
  75 S   0.00040 0.00001 0.97863 0.02097 ( 3)
  76 P   0.00002 0.00028 0.05754 0.94216 ( 4)
  77 I   0.00006 0.00026 0.15184 0.84784 ( 4)
  78 V   0.00003 0.00027 0.06477 0.93493 ( 4)
  79 L   0.00000 0.00027 0.00702 0.99270 ( 4)
  80 N   0.00000 0.00031 0.00158 0.99810 ( 4)
  81 V   0.00000 0.00036 0.00428 0.99536 ( 4)
  82 S   0.00000 0.00037 0.00377 0.99586 ( 4)
  83 Y   0.00016 0.00018 0.40152 0.59814 ( 4)
  84 V   0.00000 0.00040 0.01082 0.98877 ( 4)
  85 L   0.00000 0.00037 0.00013 0.99950 ( 4)
  86 Q   0.00000 0.00033 0.00074 0.99893 ( 4)
  87 G   0.00000 0.00029 0.00265 0.99705 ( 4)
  88 V   0.00000 0.00029 0.00818 0.99152 ( 4)
  89 S   0.00000 0.00035 0.00270 0.99696 ( 4)
  90 R   0.00000 0.00026 0.00028 0.99946 ( 4)
  91 G   0.00001 0.00035 0.02599 0.97365 ( 4)
  92 T   0.00000 0.00032 0.00587 0.99381 ( 4)
  93 T   0.00000 0.00036 0.00008 0.99957 ( 4)
  94 I   0.00000 0.00029 0.00124 0.99847 ( 4)
  95 S   0.00000 0.00026 0.00006 0.99968 ( 4)
  96 T   0.00000 0.00027 0.00281 0.99692 ( 4)
  97 E   0.00019 0.00017 0.47262 0.52703 ( 4)
  98 S   0.00000 0.00032 0.00013 0.99955 ( 4)
  99 T   0.00000 0.00031 0.00004 0.99965 ( 4)
 100 F   0.00000 0.00025 0.00544 0.99431 ( 4)
 101 S   0.00021 0.00014 0.50963 0.49003 ( 3)
 102 R   0.00024 0.00012 0.60479 0.39485 ( 3)
 103 P   0.00002 0.00035 0.05029 0.94934 ( 4)
 104 N   0.00017 0.00014 0.41903 0.58066 ( 4)
 105 N   0.00028 0.00008 0.68670 0.31293 ( 3)
 106 I   0.00029 0.00012 0.71164 0.28796 ( 3)
 107 I   0.00029 0.00012 0.71164 0.28796 ( 3)
 108 P   0.00027 0.00014 0.66275 0.33685 ( 3)
 109 T   0.00028 0.00012 0.69423 0.30537 ( 3)
 110 D   0.00030 0.00011 0.73447 0.26513 ( 3)
 111 L   0.00025 0.00015 0.63030 0.36930 ( 3)
 112 K   0.00032 0.00005 0.79404 0.20558 ( 3)
 113 Y   0.00030 0.00008 0.72998 0.26965 ( 3)
 114 E   0.00039 0.00001 0.97214 0.02745 ( 3)
 115 E   0.00005 0.00025 0.13554 0.86416 ( 4)
 116 F   0.00040 0.00001 0.98111 0.01848 ( 3)
 117 R   0.00018 0.00017 0.45295 0.54669 ( 4)
 118 Y   0.00039 0.00001 0.96591 0.03369 ( 3)
 119 K   0.00007 0.00024 0.18053 0.81916 ( 4)
 120 D   0.00030 0.00011 0.73447 0.26513 ( 3)
 121 P   0.00027 0.00014 0.66275 0.33685 ( 3)
 122 F   0.00000 0.00040 0.00155 0.99805 ( 4)
 123 D   0.00030 0.00011 0.73447 0.26513 ( 3)
 124 A   0.00002 0.00038 0.05463 0.94497 ( 4)
 125 I   0.00029 0.00011 0.72724 0.27236 ( 3)
 126 V   0.00027 0.00013 0.68275 0.31685 ( 3)
 127 P   0.00022 0.00018 0.55084 0.44876 ( 3)
 128 M   0.00040 0.00000 0.98913 0.01047 ( 3)
 129 R   0.00007 0.00027 0.16700 0.83266 ( 4)
 130 L   0.00004 0.00025 0.10887 0.89084 ( 4)
 131 S   0.00023 0.00012 0.56844 0.43122 ( 3)
 132 S   0.00003 0.00031 0.08068 0.91898 ( 4)
 133 N   0.00039 0.00001 0.96517 0.03443 ( 3)
 134 Q   0.00003 0.00027 0.07678 0.92292 ( 4)
 135 L   0.00002 0.00026 0.04131 0.95842 ( 4)
 136 I   0.00022 0.00016 0.55706 0.44255 ( 3)
 137 T   0.00023 0.00011 0.57576 0.42390 ( 3)
 138 I   0.00009 0.00023 0.22005 0.77964 ( 4)
 139 A   0.00023 0.00016 0.57176 0.42785 ( 3)
 140 I   0.00028 0.00009 0.68036 0.31927 ( 3)
 141 Q   0.00002 0.00031 0.05182 0.94785 ( 4)
 142 P   0.00039 0.00001 0.96889 0.03071 ( 3)
 143 L   0.00022 0.00013 0.54859 0.45105 ( 3)
 144 N   0.00010 0.00021 0.23701 0.76268 ( 4)
 145 M   0.00033 0.00005 0.81484 0.18478 ( 3)
 146 T   0.00004 0.00032 0.09878 0.90085 ( 4)
 147 S   0.00004 0.00024 0.10646 0.89327 ( 4)
 148 N   0.00015 0.00022 0.36172 0.63792 ( 4)
 149 N   0.00039 0.00001 0.96332 0.03628 ( 3)
 150 -   0.00020 0.00013 0.50010 0.49957 ( 3)
 151 -   0.00020 0.00018 0.50006 0.49955 ( 3)
 152 -   0.00020 0.00013 0.50010 0.49957 ( 3)
 153 -   0.00020 0.00013 0.50010 0.49957 ( 3)
 154 Q   0.00000 0.00026 0.00510 0.99464 ( 4)
 155 V   0.00037 0.00003 0.91608 0.08352 ( 3)
 156 I   0.00005 0.00033 0.12279 0.87684 ( 4)
 157 I   0.00023 0.00016 0.57517 0.42444 ( 3)
 158 D   0.00039 0.00001 0.95313 0.04647 ( 3)
 159 R   0.00031 0.00006 0.75761 0.24202 ( 3)
 160 I   0.00020 0.00018 0.50407 0.49555 ( 3)
 161 E   0.00039 0.00001 0.97325 0.02635 ( 3)
 162 I   0.00029 0.00011 0.72724 0.27236 ( 3)
 163 I   0.00029 0.00011 0.72724 0.27236 ( 3)


lnL = -1487.052215

