Supplemental results for CODEML (seqf: algn  treef: tree)


dN/dS (w) for site classes (K=4)

site class             0        1       2a       2b
proportion       0.55111  0.36342  0.05151  0.03397
background w     0.09652  1.00000  0.09652  1.00000
foreground w     0.09652  1.00000 920.07625 920.07625

Naive Empirical Bayes (NEB) probabilities for 4 classes
(amino acids refer to 1st sequence: BT_Cry21Aa1)

   1 -   0.70844 0.20609 0.06621 0.01926 ( 1)
   2 L   0.87476 0.03976 0.08176 0.00372 ( 1)
   3 K   0.98909 0.00629 0.00457 0.00005 ( 1)
   4 G   0.94710 0.00703 0.04558 0.00030 ( 1)
   5 F   0.98226 0.00162 0.01608 0.00004 ( 1)
   6 P   0.99504 0.00299 0.00197 0.00001 ( 1)
   7 A   0.98338 0.00017 0.01645 0.00000 ( 1)
   8 E   0.98324 0.00025 0.01650 0.00001 ( 1)
   9 K   0.99531 0.00010 0.00459 0.00000 ( 1)
  10 G   0.92346 0.05874 0.01629 0.00151 ( 1)
  11 -   0.02261 0.96985 0.00011 0.00743 ( 2)
  12 -   0.00030 0.64590 0.00033 0.35347 ( 2)
  13 -   0.14440 0.70689 0.10561 0.04310 ( 2)
  14 Y   0.01295 0.71209 0.00650 0.26846 ( 2)
  15 G   0.98115 0.00314 0.01563 0.00007 ( 1)
  16 D   0.00001 0.71161 0.00351 0.28486 ( 2)
  17 S   0.00005 0.06724 0.15260 0.78012 ( 4)
  18 I   0.03225 0.94829 0.00074 0.01872 ( 2)
  19 A   0.00588 0.96041 0.00558 0.02812 ( 2)
  20 Y   0.48271 0.16011 0.34361 0.01357 ( 1)
  21 V   0.99083 0.00589 0.00326 0.00003 ( 1)
  22 S   0.02724 0.96858 0.00007 0.00411 ( 2)
  23 -   0.55111 0.36342 0.05151 0.03397 ( 1)
  24 E   0.99548 0.00121 0.00330 0.00001 ( 1)
  25 P   0.00692 0.99250 0.00000 0.00058 ( 2)
  26 L   0.74247 0.25614 0.00101 0.00038 ( 1)
  27 N   0.99434 0.00042 0.00524 0.00000 ( 1)
  28 G   0.99810 0.00007 0.00182 0.00000 ( 1)
  29 A   0.96767 0.03092 0.00136 0.00005 ( 1)
  30 N   0.99383 0.00093 0.00524 0.00001 ( 1)
  31 A   0.97070 0.02574 0.00340 0.00016 ( 1)
  32 V   0.92139 0.07512 0.00307 0.00042 ( 1)
  33 K   0.99203 0.00334 0.00459 0.00003 ( 1)
  34 L   0.99568 0.00206 0.00225 0.00001 ( 1)
  35 T   0.84101 0.14245 0.01377 0.00277 ( 1)
  36 -   0.70815 0.20638 0.06619 0.01929 ( 1)
  37 -   0.00518 0.90935 0.00048 0.08499 ( 2)
  38 -   0.00573 0.90879 0.00054 0.08494 ( 2)
  39 -   0.06147 0.85305 0.00575 0.07973 ( 2)
  40 -   0.28498 0.62954 0.02664 0.05884 ( 2)
  41 -   0.01851 0.89601 0.00173 0.08374 ( 2)
  42 -   0.80961 0.10491 0.07567 0.00981 ( 1)
  43 -   0.05536 0.85916 0.00517 0.08030 ( 2)
  44 S   0.30583 0.60869 0.02858 0.05689 ( 2)
  45 Y   0.01780 0.95608 0.00029 0.02583 ( 2)
  46 Q   0.00210 0.92186 0.00194 0.07410 ( 2)
  47 V   0.00119 0.93483 0.00200 0.06198 ( 2)
  48 L   0.89790 0.08733 0.01259 0.00218 ( 1)
  49 Q   0.00227 0.98852 0.00001 0.00919 ( 2)
  50 M   0.09312 0.90503 0.00017 0.00169 ( 2)
  51 E   0.07013 0.82068 0.05740 0.05179 ( 2)
  52 V   0.98314 0.01565 0.00118 0.00003 ( 1)
  53 T   0.96958 0.02871 0.00165 0.00006 ( 1)
  54 N   0.99445 0.00031 0.00524 0.00000 ( 1)
  55 Q   0.00176 0.99641 0.00000 0.00183 ( 2)
  56 T   0.88474 0.11055 0.00387 0.00083 ( 1)
  57 T   0.11598 0.84566 0.00825 0.03012 ( 2)
  58 Q   0.99003 0.00800 0.00195 0.00002 ( 1)
  59 K   0.98463 0.01387 0.00148 0.00003 ( 1)
  60 Y   0.99745 0.00003 0.00252 0.00000 ( 1)
  61 R   0.35946 0.63699 0.00102 0.00253 ( 2)
  62 I   0.93970 0.05488 0.00489 0.00054 ( 1)
  63 R   0.99795 0.00105 0.00100 0.00000 ( 1)
  64 I   0.73526 0.26071 0.00258 0.00145 ( 1)
  65 R   0.93598 0.00008 0.06394 0.00000 ( 1)
  66 Y   0.99743 0.00005 0.00252 0.00000 ( 1)
  67 A   0.99645 0.00013 0.00342 0.00000 ( 1)
  68 T   0.98721 0.00697 0.00575 0.00007 ( 1)
  69 G   0.03498 0.95614 0.00019 0.00869 ( 2)
  70 G   0.00248 0.99382 0.00001 0.00369 ( 2)
  71 D   0.54820 0.44407 0.00306 0.00467 ( 1)
  72 T   0.71497 0.28128 0.00231 0.00144 ( 1)
  73 A   0.67579 0.31984 0.00247 0.00189 ( 1)
  74 A   0.91973 0.07426 0.00528 0.00073 ( 1)
  75 S   0.90645 0.09048 0.00260 0.00048 ( 1)
  76 I   0.77492 0.22255 0.00189 0.00064 ( 1)
  77 W   0.14993 0.84803 0.00027 0.00177 ( 2)
  78 F   0.57926 0.41803 0.00142 0.00129 ( 1)
  79 H   0.00003 0.08946 0.04376 0.86675 ( 4)
  80 I   0.94307 0.05288 0.00370 0.00036 ( 1)
  81 I   0.00002 0.93994 0.00002 0.06003 ( 2)
  82 -   0.66382 0.33223 0.00222 0.00173 ( 1)
  83 -   0.75542 0.24247 0.00143 0.00068 ( 1)
  84 -   0.65504 0.34326 0.00102 0.00068 ( 1)
  85 -   0.23879 0.75837 0.00054 0.00230 ( 2)
  86 -   0.91318 0.08110 0.00486 0.00086 ( 1)
  87 -   0.16074 0.77649 0.03394 0.02883 ( 2)
  88 G   0.51932 0.47794 0.00128 0.00146 ( 1)
  89 P   0.00170 0.96792 0.00005 0.03033 ( 2)
  90 S   0.00029 0.95201 0.00001 0.04768 ( 2)
  91 G   0.00000 0.03342 0.00000 0.96658 ( 4)
  92 N   0.00052 0.99889 0.00000 0.00058 ( 2)
  93 D   0.00011 0.00165 0.94587 0.05237 ( 3)
  94 L   0.89152 0.09208 0.01473 0.00167 ( 1)
  95 T   0.77960 0.20490 0.01126 0.00424 ( 1)
  96 N   0.25451 0.74091 0.00073 0.00385 ( 2)
  97 E   0.04606 0.95192 0.00008 0.00194 ( 2)
  98 G   0.00874 0.95420 0.00231 0.03475 ( 2)
  99 H   0.00002 0.65606 0.00010 0.34382 ( 2)
 100 N   0.66672 0.31310 0.01311 0.00707 ( 1)
 101 F   0.00085 0.01350 0.95215 0.03350 ( 3)
 102 S   0.02624 0.96812 0.00010 0.00554 ( 2)
 103 S   0.00002 0.07623 0.47125 0.45251 ( 3)
 104 V   0.00000 0.30000 0.00099 0.69900 ( 4)
 105 S   0.00025 0.18007 0.20175 0.61793 ( 4)
 106 S   0.50085 0.18036 0.31335 0.00544 ( 1)
 107 R   0.00001 0.18971 0.00122 0.80906 ( 4)
 108 N   0.87639 0.01477 0.10775 0.00108 ( 1)
 109 K   0.35344 0.18871 0.44628 0.01156 ( 3)
 110 M   0.99450 0.00308 0.00241 0.00001 ( 1)
 111 F   0.98950 0.00791 0.00256 0.00003 ( 1)
 112 V   0.70676 0.28748 0.00338 0.00237 ( 1)
 113 Q   0.41017 0.13530 0.42042 0.03411 ( 3)
 114 G   0.99682 0.00247 0.00071 0.00000 ( 1)
 115 N   0.00036 0.55045 0.01170 0.43748 ( 2)
 116 N   0.74363 0.01704 0.23319 0.00614 ( 1)
 117 G   0.99656 0.00166 0.00177 0.00000 ( 1)
 118 K   0.99388 0.00051 0.00561 0.00001 ( 1)
 119 Y   0.99745 0.00003 0.00252 0.00000 ( 1)
 120 V   0.99758 0.00115 0.00126 0.00000 ( 1)
 121 L   0.89893 0.09872 0.00206 0.00030 ( 1)
 122 N   0.07478 0.92387 0.00009 0.00126 ( 2)
 123 I   0.00009 0.99253 0.00000 0.00738 ( 2)
 124 L   0.95466 0.04030 0.00471 0.00033 ( 1)
 125 T   0.39032 0.60779 0.00066 0.00123 ( 2)
 126 -   0.62533 0.37413 0.00033 0.00021 ( 1)
 127 -   0.63195 0.36730 0.00045 0.00029 ( 1)
 128 -   0.72206 0.27327 0.00281 0.00185 ( 1)
 129 -   0.73645 0.25871 0.00292 0.00192 ( 1)
 130 -   0.63195 0.36730 0.00045 0.00029 ( 1)
 131 -   0.68125 0.31634 0.00145 0.00096 ( 1)
 132 -   0.69475 0.30310 0.00130 0.00085 ( 1)
 133 D   0.99113 0.00380 0.00504 0.00003 ( 1)
 134 S   0.97548 0.02221 0.00224 0.00007 ( 1)
 135 I   0.99072 0.00685 0.00241 0.00002 ( 1)
 136 E   0.98666 0.00791 0.00536 0.00007 ( 1)
 137 L   0.13925 0.85149 0.00082 0.00844 ( 2)
 138 P   0.99776 0.00009 0.00216 0.00000 ( 1)
 139 S   0.91020 0.08738 0.00210 0.00031 ( 1)
 140 G   0.99779 0.00123 0.00098 0.00000 ( 1)
 141 Q   0.78290 0.21218 0.00333 0.00158 ( 1)
 142 -   0.83352 0.08101 0.07790 0.00757 ( 1)
 143 Q   0.06579 0.93162 0.00016 0.00243 ( 2)
 144 T   0.98260 0.01245 0.00484 0.00011 ( 1)
 145 I   0.99514 0.00134 0.00351 0.00001 ( 1)
 146 L   0.01085 0.98018 0.00006 0.00891 ( 2)
 147 I   0.76097 0.23630 0.00186 0.00086 ( 1)
 148 Q   0.00013 0.99777 0.00000 0.00210 ( 2)
 149 N   0.95882 0.04018 0.00096 0.00004 ( 1)
 150 T   0.01285 0.98390 0.00004 0.00321 ( 2)
 151 N   0.03305 0.96502 0.00005 0.00189 ( 2)
 152 -   0.00013 0.99804 0.00000 0.00183 ( 2)
 153 -   0.00002 0.99896 0.00000 0.00102 ( 2)
 154 -   0.00608 0.99305 0.00000 0.00086 ( 2)
 155 S   0.72878 0.26990 0.00095 0.00037 ( 1)
 156 Q   0.12788 0.86945 0.00025 0.00241 ( 2)
 157 D   0.99550 0.00073 0.00377 0.00001 ( 1)
 158 L   0.99790 0.00041 0.00169 0.00000 ( 1)
 159 F   0.99637 0.00135 0.00227 0.00001 ( 1)
 160 L   0.99180 0.00570 0.00249 0.00002 ( 1)
 161 D   0.99611 0.00013 0.00376 0.00000 ( 1)
 162 R   0.99844 0.00031 0.00125 0.00000 ( 1)
 163 I   0.99157 0.00449 0.00391 0.00003 ( 1)
 164 E   0.99888 0.00006 0.00106 0.00000 ( 1)
 165 -   0.98609 0.01156 0.00231 0.00003 ( 1)
 166 -   0.79470 0.11983 0.07428 0.01120 ( 1)
 167 -   0.98992 0.00633 0.00371 0.00004 ( 1)


lnL = -3285.634091

Bayes Empirical Bayes (BEB) probabilities for 4 classes (class)
(amino acids refer to 1st sequence: BT_Cry21Aa1)

   1 -   0.59350 0.12431 0.23372 0.04847 ( 1)
   2 L   0.69229 0.02552 0.27226 0.00993 ( 1)
   3 K   0.78764 0.00557 0.20516 0.00162 ( 1)
   4 G   0.73070 0.00465 0.26296 0.00169 ( 1)
   5 F   0.77918 0.00157 0.21877 0.00047 ( 1)
   6 P   0.72845 0.00302 0.26741 0.00112 ( 1)
   7 A   0.73979 0.00035 0.25974 0.00013 ( 1)
   8 E   0.74912 0.00033 0.25043 0.00012 ( 1)
   9 K   0.79314 0.00024 0.20655 0.00007 ( 1)
  10 G   0.74004 0.03184 0.21839 0.00974 ( 1)
  11 -   0.06259 0.70912 0.01704 0.21125 ( 2)
  12 -   0.00263 0.62698 0.00184 0.36855 ( 2)
  13 -   0.17299 0.33038 0.33655 0.16009 ( 3)
  14 Y   0.09572 0.60802 0.04128 0.25498 ( 2)
  15 G   0.77886 0.00237 0.21807 0.00070 ( 1)
  16 D   0.00029 0.58181 0.01167 0.40623 ( 2)
  17 S   0.00308 0.41537 0.10550 0.47604 ( 4)
  18 I   0.13382 0.59769 0.04877 0.21972 ( 2)
  19 A   0.02784 0.58209 0.11040 0.27966 ( 2)
  20 Y   0.35393 0.05119 0.56846 0.02642 ( 3)
  21 V   0.77667 0.00780 0.21320 0.00233 ( 1)
  22 S   0.11252 0.66377 0.03062 0.19308 ( 2)
  23 -   0.46622 0.25159 0.18374 0.09845 ( 1)
  24 E   0.78802 0.00106 0.21062 0.00031 ( 1)
  25 P   0.03508 0.69514 0.01297 0.25681 ( 2)
  26 L   0.63382 0.10446 0.22475 0.03697 ( 1)
  27 N   0.80298 0.00068 0.19615 0.00019 ( 1)
  28 G   0.77387 0.00017 0.22591 0.00005 ( 1)
  29 A   0.71856 0.01978 0.25461 0.00705 ( 1)
  30 N   0.80233 0.00130 0.19600 0.00037 ( 1)
  31 A   0.77478 0.01580 0.20487 0.00456 ( 1)
  32 V   0.72452 0.05903 0.19889 0.01757 ( 1)
  33 K   0.79074 0.00248 0.20606 0.00072 ( 1)
  34 L   0.75677 0.00244 0.23998 0.00080 ( 1)
  35 T   0.66950 0.06398 0.24337 0.02315 ( 1)
  36 -   0.57356 0.14425 0.22579 0.05640 ( 1)
  37 -   0.01701 0.70080 0.00675 0.27544 ( 2)
  38 -   0.01873 0.69908 0.00743 0.27476 ( 2)
  39 -   0.11633 0.60148 0.04608 0.23611 ( 2)
  40 -   0.31851 0.39929 0.12585 0.15634 ( 2)
  41 -   0.04092 0.67689 0.01622 0.26597 ( 2)
  42 -   0.64224 0.07557 0.25266 0.02953 ( 1)
  43 -   0.10670 0.61111 0.04227 0.23992 ( 2)
  44 S   0.44802 0.26979 0.17701 0.10518 ( 1)
  45 Y   0.09779 0.68337 0.02501 0.19383 ( 2)
  46 Q   0.01348 0.63997 0.03649 0.31006 ( 2)
  47 V   0.00979 0.63738 0.03844 0.31438 ( 2)
  48 L   0.71380 0.04249 0.22941 0.01430 ( 1)
  49 Q   0.01519 0.75971 0.00396 0.22114 ( 2)
  50 M   0.25428 0.47645 0.09374 0.17553 ( 2)
  51 E   0.15203 0.34671 0.34349 0.15777 ( 2)
  52 V   0.77057 0.00980 0.21677 0.00287 ( 1)
  53 T   0.72200 0.01790 0.25378 0.00632 ( 1)
  54 N   0.80314 0.00053 0.19618 0.00015 ( 1)
  55 Q   0.01424 0.75813 0.00402 0.22361 ( 2)
  56 T   0.71698 0.06875 0.19384 0.02043 ( 1)
  57 T   0.19795 0.41978 0.15538 0.22689 ( 2)
  58 Q   0.76775 0.00486 0.22591 0.00148 ( 1)
  59 K   0.74261 0.01212 0.24124 0.00403 ( 1)
  60 Y   0.77806 0.00007 0.22185 0.00002 ( 1)
  61 R   0.50197 0.27129 0.14491 0.08184 ( 1)
  62 I   0.75983 0.03590 0.19388 0.01039 ( 1)
  63 R   0.72808 0.00110 0.27041 0.00041 ( 1)
  64 I   0.63800 0.14314 0.17641 0.04244 ( 1)
  65 R   0.72906 0.00013 0.27076 0.00005 ( 1)
  66 Y   0.77802 0.00011 0.22183 0.00003 ( 1)
  67 A   0.79065 0.00031 0.20894 0.00009 ( 1)
  68 T   0.79577 0.00614 0.19636 0.00173 ( 1)
  69 G   0.14344 0.63418 0.03775 0.18463 ( 2)
  70 G   0.01617 0.75078 0.00469 0.22836 ( 2)
  71 D   0.61457 0.18261 0.15165 0.05117 ( 1)
  72 T   0.67384 0.10728 0.18719 0.03168 ( 1)
  73 A   0.64179 0.14361 0.17288 0.04172 ( 1)
  74 A   0.75214 0.04076 0.19534 0.01176 ( 1)
  75 S   0.75369 0.04380 0.19046 0.01205 ( 1)
  76 I   0.62057 0.11929 0.21801 0.04213 ( 1)
  77 W   0.28653 0.46305 0.09472 0.15570 ( 2)
  78 F   0.59790 0.16568 0.18413 0.05229 ( 1)
  79 H   0.00250 0.44984 0.05344 0.49423 ( 4)
  80 I   0.75530 0.03470 0.19997 0.01004 ( 1)
  81 I   0.00024 0.66891 0.00065 0.33020 ( 2)
  82 -   0.60229 0.17765 0.16728 0.05279 ( 1)
  83 -   0.60799 0.16383 0.17794 0.05024 ( 1)
  84 -   0.53102 0.22025 0.17481 0.07392 ( 1)
  85 -   0.31873 0.44277 0.09799 0.14051 ( 2)
  86 -   0.71682 0.08397 0.17551 0.02370 ( 1)
  87 -   0.18137 0.41024 0.23392 0.17447 ( 2)
  88 G   0.55234 0.21061 0.17047 0.06658 ( 1)
  89 P   0.01368 0.72731 0.00461 0.25440 ( 2)
  90 S   0.00254 0.72918 0.00092 0.26736 ( 2)
  91 G   0.00000 0.48313 0.00000 0.51687 ( 4)
  92 N   0.00500 0.72517 0.00185 0.26799 ( 2)
  93 D   0.01824 0.07925 0.82612 0.07639 ( 3)
  94 L   0.69343 0.04291 0.24828 0.01539 ( 1)
  95 T   0.67890 0.08897 0.20457 0.02756 ( 1)
  96 N   0.44234 0.34956 0.11177 0.09633 ( 1)
  97 E   0.14877 0.58867 0.05264 0.20993 ( 2)
  98 G   0.04185 0.61561 0.06440 0.27814 ( 2)
  99 H   0.00045 0.67968 0.00063 0.31924 ( 2)
 100 N   0.61356 0.13066 0.21011 0.04568 ( 1)
 101 F   0.02003 0.11115 0.77764 0.09118 ( 3)
 102 S   0.08960 0.68228 0.02499 0.20313 ( 2)
 103 S   0.00131 0.50389 0.08183 0.41296 ( 2)
 104 V   0.00021 0.65128 0.00062 0.34789 ( 2)
 105 S   0.00519 0.42499 0.15888 0.41093 ( 2)
 106 S   0.24405 0.03516 0.70712 0.01367 ( 3)
 107 R   0.00038 0.57279 0.00145 0.42538 ( 2)
 108 N   0.59102 0.00902 0.39631 0.00366 ( 1)
 109 K   0.22941 0.05322 0.69265 0.02472 ( 3)
 110 M   0.75623 0.00199 0.24113 0.00065 ( 1)
 111 F   0.77297 0.00474 0.22087 0.00143 ( 1)
 112 V   0.65822 0.13042 0.17334 0.03802 ( 1)
 113 Q   0.35488 0.05974 0.55711 0.02827 ( 3)
 114 G   0.73389 0.00193 0.26349 0.00070 ( 1)
 115 N   0.00372 0.53385 0.03228 0.43015 ( 2)
 116 N   0.59935 0.01383 0.37944 0.00737 ( 1)
 117 G   0.77274 0.00124 0.22564 0.00038 ( 1)
 118 K   0.80210 0.00080 0.19688 0.00023 ( 1)
 119 Y   0.77806 0.00007 0.22185 0.00002 ( 1)
 120 V   0.73769 0.00107 0.26087 0.00038 ( 1)
 121 L   0.71595 0.04294 0.22726 0.01385 ( 1)
 122 N   0.22323 0.52347 0.07503 0.17826 ( 2)
 123 I   0.00133 0.78033 0.00034 0.21801 ( 2)
 124 L   0.76562 0.02556 0.20135 0.00747 ( 1)
 125 T   0.44155 0.29717 0.15575 0.10552 ( 1)
 126 -   0.48988 0.24135 0.17995 0.08882 ( 1)
 127 -   0.49684 0.23824 0.17874 0.08617 ( 1)
 128 -   0.59552 0.19145 0.15748 0.05555 ( 1)
 129 -   0.61169 0.18345 0.15352 0.05133 ( 1)
 130 -   0.49684 0.23824 0.17874 0.08617 ( 1)
 131 -   0.54995 0.21380 0.16839 0.06785 ( 1)
 132 -   0.56428 0.20697 0.16524 0.06351 ( 1)
 133 D   0.78904 0.00249 0.20775 0.00072 ( 1)
 134 S   0.76329 0.01220 0.22084 0.00368 ( 1)
 135 I   0.73269 0.00762 0.25698 0.00271 ( 1)
 136 E   0.78738 0.00516 0.20596 0.00150 ( 1)
 137 L   0.25581 0.52636 0.06560 0.15223 ( 2)
 138 P   0.77629 0.00018 0.22348 0.00005 ( 1)
 139 S   0.72973 0.04665 0.20956 0.01405 ( 1)
 140 G   0.73231 0.00105 0.26625 0.00038 ( 1)
 141 Q   0.72250 0.07452 0.18235 0.02063 ( 1)
 142 -   0.65850 0.05931 0.25901 0.02318 ( 1)
 143 Q   0.18727 0.54687 0.06763 0.19824 ( 2)
 144 T   0.78301 0.01117 0.20257 0.00326 ( 1)
 145 I   0.78179 0.00176 0.21592 0.00053 ( 1)
 146 L   0.05858 0.71717 0.01541 0.20884 ( 2)
 147 I   0.65266 0.12295 0.18737 0.03702 ( 1)
 148 Q   0.00116 0.72880 0.00043 0.26961 ( 2)
 149 N   0.70674 0.02219 0.26289 0.00818 ( 1)
 150 T   0.03956 0.69494 0.01422 0.25128 ( 2)
 151 N   0.10615 0.64259 0.03506 0.21620 ( 2)
 152 -   0.00148 0.77081 0.00042 0.22730 ( 2)
 153 -   0.00022 0.74124 0.00008 0.25847 ( 2)
 154 -   0.01605 0.71998 0.00573 0.25824 ( 2)
 155 S   0.63221 0.09952 0.23215 0.03612 ( 1)
 156 Q   0.32727 0.44097 0.09657 0.13520 ( 2)
 157 D   0.79944 0.00082 0.19952 0.00023 ( 1)
 158 L   0.73120 0.00064 0.26793 0.00023 ( 1)
 159 F   0.78323 0.00132 0.21506 0.00039 ( 1)
 160 L   0.73556 0.00473 0.25803 0.00168 ( 1)
 161 D   0.79998 0.00037 0.19954 0.00010 ( 1)
 162 R   0.76719 0.00052 0.23213 0.00016 ( 1)
 163 I   0.78487 0.00558 0.20792 0.00162 ( 1)
 164 E   0.74954 0.00013 0.25027 0.00005 ( 1)
 165 -   0.74782 0.01030 0.23850 0.00338 ( 1)
 166 -   0.63205 0.08576 0.24867 0.03352 ( 1)
 167 -   0.78546 0.00606 0.20672 0.00176 ( 1)

