Supplemental results for CODEML (seqf: algn  treef: tree)


dN/dS (w) for site classes (K=4)

site class             0        1       2a       2b
proportion       0.63765  0.30929  0.03573  0.01733
background w     0.12091  0.89546  0.12091  0.89546
foreground w     0.12091  0.89546  8.95683  8.95683

Naive Empirical Bayes (NEB) probabilities for 4 classes
(amino acids refer to 1st sequence: BT_Cry32Ea1)

   1 -   0.63765 0.30929 0.03573 0.01733 ( 1)
   2 S   0.71186 0.27538 0.00873 0.00403 ( 1)
   3 A   0.99373 0.00181 0.00444 0.00001 ( 1)
   4 I   0.78329 0.21222 0.00301 0.00148 ( 1)
   5 A   0.99139 0.00373 0.00485 0.00003 ( 1)
   6 G   0.96451 0.03168 0.00363 0.00019 ( 1)
   7 L   0.68852 0.30674 0.00289 0.00185 ( 1)
   8 F   0.74410 0.25210 0.00246 0.00135 ( 1)
   9 N   0.87030 0.12592 0.00298 0.00080 ( 1)
  10 V   0.99239 0.00215 0.00544 0.00002 ( 1)
  11 L   0.94489 0.04705 0.00759 0.00047 ( 1)
  12 L   0.83948 0.15526 0.00373 0.00153 ( 1)
  13 P   0.98379 0.00677 0.00935 0.00008 ( 1)
  14 Y   0.81381 0.17501 0.00889 0.00229 ( 1)
  15 W   0.42098 0.56946 0.00364 0.00593 ( 2)
  16 W   0.37783 0.61253 0.00326 0.00638 ( 2)
  17 P   0.99124 0.00492 0.00382 0.00003 ( 1)
  18 E   0.65988 0.33332 0.00347 0.00333 ( 1)
  19 Q   0.04940 0.94453 0.00020 0.00587 ( 2)
  20 A   0.76085 0.23375 0.00357 0.00183 ( 1)
  21 G   0.41434 0.57450 0.00420 0.00695 ( 2)
  22 A   0.04388 0.93316 0.00075 0.02221 ( 2)
  23 P   0.19059 0.71169 0.05879 0.03893 ( 2)
  24 G   0.81748 0.17838 0.00309 0.00106 ( 1)
  25 T   0.08192 0.74771 0.07216 0.09821 ( 2)
  26 P   0.28802 0.69711 0.00389 0.01098 ( 2)
  27 Q   0.61558 0.37959 0.00249 0.00234 ( 1)
  28 A   0.97212 0.02336 0.00435 0.00017 ( 1)
  29 Q   0.99289 0.00309 0.00401 0.00002 ( 1)
  30 F   0.03716 0.94856 0.00052 0.01375 ( 2)
  31 S   0.73561 0.25833 0.00334 0.00272 ( 1)
  32 W   0.30141 0.68881 0.00260 0.00717 ( 2)
  33 N   0.00115 0.68148 0.02359 0.29378 ( 2)
  34 Q   0.53297 0.46046 0.00310 0.00347 ( 1)
  35 L   0.96394 0.02830 0.00748 0.00027 ( 1)
  36 M   0.99643 0.00127 0.00230 0.00000 ( 1)
  37 T   0.00550 0.98147 0.00007 0.01296 ( 2)
  38 A   0.66552 0.32113 0.00829 0.00506 ( 1)
  39 A   0.54413 0.19431 0.24577 0.01579 ( 1)
  40 E   0.99370 0.00118 0.00511 0.00001 ( 1)
  41 E   0.02333 0.96787 0.00014 0.00865 ( 2)
  42 M   0.42908 0.56036 0.00422 0.00634 ( 2)
  43 V   0.01231 0.96945 0.00021 0.01803 ( 2)
  44 D   0.04908 0.93595 0.00110 0.01387 ( 2)
  45 K   0.90988 0.08557 0.00387 0.00067 ( 1)
  46 K   0.98564 0.00978 0.00450 0.00008 ( 1)
  47 I   0.99378 0.00227 0.00393 0.00001 ( 1)
  48 L   0.01462 0.94207 0.00436 0.03895 ( 2)
  49 E   0.77538 0.21910 0.00389 0.00162 ( 1)
  50 S   0.55369 0.44337 0.00130 0.00163 ( 1)
  51 K   0.61951 0.37069 0.00441 0.00539 ( 1)
  52 R   0.72507 0.22137 0.04093 0.01264 ( 1)
  53 G   0.01488 0.97595 0.00010 0.00908 ( 2)
  54 E   0.50069 0.49120 0.00303 0.00507 ( 1)
  55 A   0.97612 0.01485 0.00883 0.00020 ( 1)
  56 T   0.26059 0.69417 0.02597 0.01928 ( 2)
  57 A   0.95354 0.03625 0.00970 0.00051 ( 1)
  58 R   0.94456 0.05092 0.00414 0.00037 ( 1)
  59 W   0.95581 0.03556 0.00826 0.00037 ( 1)
  60 Q   0.74894 0.24646 0.00305 0.00155 ( 1)
  61 G   0.96325 0.03223 0.00430 0.00023 ( 1)
  62 I   0.98263 0.01243 0.00482 0.00011 ( 1)
  63 Q   0.99289 0.00309 0.00401 0.00002 ( 1)
  64 R   0.00007 0.87365 0.00007 0.12621 ( 2)
  65 L   0.00688 0.79926 0.01373 0.18012 ( 2)
  66 G   0.24803 0.74197 0.00157 0.00844 ( 2)
  67 R   0.01104 0.89798 0.00090 0.09008 ( 2)
  68 D   0.16325 0.07298 0.74183 0.02194 ( 3)
  69 Y   0.80319 0.18998 0.00489 0.00194 ( 1)
  70 Y   0.01921 0.96614 0.00016 0.01449 ( 2)
  71 S   0.00028 0.91847 0.00014 0.08111 ( 2)
  72 A   0.03063 0.01036 0.95192 0.00708 ( 3)
  73 L   0.50391 0.47810 0.00757 0.01041 ( 1)
  74 C   0.98266 0.00753 0.00971 0.00010 ( 1)
  75 D   0.95687 0.03823 0.00465 0.00025 ( 1)
  76 W   0.71540 0.27555 0.00618 0.00287 ( 1)
  77 I   0.05682 0.93623 0.00022 0.00673 ( 2)
  78 Q   0.00109 0.73515 0.01626 0.24750 ( 2)
  79 D   0.98275 0.01220 0.00493 0.00012 ( 1)
  80 Q   0.94818 0.04758 0.00391 0.00033 ( 1)
  81 D   0.94872 0.04032 0.01050 0.00045 ( 1)
  82 N   0.98943 0.00083 0.00973 0.00001 ( 1)
  83 A   0.26032 0.71822 0.00509 0.01637 ( 2)
  84 V   0.01784 0.96647 0.00014 0.01555 ( 2)
  85 K   0.74541 0.24369 0.00713 0.00377 ( 1)
  86 K   0.98459 0.01114 0.00419 0.00009 ( 1)
  87 E   0.00001 0.95654 0.00000 0.04345 ( 2)
  88 R   0.22863 0.76691 0.00071 0.00376 ( 2)
  89 L   0.91167 0.08190 0.00572 0.00072 ( 1)
  90 R   0.95175 0.04120 0.00667 0.00038 ( 1)
  91 D   0.99081 0.00514 0.00401 0.00004 ( 1)
  92 A   0.20013 0.79257 0.00092 0.00638 ( 2)
  93 F   0.99514 0.00157 0.00328 0.00001 ( 1)
  94 D   0.99096 0.00498 0.00401 0.00004 ( 1)
  95 D   0.78716 0.20859 0.00308 0.00117 ( 1)
  96 L   0.15099 0.72008 0.05069 0.07824 ( 2)
  97 D   0.75399 0.24037 0.00376 0.00188 ( 1)
  98 D   0.99535 0.00062 0.00403 0.00000 ( 1)
  99 Q   0.02630 0.89470 0.01102 0.06799 ( 2)
 100 L   0.06157 0.07302 0.83209 0.03332 ( 3)
 101 K   0.75559 0.07050 0.17041 0.00350 ( 1)
 102 L   0.02141 0.94531 0.00045 0.03282 ( 2)
 103 A   0.78182 0.20573 0.00925 0.00320 ( 1)
 104 M   0.98862 0.00907 0.00228 0.00003 ( 1)
 105 P   0.99085 0.00530 0.00382 0.00003 ( 1)
 106 F   0.01175 0.21053 0.55560 0.22211 ( 3)
 107 F   0.98730 0.00185 0.01083 0.00003 ( 1)
 108 S   0.00217 0.71489 0.01087 0.27207 ( 2)
 109 V   0.70587 0.18656 0.09952 0.00806 ( 1)
 110 Q   0.22515 0.76911 0.00092 0.00482 ( 2)
 111 G   0.04226 0.01664 0.93308 0.00802 ( 3)
 112 F   0.98196 0.01472 0.00324 0.00008 ( 1)
 113 E   0.99370 0.00118 0.00511 0.00001 ( 1)
 114 L   0.56141 0.42949 0.00366 0.00545 ( 1)
 115 P   0.65889 0.33494 0.00293 0.00325 ( 1)
 116 M   0.99643 0.00127 0.00230 0.00000 ( 1)
 117 L   0.98223 0.01163 0.00604 0.00010 ( 1)
 118 S   0.22560 0.76012 0.00291 0.01138 ( 2)
 119 M   0.99643 0.00127 0.00230 0.00000 ( 1)
 120 Y   0.99209 0.00352 0.00437 0.00002 ( 1)
 121 A   0.98944 0.00350 0.00703 0.00003 ( 1)
 122 Q   0.99289 0.00309 0.00401 0.00002 ( 1)
 123 A   0.99227 0.00328 0.00443 0.00002 ( 1)
 124 A   0.98741 0.00521 0.00733 0.00005 ( 1)
 125 N   0.99600 0.00064 0.00335 0.00000 ( 1)
 126 M   0.96409 0.03357 0.00222 0.00012 ( 1)
 127 H   0.98671 0.00842 0.00482 0.00005 ( 1)
 128 L   0.96079 0.02449 0.01425 0.00046 ( 1)
 129 L   0.56141 0.42848 0.00499 0.00513 ( 1)
 130 L   0.30270 0.68828 0.00236 0.00667 ( 2)
 131 L   0.98223 0.01163 0.00604 0.00010 ( 1)
 132 R   0.78560 0.20801 0.00477 0.00162 ( 1)
 133 D   0.98957 0.00082 0.00960 0.00001 ( 1)
 134 V   0.99061 0.00405 0.00531 0.00003 ( 1)
 135 V   0.95685 0.03519 0.00758 0.00038 ( 1)
 136 Q   0.00585 0.54818 0.15121 0.29476 ( 2)
 137 N   0.98658 0.01003 0.00333 0.00006 ( 1)
 138 G   0.98102 0.00632 0.01255 0.00012 ( 1)
 139 V   0.00017 0.59499 0.00446 0.40038 ( 2)
 140 S   0.06937 0.88868 0.01125 0.03070 ( 2)
 141 W   0.95581 0.03556 0.00826 0.00037 ( 1)
 142 G   0.99347 0.00272 0.00380 0.00002 ( 1)
 143 F   0.97739 0.01928 0.00322 0.00010 ( 1)
 144 A   0.00000 0.86582 0.00002 0.13415 ( 2)
 145 P   0.97028 0.02560 0.00394 0.00017 ( 1)
 146 Y   0.00014 0.93562 0.00006 0.06417 ( 2)
 147 E   0.28324 0.70947 0.00155 0.00574 ( 2)
 148 V   0.96917 0.02543 0.00519 0.00021 ( 1)
 149 D   0.99508 0.00086 0.00405 0.00001 ( 1)
 150 R   0.47301 0.51413 0.00535 0.00751 ( 2)
 151 Y   0.98770 0.00417 0.00808 0.00005 ( 1)
 152 Y   0.99209 0.00352 0.00437 0.00002 ( 1)
 153 F   0.00003 0.88680 0.00002 0.11315 ( 2)
 154 D   0.95345 0.04299 0.00326 0.00031 ( 1)
 155 P   0.00037 0.87404 0.00032 0.12527 ( 2)
 156 S   0.05824 0.89652 0.00832 0.03692 ( 2)
 157 G   0.00011 0.93593 0.00005 0.06390 ( 2)
 158 -   0.63765 0.30929 0.03573 0.01733 ( 1)
 159 Q   0.01698 0.94629 0.00280 0.03392 ( 2)
 160 R   0.01402 0.97509 0.00013 0.01077 ( 2)
 161 S   0.98059 0.01515 0.00412 0.00015 ( 1)
 162 P   0.95187 0.04297 0.00482 0.00034 ( 1)
 163 G   0.98794 0.00600 0.00602 0.00005 ( 1)
 164 L   0.98082 0.01282 0.00624 0.00011 ( 1)
 165 L   0.62305 0.36733 0.00513 0.00448 ( 1)
 166 Q   0.97299 0.02294 0.00393 0.00014 ( 1)
 167 L   0.97927 0.01499 0.00562 0.00012 ( 1)
 168 L   0.90346 0.08995 0.00579 0.00079 ( 1)
 169 G   0.00376 0.50286 0.16224 0.33114 ( 2)
 170 T   0.00027 0.79142 0.00078 0.20752 ( 2)
 171 Y   0.99120 0.00419 0.00458 0.00003 ( 1)
 172 T   0.99411 0.00212 0.00375 0.00001 ( 1)
 173 N   0.92166 0.07343 0.00443 0.00048 ( 1)
 174 Y   0.96682 0.02865 0.00433 0.00020 ( 1)
 175 C   0.99050 0.00620 0.00327 0.00003 ( 1)
 176 V   0.72905 0.24223 0.02144 0.00728 ( 1)
 177 E   0.00586 0.97937 0.00006 0.01471 ( 2)
 178 W   0.95581 0.03556 0.00826 0.00037 ( 1)
 179 Y   0.99209 0.00352 0.00437 0.00002 ( 1)
 180 E   0.92879 0.06736 0.00328 0.00058 ( 1)
 181 K   0.04463 0.85534 0.01662 0.08341 ( 2)
 182 G   0.99331 0.00319 0.00348 0.00002 ( 1)
 183 L   0.98223 0.01163 0.00604 0.00010 ( 1)
 184 Q   0.07589 0.91671 0.00044 0.00695 ( 2)
 185 E   0.05440 0.93792 0.00028 0.00740 ( 2)
 186 Q   0.97266 0.02327 0.00393 0.00014 ( 1)
 187 Y   0.99077 0.00483 0.00437 0.00003 ( 1)
 188 N   0.00147 0.97370 0.00018 0.02466 ( 2)
 189 -   0.63765 0.30929 0.03573 0.01733 ( 1)
 190 -   0.63765 0.30929 0.03573 0.01733 ( 1)
 191 T   0.95373 0.04219 0.00382 0.00025 ( 1)
 192 G   0.86194 0.13438 0.00297 0.00070 ( 1)
 193 R   0.00400 0.91333 0.00218 0.08049 ( 2)
 194 W   0.95581 0.03556 0.00826 0.00037 ( 1)
 195 D   0.19643 0.79391 0.00098 0.00868 ( 2)
 196 K   0.58242 0.41185 0.00248 0.00325 ( 1)
 197 F   0.91280 0.08137 0.00523 0.00060 ( 1)
 198 N   0.99600 0.00064 0.00335 0.00000 ( 1)
 199 N   0.76502 0.23065 0.00268 0.00166 ( 1)
 200 F   0.97665 0.01232 0.01084 0.00019 ( 1)
 201 R   0.98864 0.00771 0.00361 0.00004 ( 1)
 202 R   0.29160 0.62023 0.06209 0.02608 ( 2)
 203 N   0.96336 0.01383 0.02250 0.00031 ( 1)
 204 M   0.99643 0.00127 0.00230 0.00000 ( 1)
 205 T   0.97528 0.01923 0.00532 0.00017 ( 1)
 206 I   0.98172 0.01433 0.00385 0.00010 ( 1)
 207 M   0.30596 0.05551 0.62561 0.01292 ( 3)
 208 V   0.99175 0.00278 0.00544 0.00003 ( 1)
 209 L   0.98380 0.01214 0.00399 0.00007 ( 1)
 210 D   0.99535 0.00062 0.00403 0.00000 ( 1)
 211 T   0.70854 0.28681 0.00283 0.00181 ( 1)
 212 V   0.99239 0.00215 0.00544 0.00002 ( 1)
 213 A   0.80904 0.18254 0.00509 0.00333 ( 1)
 214 I   0.01521 0.91803 0.00496 0.06180 ( 2)
 215 W   0.95581 0.03556 0.00826 0.00037 ( 1)
 216 P   0.99157 0.00457 0.00384 0.00003 ( 1)
 217 T   0.99387 0.00236 0.00376 0.00001 ( 1)


lnL = -3237.345130

