Supplemental results for CODEML (seqf: algn  treef: tree)


dN/dS (w) for site classes (K=4)

site class             0        1       2a       2b
proportion       0.47103  0.52897  0.00000  0.00000
background w     0.13164  1.00000  0.13164  1.00000
foreground w     0.13164  1.00000  1.00000  1.00000

Naive Empirical Bayes (NEB) probabilities for 4 classes
(amino acids refer to 1st sequence: BT_Cry32Ha1)

   1 P   0.29557 0.70443 0.00000 0.00000 ( 2)
   2 T   0.39297 0.60703 0.00000 0.00000 ( 2)
   3 K   0.99610 0.00390 0.00000 0.00000 ( 1)
   4 S   0.89616 0.10384 0.00000 0.00000 ( 1)
   5 Q   0.98370 0.01630 0.00000 0.00000 ( 1)
   6 L   0.97149 0.02851 0.00000 0.00000 ( 1)
   7 T   0.99248 0.00752 0.00000 0.00000 ( 1)
   8 R   0.98267 0.01733 0.00000 0.00000 ( 1)
   9 I   0.68363 0.31637 0.00000 0.00000 ( 1)
  10 V   0.64973 0.35027 0.00000 0.00000 ( 1)
  11 Y   0.99794 0.00206 0.00000 0.00000 ( 1)
  12 T   0.98439 0.01561 0.00000 0.00000 ( 1)
  13 P   0.90751 0.09249 0.00000 0.00000 ( 1)
  14 R   0.87687 0.12313 0.00000 0.00000 ( 1)
  15 V   0.74402 0.25598 0.00000 0.00000 ( 1)
  16 G   0.99324 0.00676 0.00000 0.00000 ( 1)
  17 D   0.40790 0.59210 0.00000 0.00000 ( 2)
  18 T   0.99280 0.00720 0.00000 0.00000 ( 1)
  19 A   0.03129 0.96871 0.00000 0.00000 ( 2)
  20 R   0.01455 0.98545 0.00000 0.00000 ( 2)
  21 S   0.93193 0.06807 0.00000 0.00000 ( 1)
  22 N   0.39602 0.60398 0.00000 0.00000 ( 2)
  23 R   0.02053 0.97947 0.00000 0.00000 ( 2)
  24 P   0.15825 0.84175 0.00000 0.00000 ( 2)
  25 S   0.42493 0.57507 0.00000 0.00000 ( 2)
  26 A   0.25239 0.74761 0.00000 0.00000 ( 2)
  27 S   0.79608 0.20392 0.00000 0.00000 ( 1)
  28 I   0.49700 0.50300 0.00000 0.00000 ( 2)
  29 D   0.24184 0.75816 0.00000 0.00000 ( 2)
  30 A   0.03723 0.96277 0.00000 0.00000 ( 2)
  31 Q   0.64192 0.35808 0.00000 0.00000 ( 1)
  32 E   0.99747 0.00253 0.00000 0.00000 ( 1)
  33 N   0.35901 0.64099 0.00000 0.00000 ( 2)
  34 N   0.86816 0.13184 0.00000 0.00000 ( 1)
  35 I   0.99453 0.00547 0.00000 0.00000 ( 1)
  36 V   0.97736 0.02264 0.00000 0.00000 ( 1)
  37 S   0.05027 0.94973 0.00000 0.00000 ( 2)
  38 S   0.66563 0.33437 0.00000 0.00000 ( 1)
  39 P   0.88895 0.11105 0.00000 0.00000 ( 1)
  40 -   0.47583 0.52417 0.00000 0.00000 ( 2)
  41 -   0.47439 0.52561 0.00000 0.00000 ( 2)
  42 R   0.30301 0.69699 0.00000 0.00000 ( 2)
  43 L   0.99006 0.00994 0.00000 0.00000 ( 1)
  44 F   0.99844 0.00156 0.00000 0.00000 ( 1)
  45 A   0.18903 0.81097 0.00000 0.00000 ( 2)
  46 W   0.99345 0.00655 0.00000 0.00000 ( 1)
  47 L   0.98804 0.01196 0.00000 0.00000 ( 1)
  48 R   0.00070 0.99930 0.00000 0.00000 ( 2)
  49 M   0.00303 0.99697 0.00000 0.00000 ( 2)
  50 V   0.18486 0.81514 0.00000 0.00000 ( 2)
  51 D   0.05385 0.94615 0.00000 0.00000 ( 2)
  52 V   0.71131 0.28869 0.00000 0.00000 ( 1)
  53 S   0.00573 0.99427 0.00000 0.00000 ( 2)
  54 L   0.63624 0.36376 0.00000 0.00000 ( 1)
  55 Q   0.19226 0.80774 0.00000 0.00000 ( 2)
  56 K   0.09694 0.90306 0.00000 0.00000 ( 2)
  57 N   0.44380 0.55620 0.00000 0.00000 ( 2)
  58 G   0.00682 0.99318 0.00000 0.00000 ( 2)
  59 L   0.04207 0.95793 0.00000 0.00000 ( 2)
  60 S   0.28791 0.71209 0.00000 0.00000 ( 2)
  61 N   0.66178 0.33822 0.00000 0.00000 ( 1)
  62 E   0.11948 0.88052 0.00000 0.00000 ( 2)
  63 I   0.39484 0.60516 0.00000 0.00000 ( 2)
  64 A   0.03454 0.96546 0.00000 0.00000 ( 2)
  65 S   0.05873 0.94127 0.00000 0.00000 ( 2)
  66 Y   0.74335 0.25665 0.00000 0.00000 ( 1)
  67 -   0.93352 0.06648 0.00000 0.00000 ( 1)
  68 -   0.02172 0.97828 0.00000 0.00000 ( 2)
  69 -   0.85569 0.14431 0.00000 0.00000 ( 1)
  70 -   0.21575 0.78425 0.00000 0.00000 ( 2)
  71 -   0.67891 0.32109 0.00000 0.00000 ( 1)
  72 -   0.10137 0.89863 0.00000 0.00000 ( 2)
  73 -   0.14760 0.85240 0.00000 0.00000 ( 2)
  74 -   0.88523 0.11477 0.00000 0.00000 ( 1)
  75 -   0.83053 0.16947 0.00000 0.00000 ( 1)
  76 K   0.90033 0.09967 0.00000 0.00000 ( 1)
  77 Q   0.01303 0.98697 0.00000 0.00000 ( 2)
  78 T   0.85504 0.14496 0.00000 0.00000 ( 1)
  79 F   0.77345 0.22655 0.00000 0.00000 ( 1)
  80 H   0.58675 0.41325 0.00000 0.00000 ( 1)
  81 N   0.91449 0.08551 0.00000 0.00000 ( 1)
  82 T   0.99153 0.00847 0.00000 0.00000 ( 1)
  83 L   0.04940 0.95060 0.00000 0.00000 ( 2)
  84 H   0.00582 0.99418 0.00000 0.00000 ( 2)
  85 T   0.00682 0.99318 0.00000 0.00000 ( 2)
  86 N   0.00003 0.99997 0.00000 0.00000 ( 2)
  87 L   0.09787 0.90213 0.00000 0.00000 ( 2)
  88 W   0.54804 0.45196 0.00000 0.00000 ( 1)
  89 S   0.69337 0.30663 0.00000 0.00000 ( 1)
  90 I   0.90728 0.09272 0.00000 0.00000 ( 1)
  91 T   0.59735 0.40265 0.00000 0.00000 ( 1)
  92 K   0.27460 0.72540 0.00000 0.00000 ( 2)
  93 G   0.99671 0.00329 0.00000 0.00000 ( 1)
  94 T   0.00242 0.99758 0.00000 0.00000 ( 2)
  95 P   0.00565 0.99435 0.00000 0.00000 ( 2)
  96 T   0.06467 0.93533 0.00000 0.00000 ( 2)
  97 N   0.01215 0.98785 0.00000 0.00000 ( 2)
  98 D   0.04402 0.95598 0.00000 0.00000 ( 2)
  99 V   0.83683 0.16317 0.00000 0.00000 ( 1)
 100 R   0.41834 0.58166 0.00000 0.00000 ( 2)
 101 -   0.47103 0.52897 0.00000 0.00000 ( 2)
 102 N   0.79915 0.20085 0.00000 0.00000 ( 1)
 103 M   0.12818 0.87182 0.00000 0.00000 ( 2)
 104 F   0.27922 0.72078 0.00000 0.00000 ( 2)
 105 T   0.73338 0.26662 0.00000 0.00000 ( 1)
 106 T   0.19528 0.80472 0.00000 0.00000 ( 2)
 107 P   0.69670 0.30330 0.00000 0.00000 ( 1)
 108 Y   0.21067 0.78933 0.00000 0.00000 ( 2)
 109 -   0.47103 0.52897 0.00000 0.00000 ( 2)
 110 F   0.01342 0.98658 0.00000 0.00000 ( 2)
 111 P   0.26143 0.73857 0.00000 0.00000 ( 2)
 112 Y   0.04262 0.95738 0.00000 0.00000 ( 2)
 113 D   0.80311 0.19689 0.00000 0.00000 ( 1)
 114 D   0.80311 0.19689 0.00000 0.00000 ( 1)
 115 I   0.22794 0.77206 0.00000 0.00000 ( 2)
 116 W   0.61532 0.38468 0.00000 0.00000 ( 1)
 117 K   0.75568 0.24432 0.00000 0.00000 ( 1)
 118 I   0.77267 0.22733 0.00000 0.00000 ( 1)
 119 K   0.75568 0.24432 0.00000 0.00000 ( 1)
 120 N   0.79915 0.20085 0.00000 0.00000 ( 1)
 121 E   0.02946 0.97054 0.00000 0.00000 ( 2)
 122 F   0.77335 0.22665 0.00000 0.00000 ( 1)
 123 F   0.00981 0.99019 0.00000 0.00000 ( 2)
 124 D   0.72888 0.27112 0.00000 0.00000 ( 1)
 125 -   0.47103 0.52897 0.00000 0.00000 ( 2)
 126 -   0.47103 0.52897 0.00000 0.00000 ( 2)
 127 Y   0.00400 0.99600 0.00000 0.00000 ( 2)
 128 D   0.00257 0.99743 0.00000 0.00000 ( 2)
 129 S   0.00142 0.99858 0.00000 0.00000 ( 2)
 130 P   0.83878 0.16122 0.00000 0.00000 ( 1)
 131 -   0.47103 0.52897 0.00000 0.00000 ( 2)
 132 -   0.47103 0.52897 0.00000 0.00000 ( 2)
 133 F   0.00292 0.99708 0.00000 0.00000 ( 2)
 134 D   0.09105 0.90895 0.00000 0.00000 ( 2)
 135 D   0.94736 0.05264 0.00000 0.00000 ( 1)
 136 L   0.00262 0.99738 0.00000 0.00000 ( 2)
 137 A   0.06038 0.93962 0.00000 0.00000 ( 2)
 138 V   0.40150 0.59850 0.00000 0.00000 ( 2)
 139 D   0.03502 0.96498 0.00000 0.00000 ( 2)
 140 N   0.00298 0.99702 0.00000 0.00000 ( 2)
 141 W   0.96785 0.03215 0.00000 0.00000 ( 1)
 142 T   0.63406 0.36594 0.00000 0.00000 ( 1)
 143 F   0.26086 0.73914 0.00000 0.00000 ( 2)
 144 S   0.74059 0.25941 0.00000 0.00000 ( 1)
 145 F   0.68092 0.31908 0.00000 0.00000 ( 1)
 146 R   0.21426 0.78574 0.00000 0.00000 ( 2)
 147 Y   0.03220 0.96780 0.00000 0.00000 ( 2)
 148 S   0.64331 0.35669 0.00000 0.00000 ( 1)
 149 D   0.00446 0.99554 0.00000 0.00000 ( 2)
 150 D   0.80311 0.19689 0.00000 0.00000 ( 1)
 151 Q   0.70830 0.29170 0.00000 0.00000 ( 1)
 152 Y   0.03761 0.96239 0.00000 0.00000 ( 2)
 153 F   0.84083 0.15917 0.00000 0.00000 ( 1)
 154 E   0.00018 0.99982 0.00000 0.00000 ( 2)
 155 L   0.04323 0.95677 0.00000 0.00000 ( 2)
 156 S   0.02099 0.97901 0.00000 0.00000 ( 2)
 157 T   0.74990 0.25010 0.00000 0.00000 ( 1)
 158 Y   0.04535 0.95465 0.00000 0.00000 ( 2)
 159 D   0.32903 0.67097 0.00000 0.00000 ( 2)
 160 K   0.03715 0.96285 0.00000 0.00000 ( 2)
 161 S   0.99020 0.00980 0.00000 0.00000 ( 1)
 162 V   0.57885 0.42115 0.00000 0.00000 ( 1)
 163 T   0.92752 0.07248 0.00000 0.00000 ( 1)
 164 R   0.99085 0.00915 0.00000 0.00000 ( 1)
 165 F   0.07325 0.92675 0.00000 0.00000 ( 2)
 166 Y   0.08127 0.91873 0.00000 0.00000 ( 2)
 167 G   0.14620 0.85380 0.00000 0.00000 ( 2)
 168 L   0.96910 0.03090 0.00000 0.00000 ( 1)
 169 P   0.02810 0.97190 0.00000 0.00000 ( 2)
 170 C   0.02941 0.97059 0.00000 0.00000 ( 2)
 171 R   0.59297 0.40703 0.00000 0.00000 ( 1)
 172 A   0.10512 0.89488 0.00000 0.00000 ( 2)
 173 K   0.56030 0.43970 0.00000 0.00000 ( 1)
 174 -   0.47103 0.52897 0.00000 0.00000 ( 2)
 175 -   0.47103 0.52897 0.00000 0.00000 ( 2)
 176 -   0.47103 0.52897 0.00000 0.00000 ( 2)
 177 -   0.47103 0.52897 0.00000 0.00000 ( 2)
 178 -   0.37882 0.62118 0.00000 0.00000 ( 2)
 179 N   0.03707 0.96293 0.00000 0.00000 ( 2)
 180 S   0.00751 0.99249 0.00000 0.00000 ( 2)
 181 G   0.01319 0.98681 0.00000 0.00000 ( 2)
 182 I   0.82822 0.17178 0.00000 0.00000 ( 1)
 183 C   0.07358 0.92642 0.00000 0.00000 ( 2)
 184 D   0.97346 0.02654 0.00000 0.00000 ( 1)
 185 P   0.51253 0.48747 0.00000 0.00000 ( 1)
 186 C   0.53319 0.46681 0.00000 0.00000 ( 1)
 187 D   0.88510 0.11490 0.00000 0.00000 ( 1)
 188 S   0.02483 0.97517 0.00000 0.00000 ( 2)
 189 Q   0.56972 0.43028 0.00000 0.00000 ( 1)
 190 N   0.97700 0.02300 0.00000 0.00000 ( 1)
 191 P   0.22475 0.77525 0.00000 0.00000 ( 2)
 192 C   0.99392 0.00608 0.00000 0.00000 ( 1)
 193 R   0.07935 0.92065 0.00000 0.00000 ( 2)
 194 K   0.09412 0.90588 0.00000 0.00000 ( 2)
 195 E   0.00991 0.99008 0.00000 0.00000 ( 2)
 196 L   0.19117 0.80883 0.00000 0.00000 ( 2)
 197 P   0.25356 0.74644 0.00000 0.00000 ( 2)
 198 N   0.00430 0.99570 0.00000 0.00000 ( 2)
 199 T   0.00329 0.99671 0.00000 0.00000 ( 2)
 200 T   0.01495 0.98505 0.00000 0.00000 ( 2)
 201 -   0.47678 0.52322 0.00000 0.00000 ( 2)
 202 -   0.48021 0.51979 0.00000 0.00000 ( 2)
 203 -   0.62081 0.37919 0.00000 0.00000 ( 1)
 204 -   0.92420 0.07580 0.00000 0.00000 ( 1)
 205 -   0.00582 0.99418 0.00000 0.00000 ( 2)
 206 M   0.44806 0.55194 0.00000 0.00000 ( 2)
 207 P   0.00676 0.99324 0.00000 0.00000 ( 2)
 208 C   0.03964 0.96036 0.00000 0.00000 ( 2)
 209 E   0.85538 0.14462 0.00000 0.00000 ( 1)
 210 D   0.32364 0.67636 0.00000 0.00000 ( 2)
 211 K   0.22626 0.77374 0.00000 0.00000 ( 2)
 212 R   0.00096 0.99904 0.00000 0.00000 ( 2)
 213 L   0.97285 0.02715 0.00000 0.00000 ( 1)
 214 Y   0.01164 0.98836 0.00000 0.00000 ( 2)
 215 S   0.79207 0.20793 0.00000 0.00000 ( 1)
 216 H   0.99889 0.00111 0.00000 0.00000 ( 1)
 217 R   0.98267 0.01733 0.00000 0.00000 ( 1)
 218 L   0.95772 0.04228 0.00000 0.00000 ( 1)
 219 A   0.89275 0.10725 0.00000 0.00000 ( 1)
 220 Y   0.85757 0.14243 0.00000 0.00000 ( 1)
 221 M   0.22151 0.77849 0.00000 0.00000 ( 2)
 222 G   0.32800 0.67200 0.00000 0.00000 ( 2)
 223 A   0.49079 0.50921 0.00000 0.00000 ( 2)
 224 G   0.97748 0.02252 0.00000 0.00000 ( 1)
 225 E   0.88421 0.11579 0.00000 0.00000 ( 1)
 226 N   0.07202 0.92798 0.00000 0.00000 ( 2)
 227 V   0.11484 0.88516 0.00000 0.00000 ( 2)
 228 Y   0.09245 0.90755 0.00000 0.00000 ( 2)
 229 -   0.96725 0.03275 0.00000 0.00000 ( 1)
 230 -   0.05182 0.94818 0.00000 0.00000 ( 2)
 231 -   0.94600 0.05400 0.00000 0.00000 ( 1)
 232 -   0.93855 0.06145 0.00000 0.00000 ( 1)
 233 -   0.64730 0.35270 0.00000 0.00000 ( 1)
 234 -   0.21733 0.78267 0.00000 0.00000 ( 2)
 235 -   0.67413 0.32587 0.00000 0.00000 ( 1)
 236 P   0.01039 0.98961 0.00000 0.00000 ( 2)
 237 P   0.92553 0.07447 0.00000 0.00000 ( 1)
 238 P   0.82730 0.17270 0.00000 0.00000 ( 1)
 239 S   0.02735 0.97265 0.00000 0.00000 ( 2)
 240 L   0.99006 0.00994 0.00000 0.00000 ( 1)
 241 T   0.53143 0.46857 0.00000 0.00000 ( 1)
 242 Y   0.93840 0.06160 0.00000 0.00000 ( 1)
 243 S   0.11551 0.88449 0.00000 0.00000 ( 2)
 244 A   0.01604 0.98396 0.00000 0.00000 ( 2)
 245 Y   0.83732 0.16268 0.00000 0.00000 ( 1)
 246 G   0.99253 0.00747 0.00000 0.00000 ( 1)
 247 W   0.99345 0.00655 0.00000 0.00000 ( 1)
 248 T   0.99282 0.00718 0.00000 0.00000 ( 1)
 249 H   0.99686 0.00314 0.00000 0.00000 ( 1)
 250 V   0.09872 0.90128 0.00000 0.00000 ( 2)
 251 S   0.99888 0.00112 0.00000 0.00000 ( 1)


lnL = -3377.334726

Bayes Empirical Bayes (BEB) probabilities for 4 classes (class)
(amino acids refer to 1st sequence: BT_Cry32Ha1)

   1 P   0.29609 0.57495 0.04346 0.08549 ( 2)
   2 T   0.40722 0.46102 0.06176 0.07000 ( 2)
   3 K   0.87092 0.00402 0.12448 0.00059 ( 1)
   4 S   0.78568 0.08490 0.11675 0.01268 ( 1)
   5 Q   0.85997 0.01423 0.12371 0.00208 ( 1)
   6 L   0.84266 0.02562 0.12784 0.00388 ( 1)
   7 T   0.86294 0.00736 0.12859 0.00110 ( 1)
   8 R   0.85401 0.01583 0.12778 0.00237 ( 1)
   9 I   0.64713 0.22655 0.09315 0.03318 ( 1)
  10 V   0.59999 0.27360 0.08634 0.04007 ( 1)
  11 Y   0.87248 0.00213 0.12508 0.00031 ( 1)
  12 T   0.85824 0.01501 0.12455 0.00221 ( 1)
  13 P   0.80564 0.07098 0.11316 0.01022 ( 1)
  14 R   0.77843 0.09553 0.11207 0.01398 ( 1)
  15 V   0.67930 0.19035 0.10175 0.02860 ( 1)
  16 G   0.86766 0.00658 0.12479 0.00096 ( 1)
  17 D   0.42231 0.44999 0.06132 0.06638 ( 2)
  18 T   0.86611 0.00716 0.12568 0.00105 ( 1)
  19 A   0.04331 0.82549 0.00649 0.12470 ( 2)
  20 R   0.01947 0.84880 0.00294 0.12880 ( 2)
  21 S   0.81837 0.05179 0.12208 0.00775 ( 1)
  22 N   0.40471 0.47058 0.05680 0.06791 ( 2)
  23 R   0.03076 0.83723 0.00466 0.12734 ( 2)
  24 P   0.18622 0.68890 0.02591 0.09898 ( 2)
  25 S   0.43153 0.43649 0.06561 0.06637 ( 2)
  26 A   0.28451 0.59095 0.03962 0.08492 ( 2)
  27 S   0.71443 0.15569 0.10656 0.02332 ( 1)
  28 I   0.46809 0.40510 0.06740 0.05941 ( 1)
  29 D   0.25724 0.61756 0.03607 0.08913 ( 2)
  30 A   0.04717 0.82084 0.00714 0.12485 ( 2)
  31 Q   0.58971 0.28379 0.08492 0.04159 ( 1)
  32 E   0.86908 0.00256 0.12798 0.00038 ( 1)
  33 N   0.36745 0.50298 0.05440 0.07517 ( 2)
  34 N   0.76868 0.10106 0.11509 0.01517 ( 1)
  35 I   0.86871 0.00490 0.12567 0.00072 ( 1)
  36 V   0.85268 0.01999 0.12439 0.00295 ( 1)
  37 S   0.06293 0.80768 0.00923 0.12016 ( 2)
  38 S   0.60629 0.26922 0.08556 0.03893 ( 1)
  39 P   0.77849 0.09127 0.11655 0.01370 ( 1)
  40 -   0.43513 0.43647 0.06368 0.06471 ( 2)
  41 -   0.43314 0.43692 0.06445 0.06549 ( 2)
  42 R   0.32614 0.54358 0.04863 0.08165 ( 2)
  43 L   0.86143 0.00921 0.12799 0.00137 ( 1)
  44 F   0.87310 0.00162 0.12504 0.00024 ( 1)
  45 A   0.20981 0.66335 0.02995 0.09689 ( 2)
  46 W   0.86373 0.00595 0.12944 0.00089 ( 1)
  47 L   0.85959 0.01109 0.12766 0.00165 ( 1)
  48 R   0.00123 0.87014 0.00018 0.12845 ( 2)
  49 M   0.00472 0.86735 0.00068 0.12725 ( 2)
  50 V   0.21616 0.65597 0.03126 0.09662 ( 2)
  51 D   0.07513 0.79764 0.01071 0.11651 ( 2)
  52 V   0.65814 0.21602 0.09430 0.03154 ( 1)
  53 S   0.00912 0.86323 0.00130 0.12634 ( 2)
  54 L   0.58127 0.29220 0.08371 0.04282 ( 1)
  55 Q   0.21028 0.66013 0.03103 0.09856 ( 2)
  56 K   0.11143 0.76342 0.01549 0.10966 ( 2)
  57 N   0.44615 0.42363 0.06659 0.06363 ( 1)
  58 G   0.01074 0.86137 0.00154 0.12635 ( 2)
  59 L   0.05367 0.81260 0.00831 0.12542 ( 2)
  60 S   0.28764 0.57863 0.04454 0.08919 ( 2)
  61 N   0.60683 0.25945 0.09388 0.03985 ( 1)
  62 E   0.14689 0.72245 0.02193 0.10873 ( 2)
  63 I   0.38919 0.48485 0.05537 0.07059 ( 2)
  64 A   0.04896 0.82376 0.00698 0.12030 ( 2)
  65 S   0.07984 0.78942 0.01191 0.11883 ( 2)
  66 Y   0.67520 0.19889 0.09685 0.02905 ( 1)
  67 -   0.81602 0.05880 0.11663 0.00856 ( 1)
  68 -   0.02893 0.84009 0.00432 0.12666 ( 2)
  69 -   0.75113 0.12283 0.10808 0.01797 ( 1)
  70 -   0.23251 0.64221 0.03259 0.09269 ( 2)
  71 -   0.61798 0.25482 0.08968 0.03752 ( 1)
  72 -   0.11731 0.75459 0.01695 0.11115 ( 2)
  73 -   0.16492 0.70423 0.02468 0.10616 ( 2)
  74 -   0.77386 0.09804 0.11358 0.01452 ( 1)
  75 -   0.72748 0.14202 0.10915 0.02135 ( 1)
  76 K   0.79387 0.07764 0.11696 0.01153 ( 1)
  77 Q   0.01731 0.85531 0.00247 0.12491 ( 2)
  78 T   0.75485 0.11977 0.10793 0.01745 ( 1)
  79 F   0.70078 0.17416 0.09975 0.02531 ( 1)
  80 H   0.55422 0.31529 0.08306 0.04744 ( 1)
  81 N   0.80485 0.06991 0.11506 0.01018 ( 1)
  82 T   0.86652 0.00843 0.12382 0.00123 ( 1)
  83 L   0.05904 0.81563 0.00820 0.11713 ( 2)
  84 H   0.00904 0.86041 0.00134 0.12921 ( 2)
  85 T   0.00994 0.86455 0.00138 0.12413 ( 2)
  86 N   0.00007 0.87388 0.00001 0.12604 ( 2)
  87 L   0.11604 0.75495 0.01696 0.11205 ( 2)
  88 W   0.53092 0.33840 0.07970 0.05098 ( 1)
  89 S   0.63016 0.24267 0.09144 0.03573 ( 1)
  90 I   0.80198 0.06998 0.11768 0.01036 ( 1)
  91 T   0.56621 0.30403 0.08424 0.04552 ( 1)
  92 K   0.29855 0.57426 0.04294 0.08425 ( 2)
  93 G   0.86882 0.00325 0.12745 0.00048 ( 1)
  94 T   0.00389 0.86541 0.00058 0.13012 ( 2)
  95 P   0.00843 0.86606 0.00117 0.12435 ( 2)
  96 T   0.08065 0.79089 0.01169 0.11677 ( 2)
  97 N   0.01685 0.85680 0.00237 0.12398 ( 2)
  98 D   0.06021 0.81228 0.00861 0.11890 ( 2)
  99 V   0.74482 0.12533 0.11108 0.01877 ( 1)
 100 R   0.41890 0.45366 0.06064 0.06679 ( 2)
 101 -   0.42841 0.43786 0.06633 0.06740 ( 2)
 102 N   0.69811 0.16816 0.10793 0.02580 ( 1)
 103 M   0.13576 0.73051 0.02102 0.11271 ( 2)
 104 F   0.27865 0.58762 0.04315 0.09058 ( 2)
 105 T   0.64500 0.22127 0.09976 0.03397 ( 1)
 106 T   0.19997 0.66630 0.03096 0.10276 ( 2)
 107 P   0.61542 0.25085 0.09520 0.03853 ( 1)
 108 Y   0.21471 0.65156 0.03325 0.10048 ( 2)
 109 -   0.42841 0.43786 0.06633 0.06740 ( 2)
 110 F   0.01704 0.84923 0.00264 0.13109 ( 2)
 111 P   0.26236 0.60391 0.04063 0.09310 ( 2)
 112 Y   0.05119 0.81509 0.00792 0.12580 ( 2)
 113 D   0.70174 0.16454 0.10849 0.02524 ( 1)
 114 D   0.70174 0.16454 0.10849 0.02524 ( 1)
 115 I   0.23113 0.63514 0.03579 0.09794 ( 2)
 116 W   0.54873 0.31754 0.08492 0.04881 ( 1)
 117 K   0.66309 0.20319 0.10254 0.03119 ( 1)
 118 I   0.67701 0.18926 0.10468 0.02904 ( 1)
 119 K   0.66309 0.20319 0.10254 0.03119 ( 1)
 120 N   0.69811 0.16816 0.10793 0.02580 ( 1)
 121 E   0.03591 0.83036 0.00556 0.12817 ( 2)
 122 F   0.67791 0.18836 0.10482 0.02890 ( 1)
 123 F   0.01254 0.85373 0.00194 0.13179 ( 2)
 124 D   0.64119 0.22509 0.09917 0.03456 ( 1)
 125 -   0.42841 0.43786 0.06633 0.06740 ( 2)
 126 -   0.42841 0.43786 0.06633 0.06740 ( 2)
 127 Y   0.00678 0.86617 0.00096 0.12609 ( 2)
 128 D   0.00410 0.86986 0.00057 0.12546 ( 2)
 129 S   0.00247 0.86914 0.00036 0.12803 ( 2)
 130 P   0.74293 0.13029 0.10764 0.01914 ( 1)
 131 -   0.42841 0.43786 0.06633 0.06740 ( 2)
 132 -   0.42841 0.43786 0.06633 0.06740 ( 2)
 133 F   0.00474 0.86576 0.00069 0.12880 ( 2)
 134 D   0.11750 0.75576 0.01668 0.11005 ( 2)
 135 D   0.82945 0.04213 0.12218 0.00625 ( 1)
 136 L   0.00407 0.86738 0.00059 0.12797 ( 2)
 137 A   0.08095 0.78969 0.01187 0.11749 ( 2)
 138 V   0.41890 0.45254 0.06140 0.06717 ( 2)
 139 D   0.04225 0.83235 0.00587 0.11953 ( 2)
 140 N   0.00447 0.86787 0.00064 0.12702 ( 2)
 141 W   0.84145 0.02820 0.12612 0.00423 ( 1)
 142 T   0.56403 0.30224 0.08728 0.04645 ( 1)
 143 F   0.26169 0.60458 0.04052 0.09320 ( 2)
 144 S   0.65112 0.21516 0.10070 0.03303 ( 1)
 145 F   0.60222 0.26405 0.09317 0.04056 ( 1)
 146 R   0.21856 0.64771 0.03384 0.09988 ( 2)
 147 Y   0.03909 0.82718 0.00605 0.12768 ( 2)
 148 S   0.57159 0.29468 0.08844 0.04528 ( 1)
 149 D   0.00625 0.86002 0.00097 0.13276 ( 2)
 150 D   0.70174 0.16454 0.10849 0.02524 ( 1)
 151 Q   0.62491 0.24136 0.09666 0.03707 ( 1)
 152 Y   0.04540 0.82087 0.00703 0.12670 ( 2)
 153 F   0.73881 0.12977 0.11180 0.01962 ( 1)
 154 E   0.00032 0.87201 0.00005 0.12762 ( 2)
 155 L   0.05753 0.81362 0.00837 0.12048 ( 2)
 156 S   0.03030 0.83797 0.00457 0.12715 ( 2)
 157 T   0.66642 0.20641 0.09678 0.03039 ( 1)
 158 Y   0.06123 0.80965 0.00894 0.12017 ( 2)
 159 D   0.35528 0.51447 0.05298 0.07727 ( 2)
 160 K   0.05173 0.81708 0.00776 0.12343 ( 2)
 161 S   0.86595 0.00875 0.12402 0.00128 ( 1)
 162 V   0.55449 0.31896 0.07981 0.04674 ( 1)
 163 T   0.80861 0.06162 0.12054 0.00922 ( 1)
 164 R   0.86472 0.00886 0.12512 0.00130 ( 1)
 165 F   0.09176 0.77707 0.01377 0.11740 ( 2)
 166 Y   0.09977 0.76983 0.01483 0.11557 ( 2)
 167 G   0.17386 0.69724 0.02542 0.10348 ( 2)
 168 L   0.84499 0.02563 0.12556 0.00383 ( 1)
 169 P   0.04052 0.82828 0.00608 0.12513 ( 2)
 170 C   0.03242 0.64526 0.08037 0.24195 ( 2)
 171 R   0.58000 0.29651 0.08091 0.04258 ( 1)
 172 A   0.12748 0.74546 0.01818 0.10888 ( 2)
 173 K   0.54005 0.33011 0.08039 0.04945 ( 1)
 174 -   0.42841 0.43786 0.06633 0.06740 ( 2)
 175 -   0.42841 0.43786 0.06633 0.06740 ( 2)
 176 -   0.42841 0.43786 0.06633 0.06740 ( 2)
 177 -   0.42841 0.43786 0.06633 0.06740 ( 2)
 178 -   0.36572 0.50249 0.05547 0.07632 ( 2)
 179 N   0.05410 0.81745 0.00783 0.12061 ( 2)
 180 S   0.01096 0.85854 0.00163 0.12887 ( 2)
 181 G   0.02058 0.84891 0.00306 0.12745 ( 2)
 182 I   0.74149 0.13559 0.10347 0.01945 ( 1)
 183 C   0.09161 0.77751 0.01370 0.11719 ( 2)
 184 D   0.84938 0.02266 0.12461 0.00335 ( 1)
 185 P   0.49118 0.37865 0.07331 0.05685 ( 1)
 186 C   0.53064 0.34138 0.07748 0.05050 ( 1)
 187 D   0.78325 0.09079 0.11269 0.01328 ( 1)
 188 S   0.03532 0.83095 0.00547 0.12826 ( 2)
 189 Q   0.52896 0.33731 0.08186 0.05186 ( 1)
 190 N   0.85574 0.02174 0.11940 0.00312 ( 1)
 191 P   0.23895 0.63371 0.03436 0.09299 ( 2)
 192 C   0.86923 0.00549 0.12448 0.00080 ( 1)
 193 R   0.09976 0.76910 0.01496 0.11618 ( 2)
 194 K   0.08456 0.52446 0.20214 0.18884 ( 2)
 195 E   0.01429 0.85345 0.00217 0.13009 ( 2)
 196 L   0.22143 0.65325 0.03104 0.09428 ( 2)
 197 P   0.26813 0.60337 0.03912 0.08938 ( 2)
 198 N   0.00700 0.86171 0.00105 0.13024 ( 2)
 199 T   0.00543 0.86854 0.00076 0.12527 ( 2)
 200 T   0.02281 0.84523 0.00345 0.12851 ( 2)
 201 -   0.43645 0.43616 0.06319 0.06421 ( 1)
 202 -   0.44108 0.43493 0.06150 0.06249 ( 1)
 203 -   0.56890 0.30454 0.08192 0.04464 ( 1)
 204 -   0.80329 0.06534 0.12150 0.00987 ( 1)
 205 -   0.00824 0.86281 0.00120 0.12776 ( 2)
 206 M   0.44791 0.42472 0.06485 0.06252 ( 1)
 207 P   0.01078 0.86286 0.00151 0.12485 ( 2)
 208 C   0.05459 0.81470 0.00814 0.12258 ( 2)
 209 E   0.75967 0.10922 0.11463 0.01648 ( 1)
 210 D   0.33686 0.53878 0.04693 0.07742 ( 2)
 211 K   0.25503 0.61425 0.03817 0.09255 ( 2)
 212 R   0.00160 0.87082 0.00023 0.12734 ( 2)
 213 L   0.85170 0.02367 0.12120 0.00343 ( 1)
 214 Y   0.01806 0.85215 0.00266 0.12713 ( 2)
 215 S   0.72327 0.15374 0.10093 0.02206 ( 1)
 216 H   0.87453 0.00120 0.12410 0.00017 ( 1)
 217 R   0.85401 0.01583 0.12778 0.00237 ( 1)
 218 L   0.83205 0.03855 0.12365 0.00575 ( 1)
 219 A   0.78493 0.08866 0.11341 0.01300 ( 1)
 220 Y   0.76291 0.10666 0.11441 0.01603 ( 1)
 221 M   0.24350 0.63013 0.03461 0.09177 ( 2)
 222 G   0.35419 0.51935 0.05061 0.07585 ( 2)
 223 A   0.49505 0.37868 0.07093 0.05534 ( 1)
 224 G   0.85497 0.01923 0.12300 0.00281 ( 1)
 225 E   0.78765 0.08568 0.11410 0.01258 ( 1)
 226 N   0.09587 0.77527 0.01397 0.11488 ( 2)
 227 V   0.14306 0.72530 0.02161 0.11003 ( 2)
 228 Y   0.11599 0.75835 0.01624 0.10943 ( 2)
 229 -   0.84824 0.02922 0.11836 0.00419 ( 1)
 230 -   0.06181 0.80632 0.00935 0.12252 ( 2)
 231 -   0.82614 0.04727 0.11965 0.00694 ( 1)
 232 -   0.81621 0.05326 0.12252 0.00800 ( 1)
 233 -   0.59118 0.27852 0.08845 0.04185 ( 1)
 234 -   0.23475 0.63426 0.03524 0.09576 ( 2)
 235 -   0.62530 0.24765 0.09062 0.03643 ( 1)
 236 P   0.01528 0.85684 0.00219 0.12569 ( 2)
 237 P   0.81686 0.05760 0.11713 0.00840 ( 1)
 238 P   0.74346 0.13113 0.10630 0.01911 ( 1)
 239 S   0.03898 0.83186 0.00569 0.12347 ( 2)
 240 L   0.86143 0.00921 0.12799 0.00137 ( 1)
 241 T   0.50955 0.36566 0.07189 0.05291 ( 1)
 242 Y   0.82685 0.04743 0.11879 0.00693 ( 1)
 243 S   0.13827 0.73061 0.02075 0.11037 ( 2)
 244 A   0.02186 0.84763 0.00325 0.12726 ( 2)
 245 Y   0.74869 0.12571 0.10726 0.01834 ( 1)
 246 G   0.86705 0.00719 0.12470 0.00105 ( 1)
 247 W   0.86373 0.00595 0.12944 0.00089 ( 1)
 248 T   0.86691 0.00714 0.12490 0.00104 ( 1)
 249 H   0.87253 0.00319 0.12381 0.00046 ( 1)
 250 V   0.12447 0.74530 0.01832 0.11191 ( 2)
 251 S   0.87513 0.00122 0.12347 0.00018 ( 1)

