Supplemental results for CODEML (seqf: algn  treef: tree)


dN/dS (w) for site classes (K=4)

site class             0        1       2a       2b
proportion       0.46906  0.50955  0.01025  0.01114
background w     0.11413  1.00000  0.11413  1.00000
foreground w     0.11413  1.00000 344.32624 344.32624

Naive Empirical Bayes (NEB) probabilities for 4 classes
(amino acids refer to 1st sequence: BT_Cry4Ba1)

   1 S   0.23969 0.75943 0.00021 0.00067 ( 2)
   2 K   0.05624 0.76116 0.07526 0.10733 ( 2)
   3 T   0.84374 0.15461 0.00138 0.00027 ( 1)
   4 E   0.84336 0.15593 0.00060 0.00011 ( 1)
   5 F   0.41391 0.58556 0.00022 0.00032 ( 2)
   6 T   0.81921 0.17796 0.00233 0.00051 ( 1)
   7 R   0.85836 0.14106 0.00049 0.00008 ( 1)
   8 E   0.66702 0.33249 0.00032 0.00016 ( 1)
   9 I   0.91428 0.08427 0.00132 0.00013 ( 1)
  10 Y   0.85609 0.14280 0.00095 0.00017 ( 1)
  11 T   0.32859 0.66989 0.00050 0.00102 ( 2)
  12 A   0.87119 0.12784 0.00084 0.00013 ( 1)
  13 L   0.72235 0.27705 0.00044 0.00017 ( 1)
  14 V   0.00577 0.99319 0.00001 0.00103 ( 2)
  15 E   0.39247 0.60637 0.00044 0.00072 ( 2)
  16 S   0.86919 0.12964 0.00101 0.00016 ( 1)
  17 P   0.38609 0.61323 0.00025 0.00043 ( 2)
  18 S   0.41018 0.58915 0.00027 0.00040 ( 2)
  19 S   0.53975 0.45809 0.00114 0.00102 ( 1)
  20 K   0.87317 0.12559 0.00107 0.00016 ( 1)
  21 S   0.05811 0.94108 0.00005 0.00077 ( 2)
  22 I   0.37101 0.62761 0.00047 0.00090 ( 2)
  23 A   0.34725 0.65174 0.00034 0.00067 ( 2)
  24 A   0.04650 0.95264 0.00004 0.00083 ( 2)
  25 L   0.11597 0.88318 0.00010 0.00076 ( 2)
  26 E   0.64609 0.35343 0.00031 0.00017 ( 1)
  27 A   0.35634 0.64293 0.00025 0.00048 ( 2)
  28 A   0.28489 0.71389 0.00034 0.00088 ( 2)
  29 L   0.84132 0.15816 0.00044 0.00009 ( 1)
  30 T   0.85038 0.14797 0.00139 0.00026 ( 1)
  31 R   0.75437 0.24505 0.00043 0.00015 ( 1)
  32 D   0.46387 0.53515 0.00042 0.00056 ( 2)
  33 V   0.06120 0.93785 0.00005 0.00090 ( 2)
  34 H   0.87289 0.12652 0.00051 0.00008 ( 1)
  35 L   0.73447 0.26469 0.00061 0.00022 ( 1)
  36 F   0.63699 0.36188 0.00072 0.00041 ( 1)
  37 T   0.51835 0.47979 0.00093 0.00093 ( 1)
  38 W   0.56379 0.43428 0.00108 0.00084 ( 1)
  39 L   0.20264 0.79674 0.00012 0.00050 ( 2)
  40 K   0.70385 0.29575 0.00028 0.00012 ( 1)
  41 R   0.06786 0.92942 0.00018 0.00255 ( 2)
  42 V   0.31814 0.68106 0.00024 0.00055 ( 2)
  43 D   0.08091 0.89908 0.00198 0.01803 ( 2)
  44 F   0.62904 0.37002 0.00059 0.00035 ( 1)
  45 W   0.56379 0.43428 0.00108 0.00084 ( 1)
  46 T   0.60026 0.39694 0.00168 0.00112 ( 1)
  47 -   0.66422 0.33487 0.00059 0.00032 ( 1)
  48 -   0.69737 0.30097 0.00113 0.00053 ( 1)
  49 N   0.45399 0.54487 0.00050 0.00064 ( 2)
  50 T   0.50295 0.49536 0.00081 0.00088 ( 1)
  51 I   0.06210 0.86697 0.02693 0.04401 ( 2)
  52 Y   0.73530 0.26208 0.00192 0.00069 ( 1)
  53 Q   0.26247 0.73684 0.00018 0.00052 ( 2)
  54 D   0.91183 0.08726 0.00082 0.00008 ( 1)
  55 L   0.00015 0.34209 0.02888 0.62888 ( 4)
  56 R   0.83019 0.16938 0.00035 0.00007 ( 1)
  57 F   0.26043 0.73695 0.00068 0.00194 ( 2)
  58 L   0.75900 0.24021 0.00060 0.00019 ( 1)
  59 S   0.86919 0.12964 0.00101 0.00016 ( 1)
  60 A   0.78244 0.21654 0.00079 0.00023 ( 1)
  61 N   0.92241 0.07597 0.00149 0.00013 ( 1)
  62 K   0.41247 0.58694 0.00024 0.00035 ( 2)
  63 I   0.91428 0.08427 0.00132 0.00013 ( 1)
  64 G   0.72004 0.27953 0.00031 0.00012 ( 1)
  65 F   0.88848 0.11063 0.00079 0.00010 ( 1)
  66 S   0.75429 0.24451 0.00090 0.00030 ( 1)
  67 Y   0.85609 0.14280 0.00095 0.00017 ( 1)
  68 T   0.85038 0.14797 0.00139 0.00026 ( 1)
  69 N   0.92241 0.07597 0.00149 0.00013 ( 1)
  70 S   0.86919 0.12964 0.00101 0.00016 ( 1)
  71 S   0.86919 0.12964 0.00101 0.00016 ( 1)
  72 A   0.05434 0.94463 0.00005 0.00098 ( 2)
  73 M   0.38612 0.61257 0.00049 0.00083 ( 2)
  74 Q   0.03733 0.90837 0.01245 0.04185 ( 2)
  75 E   0.00627 0.92194 0.00049 0.07130 ( 2)
  76 S   0.56596 0.43330 0.00041 0.00033 ( 1)
  77 G   0.75838 0.24123 0.00029 0.00009 ( 1)
  78 I   0.91428 0.08427 0.00132 0.00013 ( 1)
  79 Y   0.83689 0.14993 0.01120 0.00198 ( 1)
  80 G   0.75838 0.24123 0.00029 0.00009 ( 1)
  81 S   0.92005 0.07922 0.00066 0.00006 ( 1)
  82 S   0.00249 0.99536 0.00000 0.00215 ( 2)
  83 G   0.00721 0.92838 0.00331 0.06109 ( 2)
  84 F   0.41776 0.58133 0.00037 0.00054 ( 2)
  85 G   0.31338 0.68618 0.00013 0.00031 ( 2)
  86 S   0.00502 0.99323 0.00001 0.00174 ( 2)
  87 N   0.00033 0.80972 0.00008 0.18987 ( 2)
  88 L   0.05872 0.94074 0.00003 0.00051 ( 2)
  89 T   0.08180 0.91628 0.00015 0.00178 ( 2)
  90 H   0.06187 0.93752 0.00004 0.00057 ( 2)
  91 Q   0.00426 0.98563 0.00004 0.01006 ( 2)
  92 I   0.07272 0.92609 0.00008 0.00110 ( 2)
  93 Q   0.00425 0.99505 0.00000 0.00070 ( 2)
  94 L   0.58386 0.41561 0.00030 0.00022 ( 1)
  95 N   0.50189 0.47672 0.01097 0.01042 ( 1)
  96 S   0.15819 0.83846 0.00049 0.00287 ( 2)
  97 N   0.53210 0.46622 0.00086 0.00082 ( 1)
  98 V   0.88816 0.11101 0.00073 0.00010 ( 1)
  99 Y   0.03864 0.96020 0.00004 0.00112 ( 2)
 100 K   0.41247 0.58694 0.00024 0.00035 ( 2)
 101 T   0.00903 0.98906 0.00002 0.00189 ( 2)
 102 S   0.16138 0.83740 0.00019 0.00103 ( 2)
 103 I   0.00255 0.99396 0.00001 0.00348 ( 2)
 104 T   0.00516 0.99314 0.00001 0.00169 ( 2)
 105 D   0.05994 0.93910 0.00005 0.00090 ( 2)
 106 T   0.08824 0.90984 0.00016 0.00176 ( 2)
 107 S   0.00227 0.99597 0.00000 0.00175 ( 2)
 108 S   0.02793 0.95068 0.00061 0.02078 ( 2)
 109 P   0.01997 0.95864 0.00044 0.02095 ( 2)
 110 S   0.00001 0.03436 0.01803 0.94760 ( 4)
 111 N   0.48935 0.50897 0.00079 0.00089 ( 2)
 112 R   0.00304 0.99642 0.00000 0.00053 ( 2)
 113 V   0.03635 0.96278 0.00003 0.00083 ( 2)
 114 T   0.05668 0.94160 0.00009 0.00163 ( 2)
 115 K   0.37461 0.62466 0.00028 0.00046 ( 2)
 116 M   0.00528 0.99309 0.00001 0.00162 ( 2)
 117 D   0.10478 0.89426 0.00009 0.00086 ( 2)
 118 F   0.02529 0.97211 0.00007 0.00253 ( 2)
 119 Y   0.00149 0.99753 0.00000 0.00099 ( 2)
 120 K   0.05507 0.94361 0.00007 0.00125 ( 2)
 121 I   0.49574 0.50123 0.00135 0.00167 ( 2)
 122 D   0.51500 0.48285 0.00109 0.00106 ( 1)
 123 G   0.71922 0.27856 0.00160 0.00062 ( 1)
 124 T   0.90337 0.09482 0.00162 0.00018 ( 1)
 125 L   0.00089 0.99746 0.00000 0.00165 ( 2)
 126 A   0.73770 0.26133 0.00071 0.00026 ( 1)
 127 S   0.05543 0.94373 0.00005 0.00080 ( 2)
 128 Y   0.85609 0.14280 0.00095 0.00017 ( 1)
 129 N   0.92241 0.07597 0.00149 0.00013 ( 1)
 130 S   0.75429 0.24451 0.00090 0.00030 ( 1)
 131 N   0.00647 0.54268 0.03729 0.41357 ( 2)
 132 I   0.87234 0.12639 0.00110 0.00017 ( 1)
 133 T   0.00002 0.00410 0.30841 0.68748 ( 4)
 134 P   0.79797 0.20135 0.00054 0.00014 ( 1)
 135 T   0.09621 0.90292 0.00008 0.00080 ( 2)
 136 P   0.86171 0.13764 0.00056 0.00009 ( 1)
 137 E   0.00785 0.98989 0.00002 0.00225 ( 2)
 138 G   0.08597 0.91223 0.00014 0.00167 ( 2)
 139 L   0.75900 0.24021 0.00060 0.00019 ( 1)
 140 R   0.76428 0.23514 0.00044 0.00014 ( 1)
 141 T   0.14672 0.85046 0.00041 0.00241 ( 2)
 142 T   0.84622 0.15213 0.00139 0.00026 ( 1)
 143 F   0.46062 0.53510 0.00180 0.00248 ( 2)
 144 F   0.88848 0.11063 0.00079 0.00010 ( 1)
 145 G   0.75838 0.24123 0.00029 0.00009 ( 1)
 146 F   0.78147 0.21759 0.00074 0.00021 ( 1)
 147 S   0.75429 0.24451 0.00090 0.00030 ( 1)
 148 T   0.29812 0.70066 0.00036 0.00087 ( 2)
 149 N   0.48986 0.50836 0.00080 0.00098 ( 2)
 150 E   0.16466 0.83485 0.00008 0.00041 ( 2)
 151 N   0.18870 0.81061 0.00013 0.00056 ( 2)
 152 T   0.35200 0.64740 0.00020 0.00039 ( 2)
 153 -   0.47903 0.49958 0.01047 0.01092 ( 2)
 154 P   0.86171 0.13764 0.00056 0.00009 ( 1)
 155 N   0.92241 0.07597 0.00149 0.00013 ( 1)
 156 Q   0.73489 0.26459 0.00038 0.00014 ( 1)
 157 P   0.79797 0.20135 0.00054 0.00014 ( 1)
 158 T   0.90337 0.09482 0.00162 0.00018 ( 1)
 159 V   0.34678 0.65151 0.00058 0.00113 ( 2)
 160 N   0.06420 0.93526 0.00003 0.00050 ( 2)
 161 D   0.91183 0.08726 0.00082 0.00008 ( 1)
 162 Y   0.85609 0.14280 0.00095 0.00017 ( 1)
 163 T   0.14867 0.84923 0.00031 0.00179 ( 2)
 164 H   0.41921 0.58019 0.00024 0.00036 ( 2)
 165 I   0.91428 0.08427 0.00132 0.00013 ( 1)
 166 L   0.75900 0.24021 0.00060 0.00019 ( 1)
 167 S   0.81546 0.18381 0.00059 0.00014 ( 1)
 168 Y   0.85609 0.14280 0.00095 0.00017 ( 1)
 169 I   0.87234 0.12639 0.00110 0.00017 ( 1)
 170 K   0.87317 0.12559 0.00107 0.00016 ( 1)
 171 T   0.90337 0.09482 0.00162 0.00018 ( 1)
 172 D   0.91183 0.08726 0.00082 0.00008 ( 1)
 173 V   0.50288 0.49561 0.00073 0.00079 ( 1)
 174 I   0.87234 0.12639 0.00110 0.00017 ( 1)
 175 D   0.02935 0.97026 0.00001 0.00038 ( 2)
 176 Y   0.05773 0.94182 0.00002 0.00042 ( 2)
 177 N   0.16986 0.82917 0.00016 0.00080 ( 2)
 178 S   0.00989 0.98968 0.00000 0.00042 ( 2)
 179 N   0.00061 0.99878 0.00000 0.00062 ( 2)
 180 R   0.17062 0.82897 0.00007 0.00034 ( 2)
 181 V   0.88816 0.11101 0.00073 0.00010 ( 1)
 182 S   0.75429 0.24451 0.00090 0.00030 ( 1)
 183 F   0.88848 0.11063 0.00079 0.00010 ( 1)
 184 A   0.89957 0.09942 0.00091 0.00011 ( 1)
 185 W   0.56379 0.43428 0.00108 0.00084 ( 1)
 186 T   0.85038 0.14797 0.00139 0.00026 ( 1)
 187 H   0.87289 0.12652 0.00051 0.00008 ( 1)
 188 K   0.00544 0.99390 0.00000 0.00066 ( 2)
 189 I   0.42918 0.56874 0.00085 0.00123 ( 2)


lnL = -1872.919136

Bayes Empirical Bayes (BEB) probabilities for 4 classes (class)
(amino acids refer to 1st sequence: BT_Cry4Ba1)

   1 S   0.23424 0.66564 0.02614 0.07398 ( 2)
   2 K   0.05266 0.51082 0.18985 0.24667 ( 2)
   3 T   0.76347 0.14310 0.07825 0.01518 ( 1)
   4 E   0.76156 0.14391 0.07911 0.01541 ( 1)
   5 F   0.37925 0.52475 0.04016 0.05585 ( 2)
   6 T   0.72939 0.16156 0.08922 0.01982 ( 1)
   7 R   0.77604 0.13061 0.07952 0.01383 ( 1)
   8 E   0.59598 0.29698 0.07136 0.03568 ( 1)
   9 I   0.83372 0.07962 0.07874 0.00792 ( 1)
  10 Y   0.77443 0.13230 0.07926 0.01401 ( 1)
  11 T   0.30723 0.59054 0.03515 0.06707 ( 2)
  12 A   0.78689 0.11855 0.08183 0.01272 ( 1)
  13 L   0.64628 0.24950 0.07499 0.02923 ( 1)
  14 V   0.01281 0.88458 0.00150 0.10111 ( 2)
  15 E   0.36446 0.54529 0.03573 0.05452 ( 2)
  16 S   0.78745 0.12055 0.07939 0.01261 ( 1)
  17 P   0.35740 0.54807 0.03709 0.05744 ( 2)
  18 S   0.37692 0.52869 0.03908 0.05532 ( 2)
  19 S   0.48498 0.42501 0.04757 0.04244 ( 1)
  20 K   0.79152 0.11695 0.07935 0.01219 ( 1)
  21 S   0.07777 0.82216 0.00874 0.09133 ( 2)
  22 I   0.34536 0.56105 0.03527 0.05833 ( 2)
  23 A   0.32504 0.57890 0.03439 0.06166 ( 2)
  24 A   0.06381 0.83215 0.00756 0.09649 ( 2)
  25 L   0.12292 0.76802 0.01533 0.09373 ( 2)
  26 E   0.57780 0.31514 0.06920 0.03786 ( 1)
  27 A   0.33252 0.57159 0.03513 0.06076 ( 2)
  28 A   0.27187 0.62648 0.03088 0.07076 ( 2)
  29 L   0.75935 0.14582 0.07917 0.01566 ( 1)
  30 T   0.76950 0.13708 0.07887 0.01455 ( 1)
  31 R   0.68238 0.22396 0.06997 0.02368 ( 1)
  32 D   0.42264 0.48788 0.04096 0.04852 ( 2)
  33 V   0.08188 0.82474 0.00837 0.08502 ( 2)
  34 H   0.79037 0.11759 0.07974 0.01230 ( 1)
  35 L   0.65395 0.23758 0.07952 0.02895 ( 1)
  36 F   0.56980 0.32241 0.06878 0.03900 ( 1)
  37 T   0.46728 0.44349 0.04522 0.04401 ( 1)
  38 W   0.50505 0.38393 0.06320 0.04782 ( 1)
  39 L   0.20126 0.69371 0.02386 0.08118 ( 2)
  40 K   0.63023 0.26588 0.07285 0.03103 ( 1)
  41 R   0.08990 0.81757 0.00911 0.08342 ( 2)
  42 V   0.30071 0.60212 0.03228 0.06489 ( 2)
  43 D   0.09729 0.74291 0.02164 0.13816 ( 2)
  44 F   0.56279 0.32939 0.06797 0.03985 ( 1)
  45 W   0.50505 0.38393 0.06320 0.04782 ( 1)
  46 T   0.53798 0.35278 0.06600 0.04324 ( 1)
  47 -   0.60444 0.30450 0.05981 0.03125 ( 1)
  48 -   0.63748 0.27612 0.05934 0.02706 ( 1)
  49 N   0.41222 0.49327 0.04280 0.05171 ( 2)
  50 T   0.45571 0.45703 0.04291 0.04435 ( 2)
  51 I   0.05488 0.54047 0.16201 0.24264 ( 2)
  52 Y   0.65423 0.23517 0.08139 0.02921 ( 1)
  53 Q   0.25382 0.64691 0.02800 0.07127 ( 2)
  54 D   0.83027 0.08219 0.07930 0.00824 ( 1)
  55 L   0.00082 0.45547 0.03143 0.51228 ( 4)
  56 R   0.73923 0.15388 0.08838 0.01852 ( 1)
  57 F   0.24896 0.64015 0.03160 0.07930 ( 2)
  58 L   0.68147 0.21802 0.07583 0.02468 ( 1)
  59 S   0.78745 0.12055 0.07939 0.01261 ( 1)
  60 A   0.71112 0.19952 0.06915 0.02022 ( 1)
  61 N   0.84251 0.07206 0.07834 0.00709 ( 1)
  62 K   0.37859 0.52675 0.03939 0.05527 ( 2)
  63 I   0.83372 0.07962 0.07874 0.00792 ( 1)
  64 G   0.65066 0.25409 0.06798 0.02727 ( 1)
  65 F   0.80634 0.10337 0.07966 0.01064 ( 1)
  66 S   0.67742 0.22188 0.07553 0.02517 ( 1)
  67 Y   0.77443 0.13230 0.07926 0.01401 ( 1)
  68 T   0.76950 0.13708 0.07887 0.01455 ( 1)
  69 N   0.84251 0.07206 0.07834 0.00709 ( 1)
  70 S   0.78745 0.12055 0.07939 0.01261 ( 1)
  71 S   0.78745 0.12055 0.07939 0.01261 ( 1)
  72 A   0.07368 0.82945 0.00793 0.08894 ( 2)
  73 M   0.35813 0.54859 0.03653 0.05676 ( 2)
  74 Q   0.04652 0.72081 0.05076 0.18191 ( 2)
  75 E   0.01467 0.88471 0.00167 0.09895 ( 2)
  76 S   0.50702 0.40494 0.04845 0.03959 ( 1)
  77 G   0.68055 0.21878 0.07588 0.02480 ( 1)
  78 I   0.83372 0.07962 0.07874 0.00792 ( 1)
  79 Y   0.75758 0.13885 0.08730 0.01628 ( 1)
  80 G   0.68055 0.21878 0.07588 0.02480 ( 1)
  81 S   0.83854 0.07481 0.07923 0.00743 ( 1)
  82 S   0.00639 0.90178 0.00064 0.09119 ( 2)
  83 G   0.01469 0.79656 0.01332 0.17543 ( 2)
  84 F   0.38425 0.52388 0.03854 0.05334 ( 2)
  85 G   0.29712 0.60655 0.03157 0.06475 ( 2)
  86 S   0.01141 0.89252 0.00122 0.09485 ( 2)
  87 N   0.00164 0.87803 0.00024 0.12009 ( 2)
  88 L   0.07894 0.82415 0.00851 0.08840 ( 2)
  89 T   0.10497 0.80422 0.01035 0.08046 ( 2)
  90 H   0.08274 0.82279 0.00863 0.08584 ( 2)
  91 Q   0.00977 0.87828 0.00129 0.11066 ( 2)
  92 I   0.09454 0.81184 0.00973 0.08389 ( 2)
  93 Q   0.00980 0.89030 0.00111 0.09879 ( 2)
  94 L   0.53037 0.37410 0.05539 0.04014 ( 1)
  95 N   0.44865 0.43618 0.05930 0.05588 ( 1)
  96 S   0.16820 0.73749 0.01738 0.07692 ( 2)
  97 N   0.47981 0.43309 0.04515 0.04196 ( 1)
  98 V   0.80596 0.10370 0.07967 0.01068 ( 1)
  99 Y   0.05537 0.84895 0.00587 0.08981 ( 2)
 100 K   0.37859 0.52675 0.03939 0.05527 ( 2)
 101 T   0.01919 0.88881 0.00195 0.09004 ( 2)
 102 S   0.17085 0.73496 0.01763 0.07656 ( 2)
 103 I   0.00616 0.88343 0.00080 0.10961 ( 2)
 104 T   0.01164 0.89288 0.00124 0.09424 ( 2)
 105 D   0.08145 0.82794 0.00803 0.08257 ( 2)
 106 T   0.11185 0.79737 0.01102 0.07975 ( 2)
 107 S   0.00576 0.89814 0.00062 0.09549 ( 2)
 108 S   0.04116 0.84367 0.00558 0.10959 ( 2)
 109 P   0.03059 0.85423 0.00416 0.11102 ( 2)
 110 S   0.00026 0.26741 0.02477 0.70755 ( 4)
 111 N   0.44466 0.46807 0.04188 0.04539 ( 2)
 112 R   0.00725 0.88932 0.00086 0.10257 ( 2)
 113 V   0.05326 0.85361 0.00545 0.08768 ( 2)
 114 T   0.07653 0.82768 0.00811 0.08769 ( 2)
 115 K   0.34345 0.55139 0.04072 0.06445 ( 2)
 116 M   0.01197 0.89156 0.00129 0.09518 ( 2)
 117 D   0.12960 0.77999 0.01275 0.07766 ( 2)
 118 F   0.03724 0.85116 0.00485 0.10676 ( 2)
 119 Y   0.00385 0.89032 0.00047 0.10536 ( 2)
 120 K   0.07375 0.82329 0.00861 0.09435 ( 2)
 121 I   0.44943 0.46131 0.04346 0.04580 ( 2)
 122 D   0.46465 0.44532 0.04558 0.04446 ( 1)
 123 G   0.63965 0.24930 0.07997 0.03109 ( 1)
 124 T   0.82301 0.08933 0.07867 0.00899 ( 1)
 125 L   0.00331 0.90052 0.00036 0.09581 ( 2)
 126 A   0.66689 0.23818 0.06943 0.02551 ( 1)
 127 S   0.07486 0.82676 0.00826 0.09012 ( 2)
 128 Y   0.77443 0.13230 0.07926 0.01401 ( 1)
 129 N   0.84251 0.07206 0.07834 0.00709 ( 1)
 130 S   0.67742 0.22188 0.07553 0.02517 ( 1)
 131 N   0.01527 0.59555 0.05331 0.33587 ( 2)
 132 I   0.79069 0.11767 0.07936 0.01227 ( 1)
 133 T   0.00288 0.33918 0.14876 0.50918 ( 4)
 134 P   0.71795 0.18400 0.07769 0.02036 ( 1)
 135 T   0.12007 0.78698 0.01224 0.08071 ( 2)
 136 P   0.77939 0.12756 0.07958 0.01347 ( 1)
 137 E   0.01702 0.89125 0.00172 0.09001 ( 2)
 138 G   0.11006 0.80078 0.01056 0.07861 ( 2)
 139 L   0.68147 0.21802 0.07583 0.02468 ( 1)
 140 R   0.69127 0.21511 0.07088 0.02275 ( 1)
 141 T   0.15103 0.73936 0.01894 0.09067 ( 2)
 142 T   0.76572 0.14085 0.07848 0.01495 ( 1)
 143 F   0.41108 0.47763 0.05112 0.06016 ( 2)
 144 F   0.80634 0.10337 0.07966 0.01064 ( 1)
 145 G   0.68055 0.21878 0.07588 0.02480 ( 1)
 146 F   0.69585 0.19648 0.08388 0.02379 ( 1)
 147 S   0.67742 0.22188 0.07553 0.02517 ( 1)
 148 T   0.28263 0.61574 0.03209 0.06953 ( 2)
 149 N   0.44483 0.46734 0.04200 0.04584 ( 2)
 150 E   0.16724 0.72516 0.02047 0.08713 ( 2)
 151 N   0.18836 0.70357 0.02318 0.08489 ( 2)
 152 T   0.32928 0.57590 0.03431 0.06051 ( 2)
 153 -   0.43831 0.44651 0.05742 0.05776 ( 2)
 154 P   0.77939 0.12756 0.07958 0.01347 ( 1)
 155 N   0.84251 0.07206 0.07834 0.00709 ( 1)
 156 Q   0.65886 0.23906 0.07464 0.02745 ( 1)
 157 P   0.71795 0.18400 0.07769 0.02036 ( 1)
 158 T   0.82301 0.08933 0.07867 0.00899 ( 1)
 159 V   0.32530 0.57938 0.03411 0.06121 ( 2)
 160 N   0.08422 0.81252 0.00987 0.09339 ( 2)
 161 D   0.83027 0.08219 0.07930 0.00824 ( 1)
 162 Y   0.77443 0.13230 0.07926 0.01401 ( 1)
 163 T   0.15255 0.73758 0.01919 0.09068 ( 2)
 164 H   0.38464 0.52189 0.03940 0.05407 ( 2)
 165 I   0.83372 0.07962 0.07874 0.00792 ( 1)
 166 L   0.68147 0.21802 0.07583 0.02468 ( 1)
 167 S   0.74255 0.17039 0.07019 0.01687 ( 1)
 168 Y   0.77443 0.13230 0.07926 0.01401 ( 1)
 169 I   0.79069 0.11767 0.07936 0.01227 ( 1)
 170 K   0.79152 0.11695 0.07935 0.01219 ( 1)
 171 T   0.82301 0.08933 0.07867 0.00899 ( 1)
 172 D   0.83027 0.08219 0.07930 0.00824 ( 1)
 173 V   0.45526 0.45632 0.04356 0.04486 ( 2)
 174 I   0.79069 0.11767 0.07936 0.01227 ( 1)
 175 D   0.04369 0.85420 0.00506 0.09705 ( 2)
 176 Y   0.07773 0.82527 0.00839 0.08861 ( 2)
 177 N   0.17157 0.71907 0.02144 0.08791 ( 2)
 178 S   0.01759 0.87452 0.00220 0.10569 ( 2)
 179 N   0.00193 0.88999 0.00025 0.10783 ( 2)
 180 R   0.17255 0.71983 0.02112 0.08650 ( 2)
 181 V   0.80596 0.10370 0.07967 0.01068 ( 1)
 182 S   0.67742 0.22188 0.07553 0.02517 ( 1)
 183 F   0.80634 0.10337 0.07966 0.01064 ( 1)
 184 A   0.81779 0.09326 0.07947 0.00948 ( 1)
 185 W   0.50505 0.38393 0.06320 0.04782 ( 1)
 186 T   0.76950 0.13708 0.07887 0.01455 ( 1)
 187 H   0.79037 0.11759 0.07974 0.01230 ( 1)
 188 K   0.01223 0.89158 0.00132 0.09486 ( 2)
 189 I   0.39398 0.51542 0.03874 0.05186 ( 2)

