Supplemental results for CODEML (seqf: algn  treef: tree)


dN/dS (w) for site classes (K=4)

site class             0        1       2a       2b
proportion       0.66689  0.16995  0.13003  0.03314
background w     0.14425  1.00000  0.14425  1.00000
foreground w     0.14425  1.00000  2.93320  2.93320

Naive Empirical Bayes (NEB) probabilities for 4 classes
(amino acids refer to 1st sequence: BT_Cry8Ea2)

   1 -   0.66689 0.16995 0.13003 0.03314 ( 1)
   2 -   0.66689 0.16995 0.13003 0.03314 ( 1)
   3 -   0.66689 0.16995 0.13003 0.03314 ( 1)
   4 -   0.66689 0.16995 0.13003 0.03314 ( 1)
   5 -   0.66689 0.16995 0.13003 0.03314 ( 1)
   6 -   0.66689 0.16995 0.13003 0.03314 ( 1)
   7 -   0.66689 0.16995 0.13003 0.03314 ( 1)
   8 -   0.66689 0.16995 0.13003 0.03314 ( 1)
   9 -   0.66689 0.16995 0.13003 0.03314 ( 1)
  10 -   0.66689 0.16995 0.13003 0.03314 ( 1)
  11 -   0.66689 0.16995 0.13003 0.03314 ( 1)
  12 -   0.66689 0.16995 0.13003 0.03314 ( 1)
  13 -   0.66689 0.16995 0.13003 0.03314 ( 1)
  14 -   0.66689 0.16995 0.13003 0.03314 ( 1)
  15 -   0.66689 0.16995 0.13003 0.03314 ( 1)
  16 -   0.66689 0.16995 0.13003 0.03314 ( 1)
  17 -   0.66689 0.16995 0.13003 0.03314 ( 1)
  18 -   0.66689 0.16995 0.13003 0.03314 ( 1)
  19 -   0.66689 0.16995 0.13003 0.03314 ( 1)
  20 -   0.66689 0.16995 0.13003 0.03314 ( 1)
  21 -   0.66689 0.16995 0.13003 0.03314 ( 1)
  22 -   0.66689 0.16995 0.13003 0.03314 ( 1)
  23 -   0.66689 0.16995 0.13003 0.03314 ( 1)
  24 -   0.66689 0.16995 0.13003 0.03314 ( 1)
  25 -   0.66689 0.16995 0.13003 0.03314 ( 1)
  26 -   0.66689 0.16995 0.13003 0.03314 ( 1)
  27 -   0.66689 0.16995 0.13003 0.03314 ( 1)
  28 -   0.66689 0.16995 0.13003 0.03314 ( 1)
  29 E   0.88232 0.10290 0.01177 0.00300 ( 1)
  30 T   0.59265 0.22391 0.14619 0.03725 ( 1)
  31 K   0.13206 0.48095 0.30840 0.07859 ( 2)
  32 A   0.01249 0.18681 0.63809 0.16261 ( 3)
  33 Q   0.86377 0.11346 0.01814 0.00462 ( 1)
  34 L   0.97907 0.01912 0.00145 0.00037 ( 1)
  35 T   0.25459 0.31191 0.34546 0.08804 ( 3)
  36 R   0.30288 0.36568 0.26413 0.06731 ( 2)
  37 E   0.84261 0.10861 0.03887 0.00991 ( 1)
  38 V   0.80714 0.13784 0.04384 0.01117 ( 1)
  39 Y   0.42506 0.31338 0.20844 0.05312 ( 1)
  40 T   0.71156 0.17760 0.08833 0.02251 ( 1)
  41 D   0.90380 0.07542 0.01656 0.00422 ( 1)
  42 P   0.97869 0.01871 0.00207 0.00053 ( 1)
  43 I   0.03724 0.22494 0.58799 0.14984 ( 3)
  44 G   0.32755 0.28737 0.30688 0.07820 ( 1)
  45 A   0.10133 0.29833 0.47842 0.12192 ( 3)
  46 I   0.88339 0.10046 0.01287 0.00328 ( 1)
  47 G   0.06897 0.30403 0.49967 0.12733 ( 3)
  48 A   0.70740 0.20172 0.07242 0.01845 ( 1)
  49 Q   0.96869 0.02717 0.00330 0.00084 ( 1)
  50 G   0.96835 0.02473 0.00551 0.00140 ( 1)
  51 -   0.70115 0.16529 0.10644 0.02712 ( 1)
  52 -   0.78973 0.14167 0.05467 0.01393 ( 1)
  53 S   0.96113 0.03016 0.00694 0.00177 ( 1)
  54 W   0.93178 0.06262 0.00446 0.00114 ( 1)
  55 Y   0.96884 0.02486 0.00502 0.00128 ( 1)
  56 D   0.94879 0.04440 0.00543 0.00138 ( 1)
  57 S   0.08529 0.38201 0.42452 0.10818 ( 3)
  58 A   0.95153 0.03666 0.00941 0.00240 ( 1)
  59 P   0.97274 0.02207 0.00414 0.00105 ( 1)
  60 S   0.96113 0.03016 0.00694 0.00177 ( 1)
  61 F   0.96253 0.03135 0.00488 0.00124 ( 1)
  62 N   0.66574 0.21781 0.09280 0.02365 ( 1)
  63 T   0.79607 0.14658 0.04570 0.01165 ( 1)
  64 L   0.62770 0.25134 0.09640 0.02457 ( 1)
  65 E   0.96778 0.02572 0.00518 0.00132 ( 1)
  66 S   0.97859 0.01711 0.00343 0.00087 ( 1)
  67 T   0.59974 0.23754 0.12968 0.03305 ( 1)
  68 F   0.58980 0.23840 0.13691 0.03489 ( 1)
  69 I   0.78056 0.14985 0.05546 0.01413 ( 1)
  70 R   0.92685 0.05187 0.01696 0.00432 ( 1)
  71 G   0.19146 0.48522 0.25766 0.06566 ( 2)
  72 K   0.00703 0.26946 0.57657 0.14693 ( 3)
  73 H   0.97360 0.02299 0.00272 0.00069 ( 1)
  74 L   0.96227 0.03334 0.00350 0.00089 ( 1)
  75 F   0.99020 0.00913 0.00053 0.00013 ( 1)
  76 D   0.98948 0.00968 0.00067 0.00017 ( 1)
  77 F   0.88597 0.09840 0.01246 0.00317 ( 1)
  78 I   0.81218 0.15563 0.02565 0.00654 ( 1)
  79 T   0.97743 0.01954 0.00242 0.00062 ( 1)
  80 R   0.17438 0.39597 0.34240 0.08725 ( 2)
  81 L   0.84314 0.13695 0.01587 0.00404 ( 1)
  82 S   0.85599 0.11981 0.01929 0.00492 ( 1)
  83 I   0.70283 0.20151 0.07623 0.01943 ( 1)
  84 Y   0.98638 0.01258 0.00083 0.00021 ( 1)
  85 T   0.75752 0.17679 0.05235 0.01334 ( 1)
  86 G   0.85122 0.12756 0.01691 0.00431 ( 1)
  87 R   0.89573 0.09234 0.00951 0.00242 ( 1)
  88 S   0.98621 0.01311 0.00054 0.00014 ( 1)
  89 S   0.98022 0.01802 0.00141 0.00036 ( 1)
  90 F   0.22981 0.51525 0.20317 0.05177 ( 2)
  91 S   0.76481 0.21061 0.01959 0.00499 ( 1)
  92 A   0.79623 0.15889 0.03577 0.00912 ( 1)
  93 S   0.91441 0.06802 0.01400 0.00357 ( 1)
  94 N   0.92907 0.06511 0.00464 0.00118 ( 1)
  95 Y   0.97921 0.01960 0.00095 0.00024 ( 1)
  96 L   0.93207 0.06280 0.00409 0.00104 ( 1)
  97 K   0.90299 0.08770 0.00742 0.00189 ( 1)
  98 K   0.33507 0.55409 0.08832 0.02251 ( 2)
  99 W   0.94859 0.04894 0.00197 0.00050 ( 1)
 100 I   0.88568 0.10076 0.01081 0.00275 ( 1)
 101 G   0.94510 0.05013 0.00380 0.00097 ( 1)
 102 H   0.99158 0.00795 0.00037 0.00009 ( 1)
 103 Q   0.90715 0.08409 0.00698 0.00178 ( 1)
 104 I   0.87733 0.10653 0.01286 0.00328 ( 1)
 105 S   0.02097 0.37464 0.48165 0.12274 ( 3)
 106 -   0.66689 0.16995 0.13003 0.03314 ( 1)
 107 -   0.66689 0.16995 0.13003 0.03314 ( 1)
 108 -   0.66689 0.16995 0.13003 0.03314 ( 1)
 109 -   0.66689 0.16995 0.13003 0.03314 ( 1)
 110 S   0.04241 0.33466 0.49643 0.12651 ( 3)
 111 Q   0.28937 0.39626 0.25053 0.06384 ( 2)
 112 P   0.03850 0.41411 0.43622 0.11116 ( 3)
 113 I   0.72126 0.15715 0.09690 0.02469 ( 1)
 114 G   0.00003 0.02929 0.77355 0.19713 ( 3)
 115 G   0.50950 0.37684 0.09058 0.02308 ( 1)
 116 S   0.00668 0.31574 0.53998 0.13760 ( 3)
 117 I   0.89416 0.08932 0.01317 0.00335 ( 1)
 118 Q   0.16938 0.36431 0.37161 0.09470 ( 3)
 119 -   0.90478 0.08196 0.01057 0.00269 ( 1)
 120 T   0.09234 0.45103 0.36390 0.09273 ( 2)
 121 Q   0.00164 0.16471 0.66435 0.16930 ( 3)
 122 T   0.00078 0.11663 0.70335 0.17924 ( 3)
 123 Y   0.98179 0.01627 0.00155 0.00039 ( 1)
 124 G   0.30190 0.38761 0.24743 0.06305 ( 2)
 125 T   0.35362 0.39617 0.19940 0.05081 ( 2)
 126 T   0.31568 0.35231 0.26459 0.06743 ( 2)
 127 S   0.07969 0.26529 0.52199 0.13302 ( 3)
 128 G   0.09428 0.52491 0.30348 0.07734 ( 2)
 129 S   0.00061 0.09454 0.72109 0.18376 ( 3)
 130 S   0.67658 0.16883 0.12320 0.03140 ( 1)
 131 V   0.67741 0.16872 0.12262 0.03125 ( 1)
 132 I   0.08378 0.41217 0.40168 0.10236 ( 2)
 133 A   0.01531 0.45213 0.42441 0.10815 ( 2)
 134 T   0.96674 0.02896 0.00342 0.00087 ( 1)
 135 Q   0.02989 0.52554 0.35428 0.09028 ( 2)
 136 Q   0.03619 0.46883 0.39446 0.10052 ( 2)
 137 I   0.55487 0.18084 0.21062 0.05367 ( 1)
 138 G   0.12254 0.40858 0.37366 0.09522 ( 2)
 139 F   0.97510 0.01993 0.00396 0.00101 ( 1)
 140 T   0.57970 0.25633 0.13067 0.03330 ( 1)
 141 G   0.98221 0.01574 0.00164 0.00042 ( 1)
 142 F   0.99020 0.00913 0.00053 0.00013 ( 1)
 143 D   0.96615 0.03156 0.00182 0.00046 ( 1)
 144 V   0.98300 0.01533 0.00134 0.00034 ( 1)
 145 Y   0.98638 0.01258 0.00083 0.00021 ( 1)
 146 K   0.86385 0.12073 0.01228 0.00313 ( 1)
 147 T   0.00256 0.08617 0.72621 0.18506 ( 3)
 148 L   0.57520 0.32457 0.07987 0.02035 ( 1)
 149 S   0.93737 0.05278 0.00785 0.00200 ( 1)
 150 T   0.18339 0.46231 0.28235 0.07195 ( 2)
 151 A   0.97298 0.02428 0.00218 0.00056 ( 1)
 152 G   0.98028 0.01828 0.00115 0.00029 ( 1)
 153 V   0.97798 0.01912 0.00231 0.00059 ( 1)
 154 L   0.95161 0.04382 0.00365 0.00093 ( 1)
 155 F   0.89009 0.08728 0.01804 0.00460 ( 1)
 156 A   0.98268 0.01557 0.00140 0.00036 ( 1)
 157 Y   0.33649 0.45581 0.16552 0.04218 ( 2)
 158 T   0.97743 0.01954 0.00242 0.00062 ( 1)
 159 S   0.80871 0.16311 0.02246 0.00572 ( 1)
 160 K   0.90299 0.08770 0.00742 0.00189 ( 1)
 161 Y   0.95089 0.04087 0.00657 0.00167 ( 1)
 162 Y   0.92844 0.06549 0.00484 0.00123 ( 1)
 163 G   0.96715 0.03003 0.00225 0.00057 ( 1)
 164 V   0.13594 0.34387 0.41454 0.10564 ( 3)
 165 S   0.90111 0.08918 0.00774 0.00197 ( 1)
 166 K   0.07907 0.40291 0.41282 0.10520 ( 3)
 167 V   0.98300 0.01533 0.00134 0.00034 ( 1)
 168 V   0.00097 0.18608 0.64786 0.16510 ( 3)
 169 F   0.99020 0.00913 0.00053 0.00013 ( 1)
 170 D   0.10561 0.37666 0.41259 0.10514 ( 3)
 171 A   0.37840 0.49882 0.09784 0.02493 ( 2)
 172 I   0.87733 0.10653 0.01286 0.00328 ( 1)
 173 Y   0.02046 0.24736 0.58349 0.14869 ( 3)
 174 P   0.91874 0.07442 0.00545 0.00139 ( 1)
 175 D   0.07840 0.39161 0.42236 0.10763 ( 3)
 176 N   0.46730 0.43097 0.08107 0.02066 ( 1)
 177 K   0.22590 0.51231 0.20862 0.05316 ( 2)
 178 Y   0.62275 0.32919 0.03830 0.00976 ( 1)
 179 K   0.77973 0.19589 0.01943 0.00495 ( 1)
 180 T   0.30012 0.45158 0.19787 0.05042 ( 2)
 181 T   0.42074 0.47126 0.08607 0.02193 ( 2)
 182 F   0.52117 0.24539 0.18603 0.04741 ( 1)
 183 -   0.10221 0.37990 0.41271 0.10517 ( 3)
 184 -   0.89742 0.08680 0.01258 0.00321 ( 1)
 185 T   0.03955 0.23276 0.57991 0.14778 ( 3)
 186 Y   0.92844 0.06549 0.00484 0.00123 ( 1)
 187 N   0.07382 0.28952 0.50737 0.12929 ( 3)
 188 P   0.04996 0.52103 0.34189 0.08713 ( 2)
 189 G   0.02978 0.30496 0.53016 0.13510 ( 3)
 190 S   0.90011 0.08940 0.00835 0.00213 ( 1)
 191 E   0.74720 0.17792 0.05967 0.01521 ( 1)
 192 G   0.95738 0.03462 0.00638 0.00162 ( 1)
 193 I   0.98516 0.01346 0.00110 0.00028 ( 1)
 194 A   0.84088 0.12552 0.02677 0.00682 ( 1)
 195 A   0.37968 0.42405 0.15641 0.03986 ( 2)
 196 Q   0.98257 0.01651 0.00073 0.00019 ( 1)
 197 E   0.72578 0.20182 0.05770 0.01470 ( 1)
 198 K   0.97273 0.02551 0.00140 0.00036 ( 1)
 199 D   0.89875 0.07967 0.01720 0.00438 ( 1)
 200 S   0.96260 0.03351 0.00309 0.00079 ( 1)
 201 E   0.31602 0.55432 0.10333 0.02633 ( 2)
 202 V   0.92610 0.06664 0.00579 0.00148 ( 1)
 203 E   0.98569 0.01320 0.00089 0.00023 ( 1)
 204 L   0.96313 0.03379 0.00245 0.00062 ( 1)
 205 P   0.98343 0.01515 0.00113 0.00029 ( 1)
 206 P   0.64873 0.28709 0.05115 0.01303 ( 1)
 207 E   0.87830 0.10755 0.01128 0.00287 ( 1)
 208 T   0.75976 0.16461 0.06027 0.01536 ( 1)
 209 L   0.67316 0.16924 0.12560 0.03201 ( 1)
 210 D   0.39023 0.33847 0.21621 0.05510 ( 1)
 211 Q   0.21368 0.48048 0.24373 0.06211 ( 2)
 212 P   0.26060 0.31514 0.33810 0.08616 ( 3)
 213 N   0.17577 0.47857 0.27546 0.07020 ( 2)
 214 Y   0.98638 0.01258 0.00083 0.00021 ( 1)
 215 E   0.02017 0.34544 0.50556 0.12883 ( 3)
 216 A   0.85195 0.12748 0.01639 0.00418 ( 1)
 217 Y   0.98638 0.01258 0.00083 0.00021 ( 1)
 218 S   0.98621 0.01311 0.00054 0.00014 ( 1)
 219 H   0.99158 0.00795 0.00037 0.00009 ( 1)
 220 R   0.98455 0.01441 0.00082 0.00021 ( 1)
 221 L   0.95436 0.04283 0.00224 0.00057 ( 1)
 222 N   0.98927 0.00987 0.00069 0.00018 ( 1)
 223 Y   0.93869 0.05695 0.00347 0.00088 ( 1)
 224 V   0.91933 0.07193 0.00697 0.00177 ( 1)
 225 T   0.78223 0.17814 0.03158 0.00805 ( 1)
 226 F   0.57931 0.35885 0.04928 0.01256 ( 1)
 227 -   0.90815 0.07895 0.01028 0.00262 ( 1)
 228 -   0.87307 0.10445 0.01791 0.00456 ( 1)
 229 -   0.87259 0.10512 0.01776 0.00452 ( 1)
 230 -   0.90873 0.07822 0.01040 0.00265 ( 1)
 231 I   0.88067 0.09997 0.01543 0.00393 ( 1)
 232 R   0.95084 0.04007 0.00724 0.00184 ( 1)
 233 N   0.82233 0.14751 0.02404 0.00613 ( 1)
 234 P   0.57188 0.28425 0.11465 0.02922 ( 1)
 235 D   0.95056 0.04491 0.00361 0.00092 ( 1)
 236 V   0.97713 0.02047 0.00191 0.00049 ( 1)
 237 P   0.98343 0.01515 0.00113 0.00029 ( 1)
 238 V   0.97713 0.02047 0.00191 0.00049 ( 1)
 239 F   0.99020 0.00913 0.00053 0.00013 ( 1)
 240 S   0.98286 0.01563 0.00120 0.00031 ( 1)
 241 W   0.94859 0.04894 0.00197 0.00050 ( 1)
 242 T   0.42574 0.27583 0.23782 0.06061 ( 1)
 243 H   0.99158 0.00795 0.00037 0.00009 ( 1)
 244 R   0.89808 0.08868 0.01055 0.00269 ( 1)
 245 S   0.99182 0.00767 0.00041 0.00010 ( 1)


lnL = -2167.732804

Bayes Empirical Bayes (BEB) probabilities for 4 classes (class)
(amino acids refer to 1st sequence: BT_Cry8Ea2)

   1 -   0.65693 0.20421 0.11310 0.02576 ( 1)
   2 -   0.65693 0.20421 0.11310 0.02576 ( 1)
   3 -   0.65693 0.20421 0.11310 0.02576 ( 1)
   4 -   0.65693 0.20421 0.11310 0.02576 ( 1)
   5 -   0.65693 0.20421 0.11310 0.02576 ( 1)
   6 -   0.65693 0.20421 0.11310 0.02576 ( 1)
   7 -   0.65693 0.20421 0.11310 0.02576 ( 1)
   8 -   0.65693 0.20421 0.11310 0.02576 ( 1)
   9 -   0.65693 0.20421 0.11310 0.02576 ( 1)
  10 -   0.65693 0.20421 0.11310 0.02576 ( 1)
  11 -   0.65693 0.20421 0.11310 0.02576 ( 1)
  12 -   0.65693 0.20421 0.11310 0.02576 ( 1)
  13 -   0.65693 0.20421 0.11310 0.02576 ( 1)
  14 -   0.65693 0.20421 0.11310 0.02576 ( 1)
  15 -   0.65693 0.20421 0.11310 0.02576 ( 1)
  16 -   0.65693 0.20421 0.11310 0.02576 ( 1)
  17 -   0.65693 0.20421 0.11310 0.02576 ( 1)
  18 -   0.65693 0.20421 0.11310 0.02576 ( 1)
  19 -   0.65693 0.20421 0.11310 0.02576 ( 1)
  20 -   0.65693 0.20421 0.11310 0.02576 ( 1)
  21 -   0.65693 0.20421 0.11310 0.02576 ( 1)
  22 -   0.65693 0.20421 0.11310 0.02576 ( 1)
  23 -   0.65693 0.20421 0.11310 0.02576 ( 1)
  24 -   0.65693 0.20421 0.11310 0.02576 ( 1)
  25 -   0.65693 0.20421 0.11310 0.02576 ( 1)
  26 -   0.65693 0.20421 0.11310 0.02576 ( 1)
  27 -   0.65693 0.20421 0.11310 0.02576 ( 1)
  28 -   0.65693 0.20421 0.11310 0.02576 ( 1)
  29 E   0.86491 0.12110 0.01186 0.00212 ( 1)
  30 T   0.59293 0.26486 0.11794 0.02427 ( 1)
  31 K   0.14316 0.55311 0.25388 0.04986 ( 2)
  32 A   0.01449 0.24230 0.58444 0.15877 ( 3)
  33 Q   0.84722 0.13311 0.01662 0.00305 ( 1)
  34 L   0.97389 0.02426 0.00157 0.00027 ( 1)
  35 T   0.27047 0.38194 0.28374 0.06385 ( 2)
  36 R   0.31324 0.42357 0.21744 0.04575 ( 2)
  37 E   0.83061 0.12958 0.03311 0.00670 ( 1)
  38 V   0.79301 0.16234 0.03748 0.00717 ( 1)
  39 Y   0.43420 0.36403 0.16752 0.03426 ( 1)
  40 T   0.70150 0.20787 0.07479 0.01584 ( 1)
  41 D   0.89077 0.09126 0.01513 0.00284 ( 1)
  42 P   0.97379 0.02377 0.00206 0.00037 ( 1)
  43 I   0.04663 0.33287 0.49608 0.12442 ( 3)
  44 G   0.34527 0.35039 0.24875 0.05560 ( 2)
  45 A   0.10658 0.35428 0.43046 0.10868 ( 3)
  46 I   0.86622 0.11862 0.01285 0.00232 ( 1)
  47 G   0.07877 0.40404 0.41800 0.09919 ( 3)
  48 A   0.69331 0.23228 0.06217 0.01224 ( 1)
  49 Q   0.96196 0.03421 0.00322 0.00061 ( 1)
  50 G   0.96262 0.03139 0.00501 0.00098 ( 1)
  51 -   0.69104 0.19878 0.09056 0.01963 ( 1)
  52 -   0.77390 0.16945 0.04727 0.00938 ( 1)
  53 S   0.95430 0.03814 0.00633 0.00124 ( 1)
  54 W   0.91715 0.07664 0.00533 0.00089 ( 1)
  55 Y   0.96290 0.03155 0.00464 0.00090 ( 1)
  56 D   0.93839 0.05515 0.00544 0.00102 ( 1)
  57 S   0.09631 0.49100 0.33985 0.07284 ( 2)
  58 A   0.94368 0.04615 0.00849 0.00167 ( 1)
  59 P   0.96747 0.02800 0.00379 0.00074 ( 1)
  60 S   0.95430 0.03814 0.00633 0.00124 ( 1)
  61 F   0.95491 0.03948 0.00471 0.00090 ( 1)
  62 N   0.65505 0.25157 0.07795 0.01544 ( 1)
  63 T   0.78091 0.17185 0.03958 0.00766 ( 1)
  64 L   0.61589 0.28565 0.08232 0.01614 ( 1)
  65 E   0.96165 0.03261 0.00480 0.00094 ( 1)
  66 S   0.97431 0.02190 0.00318 0.00061 ( 1)
  67 T   0.59243 0.27468 0.10977 0.02313 ( 1)
  68 F   0.58466 0.27737 0.11415 0.02382 ( 1)
  69 I   0.76732 0.17617 0.04716 0.00934 ( 1)
  70 R   0.91745 0.06458 0.01490 0.00306 ( 1)
  71 G   0.19923 0.54520 0.21498 0.04059 ( 2)
  72 K   0.00909 0.39318 0.48103 0.11669 ( 3)
  73 H   0.96764 0.02914 0.00272 0.00050 ( 1)
  74 L   0.95396 0.04181 0.00360 0.00063 ( 1)
  75 F   0.98747 0.01179 0.00063 0.00011 ( 1)
  76 D   0.98656 0.01254 0.00077 0.00013 ( 1)
  77 F   0.86956 0.11623 0.01208 0.00213 ( 1)
  78 I   0.79212 0.17943 0.02422 0.00423 ( 1)
  79 T   0.97221 0.02491 0.00244 0.00044 ( 1)
  80 R   0.18742 0.47726 0.27733 0.05799 ( 2)
  81 L   0.82260 0.15841 0.01617 0.00282 ( 1)
  82 S   0.83803 0.14037 0.01831 0.00329 ( 1)
  83 I   0.69022 0.23293 0.06431 0.01253 ( 1)
  84 Y   0.98275 0.01613 0.00095 0.00016 ( 1)
  85 T   0.74166 0.20459 0.04521 0.00854 ( 1)
  86 G   0.83189 0.14847 0.01668 0.00296 ( 1)
  87 R   0.87910 0.10930 0.00990 0.00170 ( 1)
  88 S   0.98243 0.01676 0.00069 0.00011 ( 1)
  89 S   0.97529 0.02291 0.00153 0.00027 ( 1)
  90 F   0.23489 0.56025 0.17419 0.03067 ( 2)
  91 S   0.74375 0.23198 0.02079 0.00348 ( 1)
  92 A   0.77837 0.18387 0.03191 0.00585 ( 1)
  93 S   0.90235 0.08231 0.01290 0.00244 ( 1)
  94 N   0.91553 0.07828 0.00531 0.00088 ( 1)
  95 Y   0.97377 0.02485 0.00118 0.00020 ( 1)
  96 L   0.91916 0.07546 0.00460 0.00078 ( 1)
  97 K   0.88670 0.10397 0.00799 0.00134 ( 1)
  98 K   0.33348 0.56039 0.09161 0.01453 ( 2)
  99 W   0.93636 0.06039 0.00282 0.00044 ( 1)
 100 I   0.86809 0.11880 0.01115 0.00195 ( 1)
 101 G   0.93299 0.06193 0.00434 0.00073 ( 1)
 102 H   0.98920 0.01026 0.00046 0.00008 ( 1)
 103 Q   0.89141 0.09981 0.00750 0.00128 ( 1)
 104 I   0.85933 0.12542 0.01300 0.00226 ( 1)
 105 S   0.02643 0.52850 0.36810 0.07697 ( 2)
 106 -   0.65693 0.20421 0.11310 0.02576 ( 1)
 107 -   0.65693 0.20421 0.11310 0.02576 ( 1)
 108 -   0.65693 0.20421 0.11310 0.02576 ( 1)
 109 -   0.65693 0.20421 0.11310 0.02576 ( 1)
 110 S   0.05166 0.46193 0.39720 0.08921 ( 2)
 111 Q   0.29859 0.45304 0.20652 0.04185 ( 2)
 112 P   0.04465 0.52348 0.35561 0.07626 ( 2)
 113 I   0.71614 0.18799 0.07928 0.01659 ( 1)
 114 G   0.00004 0.03422 0.74493 0.22081 ( 3)
 115 G   0.50022 0.40306 0.08225 0.01447 ( 1)
 116 S   0.00870 0.44933 0.44008 0.10189 ( 2)
 117 I   0.87848 0.10633 0.01283 0.00236 ( 1)
 118 Q   0.18201 0.43843 0.31011 0.06945 ( 2)
 119 -   0.88790 0.09939 0.01081 0.00189 ( 1)
 120 T   0.10382 0.54958 0.28911 0.05748 ( 2)
 121 Q   0.00220 0.24342 0.59441 0.15997 ( 3)
 122 T   0.00106 0.17646 0.64337 0.17910 ( 3)
 123 Y   0.97730 0.02079 0.00163 0.00029 ( 1)
 124 G   0.30969 0.44042 0.20698 0.04292 ( 2)
 125 T   0.35883 0.44471 0.16484 0.03162 ( 2)
 126 T   0.32865 0.41440 0.21293 0.04401 ( 2)
 127 S   0.09672 0.37706 0.42501 0.10120 ( 3)
 128 G   0.10200 0.59234 0.25630 0.04936 ( 2)
 129 S   0.00081 0.13755 0.67111 0.19053 ( 3)
 130 S   0.66680 0.20300 0.10633 0.02387 ( 1)
 131 V   0.66764 0.20288 0.10577 0.02371 ( 1)
 132 I   0.09569 0.51904 0.31903 0.06624 ( 2)
 133 A   0.01876 0.57865 0.33504 0.06755 ( 2)
 134 T   0.95942 0.03649 0.00346 0.00063 ( 1)
 135 Q   0.03410 0.62088 0.28970 0.05532 ( 2)
 136 Q   0.04145 0.57039 0.32237 0.06578 ( 2)
 137 I   0.56015 0.22088 0.17721 0.04176 ( 1)
 138 G   0.13419 0.50190 0.30114 0.06278 ( 2)
 139 F   0.97014 0.02546 0.00369 0.00071 ( 1)
 140 T   0.57188 0.29403 0.11103 0.02306 ( 1)
 141 G   0.97789 0.02011 0.00170 0.00030 ( 1)
 142 F   0.98747 0.01179 0.00063 0.00011 ( 1)
 143 D   0.95797 0.03953 0.00214 0.00036 ( 1)
 144 V   0.97866 0.01963 0.00146 0.00026 ( 1)
 145 Y   0.98275 0.01613 0.00095 0.00016 ( 1)
 146 K   0.84421 0.14079 0.01283 0.00217 ( 1)
 147 T   0.00282 0.09856 0.69611 0.20251 ( 3)
 148 L   0.56389 0.35092 0.07188 0.01331 ( 1)
 149 S   0.92566 0.06528 0.00764 0.00143 ( 1)
 150 T   0.19320 0.53456 0.22876 0.04349 ( 2)
 151 A   0.96656 0.03070 0.00232 0.00042 ( 1)
 152 G   0.97525 0.02321 0.00132 0.00022 ( 1)
 153 V   0.97288 0.02437 0.00233 0.00042 ( 1)
 154 L   0.94093 0.05440 0.00399 0.00069 ( 1)
 155 F   0.87566 0.10455 0.01662 0.00317 ( 1)
 156 A   0.97828 0.01994 0.00152 0.00027 ( 1)
 157 Y   0.33893 0.49420 0.14157 0.02530 ( 2)
 158 T   0.97221 0.02491 0.00244 0.00044 ( 1)
 159 S   0.78716 0.18677 0.02219 0.00389 ( 1)
 160 K   0.88670 0.10397 0.00799 0.00134 ( 1)
 161 Y   0.94149 0.05104 0.00627 0.00119 ( 1)
 162 Y   0.91496 0.07871 0.00542 0.00091 ( 1)
 163 G   0.95939 0.03770 0.00248 0.00043 ( 1)
 164 V   0.14882 0.43023 0.34322 0.07773 ( 2)
 165 S   0.88457 0.10565 0.00838 0.00140 ( 1)
 166 K   0.08756 0.48769 0.34762 0.07714 ( 2)
 167 V   0.97866 0.01963 0.00146 0.00026 ( 1)
 168 V   0.00129 0.26294 0.58064 0.15513 ( 3)
 169 F   0.98747 0.01179 0.00063 0.00011 ( 1)
 170 D   0.11910 0.48505 0.32652 0.06933 ( 2)
 171 A   0.37378 0.51562 0.09513 0.01547 ( 2)
 172 I   0.85933 0.12542 0.01300 0.00226 ( 1)
 173 Y   0.02534 0.35269 0.49757 0.12440 ( 3)
 174 P   0.90383 0.08893 0.00621 0.00102 ( 1)
 175 D   0.08565 0.46593 0.36479 0.08364 ( 2)
 176 N   0.45792 0.45070 0.07832 0.01307 ( 1)
 177 K   0.23137 0.55838 0.17845 0.03180 ( 2)
 178 Y   0.60464 0.34888 0.03992 0.00656 ( 1)
 179 K   0.75926 0.21715 0.02016 0.00342 ( 1)
 180 T   0.30386 0.49419 0.16978 0.03217 ( 2)
 181 T   0.41396 0.48827 0.08409 0.01368 ( 2)
 182 F   0.52226 0.28989 0.15428 0.03357 ( 1)
 183 -   0.10985 0.45699 0.35282 0.08034 ( 2)
 184 -   0.88017 0.10506 0.01255 0.00223 ( 1)
 185 T   0.04550 0.31215 0.51055 0.13180 ( 3)
 186 Y   0.91496 0.07871 0.00542 0.00091 ( 1)
 187 N   0.08611 0.39770 0.41762 0.09857 ( 3)
 188 P   0.05571 0.60539 0.28385 0.05505 ( 2)
 189 G   0.03721 0.43927 0.42570 0.09782 ( 2)
 190 S   0.88363 0.10599 0.00888 0.00151 ( 1)
 191 E   0.73173 0.20651 0.05169 0.01007 ( 1)
 192 G   0.94957 0.04345 0.00586 0.00112 ( 1)
 193 I   0.98126 0.01730 0.00122 0.00021 ( 1)
 194 A   0.82451 0.14710 0.02391 0.00449 ( 1)
 195 A   0.37931 0.45897 0.13619 0.02553 ( 2)
 196 Q   0.97798 0.02097 0.00090 0.00015 ( 1)
 197 E   0.70933 0.23141 0.05002 0.00924 ( 1)
 198 K   0.96595 0.03212 0.00165 0.00028 ( 1)
 199 D   0.88507 0.09606 0.01584 0.00304 ( 1)
 200 S   0.95417 0.04199 0.00327 0.00057 ( 1)
 201 E   0.31468 0.56564 0.10330 0.01639 ( 2)
 202 V   0.91247 0.08021 0.00624 0.00108 ( 1)
 203 E   0.98190 0.01692 0.00101 0.00017 ( 1)
 204 L   0.95450 0.04229 0.00274 0.00047 ( 1)
 205 P   0.97925 0.01932 0.00123 0.00021 ( 1)
 206 P   0.62754 0.31511 0.04904 0.00831 ( 1)
 207 E   0.86023 0.12622 0.01159 0.00196 ( 1)
 208 T   0.74540 0.19245 0.05187 0.01028 ( 1)
 209 L   0.66334 0.20345 0.10868 0.02452 ( 1)
 210 D   0.39605 0.38785 0.17906 0.03704 ( 1)
 211 Q   0.22164 0.53850 0.20223 0.03763 ( 2)
 212 P   0.26550 0.37228 0.29358 0.06864 ( 2)
 213 N   0.18379 0.54075 0.23068 0.04478 ( 2)
 214 Y   0.98275 0.01613 0.00095 0.00016 ( 1)
 215 E   0.02448 0.46684 0.41423 0.09445 ( 2)
 216 A   0.83248 0.14839 0.01628 0.00285 ( 1)
 217 Y   0.98275 0.01613 0.00095 0.00016 ( 1)
 218 S   0.98243 0.01676 0.00069 0.00011 ( 1)
 219 H   0.98920 0.01026 0.00046 0.00008 ( 1)
 220 R   0.98050 0.01839 0.00096 0.00016 ( 1)
 221 L   0.94360 0.05312 0.00282 0.00046 ( 1)
 222 N   0.98629 0.01278 0.00079 0.00014 ( 1)
 223 Y   0.92657 0.06870 0.00406 0.00067 ( 1)
 224 V   0.90507 0.08631 0.00735 0.00127 ( 1)
 225 T   0.76160 0.20359 0.02959 0.00522 ( 1)
 226 F   0.56350 0.37877 0.04972 0.00801 ( 1)
 227 -   0.89175 0.09592 0.01048 0.00186 ( 1)
 228 -   0.85420 0.12544 0.01731 0.00305 ( 1)
 229 -   0.85360 0.12620 0.01719 0.00301 ( 1)
 230 -   0.89250 0.09508 0.01055 0.00188 ( 1)
 231 I   0.86411 0.11844 0.01481 0.00265 ( 1)
 232 R   0.94191 0.05012 0.00672 0.00124 ( 1)
 233 N   0.80236 0.17062 0.02295 0.00407 ( 1)
 234 P   0.56213 0.32150 0.09745 0.01892 ( 1)
 235 D   0.94046 0.05492 0.00394 0.00068 ( 1)
 236 V   0.97158 0.02602 0.00204 0.00036 ( 1)
 237 P   0.97925 0.01932 0.00123 0.00021 ( 1)
 238 V   0.97158 0.02602 0.00204 0.00036 ( 1)
 239 F   0.98747 0.01179 0.00063 0.00011 ( 1)
 240 S   0.97845 0.01997 0.00134 0.00023 ( 1)
 241 W   0.93636 0.06039 0.00282 0.00044 ( 1)
 242 T   0.43166 0.32877 0.19652 0.04305 ( 1)
 243 H   0.98920 0.01026 0.00046 0.00008 ( 1)
 244 R   0.87997 0.10711 0.01106 0.00186 ( 1)
 245 S   0.98950 0.00992 0.00050 0.00008 ( 1)

