Supplemental results for CODEML (seqf: algn  treef: tree)


dN/dS (w) for site classes (K=4)

site class             0        1       2a       2b
proportion       0.59217  0.33160  0.04886  0.02736
background w     0.11684  1.00000  0.11684  1.00000
foreground w     0.11684  1.00000 26.63452 26.63452

Naive Empirical Bayes (NEB) probabilities for 4 classes
(amino acids refer to 1st sequence: BT_Cry13Aa1)

   1 D   0.92313 0.00064 0.07617 0.00005 ( 1)
   2 Y   0.92315 0.00062 0.07618 0.00005 ( 1)
   3 S   0.00265 0.92112 0.00022 0.07601 ( 2)
   4 S   0.08087 0.84290 0.00667 0.06955 ( 2)
   5 Q   0.98556 0.00276 0.01164 0.00004 ( 1)
   6 I   0.96822 0.01926 0.01225 0.00027 ( 1)
   7 K   0.01201 0.95816 0.00035 0.02949 ( 2)
   8 L   0.16038 0.15083 0.62076 0.06803 ( 3)
   9 E   0.99096 0.00012 0.00892 0.00000 ( 1)
  10 K   0.96132 0.02699 0.01134 0.00035 ( 1)
  11 T   0.98677 0.00074 0.01248 0.00001 ( 1)
  12 R   0.98584 0.00577 0.00833 0.00005 ( 1)
  13 V   0.96948 0.00258 0.02786 0.00008 ( 1)
  14 I   0.95419 0.03676 0.00865 0.00039 ( 1)
  15 F   0.99226 0.00009 0.00765 0.00000 ( 1)
  16 S   0.97531 0.00233 0.02230 0.00006 ( 1)
  17 D   0.99057 0.00036 0.00907 0.00000 ( 1)
  18 M   0.96822 0.02000 0.01152 0.00026 ( 1)
  19 V   0.98359 0.00831 0.00802 0.00008 ( 1)
  20 G   0.94519 0.00563 0.04886 0.00032 ( 1)
  21 Q   0.98626 0.00208 0.01164 0.00003 ( 1)
  22 S   0.95221 0.03881 0.00857 0.00041 ( 1)
  23 E   0.98891 0.00217 0.00890 0.00002 ( 1)
  24 S   0.39052 0.60215 0.00265 0.00468 ( 2)
  25 R   0.07375 0.91246 0.00093 0.01286 ( 2)
  26 D   0.98775 0.00428 0.00792 0.00004 ( 1)
  27 G   0.44835 0.53884 0.00556 0.00725 ( 2)
  28 S   0.04999 0.81607 0.03433 0.09961 ( 2)
  29 V   0.96971 0.00749 0.02263 0.00018 ( 1)
  30 T   0.52428 0.01802 0.45553 0.00216 ( 1)
  31 I   0.99014 0.00175 0.00809 0.00002 ( 1)
  32 K   0.51845 0.45409 0.01433 0.01312 ( 1)
  33 N   0.99085 0.00009 0.00906 0.00000 ( 1)
  34 I   0.97966 0.01133 0.00888 0.00012 ( 1)
  35 F   0.09155 0.89986 0.00071 0.00789 ( 2)
  36 D   0.99183 0.00020 0.00796 0.00000 ( 1)
  37 N   0.06071 0.92899 0.00056 0.00973 ( 2)
  38 -   0.65934 0.26443 0.05441 0.02182 ( 1)
  39 -   0.00334 0.92043 0.00028 0.07595 ( 2)
  40 -   0.33890 0.58487 0.02797 0.04826 ( 2)
  41 -   0.15305 0.77073 0.01263 0.06360 ( 2)
  42 T   0.15415 0.76962 0.01272 0.06351 ( 2)
  43 D   0.00178 0.87486 0.00228 0.12107 ( 2)
  44 S   0.00809 0.98492 0.00005 0.00694 ( 2)
  45 H   0.98618 0.00449 0.00928 0.00005 ( 1)
  46 Q   0.97444 0.01352 0.01184 0.00020 ( 1)
  47 H   0.99327 0.00002 0.00670 0.00000 ( 1)
  48 G   0.00006 0.94820 0.00000 0.05173 ( 2)
  49 S   0.00189 0.66482 0.00840 0.32490 ( 2)
  50 I   0.98875 0.00021 0.01104 0.00000 ( 1)
  51 -   0.80877 0.18220 0.00723 0.00181 ( 1)
  52 -   0.86964 0.12096 0.00795 0.00145 ( 1)
  53 -   0.86964 0.12096 0.00795 0.00145 ( 1)
  54 G   0.97698 0.00973 0.01315 0.00014 ( 1)
  55 L   0.68160 0.30994 0.00556 0.00290 ( 1)
  56 N   0.99074 0.00020 0.00906 0.00000 ( 1)
  57 S   0.93727 0.04246 0.01933 0.00093 ( 1)
  58 I   0.98223 0.00953 0.00813 0.00010 ( 1)
  59 S   0.98990 0.00092 0.00917 0.00001 ( 1)
  60 Y   0.99060 0.00009 0.00931 0.00000 ( 1)
  61 F   0.16177 0.82424 0.00215 0.01184 ( 2)
  62 P   0.26720 0.70101 0.00674 0.02505 ( 2)
  63 D   0.93225 0.05966 0.00748 0.00061 ( 1)
  64 E   0.99086 0.00022 0.00892 0.00000 ( 1)
  65 L   0.92325 0.00930 0.06681 0.00063 ( 1)
  66 Q   0.07161 0.91575 0.00085 0.01179 ( 2)
  67 K   0.38708 0.60222 0.00354 0.00716 ( 2)
  68 A   0.17088 0.80614 0.00399 0.01900 ( 2)
  69 Q   0.98291 0.00462 0.01240 0.00006 ( 1)
  70 L   0.64237 0.33515 0.01421 0.00826 ( 1)
  71 R   0.00010 0.95180 0.00000 0.04810 ( 2)
  72 M   0.79149 0.19479 0.01075 0.00297 ( 1)
  73 Y   0.99033 0.00035 0.00931 0.00000 ( 1)
  74 D   0.96992 0.01878 0.01103 0.00028 ( 1)
  75 Y   0.58483 0.33894 0.04826 0.02797 ( 1)
  76 N   0.00012 0.98868 0.00000 0.01121 ( 2)
  77 H   0.63097 0.35909 0.00593 0.00400 ( 1)
  78 K   0.00005 0.00230 0.93956 0.05809 ( 3)
  79 P   0.00539 0.97971 0.00007 0.01484 ( 2)
  80 Y   0.01688 0.97617 0.00010 0.00685 ( 2)
  81 C   0.41821 0.56879 0.00524 0.00775 ( 2)
  82 T   0.87407 0.09894 0.02413 0.00286 ( 1)
  83 D   0.59217 0.33160 0.04886 0.02736 ( 1)
  84 C   0.59217 0.33160 0.04886 0.02736 ( 1)
  85 F   0.59217 0.33160 0.04886 0.02736 ( 1)
  86 C   0.26341 0.07282 0.65145 0.01232 ( 3)
  87 W   0.97071 0.01994 0.00913 0.00022 ( 1)
  88 P   0.79930 0.19166 0.00714 0.00190 ( 1)
  89 Y   0.99051 0.00018 0.00931 0.00000 ( 1)
  90 G   0.56372 0.42250 0.00745 0.00633 ( 1)
  91 V   0.85377 0.13843 0.00659 0.00122 ( 1)
  92 I   0.97856 0.00057 0.02085 0.00002 ( 1)
  93 L   0.00463 0.97238 0.00010 0.02289 ( 2)
  94 N   0.98991 0.00102 0.00905 0.00001 ( 1)
  95 Y   0.99060 0.00009 0.00931 0.00000 ( 1)
  96 N   0.00199 0.98084 0.00003 0.01713 ( 2)
  97 K   0.34232 0.64218 0.00496 0.01054 ( 2)
  98 N   0.02203 0.94555 0.00071 0.03171 ( 2)
  99 T   0.00086 0.79758 0.00205 0.19951 ( 2)
 100 F   0.97109 0.00266 0.02618 0.00008 ( 1)
 101 R   0.03111 0.95605 0.00031 0.01253 ( 2)
 102 Y   0.99060 0.00009 0.00931 0.00000 ( 1)
 103 G   0.99260 0.00066 0.00673 0.00001 ( 1)
 104 D   0.99197 0.00007 0.00796 0.00000 ( 1)
 105 -   0.77950 0.14427 0.06432 0.01190 ( 1)
 106 N   0.97781 0.01262 0.00941 0.00016 ( 1)
 107 D   0.00307 0.98300 0.00004 0.01390 ( 2)
 108 P   0.98468 0.00075 0.01457 0.00001 ( 1)
 109 G   0.00009 0.17343 0.04267 0.78381 ( 4)
 110 L   0.00007 0.17660 0.04483 0.77851 ( 4)
 111 -   0.59217 0.33160 0.04886 0.02736 ( 1)
 112 S   0.00002 0.19101 0.00679 0.80218 ( 4)
 113 G   0.03375 0.36417 0.51116 0.09093 ( 3)
 114 D   0.06443 0.91439 0.00132 0.01986 ( 2)
 115 V   0.00055 0.07843 0.34114 0.57988 ( 4)
 116 Q   0.01954 0.71046 0.05413 0.21586 ( 2)
 117 L   0.13769 0.13838 0.64719 0.07674 ( 3)
 118 P   0.00054 0.06955 0.36713 0.56278 ( 4)
 119 A   0.18610 0.01400 0.79327 0.00662 ( 3)
 120 P   0.97939 0.01174 0.00875 0.00012 ( 1)
 121 -   0.59217 0.33160 0.04886 0.02736 ( 1)
 122 -   0.59217 0.33160 0.04886 0.02736 ( 1)
 123 -   0.59217 0.33160 0.04886 0.02736 ( 1)
 124 M   0.89870 0.09023 0.00995 0.00112 ( 1)
 125 S   0.04410 0.94321 0.00052 0.01216 ( 2)
 126 V   0.00007 0.98420 0.00000 0.01573 ( 2)
 127 V   0.17572 0.65589 0.04472 0.12367 ( 2)
 128 N   0.99085 0.00009 0.00906 0.00000 ( 1)
 129 A   0.94127 0.04620 0.01189 0.00064 ( 1)
 130 Q   0.04768 0.93863 0.00060 0.01308 ( 2)
 131 T   0.99063 0.00040 0.00897 0.00000 ( 1)
 132 Q   0.98813 0.00021 0.01166 0.00000 ( 1)
 133 T   0.66337 0.32224 0.00942 0.00497 ( 1)
 134 A   0.11096 0.88066 0.00076 0.00762 ( 2)
 135 Q   0.25193 0.73748 0.00237 0.00822 ( 2)
 136 -   0.63605 0.28773 0.05249 0.02374 ( 1)
 137 Y   0.99026 0.00043 0.00931 0.00000 ( 1)
 138 T   0.67237 0.30621 0.01446 0.00696 ( 1)
 139 D   0.99199 0.00005 0.00796 0.00000 ( 1)
 140 G   0.79618 0.19137 0.00987 0.00258 ( 1)
 141 E   0.99082 0.00027 0.00891 0.00000 ( 1)
 142 N   0.09604 0.84156 0.00419 0.05822 ( 2)
 143 I   0.08000 0.88850 0.00179 0.02970 ( 2)
 144 W   0.00034 0.92344 0.00003 0.07620 ( 2)
 145 T   0.17087 0.75290 0.01410 0.06213 ( 2)
 146 D   0.79545 0.12833 0.06564 0.01059 ( 1)
 147 T   0.01738 0.90639 0.00143 0.07479 ( 2)
 148 -   0.03058 0.89319 0.00252 0.07370 ( 2)
 149 -   0.63904 0.28474 0.05273 0.02350 ( 1)
 150 -   0.59217 0.33160 0.04886 0.02736 ( 1)
 151 -   0.59217 0.33160 0.04886 0.02736 ( 1)
 152 -   0.59217 0.33160 0.04886 0.02736 ( 1)
 153 G   0.07509 0.84868 0.00620 0.07003 ( 2)
 154 R   0.00899 0.97911 0.00008 0.01182 ( 2)
 155 S   0.02233 0.96426 0.00028 0.01313 ( 2)
 156 W   0.00009 0.98732 0.00000 0.01258 ( 2)
 157 L   0.01548 0.94758 0.00057 0.03637 ( 2)
 158 C   0.96962 0.01787 0.01225 0.00025 ( 1)
 159 T   0.17582 0.79097 0.00598 0.02723 ( 2)
 160 L   0.97298 0.00693 0.01994 0.00015 ( 1)
 161 R   0.89336 0.09768 0.00798 0.00097 ( 1)
 162 G   0.99197 0.00129 0.00673 0.00001 ( 1)
 163 Y   0.90416 0.08639 0.00850 0.00095 ( 1)
 164 C   0.99222 0.00003 0.00775 0.00000 ( 1)
 165 T   0.98860 0.00243 0.00895 0.00003 ( 1)
 166 T   0.08612 0.89808 0.00110 0.01470 ( 2)
 167 N   0.47508 0.51119 0.00612 0.00761 ( 2)
 168 C   0.54429 0.44754 0.00425 0.00392 ( 1)
 169 F   0.60153 0.37562 0.01376 0.00910 ( 1)
 170 P   0.15831 0.06801 0.73667 0.03700 ( 3)
 171 -   0.79345 0.19378 0.01004 0.00273 ( 1)
 172 -   0.32566 0.66259 0.00344 0.00831 ( 2)
 173 -   0.28327 0.67974 0.00980 0.02719 ( 2)
 174 G   0.85566 0.13534 0.00765 0.00135 ( 1)
 175 R   0.01110 0.98021 0.00009 0.00861 ( 2)
 176 G   0.71016 0.28369 0.00417 0.00198 ( 1)
 177 C   0.19080 0.80069 0.00149 0.00702 ( 2)
 178 Y   0.04775 0.94175 0.00043 0.01007 ( 2)
 179 N   0.00115 0.98849 0.00001 0.01035 ( 2)
 180 N   0.88563 0.10444 0.00871 0.00122 ( 1)
 181 S   0.07136 0.91715 0.00073 0.01076 ( 2)
 182 T   0.30734 0.68171 0.00281 0.00815 ( 2)
 183 G   0.09532 0.28852 0.50753 0.10863 ( 3)
 184 Y   0.96865 0.02171 0.00935 0.00029 ( 1)
 185 G   0.97575 0.01488 0.00920 0.00017 ( 1)
 186 E   0.02031 0.96262 0.00031 0.01676 ( 2)
 187 S   0.98202 0.00012 0.01786 0.00000 ( 1)
 188 C   0.99063 0.00161 0.00774 0.00001 ( 1)
 189 N   0.99084 0.00010 0.00906 0.00000 ( 1)
 190 Q   0.00416 0.98601 0.00004 0.00979 ( 2)
 191 S   0.26943 0.70684 0.00618 0.01755 ( 2)
 192 L   0.97519 0.01680 0.00783 0.00017 ( 1)
 193 P   0.96142 0.02578 0.01239 0.00041 ( 1)
 194 G   0.79948 0.19091 0.00732 0.00229 ( 1)
 195 Q   0.98813 0.00021 0.01166 0.00000 ( 1)
 196 K   0.99055 0.00014 0.00931 0.00000 ( 1)
 197 I   0.99175 0.00014 0.00811 0.00000 ( 1)
 198 H   0.98245 0.00181 0.01570 0.00004 ( 1)
 199 A   0.99142 0.00009 0.00849 0.00000 ( 1)
 200 L   0.91227 0.06757 0.01870 0.00146 ( 1)
 201 Y   0.99060 0.00009 0.00931 0.00000 ( 1)
 202 P   0.64341 0.00520 0.35101 0.00037 ( 1)
 203 F   0.99176 0.00058 0.00765 0.00001 ( 1)
 204 T   0.96366 0.02382 0.01219 0.00033 ( 1)
 205 Q   0.88925 0.09898 0.01049 0.00128 ( 1)
 206 T   0.53410 0.43153 0.01685 0.01753 ( 1)
 207 -   0.91335 0.01042 0.07537 0.00086 ( 1)
 208 N   0.63893 0.35103 0.00584 0.00420 ( 1)
 209 V   0.09336 0.89349 0.00115 0.01200 ( 2)
 210 L   0.01062 0.97338 0.00016 0.01583 ( 2)
 211 G   0.98747 0.00029 0.01224 0.00000 ( 1)
 212 Q   0.05562 0.54340 0.20462 0.19637 ( 2)
 213 S   0.00059 0.95966 0.00002 0.03973 ( 2)
 214 G   0.95349 0.00743 0.03877 0.00031 ( 1)
 215 K   0.99060 0.00009 0.00931 0.00000 ( 1)
 216 L   0.95456 0.02533 0.01956 0.00055 ( 1)
 217 G   0.98735 0.00041 0.01223 0.00001 ( 1)
 218 L   0.60371 0.38047 0.00947 0.00635 ( 1)
 219 L   0.91391 0.03510 0.04909 0.00191 ( 1)
 220 A   0.91969 0.06775 0.01162 0.00094 ( 1)
 221 S   0.21807 0.77523 0.00128 0.00542 ( 2)
 222 H   0.98032 0.00926 0.01032 0.00010 ( 1)
 223 I   0.99128 0.00063 0.00808 0.00001 ( 1)
 224 P   0.96577 0.00671 0.02725 0.00026 ( 1)
 225 Y   0.90848 0.08207 0.00854 0.00091 ( 1)
 226 D   0.99105 0.00099 0.00796 0.00001 ( 1)
 227 L   0.97698 0.00293 0.02002 0.00006 ( 1)
 228 S   0.92041 0.07032 0.00843 0.00084 ( 1)
 229 P   0.98764 0.00350 0.00882 0.00003 ( 1)
 230 N   0.98924 0.00145 0.00930 0.00002 ( 1)
 231 N   0.92342 0.00035 0.07620 0.00003 ( 1)
 232 T   0.00407 0.91971 0.00034 0.07589 ( 2)
 233 I   0.90506 0.01872 0.07468 0.00154 ( 1)
 234 G   0.92356 0.00021 0.07621 0.00002 ( 1)
 235 D   0.70435 0.21942 0.05812 0.01811 ( 1)
 236 K   0.04883 0.87494 0.00403 0.07220 ( 2)
 237 D   0.92352 0.00025 0.07621 0.00002 ( 1)
 238 T   0.37421 0.54956 0.03088 0.04535 ( 2)
 239 D   0.84725 0.07652 0.06991 0.00631 ( 1)
 240 S   0.91277 0.01100 0.07532 0.00091 ( 1)
 241 T   0.00042 0.92335 0.00003 0.07619 ( 2)
 242 N   0.84491 0.07886 0.06972 0.00651 ( 1)
 243 -   0.60373 0.32004 0.04982 0.02641 ( 1)


lnL = -4109.582633

Bayes Empirical Bayes (BEB) probabilities for 4 classes (class)
(amino acids refer to 1st sequence: BT_Cry13Aa1)

   1 D   0.86582 0.00070 0.13337 0.00011 ( 1)
   2 Y   0.86582 0.00070 0.13337 0.00011 ( 1)
   3 S   0.00810 0.85842 0.00124 0.13224 ( 2)
   4 S   0.17218 0.69434 0.02636 0.10712 ( 2)
   5 Q   0.92711 0.00264 0.07003 0.00022 ( 1)
   6 I   0.91744 0.01501 0.06635 0.00120 ( 1)
   7 K   0.03596 0.86322 0.00383 0.09699 ( 2)
   8 L   0.16125 0.08843 0.69307 0.05725 ( 3)
   9 E   0.94420 0.00015 0.05564 0.00001 ( 1)
  10 K   0.91225 0.01742 0.06890 0.00143 ( 1)
  11 T   0.93175 0.00079 0.06739 0.00006 ( 1)
  12 R   0.93050 0.00532 0.06378 0.00040 ( 1)
  13 V   0.90015 0.00253 0.09704 0.00028 ( 1)
  14 I   0.92052 0.02524 0.05259 0.00166 ( 1)
  15 F   0.94347 0.00010 0.05642 0.00001 ( 1)
  16 S   0.90949 0.00224 0.08804 0.00023 ( 1)
  17 D   0.95534 0.00040 0.04424 0.00002 ( 1)
  18 M   0.91011 0.01483 0.07377 0.00129 ( 1)
  19 V   0.93744 0.00667 0.05544 0.00045 ( 1)
  20 G   0.90610 0.00538 0.08796 0.00056 ( 1)
  21 Q   0.92795 0.00181 0.07009 0.00015 ( 1)
  22 S   0.92015 0.02401 0.05423 0.00161 ( 1)
  23 E   0.94246 0.00187 0.05554 0.00013 ( 1)
  24 S   0.52230 0.42089 0.02967 0.02714 ( 1)
  25 R   0.16519 0.76250 0.01184 0.06047 ( 2)
  26 D   0.95263 0.00352 0.04366 0.00020 ( 1)
  27 G   0.59208 0.33387 0.04589 0.02815 ( 1)
  28 S   0.11977 0.66116 0.08252 0.13655 ( 2)
  29 V   0.90297 0.00604 0.09037 0.00063 ( 1)
  30 T   0.40412 0.00996 0.58316 0.00275 ( 3)
  31 I   0.94583 0.00156 0.05250 0.00010 ( 1)
  32 K   0.62349 0.28007 0.06555 0.03090 ( 1)
  33 N   0.95567 0.00013 0.04419 0.00001 ( 1)
  34 I   0.93822 0.00768 0.05360 0.00050 ( 1)
  35 F   0.19552 0.74321 0.01158 0.04969 ( 2)
  36 D   0.95593 0.00024 0.04382 0.00001 ( 1)
  37 N   0.15115 0.78310 0.00965 0.05609 ( 2)
  38 -   0.65267 0.21385 0.10040 0.03308 ( 1)
  39 -   0.00973 0.85679 0.00149 0.13199 ( 2)
  40 -   0.43614 0.43038 0.06696 0.06652 ( 1)
  41 -   0.23768 0.62884 0.03641 0.09707 ( 2)
  42 T   0.27056 0.59596 0.04147 0.09201 ( 2)
  43 D   0.00510 0.75263 0.00944 0.23282 ( 2)
  44 S   0.02634 0.92083 0.00126 0.05157 ( 2)
  45 H   0.94187 0.00361 0.05428 0.00024 ( 1)
  46 Q   0.91890 0.01018 0.07006 0.00087 ( 1)
  47 H   0.95206 0.00003 0.04791 0.00000 ( 1)
  48 G   0.00035 0.87920 0.00005 0.12040 ( 2)
  49 S   0.00590 0.56701 0.02901 0.39809 ( 2)
  50 I   0.93534 0.00024 0.06440 0.00002 ( 1)
  51 -   0.78765 0.14878 0.05257 0.01100 ( 1)
  52 -   0.85262 0.10214 0.03940 0.00584 ( 1)
  53 -   0.85262 0.10214 0.03940 0.00584 ( 1)
  54 G   0.93841 0.00744 0.05368 0.00047 ( 1)
  55 L   0.75983 0.18306 0.04486 0.01224 ( 1)
  56 N   0.95555 0.00025 0.04419 0.00001 ( 1)
  57 S   0.88205 0.03108 0.08374 0.00313 ( 1)
  58 I   0.93928 0.00783 0.05237 0.00052 ( 1)
  59 S   0.93855 0.00084 0.06056 0.00006 ( 1)
  60 Y   0.94542 0.00011 0.05447 0.00001 ( 1)
  61 F   0.30609 0.62892 0.01977 0.04521 ( 2)
  62 P   0.43912 0.47495 0.03648 0.04944 ( 2)
  63 D   0.91719 0.03865 0.04201 0.00215 ( 1)
  64 E   0.94409 0.00025 0.05564 0.00002 ( 1)
  65 L   0.87557 0.00853 0.11476 0.00114 ( 1)
  66 Q   0.15650 0.76888 0.01171 0.06291 ( 2)
  67 K   0.57018 0.38185 0.02625 0.02172 ( 1)
  68 A   0.31086 0.59630 0.03092 0.06192 ( 2)
  69 Q   0.93423 0.00379 0.06170 0.00028 ( 1)
  70 L   0.69143 0.21968 0.06608 0.02282 ( 1)
  71 R   0.00044 0.88197 0.00006 0.11753 ( 2)
  72 M   0.81859 0.10912 0.06306 0.00923 ( 1)
  73 Y   0.94517 0.00035 0.05446 0.00002 ( 1)
  74 D   0.92707 0.01403 0.05788 0.00103 ( 1)
  75 Y   0.69038 0.17614 0.10623 0.02725 ( 1)
  76 N   0.00059 0.92857 0.00004 0.07080 ( 2)
  77 H   0.72220 0.22197 0.04120 0.01463 ( 1)
  78 K   0.00028 0.00486 0.95128 0.04358 ( 3)
  79 P   0.01871 0.90157 0.00146 0.07827 ( 2)
  80 Y   0.05081 0.89658 0.00243 0.05018 ( 2)
  81 C   0.56210 0.36362 0.04359 0.03069 ( 1)
  82 T   0.83871 0.06580 0.08824 0.00726 ( 1)
  83 D   0.59740 0.26912 0.09185 0.04163 ( 1)
  84 C   0.59740 0.26912 0.09185 0.04163 ( 1)
  85 F   0.59740 0.26912 0.09185 0.04163 ( 1)
  86 C   0.23525 0.03418 0.72010 0.01047 ( 3)
  87 W   0.93146 0.01394 0.05367 0.00093 ( 1)
  88 P   0.81786 0.11877 0.05460 0.00877 ( 1)
  89 Y   0.94531 0.00021 0.05446 0.00001 ( 1)
  90 G   0.67150 0.25357 0.05296 0.02198 ( 1)
  91 V   0.86422 0.07883 0.05165 0.00530 ( 1)
  92 I   0.91785 0.00056 0.08152 0.00007 ( 1)
  93 L   0.01543 0.89170 0.00148 0.09139 ( 2)
  94 N   0.95471 0.00108 0.04415 0.00006 ( 1)
  95 Y   0.94542 0.00011 0.05447 0.00001 ( 1)
  96 N   0.00742 0.91342 0.00058 0.07859 ( 2)
  97 K   0.50888 0.41392 0.04079 0.03641 ( 1)
  98 N   0.06322 0.84918 0.00548 0.08212 ( 2)
  99 T   0.00313 0.66418 0.01101 0.32168 ( 2)
 100 F   0.90389 0.00234 0.09352 0.00026 ( 1)
 101 R   0.07977 0.85627 0.00460 0.05936 ( 2)
 102 Y   0.94542 0.00011 0.05447 0.00001 ( 1)
 103 G   0.94530 0.00069 0.05396 0.00004 ( 1)
 104 D   0.95609 0.00009 0.04382 0.00001 ( 1)
 105 -   0.77715 0.08937 0.11965 0.01383 ( 1)
 106 N   0.94450 0.01066 0.04423 0.00061 ( 1)
 107 D   0.00990 0.93116 0.00051 0.05842 ( 2)
 108 P   0.92266 0.00075 0.07652 0.00007 ( 1)
 109 G   0.00048 0.22697 0.08963 0.68292 ( 4)
 110 L   0.00067 0.37194 0.06952 0.55788 ( 4)
 111 -   0.59740 0.26912 0.09185 0.04163 ( 1)
 112 S   0.00011 0.23013 0.02057 0.74918 ( 4)
 113 G   0.09832 0.40420 0.39918 0.09830 ( 2)
 114 D   0.14394 0.76584 0.01354 0.07668 ( 2)
 115 V   0.00261 0.09265 0.52849 0.37626 ( 3)
 116 Q   0.04073 0.52722 0.15068 0.28137 ( 2)
 117 L   0.15182 0.07715 0.71567 0.05536 ( 3)
 118 P   0.00242 0.09065 0.51843 0.38851 ( 3)
 119 A   0.17846 0.00900 0.80669 0.00585 ( 3)
 120 P   0.92934 0.00797 0.06211 0.00059 ( 1)
 121 -   0.59740 0.26912 0.09185 0.04163 ( 1)
 122 -   0.59740 0.26912 0.09185 0.04163 ( 1)
 123 -   0.59740 0.26912 0.09185 0.04163 ( 1)
 124 M   0.87877 0.05650 0.06043 0.00431 ( 1)
 125 S   0.11166 0.81343 0.00835 0.06656 ( 2)
 126 V   0.00034 0.91968 0.00003 0.07996 ( 2)
 127 V   0.30841 0.53518 0.06423 0.09218 ( 2)
 128 N   0.95567 0.00013 0.04419 0.00001 ( 1)
 129 A   0.89616 0.03444 0.06660 0.00280 ( 1)
 130 Q   0.12300 0.80293 0.00905 0.06501 ( 2)
 131 T   0.94554 0.00045 0.05398 0.00003 ( 1)
 132 Q   0.92955 0.00022 0.07021 0.00002 ( 1)
 133 T   0.73408 0.19049 0.05886 0.01656 ( 1)
 134 A   0.23123 0.71479 0.01157 0.04241 ( 2)
 135 Q   0.41895 0.52288 0.02380 0.03437 ( 2)
 136 -   0.63367 0.23285 0.09746 0.03602 ( 1)
 137 Y   0.94504 0.00048 0.05444 0.00003 ( 1)
 138 T   0.73830 0.17238 0.07162 0.01771 ( 1)
 139 D   0.95611 0.00007 0.04382 0.00000 ( 1)
 140 G   0.80715 0.12000 0.06271 0.01013 ( 1)
 141 E   0.94405 0.00030 0.05563 0.00002 ( 1)
 142 N   0.19521 0.67347 0.02431 0.10701 ( 2)
 143 I   0.15793 0.74898 0.01357 0.07952 ( 2)
 144 W   0.00149 0.86503 0.00023 0.13325 ( 2)
 145 T   0.29958 0.56694 0.04593 0.08755 ( 2)
 146 D   0.79255 0.07397 0.12203 0.01145 ( 1)
 147 T   0.04461 0.82191 0.00682 0.12666 ( 2)
 148 -   0.06526 0.80126 0.00998 0.12350 ( 2)
 149 -   0.66075 0.20577 0.10165 0.03183 ( 1)
 150 -   0.59740 0.26912 0.09185 0.04163 ( 1)
 151 -   0.59740 0.26912 0.09185 0.04163 ( 1)
 152 -   0.59740 0.26912 0.09185 0.04163 ( 1)
 153 G   0.14647 0.72005 0.02242 0.11106 ( 2)
 154 R   0.02873 0.91776 0.00131 0.05219 ( 2)
 155 S   0.05790 0.86502 0.00446 0.07263 ( 2)
 156 W   0.00044 0.92879 0.00003 0.07074 ( 2)
 157 L   0.04411 0.85008 0.00497 0.10084 ( 2)
 158 C   0.91869 0.01203 0.06830 0.00098 ( 1)
 159 T   0.31871 0.57742 0.03610 0.06777 ( 2)
 160 L   0.90778 0.00555 0.08611 0.00056 ( 1)
 161 R   0.87421 0.06275 0.05840 0.00464 ( 1)
 162 G   0.94469 0.00130 0.05393 0.00008 ( 1)
 163 Y   0.88810 0.05700 0.05114 0.00376 ( 1)
 164 C   0.94091 0.00004 0.05904 0.00000 ( 1)
 165 T   0.94370 0.00228 0.05387 0.00015 ( 1)
 166 T   0.18503 0.74066 0.01331 0.06101 ( 2)
 167 N   0.59987 0.32491 0.04695 0.02826 ( 1)
 168 C   0.68929 0.25009 0.04314 0.01748 ( 1)
 169 F   0.63578 0.27468 0.06139 0.02815 ( 1)
 170 P   0.16293 0.04947 0.75311 0.03449 ( 3)
 171 -   0.77358 0.15795 0.05587 0.01259 ( 1)
 172 -   0.40631 0.53095 0.02507 0.03766 ( 2)
 173 -   0.35384 0.54120 0.03921 0.06574 ( 2)
 174 G   0.86205 0.07483 0.05758 0.00554 ( 1)
 175 R   0.03636 0.90132 0.00215 0.06018 ( 2)
 176 G   0.80169 0.15098 0.03882 0.00851 ( 1)
 177 C   0.34544 0.59178 0.02152 0.04126 ( 2)
 178 Y   0.12501 0.81483 0.00706 0.05310 ( 2)
 179 N   0.00470 0.92863 0.00030 0.06637 ( 2)
 180 N   0.88438 0.05926 0.05232 0.00404 ( 1)
 181 S   0.17271 0.76296 0.01072 0.05360 ( 2)
 182 T   0.49145 0.45976 0.02259 0.02620 ( 1)
 183 G   0.12357 0.18138 0.60845 0.08659 ( 3)
 184 Y   0.92908 0.01571 0.05412 0.00110 ( 1)
 185 G   0.93590 0.00984 0.05360 0.00065 ( 1)
 186 E   0.05708 0.86407 0.00446 0.07439 ( 2)
 187 S   0.91531 0.00015 0.08453 0.00001 ( 1)
 188 C   0.93935 0.00159 0.05895 0.00011 ( 1)
 189 N   0.95566 0.00014 0.04419 0.00001 ( 1)
 190 Q   0.01362 0.91811 0.00090 0.06737 ( 2)
 191 S   0.40695 0.50203 0.03925 0.05177 ( 2)
 192 L   0.94461 0.01142 0.04333 0.00064 ( 1)
 193 P   0.92436 0.01976 0.05454 0.00134 ( 1)
 194 G   0.85582 0.09891 0.03960 0.00566 ( 1)
 195 Q   0.92955 0.00022 0.07021 0.00002 ( 1)
 196 K   0.94574 0.00017 0.05408 0.00001 ( 1)
 197 I   0.94724 0.00016 0.05258 0.00001 ( 1)
 198 H   0.94638 0.00175 0.05175 0.00012 ( 1)
 199 A   0.94446 0.00010 0.05543 0.00001 ( 1)
 200 L   0.86463 0.04850 0.08199 0.00488 ( 1)
 201 Y   0.94542 0.00011 0.05447 0.00001 ( 1)
 202 P   0.56284 0.00330 0.43333 0.00053 ( 1)
 203 F   0.94295 0.00061 0.05639 0.00004 ( 1)
 204 T   0.91626 0.01619 0.06627 0.00129 ( 1)
 205 Q   0.86942 0.06000 0.06564 0.00494 ( 1)
 206 T   0.64975 0.24541 0.07254 0.03230 ( 1)
 207 -   0.85712 0.00940 0.13202 0.00146 ( 1)
 208 N   0.75742 0.19641 0.03495 0.01122 ( 1)
 209 V   0.17656 0.74932 0.01311 0.06100 ( 2)
 210 L   0.02970 0.88581 0.00256 0.08193 ( 2)
 211 G   0.92752 0.00032 0.07214 0.00003 ( 1)
 212 Q   0.08738 0.33275 0.38785 0.19202 ( 3)
 213 S   0.00253 0.89927 0.00025 0.09795 ( 2)
 214 G   0.88488 0.00621 0.10813 0.00078 ( 1)
 215 K   0.94580 0.00011 0.05408 0.00001 ( 1)
 216 L   0.89447 0.01880 0.08484 0.00189 ( 1)
 217 G   0.92740 0.00043 0.07213 0.00004 ( 1)
 218 L   0.67497 0.24950 0.05395 0.02158 ( 1)
 219 L   0.85657 0.02507 0.11493 0.00343 ( 1)
 220 A   0.88641 0.04413 0.06587 0.00359 ( 1)
 221 S   0.38011 0.56961 0.01829 0.03199 ( 2)
 222 H   0.92637 0.00707 0.06602 0.00054 ( 1)
 223 I   0.94356 0.00059 0.05581 0.00004 ( 1)
 224 P   0.90054 0.00523 0.09359 0.00064 ( 1)
 225 Y   0.89032 0.05479 0.05126 0.00363 ( 1)
 226 D   0.95521 0.00095 0.04379 0.00005 ( 1)
 227 L   0.91055 0.00280 0.08637 0.00028 ( 1)
 228 S   0.91369 0.04162 0.04230 0.00238 ( 1)
 229 P   0.93393 0.00340 0.06242 0.00025 ( 1)
 230 N   0.94455 0.00134 0.05402 0.00009 ( 1)
 231 N   0.86605 0.00047 0.13341 0.00007 ( 1)
 232 T   0.01319 0.85333 0.00202 0.13146 ( 2)
 233 I   0.85351 0.01301 0.13147 0.00201 ( 1)
 234 G   0.86628 0.00024 0.13344 0.00004 ( 1)
 235 D   0.73939 0.12713 0.11381 0.01967 ( 1)
 236 K   0.11007 0.75645 0.01684 0.11664 ( 2)
 237 D   0.86621 0.00031 0.13343 0.00005 ( 1)
 238 T   0.48079 0.38573 0.07385 0.05963 ( 1)
 239 D   0.80860 0.05792 0.12452 0.00896 ( 1)
 240 S   0.85739 0.00913 0.13207 0.00141 ( 1)
 241 T   0.00171 0.86481 0.00026 0.13322 ( 2)
 242 N   0.80624 0.06028 0.12415 0.00933 ( 1)
 243 -   0.63108 0.23544 0.09706 0.03642 ( 1)

