Supplemental results for CODEML (seqf: algn  treef: tree)


dN/dS (w) for site classes (K=4)

site class             0        1       2a       2b
proportion       0.72836  0.07837  0.17449  0.01878
background w     0.10552  1.00000  0.10552  1.00000
foreground w     0.10552  1.00000  1.00000  1.00000

Naive Empirical Bayes (NEB) probabilities for 4 classes
(amino acids refer to 1st sequence: BT_Cry32Ma1)

   1 -   0.72836 0.07837 0.17449 0.01878 ( 1)
   2 -   0.72836 0.07837 0.17449 0.01878 ( 1)
   3 G   0.99285 0.00206 0.00459 0.00049 ( 1)
   4 V   0.98836 0.00336 0.00748 0.00080 ( 1)
   5 Q   0.92123 0.02273 0.05060 0.00544 ( 1)
   6 V   0.80729 0.05560 0.12379 0.01332 ( 1)
   7 E   0.89109 0.03142 0.06996 0.00753 ( 1)
   8 L   0.99283 0.00207 0.00460 0.00050 ( 1)
   9 S   0.98934 0.00307 0.00685 0.00074 ( 1)
  10 R   0.99542 0.00132 0.00294 0.00032 ( 1)
  11 E   0.99665 0.00097 0.00215 0.00023 ( 1)
  12 V   0.99430 0.00165 0.00366 0.00039 ( 1)
  13 Y   0.99696 0.00088 0.00195 0.00021 ( 1)
  14 S   0.66159 0.09763 0.21739 0.02339 ( 1)
  15 T   0.98740 0.00364 0.00810 0.00087 ( 1)
  16 V   0.97536 0.00711 0.01583 0.00170 ( 1)
  17 Y   0.99722 0.00080 0.00179 0.00019 ( 1)
  18 G   0.99318 0.00197 0.00438 0.00047 ( 1)
  19 R   0.99670 0.00095 0.00212 0.00023 ( 1)
  20 G   0.85187 0.04274 0.09515 0.01024 ( 1)
  21 G   0.88994 0.03175 0.07070 0.00761 ( 1)
  22 S   0.01539 0.28407 0.63249 0.06805 ( 3)
  23 N   0.51058 0.14120 0.31439 0.03383 ( 1)
  24 N   0.98772 0.00354 0.00789 0.00085 ( 1)
  25 -   0.73344 0.07691 0.17123 0.01842 ( 1)
  26 -   0.73664 0.07598 0.16917 0.01820 ( 1)
  27 -   0.73664 0.07598 0.16917 0.01820 ( 1)
  28 -   0.74393 0.07388 0.16449 0.01770 ( 1)
  29 -   0.73246 0.07719 0.17186 0.01849 ( 1)
  30 S   0.64897 0.10127 0.22549 0.02426 ( 1)
  31 S   0.37066 0.18157 0.40427 0.04350 ( 3)
  32 F   0.06612 0.26943 0.59990 0.06455 ( 3)
  33 D   0.93055 0.02004 0.04461 0.00480 ( 1)
  34 A   0.95923 0.01176 0.02619 0.00282 ( 1)
  35 I   0.98603 0.00403 0.00897 0.00097 ( 1)
  36 E   0.99685 0.00091 0.00203 0.00022 ( 1)
  37 S   0.97387 0.00754 0.01679 0.00181 ( 1)
  38 Q   0.06932 0.26851 0.59784 0.06433 ( 3)
  39 I   0.83335 0.04808 0.10705 0.01152 ( 1)
  40 V   0.95930 0.01174 0.02615 0.00281 ( 1)
  41 R   0.99131 0.00251 0.00558 0.00060 ( 1)
  42 P   0.74705 0.07298 0.16249 0.01748 ( 1)
  43 P   0.99308 0.00200 0.00445 0.00048 ( 1)
  44 H   0.99849 0.00044 0.00097 0.00010 ( 1)
  45 L   0.98796 0.00347 0.00774 0.00083 ( 1)
  46 V   0.99136 0.00249 0.00555 0.00060 ( 1)
  47 T   0.95912 0.01179 0.02626 0.00283 ( 1)
  48 E   0.86548 0.03881 0.08641 0.00930 ( 1)
  49 L   0.98996 0.00290 0.00645 0.00069 ( 1)
  50 T   0.97471 0.00730 0.01625 0.00175 ( 1)
  51 N   0.62655 0.10774 0.23990 0.02581 ( 1)
  52 L   0.99256 0.00215 0.00478 0.00051 ( 1)
  53 K   0.68000 0.09232 0.20556 0.02212 ( 1)
  54 I   0.93668 0.01827 0.04068 0.00438 ( 1)
  55 E   0.82004 0.05192 0.11560 0.01244 ( 1)
  56 Q   0.96060 0.01137 0.02531 0.00272 ( 1)
  57 G   0.53800 0.13329 0.29677 0.03193 ( 1)
  58 A   0.50014 0.14421 0.32110 0.03455 ( 1)
  59 T   0.09614 0.26077 0.58062 0.06247 ( 3)
  60 L   0.16308 0.24146 0.53762 0.05785 ( 3)
  61 D   0.63682 0.10478 0.23330 0.02510 ( 1)
  62 M   0.07794 0.26602 0.59231 0.06373 ( 3)
  63 E   0.86556 0.03879 0.08636 0.00929 ( 1)
  64 Q   0.09392 0.26141 0.58204 0.06263 ( 3)
  65 I   0.50551 0.14266 0.31765 0.03418 ( 1)
  66 Q   0.48657 0.14813 0.32982 0.03549 ( 1)
  67 Y   0.02998 0.27986 0.62312 0.06705 ( 3)
  68 -   0.73411 0.07671 0.17080 0.01838 ( 1)
  69 P   0.54746 0.13056 0.29070 0.03128 ( 1)
  70 K   0.12152 0.25345 0.56431 0.06072 ( 3)
  71 Y   0.95806 0.01210 0.02694 0.00290 ( 1)
  72 M   0.03184 0.27932 0.62192 0.06692 ( 3)
  73 K   0.82573 0.05028 0.11195 0.01205 ( 1)
  74 V   0.90256 0.02811 0.06259 0.00673 ( 1)
  75 T   0.95846 0.01198 0.02668 0.00287 ( 1)
  76 N   0.99697 0.00087 0.00194 0.00021 ( 1)
  77 T   0.98180 0.00525 0.01169 0.00126 ( 1)
  78 L   0.99700 0.00087 0.00193 0.00021 ( 1)
  79 H   0.72035 0.08068 0.17964 0.01933 ( 1)
  80 Y   0.38763 0.17667 0.39337 0.04233 ( 3)
  81 V   0.93701 0.01817 0.04047 0.00435 ( 1)
  82 G   0.99058 0.00272 0.00605 0.00065 ( 1)
  83 S   0.91595 0.02425 0.05399 0.00581 ( 1)
  84 S   0.96394 0.01040 0.02316 0.00249 ( 1)
  85 S   0.00690 0.28652 0.63794 0.06864 ( 3)
  86 T   0.99227 0.00223 0.00497 0.00053 ( 1)
  87 W   0.78726 0.06138 0.13666 0.01470 ( 1)
  88 E   0.99318 0.00197 0.00438 0.00047 ( 1)
  89 Q   0.92681 0.02112 0.04702 0.00506 ( 1)
  90 S   0.97094 0.00838 0.01867 0.00201 ( 1)
  91 S   0.96006 0.01152 0.02566 0.00276 ( 1)
  92 S   0.96917 0.00889 0.01980 0.00213 ( 1)
  93 A   0.68176 0.09182 0.20443 0.02200 ( 1)
  94 I   0.94639 0.01547 0.03444 0.00371 ( 1)
  95 P   0.30782 0.19970 0.44464 0.04784 ( 3)
  96 I   0.96482 0.01015 0.02260 0.00243 ( 1)
  97 R   0.75699 0.07011 0.15610 0.01680 ( 1)
  98 P   0.67726 0.09311 0.20732 0.02231 ( 1)
  99 I   0.51923 0.13870 0.30883 0.03323 ( 1)
 100 T   0.64501 0.10242 0.22804 0.02454 ( 1)
 101 Q   0.04112 0.27664 0.61596 0.06628 ( 3)
 102 I   0.93533 0.01866 0.04154 0.00447 ( 1)
 103 H   0.97116 0.00832 0.01853 0.00199 ( 1)
 104 T   0.93797 0.01790 0.03985 0.00429 ( 1)
 105 I   0.77380 0.06526 0.14531 0.01563 ( 1)
 106 P   0.49871 0.14463 0.32202 0.03465 ( 1)
 107 A   0.95900 0.01183 0.02634 0.00283 ( 1)
 108 N   0.52424 0.13726 0.30562 0.03288 ( 1)
 109 N   0.94082 0.01707 0.03802 0.00409 ( 1)
 110 I   0.99438 0.00162 0.00361 0.00039 ( 1)
 111 G   0.96602 0.00980 0.02183 0.00235 ( 1)
 112 N   0.96818 0.00918 0.02044 0.00220 ( 1)
 113 L   0.97886 0.00610 0.01358 0.00146 ( 1)
 114 S   0.75598 0.07040 0.15675 0.01687 ( 1)
 115 L   0.99204 0.00230 0.00511 0.00055 ( 1)
 116 S   0.02455 0.28142 0.62661 0.06742 ( 3)
 117 Q   0.81911 0.05219 0.11620 0.01250 ( 1)
 118 L   0.18933 0.23388 0.52075 0.05603 ( 3)
 119 D   0.09480 0.26116 0.58148 0.06257 ( 3)
 120 V   0.86676 0.03844 0.08559 0.00921 ( 1)
 121 P   0.99740 0.00075 0.00167 0.00018 ( 1)
 122 Y   0.29123 0.20448 0.45529 0.04899 ( 3)
 123 R   0.21646 0.22606 0.50333 0.05416 ( 3)
 124 F   0.99291 0.00205 0.00456 0.00049 ( 1)
 125 S   0.97683 0.00668 0.01488 0.00160 ( 1)
 126 F   0.99272 0.00210 0.00468 0.00050 ( 1)
 127 Y   0.93218 0.01957 0.04357 0.00469 ( 1)
 128 N   0.96861 0.00906 0.02017 0.00217 ( 1)
 129 K   0.11229 0.25611 0.57024 0.06136 ( 3)
 130 D   0.87939 0.03480 0.07748 0.00834 ( 1)
 131 D   0.09474 0.26117 0.58152 0.06257 ( 3)
 132 A   0.10153 0.25921 0.57715 0.06210 ( 3)
 133 L   0.04903 0.27436 0.61088 0.06573 ( 3)
 134 I   0.77670 0.06442 0.14344 0.01543 ( 1)
 135 A   0.65483 0.09958 0.22173 0.02386 ( 1)
 136 A   0.22806 0.22271 0.49588 0.05336 ( 3)
 137 V   0.97703 0.00663 0.01475 0.00159 ( 1)
 138 G   0.93285 0.01937 0.04313 0.00464 ( 1)
 139 A   0.01924 0.28296 0.63002 0.06779 ( 3)
 140 E   0.81224 0.05417 0.12061 0.01298 ( 1)
 141 F   0.24917 0.21662 0.48232 0.05190 ( 3)
 142 P   0.80480 0.05632 0.12539 0.01349 ( 1)
 143 P   0.78949 0.06073 0.13523 0.01455 ( 1)
 144 N   0.12715 0.25182 0.56070 0.06033 ( 3)
 145 T   0.04859 0.27449 0.61116 0.06576 ( 3)
 146 V   0.39940 0.17328 0.38581 0.04151 ( 1)
 147 T   0.00472 0.28714 0.63934 0.06879 ( 3)
 148 W   0.78503 0.06202 0.13809 0.01486 ( 1)
 149 N   0.98417 0.00457 0.01017 0.00109 ( 1)
 150 G   0.66061 0.09792 0.21801 0.02346 ( 1)
 151 I   0.97362 0.00761 0.01695 0.00182 ( 1)
 152 P   0.97920 0.00600 0.01336 0.00144 ( 1)
 153 K   0.87038 0.03740 0.08326 0.00896 ( 1)
 154 A   0.07170 0.26782 0.59632 0.06416 ( 3)
 155 E   0.92768 0.02086 0.04645 0.00500 ( 1)
 156 D   0.48750 0.14786 0.32922 0.03542 ( 1)
 157 S   0.95750 0.01226 0.02730 0.00294 ( 1)
 158 N   0.97043 0.00853 0.01900 0.00204 ( 1)
 159 Q   0.94260 0.01656 0.03687 0.00397 ( 1)
 160 N   0.90986 0.02601 0.05791 0.00623 ( 1)
 161 S   0.95981 0.01160 0.02582 0.00278 ( 1)
 162 -   0.73722 0.07581 0.16880 0.01816 ( 1)
 163 -   0.73274 0.07711 0.17168 0.01847 ( 1)
 164 -   0.73086 0.07765 0.17289 0.01860 ( 1)
 165 -   0.73661 0.07599 0.16919 0.01820 ( 1)
 166 H   0.99846 0.00044 0.00099 0.00011 ( 1)
 167 H   0.98990 0.00292 0.00649 0.00070 ( 1)
 168 L   0.99063 0.00270 0.00602 0.00065 ( 1)
 169 S   0.93846 0.01776 0.03953 0.00425 ( 1)
 170 Y   0.99690 0.00089 0.00199 0.00021 ( 1)
 171 V   0.99504 0.00143 0.00318 0.00034 ( 1)
 172 G   0.57288 0.12323 0.27437 0.02952 ( 1)
 173 A   0.97915 0.00601 0.01339 0.00144 ( 1)
 174 L   0.95430 0.01319 0.02936 0.00316 ( 1)
 175 G   0.28602 0.20599 0.45865 0.04935 ( 3)
 176 T   0.86002 0.04039 0.08992 0.00968 ( 1)
 177 Q   0.90216 0.02823 0.06285 0.00676 ( 1)
 178 S   0.22061 0.22486 0.50066 0.05387 ( 3)
 179 S   0.87846 0.03506 0.07807 0.00840 ( 1)
 180 A   0.97854 0.00619 0.01379 0.00148 ( 1)
 181 G   0.95490 0.01301 0.02897 0.00312 ( 1)
 182 F   0.19431 0.23245 0.51755 0.05569 ( 3)
 183 P   0.00403 0.28734 0.63979 0.06884 ( 3)
 184 W   0.00693 0.28651 0.63792 0.06864 ( 3)
 185 -   0.72836 0.07837 0.17449 0.01878 ( 1)
 186 T   0.81607 0.05306 0.11815 0.01271 ( 1)
 187 Y   0.99690 0.00089 0.00199 0.00021 ( 1)
 188 P   0.62067 0.10944 0.24368 0.02622 ( 1)
 189 T   0.06309 0.27030 0.60185 0.06476 ( 3)
 190 E   0.00023 0.28844 0.64223 0.06910 ( 3)
 191 L   0.41925 0.16755 0.37306 0.04014 ( 1)
 192 L   0.94349 0.01630 0.03630 0.00391 ( 1)
 193 G   0.99293 0.00204 0.00454 0.00049 ( 1)
 194 E   0.93775 0.01796 0.03999 0.00430 ( 1)
 195 W   0.99659 0.00098 0.00219 0.00024 ( 1)
 196 G   0.99350 0.00188 0.00418 0.00045 ( 1)
 197 F   0.96649 0.00967 0.02153 0.00232 ( 1)
 198 G   0.99627 0.00107 0.00239 0.00026 ( 1)
 199 W   0.99659 0.00098 0.00219 0.00024 ( 1)
 200 L   0.98908 0.00315 0.00701 0.00075 ( 1)
 201 H   0.99863 0.00039 0.00088 0.00009 ( 1)
 202 N   0.93990 0.01734 0.03860 0.00415 ( 1)
 203 -   0.72836 0.07837 0.17449 0.01878 ( 1)


lnL = -2308.963489

