Supplemental results for CODEML (seqf: algn  treef: tree)


dN/dS (w) for site classes (K=4)

site class             0        1       2a       2b
proportion       0.39713  0.54208  0.02571  0.03509
background w     0.02460  0.40359  0.02460  0.40359
foreground w     0.02460  0.40359 47.33711 47.33711

Naive Empirical Bayes (NEB) probabilities for 4 classes
(amino acids refer to 1st sequence: BT_Cry7Ba1)

   1 -   0.49923 0.43998 0.03231 0.02848 ( 1)
   2 -   0.64182 0.29739 0.04154 0.01925 ( 1)
   3 -   0.00646 0.93274 0.00042 0.06037 ( 2)
   4 -   0.00032 0.93889 0.00002 0.06077 ( 2)
   5 -   0.05807 0.88114 0.00376 0.05703 ( 2)
   6 -   0.67936 0.25985 0.04397 0.01682 ( 1)
   7 S   0.01553 0.98149 0.00004 0.00293 ( 2)
   8 K   0.00465 0.99150 0.00002 0.00384 ( 2)
   9 I   0.37907 0.60745 0.00502 0.00847 ( 2)
  10 L   0.03264 0.96270 0.00015 0.00451 ( 2)
  11 K   0.05450 0.94167 0.00019 0.00364 ( 2)
  12 E   0.01221 0.98382 0.00005 0.00392 ( 2)
  13 I   0.93400 0.06247 0.00329 0.00024 ( 1)
  14 L   0.18464 0.81284 0.00044 0.00207 ( 2)
  15 D   0.46287 0.53335 0.00167 0.00211 ( 2)
  16 Y   0.02622 0.96976 0.00010 0.00392 ( 2)
  17 L   0.85073 0.14476 0.00382 0.00069 ( 1)
  18 W   0.73790 0.25606 0.00446 0.00158 ( 1)
  19 P   0.90004 0.09482 0.00464 0.00050 ( 1)
  20 S   0.89685 0.10032 0.00252 0.00030 ( 1)
  21 S   0.00121 0.99492 0.00000 0.00387 ( 2)
  22 S   0.01258 0.98291 0.00006 0.00446 ( 2)
  23 S   0.02194 0.97125 0.00015 0.00667 ( 2)
  24 S   0.01556 0.97386 0.00016 0.01041 ( 2)
  25 N   0.03868 0.79422 0.07066 0.09644 ( 2)
  26 S   0.00278 0.99334 0.00001 0.00387 ( 2)
  27 W   0.73790 0.25606 0.00446 0.00158 ( 1)
  28 E   0.93560 0.05983 0.00427 0.00030 ( 1)
  29 E   0.00143 0.99460 0.00001 0.00396 ( 2)
  30 M   0.61542 0.38291 0.00100 0.00067 ( 1)
  31 M   0.69030 0.30804 0.00112 0.00054 ( 1)
  32 K   0.21136 0.78554 0.00064 0.00247 ( 2)
  33 E   0.01935 0.97570 0.00009 0.00487 ( 2)
  34 V   0.87552 0.11910 0.00469 0.00070 ( 1)
  35 E   0.93154 0.06467 0.00354 0.00026 ( 1)
  36 Y   0.03206 0.96392 0.00012 0.00390 ( 2)
  37 L   0.89981 0.09778 0.00216 0.00025 ( 1)
  38 I   0.30663 0.68967 0.00108 0.00262 ( 2)
  39 D   0.95336 0.04304 0.00343 0.00017 ( 1)
  40 K   0.34784 0.64841 0.00124 0.00251 ( 2)
  41 K   0.94188 0.05455 0.00335 0.00021 ( 1)
  42 I   0.95089 0.04540 0.00352 0.00018 ( 1)
  43 E   0.04965 0.94639 0.00019 0.00377 ( 2)
  44 E   0.41674 0.57847 0.00190 0.00288 ( 2)
  45 Y   0.30939 0.68666 0.00118 0.00278 ( 2)
  46 A   0.41729 0.57891 0.00151 0.00228 ( 2)
  47 R   0.92857 0.06963 0.00166 0.00013 ( 1)
  48 N   0.50999 0.48706 0.00144 0.00150 ( 1)
  49 K   0.38254 0.61438 0.00115 0.00193 ( 2)
  50 A   0.92673 0.06964 0.00336 0.00027 ( 1)
  51 L   0.25771 0.73978 0.00062 0.00189 ( 2)
  52 A   0.02649 0.03529 0.86488 0.07334 ( 3)
  53 V   0.00021 0.13054 0.02762 0.84164 ( 4)
  54 L   0.84691 0.14856 0.00384 0.00070 ( 1)
  55 E   0.00377 0.99127 0.00002 0.00494 ( 2)
  56 G   0.93752 0.06004 0.00229 0.00016 ( 1)
  57 I   0.33172 0.66434 0.00123 0.00271 ( 2)
  58 G   0.89075 0.05575 0.05013 0.00336 ( 1)
  59 N   0.10463 0.89232 0.00030 0.00276 ( 2)
  60 A   0.26730 0.72921 0.00089 0.00260 ( 2)
  61 V   0.02148 0.97272 0.00012 0.00568 ( 2)
  62 E   0.00018 0.99486 0.00000 0.00496 ( 2)
  63 S   0.00029 0.13730 0.03139 0.83103 ( 4)
  64 Y   0.90644 0.08975 0.00344 0.00036 ( 1)
  65 Y   0.02353 0.97245 0.00009 0.00393 ( 2)
  66 S   0.00205 0.99638 0.00000 0.00156 ( 2)
  67 A   0.30775 0.68842 0.00112 0.00271 ( 2)
  68 L   0.85439 0.14111 0.00383 0.00067 ( 1)
  69 E   0.34628 0.64890 0.00158 0.00324 ( 2)
  70 A   0.00127 0.99380 0.00001 0.00492 ( 2)
  71 W   0.73790 0.25606 0.00446 0.00158 ( 1)
  72 -   0.05591 0.88330 0.00362 0.05717 ( 2)
  73 E   0.46111 0.53412 0.00211 0.00266 ( 2)
  74 L   0.01697 0.97831 0.00008 0.00464 ( 2)
  75 E   0.00099 0.99405 0.00000 0.00496 ( 2)
  76 S   0.03453 0.96250 0.00010 0.00288 ( 2)
  77 S   0.07057 0.92788 0.00010 0.00145 ( 2)
  78 E   0.00355 0.99149 0.00002 0.00494 ( 2)
  79 R   0.87388 0.12459 0.00133 0.00020 ( 1)
  80 S   0.00206 0.99638 0.00000 0.00156 ( 2)
  81 L   0.06998 0.92532 0.00031 0.00438 ( 2)
  82 E   0.01911 0.97594 0.00009 0.00487 ( 2)
  83 L   0.22753 0.48247 0.09067 0.19933 ( 2)
  84 V   0.90042 0.09420 0.00482 0.00055 ( 1)
  85 L   0.00063 0.99470 0.00000 0.00466 ( 2)
  86 E   0.00000 0.00228 0.00134 0.99638 ( 4)
  87 R   0.31546 0.68154 0.00093 0.00208 ( 2)
  88 Y   0.27830 0.71774 0.00106 0.00290 ( 2)
  89 Q   0.00000 0.00059 0.00001 0.99940 ( 4)
  90 F   0.00135 0.74311 0.00701 0.24853 ( 2)
  91 A   0.02999 0.96509 0.00014 0.00478 ( 2)
  92 V   0.03228 0.96216 0.00017 0.00539 ( 2)
  93 Q   0.18393 0.81134 0.00085 0.00387 ( 2)
  94 F   0.05053 0.94593 0.00017 0.00338 ( 2)
  95 A   0.04487 0.95122 0.00016 0.00375 ( 2)
  96 R   0.03816 0.95993 0.00007 0.00184 ( 2)
  97 S   0.00000 0.74044 0.00002 0.25953 ( 2)
  98 S   0.00000 0.01286 0.00138 0.98577 ( 4)
  99 M   0.47958 0.51873 0.00078 0.00091 ( 2)
 100 P   0.93174 0.06610 0.00201 0.00015 ( 1)
 101 S   0.85694 0.13936 0.00316 0.00054 ( 1)
 102 F   0.94981 0.04689 0.00313 0.00017 ( 1)
 103 A   0.92979 0.06546 0.00443 0.00032 ( 1)
 104 I   0.03466 0.75701 0.08570 0.12263 ( 2)
 105 I   0.00002 0.14947 0.02205 0.82846 ( 4)
 106 N   0.02868 0.96824 0.00008 0.00299 ( 2)
 107 Y   0.02434 0.97164 0.00009 0.00393 ( 2)
 108 E   0.93085 0.06458 0.00425 0.00032 ( 1)
 109 I   0.54954 0.44683 0.00193 0.00170 ( 1)
 110 P   0.87475 0.11296 0.01087 0.00142 ( 1)
 111 L   0.86123 0.13427 0.00386 0.00064 ( 1)
 112 L   0.86123 0.13427 0.00386 0.00064 ( 1)
 113 A   0.03096 0.96513 0.00011 0.00381 ( 2)
 114 T   0.07537 0.92165 0.00021 0.00277 ( 2)
 115 Y   0.90380 0.09239 0.00343 0.00037 ( 1)
 116 A   0.93914 0.05722 0.00341 0.00023 ( 1)
 117 N   0.02661 0.97032 0.00008 0.00300 ( 2)
 118 A   0.92877 0.06790 0.00308 0.00024 ( 1)
 119 A   0.20741 0.78873 0.00075 0.00311 ( 2)
 120 N   0.92856 0.06859 0.00263 0.00021 ( 1)
 121 V   0.01190 0.98291 0.00006 0.00514 ( 2)
 122 H   0.90955 0.08844 0.00182 0.00019 ( 1)
 123 L   0.84953 0.14596 0.00381 0.00069 ( 1)
 124 L   0.81549 0.18209 0.00196 0.00046 ( 1)
 125 L   0.86123 0.13427 0.00386 0.00064 ( 1)
 126 M   0.19711 0.80116 0.00032 0.00141 ( 2)
 127 R   0.92380 0.07440 0.00166 0.00014 ( 1)
 128 D   0.92830 0.06809 0.00334 0.00027 ( 1)
 129 I   0.08308 0.91290 0.00031 0.00372 ( 2)
 130 Q   0.01476 0.98227 0.00004 0.00293 ( 2)
 131 I   0.93877 0.05753 0.00347 0.00023 ( 1)
 132 Y   0.39740 0.59149 0.00441 0.00669 ( 2)
 133 G   0.91911 0.07746 0.00315 0.00028 ( 1)
 134 D   0.05642 0.93966 0.00020 0.00371 ( 2)
 135 R   0.00291 0.78135 0.01189 0.20385 ( 2)
 136 W   0.73790 0.25606 0.00446 0.00158 ( 1)
 137 G   0.00069 0.01148 0.92571 0.06213 ( 3)
 138 I   0.18668 0.80933 0.00069 0.00330 ( 2)
 139 S   0.00174 0.83665 0.00505 0.15656 ( 2)
 140 Q   0.01824 0.97878 0.00005 0.00292 ( 2)
 141 N   0.00001 0.99691 0.00000 0.00308 ( 2)
 142 D   0.58207 0.41419 0.00210 0.00164 ( 1)
 143 M   0.04125 0.43640 0.31242 0.20993 ( 2)
 144 N   0.00069 0.88999 0.00125 0.10807 ( 2)
 145 L   0.00113 0.98911 0.00001 0.00975 ( 2)
 146 F   0.17214 0.82429 0.00060 0.00297 ( 2)
 147 L   0.02641 0.96888 0.00012 0.00459 ( 2)
 148 K   0.04213 0.95403 0.00015 0.00369 ( 2)
 149 E   0.01812 0.97693 0.00008 0.00487 ( 2)
 150 Q   0.88306 0.11410 0.00250 0.00034 ( 1)
 151 E   0.28620 0.70896 0.00131 0.00354 ( 2)
 152 I   0.00007 0.91686 0.00010 0.08297 ( 2)
 153 Y   0.00124 0.98757 0.00001 0.01117 ( 2)
 154 T   0.88998 0.10646 0.00316 0.00039 ( 1)
 155 S   0.01452 0.63452 0.09210 0.25887 ( 2)
 156 E   0.35703 0.63815 0.00163 0.00318 ( 2)
 157 Y   0.88341 0.11278 0.00336 0.00046 ( 1)
 158 S   0.19727 0.78801 0.00285 0.01186 ( 2)
 159 E   0.60035 0.39494 0.00274 0.00197 ( 1)
 160 H   0.04462 0.75064 0.09784 0.10690 ( 2)
 161 C   0.85958 0.13183 0.00743 0.00116 ( 1)
 162 V   0.00057 0.01850 0.86840 0.11252 ( 3)
 163 K   0.89361 0.10338 0.00269 0.00033 ( 1)
 164 W   0.73790 0.25606 0.00446 0.00158 ( 1)
 165 Y   0.85302 0.14317 0.00324 0.00058 ( 1)
 166 N   0.04662 0.95032 0.00013 0.00294 ( 2)
 167 E   0.01793 0.97810 0.00007 0.00390 ( 2)
 168 G   0.91291 0.08464 0.00223 0.00022 ( 1)
 169 L   0.86123 0.13427 0.00386 0.00064 ( 1)
 170 N   0.00009 0.99683 0.00000 0.00308 ( 2)
 171 Q   0.43476 0.56233 0.00123 0.00168 ( 2)
 172 L   0.85167 0.14379 0.00386 0.00067 ( 1)
 173 K   0.94188 0.05455 0.00335 0.00021 ( 1)
 174 T   0.43756 0.55974 0.00114 0.00155 ( 2)
 175 K   0.44178 0.55450 0.00157 0.00215 ( 2)
 176 G   0.43827 0.55959 0.00091 0.00124 ( 2)
 177 G   0.90075 0.09120 0.00729 0.00075 ( 1)
 178 A   0.35658 0.63961 0.00129 0.00252 ( 2)
 179 S   0.03395 0.96449 0.00005 0.00151 ( 2)
 180 G   0.34101 0.65683 0.00071 0.00146 ( 2)
 181 L   0.00162 0.99366 0.00001 0.00471 ( 2)
 182 V   0.00015 0.99465 0.00000 0.00520 ( 2)
 183 W   0.73790 0.25606 0.00446 0.00158 ( 1)
 184 E   0.01182 0.98422 0.00004 0.00392 ( 2)
 185 N   0.02328 0.97365 0.00007 0.00301 ( 2)
 186 Y   0.90644 0.08975 0.00344 0.00036 ( 1)
 187 N   0.31876 0.67870 0.00079 0.00174 ( 2)
 188 S   0.00753 0.99091 0.00001 0.00155 ( 2)
 189 F   0.87266 0.12386 0.00304 0.00045 ( 1)
 190 R   0.78262 0.21584 0.00119 0.00034 ( 1)
 191 T   0.35700 0.64008 0.00099 0.00192 ( 2)
 192 E   0.91362 0.08180 0.00417 0.00041 ( 1)
 193 M   0.97159 0.02678 0.00158 0.00005 ( 1)
 194 T   0.93311 0.06410 0.00260 0.00019 ( 1)
 195 I   0.00137 0.98488 0.00002 0.01373 ( 2)
 196 M   0.59134 0.40698 0.00096 0.00071 ( 1)
 197 V   0.91747 0.07716 0.00491 0.00045 ( 1)
 198 L   0.86123 0.13427 0.00386 0.00064 ( 1)
 199 D   0.95336 0.04304 0.00343 0.00017 ( 1)
 200 L   0.80903 0.18855 0.00194 0.00048 ( 1)
 201 V   0.91121 0.08342 0.00488 0.00049 ( 1)
 202 A   0.92489 0.07178 0.00307 0.00026 ( 1)
 203 I   0.33385 0.66221 0.00123 0.00270 ( 2)
 204 F   0.94981 0.04689 0.00313 0.00017 ( 1)
 205 P   0.93174 0.06610 0.00201 0.00015 ( 1)
 206 A   0.01962 0.97067 0.00019 0.00952 ( 2)


lnL = -2304.163342

