Supplemental results for CODEML (seqf: algn  treef: tree)


dN/dS (w) for site classes (K=4)

site class             0        1       2a       2b
proportion       0.32036  0.46678  0.08663  0.12623
background w     0.15096  1.00000  0.15096  1.00000
foreground w     0.15096  1.00000  1.00000  1.00000

Naive Empirical Bayes (NEB) probabilities for 4 classes
(amino acids refer to 1st sequence: BT_Cry40Aa1)

   1 -   0.71956 0.06759 0.19458 0.01828 ( 1)
   2 S   0.10606 0.68108 0.02868 0.18418 ( 2)
   3 L   0.00749 0.77965 0.00203 0.21083 ( 2)
   4 G   0.00422 0.78318 0.00082 0.21179 ( 2)
   5 G   0.01261 0.77521 0.00255 0.20963 ( 2)
   6 I   0.27948 0.52764 0.05020 0.14268 ( 2)
   7 N   0.00001 0.78713 0.00000 0.21285 ( 2)
   8 T   0.00000 0.78714 0.00000 0.21286 ( 2)
   9 L   0.01894 0.76603 0.00787 0.20715 ( 2)
  10 F   0.00002 0.78712 0.00000 0.21285 ( 2)
  11 S   0.00000 0.78714 0.00000 0.21286 ( 2)
  12 I   0.73755 0.10218 0.13264 0.02763 ( 1)
  13 I   0.84322 0.00404 0.15164 0.00109 ( 1)
  14 G   0.00000 0.78714 0.00000 0.21286 ( 2)
  15 K   0.00004 0.78711 0.00001 0.21285 ( 2)
  16 L   0.00235 0.78489 0.00052 0.21225 ( 2)
  17 I   0.00025 0.78691 0.00004 0.21279 ( 2)
  18 -   0.00949 0.77765 0.00257 0.21029 ( 2)
  19 P   0.19813 0.59838 0.04168 0.16181 ( 2)
  20 T   0.35279 0.45487 0.06934 0.12300 ( 2)
  21 N   0.00150 0.78573 0.00030 0.21247 ( 2)
  22 H   0.03238 0.75675 0.00622 0.20464 ( 2)
  23 Q   0.00000 0.78714 0.00000 0.21286 ( 2)
  24 S   0.00153 0.78570 0.00030 0.21247 ( 2)
  25 V   0.80625 0.00639 0.18564 0.00173 ( 1)
  26 S   0.01992 0.76832 0.00398 0.20777 ( 2)
  27 A   0.00030 0.78686 0.00006 0.21278 ( 2)
  28 L   0.83496 0.00253 0.16183 0.00068 ( 1)
  29 S   0.83574 0.00001 0.16425 0.00000 ( 1)
  30 I   0.84191 0.00526 0.15141 0.00142 ( 1)
  31 C   0.03324 0.75582 0.00655 0.20439 ( 2)
  32 D   0.85243 0.00109 0.14619 0.00029 ( 1)
  33 L   0.82506 0.00013 0.17478 0.00003 ( 1)
  34 L   0.00555 0.78185 0.00118 0.21143 ( 2)
  35 S   0.01671 0.77126 0.00346 0.20856 ( 2)
  36 I   0.84726 0.00029 0.15237 0.00008 ( 1)
  37 I   0.84776 0.00000 0.15224 0.00000 ( 1)
  38 R   0.35805 0.44604 0.07530 0.12062 ( 2)
  39 K   0.02592 0.73889 0.03538 0.19981 ( 2)
  40 E   0.00157 0.78565 0.00032 0.21246 ( 2)
  41 V   0.44592 0.00416 0.54880 0.00112 ( 3)
  42 A   0.00096 0.78623 0.00020 0.21261 ( 2)
  43 D   0.00601 0.78137 0.00132 0.21130 ( 2)
  44 S   0.00080 0.78564 0.00111 0.21245 ( 2)
  45 V   0.10147 0.04420 0.84238 0.01195 ( 3)
  46 L   0.77839 0.04465 0.16490 0.01207 ( 1)
  47 S   0.00081 0.78593 0.00074 0.21253 ( 2)
  48 D   0.00000 0.78714 0.00000 0.21286 ( 2)
  49 A   0.32810 0.12600 0.51183 0.03407 ( 3)
  50 I   0.00000 0.78714 0.00000 0.21286 ( 2)
  51 C   0.00004 0.78710 0.00001 0.21285 ( 2)
  52 R   0.00209 0.78522 0.00036 0.21234 ( 2)
  53 F   0.84830 0.00000 0.15170 0.00000 ( 1)
  54 L   0.32036 0.46678 0.08663 0.12623 ( 2)
  55 D   0.01098 0.77650 0.00253 0.20998 ( 2)
  56 G   0.75713 0.07664 0.14550 0.02073 ( 1)
  57 K   0.00279 0.78398 0.00124 0.21200 ( 2)
  58 L   0.00079 0.78637 0.00019 0.21265 ( 2)
  59 K   0.00000 0.78714 0.00000 0.21286 ( 2)
  60 N   0.00645 0.77599 0.00772 0.20984 ( 2)
  61 Y   0.43776 0.00009 0.56212 0.00002 ( 3)
  62 R   0.00001 0.78713 0.00000 0.21285 ( 2)
  63 E   0.00000 0.78714 0.00000 0.21286 ( 2)
  64 Y   0.59155 0.23160 0.11422 0.06263 ( 1)
  65 Y   0.83817 0.00000 0.16183 0.00000 ( 1)
  66 L   0.83763 0.00002 0.16234 0.00000 ( 1)
  67 P   0.00000 0.78714 0.00000 0.21286 ( 2)
  68 Y   0.53619 0.28198 0.10557 0.07625 ( 1)
  69 L   0.65843 0.16841 0.12761 0.04554 ( 1)
  70 E   0.00000 0.78714 0.00000 0.21286 ( 2)
  71 A   0.00000 0.78714 0.00000 0.21286 ( 2)
  72 W   0.77057 0.03407 0.18615 0.00921 ( 1)
  73 L   0.02171 0.76674 0.00421 0.20734 ( 2)
  74 K   0.00121 0.78515 0.00133 0.21232 ( 2)
  75 D   0.00056 0.78649 0.00026 0.21268 ( 2)
  76 G   0.00038 0.78653 0.00040 0.21269 ( 2)
  77 K   0.00048 0.78624 0.00066 0.21261 ( 2)
  78 P   0.72588 0.09584 0.15236 0.02592 ( 1)
  79 L   0.01203 0.77494 0.00347 0.20956 ( 2)
  80 Q   0.03256 0.74335 0.02308 0.20102 ( 2)
  81 K   0.05986 0.72629 0.01745 0.19640 ( 2)
  82 T   0.06129 0.72585 0.01657 0.19628 ( 2)
  83 -   0.32036 0.46678 0.08663 0.12623 ( 2)
  84 N   0.05397 0.41432 0.41966 0.11204 ( 3)
  85 N   0.00000 0.78714 0.00000 0.21286 ( 2)
  86 S   0.00000 0.78714 0.00000 0.21286 ( 2)
  87 D   0.00000 0.78714 0.00000 0.21286 ( 2)
  88 I   0.20125 0.59801 0.03902 0.16171 ( 2)
  89 G   0.00000 0.78714 0.00000 0.21286 ( 2)
  90 Q   0.00000 0.78714 0.00000 0.21286 ( 2)
  91 L   0.34070 0.46805 0.06468 0.12657 ( 2)
  92 V   0.00318 0.78418 0.00059 0.21206 ( 2)
  93 K   0.00000 0.78714 0.00000 0.21286 ( 2)
  94 Y   0.00017 0.78683 0.00023 0.21277 ( 2)
  95 F   0.80690 0.00223 0.19027 0.00060 ( 1)
  96 E   0.00003 0.78709 0.00003 0.21284 ( 2)
  97 L   0.00000 0.78714 0.00000 0.21286 ( 2)
  98 S   0.00130 0.78579 0.00042 0.21249 ( 2)
  99 E   0.42236 0.00002 0.57761 0.00001 ( 3)
 100 R   0.00023 0.78689 0.00009 0.21279 ( 2)
 101 D   0.00001 0.78713 0.00001 0.21285 ( 2)
 102 F   0.78258 0.02589 0.18453 0.00700 ( 1)
 103 N   0.00942 0.77267 0.00896 0.20895 ( 2)
 104 E   0.00000 0.78714 0.00000 0.21286 ( 2)
 105 I   0.02661 0.76192 0.00543 0.20604 ( 2)
 106 L   0.42000 0.00079 0.57899 0.00021 ( 3)
 107 -   0.53271 0.25444 0.14405 0.06880 ( 1)
 108 -   0.11793 0.66921 0.03189 0.18097 ( 2)
 109 -   0.45340 0.33375 0.12261 0.09025 ( 1)
 110 -   0.55353 0.23361 0.14968 0.06317 ( 1)
 111 -   0.48355 0.30360 0.13076 0.08210 ( 1)
 112 -   0.46257 0.32457 0.12509 0.08777 ( 1)
 113 -   0.23401 0.55314 0.06328 0.14958 ( 2)
 114 G   0.00015 0.78699 0.00004 0.21282 ( 2)
 115 G   0.18492 0.60737 0.04346 0.16424 ( 2)
 116 S   0.00005 0.78668 0.00053 0.21273 ( 2)
 117 L   0.82509 0.00009 0.17479 0.00003 ( 1)
 118 A   0.01108 0.77653 0.00241 0.20999 ( 2)
 119 R   0.00228 0.77010 0.01937 0.20825 ( 2)
 120 N   0.00000 0.78714 0.00000 0.21286 ( 2)
 121 N   0.03163 0.75444 0.00991 0.20402 ( 2)
 122 A   0.08623 0.70642 0.01632 0.19103 ( 2)
 123 Q   0.74280 0.07777 0.15839 0.02103 ( 1)
 124 I   0.84704 0.00049 0.15233 0.00013 ( 1)
 125 L   0.54021 0.27147 0.11491 0.07341 ( 1)
 126 L   0.82513 0.00005 0.17480 0.00001 ( 1)
 127 L   0.81230 0.00015 0.18750 0.00004 ( 1)
 128 P   0.82945 0.00001 0.17054 0.00000 ( 1)
 129 Y   0.29471 0.51143 0.05557 0.13830 ( 2)
 130 F   0.83156 0.00502 0.16206 0.00136 ( 1)
 131 C   0.00015 0.78700 0.00003 0.21282 ( 2)
 132 A   0.71427 0.10550 0.15170 0.02853 ( 1)
 133 S   0.79546 0.04246 0.15060 0.01148 ( 1)
 134 C   0.83724 0.00005 0.16269 0.00001 ( 1)
 135 K   0.81249 0.03880 0.13822 0.01049 ( 1)
 136 C   0.00122 0.78596 0.00028 0.21254 ( 2)
 137 Q   0.84313 0.00000 0.15687 0.00000 ( 1)
 138 L   0.82516 0.00003 0.17480 0.00001 ( 1)
 139 L   0.02899 0.75948 0.00614 0.20538 ( 2)
 140 L   0.79951 0.01916 0.17615 0.00518 ( 1)
 141 L   0.82516 0.00003 0.17480 0.00001 ( 1)
 142 R   0.80966 0.00595 0.18279 0.00161 ( 1)
 143 D   0.85315 0.00000 0.14685 0.00000 ( 1)
 144 A   0.83432 0.00269 0.16226 0.00073 ( 1)
 145 V   0.49070 0.32958 0.09059 0.08913 ( 1)
 146 Q   0.00009 0.78705 0.00002 0.21283 ( 2)
 147 Y   0.83790 0.00026 0.16177 0.00007 ( 1)
 148 E   0.00174 0.78552 0.00032 0.21242 ( 2)
 149 E   0.00003 0.78711 0.00001 0.21285 ( 2)
 150 Q   0.00000 0.78714 0.00000 0.21286 ( 2)
 151 W   0.33352 0.46119 0.08057 0.12472 ( 2)
 152 F   0.00001 0.78713 0.00000 0.21286 ( 2)
 153 P   0.00065 0.78609 0.00068 0.21257 ( 2)
 154 F   0.00001 0.78713 0.00000 0.21286 ( 2)
 155 L   0.00006 0.78708 0.00002 0.21284 ( 2)
 156 S   0.00009 0.78695 0.00016 0.21281 ( 2)
 157 A   0.00118 0.78596 0.00032 0.21254 ( 2)
 158 E   0.00440 0.78291 0.00098 0.21171 ( 2)
 159 N   0.04388 0.71762 0.04444 0.19406 ( 2)
 160 V   0.00117 0.78602 0.00025 0.21256 ( 2)
 161 R   0.00030 0.78686 0.00006 0.21278 ( 2)
 162 S   0.00175 0.78543 0.00042 0.21239 ( 2)
 163 E   0.63642 0.19121 0.12067 0.05171 ( 1)
 164 L   0.02210 0.76605 0.00471 0.20715 ( 2)
 165 I   0.03605 0.75363 0.00653 0.20380 ( 2)
 166 S   0.75057 0.06762 0.16353 0.01829 ( 1)
 167 P   0.35044 0.45449 0.07217 0.12290 ( 2)
 168 N   0.13747 0.64967 0.03718 0.17568 ( 2)
 169 S   0.33481 0.45233 0.09054 0.12232 ( 2)
 170 G   0.06897 0.71817 0.01865 0.19421 ( 2)
 171 C   0.37488 0.41226 0.10137 0.11148 ( 2)
 172 D   0.39937 0.38777 0.10800 0.10486 ( 1)
 173 F   0.39188 0.39526 0.10597 0.10688 ( 2)
 174 T   0.00004 0.78710 0.00001 0.21285 ( 2)
 175 G   0.00000 0.78714 0.00000 0.21286 ( 2)
 176 D   0.04435 0.74624 0.00761 0.20180 ( 2)
 177 Y   0.83730 0.00059 0.16194 0.00016 ( 1)
 178 Y   0.00000 0.78714 0.00000 0.21286 ( 2)
 179 E   0.00000 0.78714 0.00000 0.21286 ( 2)
 180 R   0.06174 0.72718 0.01444 0.19664 ( 2)
 181 L   0.82348 0.00162 0.17446 0.00044 ( 1)
 182 K   0.01646 0.77178 0.00305 0.20870 ( 2)
 183 C   0.00000 0.78714 0.00000 0.21286 ( 2)
 184 K   0.00015 0.78604 0.00125 0.21256 ( 2)
 185 I   0.40276 0.04597 0.53883 0.01243 ( 3)
 186 A   0.00000 0.78714 0.00000 0.21286 ( 2)
 187 E   0.00000 0.78714 0.00000 0.21286 ( 2)
 188 Y   0.83814 0.00001 0.16184 0.00000 ( 1)
 189 T   0.51685 0.27782 0.13021 0.07513 ( 1)
 190 D   0.85421 0.00036 0.14533 0.00010 ( 1)
 191 Y   0.45534 0.00042 0.54413 0.00011 ( 3)
 192 C   0.83543 0.00007 0.16448 0.00002 ( 1)
 193 E   0.00015 0.78644 0.00074 0.21267 ( 2)
 194 Y   0.00000 0.78714 0.00000 0.21286 ( 2)
 195 W   0.00061 0.78655 0.00015 0.21270 ( 2)
 196 Y   0.83817 0.00000 0.16183 0.00000 ( 1)
 197 Q   0.48289 0.31481 0.11716 0.08513 ( 1)
 198 A   0.00000 0.78714 0.00000 0.21286 ( 2)
 199 G   0.83880 0.00000 0.16120 0.00000 ( 1)
 200 L   0.82490 0.00028 0.17475 0.00008 ( 1)
 201 N   0.85332 0.00072 0.14577 0.00019 ( 1)
 202 Q   0.00789 0.77946 0.00187 0.21078 ( 2)
 203 I   0.84589 0.00156 0.15212 0.00042 ( 1)
 204 K   0.78637 0.00595 0.20607 0.00161 ( 1)
 205 Q   0.00000 0.78714 0.00000 0.21286 ( 2)
 206 A   0.00001 0.78712 0.00001 0.21285 ( 2)
 207 G   0.83789 0.00004 0.16206 0.00001 ( 1)
 208 T   0.01052 0.77727 0.00202 0.21019 ( 2)
 209 G   0.00128 0.78595 0.00024 0.21253 ( 2)
 210 A   0.81938 0.02007 0.15513 0.00543 ( 1)
 211 D   0.00000 0.78714 0.00000 0.21286 ( 2)
 212 T   0.00000 0.78714 0.00000 0.21286 ( 2)
 213 W   0.80035 0.00496 0.19334 0.00134 ( 1)
 214 A   0.00285 0.78438 0.00066 0.21211 ( 2)
 215 K   0.83660 0.00649 0.15515 0.00176 ( 1)
 216 F   0.84830 0.00000 0.15170 0.00000 ( 1)
 217 N   0.85448 0.00012 0.14537 0.00003 ( 1)
 218 K   0.00513 0.78236 0.00095 0.21156 ( 2)
 219 F   0.84824 0.00005 0.15170 0.00001 ( 1)
 220 R   0.82595 0.00028 0.17369 0.00008 ( 1)
 221 R   0.83639 0.00044 0.16305 0.00012 ( 1)
 222 E   0.84068 0.00182 0.15701 0.00049 ( 1)
 223 M   0.84220 0.00000 0.15780 0.00000 ( 1)
 224 T   0.81155 0.00000 0.18844 0.00000 ( 1)
 225 L   0.80610 0.00609 0.18616 0.00165 ( 1)
 226 T   0.00034 0.78681 0.00008 0.21277 ( 2)
 227 V   0.84054 0.00000 0.15946 0.00000 ( 1)
 228 L   0.81228 0.00011 0.18759 0.00003 ( 1)
 229 D   0.85363 0.00000 0.14637 0.00000 ( 1)
 230 I   0.84669 0.00096 0.15209 0.00026 ( 1)
 231 I   0.84108 0.00050 0.15828 0.00013 ( 1)
 232 A   0.24365 0.33421 0.33177 0.09038 ( 2)
 233 I   0.51072 0.31279 0.09191 0.08458 ( 1)
 234 F   0.84820 0.00009 0.15168 0.00002 ( 1)
 235 Q   0.81769 0.00842 0.17161 0.00228 ( 1)
 236 T   0.02717 0.76175 0.00509 0.20599 ( 2)


lnL = -8751.019351

