Supplemental results for CODEML (seqf: algn  treef: tree)


dN/dS (w) for site classes (K=4)

site class             0        1       2a       2b
proportion       0.63030  0.18151  0.14612  0.04208
background w     0.11653  1.00000  0.11653  1.00000
foreground w     0.11653  1.00000  1.00000  1.00000

Naive Empirical Bayes (NEB) probabilities for 4 classes
(amino acids refer to 1st sequence: BT_Cry8Ea2)

   1 -   0.63030 0.18151 0.14612 0.04208 ( 1)
   2 -   0.63030 0.18151 0.14612 0.04208 ( 1)
   3 -   0.63030 0.18151 0.14612 0.04208 ( 1)
   4 -   0.63030 0.18151 0.14612 0.04208 ( 1)
   5 -   0.63030 0.18151 0.14612 0.04208 ( 1)
   6 -   0.63030 0.18151 0.14612 0.04208 ( 1)
   7 -   0.63030 0.18151 0.14612 0.04208 ( 1)
   8 -   0.63030 0.18151 0.14612 0.04208 ( 1)
   9 -   0.63030 0.18151 0.14612 0.04208 ( 1)
  10 -   0.63030 0.18151 0.14612 0.04208 ( 1)
  11 -   0.63030 0.18151 0.14612 0.04208 ( 1)
  12 -   0.63030 0.18151 0.14612 0.04208 ( 1)
  13 -   0.63030 0.18151 0.14612 0.04208 ( 1)
  14 -   0.63030 0.18151 0.14612 0.04208 ( 1)
  15 -   0.63030 0.18151 0.14612 0.04208 ( 1)
  16 -   0.63030 0.18151 0.14612 0.04208 ( 1)
  17 -   0.63030 0.18151 0.14612 0.04208 ( 1)
  18 -   0.63030 0.18151 0.14612 0.04208 ( 1)
  19 -   0.63030 0.18151 0.14612 0.04208 ( 1)
  20 -   0.63030 0.18151 0.14612 0.04208 ( 1)
  21 -   0.63030 0.18151 0.14612 0.04208 ( 1)
  22 -   0.63030 0.18151 0.14612 0.04208 ( 1)
  23 -   0.63030 0.18151 0.14612 0.04208 ( 1)
  24 -   0.63030 0.18151 0.14612 0.04208 ( 1)
  25 -   0.63030 0.18151 0.14612 0.04208 ( 1)
  26 -   0.63030 0.18151 0.14612 0.04208 ( 1)
  27 -   0.63030 0.18151 0.14612 0.04208 ( 1)
  28 -   0.63030 0.18151 0.14612 0.04208 ( 1)
  29 E   0.82199 0.08740 0.07036 0.02026 ( 1)
  30 T   0.57089 0.21067 0.16960 0.04884 ( 1)
  31 K   0.09326 0.44517 0.35837 0.10320 ( 2)
  32 A   0.01988 0.48120 0.38737 0.11155 ( 2)
  33 Q   0.79837 0.09899 0.07969 0.02295 ( 1)
  34 L   0.97171 0.01389 0.01118 0.00322 ( 1)
  35 T   0.24977 0.36833 0.29651 0.08539 ( 2)
  36 R   0.26031 0.36316 0.29235 0.08419 ( 2)
  37 E   0.80123 0.09759 0.07856 0.02262 ( 1)
  38 V   0.74695 0.12424 0.10001 0.02880 ( 1)
  39 Y   0.37313 0.30777 0.24776 0.07135 ( 1)
  40 T   0.65265 0.17054 0.13728 0.03953 ( 1)
  41 D   0.87476 0.06149 0.04950 0.01425 ( 1)
  42 P   0.97117 0.01415 0.01139 0.00328 ( 1)
  43 I   0.05547 0.46373 0.37330 0.10750 ( 2)
  44 G   0.31935 0.33417 0.26901 0.07747 ( 2)
  45 A   0.11149 0.43622 0.35116 0.10112 ( 2)
  46 I   0.82769 0.08460 0.06810 0.01961 ( 1)
  47 G   0.06492 0.45908 0.36957 0.10642 ( 2)
  48 A   0.61201 0.19049 0.15334 0.04416 ( 1)
  49 Q   0.95298 0.02308 0.01858 0.00535 ( 1)
  50 G   0.95696 0.02113 0.01701 0.00490 ( 1)
  51 -   0.65531 0.16923 0.13623 0.03923 ( 1)
  52 -   0.73432 0.13044 0.10500 0.03024 ( 1)
  53 S   0.94693 0.02605 0.02097 0.00604 ( 1)
  54 W   0.88489 0.05652 0.04550 0.01310 ( 1)
  55 Y   0.95742 0.02091 0.01683 0.00485 ( 1)
  56 D   0.91985 0.03935 0.03168 0.00912 ( 1)
  57 S   0.07160 0.45581 0.36693 0.10566 ( 2)
  58 A   0.93420 0.03230 0.02600 0.00749 ( 1)
  59 P   0.96195 0.01868 0.01504 0.00433 ( 1)
  60 S   0.94693 0.02605 0.02097 0.00604 ( 1)
  61 F   0.94743 0.02581 0.02078 0.00598 ( 1)
  62 N   0.57987 0.20627 0.16605 0.04782 ( 1)
  63 T   0.71772 0.13859 0.11156 0.03213 ( 1)
  64 L   0.53045 0.23053 0.18558 0.05344 ( 1)
  65 E   0.95577 0.02172 0.01748 0.00503 ( 1)
  66 S   0.97159 0.01395 0.01123 0.00323 ( 1)
  67 T   0.51073 0.24021 0.19337 0.05569 ( 1)
  68 F   0.51166 0.23976 0.19301 0.05558 ( 1)
  69 I   0.70993 0.14241 0.11464 0.03301 ( 1)
  70 R   0.90333 0.04746 0.03821 0.01100 ( 1)
  71 G   0.12296 0.43059 0.34663 0.09982 ( 2)
  72 K   0.00716 0.48745 0.39240 0.11300 ( 2)
  73 H   0.96173 0.01879 0.01512 0.00436 ( 1)
  74 L   0.94659 0.02622 0.02111 0.00608 ( 1)
  75 F   0.98773 0.00602 0.00485 0.00140 ( 1)
  76 D   0.98719 0.00629 0.00506 0.00146 ( 1)
  77 F   0.82457 0.08613 0.06933 0.01997 ( 1)
  78 I   0.71979 0.13757 0.11075 0.03189 ( 1)
  79 T   0.97025 0.01461 0.01176 0.00339 ( 1)
  80 R   0.14220 0.42114 0.33902 0.09763 ( 2)
  81 L   0.77192 0.11198 0.09014 0.02596 ( 1)
  82 S   0.79238 0.10193 0.08206 0.02363 ( 1)
  83 I   0.60931 0.19181 0.15441 0.04447 ( 1)
  84 Y   0.98218 0.00875 0.00704 0.00203 ( 1)
  85 T   0.66568 0.16414 0.13213 0.03805 ( 1)
  86 G   0.78724 0.10446 0.08409 0.02422 ( 1)
  87 R   0.85255 0.07239 0.05827 0.01678 ( 1)
  88 S   0.98258 0.00855 0.00688 0.00198 ( 1)
  89 S   0.97363 0.01295 0.01042 0.00300 ( 1)
  90 F   0.14231 0.42109 0.33898 0.09762 ( 2)
  91 S   0.65634 0.16872 0.13582 0.03911 ( 1)
  92 A   0.71025 0.14225 0.11452 0.03298 ( 1)
  93 S   0.88960 0.05420 0.04363 0.01257 ( 1)
  94 N   0.89605 0.05103 0.04108 0.01183 ( 1)
  95 Y   0.97182 0.01383 0.01114 0.00321 ( 1)
  96 L   0.89985 0.04917 0.03958 0.01140 ( 1)
  97 K   0.85155 0.07288 0.05867 0.01690 ( 1)
  98 K   0.21566 0.38508 0.30999 0.08927 ( 2)
  99 W   0.91591 0.04128 0.03323 0.00957 ( 1)
 100 I   0.84117 0.07798 0.06278 0.01808 ( 1)
 101 G   0.91479 0.04183 0.03368 0.00970 ( 1)
 102 H   0.98938 0.00522 0.00420 0.00121 ( 1)
 103 Q   0.86059 0.06844 0.05510 0.01587 ( 1)
 104 I   0.81632 0.09018 0.07259 0.02091 ( 1)
 105 S   0.01758 0.48233 0.38828 0.11181 ( 2)
 106 -   0.63030 0.18151 0.14612 0.04208 ( 1)
 107 -   0.63030 0.18151 0.14612 0.04208 ( 1)
 108 -   0.63030 0.18151 0.14612 0.04208 ( 1)
 109 -   0.63030 0.18151 0.14612 0.04208 ( 1)
 110 S   0.04090 0.47088 0.37906 0.10916 ( 2)
 111 Q   0.22988 0.37810 0.30437 0.08765 ( 2)
 112 P   0.02993 0.47627 0.38340 0.11041 ( 2)
 113 I   0.70253 0.14605 0.11757 0.03386 ( 1)
 114 G   0.00022 0.49085 0.39514 0.11379 ( 2)
 115 G   0.39200 0.29850 0.24030 0.06920 ( 1)
 116 S   0.00604 0.48799 0.39284 0.11313 ( 2)
 117 I   0.84934 0.07397 0.05954 0.01715 ( 1)
 118 Q   0.15656 0.41410 0.33335 0.09600 ( 2)
 119 -   0.86908 0.06428 0.05174 0.01490 ( 1)
 120 T   0.06994 0.45662 0.36759 0.10585 ( 2)
 121 Q   0.00254 0.48971 0.39422 0.11353 ( 2)
 122 T   0.00178 0.49008 0.39452 0.11361 ( 2)
 123 Y   0.97537 0.01209 0.00973 0.00280 ( 1)
 124 G   0.24601 0.37018 0.29800 0.08581 ( 2)
 125 T   0.26872 0.35903 0.28902 0.08323 ( 2)
 126 T   0.27779 0.35458 0.28544 0.08220 ( 2)
 127 S   0.10332 0.44023 0.35439 0.10205 ( 2)
 128 G   0.06195 0.46055 0.37074 0.10676 ( 2)
 129 S   0.00163 0.49016 0.39458 0.11363 ( 2)
 130 S   0.63759 0.17793 0.14323 0.04125 ( 1)
 131 V   0.63823 0.17762 0.14298 0.04117 ( 1)
 132 I   0.06809 0.45753 0.36832 0.10606 ( 2)
 133 A   0.01031 0.48590 0.39115 0.11264 ( 2)
 134 T   0.95381 0.02268 0.01826 0.00526 ( 1)
 135 Q   0.01938 0.48145 0.38757 0.11161 ( 2)
 136 Q   0.02566 0.47836 0.38509 0.11089 ( 2)
 137 I   0.57678 0.20778 0.16727 0.04817 ( 1)
 138 G   0.09449 0.44457 0.35788 0.10306 ( 2)
 139 F   0.96663 0.01638 0.01319 0.00380 ( 1)
 140 T   0.48327 0.25369 0.20422 0.05881 ( 1)
 141 G   0.97602 0.01178 0.00948 0.00273 ( 1)
 142 F   0.98773 0.00602 0.00485 0.00140 ( 1)
 143 D   0.94849 0.02529 0.02036 0.00586 ( 1)
 144 V   0.97778 0.01091 0.00878 0.00253 ( 1)
 145 Y   0.98218 0.00875 0.00704 0.00203 ( 1)
 146 K   0.79726 0.09954 0.08013 0.02307 ( 1)
 147 T   0.00759 0.48723 0.39223 0.11295 ( 2)
 148 L   0.45923 0.26549 0.21373 0.06155 ( 1)
 149 S   0.90561 0.04634 0.03730 0.01074 ( 1)
 150 T   0.12333 0.43041 0.34648 0.09978 ( 2)
 151 A   0.96345 0.01795 0.01445 0.00416 ( 1)
 152 G   0.97377 0.01288 0.01037 0.00299 ( 1)
 153 V   0.97093 0.01427 0.01149 0.00331 ( 1)
 154 L   0.92724 0.03572 0.02876 0.00828 ( 1)
 155 F   0.85654 0.07043 0.05670 0.01633 ( 1)
 156 A   0.97741 0.01109 0.00893 0.00257 ( 1)
 157 Y   0.22071 0.38260 0.30800 0.08869 ( 2)
 158 T   0.97025 0.01461 0.01176 0.00339 ( 1)
 159 S   0.72208 0.13645 0.10984 0.03163 ( 1)
 160 K   0.85155 0.07288 0.05867 0.01690 ( 1)
 161 Y   0.92736 0.03567 0.02871 0.00827 ( 1)
 162 Y   0.89591 0.05110 0.04114 0.01185 ( 1)
 163 G   0.95309 0.02303 0.01854 0.00534 ( 1)
 164 V   0.12524 0.42947 0.34573 0.09956 ( 2)
 165 S   0.84989 0.07370 0.05933 0.01708 ( 1)
 166 K   0.06919 0.45699 0.36788 0.10594 ( 2)
 167 V   0.97778 0.01091 0.00878 0.00253 ( 1)
 168 V   0.00131 0.49032 0.39471 0.11366 ( 2)
 169 F   0.98773 0.00602 0.00485 0.00140 ( 1)
 170 D   0.08723 0.44813 0.36075 0.10389 ( 2)
 171 A   0.24640 0.36999 0.29784 0.08577 ( 2)
 172 I   0.81632 0.09018 0.07259 0.02091 ( 1)
 173 Y   0.02552 0.47843 0.38514 0.11091 ( 2)
 174 P   0.88002 0.05891 0.04742 0.01366 ( 1)
 175 D   0.07246 0.45538 0.36659 0.10557 ( 2)
 176 N   0.32907 0.32940 0.26517 0.07636 ( 2)
 177 K   0.13927 0.42258 0.34018 0.09796 ( 2)
 178 Y   0.47780 0.25638 0.20639 0.05943 ( 1)
 179 K   0.67665 0.15875 0.12780 0.03680 ( 1)
 180 T   0.21113 0.38730 0.31178 0.08978 ( 2)
 181 T   0.27402 0.35643 0.28693 0.08263 ( 2)
 182 F   0.46057 0.26484 0.21320 0.06139 ( 1)
 183 -   0.09796 0.44286 0.35651 0.10266 ( 2)
 184 -   0.85902 0.06921 0.05572 0.01605 ( 1)
 185 T   0.05218 0.46534 0.37460 0.10788 ( 2)
 186 Y   0.89591 0.05110 0.04114 0.01185 ( 1)
 187 N   0.09288 0.44536 0.35852 0.10324 ( 2)
 188 P   0.03217 0.47517 0.38251 0.11015 ( 2)
 189 G   0.03353 0.47450 0.38198 0.11000 ( 2)
 190 S   0.85104 0.07313 0.05887 0.01695 ( 1)
 191 E   0.66628 0.16384 0.13189 0.03798 ( 1)
 192 G   0.93992 0.02950 0.02374 0.00684 ( 1)
 193 I   0.98096 0.00935 0.00752 0.00217 ( 1)
 194 A   0.77548 0.11023 0.08874 0.02555 ( 1)
 195 A   0.27926 0.35386 0.28486 0.08203 ( 2)
 196 Q   0.97536 0.01210 0.00974 0.00280 ( 1)
 197 E   0.62531 0.18396 0.14809 0.04264 ( 1)
 198 K   0.95945 0.01991 0.01603 0.00462 ( 1)
 199 D   0.87362 0.06205 0.04995 0.01438 ( 1)
 200 S   0.94482 0.02709 0.02181 0.00628 ( 1)
 201 E   0.19848 0.39351 0.31678 0.09122 ( 2)
 202 V   0.89437 0.05186 0.04175 0.01202 ( 1)
 203 E   0.98116 0.00925 0.00745 0.00214 ( 1)
 204 L   0.94598 0.02652 0.02135 0.00615 ( 1)
 205 P   0.97805 0.01078 0.00868 0.00250 ( 1)
 206 P   0.52292 0.23423 0.18855 0.05430 ( 1)
 207 E   0.81352 0.09155 0.07370 0.02122 ( 1)
 208 T   0.70319 0.14572 0.11731 0.03378 ( 1)
 209 L   0.63500 0.17920 0.14426 0.04154 ( 1)
 210 D   0.33999 0.32404 0.26085 0.07512 ( 1)
 211 Q   0.14044 0.42201 0.33972 0.09783 ( 2)
 212 P   0.25830 0.36415 0.29314 0.08442 ( 2)
 213 N   0.12245 0.43084 0.34683 0.09988 ( 2)
 214 Y   0.98218 0.00875 0.00704 0.00203 ( 1)
 215 E   0.01742 0.48241 0.38834 0.11183 ( 2)
 216 A   0.78526 0.10543 0.08487 0.02444 ( 1)
 217 Y   0.98218 0.00875 0.00704 0.00203 ( 1)
 218 S   0.98258 0.00855 0.00688 0.00198 ( 1)
 219 H   0.98938 0.00522 0.00420 0.00121 ( 1)
 220 R   0.97883 0.01040 0.00837 0.00241 ( 1)
 221 L   0.92728 0.03570 0.02874 0.00828 ( 1)
 222 N   0.98694 0.00641 0.00516 0.00149 ( 1)
 223 Y   0.90968 0.04434 0.03570 0.01028 ( 1)
 224 V   0.88192 0.05797 0.04667 0.01344 ( 1)
 225 T   0.68088 0.15668 0.12613 0.03632 ( 1)
 226 F   0.42513 0.28224 0.22720 0.06543 ( 1)
 227 -   0.87430 0.06171 0.04968 0.01431 ( 1)
 228 -   0.82363 0.08659 0.06971 0.02007 ( 1)
 229 -   0.82240 0.08719 0.07019 0.02021 ( 1)
 230 -   0.87538 0.06118 0.04925 0.01418 ( 1)
 231 I   0.82750 0.08469 0.06818 0.01963 ( 1)
 232 R   0.93132 0.03372 0.02714 0.00782 ( 1)
 233 N   0.74893 0.12326 0.09923 0.02857 ( 1)
 234 P   0.45883 0.26569 0.21388 0.06159 ( 1)
 235 D   0.93062 0.03406 0.02742 0.00790 ( 1)
 236 V   0.96872 0.01536 0.01236 0.00356 ( 1)
 237 P   0.97805 0.01078 0.00868 0.00250 ( 1)
 238 V   0.96872 0.01536 0.01236 0.00356 ( 1)
 239 F   0.98773 0.00602 0.00485 0.00140 ( 1)
 240 S   0.97709 0.01125 0.00905 0.00261 ( 1)
 241 W   0.91591 0.04128 0.03323 0.00957 ( 1)
 242 T   0.37224 0.30821 0.24811 0.07145 ( 1)
 243 H   0.98938 0.00522 0.00420 0.00121 ( 1)
 244 R   0.83688 0.08009 0.06447 0.01857 ( 1)
 245 S   0.98989 0.00497 0.00400 0.00115 ( 1)


lnL = -2171.039627

