Supplemental results for CODEML (seqf: algn  treef: tree)


dN/dS (w) for site classes (K=4)

site class             0        1       2a       2b
proportion       0.10863  0.09146  0.43427  0.36564
background w     0.12676  0.79612  0.12676  0.79612
foreground w     0.12676  0.79612  0.08533  0.08533

Naive Empirical Bayes (NEB) probabilities for 4 classes
(amino acids refer to 1st sequence: BT_Cry18Aa1)

   1 -   0.19764 0.00019 0.80118 0.00098 ( 3)
   2 L   0.19830 0.00008 0.80121 0.00041 ( 3)
   3 Y   0.00009 0.95021 0.00017 0.04952 ( 2)
   4 V   0.19785 0.00088 0.79725 0.00402 ( 3)
   5 S   0.19406 0.00355 0.78502 0.01737 ( 3)
   6 T   0.19443 0.00390 0.78371 0.01796 ( 3)
   7 S   0.19554 0.00363 0.78518 0.01565 ( 3)
   8 A   0.19805 0.00002 0.80185 0.00009 ( 3)
   9 N   0.19792 0.00000 0.80206 0.00002 ( 3)
  10 L   0.19875 0.00028 0.79972 0.00125 ( 3)
  11 Y   0.19771 0.00056 0.79902 0.00270 ( 3)
  12 N   0.19650 0.00144 0.79502 0.00704 ( 3)
  13 I   0.07734 0.11112 0.31140 0.50014 ( 4)
  14 G   0.19818 0.00005 0.80151 0.00026 ( 3)
  15 D   0.26250 0.01386 0.71615 0.00750 ( 3)
  16 N   0.19506 0.00368 0.78484 0.01642 ( 3)
  17 K   0.00428 0.17809 0.01721 0.80042 ( 4)
  18 V   0.00009 0.19213 0.00037 0.80741 ( 4)
  19 N   0.05279 0.14138 0.21166 0.59417 ( 4)
  20 E   0.01515 0.16491 0.06106 0.75888 ( 4)
  21 G   0.18313 0.01487 0.73636 0.06563 ( 3)
  22 A   0.02321 0.16355 0.09329 0.71995 ( 4)
  23 Y   0.19796 0.00003 0.80188 0.00013 ( 3)
  24 P   0.19033 0.00750 0.76745 0.03472 ( 3)
  25 I   0.17088 0.02516 0.68863 0.11533 ( 3)
  26 S   0.09353 0.09799 0.37607 0.43241 ( 4)
  27 Y   0.02801 0.16049 0.11254 0.69896 ( 4)
  28 G   0.17884 0.01968 0.71763 0.08384 ( 3)
  29 P   0.19658 0.00222 0.79125 0.00996 ( 3)
  30 F   0.19798 0.00001 0.80195 0.00006 ( 3)
  31 F   0.19854 0.00048 0.79885 0.00213 ( 3)
  32 N   0.15719 0.03558 0.63539 0.17185 ( 3)
  33 S   0.19785 0.00030 0.80036 0.00149 ( 3)
  34 Y   0.19807 0.00028 0.80031 0.00134 ( 3)
  35 I   0.19726 0.00197 0.79224 0.00853 ( 3)
  36 Q   0.19866 0.00048 0.79877 0.00210 ( 3)
  37 T   0.19725 0.00072 0.79850 0.00354 ( 3)
  38 K   0.19782 0.00002 0.80207 0.00009 ( 3)
  39 S   0.14634 0.05170 0.58647 0.21548 ( 3)
  40 N   0.19783 0.00000 0.80214 0.00002 ( 3)
  41 Y   0.19830 0.00001 0.80161 0.00007 ( 3)
  42 V   0.13362 0.05763 0.53911 0.26964 ( 3)
  43 L   0.16690 0.02956 0.67155 0.13199 ( 3)
  44 S   0.05139 0.12568 0.20789 0.61504 ( 4)
  45 G   0.19182 0.00551 0.77581 0.02686 ( 3)
  46 V   0.00703 0.16473 0.02805 0.80020 ( 4)
  47 S   0.13057 0.05605 0.52928 0.28409 ( 3)
  48 G   0.19817 0.00006 0.80147 0.00030 ( 3)
  49 I   0.00004 0.16663 0.00018 0.83315 ( 4)
  50 G   0.06296 0.12794 0.25294 0.55616 ( 4)
  51 A   0.00000 0.17264 0.00000 0.82736 ( 4)
  52 R   0.00016 0.17000 0.00065 0.82919 ( 4)
  53 F   0.00000 0.21584 0.00000 0.78416 ( 4)
  54 T   0.00014 0.19029 0.00055 0.80901 ( 4)
  55 Y   0.18911 0.00965 0.75951 0.04174 ( 3)
  56 -   0.19286 0.00477 0.77942 0.02294 ( 3)
  57 -   0.00702 0.15839 0.02845 0.80614 ( 4)
  58 -   0.00078 0.16465 0.00316 0.83141 ( 4)
  59 S   0.00833 0.16306 0.03370 0.79491 ( 4)
  60 T   0.00381 0.16694 0.01540 0.81385 ( 4)
  61 V   0.02450 0.16047 0.09858 0.71644 ( 4)
  62 -   0.10863 0.09146 0.43427 0.36564 ( 3)
  63 -   0.10863 0.09146 0.43427 0.36564 ( 3)
  64 L   0.08884 0.10724 0.35607 0.44785 ( 4)
  65 G   0.19787 0.00032 0.80027 0.00154 ( 3)
  66 R   0.00000 0.16482 0.00000 0.83518 ( 4)
  67 Y   0.03057 0.14057 0.12384 0.70502 ( 4)
  68 L   0.13575 0.05648 0.54728 0.26049 ( 3)
  69 H   0.00525 0.17126 0.02118 0.80232 ( 4)
  70 D   0.01854 0.15616 0.07492 0.75039 ( 4)
  71 D   0.00001 0.18592 0.00005 0.81402 ( 4)
  72 L   0.18844 0.01043 0.75641 0.04471 ( 3)
  73 K   0.01416 0.15249 0.05743 0.77592 ( 4)
  74 N   0.00009 0.16658 0.00036 0.83297 ( 4)
  75 I   0.08099 0.11338 0.32489 0.48074 ( 4)
  76 I   0.05866 0.13197 0.23568 0.57369 ( 4)
  77 T   0.04009 0.13415 0.16228 0.66348 ( 4)
  78 T   0.19751 0.00027 0.80083 0.00139 ( 3)
  79 Y   0.19829 0.00003 0.80154 0.00014 ( 3)
  80 V   0.00165 0.18558 0.00664 0.80613 ( 4)
  81 G   0.19887 0.00017 0.80019 0.00077 ( 3)
  82 G   0.19464 0.00407 0.78314 0.01815 ( 3)
  83 T   0.04686 0.12826 0.18968 0.63520 ( 4)
  84 Q   0.00845 0.17727 0.03398 0.78030 ( 4)
  85 G   0.19709 0.00095 0.79731 0.00465 ( 3)
  86 P   0.19042 0.00671 0.77014 0.03273 ( 3)
  87 N   0.00000 0.19233 0.00000 0.80767 ( 4)
  88 I   0.19788 0.00066 0.79839 0.00307 ( 3)
  89 G   0.26685 0.00901 0.72010 0.00404 ( 3)
  90 V   0.00000 0.19213 0.00000 0.80787 ( 4)
  91 Q   0.07989 0.12020 0.31940 0.48051 ( 4)
  92 L   0.19209 0.00800 0.76793 0.03198 ( 3)
  93 S   0.16595 0.03414 0.66343 0.13648 ( 3)
  94 T   0.15366 0.04643 0.61428 0.18563 ( 3)
  95 T   0.13940 0.06069 0.55727 0.24264 ( 3)
  96 E   0.15495 0.04514 0.61946 0.18046 ( 3)
  97 L   0.12678 0.07331 0.50685 0.29306 ( 3)
  98 D   0.17083 0.02926 0.68292 0.11699 ( 3)
  99 E   0.01454 0.18554 0.05814 0.74177 ( 4)
 100 L   0.04843 0.15166 0.19362 0.60629 ( 4)
 101 K   0.10863 0.09146 0.43427 0.36564 ( 3)
 102 K   0.01281 0.18728 0.05119 0.74872 ( 4)
 103 Q   0.05651 0.14358 0.22593 0.57398 ( 4)
 104 Q   0.14284 0.05725 0.57106 0.22885 ( 3)
 105 Q   0.14284 0.05725 0.57106 0.22885 ( 3)
 106 A   0.16851 0.03158 0.67365 0.12626 ( 3)
 107 T   0.04458 0.15551 0.17823 0.62168 ( 4)
 108 R   0.01088 0.18921 0.04350 0.75641 ( 4)
 109 D   0.08461 0.11548 0.33827 0.46164 ( 4)
 110 S   0.00218 0.19791 0.00872 0.79119 ( 4)
 111 L   0.03415 0.16594 0.13654 0.66337 ( 4)
 112 V   0.00000 0.16627 0.00000 0.83372 ( 4)
 113 D   0.00004 0.16433 0.00018 0.83545 ( 4)
 114 F   0.00035 0.19197 0.00140 0.80628 ( 4)
 115 Q   0.00035 0.16392 0.00144 0.83429 ( 4)
 116 F   0.00004 0.19054 0.00016 0.80926 ( 4)
 117 F   0.12305 0.07143 0.49440 0.31111 ( 3)
 118 T   0.19188 0.00514 0.77725 0.02574 ( 3)
 119 L   0.04718 0.12505 0.19131 0.63645 ( 4)
 120 N   0.00931 0.18230 0.03736 0.77103 ( 4)
 121 C   0.00210 0.18516 0.00842 0.80433 ( 4)
 122 M   0.00855 0.18345 0.03427 0.77374 ( 4)
 123 L   0.00020 0.19102 0.00078 0.80800 ( 4)
 124 P   0.00023 0.19209 0.00090 0.80678 ( 4)
 125 N   0.12989 0.05940 0.52491 0.28580 ( 3)
 126 P   0.19778 0.00051 0.79927 0.00244 ( 3)
 127 I   0.10461 0.08683 0.42092 0.38764 ( 3)
 128 T   0.00001 0.18512 0.00002 0.81485 ( 4)
 129 A   0.15547 0.03881 0.62676 0.17895 ( 3)
 130 P   0.19580 0.00292 0.78813 0.01314 ( 3)
 131 Y   0.19760 0.00033 0.80041 0.00166 ( 3)
 132 F   0.18829 0.00832 0.76222 0.04118 ( 3)
 133 A   0.19671 0.00180 0.79314 0.00835 ( 3)
 134 T   0.19376 0.00343 0.78542 0.01739 ( 3)
 135 S   0.01958 0.17147 0.07855 0.73041 ( 4)
 136 L   0.18791 0.01163 0.75255 0.04792 ( 3)
 137 Y   0.18991 0.00680 0.76927 0.03402 ( 3)
 138 E   0.17985 0.01797 0.72308 0.07910 ( 3)
 139 S   0.05954 0.11909 0.24082 0.58055 ( 4)
 140 R   0.00001 0.17811 0.00002 0.82187 ( 4)
 141 -   0.19606 0.00163 0.79417 0.00814 ( 3)
 142 -   0.03726 0.15533 0.14945 0.65796 ( 4)
 143 -   0.01887 0.17059 0.07575 0.73479 ( 4)
 144 Y   0.00111 0.19054 0.00447 0.80388 ( 4)
 145 S   0.00185 0.16656 0.00748 0.82411 ( 4)
 146 S   0.00025 0.16754 0.00100 0.83122 ( 4)
 147 I   0.00049 0.18993 0.00198 0.80760 ( 4)
 148 G   0.00000 0.17348 0.00000 0.82652 ( 4)
 149 G   0.00252 0.18921 0.01012 0.79814 ( 4)
 150 Y   0.19226 0.00464 0.77953 0.02358 ( 3)
 151 L   0.01954 0.17150 0.07840 0.73056 ( 4)
 152 R   0.00045 0.19177 0.00180 0.80599 ( 4)
 153 K   0.11006 0.07948 0.44370 0.36676 ( 3)
 154 D   0.13176 0.05998 0.53121 0.27705 ( 3)
 155 V   0.00030 0.19116 0.00118 0.80736 ( 4)
 156 F   0.19799 0.00001 0.80198 0.00003 ( 3)
 157 K   0.00001 0.18475 0.00004 0.81521 ( 4)
 158 S   0.13350 0.05861 0.53820 0.26969 ( 3)
 159 E   0.17701 0.01760 0.71710 0.08829 ( 3)
 160 D   0.00112 0.18238 0.00452 0.81197 ( 4)
 161 S   0.20337 0.13663 0.55653 0.10348 ( 3)
 162 T   0.02082 0.16386 0.08376 0.73157 ( 4)
 163 C   0.01344 0.17443 0.05398 0.75816 ( 4)
 164 G   0.00482 0.16702 0.01948 0.80868 ( 4)
 165 L   0.17043 0.02388 0.68927 0.11642 ( 3)
 166 G   0.12656 0.06053 0.51240 0.30050 ( 3)
 167 -   0.15669 0.04340 0.62639 0.17352 ( 3)
 168 -   0.08076 0.11933 0.32287 0.47704 ( 4)
 169 -   0.10863 0.09146 0.43427 0.36564 ( 3)
 170 -   0.10863 0.09146 0.43427 0.36564 ( 3)
 171 -   0.10863 0.09146 0.43427 0.36564 ( 3)
 172 -   0.10863 0.09146 0.43427 0.36564 ( 3)
 173 -   0.18939 0.00723 0.76718 0.03620 ( 3)
 174 -   0.00002 0.18510 0.00010 0.81478 ( 4)
 175 N   0.00318 0.18769 0.01277 0.79636 ( 4)
 176 P   0.02353 0.15427 0.09498 0.72721 ( 4)
 177 G   0.11449 0.07776 0.46065 0.34710 ( 3)
 178 A   0.15788 0.03317 0.64016 0.16880 ( 3)
 179 W   0.00227 0.18301 0.00911 0.80561 ( 4)
 180 T   0.19718 0.00197 0.79224 0.00860 ( 3)
 181 S   0.19301 0.00459 0.78021 0.02219 ( 3)
 182 Y   0.02189 0.16710 0.08793 0.72307 ( 4)
 183 P   0.19790 0.00101 0.79658 0.00452 ( 3)
 184 D   0.19796 0.00003 0.80186 0.00015 ( 3)
 185 Y   0.19830 0.00001 0.80161 0.00007 ( 3)
 186 Y   0.19791 0.00007 0.80167 0.00036 ( 3)
 187 I   0.19923 0.00020 0.79969 0.00088 ( 3)
 188 T   0.19276 0.00511 0.77805 0.02409 ( 3)
 189 N   0.19783 0.00001 0.80214 0.00003 ( 3)
 190 I   0.19790 0.00001 0.80205 0.00005 ( 3)
 191 S   0.19817 0.00003 0.80167 0.00013 ( 3)
 192 A   0.19646 0.00308 0.78754 0.01292 ( 3)
 193 T   0.19691 0.00100 0.79712 0.00497 ( 3)
 194 V   0.09941 0.08583 0.40176 0.41300 ( 4)
 195 Q   0.01227 0.17172 0.04938 0.76664 ( 4)
 196 I   0.00017 0.16785 0.00071 0.83127 ( 4)
 197 N   0.00470 0.16140 0.01903 0.81487 ( 4)
 198 G   0.09800 0.09006 0.39515 0.41679 ( 4)
 199 E   0.03857 0.58450 0.10432 0.27261 ( 2)
 200 N   0.08994 0.09743 0.36259 0.45004 ( 4)
 201 T   0.19256 0.00457 0.78000 0.02287 ( 3)
 202 D   0.18813 0.01052 0.75571 0.04565 ( 3)
 203 T   0.00016 0.17798 0.00065 0.82122 ( 4)
 204 T   0.16907 0.02652 0.68170 0.12272 ( 3)
 205 P   0.19694 0.00265 0.78933 0.01107 ( 3)
 206 L   0.19861 0.00041 0.79914 0.00183 ( 3)
 207 Y   0.00910 0.18189 0.03650 0.77252 ( 4)
 208 F   0.19749 0.00072 0.79830 0.00349 ( 3)
 209 K   0.14933 0.04681 0.59997 0.20389 ( 3)
 210 E   0.18258 0.01539 0.73412 0.06791 ( 3)
 211 N   0.07929 0.10578 0.31992 0.49500 ( 4)
 212 R   0.19865 0.00006 0.80099 0.00030 ( 3)
 213 P   0.15767 0.03334 0.63929 0.16970 ( 3)
 214 I   0.19744 0.00105 0.79662 0.00489 ( 3)
 215 T   0.00735 0.65290 0.01993 0.31982 ( 2)
 216 S   0.00074 0.16418 0.00299 0.83210 ( 4)
 217 T   0.19501 0.00291 0.78809 0.01399 ( 3)
 218 R   0.00011 0.19341 0.00042 0.80606 ( 4)
 219 -   0.10863 0.09146 0.43427 0.36564 ( 3)
 220 -   0.10863 0.09146 0.43427 0.36564 ( 3)
 221 -   0.10863 0.09146 0.43427 0.36564 ( 3)
 222 -   0.11366 0.07853 0.45730 0.35051 ( 3)
 223 -   0.18843 0.00925 0.75963 0.04269 ( 3)
 224 -   0.06094 0.11920 0.24628 0.57358 ( 4)
 225 -   0.06523 0.11420 0.26384 0.55673 ( 4)
 226 -   0.02855 0.15678 0.11486 0.69981 ( 4)
 227 G   0.00010 0.17944 0.00040 0.82006 ( 4)
 228 V   0.16129 0.03748 0.64610 0.15513 ( 3)
 229 N   0.18709 0.01188 0.75059 0.05044 ( 3)
 230 K   0.03038 0.14526 0.12282 0.70153 ( 4)
 231 V   0.00392 0.18829 0.01572 0.79207 ( 4)
 232 I   0.19766 0.00105 0.79646 0.00483 ( 3)
 233 A   0.19034 0.00673 0.77001 0.03292 ( 3)
 234 -   0.17192 0.02665 0.68934 0.11208 ( 3)
 235 -   0.19783 0.00047 0.79945 0.00225 ( 3)
 236 -   0.19882 0.00044 0.79882 0.00192 ( 3)
 237 -   0.18971 0.00806 0.76493 0.03730 ( 3)


lnL = -5779.268143

