Supplemental results for CODEML (seqf: algn  treef: tree)


dN/dS (w) for site classes (K=4)

site class             0        1       2a       2b
proportion       0.39163  0.35653  0.13183  0.12001
background w     0.12168  1.56233  0.12168  1.56233
foreground w     0.12168  1.56233 24.54184 24.54184

Naive Empirical Bayes (NEB) probabilities for 4 classes
(amino acids refer to 1st sequence: BT_Cry30Da1)

   1 -   0.59769 0.15048 0.20118 0.05065 ( 1)
   2 -   0.18926 0.55891 0.06371 0.18813 ( 2)
   3 -   0.73853 0.00964 0.24859 0.00324 ( 1)
   4 R   0.97271 0.00014 0.02712 0.00003 ( 1)
   5 I   0.96757 0.00012 0.03228 0.00003 ( 1)
   6 T   0.97037 0.00015 0.02945 0.00003 ( 1)
   7 Q   0.97688 0.01376 0.00815 0.00122 ( 1)
   8 I   0.77333 0.16138 0.03586 0.02943 ( 1)
   9 P   0.99027 0.00017 0.00955 0.00001 ( 1)
  10 A   0.93032 0.00898 0.05816 0.00253 ( 1)
  11 V   0.95980 0.00885 0.02919 0.00216 ( 1)
  12 K   0.97928 0.00002 0.02070 0.00000 ( 1)
  13 A   0.96328 0.01482 0.01868 0.00322 ( 1)
  14 H   0.82191 0.12117 0.02708 0.02984 ( 1)
  15 Y   0.00000 0.78952 0.00000 0.21047 ( 2)
  16 L   0.09388 0.52136 0.20478 0.17997 ( 2)
  17 S   0.22178 0.61972 0.00475 0.15375 ( 2)
  18 A   0.00055 0.70160 0.00041 0.29744 ( 2)
  19 T   0.00907 0.78808 0.00104 0.20180 ( 2)
  20 A   0.10210 0.48016 0.24547 0.17227 ( 2)
  21 K   0.04147 0.46996 0.36611 0.12247 ( 2)
  22 V   0.97320 0.00004 0.02675 0.00001 ( 1)
  23 I   0.97520 0.00013 0.02465 0.00002 ( 1)
  24 A   0.14321 0.51309 0.11683 0.22686 ( 2)
  25 G   0.00422 0.00009 0.99561 0.00008 ( 3)
  26 P   0.00300 0.00002 0.99696 0.00002 ( 3)
  27 G   0.98391 0.00002 0.01607 0.00000 ( 1)
  28 H   0.10550 0.21957 0.56114 0.11379 ( 3)
  29 T   0.00677 0.02514 0.94192 0.02617 ( 3)
  30 G   0.99211 0.00000 0.00788 0.00000 ( 1)
  31 G   0.99112 0.00058 0.00829 0.00001 ( 1)
  32 D   0.94126 0.02475 0.02811 0.00589 ( 1)
  33 L   0.80424 0.00226 0.19308 0.00042 ( 1)
  34 V   0.85311 0.00431 0.14180 0.00078 ( 1)
  35 A   0.00923 0.23248 0.62546 0.13283 ( 3)
  36 L   0.03385 0.46264 0.30474 0.19877 ( 2)
  37 I   0.58104 0.34609 0.01006 0.06281 ( 1)
  38 -   0.39163 0.35653 0.13183 0.12001 ( 1)
  39 -   0.39163 0.35653 0.13183 0.12001 ( 1)
  40 -   0.39163 0.35653 0.13183 0.12001 ( 1)
  41 -   0.39163 0.35653 0.13183 0.12001 ( 1)
  42 N   0.14810 0.24009 0.52844 0.08337 ( 3)
  43 D   0.33897 0.46587 0.07389 0.12127 ( 2)
  44 G   0.35156 0.48291 0.02760 0.13794 ( 2)
  45 S   0.00004 0.66881 0.00207 0.32907 ( 2)
  46 R   0.00071 0.75163 0.00044 0.24723 ( 2)
  47 T   0.01060 0.44294 0.39482 0.15164 ( 2)
  48 G   0.25622 0.41934 0.20512 0.11932 ( 2)
  49 S   0.09198 0.68400 0.01031 0.21371 ( 2)
  50 M   0.64026 0.27638 0.03691 0.04644 ( 1)
  51 N   0.00003 0.79202 0.00078 0.20716 ( 2)
  52 I   0.91120 0.04418 0.03344 0.01118 ( 1)
  53 E   0.10921 0.67418 0.03525 0.18136 ( 2)
  54 C   0.00799 0.00856 0.97302 0.01042 ( 3)
  55 K   0.02539 0.00949 0.96068 0.00444 ( 3)
  56 T   0.20099 0.54519 0.13299 0.12083 ( 2)
  57 G   0.00780 0.73533 0.01102 0.24584 ( 2)
  58 S   0.00013 0.65506 0.00133 0.34348 ( 2)
  59 F   0.00047 0.58642 0.00428 0.40883 ( 2)
  60 T   0.38733 0.43357 0.06076 0.11834 ( 2)
  61 Q   0.42845 0.31972 0.14422 0.10762 ( 1)
  62 P   0.43921 0.30895 0.14784 0.10399 ( 1)
  63 S   0.00017 0.73361 0.00008 0.26614 ( 2)
  64 R   0.03280 0.57811 0.13338 0.25571 ( 2)
  65 R   0.85286 0.10652 0.02027 0.02035 ( 1)
  66 F   0.97778 0.00023 0.02197 0.00002 ( 1)
  67 G   0.01050 0.73015 0.03323 0.22611 ( 2)
  68 L   0.08619 0.51917 0.21277 0.18187 ( 2)
  69 R   0.98787 0.00005 0.01208 0.00001 ( 1)
  70 M   0.96894 0.00023 0.03077 0.00005 ( 1)
  71 R   0.54721 0.00018 0.45251 0.00011 ( 1)
  72 Y   0.98591 0.00001 0.01408 0.00000 ( 1)
  73 A   0.97581 0.00012 0.02405 0.00002 ( 1)
  74 E   0.94155 0.03371 0.01916 0.00559 ( 1)
  75 N   0.96982 0.00081 0.02922 0.00015 ( 1)
  76 N   0.02279 0.43968 0.39644 0.14109 ( 2)
  77 Q   0.03030 0.67537 0.12401 0.17033 ( 2)
  78 F   0.70279 0.25501 0.00784 0.03437 ( 1)
  79 S   0.00209 0.48757 0.13054 0.37980 ( 2)
  80 V   0.99022 0.00007 0.00970 0.00001 ( 1)
  81 S   0.03653 0.79807 0.00822 0.15718 ( 2)
  82 I   0.14502 0.40868 0.31407 0.13223 ( 2)
  83 L   0.00000 0.74086 0.00000 0.25913 ( 2)
  84 R   0.00123 0.78911 0.00234 0.20731 ( 2)
  85 D   0.00012 0.74804 0.00004 0.25179 ( 2)
  86 N   0.00001 0.74815 0.00000 0.25183 ( 2)
  87 Q   0.02906 0.71910 0.00978 0.24205 ( 2)
  88 -   0.39163 0.35653 0.13183 0.12001 ( 1)
  89 G   0.00229 0.69653 0.00475 0.29643 ( 2)
  90 V   0.00118 0.76849 0.00025 0.23009 ( 2)
  91 G   0.04001 0.69232 0.05356 0.21411 ( 2)
  92 T   0.00004 0.76045 0.00004 0.23947 ( 2)
  93 F   0.00051 0.09381 0.83547 0.07022 ( 3)
  94 N   0.00220 0.67136 0.00039 0.32605 ( 2)
  95 I   0.00010 0.81061 0.00003 0.18926 ( 2)
  96 E   0.04869 0.65209 0.00655 0.29267 ( 2)
  97 R   0.92051 0.05780 0.01194 0.00975 ( 1)
  98 T   0.15286 0.51648 0.12200 0.20866 ( 2)
  99 F   0.97912 0.00300 0.01745 0.00044 ( 1)
 100 S   0.96922 0.00126 0.02935 0.00017 ( 1)
 101 R   0.98982 0.00544 0.00440 0.00034 ( 1)
 102 T   0.12067 0.14695 0.66300 0.06939 ( 3)
 103 N   0.46815 0.28002 0.15758 0.09425 ( 1)
 104 N   0.46815 0.28002 0.15758 0.09425 ( 1)
 105 I   0.45030 0.29787 0.15157 0.10026 ( 1)
 106 I   0.00415 0.55154 0.07327 0.37104 ( 2)
 107 P   0.96693 0.01579 0.01469 0.00259 ( 1)
 108 T   0.00619 0.69483 0.00488 0.29410 ( 2)
 109 D   0.00934 0.73773 0.04309 0.20984 ( 2)
 110 L   0.54428 0.01316 0.43815 0.00441 ( 1)
 111 K   0.69718 0.00401 0.29807 0.00074 ( 1)
 112 Y   0.98554 0.00019 0.01424 0.00003 ( 1)
 113 N   0.96940 0.00292 0.02698 0.00071 ( 1)
 114 E   0.80486 0.17589 0.01450 0.00475 ( 1)
 115 F   0.98742 0.00000 0.01257 0.00000 ( 1)
 116 K   0.55951 0.14009 0.27217 0.02822 ( 1)
 117 Y   0.98538 0.00001 0.01461 0.00000 ( 1)
 118 N   0.00830 0.69718 0.04313 0.25139 ( 2)
 119 N   0.02905 0.43853 0.38581 0.14661 ( 2)
 120 Y   0.44468 0.30349 0.14968 0.10216 ( 1)
 121 D   0.01953 0.24518 0.64534 0.08995 ( 3)
 122 E   0.00239 0.73400 0.01250 0.25111 ( 2)
 123 I   0.01371 0.29435 0.56504 0.12690 ( 3)
 124 T   0.00088 0.84066 0.00181 0.15665 ( 2)
 125 M   0.06692 0.70175 0.03779 0.19354 ( 2)
 126 D   0.01776 0.80241 0.00074 0.17909 ( 2)
 127 L   0.00003 0.78774 0.00009 0.21215 ( 2)
 128 P   0.00043 0.70259 0.00339 0.29359 ( 2)
 129 P   0.00002 0.77160 0.00012 0.22826 ( 2)
 130 N   0.00776 0.73514 0.00779 0.24931 ( 2)
 131 K   0.01347 0.20097 0.70081 0.08476 ( 3)
 132 I   0.94216 0.00201 0.05523 0.00060 ( 1)
 133 I   0.00005 0.64340 0.00043 0.35612 ( 2)
 134 D   0.00032 0.67366 0.00041 0.32561 ( 2)
 135 -   0.17884 0.56932 0.06020 0.19164 ( 2)
 136 -   0.07809 0.67008 0.02628 0.22555 ( 2)
 137 -   0.42480 0.32337 0.14299 0.10885 ( 1)
 138 I   0.15767 0.58339 0.08309 0.17585 ( 2)
 139 R   0.00020 0.79162 0.00147 0.20671 ( 2)
 140 I   0.01594 0.70039 0.00814 0.27553 ( 2)
 141 Q   0.12733 0.63776 0.06440 0.17052 ( 2)
 142 Q   0.00023 0.67047 0.00762 0.32168 ( 2)
 143 T   0.81603 0.11689 0.04034 0.02673 ( 1)
 144 N   0.00212 0.72617 0.00698 0.26473 ( 2)
 145 S   0.02847 0.71970 0.00958 0.24225 ( 2)
 146 L   0.00173 0.69041 0.00829 0.29957 ( 2)
 147 S   0.10594 0.64447 0.03074 0.21885 ( 2)
 148 I   0.00001 0.71762 0.00004 0.28233 ( 2)
 149 N   0.10997 0.68396 0.04404 0.16203 ( 2)
 150 Q   0.64122 0.16742 0.14199 0.04937 ( 1)
 151 F   0.37649 0.41742 0.11982 0.08628 ( 2)
 152 I   0.83018 0.14721 0.01823 0.00438 ( 1)
 153 I   0.93727 0.00939 0.05045 0.00288 ( 1)
 154 D   0.97782 0.00001 0.02217 0.00000 ( 1)
 155 R   0.94746 0.01165 0.03847 0.00242 ( 1)
 156 I   0.26085 0.03648 0.69524 0.00744 ( 3)
 157 E   0.97386 0.00002 0.02612 0.00000 ( 1)
 158 F   0.98067 0.00016 0.01915 0.00001 ( 1)
 159 Y   0.93271 0.02722 0.03429 0.00579 ( 1)
 160 P   0.98476 0.00274 0.01185 0.00065 ( 1)


lnL = -2943.161383

