Supplemental results for CODEML (seqf: algn  treef: tree)


dN/dS (w) for site classes (K=4)

site class             0        1       2a       2b
proportion       0.68072  0.31928  0.00000  0.00000
background w     0.09167  1.00000  0.09167  1.00000
foreground w     0.09167  1.00000  1.00000  1.00000

Naive Empirical Bayes (NEB) probabilities for 4 classes
(amino acids refer to 1st sequence: BT_Cry1Ba1)

   1 N   0.52349 0.47651 0.00000 0.00000 ( 1)
   2 T   0.96419 0.03581 0.00000 0.00000 ( 1)
   3 S   0.46277 0.53723 0.00000 0.00000 ( 2)
   4 A   0.68419 0.31581 0.00000 0.00000 ( 1)
   5 Q   0.98045 0.01955 0.00000 0.00000 ( 1)
   6 L   0.98412 0.01588 0.00000 0.00000 ( 1)
   7 T   0.99841 0.00159 0.00000 0.00000 ( 1)
   8 R   0.99654 0.00346 0.00000 0.00000 ( 1)
   9 E   0.97834 0.02166 0.00000 0.00000 ( 1)
  10 V   0.83034 0.16966 0.00000 0.00000 ( 1)
  11 Y   0.99769 0.00231 0.00000 0.00000 ( 1)
  12 T   0.99841 0.00159 0.00000 0.00000 ( 1)
  13 D   0.87309 0.12691 0.00000 0.00000 ( 1)
  14 A   0.72423 0.27577 0.00000 0.00000 ( 1)
  15 I   0.99922 0.00078 0.00000 0.00000 ( 1)
  16 G   0.96289 0.03711 0.00000 0.00000 ( 1)
  17 A   0.10136 0.89864 0.00000 0.00000 ( 2)
  18 T   0.74508 0.25492 0.00000 0.00000 ( 1)
  19 G   0.01559 0.98441 0.00000 0.00000 ( 2)
  20 V   0.45473 0.54527 0.00000 0.00000 ( 2)
  21 N   0.00030 0.99970 0.00000 0.00000 ( 2)
  22 -   0.00019 0.99981 0.00000 0.00000 ( 2)
  23 -   0.00328 0.99672 0.00000 0.00000 ( 2)
  24 M   0.32485 0.67515 0.00000 0.00000 ( 2)
  25 A   0.29401 0.70599 0.00000 0.00000 ( 2)
  26 S   0.99335 0.00665 0.00000 0.00000 ( 1)
  27 M   0.79324 0.20676 0.00000 0.00000 ( 1)
  28 N   0.98939 0.01061 0.00000 0.00000 ( 1)
  29 W   0.93057 0.06943 0.00000 0.00000 ( 1)
  30 Y   0.76549 0.23451 0.00000 0.00000 ( 1)
  31 -   0.68072 0.31928 0.00000 0.00000 ( 1)
  32 -   0.68072 0.31928 0.00000 0.00000 ( 1)
  33 N   0.99960 0.00040 0.00000 0.00000 ( 1)
  34 N   0.99960 0.00040 0.00000 0.00000 ( 1)
  35 N   0.99960 0.00040 0.00000 0.00000 ( 1)
  36 A   0.98155 0.01845 0.00000 0.00000 ( 1)
  37 P   0.99774 0.00226 0.00000 0.00000 ( 1)
  38 S   0.93499 0.06501 0.00000 0.00000 ( 1)
  39 F   0.99429 0.00571 0.00000 0.00000 ( 1)
  40 S   0.99616 0.00384 0.00000 0.00000 ( 1)
  41 A   0.01981 0.98019 0.00000 0.00000 ( 2)
  42 I   0.99917 0.00083 0.00000 0.00000 ( 1)
  43 E   0.97745 0.02255 0.00000 0.00000 ( 1)
  44 A   0.32158 0.67842 0.00000 0.00000 ( 2)
  45 A   0.98629 0.01371 0.00000 0.00000 ( 1)
  46 A   0.26927 0.73073 0.00000 0.00000 ( 2)
  47 I   0.01865 0.98135 0.00000 0.00000 ( 2)
  48 R   0.97386 0.02614 0.00000 0.00000 ( 1)
  49 S   0.00004 0.99996 0.00000 0.00000 ( 2)
  50 P   0.96467 0.03533 0.00000 0.00000 ( 1)
  51 H   0.99864 0.00136 0.00000 0.00000 ( 1)
  52 L   0.98816 0.01184 0.00000 0.00000 ( 1)
  53 L   0.99572 0.00428 0.00000 0.00000 ( 1)
  54 D   0.99942 0.00058 0.00000 0.00000 ( 1)
  55 F   0.99893 0.00107 0.00000 0.00000 ( 1)
  56 L   0.49651 0.50349 0.00000 0.00000 ( 2)
  57 E   0.99835 0.00165 0.00000 0.00000 ( 1)
  58 Q   0.51440 0.48560 0.00000 0.00000 ( 1)
  59 L   0.97354 0.02646 0.00000 0.00000 ( 1)
  60 T   0.97438 0.02562 0.00000 0.00000 ( 1)
  61 I   0.99922 0.00078 0.00000 0.00000 ( 1)
  62 F   0.14315 0.85685 0.00000 0.00000 ( 2)
  63 S   0.96971 0.03029 0.00000 0.00000 ( 1)
  64 A   0.00025 0.99975 0.00000 0.00000 ( 2)
  65 S   0.86210 0.13790 0.00000 0.00000 ( 1)
  66 S   0.64887 0.35113 0.00000 0.00000 ( 1)
  67 R   0.97157 0.02843 0.00000 0.00000 ( 1)
  68 W   0.93057 0.06943 0.00000 0.00000 ( 1)
  69 S   0.99939 0.00061 0.00000 0.00000 ( 1)
  70 N   0.05415 0.94585 0.00000 0.00000 ( 2)
  71 T   0.99893 0.00107 0.00000 0.00000 ( 1)
  72 R   0.51076 0.48924 0.00000 0.00000 ( 1)
  73 H   0.71275 0.28725 0.00000 0.00000 ( 1)
  74 M   0.99743 0.00257 0.00000 0.00000 ( 1)
  75 T   0.99335 0.00665 0.00000 0.00000 ( 1)
  76 Y   0.05867 0.94133 0.00000 0.00000 ( 2)
  77 W   0.93057 0.06943 0.00000 0.00000 ( 1)
  78 R   0.00020 0.99980 0.00000 0.00000 ( 2)
  79 G   0.99244 0.00756 0.00000 0.00000 ( 1)
  80 H   0.99758 0.00242 0.00000 0.00000 ( 1)
  81 T   0.12062 0.87938 0.00000 0.00000 ( 2)
  82 I   0.96801 0.03199 0.00000 0.00000 ( 1)
  83 Q   0.02241 0.97759 0.00000 0.00000 ( 2)
  84 S   0.01434 0.98566 0.00000 0.00000 ( 2)
  85 R   0.92122 0.07878 0.00000 0.00000 ( 1)
  86 P   0.17442 0.82558 0.00000 0.00000 ( 2)
  87 I   0.99917 0.00083 0.00000 0.00000 ( 1)
  88 G   0.06288 0.93712 0.00000 0.00000 ( 2)
  89 G   0.96335 0.03665 0.00000 0.00000 ( 1)
  90 G   0.00001 0.99999 0.00000 0.00000 ( 2)
  91 L   0.87567 0.12433 0.00000 0.00000 ( 1)
  92 N   0.89636 0.10364 0.00000 0.00000 ( 1)
  93 T   0.50034 0.49966 0.00000 0.00000 ( 1)
  94 S   0.88398 0.11602 0.00000 0.00000 ( 1)
  95 T   0.99718 0.00282 0.00000 0.00000 ( 1)
  96 H   0.47088 0.52912 0.00000 0.00000 ( 2)
  97 G   0.99282 0.00718 0.00000 0.00000 ( 1)
  98 A   0.00000 1.00000 0.00000 0.00000 ( 2)
  99 T   0.96186 0.03814 0.00000 0.00000 ( 1)
 100 -   0.68305 0.31695 0.00000 0.00000 ( 1)
 101 N   0.99960 0.00040 0.00000 0.00000 ( 1)
 102 T   0.98555 0.01445 0.00000 0.00000 ( 1)
 103 S   0.97041 0.02959 0.00000 0.00000 ( 1)
 104 I   0.99922 0.00078 0.00000 0.00000 ( 1)
 105 N   0.99366 0.00634 0.00000 0.00000 ( 1)
 106 P   0.99739 0.00261 0.00000 0.00000 ( 1)
 107 V   0.99782 0.00218 0.00000 0.00000 ( 1)
 108 T   0.82524 0.17476 0.00000 0.00000 ( 1)
 109 L   0.36589 0.63411 0.00000 0.00000 ( 2)
 110 R   0.00133 0.99867 0.00000 0.00000 ( 2)
 111 F   0.97299 0.02701 0.00000 0.00000 ( 1)
 112 A   0.00011 0.99989 0.00000 0.00000 ( 2)
 113 S   0.97010 0.02990 0.00000 0.00000 ( 1)
 114 R   0.97424 0.02576 0.00000 0.00000 ( 1)
 115 D   0.96190 0.03810 0.00000 0.00000 ( 1)
 116 V   0.15580 0.84420 0.00000 0.00000 ( 2)
 117 Y   0.99769 0.00231 0.00000 0.00000 ( 1)
 118 R   0.87453 0.12547 0.00000 0.00000 ( 1)
 119 T   0.99876 0.00124 0.00000 0.00000 ( 1)
 120 E   0.99835 0.00165 0.00000 0.00000 ( 1)
 121 S   0.99263 0.00737 0.00000 0.00000 ( 1)
 122 Y   0.00033 0.99967 0.00000 0.00000 ( 2)
 123 A   0.99784 0.00216 0.00000 0.00000 ( 1)
 124 G   0.96289 0.03711 0.00000 0.00000 ( 1)
 125 V   0.01981 0.98019 0.00000 0.00000 ( 2)
 126 L   0.90060 0.09940 0.00000 0.00000 ( 1)
 127 L   0.63376 0.36624 0.00000 0.00000 ( 1)
 128 W   0.33622 0.66378 0.00000 0.00000 ( 2)
 129 G   0.76625 0.23375 0.00000 0.00000 ( 1)
 130 I   0.80142 0.19858 0.00000 0.00000 ( 1)
 131 Y   0.00265 0.99735 0.00000 0.00000 ( 2)
 132 L   0.81095 0.18905 0.00000 0.00000 ( 1)
 133 E   0.00494 0.99506 0.00000 0.00000 ( 2)
 134 P   0.99812 0.00188 0.00000 0.00000 ( 1)
 135 I   0.63251 0.36749 0.00000 0.00000 ( 1)
 136 H   0.99328 0.00672 0.00000 0.00000 ( 1)
 137 G   0.99135 0.00865 0.00000 0.00000 ( 1)
 138 V   0.99637 0.00363 0.00000 0.00000 ( 1)
 139 P   0.99812 0.00188 0.00000 0.00000 ( 1)
 140 T   0.00083 0.99917 0.00000 0.00000 ( 2)
 141 V   0.84420 0.15580 0.00000 0.00000 ( 1)
 142 R   0.16904 0.83096 0.00000 0.00000 ( 2)
 143 F   0.99718 0.00282 0.00000 0.00000 ( 1)
 144 N   0.99164 0.00836 0.00000 0.00000 ( 1)
 145 F   0.26110 0.73890 0.00000 0.00000 ( 2)
 146 T   0.01473 0.98527 0.00000 0.00000 ( 2)
 147 N   0.09189 0.90811 0.00000 0.00000 ( 2)
 148 P   0.26389 0.73611 0.00000 0.00000 ( 2)
 149 Q   0.00022 0.99978 0.00000 0.00000 ( 2)
 150 N   0.35149 0.64851 0.00000 0.00000 ( 2)
 151 I   0.00004 0.99996 0.00000 0.00000 ( 2)
 152 S   0.00096 0.99904 0.00000 0.00000 ( 2)
 153 D   0.55535 0.44465 0.00000 0.00000 ( 1)
 154 R   0.68567 0.31433 0.00000 0.00000 ( 1)
 155 G   0.01863 0.98137 0.00000 0.00000 ( 2)
 156 T   0.00005 0.99995 0.00000 0.00000 ( 2)
 157 A   0.00201 0.99799 0.00000 0.00000 ( 2)
 158 N   0.00001 0.99999 0.00000 0.00000 ( 2)
 159 Y   0.99677 0.00323 0.00000 0.00000 ( 1)
 160 S   0.18385 0.81615 0.00000 0.00000 ( 2)
 161 Q   0.00090 0.99910 0.00000 0.00000 ( 2)
 162 P   0.11846 0.88154 0.00000 0.00000 ( 2)
 163 Y   0.99769 0.00231 0.00000 0.00000 ( 1)
 164 E   0.00035 0.99965 0.00000 0.00000 ( 2)
 165 S   0.46906 0.53094 0.00000 0.00000 ( 2)
 166 P   0.23647 0.76353 0.00000 0.00000 ( 2)
 167 G   0.94761 0.05239 0.00000 0.00000 ( 1)
 168 L   0.33667 0.66333 0.00000 0.00000 ( 2)
 169 Q   0.99379 0.00621 0.00000 0.00000 ( 1)
 170 L   0.98677 0.01323 0.00000 0.00000 ( 1)
 171 K   0.00122 0.99878 0.00000 0.00000 ( 2)
 172 D   0.99942 0.00058 0.00000 0.00000 ( 1)
 173 S   0.99260 0.00740 0.00000 0.00000 ( 1)
 174 E   0.99835 0.00165 0.00000 0.00000 ( 1)
 175 T   0.98414 0.01586 0.00000 0.00000 ( 1)
 176 E   0.99835 0.00165 0.00000 0.00000 ( 1)
 177 L   0.98702 0.01298 0.00000 0.00000 ( 1)
 178 P   0.99681 0.00319 0.00000 0.00000 ( 1)
 179 P   0.99762 0.00238 0.00000 0.00000 ( 1)
 180 E   0.99835 0.00165 0.00000 0.00000 ( 1)
 181 T   0.97778 0.02222 0.00000 0.00000 ( 1)
 182 T   0.98248 0.01752 0.00000 0.00000 ( 1)
 183 E   0.96395 0.03605 0.00000 0.00000 ( 1)
 184 R   0.65510 0.34490 0.00000 0.00000 ( 1)
 185 P   0.99724 0.00276 0.00000 0.00000 ( 1)
 186 N   0.99567 0.00433 0.00000 0.00000 ( 1)
 187 Y   0.99769 0.00231 0.00000 0.00000 ( 1)
 188 E   0.99835 0.00165 0.00000 0.00000 ( 1)
 189 S   0.99428 0.00572 0.00000 0.00000 ( 1)
 190 Y   0.99518 0.00482 0.00000 0.00000 ( 1)
 191 S   0.99939 0.00061 0.00000 0.00000 ( 1)
 192 H   0.99881 0.00119 0.00000 0.00000 ( 1)
 193 R   0.99732 0.00268 0.00000 0.00000 ( 1)
 194 L   0.98695 0.01305 0.00000 0.00000 ( 1)
 195 S   0.99775 0.00225 0.00000 0.00000 ( 1)
 196 H   0.96366 0.03634 0.00000 0.00000 ( 1)
 197 I   0.99917 0.00083 0.00000 0.00000 ( 1)
 198 G   0.91098 0.08902 0.00000 0.00000 ( 1)
 199 I   0.15268 0.84732 0.00000 0.00000 ( 2)
 200 I   0.99840 0.00160 0.00000 0.00000 ( 1)
 201 L   0.00429 0.99571 0.00000 0.00000 ( 2)
 202 Q   0.00114 0.99886 0.00000 0.00000 ( 2)
 203 S   0.00253 0.99747 0.00000 0.00000 ( 2)
 204 R   0.07002 0.92998 0.00000 0.00000 ( 2)
 205 V   0.14741 0.85259 0.00000 0.00000 ( 2)
 206 N   0.03371 0.96629 0.00000 0.00000 ( 2)
 207 V   0.97974 0.02026 0.00000 0.00000 ( 1)
 208 P   0.61860 0.38140 0.00000 0.00000 ( 1)
 209 V   0.99727 0.00273 0.00000 0.00000 ( 1)
 210 Y   0.99769 0.00231 0.00000 0.00000 ( 1)
 211 S   0.99817 0.00183 0.00000 0.00000 ( 1)
 212 W   0.93057 0.06943 0.00000 0.00000 ( 1)
 213 T   0.96695 0.03305 0.00000 0.00000 ( 1)
 214 H   0.99623 0.00377 0.00000 0.00000 ( 1)
 215 R   0.99579 0.00421 0.00000 0.00000 ( 1)
 216 S   0.99939 0.00061 0.00000 0.00000 ( 1)


lnL = -3561.516120

Bayes Empirical Bayes (BEB) probabilities for 4 classes (class)
(amino acids refer to 1st sequence: BT_Cry1Ba1)

   1 N   0.23770 0.73050 0.00540 0.02640 ( 2)
   2 T   0.92259 0.03725 0.03841 0.00175 ( 1)
   3 S   0.20490 0.76250 0.00484 0.02776 ( 2)
   4 A   0.43882 0.52953 0.01151 0.02014 ( 2)
   5 Q   0.94486 0.02007 0.03418 0.00088 ( 1)
   6 L   0.95034 0.01580 0.03318 0.00067 ( 1)
   7 T   0.97121 0.00149 0.02724 0.00006 ( 1)
   8 R   0.96846 0.00336 0.02805 0.00013 ( 1)
   9 E   0.93819 0.03395 0.02654 0.00132 ( 1)
  10 V   0.58791 0.32276 0.07555 0.01378 ( 1)
  11 Y   0.96931 0.00221 0.02839 0.00009 ( 1)
  12 T   0.97121 0.00149 0.02724 0.00006 ( 1)
  13 D   0.77617 0.19529 0.02088 0.00766 ( 1)
  14 A   0.46315 0.46702 0.04985 0.01998 ( 2)
  15 I   0.97371 0.00071 0.02554 0.00003 ( 1)
  16 G   0.92150 0.03871 0.03798 0.00180 ( 1)
  17 A   0.05459 0.90219 0.00429 0.03894 ( 2)
  18 T   0.50432 0.45722 0.01760 0.02086 ( 1)
  19 G   0.01353 0.94920 0.00032 0.03695 ( 2)
  20 V   0.24788 0.71575 0.00712 0.02925 ( 2)
  21 N   0.00065 0.95626 0.00005 0.04304 ( 2)
  22 -   0.00032 0.95708 0.00001 0.04259 ( 2)
  23 -   0.00330 0.95798 0.00009 0.03863 ( 2)
  24 M   0.14392 0.82197 0.00352 0.03059 ( 2)
  25 A   0.13181 0.83309 0.00335 0.03175 ( 2)
  26 S   0.96473 0.01006 0.02483 0.00037 ( 1)
  27 M   0.65767 0.30302 0.02550 0.01381 ( 1)
  28 N   0.95837 0.01610 0.02491 0.00063 ( 1)
  29 W   0.88556 0.07381 0.03716 0.00347 ( 1)
  30 Y   0.53186 0.43746 0.01409 0.01660 ( 1)
  31 -   0.61227 0.33825 0.03155 0.01793 ( 1)
  32 -   0.61227 0.33825 0.03155 0.01793 ( 1)
  33 N   0.97568 0.00036 0.02395 0.00001 ( 1)
  34 N   0.97568 0.00036 0.02395 0.00001 ( 1)
  35 N   0.97568 0.00036 0.02395 0.00001 ( 1)
  36 A   0.94344 0.02871 0.02673 0.00112 ( 1)
  37 P   0.96886 0.00216 0.02889 0.00009 ( 1)
  38 S   0.89069 0.06894 0.03714 0.00323 ( 1)
  39 F   0.96781 0.00565 0.02633 0.00021 ( 1)
  40 S   0.96844 0.00374 0.02767 0.00014 ( 1)
  41 A   0.01352 0.94192 0.00050 0.04406 ( 2)
  42 I   0.97345 0.00077 0.02575 0.00003 ( 1)
  43 E   0.94060 0.02324 0.03513 0.00102 ( 1)
  44 A   0.14280 0.82281 0.00350 0.03089 ( 2)
  45 A   0.94457 0.01377 0.04100 0.00066 ( 1)
  46 A   0.12209 0.84220 0.00307 0.03264 ( 2)
  47 I   0.01295 0.94858 0.00035 0.03811 ( 2)
  48 R   0.93687 0.02688 0.03506 0.00119 ( 1)
  49 S   0.00009 0.96337 0.00000 0.03653 ( 2)
  50 P   0.92394 0.03680 0.03756 0.00170 ( 1)
  51 H   0.97222 0.00128 0.02645 0.00005 ( 1)
  52 L   0.95454 0.01196 0.03299 0.00051 ( 1)
  53 L   0.96704 0.00418 0.02862 0.00016 ( 1)
  54 D   0.97455 0.00053 0.02491 0.00002 ( 1)
  55 F   0.97250 0.00100 0.02646 0.00004 ( 1)
  56 L   0.27633 0.68862 0.00783 0.02721 ( 2)
  57 E   0.97087 0.00156 0.02750 0.00006 ( 1)
  58 Q   0.28643 0.67267 0.01051 0.03039 ( 2)
  59 L   0.92922 0.04168 0.02745 0.00165 ( 1)
  60 T   0.93249 0.03984 0.02611 0.00157 ( 1)
  61 I   0.97371 0.00071 0.02554 0.00003 ( 1)
  62 F   0.06646 0.78413 0.07228 0.07713 ( 2)
  63 S   0.93012 0.03140 0.03705 0.00143 ( 1)
  64 A   0.00040 0.93581 0.00014 0.06364 ( 2)
  65 S   0.75008 0.20989 0.03045 0.00958 ( 1)
  66 S   0.40219 0.56671 0.01000 0.02110 ( 2)
  67 R   0.93409 0.02951 0.03509 0.00131 ( 1)
  68 W   0.88556 0.07381 0.03716 0.00347 ( 1)
  69 S   0.97433 0.00056 0.02509 0.00002 ( 1)
  70 N   0.03277 0.92878 0.00084 0.03761 ( 2)
  71 T   0.97276 0.00099 0.02620 0.00004 ( 1)
  72 R   0.35272 0.61100 0.01114 0.02514 ( 2)
  73 H   0.46580 0.49697 0.01609 0.02114 ( 2)
  74 M   0.96865 0.00249 0.02877 0.00010 ( 1)
  75 T   0.96592 0.01001 0.02370 0.00037 ( 1)
  76 Y   0.03508 0.92001 0.00126 0.04365 ( 2)
  77 W   0.88556 0.07381 0.03716 0.00347 ( 1)
  78 R   0.00033 0.95604 0.00001 0.04362 ( 2)
  79 G   0.96152 0.00754 0.03063 0.00031 ( 1)
  80 H   0.97116 0.00233 0.02643 0.00009 ( 1)
  81 T   0.06372 0.90009 0.00162 0.03456 ( 2)
  82 I   0.92023 0.05059 0.02717 0.00201 ( 1)
  83 Q   0.01829 0.94290 0.00049 0.03831 ( 2)
  84 S   0.01007 0.93951 0.00048 0.04995 ( 2)
  85 R   0.87657 0.08401 0.03553 0.00389 ( 1)
  86 P   0.07459 0.80931 0.05257 0.06353 ( 2)
  87 I   0.97345 0.00077 0.02575 0.00003 ( 1)
  88 G   0.03379 0.87330 0.02370 0.06921 ( 2)
  89 G   0.92198 0.03824 0.03800 0.00178 ( 1)
  90 G   0.00002 0.95786 0.00000 0.04212 ( 2)
  91 L   0.77325 0.19175 0.02677 0.00823 ( 1)
  92 N   0.47586 0.13927 0.37742 0.00745 ( 1)
  93 T   0.34876 0.60787 0.01455 0.02881 ( 2)
  94 S   0.78246 0.17816 0.03110 0.00829 ( 1)
  95 T   0.96998 0.00271 0.02721 0.00010 ( 1)
  96 H   0.21851 0.59595 0.14861 0.03693 ( 2)
  97 G   0.96194 0.00715 0.03062 0.00029 ( 1)
  98 A   0.00001 0.90179 0.00001 0.09818 ( 2)
  99 T   0.91892 0.03968 0.03951 0.00189 ( 1)
 100 -   0.61466 0.33585 0.03168 0.01780 ( 1)
 101 N   0.97568 0.00036 0.02395 0.00001 ( 1)
 102 T   0.95137 0.02217 0.02560 0.00086 ( 1)
 103 S   0.92520 0.04656 0.02641 0.00183 ( 1)
 104 I   0.97371 0.00071 0.02554 0.00003 ( 1)
 105 N   0.96644 0.00949 0.02372 0.00035 ( 1)
 106 P   0.96959 0.00251 0.02781 0.00010 ( 1)
 107 V   0.96959 0.00209 0.02824 0.00008 ( 1)
 108 T   0.61879 0.35053 0.01698 0.01369 ( 1)
 109 L   0.19293 0.76840 0.00628 0.03239 ( 2)
 110 R   0.00143 0.95588 0.00005 0.04264 ( 2)
 111 F   0.93378 0.02771 0.03723 0.00128 ( 1)
 112 A   0.00018 0.96158 0.00000 0.03823 ( 2)
 113 S   0.92446 0.04708 0.02660 0.00186 ( 1)
 114 R   0.93695 0.02666 0.03521 0.00118 ( 1)
 115 D   0.92209 0.03993 0.03617 0.00181 ( 1)
 116 V   0.07816 0.88613 0.00192 0.03379 ( 2)
 117 Y   0.96931 0.00221 0.02839 0.00009 ( 1)
 118 R   0.77564 0.19365 0.02293 0.00778 ( 1)
 119 T   0.97153 0.00116 0.02727 0.00004 ( 1)
 120 E   0.97087 0.00156 0.02750 0.00006 ( 1)
 121 S   0.96102 0.00731 0.03137 0.00030 ( 1)
 122 Y   0.00050 0.92318 0.00020 0.07613 ( 2)
 123 A   0.97033 0.00207 0.02752 0.00008 ( 1)
 124 G   0.92150 0.03871 0.03798 0.00180 ( 1)
 125 V   0.01369 0.94727 0.00036 0.03868 ( 2)
 126 L   0.75000 0.22356 0.01817 0.00828 ( 1)
 127 L   0.38884 0.57956 0.00985 0.02175 ( 2)
 128 W   0.17605 0.78169 0.00746 0.03481 ( 2)
 129 G   0.70120 0.24931 0.03625 0.01324 ( 1)
 130 I   0.73849 0.21203 0.03822 0.01127 ( 1)
 131 Y   0.00270 0.95357 0.00009 0.04364 ( 2)
 132 L   0.59556 0.37426 0.01568 0.01450 ( 1)
 133 E   0.00481 0.94907 0.00025 0.04586 ( 2)
 134 P   0.97032 0.00178 0.02783 0.00007 ( 1)
 135 I   0.38243 0.57648 0.01469 0.02639 ( 2)
 136 H   0.96579 0.01014 0.02370 0.00037 ( 1)
 137 G   0.96029 0.00865 0.03070 0.00035 ( 1)
 138 V   0.96813 0.00353 0.02821 0.00014 ( 1)
 139 P   0.97032 0.00178 0.02783 0.00007 ( 1)
 140 T   0.00094 0.95528 0.00003 0.04374 ( 2)
 141 V   0.60617 0.30099 0.07992 0.01292 ( 1)
 142 R   0.08345 0.88084 0.00211 0.03360 ( 2)
 143 F   0.97076 0.00272 0.02641 0.00010 ( 1)
 144 N   0.96325 0.01266 0.02363 0.00047 ( 1)
 145 F   0.13584 0.81988 0.00553 0.03875 ( 2)
 146 T   0.01272 0.95040 0.00031 0.03658 ( 2)
 147 N   0.05116 0.91454 0.00112 0.03319 ( 2)
 148 P   0.13717 0.81823 0.00559 0.03901 ( 2)
 149 Q   0.00034 0.95361 0.00001 0.04604 ( 2)
 150 N   0.15573 0.81159 0.00345 0.02922 ( 2)
 151 I   0.00009 0.95805 0.00000 0.04186 ( 2)
 152 S   0.00139 0.95817 0.00004 0.04040 ( 2)
 153 D   0.39681 0.55371 0.02014 0.02935 ( 2)
 154 R   0.43829 0.52891 0.01223 0.02058 ( 2)
 155 G   0.01565 0.94786 0.00038 0.03611 ( 2)
 156 T   0.00013 0.95584 0.00000 0.04403 ( 2)
 157 A   0.00276 0.95384 0.00018 0.04321 ( 2)
 158 N   0.00002 0.95294 0.00000 0.04703 ( 2)
 159 Y   0.96823 0.00312 0.02853 0.00012 ( 1)
 160 S   0.08869 0.87096 0.00280 0.03754 ( 2)
 161 Q   0.00132 0.94978 0.00012 0.04878 ( 2)
 162 P   0.06448 0.89081 0.00255 0.04216 ( 2)
 163 Y   0.96931 0.00221 0.02839 0.00009 ( 1)
 164 E   0.00056 0.95249 0.00003 0.04692 ( 2)
 165 S   0.25638 0.70742 0.00769 0.02852 ( 2)
 166 P   0.10900 0.85115 0.00343 0.03642 ( 2)
 167 G   0.90485 0.05530 0.03728 0.00257 ( 1)
 168 L   0.17689 0.78503 0.00533 0.03275 ( 2)
 169 Q   0.96242 0.00615 0.03117 0.00025 ( 1)
 170 L   0.95041 0.01336 0.03562 0.00061 ( 1)
 171 K   0.00143 0.95307 0.00007 0.04543 ( 2)
 172 D   0.97455 0.00053 0.02491 0.00002 ( 1)
 173 S   0.96070 0.00734 0.03165 0.00030 ( 1)
 174 E   0.97087 0.00156 0.02750 0.00006 ( 1)
 175 T   0.94933 0.02419 0.02554 0.00094 ( 1)
 176 E   0.97087 0.00156 0.02750 0.00006 ( 1)
 177 L   0.95302 0.01314 0.03327 0.00056 ( 1)
 178 P   0.96791 0.00308 0.02889 0.00012 ( 1)
 179 P   0.96874 0.00228 0.02889 0.00009 ( 1)
 180 E   0.97087 0.00157 0.02750 0.00006 ( 1)
 181 T   0.93783 0.03455 0.02626 0.00136 ( 1)
 182 T   0.94541 0.02705 0.02648 0.00106 ( 1)
 183 E   0.91493 0.05700 0.02585 0.00222 ( 1)
 184 R   0.49756 0.46369 0.01826 0.02049 ( 1)
 185 P   0.96836 0.00266 0.02888 0.00010 ( 1)
 186 N   0.96959 0.00639 0.02379 0.00024 ( 1)
 187 Y   0.96931 0.00221 0.02839 0.00009 ( 1)
 188 E   0.97087 0.00156 0.02750 0.00006 ( 1)
 189 S   0.96474 0.00564 0.02939 0.00023 ( 1)
 190 Y   0.95797 0.00466 0.03715 0.00021 ( 1)
 191 S   0.97433 0.00056 0.02509 0.00002 ( 1)
 192 H   0.97239 0.00111 0.02645 0.00004 ( 1)
 193 R   0.96926 0.00258 0.02807 0.00010 ( 1)
 194 L   0.95295 0.01322 0.03327 0.00056 ( 1)
 195 S   0.97005 0.00215 0.02771 0.00008 ( 1)
 196 H   0.49868 0.02998 0.46931 0.00203 ( 1)
 197 I   0.97345 0.00077 0.02575 0.00003 ( 1)
 198 G   0.46480 0.07523 0.45484 0.00514 ( 1)
 199 I   0.08195 0.87860 0.00259 0.03686 ( 2)
 200 I   0.96976 0.00150 0.02868 0.00006 ( 1)
 201 L   0.00422 0.95291 0.00014 0.04273 ( 2)
 202 Q   0.00165 0.95870 0.00005 0.03961 ( 2)
 203 S   0.00257 0.95415 0.00011 0.04317 ( 2)
 204 R   0.04084 0.91671 0.00118 0.04127 ( 2)
 205 V   0.07898 0.87767 0.00299 0.04036 ( 2)
 206 N   0.02576 0.93805 0.00062 0.03557 ( 2)
 207 V   0.94042 0.03169 0.02665 0.00124 ( 1)
 208 P   0.45864 0.50245 0.01624 0.02267 ( 2)
 209 V   0.96901 0.00263 0.02827 0.00010 ( 1)
 210 Y   0.96931 0.00221 0.02839 0.00009 ( 1)
 211 S   0.97047 0.00174 0.02772 0.00007 ( 1)
 212 W   0.88556 0.07381 0.03716 0.00347 ( 1)
 213 T   0.92760 0.03440 0.03644 0.00156 ( 1)
 214 H   0.95765 0.00362 0.03857 0.00017 ( 1)
 215 R   0.96565 0.00412 0.03006 0.00016 ( 1)
 216 S   0.97433 0.00056 0.02509 0.00002 ( 1)

