Supplemental results for CODEML (seqf: algn  treef: tree)


dN/dS (w) for site classes (K=4)

site class             0        1       2a       2b
proportion       0.51823  0.34347  0.08317  0.05512
background w     0.16412  1.00000  0.16412  1.00000
foreground w     0.16412  1.00000 37.41620 37.41620

Naive Empirical Bayes (NEB) probabilities for 4 classes
(amino acids refer to 1st sequence: BT_Cry19Ba1)

   1 E   0.31736 0.54435 0.05093 0.08736 ( 2)
   2 -   0.51823 0.34347 0.08317 0.05512 ( 1)
   3 -   0.51823 0.34347 0.08317 0.05512 ( 1)
   4 V   0.49352 0.30040 0.18489 0.02119 ( 1)
   5 G   0.86808 0.11693 0.01215 0.00284 ( 1)
   6 P   0.00013 0.00464 0.75803 0.23721 ( 3)
   7 L   0.36802 0.47704 0.12348 0.03147 ( 2)
   8 L   0.98155 0.01027 0.00807 0.00011 ( 1)
   9 S   0.73831 0.02961 0.23003 0.00205 ( 1)
  10 W   0.22238 0.76351 0.00216 0.01196 ( 2)
  11 M   0.19828 0.77371 0.00503 0.02299 ( 2)
  12 V   0.01341 0.74020 0.05529 0.19110 ( 2)
  13 S   0.02141 0.94536 0.00065 0.03259 ( 2)
  14 L   0.25071 0.72876 0.00368 0.01684 ( 2)
  15 F   0.76319 0.12787 0.09051 0.01843 ( 1)
  16 W   0.89659 0.09721 0.00554 0.00066 ( 1)
  17 P   0.99077 0.00524 0.00396 0.00003 ( 1)
  18 T   0.00233 0.07293 0.63452 0.29021 ( 3)
  19 I   0.00022 0.13051 0.07103 0.79824 ( 4)
  20 -   0.72766 0.13405 0.11678 0.02151 ( 1)
  21 -   0.71759 0.14412 0.11517 0.02313 ( 1)
  22 -   0.65919 0.20251 0.10579 0.03250 ( 1)
  23 E   0.04777 0.93356 0.00077 0.01790 ( 2)
  24 E   0.00039 0.74593 0.00157 0.25211 ( 2)
  25 K   0.02709 0.84611 0.00264 0.12416 ( 2)
  26 N   0.96877 0.02173 0.00908 0.00041 ( 1)
  27 T   0.00590 0.44487 0.19982 0.34941 ( 2)
  28 V   0.93464 0.05435 0.01004 0.00097 ( 1)
  29 W   0.89659 0.09721 0.00554 0.00066 ( 1)
  30 E   0.38866 0.45541 0.12657 0.02936 ( 2)
  31 D   0.00815 0.88098 0.00385 0.10702 ( 2)
  32 M   0.01594 0.44816 0.15057 0.38533 ( 2)
  33 I   0.95347 0.04324 0.00309 0.00021 ( 1)
  34 K   0.97856 0.01202 0.00922 0.00020 ( 1)
  35 Y   0.01477 0.31170 0.35134 0.32220 ( 3)
  36 V   0.59686 0.38783 0.00720 0.00811 ( 1)
  37 A   0.20008 0.02174 0.75806 0.02012 ( 3)
  38 N   0.97228 0.01834 0.00908 0.00030 ( 1)
  39 L   0.94580 0.04858 0.00529 0.00032 ( 1)
  40 L   0.98198 0.00862 0.00925 0.00015 ( 1)
  41 K   0.00021 0.98821 0.00000 0.01158 ( 2)
  42 Q   0.07951 0.91382 0.00041 0.00626 ( 2)
  43 E   0.20950 0.77561 0.00189 0.01300 ( 2)
  44 L   0.18149 0.80758 0.00152 0.00941 ( 2)
  45 T   0.00061 0.98415 0.00001 0.01523 ( 2)
  46 N   0.00047 0.77069 0.00197 0.22687 ( 2)
  47 D   0.00101 0.90712 0.00038 0.09149 ( 2)
  48 T   0.14944 0.63685 0.11623 0.09748 ( 2)
  49 L   0.45603 0.52640 0.00486 0.01270 ( 2)
  50 N   0.00130 0.75645 0.00050 0.24175 ( 2)
  51 R   0.11843 0.69203 0.08698 0.10256 ( 2)
  52 A   0.99081 0.00270 0.00645 0.00003 ( 1)
  53 T   0.96564 0.02159 0.01247 0.00030 ( 1)
  54 S   0.00798 0.94414 0.00015 0.04774 ( 2)
  55 N   0.00090 0.00007 0.99817 0.00086 ( 3)
  56 L   0.93006 0.06161 0.00765 0.00068 ( 1)
  57 S   0.03322 0.87288 0.00198 0.09192 ( 2)
  58 G   0.77999 0.21554 0.00322 0.00125 ( 1)
  59 L   0.96583 0.02550 0.00837 0.00029 ( 1)
  60 N   0.00253 0.55373 0.04803 0.39571 ( 2)
  61 E   0.52545 0.46250 0.00462 0.00743 ( 1)
  62 S   0.06992 0.59227 0.16478 0.17303 ( 2)
  63 L   0.95478 0.03970 0.00527 0.00025 ( 1)
  64 N   0.00009 0.55557 0.00135 0.44299 ( 2)
  65 I   0.49391 0.40070 0.04904 0.05635 ( 1)
  66 Y   0.98907 0.00293 0.00797 0.00004 ( 1)
  67 N   0.95226 0.01431 0.03273 0.00069 ( 1)
  68 R   0.29437 0.07793 0.59146 0.03624 ( 3)
  69 A   0.48730 0.49990 0.00532 0.00747 ( 2)
  70 L   0.97224 0.02263 0.00496 0.00017 ( 1)
  71 A   0.95143 0.04239 0.00579 0.00039 ( 1)
  72 A   0.00204 0.92575 0.00059 0.07162 ( 2)
  73 W   0.89659 0.09721 0.00554 0.00066 ( 1)
  74 K   0.11554 0.81585 0.02785 0.04077 ( 2)
  75 Q   0.00000 0.30427 0.00013 0.69559 ( 4)
  76 -   0.51823 0.34347 0.08317 0.05512 ( 1)
  77 N   0.01614 0.92458 0.00070 0.05858 ( 2)
  78 K   0.00039 0.08667 0.14960 0.76335 ( 4)
  79 N   0.08602 0.77905 0.00752 0.12742 ( 2)
  80 N   0.00017 0.20460 0.00426 0.79098 ( 4)
  81 F   0.00328 0.04947 0.80370 0.14355 ( 3)
  82 A   0.04479 0.69314 0.07969 0.18239 ( 2)
  83 S   0.03923 0.25958 0.55015 0.15104 ( 3)
  84 -   0.51823 0.34347 0.08317 0.05512 ( 1)
  85 -   0.72186 0.13984 0.11585 0.02244 ( 1)
  86 G   0.86051 0.12055 0.01525 0.00369 ( 1)
  87 E   0.04301 0.48161 0.12957 0.34581 ( 2)
  88 L   0.00171 0.09215 0.37909 0.52706 ( 4)
  89 I   0.14814 0.76159 0.03998 0.05029 ( 2)
  90 R   0.92226 0.07204 0.00501 0.00069 ( 1)
  91 S   0.00006 0.13568 0.00691 0.85734 ( 4)
  92 Y   0.00009 0.00965 0.71784 0.27243 ( 3)
  93 I   0.98743 0.00935 0.00317 0.00005 ( 1)
  94 N   0.00309 0.86303 0.00038 0.13350 ( 2)
  95 D   0.22657 0.76832 0.00101 0.00411 ( 2)
  96 L   0.99242 0.00255 0.00501 0.00002 ( 1)
  97 H   0.99135 0.00382 0.00481 0.00003 ( 1)
  98 I   0.34924 0.62630 0.00534 0.01912 ( 2)
  99 L   0.00034 0.57252 0.00125 0.42588 ( 2)
 100 F   0.99203 0.00085 0.00711 0.00001 ( 1)
 101 T   0.00219 0.95756 0.00006 0.04018 ( 2)
 102 R   0.00001 0.55157 0.00018 0.44824 ( 2)
 103 D   0.02373 0.32128 0.47137 0.18361 ( 3)
 104 I   0.98950 0.00118 0.00930 0.00002 ( 1)
 105 Q   0.78377 0.20261 0.00819 0.00543 ( 1)
 106 S   0.00452 0.84488 0.00383 0.14678 ( 2)
 107 D   0.82097 0.12544 0.04158 0.01202 ( 1)
 108 F   0.96368 0.03135 0.00479 0.00018 ( 1)
 109 S   0.09081 0.70369 0.09724 0.10826 ( 2)
 110 L   0.33644 0.64367 0.00447 0.01542 ( 2)
 111 G   0.00012 0.70094 0.00019 0.29875 ( 2)
 112 G   0.03483 0.09284 0.73828 0.13405 ( 3)
 113 Y   0.97487 0.00378 0.02125 0.00010 ( 1)
 114 E   0.97557 0.01578 0.00842 0.00023 ( 1)
 115 T   0.01448 0.96146 0.00022 0.02384 ( 2)
 116 V   0.98430 0.00632 0.00927 0.00011 ( 1)
 117 L   0.98155 0.01027 0.00807 0.00011 ( 1)
 118 L   0.97794 0.01381 0.00810 0.00015 ( 1)
 119 P   0.99129 0.00518 0.00350 0.00002 ( 1)
 120 S   0.83122 0.09558 0.06317 0.01002 ( 1)
 121 Y   0.98755 0.00443 0.00796 0.00005 ( 1)
 122 A   0.86451 0.12743 0.00619 0.00187 ( 1)
 123 S   0.93929 0.04495 0.01467 0.00109 ( 1)
 124 A   0.92630 0.06414 0.00849 0.00107 ( 1)
 125 A   0.93824 0.05470 0.00661 0.00044 ( 1)
 126 N   0.98744 0.00371 0.00879 0.00006 ( 1)
 127 L   0.96467 0.02206 0.01289 0.00038 ( 1)
 128 H   0.99354 0.00168 0.00476 0.00001 ( 1)
 129 L   0.97541 0.01823 0.00622 0.00013 ( 1)
 130 L   0.87482 0.11342 0.01030 0.00145 ( 1)
 131 L   0.97180 0.01513 0.01279 0.00028 ( 1)
 132 L   0.97518 0.01648 0.00815 0.00019 ( 1)
 133 R   0.97174 0.02589 0.00230 0.00008 ( 1)
 134 D   0.99335 0.00225 0.00439 0.00001 ( 1)
 135 V   0.97832 0.01208 0.00940 0.00020 ( 1)
 136 A   0.14757 0.83308 0.00177 0.01758 ( 2)
 137 I   0.97950 0.01106 0.00924 0.00019 ( 1)
 138 Y   0.69847 0.06200 0.23498 0.00455 ( 1)
 139 G   0.99128 0.00459 0.00410 0.00003 ( 1)
 140 K   0.35088 0.63363 0.00341 0.01208 ( 2)
 141 E   0.18031 0.79333 0.00279 0.02357 ( 2)
 142 -   0.57574 0.28596 0.09240 0.04589 ( 1)
 143 -   0.53134 0.33036 0.08527 0.05302 ( 1)
 144 -   0.55827 0.30344 0.08960 0.04870 ( 1)
 145 -   0.57499 0.28672 0.09228 0.04602 ( 1)
 146 -   0.56599 0.29572 0.09084 0.04746 ( 1)
 147 -   0.57574 0.28596 0.09240 0.04589 ( 1)
 148 -   0.58376 0.27795 0.09369 0.04461 ( 1)
 149 -   0.53013 0.33157 0.08508 0.05321 ( 1)
 150 L   0.96369 0.01686 0.01898 0.00048 ( 1)
 151 G   0.92522 0.07068 0.00368 0.00042 ( 1)
 152 Y   0.97905 0.01342 0.00733 0.00020 ( 1)
 153 P   0.00003 0.60482 0.00053 0.39463 ( 2)
 154 S   0.00354 0.98761 0.00002 0.00883 ( 2)
 155 T   0.00007 0.94337 0.00002 0.05654 ( 2)
 156 D   0.00024 0.04642 0.12765 0.82570 ( 4)
 157 V   0.86964 0.12096 0.00797 0.00143 ( 1)
 158 E   0.00359 0.71896 0.04952 0.22793 ( 2)
 159 F   0.03465 0.82685 0.02515 0.11335 ( 2)
 160 Y   0.98932 0.00269 0.00796 0.00003 ( 1)
 161 Y   0.90715 0.07760 0.01327 0.00197 ( 1)
 162 N   0.00360 0.98851 0.00002 0.00787 ( 2)
 163 E   0.98732 0.00299 0.00964 0.00005 ( 1)
 164 Q   0.54421 0.35689 0.05355 0.04535 ( 1)
 165 K   0.35829 0.59970 0.01188 0.03013 ( 2)
 166 Y   0.00000 0.93632 0.00000 0.06367 ( 2)
 167 Y   0.97676 0.01517 0.00788 0.00019 ( 1)
 168 T   0.84342 0.14364 0.01002 0.00293 ( 1)
 169 E   0.15164 0.81802 0.00966 0.02069 ( 2)
 170 K   0.00142 0.99096 0.00001 0.00761 ( 2)
 171 Y   0.74731 0.01660 0.23513 0.00096 ( 1)
 172 S   0.91494 0.07859 0.00586 0.00061 ( 1)
 173 N   0.52131 0.16514 0.29028 0.02327 ( 1)
 174 Y   0.68079 0.28332 0.03054 0.00536 ( 1)
 175 C   0.97839 0.01079 0.01069 0.00013 ( 1)
 176 V   0.35380 0.34146 0.26262 0.04213 ( 1)
 177 N   0.27311 0.70404 0.00717 0.01569 ( 2)
 178 T   0.89679 0.09421 0.00772 0.00128 ( 1)
 179 Y   0.85847 0.12711 0.01242 0.00199 ( 1)
 180 K   0.96952 0.02147 0.00864 0.00037 ( 1)
 181 S   0.01465 0.95449 0.00034 0.03052 ( 2)
 182 G   0.63247 0.36297 0.00249 0.00207 ( 1)
 183 L   0.96802 0.02634 0.00548 0.00017 ( 1)
 184 E   0.25493 0.72979 0.00304 0.01225 ( 2)
 185 S   0.26917 0.72275 0.00170 0.00638 ( 2)
 186 K   0.50911 0.47913 0.00442 0.00734 ( 1)
 187 K   0.98865 0.00170 0.00962 0.00003 ( 1)
 188 Q   0.36930 0.61173 0.00524 0.01373 ( 2)
 189 I   0.98203 0.00876 0.00907 0.00014 ( 1)
 190 G   0.83945 0.11945 0.03874 0.00237 ( 1)
 191 W   0.89659 0.09721 0.00554 0.00066 ( 1)
 192 S   0.03329 0.91659 0.00346 0.04666 ( 2)
 193 D   0.01224 0.96324 0.00070 0.02382 ( 2)
 194 F   0.96659 0.02844 0.00481 0.00016 ( 1)
 195 N   0.98590 0.00659 0.00743 0.00008 ( 1)
 196 R   0.52403 0.47234 0.00176 0.00186 ( 1)
 197 Y   0.98932 0.00269 0.00796 0.00003 ( 1)
 198 R   0.98836 0.00929 0.00233 0.00003 ( 1)
 199 R   0.99085 0.00476 0.00435 0.00003 ( 1)
 200 E   0.00851 0.83315 0.00236 0.15598 ( 2)
 201 M   0.99571 0.00116 0.00312 0.00001 ( 1)
 202 T   0.93441 0.00343 0.06189 0.00026 ( 1)
 203 L   0.95220 0.04216 0.00537 0.00028 ( 1)
 204 S   0.25396 0.73091 0.00260 0.01254 ( 2)
 205 V   0.97830 0.01200 0.00951 0.00019 ( 1)
 206 L   0.98022 0.01156 0.00809 0.00013 ( 1)
 207 D   0.99135 0.00045 0.00819 0.00001 ( 1)
 208 I   0.61020 0.37523 0.00653 0.00804 ( 1)
 209 V   0.97060 0.01909 0.00994 0.00037 ( 1)
 210 A   0.97646 0.01703 0.00634 0.00017 ( 1)
 211 L   0.92826 0.06340 0.00763 0.00071 ( 1)
 212 F   0.98077 0.01426 0.00489 0.00008 ( 1)
 213 P   0.99077 0.00524 0.00396 0.00003 ( 1)
 214 L   0.06105 0.82592 0.00314 0.10989 ( 2)


lnL = -3761.744698

Bayes Empirical Bayes (BEB) probabilities for 4 classes (class)
(amino acids refer to 1st sequence: BT_Cry19Ba1)

   1 E   0.26988 0.55828 0.05588 0.11596 ( 2)
   2 -   0.48261 0.34555 0.10000 0.07184 ( 1)
   3 -   0.48261 0.34555 0.10000 0.07184 ( 1)
   4 V   0.34620 0.26722 0.34178 0.04481 ( 1)
   5 G   0.83183 0.13278 0.02809 0.00731 ( 1)
   6 P   0.00024 0.01278 0.71386 0.27312 ( 3)
   7 L   0.25945 0.43276 0.23707 0.07072 ( 2)
   8 L   0.95556 0.01014 0.03383 0.00047 ( 1)
   9 S   0.56336 0.02626 0.40651 0.00386 ( 1)
  10 W   0.17516 0.78798 0.00456 0.03230 ( 2)
  11 M   0.16439 0.78819 0.00636 0.04105 ( 2)
  12 V   0.00782 0.63991 0.06141 0.29086 ( 2)
  13 S   0.01404 0.91086 0.00100 0.07410 ( 2)
  14 L   0.19875 0.74509 0.00894 0.04721 ( 2)
  15 F   0.77546 0.15393 0.05688 0.01373 ( 1)
  16 W   0.83273 0.09548 0.06374 0.00806 ( 1)
  17 P   0.97244 0.00518 0.02223 0.00016 ( 1)
  18 T   0.00194 0.09024 0.57156 0.33625 ( 3)
  19 I   0.00028 0.26849 0.03883 0.69240 ( 4)
  20 -   0.69277 0.13539 0.14367 0.02817 ( 1)
  21 -   0.68238 0.14578 0.14151 0.03033 ( 1)
  22 -   0.62327 0.20490 0.12922 0.04262 ( 1)
  23 E   0.03317 0.89985 0.00205 0.06494 ( 2)
  24 E   0.00024 0.74520 0.00088 0.25368 ( 2)
  25 K   0.01905 0.86791 0.00169 0.11135 ( 2)
  26 N   0.95656 0.02330 0.01925 0.00090 ( 1)
  27 T   0.00322 0.36497 0.19287 0.43895 ( 4)
  28 V   0.91105 0.06164 0.02460 0.00271 ( 1)
  29 W   0.83273 0.09548 0.06374 0.00806 ( 1)
  30 E   0.28517 0.42631 0.22810 0.06042 ( 2)
  31 D   0.00505 0.84583 0.00369 0.14542 ( 2)
  32 M   0.01058 0.40952 0.13538 0.44452 ( 4)
  33 I   0.93675 0.04940 0.01287 0.00099 ( 1)
  34 K   0.96341 0.01270 0.02336 0.00053 ( 1)
  35 Y   0.01169 0.36626 0.27828 0.34377 ( 2)
  36 V   0.52893 0.43787 0.01384 0.01935 ( 1)
  37 A   0.23927 0.02882 0.71524 0.01667 ( 3)
  38 N   0.95858 0.02060 0.02007 0.00076 ( 1)
  39 L   0.90110 0.04827 0.04767 0.00296 ( 1)
  40 L   0.96766 0.00898 0.02297 0.00039 ( 1)
  41 K   0.00012 0.92393 0.00001 0.07594 ( 2)
  42 Q   0.05711 0.90937 0.00153 0.03199 ( 2)
  43 E   0.15904 0.80297 0.00379 0.03421 ( 2)
  44 L   0.13976 0.81627 0.00497 0.03899 ( 2)
  45 T   0.00038 0.96399 0.00001 0.03563 ( 2)
  46 N   0.00025 0.68036 0.00184 0.31754 ( 2)
  47 D   0.00058 0.83691 0.00043 0.16208 ( 2)
  48 T   0.09828 0.57583 0.15892 0.16697 ( 2)
  49 L   0.38967 0.56825 0.01014 0.03193 ( 2)
  50 N   0.00087 0.76996 0.00036 0.22881 ( 2)
  51 R   0.07841 0.60553 0.13056 0.18550 ( 2)
  52 A   0.97705 0.00264 0.02023 0.00008 ( 1)
  53 T   0.89794 0.02060 0.07946 0.00199 ( 1)
  54 S   0.00514 0.90137 0.00023 0.09326 ( 2)
  55 N   0.00174 0.00016 0.99724 0.00087 ( 3)
  56 L   0.89915 0.06593 0.03183 0.00309 ( 1)
  57 S   0.02302 0.84676 0.00256 0.12765 ( 2)
  58 G   0.73576 0.24341 0.01432 0.00651 ( 1)
  59 L   0.93957 0.02540 0.03383 0.00121 ( 1)
  60 N   0.00153 0.50806 0.03221 0.45820 ( 2)
  61 E   0.45581 0.51183 0.01072 0.02164 ( 2)
  62 S   0.04796 0.54497 0.16622 0.24084 ( 2)
  63 L   0.91013 0.03938 0.04808 0.00241 ( 1)
  64 N   0.00005 0.53511 0.00092 0.46391 ( 2)
  65 I   0.39885 0.41019 0.07845 0.11251 ( 2)
  66 Y   0.97246 0.00285 0.02459 0.00011 ( 1)
  67 N   0.93554 0.01434 0.04906 0.00106 ( 1)
  68 R   0.19636 0.06046 0.69497 0.04821 ( 3)
  69 A   0.41649 0.54612 0.01339 0.02400 ( 2)
  70 L   0.95644 0.02424 0.01864 0.00068 ( 1)
  71 A   0.93386 0.04625 0.01853 0.00136 ( 1)
  72 A   0.00119 0.84534 0.00086 0.15261 ( 2)
  73 W   0.83273 0.09548 0.06374 0.00806 ( 1)
  74 K   0.08136 0.78533 0.03906 0.09425 ( 2)
  75 Q   0.00000 0.34201 0.00007 0.65791 ( 4)
  76 -   0.48261 0.34555 0.10000 0.07184 ( 1)
  77 N   0.01056 0.89204 0.00084 0.09655 ( 2)
  78 K   0.00040 0.14346 0.10601 0.75012 ( 4)
  79 N   0.06457 0.80752 0.00601 0.12190 ( 2)
  80 N   0.00021 0.39945 0.00193 0.59841 ( 4)
  81 F   0.00531 0.10912 0.70965 0.17592 ( 3)
  82 A   0.03288 0.67192 0.07127 0.22393 ( 2)
  83 S   0.02792 0.24377 0.55263 0.17569 ( 3)
  84 -   0.48261 0.34555 0.10000 0.07184 ( 1)
  85 -   0.68678 0.14139 0.14242 0.02942 ( 1)
  86 G   0.81731 0.13543 0.03704 0.01022 ( 1)
  87 E   0.03638 0.56320 0.09473 0.30569 ( 2)
  88 L   0.00175 0.13437 0.31144 0.55245 ( 4)
  89 I   0.10251 0.72161 0.06813 0.10775 ( 2)
  90 R   0.90299 0.07826 0.01650 0.00226 ( 1)
  91 S   0.00006 0.20494 0.00367 0.79133 ( 4)
  92 Y   0.00013 0.02117 0.66722 0.31148 ( 3)
  93 I   0.97650 0.00994 0.01335 0.00020 ( 1)
  94 N   0.00187 0.81152 0.00038 0.18623 ( 2)
  95 D   0.17363 0.76070 0.01093 0.05473 ( 2)
  96 L   0.97848 0.00249 0.01896 0.00007 ( 1)
  97 H   0.98074 0.00377 0.01540 0.00009 ( 1)
  98 I   0.29921 0.64391 0.01159 0.04529 ( 2)
  99 L   0.00020 0.51831 0.00090 0.48059 ( 2)
 100 F   0.97991 0.00081 0.01926 0.00003 ( 1)
 101 T   0.00132 0.87051 0.00015 0.12802 ( 2)
 102 R   0.00001 0.48405 0.00011 0.51583 ( 4)
 103 D   0.01423 0.28454 0.46985 0.23138 ( 3)
 104 I   0.97554 0.00113 0.02329 0.00005 ( 1)
 105 Q   0.74175 0.22573 0.01893 0.01359 ( 1)
 106 S   0.00282 0.78773 0.00412 0.20533 ( 2)
 107 D   0.78350 0.14027 0.05920 0.01702 ( 1)
 108 F   0.92246 0.03108 0.04471 0.00175 ( 1)
 109 S   0.05739 0.58235 0.14427 0.21599 ( 2)
 110 L   0.27619 0.67705 0.00874 0.03803 ( 2)
 111 G   0.00007 0.63985 0.00014 0.35994 ( 2)
 112 G   0.03243 0.11375 0.69548 0.15834 ( 3)
 113 Y   0.93923 0.00362 0.05687 0.00029 ( 1)
 114 E   0.96040 0.01665 0.02230 0.00065 ( 1)
 115 T   0.00955 0.93646 0.00034 0.05366 ( 2)
 116 V   0.97012 0.00655 0.02305 0.00028 ( 1)
 117 L   0.95556 0.01014 0.03383 0.00047 ( 1)
 118 L   0.95189 0.01369 0.03378 0.00064 ( 1)
 119 P   0.97434 0.00512 0.02040 0.00014 ( 1)
 120 S   0.82133 0.10543 0.06242 0.01081 ( 1)
 121 Y   0.97094 0.00435 0.02455 0.00016 ( 1)
 122 A   0.83045 0.14509 0.01839 0.00608 ( 1)
 123 S   0.91347 0.05092 0.03278 0.00283 ( 1)
 124 A   0.90519 0.06906 0.02285 0.00290 ( 1)
 125 A   0.89123 0.05441 0.05080 0.00357 ( 1)
 126 N   0.97697 0.00384 0.01906 0.00014 ( 1)
 127 L   0.93752 0.02334 0.03794 0.00120 ( 1)
 128 H   0.98298 0.00164 0.01534 0.00004 ( 1)
 129 L   0.93121 0.01783 0.04985 0.00111 ( 1)
 130 L   0.80076 0.11591 0.07195 0.01137 ( 1)
 131 L   0.94446 0.01499 0.03970 0.00085 ( 1)
 132 L   0.94902 0.01642 0.03379 0.00077 ( 1)
 133 R   0.95115 0.02622 0.02187 0.00076 ( 1)
 134 D   0.95981 0.00213 0.03796 0.00010 ( 1)
 135 V   0.96357 0.01268 0.02324 0.00051 ( 1)
 136 A   0.10951 0.84403 0.00327 0.04318 ( 2)
 137 I   0.96482 0.01158 0.02310 0.00050 ( 1)
 138 Y   0.49694 0.04878 0.44612 0.00816 ( 1)
 139 G   0.97633 0.00454 0.01902 0.00012 ( 1)
 140 K   0.28692 0.67453 0.00713 0.03142 ( 2)
 141 E   0.13341 0.80195 0.00514 0.05950 ( 2)
 142 -   0.53954 0.28862 0.11182 0.06002 ( 1)
 143 -   0.49553 0.33263 0.10268 0.06916 ( 1)
 144 -   0.52216 0.30600 0.10821 0.06363 ( 1)
 145 -   0.53878 0.28938 0.11166 0.06017 ( 1)
 146 -   0.52983 0.29834 0.10980 0.06203 ( 1)
 147 -   0.53954 0.28862 0.11182 0.06002 ( 1)
 148 -   0.54751 0.28065 0.11348 0.05836 ( 1)
 149 -   0.49433 0.33383 0.10243 0.06941 ( 1)
 150 L   0.93548 0.01672 0.04667 0.00113 ( 1)
 151 G   0.90233 0.08112 0.01464 0.00190 ( 1)
 152 Y   0.96575 0.01418 0.01953 0.00055 ( 1)
 153 P   0.00002 0.52494 0.00040 0.47465 ( 2)
 154 S   0.00228 0.95896 0.00006 0.03870 ( 2)
 155 T   0.00004 0.88278 0.00003 0.11715 ( 2)
 156 D   0.00043 0.12669 0.09619 0.77669 ( 4)
 157 V   0.83142 0.12925 0.03290 0.00643 ( 1)
 158 E   0.00200 0.62812 0.04646 0.32341 ( 2)
 159 F   0.02141 0.75058 0.03198 0.19603 ( 2)
 160 Y   0.97271 0.00261 0.02458 0.00010 ( 1)
 161 Y   0.88015 0.08845 0.02676 0.00464 ( 1)
 162 N   0.00231 0.96683 0.00005 0.03080 ( 2)
 163 E   0.97325 0.00291 0.02373 0.00011 ( 1)
 164 Q   0.48411 0.38286 0.06580 0.06723 ( 1)
 165 K   0.30409 0.63404 0.01509 0.04678 ( 2)
 166 Y   0.00000 0.86874 0.00000 0.13126 ( 2)
 167 Y   0.95908 0.01603 0.02428 0.00061 ( 1)
 168 T   0.77461 0.15632 0.05430 0.01477 ( 1)
 169 E   0.11158 0.82380 0.01565 0.04897 ( 2)
 170 K   0.00085 0.93280 0.00005 0.06629 ( 2)
 171 Y   0.52524 0.01262 0.46030 0.00185 ( 1)
 172 S   0.86586 0.08225 0.04665 0.00525 ( 1)
 173 N   0.42616 0.17011 0.37032 0.03341 ( 1)
 174 Y   0.59239 0.31333 0.07734 0.01694 ( 1)
 175 C   0.90625 0.01017 0.08257 0.00101 ( 1)
 176 V   0.23877 0.29394 0.39316 0.07412 ( 3)
 177 N   0.21117 0.74172 0.01212 0.03498 ( 2)
 178 T   0.87548 0.10277 0.01849 0.00326 ( 1)
 179 Y   0.78890 0.12401 0.07439 0.01270 ( 1)
 180 K   0.95637 0.02408 0.01867 0.00088 ( 1)
 181 S   0.00961 0.92398 0.00051 0.06591 ( 2)
 182 G   0.56642 0.41497 0.00914 0.00948 ( 1)
 183 L   0.92360 0.02591 0.04890 0.00159 ( 1)
 184 E   0.19669 0.76360 0.00614 0.03356 ( 2)
 185 S   0.21411 0.74284 0.00763 0.03542 ( 2)
 186 K   0.43961 0.52899 0.01023 0.02117 ( 2)
 187 K   0.97446 0.00163 0.02384 0.00007 ( 1)
 188 Q   0.30434 0.64937 0.01066 0.03562 ( 2)
 189 I   0.96733 0.00914 0.02315 0.00037 ( 1)
 190 G   0.76835 0.12961 0.09555 0.00650 ( 1)
 191 W   0.83273 0.09548 0.06374 0.00806 ( 1)
 192 S   0.02206 0.84841 0.00618 0.12335 ( 2)
 193 D   0.00805 0.93807 0.00093 0.05295 ( 2)
 194 F   0.92538 0.02819 0.04485 0.00159 ( 1)
 195 N   0.97264 0.00684 0.02030 0.00022 ( 1)
 196 R   0.45406 0.49718 0.02138 0.02738 ( 2)
 197 Y   0.97271 0.00261 0.02458 0.00010 ( 1)
 198 R   0.96823 0.00925 0.02225 0.00027 ( 1)
 199 R   0.97849 0.00471 0.01668 0.00012 ( 1)
 200 E   0.00545 0.80251 0.00211 0.18993 ( 2)
 201 M   0.98553 0.00113 0.01331 0.00002 ( 1)
 202 T   0.93815 0.00342 0.05815 0.00028 ( 1)
 203 L   0.90753 0.04185 0.04804 0.00257 ( 1)
 204 S   0.20428 0.75832 0.00531 0.03209 ( 2)
 205 V   0.96199 0.01261 0.02488 0.00053 ( 1)
 206 L   0.95421 0.01143 0.03382 0.00054 ( 1)
 207 D   0.98115 0.00042 0.01841 0.00001 ( 1)
 208 I   0.54201 0.42213 0.01425 0.02160 ( 1)
 209 V   0.95426 0.02027 0.02450 0.00097 ( 1)
 210 A   0.96139 0.01815 0.01990 0.00056 ( 1)
 211 L   0.89722 0.06783 0.03176 0.00319 ( 1)
 212 F   0.93975 0.01392 0.04555 0.00078 ( 1)
 213 P   0.97244 0.00518 0.02223 0.00016 ( 1)
 214 L   0.04701 0.83345 0.00256 0.11698 ( 2)

