Supplemental results for CODEML (seqf: algn  treef: tree)


dN/dS (w) for site classes (K=4)

site class             0        1       2a       2b
proportion       0.35545  0.50474  0.05777  0.08204
background w     0.08703  1.00000  0.08703  1.00000
foreground w     0.08703  1.00000  1.00000  1.00000

Naive Empirical Bayes (NEB) probabilities for 4 classes
(amino acids refer to 1st sequence: BT_Cry30Da1)

   1 -   0.55453 0.30566 0.09013 0.04968 ( 1)
   2 -   0.06290 0.79729 0.01022 0.12959 ( 2)
   3 -   0.83744 0.02275 0.13612 0.00370 ( 1)
   4 R   0.96893 0.00077 0.03018 0.00012 ( 1)
   5 I   0.96667 0.00023 0.03307 0.00004 ( 1)
   6 T   0.96249 0.00048 0.03695 0.00008 ( 1)
   7 Q   0.89345 0.06568 0.03020 0.01068 ( 1)
   8 I   0.66952 0.25268 0.03673 0.04107 ( 1)
   9 P   0.96629 0.00079 0.03279 0.00013 ( 1)
  10 A   0.89846 0.04635 0.04766 0.00753 ( 1)
  11 V   0.93495 0.02837 0.03207 0.00461 ( 1)
  12 K   0.97281 0.00005 0.02713 0.00001 ( 1)
  13 A   0.93723 0.03223 0.02530 0.00524 ( 1)
  14 H   0.47624 0.43859 0.01388 0.07129 ( 1)
  15 Y   0.00000 0.86019 0.00000 0.13981 ( 2)
  16 L   0.06318 0.76506 0.04741 0.12435 ( 2)
  17 S   0.11247 0.76041 0.00352 0.12360 ( 2)
  18 A   0.00019 0.85996 0.00007 0.13978 ( 2)
  19 T   0.00294 0.85732 0.00039 0.13935 ( 2)
  20 A   0.07439 0.76024 0.04180 0.12357 ( 2)
  21 K   0.02871 0.77036 0.07572 0.12521 ( 2)
  22 V   0.96687 0.00013 0.03297 0.00002 ( 1)
  23 I   0.96653 0.00024 0.03318 0.00004 ( 1)
  24 A   0.04247 0.81445 0.01070 0.13238 ( 2)
  25 G   0.11110 0.00252 0.88597 0.00041 ( 3)
  26 P   0.16019 0.00055 0.83917 0.00009 ( 3)
  27 G   0.96462 0.00012 0.03524 0.00002 ( 1)
  28 H   0.03976 0.78411 0.04868 0.12745 ( 2)
  29 T   0.10795 0.19118 0.66980 0.03107 ( 3)
  30 G   0.96802 0.00004 0.03194 0.00001 ( 1)
  31 G   0.91146 0.00754 0.07977 0.00123 ( 1)
  32 D   0.89148 0.07174 0.02512 0.01166 ( 1)
  33 L   0.74741 0.01498 0.23517 0.00244 ( 1)
  34 V   0.82961 0.01357 0.15462 0.00221 ( 1)
  35 A   0.02123 0.75039 0.10641 0.12197 ( 2)
  36 L   0.03474 0.80232 0.03253 0.13041 ( 2)
  37 I   0.16126 0.71738 0.00475 0.11660 ( 2)
  38 -   0.35545 0.50474 0.05777 0.08204 ( 2)
  39 -   0.35545 0.50474 0.05777 0.08204 ( 2)
  40 -   0.35545 0.50474 0.05777 0.08204 ( 2)
  41 -   0.35545 0.50474 0.05777 0.08204 ( 2)
  42 N   0.16903 0.54549 0.19682 0.08866 ( 2)
  43 D   0.13046 0.73020 0.02066 0.11869 ( 2)
  44 G   0.19934 0.67858 0.01179 0.11029 ( 2)
  45 S   0.00002 0.86009 0.00010 0.13980 ( 2)
  46 R   0.00031 0.85984 0.00009 0.13976 ( 2)
  47 T   0.01353 0.79656 0.06044 0.12947 ( 2)
  48 G   0.10989 0.72686 0.04511 0.11814 ( 2)
  49 S   0.02517 0.83663 0.00222 0.13598 ( 2)
  50 M   0.26579 0.61739 0.01647 0.10035 ( 2)
  51 N   0.00002 0.86010 0.00009 0.13980 ( 2)
  52 I   0.86117 0.09474 0.02869 0.01540 ( 1)
  53 E   0.01499 0.84470 0.00302 0.13730 ( 2)
  54 C   0.08356 0.32647 0.53691 0.05306 ( 3)
  55 K   0.23364 0.14862 0.59359 0.02416 ( 3)
  56 T   0.17063 0.66729 0.05362 0.10846 ( 2)
  57 G   0.00205 0.85706 0.00159 0.13930 ( 2)
  58 S   0.00006 0.86001 0.00014 0.13978 ( 2)
  59 F   0.00026 0.85970 0.00031 0.13973 ( 2)
  60 T   0.19163 0.67356 0.02534 0.10948 ( 2)
  61 Q   0.38906 0.47113 0.06324 0.07658 ( 2)
  62 P   0.39753 0.46266 0.06461 0.07520 ( 2)
  63 S   0.00003 0.86016 0.00001 0.13981 ( 2)
  64 R   0.02099 0.83069 0.01330 0.13502 ( 2)
  65 R   0.55260 0.37078 0.01635 0.06027 ( 1)
  66 F   0.94689 0.00085 0.05212 0.00014 ( 1)
  67 G   0.00116 0.85814 0.00122 0.13948 ( 2)
  68 L   0.03721 0.80670 0.02497 0.13112 ( 2)
  69 R   0.97538 0.00020 0.02438 0.00003 ( 1)
  70 M   0.96757 0.00059 0.03175 0.00010 ( 1)
  71 R   0.91500 0.00062 0.08427 0.00010 ( 1)
  72 Y   0.97386 0.00002 0.02612 0.00000 ( 1)
  73 A   0.96756 0.00038 0.03200 0.00006 ( 1)
  74 E   0.78640 0.16375 0.02323 0.02662 ( 1)
  75 N   0.96082 0.00336 0.03527 0.00055 ( 1)
  76 N   0.01418 0.79920 0.05672 0.12990 ( 2)
  77 Q   0.00628 0.84487 0.01153 0.13732 ( 2)
  78 F   0.15718 0.72174 0.00377 0.11731 ( 2)
  79 S   0.00277 0.85310 0.00546 0.13866 ( 2)
  80 V   0.97431 0.00076 0.02481 0.00012 ( 1)
  81 S   0.00477 0.85524 0.00098 0.13901 ( 2)
  82 I   0.08978 0.73712 0.05329 0.11981 ( 2)
  83 L   0.00000 0.86018 0.00000 0.13981 ( 2)
  84 R   0.00023 0.85984 0.00017 0.13976 ( 2)
  85 D   0.00003 0.86016 0.00001 0.13981 ( 2)
  86 N   0.00001 0.86018 0.00000 0.13981 ( 2)
  87 Q   0.00997 0.85021 0.00162 0.13819 ( 2)
  88 -   0.35545 0.50474 0.05777 0.08204 ( 2)
  89 G   0.00115 0.85881 0.00045 0.13959 ( 2)
  90 V   0.00031 0.85987 0.00005 0.13976 ( 2)
  91 G   0.04700 0.80293 0.01957 0.13051 ( 2)
  92 T   0.00001 0.86018 0.00000 0.13981 ( 2)
  93 F   0.00494 0.69777 0.18387 0.11341 ( 2)
  94 N   0.00054 0.85969 0.00004 0.13973 ( 2)
  95 I   0.00002 0.86017 0.00000 0.13981 ( 2)
  96 E   0.01154 0.84933 0.00108 0.13805 ( 2)
  97 R   0.67198 0.26964 0.01454 0.04383 ( 1)
  98 T   0.09350 0.76003 0.02293 0.12353 ( 2)
  99 F   0.94935 0.01741 0.03041 0.00283 ( 1)
 100 S   0.94271 0.00467 0.05186 0.00076 ( 1)
 101 R   0.86576 0.10019 0.01777 0.01628 ( 1)
 102 T   0.23504 0.51890 0.16171 0.08434 ( 2)
 103 N   0.42562 0.43457 0.06918 0.07063 ( 2)
 104 N   0.42562 0.43457 0.06918 0.07063 ( 2)
 105 I   0.40726 0.45293 0.06619 0.07362 ( 2)
 106 I   0.00152 0.85607 0.00326 0.13914 ( 2)
 107 P   0.87868 0.08463 0.02294 0.01376 ( 1)
 108 T   0.00117 0.85881 0.00043 0.13959 ( 2)
 109 D   0.00160 0.85599 0.00327 0.13913 ( 2)
 110 L   0.81202 0.05957 0.11873 0.00968 ( 1)
 111 K   0.79621 0.00681 0.19587 0.00111 ( 1)
 112 Y   0.97268 0.00083 0.02636 0.00013 ( 1)
 113 N   0.96402 0.00852 0.02608 0.00138 ( 1)
 114 E   0.37929 0.50556 0.03298 0.08217 ( 2)
 115 F   0.97884 0.00001 0.02115 0.00000 ( 1)
 116 K   0.30134 0.52049 0.09358 0.08460 ( 2)
 117 Y   0.97293 0.00006 0.02700 0.00001 ( 1)
 118 N   0.00367 0.85419 0.00331 0.13884 ( 2)
 119 N   0.01481 0.82028 0.03158 0.13333 ( 2)
 120 Y   0.40333 0.45685 0.06556 0.07426 ( 2)
 121 D   0.02790 0.70363 0.15410 0.11437 ( 2)
 122 E   0.00189 0.85562 0.00342 0.13907 ( 2)
 123 I   0.02304 0.78215 0.06768 0.12713 ( 2)
 124 T   0.00031 0.85970 0.00026 0.13973 ( 2)
 125 M   0.01739 0.84061 0.00537 0.13663 ( 2)
 126 D   0.00544 0.85531 0.00024 0.13902 ( 2)
 127 L   0.00001 0.86017 0.00001 0.13981 ( 2)
 128 P   0.00018 0.85982 0.00024 0.13975 ( 2)
 129 P   0.00001 0.86017 0.00001 0.13981 ( 2)
 130 N   0.00480 0.85460 0.00170 0.13891 ( 2)
 131 K   0.02378 0.71814 0.14135 0.11673 ( 2)
 132 I   0.96195 0.00363 0.03383 0.00059 ( 1)
 133 I   0.00012 0.85999 0.00011 0.13978 ( 2)
 134 D   0.00017 0.85998 0.00007 0.13978 ( 2)
 135 -   0.08386 0.77633 0.01363 0.12618 ( 2)
 136 -   0.03767 0.82252 0.00612 0.13369 ( 2)
 137 -   0.38410 0.47608 0.06243 0.07738 ( 2)
 138 I   0.08201 0.76953 0.02339 0.12508 ( 2)
 139 R   0.00013 0.85980 0.00032 0.13975 ( 2)
 140 I   0.00541 0.85437 0.00135 0.13887 ( 2)
 141 Q   0.12295 0.72406 0.03531 0.11769 ( 2)
 142 Q   0.00024 0.85930 0.00079 0.13967 ( 2)
 143 T   0.65503 0.25912 0.04374 0.04212 ( 1)
 144 N   0.00139 0.85815 0.00098 0.13948 ( 2)
 145 S   0.01000 0.85019 0.00163 0.13819 ( 2)
 146 L   0.00037 0.85938 0.00057 0.13968 ( 2)
 147 S   0.01273 0.84653 0.00314 0.13759 ( 2)
 148 I   0.00000 0.86018 0.00000 0.13981 ( 2)
 149 N   0.01298 0.84458 0.00516 0.13728 ( 2)
 150 Q   0.23218 0.63182 0.03331 0.10269 ( 2)
 151 F   0.18153 0.66885 0.04090 0.10871 ( 2)
 152 I   0.61978 0.29550 0.03670 0.04803 ( 1)
 153 I   0.94856 0.01637 0.03240 0.00266 ( 1)
 154 D   0.97527 0.00003 0.02469 0.00001 ( 1)
 155 R   0.87257 0.07771 0.03709 0.01263 ( 1)
 156 I   0.53908 0.07021 0.37930 0.01141 ( 1)
 157 E   0.96738 0.00010 0.03250 0.00002 ( 1)
 158 F   0.95418 0.00088 0.04479 0.00014 ( 1)
 159 Y   0.85134 0.09092 0.04296 0.01478 ( 1)
 160 P   0.95911 0.00528 0.03475 0.00086 ( 1)


lnL = -2947.393619

