Supplemental results for CODEML (seqf: algn  treef: tree)


dN/dS (w) for site classes (K=4)

site class             0        1       2a       2b
proportion       0.54479  0.37579  0.04700  0.03242
background w     0.09432  1.00000  0.09432  1.00000
foreground w     0.09432  1.00000  1.00000  1.00000

Naive Empirical Bayes (NEB) probabilities for 4 classes
(amino acids refer to 1st sequence: BT_Cry21Aa1)

   1 -   0.70347 0.21711 0.06069 0.01873 ( 1)
   2 L   0.87670 0.04388 0.07564 0.00379 ( 1)
   3 K   0.93527 0.00464 0.05969 0.00040 ( 1)
   4 G   0.92046 0.00600 0.07302 0.00052 ( 1)
   5 F   0.93436 0.00140 0.06412 0.00012 ( 1)
   6 P   0.92101 0.00303 0.07570 0.00026 ( 1)
   7 A   0.92740 0.00014 0.07245 0.00001 ( 1)
   8 E   0.92981 0.00020 0.06997 0.00002 ( 1)
   9 K   0.93995 0.00007 0.05998 0.00001 ( 1)
  10 G   0.87709 0.05554 0.06258 0.00479 ( 1)
  11 -   0.02457 0.89646 0.00163 0.07734 ( 2)
  12 -   0.00043 0.92014 0.00004 0.07939 ( 2)
  13 -   0.16861 0.70922 0.06098 0.06119 ( 2)
  14 Y   0.01556 0.90493 0.00144 0.07807 ( 2)
  15 G   0.93267 0.00271 0.06439 0.00023 ( 1)
  16 D   0.00004 0.92040 0.00015 0.07941 ( 2)
  17 S   0.00098 0.91762 0.00224 0.07917 ( 2)
  18 I   0.03124 0.88954 0.00248 0.07674 ( 2)
  19 A   0.00831 0.90868 0.00462 0.07840 ( 2)
  20 Y   0.59169 0.21899 0.17042 0.01889 ( 1)
  21 V   0.93312 0.00434 0.06216 0.00037 ( 1)
  22 S   0.03049 0.89066 0.00202 0.07684 ( 2)
  23 -   0.54479 0.37579 0.04700 0.03242 ( 1)
  24 E   0.93789 0.00085 0.06119 0.00007 ( 1)
  25 P   0.00540 0.91520 0.00044 0.07896 ( 2)
  26 L   0.68381 0.24067 0.05475 0.02076 ( 1)
  27 N   0.94247 0.00029 0.05722 0.00002 ( 1)
  28 G   0.93469 0.00005 0.06525 0.00000 ( 1)
  29 A   0.89703 0.02861 0.07190 0.00247 ( 1)
  30 N   0.94208 0.00066 0.05720 0.00006 ( 1)
  31 A   0.92000 0.01876 0.05962 0.00162 ( 1)
  32 V   0.88058 0.05593 0.05866 0.00483 ( 1)
  33 K   0.93741 0.00253 0.05985 0.00022 ( 1)
  34 L   0.92945 0.00169 0.06872 0.00015 ( 1)
  35 T   0.80315 0.12219 0.06411 0.01054 ( 1)
  36 -   0.70387 0.21671 0.06073 0.01870 ( 1)
  37 -   0.00458 0.91600 0.00039 0.07903 ( 2)
  38 -   0.00497 0.91561 0.00043 0.07899 ( 2)
  39 -   0.05512 0.86546 0.00476 0.07467 ( 2)
  40 -   0.27189 0.64869 0.02346 0.05597 ( 2)
  41 -   0.01689 0.90369 0.00146 0.07797 ( 2)
  42 -   0.80676 0.11382 0.06960 0.00982 ( 1)
  43 -   0.04968 0.87090 0.00429 0.07514 ( 2)
  44 S   0.28250 0.63807 0.02437 0.05505 ( 2)
  45 Y   0.01747 0.90346 0.00112 0.07795 ( 2)
  46 Q   0.00276 0.91709 0.00103 0.07912 ( 2)
  47 V   0.00163 0.91829 0.00085 0.07923 ( 2)
  48 L   0.84751 0.08245 0.06293 0.00711 ( 1)
  49 Q   0.00216 0.91846 0.00014 0.07924 ( 2)
  50 M   0.07225 0.84860 0.00593 0.07321 ( 2)
  51 E   0.08693 0.80971 0.03350 0.06986 ( 2)
  52 V   0.92382 0.01228 0.06283 0.00106 ( 1)
  53 T   0.90030 0.02578 0.07169 0.00222 ( 1)
  54 N   0.94255 0.00021 0.05722 0.00002 ( 1)
  55 Q   0.00148 0.91912 0.00010 0.07930 ( 2)
  56 T   0.85001 0.08663 0.05589 0.00747 ( 1)
  57 T   0.08939 0.82767 0.01153 0.07141 ( 2)
  58 Q   0.92748 0.00673 0.06521 0.00058 ( 1)
  59 K   0.91858 0.01137 0.06907 0.00098 ( 1)
  60 Y   0.93593 0.00002 0.06404 0.00000 ( 1)
  61 R   0.28545 0.63962 0.01974 0.05518 ( 2)
  62 I   0.89847 0.04148 0.05647 0.00358 ( 1)
  63 R   0.92242 0.00104 0.07645 0.00009 ( 1)
  64 I   0.71887 0.21441 0.04823 0.01850 ( 1)
  65 R   0.92359 0.00007 0.07633 0.00001 ( 1)
  66 Y   0.93592 0.00004 0.06404 0.00000 ( 1)
  67 A   0.93908 0.00009 0.06082 0.00001 ( 1)
  68 T   0.93680 0.00530 0.05745 0.00046 ( 1)
  69 G   0.02777 0.89336 0.00179 0.07707 ( 2)
  70 G   0.00244 0.91818 0.00017 0.07922 ( 2)
  71 D   0.55294 0.38027 0.03398 0.03281 ( 1)
  72 T   0.68968 0.24298 0.04637 0.02096 ( 1)
  73 A   0.66923 0.26405 0.04394 0.02278 ( 1)
  74 A   0.87516 0.06336 0.05601 0.00547 ( 1)
  75 S   0.87456 0.06510 0.05472 0.00562 ( 1)
  76 I   0.72621 0.19891 0.05772 0.01716 ( 1)
  77 W   0.13717 0.78472 0.01041 0.06770 ( 2)
  78 F   0.54223 0.38532 0.03921 0.03324 ( 1)
  79 H   0.00048 0.91953 0.00066 0.07933 ( 2)
  80 I   0.89803 0.04020 0.05831 0.00347 ( 1)
  81 I   0.00002 0.92055 0.00001 0.07942 ( 2)
  82 -   0.65432 0.27776 0.04395 0.02396 ( 1)
  83 -   0.73697 0.19472 0.05151 0.01680 ( 1)
  84 -   0.63419 0.29250 0.04808 0.02524 ( 1)
  85 -   0.24157 0.68216 0.01742 0.05885 ( 2)
  86 -   0.88607 0.05528 0.05387 0.00477 ( 1)
  87 -   0.18611 0.70769 0.04514 0.06106 ( 2)
  88 G   0.46881 0.45772 0.03399 0.03949 ( 1)
  89 P   0.00172 0.91888 0.00013 0.07928 ( 2)
  90 S   0.00022 0.92036 0.00002 0.07940 ( 2)
  91 G   0.00000 0.92058 0.00000 0.07942 ( 2)
  92 N   0.00039 0.92019 0.00003 0.07939 ( 2)
  93 D   0.07873 0.66085 0.20341 0.05701 ( 2)
  94 L   0.84247 0.08314 0.06721 0.00717 ( 1)
  95 T   0.71620 0.21372 0.05165 0.01844 ( 1)
  96 N   0.27034 0.65610 0.01696 0.05660 ( 2)
  97 E   0.04126 0.87957 0.00329 0.07588 ( 2)
  98 G   0.00741 0.91186 0.00206 0.07867 ( 2)
  99 H   0.00003 0.92055 0.00001 0.07942 ( 2)
 100 N   0.65341 0.27347 0.04953 0.02359 ( 1)
 101 F   0.07924 0.63524 0.23071 0.05481 ( 2)
 102 S   0.02119 0.89975 0.00143 0.07763 ( 2)
 103 S   0.00064 0.91682 0.00343 0.07910 ( 2)
 104 V   0.00002 0.92055 0.00001 0.07942 ( 2)
 105 S   0.00183 0.91534 0.00387 0.07897 ( 2)
 106 S   0.58589 0.11511 0.28907 0.00993 ( 1)
 107 R   0.00002 0.92055 0.00001 0.07942 ( 2)
 108 N   0.88003 0.01357 0.10523 0.00117 ( 1)
 109 K   0.52504 0.20338 0.25404 0.01755 ( 1)
 110 M   0.92795 0.00287 0.06893 0.00025 ( 1)
 111 F   0.92963 0.00615 0.06369 0.00053 ( 1)
 112 V   0.70009 0.23453 0.04515 0.02023 ( 1)
 113 Q   0.59919 0.21752 0.16453 0.01877 ( 1)
 114 G   0.92283 0.00228 0.07469 0.00020 ( 1)
 115 N   0.00075 0.91931 0.00062 0.07931 ( 2)
 116 N   0.88143 0.02365 0.09288 0.00204 ( 1)
 117 G   0.93346 0.00127 0.06517 0.00011 ( 1)
 118 K   0.94205 0.00037 0.05755 0.00003 ( 1)
 119 Y   0.93593 0.00002 0.06404 0.00000 ( 1)
 120 V   0.92485 0.00104 0.07402 0.00009 ( 1)
 121 L   0.84558 0.08459 0.06253 0.00730 ( 1)
 122 N   0.06219 0.85892 0.00478 0.07410 ( 2)
 123 I   0.00008 0.92050 0.00001 0.07942 ( 2)
 124 L   0.90777 0.03104 0.05851 0.00268 ( 1)
 125 T   0.32040 0.60214 0.02551 0.05195 ( 2)
 126 -   0.58250 0.34033 0.04781 0.02936 ( 1)
 127 -   0.59255 0.33093 0.04796 0.02855 ( 1)
 128 -   0.72576 0.20918 0.04701 0.01805 ( 1)
 129 -   0.74624 0.19087 0.04642 0.01647 ( 1)
 130 -   0.59255 0.33093 0.04796 0.02855 ( 1)
 131 -   0.67158 0.25784 0.04833 0.02225 ( 1)
 132 -   0.68868 0.24226 0.04815 0.02090 ( 1)
 133 D   0.93633 0.00303 0.06038 0.00026 ( 1)
 134 S   0.91618 0.01871 0.06349 0.00161 ( 1)
 135 I   0.92022 0.00611 0.07314 0.00053 ( 1)
 136 E   0.93338 0.00621 0.05987 0.00054 ( 1)
 137 L   0.14608 0.77760 0.00924 0.06709 ( 2)
 138 P   0.93540 0.00006 0.06453 0.00001 ( 1)
 139 S   0.86570 0.06877 0.05960 0.00593 ( 1)
 140 G   0.92336 0.00114 0.07540 0.00010 ( 1)
 141 Q   0.77152 0.16591 0.04825 0.01431 ( 1)
 142 -   0.83213 0.08845 0.07179 0.00763 ( 1)
 143 Q   0.05970 0.86117 0.00483 0.07430 ( 2)
 144 T   0.93021 0.00980 0.05915 0.00085 ( 1)
 145 I   0.93608 0.00106 0.06277 0.00009 ( 1)
 146 L   0.01056 0.91023 0.00068 0.07853 ( 2)
 147 I   0.73194 0.20040 0.05038 0.01729 ( 1)
 148 Q   0.00009 0.92049 0.00001 0.07941 ( 2)
 149 N   0.88430 0.03898 0.07336 0.00336 ( 1)
 150 T   0.01006 0.91057 0.00081 0.07856 ( 2)
 151 N   0.03057 0.89030 0.00232 0.07681 ( 2)
 152 -   0.00013 0.92045 0.00001 0.07941 ( 2)
 153 -   0.00002 0.92056 0.00000 0.07942 ( 2)
 154 -   0.00557 0.91504 0.00045 0.07894 ( 2)
 155 S   0.67979 0.24343 0.05578 0.02100 ( 1)
 156 Q   0.12760 0.79485 0.00898 0.06858 ( 2)
 157 D   0.94119 0.00048 0.05829 0.00004 ( 1)
 158 L   0.92378 0.00036 0.07582 0.00003 ( 1)
 159 F   0.93657 0.00099 0.06236 0.00009 ( 1)
 160 L   0.92130 0.00505 0.07322 0.00044 ( 1)
 161 D   0.94161 0.00009 0.05829 0.00001 ( 1)
 162 R   0.93297 0.00023 0.06679 0.00002 ( 1)
 163 I   0.93551 0.00337 0.06082 0.00029 ( 1)
 164 E   0.92865 0.00005 0.07129 0.00000 ( 1)
 165 -   0.92079 0.00991 0.06844 0.00086 ( 1)
 166 -   0.79258 0.12799 0.06838 0.01104 ( 1)
 167 -   0.93485 0.00443 0.06034 0.00038 ( 1)


lnL = -3296.296216

