Supplemental results for CODEML (seqf: algn  treef: tree)


dN/dS (w) for site classes (K=4)

site class             0        1       2a       2b
proportion       0.47521  0.52479  0.00000  0.00000
background w     0.08684  1.00000  0.08684  1.00000
foreground w     0.08684  1.00000  1.00000  1.00000

Naive Empirical Bayes (NEB) probabilities for 4 classes
(amino acids refer to 1st sequence: BT_Cry24Ca1)

   1 -   0.53363 0.46637 0.00000 0.00000 ( 1)
   2 -   0.47521 0.52479 0.00000 0.00000 ( 2)
   3 A   0.00032 0.99968 0.00000 0.00000 ( 2)
   4 D   0.99996 0.00004 0.00000 0.00000 ( 1)
   5 K   0.99891 0.00109 0.00000 0.00000 ( 1)
   6 I   0.99938 0.00062 0.00000 0.00000 ( 1)
   7 T   0.99960 0.00040 0.00000 0.00000 ( 1)
   8 Q   0.99974 0.00026 0.00000 0.00000 ( 1)
   9 I   0.99995 0.00005 0.00000 0.00000 ( 1)
  10 P   0.99758 0.00242 0.00000 0.00000 ( 1)
  11 A   0.99971 0.00029 0.00000 0.00000 ( 1)
  12 V   0.99925 0.00075 0.00000 0.00000 ( 1)
  13 K   0.99987 0.00013 0.00000 0.00000 ( 1)
  14 T   0.10388 0.89612 0.00000 0.00000 ( 2)
  15 W   0.00056 0.99944 0.00000 0.00000 ( 2)
  16 E   0.00001 0.99999 0.00000 0.00000 ( 2)
  17 I   0.04875 0.95125 0.00000 0.00000 ( 2)
  18 R   0.00006 0.99994 0.00000 0.00000 ( 2)
  19 G   0.00142 0.99858 0.00000 0.00000 ( 2)
  20 T   0.00119 0.99881 0.00000 0.00000 ( 2)
  21 -   0.47521 0.52479 0.00000 0.00000 ( 2)
  22 S   0.02032 0.97968 0.00000 0.00000 ( 2)
  23 S   0.95781 0.04219 0.00000 0.00000 ( 1)
  24 V   0.99986 0.00014 0.00000 0.00000 ( 1)
  25 V   0.80591 0.19409 0.00000 0.00000 ( 1)
  26 A   0.89803 0.10197 0.00000 0.00000 ( 1)
  27 G   0.99931 0.00069 0.00000 0.00000 ( 1)
  28 P   0.99997 0.00003 0.00000 0.00000 ( 1)
  29 G   0.99996 0.00004 0.00000 0.00000 ( 1)
  30 N   0.01379 0.98621 0.00000 0.00000 ( 2)
  31 T   0.99989 0.00011 0.00000 0.00000 ( 1)
  32 G   0.99990 0.00010 0.00000 0.00000 ( 1)
  33 G   0.99980 0.00020 0.00000 0.00000 ( 1)
  34 N   0.98457 0.01543 0.00000 0.00000 ( 1)
  35 L   0.99831 0.00169 0.00000 0.00000 ( 1)
  36 V   0.99397 0.00603 0.00000 0.00000 ( 1)
  37 K   0.00256 0.99744 0.00000 0.00000 ( 2)
  38 M   0.78252 0.21748 0.00000 0.00000 ( 1)
  39 S   0.99420 0.00580 0.00000 0.00000 ( 1)
  40 Y   0.00188 0.99812 0.00000 0.00000 ( 2)
  41 H   0.00123 0.99877 0.00000 0.00000 ( 2)
  42 S   0.00025 0.99975 0.00000 0.00000 ( 2)
  43 V   0.00002 0.99998 0.00000 0.00000 ( 2)
  44 -   0.47521 0.52479 0.00000 0.00000 ( 2)
  45 W   0.01203 0.98797 0.00000 0.00000 ( 2)
  46 N   0.00623 0.99377 0.00000 0.00000 ( 2)
  47 I   0.99795 0.00205 0.00000 0.00000 ( 1)
  48 K   0.00163 0.99837 0.00000 0.00000 ( 2)
  49 F   0.71119 0.28881 0.00000 0.00000 ( 1)
  50 -   0.00550 0.99450 0.00000 0.00000 ( 2)
  51 -   0.02210 0.97790 0.00000 0.00000 ( 2)
  52 -   0.74352 0.25648 0.00000 0.00000 ( 1)
  53 -   0.70366 0.29634 0.00000 0.00000 ( 1)
  54 -   0.72840 0.27160 0.00000 0.00000 ( 1)
  55 -   0.55933 0.44067 0.00000 0.00000 ( 1)
  56 -   0.01007 0.98993 0.00000 0.00000 ( 2)
  57 T   0.00002 0.99998 0.00000 0.00000 ( 2)
  58 C   0.00000 1.00000 0.00000 0.00000 ( 2)
  59 Q   0.00250 0.99750 0.00000 0.00000 ( 2)
  60 Q   0.00000 1.00000 0.00000 0.00000 ( 2)
  61 L   0.00000 1.00000 0.00000 0.00000 ( 2)
  62 K   0.02165 0.97835 0.00000 0.00000 ( 2)
  63 R   0.00233 0.99767 0.00000 0.00000 ( 2)
  64 Y   0.98569 0.01431 0.00000 0.00000 ( 1)
  65 R   0.00014 0.99986 0.00000 0.00000 ( 2)
  66 V   0.75986 0.24014 0.00000 0.00000 ( 1)
  67 R   0.99669 0.00331 0.00000 0.00000 ( 1)
  68 I   0.99876 0.00124 0.00000 0.00000 ( 1)
  69 R   0.99841 0.00159 0.00000 0.00000 ( 1)
  70 Y   0.99997 0.00003 0.00000 0.00000 ( 1)
  71 A   0.99983 0.00017 0.00000 0.00000 ( 1)
  72 S   0.99562 0.00438 0.00000 0.00000 ( 1)
  73 D   0.61796 0.38204 0.00000 0.00000 ( 1)
  74 G   0.00011 0.99989 0.00000 0.00000 ( 2)
  75 N   0.77212 0.22788 0.00000 0.00000 ( 1)
  76 C   0.67792 0.32208 0.00000 0.00000 ( 1)
  77 Q   0.13181 0.86819 0.00000 0.00000 ( 2)
  78 L   0.98720 0.01280 0.00000 0.00000 ( 1)
  79 A   0.00000 1.00000 0.00000 0.00000 ( 2)
  80 M   0.47826 0.52174 0.00000 0.00000 ( 2)
  81 R   0.01233 0.98767 0.00000 0.00000 ( 2)
  82 R   0.93480 0.06520 0.00000 0.00000 ( 1)
  83 W   0.00126 0.99874 0.00000 0.00000 ( 2)
  84 R   0.00022 0.99978 0.00000 0.00000 ( 2)
  85 G   0.01652 0.98348 0.00000 0.00000 ( 2)
  86 G   0.00002 0.99998 0.00000 0.00000 ( 2)
  87 P   0.20360 0.79640 0.00000 0.00000 ( 2)
  88 G   0.00428 0.99572 0.00000 0.00000 ( 2)
  89 Y   0.00005 0.99995 0.00000 0.00000 ( 2)
  90 -   0.00678 0.99322 0.00000 0.00000 ( 2)
  91 -   0.47521 0.52479 0.00000 0.00000 ( 2)
  92 V   0.00081 0.99919 0.00000 0.00000 ( 2)
  93 Q   0.00018 0.99982 0.00000 0.00000 ( 2)
  94 E   0.01272 0.98728 0.00000 0.00000 ( 2)
  95 A   0.00193 0.99807 0.00000 0.00000 ( 2)
  96 R   0.03097 0.96903 0.00000 0.00000 ( 2)
  97 H   0.93101 0.06899 0.00000 0.00000 ( 1)
  98 T   0.04781 0.95219 0.00000 0.00000 ( 2)
  99 V   0.93091 0.06909 0.00000 0.00000 ( 1)
 100 Q   0.00060 0.99940 0.00000 0.00000 ( 2)
 101 R   0.27315 0.72685 0.00000 0.00000 ( 2)
 102 T   0.97094 0.02906 0.00000 0.00000 ( 1)
 103 F   0.86151 0.13849 0.00000 0.00000 ( 1)
 104 S   0.86074 0.13926 0.00000 0.00000 ( 1)
 105 -   0.46567 0.53433 0.00000 0.00000 ( 2)
 106 -   0.47521 0.52479 0.00000 0.00000 ( 2)
 107 G   0.97674 0.02326 0.00000 0.00000 ( 1)
 108 S   0.15505 0.84495 0.00000 0.00000 ( 2)
 109 M   0.98491 0.01509 0.00000 0.00000 ( 1)
 110 T   0.99366 0.00634 0.00000 0.00000 ( 1)
 111 Y   0.99956 0.00044 0.00000 0.00000 ( 1)
 112 D   0.99665 0.00335 0.00000 0.00000 ( 1)
 113 S   0.00076 0.99924 0.00000 0.00000 ( 2)
 114 F   0.99993 0.00007 0.00000 0.00000 ( 1)
 115 K   0.98691 0.01309 0.00000 0.00000 ( 1)
 116 Y   0.99978 0.00022 0.00000 0.00000 ( 1)
 117 L   0.05099 0.94901 0.00000 0.00000 ( 2)
 118 D   0.99605 0.00395 0.00000 0.00000 ( 1)
 119 I   0.07526 0.92474 0.00000 0.00000 ( 2)
 120 F   0.71288 0.28712 0.00000 0.00000 ( 1)
 121 T   0.00331 0.99669 0.00000 0.00000 ( 2)
 122 M   0.00294 0.99706 0.00000 0.00000 ( 2)
 123 P   0.00000 1.00000 0.00000 0.00000 ( 2)
 124 A   0.30067 0.69933 0.00000 0.00000 ( 2)
 125 E   0.01038 0.98962 0.00000 0.00000 ( 2)
 126 D   0.23807 0.76193 0.00000 0.00000 ( 2)
 127 Y   0.00000 1.00000 0.00000 0.00000 ( 2)
 128 T   0.00037 0.99963 0.00000 0.00000 ( 2)
 129 F   0.08294 0.91706 0.00000 0.00000 ( 2)
 130 N   0.00000 1.00000 0.00000 0.00000 ( 2)
 131 L   0.34354 0.65646 0.00000 0.00000 ( 2)
 132 T   0.04231 0.95769 0.00000 0.00000 ( 2)
 133 I   0.09135 0.90865 0.00000 0.00000 ( 2)
 134 -   0.01752 0.98248 0.00000 0.00000 ( 2)
 135 -   0.70890 0.29110 0.00000 0.00000 ( 1)
 136 D   0.00009 0.99991 0.00000 0.00000 ( 2)
 137 L   0.00107 0.99893 0.00000 0.00000 ( 2)
 138 E   0.00105 0.99895 0.00000 0.00000 ( 2)
 139 S   0.07031 0.92969 0.00000 0.00000 ( 2)
 140 G   0.99847 0.00153 0.00000 0.00000 ( 1)
 141 G   0.97096 0.02904 0.00000 0.00000 ( 1)
 142 A   0.00236 0.99764 0.00000 0.00000 ( 2)
 143 L   0.95012 0.04988 0.00000 0.00000 ( 1)
 144 Y   0.00920 0.99080 0.00000 0.00000 ( 2)
 145 I   0.97355 0.02645 0.00000 0.00000 ( 1)
 146 D   0.99988 0.00012 0.00000 0.00000 ( 1)
 147 K   0.99927 0.00073 0.00000 0.00000 ( 1)
 148 I   0.99807 0.00193 0.00000 0.00000 ( 1)
 149 E   0.99997 0.00003 0.00000 0.00000 ( 1)
 150 F   0.99911 0.00089 0.00000 0.00000 ( 1)
 151 -   0.99992 0.00008 0.00000 0.00000 ( 1)


lnL = -2956.767200

Bayes Empirical Bayes (BEB) probabilities for 4 classes (class)
(amino acids refer to 1st sequence: BT_Cry24Ca1)

   1 -   0.41579 0.52925 0.02412 0.03084 ( 2)
   2 -   0.41755 0.52749 0.02420 0.03075 ( 2)
   3 A   0.00040 0.94648 0.00002 0.05310 ( 2)
   4 D   0.96596 0.00003 0.03401 0.00000 ( 1)
   5 K   0.96206 0.00126 0.03663 0.00006 ( 1)
   6 I   0.95300 0.00048 0.04649 0.00003 ( 1)
   7 T   0.95664 0.00031 0.04303 0.00002 ( 1)
   8 Q   0.95671 0.00022 0.04306 0.00001 ( 1)
   9 I   0.95901 0.00004 0.04095 0.00000 ( 1)
  10 P   0.95327 0.00216 0.04446 0.00011 ( 1)
  11 A   0.95686 0.00023 0.04290 0.00001 ( 1)
  12 V   0.95284 0.00060 0.04653 0.00003 ( 1)
  13 K   0.95734 0.00010 0.04256 0.00001 ( 1)
  14 T   0.03356 0.84448 0.03551 0.08645 ( 2)
  15 W   0.00064 0.94893 0.00003 0.05040 ( 2)
  16 E   0.00002 0.95709 0.00000 0.04289 ( 2)
  17 I   0.02138 0.93546 0.00086 0.04230 ( 2)
  18 R   0.00012 0.94650 0.00001 0.05337 ( 2)
  19 G   0.00102 0.95679 0.00004 0.04215 ( 2)
  20 T   0.00129 0.95662 0.00005 0.04204 ( 2)
  21 -   0.41755 0.52749 0.02420 0.03075 ( 2)
  22 S   0.00980 0.94382 0.00044 0.04593 ( 2)
  23 S   0.87556 0.07912 0.04127 0.00405 ( 1)
  24 V   0.96430 0.00011 0.03559 0.00000 ( 1)
  25 V   0.53892 0.41960 0.02189 0.01959 ( 1)
  26 A   0.69666 0.26249 0.02852 0.01232 ( 1)
  27 G   0.95258 0.00056 0.04682 0.00003 ( 1)
  28 P   0.95965 0.00003 0.04033 0.00000 ( 1)
  29 G   0.96409 0.00003 0.03588 0.00000 ( 1)
  30 N   0.00764 0.88710 0.00639 0.09887 ( 2)
  31 T   0.96067 0.00008 0.03924 0.00000 ( 1)
  32 G   0.96404 0.00008 0.03588 0.00000 ( 1)
  33 G   0.95948 0.00016 0.04035 0.00001 ( 1)
  34 N   0.93849 0.02835 0.03194 0.00121 ( 1)
  35 L   0.95481 0.00145 0.04366 0.00007 ( 1)
  36 V   0.94590 0.00752 0.04619 0.00039 ( 1)
  37 K   0.00214 0.95510 0.00009 0.04267 ( 2)
  38 M   0.56400 0.39566 0.02224 0.01810 ( 1)
  39 S   0.94885 0.01181 0.03879 0.00056 ( 1)
  40 Y   0.00130 0.95497 0.00005 0.04367 ( 2)
  41 H   0.00127 0.95569 0.00005 0.04299 ( 2)
  42 S   0.00040 0.95521 0.00002 0.04437 ( 2)
  43 V   0.00004 0.95782 0.00000 0.04214 ( 2)
  44 -   0.41755 0.52749 0.02420 0.03075 ( 2)
  45 W   0.00652 0.94306 0.00035 0.05007 ( 2)
  46 N   0.00387 0.90500 0.00264 0.08849 ( 2)
  47 I   0.96300 0.00221 0.03469 0.00010 ( 1)
  48 K   0.00139 0.95585 0.00006 0.04270 ( 2)
  49 F   0.40675 0.55292 0.01554 0.02479 ( 2)
  50 -   0.00406 0.94098 0.00025 0.05471 ( 2)
  51 -   0.01050 0.93455 0.00063 0.05433 ( 2)
  52 -   0.68467 0.26037 0.03974 0.01522 ( 1)
  53 -   0.64399 0.30105 0.03737 0.01759 ( 1)
  54 -   0.66867 0.27637 0.03881 0.01615 ( 1)
  55 -   0.49897 0.44607 0.02893 0.02603 ( 1)
  56 -   0.00470 0.94034 0.00028 0.05468 ( 2)
  57 T   0.00004 0.94978 0.00000 0.05018 ( 2)
  58 C   0.00000 0.95573 0.00000 0.04426 ( 2)
  59 Q   0.00200 0.95111 0.00010 0.04680 ( 2)
  60 Q   0.00001 0.94989 0.00000 0.05011 ( 2)
  61 L   0.00001 0.95032 0.00000 0.04967 ( 2)
  62 K   0.01209 0.94522 0.00049 0.04221 ( 2)
  63 R   0.00229 0.95399 0.00010 0.04363 ( 2)
  64 Y   0.93429 0.02732 0.03712 0.00127 ( 1)
  65 R   0.00009 0.95150 0.00000 0.04841 ( 2)
  66 V   0.56960 0.39209 0.02093 0.01738 ( 1)
  67 R   0.94931 0.00284 0.04769 0.00015 ( 1)
  68 I   0.96395 0.00127 0.03473 0.00006 ( 1)
  69 R   0.95786 0.00139 0.04068 0.00007 ( 1)
  70 Y   0.96175 0.00002 0.03823 0.00000 ( 1)
  71 A   0.96046 0.00013 0.03941 0.00001 ( 1)
  72 S   0.94723 0.00759 0.04479 0.00039 ( 1)
  73 D   0.24793 0.71347 0.00851 0.03009 ( 2)
  74 G   0.00015 0.95469 0.00001 0.04515 ( 2)
  75 N   0.40518 0.55752 0.01376 0.02354 ( 2)
  76 C   0.37373 0.57600 0.01932 0.03096 ( 2)
  77 Q   0.04803 0.90525 0.00224 0.04447 ( 2)
  78 L   0.93868 0.01752 0.04291 0.00088 ( 1)
  79 A   0.00001 0.94975 0.00000 0.05024 ( 2)
  80 M   0.20009 0.75751 0.00796 0.03444 ( 2)
  81 R   0.00614 0.94642 0.00030 0.04714 ( 2)
  82 R   0.86952 0.09169 0.03455 0.00425 ( 1)
  83 W   0.00104 0.94854 0.00006 0.05037 ( 2)
  84 R   0.00017 0.94970 0.00001 0.05012 ( 2)
  85 G   0.00974 0.94514 0.00043 0.04468 ( 2)
  86 G   0.00004 0.95398 0.00000 0.04598 ( 2)
  87 P   0.07987 0.86926 0.00420 0.04668 ( 2)
  88 G   0.00289 0.95493 0.00011 0.04206 ( 2)
  89 Y   0.00008 0.95619 0.00000 0.04373 ( 2)
  90 -   0.00458 0.94047 0.00028 0.05468 ( 2)
  91 -   0.41755 0.52749 0.02420 0.03075 ( 2)
  92 V   0.00088 0.95471 0.00004 0.04437 ( 2)
  93 Q   0.00022 0.95288 0.00001 0.04689 ( 2)
  94 E   0.00909 0.94808 0.00037 0.04246 ( 2)
  95 A   0.00141 0.95405 0.00006 0.04447 ( 2)
  96 R   0.01493 0.93982 0.00066 0.04459 ( 2)
  97 H   0.82502 0.13682 0.03194 0.00622 ( 1)
  98 T   0.02187 0.93616 0.00086 0.04111 ( 2)
  99 V   0.77740 0.18571 0.02862 0.00826 ( 1)
 100 Q   0.00052 0.94937 0.00003 0.05008 ( 2)
 101 R   0.10848 0.84671 0.00467 0.04014 ( 2)
 102 T   0.91319 0.04002 0.04470 0.00210 ( 1)
 103 F   0.61868 0.34229 0.02362 0.01541 ( 1)
 104 S   0.68766 0.26237 0.03575 0.01423 ( 1)
 105 -   0.26460 0.68044 0.01541 0.03955 ( 2)
 106 -   0.41755 0.52749 0.02420 0.03075 ( 2)
 107 G   0.91989 0.04394 0.03421 0.00196 ( 1)
 108 S   0.05481 0.90108 0.00232 0.04179 ( 2)
 109 M   0.94068 0.02114 0.03720 0.00098 ( 1)
 110 T   0.95269 0.00802 0.03891 0.00038 ( 1)
 111 Y   0.96142 0.00035 0.03822 0.00002 ( 1)
 112 D   0.96167 0.00522 0.03289 0.00022 ( 1)
 113 S   0.00062 0.94813 0.00003 0.05121 ( 2)
 114 F   0.96307 0.00005 0.03688 0.00000 ( 1)
 115 K   0.93228 0.02506 0.04143 0.00124 ( 1)
 116 Y   0.96160 0.00017 0.03822 0.00001 ( 1)
 117 L   0.02195 0.93075 0.00105 0.04625 ( 2)
 118 D   0.96062 0.00626 0.03285 0.00027 ( 1)
 119 I   0.02970 0.92719 0.00120 0.04191 ( 2)
 120 F   0.41929 0.54046 0.01601 0.02424 ( 2)
 121 T   0.00230 0.95561 0.00009 0.04200 ( 2)
 122 M   0.00280 0.95370 0.00012 0.04338 ( 2)
 123 P   0.00000 0.95495 0.00000 0.04505 ( 2)
 124 A   0.12019 0.83070 0.00597 0.04314 ( 2)
 125 E   0.00830 0.94886 0.00034 0.04250 ( 2)
 126 D   0.08025 0.87988 0.00282 0.03705 ( 2)
 127 Y   0.00000 0.95626 0.00000 0.04373 ( 2)
 128 T   0.00050 0.95740 0.00002 0.04208 ( 2)
 129 F   0.03358 0.92382 0.00135 0.04126 ( 2)
 130 N   0.00000 0.91279 0.00000 0.08721 ( 2)
 131 L   0.14023 0.81046 0.00701 0.04230 ( 2)
 132 T   0.01846 0.93451 0.00087 0.04616 ( 2)
 133 I   0.03790 0.91904 0.00151 0.04155 ( 2)
 134 -   0.00839 0.93666 0.00050 0.05446 ( 2)
 135 -   0.64938 0.29566 0.03768 0.01728 ( 1)
 136 D   0.00012 0.95246 0.00001 0.04741 ( 2)
 137 L   0.00114 0.95468 0.00005 0.04413 ( 2)
 138 E   0.00117 0.95595 0.00005 0.04283 ( 2)
 139 S   0.02844 0.93087 0.00105 0.03964 ( 2)
 140 G   0.96232 0.00179 0.03581 0.00008 ( 1)
 141 G   0.90243 0.05692 0.03793 0.00272 ( 1)
 142 A   0.00220 0.95560 0.00009 0.04211 ( 2)
 143 L   0.86319 0.09726 0.03501 0.00455 ( 1)
 144 Y   0.00584 0.95046 0.00025 0.04346 ( 2)
 145 I   0.91792 0.03546 0.04477 0.00185 ( 1)
 146 D   0.95926 0.00009 0.04065 0.00000 ( 1)
 147 K   0.96252 0.00080 0.03664 0.00004 ( 1)
 148 I   0.96297 0.00224 0.03469 0.00010 ( 1)
 149 E   0.96311 0.00002 0.03687 0.00000 ( 1)
 150 F   0.96237 0.00074 0.03685 0.00003 ( 1)
 151 -   0.94499 0.00005 0.05496 0.00000 ( 1)

