Supplemental results for CODEML (seqf: algn  treef: tree)


dN/dS (w) for site classes (K=4)

site class             0        1       2a       2b
proportion       0.45045  0.20696  0.23474  0.10785
background w     0.04942  1.00000  0.04942  1.00000
foreground w     0.04942  1.00000  1.00000  1.00000

Naive Empirical Bayes (NEB) probabilities for 4 classes
(amino acids refer to 1st sequence: BT_Cry30Aa1)

   1 -   0.47034 0.19947 0.22624 0.10395 ( 1)
   2 -   0.45263 0.20614 0.23381 0.10742 ( 1)
   3 -   0.46888 0.20002 0.22687 0.10423 ( 1)
   4 -   0.46918 0.19991 0.22674 0.10418 ( 1)
   5 R   0.04094 0.61795 0.01907 0.32203 ( 2)
   6 I   0.08293 0.04211 0.85302 0.02194 ( 3)
   7 T   0.66760 0.01228 0.31372 0.00640 ( 1)
   8 Q   0.61989 0.04848 0.30636 0.02527 ( 1)
   9 I   0.09008 0.04078 0.84790 0.02125 ( 3)
  10 P   0.64488 0.02727 0.31363 0.01421 ( 1)
  11 A   0.66708 0.01212 0.31449 0.00632 ( 1)
  12 V   0.66554 0.01246 0.31551 0.00649 ( 1)
  13 K   0.66822 0.01175 0.31391 0.00612 ( 1)
  14 A   0.45035 0.21794 0.21813 0.11358 ( 1)
  15 Y   0.00075 0.65669 0.00035 0.34222 ( 2)
  16 S   0.00009 0.65732 0.00004 0.34255 ( 2)
  17 L   0.53883 0.12738 0.26741 0.06638 ( 1)
  18 T   0.05485 0.60460 0.02548 0.31507 ( 2)
  19 S   0.27018 0.39557 0.12811 0.20614 ( 2)
  20 P   0.64234 0.02975 0.31240 0.01551 ( 1)
  21 A   0.66708 0.01212 0.31449 0.00632 ( 1)
  22 R   0.48341 0.18946 0.22841 0.09873 ( 1)
  23 V   0.66369 0.01426 0.31463 0.00743 ( 1)
  24 I   0.67218 0.00962 0.31319 0.00501 ( 1)
  25 V   0.00196 0.65551 0.00092 0.34160 ( 2)
  26 G   0.63629 0.03794 0.30599 0.01977 ( 1)
  27 P   0.62769 0.03253 0.32283 0.01695 ( 1)
  28 G   0.64505 0.02627 0.31499 0.01369 ( 1)
  29 H   0.64988 0.02389 0.31377 0.01245 ( 1)
  30 T   0.66760 0.01228 0.31372 0.00640 ( 1)
  31 G   0.64636 0.02653 0.31329 0.01382 ( 1)
  32 G   0.64598 0.02689 0.31311 0.01402 ( 1)
  33 D   0.66747 0.01270 0.31321 0.00662 ( 1)
  34 L   0.61182 0.05558 0.30364 0.02897 ( 1)
  35 V   0.66698 0.01217 0.31450 0.00634 ( 1)
  36 A   0.66708 0.01212 0.31449 0.00632 ( 1)
  37 L   0.64616 0.02680 0.31307 0.01396 ( 1)
  38 L   0.60859 0.05897 0.30170 0.03073 ( 1)
  39 N   0.57887 0.08510 0.29168 0.04435 ( 1)
  40 S   0.00014 0.65728 0.00006 0.34252 ( 2)
  41 G   0.00220 0.65526 0.00106 0.34148 ( 2)
  42 T   0.05624 0.60316 0.02628 0.31432 ( 2)
  43 Q   0.25104 0.41081 0.12407 0.21409 ( 2)
  44 S   0.00621 0.65123 0.00318 0.33938 ( 2)
  45 G   0.65368 0.02102 0.31435 0.01095 ( 1)
  46 T   0.00229 0.65520 0.00108 0.34144 ( 2)
  47 M   0.65430 0.02037 0.31471 0.01062 ( 1)
  48 Q   0.25453 0.40738 0.12579 0.21230 ( 2)
  49 I   0.55914 0.10225 0.28533 0.05329 ( 1)
  50 Q   0.26339 0.39868 0.13017 0.20776 ( 2)
  51 C   0.63033 0.03955 0.30950 0.02061 ( 1)
  52 K   0.66822 0.01175 0.31391 0.00612 ( 1)
  53 T   0.66760 0.01228 0.31372 0.00640 ( 1)
  54 G   0.65368 0.02102 0.31435 0.01095 ( 1)
  55 S   0.57678 0.08579 0.29273 0.04470 ( 1)
  56 F   0.39643 0.27149 0.19059 0.14148 ( 1)
  57 T   0.67070 0.01050 0.31333 0.00547 ( 1)
  58 G   0.30990 0.35700 0.14705 0.18604 ( 2)
  59 P   0.02863 0.62979 0.01338 0.32820 ( 2)
  60 S   0.50627 0.15326 0.26061 0.07987 ( 1)
  61 R   0.66607 0.01264 0.31471 0.00659 ( 1)
  62 Q   0.13757 0.52249 0.06766 0.27228 ( 2)
  63 Y   0.64128 0.03076 0.31193 0.01603 ( 1)
  64 G   0.65368 0.02102 0.31435 0.01095 ( 1)
  65 L   0.40956 0.26267 0.19089 0.13688 ( 1)
  66 R   0.49523 0.16381 0.25560 0.08536 ( 1)
  67 M   0.41661 0.25179 0.20039 0.13121 ( 1)
  68 R   0.62523 0.04422 0.30751 0.02304 ( 1)
  69 Y   0.64211 0.03001 0.31223 0.01564 ( 1)
  70 A   0.66708 0.01212 0.31449 0.00632 ( 1)
  71 A   0.66379 0.01420 0.31462 0.00740 ( 1)
  72 N   0.67391 0.00852 0.31313 0.00444 ( 1)
  73 S   0.51514 0.16140 0.23936 0.08411 ( 1)
  74 A   0.04359 0.61517 0.02066 0.32058 ( 2)
  75 F   0.38717 0.28050 0.18614 0.14618 ( 1)
  76 T   0.66760 0.01228 0.31372 0.00640 ( 1)
  77 V   0.52883 0.13182 0.27065 0.06870 ( 1)
  78 S   0.52222 0.15381 0.24381 0.08016 ( 1)
  79 L   0.61273 0.05490 0.30375 0.02861 ( 1)
  80 S   0.62350 0.04626 0.30613 0.02411 ( 1)
  81 Y   0.63562 0.03635 0.30908 0.01895 ( 1)
  82 T   0.05728 0.60205 0.02692 0.31375 ( 2)
  83 L   0.23338 0.42784 0.11582 0.22296 ( 2)
  84 L   0.00006 0.65735 0.00003 0.34256 ( 2)
  85 -   0.60571 0.06770 0.29131 0.03528 ( 1)
  86 G   0.54008 0.11999 0.27740 0.06253 ( 1)
  87 Q   0.00321 0.65432 0.00149 0.34098 ( 2)
  88 T   0.40340 0.26323 0.19619 0.13717 ( 1)
  89 R   0.00000 0.65740 0.00000 0.34259 ( 2)
  90 G   0.40998 0.25827 0.19716 0.13459 ( 1)
  91 T   0.04445 0.34859 0.42530 0.18166 ( 3)
  92 S   0.39733 0.27346 0.18671 0.14251 ( 1)
  93 F   0.65375 0.02100 0.31431 0.01094 ( 1)
  94 V   0.00001 0.65687 0.00082 0.34231 ( 2)
  95 T   0.65971 0.01991 0.31001 0.01037 ( 1)
  96 E   0.65908 0.01854 0.31272 0.00966 ( 1)
  97 N   0.02766 0.63028 0.01361 0.32846 ( 2)
  98 T   0.66760 0.01228 0.31372 0.00640 ( 1)
  99 F   0.65375 0.02100 0.31431 0.01094 ( 1)
 100 S   0.02149 0.63634 0.01055 0.33161 ( 2)
 101 R   0.66607 0.01264 0.31471 0.00659 ( 1)
 102 S   0.00136 0.65610 0.00063 0.34191 ( 2)
 103 N   0.67391 0.00852 0.31313 0.00444 ( 1)
 104 N   0.67391 0.00852 0.31313 0.00444 ( 1)
 105 I   0.51818 0.15798 0.24151 0.08233 ( 1)
 106 I   0.67213 0.00960 0.31326 0.00500 ( 1)
 107 P   0.64202 0.03007 0.31224 0.01567 ( 1)
 108 T   0.65676 0.02276 0.30862 0.01186 ( 1)
 109 D   0.66988 0.01037 0.31434 0.00540 ( 1)
 110 L   0.61086 0.05652 0.30316 0.02946 ( 1)
 111 K   0.66822 0.01175 0.31391 0.00612 ( 1)
 112 Y   0.50335 0.15605 0.25929 0.08132 ( 1)
 113 E   0.55834 0.10410 0.28332 0.05425 ( 1)
 114 E   0.55834 0.10410 0.28332 0.05425 ( 1)
 115 F   0.65375 0.02100 0.31431 0.01094 ( 1)
 116 K   0.66822 0.01175 0.31391 0.00612 ( 1)
 117 Y   0.64211 0.03001 0.31223 0.01564 ( 1)
 118 K   0.66822 0.01175 0.31391 0.00612 ( 1)
 119 D   0.29288 0.36811 0.14718 0.19183 ( 2)
 120 Y   0.64211 0.03001 0.31223 0.01564 ( 1)
 121 L   0.00001 0.65740 0.00000 0.34259 ( 2)
 122 Q   0.61989 0.04848 0.30636 0.02527 ( 1)
 123 I   0.67218 0.00962 0.31319 0.00501 ( 1)
 124 I   0.67218 0.00962 0.31319 0.00501 ( 1)
 125 T   0.66760 0.01228 0.31372 0.00640 ( 1)
 126 M   0.39751 0.27038 0.19120 0.14090 ( 1)
 127 T   0.08998 0.02903 0.86587 0.01513 ( 3)
 128 L   0.00083 0.65659 0.00041 0.34217 ( 2)
 129 P   0.64352 0.02940 0.31175 0.01532 ( 1)
 130 A   0.02149 0.63629 0.01062 0.33159 ( 2)
 131 N   0.67391 0.00852 0.31313 0.00444 ( 1)
 132 T   0.66760 0.01228 0.31372 0.00640 ( 1)
 133 I   0.67213 0.00960 0.31326 0.00500 ( 1)
 134 I   0.44221 0.22888 0.20963 0.11927 ( 1)
 135 T   0.67070 0.01050 0.31333 0.00547 ( 1)
 136 I   0.67213 0.00960 0.31326 0.00500 ( 1)
 137 S   0.00011 0.65665 0.00105 0.34220 ( 2)
 138 M   0.06771 0.59186 0.03199 0.30843 ( 2)
 139 Q   0.00003 0.65737 0.00002 0.34258 ( 2)
 140 Q   0.61989 0.04848 0.30636 0.02527 ( 1)
 141 A   0.00048 0.65694 0.00024 0.34235 ( 2)
 142 T   0.00017 0.65725 0.00008 0.34251 ( 2)
 143 G   0.00026 0.65715 0.00014 0.34246 ( 2)
 144 L   0.00000 0.65741 0.00000 0.34259 ( 2)
 145 L   0.00027 0.65714 0.00013 0.34245 ( 2)
 146 N   0.67391 0.00852 0.31313 0.00444 ( 1)
 147 N   0.00386 0.65368 0.00181 0.34065 ( 2)
 148 Q   0.61989 0.04848 0.30636 0.02527 ( 1)
 149 L   0.61182 0.05558 0.30364 0.02897 ( 1)
 150 I   0.67218 0.00962 0.31319 0.00501 ( 1)
 151 I   0.67218 0.00962 0.31319 0.00501 ( 1)
 152 D   0.58388 0.07871 0.29640 0.04102 ( 1)
 153 R   0.66347 0.01515 0.31348 0.00790 ( 1)
 154 I   0.58442 0.09419 0.27231 0.04908 ( 1)
 155 E   0.66315 0.01459 0.31465 0.00760 ( 1)
 156 F   0.35800 0.30890 0.17212 0.16098 ( 1)
 157 Y   0.03139 0.62714 0.01465 0.32682 ( 2)
 158 P   0.62136 0.03605 0.32381 0.01878 ( 1)


lnL = -1529.465816

Bayes Empirical Bayes (BEB) probabilities for 4 classes (class)
(amino acids refer to 1st sequence: BT_Cry30Aa1)

   1 -   0.62469 0.26684 0.07415 0.03432 ( 1)
   2 -   0.59859 0.27444 0.08684 0.04014 ( 1)
   3 -   0.62267 0.26753 0.07506 0.03474 ( 1)
   4 -   0.62335 0.26751 0.07461 0.03453 ( 1)
   5 R   0.05800 0.83537 0.00621 0.10042 ( 2)
   6 I   0.12141 0.06240 0.79782 0.01837 ( 3)
   7 T   0.88304 0.01661 0.09829 0.00205 ( 1)
   8 Q   0.82135 0.06546 0.10442 0.00877 ( 1)
   9 I   0.16235 0.07435 0.74880 0.01449 ( 3)
  10 P   0.85441 0.03689 0.10389 0.00481 ( 1)
  11 A   0.88270 0.01640 0.09887 0.00203 ( 1)
  12 V   0.88093 0.01686 0.10010 0.00211 ( 1)
  13 K   0.88390 0.01589 0.09825 0.00196 ( 1)
  14 A   0.60094 0.28962 0.07206 0.03738 ( 1)
  15 Y   0.00110 0.89140 0.00012 0.10738 ( 2)
  16 S   0.00014 0.88133 0.00002 0.11851 ( 2)
  17 L   0.71412 0.17095 0.09185 0.02308 ( 1)
  18 T   0.07748 0.81653 0.00824 0.09775 ( 2)
  19 S   0.36619 0.52703 0.04132 0.06546 ( 2)
  20 P   0.85104 0.04024 0.10348 0.00524 ( 1)
  21 A   0.88270 0.01640 0.09887 0.00203 ( 1)
  22 R   0.64444 0.25205 0.07230 0.03121 ( 1)
  23 V   0.87848 0.01929 0.09981 0.00241 ( 1)
  24 I   0.88860 0.01301 0.09680 0.00159 ( 1)
  25 V   0.00287 0.88815 0.00032 0.10867 ( 2)
  26 G   0.84286 0.05126 0.09934 0.00655 ( 1)
  27 P   0.83079 0.04394 0.11891 0.00636 ( 1)
  28 G   0.85462 0.03554 0.10518 0.00467 ( 1)
  29 H   0.86092 0.03233 0.10260 0.00416 ( 1)
  30 T   0.88304 0.01661 0.09829 0.00205 ( 1)
  31 G   0.85633 0.03588 0.10314 0.00465 ( 1)
  32 G   0.85583 0.03638 0.10308 0.00471 ( 1)
  33 D   0.88301 0.01718 0.09769 0.00211 ( 1)
  34 L   0.81056 0.07499 0.10432 0.01013 ( 1)
  35 V   0.88259 0.01647 0.09890 0.00204 ( 1)
  36 A   0.88270 0.01640 0.09887 0.00203 ( 1)
  37 L   0.85605 0.03625 0.10301 0.00469 ( 1)
  38 L   0.80631 0.07955 0.10343 0.01072 ( 1)
  39 N   0.76654 0.11449 0.10307 0.01591 ( 1)
  40 S   0.00021 0.89269 0.00002 0.10708 ( 2)
  41 G   0.00320 0.88453 0.00037 0.11189 ( 2)
  42 T   0.07936 0.81371 0.00858 0.09835 ( 2)
  43 Q   0.33921 0.54502 0.04295 0.07282 ( 2)
  44 S   0.00871 0.86571 0.00123 0.12435 ( 2)
  45 G   0.86585 0.02844 0.10207 0.00363 ( 1)
  46 T   0.00334 0.88789 0.00037 0.10840 ( 2)
  47 M   0.86676 0.02757 0.10214 0.00352 ( 1)
  48 Q   0.34382 0.54043 0.04354 0.07221 ( 2)
  49 I   0.73981 0.13727 0.10336 0.01957 ( 1)
  50 Q   0.35551 0.52881 0.04502 0.07066 ( 2)
  51 C   0.83524 0.05345 0.10424 0.00708 ( 1)
  52 K   0.88390 0.01589 0.09825 0.00196 ( 1)
  53 T   0.88304 0.01661 0.09829 0.00205 ( 1)
  54 G   0.86585 0.02844 0.10207 0.00363 ( 1)
  55 S   0.76347 0.11536 0.10490 0.01626 ( 1)
  56 F   0.53104 0.36074 0.06231 0.04591 ( 1)
  57 T   0.88678 0.01420 0.09728 0.00174 ( 1)
  58 G   0.41840 0.47513 0.04733 0.05914 ( 2)
  59 P   0.04066 0.85187 0.00439 0.10308 ( 2)
  60 S   0.66941 0.20480 0.09606 0.02973 ( 1)
  61 R   0.88152 0.01710 0.09925 0.00212 ( 1)
  62 Q   0.18836 0.69614 0.02348 0.09202 ( 2)
  63 Y   0.84963 0.04159 0.10335 0.00542 ( 1)
  64 G   0.86585 0.02844 0.10207 0.00363 ( 1)
  65 L   0.54878 0.34937 0.05947 0.04238 ( 1)
  66 R   0.65468 0.21868 0.09472 0.03192 ( 1)
  67 M   0.55737 0.33461 0.06544 0.04258 ( 1)
  68 R   0.82846 0.05973 0.10388 0.00793 ( 1)
  69 Y   0.85073 0.04058 0.10340 0.00528 ( 1)
  70 A   0.88270 0.01640 0.09887 0.00203 ( 1)
  71 A   0.87860 0.01921 0.09979 0.00240 ( 1)
  72 N   0.89079 0.01152 0.09629 0.00140 ( 1)
  73 S   0.68544 0.21477 0.07382 0.02597 ( 1)
  74 A   0.06154 0.82915 0.00690 0.10241 ( 2)
  75 F   0.51897 0.37271 0.06089 0.04743 ( 1)
  76 T   0.88304 0.01661 0.09829 0.00205 ( 1)
  77 V   0.69955 0.17652 0.09861 0.02532 ( 1)
  78 S   0.69478 0.20475 0.07559 0.02488 ( 1)
  79 L   0.81180 0.07408 0.10413 0.00998 ( 1)
  80 S   0.82610 0.06247 0.10315 0.00828 ( 1)
  81 Y   0.84213 0.04913 0.10234 0.00640 ( 1)
  82 T   0.08074 0.81139 0.00886 0.09901 ( 2)
  83 L   0.31565 0.56744 0.04047 0.07644 ( 2)
  84 L   0.00008 0.87417 0.00001 0.12574 ( 2)
  85 -   0.80253 0.09125 0.09456 0.01165 ( 1)
  86 G   0.71421 0.16077 0.10179 0.02323 ( 1)
  87 Q   0.00468 0.88864 0.00050 0.10618 ( 2)
  88 T   0.53965 0.34953 0.06540 0.04541 ( 1)
  89 R   0.00001 0.89270 0.00000 0.10729 ( 2)
  90 G   0.54868 0.34319 0.06443 0.04370 ( 1)
  91 T   0.06218 0.47342 0.32713 0.13727 ( 2)
  92 S   0.53270 0.36365 0.05896 0.04469 ( 1)
  93 F   0.86593 0.02841 0.10203 0.00363 ( 1)
  94 V   0.00001 0.52319 0.00158 0.47522 ( 2)
  95 T   0.87265 0.02691 0.09712 0.00332 ( 1)
  96 E   0.87244 0.02508 0.09934 0.00314 ( 1)
  97 N   0.03892 0.84472 0.00484 0.11152 ( 2)
  98 T   0.88304 0.01661 0.09829 0.00205 ( 1)
  99 F   0.86593 0.02841 0.10203 0.00363 ( 1)
 100 S   0.03030 0.85355 0.00375 0.11240 ( 2)
 101 R   0.88152 0.01710 0.09925 0.00212 ( 1)
 102 S   0.00199 0.89027 0.00021 0.10753 ( 2)
 103 N   0.89079 0.01152 0.09629 0.00140 ( 1)
 104 N   0.89079 0.01152 0.09629 0.00140 ( 1)
 105 I   0.68932 0.21023 0.07489 0.02556 ( 1)
 106 I   0.88856 0.01299 0.09687 0.00158 ( 1)
 107 P   0.85062 0.04066 0.10342 0.00530 ( 1)
 108 T   0.86877 0.03075 0.09668 0.00380 ( 1)
 109 D   0.88619 0.01403 0.09805 0.00172 ( 1)
 110 L   0.80929 0.07626 0.10415 0.01030 ( 1)
 111 K   0.88390 0.01589 0.09825 0.00196 ( 1)
 112 Y   0.66551 0.20847 0.09571 0.03031 ( 1)
 113 E   0.73904 0.13978 0.10148 0.01970 ( 1)
 114 E   0.73904 0.13978 0.10148 0.01970 ( 1)
 115 F   0.86593 0.02841 0.10203 0.00363 ( 1)
 116 K   0.88390 0.01589 0.09825 0.00196 ( 1)
 117 Y   0.85073 0.04058 0.10340 0.00528 ( 1)
 118 K   0.88390 0.01589 0.09825 0.00196 ( 1)
 119 D   0.39308 0.48663 0.05264 0.06765 ( 2)
 120 Y   0.85073 0.04058 0.10340 0.00528 ( 1)
 121 L   0.00001 0.88510 0.00000 0.11488 ( 2)
 122 Q   0.82135 0.06546 0.10442 0.00877 ( 1)
 123 I   0.88860 0.01301 0.09680 0.00159 ( 1)
 124 I   0.88860 0.01301 0.09680 0.00159 ( 1)
 125 T   0.88304 0.01661 0.09829 0.00205 ( 1)
 126 M   0.53250 0.35929 0.06250 0.04571 ( 1)
 127 T   0.16384 0.05357 0.76889 0.01370 ( 3)
 128 L   0.00121 0.88248 0.00015 0.11616 ( 2)
 129 P   0.85255 0.03976 0.10255 0.00514 ( 1)
 130 A   0.03026 0.85233 0.00382 0.11360 ( 2)
 131 N   0.89079 0.01152 0.09629 0.00140 ( 1)
 132 T   0.88304 0.01661 0.09829 0.00205 ( 1)
 133 I   0.88856 0.01299 0.09687 0.00158 ( 1)
 134 I   0.59091 0.30434 0.06686 0.03788 ( 1)
 135 T   0.88678 0.01420 0.09728 0.00174 ( 1)
 136 I   0.88856 0.01299 0.09687 0.00158 ( 1)
 137 S   0.00014 0.75762 0.00080 0.24144 ( 2)
 138 M   0.09510 0.79576 0.01062 0.09852 ( 2)
 139 Q   0.00005 0.87856 0.00001 0.12138 ( 2)
 140 Q   0.82135 0.06546 0.10442 0.00877 ( 1)
 141 A   0.00070 0.88105 0.00009 0.11817 ( 2)
 142 T   0.00026 0.89300 0.00003 0.10672 ( 2)
 143 G   0.00038 0.87313 0.00005 0.12644 ( 2)
 144 L   0.00000 0.88629 0.00000 0.11371 ( 2)
 145 L   0.00040 0.88326 0.00005 0.11630 ( 2)
 146 N   0.89079 0.01152 0.09629 0.00140 ( 1)
 147 N   0.00563 0.88629 0.00061 0.10748 ( 2)
 148 Q   0.82135 0.06546 0.10442 0.00877 ( 1)
 149 L   0.81056 0.07499 0.10432 0.01013 ( 1)
 150 I   0.88860 0.01301 0.09680 0.00159 ( 1)
 151 I   0.88860 0.01301 0.09680 0.00159 ( 1)
 152 D   0.77289 0.10591 0.10626 0.01494 ( 1)
 153 R   0.87809 0.02050 0.09886 0.00255 ( 1)
 154 I   0.77383 0.12662 0.08414 0.01541 ( 1)
 155 E   0.87782 0.01975 0.09996 0.00247 ( 1)
 156 F   0.48090 0.41049 0.05639 0.05221 ( 1)
 157 Y   0.04456 0.84829 0.00480 0.10235 ( 2)
 158 P   0.82157 0.04862 0.12256 0.00724 ( 1)

