Supplemental results for CODEML (seqf: algn  treef: tree)


dN/dS (w) for site classes (K=4)

site class             0        1       2a       2b
proportion       0.34200  0.30533  0.18632  0.16634
background w     0.10912  1.56656  0.10912  1.56656
foreground w     0.10912  1.56656  0.16985  0.16985

Naive Empirical Bayes (NEB) probabilities for 4 classes
(amino acids refer to 1st sequence: BT_Cry32Da1)

   1 I   0.34200 0.30533 0.18632 0.16634 ( 1)
   2 S   0.02503 0.62230 0.01364 0.33903 ( 2)
   3 I   0.01712 0.63021 0.00933 0.34334 ( 2)
   4 D   0.64619 0.00114 0.35204 0.00062 ( 1)
   5 K   0.64148 0.00902 0.34172 0.00778 ( 1)
   6 I   0.65735 0.00013 0.34240 0.00012 ( 1)
   7 T   0.64824 0.00469 0.34254 0.00453 ( 1)
   8 Q   0.64573 0.00555 0.34374 0.00498 ( 1)
   9 I   0.65689 0.00016 0.34279 0.00015 ( 1)
  10 P   0.65232 0.00048 0.34677 0.00044 ( 1)
  11 A   0.65192 0.00020 0.34772 0.00016 ( 1)
  12 V   0.64893 0.00165 0.34820 0.00123 ( 1)
  13 K   0.65187 0.00046 0.34726 0.00041 ( 1)
  14 A   0.38179 0.23946 0.20310 0.17565 ( 1)
  15 F   0.00001 0.71498 0.00001 0.28500 ( 2)
  16 F   0.00000 0.62860 0.00000 0.37140 ( 2)
  17 I   0.02653 0.61553 0.01511 0.34282 ( 2)
  18 D   0.00002 0.53338 0.00001 0.46659 ( 2)
  19 D   0.00004 0.60261 0.00002 0.39733 ( 2)
  20 N   0.47109 0.16742 0.24648 0.11502 ( 1)
  21 H   0.34200 0.30533 0.18632 0.16634 ( 1)
  22 V   0.39259 0.23609 0.21008 0.16124 ( 1)
  23 K   0.02512 0.61043 0.01355 0.35090 ( 2)
  24 V   0.65144 0.00043 0.34781 0.00032 ( 1)
  25 I   0.55071 0.00209 0.44607 0.00113 ( 1)
  26 K   0.54449 0.00410 0.44971 0.00170 ( 1)
  27 G   0.65354 0.00019 0.34610 0.00018 ( 1)
  28 P   0.65412 0.00006 0.34576 0.00006 ( 1)
  29 G   0.65561 0.00007 0.34424 0.00008 ( 1)
  30 S   0.63535 0.01561 0.33159 0.01745 ( 1)
  31 T   0.65505 0.00013 0.34469 0.00012 ( 1)
  32 G   0.65555 0.00009 0.34426 0.00010 ( 1)
  33 G   0.65141 0.00024 0.34817 0.00018 ( 1)
  34 D   0.65760 0.00031 0.34176 0.00032 ( 1)
  35 L   0.65214 0.00045 0.34702 0.00040 ( 1)
  36 V   0.64461 0.00808 0.34072 0.00659 ( 1)
  37 A   0.03189 0.74144 0.02592 0.20075 ( 2)
  38 F   0.29292 0.31048 0.16285 0.23375 ( 2)
  39 S   0.39168 0.23363 0.20758 0.16711 ( 1)
  40 R   0.00001 0.64615 0.00001 0.35383 ( 2)
  41 E   0.00002 0.80630 0.00002 0.19366 ( 2)
  42 G   0.00146 0.72255 0.00129 0.27470 ( 2)
  43 -   0.11545 0.52908 0.08166 0.27380 ( 2)
  44 -   0.60982 0.04027 0.31958 0.03033 ( 1)
  45 -   0.34200 0.30533 0.18632 0.16634 ( 1)
  46 Y   0.00163 0.59298 0.00087 0.40451 ( 2)
  47 G   0.00000 0.61243 0.00000 0.38757 ( 2)
  48 L   0.63607 0.01609 0.33448 0.01337 ( 1)
  49 S   0.00172 0.73001 0.00123 0.26704 ( 2)
  50 I   0.54566 0.09023 0.29324 0.07087 ( 1)
  51 S   0.00041 0.60526 0.00024 0.39409 ( 2)
  52 V   0.02495 0.67623 0.02263 0.27618 ( 2)
  53 F   0.05003 0.52946 0.02683 0.39367 ( 2)
  54 I   0.02206 0.54621 0.01156 0.42017 ( 2)
  55 P   0.65192 0.00077 0.34661 0.00070 ( 1)
  56 G   0.00308 0.56347 0.00162 0.43183 ( 2)
  57 S   0.02551 0.49327 0.01351 0.46771 ( 2)
  58 D   0.00041 0.57451 0.00021 0.42487 ( 2)
  59 L   0.00000 0.77966 0.00000 0.22033 ( 2)
  60 V   0.52499 0.12234 0.28601 0.06665 ( 1)
  61 S   0.34200 0.30533 0.18632 0.16634 ( 1)
  62 F   0.00013 0.60897 0.00007 0.39083 ( 2)
  63 Y   0.65441 0.00006 0.34547 0.00006 ( 1)
  64 R   0.57977 0.05802 0.30820 0.05402 ( 1)
  65 V   0.64954 0.00461 0.34179 0.00405 ( 1)
  66 R   0.65494 0.00010 0.34485 0.00011 ( 1)
  67 I   0.65634 0.00009 0.34350 0.00008 ( 1)
  68 R   0.65270 0.00018 0.34696 0.00017 ( 1)
  69 Y   0.65441 0.00006 0.34547 0.00006 ( 1)
  70 A   0.65419 0.00054 0.34475 0.00052 ( 1)
  71 S   0.65729 0.00001 0.34270 0.00001 ( 1)
  72 S   0.65090 0.00036 0.34843 0.00031 ( 1)
  73 Q   0.00286 0.59923 0.00155 0.39637 ( 2)
  74 S   0.00023 0.56139 0.00012 0.43826 ( 2)
  75 A   0.10978 0.52379 0.05920 0.30722 ( 2)
  76 K   0.00154 0.54020 0.00082 0.45743 ( 2)
  77 V   0.16874 0.42181 0.09859 0.31087 ( 2)
  78 T   0.00000 0.66319 0.00000 0.33681 ( 2)
  79 M   0.63491 0.01380 0.34051 0.01078 ( 1)
  80 G   0.00126 0.70118 0.00106 0.29650 ( 2)
  81 F   0.04860 0.70098 0.03511 0.21531 ( 2)
  82 G   0.00001 0.79447 0.00001 0.20551 ( 2)
  83 G   0.64547 0.00186 0.35165 0.00101 ( 1)
  84 G   0.00651 0.64082 0.00355 0.34912 ( 2)
  85 V   0.11999 0.52734 0.06537 0.28729 ( 2)
  86 E   0.00006 0.79525 0.00005 0.20464 ( 2)
  87 E   0.00004 0.63428 0.00002 0.36566 ( 2)
  88 S   0.00033 0.52215 0.00017 0.47734 ( 2)
  89 E   0.00009 0.63953 0.00005 0.36033 ( 2)
  90 S   0.00569 0.54155 0.00300 0.44976 ( 2)
  91 K   0.00660 0.59378 0.00355 0.39607 ( 2)
  92 F   0.65615 0.00002 0.34381 0.00002 ( 1)
  93 N   0.50714 0.12760 0.26839 0.09687 ( 1)
  94 F   0.58760 0.05639 0.31558 0.04042 ( 1)
  95 P   0.65270 0.00023 0.34686 0.00021 ( 1)
  96 A   0.65166 0.00014 0.34809 0.00011 ( 1)
  97 T   0.64919 0.00143 0.34831 0.00107 ( 1)
  98 Y   0.63460 0.01776 0.33161 0.01603 ( 1)
  99 S   0.59765 0.05216 0.31409 0.03610 ( 1)
 100 G   0.65779 0.00016 0.34189 0.00016 ( 1)
 101 -   0.03198 0.54668 0.01707 0.40427 ( 2)
 102 G   0.15998 0.55354 0.13246 0.15401 ( 2)
 103 N   0.65711 0.00029 0.34235 0.00025 ( 1)
 104 L   0.64165 0.00732 0.34601 0.00502 ( 1)
 105 T   0.54774 0.00448 0.44553 0.00226 ( 1)
 106 Y   0.65434 0.00012 0.34543 0.00012 ( 1)
 107 N   0.65794 0.00033 0.34143 0.00030 ( 1)
 108 S   0.60306 0.04066 0.31589 0.04039 ( 1)
 109 F   0.65615 0.00002 0.34381 0.00002 ( 1)
 110 G   0.34222 0.28661 0.18428 0.18689 ( 1)
 111 Y   0.64568 0.00359 0.34829 0.00244 ( 1)
 112 I   0.64181 0.00852 0.34253 0.00713 ( 1)
 113 N   0.57389 0.06519 0.29849 0.06242 ( 1)
 114 T   0.65326 0.00111 0.34455 0.00108 ( 1)
 115 L   0.00039 0.70784 0.00023 0.29154 ( 2)
 116 A   0.54782 0.08810 0.28701 0.07706 ( 1)
 117 I   0.39495 0.20413 0.20701 0.19391 ( 1)
 118 A   0.00062 0.66610 0.00051 0.33276 ( 2)
 119 S   0.00092 0.54608 0.00049 0.45251 ( 2)
 120 Q   0.00000 0.70414 0.00000 0.29586 ( 2)
 121 S   0.00003 0.52350 0.00002 0.47645 ( 2)
 122 T   0.00000 0.79018 0.00000 0.20982 ( 2)
 123 -   0.00136 0.81799 0.00125 0.17941 ( 2)
 124 -   0.16775 0.43175 0.09004 0.31045 ( 2)
 125 -   0.00145 0.82331 0.00163 0.17361 ( 2)
 126 -   0.34200 0.30533 0.18632 0.16634 ( 1)
 127 -   0.54671 0.08712 0.28878 0.07739 ( 1)
 128 A   0.00000 0.55058 0.00000 0.44942 ( 2)
 129 Q   0.24783 0.32855 0.13193 0.29169 ( 2)
 130 T   0.00000 0.71610 0.00000 0.28390 ( 2)
 131 I   0.61371 0.03543 0.32626 0.02461 ( 1)
 132 E   0.00306 0.65725 0.00185 0.33784 ( 2)
 133 V   0.07718 0.63832 0.06412 0.22038 ( 2)
 134 Y   0.00000 0.76610 0.00000 0.23390 ( 2)
 135 F   0.04979 0.57177 0.02693 0.35151 ( 2)
 136 R   0.01073 0.53298 0.00563 0.45066 ( 2)
 137 Q   0.00000 0.76530 0.00000 0.23470 ( 2)
 138 Y   0.00236 0.83673 0.00197 0.15895 ( 2)
 139 E   0.00002 0.75675 0.00002 0.24322 ( 2)
 140 -   0.31258 0.31117 0.18585 0.19040 ( 1)
 141 E   0.50082 0.12632 0.26720 0.10566 ( 1)
 142 A   0.33635 0.27703 0.17845 0.20817 ( 1)
 143 E   0.02702 0.49892 0.01420 0.45986 ( 2)
 144 F   0.53765 0.01047 0.44961 0.00227 ( 1)
 145 I   0.64882 0.00199 0.34765 0.00153 ( 1)
 146 V   0.00596 0.62726 0.00331 0.36347 ( 2)
 147 D   0.65792 0.00002 0.34203 0.00003 ( 1)
 148 K   0.65625 0.00003 0.34369 0.00003 ( 1)
 149 L   0.63161 0.01696 0.33840 0.01302 ( 1)
 150 E   0.65591 0.00003 0.34402 0.00003 ( 1)
 151 F   0.65059 0.00062 0.34831 0.00048 ( 1)
 152 I   0.65735 0.00013 0.34240 0.00012 ( 1)
 153 -   0.34200 0.30533 0.18632 0.16634 ( 1)


lnL = -2530.811062

