Supplemental results for CODEML (seqf: algn  treef: tree)


dN/dS (w) for site classes (K=4)

site class             0        1       2a       2b
proportion       0.51989  0.46707  0.00687  0.00617
background w     0.02373  1.17519  0.02373  1.17519
foreground w     0.02373  1.17519 42.33108 42.33108

Naive Empirical Bayes (NEB) probabilities for 4 classes
(amino acids refer to 1st sequence: BT_Cry4Ba1)

   1 A   0.00428 0.99285 0.00001 0.00286 ( 2)
   2 G   0.90453 0.09379 0.00151 0.00017 ( 1)
   3 T   0.00262 0.99496 0.00001 0.00242 ( 2)
   4 V   0.74493 0.25201 0.00220 0.00086 ( 1)
   5 L   0.00629 0.97164 0.01257 0.00950 ( 2)
   6 T   0.83110 0.16681 0.00170 0.00039 ( 1)
   7 V   0.15234 0.84530 0.00033 0.00203 ( 2)
   8 L   0.89306 0.10497 0.00175 0.00022 ( 1)
   9 S   0.86780 0.13097 0.00104 0.00018 ( 1)
  10 A   0.04785 0.94610 0.00028 0.00576 ( 2)
  11 V   0.07935 0.91785 0.00019 0.00261 ( 2)
  12 L   0.89306 0.10497 0.00175 0.00022 ( 1)
  13 P   0.87711 0.12069 0.00192 0.00028 ( 1)
  14 I   0.20464 0.79311 0.00041 0.00184 ( 2)
  15 L   0.89306 0.10497 0.00175 0.00022 ( 1)
  16 W   0.65629 0.33627 0.00489 0.00255 ( 1)
  17 P   0.66950 0.32343 0.00474 0.00233 ( 1)
  18 T   0.07702 0.91520 0.00059 0.00719 ( 2)
  19 N   0.93969 0.05866 0.00152 0.00012 ( 1)
  20 T   0.91844 0.07973 0.00166 0.00017 ( 1)
  21 P   0.85486 0.14249 0.00225 0.00040 ( 1)
  22 T   0.72746 0.26702 0.00400 0.00151 ( 1)
  23 P   0.87711 0.12069 0.00192 0.00028 ( 1)
  24 E   0.91728 0.08094 0.00162 0.00017 ( 1)
  25 R   0.88292 0.10874 0.00746 0.00087 ( 1)
  26 V   0.91502 0.08311 0.00169 0.00018 ( 1)
  27 W   0.03761 0.95488 0.00028 0.00723 ( 2)
  28 N   0.93969 0.05866 0.00152 0.00012 ( 1)
  29 D   0.94044 0.05811 0.00135 0.00010 ( 1)
  30 F   0.84087 0.15743 0.00140 0.00030 ( 1)
  31 M   0.92448 0.07412 0.00128 0.00011 ( 1)
  32 T   0.75245 0.24452 0.00220 0.00083 ( 1)
  33 N   0.93969 0.05866 0.00152 0.00012 ( 1)
  34 T   0.13409 0.85112 0.00212 0.01267 ( 2)
  35 G   0.79461 0.20313 0.00178 0.00049 ( 1)
  36 N   0.13675 0.85851 0.00063 0.00411 ( 2)
  37 L   0.14625 0.85165 0.00029 0.00182 ( 2)
  38 I   0.91888 0.07913 0.00180 0.00019 ( 1)
  39 D   0.94044 0.05811 0.00135 0.00010 ( 1)
  40 Q   0.85287 0.14446 0.00226 0.00041 ( 1)
  41 T   0.13967 0.84402 0.00168 0.01463 ( 2)
  42 V   0.13676 0.85145 0.00181 0.00998 ( 2)
  43 T   0.90290 0.09503 0.00184 0.00023 ( 1)
  44 A   0.00387 0.98307 0.00005 0.01302 ( 2)
  45 Y   0.00219 0.99384 0.00001 0.00396 ( 2)
  46 V   0.89887 0.09902 0.00187 0.00024 ( 1)
  47 R   0.76045 0.23536 0.00317 0.00102 ( 1)
  48 T   0.02848 0.96794 0.00010 0.00348 ( 2)
  49 D   0.00012 0.10635 0.82639 0.06714 ( 3)
  50 A   0.82509 0.16898 0.00489 0.00103 ( 1)
  51 N   0.93969 0.05866 0.00152 0.00012 ( 1)
  52 A   0.89693 0.10102 0.00182 0.00023 ( 1)
  53 K   0.00124 0.75722 0.02207 0.21947 ( 2)
  54 M   0.92448 0.07412 0.00128 0.00011 ( 1)
  55 T   0.04967 0.94418 0.00030 0.00586 ( 2)
  56 V   0.06619 0.66696 0.24007 0.02678 ( 2)
  57 V   0.82942 0.16845 0.00174 0.00040 ( 1)
  58 K   0.92049 0.07763 0.00171 0.00018 ( 1)
  59 D   0.15365 0.84245 0.00058 0.00331 ( 2)
  60 Y   0.15742 0.84037 0.00028 0.00193 ( 2)
  61 L   0.79921 0.19729 0.00277 0.00072 ( 1)
  62 D   0.14991 0.84774 0.00032 0.00203 ( 2)
  63 Q   0.02099 0.97706 0.00003 0.00192 ( 2)
  64 Y   0.89347 0.10445 0.00184 0.00024 ( 1)
  65 T   0.13409 0.85112 0.00212 0.01267 ( 2)
  66 T   0.10796 0.88822 0.00039 0.00343 ( 2)
  67 K   0.00646 0.99200 0.00001 0.00153 ( 2)
  68 F   0.91878 0.07956 0.00152 0.00015 ( 1)
  69 N   0.81873 0.17795 0.00271 0.00062 ( 1)
  70 T   0.00397 0.96846 0.00315 0.02442 ( 2)
  71 W   0.65629 0.33627 0.00489 0.00255 ( 1)
  72 K   0.92049 0.07763 0.00171 0.00018 ( 1)
  73 R   0.15143 0.84612 0.00035 0.00210 ( 2)
  74 E   0.00057 0.99292 0.00000 0.00651 ( 2)
  75 P   0.78298 0.20936 0.00602 0.00164 ( 1)
  76 N   0.10662 0.88640 0.00066 0.00632 ( 2)
  77 N   0.88900 0.10931 0.00146 0.00023 ( 1)
  78 Q   0.00131 0.93858 0.00509 0.05502 ( 2)
  79 -   0.57623 0.42103 0.00152 0.00122 ( 1)
  80 -   0.02372 0.90386 0.03845 0.03396 ( 2)
  81 -   0.59085 0.40695 0.00122 0.00099 ( 1)
  82 -   0.57623 0.42103 0.00152 0.00122 ( 1)
  83 S   0.00002 0.99015 0.00000 0.00983 ( 2)
  84 Y   0.89347 0.10445 0.00184 0.00024 ( 1)
  85 R   0.00329 0.99312 0.00001 0.00358 ( 2)
  86 T   0.15822 0.83942 0.00034 0.00202 ( 2)
  87 A   0.90086 0.09737 0.00158 0.00020 ( 1)
  88 V   0.89887 0.09902 0.00187 0.00024 ( 1)
  89 I   0.91388 0.08404 0.00187 0.00021 ( 1)
  90 T   0.00140 0.97832 0.00113 0.01915 ( 2)
  91 Q   0.11665 0.88117 0.00022 0.00195 ( 2)
  92 F   0.91878 0.07956 0.00152 0.00015 ( 1)
  93 N   0.00025 0.99711 0.00000 0.00264 ( 2)
  94 L   0.82624 0.17055 0.00264 0.00058 ( 1)
  95 T   0.00267 0.99472 0.00001 0.00261 ( 2)
  96 S   0.00018 0.99578 0.00000 0.00404 ( 2)
  97 A   0.81650 0.18143 0.00166 0.00041 ( 1)
  98 K   0.15137 0.83175 0.00211 0.01477 ( 2)
  99 L   0.89306 0.10497 0.00175 0.00022 ( 1)
 100 R   0.73995 0.25499 0.00374 0.00133 ( 1)
 101 E   0.00000 0.99831 0.00000 0.00168 ( 2)
 102 T   0.00089 0.97998 0.00002 0.01912 ( 2)
 103 A   0.89613 0.10182 0.00182 0.00023 ( 1)
 104 V   0.18231 0.81562 0.00034 0.00173 ( 2)
 105 Y   0.89347 0.10445 0.00184 0.00024 ( 1)
 106 F   0.91878 0.07956 0.00152 0.00015 ( 1)
 107 S   0.75845 0.23696 0.00348 0.00112 ( 1)
 108 N   0.88900 0.10931 0.00146 0.00023 ( 1)
 109 L   0.04778 0.94691 0.00025 0.00505 ( 2)
 110 V   0.86314 0.13014 0.00580 0.00092 ( 1)
 111 G   0.90620 0.09212 0.00151 0.00017 ( 1)
 112 Y   0.89347 0.10445 0.00184 0.00024 ( 1)
 113 E   0.91728 0.08094 0.00162 0.00017 ( 1)
 114 L   0.79921 0.19729 0.00277 0.00072 ( 1)
 115 L   0.76394 0.23281 0.00245 0.00079 ( 1)
 116 L   0.82624 0.17055 0.00264 0.00058 ( 1)
 117 L   0.82624 0.17055 0.00264 0.00058 ( 1)
 118 P   0.85486 0.14249 0.00225 0.00040 ( 1)
 119 I   0.91388 0.08404 0.00187 0.00021 ( 1)
 120 Y   0.80411 0.19380 0.00166 0.00044 ( 1)
 121 A   0.00370 0.99375 0.00001 0.00254 ( 2)
 122 Q   0.85287 0.14446 0.00226 0.00041 ( 1)
 123 V   0.90401 0.09411 0.00167 0.00021 ( 1)
 124 A   0.89693 0.10102 0.00182 0.00023 ( 1)
 125 N   0.93969 0.05866 0.00152 0.00012 ( 1)
 126 F   0.00003 0.91809 0.00013 0.08175 ( 2)
 127 N   0.17212 0.82606 0.00028 0.00154 ( 2)
 128 L   0.82624 0.17055 0.00264 0.00058 ( 1)
 129 L   0.89306 0.10497 0.00175 0.00022 ( 1)
 130 L   0.82624 0.17055 0.00264 0.00058 ( 1)
 131 I   0.91388 0.08404 0.00187 0.00021 ( 1)
 132 R   0.91726 0.08115 0.00145 0.00014 ( 1)
 133 D   0.94044 0.05811 0.00135 0.00010 ( 1)
 134 G   0.81057 0.18773 0.00135 0.00034 ( 1)
 135 L   0.04208 0.95060 0.00031 0.00702 ( 2)
 136 I   0.00190 0.99558 0.00000 0.00252 ( 2)
 137 N   0.00000 0.99789 0.00000 0.00211 ( 2)
 138 A   0.00292 0.99482 0.00001 0.00226 ( 2)
 139 Q   0.00000 0.99765 0.00000 0.00235 ( 2)
 140 E   0.00393 0.99402 0.00001 0.00204 ( 2)
 141 W   0.00002 0.99247 0.00000 0.00751 ( 2)
 142 S   0.00290 0.99481 0.00001 0.00229 ( 2)
 143 L   0.00203 0.99460 0.00001 0.00337 ( 2)
 144 A   0.89693 0.10102 0.00182 0.00023 ( 1)
 145 R   0.84111 0.15621 0.00224 0.00044 ( 1)
 146 S   0.00008 0.99006 0.00000 0.00986 ( 2)
 147 A   0.00005 0.99804 0.00000 0.00192 ( 2)
 148 G   0.54862 0.43834 0.00725 0.00579 ( 1)
 149 D   0.79144 0.20468 0.00306 0.00082 ( 1)
 150 Q   0.00229 0.98863 0.00002 0.00906 ( 2)
 151 L   0.84886 0.14916 0.00166 0.00032 ( 1)
 152 Y   0.89347 0.10445 0.00184 0.00024 ( 1)
 153 N   0.14589 0.85182 0.00029 0.00200 ( 2)
 154 T   0.00137 0.99625 0.00000 0.00238 ( 2)
 155 M   0.00367 0.99424 0.00001 0.00208 ( 2)
 156 V   0.00002 0.97868 0.00002 0.02128 ( 2)
 157 Q   0.00944 0.98614 0.00004 0.00438 ( 2)
 158 Y   0.07794 0.91982 0.00016 0.00207 ( 2)
 159 T   0.09112 0.87862 0.00317 0.02708 ( 2)
 160 K   0.00646 0.99200 0.00001 0.00153 ( 2)
 161 E   0.00008 0.99192 0.00001 0.00800 ( 2)
 162 Y   0.80775 0.18513 0.00577 0.00135 ( 1)
 163 I   0.91888 0.07913 0.00180 0.00019 ( 1)
 164 A   0.08798 0.90823 0.00032 0.00348 ( 2)
 165 H   0.91730 0.08112 0.00144 0.00014 ( 1)
 166 S   0.10416 0.89390 0.00019 0.00175 ( 2)
 167 I   0.91888 0.07913 0.00180 0.00019 ( 1)
 168 T   0.14049 0.85714 0.00028 0.00209 ( 2)
 169 W   0.00171 0.99558 0.00000 0.00271 ( 2)
 170 Y   0.89347 0.10445 0.00184 0.00024 ( 1)
 171 N   0.93969 0.05866 0.00152 0.00012 ( 1)
 172 K   0.13198 0.86409 0.00050 0.00344 ( 2)
 173 G   0.90620 0.09212 0.00151 0.00017 ( 1)
 174 L   0.82624 0.17055 0.00264 0.00058 ( 1)
 175 D   0.27377 0.72413 0.00049 0.00161 ( 2)
 176 V   0.00418 0.99314 0.00001 0.00267 ( 2)
 177 L   0.89306 0.10497 0.00175 0.00022 ( 1)
 178 R   0.00472 0.99286 0.00001 0.00241 ( 2)
 179 N   0.93969 0.05866 0.00152 0.00012 ( 1)
 180 K   0.19359 0.80459 0.00032 0.00150 ( 2)
 181 S   0.59460 0.39235 0.00786 0.00518 ( 1)
 182 N   0.93969 0.05866 0.00152 0.00012 ( 1)
 183 G   0.06847 0.92569 0.00039 0.00545 ( 2)
 184 Q   0.00196 0.99515 0.00001 0.00289 ( 2)
 185 W   0.65629 0.33627 0.00489 0.00255 ( 1)
 186 I   0.00324 0.99477 0.00001 0.00198 ( 2)
 187 T   0.83520 0.16271 0.00171 0.00038 ( 1)
 188 F   0.91878 0.07956 0.00152 0.00015 ( 1)
 189 N   0.93969 0.05866 0.00152 0.00012 ( 1)
 190 D   0.94044 0.05811 0.00135 0.00010 ( 1)
 191 Y   0.89347 0.10445 0.00184 0.00024 ( 1)
 192 K   0.19359 0.80459 0.00032 0.00150 ( 2)
 193 R   0.91726 0.08115 0.00145 0.00014 ( 1)
 194 E   0.85975 0.13843 0.00153 0.00028 ( 1)
 195 M   0.92448 0.07412 0.00128 0.00011 ( 1)
 196 T   0.91844 0.07973 0.00166 0.00017 ( 1)
 197 I   0.87202 0.12013 0.00686 0.00100 ( 1)
 198 Q   0.81618 0.17341 0.00865 0.00177 ( 1)
 199 V   0.05661 0.77848 0.14641 0.01851 ( 2)
 200 L   0.81352 0.18172 0.00377 0.00099 ( 1)
 201 D   0.94044 0.05811 0.00135 0.00010 ( 1)
 202 I   0.91072 0.08727 0.00180 0.00021 ( 1)
 203 L   0.01757 0.98074 0.00003 0.00167 ( 2)
 204 A   0.00004 0.88525 0.00021 0.11450 ( 2)
 205 L   0.89306 0.10497 0.00175 0.00022 ( 1)
 206 F   0.91878 0.07956 0.00152 0.00015 ( 1)
 207 A   0.06947 0.92809 0.00016 0.00229 ( 2)
 208 S   0.94303 0.05577 0.00112 0.00008 ( 1)


lnL = -1685.591741

