Supplemental results for CODEML (seqf: algn  treef: tree)


dN/dS (w) for site classes (K=4)

site class             0        1       2a       2b
proportion       0.68570  0.26135  0.03834  0.01461
background w     0.12456  0.55616  0.12456  0.55616
foreground w     0.12456  0.55616  7.42907  7.42907

Naive Empirical Bayes (NEB) probabilities for 4 classes
(amino acids refer to 1st sequence: BT_Cry3Aa10)

   1 -   0.88701 0.06003 0.04960 0.00336 ( 1)
   2 -   0.89612 0.05093 0.05011 0.00285 ( 1)
   3 G   0.57906 0.36799 0.03238 0.02058 ( 1)
   4 G   0.96375 0.03289 0.00320 0.00015 ( 1)
   5 A   0.71049 0.28013 0.00646 0.00293 ( 1)
   6 L   0.87380 0.12251 0.00309 0.00059 ( 1)
   7 V   0.64190 0.35126 0.00343 0.00341 ( 1)
   8 S   0.41543 0.57551 0.00309 0.00597 ( 2)
   9 F   0.95174 0.04484 0.00320 0.00022 ( 1)
  10 Y   0.97868 0.01695 0.00426 0.00010 ( 1)
  11 T   0.69788 0.29714 0.00276 0.00222 ( 1)
  12 N   0.04669 0.94594 0.00030 0.00707 ( 2)
  13 F   0.72402 0.16894 0.10000 0.00704 ( 1)
  14 L   0.80379 0.18763 0.00663 0.00195 ( 1)
  15 N   0.92960 0.06499 0.00500 0.00041 ( 1)
  16 T   0.70731 0.28873 0.00249 0.00147 ( 1)
  17 I   0.85904 0.13001 0.00918 0.00176 ( 1)
  18 W   0.89516 0.09420 0.00952 0.00112 ( 1)
  19 P   0.97666 0.02010 0.00316 0.00009 ( 1)
  20 S   0.23931 0.70063 0.03214 0.02792 ( 2)
  21 E   0.83418 0.16025 0.00423 0.00134 ( 1)
  22 -   0.69379 0.25326 0.03879 0.01416 ( 1)
  23 -   0.26553 0.68151 0.01485 0.03811 ( 2)
  24 D   0.63498 0.36048 0.00269 0.00185 ( 1)
  25 P   0.82218 0.17047 0.00584 0.00152 ( 1)
  26 W   0.32656 0.15199 0.46672 0.05472 ( 3)
  27 K   0.88956 0.10563 0.00420 0.00062 ( 1)
  28 A   0.75431 0.24170 0.00276 0.00123 ( 1)
  29 F   0.98718 0.00946 0.00331 0.00005 ( 1)
  30 M   0.98631 0.01171 0.00195 0.00003 ( 1)
  31 E   0.62550 0.22634 0.13162 0.01654 ( 1)
  32 Q   0.97845 0.01782 0.00364 0.00009 ( 1)
  33 V   0.97514 0.01941 0.00530 0.00015 ( 1)
  34 E   0.98323 0.01197 0.00470 0.00009 ( 1)
  35 A   0.73832 0.25599 0.00384 0.00185 ( 1)
  36 L   0.89336 0.09747 0.00816 0.00101 ( 1)
  37 M   0.90834 0.08294 0.00749 0.00123 ( 1)
  38 D   0.95763 0.03322 0.00875 0.00040 ( 1)
  39 Q   0.81163 0.18148 0.00544 0.00145 ( 1)
  40 K   0.98337 0.01198 0.00457 0.00008 ( 1)
  41 I   0.98411 0.01146 0.00436 0.00008 ( 1)
  42 A   0.85120 0.13944 0.00773 0.00163 ( 1)
  43 D   0.88264 0.10935 0.00700 0.00101 ( 1)
  44 Y   0.97868 0.01695 0.00426 0.00010 ( 1)
  45 A   0.97262 0.01974 0.00745 0.00019 ( 1)
  46 K   0.93615 0.05904 0.00438 0.00042 ( 1)
  47 N   0.73946 0.16320 0.08945 0.00790 ( 1)
  48 K   0.79917 0.19573 0.00371 0.00139 ( 1)
  49 A   0.90209 0.08939 0.00749 0.00103 ( 1)
  50 L   0.03071 0.34928 0.37152 0.24850 ( 3)
  51 A   0.87422 0.12169 0.00341 0.00068 ( 1)
  52 E   0.77946 0.21531 0.00389 0.00133 ( 1)
  53 L   0.82910 0.16491 0.00477 0.00121 ( 1)
  54 Q   0.83916 0.15119 0.00786 0.00179 ( 1)
  55 G   0.80580 0.18407 0.00778 0.00235 ( 1)
  56 L   0.64972 0.34656 0.00216 0.00156 ( 1)
  57 Q   0.01820 0.92643 0.00351 0.05187 ( 2)
  58 N   0.92807 0.06801 0.00351 0.00041 ( 1)
  59 N   0.07618 0.31206 0.48754 0.12422 ( 3)
  60 V   0.03020 0.96034 0.00022 0.00924 ( 2)
  61 E   0.39134 0.54218 0.04650 0.01998 ( 2)
  62 D   0.03003 0.96365 0.00012 0.00620 ( 2)
  63 Y   0.91182 0.08370 0.00397 0.00051 ( 1)
  64 V   0.22754 0.76092 0.00206 0.00948 ( 2)
  65 S   0.37533 0.62155 0.00095 0.00217 ( 2)
  66 A   0.57861 0.41650 0.00241 0.00248 ( 1)
  67 L   0.49499 0.49670 0.00385 0.00446 ( 2)
  68 S   0.00431 0.94541 0.00019 0.05009 ( 2)
  69 S   0.37558 0.61789 0.00212 0.00441 ( 2)
  70 W   0.32575 0.66294 0.00346 0.00785 ( 2)
  71 Q   0.01040 0.70560 0.05345 0.23055 ( 2)
  72 K   0.77625 0.21857 0.00361 0.00156 ( 1)
  73 N   0.32073 0.65749 0.00969 0.01209 ( 2)
  74 P   0.97411 0.02286 0.00294 0.00009 ( 1)
  75 V   0.03967 0.84463 0.01990 0.09580 ( 2)
  76 S   0.35695 0.53132 0.07923 0.03250 ( 2)
  77 S   0.54018 0.40404 0.04437 0.01141 ( 1)
  78 R   0.95457 0.04041 0.00478 0.00024 ( 1)
  79 N   0.13159 0.81332 0.01708 0.03800 ( 2)
  80 P   0.01566 0.72251 0.02265 0.23918 ( 2)
  81 H   0.79725 0.19554 0.00489 0.00231 ( 1)
  82 S   0.50374 0.48711 0.00438 0.00477 ( 1)
  83 Q   0.89264 0.10161 0.00498 0.00078 ( 1)
  84 G   0.53310 0.45747 0.00468 0.00475 ( 1)
  85 R   0.81241 0.16824 0.01578 0.00358 ( 1)
  86 I   0.94945 0.04601 0.00423 0.00031 ( 1)
  87 R   0.97594 0.02146 0.00252 0.00008 ( 1)
  88 E   0.75473 0.23972 0.00398 0.00157 ( 1)
  89 L   0.74264 0.24862 0.00616 0.00258 ( 1)
  90 F   0.98718 0.00946 0.00331 0.00005 ( 1)
  91 S   0.50515 0.49068 0.00180 0.00237 ( 1)
  92 Q   0.60094 0.39480 0.00224 0.00202 ( 1)
  93 A   0.68501 0.31057 0.00268 0.00175 ( 1)
  94 E   0.95677 0.03836 0.00459 0.00028 ( 1)
  95 S   0.98709 0.01087 0.00202 0.00003 ( 1)
  96 H   0.83614 0.16085 0.00233 0.00068 ( 1)
  97 F   0.98718 0.00946 0.00331 0.00005 ( 1)
  98 R   0.55494 0.44210 0.00147 0.00149 ( 1)
  99 N   0.06249 0.26350 0.53707 0.13694 ( 3)
 100 S   0.81059 0.18320 0.00484 0.00137 ( 1)
 101 M   0.98631 0.01171 0.00195 0.00003 ( 1)
 102 P   0.94534 0.04407 0.01006 0.00053 ( 1)
 103 S   0.92680 0.05971 0.01259 0.00090 ( 1)
 104 F   0.98718 0.00946 0.00331 0.00005 ( 1)
 105 A   0.64586 0.34963 0.00254 0.00198 ( 1)
 106 I   0.88103 0.10532 0.01143 0.00223 ( 1)
 107 S   0.86583 0.13022 0.00328 0.00067 ( 1)
 108 G   0.14163 0.85028 0.00158 0.00651 ( 2)
 109 Y   0.61131 0.36713 0.01396 0.00760 ( 1)
 110 E   0.97371 0.01960 0.00649 0.00020 ( 1)
 111 V   0.97663 0.01854 0.00471 0.00013 ( 1)
 112 L   0.83826 0.15603 0.00461 0.00110 ( 1)
 113 F   0.98327 0.01335 0.00332 0.00007 ( 1)
 114 L   0.95119 0.03784 0.01048 0.00049 ( 1)
 115 T   0.66425 0.30341 0.02795 0.00439 ( 1)
 116 T   0.78617 0.20976 0.00295 0.00113 ( 1)
 117 Y   0.97868 0.01695 0.00426 0.00010 ( 1)
 118 A   0.93539 0.06064 0.00364 0.00034 ( 1)
 119 Q   0.53715 0.45243 0.00509 0.00534 ( 1)
 120 A   0.97011 0.02096 0.00869 0.00024 ( 1)
 121 A   0.94786 0.04204 0.00958 0.00052 ( 1)
 122 N   0.96535 0.03038 0.00412 0.00016 ( 1)
 123 I   0.38537 0.60990 0.00144 0.00328 ( 2)
 124 H   0.95668 0.04050 0.00265 0.00017 ( 1)
 125 L   0.54534 0.44824 0.00313 0.00329 ( 1)
 126 F   0.11557 0.86259 0.00234 0.01951 ( 2)
 127 L   0.84859 0.14064 0.00892 0.00186 ( 1)
 128 L   0.55888 0.43105 0.00504 0.00502 ( 1)
 129 K   0.92648 0.06869 0.00434 0.00049 ( 1)
 130 D   0.43717 0.55804 0.00189 0.00291 ( 2)
 131 A   0.73499 0.26101 0.00269 0.00131 ( 1)
 132 Q   0.26351 0.73177 0.00098 0.00374 ( 2)
 133 I   0.62225 0.37218 0.00279 0.00278 ( 1)
 134 Y   0.22091 0.76982 0.00230 0.00697 ( 2)
 135 G   0.68676 0.30997 0.00202 0.00124 ( 1)
 136 E   0.01846 0.25408 0.42145 0.30601 ( 3)
 137 E   0.35962 0.57286 0.04415 0.02337 ( 2)
 138 W   0.69036 0.29876 0.00734 0.00354 ( 1)
 139 G   0.91677 0.08020 0.00270 0.00032 ( 1)
 140 Y   0.01624 0.97632 0.00009 0.00735 ( 2)
 141 E   0.57199 0.41246 0.00490 0.01064 ( 1)
 142 K   0.08610 0.90407 0.00045 0.00938 ( 2)
 143 E   0.00934 0.95155 0.00108 0.03802 ( 2)
 144 D   0.22190 0.77231 0.00087 0.00493 ( 2)
 145 I   0.59972 0.23419 0.15023 0.01587 ( 1)
 146 A   0.00406 0.68063 0.02481 0.29051 ( 2)
 147 E   0.47099 0.51836 0.00431 0.00633 ( 2)
 148 F   0.64781 0.34825 0.00218 0.00176 ( 1)
 149 Y   0.51933 0.22254 0.23200 0.02613 ( 1)
 150 K   0.13865 0.76625 0.03211 0.06300 ( 2)
 151 R   0.77619 0.11618 0.10296 0.00467 ( 1)
 152 Q   0.97845 0.01782 0.00364 0.00009 ( 1)
 153 L   0.01899 0.13270 0.62303 0.22528 ( 3)
 154 K   0.21027 0.05803 0.71828 0.01342 ( 3)
 155 L   0.97717 0.01950 0.00325 0.00009 ( 1)
 156 T   0.94289 0.04859 0.00805 0.00048 ( 1)
 157 Q   0.03424 0.36578 0.36600 0.23398 ( 3)
 158 E   0.92658 0.06803 0.00476 0.00064 ( 1)
 159 Y   0.97102 0.02433 0.00450 0.00016 ( 1)
 160 T   0.90075 0.08998 0.00814 0.00114 ( 1)
 161 D   0.64092 0.10244 0.24464 0.01200 ( 1)
 162 H   0.98458 0.01262 0.00274 0.00005 ( 1)
 163 C   0.98091 0.01653 0.00251 0.00006 ( 1)
 164 V   0.40399 0.13699 0.42474 0.03428 ( 3)
 165 K   0.93493 0.05990 0.00468 0.00049 ( 1)
 166 W   0.89516 0.09420 0.00952 0.00112 ( 1)
 167 Y   0.97868 0.01695 0.00426 0.00010 ( 1)
 168 N   0.57130 0.33366 0.08071 0.01432 ( 1)
 169 V   0.34457 0.49417 0.11166 0.04960 ( 2)
 170 G   0.97967 0.01737 0.00289 0.00007 ( 1)
 171 L   0.95843 0.03581 0.00550 0.00026 ( 1)
 172 D   0.73713 0.25782 0.00307 0.00198 ( 1)
 173 K   0.39207 0.59968 0.00211 0.00614 ( 2)
 174 L   0.95843 0.03581 0.00550 0.00026 ( 1)
 175 R   0.93635 0.06104 0.00240 0.00022 ( 1)
 176 G   0.97142 0.02596 0.00252 0.00009 ( 1)
 177 S   0.93880 0.05097 0.00960 0.00062 ( 1)
 178 S   0.59458 0.39888 0.00295 0.00359 ( 1)
 179 Y   0.70074 0.29438 0.00306 0.00182 ( 1)
 180 E   0.83418 0.16025 0.00423 0.00134 ( 1)
 181 S   0.03610 0.56449 0.07661 0.32280 ( 2)
 182 W   0.89516 0.09420 0.00952 0.00112 ( 1)
 183 V   0.91472 0.07955 0.00508 0.00065 ( 1)
 184 N   0.38214 0.58691 0.01656 0.01439 ( 2)
 185 F   0.94654 0.05002 0.00318 0.00025 ( 1)
 186 N   0.80107 0.18864 0.00780 0.00250 ( 1)
 187 R   0.81752 0.17972 0.00216 0.00060 ( 1)
 188 Y   0.84638 0.14324 0.00903 0.00135 ( 1)
 189 R   0.82892 0.14958 0.01805 0.00345 ( 1)
 190 R   0.98299 0.01444 0.00252 0.00005 ( 1)
 191 E   0.96947 0.02529 0.00507 0.00016 ( 1)
 192 M   0.98631 0.01171 0.00195 0.00003 ( 1)
 193 T   0.98172 0.01452 0.00368 0.00008 ( 1)
 194 L   0.95150 0.04270 0.00549 0.00032 ( 1)
 195 T   0.97640 0.01961 0.00388 0.00011 ( 1)
 196 V   0.97673 0.01808 0.00505 0.00014 ( 1)
 197 L   0.95843 0.03581 0.00550 0.00026 ( 1)
 198 D   0.97722 0.01885 0.00381 0.00012 ( 1)
 199 L   0.77137 0.22161 0.00514 0.00188 ( 1)
 200 I   0.87153 0.12404 0.00367 0.00076 ( 1)
 201 A   0.43376 0.33718 0.18526 0.04380 ( 1)
 202 L   0.91714 0.07142 0.01046 0.00097 ( 1)
 203 F   0.96794 0.02825 0.00364 0.00016 ( 1)
 204 P   0.84071 0.15590 0.00272 0.00068 ( 1)
 205 L   0.01997 0.96998 0.00020 0.00984 ( 2)


lnL = -2592.654974

