Supplemental results for CODEML (seqf: algn  treef: tree)


dN/dS (w) for site classes (K=4)

site class             0        1       2a       2b
proportion       0.31230  0.50258  0.07095  0.11417
background w     0.11966  0.77361  0.11966  0.77361
foreground w     0.11966  0.77361  6.03041  6.03041

Naive Empirical Bayes (NEB) probabilities for 4 classes
(amino acids refer to 1st sequence: BT_Cry40Aa1)

   1 -   0.72788 0.08700 0.16535 0.01976 ( 1)
   2 S   0.08821 0.72667 0.02004 0.16508 ( 2)
   3 L   0.00545 0.80944 0.00124 0.18388 ( 2)
   4 G   0.00228 0.92673 0.00014 0.07085 ( 2)
   5 G   0.00774 0.91587 0.00056 0.07584 ( 2)
   6 I   0.15260 0.78561 0.00829 0.05349 ( 2)
   7 N   0.00001 0.90495 0.00000 0.09504 ( 2)
   8 T   0.00000 0.77107 0.00000 0.22893 ( 2)
   9 L   0.01023 0.79149 0.00574 0.19254 ( 2)
  10 F   0.00001 0.88632 0.00000 0.11367 ( 2)
  11 S   0.00000 0.90293 0.00000 0.09707 ( 2)
  12 I   0.69294 0.25163 0.03814 0.01730 ( 1)
  13 I   0.93435 0.01334 0.05141 0.00091 ( 1)
  14 G   0.00000 0.80842 0.00000 0.19158 ( 2)
  15 K   0.00002 0.93252 0.00000 0.06746 ( 2)
  16 L   0.00141 0.90075 0.00014 0.09770 ( 2)
  17 I   0.00017 0.93642 0.00001 0.06340 ( 2)
  18 -   0.00870 0.80618 0.00198 0.18314 ( 2)
  19 P   0.14798 0.76922 0.01198 0.07082 ( 2)
  20 T   0.24555 0.68636 0.01589 0.05219 ( 2)
  21 N   0.00092 0.92839 0.00006 0.07063 ( 2)
  22 H   0.01457 0.92047 0.00086 0.06411 ( 2)
  23 Q   0.00000 0.54660 0.00000 0.45340 ( 2)
  24 S   0.00072 0.92880 0.00005 0.07044 ( 2)
  25 V   0.87796 0.01637 0.10357 0.00209 ( 1)
  26 S   0.00907 0.90784 0.00067 0.08242 ( 2)
  27 A   0.00015 0.92921 0.00001 0.07064 ( 2)
  28 L   0.93825 0.00425 0.05719 0.00031 ( 1)
  29 S   0.93921 0.00003 0.06075 0.00000 ( 1)
  30 I   0.92533 0.02224 0.05091 0.00152 ( 1)
  31 C   0.01861 0.91218 0.00119 0.06802 ( 2)
  32 D   0.95260 0.00424 0.04291 0.00024 ( 1)
  33 L   0.91914 0.00039 0.08044 0.00004 ( 1)
  34 L   0.00319 0.90649 0.00028 0.09003 ( 2)
  35 S   0.00780 0.89550 0.00073 0.09597 ( 2)
  36 I   0.94695 0.00088 0.05211 0.00006 ( 1)
  37 I   0.94849 0.00000 0.05151 0.00000 ( 1)
  38 R   0.19019 0.72894 0.01517 0.06570 ( 2)
  39 K   0.00721 0.58043 0.02835 0.38401 ( 2)
  40 E   0.00087 0.89296 0.00009 0.10607 ( 2)
  41 V   0.26079 0.00667 0.72932 0.00322 ( 3)
  42 A   0.00056 0.88920 0.00006 0.11018 ( 2)
  43 D   0.00303 0.90027 0.00029 0.09641 ( 2)
  44 S   0.00027 0.59401 0.00105 0.40467 ( 2)
  45 V   0.00683 0.00903 0.95254 0.03159 ( 3)
  46 L   0.81851 0.09997 0.07163 0.00989 ( 1)
  47 S   0.00026 0.77040 0.00036 0.22898 ( 2)
  48 D   0.00000 0.08850 0.00001 0.91149 ( 4)
  49 A   0.10746 0.08983 0.70338 0.09933 ( 3)
  50 I   0.00000 0.67646 0.00000 0.32354 ( 2)
  51 C   0.00003 0.93041 0.00000 0.06956 ( 2)
  52 R   0.00085 0.94508 0.00004 0.05403 ( 2)
  53 F   0.95234 0.00000 0.04766 0.00000 ( 1)
  54 L   0.31230 0.50258 0.07095 0.11417 ( 2)
  55 D   0.00601 0.88388 0.00069 0.10942 ( 2)
  56 G   0.71283 0.22928 0.04193 0.01596 ( 1)
  57 K   0.00151 0.72871 0.00078 0.26900 ( 2)
  58 L   0.00056 0.88389 0.00007 0.11549 ( 2)
  59 K   0.00000 0.72097 0.00000 0.27903 ( 2)
  60 N   0.00238 0.56231 0.01035 0.42496 ( 2)
  61 Y   0.24855 0.00018 0.75118 0.00010 ( 3)
  62 R   0.00001 0.81369 0.00000 0.18630 ( 2)
  63 E   0.00000 0.61514 0.00000 0.38486 ( 2)
  64 Y   0.56042 0.37500 0.03596 0.02862 ( 1)
  65 Y   0.93971 0.00001 0.06028 0.00000 ( 1)
  66 L   0.94249 0.00006 0.05745 0.00000 ( 1)
  67 P   0.00000 0.67938 0.00000 0.32062 ( 2)
  68 Y   0.34804 0.58297 0.02273 0.04626 ( 2)
  69 L   0.62452 0.31478 0.03807 0.02263 ( 1)
  70 E   0.00000 0.79742 0.00000 0.20258 ( 2)
  71 A   0.00000 0.89726 0.00000 0.10274 ( 2)
  72 W   0.80270 0.07408 0.11228 0.01095 ( 1)
  73 L   0.01079 0.92210 0.00066 0.06645 ( 2)
  74 K   0.00048 0.71623 0.00096 0.28233 ( 2)
  75 D   0.00037 0.80297 0.00019 0.19647 ( 2)
  76 G   0.00021 0.60714 0.00066 0.39198 ( 2)
  77 K   0.00021 0.66082 0.00087 0.33810 ( 2)
  78 P   0.75821 0.16568 0.06096 0.01515 ( 1)
  79 L   0.00872 0.84358 0.00254 0.14516 ( 2)
  80 Q   0.02369 0.63450 0.04123 0.30057 ( 2)
  81 K   0.05157 0.66593 0.01537 0.26713 ( 2)
  82 T   0.05376 0.76112 0.01221 0.17291 ( 2)
  83 -   0.31230 0.50258 0.07095 0.11417 ( 2)
  84 N   0.00500 0.11554 0.54782 0.33164 ( 3)
  85 N   0.00000 0.75215 0.00000 0.24785 ( 2)
  86 S   0.00000 0.69357 0.00000 0.30643 ( 2)
  87 D   0.00000 0.91755 0.00000 0.08245 ( 2)
  88 I   0.13456 0.79947 0.00821 0.05776 ( 2)
  89 G   0.00000 0.77675 0.00000 0.22325 ( 2)
  90 Q   0.00000 0.73638 0.00000 0.26361 ( 2)
  91 L   0.21363 0.71818 0.01349 0.05471 ( 2)
  92 V   0.00144 0.92945 0.00008 0.06902 ( 2)
  93 K   0.00000 0.53416 0.00000 0.46584 ( 2)
  94 Y   0.00006 0.62122 0.00022 0.37849 ( 2)
  95 F   0.88066 0.00723 0.11114 0.00098 ( 1)
  96 E   0.00001 0.59495 0.00003 0.40501 ( 2)
  97 L   0.00000 0.69152 0.00000 0.30848 ( 2)
  98 S   0.00053 0.71298 0.00019 0.28630 ( 2)
  99 E   0.19947 0.00004 0.80047 0.00003 ( 3)
 100 R   0.00015 0.87192 0.00006 0.12788 ( 2)
 101 D   0.00000 0.61940 0.00001 0.38059 ( 2)
 102 F   0.83468 0.05285 0.10533 0.00713 ( 1)
 103 N   0.00277 0.71421 0.00481 0.27821 ( 2)
 104 E   0.00000 0.46413 0.00001 0.53586 ( 4)
 105 I   0.01218 0.91208 0.00095 0.07480 ( 2)
 106 L   0.19348 0.00087 0.80504 0.00061 ( 3)
 107 -   0.51352 0.30137 0.11666 0.06846 ( 1)
 108 -   0.10969 0.70520 0.02492 0.16020 ( 2)
 109 -   0.43722 0.37766 0.09932 0.08579 ( 1)
 110 -   0.53569 0.27919 0.12169 0.06342 ( 1)
 111 -   0.46753 0.34735 0.10621 0.07891 ( 1)
 112 -   0.44632 0.36856 0.10139 0.08373 ( 1)
 113 -   0.21210 0.60278 0.04818 0.13693 ( 2)
 114 G   0.00006 0.86374 0.00002 0.13618 ( 2)
 115 G   0.08689 0.79487 0.01096 0.10728 ( 2)
 116 S   0.00000 0.09724 0.00110 0.90166 ( 4)
 117 L   0.91918 0.00032 0.08046 0.00003 ( 1)
 118 A   0.00599 0.89752 0.00057 0.09592 ( 2)
 119 R   0.00024 0.19317 0.03564 0.77095 ( 4)
 120 N   0.00000 0.14592 0.00000 0.85407 ( 4)
 121 N   0.01480 0.86935 0.00305 0.11280 ( 2)
 122 A   0.04240 0.89329 0.00245 0.06186 ( 2)
 123 Q   0.72778 0.19146 0.06232 0.01844 ( 1)
 124 I   0.94614 0.00169 0.05205 0.00012 ( 1)
 125 L   0.44748 0.46488 0.04016 0.04747 ( 2)
 126 L   0.91936 0.00017 0.08045 0.00002 ( 1)
 127 L   0.89459 0.00041 0.10495 0.00005 ( 1)
 128 P   0.93131 0.00003 0.06866 0.00000 ( 1)
 129 Y   0.20335 0.73190 0.01178 0.05297 ( 2)
 130 F   0.91816 0.01891 0.06145 0.00148 ( 1)
 131 C   0.00009 0.90945 0.00001 0.09045 ( 2)
 132 A   0.63887 0.28077 0.05375 0.02661 ( 1)
 133 S   0.79367 0.15002 0.04592 0.01039 ( 1)
 134 C   0.94024 0.00024 0.05950 0.00002 ( 1)
 135 K   0.83579 0.11985 0.03749 0.00687 ( 1)
 136 C   0.00096 0.88516 0.00011 0.11377 ( 2)
 137 Q   0.95024 0.00001 0.04975 0.00000 ( 1)
 138 L   0.91943 0.00010 0.08046 0.00001 ( 1)
 139 L   0.01730 0.89279 0.00151 0.08839 ( 2)
 140 L   0.85949 0.05083 0.08418 0.00551 ( 1)
 141 L   0.91942 0.00011 0.08046 0.00001 ( 1)
 142 R   0.88633 0.01741 0.09425 0.00202 ( 1)
 143 D   0.95610 0.00000 0.04389 0.00000 ( 1)
 144 A   0.92922 0.01096 0.05899 0.00083 ( 1)
 145 V   0.30286 0.63437 0.01762 0.04515 ( 2)
 146 Q   0.00005 0.90924 0.00000 0.09071 ( 2)
 147 Y   0.93868 0.00103 0.06021 0.00008 ( 1)
 148 E   0.00085 0.93239 0.00005 0.06671 ( 2)
 149 E   0.00002 0.90624 0.00000 0.09375 ( 2)
 150 Q   0.00000 0.68926 0.00000 0.31074 ( 2)
 151 W   0.26333 0.60973 0.03683 0.09011 ( 2)
 152 F   0.00001 0.92299 0.00000 0.07700 ( 2)
 153 P   0.00026 0.58960 0.00082 0.40932 ( 2)
 154 F   0.00001 0.85887 0.00000 0.14112 ( 2)
 155 L   0.00005 0.87980 0.00001 0.12015 ( 2)
 156 S   0.00002 0.53968 0.00030 0.45999 ( 2)
 157 A   0.00060 0.82227 0.00013 0.17700 ( 2)
 158 E   0.00217 0.89625 0.00022 0.10136 ( 2)
 159 N   0.01754 0.72656 0.03160 0.22430 ( 2)
 160 V   0.00086 0.91163 0.00008 0.08744 ( 2)
 161 R   0.00020 0.92277 0.00001 0.07702 ( 2)
 162 S   0.00141 0.86669 0.00020 0.13170 ( 2)
 163 E   0.54076 0.39370 0.03402 0.03152 ( 1)
 164 L   0.01627 0.89046 0.00146 0.09182 ( 2)
 165 I   0.02170 0.91059 0.00123 0.06648 ( 2)
 166 S   0.78377 0.12674 0.07578 0.01370 ( 1)
 167 P   0.27234 0.65174 0.02023 0.05569 ( 2)
 168 N   0.12327 0.69161 0.02800 0.15711 ( 2)
 169 S   0.27037 0.54452 0.06142 0.12370 ( 2)
 170 G   0.05033 0.76456 0.01143 0.17368 ( 2)
 171 C   0.36274 0.45214 0.08240 0.10271 ( 2)
 172 D   0.38593 0.42895 0.08767 0.09744 ( 2)
 173 F   0.37899 0.43589 0.08610 0.09902 ( 2)
 174 T   0.00002 0.93184 0.00000 0.06814 ( 2)
 175 G   0.00000 0.68026 0.00000 0.31973 ( 2)
 176 D   0.01893 0.92715 0.00085 0.05307 ( 2)
 177 Y   0.93716 0.00215 0.06052 0.00017 ( 1)
 178 Y   0.00000 0.87432 0.00000 0.12568 ( 2)
 179 E   0.00000 0.90308 0.00000 0.09692 ( 2)
 180 R   0.03549 0.84770 0.00439 0.11242 ( 2)
 181 L   0.91491 0.00455 0.08009 0.00045 ( 1)
 182 K   0.00834 0.92550 0.00048 0.06568 ( 2)
 183 C   0.00000 0.93399 0.00000 0.06601 ( 2)
 184 K   0.00001 0.19923 0.00240 0.79835 ( 4)
 185 I   0.18923 0.05836 0.71849 0.03392 ( 3)
 186 A   0.00000 0.92139 0.00000 0.07861 ( 2)
 187 E   0.00000 0.60825 0.00001 0.39175 ( 2)
 188 Y   0.93964 0.00005 0.06031 0.00000 ( 1)
 189 T   0.36603 0.48595 0.06220 0.08581 ( 2)
 190 D   0.95545 0.00159 0.04287 0.00009 ( 1)
 191 Y   0.27954 0.00099 0.71908 0.00039 ( 3)
 192 C   0.93982 0.00022 0.05994 0.00002 ( 1)
 193 E   0.00003 0.37437 0.00136 0.62425 ( 4)
 194 Y   0.00000 0.34117 0.00000 0.65883 ( 4)
 195 W   0.00043 0.87081 0.00006 0.12869 ( 2)
 196 Y   0.93971 0.00001 0.06028 0.00000 ( 1)
 197 Q   0.38676 0.48747 0.05478 0.07099 ( 2)
 198 A   0.00000 0.80028 0.00000 0.19972 ( 2)
 199 G   0.94444 0.00000 0.05556 0.00000 ( 1)
 200 L   0.91866 0.00085 0.08040 0.00008 ( 1)
 201 N   0.95379 0.00262 0.04342 0.00017 ( 1)
 202 Q   0.00537 0.87252 0.00070 0.12140 ( 2)
 203 I   0.94298 0.00481 0.05188 0.00033 ( 1)
 204 K   0.85329 0.01217 0.13263 0.00191 ( 1)
 205 Q   0.00000 0.56528 0.00000 0.43471 ( 2)
 206 A   0.00000 0.48885 0.00002 0.51112 ( 4)
 207 G   0.94280 0.00014 0.05705 0.00001 ( 1)
 208 T   0.00536 0.92634 0.00033 0.06797 ( 2)
 209 G   0.00047 0.93638 0.00002 0.06313 ( 2)
 210 A   0.86231 0.08208 0.04989 0.00573 ( 1)
 211 D   0.00000 0.93031 0.00000 0.06969 ( 2)
 212 T   0.00000 0.63932 0.00000 0.36068 ( 2)
 213 W   0.86704 0.01018 0.12128 0.00150 ( 1)
 214 A   0.00230 0.88123 0.00027 0.11621 ( 2)
 215 K   0.91820 0.02653 0.05339 0.00188 ( 1)
 216 F   0.95234 0.00000 0.04766 0.00000 ( 1)
 217 N   0.95661 0.00045 0.04291 0.00003 ( 1)
 218 K   0.00209 0.93168 0.00012 0.06612 ( 2)
 219 F   0.95212 0.00020 0.04767 0.00001 ( 1)
 220 R   0.92533 0.00082 0.07378 0.00007 ( 1)
 221 R   0.93924 0.00191 0.05871 0.00014 ( 1)
 222 E   0.93761 0.00692 0.05499 0.00049 ( 1)
 223 M   0.94981 0.00000 0.05019 0.00000 ( 1)
 224 T   0.89239 0.00002 0.10759 0.00000 ( 1)
 225 L   0.87929 0.01576 0.10296 0.00199 ( 1)
 226 T   0.00018 0.88276 0.00002 0.11704 ( 2)
 227 V   0.94075 0.00001 0.05924 0.00000 ( 1)
 228 L   0.89487 0.00031 0.10479 0.00004 ( 1)
 229 D   0.95693 0.00000 0.04307 0.00000 ( 1)
 230 I   0.94513 0.00325 0.05139 0.00022 ( 1)
 231 I   0.93862 0.00143 0.05982 0.00012 ( 1)
 232 A   0.08704 0.33893 0.34332 0.23071 ( 3)
 233 I   0.36009 0.57855 0.01989 0.04147 ( 2)
 234 F   0.95198 0.00036 0.04764 0.00002 ( 1)
 235 Q   0.89658 0.02875 0.07206 0.00261 ( 1)
 236 T   0.01035 0.92629 0.00058 0.06278 ( 2)


lnL = -8741.995947

