Supplemental results for CODEML (seqf: algn  treef: tree)


dN/dS (w) for site classes (K=4)

site class             0        1       2a       2b
proportion       0.34077  0.54007  0.04610  0.07306
background w     0.12084  0.80165  0.12084  0.80165
foreground w     0.12084  0.80165 33.57202 33.57202

Naive Empirical Bayes (NEB) probabilities for 4 classes
(amino acids refer to 1st sequence: BT_Cry1Be1)

   1 -   0.80514 0.07570 0.10892 0.01024 ( 1)
   2 S   0.00500 0.98983 0.00002 0.00516 ( 2)
   3 D   0.99359 0.00000 0.00641 0.00000 ( 1)
   4 S   0.00845 0.98264 0.00005 0.00886 ( 2)
   5 I   0.99016 0.00000 0.00984 0.00000 ( 1)
   6 T   0.94935 0.02715 0.02262 0.00088 ( 1)
   7 Q   0.99719 0.00001 0.00281 0.00000 ( 1)
   8 I   0.98925 0.00000 0.01075 0.00000 ( 1)
   9 P   0.97824 0.00019 0.02156 0.00001 ( 1)
  10 L   0.98947 0.00207 0.00843 0.00003 ( 1)
  11 V   0.98610 0.00022 0.01367 0.00000 ( 1)
  12 K   0.99379 0.00001 0.00620 0.00000 ( 1)
  13 S   0.99170 0.00140 0.00688 0.00001 ( 1)
  14 F   0.00815 0.98218 0.00005 0.00961 ( 2)
  15 N   0.00000 0.99340 0.00000 0.00660 ( 2)
  16 L   0.74862 0.23792 0.00882 0.00465 ( 1)
  17 N   0.01936 0.86148 0.00262 0.11654 ( 2)
  18 S   0.27369 0.60715 0.03703 0.08214 ( 2)
  19 -   0.34077 0.54007 0.04610 0.07306 ( 2)
  20 -   0.01206 0.96799 0.00023 0.01973 ( 2)
  21 -   0.00040 0.97469 0.00001 0.02491 ( 2)
  22 -   0.00000 0.85935 0.00000 0.14064 ( 2)
  23 -   0.58920 0.40278 0.00405 0.00397 ( 1)
  24 -   0.34077 0.54007 0.04610 0.07306 ( 2)
  25 -   0.34077 0.54007 0.04610 0.07306 ( 2)
  26 G   0.00028 0.99125 0.00000 0.00847 ( 2)
  27 T   0.02678 0.95690 0.00033 0.01599 ( 2)
  28 S   0.00000 0.59938 0.00000 0.40062 ( 2)
  29 V   0.98927 0.00001 0.01072 0.00000 ( 1)
  30 V   0.03554 0.86887 0.01677 0.07882 ( 2)
  31 S   0.00458 0.98517 0.00003 0.01022 ( 2)
  32 G   0.99538 0.00006 0.00456 0.00000 ( 1)
  33 P   0.00035 0.00000 0.99965 0.00000 ( 3)
  34 G   0.95525 0.00000 0.04475 0.00000 ( 1)
  35 F   0.00013 0.96446 0.00000 0.03540 ( 2)
  36 T   0.99224 0.00000 0.00776 0.00000 ( 1)
  37 G   0.99469 0.00001 0.00530 0.00000 ( 1)
  38 G   0.99485 0.00006 0.00509 0.00000 ( 1)
  39 D   0.99387 0.00000 0.00612 0.00000 ( 1)
  40 I   0.94932 0.01789 0.03211 0.00068 ( 1)
  41 I   0.99128 0.00044 0.00828 0.00001 ( 1)
  42 R   0.00007 0.84947 0.00007 0.15039 ( 2)
  43 T   0.99413 0.00164 0.00422 0.00001 ( 1)
  44 N   0.00000 0.28128 0.00000 0.71871 ( 4)
  45 V   0.06445 0.81639 0.00872 0.11044 ( 2)
  46 N   0.00000 0.89480 0.00000 0.10520 ( 2)
  47 G   0.00000 0.80362 0.00000 0.19638 ( 2)
  48 S   0.00001 0.97265 0.00000 0.02734 ( 2)
  49 V   0.16293 0.83375 0.00043 0.00289 ( 2)
  50 L   0.80722 0.18834 0.00343 0.00100 ( 1)
  51 S   0.00100 0.98739 0.00001 0.01160 ( 2)
  52 -   0.34077 0.54007 0.04610 0.07306 ( 2)
  53 M   0.78187 0.20888 0.00664 0.00261 ( 1)
  54 G   0.78523 0.21194 0.00209 0.00073 ( 1)
  55 L   0.82235 0.17324 0.00349 0.00092 ( 1)
  56 N   0.00001 0.98274 0.00000 0.01725 ( 2)
  57 F   0.00176 0.92410 0.00074 0.07340 ( 2)
  58 N   0.31846 0.56238 0.04308 0.07608 ( 2)
  59 -   0.19155 0.68929 0.02591 0.09325 ( 2)
  60 -   0.64918 0.23166 0.08782 0.03134 ( 1)
  61 -   0.07240 0.80844 0.00979 0.10937 ( 2)
  62 -   0.05122 0.82961 0.00693 0.11223 ( 2)
  63 -   0.08596 0.79488 0.01163 0.10753 ( 2)
  64 -   0.03295 0.84789 0.00446 0.11470 ( 2)
  65 N   0.00012 0.98834 0.00000 0.01154 ( 2)
  66 T   0.00000 0.95032 0.00000 0.04968 ( 2)
  67 S   0.00034 0.69479 0.00094 0.30392 ( 2)
  68 L   0.01251 0.97051 0.00013 0.01685 ( 2)
  69 Q   0.99357 0.00039 0.00604 0.00000 ( 1)
  70 R   0.98112 0.01122 0.00751 0.00014 ( 1)
  71 Y   0.98973 0.00102 0.00924 0.00001 ( 1)
  72 R   0.65351 0.34105 0.00281 0.00264 ( 1)
  73 V   0.99165 0.00023 0.00812 0.00000 ( 1)
  74 R   0.99532 0.00000 0.00467 0.00000 ( 1)
  75 V   0.71838 0.25484 0.01843 0.00836 ( 1)
  76 R   0.74514 0.24316 0.00869 0.00301 ( 1)
  77 Y   0.72630 0.00000 0.27370 0.00000 ( 1)
  78 A   0.04572 0.02500 0.89463 0.03465 ( 3)
  79 A   0.00372 0.00734 0.94550 0.04344 ( 3)
  80 S   0.00000 0.39049 0.00000 0.60951 ( 4)
  81 Q   0.00000 0.15571 0.00000 0.84429 ( 4)
  82 T   0.00000 0.91046 0.00000 0.08954 ( 2)
  83 M   0.13104 0.86186 0.00068 0.00642 ( 2)
  84 V   0.00000 0.80317 0.00000 0.19683 ( 2)
  85 L   0.00000 0.89735 0.00000 0.10264 ( 2)
  86 R   0.00000 0.93413 0.00000 0.06587 ( 2)
  87 V   0.28135 0.70923 0.00209 0.00733 ( 2)
  88 T   0.00000 0.99293 0.00000 0.00707 ( 2)
  89 V   0.03552 0.95795 0.00017 0.00636 ( 2)
  90 -   0.34077 0.54007 0.04610 0.07306 ( 2)
  91 -   0.03380 0.96219 0.00012 0.00389 ( 2)
  92 -   0.00099 0.98776 0.00001 0.01123 ( 2)
  93 -   0.00055 0.69359 0.00151 0.30435 ( 2)
  94 G   0.04909 0.94202 0.00028 0.00861 ( 2)
  95 G   0.01988 0.97375 0.00009 0.00628 ( 2)
  96 S   0.00000 0.69302 0.00000 0.30698 ( 2)
  97 T   0.00000 0.89653 0.00000 0.10347 ( 2)
  98 -   0.34077 0.54007 0.04610 0.07306 ( 2)
  99 T   0.00039 0.98705 0.00000 0.01256 ( 2)
 100 F   0.00000 0.90663 0.00000 0.09337 ( 2)
 101 D   0.00000 0.92758 0.00000 0.07242 ( 2)
 102 Q   0.00062 0.99225 0.00000 0.00713 ( 2)
 103 G   0.00000 0.83882 0.00000 0.16118 ( 2)
 104 F   0.00000 0.95301 0.00000 0.04699 ( 2)
 105 P   0.00001 0.88774 0.00000 0.11225 ( 2)
 106 S   0.00000 0.77898 0.00000 0.22102 ( 2)
 107 T   0.01242 0.97992 0.00009 0.00758 ( 2)
 108 M   0.00000 0.06006 0.00022 0.93971 ( 4)
 109 S   0.00000 0.29726 0.00000 0.70274 ( 4)
 110 A   0.00193 0.87891 0.00026 0.11890 ( 2)
 111 N   0.05023 0.83061 0.00679 0.11237 ( 2)
 112 -   0.13805 0.74279 0.01868 0.10049 ( 2)
 113 -   0.48825 0.39259 0.06605 0.05311 ( 1)
 114 -   0.45421 0.42663 0.06145 0.05772 ( 1)
 115 -   0.45421 0.42663 0.06145 0.05772 ( 1)
 116 -   0.55754 0.32330 0.07542 0.04374 ( 1)
 117 E   0.00253 0.87831 0.00034 0.11882 ( 2)
 118 S   0.01364 0.86720 0.00185 0.11732 ( 2)
 119 L   0.21895 0.66189 0.02962 0.08954 ( 2)
 120 T   0.87343 0.00741 0.11816 0.00100 ( 1)
 121 S   0.02556 0.85528 0.00346 0.11570 ( 2)
 122 Q   0.00000 0.88084 0.00000 0.11916 ( 2)
 123 S   0.00054 0.88030 0.00007 0.11909 ( 2)
 124 F   0.98284 0.00000 0.01716 0.00000 ( 1)
 125 R   0.00000 0.87585 0.00000 0.12415 ( 2)
 126 F   0.99560 0.00001 0.00439 0.00000 ( 1)
 127 A   0.06683 0.81401 0.00904 0.11012 ( 2)
 128 -   0.47803 0.40281 0.06467 0.05449 ( 1)
 129 -   0.43458 0.44626 0.05879 0.06037 ( 2)
 130 -   0.01906 0.86178 0.00258 0.11658 ( 2)
 131 -   0.47803 0.40281 0.06467 0.05449 ( 1)
 132 -   0.11302 0.76782 0.01529 0.10387 ( 2)
 133 E   0.23066 0.65018 0.03120 0.08796 ( 2)
 134 F   0.01192 0.97746 0.00011 0.01050 ( 2)
 135 P   0.00050 0.89429 0.00035 0.10487 ( 2)
 136 V   0.30929 0.66653 0.00640 0.01777 ( 2)
 137 G   0.00986 0.98476 0.00005 0.00534 ( 2)
 138 I   0.93348 0.05815 0.00764 0.00073 ( 1)
 139 S   0.80856 0.18196 0.00703 0.00245 ( 1)
 140 A   0.00635 0.98276 0.00005 0.01084 ( 2)
 141 S   0.02518 0.96774 0.00012 0.00696 ( 2)
 142 G   0.00038 0.93681 0.00011 0.06270 ( 2)
 143 S   0.00128 0.99519 0.00000 0.00353 ( 2)
 144 Q   0.00000 0.65369 0.00001 0.34630 ( 2)
 145 T   0.00007 0.99039 0.00000 0.00955 ( 2)
 146 A   0.99141 0.00047 0.00811 0.00001 ( 1)
 147 G   0.01068 0.97969 0.00007 0.00956 ( 2)
 148 I   0.56016 0.01693 0.42062 0.00229 ( 1)
 149 S   0.97497 0.01511 0.00968 0.00024 ( 1)
 150 I   0.99148 0.00010 0.00842 0.00000 ( 1)
 151 S   0.00001 0.92881 0.00000 0.07118 ( 2)
 152 N   0.98972 0.00267 0.00758 0.00003 ( 1)
 153 N   0.00014 0.99269 0.00000 0.00716 ( 2)
 154 A   0.00000 0.62396 0.00000 0.37604 ( 2)
 155 G   0.14343 0.84725 0.00077 0.00855 ( 2)
 156 R   0.02496 0.85588 0.00338 0.11579 ( 2)
 157 Q   0.00000 0.15016 0.00000 0.84984 ( 4)
 158 T   0.00000 0.98629 0.00000 0.01371 ( 2)
 159 F   0.36871 0.08584 0.52114 0.02431 ( 3)
 160 H   0.00030 0.60561 0.00117 0.39292 ( 2)
 161 F   0.53510 0.12471 0.32593 0.01426 ( 1)
 162 D   0.99685 0.00008 0.00307 0.00000 ( 1)
 163 K   0.99392 0.00004 0.00604 0.00000 ( 1)
 164 I   0.98763 0.00172 0.01062 0.00003 ( 1)
 165 E   0.69040 0.00000 0.30960 0.00000 ( 1)
 166 F   0.99304 0.00061 0.00635 0.00001 ( 1)
 167 I   0.97970 0.01224 0.00794 0.00011 ( 1)
 168 -   0.49013 0.39071 0.06631 0.05286 ( 1)


lnL = -6485.896983

