Supplemental results for CODEML (seqf: algn  treef: tree)


dN/dS (w) for site classes (K=4)

site class             0        1       2a       2b
proportion       0.53798  0.46202  0.00000  0.00000
background w     0.08310  1.00000  0.08310  1.00000
foreground w     0.08310  1.00000  1.00000  1.00000

Naive Empirical Bayes (NEB) probabilities for 4 classes
(amino acids refer to 1st sequence: BT_Cry7Aa1)

   1 -   0.53798 0.46202 0.00000 0.00000 ( 1)
   2 -   0.15370 0.84630 0.00000 0.00000 ( 2)
   3 -   0.78760 0.21240 0.00000 0.00000 ( 1)
   4 K   0.93039 0.06961 0.00000 0.00000 ( 1)
   5 I   0.78429 0.21571 0.00000 0.00000 ( 1)
   6 T   0.32071 0.67929 0.00000 0.00000 ( 2)
   7 K   0.05921 0.94079 0.00000 0.00000 ( 2)
   8 I   0.94073 0.05927 0.00000 0.00000 ( 1)
   9 P   0.84560 0.15440 0.00000 0.00000 ( 1)
  10 A   0.92484 0.07516 0.00000 0.00000 ( 1)
  11 V   0.90221 0.09779 0.00000 0.00000 ( 1)
  12 K   0.94384 0.05616 0.00000 0.00000 ( 1)
  13 M   0.41976 0.58024 0.00000 0.00000 ( 2)
  14 Y   0.89898 0.10102 0.00000 0.00000 ( 1)
  15 K   0.08993 0.91007 0.00000 0.00000 ( 2)
  16 L   0.80516 0.19484 0.00000 0.00000 ( 1)
  17 D   0.00007 0.99993 0.00000 0.00000 ( 2)
  18 D   0.00049 0.99951 0.00000 0.00000 ( 2)
  19 P   0.00260 0.99740 0.00000 0.00000 ( 2)
  20 S   0.04147 0.95853 0.00000 0.00000 ( 2)
  21 T   0.06255 0.93745 0.00000 0.00000 ( 2)
  22 V   0.49558 0.50442 0.00000 0.00000 ( 2)
  23 V   0.75478 0.24522 0.00000 0.00000 ( 1)
  24 K   0.94384 0.05616 0.00000 0.00000 ( 1)
  25 G   0.72700 0.27300 0.00000 0.00000 ( 1)
  26 P   0.86578 0.13422 0.00000 0.00000 ( 1)
  27 G   0.88880 0.11120 0.00000 0.00000 ( 1)
  28 F   0.45395 0.54605 0.00000 0.00000 ( 2)
  29 T   0.92493 0.07507 0.00000 0.00000 ( 1)
  30 G   0.91216 0.08784 0.00000 0.00000 ( 1)
  31 G   0.88880 0.11120 0.00000 0.00000 ( 1)
  32 D   0.95596 0.04404 0.00000 0.00000 ( 1)
  33 L   0.83062 0.16938 0.00000 0.00000 ( 1)
  34 V   0.93085 0.06915 0.00000 0.00000 ( 1)
  35 K   0.80104 0.19896 0.00000 0.00000 ( 1)
  36 R   0.92759 0.07241 0.00000 0.00000 ( 1)
  37 G   0.66226 0.33774 0.00000 0.00000 ( 1)
  38 S   0.94804 0.05196 0.00000 0.00000 ( 1)
  39 T   0.10468 0.89532 0.00000 0.00000 ( 2)
  40 G   0.91310 0.08690 0.00000 0.00000 ( 1)
  41 Y   0.04567 0.95433 0.00000 0.00000 ( 2)
  42 I   0.93782 0.06218 0.00000 0.00000 ( 1)
  43 G   0.88880 0.11120 0.00000 0.00000 ( 1)
  44 D   0.05314 0.94686 0.00000 0.00000 ( 2)
  45 I   0.07322 0.92678 0.00000 0.00000 ( 2)
  46 K   0.28125 0.71875 0.00000 0.00000 ( 2)
  47 A   0.46833 0.53167 0.00000 0.00000 ( 2)
  48 T   0.69132 0.30868 0.00000 0.00000 ( 1)
  49 V   0.92009 0.07991 0.00000 0.00000 ( 1)
  50 N   0.80294 0.19706 0.00000 0.00000 ( 1)
  51 S   0.81892 0.18108 0.00000 0.00000 ( 1)
  52 P   0.85238 0.14762 0.00000 0.00000 ( 1)
  53 L   0.88654 0.11346 0.00000 0.00000 ( 1)
  54 S   0.88358 0.11642 0.00000 0.00000 ( 1)
  55 Q   0.84660 0.15340 0.00000 0.00000 ( 1)
  56 K   0.58152 0.41848 0.00000 0.00000 ( 1)
  57 Y   0.89898 0.10102 0.00000 0.00000 ( 1)
  58 R   0.29681 0.70319 0.00000 0.00000 ( 2)
  59 V   0.82481 0.17519 0.00000 0.00000 ( 1)
  60 R   0.92759 0.07241 0.00000 0.00000 ( 1)
  61 V   0.93085 0.06915 0.00000 0.00000 ( 1)
  62 R   0.73317 0.26683 0.00000 0.00000 ( 1)
  63 Y   0.81843 0.18157 0.00000 0.00000 ( 1)
  64 A   0.68391 0.31609 0.00000 0.00000 ( 1)
  65 T   0.93535 0.06465 0.00000 0.00000 ( 1)
  66 N   0.60047 0.39953 0.00000 0.00000 ( 1)
  67 V   0.50044 0.49956 0.00000 0.00000 ( 1)
  68 S   0.38682 0.61318 0.00000 0.00000 ( 2)
  69 G   0.87166 0.12834 0.00000 0.00000 ( 1)
  70 Q   0.26487 0.73513 0.00000 0.00000 ( 2)
  71 F   0.22625 0.77375 0.00000 0.00000 ( 2)
  72 N   0.01073 0.98927 0.00000 0.00000 ( 2)
  73 V   0.67885 0.32115 0.00000 0.00000 ( 1)
  74 Y   0.00052 0.99948 0.00000 0.00000 ( 2)
  75 I   0.94073 0.05927 0.00000 0.00000 ( 1)
  76 N   0.56564 0.43436 0.00000 0.00000 ( 1)
  77 D   0.60295 0.39705 0.00000 0.00000 ( 1)
  78 K   0.52906 0.47094 0.00000 0.00000 ( 1)
  79 I   0.00342 0.99658 0.00000 0.00000 ( 2)
  80 T   0.30043 0.69957 0.00000 0.00000 ( 2)
  81 L   0.88654 0.11346 0.00000 0.00000 ( 1)
  82 Q   0.02391 0.97609 0.00000 0.00000 ( 2)
  83 T   0.00777 0.99223 0.00000 0.00000 ( 2)
  84 K   0.00024 0.99976 0.00000 0.00000 ( 2)
  85 F   0.88511 0.11489 0.00000 0.00000 ( 1)
  86 Q   0.39549 0.60451 0.00000 0.00000 ( 2)
  87 N   0.00727 0.99273 0.00000 0.00000 ( 2)
  88 T   0.91870 0.08130 0.00000 0.00000 ( 1)
  89 V   0.42985 0.57015 0.00000 0.00000 ( 2)
  90 E   0.07250 0.92750 0.00000 0.00000 ( 2)
  91 T   0.92493 0.07507 0.00000 0.00000 ( 1)
  92 I   0.93782 0.06218 0.00000 0.00000 ( 1)
  93 G   0.91310 0.08690 0.00000 0.00000 ( 1)
  94 E   0.93667 0.06333 0.00000 0.00000 ( 1)
  95 G   0.88880 0.11120 0.00000 0.00000 ( 1)
  96 K   0.52362 0.47638 0.00000 0.00000 ( 1)
  97 D   0.03593 0.96407 0.00000 0.00000 ( 2)
  98 L   0.28318 0.71682 0.00000 0.00000 ( 2)
  99 T   0.01473 0.98527 0.00000 0.00000 ( 2)
 100 -   0.53798 0.46202 0.00000 0.00000 ( 1)
 101 Y   0.05007 0.94993 0.00000 0.00000 ( 2)
 102 G   0.00523 0.99477 0.00000 0.00000 ( 2)
 103 S   0.02878 0.97122 0.00000 0.00000 ( 2)
 104 F   0.05744 0.94256 0.00000 0.00000 ( 2)
 105 G   0.04782 0.95218 0.00000 0.00000 ( 2)
 106 Y   0.89898 0.10102 0.00000 0.00000 ( 1)
 107 I   0.00531 0.99469 0.00000 0.00000 ( 2)
 108 E   0.92502 0.07498 0.00000 0.00000 ( 1)
 109 Y   0.89898 0.10102 0.00000 0.00000 ( 1)
 110 S   0.88358 0.11642 0.00000 0.00000 ( 1)
 111 T   0.68285 0.31715 0.00000 0.00000 ( 1)
 112 T   0.71532 0.28468 0.00000 0.00000 ( 1)
 113 I   0.94073 0.05927 0.00000 0.00000 ( 1)
 114 Q   0.84660 0.15340 0.00000 0.00000 ( 1)
 115 F   0.45889 0.54111 0.00000 0.00000 ( 2)
 116 P   0.00072 0.99928 0.00000 0.00000 ( 2)
 117 D   0.00536 0.99464 0.00000 0.00000 ( 2)
 118 -   0.53798 0.46202 0.00000 0.00000 ( 1)
 119 E   0.76705 0.23295 0.00000 0.00000 ( 1)
 120 H   0.89955 0.10045 0.00000 0.00000 ( 1)
 121 P   0.85238 0.14762 0.00000 0.00000 ( 1)
 122 -   0.53798 0.46202 0.00000 0.00000 ( 1)
 123 K   0.57081 0.42919 0.00000 0.00000 ( 1)
 124 I   0.79307 0.20693 0.00000 0.00000 ( 1)
 125 T   0.45863 0.54137 0.00000 0.00000 ( 2)
 126 L   0.00383 0.99617 0.00000 0.00000 ( 2)
 127 H   0.00035 0.99965 0.00000 0.00000 ( 2)
 128 L   0.30831 0.69169 0.00000 0.00000 ( 2)
 129 -   0.53798 0.46202 0.00000 0.00000 ( 1)
 130 S   0.00006 0.99994 0.00000 0.00000 ( 2)
 131 D   0.06091 0.93909 0.00000 0.00000 ( 2)
 132 L   0.14908 0.85092 0.00000 0.00000 ( 2)
 133 S   0.85990 0.14010 0.00000 0.00000 ( 1)
 134 N   0.00073 0.99927 0.00000 0.00000 ( 2)
 135 N   0.09973 0.90027 0.00000 0.00000 ( 2)
 136 S   0.03025 0.96975 0.00000 0.00000 ( 2)
 137 S   0.03192 0.96808 0.00000 0.00000 ( 2)
 138 F   0.44323 0.55677 0.00000 0.00000 ( 2)
 139 Y   0.89898 0.10102 0.00000 0.00000 ( 1)
 140 V   0.00350 0.99650 0.00000 0.00000 ( 2)
 141 D   0.01743 0.98257 0.00000 0.00000 ( 2)
 142 S   0.00206 0.99794 0.00000 0.00000 ( 2)
 143 I   0.79307 0.20693 0.00000 0.00000 ( 1)
 144 E   0.93667 0.06333 0.00000 0.00000 ( 1)
 145 F   0.88511 0.11489 0.00000 0.00000 ( 1)
 146 I   0.79307 0.20693 0.00000 0.00000 ( 1)
 147 P   0.78644 0.21356 0.00000 0.00000 ( 1)


lnL = -1469.916750

Bayes Empirical Bayes (BEB) probabilities for 4 classes (class)
(amino acids refer to 1st sequence: BT_Cry7Aa1)

   1 -   0.50674 0.43268 0.03269 0.02789 ( 1)
   2 -   0.15520 0.78422 0.01003 0.05055 ( 2)
   3 -   0.73741 0.20201 0.04756 0.01302 ( 1)
   4 K   0.89342 0.06876 0.03463 0.00319 ( 1)
   5 I   0.74163 0.20713 0.03947 0.01176 ( 1)
   6 T   0.30141 0.65127 0.01373 0.03360 ( 2)
   7 K   0.07089 0.78911 0.05046 0.08954 ( 2)
   8 I   0.90330 0.05863 0.03534 0.00274 ( 1)
   9 P   0.80488 0.14996 0.03744 0.00771 ( 1)
  10 A   0.88644 0.07404 0.03601 0.00351 ( 1)
  11 V   0.86383 0.09601 0.03556 0.00459 ( 1)
  12 K   0.90669 0.05560 0.03513 0.00258 ( 1)
  13 M   0.24201 0.34439 0.36711 0.04649 ( 3)
  14 Y   0.85927 0.09898 0.03690 0.00485 ( 1)
  15 K   0.10422 0.78922 0.04367 0.06290 ( 2)
  16 L   0.76252 0.18769 0.03933 0.01046 ( 1)
  17 D   0.00044 0.86705 0.00013 0.13238 ( 2)
  18 D   0.00189 0.74977 0.01672 0.23162 ( 2)
  19 P   0.00667 0.86254 0.00648 0.12431 ( 2)
  20 S   0.05570 0.84425 0.02705 0.07300 ( 2)
  21 T   0.08377 0.86556 0.00412 0.04655 ( 2)
  22 V   0.44882 0.50262 0.02122 0.02734 ( 2)
  23 V   0.71276 0.23462 0.03905 0.01357 ( 1)
  24 K   0.90669 0.05560 0.03513 0.00258 ( 1)
  25 G   0.69346 0.26325 0.03029 0.01300 ( 1)
  26 P   0.82468 0.13068 0.03796 0.00668 ( 1)
  27 G   0.84882 0.10875 0.03706 0.00537 ( 1)
  28 F   0.41580 0.54138 0.01709 0.02573 ( 2)
  29 T   0.88646 0.07395 0.03608 0.00351 ( 1)
  30 G   0.87068 0.08605 0.03888 0.00439 ( 1)
  31 G   0.84882 0.10875 0.03706 0.00537 ( 1)
  32 D   0.92015 0.04377 0.03411 0.00197 ( 1)
  33 L   0.78956 0.16409 0.03775 0.00860 ( 1)
  34 V   0.89277 0.06821 0.03580 0.00322 ( 1)
  35 K   0.76066 0.19211 0.03675 0.01047 ( 1)
  36 R   0.88946 0.07139 0.03580 0.00335 ( 1)
  37 G   0.62475 0.32039 0.03586 0.01899 ( 1)
  38 S   0.91158 0.05151 0.03458 0.00233 ( 1)
  39 T   0.12803 0.82975 0.00487 0.03735 ( 2)
  40 G   0.87416 0.08540 0.03635 0.00409 ( 1)
  41 Y   0.06476 0.88776 0.00292 0.04456 ( 2)
  42 I   0.90013 0.06145 0.03554 0.00288 ( 1)
  43 G   0.84882 0.10875 0.03706 0.00537 ( 1)
  44 D   0.07352 0.87954 0.00327 0.04368 ( 2)
  45 I   0.09244 0.83416 0.02148 0.05193 ( 2)
  46 K   0.26748 0.68240 0.01340 0.03673 ( 2)
  47 A   0.42837 0.52943 0.01717 0.02502 ( 2)
  48 T   0.65268 0.29377 0.03646 0.01709 ( 1)
  49 V   0.88132 0.07864 0.03628 0.00376 ( 1)
  50 N   0.76196 0.19018 0.03769 0.01018 ( 1)
  51 S   0.77778 0.17513 0.03782 0.00928 ( 1)
  52 P   0.81158 0.14351 0.03756 0.00735 ( 1)
  53 L   0.84650 0.11093 0.03708 0.00549 ( 1)
  54 S   0.84341 0.11375 0.03718 0.00565 ( 1)
  55 Q   0.80573 0.14899 0.03761 0.00767 ( 1)
  56 K   0.52848 0.43118 0.02044 0.01991 ( 1)
  57 Y   0.85927 0.09898 0.03690 0.00485 ( 1)
  58 R   0.28186 0.67200 0.01257 0.03357 ( 2)
  59 V   0.77814 0.16838 0.04365 0.00983 ( 1)
  60 R   0.88946 0.07139 0.03580 0.00335 ( 1)
  61 V   0.89277 0.06821 0.03580 0.00322 ( 1)
  62 R   0.69331 0.25521 0.03708 0.01440 ( 1)
  63 Y   0.78131 0.17650 0.03355 0.00864 ( 1)
  64 A   0.64544 0.30053 0.03642 0.01761 ( 1)
  65 T   0.89759 0.06385 0.03557 0.00299 ( 1)
  66 N   0.54667 0.41482 0.01993 0.01859 ( 1)
  67 V   0.45620 0.50190 0.01828 0.02363 ( 2)
  68 S   0.35789 0.59680 0.01577 0.02954 ( 2)
  69 G   0.83219 0.12530 0.03633 0.00619 ( 1)
  70 Q   0.25430 0.69801 0.01187 0.03583 ( 2)
  71 F   0.22101 0.73022 0.01057 0.03820 ( 2)
  72 N   0.01849 0.92535 0.00107 0.05509 ( 2)
  73 V   0.64067 0.30521 0.03621 0.01790 ( 1)
  74 Y   0.00268 0.95349 0.00010 0.04373 ( 2)
  75 I   0.90330 0.05863 0.03534 0.00274 ( 1)
  76 N   0.51390 0.44506 0.02035 0.02070 ( 1)
  77 D   0.54742 0.41160 0.02175 0.01923 ( 1)
  78 K   0.48174 0.47755 0.01863 0.02208 ( 1)
  79 I   0.00932 0.93485 0.00054 0.05530 ( 2)
  80 T   0.28556 0.67109 0.01161 0.03174 ( 2)
  81 L   0.84650 0.11093 0.03708 0.00549 ( 1)
  82 Q   0.03690 0.90577 0.00221 0.05512 ( 2)
  83 T   0.01928 0.93689 0.00075 0.04308 ( 2)
  84 K   0.00131 0.92459 0.00013 0.07397 ( 2)
  85 F   0.83713 0.11126 0.04529 0.00633 ( 1)
  86 Q   0.36633 0.59162 0.01444 0.02761 ( 2)
  87 N   0.01784 0.91823 0.00268 0.06126 ( 2)
  88 T   0.88122 0.08011 0.03492 0.00375 ( 1)
  89 V   0.39513 0.56182 0.01625 0.02680 ( 2)
  90 E   0.09523 0.86094 0.00377 0.04006 ( 2)
  91 T   0.88646 0.07395 0.03608 0.00351 ( 1)
  92 I   0.90013 0.06145 0.03554 0.00288 ( 1)
  93 G   0.87416 0.08540 0.03635 0.00409 ( 1)
  94 E   0.89902 0.06257 0.03549 0.00292 ( 1)
  95 G   0.84882 0.10875 0.03706 0.00537 ( 1)
  96 K   0.47694 0.48229 0.01845 0.02232 ( 2)
  97 D   0.05527 0.90249 0.00205 0.04019 ( 2)
  98 L   0.26956 0.68192 0.01289 0.03563 ( 2)
  99 T   0.02420 0.92093 0.00136 0.05351 ( 2)
 100 -   0.50674 0.43268 0.03269 0.02789 ( 1)
 101 Y   0.07016 0.88381 0.00302 0.04300 ( 2)
 102 G   0.01370 0.94328 0.00051 0.04251 ( 2)
 103 S   0.04367 0.90635 0.00213 0.04785 ( 2)
 104 F   0.07877 0.87654 0.00325 0.04144 ( 2)
 105 G   0.06756 0.88601 0.00296 0.04347 ( 2)
 106 Y   0.85927 0.09898 0.03690 0.00485 ( 1)
 107 I   0.01387 0.94168 0.00055 0.04390 ( 2)
 108 E   0.88757 0.07395 0.03503 0.00345 ( 1)
 109 Y   0.85927 0.09898 0.03690 0.00485 ( 1)
 110 S   0.84341 0.11375 0.03718 0.00565 ( 1)
 111 T   0.64452 0.30155 0.03629 0.01764 ( 1)
 112 T   0.67545 0.27150 0.03732 0.01572 ( 1)
 113 I   0.90330 0.05863 0.03534 0.00274 ( 1)
 114 Q   0.80573 0.14899 0.03761 0.00767 ( 1)
 115 F   0.42006 0.53720 0.01726 0.02547 ( 2)
 116 P   0.00231 0.94012 0.00014 0.05743 ( 2)
 117 D   0.01399 0.94352 0.00051 0.04198 ( 2)
 118 -   0.50674 0.43268 0.03269 0.02789 ( 1)
 119 E   0.72648 0.22376 0.03745 0.01231 ( 1)
 120 H   0.86121 0.09858 0.03552 0.00469 ( 1)
 121 P   0.81158 0.14351 0.03756 0.00735 ( 1)
 122 -   0.50674 0.43268 0.03269 0.02789 ( 1)
 123 K   0.51884 0.44075 0.02007 0.02035 ( 1)
 124 I   0.75942 0.20135 0.02982 0.00940 ( 1)
 125 T   0.41846 0.53590 0.01877 0.02687 ( 2)
 126 L   0.01044 0.94274 0.00046 0.04636 ( 2)
 127 H   0.00184 0.95310 0.00007 0.04498 ( 2)
 128 L   0.29080 0.66077 0.01390 0.03453 ( 2)
 129 -   0.50674 0.43268 0.03269 0.02789 ( 1)
 130 S   0.00042 0.94887 0.00002 0.05069 ( 2)
 131 D   0.08285 0.87339 0.00321 0.04055 ( 2)
 132 L   0.15215 0.79319 0.00853 0.04613 ( 2)
 133 S   0.81390 0.13547 0.04304 0.00758 ( 1)
 134 N   0.00254 0.95062 0.00011 0.04673 ( 2)
 135 N   0.12280 0.83259 0.00503 0.03958 ( 2)
 136 S   0.04545 0.90312 0.00231 0.04912 ( 2)
 137 S   0.04785 0.90381 0.00222 0.04612 ( 2)
 138 F   0.40667 0.55052 0.01671 0.02610 ( 2)
 139 Y   0.85927 0.09898 0.03690 0.00485 ( 1)
 140 V   0.00962 0.94561 0.00038 0.04439 ( 2)
 141 D   0.03453 0.92309 0.00128 0.04110 ( 2)
 142 S   0.00570 0.90435 0.00390 0.08605 ( 2)
 143 I   0.75942 0.20135 0.02982 0.00940 ( 1)
 144 E   0.89902 0.06257 0.03549 0.00292 ( 1)
 145 F   0.83713 0.11126 0.04529 0.00633 ( 1)
 146 I   0.75942 0.20135 0.02982 0.00940 ( 1)
 147 P   0.74813 0.20635 0.03470 0.01081 ( 1)

