Supplemental results for CODEML (seqf: algn  treef: tree)


dN/dS (w) for site classes (K=4)

site class             0        1       2a       2b
proportion       0.41937  0.49176  0.04091  0.04797
background w     0.07716  0.68829  0.07716  0.68829
foreground w     0.07716  0.68829 899.34231 899.34231

Naive Empirical Bayes (NEB) probabilities for 4 classes
(amino acids refer to 1st sequence: BT_Cry32Da1)

   1 I   0.41460 0.49653 0.04044 0.04843 ( 2)
   2 S   0.07656 0.83457 0.00747 0.08141 ( 2)
   3 I   0.01208 0.89905 0.00118 0.08770 ( 2)
   4 D   0.90842 0.00271 0.08861 0.00026 ( 1)
   5 K   0.98554 0.00389 0.01050 0.00007 ( 1)
   6 I   0.99042 0.00169 0.00788 0.00001 ( 1)
   7 T   0.99510 0.00028 0.00462 0.00000 ( 1)
   8 Q   0.99696 0.00160 0.00143 0.00000 ( 1)
   9 I   0.99417 0.00011 0.00572 0.00000 ( 1)
  10 P   0.99675 0.00207 0.00117 0.00000 ( 1)
  11 A   0.99019 0.00831 0.00148 0.00001 ( 1)
  12 V   0.98896 0.00894 0.00208 0.00002 ( 1)
  13 K   0.99533 0.00037 0.00430 0.00000 ( 1)
  14 A   0.50114 0.49057 0.00262 0.00567 ( 1)
  15 F   0.00815 0.93051 0.00260 0.05875 ( 2)
  16 F   0.00000 0.98520 0.00000 0.01480 ( 2)
  17 I   0.02825 0.96839 0.00007 0.00329 ( 2)
  18 D   0.00017 0.99386 0.00000 0.00597 ( 2)
  19 D   0.74411 0.24665 0.00595 0.00330 ( 1)
  20 N   0.00096 0.96263 0.00021 0.03620 ( 2)
  21 H   0.41937 0.49176 0.04091 0.04797 ( 2)
  22 V   0.11147 0.87926 0.00049 0.00878 ( 2)
  23 K   0.50070 0.49428 0.00189 0.00314 ( 1)
  24 V   0.99312 0.00039 0.00649 0.00001 ( 1)
  25 I   0.31195 0.68507 0.00083 0.00215 ( 2)
  26 K   0.00475 0.16479 0.58698 0.24348 ( 3)
  27 G   0.98022 0.00586 0.01380 0.00013 ( 1)
  28 P   0.99478 0.00366 0.00154 0.00001 ( 1)
  29 G   0.99610 0.00013 0.00377 0.00000 ( 1)
  30 S   0.02343 0.95740 0.00042 0.01875 ( 2)
  31 T   0.99619 0.00042 0.00338 0.00000 ( 1)
  32 G   0.97660 0.00098 0.02239 0.00004 ( 1)
  33 G   0.99628 0.00189 0.00183 0.00000 ( 1)
  34 D   0.99295 0.00184 0.00519 0.00002 ( 1)
  35 L   0.67873 0.02484 0.29489 0.00153 ( 1)
  36 V   0.96939 0.01141 0.01897 0.00023 ( 1)
  37 A   0.03297 0.96502 0.00005 0.00196 ( 2)
  38 F   0.92662 0.06826 0.00466 0.00047 ( 1)
  39 S   0.00304 0.35954 0.10113 0.53629 ( 4)
  40 R   0.00000 0.11822 0.00004 0.88174 ( 4)
  41 E   0.00000 0.09613 0.00001 0.90386 ( 4)
  42 G   0.04551 0.94849 0.00019 0.00582 ( 2)
  43 Y   0.00056 0.95091 0.00001 0.04853 ( 2)
  44 G   0.41937 0.49176 0.04091 0.04797 ( 2)
  45 L   0.85973 0.13488 0.00424 0.00115 ( 1)
  46 S   0.00136 0.99424 0.00000 0.00440 ( 2)
  47 I   0.99329 0.00196 0.00473 0.00002 ( 1)
  48 S   0.00001 0.80942 0.00001 0.19057 ( 2)
  49 V   0.53591 0.39627 0.05083 0.01699 ( 1)
  50 F   0.00024 0.91089 0.00002 0.08885 ( 2)
  51 I   0.00551 0.98858 0.00002 0.00589 ( 2)
  52 P   0.00000 0.94046 0.00000 0.05954 ( 2)
  53 G   0.00021 0.99183 0.00000 0.00796 ( 2)
  54 S   0.01076 0.93272 0.00419 0.05233 ( 2)
  55 D   0.00063 0.96899 0.00001 0.03037 ( 2)
  56 L   0.41937 0.49176 0.04091 0.04797 ( 2)
  57 V   0.00005 0.94805 0.00000 0.05190 ( 2)
  58 S   0.00001 0.97893 0.00000 0.02106 ( 2)
  59 F   0.00001 0.73747 0.00016 0.26236 ( 2)
  60 Y   0.95049 0.04328 0.00563 0.00060 ( 1)
  61 R   0.09419 0.90379 0.00014 0.00188 ( 2)
  62 V   0.95708 0.02928 0.01329 0.00035 ( 1)
  63 R   0.99337 0.00329 0.00332 0.00002 ( 1)
  64 I   0.99250 0.00192 0.00556 0.00002 ( 1)
  65 R   0.99419 0.00432 0.00148 0.00001 ( 1)
  66 Y   0.99708 0.00017 0.00275 0.00000 ( 1)
  67 A   0.98269 0.00267 0.01458 0.00006 ( 1)
  68 S   0.98396 0.01249 0.00342 0.00012 ( 1)
  69 S   0.88060 0.11549 0.00296 0.00095 ( 1)
  70 Q   0.00014 0.89017 0.00016 0.10953 ( 2)
  71 S   0.00005 0.82300 0.00052 0.17643 ( 2)
  72 A   0.55815 0.01296 0.42582 0.00307 ( 1)
  73 K   0.03151 0.95793 0.00117 0.00939 ( 2)
  74 V   0.86242 0.08823 0.04157 0.00778 ( 1)
  75 T   0.00145 0.98230 0.00002 0.01623 ( 2)
  76 M   0.34602 0.64604 0.00184 0.00609 ( 2)
  77 G   0.00000 0.87894 0.00001 0.12105 ( 2)
  78 F   0.00492 0.33814 0.09750 0.55944 ( 4)
  79 G   0.00000 0.99835 0.00000 0.00165 ( 2)
  80 G   0.00001 0.80389 0.00002 0.19608 ( 2)
  81 -   0.26066 0.65047 0.02543 0.06345 ( 2)
  82 -   0.23932 0.67181 0.02334 0.06553 ( 2)
  83 G   0.00286 0.87415 0.00012 0.12287 ( 2)
  84 V   0.17559 0.81028 0.00121 0.01292 ( 2)
  85 E   0.00309 0.54636 0.00359 0.44696 ( 2)
  86 E   0.36001 0.63446 0.00163 0.00390 ( 2)
  87 S   0.00002 0.38418 0.00251 0.61329 ( 4)
  88 E   0.01095 0.98340 0.00004 0.00561 ( 2)
  89 S   0.00002 0.99309 0.00000 0.00689 ( 2)
  90 K   0.00016 0.99269 0.00000 0.00715 ( 2)
  91 F   0.23018 0.76508 0.00069 0.00405 ( 2)
  92 N   0.89343 0.09543 0.00890 0.00225 ( 1)
  93 F   0.55445 0.38956 0.04582 0.01018 ( 1)
  94 P   0.00279 0.98198 0.00003 0.01520 ( 2)
  95 A   0.00031 0.57254 0.02684 0.40030 ( 2)
  96 T   0.97874 0.00366 0.01749 0.00012 ( 1)
  97 Y   0.01822 0.97630 0.00005 0.00543 ( 2)
  98 S   0.10592 0.37779 0.38470 0.13158 ( 3)
  99 G   0.55845 0.29883 0.12753 0.01520 ( 1)
 100 -   0.05704 0.85408 0.00556 0.08331 ( 2)
 101 -   0.41937 0.49176 0.04091 0.04797 ( 2)
 102 -   0.41937 0.49176 0.04091 0.04797 ( 2)
 103 G   0.79799 0.19761 0.00269 0.00171 ( 1)
 104 N   0.00000 0.75905 0.00005 0.24090 ( 2)
 105 L   0.46876 0.52838 0.00116 0.00170 ( 2)
 106 T   0.97701 0.01900 0.00385 0.00013 ( 1)
 107 Y   0.98992 0.00715 0.00289 0.00004 ( 1)
 108 N   0.98072 0.01412 0.00497 0.00018 ( 1)
 109 S   0.00004 0.95429 0.00000 0.04567 ( 2)
 110 F   0.99718 0.00011 0.00271 0.00000 ( 1)
 111 G   0.66064 0.33388 0.00260 0.00288 ( 1)
 112 Y   0.99708 0.00017 0.00275 0.00000 ( 1)
 113 I   0.00391 0.94461 0.00128 0.05020 ( 2)
 114 N   0.89736 0.09257 0.00829 0.00178 ( 1)
 115 T   0.08522 0.85560 0.00661 0.05257 ( 2)
 116 L   0.01193 0.69662 0.01978 0.27168 ( 2)
 117 A   0.12769 0.86151 0.00058 0.01021 ( 2)
 118 I   0.15261 0.83786 0.00084 0.00870 ( 2)
 119 A   0.00000 0.99100 0.00000 0.00900 ( 2)
 120 S   0.00038 0.91075 0.00004 0.08884 ( 2)
 121 Q   0.09202 0.81910 0.00898 0.07990 ( 2)
 122 S   0.35895 0.55217 0.03501 0.05386 ( 2)
 123 T   0.00378 0.92722 0.00199 0.06701 ( 2)
 124 A   0.48763 0.50289 0.00261 0.00687 ( 2)
 125 Q   0.00645 0.83375 0.00339 0.15641 ( 2)
 126 T   0.00000 0.19219 0.00004 0.80777 ( 4)
 127 I   0.10774 0.77940 0.00527 0.10760 ( 2)
 128 E   0.97280 0.01634 0.01066 0.00019 ( 1)
 129 V   0.02213 0.86721 0.00846 0.10220 ( 2)
 130 Y   0.00008 0.99923 0.00000 0.00069 ( 2)
 131 F   0.95107 0.04681 0.00195 0.00018 ( 1)
 132 R   0.00075 0.98629 0.00001 0.01295 ( 2)
 133 Q   0.97632 0.01825 0.00519 0.00024 ( 1)
 134 Y   0.00004 0.74992 0.00029 0.24975 ( 2)
 135 E   0.00893 0.98156 0.00005 0.00946 ( 2)
 136 E   0.97904 0.01050 0.01039 0.00007 ( 1)
 137 A   0.87346 0.12297 0.00290 0.00066 ( 1)
 138 E   0.00093 0.67583 0.00289 0.32035 ( 2)
 139 F   0.98018 0.00768 0.01194 0.00020 ( 1)
 140 I   0.00235 0.99450 0.00001 0.00315 ( 2)
 141 V   0.97291 0.01287 0.01387 0.00035 ( 1)
 142 D   0.99732 0.00104 0.00165 0.00000 ( 1)
 143 K   0.99439 0.00182 0.00378 0.00001 ( 1)
 144 L   0.96480 0.03308 0.00204 0.00008 ( 1)
 145 E   0.98860 0.00027 0.01113 0.00000 ( 1)
 146 F   0.98859 0.01058 0.00082 0.00001 ( 1)
 147 I   0.99407 0.00030 0.00562 0.00000 ( 1)
 148 -   0.41937 0.49176 0.04091 0.04797 ( 2)


lnL = -3125.316486

