Supplemental results for CODEML (seqf: algn  treef: tree)


dN/dS (w) for site classes (K=4)

site class             0        1       2a       2b
proportion       0.20512  0.12211  0.42171  0.25106
background w     0.22310  1.70876  0.22310  1.70876
foreground w     0.22310  1.70876  0.00000  0.00000

Naive Empirical Bayes (NEB) probabilities for 4 classes
(amino acids refer to 1st sequence: BT_Cry4Ba1)

   1 S   0.15983 0.13886 0.33909 0.36222 ( 4)
   2 K   0.27986 0.64559 0.00259 0.07196 ( 2)
   3 T   0.30067 0.01379 0.64640 0.03914 ( 3)
   4 E   0.30226 0.01324 0.64754 0.03696 ( 3)
   5 F   0.23826 0.06667 0.50988 0.18520 ( 3)
   6 T   0.30336 0.02037 0.63071 0.04556 ( 3)
   7 R   0.30420 0.01108 0.65318 0.03154 ( 3)
   8 E   0.26898 0.05129 0.56142 0.11830 ( 3)
   9 I   0.30687 0.00541 0.67052 0.01719 ( 3)
  10 Y   0.30322 0.01176 0.65154 0.03348 ( 3)
  11 T   0.20022 0.10740 0.42285 0.26953 ( 3)
  12 A   0.30605 0.01013 0.65558 0.02824 ( 3)
  13 L   0.28141 0.03762 0.59059 0.09039 ( 3)
  14 V   0.00843 0.27702 0.01782 0.69673 ( 4)
  15 E   0.22866 0.06705 0.49703 0.20726 ( 3)
  16 S   0.30445 0.01009 0.65616 0.02931 ( 3)
  17 P   0.22814 0.07315 0.49016 0.20855 ( 3)
  18 S   0.23594 0.06664 0.50695 0.19048 ( 3)
  19 S   0.26839 0.03607 0.58393 0.11161 ( 3)
  20 K   0.30450 0.00977 0.65714 0.02859 ( 3)
  21 S   0.06656 0.21851 0.14137 0.57356 ( 4)
  22 I   0.21818 0.07998 0.47069 0.23115 ( 3)
  23 A   0.21173 0.08850 0.45354 0.24623 ( 3)
  24 A   0.05104 0.24381 0.10740 0.59774 ( 4)
  25 L   0.07573 0.23553 0.15761 0.53113 ( 4)
  26 E   0.26360 0.05632 0.55019 0.12989 ( 3)
  27 A   0.21606 0.08469 0.46287 0.23638 ( 3)
  28 A   0.18492 0.11996 0.39110 0.30401 ( 3)
  29 L   0.30247 0.01330 0.64728 0.03696 ( 3)
  30 T   0.30176 0.01290 0.64875 0.03659 ( 3)
  31 R   0.28436 0.02731 0.61059 0.07773 ( 3)
  32 D   0.24781 0.05186 0.53952 0.16081 ( 3)
  33 V   0.06913 0.19725 0.14949 0.58413 ( 4)
  34 H   0.30563 0.00929 0.65809 0.02700 ( 3)
  35 L   0.28655 0.03595 0.59638 0.08112 ( 3)
  36 F   0.26117 0.05903 0.54469 0.13510 ( 3)
  37 T   0.25777 0.04376 0.56222 0.13624 ( 3)
  38 W   0.23793 0.08467 0.49291 0.18449 ( 3)
  39 L   0.13868 0.16772 0.29105 0.40254 ( 4)
  40 K   0.27826 0.04022 0.58437 0.09716 ( 3)
  41 R   0.08002 0.18504 0.17371 0.56123 ( 4)
  42 V   0.19999 0.09990 0.42721 0.27290 ( 3)
  43 D   0.10817 0.31520 0.19959 0.37704 ( 4)
  44 F   0.25876 0.06154 0.53931 0.14039 ( 3)
  45 W   0.23793 0.08467 0.49291 0.18449 ( 3)
  46 T   0.24994 0.07121 0.51961 0.15924 ( 3)
  47 -   0.26161 0.04325 0.56583 0.12931 ( 3)
  48 -   0.26659 0.03523 0.58433 0.11385 ( 3)
  49 N   0.24582 0.05879 0.52821 0.16718 ( 3)
  50 T   0.25444 0.04439 0.55769 0.14348 ( 3)
  51 I   0.26575 0.65226 0.01679 0.06519 ( 2)
  52 Y   0.28716 0.03685 0.59529 0.08069 ( 3)
  53 Q   0.17353 0.12570 0.36883 0.33194 ( 3)
  54 D   0.30778 0.00531 0.67023 0.01667 ( 3)
  55 L   0.00338 0.93802 0.00002 0.05858 ( 2)
  56 R   0.30530 0.01740 0.63719 0.04011 ( 3)
  57 F   0.17212 0.14770 0.35681 0.32336 ( 3)
  58 L   0.28941 0.02780 0.61212 0.07067 ( 3)
  59 S   0.30445 0.01009 0.65616 0.02931 ( 3)
  60 A   0.28892 0.02065 0.62717 0.06327 ( 3)
  61 N   0.30699 0.00474 0.67290 0.01537 ( 3)
  62 K   0.23626 0.06670 0.50729 0.18975 ( 3)
  63 I   0.30687 0.00541 0.67052 0.01719 ( 3)
  64 G   0.27877 0.03306 0.59642 0.09176 ( 3)
  65 F   0.30647 0.00768 0.66286 0.02299 ( 3)
  66 S   0.28811 0.02901 0.60934 0.07354 ( 3)
  67 Y   0.30322 0.01176 0.65154 0.03348 ( 3)
  68 T   0.30176 0.01290 0.64875 0.03659 ( 3)
  69 N   0.30699 0.00474 0.67290 0.01537 ( 3)
  70 S   0.30445 0.01009 0.65616 0.02931 ( 3)
  71 S   0.30445 0.01009 0.65616 0.02931 ( 3)
  72 A   0.06174 0.21318 0.13225 0.59283 ( 4)
  73 M   0.22840 0.07117 0.49284 0.20759 ( 3)
  74 Q   0.07690 0.48510 0.05967 0.37833 ( 2)
  75 E   0.01054 0.26410 0.02245 0.70291 ( 4)
  76 S   0.27363 0.03093 0.59683 0.09862 ( 3)
  77 G   0.28989 0.02750 0.61282 0.06978 ( 3)
  78 I   0.30687 0.00541 0.67052 0.01719 ( 3)
  79 Y   0.30643 0.01357 0.64637 0.03363 ( 3)
  80 G   0.28989 0.02750 0.61282 0.06978 ( 3)
  81 S   0.30847 0.00446 0.67283 0.01423 ( 3)
  82 S   0.00290 0.24352 0.00633 0.74724 ( 4)
  83 G   0.02316 0.47334 0.01800 0.48550 ( 4)
  84 F   0.23712 0.06263 0.51287 0.18738 ( 3)
  85 G   0.19989 0.09865 0.42765 0.27380 ( 3)
  86 S   0.00686 0.25527 0.01475 0.72312 ( 4)
  87 N   0.00058 0.34449 0.00118 0.65374 ( 4)
  88 L   0.06957 0.20681 0.14889 0.57472 ( 4)
  89 T   0.09088 0.17283 0.19822 0.53807 ( 4)
  90 H   0.07259 0.19736 0.15629 0.57376 ( 4)
  91 Q   0.00574 0.31246 0.01189 0.66991 ( 4)
  92 I   0.07992 0.18903 0.17259 0.55847 ( 4)
  93 Q   0.00564 0.26983 0.01199 0.71254 ( 4)
  94 L   0.22286 0.07945 0.47691 0.22078 ( 3)
  95 N   0.26620 0.06103 0.54730 0.12547 ( 3)
  96 S   0.11931 0.16068 0.25689 0.46312 ( 4)
  97 N   0.26189 0.03870 0.57405 0.12536 ( 3)
  98 V   0.30655 0.00762 0.66304 0.02280 ( 3)
  99 Y   0.04107 0.22641 0.08824 0.64429 ( 4)
 100 K   0.23626 0.06670 0.50729 0.18975 ( 3)
 101 T   0.01447 0.23377 0.03143 0.72033 ( 4)
 102 S   0.12223 0.15728 0.26344 0.45704 ( 4)
 103 I   0.00278 0.30848 0.00577 0.68296 ( 4)
 104 T   0.00682 0.25297 0.01468 0.72554 ( 4)
 105 D   0.06879 0.18886 0.14979 0.59256 ( 4)
 106 T   0.09735 0.16782 0.21233 0.52249 ( 4)
 107 S   0.00240 0.25903 0.00517 0.73340 ( 4)
 108 S   0.02851 0.29872 0.05861 0.61416 ( 4)
 109 P   0.01865 0.30858 0.03835 0.63442 ( 4)
 110 S   0.00125 0.99693 0.00000 0.00182 ( 2)
 111 N   0.25119 0.04676 0.55060 0.15145 ( 3)
 112 R   0.00353 0.28422 0.00745 0.70479 ( 4)
 113 V   0.04103 0.21795 0.08875 0.65227 ( 4)
 114 T   0.06380 0.20823 0.13716 0.59081 ( 4)
 115 K   0.22186 0.09238 0.46514 0.22063 ( 3)
 116 M   0.00764 0.25562 0.01641 0.72033 ( 4)
 117 D   0.12183 0.14812 0.26529 0.46475 ( 4)
 118 F   0.02459 0.29155 0.05091 0.63296 ( 4)
 119 Y   0.00131 0.29444 0.00274 0.70152 ( 4)
 120 K   0.05949 0.23297 0.12552 0.58202 ( 4)
 121 I   0.25089 0.05124 0.54475 0.15312 ( 3)
 122 D   0.26228 0.04077 0.57066 0.12629 ( 3)
 123 G   0.28453 0.03971 0.58934 0.08641 ( 3)
 124 T   0.30567 0.00672 0.66670 0.02091 ( 3)
 125 L   0.00169 0.25954 0.00363 0.73513 ( 4)
 126 A   0.28237 0.02978 0.60484 0.08302 ( 3)
 127 S   0.06326 0.21589 0.13485 0.58600 ( 4)
 128 Y   0.30322 0.01176 0.65154 0.03348 ( 3)
 129 N   0.30699 0.00474 0.67290 0.01537 ( 3)
 130 S   0.28811 0.02901 0.60934 0.07354 ( 3)
 131 N   0.06366 0.89665 0.00063 0.03906 ( 2)
 132 I   0.30445 0.00983 0.65698 0.02874 ( 3)
 133 T   0.02095 0.95432 0.00007 0.02466 ( 2)
 134 P   0.29643 0.02019 0.63005 0.05333 ( 3)
 135 T   0.11105 0.16271 0.24018 0.48606 ( 4)
 136 P   0.30454 0.01065 0.65435 0.03046 ( 3)
 137 E   0.01229 0.23458 0.02674 0.72639 ( 4)
 138 G   0.10112 0.16097 0.22160 0.51631 ( 4)
 139 L   0.28941 0.02780 0.61212 0.07067 ( 3)
 140 R   0.28746 0.02478 0.61724 0.07053 ( 3)
 141 T   0.09857 0.21521 0.20493 0.48128 ( 4)
 142 T   0.30119 0.01337 0.64751 0.03793 ( 3)
 143 F   0.25576 0.07117 0.52947 0.14360 ( 3)
 144 F   0.30647 0.00768 0.66286 0.02299 ( 3)
 145 G   0.28989 0.02750 0.61282 0.06978 ( 3)
 146 F   0.29578 0.02674 0.61647 0.06100 ( 3)
 147 S   0.28811 0.02901 0.60934 0.07354 ( 3)
 148 T   0.18931 0.11610 0.40037 0.29423 ( 3)
 149 N   0.25176 0.04718 0.55150 0.14956 ( 3)
 150 E   0.11193 0.19794 0.23361 0.45652 ( 4)
 151 N   0.12861 0.18338 0.26815 0.41987 ( 4)
 152 T   0.21319 0.08557 0.45777 0.24347 ( 3)
 153 -   0.20928 0.11795 0.43027 0.24250 ( 3)
 154 P   0.30454 0.01065 0.65435 0.03046 ( 3)
 155 N   0.30699 0.00474 0.67290 0.01537 ( 3)
 156 Q   0.28500 0.03285 0.60066 0.08149 ( 3)
 157 P   0.29643 0.02019 0.63005 0.05333 ( 3)
 158 T   0.30567 0.00672 0.66670 0.02091 ( 3)
 159 V   0.21309 0.08596 0.45772 0.24323 ( 3)
 160 N   0.07293 0.22219 0.15371 0.55117 ( 4)
 161 D   0.30778 0.00531 0.67023 0.01667 ( 3)
 162 Y   0.30322 0.01176 0.65154 0.03348 ( 3)
 163 T   0.09555 0.21876 0.19853 0.48716 ( 4)
 164 H   0.23838 0.06363 0.51328 0.18470 ( 3)
 165 I   0.30687 0.00541 0.67052 0.01719 ( 3)
 166 L   0.28941 0.02780 0.61212 0.07067 ( 3)
 167 S   0.29387 0.01555 0.64098 0.04960 ( 3)
 168 Y   0.30322 0.01176 0.65154 0.03348 ( 3)
 169 I   0.30445 0.00983 0.65698 0.02874 ( 3)
 170 K   0.30450 0.00977 0.65714 0.02859 ( 3)
 171 T   0.30567 0.00672 0.66670 0.02091 ( 3)
 172 D   0.30778 0.00531 0.67023 0.01667 ( 3)
 173 V   0.25864 0.04232 0.56510 0.13394 ( 3)
 174 I   0.30445 0.00983 0.65698 0.02874 ( 3)
 175 D   0.03138 0.25509 0.06635 0.64717 ( 4)
 176 Y   0.06750 0.20879 0.14441 0.57930 ( 4)
 177 N   0.11554 0.19860 0.24029 0.44557 ( 4)
 178 S   0.01028 0.29324 0.02145 0.67503 ( 4)
 179 N   0.00061 0.30280 0.00127 0.69532 ( 4)
 180 R   0.11648 0.19376 0.24310 0.44667 ( 4)
 181 V   0.30655 0.00762 0.66304 0.02280 ( 3)
 182 S   0.28811 0.02901 0.60934 0.07354 ( 3)
 183 F   0.30647 0.00768 0.66286 0.02299 ( 3)
 184 A   0.30700 0.00654 0.66643 0.02003 ( 3)
 185 W   0.23793 0.08467 0.49291 0.18449 ( 3)
 186 T   0.30176 0.01290 0.64875 0.03659 ( 3)
 187 H   0.30563 0.00929 0.65809 0.02700 ( 3)
 188 K   0.00748 0.25508 0.01605 0.72138 ( 4)
 189 I   0.23470 0.06284 0.51066 0.19180 ( 3)


lnL = -1874.715913

