Supplemental results for CODEML (seqf: algn  treef: tree)


dN/dS (w) for site classes (K=4)

site class             0        1       2a       2b
proportion       0.00000  0.00000  0.64498  0.35502
background w     0.08124  1.00000  0.08124  1.00000
foreground w     0.08124  1.00000 84.63656 84.63656

Naive Empirical Bayes (NEB) probabilities for 4 classes
(amino acids refer to 1st sequence: BT_Cry30Aa1)

   1 -   0.00000 0.00000 0.66573 0.33427 ( 3)
   2 -   0.00000 0.00000 0.64812 0.35188 ( 3)
   3 -   0.00000 0.00000 0.66428 0.33572 ( 3)
   4 -   0.00000 0.00000 0.66704 0.33296 ( 3)
   5 R   0.00000 0.00000 0.01517 0.98483 ( 4)
   6 I   0.00000 0.00000 0.93241 0.06759 ( 3)
   7 T   0.00000 0.00000 0.92372 0.07628 ( 3)
   8 Q   0.00000 0.00000 0.99648 0.00352 ( 3)
   9 I   0.00000 0.00000 0.93996 0.06004 ( 3)
  10 P   0.00000 0.00000 0.99377 0.00623 ( 3)
  11 A   0.00000 0.00000 0.99548 0.00452 ( 3)
  12 V   0.00000 0.00000 0.99444 0.00556 ( 3)
  13 K   0.00000 0.00000 0.99742 0.00258 ( 3)
  14 A   0.00000 0.00000 0.13806 0.86194 ( 4)
  15 Y   0.00000 0.00000 0.00039 0.99961 ( 4)
  16 S   0.00000 0.00000 0.00007 0.99993 ( 4)
  17 L   0.00000 0.00000 0.96925 0.03075 ( 3)
  18 T   0.00000 0.00000 0.00085 0.99915 ( 4)
  19 S   0.00000 0.00000 0.26524 0.73476 ( 4)
  20 P   0.00000 0.00000 0.45763 0.54237 ( 4)
  21 -   0.00000 0.00000 0.04164 0.95836 ( 4)
  22 -   0.00000 0.00000 0.27863 0.72137 ( 4)
  23 -   0.00000 0.00000 0.29804 0.70196 ( 4)
  24 -   0.00000 0.00000 0.01593 0.98407 ( 4)
  25 -   0.00000 0.00000 0.64498 0.35502 ( 3)
  26 A   0.00000 0.00000 0.81356 0.18644 ( 3)
  27 R   0.00000 0.00000 0.06016 0.93984 ( 4)
  28 V   0.00000 0.00000 0.99540 0.00460 ( 3)
  29 I   0.00000 0.00000 0.99592 0.00408 ( 3)
  30 V   0.00000 0.00000 0.07984 0.92016 ( 4)
  31 G   0.00000 0.00000 0.99277 0.00723 ( 3)
  32 P   0.00000 0.00000 0.92158 0.07842 ( 3)
  33 G   0.00000 0.00000 0.60800 0.39200 ( 3)
  34 H   0.00000 0.00000 0.97489 0.02511 ( 3)
  35 T   0.00000 0.00000 0.99284 0.00716 ( 3)
  36 G   0.00000 0.00000 0.99562 0.00438 ( 3)
  37 G   0.00000 0.00000 0.99393 0.00607 ( 3)
  38 D   0.00000 0.00000 0.97676 0.02324 ( 3)
  39 L   0.00000 0.00000 0.98974 0.01026 ( 3)
  40 V   0.00000 0.00000 0.97791 0.02209 ( 3)
  41 A   0.00000 0.00000 0.42599 0.57401 ( 4)
  42 L   0.00000 0.00000 0.98544 0.01456 ( 3)
  43 L   0.00000 0.00000 0.98733 0.01267 ( 3)
  44 -   0.00000 0.00000 0.79011 0.20989 ( 3)
  45 -   0.00000 0.00000 0.27746 0.72254 ( 4)
  46 -   0.00000 0.00000 0.78427 0.21573 ( 3)
  47 -   0.00000 0.00000 0.69988 0.30012 ( 3)
  48 -   0.00000 0.00000 0.78342 0.21658 ( 3)
  49 -   0.00000 0.00000 0.76422 0.23578 ( 3)
  50 N   0.00000 0.00000 0.97918 0.02082 ( 3)
  51 S   0.00000 0.00000 0.00010 0.99990 ( 4)
  52 G   0.00000 0.00000 0.00012 0.99988 ( 4)
  53 T   0.00000 0.00000 0.06153 0.93847 ( 4)
  54 Q   0.00000 0.00000 0.00288 0.99712 ( 4)
  55 S   0.00000 0.00000 0.03496 0.96504 ( 4)
  56 G   0.00000 0.00000 0.99633 0.00367 ( 3)
  57 T   0.00000 0.00000 0.00331 0.99669 ( 4)
  58 M   0.00000 0.00000 0.98705 0.01295 ( 3)
  59 Q   0.00000 0.00000 0.67955 0.32045 ( 3)
  60 I   0.00000 0.00000 0.74791 0.25209 ( 3)
  61 Q   0.00000 0.00000 0.20589 0.79411 ( 4)
  62 C   0.00000 0.00000 0.73084 0.26916 ( 3)
  63 K   0.00000 0.00000 0.92621 0.07379 ( 3)
  64 T   0.00000 0.00000 0.97635 0.02365 ( 3)
  65 G   0.00000 0.00000 0.69986 0.30014 ( 3)
  66 S   0.00000 0.00000 0.90695 0.09305 ( 3)
  67 F   0.00000 0.00000 0.60856 0.39144 ( 3)
  68 T   0.00000 0.00000 0.96869 0.03131 ( 3)
  69 G   0.00000 0.00000 0.45056 0.54944 ( 4)
  70 P   0.00000 0.00000 0.00985 0.99015 ( 4)
  71 S   0.00000 0.00000 0.22877 0.77123 ( 4)
  72 R   0.00000 0.00000 0.96913 0.03087 ( 3)
  73 Q   0.00000 0.00000 0.46877 0.53123 ( 4)
  74 Y   0.00000 0.00000 0.99347 0.00653 ( 3)
  75 G   0.00000 0.00000 0.94122 0.05878 ( 3)
  76 L   0.00000 0.00000 0.90805 0.09195 ( 3)
  77 R   0.00000 0.00000 0.98221 0.01779 ( 3)
  78 M   0.00000 0.00000 0.43543 0.56457 ( 4)
  79 R   0.00000 0.00000 0.99197 0.00803 ( 3)
  80 Y   0.00000 0.00000 0.99725 0.00275 ( 3)
  81 A   0.00000 0.00000 0.99467 0.00533 ( 3)
  82 A   0.00000 0.00000 0.99549 0.00451 ( 3)
  83 N   0.00000 0.00000 0.99577 0.00423 ( 3)
  84 S   0.00000 0.00000 0.90367 0.09633 ( 3)
  85 A   0.00000 0.00000 0.52622 0.47378 ( 3)
  86 F   0.00000 0.00000 0.43073 0.56927 ( 4)
  87 T   0.00000 0.00000 0.84841 0.15159 ( 3)
  88 V   0.00000 0.00000 0.81981 0.18019 ( 3)
  89 S   0.00000 0.00000 0.98336 0.01664 ( 3)
  90 L   0.00000 0.00000 0.93351 0.06649 ( 3)
  91 S   0.00000 0.00000 0.95178 0.04822 ( 3)
  92 Y   0.00000 0.00000 0.86889 0.13111 ( 3)
  93 T   0.00000 0.00000 0.03465 0.96535 ( 4)
  94 L   0.00000 0.00000 0.15175 0.84825 ( 4)
  95 L   0.00000 0.00000 0.00003 0.99997 ( 4)
  96 -   0.00000 0.00000 0.86134 0.13866 ( 3)
  97 G   0.00000 0.00000 0.97398 0.02602 ( 3)
  98 Q   0.00000 0.00000 0.00037 0.99963 ( 4)
  99 T   0.00000 0.00000 0.25516 0.74484 ( 4)
 100 R   0.00000 0.00000 0.00001 0.99999 ( 4)
 101 G   0.00000 0.00000 0.66016 0.33984 ( 3)
 102 T   0.00000 0.00000 0.02184 0.97816 ( 4)
 103 S   0.00000 0.00000 0.36211 0.63789 ( 4)
 104 F   0.00000 0.00000 0.96701 0.03299 ( 3)
 105 V   0.00000 0.00000 0.00004 0.99996 ( 4)
 106 T   0.00000 0.00000 0.88276 0.11724 ( 3)
 107 E   0.00000 0.00000 0.99734 0.00266 ( 3)
 108 N   0.00000 0.00000 0.04932 0.95068 ( 4)
 109 T   0.00000 0.00000 0.99466 0.00534 ( 3)
 110 F   0.00000 0.00000 0.96958 0.03042 ( 3)
 111 S   0.00000 0.00000 0.46310 0.53690 ( 4)
 112 R   0.00000 0.00000 0.98741 0.01259 ( 3)
 113 S   0.00000 0.00000 0.00160 0.99840 ( 4)
 114 N   0.00000 0.00000 0.99191 0.00809 ( 3)
 115 N   0.00000 0.00000 0.99713 0.00287 ( 3)
 116 I   0.00000 0.00000 0.69387 0.30613 ( 3)
 117 I   0.00000 0.00000 0.96685 0.03315 ( 3)
 118 P   0.00000 0.00000 0.92351 0.07649 ( 3)
 119 T   0.00000 0.00000 0.94074 0.05926 ( 3)
 120 D   0.00000 0.00000 0.99840 0.00160 ( 3)
 121 L   0.00000 0.00000 0.98944 0.01056 ( 3)
 122 K   0.00000 0.00000 0.96910 0.03090 ( 3)
 123 Y   0.00000 0.00000 0.97259 0.02741 ( 3)
 124 E   0.00000 0.00000 0.66565 0.33435 ( 3)
 125 E   0.00000 0.00000 0.94562 0.05438 ( 3)
 126 F   0.00000 0.00000 0.99717 0.00283 ( 3)
 127 K   0.00000 0.00000 0.98729 0.01271 ( 3)
 128 Y   0.00000 0.00000 0.95913 0.04087 ( 3)
 129 K   0.00000 0.00000 0.93469 0.06531 ( 3)
 130 D   0.00000 0.00000 0.01361 0.98639 ( 4)
 131 Y   0.00000 0.00000 0.76782 0.23218 ( 3)
 132 L   0.00000 0.00000 0.00002 0.99998 ( 4)
 133 Q   0.00000 0.00000 0.72203 0.27797 ( 3)
 134 I   0.00000 0.00000 0.99367 0.00633 ( 3)
 135 I   0.00000 0.00000 0.98944 0.01056 ( 3)
 136 T   0.00000 0.00000 0.97309 0.02691 ( 3)
 137 M   0.00000 0.00000 0.16981 0.83019 ( 4)
 138 T   0.00000 0.00000 0.46783 0.53217 ( 4)
 139 L   0.00000 0.00000 0.00629 0.99371 ( 4)
 140 P   0.00000 0.00000 0.74320 0.25680 ( 3)
 141 A   0.00000 0.00000 0.01443 0.98557 ( 4)
 142 N   0.00000 0.00000 0.98087 0.01913 ( 3)
 143 T   0.00000 0.00000 0.97635 0.02365 ( 3)
 144 I   0.00000 0.00000 0.81677 0.18323 ( 3)
 145 I   0.00000 0.00000 0.69095 0.30905 ( 3)
 146 T   0.00000 0.00000 0.91027 0.08973 ( 3)
 147 I   0.00000 0.00000 0.96105 0.03895 ( 3)
 148 S   0.00000 0.00000 0.00196 0.99804 ( 4)
 149 M   0.00000 0.00000 0.11177 0.88823 ( 4)
 150 Q   0.00000 0.00000 0.00001 0.99999 ( 4)
 151 Q   0.00000 0.00000 0.54536 0.45464 ( 3)
 152 A   0.00000 0.00000 0.00055 0.99945 ( 4)
 153 T   0.00000 0.00000 0.00573 0.99427 ( 4)
 154 G   0.00000 0.00000 0.00072 0.99928 ( 4)
 155 L   0.00000 0.00000 0.00000 1.00000 ( 4)
 156 L   0.00000 0.00000 0.01665 0.98335 ( 4)
 157 N   0.00000 0.00000 0.99577 0.00423 ( 3)
 158 N   0.00000 0.00000 0.01956 0.98044 ( 4)
 159 Q   0.00000 0.00000 0.87036 0.12964 ( 3)
 160 L   0.00000 0.00000 0.88715 0.11285 ( 3)
 161 I   0.00000 0.00000 0.99601 0.00399 ( 3)
 162 I   0.00000 0.00000 0.96724 0.03276 ( 3)
 163 D   0.00000 0.00000 0.98774 0.01226 ( 3)
 164 R   0.00000 0.00000 0.98969 0.01031 ( 3)
 165 I   0.00000 0.00000 0.97320 0.02680 ( 3)
 166 E   0.00000 0.00000 0.99780 0.00220 ( 3)
 167 F   0.00000 0.00000 0.95696 0.04304 ( 3)
 168 Y   0.00000 0.00000 0.36154 0.63846 ( 4)
 169 P   0.00000 0.00000 0.99406 0.00594 ( 3)


lnL = -2300.885938

Bayes Empirical Bayes (BEB) probabilities for 4 classes (class)
(amino acids refer to 1st sequence: BT_Cry30Aa1)

   1 -   0.39543 0.25699 0.20701 0.14058 ( 1)
   2 -   0.38290 0.26952 0.20030 0.14729 ( 1)
   3 -   0.39439 0.25802 0.20645 0.14113 ( 1)
   4 -   0.39637 0.25605 0.20751 0.14008 ( 1)
   5 R   0.00262 0.64886 0.00136 0.34716 ( 2)
   6 I   0.59421 0.05885 0.31423 0.03272 ( 1)
   7 T   0.57778 0.07330 0.30815 0.04077 ( 1)
   8 Q   0.65056 0.00224 0.34594 0.00125 ( 1)
   9 I   0.60181 0.05124 0.31844 0.02851 ( 1)
  10 P   0.64840 0.00411 0.34520 0.00229 ( 1)
  11 A   0.65040 0.00262 0.34552 0.00146 ( 1)
  12 V   0.64912 0.00341 0.34556 0.00190 ( 1)
  13 K   0.65167 0.00142 0.34612 0.00079 ( 1)
  14 A   0.02999 0.62250 0.01526 0.33224 ( 2)
  15 Y   0.00011 0.65206 0.00006 0.34778 ( 2)
  16 S   0.00004 0.65165 0.00002 0.34830 ( 2)
  17 L   0.63233 0.02057 0.33565 0.01146 ( 1)
  18 T   0.00005 0.65072 0.00003 0.34921 ( 2)
  19 S   0.06424 0.58868 0.03277 0.31431 ( 2)
  20 P   0.01770 0.62752 0.02130 0.33347 ( 2)
  21 -   0.00438 0.64688 0.00254 0.34620 ( 2)
  22 -   0.07373 0.57702 0.04065 0.30860 ( 2)
  23 -   0.07868 0.57193 0.04353 0.30585 ( 2)
  24 -   0.00165 0.64918 0.00097 0.34820 ( 2)
  25 -   0.38068 0.27174 0.19911 0.14847 ( 1)
  26 A   0.37782 0.26946 0.20588 0.14683 ( 1)
  27 R   0.00505 0.64689 0.00297 0.34510 ( 2)
  28 V   0.65028 0.00269 0.34553 0.00150 ( 1)
  29 I   0.65082 0.00226 0.34567 0.00126 ( 1)
  30 V   0.01980 0.63306 0.01007 0.33707 ( 2)
  31 G   0.64781 0.00471 0.34485 0.00263 ( 1)
  32 P   0.59027 0.06215 0.31300 0.03458 ( 1)
  33 G   0.18188 0.46902 0.09646 0.25264 ( 2)
  34 H   0.62938 0.02269 0.33525 0.01268 ( 1)
  35 T   0.64884 0.00419 0.34464 0.00233 ( 1)
  36 G   0.65028 0.00266 0.34559 0.00148 ( 1)
  37 G   0.64851 0.00401 0.34525 0.00224 ( 1)
  38 D   0.51617 0.07950 0.36368 0.04065 ( 1)
  39 L   0.64587 0.00687 0.34342 0.00383 ( 1)
  40 V   0.63245 0.02012 0.33619 0.01124 ( 1)
  41 A   0.06438 0.58599 0.03639 0.31325 ( 2)
  42 L   0.63944 0.01352 0.33949 0.00755 ( 1)
  43 L   0.64426 0.00848 0.34253 0.00473 ( 1)
  44 -   0.48966 0.16337 0.25705 0.08993 ( 1)
  45 -   0.07075 0.57981 0.03931 0.31013 ( 2)
  46 -   0.48426 0.16871 0.25421 0.09282 ( 1)
  47 -   0.42027 0.23233 0.22014 0.12726 ( 1)
  48 -   0.48383 0.16914 0.25397 0.09306 ( 1)
  49 -   0.46878 0.18409 0.24595 0.10117 ( 1)
  50 N   0.63998 0.01269 0.34025 0.00707 ( 1)
  51 S   0.00005 0.65213 0.00003 0.34779 ( 2)
  52 G   0.00001 0.65125 0.00000 0.34873 ( 2)
  53 T   0.01444 0.63786 0.00738 0.34032 ( 2)
  54 Q   0.00044 0.65123 0.00023 0.34809 ( 2)
  55 S   0.00812 0.64469 0.00412 0.34307 ( 2)
  56 G   0.65074 0.00220 0.34584 0.00122 ( 1)
  57 T   0.00104 0.65172 0.00052 0.34673 ( 2)
  58 M   0.64174 0.01136 0.34055 0.00634 ( 1)
  59 Q   0.29741 0.35521 0.15450 0.19288 ( 2)
  60 I   0.41195 0.24059 0.21566 0.13181 ( 1)
  61 Q   0.04771 0.60444 0.02449 0.32336 ( 2)
  62 C   0.34700 0.30524 0.18110 0.16666 ( 1)
  63 K   0.55226 0.10062 0.29132 0.05580 ( 1)
  64 T   0.63049 0.02268 0.33417 0.01266 ( 1)
  65 G   0.30504 0.34769 0.15842 0.18885 ( 2)
  66 S   0.56186 0.09118 0.29639 0.05056 ( 1)
  67 F   0.29437 0.35804 0.15312 0.19446 ( 2)
  68 T   0.62809 0.02432 0.33401 0.01358 ( 1)
  69 G   0.19627 0.45615 0.10157 0.24602 ( 2)
  70 P   0.00220 0.64969 0.00111 0.34700 ( 2)
  71 S   0.06652 0.58624 0.03406 0.31318 ( 2)
  72 R   0.61953 0.03326 0.32865 0.01856 ( 1)
  73 Q   0.17881 0.47417 0.09210 0.25493 ( 2)
  74 Y   0.64799 0.00453 0.34496 0.00253 ( 1)
  75 G   0.59150 0.06099 0.31354 0.03397 ( 1)
  76 L   0.57445 0.07863 0.30329 0.04363 ( 1)
  77 R   0.64019 0.01262 0.34015 0.00704 ( 1)
  78 M   0.12109 0.53176 0.06213 0.28501 ( 2)
  79 R   0.64731 0.00534 0.34437 0.00298 ( 1)
  80 Y   0.65125 0.00166 0.34617 0.00092 ( 1)
  81 A   0.64927 0.00326 0.34565 0.00182 ( 1)
  82 A   0.65032 0.00264 0.34556 0.00147 ( 1)
  83 N   0.64970 0.00341 0.34499 0.00190 ( 1)
  84 S   0.53645 0.11659 0.28243 0.06453 ( 1)
  85 A   0.22234 0.43057 0.11487 0.23223 ( 2)
  86 F   0.11586 0.53701 0.05940 0.28773 ( 2)
  87 T   0.45025 0.20261 0.23582 0.11132 ( 1)
  88 V   0.47891 0.17402 0.25131 0.09576 ( 1)
  89 S   0.63962 0.01350 0.33935 0.00753 ( 1)
  90 L   0.58669 0.06626 0.31021 0.03683 ( 1)
  91 S   0.60553 0.04742 0.32065 0.02640 ( 1)
  92 Y   0.47912 0.17374 0.25144 0.09570 ( 1)
  93 T   0.00746 0.64526 0.00375 0.34353 ( 2)
  94 L   0.03437 0.61849 0.01747 0.32967 ( 2)
  95 L   0.00001 0.65256 0.00001 0.34741 ( 2)
  96 -   0.54241 0.11000 0.28664 0.06094 ( 1)
  97 G   0.63399 0.01853 0.33715 0.01034 ( 1)
  98 Q   0.00018 0.65231 0.00009 0.34742 ( 2)
  99 T   0.05914 0.59378 0.03014 0.31695 ( 2)
 100 R   0.00001 0.65268 0.00000 0.34731 ( 2)
 101 G   0.24660 0.40639 0.12738 0.21963 ( 2)
 102 T   0.00497 0.64756 0.00249 0.34498 ( 2)
 103 S   0.09410 0.55875 0.04819 0.29897 ( 2)
 104 F   0.62001 0.03296 0.32866 0.01838 ( 1)
 105 V   0.00002 0.65256 0.00001 0.34741 ( 2)
 106 T   0.49727 0.15559 0.26129 0.08584 ( 1)
 107 E   0.65150 0.00152 0.34614 0.00084 ( 1)
 108 N   0.01162 0.64123 0.00588 0.34127 ( 2)
 109 T   0.65004 0.00306 0.34521 0.00170 ( 1)
 110 F   0.62357 0.02780 0.33308 0.01556 ( 1)
 111 S   0.17645 0.47637 0.09097 0.25621 ( 2)
 112 R   0.64124 0.01161 0.34067 0.00649 ( 1)
 113 S   0.00032 0.65198 0.00017 0.34753 ( 2)
 114 N   0.64552 0.00739 0.34296 0.00413 ( 1)
 115 N   0.65108 0.00160 0.34643 0.00089 ( 1)
 116 I   0.35700 0.29541 0.18636 0.16123 ( 1)
 117 I   0.62663 0.02579 0.33319 0.01440 ( 1)
 118 P   0.59180 0.06062 0.31385 0.03373 ( 1)
 119 T   0.60575 0.04667 0.32158 0.02600 ( 1)
 120 D   0.65226 0.00086 0.34641 0.00047 ( 1)
 121 L   0.64567 0.00707 0.34331 0.00394 ( 1)
 122 K   0.47627 0.11455 0.35114 0.05804 ( 1)
 123 Y   0.63271 0.01980 0.33644 0.01105 ( 1)
 124 E   0.29348 0.35832 0.15360 0.19460 ( 2)
 125 E   0.60259 0.05050 0.31881 0.02810 ( 1)
 126 F   0.65082 0.00175 0.34645 0.00098 ( 1)
 127 K   0.64078 0.01202 0.34048 0.00672 ( 1)
 128 Y   0.61181 0.04048 0.32511 0.02260 ( 1)
 129 K   0.55947 0.09352 0.29513 0.05189 ( 1)
 130 D   0.00080 0.65073 0.00047 0.34800 ( 2)
 131 Y   0.37160 0.28090 0.19401 0.15349 ( 1)
 132 L   0.00002 0.65267 0.00001 0.34730 ( 2)
 133 Q   0.32940 0.32358 0.17105 0.17598 ( 1)
 134 I   0.64888 0.00370 0.34537 0.00206 ( 1)
 135 I   0.64392 0.00909 0.34191 0.00508 ( 1)
 136 T   0.62689 0.02600 0.33261 0.01451 ( 1)
 137 M   0.03484 0.61791 0.01770 0.32955 ( 2)
 138 T   0.13184 0.52084 0.06776 0.27956 ( 2)
 139 L   0.00155 0.65095 0.00078 0.34673 ( 2)
 140 P   0.34054 0.31233 0.17710 0.17002 ( 1)
 141 A   0.00348 0.64933 0.00174 0.34545 ( 2)
 142 N   0.62817 0.02483 0.33314 0.01386 ( 1)
 143 T   0.63049 0.02268 0.33417 0.01266 ( 1)
 144 I   0.41639 0.23615 0.21796 0.12950 ( 1)
 145 I   0.31207 0.34063 0.16219 0.18511 ( 2)
 146 T   0.52628 0.12660 0.27708 0.07004 ( 1)
 147 I   0.61317 0.03932 0.32558 0.02194 ( 1)
 148 S   0.00054 0.65204 0.00027 0.34714 ( 2)
 149 M   0.02036 0.63167 0.01072 0.33725 ( 2)
 150 Q   0.00001 0.65231 0.00000 0.34768 ( 2)
 151 Q   0.20348 0.44904 0.10520 0.24228 ( 2)
 152 A   0.00021 0.65268 0.00010 0.34700 ( 2)
 153 T   0.00143 0.65150 0.00071 0.34637 ( 2)
 154 G   0.00025 0.65258 0.00012 0.34705 ( 2)
 155 L   0.00000 0.65272 0.00000 0.34728 ( 2)
 156 L   0.00390 0.64859 0.00197 0.34553 ( 2)
 157 N   0.64970 0.00341 0.34499 0.00190 ( 1)
 158 N   0.00442 0.64839 0.00222 0.34497 ( 2)
 159 Q   0.48675 0.16636 0.25524 0.09166 ( 1)
 160 L   0.53816 0.11436 0.28411 0.06336 ( 1)
 161 I   0.65090 0.00221 0.34566 0.00123 ( 1)
 162 I   0.61996 0.03255 0.32931 0.01817 ( 1)
 163 D   0.64479 0.00784 0.34301 0.00437 ( 1)
 164 R   0.64412 0.00896 0.34192 0.00500 ( 1)
 165 I   0.63733 0.01578 0.33812 0.00878 ( 1)
 166 E   0.65177 0.00125 0.34629 0.00069 ( 1)
 167 F   0.61131 0.04126 0.32442 0.02301 ( 1)
 168 Y   0.13926 0.51370 0.07161 0.27544 ( 2)
 169 P   0.64895 0.00390 0.34498 0.00218 ( 1)

