Supplemental results for CODEML (seqf: algn  treef: tree)


dN/dS (w) for site classes (K=4)

site class             0        1       2a       2b
proportion       0.52682  0.42904  0.02433  0.01981
background w     0.14345  1.00000  0.14345  1.00000
foreground w     0.14345  1.00000  1.00000  1.00000

Naive Empirical Bayes (NEB) probabilities for 4 classes
(amino acids refer to 1st sequence: BT_Cry19Ba1)

   1 E   0.25409 0.70177 0.01173 0.03241 ( 2)
   2 -   0.52682 0.42904 0.02433 0.01981 ( 1)
   3 -   0.52682 0.42904 0.02433 0.01981 ( 1)
   4 V   0.54447 0.35504 0.08410 0.01639 ( 1)
   5 G   0.81770 0.15349 0.02172 0.00709 ( 1)
   6 P   0.01425 0.87960 0.06553 0.04062 ( 2)
   7 L   0.37250 0.54539 0.05692 0.02518 ( 2)
   8 L   0.96355 0.00947 0.02654 0.00044 ( 1)
   9 S   0.84702 0.03540 0.11595 0.00163 ( 1)
  10 W   0.17237 0.78748 0.00379 0.03636 ( 2)
  11 M   0.16032 0.79831 0.00451 0.03686 ( 2)
  12 V   0.00878 0.94383 0.00381 0.04358 ( 2)
  13 S   0.01011 0.94587 0.00034 0.04368 ( 2)
  14 L   0.16605 0.79253 0.00482 0.03660 ( 2)
  15 F   0.79951 0.16886 0.02383 0.00780 ( 1)
  16 W   0.86184 0.10174 0.03172 0.00470 ( 1)
  17 P   0.97004 0.00496 0.02477 0.00023 ( 1)
  18 T   0.01695 0.90457 0.03671 0.04177 ( 2)
  19 I   0.00087 0.95416 0.00092 0.04406 ( 2)
  20 -   0.77877 0.17709 0.03596 0.00818 ( 1)
  21 -   0.76446 0.19140 0.03530 0.00884 ( 1)
  22 -   0.69429 0.26157 0.03206 0.01208 ( 1)
  23 E   0.02653 0.92966 0.00088 0.04293 ( 2)
  24 E   0.00029 0.95551 0.00007 0.04412 ( 2)
  25 K   0.01598 0.94019 0.00042 0.04342 ( 2)
  26 N   0.95889 0.02219 0.01790 0.00102 ( 1)
  27 T   0.00919 0.93720 0.01033 0.04328 ( 2)
  28 V   0.91350 0.06359 0.01998 0.00294 ( 1)
  29 W   0.86184 0.10174 0.03172 0.00470 ( 1)
  30 E   0.42211 0.49619 0.05879 0.02291 ( 2)
  31 D   0.00492 0.95057 0.00062 0.04389 ( 2)
  32 M   0.02278 0.92719 0.00722 0.04282 ( 2)
  33 I   0.92865 0.04924 0.01984 0.00227 ( 1)
  34 K   0.96650 0.01252 0.02041 0.00058 ( 1)
  35 Y   0.02417 0.91823 0.01520 0.04240 ( 2)
  36 V   0.49769 0.46959 0.01104 0.02168 ( 1)
  37 A   0.72694 0.11011 0.15786 0.00508 ( 1)
  38 N   0.96081 0.01977 0.01851 0.00091 ( 1)
  39 L   0.91822 0.04906 0.03046 0.00227 ( 1)
  40 L   0.97189 0.00821 0.01952 0.00038 ( 1)
  41 K   0.00007 0.95579 0.00000 0.04414 ( 2)
  42 Q   0.05091 0.90591 0.00135 0.04183 ( 2)
  43 E   0.14085 0.81836 0.00300 0.03779 ( 2)
  44 L   0.12154 0.83648 0.00335 0.03863 ( 2)
  45 T   0.00029 0.95558 0.00001 0.04413 ( 2)
  46 N   0.00030 0.95547 0.00012 0.04412 ( 2)
  47 D   0.00045 0.95537 0.00006 0.04412 ( 2)
  48 T   0.12339 0.81722 0.02165 0.03774 ( 2)
  49 L   0.39194 0.57352 0.00806 0.02648 ( 2)
  50 N   0.00053 0.95532 0.00004 0.04411 ( 2)
  51 R   0.10785 0.83387 0.01978 0.03851 ( 2)
  52 A   0.97567 0.00241 0.02181 0.00011 ( 1)
  53 T   0.93879 0.02449 0.03560 0.00113 ( 1)
  54 S   0.00383 0.95211 0.00010 0.04397 ( 2)
  55 N   0.32965 0.02013 0.64929 0.00093 ( 3)
  56 L   0.90705 0.06496 0.02499 0.00300 ( 1)
  57 S   0.01459 0.94136 0.00058 0.04347 ( 2)
  58 G   0.72694 0.24421 0.01757 0.01128 ( 1)
  59 L   0.94879 0.02393 0.02618 0.00111 ( 1)
  60 N   0.00325 0.95158 0.00123 0.04394 ( 2)
  61 E   0.44386 0.52259 0.00941 0.02413 ( 2)
  62 S   0.07053 0.87375 0.01537 0.04035 ( 2)
  63 L   0.92734 0.04005 0.03076 0.00185 ( 1)
  64 N   0.00006 0.95577 0.00003 0.04414 ( 2)
  65 I   0.32673 0.62851 0.01574 0.02902 ( 2)
  66 Y   0.97464 0.00253 0.02272 0.00012 ( 1)
  67 N   0.96246 0.01360 0.02331 0.00063 ( 1)
  68 R   0.59368 0.26813 0.12581 0.01238 ( 1)
  69 A   0.39258 0.57087 0.01018 0.02636 ( 2)
  70 L   0.95366 0.02301 0.02227 0.00106 ( 1)
  71 A   0.93227 0.04485 0.02081 0.00207 ( 1)
  72 A   0.00101 0.95477 0.00013 0.04409 ( 2)
  73 W   0.86184 0.10174 0.03172 0.00470 ( 1)
  74 K   0.07331 0.87995 0.00610 0.04063 ( 2)
  75 Q   0.00000 0.95585 0.00000 0.04414 ( 2)
  76 -   0.52682 0.42904 0.02433 0.01981 ( 1)
  77 N   0.00690 0.94903 0.00024 0.04382 ( 2)
  78 K   0.00194 0.95084 0.00332 0.04391 ( 2)
  79 N   0.04681 0.90961 0.00157 0.04200 ( 2)
  80 N   0.00027 0.95553 0.00008 0.04412 ( 2)
  81 F   0.04098 0.87214 0.04660 0.04027 ( 2)
  82 A   0.04067 0.91097 0.00629 0.04207 ( 2)
  83 S   0.08151 0.83215 0.04792 0.03843 ( 2)
  84 -   0.52682 0.42904 0.02433 0.01981 ( 1)
  85 -   0.77157 0.18429 0.03563 0.00851 ( 1)
  86 G   0.80885 0.16138 0.02232 0.00745 ( 1)
  87 E   0.04417 0.90570 0.00831 0.04182 ( 2)
  88 L   0.00965 0.93329 0.01396 0.04310 ( 2)
  89 I   0.11943 0.82740 0.01496 0.03821 ( 2)
  90 R   0.90212 0.07395 0.02052 0.00341 ( 1)
  91 S   0.00015 0.95561 0.00011 0.04413 ( 2)
  92 Y   0.00583 0.90126 0.05130 0.04162 ( 2)
  93 I   0.96963 0.00927 0.02067 0.00043 ( 1)
  94 N   0.00115 0.95471 0.00006 0.04409 ( 2)
  95 D   0.14999 0.80744 0.00528 0.03729 ( 2)
  96 L   0.97488 0.00228 0.02273 0.00011 ( 1)
  97 H   0.97657 0.00316 0.02012 0.00015 ( 1)
  98 I   0.28476 0.67623 0.00778 0.03123 ( 2)
  99 L   0.00020 0.95562 0.00005 0.04413 ( 2)
 100 F   0.97957 0.00067 0.01972 0.00003 ( 1)
 101 T   0.00088 0.95498 0.00004 0.04410 ( 2)
 102 R   0.00001 0.95585 0.00000 0.04414 ( 2)
 103 D   0.04944 0.86684 0.04370 0.04003 ( 2)
 104 I   0.97843 0.00099 0.02053 0.00005 ( 1)
 105 Q   0.75914 0.21543 0.01549 0.00995 ( 1)
 106 S   0.00321 0.95226 0.00055 0.04397 ( 2)
 107 D   0.77178 0.19517 0.02404 0.00901 ( 1)
 108 F   0.93610 0.03183 0.03060 0.00147 ( 1)
 109 S   0.07441 0.87067 0.01472 0.04021 ( 2)
 110 L   0.27851 0.68388 0.00602 0.03158 ( 2)
 111 G   0.00005 0.95580 0.00001 0.04414 ( 2)
 112 G   0.19687 0.68403 0.08752 0.03159 ( 2)
 113 Y   0.96679 0.00333 0.02973 0.00015 ( 1)
 114 E   0.96444 0.01454 0.02035 0.00067 ( 1)
 115 T   0.00748 0.94854 0.00017 0.04380 ( 2)
 116 V   0.97407 0.00608 0.01956 0.00028 ( 1)
 117 L   0.96355 0.00947 0.02654 0.00044 ( 1)
 118 L   0.96018 0.01277 0.02646 0.00059 ( 1)
 119 P   0.97013 0.00491 0.02474 0.00023 ( 1)
 120 S   0.83086 0.13509 0.02781 0.00624 ( 1)
 121 Y   0.97329 0.00384 0.02269 0.00018 ( 1)
 122 A   0.83041 0.14411 0.01883 0.00665 ( 1)
 123 S   0.91880 0.05678 0.02180 0.00262 ( 1)
 124 A   0.88196 0.09149 0.02232 0.00422 ( 1)
 125 A   0.90864 0.05802 0.03066 0.00268 ( 1)
 126 N   0.97836 0.00340 0.01808 0.00016 ( 1)
 127 L   0.94514 0.02544 0.02825 0.00117 ( 1)
 128 H   0.97843 0.00138 0.02013 0.00006 ( 1)
 129 L   0.94975 0.01802 0.03140 0.00083 ( 1)
 130 L   0.82530 0.13704 0.03132 0.00633 ( 1)
 131 L   0.95818 0.01438 0.02677 0.00066 ( 1)
 132 L   0.95743 0.01545 0.02641 0.00071 ( 1)
 133 R   0.94846 0.02456 0.02584 0.00113 ( 1)
 134 D   0.96811 0.00210 0.02970 0.00010 ( 1)
 135 V   0.96720 0.01185 0.02041 0.00055 ( 1)
 136 A   0.09975 0.85837 0.00224 0.03964 ( 2)
 137 I   0.96833 0.01083 0.02034 0.00050 ( 1)
 138 Y   0.80789 0.06332 0.12586 0.00292 ( 1)
 139 G   0.97201 0.00429 0.02350 0.00020 ( 1)
 140 K   0.26417 0.69796 0.00564 0.03223 ( 2)
 141 E   0.11439 0.84377 0.00287 0.03896 ( 2)
 142 -   0.59333 0.36253 0.02740 0.01674 ( 1)
 143 -   0.54168 0.41418 0.02501 0.01913 ( 1)
 144 -   0.57268 0.38318 0.02644 0.01769 ( 1)
 145 -   0.59235 0.36351 0.02735 0.01679 ( 1)
 146 -   0.58148 0.37438 0.02685 0.01729 ( 1)
 147 -   0.59333 0.36253 0.02740 0.01674 ( 1)
 148 -   0.60287 0.35299 0.02784 0.01630 ( 1)
 149 -   0.54030 0.41556 0.02495 0.01919 ( 1)
 150 L   0.95547 0.01655 0.02722 0.00076 ( 1)
 151 G   0.89166 0.08400 0.02046 0.00388 ( 1)
 152 Y   0.96771 0.01215 0.01958 0.00056 ( 1)
 153 P   0.00002 0.95583 0.00002 0.04414 ( 2)
 154 S   0.00181 0.95408 0.00005 0.04406 ( 2)
 155 T   0.00004 0.95581 0.00001 0.04414 ( 2)
 156 D   0.00232 0.95026 0.00354 0.04388 ( 2)
 157 V   0.83804 0.13130 0.02460 0.00606 ( 1)
 158 E   0.00361 0.94980 0.00273 0.04386 ( 2)
 159 F   0.02509 0.92787 0.00420 0.04285 ( 2)
 160 Y   0.97486 0.00232 0.02272 0.00011 ( 1)
 161 Y   0.88837 0.08888 0.01864 0.00410 ( 1)
 162 N   0.00183 0.95407 0.00004 0.04406 ( 2)
 163 E   0.97637 0.00259 0.02091 0.00012 ( 1)
 164 Q   0.52508 0.43847 0.01620 0.02025 ( 1)
 165 K   0.27614 0.68536 0.00685 0.03165 ( 2)
 166 Y   0.00000 0.95586 0.00000 0.04414 ( 2)
 167 Y   0.96179 0.01509 0.02242 0.00070 ( 1)
 168 T   0.75414 0.20860 0.02763 0.00963 ( 1)
 169 E   0.10179 0.85389 0.00489 0.03943 ( 2)
 170 K   0.00057 0.95530 0.00002 0.04411 ( 2)
 171 Y   0.85228 0.01532 0.13170 0.00071 ( 1)
 172 S   0.87399 0.09265 0.02908 0.00428 ( 1)
 173 N   0.66384 0.23622 0.08903 0.01091 ( 1)
 174 Y   0.61214 0.33672 0.03559 0.01555 ( 1)
 175 C   0.95066 0.01235 0.03642 0.00057 ( 1)
 176 V   0.40983 0.49600 0.07126 0.02290 ( 2)
 177 N   0.20444 0.75396 0.00678 0.03482 ( 2)
 178 T   0.87945 0.09646 0.01964 0.00445 ( 1)
 179 Y   0.82377 0.13824 0.03160 0.00638 ( 1)
 180 K   0.95965 0.02161 0.01774 0.00100 ( 1)
 181 S   0.00749 0.94851 0.00021 0.04380 ( 2)
 182 G   0.54001 0.42786 0.01237 0.01976 ( 1)
 183 L   0.94118 0.02640 0.03120 0.00122 ( 1)
 184 E   0.17436 0.78506 0.00432 0.03625 ( 2)
 185 S   0.18862 0.77046 0.00534 0.03558 ( 2)
 186 K   0.43648 0.52983 0.00922 0.02447 ( 2)
 187 K   0.97781 0.00144 0.02068 0.00007 ( 1)
 188 Q   0.29118 0.67094 0.00689 0.03098 ( 2)
 189 I   0.97088 0.00832 0.02042 0.00038 ( 1)
 190 G   0.81060 0.13818 0.04483 0.00638 ( 1)
 191 W   0.86184 0.10174 0.03172 0.00470 ( 1)
 192 S   0.01711 0.93846 0.00109 0.04334 ( 2)
 193 D   0.00696 0.94894 0.00028 0.04382 ( 2)
 194 F   0.93925 0.02872 0.03070 0.00133 ( 1)
 195 N   0.97259 0.00596 0.02117 0.00028 ( 1)
 196 R   0.42790 0.53351 0.01395 0.02464 ( 2)
 197 Y   0.97486 0.00232 0.02272 0.00011 ( 1)
 198 R   0.96425 0.00906 0.02627 0.00042 ( 1)
 199 R   0.97333 0.00438 0.02208 0.00020 ( 1)
 200 E   0.00456 0.95113 0.00039 0.04392 ( 2)
 201 M   0.97810 0.00105 0.02081 0.00005 ( 1)
 202 T   0.96956 0.00327 0.02703 0.00015 ( 1)
 203 L   0.92490 0.04245 0.03068 0.00196 ( 1)
 204 S   0.19264 0.76737 0.00456 0.03544 ( 2)
 205 V   0.96626 0.01190 0.02129 0.00055 ( 1)
 206 L   0.96227 0.01073 0.02651 0.00050 ( 1)
 207 D   0.98144 0.00035 0.01819 0.00002 ( 1)
 208 I   0.52205 0.44653 0.01080 0.02062 ( 1)
 209 V   0.95983 0.01877 0.02054 0.00087 ( 1)
 210 A   0.96082 0.01693 0.02147 0.00078 ( 1)
 211 L   0.90568 0.06631 0.02495 0.00306 ( 1)
 212 F   0.95384 0.01433 0.03118 0.00066 ( 1)
 213 P   0.97004 0.00496 0.02477 0.00023 ( 1)
 214 L   0.03906 0.91746 0.00112 0.04237 ( 2)


lnL = -3775.004306

