Supplemental results for CODEML (seqf: algn  treef: tree)


dN/dS (w) for site classes (K=4)

site class             0        1       2a       2b
proportion       0.14411  0.60583  0.04805  0.20201
background w     0.01121  0.16809  0.01121  0.16809
foreground w     0.01121  0.16809  0.74705  0.74705

Naive Empirical Bayes (NEB) probabilities for 4 classes
(amino acids refer to 1st sequence: BT_Cry19Aa1)

   1 -   0.14411 0.60583 0.04805 0.20201 ( 2)
   2 -   0.14411 0.60583 0.04805 0.20201 ( 2)
   3 E   0.00000 0.00067 0.19203 0.80730 ( 4)
   4 V   0.00407 0.99578 0.00003 0.00013 ( 2)
   5 K   0.99642 0.00358 0.00000 0.00000 ( 1)
   6 T   0.00473 0.95476 0.00778 0.03272 ( 2)
   7 E   0.87220 0.12780 0.00000 0.00000 ( 1)
   8 L   0.96244 0.03755 0.00000 0.00000 ( 1)
   9 T   0.88868 0.11128 0.00001 0.00003 ( 1)
  10 R   0.98825 0.01175 0.00000 0.00000 ( 1)
  11 E   0.92064 0.07936 0.00000 0.00000 ( 1)
  12 I   0.56655 0.43333 0.00002 0.00010 ( 1)
  13 Y   0.99417 0.00583 0.00000 0.00000 ( 1)
  14 S   0.03380 0.95888 0.00141 0.00592 ( 2)
  15 D   0.07737 0.92257 0.00001 0.00005 ( 2)
  16 V   0.01267 0.98546 0.00036 0.00151 ( 2)
  17 I   0.00146 0.99698 0.00030 0.00126 ( 2)
  18 N   0.00042 0.99910 0.00009 0.00038 ( 2)
  19 G   0.00000 0.60426 0.07604 0.31969 ( 2)
  20 E   0.00000 0.75278 0.04751 0.19972 ( 2)
  21 I   0.00000 0.10277 0.17241 0.72482 ( 4)
  22 Y   0.00000 0.38618 0.11795 0.49587 ( 4)
  23 G   0.00005 0.86596 0.02575 0.10824 ( 2)
  24 L   0.00000 0.23435 0.14713 0.61852 ( 4)
  25 M   0.00024 0.77803 0.04261 0.17912 ( 2)
  26 -   0.01266 0.58136 0.07801 0.32797 ( 2)
  27 T   0.00001 0.11747 0.16958 0.71293 ( 4)
  28 P   0.00000 0.70822 0.05607 0.23571 ( 2)
  29 Y   0.00000 0.71316 0.05512 0.23172 ( 2)
  30 F   0.00000 0.01691 0.18891 0.79418 ( 4)
  31 S   0.00000 0.92375 0.01465 0.06159 ( 2)
  32 F   0.00012 0.98112 0.00360 0.01515 ( 2)
  33 E   0.00000 0.40541 0.11426 0.48033 ( 4)
  34 K   0.00000 0.75162 0.04773 0.20065 ( 2)
  35 A   0.00000 0.12333 0.16846 0.70821 ( 4)
  36 E   0.99373 0.00627 0.00000 0.00000 ( 1)
  37 S   0.00061 0.89576 0.01991 0.08371 ( 2)
  38 L   0.00003 0.98621 0.00264 0.01112 ( 2)
  39 Y   0.12580 0.87405 0.00003 0.00012 ( 2)
  40 T   0.99057 0.00943 0.00000 0.00000 ( 1)
  41 R   0.41233 0.58540 0.00044 0.00183 ( 2)
  42 A   0.00000 0.52735 0.09082 0.38183 ( 2)
  43 P   0.98191 0.01809 0.00000 0.00000 ( 1)
  44 H   0.00005 0.99927 0.00013 0.00055 ( 2)
  45 L   0.04353 0.95349 0.00057 0.00241 ( 2)
  46 F   0.81523 0.18466 0.00002 0.00009 ( 1)
  47 T   0.99650 0.00350 0.00000 0.00000 ( 1)
  48 W   0.62377 0.37608 0.00003 0.00012 ( 1)
  49 L   0.42463 0.57504 0.00006 0.00026 ( 2)
  50 K   0.13502 0.80911 0.01074 0.04514 ( 2)
  51 G   0.00181 0.99322 0.00095 0.00401 ( 2)
  52 F   0.00023 0.99476 0.00096 0.00405 ( 2)
  53 R   0.00000 0.86534 0.02588 0.10879 ( 2)
  54 F   0.96860 0.03140 0.00000 0.00000 ( 1)
  55 V   0.11335 0.88551 0.00022 0.00092 ( 2)
  56 T   0.97966 0.02033 0.00000 0.00001 ( 1)
  57 N   0.00012 0.99903 0.00016 0.00069 ( 2)
  58 S   0.00000 0.07495 0.17776 0.74729 ( 4)
  59 I   0.00000 0.95229 0.00917 0.03854 ( 2)
  60 S   0.00000 0.84060 0.03063 0.12877 ( 2)
  61 -   0.00000 0.10100 0.17275 0.72625 ( 4)
  62 -   0.00237 0.97841 0.00369 0.01552 ( 2)
  63 -   0.00000 0.17051 0.15939 0.67010 ( 4)
  64 -   0.00000 0.00876 0.19048 0.80077 ( 4)
  65 -   0.00001 0.38751 0.11769 0.49479 ( 4)
  66 -   0.00033 0.85324 0.02814 0.11829 ( 2)
  67 Y   0.00000 0.03214 0.18598 0.78188 ( 4)
  68 W   0.00105 0.82195 0.03401 0.14299 ( 2)
  69 T   0.00000 0.78418 0.04147 0.17434 ( 2)
  70 F   0.00047 0.99388 0.00109 0.00456 ( 2)
  71 L   0.53635 0.46362 0.00001 0.00003 ( 1)
  72 S   0.00833 0.98150 0.00196 0.00822 ( 2)
  73 G   0.79161 0.20837 0.00000 0.00002 ( 1)
  74 G   0.00000 0.01333 0.18960 0.79708 ( 4)
  75 Q   0.00000 0.87892 0.02327 0.09781 ( 2)
  76 N   0.00047 0.99910 0.00008 0.00035 ( 2)
  77 K   0.00000 0.95092 0.00943 0.03965 ( 2)
  78 Y   0.00172 0.99650 0.00034 0.00144 ( 2)
  79 S   0.00005 0.98673 0.00254 0.01068 ( 2)
  80 Y   0.00000 0.84840 0.02913 0.12246 ( 2)
  81 T   0.18444 0.80840 0.00138 0.00579 ( 2)
  82 N   0.00000 0.06141 0.18036 0.75823 ( 4)
  83 -   0.07029 0.75722 0.03315 0.13934 ( 2)
  84 N   0.00000 0.00529 0.19114 0.80357 ( 4)
  85 S   0.00000 0.02658 0.18705 0.78637 ( 4)
  86 S   0.00000 0.01309 0.18964 0.79726 ( 4)
  87 I   0.00001 0.92628 0.01416 0.05954 ( 2)
  88 N   0.00000 0.00102 0.19196 0.80702 ( 4)
  89 E   0.00000 0.00057 0.19205 0.80738 ( 4)
  90 G   0.00097 0.99392 0.00098 0.00413 ( 2)
  91 S   0.00672 0.99262 0.00013 0.00053 ( 2)
  92 F   0.00005 0.99210 0.00151 0.00634 ( 2)
  93 R   0.00000 0.00003 0.19215 0.80782 ( 4)
  94 G   0.93306 0.06694 0.00000 0.00000 ( 1)
  95 Q   0.00000 0.06891 0.17892 0.75217 ( 4)
  96 D   0.00000 0.85894 0.02711 0.11395 ( 2)
  97 T   0.00000 0.54190 0.08803 0.37008 ( 2)
  98 D   0.00000 0.02404 0.18754 0.78842 ( 4)
  99 Y   0.00041 0.89206 0.02066 0.08687 ( 2)
 100 G   0.00007 0.99202 0.00152 0.00639 ( 2)
 101 G   0.11133 0.88619 0.00048 0.00200 ( 2)
 102 T   0.00158 0.90815 0.01735 0.07292 ( 2)
 103 S   0.00000 0.22906 0.14814 0.62280 ( 4)
 104 S   0.01605 0.98178 0.00042 0.00175 ( 2)
 105 T   0.00000 0.09755 0.17341 0.72904 ( 4)
 106 I   0.00015 0.84864 0.02906 0.12215 ( 2)
 107 N   0.00000 0.17129 0.15924 0.66946 ( 4)
 108 I   0.00010 0.98150 0.00354 0.01486 ( 2)
 109 P   0.00000 0.00387 0.19142 0.80472 ( 4)
 110 S   0.00000 0.04590 0.18334 0.77076 ( 4)
 111 N   0.00000 0.16353 0.16074 0.67574 ( 4)
 112 S   0.00000 0.04906 0.18273 0.76821 ( 4)
 113 Y   0.00000 0.85687 0.02750 0.11563 ( 2)
 114 V   0.00002 0.95871 0.00793 0.03334 ( 2)
 115 Y   0.05158 0.94791 0.00010 0.00041 ( 2)
 116 N   0.00000 0.89892 0.01942 0.08165 ( 2)
 117 L   0.00133 0.98039 0.00351 0.01477 ( 2)
 118 W   0.00004 0.32693 0.12933 0.54370 ( 4)
 119 T   0.00002 0.65250 0.06677 0.28070 ( 2)
 120 E   0.00131 0.99115 0.00145 0.00609 ( 2)
 121 N   0.00009 0.89870 0.01945 0.08176 ( 2)
 122 Y   0.05560 0.94168 0.00052 0.00220 ( 2)
 123 E   0.00000 0.92103 0.01517 0.06380 ( 2)
 124 Y   0.00000 0.00168 0.19184 0.80648 ( 4)
 125 I   0.00000 0.95058 0.00950 0.03992 ( 2)
 126 Y   0.00001 0.96180 0.00734 0.03085 ( 2)
 127 P   0.00007 0.95748 0.00816 0.03429 ( 2)
 128 W   0.00001 0.67768 0.06193 0.26038 ( 2)
 129 G   0.00000 0.00017 0.19213 0.80770 ( 4)
 130 D   0.00001 0.99517 0.00093 0.00390 ( 2)
 131 P   0.00000 0.89174 0.02080 0.08746 ( 2)
 132 V   0.00000 0.25736 0.14271 0.59994 ( 4)
 133 N   0.00025 0.99891 0.00016 0.00068 ( 2)
 134 I   0.57389 0.42589 0.00004 0.00018 ( 1)
 135 T   0.00000 0.52675 0.09094 0.38231 ( 2)
 136 K   0.00001 0.97212 0.00536 0.02252 ( 2)
 137 M   0.00034 0.99923 0.00008 0.00035 ( 2)
 138 N   0.00000 0.93954 0.01162 0.04884 ( 2)
 139 F   0.99770 0.00230 0.00000 0.00000 ( 1)
 140 S   0.00039 0.98324 0.00314 0.01322 ( 2)
 141 V   0.00000 0.00641 0.19093 0.80267 ( 4)
 142 T   0.01578 0.96053 0.00455 0.01914 ( 2)
 143 D   0.12086 0.87746 0.00032 0.00136 ( 2)
 144 -   0.16741 0.64124 0.03677 0.15457 ( 2)
 145 N   0.97313 0.02687 0.00000 0.00000 ( 1)
 146 -   0.00273 0.70952 0.05529 0.23245 ( 2)
 147 N   0.97890 0.02109 0.00000 0.00000 ( 1)
 148 S   0.00000 0.02048 0.18822 0.79129 ( 4)
 149 S   0.00000 0.20614 0.15255 0.64131 ( 4)
 150 K   0.00000 0.00591 0.19102 0.80306 ( 4)
 151 E   0.00000 0.91325 0.01667 0.07008 ( 2)
 152 L   0.00000 0.01553 0.18918 0.79530 ( 4)
 153 I   0.00000 0.84994 0.02883 0.12122 ( 2)
 154 Y   0.99616 0.00384 0.00000 0.00000 ( 1)
 155 G   0.00005 0.99749 0.00047 0.00199 ( 2)
 156 -   0.01608 0.64123 0.06585 0.27684 ( 2)
 157 -   0.01201 0.57108 0.08011 0.33680 ( 2)
 158 A   0.00001 0.65358 0.06656 0.27984 ( 2)
 159 H   0.00000 0.08754 0.17534 0.73713 ( 4)
 160 R   0.00001 0.88168 0.02274 0.09558 ( 2)
 161 T   0.00001 0.42267 0.11094 0.46638 ( 4)
 162 N   0.00418 0.99468 0.00022 0.00092 ( 2)
 163 K   0.00000 0.31415 0.13179 0.55405 ( 4)
 164 P   0.00156 0.99807 0.00007 0.00030 ( 2)
 165 V   0.00000 0.83189 0.03230 0.13581 ( 2)
 166 V   0.01489 0.98490 0.00004 0.00017 ( 2)
 167 R   0.00001 0.91652 0.01604 0.06743 ( 2)
 168 T   0.18255 0.81695 0.00010 0.00041 ( 2)
 169 D   0.00002 0.99810 0.00036 0.00152 ( 2)
 170 F   0.00301 0.99669 0.00006 0.00024 ( 2)
 171 D   0.00000 0.97866 0.00410 0.01724 ( 2)
 172 F   0.00187 0.99793 0.00004 0.00016 ( 2)
 173 -   0.00100 0.58079 0.08036 0.33784 ( 2)
 174 L   0.00713 0.99044 0.00047 0.00197 ( 2)
 175 T   0.00000 0.54745 0.08696 0.36559 ( 2)
 176 N   0.00019 0.99169 0.00156 0.00656 ( 2)
 177 K   0.00161 0.99756 0.00016 0.00067 ( 2)
 178 E   0.00000 0.45742 0.10426 0.43832 ( 2)
 179 G   0.00002 0.90914 0.01746 0.07339 ( 2)
 180 T   0.00705 0.98861 0.00083 0.00350 ( 2)
 181 E   0.00000 0.51923 0.09238 0.38839 ( 2)
 182 L   0.00001 0.62064 0.07290 0.30646 ( 2)
 183 A   0.00001 0.66898 0.06361 0.26741 ( 2)
 184 K   0.00767 0.98751 0.00092 0.00389 ( 2)
 185 Y   0.00006 0.95653 0.00834 0.03507 ( 2)
 186 N   0.01462 0.98507 0.00006 0.00026 ( 2)
 187 D   0.00001 0.99605 0.00076 0.00318 ( 2)
 188 Y   0.30696 0.69286 0.00003 0.00014 ( 2)
 189 N   0.00000 0.57149 0.08234 0.34617 ( 2)
 190 H   0.99792 0.00208 0.00000 0.00000 ( 1)
 191 I   0.51885 0.48109 0.00001 0.00005 ( 1)
 192 L   0.92477 0.07523 0.00000 0.00000 ( 1)
 193 S   0.95668 0.04331 0.00000 0.00000 ( 1)
 194 Y   0.02220 0.97489 0.00056 0.00235 ( 2)
 195 M   0.00005 0.98389 0.00309 0.01297 ( 2)
 196 L   0.11861 0.87459 0.00131 0.00549 ( 2)
 197 I   0.00005 0.94505 0.01055 0.04435 ( 2)
 198 N   0.00010 0.99561 0.00082 0.00347 ( 2)
 199 -   0.00925 0.94853 0.00811 0.03410 ( 2)
 200 -   0.00004 0.82664 0.03330 0.14001 ( 2)
 201 -   0.15040 0.61691 0.04471 0.18798 ( 2)
 202 -   0.00001 0.49410 0.09721 0.40868 ( 2)
 203 G   0.00002 0.95175 0.00927 0.03896 ( 2)
 204 E   0.00000 0.02849 0.18668 0.78482 ( 4)
 205 T   0.00009 0.93711 0.01207 0.05073 ( 2)
 206 F   0.00000 0.78168 0.04195 0.17637 ( 2)
 207 G   0.00000 0.92264 0.01486 0.06249 ( 2)
 208 Q   0.00000 0.01206 0.18984 0.79810 ( 4)
 209 K   0.00000 0.97142 0.00549 0.02309 ( 2)
 210 R   0.00000 0.86815 0.02534 0.10651 ( 2)
 211 H   0.00265 0.98410 0.00255 0.01070 ( 2)
 212 G   0.02252 0.97729 0.00004 0.00015 ( 2)
 213 Y   0.00991 0.98913 0.00018 0.00077 ( 2)
 214 S   0.00424 0.98348 0.00236 0.00993 ( 2)
 215 F   0.99829 0.00171 0.00000 0.00000 ( 1)
 216 A   0.00087 0.99508 0.00078 0.00327 ( 2)
 217 F   0.05930 0.94068 0.00000 0.00002 ( 2)
 218 T   0.60510 0.39462 0.00005 0.00023 ( 1)
 219 H   0.99873 0.00127 0.00000 0.00000 ( 1)
 220 S   0.02905 0.97090 0.00001 0.00004 ( 2)
 221 S   0.99724 0.00276 0.00000 0.00000 ( 1)
 222 -   0.14411 0.60583 0.04805 0.20201 ( 2)
 223 -   0.14411 0.60583 0.04805 0.20201 ( 2)


lnL = -6125.455120

