Supplemental results for CODEML (seqf: algn  treef: tree)


dN/dS (w) for site classes (K=4)

site class             0        1       2a       2b
proportion       0.67071  0.31687  0.00843  0.00398
background w     0.14210  1.00000  0.14210  1.00000
foreground w     0.14210  1.00000 108.14581 108.14581

Naive Empirical Bayes (NEB) probabilities for 4 classes
(amino acids refer to 1st sequence: BT_Cry13Aa1)

   1 S   0.81442 0.17317 0.01024 0.00218 ( 1)
   2 V   0.98745 0.01186 0.00069 0.00001 ( 1)
   3 A   0.98162 0.01732 0.00103 0.00002 ( 1)
   4 V   0.99192 0.00713 0.00095 0.00001 ( 1)
   5 P   0.99102 0.00482 0.00414 0.00002 ( 1)
   6 L   0.87901 0.11989 0.00096 0.00014 ( 1)
   7 I   0.68211 0.31656 0.00088 0.00045 ( 1)
   8 S   0.96004 0.03895 0.00097 0.00004 ( 1)
   9 M   0.99832 0.00123 0.00045 0.00000 ( 1)
  10 L   0.97037 0.02862 0.00098 0.00003 ( 1)
  11 V   0.99140 0.00751 0.00108 0.00001 ( 1)
  12 G   0.88075 0.11877 0.00041 0.00006 ( 1)
  13 V   0.23077 0.76462 0.00106 0.00354 ( 2)
  14 F   0.60405 0.39477 0.00071 0.00048 ( 1)
  15 W   0.95690 0.03852 0.00440 0.00018 ( 1)
  16 P   0.99891 0.00022 0.00087 0.00000 ( 1)
  17 K   0.24949 0.74987 0.00015 0.00049 ( 2)
  18 -   0.67071 0.31687 0.00843 0.00398 ( 1)
  19 -   0.67071 0.31687 0.00843 0.00398 ( 1)
  20 -   0.67071 0.31687 0.00843 0.00398 ( 1)
  21 -   0.67071 0.31687 0.00843 0.00398 ( 1)
  22 -   0.23916 0.75971 0.00025 0.00089 ( 2)
  23 -   0.51545 0.48350 0.00054 0.00052 ( 1)
  24 G   0.00790 0.99086 0.00001 0.00123 ( 2)
  25 T   0.03105 0.96748 0.00004 0.00143 ( 2)
  26 N   0.31723 0.68023 0.00080 0.00174 ( 2)
  27 N   0.99623 0.00291 0.00086 0.00000 ( 1)
  28 Q   0.82885 0.17008 0.00087 0.00019 ( 1)
  29 E   0.73729 0.26177 0.00068 0.00026 ( 1)
  30 N   0.92067 0.07832 0.00093 0.00009 ( 1)
  31 L   0.96394 0.03489 0.00113 0.00004 ( 1)
  32 I   0.99024 0.00866 0.00109 0.00001 ( 1)
  33 T   0.04635 0.95241 0.00005 0.00119 ( 2)
  34 V   0.98594 0.01289 0.00115 0.00002 ( 1)
  35 I   0.99866 0.00024 0.00109 0.00000 ( 1)
  36 D   0.99902 0.00012 0.00086 0.00000 ( 1)
  37 K   0.01975 0.97866 0.00003 0.00156 ( 2)
  38 E   0.99895 0.00013 0.00092 0.00000 ( 1)
  39 V   0.99790 0.00101 0.00109 0.00000 ( 1)
  40 Q   0.99881 0.00034 0.00085 0.00000 ( 1)
  41 R   0.99485 0.00410 0.00105 0.00000 ( 1)
  42 I   0.74905 0.25010 0.00064 0.00022 ( 1)
  43 L   0.99738 0.00145 0.00117 0.00000 ( 1)
  44 D   0.99361 0.00536 0.00103 0.00001 ( 1)
  45 E   0.92008 0.07886 0.00097 0.00009 ( 1)
  46 K   0.97855 0.02055 0.00088 0.00002 ( 1)
  47 L   0.99716 0.00167 0.00117 0.00000 ( 1)
  48 S   0.99254 0.00629 0.00116 0.00001 ( 1)
  49 D   0.11986 0.87913 0.00011 0.00090 ( 2)
  50 Q   0.96915 0.01759 0.01298 0.00029 ( 1)
  51 L   0.99103 0.00811 0.00086 0.00001 ( 1)
  52 I   0.96406 0.03546 0.00046 0.00002 ( 1)
  53 K   0.00205 0.00017 0.99712 0.00067 ( 3)
  54 K   0.72866 0.26721 0.00277 0.00137 ( 1)
  55 L   0.78675 0.20867 0.00361 0.00097 ( 1)
  56 N   0.00131 0.76632 0.00209 0.23027 ( 2)
  57 A   0.89103 0.10817 0.00071 0.00009 ( 1)
  58 D   0.97374 0.02539 0.00084 0.00002 ( 1)
  59 L   0.99744 0.00139 0.00117 0.00000 ( 1)
  60 N   0.22326 0.77575 0.00021 0.00078 ( 2)
  61 A   0.02523 0.97371 0.00002 0.00104 ( 2)
  62 F   0.99764 0.00126 0.00110 0.00000 ( 1)
  63 T   0.25130 0.74797 0.00018 0.00055 ( 2)
  64 D   0.83487 0.16425 0.00072 0.00016 ( 1)
  65 L   0.32338 0.67568 0.00029 0.00064 ( 2)
  66 V   0.67736 0.32136 0.00086 0.00042 ( 1)
  67 T   0.07446 0.92401 0.00009 0.00144 ( 2)
  68 R   0.00221 0.99660 0.00000 0.00119 ( 2)
  69 L   0.19553 0.80318 0.00024 0.00105 ( 2)
  70 E   0.00210 0.99657 0.00000 0.00132 ( 2)
  71 E   0.00334 0.99604 0.00000 0.00062 ( 2)
  72 V   0.86042 0.13861 0.00082 0.00014 ( 1)
  73 I   0.97237 0.02653 0.00106 0.00003 ( 1)
  74 I   0.82735 0.16616 0.00523 0.00127 ( 1)
  75 D   0.99826 0.00088 0.00086 0.00000 ( 1)
  76 A   0.99573 0.00042 0.00385 0.00000 ( 1)
  77 T   0.66909 0.32870 0.00147 0.00073 ( 1)
  78 F   0.96999 0.02544 0.00446 0.00012 ( 1)
  79 -   0.95099 0.04773 0.00121 0.00006 ( 1)
  80 -   0.99848 0.00092 0.00060 0.00000 ( 1)
  81 -   0.88573 0.11326 0.00089 0.00012 ( 1)
  82 -   0.98663 0.01232 0.00104 0.00001 ( 1)
  83 -   0.34393 0.65478 0.00042 0.00086 ( 2)
  84 E   0.73659 0.26238 0.00074 0.00029 ( 1)
  85 N   0.75406 0.24487 0.00079 0.00028 ( 1)
  86 H   0.92566 0.07333 0.00093 0.00008 ( 1)
  87 K   0.99765 0.00187 0.00047 0.00000 ( 1)
  88 P   0.70108 0.29738 0.00105 0.00049 ( 1)
  89 V   0.05138 0.94730 0.00007 0.00126 ( 2)
  90 L   0.66114 0.33835 0.00032 0.00019 ( 1)
  91 Q   0.24655 0.75211 0.00030 0.00103 ( 2)
  92 V   0.97638 0.02275 0.00085 0.00002 ( 1)
  93 S   0.56608 0.43283 0.00060 0.00049 ( 1)
  94 K   0.00333 0.99529 0.00000 0.00138 ( 2)
  95 S   0.99796 0.00077 0.00127 0.00000 ( 1)
  96 N   0.99841 0.00073 0.00086 0.00000 ( 1)
  97 Y   0.99839 0.00076 0.00084 0.00000 ( 1)
  98 M   0.00146 0.97436 0.00006 0.02413 ( 2)
  99 K   0.99451 0.00449 0.00100 0.00001 ( 1)
 100 V   0.99819 0.00081 0.00100 0.00000 ( 1)
 101 D   0.54200 0.45696 0.00055 0.00050 ( 1)
 102 S   0.00283 0.99560 0.00000 0.00157 ( 2)
 103 A   0.01065 0.98810 0.00001 0.00123 ( 2)
 104 Y   0.90837 0.09093 0.00063 0.00007 ( 1)
 105 F   0.00492 0.99351 0.00001 0.00157 ( 2)
 106 S   0.06380 0.93498 0.00007 0.00116 ( 2)
 107 T   0.96515 0.03082 0.00390 0.00013 ( 1)
 108 G   0.00995 0.98910 0.00001 0.00095 ( 2)
 109 G   0.38636 0.61306 0.00020 0.00039 ( 2)
 110 I   0.00712 0.99146 0.00001 0.00141 ( 2)
 111 L   0.99704 0.00186 0.00109 0.00000 ( 1)
 112 T   0.00743 0.91495 0.00458 0.07304 ( 2)
 113 L   0.03135 0.95362 0.00288 0.01216 ( 2)
 114 G   0.19487 0.80402 0.00020 0.00091 ( 2)
 115 M   0.07792 0.92108 0.00007 0.00093 ( 2)
 116 S   0.59030 0.06283 0.34337 0.00350 ( 1)
 117 D   0.21255 0.78545 0.00042 0.00158 ( 2)
 118 F   0.97645 0.02245 0.00107 0.00003 ( 1)
 119 L   0.92149 0.07806 0.00042 0.00004 ( 1)
 120 T   0.98119 0.01780 0.00099 0.00002 ( 1)
 121 D   0.96853 0.02809 0.00328 0.00010 ( 1)
 122 T   0.99259 0.00637 0.00103 0.00001 ( 1)
 123 Y   0.99882 0.00049 0.00070 0.00000 ( 1)
 124 S   0.96752 0.03133 0.00111 0.00004 ( 1)
 125 K   0.26030 0.73859 0.00027 0.00084 ( 2)
 126 L   0.97784 0.02126 0.00088 0.00002 ( 1)
 127 T   0.99751 0.00153 0.00095 0.00000 ( 1)
 128 F   0.83606 0.16297 0.00080 0.00017 ( 1)
 129 P   0.99486 0.00098 0.00415 0.00000 ( 1)
 130 L   0.89345 0.10570 0.00075 0.00009 ( 1)
 131 Y   0.99419 0.00511 0.00069 0.00000 ( 1)
 132 V   0.95371 0.04528 0.00096 0.00005 ( 1)
 133 L   0.99763 0.00127 0.00109 0.00000 ( 1)
 134 G   0.99930 0.00015 0.00055 0.00000 ( 1)
 135 A   0.99888 0.00017 0.00095 0.00000 ( 1)
 136 T   0.99838 0.00056 0.00105 0.00000 ( 1)
 137 M   0.24464 0.75399 0.00029 0.00108 ( 2)
 138 K   0.55029 0.44891 0.00043 0.00036 ( 1)
 139 L   0.98324 0.01592 0.00083 0.00001 ( 1)
 140 S   0.90279 0.09601 0.00107 0.00012 ( 1)
 141 A   0.02687 0.94734 0.00406 0.02173 ( 2)
 142 Y   0.87437 0.12499 0.00055 0.00008 ( 1)
 143 H   0.99779 0.00136 0.00085 0.00000 ( 1)
 144 S   0.41758 0.58160 0.00033 0.00048 ( 2)
 145 Y   0.98271 0.01645 0.00083 0.00001 ( 1)
 146 I   0.99649 0.00242 0.00109 0.00000 ( 1)
 147 Q   0.97227 0.02668 0.00103 0.00003 ( 1)
 148 F   0.99922 0.00008 0.00070 0.00000 ( 1)
 149 G   0.35547 0.64385 0.00024 0.00045 ( 2)
 150 N   0.98921 0.00979 0.00100 0.00001 ( 1)
 151 T   0.00417 0.99449 0.00001 0.00133 ( 2)
 152 W   0.95690 0.03852 0.00440 0.00018 ( 1)
 153 L   0.95813 0.04077 0.00105 0.00005 ( 1)
 154 N   0.68460 0.31451 0.00059 0.00030 ( 1)
 155 K   0.02794 0.97045 0.00004 0.00157 ( 2)
 156 V   0.99863 0.00036 0.00101 0.00000 ( 1)
 157 Y   0.98612 0.00146 0.01240 0.00002 ( 1)
 158 -   0.97383 0.01376 0.01224 0.00017 ( 1)
 159 -   0.93131 0.05628 0.01171 0.00071 ( 1)
 160 -   0.91822 0.06937 0.01154 0.00087 ( 1)
 161 D   0.39033 0.60911 0.00022 0.00035 ( 2)
 162 L   0.01967 0.97773 0.00005 0.00255 ( 2)
 163 S   0.10823 0.89132 0.00005 0.00040 ( 2)
 164 S   0.00024 0.99842 0.00000 0.00134 ( 2)
 165 D   0.02818 0.86506 0.01850 0.08826 ( 2)
 166 E   0.00403 0.99364 0.00001 0.00232 ( 2)
 167 G   0.33875 0.66024 0.00033 0.00067 ( 2)
 168 K   0.03149 0.96724 0.00004 0.00123 ( 2)
 169 T   0.99681 0.00214 0.00105 0.00000 ( 1)
 170 M   0.29646 0.70267 0.00025 0.00062 ( 2)
 171 S   0.00288 0.99602 0.00000 0.00110 ( 2)
 172 Q   0.90705 0.09205 0.00081 0.00009 ( 1)
 173 A   0.83413 0.16484 0.00084 0.00019 ( 1)
 174 L   0.99765 0.00118 0.00117 0.00000 ( 1)
 175 A   0.03691 0.96193 0.00004 0.00112 ( 2)
 176 R   0.09133 0.90781 0.00008 0.00078 ( 2)
 177 A   0.98155 0.01622 0.00219 0.00004 ( 1)
 178 K   0.99878 0.00017 0.00105 0.00000 ( 1)
 179 Q   0.00149 0.99733 0.00000 0.00118 ( 2)
 180 H   0.04325 0.94923 0.00087 0.00666 ( 2)
 181 M   0.99937 0.00018 0.00045 0.00000 ( 1)
 182 R   0.87090 0.12832 0.00068 0.00010 ( 1)
 183 Q   0.07390 0.92475 0.00009 0.00126 ( 2)
 184 D   0.00242 0.99641 0.00000 0.00117 ( 2)
 185 I   0.99852 0.00038 0.00109 0.00000 ( 1)
 186 A   0.00110 0.99793 0.00000 0.00097 ( 2)
 187 F   0.00010 0.88127 0.00012 0.11851 ( 2)
 188 Y   0.99095 0.00821 0.00084 0.00001 ( 1)
 189 T   0.99858 0.00036 0.00105 0.00000 ( 1)
 190 S   0.00194 0.99718 0.00000 0.00088 ( 2)
 191 Q   0.58306 0.41588 0.00061 0.00045 ( 1)
 192 A   0.99777 0.00123 0.00100 0.00000 ( 1)
 193 L   0.77742 0.22212 0.00035 0.00011 ( 1)
 194 N   0.90306 0.09588 0.00095 0.00011 ( 1)
 195 M   0.79403 0.20495 0.00080 0.00022 ( 1)
 196 F   0.99925 0.00005 0.00070 0.00000 ( 1)
 197 T   0.97372 0.02523 0.00103 0.00003 ( 1)
 198 -   0.97171 0.02743 0.00084 0.00003 ( 1)
 199 -   0.10715 0.38950 0.33952 0.16383 ( 2)
 200 G   0.04090 0.95709 0.00009 0.00193 ( 2)
 201 N   0.64106 0.35789 0.00065 0.00041 ( 1)
 202 L   0.22026 0.77927 0.00010 0.00037 ( 2)
 203 P   0.99909 0.00016 0.00075 0.00000 ( 1)
 204 S   0.97128 0.02767 0.00102 0.00003 ( 1)
 205 L   0.98967 0.00923 0.00109 0.00001 ( 1)
 206 S   0.01507 0.94152 0.00492 0.03849 ( 2)
 207 S   0.92509 0.07390 0.00093 0.00008 ( 1)
 208 N   0.99391 0.00509 0.00100 0.00001 ( 1)
 209 K   0.99878 0.00017 0.00105 0.00000 ( 1)
 210 Y   0.03434 0.96492 0.00002 0.00071 ( 2)
 211 A   0.61863 0.38094 0.00026 0.00017 ( 1)
 212 I   0.97431 0.02469 0.00098 0.00003 ( 1)
 213 N   0.99260 0.00654 0.00086 0.00001 ( 1)
 214 D   0.18870 0.80993 0.00024 0.00113 ( 2)
 215 Y   0.99611 0.00305 0.00084 0.00000 ( 1)
 216 N   0.99885 0.00014 0.00101 0.00000 ( 1)
 217 V   0.01918 0.97969 0.00002 0.00111 ( 2)
 218 Y   0.99732 0.00184 0.00084 0.00000 ( 1)
 219 T   0.96341 0.03148 0.00494 0.00018 ( 1)
 220 R   0.97853 0.02041 0.00103 0.00002 ( 1)
 221 A   0.99819 0.00126 0.00055 0.00000 ( 1)
 222 M   0.99910 0.00044 0.00045 0.00000 ( 1)
 223 V   0.88055 0.11838 0.00093 0.00013 ( 1)
 224 L   0.94157 0.05726 0.00110 0.00007 ( 1)
 225 N   0.99743 0.00156 0.00100 0.00000 ( 1)
 226 G   0.95268 0.04631 0.00096 0.00005 ( 1)
 227 L   0.99656 0.00227 0.00117 0.00000 ( 1)
 228 D   0.99907 0.00006 0.00086 0.00000 ( 1)
 229 I   0.20562 0.79312 0.00024 0.00102 ( 2)
 230 V   0.99299 0.00596 0.00104 0.00001 ( 1)
 231 A   0.99882 0.00023 0.00095 0.00000 ( 1)
 232 T   0.97659 0.02231 0.00107 0.00003 ( 1)
 233 W   0.95690 0.03852 0.00440 0.00018 ( 1)


lnL = -4182.771504

Bayes Empirical Bayes (BEB) probabilities for 4 classes (class)
(amino acids refer to 1st sequence: BT_Cry13Aa1)

   1 S   0.75291 0.15137 0.07983 0.01589 ( 1)
   2 V   0.91028 0.01081 0.07795 0.00096 ( 1)
   3 A   0.90609 0.01576 0.07677 0.00139 ( 1)
   4 V   0.91508 0.00633 0.07803 0.00056 ( 1)
   5 P   0.90404 0.00450 0.09100 0.00045 ( 1)
   6 L   0.82230 0.10113 0.06784 0.00873 ( 1)
   7 I   0.65498 0.26685 0.05484 0.02333 ( 1)
   8 S   0.89257 0.03380 0.07080 0.00284 ( 1)
   9 M   0.92064 0.00110 0.07816 0.00010 ( 1)
  10 L   0.89734 0.02502 0.07545 0.00219 ( 1)
  11 V   0.91699 0.00679 0.07563 0.00059 ( 1)
  12 G   0.81911 0.10069 0.07118 0.00902 ( 1)
  13 V   0.23533 0.67220 0.02397 0.06851 ( 2)
  14 F   0.58349 0.33132 0.05396 0.03122 ( 1)
  15 W   0.87311 0.03485 0.08851 0.00353 ( 1)
  16 P   0.91728 0.00021 0.08248 0.00002 ( 1)
  17 K   0.26756 0.65208 0.02275 0.05761 ( 2)
  18 -   0.62206 0.28222 0.06604 0.02968 ( 1)
  19 -   0.62206 0.28222 0.06604 0.02968 ( 1)
  20 -   0.62206 0.28222 0.06604 0.02968 ( 1)
  21 -   0.62206 0.28222 0.06604 0.02968 ( 1)
  22 -   0.24620 0.67548 0.02016 0.05817 ( 2)
  23 -   0.50576 0.40876 0.04688 0.03859 ( 1)
  24 G   0.00977 0.91097 0.00080 0.07846 ( 2)
  25 T   0.03698 0.88457 0.00298 0.07546 ( 2)
  26 N   0.32766 0.58289 0.03201 0.05744 ( 2)
  27 N   0.92326 0.00268 0.07383 0.00023 ( 1)
  28 Q   0.77907 0.14267 0.06574 0.01252 ( 1)
  29 E   0.70232 0.22060 0.05801 0.01907 ( 1)
  30 N   0.85915 0.06708 0.06814 0.00563 ( 1)
  31 L   0.88451 0.03092 0.08166 0.00291 ( 1)
  32 I   0.91619 0.00804 0.07508 0.00069 ( 1)
  33 T   0.05478 0.86751 0.00435 0.07336 ( 2)
  34 V   0.90392 0.01156 0.08344 0.00109 ( 1)
  35 I   0.92357 0.00025 0.07617 0.00002 ( 1)
  36 D   0.92584 0.00012 0.07404 0.00001 ( 1)
  37 K   0.02383 0.88923 0.00223 0.08472 ( 2)
  38 E   0.92361 0.00013 0.07625 0.00001 ( 1)
  39 V   0.92284 0.00096 0.07611 0.00008 ( 1)
  40 Q   0.91704 0.00033 0.08260 0.00003 ( 1)
  41 R   0.92062 0.00371 0.07536 0.00032 ( 1)
  42 I   0.70884 0.20804 0.06392 0.01920 ( 1)
  43 L   0.91412 0.00138 0.08438 0.00013 ( 1)
  44 D   0.91054 0.00481 0.08420 0.00045 ( 1)
  45 E   0.85696 0.06712 0.07016 0.00577 ( 1)
  46 K   0.90384 0.01806 0.07651 0.00159 ( 1)
  47 L   0.91391 0.00159 0.08436 0.00015 ( 1)
  48 S   0.90980 0.00569 0.08398 0.00053 ( 1)
  49 D   0.13546 0.78722 0.01083 0.06649 ( 2)
  50 Q   0.88745 0.01514 0.09577 0.00164 ( 1)
  51 L   0.91869 0.00724 0.07347 0.00061 ( 1)
  52 I   0.89120 0.03032 0.07581 0.00267 ( 1)
  53 K   0.01973 0.00151 0.97782 0.00093 ( 3)
  54 K   0.68969 0.22296 0.06494 0.02241 ( 1)
  55 L   0.72742 0.18045 0.07384 0.01829 ( 1)
  56 N   0.00201 0.83971 0.00159 0.15670 ( 2)
  57 A   0.82407 0.09412 0.07323 0.00859 ( 1)
  58 D   0.89742 0.02215 0.07843 0.00200 ( 1)
  59 L   0.91418 0.00132 0.08438 0.00012 ( 1)
  60 N   0.24363 0.67757 0.02012 0.05867 ( 2)
  61 A   0.03000 0.88562 0.00269 0.08170 ( 2)
  62 F   0.92305 0.00120 0.07564 0.00010 ( 1)
  63 T   0.26864 0.65048 0.02303 0.05785 ( 2)
  64 D   0.78602 0.13936 0.06287 0.01175 ( 1)
  65 L   0.33707 0.57958 0.03012 0.05323 ( 2)
  66 V   0.64744 0.26745 0.05991 0.02521 ( 1)
  67 T   0.08327 0.83804 0.00671 0.07198 ( 2)
  68 R   0.00281 0.91045 0.00026 0.08648 ( 2)
  69 L   0.20777 0.70571 0.01939 0.06713 ( 2)
  70 E   0.00277 0.91869 0.00022 0.07831 ( 2)
  71 E   0.00427 0.91265 0.00038 0.08270 ( 2)
  72 V   0.80417 0.11689 0.06860 0.01034 ( 1)
  73 I   0.89893 0.02479 0.07414 0.00214 ( 1)
  74 I   0.75845 0.13981 0.08557 0.01616 ( 1)
  75 D   0.92510 0.00085 0.07398 0.00007 ( 1)
  76 A   0.91408 0.00041 0.08547 0.00004 ( 1)
  77 T   0.63365 0.27696 0.06208 0.02731 ( 1)
  78 F   0.88599 0.02198 0.08980 0.00222 ( 1)
  79 -   0.87295 0.04240 0.08066 0.00399 ( 1)
  80 -   0.91901 0.00088 0.08003 0.00008 ( 1)
  81 -   0.82404 0.09839 0.06899 0.00859 ( 1)
  82 -   0.91068 0.01118 0.07716 0.00098 ( 1)
  83 -   0.35406 0.56878 0.02870 0.04845 ( 2)
  84 E   0.70758 0.21444 0.05926 0.01873 ( 1)
  85 N   0.71515 0.20637 0.06036 0.01812 ( 1)
  86 H   0.86402 0.06223 0.06853 0.00522 ( 1)
  87 K   0.91988 0.00173 0.07824 0.00015 ( 1)
  88 P   0.67203 0.24813 0.05770 0.02214 ( 1)
  89 V   0.06031 0.85280 0.00564 0.08126 ( 2)
  90 L   0.63378 0.28682 0.05401 0.02539 ( 1)
  91 Q   0.26979 0.65316 0.02164 0.05542 ( 2)
  92 V   0.89783 0.01962 0.08074 0.00181 ( 1)
  93 S   0.55100 0.36995 0.04652 0.03253 ( 1)
  94 K   0.00424 0.91467 0.00036 0.08073 ( 2)
  95 S   0.91471 0.00073 0.08449 0.00007 ( 1)
  96 N   0.92525 0.00070 0.07399 0.00006 ( 1)
  97 Y   0.91895 0.00074 0.08024 0.00007 ( 1)
  98 M   0.00194 0.89180 0.00026 0.10601 ( 2)
  99 K   0.92242 0.00409 0.07315 0.00034 ( 1)
 100 V   0.92166 0.00079 0.07749 0.00007 ( 1)
 101 D   0.53911 0.38201 0.04537 0.03351 ( 1)
 102 S   0.00344 0.91430 0.00029 0.08197 ( 2)
 103 A   0.01331 0.90880 0.00106 0.07682 ( 2)
 104 Y   0.84517 0.07573 0.07239 0.00671 ( 1)
 105 F   0.00599 0.91309 0.00050 0.08042 ( 2)
 106 S   0.07425 0.84404 0.00635 0.07537 ( 2)
 107 T   0.88967 0.02767 0.08011 0.00256 ( 1)
 108 G   0.01214 0.91004 0.00097 0.07685 ( 2)
 109 G   0.39524 0.52310 0.03443 0.04723 ( 2)
 110 I   0.00894 0.90343 0.00084 0.08680 ( 2)
 111 L   0.92207 0.00173 0.07605 0.00015 ( 1)
 112 T   0.00864 0.79079 0.01240 0.18817 ( 2)
 113 L   0.03510 0.81524 0.02467 0.12499 ( 2)
 114 G   0.21209 0.71131 0.01681 0.05979 ( 2)
 115 M   0.08956 0.83106 0.00739 0.07198 ( 2)
 116 S   0.32229 0.03133 0.63948 0.00689 ( 3)
 117 D   0.23237 0.67817 0.02268 0.06678 ( 2)
 118 F   0.90480 0.01938 0.07415 0.00167 ( 1)
 119 L   0.85594 0.06560 0.07269 0.00577 ( 1)
 120 T   0.91063 0.01583 0.07222 0.00133 ( 1)
 121 D   0.88428 0.02491 0.08832 0.00249 ( 1)
 122 T   0.90954 0.00581 0.08411 0.00055 ( 1)
 123 Y   0.92067 0.00046 0.07883 0.00004 ( 1)
 124 S   0.88728 0.02715 0.08299 0.00258 ( 1)
 125 K   0.27258 0.64714 0.02312 0.05716 ( 2)
 126 L   0.90332 0.01859 0.07646 0.00163 ( 1)
 127 T   0.92000 0.00143 0.07844 0.00013 ( 1)
 128 F   0.78407 0.13692 0.06689 0.01211 ( 1)
 129 P   0.90763 0.00094 0.09134 0.00009 ( 1)
 130 L   0.82922 0.09022 0.07244 0.00812 ( 1)
 131 Y   0.91659 0.00453 0.07848 0.00040 ( 1)
 132 V   0.88261 0.03969 0.07422 0.00347 ( 1)
 133 L   0.92304 0.00122 0.07564 0.00010 ( 1)
 134 G   0.91883 0.00014 0.08101 0.00001 ( 1)
 135 A   0.92127 0.00017 0.07855 0.00001 ( 1)
 136 T   0.92166 0.00055 0.07774 0.00005 ( 1)
 137 M   0.26078 0.65741 0.02258 0.05922 ( 2)
 138 K   0.53645 0.37788 0.04990 0.03576 ( 1)
 139 L   0.90644 0.01391 0.07841 0.00124 ( 1)
 140 S   0.83826 0.08237 0.07203 0.00734 ( 1)
 141 A   0.02960 0.81210 0.02388 0.13442 ( 2)
 142 Y   0.81615 0.10452 0.07006 0.00928 ( 1)
 143 H   0.91612 0.00126 0.08251 0.00012 ( 1)
 144 S   0.41905 0.49809 0.03729 0.04557 ( 2)
 145 Y   0.90526 0.01439 0.07905 0.00129 ( 1)
 146 I   0.92151 0.00230 0.07600 0.00020 ( 1)
 147 Q   0.90075 0.02350 0.07374 0.00202 ( 1)
 148 F   0.92105 0.00008 0.07886 0.00001 ( 1)
 149 G   0.36003 0.55508 0.03296 0.05193 ( 2)
 150 N   0.91748 0.00901 0.07276 0.00076 ( 1)
 151 T   0.00537 0.91236 0.00046 0.08181 ( 2)
 152 W   0.87311 0.03485 0.08851 0.00353 ( 1)
 153 L   0.88713 0.03654 0.07317 0.00315 ( 1)
 154 N   0.65501 0.26983 0.05240 0.02277 ( 1)
 155 K   0.03420 0.88500 0.00288 0.07793 ( 2)
 156 V   0.92208 0.00036 0.07753 0.00003 ( 1)
 157 Y   0.90288 0.00140 0.09557 0.00015 ( 1)
 158 -   0.89159 0.01269 0.09439 0.00133 ( 1)
 159 -   0.85319 0.05109 0.09036 0.00536 ( 1)
 160 -   0.84155 0.06273 0.08914 0.00658 ( 1)
 161 D   0.39625 0.52134 0.03500 0.04741 ( 2)
 162 L   0.02306 0.88632 0.00228 0.08835 ( 2)
 163 S   0.11970 0.80080 0.00995 0.06955 ( 2)
 164 S   0.00032 0.91210 0.00003 0.08755 ( 2)
 165 D   0.03009 0.72396 0.04794 0.19801 ( 2)
 166 E   0.00505 0.90462 0.00050 0.08983 ( 2)
 167 G   0.35147 0.56521 0.03140 0.05192 ( 2)
 168 K   0.03790 0.88121 0.00320 0.07769 ( 2)
 169 T   0.92019 0.00202 0.07761 0.00018 ( 1)
 170 M   0.31375 0.60218 0.02833 0.05574 ( 2)
 171 S   0.00365 0.91018 0.00034 0.08583 ( 2)
 172 Q   0.84314 0.07857 0.07138 0.00691 ( 1)
 173 A   0.78899 0.13694 0.06258 0.01149 ( 1)
 174 L   0.91437 0.00112 0.08440 0.00011 ( 1)
 175 A   0.04314 0.87858 0.00347 0.07481 ( 2)
 176 R   0.10429 0.80912 0.00972 0.07687 ( 2)
 177 A   0.89707 0.01461 0.08690 0.00143 ( 1)
 178 K   0.92417 0.00017 0.07565 0.00001 ( 1)
 179 Q   0.00189 0.91270 0.00017 0.08523 ( 2)
 180 H   0.05177 0.84963 0.00812 0.09049 ( 2)
 181 M   0.92158 0.00017 0.07824 0.00001 ( 1)
 182 R   0.80451 0.11036 0.07471 0.01042 ( 1)
 183 Q   0.08580 0.83637 0.00688 0.07095 ( 2)
 184 D   0.00312 0.91482 0.00027 0.08179 ( 2)
 185 I   0.92343 0.00038 0.07616 0.00003 ( 1)
 186 A   0.00147 0.91444 0.00013 0.08396 ( 2)
 187 F   0.00014 0.73788 0.00037 0.26162 ( 2)
 188 Y   0.91221 0.00746 0.07966 0.00067 ( 1)
 189 T   0.92185 0.00036 0.07775 0.00003 ( 1)
 190 S   0.00255 0.91263 0.00023 0.08459 ( 2)
 191 Q   0.57030 0.34567 0.05188 0.03215 ( 1)
 192 A   0.92128 0.00116 0.07746 0.00010 ( 1)
 193 L   0.73280 0.18835 0.06226 0.01659 ( 1)
 194 N   0.84316 0.08086 0.06903 0.00695 ( 1)
 195 M   0.74696 0.17488 0.06284 0.01532 ( 1)
 196 F   0.92107 0.00005 0.07887 0.00000 ( 1)
 197 T   0.90205 0.02220 0.07384 0.00191 ( 1)
 198 -   0.89991 0.02594 0.07197 0.00219 ( 1)
 199 -   0.12466 0.39872 0.32772 0.14890 ( 2)
 200 G   0.04705 0.86666 0.00435 0.08194 ( 2)
 201 N   0.61389 0.31127 0.04869 0.02615 ( 1)
 202 L   0.24099 0.67861 0.02048 0.05991 ( 2)
 203 P   0.91778 0.00016 0.08205 0.00001 ( 1)
 204 S   0.89817 0.02396 0.07576 0.00210 ( 1)
 205 L   0.91578 0.00844 0.07505 0.00073 ( 1)
 206 S   0.01530 0.72573 0.03473 0.22424 ( 2)
 207 S   0.85869 0.06386 0.07188 0.00557 ( 1)
 208 N   0.92190 0.00460 0.07311 0.00039 ( 1)
 209 K   0.92417 0.00017 0.07565 0.00001 ( 1)
 210 Y   0.04154 0.87687 0.00356 0.07803 ( 2)
 211 A   0.60081 0.32133 0.05000 0.02787 ( 1)
 212 I   0.90026 0.02211 0.07570 0.00193 ( 1)
 213 N   0.91991 0.00602 0.07357 0.00051 ( 1)
 214 D   0.20371 0.71570 0.01730 0.06329 ( 2)
 215 Y   0.91680 0.00288 0.08006 0.00026 ( 1)
 216 N   0.92637 0.00015 0.07347 0.00001 ( 1)
 217 V   0.02347 0.89542 0.00199 0.07912 ( 2)
 218 Y   0.91799 0.00170 0.08016 0.00015 ( 1)
 219 T   0.87517 0.02624 0.09571 0.00288 ( 1)
 220 R   0.90599 0.01827 0.07417 0.00157 ( 1)
 221 A   0.91782 0.00116 0.08092 0.00010 ( 1)
 222 M   0.92133 0.00041 0.07822 0.00004 ( 1)
 223 V   0.82217 0.09971 0.06937 0.00875 ( 1)
 224 L   0.86511 0.05029 0.07988 0.00473 ( 1)
 225 N   0.92503 0.00149 0.07336 0.00012 ( 1)
 226 G   0.88217 0.04013 0.07418 0.00351 ( 1)
 227 L   0.91334 0.00215 0.08430 0.00020 ( 1)
 228 D   0.92589 0.00007 0.07404 0.00001 ( 1)
 229 I   0.22343 0.69733 0.01855 0.06070 ( 2)
 230 V   0.91633 0.00556 0.07763 0.00049 ( 1)
 231 A   0.92121 0.00023 0.07855 0.00002 ( 1)
 232 T   0.90457 0.01961 0.07413 0.00169 ( 1)
 233 W   0.87311 0.03485 0.08851 0.00353 ( 1)

