Supplemental results for CODEML (seqf: algn  treef: tree)


dN/dS (w) for site classes (K=4)

site class             0        1       2a       2b
proportion       0.62581  0.34114  0.02139  0.01166
background w     0.07212  1.00000  0.07212  1.00000
foreground w     0.07212  1.00000 22.84073 22.84073

Naive Empirical Bayes (NEB) probabilities for 4 classes
(amino acids refer to 1st sequence: BT_Cry7Cb1)

   1 -   0.91559 0.05136 0.03130 0.00176 ( 1)
   2 -   0.91476 0.05219 0.03127 0.00178 ( 1)
   3 A   0.89636 0.09399 0.00864 0.00102 ( 1)
   4 G   0.98791 0.00388 0.00818 0.00004 ( 1)
   5 G   0.00770 0.98167 0.00007 0.01055 ( 2)
   6 I   0.98685 0.00432 0.00879 0.00004 ( 1)
   7 V   0.27299 0.66557 0.02485 0.03659 ( 2)
   8 A   0.05697 0.66832 0.20205 0.07267 ( 2)
   9 L   0.86758 0.12004 0.01074 0.00164 ( 1)
  10 F   0.93866 0.05324 0.00760 0.00050 ( 1)
  11 T   0.88697 0.09540 0.01586 0.00177 ( 1)
  12 E   0.00096 0.98900 0.00001 0.01003 ( 2)
  13 V   0.48445 0.50619 0.00410 0.00527 ( 2)
  14 L   0.38526 0.60156 0.00487 0.00831 ( 2)
  15 R   0.33588 0.65481 0.00295 0.00637 ( 2)
  16 L   0.06903 0.91743 0.00086 0.01268 ( 2)
  17 L   0.96817 0.01930 0.01227 0.00026 ( 1)
  18 W   0.94157 0.03822 0.01941 0.00081 ( 1)
  19 P   0.98381 0.00344 0.01270 0.00005 ( 1)
  20 N   0.00488 0.98674 0.00004 0.00835 ( 2)
  21 K   0.08395 0.90129 0.00120 0.01356 ( 2)
  22 Q   0.17036 0.81811 0.00185 0.00968 ( 2)
  23 D   0.06137 0.89475 0.00514 0.03874 ( 2)
  24 E   0.09335 0.64289 0.21483 0.04894 ( 2)
  25 L   0.11099 0.87773 0.00116 0.01013 ( 2)
  26 W   0.94157 0.03822 0.01941 0.00081 ( 1)
  27 E   0.98848 0.00375 0.00773 0.00004 ( 1)
  28 S   0.06931 0.90941 0.00148 0.01980 ( 2)
  29 F   0.94800 0.04406 0.00753 0.00041 ( 1)
  30 M   0.99155 0.00071 0.00774 0.00001 ( 1)
  31 K   0.46328 0.49198 0.02575 0.01900 ( 2)
  32 E   0.94464 0.04723 0.00766 0.00047 ( 1)
  33 V   0.98480 0.00706 0.00807 0.00007 ( 1)
  34 E   0.98209 0.00459 0.01326 0.00007 ( 1)
  35 K   0.00107 0.93340 0.00206 0.06348 ( 2)
  36 L   0.97617 0.01347 0.01021 0.00015 ( 1)
  37 I   0.98703 0.00413 0.00879 0.00004 ( 1)
  38 E   0.00443 0.09631 0.87126 0.02799 ( 3)
  39 Q   0.93168 0.05765 0.01000 0.00067 ( 1)
  40 E   0.96859 0.02329 0.00788 0.00023 ( 1)
  41 I   0.99020 0.00294 0.00683 0.00003 ( 1)
  42 T   0.93237 0.05971 0.00738 0.00054 ( 1)
  43 D   0.42533 0.30194 0.25814 0.01460 ( 1)
  44 A   0.04596 0.93637 0.00079 0.01687 ( 2)
  45 V   0.86774 0.12377 0.00720 0.00129 ( 1)
  46 V   0.32173 0.66822 0.00289 0.00715 ( 2)
  47 S   0.00605 0.98463 0.00005 0.00926 ( 2)
  48 K   0.90000 0.09223 0.00691 0.00087 ( 1)
  49 A   0.98633 0.00413 0.00949 0.00004 ( 1)
  50 L   0.70120 0.27686 0.01535 0.00659 ( 1)
  51 A   0.90852 0.04042 0.04811 0.00294 ( 1)
  52 E   0.94833 0.04380 0.00743 0.00044 ( 1)
  53 L   0.97514 0.01262 0.01206 0.00017 ( 1)
  54 E   0.88861 0.09797 0.01200 0.00142 ( 1)
  55 G   0.98347 0.00714 0.00932 0.00007 ( 1)
  56 L   0.97599 0.01177 0.01207 0.00016 ( 1)
  57 R   0.93648 0.05258 0.01020 0.00074 ( 1)
  58 N   0.95200 0.03204 0.01542 0.00054 ( 1)
  59 A   0.01208 0.97713 0.00012 0.01068 ( 2)
  60 L   0.07399 0.90802 0.00131 0.01669 ( 2)
  61 Q   0.00258 0.89404 0.00364 0.09974 ( 2)
  62 G   0.02985 0.96060 0.00025 0.00930 ( 2)
  63 Y   0.98493 0.00460 0.01042 0.00005 ( 1)
  64 T   0.02852 0.96240 0.00023 0.00884 ( 2)
  65 D   0.00139 0.72245 0.06588 0.21027 ( 2)
  66 A   0.92630 0.06616 0.00695 0.00059 ( 1)
  67 L   0.97003 0.00814 0.02164 0.00019 ( 1)
  68 E   0.93731 0.05479 0.00735 0.00055 ( 1)
  69 A   0.13428 0.85699 0.00103 0.00770 ( 2)
  70 W   0.94157 0.03822 0.01941 0.00081 ( 1)
  71 Q   0.76037 0.22880 0.00817 0.00266 ( 1)
  72 N   0.21021 0.78174 0.00149 0.00657 ( 2)
  73 N   0.99163 0.00155 0.00680 0.00001 ( 1)
  74 R   0.81685 0.17003 0.01076 0.00236 ( 1)
  75 S   0.96054 0.03108 0.00809 0.00029 ( 1)
  76 D   0.33298 0.65903 0.00230 0.00570 ( 2)
  77 K   0.95623 0.03591 0.00752 0.00034 ( 1)
  78 L   0.64760 0.34155 0.00688 0.00397 ( 1)
  79 K   0.02598 0.95915 0.00037 0.01450 ( 2)
  80 Q   0.04618 0.93925 0.00060 0.01397 ( 2)
  81 L   0.07591 0.91044 0.00095 0.01270 ( 2)
  82 L   0.21383 0.77277 0.00274 0.01065 ( 2)
  83 V   0.97345 0.01007 0.01630 0.00018 ( 1)
  84 Y   0.00010 0.98787 0.00000 0.01202 ( 2)
  85 D   0.07409 0.88802 0.00396 0.03393 ( 2)
  86 R   0.84530 0.14611 0.00719 0.00140 ( 1)
  87 F   0.94730 0.04475 0.00752 0.00042 ( 1)
  88 V   0.29525 0.69368 0.00295 0.00813 ( 2)
  89 S   0.01963 0.96829 0.00022 0.01186 ( 2)
  90 T   0.27876 0.71238 0.00229 0.00657 ( 2)
  91 E   0.91780 0.07425 0.00721 0.00074 ( 1)
  92 N   0.06993 0.92183 0.00049 0.00775 ( 2)
  93 L   0.09877 0.88782 0.00122 0.01219 ( 2)
  94 F   0.99024 0.00188 0.00786 0.00002 ( 1)
  95 K   0.06890 0.92173 0.00054 0.00883 ( 2)
  96 F   0.00186 0.98870 0.00002 0.00943 ( 2)
  97 A   0.00510 0.98594 0.00004 0.00892 ( 2)
  98 M   0.97080 0.02144 0.00758 0.00019 ( 1)
  99 P   0.97370 0.00735 0.01880 0.00015 ( 1)
 100 S   0.98462 0.00432 0.01100 0.00005 ( 1)
 101 F   0.99024 0.00188 0.00786 0.00002 ( 1)
 102 R   0.14740 0.84326 0.00125 0.00808 ( 2)
 103 V   0.02334 0.61721 0.02682 0.33262 ( 2)
 104 G   0.00169 0.92382 0.00217 0.07233 ( 2)
 105 G   0.98722 0.00339 0.00935 0.00004 ( 1)
 106 F   0.05154 0.93916 0.00042 0.00888 ( 2)
 107 E   0.98848 0.00375 0.00773 0.00004 ( 1)
 108 V   0.83245 0.09943 0.06116 0.00696 ( 1)
 109 P   0.98744 0.00231 0.01022 0.00003 ( 1)
 110 L   0.97599 0.01177 0.01207 0.00016 ( 1)
 111 L   0.95829 0.02942 0.01189 0.00040 ( 1)
 112 T   0.42460 0.56683 0.00339 0.00517 ( 2)
 113 V   0.98480 0.00706 0.00807 0.00007 ( 1)
 114 Y   0.98493 0.00460 0.01042 0.00005 ( 1)
 115 A   0.98680 0.00575 0.00740 0.00005 ( 1)
 116 Q   0.98588 0.00350 0.01058 0.00004 ( 1)
 117 A   0.97085 0.00465 0.02438 0.00012 ( 1)
 118 A   0.98780 0.00475 0.00741 0.00004 ( 1)
 119 N   0.97861 0.00583 0.01544 0.00012 ( 1)
 120 L   0.97442 0.01521 0.01019 0.00017 ( 1)
 121 H   0.97693 0.00349 0.01951 0.00007 ( 1)
 122 L   0.97375 0.01402 0.01204 0.00019 ( 1)
 123 L   0.67964 0.24685 0.06163 0.01188 ( 1)
 124 L   0.97599 0.01177 0.01207 0.00016 ( 1)
 125 L   0.97599 0.01177 0.01207 0.00016 ( 1)
 126 K   0.76970 0.22228 0.00591 0.00210 ( 1)
 127 N   0.96796 0.02498 0.00685 0.00021 ( 1)
 128 S   0.13540 0.03886 0.82024 0.00549 ( 3)
 129 E   0.17276 0.81733 0.00145 0.00846 ( 2)
 130 L   0.31404 0.67266 0.00398 0.00932 ( 2)
 131 F   0.97534 0.00276 0.02183 0.00006 ( 1)
 132 G   0.97921 0.00391 0.01681 0.00007 ( 1)
 133 A   0.88577 0.10662 0.00666 0.00095 ( 1)
 134 E   0.98805 0.00417 0.00773 0.00004 ( 1)
 135 W   0.94157 0.03822 0.01941 0.00081 ( 1)
 136 G   0.98791 0.00388 0.00818 0.00004 ( 1)
 137 M   0.03239 0.95886 0.00026 0.00849 ( 2)
 138 Q   0.02784 0.94986 0.00062 0.02168 ( 2)
 139 Q   0.00141 0.98687 0.00002 0.01170 ( 2)
 140 Y   0.00078 0.97398 0.00002 0.02522 ( 2)
 141 E   0.72980 0.26187 0.00571 0.00261 ( 1)
 142 I   0.90604 0.08693 0.00626 0.00077 ( 1)
 143 D   0.04468 0.93992 0.00067 0.01473 ( 2)
 144 L   0.02091 0.93937 0.00072 0.03900 ( 2)
 145 F   0.89195 0.10002 0.00710 0.00094 ( 1)
 146 Y   0.98252 0.00590 0.01150 0.00008 ( 1)
 147 N   0.78741 0.20537 0.00549 0.00172 ( 1)
 148 E   0.31786 0.67245 0.00278 0.00690 ( 2)
 149 Q   0.98350 0.00587 0.01056 0.00007 ( 1)
 150 K   0.48547 0.50010 0.00691 0.00752 ( 2)
 151 D   0.00460 0.81680 0.02561 0.15299 ( 2)
 152 Y   0.00888 0.96591 0.00023 0.02499 ( 2)
 153 V   0.03227 0.95727 0.00029 0.01017 ( 2)
 154 V   0.33510 0.47745 0.15858 0.02888 ( 2)
 155 E   0.49402 0.49705 0.00396 0.00497 ( 2)
 156 Y   0.98034 0.00918 0.01037 0.00011 ( 1)
 157 T   0.86602 0.12585 0.00698 0.00115 ( 1)
 158 D   0.99134 0.00189 0.00676 0.00002 ( 1)
 159 H   0.94639 0.04540 0.00779 0.00042 ( 1)
 160 C   0.98664 0.00279 0.01054 0.00003 ( 1)
 161 V   0.98187 0.00826 0.00977 0.00010 ( 1)
 162 K   0.90301 0.08922 0.00693 0.00085 ( 1)
 163 W   0.94157 0.03822 0.01941 0.00081 ( 1)
 164 Y   0.98493 0.00460 0.01042 0.00005 ( 1)
 165 T   0.00093 0.91228 0.00291 0.08388 ( 2)
 166 E   0.47437 0.51628 0.00407 0.00527 ( 2)
 167 G   0.96635 0.01677 0.01659 0.00030 ( 1)
 168 L   0.97599 0.01177 0.01207 0.00016 ( 1)
 169 N   0.97711 0.01586 0.00689 0.00013 ( 1)
 170 R   0.01208 0.88414 0.01650 0.08728 ( 2)
 171 L   0.96842 0.01427 0.01705 0.00026 ( 1)
 172 K   0.98230 0.00381 0.01384 0.00006 ( 1)
 173 N   0.72464 0.26808 0.00502 0.00227 ( 1)
 174 A   0.71849 0.27362 0.00543 0.00246 ( 1)
 175 S   0.67534 0.30205 0.01524 0.00737 ( 1)
 176 G   0.98869 0.00310 0.00818 0.00003 ( 1)
 177 V   0.02511 0.96435 0.00023 0.01032 ( 2)
 178 K   0.97353 0.01869 0.00760 0.00018 ( 1)
 179 G   0.92539 0.06502 0.00890 0.00069 ( 1)
 180 K   0.49146 0.49420 0.00693 0.00741 ( 2)
 181 V   0.00179 0.98773 0.00002 0.01046 ( 2)
 182 W   0.94157 0.03822 0.01941 0.00081 ( 1)
 183 E   0.20445 0.78136 0.00278 0.01141 ( 2)
 184 E   0.00215 0.76510 0.00846 0.22430 ( 2)
 185 Y   0.98493 0.00460 0.01042 0.00005 ( 1)
 186 N   0.83503 0.15793 0.00574 0.00130 ( 1)
 187 R   0.74820 0.23866 0.00986 0.00329 ( 1)
 188 F   0.98218 0.00991 0.00781 0.00009 ( 1)
 189 R   0.94604 0.02714 0.02607 0.00075 ( 1)
 190 R   0.98973 0.00185 0.00840 0.00002 ( 1)
 191 E   0.98848 0.00375 0.00773 0.00004 ( 1)
 192 M   0.99155 0.00071 0.00774 0.00001 ( 1)
 193 T   0.97916 0.00329 0.01750 0.00006 ( 1)
 194 I   0.78714 0.20360 0.00712 0.00214 ( 1)
 195 M   0.01797 0.97330 0.00014 0.00859 ( 2)
 196 V   0.96899 0.01453 0.01622 0.00026 ( 1)
 197 L   0.97599 0.01177 0.01207 0.00016 ( 1)
 198 D   0.99134 0.00189 0.00676 0.00002 ( 1)
 199 L   0.08112 0.90640 0.00094 0.01154 ( 2)
 200 L   0.19721 0.79157 0.00209 0.00913 ( 2)
 201 P   0.37425 0.61491 0.00390 0.00694 ( 2)
 202 L   0.97599 0.01177 0.01207 0.00016 ( 1)
 203 F   0.99024 0.00188 0.00786 0.00002 ( 1)
 204 P   0.94487 0.04485 0.00978 0.00050 ( 1)
 205 I   0.00350 0.97439 0.00008 0.02203 ( 2)


lnL = -2320.179360

Bayes Empirical Bayes (BEB) probabilities for 4 classes (class)
(amino acids refer to 1st sequence: BT_Cry7Cb1)

   1 -   0.82630 0.05063 0.11601 0.00707 ( 1)
   2 -   0.82655 0.05037 0.11604 0.00703 ( 1)
   3 A   0.78047 0.11952 0.08600 0.01401 ( 1)
   4 G   0.90016 0.00345 0.09600 0.00040 ( 1)
   5 G   0.00216 0.89290 0.00024 0.10470 ( 2)
   6 I   0.89938 0.00374 0.09645 0.00043 ( 1)
   7 V   0.13852 0.69915 0.03701 0.12532 ( 2)
   8 A   0.02447 0.64502 0.18998 0.14053 ( 2)
   9 L   0.74504 0.15122 0.08546 0.01828 ( 1)
  10 F   0.83610 0.06792 0.08825 0.00774 ( 1)
  11 T   0.76650 0.12230 0.09558 0.01563 ( 1)
  12 E   0.00019 0.89882 0.00002 0.10097 ( 2)
  13 V   0.28791 0.61305 0.02969 0.06935 ( 2)
  14 L   0.21001 0.68314 0.02418 0.08267 ( 2)
  15 R   0.17615 0.72151 0.01907 0.08327 ( 2)
  16 L   0.02808 0.86413 0.00322 0.10457 ( 2)
  17 L   0.87747 0.01819 0.10212 0.00221 ( 1)
  18 W   0.84861 0.03781 0.10866 0.00492 ( 1)
  19 P   0.89163 0.00315 0.10484 0.00039 ( 1)
  20 N   0.00104 0.89884 0.00011 0.10001 ( 2)
  21 K   0.02728 0.86273 0.00326 0.10673 ( 2)
  22 Q   0.07923 0.81482 0.00896 0.09699 ( 2)
  23 D   0.02576 0.82491 0.00743 0.14190 ( 2)
  24 E   0.03175 0.64731 0.19556 0.12537 ( 2)
  25 L   0.04933 0.84486 0.00554 0.10027 ( 2)
  26 W   0.84861 0.03781 0.10866 0.00492 ( 1)
  27 E   0.90441 0.00320 0.09204 0.00036 ( 1)
  28 S   0.02201 0.86217 0.00284 0.11298 ( 2)
  29 F   0.84932 0.05500 0.08942 0.00626 ( 1)
  30 M   0.90287 0.00062 0.09645 0.00007 ( 1)
  31 K   0.26670 0.58274 0.05705 0.09352 ( 2)
  32 E   0.84590 0.06077 0.08647 0.00685 ( 1)
  33 V   0.90039 0.00624 0.09266 0.00071 ( 1)
  34 E   0.89068 0.00397 0.10486 0.00049 ( 1)
  35 K   0.00020 0.83844 0.00109 0.16027 ( 2)
  36 L   0.88625 0.01259 0.09967 0.00149 ( 1)
  37 I   0.89950 0.00362 0.09646 0.00042 ( 1)
  38 E   0.00357 0.23843 0.69190 0.06610 ( 3)
  39 Q   0.82434 0.07385 0.09303 0.00878 ( 1)
  40 E   0.87823 0.02854 0.09002 0.00322 ( 1)
  41 I   0.90677 0.00246 0.09050 0.00027 ( 1)
  42 T   0.82755 0.07593 0.08784 0.00868 ( 1)
  43 D   0.21966 0.30911 0.42446 0.04677 ( 3)
  44 A   0.01906 0.86810 0.00236 0.11047 ( 2)
  45 V   0.74679 0.15833 0.07691 0.01797 ( 1)
  46 V   0.16437 0.73507 0.01712 0.08345 ( 2)
  47 S   0.00134 0.89524 0.00015 0.10328 ( 2)
  48 K   0.79100 0.11489 0.08117 0.01294 ( 1)
  49 A   0.89701 0.00371 0.09885 0.00043 ( 1)
  50 L   0.56055 0.32665 0.07010 0.04270 ( 1)
  51 A   0.80392 0.04912 0.13764 0.00931 ( 1)
  52 E   0.85310 0.05400 0.08681 0.00608 ( 1)
  53 L   0.88535 0.01169 0.10155 0.00141 ( 1)
  54 E   0.77271 0.12141 0.09098 0.01490 ( 1)
  55 G   0.89409 0.00655 0.09860 0.00077 ( 1)
  56 L   0.88615 0.01089 0.10164 0.00132 ( 1)
  57 R   0.83400 0.06648 0.09164 0.00788 ( 1)
  58 N   0.85067 0.03990 0.10440 0.00503 ( 1)
  59 A   0.00349 0.89163 0.00039 0.10449 ( 2)
  60 L   0.02954 0.85731 0.00368 0.10947 ( 2)
  61 Q   0.00054 0.81705 0.00167 0.18074 ( 2)
  62 G   0.00909 0.88815 0.00097 0.10179 ( 2)
  63 Y   0.89551 0.00416 0.09984 0.00049 ( 1)
  64 T   0.00865 0.88904 0.00092 0.10140 ( 2)
  65 D   0.00032 0.74620 0.01660 0.23688 ( 2)
  66 A   0.82268 0.08231 0.08570 0.00931 ( 1)
  67 L   0.87754 0.00756 0.11390 0.00099 ( 1)
  68 E   0.83868 0.06828 0.08535 0.00769 ( 1)
  69 A   0.04646 0.85254 0.00484 0.09616 ( 2)
  70 W   0.84861 0.03781 0.10866 0.00492 ( 1)
  71 Q   0.61548 0.28161 0.06944 0.03347 ( 1)
  72 N   0.07963 0.82093 0.00813 0.09131 ( 2)
  73 N   0.90616 0.00132 0.09238 0.00015 ( 1)
  74 R   0.67987 0.21362 0.08030 0.02621 ( 1)
  75 S   0.86253 0.03942 0.09350 0.00455 ( 1)
  76 D   0.17156 0.73034 0.01722 0.08087 ( 2)
  77 K   0.86074 0.04547 0.08866 0.00513 ( 1)
  78 L   0.48882 0.40768 0.05505 0.04845 ( 1)
  79 K   0.00777 0.88209 0.00093 0.10920 ( 2)
  80 Q   0.01868 0.87338 0.00214 0.10580 ( 2)
  81 L   0.03270 0.85940 0.00375 0.10415 ( 2)
  82 L   0.10356 0.78829 0.01208 0.09607 ( 2)
  83 V   0.88167 0.00913 0.10805 0.00115 ( 1)
  84 Y   0.00001 0.89390 0.00000 0.10608 ( 2)
  85 D   0.02430 0.83539 0.00514 0.13518 ( 2)
  86 R   0.71760 0.18381 0.07738 0.02121 ( 1)
  87 F   0.84838 0.05593 0.08933 0.00637 ( 1)
  88 V   0.15348 0.74298 0.01668 0.08686 ( 2)
  89 S   0.00565 0.88731 0.00065 0.10639 ( 2)
  90 T   0.14136 0.75714 0.01506 0.08643 ( 2)
  91 E   0.81118 0.09552 0.08255 0.01076 ( 1)
  92 N   0.02280 0.87733 0.00232 0.09754 ( 2)
  93 L   0.04234 0.85003 0.00486 0.10277 ( 2)
  94 F   0.90308 0.00163 0.09510 0.00019 ( 1)
  95 K   0.02241 0.87672 0.00230 0.09856 ( 2)
  96 F   0.00038 0.89752 0.00004 0.10207 ( 2)
  97 A   0.00108 0.89751 0.00011 0.10130 ( 2)
  98 M   0.87613 0.02718 0.09358 0.00311 ( 1)
  99 P   0.88118 0.00690 0.11103 0.00089 ( 1)
 100 S   0.89368 0.00396 0.10188 0.00047 ( 1)
 101 F   0.90308 0.00163 0.09510 0.00019 ( 1)
 102 R   0.06736 0.82983 0.00725 0.09556 ( 2)
 103 V   0.00945 0.72904 0.00649 0.25501 ( 2)
 104 G   0.00035 0.83193 0.00111 0.16662 ( 2)
 105 G   0.89763 0.00303 0.09899 0.00035 ( 1)
 106 F   0.01616 0.88195 0.00170 0.10019 ( 2)
 107 E   0.90441 0.00320 0.09204 0.00036 ( 1)
 108 V   0.71598 0.11854 0.14357 0.02190 ( 1)
 109 P   0.89663 0.00210 0.10102 0.00025 ( 1)
 110 L   0.88615 0.01089 0.10164 0.00132 ( 1)
 111 L   0.86961 0.02733 0.09976 0.00331 ( 1)
 112 T   0.23920 0.66016 0.02537 0.07527 ( 2)
 113 V   0.90039 0.00624 0.09266 0.00071 ( 1)
 114 Y   0.89551 0.00416 0.09984 0.00049 ( 1)
 115 A   0.90039 0.00520 0.09383 0.00059 ( 1)
 116 Q   0.89538 0.00319 0.10105 0.00038 ( 1)
 117 A   0.87870 0.00417 0.11658 0.00056 ( 1)
 118 A   0.90131 0.00429 0.09392 0.00048 ( 1)
 119 N   0.89655 0.00530 0.09752 0.00064 ( 1)
 120 L   0.88484 0.01399 0.09951 0.00166 ( 1)
 121 H   0.88381 0.00316 0.11262 0.00041 ( 1)
 122 L   0.88392 0.01310 0.10139 0.00158 ( 1)
 123 L   0.52551 0.28769 0.13874 0.04806 ( 1)
 124 L   0.88615 0.01089 0.10164 0.00132 ( 1)
 125 L   0.88615 0.01089 0.10164 0.00132 ( 1)
 126 K   0.63626 0.26828 0.06525 0.03021 ( 1)
 127 N   0.87616 0.03066 0.08975 0.00342 ( 1)
 128 S   0.11931 0.05204 0.82009 0.00856 ( 3)
 129 E   0.07865 0.82081 0.00805 0.09249 ( 2)
 130 L   0.16551 0.72736 0.01906 0.08807 ( 2)
 131 F   0.88668 0.00244 0.11056 0.00032 ( 1)
 132 G   0.88644 0.00351 0.10961 0.00045 ( 1)
 133 A   0.77245 0.13213 0.08046 0.01495 ( 1)
 134 E   0.90398 0.00362 0.09199 0.00041 ( 1)
 135 W   0.84861 0.03781 0.10866 0.00492 ( 1)
 136 G   0.90015 0.00346 0.09600 0.00040 ( 1)
 137 M   0.00971 0.88787 0.00104 0.10138 ( 2)
 138 Q   0.00852 0.87645 0.00107 0.11396 ( 2)
 139 Q   0.00029 0.89334 0.00003 0.10634 ( 2)
 140 Y   0.00016 0.88124 0.00002 0.11858 ( 2)
 141 E   0.60189 0.30290 0.06114 0.03408 ( 1)
 142 I   0.80238 0.10585 0.08003 0.01174 ( 1)
 143 D   0.01407 0.87486 0.00171 0.10936 ( 2)
 144 L   0.00642 0.87443 0.00082 0.11833 ( 2)
 145 F   0.77904 0.12474 0.08201 0.01420 ( 1)
 146 Y   0.89280 0.00537 0.10118 0.00065 ( 1)
 147 N   0.60262 0.30220 0.06150 0.03369 ( 1)
 148 E   0.16118 0.73892 0.01666 0.08324 ( 2)
 149 Q   0.89312 0.00544 0.10080 0.00065 ( 1)
 150 K   0.28375 0.60730 0.03385 0.07511 ( 2)
 151 D   0.00132 0.77650 0.01240 0.20977 ( 2)
 152 Y   0.00262 0.87879 0.00035 0.11824 ( 2)
 153 V   0.01000 0.88826 0.00104 0.10071 ( 2)
 154 V   0.17603 0.51655 0.22051 0.08690 ( 2)
 155 E   0.29635 0.60550 0.03015 0.06800 ( 2)
 156 Y   0.89113 0.00851 0.09935 0.00101 ( 1)
 157 T   0.74234 0.16039 0.07894 0.01833 ( 1)
 158 D   0.90695 0.00158 0.09129 0.00018 ( 1)
 159 H   0.84484 0.05772 0.09081 0.00663 ( 1)
 160 C   0.89581 0.00254 0.10135 0.00030 ( 1)
 161 V   0.89443 0.00732 0.09739 0.00086 ( 1)
 162 K   0.79677 0.10916 0.08176 0.01231 ( 1)
 163 W   0.84861 0.03781 0.10866 0.00492 ( 1)
 164 Y   0.89551 0.00416 0.09984 0.00049 ( 1)
 165 T   0.00019 0.81801 0.00152 0.18029 ( 2)
 166 E   0.27167 0.62944 0.02799 0.07090 ( 2)
 167 G   0.87399 0.01592 0.10807 0.00202 ( 1)
 168 L   0.88615 0.01089 0.10164 0.00132 ( 1)
 169 N   0.88769 0.01925 0.09091 0.00215 ( 1)
 170 R   0.00364 0.81487 0.01010 0.17138 ( 2)
 171 L   0.87618 0.01333 0.10879 0.00170 ( 1)
 172 K   0.89036 0.00331 0.10592 0.00041 ( 1)
 173 N   0.63458 0.27057 0.06465 0.03021 ( 1)
 174 A   0.62774 0.27569 0.06538 0.03118 ( 1)
 175 S   0.58373 0.30199 0.07451 0.03976 ( 1)
 176 G   0.90087 0.00274 0.09607 0.00031 ( 1)
 177 V   0.00755 0.89065 0.00079 0.10101 ( 2)
 178 K   0.88358 0.02285 0.09099 0.00258 ( 1)
 179 G   0.81619 0.08383 0.09015 0.00983 ( 1)
 180 K   0.29304 0.59814 0.03488 0.07394 ( 2)
 181 V   0.00034 0.89794 0.00004 0.10168 ( 2)
 182 W   0.84861 0.03781 0.10866 0.00492 ( 1)
 183 E   0.09797 0.79302 0.01155 0.09745 ( 2)
 184 E   0.00051 0.76109 0.00212 0.23628 ( 2)
 185 Y   0.89551 0.00416 0.09984 0.00049 ( 1)
 186 N   0.70885 0.19702 0.07219 0.02194 ( 1)
 187 R   0.59843 0.29475 0.07069 0.03613 ( 1)
 188 F   0.89534 0.00931 0.09430 0.00106 ( 1)
 189 R   0.85459 0.02645 0.11537 0.00358 ( 1)
 190 R   0.90098 0.00163 0.09720 0.00019 ( 1)
 191 E   0.90441 0.00320 0.09204 0.00036 ( 1)
 192 M   0.90287 0.00062 0.09645 0.00007 ( 1)
 193 T   0.88621 0.00294 0.11047 0.00038 ( 1)
 194 I   0.64948 0.25172 0.06971 0.02909 ( 1)
 195 M   0.00547 0.89215 0.00058 0.10180 ( 2)
 196 V   0.87752 0.01326 0.10754 0.00168 ( 1)
 197 L   0.88615 0.01089 0.10164 0.00132 ( 1)
 198 D   0.90695 0.00158 0.09129 0.00018 ( 1)
 199 L   0.03388 0.85906 0.00387 0.10319 ( 2)
 200 L   0.09497 0.79946 0.01069 0.09488 ( 2)
 201 P   0.20270 0.69231 0.02285 0.08215 ( 2)
 202 L   0.88615 0.01089 0.10164 0.00132 ( 1)
 203 F   0.90308 0.00163 0.09510 0.00019 ( 1)
 204 P   0.84072 0.05771 0.09472 0.00685 ( 1)
 205 I   0.00096 0.88253 0.00013 0.11638 ( 2)

