Supplemental results for CODEML (seqf: algn  treef: tree)


dN/dS (w) for site classes (K=4)

site class             0        1       2a       2b
proportion       0.60107  0.26812  0.09046  0.04035
background w     0.17530  1.00000  0.17530  1.00000
foreground w     0.17530  1.00000  1.00000  1.00000

Naive Empirical Bayes (NEB) probabilities for 4 classes
(amino acids refer to 1st sequence: BT_Cry1Be1)

   1 S   0.79960 0.06959 0.12034 0.01047 ( 1)
   2 D   0.86753 0.02969 0.09831 0.00447 ( 1)
   3 S   0.00791 0.86124 0.00123 0.12961 ( 2)
   4 I   0.87781 0.02079 0.09827 0.00313 ( 1)
   5 T   0.30554 0.13860 0.53500 0.02086 ( 3)
   6 Q   0.85623 0.02754 0.11208 0.00414 ( 1)
   7 I   0.87261 0.02377 0.10004 0.00358 ( 1)
   8 P   0.85821 0.02255 0.11585 0.00339 ( 1)
   9 L   0.83265 0.04752 0.11268 0.00715 ( 1)
  10 V   0.77020 0.12060 0.09106 0.01815 ( 1)
  11 K   0.88145 0.01461 0.10173 0.00220 ( 1)
  12 S   0.32418 0.38940 0.22781 0.05860 ( 2)
  13 F   0.82606 0.05314 0.11280 0.00800 ( 1)
  14 N   0.51111 0.36559 0.06829 0.05502 ( 1)
  15 L   0.84328 0.04696 0.10270 0.00707 ( 1)
  16 N   0.12833 0.74498 0.01458 0.11212 ( 2)
  17 S   0.85021 0.03450 0.11010 0.00519 ( 1)
  18 G   0.80224 0.08993 0.09430 0.01353 ( 1)
  19 T   0.63621 0.23995 0.08773 0.03611 ( 1)
  20 S   0.49734 0.38442 0.06038 0.05785 ( 1)
  21 V   0.87289 0.02079 0.10320 0.00313 ( 1)
  22 V   0.84055 0.03751 0.11630 0.00565 ( 1)
  23 S   0.49711 0.38640 0.05834 0.05815 ( 1)
  24 G   0.85181 0.03400 0.10907 0.00512 ( 1)
  25 P   0.86673 0.02072 0.10943 0.00312 ( 1)
  26 G   0.73673 0.14976 0.09097 0.02254 ( 1)
  27 F   0.88217 0.01268 0.10324 0.00191 ( 1)
  28 T   0.86876 0.02556 0.10183 0.00385 ( 1)
  29 G   0.86905 0.02055 0.10731 0.00309 ( 1)
  30 G   0.76882 0.10579 0.10947 0.01592 ( 1)
  31 D   0.83462 0.06154 0.09458 0.00926 ( 1)
  32 I   0.81976 0.05960 0.11167 0.00897 ( 1)
  33 I   0.61955 0.25729 0.08444 0.03872 ( 1)
  34 R   0.58280 0.29259 0.08058 0.04403 ( 1)
  35 T   0.75897 0.13486 0.08588 0.02030 ( 1)
  36 N   0.54851 0.32910 0.07286 0.04953 ( 1)
  37 V   0.32294 0.55643 0.03689 0.08374 ( 2)
  38 N   0.56263 0.32614 0.06215 0.04908 ( 1)
  39 G   0.87726 0.01706 0.10312 0.00257 ( 1)
  40 S   0.14821 0.72340 0.01952 0.10887 ( 2)
  41 V   0.76007 0.13044 0.08986 0.01963 ( 1)
  42 L   0.21080 0.66188 0.02771 0.09961 ( 2)
  43 S   0.41631 0.46725 0.04613 0.07032 ( 2)
  44 M   0.84422 0.04694 0.10178 0.00706 ( 1)
  45 G   0.39112 0.49044 0.04463 0.07381 ( 2)
  46 L   0.77644 0.11212 0.09456 0.01687 ( 1)
  47 N   0.88572 0.01429 0.09784 0.00215 ( 1)
  48 F   0.81403 0.07884 0.09526 0.01187 ( 1)
  49 N   0.70280 0.18288 0.08679 0.02752 ( 1)
  50 N   0.35752 0.52026 0.04392 0.07830 ( 2)
  51 T   0.75191 0.13903 0.08814 0.02092 ( 1)
  52 S   0.34687 0.34623 0.25479 0.05211 ( 1)
  53 L   0.51412 0.36494 0.06602 0.05492 ( 1)
  54 Q   0.81663 0.05779 0.11689 0.00870 ( 1)
  55 R   0.77567 0.09660 0.11320 0.01454 ( 1)
  56 Y   0.87206 0.01752 0.10779 0.00264 ( 1)
  57 R   0.77316 0.10697 0.10377 0.01610 ( 1)
  58 V   0.66329 0.21117 0.09377 0.03178 ( 1)
  59 R   0.86514 0.02915 0.10132 0.00439 ( 1)
  60 V   0.63247 0.25666 0.07225 0.03863 ( 1)
  61 R   0.48334 0.39613 0.06092 0.05962 ( 1)
  62 Y   0.87206 0.01752 0.10779 0.00264 ( 1)
  63 A   0.87856 0.01787 0.10088 0.00269 ( 1)
  64 A   0.78501 0.10852 0.09014 0.01633 ( 1)
  65 S   0.78409 0.10493 0.09519 0.01579 ( 1)
  66 Q   0.35476 0.52047 0.04644 0.07833 ( 2)
  67 T   0.21077 0.66451 0.02471 0.10001 ( 2)
  68 M   0.05782 0.81288 0.00697 0.12233 ( 2)
  69 V   0.04938 0.82033 0.00683 0.12346 ( 2)
  70 L   0.10887 0.76288 0.01344 0.11481 ( 2)
  71 R   0.07034 0.76672 0.04755 0.11539 ( 2)
  72 V   0.46134 0.42079 0.05455 0.06333 ( 1)
  73 T   0.38517 0.49604 0.04414 0.07465 ( 2)
  74 V   0.83164 0.06350 0.09530 0.00956 ( 1)
  75 G   0.32645 0.55040 0.04031 0.08283 ( 2)
  76 G   0.83802 0.03707 0.11933 0.00558 ( 1)
  77 S   0.64572 0.24575 0.07154 0.03699 ( 1)
  78 T   0.83218 0.06401 0.09417 0.00963 ( 1)
  79 T   0.83868 0.05773 0.09490 0.00869 ( 1)
  80 F   0.04033 0.68775 0.16841 0.10350 ( 2)
  81 D   0.15362 0.65088 0.09754 0.09795 ( 2)
  82 Q   0.36008 0.51524 0.04714 0.07754 ( 2)
  83 G   0.22007 0.65429 0.02717 0.09847 ( 2)
  84 F   0.85678 0.02279 0.11700 0.00343 ( 1)
  85 P   0.67315 0.21211 0.08281 0.03192 ( 1)
  86 S   0.57397 0.31503 0.06360 0.04741 ( 1)
  87 T   0.87700 0.02067 0.09923 0.00311 ( 1)
  88 M   0.88464 0.00757 0.10665 0.00114 ( 1)
  89 S   0.86088 0.03802 0.09538 0.00572 ( 1)
  90 A   0.58123 0.30398 0.06905 0.04575 ( 1)
  91 N   0.19242 0.68347 0.02126 0.10286 ( 2)
  92 E   0.21869 0.64882 0.03485 0.09764 ( 2)
  93 S   0.01601 0.84623 0.01041 0.12735 ( 2)
  94 L   0.82771 0.04906 0.11585 0.00738 ( 1)
  95 T   0.17384 0.70038 0.02038 0.10540 ( 2)
  96 S   0.77297 0.11577 0.09384 0.01742 ( 1)
  97 Q   0.07508 0.79538 0.00983 0.11970 ( 2)
  98 S   0.28155 0.59278 0.03646 0.08921 ( 2)
  99 F   0.88217 0.01268 0.10324 0.00191 ( 1)
 100 R   0.87882 0.01586 0.10293 0.00239 ( 1)
 101 F   0.62329 0.25825 0.07959 0.03887 ( 1)
 102 A   0.56167 0.32299 0.06672 0.04861 ( 1)
 103 E   0.69299 0.19551 0.08208 0.02942 ( 1)
 104 F   0.88217 0.01268 0.10324 0.00191 ( 1)
 105 P   0.76491 0.12254 0.09410 0.01844 ( 1)
 106 V   0.69816 0.19060 0.08255 0.02869 ( 1)
 107 G   0.35632 0.52272 0.04229 0.07867 ( 2)
 108 I   0.81174 0.08470 0.09082 0.01275 ( 1)
 109 S   0.77773 0.11831 0.08616 0.01780 ( 1)
 110 A   0.03375 0.83575 0.00472 0.12578 ( 2)
 111 S   0.74759 0.14050 0.09076 0.02115 ( 1)
 112 G   0.50121 0.37269 0.07002 0.05609 ( 1)
 113 S   0.08757 0.78464 0.00970 0.11808 ( 2)
 114 Q   0.85623 0.02754 0.11208 0.00414 ( 1)
 115 -   0.75689 0.11230 0.11391 0.01690 ( 1)
 116 T   0.16273 0.15661 0.65709 0.02357 ( 3)
 117 A   0.51966 0.36465 0.06081 0.05488 ( 1)
 118 G   0.03561 0.71235 0.14483 0.10721 ( 2)
 119 I   0.87261 0.02377 0.10004 0.00358 ( 1)
 120 S   0.84275 0.05553 0.09337 0.00836 ( 1)
 121 I   0.70307 0.18797 0.08067 0.02829 ( 1)
 122 S   0.40875 0.47454 0.04529 0.07142 ( 2)
 123 N   0.87590 0.02376 0.09676 0.00358 ( 1)
 124 N   0.39666 0.48632 0.04382 0.07319 ( 2)
 125 A   0.11494 0.69293 0.08785 0.10428 ( 2)
 126 G   0.08936 0.78239 0.01050 0.11775 ( 2)
 127 R   0.78264 0.10925 0.09167 0.01644 ( 1)
 128 Q   0.40875 0.46740 0.05351 0.07034 ( 2)
 129 T   0.01499 0.84648 0.01115 0.12739 ( 2)
 130 F   0.80974 0.08300 0.09476 0.01249 ( 1)
 131 H   0.71896 0.15667 0.10080 0.02358 ( 1)
 132 F   0.49798 0.38052 0.06424 0.05727 ( 1)
 133 D   0.83627 0.05993 0.09477 0.00902 ( 1)
 134 K   0.79407 0.09760 0.09364 0.01469 ( 1)
 135 I   0.87830 0.02037 0.09826 0.00307 ( 1)
 136 E   0.88024 0.01348 0.10425 0.00203 ( 1)
 137 F   0.88089 0.01373 0.10331 0.00207 ( 1)
 138 I   0.38529 0.26542 0.30935 0.03994 ( 1)
 139 -   0.62313 0.24606 0.09378 0.03703 ( 1)


lnL = -1697.028462

