Supplemental results for CODEML (seqf: algn  treef: tree)


dN/dS (w) for site classes (K=4)

site class             0        1       2a       2b
proportion       0.48363  0.45293  0.03276  0.03068
background w     0.05366  0.50218  0.05366  0.50218
foreground w     0.05366  0.50218  0.66033  0.66033

Naive Empirical Bayes (NEB) probabilities for 4 classes
(amino acids refer to 1st sequence: BT_Cry19Aa1)

   1 E   0.00008 0.93910 0.00000 0.06082 ( 2)
   2 V   0.95247 0.00149 0.04594 0.00009 ( 1)
   3 K   0.94979 0.00259 0.04746 0.00016 ( 1)
   4 T   0.10713 0.83099 0.00671 0.05516 ( 2)
   5 E   0.94637 0.00418 0.04918 0.00026 ( 1)
   6 L   0.87226 0.07083 0.05226 0.00465 ( 1)
   7 T   0.93848 0.00679 0.05428 0.00045 ( 1)
   8 R   0.92828 0.02134 0.04903 0.00136 ( 1)
   9 E   0.94637 0.00418 0.04918 0.00026 ( 1)
  10 I   0.95472 0.00129 0.04390 0.00008 ( 1)
  11 Y   0.95010 0.00440 0.04523 0.00027 ( 1)
  12 S   0.88910 0.05478 0.05254 0.00358 ( 1)
  13 D   0.95762 0.00034 0.04202 0.00002 ( 1)
  14 V   0.92177 0.01932 0.05763 0.00128 ( 1)
  15 I   0.62670 0.00623 0.36657 0.00049 ( 1)
  16 N   0.95837 0.00046 0.04115 0.00003 ( 1)
  17 G   0.01206 0.90791 0.00775 0.07228 ( 2)
  18 E   0.06754 0.86812 0.00486 0.05948 ( 2)
  19 I   0.00249 0.93285 0.00037 0.06428 ( 2)
  20 Y   0.03450 0.87854 0.01708 0.06989 ( 2)
  21 G   0.23112 0.70832 0.01396 0.04660 ( 2)
  22 L   0.00429 0.87441 0.03020 0.09110 ( 2)
  23 M   0.05662 0.88413 0.00299 0.05626 ( 2)
  24 -   0.19615 0.74042 0.01329 0.05015 ( 2)
  25 T   0.00354 0.93302 0.00024 0.06320 ( 2)
  26 P   0.14833 0.78823 0.01005 0.05339 ( 2)
  27 Y   0.00277 0.93865 0.00013 0.05845 ( 2)
  28 F   0.00035 0.93061 0.00019 0.06885 ( 2)
  29 S   0.31819 0.62851 0.01451 0.03879 ( 2)
  30 F   0.77940 0.17139 0.03838 0.01083 ( 1)
  31 E   0.00197 0.93816 0.00011 0.05976 ( 2)
  32 K   0.01591 0.92349 0.00087 0.05974 ( 2)
  33 A   0.10304 0.83674 0.00587 0.05436 ( 2)
  34 E   0.94637 0.00418 0.04918 0.00026 ( 1)
  35 S   0.33732 0.60664 0.01755 0.03850 ( 2)
  36 L   0.90185 0.04904 0.04602 0.00309 ( 1)
  37 Y   0.95250 0.00214 0.04523 0.00013 ( 1)
  38 T   0.94038 0.00831 0.05078 0.00053 ( 1)
  39 R   0.76306 0.17747 0.04770 0.01177 ( 1)
  40 A   0.00122 0.93787 0.00007 0.06084 ( 2)
  41 P   0.94532 0.00597 0.04833 0.00038 ( 1)
  42 H   0.95501 0.00068 0.04427 0.00004 ( 1)
  43 L   0.08130 0.85845 0.00463 0.05562 ( 2)
  44 F   0.90492 0.03813 0.05445 0.00250 ( 1)
  45 T   0.95434 0.00114 0.04445 0.00007 ( 1)
  46 W   0.81794 0.12296 0.05095 0.00815 ( 1)
  47 L   0.92018 0.02577 0.05239 0.00167 ( 1)
  48 K   0.26459 0.67363 0.01686 0.04491 ( 2)
  49 G   0.89345 0.05194 0.05124 0.00337 ( 1)
  50 F   0.91297 0.04179 0.04266 0.00258 ( 1)
  51 R   0.12615 0.81523 0.00670 0.05192 ( 2)
  52 F   0.95463 0.00072 0.04460 0.00004 ( 1)
  53 V   0.93554 0.01211 0.05157 0.00078 ( 1)
  54 T   0.92010 0.03440 0.04337 0.00213 ( 1)
  55 N   0.95837 0.00046 0.04115 0.00003 ( 1)
  56 S   0.01569 0.92583 0.00076 0.05772 ( 2)
  57 I   0.88689 0.06814 0.04077 0.00419 ( 1)
  58 S   0.27607 0.66881 0.01343 0.04168 ( 2)
  59 Y   0.00008 0.93615 0.00001 0.06376 ( 2)
  60 -   0.91697 0.03537 0.04545 0.00221 ( 1)
  61 -   0.00424 0.89957 0.01470 0.08149 ( 2)
  62 -   0.03853 0.89803 0.00261 0.06083 ( 2)
  63 -   0.04368 0.89288 0.00296 0.06048 ( 2)
  64 -   0.00720 0.91863 0.00442 0.06975 ( 2)
  65 -   0.37440 0.57240 0.01758 0.03562 ( 2)
  66 W   0.81794 0.12296 0.05095 0.00815 ( 1)
  67 T   0.03485 0.90538 0.00188 0.05789 ( 2)
  68 F   0.92802 0.02691 0.04341 0.00166 ( 1)
  69 L   0.92222 0.02373 0.05250 0.00154 ( 1)
  70 S   0.46706 0.47874 0.02386 0.03034 ( 2)
  71 G   0.94309 0.00956 0.04675 0.00060 ( 1)
  72 G   0.00002 0.94031 0.00000 0.05968 ( 2)
  73 Q   0.03211 0.90733 0.00183 0.05874 ( 2)
  74 N   0.95450 0.00426 0.04098 0.00026 ( 1)
  75 K   0.71786 0.23172 0.03587 0.01454 ( 1)
  76 Y   0.74996 0.20192 0.03559 0.01253 ( 1)
  77 S   0.65881 0.29099 0.03206 0.01814 ( 1)
  78 Y   0.00372 0.93558 0.00019 0.06052 ( 2)
  79 T   0.29227 0.64682 0.01810 0.04281 ( 2)
  80 N   0.00006 0.91223 0.00012 0.08759 ( 2)
  81 -   0.48363 0.45293 0.03276 0.03068 ( 1)
  82 N   0.00000 0.93464 0.00000 0.06536 ( 2)
  83 S   0.00001 0.93026 0.00001 0.06972 ( 2)
  84 S   0.00004 0.92726 0.00002 0.07269 ( 2)
  85 I   0.43282 0.51555 0.01990 0.03173 ( 2)
  86 N   0.00000 0.94164 0.00000 0.05836 ( 2)
  87 E   0.00012 0.92311 0.00009 0.07668 ( 2)
  88 G   0.69671 0.24731 0.03994 0.01605 ( 1)
  89 S   0.64804 0.29993 0.03313 0.01890 ( 1)
  90 F   0.94973 0.00292 0.04716 0.00019 ( 1)
  91 R   0.00000 0.93883 0.00000 0.06117 ( 2)
  92 G   0.89405 0.04691 0.05592 0.00312 ( 1)
  93 Q   0.00399 0.93397 0.00025 0.06179 ( 2)
  94 D   0.22739 0.71450 0.01210 0.04601 ( 2)
  95 T   0.00906 0.93092 0.00049 0.05953 ( 2)
  96 D   0.00145 0.93792 0.00008 0.06055 ( 2)
  97 Y   0.21718 0.72735 0.01031 0.04516 ( 2)
  98 G   0.86049 0.09117 0.04264 0.00570 ( 1)
  99 G   0.62497 0.31852 0.03584 0.02067 ( 1)
 100 T   0.05737 0.88087 0.00352 0.05823 ( 2)
 101 S   0.00343 0.93795 0.00017 0.05846 ( 2)
 102 S   0.92955 0.02376 0.04521 0.00148 ( 1)
 103 T   0.00280 0.92400 0.00151 0.07168 ( 2)
 104 I   0.01308 0.90326 0.00872 0.07495 ( 2)
 105 N   0.00364 0.93900 0.00016 0.05719 ( 2)
 106 I   0.28249 0.50724 0.16942 0.04086 ( 2)
 107 P   0.00000 0.92330 0.00000 0.07670 ( 2)
 108 S   0.00002 0.93928 0.00000 0.06070 ( 2)
 109 N   0.00008 0.92893 0.00003 0.07097 ( 2)
 110 S   0.00620 0.93157 0.00039 0.06184 ( 2)
 111 Y   0.18538 0.75874 0.00880 0.04708 ( 2)
 112 V   0.01862 0.92274 0.00097 0.05768 ( 2)
 113 Y   0.80188 0.15071 0.03806 0.00935 ( 1)
 114 N   0.08854 0.85560 0.00380 0.05206 ( 2)
 115 L   0.88056 0.06509 0.05013 0.00422 ( 1)
 116 W   0.04190 0.89610 0.00261 0.05939 ( 2)
 117 T   0.24776 0.69445 0.01338 0.04441 ( 2)
 118 E   0.92088 0.03116 0.04601 0.00195 ( 1)
 119 N   0.39642 0.54551 0.02268 0.03539 ( 2)
 120 Y   0.83542 0.11763 0.03965 0.00730 ( 1)
 121 E   0.38161 0.55956 0.02233 0.03650 ( 2)
 122 Y   0.00001 0.94118 0.00000 0.05881 ( 2)
 123 I   0.85780 0.09681 0.03943 0.00596 ( 1)
 124 Y   0.51408 0.43370 0.02507 0.02716 ( 1)
 125 P   0.92668 0.01899 0.05310 0.00123 ( 1)
 126 W   0.00918 0.92795 0.00060 0.06227 ( 2)
 127 G   0.00000 0.94160 0.00000 0.05840 ( 2)
 128 D   0.89846 0.05855 0.03943 0.00356 ( 1)
 129 P   0.03192 0.90729 0.00184 0.05895 ( 2)
 130 V   0.00220 0.93586 0.00016 0.06178 ( 2)
 131 N   0.95450 0.00426 0.04098 0.00026 ( 1)
 132 I   0.85780 0.09681 0.03943 0.00596 ( 1)
 133 T   0.07216 0.86842 0.00390 0.05553 ( 2)
 134 K   0.04708 0.89147 0.00272 0.05873 ( 2)
 135 M   0.37647 0.57107 0.01731 0.03516 ( 2)
 136 N   0.83587 0.12090 0.03589 0.00734 ( 1)
 137 F   0.95375 0.00158 0.04457 0.00010 ( 1)
 138 S   0.70188 0.24848 0.03415 0.01549 ( 1)
 139 V   0.00007 0.93764 0.00001 0.06228 ( 2)
 140 T   0.73085 0.20978 0.04547 0.01390 ( 1)
 141 D   0.89241 0.06471 0.03888 0.00400 ( 1)
 142 N   0.95837 0.00046 0.04115 0.00003 ( 1)
 143 N   0.65920 0.28475 0.03758 0.01847 ( 1)
 144 S   0.00035 0.93862 0.00002 0.06101 ( 2)
 145 S   0.17243 0.76720 0.01019 0.05018 ( 2)
 146 K   0.00000 0.93549 0.00000 0.06451 ( 2)
 147 E   0.04001 0.86628 0.02352 0.07019 ( 2)
 148 L   0.00000 0.92110 0.00000 0.07889 ( 2)
 149 I   0.01350 0.90837 0.00785 0.07028 ( 2)
 150 Y   0.92009 0.03413 0.04367 0.00212 ( 1)
 151 G   0.54597 0.40185 0.02705 0.02513 ( 1)
 152 A   0.00209 0.93552 0.00013 0.06226 ( 2)
 153 H   0.00004 0.93751 0.00000 0.06245 ( 2)
 154 R   0.01615 0.92426 0.00085 0.05873 ( 2)
 155 T   0.00289 0.93367 0.00020 0.06324 ( 2)
 156 -   0.48363 0.45293 0.03276 0.03068 ( 1)
 157 -   0.03724 0.89933 0.00252 0.06091 ( 2)
 158 -   0.26769 0.66887 0.01813 0.04530 ( 2)
 159 N   0.95837 0.00046 0.04115 0.00003 ( 1)
 160 K   0.00134 0.91978 0.00082 0.07807 ( 2)
 161 P   0.94880 0.00254 0.04850 0.00016 ( 1)
 162 V   0.23395 0.71121 0.01090 0.04394 ( 2)
 163 V   0.95271 0.00125 0.04595 0.00008 ( 1)
 164 R   0.10588 0.75806 0.07174 0.06432 ( 2)
 165 T   0.93343 0.01168 0.05413 0.00076 ( 1)
 166 D   0.64738 0.00238 0.35006 0.00019 ( 1)
 167 F   0.95438 0.00097 0.04460 0.00006 ( 1)
 168 D   0.92411 0.03331 0.04055 0.00203 ( 1)
 169 F   0.95463 0.00072 0.04460 0.00004 ( 1)
 170 L   0.88113 0.06953 0.04496 0.00438 ( 1)
 171 T   0.01231 0.92759 0.00066 0.05944 ( 2)
 172 N   0.93716 0.02103 0.04053 0.00128 ( 1)
 173 K   0.92484 0.02723 0.04621 0.00171 ( 1)
 174 E   0.01885 0.89326 0.01278 0.07511 ( 2)
 175 G   0.16947 0.77080 0.00972 0.05001 ( 2)
 176 T   0.57378 0.07800 0.34196 0.00626 ( 1)
 177 E   0.08745 0.85039 0.00554 0.05662 ( 2)
 178 L   0.01718 0.92168 0.00101 0.06013 ( 2)
 179 A   0.10378 0.83399 0.00662 0.05561 ( 2)
 180 K   0.85995 0.08800 0.04643 0.00563 ( 1)
 181 Y   0.67607 0.26439 0.04203 0.01752 ( 1)
 182 N   0.95330 0.00544 0.04093 0.00033 ( 1)
 183 D   0.83167 0.12474 0.03595 0.00764 ( 1)
 184 Y   0.93757 0.00407 0.05809 0.00027 ( 1)
 185 N   0.83721 0.11952 0.03596 0.00730 ( 1)
 186 H   0.95412 0.00152 0.04427 0.00009 ( 1)
 187 I   0.95518 0.00086 0.04391 0.00005 ( 1)
 188 L   0.90964 0.03622 0.05179 0.00235 ( 1)
 189 S   0.90142 0.04226 0.05355 0.00277 ( 1)
 190 Y   0.42948 0.51797 0.02039 0.03216 ( 2)
 191 M   0.08794 0.85283 0.00475 0.05448 ( 2)
 192 L   0.90352 0.04018 0.05367 0.00264 ( 1)
 193 I   0.03812 0.90138 0.00224 0.05826 ( 2)
 194 N   0.85954 0.09750 0.03703 0.00594 ( 1)
 195 -   0.77035 0.16622 0.05218 0.01126 ( 1)
 196 -   0.80855 0.12802 0.05477 0.00867 ( 1)
 197 -   0.60705 0.32951 0.04112 0.02232 ( 1)
 198 G   0.26045 0.68024 0.01506 0.04425 ( 2)
 199 E   0.00276 0.93380 0.00019 0.06325 ( 2)
 200 T   0.91369 0.03460 0.04950 0.00221 ( 1)
 201 F   0.02752 0.91457 0.00129 0.05661 ( 2)
 202 G   0.56327 0.07430 0.35622 0.00621 ( 1)
 203 Q   0.25678 0.68432 0.01460 0.04430 ( 2)
 204 K   0.33778 0.60720 0.01688 0.03813 ( 2)
 205 R   0.22036 0.72180 0.01174 0.04609 ( 2)
 206 H   0.90861 0.03398 0.05518 0.00224 ( 1)
 207 G   0.94791 0.00481 0.04697 0.00030 ( 1)
 208 Y   0.95322 0.00145 0.04524 0.00009 ( 1)
 209 S   0.59759 0.34586 0.03410 0.02244 ( 1)
 210 F   0.95463 0.00072 0.04460 0.00004 ( 1)
 211 A   0.90391 0.04411 0.04915 0.00284 ( 1)
 212 F   0.95331 0.00098 0.04565 0.00006 ( 1)
 213 T   0.92389 0.01746 0.05750 0.00116 ( 1)
 214 H   0.95523 0.00047 0.04427 0.00003 ( 1)
 215 S   0.95671 0.00031 0.04297 0.00002 ( 1)
 216 S   0.93067 0.01412 0.05428 0.00093 ( 1)


lnL = -3710.009292

