Supplemental results for CODEML (seqf: algn  treef: tree)


dN/dS (w) for site classes (K=4)

site class             0        1       2a       2b
proportion       0.08178  0.09483  0.38127  0.44213
background w     0.06168  0.55897  0.06168  0.55897
foreground w     0.06168  0.55897  0.00000  0.00000

Naive Empirical Bayes (NEB) probabilities for 4 classes
(amino acids refer to 1st sequence: BT_Cry68Aa1)

   1 P   0.03834 0.09950 0.18672 0.67543 ( 4)
   2 V   0.07007 0.07584 0.34134 0.51275 ( 4)
   3 V   0.10927 0.03945 0.54161 0.30967 ( 3)
   4 S   0.00797 0.11682 0.03903 0.83619 ( 4)
   5 Q   0.08363 0.08442 0.39450 0.43745 ( 4)
   6 L   0.15366 0.01959 0.72503 0.10172 ( 3)
   7 S   0.16727 0.00028 0.83025 0.00221 ( 3)
   8 R   0.15747 0.01426 0.74887 0.07940 ( 3)
   9 V   0.04443 0.12448 0.20877 0.62232 ( 4)
  10 I   0.16658 0.00086 0.82584 0.00672 ( 3)
  11 Y   0.16854 0.00129 0.82131 0.00886 ( 3)
  12 T   0.16560 0.00357 0.80669 0.02415 ( 3)
  13 D   0.16646 0.00097 0.82501 0.00757 ( 3)
  14 P   0.16423 0.00614 0.79137 0.03827 ( 3)
  15 V   0.15679 0.00751 0.77730 0.05840 ( 3)
  16 G   0.16810 0.00061 0.82681 0.00448 ( 3)
  17 A   0.08523 0.06093 0.41745 0.43639 ( 4)
  18 I   0.06104 0.08355 0.29669 0.55872 ( 4)
  19 R   0.01265 0.11560 0.06181 0.80993 ( 4)
  20 T   0.00619 0.12551 0.03008 0.83822 ( 4)
  21 D   0.00344 0.10981 0.01705 0.86970 ( 4)
  22 G   0.00022 0.11314 0.00108 0.88556 ( 4)
  23 -   0.08178 0.09483 0.38127 0.44213 ( 4)
  24 -   0.00369 0.12578 0.01798 0.85255 ( 4)
  25 -   0.00010 0.15234 0.00046 0.84710 ( 4)
  26 -   0.00283 0.13352 0.01368 0.84997 ( 4)
  27 R   0.00015 0.12918 0.00073 0.86994 ( 4)
  28 G   0.03180 0.09098 0.15779 0.71944 ( 4)
  29 W   0.13470 0.03743 0.63502 0.19284 ( 3)
  30 F   0.16859 0.00069 0.82574 0.00497 ( 3)
  31 D   0.00035 0.15932 0.00164 0.83868 ( 4)
  32 P   0.14021 0.03639 0.65371 0.16969 ( 3)
  33 P   0.00393 0.17267 0.01834 0.80505 ( 4)
  34 V   0.09645 0.08015 0.44970 0.37369 ( 3)
  35 G   0.00001 0.12282 0.00004 0.87713 ( 4)
  36 T   0.00009 0.11835 0.00044 0.88113 ( 4)
  37 D   0.16143 0.00399 0.80274 0.03184 ( 3)
  38 R   0.08414 0.09246 0.39230 0.43109 ( 4)
  39 I   0.08905 0.08755 0.41520 0.40820 ( 3)
  40 R   0.00024 0.12943 0.00119 0.86914 ( 4)
  41 V   0.16035 0.00552 0.79219 0.04194 ( 3)
  42 N   0.11018 0.03803 0.54787 0.30392 ( 3)
  43 F   0.17301 0.00197 0.81492 0.01009 ( 3)
  44 A   0.00142 0.14278 0.00679 0.84901 ( 4)
  45 S   0.00042 0.11402 0.00208 0.88347 ( 4)
  46 I   0.13021 0.03676 0.62166 0.21138 ( 3)
  47 E   0.16850 0.00136 0.82088 0.00927 ( 3)
  48 N   0.15739 0.00677 0.78231 0.05354 ( 3)
  49 E   0.00719 0.12486 0.03495 0.83300 ( 4)
  50 I   0.16820 0.00104 0.82344 0.00732 ( 3)
  51 P   0.16720 0.00217 0.81562 0.01501 ( 3)
  52 A   0.00059 0.11188 0.00295 0.88457 ( 4)
  53 P   0.15350 0.01235 0.74876 0.08539 ( 3)
  54 T   0.00191 0.12798 0.00931 0.86080 ( 4)
  55 T   0.00544 0.15775 0.02563 0.81118 ( 4)
  56 S   0.06192 0.08011 0.30228 0.55569 ( 4)
  57 R   0.00604 0.15721 0.02846 0.80829 ( 4)
  58 H   0.05903 0.07993 0.28912 0.57192 ( 4)
  59 L   0.15363 0.01673 0.73346 0.09618 ( 3)
  60 S   0.00591 0.10761 0.02937 0.85711 ( 4)
  61 E   0.01978 0.09834 0.09835 0.78353 ( 4)
  62 L   0.00867 0.12628 0.04199 0.82306 ( 4)
  63 T   0.00001 0.11556 0.00003 0.88441 ( 4)
  64 I   0.15309 0.01208 0.74946 0.08537 ( 3)
  65 S   0.07945 0.06721 0.38786 0.46548 ( 4)
  66 S   0.00525 0.11205 0.02598 0.85673 ( 4)
  67 G   0.16311 0.00416 0.80213 0.03061 ( 3)
  68 P   0.00785 0.13887 0.03755 0.81573 ( 4)
  69 L   0.16866 0.00120 0.82187 0.00826 ( 3)
  70 G   0.00199 0.12777 0.00969 0.86054 ( 4)
  71 F   0.02829 0.13536 0.13350 0.70285 ( 4)
  72 G   0.03378 0.13153 0.15935 0.67534 ( 4)
  73 I   0.07619 0.06401 0.37607 0.48373 ( 4)
  74 N   0.01451 0.11464 0.07100 0.79985 ( 4)
  75 P   0.16818 0.00296 0.81040 0.01846 ( 3)
  76 S   0.00006 0.30912 0.00020 0.69062 ( 4)
  77 -   0.02950 0.09589 0.14598 0.72863 ( 4)
  78 -   0.05604 0.07586 0.27763 0.59046 ( 4)
  79 R   0.16674 0.00276 0.81177 0.01873 ( 3)
  80 T   0.13284 0.03795 0.62827 0.20094 ( 3)
  81 H   0.01103 0.13093 0.05310 0.80494 ( 4)
  82 S   0.00321 0.12770 0.01560 0.85350 ( 4)
  83 W   0.13470 0.03743 0.63502 0.19284 ( 3)
  84 Q   0.03220 0.10343 0.15693 0.70743 ( 4)
  85 G   0.16655 0.00596 0.79416 0.03333 ( 3)
  86 N   0.16537 0.00478 0.79975 0.03010 ( 3)
  87 R   0.00087 0.15473 0.00414 0.84026 ( 4)
  88 N   0.16256 0.00379 0.80426 0.02940 ( 3)
  89 V   0.00299 0.13280 0.01453 0.84968 ( 4)
  90 N   0.07227 0.06525 0.35827 0.50421 ( 4)
  91 I   0.00027 0.16832 0.00125 0.83016 ( 4)
  92 S   0.00008 0.12702 0.00038 0.87253 ( 4)
  93 A   0.05334 0.07987 0.26350 0.60329 ( 4)
  94 P   0.00127 0.11187 0.00631 0.88054 ( 4)
  95 T   0.00036 0.14455 0.00171 0.85338 ( 4)
  96 D   0.06138 0.09352 0.29381 0.55129 ( 4)
  97 V   0.00257 0.28174 0.00642 0.70927 ( 4)
  98 -   0.08444 0.05709 0.41852 0.43995 ( 4)
  99 -   0.05719 0.42704 0.04737 0.46840 ( 4)
 100 -   0.08418 0.07316 0.40430 0.43837 ( 4)
 101 -   0.08314 0.08342 0.39315 0.44029 ( 4)
 102 -   0.08195 0.06860 0.39828 0.45117 ( 4)
 103 S   0.07963 0.07790 0.38174 0.46073 ( 4)
 104 G   0.15589 0.01612 0.74037 0.08763 ( 3)
 105 V   0.00038 0.14498 0.00181 0.85283 ( 4)
 106 I   0.00110 0.12478 0.00539 0.86873 ( 4)
 107 S   0.13789 0.03314 0.65259 0.17637 ( 3)
 108 N   0.01679 0.18729 0.07872 0.71721 ( 4)
 109 R   0.00038 0.75720 0.00001 0.24241 ( 2)
 110 T   0.00041 0.12892 0.00201 0.86867 ( 4)
 111 Q   0.01731 0.13052 0.08284 0.76934 ( 4)
 112 T   0.13806 0.02070 0.68323 0.15801 ( 3)
 113 I   0.16072 0.00484 0.79681 0.03763 ( 3)
 114 P   0.00289 0.14618 0.01379 0.83715 ( 4)
 115 A   0.15453 0.01850 0.72997 0.09700 ( 3)
 116 R   0.00943 0.14686 0.04476 0.79894 ( 4)
 117 N   0.12379 0.02907 0.61558 0.23156 ( 3)
 118 I   0.16857 0.00077 0.82522 0.00544 ( 3)
 119 F   0.16331 0.00453 0.79982 0.03234 ( 3)
 120 R   0.16833 0.00156 0.81953 0.01057 ( 3)
 121 V   0.07651 0.30177 0.13365 0.48806 ( 4)
 122 N   0.12978 0.02565 0.64331 0.20126 ( 3)
 123 S   0.16040 0.00713 0.78299 0.04948 ( 3)
 124 R   0.00523 0.14067 0.02506 0.82904 ( 4)
 125 V   0.16213 0.00543 0.79402 0.03841 ( 3)
 126 Y   0.00130 0.12736 0.00635 0.86499 ( 4)
 127 T   0.15728 0.00674 0.78209 0.05389 ( 3)
 128 L   0.16148 0.01001 0.77096 0.05755 ( 3)
 129 D   0.16328 0.00276 0.81192 0.02204 ( 3)
 130 W   0.00004 0.11402 0.00019 0.88575 ( 4)
 131 R   0.08872 0.08203 0.41715 0.41209 ( 3)
 132 L   0.00169 0.12757 0.00825 0.86249 ( 4)
 133 Y   0.07713 0.06999 0.37574 0.47714 ( 4)
 134 G   0.16762 0.00295 0.81050 0.01893 ( 3)
 135 V   0.17090 0.00102 0.82189 0.00619 ( 3)
 136 Y   0.01003 0.12783 0.04861 0.81353 ( 4)
 137 R   0.14510 0.02508 0.69011 0.13970 ( 3)
 138 A   0.16883 0.00083 0.82471 0.00563 ( 3)
 139 E   0.07847 0.07067 0.38121 0.46965 ( 4)
 140 F   0.16859 0.00069 0.82574 0.00497 ( 3)
 141 F   0.06499 0.07896 0.31667 0.53937 ( 4)
 142 Q   0.14587 0.01754 0.71299 0.12360 ( 3)
 143 D   0.00136 0.11238 0.00674 0.87952 ( 4)
 144 A   0.08835 0.06151 0.43162 0.41852 ( 3)
 145 S   0.16144 0.00416 0.80135 0.03304 ( 3)
 146 Q   0.11197 0.04406 0.54521 0.29875 ( 3)
 147 N   0.00505 0.11602 0.02485 0.85407 ( 4)
 148 S   0.16650 0.00261 0.81281 0.01808 ( 3)
 149 Q   0.02694 0.12245 0.12894 0.72167 ( 4)
 150 I   0.00001 0.12852 0.00003 0.87144 ( 4)
 151 R   0.00116 0.15307 0.00553 0.84024 ( 4)
 152 V   0.14397 0.02789 0.68075 0.14739 ( 3)
 153 F   0.11075 0.06246 0.51948 0.30731 ( 3)
 154 A   0.00006 0.13667 0.00030 0.86297 ( 4)
 155 E   0.00447 0.15610 0.02112 0.81831 ( 4)
 156 N   0.01450 0.18494 0.06727 0.73329 ( 4)
 157 P   0.01561 0.10376 0.07740 0.80323 ( 4)
 158 P   0.00085 0.14125 0.00411 0.85379 ( 4)
 159 T   0.13486 0.02680 0.65693 0.18142 ( 3)
 160 G   0.02749 0.09828 0.13581 0.73843 ( 4)
 161 A   0.00229 0.14409 0.01096 0.84266 ( 4)
 162 -   0.00077 0.12420 0.00377 0.87127 ( 4)
 163 -   0.00920 0.10739 0.04558 0.83782 ( 4)
 164 G   0.00698 0.12605 0.03393 0.83304 ( 4)
 165 A   0.00770 0.12081 0.03753 0.83396 ( 4)
 166 Q   0.00004 0.13001 0.00019 0.86976 ( 4)
 167 S   0.00010 0.11737 0.00050 0.88203 ( 4)
 168 A   0.00002 0.15593 0.00008 0.84397 ( 4)
 169 N   0.16657 0.00057 0.82830 0.00456 ( 3)
 170 N   0.00204 0.11267 0.01010 0.87519 ( 4)
 171 F   0.00005 0.12858 0.00025 0.87112 ( 4)
 172 R   0.09775 0.04834 0.48384 0.37008 ( 3)
 173 F   0.15893 0.00858 0.77409 0.05840 ( 3)
 174 L   0.01698 0.80970 0.00171 0.17161 ( 2)
 175 P   0.16249 0.00568 0.79256 0.03927 ( 3)
 176 G   0.16762 0.00295 0.81050 0.01893 ( 3)
 177 E   0.16850 0.00136 0.82088 0.00927 ( 3)
 178 N   0.12048 0.03119 0.59912 0.24921 ( 3)
 179 S   0.14760 0.02087 0.70750 0.12404 ( 3)
 180 D   0.00004 0.29966 0.00017 0.70013 ( 4)
 181 T   0.14964 0.02390 0.70469 0.12177 ( 3)
 182 P   0.16712 0.00381 0.80531 0.02376 ( 3)
 183 T   0.16617 0.00131 0.82250 0.01002 ( 3)
 184 P   0.16331 0.00687 0.78696 0.04285 ( 3)
 185 Q   0.00341 0.12594 0.01663 0.85402 ( 4)
 186 D   0.17355 0.00104 0.81995 0.00546 ( 3)
 187 Y   0.16854 0.00129 0.82131 0.00886 ( 3)
 188 T   0.16691 0.00079 0.82629 0.00601 ( 3)
 189 H   0.16747 0.00174 0.81855 0.01224 ( 3)
 190 L   0.05607 0.73809 0.00090 0.20495 ( 2)
 191 L   0.16061 0.01076 0.76679 0.06185 ( 3)
 192 S   0.16820 0.00152 0.82028 0.01000 ( 3)
 193 R   0.00402 0.12682 0.01959 0.84957 ( 4)
 194 V   0.00084 0.12891 0.00409 0.86615 ( 4)
 195 V   0.00610 0.61920 0.00135 0.37336 ( 2)
 196 N   0.16694 0.00033 0.83013 0.00261 ( 3)
 197 A   0.00055 0.14771 0.00263 0.84911 ( 4)
 198 T   0.14849 0.01652 0.72330 0.11169 ( 3)
 199 V   0.13211 0.03094 0.63881 0.19814 ( 3)
 200 G   0.16649 0.00275 0.81182 0.01893 ( 3)
 201 L   0.16866 0.00120 0.82187 0.00826 ( 3)
 202 T   0.00893 0.12192 0.04349 0.82566 ( 4)
 203 P   0.09869 0.06221 0.47242 0.36669 ( 3)
 204 A   0.05541 0.08785 0.26933 0.58741 ( 4)
 205 T   0.00710 0.12444 0.03452 0.83395 ( 4)
 206 G   0.00030 0.99388 0.00000 0.00582 ( 2)
 207 N   0.00050 0.11192 0.00250 0.88508 ( 4)
 208 Q   0.10035 0.06001 0.48199 0.35764 ( 3)
 209 R   0.16866 0.00158 0.81921 0.01055 ( 3)
 210 N   0.01445 0.13190 0.06926 0.78440 ( 4)
 211 S   0.16841 0.00119 0.82216 0.00824 ( 3)
 212 V   0.22017 0.70197 0.00320 0.07467 ( 2)
 213 L   0.10676 0.04868 0.51893 0.32562 ( 3)
 214 I   0.01159 0.44136 0.03727 0.50977 ( 4)
 215 F   0.00775 0.12197 0.03779 0.83249 ( 4)
 216 G   0.16810 0.00061 0.82681 0.00448 ( 3)
 217 W   0.13470 0.03743 0.63502 0.19284 ( 3)
 218 K   0.14819 0.01673 0.72185 0.11324 ( 3)
 219 H   0.16870 0.00083 0.82461 0.00586 ( 3)
 220 K   0.15228 0.01302 0.74406 0.09064 ( 3)


lnL = -3288.961745

