Supplemental results for CODEML (seqf: algn  treef: tree)


dN/dS (w) for site classes (K=4)

site class             0        1       2a       2b
proportion       0.17010  0.25454  0.23047  0.34489
background w     0.08201  1.00000  0.08201  1.00000
foreground w     0.08201  1.00000  1.00000  1.00000

Naive Empirical Bayes (NEB) probabilities for 4 classes
(amino acids refer to 1st sequence: BT_Cry40Aa1)

   1 S   0.26139 0.16325 0.35417 0.22119 ( 3)
   2 L   0.05822 0.36642 0.07889 0.49647 ( 4)
   3 G   0.00002 0.42462 0.00002 0.57533 ( 4)
   4 G   0.02711 0.39783 0.03602 0.53904 ( 4)
   5 I   0.05851 0.36702 0.07719 0.49729 ( 4)
   6 N   0.00018 0.42446 0.00024 0.57512 ( 4)
   7 T   0.00017 0.42447 0.00023 0.57513 ( 4)
   8 L   0.14227 0.28460 0.18753 0.38561 ( 4)
   9 F   0.00164 0.42299 0.00226 0.57312 ( 4)
  10 S   0.01564 0.40913 0.02089 0.55434 ( 4)
  11 I   0.06970 0.35603 0.09187 0.48240 ( 4)
  12 I   0.32127 0.10840 0.42346 0.14687 ( 3)
  13 G   0.00000 0.42464 0.00000 0.57536 ( 4)
  14 K   0.05258 0.37283 0.06943 0.50516 ( 4)
  15 L   0.35622 0.06902 0.48123 0.09352 ( 3)
  16 I   0.30001 0.12919 0.39577 0.17504 ( 3)
  17 P   0.36809 0.05837 0.49445 0.07909 ( 3)
  18 T   0.21498 0.21226 0.28517 0.28759 ( 4)
  19 N   0.04291 0.38225 0.05692 0.51793 ( 4)
  20 H   0.03802 0.38710 0.05040 0.52449 ( 4)
  21 Q   0.02224 0.40262 0.02961 0.54553 ( 4)
  22 S   0.00243 0.42224 0.00322 0.57211 ( 4)
  23 V   0.08895 0.33631 0.11906 0.45568 ( 4)
  24 S   0.02955 0.39548 0.03913 0.53585 ( 4)
  25 A   0.03392 0.39116 0.04493 0.52999 ( 4)
  26 L   0.40496 0.02455 0.53723 0.03326 ( 3)
  27 S   0.40477 0.02475 0.53694 0.03354 ( 3)
  28 I   0.42041 0.01081 0.55414 0.01465 ( 3)
  29 C   0.40119 0.02820 0.53241 0.03820 ( 3)
  30 D   0.42707 0.00543 0.56014 0.00736 ( 3)
  31 L   0.38604 0.04245 0.51399 0.05751 ( 3)
  32 L   0.17685 0.24582 0.24427 0.33307 ( 4)
  33 S   0.40306 0.02644 0.53467 0.03582 ( 3)
  34 I   0.42041 0.01081 0.55414 0.01465 ( 3)
  35 I   0.41892 0.01208 0.55264 0.01637 ( 3)
  36 R   0.37402 0.05387 0.49913 0.07299 ( 3)
  37 K   0.28901 0.13984 0.38167 0.18948 ( 3)
  38 E   0.38000 0.04808 0.50677 0.06515 ( 3)
  39 V   0.28309 0.14551 0.37425 0.19715 ( 3)
  40 A   0.00922 0.41548 0.01236 0.56294 ( 4)
  41 D   0.02752 0.39737 0.03670 0.53841 ( 4)
  42 S   0.24534 0.18015 0.33041 0.24410 ( 3)
  43 V   0.04829 0.37669 0.06463 0.51039 ( 4)
  44 L   0.38604 0.04245 0.51399 0.05751 ( 3)
  45 S   0.00580 0.41892 0.00767 0.56761 ( 4)
  46 D   0.00107 0.42357 0.00144 0.57391 ( 4)
  47 A   0.00066 0.42399 0.00088 0.57448 ( 4)
  48 I   0.00034 0.42431 0.00045 0.57491 ( 4)
  49 C   0.00022 0.42443 0.00029 0.57507 ( 4)
  50 R   0.02444 0.40065 0.03206 0.54285 ( 4)
  51 F   0.42306 0.00853 0.55686 0.01155 ( 3)
  52 L   0.17010 0.25454 0.23047 0.34489 ( 4)
  53 D   0.00142 0.42321 0.00194 0.57342 ( 4)
  54 G   0.40722 0.02246 0.53989 0.03043 ( 3)
  55 K   0.00268 0.42200 0.00354 0.57178 ( 4)
  56 L   0.01250 0.41231 0.01654 0.55865 ( 4)
  57 K   0.00012 0.42453 0.00015 0.57520 ( 4)
  58 N   0.00579 0.41893 0.00767 0.56762 ( 4)
  59 Y   0.26638 0.16180 0.35259 0.21923 ( 3)
  60 R   0.00000 0.42464 0.00001 0.57535 ( 4)
  61 E   0.00001 0.42463 0.00002 0.57534 ( 4)
  62 Y   0.41088 0.01922 0.54386 0.02604 ( 3)
  63 Y   0.41088 0.01922 0.54386 0.02604 ( 3)
  64 L   0.40496 0.02455 0.53723 0.03326 ( 3)
  65 P   0.00000 0.42464 0.00000 0.57536 ( 4)
  66 Y   0.03625 0.38887 0.04800 0.52689 ( 4)
  67 L   0.40496 0.02455 0.53723 0.03326 ( 3)
  68 E   0.00006 0.42458 0.00008 0.57527 ( 4)
  69 A   0.00000 0.42464 0.00001 0.57535 ( 4)
  70 W   0.30529 0.12085 0.41011 0.16374 ( 3)
  71 L   0.40496 0.02455 0.53723 0.03326 ( 3)
  72 K   0.00000 0.42464 0.00000 0.57536 ( 4)
  73 D   0.00018 0.42446 0.00024 0.57512 ( 4)
  74 G   0.00563 0.41909 0.00744 0.56784 ( 4)
  75 K   0.00022 0.42443 0.00029 0.57507 ( 4)
  76 P   0.36301 0.06163 0.49185 0.08351 ( 3)
  77 L   0.01292 0.41172 0.01751 0.55785 ( 4)
  78 Q   0.00627 0.41837 0.00850 0.56686 ( 4)
  79 K   0.00346 0.42118 0.00469 0.57067 ( 4)
  80 T   0.20496 0.21968 0.27771 0.29765 ( 4)
  81 N   0.01011 0.41472 0.01326 0.56191 ( 4)
  82 N   0.00005 0.42460 0.00006 0.57530 ( 4)
  83 S   0.00000 0.42464 0.00000 0.57536 ( 4)
  84 D   0.00000 0.42464 0.00000 0.57536 ( 4)
  85 I   0.18502 0.24184 0.24546 0.32768 ( 4)
  86 G   0.00000 0.42464 0.00000 0.57536 ( 4)
  87 Q   0.00049 0.42415 0.00066 0.57470 ( 4)
  88 L   0.24351 0.18454 0.32192 0.25004 ( 3)
  89 V   0.05483 0.37059 0.07246 0.50213 ( 4)
  90 K   0.00000 0.42464 0.00000 0.57536 ( 4)
  91 Y   0.00217 0.42249 0.00291 0.57244 ( 4)
  92 F   0.31713 0.10918 0.42577 0.14792 ( 3)
  93 E   0.00038 0.42427 0.00050 0.57485 ( 4)
  94 L   0.00000 0.42464 0.00000 0.57536 ( 4)
  95 S   0.00105 0.42359 0.00142 0.57394 ( 4)
  96 E   0.29286 0.13614 0.38655 0.18446 ( 3)
  97 R   0.00022 0.42443 0.00029 0.57507 ( 4)
  98 D   0.00054 0.42411 0.00071 0.57464 ( 4)
  99 F   0.32117 0.10516 0.43119 0.14248 ( 3)
 100 N   0.10321 0.32274 0.13675 0.43729 ( 4)
 101 E   0.00256 0.42212 0.00338 0.57194 ( 4)
 102 I   0.22878 0.19861 0.30351 0.26910 ( 3)
 103 L   0.13922 0.28681 0.18536 0.38861 ( 4)
 104 G   0.00002 0.42462 0.00002 0.57534 ( 4)
 105 G   0.33500 0.09169 0.44908 0.12423 ( 3)
 106 S   0.01422 0.41054 0.01898 0.55626 ( 4)
 107 L   0.38317 0.04529 0.51017 0.06137 ( 3)
 108 A   0.11171 0.31387 0.14916 0.42527 ( 4)
 109 R   0.03180 0.39320 0.04223 0.53276 ( 4)
 110 N   0.00001 0.42464 0.00001 0.57535 ( 4)
 111 N   0.22000 0.20785 0.29053 0.28162 ( 3)
 112 A   0.25364 0.17434 0.33580 0.23622 ( 3)
 113 Q   0.03144 0.39366 0.04152 0.53338 ( 4)
 114 I   0.28129 0.14775 0.37077 0.20019 ( 3)
 115 L   0.36817 0.06014 0.49020 0.08149 ( 3)
 116 L   0.38604 0.04245 0.51399 0.05751 ( 3)
 117 L   0.35868 0.06842 0.48020 0.09270 ( 3)
 118 P   0.38927 0.03927 0.51824 0.05321 ( 3)
 119 Y   0.02645 0.39836 0.03544 0.53975 ( 4)
 120 F   0.05421 0.37115 0.07175 0.50289 ( 4)
 121 C   0.00001 0.42464 0.00001 0.57535 ( 4)
 122 A   0.02527 0.39963 0.03363 0.54147 ( 4)
 123 S   0.00321 0.42148 0.00425 0.57107 ( 4)
 124 C   0.03916 0.38599 0.05186 0.52299 ( 4)
 125 K   0.36622 0.06504 0.48062 0.08812 ( 3)
 126 C   0.00008 0.42456 0.00010 0.57525 ( 4)
 127 Q   0.20152 0.22607 0.26610 0.30631 ( 4)
 128 L   0.38604 0.04245 0.51399 0.05751 ( 3)
 129 L   0.38604 0.04245 0.51399 0.05751 ( 3)
 130 L   0.36731 0.06040 0.49045 0.08184 ( 3)
 131 L   0.38604 0.04245 0.51399 0.05751 ( 3)
 132 R   0.34759 0.07947 0.46526 0.10768 ( 3)
 133 D   0.41937 0.00787 0.56209 0.01067 ( 3)
 134 A   0.00868 0.41608 0.01149 0.56375 ( 4)
 135 V   0.41465 0.01587 0.54799 0.02150 ( 3)
 136 Q   0.19589 0.23155 0.25883 0.31373 ( 4)
 137 Y   0.41088 0.01922 0.54386 0.02604 ( 3)
 138 E   0.29074 0.13814 0.38396 0.18717 ( 3)
 139 E   0.00002 0.42462 0.00002 0.57534 ( 4)
 140 Q   0.00035 0.42430 0.00046 0.57489 ( 4)
 141 W   0.30529 0.12085 0.41011 0.16374 ( 3)
 142 F   0.00004 0.42460 0.00006 0.57530 ( 4)
 143 P   0.00000 0.42464 0.00000 0.57536 ( 4)
 144 F   0.00011 0.42453 0.00015 0.57521 ( 4)
 145 L   0.01299 0.41180 0.01725 0.55796 ( 4)
 146 S   0.00092 0.42373 0.00122 0.57413 ( 4)
 147 A   0.00077 0.42388 0.00103 0.57432 ( 4)
 148 E   0.02086 0.40392 0.02794 0.54729 ( 4)
 149 N   0.00883 0.41593 0.01169 0.56355 ( 4)
 150 V   0.03437 0.39060 0.04579 0.52924 ( 4)
 151 R   0.03249 0.39235 0.04355 0.53161 ( 4)
 152 S   0.30904 0.11818 0.41266 0.16012 ( 3)
 153 E   0.27545 0.15085 0.36932 0.20439 ( 3)
 154 L   0.35003 0.07461 0.47427 0.10109 ( 3)
 155 I   0.40290 0.02174 0.54590 0.02946 ( 3)
 156 S   0.34059 0.08405 0.46148 0.11388 ( 3)
 157 P   0.36456 0.06008 0.49396 0.08140 ( 3)
 158 N   0.18663 0.23801 0.25287 0.32249 ( 4)
 159 S   0.20830 0.21634 0.28223 0.29313 ( 4)
 160 G   0.20434 0.22030 0.27686 0.29850 ( 4)
 161 C   0.20290 0.22174 0.27492 0.30044 ( 4)
 162 D   0.22004 0.20460 0.29815 0.27721 ( 3)
 163 F   0.21508 0.20956 0.29141 0.28395 ( 3)
 164 T   0.01470 0.41011 0.01952 0.55567 ( 4)
 165 G   0.00003 0.42461 0.00004 0.57532 ( 4)
 166 D   0.42707 0.00543 0.56014 0.00736 ( 3)
 167 Y   0.20823 0.21884 0.27643 0.29651 ( 4)
 168 Y   0.00012 0.42452 0.00017 0.57519 ( 4)
 169 E   0.01497 0.40981 0.01996 0.55526 ( 4)
 170 R   0.03565 0.38912 0.04800 0.52723 ( 4)
 171 L   0.15898 0.26725 0.21167 0.36210 ( 4)
 172 K   0.41648 0.01423 0.55001 0.01928 ( 3)
 173 C   0.00026 0.42438 0.00034 0.57501 ( 4)
 174 K   0.00393 0.42077 0.00519 0.57011 ( 4)
 175 I   0.00102 0.42363 0.00135 0.57399 ( 4)
 176 A   0.04680 0.37849 0.06189 0.51282 ( 4)
 177 E   0.00058 0.42407 0.00077 0.57458 ( 4)
 178 Y   0.27260 0.15566 0.36082 0.21091 ( 3)
 179 T   0.00064 0.42401 0.00085 0.57451 ( 4)
 180 D   0.01134 0.41350 0.01489 0.56027 ( 4)
 181 Y   0.04867 0.37661 0.06443 0.51029 ( 4)
 182 C   0.40391 0.02550 0.53603 0.03456 ( 3)
 183 E   0.00000 0.42464 0.00000 0.57536 ( 4)
 184 Y   0.00000 0.42464 0.00000 0.57536 ( 4)
 185 W   0.30529 0.12085 0.41011 0.16374 ( 3)
 186 Y   0.41088 0.01922 0.54386 0.02604 ( 3)
 187 Q   0.00919 0.41550 0.01233 0.56297 ( 4)
 188 A   0.00005 0.42459 0.00007 0.57529 ( 4)
 189 G   0.40722 0.02246 0.53989 0.03043 ( 3)
 190 L   0.38604 0.04245 0.51399 0.05751 ( 3)
 191 N   0.11485 0.31185 0.15077 0.42253 ( 4)
 192 Q   0.32945 0.09713 0.44181 0.13160 ( 3)
 193 I   0.42041 0.01081 0.55414 0.01465 ( 3)
 194 K   0.04963 0.32698 0.18036 0.44304 ( 4)
 195 Q   0.00088 0.42376 0.00119 0.57417 ( 4)
 196 A   0.00000 0.42464 0.00000 0.57536 ( 4)
 197 G   0.37050 0.05873 0.49121 0.07957 ( 3)
 198 T   0.04581 0.37942 0.06069 0.51408 ( 4)
 199 G   0.00451 0.42019 0.00597 0.56933 ( 4)
 200 A   0.00297 0.40351 0.04680 0.54673 ( 4)
 201 D   0.00023 0.42442 0.00030 0.57505 ( 4)
 202 T   0.00002 0.42461 0.00004 0.57532 ( 4)
 203 W   0.30529 0.12085 0.41011 0.16374 ( 3)
 204 A   0.00000 0.42464 0.00001 0.57535 ( 4)
 205 K   0.41648 0.01423 0.55001 0.01928 ( 3)
 206 F   0.42306 0.00853 0.55686 0.01155 ( 3)
 207 N   0.42652 0.00583 0.55976 0.00789 ( 3)
 208 K   0.41648 0.01423 0.55001 0.01928 ( 3)
 209 F   0.42146 0.01010 0.55476 0.01368 ( 3)
 210 R   0.37260 0.05528 0.49723 0.07490 ( 3)
 211 R   0.39896 0.03025 0.52980 0.04099 ( 3)
 212 E   0.41742 0.01342 0.55097 0.01818 ( 3)
 213 M   0.41284 0.01732 0.54638 0.02346 ( 3)
 214 T   0.33791 0.09010 0.44992 0.12207 ( 3)
 215 L   0.34636 0.08066 0.46370 0.10929 ( 3)
 216 T   0.00912 0.41558 0.01221 0.56309 ( 4)
 217 V   0.41379 0.01664 0.54703 0.02254 ( 3)
 218 L   0.34455 0.08245 0.46128 0.11171 ( 3)
 219 D   0.42707 0.00543 0.56014 0.00736 ( 3)
 220 I   0.05619 0.02875 0.87611 0.03896 ( 3)
 221 I   0.33688 0.09288 0.44441 0.12584 ( 3)
 222 A   0.26228 0.16581 0.34724 0.22467 ( 3)
 223 I   0.30160 0.12776 0.39753 0.17311 ( 3)
 224 F   0.42306 0.00853 0.55686 0.01155 ( 3)
 225 Q   0.18332 0.24314 0.24411 0.32943 ( 4)
 226 T   0.26207 0.16594 0.34715 0.22484 ( 3)


lnL = -3259.093000

