Supplemental results for CODEML (seqf: algn  treef: tree)


dN/dS (w) for site classes (K=4)

site class             0        1       2a       2b
proportion       0.53082  0.46796  0.00065  0.00057
background w     0.03899  1.00000  0.03899  1.00000
foreground w     0.03899  1.00000  1.00000  1.00000

Naive Empirical Bayes (NEB) probabilities for 4 classes
(amino acids refer to 1st sequence: BT_Cry4Ba1)

   1 Y   0.07510 0.92367 0.00009 0.00113 ( 2)
   2 T   0.68177 0.31701 0.00084 0.00039 ( 1)
   3 D   0.60901 0.38977 0.00075 0.00048 ( 1)
   4 A   0.08480 0.91397 0.00010 0.00112 ( 2)
   5 I   0.90139 0.09738 0.00111 0.00012 ( 1)
   6 T   0.93462 0.06415 0.00115 0.00008 ( 1)
   7 Q   0.04848 0.95029 0.00006 0.00117 ( 2)
   8 V   0.75151 0.24727 0.00092 0.00030 ( 1)
   9 P   0.96016 0.03862 0.00118 0.00005 ( 1)
  10 A   0.92938 0.06940 0.00114 0.00009 ( 1)
  11 V   0.94987 0.04890 0.00117 0.00006 ( 1)
  12 K   0.96658 0.03220 0.00119 0.00004 ( 1)
  13 S   0.97044 0.02833 0.00119 0.00003 ( 1)
  14 N   0.08802 0.91075 0.00011 0.00112 ( 2)
  15 F   0.06844 0.93034 0.00008 0.00114 ( 2)
  16 L   0.42564 0.57314 0.00052 0.00070 ( 2)
  17 N   0.71954 0.27923 0.00088 0.00034 ( 1)
  18 -   0.56764 0.43113 0.00070 0.00053 ( 1)
  19 -   0.53764 0.46113 0.00066 0.00057 ( 1)
  20 A   0.66341 0.33537 0.00081 0.00041 ( 1)
  21 T   0.93751 0.06126 0.00115 0.00008 ( 1)
  22 A   0.07501 0.92377 0.00009 0.00113 ( 2)
  23 K   0.06402 0.93475 0.00008 0.00115 ( 2)
  24 V   0.94987 0.04890 0.00117 0.00006 ( 1)
  25 I   0.61126 0.38752 0.00075 0.00048 ( 1)
  26 K   0.95196 0.04681 0.00117 0.00006 ( 1)
  27 G   0.96943 0.02934 0.00119 0.00004 ( 1)
  28 P   0.97546 0.02332 0.00120 0.00003 ( 1)
  29 G   0.97097 0.02781 0.00119 0.00003 ( 1)
  30 H   0.98505 0.01372 0.00121 0.00002 ( 1)
  31 T   0.93751 0.06126 0.00115 0.00008 ( 1)
  32 G   0.95446 0.04431 0.00117 0.00005 ( 1)
  33 G   0.95563 0.04314 0.00117 0.00005 ( 1)
  34 D   0.97525 0.02353 0.00120 0.00003 ( 1)
  35 L   0.94902 0.04975 0.00117 0.00006 ( 1)
  36 V   0.95342 0.04535 0.00117 0.00006 ( 1)
  37 A   0.21669 0.78209 0.00027 0.00096 ( 2)
  38 L   0.94487 0.05391 0.00116 0.00007 ( 1)
  39 T   0.66915 0.32963 0.00082 0.00040 ( 1)
  40 S   0.00270 0.99607 0.00000 0.00122 ( 2)
  41 N   0.96613 0.03265 0.00119 0.00004 ( 1)
  42 G   0.20948 0.78929 0.00026 0.00097 ( 2)
  43 T   0.20865 0.79012 0.00026 0.00097 ( 2)
  44 L   0.14005 0.85873 0.00017 0.00105 ( 2)
  45 S   0.05833 0.94044 0.00007 0.00116 ( 2)
  46 -   0.53082 0.46796 0.00065 0.00057 ( 1)
  47 G   0.03816 0.96062 0.00005 0.00118 ( 2)
  48 R   0.62632 0.37245 0.00077 0.00046 ( 1)
  49 M   0.58700 0.41178 0.00072 0.00051 ( 1)
  50 E   0.12308 0.87569 0.00015 0.00108 ( 2)
  51 I   0.94403 0.05474 0.00116 0.00007 ( 1)
  52 Q   0.72445 0.27432 0.00089 0.00034 ( 1)
  53 C   0.66892 0.32985 0.00082 0.00041 ( 1)
  54 K   0.74353 0.25525 0.00091 0.00031 ( 1)
  55 T   0.71514 0.28363 0.00088 0.00035 ( 1)
  56 S   0.75631 0.24246 0.00093 0.00030 ( 1)
  57 I   0.74591 0.25287 0.00092 0.00031 ( 1)
  58 F   0.71907 0.27971 0.00088 0.00034 ( 1)
  59 N   0.77241 0.22636 0.00095 0.00028 ( 1)
  60 D   0.97525 0.02353 0.00120 0.00003 ( 1)
  61 P   0.65354 0.34524 0.00080 0.00042 ( 1)
  62 T   0.66056 0.33822 0.00081 0.00042 ( 1)
  63 R   0.05673 0.94204 0.00007 0.00116 ( 2)
  64 S   0.01038 0.98839 0.00001 0.00121 ( 2)
  65 Y   0.96867 0.03010 0.00119 0.00004 ( 1)
  66 G   0.67278 0.32599 0.00083 0.00040 ( 1)
  67 L   0.05538 0.94339 0.00007 0.00116 ( 2)
  68 R   0.91880 0.07997 0.00113 0.00010 ( 1)
  69 I   0.94029 0.05848 0.00115 0.00007 ( 1)
  70 R   0.98277 0.01600 0.00121 0.00002 ( 1)
  71 Y   0.98126 0.01751 0.00121 0.00002 ( 1)
  72 A   0.95748 0.04130 0.00118 0.00005 ( 1)
  73 A   0.95359 0.04519 0.00117 0.00006 ( 1)
  74 N   0.18315 0.81562 0.00022 0.00100 ( 2)
  75 S   0.98039 0.01838 0.00120 0.00002 ( 1)
  76 P   0.09691 0.90186 0.00012 0.00111 ( 2)
  77 I   0.22795 0.77082 0.00028 0.00095 ( 2)
  78 V   0.10907 0.88970 0.00013 0.00109 ( 2)
  79 L   0.01528 0.98349 0.00002 0.00121 ( 2)
  80 N   0.00413 0.99465 0.00001 0.00122 ( 2)
  81 V   0.00933 0.98944 0.00001 0.00122 ( 2)
  82 S   0.00949 0.98929 0.00001 0.00122 ( 2)
  83 Y   0.53224 0.46654 0.00065 0.00057 ( 1)
  84 V   0.01960 0.97918 0.00002 0.00120 ( 2)
  85 L   0.00040 0.99837 0.00000 0.00123 ( 2)
  86 Q   0.00198 0.99680 0.00000 0.00122 ( 2)
  87 G   0.00730 0.99148 0.00001 0.00122 ( 2)
  88 V   0.01897 0.97980 0.00002 0.00120 ( 2)
  89 S   0.00614 0.99264 0.00001 0.00122 ( 2)
  90 R   0.00088 0.99789 0.00000 0.00123 ( 2)
  91 G   0.04791 0.95086 0.00006 0.00117 ( 2)
  92 T   0.01303 0.98574 0.00002 0.00121 ( 2)
  93 T   0.00025 0.99853 0.00000 0.00123 ( 2)
  94 I   0.00346 0.99531 0.00000 0.00122 ( 2)
  95 S   0.00025 0.99852 0.00000 0.00123 ( 2)
  96 T   0.00743 0.99134 0.00001 0.00122 ( 2)
  97 E   0.57941 0.41937 0.00071 0.00052 ( 1)
  98 S   0.00043 0.99835 0.00000 0.00123 ( 2)
  99 T   0.00014 0.99863 0.00000 0.00123 ( 2)
 100 F   0.01347 0.98531 0.00002 0.00121 ( 2)
 101 S   0.59784 0.40094 0.00073 0.00049 ( 1)
 102 R   0.68066 0.31812 0.00084 0.00039 ( 1)
 103 P   0.07995 0.91883 0.00010 0.00113 ( 2)
 104 N   0.54129 0.45748 0.00066 0.00056 ( 1)
 105 N   0.75541 0.24337 0.00093 0.00030 ( 1)
 106 I   0.73136 0.26741 0.00090 0.00033 ( 1)
 107 I   0.73136 0.26741 0.00090 0.00033 ( 1)
 108 P   0.68596 0.31281 0.00084 0.00038 ( 1)
 109 T   0.71514 0.28363 0.00088 0.00035 ( 1)
 110 D   0.75281 0.24596 0.00092 0.00030 ( 1)
 111 L   0.65555 0.34323 0.00081 0.00042 ( 1)
 112 K   0.84508 0.15369 0.00104 0.00019 ( 1)
 113 Y   0.78994 0.20883 0.00097 0.00026 ( 1)
 114 E   0.97463 0.02415 0.00120 0.00003 ( 1)
 115 E   0.21200 0.78677 0.00026 0.00097 ( 2)
 116 F   0.98242 0.01635 0.00121 0.00002 ( 1)
 117 R   0.53926 0.45951 0.00066 0.00056 ( 1)
 118 Y   0.96867 0.03010 0.00119 0.00004 ( 1)
 119 K   0.26873 0.73005 0.00033 0.00090 ( 2)
 120 D   0.75281 0.24596 0.00092 0.00030 ( 1)
 121 P   0.68596 0.31281 0.00084 0.00038 ( 1)
 122 F   0.00344 0.99534 0.00000 0.00122 ( 2)
 123 D   0.75281 0.24596 0.00092 0.00030 ( 1)
 124 A   0.08312 0.91565 0.00010 0.00112 ( 2)
 125 I   0.74591 0.25287 0.00092 0.00031 ( 1)
 126 V   0.70441 0.29436 0.00087 0.00036 ( 1)
 127 P   0.57983 0.41894 0.00071 0.00051 ( 1)
 128 M   0.98946 0.00931 0.00122 0.00001 ( 1)
 129 R   0.23127 0.76751 0.00028 0.00094 ( 2)
 130 L   0.17343 0.82534 0.00021 0.00101 ( 2)
 131 S   0.65490 0.34387 0.00080 0.00042 ( 1)
 132 S   0.12569 0.87308 0.00015 0.00107 ( 2)
 133 N   0.96613 0.03265 0.00119 0.00004 ( 1)
 134 Q   0.12604 0.87273 0.00015 0.00107 ( 2)
 135 L   0.07319 0.92559 0.00009 0.00114 ( 2)
 136 I   0.62306 0.37571 0.00077 0.00046 ( 1)
 137 T   0.66416 0.33461 0.00082 0.00041 ( 1)
 138 I   0.31569 0.68308 0.00039 0.00084 ( 2)
 139 A   0.63635 0.36243 0.00078 0.00045 ( 1)
 140 I   0.74628 0.25250 0.00092 0.00031 ( 1)
 141 Q   0.08392 0.91485 0.00010 0.00112 ( 2)
 142 P   0.97186 0.02692 0.00119 0.00003 ( 1)
 143 L   0.63307 0.36570 0.00078 0.00045 ( 1)
 144 N   0.34128 0.65749 0.00042 0.00081 ( 2)
 145 M   0.85810 0.14067 0.00105 0.00017 ( 1)
 146 T   0.14949 0.84928 0.00018 0.00104 ( 2)
 147 S   0.17385 0.82492 0.00021 0.00101 ( 2)
 148 N   0.46603 0.53274 0.00057 0.00065 ( 2)
 149 N   0.96736 0.03141 0.00119 0.00004 ( 1)
 150 -   0.56732 0.43145 0.00070 0.00053 ( 1)
 151 -   0.53880 0.45997 0.00066 0.00056 ( 1)
 152 -   0.56764 0.43113 0.00070 0.00053 ( 1)
 153 -   0.56791 0.43086 0.00070 0.00053 ( 1)
 154 Q   0.01268 0.98609 0.00002 0.00121 ( 2)
 155 V   0.92122 0.07756 0.00113 0.00010 ( 1)
 156 I   0.17977 0.81901 0.00022 0.00101 ( 2)
 157 I   0.63789 0.36088 0.00078 0.00044 ( 1)
 158 D   0.95909 0.03968 0.00118 0.00005 ( 1)
 159 R   0.81294 0.18583 0.00100 0.00023 ( 1)
 160 I   0.56962 0.42916 0.00070 0.00053 ( 1)
 161 E   0.97284 0.02594 0.00119 0.00003 ( 1)
 162 I   0.74591 0.25287 0.00092 0.00031 ( 1)
 163 I   0.74591 0.25287 0.00092 0.00031 ( 1)


lnL = -1493.768925

