Supplemental results for CODEML (seqf: algn  treef: tree)


dN/dS (w) for site classes (K=4)

site class             0        1       2a       2b
proportion       0.78035  0.12205  0.08440  0.01320
background w     0.15776  1.00000  0.15776  1.00000
foreground w     0.15776  1.00000  1.00000  1.00000

Naive Empirical Bayes (NEB) probabilities for 4 classes
(amino acids refer to 1st sequence: BT_Cry3Aa10)

   1 -   0.89057 0.01182 0.09632 0.00128 ( 1)
   2 -   0.89025 0.01214 0.09629 0.00131 ( 1)
   3 G   0.81611 0.08628 0.08827 0.00933 ( 1)
   4 G   0.94206 0.00215 0.05556 0.00023 ( 1)
   5 A   0.86279 0.06094 0.06968 0.00659 ( 1)
   6 L   0.92875 0.01429 0.05542 0.00155 ( 1)
   7 V   0.86407 0.07753 0.05002 0.00839 ( 1)
   8 S   0.71394 0.21573 0.04699 0.02333 ( 1)
   9 F   0.94990 0.00233 0.04752 0.00025 ( 1)
  10 Y   0.94566 0.00100 0.05322 0.00011 ( 1)
  11 T   0.88542 0.05973 0.04839 0.00646 ( 1)
  12 N   0.10168 0.80367 0.00772 0.08693 ( 2)
  13 F   0.72463 0.01377 0.26011 0.00149 ( 1)
  14 L   0.89463 0.04006 0.06098 0.00433 ( 1)
  15 N   0.92931 0.00563 0.06446 0.00061 ( 1)
  16 T   0.90052 0.04323 0.05157 0.00468 ( 1)
  17 I   0.91696 0.01493 0.06650 0.00161 ( 1)
  18 W   0.90799 0.01276 0.07787 0.00138 ( 1)
  19 P   0.94265 0.00108 0.05615 0.00012 ( 1)
  20 S   0.54092 0.23960 0.19357 0.02591 ( 1)
  21 E   0.93511 0.01539 0.04783 0.00166 ( 1)
  22 -   0.78841 0.11399 0.08527 0.01233 ( 1)
  23 -   0.47758 0.42481 0.05166 0.04595 ( 1)
  24 D   0.86650 0.06436 0.06218 0.00696 ( 1)
  25 P   0.91036 0.02500 0.06194 0.00270 ( 1)
  26 W   0.60905 0.05449 0.33057 0.00589 ( 1)
  27 K   0.92334 0.01134 0.06409 0.00123 ( 1)
  28 A   0.92175 0.02312 0.05264 0.00250 ( 1)
  29 F   0.95191 0.00044 0.04760 0.00005 ( 1)
  30 M   0.94663 0.00038 0.05295 0.00004 ( 1)
  31 E   0.69133 0.04193 0.26220 0.00454 ( 1)
  32 Q   0.94354 0.00098 0.05537 0.00011 ( 1)
  33 V   0.94724 0.00152 0.05108 0.00016 ( 1)
  34 E   0.95142 0.00074 0.04776 0.00008 ( 1)
  35 A   0.91105 0.03323 0.05212 0.00359 ( 1)
  36 L   0.90755 0.01771 0.07282 0.00192 ( 1)
  37 M   0.92451 0.00997 0.06443 0.00108 ( 1)
  38 D   0.93986 0.00201 0.05791 0.00022 ( 1)
  39 Q   0.89739 0.02913 0.07033 0.00315 ( 1)
  40 K   0.95139 0.00073 0.04780 0.00008 ( 1)
  41 I   0.95223 0.00070 0.04699 0.00008 ( 1)
  42 A   0.90595 0.02033 0.07152 0.00220 ( 1)
  43 D   0.93518 0.01110 0.05252 0.00120 ( 1)
  44 Y   0.94566 0.00100 0.05322 0.00011 ( 1)
  45 A   0.93274 0.00133 0.06579 0.00014 ( 1)
  46 K   0.94794 0.00389 0.04775 0.00042 ( 1)
  47 N   0.75275 0.02011 0.22497 0.00217 ( 1)
  48 K   0.92487 0.02587 0.04647 0.00280 ( 1)
  49 A   0.93844 0.00796 0.05273 0.00086 ( 1)
  50 L   0.12510 0.47520 0.34831 0.05140 ( 2)
  51 A   0.93644 0.01172 0.05057 0.00127 ( 1)
  52 E   0.89180 0.04190 0.06176 0.00453 ( 1)
  53 L   0.91341 0.02323 0.06085 0.00251 ( 1)
  54 Q   0.91322 0.02126 0.06323 0.00230 ( 1)
  55 G   0.90512 0.03047 0.06112 0.00330 ( 1)
  56 L   0.87446 0.06675 0.05157 0.00722 ( 1)
  57 Q   0.05382 0.83578 0.02001 0.09040 ( 2)
  58 N   0.94914 0.00718 0.04290 0.00078 ( 1)
  59 N   0.23282 0.22839 0.51409 0.02470 ( 3)
  60 V   0.05211 0.85166 0.00411 0.09212 ( 2)
  61 E   0.65948 0.12671 0.20010 0.01371 ( 1)
  62 D   0.10877 0.79981 0.00492 0.08651 ( 2)
  63 Y   0.93795 0.00836 0.05279 0.00090 ( 1)
  64 V   0.51591 0.40855 0.03135 0.04419 ( 1)
  65 S   0.77392 0.16595 0.04219 0.01795 ( 1)
  66 A   0.84822 0.09458 0.04697 0.01023 ( 1)
  67 L   0.70169 0.21876 0.05589 0.02366 ( 1)
  68 S   0.00565 0.89658 0.00079 0.09697 ( 2)
  69 S   0.67553 0.25100 0.04631 0.02715 ( 1)
  70 W   0.59489 0.31953 0.05102 0.03456 ( 1)
  71 Q   0.02230 0.84659 0.03954 0.09157 ( 2)
  72 K   0.92101 0.02948 0.04632 0.00319 ( 1)
  73 N   0.60859 0.29574 0.06368 0.03199 ( 1)
  74 P   0.93964 0.00135 0.05887 0.00015 ( 1)
  75 V   0.09553 0.77399 0.04676 0.08372 ( 2)
  76 S   0.60967 0.12263 0.25444 0.01326 ( 1)
  77 S   0.74499 0.08627 0.15941 0.00933 ( 1)
  78 R   0.92692 0.00425 0.06837 0.00046 ( 1)
  79 N   0.41280 0.42342 0.11798 0.04580 ( 2)
  80 P   0.02748 0.86159 0.01774 0.09319 ( 2)
  81 H   0.89583 0.03314 0.06745 0.00358 ( 1)
  82 S   0.77161 0.14780 0.06461 0.01599 ( 1)
  83 Q   0.92469 0.01578 0.05783 0.00171 ( 1)
  84 G   0.73222 0.18768 0.05980 0.02030 ( 1)
  85 R   0.87344 0.04299 0.07893 0.00465 ( 1)
  86 I   0.94977 0.00299 0.04692 0.00032 ( 1)
  87 R   0.94539 0.00133 0.05314 0.00014 ( 1)
  88 E   0.90628 0.02825 0.06242 0.00306 ( 1)
  89 L   0.88181 0.04918 0.06368 0.00532 ( 1)
  90 F   0.95191 0.00044 0.04760 0.00005 ( 1)
  91 S   0.83609 0.10291 0.04986 0.01113 ( 1)
  92 Q   0.87088 0.07038 0.05113 0.00761 ( 1)
  93 A   0.90794 0.03881 0.04905 0.00420 ( 1)
  94 E   0.94955 0.00248 0.04771 0.00027 ( 1)
  95 S   0.94929 0.00041 0.05025 0.00004 ( 1)
  96 H   0.93486 0.01751 0.04574 0.00189 ( 1)
  97 F   0.95191 0.00044 0.04760 0.00005 ( 1)
  98 R   0.81869 0.11539 0.05344 0.01248 ( 1)
  99 N   0.24874 0.16549 0.56788 0.01790 ( 3)
 100 S   0.90251 0.03183 0.06222 0.00344 ( 1)
 101 M   0.94663 0.00038 0.05295 0.00004 ( 1)
 102 P   0.91849 0.00391 0.07718 0.00042 ( 1)
 103 S   0.91247 0.00731 0.07942 0.00079 ( 1)
 104 F   0.95191 0.00044 0.04760 0.00005 ( 1)
 105 A   0.89743 0.04872 0.04858 0.00527 ( 1)
 106 I   0.91293 0.01399 0.07156 0.00151 ( 1)
 107 S   0.92680 0.01558 0.05593 0.00169 ( 1)
 108 G   0.44263 0.47358 0.03257 0.05122 ( 2)
 109 Y   0.77495 0.13618 0.07413 0.01473 ( 1)
 110 E   0.94630 0.00155 0.05198 0.00017 ( 1)
 111 V   0.94544 0.00138 0.05303 0.00015 ( 1)
 112 L   0.91545 0.02041 0.06193 0.00221 ( 1)
 113 F   0.95172 0.00059 0.04763 0.00006 ( 1)
 114 L   0.92314 0.00371 0.07275 0.00040 ( 1)
 115 T   0.84704 0.04766 0.10015 0.00515 ( 1)
 116 T   0.92976 0.01796 0.05034 0.00194 ( 1)
 117 Y   0.94566 0.00100 0.05322 0.00011 ( 1)
 118 A   0.94447 0.00409 0.05099 0.00044 ( 1)
 119 Q   0.83866 0.09176 0.05966 0.00993 ( 1)
 120 A   0.92925 0.00150 0.06909 0.00016 ( 1)
 121 A   0.92293 0.00474 0.07181 0.00051 ( 1)
 122 N   0.93088 0.00206 0.06684 0.00022 ( 1)
 123 I   0.79644 0.14479 0.04312 0.01566 ( 1)
 124 H   0.95066 0.00258 0.04649 0.00028 ( 1)
 125 L   0.80555 0.12706 0.05365 0.01374 ( 1)
 126 F   0.22576 0.67634 0.02474 0.07315 ( 2)
 127 L   0.91422 0.02042 0.06316 0.00221 ( 1)
 128 L   0.81181 0.12000 0.05521 0.01298 ( 1)
 129 K   0.94678 0.00498 0.04769 0.00054 ( 1)
 130 D   0.72637 0.20000 0.05200 0.02163 ( 1)
 131 A   0.90245 0.04155 0.05151 0.00449 ( 1)
 132 Q   0.63777 0.29309 0.03744 0.03170 ( 1)
 133 I   0.84593 0.09744 0.04609 0.01054 ( 1)
 134 Y   0.49546 0.42464 0.03397 0.04593 ( 1)
 135 G   0.89239 0.05062 0.05152 0.00548 ( 1)
 136 E   0.09368 0.58643 0.25646 0.06343 ( 2)
 137 E   0.60053 0.20019 0.17763 0.02165 ( 1)
 138 W   0.85123 0.06837 0.07300 0.00740 ( 1)
 139 G   0.93776 0.00731 0.05414 0.00079 ( 1)
 140 Y   0.03289 0.87093 0.00199 0.09420 ( 2)
 141 E   0.79167 0.14062 0.05251 0.01521 ( 1)
 142 K   0.17712 0.73340 0.01016 0.07932 ( 2)
 143 E   0.02734 0.87080 0.00768 0.09419 ( 2)
 144 D   0.67595 0.26484 0.03056 0.02865 ( 1)
 145 I   0.67108 0.04501 0.27904 0.00487 ( 1)
 146 A   0.01186 0.86980 0.02427 0.09408 ( 2)
 147 E   0.83120 0.10532 0.05209 0.01139 ( 1)
 148 F   0.89104 0.05809 0.04458 0.00628 ( 1)
 149 Y   0.66898 0.03923 0.28755 0.00424 ( 1)
 150 K   0.34272 0.47529 0.13058 0.05141 ( 2)
 151 R   0.72922 0.01551 0.25359 0.00168 ( 1)
 152 Q   0.94354 0.00098 0.05537 0.00011 ( 1)
 153 L   0.17197 0.33660 0.45502 0.03641 ( 3)
 154 K   0.34718 0.01240 0.63908 0.00134 ( 3)
 155 L   0.94317 0.00110 0.05561 0.00012 ( 1)
 156 T   0.91956 0.00549 0.07436 0.00059 ( 1)
 157 Q   0.16321 0.38163 0.41388 0.04128 ( 3)
 158 E   0.94346 0.00740 0.04834 0.00080 ( 1)
 159 Y   0.94371 0.00184 0.05425 0.00020 ( 1)
 160 T   0.93892 0.00742 0.05286 0.00080 ( 1)
 161 D   0.71865 0.01227 0.26775 0.00133 ( 1)
 162 H   0.95281 0.00051 0.04663 0.00005 ( 1)
 163 C   0.94350 0.00070 0.05572 0.00008 ( 1)
 164 V   0.59749 0.04971 0.34743 0.00538 ( 1)
 165 K   0.94599 0.00491 0.04856 0.00053 ( 1)
 166 W   0.90799 0.01276 0.07787 0.00138 ( 1)
 167 Y   0.94566 0.00100 0.05322 0.00011 ( 1)
 168 N   0.72230 0.03658 0.23716 0.00396 ( 1)
 169 V   0.65365 0.11397 0.22006 0.01233 ( 1)
 170 G   0.94440 0.00098 0.05452 0.00011 ( 1)
 171 L   0.93431 0.00313 0.06222 0.00034 ( 1)
 172 D   0.92293 0.03105 0.04267 0.00336 ( 1)
 173 K   0.71211 0.22585 0.03761 0.02443 ( 1)
 174 L   0.93431 0.00313 0.06222 0.00034 ( 1)
 175 R   0.94289 0.00372 0.05298 0.00040 ( 1)
 176 G   0.94401 0.00138 0.05446 0.00015 ( 1)
 177 S   0.92200 0.00481 0.07267 0.00052 ( 1)
 178 S   0.85692 0.08263 0.05152 0.00894 ( 1)
 179 Y   0.90830 0.03660 0.05115 0.00396 ( 1)
 180 E   0.93511 0.01539 0.04783 0.00166 ( 1)
 181 S   0.13267 0.70872 0.08196 0.07666 ( 2)
 182 W   0.90799 0.01276 0.07787 0.00138 ( 1)
 183 V   0.94054 0.00776 0.05086 0.00084 ( 1)
 184 N   0.71719 0.16273 0.10248 0.01760 ( 1)
 185 F   0.94932 0.00289 0.04748 0.00031 ( 1)
 186 N   0.91069 0.03133 0.05460 0.00339 ( 1)
 187 R   0.91486 0.02295 0.05971 0.00248 ( 1)
 188 Y   0.91551 0.01904 0.06339 0.00206 ( 1)
 189 R   0.87873 0.03389 0.08371 0.00367 ( 1)
 190 R   0.94614 0.00064 0.05315 0.00007 ( 1)
 191 E   0.93336 0.00214 0.06427 0.00023 ( 1)
 192 M   0.94663 0.00038 0.05295 0.00004 ( 1)
 193 T   0.94781 0.00082 0.05128 0.00009 ( 1)
 194 L   0.93335 0.00403 0.06218 0.00044 ( 1)
 195 T   0.94731 0.00108 0.05149 0.00012 ( 1)
 196 V   0.94828 0.00116 0.05043 0.00013 ( 1)
 197 L   0.93431 0.00313 0.06222 0.00034 ( 1)
 198 D   0.95512 0.00157 0.04313 0.00017 ( 1)
 199 L   0.88990 0.04552 0.05966 0.00492 ( 1)
 200 I   0.93319 0.01516 0.05001 0.00164 ( 1)
 201 A   0.61058 0.11762 0.25908 0.01272 ( 1)
 202 L   0.91359 0.01331 0.07165 0.00144 ( 1)
 203 F   0.94839 0.00290 0.04840 0.00031 ( 1)
 204 P   0.92459 0.01835 0.05508 0.00198 ( 1)
 205 L   0.02889 0.87411 0.00245 0.09454 ( 2)


lnL = -2595.141576

