Supplemental results for CODEML (seqf: algn  treef: tree)


dN/dS (w) for site classes (K=4)

site class             0        1       2a       2b
proportion       0.53754  0.29784  0.10593  0.05869
background w     0.07254  1.00000  0.07254  1.00000
foreground w     0.07254  1.00000  1.00000  1.00000

Naive Empirical Bayes (NEB) probabilities for 4 classes
(amino acids refer to 1st sequence: BT_Cry7Cb1)

   1 -   0.78932 0.04606 0.15554 0.00908 ( 1)
   2 -   0.78916 0.04622 0.15551 0.00911 ( 1)
   3 A   0.76744 0.08307 0.13313 0.01637 ( 1)
   4 G   0.85107 0.00342 0.14484 0.00067 ( 1)
   5 G   0.00641 0.82910 0.00111 0.16338 ( 2)
   6 I   0.85046 0.00375 0.14505 0.00074 ( 1)
   7 V   0.19677 0.61687 0.06480 0.12156 ( 2)
   8 A   0.08090 0.60758 0.19179 0.11973 ( 2)
   9 L   0.74355 0.10423 0.13169 0.02054 ( 1)
  10 F   0.80792 0.04639 0.13655 0.00914 ( 1)
  11 T   0.75734 0.08529 0.14056 0.01681 ( 1)
  12 E   0.00083 0.83458 0.00014 0.16446 ( 2)
  13 V   0.41076 0.43511 0.06839 0.08574 ( 2)
  14 L   0.32251 0.51816 0.05722 0.10211 ( 2)
  15 R   0.27618 0.56503 0.04746 0.11134 ( 2)
  16 L   0.05764 0.77870 0.01021 0.15345 ( 2)
  17 L   0.83117 0.01695 0.14854 0.00334 ( 1)
  18 W   0.80738 0.03402 0.15190 0.00670 ( 1)
  19 P   0.84436 0.00310 0.15193 0.00061 ( 1)
  20 N   0.00407 0.83142 0.00068 0.16384 ( 2)
  21 K   0.06792 0.76836 0.01230 0.15141 ( 2)
  22 Q   0.14336 0.69455 0.02522 0.13687 ( 2)
  23 D   0.04320 0.78637 0.01546 0.15496 ( 2)
  24 E   0.11500 0.53193 0.24825 0.10482 ( 2)
  25 L   0.09405 0.74303 0.01650 0.14642 ( 2)
  26 W   0.80738 0.03402 0.15190 0.00670 ( 1)
  27 E   0.85508 0.00324 0.14104 0.00064 ( 1)
  28 S   0.05643 0.77935 0.01064 0.15358 ( 2)
  29 F   0.81672 0.03792 0.13788 0.00747 ( 1)
  30 M   0.85363 0.00065 0.14560 0.00013 ( 1)
  31 K   0.34593 0.46341 0.09935 0.09132 ( 2)
  32 E   0.81592 0.04111 0.13487 0.00810 ( 1)
  33 V   0.85128 0.00612 0.14140 0.00121 ( 1)
  34 E   0.84347 0.00402 0.15173 0.00079 ( 1)
  35 K   0.00135 0.83209 0.00260 0.16397 ( 2)
  36 L   0.83862 0.01188 0.14716 0.00234 ( 1)
  37 I   0.85062 0.00359 0.14507 0.00071 ( 1)
  38 E   0.02949 0.32486 0.58164 0.06402 ( 3)
  39 Q   0.79916 0.05047 0.14043 0.00995 ( 1)
  40 E   0.83696 0.02049 0.13851 0.00404 ( 1)
  41 I   0.85705 0.00254 0.13991 0.00050 ( 1)
  42 T   0.80072 0.05288 0.13598 0.01042 ( 1)
  43 D   0.32452 0.21416 0.41912 0.04220 ( 3)
  44 A   0.03801 0.79776 0.00702 0.15720 ( 2)
  45 V   0.74550 0.10906 0.12395 0.02149 ( 1)
  46 V   0.26746 0.57458 0.04474 0.11322 ( 2)
  47 S   0.00523 0.83026 0.00090 0.16361 ( 2)
  48 K   0.77579 0.07969 0.12882 0.01570 ( 1)
  49 A   0.84846 0.00366 0.14716 0.00072 ( 1)
  50 L   0.60669 0.23542 0.11150 0.04639 ( 1)
  51 A   0.76349 0.04537 0.18220 0.00894 ( 1)
  52 E   0.81931 0.03804 0.13515 0.00750 ( 1)
  53 L   0.83835 0.01101 0.14847 0.00217 ( 1)
  54 E   0.76113 0.08517 0.13692 0.01678 ( 1)
  55 G   0.84564 0.00634 0.14677 0.00125 ( 1)
  56 L   0.83914 0.01024 0.14861 0.00202 ( 1)
  57 R   0.79742 0.05340 0.13865 0.01052 ( 1)
  58 N   0.81572 0.02852 0.15014 0.00562 ( 1)
  59 A   0.00992 0.82566 0.00172 0.16270 ( 2)
  60 L   0.06095 0.77504 0.01129 0.15273 ( 2)
  61 Q   0.00247 0.83015 0.00379 0.16359 ( 2)
  62 G   0.02498 0.81096 0.00426 0.15981 ( 2)
  63 Y   0.84738 0.00404 0.14778 0.00080 ( 1)
  64 T   0.02373 0.81218 0.00404 0.16005 ( 2)
  65 D   0.00219 0.82074 0.01533 0.16173 ( 2)
  66 A   0.79807 0.05677 0.13397 0.01119 ( 1)
  67 L   0.83337 0.00730 0.15790 0.00144 ( 1)
  68 E   0.80946 0.04761 0.13355 0.00938 ( 1)
  69 A   0.11334 0.72478 0.01905 0.14282 ( 2)
  70 W   0.80738 0.03402 0.15190 0.00670 ( 1)
  71 Q   0.64847 0.19847 0.11395 0.03911 ( 1)
  72 N   0.17651 0.66346 0.02929 0.13074 ( 2)
  73 N   0.85655 0.00135 0.14183 0.00027 ( 1)
  74 R   0.69442 0.15064 0.12526 0.02968 ( 1)
  75 S   0.82548 0.02720 0.14196 0.00536 ( 1)
  76 D   0.27449 0.56840 0.04511 0.11201 ( 2)
  77 K   0.82519 0.03139 0.13722 0.00619 ( 1)
  78 L   0.54881 0.29640 0.09639 0.05841 ( 1)
  79 K   0.02115 0.81452 0.00383 0.16051 ( 2)
  80 Q   0.03678 0.79920 0.00653 0.15749 ( 2)
  81 L   0.06380 0.77264 0.01130 0.15225 ( 2)
  82 L   0.17869 0.65940 0.03197 0.12994 ( 2)
  83 V   0.83574 0.00889 0.15362 0.00175 ( 1)
  84 Y   0.00009 0.83530 0.00002 0.16460 ( 2)
  85 D   0.05204 0.77956 0.01478 0.15362 ( 2)
  86 R   0.72407 0.12682 0.12412 0.02499 ( 1)
  87 F   0.81613 0.03850 0.13778 0.00759 ( 1)
  88 V   0.24808 0.59251 0.04266 0.11676 ( 2)
  89 S   0.01606 0.81959 0.00284 0.16151 ( 2)
  90 T   0.23202 0.60856 0.03951 0.11992 ( 2)
  91 E   0.79146 0.06512 0.13059 0.01283 ( 1)
  92 N   0.05918 0.77775 0.00982 0.15326 ( 2)
  93 L   0.08462 0.75218 0.01499 0.14822 ( 2)
  94 F   0.85388 0.00164 0.14415 0.00032 ( 1)
  95 K   0.05747 0.77939 0.00956 0.15358 ( 2)
  96 F   0.00154 0.83388 0.00026 0.16432 ( 2)
  97 A   0.00423 0.83125 0.00071 0.16380 ( 2)
  98 M   0.83470 0.01916 0.14237 0.00377 ( 1)
  99 P   0.83764 0.00581 0.15541 0.00114 ( 1)
 100 S   0.84582 0.00386 0.14957 0.00076 ( 1)
 101 F   0.85388 0.00164 0.14415 0.00032 ( 1)
 102 R   0.12445 0.71359 0.02134 0.14062 ( 2)
 103 V   0.01853 0.81099 0.01067 0.15981 ( 2)
 104 G   0.00174 0.83175 0.00261 0.16390 ( 2)
 105 G   0.84906 0.00299 0.14737 0.00059 ( 1)
 106 F   0.04358 0.79282 0.00737 0.15623 ( 2)
 107 E   0.85508 0.00324 0.14104 0.00064 ( 1)
 108 V   0.68965 0.10600 0.18346 0.02089 ( 1)
 109 P   0.84839 0.00209 0.14911 0.00041 ( 1)
 110 L   0.83914 0.01024 0.14861 0.00202 ( 1)
 111 L   0.82309 0.02601 0.14578 0.00512 ( 1)
 112 T   0.35983 0.48372 0.06114 0.09532 ( 2)
 113 V   0.85128 0.00612 0.14140 0.00121 ( 1)
 114 Y   0.84738 0.00404 0.14778 0.00080 ( 1)
 115 A   0.85107 0.00507 0.14287 0.00100 ( 1)
 116 Q   0.84741 0.00308 0.14891 0.00061 ( 1)
 117 A   0.83496 0.00421 0.16000 0.00083 ( 1)
 118 A   0.85197 0.00419 0.14302 0.00082 ( 1)
 119 N   0.84742 0.00580 0.14564 0.00114 ( 1)
 120 L   0.83715 0.01333 0.14690 0.00263 ( 1)
 121 H   0.83876 0.00317 0.15745 0.00062 ( 1)
 122 L   0.83710 0.01224 0.14825 0.00241 ( 1)
 123 L   0.53434 0.24178 0.17623 0.04764 ( 1)
 124 L   0.83914 0.01024 0.14861 0.00202 ( 1)
 125 L   0.83914 0.01024 0.14861 0.00202 ( 1)
 126 K   0.66122 0.19128 0.10981 0.03769 ( 1)
 127 N   0.83515 0.02193 0.13860 0.00432 ( 1)
 128 S   0.27817 0.04110 0.67263 0.00810 ( 3)
 129 E   0.14632 0.69290 0.02424 0.13654 ( 2)
 130 L   0.26403 0.57567 0.04685 0.11344 ( 2)
 131 F   0.84359 0.00228 0.15368 0.00045 ( 1)
 132 G   0.84048 0.00351 0.15532 0.00069 ( 1)
 133 A   0.76139 0.09254 0.12783 0.01824 ( 1)
 134 E   0.85468 0.00363 0.14097 0.00072 ( 1)
 135 W   0.80738 0.03402 0.15190 0.00670 ( 1)
 136 G   0.85109 0.00339 0.14485 0.00067 ( 1)
 137 M   0.02672 0.80925 0.00456 0.15947 ( 2)
 138 Q   0.02659 0.80909 0.00489 0.15944 ( 2)
 139 Q   0.00118 0.83423 0.00021 0.16439 ( 2)
 140 Y   0.00065 0.83473 0.00013 0.16449 ( 2)
 141 E   0.63342 0.21896 0.10448 0.04315 ( 1)
 142 I   0.78211 0.07537 0.12768 0.01485 ( 1)
 143 D   0.03713 0.79870 0.00678 0.15739 ( 2)
 144 L   0.01700 0.81859 0.00310 0.16131 ( 2)
 145 F   0.76600 0.08744 0.12933 0.01723 ( 1)
 146 Y   0.84314 0.00593 0.14976 0.00117 ( 1)
 147 N   0.67569 0.17734 0.11202 0.03495 ( 1)
 148 E   0.26396 0.57820 0.04391 0.11394 ( 2)
 149 Q   0.84528 0.00517 0.14853 0.00102 ( 1)
 150 K   0.40827 0.43255 0.07395 0.08524 ( 2)
 151 D   0.00635 0.81628 0.01652 0.16085 ( 2)
 152 Y   0.00714 0.82828 0.00137 0.16322 ( 2)
 153 V   0.02685 0.80920 0.00449 0.15946 ( 2)
 154 V   0.26623 0.41233 0.24019 0.08125 ( 2)
 155 E   0.42168 0.42493 0.06966 0.08374 ( 2)
 156 Y   0.84327 0.00808 0.14706 0.00159 ( 1)
 157 T   0.74222 0.10995 0.12616 0.02167 ( 1)
 158 D   0.85731 0.00163 0.14074 0.00032 ( 1)
 159 H   0.81321 0.03983 0.13911 0.00785 ( 1)
 160 C   0.84771 0.00251 0.14929 0.00049 ( 1)
 161 V   0.84598 0.00717 0.14544 0.00141 ( 1)
 162 K   0.77969 0.07589 0.12946 0.01495 ( 1)
 163 W   0.80738 0.03402 0.15190 0.00670 ( 1)
 164 Y   0.84738 0.00404 0.14778 0.00080 ( 1)
 165 T   0.00144 0.83138 0.00335 0.16383 ( 2)
 166 E   0.39795 0.44772 0.06610 0.08823 ( 2)
 167 G   0.82872 0.01515 0.15314 0.00299 ( 1)
 168 L   0.83914 0.01024 0.14861 0.00202 ( 1)
 169 N   0.84338 0.01393 0.13994 0.00275 ( 1)
 170 R   0.01145 0.81248 0.01596 0.16011 ( 2)
 171 L   0.83113 0.01255 0.15386 0.00247 ( 1)
 172 K   0.84337 0.00336 0.15261 0.00066 ( 1)
 173 N   0.62442 0.22733 0.10345 0.04480 ( 1)
 174 A   0.61807 0.23235 0.10380 0.04579 ( 1)
 175 S   0.58109 0.25998 0.10770 0.05123 ( 1)
 176 G   0.85179 0.00272 0.14496 0.00054 ( 1)
 177 V   0.02065 0.81525 0.00345 0.16065 ( 2)
 178 K   0.84070 0.01630 0.13979 0.00321 ( 1)
 179 G   0.79376 0.05711 0.13788 0.01125 ( 1)
 180 K   0.41613 0.42485 0.07530 0.08372 ( 2)
 181 V   0.00149 0.83393 0.00025 0.16433 ( 2)
 182 W   0.80738 0.03402 0.15190 0.00670 ( 1)
 183 E   0.17168 0.66615 0.03090 0.13127 ( 2)
 184 E   0.00186 0.83106 0.00332 0.16376 ( 2)
 185 Y   0.84738 0.00404 0.14778 0.00080 ( 1)
 186 N   0.71814 0.13611 0.11892 0.02682 ( 1)
 187 R   0.63616 0.20809 0.11475 0.04101 ( 1)
 188 F   0.84658 0.00877 0.14293 0.00173 ( 1)
 189 R   0.81334 0.02459 0.15722 0.00485 ( 1)
 190 R   0.85199 0.00164 0.14605 0.00032 ( 1)
 191 E   0.85508 0.00324 0.14104 0.00064 ( 1)
 192 M   0.85363 0.00065 0.14560 0.00013 ( 1)
 193 T   0.84047 0.00297 0.15598 0.00058 ( 1)
 194 I   0.67339 0.17682 0.11494 0.03484 ( 1)
 195 M   0.01523 0.82049 0.00260 0.16168 ( 2)
 196 V   0.83177 0.01282 0.15289 0.00253 ( 1)
 197 L   0.83914 0.01024 0.14861 0.00202 ( 1)
 198 D   0.85731 0.00163 0.14074 0.00032 ( 1)
 199 L   0.06452 0.77187 0.01151 0.15210 ( 2)
 200 L   0.16826 0.67014 0.02955 0.13206 ( 2)
 201 P   0.31790 0.52312 0.05590 0.10308 ( 2)
 202 L   0.83914 0.01024 0.14861 0.00202 ( 1)
 203 F   0.85388 0.00164 0.14415 0.00032 ( 1)
 204 P   0.80962 0.04017 0.14229 0.00792 ( 1)
 205 I   0.00295 0.83245 0.00056 0.16404 ( 2)


lnL = -2321.130695

