Supplemental results for CODEML (seqf: algn  treef: tree)


dN/dS (w) for site classes (K=4)

site class             0        1       2a       2b
proportion       0.82521  0.16904  0.00477  0.00098
background w     0.11411  1.00000  0.11411  1.00000
foreground w     0.11411  1.00000 315.32850 315.32850

Naive Empirical Bayes (NEB) probabilities for 4 classes
(amino acids refer to 1st sequence: BT_Cry1Fa1)

   1 -   0.94617 0.04808 0.00547 0.00028 ( 1)
   2 -   0.34768 0.64657 0.00201 0.00374 ( 2)
   3 -   0.67114 0.32827 0.00019 0.00040 ( 1)
   4 -   0.99961 0.00009 0.00029 0.00000 ( 1)
   5 R   0.96041 0.03847 0.00103 0.00008 ( 1)
   6 I   0.99945 0.00003 0.00052 0.00000 ( 1)
   7 T   0.99915 0.00032 0.00052 0.00000 ( 1)
   8 Q   0.99920 0.00036 0.00045 0.00000 ( 1)
   9 I   0.99899 0.00029 0.00072 0.00000 ( 1)
  10 P   0.99979 0.00009 0.00012 0.00000 ( 1)
  11 L   0.96326 0.03350 0.00293 0.00030 ( 1)
  12 V   0.99958 0.00004 0.00037 0.00000 ( 1)
  13 K   0.99968 0.00016 0.00015 0.00000 ( 1)
  14 A   0.99899 0.00069 0.00031 0.00000 ( 1)
  15 H   0.99926 0.00058 0.00016 0.00000 ( 1)
  16 T   0.99812 0.00115 0.00073 0.00000 ( 1)
  17 L   0.95012 0.04951 0.00032 0.00004 ( 1)
  18 Q   0.01508 0.97710 0.00031 0.00752 ( 2)
  19 S   0.99870 0.00102 0.00028 0.00000 ( 1)
  20 G   0.99970 0.00005 0.00025 0.00000 ( 1)
  21 T   0.99793 0.00121 0.00085 0.00000 ( 1)
  22 T   0.99132 0.00708 0.00158 0.00003 ( 1)
  23 V   0.99948 0.00009 0.00042 0.00000 ( 1)
  24 V   0.99692 0.00186 0.00121 0.00001 ( 1)
  25 R   0.01168 0.98625 0.00002 0.00204 ( 2)
  26 G   0.99973 0.00004 0.00023 0.00000 ( 1)
  27 P   0.99329 0.00648 0.00022 0.00001 ( 1)
  28 G   0.99913 0.00055 0.00032 0.00000 ( 1)
  29 F   0.99975 0.00001 0.00024 0.00000 ( 1)
  30 T   0.99947 0.00007 0.00046 0.00000 ( 1)
  31 G   0.99982 0.00002 0.00016 0.00000 ( 1)
  32 G   0.99851 0.00005 0.00143 0.00000 ( 1)
  33 D   0.99906 0.00022 0.00072 0.00000 ( 1)
  34 I   0.97568 0.02252 0.00173 0.00006 ( 1)
  35 L   0.99623 0.00355 0.00022 0.00000 ( 1)
  36 -   0.83627 0.15798 0.00484 0.00091 ( 1)
  37 R   0.08422 0.91002 0.00161 0.00415 ( 2)
  38 R   0.99952 0.00027 0.00021 0.00000 ( 1)
  39 T   0.96795 0.03087 0.00110 0.00008 ( 1)
  40 S   0.99339 0.00630 0.00029 0.00001 ( 1)
  41 G   0.74859 0.24808 0.00156 0.00177 ( 1)
  42 G   0.99876 0.00098 0.00026 0.00000 ( 1)
  43 P   0.63617 0.36140 0.00156 0.00088 ( 1)
  44 F   0.87429 0.09494 0.03029 0.00048 ( 1)
  45 A   0.99957 0.00009 0.00034 0.00000 ( 1)
  46 Y   0.03553 0.96255 0.00002 0.00190 ( 2)
  47 T   0.07801 0.91589 0.00173 0.00436 ( 2)
  48 I   0.06690 0.92092 0.00633 0.00585 ( 2)
  49 V   0.99949 0.00005 0.00045 0.00000 ( 1)
  50 N   0.90958 0.04906 0.04102 0.00034 ( 1)
  51 I   0.70057 0.29656 0.00220 0.00067 ( 1)
  52 N   0.96776 0.01834 0.01379 0.00011 ( 1)
  53 G   0.00010 0.99836 0.00000 0.00153 ( 2)
  54 -   0.86040 0.13385 0.00498 0.00077 ( 1)
  55 Q   0.00049 0.99686 0.00000 0.00264 ( 2)
  56 L   0.99894 0.00071 0.00035 0.00000 ( 1)
  57 P   0.98323 0.01657 0.00019 0.00001 ( 1)
  58 Q   0.99974 0.00017 0.00010 0.00000 ( 1)
  59 R   0.99798 0.00092 0.00109 0.00000 ( 1)
  60 Y   0.99979 0.00002 0.00019 0.00000 ( 1)
  61 R   0.99441 0.00551 0.00008 0.00000 ( 1)
  62 A   0.99176 0.00375 0.00448 0.00001 ( 1)
  63 R   0.99981 0.00001 0.00018 0.00000 ( 1)
  64 I   0.99943 0.00018 0.00039 0.00000 ( 1)
  65 R   0.99271 0.00686 0.00042 0.00001 ( 1)
  66 Y   0.99971 0.00008 0.00021 0.00000 ( 1)
  67 A   0.98224 0.01734 0.00038 0.00003 ( 1)
  68 S   0.99976 0.00002 0.00022 0.00000 ( 1)
  69 T   0.99950 0.00003 0.00047 0.00000 ( 1)
  70 T   0.99941 0.00002 0.00056 0.00000 ( 1)
  71 N   0.99756 0.00230 0.00014 0.00000 ( 1)
  72 L   0.93083 0.06883 0.00029 0.00005 ( 1)
  73 R   0.99931 0.00062 0.00007 0.00000 ( 1)
  74 I   0.93118 0.06814 0.00059 0.00009 ( 1)
  75 Y   0.94194 0.05727 0.00064 0.00014 ( 1)
  76 V   0.93984 0.05956 0.00048 0.00012 ( 1)
  77 T   0.83677 0.16218 0.00069 0.00036 ( 1)
  78 V   0.54477 0.45350 0.00050 0.00123 ( 1)
  79 A   0.99769 0.00080 0.00151 0.00000 ( 1)
  80 G   0.98520 0.01405 0.00074 0.00002 ( 1)
  81 E   0.01263 0.97712 0.00058 0.00967 ( 2)
  82 R   0.97163 0.02782 0.00054 0.00001 ( 1)
  83 I   0.99704 0.00243 0.00053 0.00001 ( 1)
  84 F   0.96503 0.03117 0.00376 0.00005 ( 1)
  85 A   0.97203 0.00403 0.02391 0.00003 ( 1)
  86 G   0.94207 0.05306 0.00440 0.00047 ( 1)
  87 Q   0.01760 0.97410 0.00066 0.00765 ( 2)
  88 F   0.98876 0.01066 0.00055 0.00003 ( 1)
  89 N   0.99671 0.00291 0.00038 0.00001 ( 1)
  90 K   0.99969 0.00001 0.00029 0.00000 ( 1)
  91 T   0.99944 0.00005 0.00051 0.00000 ( 1)
  92 M   0.99982 0.00012 0.00006 0.00000 ( 1)
  93 D   0.93848 0.06071 0.00066 0.00015 ( 1)
  94 T   0.93196 0.06760 0.00031 0.00013 ( 1)
  95 G   0.98434 0.01379 0.00184 0.00003 ( 1)
  96 D   0.16601 0.83091 0.00009 0.00299 ( 2)
  97 P   0.24678 0.70577 0.03216 0.01528 ( 2)
  98 L   0.99749 0.00228 0.00023 0.00000 ( 1)
  99 T   0.99907 0.00051 0.00041 0.00000 ( 1)
 100 F   0.98042 0.01248 0.00707 0.00003 ( 1)
 101 Q   0.49964 0.10601 0.39239 0.00196 ( 1)
 102 S   0.99222 0.00281 0.00496 0.00001 ( 1)
 103 F   0.99971 0.00008 0.00021 0.00000 ( 1)
 104 S   0.73305 0.26265 0.00358 0.00072 ( 1)
 105 Y   0.01583 0.97735 0.00045 0.00636 ( 2)
 106 A   0.99945 0.00027 0.00029 0.00000 ( 1)
 107 T   0.99934 0.00002 0.00064 0.00000 ( 1)
 108 I   0.99812 0.00136 0.00051 0.00000 ( 1)
 109 N   0.01428 0.98162 0.00127 0.00283 ( 2)
 110 T   0.99373 0.00526 0.00100 0.00002 ( 1)
 111 A   0.94267 0.05543 0.00174 0.00016 ( 1)
 112 F   0.99762 0.00184 0.00053 0.00000 ( 1)
 113 T   0.99595 0.00358 0.00046 0.00001 ( 1)
 114 F   0.99944 0.00018 0.00039 0.00000 ( 1)
 115 P   0.73536 0.26425 0.00018 0.00021 ( 1)
 116 M   0.00585 0.99069 0.00001 0.00346 ( 2)
 117 S   0.00034 0.97241 0.00010 0.02716 ( 2)
 118 Q   0.00000 0.99289 0.00000 0.00711 ( 2)
 119 S   0.99437 0.00465 0.00097 0.00001 ( 1)
 120 S   0.41979 0.57995 0.00016 0.00010 ( 2)
 121 F   0.24632 0.75281 0.00012 0.00076 ( 2)
 122 T   0.99904 0.00034 0.00062 0.00000 ( 1)
 123 V   0.99804 0.00146 0.00050 0.00000 ( 1)
 124 G   0.99978 0.00001 0.00022 0.00000 ( 1)
 125 A   0.99945 0.00018 0.00036 0.00000 ( 1)
 126 D   0.99966 0.00003 0.00031 0.00000 ( 1)
 127 T   0.36449 0.63283 0.00081 0.00186 ( 2)
 128 F   0.99964 0.00005 0.00031 0.00000 ( 1)
 129 S   0.04403 0.94864 0.00194 0.00539 ( 2)
 130 S   0.98224 0.01704 0.00069 0.00004 ( 1)
 131 G   0.92426 0.07143 0.00399 0.00032 ( 1)
 132 N   0.96705 0.02366 0.00921 0.00008 ( 1)
 133 E   0.99845 0.00128 0.00027 0.00000 ( 1)
 134 V   0.99935 0.00021 0.00045 0.00000 ( 1)
 135 Y   0.99979 0.00002 0.00019 0.00000 ( 1)
 136 I   0.92659 0.06808 0.00518 0.00014 ( 1)
 137 D   0.99969 0.00001 0.00030 0.00000 ( 1)
 138 R   0.99672 0.00243 0.00085 0.00000 ( 1)
 139 F   0.94402 0.05526 0.00060 0.00012 ( 1)
 140 E   0.99975 0.00001 0.00024 0.00000 ( 1)
 141 L   0.74737 0.24555 0.00573 0.00135 ( 1)
 142 I   0.99897 0.00042 0.00061 0.00000 ( 1)
 143 P   0.82521 0.16904 0.00477 0.00098 ( 1)


lnL = -2522.283128

Bayes Empirical Bayes (BEB) probabilities for 4 classes (class)
(amino acids refer to 1st sequence: BT_Cry1Fa1)

   1 -   0.91556 0.04689 0.03569 0.00186 ( 1)
   2 -   0.52313 0.43932 0.02026 0.01729 ( 1)
   3 -   0.77265 0.21584 0.00711 0.00440 ( 1)
   4 -   0.99511 0.00012 0.00477 0.00000 ( 1)
   5 R   0.96328 0.02185 0.01438 0.00049 ( 1)
   6 I   0.99342 0.00004 0.00653 0.00000 ( 1)
   7 T   0.99323 0.00036 0.00639 0.00001 ( 1)
   8 Q   0.98645 0.00039 0.01315 0.00001 ( 1)
   9 I   0.99230 0.00033 0.00736 0.00001 ( 1)
  10 P   0.99427 0.00010 0.00562 0.00000 ( 1)
  11 L   0.96131 0.02374 0.01396 0.00098 ( 1)
  12 V   0.99349 0.00006 0.00645 0.00000 ( 1)
  13 K   0.99100 0.00019 0.00880 0.00000 ( 1)
  14 A   0.99329 0.00069 0.00600 0.00001 ( 1)
  15 H   0.99441 0.00045 0.00514 0.00001 ( 1)
  16 T   0.99140 0.00117 0.00741 0.00002 ( 1)
  17 L   0.95897 0.03237 0.00812 0.00054 ( 1)
  18 Q   0.05769 0.88179 0.00812 0.05240 ( 2)
  19 S   0.99149 0.00094 0.00755 0.00001 ( 1)
  20 G   0.99510 0.00007 0.00483 0.00000 ( 1)
  21 T   0.98775 0.00104 0.01118 0.00003 ( 1)
  22 T   0.97765 0.00544 0.01674 0.00018 ( 1)
  23 V   0.99361 0.00011 0.00628 0.00000 ( 1)
  24 V   0.98930 0.00157 0.00909 0.00004 ( 1)
  25 R   0.05051 0.92583 0.00115 0.02251 ( 2)
  26 G   0.99544 0.00005 0.00452 0.00000 ( 1)
  27 P   0.99044 0.00458 0.00492 0.00006 ( 1)
  28 G   0.99292 0.00062 0.00645 0.00001 ( 1)
  29 F   0.99508 0.00002 0.00491 0.00000 ( 1)
  30 T   0.99301 0.00010 0.00689 0.00000 ( 1)
  31 G   0.99477 0.00002 0.00520 0.00000 ( 1)
  32 G   0.98758 0.00007 0.01235 0.00000 ( 1)
  33 D   0.99032 0.00021 0.00947 0.00000 ( 1)
  34 I   0.96907 0.01614 0.01436 0.00043 ( 1)
  35 L   0.99160 0.00320 0.00516 0.00005 ( 1)
  36 -   0.83264 0.12980 0.03241 0.00515 ( 1)
  37 R   0.20735 0.73722 0.02591 0.02952 ( 2)
  38 R   0.99477 0.00028 0.00494 0.00001 ( 1)
  39 T   0.96687 0.01808 0.01451 0.00054 ( 1)
  40 S   0.99122 0.00391 0.00477 0.00009 ( 1)
  41 G   0.83245 0.14629 0.01504 0.00621 ( 1)
  42 G   0.99423 0.00078 0.00498 0.00001 ( 1)
  43 P   0.77818 0.20111 0.01541 0.00531 ( 1)
  44 F   0.82840 0.04887 0.12101 0.00172 ( 1)
  45 A   0.99438 0.00011 0.00551 0.00000 ( 1)
  46 Y   0.13253 0.84749 0.00121 0.01876 ( 2)
  47 T   0.21245 0.72078 0.03598 0.03079 ( 2)
  48 I   0.21045 0.69417 0.06836 0.02703 ( 2)
  49 V   0.98749 0.00007 0.01244 0.00000 ( 1)
  50 N   0.76175 0.02527 0.21162 0.00136 ( 1)
  51 I   0.81767 0.14897 0.02903 0.00432 ( 1)
  52 N   0.91353 0.01140 0.07465 0.00043 ( 1)
  53 G   0.00069 0.98149 0.00001 0.01781 ( 2)
  54 -   0.85207 0.11037 0.03318 0.00438 ( 1)
  55 Q   0.00298 0.96938 0.00020 0.02744 ( 2)
  56 L   0.99070 0.00078 0.00851 0.00001 ( 1)
  57 P   0.98101 0.01109 0.00772 0.00018 ( 1)
  58 Q   0.99281 0.00019 0.00700 0.00000 ( 1)
  59 R   0.98650 0.00099 0.01248 0.00003 ( 1)
  60 Y   0.99450 0.00003 0.00547 0.00000 ( 1)
  61 R   0.99021 0.00445 0.00529 0.00005 ( 1)
  62 A   0.95658 0.00277 0.04058 0.00007 ( 1)
  63 R   0.99540 0.00001 0.00459 0.00000 ( 1)
  64 I   0.99330 0.00021 0.00649 0.00001 ( 1)
  65 R   0.98446 0.00670 0.00874 0.00010 ( 1)
  66 Y   0.99417 0.00010 0.00573 0.00000 ( 1)
  67 A   0.98123 0.01280 0.00570 0.00027 ( 1)
  68 S   0.99461 0.00003 0.00536 0.00000 ( 1)
  69 T   0.99362 0.00005 0.00633 0.00000 ( 1)
  70 T   0.99353 0.00004 0.00643 0.00000 ( 1)
  71 N   0.98881 0.00203 0.00913 0.00003 ( 1)
  72 L   0.95046 0.04105 0.00781 0.00067 ( 1)
  73 R   0.98851 0.00066 0.01082 0.00001 ( 1)
  74 I   0.95637 0.03369 0.00928 0.00065 ( 1)
  75 Y   0.95284 0.03836 0.00805 0.00075 ( 1)
  76 V   0.95842 0.03336 0.00744 0.00078 ( 1)
  77 T   0.89537 0.09190 0.01029 0.00245 ( 1)
  78 V   0.74982 0.23457 0.00882 0.00679 ( 1)
  79 A   0.99098 0.00075 0.00826 0.00002 ( 1)
  80 G   0.98314 0.00951 0.00720 0.00015 ( 1)
  81 E   0.05655 0.88233 0.01215 0.04897 ( 2)
  82 R   0.96844 0.01805 0.01311 0.00040 ( 1)
  83 I   0.99080 0.00211 0.00703 0.00006 ( 1)
  84 F   0.96156 0.01733 0.02070 0.00041 ( 1)
  85 A   0.85340 0.00291 0.14356 0.00013 ( 1)
  86 G   0.94831 0.03000 0.02051 0.00118 ( 1)
  87 Q   0.06498 0.88479 0.01038 0.03986 ( 2)
  88 F   0.98465 0.00695 0.00819 0.00021 ( 1)
  89 N   0.99226 0.00244 0.00526 0.00005 ( 1)
  90 K   0.99458 0.00002 0.00540 0.00000 ( 1)
  91 T   0.98739 0.00007 0.01254 0.00000 ( 1)
  92 M   0.99640 0.00010 0.00349 0.00000 ( 1)
  93 D   0.95949 0.03077 0.00897 0.00078 ( 1)
  94 T   0.95382 0.03975 0.00560 0.00083 ( 1)
  95 G   0.97777 0.00839 0.01363 0.00021 ( 1)
  96 D   0.34263 0.63769 0.00235 0.01733 ( 2)
  97 P   0.38484 0.43779 0.14118 0.03619 ( 2)
  98 L   0.99051 0.00198 0.00748 0.00003 ( 1)
  99 T   0.99277 0.00053 0.00668 0.00001 ( 1)
 100 F   0.93521 0.00833 0.05627 0.00020 ( 1)
 101 Q   0.34151 0.03410 0.62171 0.00268 ( 3)
 102 S   0.94565 0.00241 0.05185 0.00010 ( 1)
 103 F   0.99526 0.00009 0.00466 0.00000 ( 1)
 104 S   0.83449 0.12943 0.03238 0.00370 ( 1)
 105 Y   0.05419 0.90053 0.00781 0.03748 ( 2)
 106 A   0.99385 0.00028 0.00586 0.00001 ( 1)
 107 T   0.99340 0.00004 0.00656 0.00000 ( 1)
 108 I   0.99174 0.00124 0.00699 0.00003 ( 1)
 109 N   0.06523 0.87905 0.03080 0.02492 ( 2)
 110 T   0.98499 0.00405 0.01084 0.00011 ( 1)
 111 A   0.95421 0.02711 0.01792 0.00077 ( 1)
 112 F   0.98836 0.00143 0.01018 0.00003 ( 1)
 113 T   0.98921 0.00284 0.00787 0.00008 ( 1)
 114 F   0.99367 0.00022 0.00612 0.00000 ( 1)
 115 P   0.84284 0.14729 0.00723 0.00265 ( 1)
 116 M   0.02882 0.94420 0.00028 0.02670 ( 2)
 117 S   0.00221 0.90400 0.00150 0.09230 ( 2)
 118 Q   0.00002 0.94895 0.00001 0.05102 ( 2)
 119 S   0.98517 0.00310 0.01165 0.00008 ( 1)
 120 S   0.64225 0.34470 0.00749 0.00556 ( 1)
 121 F   0.43427 0.55236 0.00410 0.00927 ( 2)
 122 T   0.98751 0.00036 0.01212 0.00001 ( 1)
 123 V   0.99047 0.00119 0.00831 0.00003 ( 1)
 124 G   0.99557 0.00001 0.00442 0.00000 ( 1)
 125 A   0.99377 0.00020 0.00603 0.00000 ( 1)
 126 D   0.99516 0.00004 0.00480 0.00000 ( 1)
 127 T   0.55717 0.41621 0.01360 0.01303 ( 1)
 128 F   0.99443 0.00006 0.00551 0.00000 ( 1)
 129 S   0.14313 0.79329 0.03208 0.03150 ( 2)
 130 S   0.98006 0.01183 0.00788 0.00024 ( 1)
 131 G   0.94494 0.03424 0.01987 0.00095 ( 1)
 132 N   0.90819 0.01277 0.07866 0.00037 ( 1)
 133 E   0.99322 0.00103 0.00573 0.00002 ( 1)
 134 V   0.99324 0.00023 0.00652 0.00001 ( 1)
 135 Y   0.99450 0.00003 0.00547 0.00000 ( 1)
 136 I   0.90855 0.03939 0.05098 0.00108 ( 1)
 137 D   0.99525 0.00001 0.00473 0.00000 ( 1)
 138 R   0.98516 0.00182 0.01298 0.00003 ( 1)
 139 F   0.95823 0.03128 0.00979 0.00070 ( 1)
 140 E   0.99494 0.00001 0.00505 0.00000 ( 1)
 141 L   0.81886 0.12497 0.05132 0.00485 ( 1)
 142 I   0.99240 0.00053 0.00706 0.00001 ( 1)
 143 P   0.82371 0.13874 0.03205 0.00550 ( 1)

