Supplemental results for CODEML (seqf: algn  treef: tree)


dN/dS (w) for site classes (K=4)

site class             0        1       2a       2b
proportion       0.49381  0.38534  0.06788  0.05297
background w     0.16673  1.00000  0.16673  1.00000
foreground w     0.16673  1.00000  1.00000  1.00000

Naive Empirical Bayes (NEB) probabilities for 4 classes
(amino acids refer to 1st sequence: BT_Cry1Ba1)

   1 -   0.49381 0.38534 0.06788 0.05297 ( 1)
   2 -   0.49381 0.38534 0.06788 0.05297 ( 1)
   3 -   0.49381 0.38534 0.06788 0.05297 ( 1)
   4 -   0.49381 0.38534 0.06788 0.05297 ( 1)
   5 -   0.49381 0.38534 0.06788 0.05297 ( 1)
   6 -   0.79543 0.08372 0.10934 0.01151 ( 1)
   7 -   0.79747 0.08168 0.10962 0.01123 ( 1)
   8 -   0.40153 0.47762 0.05519 0.06565 ( 2)
   9 -   0.87710 0.00206 0.12056 0.00028 ( 1)
  10 R   0.93309 0.00820 0.05759 0.00113 ( 1)
  11 I   0.94348 0.00000 0.05652 0.00000 ( 1)
  12 T   0.94101 0.00000 0.05899 0.00000 ( 1)
  13 Q   0.92151 0.00121 0.07711 0.00017 ( 1)
  14 I   0.90173 0.02011 0.07540 0.00276 ( 1)
  15 P   0.93064 0.00001 0.06934 0.00000 ( 1)
  16 M   0.00013 0.87903 0.00001 0.12083 ( 2)
  17 V   0.93930 0.00126 0.05927 0.00017 ( 1)
  18 K   0.91401 0.00005 0.08594 0.00001 ( 1)
  19 A   0.93988 0.00057 0.05947 0.00008 ( 1)
  20 S   0.00025 0.87892 0.00002 0.12081 ( 2)
  21 E   0.00852 0.86861 0.00348 0.11940 ( 2)
  22 L   0.02466 0.84233 0.01722 0.11578 ( 2)
  23 P   0.00000 0.87915 0.00000 0.12085 ( 2)
  24 Q   0.00003 0.87910 0.00002 0.12084 ( 2)
  25 G   0.93942 0.00001 0.06057 0.00000 ( 1)
  26 T   0.14386 0.74464 0.00915 0.10236 ( 2)
  27 T   0.08226 0.80108 0.00655 0.11011 ( 2)
  28 V   0.36099 0.52835 0.03803 0.07263 ( 2)
  29 V   0.66311 0.00024 0.33662 0.00003 ( 1)
  30 R   0.08516 0.79800 0.00715 0.10969 ( 2)
  31 G   0.93717 0.00004 0.06279 0.00001 ( 1)
  32 P   0.93064 0.00002 0.06934 0.00000 ( 1)
  33 G   0.93451 0.00004 0.06544 0.00001 ( 1)
  34 F   0.94064 0.00000 0.05936 0.00000 ( 1)
  35 T   0.94109 0.00000 0.05890 0.00000 ( 1)
  36 G   0.93457 0.00000 0.06543 0.00000 ( 1)
  37 G   0.89942 0.00113 0.09929 0.00016 ( 1)
  38 D   0.72884 0.00004 0.27111 0.00001 ( 1)
  39 I   0.94146 0.00206 0.05619 0.00028 ( 1)
  40 L   0.89537 0.00518 0.09874 0.00071 ( 1)
  41 R   0.85975 0.04725 0.08650 0.00650 ( 1)
  42 R   0.94163 0.00022 0.05812 0.00003 ( 1)
  43 T   0.93398 0.00082 0.06508 0.00011 ( 1)
  44 N   0.00000 0.87915 0.00000 0.12085 ( 2)
  45 T   0.00001 0.87913 0.00001 0.12084 ( 2)
  46 -   0.62340 0.25575 0.08569 0.03515 ( 1)
  47 G   0.92231 0.00002 0.07767 0.00000 ( 1)
  48 G   0.00038 0.87880 0.00002 0.12080 ( 2)
  49 F   0.06658 0.81687 0.00427 0.11228 ( 2)
  50 G   0.92824 0.00596 0.06498 0.00082 ( 1)
  51 P   0.01389 0.86594 0.00115 0.11903 ( 2)
  52 I   0.68616 0.00029 0.31351 0.00004 ( 1)
  53 R   0.93921 0.00013 0.06065 0.00002 ( 1)
  54 V   0.93957 0.00100 0.05930 0.00014 ( 1)
  55 T   0.01354 0.86594 0.00149 0.11903 ( 2)
  56 V   0.87183 0.06532 0.05387 0.00898 ( 1)
  57 N   0.03862 0.84334 0.00212 0.11592 ( 2)
  58 G   0.00001 0.87914 0.00000 0.12084 ( 2)
  59 P   0.46531 0.43944 0.03485 0.06040 ( 1)
  60 L   0.90147 0.02161 0.07396 0.00297 ( 1)
  61 T   0.90463 0.03294 0.05790 0.00453 ( 1)
  62 Q   0.92268 0.00010 0.07721 0.00001 ( 1)
  63 R   0.23829 0.54958 0.13659 0.07554 ( 2)
  64 Y   0.93100 0.00001 0.06899 0.00000 ( 1)
  65 R   0.88480 0.01089 0.10281 0.00150 ( 1)
  66 I   0.65875 0.02979 0.30737 0.00409 ( 1)
  67 G   0.94182 0.00003 0.05815 0.00000 ( 1)
  68 F   0.00085 0.87800 0.00046 0.12069 ( 2)
  69 R   0.92650 0.00162 0.07166 0.00022 ( 1)
  70 Y   0.70462 0.00058 0.29472 0.00008 ( 1)
  71 A   0.92494 0.00000 0.07506 0.00000 ( 1)
  72 S   0.91436 0.00255 0.08274 0.00035 ( 1)
  73 T   0.93957 0.00002 0.06040 0.00000 ( 1)
  74 V   0.23665 0.08191 0.67017 0.01126 ( 3)
  75 D   0.74772 0.03196 0.21592 0.00439 ( 1)
  76 F   0.32675 0.56165 0.03439 0.07720 ( 2)
  77 D   0.00000 0.87915 0.00000 0.12085 ( 2)
  78 F   0.69573 0.21330 0.06165 0.02932 ( 1)
  79 F   0.00000 0.87915 0.00000 0.12085 ( 2)
  80 V   0.32569 0.57190 0.02379 0.07861 ( 2)
  81 S   0.00000 0.87915 0.00000 0.12085 ( 2)
  82 R   0.00388 0.87513 0.00070 0.12029 ( 2)
  83 G   0.03540 0.84590 0.00243 0.11627 ( 2)
  84 G   0.00058 0.87857 0.00008 0.12077 ( 2)
  85 T   0.00074 0.87731 0.00136 0.12059 ( 2)
  86 T   0.00161 0.87709 0.00074 0.12056 ( 2)
  87 -   0.62949 0.24967 0.08653 0.03432 ( 1)
  88 -   0.04129 0.83787 0.00568 0.11517 ( 2)
  89 V   0.45396 0.30187 0.20267 0.04149 ( 1)
  90 N   0.19392 0.34978 0.40822 0.04808 ( 3)
  91 N   0.00001 0.87914 0.00000 0.12084 ( 2)
  92 F   0.00545 0.87221 0.00245 0.11989 ( 2)
  93 R   0.00006 0.87903 0.00008 0.12083 ( 2)
  94 F   0.10613 0.73582 0.05691 0.10114 ( 2)
  95 L   0.00000 0.87915 0.00000 0.12085 ( 2)
  96 R   0.00927 0.87028 0.00082 0.11963 ( 2)
  97 T   0.94109 0.00000 0.05891 0.00000 ( 1)
  98 M   0.94085 0.00000 0.05915 0.00000 ( 1)
  99 N   0.02297 0.85711 0.00210 0.11782 ( 2)
 100 S   0.00361 0.87578 0.00022 0.12038 ( 2)
 101 G   0.91013 0.00774 0.08107 0.00106 ( 1)
 102 D   0.00001 0.87915 0.00000 0.12085 ( 2)
 103 E   0.64583 0.27621 0.03998 0.03797 ( 1)
 104 L   0.86699 0.04348 0.08356 0.00598 ( 1)
 105 K   0.01383 0.85776 0.01050 0.11791 ( 2)
 106 Y   0.85615 0.04041 0.09789 0.00555 ( 1)
 107 G   0.19072 0.70111 0.01180 0.09637 ( 2)
 108 N   0.09865 0.78298 0.01074 0.10763 ( 2)
 109 F   0.94054 0.00008 0.05937 0.00001 ( 1)
 110 V   0.00032 0.87871 0.00019 0.12078 ( 2)
 111 R   0.93794 0.00293 0.05873 0.00040 ( 1)
 112 R   0.00006 0.87910 0.00000 0.12084 ( 2)
 113 A   0.62763 0.27318 0.06164 0.03755 ( 1)
 114 F   0.93767 0.00277 0.05918 0.00038 ( 1)
 115 T   0.30715 0.59267 0.01871 0.08147 ( 2)
 116 T   0.93762 0.00462 0.05713 0.00064 ( 1)
 117 -   0.49381 0.38534 0.06788 0.05297 ( 1)
 118 -   0.49381 0.38534 0.06788 0.05297 ( 1)
 119 -   0.49381 0.38534 0.06788 0.05297 ( 1)
 120 -   0.49381 0.38534 0.06788 0.05297 ( 1)
 121 -   0.49381 0.38534 0.06788 0.05297 ( 1)
 122 -   0.49381 0.38534 0.06788 0.05297 ( 1)
 123 P   0.16139 0.72654 0.01220 0.09987 ( 2)
 124 F   0.94059 0.00005 0.05936 0.00001 ( 1)
 125 T   0.00005 0.87908 0.00003 0.12084 ( 2)
 126 F   0.87620 0.06018 0.05535 0.00827 ( 1)
 127 T   0.00112 0.87808 0.00009 0.12070 ( 2)
 128 Q   0.01478 0.86507 0.00124 0.11891 ( 2)
 129 I   0.00005 0.87909 0.00002 0.12084 ( 2)
 130 Q   0.28056 0.61186 0.02348 0.08410 ( 2)
 131 D   0.12511 0.75763 0.01312 0.10414 ( 2)
 132 I   0.00084 0.87820 0.00025 0.12071 ( 2)
 133 I   0.87203 0.04133 0.08096 0.00568 ( 1)
 134 R   0.58268 0.31972 0.05366 0.04395 ( 1)
 135 T   0.00046 0.87870 0.00005 0.12078 ( 2)
 136 S   0.00017 0.87897 0.00004 0.12082 ( 2)
 137 I   0.08382 0.79838 0.00806 0.10974 ( 2)
 138 Q   0.00000 0.87915 0.00000 0.12085 ( 2)
 139 G   0.00015 0.87882 0.00022 0.12080 ( 2)
 140 L   0.66886 0.02622 0.30131 0.00360 ( 1)
 141 S   0.59393 0.30885 0.05476 0.04245 ( 1)
 142 G   0.00016 0.87896 0.00006 0.12082 ( 2)
 143 N   0.74849 0.17832 0.04867 0.02451 ( 1)
 144 G   0.00002 0.87908 0.00007 0.12084 ( 2)
 145 E   0.93489 0.00627 0.05797 0.00086 ( 1)
 146 V   0.21748 0.01512 0.76532 0.00208 ( 3)
 147 Y   0.93091 0.00009 0.06898 0.00001 ( 1)
 148 I   0.19066 0.65093 0.06894 0.08948 ( 2)
 149 D   0.94598 0.00000 0.05401 0.00000 ( 1)
 150 K   0.94112 0.00070 0.05809 0.00010 ( 1)
 151 I   0.94303 0.00042 0.05649 0.00006 ( 1)
 152 E   0.94148 0.00000 0.05851 0.00000 ( 1)
 153 I   0.92398 0.00569 0.06955 0.00078 ( 1)
 154 I   0.60726 0.01774 0.37257 0.00244 ( 1)
 155 P   0.92053 0.00961 0.06854 0.00132 ( 1)


lnL = -5321.851076

