Supplemental results for CODEML (seqf: algn  treef: tree)


dN/dS (w) for site classes (K=4)

site class             0        1       2a       2b
proportion       0.49425  0.25439  0.16594  0.08541
background w     0.11749  1.00000  0.11749  1.00000
foreground w     0.11749  1.00000 31.10364 31.10364

Naive Empirical Bayes (NEB) probabilities for 4 classes
(amino acids refer to 1st sequence: BT_Cry21Aa1)

   1 -   0.53592 0.24322 0.14591 0.07494 ( 1)
   2 -   0.11698 0.43776 0.29180 0.15346 ( 2)
   3 -   0.17749 0.40937 0.27090 0.14224 ( 2)
   4 -   0.91171 0.01743 0.06524 0.00562 ( 1)
   5 -   0.93525 0.02233 0.03755 0.00486 ( 1)
   6 -   0.94001 0.01290 0.04305 0.00405 ( 1)
   7 -   0.58316 0.18422 0.16992 0.06269 ( 1)
   8 N   0.86236 0.00854 0.12647 0.00263 ( 1)
   9 M   0.17719 0.01511 0.80211 0.00559 ( 3)
  10 F   0.98125 0.00057 0.01803 0.00015 ( 1)
  11 V   0.55143 0.07361 0.35480 0.02016 ( 1)
  12 D   0.97438 0.00378 0.02126 0.00057 ( 1)
  13 F   0.97720 0.00044 0.02225 0.00011 ( 1)
  14 I   0.94162 0.00153 0.05639 0.00047 ( 1)
  15 F   0.00877 0.00162 0.98902 0.00059 ( 3)
  16 P   0.96980 0.00225 0.02784 0.00012 ( 1)
  17 K   0.86491 0.01092 0.12097 0.00320 ( 1)
  18 L   0.44765 0.00051 0.55169 0.00014 ( 3)
  19 F   0.97362 0.00013 0.02621 0.00004 ( 1)
  20 G   0.97979 0.00919 0.00958 0.00144 ( 1)
  21 R   0.00574 0.74290 0.00193 0.24943 ( 2)
  22 G   0.43590 0.31274 0.14635 0.10500 ( 1)
  23 S   0.72365 0.02499 0.24296 0.00839 ( 1)
  24 -   0.49600 0.25264 0.16653 0.08482 ( 1)
  25 Q   0.00531 0.61866 0.13693 0.23910 ( 2)
  26 Q   0.32346 0.38626 0.14692 0.14336 ( 2)
  27 N   0.61735 0.03891 0.33060 0.01314 ( 1)
  28 A   0.00045 0.72002 0.00157 0.27795 ( 2)
  29 Q   0.33879 0.06911 0.56526 0.02684 ( 3)
  30 A   0.23466 0.52229 0.07341 0.16964 ( 2)
  31 Q   0.68153 0.15629 0.11162 0.05055 ( 1)
  32 F   0.94361 0.00145 0.05449 0.00045 ( 1)
  33 F   0.98680 0.00083 0.01228 0.00008 ( 1)
  34 E   0.95894 0.00895 0.02976 0.00236 ( 1)
  35 L   0.18151 0.19321 0.56559 0.05969 ( 3)
  36 I   0.94617 0.00014 0.05364 0.00004 ( 1)
  37 I   0.84360 0.06089 0.07700 0.01851 ( 1)
  38 E   0.81265 0.01051 0.17355 0.00330 ( 1)
  39 K   0.85483 0.00260 0.14183 0.00074 ( 1)
  40 V   0.85159 0.00083 0.14733 0.00026 ( 1)
  41 K   0.94983 0.00056 0.04946 0.00015 ( 1)
  42 E   0.37245 0.17530 0.38339 0.06886 ( 3)
  43 L   0.93378 0.00334 0.06207 0.00080 ( 1)
  44 V   0.86602 0.00379 0.12900 0.00119 ( 1)
  45 D   0.39960 0.00273 0.59679 0.00089 ( 3)
  46 E   0.74125 0.14721 0.08266 0.02888 ( 1)
  47 D   0.09516 0.61348 0.06098 0.23038 ( 2)
  48 F   0.97566 0.00010 0.02421 0.00002 ( 1)
  49 R   0.06190 0.70833 0.01867 0.21110 ( 2)
  50 N   0.07804 0.70489 0.02859 0.18848 ( 2)
  51 F   0.79156 0.11943 0.05183 0.03717 ( 1)
  52 T   0.76856 0.04161 0.17595 0.01388 ( 1)
  53 L   0.14169 0.57384 0.10036 0.18411 ( 2)
  54 N   0.93618 0.00606 0.05595 0.00181 ( 1)
  55 N   0.00292 0.74442 0.00269 0.24998 ( 2)
  56 L   0.97800 0.00025 0.02170 0.00005 ( 1)
  57 L   0.51603 0.26286 0.12002 0.10109 ( 1)
  58 N   0.08300 0.63859 0.07248 0.20594 ( 2)
  59 Y   0.14065 0.64216 0.01876 0.19844 ( 2)
  60 L   0.01340 0.66882 0.06941 0.24837 ( 2)
  61 D   0.87880 0.05314 0.05262 0.01544 ( 1)
  62 G   0.99288 0.00002 0.00709 0.00000 ( 1)
  63 M   0.77074 0.00872 0.21781 0.00273 ( 1)
  64 Q   0.00034 0.67140 0.03813 0.29012 ( 2)
  65 T   0.22986 0.56383 0.01919 0.18712 ( 2)
  66 A   0.00166 0.75122 0.00057 0.24655 ( 2)
  67 L   0.08553 0.62724 0.10306 0.18417 ( 2)
  68 S   0.27169 0.55979 0.00991 0.15861 ( 2)
  69 H   0.13770 0.51378 0.18011 0.16841 ( 2)
  70 F   0.91515 0.00220 0.08202 0.00063 ( 1)
  71 Q   0.20110 0.23444 0.48744 0.07702 ( 3)
  72 N   0.00756 0.77534 0.00219 0.21491 ( 2)
  73 D   0.00402 0.74689 0.00675 0.24234 ( 2)
  74 V   0.87455 0.00131 0.12380 0.00035 ( 1)
  75 Q   0.39123 0.21104 0.32356 0.07417 ( 1)
  76 I   0.25714 0.53306 0.04417 0.16563 ( 2)
  77 A   0.00675 0.05663 0.87745 0.05917 ( 3)
  78 I   0.83088 0.02113 0.14096 0.00703 ( 1)
  79 C   0.57884 0.16980 0.19435 0.05701 ( 1)
  80 Q   0.13567 0.61297 0.04555 0.20581 ( 2)
  81 G   0.74560 0.00305 0.25033 0.00102 ( 1)
  82 E   0.73660 0.01204 0.24731 0.00404 ( 1)
  83 Q   0.66649 0.08215 0.22377 0.02758 ( 1)
  84 P   0.55974 0.18891 0.18793 0.06343 ( 1)
  85 G   0.55610 0.19254 0.18671 0.06465 ( 1)
  86 L   0.58194 0.16671 0.19539 0.05597 ( 1)
  87 M   0.21777 0.53087 0.07312 0.17824 ( 2)
  88 L   0.72553 0.02312 0.24359 0.00776 ( 1)
  89 D   0.71784 0.03081 0.24101 0.01034 ( 1)
  90 Q   0.02595 0.72269 0.00871 0.24264 ( 2)
  91 T   0.55969 0.18895 0.18792 0.06344 ( 1)
  92 P   0.14326 0.60539 0.04810 0.20326 ( 2)
  93 T   0.11261 0.63603 0.03781 0.21355 ( 2)
  94 A   0.71641 0.03223 0.24053 0.01082 ( 1)
  95 C   0.00453 0.65081 0.01781 0.32686 ( 2)
  96 T   0.28231 0.02990 0.67746 0.01034 ( 3)
  97 P   0.98220 0.00008 0.01769 0.00002 ( 1)
  98 T   0.92496 0.00561 0.06774 0.00169 ( 1)
  99 T   0.00171 0.74211 0.00019 0.25600 ( 2)
 100 D   0.00129 0.78809 0.00297 0.20766 ( 2)
 101 H   0.08944 0.70590 0.00372 0.20094 ( 2)
 102 L   0.73310 0.01304 0.24937 0.00450 ( 1)
 103 I   0.00020 0.70166 0.00629 0.29186 ( 2)
 104 S   0.05359 0.71047 0.01130 0.22464 ( 2)
 105 V   0.76208 0.00520 0.23125 0.00147 ( 1)
 106 R   0.00305 0.75490 0.00203 0.24003 ( 2)
 107 E   0.02779 0.67716 0.04089 0.25415 ( 2)
 108 S   0.03264 0.71211 0.00853 0.24672 ( 2)
 109 F   0.97092 0.00309 0.02513 0.00085 ( 1)
 110 K   0.59731 0.22851 0.10236 0.07182 ( 1)
 111 D   0.00059 0.69169 0.00293 0.30479 ( 2)
 112 A   0.15603 0.57487 0.06942 0.19969 ( 2)
 113 R   0.56506 0.31887 0.07908 0.03699 ( 1)
 114 T   0.87171 0.03570 0.08151 0.01108 ( 1)
 115 T   0.22525 0.52407 0.06169 0.18899 ( 2)
 116 I   0.86748 0.04127 0.07780 0.01345 ( 1)
 117 E   0.60013 0.28355 0.04392 0.07240 ( 1)
 118 T   0.08354 0.49171 0.28012 0.14464 ( 2)
 119 A   0.00764 0.71529 0.00469 0.27237 ( 2)
 120 L   0.75566 0.05773 0.17062 0.01599 ( 1)
 121 P   0.98431 0.00184 0.01333 0.00052 ( 1)
 122 H   0.94808 0.01071 0.03834 0.00287 ( 1)
 123 F   0.98367 0.00000 0.01632 0.00000 ( 1)
 124 K   0.15725 0.45450 0.21849 0.16976 ( 2)
 125 N   0.30180 0.49743 0.04396 0.15681 ( 2)
 126 P   0.58658 0.31732 0.01306 0.08304 ( 1)
 127 M   0.52430 0.31371 0.05859 0.10339 ( 1)
 128 L   0.49425 0.25439 0.16594 0.08541 ( 1)
 129 S   0.49425 0.25439 0.16594 0.08541 ( 1)
 130 T   0.57765 0.17099 0.19395 0.05741 ( 1)
 131 N   0.61118 0.13746 0.20520 0.04615 ( 1)
 132 D   0.24812 0.50053 0.08331 0.16805 ( 2)
 133 N   0.20888 0.53977 0.07013 0.18123 ( 2)
 134 T   0.55572 0.19293 0.18658 0.06477 ( 1)
 135 P   0.67465 0.07399 0.22651 0.02484 ( 1)
 136 D   0.15033 0.59831 0.05047 0.20088 ( 2)
 137 F   0.69889 0.04976 0.23465 0.01671 ( 1)
 138 N   0.61118 0.13746 0.20520 0.04615 ( 1)
 139 S   0.37290 0.37575 0.12520 0.12616 ( 2)
 140 D   0.73732 0.01133 0.24755 0.00380 ( 1)
 141 T   0.50880 0.29955 0.09792 0.09373 ( 1)
 142 V   0.68887 0.15075 0.11241 0.04797 ( 1)
 143 L   0.64928 0.10425 0.21811 0.02836 ( 1)
 144 L   0.79534 0.06494 0.11825 0.02147 ( 1)
 145 T   0.02340 0.65394 0.08067 0.24199 ( 2)
 146 L   0.67106 0.08723 0.21767 0.02404 ( 1)
 147 P   0.98443 0.00000 0.01557 0.00000 ( 1)
 148 M   0.24093 0.56002 0.03477 0.16428 ( 2)
 149 Y   0.00505 0.00024 0.99460 0.00011 ( 3)
 150 T   0.06813 0.66439 0.05530 0.21218 ( 2)
 151 T   0.01651 0.51140 0.30204 0.17005 ( 2)
 152 G   0.15310 0.26277 0.47083 0.11330 ( 3)
 153 A   0.45334 0.03909 0.49538 0.01219 ( 3)
 154 T   0.94291 0.00030 0.05669 0.00010 ( 1)
 155 L   0.97083 0.00007 0.02908 0.00001 ( 1)
 156 N   0.48138 0.15839 0.30897 0.05126 ( 1)
 157 L   0.92056 0.00012 0.07928 0.00004 ( 1)
 158 I   0.42706 0.10079 0.44166 0.03048 ( 3)
 159 L   0.43079 0.34752 0.12926 0.09243 ( 1)
 160 H   0.45590 0.04246 0.48349 0.01815 ( 3)
 161 Q   0.99070 0.00186 0.00718 0.00027 ( 1)
 162 G   0.91912 0.02350 0.04987 0.00751 ( 1)
 163 Y   0.17343 0.01403 0.80685 0.00568 ( 3)
 164 I   0.95584 0.00019 0.04390 0.00006 ( 1)
 165 Q   0.61376 0.31781 0.01406 0.05437 ( 1)
 166 F   0.04343 0.44377 0.36344 0.14936 ( 2)
 167 A   0.93443 0.04570 0.01835 0.00152 ( 1)
 168 E   0.90386 0.05196 0.03008 0.01410 ( 1)
 169 R   0.92752 0.00113 0.07104 0.00031 ( 1)
 170 W   0.97920 0.00309 0.01765 0.00006 ( 1)
 171 K   0.13346 0.30691 0.45030 0.10933 ( 3)
 172 S   0.66906 0.17630 0.10682 0.04782 ( 1)
 173 V   0.09381 0.21131 0.63338 0.06151 ( 3)
 174 -   0.49425 0.25439 0.16594 0.08541 ( 1)
 175 -   0.49425 0.25439 0.16594 0.08541 ( 1)
 176 -   0.47518 0.27346 0.15954 0.09181 ( 1)
 177 -   0.24362 0.50502 0.08180 0.16956 ( 2)
 178 -   0.29338 0.45526 0.09850 0.15285 ( 2)
 179 -   0.06227 0.68637 0.02091 0.23045 ( 2)
 180 -   0.37742 0.37122 0.12672 0.12464 ( 1)
 181 -   0.41188 0.33677 0.13829 0.11307 ( 1)
 182 -   0.14182 0.60683 0.04762 0.20374 ( 2)
 183 N   0.35388 0.39476 0.11882 0.13254 ( 2)
 184 Y   0.01480 0.73385 0.00497 0.24639 ( 2)
 185 D   0.19171 0.55694 0.06437 0.18699 ( 2)
 186 E   0.18584 0.51673 0.12538 0.17205 ( 2)
 187 S   0.00049 0.68465 0.03249 0.28237 ( 2)
 188 F   0.35120 0.28044 0.27669 0.09167 ( 1)
 189 I   0.05576 0.16482 0.72170 0.05772 ( 3)
 190 N   0.70316 0.01191 0.28116 0.00377 ( 1)
 191 Q   0.01021 0.71914 0.01501 0.25564 ( 2)
 192 T   0.06061 0.18655 0.68452 0.06832 ( 3)
 193 K   0.02941 0.01138 0.95528 0.00392 ( 3)
 194 V   0.03094 0.71648 0.01319 0.23939 ( 2)
 195 D   0.96634 0.00298 0.02983 0.00086 ( 1)
 196 L   0.93689 0.00255 0.06010 0.00046 ( 1)
 197 Q   0.59199 0.12738 0.24254 0.03808 ( 1)
 198 R   0.54895 0.27369 0.08808 0.08928 ( 1)
 199 R   0.04589 0.69964 0.00401 0.25047 ( 2)
 200 I   0.95142 0.00149 0.04664 0.00046 ( 1)
 201 Q   0.22764 0.40799 0.23451 0.12986 ( 2)
 202 D   0.10996 0.68510 0.00777 0.19717 ( 2)
 203 Y   0.00685 0.03485 0.94299 0.01531 ( 3)
 204 S   0.79618 0.00144 0.20193 0.00045 ( 1)
 205 T   0.87490 0.00644 0.11664 0.00202 ( 1)
 206 T   0.01223 0.35072 0.48606 0.15100 ( 3)
 207 V   0.95891 0.00025 0.04076 0.00008 ( 1)
 208 S   0.69236 0.18269 0.06893 0.05602 ( 1)
 209 T   0.28127 0.34892 0.25592 0.11389 ( 2)
 210 T   0.49822 0.24448 0.17751 0.07979 ( 1)
 211 F   0.98358 0.00004 0.01636 0.00001 ( 1)
 212 E   0.87327 0.04411 0.07156 0.01106 ( 1)
 213 K   0.84179 0.09981 0.03045 0.02795 ( 1)
 214 -   0.96732 0.00537 0.02628 0.00103 ( 1)
 215 -   0.88711 0.04304 0.05610 0.01375 ( 1)
 216 -   0.49425 0.25439 0.16594 0.08541 ( 1)
 217 -   0.49425 0.25439 0.16594 0.08541 ( 1)
 218 -   0.49425 0.25439 0.16594 0.08541 ( 1)
 219 F   0.13960 0.67183 0.00802 0.18055 ( 2)
 220 K   0.00523 0.77430 0.00443 0.21605 ( 2)
 221 P   0.32900 0.00312 0.66671 0.00116 ( 3)
 222 T   0.86528 0.03695 0.08666 0.01111 ( 1)
 223 L   0.01243 0.72448 0.01517 0.24793 ( 2)
 224 N   0.00313 0.72940 0.01033 0.25713 ( 2)
 225 P   0.17554 0.42348 0.26821 0.13278 ( 2)
 226 S   0.13313 0.65657 0.00727 0.20304 ( 2)
 227 N   0.74823 0.11321 0.09991 0.03865 ( 1)
 228 K   0.10618 0.26441 0.53586 0.09355 ( 3)
 229 E   0.00129 0.73915 0.00062 0.25893 ( 2)
 230 S   0.00908 0.70419 0.05062 0.23611 ( 2)
 231 V   0.04823 0.03956 0.88412 0.02809 ( 3)
 232 N   0.80618 0.10759 0.05324 0.03299 ( 1)
 233 K   0.32768 0.20228 0.40346 0.06659 ( 3)
 234 Y   0.56190 0.00220 0.43524 0.00066 ( 1)
 235 N   0.55036 0.11658 0.29754 0.03552 ( 1)
 236 R   0.08495 0.69897 0.01780 0.19828 ( 2)
 237 Y   0.98045 0.00001 0.01954 0.00000 ( 1)
 238 V   0.85633 0.05917 0.06601 0.01849 ( 1)
 239 R   0.02374 0.00528 0.96627 0.00471 ( 3)
 240 S   0.09000 0.58810 0.10345 0.21845 ( 2)
 241 M   0.00089 0.00000 0.99911 0.00000 ( 3)
 242 T   0.96587 0.00006 0.03405 0.00002 ( 1)
 243 L   0.69849 0.06358 0.21524 0.02268 ( 1)
 244 Q   0.00108 0.72382 0.01325 0.26185 ( 2)
 245 S   0.61392 0.00002 0.38605 0.00000 ( 1)
 246 L   0.98126 0.00002 0.01872 0.00000 ( 1)
 247 D   0.97496 0.00002 0.02502 0.00001 ( 1)
 248 I   0.76883 0.00741 0.22150 0.00227 ( 1)
 249 A   0.85058 0.00095 0.14818 0.00029 ( 1)
 250 A   0.97059 0.00017 0.02920 0.00004 ( 1)
 251 T   0.95052 0.00863 0.03842 0.00243 ( 1)
 252 W   0.96649 0.01494 0.01825 0.00032 ( 1)
 253 P   0.98975 0.00001 0.01023 0.00000 ( 1)
 254 T   0.96627 0.00040 0.03321 0.00012 ( 1)


lnL = -4669.576844

Bayes Empirical Bayes (BEB) probabilities for 4 classes (class)
(amino acids refer to 1st sequence: BT_Cry21Aa1)

   1 -   0.56631 0.18243 0.18848 0.06277 ( 1)
   2 -   0.19088 0.36891 0.30472 0.13550 ( 2)
   3 -   0.25793 0.33034 0.29106 0.12067 ( 2)
   4 -   0.84567 0.01674 0.13169 0.00590 ( 1)
   5 -   0.91956 0.01548 0.06110 0.00385 ( 1)
   6 -   0.90963 0.01429 0.07107 0.00501 ( 1)
   7 -   0.63736 0.12799 0.18831 0.04634 ( 1)
   8 N   0.84417 0.00835 0.14461 0.00287 ( 1)
   9 M   0.25094 0.01306 0.73120 0.00479 ( 3)
  10 F   0.96520 0.00075 0.03381 0.00023 ( 1)
  11 V   0.57223 0.04890 0.36366 0.01521 ( 1)
  12 D   0.92758 0.00319 0.06852 0.00072 ( 1)
  13 F   0.95896 0.00055 0.04033 0.00016 ( 1)
  14 I   0.91482 0.00198 0.08251 0.00069 ( 1)
  15 F   0.02289 0.00296 0.97292 0.00123 ( 3)
  16 P   0.87095 0.00170 0.12704 0.00031 ( 1)
  17 K   0.83997 0.00724 0.15040 0.00239 ( 1)
  18 L   0.42497 0.00050 0.57438 0.00016 ( 3)
  19 F   0.95443 0.00018 0.04533 0.00006 ( 1)
  20 G   0.95947 0.00544 0.03399 0.00110 ( 1)
  21 R   0.02146 0.71005 0.00806 0.26043 ( 2)
  22 G   0.50100 0.23051 0.18519 0.08330 ( 1)
  23 S   0.70956 0.02196 0.26060 0.00789 ( 1)
  24 -   0.52470 0.20681 0.19381 0.07468 ( 1)
  25 Q   0.02145 0.54822 0.21257 0.21776 ( 2)
  26 Q   0.49002 0.23410 0.18654 0.08934 ( 1)
  27 N   0.65353 0.02586 0.31144 0.00917 ( 1)
  28 A   0.00286 0.70542 0.00598 0.28574 ( 2)
  29 Q   0.43124 0.04813 0.50208 0.01855 ( 3)
  30 A   0.39381 0.36117 0.11698 0.12804 ( 1)
  31 Q   0.71869 0.09211 0.15675 0.03245 ( 1)
  32 F   0.91452 0.00207 0.08268 0.00073 ( 1)
  33 F   0.92396 0.00078 0.07512 0.00014 ( 1)
  34 E   0.93767 0.00721 0.05291 0.00220 ( 1)
  35 L   0.26556 0.11347 0.58330 0.03767 ( 3)
  36 I   0.92038 0.00021 0.07934 0.00007 ( 1)
  37 I   0.83566 0.04012 0.11051 0.01371 ( 1)
  38 E   0.76200 0.00749 0.22787 0.00265 ( 1)
  39 K   0.82672 0.00213 0.17046 0.00069 ( 1)
  40 V   0.82564 0.00114 0.17282 0.00040 ( 1)
  41 K   0.91937 0.00058 0.07986 0.00018 ( 1)
  42 E   0.49702 0.11851 0.33962 0.04484 ( 1)
  43 L   0.86667 0.00256 0.13004 0.00074 ( 1)
  44 V   0.84288 0.00369 0.15215 0.00128 ( 1)
  45 D   0.50737 0.00314 0.48843 0.00106 ( 1)
  46 E   0.77424 0.07329 0.13418 0.01829 ( 1)
  47 D   0.22541 0.48621 0.10521 0.18317 ( 2)
  48 F   0.94424 0.00012 0.05561 0.00003 ( 1)
  49 R   0.15746 0.57831 0.06529 0.19894 ( 2)
  50 N   0.19878 0.55133 0.07772 0.17217 ( 2)
  51 F   0.81027 0.07937 0.08264 0.02773 ( 1)
  52 T   0.75698 0.02438 0.20983 0.00880 ( 1)
  53 L   0.25487 0.45079 0.13608 0.15826 ( 2)
  54 N   0.90797 0.00576 0.08432 0.00195 ( 1)
  55 N   0.01271 0.71113 0.01162 0.26454 ( 2)
  56 L   0.94880 0.00028 0.05084 0.00007 ( 1)
  57 L   0.56642 0.18090 0.18053 0.07214 ( 1)
  58 N   0.19329 0.47166 0.16742 0.16764 ( 2)
  59 Y   0.28780 0.49610 0.04922 0.16688 ( 2)
  60 L   0.04227 0.58179 0.14729 0.22865 ( 2)
  61 D   0.87082 0.03867 0.07764 0.01287 ( 1)
  62 G   0.98166 0.00002 0.01831 0.00000 ( 1)
  63 M   0.77718 0.00553 0.21547 0.00183 ( 1)
  64 Q   0.00213 0.65157 0.06176 0.28455 ( 2)
  65 T   0.35675 0.43859 0.04687 0.15780 ( 2)
  66 A   0.00758 0.72838 0.00274 0.26129 ( 2)
  67 L   0.19311 0.45376 0.20460 0.14853 ( 2)
  68 S   0.42654 0.41115 0.02761 0.13470 ( 1)
  69 H   0.23061 0.35565 0.28520 0.12853 ( 2)
  70 F   0.88457 0.00216 0.11259 0.00068 ( 1)
  71 Q   0.31025 0.13718 0.50583 0.04673 ( 3)
  72 N   0.03225 0.72414 0.01036 0.23324 ( 2)
  73 D   0.01904 0.70404 0.02349 0.25343 ( 2)
  74 V   0.85341 0.00121 0.14499 0.00038 ( 1)
  75 Q   0.47897 0.12336 0.35281 0.04486 ( 1)
  76 I   0.42319 0.36035 0.09026 0.12621 ( 1)
  77 A   0.02704 0.09322 0.81454 0.06521 ( 3)
  78 I   0.79639 0.01526 0.18282 0.00553 ( 1)
  79 C   0.60418 0.12733 0.22261 0.04588 ( 1)
  80 Q   0.19718 0.53433 0.07361 0.19487 ( 2)
  81 G   0.72820 0.00331 0.26730 0.00119 ( 1)
  82 E   0.72081 0.01071 0.26464 0.00385 ( 1)
  83 Q   0.67563 0.05589 0.24839 0.02010 ( 1)
  84 P   0.57774 0.15377 0.21304 0.05545 ( 1)
  85 G   0.57477 0.15674 0.21197 0.05652 ( 1)
  86 L   0.59585 0.13566 0.21960 0.04889 ( 1)
  87 M   0.29406 0.43746 0.10943 0.15906 ( 2)
  88 L   0.71015 0.02136 0.26081 0.00767 ( 1)
  89 D   0.70209 0.02942 0.25791 0.01057 ( 1)
  90 Q   0.06530 0.66621 0.02449 0.24400 ( 2)
  91 T   0.58895 0.14256 0.21710 0.05139 ( 1)
  92 P   0.23569 0.49582 0.08788 0.18061 ( 2)
  93 T   0.18846 0.54306 0.07038 0.19811 ( 2)
  94 A   0.70506 0.02646 0.25898 0.00951 ( 1)
  95 C   0.02033 0.63139 0.05294 0.29534 ( 2)
  96 T   0.34645 0.02324 0.62214 0.00818 ( 3)
  97 P   0.96502 0.00009 0.03488 0.00002 ( 1)
  98 T   0.90025 0.00494 0.09312 0.00169 ( 1)
  99 T   0.00692 0.72099 0.00101 0.27108 ( 2)
 100 D   0.00707 0.75356 0.00967 0.22970 ( 2)
 101 H   0.22399 0.57357 0.01502 0.18741 ( 2)
 102 L   0.74905 0.01154 0.23533 0.00408 ( 1)
 103 I   0.00145 0.69023 0.01632 0.29200 ( 2)
 104 S   0.13968 0.60712 0.03727 0.21593 ( 2)
 105 V   0.75521 0.00423 0.23923 0.00134 ( 1)
 106 R   0.01361 0.72524 0.00814 0.25300 ( 2)
 107 E   0.08276 0.59895 0.08684 0.23146 ( 2)
 108 S   0.10871 0.62932 0.03314 0.22883 ( 2)
 109 F   0.95126 0.00274 0.04512 0.00088 ( 1)
 110 K   0.66146 0.13306 0.15918 0.04630 ( 1)
 111 D   0.00337 0.69116 0.00657 0.29889 ( 2)
 112 A   0.30312 0.41143 0.13324 0.15221 ( 2)
 113 R   0.68161 0.17143 0.11499 0.03197 ( 1)
 114 T   0.84825 0.02561 0.11721 0.00894 ( 1)
 115 T   0.38421 0.35760 0.12187 0.13631 ( 1)
 116 I   0.85574 0.03249 0.10030 0.01147 ( 1)
 117 E   0.73262 0.13727 0.08940 0.04071 ( 1)
 118 T   0.15932 0.35087 0.37343 0.11639 ( 3)
 119 A   0.01998 0.68916 0.01442 0.27645 ( 2)
 120 L   0.72679 0.03356 0.22872 0.01093 ( 1)
 121 P   0.97005 0.00151 0.02797 0.00047 ( 1)
 122 H   0.92857 0.00632 0.06318 0.00193 ( 1)
 123 F   0.96939 0.00001 0.03059 0.00000 ( 1)
 124 K   0.25437 0.32224 0.29820 0.12519 ( 2)
 125 N   0.45992 0.33306 0.09064 0.11637 ( 1)
 126 P   0.71056 0.20087 0.02808 0.06049 ( 1)
 127 M   0.62118 0.20069 0.10571 0.07242 ( 1)
 128 L   0.52322 0.20829 0.19327 0.07522 ( 1)
 129 S   0.52322 0.20829 0.19327 0.07522 ( 1)
 130 T   0.59231 0.13921 0.21831 0.05018 ( 1)
 131 N   0.61927 0.11225 0.22806 0.04043 ( 1)
 132 D   0.32591 0.40560 0.12116 0.14733 ( 2)
 133 N   0.28427 0.44724 0.10582 0.16266 ( 2)
 134 T   0.57433 0.15718 0.21181 0.05668 ( 1)
 135 P   0.66803 0.06349 0.24565 0.02284 ( 1)
 136 D   0.23936 0.49215 0.08924 0.17925 ( 2)
 137 F   0.67773 0.05379 0.24915 0.01934 ( 1)
 138 N   0.61927 0.11225 0.22806 0.04043 ( 1)
 139 S   0.45721 0.27431 0.16924 0.09925 ( 1)
 140 D   0.71787 0.01364 0.26359 0.00490 ( 1)
 141 T   0.62174 0.16914 0.15030 0.05882 ( 1)
 142 V   0.73798 0.09245 0.13743 0.03214 ( 1)
 143 L   0.63794 0.05517 0.28930 0.01759 ( 1)
 144 L   0.80343 0.04524 0.13556 0.01576 ( 1)
 145 T   0.05732 0.57187 0.14186 0.22895 ( 2)
 146 L   0.64459 0.05502 0.28281 0.01757 ( 1)
 147 P   0.97382 0.00000 0.02618 0.00000 ( 1)
 148 M   0.42981 0.37099 0.07767 0.12153 ( 1)
 149 Y   0.02757 0.00101 0.97103 0.00040 ( 3)
 150 T   0.17004 0.51458 0.13083 0.18454 ( 2)
 151 T   0.05210 0.40241 0.40217 0.14332 ( 2)
 152 G   0.26770 0.20051 0.44827 0.08352 ( 3)
 153 A   0.50421 0.02849 0.45801 0.00929 ( 1)
 154 T   0.93102 0.00041 0.06843 0.00014 ( 1)
 155 L   0.93931 0.00008 0.06060 0.00002 ( 1)
 156 N   0.58791 0.08244 0.30123 0.02841 ( 1)
 157 L   0.89914 0.00019 0.10062 0.00006 ( 1)
 158 I   0.39753 0.04766 0.53939 0.01542 ( 3)
 159 L   0.53801 0.18440 0.21928 0.05831 ( 1)
 160 H   0.55029 0.03835 0.39555 0.01581 ( 1)
 161 Q   0.93088 0.00140 0.06741 0.00031 ( 1)
 162 G   0.88915 0.02001 0.08391 0.00693 ( 1)
 163 Y   0.29821 0.01629 0.67928 0.00622 ( 3)
 164 I   0.93519 0.00037 0.06431 0.00013 ( 1)
 165 Q   0.77378 0.15260 0.03840 0.03523 ( 1)
 166 F   0.08813 0.29716 0.50730 0.10741 ( 3)
 167 A   0.84951 0.02415 0.12224 0.00409 ( 1)
 168 E   0.90176 0.03241 0.05564 0.01019 ( 1)
 169 R   0.89250 0.00118 0.10596 0.00037 ( 1)
 170 W   0.86126 0.00257 0.13574 0.00043 ( 1)
 171 K   0.22908 0.20344 0.49323 0.07424 ( 3)
 172 S   0.73481 0.10548 0.12832 0.03139 ( 1)
 173 V   0.15504 0.13775 0.66190 0.04531 ( 3)
 174 -   0.52322 0.20829 0.19327 0.07522 ( 1)
 175 -   0.52322 0.20829 0.19327 0.07522 ( 1)
 176 -   0.51779 0.21373 0.19129 0.07719 ( 1)
 177 -   0.33761 0.39391 0.12546 0.14303 ( 2)
 178 -   0.40526 0.32626 0.15026 0.11823 ( 1)
 179 -   0.12199 0.60952 0.04566 0.22283 ( 2)
 180 -   0.46954 0.26198 0.17373 0.09475 ( 1)
 181 -   0.48716 0.24435 0.18015 0.08833 ( 1)
 182 -   0.25859 0.47292 0.09634 0.17214 ( 2)
 183 N   0.42436 0.30716 0.15725 0.11124 ( 1)
 184 Y   0.04932 0.68220 0.01850 0.24999 ( 2)
 185 D   0.33233 0.39918 0.12352 0.14497 ( 2)
 186 E   0.32385 0.35027 0.20171 0.12417 ( 2)
 187 S   0.00261 0.66388 0.05290 0.28061 ( 2)
 188 F   0.44405 0.16401 0.33397 0.05797 ( 1)
 189 I   0.10541 0.14241 0.70105 0.05113 ( 3)
 190 N   0.73981 0.00881 0.24838 0.00300 ( 1)
 191 Q   0.04249 0.66525 0.04157 0.25070 ( 2)
 192 T   0.11851 0.12773 0.70639 0.04738 ( 3)
 193 K   0.06799 0.01589 0.91056 0.00556 ( 3)
 194 V   0.09971 0.63041 0.04090 0.22898 ( 2)
 195 D   0.94471 0.00313 0.05113 0.00104 ( 1)
 196 L   0.90243 0.00208 0.09501 0.00047 ( 1)
 197 Q   0.61837 0.07113 0.28695 0.02355 ( 1)
 198 R   0.64252 0.16141 0.13893 0.05714 ( 1)
 199 R   0.11643 0.63751 0.01271 0.23334 ( 2)
 200 I   0.93015 0.00210 0.06702 0.00073 ( 1)
 201 Q   0.31715 0.26198 0.32759 0.09329 ( 3)
 202 D   0.23807 0.55305 0.02812 0.18077 ( 2)
 203 Y   0.02672 0.04427 0.91121 0.01779 ( 3)
 204 S   0.79430 0.00154 0.20363 0.00053 ( 1)
 205 T   0.85176 0.00606 0.14007 0.00210 ( 1)
 206 T   0.04133 0.30865 0.52110 0.12892 ( 3)
 207 V   0.94556 0.00038 0.05393 0.00013 ( 1)
 208 S   0.75103 0.10583 0.10692 0.03622 ( 1)
 209 T   0.42848 0.19334 0.31030 0.06787 ( 1)
 210 T   0.59937 0.14138 0.20937 0.04989 ( 1)
 211 F   0.96912 0.00008 0.03078 0.00002 ( 1)
 212 E   0.86361 0.02664 0.10193 0.00782 ( 1)
 213 K   0.86100 0.06410 0.05429 0.02061 ( 1)
 214 -   0.86319 0.00470 0.13083 0.00128 ( 1)
 215 -   0.84954 0.04098 0.09502 0.01446 ( 1)
 216 -   0.52322 0.20829 0.19327 0.07522 ( 1)
 217 -   0.52322 0.20829 0.19327 0.07522 ( 1)
 218 -   0.52322 0.20829 0.19327 0.07522 ( 1)
 219 F   0.30213 0.51514 0.02758 0.15516 ( 2)
 220 K   0.02104 0.71993 0.01962 0.23941 ( 2)
 221 P   0.47644 0.00329 0.51905 0.00122 ( 3)
 222 T   0.85276 0.02368 0.11583 0.00774 ( 1)
 223 L   0.04452 0.67092 0.04154 0.24302 ( 2)
 224 N   0.01224 0.69880 0.02487 0.26409 ( 2)
 225 P   0.29630 0.31512 0.27944 0.10914 ( 2)
 226 S   0.18955 0.58827 0.01750 0.20468 ( 2)
 227 N   0.75670 0.07189 0.14505 0.02635 ( 1)
 228 K   0.18799 0.20864 0.52794 0.07544 ( 3)
 229 E   0.00584 0.71772 0.00287 0.27357 ( 2)
 230 S   0.03630 0.63727 0.09357 0.23287 ( 2)
 231 V   0.09079 0.03907 0.84906 0.02108 ( 3)
 232 N   0.81168 0.07963 0.08137 0.02732 ( 1)
 233 K   0.40699 0.13479 0.41121 0.04701 ( 3)
 234 Y   0.57299 0.00197 0.42438 0.00066 ( 1)
 235 N   0.59847 0.06902 0.30944 0.02306 ( 1)
 236 R   0.19674 0.56361 0.05449 0.18516 ( 2)
 237 Y   0.96473 0.00002 0.03525 0.00000 ( 1)
 238 V   0.84118 0.04721 0.09532 0.01629 ( 1)
 239 R   0.04958 0.00534 0.94186 0.00322 ( 3)
 240 S   0.20049 0.42882 0.20407 0.16662 ( 2)
 241 M   0.00285 0.00001 0.99714 0.00000 ( 3)
 242 T   0.95468 0.00012 0.04516 0.00004 ( 1)
 243 L   0.69094 0.04331 0.24964 0.01611 ( 1)
 244 Q   0.00526 0.69613 0.02610 0.27251 ( 2)
 245 S   0.54802 0.00002 0.45195 0.00001 ( 1)
 246 L   0.95264 0.00003 0.04732 0.00001 ( 1)
 247 D   0.95961 0.00005 0.04032 0.00001 ( 1)
 248 I   0.74929 0.00649 0.24199 0.00223 ( 1)
 249 A   0.83720 0.00100 0.16145 0.00034 ( 1)
 250 A   0.94388 0.00017 0.05590 0.00005 ( 1)
 251 T   0.93275 0.00563 0.05981 0.00182 ( 1)
 252 W   0.85283 0.00953 0.13602 0.00163 ( 1)
 253 P   0.97603 0.00002 0.02394 0.00001 ( 1)
 254 T   0.95319 0.00066 0.04592 0.00023 ( 1)

