Supplemental results for CODEML (seqf: algn  treef: tree)


dN/dS (w) for site classes (K=4)

site class             0        1       2a       2b
proportion       0.53153  0.31177  0.09877  0.05793
background w     0.11653  1.00000  0.11653  1.00000
foreground w     0.11653  1.00000  2.60547  2.60547

Naive Empirical Bayes (NEB) probabilities for 4 classes
(amino acids refer to 1st sequence: BT_Cry8Ea2)

   1 -   0.53153 0.31177 0.09877 0.05793 ( 1)
   2 -   0.53153 0.31177 0.09877 0.05793 ( 1)
   3 -   0.53153 0.31177 0.09877 0.05793 ( 1)
   4 -   0.53153 0.31177 0.09877 0.05793 ( 1)
   5 -   0.53153 0.31177 0.09877 0.05793 ( 1)
   6 -   0.53153 0.31177 0.09877 0.05793 ( 1)
   7 -   0.53153 0.31177 0.09877 0.05793 ( 1)
   8 -   0.53153 0.31177 0.09877 0.05793 ( 1)
   9 -   0.53153 0.31177 0.09877 0.05793 ( 1)
  10 -   0.53153 0.31177 0.09877 0.05793 ( 1)
  11 -   0.53153 0.31177 0.09877 0.05793 ( 1)
  12 -   0.53153 0.31177 0.09877 0.05793 ( 1)
  13 -   0.53153 0.31177 0.09877 0.05793 ( 1)
  14 -   0.53153 0.31177 0.09877 0.05793 ( 1)
  15 -   0.53153 0.31177 0.09877 0.05793 ( 1)
  16 -   0.53153 0.31177 0.09877 0.05793 ( 1)
  17 -   0.53153 0.31177 0.09877 0.05793 ( 1)
  18 -   0.53153 0.31177 0.09877 0.05793 ( 1)
  19 -   0.53153 0.31177 0.09877 0.05793 ( 1)
  20 -   0.53153 0.31177 0.09877 0.05793 ( 1)
  21 -   0.53153 0.31177 0.09877 0.05793 ( 1)
  22 -   0.53153 0.31177 0.09877 0.05793 ( 1)
  23 -   0.53153 0.31177 0.09877 0.05793 ( 1)
  24 -   0.53153 0.31177 0.09877 0.05793 ( 1)
  25 -   0.53153 0.31177 0.09877 0.05793 ( 1)
  26 -   0.53153 0.31177 0.09877 0.05793 ( 1)
  27 -   0.53153 0.31177 0.09877 0.05793 ( 1)
  28 -   0.53153 0.31177 0.09877 0.05793 ( 1)
  29 E   0.69318 0.15012 0.12881 0.02790 ( 1)
  30 T   0.48143 0.36186 0.08946 0.06724 ( 1)
  31 K   0.07865 0.76465 0.01461 0.14209 ( 2)
  32 A   0.01677 0.82653 0.00312 0.15359 ( 2)
  33 Q   0.67326 0.17003 0.12511 0.03160 ( 1)
  34 L   0.81944 0.02386 0.15227 0.00443 ( 1)
  35 T   0.21063 0.63266 0.03914 0.11757 ( 2)
  36 R   0.21952 0.62378 0.04079 0.11591 ( 2)
  37 E   0.67567 0.16762 0.12556 0.03115 ( 1)
  38 V   0.62990 0.21340 0.11705 0.03965 ( 1)
  39 Y   0.31466 0.52864 0.05847 0.09823 ( 2)
  40 T   0.55038 0.29292 0.10227 0.05443 ( 1)
  41 D   0.73768 0.10562 0.13708 0.01963 ( 1)
  42 P   0.81899 0.02431 0.15219 0.00452 ( 1)
  43 I   0.04678 0.79652 0.00869 0.14801 ( 2)
  44 G   0.26931 0.57398 0.05004 0.10666 ( 2)
  45 A   0.09402 0.74927 0.01747 0.13924 ( 2)
  46 I   0.69798 0.14531 0.12970 0.02700 ( 1)
  47 G   0.05475 0.78854 0.01017 0.14653 ( 2)
  48 A   0.51611 0.32719 0.09591 0.06080 ( 1)
  49 Q   0.80365 0.03965 0.14934 0.00737 ( 1)
  50 G   0.80700 0.03629 0.14996 0.00674 ( 1)
  51 -   0.55262 0.29067 0.10269 0.05401 ( 1)
  52 -   0.61925 0.22404 0.11507 0.04163 ( 1)
  53 S   0.79854 0.04475 0.14839 0.00832 ( 1)
  54 W   0.74622 0.09707 0.13867 0.01804 ( 1)
  55 Y   0.80739 0.03591 0.15003 0.00667 ( 1)
  56 D   0.77570 0.06759 0.14415 0.01256 ( 1)
  57 S   0.06038 0.78291 0.01122 0.14549 ( 2)
  58 A   0.78781 0.05549 0.14639 0.01031 ( 1)
  59 P   0.81121 0.03209 0.15074 0.00596 ( 1)
  60 S   0.79854 0.04475 0.14839 0.00832 ( 1)
  61 F   0.79896 0.04433 0.14847 0.00824 ( 1)
  62 N   0.48900 0.35430 0.09087 0.06584 ( 1)
  63 T   0.60525 0.23804 0.11247 0.04423 ( 1)
  64 L   0.44733 0.39596 0.08313 0.07358 ( 1)
  65 E   0.80599 0.03730 0.14977 0.00693 ( 1)
  66 S   0.81934 0.02396 0.15225 0.00445 ( 1)
  67 T   0.43070 0.41260 0.08003 0.07667 ( 1)
  68 F   0.43148 0.41182 0.08018 0.07653 ( 1)
  69 I   0.59868 0.24461 0.11125 0.04546 ( 1)
  70 R   0.76177 0.08152 0.14156 0.01515 ( 1)
  71 G   0.10369 0.73960 0.01927 0.13744 ( 2)
  72 K   0.00603 0.83726 0.00112 0.15558 ( 2)
  73 H   0.81103 0.03227 0.15071 0.00600 ( 1)
  74 L   0.79825 0.04504 0.14834 0.00837 ( 1)
  75 F   0.83295 0.01035 0.15478 0.00192 ( 1)
  76 D   0.83250 0.01080 0.15470 0.00201 ( 1)
  77 F   0.69536 0.14794 0.12921 0.02749 ( 1)
  78 I   0.60700 0.23630 0.11280 0.04391 ( 1)
  79 T   0.81820 0.02509 0.15204 0.00466 ( 1)
  80 R   0.11992 0.72338 0.02228 0.13442 ( 2)
  81 L   0.65096 0.19233 0.12097 0.03574 ( 1)
  82 S   0.66821 0.17508 0.12417 0.03254 ( 1)
  83 I   0.51383 0.32946 0.09548 0.06122 ( 1)
  84 Y   0.82827 0.01502 0.15391 0.00279 ( 1)
  85 T   0.56137 0.28193 0.10432 0.05239 ( 1)
  86 G   0.66387 0.17942 0.12336 0.03334 ( 1)
  87 R   0.71895 0.12434 0.13360 0.02311 ( 1)
  88 S   0.82860 0.01469 0.15398 0.00273 ( 1)
  89 S   0.82105 0.02224 0.15257 0.00413 ( 1)
  90 F   0.12001 0.72329 0.02230 0.13441 ( 2)
  91 S   0.55349 0.28980 0.10285 0.05385 ( 1)
  92 A   0.59895 0.24434 0.11130 0.04541 ( 1)
  93 S   0.75019 0.09310 0.13940 0.01730 ( 1)
  94 N   0.75564 0.08766 0.14042 0.01629 ( 1)
  95 Y   0.81953 0.02376 0.15229 0.00442 ( 1)
  96 L   0.75884 0.08446 0.14101 0.01569 ( 1)
  97 K   0.71810 0.12519 0.13344 0.02326 ( 1)
  98 K   0.18187 0.66143 0.03380 0.12291 ( 2)
  99 W   0.77238 0.07091 0.14353 0.01318 ( 1)
 100 I   0.70935 0.13394 0.13182 0.02489 ( 1)
 101 G   0.77144 0.07186 0.14335 0.01335 ( 1)
 102 H   0.83434 0.00896 0.15504 0.00166 ( 1)
 103 Q   0.72573 0.11756 0.13486 0.02185 ( 1)
 104 I   0.68840 0.15489 0.12792 0.02878 ( 1)
 105 S   0.01483 0.82846 0.00276 0.15395 ( 2)
 106 -   0.53153 0.31177 0.09877 0.05793 ( 1)
 107 -   0.53153 0.31177 0.09877 0.05793 ( 1)
 108 -   0.53153 0.31177 0.09877 0.05793 ( 1)
 109 -   0.53153 0.31177 0.09877 0.05793 ( 1)
 110 S   0.03450 0.80880 0.00641 0.15030 ( 2)
 111 Q   0.19385 0.64944 0.03602 0.12068 ( 2)
 112 P   0.02524 0.81806 0.00469 0.15202 ( 2)
 113 I   0.59244 0.25086 0.11009 0.04662 ( 1)
 114 G   0.00018 0.84311 0.00003 0.15667 ( 2)
 115 G   0.33058 0.51272 0.06143 0.09528 ( 2)
 116 S   0.00509 0.83820 0.00095 0.15576 ( 2)
 117 I   0.71625 0.12705 0.13310 0.02361 ( 1)
 118 Q   0.13202 0.71127 0.02453 0.13217 ( 2)
 119 -   0.73289 0.11041 0.13619 0.02052 ( 1)
 120 T   0.05898 0.78432 0.01096 0.14575 ( 2)
 121 Q   0.00214 0.84115 0.00040 0.15631 ( 2)
 122 T   0.00150 0.84179 0.00028 0.15643 ( 2)
 123 Y   0.82252 0.02077 0.15285 0.00386 ( 1)
 124 G   0.20746 0.63583 0.03855 0.11815 ( 2)
 125 T   0.22661 0.61668 0.04211 0.11460 ( 2)
 126 T   0.23426 0.60904 0.04353 0.11318 ( 2)
 127 S   0.08713 0.75616 0.01619 0.14051 ( 2)
 128 G   0.05224 0.79105 0.00971 0.14700 ( 2)
 129 S   0.00137 0.84192 0.00026 0.15645 ( 2)
 130 S   0.53768 0.30562 0.09991 0.05679 ( 1)
 131 V   0.53821 0.30508 0.10001 0.05669 ( 1)
 132 I   0.05742 0.78587 0.01067 0.14604 ( 2)
 133 A   0.00870 0.83460 0.00162 0.15509 ( 2)
 134 T   0.80434 0.03895 0.14947 0.00724 ( 1)
 135 Q   0.01634 0.82695 0.00304 0.15367 ( 2)
 136 Q   0.02164 0.82166 0.00402 0.15269 ( 2)
 137 I   0.48640 0.35690 0.09038 0.06632 ( 1)
 138 G   0.07968 0.76361 0.01481 0.14190 ( 2)
 139 F   0.81515 0.02814 0.15148 0.00523 ( 1)
 140 T   0.40754 0.43575 0.07573 0.08097 ( 2)
 141 G   0.82307 0.02023 0.15295 0.00376 ( 1)
 142 F   0.83295 0.01035 0.15478 0.00192 ( 1)
 143 D   0.79985 0.04344 0.14863 0.00807 ( 1)
 144 V   0.82455 0.01874 0.15322 0.00348 ( 1)
 145 Y   0.82827 0.01502 0.15391 0.00279 ( 1)
 146 K   0.67233 0.17097 0.12494 0.03177 ( 1)
 147 T   0.00640 0.83690 0.00119 0.15552 ( 2)
 148 L   0.38727 0.45602 0.07196 0.08474 ( 2)
 149 S   0.76370 0.07959 0.14192 0.01479 ( 1)
 150 T   0.10401 0.73929 0.01933 0.13738 ( 2)
 151 A   0.81247 0.03082 0.15098 0.00573 ( 1)
 152 G   0.82117 0.02212 0.15260 0.00411 ( 1)
 153 V   0.81878 0.02451 0.15215 0.00456 ( 1)
 154 L   0.78193 0.06136 0.14530 0.01140 ( 1)
 155 F   0.72232 0.12098 0.13422 0.02248 ( 1)
 156 A   0.82425 0.01905 0.15317 0.00354 ( 1)
 157 Y   0.18612 0.65717 0.03459 0.12212 ( 2)
 158 T   0.81820 0.02509 0.15204 0.00466 ( 1)
 159 S   0.60893 0.23437 0.11315 0.04355 ( 1)
 160 K   0.71810 0.12519 0.13344 0.02326 ( 1)
 161 Y   0.78203 0.06126 0.14532 0.01138 ( 1)
 162 Y   0.75552 0.08778 0.14039 0.01631 ( 1)
 163 G   0.80374 0.03955 0.14936 0.00735 ( 1)
 164 V   0.10561 0.73768 0.01963 0.13708 ( 2)
 165 S   0.71671 0.12658 0.13318 0.02352 ( 1)
 166 K   0.05835 0.78495 0.01084 0.14586 ( 2)
 167 V   0.82455 0.01874 0.15322 0.00348 ( 1)
 168 V   0.00110 0.84219 0.00021 0.15650 ( 2)
 169 F   0.83295 0.01035 0.15478 0.00192 ( 1)
 170 D   0.07357 0.76973 0.01367 0.14304 ( 2)
 171 A   0.20779 0.63551 0.03861 0.11809 ( 2)
 172 I   0.68840 0.15489 0.12792 0.02878 ( 1)
 173 Y   0.02152 0.82178 0.00400 0.15271 ( 2)
 174 P   0.74212 0.10118 0.13790 0.01880 ( 1)
 175 D   0.06111 0.78219 0.01136 0.14535 ( 2)
 176 N   0.27750 0.56579 0.05157 0.10514 ( 2)
 177 K   0.11745 0.72585 0.02182 0.13488 ( 2)
 178 Y   0.40293 0.44036 0.07487 0.08183 ( 2)
 179 K   0.57062 0.27268 0.10604 0.05067 ( 1)
 180 T   0.17804 0.66525 0.03308 0.12362 ( 2)
 181 T   0.23108 0.61222 0.04294 0.11377 ( 2)
 182 F   0.38840 0.45489 0.07217 0.08453 ( 2)
 183 -   0.08261 0.76068 0.01535 0.14135 ( 2)
 184 -   0.72441 0.11889 0.13461 0.02209 ( 1)
 185 T   0.04400 0.79929 0.00818 0.14853 ( 2)
 186 Y   0.75552 0.08778 0.14039 0.01631 ( 1)
 187 N   0.07832 0.76497 0.01455 0.14215 ( 2)
 188 P   0.02713 0.81617 0.00504 0.15166 ( 2)
 189 G   0.02827 0.81502 0.00525 0.15145 ( 2)
 190 S   0.71768 0.12562 0.13336 0.02334 ( 1)
 191 E   0.56187 0.28142 0.10441 0.05230 ( 1)
 192 G   0.79263 0.05066 0.14729 0.00941 ( 1)
 193 I   0.82724 0.01606 0.15372 0.00298 ( 1)
 194 A   0.65396 0.18934 0.12152 0.03518 ( 1)
 195 A   0.23550 0.60780 0.04376 0.11295 ( 2)
 196 Q   0.82252 0.02078 0.15284 0.00386 ( 1)
 197 E   0.52732 0.31597 0.09799 0.05872 ( 1)
 198 K   0.80910 0.03420 0.15035 0.00635 ( 1)
 199 D   0.73672 0.10658 0.13690 0.01980 ( 1)
 200 S   0.79676 0.04653 0.14806 0.00865 ( 1)
 201 E   0.16738 0.67592 0.03110 0.12560 ( 2)
 202 V   0.75422 0.08907 0.14015 0.01655 ( 1)
 203 E   0.82741 0.01589 0.15375 0.00295 ( 1)
 204 L   0.79774 0.04556 0.14824 0.00847 ( 1)
 205 P   0.82478 0.01851 0.15327 0.00344 ( 1)
 206 P   0.44098 0.40232 0.08195 0.07476 ( 1)
 207 E   0.68604 0.15726 0.12748 0.02922 ( 1)
 208 T   0.59300 0.25030 0.11019 0.04651 ( 1)
 209 L   0.53550 0.30780 0.09951 0.05720 ( 1)
 210 D   0.28671 0.55658 0.05328 0.10343 ( 2)
 211 Q   0.11843 0.72486 0.02201 0.13470 ( 2)
 212 P   0.21782 0.62547 0.04048 0.11623 ( 2)
 213 N   0.10326 0.74003 0.01919 0.13752 ( 2)
 214 Y   0.82827 0.01502 0.15391 0.00279 ( 1)
 215 E   0.01469 0.82861 0.00273 0.15398 ( 2)
 216 A   0.66220 0.18109 0.12305 0.03365 ( 1)
 217 Y   0.82827 0.01502 0.15391 0.00279 ( 1)
 218 S   0.82860 0.01469 0.15398 0.00273 ( 1)
 219 H   0.83434 0.00896 0.15504 0.00166 ( 1)
 220 R   0.82544 0.01786 0.15339 0.00332 ( 1)
 221 L   0.78197 0.06132 0.14531 0.01140 ( 1)
 222 N   0.83229 0.01101 0.15466 0.00205 ( 1)
 223 Y   0.76713 0.07616 0.14255 0.01415 ( 1)
 224 V   0.74372 0.09958 0.13820 0.01850 ( 1)
 225 T   0.57418 0.26912 0.10670 0.05001 ( 1)
 226 F   0.35851 0.48478 0.06662 0.09008 ( 2)
 227 -   0.73729 0.10600 0.13701 0.01970 ( 1)
 228 -   0.69456 0.14873 0.12907 0.02764 ( 1)
 229 -   0.69352 0.14977 0.12888 0.02783 ( 1)
 230 -   0.73820 0.10509 0.13718 0.01953 ( 1)
 231 I   0.69783 0.14547 0.12967 0.02703 ( 1)
 232 R   0.78538 0.05792 0.14594 0.01076 ( 1)
 233 N   0.63157 0.21172 0.11736 0.03934 ( 1)
 234 P   0.38693 0.45636 0.07190 0.08480 ( 2)
 235 D   0.78479 0.05851 0.14583 0.01087 ( 1)
 236 V   0.81692 0.02638 0.15180 0.00490 ( 1)
 237 P   0.82478 0.01851 0.15327 0.00344 ( 1)
 238 V   0.81692 0.02638 0.15180 0.00490 ( 1)
 239 F   0.83295 0.01035 0.15478 0.00192 ( 1)
 240 S   0.82398 0.01932 0.15312 0.00359 ( 1)
 241 W   0.77238 0.07091 0.14353 0.01318 ( 1)
 242 T   0.31391 0.52939 0.05833 0.09837 ( 2)
 243 H   0.83434 0.00896 0.15504 0.00166 ( 1)
 244 R   0.70574 0.13756 0.13114 0.02556 ( 1)
 245 S   0.83477 0.00853 0.15512 0.00158 ( 1)


lnL = -2171.039635

Bayes Empirical Bayes (BEB) probabilities for 4 classes (class)
(amino acids refer to 1st sequence: BT_Cry8Ea2)

   1 -   0.45618 0.22839 0.21103 0.10440 ( 1)
   2 -   0.45618 0.22839 0.21103 0.10440 ( 1)
   3 -   0.45618 0.22839 0.21103 0.10440 ( 1)
   4 -   0.45618 0.22839 0.21103 0.10440 ( 1)
   5 -   0.45618 0.22839 0.21103 0.10440 ( 1)
   6 -   0.45618 0.22839 0.21103 0.10440 ( 1)
   7 -   0.45618 0.22839 0.21103 0.10440 ( 1)
   8 -   0.45618 0.22839 0.21103 0.10440 ( 1)
   9 -   0.45618 0.22839 0.21103 0.10440 ( 1)
  10 -   0.45618 0.22839 0.21103 0.10440 ( 1)
  11 -   0.45618 0.22839 0.21103 0.10440 ( 1)
  12 -   0.45618 0.22839 0.21103 0.10440 ( 1)
  13 -   0.45618 0.22839 0.21103 0.10440 ( 1)
  14 -   0.45618 0.22839 0.21103 0.10440 ( 1)
  15 -   0.45618 0.22839 0.21103 0.10440 ( 1)
  16 -   0.45618 0.22839 0.21103 0.10440 ( 1)
  17 -   0.45618 0.22839 0.21103 0.10440 ( 1)
  18 -   0.45618 0.22839 0.21103 0.10440 ( 1)
  19 -   0.45618 0.22839 0.21103 0.10440 ( 1)
  20 -   0.45618 0.22839 0.21103 0.10440 ( 1)
  21 -   0.45618 0.22839 0.21103 0.10440 ( 1)
  22 -   0.45618 0.22839 0.21103 0.10440 ( 1)
  23 -   0.45618 0.22839 0.21103 0.10440 ( 1)
  24 -   0.45618 0.22839 0.21103 0.10440 ( 1)
  25 -   0.45618 0.22839 0.21103 0.10440 ( 1)
  26 -   0.45618 0.22839 0.21103 0.10440 ( 1)
  27 -   0.45618 0.22839 0.21103 0.10440 ( 1)
  28 -   0.45618 0.22839 0.21103 0.10440 ( 1)
  29 E   0.58576 0.09881 0.27030 0.04512 ( 1)
  30 T   0.44196 0.24261 0.20444 0.11099 ( 1)
  31 K   0.12302 0.56155 0.05724 0.25819 ( 2)
  32 A   0.03067 0.65390 0.01429 0.30113 ( 2)
  33 Q   0.57347 0.11110 0.26468 0.05074 ( 1)
  34 L   0.66518 0.01939 0.30660 0.00883 ( 1)
  35 T   0.24550 0.43907 0.11396 0.20147 ( 2)
  36 R   0.25493 0.42964 0.11831 0.19712 ( 2)
  37 E   0.57171 0.11286 0.26389 0.05154 ( 1)
  38 V   0.54164 0.14293 0.25013 0.06530 ( 1)
  39 Y   0.33681 0.34776 0.15607 0.15936 ( 2)
  40 T   0.48883 0.19574 0.22594 0.08949 ( 1)
  41 D   0.61060 0.07397 0.28167 0.03375 ( 1)
  42 P   0.66478 0.01979 0.30642 0.00901 ( 1)
  43 I   0.07429 0.61028 0.03460 0.28083 ( 2)
  44 G   0.29890 0.38567 0.13860 0.17683 ( 2)
  45 A   0.12710 0.55747 0.05913 0.25630 ( 2)
  46 I   0.58798 0.09659 0.27132 0.04410 ( 1)
  47 G   0.07866 0.60591 0.03663 0.27880 ( 2)
  48 A   0.46594 0.21863 0.21545 0.09999 ( 1)
  49 Q   0.65334 0.03123 0.30120 0.01422 ( 1)
  50 G   0.65500 0.02957 0.30196 0.01347 ( 1)
  51 -   0.47170 0.21287 0.21815 0.09728 ( 1)
  52 -   0.52016 0.16440 0.24036 0.07507 ( 1)
  53 S   0.64838 0.03619 0.29894 0.01649 ( 1)
  54 W   0.61176 0.07281 0.28224 0.03319 ( 1)
  55 Y   0.65522 0.02935 0.30206 0.01337 ( 1)
  56 D   0.63266 0.05191 0.29178 0.02365 ( 1)
  57 S   0.08671 0.59786 0.04037 0.27506 ( 2)
  58 A   0.64022 0.04436 0.29522 0.02021 ( 1)
  59 P   0.65866 0.02591 0.30363 0.01180 ( 1)
  60 S   0.64838 0.03619 0.29894 0.01649 ( 1)
  61 F   0.64911 0.03546 0.29928 0.01615 ( 1)
  62 N   0.44653 0.23804 0.20654 0.10889 ( 1)
  63 T   0.52492 0.15965 0.24248 0.07295 ( 1)
  64 L   0.41898 0.26559 0.19389 0.12154 ( 1)
  65 E   0.65416 0.03042 0.30158 0.01385 ( 1)
  66 S   0.66443 0.02014 0.30626 0.00917 ( 1)
  67 T   0.40449 0.28009 0.18723 0.12820 ( 1)
  68 F   0.40433 0.28024 0.18716 0.12827 ( 1)
  69 I   0.52050 0.16407 0.24045 0.07498 ( 1)
  70 R   0.62155 0.06302 0.28671 0.02872 ( 1)
  71 G   0.14004 0.54453 0.06514 0.25029 ( 2)
  72 K   0.01259 0.67198 0.00587 0.30956 ( 2)
  73 H   0.65837 0.02620 0.30350 0.01193 ( 1)
  74 L   0.64903 0.03554 0.29924 0.01619 ( 1)
  75 F   0.67553 0.00904 0.31131 0.00412 ( 1)
  76 D   0.67492 0.00966 0.31103 0.00440 ( 1)
  77 F   0.58700 0.09757 0.27087 0.04456 ( 1)
  78 I   0.52897 0.15560 0.24432 0.07110 ( 1)
  79 T   0.66367 0.02091 0.30591 0.00952 ( 1)
  80 R   0.15738 0.52719 0.07318 0.24225 ( 2)
  81 L   0.55866 0.12590 0.25792 0.05752 ( 1)
  82 S   0.56879 0.11578 0.26255 0.05288 ( 1)
  83 I   0.46391 0.22066 0.21451 0.10091 ( 1)
  84 Y   0.67181 0.01276 0.30962 0.00581 ( 1)
  85 T   0.49675 0.18782 0.22957 0.08586 ( 1)
  86 G   0.56665 0.11792 0.26157 0.05386 ( 1)
  87 R   0.60218 0.08239 0.27781 0.03762 ( 1)
  88 S   0.67228 0.01228 0.30984 0.00559 ( 1)
  89 S   0.66633 0.01824 0.30712 0.00831 ( 1)
  90 F   0.15842 0.52615 0.07366 0.24177 ( 2)
  91 S   0.51146 0.17311 0.23625 0.07917 ( 1)
  92 A   0.52319 0.16138 0.24168 0.07375 ( 1)
  93 S   0.62047 0.06410 0.28618 0.02925 ( 1)
  94 N   0.62547 0.05911 0.28845 0.02698 ( 1)
  95 Y   0.66524 0.01933 0.30663 0.00880 ( 1)
  96 L   0.62826 0.05631 0.28973 0.02570 ( 1)
  97 K   0.60176 0.08282 0.27762 0.03781 ( 1)
  98 K   0.23021 0.45436 0.10689 0.20854 ( 2)
  99 W   0.63081 0.05376 0.29093 0.02450 ( 1)
 100 I   0.59551 0.08906 0.27477 0.04066 ( 1)
 101 G   0.62972 0.05485 0.29044 0.02500 ( 1)
 102 H   0.67682 0.00775 0.31190 0.00353 ( 1)
 103 Q   0.60701 0.07756 0.28002 0.03541 ( 1)
 104 I   0.58153 0.10304 0.26838 0.04705 ( 1)
 105 S   0.02778 0.65678 0.01295 0.30248 ( 2)
 106 -   0.45618 0.22839 0.21103 0.10440 ( 1)
 107 -   0.45618 0.22839 0.21103 0.10440 ( 1)
 108 -   0.45618 0.22839 0.21103 0.10440 ( 1)
 109 -   0.45618 0.22839 0.21103 0.10440 ( 1)
 110 S   0.05938 0.62519 0.02766 0.28777 ( 2)
 111 Q   0.23342 0.45115 0.10837 0.20706 ( 2)
 112 P   0.04526 0.63931 0.02109 0.29434 ( 2)
 113 I   0.51438 0.17020 0.23765 0.07778 ( 1)
 114 G   0.00052 0.68405 0.00024 0.31519 ( 2)
 115 G   0.35340 0.33116 0.16371 0.15172 ( 1)
 116 S   0.01185 0.67272 0.00552 0.30990 ( 2)
 117 I   0.59918 0.08539 0.27644 0.03898 ( 1)
 118 Q   0.17303 0.51154 0.08043 0.23500 ( 2)
 119 -   0.60196 0.08260 0.27776 0.03767 ( 1)
 120 T   0.09556 0.58901 0.04448 0.27094 ( 2)
 121 Q   0.00538 0.67919 0.00251 0.31292 ( 2)
 122 T   0.00375 0.68082 0.00175 0.31368 ( 2)
 123 Y   0.66718 0.01739 0.30751 0.00792 ( 1)
 124 G   0.24642 0.43815 0.11438 0.20105 ( 2)
 125 T   0.26262 0.42195 0.12186 0.19356 ( 2)
 126 T   0.26943 0.41514 0.12501 0.19042 ( 2)
 127 S   0.12809 0.55649 0.05959 0.25584 ( 2)
 128 G   0.08650 0.59807 0.04027 0.27516 ( 2)
 129 S   0.00342 0.68115 0.00160 0.31383 ( 2)
 130 S   0.46072 0.22385 0.21311 0.10232 ( 1)
 131 V   0.46111 0.22346 0.21329 0.10214 ( 1)
 132 I   0.09235 0.59222 0.04299 0.27244 ( 2)
 133 A   0.01957 0.66500 0.00912 0.30630 ( 2)
 134 T   0.65341 0.03116 0.30124 0.01419 ( 1)
 135 Q   0.03158 0.65299 0.01472 0.30071 ( 2)
 136 Q   0.04011 0.64446 0.01869 0.29674 ( 2)
 137 I   0.43868 0.24589 0.20295 0.11248 ( 1)
 138 G   0.11098 0.57359 0.05165 0.26378 ( 2)
 139 F   0.66103 0.02354 0.30471 0.01072 ( 1)
 140 T   0.38830 0.29627 0.17979 0.13564 ( 1)
 141 G   0.66767 0.01690 0.30773 0.00769 ( 1)
 142 F   0.67553 0.00904 0.31131 0.00412 ( 1)
 143 D   0.65065 0.03392 0.29998 0.01545 ( 1)
 144 V   0.66865 0.01593 0.30818 0.00725 ( 1)
 145 Y   0.67181 0.01276 0.30962 0.00581 ( 1)
 146 K   0.57204 0.11253 0.26403 0.05140 ( 1)
 147 T   0.01244 0.67213 0.00580 0.30963 ( 2)
 148 L   0.39786 0.28672 0.18415 0.13128 ( 1)
 149 S   0.62370 0.06087 0.28769 0.02774 ( 1)
 150 T   0.13881 0.54576 0.06457 0.25086 ( 2)
 151 A   0.65962 0.02495 0.30407 0.01136 ( 1)
 152 G   0.66653 0.01804 0.30722 0.00821 ( 1)
 153 V   0.66417 0.02040 0.30614 0.00929 ( 1)
 154 L   0.63735 0.04722 0.29391 0.02152 ( 1)
 155 F   0.60177 0.08280 0.27763 0.03780 ( 1)
 156 A   0.66838 0.01620 0.30805 0.00737 ( 1)
 157 Y   0.22704 0.45753 0.10542 0.21001 ( 2)
 158 T   0.66367 0.02091 0.30591 0.00952 ( 1)
 159 S   0.53093 0.15364 0.24522 0.07021 ( 1)
 160 K   0.60176 0.08282 0.27762 0.03781 ( 1)
 161 Y   0.63672 0.04785 0.29362 0.02180 ( 1)
 162 Y   0.62546 0.05911 0.28845 0.02698 ( 1)
 163 G   0.65337 0.03120 0.30122 0.01421 ( 1)
 164 V   0.14032 0.54425 0.06527 0.25016 ( 2)
 165 S   0.60084 0.08373 0.27720 0.03823 ( 1)
 166 K   0.09282 0.59175 0.04321 0.27222 ( 2)
 167 V   0.66865 0.01593 0.30818 0.00725 ( 1)
 168 V   0.00315 0.68142 0.00147 0.31396 ( 2)
 169 F   0.67553 0.00904 0.31131 0.00412 ( 1)
 170 D   0.10368 0.58089 0.04826 0.26717 ( 2)
 171 A   0.24969 0.43487 0.11589 0.19954 ( 2)
 172 I   0.58153 0.10304 0.26838 0.04705 ( 1)
 173 Y   0.03845 0.64612 0.01792 0.29751 ( 2)
 174 P   0.61687 0.06770 0.28453 0.03090 ( 1)
 175 D   0.09742 0.58715 0.04535 0.27008 ( 2)
 176 N   0.31105 0.37352 0.14420 0.17123 ( 2)
 177 K   0.15590 0.52867 0.07249 0.24294 ( 2)
 178 Y   0.41027 0.27430 0.18985 0.12558 ( 1)
 179 K   0.52237 0.16220 0.24124 0.07418 ( 1)
 180 T   0.21983 0.46474 0.10209 0.21334 ( 2)
 181 T   0.27136 0.41321 0.12590 0.18953 ( 2)
 182 F   0.37165 0.31292 0.17213 0.14329 ( 1)
 183 -   0.11475 0.56982 0.05340 0.26203 ( 2)
 184 -   0.59585 0.08872 0.27497 0.04046 ( 1)
 185 T   0.06576 0.61881 0.03063 0.28480 ( 2)
 186 Y   0.62546 0.05911 0.28845 0.02698 ( 1)
 187 N   0.10710 0.57747 0.04985 0.26558 ( 2)
 188 P   0.04913 0.63544 0.02289 0.29254 ( 2)
 189 G   0.04780 0.63677 0.02227 0.29316 ( 2)
 190 S   0.60112 0.08345 0.27733 0.03810 ( 1)
 191 E   0.49557 0.18901 0.22903 0.08640 ( 1)
 192 G   0.64468 0.03989 0.29726 0.01817 ( 1)
 193 I   0.67072 0.01386 0.30912 0.00631 ( 1)
 194 A   0.55978 0.12479 0.25842 0.05700 ( 1)
 195 A   0.27326 0.41131 0.12677 0.18866 ( 2)
 196 Q   0.66778 0.01679 0.30778 0.00765 ( 1)
 197 E   0.47415 0.21043 0.21921 0.09622 ( 1)
 198 K   0.65754 0.02703 0.30312 0.01231 ( 1)
 199 D   0.61021 0.07437 0.28149 0.03394 ( 1)
 200 S   0.64802 0.03655 0.29878 0.01665 ( 1)
 201 E   0.21268 0.47190 0.09878 0.21665 ( 2)
 202 V   0.62391 0.06066 0.28774 0.02768 ( 1)
 203 E   0.67113 0.01345 0.30931 0.00612 ( 1)
 204 L   0.64891 0.03566 0.29919 0.01624 ( 1)
 205 P   0.66933 0.01524 0.30849 0.00694 ( 1)
 206 P   0.41590 0.26867 0.19247 0.12296 ( 1)
 207 E   0.58134 0.10323 0.26828 0.04714 ( 1)
 208 T   0.51601 0.16856 0.23840 0.07703 ( 1)
 209 L   0.45911 0.22546 0.21237 0.10306 ( 1)
 210 D   0.31261 0.37197 0.14492 0.17051 ( 2)
 211 Q   0.15668 0.52789 0.07285 0.24258 ( 2)
 212 P   0.23508 0.44949 0.10916 0.20628 ( 2)
 213 N   0.14109 0.54348 0.06562 0.24980 ( 2)
 214 Y   0.67181 0.01276 0.30962 0.00581 ( 1)
 215 E   0.02790 0.65667 0.01300 0.30243 ( 2)
 216 A   0.56545 0.11912 0.26102 0.05441 ( 1)
 217 Y   0.67181 0.01276 0.30962 0.00581 ( 1)
 218 S   0.67228 0.01228 0.30984 0.00559 ( 1)
 219 H   0.67682 0.00775 0.31190 0.00353 ( 1)
 220 R   0.66984 0.01473 0.30872 0.00671 ( 1)
 221 L   0.63766 0.04691 0.29405 0.02138 ( 1)
 222 N   0.67472 0.00986 0.31094 0.00449 ( 1)
 223 Y   0.63350 0.05107 0.29212 0.02331 ( 1)
 224 V   0.61713 0.06744 0.28465 0.03078 ( 1)
 225 T   0.50716 0.17741 0.23434 0.08109 ( 1)
 226 F   0.37703 0.30755 0.17457 0.14085 ( 1)
 227 -   0.60510 0.07947 0.27920 0.03624 ( 1)
 228 -   0.57451 0.11006 0.26522 0.05021 ( 1)
 229 -   0.57377 0.11079 0.26488 0.05055 ( 1)
 230 -   0.60573 0.07884 0.27949 0.03595 ( 1)
 231 I   0.58708 0.09749 0.27091 0.04451 ( 1)
 232 R   0.63921 0.04536 0.29476 0.02067 ( 1)
 233 N   0.54483 0.13974 0.25158 0.06384 ( 1)
 234 P   0.37380 0.31077 0.17312 0.14231 ( 1)
 235 D   0.64361 0.04097 0.29674 0.01869 ( 1)
 236 V   0.66282 0.02175 0.30553 0.00990 ( 1)
 237 P   0.66933 0.01524 0.30849 0.00694 ( 1)
 238 V   0.66282 0.02175 0.30553 0.00990 ( 1)
 239 F   0.67553 0.00904 0.31131 0.00412 ( 1)
 240 S   0.66837 0.01620 0.30805 0.00738 ( 1)
 241 W   0.63081 0.05376 0.29093 0.02450 ( 1)
 242 T   0.31377 0.37080 0.14548 0.16995 ( 2)
 243 H   0.67682 0.00775 0.31190 0.00353 ( 1)
 244 R   0.58252 0.10205 0.26888 0.04655 ( 1)
 245 S   0.67708 0.00750 0.31202 0.00341 ( 1)

