Supplemental results for CODEML (seqf: algn  treef: tree)


dN/dS (w) for site classes (K=4)

site class             0        1       2a       2b
proportion       0.36827  0.46951  0.07131  0.09091
background w     0.09201  1.00000  0.09201  1.00000
foreground w     0.09201  1.00000  1.00000  1.00000

Naive Empirical Bayes (NEB) probabilities for 4 classes
(amino acids refer to 1st sequence: BT_Cry30Da1)

   1 -   0.58367 0.25412 0.11301 0.04920 ( 1)
   2 -   0.07944 0.75834 0.01538 0.14684 ( 2)
   3 -   0.81799 0.01979 0.15839 0.00383 ( 1)
   4 R   0.96524 0.00057 0.03408 0.00011 ( 1)
   5 I   0.96146 0.00022 0.03828 0.00004 ( 1)
   6 T   0.95750 0.00040 0.04203 0.00008 ( 1)
   7 Q   0.92388 0.03602 0.03313 0.00697 ( 1)
   8 I   0.68649 0.22610 0.04364 0.04378 ( 1)
   9 P   0.96390 0.00054 0.03546 0.00010 ( 1)
  10 A   0.90104 0.03438 0.05791 0.00666 ( 1)
  11 V   0.93652 0.02232 0.03684 0.00432 ( 1)
  12 K   0.96918 0.00004 0.03077 0.00001 ( 1)
  13 A   0.93843 0.02728 0.02901 0.00528 ( 1)
  14 H   0.59402 0.32323 0.02017 0.06259 ( 1)
  15 Y   0.00000 0.83778 0.00000 0.16222 ( 2)
  16 L   0.08148 0.71480 0.06531 0.13840 ( 2)
  17 S   0.14071 0.71581 0.00489 0.13860 ( 2)
  18 A   0.00028 0.83743 0.00014 0.16215 ( 2)
  19 T   0.00353 0.83430 0.00062 0.16154 ( 2)
  20 A   0.10801 0.69498 0.06244 0.13457 ( 2)
  21 K   0.04861 0.68866 0.12938 0.13334 ( 2)
  22 V   0.96266 0.00011 0.03721 0.00002 ( 1)
  23 I   0.96113 0.00024 0.03858 0.00005 ( 1)
  24 A   0.06800 0.76551 0.01827 0.14822 ( 2)
  25 G   0.11184 0.00169 0.88614 0.00033 ( 3)
  26 P   0.15994 0.00039 0.83960 0.00008 ( 3)
  27 G   0.96150 0.00009 0.03839 0.00002 ( 1)
  28 H   0.05786 0.71195 0.09234 0.13785 ( 2)
  29 T   0.11898 0.14451 0.70853 0.02798 ( 3)
  30 G   0.96528 0.00003 0.03469 0.00001 ( 1)
  31 G   0.90468 0.00508 0.08926 0.00098 ( 1)
  32 D   0.90390 0.05536 0.03002 0.01072 ( 1)
  33 L   0.70057 0.01129 0.28595 0.00219 ( 1)
  34 V   0.81707 0.01049 0.17041 0.00203 ( 1)
  35 A   0.03282 0.67738 0.15864 0.13116 ( 2)
  36 L   0.05657 0.74152 0.05834 0.14358 ( 2)
  37 -   0.36827 0.46951 0.07131 0.09091 ( 2)
  38 -   0.36827 0.46951 0.07131 0.09091 ( 2)
  39 -   0.36827 0.46951 0.07131 0.09091 ( 2)
  40 -   0.36827 0.46951 0.07131 0.09091 ( 2)
  41 I   0.08578 0.76170 0.00503 0.14749 ( 2)
  42 N   0.22049 0.44766 0.24517 0.08668 ( 2)
  43 D   0.17425 0.66458 0.03249 0.12868 ( 2)
  44 G   0.03433 0.79703 0.01432 0.15433 ( 2)
  45 S   0.00005 0.83756 0.00022 0.16217 ( 2)
  46 R   0.00053 0.83719 0.00017 0.16210 ( 2)
  47 T   0.02149 0.73891 0.09652 0.14307 ( 2)
  48 G   0.15615 0.64857 0.06970 0.12558 ( 2)
  49 S   0.03525 0.80501 0.00387 0.15587 ( 2)
  50 M   0.37704 0.49978 0.02641 0.09677 ( 2)
  51 N   0.00004 0.83759 0.00019 0.16218 ( 2)
  52 I   0.87799 0.07344 0.03436 0.01422 ( 1)
  53 E   0.02808 0.80901 0.00625 0.15665 ( 2)
  54 C   0.10256 0.21354 0.64256 0.04135 ( 3)
  55 K   0.24260 0.09245 0.64705 0.01790 ( 3)
  56 T   0.24069 0.57028 0.07860 0.11042 ( 2)
  57 G   0.00380 0.83226 0.00278 0.16115 ( 2)
  58 S   0.00011 0.83747 0.00026 0.16216 ( 2)
  59 F   0.00043 0.83689 0.00063 0.16204 ( 2)
  60 T   0.23821 0.60747 0.03669 0.11762 ( 2)
  61 Q   0.40241 0.43538 0.07792 0.08430 ( 2)
  62 P   0.41067 0.42711 0.07952 0.08270 ( 2)
  63 S   0.00006 0.83772 0.00001 0.16221 ( 2)
  64 R   0.03680 0.78654 0.02436 0.15230 ( 2)
  65 R   0.66401 0.26267 0.02246 0.05086 ( 1)
  66 F   0.94143 0.00060 0.05786 0.00012 ( 1)
  67 G   0.00217 0.83375 0.00264 0.16144 ( 2)
  68 L   0.05637 0.75579 0.04149 0.14634 ( 2)
  69 R   0.97264 0.00016 0.02717 0.00003 ( 1)
  70 M   0.96218 0.00053 0.03719 0.00010 ( 1)
  71 R   0.91009 0.00043 0.08940 0.00008 ( 1)
  72 Y   0.97117 0.00002 0.02881 0.00000 ( 1)
  73 A   0.96295 0.00032 0.03667 0.00006 ( 1)
  74 E   0.83415 0.11551 0.02797 0.02237 ( 1)
  75 N   0.95819 0.00234 0.03902 0.00045 ( 1)
  76 N   0.02300 0.74308 0.09004 0.14388 ( 2)
  77 Q   0.01004 0.80977 0.02340 0.15679 ( 2)
  78 F   0.24172 0.62988 0.00644 0.12196 ( 2)
  79 S   0.00453 0.82590 0.00965 0.15992 ( 2)
  80 V   0.97242 0.00050 0.02698 0.00010 ( 1)
  81 S   0.00963 0.82801 0.00204 0.16033 ( 2)
  82 I   0.13074 0.65917 0.08245 0.12763 ( 2)
  83 L   0.00001 0.83778 0.00000 0.16222 ( 2)
  84 R   0.00046 0.83709 0.00037 0.16208 ( 2)
  85 D   0.00005 0.83773 0.00001 0.16221 ( 2)
  86 N   0.00001 0.83777 0.00000 0.16222 ( 2)
  87 Q   0.01473 0.82305 0.00285 0.15936 ( 2)
  88 -   0.36827 0.46951 0.07131 0.09091 ( 2)
  89 G   0.00202 0.83536 0.00087 0.16175 ( 2)
  90 V   0.00056 0.83723 0.00010 0.16211 ( 2)
  91 G   0.06504 0.75985 0.02798 0.14713 ( 2)
  92 T   0.00001 0.83777 0.00001 0.16221 ( 2)
  93 F   0.00789 0.59650 0.28012 0.11550 ( 2)
  94 N   0.00084 0.83702 0.00007 0.16207 ( 2)
  95 I   0.00003 0.83775 0.00001 0.16221 ( 2)
  96 E   0.01667 0.82228 0.00183 0.15922 ( 2)
  97 R   0.76740 0.17946 0.01838 0.03475 ( 1)
  98 T   0.14939 0.68037 0.03851 0.13174 ( 2)
  99 F   0.95123 0.01203 0.03441 0.00233 ( 1)
 100 S   0.93849 0.00340 0.05745 0.00066 ( 1)
 101 R   0.91931 0.05116 0.01963 0.00991 ( 1)
 102 T   0.29745 0.41003 0.21312 0.07939 ( 2)
 103 N   0.43872 0.39906 0.08495 0.07727 ( 1)
 104 N   0.43872 0.39906 0.08495 0.07727 ( 1)
 105 I   0.42022 0.41756 0.08137 0.08085 ( 1)
 106 I   0.00279 0.83030 0.00615 0.16077 ( 2)
 107 P   0.89831 0.06287 0.02665 0.01217 ( 1)
 108 T   0.00185 0.83556 0.00081 0.16179 ( 2)
 109 D   0.00323 0.82936 0.00682 0.16059 ( 2)
 110 L   0.81676 0.04157 0.13362 0.00805 ( 1)
 111 K   0.79211 0.00494 0.20200 0.00096 ( 1)
 112 Y   0.97016 0.00062 0.02910 0.00012 ( 1)
 113 N   0.96165 0.00650 0.03059 0.00126 ( 1)
 114 E   0.47770 0.39809 0.04713 0.07708 ( 1)
 115 F   0.97664 0.00001 0.02335 0.00000 ( 1)
 116 K   0.42087 0.37080 0.13653 0.07180 ( 1)
 117 Y   0.97016 0.00004 0.02979 0.00001 ( 1)
 118 N   0.00735 0.82597 0.00675 0.15993 ( 2)
 119 N   0.02477 0.76832 0.05814 0.14877 ( 2)
 120 Y   0.03507 0.71227 0.11475 0.13791 ( 2)
 121 D   0.27931 0.55847 0.05408 0.10813 ( 2)
 122 E   0.00061 0.83385 0.00408 0.16146 ( 2)
 123 I   0.07300 0.77019 0.00768 0.14913 ( 2)
 124 T   0.00517 0.83169 0.00210 0.16104 ( 2)
 125 M   0.00000 0.83778 0.00000 0.16222 ( 2)
 126 D   0.00014 0.83736 0.00037 0.16214 ( 2)
 127 L   0.00970 0.82590 0.00449 0.15992 ( 2)
 128 P   0.00036 0.83743 0.00006 0.16215 ( 2)
 129 P   0.52194 0.38057 0.02380 0.07369 ( 1)
 130 N   0.21333 0.10763 0.65819 0.02084 ( 3)
 131 K   0.01401 0.73935 0.10349 0.14316 ( 2)
 132 I   0.00308 0.83502 0.00022 0.16168 ( 2)
 133 I   0.00245 0.83544 0.00035 0.16176 ( 2)
 134 -   0.10836 0.72942 0.02098 0.14124 ( 2)
 135 -   0.37404 0.46374 0.07242 0.08979 ( 2)
 136 D   0.14310 0.69804 0.02369 0.13516 ( 2)
 137 I   0.11507 0.71254 0.03442 0.13797 ( 2)
 138 R   0.00025 0.83707 0.00060 0.16208 ( 2)
 139 I   0.00827 0.82888 0.00236 0.16049 ( 2)
 140 Q   0.16090 0.66315 0.04755 0.12840 ( 2)
 141 Q   0.00042 0.83622 0.00144 0.16192 ( 2)
 142 T   0.70951 0.19803 0.05412 0.03834 ( 1)
 143 N   0.00255 0.83407 0.00188 0.16150 ( 2)
 144 S   0.01421 0.82357 0.00275 0.15947 ( 2)
 145 L   0.00077 0.83628 0.00102 0.16193 ( 2)
 146 S   0.01689 0.81875 0.00582 0.15853 ( 2)
 147 I   0.00000 0.83778 0.00000 0.16222 ( 2)
 148 N   0.02260 0.81027 0.01024 0.15689 ( 2)
 149 Q   0.29436 0.54777 0.05181 0.10606 ( 2)
 150 F   0.26194 0.57138 0.05605 0.11063 ( 2)
 151 I   0.71101 0.20290 0.04681 0.03929 ( 1)
 152 I   0.94395 0.01487 0.03829 0.00288 ( 1)
 153 D   0.97212 0.00003 0.02785 0.00001 ( 1)
 154 R   0.89576 0.05225 0.04187 0.01012 ( 1)
 155 I   0.54473 0.05002 0.39557 0.00968 ( 1)
 156 E   0.96381 0.00008 0.03610 0.00001 ( 1)
 157 F   0.95079 0.00055 0.04855 0.00011 ( 1)
 158 Y   0.86925 0.06858 0.04889 0.01328 ( 1)
 159 P   0.95610 0.00477 0.03821 0.00092 ( 1)


lnL = -2952.221568

