Supplemental results for CODEML (seqf: algn  treef: tree)


dN/dS (w) for site classes (K=4)

site class             0        1       2a       2b
proportion       0.05973  0.03860  0.54775  0.35392
background w     0.13406  0.85134  0.13406  0.85134
foreground w     0.13406  0.85134  0.01679  0.01679

Naive Empirical Bayes (NEB) probabilities for 4 classes
(amino acids refer to 1st sequence: BT_Cry13Aa1)

   1 S   0.05478 0.01547 0.58293 0.34682 ( 3)
   2 V   0.07846 0.00146 0.87842 0.04166 ( 3)
   3 A   0.08756 0.00270 0.86838 0.04136 ( 3)
   4 V   0.07922 0.00112 0.88625 0.03341 ( 3)
   5 P   0.09172 0.00106 0.89296 0.01426 ( 3)
   6 L   0.05308 0.01428 0.58396 0.34868 ( 3)
   7 I   0.03998 0.03229 0.40160 0.52613 ( 4)
   8 S   0.07945 0.00794 0.78757 0.12504 ( 3)
   9 M   0.08136 0.00024 0.91011 0.00828 ( 3)
  10 L   0.08389 0.00479 0.83632 0.07501 ( 3)
  11 V   0.07803 0.00096 0.89311 0.02790 ( 3)
  12 G   0.06617 0.02096 0.63847 0.27440 ( 3)
  13 V   0.01346 0.06590 0.12829 0.79235 ( 4)
  14 F   0.03740 0.04734 0.35654 0.55872 ( 4)
  15 W   0.08684 0.00658 0.82749 0.07909 ( 3)
  16 P   0.08605 0.00005 0.91266 0.00123 ( 3)
  17 K   0.08508 0.40696 0.10662 0.40135 ( 2)
  18 -   0.05973 0.03860 0.54775 0.35392 ( 3)
  19 -   0.05973 0.03860 0.54775 0.35392 ( 3)
  20 -   0.05973 0.03860 0.54775 0.35392 ( 3)
  21 -   0.05973 0.03860 0.54775 0.35392 ( 3)
  22 -   0.01679 0.08154 0.15400 0.74767 ( 4)
  23 -   0.01870 0.02404 0.21580 0.74145 ( 4)
  24 G   0.00148 0.28832 0.00567 0.70453 ( 4)
  25 T   0.01595 0.54869 0.02129 0.41407 ( 2)
  26 N   0.01197 0.04198 0.12305 0.82300 ( 4)
  27 N   0.08373 0.00059 0.90582 0.00986 ( 3)
  28 Q   0.05497 0.01676 0.58146 0.34681 ( 3)
  29 E   0.04672 0.02524 0.47456 0.45348 ( 3)
  30 N   0.07009 0.00801 0.73696 0.18493 ( 3)
  31 L   0.08571 0.00570 0.83233 0.07626 ( 3)
  32 I   0.07772 0.00107 0.88918 0.03204 ( 3)
  33 T   0.00128 0.03184 0.01510 0.95178 ( 4)
  34 V   0.08414 0.00211 0.87129 0.04245 ( 3)
  35 I   0.08001 0.00003 0.91903 0.00092 ( 3)
  36 D   0.08113 0.00002 0.91829 0.00056 ( 3)
  37 K   0.00074 0.03724 0.00811 0.95391 ( 4)
  38 E   0.08007 0.00002 0.91928 0.00063 ( 3)
  39 V   0.07978 0.00014 0.91596 0.00412 ( 3)
  40 Q   0.08596 0.00007 0.91217 0.00180 ( 3)
  41 R   0.07797 0.00059 0.90286 0.01857 ( 3)
  42 I   0.05153 0.02389 0.52223 0.40235 ( 3)
  43 L   0.08864 0.00032 0.90526 0.00578 ( 3)
  44 D   0.07855 0.00092 0.89400 0.02654 ( 3)
  45 E   0.08249 0.02059 0.75561 0.14131 ( 3)
  46 K   0.08267 0.00263 0.86373 0.05097 ( 3)
  47 L   0.08787 0.00030 0.90583 0.00600 ( 3)
  48 S   0.08306 0.00100 0.89073 0.02522 ( 3)
  49 D   0.01673 0.26195 0.08198 0.63934 ( 4)
  50 Q   0.07959 0.00302 0.84465 0.07274 ( 3)
  51 L   0.07499 0.00095 0.88880 0.03527 ( 3)
  52 I   0.06859 0.00433 0.79352 0.13356 ( 3)
  53 K   0.06332 0.00491 0.75605 0.17572 ( 3)
  54 K   0.05386 0.03538 0.53926 0.37150 ( 3)
  55 L   0.06094 0.02752 0.58071 0.33083 ( 3)
  56 N   0.00009 0.05655 0.00094 0.94242 ( 4)
  57 A   0.06851 0.01184 0.70040 0.21925 ( 3)
  58 D   0.07798 0.00442 0.82479 0.09282 ( 3)
  59 L   0.08753 0.00027 0.90681 0.00540 ( 3)
  60 N   0.00873 0.04033 0.09392 0.85701 ( 4)
  61 A   0.00083 0.03443 0.00923 0.95551 ( 4)
  62 F   0.07967 0.00016 0.91510 0.00506 ( 3)
  63 T   0.00765 0.03739 0.08251 0.87245 ( 4)
  64 D   0.05760 0.01466 0.60051 0.32722 ( 3)
  65 L   0.00937 0.02785 0.10838 0.85440 ( 4)
  66 V   0.04050 0.04175 0.38921 0.52854 ( 4)
  67 T   0.00432 0.08000 0.04654 0.86914 ( 4)
  68 R   0.00008 0.03303 0.00091 0.96598 ( 4)
  69 L   0.00768 0.04236 0.08052 0.86944 ( 4)
  70 E   0.00051 0.25617 0.00094 0.74239 ( 4)
  71 E   0.00017 0.05518 0.00168 0.94297 ( 4)
  72 V   0.33245 0.07409 0.42689 0.16656 ( 3)
  73 I   0.08655 0.00301 0.86463 0.04581 ( 3)
  74 I   0.05382 0.01373 0.58429 0.34815 ( 3)
  75 D   0.07769 0.00010 0.91870 0.00350 ( 3)
  76 A   0.08511 0.00009 0.91287 0.00193 ( 3)
  77 T   0.03664 0.03015 0.37482 0.55839 ( 4)
  78 F   0.07467 0.00298 0.82977 0.09258 ( 3)
  79 -   0.08137 0.00640 0.81139 0.10084 ( 3)
  80 -   0.08444 0.00017 0.91091 0.00448 ( 3)
  81 -   0.22821 0.03058 0.60957 0.13164 ( 3)
  82 -   0.07643 0.00149 0.87474 0.04734 ( 3)
  83 -   0.01302 0.03048 0.14038 0.81611 ( 4)
  84 E   0.02812 0.01703 0.33261 0.62223 ( 4)
  85 N   0.28538 0.10668 0.40971 0.19824 ( 3)
  86 H   0.38768 0.05972 0.52126 0.03134 ( 3)
  87 K   0.08147 0.00038 0.90625 0.01191 ( 3)
  88 P   0.03571 0.02338 0.37898 0.56194 ( 4)
  89 V   0.00156 0.03847 0.01660 0.94338 ( 4)
  90 L   0.03142 0.02677 0.33265 0.60916 ( 4)
  91 Q   0.00663 0.03068 0.07448 0.88821 ( 4)
  92 V   0.07806 0.00381 0.82745 0.09068 ( 3)
  93 S   0.02468 0.02541 0.26612 0.68380 ( 4)
  94 K   0.00014 0.04107 0.00146 0.95733 ( 4)
  95 S   0.08785 0.00017 0.90858 0.00340 ( 3)
  96 N   0.08812 0.00013 0.90915 0.00259 ( 3)
  97 Y   0.09342 0.00018 0.90401 0.00239 ( 3)
  98 M   0.00004 0.03318 0.00051 0.96627 ( 4)
  99 K   0.08593 0.00073 0.89809 0.01525 ( 3)
 100 V   0.08162 0.00014 0.91416 0.00408 ( 3)
 101 D   0.02638 0.03652 0.27051 0.66658 ( 4)
 102 S   0.00015 0.04001 0.00164 0.95821 ( 4)
 103 A   0.00031 0.03127 0.00342 0.96500 ( 4)
 104 Y   0.05925 0.01117 0.63846 0.29112 ( 3)
 105 F   0.00026 0.04954 0.00262 0.94758 ( 4)
 106 S   0.00188 0.03313 0.02089 0.94410 ( 4)
 107 T   0.07552 0.00460 0.81321 0.10667 ( 3)
 108 G   0.00092 0.13670 0.00511 0.85727 ( 4)
 109 G   0.01496 0.02724 0.16362 0.79418 ( 4)
 110 I   0.00023 0.03796 0.00245 0.95937 ( 4)
 111 L   0.08418 0.00030 0.90754 0.00797 ( 3)
 112 T   0.00039 0.05995 0.00389 0.93577 ( 4)
 113 L   0.00107 0.03688 0.01180 0.95025 ( 4)
 114 G   0.00869 0.06084 0.08490 0.84557 ( 4)
 115 M   0.00340 0.07132 0.03261 0.89267 ( 4)
 116 S   0.06031 0.00677 0.68775 0.24518 ( 3)
 117 D   0.00632 0.03699 0.06709 0.88959 ( 4)
 118 F   0.07293 0.00318 0.81562 0.10827 ( 3)
 119 L   0.05856 0.00867 0.67083 0.26194 ( 3)
 120 T   0.08268 0.00257 0.86090 0.05384 ( 3)
 121 D   0.08525 0.00531 0.83341 0.07603 ( 3)
 122 T   0.08565 0.00105 0.89125 0.02204 ( 3)
 123 Y   0.08231 0.00009 0.91480 0.00280 ( 3)
 124 S   0.06759 0.00367 0.79669 0.13205 ( 3)
 125 K   0.01058 0.05324 0.10529 0.83088 ( 4)
 126 L   0.08399 0.00385 0.84772 0.06444 ( 3)
 127 T   0.08191 0.00026 0.91024 0.00758 ( 3)
 128 F   0.04559 0.01333 0.52680 0.41427 ( 3)
 129 P   0.08541 0.00018 0.91013 0.00429 ( 3)
 130 L   0.06754 0.01612 0.66770 0.24864 ( 3)
 131 Y   0.08043 0.00080 0.89391 0.02486 ( 3)
 132 V   0.08191 0.00760 0.80320 0.10730 ( 3)
 133 L   0.07910 0.00016 0.91562 0.00511 ( 3)
 134 G   0.08475 0.00004 0.91418 0.00104 ( 3)
 135 A   0.08240 0.00003 0.91680 0.00077 ( 3)
 136 T   0.08202 0.00009 0.91551 0.00238 ( 3)
 137 M   0.00807 0.03202 0.08995 0.86997 ( 4)
 138 K   0.02418 0.02931 0.25647 0.69004 ( 4)
 139 L   0.07951 0.00233 0.85713 0.06103 ( 3)
 140 S   0.07341 0.01577 0.70773 0.20309 ( 3)
 141 A   0.00092 0.03997 0.00996 0.94915 ( 4)
 142 Y   0.05536 0.01214 0.60377 0.32872 ( 3)
 143 H   0.08553 0.00027 0.90765 0.00655 ( 3)
 144 S   0.02318 0.06036 0.21908 0.69738 ( 4)
 145 Y   0.07799 0.00209 0.85852 0.06140 ( 3)
 146 I   0.07876 0.00030 0.91149 0.00945 ( 3)
 147 Q   0.08001 0.00426 0.82995 0.08579 ( 3)
 148 F   0.08251 0.00002 0.91694 0.00054 ( 3)
 149 G   0.01732 0.05001 0.17132 0.76135 ( 4)
 150 N   0.07487 0.00097 0.89300 0.03116 ( 3)
 151 T   0.00013 0.03362 0.00149 0.96476 ( 4)
 152 W   0.08684 0.00658 0.82749 0.07909 ( 3)
 153 L   0.08487 0.00723 0.81586 0.09204 ( 3)
 154 N   0.03626 0.02241 0.38655 0.55478 ( 4)
 155 K   0.00080 0.03433 0.00897 0.95590 ( 4)
 156 V   0.08689 0.00005 0.91199 0.00107 ( 3)
 157 Y   0.08350 0.00020 0.91076 0.00553 ( 3)
 158 -   0.08250 0.00170 0.87498 0.04082 ( 3)
 159 -   0.06615 0.00412 0.78045 0.14928 ( 3)
 160 -   0.07064 0.00568 0.77040 0.15328 ( 3)
 161 D   0.01490 0.03869 0.15537 0.79104 ( 4)
 162 L   0.00056 0.03406 0.00629 0.95910 ( 4)
 163 S   0.00443 0.03983 0.04658 0.90916 ( 4)
 164 S   0.00002 0.07091 0.00015 0.92893 ( 4)
 165 D   0.00102 0.04003 0.01115 0.94779 ( 4)
 166 E   0.00015 0.03369 0.00165 0.96451 ( 4)
 167 G   0.01220 0.03059 0.13155 0.82566 ( 4)
 168 K   0.00096 0.03540 0.01052 0.95312 ( 4)
 169 T   0.08107 0.00027 0.91071 0.00795 ( 3)
 170 M   0.00937 0.03557 0.09945 0.85561 ( 4)
 171 S   0.00012 0.05527 0.00120 0.94341 ( 4)
 172 Q   0.06275 0.01112 0.66499 0.26114 ( 3)
 173 A   0.04439 0.01302 0.52632 0.41628 ( 3)
 174 L   0.09008 0.00024 0.90568 0.00400 ( 3)
 175 A   0.00148 0.05925 0.01475 0.92452 ( 4)
 176 R   0.00214 0.02972 0.02530 0.94284 ( 4)
 177 A   0.08211 0.00231 0.86536 0.05022 ( 3)
 178 K   0.07945 0.00002 0.91984 0.00069 ( 3)
 179 Q   0.00008 0.05968 0.00081 0.93943 ( 4)
 180 H   0.00094 0.02731 0.01115 0.96060 ( 4)
 181 M   0.08196 0.00004 0.91675 0.00125 ( 3)
 182 R   0.06885 0.02151 0.65483 0.25481 ( 3)
 183 Q   0.00233 0.03413 0.02585 0.93770 ( 4)
 184 D   0.00009 0.03822 0.00100 0.96069 ( 4)
 185 I   0.08023 0.00005 0.91816 0.00155 ( 3)
 186 A   0.00048 0.40474 0.00067 0.59411 ( 4)
 187 F   0.00001 0.15672 0.00008 0.84319 ( 4)
 188 Y   0.08902 0.00159 0.88442 0.02497 ( 3)
 189 T   0.08630 0.00005 0.91258 0.00107 ( 3)
 190 S   0.00008 0.05517 0.00085 0.94390 ( 4)
 191 Q   0.02267 0.02211 0.26183 0.69340 ( 4)
 192 A   0.08311 0.00023 0.91083 0.00583 ( 3)
 193 L   0.04987 0.02784 0.49339 0.42890 ( 3)
 194 N   0.05529 0.01069 0.63049 0.30353 ( 3)
 195 M   0.05433 0.02793 0.53076 0.38698 ( 3)
 196 F   0.08252 0.00001 0.91714 0.00033 ( 3)
 197 T   0.07225 0.00282 0.83644 0.08848 ( 3)
 198 -   0.09403 0.00430 0.86223 0.03944 ( 3)
 199 -   0.01585 0.08248 0.14538 0.75629 ( 4)
 200 G   0.00340 0.12227 0.01990 0.85443 ( 4)
 201 N   0.05230 0.02261 0.53916 0.38593 ( 3)
 202 L   0.10029 0.54609 0.08313 0.27049 ( 2)
 203 P   0.08566 0.00004 0.91333 0.00097 ( 3)
 204 S   0.07884 0.00479 0.81835 0.09802 ( 3)
 205 L   0.08782 0.00155 0.89434 0.01630 ( 3)
 206 S   0.00949 0.77466 0.01060 0.20526 ( 2)
 207 S   0.06711 0.00810 0.71980 0.20498 ( 3)
 208 N   0.07776 0.00062 0.90005 0.02157 ( 3)
 209 K   0.07945 0.00002 0.91984 0.00069 ( 3)
 210 Y   0.00091 0.02989 0.01082 0.95839 ( 4)
 211 A   0.03177 0.03036 0.32854 0.60932 ( 4)
 212 I   0.09282 0.00516 0.86109 0.04093 ( 3)
 213 N   0.39021 0.00245 0.59549 0.01184 ( 3)
 214 D   0.05457 0.21797 0.08229 0.64516 ( 4)
 215 Y   0.08748 0.00057 0.90110 0.01085 ( 3)
 216 N   0.07747 0.00002 0.92187 0.00064 ( 3)
 217 V   0.00125 0.10691 0.00986 0.88198 ( 4)
 218 Y   0.08322 0.00033 0.90763 0.00883 ( 3)
 219 T   0.07030 0.00447 0.79205 0.13318 ( 3)
 220 R   0.08705 0.00459 0.84585 0.06251 ( 3)
 221 A   0.08816 0.00033 0.90527 0.00624 ( 3)
 222 M   0.56043 0.00073 0.43872 0.00012 ( 1)
 223 V   0.05582 0.01145 0.62264 0.31008 ( 3)
 224 L   0.07572 0.00917 0.76279 0.15232 ( 3)
 225 N   0.08714 0.00026 0.90713 0.00547 ( 3)
 226 G   0.07957 0.00565 0.81572 0.09906 ( 3)
 227 L   0.08750 0.00040 0.90447 0.00763 ( 3)
 228 D   0.07779 0.00001 0.92191 0.00030 ( 3)
 229 I   0.07803 0.48490 0.09349 0.34359 ( 2)
 230 V   0.09072 0.00123 0.89558 0.01247 ( 3)
 231 A   0.08238 0.00004 0.91646 0.00112 ( 3)
 232 T   0.07472 0.00288 0.83917 0.08323 ( 3)
 233 W   0.08684 0.00658 0.82749 0.07909 ( 3)


lnL = -4161.741461

