Supplemental results for CODEML (seqf: algn  treef: tree)


dN/dS (w) for site classes (K=4)

site class             0        1       2a       2b
proportion       0.50412  0.39769  0.05488  0.04330
background w     0.15683  1.00000  0.15683  1.00000
foreground w     0.15683  1.00000 20.25611 20.25611

Naive Empirical Bayes (NEB) probabilities for 4 classes
(amino acids refer to 1st sequence: BT_Cry1Ba1)

   1 -   0.50412 0.39769 0.05488 0.04330 ( 1)
   2 -   0.50412 0.39769 0.05488 0.04330 ( 1)
   3 -   0.50412 0.39769 0.05488 0.04330 ( 1)
   4 -   0.50412 0.39769 0.05488 0.04330 ( 1)
   5 -   0.50412 0.39769 0.05488 0.04330 ( 1)
   6 -   0.81447 0.08735 0.08867 0.00951 ( 1)
   7 -   0.81755 0.08427 0.08901 0.00917 ( 1)
   8 -   0.34242 0.61715 0.00664 0.03380 ( 2)
   9 -   0.90158 0.01217 0.08545 0.00080 ( 1)
  10 R   0.96936 0.01642 0.01391 0.00030 ( 1)
  11 I   0.98355 0.00002 0.01642 0.00000 ( 1)
  12 T   0.98430 0.00003 0.01567 0.00000 ( 1)
  13 Q   0.94702 0.00413 0.04864 0.00022 ( 1)
  14 I   0.57526 0.40008 0.01393 0.01072 ( 1)
  15 P   0.98199 0.00009 0.01792 0.00000 ( 1)
  16 M   0.00003 0.94972 0.00000 0.05025 ( 2)
  17 V   0.97646 0.00528 0.01813 0.00013 ( 1)
  18 K   0.98595 0.00080 0.01323 0.00001 ( 1)
  19 A   0.96499 0.01000 0.02472 0.00028 ( 1)
  20 S   0.00340 0.97705 0.00005 0.01950 ( 2)
  21 E   0.00032 0.94766 0.00002 0.05200 ( 2)
  22 L   0.00368 0.97166 0.00008 0.02458 ( 2)
  23 P   0.00000 0.55364 0.00000 0.44636 ( 2)
  24 Q   0.00002 0.97943 0.00000 0.02055 ( 2)
  25 G   0.98226 0.00004 0.01769 0.00000 ( 1)
  26 T   0.00555 0.57882 0.02490 0.39073 ( 2)
  27 T   0.41686 0.22398 0.31505 0.04411 ( 1)
  28 V   0.17908 0.72274 0.01950 0.07869 ( 2)
  29 V   0.98051 0.00331 0.01611 0.00007 ( 1)
  30 R   0.88248 0.10414 0.01157 0.00180 ( 1)
  31 G   0.98275 0.00035 0.01690 0.00001 ( 1)
  32 P   0.98193 0.00014 0.01792 0.00000 ( 1)
  33 G   0.98308 0.00007 0.01685 0.00000 ( 1)
  34 F   0.98621 0.00002 0.01377 0.00000 ( 1)
  35 T   0.98429 0.00009 0.01561 0.00000 ( 1)
  36 G   0.98310 0.00005 0.01685 0.00000 ( 1)
  37 G   0.98131 0.00182 0.01683 0.00004 ( 1)
  38 D   0.98777 0.00035 0.01187 0.00001 ( 1)
  39 I   0.97547 0.00834 0.01601 0.00019 ( 1)
  40 L   0.83185 0.11434 0.04689 0.00691 ( 1)
  41 R   0.93950 0.02397 0.03557 0.00096 ( 1)
  42 R   0.03363 0.00019 0.96596 0.00021 ( 3)
  43 T   0.97213 0.00290 0.02489 0.00008 ( 1)
  44 N   0.00000 0.97102 0.00000 0.02898 ( 2)
  45 T   0.00008 0.98231 0.00000 0.01761 ( 2)
  46 -   0.65897 0.32713 0.00822 0.00567 ( 1)
  47 G   0.98223 0.00051 0.01725 0.00001 ( 1)
  48 G   0.00051 0.98327 0.00001 0.01621 ( 2)
  49 F   0.00198 0.89331 0.00092 0.10379 ( 2)
  50 G   0.93867 0.03492 0.02535 0.00106 ( 1)
  51 P   0.18561 0.79070 0.00345 0.02024 ( 2)
  52 I   0.98139 0.00276 0.01578 0.00006 ( 1)
  53 R   0.97921 0.00051 0.02026 0.00001 ( 1)
  54 V   0.42258 0.00167 0.57549 0.00026 ( 3)
  55 T   0.00013 0.49105 0.00089 0.50793 ( 4)
  56 V   0.57165 0.40201 0.01379 0.01255 ( 1)
  57 N   0.03066 0.94764 0.00058 0.02112 ( 2)
  58 G   0.00042 0.97851 0.00001 0.02106 ( 2)
  59 P   0.08558 0.85800 0.00496 0.05146 ( 2)
  60 L   0.94610 0.03038 0.02272 0.00081 ( 1)
  61 T   0.97365 0.01065 0.01547 0.00022 ( 1)
  62 Q   0.97832 0.00030 0.02137 0.00001 ( 1)
  63 R   0.06076 0.91424 0.00142 0.02358 ( 2)
  64 Y   0.98059 0.00016 0.01925 0.00000 ( 1)
  65 R   0.96471 0.01541 0.01954 0.00034 ( 1)
  66 I   0.97253 0.01155 0.01564 0.00027 ( 1)
  67 G   0.98551 0.00015 0.01434 0.00000 ( 1)
  68 F   0.01049 0.91041 0.00189 0.07721 ( 2)
  69 R   0.97985 0.00035 0.01979 0.00001 ( 1)
  70 Y   0.96926 0.01146 0.01903 0.00025 ( 1)
  71 A   0.98445 0.00003 0.01552 0.00000 ( 1)
  72 S   0.94725 0.02872 0.02326 0.00077 ( 1)
  73 T   0.98530 0.00050 0.01419 0.00001 ( 1)
  74 V   0.09102 0.88676 0.00157 0.02066 ( 2)
  75 D   0.96819 0.01988 0.01163 0.00030 ( 1)
  76 F   0.91580 0.06499 0.01762 0.00159 ( 1)
  77 D   0.00000 0.97477 0.00000 0.02523 ( 2)
  78 F   0.32176 0.63190 0.01510 0.03123 ( 2)
  79 F   0.00030 0.97537 0.00001 0.02432 ( 2)
  80 V   0.77063 0.10007 0.12119 0.00811 ( 1)
  81 S   0.00000 0.94375 0.00000 0.05625 ( 2)
  82 R   0.05250 0.92753 0.00083 0.01914 ( 2)
  83 G   0.05049 0.75110 0.02570 0.17271 ( 2)
  84 G   0.00007 0.88543 0.00001 0.11449 ( 2)
  85 T   0.01752 0.93113 0.00091 0.05043 ( 2)
  86 T   0.00022 0.79001 0.00039 0.20937 ( 2)
  87 -   0.66501 0.32080 0.00835 0.00585 ( 1)
  88 -   0.01110 0.27942 0.38304 0.32644 ( 3)
  89 V   0.62623 0.25698 0.08172 0.03507 ( 1)
  90 N   0.00731 0.96869 0.00014 0.02386 ( 2)
  91 N   0.00160 0.80627 0.00168 0.19046 ( 2)
  92 F   0.00517 0.73124 0.00755 0.25604 ( 2)
  93 R   0.00001 0.79840 0.00003 0.20156 ( 2)
  94 F   0.01627 0.95613 0.00042 0.02718 ( 2)
  95 L   0.00000 0.79562 0.00001 0.20437 ( 2)
  96 R   0.45773 0.52141 0.00925 0.01162 ( 2)
  97 T   0.98437 0.00002 0.01561 0.00000 ( 1)
  98 M   0.98893 0.00001 0.01106 0.00000 ( 1)
  99 N   0.00531 0.96169 0.00017 0.03282 ( 2)
 100 S   0.00204 0.98173 0.00002 0.01621 ( 2)
 101 G   0.97563 0.00750 0.01672 0.00015 ( 1)
 102 D   0.00000 0.96242 0.00000 0.03758 ( 2)
 103 E   0.95145 0.01368 0.03435 0.00052 ( 1)
 104 L   0.68140 0.29397 0.01669 0.00794 ( 1)
 105 K   0.52019 0.43423 0.02399 0.02160 ( 1)
 106 Y   0.90495 0.07563 0.01777 0.00165 ( 1)
 107 G   0.98106 0.00575 0.01309 0.00010 ( 1)
 108 N   0.78335 0.18756 0.02294 0.00615 ( 1)
 109 F   0.97887 0.00187 0.01922 0.00004 ( 1)
 110 V   0.00464 0.97344 0.00009 0.02183 ( 2)
 111 R   0.95031 0.03361 0.01537 0.00071 ( 1)
 112 R   0.03135 0.94677 0.00052 0.02136 ( 2)
 113 A   0.71212 0.23933 0.03715 0.01141 ( 1)
 114 F   0.09117 0.00829 0.89690 0.00363 ( 3)
 115 T   0.04164 0.25604 0.46127 0.24105 ( 3)
 116 T   0.00456 0.00155 0.99128 0.00261 ( 3)
 117 P   0.00178 0.97846 0.00003 0.01973 ( 2)
 118 -   0.50412 0.39769 0.05488 0.04330 ( 1)
 119 -   0.50412 0.39769 0.05488 0.04330 ( 1)
 120 -   0.50412 0.39769 0.05488 0.04330 ( 1)
 121 -   0.50412 0.39769 0.05488 0.04330 ( 1)
 122 -   0.50412 0.39769 0.05488 0.04330 ( 1)
 123 -   0.50412 0.39769 0.05488 0.04330 ( 1)
 124 F   0.98508 0.00116 0.01374 0.00002 ( 1)
 125 T   0.00017 0.97808 0.00000 0.02175 ( 2)
 126 F   0.02903 0.01173 0.94271 0.01654 ( 3)
 127 T   0.01554 0.90066 0.00080 0.08299 ( 2)
 128 Q   0.17113 0.79155 0.00581 0.03151 ( 2)
 129 I   0.00842 0.97593 0.00010 0.01555 ( 2)
 130 Q   0.06946 0.90036 0.00200 0.02817 ( 2)
 131 D   0.07774 0.60038 0.15938 0.16250 ( 2)
 132 I   0.00012 0.94583 0.00001 0.05405 ( 2)
 133 I   0.93972 0.03927 0.01992 0.00109 ( 1)
 134 R   0.46961 0.49287 0.01778 0.01974 ( 2)
 135 T   0.00022 0.78675 0.00061 0.21242 ( 2)
 136 S   0.00026 0.93543 0.00001 0.06430 ( 2)
 137 I   0.01261 0.96418 0.00024 0.02297 ( 2)
 138 Q   0.00045 0.96003 0.00002 0.03950 ( 2)
 139 G   0.00553 0.97434 0.00009 0.02004 ( 2)
 140 L   0.57751 0.40451 0.01001 0.00798 ( 1)
 141 S   0.07393 0.88079 0.00322 0.04206 ( 2)
 142 G   0.00016 0.82548 0.00015 0.17421 ( 2)
 143 N   0.90074 0.08727 0.01062 0.00137 ( 1)
 144 G   0.00041 0.97983 0.00001 0.01976 ( 2)
 145 E   0.92975 0.01338 0.05575 0.00111 ( 1)
 146 V   0.44745 0.50515 0.02183 0.02557 ( 2)
 147 Y   0.26534 0.00042 0.73409 0.00015 ( 3)
 148 I   0.04621 0.93454 0.00080 0.01845 ( 2)
 149 D   0.98812 0.00001 0.01187 0.00000 ( 1)
 150 K   0.97045 0.01675 0.01252 0.00028 ( 1)
 151 I   0.98070 0.00132 0.01796 0.00003 ( 1)
 152 E   0.98681 0.00002 0.01317 0.00000 ( 1)
 153 I   0.87195 0.11242 0.01352 0.00212 ( 1)
 154 I   0.85200 0.10482 0.03824 0.00494 ( 1)
 155 P   0.87839 0.02343 0.09563 0.00255 ( 1)


lnL = -4063.567042

Bayes Empirical Bayes (BEB) probabilities for 4 classes (class)
(amino acids refer to 1st sequence: BT_Cry1Ba1)

   1 -   0.45373 0.36807 0.09836 0.07984 ( 1)
   2 -   0.45373 0.36807 0.09836 0.07984 ( 1)
   3 -   0.45373 0.36807 0.09836 0.07984 ( 1)
   4 -   0.45373 0.36807 0.09836 0.07984 ( 1)
   5 -   0.45373 0.36807 0.09836 0.07984 ( 1)
   6 -   0.74080 0.08100 0.16063 0.01757 ( 1)
   7 -   0.74183 0.07998 0.16086 0.01734 ( 1)
   8 -   0.28691 0.59092 0.02838 0.09378 ( 2)
   9 -   0.77773 0.01141 0.20890 0.00195 ( 1)
  10 R   0.89942 0.01666 0.08211 0.00180 ( 1)
  11 I   0.91680 0.00002 0.08318 0.00000 ( 1)
  12 T   0.91646 0.00003 0.08350 0.00000 ( 1)
  13 Q   0.85315 0.00382 0.14236 0.00066 ( 1)
  14 I   0.50109 0.38596 0.06135 0.05161 ( 1)
  15 P   0.90084 0.00008 0.09907 0.00001 ( 1)
  16 M   0.00002 0.85445 0.00000 0.14553 ( 2)
  17 V   0.91096 0.00531 0.08313 0.00060 ( 1)
  18 K   0.91908 0.00073 0.08011 0.00008 ( 1)
  19 A   0.87891 0.00990 0.10984 0.00135 ( 1)
  20 S   0.00242 0.90162 0.00021 0.09575 ( 2)
  21 E   0.00021 0.86025 0.00003 0.13951 ( 2)
  22 L   0.00259 0.88092 0.00031 0.11618 ( 2)
  23 P   0.00000 0.59329 0.00000 0.40671 ( 2)
  24 Q   0.00001 0.90238 0.00000 0.09761 ( 2)
  25 G   0.90611 0.00004 0.09384 0.00000 ( 1)
  26 T   0.00438 0.58529 0.01860 0.39173 ( 2)
  27 T   0.35652 0.22557 0.35509 0.06282 ( 1)
  28 V   0.14901 0.67279 0.03228 0.14592 ( 2)
  29 V   0.91231 0.00312 0.08424 0.00034 ( 1)
  30 R   0.80736 0.11111 0.06997 0.01156 ( 1)
  31 G   0.90691 0.00032 0.09274 0.00004 ( 1)
  32 P   0.90080 0.00012 0.09907 0.00002 ( 1)
  33 G   0.90718 0.00006 0.09275 0.00001 ( 1)
  34 F   0.91199 0.00002 0.08799 0.00000 ( 1)
  35 T   0.91644 0.00008 0.08347 0.00001 ( 1)
  36 G   0.90720 0.00004 0.09275 0.00001 ( 1)
  37 G   0.90555 0.00166 0.09259 0.00019 ( 1)
  38 D   0.91943 0.00034 0.08020 0.00003 ( 1)
  39 I   0.90694 0.00835 0.08377 0.00093 ( 1)
  40 L   0.74339 0.11041 0.12648 0.01972 ( 1)
  41 R   0.84866 0.02252 0.12531 0.00351 ( 1)
  42 R   0.04456 0.00027 0.95492 0.00025 ( 3)
  43 T   0.88620 0.00268 0.11075 0.00037 ( 1)
  44 N   0.00000 0.87931 0.00000 0.12069 ( 2)
  45 T   0.00005 0.90671 0.00000 0.09323 ( 2)
  46 -   0.60531 0.30883 0.05307 0.03279 ( 1)
  47 G   0.90974 0.00047 0.08973 0.00005 ( 1)
  48 G   0.00035 0.90560 0.00003 0.09402 ( 2)
  49 F   0.00133 0.78284 0.00140 0.21443 ( 2)
  50 G   0.85203 0.03490 0.10822 0.00485 ( 1)
  51 P   0.14685 0.75554 0.01325 0.08436 ( 2)
  52 I   0.91810 0.00269 0.07891 0.00029 ( 1)
  53 R   0.90129 0.00047 0.09818 0.00006 ( 1)
  54 V   0.26642 0.00110 0.73214 0.00034 ( 3)
  55 T   0.00010 0.50185 0.00066 0.49739 ( 2)
  56 V   0.49436 0.40846 0.04938 0.04781 ( 1)
  57 N   0.02235 0.87220 0.00234 0.10311 ( 2)
  58 G   0.00029 0.89954 0.00003 0.10014 ( 2)
  59 P   0.06693 0.78201 0.01155 0.13952 ( 2)
  60 L   0.86069 0.02943 0.10593 0.00395 ( 1)
  61 T   0.90576 0.01057 0.08251 0.00116 ( 1)
  62 Q   0.89219 0.00027 0.10751 0.00004 ( 1)
  63 R   0.04654 0.83679 0.00567 0.11100 ( 2)
  64 Y   0.89677 0.00014 0.10307 0.00002 ( 1)
  65 R   0.88086 0.01420 0.10313 0.00181 ( 1)
  66 I   0.90907 0.01153 0.07814 0.00126 ( 1)
  67 G   0.91601 0.00014 0.08383 0.00001 ( 1)
  68 F   0.00781 0.82246 0.00244 0.16729 ( 2)
  69 R   0.89494 0.00031 0.10471 0.00004 ( 1)
  70 Y   0.88565 0.01115 0.10178 0.00141 ( 1)
  71 A   0.91273 0.00002 0.08724 0.00000 ( 1)
  72 S   0.86272 0.02725 0.10638 0.00365 ( 1)
  73 T   0.91844 0.00047 0.08105 0.00005 ( 1)
  74 V   0.06983 0.83037 0.00648 0.09332 ( 2)
  75 D   0.89894 0.02056 0.07839 0.00211 ( 1)
  76 F   0.84275 0.06609 0.08344 0.00772 ( 1)
  77 D   0.00000 0.89440 0.00000 0.10560 ( 2)
  78 F   0.26487 0.59455 0.04196 0.09862 ( 2)
  79 F   0.00020 0.88401 0.00002 0.11577 ( 2)
  80 V   0.66374 0.09814 0.21802 0.02011 ( 1)
  81 S   0.00000 0.85887 0.00000 0.14113 ( 2)
  82 R   0.04095 0.86025 0.00374 0.09506 ( 2)
  83 G   0.03821 0.69652 0.02596 0.23931 ( 2)
  84 G   0.00004 0.79121 0.00001 0.20873 ( 2)
  85 T   0.01250 0.84116 0.00206 0.14428 ( 2)
  86 T   0.00013 0.65534 0.00047 0.34406 ( 2)
  87 -   0.61281 0.30379 0.05165 0.03175 ( 1)
  88 -   0.01314 0.36816 0.28640 0.33230 ( 2)
  89 V   0.52804 0.25314 0.14728 0.07155 ( 1)
  90 N   0.00504 0.88577 0.00053 0.10866 ( 2)
  91 N   0.00111 0.73374 0.00152 0.26362 ( 2)
  92 F   0.00373 0.67803 0.00675 0.31150 ( 2)
  93 R   0.00001 0.73131 0.00002 0.26866 ( 2)
  94 F   0.01223 0.86853 0.00152 0.11772 ( 2)
  95 L   0.00000 0.67813 0.00001 0.32186 ( 2)
  96 R   0.38093 0.50979 0.04434 0.06493 ( 2)
  97 T   0.91651 0.00001 0.08348 0.00000 ( 1)
  98 M   0.91437 0.00001 0.08562 0.00000 ( 1)
  99 N   0.00379 0.86699 0.00053 0.12868 ( 2)
 100 S   0.00141 0.90735 0.00012 0.09112 ( 2)
 101 G   0.89982 0.00734 0.09199 0.00086 ( 1)
 102 D   0.00000 0.86602 0.00000 0.13398 ( 2)
 103 E   0.85872 0.01351 0.12568 0.00209 ( 1)
 104 L   0.59978 0.28792 0.07373 0.03857 ( 1)
 105 K   0.43875 0.43090 0.06272 0.06764 ( 1)
 106 Y   0.82387 0.07237 0.09463 0.00913 ( 1)
 107 G   0.91088 0.00578 0.08272 0.00062 ( 1)
 108 N   0.70103 0.18188 0.09129 0.02580 ( 1)
 109 F   0.89511 0.00179 0.10288 0.00023 ( 1)
 110 V   0.00328 0.88395 0.00038 0.11239 ( 2)
 111 R   0.87976 0.03419 0.08224 0.00381 ( 1)
 112 R   0.02364 0.87694 0.00215 0.09727 ( 2)
 113 A   0.62287 0.22909 0.10929 0.03875 ( 1)
 114 F   0.08533 0.00882 0.90100 0.00485 ( 3)
 115 T   0.04028 0.30345 0.39413 0.26215 ( 3)
 116 T   0.00712 0.00281 0.98664 0.00343 ( 3)
 117 P   0.00123 0.90251 0.00011 0.09615 ( 2)
 118 -   0.45373 0.36807 0.09836 0.07984 ( 1)
 119 -   0.45373 0.36807 0.09836 0.07984 ( 1)
 120 -   0.45373 0.36807 0.09836 0.07984 ( 1)
 121 -   0.45373 0.36807 0.09836 0.07984 ( 1)
 122 -   0.45373 0.36807 0.09836 0.07984 ( 1)
 123 -   0.45373 0.36807 0.09836 0.07984 ( 1)
 124 F   0.91088 0.00112 0.08788 0.00012 ( 1)
 125 T   0.00011 0.89762 0.00001 0.10227 ( 2)
 126 F   0.03711 0.01754 0.92518 0.02017 ( 3)
 127 T   0.01103 0.80700 0.00171 0.18026 ( 2)
 128 Q   0.13861 0.74335 0.01691 0.10113 ( 2)
 129 I   0.00595 0.90375 0.00049 0.08980 ( 2)
 130 Q   0.05324 0.82453 0.00691 0.11532 ( 2)
 131 D   0.05424 0.51315 0.19217 0.24044 ( 2)
 132 I   0.00008 0.85016 0.00001 0.14976 ( 2)
 133 I   0.87004 0.03996 0.08527 0.00473 ( 1)
 134 R   0.40043 0.46786 0.05896 0.07275 ( 2)
 135 T   0.00015 0.68866 0.00066 0.31054 ( 2)
 136 S   0.00017 0.84382 0.00003 0.15599 ( 2)
 137 I   0.00935 0.88746 0.00093 0.10227 ( 2)
 138 Q   0.00030 0.86409 0.00005 0.13557 ( 2)
 139 G   0.00394 0.89245 0.00040 0.10321 ( 2)
 140 L   0.49180 0.40692 0.05267 0.04860 ( 1)
 141 S   0.05706 0.81171 0.00804 0.12319 ( 2)
 142 G   0.00010 0.76380 0.00012 0.23597 ( 2)
 143 N   0.83028 0.09143 0.06911 0.00919 ( 1)
 144 G   0.00028 0.89666 0.00003 0.10303 ( 2)
 145 E   0.83872 0.01318 0.14527 0.00282 ( 1)
 146 V   0.37912 0.47798 0.06187 0.08103 ( 2)
 147 Y   0.18609 0.00030 0.81345 0.00017 ( 3)
 148 I   0.03471 0.85945 0.00370 0.10214 ( 2)
 149 D   0.91976 0.00001 0.08023 0.00000 ( 1)
 150 K   0.90329 0.01749 0.07742 0.00180 ( 1)
 151 I   0.90022 0.00125 0.09837 0.00015 ( 1)
 152 E   0.91672 0.00002 0.08326 0.00000 ( 1)
 153 I   0.79727 0.11118 0.07893 0.01262 ( 1)
 154 I   0.76275 0.10120 0.11947 0.01659 ( 1)
 155 P   0.80019 0.02161 0.17351 0.00469 ( 1)

