Supplemental results for CODEML (seqf: algn  treef: tree)


dN/dS (w) for site classes (K=4)

site class             0        1       2a       2b
proportion       0.60438  0.34372  0.03309  0.01882
background w     0.04568  0.64434  0.04568  0.64434
foreground w     0.04568  0.64434  3.16468  3.16468

Naive Empirical Bayes (NEB) probabilities for 4 classes
(amino acids refer to 1st sequence: BT_Cry1Ca11)

   1 N   0.83804 0.16124 0.00046 0.00026 ( 1)
   2 F   0.94167 0.05823 0.00006 0.00004 ( 1)
   3 V   0.93441 0.06529 0.00019 0.00011 ( 1)
   4 P   0.90657 0.09326 0.00011 0.00006 ( 1)
   5 G   0.81069 0.18769 0.00103 0.00059 ( 1)
   6 G   0.91263 0.08691 0.00029 0.00016 ( 1)
   7 G   0.86004 0.13826 0.00108 0.00062 ( 1)
   8 F   0.94167 0.05823 0.00006 0.00004 ( 1)
   9 L   0.34008 0.65065 0.00591 0.00336 ( 2)
  10 V   0.03622 0.92186 0.02672 0.01520 ( 2)
  11 G   0.93407 0.06579 0.00009 0.00005 ( 1)
  12 L   0.88066 0.11877 0.00037 0.00021 ( 1)
  13 I   0.00000 0.11803 0.56223 0.31974 ( 3)
  14 D   0.95555 0.04436 0.00006 0.00003 ( 1)
  15 F   0.01851 0.93898 0.02710 0.01541 ( 2)
  16 V   0.58803 0.41015 0.00116 0.00066 ( 1)
  17 W   0.76589 0.23114 0.00189 0.00108 ( 1)
  18 G   0.87541 0.12373 0.00055 0.00031 ( 1)
  19 I   0.08365 0.90627 0.00642 0.00365 ( 2)
  20 V   0.25380 0.71730 0.01842 0.01048 ( 2)
  21 G   0.35499 0.63441 0.00676 0.00385 ( 2)
  22 P   0.90044 0.09923 0.00021 0.00012 ( 1)
  23 S   0.91120 0.08862 0.00012 0.00007 ( 1)
  24 Q   0.00007 0.32133 0.43258 0.24601 ( 3)
  25 W   0.76589 0.23114 0.00189 0.00108 ( 1)
  26 D   0.46402 0.53019 0.00369 0.00210 ( 2)
  27 A   0.04350 0.93318 0.01486 0.00845 ( 2)
  28 F   0.94167 0.05823 0.00006 0.00004 ( 1)
  29 L   0.89665 0.10286 0.00031 0.00018 ( 1)
  30 V   0.06464 0.90509 0.01930 0.01098 ( 2)
  31 Q   0.83534 0.16348 0.00075 0.00043 ( 1)
  32 I   0.94123 0.05860 0.00010 0.00006 ( 1)
  33 E   0.94711 0.05277 0.00008 0.00004 ( 1)
  34 Q   0.16399 0.76304 0.04651 0.02645 ( 2)
  35 L   0.83546 0.16297 0.00100 0.00057 ( 1)
  36 I   0.94123 0.05860 0.00010 0.00006 ( 1)
  37 N   0.63691 0.36214 0.00061 0.00035 ( 1)
  38 E   0.03926 0.89586 0.04136 0.02352 ( 2)
  39 R   0.93850 0.06141 0.00006 0.00003 ( 1)
  40 I   0.95225 0.04763 0.00007 0.00004 ( 1)
  41 A   0.31952 0.67295 0.00480 0.00273 ( 2)
  42 E   0.00252 0.62353 0.23838 0.13557 ( 2)
  43 F   0.00223 0.84791 0.09553 0.05433 ( 2)
  44 A   0.53664 0.46011 0.00207 0.00118 ( 1)
  45 R   0.90654 0.09323 0.00014 0.00008 ( 1)
  46 N   0.00232 0.68216 0.20113 0.11439 ( 2)
  47 A   0.05586 0.93116 0.00827 0.00470 ( 2)
  48 A   0.94251 0.05735 0.00009 0.00005 ( 1)
  49 I   0.87496 0.12384 0.00077 0.00044 ( 1)
  50 A   0.01725 0.86443 0.07542 0.04289 ( 2)
  51 N   0.10349 0.88984 0.00425 0.00242 ( 2)
  52 L   0.88066 0.11877 0.00037 0.00021 ( 1)
  53 E   0.94711 0.05277 0.00008 0.00004 ( 1)
  54 G   0.93380 0.06601 0.00012 0.00007 ( 1)
  55 L   0.88066 0.11877 0.00037 0.00021 ( 1)
  56 G   0.87541 0.12373 0.00055 0.00031 ( 1)
  57 N   0.05532 0.92876 0.01015 0.00577 ( 2)
  58 N   0.55059 0.44560 0.00243 0.00138 ( 1)
  59 F   0.03140 0.87816 0.05765 0.03279 ( 2)
  60 N   0.04568 0.93079 0.01500 0.00853 ( 2)
  61 I   0.46747 0.51544 0.01089 0.00619 ( 2)
  62 Y   0.87964 0.11992 0.00028 0.00016 ( 1)
  63 V   0.01230 0.75505 0.14831 0.08434 ( 2)
  64 E   0.92925 0.07038 0.00024 0.00014 ( 1)
  65 A   0.94430 0.05558 0.00008 0.00004 ( 1)
  66 F   0.94167 0.05823 0.00006 0.00004 ( 1)
  67 K   0.94654 0.05335 0.00007 0.00004 ( 1)
  68 E   0.94037 0.05941 0.00014 0.00008 ( 1)
  69 W   0.76589 0.23114 0.00189 0.00108 ( 1)
  70 E   0.94711 0.05277 0.00008 0.00004 ( 1)
  71 E   0.00001 0.09190 0.57888 0.32921 ( 3)
  72 D   0.06153 0.86810 0.04485 0.02551 ( 2)
  73 P   0.90062 0.09922 0.00011 0.00006 ( 1)
  74 N   0.48411 0.51075 0.00328 0.00186 ( 2)
  75 N   0.90240 0.09710 0.00032 0.00018 ( 1)
  76 P   0.00108 0.65581 0.21872 0.12439 ( 2)
  77 A   0.02395 0.78049 0.12466 0.07090 ( 2)
  78 T   0.39006 0.60346 0.00414 0.00235 ( 2)
  79 R   0.18480 0.66267 0.09724 0.05530 ( 2)
  80 T   0.01858 0.72412 0.16402 0.09328 ( 2)
  81 R   0.93850 0.06141 0.00006 0.00003 ( 1)
  82 V   0.93531 0.06443 0.00016 0.00009 ( 1)
  83 I   0.03976 0.87896 0.05181 0.02947 ( 2)
  84 D   0.51180 0.47845 0.00621 0.00353 ( 1)
  85 R   0.72949 0.25543 0.00962 0.00547 ( 1)
  86 F   0.94167 0.05823 0.00006 0.00004 ( 1)
  87 R   0.89284 0.10699 0.00011 0.00006 ( 1)
  88 I   0.95225 0.04763 0.00007 0.00004 ( 1)
  89 L   0.43612 0.55738 0.00414 0.00236 ( 2)
  90 D   0.95672 0.04320 0.00005 0.00003 ( 1)
  91 G   0.35652 0.62144 0.01405 0.00799 ( 2)
  92 L   0.29685 0.67991 0.01481 0.00842 ( 2)
  93 L   0.41731 0.57856 0.00263 0.00150 ( 2)
  94 E   0.94711 0.05277 0.00008 0.00004 ( 1)
  95 R   0.03450 0.93460 0.01970 0.01120 ( 2)
  96 D   0.51239 0.48513 0.00158 0.00090 ( 1)
  97 I   0.81466 0.18302 0.00148 0.00084 ( 1)
  98 P   0.89937 0.10046 0.00010 0.00006 ( 1)
  99 S   0.82395 0.17418 0.00119 0.00068 ( 1)
 100 F   0.94167 0.05823 0.00006 0.00004 ( 1)
 101 R   0.78205 0.21508 0.00183 0.00104 ( 1)
 102 I   0.49616 0.48828 0.00992 0.00564 ( 1)
 103 S   0.00000 0.05092 0.60500 0.34407 ( 3)
 104 G   0.93407 0.06579 0.00009 0.00005 ( 1)
 105 F   0.94167 0.05823 0.00006 0.00004 ( 1)
 106 E   0.94711 0.05277 0.00008 0.00004 ( 1)
 107 V   0.88462 0.11418 0.00077 0.00044 ( 1)
 108 P   0.84972 0.14955 0.00046 0.00026 ( 1)
 109 L   0.92044 0.07941 0.00010 0.00006 ( 1)
 110 L   0.87524 0.12383 0.00059 0.00034 ( 1)
 111 S   0.17310 0.74485 0.05230 0.02974 ( 2)
 112 V   0.93078 0.06895 0.00018 0.00010 ( 1)
 113 Y   0.91573 0.08408 0.00012 0.00007 ( 1)
 114 A   0.02052 0.79917 0.11494 0.06537 ( 2)
 115 Q   0.89222 0.10753 0.00016 0.00009 ( 1)
 116 A   0.91152 0.08821 0.00017 0.00010 ( 1)
 117 A   0.89488 0.10476 0.00023 0.00013 ( 1)
 118 N   0.95590 0.04403 0.00004 0.00002 ( 1)
 119 L   0.80414 0.19197 0.00248 0.00141 ( 1)
 120 H   0.93373 0.06619 0.00005 0.00003 ( 1)
 121 L   0.80039 0.19617 0.00219 0.00125 ( 1)
 122 A   0.93901 0.06086 0.00009 0.00005 ( 1)
 123 I   0.38060 0.61112 0.00528 0.00300 ( 2)
 124 L   0.85848 0.14057 0.00060 0.00034 ( 1)
 125 R   0.93850 0.06141 0.00006 0.00003 ( 1)
 126 D   0.95672 0.04320 0.00005 0.00003 ( 1)
 127 S   0.91120 0.08862 0.00012 0.00007 ( 1)
 128 V   0.02761 0.78044 0.12236 0.06959 ( 2)
 129 I   0.52492 0.46816 0.00441 0.00251 ( 1)
 130 F   0.93818 0.06168 0.00009 0.00005 ( 1)
 131 G   0.93407 0.06579 0.00009 0.00005 ( 1)
 132 E   0.34093 0.62958 0.01880 0.01069 ( 2)
 133 R   0.93850 0.06141 0.00006 0.00003 ( 1)
 134 W   0.76589 0.23114 0.00189 0.00108 ( 1)
 135 G   0.93407 0.06579 0.00009 0.00005 ( 1)
 136 L   0.80191 0.19630 0.00114 0.00065 ( 1)
 137 T   0.33412 0.64225 0.01507 0.00857 ( 2)
 138 T   0.92380 0.07596 0.00015 0.00009 ( 1)
 139 I   0.06485 0.90314 0.02040 0.01160 ( 2)
 140 N   0.95590 0.04403 0.00004 0.00002 ( 1)
 141 V   0.76777 0.22668 0.00354 0.00201 ( 1)
 142 N   0.95590 0.04403 0.00004 0.00002 ( 1)
 143 E   0.59829 0.40018 0.00098 0.00056 ( 1)
 144 N   0.21156 0.74525 0.02753 0.01566 ( 2)
 145 Y   0.91573 0.08408 0.00012 0.00007 ( 1)
 146 N   0.95590 0.04403 0.00004 0.00002 ( 1)
 147 R   0.92766 0.07220 0.00009 0.00005 ( 1)
 148 L   0.30333 0.68546 0.00715 0.00406 ( 2)
 149 I   0.49105 0.50180 0.00456 0.00259 ( 2)
 150 R   0.02894 0.85972 0.07097 0.04036 ( 2)
 151 H   0.00022 0.72924 0.17246 0.09808 ( 2)
 152 I   0.94123 0.05860 0.00010 0.00006 ( 1)
 153 D   0.00368 0.87559 0.07696 0.04377 ( 2)
 154 E   0.94711 0.05277 0.00008 0.00004 ( 1)
 155 Y   0.91573 0.08408 0.00012 0.00007 ( 1)
 156 A   0.02341 0.88939 0.05559 0.03161 ( 2)
 157 D   0.00016 0.46519 0.34083 0.19383 ( 2)
 158 H   0.88798 0.11173 0.00018 0.00010 ( 1)
 159 C   0.87760 0.12196 0.00028 0.00016 ( 1)
 160 A   0.54660 0.45096 0.00155 0.00088 ( 1)
 161 N   0.48411 0.51075 0.00328 0.00186 ( 2)
 162 T   0.80843 0.19002 0.00099 0.00056 ( 1)
 163 Y   0.91573 0.08408 0.00012 0.00007 ( 1)
 164 N   0.45111 0.54306 0.00371 0.00211 ( 2)
 165 R   0.20210 0.74633 0.03288 0.01870 ( 2)
 166 G   0.55360 0.44473 0.00107 0.00061 ( 1)
 167 L   0.87387 0.12504 0.00070 0.00040 ( 1)
 168 N   0.10349 0.88984 0.00425 0.00242 ( 2)
 169 N   0.04251 0.93683 0.01317 0.00749 ( 2)
 170 L   0.87012 0.12889 0.00063 0.00036 ( 1)
 171 P   0.00043 0.36752 0.40291 0.22914 ( 3)
 172 K   0.01771 0.93815 0.02814 0.01600 ( 2)
 173 S   0.00037 0.39751 0.38383 0.21829 ( 2)
 174 T   0.30978 0.67067 0.01246 0.00709 ( 2)
 175 Y   0.00142 0.72459 0.17466 0.09933 ( 2)
 176 Q   0.01961 0.84986 0.08321 0.04732 ( 2)
 177 D   0.03268 0.91177 0.03541 0.02014 ( 2)
 178 W   0.76589 0.23114 0.00189 0.00108 ( 1)
 179 I   0.04996 0.91262 0.02385 0.01357 ( 2)
 180 T   0.58194 0.41642 0.00105 0.00059 ( 1)
 181 Y   0.91573 0.08408 0.00012 0.00007 ( 1)
 182 N   0.95590 0.04403 0.00004 0.00002 ( 1)
 183 R   0.23028 0.74226 0.01750 0.00995 ( 2)
 184 L   0.45472 0.54228 0.00191 0.00109 ( 2)
 185 R   0.86803 0.13067 0.00083 0.00047 ( 1)
 186 R   0.93261 0.06724 0.00010 0.00006 ( 1)
 187 D   0.48330 0.51351 0.00203 0.00116 ( 2)
 188 L   0.86766 0.13087 0.00093 0.00053 ( 1)
 189 T   0.94169 0.05820 0.00007 0.00004 ( 1)
 190 L   0.85901 0.13963 0.00087 0.00049 ( 1)
 191 T   0.91750 0.08207 0.00028 0.00016 ( 1)
 192 V   0.93531 0.06443 0.00016 0.00009 ( 1)
 193 L   0.88066 0.11877 0.00037 0.00021 ( 1)
 194 D   0.95672 0.04320 0.00005 0.00003 ( 1)
 195 I   0.90687 0.09278 0.00023 0.00013 ( 1)
 196 A   0.23249 0.72100 0.02965 0.01686 ( 2)
 197 A   0.93901 0.06086 0.00009 0.00005 ( 1)
 198 F   0.00219 0.75706 0.15347 0.08728 ( 2)
 199 F   0.87935 0.11993 0.00046 0.00026 ( 1)
 200 P   0.83507 0.16367 0.00080 0.00046 ( 1)
 201 N   0.23251 0.73972 0.01771 0.01007 ( 2)


lnL = -1832.653930

