Supplemental results for CODEML (seqf: algn  treef: tree)


dN/dS (w) for site classes (K=4)

site class             0        1       2a       2b
proportion       0.65256  0.34744  0.00000  0.00000
background w     0.11205  1.00000  0.11205  1.00000
foreground w     0.11205  1.00000  1.00000  1.00000

Naive Empirical Bayes (NEB) probabilities for 4 classes
(amino acids refer to 1st sequence: BT_Cry19Aa1)

   1 E   0.00104 0.99896 0.00000 0.00000 ( 2)
   2 V   0.99993 0.00007 0.00000 0.00000 ( 1)
   3 K   0.99980 0.00020 0.00000 0.00000 ( 1)
   4 T   0.37394 0.62606 0.00000 0.00000 ( 2)
   5 E   0.99972 0.00028 0.00000 0.00000 ( 1)
   6 L   0.98361 0.01639 0.00000 0.00000 ( 1)
   7 T   0.99905 0.00095 0.00000 0.00000 ( 1)
   8 R   0.99748 0.00252 0.00000 0.00000 ( 1)
   9 E   0.99972 0.00028 0.00000 0.00000 ( 1)
  10 I   0.99991 0.00009 0.00000 0.00000 ( 1)
  11 Y   0.99940 0.00060 0.00000 0.00000 ( 1)
  12 S   0.98879 0.01121 0.00000 0.00000 ( 1)
  13 D   0.99998 0.00002 0.00000 0.00000 ( 1)
  14 V   0.99773 0.00227 0.00000 0.00000 ( 1)
  15 I   0.99933 0.00067 0.00000 0.00000 ( 1)
  16 N   0.99996 0.00004 0.00000 0.00000 ( 1)
  17 G   0.15680 0.84320 0.00000 0.00000 ( 2)
  18 E   0.53200 0.46800 0.00000 0.00000 ( 1)
  19 I   0.01919 0.98081 0.00000 0.00000 ( 2)
  20 Y   0.16074 0.83926 0.00000 0.00000 ( 2)
  21 G   0.73932 0.26068 0.00000 0.00000 ( 1)
  22 L   0.04252 0.95748 0.00000 0.00000 ( 2)
  23 M   0.39261 0.60739 0.00000 0.00000 ( 2)
  24 -   0.40744 0.59256 0.00000 0.00000 ( 2)
  25 T   0.01411 0.98589 0.00000 0.00000 ( 2)
  26 P   0.47375 0.52625 0.00000 0.00000 ( 2)
  27 Y   0.04310 0.95690 0.00000 0.00000 ( 2)
  28 F   0.00248 0.99752 0.00000 0.00000 ( 2)
  29 S   0.85119 0.14881 0.00000 0.00000 ( 1)
  30 F   0.98222 0.01778 0.00000 0.00000 ( 1)
  31 E   0.01553 0.98447 0.00000 0.00000 ( 2)
  32 K   0.10720 0.89280 0.00000 0.00000 ( 2)
  33 A   0.49809 0.50191 0.00000 0.00000 ( 2)
  34 E   0.99972 0.00028 0.00000 0.00000 ( 1)
  35 S   0.81375 0.18625 0.00000 0.00000 ( 1)
  36 L   0.99698 0.00302 0.00000 0.00000 ( 1)
  37 Y   0.99981 0.00019 0.00000 0.00000 ( 1)
  38 T   0.99915 0.00085 0.00000 0.00000 ( 1)
  39 R   0.89247 0.10753 0.00000 0.00000 ( 1)
  40 A   0.00773 0.99227 0.00000 0.00000 ( 2)
  41 P   0.99956 0.00044 0.00000 0.00000 ( 1)
  42 H   0.99997 0.00003 0.00000 0.00000 ( 1)
  43 L   0.20925 0.79075 0.00000 0.00000 ( 2)
  44 F   0.99294 0.00706 0.00000 0.00000 ( 1)
  45 T   0.99993 0.00007 0.00000 0.00000 ( 1)
  46 W   0.96293 0.03707 0.00000 0.00000 ( 1)
  47 L   0.99630 0.00370 0.00000 0.00000 ( 1)
  48 K   0.56473 0.43527 0.00000 0.00000 ( 1)
  49 G   0.99150 0.00850 0.00000 0.00000 ( 1)
  50 F   0.99666 0.00334 0.00000 0.00000 ( 1)
  51 R   0.61260 0.38740 0.00000 0.00000 ( 1)
  52 F   0.99996 0.00004 0.00000 0.00000 ( 1)
  53 V   0.99885 0.00115 0.00000 0.00000 ( 1)
  54 T   0.99137 0.00863 0.00000 0.00000 ( 1)
  55 N   0.99996 0.00004 0.00000 0.00000 ( 1)
  56 S   0.22062 0.77938 0.00000 0.00000 ( 2)
  57 I   0.99381 0.00619 0.00000 0.00000 ( 1)
  58 S   0.85749 0.14251 0.00000 0.00000 ( 1)
  59 Y   0.00093 0.99907 0.00000 0.00000 ( 2)
  60 -   0.99329 0.00671 0.00000 0.00000 ( 1)
  61 -   0.02028 0.97972 0.00000 0.00000 ( 2)
  62 -   0.00064 0.99936 0.00000 0.00000 ( 2)
  63 -   0.13486 0.86514 0.00000 0.00000 ( 2)
  64 -   0.90806 0.09194 0.00000 0.00000 ( 1)
  65 -   0.68490 0.31510 0.00000 0.00000 ( 1)
  66 W   0.96293 0.03707 0.00000 0.00000 ( 1)
  67 T   0.21930 0.78070 0.00000 0.00000 ( 2)
  68 F   0.99794 0.00206 0.00000 0.00000 ( 1)
  69 L   0.99680 0.00320 0.00000 0.00000 ( 1)
  70 S   0.88884 0.11116 0.00000 0.00000 ( 1)
  71 G   0.99922 0.00078 0.00000 0.00000 ( 1)
  72 G   0.00026 0.99974 0.00000 0.00000 ( 2)
  73 Q   0.23507 0.76493 0.00000 0.00000 ( 2)
  74 N   0.99970 0.00030 0.00000 0.00000 ( 1)
  75 K   0.97913 0.02087 0.00000 0.00000 ( 1)
  76 Y   0.97827 0.02173 0.00000 0.00000 ( 1)
  77 S   0.96856 0.03144 0.00000 0.00000 ( 1)
  78 Y   0.05010 0.94990 0.00000 0.00000 ( 2)
  79 T   0.71965 0.28035 0.00000 0.00000 ( 1)
  80 N   0.00040 0.99960 0.00000 0.00000 ( 2)
  81 -   0.65256 0.34744 0.00000 0.00000 ( 1)
  82 N   0.00001 0.99999 0.00000 0.00000 ( 2)
  83 S   0.00041 0.99959 0.00000 0.00000 ( 2)
  84 S   0.00037 0.99963 0.00000 0.00000 ( 2)
  85 I   0.95003 0.04997 0.00000 0.00000 ( 1)
  86 N   0.00005 0.99995 0.00000 0.00000 ( 2)
  87 E   0.00145 0.99855 0.00000 0.00000 ( 2)
  88 G   0.96037 0.03963 0.00000 0.00000 ( 1)
  89 S   0.97495 0.02505 0.00000 0.00000 ( 1)
  90 F   0.99968 0.00032 0.00000 0.00000 ( 1)
  91 R   0.00000 1.00000 0.00000 0.00000 ( 2)
  92 G   0.98956 0.01044 0.00000 0.00000 ( 1)
  93 Q   0.02364 0.97636 0.00000 0.00000 ( 2)
  94 D   0.83683 0.16317 0.00000 0.00000 ( 1)
  95 T   0.10276 0.89724 0.00000 0.00000 ( 2)
  96 D   0.02553 0.97447 0.00000 0.00000 ( 2)
  97 Y   0.81807 0.18193 0.00000 0.00000 ( 1)
  98 G   0.99330 0.00670 0.00000 0.00000 ( 1)
  99 G   0.93721 0.06279 0.00000 0.00000 ( 1)
 100 T   0.28999 0.71001 0.00000 0.00000 ( 2)
 101 S   0.06219 0.93781 0.00000 0.00000 ( 2)
 102 S   0.99850 0.00150 0.00000 0.00000 ( 1)
 103 T   0.03033 0.96967 0.00000 0.00000 ( 2)
 104 I   0.10263 0.89737 0.00000 0.00000 ( 2)
 105 N   0.06373 0.93627 0.00000 0.00000 ( 2)
 106 I   0.89853 0.10147 0.00000 0.00000 ( 1)
 107 P   0.00001 0.99999 0.00000 0.00000 ( 2)
 108 S   0.00041 0.99959 0.00000 0.00000 ( 2)
 109 N   0.00100 0.99900 0.00000 0.00000 ( 2)
 110 S   0.02260 0.97740 0.00000 0.00000 ( 2)
 111 Y   0.74429 0.25571 0.00000 0.00000 ( 1)
 112 V   0.25877 0.74123 0.00000 0.00000 ( 2)
 113 Y   0.98794 0.01206 0.00000 0.00000 ( 1)
 114 N   0.58278 0.41722 0.00000 0.00000 ( 1)
 115 L   0.97792 0.02208 0.00000 0.00000 ( 1)
 116 W   0.13773 0.86227 0.00000 0.00000 ( 2)
 117 T   0.69768 0.30232 0.00000 0.00000 ( 1)
 118 E   0.99750 0.00250 0.00000 0.00000 ( 1)
 119 N   0.85905 0.14095 0.00000 0.00000 ( 1)
 120 Y   0.99225 0.00775 0.00000 0.00000 ( 1)
 121 E   0.88413 0.11587 0.00000 0.00000 ( 1)
 122 Y   0.00011 0.99989 0.00000 0.00000 ( 2)
 123 I   0.99409 0.00591 0.00000 0.00000 ( 1)
 124 Y   0.91764 0.08236 0.00000 0.00000 ( 1)
 125 P   0.99760 0.00240 0.00000 0.00000 ( 1)
 126 W   0.04696 0.95304 0.00000 0.00000 ( 2)
 127 G   0.00004 0.99996 0.00000 0.00000 ( 2)
 128 D   0.99723 0.00277 0.00000 0.00000 ( 1)
 129 P   0.19672 0.80328 0.00000 0.00000 ( 2)
 130 V   0.02068 0.97932 0.00000 0.00000 ( 2)
 131 N   0.99970 0.00030 0.00000 0.00000 ( 1)
 132 I   0.99409 0.00591 0.00000 0.00000 ( 1)
 133 T   0.40288 0.59712 0.00000 0.00000 ( 2)
 134 K   0.36712 0.63288 0.00000 0.00000 ( 2)
 135 M   0.91614 0.08386 0.00000 0.00000 ( 1)
 136 N   0.98991 0.01009 0.00000 0.00000 ( 1)
 137 F   0.99990 0.00010 0.00000 0.00000 ( 1)
 138 S   0.95310 0.04690 0.00000 0.00000 ( 1)
 139 V   0.00094 0.99906 0.00000 0.00000 ( 2)
 140 T   0.95191 0.04809 0.00000 0.00000 ( 1)
 141 D   0.99609 0.00391 0.00000 0.00000 ( 1)
 142 N   0.99996 0.00004 0.00000 0.00000 ( 1)
 143 N   0.96837 0.03163 0.00000 0.00000 ( 1)
 144 S   0.00596 0.99404 0.00000 0.00000 ( 2)
 145 S   0.56985 0.43015 0.00000 0.00000 ( 1)
 146 K   0.00003 0.99997 0.00000 0.00000 ( 2)
 147 E   0.32483 0.67517 0.00000 0.00000 ( 2)
 148 L   0.00003 0.99997 0.00000 0.00000 ( 2)
 149 I   0.13168 0.86832 0.00000 0.00000 ( 2)
 150 Y   0.99737 0.00263 0.00000 0.00000 ( 1)
 151 G   0.96744 0.03256 0.00000 0.00000 ( 1)
 152 -   0.65256 0.34744 0.00000 0.00000 ( 1)
 153 -   0.52213 0.47787 0.00000 0.00000 ( 1)
 154 -   0.38731 0.61269 0.00000 0.00000 ( 2)
 155 A   0.04297 0.95703 0.00000 0.00000 ( 2)
 156 H   0.00061 0.99939 0.00000 0.00000 ( 2)
 157 R   0.64851 0.35149 0.00000 0.00000 ( 1)
 158 T   0.01044 0.98956 0.00000 0.00000 ( 2)
 159 N   0.99996 0.00004 0.00000 0.00000 ( 1)
 160 K   0.00918 0.99082 0.00000 0.00000 ( 2)
 161 P   0.99988 0.00012 0.00000 0.00000 ( 1)
 162 V   0.87342 0.12658 0.00000 0.00000 ( 1)
 163 V   0.99994 0.00006 0.00000 0.00000 ( 1)
 164 R   0.42017 0.57983 0.00000 0.00000 ( 2)
 165 T   0.99864 0.00136 0.00000 0.00000 ( 1)
 166 D   0.99981 0.00019 0.00000 0.00000 ( 1)
 167 F   0.99994 0.00006 0.00000 0.00000 ( 1)
 168 D   0.99827 0.00173 0.00000 0.00000 ( 1)
 169 F   0.99996 0.00004 0.00000 0.00000 ( 1)
 170 L   0.99449 0.00551 0.00000 0.00000 ( 1)
 171 T   0.12973 0.87027 0.00000 0.00000 ( 2)
 172 N   0.99661 0.00339 0.00000 0.00000 ( 1)
 173 K   0.99783 0.00217 0.00000 0.00000 ( 1)
 174 E   0.24842 0.75158 0.00000 0.00000 ( 2)
 175 G   0.63464 0.36536 0.00000 0.00000 ( 1)
 176 T   0.99079 0.00921 0.00000 0.00000 ( 1)
 177 E   0.40971 0.59029 0.00000 0.00000 ( 2)
 178 L   0.09372 0.90628 0.00000 0.00000 ( 2)
 179 A   0.38992 0.61008 0.00000 0.00000 ( 2)
 180 K   0.99006 0.00994 0.00000 0.00000 ( 1)
 181 Y   0.92622 0.07378 0.00000 0.00000 ( 1)
 182 N   0.99945 0.00055 0.00000 0.00000 ( 1)
 183 D   0.99072 0.00928 0.00000 0.00000 ( 1)
 184 Y   0.99954 0.00046 0.00000 0.00000 ( 1)
 185 N   0.99117 0.00883 0.00000 0.00000 ( 1)
 186 H   0.99989 0.00011 0.00000 0.00000 ( 1)
 187 I   0.99995 0.00005 0.00000 0.00000 ( 1)
 188 L   0.99420 0.00580 0.00000 0.00000 ( 1)
 189 S   0.99217 0.00783 0.00000 0.00000 ( 1)
 190 Y   0.90549 0.09451 0.00000 0.00000 ( 1)
 191 M   0.60885 0.39115 0.00000 0.00000 ( 1)
 192 L   0.99302 0.00698 0.00000 0.00000 ( 1)
 193 I   0.25411 0.74589 0.00000 0.00000 ( 2)
 194 N   0.99421 0.00579 0.00000 0.00000 ( 1)
 195 -   0.90806 0.09194 0.00000 0.00000 ( 1)
 196 -   0.92908 0.07092 0.00000 0.00000 ( 1)
 197 -   0.79919 0.20081 0.00000 0.00000 ( 1)
 198 G   0.69685 0.30315 0.00000 0.00000 ( 1)
 199 E   0.01779 0.98221 0.00000 0.00000 ( 2)
 200 T   0.99312 0.00688 0.00000 0.00000 ( 1)
 201 F   0.31990 0.68010 0.00000 0.00000 ( 2)
 202 G   0.98764 0.01236 0.00000 0.00000 ( 1)
 203 Q   0.72063 0.27937 0.00000 0.00000 ( 1)
 204 K   0.85428 0.14572 0.00000 0.00000 ( 1)
 205 R   0.56389 0.43611 0.00000 0.00000 ( 1)
 206 H   0.99457 0.00543 0.00000 0.00000 ( 1)
 207 G   0.99973 0.00027 0.00000 0.00000 ( 1)
 208 Y   0.99988 0.00012 0.00000 0.00000 ( 1)
 209 S   0.90843 0.09157 0.00000 0.00000 ( 1)
 210 F   0.99996 0.00004 0.00000 0.00000 ( 1)
 211 A   0.99688 0.00312 0.00000 0.00000 ( 1)
 212 F   0.99994 0.00006 0.00000 0.00000 ( 1)
 213 T   0.99737 0.00263 0.00000 0.00000 ( 1)
 214 H   0.99998 0.00002 0.00000 0.00000 ( 1)
 215 S   0.99999 0.00001 0.00000 0.00000 ( 1)
 216 S   0.99823 0.00177 0.00000 0.00000 ( 1)


lnL = -3715.065901

Bayes Empirical Bayes (BEB) probabilities for 4 classes (class)
(amino acids refer to 1st sequence: BT_Cry19Aa1)

   1 E   0.00554 0.96847 0.00012 0.02586 ( 2)
   2 V   0.98539 0.00010 0.01452 0.00000 ( 1)
   3 K   0.98343 0.00025 0.01631 0.00001 ( 1)
   4 T   0.51265 0.45660 0.01572 0.01503 ( 1)
   5 E   0.98239 0.00034 0.01726 0.00001 ( 1)
   6 L   0.95977 0.01569 0.02407 0.00047 ( 1)
   7 T   0.98153 0.00117 0.01727 0.00003 ( 1)
   8 R   0.97970 0.00266 0.01757 0.00006 ( 1)
   9 E   0.98239 0.00034 0.01726 0.00001 ( 1)
  10 I   0.98603 0.00013 0.01384 0.00000 ( 1)
  11 Y   0.98403 0.00074 0.01521 0.00002 ( 1)
  12 S   0.96427 0.01097 0.02444 0.00032 ( 1)
  13 D   0.98752 0.00003 0.01246 0.00000 ( 1)
  14 V   0.96834 0.00240 0.02918 0.00008 ( 1)
  15 I   0.98138 0.00069 0.01791 0.00002 ( 1)
  16 N   0.98698 0.00006 0.01296 0.00000 ( 1)
  17 G   0.33881 0.63082 0.00992 0.02044 ( 2)
  18 E   0.64231 0.23614 0.11252 0.00903 ( 1)
  19 I   0.05429 0.83685 0.02731 0.08155 ( 2)
  20 Y   0.28837 0.64040 0.04344 0.02779 ( 2)
  21 G   0.81185 0.16537 0.01836 0.00442 ( 1)
  22 L   0.11600 0.83172 0.01581 0.03646 ( 2)
  23 M   0.58120 0.39817 0.01087 0.00976 ( 1)
  24 -   0.49377 0.46601 0.02080 0.01942 ( 1)
  25 T   0.03845 0.92133 0.00162 0.03860 ( 2)
  26 P   0.59281 0.36697 0.02495 0.01527 ( 1)
  27 Y   0.14000 0.83787 0.00218 0.01995 ( 2)
  28 F   0.01037 0.94589 0.00080 0.04294 ( 2)
  29 S   0.89784 0.08723 0.01291 0.00202 ( 1)
  30 F   0.96764 0.01279 0.01920 0.00037 ( 1)
  31 E   0.05148 0.92107 0.00130 0.02615 ( 2)
  32 K   0.23590 0.73847 0.00531 0.02032 ( 2)
  33 A   0.65954 0.31644 0.01516 0.00887 ( 1)
  34 E   0.98239 0.00034 0.01726 0.00001 ( 1)
  35 S   0.86202 0.11984 0.01526 0.00288 ( 1)
  36 L   0.98139 0.00260 0.01595 0.00006 ( 1)
  37 Y   0.98464 0.00025 0.01511 0.00001 ( 1)
  38 T   0.97967 0.00096 0.01934 0.00002 ( 1)
  39 R   0.87398 0.09661 0.02629 0.00312 ( 1)
  40 A   0.02667 0.94724 0.00060 0.02549 ( 2)
  41 P   0.98341 0.00051 0.01607 0.00001 ( 1)
  42 H   0.98686 0.00004 0.01310 0.00000 ( 1)
  43 L   0.32828 0.64669 0.00749 0.01753 ( 2)
  44 F   0.96720 0.00704 0.02556 0.00021 ( 1)
  45 T   0.98570 0.00010 0.01420 0.00000 ( 1)
  46 W   0.93719 0.03380 0.02793 0.00108 ( 1)
  47 L   0.97412 0.00382 0.02196 0.00010 ( 1)
  48 K   0.64659 0.32338 0.01953 0.01051 ( 1)
  49 G   0.96972 0.00836 0.02170 0.00022 ( 1)
  50 F   0.98322 0.00282 0.01390 0.00006 ( 1)
  51 R   0.74508 0.22975 0.01840 0.00677 ( 1)
  52 F   0.98601 0.00005 0.01393 0.00000 ( 1)
  53 V   0.98065 0.00126 0.01806 0.00003 ( 1)
  54 T   0.97637 0.00878 0.01465 0.00019 ( 1)
  55 N   0.98698 0.00006 0.01296 0.00000 ( 1)
  56 S   0.43572 0.54539 0.00677 0.01211 ( 2)
  57 I   0.98082 0.00528 0.01378 0.00011 ( 1)
  58 S   0.90396 0.08030 0.01398 0.00177 ( 1)
  59 Y   0.00474 0.92153 0.00238 0.07136 ( 2)
  60 -   0.97813 0.00693 0.01480 0.00015 ( 1)
  61 -   0.05054 0.85384 0.02330 0.07232 ( 2)
  62 -   0.00275 0.94486 0.00070 0.05169 ( 2)
  63 -   0.23045 0.72933 0.00972 0.03050 ( 2)
  64 -   0.87586 0.08392 0.03674 0.00348 ( 1)
  65 -   0.74856 0.23460 0.01130 0.00554 ( 1)
  66 W   0.93719 0.03380 0.02793 0.00108 ( 1)
  67 T   0.38929 0.58817 0.00773 0.01481 ( 2)
  68 F   0.98408 0.00192 0.01396 0.00004 ( 1)
  69 L   0.97462 0.00332 0.02197 0.00009 ( 1)
  70 S   0.90129 0.07343 0.02301 0.00228 ( 1)
  71 G   0.98421 0.00089 0.01489 0.00002 ( 1)
  72 G   0.00184 0.97134 0.00004 0.02678 ( 2)
  73 Q   0.41254 0.56331 0.00921 0.01493 ( 2)
  74 N   0.98671 0.00033 0.01296 0.00001 ( 1)
  75 K   0.96940 0.01419 0.01609 0.00032 ( 1)
  76 Y   0.96975 0.01505 0.01486 0.00034 ( 1)
  77 S   0.96339 0.02126 0.01489 0.00047 ( 1)
  78 Y   0.14430 0.76914 0.04451 0.04205 ( 2)
  79 T   0.78809 0.18294 0.02314 0.00583 ( 1)
  80 N   0.00188 0.83723 0.00146 0.15944 ( 2)
  81 -   0.66677 0.29301 0.02804 0.01218 ( 1)
  82 N   0.00005 0.92241 0.00002 0.07751 ( 2)
  83 S   0.00315 0.96783 0.00020 0.02883 ( 2)
  84 S   0.00218 0.95474 0.00015 0.04292 ( 2)
  85 I   0.95806 0.02788 0.01346 0.00060 ( 1)
  86 N   0.00040 0.97654 0.00001 0.02306 ( 2)
  87 E   0.00658 0.90366 0.00270 0.08706 ( 2)
  88 G   0.94842 0.02956 0.02123 0.00078 ( 1)
  89 S   0.96736 0.01647 0.01581 0.00036 ( 1)
  90 F   0.97635 0.00041 0.02323 0.00001 ( 1)
  91 R   0.00000 0.96893 0.00000 0.03107 ( 2)
  92 G   0.96435 0.01031 0.02504 0.00031 ( 1)
  93 Q   0.06743 0.90181 0.00197 0.02878 ( 2)
  94 D   0.89467 0.09032 0.01282 0.00218 ( 1)
  95 T   0.24944 0.72722 0.00496 0.01838 ( 2)
  96 D   0.09091 0.88023 0.00248 0.02639 ( 2)
  97 Y   0.88343 0.10071 0.01358 0.00228 ( 1)
  98 G   0.97975 0.00533 0.01481 0.00011 ( 1)
  99 G   0.93091 0.04701 0.02085 0.00124 ( 1)
 100 T   0.46063 0.51362 0.01106 0.01468 ( 2)
 101 S   0.19051 0.78897 0.00296 0.01755 ( 2)
 102 S   0.98340 0.00139 0.01518 0.00003 ( 1)
 103 T   0.09979 0.87473 0.00180 0.02369 ( 2)
 104 I   0.23739 0.73556 0.00533 0.02172 ( 2)
 105 N   0.18992 0.79118 0.00242 0.01648 ( 2)
 106 I   0.92524 0.05684 0.01638 0.00154 ( 1)
 107 P   0.00011 0.96550 0.00001 0.03438 ( 2)
 108 S   0.00265 0.93314 0.00104 0.06317 ( 2)
 109 N   0.00555 0.96710 0.00052 0.02683 ( 2)
 110 S   0.05763 0.91045 0.00177 0.03015 ( 2)
 111 Y   0.83910 0.14474 0.01289 0.00327 ( 1)
 112 V   0.48758 0.49307 0.00852 0.01084 ( 2)
 113 Y   0.97622 0.00863 0.01496 0.00019 ( 1)
 114 N   0.75557 0.22921 0.00997 0.00525 ( 1)
 115 L   0.95651 0.02135 0.02157 0.00057 ( 1)
 116 W   0.24687 0.72231 0.00741 0.02342 ( 2)
 117 T   0.78201 0.19753 0.01551 0.00494 ( 1)
 118 E   0.98139 0.00227 0.01628 0.00005 ( 1)
 119 N   0.88689 0.09040 0.02027 0.00243 ( 1)
 120 Y   0.97925 0.00560 0.01502 0.00013 ( 1)
 121 E   0.90354 0.07267 0.02177 0.00201 ( 1)
 122 Y   0.00082 0.97592 0.00001 0.02324 ( 2)
 123 I   0.98173 0.00440 0.01377 0.00009 ( 1)
 124 Y   0.93049 0.05368 0.01459 0.00123 ( 1)
 125 P   0.97551 0.00254 0.02189 0.00007 ( 1)
 126 W   0.11128 0.85491 0.00382 0.02998 ( 2)
 127 G   0.00039 0.97685 0.00001 0.02276 ( 2)
 128 D   0.98538 0.00213 0.01245 0.00004 ( 1)
 129 P   0.35718 0.61392 0.00987 0.01903 ( 2)
 130 V   0.06343 0.86160 0.02156 0.05342 ( 2)
 131 N   0.98671 0.00033 0.01296 0.00001 ( 1)
 132 I   0.98173 0.00440 0.01377 0.00009 ( 1)
 133 T   0.57366 0.40478 0.01138 0.01017 ( 1)
 134 K   0.49098 0.35093 0.14088 0.01721 ( 1)
 135 M   0.93864 0.04715 0.01319 0.00102 ( 1)
 136 N   0.97937 0.00760 0.01286 0.00017 ( 1)
 137 F   0.98593 0.00012 0.01395 0.00000 ( 1)
 138 S   0.95303 0.03154 0.01474 0.00069 ( 1)
 139 V   0.00484 0.93636 0.00159 0.05721 ( 2)
 140 T   0.93409 0.03692 0.02780 0.00119 ( 1)
 141 D   0.98289 0.00307 0.01397 0.00007 ( 1)
 142 N   0.98698 0.00006 0.01296 0.00000 ( 1)
 143 N   0.95610 0.02154 0.02178 0.00058 ( 1)
 144 S   0.02755 0.94955 0.00045 0.02246 ( 2)
 145 S   0.67961 0.29452 0.01729 0.00858 ( 1)
 146 K   0.00021 0.89279 0.00089 0.10610 ( 2)
 147 E   0.50808 0.47081 0.00960 0.01151 ( 1)
 148 L   0.00020 0.92751 0.00013 0.07215 ( 2)
 149 I   0.28586 0.68706 0.00567 0.02141 ( 2)
 150 Y   0.98247 0.00241 0.01506 0.00005 ( 1)
 151 G   0.96367 0.02132 0.01457 0.00045 ( 1)
 152 -   0.66677 0.29301 0.02804 0.01218 ( 1)
 153 -   0.59224 0.36754 0.02492 0.01530 ( 1)
 154 -   0.47565 0.48413 0.02004 0.02018 ( 2)
 155 A   0.10451 0.86279 0.00337 0.02933 ( 2)
 156 H   0.00332 0.94875 0.00090 0.04703 ( 2)
 157 R   0.77991 0.20139 0.01403 0.00467 ( 1)
 158 T   0.03543 0.92435 0.00150 0.03873 ( 2)
 159 N   0.98698 0.00006 0.01296 0.00000 ( 1)
 160 K   0.03237 0.93757 0.00293 0.02713 ( 2)
 161 P   0.98378 0.00014 0.01607 0.00000 ( 1)
 162 V   0.91647 0.06878 0.01323 0.00151 ( 1)
 163 V   0.98541 0.00008 0.01452 0.00000 ( 1)
 164 R   0.54440 0.40233 0.03887 0.01441 ( 1)
 165 T   0.97877 0.00152 0.01967 0.00004 ( 1)
 166 D   0.98426 0.00021 0.01552 0.00001 ( 1)
 167 F   0.98598 0.00008 0.01394 0.00000 ( 1)
 168 D   0.98609 0.00143 0.01244 0.00003 ( 1)
 169 F   0.98601 0.00005 0.01393 0.00000 ( 1)
 170 L   0.97926 0.00473 0.01591 0.00010 ( 1)
 171 T   0.29255 0.68388 0.00586 0.01772 ( 2)
 172 N   0.98325 0.00341 0.01326 0.00008 ( 1)
 173 K   0.98167 0.00200 0.01629 0.00005 ( 1)
 174 E   0.41596 0.45411 0.10439 0.02554 ( 2)
 175 G   0.73632 0.24076 0.01653 0.00639 ( 1)
 176 T   0.97616 0.00693 0.01671 0.00020 ( 1)
 177 E   0.40185 0.28890 0.27775 0.03149 ( 1)
 178 L   0.20459 0.77151 0.00414 0.01976 ( 2)
 179 A   0.52805 0.43968 0.01717 0.01510 ( 1)
 180 K   0.97227 0.00833 0.01919 0.00021 ( 1)
 181 Y   0.91473 0.05611 0.02735 0.00181 ( 1)
 182 N   0.98642 0.00062 0.01295 0.00001 ( 1)
 183 D   0.97979 0.00673 0.01333 0.00016 ( 1)
 184 Y   0.97061 0.00057 0.02880 0.00002 ( 1)
 185 N   0.98039 0.00650 0.01296 0.00015 ( 1)
 186 H   0.98671 0.00014 0.01315 0.00000 ( 1)
 187 I   0.98609 0.00008 0.01383 0.00000 ( 1)
 188 L   0.97210 0.00583 0.02192 0.00016 ( 1)
 189 S   0.96377 0.00782 0.02816 0.00025 ( 1)
 190 Y   0.92455 0.05989 0.01421 0.00136 ( 1)
 191 M   0.75675 0.22381 0.01417 0.00527 ( 1)
 192 L   0.97037 0.00698 0.02246 0.00019 ( 1)
 193 I   0.42921 0.54534 0.01086 0.01459 ( 2)
 194 N   0.98254 0.00430 0.01306 0.00010 ( 1)
 195 -   0.87586 0.08392 0.03674 0.00348 ( 1)
 196 -   0.89310 0.06668 0.03746 0.00276 ( 1)
 197 -   0.78951 0.17027 0.03316 0.00707 ( 1)
 198 G   0.77394 0.19877 0.02120 0.00609 ( 1)
 199 E   0.05372 0.90606 0.00227 0.03795 ( 2)
 200 T   0.97335 0.00697 0.01951 0.00018 ( 1)
 201 F   0.54970 0.43276 0.00802 0.00952 ( 1)
 202 G   0.96485 0.01009 0.02473 0.00032 ( 1)
 203 Q   0.79603 0.18147 0.01772 0.00478 ( 1)
 204 K   0.89365 0.08938 0.01489 0.00207 ( 1)
 205 R   0.67188 0.30268 0.01660 0.00885 ( 1)
 206 H   0.96814 0.00548 0.02621 0.00016 ( 1)
 207 G   0.98479 0.00031 0.01489 0.00001 ( 1)
 208 Y   0.98475 0.00015 0.01509 0.00000 ( 1)
 209 S   0.90724 0.06857 0.02221 0.00198 ( 1)
 210 F   0.98601 0.00005 0.01393 0.00000 ( 1)
 211 A   0.73406 0.00206 0.26373 0.00015 ( 1)
 212 F   0.97795 0.00008 0.02196 0.00000 ( 1)
 213 T   0.96826 0.00283 0.02882 0.00009 ( 1)
 214 H   0.98688 0.00002 0.01310 0.00000 ( 1)
 215 S   0.98760 0.00002 0.01238 0.00000 ( 1)
 216 S   0.97960 0.00194 0.01841 0.00005 ( 1)

