Supplemental results for CODEML (seqf: algn  treef: tree)


dN/dS (w) for site classes (K=4)

site class             0        1       2a       2b
proportion       0.67111  0.32106  0.00530  0.00254
background w     0.16361  1.00000  0.16361  1.00000
foreground w     0.16361  1.00000 470.68803 470.68803

Naive Empirical Bayes (NEB) probabilities for 4 classes
(amino acids refer to 1st sequence: BT_Cry19Aa1)

   1 E   0.00385 0.99611 0.00000 0.00004 ( 2)
   2 V   0.99992 0.00007 0.00001 0.00000 ( 1)
   3 K   0.99799 0.00199 0.00002 0.00000 ( 1)
   4 T   0.49177 0.50823 0.00000 0.00000 ( 2)
   5 E   0.99999 0.00000 0.00001 0.00000 ( 1)
   6 L   0.99957 0.00021 0.00022 0.00000 ( 1)
   7 T   0.99974 0.00001 0.00025 0.00000 ( 1)
   8 R   0.99999 0.00000 0.00000 0.00000 ( 1)
   9 E   0.99988 0.00011 0.00001 0.00000 ( 1)
  10 I   0.99997 0.00000 0.00003 0.00000 ( 1)
  11 Y   0.99988 0.00008 0.00004 0.00000 ( 1)
  12 S   0.99951 0.00049 0.00001 0.00000 ( 1)
  13 D   0.99998 0.00000 0.00002 0.00000 ( 1)
  14 V   0.99964 0.00036 0.00000 0.00000 ( 1)
  15 I   0.99886 0.00015 0.00099 0.00000 ( 1)
  16 N   0.99996 0.00000 0.00004 0.00000 ( 1)
  17 G   0.11710 0.88220 0.00015 0.00055 ( 2)
  18 E   0.27923 0.71910 0.00073 0.00095 ( 2)
  19 I   0.55578 0.43801 0.00527 0.00093 ( 1)
  20 Y   0.56287 0.42936 0.00659 0.00118 ( 1)
  21 G   0.96500 0.03496 0.00004 0.00000 ( 1)
  22 L   0.03961 0.89214 0.04685 0.02140 ( 2)
  23 M   0.07553 0.92442 0.00000 0.00004 ( 2)
  24 -   0.95305 0.03912 0.00753 0.00031 ( 1)
  25 -   0.96197 0.03019 0.00760 0.00024 ( 1)
  26 -   0.97279 0.01938 0.00768 0.00015 ( 1)
  27 -   0.79965 0.19251 0.00631 0.00152 ( 1)
  28 -   0.44690 0.54526 0.00353 0.00431 ( 2)
  29 -   0.98221 0.00996 0.00776 0.00008 ( 1)
  30 -   0.49311 0.49905 0.00389 0.00394 ( 2)
  31 T   0.30524 0.68692 0.00241 0.00542 ( 2)
  32 P   0.78943 0.20274 0.00623 0.00160 ( 1)
  33 Y   0.25782 0.74200 0.00001 0.00017 ( 2)
  34 F   0.00018 0.99535 0.00000 0.00446 ( 2)
  35 S   0.07520 0.92410 0.00005 0.00065 ( 2)
  36 F   0.92856 0.00297 0.06846 0.00002 ( 1)
  37 E   0.00041 0.99109 0.00006 0.00843 ( 2)
  38 K   0.01480 0.98120 0.00086 0.00315 ( 2)
  39 A   0.98356 0.01585 0.00058 0.00001 ( 1)
  40 E   0.99999 0.00000 0.00001 0.00000 ( 1)
  41 S   0.99262 0.00734 0.00005 0.00000 ( 1)
  42 L   0.98427 0.01573 0.00000 0.00000 ( 1)
  43 Y   0.99973 0.00024 0.00002 0.00000 ( 1)
  44 T   0.99980 0.00019 0.00001 0.00000 ( 1)
  45 R   0.98459 0.01540 0.00000 0.00000 ( 1)
  46 A   0.02179 0.97821 0.00000 0.00001 ( 2)
  47 P   0.99999 0.00000 0.00000 0.00000 ( 1)
  48 H   0.99317 0.00682 0.00001 0.00000 ( 1)
  49 L   0.99623 0.00375 0.00002 0.00000 ( 1)
  50 F   0.99971 0.00029 0.00000 0.00000 ( 1)
  51 T   0.99984 0.00013 0.00003 0.00000 ( 1)
  52 W   0.99969 0.00031 0.00000 0.00000 ( 1)
  53 L   0.99928 0.00072 0.00000 0.00000 ( 1)
  54 K   0.94474 0.05523 0.00003 0.00000 ( 1)
  55 G   0.94184 0.05816 0.00000 0.00000 ( 1)
  56 F   0.99934 0.00065 0.00001 0.00000 ( 1)
  57 R   0.12435 0.87544 0.00002 0.00020 ( 2)
  58 F   0.99999 0.00000 0.00001 0.00000 ( 1)
  59 V   0.77656 0.22326 0.00011 0.00007 ( 1)
  60 T   0.98293 0.01691 0.00016 0.00001 ( 1)
  61 N   0.99980 0.00016 0.00004 0.00000 ( 1)
  62 S   0.00001 0.99994 0.00000 0.00006 ( 2)
  63 I   0.99510 0.00487 0.00003 0.00000 ( 1)
  64 S   0.02682 0.97313 0.00000 0.00005 ( 2)
  65 -   0.00394 0.96685 0.00442 0.02479 ( 2)
  66 -   0.99419 0.00580 0.00001 0.00000 ( 1)
  67 -   0.05708 0.87806 0.04245 0.02241 ( 2)
  68 -   0.17488 0.81729 0.00138 0.00645 ( 2)
  69 -   0.20776 0.78441 0.00164 0.00619 ( 2)
  70 -   0.00270 0.98305 0.00127 0.01298 ( 2)
  71 Y   0.00070 0.99878 0.00000 0.00052 ( 2)
  72 W   0.11821 0.88179 0.00000 0.00000 ( 2)
  73 T   0.53851 0.46146 0.00001 0.00002 ( 1)
  74 F   0.99528 0.00471 0.00002 0.00000 ( 1)
  75 L   0.99971 0.00029 0.00000 0.00000 ( 1)
  76 S   0.96425 0.00440 0.03129 0.00006 ( 1)
  77 G   0.99996 0.00003 0.00001 0.00000 ( 1)
  78 G   0.00082 0.99737 0.00002 0.00180 ( 2)
  79 Q   0.11330 0.88670 0.00000 0.00000 ( 2)
  80 N   0.99991 0.00004 0.00004 0.00000 ( 1)
  81 K   0.94069 0.05929 0.00002 0.00000 ( 1)
  82 Y   0.99699 0.00299 0.00002 0.00000 ( 1)
  83 S   0.94322 0.05676 0.00001 0.00000 ( 1)
  84 Y   0.18152 0.81736 0.00037 0.00075 ( 2)
  85 T   0.99933 0.00067 0.00000 0.00000 ( 1)
  86 N   0.00007 0.07435 0.10472 0.82087 ( 4)
  87 N   0.00007 0.99828 0.00000 0.00165 ( 2)
  88 -   0.67111 0.32106 0.00530 0.00254 ( 1)
  89 S   0.00674 0.99257 0.00001 0.00069 ( 2)
  90 S   0.00050 0.99552 0.00006 0.00392 ( 2)
  91 I   0.94443 0.05554 0.00003 0.00001 ( 1)
  92 N   0.00041 0.99886 0.00000 0.00073 ( 2)
  93 E   0.00799 0.97589 0.00147 0.01466 ( 2)
  94 G   0.96960 0.03036 0.00004 0.00000 ( 1)
  95 S   0.99521 0.00479 0.00000 0.00000 ( 1)
  96 F   0.99726 0.00266 0.00008 0.00000 ( 1)
  97 R   0.00000 0.98232 0.00000 0.01768 ( 2)
  98 G   0.99739 0.00257 0.00004 0.00000 ( 1)
  99 Q   0.01445 0.98555 0.00000 0.00000 ( 2)
 100 D   0.66203 0.33773 0.00012 0.00011 ( 1)
 101 T   0.76877 0.23121 0.00001 0.00001 ( 1)
 102 D   0.08088 0.90761 0.00624 0.00526 ( 2)
 103 Y   0.99725 0.00273 0.00003 0.00000 ( 1)
 104 G   0.99993 0.00007 0.00000 0.00000 ( 1)
 105 G   0.82866 0.17133 0.00000 0.00000 ( 1)
 106 T   0.89361 0.10624 0.00014 0.00002 ( 1)
 107 S   0.27677 0.72319 0.00000 0.00004 ( 2)
 108 S   0.99922 0.00077 0.00001 0.00000 ( 1)
 109 T   0.01226 0.98555 0.00003 0.00217 ( 2)
 110 I   0.49721 0.50140 0.00086 0.00052 ( 2)
 111 N   0.04845 0.95140 0.00000 0.00015 ( 2)
 112 I   0.96897 0.02899 0.00201 0.00004 ( 1)
 113 P   0.00446 0.99539 0.00000 0.00015 ( 2)
 114 S   0.00003 0.99949 0.00000 0.00049 ( 2)
 115 N   0.00000 0.99955 0.00000 0.00044 ( 2)
 116 S   0.00017 0.99983 0.00000 0.00000 ( 2)
 117 Y   0.14425 0.85568 0.00000 0.00007 ( 2)
 118 V   0.67369 0.32594 0.00033 0.00004 ( 1)
 119 Y   0.99995 0.00003 0.00002 0.00000 ( 1)
 120 N   0.99451 0.00544 0.00005 0.00000 ( 1)
 121 L   0.99904 0.00096 0.00001 0.00000 ( 1)
 122 W   0.82771 0.17229 0.00000 0.00000 ( 1)
 123 T   0.15328 0.84659 0.00001 0.00012 ( 2)
 124 E   0.99988 0.00010 0.00002 0.00000 ( 1)
 125 N   0.99853 0.00147 0.00001 0.00000 ( 1)
 126 Y   0.99477 0.00520 0.00003 0.00000 ( 1)
 127 E   0.99516 0.00481 0.00003 0.00000 ( 1)
 128 Y   0.00004 0.99941 0.00000 0.00055 ( 2)
 129 I   0.93787 0.06210 0.00002 0.00001 ( 1)
 130 Y   0.79791 0.20172 0.00029 0.00007 ( 1)
 131 P   0.99668 0.00331 0.00000 0.00000 ( 1)
 132 W   0.00383 0.97241 0.00204 0.02172 ( 2)
 133 G   0.00043 0.99925 0.00000 0.00032 ( 2)
 134 D   0.83515 0.16481 0.00002 0.00002 ( 1)
 135 P   0.39741 0.60254 0.00002 0.00004 ( 2)
 136 V   0.06754 0.93225 0.00004 0.00016 ( 2)
 137 N   0.99947 0.00049 0.00004 0.00000 ( 1)
 138 -   0.73496 0.25721 0.00580 0.00203 ( 1)
 139 -   0.93655 0.05562 0.00740 0.00044 ( 1)
 140 -   0.25575 0.73642 0.00202 0.00582 ( 2)
 141 -   0.80424 0.18793 0.00635 0.00148 ( 1)
 142 -   0.07876 0.91341 0.00062 0.00721 ( 2)
 143 -   0.96197 0.03019 0.00760 0.00024 ( 1)
 144 -   0.23121 0.76096 0.00183 0.00601 ( 2)
 145 -   0.63606 0.35610 0.00502 0.00281 ( 1)
 146 -   0.98018 0.01198 0.00774 0.00009 ( 1)
 147 I   0.99988 0.00009 0.00002 0.00000 ( 1)
 148 T   0.00015 0.99982 0.00000 0.00003 ( 2)
 149 K   0.66135 0.33766 0.00087 0.00013 ( 1)
 150 M   0.86421 0.13575 0.00003 0.00002 ( 1)
 151 N   0.98956 0.01040 0.00004 0.00000 ( 1)
 152 F   0.99998 0.00001 0.00001 0.00000 ( 1)
 153 S   0.04322 0.95673 0.00000 0.00005 ( 2)
 154 V   0.43993 0.55956 0.00037 0.00014 ( 2)
 155 T   0.99546 0.00451 0.00003 0.00000 ( 1)
 156 D   0.63585 0.36385 0.00013 0.00017 ( 1)
 157 N   0.99973 0.00023 0.00004 0.00000 ( 1)
 158 -   0.67111 0.32106 0.00530 0.00254 ( 1)
 159 N   0.99997 0.00000 0.00003 0.00000 ( 1)
 160 S   0.00000 0.99950 0.00000 0.00049 ( 2)
 161 S   0.98583 0.01416 0.00001 0.00000 ( 1)
 162 K   0.00002 0.99248 0.00000 0.00750 ( 2)
 163 E   0.96596 0.03279 0.00123 0.00002 ( 1)
 164 L   0.00021 0.99297 0.00002 0.00679 ( 2)
 165 I   0.01816 0.98120 0.00002 0.00062 ( 2)
 166 Y   0.99998 0.00000 0.00002 0.00000 ( 1)
 167 G   0.99958 0.00042 0.00000 0.00000 ( 1)
 168 -   0.56794 0.42422 0.00448 0.00335 ( 1)
 169 -   0.46717 0.52500 0.00369 0.00415 ( 2)
 170 A   0.10679 0.89256 0.00045 0.00021 ( 2)
 171 H   0.00058 0.99916 0.00000 0.00026 ( 2)
 172 R   0.00343 0.99656 0.00000 0.00001 ( 2)
 173 T   0.11454 0.87762 0.00090 0.00693 ( 2)
 174 N   0.99989 0.00007 0.00004 0.00000 ( 1)
 175 K   0.12026 0.86034 0.01501 0.00439 ( 2)
 176 P   0.99998 0.00002 0.00000 0.00000 ( 1)
 177 V   0.99708 0.00290 0.00003 0.00000 ( 1)
 178 V   0.99951 0.00048 0.00001 0.00000 ( 1)
 179 R   0.85167 0.14820 0.00013 0.00000 ( 1)
 180 T   0.75083 0.24887 0.00017 0.00012 ( 1)
 181 D   0.93659 0.06260 0.00078 0.00003 ( 1)
 182 F   0.98018 0.01980 0.00001 0.00000 ( 1)
 183 D   0.98093 0.01905 0.00002 0.00000 ( 1)
 184 F   0.99997 0.00002 0.00001 0.00000 ( 1)
 185 -   0.67272 0.31945 0.00531 0.00252 ( 1)
 186 L   0.99410 0.00590 0.00000 0.00000 ( 1)
 187 T   0.44057 0.55897 0.00012 0.00034 ( 2)
 188 N   0.98642 0.01348 0.00009 0.00001 ( 1)
 189 K   0.99943 0.00055 0.00002 0.00000 ( 1)
 190 -   0.96156 0.03061 0.00759 0.00024 ( 1)
 191 -   0.92174 0.07042 0.00728 0.00056 ( 1)
 192 -   0.97640 0.01577 0.00771 0.00012 ( 1)
 193 E   0.83755 0.03004 0.13210 0.00031 ( 1)
 194 G   0.26559 0.73440 0.00000 0.00000 ( 2)
 195 T   0.95895 0.03907 0.00193 0.00004 ( 1)
 196 E   0.11561 0.88412 0.00015 0.00011 ( 2)
 197 L   0.01681 0.96888 0.00049 0.01383 ( 2)
 198 A   0.99967 0.00033 0.00000 0.00000 ( 1)
 199 K   0.99910 0.00089 0.00001 0.00000 ( 1)
 200 Y   0.99751 0.00248 0.00000 0.00000 ( 1)
 201 N   0.99992 0.00003 0.00004 0.00000 ( 1)
 202 D   0.99986 0.00002 0.00012 0.00000 ( 1)
 203 -   0.69803 0.29413 0.00551 0.00232 ( 1)
 204 -   0.95634 0.03583 0.00755 0.00028 ( 1)
 205 -   0.98155 0.01061 0.00775 0.00008 ( 1)
 206 Y   0.99998 0.00000 0.00002 0.00000 ( 1)
 207 N   0.99959 0.00035 0.00007 0.00000 ( 1)
 208 H   0.99999 0.00000 0.00001 0.00000 ( 1)
 209 I   0.99993 0.00004 0.00002 0.00000 ( 1)
 210 L   0.99998 0.00001 0.00001 0.00000 ( 1)
 211 S   0.99985 0.00006 0.00009 0.00000 ( 1)
 212 Y   0.98952 0.01045 0.00003 0.00000 ( 1)
 213 M   0.98224 0.01776 0.00000 0.00000 ( 1)
 214 L   0.99284 0.00709 0.00007 0.00000 ( 1)
 215 I   0.85466 0.14455 0.00076 0.00003 ( 1)
 216 N   0.99863 0.00130 0.00007 0.00000 ( 1)
 217 -   0.42228 0.56988 0.00333 0.00450 ( 2)
 218 -   0.94799 0.04418 0.00749 0.00035 ( 1)
 219 -   0.00851 0.98365 0.00007 0.00777 ( 2)
 220 G   0.21257 0.78735 0.00001 0.00007 ( 2)
 221 E   0.38067 0.61150 0.00301 0.00483 ( 2)
 222 T   0.98709 0.01282 0.00009 0.00000 ( 1)
 223 -   0.67111 0.32106 0.00530 0.00254 ( 1)
 224 -   0.67111 0.32106 0.00530 0.00254 ( 1)
 225 -   0.67111 0.32106 0.00530 0.00254 ( 1)
 226 -   0.67111 0.32106 0.00530 0.00254 ( 1)
 227 F   0.29444 0.70538 0.00004 0.00013 ( 2)
 228 G   0.95370 0.01201 0.03408 0.00022 ( 1)
 229 Q   0.51420 0.48579 0.00000 0.00000 ( 1)
 230 K   0.97361 0.02636 0.00002 0.00000 ( 1)
 231 R   0.96870 0.03123 0.00007 0.00000 ( 1)
 232 H   0.77479 0.22521 0.00000 0.00000 ( 1)
 233 G   0.99997 0.00003 0.00001 0.00000 ( 1)
 234 Y   0.99930 0.00068 0.00002 0.00000 ( 1)
 235 S   0.97150 0.02664 0.00185 0.00001 ( 1)
 236 F   0.99999 0.00000 0.00001 0.00000 ( 1)
 237 A   0.97467 0.00006 0.02528 0.00000 ( 1)
 238 F   0.99986 0.00003 0.00010 0.00000 ( 1)
 239 T   0.99991 0.00007 0.00002 0.00000 ( 1)
 240 H   0.99999 0.00000 0.00001 0.00000 ( 1)
 241 S   0.99975 0.00024 0.00001 0.00000 ( 1)
 242 S   0.99997 0.00000 0.00003 0.00000 ( 1)


lnL = -6807.546079

Bayes Empirical Bayes (BEB) probabilities for 4 classes (class)
(amino acids refer to 1st sequence: BT_Cry19Aa1)

   1 E   0.00193 0.98631 0.00002 0.01173 ( 2)
   2 V   0.99715 0.00007 0.00278 0.00000 ( 1)
   3 K   0.99429 0.00228 0.00341 0.00002 ( 1)
   4 T   0.40743 0.57444 0.00678 0.01135 ( 2)
   5 E   0.99617 0.00000 0.00383 0.00000 ( 1)
   6 L   0.98946 0.00019 0.01035 0.00000 ( 1)
   7 T   0.99393 0.00001 0.00606 0.00000 ( 1)
   8 R   0.99605 0.00000 0.00395 0.00000 ( 1)
   9 E   0.99606 0.00011 0.00383 0.00000 ( 1)
  10 I   0.99751 0.00000 0.00249 0.00000 ( 1)
  11 Y   0.99670 0.00008 0.00323 0.00000 ( 1)
  12 S   0.99102 0.00046 0.00851 0.00001 ( 1)
  13 D   0.99801 0.00000 0.00199 0.00000 ( 1)
  14 V   0.98452 0.00036 0.01511 0.00001 ( 1)
  15 I   0.95863 0.00015 0.04123 0.00000 ( 1)
  16 N   0.99789 0.00000 0.00211 0.00000 ( 1)
  17 G   0.07206 0.90453 0.00457 0.01884 ( 2)
  18 E   0.19451 0.77520 0.01164 0.01864 ( 2)
  19 I   0.41510 0.45729 0.09912 0.02849 ( 2)
  20 Y   0.43966 0.45550 0.08297 0.02187 ( 2)
  21 G   0.94679 0.04554 0.00713 0.00053 ( 1)
  22 L   0.01763 0.70245 0.20352 0.07640 ( 2)
  23 M   0.04587 0.94475 0.00023 0.00915 ( 2)
  24 -   0.92147 0.04126 0.03567 0.00159 ( 1)
  25 -   0.93107 0.03166 0.03604 0.00122 ( 1)
  26 -   0.94338 0.01935 0.03652 0.00075 ( 1)
  27 -   0.74779 0.21494 0.02897 0.00829 ( 1)
  28 -   0.38570 0.57704 0.01499 0.02228 ( 2)
  29 -   0.95310 0.00963 0.03689 0.00037 ( 1)
  30 -   0.44160 0.52114 0.01715 0.02012 ( 2)
  31 T   0.24426 0.71847 0.00950 0.02776 ( 2)
  32 P   0.72442 0.23831 0.02807 0.00919 ( 1)
  33 Y   0.17045 0.82052 0.00071 0.00832 ( 2)
  34 F   0.00008 0.96545 0.00001 0.03446 ( 2)
  35 S   0.04737 0.93840 0.00082 0.01341 ( 2)
  36 F   0.64263 0.00234 0.35493 0.00010 ( 1)
  37 E   0.00019 0.96971 0.00008 0.03001 ( 2)
  38 K   0.00822 0.92754 0.00923 0.05501 ( 2)
  39 A   0.96828 0.01802 0.01335 0.00035 ( 1)
  40 E   0.99617 0.00000 0.00383 0.00000 ( 1)
  41 S   0.98590 0.00884 0.00515 0.00011 ( 1)
  42 L   0.97739 0.01885 0.00362 0.00014 ( 1)
  43 Y   0.99664 0.00026 0.00310 0.00000 ( 1)
  44 T   0.99510 0.00019 0.00471 0.00000 ( 1)
  45 R   0.96974 0.01680 0.01317 0.00029 ( 1)
  46 A   0.01239 0.97649 0.00009 0.01103 ( 2)
  47 P   0.99637 0.00000 0.00363 0.00000 ( 1)
  48 H   0.98861 0.00892 0.00241 0.00006 ( 1)
  49 L   0.98878 0.00394 0.00723 0.00005 ( 1)
  50 F   0.98861 0.00027 0.01111 0.00000 ( 1)
  51 T   0.99721 0.00014 0.00266 0.00000 ( 1)
  52 W   0.98571 0.00030 0.01398 0.00001 ( 1)
  53 L   0.99233 0.00074 0.00692 0.00001 ( 1)
  54 K   0.92038 0.06486 0.01358 0.00118 ( 1)
  55 G   0.91809 0.07538 0.00575 0.00077 ( 1)
  56 F   0.99659 0.00072 0.00268 0.00001 ( 1)
  57 R   0.08022 0.90975 0.00048 0.00955 ( 2)
  58 F   0.99740 0.00000 0.00260 0.00000 ( 1)
  59 V   0.69916 0.29482 0.00332 0.00270 ( 1)
  60 T   0.97797 0.01850 0.00338 0.00015 ( 1)
  61 N   0.99771 0.00018 0.00211 0.00000 ( 1)
  62 S   0.00000 0.99208 0.00000 0.00791 ( 2)
  63 I   0.99142 0.00586 0.00268 0.00005 ( 1)
  64 S   0.01518 0.97706 0.00005 0.00771 ( 2)
  65 -   0.00223 0.88586 0.00646 0.10546 ( 2)
  66 -   0.99017 0.00668 0.00310 0.00005 ( 1)
  67 -   0.02880 0.69695 0.16796 0.10629 ( 2)
  68 -   0.14015 0.82258 0.00546 0.03181 ( 2)
  69 -   0.16789 0.79485 0.00654 0.03073 ( 2)
  70 -   0.00156 0.93397 0.00263 0.06184 ( 2)
  71 Y   0.00033 0.98753 0.00000 0.01214 ( 2)
  72 W   0.08023 0.90277 0.00115 0.01585 ( 2)
  73 T   0.46478 0.52797 0.00221 0.00504 ( 2)
  74 F   0.99157 0.00567 0.00271 0.00004 ( 1)
  75 L   0.99279 0.00028 0.00692 0.00000 ( 1)
  76 S   0.95359 0.00456 0.04176 0.00010 ( 1)
  77 G   0.99694 0.00003 0.00303 0.00000 ( 1)
  78 G   0.00039 0.97560 0.00010 0.02391 ( 2)
  79 Q   0.06796 0.92174 0.00046 0.00983 ( 2)
  80 N   0.99785 0.00004 0.00211 0.00000 ( 1)
  81 K   0.91486 0.08133 0.00315 0.00067 ( 1)
  82 Y   0.99332 0.00358 0.00308 0.00003 ( 1)
  83 S   0.92243 0.07402 0.00296 0.00058 ( 1)
  84 Y   0.11459 0.85594 0.00807 0.02140 ( 2)
  85 T   0.98502 0.00063 0.01434 0.00001 ( 1)
  86 N   0.00021 0.42625 0.04660 0.52694 ( 4)
  87 N   0.00003 0.93101 0.00001 0.06895 ( 2)
  88 -   0.63269 0.33005 0.02453 0.01273 ( 1)
  89 S   0.00381 0.97952 0.00013 0.01654 ( 2)
  90 S   0.00025 0.94850 0.00039 0.05086 ( 2)
  91 I   0.92995 0.06713 0.00242 0.00051 ( 1)
  92 N   0.00021 0.98637 0.00000 0.01342 ( 2)
  93 E   0.00448 0.87901 0.00849 0.10802 ( 2)
  94 G   0.95991 0.03376 0.00598 0.00035 ( 1)
  95 S   0.99118 0.00519 0.00360 0.00004 ( 1)
  96 F   0.99126 0.00306 0.00564 0.00004 ( 1)
  97 R   0.00000 0.92736 0.00000 0.07264 ( 2)
  98 G   0.98536 0.00287 0.01172 0.00005 ( 1)
  99 Q   0.00843 0.97497 0.00012 0.01649 ( 2)
 100 D   0.55441 0.43867 0.00221 0.00471 ( 1)
 101 T   0.68683 0.30660 0.00359 0.00298 ( 1)
 102 D   0.04510 0.89710 0.02325 0.03455 ( 2)
 103 Y   0.99387 0.00296 0.00314 0.00002 ( 1)
 104 G   0.99694 0.00006 0.00299 0.00000 ( 1)
 105 G   0.77430 0.21861 0.00485 0.00224 ( 1)
 106 T   0.85853 0.12930 0.01011 0.00206 ( 1)
 107 S   0.19419 0.79884 0.00064 0.00632 ( 2)
 108 S   0.99592 0.00089 0.00319 0.00001 ( 1)
 109 T   0.00714 0.97357 0.00029 0.01899 ( 2)
 110 I   0.41546 0.53207 0.03427 0.01821 ( 2)
 111 N   0.03009 0.96310 0.00007 0.00675 ( 2)
 112 I   0.92080 0.03137 0.04716 0.00066 ( 1)
 113 P   0.00233 0.96570 0.00032 0.03165 ( 2)
 114 S   0.00001 0.97435 0.00000 0.02564 ( 2)
 115 N   0.00000 0.98344 0.00000 0.01656 ( 2)
 116 S   0.00008 0.98049 0.00000 0.01943 ( 2)
 117 Y   0.09444 0.89824 0.00030 0.00703 ( 2)
 118 V   0.56109 0.41984 0.01525 0.00383 ( 1)
 119 Y   0.99688 0.00003 0.00309 0.00000 ( 1)
 120 N   0.99159 0.00623 0.00213 0.00005 ( 1)
 121 L   0.99210 0.00095 0.00694 0.00001 ( 1)
 122 W   0.77650 0.20873 0.01110 0.00367 ( 1)
 123 T   0.10349 0.88755 0.00051 0.00845 ( 2)
 124 E   0.99648 0.00010 0.00342 0.00000 ( 1)
 125 N   0.99076 0.00151 0.00771 0.00002 ( 1)
 126 Y   0.99046 0.00624 0.00325 0.00005 ( 1)
 127 E   0.98614 0.00562 0.00817 0.00007 ( 1)
 128 Y   0.00001 0.98488 0.00000 0.01510 ( 2)
 129 I   0.91834 0.07880 0.00228 0.00058 ( 1)
 130 Y   0.73188 0.25617 0.00925 0.00270 ( 1)
 131 P   0.98965 0.00394 0.00637 0.00004 ( 1)
 132 W   0.00196 0.89412 0.00604 0.09788 ( 2)
 133 G   0.00020 0.98879 0.00000 0.01101 ( 2)
 134 D   0.76283 0.23393 0.00161 0.00162 ( 1)
 135 P   0.30864 0.68018 0.00255 0.00863 ( 2)
 136 V   0.04045 0.93358 0.00361 0.02236 ( 2)
 137 N   0.99732 0.00056 0.00211 0.00000 ( 1)
 138 -   0.69768 0.26506 0.02704 0.01023 ( 1)
 139 -   0.90355 0.05918 0.03498 0.00228 ( 1)
 140 -   0.20184 0.76090 0.00786 0.02941 ( 2)
 141 -   0.75258 0.21016 0.02916 0.00811 ( 1)
 142 -   0.05955 0.90319 0.00232 0.03494 ( 2)
 143 -   0.93107 0.03166 0.03604 0.00122 ( 1)
 144 -   0.19017 0.77256 0.00740 0.02986 ( 2)
 145 -   0.58482 0.37792 0.02268 0.01458 ( 1)
 146 -   0.95108 0.01165 0.03682 0.00045 ( 1)
 147 I   0.99743 0.00010 0.00248 0.00000 ( 1)
 148 T   0.00007 0.99049 0.00000 0.00944 ( 2)
 149 K   0.54899 0.40260 0.03968 0.00874 ( 1)
 150 M   0.82395 0.17266 0.00206 0.00134 ( 1)
 151 N   0.98402 0.01378 0.00209 0.00011 ( 1)
 152 F   0.99738 0.00001 0.00261 0.00000 ( 1)
 153 S   0.02545 0.96695 0.00009 0.00752 ( 2)
 154 V   0.32502 0.62406 0.03396 0.01696 ( 2)
 155 T   0.98283 0.00493 0.01215 0.00008 ( 1)
 156 D   0.54001 0.45172 0.00308 0.00519 ( 1)
 157 N   0.99767 0.00023 0.00210 0.00000 ( 1)
 158 -   0.63269 0.33005 0.02453 0.01273 ( 1)
 159 N   0.99262 0.00000 0.00738 0.00000 ( 1)
 160 S   0.00000 0.98907 0.00000 0.01093 ( 2)
 161 S   0.97477 0.01632 0.00870 0.00021 ( 1)
 162 K   0.00001 0.94139 0.00001 0.05859 ( 2)
 163 E   0.91354 0.03932 0.04645 0.00069 ( 1)
 164 L   0.00008 0.89717 0.00023 0.10252 ( 2)
 165 I   0.00922 0.97262 0.00042 0.01774 ( 2)
 166 Y   0.99691 0.00000 0.00309 0.00000 ( 1)
 167 G   0.99651 0.00049 0.00299 0.00000 ( 1)
 168 -   0.51712 0.44561 0.02007 0.01720 ( 1)
 169 -   0.41671 0.54602 0.01619 0.02108 ( 2)
 170 A   0.07600 0.86737 0.02574 0.03089 ( 2)
 171 H   0.00026 0.97210 0.00003 0.02761 ( 2)
 172 R   0.00176 0.99016 0.00001 0.00808 ( 2)
 173 T   0.08179 0.88094 0.00319 0.03408 ( 2)
 174 N   0.99783 0.00006 0.00210 0.00000 ( 1)
 175 K   0.06549 0.78417 0.10147 0.04888 ( 2)
 176 P   0.99637 0.00002 0.00362 0.00000 ( 1)
 177 V   0.99406 0.00321 0.00270 0.00003 ( 1)
 178 V   0.99663 0.00059 0.00278 0.00000 ( 1)
 179 R   0.67324 0.15781 0.16133 0.00761 ( 1)
 180 T   0.67951 0.31277 0.00421 0.00351 ( 1)
 181 D   0.88353 0.08808 0.02712 0.00127 ( 1)
 182 F   0.97135 0.02593 0.00253 0.00018 ( 1)
 183 D   0.97274 0.02510 0.00199 0.00017 ( 1)
 184 F   0.99739 0.00002 0.00260 0.00000 ( 1)
 185 -   0.63432 0.32841 0.02459 0.01267 ( 1)
 186 L   0.98914 0.00722 0.00359 0.00005 ( 1)
 187 T   0.32818 0.66167 0.00211 0.00805 ( 2)
 188 N   0.98090 0.01659 0.00237 0.00014 ( 1)
 189 K   0.99597 0.00061 0.00342 0.00001 ( 1)
 190 -   0.93193 0.03080 0.03608 0.00119 ( 1)
 191 -   0.89079 0.07194 0.03449 0.00278 ( 1)
 192 -   0.94729 0.01545 0.03667 0.00060 ( 1)
 193 E   0.41116 0.01938 0.56817 0.00129 ( 3)
 194 G   0.19492 0.79560 0.00124 0.00825 ( 2)
 195 T   0.90475 0.04706 0.04718 0.00101 ( 1)
 196 E   0.06789 0.83569 0.03032 0.06610 ( 2)
 197 L   0.00976 0.96464 0.00097 0.02463 ( 2)
 198 A   0.98190 0.00033 0.01776 0.00001 ( 1)
 199 K   0.99431 0.00098 0.00470 0.00001 ( 1)
 200 Y   0.98183 0.00261 0.01551 0.00005 ( 1)
 201 N   0.99786 0.00003 0.00210 0.00000 ( 1)
 202 D   0.99621 0.00002 0.00377 0.00000 ( 1)
 203 -   0.65327 0.30947 0.02533 0.01194 ( 1)
 204 -   0.92646 0.03627 0.03587 0.00140 ( 1)
 205 -   0.95234 0.01039 0.03686 0.00040 ( 1)
 206 Y   0.98612 0.00000 0.01388 0.00000 ( 1)
 207 N   0.99693 0.00037 0.00270 0.00000 ( 1)
 208 H   0.99750 0.00000 0.00250 0.00000 ( 1)
 209 I   0.99748 0.00004 0.00248 0.00000 ( 1)
 210 L   0.99305 0.00001 0.00694 0.00000 ( 1)
 211 S   0.98988 0.00006 0.01006 0.00000 ( 1)
 212 Y   0.98484 0.01197 0.00309 0.00010 ( 1)
 213 M   0.97271 0.02280 0.00431 0.00019 ( 1)
 214 L   0.98231 0.00820 0.00937 0.00012 ( 1)
 215 I   0.75847 0.18022 0.05849 0.00283 ( 1)
 216 N   0.99589 0.00158 0.00251 0.00001 ( 1)
 217 -   0.32955 0.63318 0.01281 0.02445 ( 2)
 218 -   0.91374 0.04900 0.03538 0.00189 ( 1)
 219 -   0.00478 0.95796 0.00019 0.03708 ( 2)
 220 G   0.13964 0.84849 0.00114 0.01072 ( 2)
 221 E   0.28608 0.67666 0.01113 0.02614 ( 2)
 222 T   0.97863 0.01595 0.00526 0.00016 ( 1)
 223 -   0.63269 0.33005 0.02453 0.01273 ( 1)
 224 -   0.63269 0.33005 0.02453 0.01273 ( 1)
 225 -   0.63269 0.33005 0.02453 0.01273 ( 1)
 226 -   0.63269 0.33005 0.02453 0.01273 ( 1)
 227 F   0.21334 0.77824 0.00118 0.00725 ( 2)
 228 G   0.88771 0.01249 0.09926 0.00054 ( 1)
 229 Q   0.44129 0.54969 0.00306 0.00596 ( 2)
 230 K   0.96603 0.02998 0.00372 0.00027 ( 1)
 231 R   0.95640 0.03800 0.00519 0.00041 ( 1)
 232 H   0.70244 0.28444 0.00863 0.00449 ( 1)
 233 G   0.99698 0.00003 0.00300 0.00000 ( 1)
 234 Y   0.99609 0.00081 0.00309 0.00001 ( 1)
 235 S   0.85363 0.02884 0.11664 0.00088 ( 1)
 236 F   0.99740 0.00000 0.00260 0.00000 ( 1)
 237 A   0.91584 0.00005 0.08411 0.00000 ( 1)
 238 F   0.99575 0.00003 0.00422 0.00000 ( 1)
 239 T   0.98744 0.00006 0.01250 0.00000 ( 1)
 240 H   0.99757 0.00000 0.00243 0.00000 ( 1)
 241 S   0.99775 0.00027 0.00198 0.00000 ( 1)
 242 S   0.99245 0.00000 0.00755 0.00000 ( 1)

