Supplemental results for CODEML (seqf: algn  treef: tree)


dN/dS (w) for site classes (K=4)

site class             0        1       2a       2b
proportion       0.70037  0.28808  0.00819  0.00337
background w     0.06960  0.70391  0.06960  0.70391
foreground w     0.06960  0.70391  7.59483  7.59483

Naive Empirical Bayes (NEB) probabilities for 4 classes
(amino acids refer to 1st sequence: BT_Cry8Ab1)

   1 P   0.82358 0.16486 0.00963 0.00193 ( 1)
   2 F   0.93244 0.06509 0.00229 0.00019 ( 1)
   3 A   0.75534 0.24146 0.00234 0.00087 ( 1)
   4 S   0.00173 0.99435 0.00001 0.00392 ( 2)
   5 Q   0.00004 0.99345 0.00000 0.00650 ( 2)
   6 I   0.99069 0.00716 0.00213 0.00002 ( 1)
   7 V   0.80310 0.19372 0.00249 0.00070 ( 1)
   8 S   0.00606 0.99080 0.00002 0.00312 ( 2)
   9 F   0.98655 0.01100 0.00242 0.00003 ( 1)
  10 Y   0.64560 0.35089 0.00217 0.00134 ( 1)
  11 N   0.85980 0.13791 0.00192 0.00037 ( 1)
  12 F   0.98335 0.01420 0.00241 0.00004 ( 1)
  13 I   0.82326 0.17401 0.00219 0.00054 ( 1)
  14 L   0.58524 0.40737 0.00429 0.00311 ( 1)
  15 D   0.86017 0.13750 0.00195 0.00037 ( 1)
  16 Q   0.94792 0.04591 0.00587 0.00030 ( 1)
  17 L   0.95450 0.04120 0.00411 0.00020 ( 1)
  18 W   0.87586 0.11730 0.00600 0.00084 ( 1)
  19 P   0.97618 0.02078 0.00297 0.00007 ( 1)
  20 S   0.96360 0.03257 0.00369 0.00014 ( 1)
  21 N   0.23213 0.76532 0.00052 0.00203 ( 2)
  22 S   0.02393 0.97245 0.00008 0.00354 ( 2)
  23 V   0.70326 0.29139 0.00370 0.00165 ( 1)
  24 S   0.03010 0.96677 0.00008 0.00305 ( 2)
  25 V   0.03302 0.96374 0.00009 0.00315 ( 2)
  26 W   0.87586 0.11730 0.00600 0.00084 ( 1)
  27 E   0.98574 0.01164 0.00258 0.00004 ( 1)
  28 Q   0.10626 0.88728 0.00066 0.00581 ( 2)
  29 I   0.98368 0.01367 0.00262 0.00004 ( 1)
  30 M   0.42213 0.47710 0.08896 0.01181 ( 2)
  31 T   0.18331 0.81087 0.00102 0.00480 ( 2)
  32 L   0.70100 0.29459 0.00302 0.00139 ( 1)
  33 V   0.93800 0.05674 0.00493 0.00032 ( 1)
  34 E   0.98574 0.01164 0.00258 0.00004 ( 1)
  35 E   0.17835 0.81862 0.00047 0.00256 ( 2)
  36 L   0.95457 0.04236 0.00292 0.00015 ( 1)
  37 V   0.39587 0.60108 0.00109 0.00197 ( 2)
  38 D   0.98905 0.00868 0.00224 0.00002 ( 1)
  39 Q   0.96268 0.03357 0.00362 0.00014 ( 1)
  40 K   0.98555 0.01193 0.00249 0.00004 ( 1)
  41 I   0.99069 0.00716 0.00213 0.00002 ( 1)
  42 T   0.98428 0.01321 0.00247 0.00004 ( 1)
  43 E   0.48081 0.51632 0.00126 0.00161 ( 2)
  44 Y   0.69968 0.29683 0.00235 0.00113 ( 1)
  45 A   0.89030 0.10722 0.00217 0.00031 ( 1)
  46 R   0.96456 0.03254 0.00279 0.00011 ( 1)
  47 N   0.90378 0.09395 0.00202 0.00025 ( 1)
  48 K   0.85829 0.13688 0.00410 0.00074 ( 1)
  49 A   0.95769 0.03986 0.00233 0.00012 ( 1)
  50 L   0.71188 0.28076 0.00522 0.00214 ( 1)
  51 A   0.18763 0.80918 0.00053 0.00266 ( 2)
  52 E   0.87650 0.12083 0.00230 0.00038 ( 1)
  53 L   0.62605 0.36982 0.00249 0.00164 ( 1)
  54 K   0.02913 0.96791 0.00007 0.00288 ( 2)
  55 G   0.96300 0.03305 0.00381 0.00015 ( 1)
  56 L   0.95024 0.04197 0.00742 0.00036 ( 1)
  57 G   0.98245 0.01490 0.00260 0.00005 ( 1)
  58 D   0.47959 0.51791 0.00109 0.00141 ( 2)
  59 A   0.78278 0.21429 0.00222 0.00070 ( 1)
  60 L   0.16507 0.82909 0.00092 0.00492 ( 2)
  61 G   0.00032 0.75079 0.00897 0.23993 ( 2)
  62 V   0.98378 0.01347 0.00270 0.00004 ( 1)
  63 Y   0.97226 0.02437 0.00327 0.00009 ( 1)
  64 Q   0.89807 0.09574 0.00556 0.00063 ( 1)
  65 Q   0.06509 0.93078 0.00024 0.00389 ( 2)
  66 S   0.96360 0.03257 0.00369 0.00014 ( 1)
  67 L   0.97561 0.02133 0.00299 0.00007 ( 1)
  68 E   0.31603 0.68101 0.00083 0.00213 ( 2)
  69 A   0.00435 0.99238 0.00001 0.00326 ( 2)
  70 W   0.87586 0.11730 0.00600 0.00084 ( 1)
  71 L   0.07358 0.92055 0.00041 0.00547 ( 2)
  72 E   0.87949 0.11784 0.00230 0.00037 ( 1)
  73 N   0.98823 0.00953 0.00221 0.00003 ( 1)
  74 R   0.37603 0.61565 0.00309 0.00522 ( 2)
  75 N   0.77270 0.22498 0.00173 0.00060 ( 1)
  76 D   0.95433 0.04117 0.00430 0.00020 ( 1)
  77 T   0.31477 0.68244 0.00079 0.00200 ( 2)
  78 R   0.97775 0.01936 0.00283 0.00006 ( 1)
  79 A   0.36178 0.63511 0.00103 0.00208 ( 2)
  80 R   0.97775 0.01936 0.00283 0.00006 ( 1)
  81 S   0.83571 0.16147 0.00230 0.00051 ( 1)
  82 V   0.97939 0.01752 0.00303 0.00006 ( 1)
  83 V   0.83841 0.15843 0.00259 0.00057 ( 1)
  84 S   0.00019 0.99619 0.00000 0.00362 ( 2)
  85 N   0.00281 0.99454 0.00001 0.00264 ( 2)
  86 Q   0.96268 0.03357 0.00362 0.00014 ( 1)
  87 F   0.87154 0.12596 0.00214 0.00036 ( 1)
  88 I   0.02397 0.30304 0.58732 0.08567 ( 3)
  89 A   0.96476 0.03239 0.00274 0.00011 ( 1)
  90 L   0.94990 0.04612 0.00378 0.00020 ( 1)
  91 E   0.31253 0.68490 0.00071 0.00186 ( 2)
  92 L   0.93510 0.06182 0.00286 0.00022 ( 1)
  93 D   0.98905 0.00868 0.00224 0.00002 ( 1)
  94 F   0.98655 0.01100 0.00242 0.00003 ( 1)
  95 V   0.97819 0.01872 0.00303 0.00007 ( 1)
  96 G   0.00015 0.99547 0.00000 0.00439 ( 2)
  97 A   0.00441 0.99272 0.00001 0.00287 ( 2)
  98 I   0.83701 0.16027 0.00223 0.00050 ( 1)
  99 P   0.97618 0.02078 0.00297 0.00007 ( 1)
 100 S   0.90934 0.08324 0.00677 0.00064 ( 1)
 101 F   0.98655 0.01100 0.00242 0.00003 ( 1)
 102 A   0.98658 0.01098 0.00240 0.00003 ( 1)
 103 V   0.41145 0.58551 0.00113 0.00191 ( 2)
 104 S   0.91815 0.07443 0.00684 0.00058 ( 1)
 105 G   0.06016 0.93410 0.00033 0.00541 ( 2)
 106 Q   0.90263 0.09119 0.00559 0.00060 ( 1)
 107 E   0.98459 0.01279 0.00258 0.00004 ( 1)
 108 V   0.98378 0.01347 0.00270 0.00004 ( 1)
 109 P   0.97618 0.02078 0.00297 0.00007 ( 1)
 110 L   0.95907 0.03695 0.00381 0.00016 ( 1)
 111 L   0.95907 0.03695 0.00381 0.00016 ( 1)
 112 A   0.35100 0.64628 0.00086 0.00187 ( 2)
 113 V   0.96045 0.03680 0.00264 0.00012 ( 1)
 114 Y   0.97119 0.02545 0.00326 0.00010 ( 1)
 115 A   0.98658 0.01098 0.00240 0.00003 ( 1)
 116 Q   0.61047 0.38324 0.00378 0.00251 ( 1)
 117 A   0.97732 0.01984 0.00277 0.00007 ( 1)
 118 V   0.73639 0.25827 0.00387 0.00147 ( 1)
 119 N   0.94297 0.05202 0.00473 0.00028 ( 1)
 120 M   0.01207 0.98518 0.00003 0.00272 ( 2)
 121 H   0.96960 0.02459 0.00566 0.00015 ( 1)
 122 L   0.95452 0.04150 0.00380 0.00018 ( 1)
 123 L   0.91904 0.07542 0.00510 0.00045 ( 1)
 124 L   0.95907 0.03695 0.00381 0.00016 ( 1)
 125 L   0.95450 0.04120 0.00411 0.00020 ( 1)
 126 R   0.97166 0.02544 0.00281 0.00008 ( 1)
 127 D   0.95433 0.04117 0.00430 0.00020 ( 1)
 128 A   0.98077 0.01640 0.00278 0.00005 ( 1)
 129 S   0.96729 0.02950 0.00310 0.00011 ( 1)
 130 I   0.82569 0.17158 0.00220 0.00053 ( 1)
 131 F   0.98655 0.01100 0.00242 0.00003 ( 1)
 132 G   0.97943 0.01793 0.00259 0.00006 ( 1)
 133 E   0.86212 0.13520 0.00226 0.00042 ( 1)
 134 E   0.64628 0.34928 0.00278 0.00165 ( 1)
 135 W   0.87586 0.11730 0.00600 0.00084 ( 1)
 136 G   0.97752 0.01983 0.00259 0.00006 ( 1)
 137 F   0.96237 0.03260 0.00485 0.00018 ( 1)
 138 T   0.04016 0.95694 0.00010 0.00280 ( 2)
 139 S   0.20073 0.79509 0.00077 0.00341 ( 2)
 140 S   0.00001 0.95102 0.00001 0.04896 ( 2)
 141 E   0.98574 0.01164 0.00258 0.00004 ( 1)
 142 I   0.98368 0.01367 0.00262 0.00004 ( 1)
 143 S   0.90185 0.09073 0.00672 0.00070 ( 1)
 144 T   0.00760 0.98901 0.00002 0.00337 ( 2)
 145 Y   0.53377 0.45872 0.00397 0.00355 ( 1)
 146 Y   0.95494 0.03767 0.00709 0.00029 ( 1)
 147 N   0.64559 0.34928 0.00324 0.00189 ( 1)
 148 R   0.95606 0.03996 0.00380 0.00018 ( 1)
 149 Q   0.95752 0.03872 0.00360 0.00016 ( 1)
 150 V   0.77857 0.21720 0.00322 0.00102 ( 1)
 151 Q   0.01045 0.98539 0.00004 0.00412 ( 2)
 152 L   0.63147 0.36114 0.00463 0.00276 ( 1)
 153 T   0.65796 0.33892 0.00196 0.00115 ( 1)
 154 S   0.15968 0.83676 0.00051 0.00304 ( 2)
 155 Q   0.68517 0.31095 0.00257 0.00130 ( 1)
 156 Y   0.96612 0.03052 0.00325 0.00012 ( 1)
 157 S   0.11513 0.76480 0.07042 0.04965 ( 2)
 158 D   0.98905 0.00868 0.00224 0.00002 ( 1)
 159 Y   0.97226 0.02437 0.00327 0.00009 ( 1)
 160 C   0.95566 0.03893 0.00518 0.00023 ( 1)
 161 V   0.96751 0.02836 0.00400 0.00013 ( 1)
 162 K   0.71504 0.28026 0.00329 0.00140 ( 1)
 163 W   0.87586 0.11730 0.00600 0.00084 ( 1)
 164 Y   0.92898 0.06362 0.00690 0.00049 ( 1)
 165 D   0.04452 0.92108 0.01002 0.02438 ( 2)
 166 T   0.92798 0.06748 0.00420 0.00034 ( 1)
 167 G   0.97423 0.02295 0.00274 0.00007 ( 1)
 168 L   0.95907 0.03695 0.00381 0.00016 ( 1)
 169 Q   0.00143 0.93063 0.00095 0.06699 ( 2)
 170 K   0.28637 0.71079 0.00072 0.00212 ( 2)
 171 L   0.54447 0.45136 0.00216 0.00201 ( 1)
 172 K   0.85189 0.14553 0.00215 0.00043 ( 1)
 173 G   0.19698 0.79988 0.00055 0.00258 ( 2)
 174 T   0.12006 0.87410 0.00066 0.00518 ( 2)
 175 S   0.02619 0.87307 0.02286 0.07787 ( 2)
 176 A   0.76679 0.23028 0.00217 0.00076 ( 1)
 177 E   0.30339 0.69203 0.00131 0.00328 ( 2)
 178 -   0.70037 0.28808 0.00819 0.00337 ( 1)
 179 -   0.70037 0.28808 0.00819 0.00337 ( 1)
 180 -   0.70037 0.28808 0.00819 0.00337 ( 1)
 181 -   0.70037 0.28808 0.00819 0.00337 ( 1)
 182 -   0.70037 0.28808 0.00819 0.00337 ( 1)
 183 -   0.70037 0.28808 0.00819 0.00337 ( 1)
 184 -   0.70037 0.28808 0.00819 0.00337 ( 1)
 185 -   0.70037 0.28808 0.00819 0.00337 ( 1)
 186 S   0.05405 0.90266 0.01486 0.02843 ( 2)
 187 W   0.87586 0.11730 0.00600 0.00084 ( 1)
 188 L   0.88478 0.10644 0.00779 0.00099 ( 1)
 189 E   0.14085 0.85450 0.00061 0.00404 ( 2)
 190 Y   0.97226 0.02437 0.00327 0.00009 ( 1)
 191 H   0.97906 0.01835 0.00254 0.00006 ( 1)
 192 Q   0.96268 0.03357 0.00362 0.00014 ( 1)
 193 F   0.94688 0.04808 0.00478 0.00026 ( 1)
 194 R   0.92397 0.06785 0.00760 0.00058 ( 1)
 195 R   0.97775 0.01936 0.00283 0.00006 ( 1)
 196 E   0.97664 0.01907 0.00420 0.00009 ( 1)
 197 M   0.98559 0.01204 0.00234 0.00003 ( 1)
 198 T   0.98192 0.01510 0.00293 0.00005 ( 1)
 199 F   0.13551 0.72102 0.09220 0.05127 ( 2)
 200 M   0.84988 0.14770 0.00202 0.00041 ( 1)
 201 V   0.98378 0.01347 0.00270 0.00004 ( 1)
 202 L   0.95583 0.04019 0.00380 0.00018 ( 1)
 203 D   0.98905 0.00868 0.00224 0.00002 ( 1)
 204 L   0.40508 0.58918 0.00225 0.00350 ( 2)
 205 V   0.72372 0.27306 0.00224 0.00098 ( 1)
 206 A   0.96918 0.02838 0.00236 0.00008 ( 1)
 207 L   0.95714 0.03888 0.00381 0.00017 ( 1)
 208 F   0.98262 0.01493 0.00241 0.00004 ( 1)
 209 P   0.97618 0.02078 0.00297 0.00007 ( 1)
 210 N   0.08208 0.91257 0.00041 0.00493 ( 2)


lnL = -2254.337847

