Supplemental results for CODEML (seqf: algn  treef: tree)


dN/dS (w) for site classes (K=4)

site class             0        1       2a       2b
proportion       0.70757  0.27581  0.01196  0.00466
background w     0.14241  1.00000  0.14241  1.00000
foreground w     0.14241  1.00000  1.00000  1.00000

Naive Empirical Bayes (NEB) probabilities for 4 classes
(amino acids refer to 1st sequence: BT_Cry3Aa10)

   1 E   0.97742 0.01400 0.00834 0.00024 ( 1)
   2 V   0.98465 0.01102 0.00415 0.00019 ( 1)
   3 K   0.45630 0.53285 0.00185 0.00901 ( 2)
   4 T   0.96432 0.02969 0.00550 0.00050 ( 1)
   5 E   0.99416 0.00175 0.00406 0.00003 ( 1)
   6 L   0.98325 0.00852 0.00808 0.00014 ( 1)
   7 T   0.99308 0.00211 0.00477 0.00004 ( 1)
   8 R   0.99501 0.00076 0.00422 0.00001 ( 1)
   9 D   0.92699 0.06465 0.00727 0.00109 ( 1)
  10 V   0.95352 0.01987 0.02628 0.00034 ( 1)
  11 L   0.87310 0.09385 0.03146 0.00159 ( 1)
  12 T   0.99134 0.00263 0.00599 0.00004 ( 1)
  13 D   0.99634 0.00048 0.00317 0.00001 ( 1)
  14 P   0.99239 0.00167 0.00592 0.00003 ( 1)
  15 I   0.99475 0.00130 0.00393 0.00002 ( 1)
  16 -   0.93144 0.05194 0.01574 0.00088 ( 1)
  17 -   0.91384 0.06954 0.01544 0.00118 ( 1)
  18 V   0.18984 0.78917 0.00765 0.01334 ( 2)
  19 G   0.41493 0.42598 0.15188 0.00720 ( 2)
  20 V   0.83037 0.10195 0.06596 0.00172 ( 1)
  21 N   0.99422 0.00140 0.00436 0.00002 ( 1)
  22 N   0.34964 0.52505 0.11643 0.00887 ( 2)
  23 L   0.04174 0.94210 0.00023 0.01592 ( 2)
  24 R   0.22849 0.73828 0.02075 0.01248 ( 2)
  25 -   0.92540 0.05798 0.01564 0.00098 ( 1)
  26 -   0.91386 0.06952 0.01545 0.00117 ( 1)
  27 -   0.94917 0.03421 0.01604 0.00058 ( 1)
  28 -   0.79549 0.18789 0.01344 0.00318 ( 1)
  29 -   0.92540 0.05798 0.01564 0.00098 ( 1)
  30 -   0.59389 0.38949 0.01004 0.00658 ( 1)
  31 G   0.67088 0.23791 0.08720 0.00402 ( 1)
  32 Y   0.94575 0.04906 0.00436 0.00083 ( 1)
  33 G   0.98964 0.00495 0.00533 0.00008 ( 1)
  34 T   0.07047 0.91074 0.00340 0.01539 ( 2)
  35 T   0.08396 0.90034 0.00049 0.01522 ( 2)
  36 F   0.98890 0.00508 0.00593 0.00009 ( 1)
  37 S   0.04454 0.93632 0.00331 0.01582 ( 2)
  38 N   0.00810 0.97524 0.00018 0.01648 ( 2)
  39 I   0.99496 0.00074 0.00428 0.00001 ( 1)
  40 E   0.97490 0.02076 0.00398 0.00035 ( 1)
  41 N   0.99110 0.00326 0.00558 0.00006 ( 1)
  42 -   0.10479 0.87859 0.00177 0.01485 ( 2)
  43 Y   0.05973 0.92226 0.00242 0.01559 ( 2)
  44 I   0.97458 0.02095 0.00411 0.00035 ( 1)
  45 R   0.38492 0.60126 0.00366 0.01016 ( 2)
  46 K   0.96401 0.03156 0.00390 0.00053 ( 1)
  47 P   0.83851 0.15376 0.00513 0.00260 ( 1)
  48 H   0.04052 0.94339 0.00015 0.01594 ( 2)
  49 L   0.84022 0.15050 0.00675 0.00254 ( 1)
  50 F   0.99515 0.00073 0.00410 0.00001 ( 1)
  51 D   0.97363 0.02158 0.00443 0.00036 ( 1)
  52 Y   0.74164 0.25071 0.00342 0.00424 ( 1)
  53 L   0.67189 0.31565 0.00713 0.00533 ( 1)
  54 H   0.03041 0.94564 0.00796 0.01598 ( 2)
  55 R   0.00103 0.98235 0.00001 0.01660 ( 2)
  56 I   0.82496 0.16892 0.00326 0.00285 ( 1)
  57 Q   0.00893 0.97425 0.00035 0.01647 ( 2)
  58 F   0.97358 0.02204 0.00401 0.00037 ( 1)
  59 H   0.00246 0.98095 0.00001 0.01658 ( 2)
  60 T   0.12954 0.85457 0.00144 0.01444 ( 2)
  61 R   0.80967 0.18101 0.00626 0.00306 ( 1)
  62 F   0.00001 0.98337 0.00000 0.01662 ( 2)
  63 R   0.04308 0.93867 0.00238 0.01586 ( 2)
  64 P   0.20481 0.78091 0.00108 0.01320 ( 2)
  65 G   0.80160 0.19129 0.00388 0.00323 ( 1)
  66 -   0.70757 0.27581 0.01196 0.00466 ( 1)
  67 Y   0.27415 0.71103 0.00280 0.01202 ( 2)
  68 Y   0.00142 0.98191 0.00008 0.01660 ( 2)
  69 G   0.33132 0.65481 0.00281 0.01107 ( 2)
  70 N   0.62914 0.35316 0.01174 0.00597 ( 1)
  71 D   0.95573 0.03925 0.00435 0.00066 ( 1)
  72 S   0.00197 0.98143 0.00001 0.01659 ( 2)
  73 F   0.78164 0.20724 0.00761 0.00350 ( 1)
  74 N   0.97606 0.02039 0.00320 0.00034 ( 1)
  75 Y   0.98667 0.00864 0.00455 0.00015 ( 1)
  76 W   0.88357 0.10435 0.01032 0.00176 ( 1)
  77 S   0.12075 0.86393 0.00072 0.01460 ( 2)
  78 G   0.99521 0.00062 0.00416 0.00001 ( 1)
  79 N   0.99314 0.00355 0.00325 0.00006 ( 1)
  80 Y   0.99181 0.00355 0.00457 0.00006 ( 1)
  81 V   0.99448 0.00078 0.00473 0.00001 ( 1)
  82 S   0.01188 0.96691 0.00486 0.01634 ( 2)
  83 T   0.99516 0.00066 0.00416 0.00001 ( 1)
  84 R   0.94015 0.05493 0.00399 0.00093 ( 1)
  85 P   0.82380 0.16852 0.00483 0.00285 ( 1)
  86 S   0.98773 0.00724 0.00490 0.00012 ( 1)
  87 I   0.85671 0.13728 0.00369 0.00232 ( 1)
  88 G   0.34395 0.64333 0.00185 0.01087 ( 2)
  89 S   0.88824 0.10476 0.00522 0.00177 ( 1)
  90 N   0.04079 0.94140 0.00190 0.01591 ( 2)
  91 D   0.06646 0.89214 0.02632 0.01508 ( 2)
  92 I   0.33777 0.64063 0.01078 0.01083 ( 2)
  93 I   0.97729 0.01360 0.00887 0.00023 ( 1)
  94 T   0.82501 0.16743 0.00473 0.00283 ( 1)
  95 S   0.87772 0.11297 0.00741 0.00191 ( 1)
  96 P   0.95440 0.03925 0.00569 0.00066 ( 1)
  97 F   0.92475 0.06855 0.00555 0.00116 ( 1)
  98 Y   0.99485 0.00055 0.00459 0.00001 ( 1)
  99 G   0.99372 0.00091 0.00536 0.00002 ( 1)
 100 N   0.69383 0.28714 0.01418 0.00485 ( 1)
 101 K   0.88047 0.11404 0.00356 0.00193 ( 1)
 102 S   0.99119 0.00303 0.00573 0.00005 ( 1)
 103 S   0.39812 0.56337 0.02899 0.00952 ( 2)
 104 E   0.05984 0.92423 0.00031 0.01562 ( 2)
 105 P   0.30398 0.68274 0.00174 0.01154 ( 2)
 106 V   0.64427 0.32293 0.02734 0.00546 ( 1)
 107 Q   0.23609 0.74979 0.00145 0.01267 ( 2)
 108 N   0.05619 0.92620 0.00196 0.01565 ( 2)
 109 -   0.93345 0.04993 0.01578 0.00084 ( 1)
 110 -   0.93275 0.05063 0.01576 0.00086 ( 1)
 111 -   0.88794 0.09544 0.01501 0.00161 ( 1)
 112 -   0.86200 0.12138 0.01457 0.00205 ( 1)
 113 L   0.98769 0.00412 0.00812 0.00007 ( 1)
 114 E   0.01429 0.94836 0.02131 0.01603 ( 2)
 115 F   0.97816 0.01751 0.00403 0.00030 ( 1)
 116 N   0.97501 0.00393 0.02099 0.00007 ( 1)
 117 G   0.94091 0.05294 0.00525 0.00089 ( 1)
 118 E   0.87930 0.08150 0.03783 0.00138 ( 1)
 119 K   0.98941 0.00648 0.00400 0.00011 ( 1)
 120 V   0.48328 0.50525 0.00294 0.00854 ( 2)
 121 Y   0.95549 0.03893 0.00493 0.00066 ( 1)
 122 R   0.94142 0.05033 0.00740 0.00085 ( 1)
 123 A   0.15922 0.82174 0.00515 0.01389 ( 2)
 124 V   0.95499 0.01496 0.02980 0.00025 ( 1)
 125 A   0.98692 0.00842 0.00452 0.00014 ( 1)
 126 N   0.95419 0.04197 0.00313 0.00071 ( 1)
 127 T   0.34440 0.64266 0.00207 0.01086 ( 2)
 128 N   0.95533 0.00952 0.03499 0.00016 ( 1)
 129 L   0.40365 0.44930 0.13946 0.00759 ( 2)
 130 A   0.98583 0.00342 0.01070 0.00006 ( 1)
 131 V   0.82640 0.13774 0.03353 0.00233 ( 1)
 132 W   0.41702 0.33952 0.23772 0.00574 ( 1)
 133 P   0.85280 0.13460 0.01033 0.00227 ( 1)
 134 -   0.00196 0.98059 0.00088 0.01657 ( 2)
 135 -   0.85043 0.13295 0.01437 0.00225 ( 1)
 136 -   0.86771 0.11567 0.01467 0.00195 ( 1)
 137 -   0.69244 0.29094 0.01170 0.00492 ( 1)
 138 -   0.70757 0.27581 0.01196 0.00466 ( 1)
 139 S   0.01758 0.95859 0.00763 0.01620 ( 2)
 140 A   0.06476 0.91827 0.00145 0.01552 ( 2)
 141 V   0.38760 0.58591 0.01659 0.00990 ( 2)
 142 Y   0.84090 0.15194 0.00459 0.00257 ( 1)
 143 S   0.25012 0.65771 0.08106 0.01112 ( 2)
 144 G   0.97749 0.01812 0.00409 0.00031 ( 1)
 145 V   0.97780 0.01778 0.00412 0.00030 ( 1)
 146 T   0.95464 0.03729 0.00744 0.00063 ( 1)
 147 K   0.98015 0.01562 0.00396 0.00026 ( 1)
 148 V   0.93769 0.05620 0.00516 0.00095 ( 1)
 149 E   0.00164 0.98173 0.00004 0.01659 ( 2)
 150 F   0.95514 0.04002 0.00417 0.00068 ( 1)
 151 S   0.95137 0.04414 0.00374 0.00075 ( 1)
 152 Q   0.96489 0.02850 0.00613 0.00048 ( 1)
 153 Y   0.99434 0.00077 0.00487 0.00001 ( 1)
 154 N   0.77474 0.20595 0.01583 0.00348 ( 1)
 155 D   0.99436 0.00244 0.00317 0.00004 ( 1)
 156 Q   0.91369 0.07867 0.00631 0.00133 ( 1)
 157 T   0.08048 0.90372 0.00053 0.01527 ( 2)
 158 D   0.94582 0.03449 0.01911 0.00058 ( 1)
 159 E   0.99378 0.00212 0.00406 0.00004 ( 1)
 160 A   0.02367 0.95927 0.00085 0.01621 ( 2)
 161 S   0.82109 0.17313 0.00285 0.00293 ( 1)
 162 T   0.99080 0.00437 0.00476 0.00007 ( 1)
 163 Q   0.98890 0.00493 0.00609 0.00008 ( 1)
 164 T   0.72952 0.26142 0.00464 0.00442 ( 1)
 165 Y   0.85177 0.14119 0.00466 0.00239 ( 1)
 166 D   0.96260 0.03247 0.00438 0.00055 ( 1)
 167 S   0.99065 0.00192 0.00740 0.00003 ( 1)
 168 K   0.84653 0.14755 0.00342 0.00249 ( 1)
 169 R   0.14063 0.84450 0.00060 0.01427 ( 2)
 170 N   0.81810 0.13934 0.04021 0.00235 ( 1)
 171 V   0.36874 0.55079 0.07116 0.00931 ( 2)
 172 G   0.91647 0.07203 0.01028 0.00122 ( 1)
 173 A   0.02239 0.92002 0.04204 0.01555 ( 2)
 174 V   0.14545 0.83144 0.00906 0.01405 ( 2)
 175 -   0.91060 0.04605 0.04258 0.00078 ( 1)
 176 -   0.88907 0.09431 0.01503 0.00159 ( 1)
 177 -   0.00835 0.97503 0.00014 0.01648 ( 2)
 178 -   0.70592 0.27746 0.01193 0.00469 ( 1)
 179 S   0.00809 0.97482 0.00062 0.01648 ( 2)
 180 W   0.00010 0.98323 0.00005 0.01662 ( 2)
 181 D   0.99584 0.00098 0.00317 0.00002 ( 1)
 182 S   0.99373 0.00108 0.00517 0.00002 ( 1)
 183 I   0.98450 0.00719 0.00820 0.00012 ( 1)
 184 D   0.99032 0.00382 0.00579 0.00006 ( 1)
 185 Q   0.98732 0.00649 0.00608 0.00011 ( 1)
 186 L   0.98573 0.00551 0.00866 0.00009 ( 1)
 187 P   0.98949 0.00327 0.00719 0.00006 ( 1)
 188 P   0.97564 0.01824 0.00582 0.00031 ( 1)
 189 E   0.78445 0.20781 0.00423 0.00351 ( 1)
 190 T   0.47452 0.51451 0.00228 0.00870 ( 2)
 191 T   0.87851 0.11533 0.00422 0.00195 ( 1)
 192 D   0.99653 0.00030 0.00317 0.00001 ( 1)
 193 E   0.31515 0.67220 0.00129 0.01136 ( 2)
 194 P   0.98838 0.00520 0.00633 0.00009 ( 1)
 195 P   0.93759 0.05553 0.00594 0.00094 ( 1)
 196 E   0.98756 0.00826 0.00404 0.00014 ( 1)
 197 -   0.91050 0.07288 0.01539 0.00123 ( 1)
 198 -   0.94917 0.03421 0.01604 0.00058 ( 1)
 199 -   0.78058 0.20280 0.01319 0.00343 ( 1)
 200 K   0.98913 0.00619 0.00458 0.00010 ( 1)
 201 G   0.96926 0.02320 0.00715 0.00039 ( 1)
 202 Y   0.99485 0.00055 0.00459 0.00001 ( 1)
 203 S   0.99266 0.00338 0.00390 0.00006 ( 1)
 204 H   0.99606 0.00020 0.00373 0.00000 ( 1)
 205 Q   0.94358 0.04719 0.00843 0.00080 ( 1)
 206 L   0.98195 0.01060 0.00727 0.00018 ( 1)
 207 N   0.99629 0.00044 0.00326 0.00001 ( 1)
 208 Y   0.97233 0.01715 0.01022 0.00029 ( 1)
 209 V   0.91754 0.04545 0.03624 0.00077 ( 1)
 210 M   0.02669 0.94816 0.00912 0.01602 ( 2)
 211 C   0.79471 0.19641 0.00556 0.00332 ( 1)
 212 F   0.98370 0.00705 0.00914 0.00012 ( 1)
 213 L   0.76596 0.22468 0.00556 0.00380 ( 1)
 214 M   0.24779 0.73842 0.00131 0.01248 ( 2)
 215 Q   0.31000 0.67527 0.00332 0.01141 ( 2)
 216 G   0.51190 0.45954 0.02080 0.00777 ( 1)
 217 S   0.69670 0.27158 0.02713 0.00459 ( 1)
 218 R   0.97350 0.00557 0.02084 0.00009 ( 1)
 219 -   0.70757 0.27581 0.01196 0.00466 ( 1)
 220 -   0.70757 0.27581 0.01196 0.00466 ( 1)
 221 -   0.70757 0.27581 0.01196 0.00466 ( 1)
 222 -   0.70757 0.27581 0.01196 0.00466 ( 1)
 223 -   0.70757 0.27581 0.01196 0.00466 ( 1)
 224 -   0.70757 0.27581 0.01196 0.00466 ( 1)
 225 -   0.70757 0.27581 0.01196 0.00466 ( 1)
 226 -   0.70757 0.27581 0.01196 0.00466 ( 1)
 227 G   0.99372 0.00091 0.00536 0.00002 ( 1)
 228 T   0.93054 0.06312 0.00527 0.00107 ( 1)
 229 I   0.99226 0.00219 0.00551 0.00004 ( 1)
 230 P   0.99307 0.00100 0.00592 0.00002 ( 1)
 231 V   0.88952 0.05737 0.05213 0.00097 ( 1)
 232 L   0.98231 0.01179 0.00571 0.00020 ( 1)
 233 T   0.98133 0.01433 0.00411 0.00024 ( 1)
 234 W   0.97217 0.01621 0.01135 0.00027 ( 1)
 235 T   0.99414 0.00107 0.00477 0.00002 ( 1)
 236 H   0.99606 0.00020 0.00373 0.00000 ( 1)
 237 K   0.24312 0.73712 0.00730 0.01246 ( 2)
 238 S   0.99637 0.00046 0.00316 0.00001 ( 1)


lnL = -3556.749982

