Supplemental results for CODEML (seqf: algn  treef: tree)


dN/dS (w) for site classes (K=4)

site class             0        1       2a       2b
proportion       0.30364  0.58195  0.03923  0.07518
background w     0.07678  1.55510  0.07678  1.55510
foreground w     0.07678  1.55510 60.73323 60.73323

Naive Empirical Bayes (NEB) probabilities for 4 classes
(amino acids refer to 1st sequence: BT_Cry32Ea1)

   1 P   0.99625 0.00135 0.00239 0.00001 ( 1)
   2 T   0.99207 0.00486 0.00304 0.00003 ( 1)
   3 K   0.99631 0.00113 0.00256 0.00001 ( 1)
   4 S   0.97165 0.02566 0.00258 0.00010 ( 1)
   5 Q   0.99539 0.00281 0.00179 0.00001 ( 1)
   6 L   0.94734 0.05110 0.00145 0.00010 ( 1)
   7 T   0.99122 0.00573 0.00302 0.00003 ( 1)
   8 R   0.94727 0.05116 0.00146 0.00011 ( 1)
   9 T   0.03236 0.91975 0.01830 0.02959 ( 2)
  10 L   0.03939 0.95787 0.00007 0.00266 ( 2)
  11 Y   0.97181 0.02511 0.00286 0.00022 ( 1)
  12 T   0.98309 0.01279 0.00406 0.00007 ( 1)
  13 N   0.00514 0.98908 0.00002 0.00577 ( 2)
  14 P   0.00002 0.97227 0.00001 0.02770 ( 2)
  15 V   0.84352 0.15412 0.00177 0.00060 ( 1)
  16 G   0.03922 0.95803 0.00007 0.00268 ( 2)
  17 E   0.00000 0.97438 0.00000 0.02562 ( 2)
  18 F   0.00000 0.98886 0.00000 0.01114 ( 2)
  19 -   0.32613 0.66871 0.00096 0.00420 ( 2)
  20 -   0.00368 0.78933 0.03338 0.17361 ( 2)
  21 -   0.62906 0.36542 0.00189 0.00362 ( 1)
  22 -   0.00296 0.85545 0.04860 0.09298 ( 2)
  23 R   0.00000 0.97867 0.00000 0.02133 ( 2)
  24 Y   0.00015 0.99224 0.00001 0.00761 ( 2)
  25 L   0.00000 0.98840 0.00000 0.01160 ( 2)
  26 E   0.00007 0.85746 0.00041 0.14206 ( 2)
  27 N   0.00000 0.97180 0.00000 0.02820 ( 2)
  28 I   0.72717 0.24814 0.01496 0.00973 ( 1)
  29 D   0.01463 0.95936 0.00029 0.02573 ( 2)
  30 S   0.00018 0.98656 0.00000 0.01325 ( 2)
  31 F   0.00057 0.73155 0.05330 0.21458 ( 2)
  32 E   0.99660 0.00124 0.00215 0.00001 ( 1)
  33 N   0.59734 0.39521 0.00211 0.00534 ( 1)
  34 A   0.00001 0.97459 0.00000 0.02540 ( 2)
  35 L   0.24643 0.74444 0.00102 0.00811 ( 2)
  36 V   0.99686 0.00064 0.00250 0.00000 ( 1)
  37 A   0.49751 0.29581 0.19578 0.01090 ( 1)
  38 P   0.00151 0.98669 0.00043 0.01136 ( 2)
  39 P   0.80417 0.19357 0.00158 0.00068 ( 1)
  40 Q   0.01418 0.98116 0.00002 0.00464 ( 2)
  41 L   0.97656 0.02152 0.00186 0.00007 ( 1)
  42 F   0.98075 0.00053 0.01870 0.00002 ( 1)
  43 T   0.00009 0.93386 0.00002 0.06603 ( 2)
  44 W   0.97122 0.02782 0.00092 0.00004 ( 1)
  45 L   0.97743 0.02064 0.00187 0.00006 ( 1)
  46 R   0.00157 0.94760 0.00001 0.05082 ( 2)
  47 E   0.00002 0.48296 0.00460 0.51242 ( 4)
  48 I   0.06497 0.93198 0.00015 0.00289 ( 2)
  49 E   0.56245 0.27921 0.14883 0.00951 ( 1)
  50 I   0.00003 0.90220 0.00003 0.09774 ( 2)
  51 P   0.00071 0.92827 0.00008 0.07093 ( 2)
  52 V   0.00106 0.88421 0.00543 0.10930 ( 2)
  53 G   0.00202 0.87300 0.00505 0.11993 ( 2)
  54 I   0.02309 0.91628 0.00226 0.05838 ( 2)
  55 V   0.00246 0.98041 0.00006 0.01707 ( 2)
  56 Y   0.00000 0.81518 0.00002 0.18480 ( 2)
  57 L   0.00003 0.91397 0.00001 0.08599 ( 2)
  58 N   0.00041 0.95911 0.00020 0.04029 ( 2)
  59 D   0.00233 0.98274 0.00001 0.01492 ( 2)
  60 R   0.00000 0.86284 0.00000 0.13716 ( 2)
  61 A   0.00002 0.97015 0.00001 0.02982 ( 2)
  62 P   0.00281 0.88278 0.00036 0.11405 ( 2)
  63 L   0.00000 0.73863 0.00000 0.26137 ( 2)
  64 L   0.00007 0.63073 0.00063 0.36856 ( 2)
  65 C   0.00192 0.98835 0.00001 0.00972 ( 2)
  66 K   0.03389 0.95963 0.00009 0.00639 ( 2)
  67 Q   0.99414 0.00398 0.00186 0.00001 ( 1)
  68 T   0.01039 0.97669 0.00004 0.01289 ( 2)
  69 L   0.06554 0.93228 0.00009 0.00208 ( 2)
  70 Q   0.00060 0.97510 0.00015 0.02415 ( 2)
  71 R   0.00023 0.98519 0.00000 0.01457 ( 2)
  72 T   0.99512 0.00125 0.00361 0.00001 ( 1)
  73 L   0.02839 0.92311 0.00101 0.04749 ( 2)
  74 S   0.00260 0.56629 0.10924 0.32187 ( 2)
  75 S   0.00000 0.77471 0.00006 0.22523 ( 2)
  76 T   0.00000 0.00160 0.00206 0.99634 ( 4)
  77 T   0.00000 0.00092 0.00085 0.99824 ( 4)
  78 W   0.00005 0.99853 0.00000 0.00141 ( 2)
  79 S   0.00209 0.99474 0.00000 0.00316 ( 2)
  80 I   0.03328 0.96172 0.00008 0.00492 ( 2)
  81 T   0.00101 0.96769 0.00007 0.03123 ( 2)
  82 Q   0.92703 0.07094 0.00174 0.00029 ( 1)
  83 G   0.98150 0.01680 0.00165 0.00005 ( 1)
  84 E   0.00066 0.99099 0.00000 0.00834 ( 2)
  85 I   0.00036 0.96281 0.00014 0.03669 ( 2)
  86 T   0.01842 0.95627 0.00009 0.02522 ( 2)
  87 T   0.00000 0.58171 0.00006 0.41823 ( 2)
  88 P   0.00000 0.97311 0.00000 0.02689 ( 2)
  89 V   0.00007 0.98286 0.00001 0.01706 ( 2)
  90 I   0.33843 0.54715 0.04372 0.07069 ( 2)
  91 D   0.00701 0.87858 0.00091 0.11351 ( 2)
  92 T   0.62851 0.25708 0.08120 0.03321 ( 1)
  93 L   0.00004 0.91153 0.00001 0.08842 ( 2)
  94 T   0.00012 0.84229 0.00022 0.15738 ( 2)
  95 L   0.03617 0.83312 0.06987 0.06085 ( 2)
  96 T   0.00053 0.88607 0.01624 0.09716 ( 2)
  97 I   0.20085 0.16531 0.59266 0.04117 ( 3)
  98 E   0.00001 0.38116 0.00320 0.61563 ( 4)
  99 P   0.00000 0.98674 0.00000 0.01325 ( 2)
 100 P   0.00139 0.00392 0.98601 0.00868 ( 3)
 101 H   0.00000 0.44460 0.00002 0.55538 ( 4)
 102 Y   0.00220 0.97108 0.00032 0.02640 ( 2)
 103 Q   0.00040 0.77239 0.02415 0.20306 ( 2)
 104 D   0.80896 0.18682 0.00224 0.00198 ( 1)
 105 D   0.98784 0.00933 0.00273 0.00010 ( 1)
 106 V   0.33166 0.03500 0.63046 0.00288 ( 3)
 107 W   0.56824 0.43064 0.00054 0.00059 ( 1)
 108 K   0.00066 0.99222 0.00000 0.00712 ( 2)
 109 V   0.96206 0.03477 0.00277 0.00039 ( 1)
 110 N   0.01691 0.97549 0.00005 0.00756 ( 2)
 111 T   0.00216 0.98301 0.00003 0.01480 ( 2)
 112 H   0.00025 0.65079 0.03560 0.31336 ( 2)
 113 G   0.00018 0.99106 0.00000 0.00877 ( 2)
 114 I   0.00022 0.54172 0.00099 0.45708 ( 2)
 115 S   0.00029 0.96720 0.00000 0.03250 ( 2)
 116 -   0.00018 0.88540 0.00002 0.11439 ( 2)
 117 -   0.00014 0.88544 0.00002 0.11440 ( 2)
 118 -   0.00022 0.92065 0.00025 0.07889 ( 2)
 119 -   0.00001 0.39616 0.00062 0.60321 ( 4)
 120 -   0.00003 0.87313 0.00086 0.12598 ( 2)
 121 -   0.00129 0.97372 0.00058 0.02441 ( 2)
 122 G   0.00000 0.40412 0.00002 0.59586 ( 4)
 123 N   0.00017 0.98665 0.00000 0.01318 ( 2)
 124 T   0.00011 0.98640 0.00000 0.01349 ( 2)
 125 D   0.00000 0.24778 0.00054 0.75168 ( 4)
 126 T   0.02118 0.94313 0.00579 0.02990 ( 2)
 127 V   0.10574 0.89046 0.00022 0.00357 ( 2)
 128 T   0.00001 0.59869 0.00109 0.40021 ( 2)
 129 G   0.00000 0.02299 0.00248 0.97453 ( 4)
 130 W   0.00859 0.99001 0.00001 0.00139 ( 2)
 131 T   0.55274 0.44416 0.00139 0.00170 ( 1)
 132 F   0.97676 0.02068 0.00222 0.00034 ( 1)
 133 N   0.00002 0.98888 0.00000 0.01110 ( 2)
 134 F   0.89334 0.08869 0.01588 0.00209 ( 1)
 135 I   0.10801 0.81427 0.05111 0.02661 ( 2)
 136 K   0.00390 0.08726 0.85505 0.05379 ( 3)
 137 S   0.14801 0.84742 0.00047 0.00411 ( 2)
 138 P   0.00000 0.12919 0.00132 0.86949 ( 4)
 139 D   0.99691 0.00033 0.00275 0.00000 ( 1)
 140 Q   0.99181 0.00633 0.00183 0.00002 ( 1)
 141 T   0.00851 0.54817 0.35965 0.08367 ( 2)
 142 L   0.02505 0.96446 0.00011 0.01038 ( 2)
 143 M   0.00000 0.47000 0.00001 0.52999 ( 4)
 144 V   0.00507 0.64976 0.04524 0.29993 ( 2)
 145 T   0.00000 0.97764 0.00000 0.02235 ( 2)
 146 N   0.00047 0.71716 0.00212 0.28025 ( 2)
 147 N   0.00000 0.61815 0.00005 0.38180 ( 2)
 148 I   0.33843 0.54715 0.04372 0.07069 ( 2)
 149 A   0.00113 0.88445 0.00015 0.11427 ( 2)
 150 P   0.01750 0.86809 0.00226 0.11215 ( 2)
 151 G   0.00250 0.93183 0.00092 0.06476 ( 2)
 152 S   0.00031 0.60157 0.04150 0.35662 ( 2)
 153 V   0.00001 0.96699 0.00000 0.03300 ( 2)
 154 T   0.00001 0.94711 0.00002 0.05286 ( 2)
 155 D   0.03801 0.94920 0.00014 0.01265 ( 2)
 156 R   0.05466 0.88754 0.00402 0.05379 ( 2)
 157 W   0.00010 0.96652 0.00004 0.03334 ( 2)
 158 S   0.00000 0.45368 0.00075 0.54557 ( 4)
 159 G   0.98055 0.01816 0.00126 0.00003 ( 1)
 160 F   0.06229 0.93305 0.00027 0.00439 ( 2)
 161 P   0.99704 0.00066 0.00229 0.00000 ( 1)
 162 C   0.99785 0.00040 0.00175 0.00000 ( 1)
 163 R   0.95438 0.04391 0.00157 0.00014 ( 1)
 164 G   0.05206 0.71566 0.05111 0.18117 ( 2)
 165 N   0.71547 0.01239 0.27162 0.00053 ( 1)
 166 D   0.81505 0.09661 0.08572 0.00263 ( 1)
 167 S   0.01016 0.98600 0.00003 0.00381 ( 2)
 168 V   0.00363 0.98992 0.00001 0.00644 ( 2)
 169 I   0.39630 0.59687 0.00114 0.00570 ( 2)
 170 C   0.99785 0.00040 0.00175 0.00000 ( 1)
 171 D   0.98064 0.00061 0.01872 0.00002 ( 1)
 172 P   0.98074 0.00218 0.01703 0.00005 ( 1)
 173 C   0.99785 0.00040 0.00175 0.00000 ( 1)
 174 D   0.99337 0.00384 0.00275 0.00004 ( 1)
 175 F   0.00722 0.55275 0.34787 0.09215 ( 2)
 176 E   0.10682 0.81239 0.05211 0.02868 ( 2)
 177 N   0.99492 0.00132 0.00374 0.00002 ( 1)
 178 T   0.98040 0.01722 0.00226 0.00012 ( 1)
 179 C   0.99785 0.00040 0.00175 0.00000 ( 1)
 180 R   0.00022 0.96418 0.00001 0.03559 ( 2)
 181 K   0.04687 0.91826 0.00689 0.02798 ( 2)
 182 E   0.12019 0.84861 0.00236 0.02884 ( 2)
 183 T   0.00031 0.99620 0.00000 0.00349 ( 2)
 184 P   0.65981 0.33661 0.00152 0.00207 ( 1)
 185 N   0.99329 0.00477 0.00193 0.00002 ( 1)
 186 T   0.01837 0.97762 0.00005 0.00397 ( 2)
 187 S   0.25183 0.73839 0.00093 0.00886 ( 2)
 188 V   0.00065 0.99524 0.00001 0.00410 ( 2)
 189 P   0.99704 0.00066 0.00229 0.00000 ( 1)
 190 C   0.99731 0.00087 0.00181 0.00000 ( 1)
 191 D   0.12608 0.84174 0.00861 0.02358 ( 2)
 192 D   0.99618 0.00097 0.00284 0.00001 ( 1)
 193 K   0.96060 0.03670 0.00247 0.00023 ( 1)
 194 Q   0.00379 0.97217 0.00134 0.02271 ( 2)
 195 H   0.42639 0.57026 0.00126 0.00209 ( 2)
 196 Y   0.99638 0.00068 0.00293 0.00001 ( 1)
 197 S   0.99779 0.00018 0.00202 0.00000 ( 1)
 198 H   0.99705 0.00060 0.00234 0.00000 ( 1)
 199 R   0.96859 0.02986 0.00149 0.00006 ( 1)
 200 L   0.27372 0.70781 0.00793 0.01054 ( 2)
 201 S   0.08698 0.05117 0.83045 0.03140 ( 3)
 202 Y   0.99638 0.00068 0.00293 0.00001 ( 1)
 203 V   0.00084 0.88058 0.00264 0.11594 ( 2)
 204 G   0.99754 0.00048 0.00198 0.00000 ( 1)
 205 A   0.58978 0.40759 0.00130 0.00133 ( 1)
 206 Q   0.00022 0.99179 0.00000 0.00798 ( 2)
 207 G   0.02310 0.86248 0.00298 0.11143 ( 2)
 208 -   0.30364 0.58195 0.03923 0.07518 ( 2)
 209 A   0.00034 0.88525 0.00004 0.11437 ( 2)
 210 S   0.00107 0.88451 0.00014 0.11428 ( 2)
 211 K   0.00001 0.91892 0.00005 0.08102 ( 2)
 212 H   0.00450 0.96506 0.00029 0.03014 ( 2)
 213 G   0.00000 0.73046 0.00001 0.26952 ( 2)
 214 F   0.00002 0.97566 0.00000 0.02432 ( 2)
 215 T   0.00020 0.94386 0.00019 0.05574 ( 2)
 216 P   0.98074 0.00218 0.01703 0.00005 ( 1)
 217 F   0.00001 0.94257 0.00000 0.05741 ( 2)
 218 E   0.00001 0.34141 0.00711 0.65147 ( 4)
 219 L   0.32199 0.67416 0.00131 0.00254 ( 2)
 220 M   0.00014 0.99336 0.00000 0.00650 ( 2)
 221 W   0.00001 0.98903 0.00000 0.01096 ( 2)
 222 F   0.79704 0.00640 0.19638 0.00017 ( 1)
 223 G   0.00217 0.96332 0.00079 0.03373 ( 2)
 224 Y   0.93852 0.05808 0.00286 0.00053 ( 1)
 225 G   0.94330 0.05506 0.00153 0.00012 ( 1)
 226 W   0.97122 0.02782 0.00092 0.00004 ( 1)
 227 T   0.98732 0.00921 0.00340 0.00007 ( 1)
 228 H   0.98675 0.00336 0.00981 0.00009 ( 1)
 229 V   0.89613 0.10165 0.00184 0.00038 ( 1)
 230 S   0.99251 0.00019 0.00729 0.00000 ( 1)


lnL = -3633.573823

