Supplemental results for CODEML (seqf: algn  treef: tree)


dN/dS (w) for site classes (K=4)

site class             0        1       2a       2b
proportion       0.58865  0.41135  0.00000  0.00000
background w     0.12751  1.00000  0.12751  1.00000
foreground w     0.12751  1.00000  1.00000  1.00000

Naive Empirical Bayes (NEB) probabilities for 4 classes
(amino acids refer to 1st sequence: BT_Cry24Da1)

   1 -   0.87568 0.12432 0.00000 0.00000 ( 1)
   2 I   0.09004 0.90996 0.00000 0.00000 ( 2)
   3 D   0.99996 0.00004 0.00000 0.00000 ( 1)
   4 E   0.99978 0.00022 0.00000 0.00000 ( 1)
   5 I   0.99997 0.00003 0.00000 0.00000 ( 1)
   6 T   0.87474 0.12526 0.00000 0.00000 ( 1)
   7 Q   0.99939 0.00061 0.00000 0.00000 ( 1)
   8 I   0.99995 0.00005 0.00000 0.00000 ( 1)
   9 P   0.97726 0.02274 0.00000 0.00000 ( 1)
  10 A   0.99980 0.00020 0.00000 0.00000 ( 1)
  11 V   0.98303 0.01697 0.00000 0.00000 ( 1)
  12 K   0.99993 0.00007 0.00000 0.00000 ( 1)
  13 A   0.99997 0.00003 0.00000 0.00000 ( 1)
  14 F   0.99987 0.00013 0.00000 0.00000 ( 1)
  15 N   0.00152 0.99848 0.00000 0.00000 ( 2)
  16 I   0.97002 0.02998 0.00000 0.00000 ( 1)
  17 -   0.58865 0.41135 0.00000 0.00000 ( 1)
  18 -   0.58865 0.41135 0.00000 0.00000 ( 1)
  19 -   0.58865 0.41135 0.00000 0.00000 ( 1)
  20 S   0.07252 0.92748 0.00000 0.00000 ( 2)
  21 D   0.02862 0.97138 0.00000 0.00000 ( 2)
  22 T   0.00000 1.00000 0.00000 0.00000 ( 2)
  23 G   0.93518 0.06482 0.00000 0.00000 ( 1)
  24 -   0.58865 0.41135 0.00000 0.00000 ( 1)
  25 -   0.58865 0.41135 0.00000 0.00000 ( 1)
  26 A   0.00221 0.99779 0.00000 0.00000 ( 2)
  27 G   0.97626 0.02374 0.00000 0.00000 ( 1)
  28 S   0.00000 1.00000 0.00000 0.00000 ( 2)
  29 V   0.99423 0.00577 0.00000 0.00000 ( 1)
  30 V   0.00026 0.99974 0.00000 0.00000 ( 2)
  31 A   0.98336 0.01664 0.00000 0.00000 ( 1)
  32 G   0.99964 0.00036 0.00000 0.00000 ( 1)
  33 P   0.98501 0.01499 0.00000 0.00000 ( 1)
  34 G   0.99996 0.00004 0.00000 0.00000 ( 1)
  35 H   0.01324 0.98676 0.00000 0.00000 ( 2)
  36 T   0.99988 0.00012 0.00000 0.00000 ( 1)
  37 G   0.99945 0.00055 0.00000 0.00000 ( 1)
  38 G   0.99946 0.00054 0.00000 0.00000 ( 1)
  39 D   0.99971 0.00029 0.00000 0.00000 ( 1)
  40 L   0.58175 0.41825 0.00000 0.00000 ( 1)
  41 I   0.99883 0.00117 0.00000 0.00000 ( 1)
  42 R   0.00007 0.99993 0.00000 0.00000 ( 2)
  43 L   0.99896 0.00104 0.00000 0.00000 ( 1)
  44 P   0.00025 0.99975 0.00000 0.00000 ( 2)
  45 N   0.58865 0.41135 0.00000 0.00000 ( 1)
  46 N   0.00007 0.99993 0.00000 0.00000 ( 2)
  47 N   0.00000 1.00000 0.00000 0.00000 ( 2)
  48 A   0.02765 0.97235 0.00000 0.00000 ( 2)
  49 R   0.96351 0.03649 0.00000 0.00000 ( 1)
  50 L   0.99806 0.00194 0.00000 0.00000 ( 1)
  51 K   0.99973 0.00027 0.00000 0.00000 ( 1)
  52 I   0.99994 0.00006 0.00000 0.00000 ( 1)
  53 R   0.99975 0.00025 0.00000 0.00000 ( 1)
  54 L   0.99896 0.00104 0.00000 0.00000 ( 1)
  55 T   0.25740 0.74260 0.00000 0.00000 ( 2)
  56 P   0.94850 0.05150 0.00000 0.00000 ( 1)
  57 S   0.90583 0.09417 0.00000 0.00000 ( 1)
  58 T   0.00005 0.99995 0.00000 0.00000 ( 2)
  59 S   0.25171 0.74829 0.00000 0.00000 ( 2)
  60 D   0.97983 0.02017 0.00000 0.00000 ( 1)
  61 K   0.99995 0.00005 0.00000 0.00000 ( 1)
  62 R   0.99820 0.00180 0.00000 0.00000 ( 1)
  63 F   0.78389 0.21611 0.00000 0.00000 ( 1)
  64 R   0.36006 0.63994 0.00000 0.00000 ( 2)
  65 V   0.99997 0.00003 0.00000 0.00000 ( 1)
  66 R   0.99991 0.00009 0.00000 0.00000 ( 1)
  67 V   0.94817 0.05183 0.00000 0.00000 ( 1)
  68 R   0.90371 0.09629 0.00000 0.00000 ( 1)
  69 Y   0.99937 0.00063 0.00000 0.00000 ( 1)
  70 A   0.00100 0.99900 0.00000 0.00000 ( 2)
  71 S   0.92210 0.07790 0.00000 0.00000 ( 1)
  72 T   0.00000 1.00000 0.00000 0.00000 ( 2)
  73 T   0.00000 1.00000 0.00000 0.00000 ( 2)
  74 A   0.00000 1.00000 0.00000 0.00000 ( 2)
  75 G   0.99970 0.00030 0.00000 0.00000 ( 1)
  76 R   0.00000 1.00000 0.00000 0.00000 ( 2)
  77 M   0.00092 0.99908 0.00000 0.00000 ( 2)
  78 R   0.00032 0.99968 0.00000 0.00000 ( 2)
  79 I   0.99254 0.00746 0.00000 0.00000 ( 1)
  80 T   0.63579 0.36421 0.00000 0.00000 ( 1)
  81 K   0.99373 0.00627 0.00000 0.00000 ( 1)
  82 Y   0.58865 0.41135 0.00000 0.00000 ( 1)
  83 W   0.95803 0.04197 0.00000 0.00000 ( 1)
  84 S   0.20043 0.79957 0.00000 0.00000 ( 2)
  85 P   0.83702 0.16298 0.00000 0.00000 ( 1)
  86 G   0.99400 0.00600 0.00000 0.00000 ( 1)
  87 Y   0.14784 0.85216 0.00000 0.00000 ( 2)
  88 V   0.00000 1.00000 0.00000 0.00000 ( 2)
  89 Q   0.00000 1.00000 0.00000 0.00000 ( 2)
  90 -   0.58865 0.41135 0.00000 0.00000 ( 1)
  91 H   0.73411 0.26589 0.00000 0.00000 ( 1)
  92 Y   0.00000 1.00000 0.00000 0.00000 ( 2)
  93 D   0.00005 0.99995 0.00000 0.00000 ( 2)
  94 F   0.99988 0.00012 0.00000 0.00000 ( 1)
  95 N   0.00000 1.00000 0.00000 0.00000 ( 2)
  96 F   0.00000 1.00000 0.00000 0.00000 ( 2)
  97 D   0.00001 0.99999 0.00000 0.00000 ( 2)
  98 A   0.00000 1.00000 0.00000 0.00000 ( 2)
  99 Q   0.07785 0.92215 0.00000 0.00000 ( 2)
 100 Y   0.01767 0.98233 0.00000 0.00000 ( 2)
 101 Y   0.00000 1.00000 0.00000 0.00000 ( 2)
 102 D   0.58865 0.41135 0.00000 0.00000 ( 1)
 103 S   0.58865 0.41135 0.00000 0.00000 ( 1)
 104 N   0.05058 0.94942 0.00000 0.00000 ( 2)
 105 L   0.05253 0.94747 0.00000 0.00000 ( 2)
 106 T   0.49945 0.50055 0.00000 0.00000 ( 2)
 107 F   0.00059 0.99941 0.00000 0.00000 ( 2)
 108 R   0.00015 0.99985 0.00000 0.00000 ( 2)
 109 S   0.00097 0.99903 0.00000 0.00000 ( 2)
 110 F   0.98642 0.01358 0.00000 0.00000 ( 1)
 111 H   0.00001 0.99999 0.00000 0.00000 ( 2)
 112 Y   0.99993 0.00007 0.00000 0.00000 ( 1)
 113 L   0.00117 0.99883 0.00000 0.00000 ( 2)
 114 D   0.23283 0.76717 0.00000 0.00000 ( 2)
 115 T   0.99330 0.00670 0.00000 0.00000 ( 1)
 116 M   0.95103 0.04897 0.00000 0.00000 ( 1)
 117 V   0.99830 0.00170 0.00000 0.00000 ( 1)
 118 T   0.99538 0.00462 0.00000 0.00000 ( 1)
 119 R   0.98761 0.01239 0.00000 0.00000 ( 1)
 120 L   0.99849 0.00151 0.00000 0.00000 ( 1)
 121 D   0.97816 0.02184 0.00000 0.00000 ( 1)
 122 D   0.21803 0.78197 0.00000 0.00000 ( 2)
 123 P   0.06748 0.93252 0.00000 0.00000 ( 2)
 124 G   0.98758 0.01242 0.00000 0.00000 ( 1)
 125 V   0.99998 0.00002 0.00000 0.00000 ( 1)
 126 E   0.99966 0.00034 0.00000 0.00000 ( 1)
 127 I   0.99934 0.00066 0.00000 0.00000 ( 1)
 128 I   0.99999 0.00001 0.00000 0.00000 ( 1)
 129 V   0.99956 0.00044 0.00000 0.00000 ( 1)
 130 Q   0.84422 0.15578 0.00000 0.00000 ( 1)
 131 N   0.99999 0.00001 0.00000 0.00000 ( 1)
 132 I   0.09518 0.90482 0.00000 0.00000 ( 2)
 133 G   0.00062 0.99938 0.00000 0.00000 ( 2)
 134 G   0.00000 1.00000 0.00000 0.00000 ( 2)
 135 S   0.00002 0.99998 0.00000 0.00000 ( 2)
 136 I   0.00002 0.99998 0.00000 0.00000 ( 2)
 137 L   0.77728 0.22272 0.00000 0.00000 ( 1)
 138 Y   0.00004 0.99996 0.00000 0.00000 ( 2)
 139 I   0.74949 0.25051 0.00000 0.00000 ( 1)
 140 D   0.99508 0.00492 0.00000 0.00000 ( 1)
 141 K   0.99997 0.00003 0.00000 0.00000 ( 1)
 142 I   0.79841 0.20159 0.00000 0.00000 ( 1)
 143 E   0.99965 0.00035 0.00000 0.00000 ( 1)
 144 I   0.98703 0.01297 0.00000 0.00000 ( 1)
 145 I   0.83705 0.16295 0.00000 0.00000 ( 1)
 146 -   0.79649 0.20351 0.00000 0.00000 ( 1)


lnL = -3226.084790

Bayes Empirical Bayes (BEB) probabilities for 4 classes (class)
(amino acids refer to 1st sequence: BT_Cry24Da1)

   1 -   0.83263 0.11897 0.04236 0.00604 ( 1)
   2 I   0.14182 0.80978 0.00721 0.04119 ( 2)
   3 D   0.95155 0.00005 0.04840 0.00000 ( 1)
   4 E   0.98110 0.00024 0.01866 0.00001 ( 1)
   5 I   0.98244 0.00003 0.01752 0.00000 ( 1)
   6 T   0.87638 0.10176 0.01895 0.00291 ( 1)
   7 Q   0.97571 0.00069 0.02358 0.00002 ( 1)
   8 I   0.97986 0.00006 0.02008 0.00000 ( 1)
   9 P   0.94147 0.02083 0.03684 0.00086 ( 1)
  10 A   0.97136 0.00024 0.02839 0.00001 ( 1)
  11 V   0.94740 0.01741 0.03450 0.00069 ( 1)
  12 K   0.98122 0.00009 0.01869 0.00000 ( 1)
  13 A   0.98194 0.00004 0.01802 0.00000 ( 1)
  14 F   0.98238 0.00014 0.01748 0.00000 ( 1)
  15 N   0.00427 0.95959 0.00031 0.03583 ( 2)
  16 I   0.95452 0.02539 0.01937 0.00072 ( 1)
  17 -   0.57301 0.37859 0.02916 0.01924 ( 1)
  18 -   0.57301 0.37859 0.02916 0.01924 ( 1)
  19 -   0.57301 0.37859 0.02916 0.01924 ( 1)
  20 S   0.11746 0.84484 0.00416 0.03354 ( 2)
  21 D   0.05466 0.91641 0.00119 0.02775 ( 2)
  22 T   0.00000 0.93148 0.00000 0.06852 ( 2)
  23 G   0.90984 0.05858 0.02938 0.00221 ( 1)
  24 -   0.57301 0.37859 0.02916 0.01924 ( 1)
  25 -   0.57301 0.37859 0.02916 0.01924 ( 1)
  26 A   0.00467 0.96482 0.00026 0.03024 ( 2)
  27 G   0.95989 0.01824 0.02133 0.00053 ( 1)
  28 S   0.00000 0.95879 0.00000 0.04121 ( 2)
  29 V   0.95876 0.00610 0.03490 0.00024 ( 1)
  30 V   0.00072 0.97128 0.00001 0.02798 ( 2)
  31 A   0.96888 0.01300 0.01778 0.00033 ( 1)
  32 G   0.97711 0.00041 0.02246 0.00001 ( 1)
  33 P   0.96629 0.01344 0.01991 0.00036 ( 1)
  34 G   0.98177 0.00005 0.01818 0.00000 ( 1)
  35 H   0.02959 0.94576 0.00057 0.02408 ( 2)
  36 T   0.97901 0.00015 0.02083 0.00000 ( 1)
  37 G   0.97687 0.00064 0.02247 0.00002 ( 1)
  38 G   0.97690 0.00062 0.02246 0.00002 ( 1)
  39 D   0.79062 0.00023 0.20914 0.00001 ( 1)
  40 L   0.67449 0.30261 0.01438 0.00852 ( 1)
  41 I   0.97789 0.00120 0.02088 0.00003 ( 1)
  42 R   0.00018 0.89944 0.00012 0.10025 ( 2)
  43 L   0.97410 0.00116 0.02470 0.00004 ( 1)
  44 P   0.00070 0.97058 0.00002 0.02871 ( 2)
  45 N   0.57301 0.37859 0.02916 0.01924 ( 1)
  46 N   0.00026 0.97358 0.00001 0.02616 ( 2)
  47 N   0.00000 0.92857 0.00000 0.07143 ( 2)
  48 A   0.04553 0.79562 0.02719 0.13166 ( 2)
  49 R   0.94830 0.02973 0.02114 0.00083 ( 1)
  50 L   0.97312 0.00214 0.02468 0.00007 ( 1)
  51 K   0.98104 0.00029 0.01866 0.00001 ( 1)
  52 I   0.98008 0.00008 0.01983 0.00000 ( 1)
  53 R   0.97790 0.00029 0.02180 0.00001 ( 1)
  54 L   0.97410 0.00116 0.02470 0.00004 ( 1)
  55 T   0.33586 0.51915 0.10996 0.03503 ( 2)
  56 P   0.94129 0.03829 0.01939 0.00103 ( 1)
  57 S   0.90882 0.06979 0.01945 0.00195 ( 1)
  58 T   0.00013 0.96036 0.00001 0.03950 ( 2)
  59 S   0.30721 0.66202 0.00861 0.02215 ( 2)
  60 D   0.96983 0.01420 0.01563 0.00034 ( 1)
  61 K   0.98128 0.00006 0.01866 0.00000 ( 1)
  62 R   0.98264 0.00149 0.01584 0.00004 ( 1)
  63 F   0.77495 0.18769 0.02970 0.00767 ( 1)
  64 R   0.46004 0.49045 0.02533 0.02418 ( 2)
  65 V   0.98191 0.00004 0.01806 0.00000 ( 1)
  66 R   0.97972 0.00011 0.02017 0.00000 ( 1)
  67 V   0.94203 0.03948 0.01744 0.00105 ( 1)
  68 R   0.86802 0.09298 0.03505 0.00395 ( 1)
  69 Y   0.97984 0.00066 0.01948 0.00002 ( 1)
  70 A   0.00248 0.95753 0.00011 0.03989 ( 2)
  71 S   0.93014 0.05316 0.01543 0.00127 ( 1)
  72 T   0.00000 0.96016 0.00000 0.03984 ( 2)
  73 T   0.00000 0.96126 0.00000 0.03874 ( 2)
  74 A   0.00000 0.94435 0.00000 0.05565 ( 2)
  75 G   0.98150 0.00032 0.01818 0.00001 ( 1)
  76 R   0.00000 0.95565 0.00000 0.04435 ( 2)
  77 M   0.00231 0.96733 0.00006 0.03030 ( 2)
  78 R   0.00080 0.96163 0.00003 0.03755 ( 2)
  79 I   0.97254 0.00652 0.02076 0.00018 ( 1)
  80 T   0.71952 0.25989 0.01380 0.00680 ( 1)
  81 K   0.97433 0.00546 0.02006 0.00015 ( 1)
  82 Y   0.57301 0.37859 0.02916 0.01924 ( 1)
  83 W   0.92298 0.04169 0.03368 0.00164 ( 1)
  84 S   0.24829 0.71170 0.00992 0.03009 ( 2)
  85 P   0.81958 0.14239 0.03211 0.00591 ( 1)
  86 G   0.97887 0.00477 0.01625 0.00011 ( 1)
  87 Y   0.24392 0.73185 0.00486 0.01937 ( 2)
  88 V   0.00001 0.95342 0.00000 0.04657 ( 2)
  89 Q   0.00000 0.97170 0.00000 0.02829 ( 2)
  90 -   0.57301 0.37859 0.02916 0.01924 ( 1)
  91 H   0.81112 0.17169 0.01305 0.00414 ( 1)
  92 Y   0.00000 0.93841 0.00000 0.06158 ( 2)
  93 D   0.00017 0.94857 0.00006 0.05121 ( 2)
  94 F   0.98239 0.00013 0.01748 0.00000 ( 1)
  95 N   0.00000 0.88407 0.00000 0.11593 ( 2)
  96 F   0.00000 0.96549 0.00000 0.03451 ( 2)
  97 D   0.00004 0.97095 0.00000 0.02901 ( 2)
  98 A   0.00000 0.96379 0.00000 0.03621 ( 2)
  99 Q   0.11475 0.84761 0.00418 0.03346 ( 2)
 100 Y   0.03845 0.93611 0.00072 0.02472 ( 2)
 101 Y   0.00000 0.88415 0.00000 0.11585 ( 2)
 102 D   0.57301 0.37859 0.02916 0.01924 ( 1)
 103 S   0.57301 0.37859 0.02916 0.01924 ( 1)
 104 N   0.06840 0.88320 0.00347 0.04493 ( 2)
 105 L   0.07198 0.87962 0.00366 0.04474 ( 2)
 106 T   0.51322 0.43838 0.02611 0.02229 ( 1)
 107 F   0.00146 0.90036 0.00097 0.09721 ( 2)
 108 R   0.00048 0.97273 0.00001 0.02678 ( 2)
 109 S   0.00233 0.96574 0.00007 0.03187 ( 2)
 110 F   0.97189 0.01055 0.01730 0.00026 ( 1)
 111 H   0.00003 0.96106 0.00000 0.03891 ( 2)
 112 Y   0.98042 0.00009 0.01949 0.00000 ( 1)
 113 L   0.00251 0.95958 0.00009 0.03782 ( 2)
 114 D   0.32628 0.64257 0.00953 0.02162 ( 2)
 115 T   0.95767 0.00711 0.03495 0.00028 ( 1)
 116 M   0.93204 0.04290 0.02373 0.00132 ( 1)
 117 V   0.98036 0.00157 0.01803 0.00004 ( 1)
 118 T   0.97797 0.00407 0.01786 0.00010 ( 1)
 119 R   0.96850 0.01060 0.02061 0.00029 ( 1)
 120 L   0.98113 0.00138 0.01746 0.00003 ( 1)
 121 D   0.96785 0.01535 0.01639 0.00040 ( 1)
 122 D   0.31154 0.65233 0.01067 0.02547 ( 2)
 123 P   0.10152 0.78412 0.04984 0.06452 ( 2)
 124 G   0.97207 0.00968 0.01801 0.00025 ( 1)
 125 V   0.98192 0.00003 0.01806 0.00000 ( 1)
 126 E   0.98078 0.00036 0.01884 0.00001 ( 1)
 127 I   0.97946 0.00069 0.01982 0.00002 ( 1)
 128 I   0.98250 0.00002 0.01748 0.00000 ( 1)
 129 V   0.97969 0.00047 0.01983 0.00001 ( 1)
 130 Q   0.86116 0.11464 0.02081 0.00339 ( 1)
 131 N   0.98413 0.00001 0.01586 0.00000 ( 1)
 132 I   0.15216 0.81966 0.00363 0.02456 ( 2)
 133 G   0.00168 0.95476 0.00036 0.04321 ( 2)
 134 G   0.00000 0.89373 0.00000 0.10627 ( 2)
 135 S   0.00005 0.95155 0.00000 0.04840 ( 2)
 136 I   0.00006 0.76568 0.00077 0.23350 ( 2)
 137 L   0.82721 0.15384 0.01478 0.00417 ( 1)
 138 Y   0.00012 0.90171 0.00007 0.09810 ( 2)
 139 I   0.70169 0.14972 0.14182 0.00678 ( 1)
 140 D   0.96628 0.00524 0.02830 0.00018 ( 1)
 141 K   0.98130 0.00004 0.01866 0.00000 ( 1)
 142 I   0.84155 0.13931 0.01549 0.00366 ( 1)
 143 E   0.98078 0.00037 0.01885 0.00001 ( 1)
 144 I   0.97238 0.01007 0.01730 0.00025 ( 1)
 145 I   0.82208 0.14421 0.02826 0.00545 ( 1)
 146 -   0.77944 0.19525 0.01902 0.00629 ( 1)

