Supplemental results for CODEML (seqf: algn  treef: tree)


dN/dS (w) for site classes (K=4)

site class             0        1       2a       2b
proportion       0.49149  0.50851  0.00000  0.00000
background w     0.11005  1.00000  0.11005  1.00000
foreground w     0.11005  1.00000  1.00000  1.00000

Naive Empirical Bayes (NEB) probabilities for 4 classes
(amino acids refer to 1st sequence: BT_Cry4Ba1)

   1 S   0.25453 0.74547 0.00000 0.00000 ( 2)
   2 K   0.07804 0.92196 0.00000 0.00000 ( 2)
   3 T   0.86318 0.13682 0.00000 0.00000 ( 1)
   4 E   0.86183 0.13817 0.00000 0.00000 ( 1)
   5 F   0.44109 0.55891 0.00000 0.00000 ( 2)
   6 T   0.83547 0.16453 0.00000 0.00000 ( 1)
   7 R   0.87604 0.12396 0.00000 0.00000 ( 1)
   8 E   0.68673 0.31327 0.00000 0.00000 ( 1)
   9 I   0.92848 0.07152 0.00000 0.00000 ( 1)
  10 Y   0.87500 0.12500 0.00000 0.00000 ( 1)
  11 T   0.34680 0.65320 0.00000 0.00000 ( 2)
  12 A   0.88727 0.11273 0.00000 0.00000 ( 1)
  13 L   0.74290 0.25710 0.00000 0.00000 ( 1)
  14 V   0.00582 0.99418 0.00000 0.00000 ( 2)
  15 E   0.42310 0.57690 0.00000 0.00000 ( 2)
  16 S   0.88703 0.11297 0.00000 0.00000 ( 1)
  17 P   0.41335 0.58665 0.00000 0.00000 ( 2)
  18 S   0.43842 0.56158 0.00000 0.00000 ( 2)
  19 S   0.57599 0.42401 0.00000 0.00000 ( 1)
  20 K   0.89105 0.10895 0.00000 0.00000 ( 1)
  21 S   0.06140 0.93860 0.00000 0.00000 ( 2)
  22 I   0.39743 0.60257 0.00000 0.00000 ( 2)
  23 A   0.37037 0.62963 0.00000 0.00000 ( 2)
  24 A   0.04819 0.95181 0.00000 0.00000 ( 2)
  25 L   0.11981 0.88019 0.00000 0.00000 ( 2)
  26 E   0.66601 0.33399 0.00000 0.00000 ( 1)
  27 A   0.38050 0.61950 0.00000 0.00000 ( 2)
  28 A   0.30168 0.69832 0.00000 0.00000 ( 2)
  29 L   0.85984 0.14016 0.00000 0.00000 ( 1)
  30 T   0.86931 0.13069 0.00000 0.00000 ( 1)
  31 R   0.77871 0.22129 0.00000 0.00000 ( 1)
  32 D   0.49766 0.50234 0.00000 0.00000 ( 2)
  33 V   0.06579 0.93421 0.00000 0.00000 ( 2)
  34 H   0.89008 0.10992 0.00000 0.00000 ( 1)
  35 L   0.75281 0.24719 0.00000 0.00000 ( 1)
  36 F   0.65785 0.34215 0.00000 0.00000 ( 1)
  37 T   0.55331 0.44669 0.00000 0.00000 ( 1)
  38 W   0.58192 0.41808 0.00000 0.00000 ( 1)
  39 L   0.21326 0.78674 0.00000 0.00000 ( 2)
  40 K   0.72546 0.27454 0.00000 0.00000 ( 1)
  41 R   0.07383 0.92617 0.00000 0.00000 ( 2)
  42 V   0.33896 0.66104 0.00000 0.00000 ( 2)
  43 D   0.08053 0.91947 0.00000 0.00000 ( 2)
  44 F   0.64896 0.35104 0.00000 0.00000 ( 1)
  45 W   0.58192 0.41808 0.00000 0.00000 ( 1)
  46 T   0.61976 0.38024 0.00000 0.00000 ( 1)
  47 -   0.69356 0.30644 0.00000 0.00000 ( 1)
  48 -   0.72943 0.27057 0.00000 0.00000 ( 1)
  49 N   0.48519 0.51481 0.00000 0.00000 ( 2)
  50 T   0.54073 0.45927 0.00000 0.00000 ( 1)
  51 I   0.07196 0.92804 0.00000 0.00000 ( 2)
  52 Y   0.75415 0.24585 0.00000 0.00000 ( 1)
  53 Q   0.28022 0.71978 0.00000 0.00000 ( 2)
  54 D   0.92590 0.07410 0.00000 0.00000 ( 1)
  55 L   0.00052 0.99948 0.00000 0.00000 ( 2)
  56 R   0.84516 0.15484 0.00000 0.00000 ( 1)
  57 F   0.27189 0.72811 0.00000 0.00000 ( 2)
  58 L   0.78036 0.21964 0.00000 0.00000 ( 1)
  59 S   0.88703 0.11297 0.00000 0.00000 ( 1)
  60 A   0.80714 0.19286 0.00000 0.00000 ( 1)
  61 N   0.93645 0.06355 0.00000 0.00000 ( 1)
  62 K   0.44071 0.55929 0.00000 0.00000 ( 2)
  63 I   0.92848 0.07152 0.00000 0.00000 ( 1)
  64 G   0.74443 0.25557 0.00000 0.00000 ( 1)
  65 F   0.90477 0.09523 0.00000 0.00000 ( 1)
  66 S   0.77548 0.22452 0.00000 0.00000 ( 1)
  67 Y   0.87500 0.12500 0.00000 0.00000 ( 1)
  68 T   0.86931 0.13069 0.00000 0.00000 ( 1)
  69 N   0.93645 0.06355 0.00000 0.00000 ( 1)
  70 S   0.88703 0.11297 0.00000 0.00000 ( 1)
  71 S   0.88703 0.11297 0.00000 0.00000 ( 1)
  72 A   0.05767 0.94233 0.00000 0.00000 ( 2)
  73 M   0.41403 0.58597 0.00000 0.00000 ( 2)
  74 Q   0.03998 0.96002 0.00000 0.00000 ( 2)
  75 E   0.00709 0.99291 0.00000 0.00000 ( 2)
  76 S   0.60233 0.39767 0.00000 0.00000 ( 1)
  77 G   0.77848 0.22152 0.00000 0.00000 ( 1)
  78 I   0.92848 0.07152 0.00000 0.00000 ( 1)
  79 Y   0.86702 0.13298 0.00000 0.00000 ( 1)
  80 G   0.77848 0.22152 0.00000 0.00000 ( 1)
  81 S   0.93320 0.06680 0.00000 0.00000 ( 1)
  82 S   0.00260 0.99740 0.00000 0.00000 ( 2)
  83 G   0.00798 0.99202 0.00000 0.00000 ( 2)
  84 F   0.44911 0.55089 0.00000 0.00000 ( 2)
  85 G   0.33479 0.66521 0.00000 0.00000 ( 2)
  86 S   0.00516 0.99484 0.00000 0.00000 ( 2)
  87 N   0.00038 0.99962 0.00000 0.00000 ( 2)
  88 L   0.06262 0.93738 0.00000 0.00000 ( 2)
  89 T   0.08935 0.91065 0.00000 0.00000 ( 2)
  90 H   0.06680 0.93320 0.00000 0.00000 ( 2)
  91 Q   0.00424 0.99576 0.00000 0.00000 ( 2)
  92 I   0.07843 0.92157 0.00000 0.00000 ( 2)
  93 Q   0.00431 0.99569 0.00000 0.00000 ( 2)
  94 L   0.61694 0.38306 0.00000 0.00000 ( 1)
  95 N   0.53160 0.46840 0.00000 0.00000 ( 1)
  96 S   0.17238 0.82762 0.00000 0.00000 ( 2)
  97 N   0.57109 0.42891 0.00000 0.00000 ( 1)
  98 V   0.90372 0.09628 0.00000 0.00000 ( 1)
  99 Y   0.04163 0.95837 0.00000 0.00000 ( 2)
 100 K   0.44071 0.55929 0.00000 0.00000 ( 2)
 101 T   0.00953 0.99047 0.00000 0.00000 ( 2)
 102 S   0.17627 0.82373 0.00000 0.00000 ( 2)
 103 I   0.00248 0.99752 0.00000 0.00000 ( 2)
 104 T   0.00532 0.99468 0.00000 0.00000 ( 2)
 105 D   0.06582 0.93418 0.00000 0.00000 ( 2)
 106 T   0.09648 0.90352 0.00000 0.00000 ( 2)
 107 S   0.00233 0.99767 0.00000 0.00000 ( 2)
 108 S   0.02852 0.97148 0.00000 0.00000 ( 2)
 109 P   0.02021 0.97979 0.00000 0.00000 ( 2)
 110 S   0.00022 0.99978 0.00000 0.00000 ( 2)
 111 N   0.52749 0.47251 0.00000 0.00000 ( 1)
 112 R   0.00303 0.99697 0.00000 0.00000 ( 2)
 113 V   0.03922 0.96078 0.00000 0.00000 ( 2)
 114 T   0.06073 0.93927 0.00000 0.00000 ( 2)
 115 K   0.39410 0.60590 0.00000 0.00000 ( 2)
 116 M   0.00543 0.99457 0.00000 0.00000 ( 2)
 117 D   0.11500 0.88500 0.00000 0.00000 ( 2)
 118 F   0.02548 0.97452 0.00000 0.00000 ( 2)
 119 Y   0.00146 0.99854 0.00000 0.00000 ( 2)
 120 K   0.05773 0.94227 0.00000 0.00000 ( 2)
 121 I   0.52311 0.47689 0.00000 0.00000 ( 1)
 122 D   0.55089 0.44911 0.00000 0.00000 ( 1)
 123 G   0.73698 0.26302 0.00000 0.00000 ( 1)
 124 T   0.91890 0.08110 0.00000 0.00000 ( 1)
 125 L   0.00090 0.99910 0.00000 0.00000 ( 2)
 126 A   0.76192 0.23808 0.00000 0.00000 ( 1)
 127 S   0.05882 0.94118 0.00000 0.00000 ( 2)
 128 Y   0.87500 0.12500 0.00000 0.00000 ( 1)
 129 N   0.93645 0.06355 0.00000 0.00000 ( 1)
 130 S   0.77548 0.22452 0.00000 0.00000 ( 1)
 131 N   0.01236 0.98764 0.00000 0.00000 ( 2)
 132 I   0.88949 0.11051 0.00000 0.00000 ( 1)
 133 T   0.00439 0.99561 0.00000 0.00000 ( 2)
 134 P   0.81822 0.18178 0.00000 0.00000 ( 1)
 135 T   0.10413 0.89587 0.00000 0.00000 ( 2)
 136 P   0.87935 0.12065 0.00000 0.00000 ( 1)
 137 E   0.00829 0.99171 0.00000 0.00000 ( 2)
 138 G   0.09480 0.90520 0.00000 0.00000 ( 2)
 139 L   0.78036 0.21964 0.00000 0.00000 ( 1)
 140 R   0.78816 0.21184 0.00000 0.00000 ( 1)
 141 T   0.15203 0.84797 0.00000 0.00000 ( 2)
 142 T   0.86542 0.13458 0.00000 0.00000 ( 1)
 143 F   0.48119 0.51881 0.00000 0.00000 ( 2)
 144 F   0.90477 0.09523 0.00000 0.00000 ( 1)
 145 G   0.77848 0.22152 0.00000 0.00000 ( 1)
 146 F   0.79896 0.20104 0.00000 0.00000 ( 1)
 147 S   0.77548 0.22452 0.00000 0.00000 ( 1)
 148 T   0.31569 0.68431 0.00000 0.00000 ( 2)
 149 N   0.52716 0.47284 0.00000 0.00000 ( 1)
 150 E   0.17158 0.82842 0.00000 0.00000 ( 2)
 151 N   0.19722 0.80278 0.00000 0.00000 ( 2)
 152 T   0.37708 0.62292 0.00000 0.00000 ( 2)
 153 -   0.50194 0.49806 0.00000 0.00000 ( 1)
 154 P   0.87935 0.12065 0.00000 0.00000 ( 1)
 155 N   0.93645 0.06355 0.00000 0.00000 ( 1)
 156 Q   0.75713 0.24287 0.00000 0.00000 ( 1)
 157 P   0.81822 0.18178 0.00000 0.00000 ( 1)
 158 T   0.91890 0.08110 0.00000 0.00000 ( 1)
 159 V   0.37107 0.62893 0.00000 0.00000 ( 2)
 160 N   0.06768 0.93232 0.00000 0.00000 ( 2)
 161 D   0.92590 0.07410 0.00000 0.00000 ( 1)
 162 Y   0.87500 0.12500 0.00000 0.00000 ( 1)
 163 T   0.15446 0.84554 0.00000 0.00000 ( 2)
 164 H   0.44942 0.55058 0.00000 0.00000 ( 2)
 165 I   0.92848 0.07152 0.00000 0.00000 ( 1)
 166 L   0.78036 0.21964 0.00000 0.00000 ( 1)
 167 S   0.83915 0.16085 0.00000 0.00000 ( 1)
 168 Y   0.87500 0.12500 0.00000 0.00000 ( 1)
 169 I   0.88949 0.11051 0.00000 0.00000 ( 1)
 170 K   0.89105 0.10895 0.00000 0.00000 ( 1)
 171 T   0.91890 0.08110 0.00000 0.00000 ( 1)
 172 D   0.92590 0.07410 0.00000 0.00000 ( 1)
 173 V   0.53807 0.46193 0.00000 0.00000 ( 1)
 174 I   0.88949 0.11051 0.00000 0.00000 ( 1)
 175 D   0.03067 0.96933 0.00000 0.00000 ( 2)
 176 Y   0.06156 0.93844 0.00000 0.00000 ( 2)
 177 N   0.17674 0.82326 0.00000 0.00000 ( 2)
 178 S   0.01004 0.98996 0.00000 0.00000 ( 2)
 179 N   0.00058 0.99942 0.00000 0.00000 ( 2)
 180 R   0.17791 0.82209 0.00000 0.00000 ( 2)
 181 V   0.90372 0.09628 0.00000 0.00000 ( 1)
 182 S   0.77548 0.22452 0.00000 0.00000 ( 1)
 183 F   0.90477 0.09523 0.00000 0.00000 ( 1)
 184 A   0.91445 0.08555 0.00000 0.00000 ( 1)
 185 W   0.58192 0.41808 0.00000 0.00000 ( 1)
 186 T   0.86931 0.13069 0.00000 0.00000 ( 1)
 187 H   0.89008 0.10992 0.00000 0.00000 ( 1)
 188 K   0.00561 0.99439 0.00000 0.00000 ( 2)
 189 I   0.46072 0.53928 0.00000 0.00000 ( 2)


lnL = -1877.828874

Bayes Empirical Bayes (BEB) probabilities for 4 classes (class)
(amino acids refer to 1st sequence: BT_Cry4Ba1)

   1 S   0.27231 0.67661 0.01393 0.03715 ( 2)
   2 K   0.11143 0.83096 0.00632 0.05128 ( 2)
   3 T   0.82391 0.13022 0.03906 0.00681 ( 1)
   4 E   0.82238 0.13129 0.03944 0.00689 ( 1)
   5 F   0.43785 0.51427 0.02093 0.02695 ( 2)
   6 T   0.78847 0.15407 0.04785 0.00961 ( 1)
   7 R   0.83642 0.11816 0.03931 0.00611 ( 1)
   8 E   0.65468 0.28952 0.03826 0.01754 ( 1)
   9 I   0.88925 0.06945 0.03792 0.00338 ( 1)
  10 Y   0.83532 0.11918 0.03931 0.00618 ( 1)
  11 T   0.35364 0.59373 0.01889 0.03374 ( 2)
  12 A   0.84600 0.10764 0.04070 0.00566 ( 1)
  13 L   0.70725 0.23923 0.03950 0.01401 ( 1)
  14 V   0.01426 0.93253 0.00075 0.05246 ( 2)
  15 E   0.42397 0.53158 0.01836 0.02608 ( 2)
  16 S   0.84728 0.10806 0.03912 0.00553 ( 1)
  17 P   0.41447 0.53855 0.01926 0.02771 ( 2)
  18 S   0.43598 0.51718 0.02026 0.02658 ( 2)
  19 S   0.55499 0.40057 0.02447 0.01997 ( 1)
  20 K   0.85125 0.10435 0.03907 0.00533 ( 1)
  21 S   0.09153 0.85718 0.00463 0.04666 ( 2)
  22 I   0.40039 0.55288 0.01833 0.02840 ( 2)
  23 A   0.37650 0.57530 0.01799 0.03021 ( 2)
  24 A   0.07395 0.87201 0.00402 0.05002 ( 2)
  25 L   0.14087 0.80138 0.00841 0.04934 ( 2)
  26 E   0.63593 0.30823 0.03716 0.01867 ( 1)
  27 A   0.38547 0.56652 0.01837 0.02965 ( 2)
  28 A   0.31460 0.63318 0.01658 0.03563 ( 2)
  29 L   0.82048 0.13309 0.03944 0.00699 ( 1)
  30 T   0.82964 0.12452 0.03933 0.00651 ( 1)
  31 R   0.74595 0.20827 0.03502 0.01076 ( 1)
  32 D   0.48802 0.46826 0.02084 0.02289 ( 1)
  33 V   0.09747 0.85546 0.00433 0.04274 ( 2)
  34 H   0.85040 0.10515 0.03910 0.00535 ( 1)
  35 L   0.71370 0.22937 0.04278 0.01416 ( 1)
  36 F   0.63084 0.31677 0.03405 0.01833 ( 1)
  37 T   0.53526 0.42084 0.02312 0.02078 ( 1)
  38 W   0.55792 0.38291 0.03480 0.02437 ( 1)
  39 L   0.23313 0.71228 0.01296 0.04162 ( 2)
  40 K   0.69168 0.25509 0.03836 0.01486 ( 1)
  41 R   0.10784 0.84492 0.00482 0.04242 ( 2)
  42 V   0.34874 0.60232 0.01696 0.03198 ( 2)
  43 D   0.09313 0.69206 0.10682 0.10799 ( 2)
  44 F   0.62009 0.32345 0.03669 0.01978 ( 1)
  45 W   0.55792 0.38291 0.03480 0.02437 ( 1)
  46 T   0.59290 0.34938 0.03595 0.02177 ( 1)
  47 -   0.66891 0.28683 0.02992 0.01435 ( 1)
  48 -   0.70369 0.25474 0.02933 0.01224 ( 1)
  49 N   0.47558 0.47743 0.02226 0.02473 ( 2)
  50 T   0.52532 0.43211 0.02181 0.02076 ( 1)
  51 I   0.10321 0.83191 0.01282 0.05206 ( 2)
  52 Y   0.71347 0.22775 0.04433 0.01445 ( 1)
  53 Q   0.29606 0.65356 0.01489 0.03549 ( 2)
  54 D   0.88665 0.07177 0.03809 0.00349 ( 1)
  55 L   0.00194 0.84941 0.00157 0.14708 ( 2)
  56 R   0.79907 0.14535 0.04677 0.00881 ( 1)
  57 F   0.28551 0.65529 0.01769 0.04151 ( 2)
  58 L   0.74365 0.20563 0.03917 0.01155 ( 1)
  59 S   0.84728 0.10806 0.03912 0.00553 ( 1)
  60 A   0.77437 0.18256 0.03403 0.00903 ( 1)
  61 N   0.89755 0.06195 0.03752 0.00298 ( 1)
  62 K   0.43781 0.51517 0.02045 0.02657 ( 2)
  63 I   0.88925 0.06945 0.03792 0.00338 ( 1)
  64 G   0.71369 0.23944 0.03431 0.01257 ( 1)
  65 F   0.86509 0.09153 0.03880 0.00459 ( 1)
  66 S   0.73894 0.21008 0.03913 0.01185 ( 1)
  67 Y   0.83532 0.11918 0.03931 0.00618 ( 1)
  68 T   0.82964 0.12452 0.03933 0.00651 ( 1)
  69 N   0.89755 0.06195 0.03752 0.00298 ( 1)
  70 S   0.84728 0.10806 0.03912 0.00553 ( 1)
  71 S   0.84728 0.10806 0.03912 0.00553 ( 1)
  72 A   0.08690 0.86381 0.00414 0.04515 ( 2)
  73 M   0.41528 0.53824 0.01899 0.02749 ( 2)
  74 Q   0.05579 0.79297 0.04411 0.10713 ( 2)
  75 E   0.01701 0.93291 0.00082 0.04926 ( 2)
  76 S   0.57888 0.37863 0.02431 0.01818 ( 1)
  77 G   0.74190 0.20731 0.03915 0.01164 ( 1)
  78 I   0.88925 0.06945 0.03792 0.00338 ( 1)
  79 Y   0.82725 0.12653 0.03957 0.00666 ( 1)
  80 G   0.74190 0.20731 0.03915 0.01164 ( 1)
  81 S   0.89423 0.06487 0.03779 0.00311 ( 1)
  82 S   0.00722 0.94580 0.00031 0.04667 ( 2)
  83 G   0.01757 0.86958 0.01003 0.10281 ( 2)
  84 F   0.44590 0.50882 0.01986 0.02542 ( 2)
  85 G   0.34551 0.60624 0.01652 0.03173 ( 2)
  86 S   0.01285 0.93792 0.00060 0.04862 ( 2)
  87 N   0.00149 0.84995 0.00141 0.14714 ( 2)
  88 L   0.09353 0.85735 0.00445 0.04466 ( 2)
  89 T   0.12627 0.82778 0.00542 0.04053 ( 2)
  90 H   0.09898 0.85347 0.00450 0.04305 ( 2)
  91 Q   0.00489 0.46654 0.15832 0.37025 ( 2)
  92 I   0.11283 0.83996 0.00507 0.04214 ( 2)
  93 Q   0.01092 0.93781 0.00055 0.05072 ( 2)
  94 L   0.59574 0.35699 0.02856 0.01870 ( 1)
  95 N   0.51676 0.43926 0.02165 0.02233 ( 1)
  96 S   0.19931 0.75007 0.00993 0.04069 ( 2)
  97 N   0.55165 0.40595 0.02291 0.01949 ( 1)
  98 V   0.86405 0.09251 0.03881 0.00464 ( 1)
  99 Y   0.06604 0.88536 0.00308 0.04551 ( 2)
 100 K   0.43781 0.51517 0.02045 0.02657 ( 2)
 101 T   0.02224 0.93086 0.00098 0.04592 ( 2)
 102 S   0.20387 0.74874 0.00932 0.03807 ( 2)
 103 I   0.00658 0.93442 0.00040 0.05860 ( 2)
 104 T   0.01316 0.93800 0.00061 0.04823 ( 2)
 105 D   0.09858 0.85603 0.00418 0.04121 ( 2)
 106 T   0.13462 0.81947 0.00578 0.04013 ( 2)
 107 S   0.00640 0.94434 0.00030 0.04896 ( 2)
 108 S   0.04684 0.90138 0.00231 0.04947 ( 2)
 109 P   0.03417 0.90626 0.00212 0.05745 ( 2)
 110 S   0.00109 0.93570 0.00007 0.06314 ( 2)
 111 N   0.51405 0.44334 0.02134 0.02127 ( 1)
 112 R   0.00794 0.93844 0.00043 0.05320 ( 2)
 113 V   0.06352 0.88952 0.00282 0.04414 ( 2)
 114 T   0.09087 0.86026 0.00427 0.04461 ( 2)
 115 K   0.39412 0.55136 0.02211 0.03241 ( 2)
 116 M   0.01350 0.93695 0.00064 0.04891 ( 2)
 117 D   0.15653 0.79835 0.00664 0.03848 ( 2)
 118 F   0.04200 0.89813 0.00263 0.05725 ( 2)
 119 Y   0.00412 0.94044 0.00023 0.05520 ( 2)
 120 K   0.08626 0.86035 0.00461 0.04878 ( 2)
 121 I   0.50554 0.44309 0.02633 0.02504 ( 1)
 122 D   0.53337 0.42214 0.02349 0.02100 ( 1)
 123 G   0.69770 0.24311 0.04367 0.01551 ( 1)
 124 T   0.87939 0.07850 0.03822 0.00388 ( 1)
 125 L   0.00355 0.94724 0.00017 0.04905 ( 2)
 126 A   0.72976 0.22343 0.03506 0.01175 ( 1)
 127 S   0.08836 0.86147 0.00435 0.04583 ( 2)
 128 Y   0.83532 0.11918 0.03931 0.00618 ( 1)
 129 N   0.89755 0.06195 0.03752 0.00298 ( 1)
 130 S   0.73894 0.21008 0.03913 0.01185 ( 1)
 131 N   0.02376 0.80462 0.02597 0.14566 ( 2)
 132 I   0.84967 0.10581 0.03911 0.00541 ( 1)
 133 T   0.00915 0.79039 0.01240 0.18807 ( 2)
 134 P   0.77998 0.17121 0.03948 0.00933 ( 1)
 135 T   0.14361 0.80971 0.00638 0.04029 ( 2)
 136 P   0.83971 0.11510 0.03927 0.00593 ( 1)
 137 E   0.01970 0.93344 0.00086 0.04599 ( 2)
 138 G   0.13333 0.82182 0.00551 0.03934 ( 2)
 139 L   0.74365 0.20563 0.03917 0.01155 ( 1)
 140 R   0.75473 0.19953 0.03543 0.01031 ( 1)
 141 T   0.17300 0.76876 0.01046 0.04779 ( 2)
 142 T   0.82600 0.12814 0.03916 0.00670 ( 1)
 143 F   0.30184 0.29760 0.35727 0.04328 ( 3)
 144 F   0.86509 0.09153 0.03880 0.00459 ( 1)
 145 G   0.74190 0.20731 0.03915 0.01164 ( 1)
 146 F   0.75618 0.18756 0.04478 0.01148 ( 1)
 147 S   0.73894 0.21008 0.03913 0.01185 ( 1)
 148 T   0.32682 0.62100 0.01722 0.03495 ( 2)
 149 N   0.51354 0.44349 0.02139 0.02157 ( 1)
 150 E   0.19263 0.75080 0.01122 0.04536 ( 2)
 151 N   0.21725 0.72582 0.01277 0.04416 ( 2)
 152 T   0.38275 0.57002 0.01786 0.02937 ( 2)
 153 -   0.48384 0.45330 0.03240 0.03046 ( 1)
 154 P   0.83971 0.11510 0.03927 0.00593 ( 1)
 155 N   0.89755 0.06195 0.03752 0.00298 ( 1)
 156 Q   0.72161 0.22659 0.03888 0.01292 ( 1)
 157 P   0.77998 0.17121 0.03948 0.00933 ( 1)
 158 T   0.87939 0.07850 0.03822 0.00388 ( 1)
 159 V   0.37737 0.57456 0.01796 0.03011 ( 2)
 160 N   0.09910 0.84751 0.00530 0.04809 ( 2)
 161 D   0.88665 0.07177 0.03809 0.00349 ( 1)
 162 Y   0.83532 0.11918 0.03931 0.00618 ( 1)
 163 T   0.17525 0.76631 0.01064 0.04780 ( 2)
 164 H   0.44577 0.50806 0.02036 0.02581 ( 2)
 165 I   0.88925 0.06945 0.03792 0.00338 ( 1)
 166 L   0.74365 0.20563 0.03917 0.01155 ( 1)
 167 S   0.80552 0.15313 0.03399 0.00735 ( 1)
 168 Y   0.83532 0.11918 0.03931 0.00618 ( 1)
 169 I   0.84967 0.10581 0.03911 0.00541 ( 1)
 170 K   0.85125 0.10435 0.03907 0.00533 ( 1)
 171 T   0.87939 0.07850 0.03822 0.00388 ( 1)
 172 D   0.88665 0.07177 0.03809 0.00349 ( 1)
 173 V   0.52298 0.43374 0.02216 0.02112 ( 1)
 174 I   0.84967 0.10581 0.03911 0.00541 ( 1)
 175 D   0.05087 0.89643 0.00267 0.05004 ( 2)
 176 Y   0.09212 0.85872 0.00439 0.04477 ( 2)
 177 N   0.19735 0.74470 0.01187 0.04609 ( 2)
 178 S   0.01982 0.92326 0.00116 0.05576 ( 2)
 179 N   0.00200 0.94092 0.00012 0.05696 ( 2)
 180 R   0.19881 0.74461 0.01158 0.04500 ( 2)
 181 V   0.86405 0.09251 0.03881 0.00464 ( 1)
 182 S   0.73894 0.21008 0.03913 0.01185 ( 1)
 183 F   0.86509 0.09153 0.03880 0.00459 ( 1)
 184 A   0.87490 0.08251 0.03851 0.00408 ( 1)
 185 W   0.55792 0.38291 0.03480 0.02437 ( 1)
 186 T   0.82964 0.12452 0.03933 0.00651 ( 1)
 187 H   0.85040 0.10515 0.03910 0.00535 ( 1)
 188 K   0.01385 0.93727 0.00065 0.04822 ( 2)
 189 I   0.45533 0.49963 0.02004 0.02500 ( 2)

