Supplemental results for CODEML (seqf: algn  treef: tree)


dN/dS (w) for site classes (K=4)

site class             0        1       2a       2b
proportion       0.49800  0.28324  0.13945  0.07931
background w     0.06474  1.00000  0.06474  1.00000
foreground w     0.06474  1.00000  1.00000  1.00000

Naive Empirical Bayes (NEB) probabilities for 4 classes
(amino acids refer to 1st sequence: BT_Cry7Cb1)

   1 -   0.49800 0.28324 0.13945 0.07931 ( 1)
   2 -   0.49800 0.28324 0.13945 0.07931 ( 1)
   3 A   0.74338 0.06831 0.16918 0.01913 ( 1)
   4 G   0.81763 0.00178 0.18009 0.00050 ( 1)
   5 G   0.00691 0.77460 0.00158 0.21690 ( 2)
   6 I   0.24685 0.03062 0.71395 0.00858 ( 3)
   7 V   0.03828 0.74230 0.01156 0.20786 ( 2)
   8 A   0.19885 0.59161 0.04388 0.16566 ( 2)
   9 L   0.71755 0.08996 0.16730 0.02519 ( 1)
  10 F   0.78610 0.03422 0.17010 0.00958 ( 1)
  11 T   0.69750 0.09793 0.17715 0.02742 ( 1)
  12 E   0.00201 0.77933 0.00043 0.21823 ( 2)
  13 V   0.02545 0.70029 0.07817 0.19609 ( 2)
  14 L   0.28870 0.50285 0.06764 0.14081 ( 2)
  15 R   0.25608 0.53630 0.05744 0.15017 ( 2)
  16 L   0.05241 0.73012 0.01303 0.20445 ( 2)
  17 L   0.79720 0.01109 0.18861 0.00310 ( 1)
  18 W   0.76774 0.02620 0.19873 0.00734 ( 1)
  19 P   0.80290 0.00247 0.19393 0.00069 ( 1)
  20 N   0.00314 0.77827 0.00066 0.21793 ( 2)
  21 K   0.04076 0.74164 0.00993 0.20767 ( 2)
  22 Q   0.00682 0.76576 0.01300 0.21443 ( 2)
  23 D   0.00007 0.78104 0.00019 0.21871 ( 2)
  24 E   0.00037 0.78088 0.00008 0.21866 ( 2)
  25 L   0.54473 0.25718 0.12608 0.07201 ( 1)
  26 W   0.76774 0.02620 0.19873 0.00734 ( 1)
  27 E   0.25130 0.02745 0.71356 0.00769 ( 3)
  28 S   0.00432 0.77299 0.00624 0.21645 ( 2)
  29 F   0.78623 0.03455 0.16955 0.00968 ( 1)
  30 M   0.81855 0.00046 0.18087 0.00013 ( 1)
  31 K   0.00737 0.76583 0.01236 0.21445 ( 2)
  32 E   0.79884 0.02587 0.16805 0.00724 ( 1)
  33 V   0.81988 0.00546 0.17313 0.00153 ( 1)
  34 E   0.80124 0.00472 0.19272 0.00132 ( 1)
  35 K   0.00034 0.78090 0.00010 0.21867 ( 2)
  36 L   0.80788 0.00420 0.18675 0.00118 ( 1)
  37 I   0.81568 0.00316 0.18027 0.00089 ( 1)
  38 E   0.11104 0.67587 0.02383 0.18926 ( 2)
  39 Q   0.81106 0.00197 0.18642 0.00055 ( 1)
  40 E   0.67595 0.04219 0.27004 0.01181 ( 1)
  41 I   0.82688 0.00243 0.17001 0.00068 ( 1)
  42 T   0.73765 0.05849 0.18748 0.01638 ( 1)
  43 D   0.30778 0.46525 0.09669 0.13028 ( 2)
  44 A   0.05514 0.72730 0.01390 0.20366 ( 2)
  45 V   0.73386 0.08666 0.15521 0.02427 ( 1)
  46 V   0.31298 0.48403 0.06745 0.13554 ( 2)
  47 S   0.00821 0.77338 0.00185 0.21656 ( 2)
  48 K   0.76824 0.05415 0.16244 0.01516 ( 1)
  49 A   0.81100 0.00349 0.18453 0.00098 ( 1)
  50 L   0.78248 0.01649 0.19641 0.00462 ( 1)
  51 A   0.35457 0.41678 0.11195 0.11670 ( 2)
  52 E   0.78665 0.03819 0.16446 0.01069 ( 1)
  53 L   0.80205 0.00858 0.18696 0.00240 ( 1)
  54 E   0.21614 0.32492 0.36796 0.09098 ( 3)
  55 G   0.81038 0.00379 0.18478 0.00106 ( 1)
  56 L   0.80286 0.00781 0.18715 0.00219 ( 1)
  57 R   0.10274 0.23004 0.60281 0.06441 ( 3)
  58 N   0.78725 0.03190 0.17192 0.00893 ( 1)
  59 A   0.01288 0.76888 0.00294 0.21530 ( 2)
  60 L   0.09355 0.68977 0.02353 0.19315 ( 2)
  61 Q   0.02988 0.75280 0.00653 0.21080 ( 2)
  62 G   0.20780 0.58303 0.04591 0.16326 ( 2)
  63 Y   0.22259 0.02285 0.74816 0.00640 ( 3)
  64 T   0.01951 0.76264 0.00430 0.21355 ( 2)
  65 D   0.00370 0.77772 0.00080 0.21778 ( 2)
  66 A   0.76188 0.05813 0.16371 0.01628 ( 1)
  67 L   0.78477 0.00759 0.20552 0.00212 ( 1)
  68 E   0.77567 0.04851 0.16224 0.01358 ( 1)
  69 A   0.08362 0.70183 0.01803 0.19652 ( 2)
  70 W   0.76774 0.02620 0.19873 0.00734 ( 1)
  71 Q   0.66504 0.14225 0.15288 0.03983 ( 1)
  72 N   0.62784 0.18680 0.13304 0.05231 ( 1)
  73 N   0.82530 0.00109 0.17330 0.00031 ( 1)
  74 R   0.67912 0.12183 0.16492 0.03412 ( 1)
  75 S   0.77574 0.03925 0.17402 0.01099 ( 1)
  76 D   0.38669 0.41658 0.08009 0.11665 ( 2)
  77 K   0.79590 0.02740 0.16904 0.00767 ( 1)
  78 L   0.50877 0.29166 0.11790 0.08167 ( 1)
  79 K   0.00104 0.77835 0.00266 0.21795 ( 2)
  80 Q   0.04184 0.74100 0.00966 0.20749 ( 2)
  81 L   0.06076 0.72268 0.01419 0.20236 ( 2)
  82 L   0.13874 0.64650 0.03373 0.18103 ( 2)
  83 V   0.78985 0.01014 0.19718 0.00284 ( 1)
  84 Y   0.00059 0.78067 0.00014 0.21860 ( 2)
  85 D   0.00511 0.77607 0.00150 0.21731 ( 2)
  86 R   0.71796 0.09526 0.16011 0.02667 ( 1)
  87 F   0.78578 0.03497 0.16946 0.00979 ( 1)
  88 V   0.22787 0.56330 0.05110 0.15773 ( 2)
  89 S   0.00538 0.77520 0.00235 0.21707 ( 2)
  90 T   0.22706 0.56470 0.05011 0.15813 ( 2)
  91 E   0.77708 0.04720 0.16250 0.01322 ( 1)
  92 N   0.00188 0.77669 0.00394 0.21749 ( 2)
  93 L   0.06820 0.71554 0.01590 0.20036 ( 2)
  94 F   0.82131 0.00124 0.17710 0.00035 ( 1)
  95 K   0.06983 0.71509 0.01483 0.20024 ( 2)
  96 F   0.00016 0.78099 0.00016 0.21869 ( 2)
  97 A   0.00470 0.77678 0.00101 0.21751 ( 2)
  98 M   0.22954 0.11589 0.62212 0.03245 ( 3)
  99 P   0.80626 0.00348 0.18928 0.00098 ( 1)
 100 S   0.80710 0.00298 0.18908 0.00083 ( 1)
 101 F   0.82131 0.00124 0.17710 0.00035 ( 1)
 102 R   0.15424 0.63387 0.03440 0.17749 ( 2)
 103 V   0.01766 0.76425 0.00408 0.21400 ( 2)
 104 G   0.00074 0.78028 0.00049 0.21849 ( 2)
 105 G   0.81177 0.00245 0.18509 0.00069 ( 1)
 106 F   0.03569 0.74732 0.00772 0.20926 ( 2)
 107 E   0.82420 0.00279 0.17223 0.00078 ( 1)
 108 V   0.70703 0.10444 0.15928 0.02925 ( 1)
 109 P   0.81040 0.00144 0.18777 0.00040 ( 1)
 110 L   0.80286 0.00781 0.18715 0.00219 ( 1)
 111 L   0.79037 0.01982 0.18426 0.00555 ( 1)
 112 T   0.75862 0.05840 0.16663 0.01635 ( 1)
 113 V   0.81988 0.00546 0.17313 0.00153 ( 1)
 114 Y   0.81070 0.00304 0.18541 0.00085 ( 1)
 115 A   0.82032 0.00267 0.17627 0.00075 ( 1)
 116 Q   0.81106 0.00197 0.18642 0.00055 ( 1)
 117 A   0.78276 0.00619 0.20932 0.00173 ( 1)
 118 A   0.81997 0.00300 0.17619 0.00084 ( 1)
 119 N   0.82150 0.00243 0.17539 0.00068 ( 1)
 120 L   0.80038 0.01140 0.18502 0.00319 ( 1)
 121 H   0.79154 0.00343 0.20407 0.00096 ( 1)
 122 L   0.80125 0.00935 0.18678 0.00262 ( 1)
 123 L   0.01644 0.71860 0.06374 0.20122 ( 2)
 124 L   0.80286 0.00781 0.18715 0.00219 ( 1)
 125 L   0.80286 0.00781 0.18715 0.00219 ( 1)
 126 K   0.66731 0.14964 0.14115 0.04190 ( 1)
 127 N   0.80335 0.02097 0.16981 0.00587 ( 1)
 128 S   0.77251 0.04022 0.17601 0.01126 ( 1)
 129 E   0.11024 0.67476 0.02606 0.18894 ( 2)
 130 L   0.67625 0.12141 0.16834 0.03400 ( 1)
 131 F   0.82075 0.00142 0.17742 0.00040 ( 1)
 132 G   0.79452 0.00396 0.20041 0.00111 ( 1)
 133 A   0.75195 0.06754 0.16160 0.01891 ( 1)
 134 E   0.23335 0.03445 0.72255 0.00965 ( 3)
 135 W   0.76774 0.02620 0.19873 0.00734 ( 1)
 136 G   0.81633 0.00301 0.17982 0.00084 ( 1)
 137 M   0.32030 0.47548 0.07108 0.13314 ( 2)
 138 Q   0.01103 0.77021 0.00309 0.21567 ( 2)
 139 Q   0.27010 0.52160 0.06224 0.14606 ( 2)
 140 Y   0.00028 0.78096 0.00007 0.21868 ( 2)
 141 E   0.59881 0.21555 0.12528 0.06036 ( 1)
 142 I   0.82672 0.00256 0.17000 0.00072 ( 1)
 143 D   0.01792 0.76380 0.00440 0.21388 ( 2)
 144 L   0.00040 0.78059 0.00043 0.21858 ( 2)
 145 F   0.77134 0.04867 0.16636 0.01363 ( 1)
 146 Y   0.80904 0.00375 0.18616 0.00105 ( 1)
 147 N   0.80734 0.01804 0.16957 0.00505 ( 1)
 148 E   0.29764 0.49896 0.06369 0.13972 ( 2)
 149 Q   0.80931 0.00364 0.18603 0.00102 ( 1)
 150 K   0.31895 0.47130 0.07777 0.13197 ( 2)
 151 D   0.00505 0.77628 0.00130 0.21737 ( 2)
 152 Y   0.03060 0.75175 0.00715 0.21050 ( 2)
 153 V   0.11075 0.66583 0.03697 0.18645 ( 2)
 154 V   0.23902 0.55303 0.05308 0.15486 ( 2)
 155 E   0.79884 0.02587 0.16805 0.00724 ( 1)
 156 Y   0.80695 0.00663 0.18456 0.00186 ( 1)
 157 T   0.72941 0.08618 0.16028 0.02413 ( 1)
 158 D   0.80522 0.00181 0.19246 0.00051 ( 1)
 159 H   0.79576 0.02191 0.17620 0.00613 ( 1)
 160 C   0.79158 0.00376 0.20361 0.00105 ( 1)
 161 V   0.81724 0.00602 0.17505 0.00169 ( 1)
 162 K   0.11586 0.39018 0.38470 0.10926 ( 2)
 163 W   0.76774 0.02620 0.19873 0.00734 ( 1)
 164 Y   0.81070 0.00304 0.18541 0.00085 ( 1)
 165 T   0.00226 0.77910 0.00048 0.21816 ( 2)
 166 E   0.03817 0.65594 0.12222 0.18367 ( 2)
 167 G   0.80148 0.01211 0.18301 0.00339 ( 1)
 168 L   0.80286 0.00781 0.18715 0.00219 ( 1)
 169 N   0.78248 0.02277 0.18837 0.00638 ( 1)
 170 R   0.00219 0.77500 0.00579 0.21701 ( 2)
 171 L   0.79729 0.01023 0.18962 0.00287 ( 1)
 172 K   0.81713 0.00334 0.17860 0.00094 ( 1)
 173 N   0.69160 0.12732 0.14543 0.03565 ( 1)
 174 A   0.14902 0.48266 0.23316 0.13515 ( 2)
 175 S   0.64188 0.16707 0.14427 0.04678 ( 1)
 176 G   0.79135 0.00437 0.20305 0.00122 ( 1)
 177 V   0.02723 0.75538 0.00586 0.21152 ( 2)
 178 K   0.80870 0.01528 0.17174 0.00428 ( 1)
 179 G   0.75755 0.05416 0.17312 0.01517 ( 1)
 180 K   0.32513 0.47176 0.07101 0.13210 ( 2)
 181 V   0.00139 0.77991 0.00031 0.21839 ( 2)
 182 W   0.76774 0.02620 0.19873 0.00734 ( 1)
 183 E   0.12472 0.66033 0.03004 0.18491 ( 2)
 184 E   0.00318 0.77727 0.00190 0.21765 ( 2)
 185 Y   0.81070 0.00304 0.18541 0.00085 ( 1)
 186 N   0.67659 0.12292 0.16608 0.03442 ( 1)
 187 R   0.55467 0.24267 0.13470 0.06795 ( 1)
 188 F   0.81822 0.00413 0.17649 0.00116 ( 1)
 189 R   0.78473 0.01563 0.19526 0.00438 ( 1)
 190 R   0.81638 0.00124 0.18203 0.00035 ( 1)
 191 E   0.82420 0.00279 0.17223 0.00078 ( 1)
 192 M   0.81855 0.00046 0.18087 0.00013 ( 1)
 193 T   0.81380 0.00243 0.18309 0.00068 ( 1)
 194 I   0.70580 0.10776 0.15627 0.03017 ( 1)
 195 M   0.11394 0.67253 0.02521 0.18832 ( 2)
 196 V   0.81122 0.00883 0.17748 0.00247 ( 1)
 197 L   0.79140 0.00919 0.19684 0.00257 ( 1)
 198 D   0.82720 0.00135 0.17107 0.00038 ( 1)
 199 L   0.13737 0.58524 0.11351 0.16388 ( 2)
 200 L   0.17221 0.61555 0.03987 0.17237 ( 2)
 201 P   0.27063 0.51650 0.06825 0.14463 ( 2)
 202 L   0.80286 0.00781 0.18715 0.00219 ( 1)
 203 F   0.82131 0.00124 0.17710 0.00035 ( 1)
 204 P   0.81040 0.00144 0.18777 0.00040 ( 1)
 205 I   0.10308 0.67963 0.02699 0.19031 ( 2)


lnL = -2344.916399

Bayes Empirical Bayes (BEB) probabilities for 4 classes (class)
(amino acids refer to 1st sequence: BT_Cry7Cb1)

   1 -   0.54983 0.34687 0.06345 0.03984 ( 1)
   2 -   0.54983 0.34687 0.06345 0.03984 ( 1)
   3 A   0.83116 0.09901 0.06082 0.00901 ( 1)
   4 G   0.93350 0.00199 0.06433 0.00018 ( 1)
   5 G   0.00359 0.91354 0.00026 0.08261 ( 2)
   6 I   0.32913 0.05300 0.61284 0.00503 ( 3)
   7 V   0.02164 0.89240 0.00303 0.08293 ( 2)
   8 A   0.15202 0.76848 0.01041 0.06908 ( 2)
   9 L   0.79546 0.13069 0.06155 0.01230 ( 1)
  10 F   0.88672 0.04965 0.05926 0.00437 ( 1)
  11 T   0.77133 0.14369 0.07051 0.01447 ( 1)
  12 E   0.00083 0.91819 0.00005 0.08093 ( 2)
  13 V   0.01425 0.84448 0.03545 0.10583 ( 2)
  14 L   0.23484 0.68275 0.01828 0.06412 ( 2)
  15 R   0.20495 0.71697 0.01447 0.06361 ( 2)
  16 L   0.03558 0.87178 0.00318 0.08946 ( 2)
  17 L   0.91349 0.01299 0.07230 0.00122 ( 1)
  18 W   0.88064 0.03211 0.08395 0.00330 ( 1)
  19 P   0.92126 0.00288 0.07559 0.00027 ( 1)
  20 N   0.00133 0.91988 0.00008 0.07870 ( 2)
  21 K   0.02277 0.88982 0.00190 0.08550 ( 2)
  22 Q   0.00331 0.81795 0.00894 0.16979 ( 2)
  23 D   0.00002 0.87040 0.00006 0.12952 ( 2)
  24 E   0.00012 0.91824 0.00001 0.08163 ( 2)
  25 L   0.56807 0.35646 0.04278 0.03269 ( 1)
  26 W   0.88064 0.03211 0.08395 0.00330 ( 1)
  27 E   0.34622 0.04813 0.60121 0.00443 ( 3)
  28 S   0.00177 0.86798 0.00219 0.12806 ( 2)
  29 F   0.88755 0.04924 0.05888 0.00433 ( 1)
  30 M   0.93508 0.00051 0.06436 0.00004 ( 1)
  31 K   0.00317 0.88099 0.00602 0.10982 ( 2)
  32 E   0.90095 0.03746 0.05825 0.00334 ( 1)
  33 V   0.93273 0.00608 0.06064 0.00055 ( 1)
  34 E   0.91904 0.00527 0.07518 0.00050 ( 1)
  35 K   0.00011 0.91084 0.00001 0.08903 ( 2)
  36 L   0.92503 0.00484 0.06969 0.00044 ( 1)
  37 I   0.93122 0.00352 0.06495 0.00032 ( 1)
  38 E   0.06855 0.85052 0.00447 0.07646 ( 2)
  39 Q   0.92831 0.00225 0.06924 0.00021 ( 1)
  40 E   0.79199 0.06206 0.13880 0.00714 ( 1)
  41 I   0.93931 0.00259 0.05786 0.00023 ( 1)
  42 T   0.82927 0.08500 0.07689 0.00884 ( 1)
  43 D   0.25669 0.63749 0.03459 0.07123 ( 2)
  44 A   0.03818 0.87137 0.00343 0.08701 ( 2)
  45 V   0.81195 0.12407 0.05283 0.01115 ( 1)
  46 V   0.25416 0.66877 0.01708 0.05999 ( 2)
  47 S   0.00399 0.91499 0.00028 0.08074 ( 2)
  48 K   0.86038 0.07721 0.05560 0.00681 ( 1)
  49 A   0.92772 0.00398 0.06793 0.00036 ( 1)
  50 L   0.89818 0.01940 0.08048 0.00194 ( 1)
  51 A   0.30630 0.59024 0.04723 0.05623 ( 2)
  52 E   0.88486 0.05392 0.05643 0.00480 ( 1)
  53 L   0.91804 0.00994 0.07108 0.00094 ( 1)
  54 E   0.19259 0.47878 0.26294 0.06568 ( 2)
  55 G   0.92722 0.00435 0.06803 0.00039 ( 1)
  56 L   0.91897 0.00903 0.07114 0.00085 ( 1)
  57 R   0.07222 0.26936 0.60206 0.05636 ( 3)
  58 N   0.88820 0.04529 0.06229 0.00423 ( 1)
  59 A   0.00693 0.91026 0.00051 0.08231 ( 2)
  60 L   0.06473 0.84529 0.00579 0.08419 ( 2)
  61 Q   0.01689 0.89939 0.00117 0.08255 ( 2)
  62 G   0.16222 0.75952 0.01115 0.06711 ( 2)
  63 Y   0.28663 0.03846 0.67054 0.00438 ( 3)
  64 T   0.01065 0.90914 0.00073 0.07948 ( 2)
  65 D   0.00161 0.91009 0.00011 0.08820 ( 2)
  66 A   0.85364 0.08290 0.05619 0.00726 ( 1)
  67 L   0.90178 0.00894 0.08835 0.00093 ( 1)
  68 E   0.86923 0.06916 0.05545 0.00615 ( 1)
  69 A   0.04934 0.87180 0.00324 0.07563 ( 2)
  70 W   0.88064 0.03211 0.08395 0.00330 ( 1)
  71 Q   0.72122 0.20627 0.05371 0.01881 ( 1)
  72 N   0.63193 0.30151 0.04055 0.02601 ( 1)
  73 N   0.93927 0.00118 0.05945 0.00010 ( 1)
  74 R   0.74285 0.17855 0.06155 0.01705 ( 1)
  75 S   0.87552 0.05739 0.06199 0.00509 ( 1)
  76 D   0.33446 0.59398 0.02054 0.05102 ( 2)
  77 K   0.89851 0.03935 0.05865 0.00348 ( 1)
  78 L   0.51647 0.40717 0.03899 0.03737 ( 1)
  79 K   0.00040 0.86068 0.00104 0.13787 ( 2)
  80 Q   0.02832 0.88814 0.00212 0.08142 ( 2)
  81 L   0.04228 0.87239 0.00327 0.08207 ( 2)
  82 L   0.10290 0.80547 0.00903 0.08260 ( 2)
  83 V   0.90685 0.01173 0.08025 0.00117 ( 1)
  84 Y   0.00024 0.91549 0.00002 0.08426 ( 2)
  85 D   0.00222 0.91401 0.00029 0.08348 ( 2)
  86 R   0.79305 0.13890 0.05569 0.01237 ( 1)
  87 F   0.88683 0.04995 0.05883 0.00439 ( 1)
  88 V   0.18052 0.73907 0.01290 0.06752 ( 2)
  89 S   0.00271 0.87772 0.00062 0.11895 ( 2)
  90 T   0.17846 0.74410 0.01223 0.06521 ( 2)
  91 E   0.87042 0.06802 0.05552 0.00604 ( 1)
  92 N   0.00077 0.87942 0.00137 0.11845 ( 2)
  93 L   0.04710 0.86796 0.00362 0.08132 ( 2)
  94 F   0.93637 0.00136 0.06215 0.00012 ( 1)
  95 K   0.04082 0.87961 0.00263 0.07693 ( 2)
  96 F   0.00005 0.88517 0.00004 0.11475 ( 2)
  97 A   0.00201 0.91817 0.00013 0.07969 ( 2)
  98 M   0.27889 0.23272 0.46483 0.02356 ( 3)
  99 P   0.92381 0.00406 0.07175 0.00038 ( 1)
 100 S   0.92472 0.00345 0.07152 0.00032 ( 1)
 101 F   0.93637 0.00136 0.06215 0.00012 ( 1)
 102 R   0.11536 0.80541 0.00804 0.07118 ( 2)
 103 V   0.00971 0.88620 0.00074 0.10335 ( 2)
 104 G   0.00028 0.83864 0.00016 0.16092 ( 2)
 105 G   0.92882 0.00278 0.06815 0.00025 ( 1)
 106 F   0.01992 0.90035 0.00132 0.07842 ( 2)
 107 E   0.93695 0.00302 0.05976 0.00027 ( 1)
 108 V   0.78272 0.14573 0.05674 0.01480 ( 1)
 109 P   0.92815 0.00165 0.07005 0.00015 ( 1)
 110 L   0.91897 0.00903 0.07114 0.00085 ( 1)
 111 L   0.90472 0.02303 0.07007 0.00217 ( 1)
 112 T   0.84860 0.08578 0.05805 0.00757 ( 1)
 113 V   0.93273 0.00608 0.06064 0.00055 ( 1)
 114 Y   0.92731 0.00346 0.06891 0.00032 ( 1)
 115 A   0.93511 0.00300 0.06163 0.00026 ( 1)
 116 Q   0.92831 0.00225 0.06924 0.00021 ( 1)
 117 A   0.89958 0.00715 0.09250 0.00077 ( 1)
 118 A   0.93470 0.00339 0.06161 0.00030 ( 1)
 119 N   0.93521 0.00271 0.06184 0.00024 ( 1)
 120 L   0.91655 0.01320 0.06905 0.00121 ( 1)
 121 H   0.90976 0.00397 0.08586 0.00041 ( 1)
 122 L   0.91706 0.01091 0.07100 0.00103 ( 1)
 123 L   0.00873 0.82777 0.03841 0.12509 ( 2)
 124 L   0.91897 0.00903 0.07114 0.00085 ( 1)
 125 L   0.91897 0.00903 0.07114 0.00085 ( 1)
 126 K   0.72331 0.21139 0.04667 0.01863 ( 1)
 127 N   0.90941 0.02972 0.05830 0.00257 ( 1)
 128 S   0.87215 0.05841 0.06398 0.00546 ( 1)
 129 E   0.07770 0.83295 0.00631 0.08304 ( 2)
 130 L   0.74080 0.17416 0.06708 0.01796 ( 1)
 131 F   0.93575 0.00157 0.06255 0.00014 ( 1)
 132 G   0.91273 0.00456 0.08225 0.00046 ( 1)
 133 A   0.84002 0.09624 0.05530 0.00843 ( 1)
 134 E   0.29654 0.05651 0.64121 0.00575 ( 3)
 135 W   0.88064 0.03211 0.08395 0.00330 ( 1)
 136 G   0.93203 0.00342 0.06424 0.00030 ( 1)
 137 M   0.26228 0.66181 0.01808 0.05784 ( 2)
 138 Q   0.00561 0.85923 0.00077 0.13440 ( 2)
 139 Q   0.21626 0.70353 0.01612 0.06409 ( 2)
 140 Y   0.00011 0.90263 0.00001 0.09725 ( 2)
 141 E   0.63111 0.30198 0.04012 0.02679 ( 1)
 142 I   0.93908 0.00280 0.05787 0.00024 ( 1)
 143 D   0.00983 0.90237 0.00083 0.08696 ( 2)
 144 L   0.00015 0.87690 0.00015 0.12280 ( 2)
 145 F   0.86682 0.06956 0.05750 0.00611 ( 1)
 146 Y   0.92565 0.00429 0.06966 0.00040 ( 1)
 147 N   0.91454 0.02538 0.05789 0.00220 ( 1)
 148 E   0.23849 0.68492 0.01582 0.06077 ( 2)
 149 Q   0.92630 0.00422 0.06909 0.00039 ( 1)
 150 K   0.26344 0.65180 0.02206 0.06270 ( 2)
 151 D   0.00259 0.90051 0.00025 0.09665 ( 2)
 152 Y   0.01681 0.89794 0.00130 0.08395 ( 2)
 153 V   0.08029 0.81531 0.01132 0.09308 ( 2)
 154 V   0.18798 0.73110 0.01352 0.06740 ( 2)
 155 E   0.90095 0.03746 0.05825 0.00334 ( 1)
 156 Y   0.92298 0.00772 0.06860 0.00071 ( 1)
 157 T   0.80740 0.12621 0.05525 0.01114 ( 1)
 158 D   0.92099 0.00198 0.07683 0.00020 ( 1)
 159 H   0.90290 0.03181 0.06248 0.00281 ( 1)
 160 C   0.90863 0.00438 0.08652 0.00046 ( 1)
 161 V   0.93040 0.00666 0.06234 0.00060 ( 1)
 162 K   0.10075 0.56497 0.26367 0.07061 ( 2)
 163 W   0.88064 0.03211 0.08395 0.00330 ( 1)
 164 Y   0.92731 0.00346 0.06891 0.00032 ( 1)
 165 T   0.00096 0.91823 0.00006 0.08075 ( 2)
 166 E   0.01983 0.72462 0.07707 0.17848 ( 2)
 167 G   0.91643 0.01435 0.06791 0.00132 ( 1)
 168 L   0.91897 0.00903 0.07114 0.00085 ( 1)
 169 N   0.88886 0.03218 0.07571 0.00326 ( 1)
 170 R   0.00102 0.87156 0.00323 0.12419 ( 2)
 171 L   0.91200 0.01191 0.07492 0.00117 ( 1)
 172 K   0.93062 0.00369 0.06535 0.00034 ( 1)
 173 N   0.77989 0.15716 0.04935 0.01360 ( 1)
 174 A   0.13904 0.63093 0.15557 0.07447 ( 2)
 175 S   0.72318 0.20697 0.05137 0.01849 ( 1)
 176 G   0.90840 0.00503 0.08604 0.00053 ( 1)
 177 V   0.01497 0.90331 0.00100 0.08072 ( 2)
 178 K   0.91685 0.02144 0.05982 0.00190 ( 1)
 179 G   0.85047 0.07963 0.06267 0.00723 ( 1)
 180 K   0.27234 0.64909 0.01893 0.05963 ( 2)
 181 V   0.00055 0.91493 0.00004 0.08448 ( 2)
 182 W   0.88064 0.03211 0.08395 0.00330 ( 1)
 183 E   0.09187 0.82217 0.00751 0.07846 ( 2)
 184 E   0.00135 0.90504 0.00053 0.09308 ( 2)
 185 Y   0.92731 0.00346 0.06891 0.00032 ( 1)
 186 N   0.73937 0.17906 0.06376 0.01781 ( 1)
 187 R   0.57664 0.34294 0.04775 0.03268 ( 1)
 188 F   0.93284 0.00478 0.06197 0.00042 ( 1)
 189 R   0.90037 0.01886 0.07889 0.00188 ( 1)
 190 R   0.93290 0.00140 0.06558 0.00012 ( 1)
 191 E   0.93695 0.00302 0.05976 0.00027 ( 1)
 192 M   0.93508 0.00051 0.06436 0.00004 ( 1)
 193 T   0.93000 0.00274 0.06701 0.00025 ( 1)
 194 I   0.77551 0.15621 0.05420 0.01407 ( 1)
 195 M   0.08236 0.83889 0.00563 0.07312 ( 2)
 196 V   0.92474 0.01000 0.06434 0.00091 ( 1)
 197 L   0.90698 0.01071 0.08121 0.00109 ( 1)
 198 D   0.94023 0.00144 0.05820 0.00013 ( 1)
 199 L   0.10374 0.73016 0.06370 0.10240 ( 2)
 200 L   0.12604 0.79216 0.00947 0.07233 ( 2)
 201 P   0.21681 0.69331 0.01955 0.07033 ( 2)
 202 L   0.91897 0.00903 0.07114 0.00085 ( 1)
 203 F   0.93637 0.00136 0.06215 0.00012 ( 1)
 204 P   0.92815 0.00165 0.07005 0.00015 ( 1)
 205 I   0.07232 0.83355 0.00708 0.08705 ( 2)

