Supplemental results for CODEML (seqf: algn  treef: tree)


dN/dS (w) for site classes (K=4)

site class             0        1       2a       2b
proportion       0.56533  0.32661  0.06849  0.03957
background w     0.06737  1.00000  0.06737  1.00000
foreground w     0.06737  1.00000 27.93323 27.93323

Naive Empirical Bayes (NEB) probabilities for 4 classes
(amino acids refer to 1st sequence: BT_Cry30Aa1)

   1 -   0.58431 0.30763 0.07079 0.03727 ( 1)
   2 -   0.56817 0.32377 0.06884 0.03923 ( 1)
   3 -   0.58296 0.30898 0.07063 0.03743 ( 1)
   4 -   0.58539 0.30654 0.07092 0.03714 ( 1)
   5 R   0.00113 0.40992 0.05567 0.53328 ( 4)
   6 I   0.86465 0.09335 0.03569 0.00631 ( 1)
   7 T   0.21351 0.04077 0.73769 0.00803 ( 3)
   8 Q   0.98930 0.00413 0.00653 0.00004 ( 1)
   9 I   0.90284 0.08566 0.00997 0.00153 ( 1)
  10 P   0.95450 0.00597 0.03927 0.00026 ( 1)
  11 A   0.96508 0.00467 0.03006 0.00019 ( 1)
  12 V   0.96501 0.00555 0.02926 0.00018 ( 1)
  13 K   0.98761 0.00317 0.00917 0.00005 ( 1)
  14 A   0.11301 0.84638 0.00306 0.03756 ( 2)
  15 Y   0.00008 0.93488 0.00006 0.06499 ( 2)
  16 S   0.00001 0.73849 0.00007 0.26144 ( 2)
  17 L   0.95872 0.03548 0.00551 0.00029 ( 1)
  18 T   0.00000 0.04921 0.02215 0.92863 ( 4)
  19 S   0.16980 0.81480 0.00169 0.01371 ( 2)
  20 P   0.01469 0.07483 0.80644 0.10404 ( 3)
  21 -   0.00152 0.15688 0.53424 0.30736 ( 3)
  22 -   0.09826 0.60726 0.18714 0.10734 ( 2)
  23 -   0.12396 0.73478 0.09003 0.05123 ( 2)
  24 -   0.00006 0.01779 0.61833 0.36382 ( 3)
  25 -   0.56533 0.32661 0.06849 0.03957 ( 1)
  26 A   0.06988 0.03443 0.87080 0.02489 ( 3)
  27 R   0.01992 0.90967 0.00724 0.06318 ( 2)
  28 V   0.98670 0.00547 0.00776 0.00007 ( 1)
  29 I   0.98412 0.00492 0.01087 0.00009 ( 1)
  30 V   0.03849 0.94684 0.00036 0.01432 ( 2)
  31 G   0.95994 0.00701 0.03279 0.00025 ( 1)
  32 P   0.81943 0.07251 0.09928 0.00879 ( 1)
  33 G   0.19883 0.32459 0.42595 0.05062 ( 3)
  34 H   0.29228 0.01822 0.68694 0.00256 ( 3)
  35 T   0.95634 0.00756 0.03572 0.00037 ( 1)
  36 G   0.99062 0.00517 0.00418 0.00003 ( 1)
  37 G   0.95959 0.00573 0.03447 0.00022 ( 1)
  38 D   0.74033 0.04274 0.21395 0.00298 ( 1)
  39 L   0.97956 0.01202 0.00829 0.00013 ( 1)
  40 V   0.95235 0.02275 0.02427 0.00064 ( 1)
  41 A   0.17415 0.65495 0.12197 0.04893 ( 2)
  42 L   0.97577 0.01869 0.00539 0.00015 ( 1)
  43 L   0.97704 0.01453 0.00828 0.00015 ( 1)
  44 -   0.73049 0.25874 0.00686 0.00392 ( 1)
  45 -   0.09302 0.59240 0.19970 0.11488 ( 2)
  46 -   0.72690 0.26672 0.00407 0.00231 ( 1)
  47 -   0.66042 0.32656 0.00840 0.00462 ( 1)
  48 -   0.72609 0.26550 0.00535 0.00306 ( 1)
  49 -   0.71037 0.28274 0.00440 0.00249 ( 1)
  50 N   0.96685 0.02386 0.00903 0.00026 ( 1)
  51 S   0.00002 0.92968 0.00002 0.07029 ( 2)
  52 G   0.00000 0.18849 0.00030 0.81121 ( 4)
  53 T   0.01679 0.67559 0.08342 0.22420 ( 2)
  54 Q   0.00016 0.30803 0.04518 0.64663 ( 4)
  55 S   0.01763 0.97621 0.00008 0.00608 ( 2)
  56 G   0.97206 0.00383 0.02400 0.00011 ( 1)
  57 T   0.00138 0.99206 0.00001 0.00655 ( 2)
  58 M   0.97275 0.01628 0.01067 0.00030 ( 1)
  59 Q   0.59002 0.39835 0.00659 0.00504 ( 1)
  60 I   0.71025 0.26349 0.01884 0.00742 ( 1)
  61 Q   0.05577 0.71511 0.12914 0.09997 ( 2)
  62 C   0.20165 0.19184 0.57469 0.03182 ( 3)
  63 K   0.88965 0.10384 0.00559 0.00092 ( 1)
  64 T   0.95804 0.03202 0.00940 0.00054 ( 1)
  65 G   0.62321 0.36703 0.00560 0.00416 ( 1)
  66 S   0.86642 0.12176 0.00965 0.00217 ( 1)
  67 F   0.49180 0.40014 0.05958 0.04848 ( 1)
  68 T   0.86364 0.02830 0.10463 0.00343 ( 1)
  69 G   0.35416 0.53777 0.04291 0.06515 ( 2)
  70 P   0.00204 0.65751 0.02181 0.31864 ( 2)
  71 S   0.16912 0.82459 0.00083 0.00546 ( 2)
  72 R   0.95659 0.03663 0.00646 0.00032 ( 1)
  73 Q   0.32808 0.66406 0.00179 0.00608 ( 2)
  74 Y   0.95817 0.00534 0.03627 0.00021 ( 1)
  75 G   0.89632 0.06014 0.04071 0.00284 ( 1)
  76 L   0.85786 0.13041 0.00937 0.00236 ( 1)
  77 R   0.97691 0.01893 0.00406 0.00010 ( 1)
  78 M   0.31055 0.68210 0.00174 0.00561 ( 2)
  79 R   0.98037 0.00870 0.01082 0.00011 ( 1)
  80 Y   0.99063 0.00327 0.00608 0.00003 ( 1)
  81 A   0.96291 0.00530 0.03160 0.00019 ( 1)
  82 A   0.98687 0.00537 0.00771 0.00006 ( 1)
  83 N   0.98799 0.00551 0.00644 0.00006 ( 1)
  84 S   0.84269 0.14718 0.00790 0.00223 ( 1)
  85 A   0.37909 0.61111 0.00276 0.00703 ( 2)
  86 F   0.29885 0.69094 0.00226 0.00796 ( 2)
  87 T   0.79095 0.20226 0.00500 0.00179 ( 1)
  88 V   0.76445 0.22940 0.00426 0.00189 ( 1)
  89 S   0.96949 0.02508 0.00520 0.00023 ( 1)
  90 L   0.90250 0.08919 0.00724 0.00107 ( 1)
  91 S   0.93523 0.05907 0.00522 0.00049 ( 1)
  92 Y   0.81914 0.17457 0.00485 0.00144 ( 1)
  93 T   0.01710 0.97436 0.00012 0.00842 ( 2)
  94 L   0.08557 0.89997 0.00082 0.01363 ( 2)
  95 L   0.00001 0.98590 0.00000 0.01409 ( 2)
  96 -   0.76498 0.12696 0.09268 0.01538 ( 1)
  97 G   0.94349 0.02344 0.03223 0.00084 ( 1)
  98 Q   0.00015 0.96024 0.00001 0.03961 ( 2)
  99 T   0.15448 0.83000 0.00154 0.01398 ( 2)
 100 R   0.00000 0.98881 0.00000 0.01119 ( 2)
 101 G   0.53913 0.44802 0.00531 0.00753 ( 1)
 102 T   0.01220 0.96252 0.00030 0.02499 ( 2)
 103 S   0.25156 0.74093 0.00141 0.00609 ( 2)
 104 F   0.94814 0.04380 0.00754 0.00052 ( 1)
 105 V   0.00001 0.98603 0.00000 0.01396 ( 2)
 106 T   0.84263 0.15115 0.00497 0.00124 ( 1)
 107 E   0.99038 0.00320 0.00638 0.00003 ( 1)
 108 N   0.02804 0.95720 0.00027 0.01449 ( 2)
 109 T   0.98273 0.00647 0.01069 0.00012 ( 1)
 110 F   0.10081 0.00949 0.88645 0.00325 ( 3)
 111 S   0.32859 0.66358 0.00201 0.00581 ( 2)
 112 R   0.97970 0.01546 0.00475 0.00010 ( 1)
 113 S   0.00031 0.93452 0.00020 0.06498 ( 2)
 114 N   0.98318 0.01062 0.00611 0.00009 ( 1)
 115 N   0.98754 0.00320 0.00923 0.00004 ( 1)
 116 I   0.58034 0.31160 0.07031 0.03775 ( 1)
 117 I   0.86210 0.02984 0.10445 0.00362 ( 1)
 118 P   0.82120 0.07074 0.09949 0.00857 ( 1)
 119 T   0.83790 0.05404 0.10151 0.00655 ( 1)
 120 D   0.99161 0.00198 0.00638 0.00002 ( 1)
 121 L   0.97924 0.01234 0.00829 0.00013 ( 1)
 122 K   0.68930 0.05495 0.25011 0.00564 ( 1)
 123 Y   0.96350 0.02331 0.01280 0.00040 ( 1)
 124 E   0.25850 0.34022 0.36575 0.03554 ( 3)
 125 E   0.91782 0.07539 0.00597 0.00082 ( 1)
 126 F   0.97774 0.00287 0.01933 0.00006 ( 1)
 127 K   0.97724 0.01611 0.00651 0.00014 ( 1)
 128 Y   0.15309 0.01119 0.83176 0.00396 ( 3)
 129 K   0.90319 0.08903 0.00676 0.00103 ( 1)
 130 D   0.00132 0.59443 0.05603 0.34822 ( 2)
 131 Y   0.71289 0.24979 0.02729 0.01003 ( 1)
 132 L   0.00001 0.98880 0.00000 0.01120 ( 2)
 133 Q   0.61760 0.36880 0.00690 0.00669 ( 1)
 134 I   0.96865 0.00655 0.02462 0.00018 ( 1)
 135 I   0.97562 0.01290 0.01125 0.00023 ( 1)
 136 T   0.95935 0.03475 0.00561 0.00029 ( 1)
 137 M   0.11209 0.87864 0.00081 0.00846 ( 2)
 138 T   0.36282 0.62740 0.00314 0.00663 ( 2)
 139 L   0.00334 0.95718 0.00013 0.03935 ( 2)
 140 P   0.65104 0.34398 0.00283 0.00215 ( 1)
 141 A   0.00712 0.98670 0.00003 0.00615 ( 2)
 142 N   0.96715 0.02622 0.00637 0.00026 ( 1)
 143 T   0.95804 0.03202 0.00940 0.00054 ( 1)
 144 I   0.76865 0.20722 0.01875 0.00538 ( 1)
 145 I   0.59134 0.39939 0.00505 0.00422 ( 1)
 146 T   0.86939 0.12405 0.00547 0.00109 ( 1)
 147 I   0.91098 0.03969 0.04720 0.00213 ( 1)
 148 S   0.00085 0.98565 0.00001 0.01349 ( 2)
 149 M   0.03115 0.89652 0.02056 0.05178 ( 2)
 150 Q   0.00000 0.64171 0.00001 0.35827 ( 2)
 151 Q   0.46433 0.50280 0.01527 0.01760 ( 2)
 152 A   0.00019 0.98324 0.00000 0.01656 ( 2)
 153 T   0.00203 0.98890 0.00001 0.00905 ( 2)
 154 G   0.00031 0.99153 0.00000 0.00815 ( 2)
 155 L   0.00000 0.99142 0.00000 0.00858 ( 2)
 156 L   0.00845 0.96037 0.00023 0.03095 ( 2)
 157 N   0.98799 0.00551 0.00644 0.00006 ( 1)
 158 N   0.00836 0.97985 0.00007 0.01172 ( 2)
 159 Q   0.79950 0.18944 0.00788 0.00319 ( 1)
 160 L   0.84525 0.12506 0.02566 0.00403 ( 1)
 161 I   0.98432 0.00484 0.01075 0.00009 ( 1)
 162 I   0.92819 0.03492 0.03549 0.00140 ( 1)
 163 D   0.97430 0.01364 0.01187 0.00019 ( 1)
 164 R   0.97766 0.01295 0.00919 0.00020 ( 1)
 165 I   0.95594 0.03302 0.01044 0.00060 ( 1)
 166 E   0.99094 0.00264 0.00639 0.00003 ( 1)
 167 F   0.92844 0.05209 0.01835 0.00112 ( 1)
 168 Y   0.24627 0.72523 0.00585 0.02265 ( 2)
 169 P   0.98622 0.00679 0.00693 0.00006 ( 1)


lnL = -2296.005415

Bayes Empirical Bayes (BEB) probabilities for 4 classes (class)
(amino acids refer to 1st sequence: BT_Cry30Aa1)

   1 -   0.50893 0.30311 0.11802 0.06993 ( 1)
   2 -   0.49361 0.31844 0.11448 0.07347 ( 1)
   3 -   0.50764 0.30440 0.11772 0.07023 ( 1)
   4 -   0.50996 0.30208 0.11826 0.06969 ( 1)
   5 R   0.00041 0.46360 0.02270 0.51329 ( 4)
   6 I   0.81735 0.10492 0.06513 0.01260 ( 1)
   7 T   0.09530 0.02294 0.87286 0.00890 ( 3)
   8 Q   0.91713 0.00363 0.07887 0.00037 ( 1)
   9 I   0.84363 0.09375 0.05393 0.00869 ( 1)
  10 P   0.84569 0.00508 0.14830 0.00092 ( 1)
  11 A   0.88295 0.00383 0.11267 0.00056 ( 1)
  12 V   0.85594 0.00450 0.13880 0.00077 ( 1)
  13 K   0.93942 0.00261 0.05774 0.00023 ( 1)
  14 A   0.04765 0.85189 0.00406 0.09640 ( 2)
  15 Y   0.00001 0.77230 0.00005 0.22764 ( 2)
  16 S   0.00000 0.69246 0.00002 0.30753 ( 2)
  17 L   0.90055 0.03260 0.06392 0.00294 ( 1)
  18 T   0.00000 0.15527 0.00606 0.83867 ( 4)
  19 S   0.07914 0.84588 0.00435 0.07063 ( 2)
  20 P   0.01017 0.09220 0.76282 0.13481 ( 3)
  21 -   0.00091 0.19172 0.46418 0.34319 ( 3)
  22 -   0.05261 0.48809 0.27701 0.18230 ( 2)
  23 -   0.06117 0.54327 0.24151 0.15406 ( 2)
  24 -   0.00013 0.08103 0.50353 0.41531 ( 3)
  25 -   0.49092 0.32113 0.11386 0.07409 ( 1)
  26 A   0.05827 0.04770 0.86170 0.03234 ( 3)
  27 R   0.00619 0.76061 0.00964 0.22355 ( 2)
  28 V   0.93364 0.00462 0.06133 0.00041 ( 1)
  29 I   0.93565 0.00407 0.05990 0.00038 ( 1)
  30 V   0.01770 0.90214 0.00107 0.07908 ( 2)
  31 G   0.84984 0.00590 0.14323 0.00104 ( 1)
  32 P   0.73969 0.07236 0.17128 0.01668 ( 1)
  33 G   0.08643 0.29993 0.51669 0.09695 ( 3)
  34 H   0.12536 0.00952 0.86224 0.00289 ( 3)
  35 T   0.88262 0.00626 0.11020 0.00091 ( 1)
  36 G   0.93496 0.00445 0.06022 0.00037 ( 1)
  37 G   0.84922 0.00486 0.14506 0.00086 ( 1)
  38 D   0.48412 0.03400 0.47471 0.00717 ( 1)
  39 L   0.89921 0.01081 0.08874 0.00124 ( 1)
  40 V   0.84710 0.02411 0.12498 0.00381 ( 1)
  41 A   0.06167 0.54394 0.22805 0.16634 ( 2)
  42 L   0.91834 0.02140 0.05847 0.00179 ( 1)
  43 L   0.89694 0.01304 0.08852 0.00150 ( 1)
  44 -   0.66877 0.26656 0.04108 0.02359 ( 1)
  45 -   0.05018 0.48009 0.28166 0.18806 ( 2)
  46 -   0.66426 0.27448 0.03924 0.02203 ( 1)
  47 -   0.56583 0.31624 0.07330 0.04463 ( 1)
  48 -   0.66373 0.27328 0.04022 0.02278 ( 1)
  49 -   0.64060 0.28743 0.04577 0.02620 ( 1)
  50 N   0.87944 0.01973 0.09835 0.00248 ( 1)
  51 S   0.00000 0.76618 0.00001 0.23381 ( 2)
  52 G   0.00000 0.29374 0.00005 0.70621 ( 4)
  53 T   0.00699 0.61052 0.07184 0.31065 ( 2)
  54 Q   0.00005 0.42652 0.01728 0.55615 ( 4)
  55 S   0.00722 0.91710 0.00046 0.07522 ( 2)
  56 G   0.87823 0.00318 0.11812 0.00047 ( 1)
  57 T   0.00031 0.91526 0.00002 0.08440 ( 2)
  58 M   0.92322 0.01818 0.05695 0.00165 ( 1)
  59 Q   0.40726 0.47955 0.04917 0.06401 ( 2)
  60 I   0.57251 0.28803 0.09120 0.04825 ( 1)
  61 Q   0.02136 0.61707 0.15773 0.20383 ( 2)
  62 C   0.09207 0.15172 0.70532 0.05089 ( 3)
  63 K   0.78060 0.14969 0.05604 0.01367 ( 1)
  64 T   0.90812 0.03828 0.05036 0.00324 ( 1)
  65 G   0.43904 0.46792 0.04108 0.05195 ( 2)
  66 S   0.79190 0.14493 0.04997 0.01320 ( 1)
  67 F   0.37252 0.43953 0.08647 0.10148 ( 2)
  68 T   0.78417 0.02787 0.18153 0.00642 ( 1)
  69 G   0.25241 0.55964 0.05865 0.12931 ( 2)
  70 P   0.00062 0.59768 0.01140 0.39030 ( 2)
  71 S   0.09090 0.82602 0.00681 0.07626 ( 2)
  72 R   0.87467 0.04503 0.07565 0.00464 ( 1)
  73 Q   0.21340 0.72423 0.01057 0.05180 ( 2)
  74 Y   0.84867 0.00467 0.14582 0.00084 ( 1)
  75 G   0.77701 0.06894 0.14114 0.01291 ( 1)
  76 L   0.79538 0.14282 0.04882 0.01297 ( 1)
  77 R   0.90654 0.01779 0.07394 0.00174 ( 1)
  78 M   0.16105 0.76542 0.01017 0.06336 ( 2)
  79 R   0.88498 0.00762 0.10638 0.00102 ( 1)
  80 Y   0.93040 0.00280 0.06654 0.00026 ( 1)
  81 A   0.85539 0.00429 0.13959 0.00074 ( 1)
  82 A   0.93335 0.00453 0.06172 0.00040 ( 1)
  83 N   0.94327 0.00584 0.05044 0.00045 ( 1)
  84 S   0.73906 0.19797 0.04543 0.01754 ( 1)
  85 A   0.26217 0.66684 0.01574 0.05526 ( 2)
  86 F   0.15051 0.77613 0.00913 0.06423 ( 2)
  87 T   0.64160 0.28624 0.04605 0.02610 ( 1)
  88 V   0.66870 0.26664 0.04245 0.02221 ( 1)
  89 S   0.92501 0.02676 0.04629 0.00194 ( 1)
  90 L   0.82920 0.10671 0.05471 0.00939 ( 1)
  91 S   0.86880 0.06991 0.05546 0.00584 ( 1)
  92 Y   0.68354 0.24557 0.04881 0.02208 ( 1)
  93 T   0.00518 0.90183 0.00045 0.09255 ( 2)
  94 L   0.03631 0.88392 0.00223 0.07755 ( 2)
  95 L   0.00000 0.87603 0.00000 0.12397 ( 2)
  96 -   0.68514 0.12690 0.15870 0.02925 ( 1)
  97 G   0.83476 0.02088 0.14069 0.00367 ( 1)
  98 Q   0.00002 0.84520 0.00000 0.15477 ( 2)
  99 T   0.06844 0.85628 0.00376 0.07151 ( 2)
 100 R   0.00000 0.90023 0.00000 0.09977 ( 2)
 101 G   0.34512 0.58662 0.01907 0.04919 ( 2)
 102 T   0.00349 0.85492 0.00055 0.14105 ( 2)
 103 S   0.12444 0.80137 0.00787 0.06631 ( 2)
 104 F   0.88449 0.05268 0.05819 0.00464 ( 1)
 105 V   0.00000 0.87622 0.00000 0.12378 ( 2)
 106 T   0.71593 0.21381 0.05103 0.01923 ( 1)
 107 E   0.93922 0.00266 0.05789 0.00022 ( 1)
 108 N   0.01156 0.90810 0.00071 0.07963 ( 2)
 109 T   0.93552 0.00547 0.05851 0.00050 ( 1)
 110 F   0.07287 0.00856 0.91520 0.00337 ( 3)
 111 S   0.21108 0.70976 0.01501 0.06415 ( 2)
 112 R   0.91225 0.01739 0.06874 0.00162 ( 1)
 113 S   0.00007 0.81071 0.00019 0.18903 ( 2)
 114 N   0.92084 0.01202 0.06603 0.00110 ( 1)
 115 N   0.89689 0.00250 0.10030 0.00031 ( 1)
 116 I   0.45768 0.35437 0.10617 0.08178 ( 1)
 117 I   0.78263 0.02942 0.18117 0.00678 ( 1)
 118 P   0.74146 0.07059 0.17169 0.01627 ( 1)
 119 T   0.75835 0.05370 0.17558 0.01237 ( 1)
 120 D   0.94786 0.00160 0.05041 0.00012 ( 1)
 121 L   0.89892 0.01109 0.08871 0.00128 ( 1)
 122 K   0.48722 0.04786 0.45351 0.01140 ( 1)
 123 Y   0.89149 0.02157 0.08447 0.00247 ( 1)
 124 E   0.12225 0.27083 0.54319 0.06372 ( 3)
 125 E   0.86042 0.08703 0.04584 0.00671 ( 1)
 126 F   0.87056 0.00235 0.12673 0.00037 ( 1)
 127 K   0.90204 0.01836 0.07770 0.00189 ( 1)
 128 Y   0.09082 0.00839 0.89678 0.00402 ( 3)
 129 K   0.80572 0.13390 0.04921 0.01118 ( 1)
 130 D   0.00032 0.47824 0.03259 0.48884 ( 4)
 131 Y   0.53074 0.32014 0.09165 0.05747 ( 1)
 132 L   0.00000 0.90021 0.00000 0.09979 ( 2)
 133 Q   0.45128 0.47781 0.02775 0.04317 ( 2)
 134 I   0.86625 0.00519 0.12774 0.00082 ( 1)
 135 I   0.92213 0.01414 0.06239 0.00134 ( 1)
 136 T   0.89147 0.04058 0.06426 0.00369 ( 1)
 137 M   0.04364 0.86864 0.00345 0.08427 ( 2)
 138 T   0.18805 0.71157 0.01862 0.08176 ( 2)
 139 L   0.00095 0.84604 0.00017 0.15285 ( 2)
 140 P   0.47656 0.45521 0.03069 0.03754 ( 1)
 141 A   0.00208 0.92215 0.00013 0.07564 ( 2)
 142 N   0.90353 0.03724 0.05611 0.00313 ( 1)
 143 T   0.90812 0.03828 0.05036 0.00324 ( 1)
 144 I   0.58744 0.27550 0.09170 0.04536 ( 1)
 145 I   0.41961 0.48339 0.04143 0.05556 ( 2)
 146 T   0.74714 0.18258 0.05362 0.01666 ( 1)
 147 I   0.79741 0.04478 0.14921 0.00860 ( 1)
 148 S   0.00020 0.87796 0.00003 0.12181 ( 2)
 149 M   0.01154 0.75072 0.04914 0.18860 ( 2)
 150 Q   0.00000 0.64548 0.00000 0.35452 ( 2)
 151 Q   0.28898 0.56641 0.04729 0.09732 ( 2)
 152 A   0.00004 0.92296 0.00000 0.07699 ( 2)
 153 T   0.00054 0.93296 0.00003 0.06647 ( 2)
 154 G   0.00007 0.92360 0.00000 0.07632 ( 2)
 155 L   0.00000 0.90691 0.00000 0.09309 ( 2)
 156 L   0.00327 0.88210 0.00037 0.11427 ( 2)
 157 N   0.94327 0.00584 0.05044 0.00045 ( 1)
 158 N   0.00264 0.91728 0.00017 0.07990 ( 2)
 159 Q   0.67501 0.26525 0.03735 0.02238 ( 1)
 160 L   0.71787 0.14151 0.11649 0.02413 ( 1)
 161 I   0.93790 0.00401 0.05772 0.00037 ( 1)
 162 I   0.81370 0.03900 0.14030 0.00700 ( 1)
 163 D   0.87606 0.01143 0.11093 0.00158 ( 1)
 164 R   0.92698 0.01436 0.05739 0.00128 ( 1)
 165 I   0.91278 0.02848 0.05615 0.00259 ( 1)
 166 E   0.93970 0.00219 0.05792 0.00018 ( 1)
 167 F   0.81561 0.05681 0.11874 0.00883 ( 1)
 168 Y   0.15633 0.72279 0.01864 0.10224 ( 2)
 169 P   0.92064 0.00609 0.07267 0.00059 ( 1)

