Supplemental results for CODEML (seqf: algn  treef: tree)


dN/dS (w) for site classes (K=4)

site class             0        1       2a       2b
proportion       0.58684  0.38300  0.01825  0.01191
background w     0.11394  1.00000  0.11394  1.00000
foreground w     0.11394  1.00000  1.00000  1.00000

Naive Empirical Bayes (NEB) probabilities for 4 classes
(amino acids refer to 1st sequence: BT_Cry68Aa1)

   1 P   0.66542 0.31262 0.01223 0.00972 ( 1)
   2 V   0.87297 0.10765 0.01603 0.00335 ( 1)
   3 V   0.94047 0.04425 0.01390 0.00138 ( 1)
   4 S   0.32651 0.64745 0.00590 0.02014 ( 2)
   5 Q   0.79960 0.17714 0.01775 0.00551 ( 1)
   6 L   0.94632 0.02795 0.02487 0.00087 ( 1)
   7 S   0.98544 0.00021 0.01435 0.00001 ( 1)
   8 R   0.95932 0.01722 0.02293 0.00054 ( 1)
   9 V   0.64787 0.32576 0.01624 0.01013 ( 1)
  10 I   0.98423 0.00086 0.01488 0.00003 ( 1)
  11 Y   0.98161 0.00087 0.01749 0.00003 ( 1)
  12 T   0.97787 0.00415 0.01786 0.00013 ( 1)
  13 D   0.98303 0.00096 0.01597 0.00003 ( 1)
  14 P   0.97402 0.00601 0.01978 0.00019 ( 1)
  15 V   0.97892 0.00603 0.01486 0.00019 ( 1)
  16 G   0.98380 0.00041 0.01578 0.00001 ( 1)
  17 A   0.90148 0.08096 0.01504 0.00252 ( 1)
  18 I   0.82242 0.15750 0.01518 0.00490 ( 1)
  19 R   0.40604 0.57029 0.00594 0.01774 ( 2)
  20 T   0.21615 0.75635 0.00397 0.02352 ( 2)
  21 D   0.22662 0.74552 0.00467 0.02319 ( 2)
  22 G   0.01620 0.94687 0.00748 0.02945 ( 2)
  23 -   0.58684 0.38300 0.01825 0.01191 ( 1)
  24 -   0.05913 0.91101 0.00152 0.02833 ( 2)
  25 -   0.00149 0.96665 0.00180 0.03006 ( 2)
  26 -   0.03643 0.91524 0.01986 0.02847 ( 2)
  27 R   0.00405 0.96554 0.00038 0.03003 ( 2)
  28 G   0.48731 0.38517 0.11554 0.01198 ( 1)
  29 W   0.89851 0.07507 0.02409 0.00233 ( 1)
  30 F   0.98317 0.00041 0.01641 0.00001 ( 1)
  31 D   0.02529 0.94317 0.00220 0.02933 ( 2)
  32 P   0.88916 0.08068 0.02765 0.00251 ( 1)
  33 P   0.05323 0.91661 0.00166 0.02851 ( 2)
  34 V   0.69023 0.27961 0.02147 0.00870 ( 1)
  35 G   0.00028 0.96955 0.00001 0.03016 ( 2)
  36 T   0.00433 0.96545 0.00019 0.03003 ( 2)
  37 D   0.98264 0.00298 0.01429 0.00009 ( 1)
  38 R   0.60467 0.36517 0.01881 0.01136 ( 1)
  39 I   0.64004 0.32980 0.01991 0.01026 ( 1)
  40 R   0.00631 0.96279 0.00096 0.02994 ( 2)
  41 V   0.98058 0.00403 0.01526 0.00013 ( 1)
  42 N   0.93075 0.05404 0.01353 0.00168 ( 1)
  43 F   0.98198 0.00135 0.01663 0.00004 ( 1)
  44 A   0.03764 0.93254 0.00082 0.02900 ( 2)
  45 S   0.01516 0.95475 0.00039 0.02969 ( 2)
  46 I   0.92812 0.04913 0.02122 0.00153 ( 1)
  47 E   0.98147 0.00094 0.01756 0.00003 ( 1)
  48 N   0.97576 0.00576 0.01830 0.00018 ( 1)
  49 E   0.24770 0.69277 0.03799 0.02155 ( 2)
  50 I   0.98220 0.00097 0.01680 0.00003 ( 1)
  51 P   0.98104 0.00169 0.01722 0.00005 ( 1)
  52 A   0.03158 0.93471 0.00464 0.02907 ( 2)
  53 P   0.97223 0.00971 0.01776 0.00030 ( 1)
  54 T   0.04690 0.91848 0.00605 0.02857 ( 2)
  55 T   0.15410 0.81650 0.00401 0.02539 ( 2)
  56 S   0.78901 0.18752 0.01764 0.00583 ( 1)
  57 R   0.10477 0.84587 0.02305 0.02631 ( 2)
  58 H   0.80561 0.17084 0.01824 0.00531 ( 1)
  59 L   0.95285 0.02399 0.02241 0.00075 ( 1)
  60 S   0.14861 0.80808 0.01818 0.02513 ( 2)
  61 E   0.54342 0.37798 0.06684 0.01176 ( 1)
  62 L   0.33498 0.63545 0.00980 0.01976 ( 2)
  63 T   0.00031 0.96921 0.00034 0.03014 ( 2)
  64 I   0.97363 0.00941 0.01667 0.00029 ( 1)
  65 S   0.89304 0.08182 0.02260 0.00254 ( 1)
  66 S   0.19202 0.78044 0.00326 0.02427 ( 2)
  67 G   0.96845 0.00790 0.02340 0.00025 ( 1)
  68 P   0.15556 0.81489 0.00420 0.02535 ( 2)
  69 L   0.98184 0.00074 0.01740 0.00002 ( 1)
  70 G   0.10562 0.82642 0.04226 0.02570 ( 2)
  71 F   0.54540 0.42874 0.01252 0.01333 ( 1)
  72 G   0.57900 0.39840 0.01021 0.01239 ( 1)
  73 I   0.79325 0.09780 0.10590 0.00304 ( 1)
  74 N   0.38612 0.58744 0.00817 0.01827 ( 2)
  75 P   0.98036 0.00225 0.01732 0.00007 ( 1)
  76 S   0.00274 0.96714 0.00004 0.03008 ( 2)
  77 -   0.34133 0.56600 0.07507 0.01760 ( 2)
  78 -   0.66694 0.31162 0.01174 0.00969 ( 1)
  79 R   0.97983 0.00237 0.01773 0.00007 ( 1)
  80 T   0.93734 0.04391 0.01739 0.00137 ( 1)
  81 H   0.22786 0.74279 0.00625 0.02310 ( 2)
  82 S   0.10440 0.86664 0.00200 0.02695 ( 2)
  83 W   0.89851 0.07507 0.02409 0.00233 ( 1)
  84 Q   0.64924 0.32891 0.01162 0.01023 ( 1)
  85 G   0.97473 0.00907 0.01592 0.00028 ( 1)
  86 N   0.98087 0.00432 0.01468 0.00013 ( 1)
  87 R   0.02362 0.94635 0.00060 0.02943 ( 2)
  88 N   0.98201 0.00325 0.01463 0.00010 ( 1)
  89 V   0.06555 0.89118 0.01555 0.02772 ( 2)
  90 N   0.82683 0.15333 0.01506 0.00477 ( 1)
  91 I   0.00697 0.95948 0.00371 0.02984 ( 2)
  92 S   0.00347 0.96580 0.00069 0.03004 ( 2)
  93 A   0.72404 0.25401 0.01405 0.00790 ( 1)
  94 P   0.06283 0.90770 0.00124 0.02823 ( 2)
  95 T   0.01038 0.95789 0.00194 0.02979 ( 2)
  96 D   0.80035 0.17653 0.01763 0.00549 ( 1)
  97 V   0.07276 0.89753 0.00179 0.02792 ( 2)
  98 -   0.67705 0.29278 0.02106 0.00911 ( 1)
  99 -   0.17876 0.79107 0.00556 0.02460 ( 2)
 100 -   0.63454 0.33530 0.01974 0.01043 ( 1)
 101 -   0.61133 0.35850 0.01901 0.01115 ( 1)
 102 -   0.64091 0.32892 0.01993 0.01023 ( 1)
 103 S   0.79946 0.08418 0.11374 0.00262 ( 1)
 104 G   0.94863 0.02579 0.02477 0.00080 ( 1)
 105 V   0.01146 0.95852 0.00021 0.02981 ( 2)
 106 I   0.04394 0.92590 0.00136 0.02880 ( 2)
 107 S   0.93592 0.04536 0.01730 0.00141 ( 1)
 108 N   0.45391 0.52321 0.00661 0.01627 ( 2)
 109 R   0.00276 0.96712 0.00004 0.03008 ( 2)
 110 T   0.01397 0.95428 0.00208 0.02968 ( 2)
 111 Q   0.39420 0.57910 0.00869 0.01801 ( 2)
 112 T   0.93580 0.03709 0.02596 0.00115 ( 1)
 113 I   0.98099 0.00407 0.01481 0.00013 ( 1)
 114 P   0.08931 0.87041 0.01321 0.02707 ( 2)
 115 A   0.96687 0.01702 0.01558 0.00053 ( 1)
 116 R   0.15583 0.81520 0.00361 0.02535 ( 2)
 117 N   0.95429 0.02772 0.01714 0.00086 ( 1)
 118 I   0.98307 0.00085 0.01606 0.00003 ( 1)
 119 F   0.97103 0.00589 0.02289 0.00018 ( 1)
 120 R   0.98107 0.00116 0.01773 0.00004 ( 1)
 121 V   0.58931 0.38741 0.01123 0.01205 ( 1)
 122 N   0.96441 0.02066 0.01430 0.00064 ( 1)
 123 S   0.96905 0.00875 0.02193 0.00027 ( 1)
 124 R   0.19939 0.77165 0.00496 0.02400 ( 2)
 125 V   0.98081 0.00380 0.01527 0.00012 ( 1)
 126 Y   0.07395 0.76579 0.13644 0.02382 ( 2)
 127 T   0.97881 0.00674 0.01423 0.00021 ( 1)
 128 L   0.96324 0.01409 0.02223 0.00044 ( 1)
 129 D   0.98380 0.00177 0.01437 0.00006 ( 1)
 130 W   0.00253 0.96734 0.00004 0.03009 ( 2)
 131 R   0.78428 0.19711 0.01248 0.00613 ( 1)
 132 L   0.04884 0.92127 0.00124 0.02865 ( 2)
 133 Y   0.87009 0.11129 0.01516 0.00346 ( 1)
 134 G   0.97846 0.00232 0.01914 0.00007 ( 1)
 135 V   0.98382 0.00077 0.01539 0.00002 ( 1)
 136 Y   0.27512 0.67016 0.03387 0.02084 ( 2)
 137 R   0.96076 0.02106 0.01752 0.00066 ( 1)
 138 A   0.98407 0.00062 0.01529 0.00002 ( 1)
 139 E   0.87787 0.10319 0.01573 0.00321 ( 1)
 140 F   0.98317 0.00041 0.01641 0.00001 ( 1)
 141 F   0.80298 0.13651 0.05626 0.00425 ( 1)
 142 Q   0.96515 0.01783 0.01646 0.00055 ( 1)
 143 D   0.05783 0.91259 0.00120 0.02838 ( 2)
 144 A   0.91274 0.07087 0.01418 0.00220 ( 1)
 145 S   0.98242 0.00318 0.01431 0.00010 ( 1)
 146 Q   0.91829 0.05963 0.02023 0.00185 ( 1)
 147 N   0.18046 0.78992 0.00505 0.02457 ( 2)
 148 S   0.97902 0.00270 0.01820 0.00008 ( 1)
 149 Q   0.53529 0.43843 0.01265 0.01364 ( 1)
 150 I   0.00024 0.96960 0.00000 0.03016 ( 2)
 151 R   0.02142 0.94849 0.00058 0.02950 ( 2)
 152 V   0.84357 0.02420 0.13148 0.00075 ( 1)
 153 F   0.88329 0.09776 0.01591 0.00304 ( 1)
 154 A   0.00267 0.96676 0.00051 0.03007 ( 2)
 155 E   0.15423 0.81732 0.00303 0.02542 ( 2)
 156 N   0.38720 0.58805 0.00647 0.01829 ( 2)
 157 P   0.51930 0.40346 0.06469 0.01255 ( 1)
 158 P   0.01482 0.88652 0.07109 0.02757 ( 2)
 159 T   0.94427 0.03734 0.01723 0.00116 ( 1)
 160 G   0.65869 0.27084 0.06204 0.00842 ( 1)
 161 A   0.06804 0.90220 0.00170 0.02806 ( 2)
 162 -   0.01618 0.94249 0.01202 0.02931 ( 2)
 163 -   0.16225 0.65511 0.16227 0.02038 ( 2)
 164 G   0.25562 0.66280 0.06097 0.02061 ( 2)
 165 A   0.26339 0.67835 0.03717 0.02110 ( 2)
 166 Q   0.00160 0.96825 0.00003 0.03011 ( 2)
 167 S   0.00512 0.96425 0.00064 0.02999 ( 2)
 168 A   0.00036 0.96947 0.00002 0.03015 ( 2)
 169 N   0.98515 0.00049 0.01434 0.00002 ( 1)
 170 N   0.05128 0.91921 0.00092 0.02859 ( 2)
 171 F   0.00261 0.96724 0.00006 0.03008 ( 2)
 172 R   0.85691 0.12281 0.01645 0.00382 ( 1)
 173 F   0.97728 0.00620 0.01633 0.00019 ( 1)
 174 L   0.09377 0.86002 0.01946 0.02675 ( 2)
 175 P   0.96718 0.00673 0.02589 0.00021 ( 1)
 176 G   0.97846 0.00232 0.01914 0.00007 ( 1)
 177 E   0.98147 0.00094 0.01756 0.00003 ( 1)
 178 N   0.95711 0.02810 0.01392 0.00087 ( 1)
 179 S   0.93779 0.03707 0.02399 0.00115 ( 1)
 180 D   0.00203 0.96774 0.00013 0.03010 ( 2)
 181 T   0.96045 0.02236 0.01649 0.00070 ( 1)
 182 P   0.97694 0.00312 0.01984 0.00010 ( 1)
 183 T   0.98146 0.00172 0.01677 0.00005 ( 1)
 184 P   0.97277 0.00724 0.01976 0.00023 ( 1)
 185 Q   0.14222 0.82886 0.00314 0.02578 ( 2)
 186 D   0.98429 0.00078 0.01491 0.00002 ( 1)
 187 Y   0.98161 0.00087 0.01749 0.00003 ( 1)
 188 T   0.98379 0.00092 0.01526 0.00003 ( 1)
 189 H   0.98190 0.00131 0.01676 0.00004 ( 1)
 190 L   0.33749 0.63690 0.00580 0.01981 ( 2)
 191 L   0.96535 0.01220 0.02207 0.00038 ( 1)
 192 S   0.98393 0.00141 0.01462 0.00004 ( 1)
 193 R   0.14079 0.82750 0.00597 0.02574 ( 2)
 194 V   0.04389 0.92235 0.00507 0.02869 ( 2)
 195 V   0.06316 0.89908 0.00979 0.02796 ( 2)
 196 N   0.98537 0.00030 0.01432 0.00001 ( 1)
 197 A   0.02483 0.94478 0.00101 0.02938 ( 2)
 198 T   0.95559 0.02411 0.01955 0.00075 ( 1)
 199 V   0.94337 0.03702 0.01846 0.00115 ( 1)
 200 G   0.97855 0.00223 0.01915 0.00007 ( 1)
 201 L   0.98184 0.00074 0.01740 0.00002 ( 1)
 202 T   0.20926 0.76188 0.00516 0.02370 ( 2)
 203 P   0.86380 0.11363 0.01903 0.00353 ( 1)
 204 A   0.78216 0.19652 0.01521 0.00611 ( 1)
 205 T   0.28670 0.68484 0.00716 0.02130 ( 2)
 206 G   0.00115 0.96870 0.00002 0.03013 ( 2)
 207 N   0.02064 0.90430 0.04693 0.02813 ( 2)
 208 Q   0.90397 0.07695 0.01669 0.00239 ( 1)
 209 R   0.98101 0.00094 0.01802 0.00003 ( 1)
 210 N   0.46612 0.50987 0.00816 0.01586 ( 2)
 211 S   0.98196 0.00085 0.01716 0.00003 ( 1)
 212 V   0.61678 0.35797 0.01411 0.01113 ( 1)
 213 L   0.88096 0.09929 0.01667 0.00309 ( 1)
 214 I   0.14838 0.80126 0.02544 0.02492 ( 2)
 215 F   0.27949 0.65093 0.04934 0.02025 ( 2)
 216 G   0.98380 0.00041 0.01578 0.00001 ( 1)
 217 W   0.89851 0.07507 0.02409 0.00233 ( 1)
 218 K   0.96247 0.01937 0.01756 0.00060 ( 1)
 219 H   0.98274 0.00048 0.01676 0.00001 ( 1)
 220 K   0.96762 0.01245 0.01954 0.00039 ( 1)


lnL = -3308.366527

