Supplemental results for CODEML (seqf: algn  treef: tree)


dN/dS (w) for site classes (K=4)

site class             0        1       2a       2b
proportion       0.40165  0.47347  0.05732  0.06756
background w     0.05962  0.59314  0.05962  0.59314
foreground w     0.05962  0.59314 18.11661 18.11661

Naive Empirical Bayes (NEB) probabilities for 4 classes
(amino acids refer to 1st sequence: BT_Cry43Aa1)

   1 -   0.83492 0.04020 0.11914 0.00574 ( 1)
   2 S   0.66485 0.21027 0.09487 0.03001 ( 1)
   3 A   0.06731 0.80781 0.00960 0.11528 ( 2)
   4 Q   0.85144 0.02368 0.12150 0.00338 ( 1)
   5 G   0.12704 0.74808 0.01813 0.10675 ( 2)
   6 E   0.37436 0.50076 0.05342 0.07146 ( 2)
   7 Q   0.21911 0.65601 0.03127 0.09361 ( 2)
   8 L   0.35971 0.51541 0.05133 0.07355 ( 2)
   9 F   0.00114 0.87398 0.00016 0.12472 ( 2)
  10 S   0.00004 0.87508 0.00001 0.12488 ( 2)
  11 F   0.06626 0.80886 0.00946 0.11543 ( 2)
  12 L   0.00009 0.87503 0.00001 0.12487 ( 2)
  13 L   0.76657 0.10855 0.10939 0.01549 ( 1)
  14 D   0.00830 0.86682 0.00118 0.12370 ( 2)
  15 T   0.00001 0.87511 0.00000 0.12488 ( 2)
  16 L   0.28198 0.59314 0.04024 0.08464 ( 2)
  17 W   0.05406 0.82106 0.00771 0.11717 ( 2)
  18 L   0.04595 0.82917 0.00656 0.11832 ( 2)
  19 E   0.00000 0.87512 0.00000 0.12488 ( 2)
  20 G   0.00011 0.87501 0.00002 0.12486 ( 2)
  21 N   0.32478 0.55034 0.04635 0.07853 ( 2)
  22 -   0.47217 0.40295 0.06738 0.05750 ( 1)
  23 -   0.45207 0.42305 0.06451 0.06037 ( 1)
  24 T   0.00896 0.86616 0.00128 0.12360 ( 2)
  25 Q   0.27148 0.60364 0.03874 0.08614 ( 2)
  26 W   0.36849 0.50663 0.05258 0.07230 ( 2)
  27 E   0.65283 0.22229 0.09316 0.03172 ( 1)
  28 E   0.00199 0.87313 0.00028 0.12460 ( 2)
  29 L   0.46709 0.40803 0.06665 0.05823 ( 1)
  30 M   0.99036 0.00305 0.00656 0.00002 ( 1)
  31 R   0.26424 0.72545 0.00239 0.00791 ( 2)
  32 H   0.68871 0.30321 0.00525 0.00282 ( 1)
  33 A   0.23605 0.74735 0.00329 0.01332 ( 2)
  34 E   0.98656 0.00191 0.01150 0.00003 ( 1)
  35 E   0.02305 0.96173 0.00027 0.01495 ( 2)
  36 L   0.84111 0.12035 0.03353 0.00501 ( 1)
  37 I   0.27291 0.01357 0.71062 0.00290 ( 3)
  38 N   0.91102 0.04230 0.04482 0.00185 ( 1)
  39 E   0.00011 0.97190 0.00000 0.02799 ( 2)
  40 Q   0.00001 0.58906 0.00011 0.41082 ( 2)
  41 V   0.96981 0.01775 0.01215 0.00029 ( 1)
  42 P   0.00578 0.97299 0.00009 0.02114 ( 2)
  43 D   0.00002 0.69837 0.00008 0.30153 ( 2)
  44 Y   0.00111 0.02403 0.88321 0.09165 ( 3)
  45 V   0.65838 0.33013 0.00717 0.00432 ( 1)
  46 R   0.98674 0.00422 0.00899 0.00005 ( 1)
  47 T   0.00007 0.18392 0.06047 0.75554 ( 4)
  48 K   0.03467 0.37238 0.28378 0.30917 ( 2)
  49 A   0.97862 0.01055 0.01069 0.00014 ( 1)
  50 L   0.91934 0.05761 0.02138 0.00167 ( 1)
  51 A   0.03681 0.40931 0.25305 0.30083 ( 2)
  52 E   0.98616 0.00229 0.01151 0.00003 ( 1)
  53 L   0.78648 0.19610 0.01352 0.00389 ( 1)
  54 T   0.00000 0.91918 0.00000 0.08081 ( 2)
  55 D   0.90298 0.08753 0.00852 0.00097 ( 1)
  56 L   0.96832 0.01518 0.01620 0.00029 ( 1)
  57 G   0.00218 0.01717 0.91768 0.06298 ( 3)
  58 N   0.84617 0.14352 0.00838 0.00193 ( 1)
  59 N   0.01559 0.96782 0.00019 0.01639 ( 2)
  60 L   0.03153 0.62315 0.12666 0.21866 ( 2)
  61 N   0.00000 0.58651 0.00002 0.41346 ( 2)
  62 L   0.00122 0.87134 0.00145 0.12599 ( 2)
  63 Y   0.98364 0.00427 0.01203 0.00006 ( 1)
  64 I   0.00006 0.59418 0.00048 0.40527 ( 2)
  65 A   0.00173 0.94784 0.00009 0.05034 ( 2)
  66 A   0.04954 0.61148 0.13402 0.20497 ( 2)
  67 F   0.03609 0.92361 0.00144 0.03887 ( 2)
  68 E   0.01234 0.72443 0.04517 0.21805 ( 2)
  69 D   0.19707 0.76690 0.00577 0.03026 ( 2)
  70 W   0.86044 0.10683 0.02896 0.00377 ( 1)
  71 K   0.03765 0.94753 0.00043 0.01439 ( 2)
  72 R   0.00001 0.23596 0.00201 0.76202 ( 4)
  73 N   0.00029 0.01224 0.70886 0.27861 ( 3)
  74 P   0.11434 0.19848 0.58926 0.09793 ( 3)
  75 S   0.00212 0.32827 0.06934 0.60028 ( 4)
  76 S   0.81837 0.16363 0.01408 0.00393 ( 1)
  77 Q   0.00008 0.69595 0.00009 0.30389 ( 2)
  78 E   0.00000 0.22793 0.00000 0.77206 ( 4)
  79 V   0.00000 0.57166 0.00000 0.42834 ( 2)
  80 R   0.07404 0.56461 0.22579 0.13557 ( 2)
  81 T   0.00000 0.83958 0.00000 0.16042 ( 2)
  82 R   0.00442 0.96452 0.00012 0.03095 ( 2)
  83 V   0.97868 0.00738 0.01381 0.00013 ( 1)
  84 I   0.07625 0.91207 0.00071 0.01097 ( 2)
  85 D   0.00000 0.98317 0.00000 0.01683 ( 2)
  86 R   0.00195 0.95418 0.00008 0.04380 ( 2)
  87 F   0.98310 0.00685 0.00995 0.00009 ( 1)
  88 N   0.00005 0.91070 0.00000 0.08925 ( 2)
  89 I   0.02536 0.29100 0.35955 0.32409 ( 3)
  90 L   0.43068 0.53563 0.01394 0.01976 ( 2)
  91 D   0.84801 0.13764 0.01192 0.00244 ( 1)
  92 G   0.00009 0.20715 0.00443 0.78833 ( 4)
  93 L   0.05391 0.93359 0.00053 0.01197 ( 2)
  94 F   0.98882 0.00142 0.00974 0.00002 ( 1)
  95 E   0.00178 0.95687 0.00006 0.04128 ( 2)
  96 A   0.00000 0.17295 0.00000 0.82704 ( 4)
  97 Y   0.00000 0.72910 0.00000 0.27089 ( 2)
  98 L   0.21619 0.77643 0.00143 0.00594 ( 2)
  99 P   0.97259 0.01680 0.01040 0.00020 ( 1)
 100 S   0.00000 0.40360 0.00008 0.59631 ( 4)
 101 F   0.98882 0.00142 0.00974 0.00002 ( 1)
 102 A   0.05460 0.51770 0.24110 0.18661 ( 2)
 103 V   0.00055 0.09842 0.52370 0.37732 ( 3)
 104 P   0.00000 0.94796 0.00000 0.05204 ( 2)
 105 G   0.00062 0.98198 0.00001 0.01739 ( 2)
 106 Y   0.68314 0.30402 0.00836 0.00448 ( 1)
 107 E   0.77409 0.21359 0.00901 0.00331 ( 1)
 108 V   0.98209 0.00408 0.01376 0.00007 ( 1)
 109 P   0.34530 0.60985 0.01560 0.02924 ( 2)
 110 L   0.96758 0.01592 0.01619 0.00030 ( 1)
 111 L   0.96392 0.01954 0.01617 0.00037 ( 1)
 112 S   0.03870 0.94742 0.00041 0.01346 ( 2)
 113 V   0.92038 0.04816 0.02981 0.00165 ( 1)
 114 Y   0.98364 0.00427 0.01203 0.00006 ( 1)
 115 A   0.98573 0.00349 0.01073 0.00005 ( 1)
 116 N   0.00003 0.97750 0.00000 0.02247 ( 2)
 117 V   0.94961 0.03947 0.01039 0.00052 ( 1)
 118 V   0.89558 0.06785 0.03388 0.00270 ( 1)
 119 N   0.98910 0.00100 0.00988 0.00001 ( 1)
 120 I   0.01076 0.97676 0.00012 0.01236 ( 2)
 121 H   0.98064 0.01114 0.00810 0.00012 ( 1)
 122 L   0.96060 0.02285 0.01611 0.00044 ( 1)
 123 L   0.69568 0.29381 0.00706 0.00345 ( 1)
 124 V   0.43072 0.55153 0.00721 0.01054 ( 2)
 125 L   0.96243 0.02066 0.01651 0.00041 ( 1)
 126 R   0.95993 0.01694 0.02271 0.00043 ( 1)
 127 D   0.98878 0.00139 0.00980 0.00002 ( 1)
 128 S   0.00015 0.95770 0.00001 0.04215 ( 2)
 129 S   0.00774 0.97984 0.00008 0.01234 ( 2)
 130 I   0.98438 0.00339 0.01218 0.00005 ( 1)
 131 Y   0.17008 0.81047 0.00268 0.01676 ( 2)
 132 G   0.98158 0.00593 0.01240 0.00009 ( 1)
 133 L   0.00000 0.91475 0.00000 0.08525 ( 2)
 134 D   0.00010 0.58992 0.00094 0.40904 ( 2)
 135 W   0.86044 0.10683 0.02896 0.00377 ( 1)
 136 G   0.94888 0.01875 0.03171 0.00066 ( 1)
 137 L   0.08718 0.76283 0.11032 0.03966 ( 2)
 138 S   0.00000 0.84809 0.00000 0.15190 ( 2)
 139 S   0.00001 0.98700 0.00000 0.01300 ( 2)
 140 T   0.00068 0.97746 0.00001 0.02184 ( 2)
 141 S   0.00000 0.79411 0.00000 0.20588 ( 2)
 142 V   0.17595 0.80819 0.00236 0.01350 ( 2)
 143 D   0.00523 0.96026 0.00017 0.03435 ( 2)
 144 N   0.03710 0.94695 0.00055 0.01540 ( 2)
 145 N   0.97945 0.01075 0.00966 0.00014 ( 1)
 146 Y   0.57686 0.38604 0.02179 0.01531 ( 1)
 147 N   0.00280 0.97996 0.00004 0.01720 ( 2)
 148 R   0.02600 0.94557 0.00055 0.02788 ( 2)
 149 Q   0.98213 0.00682 0.01096 0.00009 ( 1)
 150 Q   0.00064 0.76563 0.00029 0.23344 ( 2)
 151 R   0.03181 0.87043 0.00238 0.09538 ( 2)
 152 N   0.00036 0.97183 0.00001 0.02780 ( 2)
 153 S   0.01909 0.93955 0.00072 0.04064 ( 2)
 154 A   0.00571 0.97307 0.00011 0.02111 ( 2)
 155 T   0.00001 0.68866 0.00004 0.31129 ( 2)
 156 Y   0.98364 0.00427 0.01203 0.00006 ( 1)
 157 A   0.09409 0.89281 0.00102 0.01208 ( 2)
 158 N   0.97904 0.01114 0.00967 0.00015 ( 1)
 159 H   0.99074 0.00168 0.00756 0.00002 ( 1)
 160 C   0.95796 0.00621 0.03558 0.00025 ( 1)
 161 T   0.02703 0.95900 0.00032 0.01366 ( 2)
 162 T   0.60660 0.36633 0.01547 0.01159 ( 1)
 163 W   0.86044 0.10683 0.02896 0.00377 ( 1)
 164 Y   0.92279 0.06348 0.01260 0.00113 ( 1)
 165 Q   0.01065 0.96696 0.00018 0.02221 ( 2)
 166 T   0.34430 0.61779 0.00992 0.02799 ( 2)
 167 G   0.98617 0.00452 0.00926 0.00005 ( 1)
 168 L   0.96832 0.01518 0.01620 0.00029 ( 1)
 169 Q   0.00064 0.83091 0.00135 0.16709 ( 2)
 170 R   0.98601 0.00500 0.00894 0.00005 ( 1)
 171 L   0.94995 0.03305 0.01634 0.00066 ( 1)
 172 Q   0.02492 0.96306 0.00024 0.01178 ( 2)
 173 G   0.97246 0.01612 0.01120 0.00022 ( 1)
 174 S   0.03356 0.95188 0.00036 0.01419 ( 2)
 175 D   0.04856 0.93807 0.00048 0.01289 ( 2)
 176 A   0.98531 0.00416 0.01048 0.00005 ( 1)
 177 S   0.00002 0.98499 0.00000 0.01499 ( 2)
 178 S   0.01026 0.98109 0.00007 0.00858 ( 2)
 179 W   0.86044 0.10683 0.02896 0.00377 ( 1)
 180 V   0.00354 0.97282 0.00007 0.02357 ( 2)
 181 N   0.00161 0.94554 0.00009 0.05276 ( 2)
 182 Y   0.92009 0.06764 0.01126 0.00100 ( 1)
 183 N   0.98953 0.00070 0.00976 0.00001 ( 1)
 184 R   0.01882 0.96977 0.00017 0.01124 ( 2)
 185 F   0.97617 0.00535 0.01838 0.00011 ( 1)
 186 R   0.97552 0.01414 0.01018 0.00016 ( 1)
 187 R   0.97529 0.01518 0.00935 0.00018 ( 1)
 188 E   0.96530 0.02301 0.01133 0.00036 ( 1)
 189 I   0.96425 0.02913 0.00639 0.00022 ( 1)
 190 T   0.93634 0.03195 0.03061 0.00110 ( 1)
 191 L   0.41747 0.55415 0.01064 0.01774 ( 2)
 192 I   0.41287 0.57544 0.00442 0.00726 ( 2)
 193 V   0.98323 0.00300 0.01371 0.00005 ( 1)
 194 L   0.94405 0.03825 0.01691 0.00079 ( 1)
 195 D   0.98947 0.00071 0.00981 0.00001 ( 1)
 196 I   0.96745 0.00450 0.02791 0.00014 ( 1)
 197 C   0.00065 0.96252 0.00002 0.03681 ( 2)
 198 A   0.02688 0.95258 0.00051 0.02003 ( 2)
 199 L   0.93489 0.03940 0.02462 0.00110 ( 1)
 200 F   0.98882 0.00142 0.00974 0.00002 ( 1)
 201 S   0.76505 0.19463 0.03186 0.00846 ( 1)
 202 N   0.02046 0.80071 0.03782 0.14101 ( 2)


lnL = -3966.564209

