Supplemental results for CODEML (seqf: algn  treef: tree)


dN/dS (w) for site classes (K=4)

site class             0        1       2a       2b
proportion       0.76165  0.21652  0.01700  0.00483
background w     0.09636  1.00000  0.09636  1.00000
foreground w     0.09636  1.00000  1.00000  1.00000

Naive Empirical Bayes (NEB) probabilities for 4 classes
(amino acids refer to 1st sequence: BT_Cry8Ab1)

   1 P   0.87936 0.09880 0.01963 0.00221 ( 1)
   2 F   0.95389 0.02866 0.01680 0.00064 ( 1)
   3 A   0.88905 0.09287 0.01600 0.00207 ( 1)
   4 S   0.00366 0.97452 0.00007 0.02175 ( 2)
   5 Q   0.00008 0.97809 0.00000 0.02183 ( 2)
   6 I   0.98155 0.00181 0.01660 0.00004 ( 1)
   7 V   0.90997 0.07205 0.01638 0.00161 ( 1)
   8 S   0.01596 0.96227 0.00029 0.02148 ( 2)
   9 F   0.97971 0.00296 0.01726 0.00007 ( 1)
  10 Y   0.80742 0.17369 0.01501 0.00388 ( 1)
  11 N   0.94318 0.03948 0.01646 0.00088 ( 1)
  12 F   0.97856 0.00411 0.01724 0.00009 ( 1)
  13 I   0.92407 0.05817 0.01647 0.00130 ( 1)
  14 L   0.73620 0.24289 0.01549 0.00542 ( 1)
  15 D   0.94206 0.04083 0.01619 0.00091 ( 1)
  16 Q   0.96216 0.01761 0.01983 0.00039 ( 1)
  17 L   0.96477 0.01606 0.01881 0.00036 ( 1)
  18 W   0.91952 0.05993 0.01921 0.00134 ( 1)
  19 P   0.97588 0.00589 0.01810 0.00013 ( 1)
  20 S   0.97038 0.01097 0.01841 0.00024 ( 1)
  21 N   0.45861 0.52174 0.00800 0.01165 ( 2)
  22 S   0.05954 0.91884 0.00111 0.02051 ( 2)
  23 V   0.84341 0.13668 0.01686 0.00305 ( 1)
  24 S   0.07795 0.90051 0.00143 0.02010 ( 2)
  25 V   0.07896 0.89958 0.00138 0.02008 ( 2)
  26 W   0.91952 0.05993 0.01921 0.00134 ( 1)
  27 E   0.97943 0.00346 0.01703 0.00008 ( 1)
  28 Q   0.20415 0.77436 0.00421 0.01728 ( 2)
  29 I   0.97867 0.00381 0.01744 0.00008 ( 1)
  30 M   0.68453 0.18768 0.12360 0.00419 ( 1)
  31 T   0.34299 0.63587 0.00695 0.01419 ( 2)
  32 L   0.84792 0.13259 0.01653 0.00296 ( 1)
  33 V   0.95689 0.02345 0.01913 0.00052 ( 1)
  34 E   0.97943 0.00346 0.01703 0.00008 ( 1)
  35 E   0.35607 0.62382 0.00619 0.01392 ( 2)
  36 L   0.96605 0.01572 0.01788 0.00035 ( 1)
  37 V   0.68037 0.30106 0.01185 0.00672 ( 1)
  38 D   0.98077 0.00232 0.01686 0.00005 ( 1)
  39 Q   0.96968 0.01148 0.01859 0.00026 ( 1)
  40 K   0.97943 0.00326 0.01724 0.00007 ( 1)
  41 I   0.98155 0.00181 0.01660 0.00004 ( 1)
  42 T   0.97903 0.00339 0.01751 0.00008 ( 1)
  43 E   0.75546 0.22634 0.01314 0.00505 ( 1)
  44 Y   0.84676 0.13450 0.01574 0.00300 ( 1)
  45 A   0.95088 0.03178 0.01664 0.00071 ( 1)
  46 R   0.97131 0.01054 0.01792 0.00024 ( 1)
  47 N   0.95650 0.02622 0.01669 0.00059 ( 1)
  48 K   0.93572 0.04570 0.01756 0.00102 ( 1)
  49 A   0.96862 0.01411 0.01695 0.00031 ( 1)
  50 L   0.85599 0.12325 0.01801 0.00275 ( 1)
  51 A   0.36830 0.61139 0.00666 0.01365 ( 2)
  52 E   0.94287 0.03984 0.01640 0.00089 ( 1)
  53 L   0.78823 0.19245 0.01502 0.00430 ( 1)
  54 K   0.07628 0.90224 0.00134 0.02014 ( 2)
  55 G   0.97018 0.01105 0.01852 0.00025 ( 1)
  56 L   0.96444 0.01635 0.01885 0.00036 ( 1)
  57 G   0.97831 0.00397 0.01764 0.00009 ( 1)
  58 D   0.75880 0.22318 0.01304 0.00498 ( 1)
  59 A   0.89860 0.08329 0.01625 0.00186 ( 1)
  60 L   0.32353 0.65529 0.00656 0.01463 ( 2)
  61 G   0.00117 0.97481 0.00226 0.02176 ( 2)
  62 V   0.97863 0.00424 0.01704 0.00009 ( 1)
  63 Y   0.97386 0.00785 0.01811 0.00018 ( 1)
  64 Q   0.93415 0.04558 0.01926 0.00102 ( 1)
  65 Q   0.13067 0.84790 0.00250 0.01892 ( 2)
  66 S   0.97038 0.01097 0.01841 0.00024 ( 1)
  67 L   0.97555 0.00626 0.01805 0.00014 ( 1)
  68 E   0.58166 0.39931 0.01012 0.00891 ( 1)
  69 A   0.01293 0.96529 0.00023 0.02154 ( 2)
  70 W   0.91952 0.05993 0.01921 0.00134 ( 1)
  71 L   0.12814 0.85029 0.00260 0.01898 ( 2)
  72 E   0.94274 0.03997 0.01640 0.00089 ( 1)
  73 N   0.98045 0.00239 0.01711 0.00005 ( 1)
  74 R   0.52739 0.45127 0.01127 0.01007 ( 1)
  75 N   0.89932 0.08314 0.01569 0.00186 ( 1)
  76 D   0.96542 0.01518 0.01906 0.00034 ( 1)
  77 T   0.59372 0.38703 0.01062 0.00864 ( 1)
  78 R   0.97659 0.00527 0.01802 0.00012 ( 1)
  79 A   0.64867 0.33219 0.01173 0.00741 ( 1)
  80 R   0.97659 0.00527 0.01802 0.00012 ( 1)
  81 S   0.93199 0.04974 0.01715 0.00111 ( 1)
  82 V   0.97667 0.00563 0.01758 0.00013 ( 1)
  83 V   0.92867 0.05342 0.01672 0.00119 ( 1)
  84 S   0.00044 0.97773 0.00001 0.02182 ( 2)
  85 N   0.00740 0.97080 0.00013 0.02167 ( 2)
  86 Q   0.96968 0.01148 0.01859 0.00026 ( 1)
  87 F   0.94162 0.04088 0.01659 0.00091 ( 1)
  88 I   0.14741 0.56140 0.27865 0.01253 ( 2)
  89 A   0.97092 0.01127 0.01756 0.00025 ( 1)
  90 L   0.96295 0.01828 0.01835 0.00041 ( 1)
  91 E   0.56834 0.41268 0.00977 0.00921 ( 1)
  92 L   0.95310 0.02863 0.01764 0.00064 ( 1)
  93 D   0.98077 0.00232 0.01686 0.00005 ( 1)
  94 F   0.97971 0.00296 0.01726 0.00007 ( 1)
  95 V   0.97621 0.00608 0.01757 0.00014 ( 1)
  96 G   0.00036 0.97781 0.00001 0.02182 ( 2)
  97 A   0.01323 0.96500 0.00023 0.02154 ( 2)
  98 I   0.92987 0.05239 0.01657 0.00117 ( 1)
  99 P   0.97588 0.00589 0.01810 0.00013 ( 1)
 100 S   0.94030 0.03900 0.01982 0.00087 ( 1)
 101 F   0.97971 0.00296 0.01726 0.00007 ( 1)
 102 A   0.97987 0.00292 0.01715 0.00007 ( 1)
 103 V   0.67739 0.30402 0.01180 0.00679 ( 1)
 104 S   0.94624 0.03307 0.01995 0.00074 ( 1)
 105 G   0.08151 0.89683 0.00165 0.02002 ( 2)
 106 Q   0.93698 0.04275 0.01931 0.00095 ( 1)
 107 E   0.97897 0.00392 0.01703 0.00009 ( 1)
 108 V   0.97863 0.00424 0.01704 0.00009 ( 1)
 109 P   0.97588 0.00589 0.01810 0.00013 ( 1)
 110 L   0.96751 0.01374 0.01844 0.00031 ( 1)
 111 L   0.96751 0.01374 0.01844 0.00031 ( 1)
 112 A   0.61226 0.36879 0.01071 0.00823 ( 1)
 113 V   0.96949 0.01332 0.01689 0.00030 ( 1)
 114 Y   0.97339 0.00832 0.01810 0.00019 ( 1)
 115 A   0.97987 0.00292 0.01715 0.00007 ( 1)
 116 Q   0.77783 0.20164 0.01603 0.00450 ( 1)
 117 A   0.97632 0.00589 0.01765 0.00013 ( 1)
 118 V   0.86397 0.11617 0.01727 0.00259 ( 1)
 119 N   0.96018 0.02012 0.01925 0.00045 ( 1)
 120 M   0.02620 0.95208 0.00047 0.02125 ( 2)
 121 H   0.97201 0.00793 0.01989 0.00018 ( 1)
 122 L   0.96527 0.01597 0.01840 0.00036 ( 1)
 123 L   0.94258 0.03749 0.01910 0.00084 ( 1)
 124 L   0.96751 0.01374 0.01844 0.00031 ( 1)
 125 L   0.96477 0.01606 0.01881 0.00036 ( 1)
 126 R   0.97389 0.00796 0.01797 0.00018 ( 1)
 127 D   0.96542 0.01518 0.01906 0.00034 ( 1)
 128 A   0.97756 0.00466 0.01768 0.00010 ( 1)
 129 S   0.97209 0.00960 0.01810 0.00021 ( 1)
 130 I   0.92454 0.05770 0.01648 0.00129 ( 1)
 131 F   0.97971 0.00296 0.01726 0.00007 ( 1)
 132 G   0.97726 0.00501 0.01762 0.00011 ( 1)
 133 E   0.93720 0.04549 0.01630 0.00102 ( 1)
 134 E   0.80367 0.17673 0.01566 0.00394 ( 1)
 135 W   0.91952 0.05993 0.01921 0.00134 ( 1)
 136 G   0.97665 0.00562 0.01761 0.00013 ( 1)
 137 F   0.96826 0.01205 0.01942 0.00027 ( 1)
 138 T   0.10591 0.87272 0.00189 0.01948 ( 2)
 139 S   0.40644 0.57306 0.00771 0.01279 ( 2)
 140 S   0.00002 0.97814 0.00000 0.02183 ( 2)
 141 E   0.97943 0.00346 0.01703 0.00008 ( 1)
 142 I   0.97867 0.00381 0.01744 0.00008 ( 1)
 143 S   0.93629 0.04301 0.01974 0.00096 ( 1)
 144 T   0.01631 0.96192 0.00030 0.02147 ( 2)
 145 Y   0.70169 0.27734 0.01478 0.00619 ( 1)
 146 Y   0.96526 0.01409 0.02033 0.00031 ( 1)
 147 N   0.81066 0.16931 0.01625 0.00378 ( 1)
 148 R   0.96748 0.01343 0.01879 0.00030 ( 1)
 149 Q   0.96723 0.01392 0.01854 0.00031 ( 1)
 150 V   0.89386 0.08752 0.01666 0.00195 ( 1)
 151 Q   0.02069 0.95754 0.00040 0.02137 ( 2)
 152 L   0.79227 0.18689 0.01667 0.00417 ( 1)
 153 T   0.81670 0.16458 0.01505 0.00367 ( 1)
 154 S   0.32062 0.65871 0.00597 0.01470 ( 2)
 155 Q   0.83762 0.14313 0.01605 0.00319 ( 1)
 156 Y   0.97124 0.01047 0.01806 0.00023 ( 1)
 157 S   0.24208 0.69183 0.05065 0.01544 ( 2)
 158 D   0.98077 0.00232 0.01686 0.00005 ( 1)
 159 Y   0.97386 0.00785 0.01811 0.00018 ( 1)
 160 C   0.96698 0.01348 0.01924 0.00030 ( 1)
 161 V   0.97140 0.01027 0.01811 0.00023 ( 1)
 162 K   0.85794 0.12241 0.01693 0.00273 ( 1)
 163 W   0.91952 0.05993 0.01921 0.00134 ( 1)
 164 Y   0.95162 0.02772 0.02004 0.00062 ( 1)
 165 D   0.12526 0.83350 0.02264 0.01860 ( 2)
 166 T   0.95192 0.02897 0.01846 0.00065 ( 1)
 167 G   0.97516 0.00683 0.01786 0.00015 ( 1)
 168 L   0.96751 0.01374 0.01844 0.00031 ( 1)
 169 Q   0.00346 0.97409 0.00071 0.02174 ( 2)
 170 K   0.54782 0.43288 0.00964 0.00966 ( 1)
 171 L   0.73578 0.24473 0.01402 0.00546 ( 1)
 172 K   0.93665 0.04584 0.01649 0.00102 ( 1)
 173 G   0.42943 0.55042 0.00787 0.01229 ( 2)
 174 T   0.23945 0.73920 0.00485 0.01650 ( 2)
 175 S   0.06957 0.89508 0.01537 0.01998 ( 2)
 176 A   0.88942 0.09243 0.01608 0.00206 ( 1)
 177 E   0.55197 0.42773 0.01076 0.00955 ( 1)
 178 -   0.76165 0.21652 0.01700 0.00483 ( 1)
 179 -   0.76165 0.21652 0.01700 0.00483 ( 1)
 180 -   0.76165 0.21652 0.01700 0.00483 ( 1)
 181 -   0.76165 0.21652 0.01700 0.00483 ( 1)
 182 -   0.76165 0.21652 0.01700 0.00483 ( 1)
 183 -   0.76165 0.21652 0.01700 0.00483 ( 1)
 184 -   0.76165 0.21652 0.01700 0.00483 ( 1)
 185 -   0.76165 0.21652 0.01700 0.00483 ( 1)
 186 S   0.16736 0.78379 0.03136 0.01749 ( 2)
 187 W   0.91952 0.05993 0.01921 0.00134 ( 1)
 188 L   0.92362 0.05593 0.01919 0.00125 ( 1)
 189 E   0.28661 0.69235 0.00558 0.01545 ( 2)
 190 Y   0.97386 0.00785 0.01811 0.00018 ( 1)
 191 H   0.97693 0.00529 0.01766 0.00012 ( 1)
 192 Q   0.96968 0.01148 0.01859 0.00026 ( 1)
 193 F   0.96114 0.01916 0.01928 0.00043 ( 1)
 194 R   0.95067 0.02839 0.02031 0.00063 ( 1)
 195 R   0.97659 0.00527 0.01802 0.00012 ( 1)
 196 E   0.97438 0.00649 0.01899 0.00014 ( 1)
 197 M   0.97955 0.00281 0.01757 0.00006 ( 1)
 198 T   0.97783 0.00406 0.01802 0.00009 ( 1)
 199 F   0.28460 0.64024 0.06088 0.01429 ( 2)
 200 M   0.93774 0.04444 0.01682 0.00099 ( 1)
 201 V   0.97863 0.00424 0.01704 0.00009 ( 1)
 202 L   0.96560 0.01565 0.01841 0.00035 ( 1)
 203 D   0.98077 0.00232 0.01686 0.00005 ( 1)
 204 L   0.53367 0.44557 0.01082 0.00995 ( 1)
 205 V   0.86419 0.11763 0.01556 0.00263 ( 1)
 206 A   0.97336 0.00940 0.01703 0.00021 ( 1)
 207 L   0.96640 0.01485 0.01842 0.00033 ( 1)
 208 F   0.97847 0.00420 0.01724 0.00009 ( 1)
 209 P   0.97588 0.00589 0.01810 0.00013 ( 1)
 210 N   0.17744 0.80112 0.00356 0.01788 ( 2)


lnL = -2255.953466

