Supplemental results for CODEML (seqf: algn  treef: tree)


dN/dS (w) for site classes (K=4)

site class             0        1       2a       2b
proportion       0.19434  0.16997  0.33911  0.29658
background w     0.13705  0.93931  0.13705  0.93931
foreground w     0.13705  0.93931  0.00000  0.00000

Naive Empirical Bayes (NEB) probabilities for 4 classes
(amino acids refer to 1st sequence: BT_Cry19Ba1)

   1 E   0.09617 0.28942 0.14188 0.47253 ( 4)
   2 -   0.19434 0.16997 0.33911 0.29658 ( 3)
   3 -   0.19434 0.16997 0.33911 0.29658 ( 3)
   4 V   0.19295 0.14574 0.34753 0.31378 ( 3)
   5 G   0.28576 0.06517 0.51238 0.13668 ( 3)
   6 P   0.00489 0.32496 0.00872 0.66143 ( 4)
   7 L   0.12538 0.21010 0.22475 0.43977 ( 4)
   8 L   0.35496 0.00410 0.63268 0.00825 ( 3)
   9 S   0.33696 0.01774 0.60693 0.03837 ( 3)
  10 W   0.05588 0.29728 0.09831 0.54853 ( 4)
  11 M   0.05452 0.27176 0.09793 0.57580 ( 4)
  12 V   0.00268 0.31501 0.00483 0.67748 ( 4)
  13 S   0.00312 0.32152 0.00558 0.66978 ( 4)
  14 L   0.05311 0.28347 0.09462 0.56880 ( 4)
  15 F   0.27993 0.06712 0.50558 0.14737 ( 3)
  16 W   0.31881 0.04219 0.56101 0.07799 ( 3)
  17 P   0.35658 0.00229 0.63648 0.00465 ( 3)
  18 T   0.00528 0.31443 0.00949 0.67080 ( 4)
  19 I   0.00028 0.31508 0.00051 0.68413 ( 4)
  20 -   0.28978 0.07452 0.50566 0.13004 ( 3)
  21 -   0.28375 0.08055 0.49513 0.14056 ( 3)
  22 -   0.25736 0.10695 0.44907 0.18662 ( 3)
  23 E   0.02226 0.81895 0.00281 0.15598 ( 2)
  24 E   0.00010 0.31658 0.00018 0.68315 ( 4)
  25 K   0.00483 0.31234 0.00871 0.67411 ( 4)
  26 N   0.34459 0.00906 0.62578 0.02057 ( 3)
  27 T   0.00287 0.31650 0.00515 0.67548 ( 4)
  28 V   0.32642 0.02761 0.58704 0.05892 ( 3)
  29 W   0.31881 0.04219 0.56101 0.07799 ( 3)
  30 E   0.14432 0.18764 0.26045 0.40759 ( 4)
  31 D   0.00146 0.30525 0.00264 0.69065 ( 4)
  32 M   0.00724 0.31247 0.01301 0.66729 ( 4)
  33 I   0.33150 0.02199 0.59849 0.04802 ( 3)
  34 K   0.35394 0.00579 0.62884 0.01142 ( 3)
  35 Y   0.00735 0.31492 0.01319 0.66455 ( 4)
  36 V   0.15876 0.17616 0.28595 0.37913 ( 4)
  37 A   0.29978 0.05177 0.53857 0.10988 ( 3)
  38 N   0.34555 0.00863 0.62643 0.01939 ( 3)
  39 L   0.34105 0.02102 0.59940 0.03853 ( 3)
  40 L   0.35787 0.00379 0.63121 0.00712 ( 3)
  41 K   0.00002 0.31489 0.00004 0.68504 ( 4)
  42 Q   0.01614 0.31600 0.02878 0.63908 ( 4)
  43 E   0.04233 0.27711 0.07640 0.60416 ( 4)
  44 L   0.03887 0.29613 0.06929 0.59571 ( 4)
  45 T   0.00009 0.31898 0.00017 0.68076 ( 4)
  46 N   0.00009 0.30647 0.00017 0.69326 ( 4)
  47 D   0.00036 0.79081 0.00005 0.20877 ( 2)
  48 T   0.03701 0.28602 0.06656 0.61042 ( 4)
  49 L   0.12809 0.20852 0.22945 0.43394 ( 4)
  50 N   0.00018 0.33992 0.00032 0.65959 ( 4)
  51 R   0.03586 0.30128 0.06380 0.59905 ( 4)
  52 A   0.36145 0.00120 0.63516 0.00219 ( 3)
  53 T   0.34585 0.01068 0.62097 0.02250 ( 3)
  54 S   0.00119 0.31581 0.00215 0.68084 ( 4)
  55 N   0.32912 0.02236 0.59773 0.05079 ( 3)
  56 L   0.32982 0.02733 0.58787 0.05498 ( 3)
  57 S   0.00470 0.40141 0.00809 0.58581 ( 4)
  58 G   0.25286 0.10068 0.44899 0.19746 ( 3)
  59 L   0.34882 0.00977 0.62174 0.01966 ( 3)
  60 N   0.00107 0.30666 0.00194 0.69033 ( 4)
  61 E   0.14212 0.18913 0.25648 0.41227 ( 4)
  62 S   0.02272 0.30386 0.04070 0.63273 ( 4)
  63 L   0.34353 0.01705 0.60702 0.03240 ( 3)
  64 N   0.00002 0.31351 0.00003 0.68645 ( 4)
  65 I   0.10049 0.22327 0.18182 0.49442 ( 4)
  66 Y   0.35647 0.00112 0.64006 0.00236 ( 3)
  67 N   0.35442 0.00592 0.62817 0.01149 ( 3)
  68 R   0.23087 0.12417 0.40816 0.23680 ( 3)
  69 A   0.12214 0.21355 0.21898 0.44534 ( 4)
  70 L   0.35161 0.01093 0.61753 0.01993 ( 3)
  71 A   0.33606 0.01926 0.60378 0.04090 ( 3)
  72 A   0.00034 0.33467 0.00060 0.66440 ( 4)
  73 W   0.31881 0.04219 0.56101 0.07799 ( 3)
  74 K   0.02289 0.29366 0.04133 0.64212 ( 4)
  75 Q   0.00000 0.33243 0.00000 0.66756 ( 4)
  76 -   0.19434 0.16997 0.33911 0.29658 ( 3)
  77 N   0.00208 0.30432 0.00377 0.68983 ( 4)
  78 K   0.00059 0.31333 0.00107 0.68500 ( 4)
  79 N   0.01300 0.30359 0.02352 0.65988 ( 4)
  80 N   0.00008 0.30740 0.00015 0.69236 ( 4)
  81 F   0.01468 0.33023 0.02595 0.62915 ( 4)
  82 A   0.01342 0.30823 0.02411 0.65424 ( 4)
  83 S   0.02707 0.29229 0.04877 0.63187 ( 4)
  84 -   0.19434 0.16997 0.33911 0.29658 ( 3)
  85 -   0.28694 0.07737 0.50069 0.13500 ( 3)
  86 G   0.28277 0.06839 0.50656 0.14229 ( 3)
  87 E   0.01356 0.30256 0.02447 0.65940 ( 4)
  88 L   0.00319 0.32044 0.00571 0.67066 ( 4)
  89 I   0.09455 0.61999 0.01177 0.27369 ( 2)
  90 R   0.32741 0.03197 0.57930 0.06132 ( 3)
  91 S   0.00015 0.92858 0.00000 0.07126 ( 2)
  92 Y   0.00194 0.31979 0.00349 0.67477 ( 4)
  93 I   0.35106 0.00430 0.63515 0.00950 ( 3)
  94 N   0.00035 0.30554 0.00064 0.69346 ( 4)
  95 D   0.04632 0.26712 0.08405 0.60250 ( 4)
  96 L   0.35692 0.00106 0.63982 0.00221 ( 3)
  97 H   0.35531 0.00138 0.64030 0.00300 ( 3)
  98 I   0.09480 0.22834 0.17154 0.50532 ( 4)
  99 L   0.00007 0.35422 0.00012 0.64559 ( 4)
 100 F   0.35603 0.00030 0.64301 0.00066 ( 3)
 101 T   0.00029 0.32167 0.00052 0.67752 ( 4)
 102 R   0.00000 0.32483 0.00000 0.67516 ( 4)
 103 D   0.01512 0.29351 0.02744 0.66392 ( 4)
 104 I   0.35595 0.00045 0.64263 0.00097 ( 3)
 105 Q   0.26525 0.08662 0.47303 0.17510 ( 3)
 106 S   0.00104 0.33471 0.00184 0.66241 ( 4)
 107 D   0.26838 0.07501 0.48702 0.16959 ( 3)
 108 F   0.34694 0.01370 0.61324 0.02611 ( 3)
 109 S   0.02438 0.31257 0.04336 0.61969 ( 4)
 110 L   0.09000 0.24892 0.16041 0.50067 ( 4)
 111 G   0.00002 0.32770 0.00003 0.67225 ( 4)
 112 G   0.06380 0.26834 0.11421 0.55365 ( 4)
 113 Y   0.35608 0.00147 0.63935 0.00310 ( 3)
 114 E   0.34956 0.00616 0.63086 0.01343 ( 3)
 115 T   0.00250 0.42610 0.00415 0.56725 ( 4)
 116 V   0.35442 0.00273 0.63703 0.00581 ( 3)
 117 L   0.35496 0.00410 0.63268 0.00825 ( 3)
 118 L   0.35350 0.00545 0.63007 0.01097 ( 3)
 119 P   0.35660 0.00227 0.63652 0.00461 ( 3)
 120 S   0.29823 0.05725 0.53063 0.11389 ( 3)
 121 Y   0.35585 0.00167 0.63895 0.00353 ( 3)
 122 A   0.29085 0.05974 0.52256 0.12685 ( 3)
 123 S   0.32880 0.02497 0.59223 0.05400 ( 3)
 124 A   0.31580 0.03741 0.56738 0.07942 ( 3)
 125 A   0.33661 0.02540 0.59149 0.04650 ( 3)
 126 N   0.35337 0.00148 0.64177 0.00337 ( 3)
 127 L   0.34552 0.01135 0.61939 0.02375 ( 3)
 128 H   0.35618 0.00062 0.64186 0.00134 ( 3)
 129 L   0.35110 0.00767 0.62580 0.01543 ( 3)
 130 L   0.29544 0.05724 0.52889 0.11843 ( 3)
 131 L   0.35481 0.00629 0.62696 0.01195 ( 3)
 132 L   0.35228 0.00658 0.62790 0.01324 ( 3)
 133 R   0.34829 0.01061 0.61991 0.02119 ( 3)
 134 D   0.35421 0.00090 0.64284 0.00204 ( 3)
 135 V   0.35175 0.00519 0.63207 0.01099 ( 3)
 136 A   0.03062 0.29301 0.05501 0.62136 ( 4)
 137 I   0.35127 0.00460 0.63413 0.01000 ( 3)
 138 Y   0.33095 0.03096 0.58149 0.05661 ( 3)
 139 G   0.35632 0.00199 0.63758 0.00412 ( 3)
 140 K   0.08271 0.24090 0.14936 0.52704 ( 4)
 141 E   0.03475 0.28396 0.06271 0.61859 ( 4)
 142 -   0.21896 0.14535 0.38207 0.25362 ( 3)
 143 -   0.19979 0.16452 0.34862 0.28708 ( 3)
 144 -   0.21123 0.15308 0.36858 0.26712 ( 3)
 145 -   0.21858 0.14573 0.38140 0.25429 ( 3)
 146 -   0.21445 0.14986 0.37420 0.26149 ( 3)
 147 -   0.21896 0.14535 0.38207 0.25362 ( 3)
 148 -   0.22255 0.14176 0.38833 0.24737 ( 3)
 149 -   0.19928 0.16503 0.34773 0.28797 ( 3)
 150 L   0.35182 0.00701 0.62707 0.01410 ( 3)
 151 G   0.31710 0.03764 0.56741 0.07785 ( 3)
 152 Y   0.35185 0.00527 0.63175 0.01112 ( 3)
 153 P   0.00001 0.33221 0.00001 0.66777 ( 4)
 154 S   0.00149 0.57213 0.00021 0.42617 ( 2)
 155 T   0.00006 0.97615 0.00000 0.02379 ( 2)
 156 D   0.00077 0.34027 0.00136 0.65760 ( 4)
 157 V   0.29974 0.05146 0.53920 0.10960 ( 3)
 158 E   0.00126 0.33912 0.00222 0.65740 ( 4)
 159 F   0.00753 0.30628 0.01359 0.67260 ( 4)
 160 Y   0.35657 0.00103 0.64023 0.00217 ( 3)
 161 Y   0.31616 0.03735 0.56767 0.07883 ( 3)
 162 N   0.00059 0.31150 0.00106 0.68685 ( 4)
 163 E   0.35901 0.00119 0.63745 0.00235 ( 3)
 164 Q   0.18014 0.16499 0.32125 0.33362 ( 4)
 165 K   0.08995 0.25253 0.15980 0.49772 ( 4)
 166 Y   0.00000 0.36407 0.00000 0.63593 ( 4)
 167 Y   0.35045 0.00653 0.62924 0.01378 ( 3)
 168 T   0.26154 0.08556 0.47029 0.18261 ( 3)
 169 E   0.03077 0.28736 0.05553 0.62633 ( 4)
 170 K   0.00019 0.31448 0.00034 0.68500 ( 4)
 171 Y   0.34945 0.00742 0.62745 0.01567 ( 3)
 172 S   0.31466 0.03751 0.56675 0.08108 ( 3)
 173 N   0.24093 0.09827 0.43757 0.22323 ( 3)
 174 Y   0.20736 0.13606 0.37175 0.28482 ( 3)
 175 C   0.35239 0.00549 0.63074 0.01138 ( 3)
 176 V   0.14010 0.19272 0.25234 0.41485 ( 4)
 177 N   0.06108 0.25329 0.11093 0.57471 ( 4)
 178 T   0.31778 0.04181 0.56123 0.07918 ( 3)
 179 Y   0.30397 0.05726 0.53407 0.10470 ( 3)
 180 K   0.34612 0.00932 0.62430 0.02026 ( 3)
 181 S   0.00670 0.89871 0.00007 0.09452 ( 2)
 182 G   0.17325 0.16662 0.31065 0.34947 ( 4)
 183 L   0.34742 0.01109 0.61920 0.02229 ( 3)
 184 E   0.05304 0.27027 0.09551 0.58119 ( 4)
 185 S   0.08607 0.43344 0.08338 0.39711 ( 2)
 186 K   0.38103 0.46402 0.01588 0.13907 ( 2)
 187 K   0.35568 0.00063 0.64229 0.00139 ( 3)
 188 Q   0.09372 0.24455 0.16714 0.49458 ( 4)
 189 I   0.35213 0.00358 0.63642 0.00787 ( 3)
 190 G   0.29210 0.06038 0.52266 0.12486 ( 3)
 191 W   0.31881 0.04219 0.56101 0.07799 ( 3)
 192 S   0.00539 0.32969 0.00959 0.65532 ( 4)
 193 D   0.00219 0.30732 0.00397 0.68652 ( 4)
 194 F   0.34320 0.01159 0.61977 0.02544 ( 3)
 195 N   0.35218 0.00251 0.63961 0.00570 ( 3)
 196 R   0.14417 0.20656 0.25491 0.39436 ( 4)
 197 Y   0.35657 0.00103 0.64023 0.00217 ( 3)
 198 R   0.35539 0.00419 0.63210 0.00832 ( 3)
 199 R   0.35567 0.00197 0.63821 0.00415 ( 3)
 200 E   0.00143 0.31437 0.00257 0.68164 ( 4)
 201 M   0.35686 0.00051 0.64155 0.00108 ( 3)
 202 T   0.35574 0.00147 0.63966 0.00314 ( 3)
 203 L   0.34046 0.01752 0.60679 0.03523 ( 3)
 204 S   0.06345 0.29247 0.11142 0.53266 ( 4)
 205 V   0.36283 0.00645 0.62105 0.00967 ( 3)
 206 L   0.35441 0.00461 0.63169 0.00928 ( 3)
 207 D   0.35508 0.00016 0.64441 0.00035 ( 3)
 208 I   0.16835 0.16462 0.30452 0.36252 ( 4)
 209 V   0.35159 0.00807 0.62455 0.01579 ( 3)
 210 A   0.34924 0.00777 0.62667 0.01632 ( 3)
 211 L   0.32933 0.02778 0.58700 0.05589 ( 3)
 212 F   0.35467 0.00634 0.62690 0.01209 ( 3)
 213 P   0.35658 0.00229 0.63648 0.00465 ( 3)
 214 L   0.01354 0.33985 0.02380 0.62281 ( 4)


lnL = -3774.211776

