Supplemental results for CODEML (seqf: algn  treef: tree)


dN/dS (w) for site classes (K=4)

site class             0        1       2a       2b
proportion       0.32307  0.43196  0.10482  0.14015
background w     0.05901  0.49545  0.05901  0.49545
foreground w     0.05901  0.49545 999.00000 999.00000

Naive Empirical Bayes (NEB) probabilities for 4 classes
(amino acids refer to 1st sequence: BT_Cry7Cb1)

   1 -   0.33624 0.41879 0.10910 0.13588 ( 2)
   2 -   0.08583 0.66920 0.02785 0.21713 ( 2)
   3 -   0.61892 0.13611 0.20081 0.04416 ( 1)
   4 K   0.58709 0.38312 0.01587 0.01392 ( 1)
   5 I   0.94789 0.02096 0.03013 0.00102 ( 1)
   6 S   0.03070 0.70453 0.00794 0.25683 ( 2)
   7 Q   0.78754 0.18379 0.02306 0.00561 ( 1)
   8 L   0.66292 0.29898 0.02543 0.01267 ( 1)
   9 Y   0.19552 0.77087 0.00593 0.02768 ( 2)
  10 A   0.00289 0.64975 0.01578 0.33158 ( 2)
  11 V   0.95635 0.01441 0.02860 0.00064 ( 1)
  12 K   0.95356 0.02132 0.02438 0.00073 ( 1)
  13 A   0.00095 0.64940 0.00616 0.34349 ( 2)
  14 Y   0.00088 0.04367 0.34623 0.60923 ( 4)
  15 T   0.00001 0.00627 0.85202 0.14170 ( 3)
  16 T   0.07500 0.29974 0.15924 0.46602 ( 4)
  17 -   0.04568 0.70935 0.01482 0.23015 ( 2)
  18 S   0.00158 0.39540 0.00369 0.59933 ( 4)
  19 N   0.72606 0.24130 0.02242 0.01022 ( 1)
  20 V   0.30736 0.51886 0.05924 0.11454 ( 2)
  21 S   0.92011 0.05807 0.02035 0.00147 ( 1)
  22 V   0.95787 0.01296 0.02859 0.00058 ( 1)
  23 V   0.00127 0.59260 0.04307 0.36306 ( 2)
  24 G   0.00099 0.57555 0.00665 0.41681 ( 2)
  25 G   0.87465 0.01386 0.10971 0.00177 ( 1)
  26 P   0.96925 0.01228 0.01822 0.00026 ( 1)
  27 G   0.95708 0.01767 0.02470 0.00055 ( 1)
  28 F   0.97377 0.00582 0.02025 0.00016 ( 1)
  29 L   0.41255 0.54515 0.01767 0.02463 ( 2)
  30 G   0.94992 0.02478 0.02453 0.00077 ( 1)
  31 G   0.95708 0.01767 0.02470 0.00055 ( 1)
  32 N   0.97157 0.00482 0.02342 0.00019 ( 1)
  33 I   0.80802 0.15647 0.02745 0.00807 ( 1)
  34 I   0.22732 0.72633 0.00814 0.03822 ( 2)
  35 K   0.80863 0.16472 0.02067 0.00598 ( 1)
  36 G   0.04176 0.17613 0.66786 0.11425 ( 3)
  37 N   0.37605 0.58798 0.01083 0.02514 ( 2)
  38 N   0.03880 0.48216 0.24011 0.23893 ( 2)
  39 D   0.01048 0.95073 0.00030 0.03849 ( 2)
  40 P   0.12111 0.29160 0.12035 0.46694 ( 4)
  41 A   0.00042 0.59825 0.00029 0.40104 ( 2)
  42 S   0.00006 0.04029 0.31112 0.64852 ( 4)
  43 Y   0.00596 0.96164 0.00017 0.03223 ( 2)
  44 T   0.00000 0.02981 0.01881 0.95137 ( 4)
  45 G   0.00670 0.95725 0.00021 0.03584 ( 2)
  46 S   0.06050 0.88766 0.00242 0.04942 ( 2)
  47 V   0.63684 0.26094 0.07208 0.03013 ( 1)
  48 S   0.00003 0.17840 0.00720 0.81437 ( 4)
  49 W   0.00120 0.09010 0.37980 0.52889 ( 4)
  50 A   0.07797 0.59012 0.14434 0.18757 ( 2)
  51 I   0.52842 0.43052 0.01785 0.02322 ( 1)
  52 R   0.51620 0.45766 0.01172 0.01442 ( 1)
  53 L   0.52743 0.39153 0.04639 0.03465 ( 1)
  54 D   0.00699 0.95557 0.00018 0.03726 ( 2)
  55 G   0.01003 0.96153 0.00022 0.02822 ( 2)
  56 -   0.32307 0.43196 0.10482 0.14015 ( 2)
  57 S   0.00388 0.78409 0.00336 0.20866 ( 2)
  58 T   0.00001 0.01114 0.17206 0.81680 ( 4)
  59 V   0.01889 0.73614 0.00613 0.23885 ( 2)
  60 S   0.00169 0.96576 0.00004 0.03251 ( 2)
  61 R   0.00000 0.01288 0.53205 0.45507 ( 3)
  62 F   0.76460 0.15643 0.06542 0.01355 ( 1)
  63 R   0.96285 0.01782 0.01896 0.00037 ( 1)
  64 L   0.16692 0.39011 0.29228 0.15069 ( 2)
  65 R   0.96967 0.00918 0.02090 0.00025 ( 1)
  66 I   0.95757 0.01139 0.03047 0.00057 ( 1)
  67 P   0.69773 0.28199 0.01405 0.00623 ( 1)
  68 Y   0.96583 0.01192 0.02193 0.00032 ( 1)
  69 A   0.96625 0.00904 0.02437 0.00033 ( 1)
  70 A   0.85192 0.11832 0.02497 0.00480 ( 1)
  71 E   0.03956 0.92260 0.00128 0.03657 ( 2)
  72 T   0.75488 0.21228 0.02337 0.00947 ( 1)
  73 D   0.53738 0.43589 0.01200 0.01473 ( 1)
  74 G   0.00165 0.87221 0.00024 0.12590 ( 2)
  75 T   0.00006 0.28655 0.04128 0.67210 ( 4)
  76 F   0.96263 0.01680 0.02013 0.00044 ( 1)
  77 S   0.00008 0.16281 0.01600 0.82111 ( 4)
  78 I   0.08543 0.86568 0.00311 0.04578 ( 2)
  79 T   0.43959 0.52668 0.01197 0.02176 ( 2)
  80 V   0.08912 0.62199 0.12480 0.16409 ( 2)
  81 R   0.43537 0.49911 0.02991 0.03561 ( 2)
  82 D   0.43948 0.50096 0.02733 0.03224 ( 2)
  83 D   0.00089 0.62721 0.02485 0.34704 ( 2)
  84 L   0.00078 0.50803 0.00816 0.48303 ( 2)
  85 G   0.84968 0.02602 0.12059 0.00371 ( 1)
  86 P   0.14274 0.83374 0.00293 0.02059 ( 2)
  87 F   0.00001 0.67981 0.00009 0.32010 ( 2)
  88 T   0.14419 0.81329 0.00507 0.03746 ( 2)
  89 I   0.43322 0.52283 0.01577 0.02818 ( 2)
  90 K   0.02694 0.72466 0.01169 0.23671 ( 2)
  91 K   0.00001 0.48122 0.00023 0.51854 ( 4)
  92 D   0.00001 0.62970 0.00013 0.37016 ( 2)
  93 F   0.54730 0.42900 0.01142 0.01228 ( 1)
  94 I   0.00224 0.71162 0.02953 0.25662 ( 2)
  95 A   0.11654 0.84119 0.00440 0.03788 ( 2)
  96 T   0.95827 0.01190 0.02933 0.00050 ( 1)
  97 M   0.97969 0.00718 0.01302 0.00010 ( 1)
  98 K   0.00082 0.31398 0.07276 0.61244 ( 4)
  99 P   0.00574 0.84009 0.00106 0.15311 ( 2)
 100 G   0.95708 0.01767 0.02470 0.00055 ( 1)
 101 D   0.07173 0.89330 0.00176 0.03322 ( 2)
 102 P   0.16353 0.81496 0.00311 0.01840 ( 2)
 103 L   0.92679 0.03816 0.03353 0.00152 ( 1)
 104 S   0.73975 0.21764 0.03225 0.01037 ( 1)
 105 Y   0.87777 0.09957 0.01993 0.00272 ( 1)
 106 G   0.05011 0.57882 0.02660 0.34447 ( 2)
 107 K   0.04487 0.91775 0.00127 0.03612 ( 2)
 108 F   0.01700 0.01031 0.96488 0.00781 ( 3)
 109 E   0.29953 0.52370 0.07269 0.10408 ( 2)
 110 Y   0.81145 0.16510 0.01868 0.00478 ( 1)
 111 L   0.06296 0.61026 0.12701 0.19977 ( 2)
 112 E   0.02594 0.93688 0.00085 0.03633 ( 2)
 113 F   0.79925 0.10283 0.08694 0.01099 ( 1)
 114 E   0.00074 0.84255 0.00017 0.15654 ( 2)
 115 Q   0.02949 0.77063 0.00577 0.19411 ( 2)
 116 T   0.59824 0.28823 0.07487 0.03867 ( 1)
 117 M   0.02484 0.35488 0.14082 0.47946 ( 4)
 118 S   0.00116 0.80970 0.00368 0.18546 ( 2)
 119 L   0.00063 0.01267 0.92065 0.06604 ( 3)
 120 N   0.00022 0.42870 0.00521 0.56586 ( 4)
 121 N   0.00009 0.03016 0.85703 0.11272 ( 3)
 122 K   0.00000 0.01650 0.00622 0.97727 ( 4)
 123 H   0.00517 0.97343 0.00009 0.02131 ( 2)
 124 G   0.56404 0.41299 0.01136 0.01161 ( 1)
 125 Q   0.00001 0.03366 0.01982 0.94651 ( 4)
 126 F   0.22305 0.74943 0.00518 0.02234 ( 2)
 127 F   0.00091 0.91849 0.00008 0.08052 ( 2)
 128 V   0.89630 0.06957 0.03083 0.00330 ( 1)
 129 H   0.00025 0.09265 0.41286 0.49423 ( 4)
 130 T   0.02003 0.38666 0.09316 0.50014 ( 4)
 131 E   0.00123 0.79784 0.00574 0.19519 ( 2)
 132 N   0.01967 0.71239 0.10928 0.15865 ( 2)
 133 L   0.52049 0.44097 0.01996 0.01859 ( 1)
 134 K   0.00261 0.79876 0.00044 0.19820 ( 2)
 135 D   0.00609 0.95458 0.00017 0.03916 ( 2)
 136 R   0.51620 0.45766 0.01172 0.01442 ( 1)
 137 N   0.14656 0.71141 0.02234 0.11969 ( 2)
 138 S   0.02089 0.78125 0.00273 0.19513 ( 2)
 139 S   0.02102 0.82546 0.00631 0.14721 ( 2)
 140 V   0.94987 0.01771 0.03162 0.00081 ( 1)
 141 Y   0.96583 0.01192 0.02193 0.00032 ( 1)
 142 W   0.13823 0.75488 0.01656 0.09033 ( 2)
 143 N   0.13146 0.25959 0.51697 0.09198 ( 3)
 144 R   0.03482 0.34721 0.50274 0.11523 ( 3)
 145 V   0.06436 0.89021 0.00221 0.04322 ( 2)
 146 E   0.91571 0.01150 0.07188 0.00091 ( 1)
 147 I   0.83605 0.12640 0.03096 0.00660 ( 1)
 148 I   0.00745 0.05356 0.81336 0.12563 ( 3)
 149 P   0.86318 0.11016 0.02339 0.00327 ( 1)


lnL = -2125.817598

