Supplemental results for CODEML (seqf: algn  treef: tree)


dN/dS (w) for site classes (K=4)

site class             0        1       2a       2b
proportion       0.49208  0.35855  0.08641  0.06296
background w     0.07442  0.50309  0.07442  0.50309
foreground w     0.07442  0.50309  1.77056  1.77056

Naive Empirical Bayes (NEB) probabilities for 4 classes
(amino acids refer to 1st sequence: BT_Cry1A-like)

   1 -   0.49208 0.35855 0.08641 0.06296 ( 1)
   2 -   0.49208 0.35855 0.08641 0.06296 ( 1)
   3 -   0.00613 0.19072 0.46462 0.33854 ( 3)
   4 S   0.16075 0.55108 0.16671 0.12147 ( 2)
   5 A   0.21968 0.51790 0.16998 0.09243 ( 2)
   6 E   0.00005 0.04277 0.60876 0.34842 ( 3)
   7 F   0.72023 0.24729 0.02092 0.01156 ( 1)
   8 N   0.00076 0.51199 0.09938 0.38787 ( 2)
   9 N   0.31042 0.63923 0.02084 0.02951 ( 2)
  10 I   0.03610 0.68765 0.11828 0.15797 ( 2)
  11 I   0.76072 0.21813 0.01380 0.00735 ( 1)
  12 P   0.69713 0.26477 0.02414 0.01396 ( 1)
  13 S   0.54230 0.40000 0.02874 0.02896 ( 1)
  14 S   0.01901 0.51425 0.12952 0.33723 ( 2)
  15 Q   0.00000 0.49793 0.00000 0.50207 ( 4)
  16 I   0.08191 0.00555 0.91011 0.00244 ( 3)
  17 T   0.02620 0.01379 0.94645 0.01355 ( 3)
  18 Q   0.93072 0.00927 0.05925 0.00077 ( 1)
  19 I   0.96536 0.00233 0.03219 0.00012 ( 1)
  20 P   0.94806 0.00513 0.04646 0.00035 ( 1)
  21 L   0.00256 0.91760 0.00017 0.07966 ( 2)
  22 T   0.92232 0.03352 0.04201 0.00215 ( 1)
  23 K   0.03480 0.02081 0.92734 0.01704 ( 3)
  24 S   0.03131 0.76784 0.03883 0.16202 ( 2)
  25 T   0.00000 0.08710 0.00000 0.91290 ( 4)
  26 N   0.00371 0.80876 0.01514 0.17239 ( 2)
  27 L   0.17168 0.57925 0.14072 0.10835 ( 2)
  28 G   0.00000 0.31709 0.00000 0.68291 ( 4)
  29 S   0.08316 0.87554 0.00229 0.03902 ( 2)
  30 G   0.40799 0.02501 0.56024 0.00675 ( 3)
  31 T   0.00029 0.96568 0.00001 0.03402 ( 2)
  32 S   0.01660 0.84200 0.01074 0.13067 ( 2)
  33 V   0.92437 0.00262 0.07276 0.00025 ( 1)
  34 V   0.72191 0.25747 0.01239 0.00823 ( 1)
  35 K   0.00353 0.96206 0.00007 0.03434 ( 2)
  36 G   0.96312 0.00204 0.03473 0.00011 ( 1)
  37 P   0.94965 0.01309 0.03652 0.00074 ( 1)
  38 G   0.95363 0.01136 0.03438 0.00062 ( 1)
  39 F   0.97974 0.00031 0.01993 0.00001 ( 1)
  40 T   0.97887 0.00025 0.02087 0.00001 ( 1)
  41 G   0.96455 0.00063 0.03478 0.00003 ( 1)
  42 G   0.94152 0.02327 0.03395 0.00126 ( 1)
  43 D   0.98147 0.00089 0.01761 0.00003 ( 1)
  44 I   0.96434 0.02147 0.01361 0.00059 ( 1)
  45 L   0.96887 0.00234 0.02869 0.00011 ( 1)
  46 R   0.07772 0.82736 0.00696 0.08796 ( 2)
  47 R   0.57674 0.05436 0.36065 0.00825 ( 1)
  48 T   0.26510 0.53766 0.12893 0.06831 ( 2)
  49 S   0.00070 0.93583 0.00004 0.06343 ( 2)
  50 P   0.00570 0.94976 0.00017 0.04437 ( 2)
  51 G   0.89717 0.01030 0.09132 0.00120 ( 1)
  52 Q   0.00019 0.67041 0.00058 0.32883 ( 2)
  53 I   0.98498 0.00110 0.01390 0.00003 ( 1)
  54 S   0.00463 0.93355 0.00022 0.06161 ( 2)
  55 T   0.83054 0.08634 0.07397 0.00915 ( 1)
  56 L   0.00057 0.93762 0.00003 0.06178 ( 2)
  57 R   0.75280 0.22148 0.01715 0.00857 ( 1)
  58 V   0.11858 0.84061 0.00327 0.03754 ( 2)
  59 N   0.71744 0.00797 0.27375 0.00084 ( 1)
  60 -   0.49208 0.35855 0.08641 0.06296 ( 1)
  61 I   0.98539 0.00069 0.01390 0.00002 ( 1)
  62 T   0.00900 0.95889 0.00016 0.03194 ( 2)
  63 A   0.00001 0.96105 0.00000 0.03894 ( 2)
  64 P   0.01757 0.80602 0.01600 0.16040 ( 2)
  65 L   0.81141 0.14122 0.03807 0.00930 ( 1)
  66 S   0.92364 0.03096 0.04335 0.00204 ( 1)
  67 Q   0.61063 0.32816 0.03578 0.02543 ( 1)
  68 R   0.97712 0.00060 0.02226 0.00002 ( 1)
  69 Y   0.96753 0.00101 0.03141 0.00005 ( 1)
  70 R   0.79912 0.08438 0.10459 0.01190 ( 1)
  71 V   0.97397 0.00279 0.02312 0.00011 ( 1)
  72 R   0.97036 0.00725 0.02210 0.00028 ( 1)
  73 I   0.98303 0.00301 0.01387 0.00008 ( 1)
  74 R   0.16287 0.27938 0.43424 0.12351 ( 3)
  75 Y   0.90290 0.00202 0.09484 0.00024 ( 1)
  76 A   0.98119 0.00011 0.01870 0.00000 ( 1)
  77 S   0.57658 0.00203 0.42104 0.00035 ( 1)
  78 T   0.97715 0.00034 0.02249 0.00001 ( 1)
  79 T   0.97281 0.00621 0.02074 0.00023 ( 1)
  80 N   0.95559 0.03059 0.01300 0.00081 ( 1)
  81 L   0.92714 0.02755 0.04350 0.00182 ( 1)
  82 Q   0.65289 0.28664 0.03825 0.02221 ( 1)
  83 F   0.92124 0.00331 0.07512 0.00033 ( 1)
  84 H   0.00093 0.75051 0.00179 0.24677 ( 2)
  85 T   0.58735 0.38581 0.01252 0.01432 ( 1)
  86 S   0.00004 0.93806 0.00000 0.06190 ( 2)
  87 I   0.98203 0.00400 0.01386 0.00011 ( 1)
  88 D   0.01488 0.71930 0.02697 0.23885 ( 2)
  89 G   0.96327 0.00189 0.03473 0.00010 ( 1)
  90 R   0.55342 0.41780 0.01261 0.01617 ( 1)
  91 P   0.07863 0.87812 0.00232 0.04093 ( 2)
  92 I   0.95186 0.03378 0.01343 0.00093 ( 1)
  93 N   0.98653 0.00004 0.01342 0.00000 ( 1)
  94 Q   0.00000 0.88322 0.00000 0.11678 ( 2)
  95 G   0.28780 0.64710 0.01619 0.04890 ( 2)
  96 N   0.74035 0.01321 0.24519 0.00126 ( 1)
  97 F   0.65518 0.01873 0.32371 0.00238 ( 1)
  98 S   0.00013 0.75999 0.00022 0.23965 ( 2)
  99 A   0.00570 0.95545 0.00014 0.03871 ( 2)
 100 T   0.98489 0.00014 0.01496 0.00000 ( 1)
 101 M   0.82213 0.14833 0.02293 0.00661 ( 1)
 102 S   0.35974 0.47273 0.12188 0.04565 ( 2)
 103 S   0.10212 0.87293 0.00142 0.02353 ( 2)
 104 G   0.03714 0.84927 0.00430 0.10929 ( 2)
 105 S   0.00000 0.66310 0.00000 0.33690 ( 2)
 106 N   0.00145 0.91250 0.00047 0.08558 ( 2)
 107 L   0.95004 0.00505 0.04457 0.00033 ( 1)
 108 Q   0.00497 0.87830 0.00060 0.11613 ( 2)
 109 S   0.00171 0.89131 0.00018 0.10680 ( 2)
 110 A   0.00077 0.83826 0.00066 0.16031 ( 2)
 111 S   0.00007 0.76078 0.00011 0.23903 ( 2)
 112 F   0.60545 0.08187 0.30221 0.01048 ( 1)
 113 R   0.90030 0.02695 0.07017 0.00258 ( 1)
 114 T   0.09276 0.02842 0.86793 0.01089 ( 3)
 115 V   0.00008 0.32908 0.02922 0.64162 ( 4)
 116 G   0.86235 0.11308 0.02012 0.00445 ( 1)
 117 F   0.97988 0.00018 0.01993 0.00001 ( 1)
 118 T   0.98364 0.00138 0.01494 0.00004 ( 1)
 119 T   0.98489 0.00015 0.01496 0.00000 ( 1)
 120 P   0.88869 0.00265 0.10831 0.00035 ( 1)
 121 F   0.97988 0.00018 0.01993 0.00001 ( 1)
 122 N   0.01366 0.90664 0.00093 0.07877 ( 2)
 123 F   0.66824 0.00684 0.32406 0.00086 ( 1)
 124 S   0.01032 0.79377 0.01153 0.18439 ( 2)
 125 N   0.00473 0.96944 0.00006 0.02577 ( 2)
 126 G   0.00036 0.94821 0.00001 0.05142 ( 2)
 127 S   0.00033 0.93777 0.00002 0.06189 ( 2)
 128 S   0.66357 0.31861 0.00923 0.00859 ( 1)
 129 V   0.07770 0.77189 0.04319 0.10722 ( 2)
 130 F   0.97440 0.00558 0.01982 0.00020 ( 1)
 131 T   0.52668 0.37376 0.05500 0.04456 ( 1)
 132 L   0.38068 0.56428 0.01786 0.03718 ( 2)
 133 S   0.75864 0.22475 0.01055 0.00606 ( 1)
 134 A   0.05237 0.91743 0.00092 0.02928 ( 2)
 135 H   0.00001 0.84316 0.00001 0.15682 ( 2)
 136 V   0.00000 0.90151 0.00000 0.09849 ( 2)
 137 F   0.89418 0.02993 0.07292 0.00297 ( 1)
 138 N   0.80475 0.17953 0.01095 0.00477 ( 1)
 139 S   0.00168 0.93644 0.00008 0.06180 ( 2)
 140 G   0.03767 0.85816 0.00383 0.10034 ( 2)
 141 -   0.49208 0.35855 0.08641 0.06296 ( 1)
 142 N   0.05047 0.92428 0.00069 0.02455 ( 2)
 143 E   0.93124 0.04187 0.02506 0.00183 ( 1)
 144 V   0.97752 0.00560 0.01671 0.00018 ( 1)
 145 Y   0.89846 0.06891 0.02917 0.00345 ( 1)
 146 I   0.97412 0.00825 0.01736 0.00027 ( 1)
 147 D   0.66255 0.00414 0.33277 0.00053 ( 1)
 148 R   0.13348 0.77436 0.01152 0.08064 ( 2)
 149 I   0.98553 0.00055 0.01391 0.00002 ( 1)
 150 E   0.97330 0.00049 0.02619 0.00002 ( 1)
 151 F   0.97988 0.00018 0.01993 0.00001 ( 1)
 152 V   0.97740 0.00571 0.01670 0.00018 ( 1)
 153 -   0.66431 0.18632 0.11666 0.03272 ( 1)


lnL = -4532.267933

