Supplemental results for CODEML (seqf: algn  treef: tree)


dN/dS (w) for site classes (K=4)

site class             0        1       2a       2b
proportion       0.37285  0.62715  0.00000  0.00000
background w     0.07086  1.00000  0.07086  1.00000
foreground w     0.07086  1.00000  1.00000  1.00000

Naive Empirical Bayes (NEB) probabilities for 4 classes
(amino acids refer to 1st sequence: BT_Cry24Ca1)

   1 P   0.00277 0.99723 0.00000 0.00000 ( 2)
   2 T   0.00476 0.99524 0.00000 0.00000 ( 2)
   3 Q   0.16880 0.83120 0.00000 0.00000 ( 2)
   4 I   0.22941 0.77059 0.00000 0.00000 ( 2)
   5 E   0.06877 0.93123 0.00000 0.00000 ( 2)
   6 L   0.97997 0.02003 0.00000 0.00000 ( 1)
   7 S   0.96846 0.03154 0.00000 0.00000 ( 1)
   8 R   0.99408 0.00592 0.00000 0.00000 ( 1)
   9 Q   0.11612 0.88388 0.00000 0.00000 ( 2)
  10 I   0.99120 0.00880 0.00000 0.00000 ( 1)
  11 Y   0.99405 0.00595 0.00000 0.00000 ( 1)
  12 T   0.98892 0.01108 0.00000 0.00000 ( 1)
  13 D   0.99813 0.00187 0.00000 0.00000 ( 1)
  14 P   0.99555 0.00445 0.00000 0.00000 ( 1)
  15 V   0.95618 0.04382 0.00000 0.00000 ( 1)
  16 G   0.99702 0.00298 0.00000 0.00000 ( 1)
  17 A   0.00000 1.00000 0.00000 0.00000 ( 2)
  18 T   0.86097 0.13903 0.00000 0.00000 ( 1)
  19 F   0.00000 1.00000 0.00000 0.00000 ( 2)
  20 S   0.00001 0.99999 0.00000 0.00000 ( 2)
  21 -   0.05883 0.94117 0.00000 0.00000 ( 2)
  22 D   0.00197 0.99803 0.00000 0.00000 ( 2)
  23 F   0.01167 0.98833 0.00000 0.00000 ( 2)
  24 S   0.01169 0.98831 0.00000 0.00000 ( 2)
  25 N   0.06126 0.93874 0.00000 0.00000 ( 2)
  26 W   0.00005 0.99995 0.00000 0.00000 ( 2)
  27 T   0.10640 0.89360 0.00000 0.00000 ( 2)
  28 L   0.00037 0.99963 0.00000 0.00000 ( 2)
  29 T   0.00807 0.99193 0.00000 0.00000 ( 2)
  30 N   0.03359 0.96641 0.00000 0.00000 ( 2)
  31 R   0.02202 0.97798 0.00000 0.00000 ( 2)
  32 T   0.73342 0.26658 0.00000 0.00000 ( 1)
  33 L   0.03641 0.96359 0.00000 0.00000 ( 2)
  34 A   0.07456 0.92544 0.00000 0.00000 ( 2)
  35 -   0.40928 0.59072 0.00000 0.00000 ( 2)
  36 -   0.05192 0.94808 0.00000 0.00000 ( 2)
  37 N   0.00436 0.99564 0.00000 0.00000 ( 2)
  38 F   0.99865 0.00135 0.00000 0.00000 ( 1)
  39 N   0.90856 0.09144 0.00000 0.00000 ( 1)
  40 D   0.04617 0.95383 0.00000 0.00000 ( 2)
  41 L   0.90431 0.09569 0.00000 0.00000 ( 1)
  42 E   0.99723 0.00277 0.00000 0.00000 ( 1)
  43 R   0.19019 0.80981 0.00000 0.00000 ( 2)
  44 E   0.40738 0.59262 0.00000 0.00000 ( 2)
  45 V   0.03522 0.96478 0.00000 0.00000 ( 2)
  46 T   0.03297 0.96703 0.00000 0.00000 ( 2)
  47 D   0.02947 0.97053 0.00000 0.00000 ( 2)
  48 A   0.00312 0.99688 0.00000 0.00000 ( 2)
  49 P   0.99480 0.00520 0.00000 0.00000 ( 1)
  50 S   0.94497 0.05503 0.00000 0.00000 ( 1)
  51 L   0.98082 0.01918 0.00000 0.00000 ( 1)
  52 L   0.06880 0.93120 0.00000 0.00000 ( 2)
  53 K   0.42510 0.57490 0.00000 0.00000 ( 2)
  54 W   0.99266 0.00734 0.00000 0.00000 ( 1)
  55 L   0.86134 0.13866 0.00000 0.00000 ( 1)
  56 N   0.00294 0.99706 0.00000 0.00000 ( 2)
  57 S   0.00001 0.99999 0.00000 0.00000 ( 2)
  58 I   0.00575 0.99425 0.00000 0.00000 ( 2)
  59 E   0.00008 0.99992 0.00000 0.00000 ( 2)
  60 V   0.67586 0.32414 0.00000 0.00000 ( 1)
  61 Y   0.99763 0.00237 0.00000 0.00000 ( 1)
  62 T   0.83943 0.16057 0.00000 0.00000 ( 1)
  63 G   0.01728 0.98272 0.00000 0.00000 ( 2)
  64 A   0.00009 0.99991 0.00000 0.00000 ( 2)
  65 I   0.00983 0.99017 0.00000 0.00000 ( 2)
  66 D   0.00060 0.99940 0.00000 0.00000 ( 2)
  67 S   0.00237 0.99763 0.00000 0.00000 ( 2)
  68 H   0.00007 0.99993 0.00000 0.00000 ( 2)
  69 R   0.00218 0.99782 0.00000 0.00000 ( 2)
  70 P   0.00003 0.99997 0.00000 0.00000 ( 2)
  71 T   0.00035 0.99965 0.00000 0.00000 ( 2)
  72 S   0.00048 0.99952 0.00000 0.00000 ( 2)
  73 P   0.68001 0.31999 0.00000 0.00000 ( 1)
  74 -   0.37285 0.62715 0.00000 0.00000 ( 2)
  75 G   0.70972 0.29028 0.00000 0.00000 ( 1)
  76 E   0.01294 0.98706 0.00000 0.00000 ( 2)
  77 R   0.08335 0.91665 0.00000 0.00000 ( 2)
  78 I   0.79353 0.20647 0.00000 0.00000 ( 1)
  79 G   0.20863 0.79137 0.00000 0.00000 ( 2)
  80 V   0.46396 0.53604 0.00000 0.00000 ( 2)
  81 W   0.99266 0.00734 0.00000 0.00000 ( 1)
  82 Y   0.36167 0.63833 0.00000 0.00000 ( 2)
  83 G   0.99381 0.00619 0.00000 0.00000 ( 1)
  84 N   0.08092 0.91908 0.00000 0.00000 ( 2)
  85 R   0.00007 0.99993 0.00000 0.00000 ( 2)
  86 N   0.02978 0.97022 0.00000 0.00000 ( 2)
  87 T   0.00014 0.99986 0.00000 0.00000 ( 2)
  88 Y   0.00036 0.99964 0.00000 0.00000 ( 2)
  89 I   0.00001 0.99999 0.00000 0.00000 ( 2)
  90 N   0.00000 1.00000 0.00000 0.00000 ( 2)
  91 P   0.24808 0.75192 0.00000 0.00000 ( 2)
  92 D   0.02815 0.97185 0.00000 0.00000 ( 2)
  93 T   0.00077 0.99923 0.00000 0.00000 ( 2)
  94 N   0.00062 0.99938 0.00000 0.00000 ( 2)
  95 E   0.00132 0.99868 0.00000 0.00000 ( 2)
  96 -   0.43239 0.56761 0.00000 0.00000 ( 2)
  97 V   0.00735 0.99265 0.00000 0.00000 ( 2)
  98 S   0.00021 0.99979 0.00000 0.00000 ( 2)
  99 Y   0.00169 0.99831 0.00000 0.00000 ( 2)
 100 R   0.02537 0.97463 0.00000 0.00000 ( 2)
 101 F   0.00000 1.00000 0.00000 0.00000 ( 2)
 102 T   0.00031 0.99969 0.00000 0.00000 ( 2)
 103 G   0.95977 0.04023 0.00000 0.00000 ( 1)
 104 E   0.00029 0.99971 0.00000 0.00000 ( 2)
 105 L   0.00001 0.99999 0.00000 0.00000 ( 2)
 106 A   0.26264 0.73736 0.00000 0.00000 ( 2)
 107 Y   0.02263 0.97737 0.00000 0.00000 ( 2)
 108 E   0.53550 0.46450 0.00000 0.00000 ( 1)
 109 N   0.00197 0.99803 0.00000 0.00000 ( 2)
 110 P   0.00211 0.99789 0.00000 0.00000 ( 2)
 111 Y   0.01229 0.98771 0.00000 0.00000 ( 2)
 112 T   0.64098 0.35902 0.00000 0.00000 ( 1)
 113 F   0.09875 0.90125 0.00000 0.00000 ( 2)
 114 I   0.13106 0.86894 0.00000 0.00000 ( 2)
 115 G   0.00008 0.99992 0.00000 0.00000 ( 2)
 116 S   0.03676 0.96324 0.00000 0.00000 ( 2)
 117 F   0.04450 0.95550 0.00000 0.00000 ( 2)
 118 F   0.00015 0.99985 0.00000 0.00000 ( 2)
 119 D   0.35234 0.64766 0.00000 0.00000 ( 2)
 120 N   0.63824 0.36176 0.00000 0.00000 ( 1)
 121 D   0.99813 0.00187 0.00000 0.00000 ( 1)
 122 I   0.98327 0.01673 0.00000 0.00000 ( 1)
 123 Y   0.88199 0.11801 0.00000 0.00000 ( 1)
 124 K   0.93798 0.06202 0.00000 0.00000 ( 1)
 125 V   0.00153 0.99847 0.00000 0.00000 ( 2)
 126 A   0.00694 0.99306 0.00000 0.00000 ( 2)
 127 L   0.49808 0.50192 0.00000 0.00000 ( 2)
 128 R   0.01654 0.98346 0.00000 0.00000 ( 2)
 129 A   0.96472 0.03528 0.00000 0.00000 ( 1)
 130 A   0.68367 0.31633 0.00000 0.00000 ( 1)
 131 A   0.00002 0.99998 0.00000 0.00000 ( 2)
 132 -   0.39449 0.60551 0.00000 0.00000 ( 2)
 133 -   0.45871 0.54129 0.00000 0.00000 ( 2)
 134 -   0.46183 0.53817 0.00000 0.00000 ( 2)
 135 -   0.04514 0.95486 0.00000 0.00000 ( 2)
 136 V   0.64691 0.35309 0.00000 0.00000 ( 1)
 137 S   0.00668 0.99332 0.00000 0.00000 ( 2)
 138 T   0.00229 0.99771 0.00000 0.00000 ( 2)
 139 T   0.15858 0.84142 0.00000 0.00000 ( 2)
 140 F   0.00000 1.00000 0.00000 0.00000 ( 2)
 141 G   0.00002 0.99998 0.00000 0.00000 ( 2)
 142 S   0.00356 0.99644 0.00000 0.00000 ( 2)
 143 N   0.00000 1.00000 0.00000 0.00000 ( 2)
 144 D   0.25690 0.74310 0.00000 0.00000 ( 2)
 145 S   0.00001 0.99999 0.00000 0.00000 ( 2)
 146 T   0.25562 0.74438 0.00000 0.00000 ( 2)
 147 F   0.97793 0.02207 0.00000 0.00000 ( 1)
 148 G   0.99360 0.00640 0.00000 0.00000 ( 1)
 149 V   0.96290 0.03710 0.00000 0.00000 ( 1)
 150 S   0.44392 0.55608 0.00000 0.00000 ( 2)
 151 S   0.00012 0.99988 0.00000 0.00000 ( 2)
 152 S   0.98362 0.01638 0.00000 0.00000 ( 1)
 153 Q   0.00008 0.99992 0.00000 0.00000 ( 2)
 154 F   0.99169 0.00831 0.00000 0.00000 ( 1)
 155 F   0.97898 0.02102 0.00000 0.00000 ( 1)
 156 N   0.00075 0.99925 0.00000 0.00000 ( 2)
 157 R   0.04972 0.95028 0.00000 0.00000 ( 2)
 158 R   0.00565 0.99435 0.00000 0.00000 ( 2)
 159 G   0.84916 0.15084 0.00000 0.00000 ( 1)
 160 I   0.00015 0.99985 0.00000 0.00000 ( 2)
 161 H   0.34974 0.65026 0.00000 0.00000 ( 2)
 162 Q   0.00003 0.99997 0.00000 0.00000 ( 2)
 163 L   0.22525 0.77475 0.00000 0.00000 ( 2)
 164 Y   0.18060 0.81940 0.00000 0.00000 ( 2)
 165 E   0.00064 0.99936 0.00000 0.00000 ( 2)
 166 S   0.00300 0.99700 0.00000 0.00000 ( 2)
 167 S   0.00142 0.99858 0.00000 0.00000 ( 2)
 168 -   0.44980 0.55020 0.00000 0.00000 ( 2)
 169 -   0.46823 0.53177 0.00000 0.00000 ( 2)
 170 -   0.44358 0.55642 0.00000 0.00000 ( 2)
 171 -   0.39510 0.60490 0.00000 0.00000 ( 2)
 172 -   0.05338 0.94662 0.00000 0.00000 ( 2)
 173 -   0.46823 0.53177 0.00000 0.00000 ( 2)
 174 -   0.05448 0.94552 0.00000 0.00000 ( 2)
 175 -   0.87938 0.12062 0.00000 0.00000 ( 1)
 176 -   0.37285 0.62715 0.00000 0.00000 ( 2)
 177 -   0.44188 0.55812 0.00000 0.00000 ( 2)
 178 -   0.38506 0.61494 0.00000 0.00000 ( 2)
 179 -   0.45730 0.54270 0.00000 0.00000 ( 2)
 180 -   0.00320 0.99680 0.00000 0.00000 ( 2)
 181 -   0.44358 0.55642 0.00000 0.00000 ( 2)
 182 -   0.40428 0.59572 0.00000 0.00000 ( 2)
 183 Q   0.00002 0.99998 0.00000 0.00000 ( 2)
 184 P   0.00767 0.99233 0.00000 0.00000 ( 2)
 185 I   0.00005 0.99995 0.00000 0.00000 ( 2)
 186 P   0.00312 0.99688 0.00000 0.00000 ( 2)
 187 S   0.00398 0.99602 0.00000 0.00000 ( 2)
 188 W   0.00003 0.99997 0.00000 0.00000 ( 2)
 189 P   0.41321 0.58679 0.00000 0.00000 ( 2)
 190 I   0.92055 0.07945 0.00000 0.00000 ( 1)
 191 T   0.07478 0.92522 0.00000 0.00000 ( 2)
 192 L   0.00039 0.99961 0.00000 0.00000 ( 2)
 193 A   0.11014 0.88986 0.00000 0.00000 ( 2)
 194 F   0.13556 0.86444 0.00000 0.00000 ( 2)
 195 P   0.99606 0.00394 0.00000 0.00000 ( 1)
 196 G   0.90152 0.09848 0.00000 0.00000 ( 1)
 197 E   0.32156 0.67844 0.00000 0.00000 ( 2)
 198 E   0.64329 0.35671 0.00000 0.00000 ( 1)
 199 S   0.93730 0.06270 0.00000 0.00000 ( 1)
 200 S   0.00129 0.99871 0.00000 0.00000 ( 2)
 201 E   0.00399 0.99601 0.00000 0.00000 ( 2)
 202 G   0.32075 0.67925 0.00000 0.00000 ( 2)
 203 N   0.91250 0.08750 0.00000 0.00000 ( 1)
 204 A   0.28088 0.71912 0.00000 0.00000 ( 2)
 205 N   0.96719 0.03281 0.00000 0.00000 ( 1)
 206 D   0.99300 0.00700 0.00000 0.00000 ( 1)
 207 Y   0.99727 0.00273 0.00000 0.00000 ( 1)
 208 S   0.97710 0.02290 0.00000 0.00000 ( 1)
 209 H   0.99913 0.00087 0.00000 0.00000 ( 1)
 210 R   0.02846 0.97154 0.00000 0.00000 ( 2)
 211 L   0.98592 0.01408 0.00000 0.00000 ( 1)
 212 C   0.81306 0.18694 0.00000 0.00000 ( 1)
 213 D   0.84277 0.15723 0.00000 0.00000 ( 1)
 214 V   0.98995 0.01005 0.00000 0.00000 ( 1)
 215 K   0.15215 0.84785 0.00000 0.00000 ( 2)
 216 N   0.96719 0.03281 0.00000 0.00000 ( 1)
 217 I   0.65328 0.34672 0.00000 0.00000 ( 1)
 218 T   0.96420 0.03580 0.00000 0.00000 ( 1)
 219 G   0.86193 0.13807 0.00000 0.00000 ( 1)
 220 G   0.96253 0.03747 0.00000 0.00000 ( 1)
 221 L   0.93262 0.06738 0.00000 0.00000 ( 1)
 222 R   0.66716 0.33284 0.00000 0.00000 ( 1)
 223 Q   0.94331 0.05669 0.00000 0.00000 ( 1)
 224 T   0.05431 0.94569 0.00000 0.00000 ( 2)
 225 P   0.00323 0.99677 0.00000 0.00000 ( 2)
 226 A   0.04879 0.95121 0.00000 0.00000 ( 2)
 227 R   0.06276 0.93724 0.00000 0.00000 ( 2)
 228 G   0.38856 0.61144 0.00000 0.00000 ( 2)
 229 -   0.43574 0.56426 0.00000 0.00000 ( 2)
 230 R   0.54774 0.45226 0.00000 0.00000 ( 1)
 231 S   0.65336 0.34664 0.00000 0.00000 ( 1)
 232 S   0.67496 0.32504 0.00000 0.00000 ( 1)
 233 L   0.92336 0.07664 0.00000 0.00000 ( 1)
 234 L   0.34958 0.65042 0.00000 0.00000 ( 2)
 235 S   0.12730 0.87270 0.00000 0.00000 ( 2)
 236 H   0.94478 0.05522 0.00000 0.00000 ( 1)
 237 A   0.48973 0.51027 0.00000 0.00000 ( 2)
 238 W   0.99266 0.00734 0.00000 0.00000 ( 1)
 239 T   0.98713 0.01287 0.00000 0.00000 ( 1)
 240 H   0.99913 0.00087 0.00000 0.00000 ( 1)
 241 S   0.00000 1.00000 0.00000 0.00000 ( 2)
 242 -   0.88839 0.11161 0.00000 0.00000 ( 1)


lnL = -3662.729531

Bayes Empirical Bayes (BEB) probabilities for 4 classes (class)
(amino acids refer to 1st sequence: BT_Cry24Ca1)

   1 P   0.00061 0.63995 0.09838 0.26106 ( 2)
   2 T   0.00152 0.76735 0.01109 0.22004 ( 2)
   3 Q   0.07713 0.89151 0.00196 0.02940 ( 2)
   4 I   0.10148 0.66235 0.14681 0.08936 ( 2)
   5 E   0.03140 0.94340 0.00063 0.02457 ( 2)
   6 L   0.95690 0.01770 0.02486 0.00054 ( 1)
   7 S   0.94505 0.03590 0.01813 0.00092 ( 1)
   8 R   0.97427 0.00498 0.02061 0.00013 ( 1)
   9 Q   0.05081 0.92367 0.00104 0.02448 ( 2)
  10 I   0.97608 0.00682 0.01693 0.00017 ( 1)
  11 Y   0.97670 0.00467 0.01850 0.00012 ( 1)
  12 T   0.96986 0.00879 0.02111 0.00025 ( 1)
  13 D   0.98307 0.00128 0.01562 0.00003 ( 1)
  14 P   0.96786 0.00368 0.02834 0.00012 ( 1)
  15 V   0.92700 0.05108 0.02050 0.00142 ( 1)
  16 G   0.97144 0.00227 0.02621 0.00007 ( 1)
  17 A   0.00000 0.96524 0.00000 0.03476 ( 2)
  18 T   0.82773 0.15352 0.01489 0.00386 ( 1)
  19 F   0.00000 0.97308 0.00000 0.02692 ( 2)
  20 S   0.00000 0.97456 0.00000 0.02543 ( 2)
  21 -   0.03682 0.91786 0.00176 0.04355 ( 2)
  22 D   0.00043 0.96439 0.00001 0.03516 ( 2)
  23 F   0.00335 0.97027 0.00007 0.02631 ( 2)
  24 S   0.00360 0.96554 0.00010 0.03076 ( 2)
  25 N   0.02034 0.94533 0.00066 0.03366 ( 2)
  26 W   0.00001 0.94231 0.00000 0.05768 ( 2)
  27 T   0.04496 0.92615 0.00109 0.02781 ( 2)
  28 L   0.00007 0.97505 0.00000 0.02488 ( 2)
  29 T   0.00216 0.96308 0.00007 0.03469 ( 2)
  30 N   0.01129 0.96408 0.00021 0.02442 ( 2)
  31 R   0.00617 0.97138 0.00010 0.02235 ( 2)
  32 T   0.61118 0.36736 0.01205 0.00941 ( 1)
  33 L   0.01066 0.96469 0.00020 0.02445 ( 2)
  34 A   0.02289 0.95456 0.00036 0.02219 ( 2)
  35 -   0.37239 0.59772 0.01058 0.01931 ( 2)
  36 -   0.03042 0.86921 0.03466 0.06571 ( 2)
  37 N   0.00085 0.92729 0.00102 0.07083 ( 2)
  38 F   0.98177 0.00096 0.01725 0.00002 ( 1)
  39 N   0.84765 0.13590 0.01326 0.00319 ( 1)
  40 D   0.01373 0.95788 0.00034 0.02806 ( 2)
  41 L   0.85788 0.11628 0.02228 0.00357 ( 1)
  42 E   0.97818 0.00218 0.01958 0.00006 ( 1)
  43 R   0.09063 0.88289 0.00200 0.02448 ( 2)
  44 E   0.22369 0.74688 0.00607 0.02337 ( 2)
  45 V   0.01303 0.91308 0.00417 0.06972 ( 2)
  46 T   0.00953 0.90804 0.01272 0.06972 ( 2)
  47 D   0.00821 0.96548 0.00018 0.02613 ( 2)
  48 A   0.00082 0.91301 0.00121 0.08495 ( 2)
  49 P   0.96217 0.00435 0.03332 0.00016 ( 1)
  50 S   0.91820 0.06277 0.01742 0.00161 ( 1)
  51 L   0.78685 0.01361 0.19680 0.00273 ( 1)
  52 L   0.02782 0.94751 0.00053 0.02413 ( 2)
  53 K   0.30482 0.67288 0.00548 0.01682 ( 2)
  54 W   0.96104 0.00697 0.03173 0.00025 ( 1)
  55 L   0.80194 0.16707 0.02518 0.00581 ( 1)
  56 N   0.00068 0.97669 0.00001 0.02262 ( 2)
  57 S   0.00000 0.97529 0.00000 0.02471 ( 2)
  58 I   0.00158 0.96835 0.00004 0.03003 ( 2)
  59 E   0.00001 0.97735 0.00000 0.02263 ( 2)
  60 V   0.55479 0.42264 0.01134 0.01123 ( 1)
  61 Y   0.97961 0.00178 0.01856 0.00005 ( 1)
  62 T   0.79376 0.17878 0.02174 0.00571 ( 1)
  63 G   0.00462 0.96452 0.00013 0.03073 ( 2)
  64 A   0.00001 0.97152 0.00000 0.02847 ( 2)
  65 I   0.00272 0.97256 0.00005 0.02467 ( 2)
  66 D   0.00012 0.97031 0.00000 0.02956 ( 2)
  67 S   0.00050 0.96863 0.00001 0.03086 ( 2)
  68 H   0.00001 0.91678 0.00001 0.08320 ( 2)
  69 R   0.00057 0.97429 0.00001 0.02513 ( 2)
  70 P   0.00001 0.95468 0.00000 0.04531 ( 2)
  71 T   0.00011 0.95458 0.00001 0.04531 ( 2)
  72 S   0.00015 0.95454 0.00001 0.04531 ( 2)
  73 P   0.63127 0.32341 0.02999 0.01533 ( 1)
  74 -   0.33192 0.62276 0.01580 0.02951 ( 2)
  75 G   0.66114 0.29354 0.03140 0.01391 ( 1)
  76 E   0.00578 0.94890 0.00028 0.04504 ( 2)
  77 R   0.03548 0.91921 0.00170 0.04362 ( 2)
  78 I   0.72469 0.22999 0.03441 0.01090 ( 1)
  79 G   0.11680 0.83789 0.00557 0.03974 ( 2)
  80 V   0.31427 0.65191 0.01037 0.02345 ( 2)
  81 W   0.96104 0.00697 0.03173 0.00025 ( 1)
  82 Y   0.18869 0.78046 0.00524 0.02560 ( 2)
  83 G   0.95824 0.00493 0.03664 0.00020 ( 1)
  84 N   0.03242 0.93591 0.00095 0.03073 ( 2)
  85 R   0.00001 0.96181 0.00000 0.03818 ( 2)
  86 N   0.00953 0.96784 0.00015 0.02247 ( 2)
  87 T   0.00003 0.96558 0.00000 0.03439 ( 2)
  88 Y   0.00005 0.97355 0.00000 0.02639 ( 2)
  89 I   0.00000 0.97039 0.00000 0.02961 ( 2)
  90 N   0.00000 0.96561 0.00000 0.03439 ( 2)
  91 P   0.16864 0.80881 0.00292 0.01962 ( 2)
  92 D   0.00777 0.96818 0.00014 0.02390 ( 2)
  93 T   0.00016 0.96120 0.00001 0.03863 ( 2)
  94 N   0.00014 0.95454 0.00001 0.04531 ( 2)
  95 E   0.00033 0.95436 0.00002 0.04530 ( 2)
  96 -   0.35218 0.60250 0.01676 0.02855 ( 2)
  97 V   0.00199 0.92340 0.00054 0.07407 ( 2)
  98 S   0.00004 0.96556 0.00000 0.03440 ( 2)
  99 Y   0.00042 0.90760 0.00037 0.09160 ( 2)
 100 R   0.00672 0.96733 0.00014 0.02581 ( 2)
 101 F   0.00000 0.97153 0.00000 0.02847 ( 2)
 102 T   0.00005 0.97730 0.00000 0.02265 ( 2)
 103 G   0.93070 0.04561 0.02236 0.00133 ( 1)
 104 E   0.00005 0.97507 0.00000 0.02487 ( 2)
 105 L   0.00000 0.97302 0.00000 0.02698 ( 2)
 106 A   0.14596 0.74819 0.04801 0.05784 ( 2)
 107 Y   0.00688 0.96905 0.00013 0.02394 ( 2)
 108 E   0.39605 0.58222 0.00714 0.01458 ( 2)
 109 N   0.00045 0.97466 0.00001 0.02487 ( 2)
 110 P   0.00051 0.96516 0.00002 0.03431 ( 2)
 111 Y   0.00482 0.94986 0.00023 0.04508 ( 2)
 112 T   0.59265 0.36204 0.02816 0.01715 ( 1)
 113 F   0.06350 0.89119 0.00303 0.04228 ( 2)
 114 I   0.06855 0.89309 0.00262 0.03573 ( 2)
 115 G   0.00001 0.97633 0.00000 0.02366 ( 2)
 116 S   0.01517 0.91858 0.00398 0.06227 ( 2)
 117 F   0.01825 0.95494 0.00040 0.02641 ( 2)
 118 F   0.00002 0.97586 0.00000 0.02411 ( 2)
 119 D   0.19673 0.78201 0.00308 0.01819 ( 2)
 120 N   0.54074 0.43852 0.00974 0.01100 ( 1)
 121 D   0.98307 0.00128 0.01562 0.00003 ( 1)
 122 I   0.96512 0.01771 0.01673 0.00043 ( 1)
 123 Y   0.84643 0.13540 0.01488 0.00329 ( 1)
 124 K   0.88978 0.09055 0.01731 0.00235 ( 1)
 125 V   0.00031 0.92746 0.00041 0.07182 ( 2)
 126 A   0.00153 0.97308 0.00003 0.02535 ( 2)
 127 L   0.33474 0.63531 0.00946 0.02048 ( 2)
 128 R   0.00462 0.97102 0.00008 0.02428 ( 2)
 129 A   0.94810 0.03382 0.01722 0.00085 ( 1)
 130 A   0.59265 0.38677 0.01098 0.00960 ( 1)
 131 A   0.00000 0.97584 0.00000 0.02416 ( 2)
 132 -   0.35632 0.60898 0.01221 0.02248 ( 2)
 133 -   0.42444 0.55480 0.00747 0.01329 ( 2)
 134 -   0.42752 0.55169 0.00748 0.01331 ( 2)
 135 -   0.02511 0.83414 0.04823 0.09251 ( 2)
 136 V   0.53311 0.44679 0.00923 0.01087 ( 1)
 137 S   0.00198 0.97537 0.00003 0.02261 ( 2)
 138 T   0.00062 0.97464 0.00001 0.02472 ( 2)
 139 T   0.07102 0.90513 0.00128 0.02258 ( 2)
 140 F   0.00000 0.97728 0.00000 0.02272 ( 2)
 141 G   0.00000 0.97509 0.00000 0.02490 ( 2)
 142 S   0.00102 0.96559 0.00003 0.03335 ( 2)
 143 N   0.00000 0.96402 0.00000 0.03598 ( 2)
 144 D   0.13236 0.84308 0.00270 0.02187 ( 2)
 145 S   0.00000 0.97364 0.00000 0.02636 ( 2)
 146 T   0.12151 0.84586 0.00370 0.02893 ( 2)
 147 F   0.95848 0.02274 0.01819 0.00058 ( 1)
 148 G   0.97108 0.00542 0.02334 0.00016 ( 1)
 149 V   0.94301 0.03963 0.01639 0.00097 ( 1)
 150 S   0.24649 0.73149 0.00427 0.01774 ( 2)
 151 S   0.00002 0.89926 0.00004 0.10068 ( 2)
 152 S   0.96333 0.01773 0.01848 0.00046 ( 1)
 153 Q   0.00001 0.97037 0.00000 0.02962 ( 2)
 154 F   0.97355 0.00913 0.01710 0.00022 ( 1)
 155 F   0.96012 0.02247 0.01686 0.00055 ( 1)
 156 N   0.00012 0.97349 0.00000 0.02639 ( 2)
 157 R   0.02281 0.95043 0.00050 0.02626 ( 2)
 158 R   0.00154 0.96666 0.00004 0.03176 ( 2)
 159 G   0.74607 0.22485 0.02160 0.00748 ( 1)
 160 I   0.00002 0.97511 0.00000 0.02486 ( 2)
 161 H   0.26372 0.71367 0.00475 0.01786 ( 2)
 162 Q   0.00000 0.96402 0.00000 0.03598 ( 2)
 163 L   0.13212 0.84169 0.00289 0.02330 ( 2)
 164 Y   0.06921 0.90654 0.00131 0.02294 ( 2)
 165 E   0.00013 0.97295 0.00000 0.02692 ( 2)
 166 S   0.00077 0.96966 0.00002 0.02955 ( 2)
 167 S   0.00031 0.97483 0.00001 0.02486 ( 2)
 168 -   0.40520 0.54949 0.01928 0.02604 ( 2)
 169 -   0.42298 0.53171 0.02012 0.02519 ( 2)
 170 -   0.39925 0.55544 0.01900 0.02632 ( 2)
 171 -   0.35297 0.60171 0.01680 0.02851 ( 2)
 172 -   0.03326 0.92142 0.00159 0.04372 ( 2)
 173 -   0.42298 0.53171 0.02012 0.02519 ( 2)
 174 -   0.02592 0.88846 0.02740 0.05822 ( 2)
 175 -   0.87973 0.10143 0.01630 0.00253 ( 1)
 176 -   0.33192 0.62276 0.01580 0.02951 ( 2)
 177 -   0.39761 0.55707 0.01892 0.02640 ( 2)
 178 -   0.34346 0.61123 0.01635 0.02896 ( 2)
 179 -   0.41241 0.54227 0.01962 0.02569 ( 2)
 180 -   0.00138 0.95331 0.00007 0.04525 ( 2)
 181 -   0.39925 0.55544 0.01900 0.02632 ( 2)
 182 -   0.36169 0.59299 0.01722 0.02810 ( 2)
 183 Q   0.00000 0.96909 0.00000 0.03090 ( 2)
 184 P   0.00200 0.97161 0.00004 0.02635 ( 2)
 185 I   0.00001 0.78064 0.00044 0.21892 ( 2)
 186 P   0.00082 0.97483 0.00001 0.02433 ( 2)
 187 S   0.00097 0.97055 0.00002 0.02845 ( 2)
 188 W   0.00001 0.97307 0.00000 0.02692 ( 2)
 189 P   0.28425 0.68414 0.00840 0.02322 ( 2)
 190 I   0.89397 0.08636 0.01743 0.00225 ( 1)
 191 T   0.02280 0.95318 0.00042 0.02360 ( 2)
 192 L   0.00007 0.78010 0.00044 0.21938 ( 2)
 193 A   0.04592 0.93012 0.00083 0.02313 ( 2)
 194 F   0.05240 0.91817 0.00137 0.02806 ( 2)
 195 P   0.97337 0.00327 0.02327 0.00009 ( 1)
 196 G   0.86843 0.09885 0.02911 0.00361 ( 1)
 197 E   0.22033 0.68158 0.04415 0.05395 ( 2)
 198 E   0.34819 0.27157 0.36309 0.01716 ( 3)
 199 S   0.89897 0.07406 0.02460 0.00237 ( 1)
 200 S   0.00031 0.97426 0.00001 0.02542 ( 2)
 201 E   0.00088 0.87679 0.00246 0.11987 ( 2)
 202 G   0.20844 0.76451 0.00499 0.02205 ( 2)
 203 N   0.86369 0.11774 0.01560 0.00297 ( 1)
 204 A   0.14231 0.83154 0.00313 0.02302 ( 2)
 205 N   0.93819 0.04603 0.01469 0.00108 ( 1)
 206 D   0.97724 0.00707 0.01553 0.00017 ( 1)
 207 Y   0.97924 0.00215 0.01855 0.00006 ( 1)
 208 S   0.95898 0.02309 0.01734 0.00058 ( 1)
 209 H   0.98201 0.00062 0.01736 0.00002 ( 1)
 210 R   0.01018 0.87909 0.01936 0.09137 ( 2)
 211 L   0.96219 0.01243 0.02500 0.00038 ( 1)
 212 C   0.71986 0.25966 0.01382 0.00666 ( 1)
 213 D   0.76194 0.22082 0.01207 0.00516 ( 1)
 214 V   0.97017 0.00814 0.02146 0.00023 ( 1)
 215 K   0.06342 0.91114 0.00130 0.02414 ( 2)
 216 N   0.93819 0.04603 0.01469 0.00108 ( 1)
 217 I   0.52263 0.45000 0.01359 0.01378 ( 1)
 218 T   0.93930 0.03917 0.02044 0.00109 ( 1)
 219 G   0.76746 0.20806 0.01842 0.00606 ( 1)
 220 G   0.93325 0.04307 0.02242 0.00126 ( 1)
 221 L   0.87614 0.10335 0.01781 0.00270 ( 1)
 222 R   0.52791 0.45016 0.01041 0.01152 ( 1)
 223 Q   0.91883 0.05694 0.02256 0.00168 ( 1)
 224 T   0.02612 0.94033 0.00076 0.03280 ( 2)
 225 P   0.00106 0.96031 0.00004 0.03859 ( 2)
 226 A   0.02380 0.95382 0.00039 0.02199 ( 2)
 227 R   0.03079 0.93751 0.00090 0.03080 ( 2)
 228 G   0.29963 0.67979 0.00489 0.01569 ( 2)
 229 -   0.40018 0.57505 0.00884 0.01593 ( 2)
 230 R   0.37646 0.58396 0.01520 0.02438 ( 2)
 231 S   0.49312 0.46907 0.01894 0.01888 ( 1)
 232 S   0.52608 0.43616 0.02020 0.01756 ( 1)
 233 L   0.88233 0.09194 0.02291 0.00282 ( 1)
 234 L   0.21857 0.75568 0.00484 0.02091 ( 2)
 235 S   0.05357 0.91977 0.00118 0.02548 ( 2)
 236 H   0.91534 0.06688 0.01616 0.00161 ( 1)
 237 A   0.34798 0.62457 0.00856 0.01890 ( 2)
 238 W   0.96104 0.00697 0.03173 0.00025 ( 1)
 239 T   0.96437 0.01032 0.02499 0.00032 ( 1)
 240 H   0.98201 0.00062 0.01736 0.00002 ( 1)
 241 S   0.00000 0.92428 0.00000 0.07572 ( 2)
 242 -   0.86572 0.08897 0.04109 0.00422 ( 1)

