Supplemental results for CODEML (seqf: algn  treef: tree)


dN/dS (w) for site classes (K=4)

site class             0        1       2a       2b
proportion       0.24498  0.35257  0.16500  0.23746
background w     0.11364  1.00000  0.11364  1.00000
foreground w     0.11364  1.00000  1.00000  1.00000

Naive Empirical Bayes (NEB) probabilities for 4 classes
(amino acids refer to 1st sequence: BT_Cry71Aa1)

   1 K   0.16418 0.09077 0.68392 0.06113 ( 3)
   2 V   0.31099 0.29837 0.18968 0.20096 ( 1)
   3 K   0.01624 0.58174 0.01021 0.39181 ( 2)
   4 S   0.01464 0.58329 0.00922 0.39285 ( 2)
   5 E   0.61910 0.00570 0.37136 0.00384 ( 1)
   6 L   0.57416 0.04573 0.34931 0.03080 ( 1)
   7 T   0.59470 0.01003 0.38851 0.00676 ( 1)
   8 R   0.62030 0.00285 0.37494 0.00192 ( 1)
   9 E   0.07952 0.52150 0.04774 0.35124 ( 2)
  10 I   0.62802 0.00357 0.36601 0.00240 ( 1)
  11 Y   0.39324 0.22198 0.23527 0.14951 ( 1)
  12 T   0.61668 0.00925 0.36783 0.00623 ( 1)
  13 D   0.63306 0.00178 0.36395 0.00120 ( 1)
  14 P   0.61198 0.00488 0.37986 0.00329 ( 1)
  15 V   0.43070 0.18332 0.26251 0.12347 ( 1)
  16 G   0.62389 0.00234 0.37219 0.00158 ( 1)
  17 V   0.04731 0.55099 0.03060 0.37110 ( 2)
  18 A   0.04730 0.50328 0.11046 0.33896 ( 2)
  19 T   0.10472 0.49461 0.06753 0.33313 ( 2)
  20 S   0.52819 0.08213 0.33436 0.05532 ( 1)
  21 T   0.13906 0.46148 0.08863 0.31082 ( 2)
  22 I   0.08017 0.46081 0.14865 0.31037 ( 2)
  23 P   0.01020 0.58775 0.00619 0.39586 ( 2)
  24 G   0.00143 0.59618 0.00086 0.40154 ( 2)
  25 L   0.08487 0.51342 0.05592 0.34579 ( 2)
  26 I   0.27275 0.33939 0.15928 0.22858 ( 2)
  27 P   0.61694 0.00559 0.37370 0.00377 ( 1)
  28 N   0.22244 0.38149 0.13912 0.25694 ( 2)
  29 W   0.21340 0.38702 0.13891 0.26067 ( 2)
  30 F   0.60965 0.01767 0.36077 0.01190 ( 1)
  31 D   0.00064 0.59673 0.00072 0.40191 ( 2)
  32 Y   0.03201 0.54164 0.06154 0.36480 ( 2)
  33 A   0.61377 0.00788 0.37305 0.00531 ( 1)
  34 P   0.04070 0.55812 0.02528 0.37590 ( 2)
  35 -   0.00197 0.59557 0.00133 0.40113 ( 2)
  36 S   0.00002 0.59752 0.00001 0.40244 ( 2)
  37 F   0.61991 0.00806 0.36660 0.00543 ( 1)
  38 N   0.00057 0.59701 0.00033 0.40210 ( 2)
  39 E   0.00649 0.59121 0.00411 0.39819 ( 2)
  40 L   0.58339 0.02998 0.36644 0.02019 ( 1)
  41 E   0.62021 0.00464 0.37202 0.00313 ( 1)
  42 L   0.33997 0.27072 0.20697 0.18234 ( 1)
  43 A   0.00693 0.59088 0.00422 0.39797 ( 2)
  44 L   0.30152 0.29864 0.19870 0.20114 ( 1)
  45 I   0.45315 0.16873 0.26448 0.11364 ( 1)
  46 P   0.21169 0.37466 0.16131 0.25234 ( 2)
  47 S   0.00789 0.59009 0.00458 0.39744 ( 2)
  48 P   0.60614 0.01596 0.36715 0.01075 ( 1)
  49 R   0.00101 0.59657 0.00062 0.40180 ( 2)
  50 T   0.37345 0.23918 0.22627 0.16109 ( 1)
  51 V   0.14239 0.22770 0.47654 0.15336 ( 3)
  52 T   0.05052 0.54965 0.02963 0.37020 ( 2)
  53 W   0.57409 0.03119 0.37370 0.02101 ( 1)
  54 L   0.47837 0.13221 0.30038 0.08904 ( 1)
  55 N   0.61417 0.02111 0.35051 0.01421 ( 1)
  56 K   0.10767 0.49495 0.06402 0.33336 ( 2)
  57 I   0.08676 0.51471 0.05186 0.34667 ( 2)
  58 T   0.00084 0.59674 0.00051 0.40191 ( 2)
  59 I   0.60852 0.02173 0.35512 0.01463 ( 1)
  60 S   0.00122 0.59636 0.00077 0.40166 ( 2)
  61 T   0.02389 0.57485 0.01409 0.38717 ( 2)
  62 G   0.12712 0.47625 0.07586 0.32076 ( 2)
  63 R   0.00000 0.59754 0.00000 0.40245 ( 2)
  64 L   0.05098 0.54795 0.03203 0.36905 ( 2)
  65 N   0.00121 0.59636 0.00077 0.40166 ( 2)
  66 G   0.00125 0.59630 0.00082 0.40162 ( 2)
  67 W   0.00851 0.58915 0.00554 0.39680 ( 2)
  68 S   0.03946 0.55878 0.02542 0.37635 ( 2)
  69 T   0.00012 0.59743 0.00007 0.40238 ( 2)
  70 S   0.04291 0.55575 0.02702 0.37431 ( 2)
  71 Q   0.05306 0.54524 0.03447 0.36723 ( 2)
  72 N   0.17254 0.42890 0.10969 0.28887 ( 2)
  73 Y   0.04303 0.55644 0.02576 0.37477 ( 2)
  74 W   0.40678 0.19625 0.26479 0.13218 ( 1)
  75 Q   0.08688 0.51304 0.05453 0.34554 ( 2)
  76 G   0.61997 0.00608 0.36985 0.00410 ( 1)
  77 H   0.38457 0.23126 0.22841 0.15576 ( 1)
  78 R   0.23909 0.36830 0.14456 0.24805 ( 2)
  79 L   0.54239 0.06677 0.34587 0.04497 ( 1)
  80 E   0.01631 0.58194 0.00979 0.39195 ( 2)
  81 Y   0.02658 0.53923 0.07102 0.36318 ( 2)
  82 S   0.01097 0.58671 0.00717 0.39516 ( 2)
  83 E   0.00382 0.59389 0.00230 0.39999 ( 2)
  84 T   0.61772 0.00526 0.37348 0.00354 ( 1)
  85 S   0.00676 0.59116 0.00392 0.39816 ( 2)
  86 A   0.04943 0.54987 0.03036 0.37035 ( 2)
  87 G   0.28339 0.32568 0.17159 0.21935 ( 2)
  88 N   0.00428 0.59352 0.00245 0.39975 ( 2)
  89 N   0.00226 0.59541 0.00131 0.40102 ( 2)
  90 I   0.00117 0.58816 0.01453 0.39614 ( 2)
  91 I   0.00009 0.59726 0.00038 0.40226 ( 2)
  92 S   0.10629 0.49717 0.06170 0.33485 ( 2)
  93 P   0.21647 0.38465 0.13981 0.25907 ( 2)
  94 T   0.23641 0.37342 0.13866 0.25151 ( 2)
  95 Y   0.61904 0.00646 0.37014 0.00435 ( 1)
  96 G   0.59934 0.00706 0.38884 0.00476 ( 1)
  97 D   0.00029 0.59372 0.00612 0.39988 ( 2)
  98 F   0.50440 0.11775 0.29855 0.07930 ( 1)
  99 N   0.19057 0.41127 0.12116 0.27700 ( 2)
 100 E   0.00618 0.56359 0.05063 0.37959 ( 2)
 101 S   0.56521 0.04718 0.35584 0.03177 ( 1)
 102 V   0.30687 0.30570 0.18154 0.20589 ( 1)
 103 A   0.00876 0.58922 0.00517 0.39685 ( 2)
 104 L   0.00012 0.59742 0.00009 0.40237 ( 2)
 105 H   0.00073 0.59685 0.00043 0.40199 ( 2)
 106 R   0.00007 0.59747 0.00004 0.40241 ( 2)
 107 D   0.06390 0.53737 0.03680 0.36193 ( 2)
 108 F   0.62650 0.00178 0.37051 0.00120 ( 1)
 109 S   0.14779 0.19027 0.53380 0.12815 ( 3)
 110 V   0.52518 0.09247 0.32007 0.06228 ( 1)
 111 L   0.19619 0.40460 0.12671 0.27250 ( 2)
 112 N   0.00169 0.59596 0.00097 0.40139 ( 2)
 113 R   0.51664 0.09243 0.32867 0.06225 ( 1)
 114 D   0.63306 0.00178 0.36395 0.00120 ( 1)
 115 V   0.54251 0.06112 0.35520 0.04117 ( 1)
 116 Y   0.59938 0.00431 0.39340 0.00290 ( 1)
 117 T   0.00347 0.59421 0.00210 0.40021 ( 2)
 118 M   0.00771 0.59012 0.00471 0.39746 ( 2)
 119 D   0.02214 0.57670 0.01274 0.38842 ( 2)
 120 S   0.29626 0.30906 0.18652 0.20816 ( 2)
 121 Y   0.00463 0.59312 0.00277 0.39948 ( 2)
 122 A   0.34568 0.26544 0.21011 0.17878 ( 1)
 123 V   0.01069 0.58726 0.00652 0.39553 ( 2)
 124 S   0.05445 0.54452 0.03429 0.36675 ( 2)
 125 Q   0.05442 0.54461 0.03416 0.36681 ( 2)
 126 F   0.00822 0.57583 0.02812 0.38783 ( 2)
 127 -   0.27983 0.31771 0.18847 0.21398 ( 2)
 128 -   0.34549 0.25205 0.23269 0.16976 ( 1)
 129 -   0.00946 0.58808 0.00637 0.39608 ( 2)
 130 -   0.11534 0.48220 0.07768 0.32477 ( 2)
 131 -   0.00505 0.59249 0.00340 0.39905 ( 2)
 132 -   0.42582 0.17172 0.28680 0.11566 ( 1)
 133 F   0.23998 0.36934 0.14193 0.24875 ( 2)
 134 G   0.22248 0.38526 0.13277 0.25948 ( 2)
 135 I   0.36682 0.12116 0.43041 0.08161 ( 3)
 136 S   0.50429 0.12124 0.29282 0.08166 ( 1)
 137 T   0.00001 0.59753 0.00001 0.40245 ( 2)
 138 A   0.00988 0.58815 0.00584 0.39613 ( 2)
 139 T   0.01894 0.57884 0.01237 0.38986 ( 2)
 140 L   0.59762 0.02318 0.36358 0.01562 ( 1)
 141 F   0.39140 0.22526 0.23162 0.15172 ( 1)
 142 G   0.00102 0.59656 0.00063 0.40179 ( 2)
 143 V   0.61600 0.01162 0.36455 0.00783 ( 1)
 144 S   0.29018 0.32005 0.17421 0.21556 ( 2)
 145 D   0.00146 0.59617 0.00084 0.40153 ( 2)
 146 N   0.07237 0.52965 0.04126 0.35672 ( 2)
 147 D   0.46912 0.06020 0.43014 0.04054 ( 1)
 148 F   0.00002 0.59753 0.00001 0.40245 ( 2)
 149 Q   0.44856 0.16130 0.28149 0.10864 ( 1)
 150 Y   0.00424 0.59334 0.00279 0.39963 ( 2)
 151 Q   0.37320 0.23461 0.23418 0.15801 ( 1)
 152 D   0.09104 0.50834 0.05825 0.34237 ( 2)
 153 L   0.00035 0.59721 0.00021 0.40223 ( 2)
 154 N   0.55324 0.07809 0.31608 0.05259 ( 1)
 155 S   0.03810 0.56156 0.02212 0.37822 ( 2)
 156 N   0.32397 0.29348 0.18489 0.19766 ( 1)
 157 R   0.00325 0.57908 0.02764 0.39002 ( 2)
 158 P   0.28366 0.32282 0.17610 0.21742 ( 2)
 159 G   0.26245 0.33897 0.17028 0.22830 ( 2)
 160 E   0.00650 0.56196 0.05305 0.37849 ( 2)
 161 I   0.02795 0.51598 0.10855 0.34752 ( 2)
 162 S   0.00252 0.59159 0.00744 0.39845 ( 2)
 163 Y   0.00012 0.59743 0.00007 0.40238 ( 2)
 164 T   0.27726 0.33170 0.16763 0.22341 ( 2)
 165 N   0.60693 0.02338 0.35394 0.01575 ( 1)
 166 P   0.21057 0.39358 0.13078 0.26508 ( 2)
 167 P   0.25992 0.34816 0.15744 0.23449 ( 2)
 168 S   0.44281 0.17930 0.25713 0.12076 ( 1)
 169 W   0.03425 0.56375 0.02230 0.37970 ( 2)
 170 G   0.01232 0.58578 0.00736 0.39454 ( 2)
 171 G   0.00219 0.59539 0.00142 0.40100 ( 2)
 172 L   0.00010 0.59745 0.00006 0.40239 ( 2)
 173 H   0.00030 0.59725 0.00019 0.40226 ( 2)
 174 I   0.04321 0.55666 0.02522 0.37492 ( 2)
 175 Y   0.58584 0.03816 0.35030 0.02570 ( 1)
 176 S   0.29861 0.31213 0.17903 0.21023 ( 2)
 177 E   0.05910 0.54100 0.03552 0.36437 ( 2)
 178 L   0.27783 0.32726 0.17450 0.22041 ( 2)
 179 P   0.01279 0.58525 0.00778 0.39418 ( 2)
 180 A   0.00938 0.58831 0.00606 0.39624 ( 2)
 181 K   0.01971 0.14834 0.73205 0.09991 ( 3)
 182 P   0.60091 0.01559 0.37299 0.01050 ( 1)
 183 T   0.60183 0.02027 0.36426 0.01365 ( 1)
 184 I   0.03474 0.53189 0.07513 0.35824 ( 2)
 185 P   0.01488 0.58326 0.00903 0.39283 ( 2)
 186 G   0.00109 0.59647 0.00071 0.40173 ( 2)
 187 I   0.00443 0.58569 0.01542 0.39447 ( 2)
 188 E   0.00025 0.59730 0.00015 0.40229 ( 2)
 189 P   0.61389 0.00302 0.38105 0.00204 ( 1)
 190 G   0.18798 0.41570 0.11634 0.27998 ( 2)
 191 R   0.06098 0.53792 0.03880 0.36230 ( 2)
 192 P   0.32267 0.28499 0.20039 0.19195 ( 1)
 193 T   0.58221 0.04258 0.34653 0.02868 ( 1)
 194 A   0.05985 0.54065 0.03537 0.36414 ( 2)
 195 N   0.42894 0.17825 0.27275 0.12006 ( 1)
 196 D   0.38207 0.09995 0.45066 0.06732 ( 3)
 197 Y   0.61904 0.00646 0.37014 0.00435 ( 1)
 198 S   0.62018 0.01206 0.35964 0.00812 ( 1)
 199 H   0.60440 0.00177 0.39263 0.00119 ( 1)
 200 R   0.61207 0.01073 0.36997 0.00723 ( 1)
 201 L   0.59819 0.01224 0.38133 0.00824 ( 1)
 202 T   0.59035 0.01730 0.38069 0.01165 ( 1)
 203 Y   0.34062 0.27230 0.20368 0.18340 ( 1)
 204 L   0.35800 0.24545 0.23125 0.16531 ( 1)
 205 T   0.52998 0.08924 0.32067 0.06011 ( 1)
 206 A   0.53570 0.08858 0.31606 0.05966 ( 1)
 207 S   0.29486 0.31554 0.17707 0.21252 ( 2)
 208 R   0.00444 0.59325 0.00274 0.39957 ( 2)
 209 A   0.03074 0.56791 0.01886 0.38250 ( 2)
 210 G   0.00050 0.59705 0.00032 0.40213 ( 2)
 211 T   0.04544 0.55448 0.02662 0.37345 ( 2)
 212 A   0.54099 0.08350 0.31927 0.05624 ( 1)
 213 -   0.04851 0.54903 0.03267 0.36978 ( 2)
 214 -   0.24498 0.35257 0.16500 0.23746 ( 2)
 215 -   0.24498 0.35257 0.16500 0.23746 ( 2)
 216 -   0.24498 0.35257 0.16500 0.23746 ( 2)
 217 -   0.24498 0.35257 0.16500 0.23746 ( 2)
 218 -   0.24498 0.35257 0.16500 0.23746 ( 2)
 219 -   0.24498 0.35257 0.16500 0.23746 ( 2)
 220 -   0.24498 0.35257 0.16500 0.23746 ( 2)
 221 -   0.24498 0.35257 0.16500 0.23746 ( 2)
 222 G   0.61197 0.00572 0.37846 0.00385 ( 1)
 223 H   0.01183 0.58628 0.00703 0.39487 ( 2)
 224 V   0.61600 0.01162 0.36455 0.00783 ( 1)
 225 L   0.53099 0.07997 0.33518 0.05386 ( 1)
 226 C   0.21540 0.39046 0.13116 0.26298 ( 2)
 227 Y   0.06749 0.49358 0.10650 0.33243 ( 2)
 228 G   0.59535 0.00838 0.39062 0.00565 ( 1)
 229 W   0.57409 0.03119 0.37370 0.02101 ( 1)
 230 T   0.61426 0.00858 0.37139 0.00578 ( 1)
 231 S   0.56926 0.05308 0.34191 0.03575 ( 1)
 232 S   0.01922 0.57882 0.01212 0.38984 ( 2)
 233 T   0.58464 0.04325 0.34298 0.02913 ( 1)


lnL = -3509.461692

