Supplemental results for CODEML (seqf: algn  treef: tree)


dN/dS (w) for site classes (K=4)

site class             0        1       2a       2b
proportion       0.50576  0.28164  0.13656  0.07604
background w     0.10167  1.00000  0.10167  1.00000
foreground w     0.10167  1.00000  1.00000  1.00000

Naive Empirical Bayes (NEB) probabilities for 4 classes
(amino acids refer to 1st sequence: BT_Cry1Ia11)

   1 S   0.85287 0.02189 0.11932 0.00591 ( 1)
   2 I   0.86983 0.01473 0.11146 0.00398 ( 1)
   3 T   0.86499 0.01153 0.12037 0.00311 ( 1)
   4 Q   0.84778 0.00332 0.14800 0.00090 ( 1)
   5 I   0.46915 0.25860 0.20242 0.06982 ( 1)
   6 P   0.85764 0.00527 0.13566 0.00142 ( 1)
   7 L   0.62685 0.21907 0.09494 0.05915 ( 1)
   8 V   0.86478 0.01117 0.12103 0.00302 ( 1)
   9 K   0.84429 0.03534 0.11083 0.00954 ( 1)
  10 A   0.76530 0.07967 0.13352 0.02151 ( 1)
  11 F   0.12210 0.66529 0.03297 0.17963 ( 2)
  12 N   0.54183 0.24557 0.14630 0.06631 ( 1)
  13 -   0.59193 0.19546 0.15983 0.05278 ( 1)
  14 -   0.58543 0.20196 0.15807 0.05453 ( 1)
  15 -   0.58543 0.20196 0.15807 0.05453 ( 1)
  16 -   0.22979 0.55760 0.06205 0.15056 ( 2)
  17 L   0.16373 0.59198 0.08445 0.15984 ( 2)
  18 S   0.04497 0.30090 0.57288 0.08125 ( 3)
  19 S   0.82875 0.04806 0.11022 0.01298 ( 1)
  20 G   0.04939 0.55301 0.24829 0.14932 ( 2)
  21 A   0.05161 0.32607 0.53428 0.08804 ( 3)
  22 A   0.39684 0.38793 0.11049 0.10474 ( 1)
  23 V   0.46778 0.09176 0.41569 0.02478 ( 1)
  24 V   0.66697 0.10101 0.20474 0.02727 ( 1)
  25 R   0.44668 0.19351 0.30756 0.05225 ( 1)
  26 G   0.80567 0.02040 0.16841 0.00551 ( 1)
  27 P   0.86969 0.00447 0.12463 0.00121 ( 1)
  28 G   0.87590 0.00582 0.11670 0.00157 ( 1)
  29 F   0.71134 0.14356 0.10634 0.03876 ( 1)
  30 T   0.87765 0.00918 0.11070 0.00248 ( 1)
  31 G   0.85587 0.00857 0.13325 0.00231 ( 1)
  32 G   0.85523 0.00911 0.13320 0.00246 ( 1)
  33 D   0.10688 0.65523 0.06098 0.17692 ( 2)
  34 I   0.65480 0.16133 0.14031 0.04356 ( 1)
  35 L   0.46855 0.19583 0.28274 0.05288 ( 1)
  36 R   0.14949 0.58193 0.11145 0.15713 ( 2)
  37 R   0.20975 0.39505 0.28853 0.10667 ( 2)
  38 T   0.02784 0.72496 0.05145 0.19575 ( 2)
  39 N   0.29116 0.52173 0.04624 0.14087 ( 2)
  40 T   0.00175 0.78573 0.00037 0.21215 ( 2)
  41 G   0.72586 0.04749 0.21383 0.01282 ( 1)
  42 T   0.00006 0.78722 0.00017 0.21256 ( 2)
  43 F   0.17021 0.36579 0.36523 0.09877 ( 2)
  44 G   0.51692 0.27048 0.13957 0.07303 ( 1)
  45 D   0.14744 0.63995 0.03981 0.17279 ( 2)
  46 I   0.55280 0.23460 0.14926 0.06334 ( 1)
  47 R   0.36171 0.42568 0.09767 0.11494 ( 2)
  48 V   0.61040 0.24050 0.08416 0.06494 ( 1)
  49 N   0.01504 0.73456 0.05207 0.19834 ( 2)
  50 I   0.64040 0.14736 0.17246 0.03979 ( 1)
  51 N   0.87832 0.00870 0.11064 0.00235 ( 1)
  52 -   0.50576 0.28164 0.13656 0.07604 ( 1)
  53 -   0.50576 0.28164 0.13656 0.07604 ( 1)
  54 -   0.50576 0.28164 0.13656 0.07604 ( 1)
  55 -   0.50576 0.28164 0.13656 0.07604 ( 1)
  56 -   0.50576 0.28164 0.13656 0.07604 ( 1)
  57 P   0.84657 0.02501 0.12167 0.00675 ( 1)
  58 P   0.85764 0.00527 0.13566 0.00142 ( 1)
  59 F   0.85100 0.02067 0.12275 0.00558 ( 1)
  60 A   0.14098 0.65484 0.02737 0.17681 ( 2)
  61 Q   0.84778 0.00332 0.14800 0.00090 ( 1)
  62 R   0.81732 0.05351 0.11472 0.01445 ( 1)
  63 Y   0.86873 0.00353 0.12679 0.00095 ( 1)
  64 R   0.80949 0.05036 0.12655 0.01360 ( 1)
  65 V   0.30583 0.36962 0.22475 0.09980 ( 2)
  66 R   0.83954 0.02325 0.13094 0.00628 ( 1)
  67 I   0.77164 0.10010 0.10123 0.02703 ( 1)
  68 R   0.53269 0.30268 0.08290 0.08173 ( 1)
  69 Y   0.86711 0.01811 0.10989 0.00489 ( 1)
  70 A   0.75312 0.07155 0.15601 0.01932 ( 1)
  71 S   0.17747 0.51646 0.16662 0.13945 ( 2)
  72 T   0.53595 0.28631 0.10043 0.07731 ( 1)
  73 -   0.84798 0.03541 0.10704 0.00956 ( 1)
  74 T   0.40033 0.21777 0.32311 0.05880 ( 1)
  75 D   0.84584 0.00443 0.14853 0.00120 ( 1)
  76 L   0.34165 0.27707 0.30646 0.07481 ( 1)
  77 Q   0.64985 0.16232 0.14400 0.04383 ( 1)
  78 F   0.22109 0.30855 0.38705 0.08331 ( 3)
  79 H   0.00308 0.78362 0.00172 0.21158 ( 2)
  80 T   0.25364 0.39372 0.24633 0.10631 ( 2)
  81 S   0.05905 0.72937 0.01464 0.19694 ( 2)
  82 I   0.17624 0.53267 0.14726 0.14382 ( 2)
  83 N   0.00013 0.78719 0.00013 0.21255 ( 2)
  84 G   0.04666 0.73459 0.02041 0.19834 ( 2)
  85 K   0.07948 0.50191 0.28310 0.13552 ( 2)
  86 A   0.02260 0.66657 0.13085 0.17998 ( 2)
  87 I   0.37505 0.11855 0.47440 0.03201 ( 3)
  88 N   0.45772 0.05482 0.47266 0.01480 ( 3)
  89 Q   0.02016 0.76508 0.00819 0.20658 ( 2)
  90 G   0.57668 0.21072 0.15571 0.05689 ( 1)
  91 N   0.44721 0.39368 0.05282 0.10630 ( 1)
  92 F   0.37943 0.08041 0.51845 0.02171 ( 3)
  93 S   0.74130 0.12388 0.10137 0.03345 ( 1)
  94 A   0.16905 0.53160 0.15581 0.14354 ( 2)
  95 T   0.78045 0.07295 0.12690 0.01970 ( 1)
  96 M   0.54650 0.29527 0.07850 0.07973 ( 1)
  97 N   0.88168 0.01034 0.10519 0.00279 ( 1)
  98 R   0.83721 0.00639 0.15467 0.00173 ( 1)
  99 G   0.35277 0.25748 0.32024 0.06952 ( 1)
 100 E   0.23245 0.57117 0.04217 0.15422 ( 2)
 101 -   0.77496 0.09379 0.10593 0.02532 ( 1)
 102 -   0.80559 0.07240 0.10245 0.01955 ( 1)
 103 -   0.72541 0.09356 0.15577 0.02526 ( 1)
 104 D   0.87729 0.01371 0.10530 0.00370 ( 1)
 105 L   0.84737 0.00964 0.14038 0.00260 ( 1)
 106 D   0.41360 0.40451 0.07266 0.10922 ( 1)
 107 Y   0.37117 0.41518 0.10155 0.11210 ( 2)
 108 K   0.73234 0.12043 0.11472 0.03252 ( 1)
 109 T   0.78587 0.09105 0.09849 0.02458 ( 1)
 110 F   0.85295 0.03270 0.10552 0.00883 ( 1)
 111 R   0.76295 0.05193 0.17110 0.01402 ( 1)
 112 T   0.69701 0.15644 0.10431 0.04224 ( 1)
 113 V   0.86478 0.01117 0.12103 0.00302 ( 1)
 114 G   0.17173 0.61612 0.04579 0.16636 ( 2)
 115 F   0.84708 0.03211 0.11214 0.00867 ( 1)
 116 T   0.80078 0.05618 0.12787 0.01517 ( 1)
 117 T   0.72105 0.13871 0.10280 0.03745 ( 1)
 118 P   0.00052 0.78682 0.00022 0.21245 ( 2)
 119 F   0.88602 0.00344 0.10962 0.00093 ( 1)
 120 S   0.38615 0.42304 0.07659 0.11422 ( 2)
 121 F   0.04661 0.73608 0.01856 0.19875 ( 2)
 122 L   0.01049 0.76498 0.01799 0.20655 ( 2)
 123 D   0.08637 0.70012 0.02447 0.18904 ( 2)
 124 V   0.33939 0.48460 0.04516 0.13085 ( 2)
 125 Q   0.00505 0.78232 0.00140 0.21123 ( 2)
 126 -   0.50576 0.28164 0.13656 0.07604 ( 1)
 127 S   0.73590 0.11960 0.11220 0.03229 ( 1)
 128 T   0.00128 0.78464 0.00222 0.21186 ( 2)
 129 F   0.01190 0.77215 0.00747 0.20849 ( 2)
 130 T   0.04043 0.74953 0.00767 0.20238 ( 2)
 131 I   0.18364 0.59532 0.06030 0.16074 ( 2)
 132 G   0.01724 0.76656 0.00922 0.20698 ( 2)
 133 A   0.16245 0.57231 0.11072 0.15453 ( 2)
 134 W   0.00004 0.78728 0.00010 0.21257 ( 2)
 135 N   0.76838 0.10014 0.10444 0.02704 ( 1)
 136 F   0.37067 0.22628 0.34196 0.06110 ( 1)
 137 S   0.20424 0.52856 0.12448 0.14272 ( 2)
 138 S   0.03913 0.59861 0.20063 0.16163 ( 2)
 139 G   0.15217 0.55070 0.14843 0.14869 ( 2)
 140 N   0.66274 0.18235 0.10568 0.04924 ( 1)
 141 E   0.72868 0.12782 0.10899 0.03451 ( 1)
 142 V   0.56225 0.25576 0.11294 0.06906 ( 1)
 143 Y   0.60172 0.23204 0.10358 0.06265 ( 1)
 144 I   0.83661 0.01179 0.14842 0.00318 ( 1)
 145 D   0.74607 0.09045 0.13906 0.02442 ( 1)
 146 R   0.86390 0.01568 0.11619 0.00423 ( 1)
 147 I   0.86555 0.01443 0.11612 0.00390 ( 1)
 148 E   0.87606 0.00335 0.11968 0.00091 ( 1)
 149 F   0.88602 0.00344 0.10962 0.00093 ( 1)
 150 V   0.76649 0.06862 0.14636 0.01853 ( 1)
 151 P   0.85397 0.00842 0.13534 0.00227 ( 1)


lnL = -1781.347617

