Supplemental results for CODEML (seqf: algn  treef: tree)


dN/dS (w) for site classes (K=4)

site class             0        1       2a       2b
proportion       0.36094  0.59887  0.01511  0.02507
background w     0.10888  1.00000  0.10888  1.00000
foreground w     0.10888  1.00000 59.47126 59.47126

Naive Empirical Bayes (NEB) probabilities for 4 classes
(amino acids refer to 1st sequence: BT_Cry16Aa1)

   1 -   0.36275 0.59707 0.01519 0.02500 ( 2)
   2 -   0.12880 0.83102 0.00539 0.03479 ( 2)
   3 -   0.04984 0.90997 0.00209 0.03810 ( 2)
   4 -   0.82711 0.13271 0.03463 0.00556 ( 1)
   5 M   0.08658 0.87324 0.00362 0.03656 ( 2)
   6 Q   0.95733 0.00249 0.04008 0.00010 ( 1)
   7 T   0.99650 0.00110 0.00239 0.00000 ( 1)
   8 L   0.91841 0.01524 0.06482 0.00153 ( 1)
   9 T   0.98173 0.00003 0.01824 0.00000 ( 1)
  10 R   0.97372 0.00000 0.02627 0.00000 ( 1)
  11 K   0.99554 0.00209 0.00237 0.00001 ( 1)
  12 V   0.91677 0.08127 0.00175 0.00021 ( 1)
  13 Y   0.99795 0.00002 0.00203 0.00000 ( 1)
  14 S   0.98730 0.00317 0.00948 0.00004 ( 1)
  15 D   0.99568 0.00010 0.00422 0.00000 ( 1)
  16 P   0.97736 0.00029 0.02234 0.00001 ( 1)
  17 V   0.98972 0.00853 0.00172 0.00002 ( 1)
  18 N   0.99581 0.00099 0.00320 0.00001 ( 1)
  19 F   0.22633 0.77262 0.00022 0.00083 ( 2)
  20 I   0.36094 0.59887 0.01511 0.02507 ( 2)
  21 D   0.00401 0.95464 0.00132 0.04003 ( 2)
  22 E   0.11586 0.88306 0.00010 0.00098 ( 2)
  23 N   0.98633 0.01264 0.00102 0.00002 ( 1)
  24 I   0.00002 0.96817 0.00000 0.03181 ( 2)
  25 P   0.78657 0.21222 0.00092 0.00029 ( 1)
  26 I   0.94576 0.05172 0.00232 0.00020 ( 1)
  27 S   0.20575 0.76425 0.00502 0.02498 ( 2)
  28 E   0.85760 0.13989 0.00198 0.00053 ( 1)
  29 Y   0.99750 0.00019 0.00231 0.00000 ( 1)
  30 E   0.99579 0.00249 0.00172 0.00001 ( 1)
  31 K   0.24672 0.74840 0.00079 0.00409 ( 2)
  32 M   0.30174 0.69697 0.00031 0.00098 ( 2)
  33 Y   0.99743 0.00054 0.00203 0.00000 ( 1)
  34 N   0.98764 0.01068 0.00166 0.00002 ( 1)
  35 I   0.01898 0.96982 0.00018 0.01102 ( 2)
  36 S   0.00057 0.46591 0.01671 0.51680 ( 4)
  37 P   0.98930 0.00343 0.00724 0.00003 ( 1)
  38 E   0.02652 0.96696 0.00014 0.00638 ( 2)
  39 L   0.00238 0.96415 0.00043 0.03304 ( 2)
  40 F   0.99824 0.00002 0.00174 0.00000 ( 1)
  41 S   0.00008 0.99167 0.00000 0.00824 ( 2)
  42 T   0.08541 0.91322 0.00009 0.00128 ( 2)
  43 L   0.99876 0.00001 0.00123 0.00000 ( 1)
  44 F   0.00262 0.99502 0.00001 0.00235 ( 2)
  45 S   0.00000 0.86355 0.00001 0.13644 ( 2)
  46 I   0.01420 0.87897 0.00611 0.10072 ( 2)
  47 S   0.01163 0.98566 0.00002 0.00269 ( 2)
  48 F   0.95876 0.02113 0.01961 0.00050 ( 1)
  49 Y   0.99007 0.00849 0.00142 0.00002 ( 1)
  50 T   0.94654 0.05136 0.00194 0.00015 ( 1)
  51 N   0.03165 0.96690 0.00004 0.00141 ( 2)
  52 K   0.00978 0.98787 0.00002 0.00232 ( 2)
  53 S   0.02331 0.97486 0.00003 0.00179 ( 2)
  54 G   0.00196 0.99618 0.00000 0.00186 ( 2)
  55 -   0.04056 0.95740 0.00006 0.00198 ( 2)
  56 -   0.01034 0.97385 0.00015 0.01566 ( 2)
  57 -   0.48659 0.47323 0.02037 0.01981 ( 1)
  58 -   0.68354 0.27628 0.02862 0.01157 ( 1)
  59 -   0.36094 0.59887 0.01511 0.02507 ( 2)
  60 N   0.00019 0.96331 0.00005 0.03646 ( 2)
  61 K   0.00078 0.99697 0.00000 0.00225 ( 2)
  62 F   0.00963 0.98919 0.00001 0.00117 ( 2)
  63 L   0.99797 0.00063 0.00140 0.00000 ( 1)
  64 N   0.88131 0.11616 0.00211 0.00042 ( 1)
  65 G   0.99911 0.00006 0.00083 0.00000 ( 1)
  66 H   0.92405 0.07259 0.00297 0.00040 ( 1)
  67 V   0.00040 0.93033 0.00003 0.06924 ( 2)
  68 N   0.98867 0.00148 0.00983 0.00002 ( 1)
  69 R   0.03313 0.96607 0.00002 0.00078 ( 2)
  70 H   0.95870 0.03923 0.00195 0.00011 ( 1)
  71 V   0.00036 0.99797 0.00000 0.00167 ( 2)
  72 G   0.00011 0.97679 0.00001 0.02309 ( 2)
  73 T   0.25520 0.73276 0.00372 0.00832 ( 2)
  74 D   0.00000 0.12941 0.00075 0.86984 ( 4)
  75 L   0.00016 0.99302 0.00000 0.00682 ( 2)
  76 N   0.49419 0.50480 0.00044 0.00057 ( 2)
  77 Y   0.23925 0.73586 0.01154 0.01335 ( 2)
  78 N   0.00265 0.99640 0.00000 0.00094 ( 2)
  79 G   0.03117 0.94362 0.00539 0.01982 ( 2)
  80 L   0.63237 0.32744 0.02648 0.01371 ( 1)
  81 R   0.00145 0.96878 0.00034 0.02942 ( 2)
  82 E   0.84465 0.13267 0.01901 0.00367 ( 1)
  83 T   0.21821 0.78073 0.00019 0.00087 ( 2)
  84 H   0.00080 0.96369 0.00027 0.03525 ( 2)
  85 Y   0.01053 0.98741 0.00002 0.00203 ( 2)
  86 G   0.99916 0.00001 0.00083 0.00000 ( 1)
  87 N   0.08222 0.89974 0.00412 0.01392 ( 2)
  88 Y   0.07231 0.88751 0.00303 0.03716 ( 2)
  89 G   0.00960 0.98900 0.00001 0.00139 ( 2)
  90 S   0.00154 0.99628 0.00000 0.00217 ( 2)
  91 N   0.00500 0.86640 0.00627 0.12233 ( 2)
  92 Y   0.00278 0.99413 0.00001 0.00308 ( 2)
  93 E   0.01112 0.97859 0.00006 0.01022 ( 2)
  94 V   0.00884 0.83483 0.00347 0.15287 ( 2)
  95 E   0.00006 0.98682 0.00000 0.01311 ( 2)
  96 S   0.07454 0.92377 0.00010 0.00159 ( 2)
  97 M   0.00141 0.99678 0.00000 0.00181 ( 2)
  98 A   0.77133 0.06753 0.15922 0.00192 ( 1)
  99 F   0.84512 0.14740 0.00625 0.00123 ( 1)
 100 D   0.02227 0.97550 0.00004 0.00219 ( 2)
 101 D   0.92629 0.07010 0.00320 0.00041 ( 1)
 102 I   0.14676 0.85090 0.00025 0.00209 ( 2)
 103 -   0.36094 0.59887 0.01511 0.02507 ( 2)
 104 -   0.36094 0.59887 0.01511 0.02507 ( 2)
 105 -   0.36094 0.59887 0.01511 0.02507 ( 2)
 106 -   0.36094 0.59887 0.01511 0.02507 ( 2)
 107 -   0.53631 0.42351 0.02245 0.01773 ( 1)
 108 -   0.24431 0.71550 0.01023 0.02996 ( 2)
 109 K   0.01880 0.97637 0.00009 0.00474 ( 2)
 110 A   0.40287 0.50935 0.07427 0.01350 ( 2)
 111 Y   0.99794 0.00003 0.00203 0.00000 ( 1)
 112 S   0.48228 0.51563 0.00083 0.00126 ( 2)
 113 N   0.93517 0.06305 0.00163 0.00016 ( 1)
 114 N   0.37552 0.62321 0.00039 0.00088 ( 2)
 115 Y   0.17710 0.82110 0.00025 0.00154 ( 2)
 116 F   0.00874 0.98490 0.00003 0.00632 ( 2)
 117 N   0.96346 0.03543 0.00106 0.00005 ( 1)
 118 N   0.00016 0.01424 0.67309 0.31252 ( 3)
 119 T   0.00008 0.89575 0.00007 0.10409 ( 2)
 120 Q   0.02755 0.96665 0.00010 0.00570 ( 2)
 121 N   0.00359 0.99196 0.00001 0.00445 ( 2)
 122 N   0.00212 0.99443 0.00001 0.00344 ( 2)
 123 N   0.00752 0.95230 0.00031 0.03987 ( 2)
 124 P   0.02726 0.93255 0.00114 0.03904 ( 2)
 125 T   0.17324 0.78658 0.00725 0.03293 ( 2)
 126 -   0.36094 0.59887 0.01511 0.02507 ( 2)
 127 S   0.04195 0.95711 0.00003 0.00091 ( 2)
 128 V   0.01750 0.98174 0.00001 0.00075 ( 2)
 129 K   0.00998 0.97899 0.00006 0.01097 ( 2)
 130 S   0.00137 0.99574 0.00000 0.00288 ( 2)
 131 I   0.91810 0.08084 0.00095 0.00011 ( 1)
 132 K   0.34819 0.65109 0.00024 0.00048 ( 2)
 133 F   0.01699 0.98162 0.00002 0.00138 ( 2)
 134 L   0.00532 0.99342 0.00001 0.00125 ( 2)
 135 I   0.02004 0.97855 0.00002 0.00139 ( 2)
 136 T   0.00002 0.98841 0.00000 0.01157 ( 2)
 137 K   0.00055 0.98808 0.00001 0.01136 ( 2)
 138 N   0.05873 0.93828 0.00012 0.00287 ( 2)
 139 N   0.00008 0.69152 0.00288 0.30552 ( 2)
 140 D   0.27097 0.72720 0.00038 0.00145 ( 2)
 141 E   0.15007 0.84845 0.00016 0.00132 ( 2)
 142 W   0.00093 0.99148 0.00000 0.00759 ( 2)
 143 I   0.00000 0.99189 0.00000 0.00811 ( 2)
 144 Y   0.00711 0.98910 0.00002 0.00377 ( 2)
 145 G   0.65415 0.34418 0.00096 0.00071 ( 1)
 146 E   0.97879 0.02038 0.00081 0.00002 ( 1)
 147 P   0.00231 0.91841 0.00102 0.07826 ( 2)
 148 D   0.00000 0.89886 0.00001 0.10113 ( 2)
 149 S   0.00000 0.86958 0.00000 0.13042 ( 2)
 150 S   0.29158 0.70325 0.00101 0.00416 ( 2)
 151 N   0.00190 0.99642 0.00000 0.00168 ( 2)
 152 I   0.00011 0.97126 0.00000 0.02863 ( 2)
 153 D   0.19275 0.76706 0.00807 0.03211 ( 2)
 154 F   0.05672 0.90310 0.00237 0.03781 ( 2)
 155 T   0.07394 0.88588 0.00310 0.03709 ( 2)
 156 R   0.48465 0.47517 0.02029 0.01989 ( 1)
 157 N   0.46674 0.49308 0.01954 0.02064 ( 2)
 158 I   0.29588 0.66394 0.01239 0.02780 ( 2)
 159 -   0.00003 0.11313 0.00152 0.88532 ( 4)
 160 -   0.00050 0.99790 0.00000 0.00160 ( 2)
 161 -   0.40071 0.59644 0.00089 0.00196 ( 2)
 162 -   0.00034 0.93972 0.00019 0.05976 ( 2)
 163 -   0.03486 0.96277 0.00008 0.00229 ( 2)
 164 -   0.07730 0.92103 0.00010 0.00158 ( 2)
 165 -   0.00002 0.96463 0.00001 0.03534 ( 2)
 166 -   0.04287 0.95619 0.00003 0.00090 ( 2)
 167 -   0.41708 0.54274 0.01746 0.02272 ( 2)
 168 -   0.47732 0.48250 0.01998 0.02020 ( 2)
 169 Q   0.00358 0.99281 0.00001 0.00361 ( 2)
 170 G   0.01103 0.98487 0.00003 0.00407 ( 2)
 171 Y   0.02924 0.74826 0.04709 0.17541 ( 2)
 172 L   0.00070 0.99301 0.00000 0.00629 ( 2)
 173 S   0.00001 0.99727 0.00000 0.00272 ( 2)
 174 N   0.00017 0.99875 0.00000 0.00108 ( 2)
 175 L   0.99678 0.00132 0.00190 0.00000 ( 1)
 176 N   0.23364 0.76134 0.00075 0.00427 ( 2)
 177 N   0.01031 0.98315 0.00004 0.00650 ( 2)
 178 E   0.00327 0.99318 0.00001 0.00354 ( 2)
 179 S   0.99355 0.00324 0.00319 0.00002 ( 1)
 180 Y   0.15850 0.83918 0.00022 0.00210 ( 2)
 181 T   0.91539 0.08248 0.00188 0.00025 ( 1)
 182 H   0.99864 0.00001 0.00135 0.00000 ( 1)
 183 S   0.00567 0.99362 0.00000 0.00070 ( 2)
 184 L   0.99872 0.00014 0.00115 0.00000 ( 1)
 185 S   0.99843 0.00040 0.00117 0.00000 ( 1)
 186 D   0.99759 0.00011 0.00231 0.00000 ( 1)
 187 M   0.26091 0.73666 0.00050 0.00193 ( 2)
 188 I   0.99745 0.00016 0.00239 0.00000 ( 1)
 189 L   0.94776 0.05122 0.00095 0.00007 ( 1)
 190 A   0.03077 0.92905 0.00129 0.03890 ( 2)
 191 N   0.01448 0.94534 0.00061 0.03958 ( 2)
 192 N   0.77365 0.18616 0.03239 0.00779 ( 1)
 193 D   0.06834 0.89148 0.00286 0.03732 ( 2)
 194 K   0.79285 0.16697 0.03319 0.00699 ( 1)
 195 -   0.40036 0.55945 0.01676 0.02342 ( 2)
 196 I   0.03291 0.92690 0.00138 0.03881 ( 2)
 197 Q   0.17237 0.78744 0.00722 0.03297 ( 2)
 198 I   0.00237 0.95745 0.00010 0.04009 ( 2)
 199 N   0.00326 0.95655 0.00014 0.04005 ( 2)
 200 I   0.14777 0.81205 0.00619 0.03400 ( 2)
 201 D   0.03840 0.96050 0.00003 0.00107 ( 2)
 202 T   0.13008 0.86892 0.00011 0.00090 ( 2)
 203 P   0.98372 0.01305 0.00316 0.00007 ( 1)
 204 H   0.02968 0.17789 0.72412 0.06831 ( 3)
 205 S   0.05960 0.93879 0.00009 0.00152 ( 2)
 206 Y   0.99842 0.00033 0.00125 0.00000 ( 1)
 207 S   0.97738 0.02133 0.00125 0.00004 ( 1)
 208 Y   0.99859 0.00001 0.00140 0.00000 ( 1)
 209 S   0.93210 0.06663 0.00116 0.00011 ( 1)
 210 W   0.99708 0.00175 0.00117 0.00000 ( 1)
 211 I   0.99631 0.00164 0.00205 0.00000 ( 1)
 212 Y   0.99745 0.00120 0.00134 0.00000 ( 1)
 213 K   0.00097 0.99604 0.00000 0.00299 ( 2)
 214 -   0.03940 0.92042 0.00165 0.03854 ( 2)
 215 -   0.59551 0.36431 0.02493 0.01525 ( 1)
 216 -   0.32263 0.63719 0.01351 0.02668 ( 2)
 217 -   0.83001 0.12980 0.03475 0.00543 ( 1)
 218 -   0.22182 0.73800 0.00929 0.03090 ( 2)
 219 -   0.20233 0.75748 0.00847 0.03171 ( 2)
 220 -   0.45714 0.50267 0.01914 0.02105 ( 2)
 221 -   0.23025 0.72957 0.00964 0.03055 ( 2)
 222 -   0.37676 0.58306 0.01577 0.02441 ( 2)
 223 -   0.36094 0.59887 0.01511 0.02507 ( 2)
 224 -   0.36094 0.59887 0.01511 0.02507 ( 2)
 225 -   0.35053 0.60928 0.01468 0.02551 ( 2)


lnL = -5249.166050

Bayes Empirical Bayes (BEB) probabilities for 4 classes (class)
(amino acids refer to 1st sequence: BT_Cry16Aa1)

   1 -   0.40853 0.53491 0.02436 0.03219 ( 2)
   2 -   0.21922 0.72422 0.01306 0.04350 ( 2)
   3 -   0.09721 0.84624 0.00579 0.05077 ( 2)
   4 -   0.81111 0.13233 0.04855 0.00800 ( 1)
   5 M   0.21689 0.72655 0.01292 0.04364 ( 2)
   6 Q   0.94017 0.00327 0.05636 0.00020 ( 1)
   7 T   0.98985 0.00151 0.00861 0.00002 ( 1)
   8 L   0.91845 0.01416 0.06584 0.00155 ( 1)
   9 T   0.98475 0.00007 0.01518 0.00000 ( 1)
  10 R   0.97805 0.00001 0.02193 0.00000 ( 1)
  11 K   0.98855 0.00244 0.00898 0.00003 ( 1)
  12 V   0.93444 0.05493 0.00985 0.00078 ( 1)
  13 Y   0.99135 0.00003 0.00862 0.00000 ( 1)
  14 S   0.98237 0.00304 0.01453 0.00006 ( 1)
  15 D   0.98148 0.00026 0.01825 0.00001 ( 1)
  16 P   0.98615 0.00033 0.01351 0.00001 ( 1)
  17 V   0.98502 0.00674 0.00817 0.00008 ( 1)
  18 N   0.99014 0.00139 0.00845 0.00002 ( 1)
  19 F   0.43782 0.53715 0.01056 0.01446 ( 2)
  20 I   0.40678 0.53667 0.02426 0.03230 ( 2)
  21 D   0.01542 0.84626 0.01303 0.12528 ( 2)
  22 E   0.24514 0.74387 0.00224 0.00874 ( 2)
  23 N   0.98199 0.01064 0.00727 0.00011 ( 1)
  24 I   0.00016 0.92249 0.00006 0.07730 ( 2)
  25 P   0.83839 0.14278 0.01571 0.00313 ( 1)
  26 I   0.94806 0.04308 0.00830 0.00056 ( 1)
  27 S   0.44477 0.53949 0.00603 0.00971 ( 2)
  28 E   0.90479 0.08775 0.00647 0.00099 ( 1)
  29 Y   0.99253 0.00036 0.00711 0.00000 ( 1)
  30 E   0.98915 0.00232 0.00850 0.00003 ( 1)
  31 K   0.53707 0.45205 0.00456 0.00633 ( 1)
  32 M   0.56654 0.42421 0.00462 0.00462 ( 1)
  33 Y   0.99076 0.00062 0.00861 0.00001 ( 1)
  34 N   0.97967 0.00969 0.01049 0.00014 ( 1)
  35 I   0.06713 0.91406 0.00106 0.01774 ( 2)
  36 S   0.00316 0.44159 0.06111 0.49414 ( 4)
  37 P   0.97418 0.00238 0.02338 0.00007 ( 1)
  38 E   0.10024 0.87663 0.00206 0.02107 ( 2)
  39 L   0.01308 0.92008 0.00356 0.06327 ( 2)
  40 F   0.99174 0.00004 0.00822 0.00000 ( 1)
  41 S   0.00066 0.97237 0.00005 0.02692 ( 2)
  42 T   0.25738 0.72984 0.00279 0.00998 ( 2)
  43 L   0.98451 0.00002 0.01547 0.00000 ( 1)
  44 F   0.01692 0.95016 0.00053 0.03239 ( 2)
  45 S   0.00006 0.76527 0.00012 0.23456 ( 2)
  46 I   0.05498 0.89135 0.00677 0.04690 ( 2)
  47 S   0.05347 0.93156 0.00057 0.01439 ( 2)
  48 F   0.94487 0.01265 0.04184 0.00065 ( 1)
  49 Y   0.98599 0.00639 0.00755 0.00007 ( 1)
  50 T   0.95422 0.03740 0.00793 0.00045 ( 1)
  51 N   0.11034 0.87214 0.00167 0.01585 ( 2)
  52 K   0.03759 0.92658 0.00131 0.03452 ( 2)
  53 S   0.08421 0.90160 0.00097 0.01322 ( 2)
  54 G   0.01208 0.97593 0.00011 0.01188 ( 2)
  55 -   0.11215 0.87729 0.00090 0.00966 ( 2)
  56 -   0.03350 0.93074 0.00112 0.03464 ( 2)
  57 -   0.54629 0.39715 0.03262 0.02394 ( 1)
  58 -   0.64597 0.29747 0.03860 0.01795 ( 1)
  59 -   0.40678 0.53667 0.02426 0.03230 ( 2)
  60 N   0.00143 0.92533 0.00056 0.07268 ( 2)
  61 K   0.00711 0.98158 0.00006 0.01125 ( 2)
  62 F   0.04121 0.94410 0.00050 0.01419 ( 2)
  63 L   0.99184 0.00068 0.00748 0.00001 ( 1)
  64 N   0.92613 0.06498 0.00805 0.00083 ( 1)
  65 G   0.98815 0.00010 0.01175 0.00000 ( 1)
  66 H   0.95323 0.03810 0.00813 0.00054 ( 1)
  67 V   0.00288 0.88483 0.00038 0.11191 ( 2)
  68 N   0.98105 0.00257 0.01631 0.00007 ( 1)
  69 R   0.11631 0.87158 0.00117 0.01094 ( 2)
  70 H   0.96808 0.02322 0.00841 0.00028 ( 1)
  71 V   0.00266 0.97845 0.00004 0.01885 ( 2)
  72 G   0.00114 0.94296 0.00024 0.05566 ( 2)
  73 T   0.46550 0.48555 0.02631 0.02264 ( 2)
  74 D   0.00004 0.32763 0.00328 0.66905 ( 4)
  75 L   0.00152 0.97594 0.00003 0.02252 ( 2)
  76 N   0.60582 0.38137 0.00720 0.00561 ( 1)
  77 Y   0.43638 0.47463 0.05889 0.03010 ( 2)
  78 N   0.01685 0.96750 0.00022 0.01543 ( 2)
  79 G   0.10551 0.79686 0.04323 0.05440 ( 2)
  80 L   0.64137 0.30207 0.03833 0.01823 ( 1)
  81 R   0.00945 0.92151 0.00343 0.06561 ( 2)
  82 E   0.90233 0.07815 0.01756 0.00196 ( 1)
  83 T   0.49576 0.49387 0.00455 0.00582 ( 1)
  84 H   0.00448 0.88399 0.00362 0.10792 ( 2)
  85 Y   0.04968 0.92121 0.00136 0.02775 ( 2)
  86 G   0.98823 0.00001 0.01176 0.00000 ( 1)
  87 N   0.20365 0.74130 0.02288 0.03217 ( 2)
  88 Y   0.16797 0.77547 0.01000 0.04655 ( 2)
  89 G   0.03755 0.94132 0.00070 0.02043 ( 2)
  90 S   0.00748 0.97769 0.00009 0.01474 ( 2)
  91 N   0.01662 0.74995 0.02870 0.20473 ( 2)
  92 Y   0.01160 0.97541 0.00011 0.01287 ( 2)
  93 E   0.04742 0.93194 0.00061 0.02003 ( 2)
  94 V   0.03020 0.81376 0.01097 0.14506 ( 2)
  95 E   0.00059 0.96101 0.00002 0.03838 ( 2)
  96 S   0.22986 0.75664 0.00260 0.01090 ( 2)
  97 M   0.01045 0.97911 0.00008 0.01036 ( 2)
  98 A   0.64389 0.04183 0.31051 0.00377 ( 1)
  99 F   0.89416 0.08272 0.02092 0.00220 ( 1)
 100 D   0.09472 0.89181 0.00100 0.01247 ( 2)
 101 D   0.93877 0.05195 0.00851 0.00078 ( 1)
 102 I   0.39894 0.59062 0.00340 0.00704 ( 2)
 103 -   0.40678 0.53667 0.02426 0.03230 ( 2)
 104 -   0.40678 0.53667 0.02426 0.03230 ( 2)
 105 -   0.40678 0.53667 0.02426 0.03230 ( 2)
 106 -   0.40678 0.53667 0.02426 0.03230 ( 2)
 107 -   0.57487 0.36857 0.03433 0.02223 ( 1)
 108 -   0.33383 0.60962 0.01990 0.03666 ( 2)
 109 K   0.04470 0.91410 0.00183 0.03936 ( 2)
 110 A   0.51826 0.27966 0.18265 0.01943 ( 1)
 111 Y   0.99132 0.00006 0.00862 0.00000 ( 1)
 112 S   0.71590 0.27469 0.00613 0.00328 ( 1)
 113 N   0.94738 0.04425 0.00785 0.00051 ( 1)
 114 N   0.58206 0.40959 0.00428 0.00407 ( 1)
 115 Y   0.40246 0.58489 0.00440 0.00825 ( 2)
 116 F   0.04762 0.93705 0.00046 0.01487 ( 2)
 117 N   0.96751 0.02504 0.00720 0.00025 ( 1)
 118 N   0.00251 0.05734 0.75133 0.18882 ( 3)
 119 T   0.00053 0.79155 0.00069 0.20722 ( 2)
 120 Q   0.13049 0.85567 0.00119 0.01265 ( 2)
 121 N   0.02128 0.96609 0.00017 0.01245 ( 2)
 122 N   0.01137 0.97558 0.00011 0.01294 ( 2)
 123 N   0.02689 0.91656 0.00160 0.05496 ( 2)
 124 P   0.07483 0.86861 0.00445 0.05210 ( 2)
 125 T   0.26139 0.68205 0.01557 0.04098 ( 2)
 126 -   0.40678 0.53667 0.02426 0.03230 ( 2)
 127 S   0.15482 0.82989 0.00204 0.01325 ( 2)
 128 V   0.07551 0.91232 0.00076 0.01141 ( 2)
 129 K   0.03696 0.93768 0.00059 0.02478 ( 2)
 130 S   0.01042 0.97489 0.00011 0.01458 ( 2)
 131 I   0.93852 0.05400 0.00694 0.00054 ( 1)
 132 K   0.56641 0.40549 0.01574 0.01235 ( 1)
 133 F   0.06095 0.92849 0.00049 0.01006 ( 2)
 134 L   0.02235 0.94294 0.00075 0.03396 ( 2)
 135 I   0.08541 0.90502 0.00063 0.00894 ( 2)
 136 T   0.00020 0.96956 0.00001 0.03023 ( 2)
 137 K   0.00347 0.92963 0.00033 0.06657 ( 2)
 138 N   0.17702 0.81187 0.00146 0.00965 ( 2)
 139 N   0.00044 0.57106 0.01339 0.41511 ( 2)
 140 D   0.46093 0.53007 0.00345 0.00555 ( 2)
 141 E   0.37216 0.61515 0.00400 0.00869 ( 2)
 142 W   0.00739 0.97474 0.00007 0.01780 ( 2)
 143 I   0.00005 0.97614 0.00000 0.02382 ( 2)
 144 Y   0.03613 0.95009 0.00034 0.01344 ( 2)
 145 G   0.79525 0.19616 0.00642 0.00217 ( 1)
 146 E   0.97413 0.01408 0.01159 0.00021 ( 1)
 147 P   0.01330 0.92241 0.00297 0.06131 ( 2)
 148 D   0.00002 0.86156 0.00004 0.13838 ( 2)
 149 S   0.00001 0.86105 0.00001 0.13893 ( 2)
 150 S   0.55950 0.42900 0.00508 0.00642 ( 1)
 151 N   0.00796 0.97318 0.00013 0.01873 ( 2)
 152 I   0.00098 0.97069 0.00002 0.02831 ( 2)
 153 D   0.29872 0.64472 0.01780 0.03876 ( 2)
 154 F   0.11535 0.82809 0.00687 0.04969 ( 2)
 155 T   0.16102 0.78242 0.00959 0.04697 ( 2)
 156 R   0.57162 0.37182 0.03414 0.02242 ( 1)
 157 N   0.51588 0.42756 0.03079 0.02576 ( 1)
 158 I   0.39140 0.55205 0.02334 0.03322 ( 2)
 159 -   0.00099 0.54201 0.00404 0.45296 ( 2)
 160 -   0.00251 0.97883 0.00004 0.01861 ( 2)
 161 -   0.58231 0.40759 0.00503 0.00507 ( 1)
 162 -   0.00161 0.78917 0.00265 0.20657 ( 2)
 163 -   0.10726 0.86002 0.00338 0.02933 ( 2)
 164 -   0.20840 0.78064 0.00184 0.00913 ( 2)
 165 -   0.00017 0.85967 0.00019 0.13997 ( 2)
 166 -   0.11689 0.86772 0.00154 0.01385 ( 2)
 167 -   0.46055 0.48289 0.02748 0.02908 ( 2)
 168 -   0.48503 0.45841 0.02894 0.02761 ( 1)
 169 Q   0.01875 0.96373 0.00023 0.01729 ( 2)
 170 G   0.05082 0.93488 0.00051 0.01378 ( 2)
 171 Y   0.09896 0.68097 0.09286 0.12721 ( 2)
 172 L   0.00632 0.97856 0.00006 0.01505 ( 2)
 173 S   0.00007 0.96582 0.00000 0.03410 ( 2)
 174 N   0.00157 0.98223 0.00002 0.01618 ( 2)
 175 L   0.98826 0.00130 0.01043 0.00002 ( 1)
 176 N   0.43687 0.55155 0.00370 0.00788 ( 2)
 177 N   0.03296 0.95126 0.00032 0.01546 ( 2)
 178 E   0.01763 0.96950 0.00016 0.01272 ( 2)
 179 S   0.98820 0.00331 0.00844 0.00005 ( 1)
 180 Y   0.41555 0.57420 0.00312 0.00712 ( 2)
 181 T   0.94043 0.05114 0.00781 0.00061 ( 1)
 182 H   0.99368 0.00002 0.00629 0.00000 ( 1)
 183 S   0.03155 0.94328 0.00073 0.02445 ( 2)
 184 L   0.98448 0.00017 0.01534 0.00000 ( 1)
 185 S   0.98106 0.00051 0.01842 0.00001 ( 1)
 186 D   0.99267 0.00022 0.00711 0.00000 ( 1)
 187 M   0.51260 0.47528 0.00537 0.00675 ( 1)
 188 I   0.99108 0.00029 0.00863 0.00000 ( 1)
 189 L   0.95927 0.03212 0.00824 0.00036 ( 1)
 190 A   0.08612 0.85732 0.00513 0.05143 ( 2)
 191 N   0.04699 0.89645 0.00280 0.05376 ( 2)
 192 N   0.76155 0.18189 0.04556 0.01099 ( 1)
 193 D   0.14637 0.79707 0.00872 0.04784 ( 2)
 194 K   0.77501 0.16843 0.04638 0.01018 ( 1)
 195 -   0.44470 0.49874 0.02653 0.03003 ( 2)
 196 I   0.07448 0.86896 0.00443 0.05212 ( 2)
 197 Q   0.33139 0.61206 0.01975 0.03680 ( 2)
 198 I   0.01168 0.93176 0.00070 0.05586 ( 2)
 199 N   0.01748 0.92597 0.00104 0.05552 ( 2)
 200 I   0.25202 0.69142 0.01501 0.04154 ( 2)
 201 D   0.13501 0.85374 0.00123 0.01002 ( 2)
 202 T   0.33390 0.65264 0.00394 0.00953 ( 2)
 203 P   0.97920 0.01227 0.00836 0.00017 ( 1)
 204 H   0.05135 0.08786 0.81893 0.04186 ( 3)
 205 S   0.17994 0.78635 0.00592 0.02779 ( 2)
 206 Y   0.98093 0.00060 0.01845 0.00001 ( 1)
 207 S   0.97948 0.01165 0.00873 0.00014 ( 1)
 208 Y   0.99250 0.00001 0.00748 0.00000 ( 1)
 209 S   0.95061 0.03837 0.01049 0.00054 ( 1)
 210 W   0.96532 0.00189 0.03271 0.00007 ( 1)
 211 I   0.98966 0.00209 0.00822 0.00003 ( 1)
 212 Y   0.99222 0.00148 0.00628 0.00001 ( 1)
 213 K   0.00562 0.98184 0.00005 0.01248 ( 2)
 214 -   0.11063 0.83281 0.00659 0.04997 ( 2)
 215 -   0.56684 0.37660 0.03385 0.02271 ( 1)
 216 -   0.39934 0.54410 0.02381 0.03274 ( 2)
 217 -   0.80908 0.13436 0.04843 0.00813 ( 1)
 218 -   0.31783 0.62561 0.01894 0.03761 ( 2)
 219 -   0.29384 0.64960 0.01751 0.03905 ( 2)
 220 -   0.48955 0.45389 0.02921 0.02734 ( 1)
 221 -   0.32397 0.61947 0.01931 0.03725 ( 2)
 222 -   0.43041 0.51303 0.02567 0.03088 ( 2)
 223 -   0.40678 0.53667 0.02426 0.03230 ( 2)
 224 -   0.40678 0.53667 0.02426 0.03230 ( 2)
 225 -   0.40514 0.53831 0.02416 0.03240 ( 2)

