Supplemental results for CODEML (seqf: algn  treef: tree)


dN/dS (w) for site classes (K=4)

site class             0        1       2a       2b
proportion       0.62983  0.35565  0.00928  0.00524
background w     0.10879  1.00000  0.10879  1.00000
foreground w     0.10879  1.00000  1.00000  1.00000

Naive Empirical Bayes (NEB) probabilities for 4 classes
(amino acids refer to 1st sequence: BT_Cry19Aa1)

   1 E   0.00082 0.98467 0.00001 0.01450 ( 2)
   2 V   0.99008 0.00008 0.00985 0.00000 ( 1)
   3 K   0.98949 0.00020 0.01030 0.00000 ( 1)
   4 T   0.34808 0.63783 0.00469 0.00939 ( 2)
   5 E   0.98897 0.00029 0.01073 0.00000 ( 1)
   6 L   0.97061 0.01667 0.01248 0.00025 ( 1)
   7 T   0.98695 0.00099 0.01205 0.00001 ( 1)
   8 R   0.98644 0.00263 0.01089 0.00004 ( 1)
   9 E   0.98897 0.00029 0.01073 0.00000 ( 1)
  10 I   0.99054 0.00010 0.00936 0.00000 ( 1)
  11 Y   0.98962 0.00060 0.00977 0.00001 ( 1)
  12 S   0.97595 0.01161 0.01227 0.00017 ( 1)
  13 D   0.99111 0.00002 0.00888 0.00000 ( 1)
  14 V   0.98442 0.00233 0.01322 0.00003 ( 1)
  15 I   0.91726 0.00067 0.08205 0.00001 ( 1)
  16 N   0.99124 0.00004 0.00871 0.00000 ( 1)
  17 G   0.13035 0.84425 0.01297 0.01244 ( 2)
  18 E   0.48586 0.49927 0.00751 0.00735 ( 2)
  19 I   0.01613 0.96911 0.00048 0.01427 ( 2)
  20 Y   0.14227 0.83423 0.01121 0.01229 ( 2)
  21 G   0.71347 0.27332 0.00919 0.00403 ( 1)
  22 L   0.03484 0.92358 0.02798 0.01360 ( 2)
  23 M   0.36163 0.62517 0.00399 0.00921 ( 2)
  24 -   0.38027 0.60521 0.00560 0.00891 ( 2)
  25 T   0.01180 0.97369 0.00017 0.01434 ( 2)
  26 P   0.44381 0.54167 0.00654 0.00798 ( 2)
  27 Y   0.03628 0.94938 0.00036 0.01398 ( 2)
  28 F   0.00197 0.98338 0.00016 0.01448 ( 2)
  29 S   0.82804 0.16182 0.00776 0.00238 ( 1)
  30 F   0.97004 0.01962 0.01005 0.00029 ( 1)
  31 E   0.01276 0.97276 0.00015 0.01433 ( 2)
  32 K   0.09331 0.89245 0.00110 0.01315 ( 2)
  33 A   0.46342 0.52325 0.00562 0.00771 ( 2)
  34 E   0.98897 0.00029 0.01073 0.00000 ( 1)
  35 S   0.79607 0.19245 0.00865 0.00283 ( 1)
  36 L   0.98638 0.00311 0.01047 0.00005 ( 1)
  37 Y   0.99006 0.00020 0.00974 0.00000 ( 1)
  38 T   0.98791 0.00087 0.01120 0.00001 ( 1)
  39 R   0.87606 0.11055 0.01176 0.00163 ( 1)
  40 A   0.00662 0.97888 0.00008 0.01442 ( 2)
  41 P   0.98904 0.00044 0.01052 0.00001 ( 1)
  42 H   0.99053 0.00003 0.00943 0.00000 ( 1)
  43 L   0.18783 0.79814 0.00227 0.01176 ( 2)
  44 F   0.98016 0.00712 0.01261 0.00010 ( 1)
  45 T   0.99043 0.00008 0.00949 0.00000 ( 1)
  46 W   0.94919 0.03753 0.01272 0.00055 ( 1)
  47 L   0.98432 0.00373 0.01189 0.00006 ( 1)
  48 K   0.54895 0.43708 0.00753 0.00644 ( 1)
  49 G   0.97916 0.00885 0.01187 0.00013 ( 1)
  50 F   0.98688 0.00355 0.00952 0.00005 ( 1)
  51 R   0.57825 0.40930 0.00642 0.00603 ( 1)
  52 F   0.99041 0.00004 0.00955 0.00000 ( 1)
  53 V   0.98736 0.00117 0.01146 0.00002 ( 1)
  54 T   0.98149 0.00880 0.00957 0.00013 ( 1)
  55 N   0.99124 0.00004 0.00871 0.00000 ( 1)
  56 S   0.19046 0.79589 0.00192 0.01172 ( 2)
  57 I   0.98388 0.00672 0.00930 0.00010 ( 1)
  58 S   0.82967 0.15961 0.00837 0.00235 ( 1)
  59 Y   0.00076 0.98473 0.00001 0.01450 ( 2)
  60 -   0.98311 0.00672 0.01007 0.00010 ( 1)
  61 -   0.01700 0.96110 0.00775 0.01416 ( 2)
  62 -   0.10258 0.88290 0.00151 0.01300 ( 2)
  63 -   0.12638 0.85911 0.00186 0.01265 ( 2)
  64 -   0.02191 0.96196 0.00197 0.01417 ( 2)
  65 -   0.66495 0.32383 0.00645 0.00477 ( 1)
  66 W   0.94919 0.03753 0.01272 0.00055 ( 1)
  67 T   0.19175 0.79438 0.00217 0.01170 ( 2)
  68 F   0.98825 0.00217 0.00954 0.00003 ( 1)
  69 L   0.98483 0.00323 0.01189 0.00005 ( 1)
  70 S   0.86959 0.11943 0.00922 0.00176 ( 1)
  71 G   0.98905 0.00081 0.01013 0.00001 ( 1)
  72 G   0.00021 0.98528 0.00000 0.01451 ( 2)
  73 Q   0.21180 0.77423 0.00256 0.01140 ( 2)
  74 N   0.99098 0.00030 0.00871 0.00000 ( 1)
  75 K   0.96754 0.02206 0.01007 0.00032 ( 1)
  76 Y   0.96756 0.02259 0.00952 0.00033 ( 1)
  77 S   0.95674 0.03312 0.00965 0.00049 ( 1)
  78 Y   0.04351 0.94215 0.00047 0.01388 ( 2)
  79 T   0.69786 0.28862 0.00927 0.00425 ( 1)
  80 N   0.00031 0.98506 0.00012 0.01451 ( 2)
  81 -   0.62983 0.35565 0.00928 0.00524 ( 1)
  82 N   0.00000 0.98548 0.00000 0.01452 ( 2)
  83 S   0.00032 0.98515 0.00002 0.01451 ( 2)
  84 S   0.00030 0.98516 0.00003 0.01451 ( 2)
  85 I   0.93595 0.05440 0.00884 0.00080 ( 1)
  86 N   0.00004 0.98545 0.00000 0.01452 ( 2)
  87 E   0.00107 0.98430 0.00013 0.01450 ( 2)
  88 G   0.94571 0.04221 0.01146 0.00062 ( 1)
  89 S   0.96250 0.02687 0.01024 0.00040 ( 1)
  90 F   0.98947 0.00032 0.01020 0.00000 ( 1)
  91 R   0.00000 0.98548 0.00000 0.01452 ( 2)
  92 G   0.97600 0.01068 0.01316 0.00016 ( 1)
  93 Q   0.02071 0.96481 0.00028 0.01421 ( 2)
  94 D   0.81000 0.17834 0.00903 0.00263 ( 1)
  95 T   0.08823 0.89755 0.00100 0.01322 ( 2)
  96 D   0.02047 0.96506 0.00025 0.01421 ( 2)
  97 Y   0.79496 0.19435 0.00783 0.00286 ( 1)
  98 G   0.98266 0.00718 0.01006 0.00011 ( 1)
  99 G   0.92069 0.06717 0.01116 0.00099 ( 1)
 100 T   0.26878 0.71711 0.00355 0.01056 ( 2)
 101 S   0.05287 0.93286 0.00053 0.01374 ( 2)
 102 S   0.98846 0.00154 0.00997 0.00002 ( 1)
 103 T   0.02568 0.95811 0.00210 0.01411 ( 2)
 104 I   0.08964 0.88795 0.00933 0.01308 ( 2)
 105 N   0.05170 0.93408 0.00046 0.01376 ( 2)
 106 I   0.82103 0.10113 0.07635 0.00149 ( 1)
 107 P   0.00001 0.98547 0.00000 0.01452 ( 2)
 108 S   0.00033 0.98515 0.00000 0.01451 ( 2)
 109 N   0.00081 0.98464 0.00005 0.01450 ( 2)
 110 S   0.01998 0.96553 0.00027 0.01422 ( 2)
 111 Y   0.71484 0.27409 0.00703 0.00404 ( 1)
 112 V   0.22861 0.75777 0.00246 0.01116 ( 2)
 113 Y   0.97754 0.01265 0.00962 0.00019 ( 1)
 114 N   0.55298 0.43573 0.00487 0.00642 ( 1)
 115 L   0.96577 0.02223 0.01166 0.00033 ( 1)
 116 W   0.12775 0.85790 0.00171 0.01264 ( 2)
 117 T   0.66823 0.31948 0.00758 0.00471 ( 1)
 118 E   0.98707 0.00262 0.01028 0.00004 ( 1)
 119 N   0.83453 0.15306 0.01015 0.00225 ( 1)
 120 Y   0.98207 0.00814 0.00966 0.00012 ( 1)
 121 E   0.86225 0.12516 0.01074 0.00184 ( 1)
 122 Y   0.00009 0.98540 0.00000 0.01451 ( 2)
 123 I   0.98441 0.00619 0.00930 0.00009 ( 1)
 124 Y   0.90336 0.08622 0.00914 0.00127 ( 1)
 125 P   0.98559 0.00241 0.01196 0.00004 ( 1)
 126 W   0.04061 0.94488 0.00059 0.01392 ( 2)
 127 G   0.00003 0.98545 0.00000 0.01452 ( 2)
 128 D   0.98807 0.00304 0.00885 0.00004 ( 1)
 129 P   0.17678 0.80914 0.00216 0.01192 ( 2)
 130 V   0.01721 0.96827 0.00026 0.01426 ( 2)
 131 N   0.99098 0.00030 0.00871 0.00000 ( 1)
 132 I   0.98441 0.00619 0.00930 0.00009 ( 1)
 133 T   0.36639 0.62032 0.00416 0.00914 ( 2)
 134 K   0.33672 0.64953 0.00419 0.00957 ( 2)
 135 M   0.90023 0.08994 0.00851 0.00132 ( 1)
 136 N   0.98017 0.01105 0.00862 0.00016 ( 1)
 137 F   0.99035 0.00010 0.00955 0.00000 ( 1)
 138 S   0.94012 0.04966 0.00948 0.00073 ( 1)
 139 V   0.00075 0.98473 0.00001 0.01450 ( 2)
 140 T   0.93727 0.04948 0.01252 0.00073 ( 1)
 141 D   0.98688 0.00415 0.00891 0.00006 ( 1)
 142 N   0.99124 0.00004 0.00871 0.00000 ( 1)
 143 N   0.95254 0.03538 0.01155 0.00052 ( 1)
 144 S   0.00480 0.98070 0.00006 0.01445 ( 2)
 145 S   0.52522 0.46138 0.00660 0.00680 ( 1)
 146 K   0.00002 0.98547 0.00000 0.01452 ( 2)
 147 E   0.27022 0.69509 0.02446 0.01024 ( 2)
 148 L   0.00002 0.98546 0.00000 0.01452 ( 2)
 149 I   0.10736 0.87032 0.00950 0.01282 ( 2)
 150 Y   0.98738 0.00287 0.00971 0.00004 ( 1)
 151 G   0.95086 0.03883 0.00973 0.00057 ( 1)
 152 A   0.01127 0.97422 0.00015 0.01435 ( 2)
 153 H   0.00033 0.98515 0.00000 0.01451 ( 2)
 154 R   0.13102 0.85494 0.00145 0.01259 ( 2)
 155 T   0.01577 0.96972 0.00023 0.01428 ( 2)
 156 -   0.62983 0.35565 0.00928 0.00524 ( 1)
 157 -   0.09539 0.89010 0.00141 0.01311 ( 2)
 158 -   0.49877 0.48671 0.00735 0.00717 ( 1)
 159 N   0.99124 0.00004 0.00871 0.00000 ( 1)
 160 K   0.00765 0.97717 0.00079 0.01439 ( 2)
 161 P   0.98935 0.00012 0.01053 0.00000 ( 1)
 162 V   0.84412 0.14564 0.00809 0.00215 ( 1)
 163 V   0.99009 0.00006 0.00985 0.00000 ( 1)
 164 R   0.38371 0.56624 0.04171 0.00834 ( 2)
 165 T   0.98646 0.00140 0.01212 0.00002 ( 1)
 166 D   0.92409 0.00020 0.07571 0.00000 ( 1)
 167 F   0.99039 0.00006 0.00955 0.00000 ( 1)
 168 D   0.98919 0.00192 0.00886 0.00003 ( 1)
 169 F   0.99041 0.00004 0.00955 0.00000 ( 1)
 170 L   0.98345 0.00602 0.01044 0.00009 ( 1)
 171 T   0.11062 0.87523 0.00126 0.01289 ( 2)
 172 N   0.98753 0.00365 0.00876 0.00005 ( 1)
 173 K   0.98739 0.00229 0.01028 0.00003 ( 1)
 174 E   0.21541 0.75036 0.02318 0.01105 ( 2)
 175 G   0.59552 0.39150 0.00722 0.00577 ( 1)
 176 T   0.90651 0.00950 0.08385 0.00014 ( 1)
 177 E   0.37522 0.61068 0.00511 0.00900 ( 2)
 178 L   0.07973 0.90593 0.00100 0.01334 ( 2)
 179 A   0.36803 0.61782 0.00505 0.00910 ( 2)
 180 K   0.97820 0.01055 0.01109 0.00016 ( 1)
 181 Y   0.91012 0.07660 0.01216 0.00113 ( 1)
 182 N   0.99070 0.00059 0.00871 0.00001 ( 1)
 183 D   0.98116 0.00997 0.00872 0.00015 ( 1)
 184 Y   0.98639 0.00047 0.01313 0.00001 ( 1)
 185 N   0.98128 0.00993 0.00864 0.00015 ( 1)
 186 H   0.99045 0.00011 0.00944 0.00000 ( 1)
 187 I   0.99058 0.00006 0.00936 0.00000 ( 1)
 188 L   0.98216 0.00589 0.01186 0.00009 ( 1)
 189 S   0.97953 0.00799 0.01237 0.00012 ( 1)
 190 Y   0.88429 0.10545 0.00871 0.00155 ( 1)
 191 M   0.57250 0.41490 0.00649 0.00611 ( 1)
 192 L   0.98032 0.00709 0.01249 0.00010 ( 1)
 193 I   0.22003 0.76593 0.00276 0.01128 ( 2)
 194 N   0.98504 0.00617 0.00870 0.00009 ( 1)
 195 -   0.89242 0.09306 0.01314 0.00137 ( 1)
 196 -   0.91333 0.07216 0.01345 0.00106 ( 1)
 197 -   0.78348 0.20201 0.01154 0.00298 ( 1)
 198 G   0.66411 0.32302 0.00811 0.00476 ( 1)
 199 E   0.01482 0.97067 0.00022 0.01430 ( 2)
 200 T   0.98170 0.00701 0.01119 0.00010 ( 1)
 201 F   0.28393 0.70295 0.00276 0.01035 ( 2)
 202 G   0.89786 0.01182 0.09015 0.00017 ( 1)
 203 Q   0.69280 0.29449 0.00838 0.00434 ( 1)
 204 K   0.83106 0.15795 0.00866 0.00233 ( 1)
 205 R   0.53435 0.45303 0.00595 0.00667 ( 1)
 206 H   0.98174 0.00543 0.01276 0.00008 ( 1)
 207 G   0.98959 0.00028 0.01013 0.00000 ( 1)
 208 Y   0.99014 0.00012 0.00974 0.00000 ( 1)
 209 S   0.89050 0.09729 0.01078 0.00143 ( 1)
 210 F   0.99041 0.00004 0.00955 0.00000 ( 1)
 211 A   0.98541 0.00328 0.01126 0.00005 ( 1)
 212 F   0.99016 0.00006 0.00978 0.00000 ( 1)
 213 T   0.98411 0.00270 0.01314 0.00004 ( 1)
 214 H   0.99055 0.00002 0.00943 0.00000 ( 1)
 215 S   0.99090 0.00001 0.00908 0.00000 ( 1)
 216 S   0.98586 0.00179 0.01232 0.00003 ( 1)


lnL = -3723.155724

