Supplemental results for CODEML (seqf: algn  treef: tree)


dN/dS (w) for site classes (K=4)

site class             0        1       2a       2b
proportion       0.63909  0.22792  0.09803  0.03496
background w     0.08112  1.00000  0.08112  1.00000
foreground w     0.08112  1.00000  2.69317  2.69317

Naive Empirical Bayes (NEB) probabilities for 4 classes
(amino acids refer to 1st sequence: BT_Cry8Ba1)

   1 P   0.76600 0.10101 0.11750 0.01549 ( 1)
   2 F   0.78653 0.08048 0.12064 0.01235 ( 1)
   3 V   0.81119 0.05583 0.12442 0.00856 ( 1)
   4 G   0.85363 0.01338 0.13093 0.00205 ( 1)
   5 P   0.09058 0.77644 0.01389 0.11909 ( 2)
   6 I   0.85892 0.00810 0.13175 0.00124 ( 1)
   7 V   0.73823 0.12878 0.11323 0.01975 ( 1)
   8 S   0.64941 0.21761 0.09961 0.03338 ( 1)
   9 L   0.84667 0.02034 0.12987 0.00312 ( 1)
  10 Y   0.80041 0.06660 0.12277 0.01022 ( 1)
  11 T   0.67430 0.19271 0.10343 0.02956 ( 1)
  12 Q   0.00993 0.85708 0.00152 0.13146 ( 2)
  13 L   0.75820 0.10881 0.11630 0.01669 ( 1)
  14 I   0.76825 0.09876 0.11784 0.01515 ( 1)
  15 D   0.46079 0.40623 0.07068 0.06231 ( 1)
  16 I   0.30973 0.55728 0.04751 0.08548 ( 2)
  17 L   0.83446 0.03255 0.12799 0.00499 ( 1)
  18 W   0.83666 0.03036 0.12833 0.00466 ( 1)
  19 P   0.86072 0.00629 0.13202 0.00097 ( 1)
  20 S   0.00518 0.86183 0.00079 0.13219 ( 2)
  21 K   0.13358 0.73343 0.02049 0.11250 ( 2)
  22 Q   0.84466 0.02235 0.12956 0.00343 ( 1)
  23 K   0.79216 0.07485 0.12151 0.01148 ( 1)
  24 S   0.69076 0.17625 0.10595 0.02703 ( 1)
  25 Q   0.67462 0.19239 0.10348 0.02951 ( 1)
  26 W   0.83666 0.03036 0.12833 0.00466 ( 1)
  27 E   0.86073 0.00629 0.13202 0.00096 ( 1)
  28 I   0.38722 0.47979 0.05939 0.07359 ( 2)
  29 F   0.86272 0.00429 0.13233 0.00066 ( 1)
  30 M   0.86498 0.00204 0.13267 0.00031 ( 1)
  31 E   0.71922 0.14779 0.11032 0.02267 ( 1)
  32 Q   0.78934 0.07768 0.12107 0.01191 ( 1)
  33 V   0.85768 0.00934 0.13155 0.00143 ( 1)
  34 E   0.86080 0.00621 0.13203 0.00095 ( 1)
  35 E   0.32294 0.54400 0.04958 0.08348 ( 2)
  36 L   0.83813 0.02888 0.12856 0.00443 ( 1)
  37 I   0.85873 0.00828 0.13172 0.00127 ( 1)
  38 N   0.86313 0.00389 0.13239 0.00060 ( 1)
  39 Q   0.78394 0.08307 0.12025 0.01274 ( 1)
  40 K   0.83863 0.02838 0.12863 0.00435 ( 1)
  41 I   0.86090 0.00611 0.13205 0.00094 ( 1)
  42 A   0.82587 0.04114 0.12668 0.00631 ( 1)
  43 E   0.86073 0.00629 0.13202 0.00096 ( 1)
  44 Y   0.10610 0.76091 0.01627 0.11671 ( 2)
  45 A   0.82281 0.04421 0.12621 0.00678 ( 1)
  46 R   0.26672 0.60029 0.04091 0.09208 ( 2)
  47 N   0.11693 0.75008 0.01794 0.11505 ( 2)
  48 K   0.85621 0.01080 0.13133 0.00166 ( 1)
  49 A   0.85894 0.00808 0.13175 0.00124 ( 1)
  50 L   0.62225 0.24476 0.09544 0.03754 ( 1)
  51 S   0.69284 0.17417 0.10627 0.02672 ( 1)
  52 E   0.86073 0.00629 0.13202 0.00096 ( 1)
  53 L   0.84670 0.02031 0.12987 0.00312 ( 1)
  54 E   0.85890 0.00811 0.13174 0.00124 ( 1)
  55 G   0.85104 0.01597 0.13054 0.00245 ( 1)
  56 L   0.84838 0.01863 0.13013 0.00286 ( 1)
  57 G   0.72272 0.14429 0.11086 0.02213 ( 1)
  58 N   0.86300 0.00401 0.13237 0.00062 ( 1)
  59 N   0.41984 0.44717 0.06440 0.06859 ( 2)
  60 Y   0.16758 0.69943 0.02570 0.10728 ( 2)
  61 Q   0.33185 0.53516 0.05090 0.08209 ( 2)
  62 L   0.02697 0.84005 0.00414 0.12885 ( 2)
  63 Y   0.85961 0.00741 0.13185 0.00114 ( 1)
  64 L   0.40589 0.46112 0.06226 0.07073 ( 2)
  65 T   0.77708 0.08993 0.11919 0.01379 ( 1)
  66 A   0.85943 0.00759 0.13182 0.00116 ( 1)
  67 L   0.85390 0.01312 0.13098 0.00201 ( 1)
  68 E   0.86073 0.00629 0.13202 0.00096 ( 1)
  69 E   0.79165 0.07536 0.12143 0.01156 ( 1)
  70 W   0.83666 0.03036 0.12833 0.00466 ( 1)
  71 K   0.71496 0.15205 0.10967 0.02332 ( 1)
  72 E   0.19830 0.66871 0.03042 0.10257 ( 2)
  73 N   0.86313 0.00389 0.13239 0.00060 ( 1)
  74 P   0.73072 0.13630 0.11208 0.02091 ( 1)
  75 N   0.81357 0.05344 0.12479 0.00820 ( 1)
  76 G   0.37434 0.49267 0.05742 0.07557 ( 2)
  77 S   0.28772 0.57929 0.04413 0.08886 ( 2)
  78 R   0.48578 0.38123 0.07451 0.05848 ( 1)
  79 A   0.01469 0.85233 0.00225 0.13074 ( 2)
  80 L   0.61802 0.24899 0.09480 0.03819 ( 1)
  81 R   0.49497 0.37205 0.07592 0.05707 ( 1)
  82 D   0.37056 0.49646 0.05684 0.07615 ( 2)
  83 V   0.85589 0.01112 0.13128 0.00171 ( 1)
  84 R   0.01242 0.85460 0.00190 0.13108 ( 2)
  85 N   0.73426 0.13275 0.11262 0.02036 ( 1)
  86 R   0.84869 0.01832 0.13018 0.00281 ( 1)
  87 F   0.86272 0.00429 0.13233 0.00066 ( 1)
  88 E   0.78218 0.08484 0.11997 0.01301 ( 1)
  89 I   0.23358 0.63343 0.03583 0.09716 ( 2)
  90 L   0.33855 0.52847 0.05193 0.08106 ( 2)
  91 D   0.83845 0.02856 0.12861 0.00438 ( 1)
  92 S   0.83078 0.03623 0.12743 0.00556 ( 1)
  93 L   0.85006 0.01695 0.13039 0.00260 ( 1)
  94 F   0.86272 0.00429 0.13233 0.00066 ( 1)
  95 T   0.70142 0.16560 0.10759 0.02540 ( 1)
  96 Q   0.24668 0.62033 0.03784 0.09515 ( 2)
  97 Y   0.23210 0.63491 0.03560 0.09739 ( 2)
  98 M   0.86498 0.00204 0.13267 0.00031 ( 1)
  99 P   0.86051 0.00650 0.13199 0.00100 ( 1)
 100 S   0.85946 0.00756 0.13183 0.00116 ( 1)
 101 F   0.86272 0.00429 0.13233 0.00066 ( 1)
 102 R   0.83911 0.02790 0.12871 0.00428 ( 1)
 103 V   0.37316 0.49385 0.05724 0.07575 ( 2)
 104 T   0.13356 0.73345 0.02049 0.11250 ( 2)
 105 N   0.28775 0.57926 0.04414 0.08885 ( 2)
 106 F   0.72107 0.14594 0.11060 0.02239 ( 1)
 107 E   0.86073 0.00629 0.13202 0.00096 ( 1)
 108 V   0.79031 0.07670 0.12122 0.01177 ( 1)
 109 P   0.86214 0.00487 0.13224 0.00075 ( 1)
 110 F   0.61303 0.25398 0.09403 0.03896 ( 1)
 111 L   0.84513 0.02188 0.12963 0.00336 ( 1)
 112 T   0.79099 0.07602 0.12133 0.01166 ( 1)
 113 V   0.85768 0.00934 0.13155 0.00143 ( 1)
 114 Y   0.85961 0.00741 0.13185 0.00114 ( 1)
 115 T   0.71773 0.14929 0.11009 0.02290 ( 1)
 116 M   0.09954 0.76747 0.01527 0.11772 ( 2)
 117 A   0.86032 0.00669 0.13196 0.00103 ( 1)
 118 A   0.86017 0.00684 0.13194 0.00105 ( 1)
 119 N   0.85408 0.01293 0.13100 0.00198 ( 1)
 120 L   0.85705 0.00996 0.13146 0.00153 ( 1)
 121 H   0.86209 0.00493 0.13223 0.00076 ( 1)
 122 L   0.85006 0.01695 0.13039 0.00260 ( 1)
 123 L   0.74831 0.11870 0.11478 0.01821 ( 1)
 124 L   0.85006 0.01695 0.13039 0.00260 ( 1)
 125 L   0.85006 0.01695 0.13039 0.00260 ( 1)
 126 R   0.65468 0.21233 0.10042 0.03257 ( 1)
 127 D   0.79933 0.06769 0.12260 0.01038 ( 1)
 128 A   0.86056 0.00645 0.13200 0.00099 ( 1)
 129 S   0.20104 0.66597 0.03084 0.10215 ( 2)
 130 I   0.29045 0.57656 0.04455 0.08844 ( 2)
 131 F   0.86272 0.00429 0.13233 0.00066 ( 1)
 132 G   0.86060 0.00641 0.13200 0.00098 ( 1)
 133 E   0.81109 0.05592 0.12441 0.00858 ( 1)
 134 E   0.86073 0.00629 0.13202 0.00096 ( 1)
 135 W   0.83666 0.03036 0.12833 0.00466 ( 1)
 136 G   0.86012 0.00689 0.13193 0.00106 ( 1)
 137 L   0.16670 0.70031 0.02557 0.10742 ( 2)
 138 S   0.01823 0.84879 0.00280 0.13019 ( 2)
 139 T   0.00348 0.86353 0.00053 0.13245 ( 2)
 140 S   0.01660 0.85041 0.00255 0.13044 ( 2)
 141 T   0.00814 0.85887 0.00125 0.13174 ( 2)
 142 I   0.73592 0.13109 0.11288 0.02011 ( 1)
 143 N   0.83956 0.02745 0.12878 0.00421 ( 1)
 144 N   0.00482 0.86219 0.00074 0.13225 ( 2)
 145 Y   0.76608 0.10093 0.11751 0.01548 ( 1)
 146 Y   0.85686 0.01016 0.13143 0.00156 ( 1)
 147 N   0.80232 0.06469 0.12306 0.00992 ( 1)
 148 R   0.24405 0.62296 0.03743 0.09555 ( 2)
 149 Q   0.86044 0.00658 0.13198 0.00101 ( 1)
 150 M   0.80066 0.06635 0.12281 0.01018 ( 1)
 151 K   0.04681 0.82021 0.00718 0.12581 ( 2)
 152 L   0.18878 0.67823 0.02896 0.10403 ( 2)
 153 T   0.09417 0.77284 0.01444 0.11854 ( 2)
 154 A   0.78939 0.07763 0.12108 0.01191 ( 1)
 155 E   0.75751 0.10950 0.11619 0.01680 ( 1)
 156 Y   0.85961 0.00741 0.13185 0.00114 ( 1)
 157 S   0.74727 0.11974 0.11462 0.01837 ( 1)
 158 D   0.86082 0.00619 0.13204 0.00095 ( 1)
 159 H   0.85425 0.01276 0.13103 0.00196 ( 1)
 160 C   0.86230 0.00472 0.13226 0.00072 ( 1)
 161 V   0.85591 0.01110 0.13128 0.00170 ( 1)
 162 K   0.75255 0.11446 0.11543 0.01756 ( 1)
 163 W   0.83666 0.03036 0.12833 0.00466 ( 1)
 164 Y   0.85961 0.00741 0.13185 0.00114 ( 1)
 165 E   0.00263 0.86434 0.00040 0.13263 ( 2)
 166 T   0.37368 0.49333 0.05732 0.07567 ( 2)
 167 G   0.85804 0.00897 0.13161 0.00138 ( 1)
 168 L   0.85006 0.01695 0.13039 0.00260 ( 1)
 169 A   0.24277 0.62424 0.03724 0.09575 ( 2)
 170 K   0.14919 0.71782 0.02288 0.11010 ( 2)
 171 L   0.84933 0.01769 0.13028 0.00271 ( 1)
 172 K   0.86110 0.00591 0.13208 0.00091 ( 1)
 173 -   0.64301 0.22400 0.09863 0.03436 ( 1)
 174 -   0.64242 0.22459 0.09854 0.03445 ( 1)
 175 -   0.64217 0.22485 0.09850 0.03449 ( 1)
 176 G   0.85755 0.00947 0.13153 0.00145 ( 1)
 177 S   0.21609 0.65092 0.03315 0.09984 ( 2)
 178 S   0.37666 0.49036 0.05777 0.07521 ( 2)
 179 A   0.77551 0.09151 0.11895 0.01404 ( 1)
 180 K   0.86110 0.00591 0.13208 0.00091 ( 1)
 181 Q   0.38320 0.48382 0.05878 0.07421 ( 2)
 182 W   0.83666 0.03036 0.12833 0.00466 ( 1)
 183 I   0.20106 0.66596 0.03084 0.10215 ( 2)
 184 D   0.03434 0.83267 0.00527 0.12772 ( 2)
 185 Y   0.85961 0.00741 0.13185 0.00114 ( 1)
 186 N   0.72096 0.14605 0.11058 0.02240 ( 1)
 187 Q   0.67773 0.18929 0.10395 0.02903 ( 1)
 188 F   0.85345 0.01356 0.13091 0.00208 ( 1)
 189 R   0.82451 0.04250 0.12647 0.00652 ( 1)
 190 R   0.86244 0.00458 0.13229 0.00070 ( 1)
 191 E   0.86073 0.00629 0.13202 0.00096 ( 1)
 192 M   0.86498 0.00204 0.13267 0.00031 ( 1)
 193 T   0.86127 0.00574 0.13211 0.00088 ( 1)
 194 L   0.58523 0.28178 0.08977 0.04322 ( 1)
 195 T   0.29458 0.57243 0.04518 0.08780 ( 2)
 196 V   0.84193 0.02508 0.12914 0.00385 ( 1)
 197 L   0.85006 0.01695 0.13039 0.00260 ( 1)
 198 D   0.86257 0.00445 0.13230 0.00068 ( 1)
 199 V   0.23955 0.62746 0.03674 0.09624 ( 2)
 200 V   0.19357 0.67345 0.02969 0.10330 ( 2)
 201 A   0.39056 0.47645 0.05991 0.07308 ( 2)
 202 L   0.85006 0.01695 0.13039 0.00260 ( 1)
 203 F   0.86272 0.00429 0.13233 0.00066 ( 1)
 204 S   0.39060 0.47641 0.05991 0.07308 ( 2)
 205 N   0.00085 0.86616 0.00013 0.13286 ( 2)


lnL = -1985.674728

Bayes Empirical Bayes (BEB) probabilities for 4 classes (class)
(amino acids refer to 1st sequence: BT_Cry8Ba1)

   1 P   0.58180 0.10144 0.27028 0.04648 ( 1)
   2 F   0.60261 0.08063 0.27982 0.03693 ( 1)
   3 V   0.60869 0.07456 0.28262 0.03414 ( 1)
   4 G   0.67109 0.01216 0.31119 0.00557 ( 1)
   5 P   0.02625 0.65699 0.01256 0.30419 ( 2)
   6 I   0.67644 0.00680 0.31364 0.00311 ( 1)
   7 V   0.51765 0.16560 0.24082 0.07593 ( 1)
   8 S   0.41586 0.26738 0.19393 0.12283 ( 1)
   9 L   0.66455 0.01870 0.30820 0.00856 ( 1)
  10 Y   0.59427 0.08898 0.27601 0.04075 ( 1)
  11 T   0.44618 0.23707 0.20791 0.10884 ( 1)
  12 Q   0.00235 0.68090 0.00117 0.31558 ( 2)
  13 L   0.53950 0.14374 0.25087 0.06589 ( 1)
  14 I   0.55164 0.13160 0.25645 0.06031 ( 1)
  15 D   0.17198 0.51127 0.08089 0.23587 ( 2)
  16 I   0.11097 0.57227 0.05236 0.26439 ( 2)
  17 L   0.65239 0.03086 0.30263 0.01413 ( 1)
  18 W   0.65320 0.03004 0.30301 0.01375 ( 1)
  19 P   0.67750 0.00574 0.31413 0.00263 ( 1)
  20 S   0.00119 0.68206 0.00062 0.31614 ( 2)
  21 K   0.03938 0.64387 0.01877 0.29799 ( 2)
  22 Q   0.66270 0.02054 0.30735 0.00940 ( 1)
  23 K   0.58578 0.09746 0.27211 0.04464 ( 1)
  24 S   0.40304 0.28021 0.18804 0.12871 ( 1)
  25 Q   0.43920 0.24404 0.20470 0.11205 ( 1)
  26 W   0.65320 0.03004 0.30301 0.01375 ( 1)
  27 E   0.67806 0.00519 0.31438 0.00238 ( 1)
  28 I   0.14807 0.53517 0.06971 0.24705 ( 2)
  29 F   0.67965 0.00359 0.31511 0.00165 ( 1)
  30 M   0.68154 0.00170 0.31597 0.00078 ( 1)
  31 E   0.44200 0.24125 0.20601 0.11074 ( 1)
  32 Q   0.57953 0.10372 0.26925 0.04751 ( 1)
  33 V   0.67535 0.00789 0.31314 0.00361 ( 1)
  34 E   0.67800 0.00524 0.31436 0.00240 ( 1)
  35 E   0.12329 0.55971 0.05821 0.25878 ( 2)
  36 L   0.65572 0.02753 0.30415 0.01260 ( 1)
  37 I   0.67622 0.00703 0.31354 0.00322 ( 1)
  38 N   0.68010 0.00315 0.31531 0.00144 ( 1)
  39 Q   0.57264 0.11061 0.26608 0.05067 ( 1)
  40 K   0.64663 0.03662 0.30000 0.01676 ( 1)
  41 I   0.67832 0.00493 0.31450 0.00226 ( 1)
  42 A   0.62889 0.05436 0.29187 0.02488 ( 1)
  43 E   0.67806 0.00519 0.31438 0.00238 ( 1)
  44 Y   0.03095 0.65230 0.01479 0.30197 ( 2)
  45 A   0.62488 0.05836 0.29004 0.02671 ( 1)
  46 R   0.08940 0.59385 0.04227 0.27448 ( 2)
  47 N   0.02722 0.65602 0.01309 0.30366 ( 2)
  48 K   0.67399 0.00926 0.31251 0.00424 ( 1)
  49 A   0.67615 0.00710 0.31351 0.00325 ( 1)
  50 L   0.39511 0.28814 0.18434 0.13242 ( 1)
  51 S   0.46214 0.22110 0.21527 0.10148 ( 1)
  52 E   0.67806 0.00519 0.31438 0.00238 ( 1)
  53 L   0.66442 0.01882 0.30814 0.00861 ( 1)
  54 E   0.67630 0.00694 0.31358 0.00318 ( 1)
  55 G   0.66860 0.01464 0.31005 0.00670 ( 1)
  56 L   0.66614 0.01710 0.30893 0.00783 ( 1)
  57 G   0.49431 0.18894 0.23009 0.08667 ( 1)
  58 N   0.67986 0.00338 0.31521 0.00155 ( 1)
  59 N   0.16996 0.51329 0.07991 0.23684 ( 2)
  60 Y   0.05240 0.63084 0.02489 0.29186 ( 2)
  61 Q   0.12216 0.56108 0.05760 0.25916 ( 2)
  62 L   0.00606 0.67719 0.00300 0.31376 ( 2)
  63 Y   0.67672 0.00653 0.31377 0.00299 ( 1)
  64 L   0.16037 0.52288 0.07544 0.24131 ( 2)
  65 T   0.56133 0.12192 0.26089 0.05586 ( 1)
  66 A   0.67667 0.00657 0.31374 0.00301 ( 1)
  67 L   0.67115 0.01209 0.31122 0.00553 ( 1)
  68 E   0.67806 0.00519 0.31438 0.00238 ( 1)
  69 E   0.58347 0.09978 0.27105 0.04570 ( 1)
  70 W   0.65320 0.03004 0.30301 0.01375 ( 1)
  71 K   0.48815 0.19510 0.22725 0.08951 ( 1)
  72 E   0.04855 0.63469 0.02316 0.29359 ( 2)
  73 N   0.68010 0.00315 0.31531 0.00144 ( 1)
  74 P   0.50380 0.17944 0.23446 0.08230 ( 1)
  75 N   0.61219 0.07105 0.28422 0.03253 ( 1)
  76 G   0.14068 0.54257 0.06626 0.25050 ( 2)
  77 S   0.10373 0.57951 0.04896 0.26779 ( 2)
  78 R   0.25722 0.42602 0.12048 0.19627 ( 2)
  79 A   0.00339 0.67985 0.00169 0.31507 ( 2)
  80 L   0.38681 0.29643 0.18051 0.13624 ( 1)
  81 R   0.27660 0.40665 0.12946 0.18729 ( 2)
  82 D   0.13596 0.54729 0.06406 0.25270 ( 2)
  83 V   0.67348 0.00977 0.31229 0.00447 ( 1)
  84 R   0.00288 0.68037 0.00144 0.31532 ( 2)
  85 N   0.46166 0.22159 0.21507 0.10168 ( 1)
  86 R   0.66657 0.01667 0.30912 0.00763 ( 1)
  87 F   0.67965 0.00359 0.31511 0.00165 ( 1)
  88 E   0.57027 0.11298 0.26500 0.05176 ( 1)
  89 I   0.07713 0.60612 0.03651 0.28024 ( 2)
  90 L   0.12381 0.55944 0.05837 0.25838 ( 2)
  91 D   0.64643 0.03681 0.29991 0.01685 ( 1)
  92 S   0.63554 0.04771 0.29492 0.02184 ( 1)
  93 L   0.66770 0.01555 0.30964 0.00712 ( 1)
  94 F   0.67965 0.00359 0.31511 0.00165 ( 1)
  95 T   0.47351 0.20974 0.22051 0.09625 ( 1)
  96 Q   0.08092 0.60232 0.03830 0.27846 ( 2)
  97 Y   0.07423 0.60902 0.03516 0.28159 ( 2)
  98 M   0.68154 0.00170 0.31597 0.00078 ( 1)
  99 P   0.67729 0.00596 0.31403 0.00273 ( 1)
 100 S   0.67645 0.00680 0.31364 0.00311 ( 1)
 101 F   0.67965 0.00359 0.31511 0.00165 ( 1)
 102 R   0.65737 0.02587 0.30491 0.01184 ( 1)
 103 V   0.14096 0.54229 0.06639 0.25037 ( 2)
 104 T   0.03069 0.65256 0.01474 0.30201 ( 2)
 105 N   0.10186 0.58138 0.04810 0.26866 ( 2)
 106 F   0.50117 0.18207 0.23324 0.08351 ( 1)
 107 E   0.67806 0.00519 0.31438 0.00238 ( 1)
 108 V   0.58110 0.10215 0.26997 0.04679 ( 1)
 109 P   0.67890 0.00434 0.31477 0.00199 ( 1)
 110 F   0.38023 0.30301 0.17747 0.13929 ( 1)
 111 L   0.66324 0.02000 0.30760 0.00916 ( 1)
 112 T   0.58529 0.09795 0.27189 0.04487 ( 1)
 113 V   0.67535 0.00789 0.31314 0.00361 ( 1)
 114 Y   0.67672 0.00653 0.31377 0.00299 ( 1)
 115 T   0.49615 0.18710 0.23093 0.08583 ( 1)
 116 M   0.02976 0.65349 0.01421 0.30255 ( 2)
 117 A   0.67728 0.00596 0.31403 0.00273 ( 1)
 118 A   0.67736 0.00588 0.31406 0.00269 ( 1)
 119 N   0.67127 0.01197 0.31128 0.00548 ( 1)
 120 L   0.67432 0.00893 0.31267 0.00409 ( 1)
 121 H   0.67888 0.00437 0.31476 0.00200 ( 1)
 122 L   0.66770 0.01555 0.30964 0.00712 ( 1)
 123 L   0.52879 0.15446 0.24594 0.07081 ( 1)
 124 L   0.66770 0.01555 0.30964 0.00712 ( 1)
 125 L   0.66770 0.01555 0.30964 0.00712 ( 1)
 126 R   0.42900 0.25425 0.19998 0.11677 ( 1)
 127 D   0.59481 0.08843 0.27625 0.04050 ( 1)
 128 A   0.67763 0.00562 0.31418 0.00257 ( 1)
 129 S   0.06282 0.62043 0.02980 0.28695 ( 2)
 130 I   0.10297 0.58027 0.04862 0.26814 ( 2)
 131 F   0.67965 0.00359 0.31511 0.00165 ( 1)
 132 G   0.67755 0.00569 0.31415 0.00260 ( 1)
 133 E   0.60896 0.07429 0.28274 0.03401 ( 1)
 134 E   0.67806 0.00519 0.31438 0.00238 ( 1)
 135 W   0.65320 0.03004 0.30301 0.01375 ( 1)
 136 G   0.67728 0.00597 0.31402 0.00273 ( 1)
 137 L   0.05166 0.63159 0.02455 0.29221 ( 2)
 138 S   0.00415 0.67909 0.00207 0.31469 ( 2)
 139 T   0.00083 0.68241 0.00044 0.31632 ( 2)
 140 S   0.00382 0.67942 0.00190 0.31486 ( 2)
 141 T   0.00192 0.68133 0.00096 0.31579 ( 2)
 142 I   0.52425 0.15899 0.24385 0.07291 ( 1)
 143 N   0.64716 0.03608 0.30025 0.01651 ( 1)
 144 N   0.00115 0.68209 0.00059 0.31617 ( 2)
 145 Y   0.55037 0.13288 0.25586 0.06089 ( 1)
 146 Y   0.67394 0.00931 0.31250 0.00426 ( 1)
 147 N   0.60258 0.08067 0.27981 0.03694 ( 1)
 148 R   0.07991 0.60333 0.03782 0.27893 ( 2)
 149 Q   0.67737 0.00588 0.31407 0.00269 ( 1)
 150 M   0.59336 0.08988 0.27560 0.04116 ( 1)
 151 K   0.01048 0.67277 0.00513 0.31163 ( 2)
 152 L   0.06145 0.62180 0.02914 0.28762 ( 2)
 153 T   0.02122 0.66203 0.01025 0.30650 ( 2)
 154 A   0.58056 0.10269 0.26972 0.04704 ( 1)
 155 E   0.54821 0.13504 0.25486 0.06189 ( 1)
 156 Y   0.67672 0.00653 0.31377 0.00299 ( 1)
 157 S   0.52674 0.15651 0.24500 0.07175 ( 1)
 158 D   0.67811 0.00514 0.31440 0.00235 ( 1)
 159 H   0.67159 0.01166 0.31142 0.00534 ( 1)
 160 C   0.67906 0.00419 0.31484 0.00192 ( 1)
 161 V   0.67367 0.00957 0.31237 0.00438 ( 1)
 162 K   0.54124 0.14201 0.25166 0.06509 ( 1)
 163 W   0.65320 0.03004 0.30301 0.01375 ( 1)
 164 Y   0.67672 0.00653 0.31377 0.00299 ( 1)
 165 E   0.00061 0.68245 0.00032 0.31662 ( 2)
 166 T   0.13791 0.54534 0.06497 0.25178 ( 2)
 167 G   0.67516 0.00808 0.31306 0.00370 ( 1)
 168 L   0.66770 0.01555 0.30964 0.00712 ( 1)
 169 A   0.08389 0.59935 0.03967 0.27709 ( 2)
 170 K   0.04774 0.63550 0.02268 0.29407 ( 2)
 171 L   0.66680 0.01645 0.30923 0.00753 ( 1)
 172 K   0.67824 0.00500 0.31447 0.00229 ( 1)
 173 -   0.46372 0.21952 0.21596 0.10079 ( 1)
 174 -   0.46318 0.22007 0.21571 0.10105 ( 1)
 175 -   0.46295 0.22030 0.21560 0.10115 ( 1)
 176 G   0.67489 0.00836 0.31293 0.00383 ( 1)
 177 S   0.06988 0.61337 0.03311 0.28364 ( 2)
 178 S   0.14923 0.53401 0.07023 0.24652 ( 2)
 179 A   0.55902 0.12423 0.25984 0.05692 ( 1)
 180 K   0.67824 0.00500 0.31447 0.00229 ( 1)
 181 Q   0.14648 0.53677 0.06896 0.24779 ( 2)
 182 W   0.65320 0.03004 0.30301 0.01375 ( 1)
 183 I   0.06405 0.61919 0.03037 0.28638 ( 2)
 184 D   0.00765 0.67559 0.00377 0.31299 ( 2)
 185 Y   0.67672 0.00653 0.31377 0.00299 ( 1)
 186 N   0.50167 0.18158 0.23346 0.08329 ( 1)
 187 Q   0.44146 0.24178 0.20575 0.11101 ( 1)
 188 F   0.67103 0.01222 0.31116 0.00559 ( 1)
 189 R   0.64152 0.04173 0.29765 0.01910 ( 1)
 190 R   0.67933 0.00392 0.31496 0.00179 ( 1)
 191 E   0.67806 0.00519 0.31438 0.00238 ( 1)
 192 M   0.68154 0.00170 0.31597 0.00078 ( 1)
 193 T   0.67818 0.00506 0.31444 0.00232 ( 1)
 194 L   0.34999 0.33326 0.16348 0.15327 ( 1)
 195 T   0.10365 0.57959 0.04894 0.26782 ( 2)
 196 V   0.66026 0.02298 0.30623 0.01052 ( 1)
 197 L   0.66770 0.01555 0.30964 0.00712 ( 1)
 198 D   0.67965 0.00360 0.31510 0.00165 ( 1)
 199 V   0.07928 0.60397 0.03752 0.27924 ( 2)
 200 V   0.06233 0.62092 0.02956 0.28720 ( 2)
 201 A   0.15382 0.52943 0.07238 0.24437 ( 2)
 202 L   0.66770 0.01555 0.30964 0.00712 ( 1)
 203 F   0.67965 0.00359 0.31511 0.00165 ( 1)
 204 S   0.15108 0.53216 0.07111 0.24564 ( 2)
 205 N   0.00022 0.68302 0.00012 0.31664 ( 2)

