Supplemental results for CODEML (seqf: algn  treef: tree)


dN/dS (w) for site classes (K=4)

site class             0        1       2a       2b
proportion       0.43054  0.49752  0.03338  0.03857
background w     0.10259  0.60704  0.10259  0.60704
foreground w     0.10259  0.60704 71.56638 71.56638

Naive Empirical Bayes (NEB) probabilities for 4 classes
(amino acids refer to 1st sequence: BT_Cry1Ba1)

   1 -   0.43054 0.49752 0.03338 0.03857 ( 2)
   2 -   0.43054 0.49752 0.03338 0.03857 ( 2)
   3 -   0.43054 0.49752 0.03338 0.03857 ( 2)
   4 -   0.43054 0.49752 0.03338 0.03857 ( 2)
   5 -   0.43054 0.49752 0.03338 0.03857 ( 2)
   6 -   0.75977 0.16829 0.05890 0.01305 ( 1)
   7 -   0.70208 0.22598 0.05443 0.01752 ( 1)
   8 -   0.11833 0.80972 0.00917 0.06277 ( 2)
   9 -   0.90316 0.02490 0.07001 0.00193 ( 1)
  10 R   0.87023 0.12641 0.00269 0.00067 ( 1)
  11 I   0.99477 0.00002 0.00522 0.00000 ( 1)
  12 T   0.99536 0.00004 0.00460 0.00000 ( 1)
  13 Q   0.98506 0.01375 0.00117 0.00002 ( 1)
  14 I   0.87087 0.12493 0.00351 0.00068 ( 1)
  15 P   0.99828 0.00027 0.00145 0.00000 ( 1)
  16 M   0.00003 0.99918 0.00000 0.00079 ( 2)
  17 V   0.96246 0.03353 0.00379 0.00022 ( 1)
  18 K   0.99830 0.00067 0.00103 0.00000 ( 1)
  19 A   0.98322 0.01342 0.00328 0.00008 ( 1)
  20 S   0.00003 0.99641 0.00000 0.00356 ( 2)
  21 E   0.00061 0.94961 0.00012 0.04966 ( 2)
  22 L   0.00199 0.69587 0.01224 0.28990 ( 2)
  23 P   0.00000 0.96360 0.00000 0.03640 ( 2)
  24 Q   0.00001 0.95050 0.00000 0.04949 ( 2)
  25 G   0.99675 0.00035 0.00290 0.00000 ( 1)
  26 T   0.02234 0.96678 0.00011 0.01076 ( 2)
  27 T   0.00631 0.96031 0.00014 0.03324 ( 2)
  28 V   0.07401 0.92393 0.00013 0.00193 ( 2)
  29 V   0.71142 0.00199 0.28626 0.00033 ( 1)
  30 R   0.00434 0.98479 0.00003 0.01083 ( 2)
  31 G   0.98547 0.00080 0.01371 0.00002 ( 1)
  32 P   0.99819 0.00035 0.00145 0.00000 ( 1)
  33 G   0.99637 0.00093 0.00270 0.00000 ( 1)
  34 F   0.99773 0.00003 0.00224 0.00000 ( 1)
  35 T   0.99552 0.00013 0.00435 0.00000 ( 1)
  36 G   0.99725 0.00011 0.00264 0.00000 ( 1)
  37 G   0.99140 0.00774 0.00086 0.00001 ( 1)
  38 D   0.90831 0.00204 0.08959 0.00006 ( 1)
  39 I   0.96734 0.02770 0.00470 0.00026 ( 1)
  40 L   0.94108 0.05726 0.00157 0.00009 ( 1)
  41 R   0.75159 0.24701 0.00100 0.00040 ( 1)
  42 R   0.99227 0.00463 0.00307 0.00002 ( 1)
  43 T   0.98514 0.00733 0.00744 0.00010 ( 1)
  44 N   0.00000 0.90947 0.00000 0.09053 ( 2)
  45 T   0.00000 0.87701 0.00000 0.12299 ( 2)
  46 -   0.54537 0.38269 0.04228 0.02967 ( 1)
  47 G   0.98956 0.00047 0.00996 0.00001 ( 1)
  48 G   0.00004 0.98269 0.00000 0.01727 ( 2)
  49 F   0.00672 0.98757 0.00002 0.00569 ( 2)
  50 G   0.90837 0.08886 0.00240 0.00037 ( 1)
  51 P   0.00099 0.98429 0.00001 0.01471 ( 2)
  52 I   0.81804 0.00684 0.17478 0.00034 ( 1)
  53 R   0.99383 0.00188 0.00427 0.00002 ( 1)
  54 V   0.97665 0.01936 0.00386 0.00013 ( 1)
  55 T   0.00168 0.96598 0.00003 0.03230 ( 2)
  56 V   0.35635 0.63716 0.00150 0.00500 ( 2)
  57 N   0.00198 0.99138 0.00001 0.00663 ( 2)
  58 G   0.00000 0.99252 0.00000 0.00748 ( 2)
  59 P   0.12012 0.87722 0.00020 0.00245 ( 2)
  60 L   0.80588 0.19155 0.00193 0.00064 ( 1)
  61 T   0.67214 0.32124 0.00351 0.00311 ( 1)
  62 Q   0.99747 0.00134 0.00119 0.00000 ( 1)
  63 R   0.04892 0.92028 0.00652 0.02428 ( 2)
  64 Y   0.99802 0.00025 0.00173 0.00000 ( 1)
  65 R   0.96037 0.03913 0.00048 0.00002 ( 1)
  66 I   0.55857 0.30261 0.12359 0.01523 ( 1)
  67 G   0.99623 0.00067 0.00310 0.00000 ( 1)
  68 F   0.00011 0.78262 0.00014 0.21713 ( 2)
  69 R   0.97309 0.02564 0.00122 0.00005 ( 1)
  70 Y   0.80807 0.01097 0.18032 0.00064 ( 1)
  71 A   0.98966 0.00002 0.01032 0.00000 ( 1)
  72 S   0.96784 0.02135 0.01052 0.00029 ( 1)
  73 T   0.99313 0.00045 0.00641 0.00001 ( 1)
  74 V   0.06405 0.36553 0.47090 0.09952 ( 3)
  75 D   0.34696 0.61062 0.02725 0.01516 ( 2)
  76 F   0.04521 0.94613 0.00043 0.00823 ( 2)
  77 D   0.00000 0.85759 0.00000 0.14241 ( 2)
  78 F   0.28276 0.61530 0.02270 0.07924 ( 2)
  79 F   0.00000 0.67215 0.00000 0.32785 ( 2)
  80 V   0.04764 0.94264 0.00029 0.00944 ( 2)
  81 S   0.00000 0.43503 0.00000 0.56497 ( 4)
  82 R   0.00056 0.98810 0.00004 0.01130 ( 2)
  83 G   0.00302 0.97670 0.00006 0.02022 ( 2)
  84 G   0.00004 0.93324 0.00001 0.06670 ( 2)
  85 T   0.00005 0.81387 0.00026 0.18581 ( 2)
  86 T   0.00012 0.91919 0.00004 0.08065 ( 2)
  87 -   0.55174 0.37631 0.04277 0.02917 ( 1)
  88 -   0.02854 0.89952 0.00221 0.06973 ( 2)
  89 V   0.05823 0.76332 0.04363 0.13482 ( 2)
  90 N   0.01613 0.82044 0.05043 0.11301 ( 2)
  91 N   0.00000 0.97391 0.00000 0.02609 ( 2)
  92 F   0.00058 0.94802 0.00013 0.05128 ( 2)
  93 R   0.00000 0.87139 0.00002 0.12858 ( 2)
  94 F   0.01971 0.93720 0.00375 0.03934 ( 2)
  95 L   0.00000 0.17520 0.00000 0.82480 ( 4)
  96 R   0.00071 0.99496 0.00000 0.00433 ( 2)
  97 T   0.99562 0.00002 0.00436 0.00000 ( 1)
  98 M   0.99899 0.00003 0.00099 0.00000 ( 1)
  99 N   0.00195 0.99647 0.00000 0.00158 ( 2)
 100 S   0.00034 0.99381 0.00000 0.00584 ( 2)
 101 G   0.88355 0.10651 0.00871 0.00123 ( 1)
 102 D   0.00000 0.99931 0.00000 0.00069 ( 2)
 103 E   0.11377 0.88209 0.00029 0.00385 ( 2)
 104 L   0.70067 0.28026 0.01096 0.00811 ( 1)
 105 K   0.00069 0.71556 0.00165 0.28210 ( 2)
 106 Y   0.76934 0.22999 0.00050 0.00017 ( 1)
 107 G   0.01070 0.98502 0.00003 0.00425 ( 2)
 108 N   0.02102 0.97723 0.00005 0.00170 ( 2)
 109 F   0.99566 0.00210 0.00224 0.00001 ( 1)
 110 V   0.00003 0.88078 0.00002 0.11916 ( 2)
 111 R   0.93484 0.06058 0.00412 0.00046 ( 1)
 112 R   0.00001 0.99301 0.00000 0.00699 ( 2)
 113 A   0.27246 0.72662 0.00022 0.00071 ( 2)
 114 F   0.94525 0.05243 0.00212 0.00019 ( 1)
 115 T   0.02862 0.96339 0.00013 0.00786 ( 2)
 116 T   0.90944 0.08562 0.00423 0.00071 ( 1)
 117 -   0.43054 0.49752 0.03338 0.03857 ( 2)
 118 -   0.43054 0.49752 0.03338 0.03857 ( 2)
 119 -   0.43054 0.49752 0.03338 0.03857 ( 2)
 120 -   0.43054 0.49752 0.03338 0.03857 ( 2)
 121 -   0.43054 0.49752 0.03338 0.03857 ( 2)
 122 -   0.43054 0.49752 0.03338 0.03857 ( 2)
 123 P   0.01292 0.98311 0.00003 0.00394 ( 2)
 124 F   0.99633 0.00143 0.00224 0.00001 ( 1)
 125 T   0.00000 0.73118 0.00001 0.26881 ( 2)
 126 F   0.41468 0.58207 0.00095 0.00230 ( 2)
 127 T   0.00015 0.98218 0.00000 0.01767 ( 2)
 128 Q   0.00182 0.99622 0.00000 0.00196 ( 2)
 129 I   0.00000 0.96225 0.00000 0.03774 ( 2)
 130 Q   0.04743 0.95096 0.00006 0.00156 ( 2)
 131 D   0.00818 0.98723 0.00004 0.00455 ( 2)
 132 I   0.00007 0.88237 0.00003 0.11753 ( 2)
 133 I   0.60955 0.34189 0.02737 0.02119 ( 1)
 134 R   0.22699 0.74686 0.00376 0.02239 ( 2)
 135 T   0.00010 0.99520 0.00000 0.00470 ( 2)
 136 S   0.00001 0.92515 0.00000 0.07483 ( 2)
 137 I   0.00720 0.97920 0.00009 0.01351 ( 2)
 138 Q   0.00000 0.95723 0.00000 0.04277 ( 2)
 139 G   0.00000 0.20376 0.00025 0.79599 ( 4)
 140 L   0.47323 0.40162 0.10337 0.02178 ( 1)
 141 S   0.16135 0.83712 0.00022 0.00131 ( 2)
 142 G   0.00002 0.88041 0.00001 0.11956 ( 2)
 143 N   0.16984 0.82450 0.00052 0.00514 ( 2)
 144 G   0.00000 0.27775 0.00010 0.72215 ( 4)
 145 E   0.88413 0.11305 0.00228 0.00054 ( 1)
 146 V   0.01226 0.00627 0.96039 0.02107 ( 3)
 147 Y   0.99645 0.00182 0.00173 0.00000 ( 1)
 148 I   0.01665 0.81699 0.01057 0.15580 ( 2)
 149 D   0.99723 0.00006 0.00271 0.00000 ( 1)
 150 K   0.97373 0.02313 0.00301 0.00012 ( 1)
 151 I   0.98627 0.00848 0.00517 0.00008 ( 1)
 152 E   0.99731 0.00004 0.00265 0.00000 ( 1)
 153 I   0.93414 0.05413 0.01078 0.00096 ( 1)
 154 I   0.70246 0.17269 0.11911 0.00575 ( 1)
 155 P   0.95472 0.04103 0.00391 0.00033 ( 1)


lnL = -5303.017705

