Supplemental results for CODEML (seqf: algn  treef: tree)


dN/dS (w) for site classes (K=4)

site class             0        1       2a       2b
proportion       0.00000  0.00000  0.41939  0.58061
background w     0.06205  1.00000  0.06205  1.00000
foreground w     0.06205  1.00000  1.00000  1.00000

Naive Empirical Bayes (NEB) probabilities for 4 classes
(amino acids refer to 1st sequence: BT_Cry1Na1)

   1 -   0.00000 0.00000 0.58494 0.41506 ( 3)
   2 I   0.00000 0.00000 0.03015 0.96985 ( 4)
   3 I   0.00000 0.00000 0.99800 0.00200 ( 3)
   4 T   0.00000 0.00000 0.95553 0.04447 ( 3)
   5 Q   0.00000 0.00000 0.99995 0.00005 ( 3)
   6 I   0.00000 0.00000 0.99770 0.00230 ( 3)
   7 P   0.00000 0.00000 0.99897 0.00103 ( 3)
   8 L   0.00000 0.00000 0.93649 0.06351 ( 3)
   9 V   0.00000 0.00000 0.99886 0.00114 ( 3)
  10 K   0.00000 0.00000 0.99978 0.00022 ( 3)
  11 A   0.00000 0.00000 0.41815 0.58185 ( 4)
  12 Y   0.00000 0.00000 0.53289 0.46711 ( 3)
  13 Q   0.00000 0.00000 0.00000 1.00000 ( 4)
  14 I   0.00000 0.00000 0.84238 0.15762 ( 3)
  15 G   0.00000 0.00000 0.00087 0.99913 ( 4)
  16 S   0.00000 0.00000 0.00073 0.99927 ( 4)
  17 G   0.00000 0.00000 0.90767 0.09233 ( 3)
  18 T   0.00000 0.00000 0.66044 0.33956 ( 3)
  19 T   0.00000 0.00000 0.28021 0.71979 ( 4)
  20 V   0.00000 0.00000 0.98750 0.01250 ( 3)
  21 R   0.00000 0.00000 0.72351 0.27649 ( 3)
  22 K   0.00000 0.00000 0.01596 0.98404 ( 4)
  23 G   0.00000 0.00000 0.99436 0.00564 ( 3)
  24 P   0.00000 0.00000 0.99795 0.00205 ( 3)
  25 G   0.00000 0.00000 0.99825 0.00175 ( 3)
  26 F   0.00000 0.00000 0.08200 0.91800 ( 4)
  27 T   0.00000 0.00000 0.99888 0.00112 ( 3)
  28 G   0.00000 0.00000 0.99983 0.00017 ( 3)
  29 G   0.00000 0.00000 0.99966 0.00034 ( 3)
  30 D   0.00000 0.00000 0.99621 0.00379 ( 3)
  31 I   0.00000 0.00000 0.87805 0.12195 ( 3)
  32 L   0.00000 0.00000 0.94123 0.05877 ( 3)
  33 R   0.00000 0.00000 0.00412 0.99588 ( 4)
  34 R   0.00000 0.00000 0.46644 0.53356 ( 4)
  35 T   0.00000 0.00000 0.00004 0.99996 ( 4)
  36 G   0.00000 0.00000 0.00074 0.99926 ( 4)
  37 P   0.00000 0.00000 0.05934 0.94066 ( 4)
  38 G   0.00000 0.00000 0.99636 0.00364 ( 3)
  39 T   0.00000 0.00000 0.01069 0.98931 ( 4)
  40 -   0.00000 0.00000 0.44134 0.55866 ( 4)
  41 F   0.00000 0.00000 0.04534 0.95466 ( 4)
  42 G   0.00000 0.00000 0.91971 0.08029 ( 3)
  43 D   0.00000 0.00000 0.00061 0.99939 ( 4)
  44 M   0.00000 0.00000 0.85515 0.14485 ( 3)
  45 R   0.00000 0.00000 0.00003 0.99997 ( 4)
  46 I   0.00000 0.00000 0.08810 0.91190 ( 4)
  47 N   0.00000 0.00000 0.00017 0.99983 ( 4)
  48 I   0.00000 0.00000 0.07097 0.92903 ( 4)
  49 N   0.00000 0.00000 0.74550 0.25450 ( 3)
  50 A   0.00000 0.00000 0.00047 0.99953 ( 4)
  51 P   0.00000 0.00000 0.37977 0.62023 ( 4)
  52 L   0.00000 0.00000 0.00046 0.99954 ( 4)
  53 S   0.00000 0.00000 0.00084 0.99916 ( 4)
  54 Q   0.00000 0.00000 0.00191 0.99809 ( 4)
  55 -   0.00000 0.00000 0.93551 0.06449 ( 3)
  56 -   0.00000 0.00000 0.46964 0.53036 ( 4)
  57 -   0.00000 0.00000 0.43334 0.56666 ( 4)
  58 -   0.00000 0.00000 0.47980 0.52020 ( 4)
  59 R   0.00000 0.00000 0.00103 0.99897 ( 4)
  60 Y   0.00000 0.00000 0.99824 0.00176 ( 3)
  61 R   0.00000 0.00000 0.81976 0.18024 ( 3)
  62 V   0.00000 0.00000 0.86098 0.13902 ( 3)
  63 R   0.00000 0.00000 0.99855 0.00145 ( 3)
  64 I   0.00000 0.00000 0.99502 0.00498 ( 3)
  65 R   0.00000 0.00000 0.99971 0.00029 ( 3)
  66 Y   0.00000 0.00000 0.99992 0.00008 ( 3)
  67 A   0.00000 0.00000 0.99963 0.00037 ( 3)
  68 S   0.00000 0.00000 0.00326 0.99674 ( 4)
  69 T   0.00000 0.00000 0.84601 0.15399 ( 3)
  70 T   0.00000 0.00000 0.11014 0.88986 ( 4)
  71 D   0.00000 0.00000 0.00054 0.99946 ( 4)
  72 L   0.00000 0.00000 0.62146 0.37854 ( 3)
  73 Q   0.00000 0.00000 0.03451 0.96549 ( 4)
  74 F   0.00000 0.00000 0.81801 0.18199 ( 3)
  75 V   0.00000 0.00000 0.00008 0.99992 ( 4)
  76 T   0.00000 0.00000 0.78359 0.21641 ( 3)
  77 S   0.00000 0.00000 0.00020 0.99980 ( 4)
  78 I   0.00000 0.00000 0.06409 0.93591 ( 4)
  79 -   0.00000 0.00000 0.41939 0.58061 ( 4)
  80 N   0.00000 0.00000 0.08355 0.91645 ( 4)
  81 G   0.00000 0.00000 0.02005 0.97995 ( 4)
  82 T   0.00000 0.00000 0.00010 0.99990 ( 4)
  83 T   0.00000 0.00000 0.03885 0.96115 ( 4)
  84 I   0.00000 0.00000 0.69802 0.30198 ( 3)
  85 N   0.00000 0.00000 0.00061 0.99939 ( 4)
  86 I   0.00000 0.00000 0.01020 0.98980 ( 4)
  87 G   0.00000 0.00000 0.85053 0.14947 ( 3)
  88 N   0.00000 0.00000 0.00773 0.99227 ( 4)
  89 F   0.00000 0.00000 0.00417 0.99583 ( 4)
  90 P   0.00000 0.00000 0.30064 0.69936 ( 4)
  91 K   0.00000 0.00000 0.02799 0.97201 ( 4)
  92 T   0.00000 0.00000 0.99815 0.00185 ( 3)
  93 I   0.00000 0.00000 0.00016 0.99984 ( 4)
  94 N   0.00000 0.00000 0.00598 0.99402 ( 4)
  95 N   0.00000 0.00000 0.62077 0.37923 ( 3)
  96 L   0.00000 0.00000 0.03187 0.96813 ( 4)
  97 -   0.00000 0.00000 0.49852 0.50148 ( 4)
  98 -   0.00000 0.00000 0.49852 0.50148 ( 4)
  99 -   0.00000 0.00000 0.48879 0.51121 ( 4)
 100 -   0.00000 0.00000 0.48879 0.51121 ( 4)
 101 -   0.00000 0.00000 0.46179 0.53821 ( 4)
 102 N   0.00000 0.00000 0.28486 0.71514 ( 4)
 103 T   0.00000 0.00000 0.61186 0.38814 ( 3)
 104 L   0.00000 0.00000 0.99654 0.00346 ( 3)
 105 G   0.00000 0.00000 0.02920 0.97080 ( 4)
 106 S   0.00000 0.00000 0.99786 0.00214 ( 3)
 107 E   0.00000 0.00000 0.65179 0.34821 ( 3)
 108 G   0.00000 0.00000 0.02032 0.97968 ( 4)
 109 Y   0.00000 0.00000 0.99911 0.00089 ( 3)
 110 R   0.00000 0.00000 0.02925 0.97075 ( 4)
 111 T   0.00000 0.00000 0.94262 0.05738 ( 3)
 112 V   0.00000 0.00000 0.05091 0.94909 ( 4)
 113 S   0.00000 0.00000 0.00936 0.99064 ( 4)
 114 F   0.00000 0.00000 0.00988 0.99012 ( 4)
 115 S   0.00000 0.00000 0.00078 0.99922 ( 4)
 116 T   0.00000 0.00000 0.00304 0.99696 ( 4)
 117 P   0.00000 0.00000 0.00298 0.99702 ( 4)
 118 F   0.00000 0.00000 0.00283 0.99717 ( 4)
 119 S   0.00000 0.00000 0.00091 0.99909 ( 4)
 120 F   0.00000 0.00000 0.00004 0.99996 ( 4)
 121 S   0.00000 0.00000 0.00003 0.99997 ( 4)
 122 N   0.00000 0.00000 0.00033 0.99967 ( 4)
 123 A   0.00000 0.00000 0.94185 0.05815 ( 3)
 124 Q   0.00000 0.00000 0.38190 0.61810 ( 4)
 125 S   0.00000 0.00000 0.00180 0.99820 ( 4)
 126 -   0.00000 0.00000 0.33148 0.66852 ( 4)
 127 -   0.00000 0.00000 0.04677 0.95323 ( 4)
 128 -   0.00000 0.00000 0.00215 0.99785 ( 4)
 129 -   0.00000 0.00000 0.05819 0.94181 ( 4)
 130 I   0.00000 0.00000 0.00339 0.99661 ( 4)
 131 F   0.00000 0.00000 0.04048 0.95952 ( 4)
 132 R   0.00000 0.00000 0.00035 0.99965 ( 4)
 133 L   0.00000 0.00000 0.85638 0.14362 ( 3)
 134 G   0.00000 0.00000 0.00001 0.99999 ( 4)
 135 I   0.00000 0.00000 0.02332 0.97668 ( 4)
 136 Q   0.00000 0.00000 0.14613 0.85387 ( 4)
 137 A   0.00000 0.00000 0.00654 0.99346 ( 4)
 138 F   0.00000 0.00000 0.02203 0.97797 ( 4)
 139 S   0.00000 0.00000 0.00001 0.99999 ( 4)
 140 G   0.00000 0.00000 0.00473 0.99527 ( 4)
 141 V   0.00000 0.00000 0.03584 0.96416 ( 4)
 142 Q   0.00000 0.00000 0.07236 0.92764 ( 4)
 143 E   0.00000 0.00000 0.01277 0.98723 ( 4)
 144 V   0.00000 0.00000 0.80997 0.19003 ( 3)
 145 Y   0.00000 0.00000 0.01360 0.98640 ( 4)
 146 V   0.00000 0.00000 0.98725 0.01275 ( 3)
 147 D   0.00000 0.00000 0.99989 0.00011 ( 3)
 148 K   0.00000 0.00000 0.97531 0.02469 ( 3)
 149 I   0.00000 0.00000 0.99809 0.00191 ( 3)
 150 E   0.00000 0.00000 0.99993 0.00007 ( 3)
 151 F   0.00000 0.00000 0.99995 0.00005 ( 3)
 152 I   0.00000 0.00000 0.08243 0.91757 ( 4)
 153 P   0.00000 0.00000 0.99436 0.00564 ( 3)


lnL = -2669.058594

Bayes Empirical Bayes (BEB) probabilities for 4 classes (class)
(amino acids refer to 1st sequence: BT_Cry1Na1)

   1 -   0.43446 0.33885 0.12794 0.09875 ( 1)
   2 I   0.00942 0.73011 0.00420 0.25626 ( 2)
   3 I   0.78383 0.00124 0.21458 0.00035 ( 1)
   4 T   0.71866 0.03760 0.23191 0.01183 ( 1)
   5 Q   0.78911 0.00003 0.21084 0.00001 ( 1)
   6 I   0.80363 0.00142 0.19459 0.00037 ( 1)
   7 P   0.77927 0.00078 0.21974 0.00022 ( 1)
   8 L   0.71590 0.06530 0.20041 0.01839 ( 1)
   9 V   0.78102 0.00074 0.21803 0.00021 ( 1)
  10 K   0.80115 0.00014 0.19867 0.00004 ( 1)
  11 A   0.25002 0.54806 0.06076 0.14116 ( 2)
  12 Y   0.31828 0.47314 0.08216 0.12642 ( 2)
  13 Q   0.00000 0.79522 0.00000 0.20478 ( 2)
  14 I   0.58078 0.16744 0.19731 0.05448 ( 1)
  15 G   0.00029 0.79494 0.00007 0.20470 ( 2)
  16 S   0.00022 0.78782 0.00006 0.21191 ( 2)
  17 G   0.69781 0.09535 0.18124 0.02560 ( 1)
  18 T   0.43493 0.35099 0.11758 0.09650 ( 1)
  19 T   0.14960 0.64567 0.03685 0.16788 ( 2)
  20 V   0.79293 0.01002 0.19444 0.00261 ( 1)
  21 R   0.54350 0.24048 0.14921 0.06680 ( 1)
  22 K   0.00541 0.78486 0.00139 0.20834 ( 2)
  23 G   0.79689 0.00479 0.19707 0.00125 ( 1)
  24 P   0.77794 0.00176 0.21981 0.00050 ( 1)
  25 G   0.80237 0.00141 0.19586 0.00037 ( 1)
  26 F   0.03401 0.75651 0.00871 0.20077 ( 2)
  27 T   0.79904 0.00070 0.20007 0.00019 ( 1)
  28 G   0.79867 0.00011 0.20119 0.00003 ( 1)
  29 G   0.79855 0.00024 0.20115 0.00006 ( 1)
  30 D   0.78211 0.00295 0.21411 0.00082 ( 1)
  31 I   0.65341 0.12821 0.18233 0.03605 ( 1)
  32 L   0.74429 0.05804 0.18253 0.01515 ( 1)
  33 R   0.00125 0.78764 0.00032 0.21078 ( 2)
  34 R   0.29256 0.50220 0.07343 0.13181 ( 2)
  35 T   0.00000 0.73956 0.00001 0.26043 ( 2)
  36 G   0.00018 0.78469 0.00005 0.21508 ( 2)
  37 P   0.02322 0.75654 0.00654 0.21371 ( 2)
  38 G   0.79582 0.00294 0.20047 0.00077 ( 1)
  39 T   0.00478 0.76853 0.00142 0.22527 ( 2)
  40 -   0.32282 0.45049 0.09524 0.13145 ( 2)
  41 F   0.02303 0.75029 0.00684 0.21985 ( 2)
  42 G   0.71286 0.06045 0.20912 0.01757 ( 1)
  43 D   0.00017 0.79131 0.00004 0.20847 ( 2)
  44 M   0.62668 0.17034 0.15795 0.04503 ( 1)
  45 R   0.00001 0.78315 0.00000 0.21684 ( 2)
  46 I   0.00666 0.70837 0.04195 0.24302 ( 2)
  47 N   0.00004 0.78469 0.00001 0.21527 ( 2)
  48 I   0.03471 0.75346 0.00909 0.20275 ( 2)
  49 N   0.05055 0.33685 0.51916 0.09344 ( 3)
  50 A   0.00013 0.79185 0.00003 0.20799 ( 2)
  51 P   0.22268 0.57381 0.05437 0.14914 ( 2)
  52 L   0.00012 0.77861 0.00003 0.22124 ( 2)
  53 S   0.00024 0.77750 0.00007 0.22219 ( 2)
  54 Q   0.00056 0.77882 0.00016 0.22047 ( 2)
  55 -   0.72054 0.05277 0.21135 0.01534 ( 1)
  56 -   0.34456 0.42875 0.10162 0.12507 ( 2)
  57 -   0.31670 0.45662 0.09344 0.13325 ( 2)
  58 -   0.35240 0.42092 0.10391 0.12278 ( 2)
  59 R   0.00034 0.77756 0.00010 0.22200 ( 2)
  60 Y   0.79373 0.00145 0.20442 0.00039 ( 1)
  61 R   0.61119 0.18735 0.15235 0.04911 ( 1)
  62 V   0.65270 0.14492 0.16432 0.03806 ( 1)
  63 R   0.79090 0.00103 0.20779 0.00028 ( 1)
  64 I   0.80111 0.00388 0.19400 0.00101 ( 1)
  65 R   0.79891 0.00020 0.20083 0.00005 ( 1)
  66 Y   0.78054 0.00006 0.21939 0.00002 ( 1)
  67 A   0.80173 0.00023 0.19798 0.00006 ( 1)
  68 S   0.00116 0.78364 0.00031 0.21489 ( 2)
  69 T   0.08031 0.24546 0.61328 0.06095 ( 3)
  70 T   0.05356 0.73574 0.01387 0.19683 ( 2)
  71 D   0.00007 0.73724 0.00008 0.26260 ( 2)
  72 L   0.39945 0.39780 0.09896 0.10379 ( 1)
  73 Q   0.01363 0.77777 0.00343 0.20517 ( 2)
  74 F   0.59469 0.20245 0.14970 0.05316 ( 1)
  75 V   0.00002 0.77969 0.00001 0.22028 ( 2)
  76 T   0.54536 0.23596 0.15233 0.06635 ( 1)
  77 S   0.00005 0.79524 0.00001 0.20470 ( 2)
  78 I   0.02906 0.74972 0.00825 0.21298 ( 2)
  79 -   0.30605 0.46727 0.09032 0.13637 ( 2)
  80 N   0.03745 0.73586 0.01111 0.21557 ( 2)
  81 G   0.00874 0.76457 0.00260 0.22409 ( 2)
  82 T   0.00003 0.77329 0.00001 0.22668 ( 2)
  83 T   0.01654 0.75678 0.00491 0.22178 ( 2)
  84 I   0.50766 0.29119 0.12490 0.07625 ( 1)
  85 N   0.00017 0.77757 0.00005 0.22221 ( 2)
  86 I   0.00362 0.78985 0.00089 0.20563 ( 2)
  87 G   0.62062 0.17364 0.15948 0.04626 ( 1)
  88 N   0.00306 0.78168 0.00082 0.21444 ( 2)
  89 F   0.00141 0.78341 0.00038 0.21480 ( 2)
  90 P   0.15351 0.62488 0.04372 0.17789 ( 2)
  91 K   0.01153 0.77985 0.00290 0.20572 ( 2)
  92 T   0.79856 0.00119 0.19994 0.00031 ( 1)
  93 I   0.00002 0.71265 0.00004 0.28729 ( 2)
  94 N   0.00076 0.74339 0.00112 0.25474 ( 2)
  95 N   0.39493 0.40029 0.09938 0.10539 ( 2)
  96 L   0.01363 0.75968 0.00405 0.22264 ( 2)
  97 -   0.36689 0.40643 0.10816 0.11853 ( 2)
  98 -   0.36689 0.40643 0.10816 0.11853 ( 2)
  99 -   0.35936 0.41395 0.10595 0.12074 ( 2)
 100 -   0.35936 0.41395 0.10595 0.12074 ( 2)
 101 -   0.33852 0.43479 0.09984 0.12684 ( 2)
 102 N   0.15787 0.62784 0.04237 0.17193 ( 2)
 103 T   0.41152 0.38935 0.09880 0.10033 ( 1)
 104 L   0.78458 0.00253 0.21219 0.00070 ( 1)
 105 G   0.01119 0.77518 0.00297 0.21066 ( 2)
 106 S   0.79335 0.00184 0.20432 0.00049 ( 1)
 107 E   0.39112 0.39212 0.10767 0.10909 ( 2)
 108 G   0.00799 0.78261 0.00203 0.20737 ( 2)
 109 Y   0.79904 0.00070 0.20008 0.00018 ( 1)
 110 R   0.01115 0.77378 0.00300 0.21207 ( 2)
 111 T   0.73375 0.06097 0.18899 0.01629 ( 1)
 112 V   0.02061 0.77268 0.00511 0.20159 ( 2)
 113 S   0.00226 0.73869 0.00115 0.25790 ( 2)
 114 F   0.00341 0.77629 0.00096 0.21934 ( 2)
 115 S   0.00023 0.79117 0.00006 0.20854 ( 2)
 116 T   0.00091 0.78588 0.00024 0.21297 ( 2)
 117 P   0.00014 0.75104 0.00075 0.24807 ( 2)
 118 F   0.00090 0.78933 0.00023 0.20954 ( 2)
 119 S   0.00026 0.79048 0.00007 0.20919 ( 2)
 120 F   0.00001 0.79196 0.00000 0.20803 ( 2)
 121 S   0.00001 0.79306 0.00000 0.20694 ( 2)
 122 N   0.00009 0.79333 0.00002 0.20656 ( 2)
 123 A   0.73550 0.06044 0.18801 0.01605 ( 1)
 124 Q   0.22645 0.56719 0.05680 0.14956 ( 2)
 125 S   0.00057 0.78621 0.00015 0.21307 ( 2)
 126 -   0.21555 0.55777 0.06372 0.16297 ( 2)
 127 -   0.02330 0.75001 0.00692 0.21977 ( 2)
 128 -   0.00098 0.77233 0.00029 0.22639 ( 2)
 129 -   0.03395 0.73937 0.01008 0.21661 ( 2)
 130 I   0.00129 0.77202 0.00038 0.22630 ( 2)
 131 F   0.00520 0.73583 0.01170 0.24726 ( 2)
 132 R   0.00011 0.79362 0.00003 0.20625 ( 2)
 133 L   0.64586 0.14119 0.17415 0.03879 ( 1)
 134 G   0.00000 0.79128 0.00000 0.20872 ( 2)
 135 I   0.00821 0.78382 0.00207 0.20590 ( 2)
 136 Q   0.06588 0.72943 0.01610 0.18859 ( 2)
 137 A   0.00243 0.79150 0.00059 0.20548 ( 2)
 138 F   0.00860 0.78033 0.00223 0.20884 ( 2)
 139 S   0.00000 0.79141 0.00000 0.20859 ( 2)
 140 G   0.00171 0.78632 0.00045 0.21152 ( 2)
 141 V   0.00575 0.71909 0.01007 0.26509 ( 2)
 142 Q   0.03106 0.76469 0.00747 0.19679 ( 2)
 143 E   0.00460 0.78346 0.00120 0.21074 ( 2)
 144 V   0.05523 0.27834 0.58598 0.08044 ( 3)
 145 Y   0.00085 0.73140 0.00398 0.26377 ( 2)
 146 V   0.79367 0.00989 0.19382 0.00262 ( 1)
 147 D   0.80210 0.00007 0.19781 0.00002 ( 1)
 148 K   0.77737 0.02364 0.19278 0.00620 ( 1)
 149 I   0.80388 0.00117 0.19465 0.00030 ( 1)
 150 E   0.79895 0.00004 0.20099 0.00001 ( 1)
 151 F   0.79971 0.00003 0.20025 0.00001 ( 1)
 152 I   0.04251 0.73852 0.01184 0.20713 ( 2)
 153 P   0.77638 0.00409 0.21837 0.00116 ( 1)

