Supplemental results for CODEML (seqf: algn  treef: tree)


dN/dS (w) for site classes (K=4)

site class             0        1       2a       2b
proportion       0.55063  0.44937  0.00000  0.00000
background w     0.14710  1.00000  0.14710  1.00000
foreground w     0.14710  1.00000  1.00000  1.00000

Naive Empirical Bayes (NEB) probabilities for 4 classes
(amino acids refer to 1st sequence: BT_Cry19Ba1)

   1 E   0.27020 0.72980 0.00000 0.00000 ( 2)
   2 -   0.55063 0.44937 0.00000 0.00000 ( 1)
   3 -   0.55063 0.44937 0.00000 0.00000 ( 1)
   4 V   0.61739 0.38261 0.00000 0.00000 ( 1)
   5 G   0.84341 0.15659 0.00000 0.00000 ( 1)
   6 P   0.01730 0.98270 0.00000 0.00000 ( 2)
   7 L   0.41930 0.58070 0.00000 0.00000 ( 2)
   8 L   0.99002 0.00998 0.00000 0.00000 ( 1)
   9 S   0.96047 0.03953 0.00000 0.00000 ( 1)
  10 W   0.18834 0.81166 0.00000 0.00000 ( 2)
  11 M   0.17293 0.82707 0.00000 0.00000 ( 2)
  12 V   0.01012 0.98988 0.00000 0.00000 ( 2)
  13 S   0.01149 0.98851 0.00000 0.00000 ( 2)
  14 L   0.17953 0.82047 0.00000 0.00000 ( 2)
  15 F   0.82813 0.17187 0.00000 0.00000 ( 1)
  16 W   0.89327 0.10673 0.00000 0.00000 ( 1)
  17 P   0.99476 0.00524 0.00000 0.00000 ( 1)
  18 T   0.02002 0.97998 0.00000 0.00000 ( 2)
  19 I   0.00103 0.99897 0.00000 0.00000 ( 2)
  20 -   0.81276 0.18724 0.00000 0.00000 ( 1)
  21 -   0.79776 0.20224 0.00000 0.00000 ( 1)
  22 -   0.72451 0.27549 0.00000 0.00000 ( 1)
  23 E   0.02984 0.97016 0.00000 0.00000 ( 2)
  24 E   0.00036 0.99964 0.00000 0.00000 ( 2)
  25 K   0.01830 0.98170 0.00000 0.00000 ( 2)
  26 N   0.97720 0.02280 0.00000 0.00000 ( 1)
  27 T   0.01082 0.98918 0.00000 0.00000 ( 2)
  28 V   0.93562 0.06438 0.00000 0.00000 ( 1)
  29 W   0.89327 0.10673 0.00000 0.00000 ( 1)
  30 E   0.47425 0.52575 0.00000 0.00000 ( 2)
  31 D   0.00580 0.99420 0.00000 0.00000 ( 2)
  32 M   0.02572 0.97428 0.00000 0.00000 ( 2)
  33 I   0.95033 0.04967 0.00000 0.00000 ( 1)
  34 K   0.98705 0.01295 0.00000 0.00000 ( 1)
  35 Y   0.02791 0.97209 0.00000 0.00000 ( 2)
  36 V   0.52446 0.47554 0.00000 0.00000 ( 1)
  37 A   0.86802 0.13198 0.00000 0.00000 ( 1)
  38 N   0.97993 0.02007 0.00000 0.00000 ( 1)
  39 L   0.94849 0.05151 0.00000 0.00000 ( 1)
  40 L   0.99152 0.00848 0.00000 0.00000 ( 1)
  41 K   0.00009 0.99991 0.00000 0.00000 ( 2)
  42 Q   0.05711 0.94289 0.00000 0.00000 ( 2)
  43 E   0.15536 0.84464 0.00000 0.00000 ( 2)
  44 L   0.13271 0.86729 0.00000 0.00000 ( 2)
  45 T   0.00035 0.99965 0.00000 0.00000 ( 2)
  46 N   0.00036 0.99964 0.00000 0.00000 ( 2)
  47 D   0.00054 0.99946 0.00000 0.00000 ( 2)
  48 T   0.13926 0.86074 0.00000 0.00000 ( 2)
  49 L   0.41736 0.58264 0.00000 0.00000 ( 2)
  50 N   0.00060 0.99940 0.00000 0.00000 ( 2)
  51 R   0.12075 0.87925 0.00000 0.00000 ( 2)
  52 A   0.99745 0.00255 0.00000 0.00000 ( 1)
  53 T   0.97391 0.02609 0.00000 0.00000 ( 1)
  54 S   0.00439 0.99561 0.00000 0.00000 ( 2)
  55 N   0.94378 0.05622 0.00000 0.00000 ( 1)
  56 L   0.93315 0.06685 0.00000 0.00000 ( 1)
  57 S   0.01614 0.98386 0.00000 0.00000 ( 2)
  58 G   0.75366 0.24634 0.00000 0.00000 ( 1)
  59 L   0.97487 0.02513 0.00000 0.00000 ( 1)
  60 N   0.00384 0.99616 0.00000 0.00000 ( 2)
  61 E   0.47056 0.52944 0.00000 0.00000 ( 2)
  62 S   0.07926 0.92074 0.00000 0.00000 ( 2)
  63 L   0.95787 0.04213 0.00000 0.00000 ( 1)
  64 N   0.00007 0.99993 0.00000 0.00000 ( 2)
  65 I   0.34383 0.65617 0.00000 0.00000 ( 2)
  66 Y   0.99733 0.00267 0.00000 0.00000 ( 1)
  67 N   0.98576 0.01424 0.00000 0.00000 ( 1)
  68 R   0.68968 0.31032 0.00000 0.00000 ( 1)
  69 A   0.41801 0.58199 0.00000 0.00000 ( 2)
  70 L   0.97635 0.02365 0.00000 0.00000 ( 1)
  71 A   0.95417 0.04583 0.00000 0.00000 ( 1)
  72 A   0.00120 0.99880 0.00000 0.00000 ( 2)
  73 W   0.89327 0.10673 0.00000 0.00000 ( 1)
  74 K   0.08187 0.91813 0.00000 0.00000 ( 2)
  75 Q   0.00001 0.99999 0.00000 0.00000 ( 2)
  76 -   0.55063 0.44937 0.00000 0.00000 ( 1)
  77 N   0.00781 0.99219 0.00000 0.00000 ( 2)
  78 K   0.00228 0.99772 0.00000 0.00000 ( 2)
  79 N   0.05150 0.94850 0.00000 0.00000 ( 2)
  80 N   0.00032 0.99968 0.00000 0.00000 ( 2)
  81 F   0.04804 0.95196 0.00000 0.00000 ( 2)
  82 A   0.04558 0.95442 0.00000 0.00000 ( 2)
  83 S   0.09400 0.90600 0.00000 0.00000 ( 2)
  84 -   0.55063 0.44937 0.00000 0.00000 ( 1)
  85 -   0.80520 0.19480 0.00000 0.00000 ( 1)
  86 G   0.83472 0.16528 0.00000 0.00000 ( 1)
  87 E   0.04957 0.95043 0.00000 0.00000 ( 2)
  88 L   0.01107 0.98893 0.00000 0.00000 ( 2)
  89 I   0.13484 0.86516 0.00000 0.00000 ( 2)
  90 R   0.92464 0.07536 0.00000 0.00000 ( 1)
  91 S   0.00018 0.99982 0.00000 0.00000 ( 2)
  92 Y   0.00717 0.99283 0.00000 0.00000 ( 2)
  93 I   0.99045 0.00955 0.00000 0.00000 ( 1)
  94 N   0.00132 0.99868 0.00000 0.00000 ( 2)
  95 D   0.16315 0.83685 0.00000 0.00000 ( 2)
  96 L   0.99759 0.00241 0.00000 0.00000 ( 1)
  97 H   0.99668 0.00332 0.00000 0.00000 ( 1)
  98 I   0.30135 0.69865 0.00000 0.00000 ( 2)
  99 L   0.00024 0.99976 0.00000 0.00000 ( 2)
 100 F   0.99928 0.00072 0.00000 0.00000 ( 1)
 101 T   0.00102 0.99898 0.00000 0.00000 ( 2)
 102 R   0.00001 0.99999 0.00000 0.00000 ( 2)
 103 D   0.05922 0.94078 0.00000 0.00000 ( 2)
 104 I   0.99895 0.00105 0.00000 0.00000 ( 1)
 105 Q   0.78280 0.21720 0.00000 0.00000 ( 1)
 106 S   0.00375 0.99625 0.00000 0.00000 ( 2)
 107 D   0.79820 0.20180 0.00000 0.00000 ( 1)
 108 F   0.96646 0.03354 0.00000 0.00000 ( 1)
 109 S   0.08306 0.91694 0.00000 0.00000 ( 2)
 110 L   0.30014 0.69986 0.00000 0.00000 ( 2)
 111 G   0.00006 0.99994 0.00000 0.00000 ( 2)
 112 G   0.23352 0.76648 0.00000 0.00000 ( 2)
 113 Y   0.99646 0.00354 0.00000 0.00000 ( 1)
 114 E   0.98506 0.01494 0.00000 0.00000 ( 1)
 115 T   0.00863 0.99137 0.00000 0.00000 ( 2)
 116 V   0.99370 0.00630 0.00000 0.00000 ( 1)
 117 L   0.99002 0.00998 0.00000 0.00000 ( 1)
 118 L   0.98657 0.01343 0.00000 0.00000 ( 1)
 119 P   0.99482 0.00518 0.00000 0.00000 ( 1)
 120 S   0.85899 0.14101 0.00000 0.00000 ( 1)
 121 Y   0.99596 0.00404 0.00000 0.00000 ( 1)
 122 A   0.85461 0.14539 0.00000 0.00000 ( 1)
 123 S   0.94217 0.05783 0.00000 0.00000 ( 1)
 124 A   0.90493 0.09507 0.00000 0.00000 ( 1)
 125 A   0.93913 0.06087 0.00000 0.00000 ( 1)
 126 N   0.99647 0.00353 0.00000 0.00000 ( 1)
 127 L   0.97342 0.02658 0.00000 0.00000 ( 1)
 128 H   0.99855 0.00145 0.00000 0.00000 ( 1)
 129 L   0.98094 0.01906 0.00000 0.00000 ( 1)
 130 L   0.85740 0.14260 0.00000 0.00000 ( 1)
 131 L   0.98486 0.01514 0.00000 0.00000 ( 1)
 132 L   0.98377 0.01623 0.00000 0.00000 ( 1)
 133 R   0.97440 0.02560 0.00000 0.00000 ( 1)
 134 D   0.99776 0.00224 0.00000 0.00000 ( 1)
 135 V   0.98778 0.01222 0.00000 0.00000 ( 1)
 136 A   0.11086 0.88914 0.00000 0.00000 ( 2)
 137 I   0.98882 0.01118 0.00000 0.00000 ( 1)
 138 Y   0.92797 0.07203 0.00000 0.00000 ( 1)
 139 G   0.99548 0.00452 0.00000 0.00000 ( 1)
 140 K   0.28484 0.71516 0.00000 0.00000 ( 2)
 141 E   0.12571 0.87429 0.00000 0.00000 ( 2)
 142 -   0.61974 0.38026 0.00000 0.00000 ( 1)
 143 -   0.56607 0.43393 0.00000 0.00000 ( 1)
 144 -   0.59827 0.40173 0.00000 0.00000 ( 1)
 145 -   0.61872 0.38128 0.00000 0.00000 ( 1)
 146 -   0.60742 0.39258 0.00000 0.00000 ( 1)
 147 -   0.61974 0.38026 0.00000 0.00000 ( 1)
 148 -   0.62966 0.37034 0.00000 0.00000 ( 1)
 149 -   0.56463 0.43537 0.00000 0.00000 ( 1)
 150 L   0.98257 0.01743 0.00000 0.00000 ( 1)
 151 G   0.91523 0.08477 0.00000 0.00000 ( 1)
 152 Y   0.98750 0.01250 0.00000 0.00000 ( 1)
 153 P   0.00002 0.99998 0.00000 0.00000 ( 2)
 154 S   0.00212 0.99788 0.00000 0.00000 ( 2)
 155 T   0.00006 0.99994 0.00000 0.00000 ( 2)
 156 D   0.00269 0.99731 0.00000 0.00000 ( 2)
 157 V   0.86507 0.13493 0.00000 0.00000 ( 1)
 158 E   0.00434 0.99566 0.00000 0.00000 ( 2)
 159 F   0.02889 0.97111 0.00000 0.00000 ( 2)
 160 Y   0.99755 0.00245 0.00000 0.00000 ( 1)
 161 Y   0.91022 0.08978 0.00000 0.00000 ( 1)
 162 N   0.00215 0.99785 0.00000 0.00000 ( 2)
 163 E   0.99726 0.00274 0.00000 0.00000 ( 1)
 164 Q   0.55133 0.44867 0.00000 0.00000 ( 1)
 165 K   0.29461 0.70539 0.00000 0.00000 ( 2)
 166 Y   0.00000 1.00000 0.00000 0.00000 ( 2)
 167 Y   0.98440 0.01560 0.00000 0.00000 ( 1)
 168 T   0.78395 0.21605 0.00000 0.00000 ( 1)
 169 E   0.11335 0.88665 0.00000 0.00000 ( 2)
 170 K   0.00068 0.99932 0.00000 0.00000 ( 2)
 171 Y   0.98238 0.01762 0.00000 0.00000 ( 1)
 172 S   0.90395 0.09605 0.00000 0.00000 ( 1)
 173 N   0.74559 0.25441 0.00000 0.00000 ( 1)
 174 Y   0.65426 0.34574 0.00000 0.00000 ( 1)
 175 C   0.98675 0.01325 0.00000 0.00000 ( 1)
 176 V   0.46463 0.53537 0.00000 0.00000 ( 2)
 177 N   0.22481 0.77519 0.00000 0.00000 ( 2)
 178 T   0.90194 0.09806 0.00000 0.00000 ( 1)
 179 Y   0.85503 0.14497 0.00000 0.00000 ( 1)
 180 K   0.97812 0.02188 0.00000 0.00000 ( 1)
 181 S   0.00864 0.99136 0.00000 0.00000 ( 2)
 182 G   0.56872 0.43128 0.00000 0.00000 ( 1)
 183 L   0.97214 0.02786 0.00000 0.00000 ( 1)
 184 E   0.19154 0.80846 0.00000 0.00000 ( 2)
 185 S   0.20470 0.79530 0.00000 0.00000 ( 2)
 186 K   0.46295 0.53705 0.00000 0.00000 ( 2)
 187 K   0.99847 0.00153 0.00000 0.00000 ( 1)
 188 Q   0.31280 0.68720 0.00000 0.00000 ( 2)
 189 I   0.99140 0.00860 0.00000 0.00000 ( 1)
 190 G   0.85725 0.14275 0.00000 0.00000 ( 1)
 191 W   0.89327 0.10673 0.00000 0.00000 ( 1)
 192 S   0.01917 0.98083 0.00000 0.00000 ( 2)
 193 D   0.00808 0.99192 0.00000 0.00000 ( 2)
 194 F   0.96974 0.03026 0.00000 0.00000 ( 1)
 195 N   0.99384 0.00616 0.00000 0.00000 ( 1)
 196 R   0.45202 0.54798 0.00000 0.00000 ( 2)
 197 Y   0.99755 0.00245 0.00000 0.00000 ( 1)
 198 R   0.99046 0.00954 0.00000 0.00000 ( 1)
 199 R   0.99539 0.00461 0.00000 0.00000 ( 1)
 200 E   0.00524 0.99476 0.00000 0.00000 ( 2)
 201 M   0.99889 0.00111 0.00000 0.00000 ( 1)
 202 T   0.99654 0.00346 0.00000 0.00000 ( 1)
 203 L   0.95538 0.04462 0.00000 0.00000 ( 1)
 204 S   0.20956 0.79044 0.00000 0.00000 ( 2)
 205 V   0.98771 0.01229 0.00000 0.00000 ( 1)
 206 L   0.98870 0.01130 0.00000 0.00000 ( 1)
 207 D   0.99963 0.00037 0.00000 0.00000 ( 1)
 208 I   0.54892 0.45108 0.00000 0.00000 ( 1)
 209 V   0.98069 0.01931 0.00000 0.00000 ( 1)
 210 A   0.98261 0.01739 0.00000 0.00000 ( 1)
 211 L   0.93174 0.06826 0.00000 0.00000 ( 1)
 212 F   0.98480 0.01520 0.00000 0.00000 ( 1)
 213 P   0.99476 0.00524 0.00000 0.00000 ( 1)
 214 L   0.04276 0.95724 0.00000 0.00000 ( 2)


lnL = -3775.381335

Bayes Empirical Bayes (BEB) probabilities for 4 classes (class)
(amino acids refer to 1st sequence: BT_Cry19Ba1)

   1 E   0.26474 0.68492 0.01407 0.03627 ( 2)
   2 -   0.52521 0.42445 0.02787 0.02247 ( 1)
   3 -   0.52521 0.42445 0.02787 0.02247 ( 1)
   4 V   0.60663 0.35991 0.01978 0.01368 ( 1)
   5 G   0.81812 0.14839 0.02774 0.00575 ( 1)
   6 P   0.01819 0.94321 0.00066 0.03794 ( 2)
   7 L   0.41658 0.54789 0.01423 0.02129 ( 2)
   8 L   0.95404 0.00977 0.03578 0.00041 ( 1)
   9 S   0.93118 0.03772 0.02970 0.00141 ( 1)
  10 W   0.18929 0.76586 0.00864 0.03621 ( 2)
  11 M   0.17367 0.79068 0.00571 0.02994 ( 2)
  12 V   0.01079 0.95269 0.00035 0.03617 ( 2)
  13 S   0.01222 0.95017 0.00042 0.03719 ( 2)
  14 L   0.18125 0.77956 0.00683 0.03237 ( 2)
  15 F   0.80547 0.16327 0.02522 0.00604 ( 1)
  16 W   0.85398 0.10243 0.03875 0.00484 ( 1)
  17 P   0.95992 0.00514 0.03474 0.00021 ( 1)
  18 T   0.02122 0.94227 0.00070 0.03582 ( 2)
  19 I   0.00113 0.96270 0.00004 0.03614 ( 2)
  20 -   0.77175 0.17791 0.04091 0.00942 ( 1)
  21 -   0.75765 0.19201 0.04017 0.01017 ( 1)
  22 -   0.68867 0.26099 0.03652 0.01382 ( 1)
  23 E   0.03055 0.91259 0.00445 0.05241 ( 2)
  24 E   0.00040 0.96322 0.00001 0.03637 ( 2)
  25 K   0.01942 0.94428 0.00063 0.03568 ( 2)
  26 N   0.94901 0.02215 0.02805 0.00080 ( 1)
  27 T   0.01154 0.95191 0.00038 0.03617 ( 2)
  28 V   0.90633 0.06133 0.02998 0.00236 ( 1)
  29 W   0.85398 0.10243 0.03875 0.00484 ( 1)
  30 E   0.46995 0.49641 0.01498 0.01866 ( 2)
  31 D   0.00629 0.95926 0.00019 0.03426 ( 2)
  32 M   0.02683 0.93708 0.00088 0.03522 ( 2)
  33 I   0.92175 0.04739 0.02908 0.00177 ( 1)
  34 K   0.94995 0.01250 0.03702 0.00053 ( 1)
  35 Y   0.02955 0.93321 0.00100 0.03624 ( 2)
  36 V   0.51810 0.44797 0.01690 0.01703 ( 1)
  37 A   0.84050 0.12665 0.02799 0.00486 ( 1)
  38 N   0.95148 0.01928 0.02855 0.00070 ( 1)
  39 L   0.90595 0.04961 0.04205 0.00238 ( 1)
  40 L   0.94782 0.00815 0.04363 0.00040 ( 1)
  41 K   0.00010 0.96373 0.00000 0.03617 ( 2)
  42 Q   0.05928 0.90172 0.00219 0.03681 ( 2)
  43 E   0.15950 0.80530 0.00508 0.03012 ( 2)
  44 L   0.13499 0.82575 0.00507 0.03420 ( 2)
  45 T   0.00039 0.96300 0.00001 0.03660 ( 2)
  46 N   0.00040 0.96505 0.00001 0.03454 ( 2)
  47 D   0.00059 0.94244 0.00009 0.05688 ( 2)
  48 T   0.14328 0.82080 0.00472 0.03120 ( 2)
  49 L   0.41383 0.55041 0.01424 0.02151 ( 2)
  50 N   0.00065 0.95780 0.00003 0.04153 ( 2)
  51 R   0.12301 0.83762 0.00464 0.03473 ( 2)
  52 A   0.95308 0.00248 0.04432 0.00012 ( 1)
  53 T   0.94148 0.02552 0.03200 0.00100 ( 1)
  54 S   0.00470 0.95952 0.00015 0.03564 ( 2)
  55 N   0.91716 0.05382 0.02708 0.00193 ( 1)
  56 L   0.89951 0.06409 0.03373 0.00266 ( 1)
  57 S   0.01592 0.88845 0.00976 0.08587 ( 2)
  58 G   0.73178 0.23270 0.02616 0.00936 ( 1)
  59 L   0.93922 0.02454 0.03522 0.00102 ( 1)
  60 N   0.00413 0.96118 0.00012 0.03456 ( 2)
  61 E   0.46658 0.49983 0.01486 0.01873 ( 2)
  62 S   0.08150 0.88119 0.00282 0.03450 ( 2)
  63 L   0.91846 0.04076 0.03894 0.00184 ( 1)
  64 N   0.00008 0.95808 0.00000 0.04183 ( 2)
  65 I   0.34393 0.62252 0.01063 0.02292 ( 2)
  66 Y   0.96450 0.00264 0.03275 0.00010 ( 1)
  67 N   0.94735 0.01388 0.03816 0.00060 ( 1)
  68 R   0.66671 0.29227 0.02797 0.01305 ( 1)
  69 A   0.41326 0.54660 0.01646 0.02368 ( 2)
  70 L   0.93256 0.02257 0.04378 0.00109 ( 1)
  71 A   0.92346 0.04410 0.03074 0.00169 ( 1)
  72 A   0.00131 0.96091 0.00005 0.03774 ( 2)
  73 W   0.85398 0.10243 0.03875 0.00484 ( 1)
  74 K   0.08481 0.87965 0.00269 0.03285 ( 2)
  75 Q   0.00001 0.96051 0.00000 0.03949 ( 2)
  76 -   0.52521 0.42445 0.02787 0.02247 ( 1)
  77 N   0.00836 0.95722 0.00025 0.03418 ( 2)
  78 K   0.00248 0.96154 0.00008 0.03591 ( 2)
  79 N   0.05334 0.90493 0.00207 0.03965 ( 2)
  80 N   0.00035 0.96497 0.00001 0.03468 ( 2)
  81 F   0.04932 0.90800 0.00208 0.04060 ( 2)
  82 A   0.04695 0.91645 0.00156 0.03503 ( 2)
  83 S   0.09627 0.86849 0.00307 0.03217 ( 2)
  84 -   0.52521 0.42445 0.02787 0.02247 ( 1)
  85 -   0.76465 0.18501 0.04054 0.00980 ( 1)
  86 G   0.80544 0.15583 0.03194 0.00679 ( 1)
  87 E   0.05165 0.91257 0.00165 0.03414 ( 2)
  88 L   0.01164 0.95104 0.00040 0.03693 ( 2)
  89 I   0.13415 0.79846 0.01645 0.05094 ( 2)
  90 R   0.88814 0.07196 0.03672 0.00318 ( 1)
  91 S   0.00020 0.95415 0.00001 0.04564 ( 2)
  92 Y   0.00765 0.95499 0.00026 0.03709 ( 2)
  93 I   0.96059 0.00929 0.02977 0.00034 ( 1)
  94 N   0.00144 0.96413 0.00004 0.03439 ( 2)
  95 D   0.16597 0.80042 0.00492 0.02868 ( 2)
  96 L   0.96453 0.00238 0.03299 0.00009 ( 1)
  97 H   0.96580 0.00328 0.03080 0.00012 ( 1)
  98 I   0.29937 0.66681 0.00925 0.02456 ( 2)
  99 L   0.00026 0.95353 0.00001 0.04620 ( 2)
 100 F   0.96890 0.00071 0.03036 0.00003 ( 1)
 101 T   0.00110 0.96186 0.00004 0.03701 ( 2)
 102 R   0.00001 0.96257 0.00000 0.03742 ( 2)
 103 D   0.06241 0.90347 0.00185 0.03227 ( 2)
 104 I   0.96816 0.00105 0.03075 0.00004 ( 1)
 105 Q   0.75803 0.20561 0.02794 0.00842 ( 1)
 106 S   0.00400 0.95554 0.00015 0.04031 ( 2)
 107 D   0.77783 0.19218 0.02309 0.00691 ( 1)
 108 F   0.92703 0.03250 0.03901 0.00146 ( 1)
 109 S   0.08473 0.87516 0.00326 0.03685 ( 2)
 110 L   0.29969 0.66166 0.01124 0.02741 ( 2)
 111 G   0.00007 0.96177 0.00000 0.03816 ( 2)
 112 G   0.23456 0.72432 0.00947 0.03165 ( 2)
 113 Y   0.96364 0.00349 0.03273 0.00014 ( 1)
 114 E   0.95448 0.01452 0.03046 0.00055 ( 1)
 115 T   0.00855 0.88705 0.00634 0.09806 ( 2)
 116 V   0.96164 0.00614 0.03198 0.00024 ( 1)
 117 L   0.95404 0.00977 0.03578 0.00041 ( 1)
 118 L   0.95067 0.01313 0.03565 0.00055 ( 1)
 119 P   0.96000 0.00509 0.03470 0.00021 ( 1)
 120 S   0.82806 0.13459 0.03168 0.00566 ( 1)
 121 Y   0.96315 0.00399 0.03271 0.00016 ( 1)
 122 A   0.82918 0.13792 0.02760 0.00530 ( 1)
 123 S   0.91367 0.05514 0.02914 0.00205 ( 1)
 124 A   0.87587 0.09146 0.02915 0.00351 ( 1)
 125 A   0.89692 0.05855 0.04171 0.00282 ( 1)
 126 N   0.96783 0.00346 0.02859 0.00012 ( 1)
 127 L   0.94115 0.02566 0.03219 0.00100 ( 1)
 128 H   0.96765 0.00144 0.03086 0.00005 ( 1)
 129 L   0.94517 0.01860 0.03545 0.00077 ( 1)
 130 L   0.82727 0.13625 0.03083 0.00565 ( 1)
 131 L   0.94455 0.01473 0.04005 0.00066 ( 1)
 132 L   0.94794 0.01585 0.03555 0.00066 ( 1)
 133 R   0.93873 0.02493 0.03531 0.00103 ( 1)
 134 D   0.96892 0.00223 0.02877 0.00008 ( 1)
 135 V   0.95581 0.01187 0.03186 0.00046 ( 1)
 136 A   0.11427 0.84941 0.00381 0.03251 ( 2)
 137 I   0.95824 0.01088 0.03046 0.00041 ( 1)
 138 Y   0.88679 0.06851 0.04139 0.00331 ( 1)
 139 G   0.96174 0.00445 0.03364 0.00018 ( 1)
 140 K   0.28676 0.67880 0.00909 0.02535 ( 2)
 141 E   0.12949 0.83513 0.00413 0.03125 ( 2)
 142 -   0.59019 0.35948 0.03131 0.01903 ( 1)
 143 -   0.53974 0.40993 0.02864 0.02170 ( 1)
 144 -   0.57001 0.37965 0.03024 0.02010 ( 1)
 145 -   0.58923 0.36043 0.03126 0.01908 ( 1)
 146 -   0.57861 0.37105 0.03069 0.01964 ( 1)
 147 -   0.59019 0.35948 0.03131 0.01903 ( 1)
 148 -   0.59951 0.35015 0.03180 0.01854 ( 1)
 149 -   0.53838 0.41128 0.02856 0.02177 ( 1)
 150 L   0.94675 0.01703 0.03552 0.00071 ( 1)
 151 G   0.88546 0.08040 0.03096 0.00318 ( 1)
 152 Y   0.95496 0.01213 0.03243 0.00047 ( 1)
 153 P   0.00003 0.95701 0.00000 0.04296 ( 2)
 154 S   0.00216 0.91307 0.00039 0.08438 ( 2)
 155 T   0.00005 0.76545 0.00022 0.23428 ( 2)
 156 D   0.00287 0.95532 0.00012 0.04169 ( 2)
 157 V   0.83782 0.12947 0.02772 0.00499 ( 1)
 158 E   0.00468 0.95416 0.00018 0.04098 ( 2)
 159 F   0.03064 0.93401 0.00096 0.03439 ( 2)
 160 Y   0.96472 0.00242 0.03276 0.00009 ( 1)
 161 Y   0.88145 0.08531 0.02992 0.00333 ( 1)
 162 N   0.00233 0.96241 0.00007 0.03519 ( 2)
 163 E   0.95949 0.00269 0.03770 0.00012 ( 1)
 164 Q   0.53902 0.42380 0.01987 0.01732 ( 1)
 165 K   0.29298 0.66731 0.01142 0.02829 ( 2)
 166 Y   0.00000 0.87024 0.00000 0.12976 ( 2)
 167 Y   0.95196 0.01512 0.03233 0.00059 ( 1)
 168 T   0.76229 0.20477 0.02512 0.00781 ( 1)
 169 E   0.11697 0.84759 0.00373 0.03171 ( 2)
 170 K   0.00074 0.96314 0.00002 0.03609 ( 2)
 171 Y   0.95002 0.01706 0.03226 0.00067 ( 1)
 172 S   0.87614 0.09248 0.02793 0.00345 ( 1)
 173 N   0.73021 0.23967 0.02153 0.00859 ( 1)
 174 Y   0.64095 0.32430 0.02203 0.01271 ( 1)
 175 C   0.95334 0.01298 0.03316 0.00051 ( 1)
 176 V   0.46054 0.50524 0.01502 0.01920 ( 2)
 177 N   0.22958 0.73733 0.00677 0.02632 ( 2)
 178 T   0.86548 0.09336 0.03694 0.00423 ( 1)
 179 Y   0.81649 0.13870 0.03812 0.00669 ( 1)
 180 K   0.94784 0.02098 0.03039 0.00079 ( 1)
 181 S   0.00901 0.93312 0.00054 0.05733 ( 2)
 182 G   0.56007 0.40529 0.01898 0.01566 ( 1)
 183 L   0.93658 0.02714 0.03515 0.00113 ( 1)
 184 E   0.19573 0.76883 0.00635 0.02908 ( 2)
 185 S   0.18010 0.66008 0.09816 0.06165 ( 2)
 186 K   0.25554 0.28331 0.40479 0.05636 ( 3)
 187 K   0.96768 0.00152 0.03075 0.00006 ( 1)
 188 Q   0.31251 0.64945 0.01152 0.02652 ( 2)
 189 I   0.96120 0.00839 0.03010 0.00031 ( 1)
 190 G   0.83044 0.13518 0.02903 0.00535 ( 1)
 191 W   0.85398 0.10243 0.03875 0.00484 ( 1)
 192 S   0.02004 0.93973 0.00077 0.03946 ( 2)
 193 D   0.00864 0.95650 0.00026 0.03460 ( 2)
 194 F   0.93978 0.02963 0.02949 0.00110 ( 1)
 195 N   0.96524 0.00603 0.02851 0.00022 ( 1)
 196 R   0.44298 0.51657 0.01789 0.02256 ( 2)
 197 Y   0.96472 0.00242 0.03276 0.00009 ( 1)
 198 R   0.94959 0.00929 0.04070 0.00042 ( 1)
 199 R   0.96290 0.00454 0.03239 0.00018 ( 1)
 200 E   0.00564 0.95819 0.00018 0.03598 ( 2)
 201 M   0.96727 0.00110 0.03159 0.00004 ( 1)
 202 T   0.96463 0.00341 0.03182 0.00013 ( 1)
 203 L   0.92029 0.04336 0.03455 0.00180 ( 1)
 204 S   0.20944 0.74455 0.00989 0.03612 ( 2)
 205 V   0.63555 0.00794 0.35580 0.00071 ( 1)
 206 L   0.95275 0.01106 0.03573 0.00046 ( 1)
 207 D   0.97079 0.00037 0.02883 0.00001 ( 1)
 208 I   0.54191 0.42551 0.01680 0.01578 ( 1)
 209 V   0.94777 0.01869 0.03280 0.00075 ( 1)
 210 A   0.94507 0.01673 0.03747 0.00072 ( 1)
 211 L   0.89816 0.06544 0.03368 0.00272 ( 1)
 212 F   0.94479 0.01478 0.03976 0.00066 ( 1)
 213 P   0.95992 0.00514 0.03474 0.00021 ( 1)
 214 L   0.04360 0.91065 0.00203 0.04372 ( 2)

