Supplemental results for CODEML (seqf: algn  treef: tree)


dN/dS (w) for site classes (K=4)

site class             0        1       2a       2b
proportion       0.51778  0.48222  0.00000  0.00000
background w     0.12154  1.00000  0.12154  1.00000
foreground w     0.12154  1.00000  1.00000  1.00000

Naive Empirical Bayes (NEB) probabilities for 4 classes
(amino acids refer to 1st sequence: BT_Cry7Ba1)

   1 -   0.69159 0.30841 0.00000 0.00000 ( 1)
   2 -   0.94536 0.05464 0.00000 0.00000 ( 1)
   3 T   0.03506 0.96494 0.00000 0.00000 ( 2)
   4 V   0.42449 0.57551 0.00000 0.00000 ( 2)
   5 E   0.99608 0.00392 0.00000 0.00000 ( 1)
   6 L   0.76910 0.23090 0.00000 0.00000 ( 1)
   7 T   0.98521 0.01479 0.00000 0.00000 ( 1)
   8 R   0.99684 0.00316 0.00000 0.00000 ( 1)
   9 T   0.19489 0.80511 0.00000 0.00000 ( 2)
  10 I   0.97478 0.02522 0.00000 0.00000 ( 1)
  11 Y   0.98134 0.01866 0.00000 0.00000 ( 1)
  12 T   0.99019 0.00981 0.00000 0.00000 ( 1)
  13 D   0.99735 0.00265 0.00000 0.00000 ( 1)
  14 P   0.99511 0.00489 0.00000 0.00000 ( 1)
  15 L   0.60160 0.39840 0.00000 0.00000 ( 1)
  16 G   0.23085 0.76915 0.00000 0.00000 ( 2)
  17 Y   0.92205 0.07795 0.00000 0.00000 ( 1)
  18 T   0.20130 0.79870 0.00000 0.00000 ( 2)
  19 G   0.00512 0.99488 0.00000 0.00000 ( 2)
  20 Y   0.00105 0.99895 0.00000 0.00000 ( 2)
  21 S   0.08599 0.91401 0.00000 0.00000 ( 2)
  22 N   0.44480 0.55520 0.00000 0.00000 ( 2)
  23 D   0.66243 0.33757 0.00000 0.00000 ( 1)
  24 E   0.21888 0.78112 0.00000 0.00000 ( 2)
  25 -   0.51863 0.48137 0.00000 0.00000 ( 1)
  26 H   0.26305 0.73695 0.00000 0.00000 ( 2)
  27 P   0.18621 0.81379 0.00000 0.00000 ( 2)
  28 T   0.20806 0.79194 0.00000 0.00000 ( 2)
  29 Y   0.47234 0.52766 0.00000 0.00000 ( 2)
  30 Y   0.02393 0.97607 0.00000 0.00000 ( 2)
  31 S   0.00064 0.99936 0.00000 0.00000 ( 2)
  32 S   0.01617 0.98383 0.00000 0.00000 ( 2)
  33 A   0.56449 0.43551 0.00000 0.00000 ( 1)
  34 K   0.81985 0.18015 0.00000 0.00000 ( 1)
  35 P   0.93292 0.06708 0.00000 0.00000 ( 1)
  36 F   0.98589 0.01411 0.00000 0.00000 ( 1)
  37 S   0.98678 0.01322 0.00000 0.00000 ( 1)
  38 S   0.00037 0.99963 0.00000 0.00000 ( 2)
  39 I   0.76773 0.23227 0.00000 0.00000 ( 1)
  40 E   0.99404 0.00596 0.00000 0.00000 ( 1)
  41 S   0.01063 0.98937 0.00000 0.00000 ( 2)
  42 R   0.58685 0.41315 0.00000 0.00000 ( 1)
  43 A   0.08899 0.91101 0.00000 0.00000 ( 2)
  44 V   0.73345 0.26655 0.00000 0.00000 ( 1)
  45 L   0.34845 0.65155 0.00000 0.00000 ( 2)
  46 A   0.05061 0.94939 0.00000 0.00000 ( 2)
  47 P   0.99289 0.00711 0.00000 0.00000 ( 1)
  48 S   0.01756 0.98244 0.00000 0.00000 ( 2)
  49 L   0.98331 0.01669 0.00000 0.00000 ( 1)
  50 F   0.99707 0.00293 0.00000 0.00000 ( 1)
  51 K   0.08933 0.91067 0.00000 0.00000 ( 2)
  52 W   0.96475 0.03525 0.00000 0.00000 ( 1)
  53 I   0.87587 0.12413 0.00000 0.00000 ( 1)
  54 T   0.42983 0.57017 0.00000 0.00000 ( 2)
  55 Q   0.00462 0.99538 0.00000 0.00000 ( 2)
  56 L   0.85675 0.14325 0.00000 0.00000 ( 1)
  57 E   0.00142 0.99858 0.00000 0.00000 ( 2)
  58 V   0.96975 0.03025 0.00000 0.00000 ( 1)
  59 Y   0.74063 0.25937 0.00000 0.00000 ( 1)
  60 T   0.68592 0.31408 0.00000 0.00000 ( 1)
  61 K   0.90613 0.09387 0.00000 0.00000 ( 1)
  62 K   0.00110 0.99890 0.00000 0.00000 ( 2)
  63 Y   0.21817 0.78183 0.00000 0.00000 ( 2)
  64 S   0.03353 0.96647 0.00000 0.00000 ( 2)
  65 Y   0.03815 0.96185 0.00000 0.00000 ( 2)
  66 S   0.08646 0.91354 0.00000 0.00000 ( 2)
  67 S   0.01343 0.98657 0.00000 0.00000 ( 2)
  68 Q   0.00280 0.99720 0.00000 0.00000 ( 2)
  69 Y   0.93589 0.06411 0.00000 0.00000 ( 1)
  70 T   0.97458 0.02542 0.00000 0.00000 ( 1)
  71 T   0.96585 0.03415 0.00000 0.00000 ( 1)
  72 L   0.01292 0.98708 0.00000 0.00000 ( 2)
  73 W   0.96475 0.03525 0.00000 0.00000 ( 1)
  74 T   0.75956 0.24044 0.00000 0.00000 ( 1)
  75 G   0.98993 0.01007 0.00000 0.00000 ( 1)
  76 L   0.94408 0.05592 0.00000 0.00000 ( 1)
  77 R   0.00321 0.99679 0.00000 0.00000 ( 2)
  78 V   0.62470 0.37530 0.00000 0.00000 ( 1)
  79 I   0.01322 0.98678 0.00000 0.00000 ( 2)
  80 A   0.00029 0.99971 0.00000 0.00000 ( 2)
  81 Q   0.17137 0.82863 0.00000 0.00000 ( 2)
  82 P   0.00004 0.99996 0.00000 0.00000 ( 2)
  83 T   0.98985 0.01015 0.00000 0.00000 ( 1)
  84 K   0.00146 0.99854 0.00000 0.00000 ( 2)
  85 D   0.01901 0.98099 0.00000 0.00000 ( 2)
  86 F   0.22854 0.77146 0.00000 0.00000 ( 2)
  87 T   0.00003 0.99997 0.00000 0.00000 ( 2)
  88 -   0.30165 0.69835 0.00000 0.00000 ( 2)
  89 D   0.00163 0.99837 0.00000 0.00000 ( 2)
  90 T   0.35876 0.64124 0.00000 0.00000 ( 2)
  91 V   0.05691 0.94309 0.00000 0.00000 ( 2)
  92 Y   0.14978 0.85022 0.00000 0.00000 ( 2)
  93 D   0.03467 0.96533 0.00000 0.00000 ( 2)
  94 Y   0.98418 0.01582 0.00000 0.00000 ( 1)
  95 G   0.99496 0.00504 0.00000 0.00000 ( 1)
  96 S   0.28921 0.71079 0.00000 0.00000 ( 2)
  97 S   0.63048 0.36952 0.00000 0.00000 ( 1)
  98 S   0.00115 0.99885 0.00000 0.00000 ( 2)
  99 G   0.63654 0.36346 0.00000 0.00000 ( 1)
 100 S   0.37461 0.62539 0.00000 0.00000 ( 2)
 101 E   0.43140 0.56860 0.00000 0.00000 ( 2)
 102 N   0.03068 0.96932 0.00000 0.00000 ( 2)
 103 K   0.11967 0.88033 0.00000 0.00000 ( 2)
 104 D   0.90598 0.09402 0.00000 0.00000 ( 1)
 105 V   0.38045 0.61955 0.00000 0.00000 ( 2)
 106 F   0.95380 0.04620 0.00000 0.00000 ( 1)
 107 D   0.96498 0.03502 0.00000 0.00000 ( 1)
 108 L   0.12783 0.87217 0.00000 0.00000 ( 2)
 109 Y   0.00794 0.99206 0.00000 0.00000 ( 2)
 110 G   0.02345 0.97655 0.00000 0.00000 ( 2)
 111 -   0.03219 0.96781 0.00000 0.00000 ( 2)
 112 N   0.14589 0.85411 0.00000 0.00000 ( 2)
 113 D   0.95718 0.04282 0.00000 0.00000 ( 1)
 114 V   0.97424 0.02576 0.00000 0.00000 ( 1)
 115 Y   0.99524 0.00476 0.00000 0.00000 ( 1)
 116 D   0.81815 0.18185 0.00000 0.00000 ( 1)
 117 T   0.62208 0.37792 0.00000 0.00000 ( 1)
 118 Q   0.55403 0.44597 0.00000 0.00000 ( 1)
 119 S   0.30020 0.69980 0.00000 0.00000 ( 2)
 120 V   0.46172 0.53828 0.00000 0.00000 ( 2)
 121 V   0.24249 0.75751 0.00000 0.00000 ( 2)
 122 S   0.04867 0.95133 0.00000 0.00000 ( 2)
 123 S   0.94719 0.05281 0.00000 0.00000 ( 1)
 124 -   0.57849 0.42151 0.00000 0.00000 ( 1)
 125 -   0.54699 0.45301 0.00000 0.00000 ( 1)
 126 -   0.57492 0.42508 0.00000 0.00000 ( 1)
 127 -   0.56442 0.43558 0.00000 0.00000 ( 1)
 128 -   0.56719 0.43281 0.00000 0.00000 ( 1)
 129 Y   0.03342 0.96658 0.00000 0.00000 ( 2)
 130 K   0.00012 0.99988 0.00000 0.00000 ( 2)
 131 P   0.00087 0.99913 0.00000 0.00000 ( 2)
 132 T   0.12696 0.87304 0.00000 0.00000 ( 2)
 133 G   0.00791 0.99209 0.00000 0.00000 ( 2)
 134 G   0.03312 0.96688 0.00000 0.00000 ( 2)
 135 G   0.05612 0.94388 0.00000 0.00000 ( 2)
 136 H   0.27595 0.72405 0.00000 0.00000 ( 2)
 137 F   0.93077 0.06923 0.00000 0.00000 ( 1)
 138 G   0.99444 0.00556 0.00000 0.00000 ( 1)
 139 V   0.98337 0.01663 0.00000 0.00000 ( 1)
 140 P   0.99467 0.00533 0.00000 0.00000 ( 1)
 141 Q   0.96933 0.03067 0.00000 0.00000 ( 1)
 142 F   0.68909 0.31091 0.00000 0.00000 ( 1)
 143 R   0.01269 0.98731 0.00000 0.00000 ( 2)
 144 L   0.96869 0.03131 0.00000 0.00000 ( 1)
 145 F   0.04600 0.95400 0.00000 0.00000 ( 2)
 146 W   0.07841 0.92159 0.00000 0.00000 ( 2)
 147 I   0.30654 0.69346 0.00000 0.00000 ( 2)
 148 T   0.15988 0.84012 0.00000 0.00000 ( 2)
 149 K   0.28814 0.71186 0.00000 0.00000 ( 2)
 150 -   0.77313 0.22687 0.00000 0.00000 ( 1)
 151 -   0.02879 0.97121 0.00000 0.00000 ( 2)
 152 -   0.76322 0.23678 0.00000 0.00000 ( 1)
 153 S   0.65946 0.34054 0.00000 0.00000 ( 1)
 154 N   0.00892 0.99108 0.00000 0.00000 ( 2)
 155 G   0.00285 0.99715 0.00000 0.00000 ( 2)
 156 L   0.65155 0.34845 0.00000 0.00000 ( 1)
 157 R   0.01856 0.98144 0.00000 0.00000 ( 2)
 158 E   0.03906 0.96094 0.00000 0.00000 ( 2)
 159 Q   0.02812 0.97188 0.00000 0.00000 ( 2)
 160 I   0.94354 0.05646 0.00000 0.00000 ( 1)
 161 F   0.93757 0.06243 0.00000 0.00000 ( 1)
 162 N   0.78839 0.21161 0.00000 0.00000 ( 1)
 163 Y   0.04243 0.95757 0.00000 0.00000 ( 2)
 164 A   0.30575 0.69425 0.00000 0.00000 ( 2)
 165 N   0.72636 0.27364 0.00000 0.00000 ( 1)
 166 N   0.67033 0.32967 0.00000 0.00000 ( 1)
 167 M   0.44827 0.55173 0.00000 0.00000 ( 2)
 168 G   0.28166 0.71834 0.00000 0.00000 ( 2)
 169 -   0.61613 0.38387 0.00000 0.00000 ( 1)
 170 S   0.83796 0.16204 0.00000 0.00000 ( 1)
 171 Y   0.28686 0.71314 0.00000 0.00000 ( 2)
 172 S   0.99843 0.00157 0.00000 0.00000 ( 1)
 173 A   0.00811 0.99189 0.00000 0.00000 ( 2)
 174 Y   0.01860 0.98140 0.00000 0.00000 ( 2)
 175 R   0.62854 0.37146 0.00000 0.00000 ( 1)
 176 F   0.07300 0.92700 0.00000 0.00000 ( 2)
 177 S   0.50795 0.49205 0.00000 0.00000 ( 1)
 178 K   0.28201 0.71799 0.00000 0.00000 ( 2)
 179 D   0.00750 0.99250 0.00000 0.00000 ( 2)
 180 E   0.99608 0.00392 0.00000 0.00000 ( 1)
 181 L   0.98836 0.01164 0.00000 0.00000 ( 1)
 182 -   0.76487 0.23513 0.00000 0.00000 ( 1)
 183 P   0.99461 0.00539 0.00000 0.00000 ( 1)
 184 I   0.79417 0.20583 0.00000 0.00000 ( 1)
 185 E   0.72949 0.27051 0.00000 0.00000 ( 1)
 186 L   0.43788 0.56212 0.00000 0.00000 ( 2)
 187 L   0.45739 0.54261 0.00000 0.00000 ( 2)
 188 Q   0.49402 0.50598 0.00000 0.00000 ( 2)
 189 P   0.83392 0.16608 0.00000 0.00000 ( 1)
 190 P   0.58737 0.41263 0.00000 0.00000 ( 1)
 191 L   0.96043 0.03957 0.00000 0.00000 ( 1)
 192 -   0.51778 0.48222 0.00000 0.00000 ( 1)
 193 -   0.51778 0.48222 0.00000 0.00000 ( 1)
 194 -   0.51778 0.48222 0.00000 0.00000 ( 1)
 195 -   0.51778 0.48222 0.00000 0.00000 ( 1)
 196 -   0.51778 0.48222 0.00000 0.00000 ( 1)
 197 -   0.51778 0.48222 0.00000 0.00000 ( 1)
 198 -   0.51778 0.48222 0.00000 0.00000 ( 1)
 199 -   0.51778 0.48222 0.00000 0.00000 ( 1)
 200 F   0.55824 0.44176 0.00000 0.00000 ( 1)
 201 G   0.74591 0.25409 0.00000 0.00000 ( 1)
 202 D   0.77468 0.22532 0.00000 0.00000 ( 1)
 203 I   0.29644 0.70356 0.00000 0.00000 ( 2)
 204 E   0.58087 0.41913 0.00000 0.00000 ( 1)
 205 E   0.81637 0.18363 0.00000 0.00000 ( 1)
 206 Y   0.98565 0.01435 0.00000 0.00000 ( 1)
 207 S   0.47014 0.52986 0.00000 0.00000 ( 2)
 208 H   0.99207 0.00793 0.00000 0.00000 ( 1)
 209 R   0.99647 0.00353 0.00000 0.00000 ( 1)
 210 L   0.98672 0.01328 0.00000 0.00000 ( 1)
 211 S   0.48852 0.51148 0.00000 0.00000 ( 2)
 212 H   0.70636 0.29364 0.00000 0.00000 ( 1)
 213 V   0.97415 0.02585 0.00000 0.00000 ( 1)
 214 S   0.67175 0.32825 0.00000 0.00000 ( 1)
 215 -   0.65211 0.34789 0.00000 0.00000 ( 1)
 216 -   0.95993 0.04007 0.00000 0.00000 ( 1)
 217 E   0.29049 0.70951 0.00000 0.00000 ( 2)
 218 V   0.04770 0.95230 0.00000 0.00000 ( 2)
 219 I   0.22672 0.77328 0.00000 0.00000 ( 2)
 220 K   0.99482 0.00518 0.00000 0.00000 ( 1)
 221 D   0.49126 0.50874 0.00000 0.00000 ( 2)
 222 Y   0.94994 0.05006 0.00000 0.00000 ( 1)
 223 G   0.98872 0.01128 0.00000 0.00000 ( 1)
 224 E   0.34479 0.65521 0.00000 0.00000 ( 2)
 225 G   0.98582 0.01418 0.00000 0.00000 ( 1)
 226 I   0.62377 0.37623 0.00000 0.00000 ( 1)
 227 I   0.89306 0.10694 0.00000 0.00000 ( 1)
 228 P   0.99466 0.00534 0.00000 0.00000 ( 1)
 229 V   0.93341 0.06659 0.00000 0.00000 ( 1)
 230 L   0.97681 0.02319 0.00000 0.00000 ( 1)
 231 G   0.99187 0.00813 0.00000 0.00000 ( 1)
 232 W   0.96475 0.03525 0.00000 0.00000 ( 1)
 233 T   0.98365 0.01635 0.00000 0.00000 ( 1)
 234 H   0.99803 0.00197 0.00000 0.00000 ( 1)
 235 V   0.22885 0.77115 0.00000 0.00000 ( 2)
 236 S   0.99806 0.00194 0.00000 0.00000 ( 1)


lnL = -3145.343676

Bayes Empirical Bayes (BEB) probabilities for 4 classes (class)
(amino acids refer to 1st sequence: BT_Cry7Ba1)

   1 -   0.71971 0.24239 0.02593 0.01196 ( 1)
   2 -   0.91887 0.05002 0.02883 0.00227 ( 1)
   3 T   0.06209 0.85872 0.01431 0.06488 ( 2)
   4 V   0.50957 0.44262 0.02487 0.02294 ( 1)
   5 E   0.96610 0.00439 0.02933 0.00019 ( 1)
   6 L   0.73393 0.17762 0.07665 0.01180 ( 1)
   7 T   0.95372 0.01557 0.03003 0.00068 ( 1)
   8 R   0.96630 0.00350 0.03006 0.00014 ( 1)
   9 T   0.22932 0.60711 0.12382 0.03975 ( 2)
  10 I   0.94641 0.02243 0.03020 0.00096 ( 1)
  11 Y   0.93439 0.01815 0.04650 0.00096 ( 1)
  12 T   0.95901 0.01061 0.02990 0.00047 ( 1)
  13 D   0.96989 0.00312 0.02686 0.00013 ( 1)
  14 P   0.96183 0.00519 0.03277 0.00022 ( 1)
  15 L   0.65308 0.29624 0.03656 0.01412 ( 1)
  16 G   0.23000 0.50654 0.21913 0.04432 ( 2)
  17 Y   0.90288 0.06374 0.03063 0.00275 ( 1)
  18 T   0.30837 0.64803 0.01287 0.03072 ( 2)
  19 G   0.01191 0.91965 0.00137 0.06707 ( 2)
  20 Y   0.00299 0.93208 0.00113 0.06380 ( 2)
  21 S   0.14805 0.80166 0.00726 0.04302 ( 2)
  22 N   0.52824 0.42442 0.02508 0.02226 ( 1)
  23 D   0.68208 0.27206 0.03190 0.01395 ( 1)
  24 E   0.27583 0.62412 0.05691 0.04315 ( 2)
  25 -   0.53290 0.40736 0.03405 0.02569 ( 1)
  26 H   0.36795 0.58843 0.01431 0.02931 ( 2)
  27 P   0.26868 0.64262 0.05271 0.03599 ( 2)
  28 T   0.30866 0.64839 0.01151 0.03144 ( 2)
  29 Y   0.55419 0.39763 0.02740 0.02077 ( 1)
  30 Y   0.05030 0.90005 0.00238 0.04727 ( 2)
  31 S   0.00178 0.93699 0.00018 0.06105 ( 2)
  32 S   0.03456 0.90141 0.00692 0.05710 ( 2)
  33 A   0.48875 0.25824 0.23427 0.01874 ( 1)
  34 K   0.83827 0.12773 0.02859 0.00541 ( 1)
  35 P   0.91135 0.05516 0.03112 0.00237 ( 1)
  36 F   0.94300 0.01407 0.04224 0.00069 ( 1)
  37 S   0.94976 0.01325 0.03637 0.00061 ( 1)
  38 S   0.00110 0.92114 0.00317 0.07459 ( 2)
  39 I   0.77571 0.18952 0.02557 0.00920 ( 1)
  40 E   0.96312 0.00640 0.03021 0.00027 ( 1)
  41 S   0.02087 0.87582 0.02842 0.07489 ( 2)
  42 R   0.59231 0.34726 0.03832 0.02211 ( 1)
  43 A   0.15238 0.80291 0.00622 0.03849 ( 2)
  44 V   0.76651 0.19513 0.02925 0.00910 ( 1)
  45 L   0.44358 0.50999 0.02067 0.02577 ( 2)
  46 A   0.09055 0.85780 0.00448 0.04717 ( 2)
  47 P   0.95978 0.00719 0.03273 0.00030 ( 1)
  48 S   0.03814 0.89657 0.00358 0.06171 ( 2)
  49 L   0.94658 0.01628 0.03640 0.00074 ( 1)
  50 F   0.96730 0.00317 0.02940 0.00013 ( 1)
  51 K   0.15250 0.79339 0.01094 0.04317 ( 2)
  52 W   0.92168 0.03135 0.04534 0.00163 ( 1)
  53 I   0.86204 0.10019 0.03320 0.00457 ( 1)
  54 T   0.54196 0.41783 0.02012 0.02009 ( 1)
  55 Q   0.01074 0.93109 0.00096 0.05722 ( 2)
  56 L   0.84203 0.11611 0.03590 0.00596 ( 1)
  57 E   0.00412 0.91105 0.00419 0.08064 ( 2)
  58 V   0.94337 0.02668 0.02876 0.00119 ( 1)
  59 Y   0.77600 0.19192 0.02413 0.00795 ( 1)
  60 T   0.69885 0.25210 0.03553 0.01352 ( 1)
  61 K   0.88711 0.08183 0.02740 0.00366 ( 1)
  62 K   0.00273 0.94369 0.00015 0.05343 ( 2)
  63 Y   0.33016 0.63033 0.01073 0.02878 ( 2)
  64 S   0.06390 0.88560 0.00323 0.04727 ( 2)
  65 Y   0.07041 0.86527 0.01211 0.05221 ( 2)
  66 S   0.14802 0.80922 0.00572 0.03704 ( 2)
  67 S   0.03311 0.92491 0.00114 0.04084 ( 2)
  68 Q   0.00765 0.94711 0.00028 0.04496 ( 2)
  69 Y   0.91317 0.05373 0.03079 0.00231 ( 1)
  70 T   0.94620 0.02296 0.02975 0.00109 ( 1)
  71 T   0.94337 0.02980 0.02554 0.00129 ( 1)
  72 L   0.03076 0.92768 0.00098 0.04058 ( 2)
  73 W   0.92168 0.03135 0.04534 0.00163 ( 1)
  74 T   0.75811 0.19355 0.03808 0.01026 ( 1)
  75 G   0.94524 0.01009 0.04415 0.00052 ( 1)
  76 L   0.92410 0.04584 0.02822 0.00184 ( 1)
  77 R   0.00716 0.92914 0.00081 0.06289 ( 2)
  78 V   0.68184 0.28345 0.02173 0.01297 ( 1)
  79 I   0.02876 0.91284 0.00247 0.05592 ( 2)
  80 A   0.00081 0.91061 0.00046 0.08812 ( 2)
  81 Q   0.27944 0.68226 0.00914 0.02917 ( 2)
  82 P   0.00008 0.67039 0.00280 0.32673 ( 2)
  83 T   0.95846 0.01102 0.03002 0.00050 ( 1)
  84 K   0.00376 0.90070 0.00349 0.09205 ( 2)
  85 D   0.04009 0.87425 0.01895 0.06670 ( 2)
  86 F   0.33318 0.61819 0.01710 0.03153 ( 2)
  87 T   0.00013 0.89820 0.00023 0.10143 ( 2)
  88 -   0.35343 0.56970 0.04309 0.03378 ( 2)
  89 D   0.00418 0.89479 0.00606 0.09497 ( 2)
  90 T   0.41885 0.49810 0.05350 0.02955 ( 2)
  91 V   0.08588 0.74764 0.09485 0.07163 ( 2)
  92 Y   0.23520 0.71283 0.01199 0.03998 ( 2)
  93 D   0.06307 0.88329 0.00334 0.05030 ( 2)
  94 Y   0.95656 0.01367 0.02923 0.00055 ( 1)
  95 G   0.96101 0.00528 0.03348 0.00022 ( 1)
  96 S   0.39436 0.52546 0.05485 0.02533 ( 2)
  97 S   0.68994 0.27450 0.02255 0.01301 ( 1)
  98 S   0.00307 0.93571 0.00145 0.05977 ( 2)
  99 G   0.71424 0.25425 0.02032 0.01118 ( 1)
 100 S   0.46428 0.49478 0.01798 0.02296 ( 2)
 101 E   0.53978 0.41102 0.02840 0.02080 ( 1)
 102 N   0.05767 0.89047 0.00261 0.04925 ( 2)
 103 K   0.16949 0.66163 0.10539 0.06350 ( 2)
 104 D   0.90215 0.06766 0.02743 0.00276 ( 1)
 105 V   0.46183 0.50021 0.01510 0.02286 ( 2)
 106 F   0.92996 0.03870 0.02969 0.00165 ( 1)
 107 D   0.94076 0.03179 0.02612 0.00134 ( 1)
 108 L   0.20749 0.73990 0.01093 0.04168 ( 2)
 109 Y   0.01989 0.92450 0.00374 0.05188 ( 2)
 110 G   0.05102 0.90494 0.00173 0.04231 ( 2)
 111 -   0.05049 0.82999 0.04584 0.07368 ( 2)
 112 N   0.24567 0.70889 0.00939 0.03605 ( 2)
 113 D   0.92920 0.03929 0.02962 0.00189 ( 1)
 114 V   0.94630 0.02330 0.02933 0.00107 ( 1)
 115 Y   0.96295 0.00510 0.03173 0.00022 ( 1)
 116 D   0.83585 0.12838 0.03022 0.00554 ( 1)
 117 T   0.65396 0.30172 0.02912 0.01521 ( 1)
 118 Q   0.62851 0.33442 0.02132 0.01575 ( 1)
 119 S   0.41819 0.54420 0.01336 0.02424 ( 2)
 120 V   0.54475 0.40612 0.02743 0.02169 ( 1)
 121 V   0.35710 0.60512 0.01226 0.02552 ( 2)
 122 S   0.10104 0.86068 0.00312 0.03516 ( 2)
 123 S   0.92496 0.04381 0.02933 0.00190 ( 1)
 124 -   0.58507 0.35451 0.03785 0.02257 ( 1)
 125 -   0.55755 0.38203 0.03609 0.02433 ( 1)
 126 -   0.58195 0.35763 0.03765 0.02277 ( 1)
 127 -   0.57281 0.36676 0.03707 0.02335 ( 1)
 128 -   0.57523 0.36435 0.03722 0.02320 ( 1)
 129 Y   0.07167 0.88548 0.00254 0.04032 ( 2)
 130 K   0.00041 0.92891 0.00010 0.07059 ( 2)
 131 P   0.00250 0.93087 0.00066 0.06597 ( 2)
 132 T   0.18309 0.68329 0.08844 0.04518 ( 2)
 133 G   0.01937 0.93741 0.00065 0.04258 ( 2)
 134 G   0.06913 0.88316 0.00320 0.04451 ( 2)
 135 G   0.11154 0.84276 0.00436 0.04134 ( 2)
 136 H   0.37434 0.58356 0.01487 0.02723 ( 2)
 137 F   0.89801 0.05919 0.03975 0.00305 ( 1)
 138 G   0.96204 0.00573 0.03199 0.00024 ( 1)
 139 V   0.93673 0.01676 0.04563 0.00088 ( 1)
 140 P   0.96137 0.00564 0.03275 0.00024 ( 1)
 141 Q   0.94441 0.02644 0.02799 0.00116 ( 1)
 142 F   0.73126 0.23294 0.02535 0.01045 ( 1)
 143 R   0.02542 0.88336 0.02422 0.06699 ( 2)
 144 L   0.94348 0.02646 0.02898 0.00108 ( 1)
 145 F   0.08981 0.85428 0.00463 0.05128 ( 2)
 146 W   0.14092 0.81035 0.00883 0.03990 ( 2)
 147 I   0.33033 0.50528 0.13501 0.02937 ( 2)
 148 T   0.24627 0.70335 0.01091 0.03947 ( 2)
 149 K   0.37134 0.53409 0.06416 0.03041 ( 2)
 150 -   0.77039 0.19527 0.02587 0.00846 ( 1)
 151 -   0.04638 0.85143 0.02806 0.07413 ( 2)
 152 -   0.76079 0.20395 0.02590 0.00936 ( 1)
 153 S   0.70760 0.25334 0.02538 0.01369 ( 1)
 154 N   0.01876 0.90635 0.00282 0.07207 ( 2)
 155 G   0.00740 0.93662 0.00142 0.05456 ( 2)
 156 L   0.71215 0.25387 0.02326 0.01072 ( 1)
 157 R   0.04037 0.91048 0.00192 0.04722 ( 2)
 158 E   0.07904 0.86471 0.00597 0.05028 ( 2)
 159 Q   0.05451 0.89315 0.00289 0.04945 ( 2)
 160 I   0.91420 0.05073 0.03255 0.00252 ( 1)
 161 F   0.91433 0.05464 0.02873 0.00231 ( 1)
 162 N   0.81484 0.15155 0.02710 0.00650 ( 1)
 163 Y   0.07416 0.76112 0.05417 0.11055 ( 2)
 164 A   0.39214 0.56803 0.01436 0.02547 ( 2)
 165 N   0.72966 0.22573 0.03330 0.01131 ( 1)
 166 N   0.72568 0.23765 0.02630 0.01038 ( 1)
 167 M   0.54114 0.41200 0.02573 0.02114 ( 1)
 168 G   0.32646 0.48598 0.15494 0.03262 ( 2)
 169 -   0.63101 0.30856 0.04079 0.01963 ( 1)
 170 S   0.82199 0.12619 0.04446 0.00735 ( 1)
 171 Y   0.40806 0.55347 0.01369 0.02478 ( 2)
 172 S   0.97031 0.00184 0.02777 0.00007 ( 1)
 173 A   0.01947 0.93653 0.00069 0.04331 ( 2)
 174 Y   0.03999 0.89177 0.00347 0.06478 ( 2)
 175 R   0.65932 0.26336 0.06273 0.01458 ( 1)
 176 F   0.11709 0.76515 0.06354 0.05422 ( 2)
 177 S   0.59224 0.36798 0.02278 0.01700 ( 1)
 178 K   0.38593 0.56576 0.01912 0.02919 ( 2)
 179 D   0.01711 0.90454 0.00865 0.06970 ( 2)
 180 E   0.96610 0.00439 0.02933 0.00019 ( 1)
 181 L   0.95154 0.01158 0.03636 0.00052 ( 1)
 182 -   0.76272 0.20216 0.02621 0.00891 ( 1)
 183 P   0.96128 0.00570 0.03278 0.00024 ( 1)
 184 I   0.79398 0.15287 0.04527 0.00787 ( 1)
 185 E   0.73940 0.21932 0.03075 0.01053 ( 1)
 186 L   0.52628 0.43330 0.02043 0.01999 ( 1)
 187 L   0.53621 0.40521 0.03539 0.02319 ( 1)
 188 Q   0.58025 0.37979 0.02239 0.01757 ( 1)
 189 P   0.85438 0.11705 0.02372 0.00486 ( 1)
 190 P   0.65268 0.31125 0.02119 0.01488 ( 1)
 191 L   0.93322 0.03340 0.03197 0.00141 ( 1)
 192 -   0.53176 0.40782 0.03444 0.02598 ( 1)
 193 -   0.53176 0.40782 0.03444 0.02598 ( 1)
 194 -   0.53176 0.40782 0.03444 0.02598 ( 1)
 195 -   0.53176 0.40782 0.03444 0.02598 ( 1)
 196 -   0.53176 0.40782 0.03444 0.02598 ( 1)
 197 -   0.53176 0.40782 0.03444 0.02598 ( 1)
 198 -   0.53176 0.40782 0.03444 0.02598 ( 1)
 199 -   0.53176 0.40782 0.03444 0.02598 ( 1)
 200 F   0.64287 0.31996 0.02331 0.01386 ( 1)
 201 G   0.78693 0.17866 0.02685 0.00757 ( 1)
 202 D   0.78580 0.17124 0.03363 0.00932 ( 1)
 203 I   0.41321 0.54622 0.01599 0.02459 ( 2)
 204 E   0.49732 0.25682 0.22831 0.01755 ( 1)
 205 E   0.83576 0.13229 0.02614 0.00581 ( 1)
 206 Y   0.95364 0.01409 0.03168 0.00059 ( 1)
 207 S   0.55336 0.40858 0.02005 0.01800 ( 1)
 208 H   0.94814 0.00818 0.04328 0.00041 ( 1)
 209 R   0.96601 0.00378 0.03006 0.00015 ( 1)
 210 L   0.94933 0.01317 0.03688 0.00061 ( 1)
 211 S   0.59461 0.37122 0.01771 0.01646 ( 1)
 212 H   0.74924 0.21419 0.02666 0.00991 ( 1)
 213 V   0.94634 0.02286 0.02982 0.00098 ( 1)
 214 S   0.71248 0.24184 0.03284 0.01285 ( 1)
 215 -   0.55712 0.21816 0.21175 0.01297 ( 1)
 216 -   0.93336 0.03705 0.02799 0.00160 ( 1)
 217 E   0.39890 0.55838 0.01426 0.02846 ( 2)
 218 V   0.08578 0.82843 0.02923 0.05656 ( 2)
 219 I   0.32573 0.63312 0.01016 0.03099 ( 2)
 220 K   0.96537 0.00584 0.02853 0.00026 ( 1)
 221 D   0.59723 0.36872 0.01836 0.01570 ( 1)
 222 Y   0.92427 0.04287 0.03095 0.00190 ( 1)
 223 G   0.95504 0.01108 0.03342 0.00047 ( 1)
 224 E   0.47120 0.49155 0.01644 0.02081 ( 2)
 225 G   0.94041 0.01392 0.04496 0.00071 ( 1)
 226 I   0.68895 0.27653 0.02285 0.01166 ( 1)
 227 I   0.87647 0.09188 0.02742 0.00423 ( 1)
 228 P   0.96135 0.00565 0.03276 0.00024 ( 1)
 229 V   0.90831 0.05449 0.03473 0.00246 ( 1)
 230 L   0.93686 0.02214 0.03990 0.00109 ( 1)
 231 G   0.95946 0.00836 0.03184 0.00034 ( 1)
 232 W   0.92168 0.03135 0.04534 0.00163 ( 1)
 233 T   0.93869 0.01689 0.04353 0.00089 ( 1)
 234 H   0.96813 0.00223 0.02955 0.00009 ( 1)
 235 V   0.31310 0.63508 0.01672 0.03509 ( 2)
 236 S   0.96989 0.00226 0.02776 0.00009 ( 1)

