Supplemental results for CODEML (seqf: algn  treef: tree)


dN/dS (w) for site classes (K=4)

site class             0        1       2a       2b
proportion       0.43016  0.51775  0.02364  0.02845
background w     0.05330  0.47754  0.05330  0.47754
foreground w     0.05330  0.47754 12.86758 12.86758

Naive Empirical Bayes (NEB) probabilities for 4 classes
(amino acids refer to 1st sequence: BT_Cry13Aa1)

   1 D   0.93875 0.00916 0.05158 0.00050 ( 1)
   2 Y   0.93944 0.00847 0.05162 0.00047 ( 1)
   3 S   0.00032 0.94759 0.00002 0.05207 ( 2)
   4 S   0.00552 0.94239 0.00030 0.05178 ( 2)
   5 Q   0.94661 0.03687 0.01587 0.00065 ( 1)
   6 I   0.78273 0.20060 0.01313 0.00354 ( 1)
   7 K   0.00073 0.96845 0.00002 0.03079 ( 2)
   8 L   0.12236 0.84848 0.00353 0.02564 ( 2)
   9 E   0.98427 0.00345 0.01224 0.00005 ( 1)
  10 K   0.55621 0.42698 0.00932 0.00749 ( 1)
  11 T   0.97102 0.01247 0.01629 0.00022 ( 1)
  12 R   0.91559 0.06971 0.01362 0.00109 ( 1)
  13 V   0.93585 0.03423 0.02885 0.00108 ( 1)
  14 I   0.59381 0.39390 0.00715 0.00514 ( 1)
  15 F   0.98498 0.00308 0.01190 0.00004 ( 1)
  16 S   0.93829 0.03609 0.02464 0.00097 ( 1)
  17 D   0.98428 0.00603 0.00962 0.00007 ( 1)
  18 M   0.69895 0.28203 0.01341 0.00561 ( 1)
  19 V   0.84126 0.14645 0.01036 0.00192 ( 1)
  20 G   0.90910 0.06127 0.02772 0.00191 ( 1)
  21 Q   0.93581 0.04767 0.01568 0.00084 ( 1)
  22 S   0.48068 0.50656 0.00598 0.00678 ( 2)
  23 E   0.93079 0.05688 0.01157 0.00076 ( 1)
  24 S   0.04908 0.93870 0.00057 0.01165 ( 2)
  25 R   0.00459 0.97803 0.00008 0.01730 ( 2)
  26 D   0.90517 0.08551 0.00842 0.00089 ( 1)
  27 G   0.02583 0.95508 0.00048 0.01861 ( 2)
  28 S   0.00177 0.65114 0.00863 0.33846 ( 2)
  29 V   0.85342 0.11969 0.02355 0.00333 ( 1)
  30 T   0.35079 0.21715 0.40331 0.02875 ( 3)
  31 I   0.94235 0.04635 0.01073 0.00057 ( 1)
  32 K   0.06647 0.90423 0.00196 0.02734 ( 2)
  33 N   0.98958 0.00075 0.00966 0.00001 ( 1)
  34 I   0.62785 0.35991 0.00755 0.00469 ( 1)
  35 F   0.00679 0.98052 0.00008 0.01260 ( 2)
  36 D   0.98625 0.00451 0.00919 0.00005 ( 1)
  37 N   0.00263 0.98299 0.00004 0.01435 ( 2)
  38 -   0.48022 0.46769 0.02639 0.02570 ( 1)
  39 -   0.00058 0.94733 0.00003 0.05206 ( 2)
  40 -   0.07985 0.86806 0.00439 0.04770 ( 2)
  41 -   0.03484 0.91308 0.00191 0.05017 ( 2)
  42 T   0.01226 0.93565 0.00067 0.05141 ( 2)
  43 D   0.00029 0.88287 0.00035 0.11649 ( 2)
  44 S   0.00051 0.98955 0.00000 0.00993 ( 2)
  45 H   0.90133 0.08661 0.01093 0.00114 ( 1)
  46 Q   0.78367 0.19926 0.01330 0.00378 ( 1)
  47 H   0.98982 0.00063 0.00954 0.00001 ( 1)
  48 G   0.00000 0.97478 0.00000 0.02522 ( 2)
  49 S   0.00024 0.96827 0.00001 0.03148 ( 2)
  50 I   0.97915 0.00547 0.01528 0.00009 ( 1)
  51 -   0.59980 0.38580 0.00858 0.00582 ( 1)
  52 -   0.68928 0.30063 0.00673 0.00336 ( 1)
  53 -   0.68928 0.30063 0.00673 0.00336 ( 1)
  54 G   0.84432 0.14058 0.01298 0.00212 ( 1)
  55 L   0.09156 0.89551 0.00113 0.01180 ( 2)
  56 N   0.98770 0.00263 0.00964 0.00003 ( 1)
  57 S   0.62465 0.35084 0.01552 0.00900 ( 1)
  58 I   0.85510 0.13334 0.00980 0.00175 ( 1)
  59 S   0.95394 0.03249 0.01310 0.00047 ( 1)
  60 Y   0.98614 0.00189 0.01195 0.00002 ( 1)
  61 F   0.01161 0.97145 0.00019 0.01675 ( 2)
  62 P   0.00886 0.66764 0.03688 0.28662 ( 2)
  63 D   0.49143 0.49881 0.00457 0.00519 ( 2)
  64 E   0.98209 0.00562 0.01221 0.00007 ( 1)
  65 L   0.89701 0.07703 0.02380 0.00216 ( 1)
  66 Q   0.00627 0.97649 0.00011 0.01713 ( 2)
  67 K   0.02553 0.96351 0.00025 0.01071 ( 2)
  68 A   0.01142 0.96151 0.00032 0.02676 ( 2)
  69 Q   0.89141 0.09222 0.01476 0.00162 ( 1)
  70 L   0.18020 0.79374 0.00461 0.02145 ( 2)
  71 R   0.00001 0.65718 0.00004 0.34277 ( 2)
  72 M   0.12510 0.85517 0.00239 0.01733 ( 2)
  73 Y   0.97576 0.01226 0.01182 0.00016 ( 1)
  74 D   0.70943 0.26466 0.01850 0.00741 ( 1)
  75 Y   0.02856 0.95441 0.00044 0.01658 ( 2)
  76 N   0.00001 0.98324 0.00000 0.01675 ( 2)
  77 H   0.11688 0.87029 0.00141 0.01141 ( 2)
  78 K   0.00267 0.89438 0.00026 0.10269 ( 2)
  79 P   0.00025 0.97931 0.00000 0.02044 ( 2)
  80 Y   0.00102 0.98907 0.00001 0.00990 ( 2)
  81 C   0.02997 0.95088 0.00056 0.01859 ( 2)
  82 T   0.47103 0.49999 0.01388 0.01509 ( 2)
  83 D   0.43016 0.51775 0.02364 0.02845 ( 2)
  84 C   0.43016 0.51775 0.02364 0.02845 ( 2)
  85 F   0.43016 0.51775 0.02364 0.02845 ( 2)
  86 C   0.13357 0.78491 0.01333 0.06819 ( 2)
  87 W   0.69524 0.29248 0.00843 0.00385 ( 1)
  88 P   0.23112 0.75421 0.00331 0.01136 ( 2)
  89 Y   0.98435 0.00368 0.01193 0.00005 ( 1)
  90 G   0.05475 0.92493 0.00108 0.01924 ( 2)
  91 V   0.18451 0.80293 0.00223 0.01033 ( 2)
  92 I   0.25663 0.00478 0.73734 0.00124 ( 3)
  93 L   0.00028 0.97339 0.00001 0.02632 ( 2)
  94 N   0.97908 0.01124 0.00956 0.00012 ( 1)
  95 Y   0.98614 0.00189 0.01195 0.00002 ( 1)
  96 N   0.00014 0.97815 0.00000 0.02172 ( 2)
  97 K   0.02257 0.95742 0.00043 0.01958 ( 2)
  98 N   0.00149 0.98718 0.00002 0.01132 ( 2)
  99 T   0.00008 0.97272 0.00000 0.02720 ( 2)
 100 F   0.93945 0.04416 0.01559 0.00080 ( 1)
 101 R   0.00232 0.98290 0.00003 0.01474 ( 2)
 102 Y   0.98614 0.00189 0.01195 0.00002 ( 1)
 103 G   0.97288 0.01561 0.01131 0.00019 ( 1)
 104 D   0.98978 0.00100 0.00921 0.00001 ( 1)
 105 -   0.20437 0.65594 0.09424 0.04544 ( 2)
 106 N   0.86074 0.12902 0.00875 0.00150 ( 1)
 107 D   0.00047 0.98432 0.00001 0.01519 ( 2)
 108 P   0.96145 0.01881 0.01934 0.00039 ( 1)
 109 G   0.00009 0.95564 0.00000 0.04426 ( 2)
 110 L   0.00002 0.48913 0.00063 0.51022 ( 4)
 111 -   0.43016 0.51775 0.02364 0.02845 ( 2)
 112 S   0.00001 0.96415 0.00000 0.03585 ( 2)
 113 G   0.00036 0.06698 0.25770 0.67496 ( 4)
 114 D   0.00522 0.96992 0.00013 0.02474 ( 2)
 115 V   0.00020 0.96959 0.00001 0.03021 ( 2)
 116 Q   0.00307 0.96702 0.00010 0.02980 ( 2)
 117 L   0.05600 0.91507 0.00161 0.02731 ( 2)
 118 P   0.00050 0.97143 0.00001 0.02806 ( 2)
 119 A   0.41651 0.55977 0.00942 0.01430 ( 2)
 120 P   0.68141 0.30426 0.00974 0.00458 ( 1)
 121 -   0.43016 0.51775 0.02364 0.02845 ( 2)
 122 -   0.43016 0.51775 0.02364 0.02845 ( 2)
 123 -   0.43016 0.51775 0.02364 0.02845 ( 2)
 124 M   0.32216 0.66198 0.00500 0.01086 ( 2)
 125 S   0.00266 0.98008 0.00004 0.01721 ( 2)
 126 V   0.00001 0.97877 0.00000 0.02122 ( 2)
 127 V   0.01169 0.76628 0.03297 0.18906 ( 2)
 128 N   0.98958 0.00075 0.00966 0.00001 ( 1)
 129 A   0.65770 0.32495 0.01143 0.00591 ( 1)
 130 Q   0.00230 0.97977 0.00004 0.01788 ( 2)
 131 T   0.98097 0.00715 0.01179 0.00009 ( 1)
 132 Q   0.97666 0.00686 0.01637 0.00012 ( 1)
 133 T   0.11101 0.86960 0.00211 0.01727 ( 2)
 134 A   0.00782 0.98069 0.00008 0.01140 ( 2)
 135 Q   0.01379 0.97329 0.00017 0.01276 ( 2)
 136 -   0.46077 0.48714 0.02532 0.02677 ( 2)
 137 Y   0.98065 0.00737 0.01188 0.00010 ( 1)
 138 T   0.07171 0.90265 0.00184 0.02381 ( 2)
 139 D   0.99021 0.00057 0.00922 0.00001 ( 1)
 140 G   0.21261 0.76844 0.00398 0.01497 ( 2)
 141 E   0.98150 0.00621 0.01220 0.00008 ( 1)
 142 N   0.00331 0.56216 0.02820 0.40633 ( 2)
 143 I   0.00809 0.61236 0.04298 0.33658 ( 2)
 144 W   0.00003 0.94789 0.00000 0.05209 ( 2)
 145 T   0.01250 0.93542 0.00069 0.05140 ( 2)
 146 D   0.19164 0.75627 0.01053 0.04156 ( 2)
 147 T   0.00173 0.94618 0.00010 0.05199 ( 2)
 148 -   0.00609 0.94182 0.00033 0.05175 ( 2)
 149 -   0.28165 0.66627 0.01548 0.03661 ( 2)
 150 -   0.43016 0.51775 0.02364 0.02845 ( 2)
 151 -   0.43016 0.51775 0.02364 0.02845 ( 2)
 152 -   0.43016 0.51775 0.02364 0.02845 ( 2)
 153 G   0.00958 0.93833 0.00053 0.05156 ( 2)
 154 R   0.00071 0.98817 0.00001 0.01111 ( 2)
 155 S   0.00246 0.97836 0.00005 0.01913 ( 2)
 156 W   0.00001 0.98370 0.00000 0.01628 ( 2)
 157 L   0.00118 0.97707 0.00003 0.02172 ( 2)
 158 C   0.63010 0.35251 0.01096 0.00643 ( 1)
 159 T   0.01225 0.95450 0.00042 0.03283 ( 2)
 160 L   0.85561 0.12015 0.02117 0.00306 ( 1)
 161 R   0.37918 0.60626 0.00542 0.00914 ( 2)
 162 G   0.96256 0.02593 0.01119 0.00032 ( 1)
 163 Y   0.45017 0.53736 0.00546 0.00702 ( 2)
 164 C   0.98471 0.00235 0.01291 0.00003 ( 1)
 165 T   0.95471 0.03338 0.01148 0.00043 ( 1)
 166 T   0.00679 0.97456 0.00011 0.01853 ( 2)
 167 N   0.06082 0.91898 0.00115 0.01904 ( 2)
 168 C   0.03066 0.95569 0.00040 0.01325 ( 2)
 169 F   0.26859 0.70530 0.00705 0.01906 ( 2)
 170 P   0.31930 0.65680 0.00745 0.01645 ( 2)
 171 -   0.58582 0.39733 0.00983 0.00702 ( 1)
 172 -   0.14371 0.84094 0.00207 0.01328 ( 2)
 173 -   0.05801 0.42981 0.29526 0.21692 ( 2)
 174 G   0.15714 0.82811 0.00225 0.01250 ( 2)
 175 R   0.00065 0.98664 0.00001 0.01270 ( 2)
 176 G   0.06178 0.92838 0.00057 0.00928 ( 2)
 177 C   0.01138 0.97494 0.00015 0.01353 ( 2)
 178 Y   0.00248 0.98468 0.00003 0.01282 ( 2)
 179 N   0.00007 0.98556 0.00000 0.01437 ( 2)
 180 N   0.18108 0.79441 0.00430 0.02021 ( 2)
 181 S   0.00363 0.98102 0.00005 0.01530 ( 2)
 182 T   0.01630 0.97271 0.00016 0.01083 ( 2)
 183 G   0.03384 0.89294 0.00195 0.07127 ( 2)
 184 Y   0.71007 0.27707 0.00875 0.00411 ( 1)
 185 G   0.55797 0.42960 0.00675 0.00569 ( 1)
 186 E   0.00138 0.97726 0.00003 0.02133 ( 2)
 187 S   0.97277 0.00396 0.02317 0.00010 ( 1)
 188 C   0.95718 0.02985 0.01255 0.00041 ( 1)
 189 N   0.98934 0.00100 0.00966 0.00001 ( 1)
 190 Q   0.00041 0.98474 0.00001 0.01484 ( 2)
 191 S   0.02815 0.94518 0.00074 0.02592 ( 2)
 192 L   0.62457 0.36575 0.00582 0.00387 ( 1)
 193 P   0.71063 0.27099 0.01309 0.00529 ( 1)
 194 G   0.08755 0.90148 0.00086 0.01012 ( 2)
 195 Q   0.97666 0.00686 0.01637 0.00012 ( 1)
 196 K   0.98545 0.00262 0.01190 0.00003 ( 1)
 197 I   0.98516 0.00357 0.01123 0.00004 ( 1)
 198 H   0.94889 0.02746 0.02296 0.00069 ( 1)
 199 A   0.98504 0.00280 0.01212 0.00004 ( 1)
 200 L   0.55685 0.41870 0.01378 0.01067 ( 1)
 201 Y   0.98614 0.00189 0.01195 0.00002 ( 1)
 202 P   0.30018 0.10944 0.56523 0.02515 ( 3)
 203 F   0.97499 0.01307 0.01178 0.00017 ( 1)
 204 T   0.61225 0.37093 0.01027 0.00655 ( 1)
 205 Q   0.28459 0.69839 0.00477 0.01225 ( 2)
 206 T   0.02797 0.71778 0.08017 0.17408 ( 2)
 207 -   0.85876 0.08915 0.04719 0.00490 ( 1)
 208 N   0.05314 0.93590 0.00052 0.01044 ( 2)
 209 V   0.01323 0.96880 0.00023 0.01773 ( 2)
 210 L   0.00137 0.97722 0.00003 0.02138 ( 2)
 211 G   0.97262 0.00901 0.01819 0.00018 ( 1)
 212 Q   0.00747 0.95835 0.00022 0.03397 ( 2)
 213 S   0.00004 0.98032 0.00000 0.01965 ( 2)
 214 G   0.88128 0.09318 0.02301 0.00253 ( 1)
 215 K   0.98642 0.00165 0.01191 0.00002 ( 1)
 216 L   0.70645 0.26921 0.01748 0.00686 ( 1)
 217 G   0.96959 0.01204 0.01814 0.00023 ( 1)
 218 L   0.13453 0.84421 0.00283 0.01843 ( 2)
 219 L   0.58797 0.37017 0.02561 0.01625 ( 1)
 220 A   0.44452 0.53795 0.00773 0.00980 ( 2)
 221 S   0.01900 0.97112 0.00018 0.00970 ( 2)
 222 H   0.86228 0.12143 0.01425 0.00204 ( 1)
 223 I   0.96497 0.02284 0.01189 0.00030 ( 1)
 224 P   0.13907 0.02740 0.81687 0.01666 ( 3)
 225 Y   0.37246 0.61498 0.00451 0.00805 ( 2)
 226 D   0.96918 0.02157 0.00903 0.00022 ( 1)
 227 L   0.93745 0.03838 0.02320 0.00098 ( 1)
 228 S   0.35155 0.63788 0.00344 0.00713 ( 2)
 229 P   0.94565 0.04022 0.01352 0.00061 ( 1)
 230 N   0.95867 0.02937 0.01158 0.00038 ( 1)
 231 N   0.94606 0.00186 0.05199 0.00010 ( 1)
 232 T   0.00034 0.94757 0.00002 0.05207 ( 2)
 233 I   0.67598 0.27193 0.03714 0.01494 ( 1)
 234 G   0.94216 0.00575 0.05177 0.00032 ( 1)
 235 D   0.13298 0.81493 0.00731 0.04478 ( 2)
 236 K   0.00456 0.94335 0.00025 0.05184 ( 2)
 237 D   0.94504 0.00288 0.05193 0.00016 ( 1)
 238 T   0.04841 0.89951 0.00266 0.04943 ( 2)
 239 D   0.69263 0.25529 0.03806 0.01403 ( 1)
 240 S   0.82711 0.12080 0.04545 0.00664 ( 1)
 241 T   0.00005 0.94786 0.00000 0.05208 ( 2)
 242 N   0.64720 0.30071 0.03556 0.01652 ( 1)
 243 -   0.28236 0.66555 0.01552 0.03657 ( 2)


lnL = -4102.834490

