Supplemental results for CODEML (seqf: algn  treef: tree)


dN/dS (w) for site classes (K=4)

site class             0        1       2a       2b
proportion       0.37726  0.57305  0.01973  0.02996
background w     0.12374  0.82150  0.12374  0.82150
foreground w     0.12374  0.82150 999.00000 999.00000

Naive Empirical Bayes (NEB) probabilities for 4 classes
(amino acids refer to 1st sequence: BT_Cry24Ca1)

   1 -   0.37726 0.57305 0.01973 0.02996 ( 2)
   2 -   0.80998 0.14033 0.04235 0.00734 ( 1)
   3 A   0.00135 0.99786 0.00000 0.00079 ( 2)
   4 D   0.99791 0.00000 0.00209 0.00000 ( 1)
   5 K   0.98592 0.01213 0.00192 0.00003 ( 1)
   6 I   0.99737 0.00000 0.00263 0.00000 ( 1)
   7 T   0.99632 0.00296 0.00072 0.00000 ( 1)
   8 Q   0.99917 0.00001 0.00082 0.00000 ( 1)
   9 I   0.99695 0.00000 0.00304 0.00000 ( 1)
  10 P   0.99830 0.00037 0.00133 0.00000 ( 1)
  11 A   0.99570 0.00003 0.00427 0.00000 ( 1)
  12 V   0.99896 0.00040 0.00064 0.00000 ( 1)
  13 K   0.97351 0.00001 0.02648 0.00000 ( 1)
  14 T   0.99481 0.00331 0.00187 0.00001 ( 1)
  15 W   0.00197 0.99639 0.00000 0.00163 ( 2)
  16 E   0.00000 0.94826 0.00000 0.05173 ( 2)
  17 I   0.25263 0.74413 0.00053 0.00271 ( 2)
  18 R   0.00001 0.99835 0.00000 0.00164 ( 2)
  19 G   0.00100 0.99592 0.00000 0.00308 ( 2)
  20 -   0.00076 0.91058 0.00057 0.08808 ( 2)
  21 -   0.21476 0.78227 0.00042 0.00255 ( 2)
  22 -   0.37726 0.57305 0.01973 0.02996 ( 2)
  23 -   0.02290 0.92741 0.00120 0.04849 ( 2)
  24 -   0.02399 0.92632 0.00125 0.04844 ( 2)
  25 T   0.00000 0.97986 0.00000 0.02014 ( 2)
  26 S   0.12189 0.79359 0.04003 0.04449 ( 2)
  27 S   0.00000 0.98085 0.00000 0.01915 ( 2)
  28 V   0.99947 0.00004 0.00049 0.00000 ( 1)
  29 V   0.01818 0.97913 0.00004 0.00265 ( 2)
  30 A   0.08310 0.91477 0.00016 0.00198 ( 2)
  31 G   0.99856 0.00004 0.00140 0.00000 ( 1)
  32 P   0.99903 0.00006 0.00091 0.00000 ( 1)
  33 G   0.99863 0.00000 0.00137 0.00000 ( 1)
  34 N   0.00000 0.99779 0.00000 0.00221 ( 2)
  35 T   0.99825 0.00000 0.00175 0.00000 ( 1)
  36 G   0.99888 0.00002 0.00109 0.00000 ( 1)
  37 G   0.99886 0.00004 0.00110 0.00000 ( 1)
  38 N   0.99790 0.00001 0.00209 0.00000 ( 1)
  39 L   0.99298 0.00519 0.00181 0.00001 ( 1)
  40 V   0.99810 0.00015 0.00175 0.00000 ( 1)
  41 K   0.00001 0.99950 0.00000 0.00049 ( 2)
  42 M   0.99042 0.00842 0.00114 0.00001 ( 1)
  43 S   0.00000 0.00453 0.00172 0.99375 ( 4)
  44 -   0.37726 0.57305 0.01973 0.02996 ( 2)
  45 Y   0.00000 0.24558 0.00000 0.75442 ( 4)
  46 H   0.00000 0.30771 0.00000 0.69229 ( 4)
  47 S   0.00027 0.20591 0.00844 0.78538 ( 4)
  48 V   0.00005 0.99921 0.00000 0.00074 ( 2)
  49 -   0.10267 0.84764 0.00537 0.04432 ( 2)
  50 -   0.42883 0.52148 0.02242 0.02727 ( 2)
  51 -   0.37726 0.57305 0.01973 0.02996 ( 2)
  52 -   0.08106 0.86925 0.00424 0.04545 ( 2)
  53 -   0.61531 0.33500 0.03217 0.01752 ( 1)
  54 W   0.53848 0.46020 0.00068 0.00064 ( 1)
  55 N   0.00557 0.99219 0.00001 0.00222 ( 2)
  56 I   0.99794 0.00003 0.00203 0.00000 ( 1)
  57 K   0.00674 0.99252 0.00000 0.00073 ( 2)
  58 F   0.16220 0.83657 0.00019 0.00104 ( 2)
  59 T   0.00010 0.99722 0.00000 0.00269 ( 2)
  60 C   0.00002 0.99894 0.00000 0.00104 ( 2)
  61 -   0.01858 0.97973 0.00003 0.00166 ( 2)
  62 -   0.52487 0.42544 0.02744 0.02225 ( 1)
  63 -   0.51063 0.43968 0.02670 0.02299 ( 1)
  64 -   0.19036 0.75995 0.00995 0.03974 ( 2)
  65 Q   0.00000 0.99966 0.00000 0.00034 ( 2)
  66 Q   0.00000 0.99937 0.00000 0.00063 ( 2)
  67 L   0.00179 0.99519 0.00000 0.00301 ( 2)
  68 K   0.66120 0.33675 0.00129 0.00076 ( 1)
  69 R   0.03548 0.96142 0.00009 0.00302 ( 2)
  70 Y   0.99004 0.00964 0.00031 0.00000 ( 1)
  71 R   0.55815 0.43378 0.00415 0.00391 ( 1)
  72 V   0.99755 0.00026 0.00219 0.00000 ( 1)
  73 R   0.99873 0.00001 0.00126 0.00000 ( 1)
  74 I   0.99331 0.00448 0.00219 0.00001 ( 1)
  75 R   0.99962 0.00023 0.00015 0.00000 ( 1)
  76 Y   0.99856 0.00000 0.00144 0.00000 ( 1)
  77 A   0.08594 0.91131 0.00019 0.00257 ( 2)
  78 S   0.99278 0.00564 0.00157 0.00001 ( 1)
  79 D   0.00000 0.74564 0.00000 0.25436 ( 2)
  80 G   0.00000 0.85167 0.00000 0.14833 ( 2)
  81 N   0.00000 0.97003 0.00000 0.02997 ( 2)
  82 C   0.91673 0.08188 0.00126 0.00013 ( 1)
  83 Q   0.00000 0.99854 0.00000 0.00146 ( 2)
  84 L   0.00003 0.99864 0.00000 0.00133 ( 2)
  85 A   0.00000 0.99920 0.00000 0.00080 ( 2)
  86 M   0.39630 0.60181 0.00069 0.00119 ( 2)
  87 R   0.00000 0.99809 0.00000 0.00191 ( 2)
  88 R   0.05849 0.94008 0.00007 0.00136 ( 2)
  89 -   0.00829 0.94202 0.00043 0.04926 ( 2)
  90 W   0.00054 0.99920 0.00000 0.00025 ( 2)
  91 -   0.01691 0.93340 0.00088 0.04881 ( 2)
  92 -   0.01949 0.93082 0.00102 0.04867 ( 2)
  93 -   0.01102 0.93929 0.00058 0.04911 ( 2)
  94 R   0.00626 0.94406 0.00033 0.04936 ( 2)
  95 G   0.00465 0.94566 0.00024 0.04945 ( 2)
  96 G   0.00725 0.99240 0.00000 0.00035 ( 2)
  97 P   0.00000 0.93903 0.00000 0.06097 ( 2)
  98 G   0.00429 0.99379 0.00001 0.00191 ( 2)
  99 Y   0.00000 0.99856 0.00000 0.00144 ( 2)
 100 V   0.00000 0.99462 0.00000 0.00538 ( 2)
 101 Q   0.00000 0.98366 0.00000 0.01634 ( 2)
 102 -   0.37726 0.57305 0.01973 0.02996 ( 2)
 103 E   0.00013 0.99673 0.00000 0.00314 ( 2)
 104 A   0.00000 0.51914 0.00000 0.48086 ( 2)
 105 R   0.00000 0.97190 0.00000 0.02810 ( 2)
 106 H   0.99626 0.00231 0.00143 0.00000 ( 1)
 107 T   0.00000 0.95880 0.00000 0.04120 ( 2)
 108 V   0.00000 0.97929 0.00000 0.02071 ( 2)
 109 Q   0.00000 0.00569 0.00070 0.99361 ( 4)
 110 R   0.00000 0.99544 0.00000 0.00456 ( 2)
 111 T   0.39648 0.60287 0.00026 0.00039 ( 2)
 112 F   0.01010 0.98829 0.00001 0.00160 ( 2)
 113 S   0.00000 0.96758 0.00000 0.03242 ( 2)
 114 -   0.16427 0.78604 0.00859 0.04110 ( 2)
 115 G   0.64991 0.30040 0.03398 0.01571 ( 1)
 116 S   0.00199 0.94832 0.00010 0.04959 ( 2)
 117 M   0.37252 0.57779 0.01948 0.03021 ( 2)
 118 T   0.90820 0.04211 0.04749 0.00220 ( 1)
 119 Y   0.04874 0.91833 0.00517 0.02777 ( 2)
 120 D   0.00039 0.99050 0.00000 0.00911 ( 2)
 121 S   0.00000 0.99889 0.00000 0.00111 ( 2)
 122 F   0.99857 0.00000 0.00143 0.00000 ( 1)
 123 K   0.00001 0.99344 0.00000 0.00655 ( 2)
 124 Y   0.99859 0.00000 0.00141 0.00000 ( 1)
 125 L   0.00495 0.99440 0.00000 0.00065 ( 2)
 126 D   0.17230 0.82720 0.00008 0.00041 ( 2)
 127 I   0.98985 0.00965 0.00050 0.00000 ( 1)
 128 F   0.31072 0.68794 0.00039 0.00094 ( 2)
 129 T   0.99537 0.00243 0.00220 0.00001 ( 1)
 130 M   0.51352 0.48394 0.00120 0.00133 ( 1)
 131 P   0.51294 0.48520 0.00090 0.00096 ( 1)
 132 A   0.01002 0.90965 0.00506 0.07527 ( 2)
 133 -   0.40549 0.54482 0.02120 0.02849 ( 2)
 134 -   0.48625 0.46406 0.02543 0.02426 ( 1)
 135 -   0.49150 0.45881 0.02570 0.02399 ( 1)
 136 -   0.04646 0.90385 0.00243 0.04726 ( 2)
 137 -   0.78367 0.16664 0.04098 0.00871 ( 1)
 138 E   0.00155 0.99527 0.00000 0.00317 ( 2)
 139 D   0.03200 0.96709 0.00003 0.00089 ( 2)
 140 Y   0.00010 0.99845 0.00000 0.00146 ( 2)
 141 T   0.00001 0.99843 0.00000 0.00156 ( 2)
 142 F   0.99557 0.00224 0.00218 0.00001 ( 1)
 143 N   0.95783 0.04050 0.00159 0.00008 ( 1)
 144 L   0.90023 0.09771 0.00183 0.00023 ( 1)
 145 T   0.01943 0.97756 0.00005 0.00296 ( 2)
 146 I   0.99733 0.00063 0.00204 0.00000 ( 1)
 147 D   0.00251 0.99660 0.00000 0.00089 ( 2)
 148 -   0.45979 0.49052 0.02404 0.02565 ( 2)
 149 -   0.45429 0.49602 0.02375 0.02594 ( 2)
 150 -   0.43809 0.51222 0.02291 0.02678 ( 2)
 151 L   0.99382 0.00370 0.00247 0.00001 ( 1)
 152 E   0.00000 0.99906 0.00000 0.00093 ( 2)
 153 S   0.00000 0.98125 0.00000 0.01875 ( 2)
 154 G   0.00425 0.92608 0.00217 0.06751 ( 2)
 155 G   0.00000 0.94879 0.00000 0.05121 ( 2)
 156 A   0.00000 0.95283 0.00000 0.04717 ( 2)
 157 L   0.56633 0.25180 0.16914 0.01273 ( 1)
 158 Y   0.00081 0.99837 0.00000 0.00082 ( 2)
 159 I   0.67183 0.17941 0.14454 0.00422 ( 1)
 160 D   0.99943 0.00010 0.00047 0.00000 ( 1)
 161 K   0.99806 0.00000 0.00194 0.00000 ( 1)
 162 I   0.91316 0.08417 0.00234 0.00033 ( 1)
 163 E   0.99833 0.00000 0.00166 0.00000 ( 1)
 164 F   0.98936 0.00921 0.00142 0.00002 ( 1)
 165 -   0.94993 0.00038 0.04967 0.00002 ( 1)
 166 -   0.82771 0.12260 0.04328 0.00641 ( 1)


lnL = -6414.648869

