Supplemental results for CODEML (seqf: algn  treef: tree)


dN/dS (w) for site classes (K=4)

site class             0        1       2a       2b
proportion       0.00000  0.00000  0.75733  0.24267
background w     0.11768  1.00000  0.11768  1.00000
foreground w     0.11768  1.00000  1.00000  1.00000

Naive Empirical Bayes (NEB) probabilities for 4 classes
(amino acids refer to 1st sequence: BT_Cry18Aa1)

   1 N   0.00000 0.00000 0.93525 0.06475 ( 3)
   2 Q   0.00000 0.00000 0.93513 0.06487 ( 3)
   3 N   0.00000 0.00000 0.93525 0.06475 ( 3)
   4 G   0.00000 0.00000 0.96869 0.03131 ( 3)
   5 T   0.00000 0.00000 0.92737 0.07263 ( 3)
   6 M   0.00000 0.00000 0.98296 0.01704 ( 3)
   7 I   0.00000 0.00000 0.99982 0.00018 ( 3)
   8 H   0.00000 0.00000 0.99999 0.00001 ( 3)
   9 Q   0.00000 0.00000 0.67091 0.32909 ( 3)
  10 A   0.00000 0.00000 0.97224 0.02776 ( 3)
  11 P   0.00000 0.00000 0.99987 0.00013 ( 3)
  12 P   0.00000 0.00000 0.00000 1.00000 ( 4)
  13 D   0.00000 0.00000 0.99980 0.00020 ( 3)
  14 G   0.00000 0.00000 0.98791 0.01209 ( 3)
  15 T   0.00000 0.00000 0.99753 0.00247 ( 3)
  16 G   0.00000 0.00000 0.99998 0.00002 ( 3)
  17 F   0.00000 0.00000 0.99998 0.00002 ( 3)
  18 T   0.00000 0.00000 0.99987 0.00013 ( 3)
  19 V   0.00000 0.00000 0.71363 0.28637 ( 3)
  20 S   0.00000 0.00000 0.98634 0.01366 ( 3)
  21 P   0.00000 0.00000 0.99982 0.00018 ( 3)
  22 L   0.00000 0.00000 0.99815 0.00185 ( 3)
  23 H   0.00000 0.00000 0.99996 0.00004 ( 3)
  24 P   0.00000 0.00000 0.77123 0.22877 ( 3)
  25 S   0.00000 0.00000 0.96886 0.03114 ( 3)
  26 A   0.00000 0.00000 0.05023 0.94977 ( 4)
  27 -   0.00000 0.00000 0.79073 0.20926 ( 3)
  28 -   0.00000 0.00000 0.99761 0.00238 ( 3)
  29 N   0.00000 0.00000 0.99851 0.00149 ( 3)
  30 T   0.00000 0.00000 0.31471 0.68529 ( 4)
  31 I   0.00000 0.00000 0.06025 0.93974 ( 4)
  32 T   0.00000 0.00000 0.02543 0.97457 ( 4)
  33 S   0.00000 0.00000 0.75851 0.24149 ( 3)
  34 Y   0.00000 0.00000 0.99913 0.00087 ( 3)
  35 I   0.00000 0.00000 0.99997 0.00003 ( 3)
  36 K   0.00000 0.00000 0.89695 0.10305 ( 3)
  37 E   0.00000 0.00000 0.99968 0.00032 ( 3)
  38 N   0.00000 0.00000 0.99984 0.00016 ( 3)
  39 Y   0.00000 0.00000 0.99014 0.00985 ( 3)
  40 G   0.00000 0.00000 0.99994 0.00006 ( 3)
  41 N   0.00000 0.00000 0.99998 0.00002 ( 3)
  42 S   0.00000 0.00000 0.96901 0.03099 ( 3)
  43 G   0.00000 0.00000 1.00000 0.00000 ( 3)
  44 D   0.00000 0.00000 0.99999 0.00001 ( 3)
  45 S   0.00000 0.00000 0.99902 0.00098 ( 3)
  46 L   0.00000 0.00000 0.99481 0.00519 ( 3)
  47 H   0.00000 0.00000 0.97820 0.02180 ( 3)
  48 L   0.00000 0.00000 0.96810 0.03190 ( 3)
  49 K   0.00000 0.00000 0.80393 0.19607 ( 3)
  50 G   0.00000 0.00000 0.40850 0.59150 ( 4)
  51 -   0.00000 0.00000 0.03354 0.96646 ( 4)
  52 Q   0.00000 0.00000 0.04361 0.95639 ( 4)
  53 G   0.00000 0.00000 0.67803 0.32197 ( 3)
  54 Y   0.00000 0.00000 0.27828 0.72172 ( 4)
  55 L   0.00000 0.00000 0.99466 0.00534 ( 3)
  56 H   0.00000 0.00000 0.16638 0.83362 ( 4)
  57 Y   0.00000 0.00000 0.98392 0.01608 ( 3)
  58 M   0.00000 0.00000 0.99105 0.00895 ( 3)
  59 L   0.00000 0.00000 0.99893 0.00107 ( 3)
  60 S   0.00000 0.00000 0.60128 0.39872 ( 3)
  61 G   0.00000 0.00000 0.96133 0.03867 ( 3)
  62 N   0.00000 0.00000 0.99929 0.00071 ( 3)
  63 G   0.00000 0.00000 0.99765 0.00235 ( 3)
  64 Q   0.00000 0.00000 0.77012 0.22988 ( 3)
  65 D   0.00000 0.00000 0.90821 0.09179 ( 3)
  66 R   0.00000 0.00000 0.14010 0.85990 ( 4)
  67 Y   0.00000 0.00000 0.99371 0.00629 ( 3)
  68 R   0.00000 0.00000 0.99975 0.00025 ( 3)
  69 L   0.00000 0.00000 0.99986 0.00014 ( 3)
  70 V   0.00000 0.00000 0.99879 0.00121 ( 3)
  71 L   0.00000 0.00000 0.99897 0.00103 ( 3)
  72 R   0.00000 0.00000 0.99997 0.00003 ( 3)
  73 L   0.00000 0.00000 0.99808 0.00192 ( 3)
  74 S   0.00000 0.00000 0.99998 0.00002 ( 3)
  75 G   0.00000 0.00000 0.98837 0.01163 ( 3)
  76 A   0.00000 0.00000 0.00368 0.99632 ( 4)
  77 A   0.00000 0.00000 0.91895 0.08105 ( 3)
  78 N   0.00000 0.00000 0.97420 0.02580 ( 3)
  79 Q   0.00000 0.00000 0.03391 0.96609 ( 4)
  80 I   0.00000 0.00000 0.99991 0.00009 ( 3)
  81 K   0.00000 0.00000 0.88439 0.11561 ( 3)
  82 L   0.00000 0.00000 0.28717 0.71283 ( 4)
  83 Q   0.00000 0.00000 0.89219 0.10780 ( 3)
  84 S   0.00000 0.00000 0.90008 0.09992 ( 3)
  85 P   0.00000 0.00000 0.38184 0.61816 ( 4)
  86 T   0.00000 0.00000 0.60824 0.39176 ( 3)
  87 T   0.00000 0.00000 0.98206 0.01794 ( 3)
  88 S   0.00000 0.00000 0.37148 0.62852 ( 4)
  89 I   0.00000 0.00000 0.99952 0.00048 ( 3)
  90 Y   0.00000 0.00000 0.96421 0.03578 ( 3)
  91 -   0.00000 0.00000 0.99413 0.00587 ( 3)
  92 -   0.00000 0.00000 0.04690 0.95310 ( 4)
  93 -   0.00000 0.00000 0.00104 0.99896 ( 4)
  94 A   0.00000 0.00000 0.30469 0.69531 ( 4)
  95 F   0.00000 0.00000 0.99643 0.00357 ( 3)
  96 D   0.00000 0.00000 0.99992 0.00008 ( 3)
  97 T   0.00000 0.00000 0.99996 0.00004 ( 3)
  98 S   0.00000 0.00000 0.19586 0.80414 ( 4)
  99 T   0.00000 0.00000 0.87582 0.12418 ( 3)
 100 N   0.00000 0.00000 0.99995 0.00005 ( 3)
 101 N   0.00000 0.00000 0.99959 0.00041 ( 3)
 102 E   0.00000 0.00000 0.99951 0.00049 ( 3)
 103 G   0.00000 0.00000 0.99996 0.00004 ( 3)
 104 I   0.00000 0.00000 0.99967 0.00033 ( 3)
 105 T   0.00000 0.00000 0.02367 0.97633 ( 4)
 106 D   0.00000 0.00000 0.99999 0.00001 ( 3)
 107 N   0.00000 0.00000 0.99998 0.00002 ( 3)
 108 G   0.00000 0.00000 0.99972 0.00028 ( 3)
 109 S   0.00000 0.00000 0.99931 0.00069 ( 3)
 110 K   0.00000 0.00000 0.97309 0.02690 ( 3)
 111 F   0.00000 0.00000 0.99994 0.00006 ( 3)
 112 K   0.00000 0.00000 0.03561 0.96439 ( 4)
 113 D   0.00000 0.00000 0.99996 0.00004 ( 3)
 114 F   0.00000 0.00000 0.99869 0.00131 ( 3)
 115 A   0.00000 0.00000 0.68459 0.31541 ( 3)
 116 F   0.00000 0.00000 0.99291 0.00709 ( 3)
 117 S   0.00000 0.00000 0.40478 0.59522 ( 4)
 118 T   0.00000 0.00000 0.99743 0.00257 ( 3)
 119 P   0.00000 0.00000 0.63054 0.36946 ( 3)
 120 F   0.00000 0.00000 0.99102 0.00898 ( 3)
 121 V   0.00000 0.00000 0.95130 0.04870 ( 3)
 122 I   0.00000 0.00000 0.99712 0.00288 ( 3)
 123 P   0.00000 0.00000 0.00010 0.99990 ( 4)
 124 E   0.00000 0.00000 0.99666 0.00334 ( 3)
 125 Q   0.00000 0.00000 0.00073 0.99927 ( 4)
 126 K   0.00000 0.00000 0.66252 0.33747 ( 3)
 127 -   0.00000 0.00000 0.75733 0.24267 ( 3)
 128 -   0.00000 0.00000 0.05359 0.94640 ( 4)
 129 -   0.00000 0.00000 0.00105 0.99895 ( 4)
 130 -   0.00000 0.00000 0.99378 0.00622 ( 3)
 131 E   0.00000 0.00000 0.98627 0.01373 ( 3)
 132 I   0.00000 0.00000 0.99161 0.00839 ( 3)
 133 V   0.00000 0.00000 0.35505 0.64495 ( 4)
 134 L   0.00000 0.00000 0.66967 0.33033 ( 3)
 135 Y   0.00000 0.00000 0.00377 0.99623 ( 4)
 136 -   0.00000 0.00000 0.75733 0.24267 ( 3)
 137 F   0.00000 0.00000 0.03650 0.96350 ( 4)
 138 E   0.00000 0.00000 0.02247 0.97753 ( 4)
 139 G   0.00000 0.00000 0.00300 0.99700 ( 4)
 140 V   0.00000 0.00000 0.01048 0.98952 ( 4)
 141 G   0.00000 0.00000 0.76233 0.23767 ( 3)
 142 S   0.00000 0.00000 0.00721 0.99279 ( 4)
 143 L   0.00000 0.00000 0.99769 0.00231 ( 3)
 144 D   0.00000 0.00000 0.99609 0.00391 ( 3)
 145 L   0.00000 0.00000 0.99885 0.00115 ( 3)
 146 M   0.00000 0.00000 1.00000 0.00000 ( 3)
 147 N   0.00000 0.00000 0.99999 0.00001 ( 3)
 148 L   0.00000 0.00000 0.99051 0.00949 ( 3)
 149 I   0.00000 0.00000 0.99684 0.00316 ( 3)
 150 F   0.00000 0.00000 0.99892 0.00108 ( 3)
 151 L   0.00000 0.00000 0.73615 0.26385 ( 3)
 152 -   0.00000 0.00000 0.75733 0.24267 ( 3)


lnL = -3307.728084

Bayes Empirical Bayes (BEB) probabilities for 4 classes (class)
(amino acids refer to 1st sequence: BT_Cry18Aa1)

   1 N   0.70645 0.04543 0.23297 0.01515 ( 1)
   2 Q   0.70965 0.04223 0.23403 0.01408 ( 1)
   3 N   0.70645 0.04543 0.23297 0.01515 ( 1)
   4 G   0.73023 0.02166 0.24090 0.00722 ( 1)
   5 T   0.70280 0.04908 0.23175 0.01637 ( 1)
   6 M   0.74128 0.01060 0.24458 0.00354 ( 1)
   7 I   0.75523 0.00016 0.24456 0.00005 ( 1)
   8 H   0.76297 0.00001 0.23703 0.00000 ( 1)
   9 Q   0.60290 0.15139 0.19577 0.04994 ( 1)
  10 A   0.73859 0.01583 0.24035 0.00523 ( 1)
  11 P   0.75794 0.00012 0.24190 0.00004 ( 1)
  12 P   0.00001 0.76060 0.00000 0.23939 ( 2)
  13 D   0.76767 0.00019 0.23208 0.00006 ( 1)
  14 G   0.75710 0.00521 0.23602 0.00167 ( 1)
  15 T   0.76040 0.00185 0.23716 0.00059 ( 1)
  16 G   0.75968 0.00002 0.24029 0.00001 ( 1)
  17 F   0.76297 0.00002 0.23700 0.00001 ( 1)
  18 T   0.76734 0.00015 0.23246 0.00005 ( 1)
  19 V   0.65067 0.11227 0.20132 0.03574 ( 1)
  20 S   0.74571 0.00773 0.24399 0.00256 ( 1)
  21 P   0.75790 0.00016 0.24189 0.00005 ( 1)
  22 L   0.76208 0.00120 0.23633 0.00038 ( 1)
  23 H   0.76293 0.00004 0.23702 0.00001 ( 1)
  24 P   0.64385 0.11071 0.20894 0.03650 ( 1)
  25 S   0.75441 0.01303 0.22848 0.00408 ( 1)
  26 A   0.11067 0.64596 0.03488 0.20849 ( 2)
  27 -   0.64142 0.11302 0.20828 0.03728 ( 1)
  28 -   0.76714 0.00158 0.23079 0.00049 ( 1)
  29 N   0.76768 0.00104 0.23095 0.00032 ( 1)
  30 T   0.40059 0.35649 0.12720 0.11573 ( 1)
  31 I   0.12568 0.63911 0.03742 0.19779 ( 2)
  32 T   0.06162 0.69279 0.01969 0.22589 ( 2)
  33 S   0.65395 0.10800 0.20353 0.03453 ( 1)
  34 Y   0.76243 0.00055 0.23684 0.00018 ( 1)
  35 I   0.76773 0.00004 0.23222 0.00001 ( 1)
  36 K   0.71939 0.04232 0.22473 0.01356 ( 1)
  37 E   0.76261 0.00025 0.23707 0.00008 ( 1)
  38 N   0.76394 0.00016 0.23585 0.00005 ( 1)
  39 Y   0.75795 0.00502 0.23542 0.00160 ( 1)
  40 G   0.75964 0.00006 0.24028 0.00002 ( 1)
  41 N   0.76870 0.00003 0.23126 0.00001 ( 1)
  42 S   0.74333 0.01428 0.23774 0.00465 ( 1)
  43 G   0.76430 0.00000 0.23569 0.00000 ( 1)
  44 D   0.76785 0.00001 0.23214 0.00000 ( 1)
  45 S   0.75301 0.00079 0.24593 0.00026 ( 1)
  46 L   0.75347 0.00390 0.24136 0.00127 ( 1)
  47 H   0.74929 0.01359 0.23277 0.00434 ( 1)
  48 L   0.74856 0.01438 0.23247 0.00459 ( 1)
  49 K   0.68122 0.08139 0.21142 0.02597 ( 1)
  50 G   0.50213 0.25510 0.15982 0.08295 ( 1)
  51 -   0.06747 0.68779 0.02144 0.22331 ( 2)
  52 Q   0.09050 0.66567 0.02859 0.21524 ( 2)
  53 G   0.59158 0.16304 0.19168 0.05370 ( 1)
  54 Y   0.37552 0.38565 0.11609 0.12275 ( 2)
  55 L   0.76298 0.00294 0.23316 0.00093 ( 1)
  56 H   0.26987 0.48604 0.08595 0.15815 ( 2)
  57 Y   0.75340 0.00890 0.23485 0.00285 ( 1)
  58 M   0.75017 0.00457 0.24375 0.00151 ( 1)
  59 L   0.76112 0.00070 0.23796 0.00022 ( 1)
  60 S   0.59901 0.16343 0.18550 0.05206 ( 1)
  61 G   0.73168 0.02243 0.23848 0.00742 ( 1)
  62 N   0.76826 0.00047 0.23113 0.00015 ( 1)
  63 G   0.75811 0.00158 0.23979 0.00051 ( 1)
  64 Q   0.68965 0.07871 0.20712 0.02452 ( 1)
  65 D   0.73816 0.02992 0.22259 0.00934 ( 1)
  66 R   0.16981 0.58207 0.05537 0.19275 ( 2)
  67 Y   0.74926 0.00464 0.24456 0.00154 ( 1)
  68 R   0.76857 0.00015 0.23123 0.00005 ( 1)
  69 L   0.76169 0.00013 0.23814 0.00004 ( 1)
  70 V   0.76153 0.00080 0.23742 0.00026 ( 1)
  71 L   0.75657 0.00080 0.24236 0.00026 ( 1)
  72 R   0.76291 0.00002 0.23706 0.00001 ( 1)
  73 L   0.16959 0.00217 0.82662 0.00161 ( 3)
  74 S   0.76180 0.00002 0.23817 0.00001 ( 1)
  75 G   0.75125 0.00600 0.24078 0.00196 ( 1)
  76 A   0.01384 0.74715 0.00421 0.23480 ( 2)
  77 A   0.72316 0.03646 0.22859 0.01179 ( 1)
  78 N   0.75589 0.01278 0.22735 0.00398 ( 1)
  79 Q   0.07134 0.68493 0.02251 0.22122 ( 2)
  80 I   0.76741 0.00008 0.23248 0.00003 ( 1)
  81 K   0.72157 0.04600 0.21804 0.01439 ( 1)
  82 L   0.35277 0.40190 0.11354 0.13180 ( 2)
  83 Q   0.72543 0.04076 0.22097 0.01283 ( 1)
  84 S   0.72935 0.03798 0.22077 0.01190 ( 1)
  85 P   0.47117 0.29121 0.14516 0.09245 ( 1)
  86 T   0.56645 0.19038 0.18107 0.06209 ( 1)
  87 T   0.75627 0.00801 0.23317 0.00254 ( 1)
  88 S   0.43626 0.32570 0.13456 0.10348 ( 1)
  89 I   0.17508 0.00053 0.82402 0.00038 ( 3)
  90 Y   0.74289 0.01938 0.23153 0.00620 ( 1)
  91 -   0.76417 0.00331 0.23149 0.00104 ( 1)
  92 -   0.10466 0.65912 0.03135 0.20486 ( 2)
  93 -   0.00396 0.75221 0.00125 0.24258 ( 2)
  94 A   0.43973 0.32750 0.13120 0.10157 ( 1)
  95 F   0.76409 0.00226 0.23294 0.00071 ( 1)
  96 D   0.76866 0.00007 0.23125 0.00002 ( 1)
  97 T   0.75494 0.00004 0.24501 0.00001 ( 1)
  98 S   0.33348 0.43218 0.09991 0.13443 ( 2)
  99 T   0.69949 0.06258 0.21791 0.02002 ( 1)
 100 N   0.76868 0.00005 0.23126 0.00001 ( 1)
 101 N   0.75670 0.00041 0.24276 0.00013 ( 1)
 102 E   0.76752 0.00034 0.23203 0.00011 ( 1)
 103 G   0.75966 0.00004 0.24029 0.00001 ( 1)
 104 I   0.76610 0.00025 0.23356 0.00008 ( 1)
 105 T   0.06979 0.69577 0.02059 0.21385 ( 2)
 106 D   0.76785 0.00001 0.23213 0.00000 ( 1)
 107 N   0.76871 0.00002 0.23127 0.00001 ( 1)
 108 G   0.75946 0.00024 0.24022 0.00008 ( 1)
 109 S   0.76551 0.00042 0.23394 0.00013 ( 1)
 110 K   0.74549 0.01412 0.23582 0.00457 ( 1)
 111 F   0.76294 0.00005 0.23699 0.00002 ( 1)
 112 K   0.08180 0.67448 0.02582 0.21790 ( 2)
 113 D   0.76782 0.00004 0.23212 0.00001 ( 1)
 114 F   0.76698 0.00079 0.23199 0.00025 ( 1)
 115 A   0.66362 0.10463 0.19917 0.03258 ( 1)
 116 F   0.75106 0.00432 0.24320 0.00142 ( 1)
 117 S   0.49759 0.26582 0.15252 0.08406 ( 1)
 118 T   0.76711 0.00161 0.23078 0.00050 ( 1)
 119 P   0.61815 0.14469 0.19112 0.04604 ( 1)
 120 F   0.75611 0.00534 0.23683 0.00172 ( 1)
 121 V   0.73793 0.02319 0.23143 0.00745 ( 1)
 122 I   0.76663 0.00157 0.23131 0.00049 ( 1)
 123 P   0.00062 0.76396 0.00018 0.23523 ( 2)
 124 E   0.76720 0.00152 0.23081 0.00047 ( 1)
 125 Q   0.00367 0.76061 0.00109 0.23462 ( 2)
 126 K   0.63604 0.13207 0.19077 0.04111 ( 1)
 127 -   0.59871 0.15317 0.19707 0.05105 ( 1)
 128 -   0.11515 0.64465 0.03550 0.20470 ( 2)
 129 -   0.00336 0.75081 0.00107 0.24476 ( 2)
 130 -   0.75184 0.00471 0.24190 0.00154 ( 1)
 131 E   0.76141 0.00642 0.23016 0.00201 ( 1)
 132 I   0.75789 0.00539 0.23501 0.00172 ( 1)
 133 V   0.48731 0.28013 0.14559 0.08697 ( 1)
 134 L   0.60284 0.15157 0.19561 0.04998 ( 1)
 135 Y   0.01385 0.74631 0.00424 0.23560 ( 2)
 136 -   0.59871 0.15317 0.19707 0.05105 ( 1)
 137 F   0.09362 0.66277 0.02953 0.21408 ( 2)
 138 E   0.05305 0.70306 0.01675 0.22714 ( 2)
 139 G   0.00849 0.74492 0.00273 0.24385 ( 2)
 140 V   0.03614 0.72575 0.01093 0.22718 ( 2)
 141 G   0.66749 0.09958 0.20177 0.03117 ( 1)
 142 S   0.01958 0.73725 0.00614 0.23703 ( 2)
 143 L   0.76175 0.00124 0.23662 0.00040 ( 1)
 144 D   0.76490 0.00294 0.23123 0.00092 ( 1)
 145 L   0.75301 0.00079 0.24594 0.00026 ( 1)
 146 M   0.76188 0.00000 0.23812 0.00000 ( 1)
 147 N   0.76871 0.00002 0.23127 0.00001 ( 1)
 148 L   0.76308 0.00467 0.23079 0.00146 ( 1)
 149 I   0.75987 0.00201 0.23748 0.00064 ( 1)
 150 F   0.76227 0.00072 0.23678 0.00023 ( 1)
 151 L   0.60217 0.14971 0.19823 0.04989 ( 1)
 152 -   0.59871 0.15317 0.19707 0.05105 ( 1)

