Supplemental results for CODEML (seqf: algn  treef: tree)


dN/dS (w) for site classes (K=4)

site class             0        1       2a       2b
proportion       0.43945  0.24538  0.20224  0.11293
background w     0.07836  1.00000  0.07836  1.00000
foreground w     0.07836  1.00000  1.00000  1.00000

Naive Empirical Bayes (NEB) probabilities for 4 classes
(amino acids refer to 1st sequence: BT_Cry30Aa1)

   1 -   0.43945 0.24538 0.20224 0.11293 ( 1)
   2 -   0.43945 0.24538 0.20224 0.11293 ( 1)
   3 R   0.81302 0.01049 0.17166 0.00483 ( 1)
   4 I   0.81906 0.00315 0.17634 0.00145 ( 1)
   5 T   0.82970 0.00313 0.16574 0.00144 ( 1)
   6 Q   0.78635 0.00189 0.21090 0.00087 ( 1)
   7 I   0.83028 0.00238 0.16623 0.00110 ( 1)
   8 P   0.79721 0.00206 0.19978 0.00095 ( 1)
   9 A   0.82520 0.00173 0.17227 0.00080 ( 1)
  10 V   0.81787 0.00179 0.17951 0.00083 ( 1)
  11 K   0.77389 0.00180 0.22348 0.00083 ( 1)
  12 A   0.81700 0.00178 0.18040 0.00082 ( 1)
  13 Y   0.00863 0.67620 0.00397 0.31120 ( 2)
  14 S   0.01843 0.66640 0.00848 0.30669 ( 2)
  15 L   0.41389 0.33382 0.09866 0.15363 ( 1)
  16 T   0.05422 0.58153 0.09662 0.26763 ( 2)
  17 S   0.32325 0.39474 0.10035 0.18167 ( 2)
  18 P   0.01828 0.28160 0.57053 0.12960 ( 3)
  19 -   0.22005 0.32619 0.30364 0.15012 ( 2)
  20 -   0.43945 0.24538 0.20224 0.11293 ( 1)
  21 A   0.63003 0.02493 0.33356 0.01148 ( 1)
  22 R   0.52384 0.25688 0.10107 0.11822 ( 1)
  23 V   0.02210 0.08541 0.85318 0.03931 ( 3)
  24 I   0.75612 0.00287 0.23969 0.00132 ( 1)
  25 V   0.00997 0.48624 0.28002 0.22377 ( 2)
  26 G   0.29772 0.01946 0.67387 0.00895 ( 3)
  27 P   0.72922 0.00317 0.26614 0.00146 ( 1)
  28 G   0.72965 0.00324 0.26562 0.00149 ( 1)
  29 H   0.70005 0.09464 0.16176 0.04355 ( 1)
  30 T   0.81782 0.00350 0.17706 0.00161 ( 1)
  31 G   0.79705 0.00172 0.20045 0.00079 ( 1)
  32 G   0.79699 0.00177 0.20043 0.00081 ( 1)
  33 D   0.84449 0.00090 0.15419 0.00041 ( 1)
  34 L   0.77170 0.00517 0.22075 0.00238 ( 1)
  35 V   0.28898 0.07561 0.60061 0.03480 ( 3)
  36 A   0.27434 0.26159 0.34369 0.12039 ( 3)
  37 L   0.77106 0.00551 0.22088 0.00254 ( 1)
  38 L   0.57272 0.11211 0.26357 0.05160 ( 1)
  39 N   0.55605 0.12878 0.25590 0.05927 ( 1)
  40 S   0.00293 0.68190 0.00135 0.31382 ( 2)
  41 G   0.00330 0.68153 0.00152 0.31365 ( 2)
  42 T   0.04669 0.63814 0.02149 0.29368 ( 2)
  43 Q   0.23116 0.45367 0.10638 0.20879 ( 2)
  44 S   0.01100 0.67383 0.00506 0.31011 ( 2)
  45 G   0.81746 0.00106 0.18099 0.00049 ( 1)
  46 T   0.00270 0.68180 0.00173 0.31377 ( 2)
  47 M   0.02748 0.45538 0.30757 0.20957 ( 2)
  48 Q   0.00168 0.62318 0.08834 0.28680 ( 2)
  49 I   0.77831 0.05261 0.14487 0.02421 ( 1)
  50 Q   0.01169 0.66728 0.01395 0.30709 ( 2)
  51 C   0.28617 0.12423 0.53243 0.05717 ( 3)
  52 K   0.15993 0.19341 0.55765 0.08901 ( 3)
  53 T   0.36014 0.13975 0.43580 0.06431 ( 3)
  54 G   0.33694 0.36136 0.13540 0.16630 ( 2)
  55 S   0.79457 0.03039 0.16105 0.01399 ( 1)
  56 F   0.53192 0.20228 0.17271 0.09309 ( 1)
  57 T   0.33016 0.14121 0.46365 0.06498 ( 3)
  58 G   0.03653 0.63626 0.03439 0.29282 ( 2)
  59 P   0.04563 0.63920 0.02100 0.29417 ( 2)
  60 S   0.74527 0.05318 0.17707 0.02448 ( 1)
  61 R   0.75081 0.02907 0.20674 0.01338 ( 1)
  62 Q   0.00629 0.67090 0.01405 0.30876 ( 2)
  63 Y   0.57483 0.06034 0.33706 0.02777 ( 1)
  64 G   0.77028 0.01858 0.20259 0.00855 ( 1)
  65 L   0.18940 0.45003 0.15346 0.20711 ( 2)
  66 R   0.78218 0.00895 0.20475 0.00412 ( 1)
  67 M   0.71816 0.09390 0.14472 0.04321 ( 1)
  68 R   0.79114 0.00148 0.20670 0.00068 ( 1)
  69 Y   0.81142 0.00134 0.18662 0.00062 ( 1)
  70 A   0.83044 0.00154 0.16730 0.00071 ( 1)
  71 A   0.82981 0.00201 0.16725 0.00093 ( 1)
  72 N   0.84366 0.00230 0.15298 0.00106 ( 1)
  73 S   0.13233 0.47466 0.17456 0.21845 ( 2)
  74 A   0.16269 0.54998 0.03423 0.25311 ( 2)
  75 F   0.39975 0.30039 0.16162 0.13824 ( 1)
  76 T   0.65288 0.13112 0.15566 0.06034 ( 1)
  77 V   0.15025 0.41027 0.25066 0.18881 ( 2)
  78 S   0.15856 0.54605 0.04409 0.25130 ( 2)
  79 L   0.59888 0.08670 0.27453 0.03990 ( 1)
  80 S   0.01904 0.45861 0.31130 0.21106 ( 2)
  81 Y   0.32965 0.36960 0.13066 0.17009 ( 2)
  82 T   0.04394 0.64089 0.02022 0.29495 ( 2)
  83 L   0.21459 0.47024 0.09876 0.21641 ( 2)
  84 L   0.00018 0.68465 0.00008 0.31509 ( 2)
  85 -   0.54520 0.13963 0.25091 0.06426 ( 1)
  86 G   0.11707 0.57405 0.04470 0.26419 ( 2)
  87 Q   0.00009 0.68463 0.00021 0.31508 ( 2)
  88 T   0.60851 0.18999 0.11406 0.08744 ( 1)
  89 R   0.00000 0.68483 0.00000 0.31517 ( 2)
  90 G   0.63036 0.16370 0.13061 0.07534 ( 1)
  91 T   0.07537 0.61374 0.02844 0.28245 ( 2)
  92 S   0.76720 0.03904 0.17579 0.01797 ( 1)
  93 F   0.01550 0.54040 0.19541 0.24870 ( 2)
  94 V   0.00146 0.68357 0.00038 0.31459 ( 2)
  95 T   0.44339 0.27066 0.16139 0.12456 ( 1)
  96 E   0.82410 0.00130 0.17400 0.00060 ( 1)
  97 N   0.00004 0.68424 0.00083 0.31489 ( 2)
  98 T   0.72148 0.00698 0.26833 0.00321 ( 1)
  99 F   0.79828 0.01048 0.18641 0.00483 ( 1)
 100 S   0.43396 0.31957 0.09940 0.14707 ( 1)
 101 R   0.80119 0.03029 0.15458 0.01394 ( 1)
 102 S   0.00007 0.68473 0.00008 0.31512 ( 2)
 103 N   0.84669 0.00111 0.15170 0.00051 ( 1)
 104 N   0.79835 0.01747 0.17615 0.00804 ( 1)
 105 I   0.37029 0.31454 0.17041 0.14476 ( 1)
 106 I   0.64431 0.04052 0.29652 0.01865 ( 1)
 107 P   0.60933 0.07550 0.28042 0.03475 ( 1)
 108 T   0.69105 0.06283 0.21721 0.02892 ( 1)
 109 D   0.67700 0.00953 0.30908 0.00439 ( 1)
 110 L   0.71612 0.00972 0.26969 0.00447 ( 1)
 111 K   0.20297 0.20942 0.49124 0.09638 ( 3)
 112 Y   0.75640 0.05671 0.16080 0.02610 ( 1)
 113 E   0.03116 0.09850 0.82501 0.04533 ( 3)
 114 E   0.47279 0.21859 0.20802 0.10060 ( 1)
 115 F   0.82702 0.00082 0.17178 0.00038 ( 1)
 116 K   0.61444 0.02758 0.34529 0.01269 ( 1)
 117 Y   0.81142 0.00134 0.18662 0.00062 ( 1)
 118 K   0.75181 0.05067 0.17420 0.02332 ( 1)
 119 D   0.80146 0.02005 0.16926 0.00923 ( 1)
 120 Y   0.16802 0.34350 0.33039 0.15808 ( 2)
 121 L   0.00001 0.68480 0.00003 0.31516 ( 2)
 122 Q   0.51948 0.18987 0.20327 0.08738 ( 1)
 123 I   0.35260 0.01673 0.62298 0.00770 ( 3)
 124 I   0.39419 0.05954 0.51887 0.02740 ( 3)
 125 T   0.72836 0.03790 0.21629 0.01744 ( 1)
 126 M   0.21357 0.44874 0.13118 0.20651 ( 2)
 127 T   0.70734 0.05398 0.21384 0.02484 ( 1)
 128 L   0.00001 0.68468 0.00021 0.31510 ( 2)
 129 P   0.79702 0.00223 0.19973 0.00102 ( 1)
 130 -   0.16564 0.38660 0.26984 0.17792 ( 2)
 131 A   0.31413 0.42416 0.06650 0.19520 ( 2)
 132 N   0.38667 0.00798 0.60169 0.00367 ( 3)
 133 T   0.18232 0.39791 0.23665 0.18312 ( 2)
 134 I   0.01947 0.52534 0.21342 0.24177 ( 2)
 135 I   0.27632 0.27071 0.32837 0.12459 ( 3)
 136 T   0.83807 0.00739 0.15114 0.00340 ( 1)
 137 I   0.82660 0.00295 0.16910 0.00136 ( 1)
 138 S   0.00305 0.67892 0.00559 0.31245 ( 2)
 139 M   0.01967 0.65489 0.02405 0.30139 ( 2)
 140 Q   0.00034 0.68445 0.00022 0.31499 ( 2)
 141 Q   0.02013 0.04737 0.91070 0.02180 ( 3)
 142 A   0.00071 0.68368 0.00097 0.31464 ( 2)
 143 T   0.00109 0.68365 0.00064 0.31463 ( 2)
 144 G   0.00007 0.68466 0.00018 0.31509 ( 2)
 145 L   0.00002 0.68479 0.00005 0.31515 ( 2)
 146 L   0.00282 0.68201 0.00130 0.31387 ( 2)
 147 N   0.65732 0.02751 0.30251 0.01266 ( 1)
 148 N   0.02069 0.66414 0.00952 0.30565 ( 2)
 149 Q   0.59629 0.08855 0.27442 0.04075 ( 1)
 150 L   0.55044 0.11801 0.27724 0.05431 ( 1)
 151 I   0.83362 0.00233 0.16299 0.00107 ( 1)
 152 I   0.82741 0.00235 0.16915 0.00108 ( 1)
 153 D   0.73786 0.00706 0.25182 0.00325 ( 1)
 154 R   0.24123 0.02121 0.72780 0.00976 ( 3)
 155 I   0.70421 0.02800 0.25491 0.01289 ( 1)
 156 E   0.82437 0.00109 0.17405 0.00050 ( 1)
 157 F   0.69015 0.04014 0.25123 0.01847 ( 1)
 158 Y   0.47015 0.24650 0.16992 0.11344 ( 1)
 159 P   0.67726 0.00757 0.31168 0.00349 ( 1)


lnL = -2066.594803

