Supplemental results for CODEML (seqf: algn  treef: tree)


dN/dS (w) for site classes (K=4)

site class             0        1       2a       2b
proportion       0.59225  0.39185  0.00957  0.00633
background w     0.07233  0.44488  0.07233  0.44488
foreground w     0.07233  0.44488  1.30661  1.30661

Naive Empirical Bayes (NEB) probabilities for 4 classes
(amino acids refer to 1st sequence: BT_Cry1Ia18)

   1 P   0.84231 0.14179 0.01361 0.00229 ( 1)
   2 F   0.88573 0.09838 0.01431 0.00159 ( 1)
   3 A   0.72742 0.25668 0.01175 0.00415 ( 1)
   4 G   0.91610 0.06800 0.01480 0.00110 ( 1)
   5 Q   0.00040 0.98371 0.00001 0.01589 ( 2)
   6 I   0.84818 0.13592 0.01370 0.00220 ( 1)
   7 A   0.87770 0.10640 0.01418 0.00172 ( 1)
   8 S   0.06967 0.91443 0.00113 0.01477 ( 2)
   9 L   0.49970 0.48440 0.00807 0.00782 ( 1)
  10 Y   0.13881 0.84529 0.00224 0.01365 ( 2)
  11 S   0.78697 0.19713 0.01271 0.00318 ( 1)
  12 F   0.05423 0.92988 0.00088 0.01502 ( 2)
  13 I   0.42296 0.56114 0.00683 0.00906 ( 2)
  14 L   0.28032 0.70378 0.00453 0.01137 ( 2)
  15 G   0.91154 0.07256 0.01472 0.00117 ( 1)
  16 E   0.04681 0.93729 0.00076 0.01514 ( 2)
  17 L   0.95679 0.02732 0.01545 0.00044 ( 1)
  18 W   0.90674 0.07737 0.01465 0.00125 ( 1)
  19 P   0.97254 0.01157 0.01571 0.00019 ( 1)
  20 K   0.14387 0.84024 0.00232 0.01357 ( 2)
  21 -   0.42643 0.55767 0.00689 0.00901 ( 2)
  22 G   0.00531 0.97879 0.00009 0.01581 ( 2)
  23 K   0.25972 0.72438 0.00420 0.01170 ( 2)
  24 S   0.00616 0.97795 0.00010 0.01580 ( 2)
  25 Q   0.02300 0.96110 0.00037 0.01552 ( 2)
  26 W   0.90674 0.07737 0.01465 0.00125 ( 1)
  27 E   0.98031 0.00379 0.01583 0.00006 ( 1)
  28 I   0.03544 0.94866 0.00057 0.01532 ( 2)
  29 F   0.95329 0.03081 0.01540 0.00050 ( 1)
  30 M   0.96612 0.01799 0.01561 0.00029 ( 1)
  31 E   0.90330 0.08080 0.01459 0.00131 ( 1)
  32 H   0.23728 0.74682 0.00383 0.01206 ( 2)
  33 V   0.96817 0.01594 0.01564 0.00026 ( 1)
  34 E   0.98001 0.00409 0.01583 0.00007 ( 1)
  35 E   0.10136 0.88274 0.00164 0.01426 ( 2)
  36 I   0.77244 0.21167 0.01248 0.00342 ( 1)
  37 I   0.94140 0.04270 0.01521 0.00069 ( 1)
  38 N   0.82665 0.15746 0.01335 0.00254 ( 1)
  39 Q   0.93728 0.04682 0.01514 0.00076 ( 1)
  40 K   0.97995 0.00415 0.01583 0.00007 ( 1)
  41 I   0.95540 0.02870 0.01543 0.00046 ( 1)
  42 L   0.02474 0.95936 0.00040 0.01550 ( 2)
  43 T   0.20822 0.77588 0.00336 0.01253 ( 2)
  44 Y   0.96309 0.02101 0.01556 0.00034 ( 1)
  45 A   0.97898 0.00513 0.01581 0.00008 ( 1)
  46 R   0.96927 0.01484 0.01566 0.00024 ( 1)
  47 N   0.79033 0.19377 0.01277 0.00313 ( 1)
  48 K   0.95842 0.02568 0.01548 0.00041 ( 1)
  49 A   0.96332 0.02078 0.01556 0.00034 ( 1)
  50 L   0.68074 0.30337 0.01100 0.00490 ( 1)
  51 S   0.07335 0.91076 0.00118 0.01471 ( 2)
  52 D   0.95099 0.03311 0.01536 0.00053 ( 1)
  53 L   0.75361 0.23050 0.01217 0.00372 ( 1)
  54 R   0.08571 0.89839 0.00138 0.01451 ( 2)
  55 G   0.95566 0.02844 0.01544 0.00046 ( 1)
  56 L   0.96240 0.02170 0.01555 0.00035 ( 1)
  57 G   0.74980 0.23430 0.01211 0.00378 ( 1)
  58 D   0.80748 0.17662 0.01304 0.00285 ( 1)
  59 A   0.29819 0.68592 0.00482 0.01108 ( 2)
  60 L   0.07226 0.91184 0.00117 0.01473 ( 2)
  61 A   0.05620 0.92790 0.00091 0.01499 ( 2)
  62 V   0.81860 0.16550 0.01322 0.00267 ( 1)
  63 Y   0.96376 0.02035 0.01557 0.00033 ( 1)
  64 H   0.55029 0.43381 0.00889 0.00701 ( 1)
  65 E   0.04031 0.94379 0.00065 0.01525 ( 2)
  66 S   0.73311 0.25099 0.01184 0.00405 ( 1)
  67 L   0.67830 0.30580 0.01096 0.00494 ( 1)
  68 E   0.86523 0.11887 0.01398 0.00192 ( 1)
  69 S   0.00843 0.97567 0.00014 0.01576 ( 2)
  70 W   0.90674 0.07737 0.01465 0.00125 ( 1)
  71 V   0.00166 0.98244 0.00003 0.01587 ( 2)
  72 K   0.24108 0.74302 0.00389 0.01200 ( 2)
  73 N   0.98183 0.00228 0.01586 0.00004 ( 1)
  74 R   0.64569 0.33841 0.01043 0.00547 ( 1)
  75 N   0.40826 0.57584 0.00659 0.00930 ( 2)
  76 N   0.65040 0.33370 0.01051 0.00539 ( 1)
  77 T   0.01706 0.96704 0.00028 0.01562 ( 2)
  78 R   0.96811 0.01600 0.01564 0.00026 ( 1)
  79 A   0.18824 0.79586 0.00304 0.01286 ( 2)
  80 R   0.31055 0.67355 0.00502 0.01088 ( 2)
  81 S   0.35589 0.62821 0.00575 0.01015 ( 2)
  82 V   0.20715 0.77695 0.00335 0.01255 ( 2)
  83 V   0.90238 0.08172 0.01458 0.00132 ( 1)
  84 K   0.00076 0.98334 0.00001 0.01588 ( 2)
  85 N   0.24017 0.74393 0.00388 0.01202 ( 2)
  86 Q   0.64209 0.34202 0.01037 0.00552 ( 1)
  87 Y   0.95878 0.02533 0.01549 0.00041 ( 1)
  88 I   0.05715 0.92696 0.00092 0.01497 ( 2)
  89 A   0.13320 0.85090 0.00215 0.01374 ( 2)
  90 L   0.80081 0.18329 0.01294 0.00296 ( 1)
  91 E   0.41612 0.56798 0.00672 0.00917 ( 2)
  92 L   0.03606 0.94804 0.00058 0.01531 ( 2)
  93 M   0.00356 0.98054 0.00006 0.01584 ( 2)
  94 F   0.98007 0.00403 0.01583 0.00007 ( 1)
  95 V   0.17992 0.80418 0.00291 0.01299 ( 2)
  96 Q   0.00173 0.98237 0.00003 0.01587 ( 2)
  97 K   0.00559 0.97851 0.00009 0.01581 ( 2)
  98 L   0.65197 0.33213 0.01053 0.00536 ( 1)
  99 P   0.97465 0.00945 0.01574 0.00015 ( 1)
 100 S   0.96405 0.02006 0.01557 0.00032 ( 1)
 101 F   0.98102 0.00309 0.01585 0.00005 ( 1)
 102 A   0.63241 0.35170 0.01022 0.00568 ( 1)
 103 V   0.97499 0.00911 0.01575 0.00015 ( 1)
 104 S   0.32902 0.65509 0.00531 0.01058 ( 2)
 105 G   0.05173 0.93237 0.00084 0.01506 ( 2)
 106 E   0.01966 0.96444 0.00032 0.01558 ( 2)
 107 E   0.98001 0.00409 0.01583 0.00007 ( 1)
 108 V   0.97652 0.00758 0.01577 0.00012 ( 1)
 109 P   0.52286 0.46124 0.00845 0.00745 ( 1)
 110 L   0.84111 0.14300 0.01359 0.00231 ( 1)
 111 L   0.95839 0.02572 0.01548 0.00042 ( 1)
 112 P   0.51344 0.47066 0.00829 0.00760 ( 1)
 113 I   0.90206 0.08204 0.01457 0.00133 ( 1)
 114 Y   0.97627 0.00783 0.01577 0.00013 ( 1)
 115 A   0.91809 0.06602 0.01483 0.00107 ( 1)
 116 Q   0.03350 0.95060 0.00054 0.01536 ( 2)
 117 A   0.97539 0.00871 0.01576 0.00014 ( 1)
 118 A   0.97224 0.01187 0.01570 0.00019 ( 1)
 119 N   0.97513 0.00897 0.01575 0.00014 ( 1)
 120 L   0.87213 0.11197 0.01409 0.00181 ( 1)
 121 H   0.98104 0.00306 0.01585 0.00005 ( 1)
 122 L   0.95814 0.02596 0.01548 0.00042 ( 1)
 123 L   0.93412 0.04998 0.01509 0.00081 ( 1)
 124 L   0.96422 0.01989 0.01558 0.00032 ( 1)
 125 L   0.96422 0.01989 0.01558 0.00032 ( 1)
 126 R   0.97362 0.01048 0.01573 0.00017 ( 1)
 127 D   0.97464 0.00947 0.01574 0.00015 ( 1)
 128 A   0.97619 0.00791 0.01577 0.00013 ( 1)
 129 S   0.63679 0.34732 0.01029 0.00561 ( 1)
 130 I   0.62820 0.35591 0.01015 0.00575 ( 1)
 131 F   0.98102 0.00309 0.01585 0.00005 ( 1)
 132 G   0.94119 0.04291 0.01520 0.00069 ( 1)
 133 K   0.72957 0.25453 0.01178 0.00411 ( 1)
 134 E   0.08194 0.90216 0.00132 0.01457 ( 2)
 135 W   0.64463 0.33947 0.01041 0.00548 ( 1)
 136 G   0.97315 0.01096 0.01572 0.00018 ( 1)
 137 L   0.47308 0.51102 0.00764 0.00825 ( 2)
 138 S   0.88382 0.10029 0.01428 0.00162 ( 1)
 139 A   0.61775 0.36635 0.00998 0.00592 ( 1)
 140 -   0.59225 0.39185 0.00957 0.00633 ( 1)
 141 -   0.59225 0.39185 0.00957 0.00633 ( 1)
 142 -   0.59225 0.39185 0.00957 0.00633 ( 1)
 143 S   0.00028 0.98383 0.00000 0.01589 ( 2)
 144 E   0.60427 0.37984 0.00976 0.00614 ( 1)
 145 I   0.82417 0.15993 0.01331 0.00258 ( 1)
 146 S   0.11957 0.86454 0.00193 0.01396 ( 2)
 147 T   0.01508 0.96903 0.00024 0.01565 ( 2)
 148 F   0.03123 0.95287 0.00050 0.01539 ( 2)
 149 Y   0.97627 0.00783 0.01577 0.00013 ( 1)
 150 N   0.68629 0.29781 0.01109 0.00481 ( 1)
 151 R   0.95400 0.03010 0.01541 0.00049 ( 1)
 152 Q   0.88584 0.09826 0.01431 0.00159 ( 1)
 153 V   0.03242 0.95168 0.00052 0.01537 ( 2)
 154 E   0.00555 0.97855 0.00009 0.01581 ( 2)
 155 R   0.54293 0.44117 0.00877 0.00713 ( 1)
 156 T   0.91941 0.06469 0.01485 0.00104 ( 1)
 157 R   0.01541 0.96870 0.00025 0.01565 ( 2)
 158 D   0.01311 0.97099 0.00021 0.01568 ( 2)
 159 Y   0.97627 0.00783 0.01577 0.00013 ( 1)
 160 S   0.52018 0.46392 0.00840 0.00749 ( 1)
 161 D   0.94574 0.03836 0.01528 0.00062 ( 1)
 162 H   0.90797 0.07614 0.01467 0.00123 ( 1)
 163 C   0.97454 0.00956 0.01574 0.00015 ( 1)
 164 V   0.64603 0.33807 0.01044 0.00546 ( 1)
 165 K   0.82937 0.15474 0.01340 0.00250 ( 1)
 166 W   0.18959 0.79452 0.00306 0.01283 ( 2)
 167 Y   0.90146 0.08264 0.01456 0.00133 ( 1)
 168 N   0.82640 0.15771 0.01335 0.00255 ( 1)
 169 T   0.52394 0.46017 0.00846 0.00743 ( 1)
 170 G   0.97172 0.01238 0.01570 0.00020 ( 1)
 171 L   0.96326 0.02084 0.01556 0.00034 ( 1)
 172 N   0.00571 0.97840 0.00009 0.01580 ( 2)
 173 N   0.04415 0.93996 0.00071 0.01518 ( 2)
 174 L   0.07980 0.90430 0.00129 0.01461 ( 2)
 175 R   0.59637 0.38774 0.00963 0.00626 ( 1)
 176 G   0.02210 0.96201 0.00036 0.01554 ( 2)
 177 T   0.01090 0.97320 0.00018 0.01572 ( 2)
 178 N   0.08507 0.89904 0.00137 0.01452 ( 2)
 179 A   0.57126 0.41285 0.00923 0.00667 ( 1)
 180 -   0.44035 0.54376 0.00711 0.00878 ( 2)
 181 -   0.50113 0.48297 0.00809 0.00780 ( 1)
 182 -   0.09008 0.89402 0.00146 0.01444 ( 2)
 183 -   0.61222 0.37188 0.00989 0.00601 ( 1)
 184 -   0.59225 0.39185 0.00957 0.00633 ( 1)
 185 -   0.59225 0.39185 0.00957 0.00633 ( 1)
 186 -   0.59225 0.39185 0.00957 0.00633 ( 1)
 187 -   0.59225 0.39185 0.00957 0.00633 ( 1)
 188 -   0.59225 0.39185 0.00957 0.00633 ( 1)
 189 -   0.59225 0.39185 0.00957 0.00633 ( 1)
 190 -   0.59225 0.39185 0.00957 0.00633 ( 1)
 191 -   0.59225 0.39185 0.00957 0.00633 ( 1)
 192 -   0.59225 0.39185 0.00957 0.00633 ( 1)
 193 -   0.59225 0.39185 0.00957 0.00633 ( 1)
 194 -   0.59225 0.39185 0.00957 0.00633 ( 1)
 195 -   0.59225 0.39185 0.00957 0.00633 ( 1)
 196 -   0.59225 0.39185 0.00957 0.00633 ( 1)
 197 -   0.59225 0.39185 0.00957 0.00633 ( 1)
 198 -   0.59225 0.39185 0.00957 0.00633 ( 1)
 199 -   0.59225 0.39185 0.00957 0.00633 ( 1)
 200 -   0.59225 0.39185 0.00957 0.00633 ( 1)
 201 -   0.59225 0.39185 0.00957 0.00633 ( 1)
 202 -   0.59225 0.39185 0.00957 0.00633 ( 1)
 203 -   0.59225 0.39185 0.00957 0.00633 ( 1)
 204 -   0.59225 0.39185 0.00957 0.00633 ( 1)
 205 -   0.59225 0.39185 0.00957 0.00633 ( 1)
 206 -   0.59225 0.39185 0.00957 0.00633 ( 1)
 207 -   0.58368 0.40042 0.00943 0.00647 ( 1)
 208 -   0.86112 0.12298 0.01391 0.00199 ( 1)
 209 -   0.15808 0.82603 0.00255 0.01334 ( 2)
 210 -   0.88901 0.09509 0.01436 0.00154 ( 1)
 211 K   0.00083 0.98328 0.00001 0.01588 ( 2)
 212 S   0.06637 0.91774 0.00107 0.01482 ( 2)
 213 W   0.90674 0.07737 0.01465 0.00125 ( 1)
 214 V   0.11263 0.87147 0.00182 0.01408 ( 2)
 215 R   0.00055 0.98356 0.00001 0.01589 ( 2)
 216 Y   0.97627 0.00783 0.01577 0.00013 ( 1)
 217 N   0.78322 0.20089 0.01265 0.00324 ( 1)
 218 Q   0.19041 0.79369 0.00308 0.01282 ( 2)
 219 F   0.96982 0.01429 0.01567 0.00023 ( 1)
 220 R   0.96166 0.02244 0.01553 0.00036 ( 1)
 221 K   0.95210 0.03201 0.01538 0.00052 ( 1)
 222 D   0.87547 0.10863 0.01414 0.00175 ( 1)
 223 M   0.96465 0.01945 0.01558 0.00031 ( 1)
 224 T   0.76278 0.22133 0.01232 0.00358 ( 1)
 225 L   0.83555 0.14855 0.01350 0.00240 ( 1)
 226 M   0.68361 0.30049 0.01104 0.00485 ( 1)
 227 V   0.97499 0.00911 0.01575 0.00015 ( 1)
 228 L   0.95884 0.02526 0.01549 0.00041 ( 1)
 229 D   0.98096 0.00314 0.01585 0.00005 ( 1)
 230 L   0.54597 0.43813 0.00882 0.00708 ( 1)
 231 V   0.63021 0.35390 0.01018 0.00572 ( 1)
 232 A   0.56106 0.42304 0.00906 0.00683 ( 1)
 233 L   0.46121 0.52290 0.00745 0.00845 ( 2)
 234 F   0.97469 0.00941 0.01574 0.00015 ( 1)
 235 P   0.91601 0.06810 0.01480 0.00110 ( 1)
 236 S   0.00289 0.98121 0.00005 0.01585 ( 2)


lnL = -3335.990081

