Supplemental results for CODEML (seqf: algn  treef: tree)


dN/dS (w) for site classes (K=4)

site class             0        1       2a       2b
proportion       0.88494  0.06000  0.05157  0.00350
background w     0.11898  1.00000  0.11898  1.00000
foreground w     0.11898  1.00000  1.00000  1.00000

Naive Empirical Bayes (NEB) probabilities for 4 classes
(amino acids refer to 1st sequence: BT_Cry1Ba1)

   1 P   0.99690 0.00023 0.00286 0.00001 ( 1)
   2 F   0.99955 0.00000 0.00045 0.00000 ( 1)
   3 A   0.99419 0.00150 0.00423 0.00009 ( 1)
   4 G   0.96687 0.02439 0.00732 0.00142 ( 1)
   5 Q   0.99765 0.00048 0.00184 0.00003 ( 1)
   6 L   0.94237 0.04273 0.01241 0.00249 ( 1)
   7 A   0.99953 0.00001 0.00046 0.00000 ( 1)
   8 S   0.99565 0.00007 0.00427 0.00000 ( 1)
   9 F   0.94679 0.00025 0.05294 0.00001 ( 1)
  10 Y   0.99926 0.00000 0.00074 0.00000 ( 1)
  11 S   0.99965 0.00000 0.00034 0.00000 ( 1)
  12 F   0.99967 0.00000 0.00033 0.00000 ( 1)
  13 L   0.99073 0.00279 0.00632 0.00016 ( 1)
  14 V   0.97258 0.01192 0.01480 0.00069 ( 1)
  15 G   0.99822 0.00004 0.00174 0.00000 ( 1)
  16 E   0.99645 0.00034 0.00320 0.00002 ( 1)
  17 L   0.99887 0.00003 0.00110 0.00000 ( 1)
  18 W   0.98600 0.00157 0.01234 0.00009 ( 1)
  19 P   0.99790 0.00002 0.00208 0.00000 ( 1)
  20 R   0.49225 0.47921 0.00062 0.02792 ( 1)
  21 G   0.98771 0.00563 0.00633 0.00033 ( 1)
  22 R   0.99689 0.00195 0.00105 0.00011 ( 1)
  23 -   0.92622 0.01872 0.05397 0.00109 ( 1)
  24 D   0.99017 0.00075 0.00904 0.00004 ( 1)
  25 Q   0.81593 0.17238 0.00165 0.01004 ( 1)
  26 W   0.98600 0.00157 0.01234 0.00009 ( 1)
  27 E   0.99978 0.00000 0.00022 0.00000 ( 1)
  28 I   0.95703 0.03502 0.00591 0.00204 ( 1)
  29 F   0.99959 0.00002 0.00039 0.00000 ( 1)
  30 L   0.99945 0.00019 0.00034 0.00001 ( 1)
  31 E   0.99951 0.00015 0.00032 0.00001 ( 1)
  32 H   0.99933 0.00022 0.00044 0.00001 ( 1)
  33 V   0.99972 0.00001 0.00027 0.00000 ( 1)
  34 E   0.99981 0.00000 0.00019 0.00000 ( 1)
  35 Q   0.97041 0.00849 0.02060 0.00049 ( 1)
  36 L   0.94499 0.00032 0.05467 0.00002 ( 1)
  37 I   0.98490 0.01037 0.00413 0.00060 ( 1)
  38 N   0.00185 0.91938 0.02519 0.05357 ( 2)
  39 Q   0.98628 0.00013 0.01358 0.00001 ( 1)
  40 Q   0.99976 0.00001 0.00023 0.00000 ( 1)
  41 I   0.99988 0.00000 0.00012 0.00000 ( 1)
  42 T   0.79581 0.00072 0.20343 0.00004 ( 1)
  43 E   0.71542 0.18865 0.08493 0.01099 ( 1)
  44 N   0.99053 0.00300 0.00630 0.00017 ( 1)
  45 A   0.99967 0.00007 0.00026 0.00000 ( 1)
  46 R   0.99955 0.00001 0.00045 0.00000 ( 1)
  47 N   0.99833 0.00023 0.00142 0.00001 ( 1)
  48 T   0.89597 0.01774 0.08526 0.00103 ( 1)
  49 A   0.99973 0.00000 0.00027 0.00000 ( 1)
  50 L   0.99894 0.00011 0.00095 0.00001 ( 1)
  51 A   0.04781 0.00314 0.94886 0.00018 ( 3)
  52 R   0.90500 0.04993 0.04215 0.00291 ( 1)
  53 L   0.99711 0.00006 0.00282 0.00000 ( 1)
  54 Q   0.96757 0.01693 0.01451 0.00099 ( 1)
  55 G   0.99957 0.00000 0.00043 0.00000 ( 1)
  56 L   0.99776 0.00005 0.00219 0.00000 ( 1)
  57 G   0.99959 0.00000 0.00041 0.00000 ( 1)
  58 D   0.99965 0.00019 0.00015 0.00001 ( 1)
  59 S   0.99603 0.00298 0.00081 0.00017 ( 1)
  60 F   0.98848 0.00564 0.00556 0.00033 ( 1)
  61 R   0.23989 0.71716 0.00117 0.04179 ( 2)
  62 A   0.98899 0.00107 0.00987 0.00006 ( 1)
  63 Y   0.98967 0.00007 0.01026 0.00000 ( 1)
  64 Q   0.99632 0.00015 0.00352 0.00001 ( 1)
  65 Q   0.97817 0.00576 0.01573 0.00034 ( 1)
  66 S   0.99303 0.00009 0.00688 0.00001 ( 1)
  67 L   0.99909 0.00000 0.00091 0.00000 ( 1)
  68 E   0.99979 0.00001 0.00021 0.00000 ( 1)
  69 D   0.98601 0.00706 0.00652 0.00041 ( 1)
  70 W   0.98600 0.00157 0.01234 0.00009 ( 1)
  71 L   0.56846 0.19157 0.22880 0.01116 ( 1)
  72 E   0.00481 0.03449 0.95869 0.00201 ( 3)
  73 N   0.99983 0.00000 0.00017 0.00000 ( 1)
  74 R   0.99080 0.00161 0.00749 0.00009 ( 1)
  75 D   0.99969 0.00000 0.00031 0.00000 ( 1)
  76 D   0.98091 0.00015 0.01893 0.00001 ( 1)
  77 A   0.95952 0.00437 0.03586 0.00025 ( 1)
  78 R   0.99916 0.00000 0.00084 0.00000 ( 1)
  79 T   0.89989 0.03676 0.06121 0.00214 ( 1)
  80 R   0.99260 0.00002 0.00738 0.00000 ( 1)
  81 S   0.99966 0.00000 0.00034 0.00000 ( 1)
  82 V   0.99956 0.00000 0.00044 0.00000 ( 1)
  83 L   0.99418 0.00044 0.00535 0.00003 ( 1)
  84 Y   0.01367 0.93146 0.00060 0.05428 ( 2)
  85 T   0.02340 0.28806 0.67176 0.01679 ( 3)
  86 Q   0.99841 0.00002 0.00157 0.00000 ( 1)
  87 Y   0.99888 0.00006 0.00106 0.00000 ( 1)
  88 I   0.99235 0.00396 0.00346 0.00023 ( 1)
  89 A   0.89390 0.00486 0.10096 0.00028 ( 1)
  90 L   0.99644 0.00008 0.00348 0.00000 ( 1)
  91 E   0.99980 0.00001 0.00020 0.00000 ( 1)
  92 L   0.99455 0.00003 0.00541 0.00000 ( 1)
  93 D   0.46595 0.00389 0.52993 0.00023 ( 3)
  94 F   0.98447 0.00004 0.01549 0.00000 ( 1)
  95 L   0.99947 0.00003 0.00049 0.00000 ( 1)
  96 N   0.02613 0.91828 0.00208 0.05351 ( 2)
  97 A   0.00044 0.78013 0.17398 0.04546 ( 2)
  98 M   0.97402 0.00136 0.02454 0.00008 ( 1)
  99 P   0.99864 0.00002 0.00134 0.00000 ( 1)
 100 L   0.99764 0.00084 0.00147 0.00005 ( 1)
 101 F   0.99967 0.00000 0.00033 0.00000 ( 1)
 102 A   0.99974 0.00000 0.00026 0.00000 ( 1)
 103 I   0.98866 0.00135 0.00992 0.00008 ( 1)
 104 R   0.84530 0.14534 0.00089 0.00847 ( 1)
 105 N   0.98674 0.01169 0.00089 0.00068 ( 1)
 106 Q   0.88373 0.00467 0.11133 0.00027 ( 1)
 107 E   0.99935 0.00003 0.00062 0.00000 ( 1)
 108 V   0.99952 0.00000 0.00048 0.00000 ( 1)
 109 P   0.98894 0.00005 0.01100 0.00000 ( 1)
 110 L   0.99748 0.00005 0.00246 0.00000 ( 1)
 111 L   0.99751 0.00006 0.00243 0.00000 ( 1)
 112 M   0.52690 0.44286 0.00443 0.02581 ( 1)
 113 V   0.99812 0.00001 0.00186 0.00000 ( 1)
 114 Y   0.99911 0.00001 0.00089 0.00000 ( 1)
 115 A   0.70768 0.00087 0.29140 0.00005 ( 1)
 116 Q   0.99838 0.00003 0.00159 0.00000 ( 1)
 117 A   0.99950 0.00000 0.00050 0.00000 ( 1)
 118 A   0.99947 0.00005 0.00048 0.00000 ( 1)
 119 N   0.99983 0.00000 0.00017 0.00000 ( 1)
 120 L   0.99641 0.00119 0.00233 0.00007 ( 1)
 121 H   0.99656 0.00010 0.00333 0.00001 ( 1)
 122 L   0.99165 0.00027 0.00807 0.00002 ( 1)
 123 L   0.99249 0.00028 0.00721 0.00002 ( 1)
 124 L   0.99729 0.00006 0.00265 0.00000 ( 1)
 125 L   0.99761 0.00009 0.00230 0.00001 ( 1)
 126 R   0.99959 0.00000 0.00041 0.00000 ( 1)
 127 D   0.99984 0.00000 0.00015 0.00000 ( 1)
 128 A   0.99810 0.00002 0.00187 0.00000 ( 1)
 129 S   0.99903 0.00002 0.00095 0.00000 ( 1)
 130 L   0.96737 0.00139 0.03116 0.00008 ( 1)
 131 F   0.99967 0.00001 0.00032 0.00000 ( 1)
 132 G   0.99689 0.00001 0.00310 0.00000 ( 1)
 133 S   0.68139 0.29657 0.00476 0.01728 ( 1)
 134 E   0.91470 0.00058 0.08469 0.00003 ( 1)
 135 F   0.73224 0.17841 0.07895 0.01040 ( 1)
 136 G   0.99962 0.00000 0.00038 0.00000 ( 1)
 137 L   0.99014 0.00110 0.00870 0.00006 ( 1)
 138 T   0.98678 0.00067 0.01252 0.00004 ( 1)
 139 S   0.00064 0.21615 0.77061 0.01260 ( 3)
 140 Q   0.02301 0.92256 0.00067 0.05376 ( 2)
 141 E   0.99766 0.00001 0.00233 0.00000 ( 1)
 142 I   0.99967 0.00000 0.00033 0.00000 ( 1)
 143 Q   0.99177 0.00581 0.00208 0.00034 ( 1)
 144 R   0.99484 0.00449 0.00041 0.00026 ( 1)
 145 Y   0.99763 0.00050 0.00185 0.00003 ( 1)
 146 Y   0.99924 0.00001 0.00075 0.00000 ( 1)
 147 E   0.89668 0.06847 0.03086 0.00399 ( 1)
 148 R   0.99832 0.00004 0.00165 0.00000 ( 1)
 149 Q   0.99839 0.00002 0.00159 0.00000 ( 1)
 150 V   0.58705 0.07817 0.33022 0.00455 ( 1)
 151 E   0.46096 0.38336 0.13334 0.02234 ( 1)
 152 R   0.23061 0.72109 0.00628 0.04202 ( 2)
 153 T   0.65786 0.00687 0.33487 0.00040 ( 1)
 154 R   0.00000 0.86358 0.08609 0.05032 ( 2)
 155 D   0.84773 0.12004 0.02523 0.00699 ( 1)
 156 Y   0.99924 0.00001 0.00076 0.00000 ( 1)
 157 S   0.91368 0.02620 0.05860 0.00153 ( 1)
 158 D   0.97844 0.00007 0.02148 0.00000 ( 1)
 159 Y   0.81196 0.01961 0.16729 0.00114 ( 1)
 160 C   0.99852 0.00004 0.00144 0.00000 ( 1)
 161 V   0.00616 0.11537 0.87174 0.00672 ( 3)
 162 E   0.96133 0.03439 0.00227 0.00200 ( 1)
 163 W   0.50825 0.05524 0.43329 0.00322 ( 1)
 164 Y   0.93978 0.00088 0.05929 0.00005 ( 1)
 165 N   0.81175 0.04318 0.14255 0.00252 ( 1)
 166 T   0.99929 0.00002 0.00069 0.00000 ( 1)
 167 G   0.99877 0.00001 0.00123 0.00000 ( 1)
 168 L   0.99688 0.00007 0.00305 0.00000 ( 1)
 169 N   0.99482 0.00469 0.00021 0.00027 ( 1)
 170 S   0.02221 0.26854 0.69360 0.01565 ( 3)
 171 L   0.93739 0.00207 0.06042 0.00012 ( 1)
 172 R   0.95864 0.00083 0.04048 0.00005 ( 1)
 173 G   0.99310 0.00005 0.00684 0.00000 ( 1)
 174 T   0.99634 0.00004 0.00361 0.00000 ( 1)
 175 N   0.99790 0.00063 0.00143 0.00004 ( 1)
 176 A   0.96933 0.00016 0.03050 0.00001 ( 1)
 177 A   0.28332 0.27251 0.42829 0.01588 ( 3)
 178 S   0.93997 0.00564 0.05406 0.00033 ( 1)
 179 W   0.98600 0.00157 0.01234 0.00009 ( 1)
 180 V   0.99536 0.00387 0.00055 0.00023 ( 1)
 181 R   0.08498 0.80616 0.06188 0.04697 ( 2)
 182 Y   0.99926 0.00000 0.00074 0.00000 ( 1)
 183 N   0.99976 0.00001 0.00023 0.00000 ( 1)
 184 Q   0.99841 0.00002 0.00157 0.00000 ( 1)
 185 F   0.99790 0.00007 0.00203 0.00000 ( 1)
 186 R   0.99855 0.00004 0.00141 0.00000 ( 1)
 187 R   0.99691 0.00001 0.00308 0.00000 ( 1)
 188 D   0.99907 0.00007 0.00085 0.00000 ( 1)
 189 L   0.99625 0.00031 0.00342 0.00002 ( 1)
 190 T   0.96417 0.00023 0.03558 0.00001 ( 1)
 191 L   0.99221 0.00527 0.00221 0.00031 ( 1)
 192 G   0.99713 0.00233 0.00040 0.00014 ( 1)
 193 V   0.99974 0.00000 0.00026 0.00000 ( 1)
 194 L   0.99720 0.00006 0.00274 0.00000 ( 1)
 195 D   0.99985 0.00000 0.00015 0.00000 ( 1)
 196 L   0.99763 0.00008 0.00228 0.00000 ( 1)
 197 V   0.97122 0.00037 0.02840 0.00002 ( 1)
 198 A   0.96649 0.00010 0.03340 0.00001 ( 1)
 199 L   0.97664 0.00053 0.02280 0.00003 ( 1)
 200 F   0.99658 0.00003 0.00339 0.00000 ( 1)
 201 P   0.99218 0.00003 0.00779 0.00000 ( 1)
 202 S   0.99107 0.00211 0.00670 0.00012 ( 1)


lnL = -4543.870150

Bayes Empirical Bayes (BEB) probabilities for 4 classes (class)
(amino acids refer to 1st sequence: BT_Cry1Ba1)

   1 P   0.99944 0.00017 0.00039 0.00000 ( 1)
   2 F   0.99997 0.00000 0.00003 0.00000 ( 1)
   3 A   0.99902 0.00067 0.00031 0.00000 ( 1)
   4 G   0.99048 0.00872 0.00073 0.00007 ( 1)
   5 Q   0.99950 0.00030 0.00020 0.00000 ( 1)
   6 L   0.98564 0.01338 0.00089 0.00008 ( 1)
   7 A   0.99996 0.00001 0.00003 0.00000 ( 1)
   8 S   0.99924 0.00005 0.00071 0.00000 ( 1)
   9 F   0.98588 0.00017 0.01395 0.00000 ( 1)
  10 Y   0.99994 0.00000 0.00006 0.00000 ( 1)
  11 S   0.99998 0.00000 0.00002 0.00000 ( 1)
  12 F   0.99998 0.00000 0.00002 0.00000 ( 1)
  13 L   0.99727 0.00144 0.00128 0.00002 ( 1)
  14 V   0.99155 0.00583 0.00256 0.00006 ( 1)
  15 G   0.99978 0.00002 0.00019 0.00000 ( 1)
  16 E   0.99931 0.00022 0.00047 0.00000 ( 1)
  17 L   0.99988 0.00002 0.00010 0.00000 ( 1)
  18 W   0.99553 0.00108 0.00337 0.00002 ( 1)
  19 P   0.99974 0.00002 0.00024 0.00000 ( 1)
  20 R   0.78120 0.21766 0.00009 0.00105 ( 1)
  21 G   0.99589 0.00276 0.00132 0.00003 ( 1)
  22 R   0.99908 0.00086 0.00006 0.00000 ( 1)
  23 -   0.95118 0.01193 0.03640 0.00050 ( 1)
  24 D   0.99874 0.00034 0.00092 0.00000 ( 1)
  25 Q   0.93730 0.06207 0.00021 0.00041 ( 1)
  26 W   0.99553 0.00108 0.00337 0.00002 ( 1)
  27 E   0.99999 0.00000 0.00001 0.00000 ( 1)
  28 I   0.98453 0.01414 0.00117 0.00017 ( 1)
  29 F   0.99996 0.00002 0.00002 0.00000 ( 1)
  30 L   0.99988 0.00010 0.00002 0.00000 ( 1)
  31 E   0.99989 0.00009 0.00002 0.00000 ( 1)
  32 H   0.99985 0.00012 0.00002 0.00000 ( 1)
  33 V   0.99998 0.00001 0.00002 0.00000 ( 1)
  34 E   0.99999 0.00000 0.00001 0.00000 ( 1)
  35 Q   0.99288 0.00364 0.00343 0.00005 ( 1)
  36 L   0.99366 0.00018 0.00615 0.00000 ( 1)
  37 I   0.99587 0.00378 0.00033 0.00002 ( 1)
  38 N   0.01768 0.90721 0.04782 0.02729 ( 2)
  39 Q   0.99826 0.00009 0.00165 0.00000 ( 1)
  40 Q   0.99998 0.00001 0.00001 0.00000 ( 1)
  41 I   0.99999 0.00000 0.00000 0.00000 ( 1)
  42 T   0.94701 0.00045 0.05253 0.00001 ( 1)
  43 E   0.92174 0.06505 0.01267 0.00055 ( 1)
  44 N   0.99717 0.00151 0.00130 0.00002 ( 1)
  45 A   0.99995 0.00004 0.00001 0.00000 ( 1)
  46 R   0.99997 0.00000 0.00002 0.00000 ( 1)
  47 N   0.99972 0.00013 0.00015 0.00000 ( 1)
  48 T   0.98411 0.00685 0.00899 0.00006 ( 1)
  49 A   0.99999 0.00000 0.00001 0.00000 ( 1)
  50 L   0.99985 0.00007 0.00008 0.00000 ( 1)
  51 A   0.26850 0.00485 0.72652 0.00012 ( 3)
  52 R   0.97839 0.01696 0.00452 0.00013 ( 1)
  53 L   0.99955 0.00005 0.00040 0.00000 ( 1)
  54 Q   0.99269 0.00605 0.00122 0.00004 ( 1)
  55 G   0.99997 0.00000 0.00003 0.00000 ( 1)
  56 L   0.99969 0.00004 0.00027 0.00000 ( 1)
  57 G   0.99998 0.00000 0.00002 0.00000 ( 1)
  58 D   0.99990 0.00010 0.00001 0.00000 ( 1)
  59 S   0.99843 0.00150 0.00006 0.00001 ( 1)
  60 F   0.99615 0.00275 0.00107 0.00003 ( 1)
  61 R   0.62578 0.37207 0.00025 0.00191 ( 1)
  62 A   0.99682 0.00066 0.00251 0.00001 ( 1)
  63 Y   0.99730 0.00006 0.00264 0.00000 ( 1)
  64 Q   0.99968 0.00010 0.00022 0.00000 ( 1)
  65 Q   0.99646 0.00240 0.00112 0.00001 ( 1)
  66 S   0.99850 0.00007 0.00143 0.00000 ( 1)
  67 L   0.99993 0.00000 0.00007 0.00000 ( 1)
  68 E   0.99998 0.00001 0.00001 0.00000 ( 1)
  69 D   0.99701 0.00259 0.00039 0.00001 ( 1)
  70 W   0.99553 0.00108 0.00337 0.00002 ( 1)
  71 L   0.86886 0.08858 0.04152 0.00104 ( 1)
  72 E   0.02699 0.03352 0.93814 0.00136 ( 3)
  73 N   0.99999 0.00000 0.00001 0.00000 ( 1)
  74 R   0.99738 0.00096 0.00165 0.00001 ( 1)
  75 D   0.99998 0.00000 0.00002 0.00000 ( 1)
  76 D   0.99701 0.00010 0.00289 0.00000 ( 1)
  77 A   0.99509 0.00166 0.00324 0.00001 ( 1)
  78 R   0.99993 0.00000 0.00007 0.00000 ( 1)
  79 T   0.97846 0.01340 0.00799 0.00015 ( 1)
  80 R   0.99925 0.00001 0.00073 0.00000 ( 1)
  81 S   0.99998 0.00000 0.00002 0.00000 ( 1)
  82 V   0.99997 0.00000 0.00003 0.00000 ( 1)
  83 L   0.99868 0.00028 0.00104 0.00000 ( 1)
  84 Y   0.08720 0.90385 0.00054 0.00840 ( 2)
  85 T   0.07019 0.18753 0.73312 0.00916 ( 3)
  86 Q   0.99983 0.00001 0.00016 0.00000 ( 1)
  87 Y   0.99986 0.00004 0.00010 0.00000 ( 1)
  88 I   0.99761 0.00179 0.00058 0.00002 ( 1)
  89 A   0.97988 0.00260 0.01749 0.00004 ( 1)
  90 L   0.99939 0.00006 0.00055 0.00000 ( 1)
  91 E   0.99998 0.00001 0.00001 0.00000 ( 1)
  92 L   0.99890 0.00003 0.00107 0.00000 ( 1)
  93 D   0.88464 0.00293 0.11240 0.00003 ( 1)
  94 F   0.99790 0.00003 0.00207 0.00000 ( 1)
  95 L   0.99994 0.00002 0.00004 0.00000 ( 1)
  96 N   0.14099 0.84468 0.00254 0.01178 ( 2)
  97 A   0.00357 0.62899 0.34020 0.02725 ( 2)
  98 M   0.99492 0.00072 0.00435 0.00001 ( 1)
  99 P   0.99986 0.00002 0.00012 0.00000 ( 1)
 100 L   0.99942 0.00044 0.00014 0.00000 ( 1)
 101 F   0.99998 0.00000 0.00002 0.00000 ( 1)
 102 A   0.99999 0.00000 0.00001 0.00000 ( 1)
 103 I   0.99808 0.00069 0.00123 0.00001 ( 1)
 104 R   0.94890 0.05076 0.00008 0.00026 ( 1)
 105 N   0.99505 0.00485 0.00008 0.00003 ( 1)
 106 Q   0.97742 0.00249 0.02006 0.00003 ( 1)
 107 E   0.99993 0.00002 0.00005 0.00000 ( 1)
 108 V   0.99996 0.00000 0.00003 0.00000 ( 1)
 109 P   0.99877 0.00004 0.00119 0.00000 ( 1)
 110 L   0.99962 0.00004 0.00034 0.00000 ( 1)
 111 L   0.99963 0.00004 0.00032 0.00000 ( 1)
 112 M   0.82914 0.16888 0.00080 0.00117 ( 1)
 113 V   0.99988 0.00001 0.00011 0.00000 ( 1)
 114 Y   0.99992 0.00001 0.00007 0.00000 ( 1)
 115 A   0.89615 0.00057 0.10326 0.00002 ( 1)
 116 Q   0.99982 0.00002 0.00016 0.00000 ( 1)
 117 A   0.99997 0.00000 0.00003 0.00000 ( 1)
 118 A   0.99994 0.00003 0.00003 0.00000 ( 1)
 119 N   0.99999 0.00000 0.00001 0.00000 ( 1)
 120 L   0.99897 0.00072 0.00031 0.00001 ( 1)
 121 H   0.99945 0.00008 0.00047 0.00000 ( 1)
 122 L   0.99799 0.00020 0.00181 0.00000 ( 1)
 123 L   0.99824 0.00021 0.00155 0.00000 ( 1)
 124 L   0.99959 0.00004 0.00037 0.00000 ( 1)
 125 L   0.99963 0.00007 0.00030 0.00000 ( 1)
 126 R   0.99998 0.00000 0.00002 0.00000 ( 1)
 127 D   0.99999 0.00000 0.00001 0.00000 ( 1)
 128 A   0.99976 0.00002 0.00022 0.00000 ( 1)
 129 S   0.99991 0.00001 0.00007 0.00000 ( 1)
 130 L   0.99635 0.00064 0.00301 0.00001 ( 1)
 131 F   0.99998 0.00001 0.00002 0.00000 ( 1)
 132 G   0.99979 0.00001 0.00020 0.00000 ( 1)
 133 S   0.90820 0.09086 0.00048 0.00046 ( 1)
 134 E   0.98695 0.00034 0.01271 0.00000 ( 1)
 135 F   0.89021 0.07658 0.03130 0.00190 ( 1)
 136 G   0.99998 0.00000 0.00002 0.00000 ( 1)
 137 L   0.99797 0.00063 0.00139 0.00001 ( 1)
 138 T   0.99810 0.00036 0.00153 0.00000 ( 1)
 139 S   0.00188 0.08892 0.90075 0.00845 ( 3)
 140 Q   0.12161 0.86795 0.00057 0.00988 ( 2)
 141 E   0.99983 0.00000 0.00016 0.00000 ( 1)
 142 I   0.99998 0.00000 0.00002 0.00000 ( 1)
 143 Q   0.99692 0.00281 0.00025 0.00002 ( 1)
 144 R   0.99781 0.00216 0.00002 0.00001 ( 1)
 145 Y   0.99960 0.00027 0.00013 0.00000 ( 1)
 146 Y   0.99994 0.00001 0.00006 0.00000 ( 1)
 147 E   0.97033 0.02418 0.00522 0.00027 ( 1)
 148 R   0.99981 0.00003 0.00016 0.00000 ( 1)
 149 Q   0.99982 0.00002 0.00016 0.00000 ( 1)
 150 V   0.80730 0.03968 0.15172 0.00130 ( 1)
 151 E   0.81864 0.15244 0.02688 0.00204 ( 1)
 152 R   0.54274 0.44754 0.00289 0.00683 ( 1)
 153 T   0.92640 0.00395 0.06958 0.00007 ( 1)
 154 R   0.00000 0.40013 0.49073 0.10914 ( 3)
 155 D   0.95961 0.03755 0.00255 0.00030 ( 1)
 156 Y   0.99994 0.00001 0.00006 0.00000 ( 1)
 157 S   0.97112 0.01259 0.01604 0.00025 ( 1)
 158 D   0.99656 0.00005 0.00339 0.00000 ( 1)
 159 Y   0.96736 0.00793 0.02462 0.00009 ( 1)
 160 C   0.99983 0.00003 0.00015 0.00000 ( 1)
 161 V   0.01351 0.04861 0.93339 0.00448 ( 3)
 162 E   0.98784 0.01195 0.00015 0.00006 ( 1)
 163 W   0.73062 0.03316 0.23503 0.00119 ( 1)
 164 Y   0.99217 0.00049 0.00733 0.00001 ( 1)
 165 N   0.96852 0.01502 0.01628 0.00017 ( 1)
 166 T   0.99993 0.00002 0.00005 0.00000 ( 1)
 167 G   0.99986 0.00001 0.00014 0.00000 ( 1)
 168 L   0.99950 0.00005 0.00044 0.00000 ( 1)
 169 N   0.99823 0.00175 0.00001 0.00000 ( 1)
 170 S   0.06213 0.14553 0.78386 0.00848 ( 3)
 171 L   0.98220 0.00127 0.01651 0.00003 ( 1)
 172 R   0.99101 0.00045 0.00853 0.00001 ( 1)
 173 G   0.99933 0.00003 0.00063 0.00000 ( 1)
 174 T   0.99973 0.00003 0.00024 0.00000 ( 1)
 175 N   0.99963 0.00030 0.00007 0.00000 ( 1)
 176 A   0.99397 0.00011 0.00592 0.00000 ( 1)
 177 A   0.71424 0.15467 0.12830 0.00279 ( 1)
 178 S   0.99146 0.00214 0.00638 0.00002 ( 1)
 179 W   0.99553 0.00108 0.00337 0.00002 ( 1)
 180 V   0.99801 0.00194 0.00004 0.00001 ( 1)
 181 R   0.27581 0.64367 0.06176 0.01875 ( 2)
 182 Y   0.99994 0.00000 0.00006 0.00000 ( 1)
 183 N   0.99998 0.00001 0.00001 0.00000 ( 1)
 184 Q   0.99983 0.00001 0.00016 0.00000 ( 1)
 185 F   0.99971 0.00005 0.00023 0.00000 ( 1)
 186 R   0.99984 0.00003 0.00013 0.00000 ( 1)
 187 R   0.99979 0.00000 0.00020 0.00000 ( 1)
 188 D   0.99988 0.00005 0.00007 0.00000 ( 1)
 189 L   0.99963 0.00016 0.00021 0.00000 ( 1)
 190 T   0.99671 0.00013 0.00315 0.00000 ( 1)
 191 L   0.99711 0.00259 0.00028 0.00002 ( 1)
 192 G   0.99898 0.00100 0.00002 0.00000 ( 1)
 193 V   0.99998 0.00000 0.00001 0.00000 ( 1)
 194 L   0.99958 0.00005 0.00037 0.00000 ( 1)
 195 D   0.99999 0.00000 0.00001 0.00000 ( 1)
 196 L   0.99964 0.00006 0.00029 0.00000 ( 1)
 197 V   0.99437 0.00024 0.00539 0.00000 ( 1)
 198 A   0.99676 0.00006 0.00318 0.00000 ( 1)
 199 L   0.99591 0.00033 0.00376 0.00000 ( 1)
 200 F   0.99947 0.00002 0.00051 0.00000 ( 1)
 201 P   0.99927 0.00002 0.00071 0.00000 ( 1)
 202 S   0.99745 0.00122 0.00131 0.00001 ( 1)

