Supplemental results for CODEML (seqf: algn  treef: tree)


dN/dS (w) for site classes (K=4)

site class             0        1       2a       2b
proportion       0.00000  0.00000  0.40951  0.59049
background w     0.08251  0.43173  0.08251  0.43173
foreground w     0.08251  0.43173  0.00000  0.00000

Naive Empirical Bayes (NEB) probabilities for 4 classes
(amino acids refer to 1st sequence: BT_Cry18Aa1)

   1 N   0.00000 0.00000 0.47809 0.52191 ( 4)
   2 Q   0.00000 0.00000 0.56776 0.43224 ( 3)
   3 N   0.00000 0.00000 0.67458 0.32542 ( 3)
   4 G   0.00000 0.00000 0.66450 0.33550 ( 3)
   5 T   0.00000 0.00000 0.60027 0.39973 ( 3)
   6 M   0.00000 0.00000 0.59125 0.40875 ( 3)
   7 I   0.00000 0.00000 0.94426 0.05574 ( 3)
   8 H   0.00000 0.00000 0.99341 0.00659 ( 3)
   9 Q   0.00000 0.00000 0.06997 0.93003 ( 4)
  10 A   0.00000 0.00000 0.48328 0.51672 ( 4)
  11 P   0.00000 0.00000 0.96065 0.03935 ( 3)
  12 P   0.00000 0.00000 0.00007 0.99993 ( 4)
  13 D   0.00000 0.00000 0.68980 0.31020 ( 3)
  14 G   0.00000 0.00000 0.37049 0.62951 ( 4)
  15 T   0.00000 0.00000 0.96687 0.03313 ( 3)
  16 G   0.00000 0.00000 0.09682 0.90318 ( 4)
  17 F   0.00000 0.00000 0.97911 0.02089 ( 3)
  18 T   0.00000 0.00000 0.99835 0.00165 ( 3)
  19 V   0.00000 0.00000 0.10057 0.89943 ( 4)
  20 S   0.00000 0.00000 0.02051 0.97949 ( 4)
  21 P   0.00000 0.00000 0.99203 0.00797 ( 3)
  22 L   0.00000 0.00000 0.81995 0.18005 ( 3)
  23 H   0.00000 0.00000 0.94624 0.05376 ( 3)
  24 P   0.00000 0.00000 0.04292 0.95708 ( 4)
  25 S   0.00000 0.00000 0.03742 0.96258 ( 4)
  26 A   0.00000 0.00000 0.00001 0.99999 ( 4)
  27 -   0.00000 0.00000 0.00023 0.99977 ( 4)
  28 -   0.00000 0.00000 0.31598 0.68402 ( 4)
  29 N   0.00000 0.00000 0.97894 0.02106 ( 3)
  30 T   0.00000 0.00000 0.00011 0.99989 ( 4)
  31 I   0.00000 0.00000 0.00012 0.99988 ( 4)
  32 T   0.00000 0.00000 0.00489 0.99511 ( 4)
  33 S   0.00000 0.00000 0.00004 0.99996 ( 4)
  34 Y   0.00000 0.00000 0.99545 0.00455 ( 3)
  35 I   0.00000 0.00000 0.99998 0.00002 ( 3)
  36 K   0.00000 0.00000 0.00082 0.99918 ( 4)
  37 E   0.00000 0.00000 0.98335 0.01665 ( 3)
  38 N   0.00000 0.00000 0.98327 0.01673 ( 3)
  39 Y   0.00000 0.00000 0.85247 0.14753 ( 3)
  40 G   0.00000 0.00000 0.98879 0.01121 ( 3)
  41 N   0.00000 0.00000 0.99998 0.00002 ( 3)
  42 S   0.00000 0.00000 0.99478 0.00522 ( 3)
  43 G   0.00000 0.00000 0.99942 0.00058 ( 3)
  44 D   0.00000 0.00000 0.99999 0.00001 ( 3)
  45 S   0.00000 0.00000 0.98998 0.01002 ( 3)
  46 L   0.00000 0.00000 0.98116 0.01884 ( 3)
  47 H   0.00000 0.00000 0.96088 0.03912 ( 3)
  48 L   0.00000 0.00000 0.99069 0.00931 ( 3)
  49 K   0.00000 0.00000 0.00447 0.99553 ( 4)
  50 G   0.00000 0.00000 0.00005 0.99995 ( 4)
  51 -   0.00000 0.00000 0.00000 1.00000 ( 4)
  52 Q   0.00000 0.00000 0.00000 1.00000 ( 4)
  53 G   0.00000 0.00000 0.00557 0.99443 ( 4)
  54 Y   0.00000 0.00000 0.00304 0.99696 ( 4)
  55 L   0.00000 0.00000 0.00000 1.00000 ( 4)
  56 -   0.00000 0.00000 0.40951 0.59049 ( 4)
  57 -   0.00000 0.00000 0.91285 0.08715 ( 3)
  58 -   0.00000 0.00000 0.08921 0.91079 ( 4)
  59 -   0.00000 0.00000 0.92975 0.07025 ( 3)
  60 -   0.00000 0.00000 0.03340 0.96660 ( 4)
  61 -   0.00000 0.00000 0.78640 0.21360 ( 3)
  62 -   0.00000 0.00000 0.02936 0.97064 ( 4)
  63 -   0.00000 0.00000 0.88584 0.11416 ( 3)
  64 H   0.00000 0.00000 0.01421 0.98579 ( 4)
  65 Y   0.00000 0.00000 0.05675 0.94325 ( 4)
  66 M   0.00000 0.00000 0.12786 0.87214 ( 4)
  67 L   0.00000 0.00000 0.68560 0.31440 ( 3)
  68 S   0.00000 0.00000 0.30574 0.69426 ( 4)
  69 G   0.00000 0.00000 0.94764 0.05236 ( 3)
  70 N   0.00000 0.00000 0.04868 0.95132 ( 4)
  71 G   0.00000 0.00000 0.09384 0.90616 ( 4)
  72 Q   0.00000 0.00000 0.00008 0.99992 ( 4)
  73 D   0.00000 0.00000 0.25115 0.74885 ( 4)
  74 R   0.00000 0.00000 0.00676 0.99324 ( 4)
  75 Y   0.00000 0.00000 0.99992 0.00008 ( 3)
  76 R   0.00000 0.00000 0.71408 0.28592 ( 3)
  77 L   0.00000 0.00000 0.88114 0.11886 ( 3)
  78 V   0.00000 0.00000 0.94260 0.05740 ( 3)
  79 L   0.00000 0.00000 0.89662 0.10338 ( 3)
  80 R   0.00000 0.00000 0.99999 0.00001 ( 3)
  81 L   0.00000 0.00000 0.98528 0.01472 ( 3)
  82 S   0.00000 0.00000 0.99999 0.00001 ( 3)
  83 G   0.00000 0.00000 0.98047 0.01953 ( 3)
  84 A   0.00000 0.00000 0.00025 0.99975 ( 4)
  85 A   0.00000 0.00000 0.00484 0.99516 ( 4)
  86 N   0.00000 0.00000 0.00005 0.99995 ( 4)
  87 Q   0.00000 0.00000 0.00047 0.99953 ( 4)
  88 I   0.00000 0.00000 0.02753 0.97247 ( 4)
  89 K   0.00000 0.00000 0.00085 0.99915 ( 4)
  90 L   0.00000 0.00000 0.00037 0.99963 ( 4)
  91 Q   0.00000 0.00000 0.00011 0.99989 ( 4)
  92 S   0.00000 0.00000 0.00247 0.99753 ( 4)
  93 P   0.00000 0.00000 0.02935 0.97065 ( 4)
  94 T   0.00000 0.00000 0.00000 1.00000 ( 4)
  95 T   0.00000 0.00000 0.05102 0.94898 ( 4)
  96 S   0.00000 0.00000 0.00001 0.99999 ( 4)
  97 I   0.00000 0.00000 0.00000 1.00000 ( 4)
  98 Y   0.00000 0.00000 0.00720 0.99280 ( 4)
  99 A   0.00000 0.00000 0.00003 0.99997 ( 4)
 100 -   0.00000 0.00000 0.00000 1.00000 ( 4)
 101 -   0.00000 0.00000 0.00000 1.00000 ( 4)
 102 -   0.00000 0.00000 0.00033 0.99967 ( 4)
 103 -   0.00000 0.00000 0.01843 0.98157 ( 4)
 104 -   0.00000 0.00000 0.00103 0.99897 ( 4)
 105 -   0.00000 0.00000 0.00719 0.99281 ( 4)
 106 -   0.00000 0.00000 0.00000 1.00000 ( 4)
 107 -   0.00000 0.00000 0.08012 0.91988 ( 4)
 108 -   0.00000 0.00000 0.40951 0.59049 ( 4)
 109 -   0.00000 0.00000 0.40951 0.59049 ( 4)
 110 -   0.00000 0.00000 0.40951 0.59049 ( 4)
 111 -   0.00000 0.00000 0.40951 0.59049 ( 4)
 112 -   0.00000 0.00000 0.40951 0.59049 ( 4)
 113 F   0.00000 0.00000 0.05664 0.94336 ( 4)
 114 D   0.00000 0.00000 0.00026 0.99974 ( 4)
 115 T   0.00000 0.00000 0.31075 0.68925 ( 4)
 116 S   0.00000 0.00000 0.00016 0.99984 ( 4)
 117 T   0.00000 0.00000 0.00647 0.99353 ( 4)
 118 N   0.00000 0.00000 0.40407 0.59593 ( 4)
 119 N   0.00000 0.00000 0.00646 0.99354 ( 4)
 120 E   0.00000 0.00000 0.11693 0.88307 ( 4)
 121 G   0.00000 0.00000 0.99999 0.00001 ( 3)
 122 I   0.00000 0.00000 0.88383 0.11617 ( 3)
 123 T   0.00000 0.00000 0.23952 0.76048 ( 4)
 124 D   0.00000 0.00000 0.99914 0.00086 ( 3)
 125 N   0.00000 0.00000 0.96708 0.03292 ( 3)
 126 G   0.00000 0.00000 0.99657 0.00343 ( 3)
 127 S   0.00000 0.00000 0.68717 0.31283 ( 3)
 128 K   0.00000 0.00000 0.19436 0.80564 ( 4)
 129 F   0.00000 0.00000 0.99911 0.00089 ( 3)
 130 K   0.00000 0.00000 0.00056 0.99944 ( 4)
 131 D   0.00000 0.00000 0.16502 0.83498 ( 4)
 132 -   0.00000 0.00000 0.40951 0.59049 ( 4)
 133 -   0.00000 0.00000 0.08126 0.91874 ( 4)
 134 -   0.00000 0.00000 0.36870 0.63130 ( 4)
 135 -   0.00000 0.00000 0.02563 0.97437 ( 4)
 136 -   0.00000 0.00000 0.67987 0.32013 ( 3)
 137 -   0.00000 0.00000 0.48201 0.51799 ( 4)
 138 -   0.00000 0.00000 0.90460 0.09540 ( 3)
 139 -   0.00000 0.00000 0.57913 0.42087 ( 3)
 140 -   0.00000 0.00000 0.13631 0.86369 ( 4)
 141 -   0.00000 0.00000 0.72184 0.27816 ( 3)
 142 -   0.00000 0.00000 0.88483 0.11517 ( 3)
 143 -   0.00000 0.00000 0.03070 0.96930 ( 4)
 144 -   0.00000 0.00000 0.83162 0.16838 ( 3)
 145 -   0.00000 0.00000 0.93112 0.06888 ( 3)
 146 -   0.00000 0.00000 0.75611 0.24389 ( 3)
 147 -   0.00000 0.00000 0.99558 0.00442 ( 3)
 148 -   0.00000 0.00000 0.70284 0.29716 ( 3)
 149 -   0.00000 0.00000 0.11876 0.88124 ( 4)
 150 -   0.00000 0.00000 0.08887 0.91113 ( 4)
 151 F   0.00000 0.00000 0.00525 0.99475 ( 4)
 152 A   0.00000 0.00000 0.00001 0.99999 ( 4)
 153 F   0.00000 0.00000 0.00514 0.99486 ( 4)
 154 S   0.00000 0.00000 0.00241 0.99759 ( 4)
 155 T   0.00000 0.00000 0.70416 0.29584 ( 3)
 156 P   0.00000 0.00000 0.64562 0.35438 ( 3)
 157 F   0.00000 0.00000 0.93778 0.06222 ( 3)
 158 V   0.00000 0.00000 0.05232 0.94768 ( 4)
 159 I   0.00000 0.00000 0.02558 0.97442 ( 4)
 160 P   0.00000 0.00000 0.00457 0.99543 ( 4)
 161 E   0.00000 0.00000 0.00272 0.99728 ( 4)
 162 Q   0.00000 0.00000 0.00009 0.99991 ( 4)
 163 K   0.00000 0.00000 0.00530 0.99470 ( 4)
 164 E   0.00000 0.00000 0.00165 0.99835 ( 4)
 165 I   0.00000 0.00000 0.00280 0.99720 ( 4)
 166 V   0.00000 0.00000 0.19645 0.80355 ( 4)
 167 L   0.00000 0.00000 0.92511 0.07489 ( 3)
 168 Y   0.00000 0.00000 0.00126 0.99874 ( 4)
 169 F   0.00000 0.00000 0.16709 0.83291 ( 4)
 170 E   0.00000 0.00000 0.00000 1.00000 ( 4)
 171 G   0.00000 0.00000 0.01193 0.98807 ( 4)
 172 V   0.00000 0.00000 0.00000 1.00000 ( 4)
 173 -   0.00000 0.00000 0.02596 0.97404 ( 4)
 174 -   0.00000 0.00000 0.00000 1.00000 ( 4)
 175 -   0.00000 0.00000 0.00000 1.00000 ( 4)
 176 -   0.00000 0.00000 0.00009 0.99991 ( 4)
 177 -   0.00000 0.00000 0.00038 0.99962 ( 4)
 178 G   0.00000 0.00000 0.00014 0.99986 ( 4)
 179 S   0.00000 0.00000 0.00008 0.99992 ( 4)
 180 L   0.00000 0.00000 0.98770 0.01230 ( 3)
 181 D   0.00000 0.00000 0.99697 0.00303 ( 3)
 182 L   0.00000 0.00000 0.99970 0.00030 ( 3)
 183 M   0.00000 0.00000 0.99997 0.00003 ( 3)
 184 N   0.00000 0.00000 0.99997 0.00003 ( 3)
 185 L   0.00000 0.00000 0.84536 0.15464 ( 3)
 186 I   0.00000 0.00000 0.99918 0.00082 ( 3)
 187 F   0.00000 0.00000 0.99836 0.00164 ( 3)
 188 L   0.00000 0.00000 0.80029 0.19971 ( 3)
 189 -   0.00000 0.00000 0.86629 0.13371 ( 3)


lnL = -7483.067746

