Supplemental results for CODEML (seqf: algn  treef: tree)


dN/dS (w) for site classes (K=4)

site class             0        1       2a       2b
proportion       0.37342  0.46755  0.07061  0.08841
background w     0.07500  0.85810  0.07500  0.85810
foreground w     0.07500  0.85810  8.00671  8.00671

Naive Empirical Bayes (NEB) probabilities for 4 classes
(amino acids refer to 1st sequence: BT_Cry7Ba1)

   1 -   0.68044 0.29854 0.01277 0.00824 ( 1)
   2 -   0.65357 0.31892 0.01627 0.01124 ( 1)
   3 T   0.04807 0.85232 0.00772 0.09190 ( 2)
   4 V   0.09432 0.84214 0.00671 0.05683 ( 2)
   5 E   0.92565 0.04187 0.03077 0.00171 ( 1)
   6 L   0.82359 0.12806 0.04099 0.00736 ( 1)
   7 T   0.93407 0.04124 0.02324 0.00145 ( 1)
   8 R   0.95466 0.02910 0.01558 0.00067 ( 1)
   9 T   0.08313 0.88600 0.00214 0.02873 ( 2)
  10 I   0.96628 0.01607 0.01718 0.00046 ( 1)
  11 Y   0.58624 0.35978 0.03164 0.02233 ( 1)
  12 T   0.07109 0.89563 0.00177 0.03152 ( 2)
  13 D   0.97522 0.00953 0.01499 0.00025 ( 1)
  14 P   0.91193 0.06402 0.02206 0.00198 ( 1)
  15 L   0.64615 0.33019 0.01351 0.01016 ( 1)
  16 G   0.96753 0.01955 0.01254 0.00037 ( 1)
  17 Y   0.06374 0.91731 0.00090 0.01805 ( 2)
  18 T   0.03079 0.42386 0.22468 0.32066 ( 2)
  19 G   0.85982 0.11682 0.01985 0.00352 ( 1)
  20 Y   0.26218 0.71253 0.00466 0.02063 ( 2)
  21 S   0.01276 0.95578 0.00023 0.03123 ( 2)
  22 N   0.25949 0.70384 0.00844 0.02823 ( 2)
  23 D   0.00407 0.53873 0.03365 0.42355 ( 2)
  24 E   0.73881 0.23905 0.01484 0.00731 ( 1)
  25 H   0.81256 0.16660 0.01592 0.00492 ( 1)
  26 P   0.86808 0.11703 0.01254 0.00235 ( 1)
  27 T   0.01267 0.96141 0.00019 0.02572 ( 2)
  28 Y   0.08693 0.84757 0.00549 0.06000 ( 2)
  29 Y   0.95660 0.02396 0.01873 0.00071 ( 1)
  30 -   0.11976 0.83841 0.00444 0.03738 ( 2)
  31 S   0.70564 0.27492 0.01216 0.00728 ( 1)
  32 S   0.59634 0.37643 0.01453 0.01270 ( 1)
  33 A   0.07913 0.90318 0.00089 0.01679 ( 2)
  34 K   0.00030 0.43999 0.03472 0.52500 ( 4)
  35 P   0.00000 0.13223 0.00447 0.86331 ( 4)
  36 F   0.89289 0.05546 0.04823 0.00342 ( 1)
  37 S   0.00019 0.37372 0.00389 0.62221 ( 4)
  38 S   0.05353 0.32591 0.20482 0.41573 ( 4)
  39 I   0.95069 0.02858 0.01986 0.00088 ( 1)
  40 E   0.92807 0.05304 0.01743 0.00146 ( 1)
  41 S   0.89876 0.08230 0.01626 0.00268 ( 1)
  42 R   0.05430 0.89536 0.00200 0.04834 ( 2)
  43 A   0.86330 0.11193 0.02101 0.00376 ( 1)
  44 V   0.11362 0.84752 0.00350 0.03536 ( 2)
  45 L   0.41861 0.55408 0.01013 0.01719 ( 2)
  46 A   0.01108 0.75230 0.02828 0.20834 ( 2)
  47 P   0.75031 0.23039 0.01345 0.00585 ( 1)
  48 S   0.00353 0.87176 0.00039 0.12432 ( 2)
  49 L   0.88323 0.08575 0.02764 0.00338 ( 1)
  50 F   0.78058 0.16683 0.04111 0.01148 ( 1)
  51 K   0.44923 0.52232 0.01154 0.01692 ( 2)
  52 W   0.71660 0.22240 0.04526 0.01574 ( 1)
  53 I   0.28684 0.67741 0.00898 0.02677 ( 2)
  54 T   0.96036 0.02017 0.01884 0.00063 ( 1)
  55 Q   0.01809 0.82385 0.02378 0.13428 ( 2)
  56 L   0.15636 0.80546 0.00436 0.03381 ( 2)
  57 E   0.00054 0.80073 0.00113 0.19760 ( 2)
  58 V   0.93014 0.03545 0.03262 0.00180 ( 1)
  59 Y   0.00128 0.79001 0.00254 0.20617 ( 2)
  60 T   0.00066 0.77134 0.00097 0.22703 ( 2)
  61 K   0.00104 0.83827 0.00164 0.15905 ( 2)
  62 K   0.00000 0.11858 0.00005 0.88138 ( 4)
  63 Y   0.00513 0.96992 0.00009 0.02487 ( 2)
  64 S   0.00000 0.91195 0.00000 0.08804 ( 2)
  65 Y   0.01427 0.91687 0.00092 0.06794 ( 2)
  66 S   0.00297 0.96543 0.00005 0.03154 ( 2)
  67 S   0.14400 0.83143 0.00222 0.02236 ( 2)
  68 Q   0.00001 0.76376 0.00004 0.23619 ( 2)
  69 Y   0.05395 0.49161 0.22270 0.23175 ( 2)
  70 T   0.61314 0.22783 0.11594 0.04308 ( 1)
  71 T   0.41706 0.54303 0.01411 0.02580 ( 2)
  72 L   0.00208 0.96974 0.00004 0.02814 ( 2)
  73 W   0.07174 0.25602 0.49869 0.17355 ( 3)
  74 T   0.27160 0.11277 0.58447 0.03116 ( 3)
  75 G   0.91850 0.05853 0.02120 0.00176 ( 1)
  76 L   0.12273 0.81275 0.00766 0.05686 ( 2)
  77 R   0.04184 0.94027 0.00047 0.01742 ( 2)
  78 V   0.88552 0.09187 0.01979 0.00282 ( 1)
  79 I   0.00094 0.43572 0.09814 0.46521 ( 4)
  80 A   0.27030 0.70244 0.00531 0.02195 ( 2)
  81 Q   0.02645 0.92602 0.00082 0.04672 ( 2)
  82 P   0.01603 0.95530 0.00031 0.02836 ( 2)
  83 T   0.96036 0.02017 0.01884 0.00063 ( 1)
  84 K   0.00071 0.27145 0.16798 0.55986 ( 4)
  85 D   0.01310 0.91610 0.00082 0.06999 ( 2)
  86 F   0.00007 0.72925 0.00021 0.27046 ( 2)
  87 T   0.00000 0.34370 0.00010 0.65619 ( 4)
  88 D   0.05439 0.59123 0.16460 0.18978 ( 2)
  89 T   0.00091 0.58376 0.00394 0.41139 ( 2)
  90 V   0.00741 0.95858 0.00018 0.03383 ( 2)
  91 Y   0.77286 0.21080 0.01147 0.00488 ( 1)
  92 D   0.22443 0.27501 0.43445 0.06611 ( 3)
  93 Y   0.44036 0.53525 0.00863 0.01576 ( 2)
  94 G   0.91850 0.05853 0.02120 0.00176 ( 1)
  95 S   0.00466 0.16654 0.61466 0.21414 ( 3)
  96 S   0.26209 0.09406 0.61754 0.02631 ( 3)
  97 S   0.82793 0.13157 0.03387 0.00663 ( 1)
  98 G   0.37823 0.10643 0.49671 0.01863 ( 3)
  99 S   0.25647 0.09433 0.62268 0.02653 ( 3)
 100 E   0.00025 0.81233 0.00047 0.18695 ( 2)
 101 N   0.00009 0.67655 0.00041 0.32295 ( 2)
 102 K   0.00028 0.22497 0.08934 0.68541 ( 4)
 103 D   0.00004 0.08106 0.19641 0.72249 ( 4)
 104 V   0.18628 0.78533 0.00366 0.02473 ( 2)
 105 F   0.97034 0.01492 0.01440 0.00034 ( 1)
 106 D   0.43269 0.52493 0.01735 0.02502 ( 2)
 107 L   0.86865 0.09066 0.03605 0.00464 ( 1)
 108 Y   0.01674 0.96408 0.00024 0.01894 ( 2)
 109 G   0.00316 0.78116 0.00701 0.20867 ( 2)
 110 N   0.63627 0.34058 0.01278 0.01037 ( 1)
 111 D   0.97522 0.00953 0.01499 0.00025 ( 1)
 112 V   0.63193 0.33650 0.01792 0.01365 ( 1)
 113 Y   0.95660 0.02396 0.01873 0.00071 ( 1)
 114 D   0.05241 0.88540 0.00310 0.05909 ( 2)
 115 T   0.00038 0.46751 0.04235 0.48976 ( 4)
 116 Q   0.00958 0.79230 0.01847 0.17965 ( 2)
 117 S   0.17701 0.79674 0.00343 0.02282 ( 2)
 118 V   0.00121 0.84001 0.00056 0.15822 ( 2)
 119 V   0.00702 0.96708 0.00012 0.02577 ( 2)
 120 S   0.00731 0.94839 0.00018 0.04412 ( 2)
 121 S   0.04125 0.90646 0.00183 0.05046 ( 2)
 122 Y   0.01061 0.86088 0.01126 0.11724 ( 2)
 123 K   0.01072 0.95982 0.00022 0.02924 ( 2)
 124 P   0.01167 0.82931 0.00221 0.15682 ( 2)
 125 T   0.10209 0.88041 0.00115 0.01635 ( 2)
 126 G   0.01771 0.95655 0.00031 0.02543 ( 2)
 127 G   0.01179 0.95797 0.00023 0.03001 ( 2)
 128 G   0.00143 0.93247 0.00009 0.06602 ( 2)
 129 H   0.61068 0.36654 0.01196 0.01082 ( 1)
 130 F   0.09485 0.79421 0.00711 0.10383 ( 2)
 131 G   0.22500 0.73105 0.00833 0.03562 ( 2)
 132 V   0.10215 0.87175 0.00184 0.02426 ( 2)
 133 P   0.95655 0.02905 0.01381 0.00058 ( 1)
 134 Q   0.00000 0.30875 0.00102 0.69023 ( 4)
 135 F   0.07350 0.49334 0.25181 0.18134 ( 2)
 136 R   0.00496 0.71250 0.00179 0.28075 ( 2)
 137 L   0.88323 0.08575 0.02764 0.00338 ( 1)
 138 F   0.10876 0.86367 0.00213 0.02544 ( 2)
 139 W   0.00086 0.93693 0.00008 0.06212 ( 2)
 140 I   0.96369 0.01863 0.01714 0.00054 ( 1)
 141 T   0.73438 0.24441 0.01328 0.00794 ( 1)
 142 K   0.00069 0.89786 0.00007 0.10138 ( 2)
 143 S   0.00548 0.90533 0.00035 0.08884 ( 2)
 144 N   0.97218 0.00993 0.01757 0.00032 ( 1)
 145 G   0.00000 0.89986 0.00000 0.10014 ( 2)
 146 L   0.83698 0.12397 0.03286 0.00619 ( 1)
 147 R   0.00070 0.97259 0.00001 0.02670 ( 2)
 148 E   0.68660 0.28976 0.01449 0.00915 ( 1)
 149 Q   0.05778 0.88407 0.00266 0.05549 ( 2)
 150 I   0.00099 0.90575 0.00010 0.09317 ( 2)
 151 F   0.96388 0.01879 0.01678 0.00054 ( 1)
 152 N   0.24283 0.73252 0.00452 0.02013 ( 2)
 153 Y   0.12390 0.46504 0.28851 0.12254 ( 2)
 154 A   0.00001 0.09664 0.00768 0.89567 ( 4)
 155 N   0.00791 0.94624 0.00030 0.04555 ( 2)
 156 N   0.87807 0.10272 0.01587 0.00333 ( 1)
 157 M   0.11554 0.85575 0.00241 0.02629 ( 2)
 158 G   0.07348 0.89688 0.00178 0.02785 ( 2)
 159 -   0.90568 0.05137 0.03997 0.00298 ( 1)
 160 S   0.19266 0.79048 0.00217 0.01468 ( 2)
 161 Y   0.00422 0.96029 0.00012 0.03537 ( 2)
 162 S   0.00008 0.18318 0.10260 0.71413 ( 4)
 163 A   0.00081 0.84094 0.00130 0.15696 ( 2)
 164 Y   0.00077 0.60645 0.00219 0.39059 ( 2)
 165 R   0.02459 0.65506 0.08853 0.23182 ( 2)
 166 F   0.72881 0.24956 0.01427 0.00736 ( 1)
 167 S   0.07259 0.90123 0.00135 0.02483 ( 2)
 168 K   0.24930 0.73426 0.00281 0.01363 ( 2)
 169 D   0.12352 0.55292 0.21145 0.11210 ( 2)
 170 E   0.07505 0.55616 0.20197 0.16681 ( 2)
 171 L   0.88323 0.08575 0.02764 0.00338 ( 1)
 172 P   0.80358 0.12856 0.05765 0.01021 ( 1)
 173 I   0.95069 0.02858 0.01986 0.00088 ( 1)
 174 E   0.28650 0.10555 0.58433 0.02362 ( 3)
 175 L   0.00254 0.04652 0.75635 0.19459 ( 3)
 176 L   0.02247 0.85757 0.01212 0.10784 ( 2)
 177 Q   0.00861 0.95852 0.00016 0.03270 ( 2)
 178 P   0.00000 0.82821 0.00000 0.17179 ( 2)
 179 P   0.95655 0.02905 0.01381 0.00058 ( 1)
 180 L   0.59471 0.38362 0.01058 0.01109 ( 1)
 181 F   0.61646 0.36081 0.01207 0.01065 ( 1)
 182 G   0.91850 0.05853 0.02120 0.00176 ( 1)
 183 D   0.97522 0.00953 0.01499 0.00025 ( 1)
 184 I   0.39399 0.58137 0.00667 0.01797 ( 2)
 185 E   0.87276 0.09595 0.02756 0.00373 ( 1)
 186 E   0.95512 0.02624 0.01792 0.00072 ( 1)
 187 Y   0.89445 0.08550 0.01753 0.00252 ( 1)
 188 S   0.87789 0.10563 0.01351 0.00297 ( 1)
 189 H   0.97567 0.01345 0.01065 0.00022 ( 1)
 190 R   0.84146 0.12322 0.02997 0.00534 ( 1)
 191 L   0.88323 0.08575 0.02764 0.00338 ( 1)
 192 S   0.97973 0.00905 0.01105 0.00017 ( 1)
 193 H   0.05882 0.65290 0.12416 0.16413 ( 2)
 194 V   0.37768 0.09424 0.51197 0.01612 ( 3)
 195 S   0.85560 0.10399 0.03474 0.00568 ( 1)
 196 E   0.90526 0.06975 0.02242 0.00257 ( 1)
 197 V   0.76015 0.21995 0.01354 0.00637 ( 1)
 198 I   0.00364 0.12697 0.64168 0.22770 ( 3)
 199 K   0.00579 0.02234 0.93603 0.03584 ( 3)
 200 D   0.00185 0.67628 0.01992 0.30196 ( 2)
 201 Y   0.01184 0.74381 0.02825 0.21609 ( 2)
 202 G   0.84759 0.12662 0.02149 0.00430 ( 1)
 203 E   0.00411 0.97764 0.00005 0.01820 ( 2)
 204 -   0.37342 0.46755 0.07061 0.08841 ( 2)
 205 -   0.37342 0.46755 0.07061 0.08841 ( 2)
 206 -   0.37342 0.46755 0.07061 0.08841 ( 2)
 207 -   0.37342 0.46755 0.07061 0.08841 ( 2)
 208 -   0.37342 0.46755 0.07061 0.08841 ( 2)
 209 -   0.37342 0.46755 0.07061 0.08841 ( 2)
 210 -   0.37342 0.46755 0.07061 0.08841 ( 2)
 211 -   0.37342 0.46755 0.07061 0.08841 ( 2)
 212 G   0.91850 0.05853 0.02120 0.00176 ( 1)
 213 I   0.07936 0.64114 0.14273 0.13676 ( 2)
 214 I   0.96628 0.01607 0.01718 0.00046 ( 1)
 215 P   0.92888 0.04719 0.02247 0.00146 ( 1)
 216 V   0.85834 0.09381 0.04217 0.00568 ( 1)
 217 L   0.88323 0.08575 0.02764 0.00338 ( 1)
 218 G   0.93474 0.04091 0.02301 0.00134 ( 1)
 219 W   0.02137 0.91267 0.00135 0.06461 ( 2)
 220 T   0.93606 0.03828 0.02426 0.00140 ( 1)
 221 H   0.97567 0.01345 0.01065 0.00022 ( 1)
 222 V   0.00471 0.03146 0.90695 0.05688 ( 3)
 223 S   0.89353 0.07861 0.02418 0.00368 ( 1)


lnL = -2866.117413

