Supplemental results for CODEML (seqf: algn  treef: tree)


dN/dS (w) for site classes (K=4)

site class             0        1       2a       2b
proportion       0.69275  0.25517  0.03806  0.01402
background w     0.18119  1.00000  0.18119  1.00000
foreground w     0.18119  1.00000 28.42398 28.42398

Naive Empirical Bayes (NEB) probabilities for 4 classes
(amino acids refer to 1st sequence: BT_Cry1Be1)

   1 S   0.88441 0.06351 0.04859 0.00349 ( 1)
   2 D   0.96583 0.03093 0.00311 0.00012 ( 1)
   3 S   0.01255 0.97096 0.00060 0.01589 ( 2)
   4 I   0.97336 0.02063 0.00585 0.00015 ( 1)
   5 T   0.02657 0.01036 0.93412 0.02895 ( 3)
   6 Q   0.96859 0.02613 0.00512 0.00015 ( 1)
   7 I   0.97067 0.02349 0.00568 0.00017 ( 1)
   8 P   0.96624 0.02200 0.01147 0.00029 ( 1)
   9 L   0.92619 0.04270 0.02961 0.00150 ( 1)
  10 V   0.87792 0.11674 0.00461 0.00072 ( 1)
  11 K   0.98168 0.01450 0.00375 0.00007 ( 1)
  12 S   0.39799 0.27034 0.27719 0.05448 ( 1)
  13 F   0.94078 0.04968 0.00904 0.00051 ( 1)
  14 N   0.63665 0.34990 0.00538 0.00807 ( 1)
  15 L   0.95126 0.04560 0.00297 0.00016 ( 1)
  16 N   0.17524 0.81678 0.00101 0.00697 ( 2)
  17 S   0.96089 0.03269 0.00619 0.00023 ( 1)
  18 G   0.90967 0.08665 0.00331 0.00037 ( 1)
  19 T   0.76642 0.22021 0.01026 0.00312 ( 1)
  20 S   0.61476 0.38111 0.00241 0.00172 ( 1)
  21 V   0.97443 0.02033 0.00512 0.00013 ( 1)
  22 V   0.95142 0.03527 0.01280 0.00050 ( 1)
  23 S   0.60520 0.39041 0.00242 0.00197 ( 1)
  24 G   0.96009 0.03163 0.00798 0.00029 ( 1)
  25 P   0.97606 0.01966 0.00418 0.00009 ( 1)
  26 G   0.85026 0.14517 0.00383 0.00075 ( 1)
  27 F   0.98399 0.01256 0.00340 0.00005 ( 1)
  28 T   0.96904 0.02513 0.00565 0.00017 ( 1)
  29 G   0.97568 0.01982 0.00439 0.00010 ( 1)
  30 G   0.88339 0.09774 0.01693 0.00194 ( 1)
  31 D   0.93693 0.05981 0.00302 0.00023 ( 1)
  32 I   0.93195 0.05647 0.01087 0.00070 ( 1)
  33 I   0.74608 0.24225 0.00868 0.00300 ( 1)
  34 R   0.70504 0.28293 0.00845 0.00357 ( 1)
  35 T   0.86585 0.12858 0.00472 0.00086 ( 1)
  36 N   0.67070 0.32252 0.00447 0.00232 ( 1)
  37 V   0.43257 0.56199 0.00212 0.00332 ( 2)
  38 N   0.67282 0.32314 0.00253 0.00151 ( 1)
  39 G   0.97965 0.01672 0.00356 0.00007 ( 1)
  40 S   0.21099 0.77606 0.00258 0.01038 ( 2)
  41 V   0.87036 0.12429 0.00458 0.00077 ( 1)
  42 L   0.28554 0.70791 0.00177 0.00478 ( 2)
  43 S   0.54253 0.45342 0.00200 0.00205 ( 1)
  44 M   0.95562 0.04248 0.00181 0.00009 ( 1)
  45 G   0.48583 0.50855 0.00245 0.00318 ( 2)
  46 L   0.89099 0.10584 0.00279 0.00038 ( 1)
  47 N   0.98225 0.01399 0.00369 0.00006 ( 1)
  48 F   0.92153 0.07497 0.00319 0.00031 ( 1)
  49 N   0.82100 0.17145 0.00651 0.00105 ( 1)
  50 N   0.44950 0.53068 0.00852 0.01130 ( 2)
  51 T   0.86020 0.13383 0.00504 0.00093 ( 1)
  52 S   0.33160 0.26339 0.35193 0.05308 ( 3)
  53 L   0.64830 0.34604 0.00356 0.00210 ( 1)
  54 Q   0.92687 0.05317 0.01884 0.00111 ( 1)
  55 R   0.88182 0.08929 0.02619 0.00270 ( 1)
  56 Y   0.97938 0.01691 0.00364 0.00007 ( 1)
  57 R   0.88909 0.10143 0.00844 0.00104 ( 1)
  58 V   0.78416 0.19879 0.01349 0.00356 ( 1)
  59 R   0.96771 0.02838 0.00377 0.00013 ( 1)
  60 V   0.75275 0.24215 0.00367 0.00143 ( 1)
  61 R   0.60457 0.39194 0.00203 0.00147 ( 1)
  62 Y   0.97938 0.01691 0.00364 0.00007 ( 1)
  63 A   0.97786 0.01760 0.00444 0.00010 ( 1)
  64 A   0.89085 0.10452 0.00406 0.00057 ( 1)
  65 S   0.89654 0.09950 0.00351 0.00045 ( 1)
  66 Q   0.46703 0.52744 0.00248 0.00305 ( 2)
  67 T   0.29805 0.69536 0.00175 0.00484 ( 2)
  68 M   0.08674 0.91110 0.00016 0.00199 ( 2)
  69 V   0.07342 0.91262 0.00099 0.01297 ( 2)
  70 L   0.15662 0.83925 0.00092 0.00320 ( 2)
  71 R   0.09899 0.77208 0.05012 0.07881 ( 2)
  72 V   0.58619 0.40816 0.00311 0.00254 ( 1)
  73 T   0.48657 0.50212 0.00322 0.00809 ( 2)
  74 V   0.93655 0.05847 0.00462 0.00035 ( 1)
  75 G   0.44596 0.54919 0.00202 0.00283 ( 2)
  76 G   0.94776 0.03341 0.01817 0.00066 ( 1)
  77 S   0.75630 0.23985 0.00277 0.00108 ( 1)
  78 T   0.93544 0.05906 0.00510 0.00039 ( 1)
  79 T   0.94131 0.05321 0.00513 0.00035 ( 1)
  80 F   0.00590 0.06640 0.64595 0.28175 ( 3)
  81 D   0.20396 0.69281 0.05946 0.04377 ( 2)
  82 Q   0.48241 0.51207 0.00256 0.00296 ( 2)
  83 G   0.32144 0.67363 0.00145 0.00347 ( 2)
  84 F   0.96939 0.02108 0.00931 0.00021 ( 1)
  85 P   0.79445 0.20226 0.00255 0.00074 ( 1)
  86 S   0.69652 0.29956 0.00257 0.00136 ( 1)
  87 T   0.97416 0.02041 0.00529 0.00014 ( 1)
  88 M   0.99118 0.00693 0.00187 0.00002 ( 1)
  89 S   0.96091 0.03541 0.00352 0.00016 ( 1)
  90 A   0.70924 0.28547 0.00359 0.00170 ( 1)
  91 N   0.27532 0.72028 0.00104 0.00336 ( 2)
  92 E   0.30254 0.66582 0.01545 0.01620 ( 2)
  93 S   0.03332 0.82970 0.01406 0.12292 ( 2)
  94 L   0.94093 0.04564 0.01277 0.00065 ( 1)
  95 T   0.24413 0.74922 0.00143 0.00522 ( 2)
  96 S   0.88562 0.11040 0.00348 0.00050 ( 1)
  97 Q   0.11502 0.87929 0.00061 0.00508 ( 2)
  98 S   0.37207 0.62111 0.00240 0.00442 ( 2)
  99 F   0.98399 0.01256 0.00340 0.00005 ( 1)
 100 R   0.98048 0.01563 0.00382 0.00007 ( 1)
 101 F   0.74373 0.23634 0.01478 0.00516 ( 1)
 102 A   0.68630 0.30841 0.00346 0.00183 ( 1)
 103 E   0.81032 0.18604 0.00287 0.00077 ( 1)
 104 F   0.98399 0.01256 0.00340 0.00005 ( 1)
 105 P   0.87977 0.11698 0.00282 0.00043 ( 1)
 106 V   0.82648 0.16810 0.00437 0.00105 ( 1)
 107 G   0.46052 0.53499 0.00187 0.00261 ( 2)
 108 I   0.91240 0.08180 0.00522 0.00058 ( 1)
 109 S   0.87995 0.11632 0.00321 0.00052 ( 1)
 110 A   0.05390 0.92902 0.00097 0.01612 ( 2)
 111 S   0.86048 0.13555 0.00336 0.00061 ( 1)
 112 G   0.63869 0.34711 0.00905 0.00515 ( 1)
 113 S   0.12709 0.86851 0.00047 0.00393 ( 2)
 114 Q   0.96859 0.02613 0.00512 0.00015 ( 1)
 115 -   0.84820 0.09972 0.04660 0.00548 ( 1)
 116 T   0.01407 0.01260 0.94700 0.02632 ( 3)
 117 A   0.62892 0.35394 0.01031 0.00683 ( 1)
 118 G   0.00471 0.03968 0.63105 0.32456 ( 3)
 119 I   0.97067 0.02349 0.00568 0.00017 ( 1)
 120 S   0.94440 0.05190 0.00346 0.00023 ( 1)
 121 I   0.80999 0.16177 0.02272 0.00552 ( 1)
 122 S   0.50596 0.48996 0.00186 0.00222 ( 1)
 123 N   0.97244 0.02379 0.00365 0.00011 ( 1)
 124 N   0.49424 0.50154 0.00187 0.00235 ( 2)
 125 A   0.09860 0.48094 0.24384 0.17662 ( 2)
 126 G   0.12709 0.86868 0.00047 0.00376 ( 2)
 127 R   0.89509 0.10093 0.00351 0.00047 ( 1)
 128 Q   0.52346 0.47105 0.00277 0.00272 ( 1)
 129 T   0.02002 0.82737 0.01753 0.13508 ( 2)
 130 F   0.91776 0.07874 0.00318 0.00032 ( 1)
 131 H   0.84538 0.14080 0.01178 0.00205 ( 1)
 132 F   0.62260 0.37146 0.00357 0.00237 ( 1)
 133 D   0.93867 0.05808 0.00302 0.00023 ( 1)
 134 K   0.90142 0.09417 0.00384 0.00057 ( 1)
 135 I   0.97411 0.02021 0.00554 0.00014 ( 1)
 136 E   0.98338 0.01311 0.00346 0.00005 ( 1)
 137 F   0.98274 0.01355 0.00365 0.00006 ( 1)
 138 I   0.22239 0.11620 0.60419 0.05722 ( 3)
 139 -   0.71565 0.23227 0.03932 0.01276 ( 1)


lnL = -1691.217410

Bayes Empirical Bayes (BEB) probabilities for 4 classes (class)
(amino acids refer to 1st sequence: BT_Cry1Be1)

   1 S   0.85102 0.06585 0.07725 0.00588 ( 1)
   2 D   0.94379 0.03166 0.02361 0.00094 ( 1)
   3 S   0.02250 0.92849 0.00177 0.04723 ( 2)
   4 I   0.95258 0.02103 0.02571 0.00069 ( 1)
   5 T   0.05293 0.02281 0.89478 0.02947 ( 3)
   6 Q   0.93043 0.02703 0.04126 0.00129 ( 1)
   7 I   0.94807 0.02393 0.02718 0.00081 ( 1)
   8 P   0.92646 0.02252 0.04973 0.00129 ( 1)
   9 L   0.89503 0.04458 0.05736 0.00304 ( 1)
  10 V   0.84246 0.12734 0.02572 0.00447 ( 1)
  11 K   0.95846 0.01481 0.02626 0.00048 ( 1)
  12 S   0.32739 0.25746 0.33988 0.07527 ( 3)
  13 F   0.89694 0.05139 0.04876 0.00292 ( 1)
  14 N   0.57461 0.37252 0.02875 0.02412 ( 1)
  15 L   0.92115 0.04760 0.02954 0.00172 ( 1)
  16 N   0.18219 0.78450 0.00526 0.02805 ( 2)
  17 S   0.92488 0.03376 0.03979 0.00157 ( 1)
  18 G   0.87650 0.09520 0.02515 0.00315 ( 1)
  19 T   0.71006 0.23485 0.04106 0.01403 ( 1)
  20 S   0.55805 0.40875 0.01827 0.01493 ( 1)
  21 V   0.94955 0.02077 0.02894 0.00073 ( 1)
  22 V   0.90903 0.03580 0.05300 0.00217 ( 1)
  23 S   0.55230 0.41721 0.01620 0.01429 ( 1)
  24 G   0.92783 0.03266 0.03804 0.00147 ( 1)
  25 P   0.94350 0.02026 0.03540 0.00084 ( 1)
  26 G   0.80658 0.15898 0.02824 0.00620 ( 1)
  27 F   0.95973 0.01284 0.02700 0.00042 ( 1)
  28 T   0.94477 0.02572 0.02861 0.00091 ( 1)
  29 G   0.94590 0.02027 0.03303 0.00079 ( 1)
  30 G   0.83588 0.10098 0.05623 0.00690 ( 1)
  31 D   0.90973 0.06556 0.02277 0.00194 ( 1)
  32 I   0.89038 0.05783 0.04849 0.00330 ( 1)
  33 I   0.68902 0.25852 0.03773 0.01472 ( 1)
  34 R   0.64612 0.29813 0.03781 0.01795 ( 1)
  35 T   0.82910 0.14366 0.02260 0.00464 ( 1)
  36 N   0.61632 0.33717 0.02949 0.01702 ( 1)
  37 V   0.38970 0.58079 0.01084 0.01867 ( 2)
  38 N   0.61921 0.35579 0.01484 0.01017 ( 1)
  39 G   0.95493 0.01713 0.02737 0.00057 ( 1)
  40 S   0.20942 0.74281 0.01020 0.03757 ( 2)
  41 V   0.83168 0.13806 0.02542 0.00485 ( 1)
  42 L   0.27014 0.68378 0.01262 0.03346 ( 2)
  43 S   0.48420 0.49010 0.01171 0.01399 ( 2)
  44 M   0.92429 0.04692 0.02723 0.00156 ( 1)
  45 G   0.44488 0.52547 0.01241 0.01724 ( 2)
  46 L   0.85120 0.11723 0.02735 0.00422 ( 1)
  47 N   0.96233 0.01439 0.02287 0.00041 ( 1)
  48 F   0.88926 0.08298 0.02506 0.00270 ( 1)
  49 N   0.76976 0.19589 0.02800 0.00635 ( 1)
  50 N   0.40887 0.54336 0.01934 0.02843 ( 2)
  51 T   0.82164 0.14818 0.02498 0.00521 ( 1)
  52 S   0.26534 0.25028 0.41321 0.07117 ( 3)
  53 L   0.58316 0.37557 0.02440 0.01688 ( 1)
  54 Q   0.88032 0.05490 0.06093 0.00385 ( 1)
  55 R   0.83664 0.09218 0.06411 0.00707 ( 1)
  56 Y   0.94908 0.01739 0.03286 0.00067 ( 1)
  57 R   0.84600 0.10562 0.04274 0.00564 ( 1)
  58 V   0.72749 0.21122 0.04731 0.01398 ( 1)
  59 R   0.94245 0.02943 0.02714 0.00098 ( 1)
  60 V   0.70025 0.27184 0.01919 0.00873 ( 1)
  61 R   0.54464 0.41814 0.02030 0.01693 ( 1)
  62 Y   0.94908 0.01739 0.03286 0.00067 ( 1)
  63 A   0.95542 0.01799 0.02601 0.00058 ( 1)
  64 A   0.85675 0.11614 0.02339 0.00372 ( 1)
  65 S   0.85830 0.10981 0.02787 0.00401 ( 1)
  66 Q   0.42009 0.53550 0.01894 0.02548 ( 2)
  67 T   0.28155 0.68555 0.00877 0.02413 ( 2)
  68 M   0.10654 0.86136 0.00327 0.02884 ( 2)
  69 V   0.08995 0.85253 0.00549 0.05203 ( 2)
  70 L   0.16667 0.79903 0.00595 0.02836 ( 2)
  71 R   0.09611 0.66104 0.09713 0.14572 ( 2)
  72 V   0.53269 0.43554 0.01646 0.01531 ( 1)
  73 T   0.44395 0.51751 0.01330 0.02524 ( 2)
  74 V   0.90857 0.06434 0.02500 0.00209 ( 1)
  75 G   0.40389 0.55988 0.01436 0.02187 ( 2)
  76 G   0.90285 0.03415 0.06066 0.00234 ( 1)
  77 S   0.70437 0.27103 0.01686 0.00774 ( 1)
  78 T   0.90803 0.06512 0.02474 0.00211 ( 1)
  79 T   0.91459 0.05860 0.02491 0.00190 ( 1)
  80 F   0.01229 0.15082 0.55036 0.28654 ( 3)
  81 D   0.17364 0.60158 0.12624 0.09854 ( 2)
  82 Q   0.43226 0.52337 0.01948 0.02489 ( 2)
  83 G   0.29806 0.66525 0.01068 0.02600 ( 2)
  84 F   0.92699 0.02143 0.05037 0.00122 ( 1)
  85 P   0.74684 0.21998 0.02500 0.00819 ( 1)
  86 S   0.63991 0.33513 0.01539 0.00958 ( 1)
  87 T   0.95259 0.02084 0.02588 0.00068 ( 1)
  88 M   0.96427 0.00711 0.02838 0.00024 ( 1)
  89 S   0.93763 0.03890 0.02236 0.00111 ( 1)
  90 A   0.64877 0.31993 0.02006 0.01124 ( 1)
  91 N   0.26489 0.70832 0.00649 0.02029 ( 2)
  92 E   0.28068 0.64319 0.02915 0.04699 ( 2)
  93 S   0.04256 0.74002 0.02967 0.18774 ( 2)
  94 L   0.89496 0.04695 0.05512 0.00297 ( 1)
  95 T   0.23884 0.72803 0.00747 0.02566 ( 2)
  96 S   0.84535 0.12270 0.02747 0.00448 ( 1)
  97 Q   0.13028 0.82427 0.00602 0.03943 ( 2)
  98 S   0.34219 0.61413 0.01502 0.02866 ( 2)
  99 F   0.95973 0.01284 0.02700 0.00042 ( 1)
 100 R   0.95596 0.01599 0.02752 0.00053 ( 1)
 101 F   0.68273 0.26708 0.03526 0.01493 ( 1)
 102 A   0.62961 0.33903 0.01945 0.01191 ( 1)
 103 E   0.76647 0.20401 0.02264 0.00688 ( 1)
 104 F   0.95973 0.01284 0.02700 0.00042 ( 1)
 105 P   0.83834 0.12885 0.02802 0.00480 ( 1)
 106 V   0.77454 0.19487 0.02375 0.00683 ( 1)
 107 G   0.41985 0.54860 0.01267 0.01888 ( 2)
 108 I   0.88256 0.09081 0.02371 0.00292 ( 1)
 109 S   0.84801 0.12812 0.02021 0.00366 ( 1)
 110 A   0.07415 0.87045 0.00458 0.05082 ( 2)
 111 S   0.81894 0.14902 0.02659 0.00544 ( 1)
 112 G   0.57096 0.37067 0.03512 0.02324 ( 1)
 113 S   0.14310 0.82955 0.00354 0.02380 ( 2)
 114 Q   0.93043 0.02703 0.04126 0.00129 ( 1)
 115 -   0.81218 0.10470 0.07379 0.00933 ( 1)
 116 T   0.02081 0.02015 0.93146 0.02758 ( 3)
 117 A   0.57861 0.38959 0.01793 0.01386 ( 1)
 118 G   0.01395 0.13283 0.53099 0.32223 ( 3)
 119 I   0.94807 0.02393 0.02718 0.00081 ( 1)
 120 S   0.91906 0.05738 0.02192 0.00164 ( 1)
 121 I   0.76945 0.18998 0.03141 0.00916 ( 1)
 122 S   0.46254 0.51165 0.01118 0.01463 ( 2)
 123 N   0.95209 0.02457 0.02263 0.00071 ( 1)
 124 N   0.45193 0.52220 0.01092 0.01496 ( 2)
 125 A   0.10271 0.50584 0.21264 0.17881 ( 2)
 126 G   0.14203 0.82626 0.00424 0.02747 ( 2)
 127 R   0.85905 0.11238 0.02483 0.00374 ( 1)
 128 Q   0.46915 0.48663 0.02109 0.02313 ( 2)
 129 T   0.02783 0.71554 0.03858 0.21806 ( 2)
 130 F   0.88480 0.08742 0.02494 0.00284 ( 1)
 131 H   0.78804 0.15330 0.04893 0.00973 ( 1)
 132 F   0.56089 0.39705 0.02388 0.01818 ( 1)
 133 D   0.91163 0.06367 0.02282 0.00188 ( 1)
 134 K   0.86711 0.10320 0.02589 0.00380 ( 1)
 135 I   0.95322 0.02059 0.02553 0.00067 ( 1)
 136 E   0.95798 0.01342 0.02815 0.00045 ( 1)
 137 F   0.95837 0.01386 0.02730 0.00046 ( 1)
 138 I   0.23694 0.14834 0.55464 0.06008 ( 3)
 139 -   0.67755 0.23933 0.06176 0.02136 ( 1)

