Supplemental results for CODEML (seqf: algn  treef: tree)


dN/dS (w) for site classes (K=4)

site class             0        1       2a       2b
proportion       0.44109  0.30140  0.15298  0.10453
background w     0.08422  1.00000  0.08422  1.00000
foreground w     0.08422  1.00000  1.00000  1.00000

Naive Empirical Bayes (NEB) probabilities for 4 classes
(amino acids refer to 1st sequence: BT_Cry40Aa1)

   1 P   0.00098 0.53873 0.27344 0.18685 ( 2)
   2 T   0.20392 0.42929 0.21789 0.14889 ( 2)
   3 H   0.00618 0.53593 0.27202 0.18587 ( 2)
   4 V   0.18288 0.44064 0.22365 0.15282 ( 2)
   5 E   0.94155 0.03152 0.01600 0.01093 ( 1)
   6 L   0.92545 0.04020 0.02041 0.01394 ( 1)
   7 T   0.92778 0.03894 0.01977 0.01351 ( 1)
   8 R   0.93338 0.03593 0.01824 0.01246 ( 1)
   9 E   0.98932 0.00576 0.00292 0.00200 ( 1)
  10 I   0.52872 0.25414 0.12899 0.08814 ( 1)
  11 Y   0.99302 0.00377 0.00191 0.00131 ( 1)
  12 T   0.97728 0.01225 0.00622 0.00425 ( 1)
  13 D   0.99712 0.00155 0.00079 0.00054 ( 1)
  14 P   0.61495 0.20764 0.10539 0.07202 ( 1)
  15 V   0.83407 0.08948 0.04542 0.03103 ( 1)
  16 G   0.95926 0.02197 0.01115 0.00762 ( 1)
  17 Y   0.91501 0.04583 0.02326 0.01590 ( 1)
  18 S   0.04915 0.51275 0.26026 0.17784 ( 2)
  19 S   0.00151 0.53844 0.27330 0.18675 ( 2)
  20 G   0.14796 0.45947 0.23321 0.15936 ( 2)
  21 T   0.00140 0.53851 0.27333 0.18677 ( 2)
  22 Y   0.09917 0.48578 0.24657 0.16848 ( 2)
  23 -   0.45882 0.29184 0.14813 0.10122 ( 1)
  24 S   0.00574 0.53617 0.27214 0.18596 ( 2)
  25 W   0.86272 0.07403 0.03757 0.02568 ( 1)
  26 L   0.00234 0.53800 0.27307 0.18659 ( 2)
  27 K   0.00095 0.53875 0.27345 0.18685 ( 2)
  28 Y   0.00000 0.53926 0.27371 0.18703 ( 2)
  29 W   0.03722 0.51919 0.26352 0.18007 ( 2)
  30 T   0.00215 0.53810 0.27312 0.18663 ( 2)
  31 G   0.02325 0.52672 0.26735 0.18268 ( 2)
  32 A   0.00121 0.53861 0.27338 0.18680 ( 2)
  33 F   0.99514 0.00262 0.00133 0.00091 ( 1)
  34 N   0.99857 0.00077 0.00039 0.00027 ( 1)
  35 T   0.00032 0.53909 0.27362 0.18697 ( 2)
  36 L   0.41591 0.31498 0.15987 0.10924 ( 1)
  37 E   0.98909 0.00588 0.00299 0.00204 ( 1)
  38 A   0.99266 0.00396 0.00201 0.00137 ( 1)
  39 N   0.97657 0.01263 0.00641 0.00438 ( 1)
  40 G   0.96278 0.02007 0.01019 0.00696 ( 1)
  41 T   0.97728 0.01225 0.00622 0.00425 ( 1)
  42 R   0.71966 0.15117 0.07673 0.05243 ( 1)
  43 G   0.96278 0.02007 0.01019 0.00696 ( 1)
  44 P   0.98751 0.00673 0.00342 0.00234 ( 1)
  45 G   0.99347 0.00352 0.00179 0.00122 ( 1)
  46 L   0.92613 0.03983 0.02022 0.01382 ( 1)
  47 V   0.99475 0.00283 0.00144 0.00098 ( 1)
  48 T   0.99528 0.00255 0.00129 0.00088 ( 1)
  49 W   0.00514 0.53649 0.27230 0.18607 ( 2)
  50 L   0.98617 0.00746 0.00378 0.00259 ( 1)
  51 R   0.00000 0.53926 0.27371 0.18703 ( 2)
  52 -   0.44109 0.30140 0.15298 0.10453 ( 1)
  53 S   0.00000 0.53926 0.27371 0.18703 ( 2)
  54 I   0.81804 0.09812 0.04980 0.03403 ( 1)
  55 G   0.94218 0.03118 0.01583 0.01081 ( 1)
  56 I   0.98446 0.00838 0.00425 0.00291 ( 1)
  57 Y   0.89773 0.05515 0.02799 0.01913 ( 1)
  58 N   0.49604 0.27176 0.13794 0.09425 ( 1)
  59 E   0.05857 0.50767 0.25768 0.17607 ( 2)
  60 Y   0.00000 0.53926 0.27371 0.18703 ( 2)
  61 V   0.02034 0.52829 0.26814 0.18323 ( 2)
  62 -   0.00000 0.53926 0.27371 0.18703 ( 2)
  63 -   0.00000 0.53926 0.27371 0.18703 ( 2)
  64 -   0.64581 0.19100 0.09695 0.06624 ( 1)
  65 -   0.10825 0.48089 0.24408 0.16678 ( 2)
  66 -   0.56773 0.23311 0.11832 0.08085 ( 1)
  67 -   0.00800 0.53495 0.27152 0.18553 ( 2)
  68 -   0.16993 0.44762 0.22720 0.15525 ( 2)
  69 -   0.00133 0.53854 0.27335 0.18678 ( 2)
  70 S   0.00000 0.53926 0.27371 0.18703 ( 2)
  71 R   0.00000 0.53926 0.27371 0.18703 ( 2)
  72 Y   0.40823 0.31912 0.16197 0.11068 ( 1)
  73 F   0.84908 0.08139 0.04131 0.02823 ( 1)
  74 S   0.00003 0.53925 0.27370 0.18702 ( 2)
  75 G   0.71279 0.15488 0.07861 0.05372 ( 1)
  76 W   0.86272 0.07403 0.03757 0.02568 ( 1)
  77 V   0.06725 0.50300 0.25530 0.17445 ( 2)
  78 G   0.95716 0.02310 0.01173 0.00801 ( 1)
  79 T   0.93852 0.03315 0.01683 0.01150 ( 1)
  80 R   0.98469 0.00826 0.00419 0.00286 ( 1)
  81 H   0.99490 0.00275 0.00140 0.00095 ( 1)
  82 Y   0.91136 0.04780 0.02426 0.01658 ( 1)
  83 E   0.98932 0.00576 0.00292 0.00200 ( 1)
  84 D   0.00056 0.53896 0.27356 0.18692 ( 2)
  85 Y   0.34743 0.35190 0.17861 0.12205 ( 2)
  86 T   0.97728 0.01225 0.00622 0.00425 ( 1)
  87 T   0.00028 0.53911 0.27363 0.18698 ( 2)
  88 G   0.93095 0.03724 0.01890 0.01291 ( 1)
  89 N   0.03143 0.52231 0.26511 0.18115 ( 2)
  90 G   0.47632 0.28240 0.14334 0.09794 ( 1)
  91 N   0.00702 0.53547 0.27179 0.18572 ( 2)
  92 F   0.83096 0.09116 0.04627 0.03162 ( 1)
  93 Q   0.11493 0.47728 0.24225 0.16553 ( 2)
  94 R   0.98660 0.00723 0.00367 0.00251 ( 1)
  95 M   0.20408 0.42921 0.21785 0.14886 ( 2)
  96 S   0.99107 0.00482 0.00244 0.00167 ( 1)
  97 G   0.96278 0.02007 0.01019 0.00696 ( 1)
  98 T   0.99451 0.00296 0.00150 0.00103 ( 1)
  99 T   0.84142 0.08552 0.04340 0.02966 ( 1)
 100 S   0.99815 0.00100 0.00051 0.00035 ( 1)
 101 N   0.99857 0.00077 0.00039 0.00027 ( 1)
 102 D   0.97707 0.01236 0.00628 0.00429 ( 1)
 103 L   0.00052 0.53898 0.27357 0.18693 ( 2)
 104 R   0.00250 0.53791 0.27303 0.18656 ( 2)
 105 D   0.00004 0.53924 0.27370 0.18702 ( 2)
 106 I   0.01099 0.53333 0.27070 0.18497 ( 2)
 107 S   0.00005 0.53923 0.27370 0.18702 ( 2)
 108 F   0.97842 0.01164 0.00591 0.00404 ( 1)
 109 P   0.00000 0.53926 0.27371 0.18703 ( 2)
 110 N   0.00884 0.53449 0.27129 0.18538 ( 2)
 111 S   0.00003 0.53924 0.27370 0.18702 ( 2)
 112 D   0.02487 0.52585 0.26690 0.18238 ( 2)
 113 I   0.02528 0.52563 0.26679 0.18230 ( 2)
 114 F   0.93618 0.03441 0.01747 0.01194 ( 1)
 115 K   0.34558 0.35290 0.17912 0.12240 ( 2)
 116 I   0.99636 0.00196 0.00100 0.00068 ( 1)
 117 E   0.00000 0.53926 0.27371 0.18703 ( 2)
 118 S   0.90326 0.05217 0.02648 0.01809 ( 1)
 119 K   0.00017 0.53917 0.27366 0.18700 ( 2)
 120 A   0.92157 0.04229 0.02147 0.01467 ( 1)
 121 I   0.39347 0.32708 0.16601 0.11344 ( 1)
 122 M   0.00000 0.53926 0.27371 0.18703 ( 2)
 123 N   0.00000 0.53926 0.27371 0.18703 ( 2)
 124 L   0.00019 0.53916 0.27366 0.18699 ( 2)
 125 V   0.00000 0.53926 0.27371 0.18703 ( 2)
 126 G   0.00002 0.53925 0.27371 0.18703 ( 2)
 127 E   0.00030 0.53910 0.27363 0.18697 ( 2)
 128 I   0.00035 0.53907 0.27361 0.18696 ( 2)
 129 N   0.00001 0.53925 0.27371 0.18703 ( 2)
 130 A   0.00227 0.53804 0.27309 0.18660 ( 2)
 131 -   0.00008 0.53922 0.27369 0.18701 ( 2)
 132 -   0.44109 0.30140 0.15298 0.10453 ( 1)
 133 -   0.73610 0.14231 0.07223 0.04936 ( 1)
 134 -   0.66795 0.17906 0.09088 0.06210 ( 1)
 135 R   0.00047 0.53901 0.27358 0.18694 ( 2)
 136 P   0.00709 0.53544 0.27177 0.18570 ( 2)
 137 E   0.02332 0.52669 0.26733 0.18267 ( 2)
 138 Y   0.06263 0.50549 0.25657 0.17532 ( 2)
 139 R   0.31246 0.37076 0.18819 0.12859 ( 2)
 140 V   0.52730 0.25491 0.12938 0.08841 ( 1)
 141 S   0.89701 0.05554 0.02819 0.01926 ( 1)
 142 R   0.14231 0.46252 0.23476 0.16041 ( 2)
 143 A   0.74184 0.13922 0.07066 0.04828 ( 1)
 144 E   0.37802 0.33541 0.17024 0.11633 ( 1)
 145 F   0.99514 0.00262 0.00133 0.00091 ( 1)
 146 S   0.00003 0.53924 0.27370 0.18702 ( 2)
 147 E   0.00000 0.53926 0.27371 0.18703 ( 2)
 148 S   0.02067 0.52811 0.26805 0.18316 ( 2)
 149 T   0.00009 0.53921 0.27369 0.18701 ( 2)
 150 -   0.44109 0.30140 0.15298 0.10453 ( 1)
 151 A   0.00003 0.53924 0.27370 0.18702 ( 2)
 152 F   0.00003 0.53924 0.27370 0.18702 ( 2)
 153 I   0.00111 0.53866 0.27341 0.18682 ( 2)
 154 Y   0.00000 0.53926 0.27371 0.18703 ( 2)
 155 L   0.00011 0.53920 0.27368 0.18701 ( 2)
 156 Y   0.99302 0.00377 0.00191 0.00131 ( 1)
 157 D   0.08754 0.49205 0.24975 0.17066 ( 2)
 158 A   0.00125 0.53859 0.27337 0.18680 ( 2)
 159 G   0.03883 0.51832 0.26308 0.17977 ( 2)
 160 N   0.95049 0.02670 0.01355 0.00926 ( 1)
 161 S   0.00165 0.53837 0.27326 0.18672 ( 2)
 162 -   0.44109 0.30140 0.15298 0.10453 ( 1)
 163 G   0.83674 0.08804 0.04469 0.03053 ( 1)
 164 L   0.00000 0.53926 0.27371 0.18703 ( 2)
 165 S   0.00014 0.53919 0.27367 0.18700 ( 2)
 166 S   0.00007 0.53922 0.27369 0.18702 ( 2)
 167 M   0.49403 0.27285 0.13849 0.09463 ( 1)
 168 T   0.97728 0.01225 0.00622 0.00425 ( 1)
 169 I   0.94873 0.02765 0.01403 0.00959 ( 1)
 170 T   0.30654 0.37395 0.18981 0.12970 ( 2)
 171 S   0.99107 0.00482 0.00244 0.00167 ( 1)
 172 K   0.00080 0.53883 0.27349 0.18688 ( 2)
 173 L   0.49041 0.27480 0.13948 0.09531 ( 1)
 174 P   0.94135 0.03163 0.01605 0.01097 ( 1)
 175 G   0.48101 0.27987 0.14205 0.09707 ( 1)
 176 I   0.00058 0.53895 0.27355 0.18692 ( 2)
 177 K   0.00000 0.53926 0.27371 0.18703 ( 2)
 178 N   0.00056 0.53896 0.27356 0.18693 ( 2)
 179 P   0.00006 0.53923 0.27369 0.18702 ( 2)
 180 E   0.00001 0.53926 0.27371 0.18703 ( 2)
 181 -   0.55595 0.23946 0.12154 0.08305 ( 1)
 182 P   0.96515 0.01879 0.00954 0.00652 ( 1)
 183 S   0.15282 0.45685 0.23188 0.15845 ( 2)
 184 Y   0.00000 0.53926 0.27371 0.18703 ( 2)
 185 R   0.00001 0.53926 0.27371 0.18703 ( 2)
 186 D   0.60500 0.21301 0.10812 0.07388 ( 1)
 187 Y   0.01898 0.52902 0.26851 0.18348 ( 2)
 188 S   0.88855 0.06010 0.03051 0.02085 ( 1)
 189 H   0.93426 0.03545 0.01799 0.01229 ( 1)
 190 R   0.27841 0.38913 0.19751 0.13496 ( 2)
 191 L   0.92613 0.03983 0.02022 0.01382 ( 1)
 192 S   0.92074 0.04274 0.02170 0.01482 ( 1)
 193 N   0.99857 0.00077 0.00039 0.00027 ( 1)
 194 A   0.83673 0.08804 0.04469 0.03054 ( 1)
 195 A   0.97587 0.01301 0.00660 0.00451 ( 1)
 196 C   0.99272 0.00393 0.00199 0.00136 ( 1)
 197 V   0.99263 0.00397 0.00202 0.00138 ( 1)
 198 G   0.00082 0.53882 0.27349 0.18688 ( 2)
 199 A   0.00000 0.53926 0.27371 0.18703 ( 2)
 200 -   0.44109 0.30140 0.15298 0.10453 ( 1)
 201 -   0.44109 0.30140 0.15298 0.10453 ( 1)
 202 G   0.00040 0.53905 0.27360 0.18696 ( 2)
 203 N   0.00193 0.53822 0.27318 0.18667 ( 2)
 204 S   0.01436 0.53152 0.26978 0.18434 ( 2)
 205 R   0.23730 0.41129 0.20876 0.14265 ( 2)
 206 I   0.08660 0.49256 0.25001 0.17083 ( 2)
 207 N   0.40010 0.32350 0.16420 0.11220 ( 1)
 208 V   0.97511 0.01342 0.00681 0.00466 ( 1)
 209 Y   0.35221 0.34933 0.17731 0.12116 ( 1)
 210 G   0.99503 0.00268 0.00136 0.00093 ( 1)
 211 W   0.86272 0.07403 0.03757 0.02568 ( 1)
 212 T   0.72824 0.14655 0.07438 0.05083 ( 1)
 213 H   0.99490 0.00275 0.00140 0.00095 ( 1)
 214 -   0.87700 0.06633 0.03367 0.02300 ( 1)


lnL = -3332.135798

