Supplemental results for CODEML (seqf: algn  treef: tree)


dN/dS (w) for site classes (K=4)

site class             0        1       2a       2b
proportion       0.61032  0.37612  0.00839  0.00517
background w     0.21640  1.74935  0.21640  1.74935
foreground w     0.21640  1.74935 999.00000 999.00000

Naive Empirical Bayes (NEB) probabilities for 4 classes
(amino acids refer to 1st sequence: BT_Cry8Ha1)

   1 G   0.94607 0.05269 0.00117 0.00007 ( 1)
   2 T   0.97924 0.01698 0.00372 0.00006 ( 1)
   3 S   0.27164 0.72676 0.00043 0.00118 ( 2)
   4 V   0.14168 0.85708 0.00017 0.00107 ( 2)
   5 Q   0.95529 0.04311 0.00154 0.00007 ( 1)
   6 L   0.99595 0.00314 0.00091 0.00000 ( 1)
   7 T   0.79105 0.20737 0.00124 0.00034 ( 1)
   8 R   0.90188 0.09695 0.00105 0.00012 ( 1)
   9 E   0.81610 0.18266 0.00101 0.00023 ( 1)
  10 V   0.91855 0.07990 0.00142 0.00013 ( 1)
  11 Y   0.74798 0.25083 0.00089 0.00031 ( 1)
  12 T   0.22080 0.77826 0.00020 0.00073 ( 2)
  13 D   0.94180 0.05719 0.00095 0.00006 ( 1)
  14 P   0.94343 0.05501 0.00147 0.00009 ( 1)
  15 I   0.96281 0.03051 0.00648 0.00021 ( 1)
  16 G   0.98625 0.01286 0.00088 0.00001 ( 1)
  17 A   0.00182 0.99655 0.00000 0.00163 ( 2)
  18 T   0.09620 0.90219 0.00015 0.00145 ( 2)
  19 S   0.07861 0.92032 0.00008 0.00099 ( 2)
  20 T   0.03720 0.95897 0.00014 0.00368 ( 2)
  21 Q   0.02979 0.96900 0.00003 0.00117 ( 2)
  22 G   0.11355 0.88535 0.00012 0.00098 ( 2)
  23 G   0.00229 0.99647 0.00000 0.00123 ( 2)
  24 V   0.04559 0.95283 0.00007 0.00151 ( 2)
  25 -   0.44663 0.53981 0.00614 0.00742 ( 2)
  26 -   0.39456 0.59189 0.00542 0.00814 ( 2)
  27 S   0.71572 0.27783 0.00464 0.00180 ( 1)
  28 W   0.89156 0.10445 0.00357 0.00042 ( 1)
  29 Y   0.94050 0.05832 0.00111 0.00007 ( 1)
  30 D   0.87323 0.12397 0.00245 0.00035 ( 1)
  31 D   0.00168 0.99705 0.00000 0.00127 ( 2)
  32 A   0.97170 0.02435 0.00386 0.00010 ( 1)
  33 P   0.83041 0.16864 0.00079 0.00017 ( 1)
  34 S   0.86595 0.13289 0.00100 0.00016 ( 1)
  35 -   0.30150 0.68494 0.00414 0.00941 ( 2)
  36 F   0.99480 0.00422 0.00098 0.00000 ( 1)
  37 T   0.04558 0.94925 0.00024 0.00494 ( 2)
  38 A   0.00803 0.92913 0.00169 0.06115 ( 2)
  39 I   0.97194 0.02668 0.00134 0.00004 ( 1)
  40 E   0.86589 0.13287 0.00107 0.00017 ( 1)
  41 S   0.92816 0.07108 0.00070 0.00006 ( 1)
  42 S   0.00467 0.99135 0.00002 0.00397 ( 2)
  43 V   0.11046 0.88831 0.00013 0.00110 ( 2)
  44 V   0.12033 0.87845 0.00014 0.00108 ( 2)
  45 R   0.25277 0.74365 0.00091 0.00268 ( 2)
  46 P   0.23927 0.75915 0.00037 0.00120 ( 2)
  47 L   0.17670 0.82233 0.00017 0.00081 ( 2)
  48 H   0.92728 0.07195 0.00072 0.00006 ( 1)
  49 L   0.99447 0.00251 0.00301 0.00001 ( 1)
  50 F   0.99852 0.00049 0.00099 0.00000 ( 1)
  51 D   0.98957 0.00941 0.00100 0.00001 ( 1)
  52 L   0.90071 0.09829 0.00090 0.00010 ( 1)
  53 L   0.96792 0.03069 0.00135 0.00004 ( 1)
  54 T   0.99302 0.00320 0.00377 0.00001 ( 1)
  55 G   0.47251 0.52339 0.00194 0.00216 ( 2)
  56 V   0.96954 0.02955 0.00089 0.00003 ( 1)
  57 T   0.92775 0.07086 0.00129 0.00010 ( 1)
  58 V   0.98624 0.01256 0.00118 0.00002 ( 1)
  59 Y   0.99083 0.00799 0.00117 0.00001 ( 1)
  60 A   0.92822 0.07020 0.00147 0.00011 ( 1)
  61 A   0.37010 0.62828 0.00060 0.00103 ( 2)
  62 S   0.63757 0.36051 0.00122 0.00070 ( 1)
  63 S   0.95056 0.04843 0.00097 0.00005 ( 1)
  64 S   0.80032 0.19861 0.00084 0.00022 ( 1)
  65 W   0.19019 0.80312 0.00128 0.00542 ( 2)
  66 D   0.91959 0.07919 0.00112 0.00010 ( 1)
  67 S   0.98249 0.01636 0.00113 0.00002 ( 1)
  68 S   0.80409 0.19488 0.00082 0.00021 ( 1)
  69 H   0.98557 0.01341 0.00100 0.00001 ( 1)
  70 Y   0.94136 0.05745 0.00111 0.00007 ( 1)
  71 F   0.98648 0.01213 0.00137 0.00002 ( 1)
  72 R   0.82888 0.17010 0.00084 0.00018 ( 1)
  73 F   0.99603 0.00298 0.00099 0.00000 ( 1)
  74 W   0.99299 0.00303 0.00397 0.00001 ( 1)
  75 N   0.93368 0.06513 0.00112 0.00008 ( 1)
  76 G   0.99519 0.00392 0.00088 0.00000 ( 1)
  77 H   0.99898 0.00025 0.00077 0.00000 ( 1)
  78 K   0.93880 0.05963 0.00148 0.00010 ( 1)
  79 V   0.98148 0.01712 0.00137 0.00002 ( 1)
  80 D   0.27430 0.72412 0.00043 0.00114 ( 2)
  81 T   0.01666 0.98210 0.00002 0.00122 ( 2)
  82 K   0.91098 0.08780 0.00111 0.00011 ( 1)
  83 G   0.07545 0.92328 0.00009 0.00117 ( 2)
  84 I   0.13186 0.86216 0.00079 0.00519 ( 2)
  85 K   0.01139 0.98750 0.00001 0.00109 ( 2)
  86 S   0.59106 0.40736 0.00092 0.00066 ( 1)
  87 S   0.35024 0.64879 0.00033 0.00064 ( 2)
  88 V   0.03418 0.96454 0.00004 0.00124 ( 2)
  89 Q   0.00453 0.99420 0.00001 0.00126 ( 2)
  90 Y   0.89582 0.10313 0.00093 0.00011 ( 1)
  91 S   0.15033 0.84807 0.00024 0.00136 ( 2)
  92 N   0.00145 0.99486 0.00001 0.00369 ( 2)
  93 V   0.13151 0.86755 0.00012 0.00082 ( 2)
  94 Y   0.99102 0.00106 0.00792 0.00001 ( 1)
  95 G   0.73348 0.26496 0.00114 0.00042 ( 1)
  96 S   0.26945 0.72930 0.00032 0.00092 ( 2)
  97 T   0.15003 0.84888 0.00016 0.00094 ( 2)
  98 S   0.00446 0.99390 0.00001 0.00163 ( 2)
  99 N   0.85604 0.14292 0.00089 0.00016 ( 1)
 100 A   0.00622 0.99184 0.00001 0.00193 ( 2)
 101 V   0.06731 0.93106 0.00011 0.00152 ( 2)
 102 S   0.00253 0.99640 0.00000 0.00108 ( 2)
 103 T   0.27268 0.72607 0.00033 0.00092 ( 2)
 104 T   0.37853 0.61772 0.00142 0.00233 ( 2)
 105 I   0.27691 0.72184 0.00033 0.00091 ( 2)
 106 I   0.01435 0.98461 0.00001 0.00103 ( 2)
 107 P   0.00676 0.99216 0.00001 0.00107 ( 2)
 108 F   0.97326 0.02575 0.00096 0.00003 ( 1)
 109 S   0.00365 0.99437 0.00001 0.00198 ( 2)
 110 G   0.97340 0.02571 0.00086 0.00002 ( 1)
 111 F   0.84975 0.14386 0.00546 0.00093 ( 1)
 112 D   0.77586 0.22308 0.00081 0.00025 ( 1)
 113 V   0.98455 0.01428 0.00115 0.00002 ( 1)
 114 Y   0.98061 0.01300 0.00630 0.00008 ( 1)
 115 R   0.36322 0.32835 0.24693 0.06150 ( 1)
 116 V   0.50433 0.49444 0.00060 0.00062 ( 1)
 117 F   0.18045 0.81722 0.00042 0.00191 ( 2)
 118 S   0.99008 0.00744 0.00247 0.00002 ( 1)
 119 L   0.64205 0.35598 0.00126 0.00071 ( 1)
 120 A   0.98318 0.01580 0.00100 0.00002 ( 1)
 121 G   0.97598 0.02244 0.00154 0.00004 ( 1)
 122 V   0.98988 0.00857 0.00153 0.00001 ( 1)
 123 L   0.85169 0.14163 0.00573 0.00095 ( 1)
 124 F   0.78117 0.21783 0.00077 0.00023 ( 1)
 125 -   0.63376 0.36520 0.00064 0.00039 ( 1)
 126 -   0.62928 0.36931 0.00087 0.00053 ( 1)
 127 -   0.62992 0.36890 0.00073 0.00044 ( 1)
 128 -   0.62520 0.37318 0.00101 0.00061 ( 1)
 129 -   0.62992 0.36890 0.00073 0.00044 ( 1)
 130 A   0.95983 0.03928 0.00086 0.00004 ( 1)
 131 W   0.43186 0.56692 0.00052 0.00070 ( 2)
 132 T   0.98674 0.00948 0.00375 0.00004 ( 1)
 133 T   0.78893 0.20986 0.00095 0.00026 ( 1)
 134 R   0.89459 0.10383 0.00141 0.00017 ( 1)
 135 Y   0.95736 0.04163 0.00096 0.00004 ( 1)
 136 F   0.95700 0.04201 0.00095 0.00004 ( 1)
 137 G   0.98882 0.00964 0.00153 0.00002 ( 1)
 138 A   0.04410 0.95495 0.00004 0.00090 ( 2)
 139 P   0.99461 0.00078 0.00461 0.00000 ( 1)
 140 E   0.03025 0.96846 0.00004 0.00124 ( 2)
 141 V   0.98226 0.01178 0.00589 0.00007 ( 1)
 142 Y   0.00005 0.99866 0.00000 0.00129 ( 2)
 143 F   0.99714 0.00187 0.00099 0.00000 ( 1)
 144 Q   0.00937 0.98958 0.00001 0.00104 ( 2)
 145 R   0.12940 0.86463 0.00078 0.00519 ( 2)
 146 V   0.91120 0.08725 0.00141 0.00014 ( 1)
 147 D   0.17475 0.82259 0.00046 0.00219 ( 2)
 148 H   0.14681 0.85156 0.00024 0.00139 ( 2)
 149 N   0.21977 0.76667 0.00302 0.01054 ( 2)
 150 S   0.87814 0.10830 0.01207 0.00149 ( 1)
 151 G   0.73124 0.25520 0.01005 0.00351 ( 1)
 152 I   0.98126 0.01494 0.00374 0.00006 ( 1)
 153 D   0.86910 0.12985 0.00091 0.00014 ( 1)
 154 V   0.22629 0.77261 0.00024 0.00086 ( 2)
 155 G   0.64664 0.35213 0.00079 0.00045 ( 1)
 156 Y   0.00131 0.99790 0.00000 0.00080 ( 2)
 157 D   0.07585 0.92217 0.00015 0.00183 ( 2)
 158 I   0.55420 0.44389 0.00105 0.00086 ( 1)
 159 A   0.00609 0.99009 0.00002 0.00380 ( 2)
 160 F   0.99336 0.00545 0.00118 0.00001 ( 1)
 161 S   0.00500 0.99302 0.00001 0.00197 ( 2)
 162 E   0.06979 0.92557 0.00032 0.00431 ( 2)
 163 R   0.00071 0.99803 0.00000 0.00127 ( 2)
 164 Y   0.80208 0.19148 0.00520 0.00124 ( 1)
 165 A   0.21704 0.78169 0.00027 0.00100 ( 2)
 166 G   0.43885 0.56010 0.00045 0.00060 ( 2)
 167 I   0.99372 0.00512 0.00116 0.00001 ( 1)
 168 G   0.67544 0.32315 0.00094 0.00047 ( 1)
 169 E   0.15205 0.84426 0.00056 0.00313 ( 2)
 170 Q   0.97781 0.02097 0.00120 0.00003 ( 1)
 171 Q   0.01095 0.98743 0.00002 0.00160 ( 2)
 172 K   0.91943 0.07940 0.00108 0.00009 ( 1)
 173 D   0.90923 0.08975 0.00092 0.00010 ( 1)
 174 S   0.99350 0.00402 0.00247 0.00001 ( 1)
 175 L   0.37958 0.61914 0.00048 0.00080 ( 2)
 176 D   0.31638 0.68129 0.00074 0.00160 ( 2)
 177 E   0.99550 0.00326 0.00123 0.00000 ( 1)
 178 L   0.99447 0.00251 0.00301 0.00001 ( 1)
 179 P   0.99858 0.00047 0.00095 0.00000 ( 1)
 180 L   0.80362 0.19481 0.00127 0.00031 ( 1)
 181 Q   0.79711 0.20129 0.00127 0.00033 ( 1)
 182 T   0.66154 0.33689 0.00103 0.00054 ( 1)
 183 E   0.02881 0.96865 0.00007 0.00246 ( 2)
 184 G   0.81960 0.17938 0.00083 0.00019 ( 1)
 185 -   0.90658 0.07986 0.01246 0.00110 ( 1)
 186 P   0.89858 0.09986 0.00140 0.00016 ( 1)
 187 A   0.02756 0.97101 0.00004 0.00140 ( 2)
 188 Y   0.94288 0.05594 0.00112 0.00007 ( 1)
 189 -   0.30780 0.69101 0.00036 0.00083 ( 2)
 190 -   0.61538 0.37106 0.00846 0.00510 ( 1)
 191 -   0.61273 0.37371 0.00842 0.00514 ( 1)
 192 R   0.03940 0.95794 0.00010 0.00255 ( 2)
 193 S   0.87499 0.12343 0.00138 0.00020 ( 1)
 194 Y   0.99249 0.00112 0.00638 0.00001 ( 1)
 195 S   0.99426 0.00200 0.00373 0.00001 ( 1)
 196 H   0.99897 0.00026 0.00077 0.00000 ( 1)
 197 R   0.98013 0.01870 0.00114 0.00002 ( 1)
 198 L   0.99384 0.00426 0.00189 0.00001 ( 1)
 199 N   0.00073 0.00066 0.99637 0.00224 ( 3)
 200 H   0.99828 0.00095 0.00077 0.00000 ( 1)
 201 I   0.99416 0.00468 0.00116 0.00001 ( 1)
 202 S   0.96547 0.03295 0.00152 0.00005 ( 1)
 203 M   0.56292 0.43605 0.00057 0.00046 ( 1)
 204 V   0.98500 0.01383 0.00115 0.00002 ( 1)
 205 P   0.40334 0.59025 0.00260 0.00381 ( 2)
 206 Q   0.29343 0.70011 0.00190 0.00455 ( 2)
 207 T   0.86205 0.13718 0.00066 0.00011 ( 1)
 208 V   0.61760 0.37989 0.00155 0.00096 ( 1)
 209 R   0.40083 0.59662 0.00101 0.00154 ( 2)
 210 T   0.05789 0.03710 0.82783 0.07718 ( 3)
 211 R   0.30370 0.69248 0.00116 0.00266 ( 2)
 212 N   0.96282 0.03599 0.00115 0.00004 ( 1)
 213 V   0.98968 0.00878 0.00153 0.00001 ( 1)
 214 P   0.99850 0.00055 0.00095 0.00000 ( 1)
 215 V   0.99595 0.00251 0.00154 0.00000 ( 1)
 216 F   0.99714 0.00187 0.00099 0.00000 ( 1)
 217 S   0.95657 0.04228 0.00110 0.00005 ( 1)
 218 W   0.99299 0.00303 0.00397 0.00001 ( 1)
 219 S   0.05094 0.83390 0.02796 0.08720 ( 2)
 220 H   0.99897 0.00026 0.00077 0.00000 ( 1)
 221 R   0.10308 0.80429 0.01295 0.07968 ( 2)
 222 S   0.99677 0.00248 0.00075 0.00000 ( 1)
 223 -   0.61032 0.37612 0.00839 0.00517 ( 1)
 224 -   0.61032 0.37612 0.00839 0.00517 ( 1)
 225 -   0.61032 0.37612 0.00839 0.00517 ( 1)
 226 -   0.61032 0.37612 0.00839 0.00517 ( 1)
 227 -   0.61032 0.37612 0.00839 0.00517 ( 1)
 228 -   0.61032 0.37612 0.00839 0.00517 ( 1)
 229 -   0.61032 0.37612 0.00839 0.00517 ( 1)
 230 -   0.61032 0.37612 0.00839 0.00517 ( 1)


lnL = -3337.170585

