Supplemental results for CODEML (seqf: algn  treef: tree)


dN/dS (w) for site classes (K=4)

site class             0        1       2a       2b
proportion       0.51808  0.29462  0.11940  0.06790
background w     0.06213  1.00000  0.06213  1.00000
foreground w     0.06213  1.00000 999.00000 999.00000

Naive Empirical Bayes (NEB) probabilities for 4 classes
(amino acids refer to 1st sequence: BT_Cry7Ba1)

   1 -   0.51808 0.29462 0.11940 0.06790 ( 1)
   2 -   0.11321 0.69949 0.02609 0.16121 ( 2)
   3 -   0.57358 0.23912 0.13219 0.05511 ( 1)
   4 -   0.61460 0.19810 0.14164 0.04566 ( 1)
   5 -   0.00361 0.76593 0.02810 0.20236 ( 2)
   6 S   0.04854 0.93087 0.00073 0.01986 ( 2)
   7 K   0.05483 0.90547 0.00118 0.03852 ( 2)
   8 I   0.28399 0.68544 0.00667 0.02389 ( 2)
   9 L   0.85983 0.11041 0.02611 0.00365 ( 1)
  10 K   0.88746 0.09058 0.01823 0.00372 ( 1)
  11 E   0.00198 0.96747 0.00005 0.03050 ( 2)
  12 I   0.92938 0.02366 0.04553 0.00143 ( 1)
  13 L   0.29055 0.05669 0.61869 0.03407 ( 3)
  14 D   0.81165 0.13113 0.04713 0.01009 ( 1)
  15 Y   0.00983 0.96136 0.00022 0.02860 ( 2)
  16 L   0.94784 0.03152 0.01971 0.00093 ( 1)
  17 W   0.86386 0.09221 0.03967 0.00426 ( 1)
  18 P   0.89653 0.06447 0.03634 0.00265 ( 1)
  19 S   0.09190 0.75524 0.01458 0.13828 ( 2)
  20 S   0.95514 0.02719 0.01706 0.00062 ( 1)
  21 S   0.33753 0.32134 0.13580 0.20533 ( 1)
  22 S   0.00050 0.05426 0.60320 0.34204 ( 3)
  23 S   0.00056 0.06434 0.59429 0.34082 ( 3)
  24 N   0.20406 0.68263 0.06914 0.04417 ( 2)
  25 S   0.59376 0.38443 0.01246 0.00935 ( 1)
  26 W   0.86386 0.09221 0.03967 0.00426 ( 1)
  27 E   0.00807 0.38315 0.35130 0.25748 ( 2)
  28 E   0.07321 0.15645 0.74427 0.02608 ( 3)
  29 M   0.56557 0.42318 0.00523 0.00602 ( 1)
  30 M   0.98782 0.00490 0.00722 0.00006 ( 1)
  31 K   0.09593 0.55385 0.22353 0.12669 ( 2)
  32 E   0.00073 0.84784 0.00110 0.15032 ( 2)
  33 V   0.96181 0.01749 0.01991 0.00079 ( 1)
  34 E   0.94609 0.01854 0.03417 0.00120 ( 1)
  35 Y   0.09093 0.48007 0.07162 0.35738 ( 2)
  36 L   0.94947 0.03956 0.01044 0.00053 ( 1)
  37 I   0.96773 0.01547 0.01632 0.00048 ( 1)
  38 D   0.91382 0.06809 0.01575 0.00234 ( 1)
  39 K   0.76947 0.16812 0.04619 0.01622 ( 1)
  40 K   0.96954 0.01205 0.01792 0.00048 ( 1)
  41 I   0.97170 0.01127 0.01658 0.00045 ( 1)
  42 E   0.01593 0.10043 0.85428 0.02936 ( 3)
  43 E   0.96310 0.01668 0.01950 0.00072 ( 1)
  44 Y   0.00000 0.26975 0.00509 0.72515 ( 4)
  45 A   0.66599 0.20603 0.10161 0.02637 ( 1)
  46 R   0.00012 0.02923 0.95634 0.01430 ( 3)
  47 N   0.00000 0.00095 0.96877 0.03028 ( 3)
  48 K   0.00017 0.04174 0.92675 0.03134 ( 3)
  49 A   0.97478 0.01150 0.01340 0.00033 ( 1)
  50 L   0.96844 0.02062 0.01063 0.00031 ( 1)
  51 A   0.00473 0.59359 0.21464 0.18704 ( 2)
  52 V   0.07724 0.75412 0.01776 0.15088 ( 2)
  53 L   0.91120 0.06064 0.02623 0.00193 ( 1)
  54 E   0.09693 0.85946 0.00252 0.04110 ( 2)
  55 G   0.02279 0.69384 0.03598 0.24738 ( 2)
  56 I   0.28036 0.68351 0.00658 0.02955 ( 2)
  57 G   0.97726 0.01200 0.01052 0.00022 ( 1)
  58 N   0.00300 0.63916 0.12153 0.23631 ( 2)
  59 A   0.89098 0.05595 0.04976 0.00331 ( 1)
  60 V   0.55446 0.38678 0.03077 0.02799 ( 1)
  61 E   0.16815 0.76976 0.00845 0.05364 ( 2)
  62 S   0.00212 0.35934 0.22448 0.41406 ( 4)
  63 Y   0.96399 0.01951 0.01602 0.00048 ( 1)
  64 Y   0.14960 0.82245 0.00323 0.02473 ( 2)
  65 S   0.03173 0.35867 0.42703 0.18257 ( 3)
  66 A   0.97478 0.01150 0.01340 0.00033 ( 1)
  67 L   0.78561 0.19075 0.01783 0.00581 ( 1)
  68 E   0.07081 0.14015 0.76725 0.02180 ( 3)
  69 A   0.42799 0.24358 0.16984 0.15859 ( 1)
  70 W   0.86386 0.09221 0.03967 0.00426 ( 1)
  71 E   0.81746 0.15609 0.01940 0.00704 ( 1)
  72 -   0.03975 0.44662 0.39370 0.11993 ( 2)
  73 L   0.00500 0.84710 0.00397 0.14393 ( 2)
  74 E   0.03703 0.43925 0.01830 0.50542 ( 4)
  75 S   0.00010 0.10198 0.10132 0.79660 ( 4)
  76 S   0.00050 0.60798 0.05704 0.33448 ( 2)
  77 E   0.00025 0.35564 0.03359 0.61052 ( 4)
  78 R   0.00000 0.00674 0.93018 0.06308 ( 3)
  79 S   0.98648 0.00659 0.00685 0.00007 ( 1)
  80 L   0.13979 0.77272 0.01035 0.07713 ( 2)
  81 E   0.00000 0.00517 0.95531 0.03952 ( 3)
  82 L   0.00001 0.01842 0.92473 0.05684 ( 3)
  83 V   0.96181 0.01749 0.01991 0.00079 ( 1)
  84 L   0.00540 0.73817 0.00180 0.25464 ( 2)
  85 E   0.01596 0.90190 0.00249 0.07965 ( 2)
  86 R   0.94813 0.03144 0.01972 0.00071 ( 1)
  87 Y   0.64718 0.28663 0.04519 0.02100 ( 1)
  88 Q   0.00000 0.78330 0.00000 0.21670 ( 2)
  89 F   0.00941 0.94557 0.00217 0.04285 ( 2)
  90 A   0.92828 0.04436 0.02597 0.00139 ( 1)
  91 V   0.00111 0.12406 0.53818 0.33665 ( 3)
  92 Q   0.77012 0.19384 0.02656 0.00948 ( 1)
  93 F   0.03789 0.70704 0.15163 0.10345 ( 2)
  94 A   0.22640 0.74565 0.00436 0.02358 ( 2)
  95 R   0.92232 0.06682 0.00966 0.00120 ( 1)
  96 S   0.00544 0.66042 0.13087 0.20327 ( 2)
  97 S   0.00033 0.94739 0.00011 0.05217 ( 2)
  98 M   0.98782 0.00490 0.00722 0.00006 ( 1)
  99 P   0.05724 0.92658 0.00071 0.01546 ( 2)
 100 S   0.00000 0.00677 0.95637 0.03686 ( 3)
 101 F   0.93616 0.01722 0.04570 0.00092 ( 1)
 102 A   0.00000 0.01328 0.92187 0.06485 ( 3)
 103 I   0.00037 0.23504 0.43351 0.33109 ( 3)
 104 I   0.00137 0.81236 0.00117 0.18510 ( 2)
 105 N   0.17537 0.55779 0.03792 0.22892 ( 2)
 106 Y   0.77729 0.20267 0.01462 0.00542 ( 1)
 107 E   0.96732 0.01268 0.01945 0.00056 ( 1)
 108 I   0.96636 0.01706 0.01605 0.00052 ( 1)
 109 P   0.86619 0.06144 0.06755 0.00482 ( 1)
 110 L   0.84833 0.09067 0.05461 0.00638 ( 1)
 111 L   0.94361 0.03566 0.01969 0.00104 ( 1)
 112 A   0.97478 0.01150 0.01340 0.00033 ( 1)
 113 T   0.97636 0.01114 0.01221 0.00028 ( 1)
 114 Y   0.96399 0.01951 0.01602 0.00048 ( 1)
 115 A   0.97233 0.01389 0.01340 0.00038 ( 1)
 116 N   0.31447 0.65847 0.00556 0.02150 ( 2)
 117 A   0.97036 0.01603 0.01325 0.00036 ( 1)
 118 A   0.96992 0.01617 0.01347 0.00044 ( 1)
 119 N   0.97764 0.00867 0.01343 0.00026 ( 1)
 120 V   0.65510 0.31893 0.01429 0.01169 ( 1)
 121 H   0.98318 0.00837 0.00834 0.00012 ( 1)
 122 L   0.90827 0.03918 0.05006 0.00249 ( 1)
 123 L   0.83117 0.15596 0.01038 0.00249 ( 1)
 124 L   0.94371 0.03502 0.02021 0.00106 ( 1)
 125 M   0.89996 0.09156 0.00724 0.00123 ( 1)
 126 R   0.89434 0.09553 0.00859 0.00154 ( 1)
 127 D   0.97610 0.00900 0.01460 0.00030 ( 1)
 128 I   0.01013 0.90359 0.01554 0.07074 ( 2)
 129 Q   0.97245 0.01530 0.01199 0.00026 ( 1)
 130 I   0.96921 0.01326 0.01699 0.00053 ( 1)
 131 Y   0.89685 0.04631 0.05396 0.00287 ( 1)
 132 G   0.93575 0.04122 0.02200 0.00103 ( 1)
 133 D   0.37567 0.51451 0.04615 0.06367 ( 2)
 134 R   0.05159 0.92816 0.00058 0.01967 ( 2)
 135 W   0.86386 0.09221 0.03967 0.00426 ( 1)
 136 G   0.24426 0.72985 0.00255 0.02334 ( 2)
 137 I   0.11741 0.84202 0.00249 0.03808 ( 2)
 138 S   0.00796 0.96422 0.00115 0.02667 ( 2)
 139 Q   0.01973 0.07371 0.88647 0.02009 ( 3)
 140 N   0.00036 0.66448 0.00468 0.33047 ( 2)
 141 D   0.97610 0.00900 0.01460 0.00030 ( 1)
 142 M   0.15738 0.74175 0.02027 0.08060 ( 2)
 143 N   0.01178 0.62490 0.18775 0.17557 ( 2)
 144 L   0.83589 0.10503 0.05232 0.00676 ( 1)
 145 F   0.00574 0.04327 0.92188 0.02911 ( 3)
 146 L   0.14187 0.82672 0.00361 0.02779 ( 2)
 147 K   0.00000 0.00824 0.81416 0.17760 ( 3)
 148 E   0.96732 0.01268 0.01945 0.00056 ( 1)
 149 Q   0.97245 0.01530 0.01199 0.00026 ( 1)
 150 E   0.81046 0.16340 0.01858 0.00757 ( 1)
 151 I   0.00052 0.56060 0.00543 0.43345 ( 2)
 152 Y   0.64821 0.19731 0.10095 0.05353 ( 1)
 153 T   0.86234 0.04998 0.08266 0.00501 ( 1)
 154 S   0.00336 0.96478 0.00014 0.03172 ( 2)
 155 E   0.96732 0.01268 0.01945 0.00056 ( 1)
 156 Y   0.94813 0.03527 0.01581 0.00080 ( 1)
 157 S   0.55759 0.33904 0.04691 0.05646 ( 1)
 158 E   0.08539 0.12734 0.76488 0.02239 ( 3)
 159 H   0.73339 0.25575 0.00654 0.00431 ( 1)
 160 C   0.89682 0.04890 0.05144 0.00284 ( 1)
 161 V   0.01320 0.91181 0.00246 0.07253 ( 2)
 162 K   0.82762 0.12720 0.03604 0.00915 ( 1)
 163 W   0.00030 0.54009 0.00663 0.45298 ( 2)
 164 Y   0.96399 0.01951 0.01602 0.00048 ( 1)
 165 N   0.97764 0.00867 0.01343 0.00026 ( 1)
 166 E   0.82723 0.15174 0.01690 0.00413 ( 1)
 167 G   0.97636 0.01344 0.00994 0.00025 ( 1)
 168 L   0.94539 0.03372 0.01988 0.00101 ( 1)
 169 N   0.97764 0.00867 0.01343 0.00026 ( 1)
 170 Q   0.73023 0.25623 0.00902 0.00452 ( 1)
 171 L   0.92377 0.04782 0.02687 0.00154 ( 1)
 172 K   0.96954 0.01205 0.01792 0.00048 ( 1)
 173 T   0.13674 0.51874 0.24357 0.10095 ( 2)
 174 K   0.84084 0.13689 0.01639 0.00589 ( 1)
 175 G   0.16748 0.60644 0.16160 0.06449 ( 2)
 176 G   0.91294 0.03851 0.04655 0.00200 ( 1)
 177 A   0.00912 0.72458 0.14495 0.12134 ( 2)
 178 S   0.84150 0.15089 0.00588 0.00173 ( 1)
 179 G   0.72780 0.26069 0.00752 0.00400 ( 1)
 180 L   0.08659 0.87987 0.00238 0.03116 ( 2)
 181 V   0.09960 0.86415 0.00233 0.03392 ( 2)
 182 W   0.86386 0.09221 0.03967 0.00426 ( 1)
 183 E   0.12267 0.84955 0.00290 0.02489 ( 2)
 184 N   0.06695 0.90134 0.00121 0.03051 ( 2)
 185 Y   0.77729 0.20267 0.01462 0.00542 ( 1)
 186 N   0.96885 0.01794 0.01291 0.00030 ( 1)
 187 S   0.49513 0.47347 0.01548 0.01592 ( 1)
 188 F   0.93689 0.04144 0.02069 0.00098 ( 1)
 189 R   0.96240 0.02549 0.01178 0.00033 ( 1)
 190 T   0.80292 0.18052 0.01183 0.00473 ( 1)
 191 E   0.96732 0.01268 0.01945 0.00056 ( 1)
 192 M   0.98782 0.00490 0.00722 0.00006 ( 1)
 193 T   0.97528 0.01211 0.01230 0.00030 ( 1)
 194 I   0.32445 0.63274 0.01371 0.02909 ( 2)
 195 M   0.00338 0.38746 0.44817 0.16098 ( 3)
 196 V   0.93623 0.02100 0.04134 0.00142 ( 1)
 197 L   0.93379 0.04448 0.02038 0.00135 ( 1)
 198 D   0.97610 0.00900 0.01460 0.00030 ( 1)
 199 L   0.12460 0.59414 0.16628 0.11498 ( 2)
 200 V   0.93431 0.02262 0.04158 0.00150 ( 1)
 201 A   0.66721 0.31595 0.00931 0.00753 ( 1)
 202 I   0.14402 0.58894 0.18646 0.08058 ( 2)
 203 F   0.96848 0.01829 0.01284 0.00039 ( 1)
 204 P   0.66146 0.32819 0.00645 0.00391 ( 1)
 205 A   0.00001 0.08430 0.04519 0.87049 ( 4)


lnL = -2155.734984

Bayes Empirical Bayes (BEB) probabilities for 4 classes (class)
(amino acids refer to 1st sequence: BT_Cry7Ba1)

   1 -   0.09000 0.08767 0.41245 0.40988 ( 3)
   2 -   0.01269 0.16499 0.05740 0.76492 ( 4)
   3 -   0.10379 0.07388 0.47653 0.34580 ( 3)
   4 -   0.11473 0.06295 0.52744 0.29488 ( 3)
   5 -   0.00027 0.17703 0.00145 0.82126 ( 4)
   6 S   0.00369 0.17849 0.01606 0.80176 ( 4)
   7 K   0.00423 0.17984 0.01783 0.79810 ( 4)
   8 I   0.02647 0.15708 0.11426 0.70219 ( 4)
   9 L   0.14910 0.03164 0.67331 0.14594 ( 3)
  10 K   0.15586 0.03093 0.67370 0.13951 ( 3)
  11 E   0.00012 0.18147 0.00050 0.81792 ( 4)
  12 I   0.17323 0.00712 0.78665 0.03301 ( 3)
  13 L   0.13397 0.04309 0.61283 0.21011 ( 3)
  14 D   0.13350 0.04283 0.62304 0.20063 ( 3)
  15 Y   0.00060 0.18172 0.00260 0.81508 ( 4)
  16 L   0.17383 0.00941 0.77375 0.04301 ( 3)
  17 W   0.15240 0.02734 0.69346 0.12679 ( 3)
  18 P   0.16071 0.01928 0.73070 0.08931 ( 3)
  19 S   0.00822 0.16703 0.03794 0.78681 ( 4)
  20 S   0.17471 0.00812 0.78005 0.03712 ( 3)
  21 S   0.05933 0.11569 0.26090 0.56407 ( 4)
  22 S   0.00055 0.15778 0.02003 0.82163 ( 4)
  23 S   0.00054 0.16095 0.01492 0.82359 ( 4)
  24 N   0.01895 0.15468 0.13055 0.69582 ( 4)
  25 S   0.07841 0.10370 0.34691 0.47098 ( 4)
  26 W   0.15240 0.02734 0.69346 0.12679 ( 3)
  27 E   0.00109 0.15442 0.08751 0.75698 ( 4)
  28 E   0.01088 0.05511 0.70392 0.23009 ( 3)
  29 M   0.07173 0.11303 0.31039 0.50485 ( 4)
  30 M   0.18433 0.00145 0.80771 0.00651 ( 3)
  31 K   0.01089 0.15569 0.09603 0.73740 ( 4)
  32 E   0.00004 0.17566 0.00038 0.82393 ( 4)
  33 V   0.18169 0.00522 0.78942 0.02366 ( 3)
  34 E   0.18202 0.00562 0.78702 0.02534 ( 3)
  35 Y   0.01231 0.15656 0.06416 0.76697 ( 4)
  36 L   0.17159 0.01179 0.76298 0.05364 ( 3)
  37 I   0.18088 0.00456 0.79389 0.02067 ( 3)
  38 D   0.16334 0.02360 0.70697 0.10609 ( 3)
  39 K   0.12450 0.05446 0.56647 0.25457 ( 3)
  40 K   0.18400 0.00359 0.79621 0.01620 ( 3)
  41 I   0.18473 0.00333 0.79690 0.01503 ( 3)
  42 E   0.00512 0.07804 0.57920 0.33764 ( 3)
  43 E   0.18267 0.00502 0.78964 0.02267 ( 3)
  44 Y   0.00000 0.15554 0.00005 0.84441 ( 4)
  45 A   0.10628 0.06445 0.52525 0.30402 ( 3)
  46 R   0.00014 0.11870 0.32088 0.56027 ( 4)
  47 N   0.00000 0.14214 0.02746 0.83040 ( 4)
  48 K   0.00015 0.13665 0.19442 0.66878 ( 4)
  49 A   0.18302 0.00341 0.79816 0.01540 ( 3)
  50 L   0.17727 0.00613 0.78867 0.02793 ( 3)
  51 A   0.00043 0.16390 0.04729 0.78837 ( 4)
  52 V   0.00703 0.16908 0.03454 0.78935 ( 4)
  53 L   0.16280 0.01798 0.73623 0.08298 ( 3)
  54 E   0.00793 0.17603 0.03349 0.78255 ( 4)
  55 G   0.00185 0.16741 0.01017 0.82057 ( 4)
  56 I   0.02637 0.15835 0.11175 0.70353 ( 4)
  57 G   0.18081 0.00357 0.79945 0.01617 ( 3)
  58 N   0.00022 0.16733 0.01917 0.81328 ( 4)
  59 A   0.16273 0.01696 0.74156 0.07875 ( 3)
  60 V   0.07505 0.10576 0.33456 0.48463 ( 4)
  61 E   0.01471 0.16648 0.06424 0.75457 ( 4)
  62 S   0.00030 0.14640 0.08009 0.77322 ( 4)
  63 Y   0.17820 0.00583 0.78946 0.02651 ( 3)
  64 Y   0.01244 0.17001 0.05398 0.76357 ( 4)
  65 S   0.00568 0.16116 0.07076 0.76240 ( 4)
  66 A   0.18302 0.00341 0.79816 0.01540 ( 3)
  67 L   0.12290 0.05978 0.54498 0.27233 ( 3)
  68 E   0.01145 0.05401 0.71073 0.22382 ( 3)
  69 A   0.08070 0.09057 0.37855 0.45018 ( 4)
  70 W   0.15240 0.02734 0.69346 0.12679 ( 3)
  71 E   0.13507 0.05134 0.58219 0.23140 ( 3)
  72 -   0.00597 0.16904 0.04075 0.78423 ( 4)
  73 L   0.00032 0.17527 0.00243 0.82198 ( 4)
  74 E   0.00562 0.16956 0.02495 0.79987 ( 4)
  75 S   0.00004 0.15648 0.00216 0.84132 ( 4)
  76 S   0.00004 0.16612 0.00440 0.82945 ( 4)
  77 E   0.00003 0.16278 0.00192 0.83527 ( 4)
  78 R   0.00001 0.12070 0.21746 0.66183 ( 4)
  79 S   0.18311 0.00195 0.80613 0.00881 ( 3)
  80 L   0.01222 0.16820 0.05389 0.76569 ( 4)
  81 E   0.00000 0.14982 0.01514 0.83504 ( 4)
  82 L   0.00002 0.14393 0.11399 0.74206 ( 4)
  83 V   0.18169 0.00522 0.78942 0.02366 ( 3)
  84 L   0.00040 0.17000 0.00195 0.82765 ( 4)
  85 E   0.00106 0.17961 0.00555 0.81378 ( 4)
  86 R   0.17181 0.00926 0.77625 0.04268 ( 3)
  87 Y   0.09465 0.08476 0.42844 0.39215 ( 3)
  88 Q   0.00000 0.17537 0.00000 0.82463 ( 4)
  89 F   0.00058 0.18184 0.00288 0.81469 ( 4)
  90 A   0.16790 0.01322 0.75796 0.06092 ( 3)
  91 V   0.00046 0.15322 0.08135 0.76496 ( 4)
  92 Q   0.12138 0.06120 0.53895 0.27846 ( 3)
  93 F   0.00336 0.15989 0.07567 0.76109 ( 4)
  94 A   0.02011 0.16408 0.08609 0.72972 ( 4)
  95 R   0.16591 0.01965 0.72590 0.08855 ( 3)
  96 S   0.00044 0.15944 0.06538 0.77474 ( 4)
  97 S   0.00002 0.18063 0.00007 0.81928 ( 4)
  98 M   0.18433 0.00145 0.80771 0.00651 ( 3)
  99 P   0.00432 0.17823 0.01875 0.79869 ( 4)
 100 S   0.00001 0.13566 0.16591 0.69842 ( 4)
 101 F   0.17581 0.00523 0.79478 0.02418 ( 3)
 102 A   0.00001 0.14294 0.10623 0.75081 ( 4)
 103 I   0.00008 0.16586 0.00737 0.82669 ( 4)
 104 I   0.00008 0.17501 0.00062 0.82429 ( 4)
 105 N   0.01942 0.15056 0.08937 0.74064 ( 4)
 106 Y   0.12053 0.06289 0.53123 0.28535 ( 3)
 107 E   0.18393 0.00378 0.79521 0.01708 ( 3)
 108 I   0.18038 0.00505 0.79167 0.02290 ( 3)
 109 P   0.16012 0.01891 0.73287 0.08811 ( 3)
 110 L   0.15357 0.02705 0.69389 0.12548 ( 3)
 111 L   0.17258 0.01065 0.76809 0.04867 ( 3)
 112 A   0.18302 0.00341 0.79816 0.01540 ( 3)
 113 T   0.18288 0.00331 0.79890 0.01491 ( 3)
 114 Y   0.17820 0.00583 0.78946 0.02651 ( 3)
 115 A   0.18228 0.00415 0.79488 0.01869 ( 3)
 116 N   0.03008 0.15487 0.12783 0.68722 ( 4)
 117 A   0.17977 0.00477 0.79382 0.02164 ( 3)
 118 A   0.18157 0.00485 0.79173 0.02185 ( 3)
 119 N   0.18501 0.00256 0.80089 0.01153 ( 3)
 120 V   0.09262 0.09127 0.40377 0.41235 ( 4)
 121 H   0.18264 0.00248 0.80369 0.01119 ( 3)
 122 L   0.16882 0.01195 0.76394 0.05530 ( 3)
 123 L   0.13310 0.04991 0.59026 0.22674 ( 3)
 124 L   0.17277 0.01046 0.76897 0.04779 ( 3)
 125 M   0.15447 0.03093 0.67555 0.13905 ( 3)
 126 R   0.15315 0.03210 0.67027 0.14448 ( 3)
 127 D   0.18509 0.00266 0.80026 0.01198 ( 3)
 128 I   0.00062 0.17487 0.01228 0.81222 ( 4)
 129 Q   0.17905 0.00456 0.79564 0.02075 ( 3)
 130 I   0.18409 0.00396 0.79410 0.01785 ( 3)
 131 Y   0.16546 0.01408 0.75503 0.06543 ( 3)
 132 G   0.16875 0.01229 0.76233 0.05663 ( 3)
 133 D   0.04143 0.13580 0.19340 0.62938 ( 4)
 134 R   0.00334 0.18034 0.01433 0.80199 ( 4)
 135 W   0.15240 0.02734 0.69346 0.12679 ( 3)
 136 G   0.02215 0.16103 0.09490 0.72192 ( 4)
 137 I   0.00966 0.17483 0.04062 0.77489 ( 4)
 138 S   0.00048 0.18023 0.00235 0.81694 ( 4)
 139 Q   0.00445 0.03916 0.79238 0.16402 ( 3)
 140 N   0.00002 0.16791 0.00049 0.83157 ( 4)
 141 D   0.18509 0.00266 0.80026 0.01198 ( 3)
 142 M   0.01405 0.15975 0.07209 0.75411 ( 4)
 143 N   0.00100 0.15806 0.09201 0.74893 ( 4)
 144 L   0.14843 0.03090 0.67703 0.14364 ( 3)
 145 F   0.00350 0.06286 0.65796 0.27568 ( 3)
 146 L   0.01174 0.17009 0.05126 0.76692 ( 4)
 147 K   0.00001 0.15296 0.00380 0.84324 ( 4)
 148 E   0.18393 0.00378 0.79521 0.01708 ( 3)
 149 Q   0.17905 0.00456 0.79564 0.02075 ( 3)
 150 E   0.13339 0.05305 0.57435 0.23920 ( 3)
 151 I   0.00004 0.16792 0.00077 0.83127 ( 4)
 152 Y   0.10901 0.06586 0.50456 0.32057 ( 3)
 153 T   0.16393 0.01570 0.74742 0.07294 ( 3)
 154 S   0.00020 0.18147 0.00087 0.81747 ( 4)
 155 E   0.18393 0.00378 0.79521 0.01708 ( 3)
 156 Y   0.17342 0.01058 0.76792 0.04808 ( 3)
 157 S   0.08057 0.09874 0.35771 0.46298 ( 4)
 158 E   0.01232 0.04333 0.76828 0.17607 ( 3)
 159 H   0.10836 0.07608 0.47288 0.34268 ( 3)
 160 C   0.16459 0.01487 0.75142 0.06912 ( 3)
 161 V   0.00086 0.18009 0.00457 0.81448 ( 4)
 162 K   0.14308 0.04298 0.62029 0.19366 ( 3)
 163 W   0.00002 0.16547 0.00035 0.83416 ( 4)
 164 Y   0.17820 0.00583 0.78946 0.02651 ( 3)
 165 N   0.18501 0.00256 0.80089 0.01153 ( 3)
 166 E   0.13395 0.04844 0.59644 0.22117 ( 3)
 167 G   0.18166 0.00400 0.79630 0.01804 ( 3)
 168 L   0.17317 0.01007 0.77077 0.04600 ( 3)
 169 N   0.18501 0.00256 0.80089 0.01153 ( 3)
 170 Q   0.10737 0.07585 0.47333 0.34345 ( 3)
 171 L   0.16661 0.01419 0.75371 0.06549 ( 3)
 172 K   0.18400 0.00359 0.79621 0.01620 ( 3)
 173 T   0.01781 0.14131 0.18321 0.65767 ( 4)
 174 K   0.14648 0.04025 0.63167 0.18161 ( 3)
 175 G   0.01856 0.14056 0.18982 0.65106 ( 4)
 176 G   0.16798 0.01165 0.76625 0.05412 ( 3)
 177 A   0.00068 0.16291 0.07079 0.76562 ( 4)
 178 S   0.13608 0.04867 0.59614 0.21911 ( 3)
 179 G   0.10650 0.07731 0.46728 0.34891 ( 3)
 180 L   0.00684 0.17498 0.02979 0.78839 ( 4)
 181 V   0.00797 0.17485 0.03424 0.78294 ( 4)
 182 W   0.15240 0.02734 0.69346 0.12679 ( 3)
 183 E   0.00986 0.17183 0.04309 0.77521 ( 4)
 184 N   0.00517 0.17936 0.02184 0.79363 ( 4)
 185 Y   0.12053 0.06289 0.53123 0.28535 ( 3)
 186 N   0.17698 0.00523 0.79380 0.02399 ( 3)
 187 S   0.06079 0.11949 0.27216 0.54756 ( 4)
 188 F   0.16871 0.01234 0.76209 0.05686 ( 3)
 189 R   0.17417 0.00760 0.78334 0.03488 ( 3)
 190 T   0.12773 0.05767 0.55540 0.25920 ( 3)
 191 E   0.18393 0.00378 0.79521 0.01708 ( 3)
 192 M   0.18433 0.00145 0.80771 0.00651 ( 3)
 193 T   0.18258 0.00360 0.79757 0.01625 ( 3)
 194 I   0.03549 0.14450 0.15830 0.66171 ( 4)
 195 M   0.00045 0.14729 0.14042 0.71184 ( 4)
 196 V   0.17508 0.00629 0.78961 0.02903 ( 3)
 197 L   0.16994 0.01327 0.75617 0.06062 ( 3)
 198 D   0.18509 0.00266 0.80026 0.01198 ( 3)
 199 L   0.01311 0.15328 0.11011 0.72350 ( 4)
 200 V   0.17457 0.00680 0.78726 0.03138 ( 3)
 201 A   0.09469 0.08915 0.41396 0.40220 ( 3)
 202 I   0.01427 0.14408 0.17537 0.66628 ( 4)
 203 F   0.17987 0.00549 0.78983 0.02481 ( 3)
 204 P   0.09121 0.09200 0.40134 0.41545 ( 4)
 205 A   0.00001 0.15940 0.00033 0.84026 ( 4)

