Supplemental results for CODEML (seqf: algn  treef: tree)


dN/dS (w) for site classes (K=4)

site class             0        1       2a       2b
proportion       0.50038  0.23397  0.18101  0.08464
background w     0.15935  1.00000  0.15935  1.00000
foreground w     0.15935  1.00000  1.00000  1.00000

Naive Empirical Bayes (NEB) probabilities for 4 classes
(amino acids refer to 1st sequence: BT_Cry19Aa1)

   1 E   0.00241 0.72931 0.00446 0.26382 ( 2)
   2 V   0.78173 0.00004 0.21821 0.00002 ( 1)
   3 K   0.77668 0.00139 0.22142 0.00050 ( 1)
   4 T   0.36735 0.37198 0.12611 0.13456 ( 2)
   5 E   0.77384 0.00000 0.22616 0.00000 ( 1)
   6 L   0.74991 0.00013 0.24992 0.00005 ( 1)
   7 T   0.78532 0.00000 0.21468 0.00000 ( 1)
   8 R   0.74739 0.00000 0.25261 0.00000 ( 1)
   9 E   0.77378 0.00007 0.22612 0.00003 ( 1)
  10 I   0.78752 0.00000 0.21248 0.00000 ( 1)
  11 Y   0.78108 0.00005 0.21885 0.00002 ( 1)
  12 S   0.74347 0.00031 0.25610 0.00011 ( 1)
  13 D   0.79263 0.00000 0.20737 0.00000 ( 1)
  14 V   0.74495 0.00022 0.25474 0.00008 ( 1)
  15 I   0.78732 0.00010 0.21254 0.00004 ( 1)
  16 N   0.79422 0.00000 0.20578 0.00000 ( 1)
  17 G   0.09006 0.64636 0.02977 0.23381 ( 2)
  18 E   0.21103 0.53854 0.05561 0.19481 ( 2)
  19 I   0.42526 0.31844 0.14110 0.11519 ( 1)
  20 Y   0.42796 0.31547 0.14246 0.11412 ( 1)
  21 G   0.73597 0.02468 0.23042 0.00893 ( 1)
  22 L   0.03235 0.70254 0.01097 0.25414 ( 2)
  23 M   0.05571 0.68055 0.01756 0.24618 ( 2)
  24 -   0.70720 0.02715 0.25583 0.00982 ( 1)
  25 -   0.71355 0.02081 0.25812 0.00753 ( 1)
  26 -   0.72120 0.01315 0.26089 0.00476 ( 1)
  27 -   0.59819 0.13616 0.21639 0.04926 ( 1)
  28 -   0.33542 0.39893 0.12134 0.14431 ( 2)
  29 -   0.72757 0.00678 0.26319 0.00245 ( 1)
  30 -   0.36778 0.36657 0.13304 0.13261 ( 1)
  31 T   0.22928 0.50507 0.08294 0.18271 ( 2)
  32 P   0.59592 0.14544 0.20603 0.05261 ( 1)
  33 Y   0.19770 0.54404 0.06146 0.19680 ( 2)
  34 F   0.00013 0.73423 0.00004 0.26560 ( 2)
  35 S   0.05729 0.68034 0.01627 0.24611 ( 2)
  36 F   0.77416 0.00209 0.22299 0.00076 ( 1)
  37 E   0.00030 0.73407 0.00009 0.26554 ( 2)
  38 K   0.01166 0.72309 0.00369 0.26157 ( 2)
  39 A   0.74613 0.01108 0.23879 0.00401 ( 1)
  40 E   0.77386 0.00000 0.22614 0.00000 ( 1)
  41 S   0.76810 0.00526 0.22474 0.00190 ( 1)
  42 L   0.75624 0.01084 0.22900 0.00392 ( 1)
  43 Y   0.78086 0.00016 0.21893 0.00006 ( 1)
  44 T   0.76967 0.00013 0.23016 0.00005 ( 1)
  45 R   0.73678 0.01031 0.24919 0.00373 ( 1)
  46 A   0.01617 0.71874 0.00508 0.26000 ( 2)
  47 P   0.77387 0.00000 0.22613 0.00000 ( 1)
  48 H   0.77915 0.00482 0.21428 0.00175 ( 1)
  49 L   0.74060 0.00240 0.25613 0.00087 ( 1)
  50 F   0.75007 0.00019 0.24967 0.00007 ( 1)
  51 T   0.78556 0.00009 0.21432 0.00003 ( 1)
  52 W   0.74626 0.00018 0.25349 0.00007 ( 1)
  53 L   0.75947 0.00047 0.23989 0.00017 ( 1)
  54 K   0.70843 0.03816 0.23960 0.01381 ( 1)
  55 G   0.70683 0.03819 0.24116 0.01381 ( 1)
  56 F   0.64334 0.00035 0.35619 0.00013 ( 1)
  57 R   0.09222 0.64391 0.03094 0.23293 ( 2)
  58 F   0.78426 0.00000 0.21574 0.00000 ( 1)
  59 V   0.60065 0.15915 0.18262 0.05757 ( 1)
  60 T   0.73492 0.01146 0.24948 0.00415 ( 1)
  61 N   0.79359 0.00010 0.20627 0.00004 ( 1)
  62 S   0.00000 0.73435 0.00001 0.26564 ( 2)
  63 I   0.73799 0.00305 0.25786 0.00110 ( 1)
  64 S   0.02019 0.71535 0.00569 0.25877 ( 2)
  65 -   0.00290 0.73151 0.00097 0.26462 ( 2)
  66 -   0.77413 0.00415 0.22022 0.00150 ( 1)
  67 -   0.04260 0.68431 0.02555 0.24754 ( 2)
  68 -   0.11821 0.58225 0.08892 0.21062 ( 2)
  69 -   0.13968 0.55949 0.09844 0.20239 ( 2)
  70 -   0.00196 0.73243 0.00066 0.26495 ( 2)
  71 Y   0.00048 0.73388 0.00016 0.26548 ( 2)
  72 W   0.08996 0.64585 0.03056 0.23363 ( 2)
  73 T   0.19054 0.18990 0.55086 0.06870 ( 3)
  74 F   0.77541 0.00318 0.22027 0.00115 ( 1)
  75 L   0.75977 0.00018 0.23998 0.00006 ( 1)
  76 S   0.77144 0.00327 0.22411 0.00118 ( 1)
  77 G   0.74573 0.00002 0.25425 0.00001 ( 1)
  78 G   0.00060 0.73372 0.00026 0.26542 ( 2)
  79 Q   0.08700 0.64969 0.02829 0.23502 ( 2)
  80 N   0.78383 0.00003 0.21613 0.00001 ( 1)
  81 K   0.72613 0.04083 0.21828 0.01477 ( 1)
  82 Y   0.76394 0.00191 0.23347 0.00069 ( 1)
  83 S   0.72709 0.03796 0.22122 0.01373 ( 1)
  84 Y   0.14093 0.59803 0.04471 0.21633 ( 2)
  85 T   0.76446 0.00047 0.23489 0.00017 ( 1)
  86 N   0.00062 0.73377 0.00018 0.26544 ( 2)
  87 N   0.00005 0.73431 0.00002 0.26563 ( 2)
  88 -   0.50038 0.23397 0.18101 0.08464 ( 1)
  89 S   0.00493 0.72963 0.00150 0.26394 ( 2)
  90 S   0.00034 0.73394 0.00023 0.26550 ( 2)
  91 I   0.58439 0.03119 0.37314 0.01128 ( 1)
  92 N   0.00027 0.73407 0.00012 0.26555 ( 2)
  93 E   0.00365 0.71273 0.02580 0.25782 ( 2)
  94 G   0.75071 0.02187 0.21951 0.00791 ( 1)
  95 S   0.76565 0.00329 0.22987 0.00119 ( 1)
  96 F   0.78179 0.00191 0.21561 0.00069 ( 1)
  97 R   0.00000 0.73435 0.00000 0.26565 ( 2)
  98 G   0.76663 0.00167 0.23109 0.00060 ( 1)
  99 Q   0.01007 0.72409 0.00390 0.26194 ( 2)
 100 D   0.46945 0.21052 0.24387 0.07616 ( 1)
 101 T   0.44155 0.12522 0.38794 0.04530 ( 1)
 102 D   0.05262 0.66136 0.04678 0.23924 ( 2)
 103 Y   0.58407 0.00141 0.41402 0.00051 ( 1)
 104 G   0.77612 0.00004 0.22382 0.00002 ( 1)
 105 G   0.63690 0.11966 0.20015 0.04329 ( 1)
 106 T   0.59564 0.06667 0.31357 0.02412 ( 1)
 107 S   0.20029 0.48722 0.13624 0.17625 ( 2)
 108 S   0.76354 0.00048 0.23580 0.00018 ( 1)
 109 T   0.00910 0.72522 0.00333 0.26234 ( 2)
 110 I   0.38281 0.37290 0.10939 0.13489 ( 1)
 111 N   0.02771 0.65533 0.07990 0.23706 ( 2)
 112 I   0.75343 0.02015 0.21913 0.00729 ( 1)
 113 P   0.00276 0.72716 0.00704 0.26304 ( 2)
 114 S   0.00002 0.73434 0.00001 0.26564 ( 2)
 115 N   0.00000 0.73435 0.00000 0.26565 ( 2)
 116 S   0.00013 0.73423 0.00004 0.26560 ( 2)
 117 Y   0.10190 0.63394 0.03483 0.22932 ( 2)
 118 V   0.49796 0.21865 0.20429 0.07910 ( 1)
 119 Y   0.76707 0.00002 0.23290 0.00001 ( 1)
 120 N   0.74011 0.00361 0.25496 0.00131 ( 1)
 121 L   0.74823 0.00061 0.25095 0.00022 ( 1)
 122 W   0.62561 0.12054 0.21024 0.04361 ( 1)
 123 T   0.10298 0.57780 0.11020 0.20901 ( 2)
 124 E   0.77760 0.00006 0.22231 0.00002 ( 1)
 125 N   0.39229 0.00063 0.60685 0.00023 ( 3)
 126 Y   0.76649 0.00346 0.22880 0.00125 ( 1)
 127 E   0.76248 0.00324 0.23310 0.00117 ( 1)
 128 Y   0.00002 0.73432 0.00002 0.26564 ( 2)
 129 I   0.72608 0.04285 0.21557 0.01550 ( 1)
 130 Y   0.58039 0.13848 0.23104 0.05009 ( 1)
 131 P   0.76961 0.00212 0.22750 0.00077 ( 1)
 132 W   0.00277 0.73163 0.00094 0.26466 ( 2)
 133 G   0.00025 0.73368 0.00066 0.26541 ( 2)
 134 D   0.64884 0.10951 0.20203 0.03962 ( 1)
 135 P   0.26892 0.41962 0.15967 0.15179 ( 2)
 136 V   0.04647 0.65482 0.06184 0.23688 ( 2)
 137 N   0.77000 0.00031 0.22958 0.00011 ( 1)
 138 -   0.54783 0.18652 0.19817 0.06747 ( 1)
 139 -   0.69591 0.03844 0.25174 0.01391 ( 1)
 140 -   0.18947 0.54488 0.06854 0.19711 ( 2)
 141 -   0.60062 0.13374 0.21727 0.04838 ( 1)
 142 -   0.05794 0.67642 0.02096 0.24469 ( 2)
 143 -   0.71355 0.02081 0.25812 0.00753 ( 1)
 144 -   0.17027 0.56408 0.06160 0.20405 ( 2)
 145 -   0.47677 0.25758 0.17247 0.09318 ( 1)
 146 -   0.72609 0.00826 0.26266 0.00299 ( 1)
 147 I   0.77407 0.00006 0.22586 0.00002 ( 1)
 148 T   0.00010 0.73420 0.00010 0.26559 ( 2)
 149 K   0.43085 0.20155 0.29469 0.07291 ( 1)
 150 M   0.67047 0.09715 0.19724 0.03514 ( 1)
 151 N   0.38910 0.00409 0.60532 0.00148 ( 3)
 152 F   0.75318 0.00001 0.24681 0.00000 ( 1)
 153 S   0.03142 0.68815 0.03150 0.24893 ( 2)
 154 V   0.29340 0.36899 0.20413 0.13348 ( 2)
 155 T   0.76159 0.00313 0.23415 0.00113 ( 1)
 156 D   0.50081 0.26431 0.13927 0.09561 ( 1)
 157 N   0.79453 0.00015 0.20527 0.00005 ( 1)
 158 -   0.50038 0.23397 0.18101 0.08464 ( 1)
 159 N   0.79406 0.00000 0.20594 0.00000 ( 1)
 160 S   0.00000 0.73435 0.00000 0.26565 ( 2)
 161 S   0.56428 0.00744 0.42560 0.00269 ( 1)
 162 K   0.00001 0.73433 0.00001 0.26564 ( 2)
 163 E   0.36149 0.01399 0.61946 0.00506 ( 3)
 164 L   0.00015 0.73421 0.00005 0.26559 ( 2)
 165 I   0.01293 0.71838 0.00882 0.25987 ( 2)
 166 Y   0.78128 0.00000 0.21871 0.00000 ( 1)
 167 G   0.76451 0.00029 0.23510 0.00010 ( 1)
 168 -   0.39565 0.30081 0.19472 0.10882 ( 1)
 169 -   0.32753 0.37642 0.15988 0.13617 ( 2)
 170 A   0.06002 0.62489 0.08903 0.22605 ( 2)
 171 H   0.00034 0.73355 0.00075 0.26536 ( 2)
 172 R   0.00231 0.73054 0.00288 0.26427 ( 2)
 173 T   0.07394 0.63186 0.06563 0.22857 ( 2)
 174 N   0.79449 0.00004 0.20545 0.00001 ( 1)
 175 K   0.09462 0.64220 0.03086 0.23231 ( 2)
 176 P   0.77387 0.00001 0.22611 0.00000 ( 1)
 177 V   0.47448 0.00150 0.52348 0.00054 ( 3)
 178 V   0.78158 0.00031 0.21799 0.00011 ( 1)
 179 R   0.65085 0.10465 0.20665 0.03786 ( 1)
 180 T   0.57894 0.18203 0.17319 0.06585 ( 1)
 181 D   0.74377 0.04480 0.19522 0.01621 ( 1)
 182 F   0.76916 0.01405 0.21170 0.00508 ( 1)
 183 D   0.77757 0.01363 0.20387 0.00493 ( 1)
 184 F   0.78421 0.00001 0.21577 0.00000 ( 1)
 185 -   0.50158 0.23277 0.18144 0.08420 ( 1)
 186 L   0.36484 0.00235 0.63196 0.00085 ( 3)
 187 T   0.33724 0.40404 0.11256 0.14616 ( 2)
 188 N   0.78327 0.00943 0.20389 0.00341 ( 1)
 189 K   0.77778 0.00037 0.22171 0.00013 ( 1)
 190 -   0.71336 0.02099 0.25805 0.00759 ( 1)
 191 -   0.68526 0.04909 0.24789 0.01776 ( 1)
 192 -   0.72348 0.01088 0.26171 0.00393 ( 1)
 193 E   0.74653 0.02589 0.21822 0.00937 ( 1)
 194 G   0.14515 0.43861 0.25757 0.15866 ( 2)
 195 T   0.75546 0.02802 0.20639 0.01013 ( 1)
 196 E   0.09029 0.64526 0.03103 0.23342 ( 2)
 197 L   0.01180 0.72275 0.00400 0.26145 ( 2)
 198 A   0.76040 0.00022 0.23931 0.00008 ( 1)
 199 K   0.76911 0.00060 0.23008 0.00022 ( 1)
 200 Y   0.74353 0.00163 0.25424 0.00059 ( 1)
 201 N   0.79453 0.00002 0.20544 0.00001 ( 1)
 202 D   0.75792 0.00002 0.24206 0.00001 ( 1)
 203 -   0.52469 0.20966 0.18980 0.07584 ( 1)
 204 -   0.70983 0.02452 0.25678 0.00887 ( 1)
 205 -   0.72715 0.00721 0.26304 0.00261 ( 1)
 206 Y   0.78057 0.00000 0.21943 0.00000 ( 1)
 207 N   0.60155 0.00020 0.39818 0.00007 ( 1)
 208 H   0.78434 0.00000 0.21566 0.00000 ( 1)
 209 I   0.78743 0.00003 0.21254 0.00001 ( 1)
 210 L   0.75006 0.00001 0.24993 0.00000 ( 1)
 211 S   0.75628 0.00004 0.24366 0.00002 ( 1)
 212 Y   0.37593 0.00445 0.61802 0.00161 ( 3)
 213 M   0.75410 0.01262 0.22872 0.00456 ( 1)
 214 L   0.74533 0.00464 0.24835 0.00168 ( 1)
 215 I   0.64826 0.09671 0.22005 0.03498 ( 1)
 216 N   0.76138 0.00085 0.23745 0.00031 ( 1)
 217 -   0.31392 0.43652 0.09165 0.15791 ( 2)
 218 -   0.75208 0.03357 0.20220 0.01214 ( 1)
 219 -   0.00622 0.72822 0.00212 0.26343 ( 2)
 220 G   0.16792 0.56372 0.06444 0.20392 ( 2)
 221 E   0.28958 0.44930 0.09859 0.16253 ( 2)
 222 T   0.73956 0.00832 0.24911 0.00301 ( 1)
 223 -   0.50038 0.23397 0.18101 0.08464 ( 1)
 224 -   0.50038 0.23397 0.18101 0.08464 ( 1)
 225 -   0.50038 0.23397 0.18101 0.08464 ( 1)
 226 -   0.50038 0.23397 0.18101 0.08464 ( 1)
 227 F   0.22000 0.52255 0.06842 0.18903 ( 2)
 228 G   0.75253 0.00881 0.23547 0.00319 ( 1)
 229 Q   0.39856 0.34961 0.12536 0.12647 ( 1)
 230 K   0.72606 0.01735 0.25031 0.00628 ( 1)
 231 R   0.73634 0.02093 0.23516 0.00757 ( 1)
 232 H   0.59030 0.15536 0.19814 0.05620 ( 1)
 233 G   0.76173 0.00002 0.23825 0.00001 ( 1)
 234 Y   0.78055 0.00043 0.21886 0.00015 ( 1)
 235 S   0.73760 0.01813 0.23772 0.00656 ( 1)
 236 F   0.78425 0.00000 0.21575 0.00000 ( 1)
 237 A   0.76690 0.00004 0.23305 0.00001 ( 1)
 238 F   0.78385 0.00002 0.21613 0.00001 ( 1)
 239 T   0.76929 0.00005 0.23065 0.00002 ( 1)
 240 H   0.78442 0.00000 0.21558 0.00000 ( 1)
 241 S   0.79054 0.00016 0.20925 0.00006 ( 1)
 242 S   0.75141 0.00000 0.24858 0.00000 ( 1)


lnL = -6808.240135

