Supplemental results for CODEML (seqf: algn  treef: tree)


dN/dS (w) for site classes (K=4)

site class             0        1       2a       2b
proportion       0.74690  0.08429  0.15169  0.01712
background w     0.15352  1.00000  0.15352  1.00000
foreground w     0.15352  1.00000  1.00000  1.00000

Naive Empirical Bayes (NEB) probabilities for 4 classes
(amino acids refer to 1st sequence: BT_Cry1A-like)

   1 E   0.86123 0.00135 0.13715 0.00027 ( 1)
   2 F   0.86078 0.00000 0.13921 0.00000 ( 1)
   3 V   0.85638 0.00078 0.14268 0.00016 ( 1)
   4 P   0.84883 0.00122 0.14971 0.00025 ( 1)
   5 G   0.84228 0.00348 0.15354 0.00071 ( 1)
   6 A   0.85281 0.00066 0.14639 0.00013 ( 1)
   7 G   0.84518 0.00034 0.15440 0.00007 ( 1)
   8 F   0.86073 0.00005 0.13921 0.00001 ( 1)
   9 V   0.64057 0.21185 0.10455 0.04303 ( 1)
  10 L   0.76179 0.09248 0.12694 0.01878 ( 1)
  11 G   0.85588 0.00001 0.14411 0.00000 ( 1)
  12 L   0.84860 0.00019 0.15117 0.00004 ( 1)
  13 V   0.53116 0.30945 0.09655 0.06285 ( 1)
  14 D   0.85849 0.00019 0.14128 0.00004 ( 1)
  15 I   0.60237 0.24131 0.10731 0.04901 ( 1)
  16 I   0.85987 0.00001 0.14012 0.00000 ( 1)
  17 W   0.83679 0.00244 0.16028 0.00049 ( 1)
  18 G   0.84044 0.00038 0.15910 0.00008 ( 1)
  19 I   0.84576 0.01451 0.13679 0.00295 ( 1)
  20 F   0.42481 0.00239 0.57232 0.00048 ( 3)
  21 G   0.84110 0.00056 0.15823 0.00011 ( 1)
  22 P   0.82881 0.01409 0.15423 0.00286 ( 1)
  23 S   0.83551 0.00274 0.16119 0.00056 ( 1)
  24 Q   0.84638 0.00239 0.15074 0.00049 ( 1)
  25 W   0.82293 0.01616 0.15762 0.00328 ( 1)
  26 -   0.74690 0.08429 0.15169 0.01712 ( 1)
  27 D   0.47977 0.00008 0.52013 0.00002 ( 3)
  28 A   0.84290 0.01769 0.13581 0.00359 ( 1)
  29 F   0.86078 0.00000 0.13921 0.00000 ( 1)
  30 L   0.84859 0.00020 0.15117 0.00004 ( 1)
  31 V   0.82047 0.03736 0.13458 0.00759 ( 1)
  32 Q   0.84806 0.00004 0.15189 0.00001 ( 1)
  33 I   0.85882 0.00001 0.14117 0.00000 ( 1)
  34 E   0.84656 0.00001 0.15343 0.00000 ( 1)
  35 Q   0.84501 0.00373 0.15050 0.00076 ( 1)
  36 L   0.84169 0.00021 0.15807 0.00004 ( 1)
  37 I   0.86125 0.00000 0.13875 0.00000 ( 1)
  38 N   0.53283 0.18383 0.24601 0.03734 ( 1)
  39 Q   0.84877 0.00005 0.15117 0.00001 ( 1)
  40 R   0.85359 0.00004 0.14636 0.00001 ( 1)
  41 I   0.85987 0.00000 0.14013 0.00000 ( 1)
  42 -   0.74690 0.08429 0.15169 0.01712 ( 1)
  43 E   0.85534 0.00007 0.14458 0.00001 ( 1)
  44 N   0.85863 0.00007 0.14128 0.00002 ( 1)
  45 S   0.81676 0.04249 0.13212 0.00863 ( 1)
  46 L   0.85865 0.00044 0.14081 0.00009 ( 1)
  47 G   0.84111 0.00166 0.15690 0.00034 ( 1)
  48 T   0.84324 0.00080 0.15580 0.00016 ( 1)
  49 K   0.79017 0.05738 0.14079 0.01165 ( 1)
  50 P   0.85582 0.00034 0.14377 0.00007 ( 1)
  51 F   0.86124 0.00001 0.13875 0.00000 ( 1)
  52 L   0.74690 0.08429 0.15169 0.01712 ( 1)
  53 D   0.74690 0.08429 0.15169 0.01712 ( 1)
  54 W   0.74690 0.08429 0.15169 0.01712 ( 1)
  55 K   0.56716 0.27948 0.09660 0.05676 ( 1)
  56 A   0.84245 0.01089 0.14445 0.00221 ( 1)
  57 K   0.83773 0.01082 0.14926 0.00220 ( 1)
  58 Q   0.85842 0.00023 0.14130 0.00005 ( 1)
  59 -   0.74690 0.08429 0.15169 0.01712 ( 1)
  60 S   0.85000 0.00333 0.14599 0.00068 ( 1)
  61 L   0.83387 0.01457 0.14859 0.00296 ( 1)
  62 S   0.11930 0.71338 0.02244 0.14489 ( 2)
  63 N   0.86216 0.00051 0.13722 0.00010 ( 1)
  64 L   0.11656 0.00071 0.88259 0.00014 ( 3)
  65 R   0.85444 0.00093 0.14445 0.00019 ( 1)
  66 R   0.01227 0.81915 0.00221 0.16637 ( 2)
  67 I   0.56070 0.00086 0.43827 0.00017 ( 1)
  68 -   0.85481 0.00056 0.14452 0.00011 ( 1)
  69 -   0.82086 0.03252 0.14002 0.00660 ( 1)
  70 -   0.22178 0.61641 0.03662 0.12519 ( 2)
  71 -   0.44490 0.00841 0.54499 0.00171 ( 3)
  72 F   0.86078 0.00000 0.13921 0.00000 ( 1)
  73 R   0.63814 0.19781 0.12388 0.04017 ( 1)
  74 E   0.22559 0.60819 0.04269 0.12352 ( 2)
  75 W   0.83679 0.00244 0.16028 0.00049 ( 1)
  76 E   0.85865 0.00000 0.14134 0.00000 ( 1)
  77 A   0.11809 0.58681 0.17593 0.11918 ( 2)
  78 D   0.86388 0.00002 0.13609 0.00000 ( 1)
  79 P   0.83862 0.00001 0.16136 0.00000 ( 1)
  80 T   0.85292 0.00071 0.14622 0.00014 ( 1)
  81 N   0.86269 0.00000 0.13731 0.00000 ( 1)
  82 P   0.85236 0.00002 0.14762 0.00000 ( 1)
  83 A   0.85611 0.00005 0.14382 0.00001 ( 1)
  84 L   0.84180 0.00011 0.15807 0.00002 ( 1)
  85 R   0.81817 0.03452 0.14030 0.00701 ( 1)
  86 E   0.85869 0.00001 0.14129 0.00000 ( 1)
  87 E   0.84517 0.00071 0.15397 0.00014 ( 1)
  88 M   0.85510 0.00007 0.14481 0.00001 ( 1)
  89 R   0.85141 0.00001 0.14858 0.00000 ( 1)
  90 I   0.83899 0.00181 0.15884 0.00037 ( 1)
  91 Q   0.84877 0.00005 0.15117 0.00001 ( 1)
  92 F   0.86076 0.00002 0.13922 0.00000 ( 1)
  93 N   0.86268 0.00001 0.13730 0.00000 ( 1)
  94 A   0.37993 0.12670 0.46763 0.02573 ( 3)
  95 R   0.85382 0.00132 0.14460 0.00027 ( 1)
  96 T   0.84351 0.01847 0.13428 0.00375 ( 1)
  97 S   0.85920 0.00001 0.14079 0.00000 ( 1)
  98 A   0.76858 0.08759 0.12604 0.01779 ( 1)
  99 L   0.83852 0.00010 0.16136 0.00002 ( 1)
 100 T   0.84384 0.01546 0.13756 0.00314 ( 1)
 101 T   0.45117 0.04726 0.49198 0.00960 ( 3)
 102 A   0.85900 0.00011 0.14087 0.00002 ( 1)
 103 I   0.86125 0.00000 0.13875 0.00000 ( 1)
 104 P   0.85227 0.00011 0.14760 0.00002 ( 1)
 105 L   0.85630 0.00003 0.14366 0.00001 ( 1)
 106 F   0.80472 0.04205 0.14469 0.00854 ( 1)
 107 A   0.68730 0.16195 0.11786 0.03289 ( 1)
 108 V   0.86018 0.00001 0.13981 0.00000 ( 1)
 109 Q   0.84982 0.00102 0.14895 0.00021 ( 1)
 110 N   0.86191 0.00076 0.13718 0.00015 ( 1)
 111 Y   0.85537 0.00003 0.14460 0.00001 ( 1)
 112 Q   0.81605 0.04128 0.13429 0.00838 ( 1)
 113 V   0.85672 0.00005 0.14323 0.00001 ( 1)
 114 P   0.85706 0.00197 0.14056 0.00040 ( 1)
 115 L   0.85611 0.00022 0.14363 0.00004 ( 1)
 116 L   0.84865 0.00015 0.15117 0.00003 ( 1)
 117 S   0.83428 0.00991 0.15380 0.00201 ( 1)
 118 V   0.86014 0.00001 0.13985 0.00000 ( 1)
 119 Y   0.85537 0.00003 0.14460 0.00001 ( 1)
 120 V   0.86016 0.00002 0.13981 0.00000 ( 1)
 121 Q   0.83714 0.00294 0.15932 0.00060 ( 1)
 122 A   0.85599 0.00014 0.14384 0.00003 ( 1)
 123 A   0.85464 0.00149 0.14357 0.00030 ( 1)
 124 N   0.86230 0.00032 0.13732 0.00006 ( 1)
 125 L   0.84751 0.00127 0.15097 0.00026 ( 1)
 126 M   0.83752 0.00360 0.15815 0.00073 ( 1)
 127 F   0.77407 0.07112 0.14036 0.01444 ( 1)
 128 S   0.85428 0.00018 0.14551 0.00004 ( 1)
 129 T   0.65603 0.18344 0.12327 0.03726 ( 1)
 130 -   0.68260 0.16274 0.12160 0.03305 ( 1)
 131 -   0.85156 0.00200 0.14603 0.00041 ( 1)
 132 -   0.86387 0.00004 0.13609 0.00001 ( 1)
 133 -   0.85976 0.00041 0.13974 0.00008 ( 1)
 134 -   0.12533 0.70824 0.02258 0.14384 ( 2)
 135 -   0.84839 0.01139 0.13791 0.00231 ( 1)
 136 -   0.45165 0.00255 0.54528 0.00052 ( 3)
 137 -   0.85803 0.00005 0.14191 0.00001 ( 1)
 138 -   0.77924 0.06022 0.14831 0.01223 ( 1)
 139 -   0.28972 0.54816 0.05079 0.11133 ( 2)
 140 -   0.41573 0.41946 0.07963 0.08519 ( 2)
 141 -   0.83919 0.00003 0.16078 0.00001 ( 1)
 142 -   0.74690 0.08429 0.15169 0.01712 ( 1)
 143 -   0.74690 0.08429 0.15169 0.01712 ( 1)
 144 -   0.74690 0.08429 0.15169 0.01712 ( 1)
 145 -   0.74690 0.08429 0.15169 0.01712 ( 1)
 146 -   0.74690 0.08429 0.15169 0.01712 ( 1)
 147 -   0.74690 0.08429 0.15169 0.01712 ( 1)
 148 -   0.74690 0.08429 0.15169 0.01712 ( 1)
 149 -   0.74690 0.08429 0.15169 0.01712 ( 1)
 150 -   0.86052 0.00021 0.13922 0.00004 ( 1)
 151 -   0.84980 0.00141 0.14851 0.00029 ( 1)
 152 -   0.74690 0.08429 0.15169 0.01712 ( 1)
 153 -   0.01980 0.81182 0.00350 0.16488 ( 2)
 154 -   0.55221 0.28556 0.10424 0.05800 ( 1)
 155 -   0.85738 0.00015 0.14244 0.00003 ( 1)
 156 -   0.64372 0.19329 0.12374 0.03926 ( 1)
 157 -   0.86264 0.00005 0.13730 0.00001 ( 1)
 158 -   0.15359 0.67471 0.03467 0.13703 ( 2)
 159 -   0.79779 0.05234 0.13924 0.01063 ( 1)
 160 -   0.85387 0.00148 0.14434 0.00030 ( 1)
 161 -   0.84133 0.00038 0.15822 0.00008 ( 1)
 162 -   0.86382 0.00008 0.13608 0.00002 ( 1)
 163 -   0.84847 0.00028 0.15120 0.00006 ( 1)
 164 -   0.85749 0.00004 0.14246 0.00001 ( 1)
 165 -   0.74907 0.09243 0.13973 0.01877 ( 1)
 166 -   0.84910 0.00702 0.14245 0.00143 ( 1)
 167 -   0.86125 0.00000 0.13875 0.00000 ( 1)
 168 -   0.14654 0.68914 0.02436 0.13996 ( 2)
 169 -   0.05225 0.78070 0.00850 0.15856 ( 2)
 170 -   0.85532 0.00008 0.14459 0.00002 ( 1)
 171 -   0.85752 0.00001 0.14247 0.00000 ( 1)
 172 -   0.86350 0.00001 0.13649 0.00000 ( 1)
 173 -   0.85689 0.00054 0.14245 0.00011 ( 1)
 174 -   0.82344 0.02994 0.14055 0.00608 ( 1)
 175 -   0.84134 0.00042 0.15815 0.00009 ( 1)
 176 -   0.25827 0.58266 0.04073 0.11834 ( 2)
 177 -   0.70011 0.13890 0.13278 0.02821 ( 1)
 178 -   0.85443 0.00093 0.14445 0.00019 ( 1)
 179 -   0.86269 0.00000 0.13731 0.00000 ( 1)
 180 -   0.30279 0.53888 0.04888 0.10945 ( 2)
 181 -   0.84361 0.00004 0.15635 0.00001 ( 1)
 182 -   0.84799 0.00018 0.15179 0.00004 ( 1)
 183 -   0.23024 0.60641 0.04019 0.12316 ( 2)
 184 -   0.85280 0.00529 0.14083 0.00108 ( 1)
 185 -   0.84838 0.00038 0.15116 0.00008 ( 1)
 186 -   0.06318 0.76911 0.01151 0.15620 ( 2)
 187 -   0.85087 0.00255 0.14607 0.00052 ( 1)
 188 -   0.01274 0.81878 0.00218 0.16629 ( 2)
 189 -   0.60479 0.23471 0.11284 0.04767 ( 1)
 190 -   0.32050 0.51474 0.06021 0.10454 ( 2)
 191 -   0.57132 0.25987 0.11603 0.05278 ( 1)
 192 -   0.80145 0.04303 0.14678 0.00874 ( 1)
 193 -   0.81730 0.04474 0.12887 0.00909 ( 1)
 194 -   0.83558 0.00363 0.16005 0.00074 ( 1)
 195 -   0.83535 0.02373 0.13610 0.00482 ( 1)
 196 -   0.85256 0.00437 0.14218 0.00089 ( 1)
 197 -   0.85473 0.00064 0.14450 0.00013 ( 1)
 198 -   0.86268 0.00001 0.13730 0.00000 ( 1)
 199 -   0.77382 0.06281 0.15061 0.01276 ( 1)
 200 -   0.86072 0.00000 0.13927 0.00000 ( 1)
 201 -   0.84280 0.00007 0.15712 0.00001 ( 1)
 202 -   0.85362 0.00002 0.14636 0.00000 ( 1)
 203 -   0.45834 0.00186 0.53943 0.00038 ( 3)
 204 -   0.84647 0.00226 0.15082 0.00046 ( 1)
 205 -   0.85471 0.00002 0.14527 0.00000 ( 1)
 206 -   0.86098 0.00025 0.13871 0.00005 ( 1)
 207 -   0.84679 0.00112 0.15187 0.00023 ( 1)
 208 -   0.85718 0.00002 0.14280 0.00000 ( 1)
 209 -   0.84756 0.00019 0.15221 0.00004 ( 1)
 210 -   0.86390 0.00000 0.13610 0.00000 ( 1)
 211 -   0.86117 0.00008 0.13874 0.00002 ( 1)
 212 -   0.85936 0.00031 0.14026 0.00006 ( 1)
 213 -   0.84607 0.01261 0.13877 0.00256 ( 1)
 214 -   0.86026 0.00050 0.13913 0.00010 ( 1)
 215 -   0.84317 0.00022 0.15657 0.00004 ( 1)
 216 -   0.05382 0.77856 0.00949 0.15812 ( 2)
 217 -   0.86268 0.00001 0.13730 0.00000 ( 1)


lnL = -4536.325138

