Supplemental results for CODEML (seqf: algn  treef: tree)


dN/dS (w) for site classes (K=4)

site class             0        1       2a       2b
proportion       0.40739  0.55257  0.01699  0.02305
background w     0.08532  0.88816  0.08532  0.88816
foreground w     0.08532  0.88816 74.47417 74.47417

Naive Empirical Bayes (NEB) probabilities for 4 classes
(amino acids refer to 1st sequence: BT_Cry7Ba1)

   1 -   0.71450 0.28422 0.00083 0.00046 ( 1)
   2 -   0.68813 0.31034 0.00095 0.00058 ( 1)
   3 T   0.04466 0.93717 0.00200 0.01617 ( 2)
   4 V   0.09861 0.89478 0.00091 0.00570 ( 2)
   5 E   0.95093 0.04706 0.00191 0.00009 ( 1)
   6 L   0.85430 0.14513 0.00048 0.00009 ( 1)
   7 T   0.95618 0.04243 0.00131 0.00008 ( 1)
   8 R   0.96914 0.03007 0.00075 0.00003 ( 1)
   9 T   0.09640 0.90286 0.00006 0.00068 ( 2)
  10 I   0.98261 0.01594 0.00142 0.00003 ( 1)
  11 Y   0.60534 0.39332 0.00084 0.00050 ( 1)
  12 T   0.09022 0.90798 0.00012 0.00168 ( 2)
  13 D   0.98924 0.00939 0.00134 0.00002 ( 1)
  14 P   0.93068 0.06873 0.00054 0.00005 ( 1)
  15 L   0.67981 0.31882 0.00083 0.00054 ( 1)
  16 G   0.97950 0.01968 0.00080 0.00002 ( 1)
  17 Y   0.07808 0.92116 0.00005 0.00072 ( 2)
  18 T   0.07504 0.92329 0.00011 0.00155 ( 2)
  19 G   0.87873 0.12053 0.00063 0.00011 ( 1)
  20 Y   0.31061 0.68742 0.00045 0.00152 ( 2)
  21 S   0.01820 0.97893 0.00003 0.00284 ( 2)
  22 N   0.28049 0.70844 0.00263 0.00845 ( 2)
  23 D   0.00861 0.98692 0.00004 0.00443 ( 2)
  24 E   0.76917 0.22926 0.00110 0.00047 ( 1)
  25 H   0.83602 0.16243 0.00122 0.00033 ( 1)
  26 P   0.88319 0.11617 0.00054 0.00009 ( 1)
  27 T   0.01807 0.97972 0.00002 0.00218 ( 2)
  28 Y   0.09784 0.90165 0.00005 0.00046 ( 2)
  29 Y   0.97372 0.02482 0.00141 0.00005 ( 1)
  30 -   0.13935 0.85793 0.00035 0.00236 ( 2)
  31 S   0.74521 0.25342 0.00092 0.00045 ( 1)
  32 S   0.61745 0.36501 0.01047 0.00707 ( 1)
  33 A   0.10137 0.89729 0.00009 0.00125 ( 2)
  34 K   0.00098 0.95401 0.00071 0.04430 ( 2)
  35 P   0.00001 0.99657 0.00000 0.00342 ( 2)
  36 F   0.93335 0.06597 0.00063 0.00005 ( 1)
  37 S   0.00061 0.97119 0.00015 0.02805 ( 2)
  38 S   0.16472 0.82836 0.00065 0.00627 ( 2)
  39 I   0.96985 0.02894 0.00117 0.00005 ( 1)
  40 E   0.94472 0.05409 0.00110 0.00009 ( 1)
  41 S   0.92125 0.07698 0.00155 0.00022 ( 1)
  42 R   0.06503 0.78649 0.00441 0.14407 ( 2)
  43 A   0.87384 0.11694 0.00802 0.00119 ( 1)
  44 V   0.12622 0.83897 0.01994 0.01487 ( 2)
  45 L   0.44467 0.55469 0.00026 0.00039 ( 2)
  46 A   0.01829 0.97886 0.00004 0.00282 ( 2)
  47 P   0.76697 0.23135 0.00116 0.00052 ( 1)
  48 S   0.00397 0.92943 0.00289 0.06371 ( 2)
  49 L   0.90599 0.09300 0.00090 0.00011 ( 1)
  50 F   0.82659 0.17268 0.00059 0.00013 ( 1)
  51 K   0.47034 0.52898 0.00029 0.00039 ( 2)
  52 W   0.74721 0.25231 0.00035 0.00013 ( 1)
  53 I   0.30814 0.69072 0.00031 0.00083 ( 2)
  54 T   0.97837 0.02007 0.00151 0.00005 ( 1)
  55 Q   0.02942 0.96758 0.00019 0.00281 ( 2)
  56 L   0.06633 0.30820 0.46641 0.15906 ( 3)
  57 E   0.00099 0.99789 0.00000 0.00112 ( 2)
  58 V   0.96133 0.03676 0.00181 0.00011 ( 1)
  59 Y   0.00237 0.96771 0.00086 0.02907 ( 2)
  60 T   0.00145 0.99198 0.00001 0.00656 ( 2)
  61 K   0.00186 0.99674 0.00000 0.00140 ( 2)
  62 K   0.00000 0.85613 0.00001 0.14386 ( 2)
  63 Y   0.00738 0.99087 0.00001 0.00175 ( 2)
  64 S   0.00000 0.97783 0.00000 0.02217 ( 2)
  65 Y   0.01739 0.97371 0.00014 0.00875 ( 2)
  66 S   0.00450 0.99263 0.00001 0.00286 ( 2)
  67 S   0.17963 0.81828 0.00024 0.00184 ( 2)
  68 Q   0.00002 0.93950 0.00001 0.06046 ( 2)
  69 Y   0.11325 0.88575 0.00011 0.00089 ( 2)
  70 T   0.67743 0.28253 0.02825 0.01178 ( 1)
  71 T   0.35707 0.44286 0.17099 0.02908 ( 2)
  72 L   0.00295 0.99482 0.00000 0.00223 ( 2)
  73 W   0.22083 0.77861 0.00012 0.00045 ( 2)
  74 T   0.70630 0.28298 0.00747 0.00324 ( 1)
  75 G   0.93770 0.06158 0.00067 0.00005 ( 1)
  76 L   0.12854 0.87099 0.00006 0.00042 ( 2)
  77 R   0.05687 0.94178 0.00005 0.00130 ( 2)
  78 V   0.90512 0.09378 0.00097 0.00013 ( 1)
  79 I   0.00347 0.99339 0.00002 0.00311 ( 2)
  80 A   0.31929 0.67864 0.00049 0.00158 ( 2)
  81 Q   0.03356 0.96133 0.00009 0.00502 ( 2)
  82 P   0.02143 0.97650 0.00003 0.00204 ( 2)
  83 T   0.97837 0.02007 0.00151 0.00005 ( 1)
  84 K   0.00389 0.99233 0.00002 0.00376 ( 2)
  85 D   0.01307 0.86520 0.02390 0.09782 ( 2)
  86 F   0.00014 0.95693 0.00006 0.04287 ( 2)
  87 T   0.00002 0.99137 0.00000 0.00860 ( 2)
  88 D   0.09561 0.90352 0.00007 0.00081 ( 2)
  89 T   0.00246 0.99111 0.00001 0.00642 ( 2)
  90 V   0.01018 0.98797 0.00001 0.00184 ( 2)
  91 Y   0.79929 0.19956 0.00084 0.00031 ( 1)
  92 D   0.48703 0.51016 0.00095 0.00186 ( 2)
  93 Y   0.48022 0.51801 0.00070 0.00107 ( 2)
  94 G   0.93770 0.06158 0.00067 0.00005 ( 1)
  95 S   0.03881 0.95698 0.00014 0.00408 ( 2)
  96 S   0.74949 0.24892 0.00106 0.00053 ( 1)
  97 S   0.84007 0.14139 0.01525 0.00328 ( 1)
  98 G   0.79498 0.19482 0.00787 0.00233 ( 1)
  99 S   0.74350 0.25491 0.00105 0.00054 ( 1)
 100 E   0.00046 0.99566 0.00000 0.00388 ( 2)
 101 N   0.00017 0.99551 0.00000 0.00432 ( 2)
 102 K   0.00164 0.99502 0.00000 0.00333 ( 2)
 103 D   0.00087 0.98242 0.00006 0.01665 ( 2)
 104 V   0.22586 0.77196 0.00035 0.00184 ( 2)
 105 F   0.98372 0.01522 0.00104 0.00002 ( 1)
 106 D   0.44025 0.55014 0.00365 0.00596 ( 2)
 107 L   0.90212 0.09681 0.00090 0.00017 ( 1)
 108 Y   0.02187 0.97736 0.00001 0.00076 ( 2)
 109 G   0.00530 0.99154 0.00007 0.00310 ( 2)
 110 N   0.67075 0.32762 0.00096 0.00067 ( 1)
 111 D   0.98924 0.00939 0.00134 0.00002 ( 1)
 112 V   0.59085 0.30982 0.09375 0.00558 ( 1)
 113 Y   0.97372 0.02482 0.00141 0.00005 ( 1)
 114 D   0.05939 0.94017 0.00002 0.00042 ( 2)
 115 T   0.00140 0.99477 0.00000 0.00382 ( 2)
 116 Q   0.01611 0.98086 0.00004 0.00299 ( 2)
 117 S   0.20335 0.77206 0.00420 0.02040 ( 2)
 118 V   0.00157 0.98372 0.00017 0.01454 ( 2)
 119 V   0.00984 0.98836 0.00001 0.00178 ( 2)
 120 S   0.01113 0.98519 0.00001 0.00366 ( 2)
 121 S   0.05014 0.94543 0.00020 0.00424 ( 2)
 122 Y   0.01878 0.97768 0.00004 0.00350 ( 2)
 123 K   0.01484 0.98313 0.00002 0.00201 ( 2)
 124 P   0.01445 0.94552 0.00060 0.03943 ( 2)
 125 T   0.13136 0.86732 0.00012 0.00120 ( 2)
 126 G   0.02439 0.97384 0.00003 0.00175 ( 2)
 127 G   0.01643 0.98124 0.00003 0.00230 ( 2)
 128 G   0.00187 0.99762 0.00000 0.00051 ( 2)
 129 H   0.64542 0.35292 0.00094 0.00073 ( 1)
 130 F   0.00225 0.02257 0.71133 0.26385 ( 3)
 131 G   0.26181 0.73692 0.00031 0.00096 ( 2)
 132 V   0.12638 0.86535 0.00094 0.00733 ( 2)
 133 P   0.96897 0.03041 0.00060 0.00002 ( 1)
 134 Q   0.00001 0.84410 0.00032 0.15557 ( 2)
 135 F   0.14458 0.85470 0.00009 0.00063 ( 2)
 136 R   0.00784 0.98467 0.00003 0.00746 ( 2)
 137 L   0.90599 0.09300 0.00090 0.00011 ( 1)
 138 F   0.13329 0.86474 0.00019 0.00178 ( 2)
 139 W   0.00060 0.56150 0.01405 0.42384 ( 2)
 140 I   0.98010 0.01845 0.00141 0.00004 ( 1)
 141 T   0.77365 0.22441 0.00130 0.00064 ( 1)
 142 K   0.00001 0.00820 0.12263 0.86917 ( 4)
 143 S   0.00683 0.97298 0.00104 0.01915 ( 2)
 144 N   0.98845 0.00986 0.00166 0.00003 ( 1)
 145 G   0.00000 0.36081 0.00003 0.63915 ( 4)
 146 L   0.85349 0.13444 0.01028 0.00180 ( 1)
 147 R   0.00106 0.99723 0.00000 0.00171 ( 2)
 148 E   0.71004 0.27952 0.00716 0.00329 ( 1)
 149 Q   0.06329 0.92704 0.00058 0.00909 ( 2)
 150 I   0.00006 0.05214 0.16168 0.78611 ( 4)
 151 F   0.97151 0.02003 0.00827 0.00019 ( 1)
 152 N   0.27744 0.72099 0.00034 0.00123 ( 2)
 153 Y   0.22706 0.77122 0.00028 0.00144 ( 2)
 154 A   0.00012 0.98286 0.00001 0.01702 ( 2)
 155 N   0.01023 0.96090 0.00242 0.02645 ( 2)
 156 N   0.37952 0.03943 0.57146 0.00959 ( 3)
 157 M   0.13869 0.85970 0.00017 0.00144 ( 2)
 158 G   0.08667 0.91263 0.00005 0.00065 ( 2)
 159 -   0.94242 0.05618 0.00129 0.00011 ( 1)
 160 S   0.23365 0.76507 0.00021 0.00106 ( 2)
 161 Y   0.00545 0.98238 0.00005 0.01211 ( 2)
 162 S   0.00039 0.52469 0.00586 0.46906 ( 2)
 163 A   0.00145 0.99604 0.00000 0.00251 ( 2)
 164 Y   0.00155 0.98481 0.00007 0.01357 ( 2)
 165 R   0.04200 0.94093 0.00078 0.01629 ( 2)
 166 F   0.75983 0.23858 0.00110 0.00049 ( 1)
 167 S   0.08942 0.90890 0.00011 0.00157 ( 2)
 168 K   0.29551 0.70325 0.00027 0.00098 ( 2)
 169 D   0.21390 0.78329 0.00035 0.00246 ( 2)
 170 E   0.13227 0.86629 0.00051 0.00093 ( 2)
 171 L   0.90599 0.09300 0.00090 0.00011 ( 1)
 172 P   0.84804 0.15111 0.00071 0.00014 ( 1)
 173 I   0.96985 0.02894 0.00117 0.00005 ( 1)
 174 E   0.74743 0.25103 0.00101 0.00052 ( 1)
 175 L   0.06857 0.93060 0.00005 0.00078 ( 2)
 176 L   0.02743 0.93935 0.00710 0.02611 ( 2)
 177 Q   0.01151 0.97858 0.00010 0.00980 ( 2)
 178 P   0.00000 0.67909 0.00017 0.32073 ( 2)
 179 P   0.96897 0.03041 0.00060 0.00002 ( 1)
 180 L   0.64163 0.35666 0.00092 0.00079 ( 1)
 181 F   0.65194 0.34640 0.00095 0.00071 ( 1)
 182 G   0.93770 0.06158 0.00067 0.00005 ( 1)
 183 D   0.98924 0.00939 0.00134 0.00002 ( 1)
 184 I   0.24070 0.34612 0.26840 0.14479 ( 2)
 185 E   0.89445 0.10493 0.00055 0.00008 ( 1)
 186 E   0.97181 0.02702 0.00112 0.00004 ( 1)
 187 Y   0.91263 0.08586 0.00133 0.00018 ( 1)
 188 S   0.79564 0.09181 0.11105 0.00150 ( 1)
 189 H   0.98556 0.01375 0.00069 0.00001 ( 1)
 190 R   0.83161 0.12736 0.03522 0.00581 ( 1)
 191 L   0.90599 0.09300 0.00090 0.00011 ( 1)
 192 S   0.99014 0.00895 0.00090 0.00001 ( 1)
 193 H   0.09794 0.89964 0.00017 0.00226 ( 2)
 194 V   0.82482 0.17365 0.00116 0.00038 ( 1)
 195 S   0.89134 0.10724 0.00124 0.00017 ( 1)
 196 E   0.92313 0.07313 0.00335 0.00040 ( 1)
 197 V   0.79323 0.20516 0.00115 0.00046 ( 1)
 198 I   0.03555 0.96105 0.00034 0.00306 ( 2)
 199 K   0.24333 0.75378 0.00048 0.00242 ( 2)
 200 D   0.00345 0.96918 0.00240 0.02497 ( 2)
 201 Y   0.01968 0.97624 0.00013 0.00395 ( 2)
 202 G   0.84965 0.14269 0.00659 0.00106 ( 1)
 203 E   0.00601 0.99259 0.00001 0.00139 ( 2)
 204 -   0.40739 0.55257 0.01699 0.02305 ( 2)
 205 -   0.40739 0.55257 0.01699 0.02305 ( 2)
 206 -   0.40739 0.55257 0.01699 0.02305 ( 2)
 207 -   0.40739 0.55257 0.01699 0.02305 ( 2)
 208 -   0.40739 0.55257 0.01699 0.02305 ( 2)
 209 -   0.40739 0.55257 0.01699 0.02305 ( 2)
 210 -   0.40739 0.55257 0.01699 0.02305 ( 2)
 211 -   0.40739 0.55257 0.01699 0.02305 ( 2)
 212 G   0.93770 0.06158 0.00067 0.00005 ( 1)
 213 I   0.13375 0.86294 0.00095 0.00236 ( 2)
 214 I   0.98261 0.01594 0.00142 0.00003 ( 1)
 215 P   0.94841 0.05100 0.00055 0.00004 ( 1)
 216 V   0.89780 0.10040 0.00161 0.00019 ( 1)
 217 L   0.90599 0.09300 0.00090 0.00011 ( 1)
 218 G   0.93727 0.04358 0.01824 0.00092 ( 1)
 219 W   0.02543 0.97406 0.00001 0.00050 ( 2)
 220 T   0.95723 0.03977 0.00286 0.00015 ( 1)
 221 H   0.98556 0.01375 0.00069 0.00001 ( 1)
 222 V   0.15972 0.83825 0.00023 0.00180 ( 2)
 223 S   0.88386 0.07610 0.03686 0.00317 ( 1)


lnL = -2866.673892

