Supplemental results for CODEML (seqf: algn  treef: tree)


dN/dS (w) for site classes (K=4)

site class             0        1       2a       2b
proportion       0.07767  0.20299  0.19908  0.52026
background w     1.33364  0.11519  1.33364  0.11519
foreground w     1.33364  0.11519  0.08165  0.08165

Naive Empirical Bayes (NEB) probabilities for 4 classes
(amino acids refer to 1st sequence: BT_Cry32Ma1)

   1 -   0.07767 0.20299 0.19908 0.52026 ( 4)
   2 -   0.07767 0.20299 0.19908 0.52026 ( 4)
   3 G   0.00116 0.27544 0.00528 0.71812 ( 4)
   4 V   0.00192 0.27322 0.00995 0.71491 ( 4)
   5 Q   0.01276 0.25729 0.05940 0.67055 ( 4)
   6 V   0.03420 0.21803 0.17731 0.57047 ( 4)
   7 E   0.02046 0.23673 0.12074 0.62207 ( 4)
   8 L   0.00133 0.27791 0.00424 0.71652 ( 4)
   9 S   0.00188 0.27527 0.00772 0.71513 ( 4)
  10 R   0.00067 0.27537 0.00353 0.72043 ( 4)
  11 E   0.00048 0.27474 0.00283 0.72195 ( 4)
  12 V   0.00089 0.27498 0.00463 0.71950 ( 4)
  13 Y   0.00043 0.27479 0.00256 0.72222 ( 4)
  14 S   0.06962 0.18542 0.26459 0.48037 ( 4)
  15 T   0.00209 0.27286 0.01089 0.71416 ( 4)
  16 V   0.00385 0.26992 0.01998 0.70626 ( 4)
  17 Y   0.00039 0.27487 0.00230 0.72244 ( 4)
  18 G   0.00109 0.27532 0.00522 0.71837 ( 4)
  19 R   0.00046 0.27573 0.00244 0.72137 ( 4)
  20 G   0.02815 0.23829 0.11464 0.61892 ( 4)
  21 G   0.02112 0.23406 0.12936 0.61546 ( 4)
  22 S   0.93339 0.01114 0.04009 0.01538 ( 1)
  23 N   0.18434 0.24255 0.11804 0.45508 ( 4)
  24 N   0.00163 0.27018 0.01219 0.71599 ( 4)
  25 -   0.07602 0.20464 0.19485 0.52449 ( 4)
  26 -   0.07496 0.20570 0.19212 0.52722 ( 4)
  27 -   0.07496 0.20570 0.19212 0.52722 ( 4)
  28 -   0.07259 0.20807 0.18605 0.53329 ( 4)
  29 -   0.07633 0.20432 0.19565 0.52369 ( 4)
  30 S   0.06777 0.18190 0.27776 0.47257 ( 4)
  31 S   0.10257 0.08359 0.59435 0.21949 ( 3)
  32 F   0.57220 0.05069 0.27267 0.10445 ( 1)
  33 D   0.01708 0.33978 0.00884 0.63429 ( 4)
  34 A   0.00691 0.26455 0.03607 0.69247 ( 4)
  35 I   0.00261 0.27557 0.00923 0.71259 ( 4)
  36 E   0.00045 0.27479 0.00266 0.72210 ( 4)
  37 S   0.00420 0.27017 0.02021 0.70543 ( 4)
  38 Q   0.16925 0.01241 0.78601 0.03234 ( 3)
  39 I   0.02670 0.22034 0.17230 0.58067 ( 4)
  40 V   0.00785 0.26956 0.02646 0.69613 ( 4)
  41 R   0.00140 0.27410 0.00738 0.71711 ( 4)
  42 P   0.04961 0.19880 0.23328 0.51830 ( 4)
  43 P   0.00120 0.27618 0.00493 0.71769 ( 4)
  44 H   0.00019 0.27492 0.00124 0.72364 ( 4)
  45 L   0.00215 0.27453 0.00925 0.71407 ( 4)
  46 V   0.00160 0.27678 0.00572 0.71590 ( 4)
  47 T   0.00663 0.26506 0.03456 0.69375 ( 4)
  48 E   0.02020 0.23716 0.11945 0.62320 ( 4)
  49 L   0.00174 0.27575 0.00696 0.71554 ( 4)
  50 T   0.00535 0.27256 0.01811 0.70397 ( 4)
  51 N   0.13089 0.28314 0.05847 0.52750 ( 4)
  52 L   0.00119 0.27534 0.00556 0.71791 ( 4)
  53 K   0.05253 0.17589 0.30947 0.46211 ( 4)
  54 I   0.01032 0.25391 0.06661 0.66915 ( 4)
  55 E   0.03375 0.22767 0.14643 0.59215 ( 4)
  56 Q   0.00796 0.26712 0.03124 0.69368 ( 4)
  57 G   0.07361 0.13113 0.45049 0.34478 ( 3)
  58 A   0.08055 0.11587 0.49851 0.30508 ( 3)
  59 T   0.13095 0.01647 0.80923 0.04335 ( 3)
  60 L   0.18093 0.03747 0.68426 0.09734 ( 3)
  61 D   0.05030 0.15728 0.37559 0.41682 ( 4)
  62 M   0.15566 0.01473 0.79113 0.03848 ( 3)
  63 E   0.01987 0.23777 0.11753 0.62482 ( 4)
  64 Q   0.20262 0.01918 0.72859 0.04961 ( 3)
  65 I   0.08811 0.11700 0.48815 0.30675 ( 3)
  66 Q   0.10156 0.11824 0.47207 0.30814 ( 3)
  67 Y   0.14193 0.00468 0.84110 0.01229 ( 3)
  68 -   0.07580 0.20486 0.19427 0.52507 ( 4)
  69 P   0.09519 0.14174 0.39467 0.36839 ( 3)
  70 K   0.17170 0.02400 0.74189 0.06241 ( 3)
  71 Y   0.00708 0.26209 0.04201 0.68883 ( 4)
  72 M   0.16104 0.00560 0.81873 0.01463 ( 3)
  73 K   0.03110 0.23170 0.13461 0.60260 ( 4)
  74 V   0.01713 0.24144 0.10594 0.63549 ( 4)
  75 T   0.00811 0.26844 0.02902 0.69443 ( 4)
  76 N   0.00040 0.27304 0.00299 0.72357 ( 4)
  77 T   0.00322 0.27186 0.01525 0.70967 ( 4)
  78 L   0.00040 0.27571 0.00217 0.72171 ( 4)
  79 H   0.04486 0.18323 0.28961 0.48230 ( 4)
  80 Y   0.09813 0.08779 0.58334 0.23074 ( 3)
  81 V   0.01578 0.34171 0.00693 0.63558 ( 4)
  82 G   0.00164 0.27554 0.00681 0.71602 ( 4)
  83 S   0.01185 0.24908 0.08183 0.65723 ( 4)
  84 S   0.00558 0.26535 0.03236 0.69671 ( 4)
  85 S   0.93981 0.01122 0.03023 0.01873 ( 1)
  86 T   0.00122 0.27436 0.00634 0.71809 ( 4)
  87 W   0.04375 0.22346 0.15497 0.57781 ( 4)
  88 E   0.00112 0.27603 0.00488 0.71796 ( 4)
  89 Q   0.01180 0.25879 0.05494 0.67447 ( 4)
  90 S   0.00532 0.27138 0.02020 0.70310 ( 4)
  91 S   0.00653 0.26362 0.03776 0.69209 ( 4)
  92 S   0.00470 0.26700 0.02724 0.70105 ( 4)
  93 A   0.05589 0.16428 0.34723 0.43260 ( 4)
  94 I   0.00859 0.25745 0.05547 0.67848 ( 4)
  95 P   0.11922 0.06049 0.66180 0.15849 ( 3)
  96 I   0.00551 0.26375 0.03563 0.69510 ( 4)
  97 R   0.04119 0.20534 0.21628 0.53719 ( 4)
  98 P   0.06167 0.17977 0.28990 0.46867 ( 4)
  99 I   0.09365 0.13094 0.43360 0.34181 ( 3)
 100 T   0.08099 0.17550 0.28951 0.45400 ( 4)
 101 Q   0.19905 0.00774 0.77311 0.02010 ( 3)
 102 I   0.01027 0.25402 0.06631 0.66940 ( 4)
 103 H   0.00381 0.26750 0.02458 0.70411 ( 4)
 104 T   0.01018 0.25511 0.06307 0.67164 ( 4)
 105 I   0.05526 0.20898 0.19536 0.54040 ( 4)
 106 P   0.10230 0.11557 0.48083 0.30130 ( 3)
 107 A   0.00799 0.26933 0.02704 0.69564 ( 4)
 108 N   0.06891 0.11451 0.51314 0.30343 ( 3)
 109 N   0.00875 0.25372 0.06523 0.67230 ( 4)
 110 I   0.00082 0.27460 0.00458 0.71999 ( 4)
 111 G   0.00456 0.26656 0.02795 0.70093 ( 4)
 112 N   0.00426 0.26409 0.03181 0.69984 ( 4)
 113 L   0.00295 0.27119 0.01597 0.70988 ( 4)
 114 S   0.04978 0.21269 0.18646 0.55108 ( 4)
 115 L   0.00136 0.27569 0.00587 0.71708 ( 4)
 116 S   0.14550 0.00389 0.84040 0.01021 ( 3)
 117 Q   0.03557 0.22156 0.16545 0.57741 ( 4)
 118 L   0.16141 0.04023 0.69374 0.10463 ( 3)
 119 D   0.51415 0.07184 0.27916 0.13484 ( 1)
 120 V   0.02571 0.23251 0.13338 0.60839 ( 4)
 121 P   0.00036 0.27559 0.00200 0.72205 ( 4)
 122 Y   0.17651 0.06632 0.58596 0.17121 ( 3)
 123 R   0.17626 0.05425 0.62918 0.14032 ( 3)
 124 F   0.00094 0.27325 0.00610 0.71971 ( 4)
 125 S   0.00340 0.26945 0.01968 0.70747 ( 4)
 126 F   0.00124 0.27694 0.00462 0.71720 ( 4)
 127 Y   0.01163 0.25999 0.05116 0.67722 ( 4)
 128 N   0.00567 0.26977 0.02368 0.70088 ( 4)
 129 K   0.55145 0.07496 0.23482 0.13877 ( 1)
 130 D   0.01850 0.23111 0.13798 0.61241 ( 4)
 131 D   0.47299 0.06751 0.32970 0.12980 ( 1)
 132 A   0.13090 0.01642 0.80946 0.04323 ( 3)
 133 L   0.20568 0.00872 0.76298 0.02262 ( 3)
 134 I   0.03979 0.19341 0.25706 0.50973 ( 4)
 135 A   0.05357 0.16910 0.33206 0.44526 ( 4)
 136 A   0.42433 0.14279 0.16838 0.26450 ( 1)
 137 V   0.00333 0.26874 0.02059 0.70735 ( 4)
 138 G   0.01198 0.25788 0.05726 0.67287 ( 4)
 139 A   0.56705 0.01625 0.38056 0.03614 ( 1)
 140 E   0.03430 0.21040 0.20241 0.55288 ( 4)
 141 F   0.45817 0.13939 0.14380 0.25864 ( 1)
 142 P   0.03655 0.21016 0.20266 0.55063 ( 4)
 143 P   0.04308 0.20916 0.20246 0.54530 ( 4)
 144 N   0.17410 0.02754 0.72681 0.07155 ( 3)
 145 T   0.56840 0.02975 0.34534 0.05652 ( 1)
 146 V   0.10452 0.09776 0.54192 0.25580 ( 3)
 147 T   0.22768 0.00069 0.76983 0.00179 ( 3)
 148 W   0.04427 0.22281 0.15679 0.57613 ( 4)
 149 N   0.00275 0.27397 0.01149 0.71179 ( 4)
 150 G   0.07577 0.18332 0.26692 0.47399 ( 4)
 151 I   0.00407 0.26873 0.02261 0.70459 ( 4)
 152 P   0.00296 0.27088 0.01644 0.70972 ( 4)
 153 K   0.03420 0.33258 0.01595 0.61728 ( 4)
 154 A   0.16967 0.01261 0.78484 0.03289 ( 3)
 155 E   0.01067 0.25531 0.06311 0.67091 ( 4)
 156 D   0.07085 0.10991 0.52798 0.29127 ( 3)
 157 S   0.00572 0.26240 0.03950 0.69238 ( 4)
 158 N   0.00635 0.34404 0.00407 0.64555 ( 4)
 159 Q   0.00939 0.26258 0.04371 0.68433 ( 4)
 160 N   0.01293 0.24397 0.09658 0.64652 ( 4)
 161 S   0.00525 0.26342 0.03627 0.69506 ( 4)
 162 -   0.07477 0.20588 0.19165 0.52769 ( 4)
 163 -   0.07625 0.20441 0.19543 0.52392 ( 4)
 164 -   0.07685 0.20381 0.19698 0.52236 ( 4)
 165 -   0.07498 0.20568 0.19217 0.52717 ( 4)
 166 H   0.00020 0.27491 0.00127 0.72362 ( 4)
 167 H   0.00128 0.27268 0.00830 0.71774 ( 4)
 168 L   0.00160 0.27533 0.00691 0.71615 ( 4)
 169 S   0.01119 0.25483 0.06489 0.66908 ( 4)
 170 Y   0.00044 0.27477 0.00262 0.72217 ( 4)
 171 V   0.00071 0.27391 0.00441 0.72097 ( 4)
 172 G   0.06897 0.14027 0.42193 0.36883 ( 3)
 173 A   0.00382 0.27115 0.01768 0.70735 ( 4)
 174 L   0.00801 0.26589 0.03450 0.69160 ( 4)
 175 G   0.34259 0.16569 0.18267 0.30905 ( 1)
 176 T   0.02393 0.23532 0.12482 0.61592 ( 4)
 177 Q   0.01647 0.25147 0.07667 0.65538 ( 4)
 178 S   0.12470 0.04257 0.72098 0.11176 ( 3)
 179 S   0.02608 0.24102 0.10675 0.62615 ( 4)
 180 A   0.00318 0.26893 0.01974 0.70816 ( 4)
 181 G   0.00867 0.26796 0.03053 0.69284 ( 4)
 182 F   0.11635 0.03590 0.75319 0.09456 ( 3)
 183 P   0.15259 0.00052 0.84551 0.00137 ( 3)
 184 W   0.76541 0.00373 0.22388 0.00699 ( 1)
 185 -   0.07767 0.20299 0.19908 0.52026 ( 4)
 186 T   0.03187 0.22168 0.16624 0.58021 ( 4)
 187 Y   0.00044 0.27477 0.00262 0.72217 ( 4)
 188 P   0.07813 0.16999 0.31076 0.44112 ( 4)
 189 T   0.20857 0.01299 0.74484 0.03360 ( 3)
 190 E   0.18742 0.00003 0.81247 0.00008 ( 3)
 191 L   0.10671 0.08781 0.57564 0.22985 ( 3)
 192 L   0.01082 0.26401 0.04034 0.68482 ( 4)
 193 G   0.00119 0.27628 0.00487 0.71766 ( 4)
 194 E   0.00897 0.25855 0.05308 0.67940 ( 4)
 195 W   0.00046 0.27831 0.00162 0.71962 ( 4)
 196 G   0.00102 0.27544 0.00485 0.71869 ( 4)
 197 F   0.00461 0.26567 0.02997 0.69974 ( 4)
 198 G   0.00051 0.27451 0.00315 0.72183 ( 4)
 199 W   0.00046 0.27831 0.00162 0.71962 ( 4)
 200 L   0.00199 0.27611 0.00728 0.71462 ( 4)
 201 H   0.00017 0.27496 0.00112 0.72375 ( 4)
 202 N   0.00985 0.25912 0.05109 0.67994 ( 4)
 203 -   0.07767 0.20299 0.19908 0.52026 ( 4)


lnL = -2305.307906

