Supplemental results for CODEML (seqf: algn  treef: tree)


dN/dS (w) for site classes (K=4)

site class             0        1       2a       2b
proportion       0.51117  0.48883  0.00000  0.00000
background w     0.14862  1.00000  0.14862  1.00000
foreground w     0.14862  1.00000  1.00000  1.00000

Naive Empirical Bayes (NEB) probabilities for 4 classes
(amino acids refer to 1st sequence: BT_Cry40Aa1)

   1 S   0.33929 0.66071 0.00000 0.00000 ( 2)
   2 -   0.21158 0.78842 0.00000 0.00000 ( 2)
   3 L   0.03234 0.96766 0.00000 0.00000 ( 2)
   4 G   0.01227 0.98773 0.00000 0.00000 ( 2)
   5 G   0.00231 0.99769 0.00000 0.00000 ( 2)
   6 I   0.96055 0.03945 0.00000 0.00000 ( 1)
   7 N   0.01390 0.98610 0.00000 0.00000 ( 2)
   8 T   0.00102 0.99898 0.00000 0.00000 ( 2)
   9 L   0.08806 0.91194 0.00000 0.00000 ( 2)
  10 F   0.01796 0.98204 0.00000 0.00000 ( 2)
  11 S   0.00057 0.99943 0.00000 0.00000 ( 2)
  12 I   0.67931 0.32069 0.00000 0.00000 ( 1)
  13 I   0.95862 0.04138 0.00000 0.00000 ( 1)
  14 G   0.00000 1.00000 0.00000 0.00000 ( 2)
  15 K   0.22589 0.77411 0.00000 0.00000 ( 2)
  16 L   0.26753 0.73247 0.00000 0.00000 ( 2)
  17 I   0.10905 0.89095 0.00000 0.00000 ( 2)
  18 -   0.03417 0.96583 0.00000 0.00000 ( 2)
  19 P   0.65923 0.34077 0.00000 0.00000 ( 1)
  20 T   0.53945 0.46055 0.00000 0.00000 ( 1)
  21 N   0.03966 0.96034 0.00000 0.00000 ( 2)
  22 H   0.89888 0.10112 0.00000 0.00000 ( 1)
  23 Q   0.00061 0.99939 0.00000 0.00000 ( 2)
  24 S   0.46450 0.53550 0.00000 0.00000 ( 2)
  25 V   0.64077 0.35923 0.00000 0.00000 ( 1)
  26 S   0.28958 0.71042 0.00000 0.00000 ( 2)
  27 A   0.01157 0.98843 0.00000 0.00000 ( 2)
  28 L   0.98427 0.01573 0.00000 0.00000 ( 1)
  29 S   0.99835 0.00165 0.00000 0.00000 ( 1)
  30 I   0.99461 0.00539 0.00000 0.00000 ( 1)
  31 C   0.99840 0.00160 0.00000 0.00000 ( 1)
  32 D   0.99888 0.00112 0.00000 0.00000 ( 1)
  33 L   0.99271 0.00729 0.00000 0.00000 ( 1)
  34 L   0.93049 0.06951 0.00000 0.00000 ( 1)
  35 S   0.98652 0.01348 0.00000 0.00000 ( 1)
  36 I   0.99933 0.00067 0.00000 0.00000 ( 1)
  37 I   0.99941 0.00059 0.00000 0.00000 ( 1)
  38 R   0.89093 0.10907 0.00000 0.00000 ( 1)
  39 K   0.42789 0.57211 0.00000 0.00000 ( 2)
  40 E   0.42978 0.57022 0.00000 0.00000 ( 2)
  41 V   0.98962 0.01038 0.00000 0.00000 ( 1)
  42 A   0.06397 0.93603 0.00000 0.00000 ( 2)
  43 D   0.16849 0.83151 0.00000 0.00000 ( 2)
  44 S   0.99432 0.00568 0.00000 0.00000 ( 1)
  45 V   0.94077 0.05923 0.00000 0.00000 ( 1)
  46 L   0.99178 0.00822 0.00000 0.00000 ( 1)
  47 S   0.10015 0.89985 0.00000 0.00000 ( 2)
  48 D   0.12675 0.87325 0.00000 0.00000 ( 2)
  49 A   0.07129 0.92871 0.00000 0.00000 ( 2)
  50 I   0.00864 0.99136 0.00000 0.00000 ( 2)
  51 C   0.09930 0.90070 0.00000 0.00000 ( 2)
  52 R   0.94991 0.05009 0.00000 0.00000 ( 1)
  53 F   0.99967 0.00033 0.00000 0.00000 ( 1)
  54 L   0.51117 0.48883 0.00000 0.00000 ( 1)
  55 D   0.15787 0.84213 0.00000 0.00000 ( 2)
  56 G   0.99835 0.00165 0.00000 0.00000 ( 1)
  57 K   0.00483 0.99517 0.00000 0.00000 ( 2)
  58 L   0.03001 0.96999 0.00000 0.00000 ( 2)
  59 K   0.00014 0.99986 0.00000 0.00000 ( 2)
  60 N   0.01164 0.98836 0.00000 0.00000 ( 2)
  61 Y   0.96466 0.03534 0.00000 0.00000 ( 1)
  62 R   0.00006 0.99994 0.00000 0.00000 ( 2)
  63 E   0.00001 0.99999 0.00000 0.00000 ( 2)
  64 Y   0.97309 0.02691 0.00000 0.00000 ( 1)
  65 Y   0.99860 0.00140 0.00000 0.00000 ( 1)
  66 L   0.98898 0.01102 0.00000 0.00000 ( 1)
  67 P   0.00000 1.00000 0.00000 0.00000 ( 2)
  68 Y   0.56752 0.43248 0.00000 0.00000 ( 1)
  69 L   0.99095 0.00905 0.00000 0.00000 ( 1)
  70 E   0.00001 0.99999 0.00000 0.00000 ( 2)
  71 A   0.00000 1.00000 0.00000 0.00000 ( 2)
  72 W   0.93708 0.06292 0.00000 0.00000 ( 1)
  73 L   0.82712 0.17288 0.00000 0.00000 ( 1)
  74 K   0.00078 0.99922 0.00000 0.00000 ( 2)
  75 D   0.00747 0.99253 0.00000 0.00000 ( 2)
  76 G   0.00478 0.99522 0.00000 0.00000 ( 2)
  77 K   0.00801 0.99199 0.00000 0.00000 ( 2)
  78 P   0.90238 0.09762 0.00000 0.00000 ( 1)
  79 L   0.14740 0.85260 0.00000 0.00000 ( 2)
  80 Q   0.06647 0.93353 0.00000 0.00000 ( 2)
  81 K   0.03853 0.96147 0.00000 0.00000 ( 2)
  82 T   0.59379 0.40621 0.00000 0.00000 ( 1)
  83 N   0.90744 0.09256 0.00000 0.00000 ( 1)
  84 N   0.00149 0.99851 0.00000 0.00000 ( 2)
  85 S   0.00000 1.00000 0.00000 0.00000 ( 2)
  86 D   0.00000 1.00000 0.00000 0.00000 ( 2)
  87 I   0.42174 0.57826 0.00000 0.00000 ( 2)
  88 G   0.00000 1.00000 0.00000 0.00000 ( 2)
  89 Q   0.05445 0.94555 0.00000 0.00000 ( 2)
  90 L   0.21409 0.78591 0.00000 0.00000 ( 2)
  91 V   0.13325 0.86675 0.00000 0.00000 ( 2)
  92 K   0.00004 0.99996 0.00000 0.00000 ( 2)
  93 Y   0.07668 0.92332 0.00000 0.00000 ( 2)
  94 F   0.99089 0.00911 0.00000 0.00000 ( 1)
  95 E   0.03293 0.96707 0.00000 0.00000 ( 2)
  96 L   0.00000 1.00000 0.00000 0.00000 ( 2)
  97 S   0.01637 0.98363 0.00000 0.00000 ( 2)
  98 E   0.95371 0.04629 0.00000 0.00000 ( 1)
  99 R   0.00016 0.99984 0.00000 0.00000 ( 2)
 100 D   0.00149 0.99851 0.00000 0.00000 ( 2)
 101 F   0.97999 0.02001 0.00000 0.00000 ( 1)
 102 N   0.48895 0.51105 0.00000 0.00000 ( 2)
 103 E   0.00136 0.99864 0.00000 0.00000 ( 2)
 104 I   0.92298 0.07702 0.00000 0.00000 ( 1)
 105 L   0.92161 0.07839 0.00000 0.00000 ( 1)
 106 -   0.78005 0.21995 0.00000 0.00000 ( 1)
 107 -   0.22149 0.77851 0.00000 0.00000 ( 2)
 108 -   0.70105 0.29895 0.00000 0.00000 ( 1)
 109 -   0.81522 0.18478 0.00000 0.00000 ( 1)
 110 -   0.73703 0.26297 0.00000 0.00000 ( 1)
 111 -   0.70724 0.29276 0.00000 0.00000 ( 1)
 112 -   0.43019 0.56981 0.00000 0.00000 ( 2)
 113 G   0.01126 0.98874 0.00000 0.00000 ( 2)
 114 G   0.98148 0.01852 0.00000 0.00000 ( 1)
 115 S   0.57297 0.42703 0.00000 0.00000 ( 1)
 116 L   0.99211 0.00789 0.00000 0.00000 ( 1)
 117 A   0.38893 0.61107 0.00000 0.00000 ( 2)
 118 R   0.89777 0.10223 0.00000 0.00000 ( 1)
 119 N   0.00006 0.99994 0.00000 0.00000 ( 2)
 120 N   0.66877 0.33123 0.00000 0.00000 ( 1)
 121 A   0.98764 0.01236 0.00000 0.00000 ( 1)
 122 Q   0.79306 0.20694 0.00000 0.00000 ( 1)
 123 I   0.99261 0.00739 0.00000 0.00000 ( 1)
 124 L   0.98888 0.01112 0.00000 0.00000 ( 1)
 125 L   0.99165 0.00835 0.00000 0.00000 ( 1)
 126 L   0.98241 0.01759 0.00000 0.00000 ( 1)
 127 P   0.99660 0.00340 0.00000 0.00000 ( 1)
 128 Y   0.48374 0.51626 0.00000 0.00000 ( 2)
 129 F   0.77161 0.22839 0.00000 0.00000 ( 1)
 130 C   0.00048 0.99952 0.00000 0.00000 ( 2)
 131 A   0.02187 0.97813 0.00000 0.00000 ( 2)
 132 S   0.66717 0.33283 0.00000 0.00000 ( 1)
 133 C   0.91037 0.08963 0.00000 0.00000 ( 1)
 134 K   0.84400 0.15600 0.00000 0.00000 ( 1)
 135 C   0.00063 0.99937 0.00000 0.00000 ( 2)
 136 Q   0.98790 0.01210 0.00000 0.00000 ( 1)
 137 L   0.99271 0.00729 0.00000 0.00000 ( 1)
 138 L   0.98269 0.01731 0.00000 0.00000 ( 1)
 139 L   0.89557 0.10443 0.00000 0.00000 ( 1)
 140 L   0.99184 0.00816 0.00000 0.00000 ( 1)
 141 R   0.97949 0.02051 0.00000 0.00000 ( 1)
 142 D   0.99967 0.00033 0.00000 0.00000 ( 1)
 143 A   0.75252 0.24748 0.00000 0.00000 ( 1)
 144 V   0.35119 0.64881 0.00000 0.00000 ( 2)
 145 Q   0.04138 0.95862 0.00000 0.00000 ( 2)
 146 Y   0.99860 0.00140 0.00000 0.00000 ( 1)
 147 E   0.57778 0.42222 0.00000 0.00000 ( 1)
 148 E   0.00002 0.99998 0.00000 0.00000 ( 2)
 149 Q   0.00037 0.99963 0.00000 0.00000 ( 2)
 150 W   0.93708 0.06292 0.00000 0.00000 ( 1)
 151 F   0.01580 0.98420 0.00000 0.00000 ( 2)
 152 P   0.00028 0.99972 0.00000 0.00000 ( 2)
 153 F   0.00148 0.99852 0.00000 0.00000 ( 2)
 154 L   0.00045 0.99955 0.00000 0.00000 ( 2)
 155 S   0.02226 0.97774 0.00000 0.00000 ( 2)
 156 A   0.01604 0.98396 0.00000 0.00000 ( 2)
 157 E   0.18840 0.81160 0.00000 0.00000 ( 2)
 158 N   0.16346 0.83654 0.00000 0.00000 ( 2)
 159 V   0.30208 0.69792 0.00000 0.00000 ( 2)
 160 R   0.29999 0.70001 0.00000 0.00000 ( 2)
 161 S   0.79832 0.20168 0.00000 0.00000 ( 1)
 162 E   0.82878 0.17122 0.00000 0.00000 ( 1)
 163 L   0.87858 0.12142 0.00000 0.00000 ( 1)
 164 I   0.84267 0.15733 0.00000 0.00000 ( 1)
 165 S   0.92869 0.07131 0.00000 0.00000 ( 1)
 166 P   0.99449 0.00551 0.00000 0.00000 ( 1)
 167 N   0.54993 0.45007 0.00000 0.00000 ( 1)
 168 S   0.60725 0.39275 0.00000 0.00000 ( 1)
 169 G   0.59610 0.40390 0.00000 0.00000 ( 1)
 170 C   0.59333 0.40667 0.00000 0.00000 ( 1)
 171 D   0.62480 0.37520 0.00000 0.00000 ( 1)
 172 F   0.61727 0.38273 0.00000 0.00000 ( 1)
 173 T   0.01009 0.98991 0.00000 0.00000 ( 2)
 174 G   0.05323 0.94677 0.00000 0.00000 ( 2)
 175 D   0.99886 0.00114 0.00000 0.00000 ( 1)
 176 Y   0.98172 0.01828 0.00000 0.00000 ( 1)
 177 Y   0.00002 0.99998 0.00000 0.00000 ( 2)
 178 E   0.01018 0.98982 0.00000 0.00000 ( 2)
 179 R   0.20655 0.79345 0.00000 0.00000 ( 2)
 180 L   0.93575 0.06425 0.00000 0.00000 ( 1)
 181 K   0.43154 0.56846 0.00000 0.00000 ( 2)
 182 C   0.00280 0.99720 0.00000 0.00000 ( 2)
 183 K   0.01296 0.98704 0.00000 0.00000 ( 2)
 184 I   0.23822 0.76178 0.00000 0.00000 ( 2)
 185 A   0.02055 0.97945 0.00000 0.00000 ( 2)
 186 E   0.00007 0.99993 0.00000 0.00000 ( 2)
 187 Y   0.99063 0.00937 0.00000 0.00000 ( 1)
 188 T   0.06957 0.93043 0.00000 0.00000 ( 2)
 189 D   0.57298 0.42702 0.00000 0.00000 ( 1)
 190 Y   0.92521 0.07479 0.00000 0.00000 ( 1)
 191 C   0.99130 0.00870 0.00000 0.00000 ( 1)
 192 E   0.00003 0.99997 0.00000 0.00000 ( 2)
 193 Y   0.00001 0.99999 0.00000 0.00000 ( 2)
 194 W   0.93708 0.06292 0.00000 0.00000 ( 1)
 195 Y   0.99860 0.00140 0.00000 0.00000 ( 1)
 196 Q   0.29811 0.70189 0.00000 0.00000 ( 2)
 197 A   0.00015 0.99985 0.00000 0.00000 ( 2)
 198 G   0.99873 0.00127 0.00000 0.00000 ( 1)
 199 L   0.93211 0.06789 0.00000 0.00000 ( 1)
 200 N   0.97844 0.02156 0.00000 0.00000 ( 1)
 201 Q   0.89862 0.10138 0.00000 0.00000 ( 1)
 202 I   0.98090 0.01910 0.00000 0.00000 ( 1)
 203 K   0.86584 0.13416 0.00000 0.00000 ( 1)
 204 Q   0.00267 0.99733 0.00000 0.00000 ( 2)
 205 A   0.00002 0.99998 0.00000 0.00000 ( 2)
 206 G   0.99379 0.00621 0.00000 0.00000 ( 1)
 207 T   0.12986 0.87014 0.00000 0.00000 ( 2)
 208 G   0.04383 0.95617 0.00000 0.00000 ( 2)
 209 A   0.69089 0.30911 0.00000 0.00000 ( 1)
 210 D   0.00318 0.99682 0.00000 0.00000 ( 2)
 211 T   0.00066 0.99934 0.00000 0.00000 ( 2)
 212 W   0.93708 0.06292 0.00000 0.00000 ( 1)
 213 A   0.00179 0.99821 0.00000 0.00000 ( 2)
 214 K   0.99441 0.00559 0.00000 0.00000 ( 1)
 215 F   0.99967 0.00033 0.00000 0.00000 ( 1)
 216 N   0.99764 0.00236 0.00000 0.00000 ( 1)
 217 K   0.99211 0.00789 0.00000 0.00000 ( 1)
 218 F   0.99654 0.00346 0.00000 0.00000 ( 1)
 219 R   0.99410 0.00590 0.00000 0.00000 ( 1)
 220 R   0.99771 0.00229 0.00000 0.00000 ( 1)
 221 E   0.96779 0.03221 0.00000 0.00000 ( 1)
 222 M   0.99916 0.00084 0.00000 0.00000 ( 1)
 223 T   0.98739 0.01261 0.00000 0.00000 ( 1)
 224 L   0.97269 0.02731 0.00000 0.00000 ( 1)
 225 T   0.03088 0.96912 0.00000 0.00000 ( 2)
 226 V   0.99850 0.00150 0.00000 0.00000 ( 1)
 227 L   0.97746 0.02254 0.00000 0.00000 ( 1)
 228 D   0.99979 0.00021 0.00000 0.00000 ( 1)
 229 I   0.99443 0.00557 0.00000 0.00000 ( 1)
 230 I   0.94533 0.05467 0.00000 0.00000 ( 1)
 231 A   0.51003 0.48997 0.00000 0.00000 ( 1)
 232 I   0.58662 0.41338 0.00000 0.00000 ( 1)
 233 F   0.96885 0.03115 0.00000 0.00000 ( 1)
 234 Q   0.66251 0.33749 0.00000 0.00000 ( 1)
 235 T   0.22358 0.77642 0.00000 0.00000 ( 2)


lnL = -4723.869714

Bayes Empirical Bayes (BEB) probabilities for 4 classes (class)
(amino acids refer to 1st sequence: BT_Cry40Aa1)

   1 S   0.34467 0.63558 0.00499 0.01476 ( 2)
   2 -   0.20684 0.73052 0.02873 0.03391 ( 2)
   3 L   0.03279 0.90947 0.00818 0.04956 ( 2)
   4 G   0.01306 0.96129 0.00028 0.02538 ( 2)
   5 G   0.00248 0.97073 0.00005 0.02674 ( 2)
   6 I   0.95007 0.03799 0.01116 0.00079 ( 1)
   7 N   0.01481 0.96166 0.00026 0.02326 ( 2)
   8 T   0.00108 0.95557 0.00018 0.04317 ( 2)
   9 L   0.09212 0.88352 0.00284 0.02153 ( 2)
  10 F   0.01917 0.95975 0.00022 0.02086 ( 2)
  11 S   0.00060 0.94357 0.00019 0.05564 ( 2)
  12 I   0.67935 0.30595 0.00856 0.00613 ( 1)
  13 I   0.77739 0.03264 0.18834 0.00163 ( 1)
  14 G   0.00000 0.97799 0.00000 0.02201 ( 2)
  15 K   0.23301 0.74397 0.00608 0.01694 ( 2)
  16 L   0.27329 0.70446 0.00559 0.01666 ( 2)
  17 I   0.11182 0.84718 0.00583 0.03517 ( 2)
  18 -   0.03504 0.92476 0.00145 0.03874 ( 2)
  19 P   0.65867 0.32625 0.00838 0.00669 ( 1)
  20 T   0.54489 0.44104 0.00588 0.00819 ( 1)
  21 N   0.04210 0.93533 0.00058 0.02198 ( 2)
  22 H   0.88824 0.09680 0.01286 0.00210 ( 1)
  23 Q   0.00065 0.95388 0.00006 0.04542 ( 2)
  24 S   0.47005 0.51266 0.00632 0.01097 ( 2)
  25 V   0.64092 0.34422 0.00762 0.00724 ( 1)
  26 S   0.29518 0.68029 0.00623 0.01830 ( 2)
  27 A   0.01202 0.93883 0.00237 0.04677 ( 2)
  28 L   0.96376 0.01520 0.02061 0.00043 ( 1)
  29 S   0.98545 0.00162 0.01290 0.00003 ( 1)
  30 I   0.86439 0.00460 0.13084 0.00016 ( 1)
  31 C   0.98586 0.00156 0.01255 0.00003 ( 1)
  32 D   0.97841 0.00109 0.02047 0.00003 ( 1)
  33 L   0.97658 0.00709 0.01617 0.00017 ( 1)
  34 L   0.91422 0.06669 0.01740 0.00169 ( 1)
  35 S   0.79620 0.01066 0.19258 0.00056 ( 1)
  36 I   0.98771 0.00066 0.01162 0.00001 ( 1)
  37 I   0.98780 0.00058 0.01161 0.00001 ( 1)
  38 R   0.88409 0.10479 0.00905 0.00208 ( 1)
  39 K   0.43165 0.54501 0.00888 0.01446 ( 2)
  40 E   0.43010 0.54197 0.01141 0.01653 ( 2)
  41 V   0.97662 0.01006 0.01310 0.00022 ( 1)
  42 A   0.06750 0.91393 0.00068 0.01790 ( 2)
  43 D   0.17365 0.80082 0.00385 0.02169 ( 2)
  44 S   0.98364 0.00552 0.01074 0.00010 ( 1)
  45 V   0.93013 0.05693 0.01172 0.00122 ( 1)
  46 L   0.97072 0.00795 0.02110 0.00023 ( 1)
  47 S   0.10229 0.84689 0.01546 0.03536 ( 2)
  48 D   0.13134 0.84419 0.00270 0.02177 ( 2)
  49 A   0.07447 0.90253 0.00131 0.02169 ( 2)
  50 I   0.00912 0.95183 0.00140 0.03764 ( 2)
  51 C   0.10405 0.87460 0.00150 0.01985 ( 2)
  52 R   0.94131 0.04814 0.00961 0.00094 ( 1)
  53 F   0.98896 0.00032 0.01071 0.00001 ( 1)
  54 L   0.49938 0.46043 0.02081 0.01938 ( 1)
  55 D   0.16306 0.81258 0.00336 0.02100 ( 2)
  56 G   0.97823 0.00160 0.02012 0.00004 ( 1)
  57 K   0.00512 0.96178 0.00017 0.03293 ( 2)
  58 L   0.03084 0.91928 0.00658 0.04331 ( 2)
  59 K   0.00015 0.97126 0.00000 0.02859 ( 2)
  60 N   0.01223 0.94955 0.00172 0.03651 ( 2)
  61 Y   0.93637 0.03358 0.02890 0.00115 ( 1)
  62 R   0.00006 0.97373 0.00000 0.02620 ( 2)
  63 E   0.00001 0.97369 0.00000 0.02630 ( 2)
  64 Y   0.93436 0.02545 0.03912 0.00107 ( 1)
  65 Y   0.98565 0.00137 0.01295 0.00003 ( 1)
  66 L   0.97230 0.01070 0.01673 0.00026 ( 1)
  67 P   0.00000 0.97353 0.00000 0.02647 ( 2)
  68 Y   0.57122 0.41339 0.00700 0.00838 ( 1)
  69 L   0.97159 0.00877 0.01940 0.00023 ( 1)
  70 E   0.00001 0.91079 0.00002 0.08917 ( 2)
  71 A   0.00000 0.95456 0.00000 0.04544 ( 2)
  72 W   0.91653 0.06043 0.02134 0.00169 ( 1)
  73 L   0.81453 0.16432 0.01685 0.00430 ( 1)
  74 K   0.00084 0.97700 0.00001 0.02214 ( 2)
  75 D   0.00801 0.97321 0.00008 0.01870 ( 2)
  76 G   0.00503 0.96111 0.00016 0.03370 ( 2)
  77 K   0.00835 0.95145 0.00035 0.03985 ( 2)
  78 P   0.86780 0.09201 0.03631 0.00388 ( 1)
  79 L   0.14917 0.81064 0.00619 0.03400 ( 2)
  80 Q   0.06787 0.89193 0.00281 0.03738 ( 2)
  81 K   0.03949 0.92031 0.00164 0.03856 ( 2)
  82 T   0.57762 0.38218 0.02409 0.01610 ( 1)
  83 N   0.90050 0.08861 0.00916 0.00172 ( 1)
  84 N   0.00160 0.97066 0.00004 0.02770 ( 2)
  85 S   0.00000 0.97682 0.00000 0.02318 ( 2)
  86 D   0.00000 0.94885 0.00000 0.05115 ( 2)
  87 I   0.42574 0.55101 0.00847 0.01478 ( 2)
  88 G   0.00000 0.97961 0.00000 0.02038 ( 2)
  89 Q   0.05751 0.91813 0.00100 0.02336 ( 2)
  90 L   0.19648 0.67612 0.07702 0.05039 ( 2)
  91 V   0.13932 0.84056 0.00209 0.01802 ( 2)
  92 K   0.00005 0.98042 0.00000 0.01953 ( 2)
  93 Y   0.08068 0.89872 0.00121 0.01939 ( 2)
  94 F   0.98027 0.00891 0.01065 0.00018 ( 1)
  95 E   0.03492 0.94051 0.00064 0.02393 ( 2)
  96 L   0.00000 0.87878 0.00000 0.12122 ( 2)
  97 S   0.01686 0.93293 0.00399 0.04622 ( 2)
  98 E   0.94361 0.04455 0.01085 0.00099 ( 1)
  99 R   0.00017 0.94646 0.00004 0.05333 ( 2)
 100 D   0.00146 0.88176 0.00609 0.11068 ( 2)
 101 F   0.96049 0.01935 0.01964 0.00053 ( 1)
 102 N   0.49601 0.48833 0.00520 0.01045 ( 1)
 103 E   0.00134 0.89962 0.00119 0.09785 ( 2)
 104 I   0.91375 0.07397 0.01074 0.00154 ( 1)
 105 L   0.90784 0.07536 0.01502 0.00178 ( 1)
 106 -   0.77244 0.21228 0.01066 0.00461 ( 1)
 107 -   0.20551 0.68505 0.06726 0.04218 ( 2)
 108 -   0.69119 0.28629 0.01485 0.00767 ( 1)
 109 -   0.80718 0.17859 0.01053 0.00370 ( 1)
 110 -   0.72840 0.25284 0.01255 0.00620 ( 1)
 111 -   0.69748 0.28052 0.01459 0.00742 ( 1)
 112 -   0.43273 0.54780 0.00603 0.01345 ( 2)
 113 G   0.01197 0.96120 0.00025 0.02659 ( 2)
 114 G   0.96885 0.01803 0.01274 0.00038 ( 1)
 115 S   0.57229 0.40743 0.01030 0.00998 ( 1)
 116 L   0.97599 0.00767 0.01616 0.00018 ( 1)
 117 A   0.38894 0.57961 0.01187 0.01957 ( 2)
 118 R   0.88810 0.09796 0.01192 0.00202 ( 1)
 119 N   0.00006 0.87214 0.00028 0.12752 ( 2)
 120 N   0.66953 0.31614 0.00726 0.00707 ( 1)
 121 A   0.97515 0.01198 0.01261 0.00025 ( 1)
 122 Q   0.78555 0.19752 0.01249 0.00444 ( 1)
 123 I   0.98096 0.00718 0.01171 0.00015 ( 1)
 124 L   0.97283 0.01081 0.01611 0.00026 ( 1)
 125 L   0.97487 0.00811 0.01682 0.00020 ( 1)
 126 L   0.96193 0.01699 0.02061 0.00047 ( 1)
 127 P   0.98256 0.00332 0.01405 0.00007 ( 1)
 128 Y   0.48922 0.49427 0.00633 0.01018 ( 2)
 129 F   0.76930 0.21808 0.00830 0.00432 ( 1)
 130 C   0.00052 0.97705 0.00001 0.02243 ( 2)
 131 A   0.02332 0.95524 0.00027 0.02118 ( 2)
 132 S   0.66773 0.31764 0.00820 0.00643 ( 1)
 133 C   0.90037 0.08596 0.01187 0.00180 ( 1)
 134 K   0.83050 0.14747 0.01778 0.00425 ( 1)
 135 C   0.00068 0.97707 0.00001 0.02224 ( 2)
 136 Q   0.97708 0.01175 0.01094 0.00022 ( 1)
 137 L   0.97658 0.00709 0.01617 0.00017 ( 1)
 138 L   0.95944 0.01668 0.02336 0.00052 ( 1)
 139 L   0.88114 0.10009 0.01624 0.00252 ( 1)
 140 L   0.97504 0.00793 0.01683 0.00020 ( 1)
 141 R   0.96184 0.01985 0.01780 0.00051 ( 1)
 142 D   0.98955 0.00032 0.01012 0.00001 ( 1)
 143 A   0.74915 0.23683 0.00923 0.00480 ( 1)
 144 V   0.34421 0.59539 0.03881 0.02159 ( 2)
 145 Q   0.03220 0.69123 0.17144 0.10513 ( 2)
 146 Y   0.98565 0.00137 0.01295 0.00003 ( 1)
 147 E   0.57718 0.40062 0.01159 0.01061 ( 1)
 148 E   0.00002 0.94437 0.00001 0.05561 ( 2)
 149 Q   0.00040 0.97247 0.00001 0.02712 ( 2)
 150 W   0.91653 0.06043 0.02134 0.00169 ( 1)
 151 F   0.01673 0.95877 0.00030 0.02420 ( 2)
 152 P   0.00031 0.97539 0.00001 0.02430 ( 2)
 153 F   0.00160 0.97529 0.00002 0.02310 ( 2)
 154 L   0.00044 0.89537 0.00044 0.10375 ( 2)
 155 S   0.02302 0.93679 0.00095 0.03924 ( 2)
 156 A   0.01660 0.94320 0.00069 0.03951 ( 2)
 157 E   0.18994 0.76987 0.00789 0.03231 ( 2)
 158 N   0.16599 0.79381 0.00689 0.03330 ( 2)
 159 V   0.30147 0.65833 0.01253 0.02766 ( 2)
 160 R   0.29946 0.66035 0.01245 0.02774 ( 2)
 161 S   0.77008 0.18973 0.03219 0.00800 ( 1)
 162 E   0.79946 0.16034 0.03343 0.00676 ( 1)
 163 L   0.84543 0.11438 0.03537 0.00483 ( 1)
 164 I   0.82526 0.14889 0.02143 0.00441 ( 1)
 165 S   0.91771 0.06878 0.01207 0.00144 ( 1)
 166 P   0.98050 0.00537 0.01402 0.00011 ( 1)
 167 N   0.53614 0.42367 0.02235 0.01784 ( 1)
 168 S   0.59033 0.36948 0.02463 0.01557 ( 1)
 169 G   0.57980 0.38001 0.02419 0.01601 ( 1)
 170 C   0.57718 0.38262 0.02408 0.01612 ( 1)
 171 D   0.60689 0.35292 0.02532 0.01487 ( 1)
 172 F   0.59978 0.36002 0.02503 0.01517 ( 1)
 173 T   0.01048 0.94022 0.00205 0.04725 ( 2)
 174 G   0.05649 0.92380 0.00066 0.01905 ( 2)
 175 D   0.98877 0.00112 0.01010 0.00002 ( 1)
 176 Y   0.96919 0.01770 0.01273 0.00038 ( 1)
 177 Y   0.00002 0.94670 0.00001 0.05327 ( 2)
 178 E   0.01065 0.95314 0.00043 0.03578 ( 2)
 179 R   0.21078 0.76233 0.00567 0.02123 ( 2)
 180 L   0.92084 0.06176 0.01588 0.00152 ( 1)
 181 K   0.42903 0.53372 0.01825 0.01900 ( 2)
 182 C   0.00282 0.91027 0.00124 0.08567 ( 2)
 183 K   0.01388 0.96683 0.00017 0.01911 ( 2)
 184 I   0.24521 0.73552 0.00310 0.01617 ( 2)
 185 A   0.02110 0.92099 0.00796 0.04995 ( 2)
 186 E   0.00008 0.95705 0.00000 0.04287 ( 2)
 187 Y   0.97787 0.00909 0.01285 0.00019 ( 1)
 188 T   0.07284 0.90639 0.00100 0.01978 ( 2)
 189 D   0.57737 0.40681 0.00675 0.00907 ( 1)
 190 Y   0.91471 0.07176 0.01200 0.00153 ( 1)
 191 C   0.96246 0.00834 0.02893 0.00028 ( 1)
 192 E   0.00003 0.94809 0.00001 0.05187 ( 2)
 193 Y   0.00001 0.98179 0.00000 0.01820 ( 2)
 194 W   0.91653 0.06043 0.02134 0.00169 ( 1)
 195 Y   0.98565 0.00137 0.01295 0.00003 ( 1)
 196 Q   0.30537 0.67846 0.00306 0.01311 ( 2)
 197 A   0.00016 0.97545 0.00000 0.02438 ( 2)
 198 G   0.98307 0.00124 0.01565 0.00003 ( 1)
 199 L   0.91497 0.06508 0.01822 0.00172 ( 1)
 200 N   0.96800 0.02081 0.01075 0.00044 ( 1)
 201 Q   0.88898 0.09773 0.01122 0.00207 ( 1)
 202 I   0.95742 0.01829 0.02381 0.00049 ( 1)
 203 K   0.85737 0.12842 0.01154 0.00267 ( 1)
 204 Q   0.00253 0.86061 0.01150 0.12536 ( 2)
 205 A   0.00002 0.97401 0.00000 0.02597 ( 2)
 206 G   0.98118 0.00606 0.01263 0.00013 ( 1)
 207 T   0.12368 0.76981 0.04639 0.06012 ( 2)
 208 G   0.04566 0.91451 0.00666 0.03316 ( 2)
 209 A   0.69060 0.29494 0.00849 0.00597 ( 1)
 210 D   0.00343 0.97628 0.00004 0.02024 ( 2)
 211 T   0.00072 0.97732 0.00001 0.02195 ( 2)
 212 W   0.91653 0.06043 0.02134 0.00169 ( 1)
 213 A   0.00192 0.97323 0.00004 0.02481 ( 2)
 214 K   0.98205 0.00543 0.01241 0.00012 ( 1)
 215 F   0.98896 0.00032 0.01071 0.00001 ( 1)
 216 N   0.98660 0.00230 0.01106 0.00004 ( 1)
 217 K   0.97903 0.00764 0.01317 0.00016 ( 1)
 218 F   0.98470 0.00337 0.01185 0.00008 ( 1)
 219 R   0.97911 0.00575 0.01501 0.00013 ( 1)
 220 R   0.98448 0.00224 0.01324 0.00005 ( 1)
 221 E   0.94249 0.03054 0.02618 0.00078 ( 1)
 222 M   0.98749 0.00083 0.01167 0.00002 ( 1)
 223 T   0.97462 0.01229 0.01283 0.00026 ( 1)
 224 L   0.95373 0.02637 0.01922 0.00068 ( 1)
 225 T   0.03279 0.94888 0.00038 0.01795 ( 2)
 226 V   0.98528 0.00147 0.01322 0.00003 ( 1)
 227 L   0.95713 0.02176 0.02050 0.00061 ( 1)
 228 D   0.98967 0.00020 0.01012 0.00000 ( 1)
 229 I   0.98273 0.00541 0.01174 0.00011 ( 1)
 230 I   0.93350 0.05279 0.01254 0.00117 ( 1)
 231 A   0.50472 0.45942 0.02324 0.01262 ( 1)
 232 I   0.58696 0.39300 0.01046 0.00958 ( 1)
 233 F   0.95821 0.03002 0.01101 0.00076 ( 1)
 234 Q   0.65191 0.31821 0.02026 0.00962 ( 1)
 235 T   0.23132 0.74832 0.00313 0.01722 ( 2)

