Supplemental results for CODEML (seqf: algn  treef: tree)


dN/dS (w) for site classes (K=4)

site class             0        1       2a       2b
proportion       0.53159  0.44998  0.00998  0.00845
background w     0.16887  1.00000  0.16887  1.00000
foreground w     0.16887  1.00000 106.98227 106.98227

Naive Empirical Bayes (NEB) probabilities for 4 classes
(amino acids refer to 1st sequence: BT_Cry8Ha1)

   1 G   0.87742 0.12071 0.00163 0.00023 ( 1)
   2 T   0.95389 0.04044 0.00543 0.00023 ( 1)
   3 S   0.15193 0.84569 0.00035 0.00202 ( 2)
   4 V   0.10366 0.89455 0.00018 0.00161 ( 2)
   5 Q   0.83375 0.16374 0.00209 0.00042 ( 1)
   6 L   0.98704 0.01155 0.00139 0.00002 ( 1)
   7 T   0.71041 0.28725 0.00166 0.00069 ( 1)
   8 R   0.82331 0.17487 0.00149 0.00032 ( 1)
   9 E   0.62457 0.37355 0.00116 0.00072 ( 1)
  10 V   0.82505 0.17263 0.00191 0.00041 ( 1)
  11 Y   0.55379 0.44442 0.00098 0.00081 ( 1)
  12 T   0.14588 0.85262 0.00021 0.00128 ( 2)
  13 D   0.90102 0.09751 0.00133 0.00015 ( 1)
  14 P   0.87963 0.11797 0.00212 0.00029 ( 1)
  15 I   0.91865 0.07171 0.00894 0.00070 ( 1)
  16 G   0.97174 0.02691 0.00132 0.00004 ( 1)
  17 A   0.00213 0.99547 0.00001 0.00240 ( 2)
  18 T   0.06129 0.93634 0.00014 0.00223 ( 2)
  19 S   0.06073 0.93775 0.00009 0.00144 ( 2)
  20 T   0.03020 0.96406 0.00017 0.00557 ( 2)
  21 Q   0.01772 0.98051 0.00003 0.00174 ( 2)
  22 G   0.05824 0.94020 0.00009 0.00147 ( 2)
  23 G   0.00258 0.99566 0.00000 0.00176 ( 2)
  24 V   0.02630 0.97125 0.00006 0.00239 ( 2)
  25 -   0.34100 0.64057 0.00640 0.01203 ( 2)
  26 -   0.29054 0.69103 0.00545 0.01297 ( 2)
  27 S   0.44255 0.54812 0.00415 0.00517 ( 2)
  28 W   0.58335 0.41066 0.00350 0.00249 ( 1)
  29 Y   0.88409 0.11414 0.00156 0.00021 ( 1)
  30 D   0.65951 0.33619 0.00284 0.00147 ( 1)
  31 D   0.00213 0.99598 0.00000 0.00188 ( 2)
  32 A   0.92998 0.06413 0.00550 0.00038 ( 1)
  33 P   0.58144 0.41707 0.00086 0.00063 ( 1)
  34 S   0.79650 0.20177 0.00137 0.00036 ( 1)
  35 -   0.20841 0.77316 0.00391 0.01452 ( 2)
  36 F   0.98519 0.01336 0.00144 0.00002 ( 1)
  37 T   0.02278 0.96962 0.00017 0.00743 ( 2)
  38 A   0.00741 0.85599 0.00646 0.13014 ( 2)
  39 I   0.95102 0.04692 0.00195 0.00010 ( 1)
  40 E   0.80617 0.19196 0.00150 0.00037 ( 1)
  41 S   0.84033 0.15852 0.00096 0.00019 ( 1)
  42 S   0.00406 0.99000 0.00002 0.00591 ( 2)
  43 V   0.09445 0.90376 0.00016 0.00163 ( 2)
  44 V   0.11673 0.88152 0.00020 0.00155 ( 2)
  45 R   0.13262 0.86194 0.00072 0.00473 ( 2)
  46 P   0.10527 0.89228 0.00025 0.00219 ( 2)
  47 L   0.13363 0.86486 0.00020 0.00131 ( 2)
  48 H   0.78020 0.21861 0.00092 0.00027 ( 1)
  49 L   0.98371 0.01169 0.00454 0.00005 ( 1)
  50 F   0.99655 0.00200 0.00145 0.00000 ( 1)
  51 D   0.96023 0.03830 0.00141 0.00006 ( 1)
  52 L   0.70060 0.29793 0.00102 0.00045 ( 1)
  53 L   0.91035 0.08759 0.00187 0.00019 ( 1)
  54 T   0.98476 0.00958 0.00561 0.00006 ( 1)
  55 G   0.22686 0.76697 0.00140 0.00477 ( 2)
  56 V   0.90822 0.09037 0.00128 0.00013 ( 1)
  57 T   0.79770 0.20024 0.00164 0.00042 ( 1)
  58 V   0.96988 0.02837 0.00171 0.00005 ( 1)
  59 Y   0.95660 0.04163 0.00169 0.00008 ( 1)
  60 A   0.86371 0.13395 0.00202 0.00032 ( 1)
  61 A   0.16892 0.82854 0.00042 0.00212 ( 2)
  62 S   0.39366 0.60340 0.00115 0.00179 ( 2)
  63 S   0.78904 0.20932 0.00129 0.00035 ( 1)
  64 S   0.56586 0.43261 0.00085 0.00068 ( 1)
  65 W   0.17752 0.81281 0.00173 0.00795 ( 2)
  66 D   0.76266 0.23557 0.00134 0.00043 ( 1)
  67 S   0.93788 0.06040 0.00162 0.00011 ( 1)
  68 S   0.61201 0.38650 0.00090 0.00059 ( 1)
  69 H   0.93564 0.06273 0.00153 0.00010 ( 1)
  70 Y   0.76807 0.23015 0.00136 0.00042 ( 1)
  71 F   0.96014 0.03780 0.00197 0.00008 ( 1)
  72 R   0.62756 0.37080 0.00102 0.00062 ( 1)
  73 F   0.98719 0.01135 0.00144 0.00002 ( 1)
  74 W   0.96554 0.02849 0.00580 0.00017 ( 1)
  75 N   0.81431 0.18395 0.00142 0.00033 ( 1)
  76 G   0.98525 0.01339 0.00134 0.00002 ( 1)
  77 H   0.99726 0.00156 0.00118 0.00000 ( 1)
  78 K   0.80279 0.19487 0.00187 0.00047 ( 1)
  79 V   0.94772 0.05022 0.00195 0.00011 ( 1)
  80 D   0.17477 0.82279 0.00042 0.00202 ( 2)
  81 T   0.02131 0.97688 0.00004 0.00178 ( 2)
  82 K   0.79739 0.20077 0.00146 0.00038 ( 1)
  83 G   0.03239 0.96572 0.00006 0.00182 ( 2)
  84 I   0.08210 0.90919 0.00072 0.00799 ( 2)
  85 K   0.01692 0.98152 0.00003 0.00154 ( 2)
  86 S   0.35883 0.63880 0.00084 0.00153 ( 2)
  87 S   0.19509 0.80341 0.00029 0.00122 ( 2)
  88 V   0.02183 0.97626 0.00004 0.00187 ( 2)
  89 Q   0.00468 0.99350 0.00001 0.00181 ( 2)
  90 Y   0.78769 0.21079 0.00118 0.00033 ( 1)
  91 S   0.09474 0.90289 0.00022 0.00215 ( 2)
  92 N   0.00119 0.99321 0.00001 0.00559 ( 2)
  93 V   0.06814 0.93036 0.00010 0.00140 ( 2)
  94 Y   0.98901 0.00518 0.00577 0.00003 ( 1)
  95 G   0.65737 0.34021 0.00158 0.00084 ( 1)
  96 S   0.20014 0.79805 0.00035 0.00146 ( 2)
  97 T   0.08961 0.90883 0.00013 0.00142 ( 2)
  98 S   0.00247 0.99498 0.00001 0.00254 ( 2)
  99 N   0.67356 0.32491 0.00101 0.00051 ( 1)
 100 A   0.00849 0.98855 0.00002 0.00293 ( 2)
 101 V   0.03091 0.96654 0.00008 0.00247 ( 2)
 102 S   0.00158 0.99689 0.00000 0.00153 ( 2)
 103 T   0.25412 0.74407 0.00045 0.00136 ( 2)
 104 T   0.19684 0.79748 0.00112 0.00457 ( 2)
 105 I   0.27728 0.72091 0.00049 0.00132 ( 2)
 106 I   0.01950 0.97899 0.00003 0.00148 ( 2)
 107 P   0.00759 0.99088 0.00001 0.00152 ( 2)
 108 F   0.92947 0.06907 0.00136 0.00010 ( 1)
 109 S   0.00387 0.99304 0.00001 0.00309 ( 2)
 110 G   0.89130 0.10734 0.00121 0.00015 ( 1)
 111 F   0.60004 0.39072 0.00559 0.00366 ( 1)
 112 D   0.65232 0.34616 0.00098 0.00054 ( 1)
 113 V   0.95864 0.03966 0.00163 0.00007 ( 1)
 114 Y   0.95070 0.04007 0.00885 0.00038 ( 1)
 115 R   0.17223 0.30139 0.40503 0.12136 ( 3)
 116 V   0.46795 0.53026 0.00082 0.00097 ( 2)
 117 F   0.10176 0.89464 0.00036 0.00324 ( 2)
 118 S   0.97027 0.02598 0.00365 0.00010 ( 1)
 119 L   0.49154 0.50538 0.00150 0.00157 ( 2)
 120 A   0.95679 0.04174 0.00141 0.00006 ( 1)
 121 G   0.93588 0.06177 0.00220 0.00015 ( 1)
 122 V   0.96724 0.03045 0.00224 0.00007 ( 1)
 123 L   0.61451 0.37584 0.00598 0.00368 ( 1)
 124 F   0.53359 0.46493 0.00078 0.00070 ( 1)
 125 -   0.55068 0.44783 0.00081 0.00069 ( 1)
 126 -   0.54765 0.45027 0.00113 0.00095 ( 1)
 127 -   0.54815 0.45010 0.00095 0.00080 ( 1)
 128 -   0.54492 0.45256 0.00137 0.00116 ( 1)
 129 -   0.54815 0.45010 0.00095 0.00080 ( 1)
 130 A   0.88216 0.11648 0.00120 0.00016 ( 1)
 131 W   0.25834 0.73986 0.00046 0.00135 ( 2)
 132 T   0.96176 0.03257 0.00548 0.00019 ( 1)
 133 T   0.63909 0.35912 0.00113 0.00065 ( 1)
 134 R   0.69545 0.30220 0.00162 0.00072 ( 1)
 135 Y   0.90869 0.08985 0.00133 0.00014 ( 1)
 136 F   0.84273 0.15580 0.00123 0.00024 ( 1)
 137 G   0.95148 0.04612 0.00229 0.00011 ( 1)
 138 A   0.04712 0.95138 0.00007 0.00143 ( 2)
 139 P   0.98932 0.00385 0.00680 0.00003 ( 1)
 140 E   0.01759 0.98050 0.00003 0.00188 ( 2)
 141 V   0.94595 0.04539 0.00826 0.00040 ( 1)
 142 Y   0.00009 0.99800 0.00000 0.00191 ( 2)
 143 F   0.99072 0.00782 0.00145 0.00001 ( 1)
 144 Q   0.01106 0.98743 0.00002 0.00149 ( 2)
 145 R   0.07012 0.92118 0.00061 0.00809 ( 2)
 146 V   0.81693 0.18074 0.00189 0.00043 ( 1)
 147 D   0.13229 0.86359 0.00054 0.00357 ( 2)
 148 H   0.07304 0.92442 0.00018 0.00236 ( 2)
 149 N   0.17924 0.80233 0.00337 0.01506 ( 2)
 150 S   0.68719 0.29438 0.01290 0.00553 ( 1)
 151 G   0.55143 0.43014 0.01035 0.00808 ( 1)
 152 I   0.95110 0.04321 0.00544 0.00025 ( 1)
 153 D   0.65460 0.34388 0.00098 0.00054 ( 1)
 154 V   0.10459 0.89385 0.00016 0.00140 ( 2)
 155 G   0.37074 0.62747 0.00065 0.00114 ( 2)
 156 Y   0.00218 0.99664 0.00000 0.00117 ( 2)
 157 D   0.04117 0.95574 0.00013 0.00297 ( 2)
 158 I   0.35412 0.64294 0.00103 0.00191 ( 2)
 159 A   0.00541 0.98885 0.00003 0.00571 ( 2)
 160 F   0.98057 0.01767 0.00173 0.00003 ( 1)
 161 S   0.00439 0.99251 0.00001 0.00309 ( 2)
 162 E   0.03651 0.95661 0.00025 0.00663 ( 2)
 163 R   0.00079 0.99739 0.00000 0.00182 ( 2)
 164 Y   0.53240 0.45828 0.00500 0.00433 ( 1)
 165 A   0.10076 0.89736 0.00018 0.00169 ( 2)
 166 G   0.25065 0.74784 0.00037 0.00114 ( 2)
 167 I   0.98131 0.01699 0.00167 0.00003 ( 1)
 168 G   0.37891 0.61900 0.00078 0.00131 ( 2)
 169 E   0.05939 0.93501 0.00033 0.00527 ( 2)
 170 Q   0.92842 0.06975 0.00170 0.00013 ( 1)
 171 Q   0.00908 0.98853 0.00002 0.00237 ( 2)
 172 K   0.77193 0.22625 0.00140 0.00042 ( 1)
 173 D   0.80371 0.19481 0.00118 0.00030 ( 1)
 174 S   0.98288 0.01337 0.00370 0.00005 ( 1)
 175 L   0.15415 0.84395 0.00029 0.00162 ( 2)
 176 D   0.20529 0.79112 0.00073 0.00286 ( 2)
 177 E   0.98275 0.01539 0.00183 0.00003 ( 1)
 178 L   0.98371 0.01169 0.00454 0.00005 ( 1)
 179 P   0.99593 0.00260 0.00147 0.00000 ( 1)
 180 L   0.57640 0.42118 0.00139 0.00103 ( 1)
 181 Q   0.60218 0.39545 0.00142 0.00095 ( 1)
 182 T   0.39865 0.59899 0.00093 0.00143 ( 2)
 183 E   0.01990 0.97629 0.00007 0.00374 ( 2)
 184 G   0.80779 0.19073 0.00119 0.00029 ( 1)
 185 -   0.87300 0.10857 0.01639 0.00204 ( 1)
 186 P   0.82791 0.16969 0.00199 0.00042 ( 1)
 187 A   0.02711 0.97078 0.00006 0.00205 ( 2)
 188 Y   0.84313 0.15516 0.00143 0.00027 ( 1)
 189 -   0.21237 0.78587 0.00037 0.00140 ( 2)
 190 -   0.53546 0.44611 0.01005 0.00838 ( 1)
 191 -   0.53343 0.44814 0.01002 0.00841 ( 1)
 192 R   0.02682 0.96906 0.00011 0.00401 ( 2)
 193 S   0.70010 0.29754 0.00165 0.00072 ( 1)
 194 Y   0.98554 0.00523 0.00918 0.00005 ( 1)
 195 S   0.98410 0.01026 0.00558 0.00006 ( 1)
 196 H   0.99768 0.00114 0.00118 0.00000 ( 1)
 197 R   0.94236 0.05583 0.00171 0.00010 ( 1)
 198 L   0.97930 0.01779 0.00285 0.00005 ( 1)
 199 N   0.00233 0.00745 0.90486 0.08537 ( 3)
 200 H   0.99387 0.00495 0.00118 0.00001 ( 1)
 201 I   0.98297 0.01533 0.00167 0.00003 ( 1)
 202 S   0.89942 0.09825 0.00210 0.00024 ( 1)
 203 M   0.24063 0.75787 0.00035 0.00115 ( 2)
 204 V   0.95823 0.04007 0.00163 0.00007 ( 1)
 205 P   0.25633 0.73441 0.00239 0.00688 ( 2)
 206 Q   0.15743 0.83323 0.00148 0.00787 ( 2)
 207 T   0.59870 0.40015 0.00068 0.00047 ( 1)
 208 V   0.35377 0.64244 0.00133 0.00246 ( 2)
 209 R   0.27769 0.71743 0.00134 0.00353 ( 2)
 210 T   0.03506 0.03680 0.78562 0.14251 ( 3)
 211 R   0.24468 0.74961 0.00139 0.00432 ( 2)
 212 N   0.88153 0.11670 0.00156 0.00021 ( 1)
 213 V   0.96952 0.02816 0.00225 0.00007 ( 1)
 214 P   0.99618 0.00235 0.00147 0.00000 ( 1)
 215 V   0.98959 0.00810 0.00230 0.00002 ( 1)
 216 F   0.99072 0.00782 0.00145 0.00001 ( 1)
 217 S   0.84046 0.15781 0.00145 0.00028 ( 1)
 218 W   0.96554 0.02849 0.00580 0.00017 ( 1)
 219 S   0.04318 0.72939 0.05800 0.16943 ( 2)
 220 H   0.99768 0.00114 0.00118 0.00000 ( 1)
 221 R   0.03098 0.45132 0.14883 0.36887 ( 2)
 222 S   0.98891 0.00996 0.00112 0.00001 ( 1)
 223 -   0.53159 0.44998 0.00998 0.00845 ( 1)
 224 -   0.53159 0.44998 0.00998 0.00845 ( 1)
 225 -   0.53159 0.44998 0.00998 0.00845 ( 1)
 226 -   0.53159 0.44998 0.00998 0.00845 ( 1)
 227 -   0.53159 0.44998 0.00998 0.00845 ( 1)
 228 -   0.53159 0.44998 0.00998 0.00845 ( 1)
 229 -   0.53159 0.44998 0.00998 0.00845 ( 1)
 230 -   0.53159 0.44998 0.00998 0.00845 ( 1)


lnL = -3341.867781

Bayes Empirical Bayes (BEB) probabilities for 4 classes (class)
(amino acids refer to 1st sequence: BT_Cry8Ha1)

   1 G   0.73643 0.11218 0.13074 0.02064 ( 1)
   2 T   0.80241 0.03583 0.15473 0.00702 ( 1)
   3 S   0.09188 0.75309 0.01633 0.13871 ( 2)
   4 V   0.06404 0.78454 0.01097 0.14045 ( 2)
   5 Q   0.67945 0.16365 0.12580 0.03110 ( 1)
   6 L   0.83924 0.00958 0.14942 0.00176 ( 1)
   7 T   0.57246 0.27406 0.10265 0.05082 ( 1)
   8 R   0.67429 0.17184 0.12182 0.03204 ( 1)
   9 E   0.47385 0.37383 0.08375 0.06857 ( 1)
  10 V   0.67988 0.16693 0.12218 0.03101 ( 1)
  11 Y   0.41333 0.43524 0.07226 0.07917 ( 2)
  12 T   0.09242 0.75210 0.01650 0.13898 ( 2)
  13 D   0.76414 0.09065 0.12914 0.01607 ( 1)
  14 P   0.72774 0.11634 0.13392 0.02200 ( 1)
  15 I   0.77073 0.06407 0.15240 0.01281 ( 1)
  16 G   0.82646 0.02366 0.14556 0.00433 ( 1)
  17 A   0.00099 0.84346 0.00018 0.15538 ( 2)
  18 T   0.03512 0.80960 0.00624 0.14904 ( 2)
  19 S   0.03485 0.81647 0.00579 0.14289 ( 2)
  20 T   0.01667 0.82042 0.00318 0.15973 ( 2)
  21 Q   0.00911 0.83775 0.00158 0.15155 ( 2)
  22 G   0.03165 0.82000 0.00524 0.14311 ( 2)
  23 G   0.00124 0.84832 0.00021 0.15023 ( 2)
  24 V   0.01344 0.82885 0.00244 0.15527 ( 2)
  25 -   0.24908 0.58216 0.05030 0.11846 ( 2)
  26 -   0.20659 0.62465 0.04170 0.12706 ( 2)
  27 S   0.31258 0.52213 0.06137 0.10392 ( 2)
  28 W   0.43988 0.39712 0.08498 0.07802 ( 1)
  29 Y   0.73986 0.10995 0.13011 0.02009 ( 1)
  30 D   0.51163 0.32730 0.09747 0.06360 ( 1)
  31 D   0.00100 0.84536 0.00017 0.15347 ( 2)
  32 A   0.77944 0.05864 0.15041 0.01150 ( 1)
  33 P   0.43096 0.41598 0.07651 0.07655 ( 1)
  34 S   0.65514 0.19415 0.11523 0.03547 ( 1)
  35 -   0.14174 0.68950 0.02858 0.14017 ( 2)
  36 F   0.84134 0.01162 0.14496 0.00209 ( 1)
  37 T   0.01163 0.82399 0.00225 0.16213 ( 2)
  38 A   0.00295 0.58838 0.01265 0.39602 ( 2)
  39 I   0.80821 0.04091 0.14336 0.00752 ( 1)
  40 E   0.66320 0.18515 0.11761 0.03404 ( 1)
  41 S   0.69123 0.16095 0.11891 0.02891 ( 1)
  42 S   0.00196 0.83502 0.00037 0.16264 ( 2)
  43 V   0.05851 0.79005 0.01002 0.14142 ( 2)
  44 V   0.07461 0.77527 0.01262 0.13750 ( 2)
  45 R   0.08196 0.75525 0.01565 0.14713 ( 2)
  46 P   0.06065 0.78167 0.01104 0.14665 ( 2)
  47 L   0.08051 0.76523 0.01419 0.14006 ( 2)
  48 H   0.63385 0.21638 0.11051 0.03926 ( 1)
  49 L   0.82943 0.00972 0.15896 0.00190 ( 1)
  50 F   0.85146 0.00154 0.14673 0.00028 ( 1)
  51 D   0.81814 0.03691 0.13840 0.00655 ( 1)
  52 L   0.55471 0.29700 0.09508 0.05321 ( 1)
  53 L   0.76689 0.08208 0.13595 0.01509 ( 1)
  54 T   0.83066 0.00763 0.16022 0.00149 ( 1)
  55 G   0.14615 0.69052 0.02810 0.13523 ( 2)
  56 V   0.76095 0.08759 0.13532 0.01613 ( 1)
  57 T   0.65044 0.19811 0.11509 0.03636 ( 1)
  58 V   0.82840 0.02357 0.14377 0.00426 ( 1)
  59 Y   0.80920 0.04088 0.14245 0.00747 ( 1)
  60 A   0.72391 0.12312 0.13011 0.02287 ( 1)
  61 A   0.10185 0.73982 0.01868 0.13964 ( 2)
  62 S   0.27619 0.56588 0.05084 0.10710 ( 2)
  63 S   0.62743 0.21772 0.11406 0.04079 ( 1)
  64 S   0.43326 0.42033 0.07247 0.07394 ( 1)
  65 W   0.12621 0.70812 0.02477 0.14091 ( 2)
  66 D   0.61010 0.24104 0.10540 0.04345 ( 1)
  67 S   0.79347 0.05634 0.13988 0.01031 ( 1)
  68 S   0.46986 0.38353 0.07893 0.06768 ( 1)
  69 H   0.78450 0.06111 0.14293 0.01146 ( 1)
  70 Y   0.61144 0.23788 0.10729 0.04339 ( 1)
  71 F   0.81524 0.03390 0.14462 0.00623 ( 1)
  72 R   0.48605 0.35869 0.08816 0.06710 ( 1)
  73 F   0.84324 0.00972 0.14529 0.00175 ( 1)
  74 W   0.81258 0.02489 0.15763 0.00490 ( 1)
  75 N   0.66891 0.18216 0.11600 0.03293 ( 1)
  76 G   0.83897 0.01119 0.14779 0.00205 ( 1)
  77 H   0.84986 0.00122 0.14869 0.00022 ( 1)
  78 K   0.64887 0.19790 0.11649 0.03673 ( 1)
  79 V   0.80376 0.04534 0.14256 0.00834 ( 1)
  80 D   0.11241 0.73015 0.02046 0.13699 ( 2)
  81 T   0.01204 0.83500 0.00209 0.15087 ( 2)
  82 K   0.65030 0.19843 0.11490 0.03638 ( 1)
  83 G   0.01681 0.82961 0.00293 0.15066 ( 2)
  84 I   0.04756 0.78735 0.00927 0.15583 ( 2)
  85 K   0.00906 0.84248 0.00150 0.14696 ( 2)
  86 S   0.24888 0.59660 0.04437 0.11016 ( 2)
  87 S   0.12095 0.72493 0.02134 0.13278 ( 2)
  88 V   0.01129 0.83475 0.00197 0.15199 ( 2)
  89 Q   0.00230 0.84631 0.00039 0.15101 ( 2)
  90 Y   0.64964 0.20500 0.10917 0.03619 ( 1)
  91 S   0.05581 0.78897 0.00991 0.14530 ( 2)
  92 N   0.00050 0.83627 0.00010 0.16313 ( 2)
  93 V   0.03835 0.80600 0.00684 0.14881 ( 2)
  94 Y   0.83878 0.00412 0.15631 0.00079 ( 1)
  95 G   0.51292 0.33070 0.09401 0.06237 ( 1)
  96 S   0.13380 0.71536 0.02289 0.12796 ( 2)
  97 T   0.05310 0.79865 0.00880 0.13945 ( 2)
  98 S   0.00108 0.84035 0.00020 0.15838 ( 2)
  99 N   0.52748 0.32657 0.08841 0.05754 ( 1)
 100 A   0.00449 0.83691 0.00082 0.15778 ( 2)
 101 V   0.01591 0.82555 0.00291 0.15562 ( 2)
 102 S   0.00068 0.85048 0.00011 0.14873 ( 2)
 103 T   0.17326 0.67606 0.02966 0.12102 ( 2)
 104 T   0.12068 0.71614 0.02316 0.14002 ( 2)
 105 I   0.19519 0.65422 0.03344 0.11716 ( 2)
 106 I   0.01095 0.83841 0.00185 0.14878 ( 2)
 107 P   0.00404 0.84713 0.00067 0.14815 ( 2)
 108 F   0.78559 0.06712 0.13522 0.01206 ( 1)
 109 S   0.00190 0.83819 0.00035 0.15956 ( 2)
 110 G   0.74223 0.10757 0.13055 0.01965 ( 1)
 111 F   0.44727 0.38759 0.08793 0.07720 ( 1)
 112 D   0.52525 0.32879 0.08804 0.05792 ( 1)
 113 V   0.81771 0.03544 0.14048 0.00636 ( 1)
 114 Y   0.79948 0.03566 0.15774 0.00712 ( 1)
 115 R   0.10790 0.25866 0.46356 0.16988 ( 3)
 116 V   0.35837 0.49172 0.06161 0.08830 ( 2)
 117 F   0.05913 0.78050 0.01103 0.14933 ( 2)
 118 S   0.82004 0.02203 0.15370 0.00423 ( 1)
 119 L   0.37096 0.46992 0.06924 0.08988 ( 2)
 120 A   0.81802 0.03704 0.13838 0.00657 ( 1)
 121 G   0.79077 0.05620 0.14257 0.01046 ( 1)
 122 V   0.82003 0.02724 0.14767 0.00507 ( 1)
 123 L   0.47187 0.36270 0.09303 0.07240 ( 1)
 124 F   0.39095 0.46005 0.06679 0.08221 ( 2)
 125 -   0.44886 0.40442 0.07537 0.07134 ( 1)
 126 -   0.44362 0.40418 0.07821 0.07399 ( 1)
 127 -   0.44426 0.40424 0.07785 0.07365 ( 1)
 128 -   0.43870 0.40381 0.08095 0.07655 ( 1)
 129 -   0.44426 0.40424 0.07785 0.07365 ( 1)
 130 A   0.73928 0.11050 0.13003 0.02019 ( 1)
 131 W   0.17418 0.67348 0.03030 0.12204 ( 2)
 132 T   0.80926 0.02900 0.15606 0.00568 ( 1)
 133 T   0.50710 0.34182 0.08882 0.06226 ( 1)
 134 R   0.54838 0.29807 0.09829 0.05526 ( 1)
 135 Y   0.77036 0.08229 0.13257 0.01478 ( 1)
 136 F   0.69448 0.15784 0.11935 0.02833 ( 1)
 137 G   0.80158 0.04282 0.14751 0.00810 ( 1)
 138 A   0.02815 0.81618 0.00502 0.15066 ( 2)
 139 P   0.83383 0.00306 0.16251 0.00060 ( 1)
 140 E   0.00895 0.83707 0.00157 0.15241 ( 2)
 141 V   0.79391 0.04166 0.15614 0.00829 ( 1)
 142 Y   0.00004 0.84596 0.00001 0.15400 ( 2)
 143 F   0.84623 0.00675 0.14581 0.00121 ( 1)
 144 Q   0.00572 0.84363 0.00097 0.14969 ( 2)
 145 R   0.04175 0.79305 0.00814 0.15706 ( 2)
 146 V   0.67301 0.17377 0.12094 0.03227 ( 1)
 147 D   0.08396 0.75452 0.01585 0.14566 ( 2)
 148 H   0.04047 0.80106 0.00741 0.15106 ( 2)
 149 N   0.12110 0.71014 0.02441 0.14434 ( 2)
 150 S   0.54236 0.28888 0.10987 0.05889 ( 1)
 151 G   0.42470 0.40655 0.08593 0.08283 ( 1)
 152 I   0.79931 0.03890 0.15416 0.00763 ( 1)
 153 D   0.50513 0.34881 0.08463 0.06143 ( 1)
 154 V   0.05985 0.79193 0.00992 0.13830 ( 2)
 155 G   0.25556 0.59410 0.04383 0.10651 ( 2)
 156 Y   0.00103 0.84819 0.00017 0.15060 ( 2)
 157 D   0.02157 0.81856 0.00400 0.15587 ( 2)
 158 I   0.24278 0.59920 0.04466 0.11336 ( 2)
 159 A   0.00266 0.83441 0.00051 0.16242 ( 2)
 160 F   0.83500 0.01518 0.14705 0.00277 ( 1)
 161 S   0.00214 0.83794 0.00040 0.15951 ( 2)
 162 E   0.01917 0.81678 0.00370 0.16036 ( 2)
 163 R   0.00034 0.84818 0.00006 0.15142 ( 2)
 164 Y   0.38776 0.44701 0.07621 0.08902 ( 2)
 165 A   0.05864 0.78793 0.01024 0.14320 ( 2)
 166 G   0.16732 0.68463 0.02791 0.12014 ( 2)
 167 I   0.83854 0.01471 0.14411 0.00264 ( 1)
 168 G   0.26149 0.58565 0.04594 0.10692 ( 2)
 169 E   0.03199 0.80483 0.00612 0.15706 ( 2)
 170 Q   0.78444 0.06477 0.13889 0.01189 ( 1)
 171 Q   0.00449 0.84019 0.00080 0.15452 ( 2)
 172 K   0.62289 0.22308 0.11245 0.04158 ( 1)
 173 D   0.65592 0.19835 0.11062 0.03511 ( 1)
 174 S   0.83111 0.01099 0.15580 0.00211 ( 1)
 175 L   0.09080 0.75551 0.01592 0.13776 ( 2)
 176 D   0.13363 0.70615 0.02498 0.13524 ( 2)
 177 E   0.83522 0.01375 0.14850 0.00253 ( 1)
 178 L   0.82943 0.00972 0.15896 0.00190 ( 1)
 179 P   0.84628 0.00208 0.15125 0.00038 ( 1)
 180 L   0.44071 0.40261 0.08076 0.07592 ( 1)
 181 Q   0.46775 0.37819 0.08391 0.07016 ( 1)
 182 T   0.27770 0.56787 0.04953 0.10490 ( 2)
 183 E   0.01056 0.82973 0.00195 0.15777 ( 2)
 184 G   0.68224 0.17216 0.11512 0.03048 ( 1)
 185 -   0.73770 0.09354 0.14968 0.01908 ( 1)
 186 P   0.68490 0.15906 0.12597 0.03007 ( 1)
 187 A   0.01513 0.83112 0.00264 0.15111 ( 2)
 188 Y   0.70065 0.15198 0.12012 0.02724 ( 1)
 189 -   0.14624 0.70114 0.02547 0.12715 ( 2)
 190 -   0.43215 0.39909 0.08745 0.08131 ( 1)
 191 -   0.43040 0.40084 0.08709 0.08167 ( 1)
 192 R   0.01386 0.82450 0.00261 0.15902 ( 2)
 193 S   0.55634 0.28988 0.09995 0.05383 ( 1)
 194 Y   0.83104 0.00414 0.16400 0.00083 ( 1)
 195 S   0.82893 0.00883 0.16050 0.00174 ( 1)
 196 H   0.85023 0.00086 0.14876 0.00016 ( 1)
 197 R   0.79500 0.05151 0.14387 0.00962 ( 1)
 198 L   0.82840 0.01503 0.15371 0.00286 ( 1)
 199 N   0.00853 0.03967 0.85836 0.09345 ( 3)
 200 H   0.84684 0.00424 0.14816 0.00077 ( 1)
 201 I   0.84012 0.01313 0.14439 0.00236 ( 1)
 202 S   0.75525 0.09187 0.13581 0.01707 ( 1)
 203 M   0.15080 0.69917 0.02562 0.12441 ( 2)
 204 V   0.81737 0.03579 0.14042 0.00642 ( 1)
 205 P   0.17036 0.66429 0.03337 0.13199 ( 2)
 206 Q   0.09914 0.73540 0.01941 0.14605 ( 2)
 207 T   0.44361 0.40751 0.07595 0.07294 ( 1)
 208 V   0.24128 0.59951 0.04486 0.11435 ( 2)
 209 R   0.19353 0.64889 0.03538 0.12220 ( 2)
 210 T   0.13654 0.17720 0.57184 0.11442 ( 3)
 211 R   0.17009 0.66725 0.03254 0.13013 ( 2)
 212 N   0.73533 0.11446 0.12930 0.02091 ( 1)
 213 V   0.82241 0.02486 0.14810 0.00462 ( 1)
 214 P   0.84651 0.00185 0.15130 0.00034 ( 1)
 215 V   0.84080 0.00653 0.15145 0.00121 ( 1)
 216 F   0.84623 0.00675 0.14581 0.00121 ( 1)
 217 S   0.69199 0.15744 0.12179 0.02878 ( 1)
 218 W   0.81258 0.02489 0.15763 0.00490 ( 1)
 219 S   0.02180 0.52357 0.09636 0.35827 ( 2)
 220 H   0.85023 0.00086 0.14876 0.00016 ( 1)
 221 R   0.02332 0.49398 0.11428 0.36842 ( 2)
 222 S   0.84453 0.00831 0.14567 0.00150 ( 1)
 223 -   0.42881 0.40243 0.08677 0.08199 ( 1)
 224 -   0.42881 0.40243 0.08677 0.08199 ( 1)
 225 -   0.42881 0.40243 0.08677 0.08199 ( 1)
 226 -   0.42881 0.40243 0.08677 0.08199 ( 1)
 227 -   0.42881 0.40243 0.08677 0.08199 ( 1)
 228 -   0.42881 0.40243 0.08677 0.08199 ( 1)
 229 -   0.42881 0.40243 0.08677 0.08199 ( 1)
 230 -   0.42881 0.40243 0.08677 0.08199 ( 1)

