Supplemental results for CODEML (seqf: algn  treef: tree)


dN/dS (w) for site classes (K=4)

site class             0        1       2a       2b
proportion       0.14532  0.22790  0.24406  0.38272
background w     0.06787  1.00000  0.06787  1.00000
foreground w     0.06787  1.00000  1.00000  1.00000

Naive Empirical Bayes (NEB) probabilities for 4 classes
(amino acids refer to 1st sequence: BT_Cry24Ca1)

   1 P   0.00085 0.37227 0.00169 0.62519 ( 4)
   2 T   0.00195 0.20363 0.45245 0.34197 ( 3)
   3 Q   0.06675 0.30803 0.10792 0.51730 ( 4)
   4 I   0.04160 0.08309 0.73576 0.13954 ( 3)
   5 E   0.02386 0.35051 0.03698 0.58865 ( 4)
   6 L   0.37723 0.00742 0.60289 0.01246 ( 3)
   7 S   0.38199 0.01103 0.58845 0.01852 ( 3)
   8 R   0.38785 0.00210 0.60653 0.00352 ( 3)
   9 Q   0.04485 0.33047 0.06971 0.55498 ( 4)
  10 I   0.39394 0.00321 0.59746 0.00539 ( 3)
  11 Y   0.39185 0.00219 0.60229 0.00367 ( 3)
  12 T   0.38621 0.00394 0.60324 0.00661 ( 3)
  13 D   0.39974 0.00068 0.59845 0.00114 ( 3)
  14 P   0.38432 0.00161 0.61137 0.00271 ( 3)
  15 V   0.37353 0.01510 0.58601 0.02536 ( 3)
  16 G   0.39134 0.00109 0.60573 0.00184 ( 3)
  17 A   0.00000 0.37322 0.00000 0.62678 ( 4)
  18 T   0.34069 0.05271 0.51809 0.08852 ( 3)
  19 F   0.00000 0.37322 0.00000 0.62678 ( 4)
  20 S   0.00000 0.37322 0.00000 0.62677 ( 4)
  21 -   0.02274 0.35048 0.03819 0.58859 ( 4)
  22 D   0.00078 0.37245 0.00128 0.62548 ( 4)
  23 F   0.00468 0.36872 0.00738 0.61922 ( 4)
  24 S   0.00440 0.36895 0.00706 0.61960 ( 4)
  25 N   0.02485 0.34881 0.04055 0.58579 ( 4)
  26 W   0.00002 0.37306 0.00040 0.62651 ( 4)
  27 T   0.04469 0.32940 0.07273 0.55318 ( 4)
  28 L   0.00014 0.37309 0.00022 0.62656 ( 4)
  29 T   0.00323 0.37004 0.00528 0.62145 ( 4)
  30 N   0.01265 0.36123 0.01946 0.60665 ( 4)
  31 R   0.00882 0.36495 0.01335 0.61288 ( 4)
  32 T   0.29048 0.09637 0.45131 0.16184 ( 3)
  33 L   0.01479 0.35920 0.02277 0.60324 ( 4)
  34 A   0.03053 0.34481 0.04560 0.57906 ( 4)
  35 -   0.15993 0.21714 0.25827 0.36466 ( 4)
  36 -   0.01764 0.31831 0.12949 0.53456 ( 4)
  37 N   0.00166 0.36892 0.00985 0.61956 ( 4)
  38 F   0.39535 0.00048 0.60336 0.00080 ( 3)
  39 N   0.36770 0.03155 0.54776 0.05299 ( 3)
  40 D   0.01901 0.35482 0.03028 0.59589 ( 4)
  41 L   0.35179 0.03209 0.56224 0.05389 ( 3)
  42 E   0.39120 0.00097 0.60619 0.00164 ( 3)
  43 R   0.07434 0.30196 0.11661 0.50710 ( 4)
  44 E   0.16524 0.21243 0.26556 0.35676 ( 4)
  45 V   0.01438 0.26233 0.28273 0.44056 ( 4)
  46 T   0.01194 0.35939 0.02511 0.60356 ( 4)
  47 D   0.01221 0.36149 0.01923 0.60708 ( 4)
  48 A   0.00120 0.37182 0.00254 0.62443 ( 4)
  49 P   0.37680 0.00172 0.61859 0.00289 ( 3)
  50 S   0.37253 0.02034 0.57299 0.03415 ( 3)
  51 L   0.36978 0.00603 0.61407 0.01012 ( 3)
  52 L   0.02484 0.34966 0.03828 0.58722 ( 4)
  53 K   0.16416 0.21875 0.24974 0.36736 ( 4)
  54 W   0.37725 0.00209 0.61714 0.00351 ( 3)
  55 L   0.33284 0.04666 0.54215 0.07836 ( 3)
  56 N   0.00111 0.37218 0.00167 0.62504 ( 4)
  57 S   0.00001 0.37321 0.00001 0.62677 ( 4)
  58 I   0.00230 0.37096 0.00376 0.62298 ( 4)
  59 E   0.00002 0.37320 0.00003 0.62674 ( 4)
  60 V   0.26753 0.11832 0.41545 0.19870 ( 3)
  61 Y   0.39327 0.00084 0.60448 0.00141 ( 3)
  62 T   0.32409 0.05816 0.52008 0.09767 ( 3)
  63 G   0.00714 0.36628 0.01146 0.61512 ( 4)
  64 A   0.00003 0.37319 0.00005 0.62673 ( 4)
  65 I   0.00405 0.36938 0.00623 0.62034 ( 4)
  66 D   0.00026 0.37296 0.00043 0.62635 ( 4)
  67 S   0.00093 0.37231 0.00150 0.62525 ( 4)
  68 H   0.00004 0.37297 0.00063 0.62636 ( 4)
  69 R   0.00087 0.37239 0.00135 0.62539 ( 4)
  70 P   0.00001 0.37321 0.00002 0.62676 ( 4)
  71 T   0.00012 0.37310 0.00021 0.62657 ( 4)
  72 S   0.00017 0.37305 0.00029 0.62649 ( 4)
  73 P   0.26226 0.11096 0.44044 0.18634 ( 3)
  74 -   0.14532 0.22790 0.24406 0.38272 ( 4)
  75 G   0.27323 0.09999 0.45885 0.16793 ( 3)
  76 E   0.00495 0.36827 0.00831 0.61847 ( 4)
  77 R   0.03631 0.33691 0.06098 0.56580 ( 4)
  78 I   0.30345 0.06977 0.50962 0.11716 ( 3)
  79 G   0.08759 0.28563 0.14710 0.47968 ( 4)
  80 V   0.18372 0.19259 0.30026 0.32343 ( 4)
  81 W   0.37725 0.00209 0.61714 0.00351 ( 3)
  82 Y   0.14427 0.23590 0.22367 0.39617 ( 4)
  83 G   0.37469 0.00205 0.61982 0.00344 ( 3)
  84 N   0.03319 0.34078 0.05371 0.57231 ( 4)
  85 R   0.00002 0.37320 0.00003 0.62674 ( 4)
  86 N   0.01183 0.36223 0.01763 0.60832 ( 4)
  87 T   0.00005 0.37317 0.00009 0.62669 ( 4)
  88 Y   0.00013 0.37309 0.00021 0.62656 ( 4)
  89 I   0.00000 0.37322 0.00001 0.62677 ( 4)
  90 N   0.00000 0.37322 0.00000 0.62678 ( 4)
  91 P   0.10406 0.27540 0.15805 0.46249 ( 4)
  92 D   0.01234 0.36152 0.01900 0.60714 ( 4)
  93 T   0.00031 0.37291 0.00051 0.62626 ( 4)
  94 N   0.00024 0.37298 0.00040 0.62638 ( 4)
  95 E   0.00053 0.37269 0.00089 0.62589 ( 4)
  96 -   0.16979 0.20343 0.28514 0.34164 ( 4)
  97 V   0.00391 0.34164 0.08070 0.57375 ( 4)
  98 S   0.00008 0.37314 0.00013 0.62664 ( 4)
  99 Y   0.00074 0.36833 0.01237 0.61856 ( 4)
 100 R   0.01039 0.36328 0.01625 0.61008 ( 4)
 101 F   0.00000 0.37322 0.00000 0.62678 ( 4)
 102 T   0.00012 0.37311 0.00017 0.62660 ( 4)
 103 G   0.37277 0.01348 0.59112 0.02264 ( 3)
 104 E   0.00011 0.37311 0.00017 0.62660 ( 4)
 105 L   0.00000 0.37322 0.00000 0.62678 ( 4)
 106 A   0.03919 0.07133 0.76969 0.11979 ( 3)
 107 Y   0.00854 0.36512 0.01316 0.61318 ( 4)
 108 E   0.20922 0.17615 0.31880 0.29583 ( 3)
 109 N   0.00072 0.37254 0.00111 0.62563 ( 4)
 110 P   0.00086 0.37237 0.00141 0.62536 ( 4)
 111 Y   0.00451 0.36871 0.00757 0.61921 ( 4)
 112 T   0.24765 0.12557 0.41590 0.21088 ( 3)
 113 F   0.03861 0.33461 0.06485 0.56193 ( 4)
 114 I   0.05315 0.32058 0.08789 0.53838 ( 4)
 115 G   0.00003 0.37319 0.00005 0.62673 ( 4)
 116 S   0.01625 0.25175 0.30920 0.42279 ( 4)
 117 F   0.01710 0.35681 0.02686 0.59923 ( 4)
 118 F   0.00006 0.37317 0.00009 0.62669 ( 4)
 119 D   0.14009 0.24292 0.20903 0.40796 ( 4)
 120 N   0.24925 0.13854 0.37954 0.23267 ( 3)
 121 D   0.39974 0.00068 0.59845 0.00114 ( 3)
 122 I   0.39112 0.00586 0.59318 0.00984 ( 3)
 123 Y   0.34849 0.04447 0.53236 0.07468 ( 3)
 124 K   0.37125 0.02097 0.57255 0.03522 ( 3)
 125 V   0.00053 0.37261 0.00110 0.62576 ( 4)
 126 A   0.00266 0.37069 0.00413 0.62253 ( 4)
 127 L   0.20430 0.17398 0.32955 0.29218 ( 3)
 128 R   0.00654 0.36706 0.00997 0.61643 ( 4)
 129 A   0.38256 0.01256 0.58378 0.02109 ( 3)
 130 A   0.27103 0.11633 0.41728 0.19536 ( 3)
 131 A   0.00001 0.37321 0.00001 0.62677 ( 4)
 132 -   0.15394 0.22150 0.25257 0.37199 ( 4)
 133 -   0.18049 0.20264 0.27656 0.34031 ( 4)
 134 -   0.18185 0.20174 0.27760 0.33880 ( 4)
 135 -   0.01556 0.32268 0.11985 0.54191 ( 4)
 136 V   0.25383 0.13463 0.38545 0.22609 ( 3)
 137 S   0.00233 0.37104 0.00350 0.62312 ( 4)
 138 T   0.00084 0.37242 0.00130 0.62543 ( 4)
 139 T   0.06048 0.31632 0.09198 0.53122 ( 4)
 140 F   0.00000 0.37322 0.00000 0.62678 ( 4)
 141 G   0.00001 0.37321 0.00001 0.62677 ( 4)
 142 S   0.00132 0.37199 0.00199 0.62471 ( 4)
 143 N   0.00000 0.37322 0.00000 0.62678 ( 4)
 144 D   0.10068 0.27699 0.15716 0.46517 ( 4)
 145 S   0.00000 0.37322 0.00001 0.62677 ( 4)
 146 T   0.10550 0.26934 0.17283 0.45233 ( 4)
 147 F   0.38540 0.00811 0.59286 0.01363 ( 3)
 148 G   0.38443 0.00223 0.60961 0.00374 ( 3)
 149 V   0.38247 0.01371 0.58079 0.02303 ( 3)
 150 S   0.18075 0.20334 0.27443 0.34148 ( 4)
 151 S   0.00004 0.37310 0.00028 0.62657 ( 4)
 152 S   0.38760 0.00571 0.59709 0.00960 ( 3)
 153 Q   0.00003 0.37319 0.00005 0.62673 ( 4)
 154 F   0.39280 0.00289 0.59946 0.00485 ( 3)
 155 F   0.38759 0.00779 0.59152 0.01309 ( 3)
 156 N   0.00030 0.37293 0.00048 0.62629 ( 4)
 157 R   0.01814 0.35587 0.02836 0.59764 ( 4)
 158 R   0.00210 0.37117 0.00340 0.62333 ( 4)
 159 G   0.33203 0.05220 0.52810 0.08767 ( 3)
 160 I   0.00005 0.37317 0.00008 0.62670 ( 4)
 161 H   0.14673 0.23507 0.22343 0.39477 ( 4)
 162 Q   0.00001 0.37321 0.00002 0.62676 ( 4)
 163 L   0.08753 0.28941 0.13704 0.48603 ( 4)
 164 Y   0.07651 0.30077 0.11760 0.50511 ( 4)
 165 E   0.00023 0.37300 0.00035 0.62642 ( 4)
 166 S   0.00126 0.37199 0.00204 0.62471 ( 4)
 167 S   0.00051 0.37273 0.00079 0.62596 ( 4)
 168 -   0.17492 0.19830 0.29376 0.33302 ( 4)
 169 -   0.18196 0.19126 0.30559 0.32119 ( 4)
 170 -   0.17254 0.20068 0.28976 0.33702 ( 4)
 171 -   0.15393 0.21929 0.25850 0.36828 ( 4)
 172 -   0.02054 0.35268 0.03449 0.59229 ( 4)
 173 -   0.18196 0.19126 0.30559 0.32119 ( 4)
 174 -   0.01848 0.34213 0.06483 0.57456 ( 4)
 175 -   0.34611 0.04527 0.53260 0.07602 ( 3)
 176 -   0.14532 0.22790 0.24406 0.38272 ( 4)
 177 -   0.17190 0.20132 0.28868 0.33810 ( 4)
 178 -   0.15004 0.22318 0.25198 0.37480 ( 4)
 179 -   0.17782 0.19540 0.29863 0.32815 ( 4)
 180 -   0.00118 0.37204 0.00197 0.62481 ( 4)
 181 -   0.17254 0.20068 0.28976 0.33702 ( 4)
 182 -   0.15746 0.21576 0.26443 0.36235 ( 4)
 183 Q   0.00001 0.37321 0.00001 0.62677 ( 4)
 184 P   0.00305 0.37029 0.00480 0.62186 ( 4)
 185 I   0.00002 0.37303 0.00050 0.62646 ( 4)
 186 P   0.00125 0.37204 0.00191 0.62480 ( 4)
 187 S   0.00161 0.37166 0.00257 0.62416 ( 4)
 188 W   0.00001 0.37321 0.00002 0.62676 ( 4)
 189 P   0.16012 0.21531 0.26299 0.36158 ( 4)
 190 I   0.36201 0.02960 0.55867 0.04971 ( 3)
 191 T   0.03094 0.34397 0.04743 0.57766 ( 4)
 192 L   0.00028 0.34692 0.07020 0.58261 ( 4)
 193 A   0.04221 0.33343 0.06441 0.55995 ( 4)
 194 F   0.05820 0.31677 0.09306 0.53198 ( 4)
 195 P   0.38523 0.00137 0.61109 0.00231 ( 3)
 196 G   0.34529 0.03337 0.56531 0.05604 ( 3)
 197 E   0.03862 0.05090 0.82501 0.08547 ( 3)
 198 E   0.21439 0.12324 0.45541 0.20696 ( 3)
 199 S   0.36214 0.02127 0.58087 0.03572 ( 3)
 200 S   0.00049 0.37275 0.00077 0.62599 ( 4)
 201 E   0.00148 0.37146 0.00325 0.62382 ( 4)
 202 G   0.12211 0.25531 0.19382 0.42876 ( 4)
 203 N   0.36280 0.03164 0.55244 0.05313 ( 3)
 204 A   0.11514 0.26296 0.18030 0.44161 ( 4)
 205 N   0.38950 0.01130 0.58024 0.01897 ( 3)
 206 D   0.39782 0.00247 0.59557 0.00414 ( 3)
 207 Y   0.39314 0.00096 0.60428 0.00162 ( 3)
 208 S   0.38734 0.00852 0.58985 0.01430 ( 3)
 209 H   0.39462 0.00031 0.60455 0.00052 ( 3)
 210 R   0.00858 0.36426 0.01544 0.61172 ( 4)
 211 L   0.37986 0.00487 0.60710 0.00817 ( 3)
 212 C   0.32161 0.06810 0.49593 0.11436 ( 3)
 213 D   0.33903 0.05725 0.50756 0.09615 ( 3)
 214 V   0.38559 0.00354 0.60494 0.00594 ( 3)
 215 K   0.06264 0.31351 0.09735 0.52650 ( 4)
 216 N   0.38950 0.01130 0.58024 0.01897 ( 3)
 217 I   0.25757 0.12335 0.41192 0.20715 ( 3)
 218 T   0.37737 0.01239 0.58942 0.02081 ( 3)
 219 G   0.33847 0.04658 0.53672 0.07823 ( 3)
 220 G   0.37373 0.01255 0.59265 0.02107 ( 3)
 221 L   0.36681 0.02279 0.57212 0.03827 ( 3)
 222 R   0.26332 0.12225 0.40914 0.20530 ( 3)
 223 Q   0.36560 0.01958 0.58194 0.03288 ( 3)
 224 T   0.02007 0.35419 0.03091 0.59483 ( 4)
 225 P   0.00121 0.37202 0.00200 0.62477 ( 4)
 226 A   0.01848 0.35587 0.02800 0.59764 ( 4)
 227 R   0.02446 0.34931 0.03959 0.58663 ( 4)
 228 G   0.15352 0.22915 0.23251 0.38483 ( 4)
 229 -   0.17089 0.20936 0.26815 0.35160 ( 4)
 230 R   0.22298 0.15180 0.37031 0.25492 ( 3)
 231 S   0.25950 0.11613 0.42934 0.19503 ( 3)
 232 S   0.26522 0.11047 0.43880 0.18551 ( 3)
 233 L   0.35810 0.02597 0.57231 0.04362 ( 3)
 234 L   0.14370 0.23539 0.22561 0.39531 ( 4)
 235 S   0.05239 0.32303 0.08210 0.54249 ( 4)
 236 H   0.37568 0.01821 0.57553 0.03058 ( 3)
 237 A   0.19795 0.17867 0.32331 0.30006 ( 3)
 238 W   0.37725 0.00209 0.61714 0.00351 ( 3)
 239 T   0.37707 0.00440 0.61115 0.00738 ( 3)
 240 H   0.39462 0.00031 0.60455 0.00052 ( 3)
 241 S   0.00000 0.37320 0.00004 0.62675 ( 4)
 242 -   0.33362 0.03960 0.56028 0.06650 ( 3)


lnL = -3661.091674

