Supplemental results for CODEML (seqf: algn  treef: tree)


dN/dS (w) for site classes (K=4)

site class             0        1       2a       2b
proportion       0.54100  0.42760  0.01754  0.01386
background w     0.08572  1.00000  0.08572  1.00000
foreground w     0.08572  1.00000 25.18475 25.18475

Naive Empirical Bayes (NEB) probabilities for 4 classes
(amino acids refer to 1st sequence: BT_Cry30Aa1)

   1 -   0.94829 0.02030 0.03075 0.00066 ( 1)
   2 G   0.95685 0.03035 0.01233 0.00047 ( 1)
   3 L   0.00056 0.01971 0.77160 0.20814 ( 3)
   4 V   0.00562 0.94912 0.00244 0.04282 ( 2)
   5 L   0.63480 0.13544 0.22483 0.00493 ( 1)
   6 K   0.00000 0.46050 0.00000 0.53950 ( 4)
   7 S   0.00516 0.07015 0.83035 0.09434 ( 3)
   8 F   0.99291 0.00532 0.00176 0.00001 ( 1)
   9 S   0.18377 0.63785 0.13221 0.04616 ( 2)
  10 T   0.05092 0.85100 0.03656 0.06152 ( 2)
  11 I   0.95672 0.04026 0.00286 0.00016 ( 1)
  12 I   0.91925 0.07769 0.00275 0.00031 ( 1)
  13 P   0.97408 0.02408 0.00178 0.00005 ( 1)
  14 I   0.00462 0.93406 0.00285 0.05847 ( 2)
  15 L   0.98339 0.01493 0.00165 0.00003 ( 1)
  16 W   0.79113 0.19872 0.00804 0.00211 ( 1)
  17 P   0.98650 0.01196 0.00152 0.00002 ( 1)
  18 N   0.00024 0.25292 0.08036 0.66647 ( 4)
  19 D   0.06398 0.93371 0.00013 0.00218 ( 2)
  20 K   0.00107 0.96680 0.00032 0.03181 ( 2)
  21 T   0.58078 0.41664 0.00136 0.00121 ( 1)
  22 P   0.01281 0.98364 0.00004 0.00352 ( 2)
  23 I   0.71142 0.02142 0.26629 0.00087 ( 1)
  24 W   0.79113 0.19872 0.00804 0.00211 ( 1)
  25 K   0.00723 0.98439 0.00007 0.00831 ( 2)
  26 E   0.84206 0.15561 0.00187 0.00045 ( 1)
  27 F   0.97129 0.02693 0.00172 0.00006 ( 1)
  28 T   0.95772 0.03984 0.00231 0.00012 ( 1)
  29 K   0.16429 0.83421 0.00021 0.00130 ( 2)
  30 Q   0.15406 0.84423 0.00021 0.00150 ( 2)
  31 G   0.96643 0.02450 0.00884 0.00024 ( 1)
  32 L   0.92768 0.06975 0.00236 0.00021 ( 1)
  33 Q   0.02203 0.86092 0.02504 0.09201 ( 2)
  34 L   0.98339 0.01493 0.00165 0.00003 ( 1)
  35 F   0.91518 0.08190 0.00262 0.00029 ( 1)
  36 R   0.99639 0.00223 0.00137 0.00000 ( 1)
  37 P   0.91081 0.08763 0.00140 0.00016 ( 1)
  38 E   0.97886 0.00736 0.01366 0.00012 ( 1)
  39 L   0.97126 0.02658 0.00209 0.00007 ( 1)
  40 G   0.18139 0.81563 0.00044 0.00254 ( 2)
  41 R   0.00099 0.99719 0.00000 0.00182 ( 2)
  42 D   0.01825 0.94654 0.00212 0.03309 ( 2)
  43 A   0.94732 0.05045 0.00208 0.00014 ( 1)
  44 I   0.99455 0.00247 0.00298 0.00001 ( 1)
  45 E   0.99545 0.00236 0.00219 0.00001 ( 1)
  46 I   0.99066 0.00647 0.00284 0.00002 ( 1)
  47 I   0.95795 0.03903 0.00287 0.00015 ( 1)
  48 G   0.00819 0.98884 0.00002 0.00295 ( 2)
  49 N   0.01911 0.85436 0.02632 0.10022 ( 2)
  50 D   0.01367 0.98084 0.00007 0.00543 ( 2)
  51 V   0.82441 0.16701 0.00707 0.00151 ( 1)
  52 Q   0.18713 0.80914 0.00055 0.00318 ( 2)
  53 A   0.00011 0.99826 0.00000 0.00163 ( 2)
  54 E   0.00006 0.99724 0.00000 0.00270 ( 2)
  55 Y   0.33909 0.65285 0.00265 0.00541 ( 2)
  56 N   0.99589 0.00166 0.00245 0.00001 ( 1)
  57 S   0.11023 0.88748 0.00021 0.00209 ( 2)
  58 L   0.97814 0.01932 0.00249 0.00006 ( 1)
  59 E   0.30977 0.68794 0.00052 0.00178 ( 2)
  60 I   0.00004 0.99711 0.00000 0.00285 ( 2)
  61 M   0.00000 0.99314 0.00000 0.00686 ( 2)
  62 M   0.78150 0.21650 0.00152 0.00048 ( 1)
  63 R   0.00000 0.99639 0.00000 0.00360 ( 2)
  64 D   0.76692 0.23030 0.00198 0.00080 ( 1)
  65 F   0.99291 0.00532 0.00176 0.00001 ( 1)
  66 E   0.95749 0.03923 0.00313 0.00014 ( 1)
  67 N   0.00000 0.95642 0.00000 0.04358 ( 2)
  68 K   0.00018 0.99622 0.00000 0.00360 ( 2)
  69 F   0.99291 0.00532 0.00176 0.00001 ( 1)
  70 A   0.47654 0.52133 0.00090 0.00123 ( 2)
  71 N   0.00003 0.99588 0.00000 0.00409 ( 2)
  72 W   0.79113 0.19872 0.00804 0.00211 ( 1)
  73 E   0.00010 0.86487 0.00017 0.13487 ( 2)
  74 S   0.00000 0.99755 0.00000 0.00245 ( 2)
  75 N   0.00039 0.99417 0.00000 0.00544 ( 2)
  76 R   0.97320 0.02383 0.00287 0.00009 ( 1)
  77 T   0.09089 0.90573 0.00022 0.00315 ( 2)
  78 R   0.00045 0.99556 0.00000 0.00399 ( 2)
  79 A   0.36060 0.63718 0.00071 0.00150 ( 2)
  80 N   0.12342 0.87371 0.00030 0.00257 ( 2)
  81 A   0.95297 0.04459 0.00230 0.00014 ( 1)
  82 I   0.00010 0.99038 0.00000 0.00952 ( 2)
  83 A   0.00039 0.99721 0.00000 0.00240 ( 2)
  84 V   0.01442 0.98261 0.00003 0.00294 ( 2)
  85 T   0.00319 0.99380 0.00001 0.00300 ( 2)
  86 T   0.00008 0.99810 0.00000 0.00182 ( 2)
  87 A   0.00166 0.99658 0.00000 0.00176 ( 2)
  88 F   0.93598 0.06223 0.00166 0.00014 ( 1)
  89 S   0.00000 0.99686 0.00000 0.00314 ( 2)
  90 T   0.00000 0.98857 0.00000 0.01143 ( 2)
  91 V   0.92092 0.07617 0.00264 0.00027 ( 1)
  92 N   0.00010 0.99727 0.00000 0.00262 ( 2)
  93 T   0.00045 0.99718 0.00000 0.00236 ( 2)
  94 Q   0.00013 0.98605 0.00000 0.01382 ( 2)
  95 I   0.91086 0.08623 0.00261 0.00031 ( 1)
  96 I   0.97440 0.02259 0.00292 0.00009 ( 1)
  97 R   0.00000 0.97103 0.00000 0.02897 ( 2)
  98 L   0.98070 0.01762 0.00165 0.00003 ( 1)
  99 K   0.96950 0.02753 0.00286 0.00011 ( 1)
 100 E   0.00132 0.99656 0.00000 0.00212 ( 2)
 101 R   0.00077 0.99728 0.00000 0.00195 ( 2)
 102 F   0.15930 0.83780 0.00040 0.00249 ( 2)
 103 L   0.00105 0.99571 0.00000 0.00324 ( 2)
 104 I   0.96973 0.02791 0.00228 0.00008 ( 1)
 105 A   0.00105 0.99651 0.00000 0.00244 ( 2)
 106 P   0.00073 0.99628 0.00000 0.00299 ( 2)
 107 E   0.00023 0.99559 0.00000 0.00418 ( 2)
 108 N   0.99589 0.00166 0.00245 0.00001 ( 1)
 109 R   0.61365 0.38302 0.00182 0.00151 ( 1)
 110 P   0.90872 0.08942 0.00166 0.00019 ( 1)
 111 A   0.99355 0.00456 0.00188 0.00001 ( 1)
 112 F   0.48344 0.51374 0.00126 0.00156 ( 2)
 113 L   0.63986 0.35148 0.00548 0.00318 ( 1)
 114 N   0.74483 0.25388 0.00090 0.00039 ( 1)
 115 L   0.84504 0.14639 0.00724 0.00132 ( 1)
 116 Y   0.98707 0.01067 0.00223 0.00003 ( 1)
 117 A   0.99370 0.00442 0.00188 0.00001 ( 1)
 118 Q   0.98860 0.00976 0.00162 0.00002 ( 1)
 119 T   0.99000 0.00766 0.00233 0.00002 ( 1)
 120 A   0.96232 0.03578 0.00182 0.00008 ( 1)
 121 N   0.99589 0.00166 0.00245 0.00001 ( 1)
 122 I   0.91910 0.07799 0.00263 0.00028 ( 1)
 123 D   0.99604 0.00210 0.00185 0.00001 ( 1)
 124 L   0.92768 0.06975 0.00236 0.00021 ( 1)
 125 I   0.99246 0.00456 0.00297 0.00002 ( 1)
 126 L   0.97911 0.01835 0.00249 0.00005 ( 1)
 127 Y   0.77501 0.22131 0.00280 0.00088 ( 1)
 128 Q   0.98860 0.00976 0.00162 0.00002 ( 1)
 129 R   0.99639 0.00223 0.00137 0.00000 ( 1)
 130 G   0.85399 0.14106 0.00414 0.00080 ( 1)
 131 S   0.05085 0.94399 0.00024 0.00492 ( 2)
 132 V   0.01317 0.98293 0.00004 0.00386 ( 2)
 133 Y   0.88596 0.11173 0.00200 0.00030 ( 1)
 134 G   0.88636 0.09720 0.01454 0.00190 ( 1)
 135 D   0.99604 0.00210 0.00185 0.00001 ( 1)
 136 K   0.13468 0.86256 0.00030 0.00246 ( 2)
 137 W   0.79113 0.19872 0.00804 0.00211 ( 1)
 138 V   0.00322 0.99439 0.00001 0.00239 ( 2)
 139 A   0.00349 0.99403 0.00001 0.00246 ( 2)
 140 D   0.36680 0.62515 0.00286 0.00518 ( 2)
 141 I   0.67239 0.32552 0.00132 0.00077 ( 1)
 142 N   0.34379 0.64080 0.00528 0.01013 ( 2)
 143 N   0.00524 0.99150 0.00001 0.00325 ( 2)
 144 R   0.25436 0.71424 0.00825 0.02316 ( 2)
 145 S   0.10569 0.89239 0.00017 0.00175 ( 2)
 146 T   0.03562 0.95395 0.00036 0.01007 ( 2)
 147 S   0.38292 0.61352 0.00115 0.00242 ( 2)
 148 P   0.90609 0.09205 0.00166 0.00019 ( 1)
 149 F   0.92866 0.06954 0.00165 0.00015 ( 1)
 150 -   0.00025 0.99583 0.00000 0.00391 ( 2)
 151 S   0.21695 0.77579 0.00150 0.00575 ( 2)
 152 S   0.96588 0.03137 0.00265 0.00010 ( 1)
 153 K   0.00941 0.93724 0.00467 0.04868 ( 2)
 154 D   0.04865 0.94854 0.00011 0.00271 ( 2)
 155 Y   0.88188 0.11582 0.00199 0.00031 ( 1)
 156 Y   0.98707 0.01067 0.00223 0.00003 ( 1)
 157 Q   0.00000 0.46853 0.00000 0.53147 ( 4)
 158 S   0.25107 0.74589 0.00069 0.00235 ( 2)
 159 L   0.97911 0.01835 0.00249 0.00005 ( 1)
 160 K   0.01211 0.93366 0.00615 0.04807 ( 2)
 161 G   0.00000 0.99708 0.00000 0.00292 ( 2)
 162 K   0.99503 0.00203 0.00293 0.00001 ( 1)
 163 I   0.99455 0.00247 0.00298 0.00001 ( 1)
 164 K   0.04312 0.92087 0.00754 0.02847 ( 2)
 165 D   0.00003 0.94775 0.00002 0.05220 ( 2)
 166 Y   0.98707 0.01067 0.00223 0.00003 ( 1)
 167 T   0.99090 0.00676 0.00233 0.00002 ( 1)
 168 N   0.99589 0.00166 0.00245 0.00001 ( 1)
 169 Y   0.91393 0.08417 0.00170 0.00020 ( 1)
 170 C   0.26902 0.72761 0.00077 0.00260 ( 2)
 171 A   0.99370 0.00442 0.00188 0.00001 ( 1)
 172 E   0.69476 0.29932 0.00264 0.00328 ( 1)
 173 T   0.99457 0.00302 0.00240 0.00001 ( 1)
 174 Y   0.98707 0.01067 0.00223 0.00003 ( 1)
 175 R   0.99639 0.00223 0.00137 0.00000 ( 1)
 176 N   0.97983 0.01816 0.00197 0.00004 ( 1)
 177 S   0.94257 0.05602 0.00132 0.00009 ( 1)
 178 L   0.97911 0.01835 0.00249 0.00005 ( 1)
 179 T   0.59197 0.40524 0.00146 0.00133 ( 1)
 180 I   0.96103 0.03596 0.00288 0.00014 ( 1)
 181 L   0.32315 0.67080 0.00186 0.00419 ( 2)
 182 K   0.99503 0.00203 0.00293 0.00001 ( 1)
 183 N   0.99011 0.00743 0.00244 0.00002 ( 1)
 184 K   0.15188 0.73092 0.07723 0.03997 ( 2)
 185 P   0.01485 0.98334 0.00002 0.00179 ( 2)
 186 H   0.00559 0.96373 0.00059 0.03009 ( 2)
 187 I   0.90698 0.08727 0.00521 0.00055 ( 1)
 188 Q   0.08839 0.90851 0.00024 0.00286 ( 2)
 189 W   0.79113 0.19872 0.00804 0.00211 ( 1)
 190 D   0.14684 0.85084 0.00027 0.00205 ( 2)
 191 I   0.00035 0.96132 0.00006 0.03827 ( 2)
 192 Y   0.79356 0.20277 0.00287 0.00081 ( 1)
 193 N   0.99589 0.00166 0.00245 0.00001 ( 1)
 194 R   0.00000 0.78990 0.00000 0.21010 ( 2)
 195 Y   0.98707 0.01067 0.00223 0.00003 ( 1)
 196 R   0.95849 0.03944 0.00198 0.00009 ( 1)
 197 R   0.99639 0.00223 0.00137 0.00000 ( 1)
 198 E   0.09775 0.89868 0.00032 0.00325 ( 2)
 199 A   0.00858 0.99037 0.00001 0.00105 ( 2)
 200 I   0.37043 0.39939 0.20697 0.02322 ( 2)
 201 L   0.97489 0.02295 0.00210 0.00006 ( 1)
 202 G   0.80682 0.19011 0.00244 0.00063 ( 1)
 203 A   0.99370 0.00442 0.00188 0.00001 ( 1)
 204 L   0.97911 0.01835 0.00249 0.00005 ( 1)
 205 D   0.99604 0.00210 0.00185 0.00001 ( 1)
 206 L   0.97911 0.01835 0.00249 0.00005 ( 1)
 207 V   0.89829 0.09931 0.00211 0.00028 ( 1)
 208 A   0.98998 0.00479 0.00520 0.00003 ( 1)
 209 L   0.97564 0.02181 0.00248 0.00006 ( 1)
 210 F   0.93616 0.06022 0.00338 0.00024 ( 1)
 211 P   0.84891 0.14951 0.00131 0.00027 ( 1)
 212 N   0.99589 0.00166 0.00245 0.00001 ( 1)


lnL = -3213.397953

Bayes Empirical Bayes (BEB) probabilities for 4 classes (class)
(amino acids refer to 1st sequence: BT_Cry30Aa1)

   1 -   0.92202 0.01919 0.05758 0.00121 ( 1)
   2 G   0.93966 0.03063 0.02861 0.00110 ( 1)
   3 L   0.00134 0.14002 0.59647 0.26217 ( 3)
   4 V   0.00321 0.87770 0.00328 0.11581 ( 2)
   5 L   0.31209 0.10522 0.56998 0.01270 ( 3)
   6 K   0.00000 0.46842 0.00001 0.53157 ( 4)
   7 S   0.00315 0.12740 0.73758 0.13188 ( 3)
   8 F   0.97714 0.00506 0.01768 0.00011 ( 1)
   9 S   0.07976 0.63744 0.18034 0.10246 ( 2)
  10 T   0.02032 0.80978 0.03686 0.13304 ( 2)
  11 I   0.92561 0.05800 0.01512 0.00127 ( 1)
  12 I   0.87080 0.11253 0.01421 0.00246 ( 1)
  13 P   0.95143 0.02412 0.02375 0.00070 ( 1)
  14 I   0.00266 0.86124 0.00325 0.13284 ( 2)
  15 L   0.96337 0.01473 0.02151 0.00039 ( 1)
  16 W   0.74867 0.20775 0.03368 0.00989 ( 1)
  17 P   0.96742 0.01173 0.02055 0.00030 ( 1)
  18 N   0.00027 0.38984 0.03046 0.57942 ( 4)
  19 D   0.03086 0.94237 0.00073 0.02603 ( 2)
  20 K   0.00090 0.90809 0.00056 0.09045 ( 2)
  21 T   0.36019 0.61828 0.00684 0.01469 ( 2)
  22 P   0.00641 0.97050 0.00012 0.02297 ( 2)
  23 I   0.39805 0.01723 0.58296 0.00176 ( 3)
  24 W   0.74867 0.20775 0.03368 0.00989 ( 1)
  25 K   0.00429 0.96040 0.00014 0.03517 ( 2)
  26 E   0.75843 0.22488 0.01198 0.00471 ( 1)
  27 F   0.95508 0.02703 0.01728 0.00061 ( 1)
  28 T   0.92532 0.05829 0.01514 0.00125 ( 1)
  29 K   0.06721 0.91181 0.00118 0.01980 ( 2)
  30 Q   0.07305 0.90837 0.00108 0.01750 ( 2)
  31 G   0.93401 0.02421 0.04065 0.00112 ( 1)
  32 L   0.90458 0.07194 0.02146 0.00203 ( 1)
  33 Q   0.00941 0.79518 0.02270 0.17270 ( 2)
  34 L   0.96337 0.01473 0.02151 0.00039 ( 1)
  35 F   0.85927 0.12156 0.01625 0.00292 ( 1)
  36 R   0.98314 0.00207 0.01475 0.00004 ( 1)
  37 P   0.88751 0.09133 0.01883 0.00233 ( 1)
  38 E   0.96023 0.00695 0.03253 0.00028 ( 1)
  39 L   0.94931 0.02652 0.02340 0.00077 ( 1)
  40 G   0.08939 0.89038 0.00145 0.01878 ( 2)
  41 R   0.00078 0.97471 0.00002 0.02450 ( 2)
  42 D   0.00897 0.89724 0.00286 0.09093 ( 2)
  43 A   0.90906 0.07501 0.01436 0.00157 ( 1)
  44 I   0.98167 0.00224 0.01605 0.00005 ( 1)
  45 E   0.98226 0.00216 0.01554 0.00005 ( 1)
  46 I   0.97526 0.00611 0.01848 0.00015 ( 1)
  47 I   0.92735 0.05627 0.01515 0.00123 ( 1)
  48 G   0.00428 0.97460 0.00007 0.02105 ( 2)
  49 N   0.00837 0.80095 0.02128 0.16940 ( 2)
  50 D   0.00684 0.95750 0.00023 0.03542 ( 2)
  51 V   0.72132 0.23731 0.03062 0.01075 ( 1)
  52 Q   0.09278 0.88678 0.00147 0.01896 ( 2)
  53 A   0.00013 0.97707 0.00000 0.02280 ( 2)
  54 E   0.00007 0.97518 0.00000 0.02474 ( 2)
  55 Y   0.22680 0.73226 0.00917 0.03177 ( 2)
  56 N   0.98378 0.00149 0.01470 0.00003 ( 1)
  57 S   0.05392 0.92510 0.00093 0.02006 ( 2)
  58 L   0.95764 0.01908 0.02273 0.00054 ( 1)
  59 E   0.16538 0.81517 0.00249 0.01696 ( 2)
  60 I   0.00006 0.97980 0.00000 0.02014 ( 2)
  61 M   0.00001 0.95945 0.00000 0.04054 ( 2)
  62 M   0.66965 0.30701 0.01512 0.00822 ( 1)
  63 R   0.00001 0.96663 0.00000 0.03336 ( 2)
  64 D   0.66154 0.32191 0.00995 0.00660 ( 1)
  65 F   0.97714 0.00506 0.01768 0.00011 ( 1)
  66 E   0.92998 0.03965 0.02898 0.00139 ( 1)
  67 N   0.00000 0.87332 0.00000 0.12668 ( 2)
  68 K   0.00016 0.96648 0.00001 0.03335 ( 2)
  69 F   0.97714 0.00506 0.01768 0.00011 ( 1)
  70 A   0.27141 0.70850 0.00467 0.01542 ( 2)
  71 N   0.00006 0.97852 0.00000 0.02143 ( 2)
  72 W   0.74867 0.20775 0.03368 0.00989 ( 1)
  73 E   0.00010 0.80139 0.00018 0.19832 ( 2)
  74 S   0.00000 0.97940 0.00000 0.02060 ( 2)
  75 N   0.00038 0.97509 0.00001 0.02452 ( 2)
  76 R   0.94912 0.03492 0.01520 0.00076 ( 1)
  77 T   0.03926 0.94084 0.00059 0.01931 ( 2)
  78 R   0.00035 0.97501 0.00001 0.02463 ( 2)
  79 A   0.19014 0.78649 0.00388 0.01949 ( 2)
  80 N   0.05164 0.92545 0.00099 0.02193 ( 2)
  81 A   0.91749 0.06609 0.01501 0.00142 ( 1)
  82 I   0.00011 0.95612 0.00000 0.04377 ( 2)
  83 A   0.00038 0.98033 0.00001 0.01928 ( 2)
  84 V   0.00725 0.97163 0.00012 0.02099 ( 2)
  85 T   0.00212 0.97074 0.00005 0.02708 ( 2)
  86 T   0.00010 0.98092 0.00000 0.01898 ( 2)
  87 A   0.00132 0.97981 0.00002 0.01885 ( 2)
  88 F   0.88920 0.09264 0.01607 0.00210 ( 1)
  89 S   0.00000 0.97111 0.00000 0.02888 ( 2)
  90 T   0.00001 0.95959 0.00000 0.04041 ( 2)
  91 V   0.86791 0.11297 0.01641 0.00271 ( 1)
  92 N   0.00012 0.97008 0.00000 0.02979 ( 2)
  93 T   0.00045 0.97542 0.00001 0.02413 ( 2)
  94 Q   0.00014 0.95093 0.00001 0.04892 ( 2)
  95 I   0.85462 0.12619 0.01616 0.00303 ( 1)
  96 I   0.96144 0.02235 0.01571 0.00049 ( 1)
  97 R   0.00000 0.92145 0.00000 0.07855 ( 2)
  98 L   0.96062 0.01748 0.02144 0.00046 ( 1)
  99 K   0.94467 0.03935 0.01513 0.00085 ( 1)
 100 E   0.00101 0.97648 0.00002 0.02249 ( 2)
 101 R   0.00056 0.97563 0.00001 0.02380 ( 2)
 102 F   0.07764 0.89560 0.00183 0.02493 ( 2)
 103 L   0.00082 0.97821 0.00001 0.02096 ( 2)
 104 I   0.94247 0.04062 0.01602 0.00089 ( 1)
 105 A   0.00096 0.97965 0.00001 0.01938 ( 2)
 106 P   0.00053 0.97829 0.00001 0.02116 ( 2)
 107 E   0.00024 0.96403 0.00001 0.03572 ( 2)
 108 N   0.98378 0.00149 0.01470 0.00003 ( 1)
 109 R   0.39910 0.58202 0.00634 0.01254 ( 2)
 110 P   0.88228 0.09302 0.02200 0.00270 ( 1)
 111 A   0.97859 0.00431 0.01700 0.00010 ( 1)
 112 F   0.27396 0.69986 0.00652 0.01967 ( 2)
 113 L   0.50084 0.45729 0.02121 0.02065 ( 1)
 114 N   0.53881 0.44402 0.00834 0.00884 ( 1)
 115 L   0.80628 0.15254 0.03426 0.00692 ( 1)
 116 Y   0.96888 0.01036 0.02049 0.00027 ( 1)
 117 A   0.97874 0.00417 0.01700 0.00009 ( 1)
 118 Q   0.97047 0.00950 0.01980 0.00024 ( 1)
 119 T   0.97383 0.00733 0.01866 0.00018 ( 1)
 120 A   0.94645 0.03632 0.01643 0.00080 ( 1)
 121 N   0.98378 0.00149 0.01470 0.00003 ( 1)
 122 I   0.86670 0.11417 0.01639 0.00274 ( 1)
 123 D   0.98313 0.00193 0.01490 0.00004 ( 1)
 124 L   0.90458 0.07194 0.02146 0.00203 ( 1)
 125 I   0.97965 0.00425 0.01601 0.00009 ( 1)
 126 L   0.95862 0.01811 0.02276 0.00051 ( 1)
 127 Y   0.65953 0.30836 0.02111 0.01100 ( 1)
 128 Q   0.97047 0.00950 0.01980 0.00024 ( 1)
 129 R   0.98314 0.00207 0.01475 0.00004 ( 1)
 130 G   0.82300 0.14798 0.02402 0.00500 ( 1)
 131 S   0.02490 0.94339 0.00072 0.03099 ( 2)
 132 V   0.00757 0.97156 0.00012 0.02075 ( 2)
 133 Y   0.81440 0.16419 0.01718 0.00422 ( 1)
 134 G   0.82765 0.14523 0.02237 0.00475 ( 1)
 135 D   0.98313 0.00193 0.01490 0.00004 ( 1)
 136 K   0.05616 0.92395 0.00088 0.01900 ( 2)
 137 W   0.74867 0.20775 0.03368 0.00989 ( 1)
 138 V   0.00214 0.97656 0.00004 0.02127 ( 2)
 139 A   0.00220 0.97696 0.00005 0.02079 ( 2)
 140 D   0.19162 0.76735 0.00777 0.03325 ( 2)
 141 I   0.44994 0.52772 0.00920 0.01314 ( 2)
 142 N   0.17806 0.77268 0.00899 0.04027 ( 2)
 143 N   0.00325 0.97723 0.00005 0.01947 ( 2)
 144 R   0.16508 0.77613 0.01026 0.04853 ( 2)
 145 S   0.05110 0.92528 0.00103 0.02259 ( 2)
 146 T   0.01642 0.93884 0.00075 0.04399 ( 2)
 147 S   0.20525 0.77468 0.00332 0.01675 ( 2)
 148 P   0.87948 0.09581 0.02193 0.00278 ( 1)
 149 F   0.87839 0.10340 0.01587 0.00234 ( 1)
 150 -   0.00020 0.97890 0.00000 0.02090 ( 2)
 151 S   0.10598 0.85456 0.00408 0.03538 ( 2)
 152 S   0.94315 0.03153 0.02437 0.00095 ( 1)
 153 K   0.00504 0.87127 0.00541 0.11827 ( 2)
 154 D   0.02231 0.95765 0.00035 0.01969 ( 2)
 155 Y   0.80864 0.16994 0.01706 0.00437 ( 1)
 156 Y   0.96888 0.01036 0.02049 0.00027 ( 1)
 157 Q   0.00000 0.55139 0.00000 0.44861 ( 2)
 158 S   0.12519 0.84639 0.00322 0.02521 ( 2)
 159 L   0.95862 0.01811 0.02276 0.00051 ( 1)
 160 K   0.00623 0.88101 0.00625 0.10651 ( 2)
 161 G   0.00001 0.97968 0.00000 0.02031 ( 2)
 162 K   0.98239 0.00183 0.01574 0.00004 ( 1)
 163 I   0.98167 0.00224 0.01605 0.00005 ( 1)
 164 K   0.01892 0.88815 0.00936 0.08357 ( 2)
 165 D   0.00005 0.88177 0.00004 0.11814 ( 2)
 166 Y   0.96888 0.01036 0.02049 0.00027 ( 1)
 167 T   0.97472 0.00644 0.01868 0.00015 ( 1)
 168 N   0.98378 0.00149 0.01470 0.00003 ( 1)
 169 Y   0.85872 0.12578 0.01299 0.00252 ( 1)
 170 C   0.13562 0.84186 0.00255 0.01997 ( 2)
 171 A   0.97874 0.00417 0.01700 0.00009 ( 1)
 172 E   0.47892 0.49221 0.00926 0.01960 ( 2)
 173 T   0.98108 0.00279 0.01607 0.00006 ( 1)
 174 Y   0.96888 0.01036 0.02049 0.00027 ( 1)
 175 R   0.98314 0.00207 0.01475 0.00004 ( 1)
 176 N   0.95874 0.01794 0.02281 0.00050 ( 1)
 177 S   0.89538 0.08336 0.01913 0.00214 ( 1)
 178 L   0.95862 0.01811 0.02276 0.00051 ( 1)
 179 T   0.37782 0.60445 0.00559 0.01213 ( 2)
 180 I   0.93184 0.05180 0.01522 0.00114 ( 1)
 181 L   0.21504 0.74841 0.00758 0.02897 ( 2)
 182 K   0.98239 0.00183 0.01574 0.00004 ( 1)
 183 N   0.97818 0.00706 0.01462 0.00014 ( 1)
 184 K   0.05610 0.76555 0.08227 0.09608 ( 2)
 185 P   0.00744 0.96807 0.00016 0.02434 ( 2)
 186 H   0.00348 0.91975 0.00087 0.07590 ( 2)
 187 I   0.87541 0.09001 0.03106 0.00352 ( 1)
 188 Q   0.04289 0.92838 0.00110 0.02762 ( 2)
 189 W   0.74867 0.20775 0.03368 0.00989 ( 1)
 190 D   0.06081 0.92016 0.00092 0.01811 ( 2)
 191 I   0.00027 0.89394 0.00012 0.10567 ( 2)
 192 Y   0.68289 0.28507 0.02186 0.01017 ( 1)
 193 N   0.98378 0.00149 0.01470 0.00003 ( 1)
 194 R   0.00001 0.77338 0.00001 0.22661 ( 2)
 195 Y   0.96888 0.01036 0.02049 0.00027 ( 1)
 196 R   0.93248 0.04006 0.02618 0.00128 ( 1)
 197 R   0.98314 0.00207 0.01475 0.00004 ( 1)
 198 E   0.04721 0.91958 0.00147 0.03174 ( 2)
 199 A   0.00449 0.97504 0.00008 0.02039 ( 2)
 200 I   0.17244 0.44070 0.32844 0.05842 ( 2)
 201 L   0.95312 0.02273 0.02349 0.00066 ( 1)
 202 G   0.69987 0.26895 0.02180 0.00937 ( 1)
 203 A   0.97874 0.00417 0.01700 0.00009 ( 1)
 204 L   0.95862 0.01811 0.02276 0.00051 ( 1)
 205 D   0.98313 0.00193 0.01490 0.00004 ( 1)
 206 L   0.95862 0.01811 0.02276 0.00051 ( 1)
 207 V   0.83369 0.14611 0.01660 0.00360 ( 1)
 208 A   0.96895 0.00451 0.02641 0.00014 ( 1)
 209 L   0.95508 0.02164 0.02267 0.00061 ( 1)
 210 F   0.90695 0.06172 0.02911 0.00221 ( 1)
 211 P   0.76056 0.21779 0.01610 0.00555 ( 1)
 212 N   0.98378 0.00149 0.01470 0.00003 ( 1)

