Supplemental results for CODEML (seqf: algn  treef: tree)


dN/dS (w) for site classes (K=4)

site class             0        1       2a       2b
proportion       0.00000  0.00000  0.50006  0.49994
background w     0.05257  0.53796  0.05257  0.53796
foreground w     0.05257  0.53796 72.88304 72.88304

Naive Empirical Bayes (NEB) probabilities for 4 classes
(amino acids refer to 1st sequence: BT_Cry14Aa1)

   1 -   0.00000 0.00000 0.39936 0.60064 ( 4)
   2 L   0.00000 0.00000 0.86593 0.13407 ( 3)
   3 K   0.00000 0.00000 0.83617 0.16383 ( 3)
   4 G   0.00000 0.00000 0.93487 0.06513 ( 3)
   5 I   0.00000 0.00000 0.88513 0.11487 ( 3)
   6 P   0.00000 0.00000 0.98148 0.01852 ( 3)
   7 A   0.00000 0.00000 0.99877 0.00123 ( 3)
   8 E   0.00000 0.00000 0.99580 0.00420 ( 3)
   9 K   0.00000 0.00000 0.99834 0.00166 ( 3)
  10 G   0.00000 0.00000 0.43545 0.56455 ( 4)
  11 Y   0.00000 0.00000 0.96484 0.03516 ( 3)
  12 F   0.00000 0.00000 0.00240 0.99760 ( 4)
  13 P   0.00000 0.00000 0.29287 0.70713 ( 4)
  14 N   0.00000 0.00000 0.92833 0.07167 ( 3)
  15 N   0.00000 0.00000 0.33994 0.66006 ( 4)
  16 A   0.00000 0.00000 0.00918 0.99082 ( 4)
  17 R   0.00000 0.00000 0.00553 0.99447 ( 4)
  18 P   0.00000 0.00000 0.03834 0.96166 ( 4)
  19 T   0.00000 0.00000 0.01359 0.98641 ( 4)
  20 V   0.00000 0.00000 0.71112 0.28888 ( 3)
  21 V   0.00000 0.00000 0.99340 0.00660 ( 3)
  22 K   0.00000 0.00000 0.02123 0.97877 ( 4)
  23 -   0.00000 0.00000 0.50006 0.49994 ( 3)
  24 E   0.00000 0.00000 0.98087 0.01913 ( 3)
  25 W   0.00000 0.00000 0.01511 0.98489 ( 4)
  26 I   0.00000 0.00000 0.38294 0.61706 ( 4)
  27 N   0.00000 0.00000 0.99355 0.00645 ( 3)
  28 G   0.00000 0.00000 0.99961 0.00039 ( 3)
  29 A   0.00000 0.00000 0.76174 0.23826 ( 3)
  30 S   0.00000 0.00000 0.91931 0.08069 ( 3)
  31 A   0.00000 0.00000 0.78117 0.21883 ( 3)
  32 V   0.00000 0.00000 0.43535 0.56465 ( 4)
  33 P   0.00000 0.00000 0.24842 0.75158 ( 4)
  34 F   0.00000 0.00000 0.81443 0.18557 ( 3)
  35 Y   0.00000 0.00000 0.00217 0.99783 ( 4)
  36 S   0.00000 0.00000 0.13220 0.86780 ( 4)
  37 G   0.00000 0.00000 0.00557 0.99443 ( 4)
  38 N   0.00000 0.00000 0.00459 0.99541 ( 4)
  39 T   0.00000 0.00000 0.02845 0.97155 ( 4)
  40 L   0.00000 0.00000 0.55521 0.44479 ( 3)
  41 F   0.00000 0.00000 0.00003 0.99997 ( 4)
  42 M   0.00000 0.00000 0.08002 0.91998 ( 4)
  43 T   0.00000 0.00000 0.00165 0.99835 ( 4)
  44 A   0.00000 0.00000 0.96459 0.03541 ( 3)
  45 T   0.00000 0.00000 0.87615 0.12385 ( 3)
  46 -   0.00000 0.00000 0.51015 0.48985 ( 3)
  47 -   0.00000 0.00000 0.56110 0.43890 ( 3)
  48 -   0.00000 0.00000 0.54360 0.45640 ( 3)
  49 -   0.00000 0.00000 0.56507 0.43493 ( 3)
  50 -   0.00000 0.00000 0.55895 0.44105 ( 3)
  51 -   0.00000 0.00000 0.55589 0.44411 ( 3)
  52 -   0.00000 0.00000 0.51384 0.48616 ( 3)
  53 -   0.00000 0.00000 0.55711 0.44289 ( 3)
  54 N   0.00000 0.00000 0.99428 0.00572 ( 3)
  55 L   0.00000 0.00000 0.13922 0.86078 ( 4)
  56 T   0.00000 0.00000 0.98898 0.01102 ( 3)
  57 A   0.00000 0.00000 0.54976 0.45024 ( 3)
  58 T   0.00000 0.00000 0.54506 0.45494 ( 3)
  59 Q   0.00000 0.00000 0.96215 0.03785 ( 3)
  60 Y   0.00000 0.00000 0.99506 0.00494 ( 3)
  61 K   0.00000 0.00000 0.02545 0.97455 ( 4)
  62 I   0.00000 0.00000 0.92110 0.07890 ( 3)
  63 R   0.00000 0.00000 0.99532 0.00468 ( 3)
  64 I   0.00000 0.00000 0.90747 0.09253 ( 3)
  65 R   0.00000 0.00000 0.99968 0.00032 ( 3)
  66 Y   0.00000 0.00000 0.99910 0.00090 ( 3)
  67 A   0.00000 0.00000 0.99902 0.00098 ( 3)
  68 -   0.00000 0.00000 0.63458 0.36542 ( 3)
  69 N   0.00000 0.00000 0.09611 0.90389 ( 4)
  70 P   0.00000 0.00000 0.00063 0.99937 ( 4)
  71 N   0.00000 0.00000 0.90096 0.09904 ( 3)
  72 S   0.00000 0.00000 0.70963 0.29037 ( 3)
  73 D   0.00000 0.00000 0.00921 0.99079 ( 4)
  74 T   0.00000 0.00000 0.89851 0.10149 ( 3)
  75 Q   0.00000 0.00000 0.69938 0.30062 ( 3)
  76 I   0.00000 0.00000 0.49160 0.50840 ( 4)
  77 G   0.00000 0.00000 0.01161 0.98839 ( 4)
  78 V   0.00000 0.00000 0.29345 0.70655 ( 4)
  79 L   0.00000 0.00000 0.00921 0.99079 ( 4)
  80 I   0.00000 0.00000 0.84576 0.15424 ( 3)
  81 T   0.00000 0.00000 0.07736 0.92264 ( 4)
  82 Q   0.00000 0.00000 0.11702 0.88298 ( 4)
  83 N   0.00000 0.00000 0.72200 0.27800 ( 3)
  84 G   0.00000 0.00000 0.03252 0.96748 ( 4)
  85 S   0.00000 0.00000 0.61845 0.38155 ( 3)
  86 Q   0.00000 0.00000 0.02326 0.97674 ( 4)
  87 I   0.00000 0.00000 0.04368 0.95632 ( 4)
  88 S   0.00000 0.00000 0.00271 0.99729 ( 4)
  89 N   0.00000 0.00000 0.01067 0.98933 ( 4)
  90 S   0.00000 0.00000 0.00924 0.99076 ( 4)
  91 N   0.00000 0.00000 0.04399 0.95601 ( 4)
  92 L   0.00000 0.00000 0.00607 0.99393 ( 4)
  93 T   0.00000 0.00000 0.78854 0.21146 ( 3)
  94 L   0.00000 0.00000 0.62916 0.37084 ( 3)
  95 Y   0.00000 0.00000 0.05496 0.94504 ( 4)
  96 S   0.00000 0.00000 0.99187 0.00813 ( 3)
  97 T   0.00000 0.00000 0.00766 0.99234 ( 4)
  98 T   0.00000 0.00000 0.09549 0.90451 ( 4)
  99 D   0.00000 0.00000 0.01205 0.98795 ( 4)
 100 S   0.00000 0.00000 0.01905 0.98095 ( 4)
 101 S   0.00000 0.00000 0.05083 0.94917 ( 4)
 102 M   0.00000 0.00000 0.03270 0.96730 ( 4)
 103 S   0.00000 0.00000 0.00069 0.99931 ( 4)
 104 S   0.00000 0.00000 0.03190 0.96810 ( 4)
 105 N   0.00000 0.00000 0.00507 0.99493 ( 4)
 106 L   0.00000 0.00000 0.49836 0.50164 ( 4)
 107 P   0.00000 0.00000 0.00122 0.99878 ( 4)
 108 Q   0.00000 0.00000 0.05848 0.94152 ( 4)
 109 N   0.00000 0.00000 0.30196 0.69804 ( 4)
 110 V   0.00000 0.00000 0.93876 0.06124 ( 3)
 111 Y   0.00000 0.00000 0.93680 0.06320 ( 3)
 112 V   0.00000 0.00000 0.24069 0.75931 ( 4)
 113 T   0.00000 0.00000 0.12275 0.87725 ( 4)
 114 G   0.00000 0.00000 0.98752 0.01248 ( 3)
 115 E   0.00000 0.00000 0.10056 0.89944 ( 4)
 116 N   0.00000 0.00000 0.99478 0.00522 ( 3)
 117 G   0.00000 0.00000 0.98979 0.01021 ( 3)
 118 N   0.00000 0.00000 0.98634 0.01366 ( 3)
 119 Y   0.00000 0.00000 0.99953 0.00047 ( 3)
 120 T   0.00000 0.00000 0.81812 0.18188 ( 3)
 121 L   0.00000 0.00000 0.67240 0.32760 ( 3)
 122 L   0.00000 0.00000 0.00118 0.99882 ( 4)
 123 D   0.00000 0.00000 0.00930 0.99070 ( 4)
 124 L   0.00000 0.00000 0.96403 0.03597 ( 3)
 125 Y   0.00000 0.00000 0.00088 0.99912 ( 4)
 126 S   0.00000 0.00000 0.57229 0.42771 ( 3)
 127 T   0.00000 0.00000 0.66200 0.33800 ( 3)
 128 T   0.00000 0.00000 0.94715 0.05285 ( 3)
 129 N   0.00000 0.00000 0.95856 0.04144 ( 3)
 130 V   0.00000 0.00000 0.29589 0.70411 ( 4)
 131 L   0.00000 0.00000 0.90480 0.09520 ( 3)
 132 S   0.00000 0.00000 0.97628 0.02372 ( 3)
 133 T   0.00000 0.00000 0.03860 0.96140 ( 4)
 134 G   0.00000 0.00000 0.15940 0.84060 ( 4)
 135 D   0.00000 0.00000 0.00535 0.99465 ( 4)
 136 I   0.00000 0.00000 0.63726 0.36274 ( 3)
 137 T   0.00000 0.00000 0.55446 0.44554 ( 3)
 138 L   0.00000 0.00000 0.08863 0.91137 ( 4)
 139 K   0.00000 0.00000 0.38492 0.61508 ( 4)
 140 L   0.00000 0.00000 0.00733 0.99267 ( 4)
 141 T   0.00000 0.00000 0.61368 0.38632 ( 3)
 142 G   0.00000 0.00000 0.01037 0.98963 ( 4)
 143 G   0.00000 0.00000 0.11615 0.88385 ( 4)
 144 -   0.00000 0.00000 0.50006 0.49994 ( 3)
 145 N   0.00000 0.00000 0.00061 0.99939 ( 4)
 146 Q   0.00000 0.00000 0.98235 0.01765 ( 3)
 147 K   0.00000 0.00000 0.92197 0.07803 ( 3)
 148 I   0.00000 0.00000 0.93498 0.06502 ( 3)
 149 F   0.00000 0.00000 0.96181 0.03819 ( 3)
 150 I   0.00000 0.00000 0.92131 0.07869 ( 3)
 151 D   0.00000 0.00000 0.99922 0.00078 ( 3)
 152 R   0.00000 0.00000 0.99123 0.00877 ( 3)
 153 I   0.00000 0.00000 0.99563 0.00437 ( 3)
 154 E   0.00000 0.00000 0.99943 0.00057 ( 3)
 155 F   0.00000 0.00000 0.99942 0.00058 ( 3)
 156 I   0.00000 0.00000 0.65298 0.34702 ( 3)
 157 -   0.00000 0.00000 0.54093 0.45907 ( 3)


lnL = -2447.961865

