Supplemental results for CODEML (seqf: algn  treef: tree)


dN/dS (w) for site classes (K=4)

site class             0        1       2a       2b
proportion       0.44840  0.25923  0.18526  0.10710
background w     0.06525  1.00000  0.06525  1.00000
foreground w     0.06525  1.00000  1.00000  1.00000

Naive Empirical Bayes (NEB) probabilities for 4 classes
(amino acids refer to 1st sequence: BT_Cry7Ba1)

   1 -   0.44840 0.25923 0.18526 0.10710 ( 1)
   2 -   0.10019 0.60745 0.04139 0.25097 ( 2)
   3 -   0.49573 0.21190 0.20482 0.08755 ( 1)
   4 -   0.53329 0.17434 0.22034 0.07203 ( 1)
   5 -   0.00414 0.69982 0.00690 0.28914 ( 2)
   6 S   0.05651 0.65769 0.01406 0.27173 ( 2)
   7 K   0.06685 0.65142 0.01258 0.26914 ( 2)
   8 I   0.22792 0.51003 0.05133 0.21073 ( 2)
   9 L   0.68618 0.07575 0.20677 0.03130 ( 1)
  10 K   0.78244 0.04974 0.14727 0.02055 ( 1)
  11 E   0.00240 0.70549 0.00062 0.29148 ( 2)
  12 I   0.76493 0.01401 0.21527 0.00579 ( 1)
  13 L   0.58928 0.06217 0.32287 0.02568 ( 1)
  14 D   0.58627 0.11775 0.24733 0.04865 ( 1)
  15 Y   0.01110 0.69788 0.00268 0.28834 ( 2)
  16 L   0.78238 0.01776 0.19252 0.00734 ( 1)
  17 W   0.68590 0.06102 0.22787 0.02521 ( 1)
  18 P   0.69976 0.04907 0.23090 0.02027 ( 1)
  19 S   0.05460 0.64658 0.03168 0.26714 ( 2)
  20 S   0.77265 0.01787 0.20209 0.00738 ( 1)
  21 S   0.30190 0.41081 0.11756 0.16973 ( 2)
  22 S   0.00647 0.54532 0.22291 0.22531 ( 2)
  23 S   0.00626 0.57044 0.18760 0.23569 ( 2)
  24 N   0.20650 0.41110 0.21254 0.16985 ( 2)
  25 S   0.48663 0.27109 0.13028 0.11200 ( 1)
  26 W   0.68590 0.06102 0.22787 0.02521 ( 1)
  27 E   0.04555 0.49940 0.24871 0.20633 ( 2)
  28 E   0.23776 0.06455 0.67102 0.02667 ( 3)
  29 M   0.52983 0.25646 0.10775 0.10596 ( 1)
  30 M   0.82963 0.00298 0.16616 0.00123 ( 1)
  31 K   0.09120 0.47558 0.23673 0.19649 ( 2)
  32 E   0.00087 0.70576 0.00177 0.29159 ( 2)
  33 V   0.82539 0.01059 0.15965 0.00437 ( 1)
  34 E   0.81682 0.01149 0.16693 0.00475 ( 1)
  35 Y   0.05944 0.62004 0.06433 0.25618 ( 2)
  36 L   0.77749 0.02440 0.18803 0.01008 ( 1)
  37 I   0.81592 0.00913 0.17117 0.00377 ( 1)
  38 D   0.80085 0.03988 0.14279 0.01648 ( 1)
  39 K   0.59850 0.13040 0.21722 0.05388 ( 1)
  40 K   0.83667 0.00693 0.15353 0.00287 ( 1)
  41 I   0.84180 0.00672 0.14870 0.00278 ( 1)
  42 E   0.16362 0.08807 0.71192 0.03639 ( 3)
  43 E   0.83368 0.00974 0.15256 0.00402 ( 1)
  44 Y   0.00004 0.70668 0.00130 0.29198 ( 2)
  45 A   0.45210 0.18974 0.27976 0.07839 ( 1)
  46 R   0.02064 0.05902 0.89595 0.02439 ( 3)
  47 N   0.00129 0.16125 0.77084 0.06662 ( 3)
  48 K   0.02024 0.11449 0.81797 0.04730 ( 3)
  49 A   0.82951 0.00669 0.16103 0.00276 ( 1)
  50 L   0.79217 0.01172 0.19127 0.00484 ( 1)
  51 A   0.04118 0.55044 0.18095 0.22742 ( 2)
  52 V   0.07686 0.62365 0.04182 0.25767 ( 2)
  53 L   0.72784 0.03750 0.21916 0.01549 ( 1)
  54 E   0.11264 0.61263 0.02162 0.25312 ( 2)
  55 G   0.01082 0.68450 0.02188 0.28281 ( 2)
  56 I   0.27828 0.47365 0.05238 0.19569 ( 2)
  57 G   0.80674 0.00760 0.18251 0.00314 ( 1)
  58 N   0.01604 0.63127 0.09187 0.26082 ( 2)
  59 A   0.72585 0.03408 0.22598 0.01408 ( 1)
  60 V   0.53353 0.23220 0.13833 0.09594 ( 1)
  61 E   0.21087 0.52283 0.05028 0.21602 ( 2)
  62 S   0.03420 0.58865 0.13394 0.24321 ( 2)
  63 Y   0.80047 0.01076 0.18433 0.00445 ( 1)
  64 Y   0.16506 0.56308 0.03922 0.23264 ( 2)
  65 S   0.09478 0.43414 0.29171 0.17937 ( 2)
  66 A   0.82951 0.00669 0.16103 0.00276 ( 1)
  67 L   0.67614 0.10907 0.16973 0.04506 ( 1)
  68 E   0.22823 0.05487 0.69422 0.02267 ( 3)
  69 A   0.26084 0.38350 0.19720 0.15845 ( 2)
  70 W   0.68590 0.06102 0.22787 0.02521 ( 1)
  71 E   0.73940 0.08536 0.13997 0.03527 ( 1)
  72 -   0.06652 0.53413 0.17867 0.22068 ( 2)
  73 L   0.00473 0.69897 0.00751 0.28879 ( 2)
  74 E   0.03647 0.67018 0.01645 0.27689 ( 2)
  75 S   0.00099 0.68720 0.02789 0.28393 ( 2)
  76 S   0.00382 0.68096 0.03387 0.28135 ( 2)
  77 E   0.00166 0.69630 0.01436 0.28768 ( 2)
  78 R   0.01101 0.18487 0.72775 0.07638 ( 3)
  79 S   0.82182 0.00385 0.17274 0.00159 ( 1)
  80 L   0.14559 0.57546 0.04119 0.23776 ( 2)
  81 E   0.00173 0.21241 0.69810 0.08776 ( 3)
  82 L   0.01261 0.18935 0.71980 0.07823 ( 3)
  83 V   0.82539 0.01059 0.15965 0.00437 ( 1)
  84 L   0.00247 0.70438 0.00213 0.29102 ( 2)
  85 E   0.01722 0.68826 0.01015 0.28436 ( 2)
  86 R   0.74775 0.02062 0.22311 0.00852 ( 1)
  87 Y   0.60715 0.14922 0.18198 0.06165 ( 1)
  88 Q   0.00000 0.70763 0.00000 0.29237 ( 2)
  89 F   0.01268 0.69408 0.00647 0.28677 ( 2)
  90 A   0.73493 0.03209 0.21972 0.01326 ( 1)
  91 V   0.03720 0.49387 0.26488 0.20405 ( 2)
  92 Q   0.63914 0.13630 0.16825 0.05632 ( 1)
  93 F   0.06884 0.51249 0.20693 0.21174 ( 2)
  94 A   0.22746 0.51394 0.04627 0.21234 ( 2)
  95 R   0.78644 0.03737 0.16075 0.01544 ( 1)
  96 S   0.05131 0.54464 0.17903 0.22502 ( 2)
  97 S   0.00039 0.70725 0.00015 0.29221 ( 2)
  98 M   0.82963 0.00298 0.16616 0.00123 ( 1)
  99 P   0.06654 0.64918 0.01606 0.26822 ( 2)
 100 S   0.01157 0.13632 0.79578 0.05632 ( 3)
 101 F   0.77946 0.00848 0.20855 0.00351 ( 1)
 102 A   0.01008 0.21706 0.68317 0.08968 ( 3)
 103 I   0.01651 0.54504 0.21327 0.22519 ( 2)
 104 I   0.00146 0.70501 0.00224 0.29129 ( 2)
 105 N   0.07074 0.62624 0.04428 0.25874 ( 2)
 106 Y   0.68347 0.11100 0.15967 0.04586 ( 1)
 107 E   0.83677 0.00733 0.15287 0.00303 ( 1)
 108 I   0.81490 0.01001 0.17096 0.00414 ( 1)
 109 P   0.68443 0.04794 0.24781 0.01981 ( 1)
 110 L   0.71731 0.05320 0.20751 0.02198 ( 1)
 111 L   0.77895 0.02069 0.19181 0.00855 ( 1)
 112 A   0.82951 0.00669 0.16103 0.00276 ( 1)
 113 T   0.82743 0.00651 0.16336 0.00269 ( 1)
 114 Y   0.80047 0.01076 0.18433 0.00445 ( 1)
 115 A   0.82752 0.00825 0.16082 0.00341 ( 1)
 116 N   0.36466 0.40248 0.06657 0.16629 ( 2)
 117 A   0.80533 0.00976 0.18087 0.00403 ( 1)
 118 A   0.82591 0.00951 0.16065 0.00393 ( 1)
 119 N   0.84588 0.00457 0.14766 0.00189 ( 1)
 120 V   0.59780 0.19031 0.13326 0.07863 ( 1)
 121 H   0.82471 0.00430 0.16921 0.00178 ( 1)
 122 L   0.75141 0.02227 0.21711 0.00920 ( 1)
 123 L   0.69319 0.09709 0.16961 0.04011 ( 1)
 124 L   0.77911 0.02054 0.19186 0.00849 ( 1)
 125 M   0.76916 0.05320 0.15566 0.02198 ( 1)
 126 R   0.75925 0.05950 0.15667 0.02458 ( 1)
 127 D   0.84703 0.00475 0.14626 0.00196 ( 1)
 128 I   0.02100 0.65900 0.04772 0.27228 ( 2)
 129 Q   0.80498 0.00764 0.18422 0.00316 ( 1)
 130 I   0.84029 0.00778 0.14872 0.00321 ( 1)
 131 Y   0.71037 0.03278 0.24330 0.01354 ( 1)
 132 G   0.73494 0.03063 0.22177 0.01266 ( 1)
 133 D   0.26181 0.43112 0.12896 0.17812 ( 2)
 134 R   0.04809 0.66646 0.01009 0.27536 ( 2)
 135 W   0.68590 0.06102 0.22787 0.02521 ( 1)
 136 G   0.24618 0.49731 0.05103 0.20547 ( 2)
 137 I   0.14550 0.58607 0.02628 0.24214 ( 2)
 138 S   0.00822 0.69834 0.00490 0.28853 ( 2)
 139 Q   0.21148 0.04259 0.72833 0.01760 ( 3)
 140 N   0.00061 0.70497 0.00316 0.29127 ( 2)
 141 D   0.84703 0.00475 0.14626 0.00196 ( 1)
 142 M   0.09966 0.58572 0.07262 0.24200 ( 2)
 143 N   0.08362 0.46466 0.25973 0.19198 ( 2)
 144 L   0.66051 0.07646 0.23144 0.03159 ( 1)
 145 F   0.15153 0.07831 0.73780 0.03235 ( 3)
 146 L   0.15142 0.57297 0.03888 0.23673 ( 2)
 147 K   0.00361 0.49000 0.30393 0.20245 ( 2)
 148 E   0.83677 0.00733 0.15287 0.00303 ( 1)
 149 Q   0.80498 0.00764 0.18422 0.00316 ( 1)
 150 E   0.73171 0.09304 0.13681 0.03844 ( 1)
 151 I   0.00100 0.70462 0.00326 0.29112 ( 2)
 152 Y   0.42051 0.25241 0.22279 0.10429 ( 1)
 153 T   0.72054 0.03525 0.22964 0.01457 ( 1)
 154 S   0.00405 0.70396 0.00114 0.29085 ( 2)
 155 E   0.83677 0.00733 0.15287 0.00303 ( 1)
 156 Y   0.78862 0.02076 0.18205 0.00858 ( 1)
 157 S   0.38623 0.33672 0.13793 0.13912 ( 1)
 158 E   0.26553 0.04715 0.66784 0.01948 ( 3)
 159 H   0.65649 0.14729 0.13536 0.06086 ( 1)
 160 C   0.70316 0.03743 0.24394 0.01546 ( 1)
 161 V   0.01412 0.69186 0.00817 0.28585 ( 2)
 162 K   0.73097 0.07861 0.15793 0.03248 ( 1)
 163 W   0.00048 0.70562 0.00236 0.29154 ( 2)
 164 Y   0.80047 0.01076 0.18433 0.00445 ( 1)
 165 N   0.84588 0.00457 0.14766 0.00189 ( 1)
 166 E   0.69647 0.08772 0.17957 0.03624 ( 1)
 167 G   0.82000 0.00789 0.16885 0.00326 ( 1)
 168 L   0.78025 0.01960 0.19205 0.00810 ( 1)
 169 N   0.84588 0.00457 0.14766 0.00189 ( 1)
 170 Q   0.65036 0.14207 0.14887 0.05870 ( 1)
 171 L   0.73609 0.02999 0.22152 0.01239 ( 1)
 172 K   0.83667 0.00693 0.15353 0.00287 ( 1)
 173 T   0.15087 0.38117 0.31047 0.15749 ( 2)
 174 K   0.74514 0.08250 0.13827 0.03409 ( 1)
 175 G   0.15508 0.37599 0.31358 0.15535 ( 2)
 176 G   0.71290 0.03007 0.24460 0.01243 ( 1)
 177 A   0.07068 0.50414 0.21688 0.20829 ( 2)
 178 S   0.73454 0.07856 0.15445 0.03246 ( 1)
 179 G   0.63636 0.15445 0.14538 0.06381 ( 1)
 180 L   0.09280 0.62523 0.02364 0.25832 ( 2)
 181 V   0.11863 0.60487 0.02658 0.24991 ( 2)
 182 W   0.68590 0.06102 0.22787 0.02521 ( 1)
 183 E   0.11482 0.60536 0.02971 0.25011 ( 2)
 184 N   0.09248 0.63030 0.01680 0.26042 ( 2)
 185 Y   0.68347 0.11100 0.15967 0.04586 ( 1)
 186 N   0.77985 0.01083 0.20485 0.00447 ( 1)
 187 S   0.38421 0.34564 0.12735 0.14280 ( 1)
 188 F   0.74578 0.02548 0.21821 0.01053 ( 1)
 189 R   0.76150 0.01776 0.21340 0.00734 ( 1)
 190 T   0.71143 0.10272 0.14341 0.04244 ( 1)
 191 E   0.83677 0.00733 0.15287 0.00303 ( 1)
 192 M   0.82963 0.00298 0.16616 0.00123 ( 1)
 193 T   0.82665 0.00711 0.16331 0.00294 ( 1)
 194 I   0.28411 0.44438 0.08791 0.18360 ( 2)
 195 M   0.07967 0.41498 0.33390 0.17145 ( 2)
 196 V   0.77991 0.01304 0.20166 0.00539 ( 1)
 197 L   0.77242 0.02631 0.19040 0.01087 ( 1)
 198 D   0.84703 0.00475 0.14626 0.00196 ( 1)
 199 L   0.10644 0.47249 0.22585 0.19522 ( 2)
 200 V   0.77847 0.01388 0.20191 0.00574 ( 1)
 201 A   0.58109 0.20402 0.13059 0.08429 ( 1)
 202 I   0.16458 0.36083 0.32551 0.14908 ( 2)
 203 F   0.82037 0.01003 0.16546 0.00414 ( 1)
 204 P   0.57169 0.20665 0.13628 0.08538 ( 1)
 205 A   0.00018 0.70298 0.00639 0.29045 ( 2)


lnL = -2173.040349

