Supplemental results for CODEML (seqf: algn  treef: tree)


dN/dS (w) for site classes (K=4)

site class             0        1       2a       2b
proportion       0.72493  0.12427  0.12873  0.02207
background w     0.17697  3.49502  0.17697  3.49502
foreground w     0.17697  3.49502 70.70898 70.70898

Naive Empirical Bayes (NEB) probabilities for 4 classes
(amino acids refer to 1st sequence: BT_Cry1Ia11)

   1 S   0.99182 0.00069 0.00743 0.00007 ( 1)
   2 I   0.97841 0.00104 0.02039 0.00016 ( 1)
   3 T   0.98710 0.00076 0.01206 0.00008 ( 1)
   4 Q   0.99711 0.00009 0.00279 0.00000 ( 1)
   5 I   0.81063 0.04043 0.14486 0.00409 ( 1)
   6 P   0.99575 0.00017 0.00407 0.00001 ( 1)
   7 L   0.96837 0.00901 0.02130 0.00131 ( 1)
   8 V   0.98764 0.00071 0.01158 0.00007 ( 1)
   9 K   0.98968 0.00292 0.00708 0.00032 ( 1)
  10 A   0.98913 0.00341 0.00725 0.00021 ( 1)
  11 F   0.34721 0.50200 0.06165 0.08914 ( 2)
  12 N   0.83433 0.01488 0.14815 0.00264 ( 1)
  13 -   0.81581 0.03339 0.14486 0.00593 ( 1)
  14 -   0.80657 0.04264 0.14322 0.00757 ( 1)
  15 -   0.80657 0.04264 0.14322 0.00757 ( 1)
  16 -   0.58790 0.26130 0.10439 0.04640 ( 1)
  17 L   0.79883 0.08343 0.10713 0.01061 ( 1)
  18 S   0.01620 0.03760 0.93643 0.00977 ( 3)
  19 S   0.95398 0.00315 0.04206 0.00081 ( 1)
  20 G   0.12578 0.07988 0.78423 0.01011 ( 3)
  21 A   0.02118 0.02344 0.94925 0.00613 ( 3)
  22 A   0.90183 0.02520 0.07016 0.00282 ( 1)
  23 V   0.82159 0.00962 0.16776 0.00103 ( 1)
  24 V   0.92450 0.01052 0.06384 0.00113 ( 1)
  25 R   0.54304 0.01271 0.44148 0.00276 ( 1)
  26 G   0.99320 0.00173 0.00503 0.00004 ( 1)
  27 P   0.99488 0.00015 0.00496 0.00001 ( 1)
  28 G   0.99152 0.00026 0.00818 0.00003 ( 1)
  29 F   0.98964 0.00326 0.00677 0.00033 ( 1)
  30 T   0.98490 0.00068 0.01434 0.00009 ( 1)
  31 G   0.99296 0.00036 0.00665 0.00003 ( 1)
  32 G   0.99306 0.00042 0.00649 0.00003 ( 1)
  33 D   0.55327 0.31656 0.09707 0.03309 ( 1)
  34 I   0.98287 0.01248 0.00442 0.00023 ( 1)
  35 L   0.86044 0.01705 0.12067 0.00184 ( 1)
  36 R   0.67254 0.10834 0.20554 0.01358 ( 1)
  37 R   0.65778 0.03415 0.30473 0.00333 ( 1)
  38 T   0.16271 0.52170 0.24341 0.07219 ( 2)
  39 N   0.94086 0.04736 0.00790 0.00388 ( 1)
  40 T   0.00987 0.88833 0.00041 0.10139 ( 2)
  41 G   0.94542 0.00232 0.05197 0.00029 ( 1)
  42 T   0.00004 0.73958 0.00119 0.25918 ( 2)
  43 F   0.14915 0.05605 0.78280 0.01200 ( 3)
  44 G   0.74235 0.10685 0.13182 0.01897 ( 1)
  45 D   0.30521 0.54400 0.05420 0.09660 ( 2)
  46 I   0.78548 0.06373 0.13948 0.01132 ( 1)
  47 R   0.77701 0.07220 0.13797 0.01282 ( 1)
  48 V   0.99081 0.00587 0.00283 0.00050 ( 1)
  49 N   0.00799 0.06630 0.90707 0.01865 ( 3)
  50 I   0.64784 0.01196 0.33720 0.00299 ( 1)
  51 N   0.98187 0.00056 0.01748 0.00009 ( 1)
  52 -   0.72493 0.12427 0.12873 0.02207 ( 1)
  53 -   0.72493 0.12427 0.12873 0.02207 ( 1)
  54 -   0.72493 0.12427 0.12873 0.02207 ( 1)
  55 -   0.72493 0.12427 0.12873 0.02207 ( 1)
  56 -   0.72493 0.12427 0.12873 0.02207 ( 1)
  57 P   0.99027 0.00078 0.00887 0.00008 ( 1)
  58 P   0.99575 0.00017 0.00407 0.00001 ( 1)
  59 F   0.99089 0.00052 0.00854 0.00005 ( 1)
  60 A   0.62169 0.36343 0.00289 0.01199 ( 1)
  61 Q   0.99711 0.00009 0.00279 0.00000 ( 1)
  62 R   0.98804 0.00408 0.00746 0.00042 ( 1)
  63 Y   0.99443 0.00011 0.00544 0.00001 ( 1)
  64 R   0.99351 0.00261 0.00367 0.00020 ( 1)
  65 V   0.45798 0.04729 0.48564 0.00909 ( 3)
  66 R   0.99510 0.00075 0.00409 0.00005 ( 1)
  67 I   0.96937 0.01575 0.01317 0.00170 ( 1)
  68 R   0.95130 0.04230 0.00333 0.00306 ( 1)
  69 Y   0.99071 0.00053 0.00870 0.00006 ( 1)
  70 A   0.98282 0.00436 0.01261 0.00022 ( 1)
  71 S   0.71151 0.04516 0.23705 0.00628 ( 1)
  72 T   0.98499 0.01002 0.00463 0.00036 ( 1)
  73 -   0.98938 0.00167 0.00876 0.00019 ( 1)
  74 T   0.83052 0.01297 0.15478 0.00172 ( 1)
  75 D   0.98785 0.00017 0.01195 0.00003 ( 1)
  76 L   0.77456 0.02696 0.19510 0.00338 ( 1)
  77 Q   0.94725 0.00880 0.04280 0.00115 ( 1)
  78 F   0.19321 0.03411 0.76343 0.00925 ( 3)
  79 H   0.00768 0.85030 0.00646 0.13556 ( 2)
  80 T   0.51045 0.05313 0.42838 0.00805 ( 1)
  81 S   0.20870 0.69862 0.00908 0.08360 ( 2)
  82 I   0.46347 0.09567 0.42614 0.01472 ( 1)
  83 N   0.00032 0.91790 0.00012 0.08166 ( 2)
  84 G   0.21283 0.56176 0.13474 0.09067 ( 2)
  85 K   0.29321 0.07657 0.62032 0.00991 ( 3)
  86 A   0.01908 0.12529 0.82799 0.02763 ( 3)
  87 I   0.41402 0.01447 0.56789 0.00361 ( 3)
  88 N   0.75388 0.00458 0.24095 0.00059 ( 1)
  89 Q   0.04043 0.61321 0.11681 0.22955 ( 2)
  90 G   0.81480 0.03441 0.14468 0.00611 ( 1)
  91 N   0.76357 0.20083 0.00881 0.02678 ( 1)
  92 F   0.45299 0.01264 0.53173 0.00264 ( 3)
  93 S   0.97681 0.00496 0.01761 0.00062 ( 1)
  94 A   0.75240 0.03968 0.20405 0.00387 ( 1)
  95 T   0.97338 0.00316 0.02294 0.00052 ( 1)
  96 M   0.97554 0.00861 0.01465 0.00120 ( 1)
  97 N   0.99059 0.00030 0.00908 0.00004 ( 1)
  98 R   0.98685 0.00027 0.01285 0.00004 ( 1)
  99 G   0.77859 0.02285 0.19569 0.00287 ( 1)
 100 E   0.88595 0.09208 0.01408 0.00789 ( 1)
 101 -   0.96818 0.00957 0.02076 0.00149 ( 1)
 102 -   0.97564 0.00564 0.01783 0.00089 ( 1)
 103 -   0.97956 0.00514 0.01479 0.00051 ( 1)
 104 D   0.98877 0.00058 0.01057 0.00008 ( 1)
 105 L   0.99275 0.00041 0.00681 0.00003 ( 1)
 106 D   0.96818 0.02206 0.00843 0.00133 ( 1)
 107 Y   0.84079 0.06316 0.09003 0.00602 ( 1)
 108 K   0.99325 0.00207 0.00454 0.00015 ( 1)
 109 T   0.98738 0.00227 0.01007 0.00029 ( 1)
 110 F   0.98922 0.00292 0.00752 0.00034 ( 1)
 111 R   0.99044 0.00644 0.00306 0.00006 ( 1)
 112 T   0.99055 0.00225 0.00699 0.00021 ( 1)
 113 V   0.98764 0.00071 0.01158 0.00007 ( 1)
 114 G   0.69756 0.22716 0.04494 0.03035 ( 1)
 115 F   0.98294 0.00138 0.01550 0.00017 ( 1)
 116 T   0.96587 0.00196 0.03156 0.00060 ( 1)
 117 T   0.96085 0.00445 0.03363 0.00107 ( 1)
 118 P   0.00122 0.83864 0.00101 0.15914 ( 2)
 119 F   0.99229 0.00015 0.00754 0.00002 ( 1)
 120 S   0.97700 0.01958 0.00306 0.00037 ( 1)
 121 F   0.32232 0.57922 0.03188 0.06658 ( 2)
 122 L   0.02808 0.43698 0.38739 0.14754 ( 2)
 123 D   0.60389 0.29936 0.06015 0.03660 ( 1)
 124 V   0.90796 0.06676 0.01641 0.00887 ( 1)
 125 Q   0.02045 0.76348 0.00444 0.21163 ( 2)
 126 -   0.72493 0.12427 0.12873 0.02207 ( 1)
 127 S   0.98562 0.00599 0.00769 0.00069 ( 1)
 128 T   0.00233 0.65121 0.06250 0.28395 ( 2)
 129 F   0.04501 0.83614 0.00855 0.11030 ( 2)
 130 T   0.13857 0.72004 0.00892 0.13247 ( 2)
 131 I   0.45564 0.36172 0.11489 0.06775 ( 1)
 132 G   0.02007 0.58634 0.13495 0.25864 ( 2)
 133 A   0.23497 0.08955 0.64452 0.03096 ( 3)
 134 W   0.00002 0.79632 0.00031 0.20335 ( 2)
 135 N   0.95653 0.00967 0.03176 0.00204 ( 1)
 136 F   0.83676 0.02330 0.13815 0.00179 ( 1)
 137 S   0.39085 0.10818 0.47404 0.02693 ( 3)
 138 S   0.06816 0.12019 0.77701 0.03464 ( 3)
 139 G   0.63588 0.08487 0.27072 0.00854 ( 1)
 140 N   0.98622 0.00480 0.00859 0.00039 ( 1)
 141 E   0.98044 0.00410 0.01504 0.00042 ( 1)
 142 V   0.97665 0.00586 0.01687 0.00061 ( 1)
 143 Y   0.97693 0.01225 0.00981 0.00101 ( 1)
 144 I   0.97917 0.00076 0.01995 0.00012 ( 1)
 145 D   0.98706 0.00892 0.00370 0.00032 ( 1)
 146 R   0.99162 0.00050 0.00782 0.00005 ( 1)
 147 I   0.96174 0.00141 0.03654 0.00030 ( 1)
 148 E   0.99399 0.00012 0.00588 0.00001 ( 1)
 149 F   0.99229 0.00015 0.00754 0.00002 ( 1)
 150 V   0.98573 0.00356 0.01051 0.00021 ( 1)
 151 P   0.99465 0.00085 0.00443 0.00007 ( 1)


lnL = -1773.630234

