Supplemental results for CODEML (seqf: algn  treef: tree)


dN/dS (w) for site classes (K=4)

site class             0        1       2a       2b
proportion       0.12682  0.15333  0.32587  0.39398
background w     0.07327  0.34520  0.07327  0.34520
foreground w     0.07327  0.34520  0.00000  0.00000

Naive Empirical Bayes (NEB) probabilities for 4 classes
(amino acids refer to 1st sequence: BT_Cry1A-like)

   1 E   0.00063 0.26172 0.00166 0.73599 ( 4)
   2 F   0.01958 0.24223 0.05137 0.68683 ( 4)
   3 V   0.03293 0.22979 0.08640 0.65089 ( 4)
   4 P   0.27499 0.00252 0.71560 0.00689 ( 3)
   5 G   0.18452 0.08724 0.48322 0.24502 ( 3)
   6 A   0.00928 0.26458 0.02400 0.70215 ( 4)
   7 G   0.07692 0.19205 0.20070 0.53033 ( 4)
   8 F   0.26788 0.00767 0.70275 0.02170 ( 3)
   9 V   0.00023 0.27373 0.00059 0.72545 ( 4)
  10 L   0.03534 0.22732 0.09274 0.64460 ( 4)
  11 G   0.25578 0.02042 0.66742 0.05638 ( 3)
  12 L   0.27444 0.00322 0.71360 0.00875 ( 3)
  13 V   0.00436 0.25659 0.01145 0.72759 ( 4)
  14 D   0.27463 0.00070 0.72266 0.00202 ( 3)
  15 I   0.00426 0.26493 0.01109 0.71972 ( 4)
  16 I   0.27565 0.00038 0.72291 0.00106 ( 3)
  17 W   0.24779 0.03087 0.64002 0.08131 ( 3)
  18 G   0.26825 0.00769 0.70248 0.02159 ( 3)
  19 I   0.00198 0.25886 0.00520 0.73397 ( 4)
  20 F   0.01119 0.25074 0.02935 0.70872 ( 4)
  21 G   0.00759 0.25603 0.01986 0.71652 ( 4)
  22 P   0.00114 0.26554 0.00297 0.73035 ( 4)
  23 S   0.12562 0.14489 0.32802 0.40146 ( 4)
  24 Q   0.05750 0.24287 0.14344 0.55619 ( 4)
  25 W   0.17422 0.10342 0.45001 0.27235 ( 3)
  26 -   0.12682 0.15333 0.32587 0.39398 ( 4)
  27 D   0.01072 0.25695 0.02794 0.70439 ( 4)
  28 A   0.00000 0.26906 0.00000 0.73093 ( 4)
  29 F   0.27584 0.00007 0.72388 0.00021 ( 3)
  30 L   0.27613 0.00046 0.72211 0.00129 ( 3)
  31 V   0.00000 0.26927 0.00000 0.73073 ( 4)
  32 Q   0.27273 0.00615 0.70488 0.01624 ( 3)
  33 I   0.27381 0.00188 0.71899 0.00533 ( 3)
  34 E   0.27591 0.00032 0.72287 0.00090 ( 3)
  35 Q   0.19524 0.07991 0.50769 0.21716 ( 3)
  36 L   0.27484 0.00419 0.70994 0.01103 ( 3)
  37 I   0.27573 0.00006 0.72403 0.00018 ( 3)
  38 N   0.00000 0.26663 0.00001 0.73336 ( 4)
  39 Q   0.26688 0.01053 0.69396 0.02863 ( 3)
  40 R   0.19714 0.07661 0.51449 0.21175 ( 3)
  41 I   0.27585 0.00008 0.72384 0.00023 ( 3)
  42 -   0.12682 0.15333 0.32587 0.39398 ( 4)
  43 E   0.02450 0.23896 0.06419 0.67235 ( 4)
  44 N   0.00011 0.26506 0.00028 0.73455 ( 4)
  45 S   0.00008 0.27353 0.00020 0.72619 ( 4)
  46 L   0.01594 0.24719 0.04177 0.69510 ( 4)
  47 G   0.25392 0.02418 0.65749 0.06441 ( 3)
  48 T   0.19238 0.08429 0.49834 0.22499 ( 3)
  49 K   0.00417 0.27220 0.01077 0.71286 ( 4)
  50 P   0.27126 0.00517 0.70915 0.01442 ( 3)
  51 F   0.27214 0.00345 0.71461 0.00980 ( 3)
  52 L   0.12682 0.15333 0.32587 0.39398 ( 4)
  53 D   0.12682 0.15333 0.32587 0.39398 ( 4)
  54 W   0.12682 0.15333 0.32587 0.39398 ( 4)
  55 K   0.00000 0.26299 0.00000 0.73701 ( 4)
  56 A   0.00192 0.26327 0.00502 0.72978 ( 4)
  57 K   0.22010 0.05585 0.57231 0.15174 ( 3)
  58 Q   0.00215 0.27086 0.00557 0.72142 ( 4)
  59 -   0.12682 0.15333 0.32587 0.39398 ( 4)
  60 S   0.20298 0.07462 0.52486 0.19754 ( 3)
  61 L   0.09534 0.17670 0.24791 0.48005 ( 4)
  62 S   0.00001 0.26972 0.00003 0.73025 ( 4)
  63 N   0.00008 0.25842 0.00022 0.74128 ( 4)
  64 L   0.05446 0.22053 0.14085 0.58416 ( 4)
  65 R   0.26652 0.00975 0.69660 0.02714 ( 3)
  66 R   0.00001 0.26221 0.00002 0.73777 ( 4)
  67 I   0.00946 0.38252 0.02070 0.58732 ( 4)
  68 -   0.26854 0.00956 0.69635 0.02555 ( 3)
  69 -   0.00068 0.85637 0.00002 0.14293 ( 2)
  70 -   0.00018 0.26834 0.00047 0.73101 ( 4)
  71 -   0.00915 0.25539 0.02391 0.71155 ( 4)
  72 F   0.27648 0.00156 0.71775 0.00421 ( 3)
  73 R   0.00664 0.25930 0.01734 0.71672 ( 4)
  74 E   0.02260 0.24895 0.05864 0.66981 ( 4)
  75 W   0.24779 0.03087 0.64002 0.08131 ( 3)
  76 E   0.27589 0.00034 0.72280 0.00097 ( 3)
  77 A   0.00001 0.53716 0.00001 0.46283 ( 2)
  78 D   0.01587 0.24431 0.04172 0.69809 ( 4)
  79 P   0.27639 0.00082 0.72054 0.00225 ( 3)
  80 T   0.04727 0.21468 0.12427 0.61379 ( 4)
  81 N   0.27531 0.00024 0.72378 0.00068 ( 3)
  82 P   0.07847 0.18927 0.20513 0.52713 ( 4)
  83 A   0.02772 0.24229 0.07208 0.65791 ( 4)
  84 L   0.26261 0.01468 0.68284 0.03988 ( 3)
  85 R   0.00198 0.27096 0.00512 0.72194 ( 4)
  86 E   0.27113 0.00486 0.71034 0.01367 ( 3)
  87 E   0.04583 0.21540 0.12059 0.61818 ( 4)
  88 M   0.11188 0.16376 0.28950 0.43486 ( 4)
  89 R   0.27626 0.00106 0.71977 0.00291 ( 3)
  90 I   0.02298 0.23862 0.06034 0.67806 ( 4)
  91 Q   0.25545 0.02266 0.66149 0.06040 ( 3)
  92 F   0.27565 0.00026 0.72336 0.00073 ( 3)
  93 N   0.06051 0.20483 0.15852 0.57615 ( 4)
  94 A   0.00028 0.25888 0.00075 0.74008 ( 4)
  95 R   0.09128 0.17765 0.23839 0.49268 ( 4)
  96 T   0.07652 0.19721 0.19833 0.52794 ( 4)
  97 S   0.21310 0.06380 0.55233 0.17077 ( 3)
  98 A   0.05995 0.20508 0.15712 0.57784 ( 4)
  99 L   0.21416 0.06161 0.55686 0.16737 ( 3)
 100 T   0.00089 0.26048 0.00235 0.73628 ( 4)
 101 T   0.11847 0.15162 0.30941 0.42050 ( 4)
 102 A   0.01066 0.25395 0.02786 0.70754 ( 4)
 103 I   0.12266 0.14520 0.32169 0.41044 ( 4)
 104 P   0.09416 0.17081 0.24748 0.48755 ( 4)
 105 L   0.00063 0.25880 0.00166 0.73890 ( 4)
 106 F   0.00105 0.25977 0.00276 0.73642 ( 4)
 107 A   0.00130 0.26378 0.00341 0.73151 ( 4)
 108 V   0.20995 0.06362 0.54899 0.17744 ( 3)
 109 Q   0.00620 0.25926 0.01619 0.71836 ( 4)
 110 N   0.00019 0.26160 0.00051 0.73770 ( 4)
 111 Y   0.25909 0.01590 0.67992 0.04509 ( 3)
 112 Q   0.25747 0.01782 0.67456 0.05015 ( 3)
 113 V   0.19367 0.08387 0.50068 0.22179 ( 3)
 114 P   0.08332 0.18650 0.21722 0.51296 ( 4)
 115 L   0.15784 0.11328 0.41279 0.31610 ( 3)
 116 L   0.26634 0.01106 0.69255 0.03005 ( 3)
 117 S   0.24707 0.03177 0.63776 0.08341 ( 3)
 118 V   0.27847 0.00063 0.71926 0.00165 ( 3)
 119 Y   0.27528 0.00137 0.71952 0.00383 ( 3)
 120 V   0.20960 0.06273 0.54998 0.17769 ( 3)
 121 Q   0.21511 0.06067 0.55934 0.16488 ( 3)
 122 A   0.24607 0.03218 0.63646 0.08529 ( 3)
 123 A   0.12650 0.14966 0.32718 0.39666 ( 4)
 124 N   0.26372 0.01113 0.69331 0.03183 ( 3)
 125 L   0.20981 0.06626 0.54500 0.17893 ( 3)
 126 M   0.10416 0.16388 0.27264 0.45933 ( 4)
 127 F   0.04411 0.22632 0.11470 0.61486 ( 4)
 128 S   0.26555 0.01207 0.68974 0.03264 ( 3)
 129 T   0.00014 0.27038 0.00036 0.72912 ( 4)
 130 -   0.04488 0.22558 0.11669 0.61285 ( 4)
 131 -   0.25185 0.02415 0.65727 0.06674 ( 3)
 132 -   0.23723 0.03724 0.62129 0.10424 ( 3)
 133 -   0.17144 0.09935 0.44929 0.27992 ( 3)
 134 -   0.00002 0.26334 0.00004 0.73661 ( 4)
 135 -   0.00002 0.27580 0.00005 0.72412 ( 4)
 136 -   0.23257 0.04097 0.61031 0.11616 ( 3)
 137 -   0.26622 0.01245 0.68839 0.03295 ( 3)
 138 -   0.04351 0.23180 0.11246 0.61223 ( 4)
 139 -   0.01350 0.24987 0.03535 0.70129 ( 4)
 140 -   0.01882 0.25665 0.04862 0.67590 ( 4)
 141 -   0.27318 0.00480 0.70910 0.01292 ( 3)
 142 -   0.00496 0.27154 0.01280 0.71070 ( 4)
 143 -   0.05762 0.20427 0.15163 0.58648 ( 4)
 144 -   0.12682 0.15333 0.32587 0.39398 ( 4)
 145 -   0.00006 0.26153 0.00016 0.73825 ( 4)
 146 -   0.00002 0.26192 0.00005 0.73801 ( 4)
 147 -   0.26825 0.00777 0.70220 0.02178 ( 3)
 148 -   0.00278 0.25871 0.00728 0.73123 ( 4)
 149 -   0.21741 0.05468 0.57157 0.15634 ( 3)
 150 -   0.01614 0.24395 0.04243 0.69747 ( 4)
 151 -   0.00197 0.26122 0.00515 0.73166 ( 4)
 152 -   0.25332 0.02236 0.66210 0.06223 ( 3)
 153 -   0.01511 0.24509 0.03971 0.70010 ( 4)
 154 -   0.00245 0.26339 0.00640 0.72775 ( 4)
 155 -   0.27369 0.00394 0.71165 0.01072 ( 3)
 156 -   0.12311 0.14492 0.32280 0.40917 ( 4)
 157 -   0.00010 0.25920 0.00027 0.74042 ( 4)
 158 -   0.00010 0.26372 0.00026 0.73592 ( 4)
 159 -   0.27560 0.00018 0.72371 0.00051 ( 3)
 160 -   0.00002 0.26295 0.00005 0.73698 ( 4)
 161 -   0.00000 0.26583 0.00000 0.73417 ( 4)
 162 -   0.27469 0.00194 0.71797 0.00540 ( 3)
 163 -   0.24524 0.03311 0.63406 0.08759 ( 3)
 164 -   0.16724 0.19139 0.36981 0.27156 ( 3)
 165 -   0.24865 0.02643 0.65085 0.07407 ( 3)
 166 -   0.05282 0.21468 0.13792 0.59458 ( 4)
 167 -   0.06212 0.21263 0.16072 0.56453 ( 4)
 168 -   0.00004 0.27194 0.00009 0.72793 ( 4)
 169 -   0.00001 0.26518 0.00003 0.73477 ( 4)
 170 -   0.24879 0.03017 0.64195 0.07909 ( 3)
 171 -   0.27551 0.00005 0.72430 0.00014 ( 3)
 172 -   0.00001 0.26898 0.00004 0.73096 ( 4)
 173 -   0.27638 0.00065 0.72117 0.00180 ( 3)
 174 -   0.27386 0.00378 0.71209 0.01027 ( 3)
 175 -   0.00000 0.26226 0.00001 0.73773 ( 4)
 176 -   0.00039 0.27216 0.00101 0.72644 ( 4)
 177 -   0.04817 0.22239 0.12526 0.60417 ( 4)
 178 -   0.00000 0.26584 0.00001 0.73415 ( 4)
 179 -   0.10754 0.16038 0.28164 0.45044 ( 4)
 180 -   0.00000 0.26305 0.00000 0.73695 ( 4)
 181 -   0.00000 0.25926 0.00000 0.74074 ( 4)
 182 -   0.00000 0.26301 0.00001 0.73698 ( 4)
 183 -   0.04817 0.23198 0.12377 0.59607 ( 4)
 184 -   0.00872 0.26431 0.02259 0.70437 ( 4)
 185 -   0.00499 0.26427 0.01299 0.71775 ( 4)
 186 -   0.21613 0.06209 0.55825 0.16352 ( 3)
 187 -   0.00479 0.85979 0.00015 0.13527 ( 2)
 188 -   0.00349 0.26233 0.00911 0.72507 ( 4)
 189 -   0.23187 0.04583 0.60029 0.12201 ( 3)
 190 -   0.00116 0.25805 0.00304 0.73775 ( 4)
 191 -   0.00000 0.27465 0.00001 0.72533 ( 4)
 192 -   0.27460 0.00125 0.72060 0.00355 ( 3)
 193 -   0.21748 0.05987 0.56314 0.15951 ( 3)
 194 -   0.27631 0.00069 0.72111 0.00189 ( 3)
 195 -   0.03843 0.28634 0.09167 0.58356 ( 4)
 196 -   0.03748 0.23274 0.09747 0.63231 ( 4)
 197 -   0.27629 0.00056 0.72159 0.00155 ( 3)
 198 -   0.07672 0.26212 0.19403 0.46713 ( 4)
 199 -   0.11829 0.15048 0.30963 0.42160 ( 4)
 200 -   0.26826 0.00780 0.70210 0.02184 ( 3)
 201 -   0.27444 0.00322 0.71361 0.00873 ( 3)
 202 -   0.27533 0.00004 0.72452 0.00011 ( 3)
 203 -   0.26942 0.00934 0.69652 0.02471 ( 3)
 204 -   0.24644 0.02789 0.64665 0.07902 ( 3)
 205 -   0.22076 0.05257 0.57853 0.14813 ( 3)
 206 -   0.08941 0.17855 0.23382 0.49823 ( 4)
 207 -   0.27156 0.00412 0.71264 0.01168 ( 3)
 208 -   0.12682 0.15333 0.32587 0.39398 ( 4)
 209 -   0.01624 0.25956 0.04193 0.68227 ( 4)
 210 -   0.27814 0.00037 0.72049 0.00100 ( 3)


lnL = -7582.986319

