Supplemental results for CODEML (seqf: algn  treef: tree)


dN/dS (w) for site classes (K=4)

site class             0        1       2a       2b
proportion       0.54352  0.25595  0.13633  0.06420
background w     0.14232  1.00000  0.14232  1.00000
foreground w     0.14232  1.00000  1.00000  1.00000

Naive Empirical Bayes (NEB) probabilities for 4 classes
(amino acids refer to 1st sequence: BT_Cry13Aa1)

   1 S   0.65996 0.13951 0.16554 0.03499 ( 1)
   2 V   0.79923 0.00941 0.18900 0.00236 ( 1)
   3 A   0.79534 0.01384 0.18736 0.00347 ( 1)
   4 V   0.80323 0.00571 0.18963 0.00143 ( 1)
   5 P   0.79774 0.00386 0.19744 0.00097 ( 1)
   6 L   0.71395 0.09538 0.16675 0.02392 ( 1)
   7 I   0.55544 0.25129 0.13025 0.06303 ( 1)
   8 S   0.78100 0.03105 0.18017 0.00779 ( 1)
   9 M   0.80808 0.00098 0.19070 0.00025 ( 1)
  10 L   0.78670 0.02271 0.18489 0.00570 ( 1)
  11 V   0.80460 0.00598 0.18792 0.00150 ( 1)
  12 G   0.71216 0.09487 0.16918 0.02380 ( 1)
  13 V   0.18766 0.61225 0.04653 0.15357 ( 2)
  14 F   0.48960 0.31347 0.11830 0.07863 ( 1)
  15 W   0.77056 0.03068 0.19107 0.00770 ( 1)
  16 P   0.80634 0.00018 0.19344 0.00004 ( 1)
  17 K   0.20535 0.59657 0.04845 0.14963 ( 2)
  18 -   0.54352 0.25595 0.13633 0.06420 ( 1)
  19 -   0.54352 0.25595 0.13633 0.06420 ( 1)
  20 -   0.54352 0.25595 0.13633 0.06420 ( 1)
  21 -   0.54352 0.25595 0.13633 0.06420 ( 1)
  22 -   0.19599 0.60628 0.04566 0.15207 ( 2)
  23 -   0.41774 0.38474 0.10101 0.09650 ( 1)
  24 G   0.00647 0.79310 0.00151 0.19893 ( 2)
  25 T   0.02564 0.77422 0.00594 0.19419 ( 2)
  26 N   0.25572 0.54489 0.06272 0.13667 ( 2)
  27 N   0.80973 0.00231 0.18738 0.00058 ( 1)
  28 Q   0.67306 0.13479 0.15834 0.03381 ( 1)
  29 E   0.60145 0.20627 0.14054 0.05174 ( 1)
  30 N   0.74987 0.06168 0.17298 0.01547 ( 1)
  31 L   0.77746 0.02772 0.18786 0.00695 ( 1)
  32 I   0.80397 0.00690 0.18740 0.00173 ( 1)
  33 T   0.03841 0.76168 0.00887 0.19105 ( 2)
  34 V   0.79516 0.01016 0.19213 0.00255 ( 1)
  35 I   0.81047 0.00019 0.18929 0.00005 ( 1)
  36 D   0.81199 0.00009 0.18790 0.00002 ( 1)
  37 K   0.01606 0.78352 0.00389 0.19653 ( 2)
  38 E   0.81048 0.00010 0.18939 0.00003 ( 1)
  39 V   0.80985 0.00080 0.18914 0.00020 ( 1)
  40 Q   0.80620 0.00027 0.19347 0.00007 ( 1)
  41 R   0.80777 0.00324 0.18817 0.00081 ( 1)
  42 I   0.60781 0.19693 0.14586 0.04940 ( 1)
  43 L   0.80424 0.00115 0.19433 0.00029 ( 1)
  44 D   0.80098 0.00427 0.19368 0.00107 ( 1)
  45 E   0.74788 0.06227 0.17422 0.01562 ( 1)
  46 K   0.79266 0.01647 0.18673 0.00413 ( 1)
  47 L   0.80406 0.00132 0.19429 0.00033 ( 1)
  48 S   0.80036 0.00499 0.19339 0.00125 ( 1)
  49 D   0.09912 0.70188 0.02294 0.17605 ( 2)
  50 Q   0.78438 0.01401 0.19810 0.00351 ( 1)
  51 L   0.80559 0.00638 0.18642 0.00160 ( 1)
  52 I   0.78068 0.02799 0.18431 0.00702 ( 1)
  53 K   0.08570 0.00566 0.90722 0.00142 ( 3)
  54 K   0.59003 0.21331 0.14316 0.05350 ( 1)
  55 L   0.63479 0.16614 0.15740 0.04167 ( 1)
  56 N   0.00134 0.79761 0.00098 0.20006 ( 2)
  57 A   0.72052 0.08575 0.17222 0.02151 ( 1)
  58 D   0.78772 0.01994 0.18734 0.00500 ( 1)
  59 L   0.80429 0.00110 0.19434 0.00027 ( 1)
  60 N   0.18297 0.61901 0.04276 0.15526 ( 2)
  61 A   0.02070 0.77896 0.00496 0.19538 ( 2)
  62 F   0.80995 0.00100 0.18880 0.00025 ( 1)
  63 T   0.20567 0.59616 0.04864 0.14953 ( 2)
  64 D   0.68025 0.12978 0.15742 0.03255 ( 1)
  65 L   0.26264 0.53926 0.06284 0.13526 ( 2)
  66 V   0.54745 0.25602 0.13232 0.06422 ( 1)
  67 T   0.06164 0.73877 0.01428 0.18530 ( 2)
  68 R   0.00181 0.79767 0.00044 0.20008 ( 2)
  69 L   0.15953 0.64104 0.03864 0.16079 ( 2)
  70 E   0.00173 0.79777 0.00040 0.20010 ( 2)
  71 E   0.00275 0.79675 0.00065 0.19985 ( 2)
  72 V   0.69704 0.11064 0.16456 0.02775 ( 1)
  73 I   0.78925 0.02112 0.18433 0.00530 ( 1)
  74 I   0.66084 0.13468 0.17069 0.03378 ( 1)
  75 D   0.81137 0.00070 0.18776 0.00017 ( 1)
  76 A   0.80479 0.00032 0.19481 0.00008 ( 1)
  77 T   0.54153 0.26022 0.13298 0.06527 ( 1)
  78 F   0.78101 0.02025 0.19366 0.00508 ( 1)
  79 -   0.76705 0.03802 0.18539 0.00954 ( 1)
  80 -   0.80714 0.00075 0.19193 0.00019 ( 1)
  81 -   0.71875 0.09000 0.16868 0.02257 ( 1)
  82 -   0.79943 0.00979 0.18832 0.00246 ( 1)
  83 -   0.28080 0.52287 0.06518 0.13115 ( 2)
  84 E   0.59911 0.20809 0.14060 0.05219 ( 1)
  85 N   0.61255 0.19455 0.14410 0.04880 ( 1)
  86 H   0.75349 0.05812 0.17381 0.01458 ( 1)
  87 K   0.80749 0.00150 0.19064 0.00038 ( 1)
  88 P   0.57173 0.23437 0.13510 0.05879 ( 1)
  89 V   0.04201 0.75775 0.01018 0.19006 ( 2)
  90 L   0.53688 0.26889 0.12678 0.06744 ( 1)
  91 Q   0.20194 0.60067 0.04673 0.15066 ( 2)
  92 V   0.78830 0.01805 0.18911 0.00453 ( 1)
  93 S   0.46181 0.34342 0.10864 0.08614 ( 1)
  94 K   0.00274 0.79677 0.00064 0.19985 ( 2)
  95 S   0.80474 0.00061 0.19450 0.00015 ( 1)
  96 N   0.81149 0.00058 0.18778 0.00015 ( 1)
  97 Y   0.80729 0.00061 0.19196 0.00015 ( 1)
  98 M   0.00120 0.79825 0.00032 0.20022 ( 2)
  99 K   0.80895 0.00355 0.18661 0.00089 ( 1)
 100 V   0.80905 0.00065 0.19014 0.00016 ( 1)
 101 D   0.44319 0.36188 0.10416 0.09077 ( 1)
 102 S   0.00235 0.79715 0.00055 0.19995 ( 2)
 103 A   0.00887 0.79074 0.00205 0.19834 ( 2)
 104 Y   0.73606 0.07186 0.17406 0.01802 ( 1)
 105 F   0.00406 0.79547 0.00095 0.19952 ( 2)
 106 S   0.05217 0.74791 0.01232 0.18760 ( 2)
 107 T   0.78129 0.02493 0.18753 0.00625 ( 1)
 108 G   0.00825 0.79135 0.00191 0.19849 ( 2)
 109 G   0.31482 0.48797 0.07482 0.12239 ( 2)
 110 I   0.00580 0.79370 0.00141 0.19908 ( 2)
 111 L   0.80917 0.00148 0.18898 0.00037 ( 1)
 112 T   0.00662 0.78841 0.00722 0.19775 ( 2)
 113 L   0.02612 0.76359 0.01876 0.19153 ( 2)
 114 G   0.15964 0.64240 0.03683 0.16113 ( 2)
 115 M   0.06379 0.73656 0.01491 0.18475 ( 2)
 116 S   0.36662 0.03422 0.59058 0.00858 ( 3)
 117 D   0.17471 0.62555 0.04283 0.15691 ( 2)
 118 F   0.79291 0.01780 0.18483 0.00446 ( 1)
 119 L   0.74650 0.06182 0.17616 0.01551 ( 1)
 120 T   0.79828 0.01405 0.18415 0.00352 ( 1)
 121 D   0.77927 0.02259 0.19247 0.00567 ( 1)
 122 T   0.80020 0.00505 0.19349 0.00127 ( 1)
 123 Y   0.80836 0.00038 0.19116 0.00010 ( 1)
 124 S   0.77982 0.02479 0.18917 0.00622 ( 1)
 125 K   0.21264 0.58943 0.05009 0.14784 ( 2)
 126 L   0.79225 0.01689 0.18662 0.00424 ( 1)
 127 T   0.80776 0.00123 0.19070 0.00031 ( 1)
 128 F   0.67725 0.13020 0.15989 0.03266 ( 1)
 129 P   0.80083 0.00078 0.19819 0.00020 ( 1)
 130 L   0.72372 0.08330 0.17209 0.02089 ( 1)
 131 Y   0.80469 0.00401 0.19029 0.00101 ( 1)
 132 V   0.77303 0.03621 0.18168 0.00908 ( 1)
 133 L   0.80994 0.00101 0.18879 0.00025 ( 1)
 134 G   0.80725 0.00012 0.19260 0.00003 ( 1)
 135 A   0.80887 0.00013 0.19097 0.00003 ( 1)
 136 T   0.80910 0.00045 0.19034 0.00011 ( 1)
 137 M   0.19880 0.60287 0.04711 0.15122 ( 2)
 138 K   0.44705 0.35554 0.10823 0.08918 ( 1)
 139 L   0.79559 0.01260 0.18865 0.00316 ( 1)
 140 S   0.73159 0.07625 0.17304 0.01912 ( 1)
 141 A   0.02270 0.76705 0.01785 0.19240 ( 2)
 142 Y   0.70895 0.09854 0.16779 0.02472 ( 1)
 143 H   0.80539 0.00107 0.19327 0.00027 ( 1)
 144 S   0.33945 0.46322 0.08114 0.11619 ( 2)
 145 Y   0.79482 0.01294 0.18899 0.00325 ( 1)
 146 I   0.80871 0.00193 0.18888 0.00048 ( 1)
 147 Q   0.78983 0.02093 0.18400 0.00525 ( 1)
 148 F   0.80868 0.00007 0.19123 0.00002 ( 1)
 149 G   0.28846 0.51328 0.06952 0.12874 ( 2)
 150 N   0.80470 0.00773 0.18563 0.00194 ( 1)
 151 T   0.00346 0.79605 0.00082 0.19967 ( 2)
 152 W   0.77056 0.03068 0.19107 0.00770 ( 1)
 153 L   0.77793 0.03228 0.18169 0.00810 ( 1)
 154 N   0.55965 0.24851 0.12951 0.06233 ( 1)
 155 K   0.02289 0.77688 0.00537 0.19486 ( 2)
 156 V   0.80941 0.00029 0.19023 0.00007 ( 1)
 157 Y   0.79830 0.00117 0.20023 0.00029 ( 1)
 158 -   0.78840 0.01107 0.19775 0.00278 ( 1)
 159 -   0.75412 0.04535 0.18915 0.01138 ( 1)
 160 -   0.74367 0.05581 0.18653 0.01400 ( 1)
 161 D   0.31918 0.48342 0.07615 0.12125 ( 2)
 162 L   0.01605 0.78348 0.00395 0.19652 ( 2)
 163 S   0.08914 0.71149 0.02091 0.17846 ( 2)
 164 S   0.00020 0.79928 0.00005 0.20048 ( 2)
 165 D   0.02514 0.75539 0.03000 0.18947 ( 2)
 166 E   0.00329 0.79619 0.00081 0.19971 ( 2)
 167 G   0.27510 0.52692 0.06581 0.13217 ( 2)
 168 K   0.02612 0.77368 0.00614 0.19406 ( 2)
 169 T   0.80783 0.00170 0.19004 0.00043 ( 1)
 170 M   0.24374 0.55785 0.05849 0.13992 ( 2)
 171 S   0.00235 0.79714 0.00057 0.19994 ( 2)
 172 Q   0.73592 0.07254 0.17335 0.01819 ( 1)
 173 A   0.68002 0.13041 0.15687 0.03271 ( 1)
 174 L   0.80446 0.00093 0.19438 0.00023 ( 1)
 175 A   0.03040 0.76954 0.00705 0.19302 ( 2)
 176 R   0.07437 0.72562 0.01801 0.18200 ( 2)
 177 A   0.79020 0.01300 0.19354 0.00326 ( 1)
 178 K   0.81093 0.00013 0.18891 0.00003 ( 1)
 179 Q   0.00122 0.79826 0.00029 0.20022 ( 2)
 180 H   0.03548 0.76277 0.01042 0.19132 ( 2)
 181 M   0.80893 0.00014 0.19090 0.00004 ( 1)
 182 R   0.70226 0.10212 0.17001 0.02561 ( 1)
 183 Q   0.06088 0.73953 0.01409 0.18549 ( 2)
 184 D   0.00198 0.79751 0.00047 0.20004 ( 2)
 185 I   0.81036 0.00030 0.18926 0.00008 ( 1)
 186 A   0.00091 0.79857 0.00022 0.20030 ( 2)
 187 F   0.00010 0.79925 0.00017 0.20047 ( 2)
 188 Y   0.80137 0.00646 0.19055 0.00162 ( 1)
 189 T   0.80926 0.00029 0.19038 0.00007 ( 1)
 190 S   0.00160 0.79789 0.00038 0.20013 ( 2)
 191 Q   0.47406 0.32933 0.11401 0.08260 ( 1)
 192 A   0.80871 0.00098 0.19006 0.00025 ( 1)
 193 L   0.63070 0.17625 0.14884 0.04421 ( 1)
 194 N   0.73414 0.07582 0.17102 0.01902 ( 1)
 195 M   0.64422 0.16340 0.15140 0.04098 ( 1)
 196 F   0.80871 0.00004 0.19124 0.00001 ( 1)
 197 T   0.79091 0.01986 0.18425 0.00498 ( 1)
 198 -   0.78990 0.02183 0.18279 0.00548 ( 1)
 199 -   0.14081 0.49811 0.23613 0.12494 ( 2)
 200 G   0.03345 0.76628 0.00807 0.19220 ( 2)
 201 N   0.52307 0.28483 0.12066 0.07144 ( 1)
 202 L   0.17958 0.62202 0.04238 0.15602 ( 2)
 203 P   0.80665 0.00013 0.19319 0.00003 ( 1)
 204 S   0.78728 0.02200 0.18521 0.00552 ( 1)
 205 L   0.80356 0.00730 0.18731 0.00183 ( 1)
 206 S   0.01332 0.77156 0.02160 0.19353 ( 2)
 207 S   0.75088 0.05828 0.17622 0.01462 ( 1)
 208 N   0.80845 0.00404 0.18649 0.00101 ( 1)
 209 K   0.81093 0.00013 0.18891 0.00003 ( 1)
 210 Y   0.02840 0.77140 0.00672 0.19349 ( 2)
 211 A   0.50377 0.30227 0.11814 0.07582 ( 1)
 212 I   0.78981 0.01965 0.18562 0.00493 ( 1)
 213 N   0.80680 0.00519 0.18670 0.00130 ( 1)
 214 D   0.15307 0.64825 0.03608 0.16260 ( 2)
 215 Y   0.80545 0.00242 0.19152 0.00061 ( 1)
 216 N   0.81244 0.00011 0.18741 0.00003 ( 1)
 217 V   0.01575 0.78391 0.00371 0.19663 ( 2)
 218 Y   0.80643 0.00145 0.19175 0.00036 ( 1)
 219 T   0.77083 0.02554 0.19722 0.00641 ( 1)
 220 R   0.79457 0.01624 0.18511 0.00407 ( 1)
 221 A   0.80636 0.00100 0.19238 0.00025 ( 1)
 222 M   0.80871 0.00035 0.19084 0.00009 ( 1)
 223 V   0.71368 0.09468 0.16789 0.02375 ( 1)
 224 L   0.75969 0.04537 0.18356 0.01138 ( 1)
 225 N   0.81130 0.00124 0.18715 0.00031 ( 1)
 226 G   0.77227 0.03696 0.18150 0.00927 ( 1)
 227 L   0.80358 0.00180 0.19417 0.00045 ( 1)
 228 D   0.81203 0.00005 0.18791 0.00001 ( 1)
 229 I   0.16830 0.63344 0.03937 0.15888 ( 2)
 230 V   0.80453 0.00475 0.18952 0.00119 ( 1)
 231 A   0.80882 0.00018 0.19095 0.00005 ( 1)
 232 T   0.79290 0.01781 0.18482 0.00447 ( 1)
 233 W   0.77056 0.03068 0.19107 0.00770 ( 1)


lnL = -4185.964314

