Supplemental results for CODEML (seqf: algn  treef: tree)


dN/dS (w) for site classes (K=4)

site class             0        1       2a       2b
proportion       0.31446  0.32412  0.17798  0.18344
background w     0.08249  0.43252  0.08249  0.43252
foreground w     0.08249  0.43252 999.00000 999.00000

Naive Empirical Bayes (NEB) probabilities for 4 classes
(amino acids refer to 1st sequence: BT_Cry19Aa1)

   1 E   0.00031 0.96622 0.00001 0.03346 ( 2)
   2 V   0.98159 0.00052 0.01788 0.00001 ( 1)
   3 K   0.97573 0.00119 0.02305 0.00003 ( 1)
   4 T   0.14930 0.83808 0.00190 0.01072 ( 2)
   5 E   0.98321 0.00163 0.01514 0.00003 ( 1)
   6 L   0.99253 0.00153 0.00593 0.00001 ( 1)
   7 T   0.97143 0.00013 0.02843 0.00000 ( 1)
   8 R   0.99427 0.00004 0.00569 0.00000 ( 1)
   9 E   0.98450 0.00033 0.01517 0.00001 ( 1)
  10 I   0.97266 0.00002 0.02732 0.00000 ( 1)
  11 Y   0.97193 0.00005 0.02802 0.00000 ( 1)
  12 S   0.88586 0.10346 0.00958 0.00110 ( 1)
  13 D   0.97217 0.00361 0.02412 0.00010 ( 1)
  14 V   0.64284 0.34752 0.00627 0.00337 ( 1)
  15 I   0.96964 0.00301 0.02725 0.00010 ( 1)
  16 N   0.96264 0.00062 0.03671 0.00003 ( 1)
  17 G   0.00779 0.98503 0.00006 0.00712 ( 2)
  18 E   0.09419 0.87774 0.00234 0.02573 ( 2)
  19 I   0.00063 0.99273 0.00000 0.00663 ( 2)
  20 Y   0.00317 0.98818 0.00003 0.00863 ( 2)
  21 G   0.00256 0.98954 0.00002 0.00788 ( 2)
  22 L   0.00249 0.98989 0.00002 0.00759 ( 2)
  23 M   0.00607 0.97992 0.00008 0.01392 ( 2)
  24 -   0.31114 0.32744 0.17610 0.18532 ( 2)
  25 -   0.45125 0.18734 0.25539 0.10603 ( 1)
  26 -   0.34023 0.29836 0.19256 0.16886 ( 1)
  27 -   0.03657 0.60201 0.02070 0.34072 ( 2)
  28 -   0.44103 0.19756 0.24961 0.11181 ( 1)
  29 -   0.44103 0.19756 0.24961 0.11181 ( 1)
  30 T   0.00104 0.63754 0.00059 0.36083 ( 2)
  31 P   0.08317 0.90878 0.00068 0.00737 ( 2)
  32 Y   0.00002 0.98545 0.00000 0.01453 ( 2)
  33 F   0.00003 0.96282 0.00000 0.03714 ( 2)
  34 S   0.00095 0.94982 0.00004 0.04919 ( 2)
  35 F   0.36540 0.60202 0.01163 0.02095 ( 2)
  36 E   0.00045 0.97512 0.00001 0.02442 ( 2)
  37 K   0.00063 0.98945 0.00001 0.00991 ( 2)
  38 A   0.02037 0.96830 0.00023 0.01110 ( 2)
  39 E   0.98481 0.00002 0.01518 0.00000 ( 1)
  40 S   0.02309 0.96066 0.00036 0.01590 ( 2)
  41 L   0.10115 0.89052 0.00075 0.00758 ( 2)
  42 Y   0.93673 0.03535 0.02679 0.00113 ( 1)
  43 T   0.73275 0.24951 0.01305 0.00469 ( 1)
  44 R   0.46156 0.53372 0.00218 0.00254 ( 2)
  45 A   0.34397 0.64945 0.00225 0.00433 ( 2)
  46 P   0.99000 0.00008 0.00991 0.00000 ( 1)
  47 H   0.58498 0.40078 0.00818 0.00606 ( 1)
  48 L   0.95938 0.03372 0.00667 0.00023 ( 1)
  49 F   0.98274 0.00993 0.00726 0.00007 ( 1)
  50 T   0.90644 0.06611 0.02534 0.00211 ( 1)
  51 W   0.99189 0.00431 0.00378 0.00002 ( 1)
  52 L   0.94015 0.04716 0.01207 0.00062 ( 1)
  53 K   0.05266 0.94261 0.00025 0.00448 ( 2)
  54 G   0.47836 0.51708 0.00222 0.00234 ( 2)
  55 F   0.04522 0.00036 0.95098 0.00344 ( 3)
  56 R   0.11763 0.87131 0.00118 0.00988 ( 2)
  57 F   0.97973 0.00054 0.01972 0.00001 ( 1)
  58 V   0.72818 0.26003 0.00864 0.00314 ( 1)
  59 T   0.98408 0.00201 0.01388 0.00003 ( 1)
  60 N   0.92080 0.04211 0.03513 0.00195 ( 1)
  61 S   0.00000 0.00597 0.00328 0.99075 ( 4)
  62 I   0.23465 0.75779 0.00182 0.00574 ( 2)
  63 S   0.00229 0.96129 0.00007 0.03634 ( 2)
  64 -   0.00192 0.98953 0.00002 0.00854 ( 2)
  65 -   0.04162 0.60967 0.02733 0.32138 ( 2)
  66 -   0.08365 0.38361 0.26242 0.27031 ( 2)
  67 -   0.00072 0.01777 0.48328 0.49823 ( 4)
  68 -   0.00001 0.04181 0.04758 0.91059 ( 4)
  69 -   0.00000 0.95353 0.00000 0.04647 ( 2)
  70 Y   0.00279 0.86623 0.00039 0.13058 ( 2)
  71 W   0.13136 0.86482 0.00050 0.00332 ( 2)
  72 T   0.01032 0.04209 0.53007 0.41752 ( 3)
  73 F   0.44416 0.53321 0.00984 0.01278 ( 2)
  74 L   0.98287 0.00443 0.01264 0.00006 ( 1)
  75 S   0.90795 0.06158 0.02802 0.00244 ( 1)
  76 G   0.72385 0.01602 0.25453 0.00560 ( 1)
  77 G   0.00000 0.00335 0.00064 0.99602 ( 4)
  78 Q   0.00000 0.00010 0.73841 0.26149 ( 3)
  79 N   0.04662 0.03672 0.87277 0.04390 ( 3)
  80 K   0.01698 0.42551 0.22274 0.33477 ( 2)
  81 Y   0.00000 0.00000 0.98862 0.01138 ( 3)
  82 S   0.00012 0.05936 0.04182 0.89870 ( 4)
  83 Y   0.00000 0.00446 0.02190 0.97364 ( 4)
  84 T   0.00000 0.00000 0.99973 0.00027 ( 3)
  85 N   0.00020 0.97100 0.00001 0.02880 ( 2)
  86 N   0.00000 0.01830 0.00005 0.98165 ( 4)
  87 -   0.31446 0.32412 0.17798 0.18344 ( 2)
  88 S   0.00000 0.01752 0.00056 0.98192 ( 4)
  89 S   0.00000 0.00638 0.00034 0.99328 ( 4)
  90 I   0.00001 0.00021 0.82537 0.17442 ( 3)
  91 N   0.00000 0.00301 0.00083 0.99615 ( 4)
  92 E   0.00000 0.03626 0.00001 0.96373 ( 4)
  93 G   0.00030 0.00067 0.85194 0.14709 ( 3)
  94 S   0.00088 0.00692 0.72730 0.26490 ( 3)
  95 F   0.75654 0.22252 0.01567 0.00527 ( 1)
  96 R   0.00000 0.03798 0.00001 0.96201 ( 4)
  97 G   0.95906 0.00144 0.03948 0.00003 ( 1)
  98 Q   0.00001 0.00235 0.36136 0.63627 ( 4)
  99 D   0.00477 0.07250 0.42576 0.49696 ( 4)
 100 T   0.00000 0.00022 0.30755 0.69223 ( 4)
 101 D   0.00000 0.00362 0.04136 0.95502 ( 4)
 102 Y   0.00000 0.00005 0.93119 0.06875 ( 3)
 103 G   0.00012 0.00000 0.99984 0.00005 ( 3)
 104 G   0.00003 0.00124 0.12178 0.87696 ( 4)
 105 T   0.00000 0.01185 0.01454 0.97360 ( 4)
 106 S   0.00000 0.00278 0.00150 0.99572 ( 4)
 107 S   0.00247 0.00059 0.98733 0.00961 ( 3)
 108 T   0.00000 0.00649 0.01934 0.97417 ( 4)
 109 I   0.00002 0.00122 0.74349 0.25527 ( 3)
 110 N   0.00001 0.01585 0.00137 0.98277 ( 4)
 111 I   0.00003 0.00421 0.66203 0.33373 ( 3)
 112 P   0.00000 0.00003 0.00110 0.99887 ( 4)
 113 S   0.00000 0.01761 0.00029 0.98210 ( 4)
 114 N   0.00000 0.00685 0.00487 0.98827 ( 4)
 115 S   0.00004 0.19233 0.00159 0.80604 ( 4)
 116 Y   0.00000 0.00000 0.91216 0.08784 ( 3)
 117 V   0.00015 0.00013 0.99191 0.00781 ( 3)
 118 Y   0.00002 0.00000 0.99997 0.00002 ( 3)
 119 N   0.00004 0.00612 0.64854 0.34530 ( 3)
 120 L   0.00195 0.00510 0.50842 0.48454 ( 3)
 121 W   0.00000 0.00104 0.01623 0.98273 ( 4)
 122 T   0.00442 0.02176 0.50958 0.46425 ( 3)
 123 E   0.04258 0.79975 0.00881 0.14886 ( 2)
 124 N   0.00027 0.03508 0.13250 0.83215 ( 4)
 125 Y   0.05916 0.01403 0.91059 0.01622 ( 3)
 126 E   0.00001 0.00005 0.90771 0.09224 ( 3)
 127 Y   0.00000 0.00083 0.00034 0.99883 ( 4)
 128 I   0.00002 0.00748 0.41006 0.58244 ( 4)
 129 Y   0.00012 0.35965 0.00208 0.63815 ( 4)
 130 P   0.25267 0.65272 0.03140 0.06321 ( 2)
 131 W   0.00001 0.14149 0.00046 0.85804 ( 4)
 132 G   0.00000 0.00138 0.00033 0.99829 ( 4)
 133 D   0.02933 0.94011 0.00086 0.02969 ( 2)
 134 P   0.00000 0.00000 0.95909 0.04090 ( 3)
 135 V   0.00000 0.00124 0.00351 0.99525 ( 4)
 136 N   0.05008 0.00674 0.93551 0.00767 ( 3)
 137 I   0.00004 0.00002 0.99763 0.00230 ( 3)
 138 T   0.00000 0.00000 0.84956 0.15044 ( 3)
 139 K   0.00103 0.05699 0.17317 0.76882 ( 4)
 140 M   0.00008 0.00034 0.98184 0.01774 ( 3)
 141 N   0.00011 0.00416 0.35374 0.64199 ( 4)
 142 F   0.91536 0.00002 0.08462 0.00000 ( 1)
 143 S   0.00008 0.09589 0.00246 0.90158 ( 4)
 144 V   0.00000 0.00057 0.00217 0.99726 ( 4)
 145 T   0.00078 0.00027 0.97030 0.02865 ( 3)
 146 D   0.04025 0.06217 0.81486 0.08273 ( 3)
 147 N   0.92210 0.04080 0.03521 0.00189 ( 1)
 148 -   0.01160 0.62698 0.00656 0.35485 ( 2)
 149 N   0.94790 0.01380 0.03763 0.00066 ( 1)
 150 S   0.00000 0.12462 0.00002 0.87536 ( 4)
 151 S   0.54530 0.29816 0.12876 0.02778 ( 1)
 152 K   0.00000 0.85129 0.00000 0.14871 ( 2)
 153 E   0.06131 0.45333 0.10470 0.38067 ( 2)
 154 L   0.00001 0.96885 0.00000 0.03115 ( 2)
 155 I   0.03242 0.59776 0.07532 0.29450 ( 2)
 156 Y   0.97217 0.00004 0.02778 0.00000 ( 1)
 157 G   0.90462 0.03151 0.06087 0.00300 ( 1)
 158 -   0.30868 0.18944 0.37218 0.12971 ( 3)
 159 -   0.03870 0.56793 0.03185 0.36152 ( 2)
 160 A   0.00050 0.21842 0.00123 0.77986 ( 4)
 161 H   0.00053 0.05787 0.09379 0.84781 ( 4)
 162 R   0.00023 0.04251 0.06538 0.89188 ( 4)
 163 T   0.02574 0.55104 0.08153 0.34169 ( 2)
 164 N   0.63676 0.32392 0.02429 0.01504 ( 1)
 165 K   0.00089 0.98195 0.00001 0.01714 ( 2)
 166 P   0.77044 0.21963 0.00766 0.00227 ( 1)
 167 V   0.48607 0.37586 0.06705 0.07102 ( 1)
 168 V   0.02878 0.95184 0.00052 0.01886 ( 2)
 169 R   0.10521 0.88481 0.00096 0.00902 ( 2)
 170 T   0.97727 0.00500 0.01764 0.00010 ( 1)
 171 D   0.07159 0.90088 0.00178 0.02576 ( 2)
 172 F   0.91388 0.06627 0.01838 0.00147 ( 1)
 173 D   0.74064 0.23430 0.01837 0.00668 ( 1)
 174 F   0.86639 0.11367 0.01743 0.00251 ( 1)
 175 -   0.31514 0.32344 0.17836 0.18306 ( 2)
 176 L   0.92613 0.02616 0.04586 0.00185 ( 1)
 177 T   0.47128 0.39757 0.06725 0.06390 ( 1)
 178 N   0.83457 0.12728 0.03215 0.00600 ( 1)
 179 K   0.92637 0.05046 0.02187 0.00130 ( 1)
 180 E   0.31279 0.67131 0.00486 0.01104 ( 2)
 181 G   0.43854 0.51518 0.01779 0.02848 ( 2)
 182 T   0.13642 0.83305 0.00381 0.02672 ( 2)
 183 E   0.00052 0.99345 0.00000 0.00603 ( 2)
 184 L   0.00125 0.92694 0.00007 0.07175 ( 2)
 185 A   0.97799 0.01465 0.00724 0.00012 ( 1)
 186 K   0.25951 0.72228 0.00462 0.01359 ( 2)
 187 Y   0.84703 0.14083 0.01042 0.00172 ( 1)
 188 N   0.95746 0.00576 0.03651 0.00027 ( 1)
 189 D   0.98647 0.00173 0.01177 0.00002 ( 1)
 190 -   0.42758 0.21100 0.24200 0.11942 ( 1)
 191 -   0.37460 0.26398 0.21201 0.14941 ( 1)
 192 -   0.41853 0.22005 0.23688 0.12454 ( 1)
 193 Y   0.97058 0.00033 0.02908 0.00001 ( 1)
 194 N   0.59339 0.00146 0.40474 0.00041 ( 1)
 195 H   0.98602 0.00002 0.01396 0.00000 ( 1)
 196 I   0.88695 0.08545 0.02486 0.00275 ( 1)
 197 L   0.99369 0.00043 0.00588 0.00000 ( 1)
 198 S   0.78468 0.20172 0.01078 0.00283 ( 1)
 199 Y   0.59564 0.28123 0.08417 0.03896 ( 1)
 200 M   0.02583 0.02205 0.86132 0.09080 ( 3)
 201 L   0.43878 0.55513 0.00271 0.00338 ( 2)
 202 I   0.00552 0.98543 0.00005 0.00900 ( 2)
 203 N   0.74281 0.24078 0.01211 0.00430 ( 1)
 204 G   0.04603 0.90599 0.00199 0.04600 ( 2)
 205 -   0.64303 0.32885 0.01696 0.01116 ( 1)
 206 -   0.07387 0.92198 0.00031 0.00384 ( 2)
 207 -   0.37932 0.57392 0.01600 0.03077 ( 2)
 208 E   0.00363 0.99172 0.00002 0.00464 ( 2)
 209 T   0.64900 0.34183 0.00605 0.00312 ( 1)
 210 F   0.00919 0.97174 0.00017 0.01890 ( 2)
 211 G   0.43456 0.55652 0.00397 0.00494 ( 2)
 212 Q   0.04271 0.93114 0.00097 0.02517 ( 2)
 213 K   0.34856 0.64333 0.00290 0.00521 ( 2)
 214 R   0.01319 0.96366 0.00028 0.02287 ( 2)
 215 H   0.27526 0.72012 0.00127 0.00334 ( 2)
 216 G   0.87001 0.12056 0.00830 0.00112 ( 1)
 217 Y   0.94149 0.03064 0.02690 0.00098 ( 1)
 218 S   0.35218 0.63437 0.00471 0.00874 ( 2)
 219 F   0.98025 0.00002 0.01973 0.00000 ( 1)
 220 A   0.98592 0.00118 0.01289 0.00002 ( 1)
 221 F   0.87745 0.10239 0.01782 0.00234 ( 1)
 222 T   0.97821 0.00270 0.01903 0.00006 ( 1)
 223 H   0.98621 0.00000 0.01379 0.00000 ( 1)
 224 S   0.96245 0.01961 0.01755 0.00040 ( 1)
 225 S   0.99422 0.00003 0.00575 0.00000 ( 1)


lnL = -7042.715189

