Supplemental results for CODEML (seqf: algn  treef: tree)


dN/dS (w) for site classes (K=4)

site class             0        1       2a       2b
proportion       0.62971  0.15209  0.17575  0.04245
background w     0.24684  3.15653  0.24684  3.15653
foreground w     0.24684  3.15653  0.00000  0.00000

Naive Empirical Bayes (NEB) probabilities for 4 classes
(amino acids refer to 1st sequence: BT_Cry69Aa1)

   1 -   0.59012 0.19169 0.16470 0.05350 ( 1)
   2 G   0.14901 0.63279 0.04159 0.17661 ( 2)
   3 T   0.50453 0.25661 0.12677 0.11208 ( 1)
   4 G   0.76596 0.00220 0.23075 0.00110 ( 1)
   5 V   0.75122 0.01701 0.22340 0.00837 ( 1)
   6 N   0.76601 0.00289 0.22965 0.00145 ( 1)
   7 I   0.76859 0.00059 0.23058 0.00025 ( 1)
   8 L   0.75912 0.01529 0.21947 0.00613 ( 1)
   9 G   0.76978 0.00872 0.21851 0.00299 ( 1)
  10 R   0.00068 0.80662 0.00006 0.19264 ( 2)
  11 I   0.77034 0.00434 0.22354 0.00178 ( 1)
  12 F   0.76828 0.00001 0.23171 0.00001 ( 1)
  13 G   0.74929 0.01848 0.22413 0.00810 ( 1)
  14 F   0.00238 0.82084 0.00054 0.17624 ( 2)
  15 L   0.76403 0.00408 0.22986 0.00203 ( 1)
  16 W   0.77786 0.00036 0.22166 0.00013 ( 1)
  17 P   0.77435 0.00005 0.22557 0.00002 ( 1)
  18 N   0.00570 0.70996 0.00165 0.28269 ( 2)
  19 P   0.37036 0.42549 0.05602 0.14814 ( 2)
  20 N   0.74713 0.01693 0.22816 0.00777 ( 1)
  21 E   0.76229 0.00360 0.23244 0.00167 ( 1)
  22 L   0.00065 0.87647 0.00007 0.12281 ( 2)
  23 N   0.71031 0.05618 0.21280 0.02070 ( 1)
  24 W   0.99033 0.00738 0.00190 0.00040 ( 1)
  25 V   0.77197 0.00237 0.22465 0.00101 ( 1)
  26 N   0.01756 0.82429 0.00133 0.15681 ( 2)
  27 L   0.80362 0.00604 0.18826 0.00208 ( 1)
  28 I   0.77019 0.00729 0.22001 0.00252 ( 1)
  29 R   0.77171 0.00028 0.22787 0.00014 ( 1)
  30 V   0.70402 0.05497 0.21205 0.02896 ( 1)
  31 V   0.95663 0.00292 0.03950 0.00095 ( 1)
  32 E   0.76882 0.00017 0.23093 0.00008 ( 1)
  33 A   0.00077 0.86593 0.00001 0.13329 ( 2)
  34 L   0.77512 0.00065 0.22402 0.00021 ( 1)
  35 I   0.76737 0.00007 0.23254 0.00003 ( 1)
  36 D   0.06569 0.68291 0.01997 0.23143 ( 2)
  37 Q   0.77276 0.00383 0.22192 0.00150 ( 1)
  38 R   0.00191 0.74889 0.00050 0.24870 ( 2)
  39 I   0.76432 0.00462 0.22913 0.00193 ( 1)
  40 E   0.00005 0.75531 0.00001 0.24462 ( 2)
  41 L   0.00006 0.79416 0.00001 0.20577 ( 2)
  42 Y   0.13961 0.61212 0.03965 0.20862 ( 2)
  43 A   0.72465 0.04525 0.21064 0.01945 ( 1)
  44 I   0.77105 0.00034 0.22843 0.00017 ( 1)
  45 E   0.00200 0.71903 0.00057 0.27839 ( 2)
  46 N   0.74452 0.02438 0.21912 0.01198 ( 1)
  47 A   0.46968 0.29392 0.13344 0.10297 ( 1)
  48 T   0.00534 0.76068 0.00148 0.23250 ( 2)
  49 S   0.00189 0.91115 0.00003 0.08692 ( 2)
  50 K   0.77358 0.00047 0.22574 0.00021 ( 1)
  51 L   0.76824 0.00060 0.23087 0.00030 ( 1)
  52 E   0.68006 0.09462 0.19632 0.02900 ( 1)
  53 G   0.77798 0.00021 0.22174 0.00007 ( 1)
  54 L   0.77509 0.00047 0.22428 0.00016 ( 1)
  55 R   0.74266 0.02512 0.21999 0.01223 ( 1)
  56 S   0.00657 0.87176 0.00149 0.12018 ( 2)
  57 V   0.76743 0.00059 0.23174 0.00025 ( 1)
  58 V   0.76587 0.00433 0.22750 0.00230 ( 1)
  59 S   0.22186 0.53067 0.06303 0.18444 ( 2)
  60 I   0.75613 0.00952 0.22999 0.00436 ( 1)
  61 Y   0.76983 0.00002 0.23015 0.00001 ( 1)
  62 N   0.76372 0.00149 0.23411 0.00069 ( 1)
  63 T   0.19388 0.64622 0.04775 0.11215 ( 2)
  64 A   0.77141 0.00002 0.22856 0.00001 ( 1)
  65 F   0.81256 0.01760 0.16631 0.00353 ( 1)
  66 N   0.00049 0.79295 0.00014 0.20641 ( 2)
  67 H   0.87204 0.01675 0.10545 0.00577 ( 1)
  68 W   0.77786 0.00036 0.22166 0.00013 ( 1)
  69 N   0.75569 0.01112 0.22852 0.00467 ( 1)
  70 A   0.31010 0.47170 0.08655 0.13165 ( 2)
  71 S   0.72893 0.05288 0.20344 0.01476 ( 1)
  72 E   0.71922 0.06259 0.20073 0.01747 ( 1)
  73 A   0.72629 0.05816 0.19937 0.01617 ( 1)
  74 S   0.76534 0.00039 0.23409 0.00018 ( 1)
  75 R   0.77202 0.00001 0.22797 0.00000 ( 1)
  76 R   0.14287 0.59176 0.03925 0.22611 ( 2)
  77 D   0.76573 0.00007 0.23417 0.00003 ( 1)
  78 D   0.00017 0.79704 0.00005 0.20274 ( 2)
  79 A   0.69762 0.06448 0.20655 0.03135 ( 1)
  80 L   0.76986 0.00043 0.22951 0.00021 ( 1)
  81 K   0.77325 0.00104 0.22526 0.00046 ( 1)
  82 E   0.74352 0.02265 0.22180 0.01203 ( 1)
  83 R   0.71601 0.05075 0.21127 0.02198 ( 1)
  84 V   0.77057 0.00012 0.22926 0.00005 ( 1)
  85 R   0.77140 0.00001 0.22858 0.00001 ( 1)
  86 T   0.01278 0.71601 0.00365 0.26756 ( 2)
  87 T   0.64527 0.12378 0.18510 0.04585 ( 1)
  88 F   0.76828 0.00002 0.23170 0.00001 ( 1)
  89 A   0.67630 0.08178 0.20592 0.03601 ( 1)
  90 D   0.76128 0.00374 0.23324 0.00175 ( 1)
  91 V   0.52980 0.21819 0.15595 0.09605 ( 1)
  92 D   0.76498 0.00001 0.23499 0.00001 ( 1)
  93 S   0.75032 0.01404 0.22959 0.00604 ( 1)
  94 A   0.76861 0.00023 0.23104 0.00012 ( 1)
  95 L   0.76800 0.00035 0.23148 0.00017 ( 1)
  96 A   0.77083 0.00055 0.22833 0.00028 ( 1)
  97 A   0.00003 0.85545 0.00000 0.14452 ( 2)
  98 A   0.60825 0.14180 0.17910 0.07085 ( 1)
  99 I   0.76292 0.00725 0.22611 0.00371 ( 1)
 100 P   0.77256 0.00002 0.22741 0.00001 ( 1)
 101 Q   0.75995 0.00823 0.22812 0.00370 ( 1)
 102 F   0.76828 0.00001 0.23171 0.00001 ( 1)
 103 R   0.77140 0.00002 0.22857 0.00001 ( 1)
 104 Q   0.73057 0.03484 0.21920 0.01539 ( 1)
 105 N   0.00025 0.92991 0.00000 0.06984 ( 2)
 106 R   0.03059 0.67864 0.00915 0.28161 ( 2)
 107 F   0.76654 0.00163 0.23105 0.00079 ( 1)
 108 Q   0.76788 0.00101 0.23065 0.00046 ( 1)
 109 Q   0.69975 0.06295 0.20954 0.02776 ( 1)
 110 Q   0.77405 0.00003 0.22590 0.00001 ( 1)
 111 L   0.71918 0.05725 0.20397 0.01960 ( 1)
 112 L   0.77536 0.00034 0.22416 0.00014 ( 1)
 113 L   0.75289 0.03331 0.20431 0.00949 ( 1)
 114 V   0.76851 0.00200 0.22865 0.00085 ( 1)
 115 Y   0.76983 0.00002 0.23015 0.00001 ( 1)
 116 A   0.77075 0.00059 0.22837 0.00029 ( 1)
 117 Q   0.77603 0.00145 0.22198 0.00055 ( 1)
 118 A   0.76882 0.00004 0.23111 0.00002 ( 1)
 119 A   0.77081 0.00054 0.22838 0.00027 ( 1)
 120 N   0.76959 0.00028 0.22998 0.00015 ( 1)
 121 M   0.74385 0.03410 0.21070 0.01136 ( 1)
 122 H   0.76859 0.00001 0.23140 0.00000 ( 1)
 123 L   0.77513 0.00051 0.22418 0.00018 ( 1)
 124 L   0.77378 0.00118 0.22455 0.00049 ( 1)
 125 V   0.77268 0.00214 0.22430 0.00088 ( 1)
 126 L   0.77468 0.00029 0.22491 0.00012 ( 1)
 127 R   0.77463 0.00131 0.22352 0.00054 ( 1)
 128 D   0.76498 0.00001 0.23499 0.00001 ( 1)
 129 A   0.76851 0.00037 0.23095 0.00017 ( 1)
 130 V   0.76732 0.00070 0.23169 0.00029 ( 1)
 131 I   0.76877 0.00082 0.23006 0.00035 ( 1)
 132 H   0.76359 0.00228 0.23308 0.00106 ( 1)
 133 G   0.77688 0.00018 0.22287 0.00007 ( 1)
 134 E   0.00025 0.92321 0.00000 0.07654 ( 2)
 135 A   0.18861 0.55107 0.05415 0.20616 ( 2)
 136 W   0.77786 0.00036 0.22166 0.00013 ( 1)
 137 G   0.77181 0.00004 0.22814 0.00002 ( 1)
 138 Y   0.27335 0.47750 0.07821 0.17095 ( 2)
 139 K   0.56144 0.18601 0.17021 0.08234 ( 1)
 140 S   0.00015 0.88756 0.00000 0.11229 ( 2)
 141 V   0.92662 0.04703 0.01366 0.01269 ( 1)
 142 T   0.77287 0.00429 0.22122 0.00163 ( 1)
 143 V   0.51942 0.24322 0.14950 0.08786 ( 1)
 144 D   0.07818 0.68453 0.02054 0.21675 ( 2)
 145 G   0.80489 0.02486 0.16309 0.00716 ( 1)
 146 F   0.08896 0.73941 0.01556 0.15608 ( 2)
 147 Y   0.76983 0.00002 0.23015 0.00001 ( 1)
 148 D   0.20429 0.70088 0.00267 0.09216 ( 2)
 149 R   0.76999 0.00080 0.22884 0.00037 ( 1)
 150 Q   0.76957 0.00646 0.22144 0.00253 ( 1)
 151 V   0.77024 0.00046 0.22911 0.00019 ( 1)
 152 C   0.62633 0.12384 0.18628 0.06355 ( 1)
 153 L   0.77618 0.00283 0.22003 0.00096 ( 1)
 154 I   0.78007 0.00173 0.21771 0.00049 ( 1)
 155 D   0.73360 0.05647 0.19083 0.01910 ( 1)
 156 A   0.77037 0.00094 0.22824 0.00046 ( 1)
 157 Y   0.76982 0.00006 0.23008 0.00003 ( 1)
 158 T   0.77190 0.00033 0.22761 0.00016 ( 1)
 159 E   0.76478 0.00039 0.23466 0.00017 ( 1)
 160 H   0.76859 0.00001 0.23140 0.00000 ( 1)
 161 C   0.77069 0.00001 0.22929 0.00001 ( 1)
 162 M   0.72566 0.15897 0.07139 0.04397 ( 1)
 163 T   0.00301 0.77026 0.00083 0.22590 ( 2)
 164 F   0.77499 0.00002 0.22498 0.00001 ( 1)
 165 Y   0.76983 0.00002 0.23015 0.00001 ( 1)
 166 R   0.77112 0.00027 0.22848 0.00013 ( 1)
 167 Q   0.77739 0.00015 0.22240 0.00006 ( 1)
 168 G   0.76838 0.00001 0.23161 0.00001 ( 1)
 169 L   0.77739 0.00112 0.22112 0.00037 ( 1)
 170 Q   0.69441 0.09088 0.18857 0.02613 ( 1)
 171 D   0.77415 0.00049 0.22515 0.00021 ( 1)
 172 L   0.76732 0.00701 0.22277 0.00290 ( 1)
 173 R   0.77349 0.00231 0.22324 0.00096 ( 1)
 174 N   0.00466 0.75048 0.00129 0.24357 ( 2)
 175 R   0.73967 0.02917 0.21866 0.01249 ( 1)
 176 G   0.70197 0.06972 0.20137 0.02694 ( 1)
 177 N   0.76543 0.00002 0.23454 0.00001 ( 1)
 178 -   0.66954 0.11227 0.18686 0.03133 ( 1)
 179 -   0.33425 0.44755 0.09329 0.12491 ( 2)
 180 W   0.77786 0.00036 0.22166 0.00013 ( 1)
 181 N   0.76456 0.00102 0.23405 0.00037 ( 1)
 182 A   0.77008 0.00120 0.22813 0.00059 ( 1)
 183 F   0.77720 0.00025 0.22245 0.00010 ( 1)
 184 N   0.76543 0.00002 0.23454 0.00001 ( 1)
 185 N   0.76538 0.00003 0.23458 0.00001 ( 1)
 186 Y   0.76983 0.00002 0.23015 0.00001 ( 1)
 187 R   0.77202 0.00001 0.22797 0.00000 ( 1)
 188 R   0.77140 0.00001 0.22858 0.00001 ( 1)
 189 N   0.62521 0.15966 0.16351 0.05162 ( 1)
 190 M   0.77073 0.00000 0.22926 0.00000 ( 1)
 191 T   0.77367 0.00060 0.22556 0.00017 ( 1)
 192 I   0.74293 0.02283 0.22511 0.00912 ( 1)
 193 A   0.21764 0.65013 0.05873 0.07350 ( 2)
 194 L   0.76814 0.00249 0.22833 0.00105 ( 1)
 195 L   0.77693 0.00042 0.22249 0.00016 ( 1)
 196 D   0.76506 0.00003 0.23490 0.00001 ( 1)
 197 I   0.76523 0.01596 0.21451 0.00429 ( 1)
 198 I   0.76730 0.00009 0.23257 0.00004 ( 1)
 199 S   0.77133 0.00017 0.22842 0.00009 ( 1)
 200 L   0.77469 0.00027 0.22493 0.00011 ( 1)
 201 F   0.76828 0.00001 0.23171 0.00001 ( 1)
 202 S   0.73677 0.03578 0.21303 0.01442 ( 1)
 203 N   0.74975 0.01399 0.22974 0.00652 ( 1)


lnL = -2908.100373

