Supplemental results for CODEML (seqf: algn  treef: tree)


dN/dS (w) for site classes (K=4)

site class             0        1       2a       2b
proportion       0.43121  0.42755  0.07092  0.07032
background w     0.06556  1.00000  0.06556  1.00000
foreground w     0.06556  1.00000 18.03698 18.03698

Naive Empirical Bayes (NEB) probabilities for 4 classes
(amino acids refer to 1st sequence: BT_Cry1Be1)

   1 -   0.43121 0.42755 0.07092 0.07032 ( 1)
   2 -   0.90849 0.08444 0.00586 0.00120 ( 1)
   3 -   0.87381 0.11893 0.00574 0.00151 ( 1)
   4 S   0.94807 0.04093 0.00979 0.00121 ( 1)
   5 D   0.27383 0.56727 0.07025 0.08866 ( 2)
   6 S   0.00004 0.94501 0.00000 0.05494 ( 2)
   7 I   0.98313 0.00419 0.01249 0.00019 ( 1)
   8 T   0.97974 0.01103 0.00882 0.00042 ( 1)
   9 Q   0.85712 0.13536 0.00560 0.00193 ( 1)
  10 I   0.98278 0.00609 0.01092 0.00022 ( 1)
  11 P   0.66615 0.04442 0.28688 0.00256 ( 1)
  12 L   0.26001 0.71810 0.00222 0.01967 ( 2)
  13 V   0.90575 0.08235 0.00946 0.00244 ( 1)
  14 K   0.99022 0.00248 0.00724 0.00006 ( 1)
  15 S   0.00003 0.85271 0.00003 0.14723 ( 2)
  16 F   0.94255 0.02822 0.02741 0.00182 ( 1)
  17 N   0.00009 0.89456 0.00003 0.10532 ( 2)
  18 L   0.00004 0.39527 0.01102 0.59366 ( 4)
  19 N   0.00034 0.17561 0.23690 0.58716 ( 4)
  20 S   0.00017 0.85859 0.00003 0.14121 ( 2)
  21 G   0.30510 0.55366 0.05018 0.09106 ( 2)
  22 T   0.00215 0.85661 0.00035 0.14089 ( 2)
  23 S   0.00000 0.78701 0.00000 0.21298 ( 2)
  24 V   0.00414 0.86897 0.00342 0.12347 ( 2)
  25 V   0.00002 0.47546 0.00061 0.52391 ( 4)
  26 S   0.51683 0.47876 0.00161 0.00280 ( 1)
  27 G   0.98436 0.00899 0.00651 0.00014 ( 1)
  28 P   0.97251 0.00626 0.02095 0.00028 ( 1)
  29 G   0.98502 0.00833 0.00651 0.00013 ( 1)
  30 F   0.99149 0.00179 0.00668 0.00004 ( 1)
  31 T   0.97032 0.01809 0.01095 0.00064 ( 1)
  32 G   0.95435 0.02865 0.01610 0.00089 ( 1)
  33 G   0.98451 0.00884 0.00651 0.00014 ( 1)
  34 D   0.99177 0.00146 0.00673 0.00004 ( 1)
  35 I   0.91339 0.07953 0.00595 0.00113 ( 1)
  36 I   0.00093 0.45244 0.08258 0.46404 ( 4)
  37 R   0.00167 0.89076 0.00096 0.10660 ( 2)
  38 T   0.00004 0.40947 0.00317 0.58732 ( 4)
  39 N   0.00028 0.80996 0.00055 0.18921 ( 2)
  40 V   0.56081 0.31681 0.07028 0.05209 ( 1)
  41 -   0.43121 0.42755 0.07092 0.07032 ( 1)
  42 N   0.00007 0.84493 0.00034 0.15466 ( 2)
  43 G   0.15128 0.78039 0.00448 0.06386 ( 2)
  44 S   0.00000 0.48839 0.00000 0.51161 ( 4)
  45 V   0.00013 0.14866 0.23858 0.61263 ( 4)
  46 L   0.00005 0.84693 0.00002 0.15301 ( 2)
  47 S   0.00168 0.93735 0.00055 0.06042 ( 2)
  48 M   0.63221 0.35753 0.00398 0.00629 ( 1)
  49 G   0.04152 0.87874 0.01197 0.06777 ( 2)
  50 L   0.98510 0.00797 0.00674 0.00020 ( 1)
  51 N   0.14322 0.81694 0.01052 0.02932 ( 2)
  52 F   0.12194 0.57125 0.22050 0.08631 ( 2)
  53 N   0.00541 0.96461 0.00009 0.02989 ( 2)
  54 N   0.34499 0.64307 0.00349 0.00846 ( 2)
  55 T   0.00102 0.92652 0.00007 0.07240 ( 2)
  56 -   0.40809 0.56941 0.00326 0.01924 ( 2)
  57 S   0.43060 0.56415 0.00161 0.00364 ( 2)
  58 L   0.91422 0.07874 0.00604 0.00100 ( 1)
  59 Q   0.11504 0.85404 0.00148 0.02945 ( 2)
  60 R   0.19987 0.63484 0.06586 0.09942 ( 2)
  61 Y   0.98335 0.00967 0.00674 0.00024 ( 1)
  62 R   0.64223 0.09774 0.25417 0.00587 ( 1)
  63 V   0.97157 0.01517 0.01257 0.00069 ( 1)
  64 R   0.98389 0.01305 0.00296 0.00010 ( 1)
  65 V   0.16102 0.68274 0.10367 0.05258 ( 2)
  66 R   0.99338 0.00364 0.00295 0.00003 ( 1)
  67 Y   0.99137 0.00264 0.00594 0.00005 ( 1)
  68 A   0.50171 0.07962 0.41160 0.00707 ( 1)
  69 A   0.02469 0.14884 0.76896 0.05752 ( 3)
  70 S   0.04785 0.36595 0.31180 0.27440 ( 2)
  71 Q   0.83293 0.15705 0.00630 0.00372 ( 1)
  72 T   0.01230 0.85480 0.01130 0.12160 ( 2)
  73 M   0.00778 0.59593 0.24267 0.15362 ( 2)
  74 V   0.44656 0.41220 0.07345 0.06779 ( 1)
  75 L   0.06006 0.79870 0.00988 0.13136 ( 2)
  76 R   0.46895 0.38981 0.07713 0.06411 ( 1)
  77 V   0.00008 0.85868 0.00001 0.14123 ( 2)
  78 T   0.00010 0.85866 0.00002 0.14122 ( 2)
  79 V   0.00024 0.85852 0.00004 0.14120 ( 2)
  80 G   0.00743 0.85133 0.00122 0.14002 ( 2)
  81 G   0.95771 0.03606 0.00592 0.00031 ( 1)
  82 S   0.00002 0.21098 0.00983 0.77918 ( 4)
  83 T   0.39180 0.58003 0.00903 0.01914 ( 2)
  84 T   0.20710 0.77004 0.00290 0.01996 ( 2)
  85 F   0.59992 0.03567 0.36139 0.00302 ( 1)
  86 D   0.03466 0.86043 0.02276 0.08215 ( 2)
  87 Q   0.85712 0.13536 0.00560 0.00193 ( 1)
  88 G   0.96130 0.03251 0.00591 0.00028 ( 1)
  89 -   0.97810 0.01269 0.00874 0.00048 ( 1)
  90 -   0.00217 0.46044 0.18105 0.35634 ( 2)
  91 -   0.00043 0.83640 0.00005 0.16312 ( 2)
  92 F   0.94255 0.02822 0.02741 0.00182 ( 1)
  93 P   0.99148 0.00519 0.00329 0.00004 ( 1)
  94 S   0.00004 0.68288 0.00273 0.31435 ( 2)
  95 T   0.98492 0.00407 0.01086 0.00016 ( 1)
  96 M   0.00006 0.94344 0.00001 0.05648 ( 2)
  97 S   0.00765 0.51152 0.21919 0.26164 ( 2)
  98 A   0.00090 0.80815 0.00104 0.18991 ( 2)
  99 N   0.88650 0.09402 0.01317 0.00631 ( 1)
 100 E   0.36805 0.60459 0.00422 0.02314 ( 2)
 101 S   0.11896 0.78719 0.04499 0.04885 ( 2)
 102 L   0.72657 0.08244 0.18486 0.00614 ( 1)
 103 T   0.00045 0.95001 0.00002 0.04951 ( 2)
 104 S   0.00100 0.79326 0.02828 0.17746 ( 2)
 105 Q   0.00000 0.83028 0.00000 0.16972 ( 2)
 106 S   0.92199 0.06703 0.00845 0.00253 ( 1)
 107 F   0.00000 0.29867 0.00033 0.70100 ( 4)
 108 R   0.51728 0.47693 0.00191 0.00388 ( 1)
 109 F   0.97617 0.01758 0.00594 0.00031 ( 1)
 110 A   0.57949 0.27814 0.12118 0.02120 ( 1)
 111 E   0.53169 0.46336 0.00153 0.00343 ( 1)
 112 F   0.99149 0.00179 0.00668 0.00004 ( 1)
 113 P   0.23223 0.74573 0.00180 0.02024 ( 2)
 114 V   0.98373 0.00696 0.00912 0.00018 ( 1)
 115 -   0.30985 0.46050 0.19059 0.03906 ( 2)
 116 -   0.83301 0.16370 0.00246 0.00083 ( 1)
 117 -   0.95363 0.04208 0.00381 0.00048 ( 1)
 118 -   0.00012 0.84194 0.00257 0.15537 ( 2)
 119 -   0.92530 0.06744 0.00619 0.00108 ( 1)
 120 -   0.96488 0.02345 0.01077 0.00090 ( 1)
 121 G   0.94953 0.04213 0.00744 0.00090 ( 1)
 122 I   0.02052 0.95593 0.00016 0.02339 ( 2)
 123 S   0.96916 0.01767 0.01240 0.00078 ( 1)
 124 A   0.82137 0.16067 0.01061 0.00735 ( 1)
 125 S   0.95615 0.03300 0.00987 0.00098 ( 1)
 126 G   0.28408 0.71048 0.00099 0.00445 ( 2)
 127 S   0.93976 0.05629 0.00356 0.00039 ( 1)
 128 Q   0.09501 0.81855 0.00521 0.08124 ( 2)
 129 T   0.52058 0.45512 0.00937 0.01493 ( 1)
 130 A   0.00017 0.37322 0.10118 0.52543 ( 4)
 131 G   0.92165 0.06333 0.01212 0.00290 ( 1)
 132 -   0.43121 0.42755 0.07092 0.07032 ( 1)
 133 I   0.61487 0.07701 0.30215 0.00597 ( 1)
 134 S   0.15158 0.42395 0.31743 0.10704 ( 2)
 135 I   0.00020 0.59896 0.02116 0.37968 ( 2)
 136 S   0.04670 0.70258 0.06821 0.18251 ( 2)
 137 N   0.00031 0.76083 0.00168 0.23717 ( 2)
 138 N   0.00085 0.58218 0.00722 0.40975 ( 2)
 139 A   0.00001 0.57547 0.00087 0.42365 ( 2)
 140 G   0.04506 0.92844 0.00033 0.02617 ( 2)
 141 R   0.00335 0.76718 0.03664 0.19283 ( 2)
 142 Q   0.00000 0.61725 0.00005 0.38271 ( 2)
 143 T   0.00573 0.95098 0.00023 0.04306 ( 2)
 144 F   0.99149 0.00179 0.00668 0.00004 ( 1)
 145 H   0.97765 0.01609 0.00598 0.00028 ( 1)
 146 F   0.79981 0.19429 0.00405 0.00185 ( 1)
 147 D   0.96476 0.02708 0.00724 0.00092 ( 1)
 148 K   0.94004 0.05240 0.00644 0.00112 ( 1)
 149 I   0.80777 0.18879 0.00252 0.00093 ( 1)
 150 E   0.99178 0.00251 0.00567 0.00004 ( 1)
 151 F   0.62209 0.36619 0.00482 0.00690 ( 1)
 152 I   0.77038 0.08838 0.12671 0.01454 ( 1)


lnL = -2230.253816

Bayes Empirical Bayes (BEB) probabilities for 4 classes (class)
(amino acids refer to 1st sequence: BT_Cry1Be1)

   1 -   0.40341 0.44602 0.07160 0.07897 ( 2)
   2 -   0.89540 0.09049 0.01161 0.00250 ( 1)
   3 -   0.85528 0.12725 0.01366 0.00381 ( 1)
   4 S   0.93354 0.04902 0.01517 0.00227 ( 1)
   5 D   0.19181 0.62433 0.06442 0.11945 ( 2)
   6 S   0.00001 0.93290 0.00000 0.06709 ( 2)
   7 I   0.97978 0.00356 0.01644 0.00022 ( 1)
   8 T   0.97496 0.01294 0.01146 0.00064 ( 1)
   9 Q   0.82067 0.16407 0.01073 0.00454 ( 1)
  10 I   0.97827 0.00524 0.01621 0.00028 ( 1)
  11 P   0.53324 0.04298 0.42036 0.00343 ( 1)
  12 L   0.14320 0.82263 0.00177 0.03241 ( 2)
  13 V   0.86182 0.11855 0.01415 0.00549 ( 1)
  14 K   0.98707 0.00212 0.01073 0.00008 ( 1)
  15 S   0.00001 0.85292 0.00001 0.14707 ( 2)
  16 F   0.93972 0.03375 0.02456 0.00197 ( 1)
  17 N   0.00002 0.86256 0.00001 0.13741 ( 2)
  18 L   0.00002 0.47645 0.00470 0.51883 ( 4)
  19 N   0.00023 0.25778 0.14788 0.59411 ( 4)
  20 S   0.00006 0.84937 0.00001 0.15056 ( 2)
  21 G   0.21061 0.63882 0.03741 0.11316 ( 2)
  22 T   0.00077 0.84866 0.00014 0.15043 ( 2)
  23 S   0.00000 0.78623 0.00000 0.21377 ( 2)
  24 V   0.00159 0.85632 0.00194 0.14015 ( 2)
  25 V   0.00001 0.56813 0.00017 0.43169 ( 2)
  26 S   0.40680 0.57762 0.00443 0.01115 ( 2)
  27 G   0.97936 0.00829 0.01210 0.00024 ( 1)
  28 P   0.97691 0.00590 0.01697 0.00022 ( 1)
  29 G   0.98008 0.00759 0.01211 0.00022 ( 1)
  30 F   0.98871 0.00149 0.00975 0.00005 ( 1)
  31 T   0.96221 0.02052 0.01619 0.00108 ( 1)
  32 G   0.95205 0.02705 0.01987 0.00103 ( 1)
  33 G   0.97948 0.00818 0.01210 0.00024 ( 1)
  34 D   0.98948 0.00120 0.00927 0.00004 ( 1)
  35 I   0.88924 0.09647 0.01162 0.00267 ( 1)
  36 I   0.00047 0.54567 0.04652 0.40734 ( 2)
  37 R   0.00062 0.87100 0.00061 0.12776 ( 2)
  38 T   0.00001 0.47681 0.00109 0.52208 ( 4)
  39 N   0.00009 0.78852 0.00023 0.21116 ( 2)
  40 V   0.51629 0.34521 0.07730 0.06120 ( 1)
  41 -   0.40341 0.44602 0.07160 0.07897 ( 2)
  42 N   0.00001 0.82570 0.00016 0.17413 ( 2)
  43 G   0.10463 0.82615 0.00304 0.06618 ( 2)
  44 S   0.00000 0.54628 0.00000 0.45372 ( 2)
  45 V   0.00008 0.26795 0.13712 0.59485 ( 4)
  46 L   0.00001 0.85153 0.00001 0.14845 ( 2)
  47 S   0.00048 0.91718 0.00028 0.08206 ( 2)
  48 M   0.46045 0.52043 0.00465 0.01448 ( 2)
  49 G   0.01964 0.88818 0.00784 0.08434 ( 2)
  50 L   0.98085 0.00903 0.00981 0.00032 ( 1)
  51 N   0.08137 0.86456 0.01023 0.04384 ( 2)
  52 F   0.07188 0.51260 0.29055 0.12497 ( 2)
  53 N   0.00171 0.95559 0.00005 0.04266 ( 2)
  54 N   0.23470 0.72036 0.00913 0.03581 ( 2)
  55 T   0.00037 0.91617 0.00003 0.08343 ( 2)
  56 -   0.32914 0.63749 0.00371 0.02966 ( 2)
  57 S   0.30917 0.67187 0.00410 0.01486 ( 2)
  58 L   0.88642 0.09640 0.01430 0.00288 ( 1)
  59 Q   0.05474 0.90049 0.00099 0.04378 ( 2)
  60 R   0.12646 0.69717 0.05328 0.12309 ( 2)
  61 Y   0.97872 0.01108 0.00981 0.00039 ( 1)
  62 R   0.52908 0.10011 0.36290 0.00790 ( 1)
  63 V   0.96512 0.01732 0.01650 0.00105 ( 1)
  64 R   0.98133 0.01215 0.00633 0.00019 ( 1)
  65 V   0.09888 0.70397 0.12123 0.07592 ( 2)
  66 R   0.99026 0.00334 0.00635 0.00005 ( 1)
  67 Y   0.98799 0.00233 0.00961 0.00006 ( 1)
  68 A   0.37175 0.06971 0.55012 0.00843 ( 3)
  69 A   0.01589 0.16433 0.75143 0.06836 ( 3)
  70 S   0.03277 0.40308 0.28720 0.27695 ( 2)
  71 Q   0.75039 0.23342 0.00821 0.00798 ( 1)
  72 T   0.00616 0.85031 0.00855 0.13498 ( 2)
  73 M   0.00269 0.62291 0.17760 0.19680 ( 2)
  74 V   0.41868 0.43075 0.07431 0.07627 ( 2)
  75 L   0.04230 0.80713 0.00752 0.14305 ( 2)
  76 R   0.44114 0.40829 0.07829 0.07229 ( 1)
  77 V   0.00002 0.84941 0.00000 0.15057 ( 2)
  78 T   0.00003 0.84940 0.00001 0.15057 ( 2)
  79 V   0.00009 0.84934 0.00002 0.15056 ( 2)
  80 G   0.00348 0.84595 0.00062 0.14995 ( 2)
  81 G   0.93678 0.03415 0.02770 0.00137 ( 1)
  82 S   0.00001 0.29401 0.00361 0.70238 ( 4)
  83 T   0.24739 0.70619 0.01021 0.03621 ( 2)
  84 T   0.11125 0.84974 0.00257 0.03644 ( 2)
  85 F   0.48483 0.03232 0.47946 0.00339 ( 1)
  86 D   0.01411 0.85952 0.01632 0.11005 ( 2)
  87 Q   0.82067 0.16407 0.01073 0.00454 ( 1)
  88 G   0.94070 0.03027 0.02781 0.00121 ( 1)
  89 -   0.97475 0.01324 0.01135 0.00065 ( 1)
  90 -   0.00111 0.55823 0.11509 0.32557 ( 2)
  91 -   0.00018 0.84661 0.00002 0.15319 ( 2)
  92 F   0.93972 0.03375 0.02456 0.00197 ( 1)
  93 P   0.98638 0.00477 0.00876 0.00009 ( 1)
  94 S   0.00001 0.69333 0.00095 0.30571 ( 2)
  95 T   0.98152 0.00353 0.01477 0.00018 ( 1)
  96 M   0.00001 0.91829 0.00000 0.08169 ( 2)
  97 S   0.00385 0.55806 0.15177 0.28631 ( 2)
  98 A   0.00033 0.81362 0.00053 0.18551 ( 2)
  99 N   0.87550 0.10068 0.01499 0.00882 ( 1)
 100 E   0.22152 0.73664 0.00345 0.03839 ( 2)
 101 S   0.05848 0.82509 0.04205 0.07439 ( 2)
 102 L   0.66955 0.10384 0.21817 0.00843 ( 1)
 103 T   0.00013 0.94466 0.00001 0.05521 ( 2)
 104 S   0.00034 0.75640 0.02251 0.22075 ( 2)
 105 Q   0.00000 0.84092 0.00000 0.15908 ( 2)
 106 S   0.88277 0.10165 0.01056 0.00502 ( 1)
 107 F   0.00000 0.40249 0.00010 0.59741 ( 4)
 108 R   0.40713 0.57513 0.00477 0.01297 ( 2)
 109 F   0.96954 0.02033 0.00956 0.00057 ( 1)
 110 A   0.45051 0.37929 0.13410 0.03610 ( 1)
 111 E   0.41343 0.57057 0.00381 0.01218 ( 2)
 112 F   0.98871 0.00149 0.00975 0.00005 ( 1)
 113 P   0.12468 0.84076 0.00142 0.03313 ( 2)
 114 V   0.97890 0.00618 0.01467 0.00026 ( 1)
 115 -   0.22352 0.46643 0.25435 0.05569 ( 2)
 116 -   0.81019 0.17504 0.01093 0.00383 ( 1)
 117 -   0.94751 0.04499 0.00663 0.00087 ( 1)
 118 -   0.00004 0.80764 0.00144 0.19088 ( 2)
 119 -   0.91435 0.07217 0.01137 0.00210 ( 1)
 120 -   0.95941 0.02470 0.01459 0.00129 ( 1)
 121 G   0.93444 0.05116 0.01255 0.00185 ( 1)
 122 I   0.00771 0.95574 0.00009 0.03645 ( 2)
 123 S   0.96492 0.01921 0.01486 0.00101 ( 1)
 124 A   0.75654 0.21737 0.01289 0.01319 ( 1)
 125 S   0.94375 0.03911 0.01533 0.00181 ( 1)
 126 G   0.19687 0.78163 0.00285 0.01865 ( 2)
 127 S   0.92407 0.06301 0.01156 0.00137 ( 1)
 128 Q   0.04905 0.85992 0.00276 0.08827 ( 2)
 129 T   0.39641 0.56549 0.01071 0.02739 ( 2)
 130 A   0.00007 0.43238 0.05795 0.50961 ( 4)
 131 G   0.88514 0.09381 0.01536 0.00570 ( 1)
 132 -   0.40341 0.44602 0.07160 0.07897 ( 2)
 133 I   0.49038 0.07101 0.43118 0.00743 ( 1)
 134 S   0.09977 0.56102 0.22281 0.11641 ( 2)
 135 I   0.00007 0.61400 0.01065 0.37529 ( 2)
 136 S   0.02487 0.77750 0.03873 0.15890 ( 2)
 137 N   0.00011 0.74556 0.00077 0.25355 ( 2)
 138 N   0.00037 0.63317 0.00349 0.36298 ( 2)
 139 A   0.00000 0.53631 0.00034 0.46335 ( 2)
 140 G   0.02357 0.93876 0.00025 0.03742 ( 2)
 141 R   0.00116 0.74936 0.02108 0.22840 ( 2)
 142 Q   0.00000 0.64233 0.00001 0.35766 ( 2)
 143 T   0.00204 0.92673 0.00013 0.07110 ( 2)
 144 F   0.98871 0.00149 0.00975 0.00005 ( 1)
 145 H   0.97053 0.01931 0.00963 0.00054 ( 1)
 146 F   0.75595 0.22824 0.01024 0.00557 ( 1)
 147 D   0.96002 0.02917 0.00955 0.00127 ( 1)
 148 K   0.92843 0.05973 0.00989 0.00195 ( 1)
 149 I   0.75441 0.22737 0.01254 0.00568 ( 1)
 150 E   0.98843 0.00218 0.00933 0.00006 ( 1)
 151 F   0.51247 0.46431 0.00756 0.01566 ( 1)
 152 I   0.76766 0.08177 0.13611 0.01446 ( 1)

