Supplemental results for CODEML (seqf: algn  treef: tree)


dN/dS (w) for site classes (K=4)

site class             0        1       2a       2b
proportion       0.52313  0.37970  0.05630  0.04087
background w     0.09411  1.00000  0.09411  1.00000
foreground w     0.09411  1.00000 999.00000 999.00000

Naive Empirical Bayes (NEB) probabilities for 4 classes
(amino acids refer to 1st sequence: BT_Cry21Aa1)

   1 -   0.67526 0.22757 0.07268 0.02449 ( 1)
   2 L   0.85435 0.04848 0.09195 0.00522 ( 1)
   3 K   0.98677 0.00803 0.00513 0.00007 ( 1)
   4 G   0.95342 0.00646 0.03965 0.00047 ( 1)
   5 F   0.97735 0.00225 0.02034 0.00006 ( 1)
   6 P   0.99531 0.00382 0.00087 0.00000 ( 1)
   7 A   0.97362 0.00021 0.02617 0.00001 ( 1)
   8 E   0.97462 0.00032 0.02505 0.00001 ( 1)
   9 K   0.99471 0.00012 0.00517 0.00000 ( 1)
  10 G   0.89241 0.08484 0.02058 0.00217 ( 1)
  11 -   0.01686 0.97530 0.00009 0.00775 ( 2)
  12 -   0.00022 0.58196 0.00023 0.41758 ( 2)
  13 -   0.16513 0.71223 0.06984 0.05280 ( 2)
  14 Y   0.00251 0.40545 0.05710 0.53494 ( 4)
  15 G   0.97415 0.00434 0.02141 0.00011 ( 1)
  16 D   0.00007 0.67892 0.00015 0.32086 ( 2)
  17 S   0.00003 0.04142 0.04994 0.90861 ( 4)
  18 I   0.02940 0.94498 0.00046 0.02516 ( 2)
  19 A   0.01421 0.95388 0.00085 0.03105 ( 2)
  20 Y   0.42675 0.21292 0.34564 0.01469 ( 1)
  21 V   0.98947 0.00691 0.00358 0.00004 ( 1)
  22 S   0.02028 0.97529 0.00006 0.00437 ( 2)
  23 -   0.52313 0.37970 0.05630 0.04087 ( 1)
  24 E   0.99475 0.00153 0.00371 0.00001 ( 1)
  25 P   0.00485 0.99474 0.00000 0.00041 ( 2)
  26 L   0.67737 0.32139 0.00082 0.00042 ( 1)
  27 N   0.99363 0.00051 0.00586 0.00001 ( 1)
  28 G   0.99789 0.00009 0.00202 0.00000 ( 1)
  29 A   0.96091 0.03806 0.00099 0.00004 ( 1)
  30 N   0.99298 0.00115 0.00585 0.00001 ( 1)
  31 A   0.96371 0.03237 0.00371 0.00021 ( 1)
  32 V   0.90757 0.08857 0.00333 0.00052 ( 1)
  33 K   0.99051 0.00429 0.00516 0.00004 ( 1)
  34 L   0.99502 0.00253 0.00244 0.00001 ( 1)
  35 T   0.81981 0.15900 0.01674 0.00445 ( 1)
  36 -   0.67903 0.22380 0.07308 0.02409 ( 1)
  37 -   0.00415 0.89868 0.00045 0.09673 ( 2)
  38 -   0.00457 0.89826 0.00049 0.09668 ( 2)
  39 -   0.05075 0.85208 0.00546 0.09171 ( 2)
  40 -   0.25141 0.65142 0.02706 0.07011 ( 2)
  41 -   0.01566 0.88717 0.00169 0.09549 ( 2)
  42 -   0.78546 0.11737 0.08454 0.01263 ( 1)
  43 -   0.04566 0.85717 0.00491 0.09226 ( 2)
  44 S   0.26258 0.64025 0.02826 0.06891 ( 2)
  45 Y   0.01038 0.95581 0.00030 0.03351 ( 2)
  46 Q   0.00224 0.92004 0.00083 0.07690 ( 2)
  47 V   0.00214 0.92637 0.00035 0.07114 ( 2)
  48 L   0.82701 0.13724 0.03107 0.00468 ( 1)
  49 Q   0.00133 0.98919 0.00001 0.00947 ( 2)
  50 M   0.06317 0.93590 0.00006 0.00087 ( 2)
  51 E   0.08081 0.82891 0.02643 0.06385 ( 2)
  52 V   0.97875 0.01991 0.00130 0.00004 ( 1)
  53 T   0.96394 0.03454 0.00147 0.00006 ( 1)
  54 N   0.99376 0.00037 0.00586 0.00000 ( 1)
  55 Q   0.00098 0.99707 0.00000 0.00195 ( 2)
  56 T   0.85964 0.13517 0.00414 0.00106 ( 1)
  57 T   0.03161 0.90616 0.03184 0.03039 ( 2)
  58 Q   0.98709 0.01075 0.00213 0.00003 ( 1)
  59 K   0.98164 0.01670 0.00163 0.00004 ( 1)
  60 Y   0.99717 0.00004 0.00280 0.00000 ( 1)
  61 R   0.22455 0.77152 0.00069 0.00324 ( 2)
  62 I   0.92577 0.06823 0.00531 0.00069 ( 1)
  63 R   0.99828 0.00129 0.00043 0.00000 ( 1)
  64 I   0.69097 0.30462 0.00264 0.00177 ( 1)
  65 R   0.97226 0.00008 0.02766 0.00000 ( 1)
  66 Y   0.99714 0.00006 0.00280 0.00000 ( 1)
  67 A   0.99608 0.00015 0.00377 0.00000 ( 1)
  68 T   0.98436 0.00922 0.00632 0.00010 ( 1)
  69 G   0.01916 0.97161 0.00011 0.00911 ( 2)
  70 G   0.00166 0.99450 0.00000 0.00384 ( 2)
  71 D   0.46315 0.52819 0.00287 0.00578 ( 2)
  72 T   0.64948 0.34639 0.00228 0.00185 ( 1)
  73 A   0.60585 0.38925 0.00246 0.00244 ( 1)
  74 A   0.89870 0.09475 0.00559 0.00096 ( 1)
  75 S   0.88292 0.11367 0.00278 0.00062 ( 1)
  76 I   0.73707 0.26117 0.00124 0.00051 ( 1)
  77 W   0.11127 0.88673 0.00020 0.00180 ( 2)
  78 F   0.47882 0.51817 0.00129 0.00172 ( 2)
  79 H   0.00001 0.04369 0.08282 0.87348 ( 4)
  80 I   0.92972 0.06585 0.00397 0.00046 ( 1)
  81 I   0.00002 0.93015 0.00001 0.06982 ( 2)
  82 -   0.60705 0.38865 0.00220 0.00210 ( 1)
  83 -   0.72540 0.27228 0.00151 0.00081 ( 1)
  84 -   0.62303 0.37527 0.00097 0.00073 ( 1)
  85 -   0.19865 0.79825 0.00050 0.00260 ( 2)
  86 -   0.90467 0.08897 0.00538 0.00098 ( 1)
  87 -   0.12751 0.80082 0.03723 0.03444 ( 2)
  88 G   0.41607 0.58090 0.00113 0.00191 ( 2)
  89 P   0.00121 0.96211 0.00003 0.03665 ( 2)
  90 S   0.00017 0.93222 0.00001 0.06760 ( 2)
  91 G   0.00000 0.00840 0.00000 0.99159 ( 4)
  92 N   0.00035 0.99923 0.00000 0.00041 ( 2)
  93 D   0.00115 0.00869 0.64278 0.34739 ( 3)
  94 L   0.87161 0.10282 0.02220 0.00337 ( 1)
  95 T   0.67762 0.29365 0.01965 0.00908 ( 1)
  96 N   0.19636 0.79869 0.00062 0.00432 ( 2)
  97 E   0.03742 0.96079 0.00006 0.00173 ( 2)
  98 G   0.00492 0.95344 0.00142 0.04022 ( 2)
  99 H   0.00001 0.53612 0.00007 0.46380 ( 2)
 100 N   0.63762 0.33662 0.01359 0.01218 ( 1)
 101 F   0.03568 0.19052 0.52146 0.25235 ( 3)
 102 S   0.01443 0.97969 0.00006 0.00582 ( 2)
 103 S   0.00052 0.12137 0.00736 0.87075 ( 4)
 104 V   0.00000 0.17726 0.00077 0.82196 ( 4)
 105 S   0.00020 0.12828 0.07687 0.79465 ( 4)
 106 S   0.80439 0.13787 0.05311 0.00463 ( 1)
 107 R   0.00000 0.10106 0.00171 0.89723 ( 4)
 108 N   0.39459 0.02021 0.58319 0.00201 ( 3)
 109 K   0.62831 0.20067 0.15745 0.01357 ( 1)
 110 M   0.99309 0.00426 0.00264 0.00001 ( 1)
 111 F   0.98686 0.01027 0.00282 0.00004 ( 1)
 112 V   0.64084 0.35277 0.00336 0.00303 ( 1)
 113 Q   0.12348 0.10219 0.73408 0.04026 ( 3)
 114 G   0.99641 0.00298 0.00061 0.00000 ( 1)
 115 N   0.00020 0.46875 0.01407 0.51698 ( 4)
 116 N   0.03682 0.00480 0.95539 0.00299 ( 3)
 117 G   0.99590 0.00212 0.00197 0.00001 ( 1)
 118 K   0.99310 0.00067 0.00622 0.00001 ( 1)
 119 Y   0.99717 0.00004 0.00280 0.00000 ( 1)
 120 V   0.99750 0.00138 0.00111 0.00000 ( 1)
 121 L   0.87065 0.12680 0.00215 0.00040 ( 1)
 122 N   0.04911 0.94948 0.00006 0.00135 ( 2)
 123 I   0.00005 0.99227 0.00000 0.00768 ( 2)
 124 L   0.93991 0.05455 0.00506 0.00047 ( 1)
 125 T   0.29797 0.70033 0.00045 0.00124 ( 2)
 126 -   0.60009 0.39953 0.00022 0.00016 ( 1)
 127 -   0.60623 0.39313 0.00037 0.00027 ( 1)
 128 -   0.69088 0.30405 0.00294 0.00213 ( 1)
 129 -   0.70454 0.29012 0.00309 0.00224 ( 1)
 130 -   0.60623 0.39313 0.00037 0.00027 ( 1)
 131 -   0.65135 0.34598 0.00155 0.00112 ( 1)
 132 -   0.66454 0.33310 0.00137 0.00099 ( 1)
 133 D   0.98923 0.00515 0.00558 0.00005 ( 1)
 134 S   0.96774 0.02976 0.00240 0.00010 ( 1)
 135 I   0.99034 0.00798 0.00166 0.00002 ( 1)
 136 E   0.98396 0.01017 0.00577 0.00010 ( 1)
 137 L   0.09880 0.89143 0.00063 0.00914 ( 2)
 138 P   0.99753 0.00010 0.00236 0.00000 ( 1)
 139 S   0.88666 0.11068 0.00224 0.00041 ( 1)
 140 G   0.99794 0.00144 0.00063 0.00000 ( 1)
 141 Q   0.71371 0.28077 0.00333 0.00218 ( 1)
 142 -   0.81139 0.09144 0.08733 0.00984 ( 1)
 143 Q   0.05132 0.94720 0.00007 0.00141 ( 2)
 144 T   0.97873 0.01583 0.00530 0.00015 ( 1)
 145 I   0.99450 0.00167 0.00383 0.00001 ( 1)
 146 L   0.00713 0.98360 0.00004 0.00922 ( 2)
 147 I   0.69987 0.29714 0.00186 0.00113 ( 1)
 148 Q   0.00007 0.99894 0.00000 0.00099 ( 2)
 149 N   0.95100 0.04856 0.00042 0.00002 ( 1)
 150 T   0.00902 0.98905 0.00002 0.00191 ( 2)
 151 N   0.02504 0.97306 0.00004 0.00187 ( 2)
 152 -   0.00009 0.99796 0.00000 0.00195 ( 2)
 153 -   0.00001 0.99909 0.00000 0.00089 ( 2)
 154 -   0.00497 0.99423 0.00000 0.00080 ( 2)
 155 S   0.68864 0.31063 0.00049 0.00024 ( 1)
 156 Q   0.09218 0.90495 0.00020 0.00266 ( 2)
 157 D   0.99487 0.00091 0.00421 0.00001 ( 1)
 158 L   0.99871 0.00046 0.00083 0.00000 ( 1)
 159 F   0.99573 0.00174 0.00252 0.00001 ( 1)
 160 L   0.99126 0.00700 0.00173 0.00001 ( 1)
 161 D   0.99564 0.00016 0.00420 0.00000 ( 1)
 162 R   0.99826 0.00035 0.00138 0.00000 ( 1)
 163 I   0.99028 0.00542 0.00426 0.00004 ( 1)
 164 E   0.99879 0.00007 0.00114 0.00000 ( 1)
 165 -   0.98276 0.01465 0.00254 0.00005 ( 1)
 166 -   0.76919 0.13364 0.08279 0.01438 ( 1)
 167 -   0.98853 0.00735 0.00407 0.00005 ( 1)


lnL = -3287.362529

Bayes Empirical Bayes (BEB) probabilities for 4 classes (class)
(amino acids refer to 1st sequence: BT_Cry21Aa1)

   1 -   0.62012 0.16192 0.17324 0.04471 ( 1)
   2 L   0.74433 0.03772 0.20757 0.01038 ( 1)
   3 K   0.86733 0.00784 0.12351 0.00133 ( 1)
   4 G   0.84628 0.00564 0.14702 0.00107 ( 1)
   5 F   0.81259 0.00212 0.18479 0.00050 ( 1)
   6 P   0.79764 0.00403 0.19732 0.00101 ( 1)
   7 A   0.86081 0.00048 0.13862 0.00009 ( 1)
   8 E   0.86252 0.00047 0.13693 0.00008 ( 1)
   9 K   0.87507 0.00029 0.12459 0.00005 ( 1)
  10 G   0.75174 0.05961 0.17451 0.01414 ( 1)
  11 -   0.05421 0.79783 0.00818 0.13979 ( 2)
  12 -   0.00254 0.65368 0.00145 0.34233 ( 2)
  13 -   0.18536 0.37914 0.27699 0.15851 ( 2)
  14 Y   0.02870 0.50890 0.17881 0.28359 ( 2)
  15 G   0.80584 0.00351 0.18981 0.00085 ( 1)
  16 D   0.00108 0.60959 0.00231 0.38702 ( 2)
  17 S   0.00303 0.40699 0.06242 0.52756 ( 4)
  18 I   0.14559 0.70080 0.02461 0.12900 ( 2)
  19 A   0.05731 0.62527 0.04457 0.27285 ( 2)
  20 Y   0.25203 0.07578 0.63786 0.03433 ( 3)
  21 V   0.85738 0.00944 0.13154 0.00164 ( 1)
  22 S   0.09706 0.76088 0.01444 0.12762 ( 2)
  23 -   0.48734 0.29471 0.13625 0.08170 ( 1)
  24 E   0.87025 0.00150 0.12800 0.00025 ( 1)
  25 P   0.02868 0.77117 0.00713 0.19302 ( 2)
  26 L   0.63462 0.17618 0.14762 0.04159 ( 1)
  27 N   0.88454 0.00084 0.11449 0.00013 ( 1)
  28 G   0.85583 0.00021 0.14392 0.00004 ( 1)
  29 A   0.78212 0.02897 0.18205 0.00686 ( 1)
  30 N   0.88368 0.00166 0.11439 0.00027 ( 1)
  31 A   0.84631 0.02686 0.12229 0.00455 ( 1)
  32 V   0.78765 0.07793 0.12078 0.01364 ( 1)
  33 K   0.87125 0.00394 0.12414 0.00067 ( 1)
  34 L   0.83489 0.00312 0.16136 0.00064 ( 1)
  35 T   0.74356 0.10980 0.12631 0.02034 ( 1)
  36 -   0.60694 0.17510 0.16948 0.04848 ( 1)
  37 -   0.01537 0.76667 0.00432 0.21363 ( 2)
  38 -   0.01684 0.76520 0.00474 0.21322 ( 2)
  39 -   0.10667 0.67538 0.02998 0.18798 ( 2)
  40 -   0.30834 0.47371 0.08648 0.13148 ( 2)
  41 -   0.03826 0.74378 0.01076 0.20720 ( 2)
  42 -   0.68798 0.09406 0.19193 0.02602 ( 1)
  43 -   0.09771 0.68434 0.02746 0.19049 ( 2)
  44 S   0.43021 0.35183 0.12070 0.09725 ( 1)
  45 Y   0.06956 0.74592 0.01475 0.16977 ( 2)
  46 Q   0.01870 0.71575 0.01486 0.25069 ( 2)
  47 V   0.01790 0.69128 0.01222 0.27859 ( 2)
  48 L   0.73018 0.09420 0.15444 0.02119 ( 1)
  49 Q   0.01086 0.84483 0.00154 0.14278 ( 2)
  50 M   0.21311 0.58732 0.05286 0.14670 ( 2)
  51 E   0.19401 0.43071 0.21189 0.16339 ( 2)
  52 V   0.84729 0.01654 0.13332 0.00285 ( 1)
  53 T   0.78582 0.02732 0.18046 0.00640 ( 1)
  54 N   0.88474 0.00065 0.11451 0.00010 ( 1)
  55 Q   0.01001 0.84438 0.00157 0.14404 ( 2)
  56 T   0.76214 0.10472 0.11465 0.01849 ( 1)
  57 T   0.06164 0.42292 0.31236 0.20308 ( 2)
  58 Q   0.84620 0.00840 0.14385 0.00154 ( 1)
  59 K   0.81658 0.01602 0.16403 0.00336 ( 1)
  60 Y   0.86016 0.00009 0.13974 0.00002 ( 1)
  61 R   0.42134 0.43185 0.06921 0.07759 ( 2)
  62 I   0.82109 0.05589 0.11354 0.00948 ( 1)
  63 R   0.79707 0.00141 0.20117 0.00036 ( 1)
  64 I   0.65135 0.21101 0.10056 0.03708 ( 1)
  65 R   0.79856 0.00013 0.20127 0.00003 ( 1)
  66 Y   0.86010 0.00014 0.13973 0.00003 ( 1)
  67 A   0.87339 0.00038 0.12617 0.00006 ( 1)
  68 T   0.87474 0.00887 0.11496 0.00143 ( 1)
  69 G   0.10250 0.75506 0.01468 0.12776 ( 2)
  70 G   0.01326 0.83427 0.00219 0.15028 ( 2)
  71 D   0.59314 0.28366 0.07727 0.04593 ( 1)
  72 T   0.67224 0.18993 0.10428 0.03355 ( 1)
  73 A   0.63713 0.22943 0.09427 0.03917 ( 1)
  74 A   0.80305 0.07107 0.11377 0.01210 ( 1)
  75 S   0.80342 0.07734 0.10708 0.01215 ( 1)
  76 I   0.63961 0.17329 0.14657 0.04053 ( 1)
  77 W   0.25197 0.57368 0.05178 0.12258 ( 2)
  78 F   0.57198 0.27067 0.10463 0.05272 ( 1)
  79 H   0.00069 0.30029 0.17498 0.52405 ( 4)
  80 I   0.81802 0.05433 0.11846 0.00918 ( 1)
  81 I   0.00032 0.71220 0.00034 0.28714 ( 2)
  82 -   0.60488 0.25617 0.09391 0.04504 ( 1)
  83 -   0.64398 0.20919 0.10850 0.03834 ( 1)
  84 -   0.55444 0.27358 0.11365 0.05832 ( 1)
  85 -   0.29819 0.54216 0.05434 0.10531 ( 2)
  86 -   0.78595 0.09650 0.10206 0.01549 ( 1)
  87 -   0.15754 0.47731 0.21180 0.15335 ( 2)
  88 G   0.51730 0.32461 0.09494 0.06315 ( 1)
  89 P   0.01242 0.84102 0.00177 0.14479 ( 2)
  90 S   0.00188 0.83841 0.00033 0.15938 ( 2)
  91 G   0.00000 0.55405 0.00000 0.44595 ( 2)
  92 N   0.00405 0.79574 0.00101 0.19921 ( 2)
  93 D   0.13621 0.27198 0.41485 0.17695 ( 3)
  94 L   0.75723 0.07299 0.15401 0.01577 ( 1)
  95 T   0.64054 0.16782 0.15129 0.04035 ( 1)
  96 N   0.40934 0.46454 0.05414 0.07197 ( 2)
  97 E   0.13636 0.67342 0.03147 0.15875 ( 2)
  98 G   0.02952 0.69514 0.03888 0.23646 ( 2)
  99 H   0.00033 0.70022 0.00052 0.29893 ( 2)
 100 N   0.66350 0.20696 0.09464 0.03490 ( 1)
 101 F   0.10428 0.25202 0.44304 0.20065 ( 3)
 102 S   0.06259 0.78982 0.00973 0.13786 ( 2)
 103 S   0.00925 0.43773 0.02547 0.52756 ( 4)
 104 V   0.00013 0.46377 0.00372 0.53237 ( 4)
 105 S   0.00682 0.44978 0.07577 0.46764 ( 4)
 106 S   0.54755 0.07490 0.35233 0.02521 ( 1)
 107 R   0.00012 0.46267 0.00399 0.53323 ( 4)
 108 N   0.29993 0.01135 0.68551 0.00321 ( 3)
 109 K   0.41692 0.09131 0.45190 0.03988 ( 3)
 110 M   0.83333 0.00347 0.16249 0.00071 ( 1)
 111 F   0.85138 0.00842 0.13868 0.00152 ( 1)
 112 V   0.65576 0.21298 0.09452 0.03674 ( 1)
 113 Q   0.30931 0.13339 0.51048 0.04682 ( 3)
 114 G   0.80512 0.00263 0.19162 0.00063 ( 1)
 115 N   0.00239 0.51312 0.04108 0.44341 ( 2)
 116 N   0.18475 0.01806 0.79141 0.00578 ( 3)
 117 G   0.85412 0.00186 0.14368 0.00034 ( 1)
 118 K   0.88358 0.00105 0.11520 0.00017 ( 1)
 119 Y   0.86016 0.00009 0.13974 0.00002 ( 1)
 120 V   0.81032 0.00138 0.18797 0.00033 ( 1)
 121 L   0.75358 0.08366 0.14567 0.01710 ( 1)
 122 N   0.18342 0.63855 0.03874 0.13930 ( 2)
 123 I   0.00094 0.86282 0.00013 0.13611 ( 2)
 124 L   0.83008 0.04254 0.12004 0.00734 ( 1)
 125 T   0.39686 0.41430 0.09140 0.09744 ( 2)
 126 -   0.51441 0.28683 0.12725 0.07151 ( 1)
 127 -   0.52246 0.28420 0.12461 0.06873 ( 1)
 128 -   0.63041 0.23847 0.09107 0.04005 ( 1)
 129 -   0.64728 0.23005 0.08617 0.03650 ( 1)
 130 -   0.52246 0.28420 0.12461 0.06873 ( 1)
 131 -   0.58122 0.26214 0.10575 0.05089 ( 1)
 132 -   0.59737 0.25517 0.10073 0.04673 ( 1)
 133 D   0.86920 0.00443 0.12561 0.00076 ( 1)
 134 S   0.83439 0.02311 0.13830 0.00420 ( 1)
 135 I   0.80444 0.00930 0.18408 0.00218 ( 1)
 136 E   0.86639 0.00818 0.12403 0.00139 ( 1)
 137 L   0.21595 0.64574 0.02988 0.10843 ( 2)
 138 P   0.85841 0.00022 0.14133 0.00004 ( 1)
 139 S   0.77753 0.08054 0.12735 0.01458 ( 1)
 140 G   0.80300 0.00136 0.19531 0.00033 ( 1)
 141 Q   0.72295 0.15540 0.09655 0.02509 ( 1)
 142 -   0.70782 0.07423 0.19742 0.02053 ( 1)
 143 Q   0.16694 0.63828 0.03992 0.15485 ( 2)
 144 T   0.86061 0.01538 0.12140 0.00261 ( 1)
 145 I   0.86370 0.00223 0.13368 0.00039 ( 1)
 146 L   0.04636 0.80999 0.00663 0.13702 ( 2)
 147 I   0.65921 0.19759 0.10760 0.03560 ( 1)
 148 Q   0.00082 0.79871 0.00020 0.20026 ( 2)
 149 N   0.76213 0.03597 0.19281 0.00908 ( 1)
 150 T   0.03250 0.77331 0.00770 0.18650 ( 2)
 151 N   0.09450 0.73030 0.01936 0.15584 ( 2)
 152 -   0.00128 0.85308 0.00020 0.14545 ( 2)
 153 -   0.00019 0.81519 0.00004 0.18457 ( 2)
 154 -   0.01465 0.79325 0.00343 0.18867 ( 2)
 155 S   0.63840 0.16345 0.15772 0.04043 ( 1)
 156 Q   0.28894 0.55962 0.04896 0.10248 ( 2)
 157 D   0.88202 0.00109 0.11672 0.00017 ( 1)
 158 L   0.80145 0.00072 0.19765 0.00018 ( 1)
 159 F   0.86575 0.00184 0.13209 0.00031 ( 1)
 160 L   0.80746 0.00626 0.18482 0.00147 ( 1)
 161 D   0.88276 0.00044 0.11673 0.00007 ( 1)
 162 R   0.84821 0.00061 0.15107 0.00012 ( 1)
 163 I   0.86624 0.00689 0.12571 0.00115 ( 1)
 164 E   0.82607 0.00016 0.17373 0.00004 ( 1)
 165 -   0.82258 0.01408 0.16045 0.00289 ( 1)
 166 -   0.67550 0.10655 0.18848 0.02948 ( 1)
 167 -   0.86642 0.00775 0.12454 0.00130 ( 1)

