Supplemental results for CODEML (seqf: algn  treef: tree)


dN/dS (w) for site classes (K=4)

site class             0        1       2a       2b
proportion       0.82869  0.17131  0.00000  0.00000
background w     0.11530  1.00000  0.11530  1.00000
foreground w     0.11530  1.00000  1.00000  1.00000

Naive Empirical Bayes (NEB) probabilities for 4 classes
(amino acids refer to 1st sequence: BT_Cry1Fa1)

   1 -   0.95111 0.04889 0.00000 0.00000 ( 1)
   2 -   0.34691 0.65309 0.00000 0.00000 ( 2)
   3 -   0.66992 0.33008 0.00000 0.00000 ( 1)
   4 -   0.99990 0.00010 0.00000 0.00000 ( 1)
   5 R   0.96009 0.03991 0.00000 0.00000 ( 1)
   6 I   0.99997 0.00003 0.00000 0.00000 ( 1)
   7 T   0.99967 0.00033 0.00000 0.00000 ( 1)
   8 Q   0.99963 0.00037 0.00000 0.00000 ( 1)
   9 I   0.99970 0.00030 0.00000 0.00000 ( 1)
  10 P   0.99991 0.00009 0.00000 0.00000 ( 1)
  11 L   0.96593 0.03407 0.00000 0.00000 ( 1)
  12 V   0.99995 0.00005 0.00000 0.00000 ( 1)
  13 K   0.99983 0.00017 0.00000 0.00000 ( 1)
  14 A   0.99928 0.00072 0.00000 0.00000 ( 1)
  15 H   0.99939 0.00061 0.00000 0.00000 ( 1)
  16 T   0.99879 0.00121 0.00000 0.00000 ( 1)
  17 L   0.94958 0.05042 0.00000 0.00000 ( 1)
  18 Q   0.01527 0.98473 0.00000 0.00000 ( 2)
  19 S   0.99894 0.00106 0.00000 0.00000 ( 1)
  20 G   0.99994 0.00006 0.00000 0.00000 ( 1)
  21 T   0.99875 0.00125 0.00000 0.00000 ( 1)
  22 T   0.99264 0.00736 0.00000 0.00000 ( 1)
  23 V   0.99990 0.00010 0.00000 0.00000 ( 1)
  24 V   0.99806 0.00194 0.00000 0.00000 ( 1)
  25 R   0.01165 0.98835 0.00000 0.00000 ( 2)
  26 G   0.99996 0.00004 0.00000 0.00000 ( 1)
  27 P   0.99335 0.00665 0.00000 0.00000 ( 1)
  28 G   0.99941 0.00059 0.00000 0.00000 ( 1)
  29 F   0.99999 0.00001 0.00000 0.00000 ( 1)
  30 T   0.99993 0.00007 0.00000 0.00000 ( 1)
  31 G   0.99998 0.00002 0.00000 0.00000 ( 1)
  32 G   0.99994 0.00006 0.00000 0.00000 ( 1)
  33 D   0.99977 0.00023 0.00000 0.00000 ( 1)
  34 I   0.97735 0.02265 0.00000 0.00000 ( 1)
  35 L   0.99628 0.00372 0.00000 0.00000 ( 1)
  36 -   0.83983 0.16017 0.00000 0.00000 ( 1)
  37 R   0.08647 0.91353 0.00000 0.00000 ( 2)
  38 R   0.99972 0.00028 0.00000 0.00000 ( 1)
  39 T   0.96822 0.03178 0.00000 0.00000 ( 1)
  40 S   0.99356 0.00644 0.00000 0.00000 ( 1)
  41 G   0.73663 0.26337 0.00000 0.00000 ( 1)
  42 G   0.99897 0.00103 0.00000 0.00000 ( 1)
  43 P   0.62861 0.37139 0.00000 0.00000 ( 1)
  44 F   0.90138 0.09862 0.00000 0.00000 ( 1)
  45 A   0.99990 0.00010 0.00000 0.00000 ( 1)
  46 Y   0.03595 0.96405 0.00000 0.00000 ( 2)
  47 T   0.07887 0.92113 0.00000 0.00000 ( 2)
  48 I   0.06687 0.93313 0.00000 0.00000 ( 2)
  49 V   0.99995 0.00005 0.00000 0.00000 ( 1)
  50 N   0.95014 0.04986 0.00000 0.00000 ( 1)
  51 I   0.70040 0.29960 0.00000 0.00000 ( 1)
  52 N   0.98180 0.01820 0.00000 0.00000 ( 1)
  53 G   0.00011 0.99989 0.00000 0.00000 ( 2)
  54 -   0.86410 0.13590 0.00000 0.00000 ( 1)
  55 Q   0.00051 0.99949 0.00000 0.00000 ( 2)
  56 L   0.99925 0.00075 0.00000 0.00000 ( 1)
  57 P   0.98304 0.01696 0.00000 0.00000 ( 1)
  58 Q   0.99983 0.00017 0.00000 0.00000 ( 1)
  59 R   0.99902 0.00098 0.00000 0.00000 ( 1)
  60 Y   0.99998 0.00002 0.00000 0.00000 ( 1)
  61 R   0.99424 0.00576 0.00000 0.00000 ( 1)
  62 A   0.99614 0.00386 0.00000 0.00000 ( 1)
  63 R   0.99999 0.00001 0.00000 0.00000 ( 1)
  64 I   0.99981 0.00019 0.00000 0.00000 ( 1)
  65 R   0.99283 0.00717 0.00000 0.00000 ( 1)
  66 Y   0.99992 0.00008 0.00000 0.00000 ( 1)
  67 A   0.98238 0.01762 0.00000 0.00000 ( 1)
  68 S   0.99998 0.00002 0.00000 0.00000 ( 1)
  69 T   0.99996 0.00004 0.00000 0.00000 ( 1)
  70 T   0.99998 0.00002 0.00000 0.00000 ( 1)
  71 N   0.99759 0.00241 0.00000 0.00000 ( 1)
  72 L   0.92994 0.07006 0.00000 0.00000 ( 1)
  73 R   0.99935 0.00065 0.00000 0.00000 ( 1)
  74 I   0.93056 0.06944 0.00000 0.00000 ( 1)
  75 Y   0.93966 0.06034 0.00000 0.00000 ( 1)
  76 V   0.93762 0.06238 0.00000 0.00000 ( 1)
  77 T   0.83630 0.16370 0.00000 0.00000 ( 1)
  78 V   0.54362 0.45638 0.00000 0.00000 ( 1)
  79 A   0.99917 0.00083 0.00000 0.00000 ( 1)
  80 G   0.98532 0.01468 0.00000 0.00000 ( 1)
  81 E   0.01333 0.98667 0.00000 0.00000 ( 2)
  82 R   0.97232 0.02768 0.00000 0.00000 ( 1)
  83 I   0.99750 0.00250 0.00000 0.00000 ( 1)
  84 F   0.96866 0.03134 0.00000 0.00000 ( 1)
  85 A   0.99586 0.00414 0.00000 0.00000 ( 1)
  86 G   0.94494 0.05506 0.00000 0.00000 ( 1)
  87 Q   0.01773 0.98227 0.00000 0.00000 ( 2)
  88 F   0.98903 0.01097 0.00000 0.00000 ( 1)
  89 N   0.99704 0.00296 0.00000 0.00000 ( 1)
  90 K   0.99999 0.00001 0.00000 0.00000 ( 1)
  91 T   0.99995 0.00005 0.00000 0.00000 ( 1)
  92 M   0.99988 0.00012 0.00000 0.00000 ( 1)
  93 D   0.93882 0.06118 0.00000 0.00000 ( 1)
  94 T   0.93128 0.06872 0.00000 0.00000 ( 1)
  95 G   0.98624 0.01376 0.00000 0.00000 ( 1)
  96 D   0.15931 0.84069 0.00000 0.00000 ( 2)
  97 P   0.24717 0.75283 0.00000 0.00000 ( 2)
  98 L   0.99766 0.00234 0.00000 0.00000 ( 1)
  99 T   0.99947 0.00053 0.00000 0.00000 ( 1)
 100 F   0.98728 0.01272 0.00000 0.00000 ( 1)
 101 Q   0.82571 0.17429 0.00000 0.00000 ( 1)
 102 S   0.99700 0.00300 0.00000 0.00000 ( 1)
 103 F   0.99992 0.00008 0.00000 0.00000 ( 1)
 104 S   0.73562 0.26438 0.00000 0.00000 ( 1)
 105 Y   0.01631 0.98369 0.00000 0.00000 ( 2)
 106 A   0.99973 0.00027 0.00000 0.00000 ( 1)
 107 T   0.99998 0.00002 0.00000 0.00000 ( 1)
 108 I   0.99859 0.00141 0.00000 0.00000 ( 1)
 109 N   0.01572 0.98428 0.00000 0.00000 ( 2)
 110 T   0.99459 0.00541 0.00000 0.00000 ( 1)
 111 A   0.94325 0.05675 0.00000 0.00000 ( 1)
 112 F   0.99813 0.00187 0.00000 0.00000 ( 1)
 113 T   0.99631 0.00369 0.00000 0.00000 ( 1)
 114 F   0.99981 0.00019 0.00000 0.00000 ( 1)
 115 P   0.73467 0.26533 0.00000 0.00000 ( 1)
 116 M   0.00594 0.99406 0.00000 0.00000 ( 2)
 117 S   0.00036 0.99964 0.00000 0.00000 ( 2)
 118 Q   0.00000 1.00000 0.00000 0.00000 ( 2)
 119 S   0.99521 0.00479 0.00000 0.00000 ( 1)
 120 S   0.41522 0.58478 0.00000 0.00000 ( 2)
 121 F   0.24183 0.75817 0.00000 0.00000 ( 2)
 122 T   0.99965 0.00035 0.00000 0.00000 ( 1)
 123 V   0.99848 0.00152 0.00000 0.00000 ( 1)
 124 G   0.99999 0.00001 0.00000 0.00000 ( 1)
 125 A   0.99981 0.00019 0.00000 0.00000 ( 1)
 126 D   0.99997 0.00003 0.00000 0.00000 ( 1)
 127 T   0.36242 0.63758 0.00000 0.00000 ( 2)
 128 F   0.99995 0.00005 0.00000 0.00000 ( 1)
 129 S   0.04547 0.95453 0.00000 0.00000 ( 2)
 130 S   0.98294 0.01706 0.00000 0.00000 ( 1)
 131 G   0.92885 0.07115 0.00000 0.00000 ( 1)
 132 N   0.97602 0.02398 0.00000 0.00000 ( 1)
 133 E   0.99868 0.00132 0.00000 0.00000 ( 1)
 134 V   0.99978 0.00022 0.00000 0.00000 ( 1)
 135 Y   0.99998 0.00002 0.00000 0.00000 ( 1)
 136 I   0.93301 0.06699 0.00000 0.00000 ( 1)
 137 D   0.99999 0.00001 0.00000 0.00000 ( 1)
 138 R   0.99748 0.00252 0.00000 0.00000 ( 1)
 139 F   0.94506 0.05494 0.00000 0.00000 ( 1)
 140 E   0.99999 0.00001 0.00000 0.00000 ( 1)
 141 L   0.75131 0.24869 0.00000 0.00000 ( 1)
 142 I   0.99955 0.00045 0.00000 0.00000 ( 1)
 143 P   0.82869 0.17131 0.00000 0.00000 ( 1)


lnL = -2522.364867

Bayes Empirical Bayes (BEB) probabilities for 4 classes (class)
(amino acids refer to 1st sequence: BT_Cry1Fa1)

   1 -   0.91673 0.04669 0.03477 0.00180 ( 1)
   2 -   0.51767 0.44575 0.01952 0.01705 ( 1)
   3 -   0.76309 0.21583 0.01561 0.00547 ( 1)
   4 -   0.99204 0.00012 0.00783 0.00000 ( 1)
   5 R   0.95915 0.02265 0.01770 0.00050 ( 1)
   6 I   0.99046 0.00004 0.00950 0.00000 ( 1)
   7 T   0.98984 0.00037 0.00978 0.00001 ( 1)
   8 Q   0.98608 0.00039 0.01352 0.00001 ( 1)
   9 I   0.99035 0.00033 0.00932 0.00001 ( 1)
  10 P   0.98899 0.00011 0.01090 0.00000 ( 1)
  11 L   0.95504 0.02384 0.02053 0.00059 ( 1)
  12 V   0.99039 0.00006 0.00955 0.00000 ( 1)
  13 K   0.98494 0.00020 0.01486 0.00000 ( 1)
  14 A   0.98431 0.00070 0.01498 0.00001 ( 1)
  15 H   0.99029 0.00046 0.00924 0.00001 ( 1)
  16 T   0.97710 0.00120 0.02167 0.00003 ( 1)
  17 L   0.95113 0.03271 0.01547 0.00069 ( 1)
  18 Q   0.05811 0.91926 0.00114 0.02149 ( 2)
  19 S   0.98063 0.00095 0.01839 0.00002 ( 1)
  20 G   0.99152 0.00007 0.00841 0.00000 ( 1)
  21 T   0.98430 0.00106 0.01462 0.00002 ( 1)
  22 T   0.98546 0.00565 0.00879 0.00009 ( 1)
  23 V   0.98918 0.00011 0.01070 0.00000 ( 1)
  24 V   0.98881 0.00161 0.00955 0.00003 ( 1)
  25 R   0.04875 0.93503 0.00050 0.01572 ( 2)
  26 G   0.97732 0.00005 0.02263 0.00000 ( 1)
  27 P   0.98433 0.00465 0.01095 0.00007 ( 1)
  28 G   0.97673 0.00064 0.02262 0.00002 ( 1)
  29 F   0.99131 0.00002 0.00867 0.00000 ( 1)
  30 T   0.98984 0.00010 0.01006 0.00000 ( 1)
  31 G   0.98972 0.00002 0.01025 0.00000 ( 1)
  32 G   0.98412 0.00007 0.01581 0.00000 ( 1)
  33 D   0.99199 0.00021 0.00780 0.00000 ( 1)
  34 I   0.96366 0.01607 0.01988 0.00039 ( 1)
  35 L   0.97233 0.00325 0.02434 0.00009 ( 1)
  36 -   0.83343 0.12999 0.03157 0.00501 ( 1)
  37 R   0.21432 0.76654 0.00345 0.01569 ( 2)
  38 R   0.98136 0.00028 0.01835 0.00001 ( 1)
  39 T   0.97125 0.01875 0.00969 0.00031 ( 1)
  40 S   0.98862 0.00399 0.00733 0.00005 ( 1)
  41 G   0.83112 0.15808 0.00841 0.00239 ( 1)
  42 G   0.98911 0.00081 0.01007 0.00001 ( 1)
  43 P   0.77742 0.21078 0.00851 0.00329 ( 1)
  44 F   0.93499 0.05605 0.00816 0.00080 ( 1)
  45 A   0.99139 0.00011 0.00850 0.00000 ( 1)
  46 Y   0.12984 0.85478 0.00141 0.01397 ( 2)
  47 T   0.22047 0.76620 0.00202 0.01131 ( 2)
  48 I   0.22105 0.76477 0.00190 0.01228 ( 2)
  49 V   0.99124 0.00007 0.00869 0.00000 ( 1)
  50 N   0.96071 0.03114 0.00769 0.00046 ( 1)
  51 I   0.82217 0.15365 0.02009 0.00409 ( 1)
  52 N   0.97745 0.01195 0.01040 0.00020 ( 1)
  53 G   0.00051 0.74370 0.00605 0.24974 ( 2)
  54 -   0.85279 0.11064 0.03231 0.00426 ( 1)
  55 Q   0.00295 0.97641 0.00005 0.02059 ( 2)
  56 L   0.97869 0.00079 0.02049 0.00002 ( 1)
  57 P   0.97527 0.01128 0.01323 0.00022 ( 1)
  58 Q   0.98629 0.00019 0.01352 0.00000 ( 1)
  59 R   0.98175 0.00103 0.01720 0.00002 ( 1)
  60 Y   0.98965 0.00003 0.01032 0.00000 ( 1)
  61 R   0.98417 0.00458 0.01118 0.00007 ( 1)
  62 A   0.98843 0.00293 0.00859 0.00004 ( 1)
  63 R   0.99117 0.00001 0.00882 0.00000 ( 1)
  64 I   0.98754 0.00021 0.01224 0.00000 ( 1)
  65 R   0.97588 0.00682 0.01715 0.00015 ( 1)
  66 Y   0.98958 0.00010 0.01032 0.00000 ( 1)
  67 A   0.96600 0.01273 0.02095 0.00032 ( 1)
  68 S   0.99024 0.00003 0.00973 0.00000 ( 1)
  69 T   0.99110 0.00005 0.00885 0.00000 ( 1)
  70 T   0.99103 0.00004 0.00893 0.00000 ( 1)
  71 N   0.98369 0.00209 0.01418 0.00004 ( 1)
  72 L   0.94390 0.04168 0.01364 0.00078 ( 1)
  73 R   0.99049 0.00068 0.00882 0.00001 ( 1)
  74 I   0.95331 0.03459 0.01141 0.00069 ( 1)
  75 Y   0.93519 0.03961 0.02408 0.00112 ( 1)
  76 V   0.95524 0.03500 0.00920 0.00056 ( 1)
  77 T   0.88620 0.09256 0.01896 0.00228 ( 1)
  78 V   0.73418 0.23622 0.02428 0.00532 ( 1)
  79 A   0.98981 0.00076 0.00942 0.00001 ( 1)
  80 G   0.98008 0.00989 0.00984 0.00018 ( 1)
  81 E   0.05925 0.92684 0.00053 0.01338 ( 2)
  82 R   0.96361 0.01787 0.01811 0.00040 ( 1)
  83 I   0.98893 0.00214 0.00889 0.00004 ( 1)
  84 F   0.97354 0.01769 0.00851 0.00025 ( 1)
  85 A   0.98813 0.00335 0.00847 0.00005 ( 1)
  86 G   0.95994 0.03149 0.00814 0.00043 ( 1)
  87 Q   0.06502 0.91814 0.00087 0.01597 ( 2)
  88 F   0.98415 0.00714 0.00860 0.00010 ( 1)
  89 N   0.72544 0.00179 0.27265 0.00012 ( 1)
  90 K   0.99093 0.00002 0.00905 0.00000 ( 1)
  91 T   0.98921 0.00007 0.01072 0.00000 ( 1)
  92 M   0.99146 0.00011 0.00843 0.00000 ( 1)
  93 D   0.94187 0.03072 0.02680 0.00061 ( 1)
  94 T   0.83652 0.03554 0.12662 0.00131 ( 1)
  95 G   0.98312 0.00843 0.00833 0.00012 ( 1)
  96 D   0.26680 0.53365 0.14760 0.05195 ( 2)
  97 P   0.44413 0.54268 0.00482 0.00837 ( 2)
  98 L   0.98512 0.00199 0.01285 0.00004 ( 1)
  99 T   0.98977 0.00054 0.00969 0.00001 ( 1)
 100 F   0.97191 0.00875 0.01914 0.00020 ( 1)
 101 Q   0.89565 0.09049 0.01224 0.00162 ( 1)
 102 S   0.98763 0.00262 0.00971 0.00004 ( 1)
 103 F   0.99125 0.00009 0.00867 0.00000 ( 1)
 104 S   0.85674 0.13515 0.00633 0.00178 ( 1)
 105 Y   0.05463 0.91846 0.00139 0.02552 ( 2)
 106 A   0.99030 0.00028 0.00942 0.00000 ( 1)
 107 T   0.99112 0.00004 0.00885 0.00000 ( 1)
 108 I   0.98983 0.00125 0.00890 0.00002 ( 1)
 109 N   0.07025 0.90868 0.00168 0.01939 ( 2)
 110 T   0.98613 0.00415 0.00965 0.00007 ( 1)
 111 A   0.96280 0.02830 0.00846 0.00044 ( 1)
 112 F   0.98987 0.00145 0.00866 0.00002 ( 1)
 113 T   0.98739 0.00290 0.00966 0.00005 ( 1)
 114 F   0.98046 0.00022 0.01931 0.00001 ( 1)
 115 P   0.83938 0.14907 0.00921 0.00234 ( 1)
 116 M   0.01799 0.61206 0.16612 0.20383 ( 2)
 117 S   0.00235 0.97728 0.00008 0.02030 ( 2)
 118 Q   0.00002 0.92852 0.00001 0.07145 ( 2)
 119 S   0.97874 0.00317 0.01802 0.00007 ( 1)
 120 S   0.62968 0.35111 0.01155 0.00766 ( 1)
 121 F   0.42121 0.55673 0.00874 0.01331 ( 2)
 122 T   0.99063 0.00036 0.00900 0.00001 ( 1)
 123 V   0.98922 0.00122 0.00954 0.00002 ( 1)
 124 G   0.99158 0.00001 0.00841 0.00000 ( 1)
 125 A   0.98511 0.00020 0.01468 0.00000 ( 1)
 126 D   0.99217 0.00004 0.00779 0.00000 ( 1)
 127 T   0.55582 0.42634 0.00842 0.00942 ( 1)
 128 F   0.99126 0.00007 0.00867 0.00000 ( 1)
 129 S   0.14942 0.83739 0.00122 0.01197 ( 2)
 130 S   0.97526 0.01176 0.01277 0.00021 ( 1)
 131 G   0.95652 0.03480 0.00819 0.00049 ( 1)
 132 N   0.97804 0.01389 0.00786 0.00021 ( 1)
 133 E   0.98990 0.00105 0.00904 0.00002 ( 1)
 134 V   0.99108 0.00024 0.00868 0.00000 ( 1)
 135 Y   0.98965 0.00003 0.01032 0.00000 ( 1)
 136 I   0.94682 0.04043 0.01203 0.00072 ( 1)
 137 D   0.99184 0.00001 0.00815 0.00000 ( 1)
 138 R   0.98928 0.00188 0.00881 0.00003 ( 1)
 139 F   0.95982 0.03134 0.00838 0.00045 ( 1)
 140 E   0.99094 0.00001 0.00905 0.00000 ( 1)
 141 L   0.84885 0.13200 0.01605 0.00310 ( 1)
 142 I   0.97923 0.00054 0.02021 0.00001 ( 1)
 143 P   0.82451 0.13891 0.03123 0.00535 ( 1)

