Supplemental results for CODEML (seqf: algn  treef: tree)


dN/dS (w) for site classes (K=4)

site class             0        1       2a       2b
proportion       0.45092  0.41441  0.07018  0.06449
background w     0.05658  0.51475  0.05658  0.51475
foreground w     0.05658  0.51475  0.00000  0.00000

Naive Empirical Bayes (NEB) probabilities for 4 classes
(amino acids refer to 1st sequence: BT_Cry19Aa1)

   1 E   0.00009 0.84572 0.00001 0.15418 ( 2)
   2 V   0.85990 0.00123 0.13861 0.00026 ( 1)
   3 K   0.85936 0.00215 0.13805 0.00044 ( 1)
   4 T   0.10597 0.75179 0.01662 0.12561 ( 2)
   5 E   0.85850 0.00350 0.13730 0.00069 ( 1)
   6 L   0.80042 0.06185 0.12664 0.01110 ( 1)
   7 T   0.85551 0.00583 0.13751 0.00115 ( 1)
   8 R   0.84372 0.01806 0.13468 0.00353 ( 1)
   9 E   0.85850 0.00350 0.13730 0.00069 ( 1)
  10 I   0.85939 0.00106 0.13931 0.00024 ( 1)
  11 Y   0.85704 0.00372 0.13844 0.00079 ( 1)
  12 S   0.81503 0.04789 0.12863 0.00844 ( 1)
  13 D   0.85963 0.00027 0.14004 0.00006 ( 1)
  14 V   0.84733 0.01690 0.13294 0.00283 ( 1)
  15 I   0.85378 0.00754 0.13723 0.00144 ( 1)
  16 N   0.85911 0.00037 0.14043 0.00009 ( 1)
  17 G   0.01355 0.84498 0.00212 0.13934 ( 2)
  18 E   0.08157 0.86044 0.00061 0.05738 ( 2)
  19 I   0.00309 0.97880 0.00005 0.01807 ( 2)
  20 Y   0.03764 0.84815 0.00398 0.11023 ( 2)
  21 G   0.22739 0.62398 0.03598 0.11265 ( 2)
  22 L   0.00516 0.87746 0.00060 0.11678 ( 2)
  23 M   0.05808 0.78061 0.00927 0.15204 ( 2)
  24 -   0.18897 0.67636 0.02941 0.10526 ( 2)
  25 T   0.00366 0.86167 0.00057 0.13410 ( 2)
  26 P   0.14690 0.71843 0.02286 0.11181 ( 2)
  27 Y   0.00304 0.82210 0.00049 0.17437 ( 2)
  28 F   0.00041 0.90387 0.00006 0.09566 ( 2)
  29 S   0.31172 0.52297 0.05058 0.11473 ( 2)
  30 F   0.71789 0.13832 0.11572 0.02808 ( 1)
  31 E   0.00210 0.83494 0.00033 0.16262 ( 2)
  32 K   0.01660 0.82942 0.00264 0.15134 ( 2)
  33 A   0.10493 0.74402 0.01663 0.13442 ( 2)
  34 E   0.85850 0.00350 0.13730 0.00069 ( 1)
  35 S   0.32616 0.51953 0.05216 0.10215 ( 2)
  36 L   0.82063 0.03987 0.13146 0.00804 ( 1)
  37 Y   0.85903 0.00178 0.13881 0.00038 ( 1)
  38 T   0.85533 0.00706 0.13626 0.00135 ( 1)
  39 R   0.70279 0.16013 0.11026 0.02681 ( 1)
  40 A   0.00129 0.84532 0.00020 0.15319 ( 2)
  41 P   0.85678 0.00500 0.13722 0.00101 ( 1)
  42 H   0.86014 0.00056 0.13919 0.00012 ( 1)
  43 L   0.08001 0.76743 0.01267 0.13989 ( 2)
  44 F   0.83005 0.03342 0.13073 0.00579 ( 1)
  45 T   0.85969 0.00093 0.13917 0.00020 ( 1)
  46 W   0.75442 0.10889 0.11840 0.01829 ( 1)
  47 L   0.84063 0.02216 0.13317 0.00404 ( 1)
  48 K   0.25265 0.60624 0.03964 0.10147 ( 2)
  49 G   0.81751 0.04495 0.12940 0.00814 ( 1)
  50 F   0.82540 0.03372 0.13351 0.00737 ( 1)
  51 R   0.12696 0.72111 0.02013 0.13180 ( 2)
  52 F   0.86014 0.00059 0.13913 0.00013 ( 1)
  53 V   0.85140 0.01027 0.13628 0.00205 ( 1)
  54 T   0.82968 0.02979 0.13413 0.00639 ( 1)
  55 N   0.85911 0.00037 0.14043 0.00009 ( 1)
  56 S   0.01678 0.81025 0.00270 0.17027 ( 2)
  57 I   0.80298 0.05474 0.13017 0.01210 ( 1)
  58 S   0.27528 0.56210 0.04434 0.11827 ( 2)
  59 Y   0.00011 0.98060 0.00000 0.01929 ( 2)
  60 -   0.83049 0.02989 0.13345 0.00617 ( 1)
  61 -   0.00512 0.92811 0.00030 0.06647 ( 2)
  62 -   0.03841 0.82692 0.00598 0.12869 ( 2)
  63 -   0.04361 0.82172 0.00679 0.12788 ( 2)
  64 -   0.00808 0.90925 0.00105 0.08163 ( 2)
  65 -   0.35028 0.48917 0.05666 0.10390 ( 2)
  66 W   0.75442 0.10889 0.11840 0.01829 ( 1)
  67 T   0.03577 0.80452 0.00570 0.15401 ( 2)
  68 F   0.83813 0.02161 0.13556 0.00471 ( 1)
  69 L   0.84243 0.02039 0.13346 0.00372 ( 1)
  70 S   0.44741 0.40996 0.07073 0.07190 ( 1)
  71 G   0.85326 0.00798 0.13711 0.00165 ( 1)
  72 G   0.00002 0.83502 0.00000 0.16496 ( 2)
  73 Q   0.03331 0.81294 0.00528 0.14847 ( 2)
  74 N   0.85593 0.00337 0.13991 0.00079 ( 1)
  75 K   0.66703 0.18733 0.10715 0.03848 ( 1)
  76 Y   0.69171 0.16172 0.11178 0.03479 ( 1)
  77 S   0.61511 0.23618 0.09908 0.04963 ( 1)
  78 Y   0.00482 0.97362 0.00000 0.02156 ( 2)
  79 T   0.28470 0.57370 0.04471 0.09689 ( 2)
  80 N   0.00008 0.95726 0.00000 0.04266 ( 2)
  81 -   0.45092 0.41441 0.07018 0.06449 ( 1)
  82 N   0.00000 0.96492 0.00000 0.03508 ( 2)
  83 S   0.00002 0.86011 0.00000 0.13987 ( 2)
  84 S   0.00004 0.89555 0.00001 0.10440 ( 2)
  85 I   0.42125 0.41794 0.06829 0.09251 ( 1)
  86 N   0.00000 0.82258 0.00000 0.17741 ( 2)
  87 E   0.00016 0.97448 0.00000 0.02536 ( 2)
  88 G   0.64847 0.21070 0.10265 0.03818 ( 1)
  89 S   0.60824 0.24503 0.09741 0.04932 ( 1)
  90 F   0.86052 0.00247 0.13658 0.00044 ( 1)
  91 R   0.00000 0.84977 0.00000 0.15023 ( 2)
  92 G   0.82164 0.04156 0.12957 0.00723 ( 1)
  93 Q   0.00419 0.85129 0.00066 0.14386 ( 2)
  94 D   0.22804 0.60474 0.03700 0.13022 ( 2)
  95 T   0.00966 0.83001 0.00154 0.15879 ( 2)
  96 D   0.00161 0.84302 0.00025 0.15512 ( 2)
  97 Y   0.21804 0.61486 0.03523 0.13187 ( 2)
  98 G   0.78448 0.07411 0.12606 0.01535 ( 1)
  99 G   0.58461 0.27334 0.09253 0.04952 ( 1)
 100 T   0.05805 0.78927 0.00920 0.14348 ( 2)
 101 S   0.00378 0.82256 0.00061 0.17306 ( 2)
 102 S   0.84133 0.01912 0.13552 0.00403 ( 1)
 103 T   0.00313 0.82938 0.00050 0.16699 ( 2)
 104 I   0.01435 0.83338 0.00228 0.14999 ( 2)
 105 N   0.00397 0.80937 0.00065 0.18601 ( 2)
 106 I   0.33602 0.50772 0.05410 0.10216 ( 2)
 107 P   0.00000 0.86564 0.00000 0.13436 ( 2)
 108 S   0.00003 0.98901 0.00000 0.01096 ( 2)
 109 N   0.00009 0.86534 0.00001 0.13456 ( 2)
 110 S   0.00633 0.85056 0.00099 0.14212 ( 2)
 111 Y   0.18622 0.64501 0.03009 0.13868 ( 2)
 112 V   0.02000 0.80883 0.00320 0.16797 ( 2)
 113 Y   0.73593 0.11945 0.11892 0.02570 ( 1)
 114 N   0.09164 0.72451 0.01498 0.16888 ( 2)
 115 L   0.80460 0.05745 0.12746 0.01048 ( 1)
 116 W   0.04171 0.81486 0.00655 0.13689 ( 2)
 117 T   0.24117 0.60473 0.03842 0.11568 ( 2)
 118 E   0.83529 0.02532 0.13418 0.00520 ( 1)
 119 N   0.38372 0.47022 0.06076 0.08531 ( 2)
 120 Y   0.76378 0.09284 0.12342 0.01996 ( 1)
 121 E   0.37200 0.48328 0.05876 0.08595 ( 2)
 122 Y   0.00001 0.82732 0.00000 0.17267 ( 2)
 123 I   0.78103 0.07561 0.12662 0.01675 ( 1)
 124 Y   0.48633 0.36073 0.07832 0.07463 ( 1)
 125 P   0.84664 0.01637 0.13401 0.00297 ( 1)
 126 W   0.00956 0.85698 0.00148 0.13198 ( 2)
 127 G   0.00000 0.82306 0.00000 0.17693 ( 2)
 128 D   0.81217 0.04511 0.13230 0.01041 ( 1)
 129 P   0.03300 0.82088 0.00519 0.14092 ( 2)
 130 V   0.00275 0.98059 0.00001 0.01665 ( 2)
 131 N   0.85593 0.00337 0.13991 0.00079 ( 1)
 132 I   0.78103 0.07561 0.12662 0.01675 ( 1)
 133 T   0.07318 0.76815 0.01166 0.14702 ( 2)
 134 K   0.05687 0.91593 0.00012 0.02707 ( 2)
 135 M   0.36823 0.46853 0.05969 0.10355 ( 2)
 136 N   0.75974 0.09403 0.12419 0.02204 ( 1)
 137 F   0.85941 0.00130 0.13901 0.00028 ( 1)
 138 S   0.64387 0.20856 0.10371 0.04386 ( 1)
 139 V   0.00010 0.98074 0.00000 0.01917 ( 2)
 140 T   0.68002 0.18254 0.10675 0.03069 ( 1)
 141 D   0.80680 0.05049 0.13167 0.01104 ( 1)
 142 N   0.85911 0.00037 0.14043 0.00009 ( 1)
 143 N   0.62213 0.23636 0.09856 0.04295 ( 1)
 144 S   0.00040 0.83066 0.00006 0.16887 ( 2)
 145 S   0.17104 0.68175 0.02699 0.12021 ( 2)
 146 K   0.00000 0.99360 0.00000 0.00639 ( 2)
 147 E   0.04346 0.79626 0.00693 0.15335 ( 2)
 148 L   0.00000 0.98396 0.00000 0.01604 ( 2)
 149 I   0.01508 0.83718 0.00242 0.14532 ( 2)
 150 Y   0.83230 0.02733 0.13449 0.00588 ( 1)
 151 G   0.52059 0.32787 0.08365 0.06789 ( 1)
 152 A   0.00222 0.85576 0.00035 0.14167 ( 2)
 153 H   0.00005 0.97188 0.00000 0.02807 ( 2)
 154 R   0.01683 0.82025 0.00269 0.16023 ( 2)
 155 T   0.00307 0.86226 0.00048 0.13419 ( 2)
 156 -   0.45092 0.41441 0.07018 0.06449 ( 1)
 157 -   0.03708 0.82825 0.00577 0.12890 ( 2)
 158 -   0.25651 0.60882 0.03992 0.09475 ( 2)
 159 N   0.85911 0.00037 0.14043 0.00009 ( 1)
 160 K   0.00146 0.85087 0.00019 0.14748 ( 2)
 161 P   0.85977 0.00211 0.13770 0.00042 ( 1)
 162 V   0.23612 0.59574 0.03822 0.12992 ( 2)
 163 V   0.86010 0.00103 0.13865 0.00022 ( 1)
 164 R   0.11590 0.75054 0.01654 0.11702 ( 2)
 165 T   0.85237 0.01003 0.13570 0.00190 ( 1)
 166 D   0.85798 0.00277 0.13868 0.00057 ( 1)
 167 F   0.85994 0.00079 0.13910 0.00017 ( 1)
 168 D   0.83274 0.02568 0.13566 0.00593 ( 1)
 169 F   0.86014 0.00059 0.13913 0.00013 ( 1)
 170 L   0.80326 0.05665 0.12867 0.01142 ( 1)
 171 T   0.01315 0.82759 0.00209 0.15717 ( 2)
 172 N   0.84136 0.01723 0.13742 0.00399 ( 1)
 173 K   0.83863 0.02211 0.13472 0.00454 ( 1)
 174 E   0.02463 0.96427 0.00012 0.01098 ( 2)
 175 G   0.16850 0.68138 0.02667 0.12344 ( 2)
 176 T   0.76811 0.09035 0.12371 0.01782 ( 1)
 177 E   0.10195 0.89731 0.00001 0.00073 ( 2)
 178 L   0.01744 0.82023 0.00278 0.15954 ( 2)
 179 A   0.10329 0.75622 0.01617 0.12432 ( 2)
 180 K   0.78739 0.07316 0.12544 0.01401 ( 1)
 181 Y   0.63027 0.23179 0.09895 0.03900 ( 1)
 182 N   0.85490 0.00434 0.13974 0.00102 ( 1)
 183 D   0.75599 0.09822 0.12348 0.02231 ( 1)
 184 Y   0.86068 0.00354 0.13518 0.00060 ( 1)
 185 N   0.76138 0.09284 0.12445 0.02133 ( 1)
 186 H   0.85942 0.00125 0.13905 0.00027 ( 1)
 187 I   0.85976 0.00070 0.13938 0.00016 ( 1)
 188 L   0.83138 0.03122 0.13170 0.00570 ( 1)
 189 S   0.82682 0.03701 0.12991 0.00626 ( 1)
 190 Y   0.41214 0.42920 0.06659 0.09207 ( 2)
 191 M   0.09070 0.75114 0.01444 0.14371 ( 2)
 192 L   0.82774 0.03484 0.13109 0.00633 ( 1)
 193 I   0.03955 0.80615 0.00624 0.14806 ( 2)
 194 N   0.77892 0.07610 0.12728 0.01770 ( 1)
 195 -   0.71399 0.15134 0.11112 0.02355 ( 1)
 196 -   0.74866 0.11667 0.11651 0.01816 ( 1)
 197 -   0.56509 0.30024 0.08794 0.04673 ( 1)
 198 G   0.25388 0.60267 0.03995 0.10350 ( 2)
 199 E   0.00293 0.86240 0.00046 0.13421 ( 2)
 200 T   0.83173 0.03008 0.13245 0.00573 ( 1)
 201 F   0.02928 0.79453 0.00473 0.17146 ( 2)
 202 G   0.76923 0.09305 0.12150 0.01622 ( 1)
 203 Q   0.25177 0.59899 0.03988 0.10936 ( 2)
 204 K   0.32743 0.51460 0.05260 0.10537 ( 2)
 205 R   0.21438 0.63610 0.03399 0.11553 ( 2)
 206 H   0.83396 0.02971 0.13122 0.00511 ( 1)
 207 G   0.85741 0.00399 0.13778 0.00083 ( 1)
 208 Y   0.85964 0.00120 0.13891 0.00026 ( 1)
 209 S   0.55885 0.29843 0.08852 0.05420 ( 1)
 210 F   0.86014 0.00059 0.13913 0.00013 ( 1)
 211 A   0.95729 0.04219 0.00032 0.00020 ( 1)
 212 F   0.86177 0.00082 0.13726 0.00015 ( 1)
 213 T   0.84886 0.01532 0.13325 0.00257 ( 1)
 214 H   0.86032 0.00038 0.13922 0.00008 ( 1)
 215 S   0.86003 0.00025 0.13967 0.00006 ( 1)
 216 S   0.84916 0.01213 0.13629 0.00242 ( 1)


lnL = -3710.118964

