Supplemental results for CODEML (seqf: algn  treef: tree)


dN/dS (w) for site classes (K=4)

site class             0        1       2a       2b
proportion       0.53179  0.45004  0.00984  0.00833
background w     0.05850  0.52678  0.05850  0.52678
foreground w     0.05850  0.52678  4.09576  4.09576

Naive Empirical Bayes (NEB) probabilities for 4 classes
(amino acids refer to 1st sequence: BT_Cry19Aa1)

   1 E   0.00012 0.95610 0.00004 0.04374 ( 2)
   2 V   0.99619 0.00122 0.00259 0.00000 ( 1)
   3 K   0.99438 0.00221 0.00340 0.00001 ( 1)
   4 T   0.13893 0.85002 0.00143 0.00962 ( 2)
   5 E   0.99288 0.00351 0.00359 0.00002 ( 1)
   6 L   0.92347 0.06496 0.01076 0.00082 ( 1)
   7 T   0.99069 0.00542 0.00386 0.00003 ( 1)
   8 R   0.97795 0.01839 0.00358 0.00008 ( 1)
   9 E   0.99288 0.00351 0.00359 0.00002 ( 1)
  10 I   0.99620 0.00109 0.00270 0.00000 ( 1)
  11 Y   0.99258 0.00367 0.00373 0.00002 ( 1)
  12 S   0.94336 0.04910 0.00712 0.00042 ( 1)
  13 D   0.99752 0.00028 0.00221 0.00000 ( 1)
  14 V   0.98035 0.01694 0.00264 0.00006 ( 1)
  15 I   0.98975 0.00756 0.00266 0.00003 ( 1)
  16 N   0.99683 0.00039 0.00277 0.00000 ( 1)
  17 G   0.01895 0.97453 0.00010 0.00641 ( 2)
  18 E   0.09654 0.89979 0.00028 0.00340 ( 2)
  19 I   0.00359 0.98631 0.00003 0.01007 ( 2)
  20 Y   0.05323 0.93995 0.00027 0.00655 ( 2)
  21 G   0.29488 0.68813 0.00480 0.01219 ( 2)
  22 L   0.00693 0.98743 0.00003 0.00561 ( 2)
  23 M   0.08146 0.90021 0.00163 0.01670 ( 2)
  24 T   0.00042 0.98920 0.00001 0.01037 ( 2)
  25 -   0.68398 0.31180 0.00254 0.00168 ( 1)
  26 P   0.08418 0.90512 0.00060 0.01011 ( 2)
  27 Y   0.00393 0.91154 0.00396 0.08058 ( 2)
  28 F   0.00056 0.99107 0.00000 0.00837 ( 2)
  29 S   0.41979 0.57594 0.00134 0.00293 ( 2)
  30 F   0.85167 0.14564 0.00214 0.00056 ( 1)
  31 E   0.00309 0.97575 0.00007 0.02110 ( 2)
  32 K   0.02146 0.97196 0.00012 0.00646 ( 2)
  33 A   0.13861 0.84986 0.00125 0.01028 ( 2)
  34 E   0.99288 0.00351 0.00359 0.00002 ( 1)
  35 S   0.42544 0.56353 0.00455 0.00648 ( 2)
  36 L   0.95685 0.04025 0.00275 0.00015 ( 1)
  37 Y   0.99497 0.00185 0.00318 0.00001 ( 1)
  38 T   0.98815 0.00714 0.00467 0.00004 ( 1)
  39 R   0.81618 0.17204 0.00959 0.00218 ( 1)
  40 A   0.00162 0.95617 0.00070 0.04151 ( 2)
  41 P   0.99187 0.00503 0.00308 0.00002 ( 1)
  42 H   0.99744 0.00056 0.00200 0.00000 ( 1)
  43 L   0.10322 0.88989 0.00063 0.00627 ( 2)
  44 F   0.95801 0.03405 0.00764 0.00030 ( 1)
  45 T   0.99624 0.00095 0.00281 0.00000 ( 1)
  46 W   0.87460 0.11533 0.00882 0.00125 ( 1)
  47 L   0.97116 0.02292 0.00576 0.00016 ( 1)
  48 K   0.33139 0.65783 0.00344 0.00734 ( 2)
  49 G   0.94848 0.04566 0.00555 0.00031 ( 1)
  50 F   0.96301 0.03446 0.00240 0.00012 ( 1)
  51 R   0.17287 0.82275 0.00063 0.00375 ( 2)
  52 F   0.99690 0.00061 0.00249 0.00000 ( 1)
  53 V   0.98478 0.01033 0.00483 0.00006 ( 1)
  54 T   0.96376 0.03015 0.00587 0.00023 ( 1)
  55 N   0.99683 0.00039 0.00277 0.00000 ( 1)
  56 S   0.02376 0.97191 0.00008 0.00425 ( 2)
  57 I   0.94092 0.05633 0.00253 0.00022 ( 1)
  58 S   0.35991 0.63642 0.00106 0.00260 ( 2)
  59 Y   0.00013 0.99532 0.00000 0.00454 ( 2)
  60 -   0.95157 0.03026 0.01761 0.00056 ( 1)
  61 -   0.00613 0.97570 0.00011 0.01805 ( 2)
  62 -   0.00020 0.98164 0.00000 0.01816 ( 2)
  63 -   0.05489 0.92695 0.00102 0.01715 ( 2)
  64 -   0.82086 0.16097 0.01519 0.00298 ( 1)
  65 -   0.43406 0.54778 0.00803 0.01014 ( 2)
  66 W   0.87460 0.11533 0.00882 0.00125 ( 1)
  67 T   0.04818 0.94610 0.00023 0.00550 ( 2)
  68 F   0.97023 0.02193 0.00765 0.00019 ( 1)
  69 L   0.97302 0.02107 0.00576 0.00015 ( 1)
  70 S   0.55093 0.44132 0.00397 0.00378 ( 1)
  71 G   0.98938 0.00791 0.00268 0.00003 ( 1)
  72 G   0.00003 0.95417 0.00001 0.04579 ( 2)
  73 Q   0.04468 0.94895 0.00025 0.00613 ( 2)
  74 N   0.99372 0.00351 0.00276 0.00002 ( 1)
  75 K   0.80107 0.19528 0.00275 0.00090 ( 1)
  76 Y   0.82440 0.17221 0.00261 0.00078 ( 1)
  77 S   0.74424 0.24802 0.00545 0.00230 ( 1)
  78 Y   0.00562 0.98957 0.00002 0.00479 ( 2)
  79 T   0.36157 0.62834 0.00344 0.00666 ( 2)
  80 N   0.00010 0.98113 0.00000 0.01877 ( 2)
  81 -   0.53179 0.45004 0.00984 0.00833 ( 1)
  82 N   0.00000 0.97266 0.00000 0.02734 ( 2)
  83 S   0.00002 0.98298 0.00000 0.01699 ( 2)
  84 S   0.00006 0.99196 0.00000 0.00798 ( 2)
  85 I   0.54113 0.45561 0.00146 0.00181 ( 1)
  86 N   0.00001 0.88128 0.00004 0.11868 ( 2)
  87 E   0.00018 0.99447 0.00000 0.00534 ( 2)
  88 G   0.77897 0.21810 0.00212 0.00080 ( 1)
  89 S   0.74335 0.25341 0.00225 0.00099 ( 1)
  90 F   0.99027 0.00278 0.00692 0.00002 ( 1)
  91 R   0.00000 0.82667 0.00000 0.17333 ( 2)
  92 G   0.95500 0.04211 0.00272 0.00016 ( 1)
  93 Q   0.00556 0.98416 0.00005 0.01023 ( 2)
  94 D   0.31028 0.68632 0.00072 0.00267 ( 2)
  95 T   0.01360 0.98064 0.00006 0.00570 ( 2)
  96 D   0.00224 0.99293 0.00001 0.00483 ( 2)
  97 Y   0.28360 0.70822 0.00194 0.00624 ( 2)
  98 G   0.92314 0.07429 0.00232 0.00025 ( 1)
  99 G   0.70852 0.28540 0.00415 0.00193 ( 1)
 100 T   0.07809 0.91135 0.00077 0.00979 ( 2)
 101 S   0.00534 0.99058 0.00002 0.00406 ( 2)
 102 S   0.97769 0.01935 0.00289 0.00008 ( 1)
 103 T   0.00419 0.98857 0.00002 0.00721 ( 2)
 104 I   0.01877 0.97580 0.00009 0.00533 ( 2)
 105 N   0.00566 0.98556 0.00004 0.00874 ( 2)
 106 I   0.43195 0.56459 0.00117 0.00229 ( 2)
 107 P   0.00000 0.94418 0.00000 0.05582 ( 2)
 108 S   0.00004 0.99518 0.00000 0.00479 ( 2)
 109 N   0.00012 0.98160 0.00016 0.01811 ( 2)
 110 S   0.00831 0.97988 0.00009 0.01172 ( 2)
 111 Y   0.24665 0.74915 0.00078 0.00342 ( 2)
 112 V   0.02744 0.96606 0.00010 0.00641 ( 2)
 113 Y   0.87163 0.12504 0.00276 0.00056 ( 1)
 114 N   0.03816 0.27003 0.63978 0.05203 ( 3)
 115 L   0.93303 0.06102 0.00553 0.00042 ( 1)
 116 W   0.05326 0.93605 0.00054 0.01015 ( 2)
 117 T   0.31697 0.67795 0.00128 0.00381 ( 2)
 118 E   0.97040 0.02616 0.00332 0.00012 ( 1)
 119 N   0.47598 0.51757 0.00280 0.00364 ( 2)
 120 Y   0.90158 0.09513 0.00285 0.00043 ( 1)
 121 E   0.46956 0.52625 0.00172 0.00246 ( 2)
 122 Y   0.00001 0.96387 0.00000 0.03611 ( 2)
 123 I   0.91953 0.07769 0.00248 0.00031 ( 1)
 124 Y   0.60650 0.38948 0.00206 0.00196 ( 1)
 125 P   0.97769 0.01657 0.00563 0.00011 ( 1)
 126 W   0.01228 0.97700 0.00012 0.01059 ( 2)
 127 G   0.00000 0.84128 0.00006 0.15866 ( 2)
 128 D   0.95249 0.04524 0.00211 0.00015 ( 1)
 129 P   0.04378 0.94958 0.00025 0.00639 ( 2)
 130 V   0.00324 0.99091 0.00002 0.00583 ( 2)
 131 N   0.99372 0.00351 0.00276 0.00002 ( 1)
 132 I   0.91953 0.07769 0.00248 0.00031 ( 1)
 133 T   0.09799 0.89634 0.00046 0.00521 ( 2)
 134 K   0.06565 0.92979 0.00022 0.00433 ( 2)
 135 M   0.46916 0.52733 0.00128 0.00223 ( 2)
 136 N   0.89707 0.09998 0.00249 0.00046 ( 1)
 137 F   0.99618 0.00133 0.00249 0.00000 ( 1)
 138 S   0.77565 0.22116 0.00229 0.00090 ( 1)
 139 V   0.00012 0.99120 0.00000 0.00868 ( 2)
 140 T   0.80081 0.19129 0.00617 0.00173 ( 1)
 141 D   0.94672 0.05097 0.00212 0.00019 ( 1)
 142 N   0.99683 0.00039 0.00277 0.00000 ( 1)
 143 N   0.74902 0.24758 0.00219 0.00122 ( 1)
 144 S   0.00056 0.97211 0.00011 0.02722 ( 2)
 145 S   0.21865 0.77307 0.00164 0.00664 ( 2)
 146 K   0.00000 0.99142 0.00000 0.00857 ( 2)
 147 E   0.05793 0.93754 0.00021 0.00432 ( 2)
 148 L   0.00000 0.99378 0.00000 0.00621 ( 2)
 149 I   0.01950 0.95479 0.00342 0.02229 ( 2)
 150 Y   0.96813 0.02868 0.00307 0.00013 ( 1)
 151 G   0.64576 0.35145 0.00162 0.00117 ( 1)
 152 A   0.00299 0.97464 0.00048 0.02189 ( 2)
 153 -   0.53179 0.45004 0.00984 0.00833 ( 1)
 154 -   0.22671 0.75513 0.00419 0.01397 ( 2)
 155 -   0.25675 0.72509 0.00475 0.01342 ( 2)
 156 H   0.00009 0.99470 0.00000 0.00521 ( 2)
 157 R   0.14735 0.84825 0.00054 0.00386 ( 2)
 158 T   0.00208 0.98599 0.00002 0.01191 ( 2)
 159 N   0.99683 0.00039 0.00277 0.00000 ( 1)
 160 K   0.00179 0.97639 0.00043 0.02139 ( 2)
 161 P   0.99501 0.00208 0.00290 0.00001 ( 1)
 162 V   0.31168 0.68449 0.00088 0.00296 ( 2)
 163 V   0.99639 0.00102 0.00259 0.00000 ( 1)
 164 R   0.14712 0.84197 0.00153 0.00938 ( 2)
 165 T   0.98568 0.01026 0.00401 0.00006 ( 1)
 166 D   0.99503 0.00276 0.00220 0.00001 ( 1)
 167 F   0.99643 0.00081 0.00275 0.00000 ( 1)
 168 D   0.97145 0.02518 0.00324 0.00013 ( 1)
 169 F   0.99690 0.00061 0.00249 0.00000 ( 1)
 170 L   0.93890 0.05807 0.00280 0.00023 ( 1)
 171 T   0.01788 0.97194 0.00015 0.01004 ( 2)
 172 N   0.76121 0.01392 0.22433 0.00054 ( 1)
 173 K   0.97393 0.02264 0.00333 0.00010 ( 1)
 174 E   0.02788 0.94315 0.00490 0.02406 ( 2)
 175 G   0.21905 0.77438 0.00129 0.00528 ( 2)
 176 T   0.90529 0.09177 0.00255 0.00039 ( 1)
 177 E   0.11593 0.88065 0.00031 0.00312 ( 2)
 178 L   0.02122 0.91860 0.00924 0.05095 ( 2)
 179 A   0.13449 0.85401 0.00147 0.01004 ( 2)
 180 K   0.92016 0.07506 0.00435 0.00044 ( 1)
 181 Y   0.51080 0.16798 0.30919 0.01203 ( 1)
 182 N   0.99171 0.00449 0.00377 0.00003 ( 1)
 183 D   0.84740 0.09370 0.05775 0.00115 ( 1)
 184 Y   0.99310 0.00363 0.00326 0.00002 ( 1)
 185 N   0.80158 0.09046 0.10653 0.00143 ( 1)
 186 H   0.99611 0.00120 0.00268 0.00001 ( 1)
 187 I   0.99660 0.00072 0.00268 0.00000 ( 1)
 188 L   0.96165 0.03243 0.00570 0.00022 ( 1)
 189 S   0.95463 0.03773 0.00731 0.00033 ( 1)
 190 Y   0.44928 0.42010 0.11640 0.01422 ( 1)
 191 M   0.12436 0.86347 0.00318 0.00899 ( 2)
 192 L   0.95759 0.03620 0.00594 0.00026 ( 1)
 193 I   0.04671 0.91757 0.01359 0.02212 ( 2)
 194 N   0.91820 0.07582 0.00545 0.00053 ( 1)
 195 -   0.82086 0.16097 0.01519 0.00298 ( 1)
 196 -   0.85843 0.12340 0.01588 0.00228 ( 1)
 197 -   0.65863 0.32320 0.01219 0.00598 ( 1)
 198 G   0.33124 0.66229 0.00195 0.00452 ( 2)
 199 E   0.00367 0.98387 0.00005 0.01241 ( 2)
 200 T   0.96592 0.03080 0.00313 0.00014 ( 1)
 201 F   0.04048 0.94709 0.00046 0.01197 ( 2)
 202 G   0.89907 0.09527 0.00501 0.00065 ( 1)
 203 Q   0.31665 0.67346 0.00295 0.00694 ( 2)
 204 K   0.42124 0.57469 0.00144 0.00263 ( 2)
 205 R   0.24910 0.65571 0.06814 0.02705 ( 2)
 206 H   0.96187 0.02974 0.00812 0.00028 ( 1)
 207 G   0.99348 0.00393 0.00258 0.00001 ( 1)
 208 Y   0.99560 0.00125 0.00315 0.00001 ( 1)
 209 S   0.67255 0.31954 0.00515 0.00277 ( 1)
 210 F   0.99690 0.00061 0.00249 0.00000 ( 1)
 211 A   0.96224 0.03507 0.00256 0.00013 ( 1)
 212 F   0.99664 0.00085 0.00251 0.00000 ( 1)
 213 T   0.97642 0.01556 0.00787 0.00015 ( 1)
 214 H   0.99763 0.00038 0.00199 0.00000 ( 1)
 215 S   0.99786 0.00024 0.00190 0.00000 ( 1)
 216 S   0.98065 0.01231 0.00694 0.00010 ( 1)


lnL = -3703.504082

