Supplemental results for CODEML (seqf: algn  treef: tree)


dN/dS (w) for site classes (K=4)

site class             0        1       2a       2b
proportion       0.36168  0.53144  0.04328  0.06360
background w     0.08596  1.00000  0.08596  1.00000
foreground w     0.08596  1.00000 999.00000 999.00000

Naive Empirical Bayes (NEB) probabilities for 4 classes
(amino acids refer to 1st sequence: BT_Cry40Aa1)

   1 S   0.55339 0.33973 0.06623 0.04066 ( 1)
   2 L   0.12936 0.76376 0.01548 0.09140 ( 2)
   3 G   0.00005 0.93392 0.00000 0.06602 ( 2)
   4 G   0.06295 0.86758 0.00470 0.06477 ( 2)
   5 I   0.13437 0.80545 0.00859 0.05159 ( 2)
   6 N   0.00045 0.92739 0.00004 0.07212 ( 2)
   7 T   0.00045 0.93602 0.00003 0.06350 ( 2)
   8 L   0.31269 0.62793 0.01966 0.03972 ( 2)
   9 F   0.00008 0.06011 0.04553 0.89428 ( 4)
  10 S   0.03650 0.88579 0.00307 0.07464 ( 2)
  11 I   0.15951 0.78127 0.01003 0.04920 ( 2)
  12 I   0.70249 0.23835 0.04415 0.01501 ( 1)
  13 G   0.00000 0.91536 0.00000 0.08464 ( 2)
  14 K   0.12074 0.81751 0.00793 0.05381 ( 2)
  15 L   0.75470 0.14528 0.08387 0.01615 ( 1)
  16 I   0.65618 0.28368 0.04196 0.01817 ( 1)
  17 P   0.78641 0.12552 0.07594 0.01212 ( 1)
  18 T   0.47210 0.46085 0.03391 0.03313 ( 1)
  19 N   0.09913 0.83381 0.00712 0.05995 ( 2)
  20 H   0.08796 0.84604 0.00621 0.05979 ( 2)
  21 Q   0.05173 0.87626 0.00401 0.06800 ( 2)
  22 S   0.00591 0.92702 0.00042 0.06665 ( 2)
  23 V   0.19754 0.72082 0.01756 0.06408 ( 2)
  24 S   0.06841 0.86667 0.00475 0.06018 ( 2)
  25 A   0.07852 0.85656 0.00545 0.05948 ( 2)
  26 L   0.87794 0.05516 0.06294 0.00396 ( 1)
  27 S   0.87735 0.05563 0.06303 0.00400 ( 1)
  28 I   0.91604 0.02482 0.05758 0.00156 ( 1)
  29 C   0.86941 0.06329 0.06273 0.00457 ( 1)
  30 D   0.93399 0.01269 0.05261 0.00072 ( 1)
  31 L   0.83276 0.09409 0.06572 0.00743 ( 1)
  32 L   0.00156 0.01013 0.88730 0.10101 ( 3)
  33 S   0.87357 0.05940 0.06275 0.00427 ( 1)
  34 I   0.91604 0.02482 0.05758 0.00156 ( 1)
  35 I   0.91222 0.02767 0.05834 0.00177 ( 1)
  36 R   0.80560 0.11844 0.06622 0.00974 ( 1)
  37 K   0.63234 0.30596 0.04155 0.02014 ( 1)
  38 E   0.81869 0.10600 0.06667 0.00864 ( 1)
  39 V   0.61936 0.31747 0.04173 0.02144 ( 1)
  40 A   0.02159 0.89469 0.00197 0.08175 ( 2)
  41 D   0.06402 0.86064 0.00521 0.07013 ( 2)
  42 S   0.53270 0.37405 0.05478 0.03847 ( 1)
  43 V   0.11173 0.80661 0.00993 0.07173 ( 2)
  44 L   0.83276 0.09409 0.06572 0.00743 ( 1)
  45 S   0.01410 0.92348 0.00094 0.06148 ( 2)
  46 D   0.00264 0.91363 0.00024 0.08348 ( 2)
  47 A   0.00162 0.91414 0.00015 0.08409 ( 2)
  48 I   0.00087 0.93630 0.00006 0.06278 ( 2)
  49 C   0.00056 0.93452 0.00004 0.06488 ( 2)
  50 R   0.05729 0.88927 0.00323 0.05021 ( 2)
  51 F   0.92328 0.01970 0.05583 0.00119 ( 1)
  52 L   0.36168 0.53144 0.04328 0.06360 ( 2)
  53 D   0.00006 0.05933 0.04042 0.90019 ( 4)
  54 G   0.88345 0.05058 0.06239 0.00357 ( 1)
  55 K   0.00654 0.93205 0.00043 0.06099 ( 2)
  56 L   0.02908 0.90727 0.00197 0.06168 ( 2)
  57 K   0.00030 0.93455 0.00002 0.06513 ( 2)
  58 N   0.01401 0.92104 0.00097 0.06398 ( 2)
  59 Y   0.58312 0.35225 0.04027 0.02437 ( 1)
  60 R   0.00000 0.41409 0.00007 0.58584 ( 4)
  61 E   0.00003 0.94601 0.00000 0.05395 ( 2)
  62 Y   0.89189 0.04351 0.06159 0.00301 ( 1)
  63 Y   0.89189 0.04351 0.06159 0.00301 ( 1)
  64 L   0.87794 0.05516 0.06294 0.00396 ( 1)
  65 P   0.00000 0.28373 0.00000 0.71627 ( 4)
  66 Y   0.08375 0.85112 0.00582 0.05931 ( 2)
  67 L   0.87794 0.05516 0.06294 0.00396 ( 1)
  68 E   0.00016 0.92422 0.00001 0.07561 ( 2)
  69 A   0.00001 0.94606 0.00000 0.05393 ( 2)
  70 W   0.65249 0.25936 0.06308 0.02508 ( 1)
  71 L   0.87794 0.05516 0.06294 0.00396 ( 1)
  72 K   0.00000 0.93400 0.00000 0.06600 ( 2)
  73 D   0.00045 0.94534 0.00003 0.05418 ( 2)
  74 G   0.01313 0.92449 0.00086 0.06152 ( 2)
  75 K   0.00056 0.92095 0.00005 0.07845 ( 2)
  76 P   0.76508 0.12804 0.09156 0.01532 ( 1)
  77 L   0.03021 0.86291 0.00361 0.10327 ( 2)
  78 Q   0.01469 0.87842 0.00176 0.10512 ( 2)
  79 K   0.00812 0.88499 0.00097 0.10591 ( 2)
  80 T   0.43502 0.45810 0.05206 0.05482 ( 2)
  81 N   0.02430 0.92171 0.00138 0.05260 ( 2)
  82 N   0.00012 0.92741 0.00001 0.07246 ( 2)
  83 S   0.00000 0.57297 0.00000 0.42703 ( 2)
  84 D   0.00000 0.93819 0.00000 0.06180 ( 2)
  85 I   0.40707 0.52600 0.02918 0.03774 ( 2)
  86 G   0.00000 0.93475 0.00000 0.06525 ( 2)
  87 Q   0.00126 0.91501 0.00011 0.08362 ( 2)
  88 L   0.53365 0.40319 0.03596 0.02721 ( 1)
  89 V   0.12602 0.81122 0.00843 0.05433 ( 2)
  90 K   0.00000 0.93817 0.00000 0.06182 ( 2)
  91 Y   0.00534 0.90963 0.00050 0.08452 ( 2)
  92 F   0.67827 0.23482 0.06456 0.02235 ( 1)
  93 E   0.00097 0.92681 0.00008 0.07215 ( 2)
  94 L   0.00000 0.93465 0.00000 0.06535 ( 2)
  95 S   0.00258 0.90471 0.00026 0.09244 ( 2)
  96 E   0.64065 0.29817 0.04172 0.01946 ( 1)
  97 R   0.00055 0.93756 0.00004 0.06186 ( 2)
  98 D   0.00136 0.94511 0.00008 0.05345 ( 2)
  99 F   0.68688 0.22621 0.06538 0.02154 ( 1)
 100 N   0.23539 0.69923 0.01645 0.04893 ( 2)
 101 E   0.00620 0.93169 0.00041 0.06170 ( 2)
 102 I   0.50267 0.43041 0.03604 0.03088 ( 1)
 103 L   0.30738 0.61935 0.02427 0.04899 ( 2)
 104 G   0.00004 0.93478 0.00000 0.06517 ( 2)
 105 G   0.71762 0.19818 0.06598 0.01823 ( 1)
 106 S   0.03321 0.88906 0.00280 0.07493 ( 2)
 107 L   0.82643 0.10041 0.06522 0.00793 ( 1)
 108 A   0.24720 0.67510 0.02082 0.05689 ( 2)
 109 R   0.07382 0.85775 0.00542 0.06301 ( 2)
 110 N   0.00001 0.91509 0.00000 0.08489 ( 2)
 111 N   0.48456 0.45371 0.03184 0.02989 ( 1)
 112 A   0.55585 0.37971 0.03827 0.02617 ( 1)
 113 Q   0.07257 0.86563 0.00477 0.05703 ( 2)
 114 I   0.61527 0.32555 0.03867 0.02050 ( 1)
 115 L   0.79375 0.13309 0.06265 0.01051 ( 1)
 116 L   0.83276 0.09409 0.06572 0.00743 ( 1)
 117 L   0.76932 0.14877 0.06863 0.01328 ( 1)
 118 P   0.84077 0.08713 0.06533 0.00677 ( 1)
 119 Y   0.06149 0.85501 0.00560 0.07790 ( 2)
 120 F   0.12468 0.81065 0.00861 0.05606 ( 2)
 121 C   0.00001 0.91793 0.00000 0.08205 ( 2)
 122 A   0.05870 0.86931 0.00455 0.06744 ( 2)
 123 S   0.00781 0.92772 0.00054 0.06394 ( 2)
 124 C   0.09045 0.84464 0.00627 0.05864 ( 2)
 125 K   0.80138 0.14476 0.04560 0.00826 ( 1)
 126 C   0.00020 0.91815 0.00002 0.08163 ( 2)
 127 Q   0.44353 0.49610 0.02848 0.03189 ( 2)
 128 L   0.83276 0.09409 0.06572 0.00743 ( 1)
 129 L   0.83276 0.09409 0.06572 0.00743 ( 1)
 130 L   0.79018 0.13255 0.06617 0.01110 ( 1)
 131 L   0.83276 0.09409 0.06572 0.00743 ( 1)
 132 R   0.74591 0.17275 0.06603 0.01530 ( 1)
 133 D   0.89911 0.01718 0.08213 0.00157 ( 1)
 134 A   0.02043 0.91465 0.00142 0.06351 ( 2)
 135 V   0.90123 0.03610 0.06025 0.00242 ( 1)
 136 Q   0.43040 0.50737 0.02852 0.03372 ( 2)
 137 Y   0.89189 0.04351 0.06159 0.00301 ( 1)
 138 E   0.63599 0.30232 0.04179 0.01990 ( 1)
 139 E   0.00004 0.93775 0.00000 0.06220 ( 2)
 140 Q   0.00089 0.93782 0.00006 0.06124 ( 2)
 141 W   0.65249 0.25936 0.06308 0.02508 ( 1)
 142 F   0.00011 0.93042 0.00001 0.06946 ( 2)
 143 P   0.00000 0.92231 0.00000 0.07769 ( 2)
 144 F   0.00029 0.91782 0.00003 0.08186 ( 2)
 145 L   0.03028 0.90196 0.00220 0.06557 ( 2)
 146 S   0.00227 0.92488 0.00018 0.07267 ( 2)
 147 A   0.00190 0.90993 0.00018 0.08799 ( 2)
 148 E   0.04865 0.86896 0.00437 0.07802 ( 2)
 149 N   0.02137 0.91346 0.00149 0.06369 ( 2)
 150 V   0.07975 0.84731 0.00627 0.06667 ( 2)
 151 R   0.07553 0.84025 0.00694 0.07727 ( 2)
 152 S   0.66403 0.25828 0.05592 0.02176 ( 1)
 153 E   0.59849 0.31711 0.05516 0.02923 ( 1)
 154 L   0.73798 0.15514 0.08832 0.01857 ( 1)
 155 I   0.84789 0.04523 0.10147 0.00541 ( 1)
 156 S   0.71847 0.17465 0.08598 0.02090 ( 1)
 157 P   0.76831 0.12480 0.09195 0.01494 ( 1)
 158 N   0.39648 0.49664 0.04745 0.05943 ( 2)
 159 S   0.44204 0.45108 0.05290 0.05398 ( 2)
 160 G   0.43372 0.45940 0.05190 0.05498 ( 2)
 161 C   0.43070 0.46242 0.05154 0.05534 ( 2)
 162 D   0.46665 0.42647 0.05585 0.05104 ( 1)
 163 F   0.45623 0.43688 0.05460 0.05228 ( 1)
 164 T   0.03428 0.89684 0.00253 0.06634 ( 2)
 165 G   0.00008 0.93439 0.00001 0.06552 ( 2)
 166 D   0.93399 0.01269 0.05261 0.00072 ( 1)
 167 Y   0.45738 0.47501 0.03316 0.03445 ( 2)
 168 Y   0.00032 0.91511 0.00003 0.08454 ( 2)
 169 E   0.03492 0.88974 0.00284 0.07250 ( 2)
 170 R   0.08006 0.82740 0.00816 0.08438 ( 2)
 171 L   0.35010 0.57672 0.02763 0.04555 ( 2)
 172 K   0.90587 0.03247 0.05953 0.00214 ( 1)
 173 C   0.00066 0.91611 0.00006 0.08316 ( 2)
 174 K   0.00955 0.92862 0.00063 0.06121 ( 2)
 175 I   0.00248 0.93822 0.00016 0.05915 ( 2)
 176 A   0.10780 0.82932 0.00722 0.05566 ( 2)
 177 E   0.00143 0.92304 0.00012 0.07542 ( 2)
 178 Y   0.59648 0.33889 0.04119 0.02343 ( 1)
 179 T   0.00156 0.93332 0.00011 0.06500 ( 2)
 180 D   0.02724 0.91881 0.00155 0.05240 ( 2)
 181 Y   0.11223 0.82293 0.00777 0.05707 ( 2)
 182 C   0.87545 0.05725 0.06317 0.00413 ( 1)
 183 E   0.00000 0.93643 0.00000 0.06357 ( 2)
 184 Y   0.00000 0.07338 0.00000 0.92662 ( 4)
 185 W   0.65249 0.25936 0.06308 0.02508 ( 1)
 186 Y   0.89189 0.04351 0.06159 0.00301 ( 1)
 187 Q   0.02154 0.89376 0.00199 0.08271 ( 2)
 188 A   0.00013 0.92326 0.00001 0.07660 ( 2)
 189 G   0.88345 0.05058 0.06239 0.00357 ( 1)
 190 L   0.83276 0.09409 0.06572 0.00743 ( 1)
 191 N   0.26032 0.68569 0.01484 0.03915 ( 2)
 192 Q   0.70536 0.20977 0.06542 0.01946 ( 1)
 193 I   0.91604 0.02482 0.05758 0.00156 ( 1)
 194 K   0.01956 0.18708 0.52770 0.26565 ( 3)
 195 Q   0.00217 0.91291 0.00020 0.08472 ( 2)
 196 A   0.00000 0.91677 0.00000 0.08323 ( 2)
 197 G   0.80238 0.13165 0.05666 0.00930 ( 1)
 198 T   0.10570 0.82875 0.00741 0.05815 ( 2)
 199 G   0.01097 0.92661 0.00073 0.06169 ( 2)
 200 A   0.00883 0.79580 0.00195 0.19341 ( 2)
 201 D   0.00058 0.93812 0.00004 0.06126 ( 2)
 202 T   0.00000 0.00114 0.00936 0.98950 ( 4)
 203 W   0.65249 0.25936 0.06308 0.02508 ( 1)
 204 A   0.00000 0.11355 0.00015 0.88630 ( 4)
 205 K   0.90587 0.03247 0.05953 0.00214 ( 1)
 206 F   0.92328 0.01970 0.05583 0.00119 ( 1)
 207 N   0.93257 0.01358 0.05307 0.00077 ( 1)
 208 K   0.90587 0.03247 0.05953 0.00214 ( 1)
 209 F   0.91965 0.02333 0.05561 0.00141 ( 1)
 210 R   0.80251 0.12153 0.06597 0.00999 ( 1)
 211 R   0.86390 0.06772 0.06341 0.00497 ( 1)
 212 E   0.90818 0.03067 0.05915 0.00200 ( 1)
 213 M   0.89740 0.03924 0.06071 0.00266 ( 1)
 214 T   0.72007 0.19630 0.06572 0.01792 ( 1)
 215 L   0.74284 0.17525 0.06627 0.01564 ( 1)
 216 T   0.02136 0.89558 0.00193 0.08112 ( 2)
 217 V   0.89906 0.03781 0.06058 0.00255 ( 1)
 218 L   0.73896 0.17913 0.06593 0.01599 ( 1)
 219 D   0.93399 0.01269 0.05261 0.00072 ( 1)
 220 I   0.58761 0.20877 0.14769 0.05592 ( 1)
 221 I   0.72926 0.21061 0.04664 0.01349 ( 1)
 222 A   0.57464 0.36092 0.03956 0.02488 ( 1)
 223 I   0.65990 0.28093 0.04148 0.01769 ( 1)
 224 F   0.92328 0.01970 0.05583 0.00119 ( 1)
 225 Q   0.40343 0.52404 0.03154 0.04099 ( 2)
 226 T   0.57404 0.36087 0.03995 0.02514 ( 1)


lnL = -3257.426885

Bayes Empirical Bayes (BEB) probabilities for 4 classes (class)
(amino acids refer to 1st sequence: BT_Cry40Aa1)

   1 S   0.23795 0.15161 0.38639 0.22406 ( 3)
   2 L   0.05095 0.33860 0.10665 0.50380 ( 4)
   3 G   0.00010 0.39029 0.00029 0.60933 ( 4)
   4 G   0.02694 0.36336 0.06674 0.54295 ( 4)
   5 I   0.05105 0.33954 0.12016 0.48925 ( 4)
   6 N   0.00054 0.38969 0.00156 0.60821 ( 4)
   7 T   0.00052 0.38996 0.00152 0.60799 ( 4)
   8 L   0.11314 0.27750 0.21619 0.39317 ( 4)
   9 F   0.00056 0.22421 0.04383 0.73140 ( 4)
  10 S   0.01677 0.37335 0.04252 0.56737 ( 4)
  11 I   0.05894 0.33168 0.13658 0.47279 ( 4)
  12 I   0.26856 0.12213 0.44605 0.16325 ( 3)
  13 G   0.00001 0.38994 0.00003 0.61002 ( 4)
  14 K   0.04669 0.34385 0.11086 0.49860 ( 4)
  15 L   0.32495 0.06473 0.51475 0.09557 ( 3)
  16 I   0.24793 0.14272 0.41768 0.19167 ( 3)
  17 P   0.33471 0.05521 0.52851 0.08158 ( 3)
  18 T   0.17320 0.21721 0.31082 0.29878 ( 3)
  19 N   0.03976 0.35061 0.09594 0.51369 ( 4)
  20 H   0.03590 0.35450 0.08732 0.52229 ( 4)
  21 Q   0.02273 0.36751 0.05684 0.55292 ( 4)
  22 S   0.00408 0.38628 0.01142 0.59822 ( 4)
  23 V   0.07422 0.31581 0.14987 0.46010 ( 4)
  24 S   0.02880 0.36164 0.07097 0.53859 ( 4)
  25 A   0.03247 0.35797 0.07944 0.53012 ( 4)
  26 L   0.36682 0.02363 0.57426 0.03529 ( 3)
  27 S   0.36662 0.02383 0.57396 0.03559 ( 3)
  28 I   0.38025 0.01048 0.59337 0.01590 ( 3)
  29 C   0.36328 0.02715 0.56912 0.04045 ( 3)
  30 D   0.38564 0.00530 0.60091 0.00815 ( 3)
  31 L   0.34961 0.04068 0.54940 0.06031 ( 3)
  32 L   0.01045 0.07664 0.75949 0.15342 ( 3)
  33 S   0.36499 0.02546 0.57157 0.03798 ( 3)
  34 I   0.38025 0.01048 0.59337 0.01590 ( 3)
  35 I   0.37899 0.01170 0.59159 0.01771 ( 3)
  36 R   0.33875 0.05145 0.53383 0.07597 ( 3)
  37 K   0.23785 0.15275 0.40376 0.20563 ( 3)
  38 E   0.34427 0.04595 0.54174 0.06804 ( 3)
  39 V   0.23263 0.15793 0.39650 0.21294 ( 3)
  40 A   0.01049 0.37948 0.02702 0.58301 ( 4)
  41 D   0.02748 0.36269 0.06804 0.54180 ( 4)
  42 S   0.20313 0.18667 0.35576 0.25444 ( 3)
  43 V   0.04450 0.34553 0.10641 0.50356 ( 4)
  44 L   0.34961 0.04068 0.54940 0.06031 ( 3)
  45 S   0.00892 0.38156 0.02468 0.58485 ( 4)
  46 D   0.00197 0.38799 0.00557 0.60446 ( 4)
  47 A   0.00126 0.38870 0.00356 0.60648 ( 4)
  48 I   0.00096 0.38954 0.00280 0.60670 ( 4)
  49 C   0.00064 0.38978 0.00187 0.60771 ( 4)
  50 R   0.02676 0.36404 0.06905 0.54014 ( 4)
  51 F   0.38250 0.00829 0.59659 0.01262 ( 3)
  52 L   0.15430 0.23525 0.25973 0.35071 ( 4)
  53 D   0.00043 0.23351 0.03750 0.72856 ( 4)
  54 G   0.36884 0.02164 0.57717 0.03235 ( 3)
  55 K   0.00445 0.38610 0.01242 0.59703 ( 4)
  56 L   0.01351 0.37694 0.03449 0.57506 ( 4)
  57 K   0.00037 0.39005 0.00108 0.60850 ( 4)
  58 N   0.00888 0.38155 0.02458 0.58499 ( 4)
  59 Y   0.21751 0.17299 0.37528 0.23422 ( 3)
  60 R   0.00001 0.36874 0.00009 0.63115 ( 4)
  61 E   0.00006 0.39072 0.00019 0.60903 ( 4)
  62 Y   0.37199 0.01855 0.58161 0.02785 ( 3)
  63 Y   0.37199 0.01855 0.58161 0.02785 ( 3)
  64 L   0.36682 0.02363 0.57426 0.03529 ( 3)
  65 P   0.00000 0.34796 0.00000 0.65204 ( 4)
  66 Y   0.03437 0.35607 0.08382 0.52573 ( 4)
  67 L   0.36682 0.02363 0.57426 0.03529 ( 3)
  68 E   0.00021 0.38995 0.00061 0.60924 ( 4)
  69 A   0.00003 0.39075 0.00008 0.60914 ( 4)
  70 W   0.27592 0.11399 0.44249 0.16760 ( 3)
  71 L   0.36682 0.02363 0.57426 0.03529 ( 3)
  72 K   0.00001 0.39038 0.00004 0.60956 ( 4)
  73 D   0.00045 0.39033 0.00128 0.60794 ( 4)
  74 G   0.00664 0.38388 0.01735 0.59213 ( 4)
  75 K   0.00065 0.38945 0.00189 0.60802 ( 4)
  76 P   0.33209 0.05746 0.52548 0.08497 ( 3)
  77 L   0.01447 0.37508 0.03692 0.57352 ( 4)
  78 Q   0.00754 0.38202 0.01962 0.59082 ( 4)
  79 K   0.00436 0.38519 0.01150 0.59895 ( 4)
  80 T   0.18600 0.20355 0.30852 0.30192 ( 3)
  81 N   0.01416 0.37661 0.03874 0.57048 ( 4)
  82 N   0.00023 0.38999 0.00068 0.60910 ( 4)
  83 S   0.00000 0.37569 0.00000 0.62431 ( 4)
  84 D   0.00001 0.39052 0.00004 0.60943 ( 4)
  85 I   0.14842 0.24198 0.27307 0.33653 ( 4)
  86 G   0.00000 0.39042 0.00000 0.60958 ( 4)
  87 Q   0.00138 0.38859 0.00401 0.60603 ( 4)
  88 L   0.19685 0.19370 0.34541 0.26404 ( 3)
  89 V   0.04850 0.34202 0.11482 0.49466 ( 4)
  90 K   0.00000 0.39053 0.00001 0.60946 ( 4)
  91 Y   0.00383 0.38611 0.01077 0.59929 ( 4)
  92 F   0.28681 0.10312 0.45842 0.15164 ( 3)
  93 E   0.00108 0.38915 0.00313 0.60664 ( 4)
  94 L   0.00000 0.39042 0.00000 0.60958 ( 4)
  95 S   0.00196 0.38784 0.00553 0.60468 ( 4)
  96 E   0.24137 0.14925 0.40861 0.20076 ( 3)
  97 R   0.00064 0.38990 0.00185 0.60762 ( 4)
  98 D   0.00144 0.38935 0.00416 0.60505 ( 4)
  99 F   0.29059 0.09935 0.46394 0.14613 ( 3)
 100 N   0.08226 0.30817 0.18242 0.42715 ( 4)
 101 E   0.00427 0.38626 0.01192 0.59755 ( 4)
 102 I   0.18522 0.20518 0.32858 0.28102 ( 3)
 103 L   0.11275 0.27749 0.21607 0.39369 ( 4)
 104 G   0.00009 0.39033 0.00026 0.60932 ( 4)
 105 G   0.30314 0.08685 0.48224 0.12776 ( 3)
 106 S   0.01542 0.37470 0.03922 0.57066 ( 4)
 107 L   0.34688 0.04342 0.54538 0.06433 ( 3)
 108 A   0.09162 0.29850 0.18053 0.42935 ( 4)
 109 R   0.03092 0.35941 0.07599 0.53368 ( 4)
 110 N   0.00003 0.38992 0.00009 0.60996 ( 4)
 111 N   0.17697 0.21361 0.31648 0.29293 ( 3)
 112 A   0.20607 0.18442 0.35901 0.25050 ( 3)
 113 Q   0.03029 0.36026 0.07446 0.53499 ( 4)
 114 I   0.22972 0.16096 0.39235 0.21697 ( 3)
 115 L   0.33269 0.05760 0.52465 0.08506 ( 3)
 116 L   0.34961 0.04068 0.54940 0.06031 ( 3)
 117 L   0.32507 0.06499 0.51403 0.09591 ( 3)
 118 P   0.35266 0.03764 0.55390 0.05581 ( 3)
 119 Y   0.02669 0.36330 0.06621 0.54381 ( 4)
 120 F   0.04815 0.34231 0.11412 0.49543 ( 4)
 121 C   0.00003 0.38998 0.00010 0.60989 ( 4)
 122 A   0.02542 0.36482 0.06324 0.54652 ( 4)
 123 S   0.00525 0.38519 0.01463 0.59493 ( 4)
 124 C   0.03664 0.35380 0.08885 0.52071 ( 4)
 125 K   0.31425 0.07664 0.50735 0.10176 ( 3)
 126 C   0.00026 0.38977 0.00075 0.60923 ( 4)
 127 Q   0.16107 0.22951 0.29230 0.31712 ( 4)
 128 L   0.34961 0.04068 0.54940 0.06031 ( 3)
 129 L   0.34961 0.04068 0.54940 0.06031 ( 3)
 130 L   0.33253 0.05764 0.52474 0.08509 ( 3)
 131 L   0.34961 0.04068 0.54940 0.06031 ( 3)
 132 R   0.31456 0.07551 0.49881 0.11113 ( 3)
 133 D   0.38260 0.00741 0.59862 0.01137 ( 3)
 134 A   0.01037 0.38006 0.02716 0.58241 ( 4)
 135 V   0.37528 0.01534 0.58628 0.02311 ( 3)
 136 Q   0.15641 0.23416 0.28531 0.32412 ( 4)
 137 Y   0.37199 0.01855 0.58161 0.02785 ( 3)
 138 E   0.23948 0.15113 0.40599 0.20341 ( 3)
 139 E   0.00009 0.39043 0.00026 0.60922 ( 4)
 140 Q   0.00099 0.38956 0.00287 0.60658 ( 4)
 141 W   0.27592 0.11399 0.44249 0.16760 ( 3)
 142 F   0.00016 0.39014 0.00046 0.60924 ( 4)
 143 P   0.00001 0.39010 0.00002 0.60987 ( 4)
 144 F   0.00036 0.38965 0.00106 0.60893 ( 4)
 145 L   0.01407 0.37627 0.03588 0.57378 ( 4)
 146 S   0.00170 0.38851 0.00479 0.60500 ( 4)
 147 A   0.00148 0.38840 0.00419 0.60592 ( 4)
 148 E   0.02171 0.36829 0.05445 0.55554 ( 4)
 149 N   0.01277 0.37766 0.03507 0.57450 ( 4)
 150 V   0.03312 0.35709 0.08100 0.52878 ( 4)
 151 R   0.03197 0.35800 0.07850 0.53153 ( 4)
 152 S   0.27787 0.11229 0.44486 0.16498 ( 3)
 153 E   0.22930 0.16069 0.39265 0.21736 ( 3)
 154 L   0.31996 0.06959 0.50763 0.10282 ( 3)
 155 I   0.36940 0.02015 0.58012 0.03033 ( 3)
 156 S   0.31118 0.07838 0.49483 0.11562 ( 3)
 157 P   0.33355 0.05601 0.52761 0.08284 ( 3)
 158 N   0.16931 0.22025 0.28295 0.32749 ( 4)
 159 S   0.18905 0.20051 0.31317 0.29727 ( 3)
 160 G   0.18544 0.20412 0.30766 0.30278 ( 3)
 161 C   0.18412 0.20543 0.30566 0.30478 ( 3)
 162 D   0.19977 0.18978 0.32942 0.28102 ( 3)
 163 F   0.19523 0.19433 0.32255 0.28790 ( 3)
 164 T   0.01578 0.37453 0.04013 0.56956 ( 4)
 165 G   0.00016 0.39024 0.00048 0.60911 ( 4)
 166 D   0.38564 0.00530 0.60091 0.00815 ( 3)
 167 Y   0.16762 0.22275 0.30241 0.30721 ( 4)
 168 Y   0.00039 0.38956 0.00115 0.60890 ( 4)
 169 E   0.01609 0.37407 0.04086 0.56897 ( 4)
 170 R   0.03227 0.35753 0.07076 0.53944 ( 4)
 171 L   0.12825 0.26200 0.24136 0.36839 ( 4)
 172 K   0.37688 0.01377 0.58857 0.02078 ( 3)
 173 C   0.00078 0.38921 0.00226 0.60776 ( 4)
 174 K   0.00626 0.38428 0.01739 0.59207 ( 4)
 175 I   0.00186 0.38874 0.00525 0.60415 ( 4)
 176 A   0.04255 0.34797 0.10202 0.50746 ( 4)
 177 E   0.00112 0.38904 0.00316 0.60668 ( 4)
 178 Y   0.22314 0.16736 0.38329 0.22620 ( 3)
 179 T   0.00120 0.38922 0.00338 0.60620 ( 4)
 180 D   0.01559 0.37519 0.04250 0.56672 ( 4)
 181 Y   0.04410 0.34635 0.10545 0.50409 ( 4)
 182 C   0.36589 0.02454 0.57294 0.03662 ( 3)
 183 E   0.00001 0.39047 0.00003 0.60948 ( 4)
 184 Y   0.00000 0.26028 0.00000 0.73972 ( 4)
 185 W   0.27592 0.11399 0.44249 0.16760 ( 3)
 186 Y   0.37199 0.01855 0.58161 0.02785 ( 3)
 187 Q   0.01050 0.37945 0.02707 0.58298 ( 4)
 188 A   0.00017 0.38996 0.00051 0.60936 ( 4)
 189 G   0.36884 0.02164 0.57717 0.03235 ( 3)
 190 L   0.34961 0.04068 0.54940 0.06031 ( 3)
 191 N   0.08882 0.30200 0.19425 0.41494 ( 4)
 192 Q   0.29801 0.09197 0.47474 0.13527 ( 3)
 193 I   0.38025 0.01048 0.59337 0.01590 ( 3)
 194 K   0.02856 0.30036 0.20531 0.46577 ( 4)
 195 Q   0.00166 0.38829 0.00468 0.60537 ( 4)
 196 A   0.00000 0.38998 0.00001 0.61000 ( 4)
 197 G   0.33387 0.05660 0.52606 0.08347 ( 3)
 198 T   0.04193 0.34849 0.10069 0.50889 ( 4)
 199 G   0.00712 0.38336 0.01978 0.58975 ( 4)
 200 A   0.00664 0.38015 0.01872 0.59449 ( 4)
 201 D   0.00066 0.38989 0.00191 0.60753 ( 4)
 202 T   0.00001 0.19870 0.00629 0.79500 ( 4)
 203 W   0.27592 0.11399 0.44249 0.16760 ( 3)
 204 A   0.00000 0.29984 0.00029 0.69987 ( 4)
 205 K   0.37688 0.01377 0.58857 0.02078 ( 3)
 206 F   0.38250 0.00829 0.59659 0.01262 ( 3)
 207 N   0.38523 0.00568 0.60036 0.00872 ( 3)
 208 K   0.37688 0.01377 0.58857 0.02078 ( 3)
 209 F   0.38096 0.00982 0.59429 0.01492 ( 3)
 210 R   0.33740 0.05279 0.53187 0.07794 ( 3)
 211 R   0.36132 0.02909 0.56629 0.04331 ( 3)
 212 E   0.37767 0.01300 0.58969 0.01964 ( 3)
 213 M   0.37384 0.01671 0.58435 0.02509 ( 3)
 214 T   0.30404 0.08598 0.48351 0.12647 ( 3)
 215 L   0.31343 0.07662 0.49714 0.11280 ( 3)
 216 T   0.01040 0.37959 0.02681 0.58320 ( 4)
 217 V   0.37452 0.01608 0.58520 0.02420 ( 3)
 218 L   0.31173 0.07832 0.49467 0.11527 ( 3)
 219 D   0.38564 0.00530 0.60091 0.00815 ( 3)
 220 I   0.26156 0.12452 0.44407 0.16985 ( 3)
 221 I   0.30071 0.08996 0.47713 0.13220 ( 3)
 222 A   0.21387 0.17662 0.37016 0.23934 ( 3)
 223 I   0.24931 0.14137 0.41952 0.18979 ( 3)
 224 F   0.38250 0.00829 0.59659 0.01262 ( 3)
 225 Q   0.14787 0.24237 0.27252 0.33723 ( 4)
 226 T   0.21376 0.17672 0.37006 0.23947 ( 3)

