Supplemental results for CODEML (seqf: algn  treef: tree)


dN/dS (w) for site classes (K=4)

site class             0        1       2a       2b
proportion       0.49474  0.35404  0.08815  0.06308
background w     0.14849  1.00000  0.14849  1.00000
foreground w     0.14849  1.00000 14.42110 14.42110

Naive Empirical Bayes (NEB) probabilities for 4 classes
(amino acids refer to 1st sequence: BT_Cry19Ba1)

   1 E   0.24612 0.55044 0.10028 0.10317 ( 2)
   2 -   0.49474 0.35404 0.08815 0.06308 ( 1)
   3 -   0.49474 0.35404 0.08815 0.06308 ( 1)
   4 V   0.14307 0.06926 0.73233 0.05534 ( 3)
   5 G   0.11476 0.01862 0.84835 0.01828 ( 3)
   6 P   0.02052 0.89211 0.00189 0.08549 ( 2)
   7 L   0.09201 0.10932 0.68665 0.11202 ( 3)
   8 L   0.90248 0.00739 0.08937 0.00076 ( 1)
   9 S   0.09475 0.00280 0.89861 0.00384 ( 3)
  10 W   0.20852 0.72295 0.01458 0.05395 ( 2)
  11 M   0.03971 0.15101 0.52097 0.28832 ( 3)
  12 V   0.00529 0.41568 0.04748 0.53155 ( 4)
  13 S   0.00042 0.03308 0.41350 0.55300 ( 4)
  14 L   0.19747 0.69087 0.02439 0.08727 ( 2)
  15 F   0.79314 0.12997 0.06559 0.01130 ( 1)
  16 W   0.79838 0.07955 0.11085 0.01121 ( 1)
  17 P   0.91201 0.00365 0.08400 0.00035 ( 1)
  18 T   0.02324 0.85739 0.00304 0.11633 ( 2)
  19 I   0.00122 0.91468 0.00011 0.08399 ( 2)
  20 -   0.71114 0.13764 0.12670 0.02452 ( 1)
  21 -   0.70020 0.14857 0.12476 0.02647 ( 1)
  22 -   0.64106 0.20772 0.11422 0.03701 ( 1)
  23 E   0.03422 0.86976 0.00351 0.09251 ( 2)
  24 E   0.00043 0.90099 0.00005 0.09853 ( 2)
  25 K   0.02192 0.89532 0.00189 0.08087 ( 2)
  26 N   0.92352 0.01767 0.05761 0.00119 ( 1)
  27 T   0.00051 0.04236 0.38737 0.56976 ( 4)
  28 V   0.88528 0.04727 0.06380 0.00364 ( 1)
  29 W   0.79838 0.07955 0.11085 0.01121 ( 1)
  30 E   0.48941 0.44072 0.03561 0.03426 ( 1)
  31 D   0.00552 0.61557 0.04762 0.33129 ( 2)
  32 M   0.01523 0.53356 0.09247 0.35873 ( 2)
  33 I   0.89592 0.03405 0.06733 0.00270 ( 1)
  34 K   0.92314 0.00951 0.06662 0.00073 ( 1)
  35 Y   0.03397 0.89077 0.00258 0.07269 ( 2)
  36 V   0.53313 0.29661 0.10826 0.06201 ( 1)
  37 A   0.79343 0.09448 0.09993 0.01216 ( 1)
  38 N   0.92616 0.01459 0.05826 0.00099 ( 1)
  39 L   0.85205 0.03793 0.10522 0.00479 ( 1)
  40 L   0.92930 0.00650 0.06373 0.00048 ( 1)
  41 K   0.00010 0.89316 0.00001 0.10673 ( 2)
  42 Q   0.06648 0.84302 0.00638 0.08412 ( 2)
  43 E   0.04402 0.18602 0.48540 0.28455 ( 3)
  44 L   0.15079 0.75636 0.01493 0.07792 ( 2)
  45 T   0.00042 0.89625 0.00005 0.10328 ( 2)
  46 N   0.00043 0.89883 0.00005 0.10069 ( 2)
  47 D   0.00065 0.93308 0.00004 0.06623 ( 2)
  48 T   0.16312 0.76506 0.01197 0.05985 ( 2)
  49 L   0.42610 0.48027 0.04320 0.05043 ( 2)
  50 N   0.00070 0.87516 0.00010 0.12404 ( 2)
  51 R   0.13623 0.77352 0.01307 0.07719 ( 2)
  52 A   0.92533 0.00183 0.07269 0.00015 ( 1)
  53 T   0.87060 0.01847 0.10857 0.00236 ( 1)
  54 S   0.00512 0.91350 0.00042 0.08096 ( 2)
  55 N   0.89744 0.04363 0.05599 0.00295 ( 1)
  56 L   0.86021 0.04951 0.08518 0.00510 ( 1)
  57 S   0.01888 0.85354 0.00273 0.12485 ( 2)
  58 G   0.73470 0.18523 0.06334 0.01673 ( 1)
  59 L   0.89110 0.01873 0.08824 0.00193 ( 1)
  60 N   0.00501 0.73859 0.00215 0.25425 ( 2)
  61 E   0.48300 0.33494 0.10340 0.07866 ( 1)
  62 S   0.09278 0.80822 0.00990 0.08910 ( 2)
  63 L   0.85929 0.03072 0.10612 0.00388 ( 1)
  64 N   0.00008 0.67902 0.00023 0.32068 ( 2)
  65 I   0.36200 0.54308 0.03713 0.05779 ( 2)
  66 Y   0.89293 0.00190 0.10494 0.00023 ( 1)
  67 N   0.88874 0.00995 0.10016 0.00115 ( 1)
  68 R   0.66222 0.22128 0.08692 0.02959 ( 1)
  69 A   0.44280 0.48077 0.03557 0.04085 ( 2)
  70 L   0.91332 0.01751 0.06779 0.00138 ( 1)
  71 A   0.89442 0.03267 0.07020 0.00271 ( 1)
  72 A   0.00066 0.42676 0.00588 0.56670 ( 4)
  73 W   0.79838 0.07955 0.11085 0.01121 ( 1)
  74 K   0.09113 0.83208 0.00709 0.06969 ( 2)
  75 Q   0.00001 0.92117 0.00000 0.07882 ( 2)
  76 -   0.49474 0.35404 0.08815 0.06308 ( 1)
  77 N   0.00940 0.86162 0.00138 0.12760 ( 2)
  78 K   0.00266 0.93403 0.00017 0.06314 ( 2)
  79 N   0.05789 0.86565 0.00455 0.07190 ( 2)
  80 N   0.00035 0.92415 0.00003 0.07547 ( 2)
  81 F   0.05436 0.79441 0.00969 0.14154 ( 2)
  82 A   0.05120 0.79758 0.00912 0.14211 ( 2)
  83 S   0.10541 0.74336 0.01878 0.13245 ( 2)
  84 -   0.49474 0.35404 0.08815 0.06308 ( 1)
  85 -   0.70541 0.14336 0.12568 0.02554 ( 1)
  86 G   0.79422 0.12116 0.07301 0.01161 ( 1)
  87 E   0.01893 0.27225 0.23636 0.47246 ( 4)
  88 L   0.01282 0.85981 0.00185 0.12552 ( 2)
  89 I   0.15372 0.77212 0.01169 0.06248 ( 2)
  90 R   0.86934 0.05809 0.06775 0.00482 ( 1)
  91 S   0.00020 0.92111 0.00002 0.07867 ( 2)
  92 Y   0.00859 0.91166 0.00071 0.07904 ( 2)
  93 I   0.92355 0.00653 0.06940 0.00052 ( 1)
  94 N   0.00151 0.89749 0.00016 0.10084 ( 2)
  95 D   0.18016 0.70229 0.02365 0.09390 ( 2)
  96 L   0.92192 0.00170 0.07624 0.00015 ( 1)
  97 H   0.93040 0.00246 0.06695 0.00019 ( 1)
  98 I   0.31546 0.59244 0.03125 0.06085 ( 2)
  99 L   0.00028 0.88663 0.00004 0.11305 ( 2)
 100 F   0.93414 0.00052 0.06530 0.00004 ( 1)
 101 T   0.00116 0.88690 0.00014 0.11180 ( 2)
 102 R   0.00001 0.88363 0.00000 0.11636 ( 2)
 103 D   0.07074 0.86595 0.00445 0.05886 ( 2)
 104 I   0.93198 0.00079 0.06717 0.00006 ( 1)
 105 Q   0.75198 0.18296 0.05157 0.01349 ( 1)
 106 S   0.00441 0.86660 0.00065 0.12834 ( 2)
 107 D   0.73959 0.14407 0.09708 0.01926 ( 1)
 108 F   0.86731 0.02401 0.10569 0.00299 ( 1)
 109 S   0.09282 0.79434 0.01157 0.10127 ( 2)
 110 L   0.31247 0.62036 0.02143 0.04574 ( 2)
 111 G   0.00007 0.91126 0.00001 0.08866 ( 2)
 112 G   0.00144 0.00432 0.94108 0.05316 ( 3)
 113 Y   0.92147 0.00266 0.07564 0.00023 ( 1)
 114 E   0.92060 0.01152 0.06698 0.00090 ( 1)
 115 T   0.00459 0.44741 0.03875 0.50925 ( 4)
 116 V   0.93107 0.00474 0.06385 0.00035 ( 1)
 117 L   0.90248 0.00739 0.08937 0.00076 ( 1)
 118 L   0.89981 0.01005 0.08910 0.00104 ( 1)
 119 P   0.91221 0.00360 0.08385 0.00034 ( 1)
 120 S   0.77630 0.09799 0.11145 0.01426 ( 1)
 121 Y   0.92109 0.00304 0.07561 0.00026 ( 1)
 122 A   0.81875 0.10648 0.06567 0.00910 ( 1)
 123 S   0.89132 0.04126 0.06424 0.00318 ( 1)
 124 A   0.78560 0.06124 0.14209 0.01107 ( 1)
 125 A   0.83109 0.04266 0.12001 0.00624 ( 1)
 126 N   0.93862 0.00264 0.05855 0.00018 ( 1)
 127 L   0.91441 0.02014 0.06394 0.00151 ( 1)
 128 H   0.93182 0.00105 0.06705 0.00008 ( 1)
 129 L   0.87642 0.01363 0.10823 0.00172 ( 1)
 130 L   0.81334 0.11516 0.06216 0.00934 ( 1)
 131 L   0.89834 0.01138 0.08911 0.00118 ( 1)
 132 L   0.89773 0.01213 0.08890 0.00125 ( 1)
 133 R   0.89093 0.01888 0.08825 0.00194 ( 1)
 134 D   0.89561 0.00153 0.10268 0.00018 ( 1)
 135 V   0.92325 0.00948 0.06654 0.00073 ( 1)
 136 A   0.12375 0.80470 0.00900 0.06254 ( 2)
 137 I   0.92409 0.00865 0.06660 0.00067 ( 1)
 138 Y   0.86801 0.05589 0.07125 0.00484 ( 1)
 139 G   0.91744 0.00318 0.07909 0.00029 ( 1)
 140 K   0.31345 0.60559 0.02634 0.05462 ( 2)
 141 E   0.05131 0.32976 0.33342 0.28550 ( 3)
 142 -   0.57737 0.35282 0.04188 0.02793 ( 1)
 143 -   0.51653 0.35729 0.07417 0.05202 ( 1)
 144 -   0.55621 0.35791 0.05128 0.03460 ( 1)
 145 -   0.57654 0.35322 0.04214 0.02810 ( 1)
 146 -   0.56638 0.35680 0.04607 0.03075 ( 1)
 147 -   0.57737 0.35282 0.04188 0.02793 ( 1)
 148 -   0.58746 0.35087 0.03715 0.02451 ( 1)
 149 -   0.51464 0.35713 0.07532 0.05291 ( 1)
 150 L   0.86194 0.01209 0.12420 0.00177 ( 1)
 151 G   0.87191 0.06060 0.06282 0.00468 ( 1)
 152 Y   0.92504 0.00959 0.06466 0.00072 ( 1)
 153 P   0.00002 0.57200 0.00008 0.42790 ( 2)
 154 S   0.00248 0.90883 0.00023 0.08846 ( 2)
 155 T   0.00006 0.92818 0.00000 0.07175 ( 2)
 156 D   0.00319 0.89145 0.00037 0.10500 ( 2)
 157 V   0.80187 0.10141 0.08555 0.01118 ( 1)
 158 E   0.00521 0.92863 0.00034 0.06582 ( 2)
 159 F   0.03480 0.89591 0.00243 0.06686 ( 2)
 160 Y   0.92233 0.00181 0.07571 0.00016 ( 1)
 161 Y   0.87158 0.06936 0.05437 0.00468 ( 1)
 162 N   0.00251 0.91542 0.00021 0.08185 ( 2)
 163 E   0.93007 0.00209 0.06767 0.00016 ( 1)
 164 Q   0.54598 0.35648 0.05825 0.03929 ( 1)
 165 K   0.32585 0.57641 0.03456 0.06317 ( 2)
 166 Y   0.00000 0.92247 0.00000 0.07753 ( 2)
 167 Y   0.91272 0.01137 0.07492 0.00099 ( 1)
 168 T   0.74617 0.15631 0.08018 0.01735 ( 1)
 169 E   0.12984 0.79623 0.00976 0.06418 ( 2)
 170 K   0.00081 0.87109 0.00012 0.12799 ( 2)
 171 Y   0.91127 0.01282 0.07480 0.00111 ( 1)
 172 S   0.82225 0.06671 0.10254 0.00850 ( 1)
 173 N   0.74099 0.19933 0.04623 0.01346 ( 1)
 174 Y   0.66582 0.26392 0.04943 0.02083 ( 1)
 175 C   0.86424 0.00869 0.12579 0.00128 ( 1)
 176 V   0.48233 0.42437 0.04880 0.04451 ( 1)
 177 N   0.25471 0.67994 0.01690 0.04845 ( 2)
 178 T   0.85185 0.07626 0.06567 0.00622 ( 1)
 179 Y   0.76452 0.10832 0.11120 0.01595 ( 1)
 180 K   0.14645 0.00315 0.84812 0.00229 ( 3)
 181 S   0.01002 0.91829 0.00072 0.07097 ( 2)
 182 G   0.59384 0.32978 0.04822 0.02816 ( 1)
 183 L   0.86995 0.02008 0.10743 0.00254 ( 1)
 184 E   0.22126 0.65151 0.03195 0.09528 ( 2)
 185 S   0.22524 0.67941 0.02310 0.07225 ( 2)
 186 K   0.48174 0.44837 0.03505 0.03484 ( 1)
 187 K   0.93150 0.00118 0.06722 0.00009 ( 1)
 188 Q   0.33471 0.59471 0.02435 0.04623 ( 2)
 189 I   0.92615 0.00651 0.06684 0.00050 ( 1)
 190 G   0.81866 0.10435 0.06791 0.00908 ( 1)
 191 W   0.79838 0.07955 0.11085 0.01121 ( 1)
 192 S   0.02190 0.86643 0.00269 0.10898 ( 2)
 193 D   0.00942 0.90238 0.00087 0.08733 ( 2)
 194 F   0.86968 0.02164 0.10598 0.00270 ( 1)
 195 N   0.92826 0.00459 0.06680 0.00035 ( 1)
 196 R   0.45892 0.43199 0.05554 0.05355 ( 1)
 197 Y   0.92233 0.00181 0.07571 0.00016 ( 1)
 198 R   0.90319 0.00666 0.08946 0.00068 ( 1)
 199 R   0.92266 0.00340 0.07366 0.00029 ( 1)
 200 E   0.00610 0.91737 0.00046 0.07608 ( 2)
 201 M   0.92936 0.00075 0.06984 0.00006 ( 1)
 202 T   0.92576 0.00266 0.07137 0.00022 ( 1)
 203 L   0.85728 0.03272 0.10587 0.00413 ( 1)
 204 S   0.22734 0.69702 0.01784 0.05780 ( 2)
 205 V   0.92011 0.00919 0.06996 0.00074 ( 1)
 206 L   0.90149 0.00837 0.08927 0.00086 ( 1)
 207 D   0.94054 0.00028 0.05916 0.00002 ( 1)
 208 I   0.56071 0.37331 0.03845 0.02752 ( 1)
 209 V   0.91776 0.01494 0.06614 0.00115 ( 1)
 210 A   0.91458 0.01254 0.07185 0.00104 ( 1)
 211 L   0.09635 0.00658 0.88935 0.00772 ( 3)
 212 F   0.88067 0.01068 0.10732 0.00133 ( 1)
 213 P   0.91201 0.00365 0.08400 0.00035 ( 1)
 214 L   0.04790 0.82274 0.00703 0.12232 ( 2)


lnL = -3768.669352

Bayes Empirical Bayes (BEB) probabilities for 4 classes (class)
(amino acids refer to 1st sequence: BT_Cry19Ba1)

   1 E   0.21148 0.46656 0.14481 0.17715 ( 2)
   2 -   0.42314 0.30475 0.15872 0.11340 ( 1)
   3 -   0.42314 0.30475 0.15872 0.11340 ( 1)
   4 V   0.11701 0.05657 0.76571 0.06072 ( 3)
   5 G   0.09033 0.01478 0.87540 0.01948 ( 3)
   6 P   0.01829 0.76011 0.00505 0.21654 ( 2)
   7 L   0.07287 0.08605 0.72175 0.11933 ( 3)
   8 L   0.77333 0.00650 0.21828 0.00189 ( 1)
   9 S   0.08062 0.00242 0.91296 0.00400 ( 3)
  10 W   0.18294 0.61718 0.04385 0.15603 ( 2)
  11 M   0.03819 0.14398 0.52633 0.29149 ( 3)
  12 V   0.00473 0.35466 0.05427 0.58634 ( 4)
  13 S   0.00073 0.05560 0.40133 0.54234 ( 4)
  14 L   0.17179 0.58583 0.05440 0.18798 ( 2)
  15 F   0.68045 0.11192 0.17725 0.03038 ( 1)
  16 W   0.68097 0.06913 0.22671 0.02319 ( 1)
  17 P   0.78147 0.00321 0.21441 0.00091 ( 1)
  18 T   0.02099 0.73773 0.00650 0.23479 ( 2)
  19 I   0.00111 0.78070 0.00030 0.21789 ( 2)
  20 -   0.60826 0.11963 0.22767 0.04445 ( 1)
  21 -   0.59885 0.12903 0.22417 0.04794 ( 1)
  22 -   0.54805 0.17984 0.20527 0.06685 ( 1)
  23 E   0.03039 0.74088 0.00879 0.21994 ( 2)
  24 E   0.00040 0.76865 0.00012 0.23084 ( 2)
  25 K   0.01963 0.76347 0.00525 0.21165 ( 2)
  26 N   0.80086 0.01560 0.17979 0.00374 ( 1)
  27 T   0.00079 0.06312 0.37797 0.55812 ( 4)
  28 V   0.76429 0.04117 0.18406 0.01048 ( 1)
  29 W   0.68097 0.06913 0.22671 0.02319 ( 1)
  30 E   0.42422 0.37656 0.10286 0.09636 ( 1)
  31 D   0.00556 0.58571 0.03199 0.37674 ( 2)
  32 M   0.01392 0.46917 0.09776 0.41915 ( 2)
  33 I   0.77034 0.02955 0.19239 0.00773 ( 1)
  34 K   0.79757 0.00837 0.19192 0.00213 ( 1)
  35 Y   0.03052 0.76234 0.00757 0.19957 ( 2)
  36 V   0.45167 0.24873 0.19331 0.10628 ( 1)
  37 A   0.67698 0.08158 0.21516 0.02629 ( 1)
  38 N   0.80278 0.01280 0.18134 0.00309 ( 1)
  39 L   0.72732 0.03309 0.22901 0.01058 ( 1)
  40 L   0.80427 0.00574 0.18856 0.00143 ( 1)
  41 K   0.00009 0.76099 0.00003 0.23888 ( 2)
  42 Q   0.05884 0.71707 0.01654 0.20756 ( 2)
  43 E   0.04005 0.16562 0.50189 0.29243 ( 3)
  44 L   0.13199 0.64275 0.03746 0.18780 ( 2)
  45 T   0.00038 0.76381 0.00012 0.23569 ( 2)
  46 N   0.00039 0.76600 0.00012 0.23349 ( 2)
  47 D   0.00060 0.80263 0.00014 0.19664 ( 2)
  48 T   0.14428 0.65367 0.03498 0.16706 ( 2)
  49 L   0.36723 0.40774 0.10513 0.11990 ( 2)
  50 N   0.00064 0.74783 0.00021 0.25132 ( 2)
  51 R   0.11930 0.65708 0.03352 0.19010 ( 2)
  52 A   0.79625 0.00162 0.20170 0.00043 ( 1)
  53 T   0.74354 0.01616 0.23511 0.00519 ( 1)
  54 S   0.00461 0.78069 0.00120 0.21350 ( 2)
  55 N   0.77798 0.03818 0.17467 0.00917 ( 1)
  56 L   0.73653 0.04301 0.20794 0.01253 ( 1)
  57 S   0.01683 0.72793 0.00575 0.24949 ( 2)
  58 G   0.62972 0.15890 0.16749 0.04389 ( 1)
  59 L   0.76331 0.01644 0.21546 0.00479 ( 1)
  60 N   0.00449 0.62811 0.00321 0.36419 ( 2)
  61 E   0.40997 0.28093 0.18044 0.12866 ( 1)
  62 S   0.08154 0.68679 0.02409 0.20758 ( 2)
  63 L   0.73363 0.02681 0.23098 0.00857 ( 1)
  64 N   0.00007 0.61087 0.00021 0.38885 ( 2)
  65 I   0.31276 0.46060 0.09019 0.13645 ( 2)
  66 Y   0.76436 0.00167 0.23345 0.00052 ( 1)
  67 N   0.75935 0.00872 0.22924 0.00269 ( 1)
  68 R   0.56525 0.18912 0.18357 0.06206 ( 1)
  69 A   0.38306 0.40910 0.09820 0.10964 ( 2)
  70 L   0.78768 0.01536 0.19299 0.00397 ( 1)
  71 A   0.76912 0.02850 0.19482 0.00756 ( 1)
  72 A   0.00062 0.37285 0.00673 0.61980 ( 4)
  73 W   0.68097 0.06913 0.22671 0.02319 ( 1)
  74 K   0.08086 0.71122 0.02021 0.18771 ( 2)
  75 Q   0.00001 0.78768 0.00000 0.21231 ( 2)
  76 -   0.42314 0.30475 0.15872 0.11340 ( 1)
  77 N   0.00845 0.73521 0.00291 0.25344 ( 2)
  78 K   0.00244 0.80370 0.00055 0.19332 ( 2)
  79 N   0.05144 0.73882 0.01310 0.19663 ( 2)
  80 N   0.00032 0.79077 0.00008 0.20883 ( 2)
  81 F   0.04817 0.67971 0.01816 0.25396 ( 2)
  82 A   0.04531 0.68258 0.01708 0.25504 ( 2)
  83 S   0.09280 0.63508 0.03496 0.23715 ( 2)
  84 -   0.42314 0.30475 0.15872 0.11340 ( 1)
  85 -   0.60333 0.12455 0.22584 0.04628 ( 1)
  86 G   0.67975 0.10414 0.18656 0.02955 ( 1)
  87 E   0.01829 0.25455 0.24361 0.48356 ( 4)
  88 L   0.01144 0.73346 0.00390 0.25120 ( 2)
  89 I   0.13572 0.65858 0.03373 0.17197 ( 2)
  90 R   0.74935 0.05077 0.18657 0.01331 ( 1)
  91 S   0.00018 0.78673 0.00005 0.21304 ( 2)
  92 Y   0.00775 0.77958 0.00201 0.21066 ( 2)
  93 I   0.79440 0.00573 0.19838 0.00150 ( 1)
  94 N   0.00137 0.76491 0.00041 0.23332 ( 2)
  95 D   0.15691 0.59574 0.05119 0.19616 ( 2)
  96 L   0.79193 0.00150 0.20617 0.00041 ( 1)
  97 H   0.80180 0.00218 0.19546 0.00056 ( 1)
  98 I   0.27150 0.50330 0.07754 0.14766 ( 2)
  99 L   0.00026 0.75578 0.00008 0.24388 ( 2)
 100 F   0.80675 0.00047 0.19266 0.00012 ( 1)
 101 T   0.00104 0.75607 0.00033 0.24256 ( 2)
 102 R   0.00001 0.75328 0.00000 0.24671 ( 2)
 103 D   0.06349 0.74272 0.01440 0.17940 ( 2)
 104 I   0.80522 0.00071 0.19389 0.00018 ( 1)
 105 Q   0.64960 0.15853 0.15238 0.03949 ( 1)
 106 S   0.00397 0.73967 0.00137 0.25499 ( 2)
 107 D   0.63119 0.12345 0.20486 0.04050 ( 1)
 108 F   0.74047 0.02098 0.23188 0.00667 ( 1)
 109 S   0.08136 0.67508 0.02590 0.21765 ( 2)
 110 L   0.27296 0.53059 0.06417 0.13228 ( 2)
 111 G   0.00006 0.77721 0.00002 0.22271 ( 2)
 112 G   0.00215 0.00641 0.93676 0.05467 ( 3)
 113 Y   0.79290 0.00236 0.20411 0.00063 ( 1)
 114 E   0.79489 0.01014 0.19238 0.00259 ( 1)
 115 T   0.00406 0.37706 0.04501 0.57386 ( 4)
 116 V   0.80584 0.00419 0.18893 0.00104 ( 1)
 117 L   0.77333 0.00650 0.21828 0.00189 ( 1)
 118 L   0.77098 0.00883 0.21762 0.00257 ( 1)
 119 P   0.78156 0.00317 0.21437 0.00090 ( 1)
 120 S   0.66261 0.08461 0.22401 0.02877 ( 1)
 121 Y   0.79256 0.00269 0.20402 0.00072 ( 1)
 122 A   0.70348 0.09193 0.17991 0.02468 ( 1)
 123 S   0.76958 0.03594 0.18533 0.00915 ( 1)
 124 A   0.67248 0.05318 0.25439 0.01995 ( 1)
 125 A   0.70965 0.03720 0.24047 0.01268 ( 1)
 126 N   0.81429 0.00235 0.18280 0.00056 ( 1)
 127 L   0.78932 0.01768 0.18854 0.00447 ( 1)
 128 H   0.80306 0.00093 0.19577 0.00024 ( 1)
 129 L   0.74859 0.01193 0.23567 0.00381 ( 1)
 130 L   0.69820 0.09993 0.17553 0.02634 ( 1)
 131 L   0.76973 0.01000 0.21736 0.00291 ( 1)
 132 L   0.76915 0.01065 0.21710 0.00310 ( 1)
 133 R   0.76192 0.01653 0.21672 0.00484 ( 1)
 134 D   0.76533 0.00135 0.23290 0.00042 ( 1)
 135 V   0.79748 0.00835 0.19204 0.00213 ( 1)
 136 A   0.10957 0.68760 0.02663 0.17620 ( 2)
 137 I   0.79822 0.00762 0.19221 0.00194 ( 1)
 138 Y   0.74604 0.04874 0.19209 0.01313 ( 1)
 139 G   0.78722 0.00281 0.20919 0.00078 ( 1)
 140 K   0.27213 0.51396 0.07173 0.14218 ( 2)
 141 E   0.04099 0.25678 0.38042 0.32181 ( 3)
 142 -   0.49619 0.30541 0.11982 0.07858 ( 1)
 143 -   0.44008 0.30642 0.14913 0.10437 ( 1)
 144 -   0.47447 0.30744 0.13052 0.08757 ( 1)
 145 -   0.49522 0.30560 0.12026 0.07893 ( 1)
 146 -   0.48410 0.30713 0.12554 0.08324 ( 1)
 147 -   0.49619 0.30541 0.11982 0.07858 ( 1)
 148 -   0.50634 0.30465 0.11475 0.07426 ( 1)
 149 -   0.43853 0.30632 0.14999 0.10516 ( 1)
 150 L   0.73652 0.01060 0.24928 0.00361 ( 1)
 151 G   0.75350 0.05273 0.18040 0.01337 ( 1)
 152 Y   0.79869 0.00844 0.19074 0.00213 ( 1)
 153 P   0.00001 0.45879 0.00011 0.54108 ( 4)
 154 S   0.00224 0.77506 0.00062 0.22208 ( 2)
 155 T   0.00006 0.79651 0.00001 0.20342 ( 2)
 156 D   0.00287 0.75935 0.00088 0.23690 ( 2)
 157 V   0.68485 0.08762 0.20116 0.02637 ( 1)
 158 E   0.00475 0.79830 0.00110 0.19585 ( 2)
 159 F   0.03128 0.76711 0.00751 0.19410 ( 2)
 160 Y   0.79366 0.00160 0.20431 0.00043 ( 1)
 161 Y   0.75535 0.06053 0.16959 0.01453 ( 1)
 162 N   0.00227 0.78125 0.00060 0.21588 ( 2)
 163 E   0.80326 0.00186 0.19440 0.00048 ( 1)
 164 Q   0.46750 0.30349 0.13757 0.09144 ( 1)
 165 K   0.28121 0.48890 0.08271 0.14719 ( 2)
 166 Y   0.00000 0.79088 0.00000 0.20912 ( 2)
 167 Y   0.78521 0.00997 0.20214 0.00269 ( 1)
 168 T   0.63762 0.13390 0.18804 0.04044 ( 1)
 169 E   0.11492 0.68006 0.02830 0.17672 ( 2)
 170 K   0.00073 0.74360 0.00025 0.25541 ( 2)
 171 Y   0.78394 0.01123 0.20181 0.00302 ( 1)
 172 S   0.70177 0.05772 0.22198 0.01852 ( 1)
 173 N   0.64251 0.17193 0.14431 0.04125 ( 1)
 174 Y   0.57390 0.22555 0.14194 0.05862 ( 1)
 175 C   0.73856 0.00761 0.25122 0.00260 ( 1)
 176 V   0.41527 0.36022 0.11868 0.10583 ( 1)
 177 N   0.22437 0.58101 0.05193 0.14270 ( 2)
 178 T   0.73236 0.06639 0.18378 0.01747 ( 1)
 179 Y   0.65209 0.09399 0.22179 0.03212 ( 1)
 180 K   0.10626 0.00232 0.88892 0.00251 ( 3)
 181 S   0.00905 0.78764 0.00219 0.20112 ( 2)
 182 G   0.51114 0.28067 0.13244 0.07576 ( 1)
 183 L   0.74293 0.01756 0.23390 0.00561 ( 1)
 184 E   0.19325 0.55206 0.06585 0.18884 ( 2)
 185 S   0.19597 0.57655 0.05657 0.17090 ( 2)
 186 K   0.41776 0.38296 0.10130 0.09798 ( 1)
 187 K   0.80498 0.00105 0.19370 0.00027 ( 1)
 188 Q   0.29172 0.50755 0.07080 0.12993 ( 2)
 189 I   0.80023 0.00575 0.19256 0.00146 ( 1)
 190 G   0.70217 0.08992 0.18346 0.02445 ( 1)
 191 W   0.68097 0.06913 0.22671 0.02319 ( 1)
 192 S   0.01948 0.73790 0.00616 0.23646 ( 2)
 193 D   0.00846 0.76916 0.00235 0.22004 ( 2)
 194 F   0.74255 0.01891 0.23252 0.00601 ( 1)
 195 N   0.79991 0.00404 0.19501 0.00104 ( 1)
 196 R   0.39342 0.36690 0.12312 0.11656 ( 1)
 197 Y   0.79366 0.00160 0.20431 0.00043 ( 1)
 198 R   0.77267 0.00585 0.21976 0.00171 ( 1)
 199 R   0.79295 0.00300 0.20324 0.00080 ( 1)
 200 E   0.00553 0.78596 0.00136 0.20715 ( 2)
 201 M   0.79952 0.00066 0.19965 0.00017 ( 1)
 202 T   0.79707 0.00235 0.19996 0.00062 ( 1)
 203 L   0.73188 0.02855 0.23044 0.00913 ( 1)
 204 S   0.19842 0.59342 0.05046 0.15770 ( 2)
 205 V   0.79346 0.00808 0.19636 0.00211 ( 1)
 206 L   0.77246 0.00736 0.21803 0.00214 ( 1)
 207 D   0.81549 0.00025 0.18420 0.00006 ( 1)
 208 I   0.48621 0.31994 0.11415 0.07971 ( 1)
 209 V   0.79264 0.01315 0.19087 0.00335 ( 1)
 210 A   0.78679 0.01098 0.19931 0.00291 ( 1)
 211 L   0.08232 0.00572 0.90375 0.00820 ( 3)
 212 F   0.75215 0.00936 0.23551 0.00298 ( 1)
 213 P   0.78147 0.00321 0.21441 0.00091 ( 1)
 214 L   0.04222 0.70123 0.01453 0.24203 ( 2)

