Supplemental results for CODEML (seqf: algn  treef: tree)


dN/dS (w) for site classes (K=4)

site class             0        1       2a       2b
proportion       0.00000  0.00000  0.77519  0.22481
background w     0.02617  0.69975  0.02617  0.69975
foreground w     0.02617  0.69975  0.06279  0.06279

Naive Empirical Bayes (NEB) probabilities for 4 classes
(amino acids refer to 1st sequence: BT_Cry32Ma1)

   1 -   0.00000 0.00000 0.79888 0.20112 ( 3)
   2 -   0.00000 0.00000 0.77519 0.22481 ( 3)
   3 L   0.00000 0.00000 0.67028 0.32972 ( 3)
   4 G   0.00000 0.00000 0.99515 0.00485 ( 3)
   5 R   0.00000 0.00000 0.01466 0.98534 ( 4)
   6 A   0.00000 0.00000 0.90644 0.09356 ( 3)
   7 A   0.00000 0.00000 0.99346 0.00654 ( 3)
   8 G   0.00000 0.00000 0.96417 0.03583 ( 3)
   9 L   0.00000 0.00000 0.34270 0.65730 ( 4)
  10 I   0.00000 0.00000 0.64802 0.35198 ( 3)
  11 N   0.00000 0.00000 0.94471 0.05529 ( 3)
  12 I   0.00000 0.00000 0.02090 0.97910 ( 4)
  13 I   0.00000 0.00000 0.99510 0.00490 ( 3)
  14 F   0.00000 0.00000 0.95347 0.04653 ( 3)
  15 G   0.00000 0.00000 0.99643 0.00357 ( 3)
  16 F   0.00000 0.00000 0.71932 0.28068 ( 3)
  17 L   0.00000 0.00000 0.98321 0.01679 ( 3)
  18 W   0.00000 0.00000 0.99862 0.00138 ( 3)
  19 G   0.00000 0.00000 0.00664 0.99336 ( 4)
  20 T   0.00000 0.00000 0.07716 0.92284 ( 4)
  21 L   0.00000 0.00000 0.08214 0.91786 ( 4)
  22 A   0.00000 0.00000 0.34018 0.65982 ( 4)
  23 G   0.00000 0.00000 0.02381 0.97619 ( 4)
  24 -   0.00000 0.00000 0.83862 0.16138 ( 3)
  25 -   0.00000 0.00000 0.81529 0.18471 ( 3)
  26 Q   0.00000 0.00000 0.65417 0.34583 ( 3)
  27 S   0.00000 0.00000 0.03063 0.96937 ( 4)
  28 V   0.00000 0.00000 0.03552 0.96448 ( 4)
  29 W   0.00000 0.00000 0.99862 0.00138 ( 3)
  30 E   0.00000 0.00000 0.88497 0.11503 ( 3)
  31 K   0.00000 0.00000 0.00795 0.99205 ( 4)
  32 F   0.00000 0.00000 0.93872 0.06128 ( 3)
  33 M   0.00000 0.00000 0.99906 0.00094 ( 3)
  34 R   0.00000 0.00000 0.02615 0.97385 ( 4)
  35 A   0.00000 0.00000 0.72804 0.27196 ( 3)
  36 V   0.00000 0.00000 0.99275 0.00725 ( 3)
  37 E   0.00000 0.00000 0.99375 0.00625 ( 3)
  38 S   0.00000 0.00000 0.30614 0.69386 ( 4)
  39 L   0.00000 0.00000 0.98830 0.01170 ( 3)
  40 V   0.00000 0.00000 0.96858 0.03142 ( 3)
  41 N   0.00000 0.00000 0.54796 0.45204 ( 3)
  42 Q   0.00000 0.00000 0.99695 0.00305 ( 3)
  43 K   0.00000 0.00000 0.99644 0.00356 ( 3)
  44 I   0.00000 0.00000 0.99502 0.00498 ( 3)
  45 T   0.00000 0.00000 0.99524 0.00476 ( 3)
  46 D   0.00000 0.00000 0.99611 0.00389 ( 3)
  47 A   0.00000 0.00000 0.95719 0.04281 ( 3)
  48 V   0.00000 0.00000 0.98541 0.01459 ( 3)
  49 R   0.00000 0.00000 0.99698 0.00302 ( 3)
  50 V   0.00000 0.00000 0.00059 0.99941 ( 4)
  51 K   0.00000 0.00000 0.25959 0.74041 ( 4)
  52 A   0.00000 0.00000 0.98892 0.01108 ( 3)
  53 L   0.00000 0.00000 0.14509 0.85491 ( 4)
  54 S   0.00000 0.00000 0.88503 0.11497 ( 3)
  55 E   0.00000 0.00000 0.00848 0.99152 ( 4)
  56 L   0.00000 0.00000 0.99057 0.00943 ( 3)
  57 E   0.00000 0.00000 0.96975 0.03025 ( 3)
  58 G   0.00000 0.00000 0.99250 0.00750 ( 3)
  59 V   0.00000 0.00000 0.95939 0.04061 ( 3)
  60 Q   0.00000 0.00000 0.81343 0.18657 ( 3)
  61 N   0.00000 0.00000 0.01230 0.98770 ( 4)
  62 A   0.00000 0.00000 0.95199 0.04801 ( 3)
  63 L   0.00000 0.00000 0.98900 0.01100 ( 3)
  64 E   0.00000 0.00000 0.97750 0.02250 ( 3)
  65 L   0.00000 0.00000 0.88361 0.11639 ( 3)
  66 Y   0.00000 0.00000 0.99701 0.00299 ( 3)
  67 Q   0.00000 0.00000 0.99576 0.00424 ( 3)
  68 E   0.00000 0.00000 0.98604 0.01396 ( 3)
  69 A   0.00000 0.00000 0.95786 0.04214 ( 3)
  70 A   0.00000 0.00000 0.78888 0.21112 ( 3)
  71 D   0.00000 0.00000 0.25611 0.74389 ( 4)
  72 D   0.00000 0.00000 0.99141 0.00859 ( 3)
  73 W   0.00000 0.00000 0.99862 0.00138 ( 3)
  74 N   0.00000 0.00000 0.59262 0.40738 ( 3)
  75 E   0.00000 0.00000 0.06155 0.93845 ( 4)
  76 N   0.00000 0.00000 0.92241 0.07759 ( 3)
  77 P   0.00000 0.00000 0.90990 0.09010 ( 3)
  78 T   0.00000 0.00000 0.64351 0.35649 ( 3)
  79 D   0.00000 0.00000 0.99675 0.00325 ( 3)
  80 V   0.00000 0.00000 0.97381 0.02619 ( 3)
  81 S   0.00000 0.00000 0.00272 0.99728 ( 4)
  82 N   0.00000 0.00000 0.04053 0.95947 ( 4)
  83 K   0.00000 0.00000 0.98556 0.01444 ( 3)
  84 E   0.00000 0.00000 0.77251 0.22749 ( 3)
  85 R   0.00000 0.00000 0.46476 0.53524 ( 4)
  86 V   0.00000 0.00000 0.82636 0.17364 ( 3)
  87 R   0.00000 0.00000 0.82291 0.17709 ( 3)
  88 R   0.00000 0.00000 0.94510 0.05490 ( 3)
  89 Q   0.00000 0.00000 0.99569 0.00431 ( 3)
  90 F   0.00000 0.00000 0.97997 0.02003 ( 3)
  91 T   0.00000 0.00000 0.96190 0.03810 ( 3)
  92 S   0.00000 0.00000 0.94296 0.05704 ( 3)
  93 T   0.00000 0.00000 0.78148 0.21852 ( 3)
  94 N   0.00000 0.00000 0.96151 0.03849 ( 3)
  95 T   0.00000 0.00000 0.84881 0.15119 ( 3)
  96 T   0.00000 0.00000 0.03883 0.96117 ( 4)
  97 I   0.00000 0.00000 0.93725 0.06275 ( 3)
  98 E   0.00000 0.00000 0.94658 0.05342 ( 3)
  99 Y   0.00000 0.00000 0.56259 0.43741 ( 3)
 100 A   0.00000 0.00000 0.86928 0.13072 ( 3)
 101 M   0.00000 0.00000 0.99072 0.00928 ( 3)
 102 P   0.00000 0.00000 0.99662 0.00338 ( 3)
 103 S   0.00000 0.00000 0.99363 0.00637 ( 3)
 104 F   0.00000 0.00000 0.99797 0.00203 ( 3)
 105 R   0.00000 0.00000 0.53236 0.46764 ( 3)
 106 V   0.00000 0.00000 0.97665 0.02335 ( 3)
 107 P   0.00000 0.00000 0.00061 0.99939 ( 4)
 108 T   0.00000 0.00000 0.04704 0.95296 ( 4)
 109 F   0.00000 0.00000 0.70348 0.29652 ( 3)
 110 E   0.00000 0.00000 0.99358 0.00642 ( 3)
 111 V   0.00000 0.00000 0.99165 0.00835 ( 3)
 112 P   0.00000 0.00000 0.99142 0.00858 ( 3)
 113 L   0.00000 0.00000 0.98807 0.01193 ( 3)
 114 L   0.00000 0.00000 0.99063 0.00937 ( 3)
 115 T   0.00000 0.00000 0.93836 0.06164 ( 3)
 116 V   0.00000 0.00000 0.04644 0.95356 ( 4)
 117 Y   0.00000 0.00000 0.28349 0.71651 ( 4)
 118 A   0.00000 0.00000 0.98734 0.01266 ( 3)
 119 Q   0.00000 0.00000 0.99695 0.00305 ( 3)
 120 A   0.00000 0.00000 0.99037 0.00963 ( 3)
 121 A   0.00000 0.00000 0.99332 0.00668 ( 3)
 122 N   0.00000 0.00000 0.99548 0.00452 ( 3)
 123 L   0.00000 0.00000 0.98206 0.01794 ( 3)
 124 H   0.00000 0.00000 0.99827 0.00173 ( 3)
 125 L   0.00000 0.00000 0.99078 0.00922 ( 3)
 126 Q   0.00000 0.00000 0.54437 0.45563 ( 3)
 127 L   0.00000 0.00000 0.98897 0.01103 ( 3)
 128 L   0.00000 0.00000 0.99063 0.00937 ( 3)
 129 R   0.00000 0.00000 0.99123 0.00877 ( 3)
 130 D   0.00000 0.00000 0.99675 0.00325 ( 3)
 131 A   0.00000 0.00000 0.98301 0.01699 ( 3)
 132 V   0.00000 0.00000 0.82667 0.17333 ( 3)
 133 K   0.00000 0.00000 0.91300 0.08700 ( 3)
 134 F   0.00000 0.00000 0.99797 0.00203 ( 3)
 135 G   0.00000 0.00000 0.99644 0.00356 ( 3)
 136 N   0.00000 0.00000 0.01128 0.98872 ( 4)
 137 E   0.00000 0.00000 0.86096 0.13904 ( 3)
 138 W   0.00000 0.00000 0.99862 0.00138 ( 3)
 139 G   0.00000 0.00000 0.99547 0.00453 ( 3)
 140 M   0.00000 0.00000 0.30535 0.69465 ( 4)
 141 P   0.00000 0.00000 0.94502 0.05498 ( 3)
 142 S   0.00000 0.00000 0.97605 0.02395 ( 3)
 143 E   0.00000 0.00000 0.01400 0.98600 ( 4)
 144 E   0.00000 0.00000 0.99529 0.00471 ( 3)
 145 V   0.00000 0.00000 0.97774 0.02226 ( 3)
 146 E   0.00000 0.00000 0.48279 0.51721 ( 4)
 147 D   0.00000 0.00000 0.89529 0.10471 ( 3)
 148 M   0.00000 0.00000 0.00135 0.99865 ( 4)
 149 Y   0.00000 0.00000 0.99701 0.00299 ( 3)
 150 N   0.00000 0.00000 0.47634 0.52366 ( 4)
 151 R   0.00000 0.00000 0.99567 0.00433 ( 3)
 152 L   0.00000 0.00000 0.81366 0.18634 ( 3)
 153 T   0.00000 0.00000 0.00572 0.99428 ( 4)
 154 R   0.00000 0.00000 0.03595 0.96405 ( 4)
 155 R   0.00000 0.00000 0.99654 0.00346 ( 3)
 156 T   0.00000 0.00000 0.99274 0.00726 ( 3)
 157 A   0.00000 0.00000 0.99396 0.00604 ( 3)
 158 E   0.00000 0.00000 0.96985 0.03015 ( 3)
 159 Y   0.00000 0.00000 0.99711 0.00289 ( 3)
 160 T   0.00000 0.00000 0.96151 0.03849 ( 3)
 161 D   0.00000 0.00000 0.91313 0.08687 ( 3)
 162 H   0.00000 0.00000 0.77057 0.22943 ( 3)
 163 C   0.00000 0.00000 0.99863 0.00137 ( 3)
 164 V   0.00000 0.00000 0.10385 0.89615 ( 4)
 165 A   0.00000 0.00000 0.08365 0.91635 ( 4)
 166 T   0.00000 0.00000 0.19366 0.80634 ( 4)
 167 Y   0.00000 0.00000 0.99701 0.00299 ( 3)
 168 D   0.00000 0.00000 0.99127 0.00873 ( 3)
 169 K   0.00000 0.00000 0.96019 0.03981 ( 3)
 170 G   0.00000 0.00000 0.99623 0.00377 ( 3)
 171 L   0.00000 0.00000 0.99063 0.00937 ( 3)
 172 K   0.00000 0.00000 0.94184 0.05816 ( 3)
 173 E   0.00000 0.00000 0.01231 0.98769 ( 4)
 174 A   0.00000 0.00000 0.96627 0.03373 ( 3)
 175 Y   0.00000 0.00000 0.88168 0.11832 ( 3)
 176 D   0.00000 0.00000 0.34772 0.65228 ( 4)
 177 L   0.00000 0.00000 0.93711 0.06289 ( 3)
 178 A   0.00000 0.00000 0.96020 0.03980 ( 3)
 179 P   0.00000 0.00000 0.90842 0.09158 ( 3)
 180 N   0.00000 0.00000 0.97089 0.02911 ( 3)
 181 P   0.00000 0.00000 0.95129 0.04871 ( 3)
 182 T   0.00000 0.00000 0.96982 0.03018 ( 3)
 183 D   0.00000 0.00000 0.97781 0.02219 ( 3)
 184 Y   0.00000 0.00000 0.86313 0.13687 ( 3)
 185 N   0.00000 0.00000 0.97106 0.02894 ( 3)
 186 K   0.00000 0.00000 0.95989 0.04011 ( 3)
 187 Y   0.00000 0.00000 0.87615 0.12385 ( 3)
 188 P   0.00000 0.00000 0.91886 0.08114 ( 3)
 189 Y   0.00000 0.00000 0.95786 0.04214 ( 3)
 190 L   0.00000 0.00000 0.92402 0.07598 ( 3)
 191 N   0.00000 0.00000 0.37080 0.62920 ( 4)
 192 P   0.00000 0.00000 0.96004 0.03996 ( 3)
 193 Y   0.00000 0.00000 0.36836 0.63164 ( 4)
 194 S   0.00000 0.00000 0.94992 0.05008 ( 3)
 195 K   0.00000 0.00000 0.55632 0.44368 ( 3)
 196 D   0.00000 0.00000 0.99675 0.00325 ( 3)
 197 P   0.00000 0.00000 0.48553 0.51447 ( 4)
 198 I   0.00000 0.00000 0.96361 0.03639 ( 3)
 199 Y   0.00000 0.00000 0.51302 0.48698 ( 3)
 200 G   0.00000 0.00000 0.99643 0.00357 ( 3)
 201 K   0.00000 0.00000 0.96712 0.03288 ( 3)
 202 Y   0.00000 0.00000 0.94626 0.05374 ( 3)
 203 Y   0.00000 0.00000 0.94508 0.05492 ( 3)
 204 T   0.00000 0.00000 0.99514 0.00486 ( 3)
 205 A   0.00000 0.00000 0.86305 0.13695 ( 3)
 206 P   0.00000 0.00000 0.92911 0.07089 ( 3)
 207 V   0.00000 0.00000 0.97558 0.02442 ( 3)
 208 D   0.00000 0.00000 0.96309 0.03691 ( 3)
 209 W   0.00000 0.00000 0.99862 0.00138 ( 3)
 210 N   0.00000 0.00000 0.73484 0.26516 ( 3)
 211 L   0.00000 0.00000 0.53291 0.46709 ( 3)
 212 F   0.00000 0.00000 0.97997 0.02003 ( 3)
 213 N   0.00000 0.00000 0.98479 0.01521 ( 3)
 214 D   0.00000 0.00000 0.78379 0.21621 ( 3)
 215 Y   0.00000 0.00000 0.98522 0.01478 ( 3)
 216 R   0.00000 0.00000 0.99036 0.00964 ( 3)
 217 R   0.00000 0.00000 0.99718 0.00282 ( 3)
 218 D   0.00000 0.00000 0.98293 0.01707 ( 3)
 219 M   0.00000 0.00000 0.99906 0.00094 ( 3)
 220 T   0.00000 0.00000 0.99472 0.00528 ( 3)
 221 L   0.00000 0.00000 0.74642 0.25358 ( 3)
 222 M   0.00000 0.00000 0.96648 0.03352 ( 3)
 223 V   0.00000 0.00000 0.99141 0.00859 ( 3)
 224 L   0.00000 0.00000 0.98991 0.01009 ( 3)
 225 D   0.00000 0.00000 0.99036 0.00964 ( 3)
 226 I   0.00000 0.00000 0.96361 0.03639 ( 3)
 227 V   0.00000 0.00000 0.98604 0.01396 ( 3)
 228 A   0.00000 0.00000 0.99389 0.00611 ( 3)
 229 V   0.00000 0.00000 0.95794 0.04206 ( 3)
 230 W   0.00000 0.00000 0.50580 0.49420 ( 3)
 231 P   0.00000 0.00000 0.99662 0.00338 ( 3)
 232 T   0.00000 0.00000 0.91641 0.08359 ( 3)


lnL = -2361.172313

