Supplemental results for CODEML (seqf: algn  treef: tree)


dN/dS (w) for site classes (K=4)

site class             0        1       2a       2b
proportion       0.72495  0.27360  0.00106  0.00040
background w     0.07673  0.61152  0.07673  0.61152
foreground w     0.07673  0.61152  0.00000  0.00000

Naive Empirical Bayes (NEB) probabilities for 4 classes
(amino acids refer to 1st sequence: BT_Cry8Ba1)

   1 P   0.95739 0.04116 0.00139 0.00006 ( 1)
   2 F   0.96246 0.03609 0.00140 0.00005 ( 1)
   3 V   0.83440 0.16414 0.00121 0.00024 ( 1)
   4 G   0.96185 0.03670 0.00140 0.00005 ( 1)
   5 P   0.52675 0.47180 0.00077 0.00069 ( 1)
   6 I   0.97733 0.02122 0.00142 0.00003 ( 1)
   7 V   0.72748 0.27106 0.00106 0.00039 ( 1)
   8 S   0.96969 0.02886 0.00141 0.00004 ( 1)
   9 L   0.81141 0.18714 0.00118 0.00027 ( 1)
  10 Y   0.96765 0.03090 0.00141 0.00004 ( 1)
  11 T   0.82307 0.17548 0.00120 0.00026 ( 1)
  12 Q   0.00321 0.99533 0.00000 0.00145 ( 2)
  13 L   0.74941 0.24913 0.00109 0.00036 ( 1)
  14 I   0.80869 0.18986 0.00118 0.00028 ( 1)
  15 D   0.88734 0.11121 0.00129 0.00016 ( 1)
  16 I   0.03606 0.96249 0.00005 0.00140 ( 2)
  17 L   0.91482 0.08373 0.00133 0.00012 ( 1)
  18 W   0.89368 0.10487 0.00130 0.00015 ( 1)
  19 P   0.96986 0.02868 0.00141 0.00004 ( 1)
  20 S   0.13822 0.86032 0.00020 0.00125 ( 2)
  21 K   0.03635 0.96219 0.00005 0.00140 ( 2)
  22 Q   0.02124 0.97731 0.00003 0.00142 ( 2)
  23 K   0.23823 0.76031 0.00035 0.00111 ( 2)
  24 S   0.98194 0.01661 0.00143 0.00002 ( 1)
  25 Q   0.26913 0.72941 0.00039 0.00106 ( 2)
  26 W   0.89368 0.10487 0.00130 0.00015 ( 1)
  27 E   0.97752 0.02102 0.00142 0.00003 ( 1)
  28 I   0.88138 0.11717 0.00128 0.00017 ( 1)
  29 F   0.82461 0.17393 0.00120 0.00025 ( 1)
  30 M   0.98533 0.01322 0.00143 0.00002 ( 1)
  31 E   0.89189 0.10665 0.00130 0.00016 ( 1)
  32 Q   0.96791 0.03064 0.00141 0.00004 ( 1)
  33 V   0.96993 0.02862 0.00141 0.00004 ( 1)
  34 E   0.97752 0.02102 0.00142 0.00003 ( 1)
  35 E   0.37294 0.62561 0.00054 0.00091 ( 2)
  36 L   0.92662 0.07193 0.00135 0.00010 ( 1)
  37 I   0.97320 0.02534 0.00142 0.00004 ( 1)
  38 N   0.90682 0.09173 0.00132 0.00013 ( 1)
  39 Q   0.96791 0.03064 0.00141 0.00004 ( 1)
  40 K   0.97810 0.02045 0.00142 0.00003 ( 1)
  41 I   0.98036 0.01818 0.00143 0.00003 ( 1)
  42 A   0.86657 0.13197 0.00126 0.00019 ( 1)
  43 E   0.88451 0.11404 0.00129 0.00017 ( 1)
  44 Y   0.68754 0.31100 0.00100 0.00045 ( 1)
  45 A   0.86239 0.13615 0.00126 0.00020 ( 1)
  46 R   0.93710 0.06145 0.00136 0.00009 ( 1)
  47 N   0.04263 0.95592 0.00006 0.00139 ( 2)
  48 K   0.79269 0.20585 0.00115 0.00030 ( 1)
  49 A   0.94882 0.04972 0.00138 0.00007 ( 1)
  50 L   0.96774 0.03080 0.00141 0.00004 ( 1)
  51 S   0.65722 0.34133 0.00096 0.00050 ( 1)
  52 E   0.87564 0.12291 0.00127 0.00018 ( 1)
  53 L   0.94223 0.05631 0.00137 0.00008 ( 1)
  54 E   0.83964 0.15890 0.00122 0.00023 ( 1)
  55 G   0.95018 0.04837 0.00138 0.00007 ( 1)
  56 L   0.94707 0.05148 0.00138 0.00007 ( 1)
  57 G   0.96662 0.03193 0.00141 0.00005 ( 1)
  58 N   0.90682 0.09173 0.00132 0.00013 ( 1)
  59 N   0.30287 0.69567 0.00044 0.00101 ( 2)
  60 Y   0.21100 0.78755 0.00031 0.00115 ( 2)
  61 Q   0.31432 0.68423 0.00046 0.00100 ( 2)
  62 L   0.73134 0.26721 0.00106 0.00039 ( 1)
  63 Y   0.96765 0.03090 0.00141 0.00004 ( 1)
  64 L   0.62995 0.36859 0.00092 0.00054 ( 1)
  65 T   0.77563 0.22292 0.00113 0.00032 ( 1)
  66 A   0.70816 0.29039 0.00103 0.00042 ( 1)
  67 L   0.96774 0.03080 0.00141 0.00004 ( 1)
  68 E   0.86935 0.12920 0.00127 0.00019 ( 1)
  69 E   0.51070 0.48784 0.00074 0.00071 ( 1)
  70 W   0.89368 0.10487 0.00130 0.00015 ( 1)
  71 K   0.02341 0.97513 0.00003 0.00142 ( 2)
  72 E   0.97752 0.02102 0.00142 0.00003 ( 1)
  73 N   0.98302 0.01553 0.00143 0.00002 ( 1)
  74 P   0.71906 0.27949 0.00105 0.00041 ( 1)
  75 N   0.72288 0.27566 0.00105 0.00040 ( 1)
  76 G   0.29874 0.69981 0.00043 0.00102 ( 2)
  77 S   0.74598 0.25256 0.00109 0.00037 ( 1)
  78 R   0.97797 0.02057 0.00142 0.00003 ( 1)
  79 A   0.52955 0.46900 0.00077 0.00068 ( 1)
  80 L   0.31972 0.67883 0.00047 0.00099 ( 2)
  81 R   0.72279 0.27575 0.00105 0.00040 ( 1)
  82 D   0.83901 0.15953 0.00122 0.00023 ( 1)
  83 V   0.96111 0.03744 0.00140 0.00005 ( 1)
  84 R   0.13836 0.86019 0.00020 0.00125 ( 2)
  85 N   0.78939 0.20916 0.00115 0.00030 ( 1)
  86 R   0.71168 0.28686 0.00104 0.00042 ( 1)
  87 F   0.83536 0.16319 0.00122 0.00024 ( 1)
  88 E   0.47340 0.52515 0.00069 0.00076 ( 2)
  89 I   0.22502 0.77353 0.00033 0.00113 ( 2)
  90 L   0.91831 0.08023 0.00134 0.00012 ( 1)
  91 D   0.88165 0.11689 0.00128 0.00017 ( 1)
  92 S   0.20560 0.79295 0.00030 0.00115 ( 2)
  93 L   0.13417 0.86438 0.00020 0.00126 ( 2)
  94 F   0.98099 0.01755 0.00143 0.00003 ( 1)
  95 T   0.33862 0.65992 0.00049 0.00096 ( 2)
  96 Q   0.16196 0.83658 0.00024 0.00122 ( 2)
  97 Y   0.30283 0.69572 0.00044 0.00101 ( 2)
  98 M   0.85937 0.13918 0.00125 0.00020 ( 1)
  99 P   0.97071 0.02783 0.00141 0.00004 ( 1)
 100 S   0.96617 0.03238 0.00141 0.00005 ( 1)
 101 F   0.98099 0.01755 0.00143 0.00003 ( 1)
 102 R   0.16088 0.83766 0.00023 0.00122 ( 2)
 103 V   0.80263 0.19592 0.00117 0.00029 ( 1)
 104 T   0.79276 0.20579 0.00115 0.00030 ( 1)
 105 N   0.24847 0.75008 0.00036 0.00109 ( 2)
 106 F   0.04792 0.95062 0.00007 0.00138 ( 2)
 107 E   0.97752 0.02102 0.00142 0.00003 ( 1)
 108 V   0.97197 0.02658 0.00141 0.00004 ( 1)
 109 P   0.97426 0.02428 0.00142 0.00004 ( 1)
 110 F   0.57406 0.42449 0.00084 0.00062 ( 1)
 111 L   0.93897 0.05958 0.00137 0.00009 ( 1)
 112 T   0.71268 0.28586 0.00104 0.00042 ( 1)
 113 V   0.96993 0.02862 0.00141 0.00004 ( 1)
 114 Y   0.96765 0.03090 0.00141 0.00004 ( 1)
 115 T   0.78489 0.21365 0.00114 0.00031 ( 1)
 116 M   0.12218 0.87637 0.00018 0.00128 ( 2)
 117 A   0.97869 0.01985 0.00142 0.00003 ( 1)
 118 A   0.95320 0.04535 0.00139 0.00007 ( 1)
 119 N   0.95818 0.04037 0.00139 0.00006 ( 1)
 120 L   0.93824 0.06031 0.00137 0.00009 ( 1)
 121 H   0.98063 0.01792 0.00143 0.00003 ( 1)
 122 L   0.94283 0.05572 0.00137 0.00008 ( 1)
 123 L   0.91749 0.08106 0.00134 0.00012 ( 1)
 124 L   0.94826 0.05029 0.00138 0.00007 ( 1)
 125 L   0.94826 0.05029 0.00138 0.00007 ( 1)
 126 R   0.14455 0.85400 0.00021 0.00124 ( 2)
 127 D   0.95946 0.03908 0.00140 0.00006 ( 1)
 128 A   0.96861 0.02994 0.00141 0.00004 ( 1)
 129 S   0.94267 0.05588 0.00137 0.00008 ( 1)
 130 I   0.97320 0.02534 0.00142 0.00004 ( 1)
 131 F   0.98099 0.01755 0.00143 0.00003 ( 1)
 132 G   0.97608 0.02247 0.00142 0.00003 ( 1)
 133 E   0.83048 0.16806 0.00121 0.00024 ( 1)
 134 E   0.97530 0.02325 0.00142 0.00003 ( 1)
 135 W   0.89368 0.10487 0.00130 0.00015 ( 1)
 136 G   0.96641 0.03214 0.00141 0.00005 ( 1)
 137 L   0.15992 0.83863 0.00023 0.00122 ( 2)
 138 S   0.74161 0.25694 0.00108 0.00037 ( 1)
 139 T   0.80548 0.19307 0.00117 0.00028 ( 1)
 140 S   0.01915 0.97939 0.00003 0.00143 ( 2)
 141 T   0.16270 0.83585 0.00024 0.00122 ( 2)
 142 I   0.97320 0.02534 0.00142 0.00004 ( 1)
 143 N   0.26909 0.72946 0.00039 0.00106 ( 2)
 144 N   0.48161 0.51693 0.00070 0.00075 ( 2)
 145 Y   0.76679 0.23175 0.00112 0.00034 ( 1)
 146 Y   0.96765 0.03090 0.00141 0.00004 ( 1)
 147 N   0.51301 0.48553 0.00075 0.00071 ( 1)
 148 R   0.96077 0.03778 0.00140 0.00005 ( 1)
 149 Q   0.95830 0.04024 0.00139 0.00006 ( 1)
 150 M   0.82706 0.17148 0.00120 0.00025 ( 1)
 151 K   0.06363 0.93491 0.00009 0.00136 ( 2)
 152 L   0.73867 0.25987 0.00108 0.00038 ( 1)
 153 T   0.54114 0.45741 0.00079 0.00067 ( 1)
 154 A   0.95429 0.04426 0.00139 0.00006 ( 1)
 155 E   0.78224 0.21631 0.00114 0.00031 ( 1)
 156 Y   0.95444 0.04411 0.00139 0.00006 ( 1)
 157 S   0.95515 0.04339 0.00139 0.00006 ( 1)
 158 D   0.97845 0.02010 0.00142 0.00003 ( 1)
 159 H   0.78175 0.21679 0.00114 0.00032 ( 1)
 160 C   0.97122 0.02733 0.00141 0.00004 ( 1)
 161 V   0.97197 0.02658 0.00141 0.00004 ( 1)
 162 K   0.68617 0.31237 0.00100 0.00045 ( 1)
 163 W   0.89368 0.10487 0.00130 0.00015 ( 1)
 164 Y   0.96765 0.03090 0.00141 0.00004 ( 1)
 165 E   0.04836 0.95019 0.00007 0.00138 ( 2)
 166 T   0.97199 0.02655 0.00141 0.00004 ( 1)
 167 G   0.94445 0.05409 0.00137 0.00008 ( 1)
 168 L   0.94826 0.05029 0.00138 0.00007 ( 1)
 169 A   0.60257 0.39598 0.00088 0.00058 ( 1)
 170 K   0.50454 0.49401 0.00073 0.00072 ( 1)
 171 L   0.94826 0.05029 0.00138 0.00007 ( 1)
 172 K   0.97810 0.02045 0.00142 0.00003 ( 1)
 173 G   0.94593 0.05262 0.00138 0.00008 ( 1)
 174 S   0.11839 0.88016 0.00017 0.00128 ( 2)
 175 S   0.70304 0.29550 0.00102 0.00043 ( 1)
 176 A   0.97236 0.02619 0.00142 0.00004 ( 1)
 177 K   0.43703 0.56152 0.00064 0.00082 ( 2)
 178 Q   0.11716 0.88139 0.00017 0.00128 ( 2)
 179 W   0.89368 0.10487 0.00130 0.00015 ( 1)
 180 I   0.19992 0.79862 0.00029 0.00116 ( 2)
 181 D   0.28629 0.71225 0.00042 0.00104 ( 2)
 182 Y   0.96765 0.03090 0.00141 0.00004 ( 1)
 183 N   0.16004 0.83851 0.00023 0.00122 ( 2)
 184 Q   0.06403 0.93452 0.00009 0.00136 ( 2)
 185 F   0.93256 0.06599 0.00136 0.00010 ( 1)
 186 R   0.94438 0.05417 0.00137 0.00008 ( 1)
 187 R   0.97797 0.02057 0.00142 0.00003 ( 1)
 188 E   0.97752 0.02102 0.00142 0.00003 ( 1)
 189 M   0.98533 0.01322 0.00143 0.00002 ( 1)
 190 T   0.97877 0.01978 0.00142 0.00003 ( 1)
 191 L   0.93009 0.06845 0.00135 0.00010 ( 1)
 192 T   0.01037 0.98818 0.00002 0.00144 ( 2)
 193 V   0.94927 0.04928 0.00138 0.00007 ( 1)
 194 L   0.94826 0.05029 0.00138 0.00007 ( 1)
 195 D   0.98121 0.01733 0.00143 0.00003 ( 1)
 196 V   0.26326 0.73528 0.00038 0.00107 ( 2)
 197 V   0.56476 0.43379 0.00082 0.00063 ( 1)
 198 A   0.75222 0.24632 0.00110 0.00036 ( 1)
 199 L   0.94826 0.05029 0.00138 0.00007 ( 1)
 200 F   0.97720 0.02135 0.00142 0.00003 ( 1)
 201 S   0.81317 0.18537 0.00118 0.00027 ( 1)
 202 N   0.02566 0.97289 0.00004 0.00142 ( 2)


lnL = -1867.361948

