Supplemental results for CODEML (seqf: algn  treef: tree)


dN/dS (w) for site classes (K=4)

site class             0        1       2a       2b
proportion       0.62858  0.18688  0.14225  0.04229
background w     0.12517  1.00000  0.12517  1.00000
foreground w     0.12517  1.00000  2.73339  2.73339

Naive Empirical Bayes (NEB) probabilities for 4 classes
(amino acids refer to 1st sequence: BT_Cry1Ia18)

   1 P   0.79089 0.02457 0.17899 0.00556 ( 1)
   2 F   0.79725 0.01820 0.18043 0.00412 ( 1)
   3 A   0.79957 0.01588 0.18095 0.00359 ( 1)
   4 G   0.81269 0.00277 0.18392 0.00063 ( 1)
   5 Q   0.00098 0.81447 0.00022 0.18432 ( 2)
   6 I   0.81011 0.00534 0.18334 0.00121 ( 1)
   7 A   0.80813 0.00732 0.18289 0.00166 ( 1)
   8 S   0.30363 0.51182 0.06871 0.11583 ( 2)
   9 L   0.75824 0.05722 0.17160 0.01295 ( 1)
  10 Y   0.48298 0.33247 0.10930 0.07524 ( 1)
  11 S   0.80919 0.00627 0.18313 0.00142 ( 1)
  12 F   0.34081 0.47465 0.07713 0.10742 ( 2)
  13 I   0.70577 0.10968 0.15972 0.02482 ( 1)
  14 L   0.64873 0.16673 0.14681 0.03773 ( 1)
  15 G   0.81237 0.00309 0.18385 0.00070 ( 1)
  16 E   0.15726 0.65820 0.03559 0.14896 ( 2)
  17 L   0.81329 0.00217 0.18405 0.00049 ( 1)
  18 W   0.81033 0.00512 0.18339 0.00116 ( 1)
  19 P   0.81524 0.00021 0.18450 0.00005 ( 1)
  20 K   0.50203 0.31342 0.11361 0.07093 ( 1)
  21 -   0.63222 0.18323 0.14308 0.04147 ( 1)
  22 G   0.02161 0.79385 0.00489 0.17966 ( 2)
  23 K   0.60639 0.20907 0.13723 0.04731 ( 1)
  24 S   0.03233 0.78313 0.00732 0.17723 ( 2)
  25 Q   0.08758 0.72788 0.01982 0.16473 ( 2)
  26 W   0.81033 0.00512 0.18339 0.00116 ( 1)
  27 E   0.81531 0.00015 0.18451 0.00003 ( 1)
  28 I   0.13217 0.68328 0.02991 0.15463 ( 2)
  29 F   0.81378 0.00167 0.18417 0.00038 ( 1)
  30 M   0.81525 0.00020 0.18450 0.00005 ( 1)
  31 E   0.81291 0.00254 0.18397 0.00058 ( 1)
  32 H   0.70097 0.11449 0.15864 0.02591 ( 1)
  33 V   0.81455 0.00091 0.18434 0.00021 ( 1)
  34 E   0.81531 0.00014 0.18451 0.00003 ( 1)
  35 E   0.30948 0.50598 0.07004 0.11451 ( 2)
  36 I   0.79328 0.02218 0.17953 0.00502 ( 1)
  37 I   0.81362 0.00184 0.18413 0.00042 ( 1)
  38 N   0.80555 0.00990 0.18230 0.00224 ( 1)
  39 Q   0.81409 0.00137 0.18424 0.00031 ( 1)
  40 K   0.81533 0.00012 0.18452 0.00003 ( 1)
  41 I   0.81437 0.00109 0.18430 0.00025 ( 1)
  42 L   0.12787 0.68759 0.02894 0.15561 ( 2)
  43 T   0.52619 0.28926 0.11908 0.06546 ( 1)
  44 Y   0.81443 0.00103 0.18431 0.00023 ( 1)
  45 A   0.81532 0.00013 0.18451 0.00003 ( 1)
  46 R   0.81493 0.00053 0.18443 0.00012 ( 1)
  47 N   0.80682 0.00864 0.18259 0.00196 ( 1)
  48 K   0.81413 0.00132 0.18425 0.00030 ( 1)
  49 A   0.81441 0.00104 0.18431 0.00024 ( 1)
  50 L   0.79965 0.01581 0.18097 0.00358 ( 1)
  51 S   0.21823 0.59722 0.04939 0.13516 ( 2)
  52 D   0.81362 0.00184 0.18413 0.00042 ( 1)
  53 L   0.79132 0.02414 0.17908 0.00546 ( 1)
  54 R   0.39655 0.41890 0.08974 0.09480 ( 2)
  55 G   0.81389 0.00156 0.18419 0.00035 ( 1)
  56 L   0.81428 0.00118 0.18428 0.00027 ( 1)
  57 G   0.80732 0.00813 0.18270 0.00184 ( 1)
  58 D   0.80550 0.00996 0.18229 0.00225 ( 1)
  59 A   0.71984 0.09561 0.16291 0.02164 ( 1)
  60 L   0.31489 0.50057 0.07126 0.11328 ( 2)
  61 A   0.21079 0.60467 0.04770 0.13684 ( 2)
  62 V   0.80025 0.01520 0.18110 0.00344 ( 1)
  63 Y   0.81461 0.00084 0.18436 0.00019 ( 1)
  64 H   0.76799 0.04747 0.17380 0.01074 ( 1)
  65 E   0.18458 0.63087 0.04177 0.14277 ( 2)
  66 S   0.77702 0.03844 0.17585 0.00870 ( 1)
  67 L   0.80302 0.01243 0.18173 0.00281 ( 1)
  68 E   0.80917 0.00628 0.18312 0.00142 ( 1)
  69 S   0.04559 0.76987 0.01032 0.17423 ( 2)
  70 W   0.81033 0.00512 0.18339 0.00116 ( 1)
  71 V   0.00201 0.81345 0.00045 0.18409 ( 2)
  72 K   0.60205 0.21341 0.13625 0.04830 ( 1)
  73 N   0.81539 0.00006 0.18453 0.00001 ( 1)
  74 R   0.74454 0.07091 0.16850 0.01605 ( 1)
  75 N   0.75406 0.06140 0.17065 0.01390 ( 1)
  76 N   0.77577 0.03968 0.17556 0.00898 ( 1)
  77 T   0.09397 0.72149 0.02127 0.16328 ( 2)
  78 R   0.81487 0.00058 0.18441 0.00013 ( 1)
  79 A   0.61941 0.19604 0.14018 0.04437 ( 1)
  80 R   0.68289 0.13257 0.15454 0.03000 ( 1)
  81 S   0.73887 0.07659 0.16721 0.01733 ( 1)
  82 V   0.61786 0.19759 0.13983 0.04472 ( 1)
  83 V   0.80902 0.00644 0.18309 0.00146 ( 1)
  84 K   0.00079 0.81466 0.00018 0.18437 ( 2)
  85 N   0.63335 0.18210 0.14333 0.04121 ( 1)
  86 Q   0.79246 0.02300 0.17934 0.00520 ( 1)
  87 Y   0.81446 0.00099 0.18432 0.00022 ( 1)
  88 I   0.21043 0.60502 0.04762 0.13692 ( 2)
  89 A   0.50649 0.30897 0.11462 0.06992 ( 1)
  90 L   0.79791 0.01754 0.18058 0.00397 ( 1)
  91 E   0.75299 0.06246 0.17041 0.01414 ( 1)
  92 L   0.06904 0.74641 0.01562 0.16892 ( 2)
  93 M   0.00986 0.80559 0.00223 0.18231 ( 2)
  94 F   0.81538 0.00008 0.18453 0.00002 ( 1)
  95 V   0.56185 0.25360 0.12715 0.05739 ( 1)
  96 Q   0.00988 0.80557 0.00224 0.18231 ( 2)
  97 K   0.01605 0.79941 0.00363 0.18091 ( 2)
  98 L   0.79317 0.02228 0.17950 0.00504 ( 1)
  99 P   0.81528 0.00018 0.18450 0.00004 ( 1)
 100 S   0.81474 0.00072 0.18438 0.00016 ( 1)
 101 F   0.81539 0.00007 0.18453 0.00001 ( 1)
 102 A   0.77891 0.03655 0.17627 0.00827 ( 1)
 103 V   0.81501 0.00044 0.18444 0.00010 ( 1)
 104 S   0.63221 0.18324 0.14308 0.04147 ( 1)
 105 G   0.23317 0.58229 0.05277 0.13178 ( 2)
 106 E   0.04237 0.77308 0.00959 0.17496 ( 2)
 107 E   0.81531 0.00014 0.18451 0.00003 ( 1)
 108 V   0.81510 0.00035 0.18447 0.00008 ( 1)
 109 P   0.78525 0.03021 0.17771 0.00684 ( 1)
 110 L   0.80667 0.00878 0.18256 0.00199 ( 1)
 111 L   0.81344 0.00201 0.18409 0.00046 ( 1)
 112 P   0.75599 0.05947 0.17109 0.01346 ( 1)
 113 I   0.80860 0.00686 0.18299 0.00155 ( 1)
 114 Y   0.81525 0.00020 0.18450 0.00005 ( 1)
 115 A   0.81206 0.00340 0.18378 0.00077 ( 1)
 116 Q   0.15936 0.65609 0.03606 0.14848 ( 2)
 117 A   0.81519 0.00027 0.18448 0.00006 ( 1)
 118 A   0.81506 0.00040 0.18446 0.00009 ( 1)
 119 N   0.81515 0.00030 0.18448 0.00007 ( 1)
 120 L   0.80752 0.00793 0.18275 0.00180 ( 1)
 121 H   0.81541 0.00005 0.18453 0.00001 ( 1)
 122 L   0.81408 0.00138 0.18423 0.00031 ( 1)
 123 L   0.81005 0.00540 0.18332 0.00122 ( 1)
 124 L   0.81457 0.00088 0.18435 0.00020 ( 1)
 125 L   0.81457 0.00088 0.18435 0.00020 ( 1)
 126 R   0.81517 0.00028 0.18448 0.00006 ( 1)
 127 D   0.81518 0.00027 0.18448 0.00006 ( 1)
 128 A   0.81526 0.00020 0.18450 0.00005 ( 1)
 129 S   0.79784 0.01761 0.18056 0.00399 ( 1)
 130 I   0.78062 0.03483 0.17666 0.00788 ( 1)
 131 F   0.81539 0.00007 0.18453 0.00001 ( 1)
 132 G   0.81404 0.00142 0.18422 0.00032 ( 1)
 133 K   0.78219 0.03327 0.17702 0.00753 ( 1)
 134 E   0.36513 0.45032 0.08263 0.10191 ( 2)
 135 W   0.77604 0.03942 0.17563 0.00892 ( 1)
 136 G   0.81518 0.00028 0.18448 0.00006 ( 1)
 137 L   0.76107 0.05438 0.17224 0.01231 ( 1)
 138 S   0.81072 0.00474 0.18347 0.00107 ( 1)
 139 A   0.75326 0.06220 0.17047 0.01408 ( 1)
 140 -   0.62858 0.18688 0.14225 0.04229 ( 1)
 141 -   0.62858 0.18688 0.14225 0.04229 ( 1)
 142 -   0.62858 0.18688 0.14225 0.04229 ( 1)
 143 S   0.00038 0.81507 0.00009 0.18446 ( 2)
 144 E   0.76939 0.04607 0.17412 0.01043 ( 1)
 145 I   0.80237 0.01308 0.18158 0.00296 ( 1)
 146 S   0.36998 0.44548 0.08373 0.10082 ( 2)
 147 T   0.04647 0.76898 0.01052 0.17403 ( 2)
 148 F   0.17449 0.64096 0.03949 0.14506 ( 2)
 149 Y   0.81525 0.00020 0.18450 0.00005 ( 1)
 150 N   0.79864 0.01681 0.18074 0.00380 ( 1)
 151 R   0.81369 0.00176 0.18415 0.00040 ( 1)
 152 Q   0.81156 0.00390 0.18366 0.00088 ( 1)
 153 V   0.17260 0.64286 0.03906 0.14549 ( 2)
 154 E   0.02755 0.78790 0.00624 0.17831 ( 2)
 155 R   0.77246 0.04300 0.17481 0.00973 ( 1)
 156 T   0.81200 0.00346 0.18376 0.00078 ( 1)
 157 R   0.05668 0.75877 0.01283 0.17172 ( 2)
 158 D   0.08018 0.73528 0.01814 0.16640 ( 2)
 159 Y   0.81525 0.00020 0.18450 0.00005 ( 1)
 160 S   0.76050 0.05496 0.17211 0.01244 ( 1)
 161 D   0.81348 0.00197 0.18410 0.00045 ( 1)
 162 H   0.81247 0.00298 0.18387 0.00068 ( 1)
 163 C   0.81527 0.00019 0.18450 0.00004 ( 1)
 164 V   0.75668 0.05878 0.17124 0.01330 ( 1)
 165 K   0.80801 0.00744 0.18286 0.00168 ( 1)
 166 W   0.50039 0.31507 0.11324 0.07130 ( 1)
 167 Y   0.81176 0.00370 0.18371 0.00084 ( 1)
 168 N   0.80783 0.00763 0.18282 0.00173 ( 1)
 169 T   0.76386 0.05160 0.17287 0.01168 ( 1)
 170 G   0.81502 0.00044 0.18445 0.00010 ( 1)
 171 L   0.81442 0.00103 0.18431 0.00023 ( 1)
 172 N   0.03668 0.77878 0.00830 0.17624 ( 2)
 173 N   0.23910 0.57636 0.05411 0.13043 ( 2)
 174 L   0.30502 0.51044 0.06903 0.11552 ( 2)
 175 R   0.76797 0.04749 0.17380 0.01075 ( 1)
 176 G   0.12853 0.68692 0.02909 0.15546 ( 2)
 177 T   0.04478 0.77068 0.01013 0.17441 ( 2)
 178 N   0.47552 0.33994 0.10761 0.07693 ( 1)
 179 A   0.74360 0.07185 0.16828 0.01626 ( 1)
 180 -   0.55224 0.26321 0.12498 0.05957 ( 1)
 181 -   0.60359 0.21186 0.13660 0.04795 ( 1)
 182 -   0.16262 0.65283 0.03680 0.14774 ( 2)
 183 -   0.68445 0.13101 0.15490 0.02965 ( 1)
 184 -   0.62858 0.18688 0.14225 0.04229 ( 1)
 185 -   0.62858 0.18688 0.14225 0.04229 ( 1)
 186 -   0.62858 0.18688 0.14225 0.04229 ( 1)
 187 -   0.62858 0.18688 0.14225 0.04229 ( 1)
 188 -   0.62858 0.18688 0.14225 0.04229 ( 1)
 189 -   0.62858 0.18688 0.14225 0.04229 ( 1)
 190 -   0.62858 0.18688 0.14225 0.04229 ( 1)
 191 -   0.62858 0.18688 0.14225 0.04229 ( 1)
 192 -   0.62858 0.18688 0.14225 0.04229 ( 1)
 193 -   0.62858 0.18688 0.14225 0.04229 ( 1)
 194 -   0.62858 0.18688 0.14225 0.04229 ( 1)
 195 -   0.62858 0.18688 0.14225 0.04229 ( 1)
 196 -   0.62858 0.18688 0.14225 0.04229 ( 1)
 197 -   0.62858 0.18688 0.14225 0.04229 ( 1)
 198 -   0.62858 0.18688 0.14225 0.04229 ( 1)
 199 -   0.62858 0.18688 0.14225 0.04229 ( 1)
 200 -   0.62858 0.18688 0.14225 0.04229 ( 1)
 201 -   0.62858 0.18688 0.14225 0.04229 ( 1)
 202 -   0.62858 0.18688 0.14225 0.04229 ( 1)
 203 -   0.62858 0.18688 0.14225 0.04229 ( 1)
 204 -   0.62858 0.18688 0.14225 0.04229 ( 1)
 205 -   0.62858 0.18688 0.14225 0.04229 ( 1)
 206 -   0.62858 0.18688 0.14225 0.04229 ( 1)
 207 -   0.67003 0.14543 0.15163 0.03291 ( 1)
 208 -   0.78801 0.02745 0.17833 0.00621 ( 1)
 209 -   0.31203 0.50343 0.07061 0.11393 ( 2)
 210 -   0.78031 0.03514 0.17659 0.00795 ( 1)
 211 K   0.00171 0.81375 0.00039 0.18416 ( 2)
 212 S   0.38985 0.42560 0.08823 0.09632 ( 2)
 213 W   0.81033 0.00512 0.18339 0.00116 ( 1)
 214 V   0.34802 0.46743 0.07876 0.10578 ( 2)
 215 R   0.00059 0.81486 0.00013 0.18441 ( 2)
 216 Y   0.81525 0.00020 0.18450 0.00005 ( 1)
 217 N   0.79750 0.01796 0.18048 0.00406 ( 1)
 218 Q   0.63699 0.17846 0.14416 0.04039 ( 1)
 219 F   0.81503 0.00042 0.18445 0.00010 ( 1)
 220 R   0.81494 0.00051 0.18443 0.00012 ( 1)
 221 K   0.81471 0.00075 0.18438 0.00017 ( 1)
 222 D   0.81142 0.00403 0.18363 0.00091 ( 1)
 223 M   0.81522 0.00023 0.18449 0.00005 ( 1)
 224 T   0.80548 0.00997 0.18229 0.00226 ( 1)
 225 L   0.80479 0.01066 0.18213 0.00241 ( 1)
 226 M   0.80336 0.01209 0.18181 0.00274 ( 1)
 227 V   0.81501 0.00044 0.18444 0.00010 ( 1)
 228 L   0.81404 0.00141 0.18423 0.00032 ( 1)
 229 D   0.81536 0.00010 0.18452 0.00002 ( 1)
 230 L   0.74334 0.07211 0.16822 0.01632 ( 1)
 231 V   0.77711 0.03835 0.17587 0.00868 ( 1)
 232 A   0.75482 0.06064 0.17082 0.01372 ( 1)
 233 L   0.71368 0.10178 0.16151 0.02303 ( 1)
 234 F   0.81509 0.00037 0.18446 0.00008 ( 1)
 235 P   0.81342 0.00203 0.18408 0.00046 ( 1)
 236 S   0.00562 0.80983 0.00127 0.18327 ( 2)


lnL = -3343.019594

Bayes Empirical Bayes (BEB) probabilities for 4 classes (class)
(amino acids refer to 1st sequence: BT_Cry1Ia18)

   1 P   0.62532 0.01787 0.34686 0.00995 ( 1)
   2 F   0.62949 0.01371 0.34918 0.00763 ( 1)
   3 A   0.63345 0.00975 0.35138 0.00542 ( 1)
   4 G   0.64121 0.00198 0.35570 0.00110 ( 1)
   5 Q   0.00242 0.64078 0.00133 0.35548 ( 2)
   6 I   0.63977 0.00342 0.35490 0.00191 ( 1)
   7 A   0.63811 0.00509 0.35397 0.00283 ( 1)
   8 S   0.33733 0.30587 0.18644 0.17036 ( 1)
   9 L   0.61040 0.03279 0.33855 0.01825 ( 1)
  10 Y   0.45734 0.18586 0.25326 0.10354 ( 1)
  11 S   0.63931 0.00388 0.35464 0.00216 ( 1)
  12 F   0.37569 0.26751 0.20778 0.14902 ( 1)
  13 I   0.57976 0.06344 0.32149 0.03532 ( 1)
  14 L   0.55232 0.09088 0.30619 0.05061 ( 1)
  15 G   0.64098 0.00222 0.35557 0.00123 ( 1)
  16 E   0.19939 0.44380 0.10988 0.24692 ( 2)
  17 L   0.64143 0.00177 0.35582 0.00098 ( 1)
  18 W   0.63937 0.00383 0.35468 0.00213 ( 1)
  19 P   0.64301 0.00018 0.35670 0.00010 ( 1)
  20 K   0.46902 0.17418 0.25977 0.09703 ( 1)
  21 -   0.53208 0.11112 0.29491 0.06189 ( 1)
  22 G   0.04054 0.60265 0.02225 0.33455 ( 2)
  23 K   0.52931 0.11389 0.29337 0.06343 ( 1)
  24 S   0.05903 0.58417 0.03242 0.32439 ( 2)
  25 Q   0.12936 0.51384 0.07117 0.28564 ( 2)
  26 W   0.63937 0.00383 0.35468 0.00213 ( 1)
  27 E   0.64306 0.00014 0.35672 0.00008 ( 1)
  28 I   0.17872 0.46448 0.09844 0.25836 ( 2)
  29 F   0.64191 0.00128 0.35609 0.00071 ( 1)
  30 M   0.64304 0.00016 0.35672 0.00009 ( 1)
  31 E   0.64150 0.00170 0.35586 0.00095 ( 1)
  32 H   0.58446 0.05874 0.32410 0.03270 ( 1)
  33 V   0.64243 0.00077 0.35638 0.00043 ( 1)
  34 E   0.64306 0.00013 0.35673 0.00007 ( 1)
  35 E   0.33360 0.30959 0.18437 0.17243 ( 1)
  36 I   0.62861 0.01459 0.34869 0.00812 ( 1)
  37 I   0.64183 0.00137 0.35604 0.00076 ( 1)
  38 N   0.63685 0.00635 0.35327 0.00353 ( 1)
  39 Q   0.64220 0.00099 0.35625 0.00055 ( 1)
  40 K   0.64308 0.00011 0.35674 0.00006 ( 1)
  41 I   0.64237 0.00083 0.35634 0.00046 ( 1)
  42 L   0.18046 0.46273 0.09941 0.25739 ( 2)
  43 T   0.47730 0.16590 0.26438 0.09242 ( 1)
  44 Y   0.64235 0.00085 0.35633 0.00047 ( 1)
  45 A   0.64308 0.00012 0.35673 0.00007 ( 1)
  46 R   0.64275 0.00045 0.35656 0.00025 ( 1)
  47 N   0.63784 0.00536 0.35382 0.00298 ( 1)
  48 K   0.64216 0.00104 0.35623 0.00058 ( 1)
  49 A   0.64234 0.00086 0.35632 0.00048 ( 1)
  50 L   0.63377 0.00943 0.35156 0.00525 ( 1)
  51 S   0.25510 0.38809 0.14076 0.21604 ( 2)
  52 D   0.64177 0.00143 0.35601 0.00079 ( 1)
  53 L   0.62741 0.01579 0.34802 0.00879 ( 1)
  54 R   0.40948 0.23372 0.22660 0.13020 ( 1)
  55 G   0.64194 0.00126 0.35610 0.00070 ( 1)
  56 L   0.64222 0.00098 0.35626 0.00054 ( 1)
  57 G   0.63822 0.00498 0.35403 0.00277 ( 1)
  58 D   0.63694 0.00625 0.35332 0.00348 ( 1)
  59 A   0.59281 0.05039 0.32875 0.02805 ( 1)
  60 L   0.34140 0.30179 0.18871 0.16810 ( 1)
  61 A   0.25686 0.38634 0.14174 0.21507 ( 2)
  62 V   0.63299 0.01020 0.35113 0.00568 ( 1)
  63 Y   0.64250 0.00070 0.35642 0.00039 ( 1)
  64 H   0.61559 0.02761 0.34144 0.01537 ( 1)
  65 E   0.23538 0.40782 0.12982 0.22698 ( 2)
  66 S   0.61783 0.02537 0.34268 0.01412 ( 1)
  67 L   0.63584 0.00736 0.35271 0.00409 ( 1)
  68 E   0.63907 0.00413 0.35450 0.00230 ( 1)
  69 S   0.07804 0.56516 0.04288 0.31393 ( 2)
  70 W   0.63937 0.00383 0.35468 0.00213 ( 1)
  71 V   0.00415 0.63905 0.00227 0.35453 ( 2)
  72 K   0.52320 0.12000 0.28997 0.06684 ( 1)
  73 N   0.64314 0.00006 0.35677 0.00003 ( 1)
  74 R   0.59759 0.04561 0.33141 0.02539 ( 1)
  75 N   0.61052 0.03267 0.33862 0.01819 ( 1)
  76 N   0.61890 0.02430 0.34328 0.01352 ( 1)
  77 T   0.14154 0.50166 0.07789 0.27891 ( 2)
  78 R   0.64271 0.00049 0.35653 0.00027 ( 1)
  79 A   0.53903 0.10417 0.29879 0.05801 ( 1)
  80 R   0.57082 0.07238 0.31650 0.04030 ( 1)
  81 S   0.60236 0.04083 0.33407 0.02273 ( 1)
  82 V   0.53803 0.10516 0.29824 0.05857 ( 1)
  83 V   0.63855 0.00465 0.35421 0.00259 ( 1)
  84 K   0.00178 0.64141 0.00098 0.35583 ( 2)
  85 N   0.54518 0.09802 0.30221 0.05459 ( 1)
  86 Q   0.62961 0.01359 0.34924 0.00756 ( 1)
  87 Y   0.64243 0.00077 0.35638 0.00043 ( 1)
  88 I   0.25301 0.39018 0.13960 0.21720 ( 2)
  89 A   0.47423 0.16897 0.26268 0.09413 ( 1)
  90 L   0.63152 0.01167 0.35031 0.00650 ( 1)
  91 E   0.60974 0.03345 0.33818 0.01862 ( 1)
  92 L   0.09610 0.54709 0.05283 0.30398 ( 2)
  93 M   0.01917 0.62402 0.01052 0.34629 ( 2)
  94 F   0.64313 0.00007 0.35677 0.00004 ( 1)
  95 V   0.50472 0.13848 0.27967 0.07713 ( 1)
  96 Q   0.02195 0.62125 0.01204 0.34476 ( 2)
  97 K   0.03019 0.61300 0.01657 0.34023 ( 2)
  98 L   0.63039 0.01280 0.34968 0.00713 ( 1)
  99 P   0.64304 0.00015 0.35672 0.00009 ( 1)
 100 S   0.64260 0.00059 0.35647 0.00033 ( 1)
 101 F   0.64314 0.00006 0.35677 0.00003 ( 1)
 102 A   0.62098 0.02222 0.34444 0.01237 ( 1)
 103 V   0.64280 0.00039 0.35658 0.00022 ( 1)
 104 S   0.53701 0.10618 0.29767 0.05914 ( 1)
 105 G   0.28048 0.36272 0.15485 0.20196 ( 2)
 106 E   0.06494 0.57826 0.03567 0.32113 ( 2)
 107 E   0.64306 0.00013 0.35673 0.00007 ( 1)
 108 V   0.64288 0.00032 0.35663 0.00018 ( 1)
 109 P   0.62627 0.01693 0.34738 0.00942 ( 1)
 110 L   0.63723 0.00597 0.35348 0.00332 ( 1)
 111 L   0.64154 0.00166 0.35588 0.00092 ( 1)
 112 P   0.60897 0.03422 0.33775 0.01905 ( 1)
 113 I   0.63825 0.00494 0.35405 0.00275 ( 1)
 114 Y   0.64302 0.00018 0.35670 0.00010 ( 1)
 115 A   0.64072 0.00248 0.35542 0.00138 ( 1)
 116 Q   0.21193 0.43126 0.11683 0.23997 ( 2)
 117 A   0.64296 0.00024 0.35667 0.00013 ( 1)
 118 A   0.64285 0.00034 0.35661 0.00019 ( 1)
 119 N   0.64293 0.00027 0.35665 0.00015 ( 1)
 120 L   0.63769 0.00550 0.35374 0.00306 ( 1)
 121 H   0.64315 0.00005 0.35678 0.00003 ( 1)
 122 L   0.64207 0.00113 0.35618 0.00063 ( 1)
 123 L   0.63900 0.00420 0.35447 0.00233 ( 1)
 124 L   0.64246 0.00073 0.35640 0.00041 ( 1)
 125 L   0.64246 0.00073 0.35640 0.00041 ( 1)
 126 R   0.64295 0.00025 0.35667 0.00014 ( 1)
 127 D   0.64296 0.00024 0.35667 0.00013 ( 1)
 128 A   0.64302 0.00017 0.35671 0.00010 ( 1)
 129 S   0.63285 0.01035 0.35104 0.00576 ( 1)
 130 I   0.62279 0.02040 0.34545 0.01136 ( 1)
 131 F   0.64314 0.00006 0.35677 0.00003 ( 1)
 132 G   0.64215 0.00105 0.35622 0.00058 ( 1)
 133 K   0.62197 0.02123 0.34499 0.01182 ( 1)
 134 E   0.38766 0.25554 0.21445 0.14235 ( 1)
 135 W   0.61841 0.02478 0.34301 0.01379 ( 1)
 136 G   0.64296 0.00024 0.35667 0.00013 ( 1)
 137 L   0.61244 0.03075 0.33968 0.01712 ( 1)
 138 S   0.63990 0.00329 0.35497 0.00183 ( 1)
 139 A   0.60546 0.03774 0.33580 0.02101 ( 1)
 140 -   0.51497 0.12823 0.28538 0.07142 ( 1)
 141 -   0.51497 0.12823 0.28538 0.07142 ( 1)
 142 -   0.51497 0.12823 0.28538 0.07142 ( 1)
 143 S   0.00095 0.64224 0.00052 0.35628 ( 2)
 144 E   0.61545 0.02775 0.34136 0.01544 ( 1)
 145 I   0.63461 0.00858 0.35203 0.00478 ( 1)
 146 S   0.37625 0.26695 0.20810 0.14870 ( 1)
 147 T   0.07485 0.56835 0.04112 0.31568 ( 2)
 148 F   0.23060 0.41260 0.12717 0.22963 ( 2)
 149 Y   0.64302 0.00018 0.35670 0.00010 ( 1)
 150 N   0.63318 0.01001 0.35123 0.00557 ( 1)
 151 R   0.64178 0.00142 0.35602 0.00079 ( 1)
 152 Q   0.64052 0.00268 0.35532 0.00149 ( 1)
 153 V   0.22696 0.41623 0.12516 0.23165 ( 2)
 154 E   0.05122 0.59197 0.02812 0.32868 ( 2)
 155 R   0.61823 0.02496 0.34291 0.01389 ( 1)
 156 T   0.64070 0.00250 0.35541 0.00139 ( 1)
 157 R   0.09013 0.55306 0.04954 0.30726 ( 2)
 158 D   0.12847 0.51473 0.07068 0.28612 ( 2)
 159 Y   0.64302 0.00018 0.35670 0.00010 ( 1)
 160 S   0.61127 0.03193 0.33903 0.01777 ( 1)
 161 D   0.64170 0.00150 0.35597 0.00083 ( 1)
 162 H   0.64109 0.00210 0.35563 0.00117 ( 1)
 163 C   0.64304 0.00016 0.35671 0.00009 ( 1)
 164 V   0.60734 0.03585 0.33685 0.01996 ( 1)
 165 K   0.63844 0.00476 0.35415 0.00265 ( 1)
 166 W   0.45823 0.18496 0.25376 0.10304 ( 1)
 167 Y   0.64059 0.00261 0.35535 0.00145 ( 1)
 168 N   0.63826 0.00494 0.35405 0.00275 ( 1)
 169 T   0.61345 0.02974 0.34025 0.01655 ( 1)
 170 G   0.64282 0.00038 0.35659 0.00021 ( 1)
 171 L   0.64234 0.00086 0.35633 0.00048 ( 1)
 172 N   0.06762 0.57558 0.03714 0.31966 ( 2)
 173 N   0.28832 0.35488 0.15920 0.19760 ( 2)
 174 L   0.33344 0.30976 0.18428 0.17253 ( 1)
 175 R   0.61437 0.02883 0.34075 0.01605 ( 1)
 176 G   0.18275 0.46044 0.10067 0.25613 ( 2)
 177 T   0.07417 0.56903 0.04075 0.31606 ( 2)
 178 N   0.46512 0.17807 0.25760 0.09920 ( 1)
 179 A   0.60000 0.04320 0.33276 0.02405 ( 1)
 180 -   0.47389 0.16930 0.26249 0.09431 ( 1)
 181 -   0.50578 0.13742 0.28026 0.07654 ( 1)
 182 -   0.18892 0.45428 0.10409 0.25272 ( 2)
 183 -   0.55676 0.08644 0.30867 0.04813 ( 1)
 184 -   0.51497 0.12823 0.28538 0.07142 ( 1)
 185 -   0.51497 0.12823 0.28538 0.07142 ( 1)
 186 -   0.51497 0.12823 0.28538 0.07142 ( 1)
 187 -   0.51497 0.12823 0.28538 0.07142 ( 1)
 188 -   0.51497 0.12823 0.28538 0.07142 ( 1)
 189 -   0.51497 0.12823 0.28538 0.07142 ( 1)
 190 -   0.51497 0.12823 0.28538 0.07142 ( 1)
 191 -   0.51497 0.12823 0.28538 0.07142 ( 1)
 192 -   0.51497 0.12823 0.28538 0.07142 ( 1)
 193 -   0.51497 0.12823 0.28538 0.07142 ( 1)
 194 -   0.51497 0.12823 0.28538 0.07142 ( 1)
 195 -   0.51497 0.12823 0.28538 0.07142 ( 1)
 196 -   0.51497 0.12823 0.28538 0.07142 ( 1)
 197 -   0.51497 0.12823 0.28538 0.07142 ( 1)
 198 -   0.51497 0.12823 0.28538 0.07142 ( 1)
 199 -   0.51497 0.12823 0.28538 0.07142 ( 1)
 200 -   0.51497 0.12823 0.28538 0.07142 ( 1)
 201 -   0.51497 0.12823 0.28538 0.07142 ( 1)
 202 -   0.51497 0.12823 0.28538 0.07142 ( 1)
 203 -   0.51497 0.12823 0.28538 0.07142 ( 1)
 204 -   0.51497 0.12823 0.28538 0.07142 ( 1)
 205 -   0.51497 0.12823 0.28538 0.07142 ( 1)
 206 -   0.51497 0.12823 0.28538 0.07142 ( 1)
 207 -   0.54876 0.09443 0.30422 0.05259 ( 1)
 208 -   0.62291 0.02029 0.34551 0.01129 ( 1)
 209 -   0.31894 0.32426 0.17622 0.18059 ( 2)
 210 -   0.61594 0.02725 0.34163 0.01517 ( 1)
 211 K   0.00405 0.63915 0.00222 0.35458 ( 2)
 212 S   0.40792 0.23528 0.22573 0.13107 ( 1)
 213 W   0.63937 0.00383 0.35468 0.00213 ( 1)
 214 V   0.36006 0.28314 0.19908 0.15772 ( 1)
 215 R   0.00141 0.64178 0.00077 0.35603 ( 2)
 216 Y   0.64302 0.00018 0.35670 0.00010 ( 1)
 217 N   0.63168 0.01152 0.35039 0.00641 ( 1)
 218 Q   0.55066 0.09254 0.30527 0.05153 ( 1)
 219 F   0.64284 0.00035 0.35661 0.00020 ( 1)
 220 R   0.64278 0.00042 0.35657 0.00023 ( 1)
 221 K   0.64263 0.00056 0.35649 0.00031 ( 1)
 222 D   0.64056 0.00264 0.35534 0.00147 ( 1)
 223 M   0.64302 0.00018 0.35670 0.00010 ( 1)
 224 T   0.63708 0.00611 0.35340 0.00340 ( 1)
 225 L   0.63602 0.00717 0.35281 0.00399 ( 1)
 226 M   0.63602 0.00718 0.35281 0.00399 ( 1)
 227 V   0.64280 0.00039 0.35658 0.00022 ( 1)
 228 L   0.64204 0.00115 0.35617 0.00064 ( 1)
 229 D   0.64311 0.00009 0.35675 0.00005 ( 1)
 230 L   0.60047 0.04272 0.33302 0.02378 ( 1)
 231 V   0.62015 0.02304 0.34398 0.01283 ( 1)
 232 A   0.60730 0.03589 0.33682 0.01998 ( 1)
 233 L   0.58391 0.05928 0.32380 0.03301 ( 1)
 234 F   0.64287 0.00032 0.35662 0.00018 ( 1)
 235 P   0.64175 0.00145 0.35600 0.00080 ( 1)
 236 S   0.01172 0.63147 0.00643 0.35038 ( 2)

