Supplemental results for CODEML (seqf: algn  treef: tree)


dN/dS (w) for site classes (K=4)

site class             0        1       2a       2b
proportion       0.74698  0.16192  0.07487  0.01623
background w     0.10980  1.00000  0.10980  1.00000
foreground w     0.10980  1.00000  4.18223  4.18223

Naive Empirical Bayes (NEB) probabilities for 4 classes
(amino acids refer to 1st sequence: BT_Cry8Ab1)

   1 P   0.93734 0.04869 0.01281 0.00117 ( 1)
   2 F   0.98614 0.00607 0.00762 0.00018 ( 1)
   3 A   0.06618 0.79681 0.04051 0.09650 ( 2)
   4 S   0.08309 0.88641 0.00068 0.02982 ( 2)
   5 Q   0.69042 0.29363 0.00867 0.00727 ( 1)
   6 I   0.98767 0.00395 0.00823 0.00015 ( 1)
   7 V   0.85776 0.10930 0.02632 0.00661 ( 1)
   8 S   0.92053 0.07533 0.00323 0.00090 ( 1)
   9 F   0.98614 0.00607 0.00762 0.00018 ( 1)
  10 Y   0.97802 0.01287 0.00878 0.00033 ( 1)
  11 N   0.04043 0.35570 0.50199 0.10188 ( 3)
  12 F   0.97235 0.01689 0.01039 0.00037 ( 1)
  13 I   0.67192 0.07395 0.24775 0.00638 ( 1)
  14 L   0.37022 0.50821 0.05537 0.06620 ( 2)
  15 D   0.55475 0.32392 0.10179 0.01954 ( 1)
  16 Q   0.04234 0.15052 0.75162 0.05551 ( 3)
  17 L   0.94535 0.03174 0.02161 0.00130 ( 1)
  18 W   0.91654 0.06494 0.01673 0.00178 ( 1)
  19 P   0.98418 0.01007 0.00557 0.00018 ( 1)
  20 S   0.06429 0.12159 0.77983 0.03429 ( 3)
  21 N   0.92187 0.06594 0.01014 0.00205 ( 1)
  22 S   0.03823 0.59659 0.24351 0.12167 ( 2)
  23 V   0.13296 0.26159 0.56678 0.03866 ( 3)
  24 S   0.09159 0.11432 0.77186 0.02223 ( 3)
  25 V   0.59467 0.32563 0.06125 0.01845 ( 1)
  26 W   0.91654 0.06494 0.01673 0.00178 ( 1)
  27 E   0.98183 0.00735 0.01054 0.00027 ( 1)
  28 Q   0.00203 0.72811 0.03122 0.23863 ( 2)
  29 I   0.59870 0.07530 0.31758 0.00842 ( 1)
  30 M   0.94970 0.04657 0.00313 0.00060 ( 1)
  31 T   0.11101 0.51586 0.23215 0.14098 ( 2)
  32 L   0.74795 0.22944 0.01417 0.00845 ( 1)
  33 V   0.95499 0.02850 0.01557 0.00094 ( 1)
  34 E   0.97885 0.00885 0.01199 0.00031 ( 1)
  35 E   0.91413 0.06850 0.01443 0.00294 ( 1)
  36 L   0.97961 0.01248 0.00761 0.00030 ( 1)
  37 V   0.86060 0.10952 0.02438 0.00550 ( 1)
  38 D   0.86480 0.04203 0.09124 0.00194 ( 1)
  39 Q   0.97269 0.01920 0.00774 0.00037 ( 1)
  40 K   0.71083 0.07052 0.21335 0.00530 ( 1)
  41 I   0.98767 0.00395 0.00823 0.00015 ( 1)
  42 T   0.98714 0.00657 0.00613 0.00015 ( 1)
  43 E   0.91413 0.06850 0.01443 0.00294 ( 1)
  44 Y   0.45022 0.46191 0.06139 0.02648 ( 2)
  45 A   0.92169 0.06257 0.01310 0.00263 ( 1)
  46 R   0.98157 0.01289 0.00533 0.00022 ( 1)
  47 N   0.93527 0.05429 0.00868 0.00176 ( 1)
  48 K   0.27168 0.44902 0.21152 0.06778 ( 2)
  49 A   0.98195 0.00857 0.00921 0.00027 ( 1)
  50 L   0.78401 0.20447 0.00668 0.00484 ( 1)
  51 A   0.98257 0.00738 0.00978 0.00027 ( 1)
  52 E   0.43792 0.41569 0.12108 0.02531 ( 1)
  53 L   0.95424 0.02604 0.01869 0.00103 ( 1)
  54 K   0.37207 0.60494 0.00508 0.01791 ( 2)
  55 G   0.98571 0.00793 0.00619 0.00017 ( 1)
  56 L   0.96350 0.02197 0.01380 0.00073 ( 1)
  57 G   0.98617 0.00747 0.00619 0.00016 ( 1)
  58 D   0.91648 0.07127 0.00994 0.00232 ( 1)
  59 A   0.22421 0.50776 0.17925 0.08878 ( 2)
  60 L   0.27782 0.62350 0.05928 0.03940 ( 2)
  61 G   0.00854 0.93556 0.00111 0.05479 ( 2)
  62 V   0.97700 0.00833 0.01427 0.00040 ( 1)
  63 Y   0.97802 0.01287 0.00878 0.00033 ( 1)
  64 Q   0.94271 0.04436 0.01184 0.00109 ( 1)
  65 Q   0.11499 0.58484 0.19979 0.10038 ( 2)
  66 S   0.95926 0.02058 0.01933 0.00084 ( 1)
  67 L   0.98280 0.01017 0.00681 0.00022 ( 1)
  68 E   0.43181 0.40245 0.13308 0.03266 ( 1)
  69 A   0.48503 0.48782 0.00640 0.02075 ( 2)
  70 W   0.91654 0.06494 0.01673 0.00178 ( 1)
  71 L   0.65351 0.32391 0.01186 0.01073 ( 1)
  72 E   0.24574 0.45790 0.22715 0.06921 ( 2)
  73 N   0.86528 0.04121 0.09158 0.00193 ( 1)
  74 R   0.73946 0.24132 0.01145 0.00777 ( 1)
  75 N   0.98866 0.00510 0.00611 0.00013 ( 1)
  76 D   0.97743 0.01315 0.00901 0.00041 ( 1)
  77 T   0.93068 0.06199 0.00585 0.00149 ( 1)
  78 R   0.95350 0.01423 0.03129 0.00098 ( 1)
  79 A   0.06217 0.57871 0.27449 0.08463 ( 2)
  80 R   0.06031 0.07119 0.84218 0.02632 ( 3)
  81 S   0.98797 0.00848 0.00345 0.00010 ( 1)
  82 V   0.97586 0.01051 0.01320 0.00043 ( 1)
  83 V   0.97341 0.01206 0.01403 0.00050 ( 1)
  84 S   0.00206 0.72647 0.04427 0.22721 ( 2)
  85 N   0.37276 0.52509 0.06859 0.03356 ( 2)
  86 Q   0.97269 0.01920 0.00774 0.00037 ( 1)
  87 F   0.90029 0.08432 0.01183 0.00356 ( 1)
  88 I   0.19762 0.77092 0.00167 0.02979 ( 2)
  89 A   0.97221 0.01814 0.00914 0.00050 ( 1)
  90 L   0.96401 0.02146 0.01381 0.00071 ( 1)
  91 E   0.41443 0.46553 0.09210 0.02794 ( 2)
  92 L   0.98261 0.01035 0.00681 0.00022 ( 1)
  93 D   0.98640 0.00524 0.00819 0.00017 ( 1)
  94 F   0.98614 0.00607 0.00762 0.00018 ( 1)
  95 V   0.97586 0.01051 0.01320 0.00043 ( 1)
  96 G   0.00089 0.89850 0.00182 0.09879 ( 2)
  97 A   0.42624 0.50386 0.02049 0.04941 ( 2)
  98 I   0.96875 0.02056 0.01011 0.00058 ( 1)
  99 P   0.98418 0.01007 0.00557 0.00018 ( 1)
 100 S   0.37717 0.19596 0.39889 0.02799 ( 3)
 101 F   0.98614 0.00607 0.00762 0.00018 ( 1)
 102 A   0.98534 0.00583 0.00863 0.00020 ( 1)
 103 V   0.58879 0.34243 0.04944 0.01935 ( 1)
 104 S   0.05069 0.12870 0.77920 0.04140 ( 3)
 105 G   0.97606 0.01631 0.00725 0.00038 ( 1)
 106 Q   0.93495 0.04995 0.01388 0.00122 ( 1)
 107 E   0.59393 0.09163 0.30482 0.00962 ( 1)
 108 V   0.97468 0.00827 0.01658 0.00047 ( 1)
 109 P   0.98418 0.01007 0.00557 0.00018 ( 1)
 110 L   0.96401 0.02146 0.01381 0.00071 ( 1)
 111 L   0.94279 0.02723 0.02848 0.00150 ( 1)
 112 A   0.36525 0.60484 0.00617 0.02373 ( 2)
 113 V   0.97457 0.01049 0.01447 0.00047 ( 1)
 114 Y   0.97727 0.01355 0.00883 0.00034 ( 1)
 115 A   0.98534 0.00583 0.00863 0.00020 ( 1)
 116 Q   0.95890 0.03138 0.00905 0.00068 ( 1)
 117 A   0.98275 0.00816 0.00884 0.00025 ( 1)
 118 V   0.68422 0.28167 0.02113 0.01298 ( 1)
 119 N   0.97822 0.01414 0.00728 0.00036 ( 1)
 120 M   0.64131 0.33088 0.01205 0.01576 ( 1)
 121 H   0.97445 0.01841 0.00673 0.00040 ( 1)
 122 L   0.95332 0.03065 0.01512 0.00091 ( 1)
 123 L   0.95051 0.03257 0.01574 0.00118 ( 1)
 124 L   0.96401 0.02146 0.01381 0.00071 ( 1)
 125 L   0.95783 0.02498 0.01622 0.00097 ( 1)
 126 R   0.73032 0.11505 0.14686 0.00777 ( 1)
 127 D   0.97743 0.01315 0.00901 0.00041 ( 1)
 128 A   0.97819 0.00815 0.01328 0.00038 ( 1)
 129 S   0.97453 0.01706 0.00803 0.00038 ( 1)
 130 I   0.67058 0.07383 0.24916 0.00643 ( 1)
 131 F   0.98614 0.00607 0.00762 0.00018 ( 1)
 132 G   0.98491 0.00862 0.00627 0.00019 ( 1)
 133 E   0.88421 0.09529 0.01577 0.00473 ( 1)
 134 E   0.72918 0.12403 0.13926 0.00753 ( 1)
 135 W   0.91654 0.06494 0.01673 0.00178 ( 1)
 136 G   0.98617 0.00747 0.00619 0.00016 ( 1)
 137 F   0.95381 0.03539 0.01009 0.00072 ( 1)
 138 T   0.92521 0.06740 0.00577 0.00162 ( 1)
 139 S   0.22887 0.46488 0.22573 0.08052 ( 2)
 140 S   0.03278 0.88836 0.00127 0.07759 ( 2)
 141 E   0.98183 0.00735 0.01054 0.00027 ( 1)
 142 I   0.98443 0.00700 0.00835 0.00021 ( 1)
 143 S   0.90801 0.06719 0.02243 0.00237 ( 1)
 144 T   0.83363 0.15706 0.00530 0.00401 ( 1)
 145 Y   0.75473 0.22854 0.00981 0.00692 ( 1)
 146 Y   0.96780 0.02221 0.00943 0.00057 ( 1)
 147 N   0.73670 0.23411 0.01997 0.00921 ( 1)
 148 R   0.97672 0.01845 0.00462 0.00021 ( 1)
 149 Q   0.96658 0.02424 0.00868 0.00051 ( 1)
 150 V   0.50175 0.18083 0.29800 0.01943 ( 1)
 151 Q   0.06529 0.85766 0.01212 0.06494 ( 2)
 152 L   0.68191 0.28813 0.01603 0.01393 ( 1)
 153 T   0.94413 0.03445 0.02028 0.00113 ( 1)
 154 S   0.83849 0.14372 0.01211 0.00568 ( 1)
 155 Q   0.56290 0.13251 0.29042 0.01417 ( 1)
 156 Y   0.94045 0.03598 0.02225 0.00132 ( 1)
 157 S   0.16634 0.64864 0.09930 0.08571 ( 2)
 158 D   0.86480 0.04203 0.09124 0.00194 ( 1)
 159 Y   0.96667 0.01831 0.01447 0.00056 ( 1)
 160 C   0.98076 0.01397 0.00506 0.00022 ( 1)
 161 V   0.62434 0.11369 0.24999 0.01198 ( 1)
 162 K   0.21154 0.14533 0.60690 0.03623 ( 3)
 163 W   0.91654 0.06494 0.01673 0.00178 ( 1)
 164 Y   0.95859 0.03063 0.00999 0.00079 ( 1)
 165 D   0.45537 0.52626 0.00337 0.01500 ( 2)
 166 T   0.96117 0.02613 0.01186 0.00084 ( 1)
 167 G   0.97969 0.01364 0.00640 0.00027 ( 1)
 168 L   0.96401 0.02146 0.01381 0.00071 ( 1)
 169 Q   0.03882 0.89592 0.00137 0.06389 ( 2)
 170 K   0.03389 0.04353 0.89979 0.02279 ( 3)
 171 L   0.96401 0.02146 0.01381 0.00071 ( 1)
 172 K   0.83149 0.06060 0.10531 0.00260 ( 1)
 173 G   0.97462 0.00904 0.01587 0.00047 ( 1)
 174 T   0.96104 0.02812 0.01009 0.00076 ( 1)
 175 S   0.28966 0.67873 0.00524 0.02637 ( 2)
 176 A   0.80285 0.06850 0.12513 0.00351 ( 1)
 177 E   0.83410 0.14637 0.01303 0.00649 ( 1)
 178 S   0.58334 0.40974 0.00205 0.00487 ( 1)
 179 W   0.91654 0.06494 0.01673 0.00178 ( 1)
 180 L   0.91094 0.05745 0.02840 0.00321 ( 1)
 181 E   0.25594 0.58032 0.11074 0.05300 ( 2)
 182 Y   0.97802 0.01287 0.00878 0.00033 ( 1)
 183 H   0.98225 0.01119 0.00632 0.00024 ( 1)
 184 Q   0.97269 0.01920 0.00774 0.00037 ( 1)
 185 F   0.95381 0.03539 0.01009 0.00072 ( 1)
 186 R   0.93674 0.05150 0.01059 0.00117 ( 1)
 187 R   0.98588 0.00950 0.00449 0.00014 ( 1)
 188 E   0.97464 0.01382 0.01105 0.00049 ( 1)
 189 M   0.99115 0.00551 0.00327 0.00007 ( 1)
 190 T   0.98384 0.00938 0.00658 0.00020 ( 1)
 191 F   0.22180 0.73905 0.00630 0.03285 ( 2)
 192 M   0.37343 0.50463 0.08693 0.03501 ( 2)
 193 V   0.97700 0.00833 0.01427 0.00040 ( 1)
 194 L   0.96401 0.02146 0.01381 0.00071 ( 1)
 195 D   0.98640 0.00524 0.00819 0.00017 ( 1)
 196 L   0.34550 0.18557 0.43647 0.03247 ( 3)
 197 V   0.97133 0.01186 0.01630 0.00051 ( 1)
 198 A   0.97246 0.01524 0.01190 0.00040 ( 1)
 199 L   0.95597 0.02271 0.02026 0.00105 ( 1)
 200 F   0.98614 0.00607 0.00762 0.00018 ( 1)
 201 P   0.98418 0.01007 0.00557 0.00018 ( 1)
 202 N   0.53854 0.17730 0.26523 0.01893 ( 1)


lnL = -1966.428939

Bayes Empirical Bayes (BEB) probabilities for 4 classes (class)
(amino acids refer to 1st sequence: BT_Cry8Ab1)

   1 P   0.94166 0.04569 0.01167 0.00097 ( 1)
   2 F   0.98600 0.00622 0.00761 0.00017 ( 1)
   3 A   0.15890 0.71018 0.06062 0.07030 ( 2)
   4 S   0.19547 0.77788 0.00168 0.02497 ( 2)
   5 Q   0.74880 0.23638 0.00901 0.00581 ( 1)
   6 I   0.98754 0.00416 0.00816 0.00014 ( 1)
   7 V   0.87476 0.09205 0.02755 0.00564 ( 1)
   8 S   0.93084 0.06425 0.00394 0.00097 ( 1)
   9 F   0.98600 0.00622 0.00761 0.00017 ( 1)
  10 Y   0.97820 0.01277 0.00873 0.00030 ( 1)
  11 N   0.08997 0.32890 0.50526 0.07587 ( 3)
  12 F   0.97304 0.01650 0.01012 0.00034 ( 1)
  13 I   0.74513 0.06620 0.18403 0.00465 ( 1)
  14 L   0.46462 0.42496 0.06191 0.04852 ( 1)
  15 D   0.66048 0.24386 0.08262 0.01304 ( 1)
  16 Q   0.08978 0.16826 0.69502 0.04694 ( 3)
  17 L   0.94822 0.03037 0.02029 0.00112 ( 1)
  18 W   0.92442 0.06030 0.01393 0.00135 ( 1)
  19 P   0.98391 0.01002 0.00589 0.00017 ( 1)
  20 S   0.12333 0.12831 0.71884 0.02952 ( 3)
  21 N   0.93119 0.05687 0.01019 0.00176 ( 1)
  22 S   0.09286 0.54992 0.26786 0.08936 ( 2)
  23 V   0.24420 0.26071 0.46617 0.02891 ( 3)
  24 S   0.19552 0.13532 0.65134 0.01782 ( 3)
  25 V   0.69271 0.24404 0.05077 0.01248 ( 1)
  26 W   0.92442 0.06030 0.01393 0.00135 ( 1)
  27 E   0.98186 0.00756 0.01033 0.00025 ( 1)
  28 Q   0.00818 0.70973 0.06526 0.21683 ( 2)
  29 I   0.67740 0.06801 0.24818 0.00641 ( 1)
  30 M   0.95524 0.04049 0.00364 0.00063 ( 1)
  31 T   0.19250 0.45516 0.24911 0.10323 ( 2)
  32 L   0.79274 0.18658 0.01413 0.00654 ( 1)
  33 V   0.95743 0.02740 0.01438 0.00080 ( 1)
  34 E   0.97884 0.00898 0.01190 0.00029 ( 1)
  35 E   0.92410 0.05931 0.01416 0.00244 ( 1)
  36 L   0.97936 0.01236 0.00798 0.00029 ( 1)
  37 V   0.87997 0.09247 0.02321 0.00435 ( 1)
  38 D   0.88920 0.03697 0.07229 0.00153 ( 1)
  39 Q   0.97312 0.01864 0.00789 0.00035 ( 1)
  40 K   0.77354 0.06252 0.16003 0.00391 ( 1)
  41 I   0.98754 0.00416 0.00816 0.00014 ( 1)
  42 T   0.98680 0.00667 0.00638 0.00015 ( 1)
  43 E   0.92410 0.05931 0.01416 0.00244 ( 1)
  44 Y   0.58065 0.34761 0.05421 0.01752 ( 1)
  45 A   0.93099 0.05421 0.01265 0.00215 ( 1)
  46 R   0.98117 0.01270 0.00591 0.00022 ( 1)
  47 N   0.94233 0.04727 0.00887 0.00153 ( 1)
  48 K   0.38700 0.35803 0.20664 0.04832 ( 1)
  49 A   0.98184 0.00866 0.00924 0.00026 ( 1)
  50 L   0.82149 0.16742 0.00705 0.00404 ( 1)
  51 A   0.98208 0.00752 0.01014 0.00026 ( 1)
  52 E   0.56768 0.31672 0.09918 0.01643 ( 1)
  53 L   0.95627 0.02514 0.01769 0.00090 ( 1)
  54 K   0.51998 0.46040 0.00671 0.01292 ( 1)
  55 G   0.98542 0.00799 0.00642 0.00017 ( 1)
  56 L   0.96498 0.02138 0.01300 0.00063 ( 1)
  57 G   0.98586 0.00755 0.00643 0.00016 ( 1)
  58 D   0.92641 0.06146 0.01013 0.00199 ( 1)
  59 A   0.34384 0.42010 0.17557 0.06049 ( 2)
  60 L   0.41724 0.49409 0.06086 0.02782 ( 2)
  61 G   0.03268 0.91684 0.00305 0.04743 ( 2)
  62 V   0.97737 0.00856 0.01370 0.00036 ( 1)
  63 Y   0.97820 0.01277 0.00873 0.00030 ( 1)
  64 Q   0.94575 0.04173 0.01155 0.00097 ( 1)
  65 Q   0.20192 0.50073 0.22222 0.07512 ( 2)
  66 S   0.96065 0.01999 0.01862 0.00074 ( 1)
  67 L   0.98257 0.01015 0.00707 0.00021 ( 1)
  68 E   0.55695 0.30766 0.11370 0.02168 ( 1)
  69 A   0.61456 0.36316 0.00787 0.01442 ( 1)
  70 W   0.92442 0.06030 0.01393 0.00135 ( 1)
  71 L   0.71953 0.26090 0.01167 0.00790 ( 1)
  72 E   0.35667 0.36747 0.22523 0.05064 ( 2)
  73 N   0.88963 0.03621 0.07264 0.00152 ( 1)
  74 R   0.78529 0.19541 0.01274 0.00656 ( 1)
  75 N   0.98827 0.00525 0.00635 0.00013 ( 1)
  76 D   0.97739 0.01312 0.00910 0.00038 ( 1)
  77 T   0.93902 0.05353 0.00613 0.00132 ( 1)
  78 R   0.95631 0.01408 0.02877 0.00084 ( 1)
  79 A   0.14205 0.52328 0.27526 0.05940 ( 2)
  80 R   0.12159 0.08581 0.76978 0.02282 ( 3)
  81 S   0.98723 0.00847 0.00419 0.00011 ( 1)
  82 V   0.97632 0.01063 0.01266 0.00039 ( 1)
  83 V   0.97361 0.01208 0.01384 0.00046 ( 1)
  84 S   0.00837 0.72277 0.08197 0.18689 ( 2)
  85 N   0.51127 0.40356 0.06292 0.02226 ( 1)
  86 Q   0.97312 0.01864 0.00789 0.00035 ( 1)
  87 F   0.91325 0.07233 0.01155 0.00286 ( 1)
  88 I   0.37006 0.60546 0.00310 0.02138 ( 2)
  89 A   0.97264 0.01780 0.00911 0.00045 ( 1)
  90 L   0.96547 0.02090 0.01301 0.00062 ( 1)
  91 E   0.54619 0.35558 0.07975 0.01849 ( 1)
  92 L   0.98239 0.01032 0.00707 0.00022 ( 1)
  93 D   0.98616 0.00543 0.00824 0.00016 ( 1)
  94 F   0.98600 0.00622 0.00761 0.00017 ( 1)
  95 V   0.97632 0.01063 0.01266 0.00039 ( 1)
  96 G   0.00481 0.90297 0.00514 0.08709 ( 2)
  97 A   0.55597 0.37890 0.02810 0.03703 ( 1)
  98 I   0.96929 0.02009 0.01009 0.00053 ( 1)
  99 P   0.98391 0.01002 0.00589 0.00017 ( 1)
 100 S   0.48886 0.18175 0.30948 0.01991 ( 1)
 101 F   0.98600 0.00622 0.00761 0.00017 ( 1)
 102 A   0.98527 0.00600 0.00855 0.00018 ( 1)
 103 V   0.68934 0.25560 0.04200 0.01306 ( 1)
 104 S   0.10916 0.14923 0.70637 0.03523 ( 3)
 105 G   0.97605 0.01601 0.00757 0.00037 ( 1)
 106 Q   0.93994 0.04679 0.01229 0.00099 ( 1)
 107 E   0.67619 0.08263 0.23405 0.00714 ( 1)
 108 V   0.97319 0.00845 0.01789 0.00047 ( 1)
 109 P   0.98391 0.01002 0.00589 0.00017 ( 1)
 110 L   0.96547 0.02090 0.01301 0.00062 ( 1)
 111 L   0.94522 0.02625 0.02722 0.00131 ( 1)
 112 A   0.51166 0.46404 0.00791 0.01639 ( 1)
 113 V   0.97498 0.01060 0.01400 0.00042 ( 1)
 114 Y   0.97748 0.01342 0.00878 0.00032 ( 1)
 115 A   0.98527 0.00600 0.00855 0.00018 ( 1)
 116 Q   0.96038 0.02993 0.00907 0.00062 ( 1)
 117 A   0.98244 0.00826 0.00906 0.00024 ( 1)
 118 V   0.74319 0.22813 0.01953 0.00914 ( 1)
 119 N   0.97809 0.01402 0.00754 0.00034 ( 1)
 120 M   0.70744 0.26839 0.01253 0.01165 ( 1)
 121 H   0.97468 0.01800 0.00694 0.00038 ( 1)
 122 L   0.95605 0.02932 0.01386 0.00076 ( 1)
 123 L   0.95295 0.03121 0.01483 0.00102 ( 1)
 124 L   0.96547 0.02090 0.01301 0.00062 ( 1)
 125 L   0.95980 0.02420 0.01518 0.00083 ( 1)
 126 R   0.78390 0.09897 0.11149 0.00564 ( 1)
 127 D   0.97739 0.01312 0.00910 0.00038 ( 1)
 128 A   0.97632 0.00824 0.01504 0.00040 ( 1)
 129 S   0.97480 0.01669 0.00815 0.00036 ( 1)
 130 I   0.74362 0.06615 0.18553 0.00469 ( 1)
 131 F   0.98600 0.00622 0.00761 0.00017 ( 1)
 132 G   0.98463 0.00867 0.00652 0.00018 ( 1)
 133 E   0.89933 0.08163 0.01528 0.00376 ( 1)
 134 E   0.77996 0.10529 0.10911 0.00564 ( 1)
 135 W   0.92442 0.06030 0.01393 0.00135 ( 1)
 136 G   0.98586 0.00755 0.00643 0.00016 ( 1)
 137 F   0.95604 0.03352 0.00980 0.00064 ( 1)
 138 T   0.93449 0.05802 0.00605 0.00144 ( 1)
 139 S   0.33562 0.37146 0.23343 0.05948 ( 2)
 140 S   0.08950 0.83713 0.00359 0.06979 ( 2)
 141 E   0.98186 0.00756 0.01033 0.00025 ( 1)
 142 I   0.98434 0.00714 0.00832 0.00020 ( 1)
 143 S   0.91745 0.06243 0.01837 0.00176 ( 1)
 144 T   0.86087 0.13005 0.00569 0.00339 ( 1)
 145 Y   0.79821 0.18644 0.00990 0.00545 ( 1)
 146 Y   0.96858 0.02161 0.00930 0.00051 ( 1)
 147 N   0.78410 0.19061 0.01853 0.00675 ( 1)
 148 R   0.97645 0.01788 0.00544 0.00023 ( 1)
 149 Q   0.96747 0.02333 0.00874 0.00047 ( 1)
 150 V   0.60223 0.16108 0.22317 0.01353 ( 1)
 151 Q   0.16024 0.76933 0.02039 0.05004 ( 2)
 152 L   0.73748 0.23250 0.01840 0.01163 ( 1)
 153 T   0.94938 0.03281 0.01694 0.00087 ( 1)
 154 S   0.86365 0.11995 0.01192 0.00448 ( 1)
 155 Q   0.64418 0.11595 0.22931 0.01057 ( 1)
 156 Y   0.94618 0.03427 0.01854 0.00101 ( 1)
 157 S   0.27686 0.54122 0.11655 0.06538 ( 2)
 158 D   0.88920 0.03697 0.07229 0.00153 ( 1)
 159 Y   0.96825 0.01790 0.01338 0.00048 ( 1)
 160 C   0.98054 0.01372 0.00552 0.00022 ( 1)
 161 V   0.69648 0.10016 0.19445 0.00891 ( 1)
 162 K   0.29888 0.14142 0.53052 0.02917 ( 3)
 163 W   0.92442 0.06030 0.01393 0.00135 ( 1)
 164 Y   0.96011 0.02940 0.00979 0.00070 ( 1)
 165 D   0.59178 0.39268 0.00451 0.01103 ( 1)
 166 T   0.96067 0.02516 0.01331 0.00085 ( 1)
 167 G   0.97948 0.01346 0.00680 0.00027 ( 1)
 168 L   0.96547 0.02090 0.01301 0.00062 ( 1)
 169 Q   0.10326 0.83973 0.00351 0.05351 ( 2)
 170 K   0.06141 0.05330 0.86411 0.02117 ( 3)
 171 L   0.96547 0.02090 0.01301 0.00062 ( 1)
 172 K   0.86415 0.05271 0.08114 0.00200 ( 1)
 173 G   0.97388 0.00907 0.01659 0.00046 ( 1)
 174 T   0.96194 0.02693 0.01042 0.00071 ( 1)
 175 S   0.43665 0.53627 0.00757 0.01951 ( 2)
 176 A   0.84325 0.05954 0.09459 0.00262 ( 1)
 177 E   0.85935 0.12253 0.01298 0.00514 ( 1)
 178 S   0.69454 0.29820 0.00285 0.00441 ( 1)
 179 W   0.92442 0.06030 0.01393 0.00135 ( 1)
 180 L   0.91604 0.05372 0.02747 0.00277 ( 1)
 181 E   0.38926 0.46644 0.10818 0.03613 ( 2)
 182 Y   0.97820 0.01277 0.00873 0.00030 ( 1)
 183 H   0.98208 0.01114 0.00655 0.00023 ( 1)
 184 Q   0.97312 0.01864 0.00789 0.00035 ( 1)
 185 F   0.95604 0.03352 0.00980 0.00064 ( 1)
 186 R   0.94018 0.04821 0.01057 0.00105 ( 1)
 187 R   0.98532 0.00946 0.00507 0.00014 ( 1)
 188 E   0.97484 0.01379 0.01092 0.00045 ( 1)
 189 M   0.99053 0.00560 0.00379 0.00008 ( 1)
 190 T   0.98334 0.00938 0.00708 0.00020 ( 1)
 191 F   0.36229 0.60495 0.00913 0.02363 ( 2)
 192 M   0.51216 0.38883 0.07647 0.02254 ( 1)
 193 V   0.97737 0.00856 0.01370 0.00036 ( 1)
 194 L   0.96547 0.02090 0.01301 0.00062 ( 1)
 195 D   0.98616 0.00543 0.00824 0.00016 ( 1)
 196 L   0.43607 0.16820 0.37052 0.02521 ( 1)
 197 V   0.97143 0.01187 0.01622 0.00047 ( 1)
 198 A   0.97327 0.01497 0.01140 0.00036 ( 1)
 199 L   0.95819 0.02208 0.01883 0.00090 ( 1)
 200 F   0.98600 0.00622 0.00761 0.00017 ( 1)
 201 P   0.98391 0.01002 0.00589 0.00017 ( 1)
 202 N   0.61999 0.15268 0.21323 0.01410 ( 1)

