Supplemental results for CODEML (seqf: algn  treef: tree)


dN/dS (w) for site classes (K=4)

site class             0        1       2a       2b
proportion       0.11905  0.18216  0.27619  0.42260
background w     0.09909  1.57792  0.09909  1.57792
foreground w     0.09909  1.57792  0.01462  0.01462

Naive Empirical Bayes (NEB) probabilities for 4 classes
(amino acids refer to 1st sequence: BT_Cry24Ca1)

   1 P   0.00402 0.98890 0.00021 0.00687 ( 2)
   2 T   0.00259 0.97979 0.00128 0.01634 ( 2)
   3 Q   0.06331 0.14094 0.15395 0.64181 ( 4)
   4 I   0.23131 0.63323 0.10579 0.02967 ( 2)
   5 E   0.01749 0.15349 0.04254 0.78648 ( 4)
   6 L   0.28919 0.00416 0.69063 0.01602 ( 3)
   7 S   0.28441 0.00338 0.69400 0.01821 ( 3)
   8 R   0.29120 0.00076 0.70441 0.00363 ( 3)
   9 Q   0.04500 0.14056 0.10931 0.70513 ( 4)
  10 I   0.28653 0.00109 0.70573 0.00664 ( 3)
  11 Y   0.28902 0.00074 0.70617 0.00407 ( 3)
  12 T   0.28977 0.00153 0.70149 0.00720 ( 3)
  13 D   0.28676 0.00020 0.71165 0.00139 ( 3)
  14 P   0.29556 0.00058 0.70184 0.00202 ( 3)
  15 V   0.28415 0.00532 0.68609 0.02443 ( 3)
  16 G   0.29378 0.00039 0.70426 0.00157 ( 3)
  17 A   0.00000 0.24605 0.00000 0.75394 ( 4)
  18 T   0.25113 0.01914 0.61754 0.11219 ( 3)
  19 F   0.00000 0.17904 0.00000 0.82096 ( 4)
  20 S   0.00000 0.16351 0.00001 0.83648 ( 4)
  21 -   0.01819 0.28302 0.04219 0.65660 ( 4)
  22 D   0.00065 0.24706 0.00153 0.75077 ( 4)
  23 F   0.00454 0.17746 0.01093 0.80708 ( 4)
  24 S   0.00447 0.21022 0.01066 0.77464 ( 4)
  25 N   0.02528 0.22092 0.05966 0.69414 ( 4)
  26 W   0.00004 0.68646 0.00005 0.31345 ( 2)
  27 T   0.04045 0.17349 0.09704 0.68902 ( 4)
  28 L   0.00011 0.16269 0.00027 0.83692 ( 4)
  29 T   0.00362 0.24308 0.00853 0.74477 ( 4)
  30 N   0.01081 0.14903 0.02641 0.81375 ( 4)
  31 R   0.00907 0.12897 0.02237 0.83959 ( 4)
  32 T   0.23698 0.03051 0.57552 0.15699 ( 3)
  33 L   0.01754 0.14548 0.04286 0.79412 ( 4)
  34 A   0.03443 0.11081 0.08568 0.76908 ( 4)
  35 -   0.12590 0.12756 0.29884 0.44770 ( 4)
  36 -   0.05848 0.72247 0.02675 0.19230 ( 2)
  37 N   0.00947 0.77547 0.00401 0.21105 ( 2)
  38 F   0.28925 0.00015 0.70969 0.00091 ( 3)
  39 N   0.26741 0.00844 0.66556 0.05859 ( 3)
  40 D   0.02366 0.18245 0.05664 0.73725 ( 4)
  41 L   0.27770 0.01219 0.66318 0.04693 ( 3)
  42 E   0.29078 0.00034 0.70716 0.00172 ( 3)
  43 R   0.07855 0.12988 0.18985 0.60172 ( 4)
  44 E   0.16076 0.09763 0.38267 0.35894 ( 3)
  45 V   0.03122 0.71850 0.03645 0.21383 ( 2)
  46 T   0.06909 0.72062 0.02524 0.18505 ( 2)
  47 D   0.01554 0.17035 0.03744 0.77668 ( 4)
  48 A   0.00371 0.90875 0.00133 0.08622 ( 2)
  49 P   0.29744 0.00083 0.69929 0.00244 ( 3)
  50 S   0.27804 0.00660 0.67932 0.03604 ( 3)
  51 L   0.29396 0.00544 0.69276 0.00785 ( 3)
  52 L   0.02393 0.14392 0.05838 0.77377 ( 4)
  53 K   0.12110 0.08482 0.29778 0.49629 ( 4)
  54 W   0.29715 0.00071 0.69998 0.00217 ( 3)
  55 L   0.26939 0.02246 0.63621 0.07194 ( 3)
  56 N   0.00083 0.12774 0.00206 0.86936 ( 4)
  57 S   0.00000 0.15481 0.00001 0.84518 ( 4)
  58 I   0.00186 0.19172 0.00448 0.80193 ( 4)
  59 E   0.00001 0.12810 0.00004 0.87185 ( 4)
  60 V   0.21313 0.04472 0.51773 0.22442 ( 3)
  61 Y   0.28988 0.00028 0.70829 0.00155 ( 3)
  62 T   0.25906 0.02636 0.61740 0.09718 ( 3)
  63 G   0.00822 0.20752 0.01958 0.76468 ( 4)
  64 A   0.00004 0.19837 0.00009 0.80151 ( 4)
  65 I   0.00330 0.15322 0.00807 0.83540 ( 4)
  66 D   0.00015 0.20483 0.00035 0.79468 ( 4)
  67 S   0.00091 0.21279 0.00218 0.78412 ( 4)
  68 H   0.00005 0.82599 0.00004 0.17392 ( 2)
  69 R   0.00061 0.15861 0.00148 0.83930 ( 4)
  70 P   0.00001 0.30120 0.00002 0.69878 ( 4)
  71 T   0.00008 0.30112 0.00019 0.69861 ( 4)
  72 S   0.00012 0.30108 0.00029 0.69851 ( 4)
  73 P   0.22223 0.07897 0.51558 0.18322 ( 3)
  74 -   0.11905 0.18216 0.27619 0.42260 ( 4)
  75 G   0.23137 0.06984 0.53677 0.16202 ( 3)
  76 E   0.00416 0.29705 0.00964 0.68915 ( 4)
  77 R   0.03644 0.26477 0.08453 0.61426 ( 4)
  78 I   0.25495 0.04625 0.59150 0.10730 ( 3)
  79 G   0.08534 0.21586 0.19800 0.50080 ( 4)
  80 V   0.16644 0.10785 0.39235 0.33336 ( 3)
  81 W   0.29715 0.00071 0.69998 0.00217 ( 3)
  82 Y   0.15510 0.09968 0.37056 0.37466 ( 4)
  83 G   0.29810 0.00112 0.69774 0.00304 ( 3)
  84 N   0.03283 0.20058 0.07783 0.68877 ( 4)
  85 R   0.00002 0.26530 0.00004 0.73464 ( 4)
  86 N   0.00761 0.12252 0.01895 0.85091 ( 4)
  87 T   0.00004 0.24140 0.00010 0.75845 ( 4)
  88 Y   0.00015 0.18014 0.00037 0.81934 ( 4)
  89 I   0.00000 0.20786 0.00001 0.79213 ( 4)
  90 N   0.00000 0.24143 0.00000 0.75857 ( 4)
  91 P   0.06711 0.10813 0.16526 0.65951 ( 4)
  92 D   0.01070 0.14691 0.02612 0.81627 ( 4)
  93 T   0.00024 0.26808 0.00056 0.73112 ( 4)
  94 N   0.00019 0.30101 0.00044 0.69836 ( 4)
  95 E   0.00046 0.30074 0.00107 0.69773 ( 4)
  96 -   0.14126 0.15994 0.32773 0.37107 ( 4)
  97 V   0.00579 0.76377 0.00769 0.22276 ( 2)
  98 S   0.00007 0.24141 0.00016 0.75836 ( 4)
  99 Y   0.00139 0.79261 0.00102 0.20498 ( 2)
 100 R   0.01108 0.16631 0.02680 0.79581 ( 4)
 101 F   0.00000 0.19843 0.00000 0.80157 ( 4)
 102 T   0.00011 0.12811 0.00028 0.87150 ( 4)
 103 G   0.28681 0.00483 0.68819 0.02017 ( 3)
 104 E   0.00011 0.15693 0.00026 0.84270 ( 4)
 105 L   0.00000 0.17758 0.00000 0.82242 ( 4)
 106 A   0.19036 0.46364 0.21771 0.12829 ( 2)
 107 Y   0.00920 0.14775 0.02247 0.82057 ( 4)
 108 E   0.16595 0.06222 0.40799 0.36384 ( 3)
 109 N   0.00067 0.16238 0.00164 0.83531 ( 4)
 110 P   0.00074 0.24275 0.00174 0.75477 ( 4)
 111 Y   0.00385 0.29736 0.00892 0.68987 ( 4)
 112 T   0.20953 0.09168 0.48611 0.21269 ( 3)
 113 F   0.03253 0.26868 0.07546 0.62334 ( 4)
 114 I   0.04274 0.22934 0.10006 0.62785 ( 4)
 115 G   0.00003 0.14080 0.00007 0.85910 ( 4)
 116 S   0.03003 0.69874 0.03262 0.23861 ( 2)
 117 F   0.01415 0.17038 0.03417 0.78131 ( 4)
 118 F   0.00006 0.15257 0.00015 0.84722 ( 4)
 119 D   0.11325 0.07615 0.28181 0.52879 ( 4)
 120 N   0.19241 0.04883 0.47311 0.28564 ( 3)
 121 D   0.28676 0.00020 0.71165 0.00139 ( 3)
 122 I   0.28523 0.00172 0.70254 0.01051 ( 3)
 123 Y   0.25835 0.01551 0.63381 0.09233 ( 3)
 124 K   0.27921 0.00633 0.68091 0.03355 ( 3)
 125 V   0.00260 0.80037 0.00095 0.19607 ( 2)
 126 A   0.00263 0.16188 0.00640 0.82909 ( 4)
 127 L   0.18174 0.08531 0.43167 0.30128 ( 3)
 128 R   0.00770 0.14220 0.01893 0.83118 ( 4)
 129 A   0.28157 0.00404 0.69101 0.02338 ( 3)
 130 A   0.21879 0.03767 0.53429 0.20925 ( 3)
 131 A   0.00000 0.14875 0.00001 0.85124 ( 4)
 132 -   0.12347 0.14743 0.29036 0.43875 ( 4)
 133 -   0.13121 0.07989 0.32121 0.46769 ( 4)
 134 -   0.13128 0.07863 0.32209 0.46800 ( 4)
 135 -   0.04428 0.78686 0.01995 0.14892 ( 2)
 136 V   0.19671 0.04489 0.48444 0.27396 ( 3)
 137 S   0.00184 0.12736 0.00456 0.86624 ( 4)
 138 T   0.00066 0.15461 0.00161 0.84312 ( 4)
 139 T   0.05427 0.11851 0.13345 0.69377 ( 4)
 140 F   0.00000 0.12593 0.00000 0.87407 ( 4)
 141 G   0.00000 0.16286 0.00001 0.83713 ( 4)
 142 S   0.00109 0.18540 0.00265 0.81085 ( 4)
 143 N   0.00000 0.25288 0.00000 0.74712 ( 4)
 144 D   0.10379 0.10830 0.25143 0.53649 ( 4)
 145 S   0.00000 0.17996 0.00001 0.82002 ( 4)
 146 T   0.11267 0.14408 0.26680 0.47645 ( 4)
 147 F   0.28547 0.00264 0.69745 0.01443 ( 3)
 148 G   0.29296 0.00079 0.70295 0.00330 ( 3)
 149 V   0.28057 0.00401 0.69097 0.02445 ( 3)
 150 S   0.16866 0.05856 0.41538 0.35739 ( 3)
 151 S   0.00013 0.85221 0.00005 0.14761 ( 2)
 152 S   0.28759 0.00167 0.70176 0.00898 ( 3)
 153 Q   0.00002 0.20783 0.00005 0.79209 ( 4)
 154 F   0.28787 0.00083 0.70632 0.00497 ( 3)
 155 F   0.28416 0.00268 0.69722 0.01594 ( 3)
 156 N   0.00037 0.18000 0.00089 0.81873 ( 4)
 157 R   0.01446 0.16667 0.03499 0.78388 ( 4)
 158 R   0.00221 0.22392 0.00523 0.76865 ( 4)
 159 G   0.27434 0.01621 0.65211 0.05735 ( 3)
 160 I   0.00005 0.15692 0.00012 0.84291 ( 4)
 161 H   0.10094 0.09506 0.24819 0.55581 ( 4)
 162 Q   0.00001 0.25285 0.00002 0.74712 ( 4)
 163 L   0.07028 0.13334 0.17010 0.62629 ( 4)
 164 Y   0.07242 0.11613 0.17694 0.63451 ( 4)
 165 E   0.00021 0.17534 0.00050 0.82395 ( 4)
 166 S   0.00114 0.19425 0.00275 0.80186 ( 4)
 167 S   0.00050 0.15665 0.00122 0.84163 ( 4)
 168 -   0.14610 0.15510 0.33896 0.35984 ( 4)
 169 -   0.15244 0.14876 0.35367 0.34513 ( 3)
 170 -   0.14390 0.15730 0.33385 0.36495 ( 4)
 171 -   0.12696 0.17425 0.29454 0.40426 ( 4)
 172 -   0.01633 0.28488 0.03788 0.66092 ( 4)
 173 -   0.15244 0.14876 0.35367 0.34513 ( 3)
 174 -   0.07609 0.67747 0.02995 0.21649 ( 2)
 175 -   0.25248 0.01998 0.61658 0.11096 ( 3)
 176 -   0.11905 0.18216 0.27619 0.42260 ( 4)
 177 -   0.14335 0.15786 0.33257 0.36623 ( 4)
 178 -   0.12337 0.17783 0.28622 0.41258 ( 4)
 179 -   0.14879 0.15241 0.34521 0.35359 ( 4)
 180 -   0.00084 0.30036 0.00195 0.69685 ( 4)
 181 -   0.14390 0.15730 0.33385 0.36495 ( 4)
 182 -   0.13018 0.17102 0.30202 0.39678 ( 4)
 183 Q   0.00001 0.21353 0.00001 0.78645 ( 4)
 184 P   0.00349 0.17812 0.00840 0.80999 ( 4)
 185 I   0.00006 0.98393 0.00001 0.01601 ( 2)
 186 P   0.00090 0.14546 0.00222 0.85142 ( 4)
 187 S   0.00175 0.19727 0.00418 0.79680 ( 4)
 188 W   0.00001 0.17546 0.00002 0.82452 ( 4)
 189 P   0.13358 0.12398 0.31708 0.42536 ( 4)
 190 I   0.27339 0.00952 0.66667 0.05042 ( 3)
 191 T   0.03859 0.12895 0.09454 0.73792 ( 4)
 192 L   0.00019 0.98202 0.00011 0.01768 ( 2)
 193 A   0.03967 0.12726 0.09737 0.73569 ( 4)
 194 F   0.06756 0.15908 0.16134 0.61202 ( 4)
 195 P   0.29350 0.00048 0.70403 0.00199 ( 3)
 196 G   0.27859 0.01618 0.65605 0.04918 ( 3)
 197 E   0.17703 0.43254 0.26377 0.12667 ( 2)
 198 E   0.60395 0.13602 0.22253 0.03750 ( 1)
 199 S   0.28358 0.00864 0.67589 0.03188 ( 3)
 200 S   0.00043 0.16325 0.00104 0.83528 ( 4)
 201 E   0.00620 0.87008 0.00219 0.12153 ( 2)
 202 G   0.11188 0.11953 0.26834 0.50025 ( 4)
 203 N   0.27160 0.00885 0.66781 0.05174 ( 3)
 204 A   0.10663 0.11275 0.25775 0.52287 ( 4)
 205 N   0.27997 0.00292 0.69682 0.02028 ( 3)
 206 D   0.28567 0.00069 0.70895 0.00469 ( 3)
 207 Y   0.28981 0.00032 0.70812 0.00175 ( 3)
 208 S   0.28394 0.00261 0.69816 0.01528 ( 3)
 209 H   0.28983 0.00009 0.70952 0.00055 ( 3)
 210 R   0.04432 0.84800 0.01565 0.09203 ( 2)
 211 L   0.29194 0.00224 0.69719 0.00863 ( 3)
 212 C   0.25223 0.02076 0.61543 0.11159 ( 3)
 213 D   0.24552 0.01859 0.60931 0.12658 ( 3)
 214 V   0.29063 0.00137 0.70174 0.00627 ( 3)
 215 K   0.07087 0.12581 0.17215 0.63116 ( 4)
 216 N   0.27997 0.00292 0.69682 0.02028 ( 3)
 217 I   0.21359 0.05704 0.51004 0.21933 ( 3)
 218 T   0.28495 0.00442 0.68982 0.02080 ( 3)
 219 G   0.27340 0.01363 0.65603 0.05694 ( 3)
 220 G   0.28742 0.00443 0.68966 0.01849 ( 3)
 221 L   0.28211 0.00578 0.68344 0.02866 ( 3)
 222 R   0.22109 0.03937 0.53693 0.20261 ( 3)
 223 Q   0.28433 0.00696 0.68056 0.02815 ( 3)
 224 T   0.01993 0.19166 0.04779 0.74062 ( 4)
 225 P   0.00114 0.26727 0.00266 0.72894 ( 4)
 226 A   0.01478 0.12651 0.03646 0.82225 ( 4)
 227 R   0.02341 0.20780 0.05551 0.71328 ( 4)
 228 G   0.11266 0.08122 0.27792 0.52820 ( 4)
 229 -   0.12900 0.10018 0.31148 0.45934 ( 4)
 230 R   0.20974 0.08310 0.48979 0.21737 ( 3)
 231 S   0.23314 0.05945 0.54565 0.16175 ( 3)
 232 S   0.23430 0.05841 0.54837 0.15892 ( 3)
 233 L   0.28111 0.00981 0.67133 0.03775 ( 3)
 234 L   0.12578 0.10212 0.30369 0.46841 ( 4)
 235 S   0.05603 0.14347 0.13543 0.66507 ( 4)
 236 H   0.27768 0.00620 0.67978 0.03633 ( 3)
 237 A   0.16192 0.09129 0.38788 0.35890 ( 3)
 238 W   0.29715 0.00071 0.69998 0.00217 ( 3)
 239 T   0.29181 0.00199 0.69838 0.00781 ( 3)
 240 H   0.28983 0.00009 0.70952 0.00055 ( 3)
 241 S   0.00000 0.81679 0.00000 0.18320 ( 2)
 242 -   0.26821 0.03300 0.62225 0.07655 ( 3)


lnL = -3654.025298

