Supplemental results for CODEML (seqf: algn  treef: tree)


dN/dS (w) for site classes (K=4)

site class             0        1       2a       2b
proportion       0.54602  0.45398  0.00000  0.00000
background w     0.06607  1.00000  0.06607  1.00000
foreground w     0.06607  1.00000  1.00000  1.00000

Naive Empirical Bayes (NEB) probabilities for 4 classes
(amino acids refer to 1st sequence: BT_Cry1Bb1)

   1 R   0.99186 0.00814 0.00000 0.00000 ( 1)
   2 I   0.99351 0.00649 0.00000 0.00000 ( 1)
   3 T   0.99006 0.00994 0.00000 0.00000 ( 1)
   4 Q   0.97862 0.02138 0.00000 0.00000 ( 1)
   5 I   0.97643 0.02357 0.00000 0.00000 ( 1)
   6 P   0.99012 0.00988 0.00000 0.00000 ( 1)
   7 L   0.34502 0.65498 0.00000 0.00000 ( 2)
   8 V   0.99192 0.00808 0.00000 0.00000 ( 1)
   9 K   0.97773 0.02227 0.00000 0.00000 ( 1)
  10 A   0.97372 0.02628 0.00000 0.00000 ( 1)
  11 L   0.47750 0.52250 0.00000 0.00000 ( 2)
  12 N   0.81602 0.18398 0.00000 0.00000 ( 1)
  13 L   0.99261 0.00739 0.00000 0.00000 ( 1)
  14 H   0.00001 0.99999 0.00000 0.00000 ( 2)
  15 S   0.98872 0.01128 0.00000 0.00000 ( 1)
  16 G   0.99275 0.00725 0.00000 0.00000 ( 1)
  17 V   0.02554 0.97446 0.00000 0.00000 ( 2)
  18 T   0.03778 0.96222 0.00000 0.00000 ( 2)
  19 V   0.97216 0.02784 0.00000 0.00000 ( 1)
  20 V   0.40487 0.59513 0.00000 0.00000 ( 2)
  21 G   0.26634 0.73366 0.00000 0.00000 ( 2)
  22 G   0.97047 0.02953 0.00000 0.00000 ( 1)
  23 P   0.99104 0.00896 0.00000 0.00000 ( 1)
  24 G   0.98739 0.01261 0.00000 0.00000 ( 1)
  25 F   0.99584 0.00416 0.00000 0.00000 ( 1)
  26 T   0.99006 0.00994 0.00000 0.00000 ( 1)
  27 G   0.98608 0.01392 0.00000 0.00000 ( 1)
  28 G   0.97641 0.02359 0.00000 0.00000 ( 1)
  29 D   0.99626 0.00374 0.00000 0.00000 ( 1)
  30 I   0.99149 0.00851 0.00000 0.00000 ( 1)
  31 L   0.95481 0.04519 0.00000 0.00000 ( 1)
  32 R   0.28433 0.71567 0.00000 0.00000 ( 2)
  33 R   0.97441 0.02559 0.00000 0.00000 ( 1)
  34 T   0.90636 0.09364 0.00000 0.00000 ( 1)
  35 N   0.44190 0.55810 0.00000 0.00000 ( 2)
  36 T   0.00008 0.99992 0.00000 0.00000 ( 2)
  37 G   0.95861 0.04139 0.00000 0.00000 ( 1)
  38 -   0.54602 0.45398 0.00000 0.00000 ( 1)
  39 -   0.54602 0.45398 0.00000 0.00000 ( 1)
  40 -   0.54602 0.45398 0.00000 0.00000 ( 1)
  41 -   0.54602 0.45398 0.00000 0.00000 ( 1)
  42 T   0.00001 0.99999 0.00000 0.00000 ( 2)
  43 F   0.63722 0.36278 0.00000 0.00000 ( 1)
  44 G   0.95358 0.04642 0.00000 0.00000 ( 1)
  45 D   0.00103 0.99897 0.00000 0.00000 ( 2)
  46 I   0.79944 0.20056 0.00000 0.00000 ( 1)
  47 R   0.93365 0.06635 0.00000 0.00000 ( 1)
  48 L   0.61703 0.38297 0.00000 0.00000 ( 1)
  49 N   0.10990 0.89010 0.00000 0.00000 ( 2)
  50 I   0.83548 0.16452 0.00000 0.00000 ( 1)
  51 N   0.81936 0.18064 0.00000 0.00000 ( 1)
  52 V   0.00554 0.99446 0.00000 0.00000 ( 2)
  53 P   0.06389 0.93611 0.00000 0.00000 ( 2)
  54 L   0.62203 0.37797 0.00000 0.00000 ( 1)
  55 S   0.61153 0.38847 0.00000 0.00000 ( 1)
  56 Q   0.97862 0.02138 0.00000 0.00000 ( 1)
  57 R   0.88992 0.11008 0.00000 0.00000 ( 1)
  58 Y   0.99034 0.00966 0.00000 0.00000 ( 1)
  59 R   0.07915 0.92085 0.00000 0.00000 ( 2)
  60 V   0.94579 0.05421 0.00000 0.00000 ( 1)
  61 R   0.89800 0.10200 0.00000 0.00000 ( 1)
  62 I   0.11400 0.88600 0.00000 0.00000 ( 2)
  63 R   0.98899 0.01101 0.00000 0.00000 ( 1)
  64 Y   0.98615 0.01385 0.00000 0.00000 ( 1)
  65 A   0.99386 0.00614 0.00000 0.00000 ( 1)
  66 S   0.95599 0.04401 0.00000 0.00000 ( 1)
  67 T   0.01990 0.98010 0.00000 0.00000 ( 2)
  68 T   0.00505 0.99495 0.00000 0.00000 ( 2)
  69 D   0.96527 0.03473 0.00000 0.00000 ( 1)
  70 L   0.00005 0.99995 0.00000 0.00000 ( 2)
  71 -   0.54602 0.45398 0.00000 0.00000 ( 1)
  72 Q   0.00002 0.99998 0.00000 0.00000 ( 2)
  73 F   0.21512 0.78488 0.00000 0.00000 ( 2)
  74 F   0.00001 0.99999 0.00000 0.00000 ( 2)
  75 T   0.04851 0.95149 0.00000 0.00000 ( 2)
  76 R   0.00856 0.99144 0.00000 0.00000 ( 2)
  77 I   0.00006 0.99994 0.00000 0.00000 ( 2)
  78 N   0.26361 0.73639 0.00000 0.00000 ( 2)
  79 G   0.00009 0.99991 0.00000 0.00000 ( 2)
  80 T   0.00020 0.99980 0.00000 0.00000 ( 2)
  81 T   0.24089 0.75911 0.00000 0.00000 ( 2)
  82 V   0.00024 0.99976 0.00000 0.00000 ( 2)
  83 N   0.01006 0.98994 0.00000 0.00000 ( 2)
  84 I   0.01565 0.98435 0.00000 0.00000 ( 2)
  85 G   0.00423 0.99577 0.00000 0.00000 ( 2)
  86 N   0.07570 0.92430 0.00000 0.00000 ( 2)
  87 F   0.84693 0.15307 0.00000 0.00000 ( 1)
  88 S   0.82810 0.17190 0.00000 0.00000 ( 1)
  89 R   0.15477 0.84523 0.00000 0.00000 ( 2)
  90 T   0.99213 0.00787 0.00000 0.00000 ( 1)
  91 M   0.99740 0.00260 0.00000 0.00000 ( 1)
  92 N   0.07466 0.92534 0.00000 0.00000 ( 2)
  93 R   0.00102 0.99898 0.00000 0.00000 ( 2)
  94 G   0.97010 0.02990 0.00000 0.00000 ( 1)
  95 D   0.26336 0.73664 0.00000 0.00000 ( 2)
  96 N   0.00061 0.99939 0.00000 0.00000 ( 2)
  97 L   0.97318 0.02682 0.00000 0.00000 ( 1)
  98 E   0.41063 0.58937 0.00000 0.00000 ( 2)
  99 Y   0.39594 0.60406 0.00000 0.00000 ( 2)
 100 R   0.35370 0.64630 0.00000 0.00000 ( 2)
 101 S   0.06015 0.93985 0.00000 0.00000 ( 2)
 102 F   0.99312 0.00688 0.00000 0.00000 ( 1)
 103 R   0.03350 0.96650 0.00000 0.00000 ( 2)
 104 T   0.03415 0.96585 0.00000 0.00000 ( 2)
 105 A   0.01305 0.98695 0.00000 0.00000 ( 2)
 106 G   0.36125 0.63875 0.00000 0.00000 ( 2)
 107 F   0.20194 0.79806 0.00000 0.00000 ( 2)
 108 S   0.00047 0.99953 0.00000 0.00000 ( 2)
 109 T   0.99188 0.00812 0.00000 0.00000 ( 1)
 110 P   0.98499 0.01501 0.00000 0.00000 ( 1)
 111 F   0.29903 0.70097 0.00000 0.00000 ( 2)
 112 N   0.14694 0.85306 0.00000 0.00000 ( 2)
 113 F   0.99584 0.00416 0.00000 0.00000 ( 1)
 114 L   0.57883 0.42117 0.00000 0.00000 ( 1)
 115 N   0.27869 0.72131 0.00000 0.00000 ( 2)
 116 A   0.48467 0.51533 0.00000 0.00000 ( 2)
 117 Q   0.97862 0.02138 0.00000 0.00000 ( 1)
 118 S   0.01180 0.98820 0.00000 0.00000 ( 2)
 119 T   0.38672 0.61328 0.00000 0.00000 ( 2)
 120 F   0.73418 0.26582 0.00000 0.00000 ( 1)
 121 T   0.07652 0.92348 0.00000 0.00000 ( 2)
 122 L   0.96307 0.03693 0.00000 0.00000 ( 1)
 123 G   0.00004 0.99996 0.00000 0.00000 ( 2)
 124 A   0.06304 0.93696 0.00000 0.00000 ( 2)
 125 Q   0.00002 0.99998 0.00000 0.00000 ( 2)
 126 S   0.00849 0.99151 0.00000 0.00000 ( 2)
 127 F   0.70188 0.29812 0.00000 0.00000 ( 1)
 128 S   0.65379 0.34621 0.00000 0.00000 ( 1)
 129 N   0.70946 0.29054 0.00000 0.00000 ( 1)
 130 Q   0.58569 0.41431 0.00000 0.00000 ( 1)
 131 E   0.01837 0.98163 0.00000 0.00000 ( 2)
 132 V   0.50104 0.49896 0.00000 0.00000 ( 1)
 133 Y   0.99034 0.00966 0.00000 0.00000 ( 1)
 134 I   0.99349 0.00651 0.00000 0.00000 ( 1)
 135 D   0.99626 0.00374 0.00000 0.00000 ( 1)
 136 R   0.95727 0.04273 0.00000 0.00000 ( 1)
 137 V   0.17687 0.82313 0.00000 0.00000 ( 2)
 138 E   0.97886 0.02114 0.00000 0.00000 ( 1)
 139 F   0.99284 0.00716 0.00000 0.00000 ( 1)
 140 V   0.89497 0.10503 0.00000 0.00000 ( 1)
 141 -   0.87164 0.12836 0.00000 0.00000 ( 1)


lnL = -1696.144704

Bayes Empirical Bayes (BEB) probabilities for 4 classes (class)
(amino acids refer to 1st sequence: BT_Cry1Bb1)

   1 R   0.98265 0.00810 0.00910 0.00015 ( 1)
   2 I   0.98609 0.00629 0.00750 0.00012 ( 1)
   3 T   0.98143 0.00977 0.00862 0.00019 ( 1)
   4 Q   0.96409 0.02195 0.01349 0.00047 ( 1)
   5 I   0.96573 0.02360 0.01020 0.00047 ( 1)
   6 P   0.97989 0.00991 0.01002 0.00019 ( 1)
   7 L   0.27214 0.70200 0.00619 0.01967 ( 2)
   8 V   0.98343 0.00796 0.00846 0.00015 ( 1)
   9 K   0.96033 0.02254 0.01659 0.00054 ( 1)
  10 A   0.95393 0.02644 0.01893 0.00070 ( 1)
  11 L   0.39975 0.58582 0.00389 0.01054 ( 2)
  12 N   0.76142 0.22702 0.00712 0.00444 ( 1)
  13 L   0.98353 0.00736 0.00898 0.00013 ( 1)
  14 H   0.00002 0.96639 0.00000 0.03359 ( 2)
  15 S   0.97941 0.01133 0.00906 0.00021 ( 1)
  16 G   0.98380 0.00721 0.00885 0.00013 ( 1)
  17 V   0.01539 0.95710 0.00034 0.02717 ( 2)
  18 T   0.02327 0.94756 0.00058 0.02859 ( 2)
  19 V   0.95007 0.02789 0.02125 0.00079 ( 1)
  20 V   0.28456 0.68496 0.01493 0.01555 ( 2)
  21 G   0.17796 0.80629 0.00150 0.01424 ( 2)
  22 G   0.95748 0.03016 0.01169 0.00066 ( 1)
  23 P   0.98180 0.00896 0.00907 0.00016 ( 1)
  24 G   0.97644 0.01270 0.01061 0.00025 ( 1)
  25 F   0.98819 0.00407 0.00766 0.00007 ( 1)
  26 T   0.98143 0.00977 0.00862 0.00019 ( 1)
  27 G   0.97615 0.01406 0.00953 0.00027 ( 1)
  28 G   0.96487 0.02418 0.01049 0.00047 ( 1)
  29 D   0.98863 0.00367 0.00764 0.00006 ( 1)
  30 I   0.98403 0.00833 0.00749 0.00015 ( 1)
  31 L   0.92807 0.04587 0.02462 0.00144 ( 1)
  32 R   0.19411 0.78955 0.00153 0.01481 ( 2)
  33 R   0.95690 0.02597 0.01651 0.00062 ( 1)
  34 T   0.87341 0.11831 0.00630 0.00198 ( 1)
  35 N   0.32053 0.66396 0.00264 0.01287 ( 2)
  36 T   0.00007 0.96414 0.00001 0.03579 ( 2)
  37 G   0.93325 0.04201 0.02347 0.00126 ( 1)
  38 -   0.50173 0.45579 0.02223 0.02025 ( 1)
  39 -   0.50173 0.45579 0.02223 0.02025 ( 1)
  40 -   0.50173 0.45579 0.02223 0.02025 ( 1)
  41 -   0.50173 0.45579 0.02223 0.02025 ( 1)
  42 T   0.00001 0.83336 0.00042 0.16621 ( 2)
  43 F   0.55131 0.42048 0.01496 0.01325 ( 1)
  44 G   0.93027 0.04750 0.02091 0.00133 ( 1)
  45 D   0.00064 0.91536 0.00123 0.08278 ( 2)
  46 I   0.73948 0.24556 0.00973 0.00524 ( 1)
  47 R   0.91209 0.06881 0.01735 0.00175 ( 1)
  48 L   0.54048 0.44393 0.00637 0.00923 ( 1)
  49 N   0.06826 0.90375 0.00152 0.02647 ( 2)
  50 I   0.78169 0.20217 0.01133 0.00481 ( 1)
  51 N   0.76997 0.21908 0.00674 0.00421 ( 1)
  52 V   0.00321 0.97750 0.00003 0.01925 ( 2)
  53 P   0.03948 0.93877 0.00044 0.02131 ( 2)
  54 L   0.54093 0.44144 0.00728 0.01035 ( 1)
  55 S   0.52796 0.45444 0.00796 0.00965 ( 1)
  56 Q   0.96409 0.02195 0.01349 0.00047 ( 1)
  57 R   0.69233 0.11167 0.19272 0.00328 ( 1)
  58 Y   0.97970 0.00973 0.01038 0.00018 ( 1)
  59 R   0.04892 0.93304 0.00051 0.01753 ( 2)
  60 V   0.92386 0.06783 0.00705 0.00126 ( 1)
  61 R   0.88356 0.10470 0.00974 0.00200 ( 1)
  62 I   0.07112 0.90464 0.00135 0.02288 ( 2)
  63 R   0.97786 0.01114 0.01079 0.00021 ( 1)
  64 Y   0.97480 0.01401 0.01091 0.00028 ( 1)
  65 A   0.98612 0.00601 0.00776 0.00011 ( 1)
  66 S   0.93184 0.04478 0.02209 0.00130 ( 1)
  67 T   0.01067 0.94433 0.00474 0.04026 ( 2)
  68 T   0.00290 0.95565 0.00341 0.03805 ( 2)
  69 D   0.94859 0.04382 0.00686 0.00074 ( 1)
  70 L   0.00005 0.96405 0.00000 0.03590 ( 2)
  71 -   0.50173 0.45579 0.02223 0.02025 ( 1)
  72 Q   0.00003 0.94258 0.00005 0.05735 ( 2)
  73 F   0.12513 0.74027 0.09571 0.03889 ( 2)
  74 F   0.00001 0.96620 0.00000 0.03378 ( 2)
  75 T   0.02987 0.94771 0.00053 0.02189 ( 2)
  76 R   0.00514 0.95619 0.00018 0.03849 ( 2)
  77 I   0.00006 0.95014 0.00002 0.04977 ( 2)
  78 N   0.17301 0.80728 0.00205 0.01766 ( 2)
  79 G   0.00007 0.93942 0.00006 0.06045 ( 2)
  80 T   0.00013 0.92050 0.00023 0.07914 ( 2)
  81 T   0.15842 0.82210 0.00209 0.01739 ( 2)
  82 V   0.00013 0.76065 0.00799 0.23124 ( 2)
  83 N   0.00566 0.96879 0.00035 0.02521 ( 2)
  84 I   0.00876 0.97249 0.00009 0.01867 ( 2)
  85 G   0.00242 0.96303 0.00073 0.03381 ( 2)
  86 N   0.04661 0.93137 0.00070 0.02131 ( 2)
  87 F   0.79836 0.19018 0.00759 0.00388 ( 1)
  88 S   0.77359 0.21446 0.00788 0.00406 ( 1)
  89 R   0.09340 0.85025 0.03017 0.02618 ( 2)
  90 T   0.98427 0.00768 0.00791 0.00014 ( 1)
  91 M   0.98941 0.00257 0.00797 0.00004 ( 1)
  92 N   0.04247 0.86520 0.03925 0.05308 ( 2)
  93 R   0.00068 0.96819 0.00015 0.03099 ( 2)
  94 G   0.95967 0.03074 0.00902 0.00057 ( 1)
  95 D   0.17300 0.81097 0.00157 0.01445 ( 2)
  96 N   0.00038 0.89322 0.00585 0.10056 ( 2)
  97 L   0.95551 0.02728 0.01649 0.00072 ( 1)
  98 E   0.28976 0.69441 0.00251 0.01332 ( 2)
  99 Y   0.27983 0.70472 0.00255 0.01289 ( 2)
 100 R   0.26547 0.71803 0.00289 0.01362 ( 2)
 101 S   0.03669 0.93547 0.00086 0.02698 ( 2)
 102 F   0.97806 0.00674 0.01504 0.00016 ( 1)
 103 R   0.01821 0.96367 0.00015 0.01797 ( 2)
 104 T   0.01788 0.93370 0.00833 0.04010 ( 2)
 105 A   0.00728 0.96774 0.00010 0.02488 ( 2)
 106 G   0.24878 0.73498 0.00215 0.01409 ( 2)
 107 F   0.12932 0.83914 0.00357 0.02797 ( 2)
 108 S   0.00031 0.93425 0.00026 0.06518 ( 2)
 109 T   0.98391 0.00795 0.00800 0.00015 ( 1)
 110 P   0.97428 0.01517 0.01025 0.00029 ( 1)
 111 F   0.20174 0.77924 0.00209 0.01694 ( 2)
 112 N   0.09262 0.88037 0.00204 0.02496 ( 2)
 113 F   0.98819 0.00407 0.00766 0.00007 ( 1)
 114 L   0.49918 0.48413 0.00612 0.01057 ( 1)
 115 N   0.18544 0.79069 0.00353 0.02034 ( 2)
 116 A   0.40464 0.57852 0.00448 0.01236 ( 2)
 117 Q   0.96409 0.02195 0.01349 0.00047 ( 1)
 118 S   0.00668 0.97407 0.00012 0.01913 ( 2)
 119 T   0.26964 0.71513 0.00246 0.01278 ( 2)
 120 F   0.66581 0.32232 0.00584 0.00604 ( 1)
 121 T   0.04758 0.93276 0.00070 0.01897 ( 2)
 122 L   0.94767 0.03787 0.01363 0.00084 ( 1)
 123 G   0.00004 0.88330 0.00096 0.11571 ( 2)
 124 A   0.03324 0.93180 0.00070 0.03425 ( 2)
 125 Q   0.00002 0.93921 0.00001 0.06076 ( 2)
 126 S   0.00482 0.96977 0.00009 0.02532 ( 2)
 127 F   0.65493 0.30258 0.02904 0.01345 ( 1)
 128 S   0.60720 0.35032 0.02691 0.01557 ( 1)
 129 N   0.66251 0.29500 0.02937 0.01311 ( 1)
 130 Q   0.54027 0.41724 0.02394 0.01854 ( 1)
 131 E   0.01016 0.96744 0.00011 0.02229 ( 2)
 132 V   0.34315 0.55728 0.08366 0.01591 ( 2)
 133 Y   0.97970 0.00973 0.01038 0.00018 ( 1)
 134 I   0.98606 0.00630 0.00753 0.00012 ( 1)
 135 D   0.98863 0.00367 0.00764 0.00006 ( 1)
 136 R   0.93762 0.04344 0.01784 0.00110 ( 1)
 137 V   0.11414 0.86828 0.00089 0.01669 ( 2)
 138 E   0.96562 0.02155 0.01237 0.00046 ( 1)
 139 F   0.98477 0.00710 0.00800 0.00013 ( 1)
 140 V   0.70405 0.10596 0.18701 0.00298 ( 1)
 141 -   0.84437 0.13324 0.01866 0.00373 ( 1)

