Supplemental results for CODEML (seqf: algn  treef: tree)


dN/dS (w) for site classes (K=4)

site class             0        1       2a       2b
proportion       0.53578  0.37123  0.05493  0.03806
background w     0.04543  0.55589  0.04543  0.55589
foreground w     0.04543  0.55589 999.00000 999.00000

Naive Empirical Bayes (NEB) probabilities for 4 classes
(amino acids refer to 1st sequence: BT_Cry7Cb1)

   1 -   0.80741 0.09960 0.08278 0.01021 ( 1)
   2 -   0.82297 0.08404 0.08437 0.00862 ( 1)
   3 A   0.72875 0.23502 0.02724 0.00899 ( 1)
   4 G   0.95415 0.01418 0.03119 0.00048 ( 1)
   5 G   0.00446 0.95836 0.00017 0.03701 ( 2)
   6 I   0.95592 0.01129 0.03239 0.00040 ( 1)
   7 V   0.01230 0.47878 0.36077 0.14815 ( 2)
   8 A   0.09086 0.77771 0.01144 0.11999 ( 2)
   9 L   0.69672 0.26018 0.03118 0.01191 ( 1)
  10 F   0.81116 0.15841 0.02532 0.00511 ( 1)
  11 T   0.71154 0.22960 0.04446 0.01441 ( 1)
  12 E   0.00063 0.96898 0.00002 0.03038 ( 2)
  13 V   0.23979 0.72939 0.00730 0.02352 ( 2)
  14 L   0.19533 0.76064 0.00887 0.03516 ( 2)
  15 R   0.14284 0.82312 0.00496 0.02909 ( 2)
  16 L   0.03784 0.91806 0.00170 0.04240 ( 2)
  17 L   0.90982 0.04565 0.04238 0.00215 ( 1)
  18 W   0.84192 0.09313 0.05848 0.00647 ( 1)
  19 P   0.93871 0.01506 0.04550 0.00073 ( 1)
  20 N   0.00189 0.96996 0.00005 0.02810 ( 2)
  21 K   0.03012 0.92039 0.00156 0.04793 ( 2)
  22 Q   0.09919 0.86092 0.00407 0.03582 ( 2)
  23 D   0.00539 0.74011 0.09291 0.16159 ( 2)
  24 E   0.07098 0.80267 0.01648 0.10987 ( 2)
  25 L   0.05922 0.90134 0.00239 0.03706 ( 2)
  26 W   0.84192 0.09313 0.05848 0.00647 ( 1)
  27 E   0.96224 0.01006 0.02738 0.00031 ( 1)
  28 S   0.02491 0.90841 0.00178 0.06490 ( 2)
  29 F   0.85328 0.11670 0.02629 0.00373 ( 1)
  30 M   0.96475 0.00411 0.03100 0.00013 ( 1)
  31 K   0.01653 0.40137 0.46621 0.11588 ( 3)
  32 E   0.81903 0.15235 0.02389 0.00473 ( 1)
  33 V   0.95341 0.01770 0.02832 0.00057 ( 1)
  34 E   0.94129 0.01178 0.04634 0.00059 ( 1)
  35 K   0.00000 0.00217 0.03526 0.96257 ( 4)
  36 L   0.92154 0.03972 0.03713 0.00162 ( 1)
  37 I   0.95508 0.01214 0.03236 0.00043 ( 1)
  38 E   0.04134 0.46373 0.15174 0.34318 ( 2)
  39 Q   0.79103 0.16981 0.03217 0.00699 ( 1)
  40 E   0.89584 0.07553 0.02628 0.00234 ( 1)
  41 I   0.96685 0.00788 0.02505 0.00022 ( 1)
  42 T   0.79998 0.16907 0.02541 0.00553 ( 1)
  43 D   0.25745 0.38257 0.29623 0.06374 ( 2)
  44 A   0.02877 0.91384 0.00174 0.05565 ( 2)
  45 V   0.68461 0.28567 0.02049 0.00923 ( 1)
  46 V   0.13362 0.83429 0.00425 0.02784 ( 2)
  47 S   0.00317 0.96310 0.00011 0.03362 ( 2)
  48 K   0.76967 0.20191 0.02225 0.00617 ( 1)
  49 A   0.95051 0.01350 0.03548 0.00051 ( 1)
  50 L   0.58723 0.36249 0.02990 0.02039 ( 1)
  51 A   0.01067 0.02142 0.95864 0.00927 ( 3)
  52 E   0.85171 0.12033 0.02426 0.00370 ( 1)
  53 L   0.92469 0.03247 0.04136 0.00149 ( 1)
  54 E   0.74634 0.20661 0.03675 0.01031 ( 1)
  55 G   0.94265 0.02145 0.03509 0.00081 ( 1)
  56 L   0.92525 0.03191 0.04138 0.00146 ( 1)
  57 R   0.72399 0.21633 0.04617 0.01351 ( 1)
  58 N   0.85188 0.09345 0.04925 0.00542 ( 1)
  59 A   0.00609 0.95666 0.00023 0.03702 ( 2)
  60 L   0.03421 0.90771 0.00210 0.05598 ( 2)
  61 Q   0.00129 0.78325 0.00201 0.21345 ( 2)
  62 G   0.01274 0.95417 0.00042 0.03267 ( 2)
  63 Y   0.94567 0.01628 0.03739 0.00066 ( 1)
  64 T   0.01291 0.95500 0.00042 0.03167 ( 2)
  65 D   0.00044 0.41541 0.02005 0.56410 ( 4)
  66 A   0.80945 0.16152 0.02404 0.00499 ( 1)
  67 L   0.90540 0.02588 0.06681 0.00191 ( 1)
  68 E   0.83217 0.13980 0.02372 0.00430 ( 1)
  69 A   0.04502 0.92472 0.00136 0.02891 ( 2)
  70 W   0.84192 0.09313 0.05848 0.00647 ( 1)
  71 Q   0.55781 0.40294 0.02269 0.01655 ( 1)
  72 N   0.07513 0.89704 0.00208 0.02575 ( 2)
  73 N   0.96828 0.00536 0.02621 0.00015 ( 1)
  74 R   0.59342 0.35948 0.02928 0.01782 ( 1)
  75 S   0.86144 0.10550 0.02942 0.00364 ( 1)
  76 D   0.13378 0.83899 0.00352 0.02371 ( 2)
  77 K   0.85114 0.12012 0.02501 0.00373 ( 1)
  78 L   0.46292 0.49764 0.01883 0.02060 ( 2)
  79 K   0.01266 0.93771 0.00066 0.04897 ( 2)
  80 Q   0.02845 0.90383 0.00206 0.06566 ( 2)
  81 L   0.04977 0.90582 0.00224 0.04216 ( 2)
  82 L   0.10342 0.85116 0.00486 0.04056 ( 2)
  83 V   0.92127 0.02337 0.05398 0.00138 ( 1)
  84 Y   0.00007 0.96006 0.00000 0.03987 ( 2)
  85 D   0.00293 0.72627 0.07962 0.19118 ( 2)
  86 R   0.66915 0.29777 0.02275 0.01033 ( 1)
  87 F   0.84978 0.12020 0.02619 0.00384 ( 1)
  88 V   0.14090 0.82229 0.00517 0.03164 ( 2)
  89 S   0.00847 0.94970 0.00036 0.04146 ( 2)
  90 T   0.14382 0.82410 0.00469 0.02739 ( 2)
  91 E   0.77230 0.19953 0.02204 0.00613 ( 1)
  92 N   0.02746 0.94466 0.00076 0.02712 ( 2)
  93 L   0.05783 0.89833 0.00259 0.04125 ( 2)
  94 F   0.96354 0.00657 0.02969 0.00021 ( 1)
  95 K   0.02549 0.94439 0.00075 0.02938 ( 2)
  96 F   0.00089 0.96744 0.00003 0.03164 ( 2)
  97 A   0.00190 0.96762 0.00006 0.03042 ( 2)
  98 M   0.88908 0.07975 0.02857 0.00260 ( 1)
  99 P   0.93235 0.02133 0.04528 0.00104 ( 1)
 100 S   0.94127 0.01777 0.04019 0.00077 ( 1)
 101 F   0.96354 0.00657 0.02969 0.00021 ( 1)
 102 R   0.08766 0.87886 0.00298 0.03050 ( 2)
 103 V   0.00001 0.03781 0.74107 0.22111 ( 3)
 104 G   0.00113 0.80348 0.00202 0.19338 ( 2)
 105 G   0.95224 0.01187 0.03545 0.00045 ( 1)
 106 F   0.01997 0.94869 0.00062 0.03072 ( 2)
 107 E   0.96224 0.01006 0.02738 0.00031 ( 1)
 108 V   0.01373 0.04048 0.92791 0.01788 ( 3)
 109 P   0.94967 0.01150 0.03836 0.00047 ( 1)
 110 L   0.92525 0.03191 0.04138 0.00146 ( 1)
 111 L   0.90684 0.05024 0.04062 0.00230 ( 1)
 112 T   0.20683 0.76157 0.00661 0.02499 ( 2)
 113 V   0.95341 0.01770 0.02832 0.00057 ( 1)
 114 Y   0.94567 0.01628 0.03739 0.00066 ( 1)
 115 A   0.95325 0.01790 0.02830 0.00055 ( 1)
 116 Q   0.94687 0.01405 0.03851 0.00058 ( 1)
 117 A   0.91072 0.01420 0.07392 0.00115 ( 1)
 118 A   0.95594 0.01522 0.02838 0.00047 ( 1)
 119 N   0.91715 0.02264 0.05879 0.00142 ( 1)
 120 L   0.92849 0.03276 0.03741 0.00134 ( 1)
 121 H   0.92311 0.01321 0.06278 0.00090 ( 1)
 122 L   0.91998 0.03718 0.04114 0.00170 ( 1)
 123 L   0.02671 0.13760 0.78501 0.05068 ( 3)
 124 L   0.92525 0.03191 0.04138 0.00146 ( 1)
 125 L   0.92525 0.03191 0.04138 0.00146 ( 1)
 126 K   0.63249 0.33882 0.01829 0.01039 ( 1)
 127 N   0.89728 0.07574 0.02481 0.00217 ( 1)
 128 S   0.72232 0.11968 0.12698 0.03102 ( 1)
 129 E   0.07818 0.89098 0.00234 0.02850 ( 2)
 130 L   0.17405 0.78179 0.00792 0.03624 ( 2)
 131 F   0.95538 0.00694 0.03736 0.00032 ( 1)
 132 G   0.92953 0.01350 0.05616 0.00082 ( 1)
 133 A   0.72670 0.24411 0.02161 0.00759 ( 1)
 134 E   0.96063 0.01168 0.02734 0.00036 ( 1)
 135 W   0.84192 0.09313 0.05848 0.00647 ( 1)
 136 G   0.95498 0.01335 0.03122 0.00045 ( 1)
 137 M   0.01299 0.95495 0.00042 0.03163 ( 2)
 138 Q   0.01756 0.93880 0.00076 0.04288 ( 2)
 139 Q   0.00072 0.95929 0.00003 0.03997 ( 2)
 140 Y   0.00061 0.92352 0.00005 0.07582 ( 2)
 141 E   0.65695 0.31466 0.01870 0.00969 ( 1)
 142 I   0.79278 0.18159 0.02055 0.00508 ( 1)
 143 D   0.02093 0.92732 0.00114 0.05061 ( 2)
 144 L   0.00811 0.89067 0.00098 0.10024 ( 2)
 145 F   0.74010 0.22969 0.02283 0.00738 ( 1)
 146 Y   0.89769 0.02664 0.07349 0.00218 ( 1)
 147 N   0.53869 0.43414 0.01477 0.01239 ( 1)
 148 E   0.13465 0.83444 0.00417 0.02674 ( 2)
 149 Q   0.93998 0.02093 0.03823 0.00086 ( 1)
 150 K   0.22484 0.72579 0.01163 0.03774 ( 2)
 151 D   0.00180 0.51441 0.01046 0.47334 ( 2)
 152 Y   0.00634 0.91781 0.00052 0.07532 ( 2)
 153 V   0.01670 0.95132 0.00053 0.03145 ( 2)
 154 V   0.08843 0.41629 0.37589 0.11939 ( 2)
 155 E   0.25286 0.71764 0.00731 0.02219 ( 2)
 156 Y   0.93388 0.02807 0.03692 0.00113 ( 1)
 157 T   0.68044 0.28821 0.02186 0.00949 ( 1)
 158 D   0.96883 0.00571 0.02530 0.00016 ( 1)
 159 H   0.82021 0.14779 0.02705 0.00496 ( 1)
 160 C   0.94749 0.01291 0.03906 0.00054 ( 1)
 161 V   0.94483 0.01981 0.03461 0.00076 ( 1)
 162 K   0.80135 0.17027 0.02316 0.00522 ( 1)
 163 W   0.84192 0.09313 0.05848 0.00647 ( 1)
 164 Y   0.94567 0.01628 0.03739 0.00066 ( 1)
 165 T   0.00001 0.00406 0.01396 0.98197 ( 4)
 166 E   0.21235 0.75709 0.00646 0.02410 ( 2)
 167 G   0.90174 0.04128 0.05448 0.00250 ( 1)
 168 L   0.92525 0.03191 0.04138 0.00146 ( 1)
 169 N   0.91888 0.05419 0.02538 0.00155 ( 1)
 170 R   0.00712 0.72540 0.02067 0.24680 ( 2)
 171 L   0.90542 0.03693 0.05538 0.00227 ( 1)
 172 K   0.94033 0.01086 0.04825 0.00056 ( 1)
 173 N   0.62258 0.35039 0.01693 0.01010 ( 1)
 174 A   0.61726 0.35330 0.01840 0.01104 ( 1)
 175 S   0.59167 0.36924 0.02355 0.01554 ( 1)
 176 G   0.95782 0.01051 0.03131 0.00035 ( 1)
 177 V   0.01089 0.95692 0.00035 0.03185 ( 2)
 178 K   0.90816 0.06329 0.02660 0.00195 ( 1)
 179 G   0.77072 0.19296 0.02895 0.00737 ( 1)
 180 K   0.26077 0.69007 0.01338 0.03577 ( 2)
 181 V   0.00073 0.96743 0.00002 0.03182 ( 2)
 182 W   0.84192 0.09313 0.05848 0.00647 ( 1)
 183 E   0.11372 0.83859 0.00563 0.04206 ( 2)
 184 E   0.00004 0.25197 0.13445 0.61355 ( 4)
 185 Y   0.94567 0.01628 0.03739 0.00066 ( 1)
 186 N   0.66975 0.30354 0.01814 0.00857 ( 1)
 187 R   0.52689 0.42605 0.02600 0.02107 ( 1)
 188 F   0.94012 0.02995 0.02898 0.00095 ( 1)
 189 R   0.85169 0.06814 0.07423 0.00594 ( 1)
 190 R   0.95888 0.00826 0.03258 0.00029 ( 1)
 191 E   0.96224 0.01006 0.02738 0.00031 ( 1)
 192 M   0.96475 0.00411 0.03100 0.00013 ( 1)
 193 T   0.92911 0.01209 0.05804 0.00076 ( 1)
 194 I   0.59810 0.36834 0.02047 0.01310 ( 1)
 195 M   0.01079 0.95738 0.00035 0.03148 ( 2)
 196 V   0.91432 0.03032 0.05357 0.00179 ( 1)
 197 L   0.92525 0.03191 0.04138 0.00146 ( 1)
 198 D   0.96883 0.00571 0.02530 0.00016 ( 1)
 199 L   0.04206 0.88120 0.00348 0.07326 ( 2)
 200 L   0.11420 0.84633 0.00464 0.03484 ( 2)
 201 P   0.19443 0.76624 0.00789 0.03144 ( 2)
 202 L   0.92525 0.03191 0.04138 0.00146 ( 1)
 203 F   0.96354 0.00657 0.02969 0.00021 ( 1)
 204 P   0.80684 0.15428 0.03259 0.00628 ( 1)
 205 I   0.00220 0.92918 0.00016 0.06846 ( 2)


lnL = -2314.642584

