Supplemental results for CODEML (seqf: algn  treef: tree)


dN/dS (w) for site classes (K=4)

site class             0        1       2a       2b
proportion       0.40296  0.37089  0.11776  0.10839
background w     0.10489  1.00000  0.10489  1.00000
foreground w     0.10489  1.00000  6.79146  6.79146

Naive Empirical Bayes (NEB) probabilities for 4 classes
(amino acids refer to 1st sequence: BT_Cry7Ba1)

   1 -   0.64542 0.12844 0.18861 0.03753 ( 1)
   2 -   0.62756 0.14630 0.18339 0.04275 ( 1)
   3 T   0.09071 0.83572 0.00517 0.06840 ( 2)
   4 V   0.19118 0.73212 0.01281 0.06388 ( 2)
   5 E   0.92557 0.02640 0.04617 0.00186 ( 1)
   6 L   0.82842 0.08314 0.07899 0.00946 ( 1)
   7 T   0.92012 0.02320 0.05476 0.00192 ( 1)
   8 R   0.93249 0.01463 0.05181 0.00107 ( 1)
   9 T   0.17247 0.74908 0.01141 0.06704 ( 2)
  10 I   0.95724 0.00898 0.03325 0.00052 ( 1)
  11 Y   0.70037 0.24758 0.03437 0.01769 ( 1)
  12 T   0.16445 0.60106 0.04850 0.18599 ( 2)
  13 D   0.96839 0.00528 0.02607 0.00026 ( 1)
  14 P   0.88749 0.03324 0.07587 0.00340 ( 1)
  15 L   0.76619 0.17402 0.04623 0.01356 ( 1)
  16 G   0.94749 0.00961 0.04231 0.00059 ( 1)
  17 Y   0.15499 0.67495 0.03027 0.13979 ( 2)
  18 T   0.06067 0.39451 0.29039 0.25443 ( 2)
  19 G   0.80765 0.05416 0.12879 0.00940 ( 1)
  20 Y   0.17256 0.16745 0.56030 0.09970 ( 3)
  21 S   0.03566 0.57562 0.08665 0.30207 ( 2)
  22 N   0.43529 0.52248 0.01369 0.02855 ( 2)
  23 D   0.01776 0.92686 0.00059 0.05480 ( 2)
  24 E   0.83581 0.10938 0.04626 0.00855 ( 1)
  25 H   0.88185 0.07810 0.03563 0.00443 ( 1)
  26 P   0.78064 0.04607 0.16320 0.01008 ( 1)
  27 T   0.00581 0.22159 0.65377 0.11883 ( 3)
  28 Y   0.16279 0.76868 0.00898 0.05955 ( 2)
  29 Y   0.94234 0.01321 0.04354 0.00091 ( 1)
  30 -   0.18656 0.58730 0.05452 0.17162 ( 2)
  31 S   0.19353 0.03003 0.75900 0.01744 ( 3)
  32 S   0.72010 0.22645 0.03708 0.01637 ( 1)
  33 A   0.09163 0.51014 0.28866 0.10957 ( 2)
  34 K   0.00253 0.92996 0.00013 0.06738 ( 2)
  35 P   0.00004 0.82489 0.00003 0.17503 ( 2)
  36 F   0.91969 0.04275 0.03517 0.00239 ( 1)
  37 S   0.00162 0.88043 0.00019 0.11776 ( 2)
  38 S   0.20959 0.67684 0.02402 0.08956 ( 2)
  39 I   0.93646 0.01567 0.04673 0.00114 ( 1)
  40 E   0.88038 0.02424 0.09241 0.00297 ( 1)
  41 S   0.93306 0.03596 0.02923 0.00175 ( 1)
  42 R   0.10419 0.82798 0.00583 0.06200 ( 2)
  43 A   0.81238 0.05540 0.12291 0.00932 ( 1)
  44 V   0.24029 0.63805 0.03151 0.09014 ( 2)
  45 L   0.11074 0.10139 0.74639 0.04148 ( 3)
  46 A   0.04287 0.87597 0.00297 0.07820 ( 2)
  47 P   0.71299 0.11316 0.14909 0.02476 ( 1)
  48 S   0.00474 0.73047 0.02674 0.23804 ( 2)
  49 L   0.86436 0.04794 0.08224 0.00546 ( 1)
  50 F   0.77934 0.08878 0.11725 0.01463 ( 1)
  51 K   0.12081 0.06189 0.76808 0.04921 ( 3)
  52 W   0.71759 0.13887 0.11872 0.02482 ( 1)
  53 I   0.40861 0.44271 0.06821 0.08047 ( 2)
  54 T   0.95154 0.01141 0.03634 0.00071 ( 1)
  55 Q   0.03704 0.44291 0.19652 0.32353 ( 2)
  56 L   0.31974 0.61364 0.01939 0.04723 ( 2)
  57 E   0.00153 0.54785 0.01037 0.44025 ( 2)
  58 V   0.90719 0.01755 0.07340 0.00186 ( 1)
  59 Y   0.00556 0.92675 0.00028 0.06741 ( 2)
  60 T   0.00268 0.83781 0.00198 0.15753 ( 2)
  61 K   0.00481 0.78859 0.00447 0.20213 ( 2)
  62 K   0.00000 0.15632 0.00013 0.84355 ( 4)
  63 Y   0.00415 0.29685 0.36381 0.33519 ( 3)
  64 S   0.00000 0.24528 0.00052 0.75420 ( 4)
  65 Y   0.01269 0.65320 0.07943 0.25468 ( 2)
  66 S   0.00607 0.51905 0.22179 0.25309 ( 2)
  67 S   0.30687 0.53085 0.05506 0.10723 ( 2)
  68 Q   0.00000 0.03200 0.04378 0.92422 ( 4)
  69 Y   0.18599 0.75073 0.00929 0.05399 ( 2)
  70 T   0.70091 0.25490 0.02748 0.01671 ( 1)
  71 T   0.52982 0.33952 0.07570 0.05497 ( 1)
  72 L   0.00371 0.37738 0.04210 0.57681 ( 4)
  73 W   0.29842 0.55331 0.04937 0.09890 ( 2)
  74 T   0.78207 0.17724 0.02989 0.01080 ( 1)
  75 G   0.89578 0.03034 0.07093 0.00294 ( 1)
  76 L   0.01573 0.14234 0.70622 0.13571 ( 3)
  77 R   0.06992 0.36761 0.32722 0.23525 ( 2)
  78 V   0.82598 0.04132 0.12578 0.00692 ( 1)
  79 I   0.00946 0.89098 0.00090 0.09866 ( 2)
  80 A   0.17410 0.15894 0.58624 0.08072 ( 3)
  81 Q   0.05493 0.78628 0.01001 0.14878 ( 2)
  82 P   0.03043 0.49506 0.15191 0.32260 ( 2)
  83 T   0.95154 0.01141 0.03634 0.00071 ( 1)
  84 K   0.00663 0.67298 0.01712 0.30327 ( 2)
  85 D   0.03317 0.87709 0.00261 0.08712 ( 2)
  86 F   0.00039 0.79306 0.00034 0.20622 ( 2)
  87 T   0.00002 0.28322 0.00083 0.71593 ( 4)
  88 D   0.09209 0.66973 0.14494 0.09324 ( 2)
  89 T   0.00370 0.84986 0.00479 0.14165 ( 2)
  90 V   0.00811 0.49580 0.29033 0.20576 ( 2)
  91 Y   0.85449 0.09695 0.04166 0.00690 ( 1)
  92 D   0.65354 0.31161 0.01908 0.01577 ( 1)
  93 Y   0.54657 0.23102 0.15722 0.06519 ( 1)
  94 G   0.89578 0.03034 0.07093 0.00294 ( 1)
  95 S   0.08169 0.87306 0.00253 0.04273 ( 2)
  96 S   0.81162 0.13885 0.03980 0.00973 ( 1)
  97 S   0.77933 0.07100 0.13617 0.01350 ( 1)
  98 G   0.85133 0.10422 0.03801 0.00644 ( 1)
  99 S   0.80749 0.14290 0.03960 0.01001 ( 1)
 100 E   0.00124 0.80587 0.00102 0.19188 ( 2)
 101 N   0.00023 0.48524 0.00199 0.51254 ( 4)
 102 K   0.00422 0.89310 0.00041 0.10228 ( 2)
 103 D   0.00182 0.94983 0.00005 0.04830 ( 2)
 104 V   0.35855 0.48386 0.06226 0.09534 ( 2)
 105 F   0.95538 0.00782 0.03635 0.00045 ( 1)
 106 D   0.54623 0.32711 0.07405 0.05260 ( 1)
 107 L   0.87765 0.06562 0.05171 0.00501 ( 1)
 108 Y   0.04812 0.81341 0.02456 0.11391 ( 2)
 109 G   0.01218 0.81537 0.00240 0.17006 ( 2)
 110 N   0.32969 0.12085 0.53161 0.01786 ( 3)
 111 D   0.96839 0.00528 0.02607 0.00026 ( 1)
 112 V   0.74543 0.19096 0.04755 0.01606 ( 1)
 113 Y   0.94234 0.01321 0.04354 0.00091 ( 1)
 114 D   0.09475 0.76064 0.01411 0.13051 ( 2)
 115 T   0.00206 0.50360 0.01540 0.47895 ( 2)
 116 Q   0.03925 0.86030 0.00375 0.09670 ( 2)
 117 S   0.34423 0.61341 0.01114 0.03123 ( 2)
 118 V   0.00245 0.78332 0.00351 0.21072 ( 2)
 119 V   0.01156 0.43492 0.08214 0.47138 ( 4)
 120 S   0.01173 0.48872 0.07501 0.42454 ( 2)
 121 S   0.09223 0.74563 0.01678 0.14537 ( 2)
 122 Y   0.02083 0.66832 0.10264 0.20821 ( 2)
 123 K   0.01047 0.21965 0.32022 0.44966 ( 4)
 124 P   0.01358 0.60923 0.15069 0.22650 ( 2)
 125 T   0.24397 0.61679 0.03254 0.10670 ( 2)
 126 G   0.00313 0.04900 0.77477 0.17311 ( 3)
 127 G   0.00913 0.36978 0.48407 0.13701 ( 3)
 128 G   0.00065 0.24833 0.21776 0.53326 ( 4)
 129 H   0.29652 0.12289 0.56399 0.01661 ( 3)
 130 F   0.14441 0.80341 0.00551 0.04667 ( 2)
 131 G   0.34986 0.50566 0.05615 0.08834 ( 2)
 132 V   0.22238 0.59449 0.03821 0.14491 ( 2)
 133 P   0.93080 0.01411 0.05404 0.00105 ( 1)
 134 Q   0.00003 0.85071 0.00001 0.14925 ( 2)
 135 F   0.23448 0.71399 0.00936 0.04217 ( 2)
 136 R   0.00305 0.19936 0.39505 0.40254 ( 4)
 137 L   0.86436 0.04794 0.08224 0.00546 ( 1)
 138 F   0.04238 0.11302 0.65561 0.18899 ( 3)
 139 W   0.00224 0.84493 0.00037 0.15246 ( 2)
 140 I   0.95371 0.01018 0.03546 0.00066 ( 1)
 141 T   0.28487 0.07076 0.63311 0.01126 ( 3)
 142 K   0.00202 0.92108 0.00012 0.07678 ( 2)
 143 S   0.00264 0.41267 0.39470 0.18998 ( 2)
 144 N   0.96888 0.00585 0.02497 0.00030 ( 1)
 145 G   0.00000 0.03961 0.01168 0.94871 ( 4)
 146 L   0.81772 0.07038 0.10197 0.00993 ( 1)
 147 R   0.00017 0.09784 0.55502 0.34698 ( 3)
 148 E   0.17325 0.03382 0.77092 0.02200 ( 3)
 149 Q   0.13494 0.75614 0.01408 0.09484 ( 2)
 150 I   0.00312 0.93523 0.00012 0.06153 ( 2)
 151 F   0.95199 0.01114 0.03623 0.00064 ( 1)
 152 N   0.43961 0.51809 0.01331 0.02898 ( 2)
 153 Y   0.37965 0.56185 0.01851 0.04000 ( 2)
 154 A   0.00013 0.71367 0.00068 0.28553 ( 2)
 155 N   0.01233 0.42373 0.16418 0.39976 ( 2)
 156 N   0.92024 0.05331 0.02371 0.00274 ( 1)
 157 M   0.14489 0.45830 0.30266 0.09415 ( 2)
 158 G   0.15005 0.78947 0.00722 0.05327 ( 2)
 159 -   0.89166 0.02640 0.07875 0.00319 ( 1)
 160 S   0.41549 0.52274 0.02239 0.03939 ( 2)
 161 Y   0.01231 0.76400 0.00405 0.21963 ( 2)
 162 S   0.00144 0.95080 0.00005 0.04772 ( 2)
 163 A   0.00041 0.09030 0.24353 0.66576 ( 4)
 164 Y   0.00326 0.92665 0.00017 0.06991 ( 2)
 165 R   0.07811 0.80590 0.00907 0.10692 ( 2)
 166 F   0.18675 0.02854 0.76709 0.01761 ( 3)
 167 S   0.16948 0.70544 0.02101 0.10407 ( 2)
 168 K   0.50328 0.40245 0.04854 0.04573 ( 1)
 169 D   0.07607 0.12418 0.66450 0.13525 ( 3)
 170 E   0.22953 0.70642 0.01207 0.05198 ( 2)
 171 L   0.86436 0.04794 0.08224 0.00546 ( 1)
 172 P   0.82969 0.09013 0.07097 0.00921 ( 1)
 173 I   0.93646 0.01567 0.04673 0.00114 ( 1)
 174 E   0.81115 0.13862 0.04041 0.00981 ( 1)
 175 L   0.11112 0.75420 0.01584 0.11883 ( 2)
 176 L   0.04771 0.81513 0.00689 0.13027 ( 2)
 177 Q   0.00946 0.40389 0.25913 0.32751 ( 2)
 178 P   0.00001 0.68954 0.00004 0.31041 ( 2)
 179 P   0.93080 0.01411 0.05404 0.00105 ( 1)
 180 L   0.21284 0.09771 0.67166 0.01779 ( 3)
 181 F   0.24770 0.10761 0.62595 0.01874 ( 3)
 182 G   0.89578 0.03034 0.07093 0.00294 ( 1)
 183 D   0.96839 0.00528 0.02607 0.00026 ( 1)
 184 I   0.48800 0.44271 0.02876 0.04053 ( 1)
 185 E   0.85154 0.05271 0.08933 0.00642 ( 1)
 186 E   0.93828 0.01398 0.04675 0.00099 ( 1)
 187 Y   0.80260 0.03413 0.15622 0.00704 ( 1)
 188 S   0.91869 0.05157 0.02731 0.00243 ( 1)
 189 H   0.95617 0.00653 0.03694 0.00036 ( 1)
 190 R   0.82601 0.06959 0.09526 0.00914 ( 1)
 191 L   0.86436 0.04794 0.08224 0.00546 ( 1)
 192 S   0.96653 0.00453 0.02873 0.00021 ( 1)
 193 H   0.19036 0.66025 0.03142 0.11797 ( 2)
 194 V   0.86570 0.09312 0.03543 0.00575 ( 1)
 195 S   0.84543 0.05603 0.09139 0.00716 ( 1)
 196 E   0.86981 0.03470 0.09126 0.00423 ( 1)
 197 V   0.83929 0.09638 0.05596 0.00837 ( 1)
 198 I   0.07543 0.86909 0.00281 0.05267 ( 2)
 199 K   0.37789 0.56610 0.01710 0.03890 ( 2)
 200 D   0.00842 0.94242 0.00026 0.04890 ( 2)
 201 Y   0.04179 0.88982 0.00214 0.06625 ( 2)
 202 G   0.80908 0.06868 0.11164 0.01060 ( 1)
 203 E   0.01800 0.80994 0.01260 0.15945 ( 2)
 204 -   0.40296 0.37089 0.11776 0.10839 ( 1)
 205 -   0.40296 0.37089 0.11776 0.10839 ( 1)
 206 -   0.40296 0.37089 0.11776 0.10839 ( 1)
 207 -   0.40296 0.37089 0.11776 0.10839 ( 1)
 208 -   0.40296 0.37089 0.11776 0.10839 ( 1)
 209 -   0.40296 0.37089 0.11776 0.10839 ( 1)
 210 -   0.40296 0.37089 0.11776 0.10839 ( 1)
 211 -   0.40296 0.37089 0.11776 0.10839 ( 1)
 212 G   0.89578 0.03034 0.07093 0.00294 ( 1)
 213 I   0.21587 0.62310 0.03655 0.12448 ( 2)
 214 I   0.95724 0.00898 0.03325 0.00052 ( 1)
 215 P   0.91786 0.02682 0.05332 0.00200 ( 1)
 216 V   0.87671 0.06220 0.05596 0.00513 ( 1)
 217 L   0.86436 0.04794 0.08224 0.00546 ( 1)
 218 G   0.93106 0.02573 0.04162 0.00159 ( 1)
 219 W   0.04363 0.78001 0.00901 0.16736 ( 2)
 220 T   0.92198 0.02138 0.05487 0.00177 ( 1)
 221 H   0.95617 0.00653 0.03694 0.00036 ( 1)
 222 V   0.26934 0.65816 0.01718 0.05532 ( 2)
 223 S   0.91207 0.05399 0.02993 0.00401 ( 1)


lnL = -2866.757920

Bayes Empirical Bayes (BEB) probabilities for 4 classes (class)
(amino acids refer to 1st sequence: BT_Cry7Ba1)

   1 -   0.64893 0.12324 0.19175 0.03608 ( 1)
   2 -   0.63225 0.13992 0.18685 0.04098 ( 1)
   3 T   0.15171 0.76882 0.00957 0.06990 ( 2)
   4 V   0.27705 0.64122 0.02001 0.06172 ( 2)
   5 E   0.91787 0.02695 0.05305 0.00212 ( 1)
   6 L   0.82540 0.08091 0.08399 0.00970 ( 1)
   7 T   0.91258 0.02387 0.06139 0.00216 ( 1)
   8 R   0.92502 0.01513 0.05862 0.00123 ( 1)
   9 T   0.25662 0.66007 0.01839 0.06492 ( 2)
  10 I   0.94918 0.00972 0.04045 0.00065 ( 1)
  11 Y   0.71337 0.22753 0.04015 0.01894 ( 1)
  12 T   0.23402 0.53283 0.06952 0.16362 ( 2)
  13 D   0.96061 0.00588 0.03317 0.00034 ( 1)
  14 P   0.88186 0.03321 0.08132 0.00361 ( 1)
  15 L   0.77069 0.16275 0.05197 0.01459 ( 1)
  16 G   0.93968 0.01013 0.04948 0.00071 ( 1)
  17 Y   0.23075 0.59801 0.04551 0.12573 ( 2)
  18 T   0.09412 0.37191 0.31198 0.22199 ( 2)
  19 G   0.80552 0.05344 0.13164 0.00940 ( 1)
  20 Y   0.21995 0.16244 0.52836 0.08925 ( 3)
  21 S   0.07141 0.52386 0.13201 0.27273 ( 2)
  22 N   0.51022 0.44123 0.01914 0.02941 ( 1)
  23 D   0.04365 0.89361 0.00171 0.06103 ( 2)
  24 E   0.83366 0.10453 0.05240 0.00942 ( 1)
  25 H   0.87707 0.07537 0.04229 0.00527 ( 1)
  26 P   0.77912 0.04570 0.16515 0.01003 ( 1)
  27 T   0.01313 0.22166 0.65345 0.11176 ( 3)
  28 Y   0.24434 0.68161 0.01487 0.05917 ( 2)
  29 Y   0.93441 0.01392 0.05060 0.00107 ( 1)
  30 -   0.23421 0.53796 0.06935 0.15848 ( 2)
  31 S   0.24348 0.03279 0.70675 0.01698 ( 3)
  32 S   0.73084 0.20868 0.04290 0.01757 ( 1)
  33 A   0.14413 0.46662 0.29240 0.09685 ( 2)
  34 K   0.00918 0.91610 0.00051 0.07421 ( 2)
  35 P   0.00027 0.82419 0.00017 0.17538 ( 2)
  36 F   0.91225 0.04277 0.04218 0.00280 ( 1)
  37 S   0.00593 0.87214 0.00071 0.12123 ( 2)
  38 S   0.25767 0.62521 0.03065 0.08647 ( 2)
  39 I   0.92856 0.01641 0.05371 0.00132 ( 1)
  40 E   0.87508 0.02473 0.09705 0.00314 ( 1)
  41 S   0.92586 0.03569 0.03626 0.00219 ( 1)
  42 R   0.17074 0.75540 0.01049 0.06337 ( 2)
  43 A   0.80955 0.05490 0.12617 0.00939 ( 1)
  44 V   0.32416 0.55135 0.04317 0.08132 ( 2)
  45 L   0.14743 0.10554 0.70746 0.03957 ( 3)
  46 A   0.09551 0.81786 0.00709 0.07954 ( 2)
  47 P   0.71528 0.10903 0.15171 0.02398 ( 1)
  48 S   0.01228 0.71459 0.04423 0.22889 ( 2)
  49 L   0.85952 0.04750 0.08730 0.00568 ( 1)
  50 F   0.77893 0.08615 0.12047 0.01445 ( 1)
  51 K   0.15728 0.06518 0.73115 0.04639 ( 3)
  52 W   0.72104 0.13285 0.12202 0.02409 ( 1)
  53 I   0.45208 0.39722 0.07675 0.07394 ( 1)
  54 T   0.94342 0.01221 0.04351 0.00087 ( 1)
  55 Q   0.07055 0.40074 0.25433 0.27439 ( 2)
  56 L   0.40718 0.52045 0.02686 0.04551 ( 2)
  57 E   0.00551 0.55201 0.02500 0.41748 ( 2)
  58 V   0.90032 0.01820 0.07944 0.00204 ( 1)
  59 Y   0.01845 0.90681 0.00103 0.07371 ( 2)
  60 T   0.00912 0.82809 0.00499 0.15780 ( 2)
  61 K   0.01607 0.77479 0.01121 0.19794 ( 2)
  62 K   0.00000 0.16442 0.00067 0.83491 ( 4)
  63 Y   0.00878 0.27437 0.41608 0.30077 ( 3)
  64 S   0.00002 0.24892 0.00209 0.74897 ( 4)
  65 Y   0.02625 0.62698 0.10477 0.24200 ( 2)
  66 S   0.01644 0.47341 0.28837 0.22178 ( 2)
  67 S   0.38567 0.45100 0.07022 0.09311 ( 2)
  68 Q   0.00001 0.03497 0.07790 0.88713 ( 4)
  69 Y   0.27040 0.66056 0.01508 0.05395 ( 2)
  70 T   0.70843 0.24011 0.03337 0.01810 ( 1)
  71 T   0.55956 0.30686 0.08209 0.05150 ( 1)
  72 L   0.01021 0.36777 0.08217 0.53986 ( 4)
  73 W   0.35178 0.49806 0.05913 0.09103 ( 2)
  74 T   0.78522 0.16672 0.03584 0.01222 ( 1)
  75 G   0.88968 0.03049 0.07667 0.00316 ( 1)
  76 L   0.02322 0.14649 0.69895 0.13134 ( 3)
  77 R   0.11636 0.32520 0.36564 0.19280 ( 3)
  78 V   0.82292 0.04128 0.12879 0.00702 ( 1)
  79 I   0.02983 0.86541 0.00298 0.10178 ( 2)
  80 A   0.22736 0.15747 0.54301 0.07216 ( 3)
  81 Q   0.09738 0.74213 0.01789 0.14260 ( 2)
  82 P   0.06235 0.45412 0.20812 0.27541 ( 2)
  83 T   0.94342 0.01221 0.04351 0.00087 ( 1)
  84 K   0.02062 0.65768 0.03675 0.28495 ( 2)
  85 D   0.07260 0.83216 0.00618 0.08906 ( 2)
  86 F   0.00190 0.79182 0.00124 0.20504 ( 2)
  87 T   0.00010 0.29273 0.00314 0.70403 ( 4)
  88 D   0.15017 0.60731 0.15738 0.08514 ( 2)
  89 T   0.01214 0.83504 0.01080 0.14202 ( 2)
  90 V   0.01904 0.46983 0.32406 0.18706 ( 2)
  91 Y   0.85125 0.09297 0.04801 0.00777 ( 1)
  92 D   0.67969 0.27813 0.02424 0.01794 ( 1)
  93 Y   0.56404 0.21283 0.16284 0.06028 ( 1)
  94 G   0.88968 0.03049 0.07667 0.00316 ( 1)
  95 S   0.16374 0.78392 0.00601 0.04633 ( 2)
  96 S   0.81165 0.13162 0.04589 0.01084 ( 1)
  97 S   0.77813 0.06958 0.13892 0.01337 ( 1)
  98 G   0.84843 0.09974 0.04439 0.00744 ( 1)
  99 S   0.80793 0.13526 0.04567 0.01113 ( 1)
 100 E   0.00491 0.80122 0.00299 0.19089 ( 2)
 101 N   0.00095 0.49439 0.00575 0.49891 ( 4)
 102 K   0.01435 0.87831 0.00144 0.10590 ( 2)
 103 D   0.00687 0.93655 0.00024 0.05634 ( 2)
 104 V   0.43056 0.41057 0.07594 0.08294 ( 1)
 105 F   0.94742 0.00839 0.04364 0.00055 ( 1)
 106 D   0.57472 0.29557 0.08035 0.04936 ( 1)
 107 L   0.87167 0.06476 0.05807 0.00549 ( 1)
 108 Y   0.10367 0.74842 0.03953 0.10839 ( 2)
 109 G   0.03099 0.79501 0.00618 0.16782 ( 2)
 110 N   0.39919 0.11896 0.46554 0.01631 ( 3)
 111 D   0.96061 0.00588 0.03317 0.00034 ( 1)
 112 V   0.75198 0.17784 0.05320 0.01698 ( 1)
 113 Y   0.93441 0.01392 0.05060 0.00107 ( 1)
 114 D   0.15545 0.69835 0.02364 0.12257 ( 2)
 115 T   0.00702 0.50248 0.03587 0.45463 ( 2)
 116 Q   0.08855 0.80679 0.00880 0.09586 ( 2)
 117 S   0.43476 0.51615 0.01674 0.03235 ( 2)
 118 V   0.00741 0.77734 0.00857 0.20667 ( 2)
 119 V   0.02649 0.41364 0.13587 0.42400 ( 4)
 120 S   0.02689 0.46721 0.11884 0.38706 ( 2)
 121 S   0.15135 0.68506 0.02787 0.13573 ( 2)
 122 Y   0.04522 0.62250 0.14274 0.18954 ( 2)
 123 K   0.01925 0.19842 0.40006 0.38227 ( 3)
 124 P   0.02645 0.59524 0.16432 0.21400 ( 2)
 125 T   0.32804 0.53154 0.04554 0.09489 ( 2)
 126 G   0.00613 0.05145 0.78083 0.16159 ( 3)
 127 G   0.02077 0.36019 0.49278 0.12626 ( 3)
 128 G   0.00174 0.23987 0.26918 0.48922 ( 4)
 129 H   0.37531 0.12301 0.48642 0.01526 ( 3)
 130 F   0.21655 0.72453 0.00955 0.04937 ( 2)
 131 G   0.40011 0.45335 0.06534 0.08121 ( 2)
 132 V   0.29877 0.51993 0.05387 0.12743 ( 2)
 133 P   0.92351 0.01453 0.06076 0.00120 ( 1)
 134 Q   0.00019 0.84824 0.00003 0.15154 ( 2)
 135 F   0.32516 0.61690 0.01492 0.04302 ( 2)
 136 R   0.00664 0.19343 0.43668 0.36324 ( 3)
 137 L   0.85952 0.04750 0.08730 0.00568 ( 1)
 138 F   0.05726 0.10951 0.66080 0.17242 ( 3)
 139 W   0.00674 0.83828 0.00114 0.15384 ( 2)
 140 I   0.94561 0.01096 0.04262 0.00080 ( 1)
 141 T   0.35796 0.07519 0.55594 0.01091 ( 3)
 142 K   0.00713 0.90926 0.00045 0.08315 ( 2)
 143 S   0.00665 0.40591 0.40967 0.17777 ( 3)
 144 N   0.96115 0.00656 0.03190 0.00039 ( 1)
 145 G   0.00000 0.04357 0.02921 0.92722 ( 4)
 146 L   0.81512 0.06902 0.10584 0.01002 ( 1)
 147 R   0.00048 0.09704 0.58891 0.31357 ( 3)
 148 E   0.22007 0.03678 0.72181 0.02134 ( 3)
 149 Q   0.21005 0.67774 0.02279 0.08942 ( 2)
 150 I   0.01086 0.91997 0.00048 0.06869 ( 2)
 151 F   0.94391 0.01182 0.04349 0.00078 ( 1)
 152 N   0.51554 0.43602 0.01879 0.02964 ( 1)
 153 Y   0.46093 0.47470 0.02523 0.03914 ( 2)
 154 A   0.00060 0.71447 0.00199 0.28294 ( 2)
 155 N   0.02671 0.39728 0.22774 0.34827 ( 2)
 156 N   0.91347 0.05294 0.03022 0.00337 ( 1)
 157 M   0.20862 0.41571 0.29257 0.08310 ( 2)
 158 G   0.23035 0.70297 0.01242 0.05427 ( 2)
 159 -   0.88473 0.02701 0.08483 0.00344 ( 1)
 160 S   0.49450 0.43788 0.02959 0.03803 ( 1)
 161 Y   0.03075 0.74461 0.00979 0.21486 ( 2)
 162 S   0.00539 0.93845 0.00020 0.05596 ( 2)
 163 A   0.00115 0.08507 0.33524 0.57854 ( 4)
 164 Y   0.01113 0.91177 0.00065 0.07646 ( 2)
 165 R   0.13366 0.74719 0.01597 0.10318 ( 2)
 166 F   0.23618 0.03133 0.71530 0.01719 ( 3)
 167 S   0.25038 0.62189 0.03212 0.09560 ( 2)
 168 K   0.55783 0.34350 0.05614 0.04252 ( 1)
 169 D   0.10193 0.12339 0.65055 0.12413 ( 3)
 170 E   0.32031 0.61000 0.01869 0.05100 ( 2)
 171 L   0.85952 0.04750 0.08730 0.00568 ( 1)
 172 P   0.82687 0.08733 0.07627 0.00953 ( 1)
 173 I   0.92856 0.01641 0.05371 0.00132 ( 1)
 174 E   0.81127 0.13133 0.04649 0.01091 ( 1)
 175 L   0.16548 0.69753 0.02407 0.11292 ( 2)
 176 L   0.08664 0.77381 0.01276 0.12679 ( 2)
 177 Q   0.01962 0.37238 0.31510 0.29291 ( 2)
 178 P   0.00007 0.69135 0.00019 0.30839 ( 2)
 179 P   0.92351 0.01453 0.06076 0.00120 ( 1)
 180 L   0.28111 0.10359 0.59819 0.01711 ( 3)
 181 F   0.31635 0.11113 0.55495 0.01757 ( 3)
 182 G   0.88968 0.03049 0.07667 0.00316 ( 1)
 183 D   0.96061 0.00588 0.03317 0.00034 ( 1)
 184 I   0.52257 0.40224 0.03441 0.04078 ( 1)
 185 E   0.84753 0.05194 0.09393 0.00660 ( 1)
 186 E   0.93050 0.01462 0.05373 0.00115 ( 1)
 187 Y   0.80012 0.03446 0.15829 0.00714 ( 1)
 188 S   0.91203 0.05073 0.03419 0.00305 ( 1)
 189 H   0.94829 0.00698 0.04429 0.00044 ( 1)
 190 R   0.82338 0.06792 0.09945 0.00924 ( 1)
 191 L   0.85952 0.04750 0.08730 0.00568 ( 1)
 192 S   0.95868 0.00497 0.03607 0.00028 ( 1)
 193 H   0.27096 0.57813 0.04525 0.10566 ( 2)
 194 V   0.86159 0.08982 0.04191 0.00668 ( 1)
 195 S   0.84132 0.05534 0.09599 0.00735 ( 1)
 196 E   0.86493 0.03478 0.09587 0.00441 ( 1)
 197 V   0.83645 0.09267 0.06178 0.00911 ( 1)
 198 I   0.15151 0.78672 0.00651 0.05526 ( 2)
 199 K   0.45640 0.48166 0.02340 0.03854 ( 2)
 200 D   0.02713 0.91577 0.00100 0.05609 ( 2)
 201 Y   0.09317 0.83225 0.00530 0.06928 ( 2)
 202 G   0.80660 0.06727 0.11548 0.01065 ( 1)
 203 E   0.05004 0.77037 0.02645 0.15315 ( 2)
 204 -   0.42303 0.34914 0.12531 0.10252 ( 1)
 205 -   0.42303 0.34914 0.12531 0.10252 ( 1)
 206 -   0.42303 0.34914 0.12531 0.10252 ( 1)
 207 -   0.42303 0.34914 0.12531 0.10252 ( 1)
 208 -   0.42303 0.34914 0.12531 0.10252 ( 1)
 209 -   0.42303 0.34914 0.12531 0.10252 ( 1)
 210 -   0.42303 0.34914 0.12531 0.10252 ( 1)
 211 -   0.42303 0.34914 0.12531 0.10252 ( 1)
 212 G   0.88968 0.03049 0.07667 0.00316 ( 1)
 213 I   0.29591 0.54233 0.05115 0.11061 ( 2)
 214 I   0.94918 0.00972 0.04045 0.00065 ( 1)
 215 P   0.91075 0.02707 0.05994 0.00224 ( 1)
 216 V   0.87098 0.06128 0.06219 0.00555 ( 1)
 217 L   0.85952 0.04750 0.08730 0.00568 ( 1)
 218 G   0.92331 0.02618 0.04866 0.00185 ( 1)
 219 W   0.07971 0.74250 0.01663 0.16116 ( 2)
 220 T   0.91439 0.02210 0.06152 0.00200 ( 1)
 221 H   0.94829 0.00698 0.04429 0.00044 ( 1)
 222 V   0.35745 0.56487 0.02470 0.05298 ( 2)
 223 S   0.90407 0.05410 0.03732 0.00451 ( 1)

