Supplemental results for CODEML (seqf: algn  treef: tree)


dN/dS (w) for site classes (K=4)

site class             0        1       2a       2b
proportion       0.38441  0.21508  0.25682  0.14369
background w     0.06912  1.00000  0.06912  1.00000
foreground w     0.06912  1.00000  1.00000  1.00000

Naive Empirical Bayes (NEB) probabilities for 4 classes
(amino acids refer to 1st sequence: BT_Cry7Cb1)

   1 -   0.56661 0.03288 0.37855 0.02197 ( 1)
   2 -   0.56642 0.03306 0.37842 0.02209 ( 1)
   3 A   0.56022 0.06140 0.33735 0.04102 ( 1)
   4 G   0.62520 0.00252 0.37059 0.00169 ( 1)
   5 G   0.00387 0.59576 0.00234 0.39803 ( 2)
   6 I   0.62453 0.00276 0.37087 0.00184 ( 1)
   7 V   0.05799 0.31134 0.42266 0.20800 ( 3)
   8 A   0.08328 0.51318 0.06067 0.34286 ( 2)
   9 L   0.53691 0.08046 0.32888 0.05375 ( 1)
  10 F   0.59075 0.03650 0.34837 0.02438 ( 1)
  11 T   0.54501 0.06485 0.34682 0.04332 ( 1)
  12 E   0.00047 0.59904 0.00027 0.40022 ( 2)
  13 V   0.28299 0.33111 0.16469 0.22121 ( 2)
  14 L   0.21810 0.38854 0.13378 0.25958 ( 2)
  15 R   0.19077 0.41679 0.11398 0.27846 ( 2)
  16 L   0.03818 0.56257 0.02339 0.37585 ( 2)
  17 L   0.60549 0.01246 0.37373 0.00832 ( 1)
  18 W   0.58299 0.02506 0.37521 0.01674 ( 1)
  19 P   0.61475 0.00226 0.38148 0.00151 ( 1)
  20 N   0.00234 0.59727 0.00136 0.39903 ( 2)
  21 K   0.04283 0.55780 0.02672 0.37266 ( 2)
  22 Q   0.09258 0.51016 0.05641 0.34084 ( 2)
  23 D   0.01661 0.52207 0.11253 0.34879 ( 2)
  24 E   0.11703 0.46812 0.10209 0.31275 ( 2)
  25 L   0.06217 0.53955 0.03780 0.36047 ( 2)
  26 W   0.58299 0.02506 0.37521 0.01674 ( 1)
  27 E   0.63135 0.00241 0.36463 0.00161 ( 1)
  28 S   0.03550 0.56449 0.02288 0.37713 ( 2)
  29 F   0.59793 0.02984 0.35229 0.01994 ( 1)
  30 M   0.62686 0.00047 0.37235 0.00032 ( 1)
  31 K   0.08396 0.18009 0.61564 0.12032 ( 3)
  32 E   0.59905 0.03260 0.34658 0.02178 ( 1)
  33 V   0.62777 0.00454 0.36466 0.00303 ( 1)
  34 E   0.61412 0.00291 0.38102 0.00195 ( 1)
  35 K   0.00103 0.58696 0.01987 0.39214 ( 2)
  36 L   0.61272 0.00885 0.37252 0.00591 ( 1)
  37 I   0.62465 0.00265 0.37094 0.00177 ( 1)
  38 E   0.06082 0.46605 0.16176 0.31137 ( 2)
  39 Q   0.58065 0.03945 0.35354 0.02636 ( 1)
  40 E   0.61641 0.01595 0.35698 0.01066 ( 1)
  41 I   0.63386 0.00188 0.36301 0.00125 ( 1)
  42 T   0.58714 0.03919 0.34748 0.02619 ( 1)
  43 D   0.21592 0.14692 0.53900 0.09815 ( 3)
  44 A   0.02584 0.57417 0.01638 0.38360 ( 2)
  45 V   0.54599 0.08191 0.31738 0.05472 ( 1)
  46 V   0.17832 0.43014 0.10416 0.28738 ( 2)
  47 S   0.00308 0.59653 0.00184 0.39854 ( 2)
  48 K   0.56691 0.06225 0.32926 0.04159 ( 1)
  49 A   0.62138 0.00269 0.37414 0.00180 ( 1)
  50 L   0.44251 0.17073 0.27269 0.11407 ( 1)
  51 A   0.10628 0.01080 0.87570 0.00722 ( 3)
  52 E   0.60236 0.02980 0.34793 0.01991 ( 1)
  53 L   0.61173 0.00813 0.37470 0.00543 ( 1)
  54 E   0.54957 0.06562 0.34097 0.04384 ( 1)
  55 G   0.61919 0.00465 0.37305 0.00311 ( 1)
  56 L   0.61231 0.00758 0.37505 0.00506 ( 1)
  57 R   0.56692 0.04684 0.35494 0.03130 ( 1)
  58 N   0.59048 0.02170 0.37332 0.01450 ( 1)
  59 A   0.00631 0.59342 0.00380 0.39646 ( 2)
  60 L   0.04116 0.55914 0.02615 0.37356 ( 2)
  61 Q   0.00152 0.59682 0.00293 0.39873 ( 2)
  62 G   0.01576 0.58443 0.00935 0.39046 ( 2)
  63 Y   0.61999 0.00300 0.37501 0.00200 ( 1)
  64 T   0.01438 0.58575 0.00853 0.39134 ( 2)
  65 D   0.00141 0.59142 0.01204 0.39513 ( 2)
  66 A   0.58358 0.04455 0.34210 0.02977 ( 1)
  67 L   0.60176 0.00526 0.38947 0.00351 ( 1)
  68 E   0.59422 0.03748 0.34326 0.02504 ( 1)
  69 A   0.06970 0.53318 0.04090 0.35622 ( 2)
  70 W   0.58299 0.02506 0.37521 0.01674 ( 1)
  71 Q   0.46293 0.15299 0.28187 0.10221 ( 1)
  72 N   0.11133 0.49398 0.06467 0.33002 ( 2)
  73 N   0.63195 0.00100 0.36638 0.00067 ( 1)
  74 R   0.50235 0.11108 0.31235 0.07421 ( 1)
  75 S   0.60385 0.02099 0.36114 0.01402 ( 1)
  76 D   0.19350 0.41665 0.11147 0.27837 ( 2)
  77 K   0.60641 0.02456 0.35261 0.01641 ( 1)
  78 L   0.38687 0.22646 0.23537 0.15130 ( 1)
  79 K   0.01305 0.58678 0.00814 0.39203 ( 2)
  80 Q   0.02278 0.57718 0.01443 0.38561 ( 2)
  81 L   0.04028 0.56055 0.02468 0.37450 ( 2)
  82 L   0.12122 0.48192 0.07489 0.32197 ( 2)
  83 V   0.60640 0.00645 0.38285 0.00431 ( 1)
  84 Y   0.00005 0.59944 0.00003 0.40048 ( 2)
  85 D   0.01886 0.50572 0.13755 0.33787 ( 2)
  86 R   0.52268 0.09929 0.31169 0.06634 ( 1)
  87 F   0.59729 0.03045 0.35192 0.02034 ( 1)
  88 V   0.16960 0.43704 0.10137 0.29199 ( 2)
  89 S   0.01035 0.58948 0.00634 0.39383 ( 2)
  90 T   0.15447 0.45197 0.09161 0.30196 ( 2)
  91 E   0.58146 0.04954 0.33590 0.03310 ( 1)
  92 N   0.03624 0.56515 0.02104 0.37757 ( 2)
  93 L   0.05297 0.54828 0.03245 0.36630 ( 2)
  94 F   0.62798 0.00122 0.36999 0.00081 ( 1)
  95 K   0.03514 0.56616 0.02044 0.37825 ( 2)
  96 F   0.00090 0.59862 0.00053 0.39994 ( 2)
  97 A   0.00251 0.59710 0.00147 0.39892 ( 2)
  98 M   0.61173 0.01492 0.36337 0.00997 ( 1)
  99 P   0.61254 0.00377 0.38117 0.00252 ( 1)
 100 S   0.61750 0.00283 0.37778 0.00189 ( 1)
 101 F   0.62798 0.00122 0.36999 0.00081 ( 1)
 102 R   0.08067 0.52228 0.04811 0.34893 ( 2)
 103 V   0.00336 0.39875 0.33149 0.26640 ( 2)
 104 G   0.00113 0.59718 0.00272 0.39898 ( 2)
 105 G   0.62175 0.00219 0.37459 0.00147 ( 1)
 106 F   0.02616 0.57455 0.01543 0.38386 ( 2)
 107 E   0.63135 0.00241 0.36463 0.00161 ( 1)
 108 V   0.10496 0.02653 0.85079 0.01772 ( 3)
 109 P   0.62000 0.00153 0.37744 0.00102 ( 1)
 110 L   0.61231 0.00758 0.37505 0.00506 ( 1)
 111 L   0.60062 0.01887 0.36790 0.01261 ( 1)
 112 T   0.24365 0.36694 0.14425 0.24515 ( 2)
 113 V   0.62777 0.00454 0.36466 0.00303 ( 1)
 114 Y   0.61999 0.00300 0.37501 0.00200 ( 1)
 115 A   0.62651 0.00374 0.36726 0.00250 ( 1)
 116 Q   0.61918 0.00229 0.37700 0.00153 ( 1)
 117 A   0.60189 0.00299 0.39311 0.00200 ( 1)
 118 A   0.62717 0.00310 0.36765 0.00207 ( 1)
 119 N   0.60959 0.00449 0.38293 0.00300 ( 1)
 120 L   0.61162 0.00991 0.37185 0.00662 ( 1)
 121 H   0.60654 0.00229 0.38963 0.00153 ( 1)
 122 L   0.61076 0.00907 0.37411 0.00606 ( 1)
 123 L   0.10495 0.07344 0.77255 0.04906 ( 3)
 124 L   0.61231 0.00758 0.37505 0.00506 ( 1)
 125 L   0.61231 0.00758 0.37505 0.00506 ( 1)
 126 K   0.47537 0.14898 0.27612 0.09953 ( 1)
 127 N   0.61466 0.01697 0.35702 0.01134 ( 1)
 128 S   0.51222 0.04672 0.40985 0.03121 ( 1)
 129 E   0.09460 0.50990 0.05483 0.34066 ( 2)
 130 L   0.17495 0.43026 0.10733 0.28746 ( 2)
 131 F   0.62489 0.00155 0.37253 0.00103 ( 1)
 132 G   0.60938 0.00253 0.38641 0.00169 ( 1)
 133 A   0.55772 0.06913 0.32697 0.04618 ( 1)
 134 E   0.63104 0.00270 0.36446 0.00180 ( 1)
 135 W   0.58299 0.02506 0.37521 0.01674 ( 1)
 136 G   0.62524 0.00249 0.37062 0.00166 ( 1)
 137 M   0.01614 0.58405 0.00960 0.39020 ( 2)
 138 Q   0.01799 0.58210 0.01101 0.38890 ( 2)
 139 Q   0.00070 0.59881 0.00042 0.40007 ( 2)
 140 Y   0.00039 0.59910 0.00026 0.40026 ( 2)
 141 E   0.45835 0.16601 0.26472 0.11091 ( 1)
 142 I   0.57321 0.05905 0.32828 0.03945 ( 1)
 143 D   0.02279 0.57724 0.01432 0.38565 ( 2)
 144 L   0.00971 0.58995 0.00619 0.39415 ( 2)
 145 F   0.56038 0.06560 0.33019 0.04383 ( 1)
 146 Y   0.60276 0.00490 0.38906 0.00327 ( 1)
 147 N   0.48391 0.14103 0.28084 0.09422 ( 1)
 148 E   0.17503 0.43355 0.10177 0.28965 ( 2)
 149 Q   0.61754 0.00387 0.37600 0.00259 ( 1)
 150 K   0.27896 0.32792 0.17404 0.21908 ( 2)
 151 D   0.00398 0.59395 0.00526 0.39681 ( 2)
 152 Y   0.00439 0.59513 0.00287 0.39761 ( 2)
 153 V   0.01661 0.58371 0.00970 0.38997 ( 2)
 154 V   0.11867 0.22515 0.50575 0.15042 ( 3)
 155 E   0.28643 0.32849 0.16562 0.21946 ( 2)
 156 Y   0.61684 0.00603 0.37310 0.00403 ( 1)
 157 T   0.53849 0.08549 0.31890 0.05712 ( 1)
 158 D   0.63337 0.00121 0.36461 0.00081 ( 1)
 159 H   0.59399 0.03132 0.35378 0.02092 ( 1)
 160 C   0.61929 0.00185 0.37763 0.00123 ( 1)
 161 V   0.62042 0.00528 0.37078 0.00352 ( 1)
 162 K   0.57094 0.05843 0.33159 0.03904 ( 1)
 163 W   0.58299 0.02506 0.37521 0.01674 ( 1)
 164 Y   0.61999 0.00300 0.37501 0.00200 ( 1)
 165 T   0.00115 0.59196 0.01140 0.39549 ( 2)
 166 E   0.27022 0.34340 0.15695 0.22942 ( 2)
 167 G   0.60074 0.01099 0.38093 0.00734 ( 1)
 168 L   0.61231 0.00758 0.37505 0.00506 ( 1)
 169 N   0.62116 0.01085 0.36075 0.00725 ( 1)
 170 R   0.00776 0.58238 0.02077 0.38909 ( 2)
 171 L   0.60220 0.00918 0.38249 0.00613 ( 1)
 172 K   0.61350 0.00243 0.38245 0.00162 ( 1)
 173 N   0.45242 0.17096 0.26241 0.11422 ( 1)
 174 A   0.44732 0.17407 0.26231 0.11630 ( 1)
 175 S   0.42181 0.19346 0.25548 0.12925 ( 1)
 176 G   0.62574 0.00200 0.37092 0.00134 ( 1)
 177 V   0.01277 0.58736 0.00746 0.39241 ( 2)
 178 K   0.61889 0.01275 0.35984 0.00852 ( 1)
 179 G   0.57788 0.04421 0.34837 0.02954 ( 1)
 180 K   0.28257 0.32449 0.17615 0.21679 ( 2)
 181 V   0.00087 0.59866 0.00050 0.39997 ( 2)
 182 W   0.58299 0.02506 0.37521 0.01674 ( 1)
 183 E   0.11232 0.49036 0.06971 0.32761 ( 2)
 184 E   0.00071 0.58316 0.02652 0.38961 ( 2)
 185 Y   0.61999 0.00300 0.37501 0.00200 ( 1)
 186 N   0.51994 0.10707 0.30146 0.07153 ( 1)
 187 R   0.45392 0.15817 0.28223 0.10568 ( 1)
 188 F   0.62233 0.00659 0.36667 0.00441 ( 1)
 189 R   0.58534 0.01777 0.38502 0.01187 ( 1)
 190 R   0.62518 0.00120 0.37281 0.00080 ( 1)
 191 E   0.63135 0.00241 0.36463 0.00161 ( 1)
 192 M   0.62686 0.00047 0.37235 0.00032 ( 1)
 193 T   0.60895 0.00213 0.38750 0.00142 ( 1)
 194 I   0.48343 0.13747 0.28726 0.09184 ( 1)
 195 M   0.00965 0.59026 0.00574 0.39435 ( 2)
 196 V   0.60352 0.00926 0.38103 0.00619 ( 1)
 197 L   0.61231 0.00758 0.37505 0.00506 ( 1)
 198 D   0.63337 0.00121 0.36461 0.00081 ( 1)
 199 L   0.04101 0.55901 0.02650 0.37347 ( 2)
 200 L   0.11159 0.49189 0.06788 0.32863 ( 2)
 201 P   0.21488 0.39222 0.13086 0.26204 ( 2)
 202 L   0.61231 0.00758 0.37505 0.00506 ( 1)
 203 F   0.62798 0.00122 0.36999 0.00081 ( 1)
 204 P   0.58936 0.03108 0.35879 0.02077 ( 1)
 205 I   0.00177 0.59774 0.00114 0.39935 ( 2)


lnL = -2319.749710

