Supplemental results for CODEML (seqf: algn  treef: tree)


dN/dS (w) for site classes (K=4)

site class             0        1       2a       2b
proportion       0.63388  0.20663  0.12028  0.03921
background w     0.10213  1.00000  0.10213  1.00000
foreground w     0.10213  1.00000  1.00000  1.00000

Naive Empirical Bayes (NEB) probabilities for 4 classes
(amino acids refer to 1st sequence: BT_Cry7Ba1)

   1 -   0.74046 0.10005 0.14051 0.01898 ( 1)
   2 -   0.80919 0.03131 0.15355 0.00594 ( 1)
   3 -   0.14292 0.69758 0.02712 0.13237 ( 2)
   4 -   0.00916 0.83135 0.00174 0.15775 ( 2)
   5 -   0.35461 0.48590 0.06729 0.09220 ( 2)
   6 -   0.81555 0.02496 0.15476 0.00474 ( 1)
   7 S   0.43363 0.42219 0.06406 0.08011 ( 1)
   8 K   0.43369 0.42675 0.05858 0.08098 ( 1)
   9 I   0.83319 0.03223 0.12846 0.00612 ( 1)
  10 L   0.62119 0.23265 0.10201 0.04415 ( 1)
  11 K   0.71810 0.15541 0.09700 0.02949 ( 1)
  12 E   0.44338 0.41015 0.06863 0.07783 ( 1)
  13 I   0.87332 0.00469 0.12110 0.00089 ( 1)
  14 L   0.68455 0.18060 0.10058 0.03427 ( 1)
  15 D   0.84523 0.03757 0.11007 0.00713 ( 1)
  16 Y   0.57403 0.28729 0.08417 0.05452 ( 1)
  17 L   0.85516 0.01286 0.12954 0.00244 ( 1)
  18 W   0.83886 0.01420 0.14425 0.00269 ( 1)
  19 P   0.85142 0.00384 0.14402 0.00073 ( 1)
  20 S   0.86436 0.00668 0.12769 0.00127 ( 1)
  21 S   0.13914 0.70575 0.02118 0.13392 ( 2)
  22 S   0.27359 0.57127 0.04674 0.10840 ( 2)
  23 S   0.49792 0.35105 0.08441 0.06661 ( 1)
  24 S   0.48597 0.36015 0.08554 0.06834 ( 1)
  25 N   0.20200 0.45037 0.26217 0.08546 ( 2)
  26 S   0.28355 0.56589 0.04317 0.10738 ( 2)
  27 W   0.83886 0.01420 0.14425 0.00269 ( 1)
  28 E   0.87785 0.00428 0.11705 0.00081 ( 1)
  29 E   0.07291 0.76974 0.01129 0.14606 ( 2)
  30 M   0.86635 0.01178 0.11964 0.00223 ( 1)
  31 M   0.86844 0.00978 0.11992 0.00186 ( 1)
  32 K   0.66365 0.19505 0.10430 0.03701 ( 1)
  33 E   0.39997 0.45950 0.05333 0.08719 ( 2)
  34 V   0.86700 0.01383 0.11655 0.00262 ( 1)
  35 E   0.86115 0.00466 0.13330 0.00089 ( 1)
  36 Y   0.60443 0.25799 0.08863 0.04896 ( 1)
  37 L   0.86529 0.00636 0.12714 0.00121 ( 1)
  38 I   0.79453 0.08010 0.11017 0.01520 ( 1)
  39 D   0.88188 0.00275 0.11485 0.00052 ( 1)
  40 K   0.84396 0.03534 0.11400 0.00671 ( 1)
  41 K   0.87745 0.00338 0.11853 0.00064 ( 1)
  42 I   0.88231 0.00345 0.11358 0.00066 ( 1)
  43 E   0.74139 0.12090 0.11477 0.02294 ( 1)
  44 E   0.83572 0.04442 0.11143 0.00843 ( 1)
  45 Y   0.79994 0.06957 0.11729 0.01320 ( 1)
  46 A   0.82797 0.05037 0.11210 0.00956 ( 1)
  47 R   0.87059 0.00336 0.12542 0.00064 ( 1)
  48 N   0.85131 0.03011 0.11287 0.00571 ( 1)
  49 K   0.79863 0.06376 0.12551 0.01210 ( 1)
  50 A   0.87519 0.00530 0.11850 0.00101 ( 1)
  51 L   0.76321 0.10477 0.11214 0.01988 ( 1)
  52 A   0.38029 0.02333 0.59196 0.00443 ( 3)
  53 V   0.08455 0.59506 0.20747 0.11292 ( 2)
  54 L   0.84641 0.01226 0.13900 0.00233 ( 1)
  55 E   0.24748 0.60476 0.03300 0.11476 ( 2)
  56 G   0.87313 0.00350 0.12271 0.00066 ( 1)
  57 I   0.83385 0.04943 0.10734 0.00938 ( 1)
  58 G   0.87156 0.00336 0.12444 0.00064 ( 1)
  59 N   0.79113 0.08739 0.10489 0.01658 ( 1)
  60 A   0.74079 0.12939 0.10526 0.02455 ( 1)
  61 V   0.44036 0.42063 0.05920 0.07982 ( 1)
  62 E   0.01851 0.82288 0.00247 0.15615 ( 2)
  63 S   0.13456 0.48700 0.28603 0.09241 ( 2)
  64 Y   0.86734 0.00461 0.12718 0.00087 ( 1)
  65 Y   0.53828 0.32174 0.07893 0.06105 ( 1)
  66 S   0.17729 0.67006 0.02550 0.12715 ( 2)
  67 A   0.82002 0.05796 0.11102 0.01100 ( 1)
  68 L   0.85632 0.01174 0.12971 0.00223 ( 1)
  69 E   0.82021 0.05919 0.10937 0.01123 ( 1)
  70 A   0.07821 0.76412 0.01268 0.14500 ( 2)
  71 W   0.83886 0.01420 0.14425 0.00269 ( 1)
  72 -   0.32687 0.51364 0.06203 0.09747 ( 2)
  73 E   0.82969 0.05016 0.11063 0.00952 ( 1)
  74 L   0.56941 0.28942 0.08625 0.05492 ( 1)
  75 E   0.08256 0.76186 0.01101 0.14457 ( 2)
  76 S   0.71218 0.15349 0.10521 0.02913 ( 1)
  77 S   0.77077 0.09949 0.11086 0.01888 ( 1)
  78 E   0.36966 0.48837 0.04929 0.09267 ( 2)
  79 R   0.85006 0.01342 0.13397 0.00255 ( 1)
  80 S   0.24922 0.60090 0.03585 0.11403 ( 2)
  81 L   0.66004 0.20170 0.09998 0.03827 ( 1)
  82 E   0.69023 0.18301 0.09204 0.03473 ( 1)
  83 L   0.80268 0.05393 0.13316 0.01023 ( 1)
  84 V   0.87207 0.00899 0.11723 0.00171 ( 1)
  85 L   0.03505 0.80621 0.00576 0.15298 ( 2)
  86 E   0.00120 0.81973 0.02352 0.15555 ( 2)
  87 R   0.82676 0.03130 0.13600 0.00594 ( 1)
  88 Y   0.79464 0.07467 0.11652 0.01417 ( 1)
  89 Q   0.00001 0.84014 0.00043 0.15942 ( 2)
  90 F   0.12987 0.57230 0.18923 0.10860 ( 2)
  91 A   0.61546 0.23937 0.09975 0.04542 ( 1)
  92 V   0.54050 0.31301 0.08710 0.05940 ( 1)
  93 Q   0.74475 0.10894 0.12564 0.02067 ( 1)
  94 F   0.76413 0.11084 0.10399 0.02103 ( 1)
  95 A   0.74722 0.12743 0.10117 0.02418 ( 1)
  96 R   0.68731 0.17960 0.09901 0.03408 ( 1)
  97 S   0.00066 0.83910 0.00102 0.15923 ( 2)
  98 S   0.00103 0.82510 0.01730 0.15657 ( 2)
  99 M   0.85122 0.02626 0.11754 0.00498 ( 1)
 100 P   0.86835 0.00279 0.12834 0.00053 ( 1)
 101 S   0.85654 0.01097 0.13041 0.00208 ( 1)
 102 F   0.87745 0.00264 0.11941 0.00050 ( 1)
 103 A   0.85600 0.00443 0.13873 0.00084 ( 1)
 104 I   0.27621 0.28774 0.38145 0.05460 ( 3)
 105 I   0.01557 0.65672 0.20309 0.12462 ( 2)
 106 N   0.65424 0.21771 0.08674 0.04131 ( 1)
 107 Y   0.55049 0.30997 0.08072 0.05882 ( 1)
 108 E   0.87718 0.00493 0.11696 0.00093 ( 1)
 109 I   0.85743 0.01990 0.11890 0.00378 ( 1)
 110 P   0.84381 0.00497 0.15029 0.00094 ( 1)
 111 L   0.85774 0.01036 0.12993 0.00197 ( 1)
 112 L   0.85774 0.01036 0.12993 0.00197 ( 1)
 113 A   0.38349 0.47454 0.05192 0.09005 ( 2)
 114 T   0.78668 0.08748 0.10924 0.01660 ( 1)
 115 Y   0.86709 0.00485 0.12714 0.00092 ( 1)
 116 A   0.87651 0.00405 0.11867 0.00077 ( 1)
 117 N   0.61145 0.25844 0.08107 0.04904 ( 1)
 118 A   0.87045 0.00493 0.12368 0.00094 ( 1)
 119 A   0.70771 0.16514 0.09582 0.03134 ( 1)
 120 N   0.87757 0.00511 0.11635 0.00097 ( 1)
 121 V   0.21732 0.63208 0.03065 0.11994 ( 2)
 122 H   0.87148 0.00497 0.12260 0.00094 ( 1)
 123 L   0.85613 0.01192 0.12969 0.00226 ( 1)
 124 L   0.84941 0.02167 0.12481 0.00411 ( 1)
 125 L   0.85774 0.01036 0.12993 0.00197 ( 1)
 126 M   0.78771 0.08701 0.10877 0.01651 ( 1)
 127 R   0.86906 0.00483 0.12519 0.00092 ( 1)
 128 D   0.87863 0.00584 0.11442 0.00111 ( 1)
 129 I   0.80757 0.07436 0.10396 0.01411 ( 1)
 130 Q   0.41497 0.43845 0.06337 0.08320 ( 2)
 131 I   0.88088 0.00481 0.11340 0.00091 ( 1)
 132 Y   0.82253 0.02784 0.14435 0.00528 ( 1)
 133 G   0.85518 0.00427 0.13974 0.00081 ( 1)
 134 D   0.69260 0.18256 0.09020 0.03464 ( 1)
 135 R   0.22264 0.36575 0.34221 0.06940 ( 2)
 136 W   0.83886 0.01420 0.14425 0.00269 ( 1)
 137 G   0.06768 0.02441 0.90327 0.00463 ( 3)
 138 I   0.76609 0.11371 0.09862 0.02158 ( 1)
 139 S   0.11575 0.59818 0.17256 0.11351 ( 2)
 140 Q   0.40823 0.44499 0.06234 0.08444 ( 2)
 141 N   0.00155 0.83903 0.00021 0.15921 ( 2)
 142 D   0.86903 0.01496 0.11317 0.00284 ( 1)
 143 M   0.36390 0.05605 0.56941 0.01064 ( 3)
 144 N   0.05284 0.73845 0.06858 0.14013 ( 2)
 145 L   0.07274 0.76862 0.01279 0.14585 ( 2)
 146 F   0.63400 0.22064 0.10349 0.04187 ( 1)
 147 L   0.54048 0.31742 0.08187 0.06023 ( 1)
 148 K   0.63124 0.23828 0.08527 0.04521 ( 1)
 149 E   0.51305 0.35178 0.06841 0.06675 ( 1)
 150 Q   0.86209 0.00526 0.13165 0.00100 ( 1)
 151 E   0.80422 0.07442 0.10723 0.01412 ( 1)
 152 I   0.00735 0.82628 0.00957 0.15679 ( 2)
 153 Y   0.08302 0.75848 0.01457 0.14393 ( 2)
 154 T   0.85135 0.00748 0.13975 0.00142 ( 1)
 155 S   0.24197 0.33414 0.36048 0.06341 ( 3)
 156 E   0.84397 0.03656 0.11254 0.00694 ( 1)
 157 Y   0.86527 0.00661 0.12687 0.00125 ( 1)
 158 S   0.71444 0.14355 0.11477 0.02724 ( 1)
 159 E   0.86938 0.01235 0.11592 0.00234 ( 1)
 160 H   0.37731 0.07026 0.53910 0.01333 ( 3)
 161 C   0.84482 0.00614 0.14788 0.00117 ( 1)
 162 V   0.06347 0.08245 0.83844 0.01564 ( 3)
 163 K   0.85600 0.00796 0.13453 0.00151 ( 1)
 164 W   0.83886 0.01420 0.14425 0.00269 ( 1)
 165 Y   0.86122 0.01051 0.12628 0.00199 ( 1)
 166 N   0.51797 0.34743 0.06867 0.06593 ( 1)
 167 E   0.46330 0.39082 0.07172 0.07416 ( 1)
 168 G   0.87031 0.00619 0.12231 0.00118 ( 1)
 169 L   0.85774 0.01036 0.12993 0.00197 ( 1)
 170 N   0.01023 0.83077 0.00136 0.15764 ( 2)
 171 Q   0.84524 0.02159 0.12908 0.00410 ( 1)
 172 L   0.84772 0.01098 0.13922 0.00208 ( 1)
 173 K   0.87745 0.00338 0.11853 0.00064 ( 1)
 174 T   0.69339 0.17304 0.10073 0.03284 ( 1)
 175 K   0.70864 0.16444 0.09572 0.03120 ( 1)
 176 G   0.69528 0.17198 0.10011 0.03263 ( 1)
 177 G   0.84675 0.00447 0.14793 0.00085 ( 1)
 178 A   0.82491 0.05329 0.11169 0.01011 ( 1)
 179 S   0.56259 0.29963 0.08092 0.05686 ( 1)
 180 G   0.83480 0.03782 0.12020 0.00718 ( 1)
 181 L   0.13902 0.70596 0.02106 0.13396 ( 2)
 182 V   0.04302 0.79925 0.00607 0.15166 ( 2)
 183 W   0.83886 0.01420 0.14425 0.00269 ( 1)
 184 E   0.30195 0.54743 0.04674 0.10388 ( 2)
 185 N   0.52967 0.33629 0.07022 0.06381 ( 1)
 186 Y   0.86734 0.00461 0.12718 0.00087 ( 1)
 187 N   0.81473 0.04483 0.13194 0.00851 ( 1)
 188 S   0.42517 0.43175 0.06115 0.08193 ( 2)
 189 F   0.85112 0.00836 0.13893 0.00159 ( 1)
 190 R   0.84884 0.01461 0.13378 0.00277 ( 1)
 191 T   0.84374 0.03286 0.11717 0.00624 ( 1)
 192 E   0.87479 0.00720 0.11664 0.00137 ( 1)
 193 M   0.87758 0.00104 0.12119 0.00020 ( 1)
 194 T   0.87357 0.00430 0.12131 0.00082 ( 1)
 195 I   0.08061 0.76231 0.01243 0.14465 ( 2)
 196 M   0.85200 0.02551 0.11765 0.00484 ( 1)
 197 V   0.87429 0.00687 0.11753 0.00130 ( 1)
 198 L   0.85774 0.01036 0.12993 0.00197 ( 1)
 199 D   0.88188 0.00275 0.11485 0.00052 ( 1)
 200 L   0.84887 0.02219 0.12473 0.00421 ( 1)
 201 V   0.87364 0.00750 0.11744 0.00142 ( 1)
 202 A   0.87001 0.00536 0.12362 0.00102 ( 1)
 203 I   0.83529 0.04806 0.10753 0.00912 ( 1)
 204 F   0.87745 0.00264 0.11941 0.00050 ( 1)
 205 P   0.86835 0.00279 0.12834 0.00053 ( 1)
 206 A   0.46169 0.38498 0.08028 0.07305 ( 1)


lnL = -2322.018108

