Supplemental results for CODEML (seqf: algn  treef: tree)


dN/dS (w) for site classes (K=4)

site class             0        1       2a       2b
proportion       0.58301  0.39911  0.01062  0.00727
background w     0.09807  0.60853  0.09807  0.60853
foreground w     0.09807  0.60853  3.45309  3.45309

Naive Empirical Bayes (NEB) probabilities for 4 classes
(amino acids refer to 1st sequence: BT_Cry3Aa10)

   1 E   0.94050 0.05743 0.00190 0.00018 ( 1)
   2 V   0.91451 0.08490 0.00047 0.00012 ( 1)
   3 K   0.13607 0.86241 0.00008 0.00144 ( 2)
   4 T   0.89828 0.10051 0.00097 0.00023 ( 1)
   5 E   0.99068 0.00881 0.00050 0.00001 ( 1)
   6 L   0.96149 0.03613 0.00224 0.00014 ( 1)
   7 T   0.98859 0.01062 0.00077 0.00002 ( 1)
   8 R   0.99471 0.00490 0.00038 0.00000 ( 1)
   9 D   0.71245 0.28617 0.00083 0.00055 ( 1)
  10 V   0.87290 0.11768 0.00891 0.00052 ( 1)
  11 L   0.64057 0.34984 0.00804 0.00156 ( 1)
  12 T   0.98640 0.01224 0.00132 0.00003 ( 1)
  13 D   0.99644 0.00315 0.00040 0.00000 ( 1)
  14 P   0.98983 0.00954 0.00062 0.00001 ( 1)
  15 I   0.99242 0.00701 0.00056 0.00001 ( 1)
  16 -   0.83209 0.15003 0.01515 0.00273 ( 1)
  17 -   0.80161 0.18051 0.01460 0.00329 ( 1)
  18 V   0.05603 0.93513 0.00132 0.00752 ( 2)
  19 G   0.15550 0.49181 0.30641 0.04628 ( 2)
  20 V   0.60851 0.29490 0.08765 0.00894 ( 1)
  21 N   0.99226 0.00709 0.00063 0.00001 ( 1)
  22 N   0.10399 0.70707 0.14166 0.04728 ( 2)
  23 L   0.01305 0.98556 0.00001 0.00138 ( 2)
  24 R   0.07525 0.87582 0.01512 0.03380 ( 2)
  25 -   0.82565 0.15646 0.01504 0.00285 ( 1)
  26 -   0.80171 0.18040 0.01460 0.00329 ( 1)
  27 -   0.87419 0.10793 0.01592 0.00197 ( 1)
  28 -   0.65963 0.32248 0.01201 0.00587 ( 1)
  29 -   0.82565 0.15646 0.01504 0.00285 ( 1)
  30 -   0.37646 0.60566 0.00686 0.01103 ( 2)
  31 G   0.38661 0.48521 0.10860 0.01958 ( 2)
  32 Y   0.73508 0.26412 0.00042 0.00038 ( 1)
  33 G   0.96538 0.03407 0.00051 0.00004 ( 1)
  34 T   0.03001 0.95904 0.00106 0.00990 ( 2)
  35 T   0.01862 0.97964 0.00002 0.00172 ( 2)
  36 F   0.97444 0.02474 0.00078 0.00004 ( 1)
  37 S   0.01188 0.94442 0.00225 0.04146 ( 2)
  38 N   0.00325 0.99344 0.00002 0.00329 ( 2)
  39 I   0.99435 0.00502 0.00062 0.00001 ( 1)
  40 E   0.88989 0.10951 0.00045 0.00015 ( 1)
  41 N   0.97951 0.01919 0.00125 0.00006 ( 1)
  42 -   0.06231 0.91980 0.00113 0.01675 ( 2)
  43 Y   0.01235 0.98010 0.00028 0.00727 ( 2)
  44 I   0.88234 0.11694 0.00053 0.00019 ( 1)
  45 R   0.13409 0.86313 0.00027 0.00251 ( 2)
  46 K   0.85773 0.14152 0.00051 0.00024 ( 1)
  47 P   0.60992 0.38894 0.00050 0.00064 ( 1)
  48 H   0.00794 0.99123 0.00000 0.00083 ( 2)
  49 L   0.58580 0.41143 0.00127 0.00150 ( 1)
  50 F   0.99451 0.00509 0.00039 0.00001 ( 1)
  51 D   0.85232 0.14697 0.00050 0.00022 ( 1)
  52 Y   0.33418 0.66468 0.00019 0.00095 ( 2)
  53 L   0.39225 0.60371 0.00130 0.00274 ( 2)
  54 H   0.00499 0.92877 0.00556 0.06068 ( 2)
  55 R   0.00043 0.99144 0.00000 0.00812 ( 2)
  56 I   0.47891 0.51998 0.00027 0.00083 ( 2)
  57 Q   0.00206 0.99217 0.00004 0.00573 ( 2)
  58 F   0.85908 0.14045 0.00033 0.00014 ( 1)
  59 H   0.00057 0.99799 0.00000 0.00144 ( 2)
  60 T   0.04573 0.94888 0.00019 0.00520 ( 2)
  61 R   0.56840 0.42996 0.00071 0.00092 ( 1)
  62 F   0.00001 0.99163 0.00000 0.00836 ( 2)
  63 R   0.02065 0.96320 0.00118 0.01496 ( 2)
  64 P   0.10349 0.89550 0.00005 0.00097 ( 2)
  65 G   0.55322 0.44537 0.00049 0.00093 ( 1)
  66 -   0.58301 0.39911 0.01062 0.00727 ( 1)
  67 Y   0.07297 0.92240 0.00023 0.00440 ( 2)
  68 Y   0.00072 0.98130 0.00004 0.01794 ( 2)
  69 G   0.10730 0.88964 0.00021 0.00285 ( 2)
  70 N   0.35130 0.64215 0.00339 0.00316 ( 2)
  71 D   0.83927 0.16000 0.00049 0.00024 ( 1)
  72 S   0.00107 0.99760 0.00000 0.00133 ( 2)
  73 F   0.49980 0.49759 0.00107 0.00153 ( 1)
  74 N   0.87245 0.12689 0.00044 0.00022 ( 1)
  75 Y   0.91568 0.08368 0.00052 0.00012 ( 1)
  76 W   0.66478 0.33092 0.00264 0.00167 ( 1)
  77 S   0.03813 0.95988 0.00004 0.00195 ( 2)
  78 G   0.99540 0.00425 0.00035 0.00000 ( 1)
  79 N   0.97489 0.02457 0.00049 0.00004 ( 1)
  80 Y   0.95871 0.04069 0.00055 0.00006 ( 1)
  81 V   0.99404 0.00505 0.00091 0.00001 ( 1)
  82 S   0.00227 0.93965 0.00328 0.05480 ( 2)
  83 T   0.99485 0.00451 0.00063 0.00001 ( 1)
  84 R   0.72651 0.27294 0.00028 0.00027 ( 1)
  85 P   0.40850 0.59031 0.00030 0.00089 ( 2)
  86 S   0.95339 0.04605 0.00051 0.00006 ( 1)
  87 I   0.49532 0.50353 0.00031 0.00084 ( 2)
  88 G   0.08877 0.91015 0.00005 0.00104 ( 2)
  89 S   0.68892 0.30983 0.00065 0.00061 ( 1)
  90 N   0.01175 0.97204 0.00059 0.01563 ( 2)
  91 D   0.01791 0.83083 0.04897 0.10228 ( 2)
  92 I   0.09839 0.89529 0.00140 0.00493 ( 2)
  93 I   0.93475 0.06305 0.00200 0.00021 ( 1)
  94 T   0.46115 0.53552 0.00091 0.00243 ( 2)
  95 S   0.48533 0.51184 0.00104 0.00179 ( 2)
  96 P   0.86803 0.13126 0.00055 0.00017 ( 1)
  97 F   0.81811 0.18095 0.00065 0.00029 ( 1)
  98 Y   0.99541 0.00401 0.00057 0.00001 ( 1)
  99 G   0.99328 0.00619 0.00052 0.00001 ( 1)
 100 N   0.23167 0.76419 0.00149 0.00265 ( 2)
 101 K   0.42358 0.57520 0.00025 0.00096 ( 2)
 102 S   0.98284 0.01639 0.00075 0.00003 ( 1)
 103 S   0.11197 0.85609 0.01219 0.01975 ( 2)
 104 E   0.00944 0.98805 0.00001 0.00250 ( 2)
 105 P   0.08829 0.91023 0.00006 0.00141 ( 2)
 106 V   0.28769 0.69201 0.01139 0.00891 ( 2)
 107 Q   0.04767 0.95112 0.00003 0.00118 ( 2)
 108 N   0.01615 0.97616 0.00032 0.00737 ( 2)
 109 -   0.84173 0.14038 0.01533 0.00256 ( 1)
 110 -   0.83615 0.14596 0.01523 0.00266 ( 1)
 111 -   0.76864 0.21347 0.01400 0.00389 ( 1)
 112 -   0.73392 0.24820 0.01337 0.00452 ( 1)
 113 L   0.97845 0.01920 0.00228 0.00007 ( 1)
 114 E   0.00201 0.86898 0.02241 0.10660 ( 2)
 115 F   0.83705 0.16246 0.00032 0.00017 ( 1)
 116 N   0.95941 0.03361 0.00685 0.00013 ( 1)
 117 G   0.74088 0.25836 0.00044 0.00032 ( 1)
 118 E   0.56412 0.41924 0.01349 0.00315 ( 1)
 119 K   0.95820 0.04116 0.00056 0.00007 ( 1)
 120 V   0.12244 0.87603 0.00010 0.00143 ( 2)
 121 Y   0.83374 0.16528 0.00066 0.00031 ( 1)
 122 R   0.71124 0.28465 0.00241 0.00170 ( 1)
 123 A   0.03821 0.95570 0.00056 0.00554 ( 2)
 124 V   0.88560 0.10231 0.01156 0.00053 ( 1)
 125 A   0.95746 0.04172 0.00074 0.00008 ( 1)
 126 N   0.72082 0.27834 0.00036 0.00048 ( 1)
 127 T   0.10131 0.89573 0.00014 0.00281 ( 2)
 128 N   0.91090 0.06423 0.02426 0.00060 ( 1)
 129 L   0.09094 0.71333 0.14234 0.05339 ( 2)
 130 A   0.98142 0.01503 0.00348 0.00007 ( 1)
 131 V   0.48348 0.50263 0.01032 0.00356 ( 2)
 132 W   0.10950 0.33682 0.50247 0.05121 ( 3)
 133 P   0.56857 0.42616 0.00273 0.00254 ( 1)
 134 -   0.00120 0.91564 0.00289 0.08027 ( 2)
 135 -   0.70116 0.28095 0.01277 0.00512 ( 1)
 136 -   0.65464 0.32747 0.01192 0.00596 ( 1)
 137 -   0.37853 0.60358 0.00689 0.01099 ( 2)
 138 -   0.58301 0.39911 0.01062 0.00727 ( 1)
 139 S   0.00973 0.85973 0.03004 0.10049 ( 2)
 140 A   0.04048 0.94244 0.00092 0.01617 ( 2)
 141 V   0.17553 0.80687 0.00700 0.01059 ( 2)
 142 Y   0.60410 0.39472 0.00048 0.00070 ( 1)
 143 S   0.11124 0.75597 0.09985 0.03294 ( 2)
 144 G   0.91983 0.07978 0.00032 0.00007 ( 1)
 145 V   0.92339 0.07604 0.00047 0.00010 ( 1)
 146 T   0.87597 0.12164 0.00192 0.00046 ( 1)
 147 K   0.93350 0.06584 0.00055 0.00011 ( 1)
 148 V   0.84078 0.15815 0.00076 0.00031 ( 1)
 149 E   0.00036 0.99417 0.00000 0.00546 ( 2)
 150 F   0.79577 0.20365 0.00035 0.00023 ( 1)
 151 S   0.81582 0.18367 0.00031 0.00020 ( 1)
 152 Q   0.86996 0.12924 0.00062 0.00018 ( 1)
 153 Y   0.99430 0.00507 0.00062 0.00001 ( 1)
 154 N   0.43407 0.56119 0.00279 0.00195 ( 2)
 155 D   0.96975 0.02982 0.00039 0.00004 ( 1)
 156 Q   0.61764 0.38106 0.00060 0.00070 ( 1)
 157 T   0.03793 0.95866 0.00006 0.00335 ( 2)
 158 D   0.78132 0.21290 0.00503 0.00075 ( 1)
 159 E   0.97663 0.02284 0.00049 0.00003 ( 1)
 160 A   0.00548 0.98554 0.00014 0.00885 ( 2)
 161 S   0.37322 0.62598 0.00013 0.00067 ( 2)
 162 T   0.96692 0.03227 0.00075 0.00006 ( 1)
 163 Q   0.96520 0.03415 0.00061 0.00004 ( 1)
 164 T   0.35745 0.64078 0.00039 0.00138 ( 2)
 165 Y   0.63973 0.35923 0.00047 0.00058 ( 1)
 166 D   0.80451 0.19474 0.00047 0.00029 ( 1)
 167 S   0.98800 0.01064 0.00133 0.00002 ( 1)
 168 K   0.40259 0.59618 0.00024 0.00100 ( 2)
 169 R   0.02695 0.97208 0.00001 0.00096 ( 2)
 170 N   0.49083 0.45038 0.04558 0.01322 ( 1)
 171 V   0.07857 0.88931 0.01820 0.01392 ( 2)
 172 G   0.68579 0.31021 0.00251 0.00149 ( 1)
 173 A   0.00512 0.73971 0.11367 0.14150 ( 2)
 174 V   0.04059 0.92491 0.00510 0.02939 ( 2)
 175 -   0.83263 0.12206 0.04069 0.00462 ( 1)
 176 -   0.77062 0.21149 0.01403 0.00385 ( 1)
 177 -   0.00611 0.97600 0.00011 0.01777 ( 2)
 178 -   0.47035 0.51177 0.00857 0.00932 ( 2)
 179 S   0.00434 0.96470 0.00066 0.03030 ( 2)
 180 W   0.00005 0.84312 0.00018 0.15664 ( 2)
 181 D   0.98986 0.00972 0.00040 0.00001 ( 1)
 182 S   0.99244 0.00693 0.00063 0.00001 ( 1)
 183 I   0.95351 0.04454 0.00182 0.00014 ( 1)
 184 D   0.97740 0.02132 0.00122 0.00006 ( 1)
 185 Q   0.96200 0.03735 0.00061 0.00005 ( 1)
 186 L   0.97066 0.02726 0.00199 0.00009 ( 1)
 187 P   0.98180 0.01676 0.00140 0.00004 ( 1)
 188 P   0.85458 0.14470 0.00054 0.00018 ( 1)
 189 E   0.47141 0.52694 0.00046 0.00119 ( 2)
 190 T   0.13975 0.85851 0.00011 0.00163 ( 2)
 191 T   0.61534 0.38346 0.00048 0.00073 ( 1)
 192 D   0.99734 0.00225 0.00040 0.00000 ( 1)
 193 E   0.08391 0.91478 0.00004 0.00126 ( 2)
 194 P   0.96828 0.03053 0.00112 0.00007 ( 1)
 195 P   0.75024 0.24857 0.00072 0.00047 ( 1)
 196 E   0.92130 0.07813 0.00046 0.00011 ( 1)
 197 -   0.79695 0.18517 0.01451 0.00337 ( 1)
 198 -   0.87419 0.10793 0.01592 0.00197 ( 1)
 199 -   0.68901 0.29311 0.01255 0.00534 ( 1)
 200 K   0.96315 0.03611 0.00068 0.00007 ( 1)
 201 G   0.86624 0.13169 0.00160 0.00047 ( 1)
 202 Y   0.99541 0.00401 0.00057 0.00001 ( 1)
 203 S   0.97966 0.01994 0.00037 0.00002 ( 1)
 204 H   0.99787 0.00183 0.00030 0.00000 ( 1)
 205 Q   0.80684 0.19075 0.00177 0.00065 ( 1)
 206 L   0.95889 0.04003 0.00101 0.00007 ( 1)
 207 N   0.99493 0.00456 0.00050 0.00001 ( 1)
 208 Y   0.93184 0.06462 0.00323 0.00032 ( 1)
 209 V   0.79599 0.18317 0.01935 0.00149 ( 1)
 210 M   0.00549 0.94899 0.00542 0.04010 ( 2)
 211 C   0.43104 0.56752 0.00043 0.00101 ( 2)
 212 F   0.95585 0.04207 0.00195 0.00013 ( 1)
 213 L   0.38891 0.60945 0.00043 0.00120 ( 2)
 214 M   0.06218 0.93701 0.00002 0.00078 ( 2)
 215 Q   0.12521 0.87109 0.00036 0.00334 ( 2)
 216 G   0.13957 0.84820 0.00407 0.00816 ( 2)
 217 S   0.34514 0.64199 0.00776 0.00510 ( 2)
 218 R   0.94948 0.02744 0.02244 0.00064 ( 1)
 219 -   0.58301 0.39911 0.01062 0.00727 ( 1)
 220 -   0.58301 0.39911 0.01062 0.00727 ( 1)
 221 -   0.58301 0.39911 0.01062 0.00727 ( 1)
 222 -   0.58301 0.39911 0.01062 0.00727 ( 1)
 223 -   0.58301 0.39911 0.01062 0.00727 ( 1)
 224 -   0.58301 0.39911 0.01062 0.00727 ( 1)
 225 -   0.58301 0.39911 0.01062 0.00727 ( 1)
 226 -   0.58301 0.39911 0.01062 0.00727 ( 1)
 227 G   0.99328 0.00619 0.00052 0.00001 ( 1)
 228 T   0.76478 0.23382 0.00084 0.00056 ( 1)
 229 I   0.98838 0.01083 0.00077 0.00002 ( 1)
 230 P   0.99262 0.00675 0.00062 0.00001 ( 1)
 231 V   0.78665 0.16040 0.05025 0.00271 ( 1)
 232 L   0.93510 0.06396 0.00081 0.00012 ( 1)
 233 T   0.87956 0.11968 0.00056 0.00021 ( 1)
 234 W   0.92212 0.07385 0.00366 0.00037 ( 1)
 235 T   0.99264 0.00657 0.00077 0.00001 ( 1)
 236 H   0.99787 0.00183 0.00030 0.00000 ( 1)
 237 K   0.04157 0.95368 0.00045 0.00430 ( 2)
 238 S   0.99662 0.00311 0.00027 0.00000 ( 1)


lnL = -3552.423385

