Supplemental results for CODEML (seqf: algn  treef: tree)


dN/dS (w) for site classes (K=4)

site class             0        1       2a       2b
proportion       0.71226  0.27750  0.00737  0.00287
background w     0.21489  1.00000  0.21489  1.00000
foreground w     0.21489  1.00000 64.68770 64.68770

Naive Empirical Bayes (NEB) probabilities for 4 classes
(amino acids refer to 1st sequence: BT_Cry1A-like)

   1 W   0.83415 0.16518 0.00054 0.00012 ( 1)
   2 -   0.99850 0.00083 0.00067 0.00000 ( 1)
   3 -   0.69901 0.30032 0.00044 0.00023 ( 1)
   4 -   0.93459 0.06494 0.00044 0.00003 ( 1)
   5 -   0.99284 0.00677 0.00039 0.00000 ( 1)
   6 -   0.99317 0.00634 0.00049 0.00000 ( 1)
   7 -   0.99851 0.00082 0.00067 0.00000 ( 1)
   8 -   0.98228 0.01730 0.00041 0.00001 ( 1)
   9 -   0.99901 0.00059 0.00040 0.00000 ( 1)
  10 -   0.99908 0.00030 0.00062 0.00000 ( 1)
  11 -   0.98177 0.01783 0.00039 0.00001 ( 1)
  12 -   0.99826 0.00107 0.00067 0.00000 ( 1)
  13 -   0.73577 0.26287 0.00099 0.00036 ( 1)
  14 -   0.99820 0.00125 0.00055 0.00000 ( 1)
  15 -   0.99855 0.00088 0.00058 0.00000 ( 1)
  16 -   0.12336 0.87621 0.00005 0.00038 ( 2)
  17 -   0.99901 0.00059 0.00040 0.00000 ( 1)
  18 -   0.97492 0.02465 0.00042 0.00001 ( 1)
  19 -   0.99802 0.00158 0.00040 0.00000 ( 1)
  20 -   0.99814 0.00146 0.00040 0.00000 ( 1)
  21 -   0.99897 0.00061 0.00041 0.00000 ( 1)
  22 -   0.71226 0.27750 0.00737 0.00287 ( 1)
  23 -   0.00931 0.00860 0.94355 0.03854 ( 3)
  24 -   0.99816 0.00122 0.00062 0.00000 ( 1)
  25 -   0.75353 0.17681 0.06626 0.00340 ( 1)
  26 -   0.18561 0.79706 0.00949 0.00783 ( 2)
  27 -   0.00011 0.98556 0.00001 0.01432 ( 2)
  28 -   0.91020 0.08931 0.00044 0.00005 ( 1)
  29 -   0.05475 0.93493 0.00211 0.00820 ( 2)
  30 -   0.63499 0.36435 0.00040 0.00027 ( 1)
  31 -   0.99646 0.00312 0.00041 0.00000 ( 1)
  32 -   0.06725 0.93143 0.00009 0.00124 ( 2)
  33 -   0.00635 0.97891 0.00041 0.01432 ( 2)
  34 -   0.89946 0.04634 0.05356 0.00064 ( 1)
  35 -   0.99901 0.00059 0.00040 0.00000 ( 1)
  36 -   0.00260 0.95430 0.00055 0.04256 ( 2)
  37 -   0.71226 0.27750 0.00737 0.00287 ( 1)
  38 -   0.13516 0.86416 0.00009 0.00059 ( 2)
  39 -   0.74262 0.16450 0.08851 0.00436 ( 1)
  40 -   0.99301 0.00666 0.00033 0.00000 ( 1)
  41 S   0.89838 0.10099 0.00056 0.00007 ( 1)
  42 P   0.99891 0.00054 0.00055 0.00000 ( 1)
  43 H   0.99955 0.00010 0.00035 0.00000 ( 1)
  44 L   0.99359 0.00594 0.00046 0.00000 ( 1)
  45 W   0.99376 0.00601 0.00023 0.00000 ( 1)
  46 I   0.99039 0.00918 0.00042 0.00000 ( 1)
  47 Y   0.33541 0.66408 0.00016 0.00034 ( 2)
  48 L   0.99871 0.00087 0.00042 0.00000 ( 1)
  49 N   0.99827 0.00136 0.00036 0.00000 ( 1)
  50 Q   0.03170 0.96691 0.00004 0.00135 ( 2)
  51 D   0.97292 0.02685 0.00022 0.00001 ( 1)
  52 N   0.05975 0.92278 0.00140 0.01607 ( 2)
  53 H   0.90394 0.09583 0.00021 0.00002 ( 1)
  54 L   0.98924 0.01035 0.00040 0.00000 ( 1)
  55 T   0.98822 0.01055 0.00121 0.00002 ( 1)
  56 D   0.61123 0.38815 0.00036 0.00025 ( 1)
  57 V   0.16518 0.83436 0.00007 0.00039 ( 2)
  58 H   0.97846 0.02106 0.00047 0.00001 ( 1)
  59 R   0.97900 0.02058 0.00041 0.00001 ( 1)
  60 G   0.87183 0.12686 0.00114 0.00017 ( 1)
  61 F   0.01300 0.98655 0.00001 0.00044 ( 2)
  62 N   0.18938 0.79912 0.00524 0.00625 ( 2)
  63 Y   0.99217 0.00743 0.00040 0.00000 ( 1)
  64 W   0.90228 0.09719 0.00048 0.00005 ( 1)
  65 S   0.93615 0.06326 0.00056 0.00004 ( 1)
  66 G   0.99249 0.00705 0.00045 0.00000 ( 1)
  67 H   0.97370 0.02583 0.00046 0.00001 ( 1)
  68 Q   0.98753 0.01207 0.00039 0.00001 ( 1)
  69 I   0.99618 0.00359 0.00023 0.00000 ( 1)
  70 I   0.65911 0.34006 0.00054 0.00029 ( 1)
  71 A   0.97432 0.02514 0.00052 0.00002 ( 1)
  72 S   0.72971 0.26908 0.00084 0.00038 ( 1)
  73 P   0.09624 0.87274 0.00478 0.02624 ( 2)
  74 V   0.90483 0.09443 0.00066 0.00008 ( 1)
  75 G   0.98427 0.00549 0.01018 0.00006 ( 1)
  76 F   0.98921 0.00055 0.01024 0.00001 ( 1)
  77 Q   0.00042 0.89028 0.00018 0.10911 ( 2)
  78 D   0.96874 0.03081 0.00044 0.00002 ( 1)
  79 P   0.56467 0.34306 0.08289 0.00939 ( 1)
  80 E   0.97123 0.02837 0.00038 0.00001 ( 1)
  81 F   0.07889 0.91709 0.00025 0.00377 ( 2)
  82 A   0.06947 0.92989 0.00004 0.00060 ( 2)
  83 F   0.99745 0.00206 0.00049 0.00000 ( 1)
  84 P   0.99278 0.00676 0.00046 0.00000 ( 1)
  85 L   0.41762 0.58190 0.00019 0.00029 ( 2)
  86 F   0.00412 0.99426 0.00001 0.00161 ( 2)
  87 G   0.99405 0.00516 0.00079 0.00000 ( 1)
  88 N   0.22633 0.77296 0.00014 0.00057 ( 2)
  89 A   0.00000 0.99781 0.00000 0.00218 ( 2)
  90 G   0.97268 0.02653 0.00077 0.00002 ( 1)
  91 N   0.95279 0.04667 0.00050 0.00003 ( 1)
  92 A   0.64102 0.35835 0.00039 0.00023 ( 1)
  93 A   0.99327 0.00619 0.00053 0.00000 ( 1)
  94 P   0.99194 0.00751 0.00055 0.00000 ( 1)
  95 P   0.87286 0.12658 0.00048 0.00008 ( 1)
  96 V   0.00027 0.99889 0.00000 0.00084 ( 2)
  97 R   0.88920 0.10056 0.00920 0.00104 ( 1)
  98 I   0.05200 0.91998 0.00569 0.02233 ( 2)
  99 V   0.38187 0.61754 0.00021 0.00039 ( 2)
 100 Y   0.00745 0.99208 0.00000 0.00047 ( 2)
 101 Q   0.00009 0.98104 0.00001 0.01887 ( 2)
 102 L   0.00029 0.98758 0.00001 0.01213 ( 2)
 103 G   0.93892 0.06059 0.00044 0.00004 ( 1)
 104 Q   0.06385 0.93571 0.00003 0.00041 ( 2)
 105 G   0.94921 0.05033 0.00043 0.00003 ( 1)
 106 V   0.76853 0.23082 0.00048 0.00017 ( 1)
 107 Y   0.75567 0.24392 0.00030 0.00011 ( 1)
 108 R   0.99254 0.00704 0.00042 0.00000 ( 1)
 109 T   0.94903 0.05036 0.00058 0.00004 ( 1)
 110 L   0.96130 0.03824 0.00044 0.00002 ( 1)
 111 S   0.81526 0.18361 0.00092 0.00021 ( 1)
 112 S   0.25471 0.74376 0.00056 0.00096 ( 2)
 113 T   0.79339 0.20501 0.00122 0.00037 ( 1)
 114 L   0.48538 0.51416 0.00020 0.00025 ( 2)
 115 Y   0.98236 0.01724 0.00039 0.00001 ( 1)
 116 E   0.09539 0.90397 0.00006 0.00058 ( 2)
 117 D   0.00301 0.99632 0.00000 0.00066 ( 2)
 118 L   0.79794 0.20158 0.00037 0.00011 ( 1)
 119 F   0.99807 0.00151 0.00042 0.00000 ( 1)
 120 I   0.32949 0.66987 0.00020 0.00044 ( 2)
 121 -   0.83807 0.15169 0.00867 0.00157 ( 1)
 122 R   0.03711 0.95265 0.00038 0.00986 ( 2)
 123 D   0.82582 0.16394 0.00854 0.00170 ( 1)
 124 K   0.71633 0.27342 0.00741 0.00283 ( 1)
 125 V   0.94647 0.04329 0.00979 0.00045 ( 1)
 126 I   0.96778 0.03100 0.00119 0.00004 ( 1)
 127 N   0.29268 0.70579 0.00046 0.00106 ( 2)
 128 T   0.00001 0.99932 0.00000 0.00067 ( 2)
 129 Y   0.65635 0.34286 0.00051 0.00028 ( 1)
 130 L   0.93023 0.06885 0.00085 0.00007 ( 1)
 131 F   0.79410 0.20543 0.00037 0.00010 ( 1)
 132 L   0.89386 0.10571 0.00039 0.00005 ( 1)
 133 A   0.44613 0.55203 0.00079 0.00105 ( 2)
 134 G   0.97190 0.02730 0.00078 0.00002 ( 1)
 135 S   0.01606 0.98349 0.00001 0.00044 ( 2)
 136 N   0.58262 0.41696 0.00023 0.00019 ( 1)
 137 L   0.99738 0.00219 0.00042 0.00000 ( 1)
 138 L   0.00137 0.99789 0.00000 0.00074 ( 2)
 139 M   0.57049 0.42906 0.00024 0.00021 ( 1)
 140 E   0.80993 0.18947 0.00048 0.00013 ( 1)
 141 P   0.00713 0.99211 0.00000 0.00075 ( 2)
 142 -   0.91020 0.08931 0.00044 0.00005 ( 1)
 143 -   0.44720 0.55190 0.00036 0.00053 ( 2)
 144 P   0.08083 0.91830 0.00006 0.00082 ( 2)
 145 H   0.00400 0.99493 0.00000 0.00106 ( 2)
 146 I   0.01634 0.98278 0.00001 0.00087 ( 2)
 147 C   0.00348 0.99515 0.00000 0.00137 ( 2)
 148 H   0.98374 0.01571 0.00054 0.00001 ( 1)
 149 P   0.85240 0.14711 0.00041 0.00008 ( 1)
 150 G   0.76177 0.23753 0.00051 0.00018 ( 1)
 151 R   0.07807 0.92123 0.00005 0.00066 ( 2)
 152 Y   0.58163 0.41791 0.00025 0.00021 ( 1)
 153 R   0.99288 0.00670 0.00042 0.00000 ( 1)
 154 K   0.97220 0.02731 0.00047 0.00002 ( 1)
 155 S   0.01910 0.98042 0.00001 0.00048 ( 2)
 156 G   0.99537 0.00418 0.00045 0.00000 ( 1)
 157 T   0.91969 0.07964 0.00062 0.00006 ( 1)
 158 V   0.99856 0.00086 0.00058 0.00000 ( 1)
 159 D   0.99955 0.00005 0.00040 0.00000 ( 1)
 160 S   0.99214 0.00727 0.00059 0.00000 ( 1)
 161 L   0.95769 0.04166 0.00062 0.00003 ( 1)
 162 D   0.99745 0.00131 0.00124 0.00000 ( 1)
 163 E   0.57660 0.42298 0.00023 0.00018 ( 1)
 164 I   0.99923 0.00016 0.00061 0.00000 ( 1)
 165 P   0.98683 0.01217 0.00099 0.00001 ( 1)
 166 H   0.91490 0.08455 0.00050 0.00005 ( 1)
 167 Q   0.98535 0.00931 0.00528 0.00005 ( 1)
 168 N   0.99802 0.00158 0.00040 0.00000 ( 1)
 169 N   0.83254 0.16683 0.00052 0.00010 ( 1)
 170 N   0.94083 0.05876 0.00038 0.00003 ( 1)
 171 V   0.99445 0.00496 0.00058 0.00000 ( 1)
 172 P   0.98673 0.01272 0.00054 0.00001 ( 1)
 173 P   0.99548 0.00352 0.00099 0.00000 ( 1)
 174 R   0.93751 0.06199 0.00047 0.00003 ( 1)
 175 Q   0.49196 0.50769 0.00017 0.00018 ( 2)
 176 G   0.99795 0.00124 0.00080 0.00000 ( 1)
 177 F   0.99711 0.00233 0.00056 0.00000 ( 1)
 178 S   0.99950 0.00007 0.00043 0.00000 ( 1)
 179 H   0.99955 0.00010 0.00035 0.00000 ( 1)
 180 R   0.95480 0.04403 0.00112 0.00005 ( 1)
 181 -   0.71226 0.27750 0.00737 0.00287 ( 1)
 182 L   0.99715 0.00239 0.00046 0.00000 ( 1)
 183 S   0.91051 0.08906 0.00039 0.00004 ( 1)
 184 H   0.99868 0.00080 0.00052 0.00000 ( 1)
 185 V   0.99928 0.00018 0.00055 0.00000 ( 1)
 186 S   0.95946 0.03970 0.00081 0.00003 ( 1)
 187 M   0.99960 0.00017 0.00023 0.00000 ( 1)
 188 F   0.67573 0.12450 0.19203 0.00774 ( 1)
 189 R   0.07741 0.92196 0.00004 0.00060 ( 2)
 190 S   0.54158 0.45796 0.00023 0.00023 ( 1)
 191 G   0.83135 0.15841 0.00860 0.00164 ( 1)
 192 F   0.94280 0.04696 0.00975 0.00049 ( 1)
 193 S   0.84961 0.14015 0.00879 0.00145 ( 1)
 194 N   0.95816 0.03160 0.00991 0.00033 ( 1)
 195 -   0.71226 0.27750 0.00737 0.00287 ( 1)
 196 S   0.97664 0.01312 0.01010 0.00014 ( 1)
 197 S   0.93953 0.05023 0.00972 0.00052 ( 1)
 198 V   0.98667 0.00309 0.01021 0.00003 ( 1)
 199 S   0.91939 0.07037 0.00951 0.00073 ( 1)
 200 I   0.87901 0.11074 0.00909 0.00115 ( 1)
 201 I   0.95543 0.03433 0.00989 0.00036 ( 1)
 202 R   0.97456 0.01520 0.01008 0.00016 ( 1)
 203 A   0.99742 0.00209 0.00048 0.00000 ( 1)
 204 P   0.99915 0.00039 0.00046 0.00000 ( 1)
 205 M   0.83618 0.16319 0.00051 0.00012 ( 1)
 206 F   0.30264 0.69685 0.00015 0.00036 ( 2)
 207 S   0.97975 0.01975 0.00049 0.00001 ( 1)
 208 W   0.88952 0.10995 0.00047 0.00006 ( 1)
 209 I   0.03779 0.96046 0.00008 0.00167 ( 2)
 210 -   0.94175 0.05790 0.00033 0.00002 ( 1)
 211 -   0.51256 0.48704 0.00020 0.00021 ( 1)
 212 -   0.97721 0.02231 0.00046 0.00001 ( 1)


lnL = -4723.288394

Bayes Empirical Bayes (BEB) probabilities for 4 classes (class)
(amino acids refer to 1st sequence: BT_Cry1A-like)

   1 W   0.81268 0.12509 0.05347 0.00875 ( 1)
   2 -   0.94828 0.00095 0.05071 0.00006 ( 1)
   3 -   0.74276 0.20874 0.03671 0.01180 ( 1)
   4 -   0.89386 0.05523 0.04764 0.00327 ( 1)
   5 -   0.93980 0.00636 0.05345 0.00040 ( 1)
   6 -   0.93038 0.00641 0.06275 0.00045 ( 1)
   7 -   0.94829 0.00095 0.05071 0.00006 ( 1)
   8 -   0.93405 0.01462 0.05045 0.00088 ( 1)
   9 -   0.94873 0.00068 0.05055 0.00004 ( 1)
  10 -   0.95248 0.00037 0.04713 0.00002 ( 1)
  11 -   0.93374 0.01501 0.05035 0.00090 ( 1)
  12 -   0.94802 0.00122 0.05069 0.00007 ( 1)
  13 -   0.73381 0.19779 0.05350 0.01489 ( 1)
  14 -   0.94561 0.00139 0.05292 0.00009 ( 1)
  15 -   0.94768 0.00100 0.05126 0.00006 ( 1)
  16 -   0.19316 0.74329 0.01260 0.05095 ( 2)
  17 -   0.94873 0.00068 0.05055 0.00004 ( 1)
  18 -   0.93360 0.01919 0.04613 0.00108 ( 1)
  19 -   0.94721 0.00162 0.05108 0.00010 ( 1)
  20 -   0.94734 0.00149 0.05108 0.00009 ( 1)
  21 -   0.94878 0.00071 0.05047 0.00004 ( 1)
  22 -   0.68628 0.23501 0.05860 0.02011 ( 1)
  23 -   0.07923 0.04259 0.84773 0.03045 ( 3)
  24 -   0.95157 0.00127 0.04709 0.00007 ( 1)
  25 -   0.53930 0.09087 0.35421 0.01563 ( 1)
  26 -   0.23086 0.56395 0.12853 0.07666 ( 2)
  27 -   0.00035 0.86766 0.00021 0.13178 ( 2)
  28 -   0.87364 0.08073 0.04124 0.00439 ( 1)
  29 -   0.07701 0.74814 0.04906 0.12579 ( 2)
  30 -   0.65265 0.29836 0.03221 0.01678 ( 1)
  31 -   0.94639 0.00308 0.05035 0.00018 ( 1)
  32 -   0.11239 0.81906 0.00805 0.06050 ( 2)
  33 -   0.01279 0.82639 0.00889 0.15192 ( 2)
  34 -   0.62418 0.02531 0.34660 0.00391 ( 1)
  35 -   0.94873 0.00068 0.05055 0.00004 ( 1)
  36 -   0.00568 0.79848 0.00526 0.19058 ( 2)
  37 -   0.68628 0.23501 0.05860 0.02011 ( 1)
  38 -   0.22990 0.70492 0.01550 0.04968 ( 2)
  39 -   0.52374 0.08014 0.38077 0.01534 ( 1)
  40 -   0.93373 0.00669 0.05913 0.00045 ( 1)
  41 S   0.86443 0.07383 0.05661 0.00512 ( 1)
  42 P   0.94638 0.00063 0.05296 0.00004 ( 1)
  43 H   0.95155 0.00012 0.04832 0.00001 ( 1)
  44 L   0.94326 0.00629 0.05007 0.00037 ( 1)
  45 W   0.94432 0.00527 0.05011 0.00031 ( 1)
  46 I   0.93015 0.00790 0.06140 0.00055 ( 1)
  47 Y   0.42976 0.50653 0.02848 0.03523 ( 2)
  48 L   0.95209 0.00091 0.04694 0.00005 ( 1)
  49 N   0.93830 0.00150 0.06009 0.00010 ( 1)
  50 Q   0.06688 0.86341 0.00489 0.06481 ( 2)
  51 D   0.92879 0.02071 0.04928 0.00122 ( 1)
  52 N   0.09639 0.78429 0.01616 0.10315 ( 2)
  53 H   0.87896 0.07029 0.04661 0.00414 ( 1)
  54 L   0.93987 0.00892 0.05068 0.00053 ( 1)
  55 T   0.93840 0.00984 0.05116 0.00060 ( 1)
  56 D   0.68068 0.26065 0.04158 0.01710 ( 1)
  57 V   0.26040 0.68900 0.01267 0.03793 ( 2)
  58 H   0.93841 0.01636 0.04434 0.00089 ( 1)
  59 R   0.93148 0.01718 0.05031 0.00103 ( 1)
  60 G   0.83509 0.09680 0.06082 0.00729 ( 1)
  61 F   0.03216 0.91261 0.00171 0.05352 ( 2)
  62 N   0.27041 0.55978 0.09638 0.07343 ( 2)
  63 Y   0.94232 0.00649 0.05081 0.00039 ( 1)
  64 W   0.85750 0.07846 0.05844 0.00560 ( 1)
  65 S   0.89236 0.04979 0.05458 0.00327 ( 1)
  66 G   0.93798 0.00713 0.05444 0.00045 ( 1)
  67 H   0.92967 0.01982 0.04934 0.00117 ( 1)
  68 Q   0.93910 0.01026 0.05003 0.00061 ( 1)
  69 I   0.94631 0.00328 0.05022 0.00019 ( 1)
  70 I   0.69048 0.24531 0.04679 0.01743 ( 1)
  71 A   0.93100 0.01949 0.04838 0.00114 ( 1)
  72 S   0.76138 0.18542 0.04180 0.01139 ( 1)
  73 P   0.16469 0.69247 0.03958 0.10326 ( 2)
  74 V   0.88209 0.06890 0.04504 0.00397 ( 1)
  75 G   0.91574 0.00554 0.07824 0.00048 ( 1)
  76 F   0.92070 0.00059 0.07866 0.00005 ( 1)
  77 Q   0.00122 0.78682 0.00121 0.21076 ( 2)
  78 D   0.91824 0.02678 0.05328 0.00169 ( 1)
  79 P   0.46247 0.18065 0.32571 0.03117 ( 1)
  80 E   0.92455 0.02154 0.05257 0.00134 ( 1)
  81 F   0.13031 0.79357 0.01045 0.06567 ( 2)
  82 A   0.13140 0.80781 0.00804 0.05275 ( 2)
  83 F   0.93558 0.00220 0.06207 0.00015 ( 1)
  84 P   0.94274 0.00644 0.05044 0.00038 ( 1)
  85 L   0.50879 0.43231 0.03080 0.02809 ( 1)
  86 F   0.01116 0.92237 0.00074 0.06573 ( 2)
  87 G   0.92971 0.00523 0.06468 0.00038 ( 1)
  88 N   0.33562 0.61233 0.01707 0.03498 ( 2)
  89 A   0.00000 0.93306 0.00000 0.06694 ( 2)
  90 G   0.91185 0.02305 0.06343 0.00167 ( 1)
  91 N   0.92072 0.03331 0.04410 0.00187 ( 1)
  92 A   0.69418 0.24713 0.04247 0.01622 ( 1)
  93 A   0.94505 0.00551 0.04912 0.00032 ( 1)
  94 P   0.94003 0.00694 0.05260 0.00043 ( 1)
  95 P   0.84813 0.09841 0.04742 0.00604 ( 1)
  96 V   0.00089 0.94185 0.00005 0.05720 ( 2)
  97 R   0.83886 0.08242 0.07165 0.00706 ( 1)
  98 I   0.09016 0.70281 0.06847 0.13857 ( 2)
  99 V   0.48272 0.46561 0.02485 0.02682 ( 1)
 100 Y   0.01872 0.92539 0.00101 0.05488 ( 2)
 101 Q   0.00031 0.83465 0.00023 0.16481 ( 2)
 102 L   0.00092 0.88478 0.00032 0.11398 ( 2)
 103 G   0.90373 0.04478 0.04876 0.00273 ( 1)
 104 Q   0.10824 0.82836 0.00700 0.05640 ( 2)
 105 G   0.90187 0.04308 0.05233 0.00272 ( 1)
 106 V   0.78302 0.16882 0.03867 0.00949 ( 1)
 107 Y   0.78238 0.16562 0.04212 0.00987 ( 1)
 108 R   0.94253 0.00619 0.05091 0.00037 ( 1)
 109 T   0.91349 0.03778 0.04656 0.00218 ( 1)
 110 L   0.91195 0.03073 0.05531 0.00201 ( 1)
 111 S   0.79447 0.13860 0.05667 0.01026 ( 1)
 112 S   0.34790 0.58910 0.02407 0.03893 ( 2)
 113 T   0.80122 0.13910 0.05021 0.00947 ( 1)
 114 L   0.58991 0.36103 0.02898 0.02008 ( 1)
 115 Y   0.93430 0.01446 0.05037 0.00086 ( 1)
 116 E   0.17421 0.76515 0.01065 0.04998 ( 2)
 117 D   0.00835 0.93539 0.00045 0.05580 ( 2)
 118 L   0.81110 0.13741 0.04334 0.00815 ( 1)
 119 F   0.95143 0.00157 0.04691 0.00009 ( 1)
 120 I   0.43814 0.50293 0.02639 0.03254 ( 2)
 121 -   0.79062 0.13067 0.06752 0.01119 ( 1)
 122 R   0.06975 0.85154 0.00598 0.07273 ( 2)
 123 D   0.78908 0.13221 0.06739 0.01132 ( 1)
 124 K   0.72574 0.19555 0.06197 0.01674 ( 1)
 125 V   0.88687 0.03442 0.07576 0.00295 ( 1)
 126 I   0.90851 0.02346 0.06626 0.00177 ( 1)
 127 N   0.38709 0.54534 0.02742 0.04015 ( 2)
 128 T   0.00004 0.94738 0.00000 0.05258 ( 2)
 129 Y   0.68740 0.24795 0.04693 0.01772 ( 1)
 130 L   0.89162 0.05091 0.05413 0.00334 ( 1)
 131 F   0.79578 0.14871 0.04614 0.00938 ( 1)
 132 L   0.87541 0.07833 0.04196 0.00430 ( 1)
 133 A   0.53557 0.40268 0.03432 0.02743 ( 1)
 134 G   0.91117 0.02375 0.06336 0.00172 ( 1)
 135 S   0.03754 0.90726 0.00200 0.05321 ( 2)
 136 N   0.66781 0.28015 0.03550 0.01655 ( 1)
 137 L   0.95094 0.00207 0.04688 0.00012 ( 1)
 138 L   0.00406 0.94063 0.00021 0.05510 ( 2)
 139 M   0.65819 0.29314 0.03235 0.01632 ( 1)
 140 E   0.81013 0.13757 0.04403 0.00827 ( 1)
 141 P   0.01638 0.92665 0.00089 0.05609 ( 2)
 142 -   0.87364 0.08073 0.04124 0.00439 ( 1)
 143 -   0.52263 0.42489 0.02745 0.02503 ( 1)
 144 P   0.14051 0.80522 0.00724 0.04703 ( 2)
 145 H   0.01015 0.93254 0.00056 0.05676 ( 2)
 146 I   0.04042 0.90618 0.00199 0.05141 ( 2)
 147 C   0.00822 0.92201 0.00060 0.06917 ( 2)
 148 H   0.93366 0.01328 0.05224 0.00082 ( 1)
 149 P   0.83517 0.11362 0.04449 0.00672 ( 1)
 150 G   0.78471 0.16362 0.04192 0.00975 ( 1)
 151 R   0.14439 0.80250 0.00734 0.04577 ( 2)
 152 Y   0.62273 0.32435 0.03359 0.01933 ( 1)
 153 R   0.94279 0.00592 0.05093 0.00035 ( 1)
 154 K   0.93330 0.02134 0.04419 0.00117 ( 1)
 155 S   0.03942 0.90371 0.00217 0.05471 ( 2)
 156 G   0.94110 0.00402 0.05462 0.00025 ( 1)
 157 T   0.88603 0.06288 0.04735 0.00374 ( 1)
 158 V   0.94770 0.00098 0.05126 0.00006 ( 1)
 159 D   0.95335 0.00007 0.04658 0.00000 ( 1)
 160 S   0.93500 0.00732 0.05720 0.00048 ( 1)
 161 L   0.90647 0.03599 0.05518 0.00236 ( 1)
 162 D   0.93154 0.00133 0.06703 0.00010 ( 1)
 163 E   0.64693 0.29095 0.04212 0.02000 ( 1)
 164 I   0.95128 0.00020 0.04850 0.00001 ( 1)
 165 P   0.92294 0.01183 0.06437 0.00086 ( 1)
 166 H   0.88239 0.06432 0.04935 0.00395 ( 1)
 167 Q   0.92542 0.00917 0.06472 0.00068 ( 1)
 168 N   0.95189 0.00152 0.04650 0.00008 ( 1)
 169 N   0.82638 0.12011 0.04619 0.00732 ( 1)
 170 N   0.89247 0.04618 0.05817 0.00318 ( 1)
 171 V   0.94350 0.00514 0.05104 0.00031 ( 1)
 172 P   0.93611 0.01085 0.05238 0.00067 ( 1)
 173 P   0.93139 0.00340 0.06496 0.00025 ( 1)
 174 R   0.88363 0.05277 0.05985 0.00375 ( 1)
 175 Q   0.56883 0.37034 0.03597 0.02487 ( 1)
 176 G   0.93362 0.00136 0.06492 0.00010 ( 1)
 177 F   0.94540 0.00216 0.05231 0.00013 ( 1)
 178 S   0.95413 0.00009 0.04578 0.00000 ( 1)
 179 H   0.95155 0.00012 0.04832 0.00001 ( 1)
 180 R   0.90417 0.03783 0.05549 0.00251 ( 1)
 181 -   0.68628 0.23501 0.05860 0.02011 ( 1)
 182 L   0.94025 0.00255 0.05704 0.00017 ( 1)
 183 S   0.88767 0.06615 0.04255 0.00363 ( 1)
 184 H   0.93571 0.00083 0.06340 0.00006 ( 1)
 185 V   0.95066 0.00022 0.04911 0.00001 ( 1)
 186 S   0.90436 0.03205 0.06130 0.00228 ( 1)
 187 M   0.94940 0.00021 0.05038 0.00001 ( 1)
 188 F   0.46001 0.06212 0.46180 0.01607 ( 3)
 189 R   0.14466 0.80472 0.00682 0.04380 ( 2)
 190 S   0.62683 0.32542 0.02997 0.01778 ( 1)
 191 G   0.79381 0.12747 0.06779 0.01092 ( 1)
 192 F   0.88420 0.03709 0.07553 0.00318 ( 1)
 193 S   0.81406 0.10723 0.06953 0.00919 ( 1)
 194 N   0.89368 0.02761 0.07635 0.00237 ( 1)
 195 -   0.68628 0.23501 0.05860 0.02011 ( 1)
 196 S   0.90950 0.01179 0.07770 0.00101 ( 1)
 197 S   0.88164 0.03964 0.07531 0.00340 ( 1)
 198 V   0.91806 0.00322 0.07844 0.00028 ( 1)
 199 S   0.86635 0.05494 0.07400 0.00471 ( 1)
 200 I   0.83586 0.08543 0.07139 0.00732 ( 1)
 201 I   0.89161 0.02968 0.07617 0.00254 ( 1)
 202 R   0.90771 0.01357 0.07755 0.00116 ( 1)
 203 A   0.94722 0.00211 0.05054 0.00013 ( 1)
 204 P   0.94875 0.00046 0.05077 0.00003 ( 1)
 205 M   0.84011 0.11073 0.04279 0.00637 ( 1)
 206 F   0.39884 0.53736 0.02643 0.03737 ( 2)
 207 S   0.92019 0.01631 0.06234 0.00116 ( 1)
 208 W   0.84738 0.08855 0.05775 0.00632 ( 1)
 209 I   0.07285 0.86231 0.00478 0.06006 ( 2)
 210 -   0.90493 0.04649 0.04593 0.00265 ( 1)
 211 -   0.56159 0.38437 0.03085 0.02319 ( 1)
 212 -   0.93352 0.02042 0.04493 0.00113 ( 1)

