Supplemental results for CODEML (seqf: algn  treef: tree)


dN/dS (w) for site classes (K=4)

site class             0        1       2a       2b
proportion       0.55570  0.42477  0.01107  0.00846
background w     0.15420  1.00000  0.15420  1.00000
foreground w     0.15420  1.00000 998.99997 998.99997

Naive Empirical Bayes (NEB) probabilities for 4 classes
(amino acids refer to 1st sequence: BT_Cry19Ba1)

   1 E   0.29768 0.68280 0.00593 0.01360 ( 2)
   2 -   0.55570 0.42477 0.01107 0.00846 ( 1)
   3 -   0.55570 0.42477 0.01107 0.00846 ( 1)
   4 V   0.65549 0.34283 0.00093 0.00075 ( 1)
   5 G   0.86007 0.13839 0.00132 0.00022 ( 1)
   6 P   0.02185 0.97776 0.00001 0.00038 ( 2)
   7 L   0.45970 0.53967 0.00028 0.00035 ( 2)
   8 L   0.98965 0.00968 0.00067 0.00001 ( 1)
   9 S   0.96463 0.03500 0.00036 0.00002 ( 1)
  10 W   0.21491 0.78427 0.00014 0.00067 ( 2)
  11 M   0.19793 0.80184 0.00004 0.00019 ( 2)
  12 V   0.01327 0.98503 0.00002 0.00168 ( 2)
  13 S   0.01501 0.98322 0.00003 0.00174 ( 2)
  14 L   0.20917 0.79038 0.00010 0.00036 ( 2)
  15 F   0.84465 0.15489 0.00037 0.00008 ( 1)
  16 W   0.89827 0.10161 0.00011 0.00001 ( 1)
  17 P   0.99472 0.00500 0.00027 0.00000 ( 1)
  18 T   0.02554 0.97359 0.00002 0.00085 ( 2)
  19 I   0.00140 0.97465 0.00016 0.02379 ( 2)
  20 -   0.80702 0.17346 0.01607 0.00345 ( 1)
  21 -   0.79335 0.18712 0.01580 0.00373 ( 1)
  22 -   0.72359 0.25689 0.01441 0.00512 ( 1)
  23 E   0.03735 0.96209 0.00002 0.00054 ( 2)
  24 E   0.00044 0.95299 0.00017 0.04640 ( 2)
  25 K   0.02365 0.97588 0.00001 0.00046 ( 2)
  26 N   0.97755 0.02157 0.00086 0.00003 ( 1)
  27 T   0.01405 0.98438 0.00002 0.00155 ( 2)
  28 V   0.94115 0.05804 0.00075 0.00006 ( 1)
  29 W   0.89827 0.10161 0.00011 0.00001 ( 1)
  30 E   0.50961 0.48940 0.00042 0.00057 ( 1)
  31 D   0.00804 0.96516 0.00040 0.02641 ( 2)
  32 M   0.02708 0.96362 0.00359 0.00571 ( 2)
  33 I   0.95562 0.04408 0.00029 0.00001 ( 1)
  34 K   0.98697 0.01216 0.00086 0.00001 ( 1)
  35 Y   0.02478 0.70546 0.15063 0.11913 ( 2)
  36 V   0.56929 0.42957 0.00050 0.00065 ( 1)
  37 A   0.88004 0.11971 0.00022 0.00003 ( 1)
  38 N   0.98094 0.01826 0.00078 0.00002 ( 1)
  39 L   0.95057 0.04916 0.00025 0.00001 ( 1)
  40 L   0.99110 0.00812 0.00077 0.00001 ( 1)
  41 K   0.00013 0.99376 0.00000 0.00611 ( 2)
  42 Q   0.07029 0.92923 0.00003 0.00045 ( 2)
  43 E   0.18924 0.80446 0.00068 0.00562 ( 2)
  44 L   0.15581 0.84344 0.00011 0.00064 ( 2)
  45 T   0.00049 0.97697 0.00001 0.02253 ( 2)
  46 N   0.00051 0.99618 0.00000 0.00330 ( 2)
  47 D   0.00076 0.99154 0.00004 0.00767 ( 2)
  48 T   0.17064 0.82671 0.00044 0.00221 ( 2)
  49 L   0.46188 0.53420 0.00105 0.00287 ( 2)
  50 N   0.00084 0.99885 0.00000 0.00031 ( 2)
  51 R   0.14172 0.85779 0.00006 0.00043 ( 2)
  52 A   0.99704 0.00247 0.00048 0.00000 ( 1)
  53 T   0.97515 0.02450 0.00035 0.00001 ( 1)
  54 S   0.00203 0.49574 0.03252 0.46971 ( 2)
  55 N   0.94703 0.05203 0.00086 0.00009 ( 1)
  56 L   0.93714 0.06218 0.00063 0.00005 ( 1)
  57 S   0.02102 0.97854 0.00001 0.00043 ( 2)
  58 G   0.77664 0.22301 0.00026 0.00008 ( 1)
  59 L   0.97507 0.02425 0.00067 0.00002 ( 1)
  60 N   0.00553 0.97781 0.00014 0.01652 ( 2)
  61 E   0.51639 0.48226 0.00046 0.00090 ( 1)
  62 S   0.09649 0.90281 0.00006 0.00064 ( 2)
  63 L   0.95959 0.04015 0.00026 0.00001 ( 1)
  64 N   0.00010 0.96060 0.00012 0.03918 ( 2)
  65 I   0.38978 0.60884 0.00066 0.00072 ( 2)
  66 Y   0.99660 0.00261 0.00078 0.00000 ( 1)
  67 N   0.98619 0.01359 0.00022 0.00000 ( 1)
  68 R   0.72333 0.27655 0.00009 0.00003 ( 1)
  69 A   0.46422 0.53201 0.00183 0.00194 ( 2)
  70 L   0.97744 0.02172 0.00082 0.00002 ( 1)
  71 A   0.95749 0.04202 0.00046 0.00002 ( 1)
  72 A   0.00165 0.99661 0.00001 0.00172 ( 2)
  73 W   0.89827 0.10161 0.00011 0.00001 ( 1)
  74 K   0.09146 0.80628 0.05999 0.04226 ( 2)
  75 Q   0.00001 0.98950 0.00000 0.01049 ( 2)
  76 -   0.55570 0.42477 0.01107 0.00846 ( 1)
  77 N   0.01059 0.98919 0.00000 0.00022 ( 2)
  78 K   0.00306 0.99425 0.00001 0.00268 ( 2)
  79 N   0.06402 0.93432 0.00011 0.00155 ( 2)
  80 N   0.00044 0.99808 0.00000 0.00148 ( 2)
  81 F   0.05823 0.92225 0.00116 0.01837 ( 2)
  82 A   0.05563 0.92485 0.00111 0.01842 ( 2)
  83 S   0.11222 0.86826 0.00223 0.01729 ( 2)
  84 -   0.55570 0.42477 0.01107 0.00846 ( 1)
  85 -   0.80001 0.18046 0.01593 0.00359 ( 1)
  86 G   0.85235 0.14710 0.00047 0.00008 ( 1)
  87 E   0.06228 0.93702 0.00005 0.00065 ( 2)
  88 L   0.01419 0.98555 0.00000 0.00025 ( 2)
  89 I   0.16079 0.83816 0.00014 0.00091 ( 2)
  90 R   0.92939 0.06988 0.00067 0.00007 ( 1)
  91 S   0.00026 0.99866 0.00000 0.00108 ( 2)
  92 Y   0.00921 0.98964 0.00001 0.00114 ( 2)
  93 I   0.99089 0.00881 0.00030 0.00000 ( 1)
  94 N   0.00158 0.95768 0.00097 0.03977 ( 2)
  95 D   0.19253 0.80737 0.00002 0.00008 ( 2)
  96 L   0.99726 0.00233 0.00041 0.00000 ( 1)
  97 H   0.99629 0.00326 0.00045 0.00000 ( 1)
  98 I   0.33059 0.66900 0.00013 0.00028 ( 2)
  99 L   0.00034 0.99922 0.00000 0.00044 ( 2)
 100 F   0.99864 0.00071 0.00065 0.00000 ( 1)
 101 T   0.00116 0.90887 0.00097 0.08900 ( 2)
 102 R   0.00001 0.99960 0.00000 0.00039 ( 2)
 103 D   0.07350 0.92512 0.00007 0.00131 ( 2)
 104 I   0.99816 0.00105 0.00079 0.00000 ( 1)
 105 Q   0.79389 0.20525 0.00062 0.00023 ( 1)
 106 S   0.00498 0.99483 0.00000 0.00019 ( 2)
 107 D   0.82200 0.17774 0.00022 0.00004 ( 1)
 108 F   0.96798 0.03185 0.00016 0.00001 ( 1)
 109 S   0.09921 0.90047 0.00003 0.00029 ( 2)
 110 L   0.33148 0.66751 0.00026 0.00075 ( 2)
 111 G   0.00008 0.97868 0.00002 0.02123 ( 2)
 112 G   0.26884 0.73056 0.00012 0.00048 ( 2)
 113 Y   0.99573 0.00347 0.00080 0.00000 ( 1)
 114 E   0.98509 0.01411 0.00079 0.00001 ( 1)
 115 T   0.01108 0.98762 0.00001 0.00129 ( 2)
 116 V   0.99320 0.00602 0.00077 0.00001 ( 1)
 117 L   0.98965 0.00968 0.00067 0.00001 ( 1)
 118 L   0.98630 0.01302 0.00067 0.00001 ( 1)
 119 P   0.99478 0.00494 0.00027 0.00000 ( 1)
 120 S   0.87240 0.12710 0.00045 0.00005 ( 1)
 121 Y   0.99529 0.00398 0.00072 0.00000 ( 1)
 122 A   0.71581 0.12961 0.15140 0.00318 ( 1)
 123 S   0.94774 0.05144 0.00076 0.00006 ( 1)
 124 A   0.91362 0.08615 0.00021 0.00002 ( 1)
 125 A   0.94196 0.05757 0.00044 0.00003 ( 1)
 126 N   0.99574 0.00340 0.00085 0.00000 ( 1)
 127 L   0.97421 0.02451 0.00125 0.00003 ( 1)
 128 H   0.99812 0.00143 0.00045 0.00000 ( 1)
 129 L   0.98154 0.01818 0.00028 0.00001 ( 1)
 130 L   0.87012 0.12951 0.00033 0.00005 ( 1)
 131 L   0.97283 0.01476 0.01222 0.00018 ( 1)
 132 L   0.98361 0.01571 0.00067 0.00001 ( 1)
 133 R   0.97524 0.02457 0.00019 0.00001 ( 1)
 134 D   0.99764 0.00215 0.00020 0.00000 ( 1)
 135 V   0.98753 0.01166 0.00080 0.00001 ( 1)
 136 A   0.13165 0.86731 0.00011 0.00093 ( 2)
 137 I   0.98861 0.01060 0.00078 0.00001 ( 1)
 138 Y   0.93069 0.06855 0.00070 0.00007 ( 1)
 139 G   0.99532 0.00434 0.00034 0.00000 ( 1)
 140 K   0.33102 0.65546 0.00260 0.01092 ( 2)
 141 E   0.11345 0.84843 0.02540 0.01272 ( 2)
 142 -   0.62286 0.35762 0.01240 0.00712 ( 1)
 143 -   0.57079 0.40969 0.01137 0.00816 ( 1)
 144 -   0.60212 0.37835 0.01199 0.00753 ( 1)
 145 -   0.62189 0.35858 0.01238 0.00714 ( 1)
 146 -   0.61102 0.36945 0.01217 0.00736 ( 1)
 147 -   0.62286 0.35762 0.01240 0.00712 ( 1)
 148 -   0.63243 0.34804 0.01259 0.00693 ( 1)
 149 -   0.56938 0.41109 0.01134 0.00819 ( 1)
 150 L   0.98109 0.01648 0.00238 0.00006 ( 1)
 151 G   0.92494 0.07369 0.00125 0.00012 ( 1)
 152 Y   0.98735 0.01200 0.00065 0.00001 ( 1)
 153 P   0.00003 0.98140 0.00001 0.01855 ( 2)
 154 S   0.00282 0.99503 0.00000 0.00214 ( 2)
 155 T   0.00008 0.99846 0.00000 0.00146 ( 2)
 156 D   0.00359 0.99618 0.00000 0.00023 ( 2)
 157 V   0.87378 0.12575 0.00041 0.00006 ( 1)
 158 E   0.00557 0.98572 0.00018 0.00853 ( 2)
 159 F   0.03661 0.96246 0.00002 0.00090 ( 2)
 160 Y   0.99687 0.00241 0.00072 0.00000 ( 1)
 161 Y   0.91714 0.08195 0.00080 0.00011 ( 1)
 162 N   0.00288 0.99676 0.00000 0.00035 ( 2)
 163 E   0.99644 0.00271 0.00085 0.00000 ( 1)
 164 Q   0.55415 0.40009 0.02626 0.01950 ( 1)
 165 K   0.33187 0.66773 0.00013 0.00027 ( 2)
 166 Y   0.00000 0.72714 0.00000 0.27286 ( 2)
 167 Y   0.98464 0.01464 0.00071 0.00001 ( 1)
 168 T   0.77247 0.18716 0.03892 0.00145 ( 1)
 169 E   0.13381 0.85519 0.00520 0.00580 ( 2)
 170 K   0.00096 0.99858 0.00000 0.00046 ( 2)
 171 Y   0.98270 0.01656 0.00072 0.00002 ( 1)
 172 S   0.91219 0.08759 0.00020 0.00002 ( 1)
 173 N   0.76886 0.23018 0.00068 0.00029 ( 1)
 174 Y   0.67150 0.30764 0.01951 0.00135 ( 1)
 175 C   0.98762 0.01229 0.00009 0.00000 ( 1)
 176 V   0.50381 0.47597 0.01556 0.00466 ( 1)
 177 N   0.26094 0.73209 0.00390 0.00306 ( 2)
 178 T   0.90748 0.09195 0.00051 0.00006 ( 1)
 179 Y   0.86210 0.13771 0.00017 0.00003 ( 1)
 180 K   0.97897 0.02016 0.00085 0.00003 ( 1)
 181 S   0.01114 0.98752 0.00001 0.00132 ( 2)
 182 G   0.61151 0.38813 0.00021 0.00014 ( 1)
 183 L   0.97320 0.02653 0.00026 0.00001 ( 1)
 184 E   0.22776 0.77086 0.00023 0.00115 ( 2)
 185 S   0.23611 0.76342 0.00010 0.00037 ( 2)
 186 K   0.50007 0.49903 0.00040 0.00050 ( 1)
 187 K   0.99759 0.00152 0.00089 0.00000 ( 1)
 188 Q   0.34705 0.65193 0.00028 0.00073 ( 2)
 189 I   0.99093 0.00821 0.00086 0.00001 ( 1)
 190 G   0.85058 0.12396 0.02471 0.00075 ( 1)
 191 W   0.89827 0.10161 0.00011 0.00001 ( 1)
 192 S   0.02429 0.97505 0.00002 0.00064 ( 2)
 193 D   0.01067 0.98221 0.00028 0.00685 ( 2)
 194 F   0.97104 0.02879 0.00016 0.00001 ( 1)
 195 N   0.99368 0.00586 0.00045 0.00000 ( 1)
 196 R   0.48947 0.51033 0.00010 0.00010 ( 2)
 197 Y   0.99687 0.00241 0.00072 0.00000 ( 1)
 198 R   0.99074 0.00907 0.00019 0.00000 ( 1)
 199 R   0.99513 0.00450 0.00037 0.00000 ( 1)
 200 E   0.00012 0.02872 0.68333 0.28783 ( 3)
 201 M   0.99864 0.00106 0.00030 0.00000 ( 1)
 202 T   0.99601 0.00340 0.00059 0.00000 ( 1)
 203 L   0.95715 0.04258 0.00026 0.00001 ( 1)
 204 S   0.23798 0.76141 0.00012 0.00049 ( 2)
 205 V   0.98766 0.01159 0.00073 0.00001 ( 1)
 206 L   0.98837 0.01095 0.00067 0.00001 ( 1)
 207 D   0.99884 0.00037 0.00079 0.00000 ( 1)
 208 I   0.58522 0.41388 0.00046 0.00045 ( 1)
 209 V   0.98083 0.01837 0.00078 0.00002 ( 1)
 210 A   0.98349 0.01603 0.00048 0.00001 ( 1)
 211 L   0.93604 0.06327 0.00064 0.00005 ( 1)
 212 F   0.98536 0.01447 0.00017 0.00000 ( 1)
 213 P   0.99472 0.00500 0.00027 0.00000 ( 1)
 214 L   0.01084 0.23225 0.35039 0.40652 ( 4)


lnL = -3772.918965

Bayes Empirical Bayes (BEB) probabilities for 4 classes (class)
(amino acids refer to 1st sequence: BT_Cry19Ba1)

   1 E   0.25154 0.60550 0.04195 0.10101 ( 2)
   2 -   0.48184 0.37521 0.08036 0.06260 ( 1)
   3 -   0.48184 0.37521 0.08036 0.06260 ( 1)
   4 V   0.56587 0.31715 0.07207 0.04491 ( 1)
   5 G   0.75521 0.12824 0.09894 0.01761 ( 1)
   6 P   0.01753 0.86467 0.00222 0.11558 ( 2)
   7 L   0.39246 0.49364 0.04895 0.06495 ( 2)
   8 L   0.87603 0.00863 0.11415 0.00118 ( 1)
   9 S   0.86344 0.03293 0.09952 0.00411 ( 1)
  10 W   0.18146 0.71077 0.02035 0.08742 ( 2)
  11 M   0.16436 0.70053 0.02525 0.10987 ( 2)
  12 V   0.01046 0.86726 0.00142 0.12086 ( 2)
  13 S   0.01187 0.86755 0.00157 0.11901 ( 2)
  14 L   0.17310 0.69939 0.02471 0.10280 ( 2)
  15 F   0.74616 0.14433 0.09073 0.01878 ( 1)
  16 W   0.77927 0.08985 0.11712 0.01377 ( 1)
  17 P   0.88268 0.00446 0.11226 0.00060 ( 1)
  18 T   0.02048 0.86704 0.00246 0.11002 ( 2)
  19 I   0.00100 0.79223 0.00105 0.20572 ( 2)
  20 -   0.70303 0.15401 0.11726 0.02570 ( 1)
  21 -   0.69088 0.16616 0.11523 0.02773 ( 1)
  22 -   0.62924 0.22780 0.10495 0.03801 ( 1)
  23 E   0.03011 0.84802 0.00397 0.11790 ( 2)
  24 E   0.00032 0.81929 0.00044 0.17995 ( 2)
  25 K   0.01886 0.86564 0.00232 0.11318 ( 2)
  26 N   0.88276 0.02004 0.09481 0.00240 ( 1)
  27 T   0.01113 0.87135 0.00136 0.11616 ( 2)
  28 V   0.84256 0.05461 0.09601 0.00683 ( 1)
  29 W   0.77927 0.08985 0.11712 0.01377 ( 1)
  30 E   0.44030 0.45229 0.05020 0.05722 ( 2)
  31 D   0.00604 0.82616 0.00215 0.16564 ( 2)
  32 M   0.02078 0.80901 0.03062 0.13960 ( 2)
  33 I   0.85328 0.04138 0.10013 0.00520 ( 1)
  34 K   0.88647 0.01120 0.10093 0.00140 ( 1)
  35 Y   0.02129 0.67766 0.08749 0.21356 ( 2)
  36 V   0.49166 0.39764 0.05760 0.05310 ( 1)
  37 A   0.76562 0.10790 0.11047 0.01601 ( 1)
  38 N   0.88510 0.01722 0.09562 0.00207 ( 1)
  39 L   0.83094 0.04366 0.11896 0.00643 ( 1)
  40 L   0.89220 0.00746 0.09941 0.00092 ( 1)
  41 K   0.00009 0.85625 0.00002 0.14364 ( 2)
  42 Q   0.05711 0.82451 0.00732 0.11105 ( 2)
  43 E   0.15449 0.71414 0.02095 0.11041 ( 2)
  44 L   0.12927 0.75153 0.01674 0.10245 ( 2)
  45 T   0.00037 0.86005 0.00005 0.13952 ( 2)
  46 N   0.00039 0.88228 0.00005 0.11728 ( 2)
  47 D   0.00055 0.84569 0.00032 0.15344 ( 2)
  48 T   0.13823 0.72946 0.02118 0.11112 ( 2)
  49 L   0.39142 0.48277 0.04898 0.07684 ( 2)
  50 N   0.00063 0.86188 0.00010 0.13739 ( 2)
  51 R   0.11751 0.76428 0.01507 0.10314 ( 2)
  52 A   0.89153 0.00221 0.10597 0.00028 ( 1)
  53 T   0.84619 0.02152 0.12895 0.00334 ( 1)
  54 S   0.00275 0.75679 0.01044 0.23002 ( 2)
  55 N   0.85264 0.04913 0.09211 0.00612 ( 1)
  56 L   0.82761 0.05681 0.10779 0.00779 ( 1)
  57 S   0.01659 0.84824 0.00256 0.13261 ( 2)
  58 G   0.68189 0.20679 0.08423 0.02708 ( 1)
  59 L   0.86291 0.02168 0.11244 0.00297 ( 1)
  60 N   0.00404 0.80251 0.00139 0.19205 ( 2)
  61 E   0.44364 0.44362 0.05115 0.06158 ( 1)
  62 S   0.07897 0.79701 0.01073 0.11329 ( 2)
  63 L   0.83898 0.03565 0.12012 0.00525 ( 1)
  64 N   0.00007 0.81393 0.00011 0.18588 ( 2)
  65 I   0.32697 0.54572 0.04794 0.07938 ( 2)
  66 Y   0.89010 0.00233 0.10726 0.00030 ( 1)
  67 N   0.86659 0.01205 0.11963 0.00172 ( 1)
  68 R   0.62149 0.24955 0.09143 0.03753 ( 1)
  69 A   0.38837 0.47674 0.06090 0.07399 ( 2)
  70 L   0.86519 0.01980 0.11228 0.00273 ( 1)
  71 A   0.85464 0.03887 0.10153 0.00495 ( 1)
  72 A   0.00126 0.86951 0.00027 0.12896 ( 2)
  73 W   0.77927 0.08985 0.11712 0.01377 ( 1)
  74 K   0.07075 0.68061 0.08208 0.16656 ( 2)
  75 Q   0.00001 0.83118 0.00000 0.16881 ( 2)
  76 -   0.48184 0.37521 0.08036 0.06260 ( 1)
  77 N   0.00820 0.85667 0.00127 0.13386 ( 2)
  78 K   0.00238 0.88536 0.00027 0.11198 ( 2)
  79 N   0.05215 0.83082 0.00665 0.11039 ( 2)
  80 N   0.00033 0.88238 0.00004 0.11724 ( 2)
  81 F   0.04738 0.80967 0.00790 0.13506 ( 2)
  82 A   0.04546 0.81158 0.00758 0.13538 ( 2)
  83 S   0.09225 0.76480 0.01538 0.12757 ( 2)
  84 -   0.48184 0.37521 0.08036 0.06260 ( 1)
  85 -   0.69679 0.16025 0.11622 0.02674 ( 1)
  86 G   0.74815 0.13616 0.09717 0.01853 ( 1)
  87 E   0.05030 0.82557 0.00692 0.11722 ( 2)
  88 L   0.01120 0.85440 0.00171 0.13269 ( 2)
  89 I   0.13309 0.75469 0.01570 0.09653 ( 2)
  90 R   0.82313 0.06405 0.10416 0.00867 ( 1)
  91 S   0.00020 0.88432 0.00002 0.11546 ( 2)
  92 Y   0.00728 0.87710 0.00087 0.11475 ( 2)
  93 I   0.88678 0.00809 0.10411 0.00102 ( 1)
  94 N   0.00100 0.69356 0.00357 0.30187 ( 2)
  95 D   0.15862 0.71142 0.02325 0.10672 ( 2)
  96 L   0.88948 0.00208 0.10817 0.00027 ( 1)
  97 H   0.89389 0.00293 0.10281 0.00036 ( 1)
  98 I   0.28215 0.59767 0.03743 0.08275 ( 2)
  99 L   0.00026 0.86920 0.00004 0.13051 ( 2)
 100 F   0.89779 0.00063 0.10150 0.00008 ( 1)
 101 T   0.00070 0.62535 0.00324 0.37070 ( 2)
 102 R   0.00001 0.86899 0.00000 0.13101 ( 2)
 103 D   0.05965 0.83212 0.00652 0.10171 ( 2)
 104 I   0.89678 0.00094 0.10217 0.00012 ( 1)
 105 Q   0.70603 0.19175 0.07845 0.02377 ( 1)
 106 S   0.00384 0.86130 0.00059 0.13427 ( 2)
 107 D   0.70900 0.16129 0.10528 0.02443 ( 1)
 108 F   0.84690 0.02827 0.12068 0.00415 ( 1)
 109 S   0.08125 0.78989 0.01170 0.11717 ( 2)
 110 L   0.28363 0.61000 0.03134 0.07503 ( 2)
 111 G   0.00005 0.75558 0.00012 0.24425 ( 2)
 112 G   0.22631 0.66007 0.02739 0.08623 ( 2)
 113 Y   0.88932 0.00311 0.10717 0.00040 ( 1)
 114 E   0.88425 0.01298 0.10114 0.00162 ( 1)
 115 T   0.00883 0.87994 0.00100 0.11023 ( 2)
 116 V   0.89416 0.00553 0.09964 0.00068 ( 1)
 117 L   0.87603 0.00863 0.11415 0.00118 ( 1)
 118 L   0.87302 0.01163 0.11376 0.00159 ( 1)
 119 P   0.88276 0.00441 0.11224 0.00059 ( 1)
 120 S   0.75312 0.11377 0.11539 0.01772 ( 1)
 121 Y   0.88889 0.00357 0.10708 0.00046 ( 1)
 122 A   0.26325 0.05074 0.67187 0.01414 ( 3)
 123 S   0.84868 0.04844 0.09677 0.00610 ( 1)
 124 A   0.79024 0.07704 0.12073 0.01199 ( 1)
 125 A   0.82254 0.05114 0.11874 0.00759 ( 1)
 126 N   0.89985 0.00313 0.09665 0.00037 ( 1)
 127 L   0.86601 0.02246 0.10857 0.00296 ( 1)
 128 H   0.89556 0.00128 0.10300 0.00016 ( 1)
 129 L   0.85861 0.01608 0.12294 0.00237 ( 1)
 130 L   0.75015 0.11574 0.11597 0.01814 ( 1)
 131 L   0.86061 0.01319 0.12422 0.00199 ( 1)
 132 L   0.87058 0.01405 0.11344 0.00193 ( 1)
 133 R   0.86193 0.02201 0.11304 0.00302 ( 1)
 134 D   0.87605 0.00189 0.12179 0.00027 ( 1)
 135 V   0.88690 0.01072 0.10104 0.00134 ( 1)
 136 A   0.10909 0.78124 0.01236 0.09732 ( 2)
 137 I   0.88790 0.00973 0.10114 0.00122 ( 1)
 138 Y   0.82874 0.06308 0.09998 0.00820 ( 1)
 139 G   0.88594 0.00388 0.10967 0.00051 ( 1)
 140 K   0.27166 0.57774 0.04450 0.10611 ( 2)
 141 E   0.06985 0.57259 0.21126 0.14630 ( 2)
 142 -   0.54063 0.31641 0.09017 0.05279 ( 1)
 143 -   0.49503 0.36202 0.08256 0.06040 ( 1)
 144 -   0.52245 0.33459 0.08713 0.05582 ( 1)
 145 -   0.53979 0.31726 0.09002 0.05293 ( 1)
 146 -   0.53025 0.32679 0.08843 0.05452 ( 1)
 147 -   0.54063 0.31641 0.09017 0.05279 ( 1)
 148 -   0.54903 0.30801 0.09157 0.05139 ( 1)
 149 -   0.49380 0.36324 0.08235 0.06060 ( 1)
 150 L   0.86606 0.01469 0.11717 0.00208 ( 1)
 151 G   0.81282 0.06829 0.10922 0.00968 ( 1)
 152 Y   0.88728 0.01105 0.10030 0.00137 ( 1)
 153 P   0.00002 0.83100 0.00002 0.16895 ( 2)
 154 S   0.00218 0.86744 0.00030 0.13008 ( 2)
 155 T   0.00006 0.88668 0.00001 0.11325 ( 2)
 156 D   0.00279 0.87197 0.00039 0.12485 ( 2)
 157 V   0.76644 0.11430 0.10322 0.01605 ( 1)
 158 E   0.00415 0.83534 0.00247 0.15804 ( 2)
 159 F   0.02944 0.86122 0.00329 0.10604 ( 2)
 160 Y   0.89032 0.00215 0.10725 0.00028 ( 1)
 161 Y   0.82446 0.07757 0.08858 0.00940 ( 1)
 162 N   0.00225 0.88280 0.00028 0.11467 ( 2)
 163 E   0.89485 0.00243 0.10241 0.00030 ( 1)
 164 Q   0.49415 0.37611 0.07275 0.05699 ( 1)
 165 K   0.28037 0.59851 0.03755 0.08357 ( 2)
 166 Y   0.00000 0.63785 0.00000 0.36215 ( 2)
 167 Y   0.87897 0.01342 0.10587 0.00174 ( 1)
 168 T   0.48848 0.12538 0.36228 0.02386 ( 1)
 169 E   0.10363 0.72165 0.05117 0.12354 ( 2)
 170 K   0.00072 0.86768 0.00011 0.13149 ( 2)
 171 Y   0.87693 0.01519 0.10589 0.00199 ( 1)
 172 S   0.79505 0.07898 0.11429 0.01168 ( 1)
 173 N   0.68186 0.21887 0.07304 0.02622 ( 1)
 174 Y   0.45026 0.22236 0.28982 0.03755 ( 1)
 175 C   0.85627 0.01076 0.13129 0.00168 ( 1)
 176 V   0.38061 0.38577 0.15859 0.07504 ( 2)
 177 N   0.20473 0.62562 0.07213 0.09752 ( 2)
 178 T   0.80901 0.08495 0.09529 0.01075 ( 1)
 179 Y   0.74549 0.12144 0.11418 0.01890 ( 1)
 180 K   0.88364 0.01899 0.09506 0.00231 ( 1)
 181 S   0.00887 0.87909 0.00100 0.11103 ( 2)
 182 G   0.52927 0.36068 0.06376 0.04628 ( 1)
 183 L   0.85116 0.02351 0.12187 0.00346 ( 1)
 184 E   0.18999 0.69870 0.02247 0.08884 ( 2)
 185 S   0.19727 0.68256 0.02597 0.09419 ( 2)
 186 K   0.43190 0.46162 0.04910 0.05738 ( 2)
 187 K   0.89639 0.00136 0.10208 0.00017 ( 1)
 188 Q   0.29618 0.59553 0.03365 0.07464 ( 2)
 189 I   0.89018 0.00753 0.10135 0.00094 ( 1)
 190 G   0.55471 0.08557 0.34374 0.01598 ( 1)
 191 W   0.77927 0.08985 0.11712 0.01377 ( 1)
 192 S   0.01934 0.85092 0.00281 0.12693 ( 2)
 193 D   0.00818 0.84291 0.00308 0.14583 ( 2)
 194 F   0.84963 0.02555 0.12107 0.00375 ( 1)
 195 N   0.89141 0.00536 0.10256 0.00067 ( 1)
 196 R   0.41633 0.45779 0.05901 0.06686 ( 2)
 197 Y   0.89032 0.00215 0.10725 0.00028 ( 1)
 198 R   0.87591 0.00809 0.11488 0.00111 ( 1)
 199 R   0.88876 0.00403 0.10669 0.00052 ( 1)
 200 E   0.00110 0.29798 0.35629 0.34463 ( 3)
 201 M   0.89397 0.00095 0.10496 0.00012 ( 1)
 202 T   0.89145 0.00304 0.10512 0.00039 ( 1)
 203 L   0.83681 0.03782 0.11981 0.00557 ( 1)
 204 S   0.20109 0.68778 0.02372 0.08741 ( 2)
 205 V   0.88486 0.01064 0.10315 0.00135 ( 1)
 206 L   0.87489 0.00977 0.11400 0.00134 ( 1)
 207 D   0.90222 0.00033 0.09741 0.00004 ( 1)
 208 I   0.51000 0.38597 0.05652 0.04751 ( 1)
 209 V   0.88058 0.01694 0.10035 0.00213 ( 1)
 210 A   0.87893 0.01473 0.10446 0.00188 ( 1)
 211 L   0.82643 0.05779 0.10777 0.00801 ( 1)
 212 F   0.86243 0.01279 0.12291 0.00188 ( 1)
 213 P   0.88268 0.00446 0.11226 0.00060 ( 1)
 214 L   0.01988 0.46139 0.20374 0.31498 ( 2)

