Supplemental results for CODEML (seqf: algn  treef: tree)


dN/dS (w) for site classes (K=4)

site class             0        1       2a       2b
proportion       0.29375  0.25179  0.24471  0.20975
background w     0.16926  1.00000  0.16926  1.00000
foreground w     0.16926  1.00000  1.00000  1.00000

Naive Empirical Bayes (NEB) probabilities for 4 classes
(amino acids refer to 1st sequence: BT_Cry8Ha1)

   1 G   0.48616 0.06749 0.39013 0.05622 ( 1)
   2 T   0.52605 0.02282 0.43212 0.01901 ( 1)
   3 S   0.08313 0.46366 0.06695 0.38626 ( 2)
   4 V   0.05751 0.48916 0.04584 0.40749 ( 2)
   5 Q   0.45700 0.09361 0.37141 0.07798 ( 1)
   6 L   0.54805 0.00649 0.44005 0.00541 ( 1)
   7 T   0.39321 0.15828 0.31666 0.13185 ( 1)
   8 R   0.45381 0.09821 0.36616 0.08182 ( 1)
   9 E   0.34253 0.20872 0.27487 0.17388 ( 1)
  10 V   0.45714 0.09529 0.36820 0.07938 ( 1)
  11 Y   0.30448 0.24651 0.24366 0.20535 ( 1)
  12 T   0.08045 0.46625 0.06489 0.38841 ( 2)
  13 D   0.50298 0.05420 0.39766 0.04515 ( 1)
  14 P   0.48512 0.06625 0.39343 0.05519 ( 1)
  15 I   0.50671 0.04044 0.41917 0.03369 ( 1)
  16 G   0.54017 0.01502 0.43230 0.01251 ( 1)
  17 A   0.00118 0.54437 0.00095 0.45349 ( 2)
  18 T   0.03419 0.51186 0.02754 0.42640 ( 2)
  19 S   0.03317 0.51314 0.02623 0.42747 ( 2)
  20 T   0.01665 0.52899 0.01368 0.44068 ( 2)
  21 Q   0.00953 0.53618 0.00763 0.44667 ( 2)
  22 G   0.03241 0.51389 0.02560 0.42810 ( 2)
  23 G   0.00141 0.54416 0.00112 0.45331 ( 2)
  24 V   0.01423 0.53148 0.01154 0.44275 ( 2)
  25 -   0.18618 0.35936 0.15510 0.29936 ( 2)
  26 -   0.16001 0.38553 0.13329 0.32117 ( 2)
  27 S   0.23993 0.30643 0.19837 0.25527 ( 2)
  28 W   0.31520 0.23208 0.25939 0.19334 ( 1)
  29 Y   0.49021 0.06410 0.39229 0.05340 ( 1)
  30 D   0.36158 0.18661 0.29635 0.15546 ( 1)
  31 D   0.00116 0.54440 0.00093 0.45351 ( 2)
  32 A   0.51287 0.03586 0.42141 0.02987 ( 1)
  33 P   0.31787 0.23274 0.25551 0.19389 ( 1)
  34 S   0.44145 0.11190 0.35344 0.09322 ( 1)
  35 -   0.11293 0.43261 0.09408 0.36039 ( 2)
  36 F   0.54944 0.00748 0.43686 0.00623 ( 1)
  37 T   0.01246 0.53313 0.01027 0.44413 ( 2)
  38 A   0.00411 0.53358 0.01780 0.44450 ( 2)
  39 I   0.52823 0.02629 0.42357 0.02190 ( 1)
  40 E   0.44546 0.10751 0.35747 0.08956 ( 1)
  41 S   0.46771 0.08745 0.37200 0.07285 ( 1)
  42 S   0.00221 0.54334 0.00182 0.45263 ( 2)
  43 V   0.05188 0.49468 0.04135 0.41209 ( 2)
  44 V   0.06426 0.48264 0.05103 0.40207 ( 2)
  45 R   0.07143 0.47456 0.05868 0.39533 ( 2)
  46 P   0.05625 0.48997 0.04562 0.40817 ( 2)
  47 L   0.07294 0.47377 0.05863 0.39467 ( 2)
  48 H   0.43203 0.12157 0.34513 0.10127 ( 1)
  49 L   0.54268 0.00669 0.44506 0.00557 ( 1)
  50 F   0.55592 0.00113 0.44201 0.00094 ( 1)
  51 D   0.53630 0.02165 0.42401 0.01804 ( 1)
  52 L   0.38636 0.16717 0.30720 0.13926 ( 1)
  53 L   0.50480 0.04931 0.40480 0.04108 ( 1)
  54 T   0.54359 0.00539 0.44653 0.00449 ( 1)
  55 G   0.12525 0.42099 0.10305 0.35071 ( 2)
  56 V   0.50338 0.05043 0.40418 0.04201 ( 1)
  57 T   0.44160 0.11145 0.35411 0.09284 ( 1)
  58 V   0.54050 0.01580 0.43053 0.01316 ( 1)
  59 Y   0.53193 0.02313 0.42568 0.01926 ( 1)
  60 A   0.47883 0.07394 0.38563 0.06160 ( 1)
  61 A   0.09040 0.45614 0.07347 0.37999 ( 2)
  62 S   0.21226 0.33564 0.17249 0.27961 ( 2)
  63 S   0.43411 0.11723 0.35100 0.09766 ( 1)
  64 S   0.31139 0.24150 0.24594 0.20118 ( 1)
  65 W   0.09595 0.44989 0.07938 0.37478 ( 2)
  66 D   0.42272 0.13126 0.33667 0.10935 ( 1)
  67 S   0.52134 0.03342 0.41740 0.02784 ( 1)
  68 S   0.34107 0.21236 0.26967 0.17690 ( 1)
  69 H   0.51716 0.03528 0.41816 0.02939 ( 1)
  70 Y   0.42427 0.12886 0.33953 0.10734 ( 1)
  71 F   0.53333 0.02128 0.42767 0.01773 ( 1)
  72 R   0.34385 0.20628 0.27802 0.17184 ( 1)
  73 F   0.55051 0.00643 0.43771 0.00535 ( 1)
  74 W   0.53202 0.01645 0.43782 0.01371 ( 1)
  75 N   0.45119 0.10319 0.35965 0.08597 ( 1)
  76 G   0.54782 0.00750 0.43843 0.00625 ( 1)
  77 H   0.55500 0.00089 0.44337 0.00074 ( 1)
  78 K   0.44222 0.11000 0.35614 0.09164 ( 1)
  79 V   0.52681 0.02768 0.42245 0.02306 ( 1)
  80 D   0.09447 0.45222 0.07658 0.37673 ( 2)
  81 T   0.01156 0.53418 0.00925 0.44500 ( 2)
  82 K   0.44029 0.11279 0.35296 0.09396 ( 1)
  83 G   0.01772 0.52813 0.01420 0.43996 ( 2)
  84 I   0.04545 0.50026 0.03754 0.41675 ( 2)
  85 K   0.00927 0.53649 0.00732 0.44692 ( 2)
  86 S   0.19360 0.35486 0.15591 0.29562 ( 2)
  87 S   0.10646 0.44078 0.08558 0.36719 ( 2)
  88 V   0.01208 0.53366 0.00969 0.44457 ( 2)
  89 Q   0.00255 0.54304 0.00203 0.45238 ( 2)
  90 Y   0.43622 0.11962 0.34451 0.09965 ( 1)
  91 S   0.05150 0.49481 0.04148 0.41220 ( 2)
  92 N   0.00063 0.54491 0.00052 0.45394 ( 2)
  93 V   0.03715 0.50892 0.02997 0.42396 ( 2)
  94 Y   0.54969 0.00269 0.44539 0.00224 ( 1)
  95 G   0.36074 0.18921 0.29243 0.15762 ( 1)
  96 S   0.10875 0.43896 0.08661 0.36568 ( 2)
  97 T   0.04892 0.49778 0.03863 0.41467 ( 2)
  98 S   0.00132 0.54423 0.00107 0.45337 ( 2)
  99 N   0.37707 0.17737 0.29780 0.14776 ( 1)
 100 A   0.00459 0.54100 0.00373 0.45068 ( 2)
 101 V   0.01673 0.52900 0.01360 0.44068 ( 2)
 102 S   0.00086 0.54470 0.00068 0.45376 ( 2)
 103 T   0.13910 0.40922 0.11078 0.34090 ( 2)
 104 T   0.10630 0.43985 0.08743 0.36642 ( 2)
 105 I   0.15087 0.39769 0.12015 0.33129 ( 2)
 106 I   0.01039 0.53536 0.00826 0.44598 ( 2)
 107 P   0.00403 0.54161 0.00318 0.45119 ( 2)
 108 F   0.51755 0.03870 0.41151 0.03224 ( 1)
 109 S   0.00212 0.54343 0.00173 0.45271 ( 2)
 110 G   0.49424 0.06013 0.39555 0.05009 ( 1)
 111 F   0.32442 0.22224 0.26820 0.18514 ( 1)
 112 D   0.36530 0.18886 0.28852 0.15733 ( 1)
 113 V   0.53487 0.02201 0.42478 0.01834 ( 1)
 114 Y   0.52469 0.02266 0.43376 0.01888 ( 1)
 115 R   0.10728 0.22614 0.47818 0.18839 ( 3)
 116 V   0.25881 0.29191 0.20611 0.24317 ( 2)
 117 F   0.05520 0.49083 0.04508 0.40889 ( 2)
 118 S   0.53621 0.01467 0.43690 0.01222 ( 1)
 119 L   0.26924 0.27889 0.21955 0.23233 ( 2)
 120 A   0.53461 0.02330 0.42268 0.01941 ( 1)
 121 G   0.51817 0.03507 0.41756 0.02921 ( 1)
 122 V   0.53681 0.01681 0.43237 0.01400 ( 1)
 123 L   0.33397 0.21263 0.27627 0.17713 ( 1)
 124 F   0.29221 0.25938 0.23234 0.21607 ( 1)
 125 -   0.30682 0.24581 0.24258 0.20478 ( 1)
 126 -   0.30326 0.24744 0.24318 0.20613 ( 1)
 127 -   0.30365 0.24726 0.24311 0.20598 ( 1)
 128 -   0.29990 0.24897 0.24373 0.20740 ( 1)
 129 -   0.30365 0.24726 0.24311 0.20598 ( 1)
 130 A   0.48918 0.06509 0.39151 0.05422 ( 1)
 131 W   0.14005 0.40799 0.11208 0.33988 ( 2)
 132 T   0.53078 0.01812 0.43601 0.01510 ( 1)
 133 T   0.35211 0.19971 0.28180 0.16637 ( 1)
 134 R   0.38313 0.16820 0.30855 0.14012 ( 1)
 135 Y   0.50545 0.05055 0.40189 0.04211 ( 1)
 136 F   0.46822 0.08702 0.37228 0.07249 ( 1)
 137 G   0.52607 0.02590 0.42646 0.02158 ( 1)
 138 A   0.02568 0.52023 0.02071 0.43338 ( 2)
 139 P   0.54609 0.00218 0.44991 0.00182 ( 1)
 140 E   0.00957 0.53613 0.00768 0.44662 ( 2)
 141 V   0.52183 0.02573 0.43101 0.02144 ( 1)
 142 Y   0.00005 0.54549 0.00004 0.45442 ( 2)
 143 F   0.55255 0.00443 0.43933 0.00369 ( 1)
 144 Q   0.00600 0.53966 0.00477 0.44957 ( 2)
 145 R   0.03859 0.50709 0.03189 0.42243 ( 2)
 146 V   0.45341 0.09895 0.36520 0.08243 ( 1)
 147 D   0.07137 0.47471 0.05846 0.39546 ( 2)
 148 H   0.03935 0.50663 0.03198 0.42205 ( 2)
 149 N   0.09826 0.44728 0.08185 0.37261 ( 2)
 150 S   0.37774 0.16779 0.31468 0.13978 ( 1)
 151 G   0.30565 0.23989 0.25462 0.19984 ( 1)
 152 I   0.52450 0.02434 0.43088 0.02028 ( 1)
 153 D   0.36228 0.19180 0.28613 0.15978 ( 1)
 154 V   0.05749 0.48940 0.04541 0.40770 ( 2)
 155 G   0.20564 0.34400 0.16378 0.28657 ( 2)
 156 Y   0.00123 0.54433 0.00098 0.45346 ( 2)
 157 D   0.02218 0.52357 0.01808 0.43616 ( 2)
 158 I   0.19251 0.35518 0.15643 0.29588 ( 2)
 159 A   0.00300 0.54256 0.00247 0.45198 ( 2)
 160 F   0.54527 0.01002 0.43637 0.00835 ( 1)
 161 S   0.00235 0.54322 0.00191 0.45253 ( 2)
 162 E   0.01968 0.52596 0.01621 0.43815 ( 2)
 163 R   0.00043 0.54511 0.00035 0.45411 ( 2)
 164 Y   0.28860 0.25792 0.23861 0.21486 ( 1)
 165 A   0.05489 0.49158 0.04401 0.40952 ( 2)
 166 G   0.13720 0.41151 0.10848 0.34281 ( 2)
 167 I   0.54765 0.00951 0.43492 0.00792 ( 1)
 168 G   0.20813 0.34094 0.16690 0.28402 ( 2)
 169 E   0.03204 0.51368 0.02635 0.42793 ( 2)
 170 Q   0.51406 0.04028 0.41210 0.03356 ( 1)
 171 Q   0.00488 0.54073 0.00393 0.45046 ( 2)
 172 K   0.42518 0.12643 0.34307 0.10532 ( 1)
 173 D   0.44706 0.10882 0.35346 0.09066 ( 1)
 174 S   0.54342 0.00753 0.44278 0.00627 ( 1)
 175 L   0.08294 0.46398 0.06656 0.38652 ( 2)
 176 D   0.11093 0.43560 0.09059 0.36288 ( 2)
 177 E   0.54588 0.00877 0.43805 0.00730 ( 1)
 178 L   0.54268 0.00669 0.44506 0.00557 ( 1)
 179 P   0.55289 0.00147 0.44442 0.00122 ( 1)
 180 L   0.31547 0.23386 0.25585 0.19482 ( 1)
 181 Q   0.32702 0.22337 0.26353 0.18608 ( 1)
 182 T   0.22034 0.32853 0.17744 0.27368 ( 2)
 183 E   0.01063 0.53502 0.00866 0.44570 ( 2)
 184 G   0.44871 0.10722 0.35475 0.08932 ( 1)
 185 -   0.48437 0.06117 0.40350 0.05096 ( 1)
 186 P   0.45614 0.09489 0.36993 0.07905 ( 1)
 187 A   0.01490 0.53089 0.01195 0.44226 ( 2)
 188 Y   0.46784 0.08760 0.37158 0.07298 ( 1)
 189 -   0.11614 0.43145 0.09299 0.35942 ( 2)
 190 -   0.29589 0.24965 0.24649 0.20797 ( 1)
 191 -   0.29476 0.25078 0.24555 0.20891 ( 1)
 192 R   0.01455 0.53110 0.01192 0.44243 ( 2)
 193 S   0.38284 0.16838 0.30850 0.14027 ( 1)
 194 Y   0.54443 0.00300 0.45008 0.00250 ( 1)
 195 S   0.54294 0.00574 0.44653 0.00478 ( 1)
 196 H   0.55525 0.00065 0.44357 0.00054 ( 1)
 197 R   0.52197 0.03103 0.42115 0.02585 ( 1)
 198 L   0.54145 0.01013 0.43997 0.00844 ( 1)
 199 N   0.09223 0.09474 0.73410 0.07893 ( 3)
 200 H   0.55307 0.00279 0.44183 0.00232 ( 1)
 201 I   0.54873 0.00845 0.43578 0.00704 ( 1)
 202 S   0.49804 0.05503 0.40109 0.04584 ( 1)
 203 M   0.13142 0.41684 0.10450 0.34725 ( 2)
 204 V   0.53466 0.02222 0.42462 0.01851 ( 1)
 205 P   0.13947 0.40656 0.11530 0.33868 ( 2)
 206 Q   0.08491 0.46092 0.07020 0.38397 ( 2)
 207 T   0.33133 0.22101 0.26354 0.18412 ( 1)
 208 V   0.19301 0.35445 0.15727 0.29527 ( 2)
 209 R   0.15253 0.39460 0.12415 0.32872 ( 2)
 210 T   0.13708 0.13868 0.60871 0.11553 ( 3)
 211 R   0.13375 0.41263 0.10987 0.34374 ( 2)
 212 N   0.48820 0.06606 0.39070 0.05503 ( 1)
 213 V   0.53810 0.01555 0.43341 0.01295 ( 1)
 214 P   0.55303 0.00133 0.44454 0.00111 ( 1)
 215 V   0.54929 0.00452 0.44242 0.00377 ( 1)
 216 F   0.55255 0.00443 0.43933 0.00369 ( 1)
 217 S   0.46552 0.08825 0.37271 0.07352 ( 1)
 218 W   0.53202 0.01645 0.43782 0.01371 ( 1)
 219 S   0.02483 0.47502 0.10443 0.39572 ( 2)
 220 H   0.55525 0.00065 0.44357 0.00054 ( 1)
 221 R   0.02935 0.45209 0.14195 0.37661 ( 2)
 222 S   0.55129 0.00558 0.43848 0.00465 ( 1)
 223 -   0.29375 0.25179 0.24471 0.20975 ( 1)
 224 -   0.29375 0.25179 0.24471 0.20975 ( 1)
 225 -   0.29375 0.25179 0.24471 0.20975 ( 1)
 226 -   0.29375 0.25179 0.24471 0.20975 ( 1)
 227 -   0.29375 0.25179 0.24471 0.20975 ( 1)
 228 -   0.29375 0.25179 0.24471 0.20975 ( 1)
 229 -   0.29375 0.25179 0.24471 0.20975 ( 1)
 230 -   0.29375 0.25179 0.24471 0.20975 ( 1)


lnL = -3344.829554

