Supplemental results for CODEML (seqf: algn  treef: tree)


dN/dS (w) for site classes (K=4)

site class             0        1       2a       2b
proportion       0.69016  0.27543  0.02459  0.00981
background w     0.15230  1.63540  0.15230  1.63540
foreground w     0.15230  1.63540  6.21714  6.21714

Naive Empirical Bayes (NEB) probabilities for 4 classes
(amino acids refer to 1st sequence: BT_Cry8Ea2)

   1 -   0.69016 0.27543 0.02459 0.00981 ( 1)
   2 -   0.69016 0.27543 0.02459 0.00981 ( 1)
   3 -   0.69016 0.27543 0.02459 0.00981 ( 1)
   4 -   0.69016 0.27543 0.02459 0.00981 ( 1)
   5 -   0.69016 0.27543 0.02459 0.00981 ( 1)
   6 -   0.69016 0.27543 0.02459 0.00981 ( 1)
   7 -   0.69016 0.27543 0.02459 0.00981 ( 1)
   8 -   0.69016 0.27543 0.02459 0.00981 ( 1)
   9 -   0.69016 0.27543 0.02459 0.00981 ( 1)
  10 -   0.69016 0.27543 0.02459 0.00981 ( 1)
  11 -   0.69016 0.27543 0.02459 0.00981 ( 1)
  12 -   0.69016 0.27543 0.02459 0.00981 ( 1)
  13 -   0.69016 0.27543 0.02459 0.00981 ( 1)
  14 -   0.69016 0.27543 0.02459 0.00981 ( 1)
  15 -   0.69016 0.27543 0.02459 0.00981 ( 1)
  16 -   0.69016 0.27543 0.02459 0.00981 ( 1)
  17 -   0.69016 0.27543 0.02459 0.00981 ( 1)
  18 -   0.69016 0.27543 0.02459 0.00981 ( 1)
  19 -   0.69016 0.27543 0.02459 0.00981 ( 1)
  20 -   0.69016 0.27543 0.02459 0.00981 ( 1)
  21 -   0.69016 0.27543 0.02459 0.00981 ( 1)
  22 -   0.69016 0.27543 0.02459 0.00981 ( 1)
  23 -   0.69016 0.27543 0.02459 0.00981 ( 1)
  24 -   0.69016 0.27543 0.02459 0.00981 ( 1)
  25 -   0.69016 0.27543 0.02459 0.00981 ( 1)
  26 -   0.69016 0.27543 0.02459 0.00981 ( 1)
  27 -   0.69016 0.27543 0.02459 0.00981 ( 1)
  28 -   0.69016 0.27543 0.02459 0.00981 ( 1)
  29 E   0.92464 0.07445 0.00065 0.00026 ( 1)
  30 T   0.62677 0.35394 0.01379 0.00550 ( 1)
  31 K   0.15239 0.80885 0.02770 0.01106 ( 2)
  32 A   0.01484 0.63232 0.25219 0.10064 ( 2)
  33 Q   0.91043 0.08836 0.00086 0.00034 ( 1)
  34 L   0.98906 0.01088 0.00004 0.00002 ( 1)
  35 T   0.28807 0.63282 0.05654 0.02257 ( 2)
  36 R   0.34900 0.60122 0.03558 0.01420 ( 2)
  37 E   0.87446 0.12065 0.00349 0.00139 ( 1)
  38 V   0.83960 0.15682 0.00256 0.00102 ( 1)
  39 Y   0.47216 0.49905 0.02057 0.00821 ( 2)
  40 T   0.75328 0.23044 0.01164 0.00465 ( 1)
  41 D   0.92511 0.07362 0.00091 0.00036 ( 1)
  42 P   0.98791 0.01198 0.00008 0.00003 ( 1)
  43 I   0.04793 0.77188 0.12879 0.05140 ( 2)
  44 G   0.37471 0.55881 0.04752 0.01896 ( 2)
  45 A   0.11341 0.67332 0.15244 0.06083 ( 2)
  46 I   0.92110 0.07784 0.00075 0.00030 ( 1)
  47 G   0.07650 0.79158 0.09429 0.03763 ( 2)
  48 A   0.74824 0.24274 0.00644 0.00257 ( 1)
  49 Q   0.98250 0.01718 0.00023 0.00009 ( 1)
  50 G   0.97768 0.02182 0.00036 0.00014 ( 1)
  51 -   0.72581 0.25301 0.01514 0.00604 ( 1)
  52 -   0.81413 0.17949 0.00456 0.00182 ( 1)
  53 S   0.97184 0.02749 0.00048 0.00019 ( 1)
  54 W   0.95686 0.04292 0.00016 0.00006 ( 1)
  55 Y   0.97853 0.02098 0.00034 0.00014 ( 1)
  56 D   0.96871 0.03073 0.00040 0.00016 ( 1)
  57 S   0.09196 0.84350 0.04613 0.01841 ( 2)
  58 A   0.96331 0.03572 0.00069 0.00028 ( 1)
  59 P   0.98256 0.01706 0.00027 0.00011 ( 1)
  60 S   0.97184 0.02749 0.00048 0.00019 ( 1)
  61 F   0.97538 0.02414 0.00034 0.00014 ( 1)
  62 N   0.70305 0.28571 0.00804 0.00321 ( 1)
  63 T   0.83020 0.16520 0.00329 0.00131 ( 1)
  64 L   0.67134 0.31641 0.00875 0.00349 ( 1)
  65 E   0.97772 0.02177 0.00036 0.00015 ( 1)
  66 S   0.98512 0.01459 0.00021 0.00008 ( 1)
  67 T   0.63842 0.33687 0.01766 0.00705 ( 1)
  68 F   0.62617 0.35049 0.01669 0.00666 ( 1)
  69 I   0.81358 0.18006 0.00455 0.00182 ( 1)
  70 R   0.94304 0.05465 0.00166 0.00066 ( 1)
  71 G   0.20541 0.76931 0.01807 0.00721 ( 2)
  72 K   0.00834 0.85007 0.10120 0.04039 ( 2)
  73 H   0.98404 0.01577 0.00014 0.00005 ( 1)
  74 L   0.97671 0.02315 0.00011 0.00004 ( 1)
  75 F   0.99514 0.00484 0.00002 0.00001 ( 1)
  76 D   0.99444 0.00552 0.00003 0.00001 ( 1)
  77 F   0.92563 0.07378 0.00042 0.00017 ( 1)
  78 I   0.85654 0.14237 0.00078 0.00031 ( 1)
  79 T   0.98566 0.01418 0.00011 0.00004 ( 1)
  80 R   0.19731 0.74809 0.03903 0.01557 ( 2)
  81 L   0.89291 0.10608 0.00072 0.00029 ( 1)
  82 S   0.89489 0.10387 0.00089 0.00035 ( 1)
  83 I   0.74136 0.25051 0.00581 0.00232 ( 1)
  84 Y   0.99304 0.00692 0.00003 0.00001 ( 1)
  85 T   0.79604 0.19959 0.00312 0.00125 ( 1)
  86 G   0.89650 0.10236 0.00081 0.00033 ( 1)
  87 R   0.93204 0.06752 0.00032 0.00013 ( 1)
  88 S   0.99412 0.00586 0.00002 0.00001 ( 1)
  89 S   0.98967 0.01025 0.00006 0.00002 ( 1)
  90 F   0.24222 0.74607 0.00837 0.00334 ( 2)
  91 S   0.84594 0.15295 0.00079 0.00032 ( 1)
  92 A   0.83869 0.15893 0.00170 0.00068 ( 1)
  93 S   0.93659 0.06219 0.00088 0.00035 ( 1)
  94 N   0.95833 0.04153 0.00010 0.00004 ( 1)
  95 Y   0.99036 0.00959 0.00003 0.00001 ( 1)
  96 L   0.96490 0.03490 0.00014 0.00006 ( 1)
  97 K   0.94126 0.05849 0.00018 0.00007 ( 1)
  98 K   0.39341 0.60207 0.00323 0.00129 ( 2)
  99 W   0.97218 0.02778 0.00003 0.00001 ( 1)
 100 I   0.92543 0.07388 0.00049 0.00020 ( 1)
 101 G   0.96670 0.03314 0.00011 0.00004 ( 1)
 102 H   0.99620 0.00379 0.00001 0.00000 ( 1)
 103 Q   0.94560 0.05409 0.00022 0.00009 ( 1)
 104 I   0.91503 0.08434 0.00045 0.00018 ( 1)
 105 S   0.02303 0.93558 0.02958 0.01181 ( 2)
 106 -   0.69016 0.27543 0.02459 0.00981 ( 1)
 107 -   0.69016 0.27543 0.02459 0.00981 ( 1)
 108 -   0.69016 0.27543 0.02459 0.00981 ( 1)
 109 -   0.69016 0.27543 0.02459 0.00981 ( 1)
 110 S   0.05127 0.85961 0.06370 0.02542 ( 2)
 111 Q   0.32526 0.63571 0.02789 0.01113 ( 2)
 112 P   0.04279 0.88530 0.05140 0.02051 ( 2)
 113 I   0.75113 0.23492 0.00997 0.00398 ( 1)
 114 G   0.00003 0.22460 0.55420 0.22117 ( 3)
 115 G   0.56934 0.42390 0.00484 0.00193 ( 1)
 116 S   0.00801 0.88726 0.07485 0.02987 ( 2)
 117 I   0.92605 0.07277 0.00085 0.00034 ( 1)
 118 Q   0.20432 0.69879 0.06926 0.02764 ( 2)
 119 -   0.93102 0.06843 0.00039 0.00016 ( 1)
 120 T   0.10323 0.86062 0.02584 0.01031 ( 2)
 121 Q   0.00217 0.70684 0.20799 0.08300 ( 2)
 122 T   0.00107 0.63787 0.25807 0.10299 ( 2)
 123 Y   0.98949 0.01044 0.00005 0.00002 ( 1)
 124 G   0.34350 0.61062 0.03279 0.01309 ( 2)
 125 T   0.38645 0.59261 0.01497 0.00597 ( 2)
 126 T   0.35583 0.60474 0.02818 0.01125 ( 2)
 127 S   0.10092 0.77260 0.09040 0.03608 ( 2)
 128 G   0.10343 0.85954 0.02647 0.01056 ( 2)
 129 S   0.00082 0.55155 0.31995 0.12768 ( 2)
 130 S   0.70021 0.26961 0.02157 0.00861 ( 1)
 131 V   0.70107 0.26909 0.02133 0.00851 ( 1)
 132 I   0.09527 0.85374 0.03644 0.01454 ( 2)
 133 A   0.01707 0.94380 0.02797 0.01116 ( 2)
 134 T   0.97942 0.02034 0.00017 0.00007 ( 1)
 135 Q   0.03076 0.93968 0.02113 0.00843 ( 2)
 136 Q   0.03937 0.90888 0.03699 0.01476 ( 2)
 137 I   0.59578 0.34516 0.04221 0.01685 ( 1)
 138 G   0.13381 0.81200 0.03873 0.01546 ( 2)
 139 F   0.98250 0.01715 0.00025 0.00010 ( 1)
 140 T   0.61890 0.35729 0.01701 0.00679 ( 1)
 141 G   0.98953 0.01038 0.00007 0.00003 ( 1)
 142 F   0.99514 0.00484 0.00002 0.00001 ( 1)
 143 D   0.98297 0.01696 0.00005 0.00002 ( 1)
 144 V   0.99016 0.00977 0.00005 0.00002 ( 1)
 145 Y   0.99304 0.00692 0.00003 0.00001 ( 1)
 146 K   0.90899 0.09055 0.00033 0.00013 ( 1)
 147 T   0.00261 0.36962 0.44871 0.17907 ( 3)
 148 L   0.65083 0.33994 0.00660 0.00263 ( 1)
 149 S   0.95754 0.04176 0.00049 0.00020 ( 1)
 150 T   0.19043 0.78619 0.01671 0.00667 ( 2)
 151 A   0.98498 0.01485 0.00012 0.00005 ( 1)
 152 G   0.99025 0.00970 0.00004 0.00001 ( 1)
 153 V   0.98614 0.01373 0.00010 0.00004 ( 1)
 154 L   0.97142 0.02842 0.00012 0.00005 ( 1)
 155 F   0.91875 0.07946 0.00128 0.00051 ( 1)
 156 A   0.98987 0.01006 0.00005 0.00002 ( 1)
 157 Y   0.37201 0.61678 0.00802 0.00320 ( 2)
 158 T   0.98566 0.01418 0.00011 0.00004 ( 1)
 159 S   0.86013 0.13844 0.00102 0.00041 ( 1)
 160 K   0.94126 0.05849 0.00018 0.00007 ( 1)
 161 Y   0.96728 0.03209 0.00045 0.00018 ( 1)
 162 Y   0.95889 0.04091 0.00014 0.00006 ( 1)
 163 G   0.98209 0.01781 0.00007 0.00003 ( 1)
 164 V   0.15574 0.74457 0.07125 0.02844 ( 2)
 165 S   0.93821 0.06155 0.00017 0.00007 ( 1)
 166 K   0.09092 0.81354 0.06829 0.02725 ( 2)
 167 V   0.99016 0.00977 0.00005 0.00002 ( 1)
 168 V   0.00124 0.73389 0.18931 0.07555 ( 2)
 169 F   0.99514 0.00484 0.00002 0.00001 ( 1)
 170 D   0.11439 0.82886 0.04056 0.01619 ( 2)
 171 A   0.42509 0.57081 0.00293 0.00117 ( 2)
 172 I   0.91503 0.08434 0.00045 0.00018 ( 1)
 173 Y   0.02566 0.78720 0.13376 0.05338 ( 2)
 174 P   0.95139 0.04845 0.00012 0.00005 ( 1)
 175 D   0.08982 0.78804 0.08730 0.03484 ( 2)
 176 N   0.52672 0.46867 0.00329 0.00131 ( 1)
 177 K   0.24088 0.74525 0.00991 0.00396 ( 2)
 178 Y   0.71269 0.28523 0.00149 0.00059 ( 1)
 179 K   0.85681 0.14200 0.00085 0.00034 ( 1)
 180 T   0.32598 0.64963 0.01743 0.00696 ( 2)
 181 T   0.47775 0.51872 0.00252 0.00101 ( 2)
 182 F   0.55350 0.40721 0.02808 0.01121 ( 1)
 183 -   0.11307 0.77719 0.07843 0.03130 ( 2)
 184 -   0.92376 0.07551 0.00052 0.00021 ( 1)
 185 T   0.04615 0.71502 0.17071 0.06813 ( 2)
 186 Y   0.95889 0.04091 0.00014 0.00006 ( 1)
 187 N   0.08783 0.78491 0.09096 0.03630 ( 2)
 188 P   0.05345 0.90922 0.02668 0.01065 ( 2)
 189 G   0.03647 0.86299 0.07186 0.02868 ( 2)
 190 S   0.93700 0.06264 0.00026 0.00010 ( 1)
 191 E   0.77898 0.21418 0.00489 0.00195 ( 1)
 192 G   0.97159 0.02789 0.00037 0.00015 ( 1)
 193 I   0.99160 0.00834 0.00004 0.00002 ( 1)
 194 A   0.88326 0.11458 0.00155 0.00062 ( 1)
 195 A   0.42340 0.55768 0.01352 0.00540 ( 2)
 196 Q   0.99261 0.00737 0.00002 0.00001 ( 1)
 197 E   0.76307 0.23290 0.00288 0.00115 ( 1)
 198 K   0.98692 0.01303 0.00004 0.00001 ( 1)
 199 D   0.92394 0.07434 0.00123 0.00049 ( 1)
 200 S   0.97812 0.02172 0.00011 0.00004 ( 1)
 201 E   0.35667 0.63963 0.00265 0.00106 ( 2)
 202 V   0.95583 0.04385 0.00023 0.00009 ( 1)
 203 E   0.99262 0.00734 0.00003 0.00001 ( 1)
 204 L   0.97974 0.02015 0.00008 0.00003 ( 1)
 205 P   0.99155 0.00840 0.00003 0.00001 ( 1)
 206 P   0.69815 0.29968 0.00155 0.00062 ( 1)
 207 E   0.92002 0.07961 0.00026 0.00010 ( 1)
 208 T   0.79481 0.19788 0.00522 0.00209 ( 1)
 209 L   0.69669 0.27169 0.02260 0.00902 ( 1)
 210 D   0.42672 0.53691 0.02599 0.01037 ( 2)
 211 Q   0.23039 0.74892 0.01479 0.00590 ( 2)
 212 P   0.28031 0.61285 0.07637 0.03048 ( 2)
 213 N   0.18744 0.77811 0.02462 0.00982 ( 2)
 214 Y   0.99304 0.00692 0.00003 0.00001 ( 1)
 215 E   0.02257 0.87775 0.07125 0.02843 ( 2)
 216 A   0.89664 0.10242 0.00067 0.00027 ( 1)
 217 Y   0.99304 0.00692 0.00003 0.00001 ( 1)
 218 S   0.99412 0.00586 0.00002 0.00001 ( 1)
 219 H   0.99620 0.00379 0.00001 0.00000 ( 1)
 220 R   0.99272 0.00725 0.00002 0.00001 ( 1)
 221 L   0.97564 0.02428 0.00006 0.00002 ( 1)
 222 N   0.99431 0.00566 0.00003 0.00001 ( 1)
 223 Y   0.96717 0.03273 0.00008 0.00003 ( 1)
 224 V   0.94944 0.05020 0.00025 0.00010 ( 1)
 225 T   0.82928 0.16904 0.00119 0.00048 ( 1)
 226 F   0.65560 0.34304 0.00098 0.00039 ( 1)
 227 -   0.93426 0.06512 0.00044 0.00018 ( 1)
 228 -   0.89881 0.10037 0.00058 0.00023 ( 1)
 229 -   0.89819 0.10112 0.00050 0.00020 ( 1)
 230 -   0.93473 0.06460 0.00048 0.00019 ( 1)
 231 I   0.91306 0.08605 0.00064 0.00026 ( 1)
 232 R   0.96498 0.03460 0.00030 0.00012 ( 1)
 233 N   0.86492 0.13362 0.00104 0.00042 ( 1)
 234 P   0.61063 0.37562 0.00983 0.00392 ( 1)
 235 D   0.97184 0.02796 0.00014 0.00006 ( 1)
 236 V   0.98644 0.01347 0.00007 0.00003 ( 1)
 237 P   0.99155 0.00840 0.00003 0.00001 ( 1)
 238 V   0.98644 0.01347 0.00007 0.00003 ( 1)
 239 F   0.99514 0.00484 0.00002 0.00001 ( 1)
 240 S   0.99058 0.00936 0.00004 0.00002 ( 1)
 241 W   0.97218 0.02778 0.00003 0.00001 ( 1)
 242 T   0.45350 0.49547 0.03647 0.01456 ( 2)
 243 H   0.99620 0.00379 0.00001 0.00000 ( 1)
 244 R   0.92319 0.07653 0.00020 0.00008 ( 1)
 245 S   0.99605 0.00394 0.00001 0.00000 ( 1)


lnL = -2167.540879

