Supplemental results for CODEML (seqf: algn  treef: tree)


dN/dS (w) for site classes (K=4)

site class             0        1       2a       2b
proportion       0.39091  0.56196  0.01933  0.02779
background w     0.08232  1.25327  0.08232  1.25327
foreground w     0.08232  1.25327 999.00000 999.00000

Naive Empirical Bayes (NEB) probabilities for 4 classes
(amino acids refer to 1st sequence: BT_Cry24Ca1)

   1 P   0.00227 0.62829 0.00071 0.36873 ( 2)
   2 T   0.00006 0.06023 0.87974 0.05997 ( 3)
   3 Q   0.21511 0.75100 0.00764 0.02625 ( 2)
   4 I   0.00934 0.04072 0.93279 0.01715 ( 3)
   5 E   0.07129 0.91906 0.00062 0.00903 ( 2)
   6 L   0.96866 0.01677 0.01432 0.00026 ( 1)
   7 S   0.97128 0.02074 0.00779 0.00019 ( 1)
   8 R   0.98647 0.00430 0.00918 0.00004 ( 1)
   9 Q   0.15561 0.83409 0.00148 0.00882 ( 2)
  10 I   0.98621 0.00699 0.00674 0.00006 ( 1)
  11 Y   0.98762 0.00451 0.00783 0.00004 ( 1)
  12 T   0.98104 0.00837 0.01048 0.00010 ( 1)
  13 D   0.99267 0.00141 0.00591 0.00001 ( 1)
  14 P   0.98514 0.00281 0.01201 0.00004 ( 1)
  15 V   0.96044 0.02904 0.01018 0.00034 ( 1)
  16 G   0.98831 0.00198 0.00968 0.00003 ( 1)
  17 A   0.00000 0.97601 0.00000 0.02399 ( 2)
  18 T   0.87396 0.11827 0.00668 0.00110 ( 1)
  19 F   0.00000 0.98840 0.00000 0.01160 ( 2)
  20 S   0.00001 0.98992 0.00000 0.01007 ( 2)
  21 -   0.06305 0.88983 0.00312 0.04401 ( 2)
  22 D   0.00251 0.97269 0.00006 0.02474 ( 2)
  23 F   0.01668 0.97328 0.00016 0.00987 ( 2)
  24 S   0.01539 0.96700 0.00027 0.01735 ( 2)
  25 N   0.08773 0.88889 0.00207 0.02131 ( 2)
  26 W   0.00003 0.90313 0.00021 0.09663 ( 2)
  27 T   0.13257 0.83496 0.00441 0.02806 ( 2)
  28 L   0.00046 0.99100 0.00000 0.00854 ( 2)
  29 T   0.01219 0.96379 0.00030 0.02372 ( 2)
  30 N   0.04199 0.94883 0.00034 0.00885 ( 2)
  31 R   0.03423 0.95917 0.00019 0.00641 ( 2)
  32 T   0.80461 0.18737 0.00640 0.00162 ( 1)
  33 L   0.05980 0.93095 0.00050 0.00875 ( 2)
  34 A   0.12313 0.86880 0.00081 0.00726 ( 2)
  35 -   0.43520 0.54739 0.00764 0.00977 ( 2)
  36 -   0.04699 0.81757 0.05643 0.07900 ( 2)
  37 N   0.00690 0.90047 0.00583 0.08681 ( 2)
  38 F   0.99254 0.00099 0.00647 0.00001 ( 1)
  39 N   0.93628 0.05752 0.00573 0.00047 ( 1)
  40 D   0.07822 0.90866 0.00102 0.01210 ( 2)
  41 L   0.92292 0.06249 0.01364 0.00095 ( 1)
  42 E   0.98940 0.00198 0.00860 0.00002 ( 1)
  43 R   0.25807 0.73007 0.00294 0.00892 ( 2)
  44 E   0.52635 0.45786 0.00837 0.00742 ( 1)
  45 V   0.01368 0.70014 0.20382 0.08235 ( 2)
  46 T   0.05243 0.86668 0.00540 0.07548 ( 2)
  47 D   0.05160 0.93847 0.00050 0.00942 ( 2)
  48 A   0.00296 0.91390 0.00047 0.08267 ( 2)
  49 P   0.97043 0.00336 0.02612 0.00009 ( 1)
  50 S   0.95126 0.04062 0.00774 0.00038 ( 1)
  51 L   0.85897 0.01399 0.12284 0.00419 ( 1)
  52 L   0.08974 0.90111 0.00073 0.00842 ( 2)
  53 K   0.45823 0.53310 0.00356 0.00511 ( 2)
  54 W   0.97297 0.00324 0.02371 0.00008 ( 1)
  55 L   0.88591 0.09263 0.01942 0.00204 ( 1)
  56 N   0.00354 0.98872 0.00002 0.00772 ( 2)
  57 S   0.00002 0.99071 0.00000 0.00927 ( 2)
  58 I   0.00713 0.96044 0.00026 0.03218 ( 2)
  59 E   0.00007 0.99220 0.00000 0.00773 ( 2)
  60 V   0.73383 0.25671 0.00677 0.00269 ( 1)
  61 Y   0.99042 0.00172 0.00785 0.00002 ( 1)
  62 T   0.86008 0.12303 0.01471 0.00219 ( 1)
  63 G   0.02784 0.95455 0.00048 0.01713 ( 2)
  64 A   0.00013 0.98667 0.00000 0.01320 ( 2)
  65 I   0.01409 0.97643 0.00012 0.00937 ( 2)
  66 D   0.00060 0.96654 0.00002 0.03283 ( 2)
  67 S   0.00340 0.97898 0.00006 0.01756 ( 2)
  68 H   0.00004 0.88340 0.00037 0.11619 ( 2)
  69 R   0.00271 0.98734 0.00002 0.00992 ( 2)
  70 P   0.00003 0.95284 0.00000 0.04713 ( 2)
  71 T   0.00032 0.95255 0.00002 0.04711 ( 2)
  72 S   0.00047 0.95241 0.00002 0.04710 ( 2)
  73 P   0.70773 0.24515 0.03500 0.01212 ( 1)
  74 -   0.39091 0.56196 0.01933 0.02779 ( 2)
  75 G   0.73518 0.21769 0.03636 0.01077 ( 1)
  76 E   0.01464 0.93823 0.00072 0.04640 ( 2)
  77 R   0.12165 0.83122 0.00602 0.04111 ( 2)
  78 I   0.80724 0.14563 0.03992 0.00720 ( 1)
  79 G   0.27638 0.67649 0.01367 0.03346 ( 2)
  80 V   0.54681 0.42936 0.01329 0.01054 ( 1)
  81 W   0.97297 0.00324 0.02371 0.00008 ( 1)
  82 Y   0.50460 0.48684 0.00418 0.00438 ( 1)
  83 G   0.96408 0.00413 0.03166 0.00014 ( 1)
  84 N   0.11768 0.86401 0.00218 0.01613 ( 2)
  85 R   0.00007 0.96888 0.00000 0.03105 ( 2)
  86 N   0.03616 0.95575 0.00022 0.00787 ( 2)
  87 T   0.00016 0.97639 0.00000 0.02344 ( 2)
  88 Y   0.00053 0.98946 0.00001 0.01000 ( 2)
  89 I   0.00001 0.98513 0.00000 0.01486 ( 2)
  90 N   0.00001 0.97657 0.00000 0.02342 ( 2)
  91 P   0.25729 0.73453 0.00184 0.00634 ( 2)
  92 D   0.04010 0.95207 0.00028 0.00755 ( 2)
  93 T   0.00092 0.96716 0.00003 0.03189 ( 2)
  94 N   0.00072 0.95215 0.00004 0.04709 ( 2)
  95 E   0.00169 0.95118 0.00008 0.04704 ( 2)
  96 -   0.46512 0.48775 0.02300 0.02412 ( 2)
  97 V   0.00276 0.81916 0.06166 0.11642 ( 2)
  98 S   0.00026 0.97621 0.00001 0.02352 ( 2)
  99 Y   0.00103 0.83501 0.01086 0.15309 ( 2)
 100 R   0.03952 0.95063 0.00037 0.00948 ( 2)
 101 F   0.00000 0.98676 0.00000 0.01324 ( 2)
 102 T   0.00044 0.99174 0.00000 0.00782 ( 2)
 103 G   0.96242 0.02538 0.01188 0.00033 ( 1)
 104 E   0.00042 0.99005 0.00000 0.00953 ( 2)
 105 L   0.00001 0.98787 0.00000 0.01212 ( 2)
 106 A   0.04661 0.24145 0.68442 0.02753 ( 3)
 107 Y   0.03198 0.96007 0.00024 0.00771 ( 2)
 108 E   0.59202 0.39930 0.00481 0.00387 ( 1)
 109 N   0.00252 0.98886 0.00002 0.00860 ( 2)
 110 P   0.00289 0.97400 0.00007 0.02304 ( 2)
 111 Y   0.01369 0.93918 0.00068 0.04645 ( 2)
 112 T   0.66887 0.28401 0.03308 0.01405 ( 1)
 113 F   0.11077 0.84210 0.00548 0.04165 ( 2)
 114 I   0.15737 0.81105 0.00511 0.02647 ( 2)
 115 G   0.00011 0.99137 0.00000 0.00852 ( 2)
 116 S   0.01536 0.77927 0.13743 0.06793 ( 2)
 117 F   0.05333 0.93514 0.00058 0.01095 ( 2)
 118 F   0.00022 0.99178 0.00000 0.00800 ( 2)
 119 D   0.42487 0.56773 0.00271 0.00469 ( 2)
 120 N   0.68196 0.30963 0.00543 0.00299 ( 1)
 121 D   0.99267 0.00141 0.00591 0.00001 ( 1)
 122 I   0.98191 0.01129 0.00670 0.00010 ( 1)
 123 Y   0.89452 0.09863 0.00609 0.00077 ( 1)
 124 K   0.95355 0.03807 0.00801 0.00037 ( 1)
 125 V   0.00211 0.92289 0.00020 0.07480 ( 2)
 126 A   0.00993 0.98028 0.00009 0.00970 ( 2)
 127 L   0.61436 0.36832 0.01076 0.00655 ( 1)
 128 R   0.02658 0.96375 0.00022 0.00945 ( 2)
 129 A   0.96715 0.02537 0.00725 0.00023 ( 1)
 130 A   0.75165 0.24107 0.00536 0.00192 ( 1)
 131 A   0.00002 0.99132 0.00000 0.00867 ( 2)
 132 -   0.41866 0.55575 0.01097 0.01463 ( 2)
 133 -   0.48359 0.50982 0.00298 0.00360 ( 2)
 134 -   0.48611 0.50672 0.00320 0.00397 ( 2)
 135 -   0.03659 0.72499 0.09637 0.14205 ( 2)
 136 V   0.69419 0.29833 0.00492 0.00255 ( 1)
 137 S   0.00752 0.98463 0.00005 0.00780 ( 2)
 138 T   0.00267 0.98787 0.00002 0.00945 ( 2)
 139 T   0.21579 0.77521 0.00165 0.00735 ( 2)
 140 F   0.00000 0.99171 0.00000 0.00829 ( 2)
 141 G   0.00002 0.99123 0.00000 0.00875 ( 2)
 142 S   0.00420 0.97387 0.00005 0.02188 ( 2)
 143 N   0.00000 0.97353 0.00000 0.02647 ( 2)
 144 D   0.34297 0.64833 0.00290 0.00579 ( 2)
 145 S   0.00001 0.98994 0.00000 0.01004 ( 2)
 146 T   0.35588 0.61575 0.01031 0.01806 ( 2)
 147 F   0.97569 0.01620 0.00796 0.00015 ( 1)
 148 G   0.98347 0.00434 0.01214 0.00006 ( 1)
 149 V   0.96576 0.02715 0.00685 0.00023 ( 1)
 150 S   0.58008 0.41228 0.00412 0.00352 ( 1)
 151 S   0.00013 0.85276 0.00024 0.14687 ( 2)
 152 S   0.98143 0.01061 0.00787 0.00010 ( 1)
 153 Q   0.00009 0.98502 0.00000 0.01489 ( 2)
 154 F   0.98810 0.00542 0.00644 0.00004 ( 1)
 155 F   0.97698 0.01653 0.00637 0.00013 ( 1)
 156 N   0.00129 0.98871 0.00001 0.00999 ( 2)
 157 R   0.05435 0.93366 0.00060 0.01139 ( 2)
 158 R   0.00764 0.97391 0.00014 0.01830 ( 2)
 159 G   0.90418 0.08333 0.01139 0.00110 ( 1)
 160 I   0.00020 0.99035 0.00000 0.00945 ( 2)
 161 H   0.37147 0.61954 0.00296 0.00603 ( 2)
 162 Q   0.00003 0.97357 0.00000 0.02640 ( 2)
 163 L   0.25850 0.72936 0.00300 0.00914 ( 2)
 164 Y   0.26812 0.72311 0.00212 0.00665 ( 2)
 165 E   0.00077 0.98696 0.00001 0.01226 ( 2)
 166 S   0.00381 0.96306 0.00014 0.03300 ( 2)
 167 S   0.00184 0.98871 0.00002 0.00943 ( 2)
 168 -   0.47377 0.47910 0.02343 0.02370 ( 2)
 169 -   0.49310 0.45977 0.02439 0.02274 ( 1)
 170 -   0.46710 0.48578 0.02310 0.02403 ( 2)
 171 -   0.41515 0.53772 0.02053 0.02659 ( 2)
 172 -   0.05649 0.89638 0.00279 0.04433 ( 2)
 173 -   0.49310 0.45977 0.02439 0.02274 ( 1)
 174 -   0.06237 0.85791 0.01695 0.06277 ( 2)
 175 -   0.87872 0.11423 0.00613 0.00092 ( 1)
 176 -   0.39091 0.56196 0.01933 0.02779 ( 2)
 177 -   0.46535 0.48753 0.02302 0.02411 ( 2)
 178 -   0.40421 0.54867 0.01999 0.02714 ( 2)
 179 -   0.48182 0.47105 0.02383 0.02330 ( 1)
 180 -   0.00309 0.94979 0.00015 0.04697 ( 2)
 181 -   0.46710 0.48578 0.02310 0.02403 ( 2)
 182 -   0.42508 0.52780 0.02102 0.02610 ( 2)
 183 Q   0.00002 0.98220 0.00000 0.01777 ( 2)
 184 P   0.01194 0.97800 0.00012 0.00994 ( 2)
 185 I   0.00002 0.54814 0.00291 0.44892 ( 2)
 186 P   0.00405 0.98650 0.00003 0.00942 ( 2)
 187 S   0.00623 0.98051 0.00008 0.01317 ( 2)
 188 W   0.00003 0.98770 0.00000 0.01227 ( 2)
 189 P   0.44704 0.51733 0.01627 0.01936 ( 2)
 190 I   0.93188 0.05949 0.00804 0.00059 ( 1)
 191 T   0.12760 0.86386 0.00099 0.00755 ( 2)
 192 L   0.00002 0.29735 0.40070 0.30193 ( 3)
 193 A   0.15485 0.83639 0.00116 0.00760 ( 2)
 194 F   0.22326 0.76169 0.00333 0.01171 ( 2)
 195 P   0.98536 0.00265 0.01196 0.00003 ( 1)
 196 G   0.90860 0.06683 0.02288 0.00169 ( 1)
 197 E   0.02737 0.16895 0.78016 0.02351 ( 3)
 198 E   0.67848 0.24872 0.05674 0.01606 ( 1)
 199 S   0.94216 0.04122 0.01590 0.00072 ( 1)
 200 S   0.00167 0.98829 0.00002 0.01003 ( 2)
 201 E   0.00574 0.81816 0.00166 0.17444 ( 2)
 202 G   0.37140 0.61601 0.00463 0.00796 ( 2)
 203 N   0.93359 0.05841 0.00743 0.00056 ( 1)
 204 A   0.36920 0.61942 0.00397 0.00741 ( 2)
 205 N   0.97346 0.02042 0.00596 0.00017 ( 1)
 206 D   0.98933 0.00474 0.00589 0.00004 ( 1)
 207 Y   0.99018 0.00195 0.00785 0.00002 ( 1)
 208 S   0.97517 0.01687 0.00780 0.00016 ( 1)
 209 H   0.99330 0.00062 0.00608 0.00000 ( 1)
 210 R   0.03412 0.90045 0.00222 0.06320 ( 2)
 211 L   0.97503 0.01037 0.01444 0.00016 ( 1)
 212 C   0.86130 0.13029 0.00718 0.00123 ( 1)
 213 D   0.87311 0.12076 0.00520 0.00094 ( 1)
 214 V   0.98201 0.00750 0.01041 0.00009 ( 1)
 215 K   0.23595 0.75385 0.00224 0.00797 ( 2)
 216 N   0.97346 0.02042 0.00596 0.00017 ( 1)
 217 I   0.72240 0.26264 0.01088 0.00407 ( 1)
 218 T   0.96492 0.02447 0.01031 0.00030 ( 1)
 219 G   0.90859 0.07917 0.01121 0.00102 ( 1)
 220 G   0.96440 0.02339 0.01190 0.00030 ( 1)
 221 L   0.95465 0.03719 0.00784 0.00032 ( 1)
 222 R   0.74632 0.24561 0.00596 0.00211 ( 1)
 223 Q   0.95051 0.03685 0.01216 0.00048 ( 1)
 224 T   0.07162 0.91197 0.00067 0.01573 ( 2)
 225 P   0.00388 0.96418 0.00013 0.03181 ( 2)
 226 A   0.05781 0.93535 0.00035 0.00649 ( 2)
 227 R   0.07920 0.90235 0.00148 0.01697 ( 2)
 228 G   0.42874 0.56490 0.00251 0.00386 ( 2)
 229 -   0.46145 0.52742 0.00492 0.00620 ( 2)
 230 R   0.66606 0.29883 0.02423 0.01088 ( 1)
 231 S   0.74753 0.22040 0.02475 0.00732 ( 1)
 232 S   0.75433 0.21360 0.02498 0.00709 ( 1)
 233 L   0.93696 0.04846 0.01384 0.00074 ( 1)
 234 L   0.44239 0.54638 0.00483 0.00639 ( 2)
 235 S   0.18785 0.80038 0.00208 0.00969 ( 2)
 236 H   0.95805 0.03584 0.00586 0.00025 ( 1)
 237 A   0.54164 0.42607 0.01797 0.01433 ( 1)
 238 W   0.97297 0.00324 0.02371 0.00008 ( 1)
 239 T   0.96525 0.00948 0.02502 0.00026 ( 1)
 240 H   0.99330 0.00062 0.00608 0.00000 ( 1)
 241 S   0.00000 0.91141 0.00002 0.08857 ( 2)
 242 -   0.85412 0.09876 0.04224 0.00488 ( 1)


lnL = -3657.314850

