Supplemental results for CODEML (seqf: algn  treef: tree)


dN/dS (w) for site classes (K=4)

site class             0        1       2a       2b
proportion       0.78332  0.20967  0.00553  0.00148
background w     0.10860  1.00000  0.10860  1.00000
foreground w     0.10860  1.00000  4.66332  4.66332

Naive Empirical Bayes (NEB) probabilities for 4 classes
(amino acids refer to 1st sequence: BT_Cry8Ba1)

   1 P   0.98467 0.00832 0.00695 0.00006 ( 1)
   2 F   0.98668 0.00631 0.00696 0.00004 ( 1)
   3 V   0.95153 0.04678 0.00157 0.00013 ( 1)
   4 G   0.98139 0.01665 0.00191 0.00004 ( 1)
   5 P   0.69923 0.29718 0.00241 0.00118 ( 1)
   6 I   0.99295 0.00567 0.00137 0.00001 ( 1)
   7 V   0.87010 0.12701 0.00246 0.00044 ( 1)
   8 S   0.98622 0.01040 0.00334 0.00004 ( 1)
   9 L   0.93277 0.06518 0.00188 0.00018 ( 1)
  10 Y   0.99087 0.00756 0.00156 0.00002 ( 1)
  11 T   0.95300 0.04585 0.00107 0.00008 ( 1)
  12 Q   0.00073 0.99169 0.00003 0.00754 ( 2)
  13 L   0.91392 0.08452 0.00138 0.00018 ( 1)
  14 I   0.94418 0.05443 0.00127 0.00012 ( 1)
  15 D   0.97675 0.02219 0.00102 0.00004 ( 1)
  16 I   0.08767 0.90960 0.00017 0.00256 ( 2)
  17 L   0.96167 0.03531 0.00290 0.00013 ( 1)
  18 W   0.95257 0.04384 0.00342 0.00018 ( 1)
  19 P   0.99187 0.00669 0.00142 0.00001 ( 1)
  20 S   0.18077 0.81632 0.00048 0.00243 ( 2)
  21 K   0.08909 0.90894 0.00011 0.00185 ( 2)
  22 Q   0.02876 0.96424 0.00020 0.00680 ( 2)
  23 K   0.44287 0.55457 0.00098 0.00159 ( 2)
  24 S   0.99573 0.00316 0.00111 0.00001 ( 1)
  25 Q   0.54337 0.45472 0.00087 0.00104 ( 1)
  26 W   0.95257 0.04384 0.00342 0.00018 ( 1)
  27 E   0.99402 0.00472 0.00124 0.00001 ( 1)
  28 I   0.97093 0.02770 0.00130 0.00006 ( 1)
  29 F   0.95231 0.04650 0.00110 0.00009 ( 1)
  30 M   0.99647 0.00248 0.00105 0.00000 ( 1)
  31 E   0.97519 0.02354 0.00122 0.00005 ( 1)
  32 Q   0.99083 0.00756 0.00159 0.00002 ( 1)
  33 V   0.99192 0.00673 0.00133 0.00002 ( 1)
  34 E   0.99402 0.00472 0.00124 0.00001 ( 1)
  35 E   0.63542 0.36273 0.00102 0.00084 ( 1)
  36 L   0.95249 0.04485 0.00251 0.00015 ( 1)
  37 I   0.99246 0.00619 0.00133 0.00001 ( 1)
  38 N   0.98031 0.01866 0.00100 0.00003 ( 1)
  39 Q   0.92745 0.07055 0.00179 0.00021 ( 1)
  40 K   0.99427 0.00452 0.00121 0.00001 ( 1)
  41 I   0.99488 0.00400 0.00111 0.00001 ( 1)
  42 A   0.96586 0.03296 0.00112 0.00006 ( 1)
  43 E   0.97304 0.02569 0.00122 0.00006 ( 1)
  44 Y   0.82383 0.17168 0.00365 0.00084 ( 1)
  45 A   0.96402 0.03480 0.00112 0.00007 ( 1)
  46 R   0.97746 0.01995 0.00252 0.00006 ( 1)
  47 N   0.13888 0.46195 0.38227 0.01690 ( 2)
  48 K   0.91632 0.08142 0.00202 0.00023 ( 1)
  49 A   0.98646 0.01232 0.00119 0.00002 ( 1)
  50 L   0.92247 0.07560 0.00170 0.00023 ( 1)
  51 S   0.87766 0.12099 0.00106 0.00029 ( 1)
  52 E   0.97177 0.02695 0.00122 0.00006 ( 1)
  53 L   0.97928 0.01867 0.00200 0.00005 ( 1)
  54 E   0.95009 0.04839 0.00140 0.00012 ( 1)
  55 G   0.97928 0.01780 0.00286 0.00006 ( 1)
  56 L   0.98162 0.01632 0.00201 0.00005 ( 1)
  57 G   0.98270 0.01537 0.00188 0.00004 ( 1)
  58 N   0.98031 0.01866 0.00100 0.00003 ( 1)
  59 N   0.49543 0.50178 0.00123 0.00156 ( 2)
  60 Y   0.26133 0.73560 0.00066 0.00241 ( 2)
  61 Q   0.12946 0.86711 0.00045 0.00298 ( 2)
  62 L   0.45662 0.53904 0.00209 0.00225 ( 2)
  63 Y   0.99087 0.00756 0.00156 0.00002 ( 1)
  64 L   0.81132 0.18635 0.00177 0.00055 ( 1)
  65 T   0.93484 0.06395 0.00109 0.00012 ( 1)
  66 A   0.90262 0.09613 0.00107 0.00018 ( 1)
  67 L   0.99099 0.00750 0.00149 0.00002 ( 1)
  68 E   0.96902 0.02970 0.00122 0.00007 ( 1)
  69 E   0.83760 0.16098 0.00106 0.00036 ( 1)
  70 W   0.95257 0.04384 0.00342 0.00018 ( 1)
  71 K   0.04125 0.95510 0.00013 0.00352 ( 2)
  72 E   0.93992 0.05783 0.00202 0.00022 ( 1)
  73 N   0.99589 0.00309 0.00101 0.00001 ( 1)
  74 P   0.89108 0.10742 0.00128 0.00022 ( 1)
  75 N   0.89760 0.09906 0.00296 0.00037 ( 1)
  76 G   0.54220 0.45605 0.00085 0.00090 ( 1)
  77 S   0.91881 0.07994 0.00108 0.00018 ( 1)
  78 R   0.99433 0.00446 0.00121 0.00001 ( 1)
  79 A   0.60904 0.38567 0.00325 0.00203 ( 1)
  80 L   0.52952 0.46809 0.00108 0.00131 ( 1)
  81 R   0.84141 0.15619 0.00191 0.00049 ( 1)
  82 D   0.96100 0.03793 0.00100 0.00007 ( 1)
  83 V   0.98857 0.00988 0.00152 0.00002 ( 1)
  84 R   0.02525 0.96832 0.00019 0.00624 ( 2)
  85 N   0.94433 0.05461 0.00096 0.00010 ( 1)
  86 R   0.87982 0.11766 0.00216 0.00036 ( 1)
  87 F   0.95687 0.04194 0.00111 0.00008 ( 1)
  88 E   0.81039 0.18818 0.00102 0.00041 ( 1)
  89 I   0.42319 0.57283 0.00154 0.00243 ( 2)
  90 L   0.96806 0.03039 0.00149 0.00007 ( 1)
  91 D   0.97461 0.02433 0.00101 0.00004 ( 1)
  92 S   0.51154 0.48544 0.00134 0.00167 ( 1)
  93 L   0.28003 0.71739 0.00057 0.00201 ( 2)
  94 F   0.99505 0.00379 0.00115 0.00001 ( 1)
  95 T   0.46255 0.53504 0.00092 0.00150 ( 2)
  96 Q   0.34715 0.65080 0.00056 0.00149 ( 2)
  97 Y   0.60169 0.39644 0.00095 0.00092 ( 1)
  98 M   0.96356 0.03537 0.00101 0.00006 ( 1)
  99 P   0.99082 0.00743 0.00173 0.00002 ( 1)
 100 S   0.99030 0.00810 0.00158 0.00002 ( 1)
 101 F   0.99505 0.00379 0.00115 0.00001 ( 1)
 102 R   0.25881 0.73698 0.00100 0.00321 ( 2)
 103 V   0.94104 0.05754 0.00129 0.00013 ( 1)
 104 T   0.54576 0.45096 0.00161 0.00167 ( 1)
 105 N   0.52524 0.47289 0.00073 0.00114 ( 1)
 106 F   0.13667 0.86095 0.00022 0.00216 ( 2)
 107 E   0.99402 0.00472 0.00124 0.00001 ( 1)
 108 V   0.99205 0.00660 0.00133 0.00002 ( 1)
 109 P   0.99284 0.00572 0.00142 0.00001 ( 1)
 110 F   0.80129 0.19640 0.00169 0.00063 ( 1)
 111 L   0.97635 0.02214 0.00147 0.00005 ( 1)
 112 T   0.53962 0.41460 0.04128 0.00450 ( 1)
 113 V   0.99192 0.00673 0.00133 0.00002 ( 1)
 114 Y   0.99087 0.00756 0.00156 0.00002 ( 1)
 115 T   0.89637 0.10070 0.00257 0.00035 ( 1)
 116 M   0.26739 0.73017 0.00045 0.00199 ( 2)
 117 A   0.99434 0.00450 0.00115 0.00001 ( 1)
 118 A   0.98656 0.01200 0.00141 0.00003 ( 1)
 119 N   0.98300 0.01451 0.00245 0.00004 ( 1)
 120 L   0.97599 0.02249 0.00147 0.00005 ( 1)
 121 H   0.99521 0.00365 0.00113 0.00001 ( 1)
 122 L   0.98049 0.01746 0.00199 0.00005 ( 1)
 123 L   0.95786 0.03760 0.00434 0.00020 ( 1)
 124 L   0.98236 0.01560 0.00200 0.00004 ( 1)
 125 L   0.98236 0.01560 0.00200 0.00004 ( 1)
 126 R   0.23155 0.76565 0.00054 0.00226 ( 2)
 127 D   0.98548 0.01214 0.00234 0.00004 ( 1)
 128 A   0.99131 0.00728 0.00140 0.00002 ( 1)
 129 S   0.98016 0.01768 0.00211 0.00005 ( 1)
 130 I   0.93298 0.06513 0.00167 0.00022 ( 1)
 131 F   0.99505 0.00379 0.00115 0.00001 ( 1)
 132 G   0.99361 0.00513 0.00125 0.00001 ( 1)
 133 E   0.95658 0.04213 0.00120 0.00009 ( 1)
 134 E   0.99373 0.00502 0.00124 0.00001 ( 1)
 135 W   0.95257 0.04384 0.00342 0.00018 ( 1)
 136 G   0.99164 0.00625 0.00209 0.00002 ( 1)
 137 L   0.05174 0.93797 0.00275 0.00754 ( 2)
 138 S   0.47608 0.51481 0.00689 0.00222 ( 2)
 139 T   0.10429 0.88990 0.00039 0.00542 ( 2)
 140 S   0.03207 0.94867 0.00466 0.01460 ( 2)
 141 T   0.02988 0.96426 0.00030 0.00557 ( 2)
 142 I   0.92726 0.07053 0.00194 0.00027 ( 1)
 143 N   0.60045 0.39823 0.00061 0.00072 ( 1)
 144 N   0.17367 0.81792 0.00457 0.00384 ( 2)
 145 Y   0.92274 0.07562 0.00146 0.00018 ( 1)
 146 Y   0.99087 0.00756 0.00156 0.00002 ( 1)
 147 N   0.61980 0.35754 0.02097 0.00169 ( 1)
 148 R   0.98870 0.00946 0.00182 0.00002 ( 1)
 149 Q   0.98789 0.01050 0.00159 0.00002 ( 1)
 150 M   0.95401 0.04492 0.00100 0.00007 ( 1)
 151 K   0.13401 0.86398 0.00021 0.00180 ( 2)
 152 L   0.79527 0.20267 0.00133 0.00072 ( 1)
 153 T   0.79831 0.11831 0.08168 0.00170 ( 1)
 154 A   0.98914 0.00882 0.00202 0.00003 ( 1)
 155 E   0.61717 0.33749 0.04175 0.00359 ( 1)
 156 Y   0.98696 0.01146 0.00155 0.00003 ( 1)
 157 S   0.98645 0.01195 0.00157 0.00003 ( 1)
 158 D   0.99471 0.00423 0.00105 0.00001 ( 1)
 159 H   0.85928 0.13807 0.00218 0.00047 ( 1)
 160 C   0.99224 0.00624 0.00150 0.00001 ( 1)
 161 V   0.98998 0.00847 0.00152 0.00002 ( 1)
 162 K   0.85096 0.08656 0.06157 0.00091 ( 1)
 163 W   0.95257 0.04384 0.00342 0.00018 ( 1)
 164 Y   0.99087 0.00756 0.00156 0.00002 ( 1)
 165 E   0.02009 0.95566 0.00791 0.01635 ( 2)
 166 T   0.99227 0.00631 0.00141 0.00001 ( 1)
 167 G   0.98577 0.01173 0.00246 0.00004 ( 1)
 168 L   0.98236 0.01560 0.00200 0.00004 ( 1)
 169 A   0.85148 0.14725 0.00093 0.00034 ( 1)
 170 K   0.33908 0.62064 0.03308 0.00720 ( 2)
 171 L   0.98236 0.01560 0.00200 0.00004 ( 1)
 172 K   0.99427 0.00452 0.00121 0.00001 ( 1)
 173 G   0.98481 0.01387 0.00129 0.00003 ( 1)
 174 S   0.18500 0.81090 0.00068 0.00342 ( 2)
 175 S   0.90632 0.09241 0.00104 0.00022 ( 1)
 176 A   0.99230 0.00629 0.00139 0.00001 ( 1)
 177 K   0.78498 0.21362 0.00095 0.00045 ( 1)
 178 Q   0.28071 0.71720 0.00045 0.00164 ( 2)
 179 W   0.95257 0.04384 0.00342 0.00018 ( 1)
 180 I   0.43481 0.56311 0.00067 0.00141 ( 2)
 181 D   0.12157 0.87520 0.00024 0.00300 ( 2)
 182 Y   0.99087 0.00756 0.00156 0.00002 ( 1)
 183 N   0.28625 0.71085 0.00071 0.00219 ( 2)
 184 Q   0.06593 0.92947 0.00027 0.00433 ( 2)
 185 F   0.97298 0.02418 0.00276 0.00008 ( 1)
 186 R   0.98335 0.01417 0.00243 0.00005 ( 1)
 187 R   0.99433 0.00446 0.00121 0.00001 ( 1)
 188 E   0.99402 0.00472 0.00124 0.00001 ( 1)
 189 M   0.99647 0.00248 0.00105 0.00000 ( 1)
 190 T   0.99441 0.00443 0.00115 0.00001 ( 1)
 191 L   0.95415 0.04068 0.00491 0.00026 ( 1)
 192 T   0.00360 0.97749 0.00057 0.01834 ( 2)
 193 V   0.97670 0.02048 0.00275 0.00007 ( 1)
 194 L   0.98236 0.01560 0.00200 0.00004 ( 1)
 195 D   0.99552 0.00343 0.00104 0.00001 ( 1)
 196 V   0.45403 0.51756 0.02443 0.00398 ( 2)
 197 V   0.81024 0.12318 0.06532 0.00126 ( 1)
 198 A   0.89938 0.05512 0.04507 0.00042 ( 1)
 199 L   0.98236 0.01560 0.00200 0.00004 ( 1)
 200 F   0.99426 0.00457 0.00116 0.00001 ( 1)
 201 S   0.49302 0.50119 0.00280 0.00300 ( 2)
 202 N   0.00402 0.91746 0.01771 0.06081 ( 2)


lnL = -2082.577872

Bayes Empirical Bayes (BEB) probabilities for 4 classes (class)
(amino acids refer to 1st sequence: BT_Cry8Ba1)

   1 P   0.95340 0.00669 0.03962 0.00028 ( 1)
   2 F   0.95476 0.00533 0.03968 0.00023 ( 1)
   3 V   0.95623 0.02937 0.01372 0.00068 ( 1)
   4 G   0.97066 0.01322 0.01581 0.00030 ( 1)
   5 P   0.79527 0.18099 0.01866 0.00508 ( 1)
   6 I   0.98225 0.00506 0.01259 0.00010 ( 1)
   7 V   0.90227 0.07714 0.01858 0.00201 ( 1)
   8 S   0.96876 0.00841 0.02259 0.00023 ( 1)
   9 L   0.94326 0.04017 0.01565 0.00092 ( 1)
  10 Y   0.97973 0.00631 0.01383 0.00013 ( 1)
  11 T   0.95921 0.02890 0.01133 0.00055 ( 1)
  12 Q   0.00486 0.95255 0.00083 0.04177 ( 2)
  13 L   0.93465 0.05131 0.01298 0.00105 ( 1)
  14 I   0.95341 0.03383 0.01207 0.00069 ( 1)
  15 D   0.97483 0.01448 0.01041 0.00027 ( 1)
  16 I   0.24556 0.73412 0.00379 0.01654 ( 2)
  17 L   0.95186 0.02689 0.02053 0.00072 ( 1)
  18 W   0.94400 0.03216 0.02292 0.00092 ( 1)
  19 P   0.98099 0.00555 0.01335 0.00011 ( 1)
  20 S   0.35560 0.62292 0.00683 0.01465 ( 2)
  21 K   0.24384 0.73906 0.00294 0.01415 ( 2)
  22 Q   0.09448 0.86561 0.00385 0.03606 ( 2)
  23 K   0.64760 0.33344 0.01123 0.00773 ( 1)
  24 S   0.98560 0.00273 0.01162 0.00005 ( 1)
  25 Q   0.72775 0.25652 0.01039 0.00534 ( 1)
  26 W   0.94400 0.03216 0.02292 0.00092 ( 1)
  27 E   0.98409 0.00422 0.01160 0.00009 ( 1)
  28 I   0.96957 0.01780 0.01227 0.00036 ( 1)
  29 F   0.95905 0.02920 0.01118 0.00056 ( 1)
  30 M   0.98652 0.00217 0.01127 0.00004 ( 1)
  31 E   0.97265 0.01555 0.01148 0.00032 ( 1)
  32 Q   0.97946 0.00623 0.01418 0.00013 ( 1)
  33 V   0.98199 0.00576 0.01213 0.00012 ( 1)
  34 E   0.98409 0.00422 0.01160 0.00009 ( 1)
  35 E   0.78426 0.20066 0.01089 0.00419 ( 1)
  36 L   0.94686 0.03363 0.01865 0.00086 ( 1)
  37 I   0.98209 0.00537 0.01243 0.00011 ( 1)
  38 N   0.97692 0.01244 0.01041 0.00023 ( 1)
  39 Q   0.94037 0.04331 0.01528 0.00104 ( 1)
  40 K   0.98440 0.00403 0.01149 0.00008 ( 1)
  41 I   0.98550 0.00367 0.01076 0.00007 ( 1)
  42 A   0.96708 0.02119 0.01132 0.00041 ( 1)
  43 E   0.97127 0.01694 0.01145 0.00034 ( 1)
  44 Y   0.86971 0.10242 0.02457 0.00329 ( 1)
  45 A   0.96589 0.02238 0.01131 0.00043 ( 1)
  46 R   0.96552 0.01529 0.01881 0.00038 ( 1)
  47 N   0.12879 0.14452 0.70610 0.02059 ( 3)
  48 K   0.93237 0.05007 0.01638 0.00118 ( 1)
  49 A   0.97813 0.00993 0.01175 0.00019 ( 1)
  50 L   0.93744 0.04668 0.01473 0.00115 ( 1)
  51 S   0.91116 0.07627 0.01095 0.00163 ( 1)
  52 E   0.97072 0.01747 0.01145 0.00036 ( 1)
  53 L   0.96868 0.01486 0.01612 0.00035 ( 1)
  54 E   0.95653 0.03035 0.01246 0.00066 ( 1)
  55 G   0.96521 0.01403 0.02039 0.00037 ( 1)
  56 L   0.97050 0.01306 0.01614 0.00030 ( 1)
  57 G   0.97177 0.01228 0.01567 0.00028 ( 1)
  58 N   0.97692 0.01244 0.01041 0.00023 ( 1)
  59 N   0.68823 0.29178 0.01293 0.00706 ( 1)
  60 Y   0.46503 0.51351 0.00873 0.01272 ( 2)
  61 Q   0.32458 0.65122 0.00759 0.01661 ( 2)
  62 L   0.65115 0.32080 0.01871 0.00934 ( 1)
  63 Y   0.97973 0.00631 0.01383 0.00013 ( 1)
  64 L   0.86896 0.11336 0.01496 0.00272 ( 1)
  65 T   0.94832 0.03972 0.01120 0.00076 ( 1)
  66 A   0.92919 0.05871 0.01097 0.00113 ( 1)
  67 L   0.98000 0.00623 0.01364 0.00013 ( 1)
  68 E   0.96901 0.01916 0.01144 0.00039 ( 1)
  69 E   0.90453 0.08306 0.01071 0.00170 ( 1)
  70 W   0.94400 0.03216 0.02292 0.00092 ( 1)
  71 K   0.13129 0.84397 0.00278 0.02196 ( 2)
  72 E   0.94468 0.03769 0.01657 0.00106 ( 1)
  73 N   0.98663 0.00281 0.01051 0.00005 ( 1)
  74 P   0.92151 0.06470 0.01249 0.00130 ( 1)
  75 N   0.91795 0.05967 0.02075 0.00163 ( 1)
  76 G   0.73037 0.25454 0.01014 0.00495 ( 1)
  77 S   0.93712 0.05067 0.01117 0.00104 ( 1)
  78 R   0.98402 0.00383 0.01208 0.00007 ( 1)
  79 A   0.72666 0.24168 0.02351 0.00815 ( 1)
  80 L   0.69885 0.28320 0.01143 0.00651 ( 1)
  81 R   0.88721 0.09453 0.01594 0.00232 ( 1)
  82 D   0.96494 0.02431 0.01029 0.00046 ( 1)
  83 V   0.97819 0.00822 0.01341 0.00018 ( 1)
  84 R   0.08505 0.87808 0.00356 0.03330 ( 2)
  85 N   0.95548 0.03372 0.01017 0.00062 ( 1)
  86 R   0.91099 0.07016 0.01714 0.00171 ( 1)
  87 F   0.96190 0.02637 0.01122 0.00050 ( 1)
  88 E   0.89056 0.09701 0.01046 0.00197 ( 1)
  89 I   0.62554 0.34917 0.01515 0.01014 ( 1)
  90 L   0.96224 0.02372 0.01355 0.00049 ( 1)
  91 D   0.97347 0.01584 0.01039 0.00030 ( 1)
  92 S   0.70338 0.27594 0.01354 0.00713 ( 1)
  93 L   0.49873 0.48221 0.00808 0.01097 ( 1)
  94 F   0.98508 0.00335 0.01150 0.00006 ( 1)
  95 T   0.66317 0.31875 0.01069 0.00738 ( 1)
  96 Q   0.57004 0.41336 0.00807 0.00853 ( 1)
  97 Y   0.76704 0.21770 0.01070 0.00456 ( 1)
  98 M   0.96641 0.02216 0.01103 0.00040 ( 1)
  99 P   0.97873 0.00611 0.01502 0.00013 ( 1)
 100 S   0.97907 0.00666 0.01413 0.00014 ( 1)
 101 F   0.98508 0.00335 0.01150 0.00006 ( 1)
 102 R   0.46365 0.50980 0.01162 0.01493 ( 2)
 103 V   0.95064 0.03667 0.01192 0.00077 ( 1)
 104 T   0.72175 0.25559 0.01561 0.00706 ( 1)
 105 N   0.70701 0.27771 0.00935 0.00593 ( 1)
 106 F   0.33834 0.64328 0.00471 0.01368 ( 2)
 107 E   0.98409 0.00422 0.01160 0.00009 ( 1)
 108 V   0.98196 0.00579 0.01212 0.00012 ( 1)
 109 P   0.98178 0.00478 0.01335 0.00010 ( 1)
 110 F   0.86245 0.11993 0.01464 0.00298 ( 1)
 111 L   0.96846 0.01770 0.01348 0.00036 ( 1)
 112 T   0.61213 0.20185 0.17441 0.01161 ( 1)
 113 V   0.98199 0.00576 0.01213 0.00012 ( 1)
 114 Y   0.97973 0.00631 0.01383 0.00013 ( 1)
 115 T   0.91699 0.06224 0.01914 0.00163 ( 1)
 116 M   0.47502 0.50671 0.00687 0.01141 ( 2)
 117 A   0.98445 0.00395 0.01153 0.00008 ( 1)
 118 A   0.97694 0.00973 0.01314 0.00020 ( 1)
 119 N   0.96947 0.01176 0.01849 0.00029 ( 1)
 120 L   0.96818 0.01796 0.01349 0.00037 ( 1)
 121 H   0.98518 0.00319 0.01157 0.00006 ( 1)
 122 L   0.96984 0.01377 0.01607 0.00032 ( 1)
 123 L   0.94322 0.02824 0.02757 0.00097 ( 1)
 124 L   0.97113 0.01249 0.01609 0.00029 ( 1)
 125 L   0.97113 0.01249 0.01609 0.00029 ( 1)
 126 R   0.42861 0.55098 0.00759 0.01282 ( 2)
 127 D   0.97180 0.01002 0.01794 0.00024 ( 1)
 128 A   0.98069 0.00612 0.01307 0.00012 ( 1)
 129 S   0.96904 0.01378 0.01685 0.00034 ( 1)
 130 I   0.94279 0.04173 0.01438 0.00109 ( 1)
 131 F   0.98508 0.00335 0.01150 0.00006 ( 1)
 132 G   0.98325 0.00439 0.01227 0.00009 ( 1)
 133 E   0.96138 0.02676 0.01132 0.00054 ( 1)
 134 E   0.98393 0.00437 0.01161 0.00009 ( 1)
 135 W   0.94400 0.03216 0.02292 0.00092 ( 1)
 136 G   0.97783 0.00529 0.01676 0.00013 ( 1)
 137 L   0.15264 0.78299 0.02953 0.03483 ( 2)
 138 S   0.65134 0.29722 0.04226 0.00918 ( 1)
 139 T   0.27092 0.69646 0.00676 0.02586 ( 2)
 140 S   0.09609 0.79235 0.04950 0.06206 ( 2)
 141 T   0.09817 0.86618 0.00448 0.03117 ( 2)
 142 I   0.93764 0.04506 0.01604 0.00126 ( 1)
 143 N   0.77031 0.21757 0.00811 0.00401 ( 1)
 144 N   0.34989 0.59851 0.03314 0.01846 ( 2)
 145 Y   0.93908 0.04667 0.01326 0.00099 ( 1)
 146 Y   0.97973 0.00631 0.01383 0.00013 ( 1)
 147 N   0.70850 0.18463 0.10103 0.00584 ( 1)
 148 R   0.97682 0.00756 0.01546 0.00016 ( 1)
 149 Q   0.97725 0.00843 0.01415 0.00018 ( 1)
 150 M   0.96084 0.02769 0.01096 0.00050 ( 1)
 151 K   0.32885 0.65391 0.00446 0.01277 ( 2)
 152 L   0.85804 0.12592 0.01267 0.00336 ( 1)
 153 T   0.68096 0.05844 0.25634 0.00425 ( 1)
 154 A   0.97626 0.00723 0.01634 0.00017 ( 1)
 155 E   0.65875 0.15957 0.17246 0.00922 ( 1)
 156 Y   0.97682 0.00920 0.01379 0.00019 ( 1)
 157 S   0.97617 0.00954 0.01409 0.00020 ( 1)
 158 D   0.98550 0.00381 0.01062 0.00007 ( 1)
 159 H   0.89775 0.08313 0.01695 0.00216 ( 1)
 160 C   0.98093 0.00516 0.01380 0.00011 ( 1)
 161 V   0.97925 0.00730 0.01329 0.00016 ( 1)
 162 K   0.74365 0.04568 0.20808 0.00260 ( 1)
 163 W   0.94400 0.03216 0.02292 0.00092 ( 1)
 164 Y   0.97973 0.00631 0.01383 0.00013 ( 1)
 165 E   0.07397 0.78281 0.07755 0.06566 ( 2)
 166 T   0.98140 0.00530 0.01319 0.00011 ( 1)
 167 G   0.97164 0.00935 0.01876 0.00025 ( 1)
 168 L   0.97113 0.01249 0.01609 0.00029 ( 1)
 169 A   0.89590 0.09227 0.00989 0.00194 ( 1)
 170 K   0.46519 0.35324 0.16057 0.02100 ( 1)
 171 L   0.97113 0.01249 0.01609 0.00029 ( 1)
 172 K   0.98440 0.00403 0.01149 0.00008 ( 1)
 173 G   0.97612 0.01124 0.01242 0.00022 ( 1)
 174 S   0.36703 0.60674 0.00889 0.01735 ( 2)
 175 S   0.92951 0.05847 0.01077 0.00125 ( 1)
 176 A   0.98153 0.00532 0.01304 0.00011 ( 1)
 177 K   0.87797 0.10964 0.01020 0.00218 ( 1)
 178 Q   0.51626 0.46685 0.00730 0.00960 ( 1)
 179 W   0.94400 0.03216 0.02292 0.00092 ( 1)
 180 I   0.64126 0.34267 0.00868 0.00739 ( 1)
 181 D   0.30397 0.67442 0.00460 0.01701 ( 2)
 182 Y   0.97973 0.00631 0.01383 0.00013 ( 1)
 183 N   0.49698 0.48224 0.00926 0.01152 ( 1)
 184 Q   0.16965 0.80145 0.00449 0.02440 ( 2)
 185 F   0.96125 0.01836 0.01992 0.00047 ( 1)
 186 R   0.96998 0.01113 0.01861 0.00028 ( 1)
 187 R   0.98402 0.00383 0.01208 0.00007 ( 1)
 188 E   0.98409 0.00422 0.01160 0.00009 ( 1)
 189 M   0.98652 0.00217 0.01127 0.00004 ( 1)
 190 T   0.98445 0.00386 0.01162 0.00007 ( 1)
 191 L   0.93742 0.03062 0.03071 0.00125 ( 1)
 192 T   0.01662 0.89212 0.00920 0.08206 ( 2)
 193 V   0.96324 0.01645 0.01988 0.00043 ( 1)
 194 L   0.97113 0.01249 0.01609 0.00029 ( 1)
 195 D   0.98626 0.00312 0.01055 0.00006 ( 1)
 196 V   0.58498 0.27738 0.12537 0.01227 ( 1)
 197 V   0.71703 0.06543 0.21400 0.00354 ( 1)
 198 A   0.80286 0.03030 0.16550 0.00135 ( 1)
 199 L   0.97113 0.01249 0.01609 0.00029 ( 1)
 200 F   0.98437 0.00400 0.01155 0.00008 ( 1)
 201 S   0.67482 0.29068 0.02379 0.01071 ( 1)
 202 N   0.01426 0.65997 0.14040 0.18537 ( 2)

