Supplemental results for CODEML (seqf: algn  treef: tree)


dN/dS (w) for site classes (K=4)

site class             0        1       2a       2b
proportion       0.32259  0.45593  0.09177  0.12970
background w     0.14704  1.00000  0.14704  1.00000
foreground w     0.14704  1.00000  1.00000  1.00000

Naive Empirical Bayes (NEB) probabilities for 4 classes
(amino acids refer to 1st sequence: BT_Cry1Be1)

   1 -   0.72855 0.04997 0.20726 0.01422 ( 1)
   2 S   0.01027 0.76901 0.00195 0.21877 ( 2)
   3 D   0.87704 0.00000 0.12296 0.00000 ( 1)
   4 S   0.02614 0.75504 0.00402 0.21480 ( 2)
   5 I   0.87418 0.00000 0.12582 0.00000 ( 1)
   6 T   0.83108 0.01014 0.15590 0.00288 ( 1)
   7 Q   0.83798 0.00000 0.16201 0.00000 ( 1)
   8 I   0.87376 0.00000 0.12624 0.00000 ( 1)
   9 P   0.83224 0.00005 0.16770 0.00001 ( 1)
  10 L   0.85258 0.00064 0.14660 0.00018 ( 1)
  11 V   0.84807 0.00007 0.15183 0.00002 ( 1)
  12 K   0.86661 0.00000 0.13339 0.00000 ( 1)
  13 S   0.86764 0.00027 0.13201 0.00008 ( 1)
  14 F   0.02301 0.75782 0.00359 0.21558 ( 2)
  15 N   0.00000 0.77852 0.00000 0.22148 ( 2)
  16 L   0.77232 0.07636 0.12960 0.02172 ( 1)
  17 N   0.02446 0.75406 0.00696 0.21452 ( 2)
  18 S   0.32339 0.45513 0.09200 0.12948 ( 2)
  19 -   0.32259 0.45593 0.09177 0.12970 ( 2)
  20 -   0.01573 0.76348 0.00360 0.21719 ( 2)
  21 -   0.00048 0.77809 0.00008 0.22135 ( 2)
  22 -   0.00000 0.77852 0.00000 0.22148 ( 2)
  23 -   0.58097 0.24249 0.10756 0.06898 ( 1)
  24 -   0.32259 0.45593 0.09177 0.12970 ( 2)
  25 -   0.32259 0.45593 0.09177 0.12970 ( 2)
  26 G   0.00058 0.77799 0.00012 0.22132 ( 2)
  27 T   0.06734 0.71685 0.01188 0.20393 ( 2)
  28 S   0.00000 0.77852 0.00000 0.22148 ( 2)
  29 V   0.80461 0.00000 0.19539 0.00000 ( 1)
  30 V   0.06735 0.66726 0.07557 0.18982 ( 2)
  31 S   0.01450 0.76552 0.00221 0.21778 ( 2)
  32 G   0.84491 0.00002 0.15507 0.00000 ( 1)
  33 P   0.05231 0.00000 0.94769 0.00000 ( 3)
  34 G   0.83503 0.00000 0.16497 0.00000 ( 1)
  35 F   0.00035 0.77820 0.00007 0.22138 ( 2)
  36 T   0.85722 0.00000 0.14278 0.00000 ( 1)
  37 G   0.84444 0.00000 0.15556 0.00000 ( 1)
  38 G   0.84417 0.00001 0.15581 0.00000 ( 1)
  39 D   0.87787 0.00000 0.12213 0.00000 ( 1)
  40 I   0.79956 0.00540 0.19349 0.00154 ( 1)
  41 I   0.85419 0.00012 0.14566 0.00003 ( 1)
  42 R   0.00011 0.77831 0.00017 0.22141 ( 2)
  43 T   0.83608 0.00040 0.16340 0.00011 ( 1)
  44 N   0.00000 0.77852 0.00000 0.22148 ( 2)
  45 V   0.08588 0.69265 0.02443 0.19704 ( 2)
  46 N   0.00000 0.77852 0.00000 0.22148 ( 2)
  47 G   0.00000 0.77852 0.00000 0.22148 ( 2)
  48 S   0.00001 0.77851 0.00000 0.22147 ( 2)
  49 V   0.30501 0.49800 0.05532 0.14167 ( 2)
  50 L   0.76497 0.06658 0.14950 0.01894 ( 1)
  51 S   0.00277 0.77602 0.00045 0.22076 ( 2)
  52 -   0.32259 0.45593 0.09177 0.12970 ( 2)
  53 M   0.79414 0.06247 0.12562 0.01777 ( 1)
  54 G   0.76823 0.07197 0.13932 0.02047 ( 1)
  55 L   0.77722 0.05518 0.15190 0.01570 ( 1)
  56 N   0.00003 0.77850 0.00000 0.22147 ( 2)
  57 F   0.00488 0.77012 0.00592 0.21908 ( 2)
  58 N   0.35756 0.42097 0.10172 0.11976 ( 2)
  59 -   0.22224 0.55628 0.06322 0.15825 ( 2)
  60 -   0.61161 0.16692 0.17399 0.04749 ( 1)
  61 -   0.08404 0.69449 0.02391 0.19757 ( 2)
  62 -   0.05502 0.72351 0.01565 0.20582 ( 2)
  63 -   0.10123 0.67729 0.02880 0.19268 ( 2)
  64 -   0.03978 0.73875 0.01132 0.21016 ( 2)
  65 N   0.00027 0.77828 0.00005 0.22141 ( 2)
  66 T   0.00000 0.77852 0.00000 0.22148 ( 2)
  67 S   0.00068 0.77709 0.00116 0.22107 ( 2)
  68 L   0.02766 0.75392 0.00394 0.21448 ( 2)
  69 Q   0.86665 0.00008 0.13325 0.00002 ( 1)
  70 R   0.87999 0.00197 0.11748 0.00056 ( 1)
  71 Y   0.79921 0.00030 0.20041 0.00008 ( 1)
  72 R   0.75419 0.09395 0.12513 0.02673 ( 1)
  73 V   0.86927 0.00005 0.13067 0.00001 ( 1)
  74 R   0.86015 0.00000 0.13985 0.00000 ( 1)
  75 V   0.75368 0.07424 0.15096 0.02112 ( 1)
  76 R   0.67473 0.11847 0.17310 0.03370 ( 1)
  77 Y   0.45545 0.00000 0.54455 0.00000 ( 3)
  78 A   0.19918 0.03684 0.75350 0.01048 ( 3)
  79 A   0.09224 0.04677 0.84769 0.01330 ( 3)
  80 S   0.00000 0.77852 0.00000 0.22148 ( 2)
  81 Q   0.00000 0.77852 0.00000 0.22148 ( 2)
  82 T   0.00000 0.77852 0.00000 0.22148 ( 2)
  83 M   0.27383 0.53178 0.04311 0.15128 ( 2)
  84 V   0.00000 0.77852 0.00000 0.22148 ( 2)
  85 L   0.00000 0.77852 0.00000 0.22148 ( 2)
  86 R   0.00000 0.77852 0.00000 0.22148 ( 2)
  87 V   0.47738 0.34412 0.08060 0.09790 ( 1)
  88 T   0.00000 0.77852 0.00000 0.22148 ( 2)
  89 V   0.09719 0.69056 0.01580 0.19645 ( 2)
  90 -   0.32259 0.45593 0.09177 0.12970 ( 2)
  91 -   0.03922 0.74062 0.00947 0.21069 ( 2)
  92 -   0.00123 0.77732 0.00031 0.22113 ( 2)
  93 -   0.00092 0.77658 0.00158 0.22092 ( 2)
  94 G   0.11343 0.67812 0.01553 0.19291 ( 2)
  95 G   0.04763 0.73524 0.00797 0.20916 ( 2)
  96 S   0.00000 0.77852 0.00000 0.22148 ( 2)
  97 T   0.00000 0.77852 0.00000 0.22148 ( 2)
  98 -   0.32259 0.45593 0.09177 0.12970 ( 2)
  99 T   0.00107 0.77758 0.00014 0.22121 ( 2)
 100 F   0.00000 0.77852 0.00000 0.22148 ( 2)
 101 D   0.00000 0.77852 0.00000 0.22148 ( 2)
 102 Q   0.00143 0.77724 0.00022 0.22111 ( 2)
 103 G   0.00000 0.77852 0.00000 0.22148 ( 2)
 104 F   0.00000 0.77852 0.00000 0.22148 ( 2)
 105 P   0.00002 0.77850 0.00002 0.22147 ( 2)
 106 S   0.00000 0.77852 0.00000 0.22148 ( 2)
 107 T   0.01845 0.76076 0.00436 0.21642 ( 2)
 108 M   0.00002 0.77839 0.00016 0.22144 ( 2)
 109 S   0.00000 0.77852 0.00000 0.22148 ( 2)
 110 A   0.00253 0.77600 0.00072 0.22076 ( 2)
 111 N   0.08359 0.69494 0.02378 0.19770 ( 2)
 112 -   0.13817 0.64036 0.03931 0.18217 ( 2)
 113 -   0.46478 0.31374 0.13222 0.08925 ( 1)
 114 -   0.43289 0.34564 0.12315 0.09833 ( 1)
 115 -   0.43289 0.34564 0.12315 0.09833 ( 1)
 116 -   0.53152 0.24701 0.15121 0.07027 ( 1)
 117 E   0.00393 0.77460 0.00112 0.22036 ( 2)
 118 S   0.02530 0.75322 0.00720 0.21428 ( 2)
 119 L   0.28034 0.49819 0.07975 0.14173 ( 2)
 120 T   0.77515 0.00338 0.22052 0.00096 ( 1)
 121 S   0.06301 0.71551 0.01793 0.20355 ( 2)
 122 Q   0.00000 0.77852 0.00000 0.22148 ( 2)
 123 S   0.00114 0.77739 0.00032 0.22115 ( 2)
 124 F   0.83078 0.00000 0.16922 0.00000 ( 1)
 125 R   0.00001 0.77851 0.00001 0.22147 ( 2)
 126 F   0.85636 0.00000 0.14363 0.00000 ( 1)
 127 A   0.08819 0.69034 0.02509 0.19639 ( 2)
 128 -   0.45541 0.32311 0.12956 0.09192 ( 1)
 129 -   0.41426 0.36426 0.11785 0.10363 ( 1)
 130 -   0.01864 0.75988 0.00530 0.21617 ( 2)
 131 -   0.45541 0.32311 0.12956 0.09192 ( 1)
 132 -   0.11184 0.66669 0.03182 0.18966 ( 2)
 133 E   0.26643 0.51209 0.07579 0.14568 ( 2)
 134 F   0.01954 0.75965 0.00471 0.21611 ( 2)
 135 P   0.00109 0.77644 0.00159 0.22088 ( 2)
 136 V   0.43549 0.37595 0.08160 0.10695 ( 1)
 137 G   0.01816 0.76112 0.00419 0.21653 ( 2)
 138 I   0.85505 0.01278 0.12853 0.00364 ( 1)
 139 S   0.81397 0.05100 0.12052 0.01451 ( 1)
 140 A   0.01537 0.76457 0.00256 0.21751 ( 2)
 141 S   0.06850 0.71717 0.01032 0.20402 ( 2)
 142 G   0.00144 0.77651 0.00115 0.22090 ( 2)
 143 S   0.00293 0.77580 0.00057 0.22070 ( 2)
 144 Q   0.00001 0.77851 0.00001 0.22147 ( 2)
 145 T   0.00021 0.77833 0.00004 0.22142 ( 2)
 146 A   0.86922 0.00009 0.13066 0.00003 ( 1)
 147 G   0.03278 0.74873 0.00549 0.21300 ( 2)
 148 I   0.43556 0.00356 0.55986 0.00101 ( 3)
 149 S   0.87048 0.00331 0.12527 0.00094 ( 1)
 150 I   0.86339 0.00002 0.13658 0.00001 ( 1)
 151 S   0.00002 0.77849 0.00002 0.22147 ( 2)
 152 N   0.88166 0.00049 0.11771 0.00014 ( 1)
 153 N   0.00027 0.77827 0.00006 0.22140 ( 2)
 154 A   0.00000 0.77852 0.00000 0.22148 ( 2)
 155 G   0.29715 0.51057 0.04704 0.14525 ( 2)
 156 R   0.03352 0.74500 0.00954 0.21194 ( 2)
 157 Q   0.00000 0.77852 0.00000 0.22148 ( 2)
 158 T   0.00000 0.77852 0.00000 0.22148 ( 2)
 159 F   0.43798 0.02946 0.52418 0.00838 ( 3)
 160 H   0.00070 0.77717 0.00104 0.22109 ( 2)
 161 F   0.44945 0.03133 0.51030 0.00891 ( 3)
 162 D   0.81982 0.00002 0.18015 0.00001 ( 1)
 163 K   0.86673 0.00001 0.13326 0.00000 ( 1)
 164 I   0.86151 0.00047 0.13789 0.00013 ( 1)
 165 E   0.49656 0.00000 0.50344 0.00000 ( 3)
 166 F   0.86340 0.00012 0.13645 0.00003 ( 1)
 167 I   0.80576 0.00543 0.18727 0.00154 ( 1)
 168 -   0.46332 0.31520 0.13181 0.08967 ( 1)


lnL = -6496.780146

