Supplemental results for CODEML (seqf: algn  treef: tree)


dN/dS (w) for site classes (K=4)

site class             0        1       2a       2b
proportion       0.00000  0.00000  0.56325  0.43675
background w     0.19458  1.28556  0.19458  1.28556
foreground w     0.19458  1.28556  0.00000  0.00000

Naive Empirical Bayes (NEB) probabilities for 4 classes
(amino acids refer to 1st sequence: BT_Cry40Aa1)

   1 S   0.00000 0.00000 0.47836 0.52164 ( 4)
   2 -   0.00000 0.00000 0.26003 0.73997 ( 4)
   3 L   0.00000 0.00000 0.05460 0.94540 ( 4)
   4 G   0.00000 0.00000 0.03024 0.96976 ( 4)
   5 G   0.00000 0.00000 0.00543 0.99457 ( 4)
   6 I   0.00000 0.00000 0.98460 0.01540 ( 3)
   7 N   0.00000 0.00000 0.03539 0.96461 ( 4)
   8 T   0.00000 0.00000 0.00246 0.99754 ( 4)
   9 L   0.00000 0.00000 0.19699 0.80301 ( 4)
  10 F   0.00000 0.00000 0.04373 0.95627 ( 4)
  11 S   0.00000 0.00000 0.00130 0.99870 ( 4)
  12 I   0.00000 0.00000 0.85338 0.14662 ( 3)
  13 I   0.00000 0.00000 0.98369 0.01631 ( 3)
  14 G   0.00000 0.00000 0.00001 0.99999 ( 4)
  15 K   0.00000 0.00000 0.45841 0.54159 ( 4)
  16 L   0.00000 0.00000 0.42306 0.57694 ( 4)
  17 I   0.00000 0.00000 0.23349 0.76651 ( 4)
  18 -   0.00000 0.00000 0.04469 0.95531 ( 4)
  19 P   0.00000 0.00000 0.81734 0.18266 ( 3)
  20 T   0.00000 0.00000 0.76716 0.23284 ( 3)
  21 N   0.00000 0.00000 0.10982 0.89018 ( 4)
  22 H   0.00000 0.00000 0.96042 0.03958 ( 3)
  23 Q   0.00000 0.00000 0.00115 0.99885 ( 4)
  24 S   0.00000 0.00000 0.69057 0.30943 ( 3)
  25 V   0.00000 0.00000 0.78413 0.21587 ( 3)
  26 S   0.00000 0.00000 0.49417 0.50583 ( 4)
  27 A   0.00000 0.00000 0.02856 0.97144 ( 4)
  28 L   0.00000 0.00000 0.99158 0.00842 ( 3)
  29 S   0.00000 0.00000 0.99938 0.00062 ( 3)
  30 I   0.00000 0.00000 0.99801 0.00199 ( 3)
  31 C   0.00000 0.00000 0.99942 0.00058 ( 3)
  32 D   0.00000 0.00000 0.99957 0.00043 ( 3)
  33 L   0.00000 0.00000 0.99663 0.00337 ( 3)
  34 L   0.00000 0.00000 0.96405 0.03595 ( 3)
  35 S   0.00000 0.00000 0.99480 0.00520 ( 3)
  36 I   0.00000 0.00000 0.99974 0.00026 ( 3)
  37 I   0.00000 0.00000 0.99978 0.00022 ( 3)
  38 R   0.00000 0.00000 0.95675 0.04325 ( 3)
  39 K   0.00000 0.00000 0.69805 0.30195 ( 3)
  40 E   0.00000 0.00000 0.60793 0.39207 ( 3)
  41 V   0.00000 0.00000 0.99587 0.00413 ( 3)
  42 A   0.00000 0.00000 0.14474 0.85526 ( 4)
  43 D   0.00000 0.00000 0.31134 0.68866 ( 4)
  44 S   0.00000 0.00000 0.99809 0.00191 ( 3)
  45 V   0.00000 0.00000 0.97611 0.02389 ( 3)
  46 L   0.00000 0.00000 0.99612 0.00388 ( 3)
  47 S   0.00000 0.00000 0.26000 0.74000 ( 4)
  48 D   0.00000 0.00000 0.22644 0.77356 ( 4)
  49 A   0.00000 0.00000 0.13396 0.86604 ( 4)
  50 I   0.00000 0.00000 0.02504 0.97496 ( 4)
  51 C   0.00000 0.00000 0.21451 0.78549 ( 4)
  52 R   0.00000 0.00000 0.98143 0.01857 ( 3)
  53 F   0.00000 0.00000 0.99988 0.00012 ( 3)
  54 L   0.00000 0.00000 0.56325 0.43675 ( 3)
  55 D   0.00000 0.00000 0.28349 0.71651 ( 4)
  56 G   0.00000 0.00000 0.99940 0.00060 ( 3)
  57 K   0.00000 0.00000 0.00995 0.99005 ( 4)
  58 L   0.00000 0.00000 0.06327 0.93673 ( 4)
  59 K   0.00000 0.00000 0.00034 0.99966 ( 4)
  60 N   0.00000 0.00000 0.02878 0.97122 ( 4)
  61 Y   0.00000 0.00000 0.98418 0.01582 ( 3)
  62 R   0.00000 0.00000 0.00012 0.99988 ( 4)
  63 E   0.00000 0.00000 0.00001 0.99999 ( 4)
  64 Y   0.00000 0.00000 0.98598 0.01402 ( 3)
  65 Y   0.00000 0.00000 0.99945 0.00055 ( 3)
  66 L   0.00000 0.00000 0.99430 0.00570 ( 3)
  67 P   0.00000 0.00000 0.00000 1.00000 ( 4)
  68 Y   0.00000 0.00000 0.78283 0.21717 ( 3)
  69 L   0.00000 0.00000 0.99537 0.00463 ( 3)
  70 E   0.00000 0.00000 0.00002 0.99998 ( 4)
  71 A   0.00000 0.00000 0.00001 0.99999 ( 4)
  72 W   0.00000 0.00000 0.96324 0.03676 ( 3)
  73 L   0.00000 0.00000 0.92141 0.07859 ( 3)
  74 K   0.00000 0.00000 0.00206 0.99794 ( 4)
  75 D   0.00000 0.00000 0.01429 0.98571 ( 4)
  76 G   0.00000 0.00000 0.00821 0.99179 ( 4)
  77 K   0.00000 0.00000 0.01491 0.98509 ( 4)
  78 P   0.00000 0.00000 0.93951 0.06049 ( 3)
  79 L   0.00000 0.00000 0.21839 0.78161 ( 4)
  80 Q   0.00000 0.00000 0.09463 0.90537 ( 4)
  81 K   0.00000 0.00000 0.05221 0.94779 ( 4)
  82 T   0.00000 0.00000 0.65343 0.34657 ( 3)
  83 N   0.00000 0.00000 0.96611 0.03389 ( 3)
  84 N   0.00000 0.00000 0.00274 0.99726 ( 4)
  85 S   0.00000 0.00000 0.00000 1.00000 ( 4)
  86 D   0.00000 0.00000 0.00001 0.99999 ( 4)
  87 I   0.00000 0.00000 0.66249 0.33751 ( 3)
  88 G   0.00000 0.00000 0.00000 1.00000 ( 4)
  89 Q   0.00000 0.00000 0.13934 0.86066 ( 4)
  90 L   0.00000 0.00000 0.37799 0.62201 ( 4)
  91 V   0.00000 0.00000 0.30657 0.69343 ( 4)
  92 K   0.00000 0.00000 0.00010 0.99990 ( 4)
  93 Y   0.00000 0.00000 0.17876 0.82124 ( 4)
  94 F   0.00000 0.00000 0.99535 0.00465 ( 3)
  95 E   0.00000 0.00000 0.09078 0.90922 ( 4)
  96 L   0.00000 0.00000 0.00000 1.00000 ( 4)
  97 S   0.00000 0.00000 0.03071 0.96929 ( 4)
  98 E   0.00000 0.00000 0.98250 0.01750 ( 3)
  99 R   0.00000 0.00000 0.00042 0.99958 ( 4)
 100 D   0.00000 0.00000 0.00427 0.99573 ( 4)
 101 F   0.00000 0.00000 0.98882 0.01118 ( 3)
 102 N   0.00000 0.00000 0.75061 0.24939 ( 3)
 103 E   0.00000 0.00000 0.00210 0.99790 ( 4)
 104 I   0.00000 0.00000 0.96969 0.03031 ( 3)
 105 L   0.00000 0.00000 0.95867 0.04133 ( 3)
 106 -   0.00000 0.00000 0.80084 0.19916 ( 3)
 107 -   0.00000 0.00000 0.27858 0.72142 ( 4)
 108 -   0.00000 0.00000 0.76139 0.23861 ( 3)
 109 -   0.00000 0.00000 0.86552 0.13448 ( 3)
 110 -   0.00000 0.00000 0.79215 0.20785 ( 3)
 111 -   0.00000 0.00000 0.76732 0.23268 ( 3)
 112 -   0.00000 0.00000 0.52077 0.47923 ( 3)
 113 G   0.00000 0.00000 0.02700 0.97300 ( 4)
 114 G   0.00000 0.00000 0.99075 0.00925 ( 3)
 115 S   0.00000 0.00000 0.74637 0.25363 ( 3)
 116 L   0.00000 0.00000 0.99630 0.00370 ( 3)
 117 A   0.00000 0.00000 0.55044 0.44956 ( 3)
 118 R   0.00000 0.00000 0.96022 0.03978 ( 3)
 119 N   0.00000 0.00000 0.00013 0.99987 ( 4)
 120 N   0.00000 0.00000 0.84251 0.15749 ( 3)
 121 A   0.00000 0.00000 0.99538 0.00462 ( 3)
 122 Q   0.00000 0.00000 0.90325 0.09675 ( 3)
 123 I   0.00000 0.00000 0.99712 0.00288 ( 3)
 124 L   0.00000 0.00000 0.99450 0.00550 ( 3)
 125 L   0.00000 0.00000 0.99599 0.00401 ( 3)
 126 L   0.00000 0.00000 0.99075 0.00925 ( 3)
 127 P   0.00000 0.00000 0.99871 0.00129 ( 3)
 128 Y   0.00000 0.00000 0.71124 0.28876 ( 3)
 129 F   0.00000 0.00000 0.90422 0.09578 ( 3)
 130 C   0.00000 0.00000 0.00103 0.99897 ( 4)
 131 A   0.00000 0.00000 0.04990 0.95010 ( 4)
 132 S   0.00000 0.00000 0.84620 0.15380 ( 3)
 133 C   0.00000 0.00000 0.96335 0.03665 ( 3)
 134 K   0.00000 0.00000 0.94250 0.05750 ( 3)
 135 C   0.00000 0.00000 0.00130 0.99870 ( 4)
 136 Q   0.00000 0.00000 0.99523 0.00477 ( 3)
 137 L   0.00000 0.00000 0.99663 0.00337 ( 3)
 138 L   0.00000 0.00000 0.98997 0.01003 ( 3)
 139 L   0.00000 0.00000 0.94659 0.05341 ( 3)
 140 L   0.00000 0.00000 0.99611 0.00389 ( 3)
 141 R   0.00000 0.00000 0.99012 0.00988 ( 3)
 142 D   0.00000 0.00000 0.99988 0.00012 ( 3)
 143 A   0.00000 0.00000 0.87391 0.12609 ( 3)
 144 V   0.00000 0.00000 0.63548 0.36452 ( 3)
 145 Q   0.00000 0.00000 0.08046 0.91954 ( 4)
 146 Y   0.00000 0.00000 0.99945 0.00055 ( 3)
 147 E   0.00000 0.00000 0.79813 0.20187 ( 3)
 148 E   0.00000 0.00000 0.00004 0.99996 ( 4)
 149 Q   0.00000 0.00000 0.00098 0.99902 ( 4)
 150 W   0.00000 0.00000 0.96324 0.03676 ( 3)
 151 F   0.00000 0.00000 0.03334 0.96666 ( 4)
 152 P   0.00000 0.00000 0.00049 0.99951 ( 4)
 153 F   0.00000 0.00000 0.00362 0.99638 ( 4)
 154 L   0.00000 0.00000 0.00051 0.99949 ( 4)
 155 S   0.00000 0.00000 0.03512 0.96488 ( 4)
 156 A   0.00000 0.00000 0.02583 0.97417 ( 4)
 157 E   0.00000 0.00000 0.28651 0.71349 ( 4)
 158 N   0.00000 0.00000 0.29792 0.70208 ( 4)
 159 V   0.00000 0.00000 0.44968 0.55032 ( 4)
 160 R   0.00000 0.00000 0.45282 0.54718 ( 4)
 161 S   0.00000 0.00000 0.85536 0.14464 ( 3)
 162 E   0.00000 0.00000 0.90506 0.09494 ( 3)
 163 L   0.00000 0.00000 0.91912 0.08088 ( 3)
 164 I   0.00000 0.00000 0.92317 0.07683 ( 3)
 165 S   0.00000 0.00000 0.96613 0.03387 ( 3)
 166 P   0.00000 0.00000 0.99773 0.00227 ( 3)
 167 N   0.00000 0.00000 0.60588 0.39412 ( 3)
 168 S   0.00000 0.00000 0.66760 0.33240 ( 3)
 169 G   0.00000 0.00000 0.65596 0.34404 ( 3)
 170 C   0.00000 0.00000 0.65281 0.34719 ( 3)
 171 D   0.00000 0.00000 0.68507 0.31493 ( 3)
 172 F   0.00000 0.00000 0.67718 0.32282 ( 3)
 173 T   0.00000 0.00000 0.02271 0.97729 ( 4)
 174 G   0.00000 0.00000 0.13214 0.86786 ( 4)
 175 D   0.00000 0.00000 0.99965 0.00035 ( 3)
 176 Y   0.00000 0.00000 0.99252 0.00748 ( 3)
 177 Y   0.00000 0.00000 0.00005 0.99995 ( 4)
 178 E   0.00000 0.00000 0.01740 0.98260 ( 4)
 179 R   0.00000 0.00000 0.28155 0.71845 ( 4)
 180 L   0.00000 0.00000 0.96817 0.03183 ( 3)
 181 K   0.00000 0.00000 0.64934 0.35066 ( 3)
 182 C   0.00000 0.00000 0.00650 0.99350 ( 4)
 183 K   0.00000 0.00000 0.03318 0.96682 ( 4)
 184 I   0.00000 0.00000 0.38586 0.61414 ( 4)
 185 A   0.00000 0.00000 0.05482 0.94518 ( 4)
 186 E   0.00000 0.00000 0.00013 0.99987 ( 4)
 187 Y   0.00000 0.00000 0.99637 0.00363 ( 3)
 188 T   0.00000 0.00000 0.12335 0.87665 ( 4)
 189 D   0.00000 0.00000 0.79657 0.20343 ( 3)
 190 Y   0.00000 0.00000 0.96984 0.03016 ( 3)
 191 C   0.00000 0.00000 0.99616 0.00384 ( 3)
 192 E   0.00000 0.00000 0.00007 0.99993 ( 4)
 193 Y   0.00000 0.00000 0.00002 0.99998 ( 4)
 194 W   0.00000 0.00000 0.96324 0.03676 ( 3)
 195 Y   0.00000 0.00000 0.99945 0.00055 ( 3)
 196 Q   0.00000 0.00000 0.37901 0.62099 ( 4)
 197 A   0.00000 0.00000 0.00026 0.99974 ( 4)
 198 G   0.00000 0.00000 0.99955 0.00045 ( 3)
 199 L   0.00000 0.00000 0.96573 0.03427 ( 3)
 200 N   0.00000 0.00000 0.99239 0.00761 ( 3)
 201 Q   0.00000 0.00000 0.94638 0.05362 ( 3)
 202 I   0.00000 0.00000 0.99184 0.00816 ( 3)
 203 K   0.00000 0.00000 0.94738 0.05262 ( 3)
 204 Q   0.00000 0.00000 0.00553 0.99447 ( 4)
 205 A   0.00000 0.00000 0.00005 0.99995 ( 4)
 206 G   0.00000 0.00000 0.99735 0.00265 ( 3)
 207 T   0.00000 0.00000 0.26567 0.73433 ( 4)
 208 G   0.00000 0.00000 0.11592 0.88408 ( 4)
 209 A   0.00000 0.00000 0.86103 0.13897 ( 3)
 210 D   0.00000 0.00000 0.00881 0.99119 ( 4)
 211 T   0.00000 0.00000 0.00196 0.99804 ( 4)
 212 W   0.00000 0.00000 0.96324 0.03676 ( 3)
 213 A   0.00000 0.00000 0.00348 0.99652 ( 4)
 214 K   0.00000 0.00000 0.99806 0.00194 ( 3)
 215 F   0.00000 0.00000 0.99988 0.00012 ( 3)
 216 N   0.00000 0.00000 0.99926 0.00074 ( 3)
 217 K   0.00000 0.00000 0.99730 0.00270 ( 3)
 218 F   0.00000 0.00000 0.99869 0.00131 ( 3)
 219 R   0.00000 0.00000 0.99765 0.00235 ( 3)
 220 R   0.00000 0.00000 0.99914 0.00086 ( 3)
 221 E   0.00000 0.00000 0.98873 0.01127 ( 3)
 222 M   0.00000 0.00000 0.99973 0.00027 ( 3)
 223 T   0.00000 0.00000 0.99391 0.00609 ( 3)
 224 L   0.00000 0.00000 0.98570 0.01430 ( 3)
 225 T   0.00000 0.00000 0.07058 0.92942 ( 4)
 226 V   0.00000 0.00000 0.99940 0.00060 ( 3)
 227 L   0.00000 0.00000 0.98796 0.01204 ( 3)
 228 D   0.00000 0.00000 0.99993 0.00007 ( 3)
 229 I   0.00000 0.00000 0.99780 0.00220 ( 3)
 230 I   0.00000 0.00000 0.97248 0.02752 ( 3)
 231 A   0.00000 0.00000 0.73008 0.26992 ( 3)
 232 I   0.00000 0.00000 0.80204 0.19796 ( 3)
 233 F   0.00000 0.00000 0.98816 0.01184 ( 3)
 234 Q   0.00000 0.00000 0.81571 0.18429 ( 3)
 235 T   0.00000 0.00000 0.45373 0.54627 ( 4)


lnL = -4718.066799

