Supplemental results for CODEML (seqf: algn  treef: tree)


dN/dS (w) for site classes (K=4)

site class             0        1       2a       2b
proportion       0.55298  0.34049  0.06593  0.04060
background w     0.11473  1.00000  0.11473  1.00000
foreground w     0.11473  1.00000  1.00000  1.00000

Naive Empirical Bayes (NEB) probabilities for 4 classes
(amino acids refer to 1st sequence: BT_Cry13Aa1)

   1 D   0.89270 0.00078 0.10644 0.00009 ( 1)
   2 Y   0.89276 0.00072 0.10644 0.00009 ( 1)
   3 S   0.00196 0.89151 0.00023 0.10629 ( 2)
   4 S   0.06175 0.83172 0.00736 0.09917 ( 2)
   5 Q   0.90745 0.00286 0.08935 0.00034 ( 1)
   6 I   0.89072 0.02051 0.08633 0.00245 ( 1)
   7 K   0.00857 0.88498 0.00093 0.10552 ( 2)
   8 L   0.32650 0.34205 0.29067 0.04078 ( 2)
   9 E   0.91654 0.00013 0.08332 0.00002 ( 1)
  10 K   0.88149 0.02834 0.08679 0.00338 ( 1)
  11 T   0.91089 0.00074 0.08828 0.00009 ( 1)
  12 R   0.90604 0.00600 0.08724 0.00072 ( 1)
  13 V   0.89892 0.00296 0.09776 0.00035 ( 1)
  14 I   0.87884 0.03769 0.07898 0.00449 ( 1)
  15 F   0.91561 0.00009 0.08429 0.00001 ( 1)
  16 S   0.90205 0.00254 0.09510 0.00030 ( 1)
  17 D   0.92380 0.00032 0.07584 0.00004 ( 1)
  18 M   0.88601 0.02183 0.08955 0.00260 ( 1)
  19 V   0.90689 0.00904 0.08300 0.00108 ( 1)
  20 G   0.89947 0.00647 0.09329 0.00077 ( 1)
  21 Q   0.90817 0.00216 0.08942 0.00026 ( 1)
  22 S   0.87510 0.04051 0.07955 0.00483 ( 1)
  23 E   0.91438 0.00223 0.08312 0.00027 ( 1)
  24 S   0.34134 0.56074 0.03106 0.06686 ( 2)
  25 R   0.05350 0.84103 0.00519 0.10028 ( 2)
  26 D   0.91920 0.00421 0.07610 0.00050 ( 1)
  27 G   0.35593 0.54380 0.03543 0.06484 ( 2)
  28 S   0.03780 0.85026 0.01056 0.10138 ( 2)
  29 V   0.89568 0.00796 0.09541 0.00095 ( 1)
  30 T   0.62263 0.02326 0.35133 0.00277 ( 1)
  31 I   0.91619 0.00174 0.08186 0.00021 ( 1)
  32 K   0.42653 0.47124 0.04605 0.05619 ( 2)
  33 N   0.92407 0.00008 0.07585 0.00001 ( 1)
  34 I   0.90458 0.01262 0.08129 0.00150 ( 1)
  35 F   0.07211 0.82311 0.00664 0.09814 ( 2)
  36 D   0.92333 0.00020 0.07644 0.00002 ( 1)
  37 N   0.04805 0.84650 0.00452 0.10093 ( 2)
  38 -   0.61874 0.27473 0.07377 0.03276 ( 1)
  39 -   0.00256 0.89092 0.00030 0.10622 ( 2)
  40 -   0.28561 0.60787 0.03405 0.07248 ( 2)
  41 -   0.12645 0.76702 0.01508 0.09145 ( 2)
  42 T   0.11769 0.77578 0.01403 0.09250 ( 2)
  43 D   0.00181 0.89087 0.00110 0.10622 ( 2)
  44 S   0.00647 0.88720 0.00056 0.10578 ( 2)
  45 H   0.91307 0.00436 0.08205 0.00052 ( 1)
  46 Q   0.89534 0.01462 0.08830 0.00174 ( 1)
  47 H   0.92004 0.00002 0.07994 0.00000 ( 1)
  48 G   0.00005 0.89343 0.00001 0.10652 ( 2)
  49 S   0.00214 0.88982 0.00194 0.10609 ( 2)
  50 I   0.91245 0.00022 0.08730 0.00003 ( 1)
  51 -   0.74313 0.16624 0.07081 0.01982 ( 1)
  52 -   0.81525 0.10528 0.06692 0.01255 ( 1)
  53 -   0.81525 0.10528 0.06692 0.01255 ( 1)
  54 G   0.91004 0.00941 0.07943 0.00112 ( 1)
  55 L   0.59313 0.31503 0.05428 0.03756 ( 1)
  56 N   0.92395 0.00019 0.07584 0.00002 ( 1)
  57 S   0.85831 0.04610 0.09009 0.00550 ( 1)
  58 I   0.90734 0.01031 0.08113 0.00123 ( 1)
  59 S   0.91314 0.00095 0.08580 0.00011 ( 1)
  60 Y   0.91747 0.00008 0.08244 0.00001 ( 1)
  61 F   0.13033 0.76627 0.01204 0.09136 ( 2)
  62 P   0.21603 0.68125 0.02149 0.08123 ( 2)
  63 D   0.86581 0.05586 0.07168 0.00666 ( 1)
  64 E   0.91643 0.00023 0.08331 0.00003 ( 1)
  65 L   0.89182 0.00940 0.09766 0.00112 ( 1)
  66 Q   0.05469 0.83980 0.00538 0.10013 ( 2)
  67 K   0.33396 0.57060 0.02741 0.06803 ( 2)
  68 A   0.13252 0.76246 0.01412 0.09091 ( 2)
  69 Q   0.91011 0.00457 0.08478 0.00054 ( 1)
  70 L   0.54862 0.35181 0.05762 0.04195 ( 1)
  71 R   0.00007 0.89341 0.00001 0.10652 ( 2)
  72 M   0.69427 0.21179 0.06868 0.02525 ( 1)
  73 Y   0.91720 0.00035 0.08241 0.00004 ( 1)
  74 D   0.89209 0.02174 0.08358 0.00259 ( 1)
  75 Y   0.48977 0.40371 0.05839 0.04813 ( 1)
  76 N   0.00009 0.89338 0.00001 0.10652 ( 2)
  77 H   0.54256 0.36529 0.04860 0.04355 ( 1)
  78 K   0.01428 0.49099 0.43618 0.05854 ( 2)
  79 P   0.00385 0.88969 0.00038 0.10608 ( 2)
  80 Y   0.01284 0.88101 0.00111 0.10504 ( 2)
  81 C   0.34452 0.55501 0.03430 0.06617 ( 2)
  82 T   0.79466 0.10689 0.08571 0.01274 ( 1)
  83 D   0.55298 0.34049 0.06593 0.04060 ( 1)
  84 C   0.55298 0.34049 0.06593 0.04060 ( 1)
  85 F   0.55298 0.34049 0.06593 0.04060 ( 1)
  86 C   0.47957 0.11948 0.38671 0.01425 ( 1)
  87 W   0.89663 0.02038 0.08057 0.00243 ( 1)
  88 P   0.70847 0.20016 0.06750 0.02386 ( 1)
  89 Y   0.91738 0.00017 0.08243 0.00002 ( 1)
  90 G   0.46805 0.43351 0.04676 0.05169 ( 1)
  91 V   0.76631 0.14576 0.07055 0.01738 ( 1)
  92 I   0.90592 0.00064 0.09337 0.00008 ( 1)
  93 L   0.00328 0.89023 0.00035 0.10614 ( 2)
  94 N   0.92318 0.00093 0.07578 0.00011 ( 1)
  95 Y   0.91747 0.00008 0.08244 0.00001 ( 1)
  96 N   0.00140 0.89210 0.00014 0.10636 ( 2)
  97 K   0.26840 0.62967 0.02685 0.07508 ( 2)
  98 N   0.01793 0.87590 0.00173 0.10443 ( 2)
  99 T   0.00091 0.89199 0.00075 0.10635 ( 2)
 100 F   0.90102 0.00274 0.09591 0.00033 ( 1)
 101 R   0.02374 0.87035 0.00213 0.10377 ( 2)
 102 Y   0.91747 0.00008 0.08244 0.00001 ( 1)
 103 G   0.91585 0.00072 0.08335 0.00009 ( 1)
 104 D   0.92348 0.00006 0.07645 0.00001 ( 1)
 105 -   0.72418 0.16930 0.08634 0.02018 ( 1)
 106 N   0.91107 0.01241 0.07504 0.00148 ( 1)
 107 D   0.00247 0.89108 0.00021 0.10624 ( 2)
 108 P   0.90721 0.00081 0.09188 0.00010 ( 1)
 109 G   0.00049 0.88989 0.00353 0.10610 ( 2)
 110 L   0.00041 0.89124 0.00209 0.10626 ( 2)
 111 -   0.55298 0.34049 0.06593 0.04060 ( 1)
 112 S   0.00008 0.89288 0.00058 0.10646 ( 2)
 113 G   0.06246 0.79916 0.04310 0.09528 ( 2)
 114 D   0.04702 0.84705 0.00493 0.10099 ( 2)
 115 V   0.00518 0.85440 0.03855 0.10187 ( 2)
 116 Q   0.02137 0.85841 0.01788 0.10235 ( 2)
 117 L   0.30478 0.37277 0.27800 0.04445 ( 2)
 118 P   0.00592 0.84817 0.04479 0.10113 ( 2)
 119 A   0.49929 0.04182 0.45390 0.00499 ( 1)
 120 P   0.90025 0.01249 0.08578 0.00149 ( 1)
 121 -   0.55298 0.34049 0.06593 0.04060 ( 1)
 122 -   0.55298 0.34049 0.06593 0.04060 ( 1)
 123 -   0.55298 0.34049 0.06593 0.04060 ( 1)
 124 M   0.81381 0.09679 0.07785 0.01154 ( 1)
 125 S   0.03491 0.85921 0.00344 0.10244 ( 2)
 126 V   0.00005 0.89342 0.00000 0.10652 ( 2)
 127 V   0.15135 0.74037 0.02000 0.08827 ( 2)
 128 N   0.92407 0.00008 0.07585 0.00001 ( 1)
 129 A   0.86104 0.04882 0.08432 0.00582 ( 1)
 130 Q   0.03445 0.85968 0.00337 0.10250 ( 2)
 131 T   0.91715 0.00039 0.08241 0.00005 ( 1)
 132 Q   0.91015 0.00021 0.08961 0.00003 ( 1)
 133 T   0.56911 0.33406 0.05700 0.03983 ( 1)
 134 A   0.08427 0.81163 0.00733 0.09677 ( 2)
 135 Q   0.20644 0.69250 0.01849 0.08257 ( 2)
 136 -   0.59544 0.29803 0.07099 0.03553 ( 1)
 137 Y   0.91712 0.00042 0.08240 0.00005 ( 1)
 138 T   0.56644 0.33389 0.05986 0.03981 ( 1)
 139 D   0.92350 0.00004 0.07645 0.00001 ( 1)
 140 G   0.70626 0.19964 0.07030 0.02380 ( 1)
 141 E   0.91639 0.00028 0.08330 0.00003 ( 1)
 142 N   0.06512 0.82864 0.00745 0.09880 ( 2)
 143 I   0.05851 0.83590 0.00593 0.09966 ( 2)
 144 W   0.00024 0.89324 0.00003 0.10650 ( 2)
 145 T   0.12504 0.76844 0.01491 0.09162 ( 2)
 146 D   0.73308 0.16039 0.08741 0.01912 ( 1)
 147 T   0.01336 0.88011 0.00159 0.10494 ( 2)
 148 -   0.02436 0.86911 0.00290 0.10362 ( 2)
 149 -   0.58327 0.31020 0.06954 0.03698 ( 1)
 150 -   0.55298 0.34049 0.06593 0.04060 ( 1)
 151 -   0.55298 0.34049 0.06593 0.04060 ( 1)
 152 -   0.55298 0.34049 0.06593 0.04060 ( 1)
 153 G   0.05579 0.83768 0.00665 0.09988 ( 2)
 154 R   0.00676 0.88694 0.00055 0.10575 ( 2)
 155 S   0.01633 0.87743 0.00163 0.10462 ( 2)
 156 W   0.00007 0.89340 0.00001 0.10652 ( 2)
 157 L   0.01161 0.88197 0.00126 0.10516 ( 2)
 158 C   0.89160 0.01884 0.08732 0.00225 ( 1)
 159 T   0.14162 0.75299 0.01561 0.08978 ( 2)
 160 L   0.89729 0.00763 0.09416 0.00091 ( 1)
 161 R   0.80509 0.10561 0.07671 0.01259 ( 1)
 162 G   0.91516 0.00139 0.08328 0.00017 ( 1)
 163 Y   0.82446 0.09065 0.07408 0.01081 ( 1)
 164 C   0.91435 0.00004 0.08561 0.00000 ( 1)
 165 T   0.91521 0.00228 0.08224 0.00027 ( 1)
 166 T   0.06677 0.82803 0.00648 0.09873 ( 2)
 167 N   0.36809 0.53181 0.03669 0.06341 ( 2)
 168 C   0.45091 0.45288 0.04222 0.05400 ( 2)
 169 F   0.53348 0.36657 0.05624 0.04371 ( 1)
 170 P   0.41459 0.18619 0.37701 0.02220 ( 1)
 171 -   0.72954 0.17847 0.07071 0.02128 ( 1)
 172 -   0.29859 0.60216 0.02746 0.07180 ( 2)
 173 -   0.24689 0.64874 0.02702 0.07735 ( 2)
 174 G   0.76652 0.14335 0.07304 0.01709 ( 1)
 175 R   0.00825 0.88542 0.00076 0.10557 ( 2)
 176 G   0.62130 0.29044 0.05363 0.03463 ( 1)
 177 C   0.14557 0.75123 0.01363 0.08957 ( 2)
 178 Y   0.03691 0.85753 0.00332 0.10224 ( 2)
 179 N   0.00090 0.89259 0.00008 0.10642 ( 2)
 180 N   0.79652 0.11657 0.07302 0.01390 ( 1)
 181 S   0.05916 0.83572 0.00548 0.09964 ( 2)
 182 T   0.25874 0.64332 0.02124 0.07670 ( 2)
 183 G   0.19494 0.55874 0.17970 0.06662 ( 2)
 184 Y   0.89482 0.02192 0.08064 0.00261 ( 1)
 185 G   0.90097 0.01635 0.08072 0.00195 ( 1)
 186 E   0.01547 0.87828 0.00154 0.10472 ( 2)
 187 S   0.90529 0.00014 0.09455 0.00002 ( 1)
 188 C   0.91264 0.00171 0.08545 0.00020 ( 1)
 189 N   0.92406 0.00009 0.07584 0.00001 ( 1)
 190 Q   0.00319 0.89035 0.00030 0.10616 ( 2)
 191 S   0.21303 0.68307 0.02247 0.08144 ( 2)
 192 L   0.90648 0.01650 0.07505 0.00197 ( 1)
 193 P   0.88897 0.02700 0.08081 0.00322 ( 1)
 194 G   0.71909 0.19823 0.05904 0.02364 ( 1)
 195 Q   0.91015 0.00021 0.08961 0.00003 ( 1)
 196 K   0.91766 0.00013 0.08219 0.00002 ( 1)
 197 I   0.91784 0.00014 0.08201 0.00002 ( 1)
 198 H   0.91922 0.00191 0.07865 0.00023 ( 1)
 199 A   0.91643 0.00008 0.08348 0.00001 ( 1)
 200 L   0.83228 0.07181 0.08734 0.00856 ( 1)
 201 Y   0.91747 0.00008 0.08244 0.00001 ( 1)
 202 P   0.73359 0.00685 0.25874 0.00082 ( 1)
 203 F   0.91509 0.00060 0.08424 0.00007 ( 1)
 204 T   0.88605 0.02508 0.08588 0.00299 ( 1)
 205 Q   0.79885 0.10945 0.07865 0.01305 ( 1)
 206 T   0.42272 0.47351 0.04732 0.05646 ( 2)
 207 -   0.88143 0.01204 0.10509 0.00144 ( 1)
 208 N   0.56088 0.35121 0.04604 0.04187 ( 1)
 209 V   0.07230 0.82252 0.00711 0.09807 ( 2)
 210 L   0.00751 0.88607 0.00077 0.10565 ( 2)
 211 G   0.90915 0.00032 0.09049 0.00004 ( 1)
 212 Q   0.07222 0.77137 0.06443 0.09197 ( 2)
 213 S   0.00042 0.89305 0.00004 0.10648 ( 2)
 214 G   0.89036 0.00869 0.09991 0.00104 ( 1)
 215 K   0.91771 0.00008 0.08220 0.00001 ( 1)
 216 L   0.87690 0.02776 0.09203 0.00331 ( 1)
 217 G   0.90902 0.00045 0.09048 0.00005 ( 1)
 218 L   0.52795 0.37473 0.05264 0.04468 ( 1)
 219 L   0.85398 0.04263 0.09831 0.00508 ( 1)
 220 A   0.83913 0.07031 0.08218 0.00838 ( 1)
 221 S   0.18142 0.71738 0.01566 0.08553 ( 2)
 222 H   0.90269 0.00870 0.08757 0.00104 ( 1)
 223 I   0.91549 0.00065 0.08378 0.00008 ( 1)
 224 P   0.89489 0.00793 0.09623 0.00095 ( 1)
 225 Y   0.83616 0.07926 0.07513 0.00945 ( 1)
 226 D   0.92251 0.00100 0.07637 0.00012 ( 1)
 227 L   0.90186 0.00313 0.09464 0.00037 ( 1)
 228 S   0.85385 0.06794 0.07010 0.00810 ( 1)
 229 P   0.90935 0.00358 0.08664 0.00043 ( 1)
 230 N   0.91633 0.00142 0.08208 0.00017 ( 1)
 231 N   0.89311 0.00037 0.10648 0.00004 ( 1)
 232 T   0.00282 0.89066 0.00034 0.10619 ( 2)
 233 I   0.87100 0.02247 0.10385 0.00268 ( 1)
 234 G   0.89323 0.00025 0.10650 0.00003 ( 1)
 235 D   0.63367 0.25980 0.07555 0.03098 ( 1)
 236 K   0.03832 0.85516 0.00457 0.10196 ( 2)
 237 D   0.89319 0.00028 0.10649 0.00003 ( 1)
 238 T   0.31588 0.57759 0.03766 0.06887 ( 2)
 239 D   0.81101 0.08246 0.09670 0.00983 ( 1)
 240 S   0.88062 0.01285 0.10500 0.00153 ( 1)
 241 T   0.00031 0.89316 0.00004 0.10649 ( 2)
 242 N   0.80524 0.08824 0.09601 0.01052 ( 1)
 243 -   0.55116 0.34231 0.06571 0.04081 ( 1)


lnL = -4115.617519

