Supplemental results for CODEML (seqf: algn  treef: tree)


dN/dS (w) for site classes (K=4)

site class             0        1       2a       2b
proportion       0.77530  0.18825  0.02933  0.00712
background w     0.10193  1.00000  0.10193  1.00000
foreground w     0.10193  1.00000  1.80987  1.80987

Naive Empirical Bayes (NEB) probabilities for 4 classes
(amino acids refer to 1st sequence: BT_Cry8Ba1)

   1 P   0.94931 0.01424 0.03591 0.00054 ( 1)
   2 F   0.94906 0.01449 0.03590 0.00055 ( 1)
   3 V   0.90865 0.05490 0.03437 0.00208 ( 1)
   4 G   0.95259 0.01096 0.03604 0.00041 ( 1)
   5 P   0.68304 0.28051 0.02584 0.01061 ( 1)
   6 I   0.95662 0.00693 0.03619 0.00026 ( 1)
   7 V   0.84366 0.11989 0.03192 0.00454 ( 1)
   8 S   0.95625 0.00730 0.03617 0.00028 ( 1)
   9 L   0.89925 0.06430 0.03402 0.00243 ( 1)
  10 Y   0.95510 0.00845 0.03613 0.00032 ( 1)
  11 T   0.89946 0.06409 0.03403 0.00242 ( 1)
  12 Q   0.00430 0.95925 0.00016 0.03629 ( 2)
  13 L   0.86736 0.09619 0.03281 0.00364 ( 1)
  14 I   0.89799 0.06556 0.03397 0.00248 ( 1)
  15 D   0.93358 0.02996 0.03532 0.00113 ( 1)
  16 I   0.06657 0.89697 0.00252 0.03393 ( 2)
  17 L   0.92876 0.03479 0.03513 0.00132 ( 1)
  18 W   0.92405 0.03950 0.03496 0.00149 ( 1)
  19 P   0.95638 0.00717 0.03618 0.00027 ( 1)
  20 S   0.17129 0.79226 0.00648 0.02997 ( 2)
  21 K   0.05441 0.90914 0.00206 0.03439 ( 2)
  22 Q   0.02945 0.93410 0.00111 0.03534 ( 2)
  23 K   0.41070 0.55285 0.01554 0.02091 ( 2)
  24 S   0.96020 0.00335 0.03632 0.00013 ( 1)
  25 Q   0.46937 0.49418 0.01776 0.01869 ( 2)
  26 W   0.92405 0.03950 0.03496 0.00149 ( 1)
  27 E   0.95724 0.00631 0.03621 0.00024 ( 1)
  28 I   0.93042 0.03313 0.03520 0.00125 ( 1)
  29 F   0.90427 0.05928 0.03421 0.00224 ( 1)
  30 M   0.96109 0.00246 0.03636 0.00009 ( 1)
  31 E   0.93229 0.03126 0.03527 0.00118 ( 1)
  32 Q   0.95551 0.00804 0.03615 0.00030 ( 1)
  33 V   0.95472 0.00883 0.03612 0.00033 ( 1)
  34 E   0.95724 0.00631 0.03621 0.00024 ( 1)
  35 E   0.56278 0.40077 0.02129 0.01516 ( 1)
  36 L   0.93557 0.02798 0.03539 0.00106 ( 1)
  37 I   0.95594 0.00761 0.03616 0.00029 ( 1)
  38 N   0.93894 0.02461 0.03552 0.00093 ( 1)
  39 Q   0.95551 0.00804 0.03615 0.00030 ( 1)
  40 K   0.95762 0.00593 0.03623 0.00022 ( 1)
  41 I   0.95796 0.00559 0.03624 0.00021 ( 1)
  42 A   0.92429 0.03926 0.03497 0.00149 ( 1)
  43 E   0.92795 0.03560 0.03510 0.00135 ( 1)
  44 Y   0.82542 0.13813 0.03123 0.00523 ( 1)
  45 A   0.92199 0.04156 0.03488 0.00157 ( 1)
  46 R   0.94568 0.01787 0.03577 0.00068 ( 1)
  47 N   0.07270 0.89085 0.00275 0.03370 ( 2)
  48 K   0.88564 0.07791 0.03350 0.00295 ( 1)
  49 A   0.94791 0.01564 0.03586 0.00059 ( 1)
  50 L   0.95542 0.00813 0.03614 0.00031 ( 1)
  51 S   0.76302 0.20053 0.02886 0.00759 ( 1)
  52 E   0.92800 0.03555 0.03511 0.00134 ( 1)
  53 L   0.94281 0.02074 0.03567 0.00078 ( 1)
  54 E   0.91111 0.05244 0.03447 0.00198 ( 1)
  55 G   0.94811 0.01544 0.03587 0.00058 ( 1)
  56 L   0.94563 0.01792 0.03577 0.00068 ( 1)
  57 G   0.95428 0.00927 0.03610 0.00035 ( 1)
  58 N   0.93894 0.02461 0.03552 0.00093 ( 1)
  59 N   0.51271 0.45083 0.01940 0.01705 ( 1)
  60 Y   0.34310 0.62045 0.01298 0.02347 ( 2)
  61 Q   0.53777 0.42578 0.02034 0.01611 ( 1)
  62 L   0.84799 0.11556 0.03208 0.00437 ( 1)
  63 Y   0.95510 0.00845 0.03613 0.00032 ( 1)
  64 L   0.76133 0.20222 0.02880 0.00765 ( 1)
  65 T   0.87742 0.08613 0.03319 0.00326 ( 1)
  66 A   0.83421 0.12934 0.03156 0.00489 ( 1)
  67 L   0.95542 0.00813 0.03614 0.00031 ( 1)
  68 E   0.92466 0.03889 0.03498 0.00147 ( 1)
  69 E   0.74419 0.21936 0.02815 0.00830 ( 1)
  70 W   0.92405 0.03950 0.03496 0.00149 ( 1)
  71 K   0.03559 0.92796 0.00135 0.03510 ( 2)
  72 E   0.95724 0.00631 0.03621 0.00024 ( 1)
  73 N   0.95948 0.00407 0.03630 0.00015 ( 1)
  74 P   0.84776 0.11579 0.03207 0.00438 ( 1)
  75 N   0.83478 0.12877 0.03158 0.00487 ( 1)
  76 G   0.51731 0.44624 0.01957 0.01688 ( 1)
  77 S   0.83859 0.12496 0.03172 0.00473 ( 1)
  78 R   0.95875 0.00480 0.03627 0.00018 ( 1)
  79 A   0.65544 0.30811 0.02480 0.01166 ( 1)
  80 L   0.47008 0.49347 0.01778 0.01867 ( 2)
  81 R   0.84647 0.11708 0.03202 0.00443 ( 1)
  82 D   0.90919 0.05436 0.03439 0.00206 ( 1)
  83 V   0.95134 0.01221 0.03599 0.00046 ( 1)
  84 R   0.21837 0.74518 0.00826 0.02819 ( 2)
  85 N   0.88929 0.07426 0.03364 0.00281 ( 1)
  86 R   0.85279 0.11076 0.03226 0.00419 ( 1)
  87 F   0.91055 0.05300 0.03445 0.00200 ( 1)
  88 E   0.71767 0.24588 0.02715 0.00930 ( 1)
  89 I   0.38409 0.57946 0.01453 0.02192 ( 2)
  90 L   0.92889 0.03466 0.03514 0.00131 ( 1)
  91 D   0.92978 0.03377 0.03517 0.00128 ( 1)
  92 S   0.36405 0.59950 0.01377 0.02268 ( 2)
  93 L   0.22666 0.73689 0.00857 0.02788 ( 2)
  94 F   0.95898 0.00457 0.03628 0.00017 ( 1)
  95 T   0.56363 0.39992 0.02132 0.01513 ( 1)
  96 Q   0.28532 0.67823 0.01079 0.02566 ( 2)
  97 Y   0.51377 0.44978 0.01944 0.01701 ( 1)
  98 M   0.92658 0.03697 0.03505 0.00140 ( 1)
  99 P   0.95670 0.00685 0.03619 0.00026 ( 1)
 100 S   0.95519 0.00836 0.03613 0.00032 ( 1)
 101 F   0.95898 0.00457 0.03628 0.00017 ( 1)
 102 R   0.26886 0.69469 0.01017 0.02628 ( 2)
 103 V   0.88601 0.07754 0.03352 0.00293 ( 1)
 104 T   0.88745 0.07610 0.03357 0.00288 ( 1)
 105 N   0.39041 0.57314 0.01477 0.02168 ( 2)
 106 F   0.09528 0.86827 0.00360 0.03285 ( 2)
 107 E   0.95724 0.00631 0.03621 0.00024 ( 1)
 108 V   0.95475 0.00880 0.03612 0.00033 ( 1)
 109 P   0.95789 0.00566 0.03624 0.00021 ( 1)
 110 F   0.72210 0.24145 0.02732 0.00913 ( 1)
 111 L   0.94035 0.02320 0.03557 0.00088 ( 1)
 112 T   0.83825 0.12530 0.03171 0.00474 ( 1)
 113 V   0.95472 0.00883 0.03612 0.00033 ( 1)
 114 Y   0.95510 0.00845 0.03613 0.00032 ( 1)
 115 T   0.86983 0.09372 0.03291 0.00355 ( 1)
 116 M   0.16837 0.79518 0.00637 0.03008 ( 2)
 117 A   0.95818 0.00537 0.03625 0.00020 ( 1)
 118 A   0.94922 0.01433 0.03591 0.00054 ( 1)
 119 N   0.95031 0.01323 0.03595 0.00050 ( 1)
 120 L   0.93993 0.02362 0.03556 0.00089 ( 1)
 121 H   0.95934 0.00421 0.03629 0.00016 ( 1)
 122 L   0.94493 0.01862 0.03575 0.00070 ( 1)
 123 L   0.92964 0.03391 0.03517 0.00128 ( 1)
 124 L   0.94656 0.01699 0.03581 0.00064 ( 1)
 125 L   0.94656 0.01699 0.03581 0.00064 ( 1)
 126 R   0.20795 0.75560 0.00787 0.02858 ( 2)
 127 D   0.95056 0.01299 0.03596 0.00049 ( 1)
 128 A   0.95508 0.00847 0.03613 0.00032 ( 1)
 129 S   0.94644 0.01711 0.03580 0.00065 ( 1)
 130 I   0.95594 0.00761 0.03616 0.00029 ( 1)
 131 F   0.95898 0.00457 0.03628 0.00017 ( 1)
 132 G   0.95794 0.00561 0.03624 0.00021 ( 1)
 133 E   0.90471 0.05884 0.03422 0.00223 ( 1)
 134 E   0.95697 0.00658 0.03620 0.00025 ( 1)
 135 W   0.92405 0.03950 0.03496 0.00149 ( 1)
 136 G   0.95470 0.00885 0.03612 0.00033 ( 1)
 137 L   0.26085 0.70270 0.00987 0.02658 ( 2)
 138 S   0.85479 0.10876 0.03234 0.00411 ( 1)
 139 T   0.89771 0.06584 0.03396 0.00249 ( 1)
 140 S   0.02678 0.93677 0.00101 0.03544 ( 2)
 141 T   0.27673 0.68682 0.01047 0.02598 ( 2)
 142 I   0.95594 0.00761 0.03616 0.00029 ( 1)
 143 N   0.46930 0.49425 0.01775 0.01870 ( 2)
 144 N   0.63761 0.32594 0.02412 0.01233 ( 1)
 145 Y   0.86937 0.09418 0.03289 0.00356 ( 1)
 146 Y   0.95510 0.00845 0.03613 0.00032 ( 1)
 147 N   0.72583 0.23772 0.02746 0.00899 ( 1)
 148 R   0.95476 0.00879 0.03612 0.00033 ( 1)
 149 Q   0.95262 0.01093 0.03604 0.00041 ( 1)
 150 M   0.91530 0.04825 0.03463 0.00183 ( 1)
 151 K   0.11663 0.84692 0.00441 0.03204 ( 2)
 152 L   0.86516 0.09839 0.03273 0.00372 ( 1)
 153 T   0.68488 0.27867 0.02591 0.01054 ( 1)
 154 A   0.95059 0.01296 0.03596 0.00049 ( 1)
 155 E   0.88151 0.08204 0.03335 0.00310 ( 1)
 156 Y   0.95100 0.01255 0.03598 0.00047 ( 1)
 157 S   0.95149 0.01206 0.03599 0.00046 ( 1)
 158 D   0.95749 0.00606 0.03622 0.00023 ( 1)
 159 H   0.88467 0.07888 0.03347 0.00298 ( 1)
 160 C   0.95734 0.00621 0.03622 0.00024 ( 1)
 161 V   0.95475 0.00880 0.03612 0.00033 ( 1)
 162 K   0.79740 0.16615 0.03017 0.00629 ( 1)
 163 W   0.92405 0.03950 0.03496 0.00149 ( 1)
 164 Y   0.95510 0.00845 0.03613 0.00032 ( 1)
 165 E   0.09490 0.86865 0.00359 0.03286 ( 2)
 166 T   0.95677 0.00677 0.03619 0.00026 ( 1)
 167 G   0.94703 0.01652 0.03583 0.00062 ( 1)
 168 L   0.94656 0.01699 0.03581 0.00064 ( 1)
 169 A   0.71614 0.24740 0.02709 0.00936 ( 1)
 170 K   0.60894 0.35461 0.02304 0.01341 ( 1)
 171 L   0.94656 0.01699 0.03581 0.00064 ( 1)
 172 K   0.95762 0.00593 0.03623 0.00022 ( 1)
 173 G   0.94534 0.01821 0.03576 0.00069 ( 1)
 174 S   0.17753 0.78601 0.00672 0.02973 ( 2)
 175 S   0.81484 0.14871 0.03082 0.00563 ( 1)
 176 A   0.95661 0.00694 0.03619 0.00026 ( 1)
 177 K   0.69196 0.27159 0.02618 0.01027 ( 1)
 178 Q   0.23306 0.73049 0.00882 0.02763 ( 2)
 179 W   0.92405 0.03950 0.03496 0.00149 ( 1)
 180 I   0.31965 0.64389 0.01209 0.02436 ( 2)
 181 D   0.46872 0.49483 0.01773 0.01872 ( 2)
 182 Y   0.95510 0.00845 0.03613 0.00032 ( 1)
 183 N   0.26249 0.70106 0.00993 0.02652 ( 2)
 184 Q   0.07457 0.88898 0.00282 0.03363 ( 2)
 185 F   0.94267 0.02088 0.03566 0.00079 ( 1)
 186 R   0.94802 0.01553 0.03586 0.00059 ( 1)
 187 R   0.95875 0.00480 0.03627 0.00018 ( 1)
 188 E   0.95724 0.00631 0.03621 0.00024 ( 1)
 189 M   0.96109 0.00246 0.03636 0.00009 ( 1)
 190 T   0.95842 0.00513 0.03626 0.00019 ( 1)
 191 L   0.93645 0.02710 0.03543 0.00103 ( 1)
 192 T   0.01201 0.95154 0.00045 0.03600 ( 2)
 193 V   0.94455 0.01900 0.03573 0.00072 ( 1)
 194 L   0.94656 0.01699 0.03581 0.00064 ( 1)
 195 D   0.95866 0.00488 0.03627 0.00018 ( 1)
 196 V   0.43643 0.52711 0.01651 0.01994 ( 2)
 197 V   0.67882 0.28473 0.02568 0.01077 ( 1)
 198 A   0.86065 0.10290 0.03256 0.00389 ( 1)
 199 L   0.94656 0.01699 0.03581 0.00064 ( 1)
 200 F   0.95762 0.00593 0.03623 0.00022 ( 1)
 201 S   0.89686 0.06669 0.03393 0.00252 ( 1)
 202 N   0.03440 0.92915 0.00130 0.03515 ( 2)


lnL = -1868.483387

Bayes Empirical Bayes (BEB) probabilities for 4 classes (class)
(amino acids refer to 1st sequence: BT_Cry8Ba1)

   1 P   0.62944 0.00815 0.35792 0.00449 ( 1)
   2 F   0.62896 0.00863 0.35765 0.00476 ( 1)
   3 V   0.61336 0.02424 0.34912 0.01328 ( 1)
   4 G   0.63126 0.00634 0.35891 0.00349 ( 1)
   5 P   0.52108 0.11651 0.29824 0.06417 ( 1)
   6 I   0.63321 0.00439 0.35998 0.00242 ( 1)
   7 V   0.58656 0.05103 0.33442 0.02799 ( 1)
   8 S   0.63333 0.00426 0.36006 0.00235 ( 1)
   9 L   0.60968 0.02792 0.34711 0.01530 ( 1)
  10 Y   0.63265 0.00494 0.35968 0.00273 ( 1)
  11 T   0.60950 0.02810 0.34701 0.01540 ( 1)
  12 Q   0.01818 0.61941 0.01061 0.35180 ( 2)
  13 L   0.59688 0.04071 0.34009 0.02231 ( 1)
  14 I   0.60913 0.02847 0.34681 0.01560 ( 1)
  15 D   0.62400 0.01360 0.35495 0.00745 ( 1)
  16 I   0.14992 0.48767 0.08730 0.27511 ( 2)
  17 L   0.61899 0.01860 0.35216 0.01025 ( 1)
  18 W   0.61727 0.02032 0.35121 0.01120 ( 1)
  19 P   0.63342 0.00418 0.36010 0.00230 ( 1)
  20 S   0.24020 0.39740 0.13943 0.22298 ( 2)
  21 K   0.12477 0.51283 0.07269 0.28971 ( 2)
  22 Q   0.07754 0.56005 0.04521 0.31720 ( 2)
  23 K   0.41706 0.22053 0.24020 0.12221 ( 1)
  24 S   0.63555 0.00204 0.36128 0.00113 ( 1)
  25 Q   0.44788 0.18972 0.25754 0.10487 ( 1)
  26 W   0.61727 0.02032 0.35121 0.01120 ( 1)
  27 E   0.63365 0.00395 0.36022 0.00218 ( 1)
  28 I   0.62267 0.01493 0.35422 0.00818 ( 1)
  29 F   0.61166 0.02594 0.34819 0.01421 ( 1)
  30 M   0.63607 0.00153 0.36156 0.00084 ( 1)
  31 E   0.62319 0.01441 0.35450 0.00790 ( 1)
  32 Q   0.63295 0.00464 0.35985 0.00256 ( 1)
  33 V   0.63231 0.00529 0.35948 0.00292 ( 1)
  34 E   0.63365 0.00395 0.36022 0.00218 ( 1)
  35 E   0.48453 0.15306 0.27805 0.08435 ( 1)
  36 L   0.62239 0.01520 0.35402 0.00838 ( 1)
  37 I   0.63296 0.00463 0.35985 0.00256 ( 1)
  38 N   0.62618 0.01142 0.35614 0.00626 ( 1)
  39 Q   0.63295 0.00464 0.35985 0.00256 ( 1)
  40 K   0.63389 0.00371 0.36036 0.00204 ( 1)
  41 I   0.63399 0.00361 0.36041 0.00199 ( 1)
  42 A   0.61991 0.01768 0.35271 0.00969 ( 1)
  43 E   0.62126 0.01634 0.35344 0.00896 ( 1)
  44 Y   0.57989 0.05770 0.33076 0.03165 ( 1)
  45 A   0.61888 0.01871 0.35215 0.01026 ( 1)
  46 R   0.62796 0.00963 0.35710 0.00531 ( 1)
  47 N   0.15700 0.48059 0.09141 0.27100 ( 2)
  48 K   0.60379 0.03380 0.34388 0.01853 ( 1)
  49 A   0.62889 0.00871 0.35760 0.00480 ( 1)
  50 L   0.63286 0.00473 0.35979 0.00261 ( 1)
  51 S   0.55018 0.08742 0.31431 0.04810 ( 1)
  52 E   0.62151 0.01608 0.35359 0.00881 ( 1)
  53 L   0.62606 0.01153 0.35605 0.00636 ( 1)
  54 E   0.61451 0.02309 0.34975 0.01265 ( 1)
  55 G   0.62896 0.00864 0.35765 0.00476 ( 1)
  56 L   0.62755 0.01004 0.35687 0.00554 ( 1)
  57 G   0.63217 0.00542 0.35941 0.00299 ( 1)
  58 N   0.62618 0.01142 0.35614 0.00626 ( 1)
  59 N   0.46695 0.17064 0.26824 0.09417 ( 1)
  60 Y   0.37605 0.26154 0.21701 0.14539 ( 1)
  61 Q   0.47924 0.15836 0.27512 0.08729 ( 1)
  62 L   0.58848 0.04911 0.33547 0.02694 ( 1)
  63 Y   0.63265 0.00494 0.35968 0.00273 ( 1)
  64 L   0.55261 0.08499 0.31569 0.04672 ( 1)
  65 T   0.60046 0.03714 0.34205 0.02036 ( 1)
  66 A   0.58284 0.05476 0.33236 0.03004 ( 1)
  67 L   0.63286 0.00473 0.35979 0.00261 ( 1)
  68 E   0.62010 0.01749 0.35282 0.00959 ( 1)
  69 E   0.55780 0.07980 0.31878 0.04362 ( 1)
  70 W   0.61727 0.02032 0.35121 0.01120 ( 1)
  71 K   0.09106 0.54653 0.05309 0.30932 ( 2)
  72 E   0.63365 0.00395 0.36022 0.00218 ( 1)
  73 N   0.63500 0.00259 0.36097 0.00143 ( 1)
  74 P   0.58905 0.04854 0.33579 0.02661 ( 1)
  75 N   0.58277 0.05482 0.33233 0.03008 ( 1)
  76 G   0.47022 0.16738 0.27007 0.09234 ( 1)
  77 S   0.58263 0.05497 0.33222 0.03018 ( 1)
  78 R   0.63469 0.00290 0.36080 0.00160 ( 1)
  79 A   0.50718 0.13042 0.29049 0.07192 ( 1)
  80 L   0.43404 0.20356 0.24967 0.11273 ( 1)
  81 R   0.58826 0.04933 0.33536 0.02705 ( 1)
  82 D   0.61343 0.02417 0.34915 0.01325 ( 1)
  83 V   0.63051 0.00709 0.35849 0.00391 ( 1)
  84 R   0.28971 0.34788 0.16785 0.19456 ( 2)
  85 N   0.60575 0.03185 0.34495 0.01745 ( 1)
  86 R   0.59147 0.04612 0.33713 0.02528 ( 1)
  87 F   0.61437 0.02323 0.34968 0.01272 ( 1)
  88 E   0.54842 0.08918 0.31359 0.04881 ( 1)
  89 I   0.40163 0.23596 0.23149 0.13092 ( 1)
  90 L   0.61886 0.01873 0.35208 0.01033 ( 1)
  91 D   0.62232 0.01528 0.35403 0.00837 ( 1)
  92 S   0.39258 0.24501 0.22638 0.13603 ( 1)
  93 L   0.30212 0.33548 0.17495 0.18746 ( 2)
  94 F   0.63476 0.00284 0.36084 0.00156 ( 1)
  95 T   0.48833 0.14927 0.28019 0.08222 ( 1)
  96 Q   0.34599 0.29160 0.19996 0.16245 ( 1)
  97 Y   0.46775 0.16984 0.26869 0.09372 ( 1)
  98 M   0.62133 0.01626 0.35350 0.00891 ( 1)
  99 P   0.63359 0.00400 0.36020 0.00221 ( 1)
 100 S   0.63277 0.00483 0.35974 0.00266 ( 1)
 101 F   0.63476 0.00284 0.36084 0.00156 ( 1)
 102 R   0.32989 0.30770 0.19079 0.17162 ( 1)
 103 V   0.60326 0.03434 0.34357 0.01883 ( 1)
 104 T   0.60477 0.03282 0.34442 0.01799 ( 1)
 105 N   0.40014 0.23746 0.23063 0.13178 ( 1)
 106 F   0.19210 0.44549 0.11172 0.25068 ( 2)
 107 E   0.63365 0.00395 0.36022 0.00218 ( 1)
 108 V   0.63219 0.00541 0.35942 0.00298 ( 1)
 109 P   0.63426 0.00334 0.36056 0.00184 ( 1)
 110 F   0.53633 0.10126 0.30668 0.05573 ( 1)
 111 L   0.62463 0.01296 0.35526 0.00715 ( 1)
 112 T   0.58451 0.05309 0.33328 0.02912 ( 1)
 113 V   0.63231 0.00529 0.35948 0.00292 ( 1)
 114 Y   0.63265 0.00494 0.35968 0.00273 ( 1)
 115 T   0.59655 0.04104 0.33990 0.02251 ( 1)
 116 M   0.24284 0.39476 0.14095 0.22145 ( 2)
 117 A   0.63428 0.00332 0.36057 0.00183 ( 1)
 118 A   0.62951 0.00809 0.35795 0.00446 ( 1)
 119 N   0.63000 0.00759 0.35822 0.00419 ( 1)
 120 L   0.62442 0.01318 0.35514 0.00726 ( 1)
 121 H   0.63502 0.00258 0.36098 0.00142 ( 1)
 122 L   0.62732 0.01027 0.35674 0.00566 ( 1)
 123 L   0.61942 0.01817 0.35239 0.01002 ( 1)
 124 L   0.62806 0.00953 0.35715 0.00525 ( 1)
 125 L   0.62806 0.00953 0.35715 0.00525 ( 1)
 126 R   0.27763 0.35996 0.16092 0.20148 ( 2)
 127 D   0.63010 0.00749 0.35828 0.00413 ( 1)
 128 A   0.63261 0.00499 0.35965 0.00275 ( 1)
 129 S   0.62823 0.00937 0.35724 0.00516 ( 1)
 130 I   0.63296 0.00463 0.35985 0.00256 ( 1)
 131 F   0.63476 0.00284 0.36084 0.00156 ( 1)
 132 G   0.63421 0.00338 0.36054 0.00187 ( 1)
 133 E   0.61159 0.02601 0.34815 0.01425 ( 1)
 134 E   0.63359 0.00401 0.36019 0.00221 ( 1)
 135 W   0.61727 0.02032 0.35121 0.01120 ( 1)
 136 G   0.63243 0.00516 0.35956 0.00284 ( 1)
 137 L   0.32290 0.31469 0.18680 0.17560 ( 1)
 138 S   0.59131 0.04628 0.33703 0.02538 ( 1)
 139 T   0.60910 0.02849 0.34679 0.01561 ( 1)
 140 S   0.07218 0.56541 0.04209 0.32032 ( 2)
 141 T   0.33722 0.30037 0.19497 0.16744 ( 1)
 142 I   0.63296 0.00463 0.35985 0.00256 ( 1)
 143 N   0.44796 0.18964 0.25758 0.10482 ( 1)
 144 N   0.50482 0.13277 0.28923 0.07318 ( 1)
 145 Y   0.59713 0.04046 0.34022 0.02218 ( 1)
 146 Y   0.63265 0.00494 0.35968 0.00273 ( 1)
 147 N   0.54976 0.08783 0.31432 0.04808 ( 1)
 148 R   0.63265 0.00494 0.35968 0.00272 ( 1)
 149 Q   0.63146 0.00613 0.35903 0.00338 ( 1)
 150 M   0.61677 0.02083 0.35100 0.01140 ( 1)
 151 K   0.21415 0.42345 0.12445 0.23795 ( 2)
 152 L   0.59624 0.04135 0.33975 0.02266 ( 1)
 153 T   0.52166 0.11593 0.29856 0.06385 ( 1)
 154 A   0.63032 0.00728 0.35840 0.00401 ( 1)
 155 E   0.60242 0.03517 0.34313 0.01927 ( 1)
 156 Y   0.63056 0.00703 0.35853 0.00388 ( 1)
 157 S   0.63085 0.00674 0.35869 0.00372 ( 1)
 158 D   0.63381 0.00379 0.36031 0.00209 ( 1)
 159 H   0.60376 0.03384 0.34386 0.01854 ( 1)
 160 C   0.63398 0.00361 0.36041 0.00199 ( 1)
 161 V   0.63219 0.00541 0.35942 0.00298 ( 1)
 162 K   0.56624 0.07136 0.32320 0.03921 ( 1)
 163 W   0.61727 0.02032 0.35121 0.01120 ( 1)
 164 Y   0.63265 0.00494 0.35968 0.00273 ( 1)
 165 E   0.19129 0.44631 0.11125 0.25115 ( 2)
 166 T   0.63359 0.00400 0.36020 0.00221 ( 1)
 167 G   0.62852 0.00907 0.35741 0.00500 ( 1)
 168 L   0.62806 0.00953 0.35715 0.00525 ( 1)
 169 A   0.53088 0.10672 0.30363 0.05878 ( 1)
 170 K   0.48594 0.15166 0.27865 0.08375 ( 1)
 171 L   0.62806 0.00953 0.35715 0.00525 ( 1)
 172 K   0.63389 0.00371 0.36036 0.00204 ( 1)
 173 G   0.62744 0.01016 0.35680 0.00560 ( 1)
 174 S   0.25290 0.38469 0.14674 0.21567 ( 2)
 175 S   0.57358 0.06402 0.32724 0.03516 ( 1)
 176 A   0.63347 0.00412 0.36013 0.00227 ( 1)
 177 K   0.53993 0.09767 0.30891 0.05350 ( 1)
 178 Q   0.31891 0.31869 0.18455 0.17786 ( 1)
 179 W   0.61727 0.02032 0.35121 0.01120 ( 1)
 180 I   0.36202 0.27558 0.20905 0.15335 ( 1)
 181 D   0.44343 0.19416 0.25503 0.10738 ( 1)
 182 Y   0.63265 0.00494 0.35968 0.00273 ( 1)
 183 N   0.32449 0.31310 0.18771 0.17470 ( 1)
 184 Q   0.13756 0.50003 0.08012 0.28229 ( 2)
 185 F   0.62641 0.01118 0.35625 0.00616 ( 1)
 186 R   0.62911 0.00848 0.35773 0.00467 ( 1)
 187 R   0.63469 0.00290 0.36080 0.00160 ( 1)
 188 E   0.63365 0.00395 0.36022 0.00218 ( 1)
 189 M   0.63607 0.00153 0.36156 0.00084 ( 1)
 190 T   0.63444 0.00315 0.36066 0.00174 ( 1)
 191 L   0.62278 0.01482 0.35424 0.00817 ( 1)
 192 T   0.03642 0.60117 0.02125 0.34116 ( 2)
 193 V   0.62674 0.01085 0.35642 0.00599 ( 1)
 194 L   0.62806 0.00953 0.35715 0.00525 ( 1)
 195 D   0.63450 0.00310 0.36069 0.00171 ( 1)
 196 V   0.42948 0.20812 0.24718 0.11522 ( 1)
 197 V   0.51449 0.12311 0.29452 0.06788 ( 1)
 198 A   0.59371 0.04389 0.33834 0.02406 ( 1)
 199 L   0.62806 0.00953 0.35715 0.00525 ( 1)
 200 F   0.63397 0.00363 0.36040 0.00200 ( 1)
 201 S   0.60864 0.02895 0.34654 0.01586 ( 1)
 202 N   0.08646 0.55113 0.05041 0.31199 ( 2)

