Supplemental results for CODEML (seqf: algn  treef: tree)


dN/dS (w) for site classes (K=4)

site class             0        1       2a       2b
proportion       0.68971  0.14960  0.13205  0.02864
background w     0.06697  1.00000  0.06697  1.00000
foreground w     0.06697  1.00000  1.00000  1.00000

Naive Empirical Bayes (NEB) probabilities for 4 classes
(amino acids refer to 1st sequence: BT_Cry1Ca11)

   1 N   0.92084 0.03817 0.03369 0.00731 ( 1)
   2 F   0.98175 0.00880 0.00777 0.00168 ( 1)
   3 V   0.97569 0.01172 0.01035 0.00224 ( 1)
   4 P   0.96657 0.01612 0.01423 0.00309 ( 1)
   5 G   0.89642 0.04994 0.04408 0.00956 ( 1)
   6 G   0.96476 0.01699 0.01500 0.00325 ( 1)
   7 G   0.93093 0.03330 0.02939 0.00638 ( 1)
   8 F   0.98175 0.00880 0.00777 0.00168 ( 1)
   9 L   0.56414 0.21014 0.18549 0.04023 ( 1)
  10 V   0.08641 0.44047 0.38880 0.08433 ( 2)
  11 G   0.97781 0.01070 0.00944 0.00205 ( 1)
  12 L   0.94844 0.02486 0.02194 0.00476 ( 1)
  13 I   0.00007 0.48209 0.42554 0.09230 ( 2)
  14 D   0.98611 0.00670 0.00591 0.00128 ( 1)
  15 F   0.04301 0.46139 0.40726 0.08834 ( 2)
  16 V   0.82628 0.08376 0.07393 0.01604 ( 1)
  17 W   0.85689 0.06900 0.06090 0.01321 ( 1)
  18 G   0.94318 0.02739 0.02418 0.00524 ( 1)
  19 I   0.23670 0.36801 0.32484 0.07046 ( 2)
  20 V   0.42014 0.27956 0.24677 0.05352 ( 1)
  21 G   0.57029 0.20718 0.18287 0.03967 ( 1)
  22 P   0.96271 0.01798 0.01587 0.00344 ( 1)
  23 S   0.96826 0.01530 0.01351 0.00293 ( 1)
  24 Q   0.00042 0.48192 0.42539 0.09227 ( 2)
  25 W   0.85689 0.06900 0.06090 0.01321 ( 1)
  26 D   0.70793 0.14081 0.12430 0.02696 ( 1)
  27 A   0.11007 0.42906 0.37873 0.08215 ( 2)
  28 F   0.98175 0.00880 0.00777 0.00168 ( 1)
  29 L   0.95849 0.02001 0.01766 0.00383 ( 1)
  30 V   0.16532 0.40242 0.35521 0.07705 ( 2)
  31 Q   0.91729 0.03988 0.03520 0.00764 ( 1)
  32 I   0.97949 0.00989 0.00873 0.00189 ( 1)
  33 E   0.98242 0.00847 0.00748 0.00162 ( 1)
  34 Q   0.27401 0.35002 0.30896 0.06701 ( 2)
  35 L   0.91514 0.04091 0.03611 0.00783 ( 1)
  36 I   0.97949 0.00989 0.00873 0.00189 ( 1)
  37 N   0.86924 0.06304 0.05565 0.01207 ( 1)
  38 E   0.09479 0.43642 0.38523 0.08356 ( 2)
  39 R   0.98078 0.00927 0.00818 0.00177 ( 1)
  40 I   0.98382 0.00780 0.00689 0.00149 ( 1)
  41 A   0.55608 0.21402 0.18892 0.04098 ( 1)
  42 E   0.00930 0.47764 0.42161 0.09145 ( 2)
  43 F   0.00588 0.47929 0.42306 0.09176 ( 2)
  44 A   0.78678 0.10280 0.09074 0.01968 ( 1)
  45 R   0.96500 0.01688 0.01490 0.00323 ( 1)
  46 N   0.00747 0.47853 0.42239 0.09162 ( 2)
  47 A   0.15833 0.40579 0.35819 0.07769 ( 2)
  48 A   0.98115 0.00909 0.00802 0.00174 ( 1)
  49 I   0.93991 0.02897 0.02557 0.00555 ( 1)
  50 A   0.04012 0.46278 0.40849 0.08860 ( 2)
  51 N   0.30305 0.33602 0.29660 0.06433 ( 2)
  52 L   0.94844 0.02486 0.02194 0.00476 ( 1)
  53 E   0.98242 0.00847 0.00748 0.00162 ( 1)
  54 G   0.97753 0.01084 0.00956 0.00207 ( 1)
  55 L   0.94844 0.02486 0.02194 0.00476 ( 1)
  56 G   0.94318 0.02739 0.02418 0.00524 ( 1)
  57 N   0.14531 0.41207 0.36373 0.07889 ( 2)
  58 N   0.78528 0.10352 0.09138 0.01982 ( 1)
  59 F   0.07341 0.44673 0.39433 0.08553 ( 2)
  60 N   0.11842 0.42503 0.37517 0.08138 ( 2)
  61 I   0.66770 0.16021 0.14142 0.03067 ( 1)
  62 Y   0.94881 0.02468 0.02179 0.00473 ( 1)
  63 V   0.03089 0.46723 0.41242 0.08946 ( 2)
  64 E   0.97212 0.01344 0.01186 0.00257 ( 1)
  65 A   0.98191 0.00872 0.00770 0.00167 ( 1)
  66 F   0.98175 0.00880 0.00777 0.00168 ( 1)
  67 K   0.98269 0.00834 0.00737 0.00160 ( 1)
  68 E   0.97841 0.01041 0.00919 0.00199 ( 1)
  69 W   0.85689 0.06900 0.06090 0.01321 ( 1)
  70 E   0.98242 0.00847 0.00748 0.00162 ( 1)
  71 E   0.00017 0.48204 0.42550 0.09229 ( 2)
  72 D   0.14357 0.41291 0.36447 0.07905 ( 2)
  73 P   0.96382 0.01745 0.01540 0.00334 ( 1)
  74 N   0.74961 0.12072 0.10656 0.02311 ( 1)
  75 N   0.95953 0.01951 0.01722 0.00374 ( 1)
  76 P   0.00322 0.48057 0.42420 0.09201 ( 2)
  77 A   0.05316 0.45650 0.40294 0.08740 ( 2)
  78 T   0.62486 0.18086 0.15965 0.03463 ( 1)
  79 R   0.32045 0.32763 0.28919 0.06273 ( 2)
  80 T   0.04593 0.45998 0.40602 0.08807 ( 2)
  81 R   0.98078 0.00927 0.00818 0.00177 ( 1)
  82 V   0.97552 0.01180 0.01042 0.00226 ( 1)
  83 I   0.08473 0.44128 0.38951 0.08449 ( 2)
  84 D   0.73055 0.12991 0.11467 0.02487 ( 1)
  85 R   0.81056 0.09133 0.08062 0.01749 ( 1)
  86 F   0.98175 0.00880 0.00777 0.00168 ( 1)
  87 R   0.95953 0.01951 0.01722 0.00374 ( 1)
  88 I   0.98382 0.00780 0.00689 0.00149 ( 1)
  89 L   0.68692 0.15095 0.13324 0.02890 ( 1)
  90 D   0.98677 0.00638 0.00563 0.00122 ( 1)
  91 G   0.56875 0.20792 0.18353 0.03981 ( 1)
  92 L   0.48476 0.24841 0.21927 0.04756 ( 1)
  93 L   0.67463 0.15687 0.13847 0.03003 ( 1)
  94 E   0.98242 0.00847 0.00748 0.00162 ( 1)
  95 R   0.08314 0.44204 0.39019 0.08463 ( 2)
  96 D   0.76700 0.11233 0.09916 0.02151 ( 1)
  97 I   0.89375 0.05123 0.04522 0.00981 ( 1)
  98 P   0.96312 0.01778 0.01570 0.00340 ( 1)
  99 S   0.90500 0.04580 0.04043 0.00877 ( 1)
 100 F   0.98175 0.00880 0.00777 0.00168 ( 1)
 101 R   0.87043 0.06247 0.05514 0.01196 ( 1)
 102 I   0.71417 0.13781 0.12164 0.02638 ( 1)
 103 S   0.00005 0.48210 0.42555 0.09230 ( 2)
 104 G   0.97781 0.01070 0.00944 0.00205 ( 1)
 105 F   0.98175 0.00880 0.00777 0.00168 ( 1)
 106 E   0.98242 0.00847 0.00748 0.00162 ( 1)
 107 V   0.94533 0.02636 0.02326 0.00505 ( 1)
 108 P   0.92881 0.03432 0.03030 0.00657 ( 1)
 109 L   0.97287 0.01308 0.01155 0.00250 ( 1)
 110 L   0.94376 0.02712 0.02393 0.00519 ( 1)
 111 S   0.27491 0.34958 0.30857 0.06693 ( 2)
 112 V   0.97358 0.01274 0.01124 0.00244 ( 1)
 113 Y   0.96969 0.01462 0.01290 0.00280 ( 1)
 114 A   0.05064 0.45771 0.40402 0.08763 ( 2)
 115 Q   0.95877 0.01988 0.01755 0.00381 ( 1)
 116 A   0.96676 0.01603 0.01415 0.00307 ( 1)
 117 A   0.95726 0.02061 0.01819 0.00395 ( 1)
 118 N   0.98690 0.00632 0.00558 0.00121 ( 1)
 119 L   0.88798 0.05401 0.04767 0.01034 ( 1)
 120 H   0.97965 0.00981 0.00866 0.00188 ( 1)
 121 L   0.88526 0.05532 0.04883 0.01059 ( 1)
 122 A   0.97990 0.00969 0.00855 0.00186 ( 1)
 123 I   0.61208 0.18702 0.16508 0.03581 ( 1)
 124 L   0.93368 0.03197 0.02822 0.00612 ( 1)
 125 R   0.98078 0.00927 0.00818 0.00177 ( 1)
 126 D   0.98677 0.00638 0.00563 0.00122 ( 1)
 127 S   0.96826 0.01530 0.01351 0.00293 ( 1)
 128 V   0.05587 0.45519 0.40179 0.08715 ( 2)
 129 I   0.75707 0.11712 0.10338 0.02242 ( 1)
 130 F   0.97984 0.00972 0.00858 0.00186 ( 1)
 131 G   0.97781 0.01070 0.00944 0.00205 ( 1)
 132 E   0.51804 0.23236 0.20511 0.04449 ( 1)
 133 R   0.98078 0.00927 0.00818 0.00177 ( 1)
 134 W   0.85689 0.06900 0.06090 0.01321 ( 1)
 135 G   0.97781 0.01070 0.00944 0.00205 ( 1)
 136 L   0.89026 0.05291 0.04670 0.01013 ( 1)
 137 T   0.53715 0.22315 0.19697 0.04272 ( 1)
 138 T   0.97318 0.01293 0.01141 0.00248 ( 1)
 139 I   0.16612 0.40204 0.35487 0.07697 ( 2)
 140 N   0.98690 0.00632 0.00558 0.00121 ( 1)
 141 V   0.85314 0.07081 0.06250 0.01356 ( 1)
 142 N   0.98690 0.00632 0.00558 0.00121 ( 1)
 143 E   0.84000 0.07714 0.06809 0.01477 ( 1)
 144 N   0.33835 0.31900 0.28158 0.06107 ( 1)
 145 Y   0.96969 0.01462 0.01290 0.00280 ( 1)
 146 N   0.98690 0.00632 0.00558 0.00121 ( 1)
 147 R   0.97495 0.01208 0.01066 0.00231 ( 1)
 148 L   0.50622 0.23807 0.21014 0.04558 ( 1)
 149 I   0.71986 0.13506 0.11922 0.02586 ( 1)
 150 R   0.06456 0.45100 0.39809 0.08635 ( 2)
 151 H   0.00079 0.48175 0.42523 0.09223 ( 2)
 152 I   0.97949 0.00989 0.00873 0.00189 ( 1)
 153 D   0.01114 0.47675 0.42083 0.09128 ( 2)
 154 E   0.98242 0.00847 0.00748 0.00162 ( 1)
 155 Y   0.96969 0.01462 0.01290 0.00280 ( 1)
 156 A   0.05092 0.45758 0.40390 0.08761 ( 2)
 157 D   0.00087 0.48170 0.42520 0.09223 ( 2)
 158 H   0.95474 0.02182 0.01926 0.00418 ( 1)
 159 C   0.94835 0.02490 0.02198 0.00477 ( 1)
 160 A   0.79514 0.09877 0.08718 0.01891 ( 1)
 161 N   0.74961 0.12072 0.10656 0.02311 ( 1)
 162 T   0.89463 0.05080 0.04484 0.00973 ( 1)
 163 Y   0.96969 0.01462 0.01290 0.00280 ( 1)
 164 N   0.69652 0.14632 0.12915 0.02801 ( 1)
 165 R   0.31331 0.33107 0.29223 0.06339 ( 2)
 166 G   0.80813 0.09251 0.08165 0.01771 ( 1)
 167 L   0.94258 0.02768 0.02443 0.00530 ( 1)
 168 N   0.30305 0.33602 0.29660 0.06433 ( 2)
 169 N   0.10738 0.43035 0.37987 0.08239 ( 2)
 170 L   0.93989 0.02898 0.02558 0.00555 ( 1)
 171 P   0.00180 0.48126 0.42480 0.09214 ( 2)
 172 K   0.04064 0.46253 0.40827 0.08856 ( 2)
 173 S   0.00139 0.48145 0.42497 0.09218 ( 2)
 174 T   0.50699 0.23769 0.20981 0.04551 ( 1)
 175 Y   0.00407 0.48016 0.42383 0.09193 ( 2)
 176 Q   0.04161 0.46206 0.40786 0.08847 ( 2)
 177 D   0.07603 0.44547 0.39321 0.08529 ( 2)
 178 W   0.85689 0.06900 0.06090 0.01321 ( 1)
 179 I   0.12695 0.42092 0.37154 0.08059 ( 2)
 180 T   0.82633 0.08373 0.07391 0.01603 ( 1)
 181 Y   0.96969 0.01462 0.01290 0.00280 ( 1)
 182 N   0.98690 0.00632 0.00558 0.00121 ( 1)
 183 R   0.37364 0.30198 0.26656 0.05782 ( 1)
 184 L   0.71920 0.13538 0.11950 0.02592 ( 1)
 185 R   0.93703 0.03036 0.02680 0.00581 ( 1)
 186 R   0.97742 0.01089 0.00961 0.00208 ( 1)
 187 D   0.74020 0.12526 0.11056 0.02398 ( 1)
 188 L   0.93753 0.03012 0.02658 0.00577 ( 1)
 189 T   0.98147 0.00893 0.00788 0.00171 ( 1)
 190 L   0.93231 0.03263 0.02881 0.00625 ( 1)
 191 T   0.96821 0.01533 0.01353 0.00293 ( 1)
 192 V   0.97552 0.01180 0.01042 0.00226 ( 1)
 193 L   0.94844 0.02486 0.02194 0.00476 ( 1)
 194 D   0.98677 0.00638 0.00563 0.00122 ( 1)
 195 I   0.96291 0.01788 0.01579 0.00342 ( 1)
 196 A   0.37323 0.30218 0.26673 0.05786 ( 1)
 197 A   0.97990 0.00969 0.00855 0.00186 ( 1)
 198 F   0.00639 0.47905 0.42285 0.09172 ( 2)
 199 F   0.94604 0.02602 0.02297 0.00498 ( 1)
 200 P   0.91620 0.04040 0.03566 0.00774 ( 1)
 201 N   0.36852 0.30445 0.26874 0.05829 ( 1)


lnL = -1834.361320

