Supplemental results for CODEML (seqf: algn  treef: tree)


dN/dS (w) for site classes (K=4)

site class             0        1       2a       2b
proportion       0.57523  0.39494  0.01769  0.01214
background w     0.06646  0.46204  0.06646  0.46204
foreground w     0.06646  0.46204  9.43773  9.43773

Naive Empirical Bayes (NEB) probabilities for 4 classes
(amino acids refer to 1st sequence: BT_Cry1A-like)

   1 -   0.57523 0.39494 0.01769 0.01214 ( 1)
   2 -   0.57523 0.39494 0.01769 0.01214 ( 1)
   3 -   0.04129 0.92888 0.00127 0.02856 ( 2)
   4 S   0.01162 0.95855 0.00036 0.02948 ( 2)
   5 A   0.56800 0.40217 0.01747 0.01237 ( 1)
   6 E   0.00248 0.96768 0.00008 0.02976 ( 2)
   7 F   0.85585 0.11431 0.02632 0.00352 ( 1)
   8 N   0.00367 0.96650 0.00011 0.02972 ( 2)
   9 N   0.56413 0.40604 0.01735 0.01249 ( 1)
  10 I   0.11293 0.85724 0.00347 0.02636 ( 2)
  11 I   0.89700 0.07317 0.02758 0.00225 ( 1)
  12 P   0.85107 0.11910 0.02617 0.00366 ( 1)
  13 S   0.71659 0.25358 0.02204 0.00780 ( 1)
  14 S   0.46901 0.50115 0.01442 0.01541 ( 2)
  15 Q   0.00000 0.96884 0.00000 0.03115 ( 2)
  16 I   0.99244 0.00434 0.00320 0.00002 ( 1)
  17 T   0.99333 0.00341 0.00324 0.00002 ( 1)
  18 Q   0.99311 0.00558 0.00130 0.00001 ( 1)
  19 I   0.99293 0.00094 0.00612 0.00001 ( 1)
  20 P   0.99627 0.00222 0.00150 0.00000 ( 1)
  21 L   0.00312 0.91574 0.00189 0.07926 ( 2)
  22 T   0.97910 0.01555 0.00522 0.00013 ( 1)
  23 K   0.95535 0.04135 0.00310 0.00020 ( 1)
  24 S   0.02875 0.25149 0.59483 0.12493 ( 3)
  25 T   0.00000 0.94486 0.00000 0.05514 ( 2)
  26 N   0.00864 0.98817 0.00002 0.00317 ( 2)
  27 L   0.36355 0.63344 0.00095 0.00206 ( 2)
  28 G   0.00000 0.98567 0.00000 0.01433 ( 2)
  29 S   0.13804 0.85916 0.00031 0.00249 ( 2)
  30 G   0.99418 0.00437 0.00144 0.00001 ( 1)
  31 T   0.00081 0.96529 0.00014 0.03376 ( 2)
  32 S   0.00058 0.94579 0.00016 0.05347 ( 2)
  33 V   0.99581 0.00206 0.00213 0.00001 ( 1)
  34 V   0.88495 0.11276 0.00190 0.00039 ( 1)
  35 K   0.00620 0.99091 0.00001 0.00288 ( 2)
  36 G   0.99546 0.00098 0.00356 0.00000 ( 1)
  37 P   0.99194 0.00664 0.00141 0.00001 ( 1)
  38 G   0.99276 0.00572 0.00151 0.00001 ( 1)
  39 F   0.99831 0.00015 0.00154 0.00000 ( 1)
  40 T   0.99596 0.00090 0.00314 0.00000 ( 1)
  41 G   0.99816 0.00029 0.00155 0.00000 ( 1)
  42 G   0.98709 0.01045 0.00243 0.00003 ( 1)
  43 D   0.99824 0.00044 0.00132 0.00000 ( 1)
  44 I   0.98765 0.00829 0.00402 0.00004 ( 1)
  45 L   0.99760 0.00122 0.00118 0.00000 ( 1)
  46 R   0.13053 0.86402 0.00060 0.00485 ( 2)
  47 R   0.95825 0.04006 0.00159 0.00010 ( 1)
  48 T   0.88986 0.10478 0.00474 0.00062 ( 1)
  49 S   0.00106 0.99404 0.00000 0.00490 ( 2)
  50 P   0.01260 0.97979 0.00008 0.00752 ( 2)
  51 G   0.98976 0.00874 0.00148 0.00002 ( 1)
  52 Q   0.00004 0.98992 0.00000 0.01004 ( 2)
  53 I   0.99782 0.00042 0.00175 0.00000 ( 1)
  54 S   0.00014 0.99700 0.00000 0.00286 ( 2)
  55 T   0.94376 0.05419 0.00188 0.00017 ( 1)
  56 L   0.00064 0.96062 0.00013 0.03861 ( 2)
  57 R   0.87362 0.12310 0.00283 0.00045 ( 1)
  58 V   0.19366 0.80023 0.00096 0.00515 ( 2)
  59 N   0.99308 0.00480 0.00210 0.00002 ( 1)
  60 -   0.57523 0.39494 0.01769 0.01214 ( 1)
  61 I   0.99670 0.00026 0.00304 0.00000 ( 1)
  62 T   0.01902 0.95521 0.00198 0.02380 ( 2)
  63 A   0.00002 0.95307 0.00001 0.04690 ( 2)
  64 P   0.03823 0.93377 0.00518 0.02281 ( 2)
  65 L   0.87636 0.12148 0.00183 0.00033 ( 1)
  66 S   0.97494 0.01951 0.00542 0.00013 ( 1)
  67 Q   0.75835 0.24027 0.00099 0.00039 ( 1)
  68 R   0.99776 0.00054 0.00170 0.00000 ( 1)
  69 Y   0.99820 0.00046 0.00134 0.00000 ( 1)
  70 R   0.93828 0.05590 0.00547 0.00035 ( 1)
  71 V   0.99664 0.00118 0.00218 0.00000 ( 1)
  72 R   0.98042 0.01780 0.00175 0.00004 ( 1)
  73 I   0.99550 0.00146 0.00303 0.00001 ( 1)
  74 R   0.77869 0.22029 0.00074 0.00028 ( 1)
  75 Y   0.99682 0.00180 0.00138 0.00000 ( 1)
  76 A   0.99789 0.00004 0.00207 0.00000 ( 1)
  77 S   0.89430 0.10383 0.00160 0.00027 ( 1)
  78 T   0.99675 0.00017 0.00308 0.00000 ( 1)
  79 T   0.99412 0.00267 0.00320 0.00001 ( 1)
  80 N   0.98285 0.01430 0.00278 0.00007 ( 1)
  81 L   0.97922 0.01890 0.00183 0.00005 ( 1)
  82 Q   0.79265 0.20598 0.00104 0.00033 ( 1)
  83 F   0.99538 0.00221 0.00240 0.00001 ( 1)
  84 H   0.00202 0.99435 0.00001 0.00362 ( 2)
  85 T   0.80067 0.19537 0.00291 0.00105 ( 1)
  86 S   0.00000 0.99717 0.00000 0.00283 ( 2)
  87 I   0.99539 0.00157 0.00303 0.00001 ( 1)
  88 D   0.17532 0.82221 0.00037 0.00210 ( 2)
  89 G   0.99756 0.00092 0.00151 0.00000 ( 1)
  90 R   0.77901 0.21916 0.00129 0.00054 ( 1)
  91 P   0.16145 0.83477 0.00041 0.00337 ( 2)
  92 I   0.97993 0.01700 0.00299 0.00009 ( 1)
  93 N   0.99811 0.00001 0.00188 0.00000 ( 1)
  94 Q   0.00000 0.99525 0.00000 0.00475 ( 2)
  95 G   0.26772 0.37863 0.29873 0.05492 ( 2)
  96 N   0.98974 0.00838 0.00186 0.00003 ( 1)
  97 F   0.98854 0.00936 0.00207 0.00003 ( 1)
  98 S   0.00000 0.99592 0.00000 0.00407 ( 2)
  99 A   0.01278 0.98402 0.00003 0.00317 ( 2)
 100 T   0.99687 0.00005 0.00308 0.00000 ( 1)
 101 M   0.93168 0.06778 0.00048 0.00005 ( 1)
 102 S   0.02086 0.97556 0.00005 0.00353 ( 2)
 103 S   0.00336 0.90981 0.00304 0.08379 ( 2)
 104 G   0.07208 0.92015 0.00045 0.00731 ( 2)
 105 S   0.00000 0.93257 0.00000 0.06743 ( 2)
 106 N   0.02834 0.92952 0.00588 0.03625 ( 2)
 107 L   0.99437 0.00375 0.00186 0.00001 ( 1)
 108 Q   0.00243 0.39735 0.12294 0.47729 ( 4)
 109 S   0.00210 0.96158 0.00044 0.03587 ( 2)
 110 A   0.00153 0.98203 0.00014 0.01630 ( 2)
 111 S   0.00000 0.91387 0.00000 0.08613 ( 2)
 112 F   0.99694 0.00144 0.00161 0.00000 ( 1)
 113 R   0.98200 0.01456 0.00337 0.00007 ( 1)
 114 T   0.87901 0.11735 0.00286 0.00077 ( 1)
 115 V   0.00044 0.98999 0.00001 0.00956 ( 2)
 116 G   0.94650 0.04840 0.00477 0.00033 ( 1)
 117 F   0.99837 0.00009 0.00154 0.00000 ( 1)
 118 T   0.99360 0.00053 0.00586 0.00000 ( 1)
 119 T   0.99687 0.00006 0.00308 0.00000 ( 1)
 120 P   0.99659 0.00193 0.00148 0.00000 ( 1)
 121 F   0.99837 0.00009 0.00154 0.00000 ( 1)
 122 N   0.02560 0.94950 0.00068 0.02421 ( 2)
 123 F   0.99770 0.00077 0.00154 0.00000 ( 1)
 124 S   0.02085 0.97634 0.00005 0.00276 ( 2)
 125 N   0.01210 0.95781 0.00224 0.02785 ( 2)
 126 G   0.00051 0.99565 0.00000 0.00384 ( 2)
 127 S   0.00001 0.96713 0.00000 0.03286 ( 2)
 128 S   0.07189 0.92572 0.00015 0.00224 ( 2)
 129 V   0.13851 0.84605 0.00242 0.01303 ( 2)
 130 F   0.99524 0.00242 0.00234 0.00001 ( 1)
 131 T   0.67548 0.32076 0.00220 0.00155 ( 1)
 132 L   0.49572 0.49971 0.00220 0.00237 ( 2)
 133 S   0.10433 0.88590 0.00108 0.00869 ( 2)
 134 A   0.08921 0.88230 0.00912 0.01937 ( 2)
 135 H   0.00002 0.99650 0.00000 0.00349 ( 2)
 136 V   0.00000 0.40288 0.00000 0.59712 ( 4)
 137 F   0.97689 0.02070 0.00236 0.00006 ( 1)
 138 N   0.55348 0.05543 0.38367 0.00742 ( 1)
 139 S   0.00295 0.99423 0.00001 0.00282 ( 2)
 140 G   0.05406 0.94131 0.00021 0.00442 ( 2)
 141 -   0.57523 0.39494 0.01769 0.01214 ( 1)
 142 N   0.11658 0.87955 0.00031 0.00356 ( 2)
 143 E   0.79426 0.01963 0.18526 0.00085 ( 1)
 144 V   0.99500 0.00288 0.00211 0.00001 ( 1)
 145 Y   0.95419 0.04445 0.00128 0.00008 ( 1)
 146 I   0.99370 0.00339 0.00290 0.00002 ( 1)
 147 D   0.99554 0.00313 0.00132 0.00001 ( 1)
 148 R   0.21322 0.78331 0.00067 0.00280 ( 2)
 149 I   0.99670 0.00026 0.00304 0.00000 ( 1)
 150 E   0.99847 0.00027 0.00125 0.00000 ( 1)
 151 F   0.99840 0.00007 0.00154 0.00000 ( 1)
 152 V   0.99491 0.00198 0.00311 0.00001 ( 1)
 153 -   0.76695 0.20321 0.02358 0.00625 ( 1)


lnL = -4774.881907

