Supplemental results for CODEML (seqf: algn  treef: tree)


dN/dS (w) for site classes (K=4)

site class             0        1       2a       2b
proportion       0.76684  0.15283  0.06698  0.01335
background w     0.06251  1.00000  0.06251  1.00000
foreground w     0.06251  1.00000  1.00000  1.00000

Naive Empirical Bayes (NEB) probabilities for 4 classes
(amino acids refer to 1st sequence: BT_Cry1Ba1)

   1 P   0.89271 0.07033 0.03082 0.00614 ( 1)
   2 F   0.98475 0.01000 0.00438 0.00087 ( 1)
   3 A   0.97221 0.01822 0.00798 0.00159 ( 1)
   4 G   0.98071 0.01265 0.00554 0.00110 ( 1)
   5 Q   0.97308 0.01765 0.00773 0.00154 ( 1)
   6 L   0.02779 0.63727 0.27928 0.05566 ( 2)
   7 A   0.97957 0.01339 0.00587 0.00117 ( 1)
   8 S   0.98489 0.00991 0.00434 0.00087 ( 1)
   9 F   0.98475 0.01000 0.00438 0.00087 ( 1)
  10 Y   0.97880 0.01389 0.00609 0.00121 ( 1)
  11 S   0.98489 0.00991 0.00434 0.00087 ( 1)
  12 F   0.98475 0.01000 0.00438 0.00087 ( 1)
  13 L   0.10337 0.58773 0.25757 0.05133 ( 2)
  14 V   0.97807 0.01438 0.00630 0.00126 ( 1)
  15 G   0.97443 0.01676 0.00735 0.00146 ( 1)
  16 E   0.98786 0.00796 0.00349 0.00070 ( 1)
  17 L   0.94903 0.03341 0.01464 0.00292 ( 1)
  18 W   0.89539 0.06857 0.03005 0.00599 ( 1)
  19 P   0.95382 0.03027 0.01327 0.00264 ( 1)
  20 R   0.00121 0.65469 0.28692 0.05718 ( 2)
  21 G   0.89893 0.06625 0.02904 0.00579 ( 1)
  22 R   0.97925 0.01360 0.00596 0.00119 ( 1)
  23 D   0.98744 0.00823 0.00361 0.00072 ( 1)
  24 Q   0.06460 0.61314 0.26871 0.05355 ( 2)
  25 W   0.89539 0.06857 0.03005 0.00599 ( 1)
  26 E   0.98786 0.00796 0.00349 0.00070 ( 1)
  27 I   0.98075 0.01262 0.00553 0.00110 ( 1)
  28 F   0.94482 0.03617 0.01585 0.00316 ( 1)
  29 L   0.03233 0.63429 0.27798 0.05540 ( 2)
  30 E   0.98786 0.00796 0.00349 0.00070 ( 1)
  31 H   0.98655 0.00882 0.00386 0.00077 ( 1)
  32 V   0.96436 0.02336 0.01024 0.00204 ( 1)
  33 E   0.98786 0.00796 0.00349 0.00070 ( 1)
  34 Q   0.97308 0.01765 0.00773 0.00154 ( 1)
  35 L   0.69935 0.19707 0.08637 0.01721 ( 1)
  36 I   0.01320 0.64683 0.28348 0.05650 ( 2)
  37 N   0.14721 0.55899 0.24498 0.04882 ( 2)
  38 Q   0.97308 0.01765 0.00773 0.00154 ( 1)
  39 Q   0.97308 0.01765 0.00773 0.00154 ( 1)
  40 I   0.01478 0.64580 0.28302 0.05641 ( 2)
  41 T   0.97752 0.01474 0.00646 0.00129 ( 1)
  42 E   0.16562 0.54692 0.23969 0.04777 ( 2)
  43 N   0.84852 0.09929 0.04351 0.00867 ( 1)
  44 A   0.00058 0.65510 0.28710 0.05722 ( 2)
  45 R   0.92440 0.04955 0.02172 0.00433 ( 1)
  46 N   0.23771 0.49967 0.21898 0.04364 ( 2)
  47 T   0.90016 0.06544 0.02868 0.00572 ( 1)
  48 A   0.97470 0.01658 0.00727 0.00145 ( 1)
  49 L   0.67600 0.21237 0.09307 0.01855 ( 1)
  50 A   0.97957 0.01339 0.00587 0.00117 ( 1)
  51 R   0.95176 0.03162 0.01386 0.00276 ( 1)
  52 L   0.94903 0.03341 0.01464 0.00292 ( 1)
  53 Q   0.72390 0.18098 0.07931 0.01581 ( 1)
  54 G   0.98153 0.01211 0.00531 0.00106 ( 1)
  55 L   0.94909 0.03337 0.01463 0.00291 ( 1)
  56 G   0.98071 0.01265 0.00554 0.00110 ( 1)
  57 D   0.00016 0.65538 0.28722 0.05724 ( 2)
  58 S   0.02453 0.63940 0.28022 0.05585 ( 2)
  59 F   0.73748 0.17207 0.07541 0.01503 ( 1)
  60 R   0.97925 0.01360 0.00596 0.00119 ( 1)
  61 A   0.45087 0.35994 0.15775 0.03144 ( 1)
  62 Y   0.96165 0.02514 0.01102 0.00220 ( 1)
  63 Q   0.95797 0.02755 0.01207 0.00241 ( 1)
  64 Q   0.92010 0.05237 0.02295 0.00457 ( 1)
  65 S   0.60043 0.26191 0.11478 0.02288 ( 1)
  66 L   0.97592 0.01579 0.00692 0.00138 ( 1)
  67 E   0.98786 0.00796 0.00349 0.00070 ( 1)
  68 D   0.16471 0.54752 0.23995 0.04782 ( 2)
  69 W   0.89539 0.06857 0.03005 0.00599 ( 1)
  70 L   0.95083 0.03223 0.01412 0.00282 ( 1)
  71 E   0.80830 0.12566 0.05507 0.01098 ( 1)
  72 N   0.94087 0.03876 0.01699 0.00339 ( 1)
  73 R   0.96602 0.02227 0.00976 0.00195 ( 1)
  74 D   0.79838 0.13216 0.05792 0.01154 ( 1)
  75 D   0.99025 0.00639 0.00280 0.00056 ( 1)
  76 A   0.98299 0.01115 0.00489 0.00097 ( 1)
  77 R   0.97925 0.01360 0.00596 0.00119 ( 1)
  78 T   0.41767 0.38171 0.16729 0.03334 ( 1)
  79 R   0.97925 0.01360 0.00596 0.00119 ( 1)
  80 S   0.97111 0.01894 0.00830 0.00165 ( 1)
  81 V   0.76574 0.15356 0.06730 0.01341 ( 1)
  82 L   0.67600 0.21237 0.09307 0.01855 ( 1)
  83 Y   0.00054 0.65513 0.28711 0.05722 ( 2)
  84 T   0.01760 0.64395 0.28221 0.05624 ( 2)
  85 Q   0.39363 0.39746 0.17419 0.03472 ( 2)
  86 Y   0.97880 0.01389 0.00609 0.00121 ( 1)
  87 I   0.20119 0.52360 0.22947 0.04573 ( 2)
  88 A   0.94302 0.03735 0.01637 0.00326 ( 1)
  89 L   0.94903 0.03341 0.01464 0.00292 ( 1)
  90 E   0.98227 0.01162 0.00509 0.00102 ( 1)
  91 L   0.97592 0.01579 0.00692 0.00138 ( 1)
  92 D   0.98176 0.01196 0.00524 0.00104 ( 1)
  93 F   0.73733 0.17218 0.07546 0.01504 ( 1)
  94 L   0.10074 0.58945 0.25833 0.05148 ( 2)
  95 N   0.76725 0.15256 0.06686 0.01333 ( 1)
  96 A   0.94666 0.03496 0.01532 0.00305 ( 1)
  97 M   0.76791 0.15213 0.06667 0.01329 ( 1)
  98 P   0.89271 0.07033 0.03082 0.00614 ( 1)
  99 L   0.97592 0.01579 0.00692 0.00138 ( 1)
 100 F   0.92890 0.04661 0.02043 0.00407 ( 1)
 101 A   0.00792 0.65029 0.28499 0.05680 ( 2)
 102 I   0.98523 0.00968 0.00424 0.00085 ( 1)
 103 R   0.09568 0.59277 0.25978 0.05177 ( 2)
 104 N   0.08189 0.60181 0.26374 0.05256 ( 2)
 105 Q   0.68813 0.20442 0.08959 0.01785 ( 1)
 106 E   0.61993 0.24913 0.10918 0.02176 ( 1)
 107 V   0.97982 0.01323 0.00580 0.00116 ( 1)
 108 P   0.97149 0.01869 0.00819 0.00163 ( 1)
 109 L   0.94903 0.03341 0.01464 0.00292 ( 1)
 110 L   0.94572 0.03558 0.01559 0.00311 ( 1)
 111 M   0.97606 0.01569 0.00688 0.00137 ( 1)
 112 V   0.98297 0.01116 0.00489 0.00098 ( 1)
 113 Y   0.97393 0.01709 0.00749 0.00149 ( 1)
 114 A   0.97957 0.01339 0.00587 0.00117 ( 1)
 115 Q   0.97308 0.01765 0.00773 0.00154 ( 1)
 116 A   0.97957 0.01339 0.00587 0.00117 ( 1)
 117 A   0.98299 0.01115 0.00489 0.00097 ( 1)
 118 N   0.98638 0.00893 0.00391 0.00078 ( 1)
 119 L   0.94367 0.03692 0.01618 0.00322 ( 1)
 120 H   0.93741 0.04103 0.01798 0.00358 ( 1)
 121 L   0.95523 0.02934 0.01286 0.00256 ( 1)
 122 L   0.94903 0.03341 0.01464 0.00292 ( 1)
 123 L   0.94903 0.03341 0.01464 0.00292 ( 1)
 124 L   0.90204 0.06421 0.02814 0.00561 ( 1)
 125 R   0.97775 0.01459 0.00639 0.00127 ( 1)
 126 D   0.97150 0.01868 0.00819 0.00163 ( 1)
 127 A   0.94509 0.03599 0.01577 0.00314 ( 1)
 128 S   0.92255 0.05077 0.02225 0.00443 ( 1)
 129 L   0.97592 0.01579 0.00692 0.00138 ( 1)
 130 F   0.76122 0.15652 0.06859 0.01367 ( 1)
 131 G   0.98153 0.01211 0.00531 0.00106 ( 1)
 132 S   0.76402 0.15468 0.06779 0.01351 ( 1)
 133 E   0.98786 0.00796 0.00349 0.00070 ( 1)
 134 F   0.09636 0.59232 0.25959 0.05173 ( 2)
 135 G   0.91227 0.05750 0.02520 0.00502 ( 1)
 136 L   0.02905 0.63644 0.27892 0.05559 ( 2)
 137 T   0.13084 0.56972 0.24968 0.04976 ( 2)
 138 S   0.92983 0.04600 0.02016 0.00402 ( 1)
 139 Q   0.00165 0.65440 0.28679 0.05716 ( 2)
 140 E   0.85030 0.09812 0.04300 0.00857 ( 1)
 141 I   0.77059 0.15037 0.06590 0.01313 ( 1)
 142 Q   0.09033 0.59627 0.26132 0.05208 ( 2)
 143 R   0.49261 0.33258 0.14576 0.02905 ( 1)
 144 Y   0.97880 0.01389 0.00609 0.00121 ( 1)
 145 Y   0.96165 0.02514 0.01102 0.00220 ( 1)
 146 E   0.64358 0.23363 0.10239 0.02041 ( 1)
 147 R   0.04446 0.62634 0.27450 0.05471 ( 2)
 148 Q   0.97308 0.01765 0.00773 0.00154 ( 1)
 149 V   0.04887 0.62345 0.27323 0.05445 ( 2)
 150 E   0.21732 0.51303 0.22484 0.04481 ( 2)
 151 R   0.00003 0.65546 0.28726 0.05725 ( 2)
 152 T   0.94332 0.03716 0.01628 0.00325 ( 1)
 153 R   0.08961 0.59675 0.26153 0.05212 ( 2)
 154 D   0.18918 0.53148 0.23292 0.04642 ( 2)
 155 Y   0.97880 0.01389 0.00609 0.00121 ( 1)
 156 S   0.96815 0.02088 0.00915 0.00182 ( 1)
 157 D   0.58231 0.27379 0.11999 0.02391 ( 1)
 158 Y   0.71404 0.18744 0.08215 0.01637 ( 1)
 159 C   0.89472 0.06901 0.03024 0.00603 ( 1)
 160 V   0.70945 0.19045 0.08347 0.01663 ( 1)
 161 E   0.01070 0.64847 0.28419 0.05664 ( 2)
 162 W   0.89539 0.06857 0.03005 0.00599 ( 1)
 163 Y   0.97880 0.01389 0.00609 0.00121 ( 1)
 164 N   0.98938 0.00696 0.00305 0.00061 ( 1)
 165 T   0.93081 0.04535 0.01987 0.00396 ( 1)
 166 G   0.96733 0.02142 0.00939 0.00187 ( 1)
 167 L   0.95373 0.03033 0.01329 0.00265 ( 1)
 168 N   0.98938 0.00696 0.00305 0.00061 ( 1)
 169 S   0.00513 0.65212 0.28579 0.05696 ( 2)
 170 L   0.93194 0.04461 0.01955 0.00390 ( 1)
 171 R   0.97925 0.01360 0.00596 0.00119 ( 1)
 172 G   0.91227 0.05750 0.02520 0.00502 ( 1)
 173 T   0.97965 0.01334 0.00584 0.00116 ( 1)
 174 N   0.83501 0.10815 0.04740 0.00945 ( 1)
 175 A   0.97398 0.01705 0.00747 0.00149 ( 1)
 176 A   0.81333 0.12236 0.05362 0.01069 ( 1)
 177 S   0.98489 0.00991 0.00434 0.00087 ( 1)
 178 W   0.89539 0.06857 0.03005 0.00599 ( 1)
 179 V   0.05771 0.61766 0.27069 0.05395 ( 2)
 180 R   0.90145 0.06460 0.02831 0.00564 ( 1)
 181 Y   0.97880 0.01389 0.00609 0.00121 ( 1)
 182 N   0.98938 0.00696 0.00305 0.00061 ( 1)
 183 Q   0.97308 0.01765 0.00773 0.00154 ( 1)
 184 F   0.92890 0.04661 0.02043 0.00407 ( 1)
 185 R   0.97213 0.01827 0.00801 0.00160 ( 1)
 186 R   0.97925 0.01360 0.00596 0.00119 ( 1)
 187 D   0.95417 0.03004 0.01316 0.00262 ( 1)
 188 L   0.95373 0.03033 0.01329 0.00265 ( 1)
 189 T   0.95556 0.02913 0.01277 0.00254 ( 1)
 190 L   0.94953 0.03308 0.01450 0.00289 ( 1)
 191 G   0.94038 0.03908 0.01713 0.00341 ( 1)
 192 V   0.98297 0.01116 0.00489 0.00098 ( 1)
 193 L   0.94903 0.03341 0.01464 0.00292 ( 1)
 194 D   0.99025 0.00639 0.00280 0.00056 ( 1)
 195 L   0.95272 0.03099 0.01358 0.00271 ( 1)
 196 V   0.91432 0.05616 0.02461 0.00491 ( 1)
 197 A   0.97007 0.01962 0.00860 0.00171 ( 1)
 198 L   0.95523 0.02934 0.01286 0.00256 ( 1)
 199 F   0.92890 0.04661 0.02043 0.00407 ( 1)
 200 P   0.97500 0.01638 0.00718 0.00143 ( 1)
 201 S   0.92466 0.04938 0.02164 0.00431 ( 1)


lnL = -1878.064769

Bayes Empirical Bayes (BEB) probabilities for 4 classes (class)
(amino acids refer to 1st sequence: BT_Cry1Ba1)

   1 P   0.89232 0.09516 0.01016 0.00236 ( 1)
   2 F   0.98610 0.01322 0.00055 0.00013 ( 1)
   3 A   0.97407 0.02429 0.00134 0.00031 ( 1)
   4 G   0.98226 0.01677 0.00079 0.00018 ( 1)
   5 Q   0.97493 0.02353 0.00126 0.00029 ( 1)
   6 L   0.01754 0.74636 0.19134 0.04476 ( 2)
   7 A   0.98119 0.01778 0.00083 0.00019 ( 1)
   8 S   0.98626 0.01311 0.00052 0.00012 ( 1)
   9 F   0.98610 0.01322 0.00055 0.00013 ( 1)
  10 Y   0.98044 0.01845 0.00090 0.00021 ( 1)
  11 S   0.98626 0.01311 0.00052 0.00012 ( 1)
  12 F   0.98610 0.01322 0.00055 0.00013 ( 1)
  13 L   0.07316 0.78058 0.11948 0.02678 ( 2)
  14 V   0.97968 0.01908 0.00101 0.00023 ( 1)
  15 G   0.97621 0.02232 0.00120 0.00028 ( 1)
  16 E   0.98899 0.01047 0.00044 0.00010 ( 1)
  17 L   0.95104 0.04490 0.00330 0.00076 ( 1)
  18 W   0.89527 0.09279 0.00969 0.00225 ( 1)
  19 P   0.95589 0.04065 0.00282 0.00065 ( 1)
  20 R   0.00057 0.57673 0.33748 0.08521 ( 2)
  21 G   0.89897 0.08962 0.00926 0.00215 ( 1)
  22 R   0.98089 0.01807 0.00084 0.00019 ( 1)
  23 D   0.98861 0.01083 0.00045 0.00010 ( 1)
  24 Q   0.04375 0.77492 0.14765 0.03368 ( 2)
  25 W   0.89527 0.09279 0.00969 0.00225 ( 1)
  26 E   0.98899 0.01047 0.00044 0.00010 ( 1)
  27 I   0.98229 0.01673 0.00080 0.00018 ( 1)
  28 F   0.94682 0.04867 0.00366 0.00085 ( 1)
  29 L   0.02033 0.74158 0.19290 0.04519 ( 2)
  30 E   0.98899 0.01047 0.00044 0.00010 ( 1)
  31 H   0.98779 0.01163 0.00046 0.00011 ( 1)
  32 V   0.96616 0.03118 0.00216 0.00050 ( 1)
  33 E   0.98899 0.01047 0.00044 0.00010 ( 1)
  34 Q   0.97493 0.02353 0.00126 0.00029 ( 1)
  35 L   0.66437 0.30439 0.02544 0.00580 ( 1)
  36 I   0.00877 0.81497 0.14392 0.03234 ( 2)
  37 N   0.10833 0.77557 0.09509 0.02101 ( 2)
  38 Q   0.97493 0.02353 0.00126 0.00029 ( 1)
  39 Q   0.97493 0.02353 0.00126 0.00029 ( 1)
  40 I   0.00995 0.82553 0.13451 0.03001 ( 2)
  41 T   0.97924 0.01961 0.00094 0.00022 ( 1)
  42 E   0.12117 0.75597 0.10047 0.02239 ( 2)
  43 N   0.83137 0.15758 0.00899 0.00206 ( 1)
  44 A   0.00043 0.73769 0.21215 0.04973 ( 2)
  45 R   0.92597 0.06694 0.00576 0.00133 ( 1)
  46 N   0.18230 0.72820 0.07336 0.01614 ( 2)
  47 T   0.90034 0.08854 0.00903 0.00209 ( 1)
  48 A   0.97650 0.02208 0.00116 0.00027 ( 1)
  49 L   0.63953 0.32694 0.02732 0.00621 ( 1)
  50 A   0.98119 0.01778 0.00083 0.00019 ( 1)
  51 R   0.95386 0.04249 0.00296 0.00068 ( 1)
  52 L   0.95104 0.04490 0.00330 0.00076 ( 1)
  53 Q   0.69189 0.28121 0.02190 0.00499 ( 1)
  54 G   0.98306 0.01605 0.00073 0.00017 ( 1)
  55 L   0.95094 0.04481 0.00345 0.00080 ( 1)
  56 G   0.98226 0.01677 0.00079 0.00018 ( 1)
  57 D   0.00013 0.71435 0.23092 0.05459 ( 2)
  58 S   0.01454 0.70537 0.22593 0.05416 ( 2)
  59 F   0.70721 0.26823 0.02000 0.00456 ( 1)
  60 R   0.98089 0.01807 0.00084 0.00019 ( 1)
  61 A   0.39664 0.51556 0.07149 0.01631 ( 2)
  62 Y   0.96373 0.03367 0.00211 0.00049 ( 1)
  63 Q   0.96006 0.03695 0.00243 0.00056 ( 1)
  64 Q   0.92142 0.07076 0.00635 0.00147 ( 1)
  65 S   0.55530 0.39412 0.04120 0.00938 ( 1)
  66 L   0.97767 0.02101 0.00107 0.00025 ( 1)
  67 E   0.98899 0.01047 0.00044 0.00010 ( 1)
  68 D   0.12315 0.77296 0.08520 0.01869 ( 2)
  69 W   0.89527 0.09279 0.00969 0.00225 ( 1)
  70 L   0.95272 0.04327 0.00326 0.00075 ( 1)
  71 E   0.78614 0.19823 0.01272 0.00291 ( 1)
  72 N   0.94293 0.05224 0.00392 0.00091 ( 1)
  73 R   0.96801 0.02979 0.00179 0.00041 ( 1)
  74 D   0.77522 0.20846 0.01328 0.00304 ( 1)
  75 D   0.99123 0.00838 0.00031 0.00007 ( 1)
  76 A   0.98444 0.01477 0.00064 0.00015 ( 1)
  77 R   0.98089 0.01807 0.00084 0.00019 ( 1)
  78 T   0.36231 0.53936 0.08002 0.01831 ( 2)
  79 R   0.98089 0.01807 0.00084 0.00019 ( 1)
  80 S   0.97305 0.02528 0.00136 0.00031 ( 1)
  81 V   0.73867 0.24070 0.01679 0.00383 ( 1)
  82 L   0.63953 0.32694 0.02732 0.00621 ( 1)
  83 Y   0.00040 0.73700 0.21277 0.04983 ( 2)
  84 T   0.01096 0.74339 0.19903 0.04662 ( 2)
  85 Q   0.33429 0.54933 0.09455 0.02183 ( 2)
  86 Y   0.98044 0.01845 0.00090 0.00021 ( 1)
  87 I   0.15221 0.75077 0.07953 0.01748 ( 2)
  88 A   0.94493 0.05027 0.00390 0.00090 ( 1)
  89 L   0.95104 0.04490 0.00330 0.00076 ( 1)
  90 E   0.98369 0.01536 0.00077 0.00018 ( 1)
  91 L   0.97767 0.02101 0.00107 0.00025 ( 1)
  92 D   0.98325 0.01584 0.00074 0.00017 ( 1)
  93 F   0.70737 0.26862 0.01956 0.00446 ( 1)
  94 L   0.07240 0.79376 0.10955 0.02428 ( 2)
  95 N   0.74070 0.23939 0.01621 0.00370 ( 1)
  96 A   0.94860 0.04702 0.00356 0.00082 ( 1)
  97 M   0.74187 0.23899 0.01558 0.00355 ( 1)
  98 P   0.89232 0.09516 0.01016 0.00236 ( 1)
  99 L   0.97767 0.02101 0.00107 0.00025 ( 1)
 100 F   0.93062 0.06293 0.00524 0.00121 ( 1)
 101 A   0.00533 0.80999 0.15077 0.03391 ( 2)
 102 I   0.98649 0.01277 0.00060 0.00014 ( 1)
 103 R   0.06625 0.77036 0.13318 0.03021 ( 2)
 104 N   0.05675 0.78024 0.13298 0.03004 ( 2)
 105 Q   0.65201 0.31502 0.02685 0.00612 ( 1)
 106 E   0.57703 0.37709 0.03738 0.00850 ( 1)
 107 V   0.98137 0.01754 0.00089 0.00020 ( 1)
 108 P   0.97340 0.02495 0.00135 0.00031 ( 1)
 109 L   0.95104 0.04490 0.00330 0.00076 ( 1)
 110 L   0.94763 0.04785 0.00368 0.00085 ( 1)
 111 M   0.97789 0.02092 0.00097 0.00022 ( 1)
 112 V   0.98437 0.01476 0.00071 0.00016 ( 1)
 113 Y   0.97574 0.02275 0.00122 0.00028 ( 1)
 114 A   0.98119 0.01778 0.00083 0.00019 ( 1)
 115 Q   0.97493 0.02353 0.00126 0.00029 ( 1)
 116 A   0.98119 0.01778 0.00083 0.00019 ( 1)
 117 A   0.98444 0.01477 0.00064 0.00015 ( 1)
 118 N   0.98763 0.01177 0.00049 0.00011 ( 1)
 119 L   0.94555 0.04967 0.00388 0.00090 ( 1)
 120 H   0.93936 0.05532 0.00432 0.00100 ( 1)
 121 L   0.95728 0.03938 0.00272 0.00063 ( 1)
 122 L   0.95104 0.04490 0.00330 0.00076 ( 1)
 123 L   0.95104 0.04490 0.00330 0.00076 ( 1)
 124 L   0.90233 0.08686 0.00877 0.00203 ( 1)
 125 R   0.97945 0.01939 0.00094 0.00022 ( 1)
 126 D   0.97344 0.02493 0.00133 0.00031 ( 1)
 127 A   0.94698 0.04840 0.00375 0.00087 ( 1)
 128 S   0.92403 0.06859 0.00600 0.00139 ( 1)
 129 L   0.97767 0.02101 0.00107 0.00025 ( 1)
 130 F   0.73269 0.24462 0.01847 0.00422 ( 1)
 131 G   0.98306 0.01605 0.00073 0.00017 ( 1)
 132 S   0.73646 0.24222 0.01736 0.00397 ( 1)
 133 E   0.98899 0.01047 0.00044 0.00010 ( 1)
 134 F   0.06877 0.79175 0.11409 0.02538 ( 2)
 135 G   0.91315 0.07774 0.00739 0.00171 ( 1)
 136 L   0.01961 0.79490 0.15125 0.03424 ( 2)
 137 T   0.09543 0.78208 0.10030 0.02219 ( 2)
 138 S   0.93138 0.06205 0.00534 0.00124 ( 1)
 139 Q   0.00082 0.60997 0.31153 0.07768 ( 2)
 140 E   0.83341 0.15575 0.00882 0.00202 ( 1)
 141 I   0.74420 0.23598 0.01613 0.00368 ( 1)
 142 Q   0.06416 0.79241 0.11729 0.02614 ( 2)
 143 R   0.44535 0.49206 0.05109 0.01150 ( 2)
 144 Y   0.98044 0.01845 0.00090 0.00021 ( 1)
 145 Y   0.96373 0.03367 0.00211 0.00049 ( 1)
 146 E   0.60206 0.35536 0.03467 0.00790 ( 1)
 147 R   0.02910 0.76292 0.16898 0.03900 ( 2)
 148 Q   0.97493 0.02353 0.00126 0.00029 ( 1)
 149 V   0.03173 0.75430 0.17364 0.04033 ( 2)
 150 E   0.16695 0.74751 0.07021 0.01533 ( 2)
 151 R   0.00003 0.60403 0.31744 0.07850 ( 2)
 152 T   0.94523 0.05001 0.00387 0.00089 ( 1)
 153 R   0.06336 0.78952 0.12026 0.02686 ( 2)
 154 D   0.14171 0.75343 0.08590 0.01895 ( 2)
 155 Y   0.98044 0.01845 0.00090 0.00021 ( 1)
 156 S   0.97017 0.02791 0.00156 0.00036 ( 1)
 157 D   0.53765 0.41144 0.04150 0.00941 ( 1)
 158 Y   0.68097 0.29059 0.02316 0.00528 ( 1)
 159 C   0.89450 0.09337 0.00984 0.00228 ( 1)
 160 V   0.67400 0.29369 0.02630 0.00601 ( 1)
 161 E   0.00693 0.78037 0.17297 0.03973 ( 2)
 162 W   0.89527 0.09279 0.00969 0.00225 ( 1)
 163 Y   0.98044 0.01845 0.00090 0.00021 ( 1)
 164 N   0.99044 0.00915 0.00034 0.00008 ( 1)
 165 T   0.93256 0.06119 0.00507 0.00117 ( 1)
 166 G   0.96927 0.02862 0.00171 0.00040 ( 1)
 167 L   0.95572 0.04071 0.00290 0.00067 ( 1)
 168 N   0.99044 0.00915 0.00034 0.00008 ( 1)
 169 S   0.00324 0.76330 0.18954 0.04393 ( 2)
 170 L   0.93341 0.06012 0.00525 0.00122 ( 1)
 171 R   0.98089 0.01807 0.00084 0.00019 ( 1)
 172 G   0.91315 0.07774 0.00739 0.00171 ( 1)
 173 T   0.98129 0.01772 0.00080 0.00018 ( 1)
 174 N   0.81602 0.17128 0.01033 0.00237 ( 1)
 175 A   0.97579 0.02272 0.00121 0.00028 ( 1)
 176 A   0.79021 0.19245 0.01409 0.00324 ( 1)
 177 S   0.98626 0.01311 0.00052 0.00012 ( 1)
 178 W   0.89527 0.09279 0.00969 0.00225 ( 1)
 179 V   0.03786 0.75630 0.16705 0.03878 ( 2)
 180 R   0.90168 0.08739 0.00887 0.00206 ( 1)
 181 Y   0.98044 0.01845 0.00090 0.00021 ( 1)
 182 N   0.99044 0.00915 0.00034 0.00008 ( 1)
 183 Q   0.97493 0.02353 0.00126 0.00029 ( 1)
 184 F   0.93062 0.06293 0.00524 0.00121 ( 1)
 185 R   0.97404 0.02438 0.00128 0.00030 ( 1)
 186 R   0.98089 0.01807 0.00084 0.00019 ( 1)
 187 D   0.95635 0.04035 0.00268 0.00062 ( 1)
 188 L   0.95572 0.04071 0.00290 0.00067 ( 1)
 189 T   0.95750 0.03906 0.00279 0.00065 ( 1)
 190 L   0.95151 0.04445 0.00328 0.00076 ( 1)
 191 G   0.94237 0.05265 0.00404 0.00093 ( 1)
 192 V   0.98437 0.01476 0.00071 0.00016 ( 1)
 193 L   0.95104 0.04490 0.00330 0.00076 ( 1)
 194 D   0.99123 0.00838 0.00031 0.00007 ( 1)
 195 L   0.95467 0.04160 0.00303 0.00070 ( 1)
 196 V   0.91521 0.07588 0.00723 0.00168 ( 1)
 197 A   0.97201 0.02620 0.00145 0.00034 ( 1)
 198 L   0.95728 0.03938 0.00272 0.00063 ( 1)
 199 F   0.93062 0.06293 0.00524 0.00121 ( 1)
 200 P   0.97682 0.02183 0.00109 0.00025 ( 1)
 201 S   0.92624 0.06670 0.00573 0.00132 ( 1)

