Supplemental results for CODEML (seqf: algn  treef: tree)


dN/dS (w) for site classes (K=4)

site class             0        1       2a       2b
proportion       0.25799  0.22882  0.27197  0.24122
background w     0.16454  1.00000  0.16454  1.00000
foreground w     0.16454  1.00000  1.00000  1.00000

Naive Empirical Bayes (NEB) probabilities for 4 classes
(amino acids refer to 1st sequence: BT_Cry8Ha1)

   1 G   0.42738 0.06468 0.43975 0.06819 ( 3)
   2 T   0.46782 0.02117 0.48871 0.02231 ( 3)
   3 S   0.06783 0.41973 0.06995 0.44248 ( 4)
   4 V   0.04559 0.44188 0.04670 0.46583 ( 4)
   5 Q   0.40332 0.08678 0.41842 0.09148 ( 3)
   6 L   0.48700 0.00571 0.50127 0.00602 ( 3)
   7 T   0.34308 0.14756 0.35380 0.15556 ( 3)
   8 R   0.39869 0.09231 0.41167 0.09732 ( 3)
   9 E   0.29689 0.19357 0.30547 0.20407 ( 3)
  10 V   0.40345 0.08784 0.41611 0.09260 ( 3)
  11 Y   0.26337 0.22691 0.27050 0.23921 ( 3)
  12 T   0.06763 0.41989 0.06982 0.44265 ( 4)
  13 D   0.44402 0.05040 0.45244 0.05313 ( 3)
  14 P   0.42810 0.06250 0.44351 0.06589 ( 3)
  15 I   0.45146 0.03639 0.47378 0.03837 ( 3)
  16 G   0.47931 0.01382 0.49230 0.01457 ( 3)
  17 A   0.00092 0.48590 0.00095 0.51224 ( 4)
  18 T   0.02822 0.45890 0.02911 0.48377 ( 4)
  19 S   0.02648 0.46077 0.02699 0.48575 ( 4)
  20 T   0.01290 0.47397 0.01347 0.49966 ( 4)
  21 Q   0.00732 0.47958 0.00752 0.50557 ( 4)
  22 G   0.02557 0.46168 0.02604 0.48671 ( 4)
  23 G   0.00101 0.48581 0.00103 0.51214 ( 4)
  24 V   0.01106 0.47585 0.01145 0.50164 ( 4)
  25 -   0.15954 0.32727 0.16819 0.34501 ( 4)
  26 -   0.13642 0.35038 0.14382 0.36938 ( 4)
  27 S   0.20692 0.28041 0.21707 0.29561 ( 4)
  28 W   0.27550 0.21242 0.28815 0.22393 ( 3)
  29 Y   0.43255 0.05997 0.44425 0.06322 ( 3)
  30 D   0.31732 0.17120 0.33101 0.18048 ( 3)
  31 D   0.00086 0.48596 0.00088 0.51230 ( 4)
  32 A   0.45589 0.03299 0.47633 0.03478 ( 3)
  33 P   0.27579 0.21426 0.28407 0.22588 ( 3)
  34 S   0.38740 0.10447 0.39800 0.11014 ( 3)
  35 -   0.09502 0.39178 0.10017 0.41302 ( 4)
  36 F   0.48751 0.00676 0.49860 0.00712 ( 3)
  37 T   0.00997 0.47687 0.01044 0.50272 ( 4)
  38 A   0.00277 0.48240 0.00628 0.50855 ( 4)
  39 I   0.46856 0.02414 0.48186 0.02545 ( 3)
  40 E   0.39120 0.10043 0.40251 0.10587 ( 3)
  41 S   0.41124 0.08182 0.42069 0.08626 ( 3)
  42 S   0.00172 0.48509 0.00180 0.51138 ( 4)
  43 V   0.04042 0.44697 0.04141 0.47120 ( 4)
  44 V   0.05051 0.43708 0.05162 0.46078 ( 4)
  45 R   0.05904 0.42804 0.06167 0.45125 ( 4)
  46 P   0.04594 0.44127 0.04759 0.46519 ( 4)
  47 L   0.05574 0.43172 0.05742 0.45512 ( 4)
  48 H   0.37941 0.11262 0.38925 0.11872 ( 3)
  49 L   0.48331 0.00600 0.50436 0.00633 ( 3)
  50 F   0.49337 0.00099 0.50460 0.00104 ( 3)
  51 D   0.47560 0.01936 0.48463 0.02041 ( 3)
  52 L   0.33880 0.15318 0.34653 0.16149 ( 3)
  53 L   0.44762 0.04480 0.46036 0.04722 ( 3)
  54 T   0.48418 0.00488 0.50580 0.00515 ( 3)
  55 G   0.10644 0.38081 0.11131 0.40145 ( 4)
  56 V   0.44554 0.04667 0.45860 0.04920 ( 3)
  57 T   0.38878 0.10290 0.39983 0.10848 ( 3)
  58 V   0.47970 0.01418 0.49118 0.01495 ( 3)
  59 Y   0.47224 0.02081 0.48501 0.02194 ( 3)
  60 A   0.42426 0.06727 0.43756 0.07091 ( 3)
  61 A   0.07096 0.41643 0.07362 0.43900 ( 4)
  62 S   0.17332 0.31491 0.17980 0.33198 ( 4)
  63 S   0.38214 0.10843 0.39513 0.11431 ( 3)
  64 S   0.26656 0.22490 0.27145 0.23709 ( 3)
  65 W   0.08061 0.40638 0.08460 0.42841 ( 4)
  66 D   0.37253 0.11976 0.38145 0.12626 ( 3)
  67 S   0.46293 0.02993 0.47559 0.03155 ( 3)
  68 S   0.29060 0.20117 0.29615 0.21207 ( 3)
  69 H   0.45927 0.03205 0.47489 0.03379 ( 3)
  70 Y   0.37485 0.11691 0.38499 0.12324 ( 3)
  71 F   0.47409 0.01867 0.48756 0.01968 ( 3)
  72 R   0.30241 0.18737 0.31269 0.19753 ( 3)
  73 F   0.48853 0.00576 0.49965 0.00607 ( 3)
  74 W   0.47420 0.01453 0.49596 0.01532 ( 3)
  75 N   0.39365 0.09886 0.40328 0.10421 ( 3)
  76 G   0.48654 0.00668 0.49973 0.00705 ( 3)
  77 H   0.49282 0.00077 0.50559 0.00081 ( 3)
  78 K   0.38786 0.10327 0.40001 0.10886 ( 3)
  79 V   0.46771 0.02496 0.48102 0.02631 ( 3)
  80 D   0.07709 0.41041 0.07985 0.43265 ( 4)
  81 T   0.00937 0.47756 0.00963 0.50345 ( 4)
  82 K   0.38726 0.10445 0.39819 0.11011 ( 3)
  83 G   0.01378 0.47320 0.01417 0.49885 ( 4)
  84 I   0.03754 0.44937 0.03936 0.47373 ( 4)
  85 K   0.00717 0.47977 0.00730 0.50577 ( 4)
  86 S   0.15827 0.33030 0.16322 0.34821 ( 4)
  87 S   0.08638 0.40144 0.08898 0.42320 ( 4)
  88 V   0.00991 0.47701 0.01020 0.50287 ( 4)
  89 Q   0.00201 0.48483 0.00206 0.51111 ( 4)
  90 Y   0.37840 0.11502 0.38532 0.12126 ( 3)
  91 S   0.04164 0.44563 0.04295 0.46978 ( 4)
  92 N   0.00047 0.48633 0.00050 0.51270 ( 4)
  93 V   0.02933 0.45779 0.03028 0.48260 ( 4)
  94 Y   0.48721 0.00211 0.50845 0.00223 ( 3)
  95 G   0.31204 0.17758 0.32318 0.18721 ( 3)
  96 S   0.08629 0.40179 0.08835 0.42357 ( 4)
  97 T   0.04059 0.44692 0.04134 0.47115 ( 4)
  98 S   0.00099 0.48582 0.00103 0.51216 ( 4)
  99 N   0.33168 0.16093 0.33774 0.16965 ( 3)
 100 A   0.00345 0.48338 0.00358 0.50959 ( 4)
 101 V   0.01329 0.47362 0.01379 0.49929 ( 4)
 102 S   0.00064 0.48617 0.00066 0.51253 ( 4)
 103 T   0.11631 0.37222 0.11907 0.39240 ( 4)
 104 T   0.08718 0.40000 0.09114 0.42168 ( 4)
 105 I   0.11822 0.37034 0.12103 0.39041 ( 4)
 106 I   0.00754 0.47938 0.00772 0.50536 ( 4)
 107 P   0.00276 0.48409 0.00282 0.51033 ( 4)
 108 F   0.45856 0.03527 0.46899 0.03718 ( 3)
 109 S   0.00169 0.48513 0.00176 0.51142 ( 4)
 110 G   0.43796 0.05462 0.44983 0.05758 ( 3)
 111 F   0.27821 0.20930 0.29184 0.22064 ( 3)
 112 D   0.32542 0.16706 0.33140 0.17612 ( 3)
 113 V   0.47338 0.02085 0.48379 0.02198 ( 3)
 114 Y   0.46799 0.02001 0.49091 0.02109 ( 3)
 115 R   0.10528 0.30893 0.26012 0.32568 ( 4)
 116 V   0.22234 0.26775 0.22764 0.28227 ( 4)
 117 F   0.04760 0.43952 0.04954 0.46334 ( 4)
 118 S   0.47695 0.01336 0.49561 0.01408 ( 3)
 119 L   0.23539 0.25308 0.24474 0.26679 ( 4)
 120 A   0.47410 0.02083 0.48312 0.02195 ( 3)
 121 G   0.45789 0.03393 0.47241 0.03577 ( 3)
 122 V   0.47699 0.01511 0.49196 0.01593 ( 3)
 123 L   0.29139 0.19609 0.30579 0.20672 ( 3)
 124 F   0.25451 0.23619 0.26030 0.24899 ( 3)
 125 -   0.26918 0.22223 0.27430 0.23428 ( 3)
 126 -   0.26614 0.22401 0.27370 0.23615 ( 3)
 127 -   0.26647 0.22382 0.27377 0.23595 ( 3)
 128 -   0.26325 0.22570 0.27311 0.23794 ( 3)
 129 -   0.26647 0.22382 0.27377 0.23595 ( 3)
 130 A   0.43218 0.06032 0.44391 0.06359 ( 3)
 131 W   0.11387 0.37444 0.11696 0.39474 ( 4)
 132 T   0.47255 0.01645 0.49366 0.01734 ( 3)
 133 T   0.30920 0.18167 0.31760 0.19152 ( 3)
 134 R   0.33689 0.15366 0.34745 0.16199 ( 3)
 135 Y   0.44734 0.04630 0.45754 0.04881 ( 3)
 136 F   0.41486 0.07830 0.42430 0.08254 ( 3)
 137 G   0.46752 0.02350 0.48421 0.02477 ( 3)
 138 A   0.02000 0.46702 0.02065 0.49233 ( 4)
 139 P   0.48664 0.00195 0.50934 0.00206 ( 3)
 140 E   0.00789 0.47901 0.00812 0.50498 ( 4)
 141 V   0.46485 0.02327 0.48734 0.02454 ( 3)
 142 Y   0.00004 0.48677 0.00004 0.51316 ( 4)
 143 F   0.49037 0.00395 0.50153 0.00416 ( 3)
 144 Q   0.00465 0.48223 0.00475 0.50837 ( 4)
 145 R   0.03421 0.45269 0.03587 0.47723 ( 4)
 146 V   0.40231 0.08897 0.41494 0.09379 ( 3)
 147 D   0.05596 0.43116 0.05835 0.45454 ( 4)
 148 H   0.03124 0.45582 0.03241 0.48053 ( 4)
 149 N   0.08189 0.40492 0.08633 0.42687 ( 4)
 150 S   0.33085 0.15596 0.34878 0.16441 ( 3)
 151 G   0.26221 0.22460 0.27642 0.23677 ( 3)
 152 I   0.46557 0.02339 0.48639 0.02465 ( 3)
 153 D   0.31649 0.17585 0.32229 0.18538 ( 3)
 154 V   0.04647 0.44115 0.04732 0.46506 ( 4)
 155 G   0.17773 0.31169 0.18199 0.32859 ( 4)
 156 Y   0.00092 0.48590 0.00094 0.51224 ( 4)
 157 D   0.01791 0.46903 0.01862 0.49445 ( 4)
 158 I   0.16488 0.32328 0.17104 0.34080 ( 4)
 159 A   0.00250 0.48431 0.00262 0.51057 ( 4)
 160 F   0.48422 0.00897 0.49735 0.00946 ( 3)
 161 S   0.00179 0.48503 0.00186 0.51132 ( 4)
 162 E   0.01593 0.47094 0.01667 0.49646 ( 4)
 163 R   0.00032 0.48650 0.00032 0.51287 ( 4)
 164 Y   0.24825 0.23918 0.26043 0.25214 ( 3)
 165 A   0.04520 0.44217 0.04648 0.46614 ( 4)
 166 G   0.11328 0.37547 0.11544 0.39582 ( 4)
 167 I   0.48598 0.00846 0.49664 0.00892 ( 3)
 168 G   0.17105 0.31790 0.17591 0.33514 ( 4)
 169 E   0.02630 0.46062 0.02749 0.48559 ( 4)
 170 Q   0.45365 0.03889 0.46647 0.04099 ( 3)
 171 Q   0.00359 0.48325 0.00371 0.50945 ( 4)
 172 K   0.37246 0.11826 0.38460 0.12467 ( 3)
 173 D   0.39240 0.10113 0.39987 0.10661 ( 3)
 174 S   0.48356 0.00679 0.50249 0.00716 ( 3)
 175 L   0.06681 0.42082 0.06875 0.44363 ( 4)
 176 D   0.09639 0.39105 0.10032 0.41224 ( 4)
 177 E   0.48492 0.00786 0.49894 0.00829 ( 3)
 178 L   0.48331 0.00600 0.50436 0.00633 ( 3)
 179 P   0.49129 0.00130 0.50605 0.00137 ( 3)
 180 L   0.27544 0.21380 0.28538 0.22538 ( 3)
 181 Q   0.27859 0.21126 0.28744 0.22271 ( 3)
 182 T   0.19102 0.29792 0.19700 0.31407 ( 4)
 183 E   0.00774 0.47912 0.00804 0.50510 ( 4)
 184 G   0.38289 0.11048 0.39016 0.11647 ( 3)
 185 -   0.43166 0.05514 0.45506 0.05813 ( 3)
 186 P   0.40291 0.08747 0.41741 0.09221 ( 3)
 187 A   0.01092 0.47602 0.01123 0.50182 ( 4)
 188 Y   0.41407 0.07921 0.42322 0.08350 ( 3)
 189 -   0.10042 0.38769 0.10318 0.40871 ( 4)
 190 -   0.25990 0.22691 0.27398 0.23921 ( 3)
 191 -   0.25889 0.22791 0.27293 0.24027 ( 3)
 192 R   0.01129 0.47558 0.01177 0.50136 ( 4)
 193 S   0.32824 0.16216 0.33865 0.17095 ( 3)
 194 Y   0.48536 0.00268 0.50914 0.00282 ( 3)
 195 S   0.48368 0.00519 0.50567 0.00547 ( 3)
 196 H   0.49302 0.00058 0.50580 0.00061 ( 3)
 197 R   0.46481 0.02689 0.47994 0.02835 ( 3)
 198 L   0.48164 0.00913 0.49961 0.00962 ( 3)
 199 N   0.03855 0.02306 0.91408 0.02431 ( 3)
 200 H   0.49108 0.00249 0.50380 0.00263 ( 3)
 201 I   0.48694 0.00751 0.49763 0.00792 ( 3)
 202 S   0.44199 0.04974 0.45583 0.05244 ( 3)
 203 M   0.10842 0.38005 0.11089 0.40065 ( 4)
 204 V   0.47322 0.02101 0.48362 0.02215 ( 3)
 205 P   0.11147 0.37562 0.11693 0.39598 ( 4)
 206 Q   0.07351 0.41348 0.07711 0.43590 ( 4)
 207 T   0.28831 0.20288 0.29494 0.21387 ( 3)
 208 V   0.15876 0.32921 0.16498 0.34705 ( 4)
 209 R   0.13237 0.35606 0.13621 0.37536 ( 4)
 210 T   0.17645 0.20737 0.39757 0.21861 ( 3)
 211 R   0.11369 0.37364 0.11877 0.39389 ( 4)
 212 N   0.43310 0.05942 0.44483 0.06265 ( 3)
 213 V   0.47813 0.01400 0.49313 0.01475 ( 3)
 214 P   0.49140 0.00118 0.50616 0.00125 ( 3)
 215 V   0.48819 0.00404 0.50351 0.00426 ( 3)
 216 F   0.49037 0.00395 0.50153 0.00416 ( 3)
 217 S   0.41259 0.07961 0.42388 0.08392 ( 3)
 218 W   0.47420 0.01453 0.49596 0.01532 ( 3)
 219 S   0.01796 0.45337 0.05074 0.47794 ( 4)
 220 H   0.49302 0.00058 0.50580 0.00061 ( 3)
 221 R   0.02556 0.45952 0.03049 0.48443 ( 4)
 222 S   0.48925 0.00500 0.50049 0.00527 ( 3)
 223 -   0.25799 0.22882 0.27197 0.24122 ( 3)
 224 -   0.25799 0.22882 0.27197 0.24122 ( 3)
 225 -   0.25799 0.22882 0.27197 0.24122 ( 3)
 226 -   0.25799 0.22882 0.27197 0.24122 ( 3)
 227 -   0.25799 0.22882 0.27197 0.24122 ( 3)
 228 -   0.25799 0.22882 0.27197 0.24122 ( 3)
 229 -   0.25799 0.22882 0.27197 0.24122 ( 3)
 230 -   0.25799 0.22882 0.27197 0.24122 ( 3)


lnL = -3344.253184

