Supplemental results for CODEML (seqf: algn  treef: tree)


dN/dS (w) for site classes (K=4)

site class             0        1       2a       2b
proportion       0.45730  0.33046  0.12321  0.08903
background w     0.13167  1.00000  0.13167  1.00000
foreground w     0.13167  1.00000 123.06584 123.06584

Naive Empirical Bayes (NEB) probabilities for 4 classes
(amino acids refer to 1st sequence: BT_Cry21Aa1)

   1 -   0.65610 0.13166 0.17677 0.03547 ( 1)
   2 -   0.03130 0.75646 0.00843 0.20381 ( 2)
   3 -   0.75960 0.02815 0.20466 0.00759 ( 1)
   4 -   0.76971 0.01805 0.20738 0.00486 ( 1)
   5 -   0.01780 0.76357 0.00676 0.21187 ( 2)
   6 L   0.03170 0.55191 0.05886 0.35753 ( 2)
   7 K   0.38956 0.01422 0.59213 0.00409 ( 3)
   8 G   0.93796 0.05838 0.00343 0.00024 ( 1)
   9 F   0.50493 0.22469 0.23062 0.03976 ( 1)
  10 P   0.61186 0.01149 0.37454 0.00211 ( 1)
  11 A   0.94158 0.00063 0.05764 0.00015 ( 1)
  12 E   0.98609 0.00102 0.01283 0.00006 ( 1)
  13 K   0.97322 0.00034 0.02642 0.00003 ( 1)
  14 G   0.00819 0.03098 0.89816 0.06267 ( 3)
  15 -   0.14443 0.53747 0.16777 0.15034 ( 2)
  16 -   0.14157 0.56035 0.14340 0.15467 ( 2)
  17 Y   0.00546 0.05244 0.80101 0.14109 ( 3)
  18 G   0.86912 0.00313 0.12747 0.00028 ( 1)
  19 D   0.11245 0.77918 0.01004 0.09833 ( 2)
  20 S   0.15579 0.77979 0.02253 0.04189 ( 2)
  21 I   0.14005 0.08309 0.75485 0.02201 ( 3)
  22 A   0.00828 0.79148 0.01754 0.18270 ( 2)
  23 Y   0.68726 0.05078 0.25482 0.00714 ( 1)
  24 V   0.00747 0.00339 0.97915 0.00999 ( 3)
  25 S   0.10417 0.17897 0.66939 0.04747 ( 3)
  26 E   0.98644 0.00068 0.01284 0.00004 ( 1)
  27 P   0.98641 0.00175 0.01176 0.00007 ( 1)
  28 -   0.82420 0.01021 0.16282 0.00276 ( 1)
  29 -   0.45730 0.33046 0.12321 0.08903 ( 1)
  30 L   0.27168 0.03061 0.67922 0.01849 ( 3)
  31 N   0.97613 0.00109 0.02267 0.00011 ( 1)
  32 G   0.94838 0.00070 0.05079 0.00013 ( 1)
  33 A   0.22482 0.03812 0.70543 0.03162 ( 3)
  34 N   0.71653 0.00107 0.28215 0.00025 ( 1)
  35 A   0.26999 0.05033 0.64243 0.03725 ( 3)
  36 V   0.07630 0.00857 0.90218 0.01295 ( 3)
  37 K   0.84159 0.02575 0.13024 0.00242 ( 1)
  38 L   0.65228 0.02684 0.31624 0.00463 ( 1)
  39 T   0.20483 0.58831 0.10235 0.10451 ( 2)
  40 S   0.00325 0.65920 0.00510 0.33244 ( 2)
  41 Y   0.08972 0.06622 0.81222 0.03184 ( 3)
  42 Q   0.00210 0.30908 0.21018 0.47863 ( 4)
  43 V   0.13806 0.64292 0.07002 0.14900 ( 2)
  44 L   0.28322 0.12133 0.53361 0.06184 ( 3)
  45 Q   0.00000 0.51041 0.00009 0.48950 ( 2)
  46 -   0.45730 0.33046 0.12321 0.08903 ( 1)
  47 -   0.75629 0.03146 0.20376 0.00848 ( 1)
  48 -   0.71007 0.07769 0.19131 0.02093 ( 1)
  49 -   0.77854 0.00922 0.20976 0.00248 ( 1)
  50 -   0.17631 0.61145 0.04750 0.16474 ( 2)
  51 -   0.72307 0.06469 0.19481 0.01743 ( 1)
  52 -   0.16769 0.62007 0.04518 0.16706 ( 2)
  53 -   0.75675 0.03101 0.20389 0.00835 ( 1)
  54 -   0.72279 0.06497 0.19474 0.01750 ( 1)
  55 M   0.00230 0.00937 0.96545 0.02287 ( 3)
  56 E   0.10769 0.42941 0.30214 0.16077 ( 2)
  57 V   0.80785 0.11244 0.05168 0.02804 ( 1)
  58 T   0.97277 0.00338 0.02355 0.00030 ( 1)
  59 N   0.95331 0.02237 0.02212 0.00220 ( 1)
  60 Q   0.08035 0.53028 0.23985 0.14952 ( 2)
  61 T   0.78328 0.18192 0.01892 0.01589 ( 1)
  62 T   0.00402 0.64966 0.00994 0.33638 ( 2)
  63 Q   0.97934 0.01346 0.00695 0.00025 ( 1)
  64 K   0.36869 0.57620 0.00795 0.04716 ( 2)
  65 Y   0.99022 0.00085 0.00891 0.00003 ( 1)
  66 R   0.14911 0.77084 0.02102 0.05903 ( 2)
  67 I   0.26875 0.60733 0.05214 0.07179 ( 2)
  68 R   0.96879 0.02062 0.01001 0.00059 ( 1)
  69 I   0.89900 0.06072 0.03305 0.00723 ( 1)
  70 R   0.99550 0.00052 0.00398 0.00001 ( 1)
  71 Y   0.97679 0.00501 0.01802 0.00019 ( 1)
  72 A   0.98601 0.00020 0.01378 0.00001 ( 1)
  73 T   0.93601 0.00122 0.06251 0.00026 ( 1)
  74 G   0.78660 0.14989 0.04420 0.01931 ( 1)
  75 G   0.04693 0.81831 0.00557 0.12919 ( 2)
  76 D   0.00210 0.89768 0.00032 0.09990 ( 2)
  77 T   0.53061 0.33101 0.10352 0.03487 ( 1)
  78 A   0.00099 0.82035 0.00063 0.17804 ( 2)
  79 A   0.00481 0.89322 0.00091 0.10106 ( 2)
  80 S   0.05762 0.91452 0.00050 0.02736 ( 2)
  81 I   0.00788 0.59879 0.02082 0.37251 ( 2)
  82 W   0.01645 0.98252 0.00001 0.00101 ( 2)
  83 F   0.45024 0.06803 0.46055 0.02117 ( 3)
  84 H   0.00016 0.87511 0.00006 0.12467 ( 2)
  85 I   0.71067 0.22759 0.02915 0.03259 ( 1)
  86 I   0.00052 0.78267 0.00040 0.21641 ( 2)
  87 -   0.00002 0.78602 0.00001 0.21394 ( 2)
  88 -   0.33180 0.47934 0.05953 0.12933 ( 2)
  89 -   0.45730 0.33046 0.12321 0.08903 ( 1)
  90 -   0.45730 0.33046 0.12321 0.08903 ( 1)
  91 -   0.45730 0.33046 0.12321 0.08903 ( 1)
  92 -   0.45730 0.33046 0.12321 0.08903 ( 1)
  93 G   0.00047 0.86139 0.00083 0.13731 ( 2)
  94 P   0.01558 0.87529 0.00609 0.10305 ( 2)
  95 S   0.00138 0.62898 0.00130 0.36835 ( 2)
  96 G   0.00012 0.82145 0.00008 0.17835 ( 2)
  97 N   0.00080 0.84060 0.00059 0.15801 ( 2)
  98 D   0.01811 0.91742 0.00026 0.06421 ( 2)
  99 L   0.00166 0.95939 0.00004 0.03891 ( 2)
 100 T   0.00001 0.90281 0.00000 0.09718 ( 2)
 101 N   0.49299 0.45164 0.01274 0.04263 ( 1)
 102 -   0.45730 0.33046 0.12321 0.08903 ( 1)
 103 -   0.45730 0.33046 0.12321 0.08903 ( 1)
 104 -   0.45730 0.33046 0.12321 0.08903 ( 1)
 105 E   0.00671 0.84902 0.00387 0.14040 ( 2)
 106 G   0.03158 0.65506 0.07326 0.24011 ( 2)
 107 H   0.00051 0.84288 0.00196 0.15465 ( 2)
 108 N   0.00000 0.62688 0.00000 0.37312 ( 2)
 109 F   0.00043 0.93180 0.00003 0.06774 ( 2)
 110 S   0.07051 0.87030 0.00280 0.05640 ( 2)
 111 S   0.01584 0.78170 0.00623 0.19623 ( 2)
 112 V   0.45730 0.33046 0.12321 0.08903 ( 1)
 113 S   0.00815 0.92009 0.00054 0.07122 ( 2)
 114 S   0.52708 0.08132 0.36990 0.02170 ( 1)
 115 R   0.00423 0.78955 0.00551 0.20071 ( 2)
 116 N   0.86713 0.00083 0.13195 0.00009 ( 1)
 117 K   0.67076 0.05096 0.27077 0.00751 ( 1)
 118 M   0.99561 0.00025 0.00413 0.00001 ( 1)
 119 F   0.84619 0.03330 0.11820 0.00230 ( 1)
 120 V   0.06008 0.06261 0.84751 0.02980 ( 3)
 121 Q   0.98558 0.00425 0.01007 0.00011 ( 1)
 122 G   0.95471 0.03729 0.00687 0.00113 ( 1)
 123 N   0.65189 0.13220 0.19366 0.02225 ( 1)
 124 N   0.97150 0.00312 0.02508 0.00029 ( 1)
 125 G   0.95269 0.02743 0.01870 0.00118 ( 1)
 126 K   0.76282 0.20404 0.01646 0.01668 ( 1)
 127 Y   0.98984 0.00122 0.00890 0.00004 ( 1)
 128 V   0.42784 0.53128 0.00681 0.03407 ( 2)
 129 L   0.77555 0.20573 0.01173 0.00699 ( 1)
 130 N   0.01126 0.42768 0.23094 0.33012 ( 2)
 131 I   0.38528 0.50107 0.03514 0.07851 ( 2)
 132 L   0.26830 0.39766 0.18646 0.14759 ( 2)
 133 T   0.00055 0.83292 0.00059 0.16594 ( 2)
 134 D   0.96971 0.00832 0.02141 0.00055 ( 1)
 135 -   0.00830 0.77946 0.00224 0.21001 ( 2)
 136 -   0.77978 0.00798 0.21009 0.00215 ( 1)
 137 -   0.06331 0.72445 0.01706 0.19518 ( 2)
 138 S   0.68178 0.20943 0.09755 0.01124 ( 1)
 139 I   0.96985 0.00440 0.02532 0.00042 ( 1)
 140 E   0.15506 0.79893 0.00202 0.04399 ( 2)
 141 L   0.84447 0.13903 0.01176 0.00474 ( 1)
 142 P   0.88189 0.10953 0.00616 0.00242 ( 1)
 143 S   0.59533 0.39181 0.00468 0.00819 ( 1)
 144 G   0.70694 0.28893 0.00275 0.00138 ( 1)
 145 Q   0.20836 0.61732 0.08320 0.09112 ( 2)
 146 Q   0.05186 0.91759 0.00188 0.02867 ( 2)
 147 T   0.05225 0.18094 0.64987 0.11694 ( 3)
 148 -   0.78004 0.00772 0.21016 0.00208 ( 1)
 149 -   0.73018 0.05758 0.19673 0.01551 ( 1)
 150 -   0.03823 0.74953 0.01030 0.20194 ( 2)
 151 I   0.96001 0.00046 0.03945 0.00007 ( 1)
 152 L   0.00019 0.29521 0.02294 0.68166 ( 4)
 153 I   0.45007 0.48580 0.01311 0.05102 ( 2)
 154 Q   0.00147 0.65139 0.01835 0.32880 ( 2)
 155 N   0.97685 0.00043 0.02267 0.00004 ( 1)
 156 T   0.00139 0.79914 0.00064 0.19883 ( 2)
 157 N   0.00086 0.86720 0.00150 0.13045 ( 2)
 158 -   0.65877 0.12899 0.17749 0.03475 ( 1)
 159 S   0.01318 0.85734 0.00579 0.12369 ( 2)
 160 Q   0.23242 0.73831 0.00416 0.02511 ( 2)
 161 D   0.12307 0.81993 0.00276 0.05424 ( 2)
 162 L   0.83658 0.14751 0.01030 0.00561 ( 1)
 163 F   0.68179 0.00613 0.31100 0.00108 ( 1)
 164 L   0.98677 0.00258 0.01059 0.00007 ( 1)
 165 D   0.98520 0.00077 0.01397 0.00005 ( 1)
 166 R   0.95963 0.00189 0.03836 0.00012 ( 1)
 167 I   0.94832 0.02189 0.02749 0.00230 ( 1)
 168 E   0.98699 0.00016 0.01284 0.00001 ( 1)
 169 -   0.98393 0.00642 0.00930 0.00035 ( 1)
 170 -   0.97868 0.00130 0.01989 0.00013 ( 1)
 171 -   0.52776 0.26000 0.14219 0.07005 ( 1)


lnL = -3252.972637

Bayes Empirical Bayes (BEB) probabilities for 4 classes (class)
(amino acids refer to 1st sequence: BT_Cry21Aa1)

   1 -   0.64615 0.12697 0.19002 0.03686 ( 1)
   2 -   0.04257 0.73055 0.01264 0.21423 ( 2)
   3 -   0.74501 0.02811 0.21873 0.00815 ( 1)
   4 -   0.75495 0.01817 0.22161 0.00527 ( 1)
   5 -   0.02972 0.73768 0.01157 0.22102 ( 2)
   6 L   0.05110 0.57498 0.07050 0.30341 ( 2)
   7 K   0.36325 0.01227 0.62006 0.00442 ( 3)
   8 G   0.92001 0.04967 0.02811 0.00221 ( 1)
   9 F   0.51244 0.16708 0.28165 0.03883 ( 1)
  10 P   0.63329 0.01183 0.35268 0.00220 ( 1)
  11 A   0.94790 0.00078 0.05116 0.00016 ( 1)
  12 E   0.98026 0.00110 0.01855 0.00008 ( 1)
  13 K   0.96734 0.00042 0.03219 0.00004 ( 1)
  14 G   0.01372 0.03407 0.89908 0.05313 ( 3)
  15 -   0.19783 0.48461 0.17328 0.14428 ( 2)
  16 -   0.17908 0.50603 0.16538 0.14951 ( 2)
  17 Y   0.00987 0.06261 0.80625 0.12127 ( 3)
  18 G   0.84365 0.00283 0.15318 0.00034 ( 1)
  19 D   0.15623 0.71087 0.01830 0.11460 ( 2)
  20 S   0.20403 0.68015 0.04919 0.06662 ( 2)
  21 I   0.14858 0.06157 0.77022 0.01963 ( 3)
  22 A   0.01542 0.71288 0.03539 0.23631 ( 2)
  23 Y   0.65514 0.03818 0.29946 0.00722 ( 1)
  24 V   0.01368 0.00515 0.97077 0.01040 ( 3)
  25 S   0.10271 0.11922 0.73387 0.04420 ( 3)
  26 E   0.98062 0.00075 0.01857 0.00006 ( 1)
  27 P   0.98195 0.00206 0.01587 0.00011 ( 1)
  28 -   0.81035 0.01036 0.17627 0.00302 ( 1)
  29 -   0.46210 0.31103 0.13631 0.09056 ( 1)
  30 L   0.33121 0.03209 0.62059 0.01611 ( 3)
  31 N   0.96808 0.00118 0.03059 0.00015 ( 1)
  32 G   0.94959 0.00085 0.04940 0.00015 ( 1)
  33 A   0.32517 0.04752 0.60157 0.02573 ( 3)
  34 N   0.72689 0.00115 0.27169 0.00027 ( 1)
  35 A   0.35530 0.05248 0.56356 0.02866 ( 3)
  36 V   0.10196 0.01065 0.87507 0.01232 ( 3)
  37 K   0.82252 0.02111 0.15378 0.00259 ( 1)
  38 L   0.61036 0.02349 0.36074 0.00541 ( 1)
  39 T   0.24126 0.48902 0.15097 0.11875 ( 2)
  40 S   0.00702 0.70445 0.00789 0.28064 ( 2)
  41 Y   0.12304 0.07048 0.77675 0.02974 ( 3)
  42 Q   0.00426 0.31031 0.27741 0.40802 ( 4)
  43 V   0.18731 0.57109 0.09783 0.14377 ( 2)
  44 L   0.34664 0.12595 0.47652 0.05088 ( 3)
  45 Q   0.00001 0.53642 0.00020 0.46337 ( 2)
  46 -   0.46210 0.31103 0.13631 0.09056 ( 1)
  47 -   0.74200 0.03112 0.21786 0.00902 ( 1)
  48 -   0.70340 0.06972 0.20666 0.02022 ( 1)
  49 -   0.76377 0.00936 0.22416 0.00271 ( 1)
  50 -   0.21410 0.55902 0.06342 0.16346 ( 2)
  51 -   0.71017 0.06295 0.20862 0.01826 ( 1)
  52 -   0.20552 0.56760 0.06089 0.16599 ( 2)
  53 -   0.74252 0.03061 0.21800 0.00887 ( 1)
  54 -   0.71427 0.05886 0.20981 0.01707 ( 1)
  55 M   0.00416 0.01073 0.96440 0.02070 ( 3)
  56 E   0.15492 0.35554 0.36055 0.12899 ( 3)
  57 V   0.83356 0.09711 0.04839 0.02093 ( 1)
  58 T   0.96015 0.00324 0.03619 0.00042 ( 1)
  59 N   0.94567 0.02175 0.02984 0.00274 ( 1)
  60 Q   0.10554 0.41333 0.32659 0.15454 ( 2)
  61 T   0.80082 0.14981 0.03012 0.01925 ( 1)
  62 T   0.00706 0.65529 0.01487 0.32278 ( 2)
  63 Q   0.97437 0.01203 0.01318 0.00042 ( 1)
  64 K   0.44471 0.48933 0.01333 0.05263 ( 2)
  65 Y   0.98423 0.00099 0.01473 0.00005 ( 1)
  66 R   0.20485 0.68624 0.03493 0.07398 ( 2)
  67 I   0.32844 0.50907 0.08048 0.08201 ( 2)
  68 R   0.96145 0.02148 0.01617 0.00090 ( 1)
  69 I   0.88262 0.05620 0.05149 0.00969 ( 1)
  70 R   0.99108 0.00061 0.00829 0.00001 ( 1)
  71 Y   0.96702 0.00522 0.02745 0.00030 ( 1)
  72 A   0.97859 0.00025 0.02113 0.00002 ( 1)
  73 T   0.93918 0.00137 0.05919 0.00026 ( 1)
  74 G   0.79239 0.12708 0.06022 0.02031 ( 1)
  75 G   0.07612 0.78308 0.00931 0.13150 ( 2)
  76 D   0.00444 0.87001 0.00081 0.12474 ( 2)
  77 T   0.55677 0.25626 0.14738 0.03959 ( 1)
  78 A   0.00195 0.77821 0.00149 0.21835 ( 2)
  79 A   0.00869 0.85327 0.00216 0.13588 ( 2)
  80 S   0.10050 0.85578 0.00151 0.04221 ( 2)
  81 I   0.01428 0.62604 0.02852 0.33116 ( 2)
  82 W   0.02581 0.91584 0.00127 0.05708 ( 2)
  83 F   0.49432 0.06122 0.42666 0.01780 ( 1)
  84 H   0.00041 0.84199 0.00018 0.15741 ( 2)
  85 I   0.73346 0.19774 0.03634 0.03245 ( 1)
  86 I   0.00107 0.76387 0.00083 0.23423 ( 2)
  87 -   0.00005 0.77201 0.00002 0.22791 ( 2)
  88 -   0.37718 0.42311 0.07603 0.12367 ( 2)
  89 -   0.46210 0.31103 0.13631 0.09056 ( 1)
  90 -   0.46210 0.31103 0.13631 0.09056 ( 1)
  91 -   0.46210 0.31103 0.13631 0.09056 ( 1)
  92 -   0.46210 0.31103 0.13631 0.09056 ( 1)
  93 G   0.00103 0.82462 0.00194 0.17241 ( 2)
  94 P   0.02550 0.81299 0.01397 0.14754 ( 2)
  95 S   0.00292 0.64213 0.00250 0.35246 ( 2)
  96 G   0.00027 0.80741 0.00017 0.19215 ( 2)
  97 N   0.00178 0.82266 0.00129 0.17427 ( 2)
  98 D   0.03267 0.88480 0.00065 0.08188 ( 2)
  99 L   0.00324 0.93404 0.00011 0.06261 ( 2)
 100 T   0.00002 0.86598 0.00000 0.13400 ( 2)
 101 N   0.56925 0.37112 0.01855 0.04107 ( 1)
 102 -   0.46210 0.31103 0.13631 0.09056 ( 1)
 103 -   0.46210 0.31103 0.13631 0.09056 ( 1)
 104 -   0.46210 0.31103 0.13631 0.09056 ( 1)
 105 E   0.01155 0.82409 0.00637 0.15799 ( 2)
 106 G   0.04587 0.61798 0.09857 0.23758 ( 2)
 107 H   0.00120 0.79095 0.00493 0.20292 ( 2)
 108 N   0.00000 0.63528 0.00001 0.36472 ( 2)
 109 F   0.00095 0.92558 0.00006 0.07340 ( 2)
 110 S   0.11845 0.81020 0.00603 0.06531 ( 2)
 111 S   0.02632 0.75368 0.01089 0.20910 ( 2)
 112 V   0.46210 0.31103 0.13631 0.09056 ( 1)
 113 S   0.01495 0.89572 0.00130 0.08803 ( 2)
 114 S   0.53576 0.06775 0.37803 0.01845 ( 1)
 115 R   0.00832 0.76768 0.01032 0.21367 ( 2)
 116 N   0.84733 0.00093 0.15161 0.00013 ( 1)
 117 K   0.64879 0.04121 0.30231 0.00768 ( 1)
 118 M   0.99327 0.00029 0.00643 0.00001 ( 1)
 119 F   0.81624 0.02692 0.15411 0.00273 ( 1)
 120 V   0.06431 0.04636 0.86289 0.02645 ( 3)
 121 Q   0.97892 0.00398 0.01694 0.00017 ( 1)
 122 G   0.95580 0.03206 0.01071 0.00143 ( 1)
 123 N   0.64527 0.10973 0.22374 0.02125 ( 1)
 124 N   0.96493 0.00330 0.03140 0.00036 ( 1)
 125 G   0.94923 0.02544 0.02395 0.00138 ( 1)
 126 K   0.78412 0.17370 0.02351 0.01866 ( 1)
 127 Y   0.98391 0.00131 0.01472 0.00006 ( 1)
 128 V   0.52511 0.42023 0.01352 0.04114 ( 1)
 129 L   0.79310 0.17741 0.01998 0.00951 ( 1)
 130 N   0.01886 0.39834 0.29000 0.29280 ( 2)
 131 I   0.45921 0.41476 0.05071 0.07532 ( 1)
 132 L   0.30522 0.34914 0.21509 0.13055 ( 2)
 133 T   0.00120 0.77915 0.00158 0.21807 ( 2)
 134 D   0.96570 0.00834 0.02533 0.00063 ( 1)
 135 -   0.01388 0.75925 0.00412 0.22275 ( 2)
 136 -   0.76485 0.00827 0.22448 0.00240 ( 1)
 137 -   0.08333 0.68979 0.02474 0.20214 ( 2)
 138 S   0.66833 0.16037 0.15596 0.01534 ( 1)
 139 I   0.95677 0.00445 0.03818 0.00061 ( 1)
 140 E   0.22627 0.71523 0.00429 0.05420 ( 2)
 141 L   0.84973 0.12188 0.02125 0.00714 ( 1)
 142 P   0.89267 0.09057 0.01282 0.00394 ( 1)
 143 S   0.64552 0.32963 0.01081 0.01405 ( 1)
 144 G   0.74622 0.22115 0.02276 0.00987 ( 1)
 145 Q   0.25864 0.51985 0.12213 0.09938 ( 2)
 146 Q   0.07853 0.87028 0.00431 0.04688 ( 2)
 147 T   0.08164 0.19030 0.63172 0.09634 ( 3)
 148 -   0.76514 0.00799 0.22456 0.00231 ( 1)
 149 -   0.72063 0.05249 0.21166 0.01522 ( 1)
 150 -   0.05564 0.71748 0.01652 0.21035 ( 2)
 151 I   0.95201 0.00058 0.04731 0.00010 ( 1)
 152 L   0.00037 0.27653 0.03730 0.68580 ( 4)
 153 I   0.52228 0.39892 0.02192 0.05688 ( 1)
 154 Q   0.00255 0.58771 0.03235 0.37739 ( 2)
 155 N   0.96882 0.00055 0.03057 0.00007 ( 1)
 156 T   0.00284 0.80015 0.00121 0.19580 ( 2)
 157 N   0.00182 0.83104 0.00336 0.16378 ( 2)
 158 -   0.65958 0.11354 0.19392 0.03295 ( 1)
 159 S   0.02390 0.81239 0.00934 0.15438 ( 2)
 160 Q   0.32258 0.63630 0.00878 0.03235 ( 2)
 161 D   0.18763 0.75071 0.00497 0.05670 ( 2)
 162 L   0.84143 0.13618 0.01527 0.00712 ( 1)
 163 F   0.64269 0.00558 0.35045 0.00129 ( 1)
 164 L   0.97753 0.00270 0.01965 0.00013 ( 1)
 165 D   0.97945 0.00096 0.01950 0.00009 ( 1)
 166 R   0.93384 0.00215 0.06379 0.00022 ( 1)
 167 I   0.93516 0.02256 0.03907 0.00322 ( 1)
 168 E   0.98122 0.00020 0.01856 0.00002 ( 1)
 169 -   0.97789 0.00684 0.01473 0.00054 ( 1)
 170 -   0.96957 0.00146 0.02876 0.00020 ( 1)
 171 -   0.52798 0.24515 0.15557 0.07130 ( 1)

