Supplemental results for CODEML (seqf: algn  treef: tree)


dN/dS (w) for site classes (K=4)

site class             0        1       2a       2b
proportion       0.39337  0.44716  0.07463  0.08484
background w     0.05479  0.48488  0.05479  0.48488
foreground w     0.05479  0.48488 22.37667 22.37667

Naive Empirical Bayes (NEB) probabilities for 4 classes
(amino acids refer to 1st sequence: BT_Cry13Aa1)

   1 D   0.97654 0.01322 0.01000 0.00024 ( 1)
   2 Y   0.97872 0.01012 0.01090 0.00026 ( 1)
   3 S   0.00033 0.92432 0.00006 0.07528 ( 2)
   4 S   0.00583 0.95135 0.00013 0.04270 ( 2)
   5 Q   0.95197 0.04335 0.00447 0.00021 ( 1)
   6 I   0.39063 0.15767 0.43051 0.02118 ( 3)
   7 K   0.00049 0.82526 0.00060 0.17366 ( 2)
   8 L   0.09749 0.86670 0.00362 0.03219 ( 2)
   9 E   0.98273 0.00484 0.01236 0.00007 ( 1)
  10 K   0.29486 0.34466 0.31098 0.04949 ( 2)
  11 T   0.97510 0.01437 0.01027 0.00027 ( 1)
  12 R   0.92024 0.07414 0.00516 0.00046 ( 1)
  13 V   0.93558 0.04124 0.02218 0.00101 ( 1)
  14 I   0.52840 0.44590 0.01198 0.01372 ( 1)
  15 F   0.99014 0.00391 0.00590 0.00005 ( 1)
  16 S   0.95138 0.04110 0.00713 0.00039 ( 1)
  17 D   0.97048 0.00588 0.02329 0.00035 ( 1)
  18 M   0.67284 0.32283 0.00237 0.00196 ( 1)
  19 V   0.82128 0.16898 0.00786 0.00188 ( 1)
  20 G   0.91678 0.07205 0.01039 0.00079 ( 1)
  21 Q   0.93279 0.05518 0.01098 0.00105 ( 1)
  22 S   0.01599 0.04153 0.92112 0.02135 ( 3)
  23 E   0.89863 0.06588 0.03210 0.00339 ( 1)
  24 S   0.05547 0.88910 0.00103 0.05440 ( 2)
  25 R   0.00332 0.75926 0.00791 0.22952 ( 2)
  26 D   0.88927 0.08225 0.02332 0.00516 ( 1)
  27 G   0.02855 0.90993 0.00102 0.06051 ( 2)
  28 S   0.00174 0.88757 0.00143 0.10927 ( 2)
  29 V   0.84230 0.14845 0.00682 0.00243 ( 1)
  30 T   0.54853 0.42788 0.01114 0.01245 ( 1)
  31 I   0.93002 0.04620 0.02140 0.00238 ( 1)
  32 K   0.03921 0.67014 0.06659 0.22406 ( 2)
  33 N   0.98350 0.00083 0.01563 0.00004 ( 1)
  34 I   0.59819 0.34417 0.04086 0.01678 ( 1)
  35 F   0.00627 0.94204 0.00012 0.05156 ( 2)
  36 D   0.98375 0.00590 0.01024 0.00010 ( 1)
  37 N   0.00276 0.87046 0.00051 0.12627 ( 2)
  38 -   0.43852 0.40201 0.08320 0.07627 ( 1)
  39 -   0.00060 0.83994 0.00011 0.15935 ( 2)
  40 -   0.07918 0.76135 0.01502 0.14445 ( 2)
  41 -   0.03459 0.80594 0.00656 0.15291 ( 2)
  42 T   0.00908 0.69445 0.04277 0.25371 ( 2)
  43 D   0.00035 0.89173 0.00001 0.10791 ( 2)
  44 S   0.00016 0.41072 0.00292 0.58619 ( 4)
  45 H   0.70649 0.08828 0.19853 0.00670 ( 1)
  46 Q   0.77077 0.22254 0.00433 0.00235 ( 1)
  47 H   0.99135 0.00081 0.00783 0.00002 ( 1)
  48 G   0.00000 0.78991 0.00001 0.21008 ( 2)
  49 S   0.00022 0.97723 0.00000 0.02255 ( 2)
  50 I   0.98474 0.00661 0.00854 0.00011 ( 1)
  51 -   0.53404 0.30649 0.10132 0.05815 ( 1)
  52 -   0.61068 0.22985 0.11586 0.04361 ( 1)
  53 -   0.61068 0.22985 0.11586 0.04361 ( 1)
  54 G   0.47702 0.15748 0.34602 0.01948 ( 1)
  55 L   0.05763 0.81866 0.05275 0.07095 ( 2)
  56 N   0.98044 0.00292 0.01650 0.00014 ( 1)
  57 S   0.63946 0.34469 0.00860 0.00725 ( 1)
  58 I   0.82896 0.15925 0.00937 0.00242 ( 1)
  59 S   0.95332 0.03870 0.00737 0.00062 ( 1)
  60 Y   0.98705 0.00225 0.01064 0.00006 ( 1)
  61 F   0.00860 0.96709 0.00014 0.02418 ( 2)
  62 P   0.01116 0.93381 0.00029 0.05474 ( 2)
  63 D   0.46381 0.50646 0.00601 0.02372 ( 2)
  64 E   0.98376 0.00775 0.00842 0.00007 ( 1)
  65 L   0.90613 0.08598 0.00696 0.00093 ( 1)
  66 Q   0.00561 0.98575 0.00003 0.00860 ( 2)
  67 K   0.02451 0.93022 0.00070 0.04457 ( 2)
  68 A   0.00593 0.85058 0.00689 0.13661 ( 2)
  69 Q   0.87873 0.11478 0.00523 0.00126 ( 1)
  70 L   0.20142 0.75303 0.00617 0.03938 ( 2)
  71 R   0.00000 0.32544 0.00063 0.67393 ( 4)
  72 M   0.07402 0.80929 0.05473 0.06197 ( 2)
  73 Y   0.96564 0.01297 0.02092 0.00047 ( 1)
  74 D   0.73095 0.20665 0.03863 0.02377 ( 1)
  75 Y   0.01734 0.65950 0.13815 0.18501 ( 2)
  76 N   0.00001 0.64112 0.00008 0.35880 ( 2)
  77 H   0.00584 0.07930 0.81034 0.10453 ( 3)
  78 K   0.00289 0.90737 0.00016 0.08957 ( 2)
  79 P   0.00006 0.46324 0.00937 0.52732 ( 4)
  80 Y   0.00042 0.62909 0.01175 0.35875 ( 2)
  81 C   0.01825 0.65301 0.05458 0.27415 ( 2)
  82 T   0.03278 0.06538 0.79758 0.10426 ( 3)
  83 D   0.39337 0.44716 0.07463 0.08484 ( 2)
  84 C   0.39337 0.44716 0.07463 0.08484 ( 2)
  85 F   0.39337 0.44716 0.07463 0.08484 ( 2)
  86 C   0.11389 0.84898 0.00262 0.03451 ( 2)
  87 W   0.00537 0.00514 0.98408 0.00540 ( 3)
  88 P   0.19718 0.78308 0.00367 0.01607 ( 2)
  89 Y   0.98460 0.00422 0.01108 0.00010 ( 1)
  90 G   0.04837 0.91485 0.00790 0.02887 ( 2)
  91 V   0.10921 0.59592 0.15702 0.13785 ( 2)
  92 I   0.97064 0.01886 0.01001 0.00049 ( 1)
  93 L   0.00027 0.97973 0.00002 0.01998 ( 2)
  94 N   0.96962 0.01373 0.01602 0.00063 ( 1)
  95 Y   0.98705 0.00225 0.01064 0.00006 ( 1)
  96 N   0.00001 0.25344 0.01767 0.72887 ( 4)
  97 K   0.01299 0.93268 0.00492 0.04941 ( 2)
  98 N   0.00131 0.91037 0.00017 0.08816 ( 2)
  99 T   0.00007 0.92565 0.00000 0.07428 ( 2)
 100 F   0.42007 0.03180 0.54252 0.00561 ( 3)
 101 R   0.00180 0.68740 0.00350 0.30730 ( 2)
 102 Y   0.98705 0.00225 0.01064 0.00006 ( 1)
 103 G   0.97146 0.01937 0.00898 0.00019 ( 1)
 104 D   0.98555 0.00114 0.01326 0.00005 ( 1)
 105 -   0.22818 0.61235 0.04329 0.11618 ( 2)
 106 N   0.84460 0.11178 0.03417 0.00945 ( 1)
 107 D   0.00035 0.80949 0.00030 0.18986 ( 2)
 108 P   0.97188 0.02299 0.00496 0.00017 ( 1)
 109 G   0.00003 0.81104 0.00018 0.18876 ( 2)
 110 L   0.00003 0.89670 0.00006 0.10320 ( 2)
 111 -   0.39337 0.44716 0.07463 0.08484 ( 2)
 112 S   0.00000 0.22942 0.00073 0.76985 ( 4)
 113 G   0.00498 0.96607 0.00009 0.02886 ( 2)
 114 D   0.00387 0.76760 0.00543 0.22310 ( 2)
 115 V   0.00008 0.59729 0.00448 0.39816 ( 2)
 116 Q   0.00044 0.32842 0.13849 0.53265 ( 4)
 117 L   0.04746 0.92374 0.00137 0.02743 ( 2)
 118 P   0.00028 0.89460 0.00041 0.10471 ( 2)
 119 A   0.38830 0.59961 0.00337 0.00872 ( 2)
 120 P   0.63535 0.35756 0.00351 0.00358 ( 1)
 121 -   0.39337 0.44716 0.07463 0.08484 ( 2)
 122 -   0.39337 0.44716 0.07463 0.08484 ( 2)
 123 -   0.39337 0.44716 0.07463 0.08484 ( 2)
 124 M   0.18760 0.57573 0.17013 0.06655 ( 2)
 125 S   0.00150 0.70596 0.00426 0.28828 ( 2)
 126 V   0.00001 0.95685 0.00000 0.04314 ( 2)
 127 V   0.01025 0.88943 0.00837 0.09194 ( 2)
 128 N   0.98350 0.00083 0.01563 0.00004 ( 1)
 129 A   0.62563 0.35240 0.01241 0.00955 ( 1)
 130 Q   0.00204 0.80302 0.00488 0.19007 ( 2)
 131 T   0.97875 0.00778 0.01325 0.00023 ( 1)
 132 Q   0.98580 0.00886 0.00527 0.00007 ( 1)
 133 T   0.01695 0.28160 0.39677 0.30469 ( 3)
 134 A   0.00117 0.28536 0.26111 0.45235 ( 4)
 135 Q   0.01517 0.90765 0.00390 0.07328 ( 2)
 136 -   0.42117 0.41936 0.07990 0.07956 ( 1)
 137 Y   0.98058 0.00815 0.01108 0.00020 ( 1)
 138 T   0.01366 0.25791 0.57648 0.15196 ( 3)
 139 D   0.98660 0.00066 0.01272 0.00003 ( 1)
 140 G   0.20555 0.75670 0.00491 0.03284 ( 2)
 141 E   0.98248 0.00740 0.00997 0.00015 ( 1)
 142 N   0.00224 0.57223 0.01878 0.40676 ( 2)
 143 I   0.01248 0.94827 0.00020 0.03905 ( 2)
 144 W   0.00001 0.48161 0.00073 0.51764 ( 4)
 145 T   0.00955 0.82935 0.01522 0.14588 ( 2)
 146 D   0.10097 0.53143 0.27211 0.09550 ( 2)
 147 T   0.00154 0.82750 0.00143 0.16953 ( 2)
 148 -   0.00615 0.83438 0.00117 0.15830 ( 2)
 149 -   0.26979 0.57074 0.05119 0.10828 ( 2)
 150 -   0.39337 0.44716 0.07463 0.08484 ( 2)
 151 -   0.39337 0.44716 0.07463 0.08484 ( 2)
 152 -   0.39337 0.44716 0.07463 0.08484 ( 2)
 153 G   0.00882 0.97242 0.00011 0.01864 ( 2)
 154 R   0.00018 0.42927 0.02252 0.54804 ( 4)
 155 S   0.00120 0.79130 0.00198 0.20553 ( 2)
 156 W   0.00000 0.05136 0.00405 0.94459 ( 4)
 157 L   0.00021 0.28795 0.04480 0.66705 ( 4)
 158 C   0.61448 0.34672 0.01737 0.02143 ( 1)
 159 T   0.00967 0.73013 0.02655 0.23365 ( 2)
 160 L   0.84588 0.12531 0.02463 0.00418 ( 1)
 161 R   0.25821 0.52568 0.16336 0.05274 ( 2)
 162 G   0.96359 0.02949 0.00669 0.00023 ( 1)
 163 Y   0.37840 0.60726 0.00458 0.00976 ( 2)
 164 C   0.99203 0.00308 0.00487 0.00003 ( 1)
 165 T   0.94895 0.03765 0.01210 0.00130 ( 1)
 166 T   0.00654 0.95964 0.00009 0.03374 ( 2)
 167 N   0.00236 0.09675 0.73193 0.16896 ( 3)
 168 C   0.02792 0.94247 0.00055 0.02905 ( 2)
 169 F   0.18209 0.58504 0.13003 0.10284 ( 2)
 170 P   0.28305 0.70418 0.00179 0.01097 ( 2)
 171 -   0.52279 0.31774 0.09919 0.06028 ( 1)
 172 -   0.13677 0.70377 0.02595 0.13352 ( 2)
 173 -   0.11662 0.72391 0.02213 0.13734 ( 2)
 174 G   0.03866 0.21420 0.40727 0.33987 ( 3)
 175 R   0.00002 0.10153 0.12173 0.77672 ( 4)
 176 G   0.03299 0.85783 0.02205 0.08713 ( 2)
 177 C   0.01128 0.92668 0.00046 0.06158 ( 2)
 178 Y   0.00097 0.63661 0.02907 0.33336 ( 2)
 179 N   0.00006 0.77230 0.00034 0.22731 ( 2)
 180 N   0.15131 0.65391 0.08187 0.11290 ( 2)
 181 S   0.00378 0.92114 0.00011 0.07498 ( 2)
 182 T   0.00963 0.82056 0.01353 0.15628 ( 2)
 183 G   0.03318 0.94899 0.00032 0.01752 ( 2)
 184 Y   0.70711 0.27543 0.00826 0.00920 ( 1)
 185 G   0.56650 0.41258 0.01111 0.00981 ( 1)
 186 E   0.00126 0.96791 0.00001 0.03083 ( 2)
 187 S   0.98618 0.00406 0.00967 0.00010 ( 1)
 188 C   0.96073 0.03318 0.00587 0.00023 ( 1)
 189 N   0.98311 0.00108 0.01575 0.00006 ( 1)
 190 Q   0.00020 0.68476 0.00103 0.31401 ( 2)
 191 S   0.02665 0.95446 0.00033 0.01856 ( 2)
 192 L   0.60601 0.37046 0.01132 0.01221 ( 1)
 193 P   0.69686 0.28541 0.01154 0.00620 ( 1)
 194 G   0.04678 0.78864 0.06176 0.10282 ( 2)
 195 Q   0.98580 0.00886 0.00527 0.00007 ( 1)
 196 K   0.98625 0.00315 0.01053 0.00008 ( 1)
 197 I   0.98404 0.00436 0.01151 0.00009 ( 1)
 198 H   0.43316 0.02096 0.54235 0.00354 ( 3)
 199 A   0.97286 0.00345 0.02354 0.00014 ( 1)
 200 L   0.54701 0.44242 0.00462 0.00594 ( 1)
 201 Y   0.98705 0.00225 0.01064 0.00006 ( 1)
 202 P   0.69140 0.29824 0.00571 0.00465 ( 1)
 203 F   0.97696 0.01571 0.00711 0.00022 ( 1)
 204 T   0.61028 0.36330 0.01351 0.01292 ( 1)
 205 Q   0.26936 0.67927 0.00938 0.04199 ( 2)
 206 T   0.03435 0.80471 0.00566 0.15528 ( 2)
 207 -   0.76960 0.07093 0.14601 0.01346 ( 1)
 208 N   0.05921 0.84524 0.00342 0.09213 ( 2)
 209 V   0.01142 0.88668 0.00107 0.10082 ( 2)
 210 L   0.00011 0.13373 0.04541 0.82075 ( 4)
 211 G   0.98115 0.01079 0.00793 0.00013 ( 1)
 212 Q   0.00206 0.38501 0.13658 0.47634 ( 4)
 213 S   0.00003 0.93428 0.00002 0.06567 ( 2)
 214 G   0.87240 0.11143 0.01393 0.00224 ( 1)
 215 K   0.98767 0.00202 0.01026 0.00005 ( 1)
 216 L   0.68004 0.30044 0.01252 0.00700 ( 1)
 217 G   0.97890 0.01435 0.00661 0.00014 ( 1)
 218 L   0.11428 0.85802 0.00274 0.02497 ( 2)
 219 L   0.54447 0.39431 0.04059 0.02062 ( 1)
 220 A   0.41988 0.54783 0.01003 0.02225 ( 2)
 221 S   0.01623 0.93946 0.00020 0.04411 ( 2)
 222 H   0.83386 0.15388 0.00694 0.00531 ( 1)
 223 I   0.56161 0.02332 0.41276 0.00231 ( 1)
 224 P   0.81195 0.18256 0.00415 0.00134 ( 1)
 225 Y   0.39710 0.57624 0.00501 0.02166 ( 2)
 226 D   0.95993 0.02860 0.01093 0.00054 ( 1)
 227 L   0.94599 0.04329 0.01009 0.00062 ( 1)
 228 S   0.32388 0.64456 0.00592 0.02564 ( 2)
 229 P   0.93532 0.04803 0.01581 0.00085 ( 1)
 230 N   0.94319 0.03270 0.02297 0.00114 ( 1)
 231 N   0.98187 0.00226 0.01574 0.00013 ( 1)
 232 T   0.00027 0.96702 0.00002 0.03269 ( 2)
 233 I   0.37951 0.25316 0.33620 0.03114 ( 1)
 234 G   0.98552 0.00726 0.00709 0.00013 ( 1)
 235 D   0.08325 0.84359 0.02675 0.04642 ( 2)
 236 K   0.00288 0.72849 0.00617 0.26246 ( 2)
 237 D   0.98225 0.00342 0.01418 0.00014 ( 1)
 238 T   0.03523 0.76748 0.05501 0.14228 ( 2)
 239 D   0.66770 0.30649 0.00872 0.01709 ( 1)
 240 S   0.26412 0.05918 0.65775 0.01895 ( 3)
 241 T   0.00003 0.73158 0.00008 0.26831 ( 2)
 242 N   0.62946 0.33494 0.01060 0.02499 ( 1)
 243 -   0.27061 0.56992 0.05134 0.10813 ( 2)


lnL = -4098.012072

