Supplemental results for CODEML (seqf: algn  treef: tree)


dN/dS (w) for site classes (K=4)

site class             0        1       2a       2b
proportion       0.70425  0.24843  0.03498  0.01234
background w     0.14417  1.00000  0.14417  1.00000
foreground w     0.14417  1.00000  1.00000  1.00000

Naive Empirical Bayes (NEB) probabilities for 4 classes
(amino acids refer to 1st sequence: BT_Cry19Aa1)

   1 -   0.70425 0.24843 0.03498 0.01234 ( 1)
   2 -   0.70425 0.24843 0.03498 0.01234 ( 1)
   3 E   0.00003 0.83998 0.11827 0.04172 ( 2)
   4 V   0.99996 0.00004 0.00001 0.00000 ( 1)
   5 K   1.00000 0.00000 0.00000 0.00000 ( 1)
   6 T   0.96932 0.02577 0.00363 0.00128 ( 1)
   7 E   1.00000 0.00000 0.00000 0.00000 ( 1)
   8 L   0.99998 0.00001 0.00000 0.00000 ( 1)
   9 T   0.99995 0.00004 0.00001 0.00000 ( 1)
  10 R   1.00000 0.00000 0.00000 0.00000 ( 1)
  11 E   1.00000 0.00000 0.00000 0.00000 ( 1)
  12 I   0.99996 0.00003 0.00000 0.00000 ( 1)
  13 Y   1.00000 0.00000 0.00000 0.00000 ( 1)
  14 S   0.99667 0.00279 0.00039 0.00014 ( 1)
  15 D   0.99999 0.00001 0.00000 0.00000 ( 1)
  16 V   0.99925 0.00063 0.00009 0.00003 ( 1)
  17 I   0.99918 0.00069 0.00010 0.00003 ( 1)
  18 N   0.99973 0.00022 0.00003 0.00001 ( 1)
  19 G   0.37837 0.52217 0.07352 0.02594 ( 2)
  20 E   0.53932 0.38697 0.05449 0.01922 ( 1)
  21 I   0.01823 0.82469 0.11612 0.04096 ( 2)
  22 Y   0.16753 0.69927 0.09846 0.03473 ( 2)
  23 G   0.80882 0.16059 0.02261 0.00798 ( 1)
  24 L   0.10128 0.75493 0.10630 0.03750 ( 2)
  25 M   0.71141 0.24242 0.03413 0.01204 ( 1)
  26 -   0.52808 0.39641 0.05582 0.01969 ( 1)
  27 T   0.04202 0.80470 0.11331 0.03997 ( 2)
  28 P   0.49283 0.42602 0.05999 0.02116 ( 1)
  29 Y   0.51019 0.41144 0.05793 0.02044 ( 1)
  30 F   0.00121 0.83898 0.11813 0.04167 ( 2)
  31 S   0.91047 0.07520 0.01059 0.00374 ( 1)
  32 F   0.98552 0.01216 0.00171 0.00060 ( 1)
  33 E   0.15389 0.71073 0.10008 0.03530 ( 2)
  34 K   0.58299 0.35028 0.04932 0.01740 ( 1)
  35 A   0.02286 0.82079 0.11557 0.04077 ( 2)
  36 E   1.00000 0.00000 0.00000 0.00000 ( 1)
  37 S   0.90479 0.07998 0.01126 0.00397 ( 1)
  38 L   0.98572 0.01199 0.00169 0.00060 ( 1)
  39 Y   0.99996 0.00003 0.00000 0.00000 ( 1)
  40 T   0.99999 0.00000 0.00000 0.00000 ( 1)
  41 R   0.99733 0.00225 0.00032 0.00011 ( 1)
  42 A   0.25116 0.62902 0.08857 0.03124 ( 2)
  43 P   1.00000 0.00000 0.00000 0.00000 ( 1)
  44 H   0.99952 0.00040 0.00006 0.00002 ( 1)
  45 L   0.99816 0.00154 0.00022 0.00008 ( 1)
  46 F   0.99991 0.00008 0.00001 0.00000 ( 1)
  47 T   1.00000 0.00000 0.00000 0.00000 ( 1)
  48 W   0.99982 0.00015 0.00002 0.00001 ( 1)
  49 L   0.99987 0.00011 0.00002 0.00001 ( 1)
  50 K   0.97074 0.02458 0.00346 0.00122 ( 1)
  51 G   0.99610 0.00327 0.00046 0.00016 ( 1)
  52 F   0.99537 0.00389 0.00055 0.00019 ( 1)
  53 R   0.70448 0.24824 0.03495 0.01233 ( 1)
  54 F   1.00000 0.00000 0.00000 0.00000 ( 1)
  55 V   0.99967 0.00028 0.00004 0.00001 ( 1)
  56 T   0.99990 0.00008 0.00001 0.00000 ( 1)
  57 N   0.99954 0.00039 0.00005 0.00002 ( 1)
  58 S   0.00820 0.83311 0.11731 0.04138 ( 2)
  59 I   0.92188 0.06562 0.00924 0.00326 ( 1)
  60 S   0.71059 0.24310 0.03423 0.01208 ( 1)
  61 -   0.02739 0.81699 0.11504 0.04058 ( 2)
  62 -   0.98477 0.01279 0.00180 0.00064 ( 1)
  63 -   0.05505 0.79376 0.11177 0.03943 ( 2)
  64 -   0.00067 0.83944 0.11820 0.04170 ( 2)
  65 -   0.22894 0.64769 0.09120 0.03217 ( 2)
  66 -   0.79109 0.17549 0.02471 0.00872 ( 1)
  67 Y   0.00293 0.83754 0.11793 0.04160 ( 2)
  68 W   0.82374 0.14806 0.02085 0.00735 ( 1)
  69 T   0.63935 0.30295 0.04266 0.01505 ( 1)
  70 F   0.99609 0.00329 0.00046 0.00016 ( 1)
  71 L   0.99999 0.00001 0.00000 0.00000 ( 1)
  72 S   0.99489 0.00429 0.00060 0.00021 ( 1)
  73 G   0.99999 0.00001 0.00000 0.00000 ( 1)
  74 G   0.00129 0.83892 0.11812 0.04167 ( 2)
  75 Q   0.69504 0.25616 0.03607 0.01272 ( 1)
  76 N   0.99982 0.00015 0.00002 0.00001 ( 1)
  77 K   0.90617 0.07881 0.01110 0.00391 ( 1)
  78 Y   0.99919 0.00068 0.00010 0.00003 ( 1)
  79 S   0.98768 0.01035 0.00146 0.00051 ( 1)
  80 Y   0.78466 0.18089 0.02547 0.00898 ( 1)
  81 T   0.99736 0.00221 0.00031 0.00011 ( 1)
  82 N   0.01408 0.82817 0.11661 0.04114 ( 2)
  83 -   0.82330 0.14843 0.02090 0.00737 ( 1)
  84 N   0.00063 0.83947 0.11820 0.04170 ( 2)
  85 S   0.00215 0.83819 0.11802 0.04163 ( 2)
  86 S   0.00242 0.83797 0.11799 0.04162 ( 2)
  87 I   0.91195 0.07397 0.01041 0.00367 ( 1)
  88 N   0.00007 0.83994 0.11827 0.04172 ( 2)
  89 E   0.00002 0.83998 0.11827 0.04172 ( 2)
  90 G   0.99633 0.00308 0.00043 0.00015 ( 1)
  91 S   0.99959 0.00034 0.00005 0.00002 ( 1)
  92 F   0.99418 0.00489 0.00069 0.00024 ( 1)
  93 R   0.00000 0.84000 0.11828 0.04172 ( 2)
  94 G   0.99999 0.00001 0.00000 0.00000 ( 1)
  95 Q   0.01027 0.83137 0.11706 0.04130 ( 2)
  96 D   0.70469 0.24806 0.03493 0.01232 ( 1)
  97 T   0.31812 0.57278 0.08065 0.02845 ( 2)
  98 D   0.00174 0.83854 0.11807 0.04165 ( 2)
  99 Y   0.88433 0.09716 0.01368 0.00483 ( 1)
 100 G   0.99316 0.00575 0.00081 0.00029 ( 1)
 101 G   0.99902 0.00082 0.00012 0.00004 ( 1)
 102 T   0.92766 0.06076 0.00856 0.00302 ( 1)
 103 S   0.06054 0.78914 0.11112 0.03920 ( 2)
 104 S   0.99928 0.00060 0.00009 0.00003 ( 1)
 105 T   0.00979 0.83177 0.11712 0.04132 ( 2)
 106 I   0.86189 0.11601 0.01633 0.00576 ( 1)
 107 N   0.02711 0.81722 0.11507 0.04059 ( 2)
 108 I   0.98592 0.01183 0.00167 0.00059 ( 1)
 109 P   0.00022 0.83981 0.11825 0.04171 ( 2)
 110 S   0.00526 0.83558 0.11765 0.04150 ( 2)
 111 N   0.11195 0.74596 0.10504 0.03705 ( 2)
 112 S   0.00658 0.83447 0.11750 0.04145 ( 2)
 113 Y   0.74856 0.21121 0.02974 0.01049 ( 1)
 114 V   0.96837 0.02657 0.00374 0.00132 ( 1)
 115 Y   0.99988 0.00010 0.00001 0.00001 ( 1)
 116 N   0.89237 0.09041 0.01273 0.00449 ( 1)
 117 L   0.97483 0.02114 0.00298 0.00105 ( 1)
 118 W   0.15898 0.70646 0.09947 0.03509 ( 2)
 119 T   0.45998 0.45362 0.06387 0.02253 ( 1)
 120 E   0.99435 0.00475 0.00067 0.00024 ( 1)
 121 N   0.86417 0.11410 0.01607 0.00567 ( 1)
 122 Y   0.99895 0.00088 0.00012 0.00004 ( 1)
 123 E   0.88017 0.10066 0.01417 0.00500 ( 1)
 124 Y   0.00009 0.83993 0.11827 0.04172 ( 2)
 125 I   0.90917 0.07630 0.01074 0.00379 ( 1)
 126 Y   0.94849 0.04326 0.00609 0.00215 ( 1)
 127 P   0.92542 0.06265 0.00882 0.00311 ( 1)
 128 W   0.48797 0.43010 0.06056 0.02136 ( 1)
 129 G   0.00000 0.84000 0.11828 0.04172 ( 2)
 130 D   0.99492 0.00427 0.00060 0.00021 ( 1)
 131 P   0.78022 0.18462 0.02600 0.00917 ( 1)
 132 V   0.05971 0.78984 0.11121 0.03923 ( 2)
 133 N   0.99953 0.00039 0.00006 0.00002 ( 1)
 134 I   0.99994 0.00005 0.00001 0.00000 ( 1)
 135 T   0.21657 0.65808 0.09266 0.03269 ( 2)
 136 K   0.96749 0.02730 0.00384 0.00136 ( 1)
 137 M   0.99985 0.00012 0.00002 0.00001 ( 1)
 138 N   0.89174 0.09094 0.01281 0.00452 ( 1)
 139 F   1.00000 0.00000 0.00000 0.00000 ( 1)
 140 S   0.98413 0.01333 0.00188 0.00066 ( 1)
 141 V   0.00033 0.83972 0.11824 0.04171 ( 2)
 142 T   0.98257 0.01464 0.00206 0.00073 ( 1)
 143 D   0.99944 0.00047 0.00007 0.00002 ( 1)
 144 -   0.77953 0.18519 0.02608 0.00920 ( 1)
 145 N   0.99999 0.00001 0.00000 0.00000 ( 1)
 146 -   0.63916 0.30311 0.04268 0.01506 ( 1)
 147 N   0.99998 0.00001 0.00000 0.00000 ( 1)
 148 S   0.00186 0.83844 0.11806 0.04165 ( 2)
 149 S   0.04791 0.79975 0.11261 0.03972 ( 2)
 150 K   0.00048 0.83960 0.11822 0.04170 ( 2)
 151 E   0.86245 0.11554 0.01627 0.00574 ( 1)
 152 L   0.00141 0.83881 0.11811 0.04166 ( 2)
 153 I   0.77038 0.19288 0.02716 0.00958 ( 1)
 154 Y   1.00000 0.00000 0.00000 0.00000 ( 1)
 155 G   0.99776 0.00188 0.00026 0.00009 ( 1)
 156 -   0.60672 0.33035 0.04652 0.01641 ( 1)
 157 -   0.51090 0.41085 0.05785 0.02041 ( 1)
 158 A   0.51644 0.40619 0.05719 0.02018 ( 1)
 159 H   0.01172 0.83015 0.11689 0.04123 ( 2)
 160 R   0.81921 0.15186 0.02138 0.00754 ( 1)
 161 T   0.30017 0.58786 0.08277 0.02920 ( 2)
 162 N   0.99953 0.00040 0.00006 0.00002 ( 1)
 163 K   0.11022 0.74741 0.10524 0.03712 ( 2)
 164 P   0.99987 0.00011 0.00002 0.00001 ( 1)
 165 V   0.70856 0.24481 0.03447 0.01216 ( 1)
 166 V   0.99994 0.00005 0.00001 0.00000 ( 1)
 167 R   0.85362 0.12296 0.01731 0.00611 ( 1)
 168 T   0.99985 0.00013 0.00002 0.00001 ( 1)
 169 D   0.99880 0.00101 0.00014 0.00005 ( 1)
 170 F   0.99990 0.00009 0.00001 0.00000 ( 1)
 171 D   0.97668 0.01959 0.00276 0.00097 ( 1)
 172 F   0.99993 0.00006 0.00001 0.00000 ( 1)
 173 -   0.41035 0.49531 0.06974 0.02460 ( 2)
 174 L   0.99868 0.00111 0.00016 0.00006 ( 1)
 175 T   0.34836 0.54738 0.07707 0.02719 ( 2)
 176 N   0.99362 0.00536 0.00075 0.00027 ( 1)
 177 K   0.99959 0.00035 0.00005 0.00002 ( 1)
 178 E   0.15461 0.71012 0.09999 0.03527 ( 2)
 179 G   0.87930 0.10139 0.01428 0.00504 ( 1)
 180 T   0.99819 0.00152 0.00021 0.00008 ( 1)
 181 E   0.26332 0.61881 0.08713 0.03074 ( 2)
 182 L   0.39563 0.50767 0.07148 0.02522 ( 2)
 183 A   0.44436 0.46674 0.06572 0.02318 ( 2)
 184 K   0.99744 0.00215 0.00030 0.00011 ( 1)
 185 Y   0.94814 0.04357 0.00613 0.00216 ( 1)
 186 N   0.99991 0.00007 0.00001 0.00000 ( 1)
 187 D   0.99662 0.00284 0.00040 0.00014 ( 1)
 188 Y   0.99995 0.00005 0.00001 0.00000 ( 1)
 189 N   0.28792 0.59815 0.08422 0.02971 ( 2)
 190 H   1.00000 0.00000 0.00000 0.00000 ( 1)
 191 I   0.99998 0.00001 0.00000 0.00000 ( 1)
 192 L   0.99999 0.00001 0.00000 0.00000 ( 1)
 193 S   0.99998 0.00002 0.00000 0.00000 ( 1)
 194 Y   0.99903 0.00081 0.00011 0.00004 ( 1)
 195 M   0.98603 0.01173 0.00165 0.00058 ( 1)
 196 L   0.99771 0.00192 0.00027 0.00010 ( 1)
 197 I   0.94591 0.04544 0.00640 0.00226 ( 1)
 198 N   0.99704 0.00248 0.00035 0.00012 ( 1)
 199 -   0.96938 0.02572 0.00362 0.00128 ( 1)
 200 -   0.75742 0.20377 0.02869 0.01012 ( 1)
 201 -   0.72662 0.22964 0.03234 0.01141 ( 1)
 202 -   0.29410 0.59296 0.08349 0.02945 ( 2)
 203 G   0.90798 0.07729 0.01088 0.00384 ( 1)
 204 E   0.00312 0.83738 0.11791 0.04159 ( 2)
 205 T   0.92780 0.06065 0.00854 0.00301 ( 1)
 206 F   0.58661 0.34725 0.04889 0.01725 ( 1)
 207 G   0.82509 0.14692 0.02069 0.00730 ( 1)
 208 Q   0.00101 0.83915 0.11816 0.04168 ( 2)
 209 K   0.95335 0.03919 0.00552 0.00195 ( 1)
 210 R   0.72878 0.22783 0.03208 0.01132 ( 1)
 211 H   0.98726 0.01070 0.00151 0.00053 ( 1)
 212 G   0.99994 0.00005 0.00001 0.00000 ( 1)
 213 Y   0.99966 0.00029 0.00004 0.00001 ( 1)
 214 S   0.99153 0.00711 0.00100 0.00035 ( 1)
 215 F   1.00000 0.00000 0.00000 0.00000 ( 1)
 216 A   0.99789 0.00177 0.00025 0.00009 ( 1)
 217 F   0.99999 0.00001 0.00000 0.00000 ( 1)
 218 T   0.99984 0.00013 0.00002 0.00001 ( 1)
 219 H   1.00000 0.00000 0.00000 0.00000 ( 1)
 220 S   0.99999 0.00001 0.00000 0.00000 ( 1)
 221 S   1.00000 0.00000 0.00000 0.00000 ( 1)
 222 -   0.70425 0.24843 0.03498 0.01234 ( 1)
 223 -   0.70425 0.24843 0.03498 0.01234 ( 1)


lnL = -6183.178492

Bayes Empirical Bayes (BEB) probabilities for 4 classes (class)
(amino acids refer to 1st sequence: BT_Cry19Aa1)

   1 -   0.71695 0.24650 0.02721 0.00933 ( 1)
   2 -   0.71695 0.24650 0.02721 0.00933 ( 1)
   3 E   0.00004 0.85289 0.11037 0.03670 ( 2)
   4 V   0.99996 0.00004 0.00000 0.00000 ( 1)
   5 K   1.00000 0.00000 0.00000 0.00000 ( 1)
   6 T   0.97393 0.02531 0.00057 0.00019 ( 1)
   7 E   1.00000 0.00000 0.00000 0.00000 ( 1)
   8 L   0.99998 0.00002 0.00000 0.00000 ( 1)
   9 T   0.99995 0.00005 0.00000 0.00000 ( 1)
  10 R   1.00000 0.00000 0.00000 0.00000 ( 1)
  11 E   1.00000 0.00000 0.00000 0.00000 ( 1)
  12 I   0.99996 0.00004 0.00000 0.00000 ( 1)
  13 Y   1.00000 0.00000 0.00000 0.00000 ( 1)
  14 S   0.99718 0.00279 0.00002 0.00001 ( 1)
  15 D   0.99999 0.00001 0.00000 0.00000 ( 1)
  16 V   0.99936 0.00063 0.00000 0.00000 ( 1)
  17 I   0.99932 0.00068 0.00000 0.00000 ( 1)
  18 N   0.99978 0.00022 0.00000 0.00000 ( 1)
  19 G   0.45795 0.53235 0.00728 0.00242 ( 2)
  20 E   0.61831 0.37251 0.00687 0.00231 ( 1)
  21 I   0.02600 0.92304 0.03834 0.01262 ( 2)
  22 Y   0.21107 0.74946 0.02965 0.00982 ( 2)
  23 G   0.84665 0.15120 0.00161 0.00054 ( 1)
  24 L   0.13042 0.82233 0.03551 0.01174 ( 2)
  25 M   0.76039 0.23464 0.00372 0.00125 ( 1)
  26 -   0.55683 0.39317 0.03731 0.01268 ( 1)
  27 T   0.05054 0.82775 0.09124 0.03046 ( 2)
  28 P   0.56110 0.42060 0.01370 0.00459 ( 1)
  29 Y   0.59052 0.39915 0.00773 0.00259 ( 1)
  30 F   0.00182 0.91895 0.05955 0.01968 ( 2)
  31 S   0.92935 0.06939 0.00094 0.00032 ( 1)
  32 F   0.98826 0.01154 0.00015 0.00005 ( 1)
  33 E   0.20072 0.75242 0.03519 0.01168 ( 2)
  34 K   0.65656 0.33704 0.00479 0.00161 ( 1)
  35 A   0.03225 0.89459 0.05496 0.01821 ( 2)
  36 E   1.00000 0.00000 0.00000 0.00000 ( 1)
  37 S   0.92155 0.07693 0.00113 0.00038 ( 1)
  38 L   0.98895 0.01102 0.00003 0.00001 ( 1)
  39 Y   0.99997 0.00003 0.00000 0.00000 ( 1)
  40 T   0.99999 0.00001 0.00000 0.00000 ( 1)
  41 R   0.99760 0.00234 0.00005 0.00002 ( 1)
  42 A   0.31374 0.65811 0.02113 0.00702 ( 2)
  43 P   1.00000 0.00000 0.00000 0.00000 ( 1)
  44 H   0.99962 0.00038 0.00000 0.00000 ( 1)
  45 L   0.99840 0.00156 0.00003 0.00001 ( 1)
  46 F   0.99992 0.00008 0.00000 0.00000 ( 1)
  47 T   1.00000 0.00000 0.00000 0.00000 ( 1)
  48 W   0.99985 0.00015 0.00000 0.00000 ( 1)
  49 L   0.99988 0.00012 0.00000 0.00000 ( 1)
  50 K   0.97394 0.02528 0.00058 0.00020 ( 1)
  51 G   0.99684 0.00314 0.00001 0.00000 ( 1)
  52 F   0.99632 0.00366 0.00001 0.00000 ( 1)
  53 R   0.76856 0.22913 0.00172 0.00058 ( 1)
  54 F   1.00000 0.00000 0.00000 0.00000 ( 1)
  55 V   0.99971 0.00028 0.00000 0.00000 ( 1)
  56 T   0.99991 0.00009 0.00000 0.00000 ( 1)
  57 N   0.99962 0.00037 0.00000 0.00000 ( 1)
  58 S   0.01314 0.96123 0.01930 0.00632 ( 2)
  59 I   0.94010 0.05924 0.00050 0.00017 ( 1)
  60 S   0.76906 0.22762 0.00249 0.00084 ( 1)
  61 -   0.03336 0.83956 0.09532 0.03176 ( 2)
  62 -   0.98745 0.01235 0.00015 0.00005 ( 1)
  63 -   0.06952 0.83095 0.07467 0.02486 ( 2)
  64 -   0.00091 0.84387 0.11642 0.03880 ( 2)
  65 -   0.27339 0.67139 0.04141 0.01381 ( 2)
  66 -   0.82049 0.16985 0.00722 0.00245 ( 1)
  67 Y   0.00445 0.93497 0.04556 0.01502 ( 2)
  68 W   0.85294 0.14396 0.00232 0.00078 ( 1)
  69 T   0.70420 0.28964 0.00461 0.00155 ( 1)
  70 F   0.99682 0.00316 0.00002 0.00001 ( 1)
  71 L   0.99999 0.00001 0.00000 0.00000 ( 1)
  72 S   0.99565 0.00428 0.00006 0.00002 ( 1)
  73 G   0.99999 0.00001 0.00000 0.00000 ( 1)
  74 G   0.00197 0.92444 0.05531 0.01828 ( 2)
  75 Q   0.75894 0.23676 0.00322 0.00109 ( 1)
  76 N   0.99985 0.00015 0.00000 0.00000 ( 1)
  77 K   0.92850 0.07063 0.00065 0.00022 ( 1)
  78 Y   0.99932 0.00068 0.00000 0.00000 ( 1)
  79 S   0.99024 0.00964 0.00009 0.00003 ( 1)
  80 Y   0.82691 0.16831 0.00357 0.00121 ( 1)
  81 T   0.99763 0.00231 0.00004 0.00001 ( 1)
  82 N   0.01580 0.75664 0.17023 0.05733 ( 2)
  83 -   0.83783 0.14842 0.01026 0.00350 ( 1)
  84 N   0.00080 0.81350 0.13924 0.04646 ( 2)
  85 S   0.00335 0.92868 0.05110 0.01687 ( 2)
  86 S   0.00309 0.83445 0.12180 0.04067 ( 2)
  87 I   0.93040 0.06861 0.00073 0.00025 ( 1)
  88 N   0.00007 0.64754 0.26319 0.08920 ( 2)
  89 E   0.00002 0.55053 0.33518 0.11427 ( 2)
  90 G   0.99699 0.00299 0.00002 0.00001 ( 1)
  91 S   0.99966 0.00034 0.00000 0.00000 ( 1)
  92 F   0.99537 0.00459 0.00003 0.00001 ( 1)
  93 R   0.00000 0.42497 0.42909 0.14594 ( 3)
  94 G   0.99999 0.00001 0.00000 0.00000 ( 1)
  95 Q   0.01500 0.93115 0.04052 0.01333 ( 2)
  96 D   0.77039 0.22689 0.00204 0.00069 ( 1)
  97 T   0.39276 0.59447 0.00958 0.00319 ( 2)
  98 D   0.00281 0.95742 0.02994 0.00983 ( 2)
  99 Y   0.90656 0.09185 0.00118 0.00040 ( 1)
 100 G   0.99461 0.00537 0.00002 0.00001 ( 1)
 101 G   0.99914 0.00085 0.00001 0.00000 ( 1)
 102 T   0.93906 0.05935 0.00118 0.00040 ( 1)
 103 S   0.08510 0.87938 0.02672 0.00880 ( 2)
 104 S   0.99938 0.00061 0.00000 0.00000 ( 1)
 105 T   0.01523 0.94504 0.02990 0.00983 ( 2)
 106 I   0.88384 0.11304 0.00233 0.00079 ( 1)
 107 N   0.04047 0.92562 0.02552 0.00839 ( 2)
 108 I   0.98864 0.01121 0.00011 0.00004 ( 1)
 109 P   0.00031 0.85726 0.10691 0.03552 ( 2)
 110 S   0.00797 0.94421 0.03599 0.01183 ( 2)
 111 N   0.13900 0.81323 0.03590 0.01187 ( 2)
 112 S   0.00911 0.91021 0.06065 0.02003 ( 2)
 113 Y   0.80076 0.19545 0.00283 0.00096 ( 1)
 114 V   0.97467 0.02498 0.00026 0.00009 ( 1)
 115 Y   0.99989 0.00011 0.00000 0.00000 ( 1)
 116 N   0.91222 0.08429 0.00260 0.00089 ( 1)
 117 L   0.97958 0.02011 0.00023 0.00008 ( 1)
 118 W   0.19656 0.75737 0.03461 0.01146 ( 2)
 119 T   0.52675 0.45618 0.01279 0.00428 ( 1)
 120 E   0.99543 0.00454 0.00003 0.00001 ( 1)
 121 N   0.89057 0.10741 0.00151 0.00051 ( 1)
 122 Y   0.99910 0.00089 0.00000 0.00000 ( 1)
 123 E   0.90743 0.09173 0.00063 0.00021 ( 1)
 124 Y   0.00013 0.86187 0.10356 0.03444 ( 2)
 125 I   0.93096 0.06814 0.00067 0.00023 ( 1)
 126 Y   0.95961 0.03990 0.00036 0.00012 ( 1)
 127 P   0.94220 0.05743 0.00028 0.00009 ( 1)
 128 W   0.55376 0.42667 0.01466 0.00491 ( 1)
 129 G   0.00000 0.60589 0.29435 0.09976 ( 2)
 130 D   0.99608 0.00390 0.00001 0.00001 ( 1)
 131 P   0.82603 0.17034 0.00272 0.00092 ( 1)
 132 V   0.08610 0.89343 0.01541 0.00506 ( 2)
 133 N   0.99962 0.00038 0.00000 0.00000 ( 1)
 134 I   0.99994 0.00006 0.00000 0.00000 ( 1)
 135 T   0.28466 0.70121 0.01061 0.00351 ( 2)
 136 K   0.97464 0.02500 0.00027 0.00009 ( 1)
 137 M   0.99988 0.00012 0.00000 0.00000 ( 1)
 138 N   0.91613 0.08197 0.00141 0.00048 ( 1)
 139 F   1.00000 0.00000 0.00000 0.00000 ( 1)
 140 S   0.98737 0.01255 0.00006 0.00002 ( 1)
 141 V   0.00053 0.92831 0.05351 0.01765 ( 2)
 142 T   0.98539 0.01439 0.00016 0.00005 ( 1)
 143 D   0.99951 0.00049 0.00000 0.00000 ( 1)
 144 -   0.79619 0.18539 0.01373 0.00469 ( 1)
 145 N   0.99999 0.00001 0.00000 0.00000 ( 1)
 146 -   0.66834 0.29703 0.02583 0.00880 ( 1)
 147 N   0.99998 0.00002 0.00000 0.00000 ( 1)
 148 S   0.00290 0.93934 0.04345 0.01431 ( 2)
 149 S   0.06821 0.90363 0.02120 0.00696 ( 2)
 150 K   0.00071 0.88048 0.08921 0.02960 ( 2)
 151 E   0.89393 0.10491 0.00087 0.00030 ( 1)
 152 L   0.00207 0.91360 0.06338 0.02095 ( 2)
 153 I   0.81437 0.18118 0.00332 0.00113 ( 1)
 154 Y   1.00000 0.00000 0.00000 0.00000 ( 1)
 155 G   0.99825 0.00175 0.00000 0.00000 ( 1)
 156 -   0.63283 0.32627 0.03050 0.01040 ( 1)
 157 -   0.54149 0.40891 0.03704 0.01256 ( 1)
 158 A   0.57552 0.40137 0.01730 0.00581 ( 1)
 159 H   0.01725 0.92826 0.04100 0.01349 ( 2)
 160 R   0.85899 0.13996 0.00079 0.00027 ( 1)
 161 T   0.35302 0.61245 0.02590 0.00863 ( 2)
 162 N   0.99960 0.00040 0.00000 0.00000 ( 1)
 163 K   0.14873 0.81549 0.02690 0.00888 ( 2)
 164 P   0.99989 0.00011 0.00000 0.00000 ( 1)
 165 V   0.76733 0.22800 0.00349 0.00118 ( 1)
 166 V   0.99995 0.00005 0.00000 0.00000 ( 1)
 167 R   0.88524 0.11299 0.00132 0.00045 ( 1)
 168 T   0.99987 0.00013 0.00000 0.00000 ( 1)
 169 D   0.99905 0.00095 0.00000 0.00000 ( 1)
 170 F   0.99991 0.00009 0.00000 0.00000 ( 1)
 171 D   0.98198 0.01780 0.00016 0.00006 ( 1)
 172 F   0.99994 0.00006 0.00000 0.00000 ( 1)
 173 -   0.45139 0.49462 0.04037 0.01362 ( 2)
 174 L   0.99889 0.00110 0.00000 0.00000 ( 1)
 175 T   0.42164 0.55016 0.02112 0.00707 ( 2)
 176 N   0.99477 0.00514 0.00007 0.00002 ( 1)
 177 K   0.99966 0.00034 0.00000 0.00000 ( 1)
 178 E   0.21416 0.77007 0.01185 0.00391 ( 2)
 179 G   0.90379 0.09431 0.00142 0.00048 ( 1)
 180 T   0.99846 0.00152 0.00002 0.00001 ( 1)
 181 E   0.33263 0.65146 0.01195 0.00396 ( 2)
 182 L   0.46253 0.51606 0.01605 0.00536 ( 2)
 183 A   0.51482 0.46891 0.01220 0.00408 ( 1)
 184 K   0.99785 0.00213 0.00001 0.00000 ( 1)
 185 Y   0.95859 0.04082 0.00044 0.00015 ( 1)
 186 N   0.99992 0.00008 0.00000 0.00000 ( 1)
 187 D   0.99735 0.00263 0.00001 0.00000 ( 1)
 188 Y   0.99995 0.00005 0.00000 0.00000 ( 1)
 189 N   0.36280 0.61062 0.01992 0.00666 ( 2)
 190 H   1.00000 0.00000 0.00000 0.00000 ( 1)
 191 I   0.99998 0.00002 0.00000 0.00000 ( 1)
 192 L   0.99999 0.00001 0.00000 0.00000 ( 1)
 193 S   0.99998 0.00002 0.00000 0.00000 ( 1)
 194 Y   0.99916 0.00083 0.00001 0.00000 ( 1)
 195 M   0.98901 0.01092 0.00005 0.00002 ( 1)
 196 L   0.99800 0.00199 0.00001 0.00000 ( 1)
 197 I   0.95650 0.04267 0.00062 0.00021 ( 1)
 198 N   0.99763 0.00236 0.00001 0.00000 ( 1)
 199 -   0.97316 0.02562 0.00091 0.00031 ( 1)
 200 -   0.78906 0.19448 0.01228 0.00418 ( 1)
 201 -   0.74185 0.22888 0.02181 0.00746 ( 1)
 202 -   0.34926 0.61245 0.02871 0.00958 ( 2)
 203 G   0.92743 0.07105 0.00113 0.00038 ( 1)
 204 E   0.00468 0.92785 0.05075 0.01672 ( 2)
 205 T   0.94151 0.05752 0.00073 0.00025 ( 1)
 206 F   0.66086 0.33274 0.00479 0.00161 ( 1)
 207 G   0.86596 0.13287 0.00087 0.00030 ( 1)
 208 Q   0.00156 0.92906 0.05218 0.01720 ( 2)
 209 K   0.96414 0.03553 0.00025 0.00008 ( 1)
 210 R   0.78283 0.21189 0.00395 0.00133 ( 1)
 211 H   0.98973 0.01020 0.00006 0.00002 ( 1)
 212 G   0.99995 0.00005 0.00000 0.00000 ( 1)
 213 Y   0.99971 0.00029 0.00000 0.00000 ( 1)
 214 S   0.99295 0.00696 0.00007 0.00002 ( 1)
 215 F   1.00000 0.00000 0.00000 0.00000 ( 1)
 216 A   0.99827 0.00172 0.00001 0.00000 ( 1)
 217 F   0.99999 0.00001 0.00000 0.00000 ( 1)
 218 T   0.99986 0.00014 0.00000 0.00000 ( 1)
 219 H   1.00000 0.00000 0.00000 0.00000 ( 1)
 220 S   0.99999 0.00001 0.00000 0.00000 ( 1)
 221 S   1.00000 0.00000 0.00000 0.00000 ( 1)
 222 -   0.71695 0.24650 0.02721 0.00933 ( 1)
 223 -   0.71695 0.24650 0.02721 0.00933 ( 1)

