Supplemental results for CODEML (seqf: algn  treef: tree)


dN/dS (w) for site classes (K=4)

site class             0        1       2a       2b
proportion       0.35304  0.43820  0.09315  0.11561
background w     0.09593  1.00000  0.09593  1.00000
foreground w     0.09593  1.00000 29.52672 29.52672

Naive Empirical Bayes (NEB) probabilities for 4 classes
(amino acids refer to 1st sequence: BT_Cry30Da1)

   1 -   0.55301 0.23823 0.14591 0.06285 ( 1)
   2 -   0.08846 0.70278 0.02334 0.18542 ( 2)
   3 -   0.77245 0.01879 0.20380 0.00496 ( 1)
   4 R   0.97886 0.00074 0.02033 0.00007 ( 1)
   5 I   0.97254 0.00026 0.02717 0.00004 ( 1)
   6 T   0.97499 0.00050 0.02446 0.00005 ( 1)
   7 Q   0.92772 0.06445 0.00568 0.00214 ( 1)
   8 I   0.70226 0.24074 0.02586 0.03113 ( 1)
   9 P   0.99174 0.00089 0.00734 0.00003 ( 1)
  10 A   0.91496 0.03163 0.04752 0.00589 ( 1)
  11 V   0.95088 0.02312 0.02270 0.00330 ( 1)
  12 K   0.98359 0.00006 0.01635 0.00001 ( 1)
  13 A   0.95143 0.02962 0.01508 0.00387 ( 1)
  14 H   0.61172 0.31997 0.01519 0.05311 ( 1)
  15 Y   0.00000 0.83919 0.00000 0.16080 ( 2)
  16 L   0.06373 0.61453 0.14865 0.17308 ( 2)
  17 S   0.15624 0.73502 0.00255 0.10619 ( 2)
  18 A   0.00042 0.75316 0.00026 0.24616 ( 2)
  19 T   0.00588 0.84931 0.00061 0.14420 ( 2)
  20 A   0.06371 0.64837 0.10708 0.18084 ( 2)
  21 K   0.02622 0.66120 0.15879 0.15379 ( 2)
  22 V   0.97818 0.00015 0.02166 0.00002 ( 1)
  23 I   0.97887 0.00027 0.02082 0.00003 ( 1)
  24 A   0.05192 0.69765 0.02637 0.22406 ( 2)
  25 G   0.00999 0.00023 0.98939 0.00039 ( 3)
  26 P   0.01030 0.00006 0.98956 0.00008 ( 3)
  27 G   0.98715 0.00013 0.01271 0.00001 ( 1)
  28 H   0.05446 0.53074 0.20510 0.20970 ( 2)
  29 T   0.01527 0.03906 0.90958 0.03609 ( 3)
  30 G   0.99380 0.00005 0.00615 0.00000 ( 1)
  31 G   0.98903 0.00726 0.00369 0.00003 ( 1)
  32 D   0.91791 0.05282 0.02098 0.00829 ( 1)
  33 L   0.82251 0.01096 0.16512 0.00141 ( 1)
  34 V   0.85067 0.01275 0.13496 0.00163 ( 1)
  35 A   0.01058 0.42102 0.33473 0.23367 ( 2)
  36 L   0.02680 0.60806 0.13100 0.23414 ( 2)
  37 -   0.35304 0.43820 0.09315 0.11561 ( 2)
  38 -   0.35304 0.43820 0.09315 0.11561 ( 2)
  39 -   0.35304 0.43820 0.09315 0.11561 ( 2)
  40 -   0.35304 0.43820 0.09315 0.11561 ( 2)
  41 I   0.09116 0.71422 0.00511 0.18951 ( 2)
  42 N   0.12143 0.41531 0.35302 0.11023 ( 2)
  43 D   0.18400 0.66011 0.03159 0.12430 ( 2)
  44 G   0.03787 0.76360 0.01876 0.17978 ( 2)
  45 S   0.00002 0.65906 0.00076 0.34015 ( 2)
  46 R   0.00046 0.80173 0.00021 0.19760 ( 2)
  47 T   0.00910 0.59886 0.17671 0.21532 ( 2)
  48 G   0.12062 0.66986 0.07629 0.13323 ( 2)
  49 S   0.04559 0.77863 0.00426 0.17152 ( 2)
  50 M   0.36038 0.57308 0.01447 0.05207 ( 2)
  51 N   0.00002 0.81213 0.00040 0.18745 ( 2)
  52 I   0.88418 0.07675 0.02613 0.01294 ( 1)
  53 E   0.02747 0.80713 0.00711 0.15829 ( 2)
  54 C   0.01479 0.04520 0.87119 0.06882 ( 3)
  55 K   0.06050 0.04022 0.87743 0.02185 ( 3)
  56 T   0.16026 0.66334 0.07025 0.10616 ( 2)
  57 G   0.00330 0.79045 0.00415 0.20209 ( 2)
  58 S   0.00008 0.68750 0.00064 0.31179 ( 2)
  59 F   0.00030 0.60319 0.00218 0.39432 ( 2)
  60 T   0.23566 0.62003 0.02807 0.11625 ( 2)
  61 Q   0.38467 0.40657 0.10149 0.10727 ( 2)
  62 P   0.39314 0.39810 0.10373 0.10503 ( 2)
  63 S   0.00007 0.78978 0.00002 0.21013 ( 2)
  64 R   0.01836 0.68846 0.03997 0.25321 ( 2)
  65 R   0.66001 0.29487 0.01187 0.03325 ( 1)
  66 F   0.98211 0.00121 0.01665 0.00003 ( 1)
  67 G   0.00214 0.78149 0.00474 0.21163 ( 2)
  68 L   0.04172 0.68354 0.07372 0.20102 ( 2)
  69 R   0.99040 0.00022 0.00936 0.00001 ( 1)
  70 M   0.97373 0.00055 0.02564 0.00008 ( 1)
  71 R   0.72076 0.00051 0.27844 0.00029 ( 1)
  72 Y   0.98917 0.00003 0.01080 0.00000 ( 1)
  73 A   0.97919 0.00041 0.02036 0.00004 ( 1)
  74 E   0.83845 0.13461 0.01451 0.01243 ( 1)
  75 N   0.97339 0.00367 0.02259 0.00035 ( 1)
  76 N   0.01326 0.64447 0.14475 0.19752 ( 2)
  77 Q   0.01087 0.78971 0.03372 0.16570 ( 2)
  78 F   0.25494 0.69718 0.00224 0.04565 ( 2)
  79 S   0.00170 0.51157 0.04460 0.44213 ( 2)
  80 V   0.99148 0.00075 0.00774 0.00003 ( 1)
  81 S   0.00841 0.87826 0.00155 0.11178 ( 2)
  82 I   0.09486 0.62373 0.12431 0.15710 ( 2)
  83 L   0.00000 0.76970 0.00000 0.23029 ( 2)
  84 R   0.00042 0.82543 0.00055 0.17360 ( 2)
  85 D   0.00007 0.79117 0.00002 0.20874 ( 2)
  86 N   0.00001 0.79123 0.00000 0.20876 ( 2)
  87 Q   0.01646 0.77478 0.00434 0.20442 ( 2)
  88 -   0.35304 0.43820 0.09315 0.11561 ( 2)
  89 G   0.00152 0.75200 0.00210 0.24438 ( 2)
  90 V   0.00057 0.83002 0.00012 0.16929 ( 2)
  91 G   0.03958 0.75705 0.03494 0.16843 ( 2)
  92 T   0.00002 0.79773 0.00002 0.20223 ( 2)
  93 F   0.00090 0.18302 0.64525 0.17083 ( 3)
  94 N   0.00110 0.74736 0.00013 0.25141 ( 2)
  95 I   0.00004 0.85359 0.00001 0.14636 ( 2)
  96 E   0.01983 0.73145 0.00225 0.24647 ( 2)
  97 R   0.75551 0.21760 0.00747 0.01943 ( 1)
  98 T   0.09273 0.66575 0.04463 0.19689 ( 2)
  99 F   0.97102 0.01419 0.01371 0.00108 ( 1)
 100 S   0.97035 0.00530 0.02400 0.00035 ( 1)
 101 R   0.89968 0.09546 0.00302 0.00184 ( 1)
 102 T   0.14081 0.32888 0.39881 0.13150 ( 3)
 103 N   0.41932 0.37192 0.11063 0.09813 ( 1)
 104 N   0.41932 0.37192 0.11063 0.09813 ( 1)
 105 I   0.40255 0.38869 0.10621 0.10255 ( 1)
 106 I   0.00159 0.61248 0.01876 0.36717 ( 2)
 107 P   0.91275 0.07079 0.01090 0.00556 ( 1)
 108 T   0.00215 0.74989 0.00136 0.24660 ( 2)
 109 D   0.00261 0.78824 0.01100 0.19815 ( 2)
 110 L   0.65398 0.05073 0.28185 0.01344 ( 1)
 111 K   0.77122 0.01014 0.21740 0.00124 ( 1)
 112 Y   0.98815 0.00086 0.01092 0.00006 ( 1)
 113 N   0.97001 0.00771 0.02107 0.00120 ( 1)
 114 E   0.48661 0.50379 0.00412 0.00548 ( 2)
 115 F   0.99028 0.00001 0.00971 0.00000 ( 1)
 116 K   0.33217 0.49246 0.11147 0.06389 ( 2)
 117 Y   0.98867 0.00007 0.01126 0.00000 ( 1)
 118 N   0.00440 0.74116 0.01328 0.24116 ( 2)
 119 N   0.01511 0.65961 0.12253 0.20275 ( 2)
 120 Y   0.02407 0.53965 0.24386 0.19241 ( 2)
 121 D   0.27047 0.52077 0.07136 0.13740 ( 2)
 122 E   0.00024 0.55373 0.01844 0.42759 ( 2)
 123 I   0.07152 0.76000 0.01094 0.15754 ( 2)
 124 T   0.00359 0.76138 0.00372 0.23131 ( 2)
 125 M   0.00000 0.54863 0.00002 0.45135 ( 2)
 126 D   0.00007 0.68997 0.00081 0.30915 ( 2)
 127 L   0.00645 0.79124 0.00607 0.19623 ( 2)
 128 P   0.00041 0.80507 0.00008 0.19444 ( 2)
 129 P   0.54194 0.38399 0.01554 0.05853 ( 1)
 130 N   0.05918 0.05027 0.86379 0.02676 ( 3)
 131 K   0.00422 0.49387 0.26925 0.23266 ( 2)
 132 I   0.00287 0.77520 0.00033 0.22159 ( 2)
 133 I   0.00218 0.90183 0.00025 0.09574 ( 2)
 134 -   0.10861 0.68263 0.02866 0.18010 ( 2)
 135 -   0.35850 0.43274 0.09459 0.11417 ( 2)
 136 D   0.11646 0.72671 0.01768 0.13916 ( 2)
 137 I   0.08854 0.71416 0.03788 0.15942 ( 2)
 138 R   0.00014 0.82771 0.00078 0.17136 ( 2)
 139 I   0.00851 0.74915 0.00355 0.23879 ( 2)
 140 Q   0.10691 0.72177 0.03787 0.13345 ( 2)
 141 Q   0.00020 0.68067 0.00523 0.31391 ( 2)
 142 T   0.68195 0.26443 0.02210 0.03152 ( 1)
 143 N   0.00144 0.77359 0.00304 0.22193 ( 2)
 144 S   0.01647 0.77477 0.00435 0.20441 ( 2)
 145 L   0.00064 0.73318 0.00274 0.26345 ( 2)
 146 S   0.03003 0.77758 0.00750 0.18489 ( 2)
 147 I   0.00001 0.74845 0.00002 0.25153 ( 2)
 148 N   0.02455 0.82284 0.01052 0.14209 ( 2)
 149 Q   0.34264 0.49120 0.05948 0.10669 ( 2)
 150 F   0.20469 0.65381 0.05704 0.08447 ( 2)
 151 I   0.64344 0.34132 0.01038 0.00485 ( 1)
 152 I   0.94359 0.01528 0.03776 0.00338 ( 1)
 153 D   0.98262 0.00004 0.01734 0.00000 ( 1)
 154 R   0.90971 0.05481 0.02806 0.00742 ( 1)
 155 I   0.38255 0.07365 0.53314 0.01065 ( 3)
 156 E   0.98090 0.00012 0.01897 0.00001 ( 1)
 157 F   0.98307 0.00114 0.01575 0.00004 ( 1)
 158 Y   0.88417 0.07984 0.02583 0.01016 ( 1)
 159 P   0.98495 0.00546 0.00888 0.00071 ( 1)


lnL = -2948.377253

Bayes Empirical Bayes (BEB) probabilities for 4 classes (class)
(amino acids refer to 1st sequence: BT_Cry30Da1)

   1 -   0.55414 0.21277 0.17182 0.06127 ( 1)
   2 -   0.15729 0.60962 0.05111 0.18198 ( 2)
   3 -   0.74700 0.01991 0.22702 0.00606 ( 1)
   4 R   0.97088 0.00087 0.02814 0.00011 ( 1)
   5 I   0.96306 0.00047 0.03639 0.00008 ( 1)
   6 T   0.96442 0.00070 0.03478 0.00009 ( 1)
   7 Q   0.90565 0.07996 0.01070 0.00369 ( 1)
   8 I   0.69264 0.22756 0.04120 0.03860 ( 1)
   9 P   0.98550 0.00098 0.01346 0.00005 ( 1)
  10 A   0.89910 0.03361 0.06104 0.00625 ( 1)
  11 V   0.93941 0.02492 0.03151 0.00416 ( 1)
  12 K   0.97584 0.00010 0.02404 0.00002 ( 1)
  13 A   0.94060 0.03182 0.02237 0.00521 ( 1)
  14 H   0.65404 0.26738 0.02750 0.05108 ( 1)
  15 Y   0.00006 0.80972 0.00002 0.19020 ( 2)
  16 L   0.11542 0.55315 0.16052 0.17091 ( 2)
  17 S   0.26414 0.62201 0.00736 0.10649 ( 2)
  18 A   0.00268 0.75016 0.00161 0.24555 ( 2)
  19 T   0.02287 0.80157 0.00280 0.17277 ( 2)
  20 A   0.13780 0.52691 0.17672 0.15856 ( 2)
  21 K   0.07242 0.48561 0.29947 0.14251 ( 2)
  22 V   0.97035 0.00022 0.02939 0.00003 ( 1)
  23 I   0.96720 0.00049 0.03222 0.00009 ( 1)
  24 A   0.16447 0.56823 0.07587 0.19143 ( 2)
  25 G   0.01971 0.00036 0.97947 0.00047 ( 3)
  26 P   0.01821 0.00010 0.98157 0.00012 ( 3)
  27 G   0.98191 0.00018 0.01789 0.00001 ( 1)
  28 H   0.14588 0.39580 0.31551 0.14281 ( 2)
  29 T   0.03016 0.05024 0.88132 0.03828 ( 3)
  30 G   0.98837 0.00007 0.01156 0.00000 ( 1)
  31 G   0.95920 0.00735 0.03310 0.00035 ( 1)
  32 D   0.89654 0.06094 0.03124 0.01128 ( 1)
  33 L   0.76995 0.01039 0.21780 0.00185 ( 1)
  34 V   0.81581 0.01329 0.16860 0.00230 ( 1)
  35 A   0.02912 0.34185 0.44837 0.18066 ( 3)
  36 L   0.07226 0.50967 0.21989 0.19818 ( 2)
  37 -   0.37576 0.39115 0.11669 0.11640 ( 2)
  38 -   0.37576 0.39115 0.11669 0.11640 ( 2)
  39 -   0.37576 0.39115 0.11669 0.11640 ( 2)
  40 -   0.37576 0.39115 0.11669 0.11640 ( 2)
  41 I   0.19039 0.61853 0.01478 0.17630 ( 2)
  42 N   0.20623 0.34188 0.35916 0.09273 ( 3)
  43 D   0.27726 0.52922 0.06839 0.12513 ( 2)
  44 G   0.11181 0.63914 0.06022 0.18883 ( 2)
  45 S   0.00043 0.64325 0.00605 0.35027 ( 2)
  46 R   0.00378 0.77251 0.00166 0.22205 ( 2)
  47 T   0.02756 0.46969 0.31460 0.18815 ( 2)
  48 G   0.24490 0.50923 0.13352 0.11235 ( 2)
  49 S   0.13649 0.68603 0.01467 0.16281 ( 2)
  50 M   0.50007 0.42334 0.03055 0.04604 ( 1)
  51 N   0.00031 0.76731 0.00261 0.22977 ( 2)
  52 I   0.86914 0.07938 0.03604 0.01545 ( 1)
  53 E   0.13033 0.67197 0.03576 0.16194 ( 2)
  54 C   0.03090 0.06111 0.85131 0.05668 ( 3)
  55 K   0.07119 0.04193 0.86555 0.02134 ( 3)
  56 T   0.28558 0.50275 0.11928 0.09239 ( 2)
  57 G   0.02119 0.73774 0.01944 0.22163 ( 2)
  58 S   0.00080 0.67590 0.00348 0.31982 ( 2)
  59 F   0.00223 0.60761 0.00901 0.38115 ( 2)
  60 T   0.32091 0.50504 0.05823 0.11582 ( 2)
  61 Q   0.40462 0.36229 0.12542 0.10767 ( 1)
  62 P   0.41229 0.35463 0.12774 0.10535 ( 1)
  63 S   0.00097 0.77121 0.00035 0.22746 ( 2)
  64 R   0.06747 0.60180 0.11034 0.22039 ( 2)
  65 R   0.68997 0.25542 0.02065 0.03397 ( 1)
  66 F   0.96676 0.00139 0.03176 0.00009 ( 1)
  67 G   0.01470 0.70036 0.03223 0.25271 ( 2)
  68 L   0.12117 0.55304 0.15307 0.17272 ( 2)
  69 R   0.98516 0.00031 0.01450 0.00003 ( 1)
  70 M   0.96294 0.00074 0.03618 0.00015 ( 1)
  71 R   0.72373 0.00064 0.27532 0.00032 ( 1)
  72 Y   0.98297 0.00005 0.01697 0.00000 ( 1)
  73 A   0.97362 0.00060 0.02572 0.00006 ( 1)
  74 E   0.82312 0.14229 0.02067 0.01392 ( 1)
  75 N   0.96709 0.00410 0.02835 0.00045 ( 1)
  76 N   0.04021 0.47979 0.28927 0.19073 ( 2)
  77 Q   0.04616 0.65825 0.11820 0.17740 ( 2)
  78 F   0.49604 0.46102 0.00757 0.03537 ( 1)
  79 S   0.00788 0.49068 0.10533 0.39611 ( 2)
  80 V   0.98667 0.00083 0.01245 0.00005 ( 1)
  81 S   0.05296 0.80161 0.01056 0.13487 ( 2)
  82 I   0.18152 0.48504 0.20253 0.13091 ( 2)
  83 L   0.00006 0.73597 0.00005 0.26392 ( 2)
  84 R   0.00461 0.77675 0.00555 0.21308 ( 2)
  85 D   0.00078 0.76613 0.00026 0.23283 ( 2)
  86 N   0.00020 0.76671 0.00006 0.23302 ( 2)
  87 Q   0.05427 0.71264 0.01780 0.21529 ( 2)
  88 -   0.37576 0.39115 0.11669 0.11640 ( 2)
  89 G   0.00846 0.73449 0.00893 0.24812 ( 2)
  90 V   0.00544 0.80952 0.00103 0.18401 ( 2)
  91 G   0.10326 0.66248 0.07284 0.16142 ( 2)
  92 T   0.00034 0.78203 0.00022 0.21742 ( 2)
  93 F   0.00304 0.17953 0.67325 0.14418 ( 3)
  94 N   0.00793 0.73565 0.00115 0.25527 ( 2)
  95 I   0.00056 0.81841 0.00015 0.18088 ( 2)
  96 E   0.07266 0.67672 0.01040 0.24022 ( 2)
  97 R   0.75431 0.21049 0.01266 0.02254 ( 1)
  98 T   0.20327 0.53799 0.09130 0.16745 ( 2)
  99 F   0.96021 0.01533 0.02282 0.00164 ( 1)
 100 S   0.95444 0.00562 0.03936 0.00058 ( 1)
 101 R   0.87279 0.11903 0.00518 0.00300 ( 1)
 102 T   0.18916 0.28227 0.42151 0.10705 ( 3)
 103 N   0.43581 0.33110 0.13482 0.09827 ( 1)
 104 N   0.43581 0.33110 0.13482 0.09827 ( 1)
 105 I   0.42076 0.34615 0.13029 0.10280 ( 1)
 106 I   0.01078 0.58157 0.06458 0.34307 ( 2)
 107 P   0.90581 0.07293 0.01536 0.00590 ( 1)
 108 T   0.01407 0.71882 0.00890 0.25821 ( 2)
 109 D   0.01991 0.69669 0.05917 0.22424 ( 2)
 110 L   0.64536 0.04927 0.29267 0.01271 ( 1)
 111 K   0.74563 0.01053 0.24222 0.00161 ( 1)
 112 Y   0.98178 0.00100 0.01713 0.00009 ( 1)
 113 N   0.95895 0.00861 0.03081 0.00163 ( 1)
 114 E   0.55983 0.39146 0.02570 0.02301 ( 1)
 115 F   0.98482 0.00002 0.01516 0.00000 ( 1)
 116 K   0.43902 0.34750 0.15777 0.05570 ( 1)
 117 Y   0.98253 0.00010 0.01737 0.00001 ( 1)
 118 N   0.01916 0.62767 0.05358 0.29960 ( 2)
 119 N   0.04911 0.51727 0.25788 0.17574 ( 2)
 120 Y   0.04948 0.43422 0.33723 0.17907 ( 2)
 121 D   0.32317 0.44374 0.10330 0.12979 ( 2)
 122 E   0.00196 0.52457 0.06590 0.40756 ( 2)
 123 I   0.17967 0.65073 0.03258 0.13702 ( 2)
 124 T   0.01978 0.73417 0.01294 0.23311 ( 2)
 125 M   0.00003 0.56012 0.00030 0.43955 ( 2)
 126 D   0.00095 0.67481 0.00602 0.31822 ( 2)
 127 L   0.03584 0.72696 0.02763 0.20957 ( 2)
 128 P   0.00432 0.77692 0.00091 0.21784 ( 2)
 129 P   0.59622 0.31741 0.02806 0.05832 ( 1)
 130 N   0.09067 0.05783 0.82728 0.02422 ( 3)
 131 K   0.01346 0.41984 0.36311 0.20360 ( 2)
 132 I   0.01115 0.75119 0.00172 0.23594 ( 2)
 133 I   0.01621 0.86787 0.00190 0.11402 ( 2)
 134 -   0.17758 0.58933 0.05758 0.17551 ( 2)
 135 -   0.38077 0.38614 0.11821 0.11488 ( 2)
 136 D   0.20988 0.61463 0.03888 0.13661 ( 2)
 137 I   0.17291 0.60207 0.06919 0.15582 ( 2)
 138 R   0.00145 0.78115 0.00503 0.21237 ( 2)
 139 I   0.03005 0.71013 0.01520 0.24462 ( 2)
 140 Q   0.20694 0.59791 0.06792 0.12723 ( 2)
 141 Q   0.00148 0.66989 0.01549 0.31314 ( 2)
 142 T   0.69194 0.23484 0.03926 0.03396 ( 1)
 143 N   0.00871 0.73239 0.01374 0.24515 ( 2)
 144 S   0.05070 0.71621 0.01663 0.21646 ( 2)
 145 L   0.00621 0.70763 0.01530 0.27085 ( 2)
 146 S   0.10719 0.67718 0.03041 0.18522 ( 2)
 147 I   0.00011 0.74499 0.00017 0.25473 ( 2)
 148 N   0.11548 0.68685 0.04340 0.15427 ( 2)
 149 Q   0.48496 0.35013 0.08821 0.07670 ( 1)
 150 F   0.35460 0.48887 0.08318 0.07335 ( 2)
 151 I   0.66609 0.29287 0.02404 0.01700 ( 1)
 152 I   0.92837 0.01839 0.04843 0.00481 ( 1)
 153 D   0.97605 0.00007 0.02387 0.00001 ( 1)
 154 R   0.88492 0.06471 0.04084 0.00953 ( 1)
 155 I   0.35630 0.06450 0.56591 0.01329 ( 3)
 156 E   0.97460 0.00018 0.02520 0.00002 ( 1)
 157 F   0.97459 0.00128 0.02405 0.00008 ( 1)
 158 Y   0.86770 0.08098 0.03907 0.01225 ( 1)
 159 P   0.97584 0.00627 0.01677 0.00112 ( 1)

