Supplemental results for CODEML (seqf: algn  treef: tree)


dN/dS (w) for site classes (K=4)

site class             0        1       2a       2b
proportion       0.40943  0.26805  0.19491  0.12761
background w     0.11406  1.00000  0.11406  1.00000
foreground w     0.11406  1.00000  1.00000  1.00000

Naive Empirical Bayes (NEB) probabilities for 4 classes
(amino acids refer to 1st sequence: BT_Cry13Aa1)

   1 D   0.68118 0.00071 0.31777 0.00034 ( 1)
   2 Y   0.68425 0.00053 0.31497 0.00025 ( 1)
   3 S   0.00089 0.67585 0.00152 0.32174 ( 2)
   4 S   0.03974 0.63304 0.02585 0.30136 ( 2)
   5 Q   0.67730 0.00258 0.31889 0.00123 ( 1)
   6 I   0.66048 0.01868 0.31195 0.00889 ( 1)
   7 K   0.00583 0.67164 0.00280 0.31973 ( 2)
   8 L   0.30687 0.37204 0.14398 0.17711 ( 2)
   9 E   0.68447 0.00010 0.31538 0.00005 ( 1)
  10 K   0.64957 0.02761 0.30967 0.01315 ( 1)
  11 T   0.67846 0.00063 0.32062 0.00030 ( 1)
  12 R   0.67419 0.00521 0.31812 0.00248 ( 1)
  13 V   0.68204 0.00224 0.31465 0.00107 ( 1)
  14 I   0.65210 0.03275 0.29956 0.01559 ( 1)
  15 F   0.68020 0.00008 0.31969 0.00004 ( 1)
  16 S   0.67848 0.00226 0.31819 0.00107 ( 1)
  17 D   0.68715 0.00026 0.31247 0.00012 ( 1)
  18 M   0.66115 0.01962 0.30990 0.00934 ( 1)
  19 V   0.67656 0.00819 0.31135 0.00390 ( 1)
  20 G   0.67648 0.00574 0.31504 0.00273 ( 1)
  21 Q   0.68324 0.00195 0.31388 0.00093 ( 1)
  22 S   0.65152 0.03538 0.29627 0.01684 ( 1)
  23 E   0.68053 0.00202 0.31650 0.00096 ( 1)
  24 S   0.23643 0.44161 0.11173 0.21023 ( 2)
  25 R   0.03345 0.64416 0.01573 0.30666 ( 2)
  26 D   0.68218 0.00364 0.31244 0.00174 ( 1)
  27 G   0.23416 0.44675 0.10641 0.21268 ( 2)
  28 S   0.02300 0.65481 0.01046 0.31172 ( 2)
  29 V   0.67290 0.00698 0.31680 0.00332 ( 1)
  30 T   0.65642 0.02836 0.30172 0.01350 ( 1)
  31 I   0.68168 0.00153 0.31606 0.00073 ( 1)
  32 K   0.28946 0.39129 0.13297 0.18628 ( 2)
  33 N   0.68768 0.00006 0.31223 0.00003 ( 1)
  34 I   0.67011 0.01163 0.31272 0.00554 ( 1)
  35 F   0.04636 0.63147 0.02156 0.30061 ( 2)
  36 D   0.68162 0.00018 0.31812 0.00008 ( 1)
  37 N   0.03063 0.64705 0.01428 0.30803 ( 2)
  38 -   0.46143 0.22122 0.21204 0.10531 ( 1)
  39 -   0.00168 0.67542 0.00137 0.32153 ( 2)
  40 -   0.19852 0.48036 0.09245 0.22867 ( 2)
  41 -   0.08675 0.59087 0.04110 0.28129 ( 2)
  42 T   0.07603 0.60222 0.03506 0.28669 ( 2)
  43 D   0.00123 0.67626 0.00057 0.32193 ( 2)
  44 S   0.00414 0.67338 0.00191 0.32056 ( 2)
  45 H   0.68388 0.00380 0.31051 0.00181 ( 1)
  46 Q   0.66924 0.01322 0.31125 0.00629 ( 1)
  47 H   0.68593 0.00002 0.31405 0.00001 ( 1)
  48 G   0.00003 0.67746 0.00001 0.32250 ( 2)
  49 S   0.00136 0.67572 0.00124 0.32168 ( 2)
  50 I   0.68316 0.00019 0.31656 0.00009 ( 1)
  51 -   0.54766 0.12982 0.26071 0.06180 ( 1)
  52 -   0.59641 0.08108 0.28392 0.03860 ( 1)
  53 -   0.59641 0.08108 0.28392 0.03860 ( 1)
  54 G   0.67924 0.00806 0.30887 0.00384 ( 1)
  55 L   0.41538 0.26330 0.19598 0.12534 ( 1)
  56 N   0.68195 0.00015 0.31783 0.00007 ( 1)
  57 S   0.63912 0.04040 0.30124 0.01923 ( 1)
  58 I   0.67109 0.00915 0.31540 0.00435 ( 1)
  59 S   0.68332 0.00084 0.31544 0.00040 ( 1)
  60 Y   0.68505 0.00007 0.31485 0.00003 ( 1)
  61 F   0.08443 0.59338 0.03972 0.28248 ( 2)
  62 P   0.14256 0.53666 0.06531 0.25548 ( 2)
  63 D   0.63774 0.04638 0.29380 0.02208 ( 1)
  64 E   0.68456 0.00021 0.31513 0.00010 ( 1)
  65 L   0.67111 0.00814 0.31688 0.00388 ( 1)
  66 Q   0.03481 0.64308 0.01597 0.30614 ( 2)
  67 K   0.22313 0.45546 0.10459 0.21682 ( 2)
  68 A   0.09531 0.57622 0.05416 0.27431 ( 2)
  69 Q   0.67851 0.00402 0.31556 0.00192 ( 1)
  70 L   0.38141 0.29716 0.17997 0.14146 ( 1)
  71 R   0.00004 0.67744 0.00002 0.32250 ( 2)
  72 M   0.49775 0.18401 0.23064 0.08760 ( 1)
  73 Y   0.68563 0.00031 0.31391 0.00015 ( 1)
  74 D   0.66299 0.01869 0.30942 0.00890 ( 1)
  75 Y   0.33155 0.34942 0.15270 0.16634 ( 2)
  76 N   0.00006 0.67734 0.00016 0.32245 ( 2)
  77 H   0.37473 0.30608 0.17348 0.14571 ( 1)
  78 K   0.01616 0.66149 0.00744 0.31490 ( 2)
  79 P   0.00242 0.67510 0.00110 0.32138 ( 2)
  80 Y   0.00816 0.66935 0.00384 0.31865 ( 2)
  81 C   0.23288 0.44717 0.10708 0.21287 ( 2)
  82 T   0.58891 0.09256 0.27447 0.04406 ( 1)
  83 D   0.40943 0.26805 0.19491 0.12761 ( 1)
  84 C   0.40943 0.26805 0.19491 0.12761 ( 1)
  85 F   0.40943 0.26805 0.19491 0.12761 ( 1)
  86 C   0.52546 0.15694 0.24288 0.07471 ( 1)
  87 W   0.66724 0.01769 0.30666 0.00842 ( 1)
  88 P   0.50788 0.17271 0.23720 0.08222 ( 1)
  89 Y   0.68497 0.00015 0.31481 0.00007 ( 1)
  90 G   0.32522 0.35451 0.15151 0.16876 ( 2)
  91 V   0.55678 0.12695 0.25584 0.06043 ( 1)
  92 I   0.68466 0.00056 0.31451 0.00027 ( 1)
  93 L   0.00206 0.67489 0.00176 0.32128 ( 2)
  94 N   0.68694 0.00077 0.31191 0.00037 ( 1)
  95 Y   0.68505 0.00007 0.31485 0.00003 ( 1)
  96 N   0.00087 0.67661 0.00041 0.32210 ( 2)
  97 K   0.17635 0.50233 0.08219 0.23913 ( 2)
  98 N   0.01149 0.66285 0.01011 0.31555 ( 2)
  99 T   0.00057 0.67691 0.00027 0.32225 ( 2)
 100 F   0.68268 0.00242 0.31376 0.00115 ( 1)
 101 R   0.01493 0.66262 0.00702 0.31544 ( 2)
 102 Y   0.68505 0.00007 0.31485 0.00003 ( 1)
 103 G   0.68161 0.00065 0.31743 0.00031 ( 1)
 104 D   0.68736 0.00005 0.31257 0.00002 ( 1)
 105 -   0.53221 0.14975 0.24676 0.07129 ( 1)
 106 N   0.66939 0.01068 0.31485 0.00508 ( 1)
 107 D   0.00162 0.67587 0.00076 0.32175 ( 2)
 108 P   0.67878 0.00073 0.32014 0.00035 ( 1)
 109 G   0.00033 0.67716 0.00015 0.32236 ( 2)
 110 L   0.00028 0.67721 0.00013 0.32239 ( 2)
 111 -   0.40943 0.26805 0.19491 0.12761 ( 1)
 112 S   0.00005 0.67743 0.00002 0.32249 ( 2)
 113 G   0.04184 0.63594 0.01949 0.30274 ( 2)
 114 D   0.02946 0.64821 0.01375 0.30858 ( 2)
 115 V   0.00330 0.67421 0.00152 0.32096 ( 2)
 116 Q   0.01420 0.66334 0.00668 0.31578 ( 2)
 117 L   0.27313 0.40547 0.12837 0.19303 ( 2)
 118 P   0.00392 0.67358 0.00184 0.32066 ( 2)
 119 A   0.61812 0.06074 0.29223 0.02891 ( 1)
 120 P   0.67202 0.01130 0.31129 0.00538 ( 1)
 121 -   0.40943 0.26805 0.19491 0.12761 ( 1)
 122 -   0.40943 0.26805 0.19491 0.12761 ( 1)
 123 -   0.40943 0.26805 0.19491 0.12761 ( 1)
 124 M   0.59542 0.08485 0.27933 0.04039 ( 1)
 125 S   0.02262 0.65520 0.01027 0.31191 ( 2)
 126 V   0.00003 0.67745 0.00001 0.32250 ( 2)
 127 V   0.09893 0.57904 0.04637 0.27565 ( 2)
 128 N   0.68768 0.00006 0.31223 0.00003 ( 1)
 129 A   0.63672 0.04218 0.30102 0.02008 ( 1)
 130 Q   0.02102 0.65661 0.00979 0.31258 ( 2)
 131 T   0.68476 0.00034 0.31474 0.00016 ( 1)
 132 Q   0.68236 0.00020 0.31735 0.00009 ( 1)
 133 T   0.40013 0.28180 0.18392 0.13415 ( 1)
 134 A   0.05381 0.62395 0.02521 0.29703 ( 2)
 135 Q   0.13376 0.54536 0.06125 0.25962 ( 2)
 136 -   0.44260 0.23798 0.20614 0.11329 ( 1)
 137 Y   0.67974 0.00036 0.31972 0.00017 ( 1)
 138 T   0.39518 0.28527 0.18374 0.13581 ( 1)
 139 D   0.68738 0.00003 0.31257 0.00002 ( 1)
 140 G   0.50935 0.17058 0.23887 0.08120 ( 1)
 141 E   0.68075 0.00024 0.31889 0.00012 ( 1)
 142 N   0.04103 0.63685 0.01894 0.30318 ( 2)
 143 I   0.03701 0.64088 0.01702 0.30509 ( 2)
 144 W   0.00015 0.67734 0.00007 0.32245 ( 2)
 145 T   0.07860 0.59998 0.03579 0.28562 ( 2)
 146 D   0.54032 0.14393 0.24723 0.06852 ( 1)
 147 T   0.00863 0.66897 0.00393 0.31846 ( 2)
 148 -   0.01627 0.66131 0.00760 0.31482 ( 2)
 149 -   0.43046 0.24899 0.20202 0.11853 ( 1)
 150 -   0.40943 0.26805 0.19491 0.12761 ( 1)
 151 -   0.40943 0.26805 0.19491 0.12761 ( 1)
 152 -   0.40943 0.26805 0.19491 0.12761 ( 1)
 153 G   0.03596 0.64165 0.01693 0.30546 ( 2)
 154 R   0.00420 0.67330 0.00198 0.32053 ( 2)
 155 S   0.01049 0.66710 0.00483 0.31758 ( 2)
 156 W   0.00003 0.67738 0.00013 0.32247 ( 2)
 157 L   0.00749 0.67000 0.00354 0.31896 ( 2)
 158 C   0.66675 0.01698 0.30819 0.00808 ( 1)
 159 T   0.09208 0.58654 0.04216 0.27922 ( 2)
 160 L   0.67637 0.00692 0.31341 0.00330 ( 1)
 161 R   0.58527 0.09375 0.27635 0.04463 ( 1)
 162 G   0.68101 0.00125 0.31715 0.00059 ( 1)
 163 Y   0.60216 0.07948 0.28052 0.03784 ( 1)
 164 C   0.68386 0.00004 0.31609 0.00002 ( 1)
 165 T   0.68112 0.00188 0.31610 0.00090 ( 1)
 166 T   0.04357 0.63438 0.02004 0.30200 ( 2)
 167 N   0.24244 0.43674 0.11291 0.20791 ( 2)
 168 C   0.30211 0.37729 0.14100 0.17961 ( 2)
 169 F   0.38619 0.29129 0.18385 0.13867 ( 1)
 170 P   0.45458 0.22290 0.21641 0.10611 ( 1)
 171 -   0.53802 0.13947 0.25612 0.06639 ( 1)
 172 -   0.21564 0.46185 0.10265 0.21986 ( 2)
 173 -   0.17719 0.50030 0.08435 0.23817 ( 2)
 174 G   0.55596 0.12673 0.25698 0.06033 ( 1)
 175 R   0.00519 0.67235 0.00239 0.32007 ( 2)
 176 G   0.43777 0.24596 0.19919 0.11709 ( 1)
 177 C   0.09118 0.58662 0.04294 0.27926 ( 2)
 178 Y   0.02347 0.65431 0.01074 0.31149 ( 2)
 179 N   0.00058 0.67690 0.00028 0.32224 ( 2)
 180 N   0.57853 0.10437 0.26741 0.04969 ( 1)
 181 S   0.03868 0.63929 0.01770 0.30434 ( 2)
 182 T   0.17268 0.50658 0.07959 0.24116 ( 2)
 183 G   0.15479 0.52432 0.07129 0.24960 ( 2)
 184 Y   0.66517 0.01888 0.30696 0.00899 ( 1)
 185 G   0.66728 0.01488 0.31075 0.00708 ( 1)
 186 E   0.00995 0.66757 0.00468 0.31780 ( 2)
 187 S   0.68598 0.00013 0.31383 0.00006 ( 1)
 188 C   0.68234 0.00154 0.31539 0.00073 ( 1)
 189 N   0.68767 0.00007 0.31223 0.00003 ( 1)
 190 Q   0.00181 0.67444 0.00268 0.32107 ( 2)
 191 S   0.14219 0.53661 0.06575 0.25545 ( 2)
 192 L   0.66866 0.01445 0.31002 0.00688 ( 1)
 193 P   0.65966 0.02356 0.30557 0.01122 ( 1)
 194 G   0.51360 0.17033 0.23499 0.08109 ( 1)
 195 Q   0.68236 0.00020 0.31735 0.00009 ( 1)
 196 K   0.68130 0.00011 0.31853 0.00005 ( 1)
 197 I   0.68323 0.00012 0.31659 0.00006 ( 1)
 198 H   0.68606 0.00165 0.31150 0.00079 ( 1)
 199 A   0.68462 0.00007 0.31527 0.00003 ( 1)
 200 L   0.61769 0.06227 0.29040 0.02964 ( 1)
 201 Y   0.68505 0.00007 0.31485 0.00003 ( 1)
 202 P   0.67561 0.00775 0.31295 0.00369 ( 1)
 203 F   0.67974 0.00053 0.31947 0.00025 ( 1)
 204 T   0.66253 0.02241 0.30439 0.01067 ( 1)
 205 Q   0.58190 0.09928 0.27155 0.04726 ( 1)
 206 T   0.28568 0.39591 0.12993 0.18847 ( 2)
 207 -   0.67259 0.01054 0.31184 0.00502 ( 1)
 208 N   0.39826 0.27502 0.19579 0.13092 ( 1)
 209 V   0.04650 0.63116 0.02187 0.30047 ( 2)
 210 L   0.00467 0.67284 0.00219 0.32030 ( 2)
 211 G   0.68438 0.00029 0.31519 0.00014 ( 1)
 212 Q   0.04883 0.62905 0.02266 0.29946 ( 2)
 213 S   0.00027 0.67722 0.00013 0.32239 ( 2)
 214 G   0.67925 0.00805 0.30888 0.00383 ( 1)
 215 K   0.68515 0.00007 0.31475 0.00003 ( 1)
 216 L   0.65604 0.02470 0.30751 0.01176 ( 1)
 217 G   0.68185 0.00041 0.31754 0.00020 ( 1)
 218 L   0.37281 0.30518 0.17673 0.14528 ( 1)
 219 L   0.64262 0.03895 0.29989 0.01854 ( 1)
 220 A   0.62256 0.06165 0.28643 0.02935 ( 1)
 221 S   0.12072 0.55737 0.05657 0.26534 ( 2)
 222 H   0.67569 0.00739 0.31340 0.00352 ( 1)
 223 I   0.68397 0.00058 0.31518 0.00027 ( 1)
 224 P   0.67224 0.00725 0.31705 0.00345 ( 1)
 225 Y   0.61268 0.06639 0.28932 0.03161 ( 1)
 226 D   0.68105 0.00090 0.31762 0.00043 ( 1)
 227 L   0.67808 0.00277 0.31783 0.00132 ( 1)
 228 S   0.25239 0.03647 0.69377 0.01736 ( 3)
 229 P   0.67865 0.00313 0.31674 0.00149 ( 1)
 230 N   0.68646 0.00126 0.31168 0.00060 ( 1)
 231 N   0.68743 0.00031 0.31212 0.00015 ( 1)
 232 T   0.00201 0.67510 0.00150 0.32138 ( 2)
 233 I   0.66384 0.02030 0.30619 0.00967 ( 1)
 234 G   0.67895 0.00023 0.32071 0.00011 ( 1)
 235 D   0.45536 0.22695 0.20965 0.10804 ( 1)
 236 K   0.02523 0.65238 0.01183 0.31057 ( 2)
 237 D   0.68716 0.00025 0.31248 0.00012 ( 1)
 238 T   0.23913 0.43946 0.11220 0.20921 ( 2)
 239 D   0.26506 0.04709 0.66544 0.02241 ( 3)
 240 S   0.67243 0.01032 0.31233 0.00491 ( 1)
 241 T   0.00012 0.67712 0.00041 0.32235 ( 2)
 242 N   0.61178 0.07481 0.27780 0.03561 ( 1)
 243 -   0.40301 0.27854 0.18585 0.13260 ( 1)


lnL = -4115.837731

