Supplemental results for CODEML (seqf: algn  treef: tree)


dN/dS (w) for site classes (K=4)

site class             0        1       2a       2b
proportion       0.55109  0.36035  0.05355  0.03501
background w     0.10548  1.00000  0.10548  1.00000
foreground w     0.10548  1.00000 20.43858 20.43858

Naive Empirical Bayes (NEB) probabilities for 4 classes
(amino acids refer to 1st sequence: BT_Cry68Aa1)

   1 P   0.62394 0.36446 0.00539 0.00621 ( 1)
   2 V   0.86861 0.12029 0.00894 0.00215 ( 1)
   3 V   0.93713 0.05676 0.00541 0.00070 ( 1)
   4 S   0.11132 0.38017 0.37574 0.13277 ( 2)
   5 Q   0.79643 0.19406 0.00728 0.00223 ( 1)
   6 L   0.94833 0.02701 0.02384 0.00082 ( 1)
   7 S   0.99393 0.00024 0.00582 0.00000 ( 1)
   8 R   0.97239 0.01730 0.01010 0.00020 ( 1)
   9 V   0.25291 0.20424 0.51317 0.02968 ( 3)
  10 I   0.99115 0.00092 0.00792 0.00002 ( 1)
  11 Y   0.99346 0.00096 0.00557 0.00001 ( 1)
  12 T   0.98559 0.00443 0.00991 0.00007 ( 1)
  13 D   0.98029 0.00130 0.01838 0.00003 ( 1)
  14 P   0.98551 0.00637 0.00805 0.00007 ( 1)
  15 V   0.98501 0.00680 0.00806 0.00012 ( 1)
  16 G   0.99425 0.00045 0.00530 0.00000 ( 1)
  17 A   0.89395 0.10059 0.00459 0.00087 ( 1)
  18 I   0.80422 0.18730 0.00618 0.00230 ( 1)
  19 R   0.34675 0.63846 0.00250 0.01229 ( 2)
  20 T   0.16741 0.82614 0.00076 0.00569 ( 2)
  21 D   0.11648 0.64680 0.14786 0.08886 ( 2)
  22 G   0.00935 0.66347 0.04874 0.27845 ( 2)
  23 -   0.55109 0.36035 0.05355 0.03501 ( 1)
  24 -   0.04763 0.93160 0.00090 0.01987 ( 2)
  25 -   0.00042 0.48814 0.02290 0.48853 ( 4)
  26 -   0.02781 0.84298 0.00515 0.12405 ( 2)
  27 R   0.00135 0.39551 0.02299 0.58016 ( 4)
  28 G   0.51973 0.45419 0.01215 0.01393 ( 1)
  29 W   0.90018 0.07678 0.02110 0.00193 ( 1)
  30 F   0.99444 0.00045 0.00510 0.00000 ( 1)
  31 D   0.00974 0.72204 0.12889 0.13933 ( 2)
  32 P   0.83901 0.07243 0.08152 0.00704 ( 1)
  33 P   0.04407 0.86737 0.00428 0.08428 ( 2)
  34 V   0.65066 0.26078 0.06322 0.02534 ( 1)
  35 G   0.00000 0.03594 0.14398 0.82007 ( 4)
  36 T   0.00204 0.93241 0.00144 0.06411 ( 2)
  37 D   0.98956 0.00346 0.00692 0.00005 ( 1)
  38 R   0.56802 0.34342 0.05519 0.03337 ( 1)
  39 I   0.60210 0.30934 0.05850 0.03006 ( 1)
  40 R   0.00290 0.93726 0.00581 0.05402 ( 2)
  41 V   0.98795 0.00458 0.00740 0.00007 ( 1)
  42 N   0.91999 0.07242 0.00643 0.00116 ( 1)
  43 F   0.99307 0.00140 0.00552 0.00001 ( 1)
  44 A   0.02917 0.95712 0.00031 0.01340 ( 2)
  45 S   0.01150 0.96398 0.00024 0.02428 ( 2)
  46 I   0.93518 0.05449 0.00966 0.00068 ( 1)
  47 E   0.99286 0.00101 0.00612 0.00001 ( 1)
  48 N   0.97931 0.00733 0.01324 0.00012 ( 1)
  49 E   0.24896 0.71730 0.00803 0.02571 ( 2)
  50 I   0.99080 0.00105 0.00814 0.00002 ( 1)
  51 P   0.99262 0.00185 0.00551 0.00002 ( 1)
  52 A   0.02376 0.86957 0.00609 0.10057 ( 2)
  53 P   0.38558 0.00485 0.60868 0.00089 ( 3)
  54 T   0.01389 0.57904 0.22605 0.18101 ( 2)
  55 T   0.11910 0.86416 0.00178 0.01496 ( 2)
  56 S   0.00612 0.00246 0.98775 0.00366 ( 3)
  57 R   0.09578 0.86735 0.00343 0.03344 ( 2)
  58 H   0.80196 0.19048 0.00533 0.00223 ( 1)
  59 L   0.94693 0.02788 0.02444 0.00075 ( 1)
  60 S   0.13340 0.84144 0.00167 0.02349 ( 2)
  61 E   0.55711 0.42491 0.00660 0.01139 ( 1)
  62 L   0.23595 0.64299 0.08882 0.03224 ( 2)
  63 T   0.00019 0.86187 0.00043 0.13751 ( 2)
  64 I   0.98126 0.01050 0.00809 0.00015 ( 1)
  65 S   0.61393 0.10031 0.28148 0.00427 ( 1)
  66 S   0.13724 0.82846 0.00363 0.03067 ( 2)
  67 G   0.98769 0.00523 0.00701 0.00007 ( 1)
  68 P   0.14057 0.83004 0.00394 0.02544 ( 2)
  69 L   0.99417 0.00079 0.00503 0.00001 ( 1)
  70 G   0.05041 0.57382 0.28252 0.09326 ( 2)
  71 F   0.51370 0.47448 0.00555 0.00627 ( 1)
  72 G   0.52630 0.46651 0.00298 0.00420 ( 1)
  73 I   0.87178 0.11566 0.00955 0.00301 ( 1)
  74 N   0.30841 0.66204 0.00983 0.01972 ( 2)
  75 P   0.99157 0.00244 0.00597 0.00002 ( 1)
  76 S   0.00172 0.98116 0.00001 0.01710 ( 2)
  77 -   0.33686 0.54170 0.05242 0.06902 ( 2)
  78 -   0.61627 0.37538 0.00404 0.00430 ( 1)
  79 R   0.99104 0.00253 0.00641 0.00003 ( 1)
  80 T   0.94455 0.04654 0.00829 0.00063 ( 1)
  81 H   0.18008 0.75554 0.01468 0.04970 ( 2)
  82 S   0.07671 0.89656 0.00174 0.02499 ( 2)
  83 W   0.90018 0.07678 0.02110 0.00193 ( 1)
  84 Q   0.60487 0.38796 0.00347 0.00371 ( 1)
  85 G   0.98340 0.00947 0.00700 0.00012 ( 1)
  86 N   0.98735 0.00495 0.00760 0.00010 ( 1)
  87 R   0.01693 0.96520 0.00038 0.01748 ( 2)
  88 N   0.98869 0.00374 0.00750 0.00007 ( 1)
  89 V   0.06973 0.73350 0.00576 0.19101 ( 2)
  90 N   0.78383 0.20359 0.00954 0.00304 ( 1)
  91 I   0.00552 0.90592 0.00054 0.08802 ( 2)
  92 S   0.00239 0.95159 0.00005 0.04597 ( 2)
  93 A   0.66124 0.32337 0.00998 0.00541 ( 1)
  94 P   0.02729 0.90732 0.01714 0.04825 ( 2)
  95 T   0.00720 0.96997 0.00024 0.02259 ( 2)
  96 D   0.78084 0.21033 0.00662 0.00220 ( 1)
  97 V   0.05447 0.91562 0.00182 0.02810 ( 2)
  98 -   0.63765 0.27379 0.06196 0.02660 ( 1)
  99 -   0.15781 0.75363 0.01533 0.07323 ( 2)
 100 -   0.59691 0.31453 0.05800 0.03056 ( 1)
 101 -   0.57432 0.33712 0.05580 0.03276 ( 1)
 102 -   0.60308 0.30836 0.05860 0.02996 ( 1)
 103 S   0.88218 0.09920 0.01654 0.00208 ( 1)
 104 G   0.95584 0.02417 0.01945 0.00054 ( 1)
 105 V   0.00761 0.97797 0.00006 0.01436 ( 2)
 106 I   0.02035 0.89135 0.01370 0.07459 ( 2)
 107 S   0.93718 0.05185 0.01008 0.00089 ( 1)
 108 N   0.38650 0.60032 0.00271 0.01047 ( 2)
 109 R   0.00170 0.97897 0.00001 0.01931 ( 2)
 110 T   0.00787 0.92358 0.00233 0.06622 ( 2)
 111 Q   0.34977 0.64044 0.00297 0.00682 ( 2)
 112 T   0.13853 0.00659 0.85110 0.00378 ( 3)
 113 I   0.98728 0.00475 0.00788 0.00008 ( 1)
 114 P   0.06243 0.80611 0.06314 0.06832 ( 2)
 115 A   0.97370 0.02058 0.00552 0.00021 ( 1)
 116 R   0.11726 0.85678 0.00321 0.02276 ( 2)
 117 N   0.69066 0.04158 0.26615 0.00162 ( 1)
 118 I   0.98726 0.00092 0.01181 0.00002 ( 1)
 119 F   0.98789 0.00402 0.00801 0.00008 ( 1)
 120 R   0.99235 0.00125 0.00638 0.00001 ( 1)
 121 V   0.55864 0.42614 0.00710 0.00812 ( 1)
 122 N   0.96769 0.02634 0.00565 0.00032 ( 1)
 123 S   0.96584 0.00963 0.02425 0.00028 ( 1)
 124 R   0.17367 0.81383 0.00175 0.01075 ( 2)
 125 V   0.98821 0.00431 0.00741 0.00007 ( 1)
 126 Y   0.06993 0.89353 0.00121 0.03533 ( 2)
 127 T   0.98458 0.00839 0.00690 0.00014 ( 1)
 128 L   0.97373 0.01440 0.01165 0.00021 ( 1)
 129 D   0.99089 0.00205 0.00702 0.00003 ( 1)
 130 W   0.00165 0.97833 0.00002 0.02001 ( 2)
 131 R   0.76148 0.22733 0.00718 0.00401 ( 1)
 132 L   0.03947 0.93831 0.00078 0.02143 ( 2)
 133 Y   0.85114 0.14018 0.00672 0.00196 ( 1)
 134 G   0.99097 0.00238 0.00663 0.00002 ( 1)
 135 V   0.99224 0.00084 0.00691 0.00001 ( 1)
 136 Y   0.24542 0.73228 0.00297 0.01933 ( 2)
 137 R   0.96921 0.02388 0.00666 0.00025 ( 1)
 138 A   0.99195 0.00068 0.00736 0.00001 ( 1)
 139 E   0.86629 0.12673 0.00542 0.00156 ( 1)
 140 F   0.99444 0.00045 0.00510 0.00000 ( 1)
 141 F   0.53778 0.11443 0.33718 0.01061 ( 1)
 142 Q   0.97385 0.02146 0.00453 0.00016 ( 1)
 143 D   0.02428 0.92974 0.00950 0.03648 ( 2)
 144 A   0.90273 0.08923 0.00670 0.00134 ( 1)
 145 S   0.99028 0.00386 0.00581 0.00005 ( 1)
 146 Q   0.92310 0.06832 0.00785 0.00073 ( 1)
 147 N   0.16014 0.80193 0.00600 0.03193 ( 2)
 148 S   0.96962 0.00358 0.02666 0.00014 ( 1)
 149 Q   0.25111 0.31550 0.39204 0.04134 ( 3)
 150 I   0.00014 0.98938 0.00000 0.01048 ( 2)
 151 R   0.01909 0.96557 0.00021 0.01513 ( 2)
 152 V   0.96085 0.02752 0.01105 0.00058 ( 1)
 153 F   0.87858 0.11530 0.00510 0.00102 ( 1)
 154 A   0.00183 0.97608 0.00002 0.02207 ( 2)
 155 E   0.12454 0.86626 0.00085 0.00835 ( 2)
 156 N   0.31844 0.67317 0.00165 0.00675 ( 2)
 157 P   0.53461 0.43698 0.01299 0.01541 ( 1)
 158 P   0.01369 0.90787 0.00143 0.07701 ( 2)
 159 T   0.94534 0.04442 0.00947 0.00076 ( 1)
 160 G   0.61923 0.31990 0.04961 0.01126 ( 1)
 161 A   0.06158 0.92422 0.00063 0.01357 ( 2)
 162 -   0.00854 0.65193 0.04348 0.29606 ( 2)
 163 -   0.19229 0.76121 0.00917 0.03733 ( 2)
 164 G   0.24837 0.72622 0.00579 0.01962 ( 2)
 165 A   0.21241 0.72638 0.03531 0.02590 ( 2)
 166 Q   0.00111 0.97402 0.00002 0.02486 ( 2)
 167 S   0.00426 0.95642 0.00039 0.03893 ( 2)
 168 A   0.00000 0.01918 0.05599 0.92483 ( 4)
 169 N   0.99250 0.00054 0.00695 0.00001 ( 1)
 170 N   0.00346 0.14337 0.60166 0.25152 ( 3)
 171 F   0.00177 0.98404 0.00002 0.01416 ( 2)
 172 R   0.83157 0.14494 0.01900 0.00449 ( 1)
 173 F   0.98742 0.00735 0.00515 0.00008 ( 1)
 174 L   0.04686 0.58376 0.14056 0.22882 ( 2)
 175 P   0.96823 0.00641 0.02519 0.00018 ( 1)
 176 G   0.99097 0.00238 0.00663 0.00002 ( 1)
 177 E   0.99286 0.00101 0.00612 0.00001 ( 1)
 178 N   0.95641 0.03634 0.00668 0.00057 ( 1)
 179 S   0.95576 0.03167 0.01205 0.00053 ( 1)
 180 D   0.00102 0.86621 0.00125 0.13152 ( 2)
 181 T   0.96597 0.02538 0.00827 0.00038 ( 1)
 182 P   0.98863 0.00326 0.00807 0.00004 ( 1)
 183 T   0.97155 0.00206 0.02631 0.00008 ( 1)
 184 P   0.98422 0.00766 0.00804 0.00008 ( 1)
 185 Q   0.11225 0.87708 0.00097 0.00969 ( 2)
 186 D   0.99294 0.00080 0.00625 0.00001 ( 1)
 187 Y   0.99346 0.00096 0.00557 0.00001 ( 1)
 188 T   0.99006 0.00102 0.00890 0.00002 ( 1)
 189 H   0.99389 0.00145 0.00464 0.00001 ( 1)
 190 L   0.28356 0.70200 0.00238 0.01205 ( 2)
 191 L   0.97698 0.01283 0.01003 0.00016 ( 1)
 192 S   0.99250 0.00129 0.00619 0.00002 ( 1)
 193 R   0.00434 0.05339 0.87388 0.06839 ( 3)
 194 V   0.03119 0.89226 0.01560 0.06095 ( 2)
 195 V   0.05437 0.91323 0.00128 0.03112 ( 2)
 196 N   0.99273 0.00034 0.00692 0.00001 ( 1)
 197 A   0.01559 0.80020 0.02287 0.16134 ( 2)
 198 T   0.14813 0.00549 0.84397 0.00241 ( 3)
 199 V   0.95090 0.04230 0.00638 0.00041 ( 1)
 200 G   0.99105 0.00228 0.00664 0.00002 ( 1)
 201 L   0.99417 0.00079 0.00503 0.00001 ( 1)
 202 T   0.18257 0.79976 0.00294 0.01473 ( 2)
 203 P   0.86160 0.12970 0.00732 0.00138 ( 1)
 204 A   0.28682 0.09762 0.59589 0.01967 ( 3)
 205 T   0.15888 0.68604 0.11207 0.04302 ( 2)
 206 G   0.00044 0.95378 0.00024 0.04555 ( 2)
 207 N   0.02185 0.86660 0.00372 0.10783 ( 2)
 208 Q   0.90632 0.08886 0.00421 0.00061 ( 1)
 209 R   0.99452 0.00100 0.00448 0.00001 ( 1)
 210 N   0.40105 0.59021 0.00251 0.00623 ( 2)
 211 S   0.99296 0.00094 0.00609 0.00001 ( 1)
 212 V   0.58418 0.40454 0.00609 0.00519 ( 1)
 213 L   0.83992 0.13260 0.02262 0.00487 ( 1)
 214 I   0.10218 0.80308 0.04128 0.05346 ( 2)
 215 F   0.28577 0.68922 0.00630 0.01871 ( 2)
 216 G   0.99425 0.00045 0.00530 0.00000 ( 1)
 217 W   0.90018 0.07678 0.02110 0.00193 ( 1)
 218 K   0.96725 0.02268 0.00969 0.00038 ( 1)
 219 H   0.99483 0.00054 0.00463 0.00000 ( 1)
 220 K   0.63171 0.01437 0.35324 0.00068 ( 1)


lnL = -3300.088888

Bayes Empirical Bayes (BEB) probabilities for 4 classes (class)
(amino acids refer to 1st sequence: BT_Cry68Aa1)

   1 P   0.74472 0.21802 0.02537 0.01189 ( 1)
   2 V   0.89550 0.06793 0.03278 0.00379 ( 1)
   3 V   0.94335 0.03484 0.02043 0.00138 ( 1)
   4 S   0.17062 0.21457 0.52308 0.09173 ( 3)
   5 Q   0.82233 0.12896 0.04112 0.00759 ( 1)
   6 L   0.90490 0.02342 0.06963 0.00205 ( 1)
   7 S   0.97880 0.00031 0.02087 0.00001 ( 1)
   8 R   0.92726 0.01523 0.05648 0.00103 ( 1)
   9 V   0.24527 0.10182 0.62501 0.02789 ( 3)
  10 I   0.97367 0.00110 0.02517 0.00005 ( 1)
  11 Y   0.97070 0.00106 0.02819 0.00004 ( 1)
  12 T   0.96096 0.00458 0.03422 0.00024 ( 1)
  13 D   0.93383 0.00150 0.06455 0.00013 ( 1)
  14 P   0.95528 0.00615 0.03826 0.00031 ( 1)
  15 V   0.96853 0.00560 0.02559 0.00028 ( 1)
  16 G   0.97677 0.00054 0.02267 0.00002 ( 1)
  17 A   0.91692 0.05818 0.02275 0.00216 ( 1)
  18 I   0.85868 0.10812 0.02818 0.00501 ( 1)
  19 R   0.56837 0.39727 0.01369 0.02068 ( 1)
  20 T   0.35173 0.61411 0.01014 0.02402 ( 2)
  21 D   0.21857 0.34869 0.34889 0.08385 ( 3)
  22 G   0.03578 0.48610 0.18896 0.28917 ( 2)
  23 -   0.57554 0.28371 0.09457 0.04618 ( 1)
  24 -   0.10748 0.81095 0.00881 0.07277 ( 2)
  25 -   0.00209 0.48723 0.04902 0.46165 ( 2)
  26 -   0.06713 0.75408 0.01712 0.16168 ( 2)
  27 R   0.00656 0.40986 0.06819 0.51540 ( 4)
  28 G   0.63647 0.28062 0.05489 0.02803 ( 1)
  29 W   0.85419 0.06151 0.07834 0.00595 ( 1)
  30 F   0.97528 0.00053 0.02417 0.00002 ( 1)
  31 D   0.02912 0.42308 0.38966 0.15815 ( 2)
  32 P   0.79895 0.06030 0.13098 0.00978 ( 1)
  33 P   0.09910 0.76014 0.01633 0.12443 ( 2)
  34 V   0.65537 0.20387 0.10761 0.03315 ( 1)
  35 G   0.00006 0.07685 0.28630 0.63679 ( 4)
  36 T   0.01089 0.83350 0.01248 0.14313 ( 2)
  37 D   0.97409 0.00302 0.02275 0.00014 ( 1)
  38 R   0.58938 0.26987 0.09683 0.04392 ( 1)
  39 I   0.61685 0.24240 0.10132 0.03943 ( 1)
  40 R   0.01245 0.84354 0.02425 0.11976 ( 2)
  41 V   0.97087 0.00394 0.02501 0.00018 ( 1)
  42 N   0.93063 0.04557 0.02171 0.00209 ( 1)
  43 F   0.97323 0.00155 0.02516 0.00006 ( 1)
  44 A   0.08617 0.85657 0.00433 0.05293 ( 2)
  45 S   0.04397 0.87325 0.00355 0.07923 ( 2)
  46 I   0.90823 0.03906 0.05021 0.00250 ( 1)
  47 E   0.96988 0.00112 0.02896 0.00005 ( 1)
  48 N   0.95608 0.00594 0.03770 0.00028 ( 1)
  49 E   0.44126 0.46172 0.04660 0.05042 ( 2)
  50 I   0.96913 0.00122 0.02959 0.00006 ( 1)
  51 P   0.97110 0.00198 0.02684 0.00008 ( 1)
  52 A   0.08249 0.74391 0.03052 0.14308 ( 2)
  53 P   0.33810 0.00343 0.65740 0.00107 ( 3)
  54 T   0.03574 0.42652 0.35703 0.18071 ( 2)
  55 T   0.26956 0.67845 0.01335 0.03864 ( 2)
  56 S   0.01188 0.00260 0.98176 0.00376 ( 3)
  57 R   0.19296 0.70552 0.02096 0.08056 ( 2)
  58 H   0.86057 0.11020 0.02448 0.00475 ( 1)
  59 L   0.89592 0.02390 0.07793 0.00224 ( 1)
  60 S   0.28396 0.65600 0.01142 0.04862 ( 2)
  61 E   0.72787 0.22818 0.02759 0.01636 ( 1)
  62 L   0.32513 0.32493 0.29608 0.05386 ( 1)
  63 T   0.00150 0.77823 0.00385 0.21642 ( 2)
  64 I   0.96189 0.00822 0.02949 0.00040 ( 1)
  65 S   0.50529 0.04430 0.44512 0.00528 ( 1)
  66 S   0.29583 0.61546 0.02433 0.06437 ( 2)
  67 G   0.96507 0.00564 0.02899 0.00030 ( 1)
  68 P   0.26342 0.64557 0.02519 0.06582 ( 2)
  69 L   0.97249 0.00089 0.02659 0.00003 ( 1)
  70 G   0.10757 0.33862 0.46152 0.09229 ( 3)
  71 F   0.65593 0.28845 0.03684 0.01878 ( 1)
  72 G   0.67635 0.29302 0.01896 0.01167 ( 1)
  73 I   0.89442 0.06832 0.03241 0.00486 ( 1)
  74 N   0.50156 0.43289 0.03397 0.03158 ( 1)
  75 P   0.97017 0.00253 0.02721 0.00010 ( 1)
  76 S   0.01218 0.94074 0.00031 0.04677 ( 2)
  77 -   0.42170 0.38859 0.10689 0.08282 ( 1)
  78 -   0.70693 0.26069 0.02078 0.01161 ( 1)
  79 R   0.96729 0.00264 0.02995 0.00011 ( 1)
  80 T   0.93280 0.03358 0.03202 0.00161 ( 1)
  81 H   0.32563 0.57653 0.03578 0.06206 ( 2)
  82 S   0.19358 0.72959 0.01353 0.06330 ( 2)
  83 W   0.85419 0.06151 0.07834 0.00595 ( 1)
  84 Q   0.73907 0.22905 0.02192 0.00996 ( 1)
  85 G   0.96632 0.00917 0.02416 0.00035 ( 1)
  86 N   0.97013 0.00442 0.02521 0.00024 ( 1)
  87 R   0.05554 0.87348 0.00457 0.06640 ( 2)
  88 N   0.97155 0.00338 0.02489 0.00018 ( 1)
  89 V   0.16176 0.59401 0.03018 0.21405 ( 2)
  90 N   0.83797 0.12479 0.03122 0.00602 ( 1)
  91 I   0.02248 0.83677 0.00370 0.13705 ( 2)
  92 S   0.01299 0.89802 0.00066 0.08833 ( 2)
  93 A   0.75380 0.20176 0.03364 0.01081 ( 1)
  94 P   0.08454 0.72716 0.09207 0.09623 ( 2)
  95 T   0.02914 0.90764 0.00201 0.06121 ( 2)
  96 D   0.83116 0.12131 0.04058 0.00696 ( 1)
  97 V   0.17489 0.75273 0.01433 0.05805 ( 2)
  98 -   0.64501 0.21423 0.10592 0.03484 ( 1)
  99 -   0.24363 0.61562 0.04012 0.10063 ( 2)
 100 -   0.61265 0.24660 0.10064 0.04012 ( 1)
 101 -   0.59448 0.26476 0.09767 0.04309 ( 1)
 102 -   0.61756 0.24169 0.10144 0.03932 ( 1)
 103 S   0.88322 0.05538 0.05754 0.00386 ( 1)
 104 G   0.90186 0.02091 0.07536 0.00187 ( 1)
 105 V   0.03156 0.91900 0.00105 0.04840 ( 2)
 106 I   0.06799 0.73997 0.06886 0.12318 ( 2)
 107 S   0.92504 0.03901 0.03390 0.00205 ( 1)
 108 N   0.60878 0.35935 0.01432 0.01755 ( 1)
 109 R   0.00983 0.93988 0.00024 0.05006 ( 2)
 110 T   0.03154 0.83955 0.01451 0.11440 ( 2)
 111 Q   0.52218 0.42742 0.02558 0.02482 ( 1)
 112 T   0.16865 0.00641 0.82081 0.00414 ( 3)
 113 I   0.97055 0.00415 0.02509 0.00021 ( 1)
 114 P   0.14442 0.59561 0.15480 0.10517 ( 2)
 115 A   0.96053 0.01623 0.02265 0.00059 ( 1)
 116 R   0.22942 0.70024 0.01549 0.05485 ( 2)
 117 N   0.58229 0.02180 0.39384 0.00207 ( 1)
 118 I   0.96612 0.00112 0.03269 0.00007 ( 1)
 119 F   0.96423 0.00430 0.03121 0.00026 ( 1)
 120 R   0.96863 0.00138 0.02993 0.00006 ( 1)
 121 V   0.69631 0.25902 0.02936 0.01532 ( 1)
 122 N   0.96143 0.01686 0.02104 0.00066 ( 1)
 123 S   0.91167 0.00889 0.07858 0.00086 ( 1)
 124 R   0.36317 0.58182 0.01884 0.03617 ( 2)
 125 V   0.97109 0.00372 0.02502 0.00017 ( 1)
 126 Y   0.21697 0.70757 0.01163 0.06383 ( 2)
 127 T   0.96984 0.00715 0.02268 0.00033 ( 1)
 128 L   0.93239 0.01331 0.05342 0.00088 ( 1)
 129 D   0.97494 0.00186 0.02312 0.00009 ( 1)
 130 W   0.01093 0.93615 0.00037 0.05256 ( 2)
 131 R   0.81274 0.15563 0.02384 0.00780 ( 1)
 132 L   0.11075 0.80917 0.00875 0.07133 ( 2)
 133 Y   0.88748 0.08155 0.02712 0.00385 ( 1)
 134 G   0.96287 0.00246 0.03455 0.00011 ( 1)
 135 V   0.97497 0.00100 0.02399 0.00004 ( 1)
 136 Y   0.44814 0.49963 0.01731 0.03491 ( 2)
 137 R   0.95139 0.01769 0.03014 0.00078 ( 1)
 138 A   0.97435 0.00084 0.02477 0.00004 ( 1)
 139 E   0.89614 0.07335 0.02703 0.00349 ( 1)
 140 F   0.97528 0.00053 0.02417 0.00002 ( 1)
 141 F   0.50011 0.05775 0.43166 0.01048 ( 1)
 142 Q   0.95885 0.01636 0.02420 0.00059 ( 1)
 143 D   0.08078 0.77535 0.06070 0.08316 ( 2)
 144 A   0.92073 0.05342 0.02345 0.00240 ( 1)
 145 S   0.97564 0.00340 0.02083 0.00013 ( 1)
 146 Q   0.90695 0.04611 0.04429 0.00266 ( 1)
 147 N   0.32514 0.57253 0.03602 0.06631 ( 2)
 148 S   0.91712 0.00369 0.07878 0.00041 ( 1)
 149 Q   0.22559 0.13475 0.59621 0.04344 ( 3)
 150 I   0.00118 0.95568 0.00004 0.04311 ( 2)
 151 R   0.05871 0.88395 0.00267 0.05468 ( 2)
 152 V   0.93832 0.02044 0.03992 0.00132 ( 1)
 153 F   0.89028 0.07991 0.02650 0.00331 ( 1)
 154 A   0.01042 0.92561 0.00040 0.06356 ( 2)
 155 E   0.28716 0.67064 0.01046 0.03175 ( 2)
 156 N   0.53607 0.43328 0.01339 0.01726 ( 1)
 157 P   0.70347 0.22853 0.04766 0.02035 ( 1)
 158 P   0.04539 0.80552 0.00830 0.14079 ( 2)
 159 T   0.93204 0.03303 0.03315 0.00179 ( 1)
 160 G   0.71100 0.15580 0.11955 0.01365 ( 1)
 161 A   0.16027 0.78679 0.00718 0.04576 ( 2)
 162 -   0.02566 0.56488 0.10438 0.30508 ( 2)
 163 -   0.32954 0.56217 0.04057 0.06772 ( 2)
 164 G   0.44598 0.47109 0.03830 0.04463 ( 2)
 165 A   0.38833 0.48019 0.09020 0.04128 ( 2)
 166 Q   0.00654 0.92711 0.00031 0.06604 ( 2)
 167 S   0.02203 0.88201 0.00408 0.09188 ( 2)
 168 A   0.00008 0.05240 0.15153 0.79600 ( 4)
 169 N   0.97651 0.00067 0.02279 0.00003 ( 1)
 170 N   0.00944 0.11607 0.71101 0.16349 ( 3)
 171 F   0.01013 0.92895 0.00059 0.06032 ( 2)
 172 R   0.83209 0.09986 0.05919 0.00886 ( 1)
 173 F   0.96950 0.00595 0.02430 0.00025 ( 1)
 174 L   0.10025 0.40249 0.29122 0.20605 ( 2)
 175 P   0.90943 0.00609 0.08388 0.00060 ( 1)
 176 G   0.96287 0.00246 0.03455 0.00011 ( 1)
 177 E   0.96988 0.00112 0.02896 0.00005 ( 1)
 178 N   0.95404 0.02267 0.02226 0.00103 ( 1)
 179 S   0.92001 0.02763 0.05051 0.00185 ( 1)
 180 D   0.00689 0.77453 0.01096 0.20762 ( 2)
 181 T   0.95024 0.01925 0.02957 0.00094 ( 1)
 182 P   0.95820 0.00327 0.03836 0.00016 ( 1)
 183 T   0.91996 0.00233 0.07747 0.00025 ( 1)
 184 P   0.95409 0.00732 0.03822 0.00036 ( 1)
 185 Q   0.26723 0.67965 0.01318 0.03994 ( 2)
 186 D   0.97660 0.00097 0.02240 0.00004 ( 1)
 187 Y   0.97070 0.00106 0.02819 0.00004 ( 1)
 188 T   0.97128 0.00126 0.02740 0.00007 ( 1)
 189 H   0.97375 0.00158 0.02462 0.00006 ( 1)
 190 L   0.49899 0.46094 0.01558 0.02449 ( 1)
 191 L   0.93593 0.01165 0.05167 0.00074 ( 1)
 192 S   0.97658 0.00154 0.02182 0.00006 ( 1)
 193 R   0.01058 0.04330 0.89341 0.05270 ( 3)
 194 V   0.09839 0.69980 0.08087 0.12094 ( 2)
 195 V   0.17388 0.74632 0.01189 0.06791 ( 2)
 196 N   0.97680 0.00045 0.02273 0.00002 ( 1)
 197 A   0.05198 0.63063 0.09604 0.22135 ( 2)
 198 T   0.18732 0.00567 0.80419 0.00282 ( 3)
 199 V   0.93450 0.03046 0.03360 0.00144 ( 1)
 200 G   0.96295 0.00237 0.03457 0.00011 ( 1)
 201 L   0.97249 0.00089 0.02659 0.00003 ( 1)
 202 T   0.33613 0.59234 0.02400 0.04753 ( 2)
 203 P   0.86574 0.08698 0.04227 0.00502 ( 1)
 204 A   0.26713 0.04860 0.66798 0.01629 ( 3)
 205 T   0.25460 0.37969 0.30641 0.05931 ( 2)
 206 G   0.00256 0.87432 0.00288 0.12024 ( 2)
 207 N   0.07803 0.73183 0.02603 0.16411 ( 2)
 208 Q   0.91212 0.05904 0.02654 0.00230 ( 1)
 209 R   0.97102 0.00108 0.02786 0.00004 ( 1)
 210 N   0.61850 0.34905 0.01772 0.01472 ( 1)
 211 S   0.97132 0.00106 0.02758 0.00004 ( 1)
 212 V   0.70375 0.24150 0.03912 0.01562 ( 1)
 213 L   0.83675 0.09172 0.06246 0.00906 ( 1)
 214 I   0.21385 0.56582 0.13684 0.08349 ( 2)
 215 F   0.49135 0.43171 0.03873 0.03821 ( 1)
 216 G   0.97677 0.00054 0.02267 0.00002 ( 1)
 217 W   0.85419 0.06151 0.07834 0.00595 ( 1)
 218 K   0.94773 0.01763 0.03369 0.00094 ( 1)
 219 H   0.97477 0.00062 0.02459 0.00002 ( 1)
 220 K   0.47009 0.00853 0.52024 0.00113 ( 3)

