Supplemental results for CODEML (seqf: algn  treef: tree)


dN/dS (w) for site classes (K=4)

site class             0        1       2a       2b
proportion       0.80610  0.16881  0.02074  0.00434
background w     0.11535  0.96296  0.11535  0.96296
foreground w     0.11535  0.96296  3.14930  3.14930

Naive Empirical Bayes (NEB) probabilities for 4 classes
(amino acids refer to 1st sequence: BT_Cry9Ca1)

   1 S   0.93959 0.05692 0.00295 0.00053 ( 1)
   2 N   0.99574 0.00291 0.00134 0.00001 ( 1)
   3 P   0.99493 0.00325 0.00180 0.00001 ( 1)
   4 Q   0.97133 0.02023 0.00821 0.00023 ( 1)
   5 L   0.99644 0.00180 0.00175 0.00001 ( 1)
   6 T   0.99065 0.00567 0.00364 0.00004 ( 1)
   7 R   0.99617 0.00191 0.00191 0.00001 ( 1)
   8 E   0.97113 0.02622 0.00250 0.00015 ( 1)
   9 V   0.92958 0.05901 0.01073 0.00068 ( 1)
  10 Y   0.99667 0.00166 0.00166 0.00001 ( 1)
  11 T   0.99123 0.00579 0.00295 0.00004 ( 1)
  12 D   0.99820 0.00083 0.00097 0.00000 ( 1)
  13 P   0.98295 0.01281 0.00414 0.00010 ( 1)
  14 I   0.93878 0.02895 0.03203 0.00024 ( 1)
  15 V   0.99255 0.00432 0.00310 0.00003 ( 1)
  16 F   0.98544 0.01313 0.00137 0.00005 ( 1)
  17 N   0.99798 0.00101 0.00100 0.00000 ( 1)
  18 P   0.99044 0.00584 0.00368 0.00004 ( 1)
  19 P   0.94251 0.05355 0.00354 0.00039 ( 1)
  20 A   0.98949 0.00350 0.00697 0.00004 ( 1)
  21 N   0.99798 0.00101 0.00100 0.00000 ( 1)
  22 V   0.24541 0.72866 0.00647 0.01947 ( 2)
  23 G   0.99009 0.00595 0.00391 0.00004 ( 1)
  24 L   0.92477 0.07318 0.00169 0.00036 ( 1)
  25 C   0.98902 0.00866 0.00228 0.00005 ( 1)
  26 R   0.98736 0.00940 0.00317 0.00007 ( 1)
  27 R   0.99617 0.00191 0.00191 0.00001 ( 1)
  28 W   0.95909 0.03049 0.01001 0.00041 ( 1)
  29 G   0.84085 0.06488 0.09269 0.00158 ( 1)
  30 T   0.98204 0.01675 0.00110 0.00011 ( 1)
  31 N   0.99384 0.00303 0.00311 0.00002 ( 1)
  32 P   0.99130 0.00667 0.00200 0.00003 ( 1)
  33 Y   0.99667 0.00166 0.00166 0.00001 ( 1)
  34 N   0.32118 0.12480 0.55050 0.00352 ( 3)
  35 T   0.99232 0.00471 0.00294 0.00003 ( 1)
  36 F   0.99756 0.00109 0.00135 0.00000 ( 1)
  37 S   0.97792 0.01270 0.00922 0.00017 ( 1)
  38 E   0.84617 0.03216 0.12076 0.00092 ( 1)
  39 L   0.99496 0.00310 0.00192 0.00001 ( 1)
  40 E   0.99039 0.00384 0.00573 0.00004 ( 1)
  41 N   0.99798 0.00101 0.00100 0.00000 ( 1)
  42 A   0.90837 0.04404 0.04691 0.00067 ( 1)
  43 F   0.98376 0.00864 0.00751 0.00009 ( 1)
  44 I   0.99748 0.00133 0.00118 0.00001 ( 1)
  45 R   0.95706 0.03220 0.01030 0.00044 ( 1)
  46 P   0.98654 0.01130 0.00210 0.00006 ( 1)
  47 P   0.98822 0.00674 0.00498 0.00006 ( 1)
  48 H   0.99762 0.00111 0.00126 0.00000 ( 1)
  49 L   0.98294 0.01524 0.00175 0.00007 ( 1)
  50 F   0.99756 0.00109 0.00135 0.00000 ( 1)
  51 D   0.98505 0.01394 0.00096 0.00005 ( 1)
  52 R   0.98853 0.00820 0.00322 0.00005 ( 1)
  53 L   0.96015 0.02984 0.00962 0.00039 ( 1)
  54 N   0.99778 0.00121 0.00101 0.00000 ( 1)
  55 S   0.95688 0.03722 0.00557 0.00034 ( 1)
  56 L   0.98197 0.01204 0.00587 0.00011 ( 1)
  57 T   0.99287 0.00415 0.00295 0.00003 ( 1)
  58 I   0.99629 0.00234 0.00136 0.00001 ( 1)
  59 S   0.23754 0.73847 0.01217 0.01183 ( 2)
  60 S   0.80340 0.17957 0.01503 0.00201 ( 1)
  61 N   0.93295 0.02573 0.04105 0.00026 ( 1)
  62 R   0.97389 0.01803 0.00787 0.00021 ( 1)
  63 F   0.98544 0.01313 0.00137 0.00005 ( 1)
  64 -   0.83508 0.13984 0.02149 0.00360 ( 1)
  65 -   0.84586 0.12905 0.02176 0.00332 ( 1)
  66 P   0.42157 0.56718 0.00388 0.00737 ( 2)
  67 V   0.83626 0.15703 0.00547 0.00124 ( 1)
  68 S   0.11724 0.87321 0.00081 0.00875 ( 2)
  69 S   0.64875 0.34468 0.00342 0.00315 ( 1)
  70 N   0.98656 0.01227 0.00112 0.00005 ( 1)
  71 F   0.97734 0.02124 0.00134 0.00008 ( 1)
  72 M   0.51840 0.47760 0.00149 0.00251 ( 1)
  73 D   0.98253 0.01642 0.00098 0.00006 ( 1)
  74 Y   0.86389 0.13398 0.00148 0.00065 ( 1)
  75 W   0.95909 0.03049 0.01001 0.00041 ( 1)
  76 S   0.81607 0.07808 0.10415 0.00171 ( 1)
  77 G   0.99136 0.00469 0.00392 0.00003 ( 1)
  78 H   0.99762 0.00111 0.00126 0.00000 ( 1)
  79 T   0.97752 0.01327 0.00904 0.00017 ( 1)
  80 L   0.98197 0.01204 0.00587 0.00011 ( 1)
  81 R   0.76974 0.21893 0.00829 0.00304 ( 1)
  82 R   0.96963 0.02832 0.00191 0.00013 ( 1)
  83 S   0.76208 0.23629 0.00079 0.00084 ( 1)
  84 Y   0.78517 0.21251 0.00133 0.00099 ( 1)
  85 L   0.08256 0.90033 0.00440 0.01270 ( 2)
  86 N   0.99157 0.00465 0.00374 0.00003 ( 1)
  87 D   0.80676 0.19106 0.00105 0.00114 ( 1)
  88 S   0.76600 0.22149 0.00917 0.00333 ( 1)
  89 A   0.95436 0.04240 0.00297 0.00027 ( 1)
  90 V   0.81303 0.18314 0.00267 0.00116 ( 1)
  91 Q   0.79886 0.19663 0.00314 0.00138 ( 1)
  92 E   0.99547 0.00231 0.00220 0.00001 ( 1)
  93 D   0.95088 0.04795 0.00100 0.00017 ( 1)
  94 S   0.99835 0.00073 0.00091 0.00000 ( 1)
  95 Y   0.99535 0.00296 0.00167 0.00001 ( 1)
  96 G   0.97886 0.01175 0.00924 0.00015 ( 1)
  97 L   0.01806 0.80652 0.11708 0.05834 ( 2)
  98 I   0.91666 0.01555 0.06744 0.00035 ( 1)
  99 T   0.99496 0.00348 0.00155 0.00002 ( 1)
 100 T   0.04219 0.82530 0.06001 0.07249 ( 2)
 101 T   0.11119 0.88114 0.00057 0.00710 ( 2)
 102 R   0.95577 0.04068 0.00328 0.00028 ( 1)
 103 A   0.01676 0.95770 0.00215 0.02339 ( 2)
 104 T   0.72643 0.26932 0.00238 0.00187 ( 1)
 105 I   0.98014 0.01853 0.00125 0.00008 ( 1)
 106 N   0.99798 0.00101 0.00100 0.00000 ( 1)
 107 P   0.06448 0.87617 0.01887 0.04048 ( 2)
 108 G   0.20096 0.79195 0.00088 0.00622 ( 2)
 109 V   0.68659 0.31025 0.00179 0.00137 ( 1)
 110 D   0.98204 0.01644 0.00141 0.00010 ( 1)
 111 G   0.99009 0.00595 0.00391 0.00004 ( 1)
 112 T   0.96367 0.03309 0.00302 0.00022 ( 1)
 113 N   0.00437 0.98651 0.00002 0.00909 ( 2)
 114 R   0.04679 0.89216 0.01637 0.04468 ( 2)
 115 I   0.94850 0.04898 0.00221 0.00031 ( 1)
 116 E   0.95192 0.04190 0.00579 0.00039 ( 1)
 117 S   0.98357 0.01095 0.00538 0.00010 ( 1)
 118 T   0.84240 0.14784 0.00788 0.00188 ( 1)
 119 A   0.99257 0.00443 0.00297 0.00003 ( 1)
 120 V   0.73658 0.25935 0.00242 0.00165 ( 1)
 121 D   0.99432 0.00465 0.00101 0.00002 ( 1)
 122 F   0.99756 0.00109 0.00135 0.00000 ( 1)
 123 R   0.97230 0.02467 0.00287 0.00015 ( 1)
 124 S   0.03140 0.96220 0.00025 0.00616 ( 2)
 125 A   0.15811 0.81791 0.01037 0.01361 ( 2)
 126 L   0.27369 0.71067 0.00375 0.01189 ( 2)
 127 I   0.10264 0.82522 0.02978 0.04236 ( 2)
 128 G   0.93457 0.06375 0.00142 0.00025 ( 1)
 129 I   0.58403 0.35951 0.04881 0.00765 ( 1)
 130 Y   0.99581 0.00249 0.00169 0.00001 ( 1)
 131 G   0.96914 0.02143 0.00916 0.00027 ( 1)
 132 V   0.92027 0.06964 0.00917 0.00092 ( 1)
 133 N   0.82936 0.12946 0.03975 0.00144 ( 1)
 134 R   0.31777 0.67788 0.00077 0.00358 ( 2)
 135 A   0.73296 0.26473 0.00111 0.00121 ( 1)
 136 S   0.71676 0.27330 0.00626 0.00368 ( 1)
 137 F   0.98550 0.01309 0.00137 0.00005 ( 1)
 138 V   0.49665 0.49542 0.00309 0.00484 ( 1)
 139 P   0.98599 0.00864 0.00529 0.00008 ( 1)
 140 G   0.72866 0.26601 0.00305 0.00228 ( 1)
 141 G   0.98249 0.00819 0.00922 0.00010 ( 1)
 142 L   0.32195 0.66573 0.00459 0.00773 ( 2)
 143 F   0.90270 0.09564 0.00129 0.00037 ( 1)
 144 N   0.99432 0.00459 0.00107 0.00002 ( 1)
 145 G   0.95945 0.03897 0.00142 0.00015 ( 1)
 146 T   0.87940 0.11229 0.00698 0.00132 ( 1)
 147 T   0.93408 0.03710 0.02851 0.00030 ( 1)
 148 S   0.00791 0.98652 0.00001 0.00556 ( 2)
 149 P   0.97104 0.02716 0.00168 0.00012 ( 1)
 150 A   0.80220 0.19576 0.00110 0.00093 ( 1)
 151 N   0.98692 0.01202 0.00101 0.00005 ( 1)
 152 G   0.53225 0.45607 0.00527 0.00641 ( 1)
 153 G   0.94133 0.04923 0.00880 0.00063 ( 1)
 154 C   0.99668 0.00154 0.00177 0.00001 ( 1)
 155 R   0.91888 0.07850 0.00221 0.00041 ( 1)
 156 D   0.57390 0.41379 0.00926 0.00305 ( 1)
 157 L   0.18706 0.79738 0.00251 0.01305 ( 2)
 158 Y   0.76831 0.22452 0.00540 0.00178 ( 1)
 159 D   0.95088 0.04795 0.00100 0.00017 ( 1)
 160 T   0.93744 0.05931 0.00281 0.00043 ( 1)
 161 N   0.32162 0.63638 0.03116 0.01084 ( 2)
 162 D   0.98432 0.01288 0.00271 0.00009 ( 1)
 163 E   0.87509 0.02129 0.10303 0.00058 ( 1)
 164 L   0.98043 0.01358 0.00587 0.00013 ( 1)
 165 P   0.99044 0.00584 0.00368 0.00004 ( 1)
 166 P   0.74664 0.20958 0.03704 0.00674 ( 1)
 167 D   0.68787 0.30680 0.00276 0.00258 ( 1)
 168 E   0.92038 0.07710 0.00213 0.00039 ( 1)
 169 S   0.97728 0.01613 0.00647 0.00011 ( 1)
 170 T   0.70624 0.28274 0.00691 0.00411 ( 1)
 171 G   0.95924 0.03669 0.00381 0.00026 ( 1)
 172 S   0.69829 0.29453 0.00400 0.00319 ( 1)
 173 S   0.35734 0.62431 0.01161 0.00673 ( 2)
 174 T   0.01116 0.96481 0.00029 0.02374 ( 2)
 175 H   0.98806 0.01062 0.00129 0.00004 ( 1)
 176 R   0.76049 0.23633 0.00188 0.00130 ( 1)
 177 L   0.98139 0.01253 0.00597 0.00012 ( 1)
 178 S   0.99642 0.00191 0.00166 0.00001 ( 1)
 179 H   0.99762 0.00111 0.00126 0.00000 ( 1)
 180 V   0.99730 0.00136 0.00134 0.00001 ( 1)
 181 T   0.99215 0.00604 0.00178 0.00003 ( 1)
 182 F   0.99439 0.00288 0.00271 0.00002 ( 1)
 183 F   0.90438 0.08928 0.00549 0.00085 ( 1)
 184 S   0.09383 0.47328 0.37922 0.05366 ( 2)
 185 F   0.99439 0.00288 0.00271 0.00002 ( 1)
 186 Q   0.00457 0.94560 0.00215 0.04768 ( 2)
 187 T   0.99491 0.00258 0.00249 0.00002 ( 1)
 188 N   0.88227 0.08682 0.02970 0.00122 ( 1)
 189 Q   0.97133 0.02023 0.00821 0.00023 ( 1)
 190 A   0.98382 0.01475 0.00137 0.00006 ( 1)
 191 G   0.97777 0.01292 0.00914 0.00017 ( 1)
 192 S   0.96392 0.03418 0.00175 0.00016 ( 1)
 193 I   0.71277 0.19475 0.08614 0.00634 ( 1)
 194 A   0.20478 0.08172 0.70607 0.00743 ( 3)
 195 N   0.98916 0.00975 0.00104 0.00004 ( 1)
 196 A   0.01887 0.79929 0.08286 0.09899 ( 2)
 197 G   0.97355 0.01936 0.00687 0.00022 ( 1)
 198 S   0.00410 0.90056 0.01229 0.08305 ( 2)
 199 V   0.99167 0.00520 0.00310 0.00003 ( 1)
 200 P   0.99523 0.00309 0.00166 0.00001 ( 1)
 201 T   0.14048 0.17116 0.67929 0.00907 ( 3)
 202 Y   0.99667 0.00166 0.00166 0.00001 ( 1)
 203 V   0.99471 0.00390 0.00137 0.00002 ( 1)
 204 W   0.95909 0.03049 0.01001 0.00041 ( 1)
 205 T   0.83517 0.09236 0.07097 0.00151 ( 1)
 206 R   0.98277 0.01525 0.00191 0.00007 ( 1)
 207 R   0.37007 0.61453 0.00557 0.00983 ( 2)
 208 D   0.99820 0.00083 0.00097 0.00000 ( 1)


lnL = -2392.223934

