Supplemental results for CODEML (seqf: algn  treef: tree)


dN/dS (w) for site classes (K=4)

site class             0        1       2a       2b
proportion       0.52260  0.42999  0.02601  0.02140
background w     0.08431  1.00000  0.08431  1.00000
foreground w     0.08431  1.00000  8.38508  8.38508

Naive Empirical Bayes (NEB) probabilities for 4 classes
(amino acids refer to 1st sequence: BT_Cry30Aa1)

   1 -   0.97259 0.02726 0.00012 0.00003 ( 1)
   2 G   0.96130 0.03819 0.00045 0.00007 ( 1)
   3 L   0.01876 0.91768 0.02728 0.03628 ( 2)
   4 V   0.00408 0.99291 0.00020 0.00281 ( 2)
   5 L   0.77940 0.21848 0.00188 0.00024 ( 1)
   6 K   0.00000 0.98005 0.00000 0.01995 ( 2)
   7 S   0.04858 0.92413 0.01310 0.01419 ( 2)
   8 F   0.99258 0.00741 0.00001 0.00000 ( 1)
   9 S   0.17936 0.81898 0.00058 0.00107 ( 2)
  10 T   0.04183 0.94614 0.00681 0.00522 ( 2)
  11 I   0.94719 0.05278 0.00002 0.00001 ( 1)
  12 I   0.89962 0.10034 0.00002 0.00002 ( 1)
  13 P   0.96863 0.03135 0.00001 0.00000 ( 1)
  14 I   0.00344 0.99384 0.00017 0.00255 ( 2)
  15 L   0.98009 0.01990 0.00001 0.00000 ( 1)
  16 W   0.77802 0.22128 0.00047 0.00023 ( 1)
  17 P   0.98379 0.01620 0.00001 0.00000 ( 1)
  18 N   0.00036 0.53080 0.31251 0.15634 ( 2)
  19 D   0.04789 0.95165 0.00005 0.00042 ( 2)
  20 K   0.00077 0.99785 0.00000 0.00137 ( 2)
  21 T   0.50774 0.48591 0.00381 0.00255 ( 1)
  22 P   0.00995 0.98848 0.00003 0.00153 ( 2)
  23 I   0.95981 0.03846 0.00167 0.00006 ( 1)
  24 W   0.77802 0.22128 0.00047 0.00023 ( 1)
  25 K   0.00557 0.99194 0.00002 0.00247 ( 2)
  26 E   0.79777 0.20212 0.00005 0.00007 ( 1)
  27 F   0.96407 0.03591 0.00001 0.00000 ( 1)
  28 T   0.94661 0.05337 0.00001 0.00001 ( 1)
  29 K   0.11749 0.88131 0.00082 0.00039 ( 2)
  30 Q   0.11180 0.88794 0.00011 0.00016 ( 2)
  31 G   0.96975 0.02948 0.00071 0.00006 ( 1)
  32 L   0.91321 0.08672 0.00006 0.00002 ( 1)
  33 Q   0.01060 0.55457 0.38732 0.04751 ( 2)
  34 L   0.98009 0.01990 0.00001 0.00000 ( 1)
  35 F   0.88965 0.10973 0.00057 0.00004 ( 1)
  36 R   0.99681 0.00319 0.00000 0.00000 ( 1)
  37 P   0.89078 0.10919 0.00002 0.00001 ( 1)
  38 E   0.98978 0.01019 0.00003 0.00000 ( 1)
  39 L   0.96686 0.03301 0.00011 0.00002 ( 1)
  40 G   0.14136 0.85165 0.00557 0.00143 ( 2)
  41 R   0.00069 0.99832 0.00001 0.00098 ( 2)
  42 D   0.00409 0.38697 0.58560 0.02334 ( 3)
  43 A   0.92978 0.06997 0.00023 0.00001 ( 1)
  44 I   0.99673 0.00325 0.00002 0.00000 ( 1)
  45 E   0.99675 0.00324 0.00001 0.00000 ( 1)
  46 I   0.99148 0.00846 0.00006 0.00000 ( 1)
  47 I   0.94872 0.05125 0.00002 0.00001 ( 1)
  48 G   0.00610 0.98626 0.00121 0.00643 ( 2)
  49 N   0.01495 0.88990 0.03153 0.06363 ( 2)
  50 D   0.01040 0.97616 0.00440 0.00904 ( 2)
  51 V   0.74581 0.18290 0.06777 0.00352 ( 1)
  52 Q   0.14035 0.85900 0.00014 0.00052 ( 2)
  53 A   0.00008 0.99934 0.00000 0.00058 ( 2)
  54 E   0.00004 0.98557 0.00042 0.01397 ( 2)
  55 Y   0.30522 0.69410 0.00012 0.00056 ( 2)
  56 N   0.99772 0.00227 0.00001 0.00000 ( 1)
  57 S   0.08336 0.91657 0.00000 0.00007 ( 2)
  58 L   0.97501 0.02495 0.00003 0.00000 ( 1)
  59 E   0.22374 0.67810 0.06243 0.03573 ( 2)
  60 I   0.00002 0.99956 0.00000 0.00041 ( 2)
  61 M   0.00000 0.99053 0.00000 0.00947 ( 2)
  62 M   0.74766 0.23780 0.01359 0.00095 ( 1)
  63 R   0.00000 0.98448 0.00000 0.01551 ( 2)
  64 D   0.72796 0.27181 0.00007 0.00016 ( 1)
  65 F   0.99258 0.00741 0.00001 0.00000 ( 1)
  66 E   0.95134 0.04860 0.00006 0.00001 ( 1)
  67 N   0.00000 0.92129 0.00000 0.07871 ( 2)
  68 K   0.00013 0.99872 0.00000 0.00114 ( 2)
  69 F   0.99258 0.00741 0.00001 0.00000 ( 1)
  70 A   0.38947 0.61047 0.00000 0.00006 ( 2)
  71 N   0.00002 0.99248 0.00000 0.00749 ( 2)
  72 W   0.77802 0.22128 0.00047 0.00023 ( 1)
  73 E   0.00008 0.89981 0.00076 0.09936 ( 2)
  74 S   0.00000 0.22994 0.00000 0.77006 ( 4)
  75 N   0.00019 0.67884 0.03249 0.28848 ( 2)
  76 R   0.96514 0.03466 0.00019 0.00001 ( 1)
  77 T   0.06570 0.92938 0.00249 0.00242 ( 2)
  78 R   0.00032 0.84160 0.03851 0.11957 ( 2)
  79 A   0.29436 0.70554 0.00001 0.00010 ( 2)
  80 N   0.09052 0.90023 0.00603 0.00323 ( 2)
  81 A   0.93789 0.06190 0.00020 0.00001 ( 1)
  82 I   0.00007 0.82320 0.00112 0.17561 ( 2)
  83 A   0.00027 0.99963 0.00000 0.00011 ( 2)
  84 V   0.01062 0.98761 0.00004 0.00174 ( 2)
  85 T   0.00232 0.98699 0.00128 0.00941 ( 2)
  86 T   0.00005 0.95991 0.00024 0.03979 ( 2)
  87 A   0.00103 0.99876 0.00001 0.00020 ( 2)
  88 F   0.91413 0.08498 0.00083 0.00006 ( 1)
  89 S   0.00000 0.98917 0.00000 0.01083 ( 2)
  90 T   0.00000 0.88731 0.00006 0.11263 ( 2)
  91 V   0.89708 0.10247 0.00041 0.00003 ( 1)
  92 N   0.00007 0.99342 0.00002 0.00648 ( 2)
  93 T   0.00032 0.99552 0.00003 0.00414 ( 2)
  94 Q   0.00007 0.73328 0.01912 0.24753 ( 2)
  95 I   0.88882 0.11113 0.00002 0.00002 ( 1)
  96 I   0.96965 0.03031 0.00003 0.00001 ( 1)
  97 R   0.00000 0.03013 0.00001 0.96987 ( 4)
  98 L   0.97657 0.02341 0.00001 0.00000 ( 1)
  99 K   0.96272 0.03726 0.00002 0.00001 ( 1)
 100 E   0.00102 0.99292 0.00005 0.00602 ( 2)
 101 R   0.00056 0.99919 0.00000 0.00025 ( 2)
 102 F   0.12334 0.87620 0.00012 0.00034 ( 2)
 103 L   0.00070 0.99463 0.00056 0.00410 ( 2)
 104 I   0.96125 0.03851 0.00023 0.00001 ( 1)
 105 A   0.00067 0.97180 0.00197 0.02556 ( 2)
 106 P   0.00051 0.96968 0.00493 0.02487 ( 2)
 107 E   0.00001 0.08458 0.58103 0.33437 ( 3)
 108 N   0.99772 0.00227 0.00001 0.00000 ( 1)
 109 R   0.54378 0.45595 0.00003 0.00024 ( 1)
 110 P   0.89095 0.10900 0.00003 0.00001 ( 1)
 111 A   0.99374 0.00626 0.00001 0.00000 ( 1)
 112 F   0.38995 0.57557 0.03222 0.00225 ( 2)
 113 L   0.60042 0.39764 0.00072 0.00121 ( 1)
 114 N   0.66435 0.33557 0.00006 0.00003 ( 1)
 115 L   0.83376 0.16574 0.00036 0.00014 ( 1)
 116 Y   0.98575 0.01423 0.00002 0.00000 ( 1)
 117 A   0.99394 0.00605 0.00001 0.00000 ( 1)
 118 Q   0.98654 0.01345 0.00001 0.00000 ( 1)
 119 T   0.99006 0.00991 0.00003 0.00000 ( 1)
 120 A   0.95287 0.04711 0.00002 0.00001 ( 1)
 121 N   0.99772 0.00227 0.00001 0.00000 ( 1)
 122 I   0.89919 0.10077 0.00002 0.00002 ( 1)
 123 D   0.99704 0.00295 0.00000 0.00000 ( 1)
 124 L   0.91321 0.08672 0.00006 0.00002 ( 1)
 125 I   0.99384 0.00612 0.00003 0.00000 ( 1)
 126 L   0.97624 0.02372 0.00003 0.00000 ( 1)
 127 Y   0.72636 0.26373 0.00894 0.00097 ( 1)
 128 Q   0.98654 0.01345 0.00001 0.00000 ( 1)
 129 R   0.99681 0.00319 0.00000 0.00000 ( 1)
 130 G   0.83480 0.16463 0.00040 0.00018 ( 1)
 131 S   0.04295 0.95169 0.00104 0.00432 ( 2)
 132 V   0.00860 0.99079 0.00005 0.00056 ( 2)
 133 Y   0.85372 0.14625 0.00001 0.00002 ( 1)
 134 G   0.86748 0.13250 0.00001 0.00001 ( 1)
 135 D   0.99704 0.00295 0.00000 0.00000 ( 1)
 136 K   0.09942 0.90046 0.00000 0.00011 ( 2)
 137 W   0.77802 0.22128 0.00047 0.00023 ( 1)
 138 V   0.00224 0.99622 0.00001 0.00153 ( 2)
 139 A   0.00290 0.99341 0.00003 0.00366 ( 2)
 140 D   0.31094 0.67299 0.01022 0.00585 ( 2)
 141 I   0.58460 0.39968 0.01516 0.00057 ( 1)
 142 N   0.05355 0.12463 0.79648 0.02534 ( 3)
 143 N   0.00355 0.99625 0.00000 0.00020 ( 2)
 144 R   0.23876 0.71383 0.01188 0.03552 ( 2)
 145 S   0.07842 0.89233 0.02562 0.00362 ( 2)
 146 T   0.02465 0.84653 0.08051 0.04831 ( 2)
 147 S   0.29757 0.69157 0.00964 0.00122 ( 2)
 148 P   0.88766 0.11226 0.00006 0.00002 ( 1)
 149 F   0.90449 0.09550 0.00001 0.00001 ( 1)
 150 -   0.00019 0.99859 0.00000 0.00122 ( 2)
 151 S   0.17472 0.81273 0.00608 0.00646 ( 2)
 152 S   0.96048 0.03948 0.00004 0.00001 ( 1)
 153 K   0.00646 0.92069 0.04766 0.02520 ( 2)
 154 D   0.03324 0.96660 0.00001 0.00015 ( 2)
 155 Y   0.84871 0.15126 0.00001 0.00002 ( 1)
 156 Y   0.98575 0.01423 0.00002 0.00000 ( 1)
 157 Q   0.00000 0.02727 0.00041 0.97232 ( 4)
 158 S   0.20208 0.79745 0.00002 0.00045 ( 2)
 159 L   0.97624 0.02372 0.00003 0.00000 ( 1)
 160 K   0.00929 0.97449 0.00180 0.01442 ( 2)
 161 G   0.00000 0.99383 0.00000 0.00617 ( 2)
 162 K   0.99725 0.00274 0.00002 0.00000 ( 1)
 163 I   0.99673 0.00325 0.00002 0.00000 ( 1)
 164 K   0.02648 0.95259 0.01421 0.00671 ( 2)
 165 D   0.00002 0.95579 0.00170 0.04249 ( 2)
 166 Y   0.98575 0.01423 0.00002 0.00000 ( 1)
 167 T   0.99101 0.00897 0.00002 0.00000 ( 1)
 168 N   0.99772 0.00227 0.00001 0.00000 ( 1)
 169 Y   0.88293 0.11691 0.00015 0.00001 ( 1)
 170 C   0.20965 0.78263 0.00677 0.00095 ( 2)
 171 A   0.99394 0.00605 0.00001 0.00000 ( 1)
 172 E   0.46342 0.28028 0.24627 0.01003 ( 1)
 173 T   0.99593 0.00405 0.00001 0.00000 ( 1)
 174 Y   0.98575 0.01423 0.00002 0.00000 ( 1)
 175 R   0.99681 0.00319 0.00000 0.00000 ( 1)
 176 N   0.97581 0.02414 0.00005 0.00001 ( 1)
 177 S   0.92383 0.07581 0.00035 0.00002 ( 1)
 178 L   0.97624 0.02372 0.00003 0.00000 ( 1)
 179 T   0.52838 0.47153 0.00001 0.00008 ( 1)
 180 I   0.95151 0.04668 0.00173 0.00008 ( 1)
 181 L   0.28525 0.70422 0.00734 0.00319 ( 2)
 182 K   0.99725 0.00274 0.00002 0.00000 ( 1)
 183 N   0.98967 0.01031 0.00001 0.00000 ( 1)
 184 K   0.12461 0.86700 0.00549 0.00290 ( 2)
 185 P   0.01141 0.98762 0.00002 0.00095 ( 2)
 186 H   0.00321 0.98441 0.00153 0.01085 ( 2)
 187 I   0.89608 0.10357 0.00027 0.00008 ( 1)
 188 Q   0.07616 0.92343 0.00001 0.00041 ( 2)
 189 W   0.77802 0.22128 0.00047 0.00023 ( 1)
 190 D   0.10591 0.89403 0.00000 0.00006 ( 2)
 191 I   0.00013 0.58860 0.13073 0.28054 ( 2)
 192 Y   0.74716 0.24272 0.00922 0.00090 ( 1)
 193 N   0.99772 0.00227 0.00001 0.00000 ( 1)
 194 R   0.00000 0.01815 0.08764 0.89421 ( 4)
 195 Y   0.98575 0.01423 0.00002 0.00000 ( 1)
 196 R   0.95022 0.04976 0.00001 0.00000 ( 1)
 197 R   0.99681 0.00319 0.00000 0.00000 ( 1)
 198 E   0.07882 0.91832 0.00071 0.00215 ( 2)
 199 A   0.00637 0.99310 0.00009 0.00044 ( 2)
 200 I   0.40399 0.59452 0.00075 0.00075 ( 2)
 201 L   0.97068 0.02922 0.00009 0.00001 ( 1)
 202 G   0.75913 0.23240 0.00760 0.00086 ( 1)
 203 A   0.99394 0.00605 0.00001 0.00000 ( 1)
 204 L   0.97624 0.02372 0.00003 0.00000 ( 1)
 205 D   0.99704 0.00295 0.00000 0.00000 ( 1)
 206 L   0.97624 0.02372 0.00003 0.00000 ( 1)
 207 V   0.87103 0.12894 0.00002 0.00002 ( 1)
 208 A   0.99334 0.00664 0.00001 0.00000 ( 1)
 209 L   0.97190 0.02806 0.00003 0.00000 ( 1)
 210 F   0.92629 0.07364 0.00006 0.00001 ( 1)
 211 P   0.80530 0.19378 0.00082 0.00011 ( 1)
 212 N   0.99772 0.00227 0.00001 0.00000 ( 1)


lnL = -3208.634848

Bayes Empirical Bayes (BEB) probabilities for 4 classes (class)
(amino acids refer to 1st sequence: BT_Cry30Aa1)

   1 -   0.97282 0.02692 0.00020 0.00005 ( 1)
   2 G   0.95992 0.03932 0.00066 0.00010 ( 1)
   3 L   0.01038 0.92469 0.02129 0.04364 ( 2)
   4 V   0.00310 0.99116 0.00021 0.00553 ( 2)
   5 L   0.68736 0.30631 0.00557 0.00076 ( 1)
   6 K   0.00000 0.96835 0.00000 0.03165 ( 2)
   7 S   0.02480 0.94220 0.01236 0.02064 ( 2)
   8 F   0.99271 0.00726 0.00003 0.00000 ( 1)
   9 S   0.09549 0.90115 0.00085 0.00250 ( 2)
  10 T   0.02181 0.96048 0.00812 0.00959 ( 2)
  11 I   0.92368 0.07622 0.00004 0.00005 ( 1)
  12 I   0.85524 0.14463 0.00004 0.00009 ( 1)
  13 P   0.96768 0.03224 0.00006 0.00001 ( 1)
  14 I   0.00265 0.99150 0.00020 0.00565 ( 2)
  15 L   0.97978 0.02016 0.00005 0.00001 ( 1)
  16 W   0.76086 0.23717 0.00128 0.00068 ( 1)
  17 P   0.98363 0.01633 0.00004 0.00000 ( 1)
  18 N   0.00033 0.58162 0.23553 0.18252 ( 2)
  19 D   0.02600 0.97244 0.00011 0.00145 ( 2)
  20 K   0.00087 0.99645 0.00000 0.00268 ( 2)
  21 T   0.31282 0.67654 0.00508 0.00556 ( 2)
  22 P   0.00582 0.99071 0.00004 0.00343 ( 2)
  23 I   0.94003 0.05531 0.00449 0.00017 ( 1)
  24 W   0.76086 0.23717 0.00128 0.00068 ( 1)
  25 K   0.00406 0.99193 0.00002 0.00399 ( 2)
  26 E   0.71424 0.28543 0.00010 0.00023 ( 1)
  27 F   0.96309 0.03684 0.00006 0.00001 ( 1)
  28 T   0.92184 0.07809 0.00004 0.00004 ( 1)
  29 K   0.05516 0.94089 0.00229 0.00166 ( 2)
  30 Q   0.05839 0.94035 0.00038 0.00088 ( 2)
  31 G   0.96867 0.03018 0.00106 0.00010 ( 1)
  32 L   0.90846 0.09128 0.00018 0.00007 ( 1)
  33 Q   0.00574 0.54677 0.39591 0.05158 ( 2)
  34 L   0.97978 0.02016 0.00005 0.00001 ( 1)
  35 F   0.83673 0.16074 0.00234 0.00019 ( 1)
  36 R   0.99695 0.00304 0.00002 0.00000 ( 1)
  37 P   0.88404 0.11581 0.00009 0.00005 ( 1)
  38 E   0.98998 0.00996 0.00006 0.00001 ( 1)
  39 L   0.96590 0.03380 0.00026 0.00004 ( 1)
  40 G   0.07451 0.90847 0.01339 0.00362 ( 2)
  41 R   0.00068 0.99581 0.00002 0.00349 ( 2)
  42 D   0.00245 0.36384 0.60884 0.02487 ( 3)
  43 A   0.89546 0.10327 0.00119 0.00007 ( 1)
  44 I   0.99691 0.00304 0.00005 0.00000 ( 1)
  45 E   0.99691 0.00306 0.00003 0.00000 ( 1)
  46 I   0.99166 0.00822 0.00011 0.00001 ( 1)
  47 I   0.92584 0.07407 0.00004 0.00005 ( 1)
  48 G   0.00372 0.98344 0.00140 0.01145 ( 2)
  49 N   0.00837 0.89631 0.02283 0.07249 ( 2)
  50 D   0.00608 0.97073 0.00561 0.01758 ( 2)
  51 V   0.63587 0.24647 0.11163 0.00603 ( 1)
  52 Q   0.07480 0.92369 0.00021 0.00130 ( 2)
  53 A   0.00011 0.99749 0.00000 0.00239 ( 2)
  54 E   0.00006 0.97617 0.00039 0.02338 ( 2)
  55 Y   0.21398 0.78411 0.00022 0.00168 ( 2)
  56 N   0.99786 0.00211 0.00003 0.00000 ( 1)
  57 S   0.04475 0.95490 0.00000 0.00035 ( 2)
  58 L   0.97456 0.02532 0.00010 0.00001 ( 1)
  59 E   0.12215 0.76892 0.05743 0.05150 ( 2)
  60 I   0.00005 0.99863 0.00000 0.00132 ( 2)
  61 M   0.00001 0.98554 0.00000 0.01445 ( 2)
  62 M   0.63943 0.32653 0.03171 0.00232 ( 1)
  63 R   0.00001 0.97472 0.00000 0.02527 ( 2)
  64 D   0.62824 0.37123 0.00011 0.00042 ( 1)
  65 F   0.99271 0.00726 0.00003 0.00000 ( 1)
  66 E   0.94924 0.05052 0.00020 0.00004 ( 1)
  67 N   0.00000 0.90261 0.00001 0.09738 ( 2)
  68 K   0.00015 0.99700 0.00000 0.00285 ( 2)
  69 F   0.99271 0.00726 0.00003 0.00000 ( 1)
  70 A   0.22286 0.77679 0.00001 0.00033 ( 2)
  71 N   0.00005 0.98862 0.00001 0.01132 ( 2)
  72 W   0.76086 0.23717 0.00128 0.00068 ( 1)
  73 E   0.00010 0.88663 0.00054 0.11273 ( 2)
  74 S   0.00000 0.24983 0.00000 0.75017 ( 4)
  75 N   0.00021 0.67849 0.01847 0.30283 ( 2)
  76 R   0.94835 0.05087 0.00074 0.00003 ( 1)
  77 T   0.03288 0.95925 0.00314 0.00473 ( 2)
  78 R   0.00027 0.82655 0.02971 0.14347 ( 2)
  79 A   0.16147 0.83809 0.00001 0.00043 ( 2)
  80 N   0.04350 0.94235 0.00774 0.00640 ( 2)
  81 A   0.90760 0.09131 0.00102 0.00006 ( 1)
  82 I   0.00009 0.81301 0.00076 0.18614 ( 2)
  83 A   0.00033 0.99920 0.00000 0.00047 ( 2)
  84 V   0.00627 0.99031 0.00004 0.00338 ( 2)
  85 T   0.00187 0.98017 0.00126 0.01670 ( 2)
  86 T   0.00008 0.94818 0.00020 0.05153 ( 2)
  87 A   0.00103 0.99794 0.00001 0.00101 ( 2)
  88 F   0.87158 0.12533 0.00288 0.00021 ( 1)
  89 S   0.00000 0.98020 0.00000 0.01980 ( 2)
  90 T   0.00000 0.87338 0.00006 0.12656 ( 2)
  91 V   0.84779 0.15032 0.00174 0.00015 ( 1)
  92 N   0.00010 0.98774 0.00003 0.01213 ( 2)
  93 T   0.00039 0.99117 0.00004 0.00839 ( 2)
  94 Q   0.00009 0.72402 0.01128 0.26461 ( 2)
  95 I   0.83836 0.16147 0.00006 0.00011 ( 1)
  96 I   0.96923 0.03068 0.00007 0.00002 ( 1)
  97 R   0.00000 0.04154 0.00001 0.95845 ( 4)
  98 L   0.97611 0.02384 0.00005 0.00001 ( 1)
  99 K   0.94639 0.05354 0.00004 0.00003 ( 1)
 100 E   0.00095 0.98882 0.00005 0.01018 ( 2)
 101 R   0.00050 0.99848 0.00000 0.00102 ( 2)
 102 F   0.06563 0.93294 0.00026 0.00117 ( 2)
 103 L   0.00067 0.99042 0.00070 0.00820 ( 2)
 104 I   0.94260 0.05615 0.00120 0.00004 ( 1)
 105 A   0.00076 0.96368 0.00147 0.03409 ( 2)
 106 P   0.00045 0.95690 0.00488 0.03778 ( 2)
 107 E   0.00001 0.12139 0.45775 0.42085 ( 3)
 108 N   0.99786 0.00211 0.00003 0.00000 ( 1)
 109 R   0.34867 0.65058 0.00003 0.00072 ( 2)
 110 P   0.88411 0.11568 0.00015 0.00007 ( 1)
 111 A   0.99388 0.00608 0.00003 0.00000 ( 1)
 112 F   0.21715 0.71346 0.06469 0.00469 ( 2)
 113 L   0.48206 0.51479 0.00084 0.00232 ( 2)
 114 N   0.46175 0.53765 0.00033 0.00027 ( 2)
 115 L   0.82139 0.17721 0.00099 0.00041 ( 1)
 116 Y   0.98572 0.01421 0.00006 0.00001 ( 1)
 117 A   0.99408 0.00588 0.00003 0.00000 ( 1)
 118 Q   0.98650 0.01345 0.00004 0.00000 ( 1)
 119 T   0.99015 0.00975 0.00009 0.00001 ( 1)
 120 A   0.95115 0.04877 0.00006 0.00002 ( 1)
 121 N   0.99786 0.00211 0.00003 0.00000 ( 1)
 122 I   0.85317 0.14667 0.00006 0.00010 ( 1)
 123 D   0.99718 0.00279 0.00002 0.00000 ( 1)
 124 L   0.90846 0.09128 0.00018 0.00007 ( 1)
 125 I   0.99405 0.00587 0.00007 0.00000 ( 1)
 126 L   0.97582 0.02406 0.00010 0.00001 ( 1)
 127 Y   0.61854 0.35863 0.02047 0.00236 ( 1)
 128 Q   0.98650 0.01345 0.00004 0.00000 ( 1)
 129 R   0.99695 0.00304 0.00002 0.00000 ( 1)
 130 G   0.82288 0.17589 0.00082 0.00041 ( 1)
 131 S   0.02339 0.96703 0.00128 0.00830 ( 2)
 132 V   0.00612 0.99235 0.00007 0.00146 ( 2)
 133 Y   0.78779 0.21207 0.00005 0.00009 ( 1)
 134 G   0.80616 0.19375 0.00003 0.00006 ( 1)
 135 D   0.99718 0.00279 0.00002 0.00000 ( 1)
 136 K   0.04763 0.95192 0.00000 0.00044 ( 2)
 137 W   0.76086 0.23717 0.00128 0.00068 ( 1)
 138 V   0.00183 0.99462 0.00002 0.00353 ( 2)
 139 A   0.00220 0.99073 0.00003 0.00704 ( 2)
 140 D   0.17097 0.80779 0.01111 0.01012 ( 2)
 141 I   0.36927 0.57680 0.05197 0.00196 ( 2)
 142 N   0.02941 0.13239 0.81187 0.02634 ( 3)
 143 N   0.00271 0.99668 0.00000 0.00060 ( 2)
 144 R   0.16327 0.78415 0.00906 0.04352 ( 2)
 145 S   0.04040 0.89295 0.05800 0.00864 ( 2)
 146 T   0.01286 0.86321 0.06467 0.05926 ( 2)
 147 S   0.16163 0.81438 0.02117 0.00282 ( 2)
 148 P   0.88054 0.11919 0.00018 0.00009 ( 1)
 149 F   0.85918 0.14075 0.00003 0.00004 ( 1)
 150 -   0.00018 0.99724 0.00000 0.00258 ( 2)
 151 S   0.09252 0.89086 0.00619 0.01043 ( 2)
 152 S   0.95914 0.04071 0.00012 0.00002 ( 1)
 153 K   0.00438 0.91634 0.04408 0.03520 ( 2)
 154 D   0.01797 0.98147 0.00001 0.00056 ( 2)
 155 Y   0.78095 0.21890 0.00005 0.00010 ( 1)
 156 Y   0.98572 0.01421 0.00006 0.00001 ( 1)
 157 Q   0.00000 0.03755 0.00037 0.96208 ( 4)
 158 S   0.10799 0.89086 0.00003 0.00112 ( 2)
 159 L   0.97582 0.02406 0.00010 0.00001 ( 1)
 160 K   0.00628 0.97196 0.00139 0.02038 ( 2)
 161 G   0.00001 0.98962 0.00000 0.01037 ( 2)
 162 K   0.99741 0.00255 0.00004 0.00000 ( 1)
 163 I   0.99691 0.00304 0.00005 0.00000 ( 1)
 164 K   0.01527 0.95700 0.01618 0.01155 ( 2)
 165 D   0.00004 0.94065 0.00132 0.05799 ( 2)
 166 Y   0.98572 0.01421 0.00006 0.00001 ( 1)
 167 T   0.99114 0.00880 0.00006 0.00000 ( 1)
 168 N   0.99786 0.00211 0.00003 0.00000 ( 1)
 169 Y   0.82736 0.17163 0.00091 0.00009 ( 1)
 170 C   0.11073 0.86794 0.01860 0.00274 ( 2)
 171 A   0.99408 0.00588 0.00003 0.00000 ( 1)
 172 E   0.27006 0.35874 0.35631 0.01489 ( 2)
 173 T   0.99610 0.00386 0.00004 0.00000 ( 1)
 174 Y   0.98572 0.01421 0.00006 0.00001 ( 1)
 175 R   0.99695 0.00304 0.00002 0.00000 ( 1)
 176 N   0.97533 0.02454 0.00012 0.00002 ( 1)
 177 S   0.88560 0.11228 0.00201 0.00011 ( 1)
 178 L   0.97582 0.02406 0.00010 0.00001 ( 1)
 179 T   0.33493 0.66468 0.00002 0.00037 ( 2)
 180 I   0.92783 0.06724 0.00472 0.00021 ( 1)
 181 L   0.19664 0.78163 0.01472 0.00700 ( 2)
 182 K   0.99741 0.00255 0.00004 0.00000 ( 1)
 183 N   0.98989 0.01007 0.00004 0.00000 ( 1)
 184 K   0.05794 0.92993 0.00667 0.00546 ( 2)
 185 P   0.00672 0.99112 0.00003 0.00213 ( 2)
 186 H   0.00266 0.97944 0.00129 0.01661 ( 2)
 187 I   0.88952 0.10966 0.00061 0.00020 ( 1)
 188 Q   0.04093 0.95786 0.00002 0.00120 ( 2)
 189 W   0.76086 0.23717 0.00128 0.00068 ( 1)
 190 D   0.05041 0.94929 0.00000 0.00030 ( 2)
 191 I   0.00012 0.59992 0.09176 0.30821 ( 2)
 192 Y   0.64331 0.33320 0.02128 0.00221 ( 1)
 193 N   0.99786 0.00211 0.00003 0.00000 ( 1)
 194 R   0.00000 0.02969 0.04651 0.92380 ( 4)
 195 Y   0.98572 0.01421 0.00006 0.00001 ( 1)
 196 R   0.94801 0.05189 0.00008 0.00002 ( 1)
 197 R   0.99695 0.00304 0.00002 0.00000 ( 1)
 198 E   0.04225 0.95263 0.00088 0.00424 ( 2)
 199 A   0.00391 0.99324 0.00033 0.00252 ( 2)
 200 I   0.23324 0.76341 0.00127 0.00208 ( 2)
 201 L   0.96995 0.02974 0.00027 0.00004 ( 1)
 202 G   0.65975 0.32190 0.01638 0.00197 ( 1)
 203 A   0.99408 0.00588 0.00003 0.00000 ( 1)
 204 L   0.97582 0.02406 0.00010 0.00001 ( 1)
 205 D   0.99718 0.00279 0.00002 0.00000 ( 1)
 206 L   0.97582 0.02406 0.00010 0.00001 ( 1)
 207 V   0.81221 0.18764 0.00005 0.00010 ( 1)
 208 A   0.99348 0.00647 0.00005 0.00000 ( 1)
 209 L   0.97130 0.02858 0.00011 0.00002 ( 1)
 210 F   0.92223 0.07750 0.00021 0.00006 ( 1)
 211 P   0.72067 0.27615 0.00279 0.00039 ( 1)
 212 N   0.99786 0.00211 0.00003 0.00000 ( 1)

