Supplemental results for CODEML (seqf: algn  treef: tree)


dN/dS (w) for site classes (K=4)

site class             0        1       2a       2b
proportion       0.65381  0.28862  0.03994  0.01763
background w     0.13294  1.00000  0.13294  1.00000
foreground w     0.13294  1.00000  1.00000  1.00000

Naive Empirical Bayes (NEB) probabilities for 4 classes
(amino acids refer to 1st sequence: BT_Cry32Ea1)

   1 -   0.65381 0.28862 0.03994 0.01763 ( 1)
   2 S   0.73953 0.21152 0.03603 0.01292 ( 1)
   3 A   0.96704 0.00099 0.03191 0.00006 ( 1)
   4 I   0.83306 0.13327 0.02552 0.00814 ( 1)
   5 A   0.96484 0.00225 0.03277 0.00014 ( 1)
   6 G   0.94749 0.01883 0.03254 0.00115 ( 1)
   7 L   0.74629 0.21234 0.02839 0.01297 ( 1)
   8 F   0.79658 0.16682 0.02641 0.01019 ( 1)
   9 N   0.89306 0.07624 0.02605 0.00466 ( 1)
  10 V   0.96692 0.00124 0.03177 0.00008 ( 1)
  11 L   0.92110 0.03504 0.04172 0.00214 ( 1)
  12 L   0.84058 0.11981 0.03230 0.00732 ( 1)
  13 P   0.95434 0.00401 0.04141 0.00024 ( 1)
  14 Y   0.82542 0.12739 0.03941 0.00778 ( 1)
  15 W   0.44927 0.49910 0.02114 0.03049 ( 2)
  16 W   0.43794 0.51029 0.02060 0.03117 ( 2)
  17 P   0.96164 0.00280 0.03539 0.00017 ( 1)
  18 E   0.73631 0.22746 0.02233 0.01390 ( 1)
  19 Q   0.07114 0.87300 0.00254 0.05333 ( 2)
  20 A   0.80777 0.15591 0.02679 0.00952 ( 1)
  21 G   0.47159 0.47679 0.02250 0.02913 ( 2)
  22 A   0.06219 0.88131 0.00266 0.05384 ( 2)
  23 P   0.25885 0.62498 0.07799 0.03818 ( 2)
  24 G   0.85133 0.11255 0.02924 0.00688 ( 1)
  25 T   0.11996 0.78815 0.04375 0.04815 ( 2)
  26 P   0.33382 0.61206 0.01673 0.03739 ( 2)
  27 Q   0.68449 0.27434 0.02441 0.01676 ( 1)
  28 A   0.95427 0.01342 0.03149 0.00082 ( 1)
  29 Q   0.96380 0.00174 0.03436 0.00011 ( 1)
  30 F   0.05085 0.89229 0.00235 0.05451 ( 2)
  31 S   0.78373 0.17818 0.02720 0.01088 ( 1)
  32 W   0.35376 0.59335 0.01664 0.03625 ( 2)
  33 N   0.00245 0.93595 0.00443 0.05717 ( 2)
  34 Q   0.59867 0.35399 0.02571 0.02162 ( 1)
  35 L   0.93696 0.01939 0.04247 0.00118 ( 1)
  36 M   0.96757 0.00064 0.03175 0.00004 ( 1)
  37 T   0.00771 0.93483 0.00035 0.05711 ( 2)
  38 A   0.71953 0.23441 0.03174 0.01432 ( 1)
  39 A   0.64063 0.15200 0.19809 0.00929 ( 1)
  40 E   0.97002 0.00068 0.02926 0.00004 ( 1)
  41 E   0.03213 0.91098 0.00124 0.05565 ( 2)
  42 M   0.49457 0.45512 0.02250 0.02780 ( 1)
  43 V   0.01545 0.92712 0.00080 0.05664 ( 2)
  44 D   0.07095 0.87223 0.00354 0.05328 ( 2)
  45 K   0.91836 0.05036 0.02820 0.00308 ( 1)
  46 K   0.96424 0.00556 0.02986 0.00034 ( 1)
  47 I   0.96566 0.00125 0.03301 0.00008 ( 1)
  48 L   0.01994 0.92031 0.00354 0.05622 ( 2)
  49 E   0.81560 0.14515 0.03038 0.00887 ( 1)
  50 S   0.65004 0.30925 0.02181 0.01889 ( 1)
  51 K   0.69652 0.26333 0.02407 0.01609 ( 1)
  52 R   0.75087 0.18262 0.05536 0.01116 ( 1)
  53 G   0.01946 0.92332 0.00081 0.05640 ( 2)
  54 E   0.58042 0.37435 0.02237 0.02287 ( 1)
  55 A   0.95459 0.00965 0.03517 0.00059 ( 1)
  56 T   0.33012 0.58426 0.04993 0.03569 ( 2)
  57 A   0.93898 0.02172 0.03798 0.00133 ( 1)
  58 R   0.93397 0.03076 0.03339 0.00188 ( 1)
  59 W   0.93028 0.02446 0.04377 0.00149 ( 1)
  60 Q   0.79879 0.16276 0.02851 0.00994 ( 1)
  61 G   0.94520 0.01927 0.03436 0.00118 ( 1)
  62 I   0.96151 0.00710 0.03095 0.00043 ( 1)
  63 Q   0.96380 0.00174 0.03436 0.00011 ( 1)
  64 R   0.00009 0.94231 0.00003 0.05756 ( 2)
  65 L   0.01010 0.92768 0.00555 0.05667 ( 2)
  66 G   0.31234 0.63701 0.01173 0.03891 ( 2)
  67 R   0.01458 0.92795 0.00079 0.05669 ( 2)
  68 D   0.47653 0.13803 0.37702 0.00843 ( 1)
  69 Y   0.83569 0.12513 0.03153 0.00764 ( 1)
  70 Y   0.02385 0.91905 0.00095 0.05614 ( 2)
  71 S   0.00041 0.94193 0.00012 0.05754 ( 2)
  72 A   0.27160 0.05932 0.66545 0.00362 ( 3)
  73 L   0.57132 0.37960 0.02589 0.02319 ( 1)
  74 C   0.95385 0.00447 0.04141 0.00027 ( 1)
  75 D   0.93997 0.02361 0.03498 0.00144 ( 1)
  76 W   0.73072 0.22138 0.03438 0.01352 ( 1)
  77 I   0.08365 0.86118 0.00256 0.05261 ( 2)
  78 Q   0.00217 0.93615 0.00449 0.05719 ( 2)
  79 D   0.96393 0.00720 0.02842 0.00044 ( 1)
  80 Q   0.93545 0.02933 0.03343 0.00179 ( 1)
  81 D   0.92688 0.02665 0.04485 0.00163 ( 1)
  82 N   0.96489 0.00044 0.03463 0.00003 ( 1)
  83 A   0.32649 0.62083 0.01475 0.03792 ( 2)
  84 V   0.02298 0.91999 0.00082 0.05620 ( 2)
  85 K   0.79121 0.17083 0.02752 0.01044 ( 1)
  86 K   0.96369 0.00633 0.02959 0.00039 ( 1)
  87 E   0.00001 0.94241 0.00000 0.05757 ( 2)
  88 R   0.30176 0.64812 0.01053 0.03959 ( 2)
  89 L   0.90355 0.05585 0.03718 0.00341 ( 1)
  90 R   0.93090 0.02604 0.04147 0.00159 ( 1)
  91 D   0.96954 0.00280 0.02749 0.00017 ( 1)
  92 A   0.26823 0.68126 0.00890 0.04162 ( 2)
  93 F   0.96706 0.00083 0.03206 0.00005 ( 1)
  94 D   0.96963 0.00270 0.02750 0.00017 ( 1)
  95 D   0.82444 0.13613 0.03111 0.00832 ( 1)
  96 L   0.18712 0.73346 0.03462 0.04481 ( 2)
  97 D   0.79049 0.16831 0.03092 0.01028 ( 1)
  98 D   0.97208 0.00033 0.02756 0.00002 ( 1)
  99 Q   0.03832 0.89498 0.01203 0.05467 ( 2)
 100 L   0.29100 0.23967 0.45468 0.01464 ( 3)
 101 K   0.75987 0.04278 0.19474 0.00261 ( 1)
 102 L   0.02900 0.91397 0.00120 0.05583 ( 2)
 103 A   0.80628 0.15000 0.03455 0.00916 ( 1)
 104 M   0.96345 0.00464 0.03162 0.00028 ( 1)
 105 P   0.96140 0.00304 0.03538 0.00019 ( 1)
 106 F   0.05807 0.76055 0.13492 0.04646 ( 2)
 107 F   0.96087 0.00102 0.03804 0.00006 ( 1)
 108 S   0.00346 0.93645 0.00289 0.05721 ( 2)
 109 V   0.73883 0.13690 0.11591 0.00836 ( 1)
 110 Q   0.29276 0.65668 0.01045 0.04011 ( 2)
 111 G   0.27399 0.06900 0.65280 0.00421 ( 3)
 112 F   0.95955 0.00815 0.03181 0.00050 ( 1)
 113 E   0.97002 0.00068 0.02926 0.00004 ( 1)
 114 L   0.62981 0.32696 0.02326 0.01997 ( 1)
 115 P   0.71571 0.24358 0.02583 0.01488 ( 1)
 116 M   0.96757 0.00064 0.03175 0.00004 ( 1)
 117 L   0.95309 0.00731 0.03915 0.00045 ( 1)
 118 S   0.26342 0.68184 0.01309 0.04165 ( 2)
 119 M   0.96757 0.00064 0.03175 0.00004 ( 1)
 120 Y   0.96329 0.00201 0.03458 0.00012 ( 1)
 121 A   0.95767 0.00204 0.04016 0.00012 ( 1)
 122 Q   0.96380 0.00174 0.03436 0.00011 ( 1)
 123 A   0.96368 0.00185 0.03436 0.00011 ( 1)
 124 A   0.95619 0.00311 0.04051 0.00019 ( 1)
 125 N   0.97138 0.00033 0.02827 0.00002 ( 1)
 126 M   0.94902 0.01869 0.03115 0.00114 ( 1)
 127 H   0.95421 0.00525 0.04022 0.00032 ( 1)
 128 L   0.94073 0.01661 0.04165 0.00101 ( 1)
 129 L   0.63649 0.31596 0.02825 0.01930 ( 1)
 130 L   0.35963 0.58814 0.01630 0.03593 ( 2)
 131 L   0.95309 0.00731 0.03915 0.00045 ( 1)
 132 R   0.80386 0.15191 0.03495 0.00928 ( 1)
 133 D   0.96570 0.00045 0.03381 0.00003 ( 1)
 134 V   0.96336 0.00238 0.03412 0.00015 ( 1)
 135 V   0.93651 0.02397 0.03805 0.00146 ( 1)
 136 Q   0.01310 0.90123 0.03062 0.05505 ( 2)
 137 N   0.96608 0.00547 0.02812 0.00033 ( 1)
 138 G   0.95891 0.00387 0.03699 0.00024 ( 1)
 139 V   0.00037 0.94142 0.00070 0.05751 ( 2)
 140 S   0.10732 0.81688 0.02590 0.04990 ( 2)
 141 W   0.93028 0.02446 0.04377 0.00149 ( 1)
 142 G   0.96517 0.00151 0.03323 0.00009 ( 1)
 143 F   0.95673 0.01089 0.03172 0.00066 ( 1)
 144 A   0.00000 0.94242 0.00000 0.05757 ( 2)
 145 P   0.95011 0.01507 0.03390 0.00092 ( 1)
 146 Y   0.00018 0.94222 0.00004 0.05756 ( 2)
 147 E   0.36475 0.58595 0.01351 0.03579 ( 2)
 148 V   0.95042 0.01501 0.03365 0.00092 ( 1)
 149 D   0.97191 0.00047 0.02759 0.00003 ( 1)
 150 R   0.53469 0.41541 0.02453 0.02538 ( 1)
 151 Y   0.95727 0.00244 0.04013 0.00015 ( 1)
 152 Y   0.96329 0.00201 0.03458 0.00012 ( 1)
 153 F   0.00005 0.94237 0.00002 0.05757 ( 2)
 154 D   0.94708 0.02380 0.02766 0.00145 ( 1)
 155 P   0.00054 0.94174 0.00019 0.05753 ( 2)
 156 S   0.08882 0.84142 0.01836 0.05140 ( 2)
 157 G   0.00015 0.94227 0.00002 0.05756 ( 2)
 158 -   0.65381 0.28862 0.03994 0.01763 ( 1)
 159 Q   0.02312 0.91704 0.00382 0.05602 ( 2)
 160 R   0.01833 0.92437 0.00084 0.05647 ( 2)
 161 S   0.96130 0.00924 0.02890 0.00056 ( 1)
 162 P   0.93646 0.02628 0.03565 0.00161 ( 1)
 163 G   0.95536 0.00360 0.04082 0.00022 ( 1)
 164 L   0.95213 0.00817 0.03920 0.00050 ( 1)
 165 L   0.66566 0.28935 0.02731 0.01768 ( 1)
 166 Q   0.95197 0.01328 0.03394 0.00081 ( 1)
 167 L   0.95105 0.00972 0.03863 0.00059 ( 1)
 168 L   0.89966 0.05970 0.03699 0.00365 ( 1)
 169 G   0.00935 0.90939 0.02570 0.05555 ( 2)
 170 T   0.00043 0.94181 0.00022 0.05753 ( 2)
 171 Y   0.96243 0.00246 0.03497 0.00015 ( 1)
 172 T   0.96591 0.00115 0.03287 0.00007 ( 1)
 173 N   0.91851 0.04341 0.03543 0.00265 ( 1)
 174 Y   0.94789 0.01690 0.03418 0.00103 ( 1)
 175 C   0.96024 0.00358 0.03597 0.00022 ( 1)
 176 V   0.78432 0.16913 0.03622 0.01033 ( 1)
 177 E   0.00848 0.93414 0.00032 0.05706 ( 2)
 178 W   0.93028 0.02446 0.04377 0.00149 ( 1)
 179 Y   0.96329 0.00201 0.03458 0.00012 ( 1)
 180 E   0.92965 0.04058 0.02729 0.00248 ( 1)
 181 K   0.06429 0.87470 0.00758 0.05343 ( 2)
 182 G   0.96401 0.00176 0.03412 0.00011 ( 1)
 183 L   0.95309 0.00731 0.03915 0.00045 ( 1)
 184 Q   0.09743 0.84667 0.00418 0.05172 ( 2)
 185 E   0.07320 0.87087 0.00272 0.05320 ( 2)
 186 Q   0.95177 0.01347 0.03393 0.00082 ( 1)
 187 Y   0.96247 0.00281 0.03456 0.00017 ( 1)
 188 N   0.00194 0.94041 0.00020 0.05745 ( 2)
 189 -   0.65381 0.28862 0.03994 0.01763 ( 1)
 190 -   0.65381 0.28862 0.03994 0.01763 ( 1)
 191 T   0.93832 0.02556 0.03456 0.00156 ( 1)
 192 G   0.88395 0.07990 0.03127 0.00488 ( 1)
 193 R   0.00521 0.93592 0.00170 0.05717 ( 2)
 194 W   0.93028 0.02446 0.04377 0.00149 ( 1)
 195 D   0.27011 0.67973 0.00863 0.04152 ( 2)
 196 K   0.67999 0.28191 0.02088 0.01722 ( 1)
 197 F   0.90385 0.05377 0.03909 0.00328 ( 1)
 198 N   0.97138 0.00033 0.02827 0.00002 ( 1)
 199 N   0.81052 0.15616 0.02378 0.00954 ( 1)
 200 F   0.95431 0.00777 0.03744 0.00047 ( 1)
 201 R   0.95706 0.00453 0.03814 0.00028 ( 1)
 202 R   0.37670 0.50729 0.08502 0.03099 ( 2)
 203 N   0.94340 0.00888 0.04718 0.00054 ( 1)
 204 M   0.96757 0.00064 0.03175 0.00004 ( 1)
 205 T   0.95315 0.01242 0.03367 0.00076 ( 1)
 206 I   0.96172 0.00825 0.02953 0.00050 ( 1)
 207 M   0.62994 0.07468 0.29082 0.00456 ( 1)
 208 V   0.96654 0.00160 0.03176 0.00010 ( 1)
 209 L   0.95538 0.00791 0.03623 0.00048 ( 1)
 210 D   0.97208 0.00033 0.02756 0.00002 ( 1)
 211 T   0.75916 0.20066 0.02792 0.01226 ( 1)
 212 V   0.96692 0.00124 0.03177 0.00008 ( 1)
 213 A   0.83705 0.12624 0.02900 0.00771 ( 1)
 214 I   0.02422 0.91329 0.00670 0.05579 ( 2)
 215 W   0.93028 0.02446 0.04377 0.00149 ( 1)
 216 P   0.96183 0.00260 0.03541 0.00016 ( 1)
 217 T   0.96576 0.00129 0.03287 0.00008 ( 1)


lnL = -3241.440679

