Supplemental results for CODEML (seqf: algn  treef: tree)


dN/dS (w) for site classes (K=4)

site class             0        1       2a       2b
proportion       0.79658  0.15674  0.03900  0.00767
background w     0.11714  1.00000  0.11714  1.00000
foreground w     0.11714  1.00000  1.00000  1.00000

Naive Empirical Bayes (NEB) probabilities for 4 classes
(amino acids refer to 1st sequence: BT_Cry9Ca1)

   1 S   0.92595 0.04800 0.02370 0.00235 ( 1)
   2 N   0.97255 0.00227 0.02507 0.00011 ( 1)
   3 P   0.97842 0.00256 0.01890 0.00013 ( 1)
   4 Q   0.95164 0.01669 0.03086 0.00082 ( 1)
   5 L   0.98065 0.00140 0.01788 0.00007 ( 1)
   6 T   0.97357 0.00463 0.02157 0.00023 ( 1)
   7 R   0.97996 0.00147 0.01849 0.00007 ( 1)
   8 E   0.84416 0.01911 0.13579 0.00094 ( 1)
   9 V   0.92056 0.05214 0.02475 0.00255 ( 1)
  10 Y   0.98116 0.00128 0.01750 0.00006 ( 1)
  11 T   0.97353 0.00468 0.02156 0.00023 ( 1)
  12 D   0.98509 0.00064 0.01424 0.00003 ( 1)
  13 P   0.95546 0.01045 0.03358 0.00051 ( 1)
  14 I   0.96082 0.02249 0.01559 0.00110 ( 1)
  15 V   0.97444 0.00344 0.02196 0.00017 ( 1)
  16 F   0.97326 0.01022 0.01602 0.00050 ( 1)
  17 N   0.98484 0.00078 0.01434 0.00004 ( 1)
  18 P   0.97180 0.00469 0.02329 0.00023 ( 1)
  19 P   0.78417 0.03761 0.17638 0.00184 ( 1)
  20 A   0.98010 0.00286 0.01691 0.00014 ( 1)
  21 N   0.98484 0.00078 0.01434 0.00004 ( 1)
  22 V   0.25339 0.70434 0.00780 0.03448 ( 2)
  23 G   0.97113 0.00475 0.02389 0.00023 ( 1)
  24 L   0.88462 0.05934 0.05314 0.00291 ( 1)
  25 C   0.97094 0.00703 0.02169 0.00034 ( 1)
  26 R   0.96922 0.00771 0.02270 0.00038 ( 1)
  27 R   0.97996 0.00147 0.01849 0.00007 ( 1)
  28 W   0.94017 0.02562 0.03296 0.00125 ( 1)
  29 G   0.91275 0.05964 0.02469 0.00292 ( 1)
  30 T   0.96784 0.01367 0.01782 0.00067 ( 1)
  31 N   0.97479 0.00246 0.02264 0.00012 ( 1)
  32 P   0.96944 0.00542 0.02487 0.00027 ( 1)
  33 Y   0.98116 0.00128 0.01750 0.00006 ( 1)
  34 N   0.75410 0.22335 0.01161 0.01093 ( 1)
  35 T   0.97491 0.00380 0.02110 0.00019 ( 1)
  36 F   0.98295 0.00083 0.01617 0.00004 ( 1)
  37 S   0.95589 0.01055 0.03304 0.00052 ( 1)
  38 E   0.94720 0.03106 0.02023 0.00152 ( 1)
  39 L   0.97728 0.00246 0.02013 0.00012 ( 1)
  40 E   0.97704 0.00306 0.01975 0.00015 ( 1)
  41 N   0.98484 0.00078 0.01434 0.00004 ( 1)
  42 A   0.93084 0.03765 0.02967 0.00184 ( 1)
  43 F   0.96256 0.00707 0.03002 0.00035 ( 1)
  44 I   0.98355 0.00103 0.01536 0.00005 ( 1)
  45 R   0.93815 0.02728 0.03324 0.00134 ( 1)
  46 P   0.96050 0.00914 0.02991 0.00045 ( 1)
  47 P   0.97085 0.00550 0.02337 0.00027 ( 1)
  48 H   0.98334 0.00085 0.01577 0.00004 ( 1)
  49 L   0.85826 0.01086 0.13035 0.00053 ( 1)
  50 F   0.98295 0.00083 0.01617 0.00004 ( 1)
  51 D   0.97413 0.01124 0.01408 0.00055 ( 1)
  52 R   0.96578 0.00645 0.02745 0.00032 ( 1)
  53 L   0.94099 0.02509 0.03269 0.00123 ( 1)
  54 N   0.98467 0.00093 0.01435 0.00005 ( 1)
  55 S   0.94824 0.03104 0.01920 0.00152 ( 1)
  56 L   0.96218 0.00979 0.02754 0.00048 ( 1)
  57 T   0.97489 0.00336 0.02159 0.00016 ( 1)
  58 I   0.98007 0.00185 0.01798 0.00009 ( 1)
  59 S   0.26461 0.69585 0.00548 0.03407 ( 2)
  60 S   0.74558 0.13999 0.10758 0.00685 ( 1)
  61 N   0.96411 0.02055 0.01434 0.00101 ( 1)
  62 R   0.95727 0.01515 0.02684 0.00074 ( 1)
  63 F   0.97326 0.01022 0.01602 0.00050 ( 1)
  64 -   0.82469 0.12863 0.04038 0.00630 ( 1)
  65 -   0.83507 0.11825 0.04088 0.00579 ( 1)
  66 P   0.17641 0.21366 0.59947 0.01046 ( 3)
  67 V   0.84017 0.13548 0.01772 0.00663 ( 1)
  68 S   0.09341 0.61926 0.25701 0.03032 ( 2)
  69 S   0.66751 0.30054 0.01723 0.01471 ( 1)
  70 N   0.96993 0.00964 0.01995 0.00047 ( 1)
  71 F   0.96651 0.01674 0.01592 0.00082 ( 1)
  72 M   0.50365 0.39319 0.08391 0.01925 ( 1)
  73 D   0.84268 0.01137 0.14540 0.00056 ( 1)
  74 Y   0.36946 0.04789 0.58030 0.00234 ( 3)
  75 W   0.94017 0.02562 0.03296 0.00125 ( 1)
  76 S   0.90453 0.07155 0.02042 0.00350 ( 1)
  77 G   0.97211 0.00379 0.02392 0.00019 ( 1)
  78 H   0.98334 0.00085 0.01577 0.00004 ( 1)
  79 T   0.95625 0.01122 0.03198 0.00055 ( 1)
  80 L   0.96218 0.00979 0.02754 0.00048 ( 1)
  81 R   0.77067 0.19260 0.02731 0.00943 ( 1)
  82 R   0.95806 0.02274 0.01809 0.00111 ( 1)
  83 S   0.78667 0.19278 0.01111 0.00944 ( 1)
  84 Y   0.70389 0.16139 0.12682 0.00790 ( 1)
  85 L   0.09193 0.86223 0.00364 0.04221 ( 2)
  86 N   0.97067 0.00374 0.02541 0.00018 ( 1)
  87 D   0.69322 0.13768 0.16236 0.00674 ( 1)
  88 S   0.76631 0.19645 0.02763 0.00962 ( 1)
  89 A   0.94281 0.03461 0.02089 0.00169 ( 1)
  90 V   0.82138 0.15263 0.01852 0.00747 ( 1)
  91 Q   0.80741 0.16492 0.01960 0.00807 ( 1)
  92 E   0.97875 0.00180 0.01937 0.00009 ( 1)
  93 D   0.94736 0.03712 0.01370 0.00182 ( 1)
  94 S   0.98551 0.00056 0.01390 0.00003 ( 1)
  95 Y   0.98009 0.00230 0.01750 0.00011 ( 1)
  96 G   0.95747 0.00975 0.03231 0.00048 ( 1)
  97 L   0.02508 0.92767 0.00184 0.04542 ( 2)
  98 I   0.97010 0.01372 0.01550 0.00067 ( 1)
  99 T   0.97936 0.00275 0.01775 0.00013 ( 1)
 100 T   0.04645 0.89894 0.01060 0.04401 ( 2)
 101 T   0.09608 0.67562 0.19523 0.03308 ( 2)
 102 R   0.94581 0.03326 0.01929 0.00163 ( 1)
 103 A   0.01812 0.93238 0.00386 0.04565 ( 2)
 104 T   0.74266 0.22963 0.01647 0.01124 ( 1)
 105 I   0.96952 0.01461 0.01516 0.00072 ( 1)
 106 N   0.98484 0.00078 0.01434 0.00004 ( 1)
 107 P   0.06882 0.87129 0.01724 0.04266 ( 2)
 108 G   0.13853 0.49502 0.34221 0.02424 ( 2)
 109 V   0.65776 0.24053 0.08994 0.01178 ( 1)
 110 D   0.96485 0.01324 0.02126 0.00065 ( 1)
 111 G   0.97113 0.00475 0.02389 0.00023 ( 1)
 112 T   0.95330 0.02700 0.01838 0.00132 ( 1)
 113 N   0.00408 0.93401 0.01619 0.04573 ( 2)
 114 R   0.05051 0.90358 0.00167 0.04424 ( 2)
 115 I   0.73813 0.03274 0.22753 0.00160 ( 1)
 116 E   0.93699 0.03446 0.02686 0.00169 ( 1)
 117 S   0.96395 0.00895 0.02666 0.00044 ( 1)
 118 T   0.84170 0.12966 0.02229 0.00635 ( 1)
 119 A   0.97470 0.00355 0.02158 0.00017 ( 1)
 120 V   0.75233 0.21994 0.01696 0.01077 ( 1)
 121 D   0.98207 0.00355 0.01420 0.00017 ( 1)
 122 F   0.98295 0.00083 0.01617 0.00004 ( 1)
 123 R   0.96087 0.01999 0.01816 0.00098 ( 1)
 124 S   0.03239 0.85973 0.06579 0.04209 ( 2)
 125 A   0.17961 0.77726 0.00508 0.03805 ( 2)
 126 L   0.27681 0.67893 0.01102 0.03324 ( 2)
 127 I   0.11389 0.84110 0.00383 0.04118 ( 2)
 128 G   0.92519 0.04936 0.02304 0.00242 ( 1)
 129 I   0.63704 0.33393 0.01268 0.01635 ( 1)
 130 Y   0.97340 0.00193 0.02458 0.00009 ( 1)
 131 G   0.94914 0.01795 0.03203 0.00088 ( 1)
 132 V   0.91426 0.06098 0.02177 0.00299 ( 1)
 133 N   0.87566 0.10618 0.01297 0.00520 ( 1)
 134 R   0.34430 0.61840 0.00702 0.03028 ( 2)
 135 A   0.75408 0.22264 0.01238 0.01090 ( 1)
 136 S   0.73471 0.24022 0.01332 0.01176 ( 1)
 137 F   0.97323 0.01026 0.01601 0.00050 ( 1)
 138 V   0.47446 0.41954 0.08546 0.02054 ( 1)
 139 P   0.96491 0.00707 0.02767 0.00035 ( 1)
 140 G   0.74423 0.22994 0.01457 0.01126 ( 1)
 141 G   0.96971 0.00689 0.02306 0.00034 ( 1)
 142 L   0.30924 0.57097 0.09184 0.02795 ( 2)
 143 F   0.90501 0.07636 0.01490 0.00374 ( 1)
 144 N   0.98200 0.00351 0.01431 0.00017 ( 1)
 145 G   0.94446 0.03071 0.02333 0.00150 ( 1)
 146 T   0.87049 0.09612 0.02868 0.00471 ( 1)
 147 T   0.95293 0.02860 0.01708 0.00140 ( 1)
 148 S   0.00751 0.91639 0.03124 0.04486 ( 2)
 149 P   0.96017 0.02164 0.01713 0.00106 ( 1)
 150 A   0.71135 0.14565 0.13587 0.00713 ( 1)
 151 N   0.85024 0.00842 0.14093 0.00041 ( 1)
 152 G   0.53632 0.42821 0.01451 0.02096 ( 1)
 153 G   0.93116 0.04345 0.02326 0.00213 ( 1)
 154 C   0.98084 0.00118 0.01792 0.00006 ( 1)
 155 R   0.91278 0.06541 0.01861 0.00320 ( 1)
 156 D   0.62016 0.35211 0.01049 0.01724 ( 1)
 157 L   0.19223 0.76209 0.00837 0.03731 ( 2)
 158 Y   0.77633 0.19613 0.01794 0.00960 ( 1)
 159 D   0.94736 0.03712 0.01370 0.00182 ( 1)
 160 T   0.76512 0.04123 0.19164 0.00202 ( 1)
 161 N   0.36410 0.59718 0.00948 0.02924 ( 2)
 162 D   0.97476 0.01021 0.01453 0.00050 ( 1)
 163 E   0.96029 0.01973 0.01901 0.00097 ( 1)
 164 L   0.96077 0.01118 0.02751 0.00055 ( 1)
 165 P   0.97180 0.00469 0.02329 0.00023 ( 1)
 166 P   0.76927 0.19637 0.02475 0.00961 ( 1)
 167 D   0.70601 0.26450 0.01655 0.01295 ( 1)
 168 E   0.91728 0.06155 0.01816 0.00301 ( 1)
 169 S   0.96830 0.01336 0.01768 0.00065 ( 1)
 170 T   0.65035 0.23953 0.09839 0.01173 ( 1)
 171 G   0.94402 0.03123 0.02323 0.00153 ( 1)
 172 S   0.59272 0.22519 0.17107 0.01102 ( 1)
 173 S   0.35766 0.55000 0.06541 0.02693 ( 2)
 174 T   0.01067 0.91495 0.02959 0.04479 ( 2)
 175 H   0.97571 0.00824 0.01564 0.00040 ( 1)
 176 R   0.76786 0.20279 0.01942 0.00993 ( 1)
 177 L   0.96149 0.01022 0.02779 0.00050 ( 1)
 178 S   0.98090 0.00149 0.01753 0.00007 ( 1)
 179 H   0.98334 0.00085 0.01577 0.00004 ( 1)
 180 V   0.98270 0.00106 0.01619 0.00005 ( 1)
 181 T   0.96502 0.00480 0.02994 0.00024 ( 1)
 182 F   0.98130 0.00225 0.01633 0.00011 ( 1)
 183 F   0.89453 0.07458 0.02724 0.00365 ( 1)
 184 S   0.17462 0.78384 0.00317 0.03837 ( 2)
 185 F   0.98130 0.00225 0.01633 0.00011 ( 1)
 186 Q   0.00497 0.93900 0.01005 0.04597 ( 2)
 187 T   0.98101 0.00208 0.01681 0.00010 ( 1)
 188 N   0.91073 0.07246 0.01327 0.00355 ( 1)
 189 Q   0.95164 0.01669 0.03086 0.00082 ( 1)
 190 A   0.97193 0.01158 0.01592 0.00057 ( 1)
 191 G   0.96465 0.01072 0.02411 0.00052 ( 1)
 192 S   0.94695 0.02759 0.02411 0.00135 ( 1)
 193 I   0.78644 0.18844 0.01590 0.00923 ( 1)
 194 A   0.71807 0.25127 0.01836 0.01230 ( 1)
 195 N   0.97783 0.00757 0.01424 0.00037 ( 1)
 196 A   0.02293 0.93098 0.00051 0.04558 ( 2)
 197 G   0.95251 0.01618 0.03052 0.00079 ( 1)
 198 S   0.00471 0.94779 0.00110 0.04640 ( 2)
 199 V   0.96960 0.00411 0.02609 0.00020 ( 1)
 200 P   0.97998 0.00241 0.01749 0.00012 ( 1)
 201 T   0.49151 0.47592 0.00927 0.02330 ( 1)
 202 Y   0.98116 0.00128 0.01750 0.00006 ( 1)
 203 V   0.97327 0.00306 0.02353 0.00015 ( 1)
 204 W   0.94017 0.02562 0.03296 0.00125 ( 1)
 205 T   0.88836 0.07991 0.02782 0.00391 ( 1)
 206 R   0.85898 0.01081 0.12968 0.00053 ( 1)
 207 R   0.37347 0.58488 0.01302 0.02863 ( 2)
 208 D   0.98509 0.00064 0.01424 0.00003 ( 1)


lnL = -2392.665726

