Supplemental results for CODEML (seqf: algn  treef: tree)


dN/dS (w) for site classes (K=4)

site class             0        1       2a       2b
proportion       0.26855  0.18893  0.31848  0.22405
background w     0.09802  1.29803  0.09802  1.29803
foreground w     0.09802  1.29803  0.42056  0.42056

Naive Empirical Bayes (NEB) probabilities for 4 classes
(amino acids refer to 1st sequence: BT_Cry8Aa1)

   1 E   0.46265 0.00208 0.53261 0.00267 ( 3)
   2 T   0.46001 0.00398 0.53095 0.00507 ( 3)
   3 T   0.04530 0.40230 0.05281 0.49959 ( 4)
   4 A   0.46317 0.00263 0.53078 0.00342 ( 3)
   5 Q   0.45282 0.00877 0.52750 0.01091 ( 3)
   6 L   0.46182 0.00210 0.53342 0.00267 ( 3)
   7 T   0.46001 0.00398 0.53095 0.00507 ( 3)
   8 R   0.39701 0.06176 0.46585 0.07538 ( 3)
   9 D   0.42269 0.03970 0.48662 0.05098 ( 3)
  10 V   0.44320 0.01951 0.51252 0.02477 ( 3)
  11 Y   0.46278 0.00217 0.53226 0.00279 ( 3)
  12 T   0.44368 0.01608 0.52061 0.01963 ( 3)
  13 D   0.46689 0.00071 0.53145 0.00094 ( 3)
  14 P   0.42337 0.03552 0.49805 0.04305 ( 3)
  15 I   0.10895 0.34401 0.12793 0.41911 ( 4)
  16 A   0.38137 0.07686 0.44856 0.09321 ( 3)
  17 F   0.46428 0.00117 0.53305 0.00151 ( 3)
  18 N   0.46245 0.00521 0.52541 0.00693 ( 3)
  19 I   0.00444 0.43565 0.00513 0.55478 ( 4)
  20 V   0.00063 0.43743 0.00073 0.56122 ( 4)
  21 T   0.00027 0.45102 0.00031 0.54841 ( 4)
  22 S   0.00146 0.43896 0.00169 0.55789 ( 4)
  23 T   0.00036 0.45034 0.00042 0.54887 ( 4)
  24 G   0.46143 0.00360 0.53032 0.00465 ( 3)
  25 F   0.45854 0.00653 0.52647 0.00845 ( 3)
  26 C   0.46108 0.00322 0.53157 0.00413 ( 3)
  27 N   0.00254 0.43786 0.00293 0.55668 ( 4)
  28 P   0.42399 0.03812 0.48921 0.04868 ( 3)
  29 W   0.40593 0.05265 0.47765 0.06377 ( 3)
  30 S   0.44753 0.01370 0.52175 0.01701 ( 3)
  31 T   0.00353 0.44265 0.00411 0.54970 ( 4)
  32 H   0.13243 0.31273 0.15231 0.40253 ( 4)
  33 S   0.45096 0.01439 0.51587 0.01879 ( 3)
  34 G   0.44240 0.02146 0.50845 0.02769 ( 3)
  35 I   0.46539 0.00121 0.53181 0.00159 ( 3)
  36 L   0.02979 0.42334 0.03508 0.51179 ( 4)
  37 F   0.46428 0.00117 0.53305 0.00151 ( 3)
  38 Y   0.32490 0.13242 0.38246 0.16022 ( 3)
  39 E   0.45707 0.00406 0.53386 0.00501 ( 3)
  40 V   0.43898 0.02572 0.50163 0.03367 ( 3)
  41 E   0.46265 0.00208 0.53261 0.00267 ( 3)
  42 N   0.39519 0.06690 0.44900 0.08891 ( 3)
  43 N   0.08374 0.35667 0.09596 0.46363 ( 4)
  44 V   0.46010 0.00345 0.53207 0.00438 ( 3)
  45 I   0.46539 0.00121 0.53181 0.00159 ( 3)
  46 R   0.46020 0.00295 0.53312 0.00372 ( 3)
  47 P   0.03359 0.41520 0.03927 0.51194 ( 4)
  48 P   0.45951 0.00452 0.53019 0.00578 ( 3)
  49 H   0.45625 0.00882 0.52349 0.01143 ( 3)
  50 L   0.43532 0.02544 0.50767 0.03157 ( 3)
  51 F   0.46428 0.00117 0.53305 0.00151 ( 3)
  52 D   0.45895 0.00842 0.52144 0.01119 ( 3)
  53 I   0.42679 0.03510 0.49355 0.04455 ( 3)
  54 L   0.38887 0.06928 0.45826 0.08359 ( 3)
  55 S   0.42444 0.03769 0.48974 0.04813 ( 3)
  56 S   0.00047 0.43160 0.00053 0.56740 ( 4)
  57 V   0.08371 0.36535 0.09762 0.45332 ( 4)
  58 E   0.45728 0.00393 0.53394 0.00486 ( 3)
  59 I   0.44487 0.02025 0.50836 0.02652 ( 3)
  60 N   0.45097 0.01574 0.51236 0.02092 ( 3)
  61 T   0.46001 0.00398 0.53095 0.00507 ( 3)
  62 S   0.00188 0.43351 0.00216 0.56244 ( 4)
  63 R   0.45654 0.00427 0.53393 0.00526 ( 3)
  64 G   0.17606 0.27846 0.20687 0.33860 ( 4)
  65 G   0.04969 0.39249 0.05735 0.50047 ( 4)
  66 I   0.44198 0.02294 0.50505 0.03003 ( 3)
  67 T   0.00002 0.44626 0.00003 0.55369 ( 4)
  68 L   0.00293 0.43386 0.00337 0.55985 ( 4)
  69 N   0.46711 0.00094 0.53070 0.00125 ( 3)
  70 N   0.44381 0.02104 0.50769 0.02746 ( 3)
  71 D   0.00260 0.43408 0.00299 0.56034 ( 4)
  72 A   0.12899 0.31187 0.14685 0.41229 ( 4)
  73 Y   0.28930 0.16751 0.34057 0.20262 ( 3)
  74 I   0.04186 0.40774 0.04897 0.50144 ( 4)
  75 N   0.11918 0.33173 0.13921 0.40989 ( 4)
  76 Y   0.45405 0.01038 0.52221 0.01336 ( 3)
  77 W   0.40593 0.05265 0.47765 0.06377 ( 3)
  78 S   0.06974 0.37871 0.08130 0.47025 ( 4)
  79 G   0.46143 0.00360 0.53032 0.00465 ( 3)
  80 H   0.46469 0.00094 0.53317 0.00121 ( 3)
  81 T   0.33475 0.12252 0.38546 0.15727 ( 3)
  82 L   0.30863 0.14809 0.36104 0.18225 ( 3)
  83 K   0.06859 0.41143 0.34241 0.17757 ( 2)
  84 Y   0.46278 0.00217 0.53226 0.00279 ( 3)
  85 R   0.00083 0.42895 0.00094 0.56929 ( 4)
  86 R   0.00005 0.43591 0.00006 0.56398 ( 4)
  87 T   0.36195 0.09694 0.41647 0.12465 ( 3)
  88 A   0.00353 0.43329 0.00406 0.55912 ( 4)
  89 D   0.00031 0.46934 0.00048 0.52986 ( 4)
  90 S   0.00720 0.65234 0.03553 0.30494 ( 2)
  91 T   0.37539 0.08409 0.43328 0.10724 ( 3)
  92 V   0.01348 0.43415 0.01572 0.53665 ( 4)
  93 T   0.00020 0.44802 0.00023 0.55155 ( 4)
  94 Y   0.26855 0.18893 0.31848 0.22405 ( 3)
  95 T   0.06788 0.37386 0.07815 0.48011 ( 4)
  96 A   0.00007 0.44625 0.00008 0.55360 ( 4)
  97 N   0.46711 0.00094 0.53070 0.00125 ( 3)
  98 Y   0.45018 0.01401 0.51776 0.01804 ( 3)
  99 G   0.46085 0.00195 0.53475 0.00245 ( 3)
 100 R   0.00072 0.43656 0.00082 0.56190 ( 4)
 101 I   0.41101 0.05026 0.47473 0.06400 ( 3)
 102 T   0.46454 0.00176 0.53140 0.00230 ( 3)
 103 S   0.45085 0.01050 0.52561 0.01304 ( 3)
 104 E   0.25589 0.19679 0.29459 0.25273 ( 3)
 105 K   0.45754 0.00536 0.53038 0.00672 ( 3)
 106 N   0.25037 0.20094 0.28640 0.26230 ( 3)
 107 S   0.00335 0.44487 0.00391 0.54787 ( 4)
 108 -   0.26945 0.18803 0.31954 0.22299 ( 3)
 109 F   0.02366 0.41107 0.02703 0.53824 ( 4)
 110 A   0.00220 0.69252 0.01100 0.29427 ( 2)
 111 L   0.41757 0.04260 0.48697 0.05286 ( 3)
 112 E   0.07074 0.37950 0.08276 0.46699 ( 4)
 113 D   0.18054 0.26588 0.20652 0.34705 ( 4)
 114 R   0.36047 0.09821 0.41593 0.12539 ( 3)
 115 D   0.45387 0.01270 0.51663 0.01680 ( 3)
 116 I   0.46463 0.00192 0.53094 0.00251 ( 3)
 117 F   0.46428 0.00117 0.53305 0.00151 ( 3)
 118 E   0.40533 0.05605 0.46663 0.07199 ( 3)
 119 I   0.29651 0.15791 0.33882 0.20676 ( 3)
 120 N   0.01931 0.41170 0.02193 0.54706 ( 4)
 121 S   0.44753 0.01370 0.52175 0.01701 ( 3)
 122 T   0.00125 0.43261 0.00143 0.56470 ( 4)
 123 V   0.02325 0.42907 0.02734 0.52034 ( 4)
 124 A   0.45848 0.00512 0.52989 0.00651 ( 3)
 125 N   0.09790 0.35435 0.11487 0.43288 ( 4)
 126 L   0.44358 0.01745 0.51731 0.02166 ( 3)
 127 A   0.45104 0.00876 0.52952 0.01068 ( 3)
 128 N   0.46711 0.00094 0.53070 0.00125 ( 3)
 129 Y   0.01593 0.43682 0.01876 0.52849 ( 4)
 130 Y   0.44136 0.02231 0.50762 0.02872 ( 3)
 131 Q   0.07354 0.37457 0.08567 0.46621 ( 4)
 132 K   0.02446 0.42404 0.02859 0.52291 ( 4)
 133 A   0.01368 0.42670 0.01580 0.54381 ( 4)
 134 Y   0.46278 0.00217 0.53226 0.00279 ( 3)
 135 G   0.46256 0.00254 0.53162 0.00328 ( 3)
 136 V   0.44428 0.01533 0.52171 0.01868 ( 3)
 137 P   0.43162 0.02970 0.50143 0.03725 ( 3)
 138 G   0.00004 0.43851 0.00004 0.56142 ( 4)
 139 S   0.42472 0.03776 0.48905 0.04847 ( 3)
 140 W   0.00000 0.64013 0.00001 0.35985 ( 2)
 141 F   0.28405 0.17280 0.33441 0.20874 ( 3)
 142 H   0.01430 0.42211 0.01640 0.54718 ( 4)
 143 M   0.11177 0.23339 0.55956 0.09528 ( 3)
 144 V   0.00544 0.44551 0.00639 0.54266 ( 4)
 145 K   0.00006 0.45774 0.00007 0.54213 ( 4)
 146 R   0.04963 0.40336 0.05839 0.48862 ( 4)
 147 G   0.00563 0.66741 0.02775 0.29921 ( 2)
 148 T   0.23241 0.22260 0.27238 0.27261 ( 4)
 149 S   0.00463 0.43924 0.00537 0.55076 ( 4)
 150 -   0.21659 0.23360 0.24911 0.30071 ( 4)
 151 -   0.26918 0.18829 0.31923 0.22330 ( 3)
 152 S   0.00290 0.54023 0.01340 0.44346 ( 2)
 153 T   0.22616 0.22539 0.26104 0.28742 ( 4)
 154 T   0.00218 0.44398 0.00254 0.55129 ( 4)
 155 A   0.00005 0.43795 0.00005 0.56195 ( 4)
 156 Y   0.00209 0.44422 0.00262 0.55106 ( 4)
 157 L   0.00191 0.43805 0.00221 0.55784 ( 4)
 158 Y   0.46120 0.00366 0.53044 0.00471 ( 3)
 159 S   0.45594 0.00835 0.52500 0.01071 ( 3)
 160 K   0.46305 0.00216 0.53200 0.00279 ( 3)
 161 T   0.13231 0.31425 0.15272 0.40072 ( 4)
 162 H   0.44433 0.01999 0.50990 0.02578 ( 3)
 163 T   0.46001 0.00398 0.53095 0.00507 ( 3)
 164 A   0.42133 0.04194 0.48197 0.05475 ( 3)
 165 L   0.00001 0.44447 0.00001 0.55551 ( 4)
 166 Q   0.00082 0.43731 0.00094 0.56093 ( 4)
 167 G   0.07986 0.36245 0.09179 0.46590 ( 4)
 168 C   0.46272 0.00168 0.53346 0.00215 ( 3)
 169 T   0.29358 0.16155 0.33886 0.20601 ( 3)
 170 Q   0.04248 0.40457 0.04948 0.50346 ( 4)
 171 V   0.30161 0.15343 0.34589 0.19907 ( 3)
 172 Y   0.46120 0.00366 0.53044 0.00471 ( 3)
 173 E   0.00016 0.43775 0.00018 0.56192 ( 4)
 174 S   0.29779 0.15838 0.34717 0.19666 ( 3)
 175 S   0.03635 0.39839 0.04149 0.52377 ( 4)
 176 D   0.02679 0.42129 0.03129 0.52062 ( 4)
 177 E   0.43792 0.02536 0.50414 0.03257 ( 3)
 178 I   0.46125 0.00351 0.53073 0.00451 ( 3)
 179 P   0.46097 0.00315 0.53187 0.00402 ( 3)
 180 L   0.00562 0.43536 0.00650 0.55252 ( 4)
 181 D   0.19411 0.25950 0.22708 0.31931 ( 4)
 182 R   0.04858 0.40138 0.05660 0.49344 ( 4)
 183 T   0.00291 0.44876 0.00342 0.54490 ( 4)
 184 V   0.44556 0.01727 0.51525 0.02192 ( 3)
 185 P   0.42337 0.03552 0.49805 0.04305 ( 3)
 186 V   0.39654 0.06385 0.45857 0.08104 ( 3)
 187 A   0.02078 0.41036 0.02361 0.54524 ( 4)
 188 E   0.26794 0.18544 0.30846 0.23815 ( 3)
 189 S   0.21400 0.23579 0.24595 0.30426 ( 4)
 190 Y   0.46278 0.00217 0.53226 0.00279 ( 3)
 191 S   0.16799 0.00535 0.82412 0.00254 ( 3)
 192 H   0.45683 0.00311 0.53627 0.00379 ( 3)
 193 R   0.46198 0.00218 0.53306 0.00278 ( 3)
 194 L   0.44190 0.01845 0.51694 0.02271 ( 3)
 195 S   0.45352 0.00577 0.53372 0.00699 ( 3)
 196 H   0.44859 0.01551 0.51593 0.01997 ( 3)
 197 I   0.23634 0.21701 0.27445 0.27220 ( 3)
 198 T   0.42492 0.03411 0.49956 0.04142 ( 3)
 199 S   0.11888 0.20338 0.59065 0.08709 ( 3)
 200 H   0.02634 0.42729 0.03104 0.51533 ( 4)
 201 S   0.02376 0.41496 0.02731 0.53397 ( 4)
 202 F   0.43985 0.01978 0.51625 0.02412 ( 3)
 203 S   0.00148 0.45057 0.00175 0.54620 ( 4)
 204 K   0.46065 0.00441 0.52924 0.00570 ( 3)
 205 -   0.29097 0.16305 0.33249 0.21349 ( 3)
 206 -   0.12786 0.31439 0.14610 0.41165 ( 4)
 207 N   0.45933 0.00808 0.52186 0.01073 ( 3)
 208 G   0.17634 0.27080 0.20240 0.35046 ( 4)
 209 S   0.00019 0.43578 0.00022 0.56381 ( 4)
 210 A   0.00041 0.43981 0.00047 0.55931 ( 4)
 211 Y   0.00003 0.44408 0.00003 0.55586 ( 4)
 212 Y   0.44018 0.02564 0.50011 0.03407 ( 3)
 213 G   0.45058 0.01177 0.52284 0.01481 ( 3)
 214 S   0.17754 0.26945 0.20369 0.34932 ( 4)
 215 F   0.15825 0.29437 0.18512 0.36227 ( 4)
 216 P   0.46228 0.00190 0.53338 0.00243 ( 3)
 217 V   0.45510 0.00431 0.53537 0.00522 ( 3)
 218 F   0.46428 0.00117 0.53305 0.00151 ( 3)
 219 V   0.44940 0.01533 0.51538 0.01989 ( 3)
 220 W   0.40593 0.05265 0.47765 0.06377 ( 3)
 221 T   0.46001 0.00398 0.53095 0.00507 ( 3)
 222 H   0.46469 0.00094 0.53317 0.00121 ( 3)
 223 T   0.00023 0.45326 0.00027 0.54624 ( 4)
 224 S   0.46646 0.00051 0.53235 0.00068 ( 3)
 225 -   0.26855 0.18893 0.31848 0.22405 ( 3)
 226 -   0.26855 0.18893 0.31848 0.22405 ( 3)
 227 -   0.26855 0.18893 0.31848 0.22405 ( 3)
 228 -   0.26855 0.18893 0.31848 0.22405 ( 3)
 229 -   0.26855 0.18893 0.31848 0.22405 ( 3)
 230 -   0.26855 0.18893 0.31848 0.22405 ( 3)


lnL = -2784.937547

