Supplemental results for CODEML (seqf: algn  treef: tree)


dN/dS (w) for site classes (K=4)

site class             0        1       2a       2b
proportion       0.25075  0.55542  0.06029  0.13354
background w     0.08221  0.51935  0.08221  0.51935
foreground w     0.08221  0.51935 17.62984 17.62984

Naive Empirical Bayes (NEB) probabilities for 4 classes
(amino acids refer to 1st sequence: BT_Cry16Aa1)

   1 -   0.25177 0.55441 0.06053 0.13330 ( 2)
   2 -   0.06692 0.73925 0.01609 0.17774 ( 2)
   3 -   0.03425 0.77193 0.00823 0.18560 ( 2)
   4 -   0.63411 0.17207 0.15246 0.04137 ( 1)
   5 M   0.02700 0.77917 0.00649 0.18734 ( 2)
   6 Q   0.79563 0.01054 0.19129 0.00253 ( 1)
   7 T   0.97698 0.00663 0.01623 0.00016 ( 1)
   8 L   0.80964 0.12054 0.05882 0.01100 ( 1)
   9 T   0.95194 0.00016 0.04790 0.00001 ( 1)
  10 R   0.46572 0.00003 0.53421 0.00004 ( 3)
  11 K   0.96844 0.01625 0.01495 0.00036 ( 1)
  12 V   0.71540 0.26894 0.01045 0.00522 ( 1)
  13 Y   0.98649 0.00025 0.01326 0.00000 ( 1)
  14 S   0.93591 0.03971 0.02309 0.00129 ( 1)
  15 D   0.98642 0.00035 0.01322 0.00001 ( 1)
  16 P   0.98685 0.00634 0.00676 0.00006 ( 1)
  17 V   0.87769 0.10978 0.01069 0.00183 ( 1)
  18 N   0.97073 0.00891 0.02006 0.00029 ( 1)
  19 F   0.05518 0.90335 0.00197 0.03950 ( 2)
  20 I   0.25075 0.55542 0.06029 0.13354 ( 2)
  21 D   0.00307 0.98098 0.00004 0.01591 ( 2)
  22 E   0.05280 0.93959 0.00032 0.00728 ( 2)
  23 N   0.87044 0.12226 0.00614 0.00115 ( 1)
  24 I   0.00001 0.21277 0.00081 0.78641 ( 4)
  25 P   0.41553 0.57194 0.00483 0.00769 ( 2)
  26 I   0.70168 0.27983 0.01177 0.00673 ( 1)
  27 S   0.04241 0.94368 0.00048 0.01343 ( 2)
  28 E   0.41965 0.56138 0.00625 0.01273 ( 2)
  29 Y   0.98406 0.00127 0.01465 0.00003 ( 1)
  30 E   0.95174 0.03686 0.01082 0.00057 ( 1)
  31 K   0.04596 0.92317 0.00095 0.02993 ( 2)
  32 M   0.06986 0.92105 0.00049 0.00860 ( 2)
  33 Y   0.97820 0.00850 0.01315 0.00016 ( 1)
  34 N   0.92634 0.06028 0.01234 0.00104 ( 1)
  35 I   0.00844 0.96149 0.00024 0.02983 ( 2)
  36 S   0.00122 0.98547 0.00001 0.01330 ( 2)
  37 P   0.87755 0.11495 0.00647 0.00103 ( 1)
  38 E   0.00905 0.97149 0.00015 0.01930 ( 2)
  39 L   0.00037 0.28228 0.02754 0.68982 ( 4)
  40 F   0.98736 0.00060 0.01203 0.00001 ( 1)
  41 S   0.00007 0.91116 0.00004 0.08873 ( 2)
  42 T   0.01198 0.79115 0.01378 0.18309 ( 2)
  43 L   0.92236 0.00059 0.07699 0.00006 ( 1)
  44 F   0.00088 0.96907 0.00003 0.03002 ( 2)
  45 S   0.00001 0.95763 0.00000 0.04236 ( 2)
  46 I   0.00750 0.77529 0.01292 0.20429 ( 2)
  47 S   0.00300 0.97917 0.00004 0.01779 ( 2)
  48 F   0.71512 0.27262 0.00842 0.00383 ( 1)
  49 Y   0.90992 0.08043 0.00856 0.00110 ( 1)
  50 T   0.76433 0.22023 0.01099 0.00445 ( 1)
  51 N   0.00045 0.04199 0.24899 0.70856 ( 4)
  52 K   0.00016 0.02404 0.19627 0.77953 ( 4)
  53 S   0.00452 0.50442 0.02287 0.46819 ( 2)
  54 G   0.00073 0.84938 0.00066 0.14923 ( 2)
  55 -   0.01755 0.96871 0.00018 0.01355 ( 2)
  56 -   0.00119 0.19194 0.13759 0.66928 ( 4)
  57 -   0.32492 0.52632 0.04497 0.10379 ( 2)
  58 -   0.60646 0.29683 0.03101 0.06569 ( 1)
  59 -   0.25075 0.55542 0.06029 0.13354 ( 2)
  60 N   0.00006 0.32668 0.00351 0.66976 ( 4)
  61 K   0.00018 0.79531 0.00024 0.20428 ( 2)
  62 F   0.00237 0.49662 0.01252 0.48849 ( 2)
  63 L   0.97664 0.01409 0.00909 0.00018 ( 1)
  64 N   0.46829 0.51180 0.00778 0.01214 ( 2)
  65 G   0.99202 0.00150 0.00647 0.00001 ( 1)
  66 H   0.52479 0.44978 0.01085 0.01458 ( 1)
  67 V   0.00024 0.79387 0.00007 0.20582 ( 2)
  68 N   0.97575 0.00631 0.01782 0.00012 ( 1)
  69 R   0.01220 0.98246 0.00005 0.00529 ( 2)
  70 H   0.72627 0.25915 0.00976 0.00482 ( 1)
  71 V   0.00031 0.98785 0.00000 0.01184 ( 2)
  72 G   0.00005 0.94112 0.00002 0.05881 ( 2)
  73 T   0.07889 0.88620 0.00280 0.03211 ( 2)
  74 D   0.00001 0.56217 0.00006 0.43776 ( 2)
  75 L   0.00007 0.97833 0.00000 0.02160 ( 2)
  76 N   0.32685 0.66551 0.00219 0.00545 ( 2)
  77 Y   0.10008 0.81313 0.01151 0.07529 ( 2)
  78 N   0.00084 0.99077 0.00001 0.00839 ( 2)
  79 G   0.01405 0.95783 0.00029 0.02783 ( 2)
  80 L   0.46882 0.33735 0.11272 0.08111 ( 1)
  81 R   0.00074 0.95807 0.00002 0.04117 ( 2)
  82 E   0.51895 0.46651 0.00646 0.00809 ( 1)
  83 T   0.02946 0.96290 0.00018 0.00746 ( 2)
  84 H   0.00051 0.55943 0.00241 0.43766 ( 2)
  85 Y   0.00401 0.97212 0.00009 0.02377 ( 2)
  86 G   0.99294 0.00058 0.00648 0.00000 ( 1)
  87 N   0.03426 0.87641 0.01724 0.07209 ( 2)
  88 Y   0.03159 0.77458 0.00760 0.18623 ( 2)
  89 G   0.00467 0.95899 0.00016 0.03618 ( 2)
  90 S   0.00043 0.25203 0.03989 0.70765 ( 4)
  91 N   0.00020 0.03876 0.15358 0.80746 ( 4)
  92 Y   0.00004 0.01540 0.19209 0.79247 ( 4)
  93 E   0.00014 0.02072 0.19512 0.78402 ( 4)
  94 V   0.00492 0.63485 0.02004 0.34019 ( 2)
  95 E   0.00001 0.13949 0.00194 0.85857 ( 4)
  96 S   0.01786 0.79147 0.01990 0.17076 ( 2)
  97 M   0.00052 0.91781 0.00003 0.08163 ( 2)
  98 A   0.69882 0.21693 0.06110 0.02315 ( 1)
  99 F   0.44622 0.50694 0.02139 0.02544 ( 2)
 100 D   0.00609 0.97691 0.00008 0.01692 ( 2)
 101 D   0.38407 0.10285 0.48548 0.02759 ( 3)
 102 I   0.02652 0.95825 0.00030 0.01492 ( 2)
 103 -   0.25075 0.55542 0.06029 0.13354 ( 2)
 104 -   0.25075 0.55542 0.06029 0.13354 ( 2)
 105 -   0.25075 0.55542 0.06029 0.13354 ( 2)
 106 -   0.25075 0.55542 0.06029 0.13354 ( 2)
 107 -   0.36560 0.44057 0.08790 0.10593 ( 2)
 108 -   0.15653 0.64965 0.03763 0.15619 ( 2)
 109 K   0.02324 0.91807 0.00139 0.05730 ( 2)
 110 A   0.17427 0.80580 0.00274 0.01719 ( 2)
 111 Y   0.98633 0.00040 0.01326 0.00001 ( 1)
 112 S   0.14077 0.84449 0.00160 0.01314 ( 2)
 113 N   0.70536 0.28134 0.00859 0.00470 ( 1)
 114 N   0.10342 0.88750 0.00073 0.00835 ( 2)
 115 Y   0.04002 0.94570 0.00046 0.01383 ( 2)
 116 F   0.00062 0.21575 0.06835 0.71528 ( 4)
 117 N   0.75641 0.18792 0.04303 0.01265 ( 1)
 118 N   0.00900 0.79717 0.00216 0.19166 ( 2)
 119 T   0.00003 0.21607 0.00126 0.78265 ( 4)
 120 Q   0.00341 0.84932 0.00260 0.14467 ( 2)
 121 N   0.00042 0.31279 0.00597 0.68081 ( 4)
 122 N   0.00023 0.19585 0.03013 0.77380 ( 4)
 123 N   0.00465 0.80152 0.00112 0.19271 ( 2)
 124 P   0.01417 0.79200 0.00341 0.19042 ( 2)
 125 T   0.10691 0.69926 0.02570 0.16812 ( 2)
 126 -   0.25075 0.55542 0.06029 0.13354 ( 2)
 127 S   0.00684 0.98478 0.00005 0.00833 ( 2)
 128 V   0.00506 0.98968 0.00002 0.00524 ( 2)
 129 K   0.00422 0.78984 0.00525 0.20069 ( 2)
 130 S   0.00039 0.78427 0.00057 0.21477 ( 2)
 131 I   0.63654 0.35562 0.00449 0.00335 ( 1)
 132 K   0.09639 0.88947 0.00128 0.01286 ( 2)
 133 F   0.00776 0.98300 0.00005 0.00919 ( 2)
 134 L   0.00447 0.96990 0.00011 0.02552 ( 2)
 135 I   0.00550 0.98518 0.00004 0.00928 ( 2)
 136 T   0.00003 0.94163 0.00000 0.05834 ( 2)
 137 K   0.00049 0.95718 0.00002 0.04231 ( 2)
 138 N   0.02381 0.95646 0.00034 0.01938 ( 2)
 139 N   0.00003 0.23693 0.00174 0.76130 ( 4)
 140 D   0.13077 0.85702 0.00122 0.01100 ( 2)
 141 E   0.03527 0.95541 0.00026 0.00906 ( 2)
 142 W   0.00004 0.17060 0.00587 0.82350 ( 4)
 143 I   0.00000 0.80980 0.00000 0.19019 ( 2)
 144 Y   0.00092 0.28875 0.06429 0.64604 ( 4)
 145 G   0.27466 0.71255 0.00284 0.00996 ( 2)
 146 E   0.80222 0.19102 0.00523 0.00153 ( 1)
 147 P   0.00046 0.44873 0.00566 0.54515 ( 4)
 148 D   0.00000 0.11394 0.00020 0.88586 ( 4)
 149 S   0.00000 0.04450 0.00004 0.95546 ( 4)
 150 S   0.04526 0.72230 0.05354 0.17891 ( 2)
 151 N   0.00003 0.01763 0.11169 0.87064 ( 4)
 152 I   0.00000 0.01493 0.00431 0.98076 ( 4)
 153 D   0.10114 0.70503 0.02432 0.16951 ( 2)
 154 F   0.03244 0.77374 0.00780 0.18603 ( 2)
 155 T   0.02969 0.77648 0.00714 0.18669 ( 2)
 156 R   0.27622 0.52996 0.06641 0.12742 ( 2)
 157 N   0.29937 0.50680 0.07198 0.12185 ( 2)
 158 I   0.15177 0.65440 0.03649 0.15734 ( 2)
 159 -   0.00023 0.74278 0.00034 0.25665 ( 2)
 160 -   0.00016 0.24547 0.00720 0.74717 ( 4)
 161 -   0.11801 0.57681 0.14942 0.15577 ( 2)
 162 -   0.00048 0.98968 0.00000 0.00983 ( 2)
 163 -   0.01440 0.95431 0.00038 0.03090 ( 2)
 164 -   0.02304 0.96533 0.00021 0.01143 ( 2)
 165 -   0.00005 0.80197 0.00003 0.19795 ( 2)
 166 -   0.01874 0.97290 0.00013 0.00823 ( 2)
 167 -   0.28253 0.52365 0.06793 0.12590 ( 2)
 168 -   0.36766 0.43851 0.08840 0.10543 ( 2)
 169 Q   0.00231 0.98516 0.00002 0.01251 ( 2)
 170 G   0.00131 0.29652 0.08933 0.61283 ( 4)
 171 Y   0.01632 0.97209 0.00017 0.01143 ( 2)
 172 L   0.00008 0.34739 0.00451 0.64802 ( 4)
 173 S   0.00000 0.02497 0.00097 0.97407 ( 4)
 174 N   0.00010 0.96017 0.00000 0.03973 ( 2)
 175 L   0.96276 0.02274 0.01406 0.00044 ( 1)
 176 N   0.05710 0.91198 0.00118 0.02974 ( 2)
 177 N   0.00267 0.25181 0.18912 0.55639 ( 4)
 178 E   0.00057 0.25073 0.05214 0.69656 ( 4)
 179 S   0.94522 0.03414 0.01954 0.00111 ( 1)
 180 Y   0.02583 0.96101 0.00024 0.01293 ( 2)
 181 T   0.61077 0.37290 0.00878 0.00755 ( 1)
 182 H   0.99114 0.00023 0.00863 0.00000 ( 1)
 183 S   0.00133 0.98817 0.00001 0.01049 ( 2)
 184 L   0.98454 0.00607 0.00932 0.00007 ( 1)
 185 S   0.98018 0.00830 0.01140 0.00011 ( 1)
 186 D   0.98451 0.00082 0.01465 0.00002 ( 1)
 187 M   0.04973 0.93148 0.00073 0.01807 ( 2)
 188 I   0.98221 0.00145 0.01631 0.00003 ( 1)
 189 L   0.63525 0.35707 0.00444 0.00324 ( 1)
 190 A   0.01408 0.79209 0.00339 0.19044 ( 2)
 191 N   0.00632 0.79985 0.00152 0.19231 ( 2)
 192 N   0.57522 0.23095 0.13830 0.05553 ( 1)
 193 D   0.03759 0.76859 0.00904 0.18479 ( 2)
 194 K   0.59834 0.20783 0.14386 0.04997 ( 1)
 195 -   0.27295 0.53322 0.06563 0.12820 ( 2)
 196 I   0.02270 0.78347 0.00546 0.18837 ( 2)
 197 Q   0.07140 0.73477 0.01717 0.17666 ( 2)
 198 I   0.00122 0.80495 0.00029 0.19354 ( 2)
 199 N   0.00111 0.80506 0.00027 0.19356 ( 2)
 200 I   0.08693 0.71924 0.02090 0.17293 ( 2)
 201 D   0.01252 0.97981 0.00008 0.00759 ( 2)
 202 T   0.03006 0.96206 0.00020 0.00768 ( 2)
 203 P   0.89750 0.08131 0.01855 0.00264 ( 1)
 204 H   0.03795 0.95219 0.00033 0.00953 ( 2)
 205 S   0.02059 0.91732 0.00119 0.06089 ( 2)
 206 Y   0.98664 0.00168 0.01166 0.00002 ( 1)
 207 S   0.67462 0.31555 0.00609 0.00374 ( 1)
 208 Y   0.99065 0.00013 0.00922 0.00000 ( 1)
 209 S   0.57827 0.41061 0.00586 0.00526 ( 1)
 210 W   0.92912 0.04668 0.02297 0.00123 ( 1)
 211 I   0.97572 0.01004 0.01403 0.00020 ( 1)
 212 Y   0.97552 0.01579 0.00850 0.00020 ( 1)
 213 K   0.00011 0.12451 0.02765 0.84773 ( 4)
 214 -   0.01848 0.97159 0.00020 0.00972 ( 2)
 215 -   0.48671 0.31947 0.11702 0.07681 ( 1)
 216 -   0.18575 0.62043 0.04466 0.14917 ( 2)
 217 -   0.62712 0.17905 0.15078 0.04305 ( 1)
 218 -   0.11348 0.69269 0.02729 0.16654 ( 2)
 219 -   0.10484 0.70133 0.02521 0.16862 ( 2)
 220 -   0.32146 0.48471 0.07729 0.11654 ( 2)
 221 -   0.12042 0.68575 0.02895 0.16488 ( 2)
 222 -   0.25247 0.55370 0.06070 0.13313 ( 2)
 223 -   0.25075 0.55542 0.06029 0.13354 ( 2)
 224 -   0.25075 0.55542 0.06029 0.13354 ( 2)
 225 -   0.23599 0.57019 0.05674 0.13709 ( 2)


lnL = -5242.139688

