Supplemental results for CODEML (seqf: algn  treef: tree)


dN/dS (w) for site classes (K=4)

site class             0        1       2a       2b
proportion       0.62127  0.32379  0.03612  0.01883
background w     0.20229  4.23594  0.20229  4.23594
foreground w     0.20229  4.23594 17.52452 17.52452

Naive Empirical Bayes (NEB) probabilities for 4 classes
(amino acids refer to 1st sequence: BT_Cry1Be1)

   1 -   0.62127 0.32379 0.03612 0.01883 ( 1)
   2 -   0.99494 0.00232 0.00268 0.00005 ( 1)
   3 -   0.99236 0.00476 0.00280 0.00009 ( 1)
   4 S   0.99463 0.00095 0.00438 0.00003 ( 1)
   5 D   0.88429 0.06489 0.04774 0.00308 ( 1)
   6 S   0.00018 0.96354 0.00000 0.03627 ( 2)
   7 I   0.99450 0.00018 0.00531 0.00001 ( 1)
   8 T   0.99581 0.00018 0.00400 0.00001 ( 1)
   9 Q   0.99422 0.00297 0.00274 0.00007 ( 1)
  10 I   0.99512 0.00022 0.00465 0.00001 ( 1)
  11 P   0.93732 0.00151 0.06112 0.00005 ( 1)
  12 L   0.95092 0.04379 0.00356 0.00173 ( 1)
  13 V   0.99434 0.00115 0.00446 0.00004 ( 1)
  14 K   0.99687 0.00006 0.00307 0.00000 ( 1)
  15 S   0.00022 0.93389 0.00003 0.06586 ( 2)
  16 F   0.98711 0.00056 0.01228 0.00004 ( 1)
  17 N   0.00226 0.95681 0.00015 0.04077 ( 2)
  18 L   0.00050 0.88857 0.00688 0.10405 ( 2)
  19 N   0.00753 0.60458 0.31604 0.07185 ( 2)
  20 S   0.00086 0.94419 0.00005 0.05490 ( 2)
  21 G   0.82247 0.12259 0.04782 0.00713 ( 1)
  22 T   0.00885 0.93621 0.00051 0.05443 ( 2)
  23 S   0.00000 0.93290 0.00000 0.06709 ( 2)
  24 V   0.07626 0.87112 0.00862 0.04401 ( 2)
  25 V   0.00003 0.90026 0.00015 0.09956 ( 2)
  26 S   0.97422 0.02425 0.00128 0.00025 ( 1)
  27 G   0.99704 0.00024 0.00272 0.00001 ( 1)
  28 P   0.99074 0.00024 0.00900 0.00002 ( 1)
  29 G   0.99710 0.00019 0.00270 0.00001 ( 1)
  30 F   0.99709 0.00003 0.00287 0.00000 ( 1)
  31 T   0.99477 0.00044 0.00478 0.00002 ( 1)
  32 G   0.99117 0.00241 0.00634 0.00009 ( 1)
  33 G   0.99708 0.00021 0.00271 0.00001 ( 1)
  34 D   0.99707 0.00003 0.00290 0.00000 ( 1)
  35 I   0.99533 0.00190 0.00272 0.00004 ( 1)
  36 I   0.01151 0.83795 0.05892 0.09162 ( 2)
  37 R   0.02359 0.92974 0.00241 0.04426 ( 2)
  38 T   0.00057 0.90437 0.00364 0.09142 ( 2)
  39 N   0.00174 0.94749 0.00057 0.05021 ( 2)
  40 V   0.77216 0.18303 0.03416 0.01065 ( 1)
  41 -   0.62127 0.32379 0.03612 0.01883 ( 1)
  42 N   0.00103 0.94373 0.00041 0.05483 ( 2)
  43 G   0.41756 0.54262 0.00586 0.03396 ( 2)
  44 S   0.00000 0.91128 0.00000 0.08872 ( 2)
  45 V   0.00385 0.52625 0.38669 0.08321 ( 2)
  46 L   0.00032 0.93179 0.00002 0.06787 ( 2)
  47 S   0.12005 0.84056 0.00615 0.03324 ( 2)
  48 M   0.99440 0.00274 0.00277 0.00009 ( 1)
  49 G   0.60373 0.35072 0.03047 0.01508 ( 1)
  50 L   0.99695 0.00009 0.00296 0.00000 ( 1)
  51 N   0.83060 0.14850 0.01586 0.00504 ( 1)
  52 F   0.46361 0.37806 0.14434 0.01399 ( 1)
  53 N   0.11878 0.84853 0.00075 0.03194 ( 2)
  54 N   0.89811 0.09615 0.00456 0.00118 ( 1)
  55 T   0.00347 0.95028 0.00013 0.04612 ( 2)
  56 -   0.88045 0.11172 0.00304 0.00478 ( 1)
  57 S   0.96962 0.02843 0.00165 0.00030 ( 1)
  58 L   0.99552 0.00164 0.00281 0.00003 ( 1)
  59 Q   0.87620 0.11402 0.00517 0.00460 ( 1)
  60 R   0.88817 0.06640 0.04192 0.00351 ( 1)
  61 Y   0.99690 0.00011 0.00298 0.00000 ( 1)
  62 R   0.93580 0.00507 0.05894 0.00019 ( 1)
  63 V   0.99399 0.00048 0.00551 0.00002 ( 1)
  64 R   0.99848 0.00025 0.00126 0.00001 ( 1)
  65 V   0.82515 0.08964 0.08181 0.00340 ( 1)
  66 R   0.99875 0.00003 0.00122 0.00000 ( 1)
  67 Y   0.99744 0.00005 0.00251 0.00000 ( 1)
  68 A   0.88349 0.00486 0.11147 0.00018 ( 1)
  69 A   0.29832 0.03765 0.66218 0.00186 ( 3)
  70 S   0.22885 0.45086 0.28664 0.03365 ( 2)
  71 Q   0.99532 0.00139 0.00324 0.00005 ( 1)
  72 T   0.04844 0.89291 0.00748 0.05117 ( 2)
  73 M   0.30668 0.15922 0.52681 0.00728 ( 3)
  74 V   0.64886 0.29619 0.03773 0.01722 ( 1)
  75 L   0.09803 0.84702 0.00570 0.04925 ( 2)
  76 R   0.66930 0.27575 0.03891 0.01603 ( 1)
  77 V   0.00025 0.94480 0.00001 0.05493 ( 2)
  78 T   0.00036 0.94470 0.00002 0.05493 ( 2)
  79 V   0.00086 0.94419 0.00005 0.05490 ( 2)
  80 G   0.04519 0.89986 0.00263 0.05232 ( 2)
  81 G   0.99430 0.00256 0.00311 0.00002 ( 1)
  82 S   0.00033 0.85856 0.01074 0.13038 ( 2)
  83 T   0.96567 0.02548 0.00795 0.00090 ( 1)
  84 T   0.95387 0.03918 0.00556 0.00139 ( 1)
  85 F   0.91298 0.00180 0.08514 0.00008 ( 1)
  86 D   0.42423 0.50991 0.04410 0.02175 ( 2)
  87 Q   0.99422 0.00297 0.00274 0.00007 ( 1)
  88 G   0.99393 0.00292 0.00312 0.00003 ( 1)
  89 -   0.99578 0.00026 0.00395 0.00001 ( 1)
  90 -   0.06109 0.60783 0.27917 0.05191 ( 2)
  91 -   0.00038 0.92841 0.00003 0.07119 ( 2)
  92 F   0.98711 0.00056 0.01228 0.00004 ( 1)
  93 P   0.99840 0.00013 0.00147 0.00000 ( 1)
  94 S   0.00045 0.93900 0.00241 0.05814 ( 2)
  95 T   0.99529 0.00013 0.00458 0.00001 ( 1)
  96 M   0.00223 0.96301 0.00008 0.03468 ( 2)
  97 S   0.15502 0.50897 0.30352 0.03249 ( 2)
  98 A   0.00257 0.92684 0.00049 0.07010 ( 2)
  99 N   0.98630 0.00615 0.00727 0.00028 ( 1)
 100 E   0.96101 0.03281 0.00479 0.00139 ( 1)
 101 S   0.88843 0.05813 0.05136 0.00208 ( 1)
 102 L   0.96219 0.00112 0.03664 0.00006 ( 1)
 103 T   0.00453 0.94908 0.00008 0.04632 ( 2)
 104 S   0.02660 0.89395 0.04071 0.03874 ( 2)
 105 Q   0.00000 0.93673 0.00000 0.06327 ( 2)
 106 S   0.99499 0.00081 0.00416 0.00004 ( 1)
 107 F   0.00001 0.87495 0.00013 0.12492 ( 2)
 108 R   0.97142 0.02664 0.00158 0.00035 ( 1)
 109 F   0.99721 0.00019 0.00260 0.00001 ( 1)
 110 A   0.95861 0.00388 0.03732 0.00018 ( 1)
 111 E   0.97327 0.02514 0.00126 0.00033 ( 1)
 112 F   0.99709 0.00003 0.00287 0.00000 ( 1)
 113 P   0.94677 0.04822 0.00323 0.00179 ( 1)
 114 V   0.99593 0.00020 0.00386 0.00001 ( 1)
 115 -   0.87206 0.04304 0.08327 0.00163 ( 1)
 116 -   0.99119 0.00737 0.00138 0.00006 ( 1)
 117 -   0.99791 0.00038 0.00169 0.00001 ( 1)
 118 -   0.00098 0.96831 0.00127 0.02943 ( 2)
 119 -   0.99569 0.00148 0.00279 0.00004 ( 1)
 120 -   0.99462 0.00062 0.00473 0.00003 ( 1)
 121 G   0.99583 0.00075 0.00340 0.00002 ( 1)
 122 I   0.42425 0.55537 0.00148 0.01889 ( 2)
 123 S   0.99365 0.00099 0.00532 0.00005 ( 1)
 124 A   0.98705 0.00721 0.00543 0.00032 ( 1)
 125 S   0.99485 0.00073 0.00439 0.00003 ( 1)
 126 G   0.85909 0.13793 0.00139 0.00158 ( 1)
 127 S   0.99686 0.00149 0.00163 0.00002 ( 1)
 128 Q   0.62451 0.34349 0.01233 0.01967 ( 1)
 129 T   0.96096 0.03103 0.00706 0.00095 ( 1)
 130 A   0.00370 0.83840 0.08573 0.07217 ( 2)
 131 G   0.99313 0.00115 0.00567 0.00005 ( 1)
 132 -   0.62127 0.32379 0.03612 0.01883 ( 1)
 133 I   0.92959 0.00312 0.06716 0.00012 ( 1)
 134 S   0.74388 0.03280 0.22058 0.00275 ( 1)
 135 I   0.00448 0.90257 0.02801 0.06494 ( 2)
 136 S   0.55918 0.28899 0.12325 0.02859 ( 1)
 137 N   0.00153 0.94679 0.00112 0.05057 ( 2)
 138 N   0.00255 0.91437 0.00388 0.07920 ( 2)
 139 A   0.00006 0.94472 0.00054 0.05467 ( 2)
 140 G   0.38070 0.59432 0.00116 0.02382 ( 2)
 141 R   0.19311 0.62391 0.15306 0.02992 ( 2)
 142 Q   0.00000 0.93714 0.00000 0.06286 ( 2)
 143 T   0.05520 0.92090 0.00071 0.02319 ( 2)
 144 F   0.99709 0.00003 0.00287 0.00000 ( 1)
 145 H   0.99713 0.00023 0.00263 0.00001 ( 1)
 146 F   0.98686 0.01088 0.00210 0.00016 ( 1)
 147 D   0.99590 0.00065 0.00342 0.00003 ( 1)
 148 K   0.99570 0.00142 0.00284 0.00005 ( 1)
 149 I   0.98848 0.00993 0.00152 0.00007 ( 1)
 150 E   0.99755 0.00004 0.00240 0.00000 ( 1)
 151 F   0.97541 0.02082 0.00321 0.00055 ( 1)
 152 I   0.91323 0.03183 0.05310 0.00185 ( 1)


lnL = -2211.027419

