Supplemental results for CODEML (seqf: algn  treef: tree)


dN/dS (w) for site classes (K=4)

site class             0        1       2a       2b
proportion       0.41929  0.23231  0.22419  0.12421
background w     0.06388  1.00000  0.06388  1.00000
foreground w     0.06388  1.00000  1.00000  1.00000

Naive Empirical Bayes (NEB) probabilities for 4 classes
(amino acids refer to 1st sequence: BT_Cry30Aa1)

   1 -   0.43326 0.21834 0.23166 0.11675 ( 1)
   2 -   0.42139 0.23021 0.22531 0.12309 ( 1)
   3 -   0.43227 0.21933 0.23113 0.11727 ( 1)
   4 -   0.43411 0.21749 0.23211 0.11629 ( 1)
   5 R   0.00251 0.63560 0.02203 0.33985 ( 2)
   6 I   0.68576 0.05985 0.22238 0.03200 ( 1)
   7 T   0.14223 0.01912 0.82842 0.01023 ( 3)
   8 Q   0.71636 0.00234 0.28005 0.00125 ( 1)
   9 I   0.69444 0.05272 0.22466 0.02819 ( 1)
  10 P   0.66490 0.00360 0.32958 0.00192 ( 1)
  11 A   0.69956 0.00283 0.29610 0.00151 ( 1)
  12 V   0.67000 0.00339 0.32480 0.00181 ( 1)
  13 K   0.75552 0.00179 0.24173 0.00096 ( 1)
  14 A   0.08450 0.57497 0.03310 0.30743 ( 2)
  15 Y   0.00006 0.65141 0.00024 0.34830 ( 2)
  16 S   0.00001 0.65156 0.00005 0.34838 ( 2)
  17 L   0.71074 0.02055 0.25772 0.01099 ( 1)
  18 T   0.00004 0.64834 0.00496 0.34666 ( 2)
  19 S   0.14494 0.52887 0.04341 0.28278 ( 2)
  20 P   0.03291 0.18716 0.67985 0.10007 ( 3)
  21 -   0.00466 0.46804 0.27704 0.25026 ( 2)
  22 -   0.07186 0.39383 0.32374 0.21057 ( 2)
  23 -   0.07603 0.39064 0.32446 0.20887 ( 2)
  24 -   0.00176 0.49846 0.23326 0.26652 ( 2)
  25 -   0.41929 0.23231 0.22419 0.12421 ( 1)
  26 A   0.12452 0.05186 0.79589 0.02773 ( 3)
  27 R   0.01360 0.61846 0.03726 0.33068 ( 2)
  28 V   0.74015 0.00319 0.25495 0.00171 ( 1)
  29 I   0.75226 0.00285 0.24337 0.00152 ( 1)
  30 V   0.02823 0.62732 0.00903 0.33542 ( 2)
  31 G   0.66642 0.00435 0.32691 0.00232 ( 1)
  32 P   0.60312 0.04848 0.32248 0.02592 ( 1)
  33 G   0.12865 0.15516 0.63322 0.08296 ( 3)
  34 H   0.15360 0.00612 0.83700 0.00327 ( 3)
  35 T   0.70158 0.00456 0.29143 0.00244 ( 1)
  36 G   0.73592 0.00298 0.25951 0.00159 ( 1)
  37 G   0.66643 0.00352 0.32817 0.00188 ( 1)
  38 D   0.29896 0.01677 0.67530 0.00897 ( 3)
  39 L   0.70120 0.00712 0.28788 0.00381 ( 1)
  40 V   0.66605 0.01379 0.31280 0.00737 ( 1)
  41 A   0.10192 0.31810 0.40989 0.17009 ( 3)
  42 L   0.73129 0.01079 0.25216 0.00577 ( 1)
  43 L   0.69961 0.00858 0.28722 0.00459 ( 1)
  44 -   0.57058 0.16069 0.18281 0.08592 ( 1)
  45 -   0.06988 0.39929 0.31733 0.21349 ( 2)
  46 -   0.56085 0.16458 0.18657 0.08800 ( 1)
  47 -   0.46877 0.20765 0.21255 0.11103 ( 1)
  48 -   0.56092 0.16468 0.18635 0.08805 ( 1)
  49 -   0.53669 0.17560 0.19382 0.09389 ( 1)
  50 N   0.68320 0.01444 0.29465 0.00772 ( 1)
  51 S   0.00001 0.65155 0.00006 0.34837 ( 2)
  52 G   0.00001 0.65153 0.00010 0.34836 ( 2)
  53 T   0.01679 0.57329 0.10338 0.30653 ( 2)
  54 Q   0.00039 0.63849 0.01974 0.34139 ( 2)
  55 S   0.01316 0.64000 0.00464 0.34220 ( 2)
  56 G   0.69301 0.00232 0.30343 0.00124 ( 1)
  57 T   0.00100 0.65070 0.00038 0.34792 ( 2)
  58 M   0.74876 0.00941 0.23680 0.00503 ( 1)
  59 Q   0.42223 0.25479 0.18675 0.13623 ( 1)
  60 I   0.50925 0.15982 0.24547 0.08546 ( 1)
  61 Q   0.05129 0.43799 0.27654 0.23419 ( 2)
  62 C   0.13313 0.08071 0.74301 0.04315 ( 3)
  63 K   0.67147 0.05594 0.24268 0.02991 ( 1)
  64 T   0.74904 0.01768 0.22382 0.00946 ( 1)
  65 G   0.47860 0.21448 0.19224 0.11468 ( 1)
  66 S   0.67350 0.07167 0.21650 0.03832 ( 1)
  67 F   0.36947 0.28213 0.19755 0.15085 ( 1)
  68 T   0.63301 0.01859 0.33846 0.00994 ( 1)
  69 G   0.26321 0.38838 0.14074 0.20766 ( 2)
  70 P   0.00240 0.63878 0.01726 0.34155 ( 2)
  71 S   0.14082 0.52543 0.05282 0.28094 ( 2)
  72 R   0.69597 0.02060 0.27242 0.01101 ( 1)
  73 Q   0.27157 0.42043 0.08320 0.22480 ( 2)
  74 Y   0.66699 0.00291 0.32854 0.00155 ( 1)
  75 G   0.62940 0.03608 0.31524 0.01929 ( 1)
  76 L   0.66493 0.08141 0.21013 0.04353 ( 1)
  77 R   0.70806 0.01104 0.27500 0.00590 ( 1)
  78 M   0.25359 0.42936 0.08747 0.22957 ( 2)
  79 R   0.68805 0.00519 0.30398 0.00278 ( 1)
  80 Y   0.73271 0.00185 0.26445 0.00099 ( 1)
  81 A   0.66986 0.00324 0.32516 0.00173 ( 1)
  82 A   0.73931 0.00313 0.25588 0.00168 ( 1)
  83 N   0.75959 0.00304 0.23575 0.00163 ( 1)
  84 S   0.65729 0.08614 0.21051 0.04606 ( 1)
  85 A   0.28972 0.40016 0.09616 0.21396 ( 2)
  86 F   0.24479 0.43900 0.08149 0.23473 ( 2)
  87 T   0.60851 0.11175 0.21998 0.05975 ( 1)
  88 V   0.58938 0.13513 0.20323 0.07225 ( 1)
  89 S   0.74825 0.01480 0.22903 0.00792 ( 1)
  90 L   0.68521 0.05113 0.23633 0.02734 ( 1)
  91 S   0.70459 0.03405 0.24315 0.01821 ( 1)
  92 Y   0.62029 0.10056 0.22538 0.05377 ( 1)
  93 T   0.01331 0.63953 0.00521 0.34195 ( 2)
  94 L   0.07382 0.58806 0.02369 0.31443 ( 2)
  95 L   0.00001 0.65159 0.00000 0.34840 ( 2)
  96 -   0.56421 0.08739 0.30168 0.04673 ( 1)
  97 G   0.65628 0.01419 0.32194 0.00759 ( 1)
  98 Q   0.00011 0.65150 0.00005 0.34835 ( 2)
  99 T   0.13746 0.53521 0.04115 0.28617 ( 2)
 100 R   0.00000 0.65160 0.00000 0.34840 ( 2)
 101 G   0.43139 0.28628 0.12927 0.15307 ( 1)
 102 T   0.00903 0.64290 0.00432 0.34375 ( 2)
 103 S   0.20445 0.47241 0.07055 0.25259 ( 2)
 104 F   0.71636 0.02393 0.24691 0.01280 ( 1)
 105 V   0.00001 0.65159 0.00000 0.34840 ( 2)
 106 T   0.63575 0.08692 0.23086 0.04647 ( 1)
 107 E   0.74715 0.00184 0.25003 0.00098 ( 1)
 108 N   0.02398 0.63094 0.00772 0.33736 ( 2)
 109 T   0.75286 0.00378 0.24134 0.00202 ( 1)
 110 F   0.13556 0.00771 0.85261 0.00412 ( 3)
 111 S   0.24478 0.43422 0.08884 0.23217 ( 2)
 112 R   0.71713 0.00908 0.26893 0.00485 ( 1)
 113 S   0.00024 0.65087 0.00088 0.34801 ( 2)
 114 N   0.72822 0.00571 0.26302 0.00305 ( 1)
 115 N   0.69672 0.00183 0.30048 0.00098 ( 1)
 116 I   0.43140 0.22020 0.23066 0.11774 ( 1)
 117 I   0.63192 0.01968 0.33788 0.01052 ( 1)
 118 P   0.60434 0.04725 0.32313 0.02527 ( 1)
 119 T   0.61544 0.03616 0.32907 0.01933 ( 1)
 120 D   0.76213 0.00111 0.23617 0.00060 ( 1)
 121 L   0.70098 0.00732 0.28779 0.00391 ( 1)
 122 K   0.31170 0.02467 0.65044 0.01319 ( 3)
 123 Y   0.69560 0.01370 0.28337 0.00733 ( 1)
 124 E   0.14584 0.12652 0.65999 0.06765 ( 3)
 125 E   0.71263 0.04322 0.22104 0.02311 ( 1)
 126 F   0.67868 0.00167 0.31876 0.00089 ( 1)
 127 K   0.70911 0.00882 0.27736 0.00471 ( 1)
 128 Y   0.13609 0.00720 0.85287 0.00385 ( 3)
 129 K   0.69459 0.04844 0.23108 0.02590 ( 1)
 130 D   0.00124 0.62592 0.03817 0.33467 ( 2)
 131 Y   0.51454 0.15094 0.25381 0.08071 ( 1)
 132 L   0.00000 0.65159 0.00000 0.34840 ( 2)
 133 Q   0.51433 0.21034 0.16286 0.11247 ( 1)
 134 I   0.67635 0.00393 0.31762 0.00210 ( 1)
 135 I   0.74032 0.00746 0.24823 0.00399 ( 1)
 136 T   0.71072 0.01946 0.25942 0.01040 ( 1)
 137 M   0.09006 0.57072 0.03406 0.30516 ( 2)
 138 T   0.27793 0.39605 0.11425 0.21176 ( 2)
 139 L   0.00221 0.64944 0.00109 0.34725 ( 2)
 140 P   0.51336 0.19897 0.18128 0.10639 ( 1)
 141 A   0.00577 0.64651 0.00204 0.34568 ( 2)
 142 N   0.73262 0.01412 0.24572 0.00755 ( 1)
 143 T   0.74904 0.01768 0.22382 0.00946 ( 1)
 144 I   0.55136 0.12021 0.26415 0.06428 ( 1)
 145 I   0.43712 0.24978 0.17954 0.13356 ( 1)
 146 T   0.65731 0.06850 0.23756 0.03663 ( 1)
 147 I   0.64054 0.02363 0.32320 0.01264 ( 1)
 148 S   0.00053 0.65110 0.00024 0.34813 ( 2)
 149 M   0.02369 0.56948 0.10233 0.30450 ( 2)
 150 Q   0.00000 0.65159 0.00001 0.34840 ( 2)
 151 Q   0.35416 0.30880 0.17192 0.16511 ( 1)
 152 A   0.00016 0.65147 0.00005 0.34833 ( 2)
 153 T   0.00148 0.65033 0.00045 0.34773 ( 2)
 154 G   0.00022 0.65140 0.00008 0.34830 ( 2)
 155 L   0.00000 0.65160 0.00000 0.34840 ( 2)
 156 L   0.00569 0.64629 0.00245 0.34556 ( 2)
 157 N   0.75959 0.00304 0.23575 0.00163 ( 1)
 158 N   0.00652 0.64589 0.00225 0.34535 ( 2)
 159 Q   0.64614 0.10464 0.19327 0.05595 ( 1)
 160 L   0.59624 0.07475 0.28905 0.03997 ( 1)
 161 I   0.75661 0.00279 0.23910 0.00149 ( 1)
 162 I   0.64867 0.02044 0.31996 0.01093 ( 1)
 163 D   0.68081 0.00831 0.30643 0.00445 ( 1)
 164 R   0.74842 0.00756 0.23997 0.00404 ( 1)
 165 I   0.73655 0.01999 0.23277 0.01069 ( 1)
 166 E   0.74753 0.00151 0.25016 0.00081 ( 1)
 167 F   0.64667 0.03232 0.30372 0.01728 ( 1)
 168 Y   0.18241 0.48443 0.07414 0.25902 ( 2)
 169 P   0.72154 0.00390 0.27247 0.00209 ( 1)


lnL = -2298.464828

