Supplemental results for CODEML (seqf: algn  treef: tree)


dN/dS (w) for site classes (K=4)

site class             0        1       2a       2b
proportion       0.47190  0.50052  0.01338  0.01419
background w     0.11468  1.00000  0.11468  1.00000
foreground w     0.11468  1.00000  1.00000  1.00000

Naive Empirical Bayes (NEB) probabilities for 4 classes
(amino acids refer to 1st sequence: BT_Cry4Ba1)

   1 Y   0.49902 0.47482 0.01269 0.01346 ( 1)
   2 T   0.63626 0.34475 0.00922 0.00978 ( 1)
   3 D   0.65992 0.32232 0.00862 0.00914 ( 1)
   4 A   0.00612 0.94198 0.02519 0.02671 ( 2)
   5 I   0.96501 0.03316 0.00089 0.00094 ( 1)
   6 T   0.95356 0.04401 0.00118 0.00125 ( 1)
   7 Q   0.83419 0.15715 0.00420 0.00446 ( 1)
   8 V   0.97373 0.02490 0.00067 0.00071 ( 1)
   9 P   0.21766 0.74148 0.01982 0.02103 ( 2)
  10 A   0.97275 0.02582 0.00069 0.00073 ( 1)
  11 V   0.94900 0.04834 0.00129 0.00137 ( 1)
  12 K   0.67104 0.31178 0.00834 0.00884 ( 1)
  13 S   0.38530 0.58261 0.01558 0.01652 ( 2)
  14 N   0.02817 0.92109 0.02463 0.02612 ( 2)
  15 F   0.00006 0.94772 0.02534 0.02688 ( 2)
  16 L   0.51682 0.45795 0.01224 0.01299 ( 1)
  17 N   0.38969 0.57844 0.01547 0.01640 ( 2)
  18 A   0.13500 0.81983 0.02192 0.02325 ( 2)
  19 T   0.01523 0.93335 0.02495 0.02647 ( 2)
  20 A   0.00429 0.94372 0.02523 0.02676 ( 2)
  21 K   0.00048 0.94733 0.02533 0.02686 ( 2)
  22 V   0.97598 0.02277 0.00061 0.00065 ( 1)
  23 I   0.96501 0.03316 0.00089 0.00094 ( 1)
  24 K   0.02272 0.92625 0.02476 0.02627 ( 2)
  25 G   0.98003 0.01893 0.00051 0.00054 ( 1)
  26 P   0.98437 0.01481 0.00040 0.00042 ( 1)
  27 G   0.97824 0.02063 0.00055 0.00058 ( 1)
  28 H   0.62654 0.35396 0.00946 0.01004 ( 1)
  29 T   0.97034 0.02812 0.00075 0.00080 ( 1)
  30 G   0.97227 0.02628 0.00070 0.00075 ( 1)
  31 G   0.95716 0.04060 0.00109 0.00115 ( 1)
  32 D   0.99053 0.00897 0.00024 0.00025 ( 1)
  33 L   0.95144 0.04602 0.00123 0.00131 ( 1)
  34 V   0.97358 0.02504 0.00067 0.00071 ( 1)
  35 A   0.52993 0.44552 0.01191 0.01263 ( 1)
  36 L   0.19853 0.75962 0.02031 0.02154 ( 2)
  37 T   0.01818 0.93055 0.02488 0.02639 ( 2)
  38 S   0.00434 0.94367 0.02523 0.02676 ( 2)
  39 N   0.96622 0.03202 0.00086 0.00091 ( 1)
  40 G   0.87667 0.11689 0.00313 0.00331 ( 1)
  41 T   0.72436 0.26125 0.00698 0.00741 ( 1)
  42 L   0.82493 0.16593 0.00444 0.00471 ( 1)
  43 S   0.39989 0.56877 0.01521 0.01613 ( 2)
  44 -   0.47190 0.50052 0.01338 0.01419 ( 2)
  45 G   0.07779 0.87405 0.02337 0.02479 ( 2)
  46 R   0.84163 0.15010 0.00401 0.00426 ( 1)
  47 M   0.66802 0.31464 0.00841 0.00892 ( 1)
  48 E   0.47525 0.49735 0.01330 0.01410 ( 2)
  49 I   0.31051 0.65348 0.01747 0.01853 ( 2)
  50 Q   0.28339 0.67919 0.01816 0.01926 ( 2)
  51 C   0.23642 0.72370 0.01935 0.02052 ( 2)
  52 K   0.70339 0.28112 0.00752 0.00797 ( 1)
  53 T   0.33911 0.62638 0.01675 0.01776 ( 2)
  54 S   0.43964 0.53110 0.01420 0.01506 ( 2)
  55 I   0.02552 0.92360 0.02469 0.02619 ( 2)
  56 F   0.63041 0.35029 0.00937 0.00993 ( 1)
  57 N   0.67509 0.30795 0.00823 0.00873 ( 1)
  58 D   0.65992 0.32232 0.00862 0.00914 ( 1)
  59 P   0.60546 0.37394 0.01000 0.01060 ( 1)
  60 T   0.26884 0.69298 0.01853 0.01965 ( 2)
  61 R   0.02513 0.92397 0.02470 0.02620 ( 2)
  62 S   0.14201 0.81319 0.02174 0.02306 ( 2)
  63 Y   0.00465 0.94338 0.02522 0.02675 ( 2)
  64 G   0.00621 0.94190 0.02518 0.02671 ( 2)
  65 L   0.41143 0.55784 0.01491 0.01582 ( 2)
  66 R   0.94530 0.05185 0.00139 0.00147 ( 1)
  67 I   0.78408 0.20465 0.00547 0.00580 ( 1)
  68 R   0.98319 0.01593 0.00043 0.00045 ( 1)
  69 Y   0.98426 0.01492 0.00040 0.00042 ( 1)
  70 A   0.98371 0.01544 0.00041 0.00044 ( 1)
  71 A   0.06349 0.88761 0.02373 0.02517 ( 2)
  72 N   0.51047 0.46397 0.01240 0.01316 ( 1)
  73 S   0.72248 0.26303 0.00703 0.00746 ( 1)
  74 P   0.04776 0.90252 0.02413 0.02559 ( 2)
  75 I   0.82282 0.16793 0.00449 0.00476 ( 1)
  76 V   0.36801 0.59899 0.01601 0.01699 ( 2)
  77 L   0.25936 0.70196 0.01877 0.01991 ( 2)
  78 N   0.04136 0.90859 0.02429 0.02577 ( 2)
  79 V   0.08517 0.86706 0.02318 0.02459 ( 2)
  80 S   0.01270 0.93575 0.02502 0.02654 ( 2)
  81 Y   0.49822 0.47558 0.01272 0.01349 ( 1)
  82 V   0.04766 0.90261 0.02413 0.02560 ( 2)
  83 L   0.01774 0.93097 0.02489 0.02640 ( 2)
  84 Q   0.01466 0.93389 0.02497 0.02648 ( 2)
  85 G   0.35504 0.61128 0.01634 0.01733 ( 2)
  86 V   0.08323 0.86890 0.02323 0.02464 ( 2)
  87 S   0.00809 0.94011 0.02514 0.02666 ( 2)
  88 R   0.00919 0.93907 0.02511 0.02663 ( 2)
  89 G   0.14448 0.81085 0.02168 0.02299 ( 2)
  90 T   0.00591 0.94218 0.02519 0.02672 ( 2)
  91 T   0.00174 0.94613 0.02530 0.02683 ( 2)
  92 I   0.58015 0.39793 0.01064 0.01128 ( 1)
  93 S   0.00023 0.94756 0.02533 0.02687 ( 2)
  94 T   0.01704 0.93163 0.02491 0.02642 ( 2)
  95 E   0.00808 0.94012 0.02514 0.02666 ( 2)
  96 S   0.04363 0.90643 0.02423 0.02570 ( 2)
  97 T   0.16437 0.79200 0.02118 0.02246 ( 2)
  98 F   0.20406 0.75438 0.02017 0.02139 ( 2)
  99 S   0.96451 0.03363 0.00090 0.00095 ( 1)
 100 R   0.26898 0.69285 0.01852 0.01965 ( 2)
 101 P   0.14485 0.81050 0.02167 0.02298 ( 2)
 102 N   0.44624 0.52485 0.01403 0.01488 ( 2)
 103 N   0.89724 0.09739 0.00260 0.00276 ( 1)
 104 I   0.65182 0.33000 0.00882 0.00936 ( 1)
 105 I   0.65182 0.33000 0.00882 0.00936 ( 1)
 106 P   0.60546 0.37394 0.01000 0.01060 ( 1)
 107 T   0.63626 0.34475 0.00922 0.00978 ( 1)
 108 D   0.65992 0.32232 0.00862 0.00914 ( 1)
 109 L   0.94443 0.05267 0.00141 0.00149 ( 1)
 110 K   0.84631 0.14566 0.00389 0.00413 ( 1)
 111 Y   0.98426 0.01492 0.00040 0.00042 ( 1)
 112 E   0.98704 0.01229 0.00033 0.00035 ( 1)
 113 E   0.00704 0.94111 0.02516 0.02669 ( 2)
 114 F   0.86046 0.13225 0.00354 0.00375 ( 1)
 115 R   0.11073 0.84284 0.02253 0.02390 ( 2)
 116 Y   0.26579 0.69587 0.01861 0.01973 ( 2)
 117 K   0.02059 0.92826 0.02482 0.02632 ( 2)
 118 D   0.05306 0.89749 0.02400 0.02545 ( 2)
 119 P   0.13312 0.82161 0.02197 0.02330 ( 2)
 120 F   0.01078 0.93757 0.02507 0.02659 ( 2)
 121 D   0.96798 0.03035 0.00081 0.00086 ( 1)
 122 A   0.00666 0.94147 0.02517 0.02670 ( 2)
 123 I   0.63743 0.34363 0.00919 0.00974 ( 1)
 124 V   0.62911 0.35152 0.00940 0.00997 ( 1)
 125 P   0.50644 0.46779 0.01251 0.01327 ( 1)
 126 M   0.63327 0.34758 0.00929 0.00986 ( 1)
 127 R   0.63593 0.34505 0.00923 0.00979 ( 1)
 128 L   0.56793 0.40951 0.01095 0.01161 ( 1)
 129 S   0.60904 0.37055 0.00991 0.01051 ( 1)
 130 S   0.03508 0.91453 0.02445 0.02593 ( 2)
 131 N   0.13919 0.81586 0.02181 0.02314 ( 2)
 132 Q   0.19656 0.76149 0.02036 0.02159 ( 2)
 133 L   0.01301 0.93545 0.02501 0.02653 ( 2)
 134 I   0.00181 0.94606 0.02529 0.02683 ( 2)
 135 T   0.63946 0.34171 0.00914 0.00969 ( 1)
 136 I   0.93985 0.05701 0.00152 0.00162 ( 1)
 137 A   0.04014 0.90974 0.02432 0.02580 ( 2)
 138 I   0.35908 0.60745 0.01624 0.01723 ( 2)
 139 Q   0.32862 0.63632 0.01701 0.01804 ( 2)
 140 P   0.62724 0.35329 0.00945 0.01002 ( 1)
 141 L   0.59832 0.38070 0.01018 0.01080 ( 1)
 142 N   0.98206 0.01700 0.00045 0.00048 ( 1)
 143 M   0.91050 0.08483 0.00227 0.00241 ( 1)
 144 T   0.92459 0.07147 0.00191 0.00203 ( 1)
 145 S   0.00351 0.94446 0.02525 0.02678 ( 2)
 146 N   0.88238 0.11148 0.00298 0.00316 ( 1)
 147 N   0.10430 0.84893 0.02270 0.02407 ( 2)
 148 Q   0.05130 0.89917 0.02404 0.02550 ( 2)
 149 V   0.75825 0.22913 0.00613 0.00650 ( 1)
 150 I   0.04683 0.90339 0.02415 0.02562 ( 2)
 151 I   0.76614 0.22165 0.00593 0.00629 ( 1)
 152 D   0.98413 0.01504 0.00040 0.00043 ( 1)
 153 R   0.87891 0.11477 0.00307 0.00325 ( 1)
 154 I   0.19263 0.76521 0.02046 0.02170 ( 2)
 155 E   0.94317 0.05386 0.00144 0.00153 ( 1)
 156 I   0.86844 0.12469 0.00333 0.00354 ( 1)
 157 I   0.70480 0.27978 0.00748 0.00793 ( 1)


lnL = -2022.834360

Bayes Empirical Bayes (BEB) probabilities for 4 classes (class)
(amino acids refer to 1st sequence: BT_Cry4Ba1)

   1 Y   0.54805 0.40706 0.02621 0.01867 ( 1)
   2 T   0.68150 0.29727 0.01254 0.00870 ( 1)
   3 D   0.70382 0.27811 0.01069 0.00737 ( 1)
   4 A   0.01918 0.88431 0.05811 0.03839 ( 2)
   5 I   0.96517 0.03378 0.00062 0.00042 ( 1)
   6 T   0.95474 0.04369 0.00093 0.00063 ( 1)
   7 Q   0.86946 0.12587 0.00274 0.00192 ( 1)
   8 V   0.97348 0.02576 0.00045 0.00031 ( 1)
   9 P   0.33644 0.62081 0.02561 0.01715 ( 2)
  10 A   0.97347 0.02579 0.00044 0.00030 ( 1)
  11 V   0.95109 0.04704 0.00111 0.00076 ( 1)
  12 K   0.75246 0.23952 0.00474 0.00328 ( 1)
  13 S   0.51502 0.46262 0.01337 0.00899 ( 1)
  14 N   0.07770 0.85716 0.03950 0.02564 ( 2)
  15 F   0.00032 0.70983 0.16602 0.12383 ( 2)
  16 L   0.56673 0.39350 0.02332 0.01646 ( 1)
  17 N   0.49506 0.47445 0.01817 0.01232 ( 1)
  18 A   0.22629 0.71052 0.03777 0.02542 ( 2)
  19 T   0.04635 0.88457 0.04198 0.02711 ( 2)
  20 A   0.01554 0.87306 0.06645 0.04496 ( 2)
  21 K   0.00116 0.55859 0.24650 0.19375 ( 2)
  22 V   0.97590 0.02348 0.00037 0.00025 ( 1)
  23 I   0.96517 0.03378 0.00062 0.00042 ( 1)
  24 K   0.05682 0.86699 0.04608 0.03011 ( 2)
  25 G   0.98064 0.01885 0.00031 0.00021 ( 1)
  26 P   0.98461 0.01499 0.00024 0.00016 ( 1)
  27 G   0.97842 0.02093 0.00039 0.00026 ( 1)
  28 H   0.73230 0.26070 0.00414 0.00286 ( 1)
  29 T   0.97031 0.02891 0.00047 0.00031 ( 1)
  30 G   0.97365 0.02559 0.00045 0.00031 ( 1)
  31 G   0.96055 0.03825 0.00072 0.00049 ( 1)
  32 D   0.98993 0.00987 0.00012 0.00008 ( 1)
  33 L   0.95507 0.04340 0.00090 0.00062 ( 1)
  34 V   0.97333 0.02591 0.00046 0.00031 ( 1)
  35 A   0.65799 0.33208 0.00590 0.00403 ( 1)
  36 L   0.33761 0.63096 0.01898 0.01246 ( 2)
  37 T   0.05466 0.88277 0.03810 0.02447 ( 2)
  38 S   0.01432 0.88296 0.06167 0.04104 ( 2)
  39 N   0.96586 0.03301 0.00067 0.00046 ( 1)
  40 G   0.89721 0.09882 0.00235 0.00163 ( 1)
  41 T   0.77923 0.21166 0.00538 0.00372 ( 1)
  42 L   0.86153 0.13434 0.00244 0.00169 ( 1)
  43 S   0.54531 0.44027 0.00863 0.00578 ( 1)
  44 -   0.51823 0.42653 0.03201 0.02323 ( 1)
  45 G   0.14144 0.77821 0.04802 0.03234 ( 2)
  46 R   0.88332 0.11420 0.00145 0.00103 ( 1)
  47 M   0.75993 0.23374 0.00374 0.00259 ( 1)
  48 E   0.60869 0.37779 0.00805 0.00547 ( 1)
  49 I   0.44538 0.52694 0.01657 0.01111 ( 2)
  50 Q   0.43403 0.54625 0.01188 0.00784 ( 2)
  51 C   0.40143 0.57607 0.01356 0.00894 ( 2)
  52 K   0.76374 0.22600 0.00606 0.00420 ( 1)
  53 T   0.48221 0.49725 0.01232 0.00822 ( 2)
  54 S   0.57519 0.40838 0.00980 0.00663 ( 1)
  55 I   0.05327 0.79851 0.08654 0.06169 ( 2)
  56 F   0.67686 0.30211 0.01244 0.00859 ( 1)
  57 N   0.71713 0.26578 0.01011 0.00698 ( 1)
  58 D   0.70382 0.27811 0.01069 0.00737 ( 1)
  59 P   0.65360 0.32243 0.01417 0.00980 ( 1)
  60 T   0.40424 0.56691 0.01733 0.01152 ( 2)
  61 R   0.06185 0.85977 0.04727 0.03110 ( 2)
  62 S   0.24913 0.69414 0.03399 0.02274 ( 2)
  63 Y   0.01493 0.86951 0.06878 0.04678 ( 2)
  64 G   0.01892 0.86828 0.06740 0.04540 ( 2)
  65 L   0.54159 0.43744 0.01248 0.00848 ( 1)
  66 R   0.95122 0.04752 0.00075 0.00051 ( 1)
  67 I   0.82705 0.16676 0.00366 0.00253 ( 1)
  68 R   0.98409 0.01553 0.00023 0.00015 ( 1)
  69 Y   0.98463 0.01500 0.00022 0.00015 ( 1)
  70 A   0.98321 0.01640 0.00023 0.00015 ( 1)
  71 A   0.14102 0.80790 0.03104 0.02004 ( 2)
  72 N   0.63453 0.35246 0.00774 0.00527 ( 1)
  73 S   0.77473 0.21519 0.00596 0.00412 ( 1)
  74 P   0.10421 0.81692 0.04727 0.03160 ( 2)
  75 I   0.86962 0.12748 0.00170 0.00120 ( 1)
  76 V   0.51126 0.46903 0.01180 0.00792 ( 1)
  77 L   0.37472 0.58404 0.02461 0.01663 ( 2)
  78 N   0.10770 0.83538 0.03459 0.02234 ( 2)
  79 V   0.16524 0.76542 0.04147 0.02787 ( 2)
  80 S   0.02866 0.80529 0.09692 0.06913 ( 2)
  81 Y   0.62121 0.36413 0.00873 0.00594 ( 1)
  82 V   0.07666 0.77058 0.08901 0.06375 ( 2)
  83 L   0.03129 0.73079 0.13593 0.10199 ( 2)
  84 Q   0.02406 0.67475 0.17022 0.13097 ( 2)
  85 G   0.47770 0.48808 0.02037 0.01385 ( 2)
  86 V   0.17625 0.77366 0.03030 0.01979 ( 2)
  87 S   0.02696 0.90161 0.04347 0.02796 ( 2)
  88 R   0.02576 0.88449 0.05415 0.03560 ( 2)
  89 G   0.23948 0.70188 0.03513 0.02351 ( 2)
  90 T   0.01920 0.88853 0.05565 0.03662 ( 2)
  91 T   0.00654 0.83019 0.09536 0.06791 ( 2)
  92 I   0.63984 0.33805 0.01307 0.00903 ( 1)
  93 S   0.00096 0.76970 0.13293 0.09641 ( 2)
  94 T   0.05038 0.88129 0.04154 0.02680 ( 2)
  95 E   0.02273 0.85094 0.07484 0.05148 ( 2)
  96 S   0.09089 0.80427 0.06233 0.04251 ( 2)
  97 T   0.24781 0.67534 0.04536 0.03148 ( 2)
  98 F   0.35881 0.61418 0.01629 0.01073 ( 2)
  99 S   0.96697 0.03207 0.00057 0.00039 ( 1)
 100 R   0.40949 0.56627 0.01461 0.00964 ( 2)
 101 P   0.27398 0.68749 0.02324 0.01530 ( 2)
 102 N   0.55660 0.42206 0.01272 0.00862 ( 1)
 103 N   0.91081 0.08625 0.00174 0.00120 ( 1)
 104 I   0.69560 0.28463 0.01167 0.00809 ( 1)
 105 I   0.69560 0.28463 0.01167 0.00809 ( 1)
 106 P   0.65360 0.32243 0.01417 0.00980 ( 1)
 107 T   0.68150 0.29727 0.01254 0.00870 ( 1)
 108 D   0.70382 0.27811 0.01069 0.00737 ( 1)
 109 L   0.94816 0.05021 0.00097 0.00066 ( 1)
 110 K   0.87750 0.11864 0.00228 0.00158 ( 1)
 111 Y   0.98463 0.01500 0.00022 0.00015 ( 1)
 112 E   0.98684 0.01286 0.00018 0.00012 ( 1)
 113 E   0.01950 0.85936 0.07193 0.04920 ( 2)
 114 F   0.88435 0.11124 0.00261 0.00181 ( 1)
 115 R   0.18238 0.74506 0.04351 0.02905 ( 2)
 116 Y   0.39359 0.57143 0.02095 0.01404 ( 2)
 117 K   0.06181 0.87965 0.03569 0.02285 ( 2)
 118 D   0.11035 0.80803 0.04896 0.03266 ( 2)
 119 P   0.26360 0.70281 0.02036 0.01323 ( 2)
 120 F   0.03287 0.87727 0.05411 0.03575 ( 2)
 121 D   0.97208 0.02737 0.00032 0.00022 ( 1)
 122 A   0.02090 0.87571 0.06194 0.04145 ( 2)
 123 I   0.72549 0.26502 0.00562 0.00388 ( 1)
 124 V   0.67526 0.30312 0.01277 0.00884 ( 1)
 125 P   0.55588 0.40145 0.02496 0.01771 ( 1)
 126 M   0.67986 0.29984 0.01203 0.00828 ( 1)
 127 R   0.68187 0.29761 0.01214 0.00838 ( 1)
 128 L   0.61756 0.35280 0.01748 0.01216 ( 1)
 129 S   0.65687 0.31950 0.01397 0.00966 ( 1)
 130 S   0.08816 0.85599 0.03401 0.02183 ( 2)
 131 N   0.27206 0.69707 0.01873 0.01214 ( 2)
 132 Q   0.30206 0.63266 0.03859 0.02669 ( 2)
 133 L   0.03185 0.84619 0.07235 0.04961 ( 2)
 134 I   0.00523 0.77206 0.12846 0.09424 ( 2)
 135 T   0.74191 0.25135 0.00399 0.00276 ( 1)
 136 I   0.94892 0.04986 0.00072 0.00050 ( 1)
 137 A   0.08953 0.82710 0.05005 0.03332 ( 2)
 138 I   0.49008 0.48383 0.01561 0.01049 ( 1)
 139 Q   0.47550 0.50465 0.01191 0.00794 ( 2)
 140 P   0.72982 0.26239 0.00460 0.00319 ( 1)
 141 L   0.67651 0.30938 0.00839 0.00572 ( 1)
 142 N   0.98169 0.01786 0.00027 0.00018 ( 1)
 143 M   0.92481 0.07260 0.00152 0.00106 ( 1)
 144 T   0.93863 0.06013 0.00073 0.00051 ( 1)
 145 S   0.01036 0.82223 0.09798 0.06944 ( 2)
 146 N   0.89908 0.09734 0.00211 0.00146 ( 1)
 147 N   0.21676 0.74635 0.02243 0.01447 ( 2)
 148 Q   0.11398 0.81701 0.04161 0.02740 ( 2)
 149 V   0.80112 0.18966 0.00544 0.00377 ( 1)
 150 I   0.09706 0.80229 0.05973 0.04092 ( 2)
 151 I   0.81175 0.18125 0.00414 0.00286 ( 1)
 152 D   0.98417 0.01546 0.00023 0.00015 ( 1)
 153 R   0.89844 0.09779 0.00223 0.00154 ( 1)
 154 I   0.30176 0.65168 0.02794 0.01862 ( 2)
 155 E   0.94303 0.05373 0.00191 0.00132 ( 1)
 156 I   0.86947 0.12254 0.00472 0.00327 ( 1)
 157 I   0.75216 0.23269 0.00890 0.00625 ( 1)

