Supplemental results for CODEML (seqf: algn  treef: tree)


dN/dS (w) for site classes (K=4)

site class             0        1       2a       2b
proportion       0.57864  0.38684  0.02069  0.01383
background w     0.05076  0.61033  0.05076  0.61033
foreground w     0.05076  0.61033 18.10859 18.10859

Naive Empirical Bayes (NEB) probabilities for 4 classes
(amino acids refer to 1st sequence: BT_Cry7Cb1)

   1 -   0.86832 0.09716 0.03104 0.00347 ( 1)
   2 -   0.88266 0.08282 0.03156 0.00296 ( 1)
   3 A   0.78453 0.20656 0.00691 0.00199 ( 1)
   4 G   0.98084 0.01168 0.00738 0.00010 ( 1)
   5 G   0.00562 0.98484 0.00005 0.00949 ( 2)
   6 I   0.98221 0.00970 0.00800 0.00009 ( 1)
   7 V   0.17372 0.76065 0.01645 0.04918 ( 2)
   8 A   0.04420 0.67581 0.16844 0.11155 ( 2)
   9 L   0.75826 0.23016 0.00872 0.00286 ( 1)
  10 F   0.86292 0.12977 0.00626 0.00106 ( 1)
  11 T   0.77568 0.20721 0.01342 0.00370 ( 1)
  12 E   0.00079 0.99034 0.00001 0.00887 ( 2)
  13 V   0.29541 0.69581 0.00234 0.00644 ( 2)
  14 L   0.23828 0.74947 0.00280 0.00944 ( 2)
  15 R   0.17686 0.81470 0.00140 0.00704 ( 2)
  16 L   0.04656 0.94105 0.00054 0.01185 ( 2)
  17 L   0.94792 0.04055 0.01103 0.00050 ( 1)
  18 W   0.89524 0.08513 0.01789 0.00173 ( 1)
  19 P   0.97557 0.01258 0.01169 0.00016 ( 1)
  20 N   0.00261 0.99014 0.00002 0.00724 ( 2)
  21 K   0.03920 0.94703 0.00053 0.01325 ( 2)
  22 Q   0.12068 0.86904 0.00118 0.00910 ( 2)
  23 D   0.04861 0.90100 0.00417 0.04622 ( 2)
  24 E   0.04406 0.76760 0.10603 0.08231 ( 2)
  25 L   0.07328 0.91657 0.00070 0.00945 ( 2)
  26 W   0.89524 0.08513 0.01789 0.00173 ( 1)
  27 E   0.98434 0.00846 0.00713 0.00007 ( 1)
  28 S   0.03260 0.94644 0.00069 0.02028 ( 2)
  29 F   0.89665 0.09622 0.00636 0.00077 ( 1)
  30 M   0.98982 0.00326 0.00689 0.00002 ( 1)
  31 K   0.27885 0.67494 0.01626 0.02996 ( 2)
  32 E   0.87043 0.12195 0.00654 0.00108 ( 1)
  33 V   0.97720 0.01519 0.00747 0.00014 ( 1)
  34 E   0.97716 0.01039 0.01231 0.00014 ( 1)
  35 K   0.00075 0.91368 0.00178 0.08378 ( 2)
  36 L   0.95671 0.03384 0.00911 0.00034 ( 1)
  37 I   0.98161 0.01029 0.00800 0.00009 ( 1)
  38 E   0.00305 0.10743 0.82702 0.06250 ( 3)
  39 Q   0.85061 0.13976 0.00819 0.00144 ( 1)
  40 E   0.93129 0.06115 0.00702 0.00054 ( 1)
  41 I   0.98701 0.00667 0.00627 0.00005 ( 1)
  42 T   0.84864 0.14417 0.00605 0.00115 ( 1)
  43 D   0.30415 0.44694 0.22203 0.02688 ( 2)
  44 A   0.03419 0.94888 0.00057 0.01636 ( 2)
  45 V   0.74059 0.25135 0.00572 0.00233 ( 1)
  46 V   0.16761 0.82301 0.00142 0.00797 ( 2)
  47 S   0.00411 0.98774 0.00003 0.00812 ( 2)
  48 K   0.81875 0.17407 0.00575 0.00143 ( 1)
  49 A   0.97979 0.01148 0.00862 0.00011 ( 1)
  50 L   0.60591 0.37305 0.01271 0.00833 ( 1)
  51 A   0.85574 0.08937 0.04762 0.00727 ( 1)
  52 E   0.89219 0.10047 0.00647 0.00088 ( 1)
  53 L   0.96044 0.02818 0.01103 0.00035 ( 1)
  54 E   0.80343 0.18399 0.01012 0.00246 ( 1)
  55 G   0.97291 0.01853 0.00839 0.00017 ( 1)
  56 L   0.96114 0.02748 0.01104 0.00034 ( 1)
  57 R   0.85043 0.13893 0.00885 0.00179 ( 1)
  58 N   0.90405 0.08092 0.01376 0.00127 ( 1)
  59 A   0.00768 0.98261 0.00007 0.00964 ( 2)
  60 L   0.04310 0.93982 0.00072 0.01636 ( 2)
  61 Q   0.00160 0.87165 0.00274 0.12401 ( 2)
  62 G   0.01664 0.97485 0.00013 0.00838 ( 2)
  63 Y   0.97692 0.01348 0.00946 0.00014 ( 1)
  64 T   0.01694 0.97502 0.00013 0.00791 ( 2)
  65 D   0.00081 0.59450 0.05792 0.34678 ( 2)
  66 A   0.85591 0.13722 0.00580 0.00106 ( 1)
  67 L   0.95554 0.02300 0.02094 0.00051 ( 1)
  68 E   0.87456 0.11806 0.00635 0.00103 ( 1)
  69 A   0.06145 0.93080 0.00043 0.00733 ( 2)
  70 W   0.89524 0.08513 0.01789 0.00173 ( 1)
  71 Q   0.62096 0.36927 0.00598 0.00379 ( 1)
  72 N   0.10201 0.89092 0.00065 0.00643 ( 2)
  73 N   0.98958 0.00434 0.00605 0.00003 ( 1)
  74 R   0.65784 0.32988 0.00806 0.00422 ( 1)
  75 S   0.90515 0.08735 0.00679 0.00070 ( 1)
  76 D   0.16753 0.82526 0.00104 0.00617 ( 2)
  77 K   0.89558 0.09714 0.00647 0.00081 ( 1)
  78 L   0.51727 0.47279 0.00501 0.00493 ( 1)
  79 K   0.01596 0.97020 0.00021 0.01363 ( 2)
  80 Q   0.03759 0.94901 0.00046 0.01294 ( 2)
  81 L   0.05965 0.92782 0.00070 0.01183 ( 2)
  82 L   0.12842 0.85929 0.00151 0.01078 ( 2)
  83 V   0.96279 0.02135 0.01551 0.00036 ( 1)
  84 Y   0.00009 0.98908 0.00000 0.01083 ( 2)
  85 D   0.03951 0.91785 0.00221 0.04044 ( 2)
  86 R   0.72793 0.26424 0.00560 0.00222 ( 1)
  87 F   0.89385 0.09901 0.00634 0.00080 ( 1)
  88 V   0.17297 0.81682 0.00160 0.00861 ( 2)
  89 S   0.01081 0.97823 0.00011 0.01085 ( 2)
  90 T   0.17618 0.81587 0.00131 0.00664 ( 2)
  91 E   0.82470 0.16784 0.00600 0.00146 ( 1)
  92 N   0.03678 0.95608 0.00023 0.00690 ( 2)
  93 L   0.07118 0.91656 0.00082 0.01144 ( 2)
  94 F   0.98765 0.00531 0.00700 0.00004 ( 1)
  95 K   0.03420 0.95750 0.00025 0.00806 ( 2)
  96 F   0.00119 0.99055 0.00001 0.00825 ( 2)
  97 A   0.00264 0.98948 0.00002 0.00786 ( 2)
  98 M   0.92786 0.06519 0.00646 0.00049 ( 1)
  99 P   0.95834 0.02326 0.01794 0.00046 ( 1)
 100 S   0.97505 0.01480 0.00999 0.00016 ( 1)
 101 F   0.98765 0.00531 0.00700 0.00004 ( 1)
 102 R   0.10626 0.88547 0.00082 0.00746 ( 2)
 103 V   0.01174 0.51674 0.01728 0.45424 ( 2)
 104 G   0.00126 0.90083 0.00183 0.09608 ( 2)
 105 G   0.98151 0.00993 0.00846 0.00009 ( 1)
 106 F   0.02692 0.96496 0.00020 0.00792 ( 2)
 107 E   0.98434 0.00846 0.00713 0.00007 ( 1)
 108 V   0.76123 0.16407 0.06105 0.01365 ( 1)
 109 P   0.98132 0.00936 0.00923 0.00009 ( 1)
 110 L   0.96114 0.02748 0.01104 0.00034 ( 1)
 111 L   0.94184 0.04672 0.01086 0.00058 ( 1)
 112 T   0.25378 0.73848 0.00183 0.00590 ( 2)
 113 V   0.97720 0.01519 0.00747 0.00014 ( 1)
 114 Y   0.97692 0.01348 0.00946 0.00014 ( 1)
 115 A   0.97810 0.01515 0.00663 0.00012 ( 1)
 116 Q   0.97915 0.01131 0.00943 0.00012 ( 1)
 117 A   0.96247 0.01287 0.02433 0.00033 ( 1)
 118 A   0.98047 0.01279 0.00665 0.00010 ( 1)
 119 N   0.97049 0.01533 0.01389 0.00029 ( 1)
 120 L   0.96133 0.02922 0.00915 0.00030 ( 1)
 121 H   0.96965 0.01140 0.01873 0.00022 ( 1)
 122 L   0.95633 0.03229 0.01098 0.00040 ( 1)
 123 L   0.55080 0.37450 0.05339 0.02131 ( 1)
 124 L   0.96114 0.02748 0.01104 0.00034 ( 1)
 125 L   0.96114 0.02748 0.01104 0.00034 ( 1)
 126 K   0.68216 0.31048 0.00480 0.00256 ( 1)
 127 N   0.93146 0.06220 0.00588 0.00045 ( 1)
 128 S   0.11561 0.05963 0.81032 0.01444 ( 3)
 129 E   0.09923 0.89178 0.00078 0.00822 ( 2)
 130 L   0.21467 0.77302 0.00253 0.00978 ( 2)
 131 F   0.97144 0.00777 0.02062 0.00017 ( 1)
 132 G   0.97192 0.01181 0.01607 0.00020 ( 1)
 133 A   0.78136 0.21167 0.00531 0.00165 ( 1)
 134 E   0.98297 0.00983 0.00712 0.00009 ( 1)
 135 W   0.89524 0.08513 0.01789 0.00173 ( 1)
 136 G   0.98128 0.01124 0.00739 0.00009 ( 1)
 137 M   0.01726 0.97505 0.00012 0.00757 ( 2)
 138 Q   0.01838 0.96056 0.00038 0.02068 ( 2)
 139 Q   0.00097 0.98864 0.00001 0.01038 ( 2)
 140 Y   0.00073 0.97396 0.00002 0.02529 ( 2)
 141 E   0.69200 0.30036 0.00501 0.00263 ( 1)
 142 I   0.84065 0.15282 0.00535 0.00118 ( 1)
 143 D   0.02687 0.95889 0.00037 0.01386 ( 2)
 144 L   0.01386 0.94901 0.00046 0.03667 ( 2)
 145 F   0.79417 0.19858 0.00564 0.00161 ( 1)
 146 Y   0.97211 0.01688 0.01080 0.00021 ( 1)
 147 N   0.61444 0.37902 0.00383 0.00271 ( 1)
 148 E   0.16883 0.82223 0.00138 0.00756 ( 2)
 149 Q   0.97319 0.01727 0.00937 0.00018 ( 1)
 150 K   0.27818 0.70821 0.00372 0.00988 ( 2)
 151 D   0.00380 0.75286 0.02374 0.21960 ( 2)
 152 Y   0.00780 0.96691 0.00020 0.02509 ( 2)
 153 V   0.02073 0.96984 0.00017 0.00926 ( 2)
 154 V   0.21034 0.61679 0.12604 0.04683 ( 2)
 155 E   0.31560 0.67612 0.00234 0.00594 ( 2)
 156 Y   0.96643 0.02396 0.00936 0.00025 ( 1)
 157 T   0.74039 0.25219 0.00539 0.00203 ( 1)
 158 D   0.98922 0.00468 0.00607 0.00003 ( 1)
 159 H   0.87231 0.12038 0.00635 0.00096 ( 1)
 160 C   0.97980 0.01056 0.00953 0.00011 ( 1)
 161 V   0.97354 0.01727 0.00900 0.00018 ( 1)
 162 K   0.84295 0.14989 0.00592 0.00124 ( 1)
 163 W   0.89524 0.08513 0.01789 0.00173 ( 1)
 164 Y   0.97692 0.01348 0.00946 0.00014 ( 1)
 165 T   0.00086 0.87489 0.00285 0.12140 ( 2)
 166 E   0.26501 0.72625 0.00211 0.00662 ( 2)
 167 G   0.94515 0.03856 0.01563 0.00066 ( 1)
 168 L   0.96114 0.02748 0.01104 0.00034 ( 1)
 169 N   0.95049 0.04321 0.00599 0.00031 ( 1)
 170 R   0.00892 0.86000 0.01474 0.11634 ( 2)
 171 L   0.95062 0.03287 0.01594 0.00057 ( 1)
 172 K   0.97745 0.00951 0.01291 0.00013 ( 1)
 173 N   0.66205 0.33145 0.00408 0.00241 ( 1)
 174 A   0.65627 0.33660 0.00448 0.00265 ( 1)
 175 S   0.62069 0.35741 0.01358 0.00832 ( 1)
 176 G   0.98378 0.00874 0.00741 0.00007 ( 1)
 177 V   0.01403 0.97643 0.00012 0.00943 ( 2)
 178 K   0.94262 0.05021 0.00676 0.00042 ( 1)
 179 G   0.82786 0.16334 0.00725 0.00154 ( 1)
 180 K   0.31488 0.67163 0.00416 0.00933 ( 2)
 181 V   0.00100 0.98958 0.00001 0.00941 ( 2)
 182 W   0.89524 0.08513 0.01789 0.00173 ( 1)
 183 E   0.13823 0.84858 0.00176 0.01143 ( 2)
 184 E   0.00138 0.66788 0.00695 0.32379 ( 2)
 185 Y   0.97692 0.01348 0.00946 0.00014 ( 1)
 186 N   0.72507 0.26859 0.00445 0.00190 ( 1)
 187 R   0.58689 0.40082 0.00719 0.00510 ( 1)
 188 F   0.96764 0.02529 0.00687 0.00020 ( 1)
 189 R   0.90860 0.06411 0.02547 0.00181 ( 1)
 190 R   0.98566 0.00671 0.00757 0.00006 ( 1)
 191 E   0.98434 0.00846 0.00713 0.00007 ( 1)
 192 M   0.98982 0.00326 0.00689 0.00002 ( 1)
 193 T   0.97247 0.01053 0.01681 0.00019 ( 1)
 194 I   0.66174 0.32969 0.00549 0.00307 ( 1)
 195 M   0.01339 0.97899 0.00009 0.00752 ( 2)
 196 V   0.95594 0.02819 0.01540 0.00047 ( 1)
 197 L   0.96114 0.02748 0.01104 0.00034 ( 1)
 198 D   0.98922 0.00468 0.00607 0.00003 ( 1)
 199 L   0.05689 0.93141 0.00063 0.01108 ( 2)
 200 L   0.13661 0.85326 0.00132 0.00881 ( 2)
 201 P   0.23520 0.75494 0.00223 0.00763 ( 2)
 202 L   0.96114 0.02748 0.01104 0.00034 ( 1)
 203 F   0.98765 0.00531 0.00700 0.00004 ( 1)
 204 P   0.86295 0.12766 0.00812 0.00127 ( 1)
 205 I   0.00277 0.97547 0.00006 0.02171 ( 2)


lnL = -2317.581422

