Supplemental results for CODEML (seqf: algn  treef: tree)


dN/dS (w) for site classes (K=4)

site class             0        1       2a       2b
proportion       0.37014  0.61124  0.00702  0.01159
background w     0.06953  1.00000  0.06953  1.00000
foreground w     0.06953  1.00000 354.60062 354.60062

Naive Empirical Bayes (NEB) probabilities for 4 classes
(amino acids refer to 1st sequence: BT_Cry24Ca1)

   1 P   0.00263 0.99659 0.00000 0.00079 ( 2)
   2 T   0.00407 0.99519 0.00000 0.00074 ( 2)
   3 Q   0.16514 0.83278 0.00020 0.00188 ( 2)
   4 I   0.21340 0.78573 0.00017 0.00070 ( 2)
   5 E   0.06410 0.93502 0.00004 0.00084 ( 2)
   6 L   0.97935 0.02000 0.00063 0.00002 ( 1)
   7 S   0.96770 0.03163 0.00065 0.00002 ( 1)
   8 R   0.99384 0.00598 0.00018 0.00000 ( 1)
   9 Q   0.11345 0.88432 0.00014 0.00210 ( 2)
  10 I   0.99074 0.00885 0.00040 0.00000 ( 1)
  11 Y   0.99293 0.00611 0.00096 0.00001 ( 1)
  12 T   0.98790 0.01143 0.00066 0.00001 ( 1)
  13 D   0.99718 0.00199 0.00083 0.00000 ( 1)
  14 P   0.99516 0.00453 0.00031 0.00000 ( 1)
  15 V   0.95613 0.04336 0.00049 0.00002 ( 1)
  16 G   0.99641 0.00308 0.00051 0.00000 ( 1)
  17 A   0.00000 0.98606 0.00000 0.01394 ( 2)
  18 T   0.85805 0.14124 0.00061 0.00010 ( 1)
  19 F   0.00000 0.99547 0.00000 0.00453 ( 2)
  20 S   0.00001 0.99928 0.00000 0.00071 ( 2)
  21 -   0.05792 0.92346 0.00110 0.01752 ( 2)
  22 D   0.00192 0.99695 0.00000 0.00113 ( 2)
  23 F   0.01211 0.98768 0.00000 0.00021 ( 2)
  24 S   0.01111 0.98715 0.00001 0.00172 ( 2)
  25 N   0.05943 0.93937 0.00006 0.00113 ( 2)
  26 W   0.00005 0.99979 0.00000 0.00016 ( 2)
  27 T   0.10202 0.89697 0.00009 0.00092 ( 2)
  28 L   0.00038 0.99923 0.00000 0.00039 ( 2)
  29 T   0.00786 0.99112 0.00001 0.00102 ( 2)
  30 N   0.03111 0.96715 0.00005 0.00169 ( 2)
  31 R   0.02236 0.97718 0.00001 0.00045 ( 2)
  32 T   0.72722 0.27187 0.00064 0.00028 ( 1)
  33 L   0.03681 0.96280 0.00001 0.00038 ( 2)
  34 A   0.07509 0.92404 0.00006 0.00081 ( 2)
  35 -   0.40635 0.57503 0.00771 0.01091 ( 2)
  36 -   0.05103 0.93035 0.00097 0.01765 ( 2)
  37 N   0.00426 0.99460 0.00000 0.00114 ( 2)
  38 F   0.99801 0.00141 0.00058 0.00000 ( 1)
  39 N   0.90967 0.08936 0.00087 0.00010 ( 1)
  40 D   0.04559 0.95343 0.00004 0.00093 ( 2)
  41 L   0.90551 0.09419 0.00027 0.00003 ( 1)
  42 E   0.99654 0.00285 0.00060 0.00000 ( 1)
  43 R   0.18452 0.81502 0.00008 0.00038 ( 2)
  44 E   0.41100 0.58835 0.00025 0.00040 ( 2)
  45 V   0.03280 0.96664 0.00002 0.00054 ( 2)
  46 T   0.03381 0.96545 0.00002 0.00072 ( 2)
  47 D   0.02933 0.96970 0.00002 0.00095 ( 2)
  48 A   0.00305 0.99423 0.00001 0.00272 ( 2)
  49 P   0.99430 0.00530 0.00040 0.00000 ( 1)
  50 S   0.94147 0.05786 0.00063 0.00004 ( 1)
  51 L   0.98063 0.01902 0.00035 0.00001 ( 1)
  52 L   0.06959 0.92980 0.00003 0.00058 ( 2)
  53 K   0.40590 0.59335 0.00028 0.00046 ( 2)
  54 W   0.99354 0.00630 0.00016 0.00000 ( 1)
  55 L   0.86425 0.13532 0.00037 0.00006 ( 1)
  56 N   0.00276 0.99506 0.00001 0.00218 ( 2)
  57 S   0.00001 0.91670 0.00002 0.08327 ( 2)
  58 I   0.00482 0.87701 0.03445 0.08373 ( 2)
  59 E   0.00006 0.89498 0.00007 0.10489 ( 2)
  60 V   0.67649 0.32208 0.00083 0.00060 ( 1)
  61 Y   0.99680 0.00246 0.00073 0.00000 ( 1)
  62 T   0.83163 0.16769 0.00056 0.00012 ( 1)
  63 G   0.01740 0.96733 0.00026 0.01501 ( 2)
  64 A   0.00009 0.99927 0.00000 0.00065 ( 2)
  65 I   0.01007 0.98929 0.00001 0.00063 ( 2)
  66 D   0.00062 0.99917 0.00000 0.00021 ( 2)
  67 S   0.00218 0.97405 0.00072 0.02305 ( 2)
  68 H   0.00005 0.96512 0.00004 0.03478 ( 2)
  69 R   0.00229 0.99749 0.00000 0.00023 ( 2)
  70 P   0.00003 0.99951 0.00000 0.00046 ( 2)
  71 T   0.00000 0.00654 0.11592 0.87754 ( 4)
  72 S   0.00039 0.96865 0.00021 0.03074 ( 2)
  73 P   0.67479 0.32479 0.00027 0.00014 ( 1)
  74 -   0.37014 0.61124 0.00702 0.01159 ( 2)
  75 G   0.70386 0.29561 0.00036 0.00017 ( 1)
  76 E   0.01211 0.96564 0.00258 0.01967 ( 2)
  77 R   0.09069 0.90912 0.00002 0.00017 ( 2)
  78 I   0.79170 0.20771 0.00045 0.00013 ( 1)
  79 G   0.21428 0.76693 0.00400 0.01480 ( 2)
  80 V   0.46252 0.53694 0.00024 0.00030 ( 2)
  81 W   0.99354 0.00630 0.00016 0.00000 ( 1)
  82 Y   0.36307 0.63613 0.00027 0.00053 ( 2)
  83 G   0.99307 0.00642 0.00051 0.00000 ( 1)
  84 N   0.07287 0.80658 0.06130 0.05924 ( 2)
  85 R   0.00006 0.99921 0.00000 0.00072 ( 2)
  86 N   0.00003 0.00127 0.91289 0.08580 ( 3)
  87 T   0.00006 0.47837 0.03073 0.49085 ( 4)
  88 Y   0.00035 0.99780 0.00000 0.00186 ( 2)
  89 I   0.00001 0.99879 0.00000 0.00120 ( 2)
  90 N   0.00000 0.95040 0.00000 0.04959 ( 2)
  91 P   0.22825 0.77117 0.00017 0.00041 ( 2)
  92 D   0.02729 0.97120 0.00005 0.00146 ( 2)
  93 T   0.00078 0.99859 0.00000 0.00063 ( 2)
  94 N   0.00059 0.99784 0.00000 0.00157 ( 2)
  95 E   0.00136 0.99836 0.00000 0.00028 ( 2)
  96 -   0.43352 0.54787 0.00822 0.01039 ( 2)
  97 V   0.00696 0.99246 0.00000 0.00058 ( 2)
  98 S   0.00022 0.99938 0.00000 0.00041 ( 2)
  99 Y   0.00145 0.99768 0.00000 0.00086 ( 2)
 100 R   0.02611 0.97341 0.00001 0.00047 ( 2)
 101 F   0.00000 0.99852 0.00000 0.00148 ( 2)
 102 T   0.00030 0.99858 0.00000 0.00112 ( 2)
 103 G   0.96043 0.03918 0.00037 0.00002 ( 1)
 104 E   0.00029 0.99900 0.00000 0.00071 ( 2)
 105 L   0.00001 0.99919 0.00000 0.00080 ( 2)
 106 A   0.24950 0.74987 0.00015 0.00048 ( 2)
 107 Y   0.02134 0.97780 0.00002 0.00085 ( 2)
 108 E   0.51845 0.48091 0.00031 0.00033 ( 1)
 109 N   0.00184 0.99518 0.00001 0.00297 ( 2)
 110 P   0.00205 0.97039 0.00079 0.02677 ( 2)
 111 Y   0.01051 0.94196 0.00591 0.04161 ( 2)
 112 T   0.63161 0.36745 0.00056 0.00039 ( 1)
 113 F   0.08327 0.83985 0.04591 0.03097 ( 2)
 114 I   0.12670 0.87241 0.00010 0.00078 ( 2)
 115 G   0.00008 0.99649 0.00000 0.00343 ( 2)
 116 S   0.03200 0.96705 0.00004 0.00090 ( 2)
 117 F   0.04454 0.95449 0.00004 0.00094 ( 2)
 118 F   0.00015 0.99863 0.00000 0.00122 ( 2)
 119 D   0.34228 0.65675 0.00028 0.00069 ( 2)
 120 N   0.61392 0.38503 0.00059 0.00047 ( 1)
 121 D   0.99718 0.00199 0.00083 0.00000 ( 1)
 122 I   0.98234 0.01688 0.00076 0.00002 ( 1)
 123 Y   0.88070 0.11888 0.00037 0.00005 ( 1)
 124 K   0.93940 0.05990 0.00065 0.00005 ( 1)
 125 V   0.00154 0.99788 0.00000 0.00058 ( 2)
 126 A   0.00601 0.92739 0.00366 0.06294 ( 2)
 127 L   0.51521 0.48434 0.00022 0.00022 ( 1)
 128 R   0.01659 0.98312 0.00000 0.00029 ( 2)
 129 A   0.96323 0.03598 0.00076 0.00003 ( 1)
 130 A   0.67445 0.32474 0.00052 0.00028 ( 1)
 131 A   0.00001 0.72129 0.00180 0.27690 ( 2)
 132 -   0.39164 0.58975 0.00743 0.01119 ( 2)
 133 -   0.45540 0.52598 0.00864 0.00998 ( 2)
 134 -   0.45849 0.52290 0.00870 0.00992 ( 2)
 135 -   0.04432 0.93707 0.00084 0.01777 ( 2)
 136 V   0.62928 0.37001 0.00043 0.00029 ( 1)
 137 S   0.00599 0.99323 0.00000 0.00078 ( 2)
 138 T   0.00207 0.92118 0.00244 0.07430 ( 2)
 139 T   0.16648 0.83253 0.00012 0.00088 ( 2)
 140 F   0.00000 0.99848 0.00000 0.00152 ( 2)
 141 G   0.00002 0.99856 0.00000 0.00143 ( 2)
 142 S   0.00347 0.99591 0.00000 0.00061 ( 2)
 143 N   0.00000 0.99808 0.00000 0.00192 ( 2)
 144 D   0.24436 0.75467 0.00021 0.00077 ( 2)
 145 S   0.00001 0.99958 0.00000 0.00041 ( 2)
 146 T   0.25474 0.74423 0.00023 0.00080 ( 2)
 147 F   0.97585 0.02357 0.00056 0.00002 ( 1)
 148 G   0.99312 0.00650 0.00038 0.00000 ( 1)
 149 V   0.96021 0.03911 0.00065 0.00003 ( 1)
 150 S   0.44329 0.55609 0.00025 0.00037 ( 2)
 151 S   0.00012 0.99933 0.00000 0.00056 ( 2)
 152 S   0.98285 0.01648 0.00066 0.00001 ( 1)
 153 Q   0.00008 0.99977 0.00000 0.00016 ( 2)
 154 F   0.99107 0.00836 0.00057 0.00001 ( 1)
 155 F   0.97718 0.02224 0.00056 0.00001 ( 1)
 156 N   0.00075 0.99805 0.00000 0.00120 ( 2)
 157 R   0.04058 0.84539 0.00268 0.11136 ( 2)
 158 R   0.00548 0.99384 0.00000 0.00068 ( 2)
 159 G   0.85512 0.14449 0.00033 0.00006 ( 1)
 160 I   0.00014 0.99897 0.00000 0.00088 ( 2)
 161 H   0.31140 0.65576 0.01369 0.01915 ( 2)
 162 Q   0.00003 0.99963 0.00000 0.00035 ( 2)
 163 L   0.22254 0.77726 0.00004 0.00016 ( 2)
 164 Y   0.18813 0.81106 0.00014 0.00067 ( 2)
 165 E   0.00060 0.99834 0.00000 0.00105 ( 2)
 166 S   0.00301 0.99643 0.00000 0.00055 ( 2)
 167 S   0.00129 0.99773 0.00000 0.00098 ( 2)
 168 -   0.44617 0.53521 0.00846 0.01015 ( 2)
 169 -   0.46437 0.51701 0.00881 0.00981 ( 2)
 170 -   0.44003 0.54135 0.00835 0.01027 ( 2)
 171 -   0.39217 0.58922 0.00744 0.01118 ( 2)
 172 -   0.05241 0.92898 0.00099 0.01762 ( 2)
 173 -   0.46437 0.51701 0.00881 0.00981 ( 2)
 174 -   0.05524 0.92615 0.00105 0.01757 ( 2)
 175 -   0.86335 0.11803 0.01638 0.00224 ( 1)
 176 -   0.37014 0.61124 0.00702 0.01159 ( 2)
 177 -   0.43837 0.54301 0.00832 0.01030 ( 2)
 178 -   0.38221 0.59917 0.00725 0.01137 ( 2)
 179 -   0.45363 0.52776 0.00860 0.01001 ( 2)
 180 -   0.00308 0.97831 0.00006 0.01856 ( 2)
 181 -   0.44003 0.54135 0.00835 0.01027 ( 2)
 182 -   0.40123 0.58016 0.00761 0.01100 ( 2)
 183 Q   0.00002 0.99963 0.00000 0.00035 ( 2)
 184 P   0.00760 0.99196 0.00000 0.00044 ( 2)
 185 I   0.00004 0.99776 0.00000 0.00220 ( 2)
 186 P   0.00331 0.99641 0.00000 0.00028 ( 2)
 187 S   0.00399 0.99525 0.00000 0.00075 ( 2)
 188 W   0.00003 0.99966 0.00000 0.00030 ( 2)
 189 P   0.39598 0.60360 0.00016 0.00027 ( 2)
 190 I   0.91556 0.08386 0.00053 0.00005 ( 1)
 191 T   0.07547 0.92352 0.00007 0.00094 ( 2)
 192 L   0.00034 0.99745 0.00000 0.00221 ( 2)
 193 A   0.11680 0.88233 0.00007 0.00080 ( 2)
 194 F   0.14039 0.85897 0.00008 0.00056 ( 2)
 195 P   0.99566 0.00403 0.00031 0.00000 ( 1)
 196 G   0.90106 0.09856 0.00035 0.00004 ( 1)
 197 E   0.30066 0.69868 0.00018 0.00047 ( 2)
 198 E   0.63787 0.36150 0.00039 0.00024 ( 1)
 199 S   0.93827 0.06121 0.00049 0.00003 ( 1)
 200 S   0.00129 0.99814 0.00000 0.00057 ( 2)
 201 E   0.00408 0.99525 0.00000 0.00067 ( 2)
 202 G   0.30703 0.69257 0.00012 0.00029 ( 2)
 203 N   0.90784 0.09118 0.00087 0.00010 ( 1)
 204 A   0.28706 0.71230 0.00017 0.00047 ( 2)
 205 N   0.96678 0.03226 0.00092 0.00004 ( 1)
 206 D   0.99203 0.00714 0.00082 0.00001 ( 1)
 207 Y   0.99645 0.00282 0.00073 0.00000 ( 1)
 208 S   0.97476 0.02467 0.00056 0.00002 ( 1)
 209 H   0.99866 0.00091 0.00044 0.00000 ( 1)
 210 R   0.02719 0.97253 0.00000 0.00028 ( 2)
 211 L   0.98563 0.01408 0.00028 0.00000 ( 1)
 212 C   0.80860 0.19095 0.00036 0.00009 ( 1)
 213 D   0.83943 0.15971 0.00070 0.00016 ( 1)
 214 V   0.98949 0.01014 0.00037 0.00000 ( 1)
 215 K   0.15422 0.84501 0.00011 0.00066 ( 2)
 216 N   0.96678 0.03226 0.00092 0.00004 ( 1)
 217 I   0.64542 0.35376 0.00050 0.00032 ( 1)
 218 T   0.96367 0.03566 0.00065 0.00003 ( 1)
 219 G   0.86713 0.13248 0.00033 0.00005 ( 1)
 220 G   0.96315 0.03647 0.00037 0.00002 ( 1)
 221 L   0.93443 0.06521 0.00033 0.00003 ( 1)
 222 R   0.66313 0.33659 0.00018 0.00010 ( 1)
 223 Q   0.94289 0.05679 0.00030 0.00002 ( 1)
 224 T   0.05205 0.94721 0.00004 0.00070 ( 2)
 225 P   0.00300 0.99635 0.00000 0.00065 ( 2)
 226 A   0.04786 0.95173 0.00002 0.00039 ( 2)
 227 R   0.06132 0.93850 0.00001 0.00018 ( 2)
 228 G   0.38875 0.61103 0.00008 0.00014 ( 2)
 229 -   0.43267 0.54871 0.00821 0.01041 ( 2)
 230 R   0.56472 0.43499 0.00015 0.00013 ( 1)
 231 S   0.66096 0.33834 0.00044 0.00026 ( 1)
 232 S   0.68527 0.31398 0.00048 0.00028 ( 1)
 233 L   0.92474 0.07483 0.00040 0.00003 ( 1)
 234 L   0.35898 0.64057 0.00015 0.00029 ( 2)
 235 S   0.13204 0.86741 0.00007 0.00048 ( 2)
 236 H   0.94669 0.05287 0.00041 0.00003 ( 1)
 237 A   0.48472 0.51466 0.00029 0.00033 ( 2)
 238 W   0.99354 0.00630 0.00016 0.00000 ( 1)
 239 T   0.98602 0.01331 0.00066 0.00001 ( 1)
 240 H   0.99866 0.00091 0.00044 0.00000 ( 1)
 241 S   0.00000 0.99846 0.00000 0.00153 ( 2)
 242 -   0.87054 0.11084 0.01651 0.00210 ( 1)


lnL = -3654.257719

Bayes Empirical Bayes (BEB) probabilities for 4 classes (class)
(amino acids refer to 1st sequence: BT_Cry24Ca1)

   1 P   0.00092 0.96282 0.00003 0.03622 ( 2)
   2 T   0.00168 0.96014 0.00006 0.03811 ( 2)
   3 Q   0.07794 0.87905 0.00285 0.04016 ( 2)
   4 I   0.12203 0.84592 0.00363 0.02843 ( 2)
   5 E   0.03023 0.93222 0.00103 0.03651 ( 2)
   6 L   0.94116 0.01759 0.04044 0.00082 ( 1)
   7 S   0.93264 0.03547 0.03059 0.00130 ( 1)
   8 R   0.95091 0.00497 0.04388 0.00024 ( 1)
   9 Q   0.05110 0.90509 0.00187 0.04194 ( 2)
  10 I   0.94226 0.00674 0.05064 0.00037 ( 1)
  11 Y   0.96363 0.00481 0.03139 0.00017 ( 1)
  12 T   0.95574 0.00909 0.03480 0.00036 ( 1)
  13 D   0.97196 0.00137 0.02663 0.00004 ( 1)
  14 P   0.95766 0.00376 0.03842 0.00016 ( 1)
  15 V   0.91431 0.04961 0.03407 0.00201 ( 1)
  16 G   0.96643 0.00238 0.03110 0.00009 ( 1)
  17 A   0.00000 0.90605 0.00000 0.09395 ( 2)
  18 T   0.79709 0.15000 0.04441 0.00851 ( 1)
  19 F   0.00000 0.93833 0.00000 0.06167 ( 2)
  20 S   0.00000 0.95520 0.00000 0.04480 ( 2)
  21 -   0.03715 0.90192 0.00243 0.05850 ( 2)
  22 D   0.00046 0.96834 0.00001 0.03119 ( 2)
  23 F   0.00364 0.94604 0.00019 0.05014 ( 2)
  24 S   0.00362 0.95453 0.00013 0.04172 ( 2)
  25 N   0.02114 0.94845 0.00057 0.02984 ( 2)
  26 W   0.00001 0.94961 0.00000 0.05038 ( 2)
  27 T   0.04499 0.92183 0.00138 0.03180 ( 2)
  28 L   0.00008 0.94442 0.00000 0.05550 ( 2)
  29 T   0.00227 0.96439 0.00007 0.03327 ( 2)
  30 N   0.01102 0.95554 0.00034 0.03310 ( 2)
  31 R   0.00661 0.95560 0.00024 0.03754 ( 2)
  32 T   0.60436 0.36458 0.01846 0.01260 ( 1)
  33 L   0.01140 0.95169 0.00040 0.03651 ( 2)
  34 A   0.02441 0.94206 0.00076 0.03277 ( 2)
  35 -   0.36517 0.57390 0.02380 0.03714 ( 2)
  36 -   0.03255 0.90651 0.00213 0.05880 ( 2)
  37 N   0.00095 0.96893 0.00003 0.03010 ( 2)
  38 F   0.96940 0.00101 0.02955 0.00003 ( 1)
  39 N   0.84387 0.12945 0.02263 0.00405 ( 1)
  40 D   0.01447 0.95510 0.00040 0.03003 ( 2)
  41 L   0.84125 0.11123 0.04180 0.00572 ( 1)
  42 E   0.96470 0.00225 0.03296 0.00009 ( 1)
  43 R   0.09066 0.87181 0.00328 0.03425 ( 2)
  44 E   0.23350 0.73104 0.00798 0.02748 ( 2)
  45 V   0.01323 0.94799 0.00049 0.03828 ( 2)
  46 T   0.01100 0.95086 0.00040 0.03774 ( 2)
  47 D   0.00873 0.96082 0.00024 0.03022 ( 2)
  48 A   0.00089 0.94276 0.00005 0.05630 ( 2)
  49 P   0.96245 0.00449 0.03289 0.00017 ( 1)
  50 S   0.90310 0.06491 0.02962 0.00237 ( 1)
  51 L   0.94948 0.01648 0.03341 0.00063 ( 1)
  52 L   0.02914 0.92671 0.00125 0.04290 ( 2)
  53 K   0.29119 0.67437 0.00966 0.02478 ( 2)
  54 W   0.94513 0.00593 0.04863 0.00031 ( 1)
  55 L   0.79845 0.16013 0.03416 0.00726 ( 1)
  56 N   0.00068 0.96403 0.00002 0.03526 ( 2)
  57 S   0.00000 0.80882 0.00001 0.19117 ( 2)
  58 I   0.00122 0.75569 0.01192 0.23116 ( 2)
  59 E   0.00001 0.82170 0.00005 0.17825 ( 2)
  60 V   0.55153 0.40634 0.02253 0.01960 ( 1)
  61 Y   0.96672 0.00186 0.03135 0.00007 ( 1)
  62 T   0.78024 0.18404 0.02840 0.00732 ( 1)
  63 G   0.00502 0.95011 0.00022 0.04465 ( 2)
  64 A   0.00001 0.96143 0.00000 0.03856 ( 2)
  65 I   0.00296 0.96034 0.00010 0.03660 ( 2)
  66 D   0.00014 0.95215 0.00001 0.04771 ( 2)
  67 S   0.00045 0.84919 0.00152 0.14885 ( 2)
  68 H   0.00001 0.81151 0.00005 0.18844 ( 2)
  69 R   0.00063 0.94968 0.00003 0.04967 ( 2)
  70 P   0.00001 0.96379 0.00000 0.03620 ( 2)
  71 T   0.00003 0.28079 0.05493 0.66425 ( 4)
  72 S   0.00012 0.83975 0.00053 0.15960 ( 2)
  73 P   0.63311 0.33279 0.02162 0.01248 ( 1)
  74 -   0.33085 0.60822 0.02157 0.03936 ( 2)
  75 G   0.66397 0.30382 0.02134 0.01086 ( 1)
  76 E   0.00536 0.88491 0.00811 0.10162 ( 2)
  77 R   0.04086 0.91314 0.00190 0.04410 ( 2)
  78 I   0.73332 0.23235 0.02546 0.00887 ( 1)
  79 G   0.12694 0.82701 0.00589 0.04015 ( 2)
  80 V   0.31879 0.64336 0.01189 0.02596 ( 2)
  81 W   0.94513 0.00593 0.04863 0.00031 ( 1)
  82 Y   0.19657 0.76934 0.00637 0.02772 ( 2)
  83 G   0.96359 0.00522 0.03101 0.00019 ( 1)
  84 N   0.02651 0.71046 0.10940 0.15363 ( 2)
  85 R   0.00001 0.95316 0.00000 0.04683 ( 2)
  86 N   0.00059 0.06631 0.80723 0.12587 ( 3)
  87 T   0.00001 0.58587 0.00733 0.40678 ( 2)
  88 Y   0.00006 0.96100 0.00000 0.03894 ( 2)
  89 I   0.00000 0.96589 0.00000 0.03411 ( 2)
  90 N   0.00000 0.87926 0.00000 0.12073 ( 2)
  91 P   0.15452 0.80342 0.00667 0.03539 ( 2)
  92 D   0.00802 0.95801 0.00028 0.03368 ( 2)
  93 T   0.00018 0.94872 0.00001 0.05109 ( 2)
  94 N   0.00015 0.96739 0.00000 0.03246 ( 2)
  95 E   0.00036 0.95493 0.00002 0.04469 ( 2)
  96 -   0.35848 0.58059 0.02336 0.03757 ( 2)
  97 V   0.00209 0.95907 0.00008 0.03877 ( 2)
  98 S   0.00004 0.94746 0.00000 0.05250 ( 2)
  99 Y   0.00041 0.96463 0.00001 0.03495 ( 2)
 100 R   0.00738 0.95472 0.00027 0.03763 ( 2)
 101 F   0.00000 0.96358 0.00000 0.03642 ( 2)
 102 T   0.00005 0.96614 0.00000 0.03381 ( 2)
 103 G   0.91771 0.04352 0.03689 0.00187 ( 1)
 104 E   0.00005 0.96355 0.00000 0.03640 ( 2)
 105 L   0.00000 0.95778 0.00000 0.04222 ( 2)
 106 A   0.15213 0.80979 0.00562 0.03246 ( 2)
 107 Y   0.00685 0.95815 0.00022 0.03478 ( 2)
 108 E   0.38248 0.58257 0.01306 0.02189 ( 2)
 109 N   0.00045 0.95774 0.00003 0.04178 ( 2)
 110 P   0.00046 0.81210 0.00208 0.18536 ( 2)
 111 Y   0.00392 0.81801 0.01609 0.16198 ( 2)
 112 T   0.59211 0.37673 0.01808 0.01307 ( 1)
 113 F   0.04304 0.65911 0.17176 0.12608 ( 2)
 114 I   0.06935 0.89839 0.00206 0.03021 ( 2)
 115 G   0.00001 0.95523 0.00000 0.04476 ( 2)
 116 S   0.01417 0.95290 0.00048 0.03245 ( 2)
 117 F   0.01871 0.92708 0.00105 0.05316 ( 2)
 118 F   0.00002 0.95725 0.00000 0.04272 ( 2)
 119 D   0.19536 0.77466 0.00534 0.02465 ( 2)
 120 N   0.51697 0.45481 0.01384 0.01438 ( 1)
 121 D   0.97196 0.00137 0.02663 0.00004 ( 1)
 122 I   0.95337 0.01768 0.02836 0.00060 ( 1)
 123 Y   0.81578 0.13050 0.04621 0.00751 ( 1)
 124 K   0.88284 0.08473 0.02930 0.00313 ( 1)
 125 V   0.00035 0.96074 0.00001 0.03890 ( 2)
 126 A   0.00129 0.81467 0.00491 0.17913 ( 2)
 127 L   0.35320 0.60429 0.01514 0.02738 ( 2)
 128 R   0.00490 0.95618 0.00018 0.03874 ( 2)
 129 A   0.93525 0.03453 0.02901 0.00121 ( 1)
 130 A   0.57928 0.38921 0.01794 0.01357 ( 1)
 131 A   0.00000 0.69168 0.00061 0.30770 ( 2)
 132 -   0.35119 0.58788 0.02289 0.03804 ( 2)
 133 -   0.41212 0.52694 0.02684 0.03409 ( 2)
 134 -   0.41510 0.52397 0.02704 0.03390 ( 2)
 135 -   0.02812 0.91095 0.00184 0.05909 ( 2)
 136 V   0.51435 0.45367 0.01609 0.01590 ( 1)
 137 S   0.00187 0.96293 0.00006 0.03513 ( 2)
 138 T   0.00049 0.73062 0.00363 0.26525 ( 2)
 139 T   0.07737 0.88253 0.00285 0.03725 ( 2)
 140 F   0.00000 0.96280 0.00000 0.03720 ( 2)
 141 G   0.00000 0.94946 0.00000 0.05054 ( 2)
 142 S   0.00105 0.94562 0.00006 0.05328 ( 2)
 143 N   0.00000 0.96651 0.00000 0.03349 ( 2)
 144 D   0.12948 0.84051 0.00354 0.02647 ( 2)
 145 S   0.00000 0.94751 0.00000 0.05249 ( 2)
 146 T   0.12646 0.84069 0.00386 0.02898 ( 2)
 147 F   0.94630 0.02402 0.02885 0.00082 ( 1)
 148 G   0.95586 0.00548 0.03843 0.00024 ( 1)
 149 V   0.92825 0.04123 0.02907 0.00145 ( 1)
 150 S   0.25280 0.71682 0.00720 0.02318 ( 2)
 151 S   0.00002 0.95531 0.00000 0.04467 ( 2)
 152 S   0.95057 0.01760 0.03119 0.00064 ( 1)
 153 Q   0.00001 0.95009 0.00000 0.04990 ( 2)
 154 F   0.96132 0.00906 0.02931 0.00031 ( 1)
 155 F   0.94690 0.02343 0.02886 0.00080 ( 1)
 156 N   0.00013 0.96938 0.00000 0.03049 ( 2)
 157 R   0.02076 0.89985 0.00113 0.07826 ( 2)
 158 R   0.00159 0.96038 0.00006 0.03797 ( 2)
 159 G   0.75100 0.20979 0.03019 0.00903 ( 1)
 160 I   0.00002 0.96187 0.00000 0.03810 ( 2)
 161 H   0.23737 0.71197 0.01259 0.03807 ( 2)
 162 Q   0.00000 0.95801 0.00000 0.04199 ( 2)
 163 L   0.13142 0.81988 0.00656 0.04214 ( 2)
 164 Y   0.07619 0.88931 0.00247 0.03203 ( 2)
 165 E   0.00013 0.95407 0.00001 0.04579 ( 2)
 166 S   0.00082 0.95451 0.00004 0.04463 ( 2)
 167 S   0.00030 0.96654 0.00001 0.03315 ( 2)
 168 -   0.40325 0.53581 0.02627 0.03467 ( 2)
 169 -   0.42080 0.51827 0.02740 0.03353 ( 2)
 170 -   0.39737 0.54169 0.02589 0.03505 ( 2)
 171 -   0.35169 0.58738 0.02292 0.03801 ( 2)
 172 -   0.03347 0.90560 0.00219 0.05874 ( 2)
 173 -   0.42080 0.51827 0.02740 0.03353 ( 2)
 174 -   0.02870 0.91037 0.00188 0.05905 ( 2)
 175 -   0.84116 0.09791 0.05460 0.00633 ( 1)
 176 -   0.33085 0.60822 0.02157 0.03936 ( 2)
 177 -   0.39578 0.54329 0.02578 0.03515 ( 2)
 178 -   0.34226 0.59681 0.02231 0.03862 ( 2)
 179 -   0.41042 0.52865 0.02673 0.03420 ( 2)
 180 -   0.00138 0.93768 0.00009 0.06084 ( 2)
 181 -   0.39737 0.54169 0.02589 0.03505 ( 2)
 182 -   0.36030 0.57877 0.02348 0.03745 ( 2)
 183 Q   0.00000 0.95800 0.00000 0.04200 ( 2)
 184 P   0.00211 0.96180 0.00007 0.03602 ( 2)
 185 I   0.00001 0.96258 0.00000 0.03741 ( 2)
 186 P   0.00091 0.94739 0.00005 0.05164 ( 2)
 187 S   0.00104 0.96388 0.00003 0.03504 ( 2)
 188 W   0.00001 0.94891 0.00000 0.05109 ( 2)
 189 P   0.27541 0.68937 0.00941 0.02581 ( 2)
 190 I   0.87659 0.08954 0.03044 0.00342 ( 1)
 191 T   0.02443 0.94233 0.00075 0.03250 ( 2)
 192 L   0.00008 0.95436 0.00000 0.04555 ( 2)
 193 A   0.05065 0.90910 0.00189 0.03836 ( 2)
 194 F   0.05729 0.90992 0.00175 0.03104 ( 2)
 195 P   0.95809 0.00333 0.03844 0.00014 ( 1)
 196 G   0.86204 0.09905 0.03465 0.00426 ( 1)
 197 E   0.22118 0.74334 0.00756 0.02792 ( 2)
 198 E   0.54085 0.42472 0.01846 0.01597 ( 1)
 199 S   0.88672 0.07070 0.03927 0.00331 ( 1)
 200 S   0.00033 0.95487 0.00001 0.04479 ( 2)
 201 E   0.00106 0.96273 0.00004 0.03617 ( 2)
 202 G   0.20086 0.75845 0.00809 0.03259 ( 2)
 203 N   0.85362 0.11974 0.02289 0.00375 ( 1)
 204 A   0.15060 0.81119 0.00557 0.03264 ( 2)
 205 N   0.92958 0.04409 0.02495 0.00138 ( 1)
 206 D   0.96615 0.00716 0.02646 0.00023 ( 1)
 207 Y   0.96636 0.00222 0.03134 0.00008 ( 1)
 208 S   0.94750 0.02464 0.02706 0.00080 ( 1)
 209 H   0.96932 0.00066 0.03000 0.00002 ( 1)
 210 R   0.01103 0.94236 0.00051 0.04610 ( 2)
 211 L   0.94380 0.01233 0.04327 0.00059 ( 1)
 212 C   0.70984 0.25681 0.02384 0.00951 ( 1)
 213 D   0.75430 0.21812 0.02063 0.00695 ( 1)
 214 V   0.94322 0.00810 0.04825 0.00043 ( 1)
 215 K   0.06691 0.89788 0.00222 0.03298 ( 2)
 216 N   0.92958 0.04409 0.02495 0.00138 ( 1)
 217 I   0.51967 0.44975 0.01543 0.01514 ( 1)
 218 T   0.92635 0.03839 0.03373 0.00153 ( 1)
 219 G   0.76740 0.19343 0.03085 0.00832 ( 1)
 220 G   0.92020 0.04104 0.03699 0.00177 ( 1)
 221 L   0.86896 0.09674 0.03057 0.00372 ( 1)
 222 R   0.52207 0.44047 0.01961 0.01785 ( 1)
 223 Q   0.90368 0.05665 0.03718 0.00249 ( 1)
 224 T   0.02581 0.93609 0.00094 0.03715 ( 2)
 225 P   0.00104 0.96138 0.00004 0.03754 ( 2)
 226 A   0.02352 0.92654 0.00121 0.04873 ( 2)
 227 R   0.03069 0.92329 0.00142 0.04460 ( 2)
 228 G   0.29392 0.65577 0.01531 0.03500 ( 2)
 229 -   0.39031 0.54876 0.02543 0.03551 ( 2)
 230 R   0.40144 0.56077 0.01508 0.02271 ( 2)
 231 S   0.51102 0.45566 0.01675 0.01657 ( 1)
 232 S   0.54737 0.41939 0.01795 0.01529 ( 1)
 233 L   0.87095 0.08780 0.03726 0.00399 ( 1)
 234 L   0.22794 0.72923 0.00978 0.03304 ( 2)
 235 S   0.05758 0.89789 0.00256 0.04197 ( 2)
 236 H   0.90680 0.06296 0.02805 0.00218 ( 1)
 237 A   0.34684 0.61566 0.01281 0.02468 ( 2)
 238 W   0.94513 0.00593 0.04863 0.00031 ( 1)
 239 T   0.95411 0.01072 0.03474 0.00043 ( 1)
 240 H   0.96932 0.00066 0.03000 0.00002 ( 1)
 241 S   0.00000 0.96508 0.00000 0.03492 ( 2)
 242 -   0.84966 0.08941 0.05515 0.00578 ( 1)

