Supplemental results for CODEML (seqf: algn  treef: tree)


dN/dS (w) for site classes (K=4)

site class             0        1       2a       2b
proportion       0.31905  0.34160  0.16389  0.17547
background w     0.08742  1.00000  0.08742  1.00000
foreground w     0.08742  1.00000  1.00000  1.00000

Naive Empirical Bayes (NEB) probabilities for 4 classes
(amino acids refer to 1st sequence: BT_Cry7Cb1)

   1 E   0.83188 0.01598 0.14393 0.00821 ( 1)
   2 T   0.80459 0.00833 0.18280 0.00428 ( 1)
   3 V   0.01356 0.64872 0.00449 0.33323 ( 2)
   4 T   0.67109 0.11657 0.15247 0.05988 ( 1)
   5 E   0.72415 0.04305 0.21069 0.02211 ( 1)
   6 L   0.79762 0.01323 0.18236 0.00679 ( 1)
   7 T   0.80459 0.00833 0.18280 0.00428 ( 1)
   8 R   0.81661 0.00291 0.17899 0.00149 ( 1)
   9 Q   0.79652 0.01891 0.17486 0.00971 ( 1)
  10 I   0.28231 0.01961 0.68801 0.01007 ( 3)
  11 F   0.24357 0.44404 0.08429 0.22809 ( 2)
  12 T   0.82552 0.00640 0.16479 0.00329 ( 1)
  13 D   0.81069 0.00749 0.17797 0.00385 ( 1)
  14 P   0.79311 0.00511 0.19916 0.00262 ( 1)
  15 I   0.21571 0.07744 0.66708 0.03978 ( 3)
  16 G   0.81797 0.01524 0.15897 0.00783 ( 1)
  17 L   0.46284 0.24219 0.17056 0.12441 ( 1)
  18 R   0.09196 0.56868 0.04724 0.29212 ( 2)
  19 G   0.49921 0.16143 0.25643 0.08292 ( 1)
  20 I   0.56808 0.09257 0.29181 0.04755 ( 1)
  21 N   0.57792 0.08272 0.29686 0.04249 ( 1)
  22 E   0.45685 0.20379 0.23467 0.10468 ( 1)
  23 S   0.08917 0.57148 0.04580 0.29355 ( 2)
  24 K   0.54652 0.11413 0.28073 0.05862 ( 1)
  25 Y   0.53115 0.12950 0.27284 0.06652 ( 1)
  26 P   0.75364 0.00449 0.23956 0.00231 ( 1)
  27 D   0.73450 0.01715 0.23955 0.00881 ( 1)
  28 W   0.70489 0.00815 0.28277 0.00419 ( 1)
  29 Y   0.54071 0.15123 0.23038 0.07768 ( 1)
  30 G   0.07499 0.59779 0.02015 0.30707 ( 2)
  31 A   0.00313 0.64923 0.01415 0.33349 ( 2)
  32 A   0.02577 0.60460 0.05906 0.31057 ( 2)
  33 S   0.64479 0.10983 0.18896 0.05642 ( 1)
  34 -   0.78383 0.05323 0.13560 0.02734 ( 1)
  35 -   0.60117 0.13556 0.19363 0.06964 ( 1)
  36 D   0.00018 0.66049 0.00005 0.33928 ( 2)
  37 S   0.01169 0.65028 0.00400 0.33403 ( 2)
  38 F   0.76767 0.01382 0.21141 0.00710 ( 1)
  39 S   0.01058 0.65162 0.00308 0.33472 ( 2)
  40 L   0.43052 0.29347 0.12526 0.15075 ( 1)
  41 I   0.82526 0.00469 0.16764 0.00241 ( 1)
  42 E   0.81680 0.00257 0.17931 0.00132 ( 1)
  43 N   0.77689 0.03665 0.16764 0.01882 ( 1)
  44 R   0.00318 0.65804 0.00075 0.33802 ( 2)
  45 A   0.71765 0.07813 0.16408 0.04013 ( 1)
  46 V   0.14783 0.54141 0.03265 0.27811 ( 2)
  47 P   0.19719 0.47249 0.08762 0.24271 ( 2)
  48 Q   0.00856 0.63359 0.03238 0.32546 ( 2)
  49 P   0.27118 0.01787 0.70177 0.00918 ( 3)
  50 S   0.00007 0.65840 0.00332 0.33820 ( 2)
  51 L   0.02160 0.52802 0.17915 0.27123 ( 2)
  52 F   0.68783 0.06580 0.21257 0.03380 ( 1)
  53 Q   0.62110 0.16083 0.13545 0.08262 ( 1)
  54 W   0.03789 0.62900 0.01001 0.32310 ( 2)
  55 L   0.66575 0.03205 0.28574 0.01646 ( 1)
  56 T   0.00382 0.65374 0.00662 0.33581 ( 2)
  57 E   0.01038 0.63473 0.02885 0.32604 ( 2)
  58 F   0.64161 0.13985 0.14669 0.07184 ( 1)
  59 K   0.00077 0.65995 0.00028 0.33900 ( 2)
  60 V   0.05311 0.61188 0.02070 0.31431 ( 2)
  61 Y   0.00014 0.66053 0.00004 0.33930 ( 2)
  62 T   0.01410 0.64767 0.00555 0.33269 ( 2)
  63 K   0.11015 0.37436 0.32318 0.19230 ( 2)
  64 Y   0.00004 0.66061 0.00001 0.33934 ( 2)
  65 V   0.60136 0.15855 0.15864 0.08145 ( 1)
  66 E   0.00020 0.66046 0.00008 0.33926 ( 2)
  67 P   0.12165 0.55059 0.04494 0.28282 ( 2)
  68 N   0.01678 0.64523 0.00656 0.33144 ( 2)
  69 D   0.01340 0.17254 0.72543 0.08863 ( 3)
  70 K   0.00700 0.65410 0.00291 0.33600 ( 2)
  71 L   0.00002 0.66007 0.00085 0.33906 ( 2)
  72 T   0.00838 0.63610 0.02878 0.32675 ( 2)
  73 I   0.59613 0.06451 0.30622 0.03314 ( 1)
  74 L   0.04212 0.62657 0.00945 0.32185 ( 2)
  75 A   0.00435 0.54323 0.17337 0.27904 ( 2)
  76 G   0.02211 0.61223 0.05117 0.31449 ( 2)
  77 H   0.00580 0.65546 0.00205 0.33669 ( 2)
  78 S   0.50533 0.24127 0.12946 0.12394 ( 1)
  79 V   0.38866 0.32625 0.11750 0.16759 ( 1)
  80 T   0.06442 0.60876 0.01412 0.31270 ( 2)
  81 T   0.81720 0.00614 0.17352 0.00315 ( 1)
  82 Q   0.00068 0.65975 0.00067 0.33890 ( 2)
  83 Y   0.11407 0.55297 0.04891 0.28405 ( 2)
  84 T   0.09538 0.57659 0.03186 0.29618 ( 2)
  85 S   0.00051 0.65927 0.00156 0.33865 ( 2)
  86 Y   0.00126 0.65747 0.00355 0.33773 ( 2)
  87 Y   0.06447 0.61068 0.01115 0.31369 ( 2)
  88 K   0.00048 0.66005 0.00041 0.33905 ( 2)
  89 K   0.00253 0.65834 0.00095 0.33817 ( 2)
  90 -   0.00686 0.65378 0.00352 0.33583 ( 2)
  91 -   0.01385 0.35543 0.44815 0.18257 ( 3)
  92 -   0.03434 0.58051 0.08697 0.29819 ( 2)
  93 -   0.00195 0.65655 0.00425 0.33725 ( 2)
  94 -   0.00070 0.64276 0.02637 0.33017 ( 2)
  95 -   0.02434 0.63794 0.01003 0.32769 ( 2)
  96 -   0.01674 0.34692 0.45814 0.17820 ( 3)
  97 -   0.19712 0.48886 0.06291 0.25111 ( 2)
  98 -   0.44288 0.25068 0.17766 0.12877 ( 1)
  99 -   0.60103 0.14805 0.17487 0.07605 ( 1)
 100 -   0.56379 0.18907 0.15002 0.09712 ( 1)
 101 -   0.12260 0.29268 0.43438 0.15034 ( 3)
 102 -   0.71771 0.08336 0.15611 0.04282 ( 1)
 103 -   0.28715 0.42742 0.06588 0.21955 ( 2)
 104 -   0.71771 0.08336 0.15611 0.04282 ( 1)
 105 -   0.00158 0.65805 0.00235 0.33802 ( 2)
 106 -   0.02554 0.58065 0.09555 0.29827 ( 2)
 107 -   0.11501 0.34680 0.36005 0.17814 ( 3)
 108 -   0.00157 0.61547 0.06680 0.31615 ( 2)
 109 -   0.22277 0.47595 0.05680 0.24448 ( 2)
 110 -   0.00008 0.66014 0.00068 0.33910 ( 2)
 111 -   0.57016 0.17179 0.16980 0.08824 ( 1)
 112 -   0.07264 0.58834 0.03680 0.30222 ( 2)
 113 -   0.00132 0.63370 0.03946 0.32552 ( 2)
 114 -   0.28591 0.42421 0.07198 0.21791 ( 2)
 115 -   0.19090 0.49543 0.05919 0.25449 ( 2)
 116 -   0.03919 0.57086 0.09671 0.29324 ( 2)
 117 -   0.01405 0.64810 0.00494 0.33291 ( 2)
 118 S   0.06390 0.60849 0.01504 0.31257 ( 2)
 119 T   0.80526 0.02393 0.15851 0.01229 ( 1)
 120 F   0.25345 0.00877 0.73327 0.00450 ( 3)
 121 T   0.21129 0.14576 0.56808 0.07487 ( 3)
 122 Y   0.07315 0.39484 0.32919 0.20282 ( 2)
 123 G   0.26468 0.14927 0.50936 0.07668 ( 3)
 124 D   0.08354 0.58953 0.02410 0.30283 ( 2)
 125 T   0.03563 0.56516 0.10890 0.29031 ( 2)
 126 S   0.70899 0.08511 0.16217 0.04372 ( 1)
 127 S   0.00426 0.65203 0.00878 0.33493 ( 2)
 128 A   0.07627 0.59346 0.02542 0.30485 ( 2)
 129 N   0.41104 0.32948 0.09024 0.16924 ( 1)
 130 S   0.07531 0.59706 0.02094 0.30670 ( 2)
 131 S   0.03472 0.63270 0.00757 0.32500 ( 2)
 132 R   0.00456 0.65711 0.00079 0.33754 ( 2)
 133 T   0.11893 0.32407 0.39053 0.16647 ( 3)
 134 F   0.12694 0.23781 0.51309 0.12216 ( 3)
 135 D   0.27415 0.40945 0.10607 0.21033 ( 2)
 136 L   0.00746 0.36476 0.44041 0.18737 ( 3)
 137 L   0.74575 0.01074 0.23799 0.00552 ( 1)
 138 A   0.71788 0.09297 0.14139 0.04776 ( 1)
 139 K   0.72283 0.06008 0.18624 0.03086 ( 1)
 140 D   0.01258 0.16949 0.73087 0.08706 ( 3)
 141 V   0.14680 0.53544 0.04271 0.27504 ( 2)
 142 Y   0.12305 0.27288 0.46389 0.14017 ( 3)
 143 Q   0.00503 0.57537 0.12405 0.29555 ( 2)
 144 V   0.00034 0.65978 0.00097 0.33891 ( 2)
 145 D   0.69573 0.11049 0.13702 0.05676 ( 1)
 146 S   0.00433 0.39859 0.39234 0.20474 ( 2)
 147 V   0.00012 0.66033 0.00036 0.33919 ( 2)
 148 A   0.69994 0.02823 0.25732 0.01450 ( 1)
 149 A   0.00004 0.66061 0.00002 0.33934 ( 2)
 150 A   0.01789 0.32565 0.48918 0.16728 ( 3)
 151 S   0.00444 0.52094 0.20702 0.26759 ( 2)
 152 K   0.74900 0.03674 0.19538 0.01887 ( 1)
 153 S   0.00760 0.06112 0.89989 0.03139 ( 3)
 154 A   0.28411 0.39879 0.11226 0.20485 ( 2)
 155 T   0.63308 0.14417 0.14869 0.07406 ( 1)
 156 W   0.01052 0.65012 0.00540 0.33395 ( 2)
 157 Y   0.53115 0.12950 0.27284 0.06652 ( 1)
 158 L   0.00637 0.65427 0.00327 0.33608 ( 2)
 159 A   0.45724 0.20340 0.23487 0.10448 ( 1)
 160 V   0.52308 0.13756 0.26869 0.07066 ( 1)
 161 P   0.53625 0.12439 0.27546 0.06390 ( 1)
 162 E   0.00019 0.66045 0.00010 0.33926 ( 2)
 163 M   0.00032 0.65941 0.00155 0.33872 ( 2)
 164 R   0.00977 0.64561 0.01298 0.33164 ( 2)
 165 L   0.00331 0.65364 0.00730 0.33576 ( 2)
 166 Y   0.55141 0.19521 0.15311 0.10027 ( 1)
 167 S   0.00526 0.64863 0.01292 0.33319 ( 2)
 168 I   0.01352 0.14171 0.77198 0.07279 ( 3)
 169 N   0.26529 0.43606 0.07466 0.22399 ( 2)
 170 T   0.00317 0.65801 0.00082 0.33800 ( 2)
 171 N   0.00423 0.64449 0.02023 0.33106 ( 2)
 172 N   0.05649 0.61381 0.01441 0.31530 ( 2)
 173 I   0.00001 0.66063 0.00001 0.33935 ( 2)
 174 L   0.22935 0.46415 0.06809 0.23842 ( 2)
 175 S   0.02715 0.04044 0.91164 0.02077 ( 3)
 176 E   0.76009 0.05823 0.15176 0.02991 ( 1)
 177 D   0.17880 0.48184 0.09185 0.24751 ( 2)
 178 Y   0.01056 0.65008 0.00542 0.33393 ( 2)
 179 F   0.52490 0.13574 0.26963 0.06973 ( 1)
 180 S   0.02570 0.02906 0.93031 0.01493 ( 3)
 181 L   0.10969 0.56893 0.02913 0.29225 ( 2)
 182 S   0.00023 0.65980 0.00105 0.33892 ( 2)
 183 T   0.58134 0.19284 0.12677 0.09906 ( 1)
 184 N   0.28404 0.10797 0.55252 0.05546 ( 3)
 185 I   0.82526 0.00469 0.16764 0.00241 ( 1)
 186 P   0.78792 0.00632 0.20251 0.00325 ( 1)
 187 S   0.56055 0.19372 0.14622 0.09951 ( 1)
 188 S   0.14294 0.40397 0.24558 0.20751 ( 2)
 189 K   0.11061 0.55774 0.04515 0.28650 ( 2)
 190 M   0.00023 0.66044 0.00007 0.33925 ( 2)
 191 R   0.10782 0.56889 0.03106 0.29223 ( 2)
 192 R   0.00894 0.63958 0.02295 0.32853 ( 2)
 193 M   0.04682 0.62126 0.01279 0.31913 ( 2)
 194 Y   0.54730 0.16171 0.20792 0.08307 ( 1)
 195 S   0.36267 0.36765 0.08082 0.18885 ( 2)
 196 S   0.65267 0.10506 0.18831 0.05397 ( 1)
 197 E   0.82011 0.02308 0.14496 0.01185 ( 1)
 198 E   0.11927 0.54137 0.06127 0.27809 ( 2)
 199 L   0.47333 0.18731 0.24314 0.09622 ( 1)
 200 P   0.39471 0.26593 0.20276 0.13660 ( 1)
 201 I   0.55162 0.10902 0.28335 0.05600 ( 1)
 202 G   0.16040 0.50025 0.08239 0.25696 ( 2)
 203 I   0.01780 0.64285 0.00914 0.33021 ( 2)
 204 S   0.07048 0.59016 0.03620 0.30315 ( 2)
 205 D   0.54186 0.11879 0.27834 0.06102 ( 1)
 206 T   0.00125 0.65939 0.00064 0.33871 ( 2)
 207 P   0.53625 0.12439 0.27546 0.06390 ( 1)
 208 I   0.56808 0.09257 0.29181 0.04755 ( 1)
 209 Y   0.53115 0.12950 0.27284 0.06652 ( 1)
 210 G   0.49921 0.16143 0.25643 0.08292 ( 1)
 211 D   0.57233 0.08832 0.29399 0.04537 ( 1)
 212 L   0.35314 0.30750 0.18140 0.15796 ( 1)
 213 E   0.43940 0.22125 0.22571 0.11365 ( 1)
 214 E   0.53590 0.12474 0.27528 0.06408 ( 1)
 215 Y   0.81263 0.00276 0.18320 0.00142 ( 1)
 216 S   0.31889 0.36600 0.12710 0.18801 ( 2)
 217 H   0.82619 0.00153 0.17148 0.00079 ( 1)
 218 R   0.81257 0.00616 0.17811 0.00316 ( 1)
 219 L   0.74486 0.01260 0.23606 0.00647 ( 1)
 220 S   0.76167 0.04773 0.16609 0.02452 ( 1)
 221 F   0.23720 0.44087 0.09548 0.22646 ( 2)
 222 I   0.71425 0.09292 0.14510 0.04773 ( 1)
 223 S   0.13976 0.13172 0.66086 0.06766 ( 3)
 224 E   0.48794 0.24528 0.14078 0.12599 ( 1)
 225 I   0.77239 0.01061 0.21155 0.00545 ( 1)
 226 M   0.12820 0.55152 0.03699 0.28330 ( 2)
 227 H   0.00302 0.65084 0.01182 0.33432 ( 2)
 228 N   0.00290 0.65216 0.00993 0.33500 ( 2)
 229 S   0.47665 0.23081 0.17397 0.11856 ( 1)
 230 G   0.00027 0.65659 0.00586 0.33728 ( 2)
 231 S   0.04251 0.62325 0.01409 0.32015 ( 2)
 232 V   0.31905 0.34160 0.16389 0.17547 ( 2)
 233 T   0.31905 0.34160 0.16389 0.17547 ( 2)
 234 G   0.31905 0.34160 0.16389 0.17547 ( 2)
 235 S   0.31905 0.34160 0.16389 0.17547 ( 2)
 236 N   0.31905 0.34160 0.16389 0.17547 ( 2)
 237 N   0.61956 0.13474 0.17649 0.06921 ( 1)
 238 I   0.71332 0.10610 0.12608 0.05450 ( 1)
 239 K   0.77153 0.03922 0.16911 0.02015 ( 1)
 240 G   0.50168 0.20825 0.18310 0.10697 ( 1)
 241 I   0.67878 0.13464 0.11742 0.06916 ( 1)
 242 I   0.83965 0.00323 0.15546 0.00166 ( 1)
 243 P   0.12767 0.30943 0.40395 0.15895 ( 3)
 244 V   0.77619 0.03253 0.17458 0.01671 ( 1)
 245 L   0.68081 0.10947 0.15348 0.05623 ( 1)
 246 G   0.78568 0.00620 0.20494 0.00318 ( 1)
 247 W   0.70489 0.00815 0.28277 0.00419 ( 1)
 248 T   0.72115 0.01679 0.25344 0.00862 ( 1)
 249 H   0.82619 0.00153 0.17148 0.00079 ( 1)
 250 T   0.00289 0.63892 0.03000 0.32820 ( 2)
 251 S   0.62163 0.03902 0.31931 0.02004 ( 1)


lnL = -3458.567754

