Supplemental results for CODEML (seqf: algn  treef: tree)


dN/dS (w) for site classes (K=4)

site class             0        1       2a       2b
proportion       0.82869  0.17131  0.00000  0.00000
background w     0.11531  1.00000  0.11531  1.00000
foreground w     0.11531  1.00000  1.00000  1.00000

Naive Empirical Bayes (NEB) probabilities for 4 classes
(amino acids refer to 1st sequence: BT_Cry1Fa1)

   1 -   0.95111 0.04889 0.00000 0.00000 ( 1)
   2 -   0.34691 0.65309 0.00000 0.00000 ( 2)
   3 -   0.66992 0.33008 0.00000 0.00000 ( 1)
   4 -   0.99990 0.00010 0.00000 0.00000 ( 1)
   5 R   0.96009 0.03991 0.00000 0.00000 ( 1)
   6 I   0.99997 0.00003 0.00000 0.00000 ( 1)
   7 T   0.99967 0.00033 0.00000 0.00000 ( 1)
   8 Q   0.99963 0.00037 0.00000 0.00000 ( 1)
   9 I   0.99970 0.00030 0.00000 0.00000 ( 1)
  10 P   0.99991 0.00009 0.00000 0.00000 ( 1)
  11 L   0.96593 0.03407 0.00000 0.00000 ( 1)
  12 V   0.99995 0.00005 0.00000 0.00000 ( 1)
  13 K   0.99983 0.00017 0.00000 0.00000 ( 1)
  14 A   0.99928 0.00072 0.00000 0.00000 ( 1)
  15 H   0.99939 0.00061 0.00000 0.00000 ( 1)
  16 T   0.99879 0.00121 0.00000 0.00000 ( 1)
  17 L   0.94958 0.05042 0.00000 0.00000 ( 1)
  18 Q   0.01527 0.98473 0.00000 0.00000 ( 2)
  19 S   0.99894 0.00106 0.00000 0.00000 ( 1)
  20 G   0.99994 0.00006 0.00000 0.00000 ( 1)
  21 T   0.99875 0.00125 0.00000 0.00000 ( 1)
  22 T   0.99264 0.00736 0.00000 0.00000 ( 1)
  23 V   0.99990 0.00010 0.00000 0.00000 ( 1)
  24 V   0.99806 0.00194 0.00000 0.00000 ( 1)
  25 R   0.01165 0.98835 0.00000 0.00000 ( 2)
  26 G   0.99996 0.00004 0.00000 0.00000 ( 1)
  27 P   0.99335 0.00665 0.00000 0.00000 ( 1)
  28 G   0.99941 0.00059 0.00000 0.00000 ( 1)
  29 F   0.99999 0.00001 0.00000 0.00000 ( 1)
  30 T   0.99993 0.00007 0.00000 0.00000 ( 1)
  31 G   0.99998 0.00002 0.00000 0.00000 ( 1)
  32 G   0.99994 0.00006 0.00000 0.00000 ( 1)
  33 D   0.99977 0.00023 0.00000 0.00000 ( 1)
  34 I   0.97735 0.02265 0.00000 0.00000 ( 1)
  35 L   0.99628 0.00372 0.00000 0.00000 ( 1)
  36 -   0.83983 0.16017 0.00000 0.00000 ( 1)
  37 R   0.08647 0.91353 0.00000 0.00000 ( 2)
  38 R   0.99972 0.00028 0.00000 0.00000 ( 1)
  39 T   0.96822 0.03178 0.00000 0.00000 ( 1)
  40 S   0.99356 0.00644 0.00000 0.00000 ( 1)
  41 G   0.73663 0.26337 0.00000 0.00000 ( 1)
  42 G   0.99897 0.00103 0.00000 0.00000 ( 1)
  43 P   0.62861 0.37139 0.00000 0.00000 ( 1)
  44 F   0.90138 0.09862 0.00000 0.00000 ( 1)
  45 A   0.99990 0.00010 0.00000 0.00000 ( 1)
  46 Y   0.03595 0.96405 0.00000 0.00000 ( 2)
  47 T   0.07887 0.92113 0.00000 0.00000 ( 2)
  48 I   0.06687 0.93313 0.00000 0.00000 ( 2)
  49 V   0.99995 0.00005 0.00000 0.00000 ( 1)
  50 N   0.95014 0.04986 0.00000 0.00000 ( 1)
  51 I   0.70040 0.29960 0.00000 0.00000 ( 1)
  52 N   0.98180 0.01820 0.00000 0.00000 ( 1)
  53 G   0.00011 0.99989 0.00000 0.00000 ( 2)
  54 -   0.86410 0.13590 0.00000 0.00000 ( 1)
  55 Q   0.00051 0.99949 0.00000 0.00000 ( 2)
  56 L   0.99925 0.00075 0.00000 0.00000 ( 1)
  57 P   0.98304 0.01696 0.00000 0.00000 ( 1)
  58 Q   0.99983 0.00017 0.00000 0.00000 ( 1)
  59 R   0.99902 0.00098 0.00000 0.00000 ( 1)
  60 Y   0.99998 0.00002 0.00000 0.00000 ( 1)
  61 R   0.99424 0.00576 0.00000 0.00000 ( 1)
  62 A   0.99614 0.00386 0.00000 0.00000 ( 1)
  63 R   0.99999 0.00001 0.00000 0.00000 ( 1)
  64 I   0.99981 0.00019 0.00000 0.00000 ( 1)
  65 R   0.99283 0.00717 0.00000 0.00000 ( 1)
  66 Y   0.99992 0.00008 0.00000 0.00000 ( 1)
  67 A   0.98238 0.01762 0.00000 0.00000 ( 1)
  68 S   0.99998 0.00002 0.00000 0.00000 ( 1)
  69 T   0.99996 0.00004 0.00000 0.00000 ( 1)
  70 T   0.99998 0.00002 0.00000 0.00000 ( 1)
  71 N   0.99759 0.00241 0.00000 0.00000 ( 1)
  72 L   0.92994 0.07006 0.00000 0.00000 ( 1)
  73 R   0.99935 0.00065 0.00000 0.00000 ( 1)
  74 I   0.93056 0.06944 0.00000 0.00000 ( 1)
  75 Y   0.93966 0.06034 0.00000 0.00000 ( 1)
  76 V   0.93762 0.06238 0.00000 0.00000 ( 1)
  77 T   0.83630 0.16370 0.00000 0.00000 ( 1)
  78 V   0.54362 0.45638 0.00000 0.00000 ( 1)
  79 A   0.99917 0.00083 0.00000 0.00000 ( 1)
  80 G   0.98532 0.01468 0.00000 0.00000 ( 1)
  81 E   0.01333 0.98667 0.00000 0.00000 ( 2)
  82 R   0.97232 0.02768 0.00000 0.00000 ( 1)
  83 I   0.99750 0.00250 0.00000 0.00000 ( 1)
  84 F   0.96866 0.03134 0.00000 0.00000 ( 1)
  85 A   0.99586 0.00414 0.00000 0.00000 ( 1)
  86 G   0.94494 0.05506 0.00000 0.00000 ( 1)
  87 Q   0.01773 0.98227 0.00000 0.00000 ( 2)
  88 F   0.98903 0.01097 0.00000 0.00000 ( 1)
  89 N   0.99704 0.00296 0.00000 0.00000 ( 1)
  90 K   0.99999 0.00001 0.00000 0.00000 ( 1)
  91 T   0.99995 0.00005 0.00000 0.00000 ( 1)
  92 M   0.99988 0.00012 0.00000 0.00000 ( 1)
  93 D   0.93882 0.06118 0.00000 0.00000 ( 1)
  94 T   0.93128 0.06872 0.00000 0.00000 ( 1)
  95 G   0.98624 0.01376 0.00000 0.00000 ( 1)
  96 D   0.15931 0.84069 0.00000 0.00000 ( 2)
  97 P   0.24717 0.75283 0.00000 0.00000 ( 2)
  98 L   0.99766 0.00234 0.00000 0.00000 ( 1)
  99 T   0.99947 0.00053 0.00000 0.00000 ( 1)
 100 F   0.98728 0.01272 0.00000 0.00000 ( 1)
 101 Q   0.82571 0.17429 0.00000 0.00000 ( 1)
 102 S   0.99700 0.00300 0.00000 0.00000 ( 1)
 103 F   0.99992 0.00008 0.00000 0.00000 ( 1)
 104 S   0.73562 0.26438 0.00000 0.00000 ( 1)
 105 Y   0.01631 0.98369 0.00000 0.00000 ( 2)
 106 A   0.99973 0.00027 0.00000 0.00000 ( 1)
 107 T   0.99998 0.00002 0.00000 0.00000 ( 1)
 108 I   0.99859 0.00141 0.00000 0.00000 ( 1)
 109 N   0.01572 0.98428 0.00000 0.00000 ( 2)
 110 T   0.99459 0.00541 0.00000 0.00000 ( 1)
 111 A   0.94325 0.05675 0.00000 0.00000 ( 1)
 112 F   0.99813 0.00187 0.00000 0.00000 ( 1)
 113 T   0.99631 0.00369 0.00000 0.00000 ( 1)
 114 F   0.99981 0.00019 0.00000 0.00000 ( 1)
 115 P   0.73467 0.26533 0.00000 0.00000 ( 1)
 116 M   0.00594 0.99406 0.00000 0.00000 ( 2)
 117 S   0.00036 0.99964 0.00000 0.00000 ( 2)
 118 Q   0.00000 1.00000 0.00000 0.00000 ( 2)
 119 S   0.99521 0.00479 0.00000 0.00000 ( 1)
 120 S   0.41522 0.58478 0.00000 0.00000 ( 2)
 121 F   0.24183 0.75817 0.00000 0.00000 ( 2)
 122 T   0.99965 0.00035 0.00000 0.00000 ( 1)
 123 V   0.99848 0.00152 0.00000 0.00000 ( 1)
 124 G   0.99999 0.00001 0.00000 0.00000 ( 1)
 125 A   0.99981 0.00019 0.00000 0.00000 ( 1)
 126 D   0.99997 0.00003 0.00000 0.00000 ( 1)
 127 T   0.36242 0.63758 0.00000 0.00000 ( 2)
 128 F   0.99995 0.00005 0.00000 0.00000 ( 1)
 129 S   0.04547 0.95453 0.00000 0.00000 ( 2)
 130 S   0.98294 0.01706 0.00000 0.00000 ( 1)
 131 G   0.92885 0.07115 0.00000 0.00000 ( 1)
 132 N   0.97602 0.02398 0.00000 0.00000 ( 1)
 133 E   0.99868 0.00132 0.00000 0.00000 ( 1)
 134 V   0.99978 0.00022 0.00000 0.00000 ( 1)
 135 Y   0.99998 0.00002 0.00000 0.00000 ( 1)
 136 I   0.93301 0.06699 0.00000 0.00000 ( 1)
 137 D   0.99999 0.00001 0.00000 0.00000 ( 1)
 138 R   0.99748 0.00252 0.00000 0.00000 ( 1)
 139 F   0.94506 0.05494 0.00000 0.00000 ( 1)
 140 E   0.99999 0.00001 0.00000 0.00000 ( 1)
 141 L   0.75131 0.24869 0.00000 0.00000 ( 1)
 142 I   0.99955 0.00045 0.00000 0.00000 ( 1)
 143 P   0.82869 0.17131 0.00000 0.00000 ( 1)


lnL = -2522.364867

Bayes Empirical Bayes (BEB) probabilities for 4 classes (class)
(amino acids refer to 1st sequence: BT_Cry1Fa1)

   1 -   0.91567 0.04692 0.03556 0.00186 ( 1)
   2 -   0.51597 0.44661 0.01989 0.01753 ( 1)
   3 -   0.74944 0.21315 0.02901 0.00841 ( 1)
   4 -   0.96246 0.00012 0.03741 0.00000 ( 1)
   5 R   0.95750 0.02275 0.01921 0.00054 ( 1)
   6 I   0.98841 0.00004 0.01154 0.00000 ( 1)
   7 T   0.98866 0.00037 0.01096 0.00001 ( 1)
   8 Q   0.98425 0.00039 0.01535 0.00001 ( 1)
   9 I   0.98912 0.00033 0.01055 0.00001 ( 1)
  10 P   0.98735 0.00011 0.01254 0.00000 ( 1)
  11 L   0.95305 0.02393 0.02238 0.00064 ( 1)
  12 V   0.98906 0.00006 0.01088 0.00000 ( 1)
  13 K   0.98796 0.00020 0.01184 0.00000 ( 1)
  14 A   0.98815 0.00071 0.01113 0.00001 ( 1)
  15 H   0.98875 0.00046 0.01078 0.00001 ( 1)
  16 T   0.98466 0.00121 0.01411 0.00003 ( 1)
  17 L   0.95551 0.03307 0.01085 0.00057 ( 1)
  18 Q   0.05758 0.91489 0.00149 0.02604 ( 2)
  19 S   0.98420 0.00096 0.01482 0.00002 ( 1)
  20 G   0.99011 0.00007 0.00981 0.00000 ( 1)
  21 T   0.98838 0.00107 0.01052 0.00002 ( 1)
  22 T   0.98416 0.00568 0.01005 0.00011 ( 1)
  23 V   0.98990 0.00011 0.00999 0.00000 ( 1)
  24 V   0.98679 0.00162 0.01156 0.00003 ( 1)
  25 R   0.04757 0.91634 0.00694 0.02915 ( 2)
  26 G   0.97550 0.00005 0.02445 0.00000 ( 1)
  27 P   0.97237 0.00462 0.02289 0.00013 ( 1)
  28 G   0.97491 0.00064 0.02444 0.00002 ( 1)
  29 F   0.98994 0.00002 0.01004 0.00000 ( 1)
  30 T   0.98067 0.00010 0.01923 0.00000 ( 1)
  31 G   0.98831 0.00002 0.01167 0.00000 ( 1)
  32 G   0.98806 0.00007 0.01187 0.00000 ( 1)
  33 D   0.99031 0.00021 0.00947 0.00000 ( 1)
  34 I   0.97068 0.01628 0.01270 0.00033 ( 1)
  35 L   0.98311 0.00330 0.01351 0.00007 ( 1)
  36 -   0.83205 0.13053 0.03226 0.00516 ( 1)
  37 R   0.21274 0.76449 0.00433 0.01843 ( 2)
  38 R   0.97943 0.00028 0.02029 0.00001 ( 1)
  39 T   0.96990 0.01884 0.01089 0.00037 ( 1)
  40 S   0.98735 0.00401 0.00858 0.00006 ( 1)
  41 G   0.82876 0.15854 0.00987 0.00283 ( 1)
  42 G   0.98753 0.00082 0.01164 0.00001 ( 1)
  43 P   0.77510 0.21136 0.00978 0.00376 ( 1)
  44 F   0.93295 0.05626 0.00982 0.00096 ( 1)
  45 A   0.99015 0.00011 0.00974 0.00000 ( 1)
  46 Y   0.12712 0.84068 0.00432 0.02787 ( 2)
  47 T   0.21418 0.74776 0.00852 0.02954 ( 2)
  48 I   0.20549 0.71449 0.04533 0.03468 ( 2)
  49 V   0.98998 0.00007 0.00995 0.00000 ( 1)
  50 N   0.95894 0.03127 0.00922 0.00057 ( 1)
  51 I   0.74531 0.13997 0.10811 0.00661 ( 1)
  52 N   0.95309 0.01171 0.03481 0.00038 ( 1)
  53 G   0.00061 0.88896 0.00061 0.10982 ( 2)
  54 -   0.85147 0.11111 0.03302 0.00440 ( 1)
  55 Q   0.00278 0.92385 0.00206 0.07131 ( 2)
  56 L   0.98116 0.00080 0.01802 0.00002 ( 1)
  57 P   0.68932 0.00799 0.30218 0.00050 ( 1)
  58 Q   0.98446 0.00019 0.01535 0.00000 ( 1)
  59 R   0.97975 0.00103 0.01919 0.00002 ( 1)
  60 Y   0.98811 0.00003 0.01186 0.00000 ( 1)
  61 R   0.98241 0.00460 0.01292 0.00008 ( 1)
  62 A   0.98557 0.00294 0.01144 0.00006 ( 1)
  63 R   0.98975 0.00001 0.01024 0.00000 ( 1)
  64 I   0.98916 0.00022 0.01062 0.00000 ( 1)
  65 R   0.96481 0.00678 0.02820 0.00021 ( 1)
  66 Y   0.98803 0.00010 0.01187 0.00000 ( 1)
  67 A   0.96388 0.01278 0.02299 0.00035 ( 1)
  68 S   0.98877 0.00003 0.01121 0.00000 ( 1)
  69 T   0.98989 0.00005 0.01006 0.00000 ( 1)
  70 T   0.98810 0.00004 0.01186 0.00000 ( 1)
  71 N   0.98717 0.00211 0.01068 0.00004 ( 1)
  72 L   0.94183 0.04184 0.01545 0.00088 ( 1)
  73 R   0.98896 0.00068 0.01035 0.00001 ( 1)
  74 I   0.95372 0.03482 0.01072 0.00074 ( 1)
  75 Y   0.93327 0.03976 0.02576 0.00121 ( 1)
  76 V   0.95367 0.03516 0.01051 0.00066 ( 1)
  77 T   0.88407 0.09288 0.02056 0.00249 ( 1)
  78 V   0.73229 0.23694 0.02525 0.00552 ( 1)
  79 A   0.98789 0.00076 0.01134 0.00001 ( 1)
  80 G   0.97890 0.00994 0.01095 0.00020 ( 1)
  81 E   0.05883 0.92444 0.00065 0.01607 ( 2)
  82 R   0.95560 0.01783 0.02602 0.00054 ( 1)
  83 I   0.98773 0.00215 0.01008 0.00004 ( 1)
  84 F   0.97167 0.01776 0.01025 0.00031 ( 1)
  85 A   0.98686 0.00336 0.00971 0.00006 ( 1)
  86 G   0.95767 0.03160 0.01020 0.00053 ( 1)
  87 Q   0.06461 0.91642 0.00099 0.01798 ( 2)
  88 F   0.98244 0.00717 0.01026 0.00012 ( 1)
  89 N   0.97923 0.00244 0.01827 0.00006 ( 1)
  90 K   0.98959 0.00002 0.01040 0.00000 ( 1)
  91 T   0.98874 0.00007 0.01119 0.00000 ( 1)
  92 M   0.98993 0.00011 0.00996 0.00000 ( 1)
  93 D   0.94015 0.03085 0.02836 0.00065 ( 1)
  94 T   0.94054 0.04027 0.01810 0.00109 ( 1)
  95 G   0.98167 0.00847 0.00973 0.00014 ( 1)
  96 D   0.32528 0.65305 0.00609 0.01558 ( 2)
  97 P   0.44193 0.54274 0.00559 0.00974 ( 2)
  98 L   0.98338 0.00200 0.01458 0.00004 ( 1)
  99 T   0.98846 0.00054 0.01099 0.00001 ( 1)
 100 F   0.96996 0.00879 0.02103 0.00022 ( 1)
 101 Q   0.89343 0.09080 0.01394 0.00183 ( 1)
 102 S   0.98609 0.00263 0.01123 0.00005 ( 1)
 103 F   0.98988 0.00009 0.01004 0.00000 ( 1)
 104 S   0.85434 0.13557 0.00789 0.00220 ( 1)
 105 Y   0.05430 0.91701 0.00148 0.02721 ( 2)
 106 A   0.98896 0.00028 0.01075 0.00001 ( 1)
 107 T   0.98990 0.00004 0.01006 0.00000 ( 1)
 108 I   0.98863 0.00126 0.01009 0.00002 ( 1)
 109 N   0.06990 0.90822 0.00166 0.02022 ( 2)
 110 T   0.98477 0.00417 0.01099 0.00008 ( 1)
 111 A   0.96139 0.02843 0.00966 0.00052 ( 1)
 112 F   0.98847 0.00145 0.01005 0.00002 ( 1)
 113 T   0.98607 0.00291 0.01096 0.00006 ( 1)
 114 F   0.97856 0.00022 0.02122 0.00001 ( 1)
 115 P   0.83687 0.14949 0.01092 0.00272 ( 1)
 116 M   0.02688 0.91526 0.01287 0.04499 ( 2)
 117 S   0.00226 0.94717 0.00118 0.04939 ( 2)
 118 Q   0.00002 0.72442 0.00037 0.27520 ( 2)
 119 S   0.98604 0.00321 0.01068 0.00006 ( 1)
 120 S   0.63086 0.35371 0.00839 0.00704 ( 1)
 121 F   0.33859 0.45011 0.17352 0.03778 ( 2)
 122 T   0.98798 0.00036 0.01165 0.00001 ( 1)
 123 V   0.98787 0.00123 0.01088 0.00002 ( 1)
 124 G   0.99019 0.00001 0.00980 0.00000 ( 1)
 125 A   0.98952 0.00020 0.01027 0.00000 ( 1)
 126 D   0.99094 0.00004 0.00902 0.00000 ( 1)
 127 T   0.55672 0.42932 0.00572 0.00824 ( 1)
 128 F   0.98987 0.00007 0.01006 0.00000 ( 1)
 129 S   0.14856 0.83644 0.00138 0.01363 ( 2)
 130 S   0.97352 0.01181 0.01443 0.00024 ( 1)
 131 G   0.94618 0.03463 0.01826 0.00093 ( 1)
 132 N   0.97565 0.01394 0.01015 0.00026 ( 1)
 133 E   0.98851 0.00105 0.01042 0.00002 ( 1)
 134 V   0.98984 0.00024 0.00991 0.00000 ( 1)
 135 Y   0.98811 0.00003 0.01186 0.00000 ( 1)
 136 I   0.89560 0.03844 0.06461 0.00135 ( 1)
 137 D   0.98332 0.00001 0.01666 0.00000 ( 1)
 138 R   0.98734 0.00189 0.01073 0.00003 ( 1)
 139 F   0.95827 0.03148 0.00972 0.00052 ( 1)
 140 E   0.98956 0.00001 0.01043 0.00000 ( 1)
 141 L   0.84500 0.13216 0.01937 0.00347 ( 1)
 142 I   0.98655 0.00055 0.01288 0.00001 ( 1)
 143 P   0.82311 0.13948 0.03190 0.00551 ( 1)

