Supplemental results for CODEML (seqf: algn  treef: tree)


dN/dS (w) for site classes (K=4)

site class             0        1       2a       2b
proportion       0.62809  0.19288  0.13698  0.04206
background w     0.10990  1.00000  0.10990  1.00000
foreground w     0.10990  1.00000  1.00000  1.00000

Naive Empirical Bayes (NEB) probabilities for 4 classes
(amino acids refer to 1st sequence: BT_Cry3Aa10)

   1 E   0.68272 0.00687 0.30891 0.00150 ( 1)
   2 V   0.97181 0.00608 0.02079 0.00133 ( 1)
   3 K   0.39028 0.49437 0.00754 0.10781 ( 2)
   4 T   0.93346 0.02356 0.03785 0.00514 ( 1)
   5 E   0.97905 0.00103 0.01970 0.00022 ( 1)
   6 L   0.93627 0.00464 0.05808 0.00101 ( 1)
   7 T   0.97297 0.00119 0.02557 0.00026 ( 1)
   8 R   0.97785 0.00041 0.02165 0.00009 ( 1)
   9 D   0.89910 0.03608 0.05695 0.00787 ( 1)
  10 V   0.82813 0.01249 0.15665 0.00272 ( 1)
  11 L   0.68680 0.05513 0.24604 0.01202 ( 1)
  12 T   0.96702 0.00145 0.03121 0.00032 ( 1)
  13 D   0.98704 0.00025 0.01265 0.00006 ( 1)
  14 P   0.96054 0.00091 0.03836 0.00020 ( 1)
  15 I   0.98078 0.00073 0.01834 0.00016 ( 1)
  16 -   0.79715 0.02381 0.17385 0.00519 ( 1)
  17 -   0.78720 0.03376 0.17168 0.00736 ( 1)
  18 V   0.15851 0.64535 0.05540 0.14074 ( 2)
  19 G   0.02108 0.02673 0.94636 0.00583 ( 3)
  20 V   0.46505 0.04003 0.48618 0.00873 ( 3)
  21 N   0.96694 0.00078 0.03211 0.00017 ( 1)
  22 N   0.16926 0.24279 0.53500 0.05295 ( 3)
  23 L   0.02758 0.76036 0.04623 0.16582 ( 2)
  24 R   0.01554 0.05809 0.91369 0.01267 ( 3)
  25 -   0.79293 0.02803 0.17292 0.00611 ( 1)
  26 -   0.78722 0.03374 0.17168 0.00736 ( 1)
  27 -   0.80557 0.01539 0.17568 0.00336 ( 1)
  28 -   0.70342 0.11754 0.15340 0.02563 ( 1)
  29 -   0.79293 0.02803 0.17292 0.00611 ( 1)
  30 -   0.54536 0.27560 0.11893 0.06010 ( 1)
  31 G   0.31861 0.08343 0.57977 0.01819 ( 3)
  32 Y   0.94198 0.02835 0.02349 0.00618 ( 1)
  33 G   0.96503 0.00228 0.03219 0.00050 ( 1)
  34 T   0.03673 0.77985 0.01334 0.17007 ( 2)
  35 T   0.06962 0.76054 0.00398 0.16586 ( 2)
  36 F   0.94441 0.00261 0.05241 0.00057 ( 1)
  37 S   0.02858 0.79049 0.00854 0.17239 ( 2)
  38 N   0.00446 0.76743 0.06075 0.16736 ( 2)
  39 I   0.98875 0.00042 0.01074 0.00009 ( 1)
  40 E   0.52571 0.01026 0.46179 0.00224 ( 1)
  41 N   0.91461 0.00217 0.08274 0.00047 ( 1)
  42 -   0.07901 0.74196 0.01723 0.16181 ( 2)
  43 Y   0.02445 0.49397 0.37386 0.10773 ( 2)
  44 I   0.96798 0.01549 0.01315 0.00338 ( 1)
  45 R   0.11041 0.17746 0.67343 0.03870 ( 3)
  46 K   0.89264 0.02784 0.07345 0.00607 ( 1)
  47 P   0.14519 0.02567 0.82354 0.00560 ( 3)
  48 H   0.01934 0.78995 0.01844 0.17227 ( 2)
  49 L   0.21508 0.03677 0.74013 0.00802 ( 3)
  50 F   0.98906 0.00043 0.01042 0.00009 ( 1)
  51 D   0.96541 0.01237 0.01952 0.00270 ( 1)
  52 Y   0.66460 0.20399 0.08692 0.04449 ( 1)
  53 L   0.11673 0.04579 0.82749 0.00999 ( 3)
  54 H   0.00585 0.30320 0.62483 0.06612 ( 3)
  55 R   0.00013 0.32632 0.60238 0.07117 ( 3)
  56 I   0.74146 0.15852 0.06546 0.03457 ( 1)
  57 Q   0.00355 0.69013 0.15582 0.15050 ( 2)
  58 F   0.87003 0.01504 0.11165 0.00328 ( 1)
  59 H   0.00105 0.81741 0.00329 0.17826 ( 2)
  60 T   0.07961 0.71236 0.05267 0.15535 ( 2)
  61 R   0.53930 0.09301 0.34740 0.02028 ( 1)
  62 F   0.00000 0.82083 0.00016 0.17901 ( 2)
  63 R   0.01301 0.51424 0.36061 0.11215 ( 2)
  64 P   0.08644 0.47273 0.33773 0.10310 ( 2)
  65 G   0.67203 0.16966 0.12131 0.03700 ( 1)
  66 -   0.62809 0.19288 0.13698 0.04206 ( 1)
  67 Y   0.10140 0.29796 0.53565 0.06498 ( 3)
  68 Y   0.00048 0.81154 0.01100 0.17698 ( 2)
  69 G   0.25889 0.48973 0.14457 0.10680 ( 2)
  70 N   0.03454 0.02460 0.93550 0.00536 ( 3)
  71 D   0.31261 0.01195 0.67283 0.00261 ( 3)
  72 S   0.00082 0.81752 0.00337 0.17829 ( 2)
  73 F   0.51329 0.11749 0.34360 0.02562 ( 1)
  74 N   0.97563 0.01568 0.00527 0.00342 ( 1)
  75 Y   0.98130 0.00492 0.01271 0.00107 ( 1)
  76 W   0.85498 0.04772 0.08689 0.01041 ( 1)
  77 S   0.06565 0.57504 0.23390 0.12541 ( 2)
  78 G   0.98874 0.00035 0.01084 0.00008 ( 1)
  79 N   0.99199 0.00217 0.00536 0.00047 ( 1)
  80 Y   0.98510 0.00176 0.01276 0.00038 ( 1)
  81 V   0.98760 0.00045 0.01185 0.00010 ( 1)
  82 S   0.00637 0.79633 0.02363 0.17367 ( 2)
  83 T   0.98968 0.00038 0.00986 0.00008 ( 1)
  84 R   0.93433 0.04533 0.01046 0.00989 ( 1)
  85 P   0.72149 0.10540 0.15012 0.02299 ( 1)
  86 S   0.96416 0.00401 0.03095 0.00087 ( 1)
  87 I   0.83155 0.13088 0.00903 0.02854 ( 1)
  88 G   0.29962 0.57028 0.00573 0.12437 ( 2)
  89 S   0.85211 0.10035 0.02566 0.02188 ( 1)
  90 N   0.01891 0.79164 0.01681 0.17264 ( 2)
  91 D   0.02514 0.57105 0.27927 0.12454 ( 2)
  92 I   0.24262 0.59991 0.02665 0.13083 ( 2)
  93 I   0.92794 0.00727 0.06320 0.00159 ( 1)
  94 T   0.65882 0.09063 0.23078 0.01977 ( 1)
  95 S   0.87004 0.08773 0.02309 0.01913 ( 1)
  96 P   0.93852 0.03181 0.02273 0.00694 ( 1)
  97 F   0.89587 0.05395 0.03842 0.01176 ( 1)
  98 Y   0.98686 0.00030 0.01278 0.00006 ( 1)
  99 G   0.98060 0.00053 0.01876 0.00012 ( 1)
 100 N   0.59387 0.31049 0.02793 0.06771 ( 1)
 101 K   0.88220 0.09008 0.00807 0.01965 ( 1)
 102 S   0.96320 0.00159 0.03486 0.00035 ( 1)
 103 S   0.17245 0.33859 0.41512 0.07384 ( 3)
 104 E   0.03647 0.74292 0.05860 0.16202 ( 2)
 105 P   0.15297 0.44780 0.30157 0.09766 ( 2)
 106 V   0.53973 0.30360 0.09047 0.06621 ( 1)
 107 Q   0.20414 0.64899 0.00534 0.14153 ( 2)
 108 N   0.02752 0.79658 0.00219 0.17372 ( 2)
 109 -   0.79706 0.02390 0.17383 0.00521 ( 1)
 110 -   0.79763 0.02333 0.17395 0.00509 ( 1)
 111 -   0.77139 0.04957 0.16823 0.01081 ( 1)
 112 -   0.75334 0.06762 0.16429 0.01475 ( 1)
 113 L   0.95826 0.00186 0.03947 0.00041 ( 1)
 114 E   0.00704 0.76561 0.06039 0.16697 ( 2)
 115 F   0.97753 0.00999 0.01030 0.00218 ( 1)
 116 N   0.93699 0.00257 0.05988 0.00056 ( 1)
 117 G   0.92833 0.04048 0.02236 0.00883 ( 1)
 118 E   0.81511 0.05699 0.11546 0.01243 ( 1)
 119 K   0.98607 0.00403 0.00902 0.00088 ( 1)
 120 V   0.45299 0.43049 0.02264 0.09388 ( 1)
 121 Y   0.83865 0.03113 0.12343 0.00679 ( 1)
 122 R   0.94370 0.03004 0.01971 0.00655 ( 1)
 123 A   0.10947 0.71011 0.02556 0.15486 ( 2)
 124 V   0.87596 0.00984 0.11206 0.00214 ( 1)
 125 A   0.97804 0.00683 0.01364 0.00149 ( 1)
 126 N   0.95728 0.03083 0.00517 0.00672 ( 1)
 127 T   0.17701 0.36959 0.37281 0.08060 ( 3)
 128 N   0.91124 0.00661 0.08071 0.00144 ( 1)
 129 L   0.19853 0.19996 0.55790 0.04361 ( 3)
 130 A   0.93039 0.00180 0.06741 0.00039 ( 1)
 131 V   0.63557 0.07246 0.27617 0.01580 ( 1)
 132 W   0.10009 0.05007 0.83891 0.01092 ( 3)
 133 P   0.82405 0.07036 0.09024 0.01535 ( 1)
 134 -   0.00085 0.81343 0.00833 0.17740 ( 2)
 135 -   0.73562 0.07344 0.17493 0.01602 ( 1)
 136 -   0.71207 0.05576 0.22001 0.01216 ( 1)
 137 -   0.58753 0.14086 0.24089 0.03072 ( 1)
 138 -   0.62809 0.19288 0.13698 0.04206 ( 1)
 139 S   0.00534 0.51547 0.36678 0.11241 ( 2)
 140 A   0.02338 0.50483 0.36170 0.11009 ( 2)
 141 V   0.19885 0.41429 0.29650 0.09035 ( 2)
 142 Y   0.72935 0.13993 0.10021 0.03052 ( 1)
 143 S   0.12642 0.45222 0.32273 0.09862 ( 2)
 144 G   0.97125 0.01486 0.01064 0.00324 ( 1)
 145 V   0.97213 0.01440 0.01032 0.00314 ( 1)
 146 T   0.94234 0.02981 0.02135 0.00650 ( 1)
 147 K   0.97590 0.01245 0.00893 0.00272 ( 1)
 148 V   0.91466 0.04422 0.03148 0.00964 ( 1)
 149 E   0.00050 0.82015 0.00050 0.17886 ( 2)
 150 F   0.94759 0.03170 0.01380 0.00691 ( 1)
 151 S   0.93845 0.03711 0.01635 0.00809 ( 1)
 152 Q   0.94854 0.01759 0.03003 0.00384 ( 1)
 153 Y   0.98185 0.00041 0.01765 0.00009 ( 1)
 154 N   0.71468 0.20665 0.03361 0.04507 ( 1)
 155 D   0.99302 0.00136 0.00531 0.00030 ( 1)
 156 Q   0.72606 0.04515 0.21895 0.00985 ( 1)
 157 T   0.03467 0.78720 0.00645 0.17167 ( 2)
 158 D   0.91873 0.03153 0.04286 0.00688 ( 1)
 159 E   0.98896 0.00114 0.00965 0.00025 ( 1)
 160 A   0.01071 0.80007 0.01473 0.17448 ( 2)
 161 S   0.78595 0.13457 0.05013 0.02935 ( 1)
 162 T   0.98336 0.00251 0.01359 0.00055 ( 1)
 163 Q   0.97122 0.00278 0.02540 0.00061 ( 1)
 164 T   0.73064 0.19095 0.03677 0.04164 ( 1)
 165 Y   0.80644 0.13732 0.02629 0.02995 ( 1)
 166 D   0.95304 0.01869 0.02420 0.00408 ( 1)
 167 S   0.96197 0.00101 0.03680 0.00022 ( 1)
 168 K   0.85744 0.11059 0.00785 0.02412 ( 1)
 169 R   0.08140 0.75339 0.00091 0.16430 ( 2)
 170 N   0.75677 0.13170 0.08280 0.02872 ( 1)
 171 V   0.23431 0.45802 0.20778 0.09989 ( 2)
 172 G   0.88923 0.03604 0.06688 0.00786 ( 1)
 173 A   0.00294 0.19298 0.76200 0.04208 ( 3)
 174 V   0.07269 0.40542 0.43347 0.08842 ( 3)
 175 -   0.56713 0.01864 0.41016 0.00407 ( 1)
 176 -   0.77200 0.04896 0.16836 0.01068 ( 1)
 177 -   0.00463 0.81633 0.00101 0.17803 ( 2)
 178 -   0.64240 0.17856 0.14010 0.03894 ( 1)
 179 S   0.00249 0.67465 0.17572 0.14713 ( 2)
 180 W   0.00004 0.80882 0.01475 0.17639 ( 2)
 181 D   0.99403 0.00054 0.00532 0.00012 ( 1)
 182 S   0.97893 0.00059 0.02035 0.00013 ( 1)
 183 I   0.94985 0.00359 0.04578 0.00078 ( 1)
 184 D   0.98680 0.00272 0.00989 0.00059 ( 1)
 185 Q   0.96931 0.00439 0.02535 0.00096 ( 1)
 186 L   0.93198 0.00271 0.06472 0.00059 ( 1)
 187 P   0.97346 0.00196 0.02415 0.00043 ( 1)
 188 P   0.96425 0.01018 0.02335 0.00222 ( 1)
 189 E   0.38472 0.12037 0.46866 0.02625 ( 3)
 190 T   0.44984 0.44656 0.00622 0.09739 ( 1)
 191 T   0.86239 0.10319 0.01192 0.02250 ( 1)
 192 D   0.99447 0.00017 0.00532 0.00004 ( 1)
 193 E   0.21417 0.64342 0.00209 0.14032 ( 2)
 194 P   0.82770 0.00327 0.16831 0.00071 ( 1)
 195 P   0.72635 0.03126 0.23557 0.00682 ( 1)
 196 E   0.98461 0.00474 0.00961 0.00103 ( 1)
 197 -   0.78507 0.03589 0.17121 0.00783 ( 1)
 198 -   0.80557 0.01539 0.17568 0.00336 ( 1)
 199 -   0.71025 0.11072 0.15489 0.02415 ( 1)
 200 K   0.97703 0.00352 0.01869 0.00077 ( 1)
 201 G   0.77929 0.01331 0.20450 0.00290 ( 1)
 202 Y   0.98686 0.00030 0.01278 0.00006 ( 1)
 203 S   0.98013 0.00230 0.01707 0.00050 ( 1)
 204 H   0.99131 0.00011 0.00856 0.00002 ( 1)
 205 Q   0.93201 0.02681 0.03534 0.00585 ( 1)
 206 L   0.93106 0.00484 0.06304 0.00106 ( 1)
 207 N   0.99436 0.00022 0.00537 0.00005 ( 1)
 208 Y   0.94142 0.01181 0.04420 0.00257 ( 1)
 209 V   0.82068 0.03777 0.13331 0.00824 ( 1)
 210 M   0.01170 0.54343 0.32636 0.11851 ( 2)
 211 C   0.81490 0.11134 0.04947 0.02428 ( 1)
 212 F   0.95904 0.00402 0.03606 0.00088 ( 1)
 213 L   0.73124 0.19882 0.02658 0.04336 ( 1)
 214 M   0.17858 0.64432 0.03658 0.14052 ( 2)
 215 Q   0.28364 0.56829 0.02413 0.12394 ( 2)
 216 G   0.43152 0.41536 0.06254 0.09058 ( 1)
 217 S   0.31797 0.12236 0.53299 0.02668 ( 3)
 218 R   0.94008 0.00287 0.05642 0.00063 ( 1)
 219 -   0.62809 0.19288 0.13698 0.04206 ( 1)
 220 -   0.62809 0.19288 0.13698 0.04206 ( 1)
 221 -   0.62809 0.19288 0.13698 0.04206 ( 1)
 222 -   0.62809 0.19288 0.13698 0.04206 ( 1)
 223 -   0.62809 0.19288 0.13698 0.04206 ( 1)
 224 -   0.62809 0.19288 0.13698 0.04206 ( 1)
 225 -   0.62809 0.19288 0.13698 0.04206 ( 1)
 226 -   0.62809 0.19288 0.13698 0.04206 ( 1)
 227 G   0.98060 0.00053 0.01876 0.00012 ( 1)
 228 T   0.81599 0.05296 0.11950 0.01155 ( 1)
 229 I   0.95887 0.00124 0.03963 0.00027 ( 1)
 230 P   0.97569 0.00056 0.02363 0.00012 ( 1)
 231 V   0.59122 0.03137 0.37056 0.00684 ( 1)
 232 L   0.82259 0.00732 0.16849 0.00160 ( 1)
 233 T   0.98014 0.00828 0.00977 0.00181 ( 1)
 234 W   0.90170 0.00547 0.09164 0.00119 ( 1)
 235 T   0.98563 0.00062 0.01362 0.00013 ( 1)
 236 H   0.99131 0.00011 0.00856 0.00002 ( 1)
 237 K   0.17199 0.66366 0.01962 0.14473 ( 2)
 238 S   0.99382 0.00031 0.00580 0.00007 ( 1)


lnL = -3549.183283

