Supplemental results for CODEML (seqf: algn  treef: tree)


dN/dS (w) for site classes (K=4)

site class             0        1       2a       2b
proportion       0.07136  0.15722  0.24083  0.53058
background w     0.03672  0.60257  0.03672  0.60257
foreground w     0.03672  0.60257  0.12457  0.12457

Naive Empirical Bayes (NEB) probabilities for 4 classes
(amino acids refer to 1st sequence: BT_Cry1Na1)

   1 -   0.09796 0.13063 0.33058 0.44083 ( 4)
   2 I   0.00359 0.39493 0.03933 0.56214 ( 4)
   3 I   0.23593 0.00064 0.76073 0.00270 ( 3)
   4 T   0.08113 0.00751 0.90371 0.00765 ( 3)
   5 Q   0.23337 0.00024 0.76547 0.00093 ( 3)
   6 I   0.23870 0.00069 0.75746 0.00315 ( 3)
   7 P   0.23053 0.00262 0.75667 0.01018 ( 3)
   8 L   0.15259 0.07320 0.50774 0.26646 ( 3)
   9 V   0.23065 0.00053 0.76690 0.00192 ( 3)
  10 K   0.23791 0.00013 0.76136 0.00060 ( 3)
  11 A   0.01594 0.16666 0.05066 0.76675 ( 4)
  12 Y   0.01196 0.18364 0.03877 0.76563 ( 4)
  13 Q   0.00000 0.17853 0.00000 0.82147 ( 4)
  14 I   0.06188 0.12524 0.68686 0.12601 ( 3)
  15 G   0.00053 0.17809 0.00168 0.81971 ( 4)
  16 S   0.00001 0.19566 0.00004 0.80429 ( 4)
  17 G   0.12995 0.08758 0.42240 0.36007 ( 3)
  18 T   0.03595 0.17358 0.11822 0.67225 ( 4)
  19 T   0.00956 0.19218 0.03119 0.76707 ( 4)
  20 V   0.23027 0.00647 0.73418 0.02908 ( 3)
  21 R   0.11255 0.10808 0.37212 0.40725 ( 4)
  22 K   0.00016 0.19058 0.00051 0.80876 ( 4)
  23 G   0.22612 0.00712 0.73847 0.02828 ( 3)
  24 P   0.22583 0.00447 0.75368 0.01602 ( 3)
  25 G   0.23661 0.00185 0.75311 0.00843 ( 3)
  26 F   0.00206 0.18897 0.00666 0.80231 ( 4)
  27 T   0.23698 0.00040 0.76087 0.00175 ( 3)
  28 G   0.23692 0.00011 0.76251 0.00047 ( 3)
  29 G   0.23646 0.00047 0.76104 0.00204 ( 3)
  30 D   0.23085 0.00129 0.76297 0.00488 ( 3)
  31 I   0.09870 0.12191 0.32707 0.45232 ( 4)
  32 L   0.18346 0.04214 0.58496 0.18944 ( 3)
  33 R   0.00004 0.19351 0.00014 0.80631 ( 4)
  34 R   0.01629 0.17347 0.05233 0.75791 ( 4)
  35 T   0.00000 0.40039 0.00000 0.59961 ( 4)
  36 G   0.00001 0.20292 0.00002 0.79705 ( 4)
  37 P   0.00104 0.21346 0.00344 0.78206 ( 4)
  38 G   0.23423 0.00223 0.75388 0.00966 ( 3)
  39 T   0.00170 0.22689 0.00573 0.76568 ( 4)
  40 -   0.07477 0.15381 0.25234 0.51908 ( 4)
  41 F   0.00421 0.22438 0.01420 0.75721 ( 4)
  42 G   0.20340 0.02518 0.68643 0.08498 ( 3)
  43 D   0.00002 0.18741 0.00006 0.81251 ( 4)
  44 M   0.08076 0.12410 0.25985 0.53528 ( 4)
  45 R   0.00000 0.20676 0.00000 0.79323 ( 4)
  46 I   0.00697 0.38780 0.06510 0.54013 ( 4)
  47 N   0.00000 0.20311 0.00000 0.79689 ( 4)
  48 I   0.00357 0.19305 0.01161 0.79176 ( 4)
  49 N   0.02034 0.33442 0.08047 0.56478 ( 4)
  50 A   0.00001 0.18630 0.00003 0.81365 ( 4)
  51 P   0.01503 0.16952 0.04782 0.76763 ( 4)
  52 L   0.00001 0.20188 0.00002 0.79809 ( 4)
  53 S   0.00002 0.21889 0.00005 0.78104 ( 4)
  54 Q   0.00002 0.19863 0.00005 0.80130 ( 4)
  55 -   0.18748 0.04111 0.63268 0.13874 ( 3)
  56 -   0.07925 0.14934 0.26743 0.50398 ( 4)
  57 -   0.07352 0.15506 0.24812 0.52330 ( 4)
  58 -   0.08089 0.14770 0.27297 0.49845 ( 4)
  59 R   0.00005 0.21846 0.00015 0.78134 ( 4)
  60 Y   0.23311 0.00218 0.75562 0.00909 ( 3)
  61 R   0.05942 0.13851 0.19032 0.61176 ( 4)
  62 V   0.09875 0.10913 0.31778 0.47434 ( 4)
  63 R   0.23320 0.00117 0.76090 0.00473 ( 3)
  64 I   0.23511 0.00338 0.74607 0.01545 ( 3)
  65 R   0.23677 0.00033 0.76145 0.00144 ( 3)
  66 Y   0.23350 0.00020 0.76552 0.00078 ( 3)
  67 A   0.23809 0.00015 0.76109 0.00067 ( 3)
  68 S   0.00013 0.20279 0.00042 0.79666 ( 4)
  69 T   0.04008 0.28389 0.17206 0.50397 ( 4)
  70 T   0.00489 0.18952 0.01584 0.78976 ( 4)
  71 D   0.00002 0.41707 0.00018 0.58273 ( 4)
  72 L   0.02402 0.16491 0.07683 0.73425 ( 4)
  73 Q   0.00080 0.18651 0.00258 0.81011 ( 4)
  74 F   0.06509 0.13568 0.20948 0.58975 ( 4)
  75 V   0.00001 0.21436 0.00004 0.78558 ( 4)
  76 T   0.06300 0.15602 0.20936 0.57163 ( 4)
  77 S   0.00000 0.17721 0.00001 0.82277 ( 4)
  78 I   0.00268 0.21425 0.00892 0.77415 ( 4)
  79 -   0.07136 0.15722 0.24083 0.53058 ( 4)
  80 N   0.00346 0.22512 0.01168 0.75973 ( 4)
  81 G   0.00103 0.22755 0.00348 0.76793 ( 4)
  82 T   0.00001 0.22858 0.00002 0.77140 ( 4)
  83 T   0.00237 0.22621 0.00801 0.76340 ( 4)
  84 I   0.07464 0.12580 0.23813 0.56143 ( 4)
  85 N   0.00002 0.21889 0.00008 0.78101 ( 4)
  86 I   0.00015 0.18191 0.00048 0.81746 ( 4)
  87 G   0.06321 0.14086 0.20468 0.59126 ( 4)
  88 N   0.00035 0.20280 0.00115 0.79569 ( 4)
  89 F   0.00011 0.20278 0.00036 0.79675 ( 4)
  90 P   0.00845 0.21018 0.02820 0.75317 ( 4)
  91 K   0.00060 0.18669 0.00194 0.81077 ( 4)
  92 T   0.23668 0.00064 0.75990 0.00278 ( 3)
  93 I   0.00000 0.59252 0.00004 0.40744 ( 2)
  94 N   0.00009 0.38264 0.00088 0.61639 ( 4)
  95 N   0.04257 0.15376 0.13692 0.66675 ( 4)
  96 L   0.00150 0.22708 0.00507 0.76635 ( 4)
  97 -   0.08399 0.14459 0.28345 0.48796 ( 4)
  98 -   0.08399 0.14459 0.28345 0.48796 ( 4)
  99 -   0.08239 0.14619 0.27806 0.49336 ( 4)
 100 -   0.08239 0.14619 0.27806 0.49336 ( 4)
 101 -   0.07799 0.15059 0.26321 0.50821 ( 4)
 102 N   0.01421 0.19055 0.04659 0.74865 ( 4)
 103 T   0.04194 0.14614 0.13280 0.67912 ( 4)
 104 L   0.22818 0.00288 0.75842 0.01052 ( 3)
 105 G   0.00050 0.20998 0.00165 0.78787 ( 4)
 106 S   0.22919 0.00539 0.74291 0.02250 ( 3)
 107 E   0.01935 0.19246 0.06400 0.72418 ( 4)
 108 G   0.00069 0.18897 0.00222 0.80813 ( 4)
 109 Y   0.23619 0.00098 0.75857 0.00426 ( 3)
 110 R   0.00066 0.20235 0.00216 0.79483 ( 4)
 111 T   0.14199 0.07691 0.46025 0.32085 ( 3)
 112 V   0.00095 0.18263 0.00304 0.81338 ( 4)
 113 S   0.00028 0.41325 0.00309 0.58337 ( 4)
 114 F   0.00018 0.21426 0.00060 0.78496 ( 4)
 115 S   0.00002 0.18788 0.00006 0.81204 ( 4)
 116 T   0.00004 0.19855 0.00014 0.80127 ( 4)
 117 P   0.00001 0.36575 0.00009 0.63415 ( 4)
 118 F   0.00004 0.19069 0.00013 0.80914 ( 4)
 119 S   0.00006 0.18499 0.00018 0.81478 ( 4)
 120 F   0.00000 0.18632 0.00000 0.81368 ( 4)
 121 S   0.00000 0.18337 0.00000 0.81663 ( 4)
 122 N   0.00001 0.18204 0.00002 0.81793 ( 4)
 123 A   0.14913 0.07047 0.48214 0.29826 ( 3)
 124 Q   0.01544 0.17497 0.04958 0.76001 ( 4)
 125 S   0.00005 0.19857 0.00015 0.80124 ( 4)
 126 -   0.03763 0.19096 0.12698 0.64443 ( 4)
 127 -   0.00330 0.22529 0.01112 0.76029 ( 4)
 128 -   0.00032 0.22827 0.00108 0.77033 ( 4)
 129 -   0.00774 0.22084 0.02614 0.74528 ( 4)
 130 I   0.00021 0.22837 0.00071 0.77070 ( 4)
 131 F   0.00157 0.35252 0.01457 0.63134 ( 4)
 132 R   0.00001 0.18089 0.00003 0.81908 ( 4)
 133 L   0.12038 0.09926 0.39586 0.38450 ( 3)
 134 G   0.00000 0.18774 0.00000 0.81226 ( 4)
 135 I   0.00025 0.18618 0.00081 0.81276 ( 4)
 136 Q   0.00217 0.17821 0.00690 0.81273 ( 4)
 137 A   0.00013 0.17965 0.00041 0.81981 ( 4)
 138 F   0.00055 0.19310 0.00179 0.80455 ( 4)
 139 S   0.00000 0.18790 0.00000 0.81210 ( 4)
 140 G   0.00013 0.19560 0.00042 0.80386 ( 4)
 141 V   0.00121 0.41110 0.01254 0.57516 ( 4)
 142 Q   0.00228 0.17539 0.00721 0.81512 ( 4)
 143 E   0.00023 0.19552 0.00074 0.80351 ( 4)
 144 V   0.02231 0.32516 0.08980 0.56273 ( 4)
 145 Y   0.00013 0.38083 0.00103 0.61802 ( 4)
 146 V   0.23096 0.00609 0.73590 0.02705 ( 3)
 147 D   0.23488 0.00007 0.76479 0.00027 ( 3)
 148 K   0.19752 0.03142 0.63212 0.13894 ( 3)
 149 I   0.23886 0.00057 0.75795 0.00262 ( 3)
 150 E   0.23710 0.00005 0.76261 0.00024 ( 3)
 151 F   0.23739 0.00004 0.76241 0.00016 ( 3)
 152 I   0.00296 0.20889 0.00979 0.77836 ( 4)
 153 P   0.22951 0.00319 0.75501 0.01229 ( 3)


lnL = -2663.970979

