Supplemental results for CODEML (seqf: algn  treef: tree)


dN/dS (w) for site classes (K=4)

site class             0        1       2a       2b
proportion       0.00000  0.00000  0.64343  0.35657
background w     0.08163  1.00000  0.08163  1.00000
foreground w     0.08163  1.00000  1.00000  1.00000

Naive Empirical Bayes (NEB) probabilities for 4 classes
(amino acids refer to 1st sequence: BT_Cry30Aa1)

   1 -   0.00000 0.00000 0.66416 0.33584 ( 3)
   2 -   0.00000 0.00000 0.64656 0.35344 ( 3)
   3 -   0.00000 0.00000 0.66271 0.33729 ( 3)
   4 -   0.00000 0.00000 0.66547 0.33453 ( 3)
   5 R   0.00000 0.00000 0.01481 0.98519 ( 4)
   6 I   0.00000 0.00000 0.93170 0.06830 ( 3)
   7 T   0.00000 0.00000 0.92219 0.07781 ( 3)
   8 Q   0.00000 0.00000 0.99641 0.00359 ( 3)
   9 I   0.00000 0.00000 0.93916 0.06084 ( 3)
  10 P   0.00000 0.00000 0.99366 0.00634 ( 3)
  11 A   0.00000 0.00000 0.99536 0.00464 ( 3)
  12 V   0.00000 0.00000 0.99436 0.00564 ( 3)
  13 K   0.00000 0.00000 0.99737 0.00263 ( 3)
  14 A   0.00000 0.00000 0.14255 0.85745 ( 4)
  15 Y   0.00000 0.00000 0.00038 0.99962 ( 4)
  16 S   0.00000 0.00000 0.00007 0.99993 ( 4)
  17 L   0.00000 0.00000 0.96873 0.03127 ( 3)
  18 T   0.00000 0.00000 0.00076 0.99924 ( 4)
  19 S   0.00000 0.00000 0.26193 0.73807 ( 4)
  20 P   0.00000 0.00000 0.43179 0.56821 ( 4)
  21 -   0.00000 0.00000 0.03878 0.96122 ( 4)
  22 -   0.00000 0.00000 0.27012 0.72988 ( 4)
  23 -   0.00000 0.00000 0.28879 0.71121 ( 4)
  24 -   0.00000 0.00000 0.01562 0.98438 ( 4)
  25 -   0.00000 0.00000 0.64343 0.35657 ( 3)
  26 A   0.00000 0.00000 0.80768 0.19232 ( 3)
  27 R   0.00000 0.00000 0.05568 0.94432 ( 4)
  28 V   0.00000 0.00000 0.99531 0.00469 ( 3)
  29 I   0.00000 0.00000 0.99584 0.00416 ( 3)
  30 V   0.00000 0.00000 0.07958 0.92042 ( 4)
  31 G   0.00000 0.00000 0.99266 0.00734 ( 3)
  32 P   0.00000 0.00000 0.92064 0.07936 ( 3)
  33 G   0.00000 0.00000 0.59953 0.40047 ( 3)
  34 H   0.00000 0.00000 0.97448 0.02552 ( 3)
  35 T   0.00000 0.00000 0.99265 0.00735 ( 3)
  36 G   0.00000 0.00000 0.99553 0.00447 ( 3)
  37 G   0.00000 0.00000 0.99383 0.00617 ( 3)
  38 D   0.00000 0.00000 0.97473 0.02527 ( 3)
  39 L   0.00000 0.00000 0.98959 0.01041 ( 3)
  40 V   0.00000 0.00000 0.97751 0.02249 ( 3)
  41 A   0.00000 0.00000 0.41060 0.58940 ( 4)
  42 L   0.00000 0.00000 0.98514 0.01486 ( 3)
  43 L   0.00000 0.00000 0.98713 0.01287 ( 3)
  44 -   0.00000 0.00000 0.78802 0.21198 ( 3)
  45 -   0.00000 0.00000 0.26885 0.73115 ( 4)
  46 -   0.00000 0.00000 0.78202 0.21798 ( 3)
  47 -   0.00000 0.00000 0.69792 0.30208 ( 3)
  48 -   0.00000 0.00000 0.78121 0.21879 ( 3)
  49 -   0.00000 0.00000 0.76200 0.23800 ( 3)
  50 N   0.00000 0.00000 0.97894 0.02106 ( 3)
  51 S   0.00000 0.00000 0.00010 0.99990 ( 4)
  52 G   0.00000 0.00000 0.00011 0.99989 ( 4)
  53 T   0.00000 0.00000 0.06182 0.93818 ( 4)
  54 Q   0.00000 0.00000 0.00275 0.99725 ( 4)
  55 S   0.00000 0.00000 0.03479 0.96521 ( 4)
  56 G   0.00000 0.00000 0.99623 0.00377 ( 3)
  57 T   0.00000 0.00000 0.00329 0.99671 ( 4)
  58 M   0.00000 0.00000 0.98679 0.01321 ( 3)
  59 Q   0.00000 0.00000 0.67686 0.32314 ( 3)
  60 I   0.00000 0.00000 0.74489 0.25511 ( 3)
  61 Q   0.00000 0.00000 0.20381 0.79619 ( 4)
  62 C   0.00000 0.00000 0.72790 0.27210 ( 3)
  63 K   0.00000 0.00000 0.92459 0.07541 ( 3)
  64 T   0.00000 0.00000 0.97581 0.02419 ( 3)
  65 G   0.00000 0.00000 0.69535 0.30465 ( 3)
  66 S   0.00000 0.00000 0.90545 0.09455 ( 3)
  67 F   0.00000 0.00000 0.60623 0.39377 ( 3)
  68 T   0.00000 0.00000 0.96820 0.03180 ( 3)
  69 G   0.00000 0.00000 0.44868 0.55132 ( 4)
  70 P   0.00000 0.00000 0.00980 0.99020 ( 4)
  71 S   0.00000 0.00000 0.22579 0.77421 ( 4)
  72 R   0.00000 0.00000 0.96841 0.03159 ( 3)
  73 Q   0.00000 0.00000 0.46509 0.53491 ( 4)
  74 Y   0.00000 0.00000 0.99329 0.00671 ( 3)
  75 G   0.00000 0.00000 0.94020 0.05980 ( 3)
  76 L   0.00000 0.00000 0.90696 0.09304 ( 3)
  77 R   0.00000 0.00000 0.98186 0.01814 ( 3)
  78 M   0.00000 0.00000 0.43086 0.56914 ( 4)
  79 R   0.00000 0.00000 0.99185 0.00815 ( 3)
  80 Y   0.00000 0.00000 0.99719 0.00281 ( 3)
  81 A   0.00000 0.00000 0.99458 0.00542 ( 3)
  82 A   0.00000 0.00000 0.99540 0.00460 ( 3)
  83 N   0.00000 0.00000 0.99566 0.00434 ( 3)
  84 S   0.00000 0.00000 0.90210 0.09790 ( 3)
  85 A   0.00000 0.00000 0.52399 0.47601 ( 3)
  86 F   0.00000 0.00000 0.42631 0.57369 ( 4)
  87 T   0.00000 0.00000 0.84529 0.15471 ( 3)
  88 V   0.00000 0.00000 0.81730 0.18270 ( 3)
  89 S   0.00000 0.00000 0.98307 0.01693 ( 3)
  90 L   0.00000 0.00000 0.93238 0.06762 ( 3)
  91 S   0.00000 0.00000 0.95079 0.04921 ( 3)
  92 Y   0.00000 0.00000 0.86646 0.13354 ( 3)
  93 T   0.00000 0.00000 0.03426 0.96574 ( 4)
  94 L   0.00000 0.00000 0.14988 0.85012 ( 4)
  95 L   0.00000 0.00000 0.00003 0.99997 ( 4)
  96 -   0.00000 0.00000 0.86004 0.13996 ( 3)
  97 G   0.00000 0.00000 0.97353 0.02647 ( 3)
  98 Q   0.00000 0.00000 0.00037 0.99963 ( 4)
  99 T   0.00000 0.00000 0.25162 0.74838 ( 4)
 100 R   0.00000 0.00000 0.00001 0.99999 ( 4)
 101 G   0.00000 0.00000 0.65611 0.34389 ( 3)
 102 T   0.00000 0.00000 0.02161 0.97839 ( 4)
 103 S   0.00000 0.00000 0.35794 0.64206 ( 4)
 104 F   0.00000 0.00000 0.96630 0.03370 ( 3)
 105 V   0.00000 0.00000 0.00004 0.99996 ( 4)
 106 T   0.00000 0.00000 0.88044 0.11956 ( 3)
 107 E   0.00000 0.00000 0.99729 0.00271 ( 3)
 108 N   0.00000 0.00000 0.04853 0.95147 ( 4)
 109 T   0.00000 0.00000 0.99456 0.00544 ( 3)
 110 F   0.00000 0.00000 0.96902 0.03098 ( 3)
 111 S   0.00000 0.00000 0.46110 0.53890 ( 4)
 112 R   0.00000 0.00000 0.98715 0.01285 ( 3)
 113 S   0.00000 0.00000 0.00154 0.99846 ( 4)
 114 N   0.00000 0.00000 0.99171 0.00829 ( 3)
 115 N   0.00000 0.00000 0.99708 0.00292 ( 3)
 116 I   0.00000 0.00000 0.69156 0.30844 ( 3)
 117 I   0.00000 0.00000 0.96634 0.03366 ( 3)
 118 P   0.00000 0.00000 0.92258 0.07742 ( 3)
 119 T   0.00000 0.00000 0.93999 0.06001 ( 3)
 120 D   0.00000 0.00000 0.99837 0.00163 ( 3)
 121 L   0.00000 0.00000 0.98928 0.01072 ( 3)
 122 K   0.00000 0.00000 0.96633 0.03367 ( 3)
 123 Y   0.00000 0.00000 0.97239 0.02761 ( 3)
 124 E   0.00000 0.00000 0.66046 0.33954 ( 3)
 125 E   0.00000 0.00000 0.94473 0.05527 ( 3)
 126 F   0.00000 0.00000 0.99712 0.00288 ( 3)
 127 K   0.00000 0.00000 0.98702 0.01298 ( 3)
 128 Y   0.00000 0.00000 0.95891 0.04109 ( 3)
 129 K   0.00000 0.00000 0.93310 0.06690 ( 3)
 130 D   0.00000 0.00000 0.01216 0.98784 ( 4)
 131 Y   0.00000 0.00000 0.76440 0.23560 ( 3)
 132 L   0.00000 0.00000 0.00002 0.99998 ( 4)
 133 Q   0.00000 0.00000 0.71776 0.28224 ( 3)
 134 I   0.00000 0.00000 0.99357 0.00643 ( 3)
 135 I   0.00000 0.00000 0.98920 0.01080 ( 3)
 136 T   0.00000 0.00000 0.97252 0.02748 ( 3)
 137 M   0.00000 0.00000 0.16717 0.83283 ( 4)
 138 T   0.00000 0.00000 0.46330 0.53670 ( 4)
 139 L   0.00000 0.00000 0.00628 0.99372 ( 4)
 140 P   0.00000 0.00000 0.73913 0.26087 ( 3)
 141 A   0.00000 0.00000 0.01424 0.98576 ( 4)
 142 N   0.00000 0.00000 0.98038 0.01962 ( 3)
 143 T   0.00000 0.00000 0.97581 0.02419 ( 3)
 144 I   0.00000 0.00000 0.81362 0.18638 ( 3)
 145 I   0.00000 0.00000 0.68796 0.31204 ( 3)
 146 T   0.00000 0.00000 0.90834 0.09166 ( 3)
 147 I   0.00000 0.00000 0.96034 0.03966 ( 3)
 148 S   0.00000 0.00000 0.00196 0.99804 ( 4)
 149 M   0.00000 0.00000 0.10847 0.89153 ( 4)
 150 Q   0.00000 0.00000 0.00001 0.99999 ( 4)
 151 Q   0.00000 0.00000 0.54116 0.45884 ( 3)
 152 A   0.00000 0.00000 0.00054 0.99946 ( 4)
 153 T   0.00000 0.00000 0.00571 0.99429 ( 4)
 154 G   0.00000 0.00000 0.00072 0.99928 ( 4)
 155 L   0.00000 0.00000 0.00000 1.00000 ( 4)
 156 L   0.00000 0.00000 0.01678 0.98322 ( 4)
 157 N   0.00000 0.00000 0.99566 0.00434 ( 3)
 158 N   0.00000 0.00000 0.01939 0.98061 ( 4)
 159 Q   0.00000 0.00000 0.86799 0.13201 ( 3)
 160 L   0.00000 0.00000 0.88565 0.11435 ( 3)
 161 I   0.00000 0.00000 0.99592 0.00408 ( 3)
 162 I   0.00000 0.00000 0.96664 0.03336 ( 3)
 163 D   0.00000 0.00000 0.98759 0.01241 ( 3)
 164 R   0.00000 0.00000 0.98947 0.01053 ( 3)
 165 I   0.00000 0.00000 0.97283 0.02717 ( 3)
 166 E   0.00000 0.00000 0.99775 0.00225 ( 3)
 167 F   0.00000 0.00000 0.95642 0.04358 ( 3)
 168 Y   0.00000 0.00000 0.35768 0.64232 ( 4)
 169 P   0.00000 0.00000 0.99394 0.00606 ( 3)


lnL = -2301.054359

