Supplemental results for CODEML (seqf: algn  treef: tree)


dN/dS (w) for site classes (K=4)

site class             0        1       2a       2b
proportion       0.78668  0.17593  0.03056  0.00683
background w     0.13525  1.00000  0.13525  1.00000
foreground w     0.13525  1.00000  9.78723  9.78723

Naive Empirical Bayes (NEB) probabilities for 4 classes
(amino acids refer to 1st sequence: BT_Cry1A-like)

   1 -   0.78668 0.17593 0.03056 0.00683 ( 1)
   2 -   0.78668 0.17593 0.03056 0.00683 ( 1)
   3 -   0.09965 0.86296 0.00387 0.03352 ( 2)
   4 S   0.06790 0.89471 0.00264 0.03476 ( 2)
   5 A   0.90462 0.05799 0.03514 0.00225 ( 1)
   6 E   0.01931 0.94330 0.00075 0.03664 ( 2)
   7 F   0.95164 0.01097 0.03697 0.00043 ( 1)
   8 N   0.03393 0.92867 0.00132 0.03607 ( 2)
   9 N   0.90957 0.05303 0.03533 0.00206 ( 1)
  10 I   0.47040 0.49221 0.01827 0.01912 ( 2)
  11 I   0.95607 0.00654 0.03714 0.00025 ( 1)
  12 P   0.95119 0.01142 0.03695 0.00044 ( 1)
  13 S   0.95003 0.01258 0.03690 0.00049 ( 1)
  14 S   0.94341 0.01920 0.03665 0.00075 ( 1)
  15 Q   0.00022 0.96734 0.00002 0.03243 ( 2)
  16 I   0.99559 0.00000 0.00441 0.00000 ( 1)
  17 T   0.99558 0.00000 0.00442 0.00000 ( 1)
  18 Q   0.99799 0.00002 0.00199 0.00000 ( 1)
  19 I   0.99143 0.00000 0.00857 0.00000 ( 1)
  20 P   0.99786 0.00000 0.00213 0.00000 ( 1)
  21 L   0.13608 0.75263 0.06563 0.04566 ( 2)
  22 T   0.99262 0.00001 0.00736 0.00000 ( 1)
  23 K   0.99520 0.00007 0.00473 0.00000 ( 1)
  24 S   0.10382 0.00097 0.89500 0.00021 ( 3)
  25 T   0.00000 0.95487 0.00000 0.04513 ( 2)
  26 N   0.94322 0.05390 0.00249 0.00039 ( 1)
  27 L   0.99341 0.00288 0.00369 0.00002 ( 1)
  28 G   0.00001 0.97967 0.00000 0.02033 ( 2)
  29 S   0.97707 0.01969 0.00313 0.00010 ( 1)
  30 G   0.99802 0.00000 0.00198 0.00000 ( 1)
  31 T   0.12501 0.83262 0.01587 0.02649 ( 2)
  32 S   0.28961 0.61563 0.06084 0.03392 ( 2)
  33 V   0.99708 0.00000 0.00292 0.00000 ( 1)
  34 V   0.99697 0.00008 0.00295 0.00000 ( 1)
  35 K   0.92553 0.07143 0.00262 0.00041 ( 1)
  36 G   0.99494 0.00000 0.00506 0.00000 ( 1)
  37 P   0.99798 0.00001 0.00201 0.00000 ( 1)
  38 G   0.99788 0.00001 0.00212 0.00000 ( 1)
  39 F   0.99786 0.00000 0.00214 0.00000 ( 1)
  40 T   0.99571 0.00000 0.00429 0.00000 ( 1)
  41 G   0.99786 0.00000 0.00214 0.00000 ( 1)
  42 G   0.99662 0.00009 0.00329 0.00000 ( 1)
  43 D   0.99817 0.00000 0.00183 0.00000 ( 1)
  44 I   0.99431 0.00002 0.00567 0.00000 ( 1)
  45 L   0.99836 0.00000 0.00163 0.00000 ( 1)
  46 R   0.90572 0.08769 0.00576 0.00082 ( 1)
  47 R   0.99768 0.00001 0.00231 0.00000 ( 1)
  48 T   0.99174 0.00073 0.00752 0.00001 ( 1)
  49 S   0.68601 0.30753 0.00304 0.00342 ( 1)
  50 P   0.90055 0.09137 0.00692 0.00116 ( 1)
  51 G   0.99793 0.00001 0.00205 0.00000 ( 1)
  52 Q   0.00685 0.98230 0.00012 0.01073 ( 2)
  53 I   0.99750 0.00000 0.00250 0.00000 ( 1)
  54 S   0.00975 0.98476 0.00003 0.00546 ( 2)
  55 T   0.99701 0.00002 0.00297 0.00000 ( 1)
  56 L   0.28053 0.66141 0.03657 0.02149 ( 2)
  57 R   0.99448 0.00069 0.00482 0.00000 ( 1)
  58 V   0.99083 0.00246 0.00669 0.00003 ( 1)
  59 N   0.99703 0.00000 0.00297 0.00000 ( 1)
  60 -   0.78668 0.17593 0.03056 0.00683 ( 1)
  61 I   0.99585 0.00000 0.00415 0.00000 ( 1)
  62 T   0.90844 0.02018 0.07084 0.00053 ( 1)
  63 A   0.00497 0.95180 0.00100 0.04224 ( 2)
  64 P   0.87322 0.03548 0.09054 0.00076 ( 1)
  65 L   0.99657 0.00045 0.00297 0.00000 ( 1)
  66 S   0.99209 0.00006 0.00785 0.00000 ( 1)
  67 Q   0.99655 0.00146 0.00199 0.00000 ( 1)
  68 R   0.99763 0.00000 0.00237 0.00000 ( 1)
  69 Y   0.99811 0.00000 0.00189 0.00000 ( 1)
  70 R   0.98879 0.00280 0.00839 0.00003 ( 1)
  71 V   0.99701 0.00000 0.00299 0.00000 ( 1)
  72 R   0.99718 0.00006 0.00276 0.00000 ( 1)
  73 I   0.99585 0.00000 0.00415 0.00000 ( 1)
  74 R   0.99683 0.00179 0.00137 0.00000 ( 1)
  75 Y   0.99804 0.00000 0.00196 0.00000 ( 1)
  76 A   0.99716 0.00000 0.00284 0.00000 ( 1)
  77 S   0.99748 0.00006 0.00246 0.00000 ( 1)
  78 T   0.99580 0.00000 0.00420 0.00000 ( 1)
  79 T   0.99559 0.00000 0.00441 0.00000 ( 1)
  80 N   0.99632 0.00000 0.00368 0.00000 ( 1)
  81 L   0.99730 0.00005 0.00265 0.00000 ( 1)
  82 Q   0.99702 0.00099 0.00199 0.00000 ( 1)
  83 F   0.99640 0.00001 0.00359 0.00000 ( 1)
  84 H   0.30619 0.68801 0.00134 0.00446 ( 2)
  85 T   0.99321 0.00191 0.00486 0.00002 ( 1)
  86 S   0.00023 0.99471 0.00000 0.00506 ( 2)
  87 I   0.99584 0.00000 0.00415 0.00000 ( 1)
  88 D   0.98641 0.01038 0.00315 0.00005 ( 1)
  89 G   0.99788 0.00000 0.00212 0.00000 ( 1)
  90 R   0.99721 0.00048 0.00231 0.00000 ( 1)
  91 P   0.99308 0.00333 0.00356 0.00003 ( 1)
  92 I   0.99584 0.00000 0.00416 0.00000 ( 1)
  93 N   0.99740 0.00000 0.00260 0.00000 ( 1)
  94 Q   0.00001 0.99158 0.00000 0.00841 ( 2)
  95 G   0.56591 0.00355 0.43022 0.00032 ( 1)
  96 N   0.99740 0.00000 0.00260 0.00000 ( 1)
  97 F   0.99709 0.00002 0.00290 0.00000 ( 1)
  98 S   0.00034 0.99307 0.00000 0.00658 ( 2)
  99 A   0.92952 0.06726 0.00278 0.00043 ( 1)
 100 T   0.99580 0.00000 0.00420 0.00000 ( 1)
 101 M   0.99924 0.00002 0.00075 0.00000 ( 1)
 102 S   0.98796 0.00880 0.00317 0.00007 ( 1)
 103 S   0.56153 0.07731 0.35600 0.00515 ( 1)
 104 G   0.72704 0.26291 0.00648 0.00357 ( 1)
 105 S   0.00000 0.92922 0.00000 0.07077 ( 2)
 106 N   0.82770 0.03705 0.13394 0.00131 ( 1)
 107 L   0.99733 0.00001 0.00265 0.00000 ( 1)
 108 Q   0.04123 0.06299 0.86472 0.03106 ( 3)
 109 S   0.26573 0.66691 0.04463 0.02273 ( 2)
 110 A   0.50668 0.45098 0.03540 0.00694 ( 1)
 111 S   0.00012 0.93332 0.00005 0.06652 ( 2)
 112 F   0.99774 0.00000 0.00226 0.00000 ( 1)
 113 R   0.99496 0.00004 0.00500 0.00000 ( 1)
 114 T   0.99523 0.00005 0.00472 0.00000 ( 1)
 115 V   0.35762 0.62978 0.00483 0.00777 ( 2)
 116 G   0.99261 0.00008 0.00731 0.00000 ( 1)
 117 F   0.99786 0.00000 0.00214 0.00000 ( 1)
 118 T   0.99186 0.00000 0.00813 0.00000 ( 1)
 119 T   0.99580 0.00000 0.00420 0.00000 ( 1)
 120 P   0.99789 0.00000 0.00210 0.00000 ( 1)
 121 F   0.99786 0.00000 0.00214 0.00000 ( 1)
 122 N   0.83665 0.13405 0.02526 0.00404 ( 1)
 123 F   0.99786 0.00000 0.00214 0.00000 ( 1)
 124 S   0.86255 0.13407 0.00270 0.00068 ( 1)
 125 N   0.87912 0.01308 0.10745 0.00035 ( 1)
 126 G   0.11225 0.88045 0.00041 0.00690 ( 2)
 127 S   0.00051 0.96902 0.00003 0.03044 ( 2)
 128 S   0.98553 0.01137 0.00306 0.00005 ( 1)
 129 V   0.97641 0.00406 0.01945 0.00008 ( 1)
 130 F   0.99676 0.00001 0.00324 0.00000 ( 1)
 131 T   0.99446 0.00108 0.00445 0.00001 ( 1)
 132 L   0.99033 0.00343 0.00621 0.00003 ( 1)
 133 S   0.98538 0.00312 0.01147 0.00004 ( 1)
 134 A   0.92689 0.00232 0.07074 0.00005 ( 1)
 135 H   0.00123 0.98979 0.00000 0.00898 ( 2)
 136 V   0.00000 0.64718 0.00002 0.35280 ( 2)
 137 F   0.99635 0.00006 0.00359 0.00000 ( 1)
 138 N   0.70183 0.00004 0.29812 0.00000 ( 1)
 139 S   0.43081 0.56498 0.00135 0.00286 ( 2)
 140 G   0.83863 0.15518 0.00494 0.00125 ( 1)
 141 -   0.78668 0.17593 0.03056 0.00683 ( 1)
 142 N   0.96017 0.03599 0.00356 0.00028 ( 1)
 143 E   0.85015 0.00001 0.14983 0.00000 ( 1)
 144 V   0.99709 0.00000 0.00291 0.00000 ( 1)
 145 Y   0.99807 0.00005 0.00189 0.00000 ( 1)
 146 I   0.99600 0.00000 0.00399 0.00000 ( 1)
 147 D   0.99817 0.00000 0.00183 0.00000 ( 1)
 148 R   0.95374 0.04152 0.00449 0.00025 ( 1)
 149 I   0.99585 0.00000 0.00415 0.00000 ( 1)
 150 E   0.99823 0.00000 0.00177 0.00000 ( 1)
 151 F   0.99786 0.00000 0.00214 0.00000 ( 1)
 152 V   0.99564 0.00000 0.00436 0.00000 ( 1)
 153 -   0.92801 0.03459 0.03605 0.00134 ( 1)


lnL = -4797.048798

Bayes Empirical Bayes (BEB) probabilities for 4 classes (class)
(amino acids refer to 1st sequence: BT_Cry1A-like)

   1 -   0.78701 0.15924 0.04455 0.00920 ( 1)
   2 -   0.78701 0.15924 0.04455 0.00920 ( 1)
   3 -   0.13029 0.81597 0.00721 0.04653 ( 2)
   4 S   0.09723 0.84902 0.00538 0.04837 ( 2)
   5 A   0.89567 0.05059 0.05082 0.00292 ( 1)
   6 E   0.03100 0.91526 0.00171 0.05204 ( 2)
   7 F   0.93582 0.01044 0.05314 0.00060 ( 1)
   8 N   0.05314 0.89311 0.00293 0.05081 ( 2)
   9 N   0.90011 0.04614 0.05108 0.00267 ( 1)
  10 I   0.52551 0.42075 0.02952 0.02422 ( 1)
  11 I   0.93989 0.00636 0.05338 0.00037 ( 1)
  12 P   0.93541 0.01084 0.05312 0.00063 ( 1)
  13 S   0.93509 0.01117 0.05310 0.00065 ( 1)
  14 S   0.93039 0.01586 0.05283 0.00092 ( 1)
  15 Q   0.00054 0.95272 0.00005 0.04669 ( 2)
  16 I   0.99082 0.00000 0.00918 0.00000 ( 1)
  17 T   0.99043 0.00000 0.00956 0.00000 ( 1)
  18 Q   0.99036 0.00002 0.00961 0.00000 ( 1)
  19 I   0.98404 0.00000 0.01596 0.00000 ( 1)
  20 P   0.99216 0.00001 0.00783 0.00000 ( 1)
  21 L   0.19227 0.62947 0.12014 0.05811 ( 2)
  22 T   0.98889 0.00001 0.01109 0.00000 ( 1)
  23 K   0.98900 0.00006 0.01094 0.00000 ( 1)
  24 S   0.12113 0.00078 0.87791 0.00018 ( 3)
  25 T   0.00000 0.92766 0.00000 0.07234 ( 2)
  26 N   0.96059 0.03284 0.00603 0.00053 ( 1)
  27 L   0.98598 0.00220 0.01178 0.00004 ( 1)
  28 G   0.00002 0.96509 0.00000 0.03489 ( 2)
  29 S   0.97518 0.01442 0.01015 0.00024 ( 1)
  30 G   0.99390 0.00000 0.00609 0.00000 ( 1)
  31 T   0.20273 0.71994 0.03859 0.03873 ( 2)
  32 S   0.40810 0.44516 0.11173 0.03501 ( 2)
  33 V   0.99305 0.00000 0.00695 0.00000 ( 1)
  34 V   0.99293 0.00007 0.00700 0.00000 ( 1)
  35 K   0.94868 0.04315 0.00749 0.00068 ( 1)
  36 G   0.98571 0.00000 0.01429 0.00000 ( 1)
  37 P   0.99245 0.00001 0.00754 0.00000 ( 1)
  38 G   0.99233 0.00001 0.00766 0.00000 ( 1)
  39 F   0.99386 0.00000 0.00614 0.00000 ( 1)
  40 T   0.99060 0.00000 0.00940 0.00000 ( 1)
  41 G   0.99372 0.00000 0.00628 0.00000 ( 1)
  42 G   0.98963 0.00009 0.01028 0.00000 ( 1)
  43 D   0.99462 0.00000 0.00538 0.00000 ( 1)
  44 I   0.98422 0.00002 0.01575 0.00000 ( 1)
  45 L   0.99394 0.00000 0.00606 0.00000 ( 1)
  46 R   0.91881 0.06713 0.01268 0.00138 ( 1)
  47 R   0.99323 0.00001 0.00676 0.00000 ( 1)
  48 T   0.97883 0.00066 0.02049 0.00002 ( 1)
  49 S   0.79891 0.18972 0.00723 0.00414 ( 1)
  50 P   0.92560 0.05887 0.01406 0.00147 ( 1)
  51 G   0.99368 0.00001 0.00631 0.00000 ( 1)
  52 Q   0.01480 0.95957 0.00051 0.02512 ( 2)
  53 I   0.99329 0.00000 0.00671 0.00000 ( 1)
  54 S   0.01954 0.96498 0.00017 0.01530 ( 2)
  55 T   0.99265 0.00002 0.00733 0.00000 ( 1)
  56 L   0.39904 0.49603 0.07771 0.02722 ( 2)
  57 R   0.98302 0.00062 0.01635 0.00001 ( 1)
  58 V   0.98500 0.00177 0.01319 0.00004 ( 1)
  59 N   0.99302 0.00000 0.00698 0.00000 ( 1)
  60 -   0.78701 0.15924 0.04455 0.00920 ( 1)
  61 I   0.99137 0.00000 0.00863 0.00000 ( 1)
  62 T   0.87852 0.01208 0.10885 0.00054 ( 1)
  63 A   0.01119 0.92098 0.00322 0.06461 ( 2)
  64 P   0.82065 0.02237 0.15599 0.00099 ( 1)
  65 L   0.98967 0.00040 0.00992 0.00001 ( 1)
  66 S   0.98313 0.00006 0.01681 0.00000 ( 1)
  67 Q   0.98912 0.00126 0.00960 0.00002 ( 1)
  68 R   0.99312 0.00000 0.00688 0.00000 ( 1)
  69 Y   0.99304 0.00000 0.00696 0.00000 ( 1)
  70 R   0.97443 0.00275 0.02274 0.00008 ( 1)
  71 V   0.99237 0.00000 0.00763 0.00000 ( 1)
  72 R   0.98743 0.00005 0.01252 0.00000 ( 1)
  73 I   0.99137 0.00000 0.00863 0.00000 ( 1)
  74 R   0.99162 0.00157 0.00679 0.00002 ( 1)
  75 Y   0.99284 0.00000 0.00716 0.00000 ( 1)
  76 A   0.99319 0.00000 0.00681 0.00000 ( 1)
  77 S   0.99280 0.00005 0.00715 0.00000 ( 1)
  78 T   0.99125 0.00000 0.00875 0.00000 ( 1)
  79 T   0.99035 0.00000 0.00965 0.00000 ( 1)
  80 N   0.99169 0.00000 0.00830 0.00000 ( 1)
  81 L   0.99042 0.00005 0.00953 0.00000 ( 1)
  82 Q   0.98952 0.00086 0.00961 0.00001 ( 1)
  83 F   0.98633 0.00001 0.01367 0.00000 ( 1)
  84 H   0.43241 0.55137 0.00554 0.01067 ( 2)
  85 T   0.98778 0.00169 0.01050 0.00004 ( 1)
  86 S   0.00064 0.98340 0.00001 0.01596 ( 2)
  87 I   0.99137 0.00000 0.00863 0.00000 ( 1)
  88 D   0.98017 0.00761 0.01209 0.00013 ( 1)
  89 G   0.99234 0.00000 0.00766 0.00000 ( 1)
  90 R   0.99282 0.00040 0.00677 0.00001 ( 1)
  91 P   0.98952 0.00238 0.00806 0.00004 ( 1)
  92 I   0.99136 0.00000 0.00864 0.00000 ( 1)
  93 N   0.99382 0.00000 0.00618 0.00000 ( 1)
  94 Q   0.00003 0.97764 0.00000 0.02233 ( 2)
  95 G   0.55379 0.00275 0.44314 0.00031 ( 1)
  96 N   0.99382 0.00000 0.00618 0.00000 ( 1)
  97 F   0.99208 0.00002 0.00791 0.00000 ( 1)
  98 S   0.00085 0.98098 0.00002 0.01815 ( 2)
  99 A   0.94917 0.04286 0.00729 0.00068 ( 1)
 100 T   0.99125 0.00000 0.00875 0.00000 ( 1)
 101 M   0.99545 0.00001 0.00453 0.00000 ( 1)
 102 S   0.98719 0.00542 0.00730 0.00009 ( 1)
 103 S   0.57480 0.04518 0.37609 0.00393 ( 1)
 104 G   0.77700 0.20560 0.01235 0.00505 ( 1)
 105 S   0.00000 0.91082 0.00000 0.08917 ( 2)
 106 N   0.78274 0.02266 0.19320 0.00140 ( 1)
 107 L   0.99046 0.00001 0.00953 0.00000 ( 1)
 108 Q   0.06212 0.05858 0.85557 0.02373 ( 3)
 109 S   0.36547 0.52205 0.08401 0.02847 ( 2)
 110 A   0.61183 0.29940 0.07900 0.00978 ( 1)
 111 S   0.00029 0.90437 0.00016 0.09518 ( 2)
 112 F   0.99357 0.00000 0.00643 0.00000 ( 1)
 113 R   0.98826 0.00004 0.01169 0.00000 ( 1)
 114 T   0.99018 0.00005 0.00977 0.00000 ( 1)
 115 V   0.51556 0.45927 0.01347 0.01171 ( 1)
 116 G   0.98731 0.00008 0.01261 0.00000 ( 1)
 117 F   0.99386 0.00000 0.00614 0.00000 ( 1)
 118 T   0.98771 0.00000 0.01229 0.00000 ( 1)
 119 T   0.99125 0.00000 0.00875 0.00000 ( 1)
 120 P   0.99224 0.00000 0.00775 0.00000 ( 1)
 121 F   0.99386 0.00000 0.00614 0.00000 ( 1)
 122 N   0.86433 0.09202 0.03934 0.00430 ( 1)
 123 F   0.99386 0.00000 0.00614 0.00000 ( 1)
 124 S   0.89760 0.09162 0.00927 0.00152 ( 1)
 125 N   0.84331 0.00747 0.14889 0.00033 ( 1)
 126 G   0.19401 0.79024 0.00165 0.01410 ( 2)
 127 S   0.00120 0.94779 0.00011 0.05091 ( 2)
 128 S   0.98097 0.00778 0.01112 0.00013 ( 1)
 129 V   0.96219 0.00284 0.03487 0.00010 ( 1)
 130 F   0.99130 0.00001 0.00869 0.00000 ( 1)
 131 T   0.98938 0.00090 0.00970 0.00002 ( 1)
 132 L   0.98215 0.00276 0.01504 0.00006 ( 1)
 133 S   0.97484 0.00213 0.02297 0.00006 ( 1)
 134 A   0.88997 0.00150 0.10847 0.00006 ( 1)
 135 H   0.00275 0.97590 0.00002 0.02132 ( 2)
 136 V   0.00000 0.67769 0.00006 0.32225 ( 2)
 137 F   0.98627 0.00006 0.01367 0.00000 ( 1)
 138 N   0.67300 0.00003 0.32696 0.00000 ( 1)
 139 S   0.56121 0.42603 0.00572 0.00704 ( 1)
 140 G   0.86777 0.11344 0.01602 0.00278 ( 1)
 141 -   0.78701 0.15924 0.04455 0.00920 ( 1)
 142 N   0.96490 0.02639 0.00824 0.00047 ( 1)
 143 E   0.79886 0.00001 0.20113 0.00000 ( 1)
 144 V   0.99310 0.00000 0.00690 0.00000 ( 1)
 145 Y   0.99299 0.00005 0.00696 0.00000 ( 1)
 146 I   0.99121 0.00000 0.00879 0.00000 ( 1)
 147 D   0.99462 0.00000 0.00538 0.00000 ( 1)
 148 R   0.95153 0.03208 0.01571 0.00068 ( 1)
 149 I   0.99137 0.00000 0.00863 0.00000 ( 1)
 150 E   0.99375 0.00000 0.00625 0.00000 ( 1)
 151 F   0.99386 0.00000 0.00614 0.00000 ( 1)
 152 V   0.98809 0.00000 0.01190 0.00000 ( 1)
 153 -   0.91412 0.03214 0.05189 0.00186 ( 1)

