Supplemental results for CODEML (seqf: algn  treef: tree)


dN/dS (w) for site classes (K=4)

site class             0        1       2a       2b
proportion       0.66426  0.27315  0.04436  0.01824
background w     0.09851  1.00000  0.09851  1.00000
foreground w     0.09851  1.00000 82.96288 82.96288

Naive Empirical Bayes (NEB) probabilities for 4 classes
(amino acids refer to 1st sequence: BT_Cry7Ba1)

   1 -   0.79494 0.14247 0.05308 0.00951 ( 1)
   2 -   0.88783 0.04958 0.05928 0.00331 ( 1)
   3 -   0.11379 0.82362 0.00760 0.05500 ( 2)
   4 -   0.00685 0.93056 0.00046 0.06214 ( 2)
   5 -   0.32006 0.61735 0.02137 0.04122 ( 2)
   6 -   0.89914 0.03826 0.06004 0.00255 ( 1)
   7 S   0.35413 0.64266 0.00106 0.00215 ( 2)
   8 K   0.33081 0.66500 0.00126 0.00293 ( 2)
   9 I   0.92622 0.05939 0.01339 0.00099 ( 1)
  10 L   0.59097 0.40401 0.00291 0.00210 ( 1)
  11 K   0.70684 0.28922 0.00267 0.00128 ( 1)
  12 E   0.34716 0.64854 0.00142 0.00288 ( 2)
  13 I   0.98802 0.00827 0.00367 0.00004 ( 1)
  14 L   0.71184 0.28554 0.00181 0.00081 ( 1)
  15 D   0.92596 0.07020 0.00352 0.00032 ( 1)
  16 Y   0.51712 0.47859 0.00211 0.00218 ( 1)
  17 L   0.97272 0.02254 0.00462 0.00012 ( 1)
  18 W   0.96577 0.02760 0.00644 0.00019 ( 1)
  19 P   0.98754 0.00687 0.00555 0.00004 ( 1)
  20 S   0.98523 0.01179 0.00294 0.00004 ( 1)
  21 S   0.08535 0.91033 0.00034 0.00398 ( 2)
  22 S   0.22049 0.77449 0.00108 0.00394 ( 2)
  23 S   0.45019 0.54245 0.00326 0.00410 ( 2)
  24 S   0.42240 0.56622 0.00479 0.00659 ( 2)
  25 N   0.18632 0.65856 0.10997 0.04514 ( 2)
  26 S   0.21106 0.78468 0.00084 0.00342 ( 2)
  27 W   0.96577 0.02760 0.00644 0.00019 ( 1)
  28 E   0.98734 0.00786 0.00475 0.00004 ( 1)
  29 E   0.05118 0.94443 0.00021 0.00418 ( 2)
  30 M   0.97504 0.02320 0.00171 0.00005 ( 1)
  31 M   0.97967 0.01858 0.00171 0.00004 ( 1)
  32 K   0.68112 0.31557 0.00221 0.00111 ( 1)
  33 E   0.30238 0.69221 0.00147 0.00394 ( 2)
  34 V   0.97029 0.02413 0.00542 0.00016 ( 1)
  35 E   0.98781 0.00815 0.00400 0.00004 ( 1)
  36 Y   0.54513 0.45061 0.00221 0.00205 ( 1)
  37 L   0.98658 0.01088 0.00251 0.00003 ( 1)
  38 I   0.85002 0.14619 0.00316 0.00063 ( 1)
  39 D   0.99105 0.00517 0.00376 0.00002 ( 1)
  40 K   0.92236 0.07382 0.00349 0.00033 ( 1)
  41 K   0.99002 0.00623 0.00372 0.00003 ( 1)
  42 I   0.98991 0.00620 0.00387 0.00003 ( 1)
  43 E   0.76849 0.22737 0.00313 0.00101 ( 1)
  44 E   0.91204 0.08309 0.00439 0.00047 ( 1)
  45 Y   0.86978 0.12614 0.00351 0.00057 ( 1)
  46 A   0.90710 0.08904 0.00346 0.00040 ( 1)
  47 R   0.99211 0.00598 0.00189 0.00001 ( 1)
  48 N   0.94052 0.05647 0.00281 0.00020 ( 1)
  49 K   0.88763 0.10911 0.00287 0.00038 ( 1)
  50 A   0.98673 0.00946 0.00377 0.00004 ( 1)
  51 L   0.82126 0.17615 0.00209 0.00050 ( 1)
  52 A   0.06104 0.00713 0.92250 0.00934 ( 3)
  53 V   0.01890 0.13623 0.44979 0.39508 ( 3)
  54 L   0.97401 0.02111 0.00477 0.00011 ( 1)
  55 E   0.17691 0.81759 0.00086 0.00465 ( 2)
  56 G   0.99120 0.00623 0.00256 0.00002 ( 1)
  57 I   0.89787 0.09813 0.00354 0.00046 ( 1)
  58 G   0.92244 0.00570 0.07136 0.00049 ( 1)
  59 N   0.82909 0.16782 0.00249 0.00059 ( 1)
  60 A   0.78589 0.21052 0.00275 0.00084 ( 1)
  61 V   0.35917 0.63462 0.00203 0.00418 ( 2)
  62 E   0.01106 0.98330 0.00005 0.00559 ( 2)
  63 S   0.02991 0.10239 0.57019 0.29751 ( 3)
  64 Y   0.98729 0.00868 0.00398 0.00004 ( 1)
  65 Y   0.47475 0.52094 0.00194 0.00237 ( 2)
  66 S   0.11353 0.88473 0.00018 0.00157 ( 2)
  67 A   0.88554 0.11056 0.00341 0.00050 ( 1)
  68 L   0.97364 0.02160 0.00465 0.00011 ( 1)
  69 E   0.88703 0.10808 0.00427 0.00061 ( 1)
  70 A   0.05572 0.93886 0.00029 0.00514 ( 2)
  71 W   0.96577 0.02760 0.00644 0.00019 ( 1)
  72 -   0.29587 0.64153 0.01976 0.04284 ( 2)
  73 E   0.90407 0.09106 0.00435 0.00052 ( 1)
  74 L   0.48300 0.51197 0.00233 0.00270 ( 2)
  75 E   0.05013 0.94423 0.00025 0.00539 ( 2)
  76 S   0.69540 0.30149 0.00210 0.00101 ( 1)
  77 S   0.80947 0.18892 0.00128 0.00033 ( 1)
  78 E   0.27311 0.72145 0.00133 0.00411 ( 2)
  79 R   0.97320 0.02513 0.00162 0.00005 ( 1)
  80 S   0.17654 0.82173 0.00028 0.00145 ( 2)
  81 L   0.63399 0.36106 0.00305 0.00190 ( 1)
  82 E   0.64322 0.35163 0.00315 0.00200 ( 1)
  83 L   0.56350 0.06348 0.33354 0.03948 ( 1)
  84 V   0.97860 0.01583 0.00547 0.00010 ( 1)
  85 L   0.02335 0.97148 0.00011 0.00505 ( 2)
  86 E   0.00012 0.00852 0.08140 0.90996 ( 4)
  87 R   0.93555 0.06119 0.00305 0.00021 ( 1)
  88 Y   0.85142 0.14449 0.00344 0.00065 ( 1)
  89 Q   0.00000 0.00321 0.00144 0.99535 ( 4)
  90 F   0.07089 0.66220 0.14107 0.12584 ( 2)
  91 A   0.58769 0.40705 0.00302 0.00223 ( 1)
  92 V   0.49928 0.49484 0.00285 0.00302 ( 1)
  93 Q   0.79814 0.19671 0.00411 0.00105 ( 1)
  94 F   0.76336 0.23298 0.00271 0.00095 ( 1)
  95 A   0.73818 0.25781 0.00286 0.00116 ( 1)
  96 R   0.66815 0.32984 0.00129 0.00072 ( 1)
  97 S   0.00036 0.83669 0.00065 0.16230 ( 2)
  98 S   0.00009 0.04668 0.06188 0.89135 ( 4)
  99 M   0.94757 0.05067 0.00166 0.00010 ( 1)
 100 P   0.99265 0.00505 0.00229 0.00001 ( 1)
 101 S   0.97674 0.01933 0.00385 0.00008 ( 1)
 102 F   0.99152 0.00499 0.00347 0.00002 ( 1)
 103 A   0.98745 0.00746 0.00505 0.00004 ( 1)
 104 I   0.22674 0.49770 0.23081 0.04475 ( 2)
 105 I   0.00554 0.24172 0.38253 0.37021 ( 3)
 106 N   0.60507 0.39171 0.00184 0.00139 ( 1)
 107 Y   0.48865 0.50705 0.00200 0.00231 ( 2)
 108 E   0.98624 0.00897 0.00475 0.00005 ( 1)
 109 I   0.95928 0.03697 0.00359 0.00016 ( 1)
 110 P   0.97801 0.00879 0.01308 0.00012 ( 1)
 111 L   0.97683 0.01843 0.00464 0.00010 ( 1)
 112 L   0.97683 0.01843 0.00464 0.00010 ( 1)
 113 A   0.32878 0.66698 0.00126 0.00299 ( 2)
 114 T   0.83181 0.16516 0.00247 0.00056 ( 1)
 115 Y   0.98688 0.00910 0.00398 0.00004 ( 1)
 116 A   0.98895 0.00724 0.00377 0.00003 ( 1)
 117 N   0.53116 0.46559 0.00161 0.00165 ( 1)
 118 A   0.98790 0.00860 0.00346 0.00003 ( 1)
 119 A   0.71591 0.28010 0.00274 0.00125 ( 1)
 120 N   0.98768 0.00933 0.00295 0.00003 ( 1)
 121 V   0.15976 0.83453 0.00082 0.00488 ( 2)
 122 H   0.98848 0.00939 0.00211 0.00002 ( 1)
 123 L   0.97418 0.02109 0.00463 0.00011 ( 1)
 124 L   0.95840 0.03904 0.00244 0.00011 ( 1)
 125 L   0.97683 0.01843 0.00464 0.00010 ( 1)
 126 M   0.82874 0.16946 0.00146 0.00034 ( 1)
 127 R   0.98965 0.00845 0.00189 0.00002 ( 1)
 128 D   0.98558 0.01063 0.00374 0.00005 ( 1)
 129 I   0.85001 0.14594 0.00337 0.00069 ( 1)
 130 Q   0.33790 0.65884 0.00105 0.00222 ( 2)
 131 I   0.98734 0.00876 0.00386 0.00004 ( 1)
 132 Y   0.93428 0.05387 0.01119 0.00066 ( 1)
 133 G   0.98896 0.00733 0.00369 0.00003 ( 1)
 134 D   0.66271 0.33325 0.00253 0.00151 ( 1)
 135 R   0.13633 0.52730 0.25627 0.08010 ( 2)
 136 W   0.96577 0.02760 0.00644 0.00019 ( 1)
 137 G   0.00407 0.00448 0.98470 0.00676 ( 3)
 138 I   0.77306 0.22285 0.00304 0.00105 ( 1)
 139 S   0.07954 0.76454 0.07707 0.07885 ( 2)
 140 Q   0.33814 0.65861 0.00104 0.00221 ( 2)
 141 N   0.00083 0.99564 0.00000 0.00353 ( 2)
 142 D   0.96547 0.03071 0.00368 0.00014 ( 1)
 143 M   0.21038 0.07024 0.70014 0.01925 ( 3)
 144 N   0.03198 0.88808 0.01884 0.06110 ( 2)
 145 L   0.05107 0.93829 0.00054 0.01010 ( 2)
 146 F   0.63786 0.35828 0.00242 0.00144 ( 1)
 147 L   0.47933 0.51565 0.00230 0.00272 ( 2)
 148 K   0.58603 0.40995 0.00221 0.00181 ( 1)
 149 E   0.41745 0.57721 0.00205 0.00329 ( 2)
 150 Q   0.98694 0.01002 0.00301 0.00003 ( 1)
 151 E   0.85498 0.14008 0.00415 0.00080 ( 1)
 152 I   0.00360 0.94609 0.00178 0.04853 ( 2)
 153 Y   0.05861 0.92923 0.00070 0.01146 ( 2)
 154 T   0.98345 0.01272 0.00378 0.00005 ( 1)
 155 S   0.15874 0.37892 0.37430 0.08804 ( 2)
 156 E   0.91904 0.07607 0.00446 0.00043 ( 1)
 157 Y   0.98365 0.01232 0.00397 0.00006 ( 1)
 158 S   0.75270 0.23031 0.01270 0.00429 ( 1)
 159 E   0.96945 0.02572 0.00468 0.00015 ( 1)
 160 H   0.64691 0.11279 0.23164 0.00866 ( 1)
 161 C   0.97952 0.01116 0.00921 0.00011 ( 1)
 162 V   0.00390 0.01398 0.95882 0.02330 ( 3)
 163 K   0.98292 0.01385 0.00318 0.00005 ( 1)
 164 W   0.96577 0.02760 0.00644 0.00019 ( 1)
 165 Y   0.97670 0.01927 0.00394 0.00009 ( 1)
 166 N   0.45750 0.53923 0.00137 0.00190 ( 2)
 167 E   0.39095 0.60477 0.00160 0.00268 ( 2)
 168 G   0.98625 0.01117 0.00255 0.00003 ( 1)
 169 L   0.97683 0.01843 0.00464 0.00010 ( 1)
 170 N   0.00577 0.99071 0.00002 0.00350 ( 2)
 171 Q   0.95386 0.04308 0.00292 0.00014 ( 1)
 172 L   0.97600 0.01912 0.00478 0.00010 ( 1)
 173 K   0.99002 0.00623 0.00372 0.00003 ( 1)
 174 T   0.73161 0.26554 0.00202 0.00083 ( 1)
 175 K   0.73766 0.25841 0.00278 0.00114 ( 1)
 176 G   0.73275 0.26498 0.00161 0.00066 ( 1)
 177 G   0.98364 0.00764 0.00865 0.00007 ( 1)
 178 A   0.89970 0.09640 0.00346 0.00043 ( 1)
 179 S   0.52060 0.47775 0.00081 0.00084 ( 1)
 180 G   0.92452 0.07326 0.00204 0.00018 ( 1)
 181 L   0.09155 0.90325 0.00044 0.00476 ( 2)
 182 V   0.02526 0.96893 0.00013 0.00568 ( 2)
 183 W   0.96577 0.02760 0.00644 0.00019 ( 1)
 184 E   0.23204 0.76362 0.00095 0.00339 ( 2)
 185 N   0.44131 0.55540 0.00133 0.00196 ( 2)
 186 Y   0.98729 0.00868 0.00398 0.00004 ( 1)
 187 N   0.91085 0.08643 0.00248 0.00025 ( 1)
 188 S   0.31568 0.68261 0.00050 0.00121 ( 2)
 189 F   0.98127 0.01496 0.00371 0.00006 ( 1)
 190 R   0.97198 0.02636 0.00162 0.00005 ( 1)
 191 T   0.93236 0.06466 0.00276 0.00022 ( 1)
 192 E   0.98223 0.01297 0.00473 0.00007 ( 1)
 193 M   0.99635 0.00191 0.00173 0.00000 ( 1)
 194 T   0.98941 0.00766 0.00291 0.00003 ( 1)
 195 I   0.05119 0.93123 0.00087 0.01672 ( 2)
 196 M   0.95254 0.04571 0.00166 0.00009 ( 1)
 197 V   0.98223 0.01220 0.00549 0.00008 ( 1)
 198 L   0.97683 0.01843 0.00464 0.00010 ( 1)
 199 D   0.99105 0.00517 0.00376 0.00002 ( 1)
 200 L   0.95689 0.04056 0.00244 0.00012 ( 1)
 201 V   0.98123 0.01320 0.00548 0.00009 ( 1)
 202 A   0.98705 0.00945 0.00346 0.00004 ( 1)
 203 I   0.90022 0.09579 0.00355 0.00045 ( 1)
 204 F   0.99152 0.00499 0.00347 0.00002 ( 1)
 205 P   0.99265 0.00505 0.00229 0.00001 ( 1)
 206 A   0.40816 0.58141 0.00422 0.00621 ( 2)


lnL = -2313.039052

Bayes Empirical Bayes (BEB) probabilities for 4 classes (class)
(amino acids refer to 1st sequence: BT_Cry7Ba1)

   1 -   0.75017 0.09503 0.13758 0.01722 ( 1)
   2 -   0.81120 0.03400 0.14864 0.00617 ( 1)
   3 -   0.25473 0.59047 0.04709 0.10772 ( 2)
   4 -   0.03094 0.81426 0.00571 0.14910 ( 2)
   5 -   0.44061 0.40459 0.08138 0.07343 ( 1)
   6 -   0.81861 0.02659 0.14998 0.00483 ( 1)
   7 S   0.53405 0.38069 0.04860 0.03666 ( 1)
   8 K   0.55301 0.37545 0.04107 0.03047 ( 1)
   9 I   0.86895 0.04032 0.08643 0.00430 ( 1)
  10 L   0.66384 0.22683 0.08131 0.02802 ( 1)
  11 K   0.75357 0.17663 0.05566 0.01415 ( 1)
  12 E   0.53039 0.37377 0.05531 0.04054 ( 1)
  13 I   0.92087 0.00717 0.07133 0.00062 ( 1)
  14 L   0.73509 0.18251 0.06523 0.01717 ( 1)
  15 D   0.88654 0.04983 0.05986 0.00377 ( 1)
  16 Y   0.63983 0.27513 0.05853 0.02650 ( 1)
  17 L   0.89268 0.01724 0.08825 0.00183 ( 1)
  18 W   0.85995 0.01888 0.11851 0.00266 ( 1)
  19 P   0.87947 0.00525 0.11457 0.00071 ( 1)
  20 S   0.90795 0.00940 0.08173 0.00092 ( 1)
  21 S   0.25568 0.65037 0.02536 0.06859 ( 2)
  22 S   0.38658 0.49323 0.05239 0.06780 ( 2)
  23 S   0.57803 0.30448 0.07680 0.04070 ( 1)
  24 S   0.56133 0.30992 0.08314 0.04560 ( 1)
  25 N   0.16500 0.26830 0.44706 0.11964 ( 3)
  26 S   0.43464 0.47257 0.04326 0.04953 ( 2)
  27 W   0.85995 0.01888 0.11851 0.00266 ( 1)
  28 E   0.92516 0.00690 0.06736 0.00057 ( 1)
  29 E   0.16274 0.73921 0.01690 0.08115 ( 2)
  30 M   0.91430 0.01682 0.06753 0.00135 ( 1)
  31 M   0.91747 0.01373 0.06769 0.00111 ( 1)
  32 K   0.70048 0.20195 0.07507 0.02250 ( 1)
  33 E   0.48396 0.44409 0.03563 0.03632 ( 1)
  34 V   0.91128 0.01964 0.06743 0.00165 ( 1)
  35 E   0.89963 0.00686 0.09275 0.00076 ( 1)
  36 Y   0.65463 0.26059 0.05971 0.02507 ( 1)
  37 L   0.91002 0.00875 0.08039 0.00084 ( 1)
  38 I   0.82983 0.09746 0.06448 0.00823 ( 1)
  39 D   0.93204 0.00474 0.06286 0.00037 ( 1)
  40 K   0.88117 0.05003 0.06477 0.00403 ( 1)
  41 K   0.92620 0.00549 0.06786 0.00045 ( 1)
  42 I   0.93321 0.00575 0.06061 0.00043 ( 1)
  43 E   0.77024 0.13538 0.08003 0.01435 ( 1)
  44 E   0.87362 0.05799 0.06369 0.00471 ( 1)
  45 Y   0.83296 0.08362 0.07536 0.00805 ( 1)
  46 A   0.86957 0.06228 0.06317 0.00498 ( 1)
  47 R   0.91846 0.00496 0.07612 0.00045 ( 1)
  48 N   0.89466 0.04052 0.06172 0.00310 ( 1)
  49 K   0.83015 0.07303 0.08870 0.00811 ( 1)
  50 A   0.92418 0.00812 0.06704 0.00066 ( 1)
  51 L   0.80327 0.11479 0.07116 0.01078 ( 1)
  52 A   0.13653 0.01039 0.84519 0.00789 ( 3)
  53 V   0.05001 0.13167 0.58359 0.23473 ( 3)
  54 L   0.87604 0.01572 0.10625 0.00199 ( 1)
  55 E   0.38478 0.54242 0.02833 0.04447 ( 2)
  56 G   0.92198 0.00535 0.07220 0.00046 ( 1)
  57 I   0.87137 0.06693 0.05681 0.00489 ( 1)
  58 G   0.90504 0.00517 0.08921 0.00057 ( 1)
  59 N   0.82431 0.11022 0.05718 0.00829 ( 1)
  60 A   0.78309 0.14034 0.06415 0.01241 ( 1)
  61 V   0.53254 0.39491 0.03988 0.03268 ( 1)
  62 E   0.05562 0.86872 0.00407 0.07159 ( 2)
  63 S   0.06924 0.09547 0.66926 0.16603 ( 3)
  64 Y   0.91013 0.00701 0.08217 0.00069 ( 1)
  65 Y   0.61339 0.30139 0.05612 0.02910 ( 1)
  66 S   0.29981 0.61978 0.02493 0.05548 ( 2)
  67 A   0.85734 0.07432 0.06241 0.00593 ( 1)
  68 L   0.89339 0.01652 0.08833 0.00176 ( 1)
  69 E   0.85760 0.07383 0.06258 0.00598 ( 1)
  70 A   0.17580 0.71664 0.02051 0.08705 ( 2)
  71 W   0.85995 0.01888 0.11851 0.00266 ( 1)
  72 -   0.41865 0.42655 0.07732 0.07748 ( 2)
  73 E   0.86703 0.06452 0.06320 0.00525 ( 1)
  74 L   0.62559 0.28235 0.06263 0.02943 ( 1)
  75 E   0.17515 0.75011 0.01292 0.06182 ( 2)
  76 S   0.74231 0.17378 0.06748 0.01642 ( 1)
  77 S   0.80472 0.11826 0.06677 0.01025 ( 1)
  78 E   0.50734 0.42085 0.03749 0.03432 ( 1)
  79 R   0.88470 0.01934 0.09379 0.00217 ( 1)
  80 S   0.40646 0.51386 0.03385 0.04584 ( 2)
  81 L   0.69771 0.21078 0.06957 0.02193 ( 1)
  82 E   0.73425 0.19579 0.05432 0.01563 ( 1)
  83 L   0.77485 0.06094 0.15181 0.01240 ( 1)
  84 V   0.91776 0.01322 0.06791 0.00111 ( 1)
  85 L   0.09233 0.79566 0.01127 0.10074 ( 2)
  86 E   0.00508 0.08538 0.23582 0.67372 ( 4)
  87 R   0.85277 0.03938 0.10302 0.00483 ( 1)
  88 Y   0.82227 0.09423 0.07444 0.00906 ( 1)
  89 Q   0.00002 0.04712 0.01198 0.94088 ( 4)
  90 F   0.10465 0.27708 0.44751 0.17076 ( 3)
  91 A   0.66699 0.22796 0.07802 0.02704 ( 1)
  92 V   0.60871 0.28664 0.07061 0.03404 ( 1)
  93 Q   0.76420 0.11976 0.10024 0.01580 ( 1)
  94 F   0.78762 0.14198 0.05902 0.01138 ( 1)
  95 A   0.77596 0.15496 0.05688 0.01220 ( 1)
  96 R   0.72979 0.19222 0.06108 0.01691 ( 1)
  97 S   0.00244 0.57943 0.01049 0.40763 ( 2)
  98 S   0.00173 0.12918 0.18363 0.68546 ( 4)
  99 M   0.89557 0.03542 0.06617 0.00284 ( 1)
 100 P   0.91392 0.00417 0.08151 0.00040 ( 1)
 101 S   0.89568 0.01474 0.08803 0.00156 ( 1)
 102 F   0.92638 0.00445 0.06880 0.00037 ( 1)
 103 A   0.89002 0.00615 0.10308 0.00075 ( 1)
 104 I   0.15588 0.16179 0.60017 0.08216 ( 3)
 105 I   0.00876 0.09705 0.62147 0.27272 ( 3)
 106 N   0.70815 0.22530 0.04948 0.01706 ( 1)
 107 Y   0.62232 0.29253 0.05694 0.02822 ( 1)
 108 E   0.92425 0.00781 0.06729 0.00065 ( 1)
 109 I   0.90133 0.02644 0.06998 0.00224 ( 1)
 110 P   0.86190 0.00651 0.13059 0.00100 ( 1)
 111 L   0.89574 0.01420 0.08855 0.00151 ( 1)
 112 L   0.89574 0.01420 0.08855 0.00151 ( 1)
 113 A   0.48626 0.44249 0.03556 0.03569 ( 1)
 114 T   0.82264 0.10572 0.06305 0.00859 ( 1)
 115 Y   0.90982 0.00732 0.08214 0.00072 ( 1)
 116 A   0.92594 0.00637 0.06717 0.00052 ( 1)
 117 N   0.66201 0.27119 0.04616 0.02064 ( 1)
 118 A   0.91714 0.00730 0.07489 0.00066 ( 1)
 119 A   0.74794 0.18291 0.05452 0.01463 ( 1)
 120 N   0.92746 0.00799 0.06393 0.00062 ( 1)
 121 V   0.32620 0.59274 0.02714 0.05393 ( 2)
 122 H   0.91925 0.00763 0.07246 0.00066 ( 1)
 123 L   0.89383 0.01610 0.08836 0.00171 ( 1)
 124 L   0.88926 0.02937 0.07857 0.00281 ( 1)
 125 L   0.89574 0.01420 0.08855 0.00151 ( 1)
 126 M   0.82178 0.10865 0.06090 0.00867 ( 1)
 127 R   0.91641 0.00700 0.07595 0.00063 ( 1)
 128 D   0.92752 0.00922 0.06255 0.00071 ( 1)
 129 I   0.84217 0.09576 0.05520 0.00687 ( 1)
 130 Q   0.51557 0.39129 0.05197 0.04117 ( 1)
 131 I   0.93111 0.00784 0.06047 0.00059 ( 1)
 132 Y   0.83768 0.03496 0.12227 0.00509 ( 1)
 133 G   0.88860 0.00584 0.10483 0.00072 ( 1)
 134 D   0.73006 0.20493 0.04967 0.01534 ( 1)
 135 R   0.11078 0.15402 0.62983 0.10537 ( 3)
 136 W   0.85995 0.01888 0.11851 0.00266 ( 1)
 137 G   0.00475 0.00220 0.98645 0.00660 ( 3)
 138 I   0.79406 0.14360 0.05186 0.01048 ( 1)
 139 S   0.10697 0.29618 0.41372 0.18313 ( 3)
 140 Q   0.50847 0.39841 0.05119 0.04194 ( 1)
 141 N   0.00758 0.92042 0.00053 0.07148 ( 2)
 142 D   0.91422 0.02234 0.06175 0.00169 ( 1)
 143 M   0.13483 0.02545 0.82180 0.01792 ( 3)
 144 N   0.07782 0.49363 0.20379 0.22477 ( 2)
 145 L   0.16475 0.70583 0.02423 0.10519 ( 2)
 146 F   0.66936 0.22352 0.07984 0.02728 ( 1)
 147 L   0.60886 0.29895 0.06093 0.03125 ( 1)
 148 K   0.68363 0.24599 0.05055 0.01983 ( 1)
 149 E   0.59003 0.33876 0.04367 0.02753 ( 1)
 150 Q   0.90162 0.00772 0.08984 0.00082 ( 1)
 151 E   0.83757 0.09362 0.06124 0.00758 ( 1)
 152 I   0.01599 0.64601 0.04523 0.29277 ( 2)
 153 Y   0.18201 0.68865 0.02676 0.10258 ( 2)
 154 T   0.88341 0.00978 0.10558 0.00122 ( 1)
 155 S   0.13597 0.14805 0.62102 0.09495 ( 3)
 156 E   0.87976 0.05178 0.06428 0.00418 ( 1)
 157 Y   0.90742 0.00970 0.08192 0.00095 ( 1)
 158 S   0.75386 0.14660 0.08284 0.01670 ( 1)
 159 E   0.91318 0.01871 0.06659 0.00152 ( 1)
 160 H   0.29850 0.03444 0.64898 0.01809 ( 3)
 161 C   0.86581 0.00819 0.12480 0.00120 ( 1)
 162 V   0.00539 0.00752 0.96539 0.02170 ( 3)
 163 K   0.89268 0.01087 0.09522 0.00123 ( 1)
 164 W   0.85995 0.01888 0.11851 0.00266 ( 1)
 165 Y   0.90231 0.01478 0.08146 0.00145 ( 1)
 166 N   0.59115 0.34159 0.04108 0.02618 ( 1)
 167 E   0.55357 0.35071 0.05772 0.03800 ( 1)
 168 G   0.91810 0.00921 0.07189 0.00080 ( 1)
 169 L   0.89574 0.01420 0.08855 0.00151 ( 1)
 170 N   0.03374 0.89449 0.00234 0.06943 ( 2)
 171 Q   0.88004 0.02911 0.08781 0.00303 ( 1)
 172 L   0.87748 0.01429 0.10643 0.00181 ( 1)
 173 K   0.92620 0.00549 0.06786 0.00045 ( 1)
 174 T   0.73900 0.18086 0.06339 0.01675 ( 1)
 175 K   0.75209 0.17807 0.05528 0.01457 ( 1)
 176 G   0.74115 0.18076 0.06179 0.01630 ( 1)
 177 G   0.86895 0.00584 0.12436 0.00086 ( 1)
 178 A   0.86596 0.06573 0.06307 0.00525 ( 1)
 179 S   0.64081 0.28117 0.05326 0.02476 ( 1)
 180 G   0.87372 0.04911 0.07282 0.00436 ( 1)
 181 L   0.25916 0.64638 0.02588 0.06859 ( 2)
 182 V   0.12378 0.79345 0.01031 0.07246 ( 2)
 183 W   0.85995 0.01888 0.11851 0.00266 ( 1)
 184 E   0.41202 0.49143 0.04291 0.05365 ( 2)
 185 N   0.60390 0.32888 0.04208 0.02514 ( 1)
 186 Y   0.91013 0.00701 0.08217 0.00069 ( 1)
 187 N   0.84025 0.05580 0.09735 0.00660 ( 1)
 188 S   0.52859 0.39252 0.04407 0.03482 ( 1)
 189 F   0.88264 0.01126 0.10470 0.00139 ( 1)
 190 R   0.88518 0.01887 0.09385 0.00210 ( 1)
 191 T   0.88501 0.04389 0.06748 0.00362 ( 1)
 192 E   0.92105 0.01099 0.06706 0.00091 ( 1)
 193 M   0.92952 0.00177 0.06857 0.00015 ( 1)
 194 T   0.92273 0.00654 0.07018 0.00055 ( 1)
 195 I   0.16458 0.72452 0.01957 0.09133 ( 2)
 196 M   0.89797 0.03309 0.06628 0.00266 ( 1)
 197 V   0.92055 0.01044 0.06813 0.00088 ( 1)
 198 L   0.89574 0.01420 0.08855 0.00151 ( 1)
 199 D   0.93204 0.00474 0.06286 0.00037 ( 1)
 200 L   0.88825 0.03037 0.07848 0.00290 ( 1)
 201 V   0.91981 0.01118 0.06807 0.00094 ( 1)
 202 A   0.91647 0.00797 0.07484 0.00072 ( 1)
 203 I   0.87295 0.06537 0.05691 0.00477 ( 1)
 204 F   0.92638 0.00445 0.06880 0.00037 ( 1)
 205 P   0.91392 0.00417 0.08151 0.00040 ( 1)
 206 A   0.54648 0.32856 0.07805 0.04691 ( 1)

