Supplemental results for CODEML (seqf: algn  treef: tree)


dN/dS (w) for site classes (K=4)

site class             0        1       2a       2b
proportion       0.58372  0.29910  0.07747  0.03970
background w     0.19580  1.00000  0.19580  1.00000
foreground w     0.19580  1.00000  1.65446  1.65446

Naive Empirical Bayes (NEB) probabilities for 4 classes
(amino acids refer to 1st sequence: BT_Cry1A-like)

   1 W   0.69385 0.22959 0.05612 0.02043 ( 1)
   2 -   0.97665 0.00033 0.02298 0.00003 ( 1)
   3 -   0.33204 0.35013 0.26701 0.05082 ( 2)
   4 -   0.77557 0.18509 0.02492 0.01442 ( 1)
   5 -   0.98837 0.00172 0.00980 0.00011 ( 1)
   6 -   0.97949 0.00235 0.01799 0.00017 ( 1)
   7 -   0.97810 0.00030 0.02157 0.00003 ( 1)
   8 -   0.97493 0.00722 0.01727 0.00058 ( 1)
   9 -   0.98929 0.00013 0.01057 0.00001 ( 1)
  10 -   0.97999 0.00009 0.01990 0.00001 ( 1)
  11 -   0.98537 0.00437 0.00995 0.00031 ( 1)
  12 -   0.97801 0.00043 0.02152 0.00004 ( 1)
  13 -   0.55058 0.34722 0.06219 0.04001 ( 1)
  14 -   0.90329 0.00200 0.09452 0.00020 ( 1)
  15 -   0.98127 0.00029 0.01841 0.00003 ( 1)
  16 -   0.14042 0.76774 0.00546 0.08638 ( 2)
  17 -   0.98885 0.00013 0.01101 0.00001 ( 1)
  18 -   0.89017 0.03373 0.07239 0.00371 ( 1)
  19 -   0.92838 0.00187 0.06956 0.00019 ( 1)
  20 -   0.44315 0.00853 0.54695 0.00137 ( 3)
  21 -   0.89526 0.00083 0.10382 0.00009 ( 1)
  22 -   0.58372 0.29910 0.07747 0.03970 ( 1)
  23 -   0.10816 0.75059 0.04285 0.09840 ( 2)
  24 -   0.67641 0.00535 0.31756 0.00068 ( 1)
  25 -   0.74160 0.18554 0.05139 0.02146 ( 1)
  26 -   0.13012 0.72204 0.05186 0.09598 ( 2)
  27 -   0.00384 0.88413 0.00083 0.11120 ( 2)
  28 -   0.96096 0.01942 0.01756 0.00206 ( 1)
  29 -   0.02919 0.85363 0.00387 0.11330 ( 2)
  30 -   0.03731 0.80569 0.03626 0.12075 ( 2)
  31 -   0.64119 0.01384 0.34319 0.00178 ( 1)
  32 -   0.02969 0.86684 0.00332 0.10015 ( 2)
  33 -   0.03854 0.86623 0.00141 0.09381 ( 2)
  34 -   0.60823 0.17257 0.19552 0.02367 ( 1)
  35 -   0.98929 0.00013 0.01057 0.00001 ( 1)
  36 -   0.58372 0.29910 0.07747 0.03970 ( 1)
  37 -   0.00016 0.84281 0.00036 0.15667 ( 2)
  38 -   0.00971 0.86129 0.00666 0.12234 ( 2)
  39 -   0.65093 0.25945 0.06031 0.02930 ( 1)
  40 -   0.98129 0.00199 0.01657 0.00015 ( 1)
  41 S   0.55087 0.28922 0.12485 0.03506 ( 1)
  42 P   0.97869 0.00024 0.02106 0.00002 ( 1)
  43 H   0.99079 0.00002 0.00920 0.00000 ( 1)
  44 L   0.98319 0.00143 0.01525 0.00013 ( 1)
  45 W   0.99315 0.00119 0.00559 0.00007 ( 1)
  46 I   0.98059 0.00453 0.01459 0.00028 ( 1)
  47 Y   0.38097 0.55798 0.01009 0.05097 ( 2)
  48 L   0.76281 0.00282 0.23402 0.00036 ( 1)
  49 N   0.98550 0.00038 0.01409 0.00003 ( 1)
  50 Q   0.00372 0.89731 0.00022 0.09875 ( 2)
  51 D   0.80715 0.06813 0.11733 0.00739 ( 1)
  52 N   0.00529 0.86636 0.00363 0.12472 ( 2)
  53 H   0.72491 0.16407 0.09207 0.01895 ( 1)
  54 L   0.55308 0.05434 0.38519 0.00739 ( 1)
  55 T   0.88458 0.01484 0.09890 0.00168 ( 1)
  56 D   0.35834 0.54466 0.03640 0.06059 ( 2)
  57 V   0.02251 0.85489 0.00961 0.11299 ( 2)
  58 H   0.56269 0.10823 0.31461 0.01447 ( 1)
  59 R   0.98019 0.00538 0.01399 0.00043 ( 1)
  60 G   0.72953 0.17919 0.07181 0.01947 ( 1)
  61 F   0.00515 0.87285 0.00225 0.11975 ( 2)
  62 N   0.19817 0.68453 0.03066 0.08664 ( 2)
  63 Y   0.34459 0.04709 0.59976 0.00856 ( 3)
  64 W   0.93722 0.04501 0.01526 0.00250 ( 1)
  65 S   0.23980 0.31908 0.38733 0.05379 ( 3)
  66 G   0.98166 0.00209 0.01610 0.00015 ( 1)
  67 H   0.96881 0.01174 0.01847 0.00098 ( 1)
  68 Q   0.68267 0.04265 0.26830 0.00637 ( 1)
  69 I   0.88420 0.00706 0.10792 0.00083 ( 1)
  70 I   0.32646 0.55232 0.05427 0.06694 ( 2)
  71 A   0.81579 0.05846 0.11879 0.00697 ( 1)
  72 S   0.09512 0.67748 0.11672 0.11069 ( 2)
  73 P   0.00762 0.87421 0.00409 0.11408 ( 2)
  74 V   0.80571 0.08911 0.09397 0.01121 ( 1)
  75 G   0.87219 0.01064 0.11576 0.00141 ( 1)
  76 F   0.88191 0.00092 0.11705 0.00012 ( 1)
  77 Q   0.00038 0.90081 0.00002 0.09879 ( 2)
  78 D   0.97384 0.00931 0.01605 0.00080 ( 1)
  79 P   0.04744 0.74347 0.08121 0.12788 ( 2)
  80 E   0.14874 0.16779 0.64134 0.04213 ( 3)
  81 F   0.00481 0.89064 0.00071 0.10383 ( 2)
  82 A   0.01835 0.85693 0.00467 0.12005 ( 2)
  83 F   0.98311 0.00132 0.01549 0.00008 ( 1)
  84 P   0.98480 0.00145 0.01363 0.00012 ( 1)
  85 L   0.03829 0.75152 0.05762 0.15258 ( 2)
  86 F   0.00850 0.88917 0.00101 0.10132 ( 2)
  87 G   0.97393 0.00270 0.02319 0.00019 ( 1)
  88 N   0.01466 0.81283 0.01545 0.15706 ( 2)
  89 A   0.00000 0.84993 0.00000 0.15007 ( 2)
  90 G   0.43482 0.12490 0.42096 0.01932 ( 1)
  91 N   0.42002 0.25381 0.29121 0.03496 ( 1)
  92 A   0.07891 0.79711 0.01517 0.10882 ( 2)
  93 A   0.82949 0.01536 0.15327 0.00188 ( 1)
  94 P   0.81888 0.01924 0.15949 0.00240 ( 1)
  95 P   0.45516 0.15736 0.36394 0.02353 ( 1)
  96 V   0.00001 0.84344 0.00001 0.15654 ( 2)
  97 R   0.73548 0.14735 0.09762 0.01956 ( 1)
  98 I   0.04777 0.85635 0.00143 0.09444 ( 2)
  99 V   0.17400 0.72276 0.02088 0.08235 ( 2)
 100 Y   0.00047 0.87440 0.00032 0.12482 ( 2)
 101 Q   0.00001 0.87676 0.00000 0.12323 ( 2)
 102 L   0.00002 0.88880 0.00001 0.11117 ( 2)
 103 G   0.29380 0.30448 0.35255 0.04917 ( 3)
 104 Q   0.00979 0.86712 0.00318 0.11992 ( 2)
 105 G   0.33429 0.20047 0.43086 0.03438 ( 3)
 106 V   0.65404 0.25326 0.06416 0.02853 ( 1)
 107 Y   0.96708 0.02082 0.01046 0.00164 ( 1)
 108 R   0.95572 0.00522 0.03848 0.00058 ( 1)
 109 T   0.93529 0.03351 0.02779 0.00342 ( 1)
 110 L   0.96516 0.01704 0.01656 0.00124 ( 1)
 111 S   0.87191 0.10270 0.01789 0.00751 ( 1)
 112 S   0.04030 0.82072 0.01589 0.12309 ( 2)
 113 T   0.89835 0.08151 0.01305 0.00709 ( 1)
 114 L   0.05632 0.83937 0.00684 0.09747 ( 2)
 115 Y   0.90178 0.02296 0.07290 0.00235 ( 1)
 116 E   0.00614 0.86087 0.00435 0.12865 ( 2)
 117 D   0.00725 0.88786 0.00054 0.10435 ( 2)
 118 -   0.72816 0.15467 0.09664 0.02053 ( 1)
 119 L   0.64319 0.23964 0.08537 0.03181 ( 1)
 120 F   0.86947 0.01336 0.11540 0.00177 ( 1)
 121 I   0.04342 0.83940 0.00576 0.11141 ( 2)
 122 R   0.01140 0.87142 0.00151 0.11566 ( 2)
 123 D   0.69551 0.26119 0.01888 0.02442 ( 1)
 124 K   0.09746 0.70422 0.09309 0.10523 ( 2)
 125 V   0.52128 0.36044 0.07307 0.04521 ( 1)
 126 I   0.88961 0.04059 0.06516 0.00463 ( 1)
 127 N   0.13022 0.76680 0.01469 0.08829 ( 2)
 128 T   0.00000 0.87414 0.00000 0.12586 ( 2)
 129 Y   0.27079 0.57646 0.07272 0.08004 ( 2)
 130 L   0.76234 0.13708 0.08473 0.01585 ( 1)
 131 F   0.84631 0.12193 0.02051 0.01125 ( 1)
 132 L   0.90407 0.06252 0.02691 0.00650 ( 1)
 133 A   0.36582 0.54570 0.02364 0.06485 ( 2)
 134 G   0.42477 0.02559 0.54519 0.00445 ( 3)
 135 S   0.00315 0.89381 0.00051 0.10253 ( 2)
 136 N   0.37071 0.54579 0.03097 0.05253 ( 2)
 137 L   0.84121 0.00551 0.15260 0.00068 ( 1)
 138 L   0.00030 0.84431 0.00006 0.15534 ( 2)
 139 M   0.75847 0.21467 0.00818 0.01868 ( 1)
 140 E   0.17428 0.56373 0.17601 0.08598 ( 2)
 141 P   0.00155 0.84880 0.00196 0.14768 ( 2)
 142 -   0.78339 0.09944 0.10398 0.01320 ( 1)
 143 -   0.28630 0.59652 0.03800 0.07917 ( 2)
 144 P   0.13802 0.78129 0.00305 0.07764 ( 2)
 145 H   0.00020 0.86938 0.00017 0.13024 ( 2)
 146 I   0.00538 0.88373 0.00057 0.11033 ( 2)
 147 C   0.00005 0.81861 0.00024 0.18110 ( 2)
 148 H   0.76192 0.04747 0.18446 0.00615 ( 1)
 149 P   0.49751 0.32766 0.13147 0.04336 ( 1)
 150 G   0.22676 0.55943 0.12677 0.08703 ( 2)
 151 R   0.10370 0.79537 0.01056 0.09037 ( 2)
 152 Y   0.37058 0.52778 0.04479 0.05685 ( 2)
 153 R   0.98344 0.00247 0.01390 0.00020 ( 1)
 154 K   0.95106 0.01813 0.02887 0.00193 ( 1)
 155 S   0.02250 0.89314 0.00063 0.08373 ( 2)
 156 G   0.97893 0.00186 0.01907 0.00014 ( 1)
 157 T   0.96533 0.00879 0.02511 0.00077 ( 1)
 158 V   0.90349 0.00124 0.09514 0.00014 ( 1)
 159 D   0.98909 0.00001 0.01090 0.00000 ( 1)
 160 S   0.98127 0.00217 0.01638 0.00018 ( 1)
 161 L   0.95977 0.01679 0.02200 0.00144 ( 1)
 162 D   0.98223 0.00042 0.01731 0.00004 ( 1)
 163 E   0.44196 0.47898 0.02836 0.05069 ( 2)
 164 I   0.97596 0.00007 0.02397 0.00001 ( 1)
 165 P   0.97667 0.00549 0.01743 0.00041 ( 1)
 166 H   0.94750 0.03443 0.01505 0.00303 ( 1)
 167 Q   0.98045 0.00358 0.01576 0.00021 ( 1)
 168 N   0.98876 0.00006 0.01117 0.00001 ( 1)
 169 N   0.97249 0.01274 0.01360 0.00117 ( 1)
 170 N   0.96940 0.01639 0.01287 0.00133 ( 1)
 171 V   0.80380 0.01191 0.18285 0.00144 ( 1)
 172 P   0.85383 0.02727 0.11579 0.00311 ( 1)
 173 P   0.98454 0.00107 0.01430 0.00009 ( 1)
 174 R   0.59252 0.16504 0.21982 0.02262 ( 1)
 175 Q   0.15090 0.72134 0.03594 0.09182 ( 2)
 176 G   0.87419 0.00221 0.12334 0.00025 ( 1)
 177 F   0.96263 0.00175 0.03546 0.00017 ( 1)
 178 S   0.98828 0.00001 0.01171 0.00000 ( 1)
 179 H   0.99079 0.00002 0.00920 0.00000 ( 1)
 180 R   0.42289 0.19797 0.35046 0.02868 ( 1)
 181 -   0.58372 0.29910 0.07747 0.03970 ( 1)
 182 L   0.98211 0.00085 0.01698 0.00006 ( 1)
 183 S   0.84127 0.09441 0.05444 0.00988 ( 1)
 184 H   0.99027 0.00018 0.00954 0.00001 ( 1)
 185 V   0.98221 0.00005 0.01774 0.00000 ( 1)
 186 S   0.96041 0.01632 0.02166 0.00161 ( 1)
 187 M   0.69650 0.00073 0.30268 0.00009 ( 1)
 188 F   0.51486 0.33145 0.10979 0.04390 ( 1)
 189 R   0.02975 0.87862 0.00286 0.08876 ( 2)
 190 S   0.12156 0.70100 0.06097 0.11647 ( 2)
 191 G   0.58530 0.26905 0.11002 0.03563 ( 1)
 192 F   0.78569 0.09271 0.11048 0.01113 ( 1)
 193 S   0.21846 0.50458 0.20552 0.07144 ( 2)
 194 N   0.87555 0.03899 0.08085 0.00461 ( 1)
 195 -   0.58372 0.29910 0.07747 0.03970 ( 1)
 196 S   0.40863 0.06877 0.50879 0.01381 ( 3)
 197 S   0.87757 0.05837 0.05745 0.00661 ( 1)
 198 V   0.68598 0.01329 0.29902 0.00171 ( 1)
 199 S   0.82279 0.09657 0.07019 0.01044 ( 1)
 200 I   0.63272 0.23102 0.10808 0.02818 ( 1)
 201 I   0.76827 0.08910 0.13297 0.00965 ( 1)
 202 R   0.97875 0.00505 0.01575 0.00045 ( 1)
 203 A   0.96830 0.00492 0.02631 0.00048 ( 1)
 204 P   0.98423 0.00012 0.01565 0.00001 ( 1)
 205 M   0.74204 0.23366 0.00679 0.01751 ( 1)
 206 F   0.95139 0.03342 0.01271 0.00247 ( 1)
 207 S   0.95395 0.01195 0.03288 0.00122 ( 1)
 208 W   0.93039 0.05159 0.01515 0.00287 ( 1)
 209 I   0.03034 0.87021 0.00139 0.09806 ( 2)
 210 -   0.96541 0.01833 0.01490 0.00136 ( 1)
 211 -   0.71498 0.25568 0.01174 0.01760 ( 1)
 212 -   0.98371 0.00416 0.01177 0.00036 ( 1)


lnL = -5320.644409

Bayes Empirical Bayes (BEB) probabilities for 4 classes (class)
(amino acids refer to 1st sequence: BT_Cry1A-like)

   1 W   0.70356 0.24251 0.03666 0.01727 ( 1)
   2 -   0.98267 0.00040 0.01691 0.00002 ( 1)
   3 -   0.40201 0.36586 0.18769 0.04445 ( 1)
   4 -   0.78072 0.19292 0.01515 0.01122 ( 1)
   5 -   0.99135 0.00186 0.00670 0.00008 ( 1)
   6 -   0.98497 0.00258 0.01233 0.00012 ( 1)
   7 -   0.98422 0.00037 0.01539 0.00002 ( 1)
   8 -   0.97934 0.00775 0.01241 0.00049 ( 1)
   9 -   0.99245 0.00016 0.00739 0.00001 ( 1)
  10 -   0.98564 0.00012 0.01423 0.00001 ( 1)
  11 -   0.98811 0.00470 0.00694 0.00026 ( 1)
  12 -   0.98410 0.00051 0.01537 0.00003 ( 1)
  13 -   0.57143 0.35297 0.04226 0.03334 ( 1)
  14 -   0.92707 0.00220 0.07058 0.00014 ( 1)
  15 -   0.98653 0.00035 0.01309 0.00002 ( 1)
  16 -   0.18998 0.74170 0.00447 0.06385 ( 2)
  17 -   0.99190 0.00016 0.00793 0.00001 ( 1)
  18 -   0.90359 0.03946 0.05324 0.00372 ( 1)
  19 -   0.94554 0.00205 0.05226 0.00015 ( 1)
  20 -   0.55124 0.01034 0.43727 0.00115 ( 1)
  21 -   0.92031 0.00094 0.07868 0.00007 ( 1)
  22 -   0.60398 0.30142 0.06171 0.03288 ( 1)
  23 -   0.18480 0.71271 0.03149 0.07100 ( 2)
  24 -   0.75290 0.00621 0.24035 0.00054 ( 1)
  25 -   0.74797 0.19825 0.03456 0.01922 ( 1)
  26 -   0.18925 0.70246 0.03714 0.07114 ( 2)
  27 -   0.00889 0.90835 0.00085 0.08190 ( 2)
  28 -   0.96531 0.02084 0.01235 0.00150 ( 1)
  29 -   0.04681 0.85860 0.00379 0.09080 ( 2)
  30 -   0.07627 0.80309 0.03001 0.09063 ( 2)
  31 -   0.72553 0.01613 0.25692 0.00143 ( 1)
  32 -   0.05583 0.86834 0.00304 0.07279 ( 2)
  33 -   0.06413 0.86352 0.00144 0.07092 ( 2)
  34 -   0.63982 0.19187 0.14526 0.02305 ( 1)
  35 -   0.99245 0.00016 0.00739 0.00001 ( 1)
  36 -   0.60398 0.30142 0.06171 0.03288 ( 1)
  37 -   0.00069 0.87368 0.00056 0.12507 ( 2)
  38 -   0.02848 0.87069 0.00761 0.09322 ( 2)
  39 -   0.65237 0.27996 0.03979 0.02789 ( 1)
  40 -   0.98597 0.00219 0.01173 0.00011 ( 1)
  41 S   0.57827 0.30392 0.08611 0.03170 ( 1)
  42 P   0.98455 0.00028 0.01515 0.00001 ( 1)
  43 H   0.99353 0.00002 0.00645 0.00000 ( 1)
  44 L   0.98734 0.00164 0.01092 0.00009 ( 1)
  45 W   0.99479 0.00129 0.00386 0.00005 ( 1)
  46 I   0.98525 0.00487 0.00966 0.00022 ( 1)
  47 Y   0.41903 0.53510 0.00665 0.03922 ( 2)
  48 L   0.81235 0.00317 0.18418 0.00029 ( 1)
  49 N   0.98965 0.00045 0.00988 0.00002 ( 1)
  50 Q   0.01126 0.91674 0.00033 0.07167 ( 2)
  51 D   0.82499 0.08006 0.08736 0.00759 ( 1)
  52 N   0.01345 0.88947 0.00359 0.09349 ( 2)
  53 H   0.73345 0.18244 0.06560 0.01851 ( 1)
  54 L   0.64752 0.06583 0.28016 0.00649 ( 1)
  55 T   0.90656 0.01607 0.07596 0.00140 ( 1)
  56 D   0.41335 0.51254 0.02461 0.04950 ( 2)
  57 V   0.05325 0.85499 0.00881 0.08295 ( 2)
  58 H   0.63207 0.13131 0.22264 0.01398 ( 1)
  59 R   0.98402 0.00579 0.00983 0.00035 ( 1)
  60 G   0.73997 0.19159 0.05103 0.01741 ( 1)
  61 F   0.01552 0.88973 0.00290 0.09185 ( 2)
  62 N   0.26985 0.64549 0.02113 0.06353 ( 2)
  63 Y   0.44080 0.05651 0.49466 0.00803 ( 3)
  64 W   0.94221 0.04687 0.00914 0.00178 ( 1)
  65 S   0.32789 0.35466 0.27356 0.04389 ( 2)
  66 G   0.98631 0.00230 0.01128 0.00011 ( 1)
  67 H   0.97285 0.01303 0.01320 0.00092 ( 1)
  68 Q   0.73909 0.04878 0.20629 0.00585 ( 1)
  69 I   0.90732 0.00788 0.08405 0.00075 ( 1)
  70 I   0.37685 0.53472 0.03606 0.05237 ( 2)
  71 A   0.83101 0.06827 0.09331 0.00742 ( 1)
  72 S   0.15893 0.65551 0.09522 0.09034 ( 2)
  73 P   0.02367 0.89016 0.00443 0.08174 ( 2)
  74 V   0.81952 0.09919 0.07020 0.01109 ( 1)
  75 G   0.89397 0.01144 0.09343 0.00116 ( 1)
  76 F   0.90437 0.00103 0.09449 0.00010 ( 1)
  77 Q   0.00143 0.92356 0.00004 0.07497 ( 2)
  78 D   0.97756 0.00984 0.01196 0.00065 ( 1)
  79 P   0.09115 0.73542 0.07084 0.10259 ( 2)
  80 E   0.18075 0.16883 0.60510 0.04533 ( 3)
  81 F   0.01246 0.91037 0.00083 0.07634 ( 2)
  82 A   0.04480 0.86045 0.00516 0.08958 ( 2)
  83 F   0.98872 0.00146 0.00976 0.00005 ( 1)
  84 P   0.98859 0.00159 0.00972 0.00009 ( 1)
  85 L   0.07081 0.70599 0.07051 0.15269 ( 2)
  86 F   0.02454 0.89976 0.00130 0.07439 ( 2)
  87 G   0.98213 0.00294 0.01481 0.00012 ( 1)
  88 N   0.03604 0.77085 0.02639 0.16672 ( 2)
  89 A   0.00000 0.87502 0.00000 0.12497 ( 2)
  90 G   0.52710 0.14340 0.31351 0.01599 ( 1)
  91 N   0.49302 0.28602 0.18880 0.03217 ( 1)
  92 A   0.13846 0.76477 0.01370 0.08308 ( 2)
  93 A   0.85865 0.01722 0.12236 0.00177 ( 1)
  94 P   0.84727 0.02092 0.12966 0.00215 ( 1)
  95 P   0.53372 0.17591 0.27086 0.01951 ( 1)
  96 V   0.00004 0.86445 0.00003 0.13548 ( 2)
  97 R   0.75324 0.15216 0.07740 0.01720 ( 1)
  98 I   0.09143 0.83984 0.00154 0.06719 ( 2)
  99 V   0.24081 0.68200 0.01539 0.06181 ( 2)
 100 Y   0.00209 0.90276 0.00051 0.09464 ( 2)
 101 Q   0.00006 0.90255 0.00001 0.09737 ( 2)
 102 L   0.00016 0.91882 0.00002 0.08100 ( 2)
 103 G   0.37311 0.32803 0.25503 0.04383 ( 1)
 104 Q   0.02219 0.88307 0.00320 0.09153 ( 2)
 105 G   0.41640 0.22363 0.33091 0.02906 ( 1)
 106 V   0.66204 0.26919 0.04302 0.02575 ( 1)
 107 Y   0.96813 0.02308 0.00726 0.00153 ( 1)
 108 R   0.96293 0.00563 0.03091 0.00053 ( 1)
 109 T   0.93994 0.03717 0.01969 0.00320 ( 1)
 110 L   0.96941 0.01824 0.01132 0.00103 ( 1)
 111 S   0.87317 0.10846 0.01204 0.00633 ( 1)
 112 S   0.07416 0.81800 0.01420 0.09365 ( 2)
 113 T   0.88965 0.09387 0.00910 0.00737 ( 1)
 114 L   0.11366 0.80949 0.00638 0.07046 ( 2)
 115 Y   0.91819 0.02570 0.05396 0.00215 ( 1)
 116 E   0.01896 0.87118 0.00585 0.10401 ( 2)
 117 D   0.01976 0.90202 0.00073 0.07750 ( 2)
 118 -   0.74744 0.15797 0.07747 0.01712 ( 1)
 119 L   0.65863 0.24678 0.06583 0.02876 ( 1)
 120 F   0.89114 0.01426 0.09306 0.00154 ( 1)
 121 I   0.07948 0.82593 0.00621 0.08839 ( 2)
 122 R   0.02441 0.88100 0.00187 0.09272 ( 2)
 123 D   0.69448 0.27028 0.01326 0.02198 ( 1)
 124 K   0.16722 0.68527 0.06853 0.07898 ( 2)
 125 V   0.54487 0.36902 0.04637 0.03975 ( 1)
 126 I   0.89962 0.04530 0.05048 0.00460 ( 1)
 127 N   0.19153 0.73302 0.01114 0.06431 ( 2)
 128 T   0.00002 0.90373 0.00000 0.09625 ( 2)
 129 Y   0.32633 0.55970 0.05063 0.06334 ( 2)
 130 L   0.76942 0.15457 0.06032 0.01569 ( 1)
 131 F   0.84310 0.13204 0.01435 0.01051 ( 1)
 132 L   0.90595 0.06847 0.01944 0.00614 ( 1)
 133 A   0.40701 0.52157 0.01751 0.05392 ( 2)
 134 G   0.53117 0.03065 0.43455 0.00363 ( 1)
 135 S   0.01031 0.91307 0.00073 0.07588 ( 2)
 136 N   0.42751 0.51294 0.01855 0.04099 ( 2)
 137 L   0.87191 0.00619 0.12129 0.00062 ( 1)
 138 L   0.00120 0.82900 0.00019 0.16961 ( 2)
 139 M   0.73813 0.23812 0.00524 0.01851 ( 1)
 140 E   0.24803 0.56439 0.12025 0.06734 ( 2)
 141 P   0.00478 0.87229 0.00256 0.12037 ( 2)
 142 -   0.80304 0.10237 0.08359 0.01101 ( 1)
 143 -   0.32984 0.57557 0.02926 0.06533 ( 2)
 144 P   0.19557 0.74539 0.00254 0.05650 ( 2)
 145 H   0.00094 0.89822 0.00028 0.10056 ( 2)
 146 I   0.01678 0.89613 0.00094 0.08615 ( 2)
 147 C   0.00025 0.83956 0.00046 0.15973 ( 2)
 148 H   0.79716 0.05336 0.14370 0.00578 ( 1)
 149 P   0.53467 0.33871 0.09061 0.03601 ( 1)
 150 G   0.29298 0.54328 0.09229 0.07145 ( 2)
 151 R   0.16977 0.75767 0.00824 0.06432 ( 2)
 152 Y   0.40983 0.51669 0.02961 0.04387 ( 2)
 153 R   0.98740 0.00267 0.00976 0.00016 ( 1)
 154 K   0.95759 0.02000 0.02064 0.00177 ( 1)
 155 S   0.04671 0.89302 0.00067 0.05959 ( 2)
 156 G   0.98435 0.00201 0.01353 0.00011 ( 1)
 157 T   0.97177 0.00931 0.01831 0.00061 ( 1)
 158 V   0.92662 0.00139 0.07188 0.00010 ( 1)
 159 D   0.99229 0.00001 0.00770 0.00000 ( 1)
 160 S   0.98539 0.00240 0.01208 0.00013 ( 1)
 161 L   0.96568 0.01764 0.01555 0.00112 ( 1)
 162 D   0.98721 0.00048 0.01229 0.00003 ( 1)
 163 E   0.47657 0.46431 0.01812 0.04101 ( 1)
 164 I   0.98202 0.00009 0.01789 0.00001 ( 1)
 165 P   0.98166 0.00588 0.01216 0.00029 ( 1)
 166 H   0.94891 0.03701 0.01127 0.00281 ( 1)
 167 Q   0.98621 0.00386 0.00980 0.00013 ( 1)
 168 N   0.99203 0.00007 0.00789 0.00000 ( 1)
 169 N   0.97582 0.01365 0.00957 0.00096 ( 1)
 170 N   0.97242 0.01748 0.00900 0.00110 ( 1)
 171 V   0.84965 0.01306 0.13622 0.00107 ( 1)
 172 P   0.88034 0.03071 0.08613 0.00282 ( 1)
 173 P   0.98850 0.00118 0.01025 0.00007 ( 1)
 174 R   0.64006 0.17696 0.16399 0.01899 ( 1)
 175 Q   0.21847 0.68799 0.02566 0.06787 ( 2)
 176 G   0.90206 0.00246 0.09529 0.00019 ( 1)
 177 F   0.97244 0.00191 0.02552 0.00014 ( 1)
 178 S   0.99171 0.00002 0.00827 0.00000 ( 1)
 179 H   0.99353 0.00002 0.00645 0.00000 ( 1)
 180 R   0.50514 0.22094 0.25100 0.02293 ( 1)
 181 -   0.60398 0.30142 0.06171 0.03288 ( 1)
 182 L   0.98735 0.00096 0.01164 0.00004 ( 1)
 183 S   0.84372 0.10787 0.03865 0.00977 ( 1)
 184 H   0.99312 0.00021 0.00666 0.00001 ( 1)
 185 V   0.98719 0.00007 0.01274 0.00000 ( 1)
 186 S   0.96577 0.01746 0.01543 0.00134 ( 1)
 187 M   0.76421 0.00085 0.23487 0.00007 ( 1)
 188 F   0.54282 0.34151 0.07657 0.03910 ( 1)
 189 R   0.06688 0.86298 0.00317 0.06696 ( 2)
 190 S   0.18392 0.66927 0.05131 0.09550 ( 2)
 191 G   0.61024 0.27704 0.08254 0.03018 ( 1)
 192 F   0.80615 0.10244 0.08122 0.01020 ( 1)
 193 S   0.28859 0.50722 0.14709 0.05710 ( 2)
 194 N   0.89413 0.04184 0.06020 0.00383 ( 1)
 195 -   0.60398 0.30142 0.06171 0.03288 ( 1)
 196 S   0.43432 0.07028 0.48150 0.01391 ( 3)
 197 S   0.88952 0.06247 0.04218 0.00583 ( 1)
 198 V   0.75491 0.01499 0.22880 0.00131 ( 1)
 199 S   0.83382 0.10589 0.05076 0.00953 ( 1)
 200 I   0.65337 0.24377 0.07780 0.02505 ( 1)
 201 I   0.79969 0.09610 0.09629 0.00791 ( 1)
 202 R   0.98314 0.00542 0.01109 0.00034 ( 1)
 203 A   0.97446 0.00530 0.01983 0.00041 ( 1)
 204 P   0.98843 0.00014 0.01142 0.00001 ( 1)
 205 M   0.72055 0.25775 0.00427 0.01743 ( 1)
 206 F   0.95367 0.03557 0.00869 0.00206 ( 1)
 207 S   0.96265 0.01284 0.02349 0.00103 ( 1)
 208 W   0.93525 0.05364 0.00907 0.00204 ( 1)
 209 I   0.05818 0.86847 0.00146 0.07189 ( 2)
 210 -   0.96889 0.01959 0.01038 0.00114 ( 1)
 211 -   0.71744 0.26094 0.00756 0.01407 ( 1)
 212 -   0.98691 0.00452 0.00830 0.00027 ( 1)

