Supplemental results for CODEML (seqf: algn  treef: tree)


dN/dS (w) for site classes (K=4)

site class             0        1       2a       2b
proportion       0.55063  0.44937  0.00000  0.00000
background w     0.14710  1.00000  0.14710  1.00000
foreground w     0.14710  1.00000  1.00000  1.00000

Naive Empirical Bayes (NEB) probabilities for 4 classes
(amino acids refer to 1st sequence: BT_Cry19Ba1)

   1 E   0.27020 0.72980 0.00000 0.00000 ( 2)
   2 -   0.55063 0.44937 0.00000 0.00000 ( 1)
   3 -   0.55063 0.44937 0.00000 0.00000 ( 1)
   4 V   0.61739 0.38261 0.00000 0.00000 ( 1)
   5 G   0.84341 0.15659 0.00000 0.00000 ( 1)
   6 P   0.01730 0.98270 0.00000 0.00000 ( 2)
   7 L   0.41930 0.58070 0.00000 0.00000 ( 2)
   8 L   0.99002 0.00998 0.00000 0.00000 ( 1)
   9 S   0.96047 0.03953 0.00000 0.00000 ( 1)
  10 W   0.18834 0.81166 0.00000 0.00000 ( 2)
  11 M   0.17293 0.82707 0.00000 0.00000 ( 2)
  12 V   0.01012 0.98988 0.00000 0.00000 ( 2)
  13 S   0.01149 0.98851 0.00000 0.00000 ( 2)
  14 L   0.17953 0.82047 0.00000 0.00000 ( 2)
  15 F   0.82813 0.17187 0.00000 0.00000 ( 1)
  16 W   0.89327 0.10673 0.00000 0.00000 ( 1)
  17 P   0.99476 0.00524 0.00000 0.00000 ( 1)
  18 T   0.02002 0.97998 0.00000 0.00000 ( 2)
  19 I   0.00103 0.99897 0.00000 0.00000 ( 2)
  20 -   0.81276 0.18724 0.00000 0.00000 ( 1)
  21 -   0.79776 0.20224 0.00000 0.00000 ( 1)
  22 -   0.72451 0.27549 0.00000 0.00000 ( 1)
  23 E   0.02984 0.97016 0.00000 0.00000 ( 2)
  24 E   0.00036 0.99964 0.00000 0.00000 ( 2)
  25 K   0.01830 0.98170 0.00000 0.00000 ( 2)
  26 N   0.97720 0.02280 0.00000 0.00000 ( 1)
  27 T   0.01082 0.98918 0.00000 0.00000 ( 2)
  28 V   0.93562 0.06438 0.00000 0.00000 ( 1)
  29 W   0.89327 0.10673 0.00000 0.00000 ( 1)
  30 E   0.47425 0.52575 0.00000 0.00000 ( 2)
  31 D   0.00580 0.99420 0.00000 0.00000 ( 2)
  32 M   0.02572 0.97428 0.00000 0.00000 ( 2)
  33 I   0.95033 0.04967 0.00000 0.00000 ( 1)
  34 K   0.98705 0.01295 0.00000 0.00000 ( 1)
  35 Y   0.02791 0.97209 0.00000 0.00000 ( 2)
  36 V   0.52446 0.47554 0.00000 0.00000 ( 1)
  37 A   0.86802 0.13198 0.00000 0.00000 ( 1)
  38 N   0.97993 0.02007 0.00000 0.00000 ( 1)
  39 L   0.94849 0.05151 0.00000 0.00000 ( 1)
  40 L   0.99152 0.00848 0.00000 0.00000 ( 1)
  41 K   0.00009 0.99991 0.00000 0.00000 ( 2)
  42 Q   0.05711 0.94289 0.00000 0.00000 ( 2)
  43 E   0.15536 0.84464 0.00000 0.00000 ( 2)
  44 L   0.13271 0.86729 0.00000 0.00000 ( 2)
  45 T   0.00035 0.99965 0.00000 0.00000 ( 2)
  46 N   0.00036 0.99964 0.00000 0.00000 ( 2)
  47 D   0.00054 0.99946 0.00000 0.00000 ( 2)
  48 T   0.13926 0.86074 0.00000 0.00000 ( 2)
  49 L   0.41736 0.58264 0.00000 0.00000 ( 2)
  50 N   0.00060 0.99940 0.00000 0.00000 ( 2)
  51 R   0.12075 0.87925 0.00000 0.00000 ( 2)
  52 A   0.99745 0.00255 0.00000 0.00000 ( 1)
  53 T   0.97391 0.02609 0.00000 0.00000 ( 1)
  54 S   0.00439 0.99561 0.00000 0.00000 ( 2)
  55 N   0.94378 0.05622 0.00000 0.00000 ( 1)
  56 L   0.93315 0.06685 0.00000 0.00000 ( 1)
  57 S   0.01614 0.98386 0.00000 0.00000 ( 2)
  58 G   0.75366 0.24634 0.00000 0.00000 ( 1)
  59 L   0.97487 0.02513 0.00000 0.00000 ( 1)
  60 N   0.00384 0.99616 0.00000 0.00000 ( 2)
  61 E   0.47056 0.52944 0.00000 0.00000 ( 2)
  62 S   0.07925 0.92075 0.00000 0.00000 ( 2)
  63 L   0.95787 0.04213 0.00000 0.00000 ( 1)
  64 N   0.00007 0.99993 0.00000 0.00000 ( 2)
  65 I   0.34383 0.65617 0.00000 0.00000 ( 2)
  66 Y   0.99733 0.00267 0.00000 0.00000 ( 1)
  67 N   0.98576 0.01424 0.00000 0.00000 ( 1)
  68 R   0.68968 0.31032 0.00000 0.00000 ( 1)
  69 A   0.41801 0.58199 0.00000 0.00000 ( 2)
  70 L   0.97635 0.02365 0.00000 0.00000 ( 1)
  71 A   0.95417 0.04583 0.00000 0.00000 ( 1)
  72 A   0.00120 0.99880 0.00000 0.00000 ( 2)
  73 W   0.89327 0.10673 0.00000 0.00000 ( 1)
  74 K   0.08186 0.91814 0.00000 0.00000 ( 2)
  75 Q   0.00001 0.99999 0.00000 0.00000 ( 2)
  76 -   0.55063 0.44937 0.00000 0.00000 ( 1)
  77 N   0.00781 0.99219 0.00000 0.00000 ( 2)
  78 K   0.00228 0.99772 0.00000 0.00000 ( 2)
  79 N   0.05150 0.94850 0.00000 0.00000 ( 2)
  80 N   0.00032 0.99968 0.00000 0.00000 ( 2)
  81 F   0.04804 0.95196 0.00000 0.00000 ( 2)
  82 A   0.04558 0.95442 0.00000 0.00000 ( 2)
  83 S   0.09399 0.90601 0.00000 0.00000 ( 2)
  84 -   0.55063 0.44937 0.00000 0.00000 ( 1)
  85 -   0.80520 0.19480 0.00000 0.00000 ( 1)
  86 G   0.83472 0.16528 0.00000 0.00000 ( 1)
  87 E   0.04957 0.95043 0.00000 0.00000 ( 2)
  88 L   0.01107 0.98893 0.00000 0.00000 ( 2)
  89 I   0.13484 0.86516 0.00000 0.00000 ( 2)
  90 R   0.92464 0.07536 0.00000 0.00000 ( 1)
  91 S   0.00018 0.99982 0.00000 0.00000 ( 2)
  92 Y   0.00717 0.99283 0.00000 0.00000 ( 2)
  93 I   0.99045 0.00955 0.00000 0.00000 ( 1)
  94 N   0.00132 0.99868 0.00000 0.00000 ( 2)
  95 D   0.16315 0.83685 0.00000 0.00000 ( 2)
  96 L   0.99759 0.00241 0.00000 0.00000 ( 1)
  97 H   0.99668 0.00332 0.00000 0.00000 ( 1)
  98 I   0.30135 0.69865 0.00000 0.00000 ( 2)
  99 L   0.00024 0.99976 0.00000 0.00000 ( 2)
 100 F   0.99928 0.00072 0.00000 0.00000 ( 1)
 101 T   0.00102 0.99898 0.00000 0.00000 ( 2)
 102 R   0.00001 0.99999 0.00000 0.00000 ( 2)
 103 D   0.05922 0.94078 0.00000 0.00000 ( 2)
 104 I   0.99895 0.00105 0.00000 0.00000 ( 1)
 105 Q   0.78280 0.21720 0.00000 0.00000 ( 1)
 106 S   0.00375 0.99625 0.00000 0.00000 ( 2)
 107 D   0.79820 0.20180 0.00000 0.00000 ( 1)
 108 F   0.96646 0.03354 0.00000 0.00000 ( 1)
 109 S   0.08306 0.91694 0.00000 0.00000 ( 2)
 110 L   0.30014 0.69986 0.00000 0.00000 ( 2)
 111 G   0.00006 0.99994 0.00000 0.00000 ( 2)
 112 G   0.23352 0.76648 0.00000 0.00000 ( 2)
 113 Y   0.99646 0.00354 0.00000 0.00000 ( 1)
 114 E   0.98506 0.01494 0.00000 0.00000 ( 1)
 115 T   0.00863 0.99137 0.00000 0.00000 ( 2)
 116 V   0.99370 0.00630 0.00000 0.00000 ( 1)
 117 L   0.99002 0.00998 0.00000 0.00000 ( 1)
 118 L   0.98657 0.01343 0.00000 0.00000 ( 1)
 119 P   0.99482 0.00518 0.00000 0.00000 ( 1)
 120 S   0.85899 0.14101 0.00000 0.00000 ( 1)
 121 Y   0.99596 0.00404 0.00000 0.00000 ( 1)
 122 A   0.85461 0.14539 0.00000 0.00000 ( 1)
 123 S   0.94217 0.05783 0.00000 0.00000 ( 1)
 124 A   0.90493 0.09507 0.00000 0.00000 ( 1)
 125 A   0.93913 0.06087 0.00000 0.00000 ( 1)
 126 N   0.99647 0.00353 0.00000 0.00000 ( 1)
 127 L   0.97342 0.02658 0.00000 0.00000 ( 1)
 128 H   0.99855 0.00145 0.00000 0.00000 ( 1)
 129 L   0.98094 0.01906 0.00000 0.00000 ( 1)
 130 L   0.85740 0.14260 0.00000 0.00000 ( 1)
 131 L   0.98486 0.01514 0.00000 0.00000 ( 1)
 132 L   0.98377 0.01623 0.00000 0.00000 ( 1)
 133 R   0.97440 0.02560 0.00000 0.00000 ( 1)
 134 D   0.99776 0.00224 0.00000 0.00000 ( 1)
 135 V   0.98778 0.01222 0.00000 0.00000 ( 1)
 136 A   0.11085 0.88915 0.00000 0.00000 ( 2)
 137 I   0.98882 0.01118 0.00000 0.00000 ( 1)
 138 Y   0.92796 0.07204 0.00000 0.00000 ( 1)
 139 G   0.99548 0.00452 0.00000 0.00000 ( 1)
 140 K   0.28483 0.71517 0.00000 0.00000 ( 2)
 141 E   0.12571 0.87429 0.00000 0.00000 ( 2)
 142 -   0.61973 0.38027 0.00000 0.00000 ( 1)
 143 -   0.56607 0.43393 0.00000 0.00000 ( 1)
 144 -   0.59827 0.40173 0.00000 0.00000 ( 1)
 145 -   0.61872 0.38128 0.00000 0.00000 ( 1)
 146 -   0.60742 0.39258 0.00000 0.00000 ( 1)
 147 -   0.61973 0.38027 0.00000 0.00000 ( 1)
 148 -   0.62966 0.37034 0.00000 0.00000 ( 1)
 149 -   0.56463 0.43537 0.00000 0.00000 ( 1)
 150 L   0.98257 0.01743 0.00000 0.00000 ( 1)
 151 G   0.91523 0.08477 0.00000 0.00000 ( 1)
 152 Y   0.98750 0.01250 0.00000 0.00000 ( 1)
 153 P   0.00002 0.99998 0.00000 0.00000 ( 2)
 154 S   0.00212 0.99788 0.00000 0.00000 ( 2)
 155 T   0.00006 0.99994 0.00000 0.00000 ( 2)
 156 D   0.00269 0.99731 0.00000 0.00000 ( 2)
 157 V   0.86507 0.13493 0.00000 0.00000 ( 1)
 158 E   0.00434 0.99566 0.00000 0.00000 ( 2)
 159 F   0.02889 0.97111 0.00000 0.00000 ( 2)
 160 Y   0.99755 0.00245 0.00000 0.00000 ( 1)
 161 Y   0.91022 0.08978 0.00000 0.00000 ( 1)
 162 N   0.00215 0.99785 0.00000 0.00000 ( 2)
 163 E   0.99726 0.00274 0.00000 0.00000 ( 1)
 164 Q   0.55132 0.44868 0.00000 0.00000 ( 1)
 165 K   0.29460 0.70540 0.00000 0.00000 ( 2)
 166 Y   0.00000 1.00000 0.00000 0.00000 ( 2)
 167 Y   0.98440 0.01560 0.00000 0.00000 ( 1)
 168 T   0.78395 0.21605 0.00000 0.00000 ( 1)
 169 E   0.11335 0.88665 0.00000 0.00000 ( 2)
 170 K   0.00068 0.99932 0.00000 0.00000 ( 2)
 171 Y   0.98238 0.01762 0.00000 0.00000 ( 1)
 172 S   0.90395 0.09605 0.00000 0.00000 ( 1)
 173 N   0.74559 0.25441 0.00000 0.00000 ( 1)
 174 Y   0.65426 0.34574 0.00000 0.00000 ( 1)
 175 C   0.98675 0.01325 0.00000 0.00000 ( 1)
 176 V   0.46463 0.53537 0.00000 0.00000 ( 2)
 177 N   0.22480 0.77520 0.00000 0.00000 ( 2)
 178 T   0.90194 0.09806 0.00000 0.00000 ( 1)
 179 Y   0.85503 0.14497 0.00000 0.00000 ( 1)
 180 K   0.97812 0.02188 0.00000 0.00000 ( 1)
 181 S   0.00864 0.99136 0.00000 0.00000 ( 2)
 182 G   0.56871 0.43129 0.00000 0.00000 ( 1)
 183 L   0.97214 0.02786 0.00000 0.00000 ( 1)
 184 E   0.19154 0.80846 0.00000 0.00000 ( 2)
 185 S   0.20470 0.79530 0.00000 0.00000 ( 2)
 186 K   0.46295 0.53705 0.00000 0.00000 ( 2)
 187 K   0.99847 0.00153 0.00000 0.00000 ( 1)
 188 Q   0.31280 0.68720 0.00000 0.00000 ( 2)
 189 I   0.99140 0.00860 0.00000 0.00000 ( 1)
 190 G   0.85725 0.14275 0.00000 0.00000 ( 1)
 191 W   0.89327 0.10673 0.00000 0.00000 ( 1)
 192 S   0.01917 0.98083 0.00000 0.00000 ( 2)
 193 D   0.00808 0.99192 0.00000 0.00000 ( 2)
 194 F   0.96974 0.03026 0.00000 0.00000 ( 1)
 195 N   0.99384 0.00616 0.00000 0.00000 ( 1)
 196 R   0.45202 0.54798 0.00000 0.00000 ( 2)
 197 Y   0.99755 0.00245 0.00000 0.00000 ( 1)
 198 R   0.99046 0.00954 0.00000 0.00000 ( 1)
 199 R   0.99539 0.00461 0.00000 0.00000 ( 1)
 200 E   0.00524 0.99476 0.00000 0.00000 ( 2)
 201 M   0.99889 0.00111 0.00000 0.00000 ( 1)
 202 T   0.99654 0.00346 0.00000 0.00000 ( 1)
 203 L   0.95538 0.04462 0.00000 0.00000 ( 1)
 204 S   0.20956 0.79044 0.00000 0.00000 ( 2)
 205 V   0.98771 0.01229 0.00000 0.00000 ( 1)
 206 L   0.98870 0.01130 0.00000 0.00000 ( 1)
 207 D   0.99963 0.00037 0.00000 0.00000 ( 1)
 208 I   0.54892 0.45108 0.00000 0.00000 ( 1)
 209 V   0.98069 0.01931 0.00000 0.00000 ( 1)
 210 A   0.98261 0.01739 0.00000 0.00000 ( 1)
 211 L   0.93174 0.06826 0.00000 0.00000 ( 1)
 212 F   0.98480 0.01520 0.00000 0.00000 ( 1)
 213 P   0.99476 0.00524 0.00000 0.00000 ( 1)
 214 L   0.04276 0.95724 0.00000 0.00000 ( 2)


lnL = -3775.381335

Bayes Empirical Bayes (BEB) probabilities for 4 classes (class)
(amino acids refer to 1st sequence: BT_Cry19Ba1)

   1 E   0.25430 0.65567 0.04175 0.04829 ( 2)
   2 -   0.51768 0.41704 0.03622 0.02906 ( 1)
   3 -   0.51768 0.41704 0.03622 0.02906 ( 1)
   4 V   0.59709 0.35319 0.03030 0.01943 ( 1)
   5 G   0.80416 0.14552 0.04216 0.00817 ( 1)
   6 P   0.01797 0.92742 0.00099 0.05362 ( 2)
   7 L   0.41037 0.53779 0.02161 0.03023 ( 2)
   8 L   0.93742 0.00958 0.05243 0.00057 ( 1)
   9 S   0.91499 0.03699 0.04600 0.00202 ( 1)
  10 W   0.18677 0.75246 0.01195 0.04883 ( 2)
  11 M   0.17134 0.77673 0.00885 0.04308 ( 2)
  12 V   0.01067 0.93725 0.00054 0.05154 ( 2)
  13 S   0.01208 0.93446 0.00064 0.05282 ( 2)
  14 L   0.17883 0.76588 0.01007 0.04522 ( 2)
  15 F   0.79205 0.16016 0.03914 0.00865 ( 1)
  16 W   0.83968 0.10049 0.05333 0.00651 ( 1)
  17 P   0.94302 0.00504 0.05165 0.00029 ( 1)
  18 T   0.02097 0.92679 0.00108 0.05116 ( 2)
  19 I   0.00111 0.94707 0.00006 0.05176 ( 2)
  20 -   0.75995 0.17476 0.05311 0.01218 ( 1)
  21 -   0.74610 0.18862 0.05214 0.01315 ( 1)
  22 -   0.67833 0.25638 0.04742 0.01787 ( 1)
  23 E   0.02705 0.80514 0.02941 0.13841 ( 2)
  24 E   0.00039 0.94744 0.00002 0.05215 ( 2)
  25 K   0.01919 0.92865 0.00097 0.05118 ( 2)
  26 N   0.93294 0.02173 0.04418 0.00114 ( 1)
  27 T   0.01141 0.93634 0.00059 0.05166 ( 2)
  28 V   0.89053 0.06014 0.04598 0.00335 ( 1)
  29 W   0.83968 0.10049 0.05333 0.00651 ( 1)
  30 E   0.46293 0.48733 0.02312 0.02663 ( 2)
  31 D   0.00623 0.94402 0.00030 0.04945 ( 2)
  32 M   0.02651 0.92154 0.00136 0.05060 ( 2)
  33 I   0.90566 0.04647 0.04534 0.00254 ( 1)
  34 K   0.93333 0.01225 0.05368 0.00074 ( 1)
  35 Y   0.02921 0.91785 0.00153 0.05142 ( 2)
  36 V   0.51021 0.43971 0.02589 0.02419 ( 1)
  37 A   0.82621 0.12421 0.04267 0.00691 ( 1)
  38 N   0.93495 0.01890 0.04514 0.00101 ( 1)
  39 L   0.89077 0.04868 0.05736 0.00319 ( 1)
  40 L   0.92920 0.00798 0.06229 0.00054 ( 1)
  41 K   0.00010 0.94816 0.00000 0.05174 ( 2)
  42 Q   0.05856 0.88644 0.00325 0.05175 ( 2)
  43 E   0.15749 0.79165 0.00786 0.04299 ( 2)
  44 L   0.13325 0.81152 0.00747 0.04777 ( 2)
  45 T   0.00038 0.94732 0.00002 0.05227 ( 2)
  46 N   0.00040 0.94967 0.00002 0.04991 ( 2)
  47 D   0.00054 0.86218 0.00055 0.13673 ( 2)
  48 T   0.14146 0.80677 0.00726 0.04452 ( 2)
  49 L   0.40758 0.54017 0.02165 0.03060 ( 2)
  50 N   0.00064 0.94179 0.00004 0.05753 ( 2)
  51 R   0.12139 0.82294 0.00687 0.04881 ( 2)
  52 A   0.93700 0.00244 0.06040 0.00016 ( 1)
  53 T   0.92556 0.02504 0.04800 0.00140 ( 1)
  54 S   0.00464 0.94371 0.00023 0.05141 ( 2)
  55 N   0.90175 0.05280 0.04267 0.00278 ( 1)
  56 L   0.88400 0.06285 0.04943 0.00371 ( 1)
  57 S   0.01642 0.91181 0.00120 0.07057 ( 2)
  58 G   0.71694 0.22739 0.04183 0.01384 ( 1)
  59 L   0.92290 0.02407 0.05161 0.00142 ( 1)
  60 N   0.00408 0.94571 0.00019 0.05001 ( 2)
  61 E   0.45965 0.49073 0.02294 0.02668 ( 2)
  62 S   0.08049 0.86626 0.00427 0.04898 ( 2)
  63 L   0.90265 0.03998 0.05487 0.00251 ( 1)
  64 N   0.00008 0.94840 0.00000 0.05151 ( 2)
  65 I   0.33914 0.61154 0.01655 0.03277 ( 2)
  66 Y   0.94776 0.00259 0.04951 0.00015 ( 1)
  67 N   0.93079 0.01361 0.05477 0.00083 ( 1)
  68 R   0.65582 0.28670 0.03962 0.01786 ( 1)
  69 A   0.40920 0.53929 0.02133 0.03019 ( 2)
  70 L   0.91693 0.02215 0.05947 0.00146 ( 1)
  71 A   0.90748 0.04325 0.04687 0.00241 ( 1)
  72 A   0.00129 0.94181 0.00007 0.05683 ( 2)
  73 W   0.83968 0.10049 0.05333 0.00651 ( 1)
  74 K   0.08380 0.86512 0.00417 0.04691 ( 2)
  75 Q   0.00001 0.94434 0.00000 0.05566 ( 2)
  76 -   0.51768 0.41704 0.03622 0.02906 ( 1)
  77 N   0.00827 0.94199 0.00039 0.04935 ( 2)
  78 K   0.00245 0.94612 0.00012 0.05131 ( 2)
  79 N   0.05303 0.89524 0.00260 0.04914 ( 2)
  80 N   0.00034 0.94947 0.00002 0.05017 ( 2)
  81 F   0.04871 0.89261 0.00296 0.05571 ( 2)
  82 A   0.04639 0.90123 0.00240 0.04998 ( 2)
  83 S   0.09508 0.85380 0.00478 0.04634 ( 2)
  84 -   0.51768 0.41704 0.03622 0.02906 ( 1)
  85 -   0.75298 0.18174 0.05262 0.01267 ( 1)
  86 G   0.79572 0.15358 0.04201 0.00869 ( 1)
  87 E   0.05105 0.89765 0.00255 0.04875 ( 2)
  88 L   0.01150 0.93532 0.00061 0.05257 ( 2)
  89 I   0.11627 0.69071 0.10633 0.08669 ( 2)
  90 R   0.87283 0.07056 0.05224 0.00437 ( 1)
  91 S   0.00017 0.83371 0.00023 0.16588 ( 2)
  92 Y   0.00757 0.93940 0.00040 0.05264 ( 2)
  93 I   0.94419 0.00911 0.04620 0.00049 ( 1)
  94 N   0.00142 0.94887 0.00007 0.04964 ( 2)
  95 D   0.16389 0.78694 0.00779 0.04138 ( 2)
  96 L   0.94761 0.00234 0.04992 0.00013 ( 1)
  97 H   0.94898 0.00321 0.04764 0.00018 ( 1)
  98 I   0.29529 0.65516 0.01441 0.03514 ( 2)
  99 L   0.00026 0.93788 0.00002 0.06185 ( 2)
 100 F   0.95217 0.00070 0.04709 0.00004 ( 1)
 101 T   0.00109 0.94579 0.00006 0.05306 ( 2)
 102 R   0.00001 0.94629 0.00000 0.05370 ( 2)
 103 D   0.06169 0.88880 0.00293 0.04658 ( 2)
 104 I   0.95153 0.00103 0.04738 0.00006 ( 1)
 105 Q   0.74526 0.20163 0.04131 0.01179 ( 1)
 106 S   0.00396 0.93956 0.00023 0.05626 ( 2)
 107 D   0.76514 0.18857 0.03637 0.00993 ( 1)
 108 F   0.91099 0.03187 0.05514 0.00199 ( 1)
 109 S   0.08366 0.86018 0.00479 0.05137 ( 2)
 110 L   0.29545 0.64976 0.01654 0.03825 ( 2)
 111 G   0.00007 0.94562 0.00000 0.05431 ( 2)
 112 G   0.23246 0.71488 0.01229 0.04037 ( 2)
 113 Y   0.94692 0.00343 0.04946 0.00019 ( 1)
 114 E   0.93811 0.01424 0.04687 0.00078 ( 1)
 115 T   0.00887 0.91549 0.00080 0.07484 ( 2)
 116 V   0.94458 0.00602 0.04907 0.00034 ( 1)
 117 L   0.93742 0.00958 0.05243 0.00057 ( 1)
 118 L   0.93412 0.01288 0.05224 0.00076 ( 1)
 119 P   0.94309 0.00499 0.05164 0.00029 ( 1)
 120 S   0.81398 0.13199 0.04617 0.00786 ( 1)
 121 Y   0.94643 0.00391 0.04944 0.00022 ( 1)
 122 A   0.81512 0.13527 0.04209 0.00752 ( 1)
 123 S   0.89785 0.05407 0.04513 0.00295 ( 1)
 124 A   0.86086 0.08970 0.04445 0.00499 ( 1)
 125 A   0.88193 0.05745 0.05686 0.00376 ( 1)
 126 N   0.95139 0.00339 0.04504 0.00018 ( 1)
 127 L   0.92471 0.02517 0.04871 0.00142 ( 1)
 128 H   0.95079 0.00141 0.04773 0.00008 ( 1)
 129 L   0.92874 0.01824 0.05194 0.00108 ( 1)
 130 L   0.81521 0.13395 0.04324 0.00760 ( 1)
 131 L   0.92821 0.01445 0.05643 0.00091 ( 1)
 132 L   0.93145 0.01554 0.05209 0.00092 ( 1)
 133 R   0.92222 0.02445 0.05189 0.00145 ( 1)
 134 D   0.95241 0.00219 0.04529 0.00012 ( 1)
 135 V   0.93879 0.01164 0.04892 0.00065 ( 1)
 136 A   0.11284 0.83496 0.00583 0.04637 ( 2)
 137 I   0.94180 0.01068 0.04694 0.00059 ( 1)
 138 Y   0.87202 0.06723 0.05634 0.00441 ( 1)
 139 G   0.94484 0.00436 0.05056 0.00025 ( 1)
 140 K   0.28287 0.66692 0.01406 0.03615 ( 2)
 141 E   0.12789 0.82109 0.00639 0.04463 ( 2)
 142 -   0.58155 0.35316 0.04067 0.02461 ( 1)
 143 -   0.53196 0.40276 0.03722 0.02807 ( 1)
 144 -   0.56172 0.37299 0.03929 0.02599 ( 1)
 145 -   0.58061 0.35410 0.04061 0.02468 ( 1)
 146 -   0.57017 0.36454 0.03988 0.02540 ( 1)
 147 -   0.58155 0.35316 0.04067 0.02461 ( 1)
 148 -   0.59072 0.34400 0.04131 0.02397 ( 1)
 149 -   0.53062 0.40409 0.03712 0.02816 ( 1)
 150 L   0.93028 0.01670 0.05204 0.00099 ( 1)
 151 G   0.87012 0.07884 0.04655 0.00449 ( 1)
 152 Y   0.93841 0.01190 0.04903 0.00067 ( 1)
 153 P   0.00003 0.94484 0.00000 0.05514 ( 2)
 154 S   0.00212 0.89042 0.00234 0.10513 ( 2)
 155 T   0.00003 0.52341 0.00203 0.47453 ( 2)
 156 D   0.00284 0.93935 0.00017 0.05764 ( 2)
 157 V   0.82348 0.12696 0.04246 0.00710 ( 1)
 158 E   0.00461 0.93565 0.00030 0.05945 ( 2)
 159 F   0.03029 0.91881 0.00150 0.04941 ( 2)
 160 Y   0.94797 0.00238 0.04952 0.00013 ( 1)
 161 Y   0.86639 0.08367 0.04524 0.00470 ( 1)
 162 N   0.00230 0.94632 0.00011 0.05127 ( 2)
 163 E   0.94269 0.00264 0.05452 0.00016 ( 1)
 164 Q   0.53052 0.41579 0.02941 0.02429 ( 1)
 165 K   0.28881 0.65524 0.01663 0.03932 ( 2)
 166 Y   0.00000 0.93540 0.00000 0.06460 ( 2)
 167 Y   0.93547 0.01483 0.04886 0.00083 ( 1)
 168 T   0.74961 0.20086 0.03843 0.01111 ( 1)
 169 E   0.11554 0.83342 0.00577 0.04527 ( 2)
 170 K   0.00073 0.94759 0.00004 0.05164 ( 2)
 171 Y   0.93357 0.01673 0.04876 0.00094 ( 1)
 172 S   0.86108 0.09069 0.04328 0.00494 ( 1)
 173 N   0.71849 0.23520 0.03397 0.01234 ( 1)
 174 Y   0.63045 0.31806 0.03347 0.01802 ( 1)
 175 C   0.93659 0.01273 0.04995 0.00072 ( 1)
 176 V   0.45369 0.49602 0.02302 0.02727 ( 2)
 177 N   0.22660 0.72474 0.01071 0.03794 ( 2)
 178 T   0.85074 0.09157 0.05193 0.00576 ( 1)
 179 Y   0.80307 0.13610 0.05190 0.00893 ( 1)
 180 K   0.93139 0.02057 0.04691 0.00113 ( 1)
 181 S   0.00781 0.80537 0.01219 0.17462 ( 2)
 182 G   0.55121 0.39762 0.02889 0.02228 ( 1)
 183 L   0.92031 0.02662 0.05150 0.00157 ( 1)
 184 E   0.19312 0.75533 0.00987 0.04168 ( 2)
 185 S   0.18494 0.67474 0.06901 0.07131 ( 2)
 186 K   0.28311 0.31297 0.35288 0.05104 ( 3)
 187 K   0.95108 0.00149 0.04735 0.00008 ( 1)
 188 Q   0.30803 0.63766 0.01709 0.03722 ( 2)
 189 I   0.94455 0.00822 0.04678 0.00045 ( 1)
 190 G   0.81622 0.13256 0.04366 0.00755 ( 1)
 191 W   0.83968 0.10049 0.05333 0.00651 ( 1)
 192 S   0.01980 0.92406 0.00113 0.05501 ( 2)
 193 D   0.00855 0.94090 0.00041 0.05014 ( 2)
 194 F   0.92364 0.02906 0.04573 0.00157 ( 1)
 195 N   0.94886 0.00591 0.04492 0.00031 ( 1)
 196 R   0.43576 0.50640 0.02633 0.03152 ( 2)
 197 Y   0.94797 0.00238 0.04952 0.00013 ( 1)
 198 R   0.93740 0.00915 0.05291 0.00054 ( 1)
 199 R   0.94601 0.00445 0.04929 0.00025 ( 1)
 200 E   0.00558 0.94263 0.00028 0.05150 ( 2)
 201 M   0.95029 0.00108 0.04857 0.00006 ( 1)
 202 T   0.94784 0.00335 0.04863 0.00019 ( 1)
 203 L   0.90436 0.04252 0.05061 0.00251 ( 1)
 204 S   0.20667 0.73162 0.01348 0.04824 ( 2)
 205 V   0.91934 0.01146 0.06834 0.00086 ( 1)
 206 L   0.93616 0.01084 0.05236 0.00064 ( 1)
 207 D   0.95424 0.00036 0.04537 0.00002 ( 1)
 208 I   0.53363 0.41766 0.02614 0.02258 ( 1)
 209 V   0.92578 0.01822 0.05487 0.00113 ( 1)
 210 A   0.93406 0.01651 0.04851 0.00092 ( 1)
 211 L   0.88268 0.06418 0.04936 0.00379 ( 1)
 212 F   0.92840 0.01450 0.05620 0.00091 ( 1)
 213 P   0.94302 0.00504 0.05165 0.00029 ( 1)
 214 L   0.04308 0.89548 0.00279 0.05865 ( 2)

