Supplemental results for CODEML (seqf: algn  treef: tree)


dN/dS (w) for site classes (K=4)

site class             0        1       2a       2b
proportion       0.87122  0.12878  0.00000  0.00000
background w     0.17439  1.00000  0.17439  1.00000
foreground w     0.17439  1.00000  1.00000  1.00000

Naive Empirical Bayes (NEB) probabilities for 4 classes
(amino acids refer to 1st sequence: BT_Cry1A-like)

   1 E   0.78132 0.21868 0.00000 0.00000 ( 1)
   2 F   0.99973 0.00027 0.00000 0.00000 ( 1)
   3 V   0.99567 0.00433 0.00000 0.00000 ( 1)
   4 P   1.00000 0.00000 0.00000 0.00000 ( 1)
   5 G   1.00000 0.00000 0.00000 0.00000 ( 1)
   6 A   0.99177 0.00823 0.00000 0.00000 ( 1)
   7 G   0.99984 0.00016 0.00000 0.00000 ( 1)
   8 F   1.00000 0.00000 0.00000 0.00000 ( 1)
   9 V   0.78244 0.21756 0.00000 0.00000 ( 1)
  10 L   0.99936 0.00064 0.00000 0.00000 ( 1)
  11 G   1.00000 0.00000 0.00000 0.00000 ( 1)
  12 L   1.00000 0.00000 0.00000 0.00000 ( 1)
  13 V   0.99723 0.00277 0.00000 0.00000 ( 1)
  14 D   1.00000 0.00000 0.00000 0.00000 ( 1)
  15 I   0.99037 0.00963 0.00000 0.00000 ( 1)
  16 I   1.00000 0.00000 0.00000 0.00000 ( 1)
  17 W   0.99969 0.00031 0.00000 0.00000 ( 1)
  18 G   1.00000 0.00000 0.00000 0.00000 ( 1)
  19 I   0.99827 0.00173 0.00000 0.00000 ( 1)
  20 F   0.99804 0.00196 0.00000 0.00000 ( 1)
  21 G   0.99819 0.00181 0.00000 0.00000 ( 1)
  22 P   0.85880 0.14120 0.00000 0.00000 ( 1)
  23 S   0.99994 0.00006 0.00000 0.00000 ( 1)
  24 Q   0.99968 0.00032 0.00000 0.00000 ( 1)
  25 W   0.99817 0.00183 0.00000 0.00000 ( 1)
  26 -   0.87122 0.12878 0.00000 0.00000 ( 1)
  27 D   0.99328 0.00672 0.00000 0.00000 ( 1)
  28 A   0.01407 0.98593 0.00000 0.00000 ( 2)
  29 F   1.00000 0.00000 0.00000 0.00000 ( 1)
  30 L   1.00000 0.00000 0.00000 0.00000 ( 1)
  31 V   0.00265 0.99735 0.00000 0.00000 ( 2)
  32 Q   1.00000 0.00000 0.00000 0.00000 ( 1)
  33 I   1.00000 0.00000 0.00000 0.00000 ( 1)
  34 E   1.00000 0.00000 0.00000 0.00000 ( 1)
  35 Q   0.99991 0.00009 0.00000 0.00000 ( 1)
  36 L   1.00000 0.00000 0.00000 0.00000 ( 1)
  37 I   1.00000 0.00000 0.00000 0.00000 ( 1)
  38 N   0.04433 0.95566 0.00000 0.00000 ( 2)
  39 Q   1.00000 0.00000 0.00000 0.00000 ( 1)
  40 R   0.99999 0.00001 0.00000 0.00000 ( 1)
  41 I   1.00000 0.00000 0.00000 0.00000 ( 1)
  42 -   0.87122 0.12878 0.00000 0.00000 ( 1)
  43 E   0.99905 0.00095 0.00000 0.00000 ( 1)
  44 N   0.87261 0.12739 0.00000 0.00000 ( 1)
  45 S   0.23437 0.76563 0.00000 0.00000 ( 2)
  46 L   0.99978 0.00022 0.00000 0.00000 ( 1)
  47 G   0.99998 0.00002 0.00000 0.00000 ( 1)
  48 T   0.99997 0.00003 0.00000 0.00000 ( 1)
  49 K   0.96853 0.03147 0.00000 0.00000 ( 1)
  50 P   1.00000 0.00000 0.00000 0.00000 ( 1)
  51 F   1.00000 0.00000 0.00000 0.00000 ( 1)
  52 L   0.87122 0.12878 0.00000 0.00000 ( 1)
  53 D   0.87122 0.12878 0.00000 0.00000 ( 1)
  54 W   0.87122 0.12878 0.00000 0.00000 ( 1)
  55 K   0.00327 0.99673 0.00000 0.00000 ( 2)
  56 A   0.99653 0.00347 0.00000 0.00000 ( 1)
  57 K   0.99996 0.00004 0.00000 0.00000 ( 1)
  58 Q   0.98933 0.01067 0.00000 0.00000 ( 1)
  59 -   0.87122 0.12878 0.00000 0.00000 ( 1)
  60 S   0.99992 0.00008 0.00000 0.00000 ( 1)
  61 L   0.99959 0.00041 0.00000 0.00000 ( 1)
  62 S   0.00366 0.99634 0.00000 0.00000 ( 2)
  63 N   0.95770 0.04230 0.00000 0.00000 ( 1)
  64 L   0.99990 0.00010 0.00000 0.00000 ( 1)
  65 R   1.00000 0.00000 0.00000 0.00000 ( 1)
  66 R   0.05651 0.94349 0.00000 0.00000 ( 2)
  67 I   0.99729 0.00271 0.00000 0.00000 ( 1)
  68 -   0.99999 0.00001 0.00000 0.00000 ( 1)
  69 -   0.92060 0.07940 0.00000 0.00000 ( 1)
  70 -   0.79987 0.20013 0.00000 0.00000 ( 1)
  71 -   0.99067 0.00933 0.00000 0.00000 ( 1)
  72 F   1.00000 0.00000 0.00000 0.00000 ( 1)
  73 R   0.99868 0.00132 0.00000 0.00000 ( 1)
  74 E   0.99899 0.00101 0.00000 0.00000 ( 1)
  75 W   0.99969 0.00031 0.00000 0.00000 ( 1)
  76 E   1.00000 0.00000 0.00000 0.00000 ( 1)
  77 A   0.03376 0.96624 0.00000 0.00000 ( 2)
  78 D   0.99993 0.00007 0.00000 0.00000 ( 1)
  79 P   1.00000 0.00000 0.00000 0.00000 ( 1)
  80 T   0.99998 0.00002 0.00000 0.00000 ( 1)
  81 N   1.00000 0.00000 0.00000 0.00000 ( 1)
  82 P   0.99989 0.00011 0.00000 0.00000 ( 1)
  83 A   0.99935 0.00065 0.00000 0.00000 ( 1)
  84 L   0.99999 0.00001 0.00000 0.00000 ( 1)
  85 R   0.97990 0.02010 0.00000 0.00000 ( 1)
  86 E   1.00000 0.00000 0.00000 0.00000 ( 1)
  87 E   0.99970 0.00030 0.00000 0.00000 ( 1)
  88 M   0.99989 0.00011 0.00000 0.00000 ( 1)
  89 R   1.00000 0.00000 0.00000 0.00000 ( 1)
  90 I   0.99981 0.00019 0.00000 0.00000 ( 1)
  91 Q   0.99999 0.00001 0.00000 0.00000 ( 1)
  92 F   1.00000 0.00000 0.00000 0.00000 ( 1)
  93 N   0.99996 0.00004 0.00000 0.00000 ( 1)
  94 A   0.66083 0.33917 0.00000 0.00000 ( 1)
  95 R   0.99988 0.00012 0.00000 0.00000 ( 1)
  96 T   0.99967 0.00033 0.00000 0.00000 ( 1)
  97 S   1.00000 0.00000 0.00000 0.00000 ( 1)
  98 A   0.99944 0.00056 0.00000 0.00000 ( 1)
  99 L   0.99993 0.00007 0.00000 0.00000 ( 1)
 100 T   0.98868 0.01132 0.00000 0.00000 ( 1)
 101 T   0.99963 0.00037 0.00000 0.00000 ( 1)
 102 A   0.99903 0.00097 0.00000 0.00000 ( 1)
 103 I   0.99998 0.00002 0.00000 0.00000 ( 1)
 104 P   0.99996 0.00004 0.00000 0.00000 ( 1)
 105 L   0.98657 0.01343 0.00000 0.00000 ( 1)
 106 F   0.97366 0.02634 0.00000 0.00000 ( 1)
 107 A   0.98360 0.01640 0.00000 0.00000 ( 1)
 108 V   1.00000 0.00000 0.00000 0.00000 ( 1)
 109 Q   0.98719 0.01281 0.00000 0.00000 ( 1)
 110 N   0.98324 0.01676 0.00000 0.00000 ( 1)
 111 Y   1.00000 0.00000 0.00000 0.00000 ( 1)
 112 Q   1.00000 0.00000 0.00000 0.00000 ( 1)
 113 V   0.99999 0.00001 0.00000 0.00000 ( 1)
 114 P   0.99994 0.00006 0.00000 0.00000 ( 1)
 115 L   0.99999 0.00001 0.00000 0.00000 ( 1)
 116 L   1.00000 0.00000 0.00000 0.00000 ( 1)
 117 S   0.99996 0.00004 0.00000 0.00000 ( 1)
 118 V   1.00000 0.00000 0.00000 0.00000 ( 1)
 119 Y   1.00000 0.00000 0.00000 0.00000 ( 1)
 120 V   1.00000 0.00000 0.00000 0.00000 ( 1)
 121 Q   0.99996 0.00004 0.00000 0.00000 ( 1)
 122 A   1.00000 0.00000 0.00000 0.00000 ( 1)
 123 A   0.99985 0.00015 0.00000 0.00000 ( 1)
 124 N   1.00000 0.00000 0.00000 0.00000 ( 1)
 125 L   0.99994 0.00006 0.00000 0.00000 ( 1)
 126 M   0.99999 0.00001 0.00000 0.00000 ( 1)
 127 F   0.99894 0.00106 0.00000 0.00000 ( 1)
 128 S   0.99999 0.00001 0.00000 0.00000 ( 1)
 129 T   0.62580 0.37420 0.00000 0.00000 ( 1)
 130 -   0.99553 0.00447 0.00000 0.00000 ( 1)
 131 -   1.00000 0.00000 0.00000 0.00000 ( 1)
 132 -   1.00000 0.00000 0.00000 0.00000 ( 1)
 133 -   0.99999 0.00001 0.00000 0.00000 ( 1)
 134 -   0.03679 0.96321 0.00000 0.00000 ( 2)
 135 -   0.02729 0.97271 0.00000 0.00000 ( 2)
 136 -   0.99999 0.00001 0.00000 0.00000 ( 1)
 137 -   1.00000 0.00000 0.00000 0.00000 ( 1)
 138 -   0.99876 0.00124 0.00000 0.00000 ( 1)
 139 -   0.98549 0.01451 0.00000 0.00000 ( 1)
 140 -   0.93641 0.06359 0.00000 0.00000 ( 1)
 141 -   1.00000 0.00000 0.00000 0.00000 ( 1)
 142 -   0.99184 0.00816 0.00000 0.00000 ( 1)
 143 -   0.99989 0.00011 0.00000 0.00000 ( 1)
 144 -   0.87122 0.12878 0.00000 0.00000 ( 1)
 145 -   0.13931 0.86069 0.00000 0.00000 ( 2)
 146 -   0.03536 0.96464 0.00000 0.00000 ( 2)
 147 -   1.00000 0.00000 0.00000 0.00000 ( 1)
 148 -   0.94023 0.05977 0.00000 0.00000 ( 1)
 149 -   1.00000 0.00000 0.00000 0.00000 ( 1)
 150 -   0.99983 0.00017 0.00000 0.00000 ( 1)
 151 -   0.93843 0.06157 0.00000 0.00000 ( 1)
 152 -   1.00000 0.00000 0.00000 0.00000 ( 1)
 153 -   0.99965 0.00035 0.00000 0.00000 ( 1)
 154 -   0.99398 0.00602 0.00000 0.00000 ( 1)
 155 -   1.00000 0.00000 0.00000 0.00000 ( 1)
 156 -   0.99997 0.00003 0.00000 0.00000 ( 1)
 157 -   0.42079 0.57921 0.00000 0.00000 ( 2)
 158 -   0.84531 0.15469 0.00000 0.00000 ( 1)
 159 -   1.00000 0.00000 0.00000 0.00000 ( 1)
 160 -   0.03385 0.96615 0.00000 0.00000 ( 2)
 161 -   0.00000 1.00000 0.00000 0.00000 ( 2)
 162 -   1.00000 0.00000 0.00000 0.00000 ( 1)
 163 -   0.99999 0.00001 0.00000 0.00000 ( 1)
 164 -   0.99999 0.00001 0.00000 0.00000 ( 1)
 165 -   1.00000 0.00000 0.00000 0.00000 ( 1)
 166 -   0.99995 0.00005 0.00000 0.00000 ( 1)
 167 -   0.99948 0.00052 0.00000 0.00000 ( 1)
 168 -   0.02791 0.97209 0.00000 0.00000 ( 2)
 169 -   0.00300 0.99700 0.00000 0.00000 ( 2)
 170 -   0.99993 0.00007 0.00000 0.00000 ( 1)
 171 -   1.00000 0.00000 0.00000 0.00000 ( 1)
 172 -   0.01392 0.98608 0.00000 0.00000 ( 2)
 173 -   1.00000 0.00000 0.00000 0.00000 ( 1)
 174 -   1.00000 0.00000 0.00000 0.00000 ( 1)
 175 -   0.03975 0.96025 0.00000 0.00000 ( 2)
 176 -   0.91609 0.08391 0.00000 0.00000 ( 1)
 177 -   0.99892 0.00108 0.00000 0.00000 ( 1)
 178 -   0.00394 0.99606 0.00000 0.00000 ( 2)
 179 -   0.99993 0.00007 0.00000 0.00000 ( 1)
 180 -   0.00007 0.99993 0.00000 0.00000 ( 2)
 181 -   0.00000 1.00000 0.00000 0.00000 ( 2)
 182 -   0.00259 0.99741 0.00000 0.00000 ( 2)
 183 -   0.64564 0.35436 0.00000 0.00000 ( 1)
 184 -   0.89942 0.10058 0.00000 0.00000 ( 1)
 185 -   0.95553 0.04447 0.00000 0.00000 ( 1)
 186 -   0.99702 0.00298 0.00000 0.00000 ( 1)
 187 -   0.83532 0.16468 0.00000 0.00000 ( 1)
 188 -   0.98862 0.01138 0.00000 0.00000 ( 1)
 189 -   1.00000 0.00000 0.00000 0.00000 ( 1)
 190 -   0.98241 0.01759 0.00000 0.00000 ( 1)
 191 -   0.00653 0.99347 0.00000 0.00000 ( 2)
 192 -   1.00000 0.00000 0.00000 0.00000 ( 1)
 193 -   0.99996 0.00004 0.00000 0.00000 ( 1)
 194 -   1.00000 0.00000 0.00000 0.00000 ( 1)
 195 -   0.99949 0.00051 0.00000 0.00000 ( 1)
 196 -   0.99825 0.00175 0.00000 0.00000 ( 1)
 197 -   1.00000 0.00000 0.00000 0.00000 ( 1)
 198 -   0.99764 0.00236 0.00000 0.00000 ( 1)
 199 -   0.99997 0.00003 0.00000 0.00000 ( 1)
 200 -   1.00000 0.00000 0.00000 0.00000 ( 1)
 201 -   1.00000 0.00000 0.00000 0.00000 ( 1)
 202 -   1.00000 0.00000 0.00000 0.00000 ( 1)
 203 -   1.00000 0.00000 0.00000 0.00000 ( 1)
 204 -   1.00000 0.00000 0.00000 0.00000 ( 1)
 205 -   0.99999 0.00001 0.00000 0.00000 ( 1)
 206 -   0.99990 0.00010 0.00000 0.00000 ( 1)
 207 -   1.00000 0.00000 0.00000 0.00000 ( 1)
 208 -   0.87122 0.12878 0.00000 0.00000 ( 1)
 209 -   0.93187 0.06813 0.00000 0.00000 ( 1)
 210 -   1.00000 0.00000 0.00000 0.00000 ( 1)


lnL = -7613.062397

Bayes Empirical Bayes (BEB) probabilities for 4 classes (class)
(amino acids refer to 1st sequence: BT_Cry1A-like)

   1 E   0.60724 0.36080 0.01867 0.01328 ( 1)
   2 F   0.97017 0.00041 0.02940 0.00002 ( 1)
   3 V   0.96403 0.00606 0.02968 0.00023 ( 1)
   4 P   0.96557 0.00000 0.03443 0.00000 ( 1)
   5 G   0.96960 0.00000 0.03040 0.00000 ( 1)
   6 A   0.94742 0.01306 0.03893 0.00059 ( 1)
   7 G   0.96709 0.00021 0.03269 0.00001 ( 1)
   8 F   0.96993 0.00000 0.03007 0.00000 ( 1)
   9 V   0.57566 0.38403 0.02329 0.01701 ( 1)
  10 L   0.96967 0.00092 0.02938 0.00003 ( 1)
  11 G   0.96730 0.00000 0.03270 0.00000 ( 1)
  12 L   0.96458 0.00000 0.03541 0.00000 ( 1)
  13 V   0.96571 0.00486 0.02925 0.00018 ( 1)
  14 D   0.97188 0.00000 0.02812 0.00000 ( 1)
  15 I   0.94787 0.01667 0.03477 0.00070 ( 1)
  16 I   0.97013 0.00000 0.02987 0.00000 ( 1)
  17 W   0.95868 0.00028 0.04102 0.00001 ( 1)
  18 G   0.96960 0.00000 0.03040 0.00000 ( 1)
  19 I   0.96722 0.00335 0.02931 0.00012 ( 1)
  20 F   0.96697 0.00314 0.02977 0.00012 ( 1)
  21 G   0.96614 0.00301 0.03074 0.00011 ( 1)
  22 P   0.72422 0.24190 0.02443 0.00944 ( 1)
  23 S   0.96779 0.00007 0.03213 0.00000 ( 1)
  24 Q   0.94260 0.00042 0.05696 0.00002 ( 1)
  25 W   0.95701 0.00195 0.04094 0.00009 ( 1)
  26 -   0.81493 0.13813 0.03986 0.00708 ( 1)
  27 D   0.95504 0.01054 0.03397 0.00045 ( 1)
  28 A   0.00346 0.95857 0.00012 0.03785 ( 2)
  29 F   0.97059 0.00000 0.02941 0.00000 ( 1)
  30 L   0.96874 0.00000 0.03126 0.00000 ( 1)
  31 V   0.00059 0.96134 0.00002 0.03805 ( 2)
  32 Q   0.95957 0.00000 0.04043 0.00000 ( 1)
  33 I   0.97075 0.00000 0.02925 0.00000 ( 1)
  34 E   0.96955 0.00000 0.03045 0.00000 ( 1)
  35 Q   0.96471 0.00009 0.03519 0.00000 ( 1)
  36 L   0.95671 0.00000 0.04329 0.00000 ( 1)
  37 I   0.97075 0.00000 0.02925 0.00000 ( 1)
  38 N   0.01220 0.94952 0.00042 0.03786 ( 2)
  39 Q   0.96480 0.00000 0.03520 0.00000 ( 1)
  40 R   0.96751 0.00001 0.03247 0.00000 ( 1)
  41 I   0.96691 0.00000 0.03309 0.00000 ( 1)
  42 -   0.81493 0.13813 0.03986 0.00708 ( 1)
  43 E   0.96814 0.00140 0.03041 0.00005 ( 1)
  44 N   0.70006 0.26688 0.02286 0.01020 ( 1)
  45 S   0.09956 0.85963 0.00392 0.03690 ( 2)
  46 L   0.96911 0.00035 0.03053 0.00001 ( 1)
  47 G   0.96142 0.00002 0.03857 0.00000 ( 1)
  48 T   0.96170 0.00004 0.03826 0.00000 ( 1)
  49 K   0.90479 0.05295 0.03975 0.00251 ( 1)
  50 P   0.96853 0.00000 0.03147 0.00000 ( 1)
  51 F   0.97074 0.00000 0.02925 0.00000 ( 1)
  52 L   0.81493 0.13813 0.03986 0.00708 ( 1)
  53 D   0.81493 0.13813 0.03986 0.00708 ( 1)
  54 W   0.81493 0.13813 0.03986 0.00708 ( 1)
  55 K   0.00076 0.96503 0.00002 0.03419 ( 2)
  56 A   0.96126 0.00663 0.03186 0.00026 ( 1)
  57 K   0.96455 0.00004 0.03541 0.00000 ( 1)
  58 Q   0.94137 0.01985 0.03789 0.00088 ( 1)
  59 -   0.81493 0.13813 0.03986 0.00708 ( 1)
  60 S   0.96003 0.00008 0.03988 0.00000 ( 1)
  61 L   0.96406 0.00051 0.03540 0.00002 ( 1)
  62 S   0.00113 0.96008 0.00004 0.03875 ( 2)
  63 N   0.86656 0.10470 0.02501 0.00373 ( 1)
  64 L   0.96012 0.00014 0.03974 0.00001 ( 1)
  65 R   0.96824 0.00000 0.03176 0.00000 ( 1)
  66 R   0.01672 0.94915 0.00050 0.03363 ( 2)
  67 I   0.87264 0.00407 0.12297 0.00031 ( 1)
  68 -   0.96123 0.00000 0.03877 0.00000 ( 1)
  69 -   0.50792 0.10772 0.37323 0.01113 ( 1)
  70 -   0.59428 0.36806 0.02212 0.01553 ( 1)
  71 -   0.95355 0.01492 0.03095 0.00057 ( 1)
  72 F   0.96344 0.00000 0.03656 0.00000 ( 1)
  73 R   0.96529 0.00223 0.03240 0.00009 ( 1)
  74 E   0.96166 0.00150 0.03678 0.00006 ( 1)
  75 W   0.95868 0.00028 0.04102 0.00001 ( 1)
  76 E   0.96955 0.00000 0.03045 0.00000 ( 1)
  77 A   0.00851 0.90194 0.00457 0.08498 ( 2)
  78 D   0.97138 0.00011 0.02851 0.00000 ( 1)
  79 P   0.96689 0.00000 0.03311 0.00000 ( 1)
  80 T   0.97154 0.00003 0.02842 0.00000 ( 1)
  81 N   0.97158 0.00000 0.02842 0.00000 ( 1)
  82 P   0.96832 0.00014 0.03153 0.00001 ( 1)
  83 A   0.96372 0.00095 0.03530 0.00004 ( 1)
  84 L   0.96458 0.00001 0.03541 0.00000 ( 1)
  85 R   0.92433 0.03702 0.03700 0.00164 ( 1)
  86 E   0.96955 0.00000 0.03045 0.00000 ( 1)
  87 E   0.97141 0.00042 0.02815 0.00002 ( 1)
  88 M   0.96051 0.00014 0.03935 0.00001 ( 1)
  89 R   0.96647 0.00000 0.03353 0.00000 ( 1)
  90 I   0.97042 0.00028 0.02929 0.00001 ( 1)
  91 Q   0.96137 0.00001 0.03861 0.00000 ( 1)
  92 F   0.97059 0.00000 0.02941 0.00000 ( 1)
  93 N   0.96965 0.00005 0.03030 0.00000 ( 1)
  94 A   0.43934 0.52988 0.01243 0.01835 ( 2)
  95 R   0.96783 0.00015 0.03201 0.00001 ( 1)
  96 T   0.96185 0.00042 0.03771 0.00002 ( 1)
  97 S   0.96225 0.00000 0.03775 0.00000 ( 1)
  98 A   0.96923 0.00073 0.03001 0.00003 ( 1)
  99 L   0.96451 0.00007 0.03542 0.00000 ( 1)
 100 T   0.94673 0.02330 0.02911 0.00087 ( 1)
 101 T   0.96756 0.00043 0.03199 0.00002 ( 1)
 102 A   0.96695 0.00157 0.03141 0.00006 ( 1)
 103 I   0.97010 0.00003 0.02988 0.00000 ( 1)
 104 P   0.97129 0.00005 0.02867 0.00000 ( 1)
 105 L   0.94279 0.02846 0.02773 0.00103 ( 1)
 106 F   0.91900 0.05136 0.02776 0.00188 ( 1)
 107 A   0.93618 0.03169 0.03090 0.00123 ( 1)
 108 V   0.96865 0.00000 0.03135 0.00000 ( 1)
 109 Q   0.94643 0.02134 0.03140 0.00083 ( 1)
 110 N   0.93207 0.03803 0.02850 0.00140 ( 1)
 111 Y   0.97059 0.00000 0.02941 0.00000 ( 1)
 112 Q   0.96955 0.00000 0.03045 0.00000 ( 1)
 113 V   0.95985 0.00001 0.04014 0.00000 ( 1)
 114 P   0.96681 0.00008 0.03311 0.00000 ( 1)
 115 L   0.96873 0.00001 0.03126 0.00000 ( 1)
 116 L   0.96458 0.00000 0.03541 0.00000 ( 1)
 117 S   0.95834 0.00004 0.04162 0.00000 ( 1)
 118 V   0.95892 0.00000 0.04108 0.00000 ( 1)
 119 Y   0.96824 0.00000 0.03176 0.00000 ( 1)
 120 V   0.97012 0.00000 0.02988 0.00000 ( 1)
 121 Q   0.96477 0.00004 0.03520 0.00000 ( 1)
 122 A   0.96034 0.00000 0.03966 0.00000 ( 1)
 123 A   0.96017 0.00017 0.03965 0.00001 ( 1)
 124 N   0.97157 0.00000 0.02843 0.00000 ( 1)
 125 L   0.95976 0.00007 0.04017 0.00000 ( 1)
 126 M   0.96938 0.00002 0.03060 0.00000 ( 1)
 127 F   0.96313 0.00145 0.03536 0.00006 ( 1)
 128 S   0.96397 0.00001 0.03603 0.00000 ( 1)
 129 T   0.38462 0.57743 0.01415 0.02379 ( 2)
 130 -   0.95855 0.00602 0.03518 0.00025 ( 1)
 131 -   0.96752 0.00000 0.03248 0.00000 ( 1)
 132 -   0.96825 0.00000 0.03175 0.00000 ( 1)
 133 -   0.96994 0.00001 0.03004 0.00000 ( 1)
 134 -   0.01194 0.95303 0.00037 0.03466 ( 2)
 135 -   0.00893 0.94829 0.00037 0.04240 ( 2)
 136 -   0.97058 0.00001 0.02941 0.00000 ( 1)
 137 -   0.96011 0.00000 0.03988 0.00000 ( 1)
 138 -   0.95787 0.00170 0.04035 0.00008 ( 1)
 139 -   0.94705 0.02241 0.02970 0.00084 ( 1)
 140 -   0.86989 0.08896 0.03704 0.00411 ( 1)
 141 -   0.96287 0.00000 0.03713 0.00000 ( 1)
 142 -   0.94346 0.01412 0.04176 0.00067 ( 1)
 143 -   0.97173 0.00015 0.02811 0.00001 ( 1)
 144 -   0.81493 0.13813 0.03986 0.00708 ( 1)
 145 -   0.05297 0.91332 0.00156 0.03215 ( 2)
 146 -   0.01030 0.95598 0.00030 0.03341 ( 2)
 147 -   0.96941 0.00000 0.03059 0.00000 ( 1)
 148 -   0.86630 0.10304 0.02681 0.00384 ( 1)
 149 -   0.97158 0.00000 0.02842 0.00000 ( 1)
 150 -   0.97129 0.00028 0.02842 0.00001 ( 1)
 151 -   0.85972 0.10915 0.02705 0.00408 ( 1)
 152 -   0.96823 0.00000 0.03176 0.00000 ( 1)
 153 -   0.97088 0.00056 0.02854 0.00002 ( 1)
 154 -   0.95608 0.01136 0.03211 0.00045 ( 1)
 155 -   0.96458 0.00000 0.03541 0.00000 ( 1)
 156 -   0.96990 0.00003 0.03006 0.00000 ( 1)
 157 -   0.21400 0.75420 0.00600 0.02581 ( 2)
 158 -   0.65205 0.31554 0.02062 0.01179 ( 1)
 159 -   0.97075 0.00000 0.02925 0.00000 ( 1)
 160 -   0.01104 0.95486 0.00033 0.03377 ( 2)
 161 -   0.00000 0.96430 0.00000 0.03570 ( 2)
 162 -   0.96824 0.00000 0.03176 0.00000 ( 1)
 163 -   0.95999 0.00001 0.04000 0.00000 ( 1)
 164 -   0.87538 0.00001 0.12461 0.00000 ( 1)
 165 -   0.96940 0.00000 0.03060 0.00000 ( 1)
 166 -   0.96774 0.00007 0.03219 0.00000 ( 1)
 167 -   0.95994 0.00068 0.03935 0.00003 ( 1)
 168 -   0.00978 0.95052 0.00037 0.03933 ( 2)
 169 -   0.00096 0.96364 0.00003 0.03537 ( 2)
 170 -   0.95788 0.00006 0.04206 0.00000 ( 1)
 171 -   0.97158 0.00000 0.02842 0.00000 ( 1)
 172 -   0.00442 0.95788 0.00015 0.03754 ( 2)
 173 -   0.96730 0.00000 0.03270 0.00000 ( 1)
 174 -   0.96458 0.00000 0.03541 0.00000 ( 1)
 175 -   0.01117 0.95464 0.00033 0.03385 ( 2)
 176 -   0.79359 0.16781 0.03127 0.00733 ( 1)
 177 -   0.96312 0.00146 0.03536 0.00006 ( 1)
 178 -   0.00105 0.96326 0.00003 0.03565 ( 2)
 179 -   0.96952 0.00008 0.03039 0.00000 ( 1)
 180 -   0.00001 0.96575 0.00000 0.03424 ( 2)
 181 -   0.00000 0.96731 0.00000 0.03269 ( 2)
 182 -   0.00068 0.96511 0.00002 0.03419 ( 2)
 183 -   0.55459 0.39847 0.02681 0.02013 ( 1)
 184 -   0.81284 0.14826 0.03237 0.00653 ( 1)
 185 -   0.89122 0.07327 0.03248 0.00303 ( 1)
 186 -   0.95605 0.00292 0.04090 0.00014 ( 1)
 187 -   0.45088 0.17377 0.35629 0.01906 ( 1)
 188 -   0.94734 0.02012 0.03176 0.00079 ( 1)
 189 -   0.96121 0.00000 0.03879 0.00000 ( 1)
 190 -   0.93626 0.03515 0.02733 0.00126 ( 1)
 191 -   0.00181 0.95638 0.00007 0.04173 ( 2)
 192 -   0.97058 0.00000 0.02942 0.00000 ( 1)
 193 -   0.96139 0.00004 0.03857 0.00000 ( 1)
 194 -   0.96753 0.00000 0.03247 0.00000 ( 1)
 195 -   0.91265 0.00068 0.08662 0.00004 ( 1)
 196 -   0.96215 0.00243 0.03532 0.00010 ( 1)
 197 -   0.96799 0.00000 0.03201 0.00000 ( 1)
 198 -   0.50906 0.00164 0.48897 0.00033 ( 1)
 199 -   0.96930 0.00003 0.03066 0.00000 ( 1)
 200 -   0.96875 0.00000 0.03125 0.00000 ( 1)
 201 -   0.96458 0.00000 0.03541 0.00000 ( 1)
 202 -   0.97188 0.00000 0.02812 0.00000 ( 1)
 203 -   0.95986 0.00000 0.04014 0.00000 ( 1)
 204 -   0.97012 0.00000 0.02988 0.00000 ( 1)
 205 -   0.96996 0.00001 0.03003 0.00000 ( 1)
 206 -   0.96861 0.00013 0.03125 0.00000 ( 1)
 207 -   0.97058 0.00000 0.02942 0.00000 ( 1)
 208 -   0.81493 0.13813 0.03986 0.00708 ( 1)
 209 -   0.86179 0.09672 0.03699 0.00450 ( 1)
 210 -   0.96174 0.00000 0.03826 0.00000 ( 1)

