Supplemental results for CODEML (seqf: algn  treef: tree)


dN/dS (w) for site classes (K=4)

site class             0        1       2a       2b
proportion       0.40031  0.50600  0.04138  0.05231
background w     0.04330  0.44159  0.04330  0.44159
foreground w     0.04330  0.44159 16.28422 16.28422

Naive Empirical Bayes (NEB) probabilities for 4 classes
(amino acids refer to 1st sequence: BT_Cry68Aa1)

   1 P   0.13715 0.85061 0.00123 0.01101 ( 2)
   2 V   0.27500 0.71159 0.00294 0.01047 ( 2)
   3 V   0.48116 0.51160 0.00287 0.00437 ( 2)
   4 S   0.01107 0.52973 0.07755 0.38165 ( 2)
   5 Q   0.37422 0.61573 0.00350 0.00654 ( 2)
   6 L   0.83181 0.14522 0.01920 0.00377 ( 1)
   7 S   0.98990 0.00407 0.00600 0.00003 ( 1)
   8 R   0.87303 0.11621 0.00941 0.00135 ( 1)
   9 V   0.07735 0.47092 0.31359 0.13814 ( 2)
  10 I   0.98118 0.01054 0.00815 0.00012 ( 1)
  11 Y   0.97831 0.01590 0.00568 0.00011 ( 1)
  12 T   0.95237 0.03705 0.01008 0.00050 ( 1)
  13 D   0.96791 0.01390 0.01790 0.00029 ( 1)
  14 P   0.93023 0.06128 0.00789 0.00060 ( 1)
  15 V   0.88587 0.10531 0.00748 0.00134 ( 1)
  16 G   0.98633 0.00811 0.00550 0.00006 ( 1)
  17 A   0.33806 0.65570 0.00179 0.00444 ( 2)
  18 I   0.23120 0.75923 0.00185 0.00772 ( 2)
  19 R   0.03580 0.95131 0.00026 0.01263 ( 2)
  20 T   0.01844 0.97581 0.00009 0.00566 ( 2)
  21 D   0.00615 0.78221 0.01591 0.19573 ( 2)
  22 G   0.00033 0.53954 0.00318 0.45695 ( 2)
  23 -   0.40031 0.50600 0.04138 0.05231 ( 2)
  24 -   0.01466 0.96470 0.00029 0.02035 ( 2)
  25 -   0.00007 0.28699 0.01010 0.70285 ( 4)
  26 -   0.01056 0.86391 0.00165 0.12388 ( 2)
  27 R   0.00012 0.25105 0.00381 0.74502 ( 4)
  28 G   0.14698 0.82443 0.00362 0.02497 ( 2)
  29 W   0.71087 0.26507 0.01734 0.00672 ( 1)
  30 F   0.98549 0.00923 0.00522 0.00006 ( 1)
  31 D   0.00036 0.63364 0.01788 0.34812 ( 2)
  32 P   0.69448 0.21183 0.07179 0.02190 ( 1)
  33 P   0.01405 0.89226 0.00145 0.09224 ( 2)
  34 V   0.46944 0.43687 0.04853 0.04516 ( 1)
  35 G   0.00000 0.00512 0.01829 0.97659 ( 4)
  36 T   0.00014 0.89675 0.00022 0.10289 ( 2)
  37 D   0.92992 0.06268 0.00672 0.00068 ( 1)
  38 R   0.41115 0.49516 0.04250 0.05119 ( 2)
  39 I   0.43417 0.47214 0.04488 0.04881 ( 2)
  40 R   0.00053 0.88862 0.00362 0.10722 ( 2)
  41 V   0.91284 0.07922 0.00706 0.00088 ( 1)
  42 N   0.48943 0.50161 0.00354 0.00542 ( 2)
  43 F   0.97520 0.01905 0.00561 0.00015 ( 1)
  44 A   0.00466 0.98276 0.00005 0.01253 ( 2)
  45 S   0.00131 0.97507 0.00003 0.02360 ( 2)
  46 I   0.65780 0.33106 0.00715 0.00398 ( 1)
  47 E   0.97733 0.01628 0.00626 0.00013 ( 1)
  48 N   0.88752 0.09811 0.01311 0.00127 ( 1)
  49 E   0.02472 0.94112 0.00080 0.03336 ( 2)
  50 I   0.97942 0.01208 0.00836 0.00013 ( 1)
  51 P   0.96828 0.02595 0.00559 0.00018 ( 1)
  52 A   0.00176 0.85189 0.00054 0.14581 ( 2)
  53 P   0.22532 0.04374 0.71654 0.01441 ( 3)
  54 T   0.00217 0.56282 0.07688 0.35814 ( 2)
  55 T   0.01546 0.96923 0.00024 0.01507 ( 2)
  56 S   0.00148 0.00560 0.96236 0.03056 ( 3)
  57 R   0.02238 0.93940 0.00085 0.03737 ( 2)
  58 H   0.23444 0.75682 0.00160 0.00714 ( 2)
  59 L   0.82676 0.14850 0.02089 0.00385 ( 1)
  60 S   0.02133 0.95669 0.00026 0.02171 ( 2)
  61 E   0.06390 0.91587 0.00076 0.01946 ( 2)
  62 L   0.02167 0.88508 0.01668 0.07657 ( 2)
  63 T   0.00001 0.77601 0.00006 0.22392 ( 2)
  64 I   0.84132 0.14977 0.00721 0.00170 ( 1)
  65 S   0.18859 0.58682 0.18286 0.04173 ( 2)
  66 S   0.01476 0.95172 0.00042 0.03310 ( 2)
  67 G   0.96431 0.02866 0.00671 0.00031 ( 1)
  68 P   0.03116 0.93885 0.00092 0.02907 ( 2)
  69 L   0.97987 0.01488 0.00515 0.00010 ( 1)
  70 G   0.00331 0.71228 0.06518 0.21923 ( 2)
  71 F   0.09739 0.89016 0.00111 0.01134 ( 2)
  72 G   0.10918 0.88352 0.00064 0.00666 ( 2)
  73 I   0.31526 0.66840 0.00357 0.01276 ( 2)
  74 N   0.04703 0.92205 0.00151 0.02941 ( 2)
  75 P   0.96153 0.03226 0.00596 0.00025 ( 1)
  76 S   0.00006 0.98753 0.00000 0.01241 ( 2)
  77 -   0.14373 0.72706 0.02310 0.10611 ( 2)
  78 -   0.25069 0.74080 0.00170 0.00681 ( 2)
  79 R   0.96234 0.03091 0.00649 0.00026 ( 1)
  80 T   0.66653 0.32366 0.00609 0.00372 ( 1)
  81 H   0.04098 0.90415 0.00269 0.05217 ( 2)
  82 S   0.00961 0.96677 0.00021 0.02341 ( 2)
  83 W   0.71087 0.26507 0.01734 0.00672 ( 1)
  84 Q   0.11287 0.87958 0.00066 0.00689 ( 2)
  85 G   0.93409 0.05883 0.00650 0.00058 ( 1)
  86 N   0.92404 0.06792 0.00707 0.00097 ( 1)
  87 R   0.00261 0.97968 0.00006 0.01765 ( 2)
  88 N   0.93500 0.05714 0.00708 0.00078 ( 1)
  89 V   0.01283 0.80002 0.00075 0.18640 ( 2)
  90 N   0.29877 0.68884 0.00360 0.00879 ( 2)
  91 I   0.00072 0.90559 0.00007 0.09362 ( 2)
  92 S   0.00018 0.96621 0.00000 0.03361 ( 2)
  93 A   0.21330 0.77168 0.00326 0.01176 ( 2)
  94 P   0.00218 0.90590 0.00287 0.08904 ( 2)
  95 T   0.00093 0.97401 0.00007 0.02498 ( 2)
  96 D   0.22757 0.76300 0.00199 0.00744 ( 2)
  97 V   0.00363 0.96787 0.00013 0.02837 ( 2)
  98 -   0.46194 0.44437 0.04775 0.04594 ( 1)
  99 -   0.07619 0.83012 0.00788 0.08581 ( 2)
 100 -   0.43200 0.47431 0.04466 0.04903 ( 2)
 101 -   0.41577 0.49054 0.04298 0.05071 ( 2)
 102 -   0.43667 0.46964 0.04514 0.04855 ( 2)
 103 S   0.30752 0.67268 0.00632 0.01347 ( 2)
 104 G   0.85387 0.12510 0.01823 0.00280 ( 1)
 105 V   0.00093 0.98723 0.00001 0.01183 ( 2)
 106 I   0.00174 0.89466 0.00251 0.10109 ( 2)
 107 S   0.68976 0.29829 0.00773 0.00423 ( 1)
 108 N   0.04230 0.94642 0.00031 0.01097 ( 2)
 109 R   0.00013 0.98665 0.00000 0.01322 ( 2)
 110 T   0.00090 0.92589 0.00050 0.07270 ( 2)
 111 Q   0.06068 0.92968 0.00053 0.00911 ( 2)
 112 T   0.07171 0.02211 0.88102 0.02516 ( 3)
 113 I   0.92028 0.07122 0.00763 0.00086 ( 1)
 114 P   0.00763 0.85118 0.01365 0.12754 ( 2)
 115 A   0.80168 0.19194 0.00482 0.00157 ( 1)
 116 R   0.03370 0.94080 0.00089 0.02461 ( 2)
 117 N   0.34776 0.35254 0.27775 0.02196 ( 2)
 118 I   0.97933 0.00910 0.01143 0.00014 ( 1)
 119 F   0.95814 0.03388 0.00751 0.00047 ( 1)
 120 R   0.97487 0.01843 0.00655 0.00015 ( 1)
 121 V   0.12466 0.85962 0.00162 0.01409 ( 2)
 122 N   0.62221 0.37087 0.00374 0.00319 ( 1)
 123 S   0.89980 0.07404 0.02401 0.00215 ( 1)
 124 R   0.01550 0.97273 0.00016 0.01161 ( 2)
 125 V   0.91613 0.07591 0.00711 0.00084 ( 1)
 126 Y   0.00332 0.96921 0.00006 0.02741 ( 2)
 127 T   0.89059 0.10186 0.00643 0.00112 ( 1)
 128 L   0.90201 0.08526 0.01153 0.00121 ( 1)
 129 D   0.94891 0.04370 0.00691 0.00048 ( 1)
 130 W   0.00010 0.98424 0.00000 0.01566 ( 2)
 131 R   0.40355 0.58447 0.00398 0.00801 ( 2)
 132 L   0.00574 0.97232 0.00012 0.02183 ( 2)
 133 Y   0.29598 0.69374 0.00241 0.00786 ( 2)
 134 G   0.96191 0.03110 0.00673 0.00026 ( 1)
 135 V   0.98196 0.01076 0.00718 0.00011 ( 1)
 136 Y   0.02864 0.95080 0.00035 0.02021 ( 2)
 137 R   0.73984 0.25256 0.00531 0.00228 ( 1)
 138 A   0.98357 0.00872 0.00762 0.00009 ( 1)
 139 E   0.30184 0.68998 0.00194 0.00623 ( 2)
 140 F   0.98549 0.00923 0.00522 0.00006 ( 1)
 141 F   0.17802 0.53170 0.21391 0.07636 ( 2)
 142 Q   0.77719 0.21776 0.00374 0.00131 ( 1)
 143 D   0.00239 0.93425 0.00202 0.06134 ( 2)
 144 A   0.37292 0.61747 0.00289 0.00673 ( 2)
 145 S   0.92935 0.06446 0.00563 0.00056 ( 1)
 146 Q   0.54384 0.44700 0.00475 0.00441 ( 1)
 147 N   0.01810 0.94263 0.00071 0.03855 ( 2)
 148 S   0.93654 0.03328 0.02888 0.00130 ( 1)
 149 Q   0.05604 0.59741 0.17764 0.16891 ( 2)
 150 I   0.00001 0.99146 0.00000 0.00852 ( 2)
 151 R   0.00471 0.98192 0.00005 0.01332 ( 2)
 152 V   0.73610 0.25081 0.00897 0.00412 ( 1)
 153 F   0.50070 0.49252 0.00302 0.00375 ( 1)
 154 A   0.00015 0.98334 0.00000 0.01650 ( 2)
 155 E   0.01236 0.97908 0.00009 0.00847 ( 2)
 156 N   0.03607 0.95668 0.00019 0.00706 ( 2)
 157 P   0.05234 0.91723 0.00129 0.02914 ( 2)
 158 P   0.00259 0.91355 0.00029 0.08357 ( 2)
 159 T   0.69588 0.29278 0.00735 0.00399 ( 1)
 160 G   0.07877 0.88179 0.01063 0.02881 ( 2)
 161 A   0.00857 0.97921 0.00009 0.01213 ( 2)
 162 -   0.00143 0.52750 0.01417 0.45689 ( 2)
 163 -   0.04082 0.91234 0.00195 0.04489 ( 2)
 164 G   0.02471 0.94951 0.00063 0.02515 ( 2)
 165 A   0.02165 0.93602 0.00656 0.03578 ( 2)
 166 Q   0.00010 0.97726 0.00000 0.02265 ( 2)
 167 S   0.00027 0.96030 0.00004 0.03939 ( 2)
 168 A   0.00000 0.00470 0.00749 0.98781 ( 4)
 169 N   0.98523 0.00756 0.00713 0.00008 ( 1)
 170 N   0.00058 0.11156 0.22130 0.66656 ( 4)
 171 F   0.00014 0.98606 0.00000 0.01380 ( 2)
 172 R   0.48231 0.49428 0.01077 0.01265 ( 2)
 173 F   0.87966 0.11473 0.00470 0.00090 ( 1)
 174 L   0.00467 0.57179 0.03043 0.39310 ( 2)
 175 P   0.92070 0.05272 0.02508 0.00150 ( 1)
 176 G   0.96191 0.03110 0.00673 0.00026 ( 1)
 177 E   0.97733 0.01628 0.00626 0.00013 ( 1)
 178 N   0.54939 0.44189 0.00397 0.00475 ( 1)
 179 S   0.83658 0.15048 0.01070 0.00225 ( 1)
 180 D   0.00004 0.78834 0.00010 0.21152 ( 2)
 181 T   0.76644 0.22400 0.00689 0.00267 ( 1)
 182 P   0.95210 0.03944 0.00807 0.00038 ( 1)
 183 T   0.95522 0.01651 0.02769 0.00059 ( 1)
 184 P   0.92376 0.06774 0.00784 0.00066 ( 1)
 185 Q   0.01001 0.97990 0.00009 0.01000 ( 2)
 186 D   0.98350 0.01007 0.00634 0.00009 ( 1)
 187 Y   0.97831 0.01590 0.00568 0.00011 ( 1)
 188 T   0.98067 0.00998 0.00921 0.00014 ( 1)
 189 H   0.97386 0.02131 0.00471 0.00013 ( 1)
 190 L   0.02584 0.96159 0.00022 0.01235 ( 2)
 191 L   0.89237 0.09683 0.00965 0.00115 ( 1)
 192 S   0.98234 0.01133 0.00622 0.00011 ( 1)
 193 R   0.00070 0.08499 0.55428 0.36004 ( 3)
 194 V   0.00208 0.89960 0.00194 0.09639 ( 2)
 195 V   0.00316 0.96748 0.00008 0.02928 ( 2)
 196 N   0.98815 0.00467 0.00714 0.00005 ( 1)
 197 A   0.00106 0.74813 0.00305 0.24775 ( 2)
 198 T   0.08310 0.02136 0.87669 0.01886 ( 3)
 199 V   0.67317 0.31941 0.00472 0.00270 ( 1)
 200 G   0.96283 0.03016 0.00677 0.00025 ( 1)
 201 L   0.97987 0.01488 0.00515 0.00010 ( 1)
 202 T   0.03511 0.94732 0.00059 0.01698 ( 2)
 203 P   0.46301 0.52776 0.00404 0.00518 ( 2)
 204 A   0.09402 0.36311 0.39596 0.14692 ( 3)
 205 T   0.01383 0.86722 0.02076 0.09818 ( 2)
 206 G   0.00006 0.92202 0.00007 0.07785 ( 2)
 207 N   0.00191 0.88496 0.00034 0.11278 ( 2)
 208 Q   0.49078 0.50381 0.00238 0.00302 ( 2)
 209 R   0.97656 0.01877 0.00457 0.00010 ( 1)
 210 N   0.03889 0.95276 0.00025 0.00810 ( 2)
 211 S   0.97880 0.01484 0.00625 0.00012 ( 1)
 212 V   0.12437 0.86364 0.00136 0.01062 ( 2)
 213 L   0.50039 0.47028 0.01377 0.01557 ( 1)
 214 I   0.01345 0.89322 0.01086 0.08247 ( 2)
 215 F   0.02623 0.94905 0.00059 0.02413 ( 2)
 216 G   0.98633 0.00811 0.00550 0.00006 ( 1)
 217 W   0.71087 0.26507 0.01734 0.00672 ( 1)
 218 K   0.79476 0.19424 0.00839 0.00261 ( 1)
 219 H   0.98431 0.01089 0.00474 0.00007 ( 1)
 220 K   0.41093 0.10441 0.47493 0.00973 ( 3)


lnL = -3285.189449

