Supplemental results for CODEML (seqf: algn  treef: tree)


dN/dS (w) for site classes (K=4)

site class             0        1       2a       2b
proportion       0.58243  0.36827  0.03020  0.01910
background w     0.13725  1.60602  0.13725  1.60602
foreground w     0.13725  1.60602 10.20175 10.20175

Naive Empirical Bayes (NEB) probabilities for 4 classes
(amino acids refer to 1st sequence: BT_Cry30Aa1)

   1 -   0.98687 0.01297 0.00014 0.00002 ( 1)
   2 G   0.98610 0.01314 0.00071 0.00005 ( 1)
   3 L   0.05250 0.84894 0.06148 0.03708 ( 2)
   4 V   0.01587 0.98032 0.00053 0.00328 ( 2)
   5 L   0.91524 0.08230 0.00232 0.00014 ( 1)
   6 K   0.00000 0.98133 0.00000 0.01867 ( 2)
   7 S   0.15270 0.80321 0.02993 0.01416 ( 2)
   8 F   0.99812 0.00187 0.00001 0.00000 ( 1)
   9 S   0.40715 0.59043 0.00129 0.00113 ( 2)
  10 T   0.13856 0.83986 0.01650 0.00509 ( 2)
  11 I   0.98476 0.01521 0.00002 0.00001 ( 1)
  12 I   0.96313 0.03683 0.00002 0.00002 ( 1)
  13 P   0.98996 0.01002 0.00002 0.00000 ( 1)
  14 I   0.01181 0.98446 0.00046 0.00326 ( 2)
  15 L   0.99423 0.00576 0.00002 0.00000 ( 1)
  16 W   0.85810 0.14106 0.00064 0.00021 ( 1)
  17 P   0.99559 0.00440 0.00001 0.00000 ( 1)
  18 N   0.00130 0.44070 0.46983 0.08817 ( 3)
  19 D   0.10388 0.89542 0.00011 0.00059 ( 2)
  20 K   0.00282 0.99508 0.00000 0.00209 ( 2)
  21 T   0.78890 0.20254 0.00680 0.00176 ( 1)
  22 P   0.02104 0.97669 0.00007 0.00220 ( 2)
  23 I   0.98846 0.00986 0.00165 0.00002 ( 1)
  24 W   0.85810 0.14106 0.00064 0.00021 ( 1)
  25 K   0.01971 0.97609 0.00007 0.00413 ( 2)
  26 E   0.91788 0.08197 0.00009 0.00006 ( 1)
  27 F   0.98576 0.01422 0.00002 0.00000 ( 1)
  28 T   0.98668 0.01330 0.00001 0.00000 ( 1)
  29 K   0.38173 0.61553 0.00234 0.00041 ( 2)
  30 Q   0.27884 0.72070 0.00028 0.00019 ( 2)
  31 G   0.98992 0.00913 0.00092 0.00003 ( 1)
  32 L   0.95736 0.04253 0.00009 0.00002 ( 1)
  33 Q   0.02495 0.43204 0.51269 0.03032 ( 3)
  34 L   0.99423 0.00576 0.00002 0.00000 ( 1)
  35 F   0.96762 0.03174 0.00061 0.00002 ( 1)
  36 R   0.99937 0.00062 0.00000 0.00000 ( 1)
  37 P   0.94581 0.05415 0.00003 0.00001 ( 1)
  38 E   0.99690 0.00306 0.00004 0.00000 ( 1)
  39 L   0.98748 0.01236 0.00015 0.00001 ( 1)
  40 G   0.31951 0.66949 0.00963 0.00138 ( 2)
  41 R   0.00217 0.99656 0.00003 0.00124 ( 2)
  42 D   0.00977 0.24346 0.73639 0.01037 ( 3)
  43 A   0.98306 0.01669 0.00025 0.00001 ( 1)
  44 I   0.99916 0.00082 0.00002 0.00000 ( 1)
  45 E   0.99925 0.00073 0.00001 0.00000 ( 1)
  46 I   0.99752 0.00239 0.00008 0.00000 ( 1)
  47 I   0.98562 0.01435 0.00002 0.00001 ( 1)
  48 G   0.01360 0.97626 0.00230 0.00784 ( 2)
  49 N   0.03416 0.84040 0.06026 0.06519 ( 2)
  50 D   0.02659 0.95444 0.00932 0.00966 ( 2)
  51 V   0.85424 0.06358 0.08063 0.00156 ( 1)
  52 Q   0.28611 0.71287 0.00031 0.00071 ( 2)
  53 A   0.00022 0.99907 0.00000 0.00071 ( 2)
  54 E   0.00009 0.98698 0.00054 0.01239 ( 2)
  55 Y   0.46167 0.53748 0.00022 0.00063 ( 2)
  56 N   0.99944 0.00054 0.00001 0.00000 ( 1)
  57 S   0.17905 0.82080 0.00000 0.00015 ( 2)
  58 L   0.99132 0.00863 0.00004 0.00000 ( 1)
  59 E   0.29837 0.54367 0.12683 0.03113 ( 2)
  60 I   0.00008 0.99929 0.00000 0.00062 ( 2)
  61 M   0.00001 0.98953 0.00000 0.01046 ( 2)
  62 M   0.90384 0.08057 0.01519 0.00040 ( 1)
  63 R   0.00001 0.98564 0.00000 0.01435 ( 2)
  64 D   0.87462 0.12512 0.00012 0.00014 ( 1)
  65 F   0.99812 0.00187 0.00001 0.00000 ( 1)
  66 E   0.98141 0.01851 0.00007 0.00001 ( 1)
  67 N   0.00000 0.93007 0.00001 0.06992 ( 2)
  68 K   0.00030 0.99828 0.00000 0.00142 ( 2)
  69 F   0.99812 0.00187 0.00001 0.00000 ( 1)
  70 A   0.70226 0.29767 0.00001 0.00006 ( 1)
  71 N   0.00007 0.99113 0.00001 0.00879 ( 2)
  72 W   0.85810 0.14106 0.00064 0.00021 ( 1)
  73 E   0.00020 0.91330 0.00157 0.08494 ( 2)
  74 S   0.00000 0.34327 0.00000 0.65673 ( 4)
  75 N   0.00060 0.70732 0.06352 0.22856 ( 2)
  76 R   0.99313 0.00668 0.00019 0.00000 ( 1)
  77 T   0.21798 0.77334 0.00619 0.00249 ( 2)
  78 R   0.00071 0.86262 0.05011 0.08656 ( 2)
  79 A   0.60319 0.39667 0.00002 0.00012 ( 1)
  80 N   0.28547 0.69738 0.01416 0.00299 ( 2)
  81 A   0.98589 0.01392 0.00019 0.00000 ( 1)
  82 I   0.00021 0.84825 0.00232 0.14922 ( 2)
  83 A   0.00078 0.99901 0.00000 0.00022 ( 2)
  84 V   0.02654 0.97041 0.00011 0.00294 ( 2)
  85 T   0.00824 0.97890 0.00352 0.00934 ( 2)
  86 T   0.00016 0.96024 0.00056 0.03905 ( 2)
  87 A   0.00414 0.99557 0.00001 0.00027 ( 2)
  88 F   0.97623 0.02275 0.00099 0.00003 ( 1)
  89 S   0.00000 0.98778 0.00000 0.01222 ( 2)
  90 T   0.00000 0.92110 0.00010 0.07880 ( 2)
  91 V   0.97252 0.02705 0.00041 0.00001 ( 1)
  92 N   0.00018 0.99324 0.00004 0.00654 ( 2)
  93 T   0.00109 0.99395 0.00008 0.00488 ( 2)
  94 Q   0.00021 0.78090 0.03292 0.18597 ( 2)
  95 I   0.96530 0.03465 0.00003 0.00001 ( 1)
  96 I   0.98764 0.01231 0.00005 0.00001 ( 1)
  97 R   0.00000 0.06371 0.00001 0.93628 ( 4)
  98 L   0.99286 0.00712 0.00002 0.00000 ( 1)
  99 K   0.98965 0.01032 0.00002 0.00000 ( 1)
 100 E   0.00335 0.98864 0.00015 0.00785 ( 2)
 101 R   0.00124 0.99832 0.00000 0.00044 ( 2)
 102 F   0.27546 0.72384 0.00027 0.00043 ( 2)
 103 L   0.00224 0.99296 0.00092 0.00387 ( 2)
 104 I   0.99127 0.00851 0.00022 0.00000 ( 1)
 105 A   0.00240 0.96502 0.00422 0.02836 ( 2)
 106 P   0.00123 0.96790 0.00740 0.02347 ( 2)
 107 E   0.00004 0.07697 0.75902 0.16397 ( 3)
 108 N   0.99944 0.00054 0.00001 0.00000 ( 1)
 109 R   0.78507 0.21464 0.00006 0.00023 ( 1)
 110 P   0.94669 0.05325 0.00005 0.00001 ( 1)
 111 A   0.99856 0.00143 0.00001 0.00000 ( 1)
 112 F   0.69894 0.25382 0.04594 0.00130 ( 1)
 113 L   0.79693 0.20077 0.00128 0.00102 ( 1)
 114 N   0.90094 0.09896 0.00008 0.00002 ( 1)
 115 L   0.90698 0.09245 0.00046 0.00011 ( 1)
 116 Y   0.99579 0.00419 0.00002 0.00000 ( 1)
 117 A   0.99862 0.00137 0.00001 0.00000 ( 1)
 118 Q   0.99611 0.00388 0.00001 0.00000 ( 1)
 119 T   0.99732 0.00264 0.00004 0.00000 ( 1)
 120 A   0.98160 0.01837 0.00003 0.00000 ( 1)
 121 N   0.99944 0.00054 0.00001 0.00000 ( 1)
 122 I   0.96859 0.03137 0.00003 0.00001 ( 1)
 123 D   0.99935 0.00064 0.00001 0.00000 ( 1)
 124 L   0.95736 0.04253 0.00009 0.00002 ( 1)
 125 I   0.99818 0.00177 0.00005 0.00000 ( 1)
 126 L   0.99206 0.00789 0.00004 0.00000 ( 1)
 127 Y   0.87864 0.10888 0.01190 0.00059 ( 1)
 128 Q   0.99611 0.00388 0.00001 0.00000 ( 1)
 129 R   0.99937 0.00062 0.00000 0.00000 ( 1)
 130 G   0.90644 0.09279 0.00060 0.00017 ( 1)
 131 S   0.08760 0.90586 0.00190 0.00464 ( 2)
 132 V   0.03909 0.96001 0.00017 0.00074 ( 2)
 133 Y   0.95294 0.04703 0.00002 0.00001 ( 1)
 134 G   0.96431 0.03567 0.00002 0.00001 ( 1)
 135 D   0.99935 0.00064 0.00001 0.00000 ( 1)
 136 K   0.30355 0.69626 0.00000 0.00019 ( 2)
 137 W   0.85810 0.14106 0.00064 0.00021 ( 1)
 138 V   0.00737 0.99053 0.00004 0.00206 ( 2)
 139 A   0.00801 0.98730 0.00008 0.00461 ( 2)
 140 D   0.60651 0.36918 0.02005 0.00425 ( 1)
 141 I   0.85341 0.12834 0.01800 0.00025 ( 1)
 142 N   0.07648 0.05848 0.85520 0.00984 ( 3)
 143 N   0.01140 0.98823 0.00000 0.00037 ( 2)
 144 R   0.35780 0.59291 0.01855 0.03074 ( 2)
 145 S   0.17237 0.77198 0.05216 0.00349 ( 2)
 146 T   0.06607 0.73362 0.16036 0.03995 ( 2)
 147 S   0.59232 0.39142 0.01538 0.00089 ( 1)
 148 P   0.94417 0.05571 0.00009 0.00003 ( 1)
 149 F   0.97307 0.02691 0.00001 0.00000 ( 1)
 150 -   0.00031 0.99790 0.00000 0.00179 ( 2)
 151 S   0.39307 0.58693 0.01397 0.00602 ( 2)
 152 S   0.98619 0.01375 0.00005 0.00000 ( 1)
 153 K   0.02295 0.84747 0.10671 0.02287 ( 2)
 154 D   0.10583 0.89390 0.00002 0.00025 ( 2)
 155 Y   0.95051 0.04946 0.00002 0.00001 ( 1)
 156 Y   0.99579 0.00419 0.00002 0.00000 ( 1)
 157 Q   0.00000 0.06562 0.00087 0.93351 ( 4)
 158 S   0.44510 0.55412 0.00008 0.00070 ( 2)
 159 L   0.99206 0.00789 0.00004 0.00000 ( 1)
 160 K   0.03138 0.94749 0.00493 0.01621 ( 2)
 161 G   0.00001 0.99254 0.00000 0.00746 ( 2)
 162 K   0.99927 0.00071 0.00002 0.00000 ( 1)
 163 I   0.99916 0.00082 0.00002 0.00000 ( 1)
 164 K   0.10956 0.84755 0.03651 0.00638 ( 2)
 165 D   0.00007 0.96253 0.00281 0.03459 ( 2)
 166 Y   0.99579 0.00419 0.00002 0.00000 ( 1)
 167 T   0.99765 0.00233 0.00002 0.00000 ( 1)
 168 N   0.99944 0.00054 0.00001 0.00000 ( 1)
 169 Y   0.96608 0.03374 0.00017 0.00001 ( 1)
 170 C   0.46556 0.52249 0.01122 0.00073 ( 2)
 171 A   0.99862 0.00137 0.00001 0.00000 ( 1)
 172 E   0.65522 0.09604 0.24515 0.00359 ( 1)
 173 T   0.99904 0.00095 0.00001 0.00000 ( 1)
 174 Y   0.99579 0.00419 0.00002 0.00000 ( 1)
 175 R   0.99937 0.00062 0.00000 0.00000 ( 1)
 176 N   0.99191 0.00802 0.00007 0.00000 ( 1)
 177 S   0.98256 0.01707 0.00036 0.00001 ( 1)
 178 L   0.99206 0.00789 0.00004 0.00000 ( 1)
 179 T   0.78010 0.21981 0.00002 0.00007 ( 1)
 180 I   0.98528 0.01291 0.00177 0.00003 ( 1)
 181 L   0.43120 0.55576 0.01020 0.00283 ( 2)
 182 K   0.99927 0.00071 0.00002 0.00000 ( 1)
 183 N   0.99655 0.00344 0.00002 0.00000 ( 1)
 184 K   0.36314 0.62238 0.01193 0.00255 ( 2)
 185 P   0.03192 0.96642 0.00006 0.00160 ( 2)
 186 H   0.01209 0.97166 0.00410 0.01216 ( 2)
 187 I   0.94924 0.05037 0.00033 0.00006 ( 1)
 188 Q   0.16866 0.83066 0.00003 0.00066 ( 2)
 189 W   0.85810 0.14106 0.00064 0.00021 ( 1)
 190 D   0.32152 0.67837 0.00000 0.00011 ( 2)
 191 I   0.00028 0.64178 0.16147 0.19646 ( 2)
 192 Y   0.89096 0.09643 0.01209 0.00053 ( 1)
 193 N   0.99944 0.00054 0.00001 0.00000 ( 1)
 194 R   0.00000 0.03620 0.18684 0.77696 ( 4)
 195 Y   0.99579 0.00419 0.00002 0.00000 ( 1)
 196 R   0.98214 0.01784 0.00002 0.00000 ( 1)
 197 R   0.99937 0.00062 0.00000 0.00000 ( 1)
 198 E   0.17603 0.82016 0.00142 0.00239 ( 2)
 199 A   0.01621 0.98313 0.00016 0.00050 ( 2)
 200 I   0.71767 0.28046 0.00132 0.00056 ( 1)
 201 L   0.98869 0.01115 0.00014 0.00001 ( 1)
 202 G   0.90542 0.08421 0.00989 0.00048 ( 1)
 203 A   0.99862 0.00137 0.00001 0.00000 ( 1)
 204 L   0.99206 0.00789 0.00004 0.00000 ( 1)
 205 D   0.99935 0.00064 0.00001 0.00000 ( 1)
 206 L   0.99206 0.00789 0.00004 0.00000 ( 1)
 207 V   0.96151 0.03845 0.00002 0.00001 ( 1)
 208 A   0.99845 0.00153 0.00002 0.00000 ( 1)
 209 L   0.99004 0.00991 0.00005 0.00000 ( 1)
 210 F   0.96779 0.03212 0.00008 0.00001 ( 1)
 211 P   0.93580 0.06315 0.00099 0.00006 ( 1)
 212 N   0.99944 0.00054 0.00001 0.00000 ( 1)


lnL = -3203.399431

