Supplemental results for CODEML (seqf: algn  treef: tree)


dN/dS (w) for site classes (K=4)

site class             0        1       2a       2b
proportion       0.82768  0.13688  0.03041  0.00503
background w     0.10104  1.00000  0.10104  1.00000
foreground w     0.10104  1.00000 999.00000 999.00000

Naive Empirical Bayes (NEB) probabilities for 4 classes
(amino acids refer to 1st sequence: BT_Cry1Ca11)

   1 -   0.24196 0.72261 0.00889 0.02655 ( 2)
   2 -   0.96018 0.00438 0.03527 0.00016 ( 1)
   3 -   0.92181 0.04275 0.03386 0.00157 ( 1)
   4 G   0.91486 0.08435 0.00072 0.00007 ( 1)
   5 Q   0.99884 0.00045 0.00070 0.00000 ( 1)
   6 L   0.99711 0.00189 0.00101 0.00000 ( 1)
   7 T   0.99841 0.00040 0.00118 0.00000 ( 1)
   8 R   0.99713 0.00246 0.00041 0.00000 ( 1)
   9 E   0.99921 0.00009 0.00071 0.00000 ( 1)
  10 V   0.95723 0.04183 0.00090 0.00004 ( 1)
  11 Y   0.99911 0.00008 0.00081 0.00000 ( 1)
  12 T   0.74099 0.25777 0.00092 0.00032 ( 1)
  13 D   0.99918 0.00024 0.00058 0.00000 ( 1)
  14 P   0.99024 0.00880 0.00095 0.00001 ( 1)
  15 L   0.99806 0.00111 0.00084 0.00000 ( 1)
  16 I   0.92170 0.07722 0.00100 0.00009 ( 1)
  17 N   0.95922 0.03989 0.00086 0.00004 ( 1)
  18 F   0.98926 0.00994 0.00080 0.00001 ( 1)
  19 N   0.99907 0.00004 0.00089 0.00000 ( 1)
  20 P   0.95927 0.03976 0.00092 0.00004 ( 1)
  21 Q   0.09378 0.90562 0.00006 0.00055 ( 2)
  22 L   0.99826 0.00090 0.00084 0.00000 ( 1)
  23 Q   0.21320 0.78620 0.00013 0.00047 ( 2)
  24 S   0.99843 0.00062 0.00096 0.00000 ( 1)
  25 V   0.78595 0.21311 0.00074 0.00020 ( 1)
  26 A   0.99585 0.00315 0.00100 0.00000 ( 1)
  27 Q   0.87743 0.12187 0.00062 0.00009 ( 1)
  28 L   0.97437 0.02479 0.00082 0.00002 ( 1)
  29 P   0.99896 0.00014 0.00090 0.00000 ( 1)
  30 T   0.99098 0.00783 0.00118 0.00001 ( 1)
  31 F   0.99913 0.00007 0.00080 0.00000 ( 1)
  32 N   0.73079 0.26866 0.00040 0.00015 ( 1)
  33 V   0.98951 0.00955 0.00093 0.00001 ( 1)
  34 M   0.98905 0.01063 0.00032 0.00000 ( 1)
  35 E   0.99936 0.00018 0.00045 0.00000 ( 1)
  36 S   0.99851 0.00088 0.00061 0.00000 ( 1)
  37 S   0.33937 0.66001 0.00021 0.00041 ( 2)
  38 A   0.98027 0.01871 0.00100 0.00002 ( 1)
  39 I   0.99882 0.00010 0.00108 0.00000 ( 1)
  40 R   0.99906 0.00017 0.00078 0.00000 ( 1)
  41 N   0.89726 0.10180 0.00084 0.00009 ( 1)
  42 P   0.99896 0.00014 0.00090 0.00000 ( 1)
  43 H   0.99927 0.00004 0.00069 0.00000 ( 1)
  44 L   0.99714 0.00202 0.00084 0.00000 ( 1)
  45 F   0.84536 0.15383 0.00068 0.00013 ( 1)
  46 D   0.99228 0.00696 0.00076 0.00001 ( 1)
  47 I   0.96756 0.03143 0.00098 0.00003 ( 1)
  48 L   0.99816 0.00131 0.00053 0.00000 ( 1)
  49 N   0.98859 0.01051 0.00088 0.00001 ( 1)
  50 N   0.23728 0.76181 0.00021 0.00070 ( 2)
  51 L   0.99551 0.00365 0.00084 0.00000 ( 1)
  52 T   0.99830 0.00051 0.00118 0.00000 ( 1)
  53 I   0.99814 0.00042 0.00144 0.00000 ( 1)
  54 F   0.99760 0.00160 0.00080 0.00000 ( 1)
  55 T   0.99831 0.00045 0.00124 0.00000 ( 1)
  56 D   0.99918 0.00006 0.00076 0.00000 ( 1)
  57 W   0.95246 0.04698 0.00053 0.00003 ( 1)
  58 F   0.92163 0.07756 0.00074 0.00006 ( 1)
  59 S   0.98549 0.01367 0.00082 0.00001 ( 1)
  60 V   0.98593 0.01313 0.00093 0.00001 ( 1)
  61 G   0.99618 0.00305 0.00078 0.00000 ( 1)
  62 R   0.98216 0.01635 0.00146 0.00002 ( 1)
  63 N   0.99712 0.00199 0.00089 0.00000 ( 1)
  64 F   0.15202 0.84716 0.00012 0.00070 ( 2)
  65 Y   0.99793 0.00126 0.00081 0.00000 ( 1)
  66 W   0.99498 0.00446 0.00056 0.00000 ( 1)
  67 G   0.99890 0.00032 0.00078 0.00000 ( 1)
  68 G   0.99814 0.00108 0.00078 0.00000 ( 1)
  69 H   0.99906 0.00025 0.00069 0.00000 ( 1)
  70 R   0.67159 0.32751 0.00060 0.00030 ( 1)
  71 V   0.99250 0.00657 0.00093 0.00001 ( 1)
  72 I   0.26059 0.73840 0.00026 0.00076 ( 2)
  73 S   0.99703 0.00201 0.00095 0.00000 ( 1)
  74 S   0.01628 0.98310 0.00001 0.00061 ( 2)
  75 L   0.45861 0.54037 0.00055 0.00046 ( 2)
  76 I   0.98257 0.01642 0.00099 0.00002 ( 1)
  77 G   0.99890 0.00032 0.00078 0.00000 ( 1)
  78 G   0.95420 0.04501 0.00075 0.00004 ( 1)
  79 G   0.40993 0.58927 0.00032 0.00047 ( 2)
  80 N   0.99801 0.00144 0.00055 0.00000 ( 1)
  81 -   0.89459 0.06998 0.03286 0.00257 ( 1)
  82 -   0.83814 0.12642 0.03079 0.00464 ( 1)
  83 I   0.99884 0.00016 0.00100 0.00000 ( 1)
  84 T   0.30271 0.69609 0.00036 0.00084 ( 2)
  85 S   0.98946 0.00959 0.00095 0.00001 ( 1)
  86 P   0.99901 0.00010 0.00090 0.00000 ( 1)
  87 I   0.89916 0.09984 0.00090 0.00010 ( 1)
  88 Y   0.99903 0.00016 0.00081 0.00000 ( 1)
  89 G   0.99892 0.00030 0.00078 0.00000 ( 1)
  90 R   0.99554 0.00368 0.00077 0.00000 ( 1)
  91 E   0.99905 0.00050 0.00045 0.00000 ( 1)
  92 A   0.82040 0.17810 0.00123 0.00027 ( 1)
  93 N   0.99581 0.00364 0.00055 0.00000 ( 1)
  94 Q   0.64498 0.35442 0.00039 0.00021 ( 1)
  95 E   0.99774 0.00180 0.00045 0.00000 ( 1)
  96 P   0.02314 0.97595 0.00002 0.00090 ( 2)
  97 P   0.99864 0.00040 0.00096 0.00000 ( 1)
  98 R   0.91357 0.08565 0.00071 0.00007 ( 1)
  99 S   0.00195 0.99615 0.00000 0.00190 ( 2)
 100 F   0.96239 0.03681 0.00077 0.00003 ( 1)
 101 T   0.05774 0.94104 0.00007 0.00115 ( 2)
 102 F   0.93487 0.06432 0.00075 0.00005 ( 1)
 103 N   0.60874 0.39036 0.00054 0.00036 ( 1)
 104 G   0.88271 0.11651 0.00069 0.00009 ( 1)
 105 -   0.61810 0.34646 0.02271 0.01273 ( 1)
 106 -   0.73487 0.22970 0.02700 0.00844 ( 1)
 107 P   0.99703 0.00121 0.00176 0.00000 ( 1)
 108 V   0.99828 0.00079 0.00094 0.00000 ( 1)
 109 F   0.99851 0.00069 0.00080 0.00000 ( 1)
 110 R   0.98850 0.01109 0.00041 0.00000 ( 1)
 111 T   0.99845 0.00036 0.00119 0.00000 ( 1)
 112 L   0.99848 0.00068 0.00084 0.00000 ( 1)
 113 S   0.99828 0.00066 0.00106 0.00000 ( 1)
 114 N   0.25214 0.02428 0.71648 0.00710 ( 3)
 115 P   0.85766 0.14143 0.00077 0.00013 ( 1)
 116 T   0.99857 0.00023 0.00119 0.00000 ( 1)
 117 L   0.48548 0.51368 0.00041 0.00044 ( 2)
 118 R   0.99269 0.00641 0.00089 0.00001 ( 1)
 119 L   0.00001 0.99914 0.00000 0.00085 ( 2)
 120 L   0.71047 0.28869 0.00060 0.00025 ( 1)
 121 Q   0.06375 0.93565 0.00004 0.00057 ( 2)
 122 Q   0.97810 0.02120 0.00069 0.00002 ( 1)
 123 P   0.99894 0.00016 0.00090 0.00000 ( 1)
 124 W   0.01076 0.60974 0.05617 0.32333 ( 2)
 125 P   0.00178 0.00020 0.98647 0.01154 ( 3)
 126 A   0.00000 0.00000 0.98696 0.01304 ( 3)
 127 P   0.00016 0.00009 0.98151 0.01824 ( 3)
 128 P   0.00062 0.00018 0.98098 0.01823 ( 3)
 129 F   0.99454 0.00466 0.00080 0.00000 ( 1)
 130 N   0.39149 0.60761 0.00035 0.00056 ( 2)
 131 L   0.99485 0.00431 0.00083 0.00000 ( 1)
 132 R   0.98718 0.01211 0.00070 0.00001 ( 1)
 133 G   0.91457 0.08465 0.00072 0.00007 ( 1)
 134 V   0.20138 0.11963 0.63996 0.03904 ( 3)
 135 E   0.99873 0.00056 0.00070 0.00000 ( 1)
 136 G   0.99873 0.00049 0.00078 0.00000 ( 1)
 137 V   0.99863 0.00044 0.00094 0.00000 ( 1)
 138 E   0.99921 0.00009 0.00071 0.00000 ( 1)
 139 F   0.99894 0.00025 0.00080 0.00000 ( 1)
 140 S   0.51814 0.48090 0.00050 0.00047 ( 1)
 141 T   0.64750 0.35131 0.00077 0.00042 ( 1)
 142 P   0.87105 0.12804 0.00078 0.00012 ( 1)
 143 T   0.28046 0.71834 0.00033 0.00087 ( 2)
 144 -   0.82768 0.13688 0.03041 0.00503 ( 1)
 145 N   0.80470 0.19440 0.00072 0.00018 ( 1)
 146 S   0.97952 0.01987 0.00060 0.00001 ( 1)
 147 F   0.05632 0.94286 0.00005 0.00078 ( 2)
 148 T   0.96737 0.03139 0.00120 0.00004 ( 1)
 149 Y   0.99911 0.00008 0.00081 0.00000 ( 1)
 150 R   0.99889 0.00022 0.00089 0.00000 ( 1)
 151 G   0.98652 0.01270 0.00077 0.00001 ( 1)
 152 R   0.99750 0.00172 0.00078 0.00000 ( 1)
 153 G   0.99907 0.00014 0.00079 0.00000 ( 1)
 154 T   0.00001 0.00009 0.88352 0.11639 ( 3)
 155 V   0.97254 0.02652 0.00092 0.00003 ( 1)
 156 D   0.99921 0.00003 0.00076 0.00000 ( 1)
 157 S   0.99885 0.00019 0.00096 0.00000 ( 1)
 158 L   0.98553 0.01363 0.00083 0.00001 ( 1)
 159 T   0.81231 0.18649 0.00097 0.00023 ( 1)
 160 E   0.99879 0.00050 0.00070 0.00000 ( 1)
 161 L   0.99808 0.00108 0.00084 0.00000 ( 1)
 162 P   0.99596 0.00228 0.00176 0.00000 ( 1)
 163 P   0.99899 0.00011 0.00090 0.00000 ( 1)
 164 E   0.20894 0.79060 0.00010 0.00036 ( 2)
 165 D   0.99515 0.00409 0.00076 0.00000 ( 1)
 166 N   0.00366 0.99542 0.00000 0.00091 ( 2)
 167 S   0.83631 0.16286 0.00070 0.00014 ( 1)
 168 V   0.98481 0.01420 0.00098 0.00001 ( 1)
 169 P   0.96648 0.03256 0.00093 0.00003 ( 1)
 170 P   0.99899 0.00011 0.00090 0.00000 ( 1)
 171 R   0.01258 0.98592 0.00002 0.00147 ( 2)
 172 E   0.53550 0.46379 0.00038 0.00033 ( 1)
 173 G   0.90547 0.09375 0.00071 0.00007 ( 1)
 174 Y   0.99903 0.00015 0.00081 0.00000 ( 1)
 175 S   0.99913 0.00003 0.00083 0.00000 ( 1)
 176 H   0.99816 0.00115 0.00069 0.00000 ( 1)
 177 R   0.99908 0.00021 0.00071 0.00000 ( 1)
 178 L   0.99824 0.00093 0.00084 0.00000 ( 1)
 179 C   0.99882 0.00043 0.00075 0.00000 ( 1)
 180 H   0.99927 0.00004 0.00069 0.00000 ( 1)
 181 A   0.99877 0.00021 0.00102 0.00000 ( 1)
 182 T   0.99803 0.00078 0.00119 0.00000 ( 1)
 183 F   0.99916 0.00003 0.00080 0.00000 ( 1)
 184 V   0.99324 0.00582 0.00094 0.00001 ( 1)
 185 Q   0.94500 0.05430 0.00067 0.00004 ( 1)
 186 R   0.98584 0.01338 0.00077 0.00001 ( 1)
 187 S   0.99319 0.00585 0.00095 0.00001 ( 1)
 188 G   0.99625 0.00297 0.00078 0.00000 ( 1)
 189 T   0.92948 0.06934 0.00110 0.00008 ( 1)
 190 P   0.99895 0.00015 0.00090 0.00000 ( 1)
 191 F   0.64249 0.35670 0.00052 0.00029 ( 1)
 192 L   0.99531 0.00386 0.00083 0.00000 ( 1)
 193 T   0.84884 0.14997 0.00101 0.00018 ( 1)
 194 T   0.99702 0.00179 0.00119 0.00000 ( 1)
 195 G   0.99876 0.00045 0.00079 0.00000 ( 1)
 196 V   0.00000 0.99904 0.00000 0.00096 ( 2)
 197 V   0.99285 0.00621 0.00093 0.00001 ( 1)
 198 F   0.99843 0.00077 0.00080 0.00000 ( 1)
 199 S   0.99790 0.00114 0.00096 0.00000 ( 1)
 200 W   0.99498 0.00446 0.00056 0.00000 ( 1)
 201 T   0.99826 0.00050 0.00124 0.00000 ( 1)
 202 H   0.99918 0.00013 0.00069 0.00000 ( 1)
 203 R   0.99919 0.00010 0.00071 0.00000 ( 1)
 204 S   0.99896 0.00020 0.00083 0.00000 ( 1)


lnL = -2848.133407

Bayes Empirical Bayes (BEB) probabilities for 4 classes (class)
(amino acids refer to 1st sequence: BT_Cry1Ca11)

   1 -   0.42578 0.28259 0.17384 0.11779 ( 1)
   2 -   0.70566 0.00271 0.29050 0.00114 ( 1)
   3 -   0.69095 0.01742 0.28431 0.00733 ( 1)
   4 G   0.72330 0.02148 0.24754 0.00767 ( 1)
   5 Q   0.73262 0.00028 0.26699 0.00011 ( 1)
   6 L   0.72877 0.00108 0.26974 0.00041 ( 1)
   7 T   0.74164 0.00029 0.25797 0.00011 ( 1)
   8 R   0.72263 0.00140 0.27542 0.00055 ( 1)
   9 E   0.74028 0.00007 0.25963 0.00002 ( 1)
  10 V   0.73468 0.01342 0.24717 0.00472 ( 1)
  11 Y   0.74262 0.00006 0.25730 0.00002 ( 1)
  12 T   0.64503 0.07477 0.25035 0.02985 ( 1)
  13 D   0.72190 0.00016 0.27787 0.00006 ( 1)
  14 P   0.73328 0.00453 0.26051 0.00167 ( 1)
  15 L   0.72959 0.00065 0.26950 0.00025 ( 1)
  16 I   0.73204 0.01902 0.24235 0.00660 ( 1)
  17 N   0.74249 0.00982 0.24430 0.00339 ( 1)
  18 F   0.74582 0.00343 0.24955 0.00120 ( 1)
  19 N   0.75234 0.00003 0.24762 0.00001 ( 1)
  20 P   0.72620 0.01158 0.25794 0.00427 ( 1)
  21 Q   0.28833 0.43071 0.11091 0.17005 ( 2)
  22 L   0.72969 0.00055 0.26954 0.00021 ( 1)
  23 Q   0.43664 0.28264 0.16861 0.11212 ( 1)
  24 S   0.74517 0.00032 0.25439 0.00012 ( 1)
  25 V   0.68979 0.05038 0.24148 0.01835 ( 1)
  26 A   0.74710 0.00155 0.25081 0.00054 ( 1)
  27 Q   0.70063 0.03217 0.25506 0.01214 ( 1)
  28 L   0.72277 0.00746 0.26692 0.00285 ( 1)
  29 P   0.74496 0.00011 0.25489 0.00004 ( 1)
  30 T   0.74622 0.00378 0.24868 0.00132 ( 1)
  31 F   0.74921 0.00005 0.25071 0.00002 ( 1)
  32 N   0.65948 0.06392 0.25148 0.02512 ( 1)
  33 V   0.74475 0.00341 0.25064 0.00120 ( 1)
  34 M   0.73406 0.00309 0.26170 0.00115 ( 1)
  35 E   0.72273 0.00012 0.27710 0.00005 ( 1)
  36 S   0.72250 0.00045 0.27687 0.00018 ( 1)
  37 S   0.49229 0.23020 0.18734 0.09018 ( 1)
  38 A   0.73481 0.00595 0.25708 0.00217 ( 1)
  39 I   0.75108 0.00008 0.24881 0.00003 ( 1)
  40 R   0.73967 0.00012 0.26016 0.00004 ( 1)
  41 N   0.72607 0.02613 0.23879 0.00901 ( 1)
  42 P   0.74496 0.00010 0.25489 0.00004 ( 1)
  43 H   0.74572 0.00003 0.25424 0.00001 ( 1)
  44 L   0.72908 0.00116 0.26931 0.00044 ( 1)
  45 F   0.71025 0.03881 0.23737 0.01357 ( 1)
  46 D   0.74673 0.00305 0.24916 0.00107 ( 1)
  47 I   0.73428 0.01060 0.25134 0.00379 ( 1)
  48 L   0.71958 0.00075 0.27936 0.00030 ( 1)
  49 N   0.74862 0.00372 0.24637 0.00129 ( 1)
  50 N   0.44082 0.30976 0.14368 0.10573 ( 1)
  51 L   0.74292 0.00162 0.25488 0.00058 ( 1)
  52 T   0.74157 0.00036 0.25794 0.00013 ( 1)
  53 I   0.71988 0.00029 0.27971 0.00012 ( 1)
  54 F   0.74847 0.00079 0.25046 0.00028 ( 1)
  55 T   0.71962 0.00030 0.27996 0.00012 ( 1)
  56 D   0.74975 0.00005 0.25019 0.00002 ( 1)
  57 W   0.69856 0.02102 0.27200 0.00842 ( 1)
  58 F   0.72087 0.02824 0.24100 0.00988 ( 1)
  59 S   0.74650 0.00506 0.24669 0.00175 ( 1)
  60 V   0.74266 0.00549 0.24992 0.00193 ( 1)
  61 G   0.73359 0.00136 0.26454 0.00051 ( 1)
  62 R   0.70964 0.00677 0.28085 0.00275 ( 1)
  63 N   0.75140 0.00096 0.24730 0.00033 ( 1)
  64 F   0.39313 0.35423 0.13012 0.12251 ( 1)
  65 Y   0.74205 0.00063 0.25709 0.00023 ( 1)
  66 W   0.71736 0.00225 0.27949 0.00090 ( 1)
  67 G   0.73474 0.00021 0.26496 0.00008 ( 1)
  68 G   0.73431 0.00065 0.26480 0.00024 ( 1)
  69 H   0.74558 0.00017 0.25419 0.00006 ( 1)
  70 R   0.59859 0.12586 0.22646 0.04910 ( 1)
  71 V   0.73748 0.00289 0.25857 0.00105 ( 1)
  72 I   0.48858 0.25511 0.16595 0.09036 ( 1)
  73 S   0.74450 0.00100 0.25415 0.00035 ( 1)
  74 S   0.07888 0.64277 0.02971 0.24863 ( 2)
  75 L   0.57914 0.16450 0.19780 0.05856 ( 1)
  76 I   0.73950 0.00540 0.25316 0.00193 ( 1)
  77 G   0.73474 0.00021 0.26496 0.00008 ( 1)
  78 G   0.73149 0.01333 0.25041 0.00476 ( 1)
  79 G   0.58218 0.16193 0.19834 0.05755 ( 1)
  80 N   0.72284 0.00070 0.27619 0.00027 ( 1)
  81 -   0.67691 0.03145 0.27841 0.01322 ( 1)
  82 -   0.65076 0.05761 0.26744 0.02420 ( 1)
  83 I   0.74481 0.00012 0.25502 0.00004 ( 1)
  84 T   0.48674 0.25404 0.16796 0.09125 ( 1)
  85 S   0.74132 0.00416 0.25304 0.00148 ( 1)
  86 P   0.74499 0.00007 0.25490 0.00003 ( 1)
  87 I   0.71432 0.03046 0.24434 0.01088 ( 1)
  88 Y   0.74256 0.00012 0.25728 0.00004 ( 1)
  89 G   0.73476 0.00020 0.26497 0.00007 ( 1)
  90 R   0.73813 0.00166 0.25961 0.00061 ( 1)
  91 E   0.72255 0.00031 0.27702 0.00012 ( 1)
  92 A   0.66579 0.05361 0.25914 0.02146 ( 1)
  93 N   0.72182 0.00172 0.27579 0.00068 ( 1)
  94 Q   0.63274 0.08685 0.24574 0.03468 ( 1)
  95 E   0.72187 0.00098 0.27676 0.00039 ( 1)
  96 P   0.12703 0.61506 0.04270 0.21521 ( 2)
  97 P   0.73756 0.00027 0.26207 0.00010 ( 1)
  98 R   0.71442 0.02527 0.25107 0.00924 ( 1)
  99 S   0.01814 0.69848 0.00701 0.27638 ( 2)
 100 F   0.73634 0.01286 0.24630 0.00450 ( 1)
 101 T   0.21102 0.53606 0.06922 0.18370 ( 2)
 102 F   0.73388 0.01530 0.24546 0.00536 ( 1)
 103 N   0.64386 0.10789 0.21116 0.03709 ( 1)
 104 G   0.70045 0.03438 0.25232 0.01285 ( 1)
 105 -   0.57761 0.13076 0.23685 0.05478 ( 1)
 106 -   0.62567 0.08269 0.25693 0.03470 ( 1)
 107 P   0.71771 0.00071 0.28129 0.00029 ( 1)
 108 V   0.73997 0.00041 0.25947 0.00015 ( 1)
 109 F   0.74888 0.00039 0.25060 0.00014 ( 1)
 110 R   0.71943 0.00459 0.27418 0.00180 ( 1)
 111 T   0.74975 0.00026 0.24989 0.00009 ( 1)
 112 L   0.72980 0.00044 0.26958 0.00017 ( 1)
 113 S   0.73205 0.00042 0.26737 0.00016 ( 1)
 114 N   0.05550 0.00167 0.93843 0.00439 ( 3)
 115 P   0.71200 0.03291 0.24335 0.01174 ( 1)
 116 T   0.74984 0.00018 0.24992 0.00006 ( 1)
 117 L   0.58389 0.14592 0.21470 0.05549 ( 1)
 118 R   0.72203 0.00270 0.27422 0.00106 ( 1)
 119 L   0.00013 0.72796 0.00005 0.27186 ( 2)
 120 L   0.66284 0.06721 0.24433 0.02563 ( 1)
 121 Q   0.22054 0.49841 0.08468 0.19637 ( 2)
 122 Q   0.72641 0.00647 0.26467 0.00244 ( 1)
 123 P   0.74495 0.00012 0.25489 0.00004 ( 1)
 124 W   0.01676 0.16454 0.32688 0.49182 ( 4)
 125 P   0.04957 0.00259 0.94030 0.00753 ( 3)
 126 A   0.00087 0.00034 0.98986 0.00892 ( 3)
 127 P   0.00302 0.00066 0.98415 0.01216 ( 3)
 128 P   0.00903 0.00111 0.97777 0.01208 ( 3)
 129 F   0.74670 0.00256 0.24985 0.00090 ( 1)
 130 N   0.51120 0.23979 0.16696 0.08205 ( 1)
 131 L   0.72840 0.00184 0.26905 0.00070 ( 1)
 132 R   0.73756 0.00378 0.25728 0.00137 ( 1)
 133 G   0.71879 0.02598 0.24596 0.00928 ( 1)
 134 V   0.05296 0.00860 0.91543 0.02300 ( 3)
 135 E   0.73999 0.00035 0.25952 0.00013 ( 1)
 136 G   0.73464 0.00032 0.26493 0.00012 ( 1)
 137 V   0.74009 0.00030 0.25951 0.00011 ( 1)
 138 E   0.74028 0.00007 0.25963 0.00002 ( 1)
 139 F   0.74908 0.00018 0.25067 0.00006 ( 1)
 140 S   0.60596 0.13885 0.20594 0.04925 ( 1)
 141 T   0.64717 0.09433 0.22442 0.03408 ( 1)
 142 P   0.71309 0.03182 0.24373 0.01135 ( 1)
 143 T   0.49416 0.24666 0.17056 0.08862 ( 1)
 144 -   0.64760 0.06077 0.26611 0.02552 ( 1)
 145 N   0.70438 0.04771 0.23147 0.01644 ( 1)
 146 S   0.71665 0.00629 0.27458 0.00248 ( 1)
 147 F   0.24216 0.50441 0.07983 0.17360 ( 2)
 148 T   0.71043 0.00948 0.27630 0.00379 ( 1)
 149 Y   0.74262 0.00006 0.25730 0.00002 ( 1)
 150 R   0.72458 0.00015 0.27521 0.00006 ( 1)
 151 G   0.73091 0.00403 0.26355 0.00151 ( 1)
 152 R   0.73897 0.00081 0.25991 0.00030 ( 1)
 153 G   0.74479 0.00010 0.25507 0.00004 ( 1)
 154 T   0.00090 0.00191 0.95090 0.04630 ( 3)
 155 V   0.73958 0.00856 0.24886 0.00301 ( 1)
 156 D   0.74977 0.00003 0.25020 0.00001 ( 1)
 157 S   0.74536 0.00014 0.25445 0.00005 ( 1)
 158 L   0.72566 0.00457 0.26802 0.00175 ( 1)
 159 T   0.70279 0.04697 0.23388 0.01637 ( 1)
 160 E   0.74002 0.00032 0.25954 0.00012 ( 1)
 161 L   0.72960 0.00065 0.26951 0.00025 ( 1)
 162 P   0.71714 0.00128 0.28106 0.00052 ( 1)
 163 P   0.74498 0.00009 0.25490 0.00003 ( 1)
 164 E   0.41124 0.31099 0.15621 0.12155 ( 1)
 165 D   0.74825 0.00154 0.24968 0.00054 ( 1)
 166 N   0.02630 0.72195 0.00847 0.24328 ( 2)
 167 S   0.71017 0.04118 0.23441 0.01424 ( 1)
 168 V   0.71352 0.00581 0.27834 0.00233 ( 1)
 169 P   0.72789 0.00990 0.25855 0.00365 ( 1)
 170 P   0.74498 0.00009 0.25490 0.00003 ( 1)
 171 R   0.07832 0.63737 0.03047 0.25384 ( 2)
 172 E   0.61378 0.12603 0.21439 0.04580 ( 1)
 173 G   0.70728 0.02758 0.25483 0.01031 ( 1)
 174 Y   0.74257 0.00011 0.25728 0.00004 ( 1)
 175 S   0.75155 0.00003 0.24841 0.00001 ( 1)
 176 H   0.74504 0.00070 0.25401 0.00025 ( 1)
 177 R   0.74121 0.00014 0.25859 0.00005 ( 1)
 178 L   0.72968 0.00056 0.26954 0.00021 ( 1)
 179 C   0.74260 0.00028 0.25702 0.00010 ( 1)
 180 H   0.74572 0.00003 0.25424 0.00001 ( 1)
 181 A   0.74063 0.00016 0.25916 0.00006 ( 1)
 182 T   0.74949 0.00052 0.24980 0.00018 ( 1)
 183 F   0.74924 0.00003 0.25072 0.00001 ( 1)
 184 V   0.74563 0.00254 0.25094 0.00089 ( 1)
 185 Q   0.71774 0.01512 0.26144 0.00571 ( 1)
 186 R   0.73425 0.00552 0.25821 0.00202 ( 1)
 187 S   0.74345 0.00204 0.25379 0.00073 ( 1)
 188 G   0.73359 0.00136 0.26454 0.00051 ( 1)
 189 T   0.72156 0.02027 0.25082 0.00734 ( 1)
 190 P   0.74496 0.00011 0.25489 0.00004 ( 1)
 191 F   0.66391 0.08490 0.22155 0.02964 ( 1)
 192 L   0.72854 0.00171 0.26911 0.00065 ( 1)
 193 T   0.68777 0.05391 0.23881 0.01950 ( 1)
 194 T   0.74912 0.00089 0.24967 0.00031 ( 1)
 195 G   0.74459 0.00030 0.25500 0.00011 ( 1)
 196 V   0.00012 0.73713 0.00004 0.26271 ( 2)
 197 V   0.73754 0.00283 0.25859 0.00103 ( 1)
 198 F   0.74884 0.00042 0.25059 0.00015 ( 1)
 199 S   0.74490 0.00060 0.25429 0.00021 ( 1)
 200 W   0.71736 0.00225 0.27949 0.00090 ( 1)
 201 T   0.71958 0.00034 0.27994 0.00014 ( 1)
 202 H   0.74565 0.00009 0.25422 0.00003 ( 1)
 203 R   0.74128 0.00008 0.25861 0.00003 ( 1)
 204 S   0.75142 0.00016 0.24836 0.00006 ( 1)

