Supplemental results for CODEML (seqf: algn  treef: tree)


dN/dS (w) for site classes (K=4)

site class             0        1       2a       2b
proportion       0.24847  0.20551  0.29885  0.24718
background w     0.08428  0.70717  0.08428  0.70717
foreground w     0.08428  0.70717  7.84660  7.84660

Naive Empirical Bayes (NEB) probabilities for 4 classes
(amino acids refer to 1st sequence: BT_Cry21Aa1)

   1 -   0.24847 0.20551 0.29885 0.24718 ( 3)
   2 V   0.39640 0.05757 0.47678 0.06925 ( 3)
   3 D   0.41807 0.03590 0.50285 0.04318 ( 3)
   4 I   0.32475 0.01436 0.64420 0.01669 ( 3)
   5 Q   0.00357 0.37172 0.04696 0.57775 ( 4)
   6 L   0.03351 0.27883 0.29448 0.39318 ( 4)
   7 D   0.87349 0.00340 0.11974 0.00336 ( 1)
   8 Q   0.71610 0.02112 0.23583 0.02694 ( 1)
   9 T   0.85915 0.00235 0.13607 0.00243 ( 1)
  10 R   0.95328 0.00287 0.04321 0.00064 ( 1)
  11 L   0.08768 0.06556 0.77891 0.06785 ( 3)
  12 V   0.32056 0.00963 0.65776 0.01205 ( 3)
  13 F   0.32105 0.00489 0.66932 0.00475 ( 3)
  14 S   0.82267 0.00901 0.16296 0.00536 ( 1)
  15 D   0.89167 0.00323 0.10191 0.00320 ( 1)
  16 V   0.33176 0.18271 0.27039 0.21513 ( 1)
  17 A   0.71647 0.05214 0.18708 0.04431 ( 1)
  18 G   0.87601 0.00058 0.12305 0.00036 ( 1)
  19 P   0.21946 0.01143 0.75692 0.01219 ( 3)
  20 W   0.00117 0.45280 0.00141 0.54461 ( 4)
  21 E   0.44494 0.00904 0.53516 0.01087 ( 3)
  22 G   0.44057 0.01340 0.52991 0.01612 ( 3)
  23 N   0.44970 0.00428 0.54088 0.00515 ( 3)
  24 D   0.44138 0.01259 0.53088 0.01514 ( 3)
  25 -   0.08970 0.36428 0.10788 0.43814 ( 4)
  26 -   0.39205 0.06193 0.47154 0.07448 ( 3)
  27 -   0.38349 0.07048 0.46125 0.08477 ( 3)
  28 -   0.37148 0.08250 0.44680 0.09922 ( 3)
  29 N   0.42694 0.02703 0.51351 0.03252 ( 3)
  30 I   0.54785 0.14132 0.16815 0.14268 ( 1)
  31 T   0.57267 0.10036 0.21592 0.11104 ( 1)
  32 S   0.00235 0.34170 0.01778 0.63817 ( 4)
  33 N   0.70063 0.05657 0.18469 0.05811 ( 1)
  34 I   0.10557 0.15826 0.54764 0.18854 ( 3)
  35 I   0.77105 0.02782 0.17061 0.03052 ( 1)
  36 D   0.00001 0.44501 0.00012 0.55486 ( 4)
  37 V   0.00003 0.41405 0.00054 0.58538 ( 4)
  38 L   0.13340 0.17720 0.50760 0.18179 ( 3)
  39 T   0.00044 0.41971 0.00957 0.57028 ( 4)
  40 P   0.00035 0.36508 0.02597 0.60860 ( 4)
  41 I   0.62124 0.13433 0.09776 0.14667 ( 1)
  42 N   0.31183 0.27180 0.13139 0.28499 ( 1)
  43 T   0.47805 0.05703 0.39416 0.07077 ( 1)
  44 G   0.00089 0.27389 0.11455 0.61067 ( 4)
  45 I   0.14185 0.39414 0.06227 0.40173 ( 4)
  46 G   0.00327 0.49250 0.01952 0.48471 ( 2)
  47 F   0.00180 0.32650 0.13677 0.53493 ( 4)
  48 Q   0.01803 0.43594 0.02169 0.52434 ( 4)
  49 E   0.25508 0.19889 0.30681 0.23922 ( 3)
  50 -   0.24847 0.20551 0.29885 0.24718 ( 3)
  51 S   0.02341 0.27847 0.30324 0.39488 ( 4)
  52 S   0.81988 0.00927 0.16560 0.00525 ( 1)
  53 D   0.09785 0.44327 0.01713 0.44175 ( 2)
  54 L   0.81024 0.02079 0.14976 0.01920 ( 1)
  55 R   0.04012 0.30300 0.07623 0.58064 ( 4)
  56 K   0.30778 0.25745 0.19402 0.24075 ( 1)
  57 F   0.38386 0.44587 0.04604 0.12424 ( 2)
  58 T   0.03011 0.42386 0.03622 0.50981 ( 4)
  59 Y   0.40265 0.05132 0.48430 0.06173 ( 3)
  60 P   0.40131 0.05266 0.48268 0.06334 ( 3)
  61 R   0.38290 0.07107 0.46054 0.08548 ( 3)
  62 I   0.18617 0.26780 0.22392 0.32210 ( 4)
  63 E   0.40532 0.04866 0.48750 0.05852 ( 3)
  64 L   0.90360 0.00194 0.09373 0.00074 ( 1)
  65 Q   0.05764 0.45980 0.03944 0.44312 ( 2)
  66 S   0.23393 0.57652 0.01937 0.17018 ( 2)
  67 M   0.00437 0.38381 0.04478 0.56704 ( 4)
  68 Q   0.51209 0.12942 0.23942 0.11907 ( 1)
  69 F   0.39346 0.04470 0.52613 0.03572 ( 3)
  70 H   0.02281 0.52769 0.00455 0.44496 ( 2)
  71 G   0.00060 0.43730 0.00298 0.55913 ( 4)
  72 Q   0.26942 0.28697 0.17791 0.26570 ( 2)
  73 Y   0.00015 0.49060 0.00010 0.50915 ( 4)
  74 V   0.72706 0.08874 0.09023 0.09398 ( 1)
  75 N   0.01382 0.49418 0.00401 0.48799 ( 2)
  76 S   0.00204 0.43105 0.06637 0.50054 ( 4)
  77 K   0.28769 0.04434 0.62610 0.04187 ( 3)
  78 S   0.26342 0.04715 0.63576 0.05367 ( 3)
  79 V   0.00206 0.42070 0.02194 0.55530 ( 4)
  80 E   0.00378 0.51637 0.00531 0.47453 ( 2)
  81 -   0.05341 0.35309 0.16692 0.42658 ( 4)
  82 -   0.22318 0.07438 0.61299 0.08946 ( 3)
  83 -   0.01077 0.41242 0.06239 0.51441 ( 4)
  84 H   0.07071 0.20349 0.49159 0.23421 ( 3)
  85 C   0.08464 0.01912 0.87125 0.02499 ( 3)
  86 Y   0.89846 0.00335 0.09566 0.00253 ( 1)
  87 S   0.03025 0.03524 0.89177 0.04274 ( 3)
  88 D   0.00680 0.27712 0.24895 0.46714 ( 4)
  89 G   0.17120 0.29557 0.23184 0.30140 ( 4)
  90 L   0.21318 0.10802 0.52756 0.15124 ( 3)
  91 K   0.00256 0.34435 0.17210 0.48099 ( 4)
  92 L   0.02942 0.04997 0.83413 0.08648 ( 3)
  93 N   0.62377 0.05837 0.25195 0.06591 ( 1)
  94 Y   0.01451 0.52527 0.01417 0.44605 ( 2)
  95 K   0.00114 0.44538 0.01720 0.53628 ( 4)
  96 N   0.02305 0.46969 0.01607 0.49118 ( 4)
  97 K   0.07710 0.27286 0.37558 0.27446 ( 3)
  98 T   0.04859 0.32949 0.23321 0.38872 ( 4)
  99 I   0.53337 0.17120 0.10882 0.18662 ( 1)
 100 T   0.16809 0.33978 0.12564 0.36649 ( 4)
 101 A   0.17056 0.32316 0.18427 0.32201 ( 2)
 102 G   0.76465 0.07467 0.08814 0.07254 ( 1)
 103 V   0.28036 0.20300 0.28128 0.23536 ( 3)
 104 S   0.00603 0.41386 0.06298 0.51713 ( 4)
 105 N   0.65214 0.10239 0.13985 0.10562 ( 1)
 106 I   0.02362 0.45442 0.02302 0.49894 ( 4)
 107 D   0.07645 0.07234 0.75450 0.09672 ( 3)
 108 E   0.87469 0.01590 0.09636 0.01305 ( 1)
 109 S   0.02296 0.38927 0.03975 0.54803 ( 4)
 110 N   0.06446 0.39762 0.07734 0.46058 ( 4)
 111 -   0.24847 0.20551 0.29885 0.24718 ( 3)
 112 Q   0.00048 0.52383 0.00044 0.47525 ( 2)
 113 N   0.00516 0.44044 0.01293 0.54146 ( 4)
 114 N   0.36781 0.29700 0.05141 0.28378 ( 1)
 115 K   0.22330 0.33469 0.07596 0.36606 ( 4)
 116 H   0.18941 0.12378 0.56549 0.12133 ( 3)
 117 N   0.76192 0.06223 0.11504 0.06081 ( 1)
 118 Y   0.02782 0.02848 0.91065 0.03305 ( 3)
 119 G   0.92011 0.00392 0.07225 0.00372 ( 1)
 120 P   0.00617 0.24967 0.30323 0.44093 ( 4)
 121 V   0.00730 0.48466 0.01070 0.49734 ( 4)
 122 I   0.01947 0.26425 0.37254 0.34373 ( 3)
 123 N   0.08434 0.34744 0.13092 0.43731 ( 4)
 124 S   0.04153 0.53066 0.00790 0.41991 ( 2)
 125 P   0.05977 0.11062 0.68404 0.14557 ( 3)
 126 I   0.06442 0.21556 0.46055 0.25947 ( 3)
 127 -   0.02135 0.43318 0.02830 0.51717 ( 4)
 128 -   0.00147 0.45478 0.00111 0.54264 ( 4)
 129 -   0.48386 0.05234 0.40108 0.06272 ( 1)
 130 -   0.38806 0.06591 0.46675 0.07927 ( 3)
 131 -   0.34469 0.10929 0.41458 0.13145 ( 3)
 132 -   0.32925 0.12472 0.39602 0.15001 ( 3)
 133 -   0.37040 0.08357 0.44551 0.10051 ( 3)
 134 -   0.15242 0.30156 0.18332 0.36270 ( 4)
 135 -   0.39205 0.06193 0.47154 0.07448 ( 3)
 136 -   0.69295 0.02346 0.25561 0.02798 ( 1)
 137 -   0.10665 0.32059 0.18792 0.38484 ( 4)
 138 -   0.17964 0.10197 0.59462 0.12377 ( 3)
 139 -   0.17381 0.18757 0.41291 0.22571 ( 3)
 140 -   0.03573 0.42036 0.03910 0.50481 ( 4)
 141 T   0.13953 0.38847 0.04660 0.42541 ( 4)
 142 D   0.22945 0.16424 0.42433 0.18198 ( 3)
 143 I   0.00318 0.42143 0.04503 0.53036 ( 4)
 144 N   0.09050 0.03137 0.83236 0.04577 ( 3)
 145 V   0.01294 0.35095 0.22911 0.40701 ( 4)
 146 N   0.04566 0.21994 0.40652 0.32787 ( 3)
 147 S   0.03752 0.23187 0.41649 0.31412 ( 3)
 148 Q   0.00366 0.00799 0.97379 0.01456 ( 3)
 149 N   0.35341 0.00651 0.63253 0.00754 ( 3)
 150 S   0.82624 0.00644 0.16327 0.00405 ( 1)
 151 Q   0.91634 0.00951 0.06990 0.00424 ( 1)
 152 Y   0.77811 0.06676 0.13818 0.01695 ( 1)
 153 L   0.25639 0.41264 0.06604 0.26493 ( 2)
 154 D   0.01003 0.40372 0.01788 0.56837 ( 4)
 155 L   0.01392 0.49701 0.03568 0.45338 ( 2)
 156 N   0.00238 0.36875 0.03295 0.59593 ( 4)
 157 S   0.05897 0.13216 0.62944 0.17942 ( 3)
 158 V   0.12242 0.32262 0.25818 0.29679 ( 2)
 159 M   0.01497 0.40671 0.06768 0.51065 ( 4)
 160 V   0.15307 0.23417 0.31422 0.29853 ( 3)
 161 N   0.70306 0.08404 0.13201 0.08089 ( 1)
 162 G   0.73602 0.08856 0.11717 0.05826 ( 1)
 163 -   0.24847 0.20551 0.29885 0.24718 ( 3)
 164 -   0.41937 0.11180 0.33577 0.13306 ( 1)
 165 -   0.46265 0.07264 0.37773 0.08699 ( 1)
 166 -   0.11976 0.11592 0.62271 0.14161 ( 3)
 167 -   0.00035 0.45244 0.00058 0.54663 ( 4)
 168 -   0.09359 0.36281 0.10746 0.43614 ( 4)
 169 -   0.09565 0.34806 0.14053 0.41576 ( 4)
 170 G   0.03289 0.41403 0.07257 0.48051 ( 4)
 171 Q   0.03017 0.03544 0.88139 0.05300 ( 3)
 172 K   0.00364 0.47008 0.00726 0.51902 ( 4)
 173 V   0.02036 0.14804 0.64897 0.18262 ( 3)
 174 T   0.02644 0.35088 0.17629 0.44639 ( 4)
 175 G   0.00088 0.41783 0.00448 0.57680 ( 4)
 176 C   0.01571 0.10781 0.68251 0.19397 ( 3)
 177 S   0.11702 0.40789 0.05247 0.42262 ( 4)
 178 P   0.00048 0.41859 0.00629 0.57464 ( 4)
 179 L   0.22297 0.04975 0.67275 0.05454 ( 3)
 180 S   0.02387 0.43546 0.05812 0.48255 ( 4)
 181 S   0.00842 0.34894 0.03640 0.60623 ( 4)
 182 N   0.60868 0.13311 0.12204 0.13617 ( 1)
 183 G   0.01161 0.44236 0.01396 0.53206 ( 4)
 184 N   0.01437 0.32819 0.09835 0.55910 ( 4)
 185 S   0.14075 0.00478 0.84884 0.00563 ( 3)
 186 N   0.48976 0.14591 0.22115 0.14318 ( 1)
 187 N   0.00485 0.48099 0.00512 0.50904 ( 4)
 188 A   0.00556 0.34011 0.19177 0.46256 ( 4)
 189 A   0.07710 0.40564 0.04712 0.47015 ( 4)
 190 L   0.90159 0.00619 0.08926 0.00296 ( 1)
 191 P   0.93647 0.00088 0.06205 0.00059 ( 1)
 192 N   0.07586 0.07882 0.75603 0.08929 ( 3)
 193 Q   0.66697 0.01650 0.30117 0.01536 ( 1)
 194 K   0.40043 0.00930 0.58178 0.00849 ( 3)
 195 I   0.01058 0.47182 0.00284 0.51476 ( 4)
 196 N   0.01745 0.10191 0.74568 0.13496 ( 3)
 197 V   0.00123 0.25815 0.08868 0.65194 ( 4)
 198 I   0.02780 0.37746 0.13048 0.46425 ( 4)
 199 Y   0.02242 0.00451 0.96739 0.00568 ( 3)
 200 S   0.18086 0.03542 0.73320 0.05053 ( 3)
 201 V   0.13033 0.47378 0.02427 0.37163 ( 2)
 202 Q   0.19238 0.53298 0.01258 0.26206 ( 2)
 203 S   0.30083 0.10222 0.49682 0.10012 ( 3)
 204 N   0.05737 0.22004 0.44288 0.27971 ( 3)
 205 D   0.26997 0.24052 0.22511 0.26440 ( 1)
 206 K   0.10286 0.39610 0.06516 0.43588 ( 4)
 207 P   0.05450 0.07913 0.77097 0.09541 ( 3)
 208 -   0.24847 0.20551 0.29885 0.24718 ( 3)
 209 -   0.24847 0.20551 0.29885 0.24718 ( 3)
 210 -   0.24847 0.20551 0.29885 0.24718 ( 3)
 211 -   0.24847 0.20551 0.29885 0.24718 ( 3)
 212 E   0.00234 0.37567 0.04703 0.57496 ( 4)
 213 K   0.23338 0.30114 0.19917 0.26631 ( 2)
 214 H   0.21766 0.23429 0.28869 0.25935 ( 3)
 215 A   0.18820 0.28720 0.19575 0.32885 ( 4)
 216 D   0.51071 0.04990 0.38870 0.05069 ( 1)
 217 T   0.05345 0.08705 0.73974 0.11977 ( 3)
 218 Y   0.21409 0.44653 0.04220 0.29718 ( 2)
 219 R   0.00107 0.43313 0.01913 0.54667 ( 4)
 220 K   0.08293 0.07749 0.73169 0.10789 ( 3)
 221 W   0.15763 0.30097 0.09291 0.44850 ( 4)
 222 G   0.06582 0.07964 0.75983 0.09471 ( 3)
 223 Y   0.09694 0.10326 0.68378 0.11602 ( 3)
 224 M   0.02279 0.36210 0.14843 0.46667 ( 4)
 225 S   0.00239 0.00197 0.99126 0.00438 ( 3)
 226 S   0.01311 0.45435 0.02533 0.50720 ( 4)
 227 H   0.00704 0.06035 0.83651 0.09610 ( 3)
 228 I   0.06277 0.03734 0.85353 0.04636 ( 3)
 229 P   0.00383 0.00661 0.97950 0.01005 ( 3)
 230 Y   0.05270 0.06185 0.80433 0.08112 ( 3)
 231 D   0.32474 0.07772 0.51403 0.08351 ( 3)
 232 L   0.06102 0.14964 0.56784 0.22150 ( 3)
 233 V   0.00585 0.47586 0.00588 0.51240 ( 4)
 234 P   0.08920 0.03792 0.79513 0.07775 ( 3)
 235 E   0.00192 0.43442 0.00164 0.56202 ( 4)
 236 N   0.04456 0.05159 0.81439 0.08946 ( 3)
 237 V   0.25956 0.01090 0.71809 0.01145 ( 3)
 238 I   0.76843 0.01289 0.20534 0.01335 ( 1)
 239 G   0.91962 0.00104 0.07844 0.00091 ( 1)
 240 D   0.00191 0.01737 0.93541 0.04531 ( 3)
 241 I   0.27515 0.04893 0.62470 0.05122 ( 3)
 242 D   0.43960 0.01437 0.52874 0.01728 ( 3)
 243 P   0.20250 0.25147 0.24357 0.30246 ( 4)
 244 D   0.44552 0.00845 0.53586 0.01016 ( 3)
 245 T   0.36887 0.08510 0.44367 0.10236 ( 3)
 246 K   0.43744 0.01653 0.52615 0.01988 ( 3)
 247 Q   0.42382 0.03015 0.50976 0.03627 ( 3)
 248 P   0.41767 0.03630 0.50237 0.04366 ( 3)
 249 S   0.41749 0.03648 0.50215 0.04388 ( 3)
 250 -   0.16313 0.29084 0.19621 0.34982 ( 4)
 251 -   0.18737 0.26661 0.22536 0.32067 ( 4)
 252 -   0.34771 0.10626 0.41822 0.12781 ( 3)
 253 -   0.37179 0.08218 0.44718 0.09885 ( 3)
 254 -   0.39610 0.05788 0.47641 0.06961 ( 3)
 255 -   0.02833 0.42565 0.03407 0.51196 ( 4)
 256 -   0.03136 0.42262 0.03771 0.50831 ( 4)
 257 -   0.01718 0.43680 0.02066 0.52537 ( 4)
 258 -   0.14522 0.30875 0.17467 0.37136 ( 4)
 259 -   0.34744 0.10654 0.41789 0.12814 ( 3)
 260 -   0.40492 0.04905 0.48703 0.05900 ( 3)
 261 -   0.24847 0.20551 0.29885 0.24718 ( 3)
 262 -   0.24847 0.20551 0.29885 0.24718 ( 3)
 263 -   0.24847 0.20551 0.29885 0.24718 ( 3)
 264 -   0.24847 0.20551 0.29885 0.24718 ( 3)
 265 -   0.24847 0.20551 0.29885 0.24718 ( 3)
 266 -   0.24847 0.20551 0.29885 0.24718 ( 3)
 267 -   0.24847 0.20551 0.29885 0.24718 ( 3)
 268 -   0.24847 0.20551 0.29885 0.24718 ( 3)
 269 -   0.36093 0.09304 0.43412 0.11191 ( 3)
 270 -   0.16252 0.29145 0.19548 0.35055 ( 4)
 271 -   0.39610 0.05788 0.47641 0.06961 ( 3)
 272 -   0.35417 0.09980 0.42599 0.12004 ( 3)
 273 -   0.31646 0.13751 0.38063 0.16539 ( 3)
 274 -   0.33981 0.11417 0.40871 0.13732 ( 3)
 275 -   0.34938 0.10459 0.42023 0.12580 ( 3)
 276 -   0.28639 0.16758 0.34446 0.20156 ( 3)
 277 -   0.37992 0.07406 0.45695 0.08907 ( 3)
 278 -   0.39361 0.06037 0.47342 0.07261 ( 3)
 279 -   0.02563 0.42835 0.03082 0.51520 ( 4)
 280 -   0.33379 0.12019 0.40147 0.14456 ( 3)


lnL = -3840.576595

