Supplemental results for CODEML (seqf: algn  treef: tree)


dN/dS (w) for site classes (K=4)

site class             0        1       2a       2b
proportion       0.64126  0.33767  0.01380  0.00727
background w     0.10954  1.00000  0.10954  1.00000
foreground w     0.10954  1.00000 12.31007 12.31007

Naive Empirical Bayes (NEB) probabilities for 4 classes
(amino acids refer to 1st sequence: BT_Cry19Aa1)

   1 E   0.00084 0.96910 0.00153 0.02854 ( 2)
   2 V   0.99558 0.00007 0.00434 0.00000 ( 1)
   3 K   0.99855 0.00020 0.00125 0.00000 ( 1)
   4 T   0.34111 0.57212 0.06850 0.01828 ( 2)
   5 E   0.99887 0.00028 0.00085 0.00000 ( 1)
   6 L   0.98264 0.01609 0.00124 0.00003 ( 1)
   7 T   0.99629 0.00088 0.00282 0.00001 ( 1)
   8 R   0.99488 0.00248 0.00263 0.00001 ( 1)
   9 E   0.99887 0.00028 0.00085 0.00000 ( 1)
  10 I   0.99821 0.00009 0.00170 0.00000 ( 1)
  11 Y   0.99755 0.00056 0.00189 0.00000 ( 1)
  12 S   0.98721 0.01099 0.00176 0.00003 ( 1)
  13 D   0.99860 0.00002 0.00138 0.00000 ( 1)
  14 V   0.99667 0.00222 0.00110 0.00001 ( 1)
  15 I   0.99769 0.00069 0.00161 0.00000 ( 1)
  16 N   0.99782 0.00004 0.00213 0.00000 ( 1)
  17 G   0.14185 0.83149 0.00307 0.02359 ( 2)
  18 E   0.22911 0.22099 0.53616 0.01374 ( 3)
  19 I   0.01719 0.96720 0.00111 0.01450 ( 2)
  20 Y   0.16162 0.83453 0.00033 0.00352 ( 2)
  21 G   0.73292 0.26631 0.00046 0.00031 ( 1)
  22 L   0.03969 0.95722 0.00005 0.00304 ( 2)
  23 M   0.38632 0.61192 0.00047 0.00129 ( 2)
  24 T   0.00215 0.98399 0.00003 0.01384 ( 2)
  25 -   0.80872 0.17021 0.01741 0.00366 ( 1)
  26 P   0.21368 0.78132 0.00063 0.00437 ( 2)
  27 Y   0.03711 0.95529 0.00007 0.00752 ( 2)
  28 F   0.00223 0.92912 0.00047 0.06818 ( 2)
  29 S   0.85535 0.13777 0.00545 0.00143 ( 1)
  30 F   0.97970 0.01907 0.00115 0.00008 ( 1)
  31 E   0.01497 0.98141 0.00006 0.00357 ( 2)
  32 K   0.09271 0.88912 0.00719 0.01099 ( 2)
  33 A   0.49872 0.49844 0.00059 0.00225 ( 1)
  34 E   0.99887 0.00028 0.00085 0.00000 ( 1)
  35 S   0.82135 0.16878 0.00788 0.00200 ( 1)
  36 L   0.99636 0.00302 0.00061 0.00000 ( 1)
  37 Y   0.99803 0.00019 0.00178 0.00000 ( 1)
  38 T   0.99756 0.00084 0.00160 0.00000 ( 1)
  39 R   0.59197 0.07131 0.32027 0.01646 ( 1)
  40 A   0.00634 0.90808 0.03660 0.04899 ( 2)
  41 P   0.99762 0.00042 0.00196 0.00000 ( 1)
  42 H   0.99914 0.00003 0.00083 0.00000 ( 1)
  43 L   0.19155 0.73109 0.01917 0.05820 ( 2)
  44 F   0.99194 0.00683 0.00122 0.00001 ( 1)
  45 T   0.99825 0.00007 0.00168 0.00000 ( 1)
  46 W   0.96213 0.03648 0.00133 0.00006 ( 1)
  47 L   0.99093 0.00358 0.00546 0.00003 ( 1)
  48 K   0.58917 0.38681 0.01511 0.00891 ( 1)
  49 G   0.99102 0.00837 0.00060 0.00001 ( 1)
  50 F   0.99541 0.00343 0.00114 0.00001 ( 1)
  51 R   0.60579 0.38390 0.00528 0.00503 ( 1)
  52 F   0.99881 0.00004 0.00115 0.00000 ( 1)
  53 V   0.99792 0.00112 0.00096 0.00000 ( 1)
  54 T   0.98903 0.00828 0.00266 0.00003 ( 1)
  55 N   0.99782 0.00004 0.00213 0.00000 ( 1)
  56 S   0.20335 0.79369 0.00027 0.00269 ( 2)
  57 I   0.99200 0.00637 0.00160 0.00003 ( 1)
  58 S   0.84606 0.15135 0.00180 0.00079 ( 1)
  59 Y   0.00082 0.98159 0.00005 0.01753 ( 2)
  60 -   0.97283 0.00610 0.02094 0.00013 ( 1)
  61 -   0.01887 0.96006 0.00041 0.02067 ( 2)
  62 -   0.00059 0.97834 0.00001 0.02106 ( 2)
  63 -   0.13237 0.84656 0.00285 0.01822 ( 2)
  64 -   0.89113 0.08779 0.01918 0.00189 ( 1)
  65 -   0.67758 0.30135 0.01459 0.00649 ( 1)
  66 W   0.96213 0.03648 0.00133 0.00006 ( 1)
  67 T   0.20567 0.79157 0.00033 0.00243 ( 2)
  68 F   0.99660 0.00213 0.00126 0.00001 ( 1)
  69 L   0.99584 0.00315 0.00101 0.00001 ( 1)
  70 S   0.88644 0.11164 0.00162 0.00030 ( 1)
  71 G   0.99855 0.00077 0.00067 0.00000 ( 1)
  72 G   0.00023 0.99553 0.00000 0.00423 ( 2)
  73 Q   0.22418 0.77476 0.00016 0.00090 ( 2)
  74 N   0.99757 0.00030 0.00213 0.00000 ( 1)
  75 K   0.97507 0.02100 0.00378 0.00015 ( 1)
  76 Y   0.97593 0.02228 0.00168 0.00010 ( 1)
  77 S   0.96677 0.03123 0.00186 0.00014 ( 1)
  78 Y   0.04646 0.94629 0.00013 0.00712 ( 2)
  79 T   0.71980 0.27752 0.00146 0.00123 ( 1)
  80 N   0.00037 0.98844 0.00000 0.01119 ( 2)
  81 -   0.64126 0.33767 0.01380 0.00727 ( 1)
  82 N   0.00000 0.98118 0.00000 0.01881 ( 2)
  83 S   0.00033 0.93721 0.00120 0.06126 ( 2)
  84 S   0.00033 0.97696 0.00003 0.02268 ( 2)
  85 I   0.94623 0.05199 0.00153 0.00025 ( 1)
  86 N   0.00004 0.97755 0.00000 0.02241 ( 2)
  87 E   0.00101 0.95704 0.00187 0.04008 ( 2)
  88 G   0.95712 0.03927 0.00341 0.00021 ( 1)
  89 S   0.93908 0.02502 0.03568 0.00022 ( 1)
  90 F   0.99833 0.00031 0.00136 0.00000 ( 1)
  91 R   0.00000 0.84164 0.00000 0.15835 ( 2)
  92 G   0.98805 0.00997 0.00195 0.00003 ( 1)
  93 Q   0.02249 0.97608 0.00003 0.00141 ( 2)
  94 D   0.82284 0.17473 0.00189 0.00054 ( 1)
  95 T   0.09607 0.90098 0.00015 0.00279 ( 2)
  96 D   0.02108 0.96538 0.00099 0.01254 ( 2)
  97 Y   0.80919 0.18854 0.00141 0.00085 ( 1)
  98 G   0.99238 0.00684 0.00076 0.00001 ( 1)
  99 G   0.93556 0.06221 0.00204 0.00019 ( 1)
 100 T   0.28591 0.71039 0.00058 0.00312 ( 2)
 101 S   0.05687 0.93795 0.00012 0.00507 ( 2)
 102 S   0.99718 0.00150 0.00131 0.00001 ( 1)
 103 T   0.02570 0.93604 0.00521 0.03305 ( 2)
 104 I   0.08776 0.90194 0.00045 0.00984 ( 2)
 105 N   0.05346 0.93072 0.00213 0.01369 ( 2)
 106 I   0.89267 0.10531 0.00152 0.00050 ( 1)
 107 P   0.00001 0.99725 0.00000 0.00274 ( 2)
 108 S   0.00031 0.81096 0.00519 0.18354 ( 2)
 109 N   0.00103 0.98369 0.00002 0.01526 ( 2)
 110 S   0.02159 0.97199 0.00011 0.00631 ( 2)
 111 Y   0.73158 0.26536 0.00158 0.00148 ( 1)
 112 V   0.22029 0.73284 0.03008 0.01679 ( 2)
 113 Y   0.98584 0.01240 0.00170 0.00006 ( 1)
 114 N   0.57427 0.42093 0.00124 0.00357 ( 1)
 115 L   0.97730 0.02167 0.00099 0.00004 ( 1)
 116 W   0.13526 0.86306 0.00019 0.00149 ( 2)
 117 T   0.69198 0.30333 0.00288 0.00181 ( 1)
 118 E   0.96409 0.00256 0.03333 0.00002 ( 1)
 119 N   0.85147 0.14525 0.00226 0.00101 ( 1)
 120 Y   0.99039 0.00786 0.00171 0.00004 ( 1)
 121 E   0.87731 0.12167 0.00078 0.00024 ( 1)
 122 Y   0.00010 0.98127 0.00000 0.01863 ( 2)
 123 I   0.99231 0.00605 0.00160 0.00003 ( 1)
 124 Y   0.91704 0.08091 0.00162 0.00042 ( 1)
 125 P   0.99439 0.00234 0.00326 0.00001 ( 1)
 126 W   0.04344 0.95484 0.00006 0.00165 ( 2)
 127 G   0.00003 0.95916 0.00008 0.04073 ( 2)
 128 D   0.99574 0.00287 0.00138 0.00001 ( 1)
 129 P   0.18431 0.81007 0.00062 0.00500 ( 2)
 130 V   0.01883 0.97929 0.00002 0.00186 ( 2)
 131 N   0.99757 0.00030 0.00213 0.00000 ( 1)
 132 I   0.99231 0.00605 0.00160 0.00003 ( 1)
 133 T   0.38675 0.61095 0.00057 0.00173 ( 2)
 134 K   0.35027 0.64728 0.00044 0.00201 ( 2)
 135 M   0.87629 0.09058 0.03261 0.00052 ( 1)
 136 N   0.98718 0.01063 0.00211 0.00008 ( 1)
 137 F   0.99876 0.00010 0.00115 0.00000 ( 1)
 138 S   0.95119 0.04740 0.00125 0.00016 ( 1)
 139 V   0.00084 0.99634 0.00000 0.00282 ( 2)
 140 T   0.95025 0.04803 0.00157 0.00016 ( 1)
 141 D   0.99468 0.00387 0.00143 0.00002 ( 1)
 142 N   0.99782 0.00004 0.00213 0.00000 ( 1)
 143 N   0.96413 0.03300 0.00261 0.00025 ( 1)
 144 S   0.00529 0.98925 0.00001 0.00545 ( 2)
 145 S   0.54903 0.44881 0.00099 0.00117 ( 1)
 146 K   0.00002 0.99431 0.00000 0.00567 ( 2)
 147 E   0.29394 0.70431 0.00028 0.00146 ( 2)
 148 L   0.00002 0.99093 0.00000 0.00904 ( 2)
 149 I   0.11767 0.87713 0.00019 0.00501 ( 2)
 150 Y   0.99549 0.00278 0.00172 0.00001 ( 1)
 151 G   0.96263 0.03667 0.00064 0.00006 ( 1)
 152 A   0.01288 0.98115 0.00004 0.00592 ( 2)
 153 -   0.64126 0.33767 0.01380 0.00727 ( 1)
 154 -   0.38174 0.59718 0.00822 0.01285 ( 2)
 155 -   0.41953 0.55940 0.00903 0.01204 ( 2)
 156 H   0.00048 0.91648 0.00296 0.08007 ( 2)
 157 R   0.62994 0.36920 0.00039 0.00046 ( 1)
 158 T   0.00988 0.97732 0.00059 0.01222 ( 2)
 159 N   0.99782 0.00004 0.00213 0.00000 ( 1)
 160 K   0.00848 0.98201 0.00003 0.00947 ( 2)
 161 P   0.99932 0.00012 0.00057 0.00000 ( 1)
 162 V   0.43814 0.07614 0.48375 0.00197 ( 3)
 163 V   0.99888 0.00006 0.00106 0.00000 ( 1)
 164 R   0.41944 0.57683 0.00141 0.00231 ( 2)
 165 T   0.99695 0.00134 0.00171 0.00000 ( 1)
 166 D   0.99841 0.00020 0.00138 0.00000 ( 1)
 167 F   0.99878 0.00006 0.00116 0.00000 ( 1)
 168 D   0.99630 0.00178 0.00190 0.00001 ( 1)
 169 F   0.99881 0.00004 0.00115 0.00000 ( 1)
 170 L   0.99270 0.00569 0.00160 0.00002 ( 1)
 171 T   0.11633 0.86569 0.00487 0.01310 ( 2)
 172 N   0.99387 0.00340 0.00271 0.00003 ( 1)
 173 K   0.99622 0.00220 0.00158 0.00001 ( 1)
 174 E   0.23511 0.75969 0.00077 0.00442 ( 2)
 175 G   0.61913 0.38012 0.00038 0.00037 ( 1)
 176 T   0.98818 0.00963 0.00212 0.00006 ( 1)
 177 E   0.25766 0.39825 0.31956 0.02453 ( 2)
 178 L   0.04310 0.49832 0.37395 0.08464 ( 2)
 179 A   0.38776 0.60686 0.00168 0.00370 ( 2)
 180 K   0.91650 0.00944 0.07391 0.00014 ( 1)
 181 Y   0.92561 0.07225 0.00183 0.00031 ( 1)
 182 N   0.99731 0.00056 0.00213 0.00000 ( 1)
 183 D   0.98776 0.00889 0.00329 0.00006 ( 1)
 184 Y   0.99778 0.00046 0.00177 0.00000 ( 1)
 185 N   0.98854 0.00923 0.00215 0.00007 ( 1)
 186 H   0.99883 0.00010 0.00107 0.00000 ( 1)
 187 I   0.99833 0.00006 0.00161 0.00000 ( 1)
 188 L   0.99326 0.00573 0.00101 0.00001 ( 1)
 189 S   0.98899 0.00763 0.00334 0.00004 ( 1)
 190 Y   0.89747 0.10048 0.00155 0.00049 ( 1)
 191 M   0.59182 0.40771 0.00020 0.00027 ( 1)
 192 L   0.99203 0.00691 0.00104 0.00001 ( 1)
 193 I   0.23344 0.75557 0.00094 0.01005 ( 2)
 194 N   0.99186 0.00578 0.00232 0.00004 ( 1)
 195 -   0.89113 0.08779 0.01918 0.00189 ( 1)
 196 -   0.91119 0.06774 0.01961 0.00146 ( 1)
 197 -   0.78659 0.19233 0.01693 0.00414 ( 1)
 198 G   0.69522 0.30235 0.00152 0.00090 ( 1)
 199 E   0.01469 0.97717 0.00005 0.00808 ( 2)
 200 T   0.99115 0.00653 0.00230 0.00002 ( 1)
 201 F   0.28628 0.70976 0.00044 0.00351 ( 2)
 202 G   0.98552 0.01178 0.00261 0.00009 ( 1)
 203 Q   0.70880 0.28864 0.00169 0.00086 ( 1)
 204 K   0.84765 0.15084 0.00106 0.00045 ( 1)
 205 R   0.45074 0.36348 0.14558 0.04020 ( 1)
 206 H   0.99345 0.00517 0.00136 0.00002 ( 1)
 207 G   0.99906 0.00026 0.00067 0.00000 ( 1)
 208 Y   0.99816 0.00012 0.00172 0.00000 ( 1)
 209 S   0.90366 0.09315 0.00279 0.00039 ( 1)
 210 F   0.99881 0.00004 0.00115 0.00000 ( 1)
 211 A   0.99528 0.00299 0.00172 0.00002 ( 1)
 212 F   0.99878 0.00006 0.00115 0.00000 ( 1)
 213 T   0.99507 0.00255 0.00236 0.00001 ( 1)
 214 H   0.99923 0.00002 0.00076 0.00000 ( 1)
 215 S   0.99905 0.00001 0.00094 0.00000 ( 1)
 216 S   0.99690 0.00167 0.00142 0.00001 ( 1)


lnL = -3714.992603

Bayes Empirical Bayes (BEB) probabilities for 4 classes (class)
(amino acids refer to 1st sequence: BT_Cry19Aa1)

   1 E   0.00506 0.92817 0.00907 0.05770 ( 2)
   2 V   0.99171 0.00010 0.00819 0.00000 ( 1)
   3 K   0.99488 0.00026 0.00486 0.00000 ( 1)
   4 T   0.44965 0.38364 0.14051 0.02619 ( 1)
   5 E   0.99538 0.00034 0.00428 0.00000 ( 1)
   6 L   0.97502 0.01558 0.00920 0.00020 ( 1)
   7 T   0.99190 0.00112 0.00696 0.00002 ( 1)
   8 R   0.98859 0.00265 0.00873 0.00004 ( 1)
   9 E   0.99538 0.00034 0.00428 0.00000 ( 1)
  10 I   0.99478 0.00013 0.00509 0.00000 ( 1)
  11 Y   0.99323 0.00072 0.00605 0.00001 ( 1)
  12 S   0.97972 0.01091 0.00922 0.00015 ( 1)
  13 D   0.99588 0.00003 0.00410 0.00000 ( 1)
  14 V   0.99362 0.00241 0.00394 0.00002 ( 1)
  15 I   0.99444 0.00072 0.00483 0.00001 ( 1)
  16 N   0.99414 0.00007 0.00579 0.00000 ( 1)
  17 G   0.33557 0.62561 0.01154 0.02728 ( 2)
  18 E   0.27460 0.10433 0.61001 0.01107 ( 3)
  19 I   0.05815 0.89742 0.00824 0.03619 ( 2)
  20 Y   0.32289 0.66619 0.00217 0.00875 ( 2)
  21 G   0.82776 0.16598 0.00472 0.00154 ( 1)
  22 L   0.12340 0.86662 0.00063 0.00935 ( 2)
  23 M   0.59825 0.39386 0.00390 0.00400 ( 1)
  24 T   0.01034 0.95810 0.00032 0.03123 ( 2)
  25 -   0.81162 0.14654 0.03550 0.00634 ( 1)
  26 P   0.35466 0.63247 0.00306 0.00981 ( 2)
  27 Y   0.13586 0.84647 0.00082 0.01685 ( 2)
  28 F   0.01039 0.88689 0.00314 0.09957 ( 2)
  29 S   0.90488 0.07776 0.01536 0.00200 ( 1)
  30 F   0.98239 0.01350 0.00395 0.00016 ( 1)
  31 E   0.05465 0.93066 0.00073 0.01396 ( 2)
  32 K   0.21767 0.72446 0.03356 0.02431 ( 2)
  33 A   0.68557 0.30744 0.00295 0.00404 ( 1)
  34 E   0.99538 0.00034 0.00428 0.00000 ( 1)
  35 S   0.86762 0.10476 0.02434 0.00328 ( 1)
  36 L   0.99419 0.00260 0.00320 0.00002 ( 1)
  37 Y   0.99415 0.00025 0.00559 0.00000 ( 1)
  38 T   0.99261 0.00097 0.00640 0.00001 ( 1)
  39 R   0.55480 0.06106 0.36701 0.01714 ( 1)
  40 A   0.02202 0.79171 0.10531 0.08096 ( 2)
  41 P   0.98943 0.00049 0.01007 0.00001 ( 1)
  42 H   0.99686 0.00004 0.00310 0.00000 ( 1)
  43 L   0.30326 0.57485 0.04911 0.07277 ( 2)
  44 F   0.98427 0.00693 0.00872 0.00008 ( 1)
  45 T   0.99486 0.00010 0.00503 0.00000 ( 1)
  46 W   0.95457 0.03364 0.01130 0.00049 ( 1)
  47 L   0.98076 0.00375 0.01541 0.00008 ( 1)
  48 K   0.66721 0.28023 0.03859 0.01397 ( 1)
  49 G   0.98600 0.00835 0.00557 0.00007 ( 1)
  50 F   0.99317 0.00288 0.00392 0.00003 ( 1)
  51 R   0.75765 0.22129 0.01477 0.00630 ( 1)
  52 F   0.99601 0.00006 0.00393 0.00000 ( 1)
  53 V   0.99329 0.00125 0.00545 0.00001 ( 1)
  54 T   0.97929 0.00847 0.01210 0.00014 ( 1)
  55 N   0.99414 0.00007 0.00579 0.00000 ( 1)
  56 S   0.43720 0.55474 0.00201 0.00605 ( 2)
  57 I   0.98974 0.00538 0.00481 0.00007 ( 1)
  58 S   0.91043 0.08241 0.00594 0.00122 ( 1)
  59 Y   0.00506 0.95556 0.00057 0.03880 ( 2)
  60 -   0.95187 0.00629 0.04157 0.00027 ( 1)
  61 -   0.05509 0.90307 0.00242 0.03942 ( 2)
  62 -   0.00291 0.95525 0.00013 0.04171 ( 2)
  63 -   0.23960 0.71856 0.01052 0.03132 ( 2)
  64 -   0.87675 0.08141 0.03832 0.00352 ( 1)
  65 -   0.74014 0.21802 0.03240 0.00944 ( 1)
  66 W   0.95457 0.03364 0.01130 0.00049 ( 1)
  67 T   0.39255 0.59789 0.00256 0.00700 ( 2)
  68 F   0.99366 0.00199 0.00433 0.00002 ( 1)
  69 L   0.99010 0.00332 0.00654 0.00003 ( 1)
  70 S   0.91765 0.07268 0.00867 0.00100 ( 1)
  71 G   0.99609 0.00089 0.00301 0.00001 ( 1)
  72 G   0.00192 0.98569 0.00001 0.01238 ( 2)
  73 Q   0.42172 0.57064 0.00247 0.00517 ( 2)
  74 N   0.99387 0.00033 0.00579 0.00001 ( 1)
  75 K   0.97532 0.01395 0.01047 0.00026 ( 1)
  76 Y   0.97941 0.01510 0.00529 0.00020 ( 1)
  77 S   0.97300 0.02064 0.00608 0.00028 ( 1)
  78 Y   0.15930 0.82318 0.00129 0.01623 ( 2)
  79 T   0.81348 0.17915 0.00506 0.00231 ( 1)
  80 N   0.00229 0.97211 0.00002 0.02557 ( 2)
  81 -   0.67085 0.28731 0.02939 0.01245 ( 1)
  82 N   0.00005 0.96112 0.00000 0.03882 ( 2)
  83 S   0.00290 0.87384 0.01118 0.11208 ( 2)
  84 S   0.00226 0.95006 0.00037 0.04731 ( 2)
  85 I   0.96706 0.02787 0.00470 0.00037 ( 1)
  86 N   0.00042 0.95890 0.00003 0.04065 ( 2)
  87 E   0.00554 0.90803 0.01119 0.07524 ( 2)
  88 G   0.95944 0.02899 0.01108 0.00048 ( 1)
  89 S   0.90997 0.01548 0.07417 0.00038 ( 1)
  90 F   0.99491 0.00041 0.00467 0.00001 ( 1)
  91 R   0.00000 0.79187 0.00002 0.20811 ( 2)
  92 G   0.98083 0.01004 0.00900 0.00013 ( 1)
  93 Q   0.07100 0.91568 0.00077 0.01255 ( 2)
  94 D   0.89894 0.09318 0.00672 0.00117 ( 1)
  95 T   0.25565 0.73401 0.00165 0.00869 ( 2)
  96 D   0.08524 0.88205 0.00691 0.02580 ( 2)
  97 Y   0.89316 0.10060 0.00491 0.00132 ( 1)
  98 G   0.99144 0.00539 0.00313 0.00004 ( 1)
  99 G   0.94369 0.04613 0.00955 0.00063 ( 1)
 100 T   0.48014 0.51026 0.00300 0.00660 ( 2)
 101 S   0.19387 0.79280 0.00128 0.01206 ( 2)
 102 S   0.99405 0.00140 0.00453 0.00002 ( 1)
 103 T   0.09122 0.82235 0.02758 0.05886 ( 2)
 104 I   0.22585 0.75419 0.00243 0.01752 ( 2)
 105 N   0.17662 0.78513 0.01266 0.02560 ( 2)
 106 I   0.93745 0.05702 0.00479 0.00074 ( 1)
 107 P   0.00011 0.98691 0.00000 0.01297 ( 2)
 108 S   0.00220 0.72928 0.02880 0.23973 ( 2)
 109 N   0.00646 0.95885 0.00025 0.03444 ( 2)
 110 S   0.06025 0.91986 0.00100 0.01889 ( 2)
 111 Y   0.84702 0.14523 0.00552 0.00224 ( 1)
 112 V   0.44268 0.47414 0.06594 0.01723 ( 2)
 113 Y   0.98587 0.00869 0.00532 0.00012 ( 1)
 114 N   0.76866 0.22228 0.00452 0.00454 ( 1)
 115 L   0.97214 0.02122 0.00642 0.00022 ( 1)
 116 W   0.25816 0.72810 0.00306 0.01068 ( 2)
 117 T   0.79236 0.19373 0.01037 0.00355 ( 1)
 118 E   0.92392 0.00223 0.07379 0.00005 ( 1)
 119 N   0.90085 0.09118 0.00640 0.00157 ( 1)
 120 Y   0.98901 0.00557 0.00534 0.00007 ( 1)
 121 E   0.92039 0.07491 0.00404 0.00066 ( 1)
 122 Y   0.00082 0.96004 0.00006 0.03907 ( 2)
 123 I   0.99070 0.00443 0.00481 0.00006 ( 1)
 124 Y   0.94258 0.05142 0.00525 0.00076 ( 1)
 125 P   0.99075 0.00253 0.00669 0.00003 ( 1)
 126 W   0.11315 0.87270 0.00134 0.01281 ( 2)
 127 G   0.00033 0.91651 0.00094 0.08223 ( 2)
 128 D   0.99372 0.00217 0.00409 0.00003 ( 1)
 129 P   0.36314 0.62670 0.00249 0.00766 ( 2)
 130 V   0.06833 0.92237 0.00038 0.00891 ( 2)
 131 N   0.99387 0.00033 0.00579 0.00001 ( 1)
 132 I   0.99070 0.00443 0.00481 0.00006 ( 1)
 133 T   0.58127 0.41033 0.00368 0.00471 ( 1)
 134 K   0.58057 0.41196 0.00285 0.00462 ( 1)
 135 M   0.88466 0.04748 0.06704 0.00082 ( 1)
 136 N   0.98629 0.00782 0.00575 0.00014 ( 1)
 137 F   0.99594 0.00013 0.00393 0.00000 ( 1)
 138 S   0.96385 0.03141 0.00440 0.00034 ( 1)
 139 V   0.00518 0.98266 0.00005 0.01211 ( 2)
 140 T   0.95620 0.03697 0.00638 0.00045 ( 1)
 141 D   0.99271 0.00300 0.00424 0.00004 ( 1)
 142 N   0.99414 0.00007 0.00579 0.00000 ( 1)
 143 N   0.97057 0.02197 0.00706 0.00041 ( 1)
 144 S   0.02796 0.95696 0.00020 0.01488 ( 2)
 145 S   0.68362 0.30580 0.00644 0.00414 ( 1)
 146 K   0.00023 0.98343 0.00000 0.01633 ( 2)
 147 E   0.49795 0.49527 0.00227 0.00451 ( 1)
 148 L   0.00023 0.97388 0.00001 0.02588 ( 2)
 149 I   0.28232 0.70547 0.00141 0.01081 ( 2)
 150 Y   0.99207 0.00254 0.00536 0.00003 ( 1)
 151 G   0.97363 0.02331 0.00291 0.00016 ( 1)
 152 A   0.04493 0.93744 0.00052 0.01711 ( 2)
 153 -   0.67085 0.28731 0.02939 0.01245 ( 1)
 154 -   0.48522 0.47294 0.02128 0.02056 ( 1)
 155 -   0.51896 0.43920 0.02276 0.01908 ( 1)
 156 H   0.00291 0.84284 0.01723 0.13702 ( 2)
 157 R   0.78864 0.20677 0.00305 0.00154 ( 1)
 158 T   0.03711 0.92088 0.00517 0.03683 ( 2)
 159 N   0.99414 0.00007 0.00579 0.00000 ( 1)
 160 K   0.03374 0.94289 0.00035 0.02301 ( 2)
 161 P   0.99674 0.00014 0.00312 0.00000 ( 1)
 162 V   0.41816 0.03550 0.54437 0.00196 ( 3)
 163 V   0.99615 0.00008 0.00377 0.00000 ( 1)
 164 R   0.57740 0.40517 0.00958 0.00786 ( 1)
 165 T   0.99175 0.00152 0.00671 0.00002 ( 1)
 166 D   0.99568 0.00023 0.00410 0.00000 ( 1)
 167 F   0.99595 0.00008 0.00397 0.00000 ( 1)
 168 D   0.99313 0.00146 0.00539 0.00002 ( 1)
 169 F   0.99601 0.00006 0.00393 0.00000 ( 1)
 170 L   0.98750 0.00485 0.00759 0.00006 ( 1)
 171 T   0.28347 0.67481 0.02014 0.02158 ( 2)
 172 N   0.98929 0.00345 0.00720 0.00006 ( 1)
 173 K   0.99196 0.00203 0.00598 0.00003 ( 1)
 174 E   0.47627 0.51063 0.00472 0.00838 ( 2)
 175 G   0.74579 0.24781 0.00422 0.00218 ( 1)
 176 T   0.98662 0.00715 0.00611 0.00012 ( 1)
 177 E   0.30686 0.22459 0.44389 0.02466 ( 3)
 178 L   0.07361 0.31487 0.54219 0.06933 ( 3)
 179 A   0.54924 0.43584 0.00718 0.00775 ( 1)
 180 K   0.85756 0.00743 0.13473 0.00029 ( 1)
 181 Y   0.93818 0.05512 0.00598 0.00072 ( 1)
 182 N   0.99357 0.00063 0.00579 0.00001 ( 1)
 183 D   0.98490 0.00634 0.00865 0.00011 ( 1)
 184 Y   0.99387 0.00058 0.00554 0.00001 ( 1)
 185 N   0.98733 0.00663 0.00592 0.00013 ( 1)
 186 H   0.99601 0.00014 0.00385 0.00000 ( 1)
 187 I   0.99509 0.00008 0.00483 0.00000 ( 1)
 188 L   0.98757 0.00584 0.00652 0.00006 ( 1)
 189 S   0.98021 0.00776 0.01189 0.00013 ( 1)
 190 Y   0.93239 0.06171 0.00504 0.00086 ( 1)
 191 M   0.76782 0.22808 0.00265 0.00145 ( 1)
 192 L   0.98633 0.00700 0.00659 0.00007 ( 1)
 193 I   0.42688 0.55455 0.00407 0.01450 ( 2)
 194 N   0.98945 0.00421 0.00627 0.00007 ( 1)
 195 -   0.87675 0.08141 0.03832 0.00352 ( 1)
 196 -   0.89328 0.06488 0.03904 0.00280 ( 1)
 197 -   0.79358 0.16458 0.03472 0.00712 ( 1)
 198 G   0.79318 0.19568 0.00835 0.00279 ( 1)
 199 E   0.05072 0.92829 0.00063 0.02036 ( 2)
 200 T   0.98066 0.00669 0.01254 0.00011 ( 1)
 201 F   0.53792 0.45293 0.00274 0.00641 ( 1)
 202 G   0.98396 0.00968 0.00621 0.00015 ( 1)
 203 Q   0.80403 0.18417 0.00906 0.00273 ( 1)
 204 K   0.90462 0.08998 0.00443 0.00097 ( 1)
 205 R   0.50782 0.22952 0.22686 0.03580 ( 1)
 206 H   0.98994 0.00534 0.00466 0.00006 ( 1)
 207 G   0.99670 0.00032 0.00299 0.00000 ( 1)
 208 Y   0.99447 0.00016 0.00537 0.00000 ( 1)
 209 S   0.91758 0.06909 0.01215 0.00118 ( 1)
 210 F   0.99601 0.00006 0.00393 0.00000 ( 1)
 211 A   0.99269 0.00264 0.00464 0.00003 ( 1)
 212 F   0.99596 0.00008 0.00396 0.00000 ( 1)
 213 T   0.98954 0.00282 0.00760 0.00004 ( 1)
 214 H   0.99712 0.00002 0.00286 0.00000 ( 1)
 215 S   0.99691 0.00002 0.00307 0.00000 ( 1)
 216 S   0.99366 0.00187 0.00445 0.00002 ( 1)

