Supplemental results for CODEML (seqf: algn  treef: tree)


dN/dS (w) for site classes (K=4)

site class             0        1       2a       2b
proportion       0.36070  0.42433  0.09877  0.11619
background w     0.10032  1.07373  0.10032  1.07373
foreground w     0.10032  1.07373 31.09142 31.09142

Naive Empirical Bayes (NEB) probabilities for 4 classes
(amino acids refer to 1st sequence: BT_Cry30Da1)

   1 -   0.56586 0.21917 0.15495 0.06002 ( 1)
   2 -   0.10018 0.68485 0.02743 0.18753 ( 2)
   3 -   0.76836 0.01668 0.21040 0.00457 ( 1)
   4 R   0.97813 0.00055 0.02127 0.00006 ( 1)
   5 I   0.97170 0.00023 0.02804 0.00003 ( 1)
   6 T   0.97442 0.00040 0.02514 0.00004 ( 1)
   7 Q   0.94510 0.04706 0.00601 0.00183 ( 1)
   8 I   0.71386 0.22753 0.02758 0.03102 ( 1)
   9 P   0.99179 0.00064 0.00754 0.00002 ( 1)
  10 A   0.91966 0.02524 0.05002 0.00507 ( 1)
  11 V   0.95387 0.01930 0.02378 0.00305 ( 1)
  12 K   0.98301 0.00005 0.01693 0.00001 ( 1)
  13 A   0.95461 0.02609 0.01557 0.00373 ( 1)
  14 H   0.66399 0.27087 0.01719 0.04795 ( 1)
  15 Y   0.00000 0.83249 0.00000 0.16751 ( 2)
  16 L   0.06980 0.59929 0.15751 0.17339 ( 2)
  17 S   0.16937 0.71481 0.00286 0.11297 ( 2)
  18 A   0.00045 0.74496 0.00029 0.25430 ( 2)
  19 T   0.00635 0.83984 0.00067 0.15314 ( 2)
  20 A   0.07108 0.62563 0.12259 0.18070 ( 2)
  21 K   0.03040 0.63424 0.18762 0.14773 ( 2)
  22 V   0.97739 0.00011 0.02248 0.00001 ( 1)
  23 I   0.97844 0.00024 0.02129 0.00003 ( 1)
  24 A   0.06401 0.67361 0.03423 0.22815 ( 2)
  25 G   0.00925 0.00018 0.99029 0.00028 ( 3)
  26 P   0.00916 0.00005 0.99073 0.00006 ( 3)
  27 G   0.98676 0.00009 0.01314 0.00000 ( 1)
  28 H   0.06667 0.47779 0.25857 0.19697 ( 2)
  29 T   0.01431 0.03621 0.91556 0.03392 ( 3)
  30 G   0.99366 0.00003 0.00631 0.00000 ( 1)
  31 G   0.99121 0.00499 0.00378 0.00002 ( 1)
  32 D   0.92447 0.04583 0.02200 0.00770 ( 1)
  33 L   0.82275 0.00829 0.16784 0.00112 ( 1)
  34 V   0.85241 0.01051 0.13567 0.00141 ( 1)
  35 A   0.01135 0.39044 0.38158 0.21663 ( 2)
  36 L   0.03016 0.58404 0.15810 0.22770 ( 2)
  37 -   0.36070 0.42433 0.09877 0.11619 ( 2)
  38 -   0.36070 0.42433 0.09877 0.11619 ( 2)
  39 -   0.36070 0.42433 0.09877 0.11619 ( 2)
  40 -   0.36070 0.42433 0.09877 0.11619 ( 2)
  41 I   0.10157 0.69413 0.00601 0.19829 ( 2)
  42 N   0.13168 0.37935 0.38413 0.10484 ( 3)
  43 D   0.20994 0.62886 0.03700 0.12420 ( 2)
  44 G   0.04497 0.75079 0.02283 0.18141 ( 2)
  45 S   0.00003 0.66189 0.00094 0.33714 ( 2)
  46 R   0.00052 0.79481 0.00024 0.20443 ( 2)
  47 T   0.01010 0.58106 0.20486 0.20398 ( 2)
  48 G   0.14207 0.63293 0.09168 0.13333 ( 2)
  49 S   0.05232 0.76277 0.00507 0.17984 ( 2)
  50 M   0.41563 0.51509 0.01755 0.05174 ( 2)
  51 N   0.00002 0.81155 0.00045 0.18798 ( 2)
  52 I   0.89195 0.06837 0.02732 0.01235 ( 1)
  53 E   0.03646 0.79117 0.00963 0.16274 ( 2)
  54 C   0.01453 0.03396 0.90079 0.05073 ( 3)
  55 K   0.05664 0.03103 0.89598 0.01636 ( 3)
  56 T   0.17710 0.63655 0.08014 0.10621 ( 2)
  57 G   0.00399 0.78351 0.00487 0.20763 ( 2)
  58 S   0.00009 0.68283 0.00072 0.31636 ( 2)
  59 F   0.00034 0.59834 0.00252 0.39880 ( 2)
  60 T   0.26179 0.58852 0.03236 0.11733 ( 2)
  61 Q   0.39325 0.39178 0.10769 0.10728 ( 1)
  62 P   0.40209 0.38295 0.11010 0.10486 ( 1)
  63 S   0.00008 0.78112 0.00003 0.21877 ( 2)
  64 R   0.02146 0.67355 0.04996 0.25503 ( 2)
  65 R   0.71063 0.24587 0.01330 0.03020 ( 1)
  66 F   0.98174 0.00090 0.01734 0.00003 ( 1)
  67 G   0.00281 0.77842 0.00648 0.21230 ( 2)
  68 L   0.04944 0.66122 0.09013 0.19920 ( 2)
  69 R   0.99008 0.00017 0.00974 0.00001 ( 1)
  70 M   0.97305 0.00046 0.02641 0.00008 ( 1)
  71 R   0.70442 0.00039 0.29496 0.00023 ( 1)
  72 Y   0.98878 0.00002 0.01119 0.00000 ( 1)
  73 A   0.97846 0.00033 0.02118 0.00003 ( 1)
  74 E   0.86726 0.10639 0.01547 0.01088 ( 1)
  75 N   0.97327 0.00276 0.02367 0.00030 ( 1)
  76 N   0.01559 0.62289 0.17266 0.18886 ( 2)
  77 Q   0.01355 0.77866 0.04262 0.16518 ( 2)
  78 F   0.32902 0.62200 0.00299 0.04599 ( 2)
  79 S   0.00188 0.51404 0.05400 0.43008 ( 2)
  80 V   0.99151 0.00050 0.00797 0.00002 ( 1)
  81 S   0.01120 0.86904 0.00208 0.11768 ( 2)
  82 I   0.10798 0.58949 0.14874 0.15379 ( 2)
  83 L   0.00000 0.76613 0.00000 0.23386 ( 2)
  84 R   0.00053 0.82206 0.00070 0.17670 ( 2)
  85 D   0.00008 0.78495 0.00002 0.21494 ( 2)
  86 N   0.00001 0.78502 0.00000 0.21496 ( 2)
  87 Q   0.01873 0.76631 0.00513 0.20984 ( 2)
  88 -   0.36070 0.42433 0.09877 0.11619 ( 2)
  89 G   0.00168 0.74137 0.00248 0.25447 ( 2)
  90 V   0.00067 0.81965 0.00014 0.17954 ( 2)
  91 G   0.04162 0.74747 0.03795 0.17296 ( 2)
  92 T   0.00003 0.79232 0.00002 0.20764 ( 2)
  93 F   0.00091 0.16778 0.68340 0.14790 ( 3)
  94 N   0.00127 0.73426 0.00016 0.26432 ( 2)
  95 I   0.00004 0.84851 0.00001 0.15144 ( 2)
  96 E   0.02290 0.71749 0.00268 0.25693 ( 2)
  97 R   0.80277 0.17192 0.00823 0.01708 ( 1)
  98 T   0.10703 0.64059 0.05418 0.19820 ( 2)
  99 F   0.97451 0.01052 0.01408 0.00089 ( 1)
 100 S   0.97089 0.00410 0.02471 0.00030 ( 1)
 101 R   0.93519 0.06019 0.00326 0.00136 ( 1)
 102 T   0.14526 0.29195 0.44360 0.11919 ( 3)
 103 N   0.42883 0.35620 0.11743 0.09754 ( 1)
 104 N   0.42883 0.35620 0.11743 0.09754 ( 1)
 105 I   0.41180 0.37324 0.11276 0.10220 ( 1)
 106 I   0.00194 0.60503 0.02374 0.36929 ( 2)
 107 P   0.92903 0.05453 0.01159 0.00486 ( 1)
 108 T   0.00257 0.74158 0.00169 0.25417 ( 2)
 109 D   0.00336 0.78431 0.01416 0.19817 ( 2)
 110 L   0.64412 0.04101 0.30358 0.01130 ( 1)
 111 K   0.76723 0.00846 0.22321 0.00110 ( 1)
 112 Y   0.98798 0.00065 0.01132 0.00005 ( 1)
 113 N   0.97059 0.00643 0.02191 0.00108 ( 1)
 114 E   0.55016 0.44010 0.00476 0.00498 ( 1)
 115 F   0.98994 0.00001 0.01006 0.00000 ( 1)
 116 K   0.38890 0.41823 0.13539 0.05748 ( 2)
 117 Y   0.98828 0.00005 0.01168 0.00000 ( 1)
 118 N   0.00526 0.74178 0.01635 0.23661 ( 2)
 119 N   0.01804 0.63350 0.15296 0.19550 ( 2)
 120 Y   0.02650 0.51873 0.27142 0.18335 ( 2)
 121 D   0.28506 0.49998 0.07806 0.13691 ( 2)
 122 E   0.00027 0.56264 0.02195 0.41514 ( 2)
 123 I   0.08546 0.73934 0.01377 0.16142 ( 2)
 124 T   0.00402 0.75233 0.00423 0.23941 ( 2)
 125 M   0.00000 0.54706 0.00002 0.45292 ( 2)
 126 D   0.00008 0.68632 0.00099 0.31261 ( 2)
 127 L   0.00753 0.78555 0.00726 0.19965 ( 2)
 128 P   0.00048 0.79712 0.00009 0.20230 ( 2)
 129 P   0.57164 0.35305 0.01706 0.05824 ( 1)
 130 N   0.05836 0.03890 0.88275 0.01998 ( 3)
 131 K   0.00436 0.47961 0.29262 0.22341 ( 2)
 132 I   0.00282 0.76634 0.00035 0.23049 ( 2)
 133 I   0.00276 0.89654 0.00032 0.10038 ( 2)
 134 -   0.12038 0.66466 0.03296 0.18200 ( 2)
 135 -   0.36636 0.41867 0.10032 0.11465 ( 2)
 136 D   0.12630 0.70875 0.01994 0.14501 ( 2)
 137 I   0.10048 0.69381 0.04355 0.16217 ( 2)
 138 R   0.00016 0.82415 0.00089 0.17480 ( 2)
 139 I   0.00962 0.74172 0.00418 0.24448 ( 2)
 140 Q   0.11582 0.70391 0.04213 0.13814 ( 2)
 141 Q   0.00021 0.68060 0.00566 0.31352 ( 2)
 142 T   0.71514 0.22966 0.02456 0.03064 ( 1)
 143 N   0.00163 0.76682 0.00362 0.22793 ( 2)
 144 S   0.01856 0.76647 0.00508 0.20988 ( 2)
 145 L   0.00079 0.72993 0.00327 0.26601 ( 2)
 146 S   0.03723 0.76058 0.00958 0.19262 ( 2)
 147 I   0.00001 0.74405 0.00002 0.25593 ( 2)
 148 N   0.03214 0.80832 0.01359 0.14595 ( 2)
 149 Q   0.40075 0.42813 0.07249 0.09863 ( 2)
 150 F   0.23636 0.61333 0.06542 0.08489 ( 2)
 151 I   0.68748 0.29660 0.01151 0.00441 ( 1)
 152 I   0.94271 0.01415 0.03982 0.00332 ( 1)
 153 D   0.98192 0.00003 0.01805 0.00000 ( 1)
 154 R   0.92205 0.04229 0.02953 0.00613 ( 1)
 155 I   0.37593 0.06562 0.54868 0.00977 ( 3)
 156 E   0.97988 0.00009 0.02003 0.00001 ( 1)
 157 F   0.98272 0.00081 0.01644 0.00003 ( 1)
 158 Y   0.89743 0.06610 0.02724 0.00922 ( 1)
 159 P   0.98529 0.00474 0.00927 0.00070 ( 1)


lnL = -2948.363614

