Supplemental results for CODEML (seqf: algn  treef: tree)


dN/dS (w) for site classes (K=4)

site class             0        1       2a       2b
proportion       0.17010  0.25455  0.23047  0.34488
background w     0.08201  1.00000  0.08201  1.00000
foreground w     0.08201  1.00000  1.00000  1.00000

Naive Empirical Bayes (NEB) probabilities for 4 classes
(amino acids refer to 1st sequence: BT_Cry40Aa1)

   1 S   0.26140 0.16325 0.35417 0.22119 ( 3)
   2 L   0.05823 0.36642 0.07889 0.49646 ( 4)
   3 G   0.00002 0.42463 0.00002 0.57533 ( 4)
   4 G   0.02711 0.39784 0.03602 0.53903 ( 4)
   5 I   0.05851 0.36703 0.07718 0.49728 ( 4)
   6 N   0.00018 0.42447 0.00024 0.57511 ( 4)
   7 T   0.00017 0.42448 0.00023 0.57512 ( 4)
   8 L   0.14227 0.28460 0.18753 0.38560 ( 4)
   9 F   0.00164 0.42299 0.00226 0.57311 ( 4)
  10 S   0.01564 0.40914 0.02089 0.55433 ( 4)
  11 I   0.06970 0.35604 0.09187 0.48239 ( 4)
  12 I   0.32127 0.10840 0.42346 0.14687 ( 3)
  13 G   0.00000 0.42465 0.00000 0.57535 ( 4)
  14 K   0.05258 0.37284 0.06943 0.50516 ( 4)
  15 L   0.35623 0.06902 0.48123 0.09352 ( 3)
  16 I   0.30001 0.12919 0.39576 0.17504 ( 3)
  17 P   0.36809 0.05837 0.49444 0.07909 ( 3)
  18 T   0.21498 0.21226 0.28517 0.28759 ( 4)
  19 N   0.04291 0.38226 0.05691 0.51792 ( 4)
  20 H   0.03802 0.38710 0.05040 0.52448 ( 4)
  21 Q   0.02224 0.40263 0.02960 0.54552 ( 4)
  22 S   0.00243 0.42225 0.00322 0.57210 ( 4)
  23 V   0.08895 0.33632 0.11906 0.45567 ( 4)
  24 S   0.02955 0.39548 0.03913 0.53584 ( 4)
  25 A   0.03392 0.39116 0.04493 0.52999 ( 4)
  26 L   0.40497 0.02455 0.53723 0.03326 ( 3)
  27 S   0.40478 0.02475 0.53693 0.03354 ( 3)
  28 I   0.42041 0.01081 0.55413 0.01465 ( 3)
  29 C   0.40119 0.02820 0.53241 0.03820 ( 3)
  30 D   0.42708 0.00543 0.56013 0.00736 ( 3)
  31 L   0.38605 0.04245 0.51399 0.05751 ( 3)
  32 L   0.17685 0.24582 0.24426 0.33306 ( 4)
  33 S   0.40307 0.02644 0.53466 0.03582 ( 3)
  34 I   0.42041 0.01081 0.55413 0.01465 ( 3)
  35 I   0.41892 0.01208 0.55263 0.01637 ( 3)
  36 R   0.37402 0.05387 0.49912 0.07299 ( 3)
  37 K   0.28901 0.13984 0.38167 0.18947 ( 3)
  38 E   0.38000 0.04808 0.50676 0.06515 ( 3)
  39 V   0.28310 0.14551 0.37425 0.19715 ( 3)
  40 A   0.00922 0.41548 0.01236 0.56294 ( 4)
  41 D   0.02752 0.39737 0.03670 0.53840 ( 4)
  42 S   0.24534 0.18016 0.33041 0.24409 ( 3)
  43 V   0.04829 0.37670 0.06463 0.51039 ( 4)
  44 L   0.38605 0.04245 0.51399 0.05751 ( 3)
  45 S   0.00580 0.41893 0.00767 0.56760 ( 4)
  46 D   0.00107 0.42358 0.00144 0.57391 ( 4)
  47 A   0.00066 0.42400 0.00088 0.57447 ( 4)
  48 I   0.00034 0.42431 0.00045 0.57490 ( 4)
  49 C   0.00022 0.42443 0.00029 0.57506 ( 4)
  50 R   0.02444 0.40066 0.03206 0.54285 ( 4)
  51 F   0.42307 0.00853 0.55685 0.01155 ( 3)
  52 L   0.17010 0.25455 0.23047 0.34488 ( 4)
  53 D   0.00142 0.42322 0.00194 0.57342 ( 4)
  54 G   0.40722 0.02246 0.53988 0.03043 ( 3)
  55 K   0.00268 0.42201 0.00354 0.57177 ( 4)
  56 L   0.01250 0.41232 0.01654 0.55864 ( 4)
  57 K   0.00012 0.42453 0.00015 0.57520 ( 4)
  58 N   0.00579 0.41893 0.00767 0.56761 ( 4)
  59 Y   0.26638 0.16181 0.35258 0.21923 ( 3)
  60 R   0.00000 0.42464 0.00001 0.57535 ( 4)
  61 E   0.00001 0.42464 0.00002 0.57534 ( 4)
  62 Y   0.41089 0.01922 0.54385 0.02604 ( 3)
  63 Y   0.41089 0.01922 0.54385 0.02604 ( 3)
  64 L   0.40497 0.02455 0.53723 0.03326 ( 3)
  65 P   0.00000 0.42465 0.00000 0.57535 ( 4)
  66 Y   0.03625 0.38887 0.04800 0.52688 ( 4)
  67 L   0.40497 0.02455 0.53723 0.03326 ( 3)
  68 E   0.00006 0.42459 0.00008 0.57527 ( 4)
  69 A   0.00000 0.42464 0.00001 0.57535 ( 4)
  70 W   0.30530 0.12085 0.41011 0.16374 ( 3)
  71 L   0.40497 0.02455 0.53723 0.03326 ( 3)
  72 K   0.00000 0.42465 0.00000 0.57535 ( 4)
  73 D   0.00018 0.42447 0.00024 0.57511 ( 4)
  74 G   0.00563 0.41910 0.00744 0.56783 ( 4)
  75 K   0.00022 0.42443 0.00029 0.57506 ( 4)
  76 P   0.36301 0.06163 0.49185 0.08351 ( 3)
  77 L   0.01292 0.41172 0.01751 0.55784 ( 4)
  78 Q   0.00627 0.41837 0.00850 0.56685 ( 4)
  79 K   0.00346 0.42119 0.00469 0.57067 ( 4)
  80 T   0.20496 0.21968 0.27770 0.29765 ( 4)
  81 N   0.01011 0.41472 0.01326 0.56191 ( 4)
  82 N   0.00005 0.42460 0.00006 0.57529 ( 4)
  83 S   0.00000 0.42465 0.00000 0.57535 ( 4)
  84 D   0.00000 0.42465 0.00000 0.57535 ( 4)
  85 I   0.18503 0.24185 0.24545 0.32768 ( 4)
  86 G   0.00000 0.42465 0.00000 0.57535 ( 4)
  87 Q   0.00049 0.42416 0.00066 0.57469 ( 4)
  88 L   0.24351 0.18454 0.32191 0.25004 ( 3)
  89 V   0.05483 0.37060 0.07245 0.50212 ( 4)
  90 K   0.00000 0.42465 0.00000 0.57535 ( 4)
  91 Y   0.00217 0.42249 0.00291 0.57243 ( 4)
  92 F   0.31714 0.10918 0.42576 0.14792 ( 3)
  93 E   0.00038 0.42427 0.00050 0.57485 ( 4)
  94 L   0.00000 0.42465 0.00000 0.57535 ( 4)
  95 S   0.00105 0.42360 0.00142 0.57393 ( 4)
  96 E   0.29286 0.13614 0.38655 0.18445 ( 3)
  97 R   0.00022 0.42443 0.00029 0.57506 ( 4)
  98 D   0.00054 0.42412 0.00071 0.57464 ( 4)
  99 F   0.32118 0.10516 0.43118 0.14248 ( 3)
 100 N   0.10321 0.32275 0.13675 0.43729 ( 4)
 101 E   0.00256 0.42213 0.00338 0.57194 ( 4)
 102 I   0.22878 0.19861 0.30350 0.26910 ( 3)
 103 L   0.13922 0.28681 0.18536 0.38860 ( 4)
 104 G   0.00002 0.42463 0.00002 0.57533 ( 4)
 105 G   0.33500 0.09169 0.44908 0.12423 ( 3)
 106 S   0.01422 0.41055 0.01898 0.55625 ( 4)
 107 L   0.38318 0.04529 0.51016 0.06137 ( 3)
 108 A   0.11171 0.31387 0.14916 0.42526 ( 4)
 109 R   0.03180 0.39321 0.04223 0.53275 ( 4)
 110 N   0.00001 0.42464 0.00001 0.57535 ( 4)
 111 N   0.22000 0.20785 0.29053 0.28162 ( 3)
 112 A   0.25365 0.17434 0.33580 0.23621 ( 3)
 113 Q   0.03144 0.39366 0.04152 0.53337 ( 4)
 114 I   0.28129 0.14775 0.37076 0.20019 ( 3)
 115 L   0.36818 0.06014 0.49019 0.08149 ( 3)
 116 L   0.38605 0.04245 0.51399 0.05751 ( 3)
 117 L   0.35869 0.06842 0.48019 0.09270 ( 3)
 118 P   0.38928 0.03927 0.51823 0.05321 ( 3)
 119 Y   0.02645 0.39836 0.03544 0.53974 ( 4)
 120 F   0.05421 0.37116 0.07175 0.50288 ( 4)
 121 C   0.00001 0.42464 0.00001 0.57535 ( 4)
 122 A   0.02527 0.39964 0.03363 0.54147 ( 4)
 123 S   0.00321 0.42148 0.00425 0.57106 ( 4)
 124 C   0.03916 0.38599 0.05186 0.52298 ( 4)
 125 K   0.36622 0.06504 0.48062 0.08812 ( 3)
 126 C   0.00008 0.42457 0.00010 0.57525 ( 4)
 127 Q   0.20152 0.22608 0.26610 0.30631 ( 4)
 128 L   0.38605 0.04245 0.51399 0.05751 ( 3)
 129 L   0.38605 0.04245 0.51399 0.05751 ( 3)
 130 L   0.36731 0.06040 0.49044 0.08184 ( 3)
 131 L   0.38605 0.04245 0.51399 0.05751 ( 3)
 132 R   0.34760 0.07947 0.46526 0.10767 ( 3)
 133 D   0.41937 0.00787 0.56208 0.01067 ( 3)
 134 A   0.00868 0.41608 0.01149 0.56375 ( 4)
 135 V   0.41466 0.01587 0.54798 0.02150 ( 3)
 136 Q   0.19590 0.23155 0.25883 0.31372 ( 4)
 137 Y   0.41089 0.01922 0.54385 0.02604 ( 3)
 138 E   0.29075 0.13814 0.38395 0.18716 ( 3)
 139 E   0.00002 0.42463 0.00002 0.57533 ( 4)
 140 Q   0.00035 0.42430 0.00046 0.57489 ( 4)
 141 W   0.30530 0.12085 0.41011 0.16374 ( 3)
 142 F   0.00004 0.42460 0.00006 0.57529 ( 4)
 143 P   0.00000 0.42465 0.00000 0.57535 ( 4)
 144 F   0.00011 0.42453 0.00015 0.57520 ( 4)
 145 L   0.01299 0.41180 0.01725 0.55795 ( 4)
 146 S   0.00092 0.42374 0.00122 0.57412 ( 4)
 147 A   0.00077 0.42388 0.00103 0.57432 ( 4)
 148 E   0.02086 0.40393 0.02794 0.54728 ( 4)
 149 N   0.00883 0.41593 0.01169 0.56355 ( 4)
 150 V   0.03437 0.39061 0.04579 0.52923 ( 4)
 151 R   0.03249 0.39236 0.04355 0.53161 ( 4)
 152 S   0.30905 0.11818 0.41265 0.16012 ( 3)
 153 E   0.27545 0.15085 0.36932 0.20438 ( 3)
 154 L   0.35004 0.07461 0.47426 0.10109 ( 3)
 155 I   0.40291 0.02174 0.54589 0.02946 ( 3)
 156 S   0.34060 0.08405 0.46147 0.11388 ( 3)
 157 P   0.36457 0.06008 0.49395 0.08140 ( 3)
 158 N   0.18663 0.23801 0.25287 0.32248 ( 4)
 159 S   0.20830 0.21634 0.28223 0.29312 ( 4)
 160 G   0.20434 0.22031 0.27686 0.29849 ( 4)
 161 C   0.20291 0.22174 0.27492 0.30044 ( 4)
 162 D   0.22005 0.20460 0.29814 0.27721 ( 3)
 163 F   0.21508 0.20957 0.29141 0.28394 ( 3)
 164 T   0.01470 0.41012 0.01952 0.55566 ( 4)
 165 G   0.00003 0.42462 0.00004 0.57531 ( 4)
 166 D   0.42708 0.00543 0.56013 0.00736 ( 3)
 167 Y   0.20823 0.21884 0.27642 0.29651 ( 4)
 168 Y   0.00012 0.42452 0.00017 0.57519 ( 4)
 169 E   0.01497 0.40981 0.01996 0.55526 ( 4)
 170 R   0.03565 0.38912 0.04800 0.52722 ( 4)
 171 L   0.15898 0.26725 0.21167 0.36210 ( 4)
 172 K   0.41649 0.01423 0.55000 0.01928 ( 3)
 173 C   0.00026 0.42439 0.00034 0.57501 ( 4)
 174 K   0.00393 0.42077 0.00519 0.57010 ( 4)
 175 I   0.00102 0.42364 0.00135 0.57399 ( 4)
 176 A   0.04680 0.37849 0.06189 0.51282 ( 4)
 177 E   0.00058 0.42407 0.00077 0.57457 ( 4)
 178 Y   0.27260 0.15567 0.36082 0.21091 ( 3)
 179 T   0.00064 0.42402 0.00085 0.57450 ( 4)
 180 D   0.01134 0.41351 0.01489 0.56026 ( 4)
 181 Y   0.04867 0.37662 0.06443 0.51028 ( 4)
 182 C   0.40392 0.02551 0.53602 0.03456 ( 3)
 183 E   0.00000 0.42465 0.00000 0.57535 ( 4)
 184 Y   0.00000 0.42465 0.00000 0.57535 ( 4)
 185 W   0.30530 0.12085 0.41011 0.16374 ( 3)
 186 Y   0.41089 0.01922 0.54385 0.02604 ( 3)
 187 Q   0.00919 0.41551 0.01233 0.56297 ( 4)
 188 A   0.00005 0.42460 0.00007 0.57528 ( 4)
 189 G   0.40722 0.02246 0.53988 0.03043 ( 3)
 190 L   0.38605 0.04245 0.51399 0.05751 ( 3)
 191 N   0.11485 0.31185 0.15076 0.42253 ( 4)
 192 Q   0.32946 0.09713 0.44181 0.13160 ( 3)
 193 I   0.42041 0.01081 0.55413 0.01465 ( 3)
 194 K   0.04963 0.32699 0.18035 0.44303 ( 4)
 195 Q   0.00088 0.42377 0.00119 0.57416 ( 4)
 196 A   0.00000 0.42465 0.00000 0.57535 ( 4)
 197 G   0.37050 0.05873 0.49120 0.07957 ( 3)
 198 T   0.04581 0.37942 0.06069 0.51408 ( 4)
 199 G   0.00451 0.42020 0.00597 0.56933 ( 4)
 200 A   0.00297 0.40351 0.04680 0.54672 ( 4)
 201 D   0.00023 0.42442 0.00030 0.57505 ( 4)
 202 T   0.00002 0.42462 0.00004 0.57532 ( 4)
 203 W   0.30530 0.12085 0.41011 0.16374 ( 3)
 204 A   0.00000 0.42464 0.00001 0.57535 ( 4)
 205 K   0.41649 0.01423 0.55000 0.01928 ( 3)
 206 F   0.42307 0.00853 0.55685 0.01155 ( 3)
 207 N   0.42653 0.00583 0.55975 0.00789 ( 3)
 208 K   0.41649 0.01423 0.55000 0.01928 ( 3)
 209 F   0.42147 0.01010 0.55475 0.01368 ( 3)
 210 R   0.37260 0.05528 0.49722 0.07490 ( 3)
 211 R   0.39896 0.03025 0.52980 0.04099 ( 3)
 212 E   0.41743 0.01342 0.55097 0.01818 ( 3)
 213 M   0.41285 0.01732 0.54638 0.02346 ( 3)
 214 T   0.33791 0.09010 0.44992 0.12207 ( 3)
 215 L   0.34636 0.08066 0.46369 0.10929 ( 3)
 216 T   0.00912 0.41559 0.01221 0.56308 ( 4)
 217 V   0.41379 0.01664 0.54703 0.02254 ( 3)
 218 L   0.34456 0.08245 0.46128 0.11171 ( 3)
 219 D   0.42708 0.00543 0.56013 0.00736 ( 3)
 220 I   0.05619 0.02875 0.87611 0.03896 ( 3)
 221 I   0.33688 0.09288 0.44440 0.12584 ( 3)
 222 A   0.26228 0.16582 0.34724 0.22466 ( 3)
 223 I   0.30160 0.12777 0.39753 0.17311 ( 3)
 224 F   0.42307 0.00853 0.55685 0.01155 ( 3)
 225 Q   0.18332 0.24314 0.24411 0.32943 ( 4)
 226 T   0.26208 0.16594 0.34714 0.22484 ( 3)


lnL = -3259.093000

Bayes Empirical Bayes (BEB) probabilities for 4 classes (class)
(amino acids refer to 1st sequence: BT_Cry40Aa1)

   1 S   0.49573 0.31779 0.11386 0.07261 ( 1)
   2 L   0.10309 0.71043 0.02383 0.16265 ( 2)
   3 G   0.00019 0.82056 0.00004 0.17920 ( 2)
   4 G   0.05515 0.76503 0.01206 0.16776 ( 2)
   5 I   0.10682 0.71582 0.02277 0.15459 ( 2)
   6 N   0.00106 0.81838 0.00024 0.18032 ( 2)
   7 T   0.00104 0.82043 0.00023 0.17831 ( 2)
   8 L   0.24447 0.57892 0.05166 0.12494 ( 2)
   9 F   0.00566 0.80536 0.00139 0.18759 ( 2)
  10 S   0.03384 0.78467 0.00752 0.17397 ( 2)
  11 I   0.12389 0.69908 0.02631 0.15071 ( 2)
  12 I   0.57538 0.24941 0.12130 0.05391 ( 1)
  13 G   0.00002 0.81704 0.00000 0.18294 ( 2)
  14 K   0.09750 0.72475 0.02086 0.15688 ( 2)
  15 L   0.67970 0.13516 0.15449 0.03065 ( 1)
  16 I   0.53180 0.29249 0.11240 0.06330 ( 1)
  17 P   0.70306 0.11434 0.15698 0.02562 ( 1)
  18 T   0.36998 0.45172 0.07956 0.09875 ( 2)
  19 N   0.08209 0.73872 0.01781 0.16137 ( 2)
  20 H   0.07407 0.74691 0.01606 0.16296 ( 2)
  21 Q   0.04632 0.77329 0.01018 0.17020 ( 2)
  22 S   0.00819 0.81241 0.00179 0.17761 ( 2)
  23 V   0.15487 0.66308 0.03437 0.14768 ( 2)
  24 S   0.05942 0.76185 0.01285 0.16588 ( 2)
  25 A   0.06703 0.75425 0.01449 0.16422 ( 2)
  26 L   0.77496 0.04798 0.16658 0.01048 ( 1)
  27 S   0.77459 0.04838 0.16647 0.01056 ( 1)
  28 I   0.80465 0.02107 0.16974 0.00454 ( 1)
  29 C   0.76764 0.05514 0.16517 0.01205 ( 1)
  30 D   0.81724 0.01057 0.16993 0.00226 ( 1)
  31 L   0.73818 0.08308 0.16045 0.01828 ( 1)
  32 L   0.30046 0.50646 0.07294 0.12014 ( 2)
  33 S   0.77127 0.05169 0.16576 0.01129 ( 1)
  34 I   0.80465 0.02107 0.16974 0.00454 ( 1)
  35 I   0.80181 0.02355 0.16956 0.00508 ( 1)
  36 R   0.71472 0.10555 0.15640 0.02333 ( 1)
  37 K   0.50972 0.31407 0.10809 0.06812 ( 1)
  38 E   0.72643 0.09413 0.15866 0.02078 ( 1)
  39 V   0.49801 0.32533 0.10595 0.07071 ( 1)
  40 A   0.02094 0.79632 0.00472 0.17802 ( 2)
  41 D   0.05581 0.76317 0.01233 0.16868 ( 2)
  42 S   0.42464 0.39136 0.09564 0.08836 ( 1)
  43 V   0.09035 0.72747 0.02014 0.16204 ( 2)
  44 L   0.73818 0.08308 0.16045 0.01828 ( 1)
  45 S   0.01797 0.80361 0.00390 0.17451 ( 2)
  46 D   0.00385 0.81338 0.00087 0.18189 ( 2)
  47 A   0.00245 0.81471 0.00055 0.18229 ( 2)
  48 I   0.00192 0.81974 0.00042 0.17792 ( 2)
  49 C   0.00128 0.81981 0.00028 0.17864 ( 2)
  50 R   0.05565 0.76860 0.01172 0.16403 ( 2)
  51 F   0.80974 0.01661 0.17009 0.00357 ( 1)
  52 L   0.32110 0.49243 0.07386 0.11261 ( 2)
  53 D   0.00495 0.80589 0.00119 0.18798 ( 2)
  54 G   0.77933 0.04390 0.16720 0.00957 ( 1)
  55 K   0.00896 0.81307 0.00194 0.17603 ( 2)
  56 L   0.02777 0.79356 0.00602 0.17266 ( 2)
  57 K   0.00073 0.82027 0.00016 0.17883 ( 2)
  58 N   0.01791 0.80314 0.00390 0.17504 ( 2)
  59 Y   0.46542 0.35736 0.09938 0.07784 ( 1)
  60 R   0.00004 0.74621 0.00003 0.25372 ( 2)
  61 E   0.00013 0.82368 0.00003 0.17616 ( 2)
  62 Y   0.78638 0.03751 0.16795 0.00816 ( 1)
  63 Y   0.78638 0.03751 0.16795 0.00816 ( 1)
  64 L   0.77496 0.04798 0.16658 0.01048 ( 1)
  65 P   0.00000 0.77795 0.00000 0.22205 ( 2)
  66 Y   0.07107 0.75020 0.01536 0.16337 ( 2)
  67 L   0.77496 0.04798 0.16658 0.01048 ( 1)
  68 E   0.00041 0.81836 0.00009 0.18114 ( 2)
  69 A   0.00006 0.82377 0.00001 0.17617 ( 2)
  70 W   0.58082 0.23640 0.12977 0.05301 ( 1)
  71 L   0.77496 0.04798 0.16658 0.01048 ( 1)
  72 K   0.00003 0.82073 0.00001 0.17923 ( 2)
  73 D   0.00091 0.82280 0.00019 0.17610 ( 2)
  74 G   0.01365 0.80807 0.00294 0.17534 ( 2)
  75 K   0.00126 0.81691 0.00028 0.18154 ( 2)
  76 P   0.69285 0.12068 0.15893 0.02754 ( 1)
  77 L   0.02819 0.78534 0.00656 0.17991 ( 2)
  78 Q   0.01464 0.79888 0.00341 0.18306 ( 2)
  79 K   0.00846 0.80507 0.00197 0.18450 ( 2)
  80 T   0.38735 0.42618 0.08904 0.09743 ( 2)
  81 N   0.02907 0.79488 0.00616 0.16989 ( 2)
  82 N   0.00045 0.81888 0.00010 0.18057 ( 2)
  83 S   0.00000 0.73033 0.00000 0.26967 ( 2)
  84 D   0.00002 0.82188 0.00001 0.17810 ( 2)
  85 I   0.31709 0.50443 0.06823 0.11025 ( 2)
  86 G   0.00000 0.82089 0.00000 0.17911 ( 2)
  87 Q   0.00267 0.81456 0.00061 0.18216 ( 2)
  88 L   0.42231 0.40076 0.08987 0.08705 ( 1)
  89 V   0.10110 0.72092 0.02167 0.15630 ( 2)
  90 K   0.00001 0.82189 0.00000 0.17810 ( 2)
  91 Y   0.00745 0.80956 0.00169 0.18130 ( 2)
  92 F   0.60383 0.21367 0.13465 0.04785 ( 1)
  93 E   0.00211 0.81732 0.00047 0.18010 ( 2)
  94 L   0.00000 0.82093 0.00000 0.17907 ( 2)
  95 S   0.00378 0.81191 0.00087 0.18344 ( 2)
  96 E   0.51742 0.30659 0.10956 0.06644 ( 1)
  97 R   0.00127 0.82054 0.00028 0.17791 ( 2)
  98 D   0.00292 0.82107 0.00062 0.17538 ( 2)
  99 F   0.61169 0.20582 0.13640 0.04609 ( 1)
 100 N   0.17243 0.64901 0.03710 0.14145 ( 2)
 101 E   0.00864 0.81317 0.00187 0.17632 ( 2)
 102 I   0.39505 0.42671 0.08494 0.09330 ( 2)
 103 L   0.23875 0.58119 0.05203 0.12803 ( 2)
 104 G   0.00018 0.82082 0.00004 0.17897 ( 2)
 105 G   0.63860 0.17958 0.14174 0.04008 ( 1)
 106 S   0.03107 0.78743 0.00691 0.17460 ( 2)
 107 L   0.73260 0.08865 0.15924 0.01951 ( 1)
 108 A   0.19270 0.62614 0.04241 0.13875 ( 2)
 109 R   0.06343 0.75698 0.01383 0.16576 ( 2)
 110 N   0.00006 0.81698 0.00001 0.18294 ( 2)
 111 N   0.37906 0.44423 0.08043 0.09628 ( 2)
 112 A   0.44109 0.38155 0.09425 0.08311 ( 1)
 113 Q   0.06290 0.75918 0.01349 0.16443 ( 2)
 114 I   0.49439 0.33007 0.10424 0.07130 ( 1)
 115 L   0.70342 0.11775 0.15291 0.02592 ( 1)
 116 L   0.73818 0.08308 0.16045 0.01828 ( 1)
 117 L   0.68485 0.13397 0.15137 0.02982 ( 1)
 118 P   0.74447 0.07690 0.16172 0.01691 ( 1)
 119 Y   0.05373 0.76366 0.01205 0.17056 ( 2)
 120 F   0.10011 0.72142 0.02156 0.15691 ( 2)
 121 C   0.00006 0.81748 0.00001 0.18244 ( 2)
 122 A   0.05187 0.76776 0.01140 0.16897 ( 2)
 123 S   0.01054 0.81067 0.00230 0.17649 ( 2)
 124 C   0.07581 0.74550 0.01638 0.16230 ( 2)
 125 K   0.67243 0.15446 0.13997 0.03313 ( 1)
 126 C   0.00050 0.81717 0.00011 0.18222 ( 2)
 127 Q   0.34627 0.47703 0.07344 0.10327 ( 2)
 128 L   0.73818 0.08308 0.16045 0.01828 ( 1)
 129 L   0.73818 0.08308 0.16045 0.01828 ( 1)
 130 L   0.70168 0.11830 0.15383 0.02618 ( 1)
 131 L   0.73818 0.08308 0.16045 0.01828 ( 1)
 132 R   0.66316 0.15571 0.14649 0.03464 ( 1)
 133 D   0.80319 0.01534 0.17805 0.00342 ( 1)
 134 A   0.02112 0.80003 0.00459 0.17427 ( 2)
 135 V   0.79362 0.03095 0.16873 0.00671 ( 1)
 136 Q   0.33624 0.48669 0.07149 0.10558 ( 2)
 137 Y   0.78638 0.03751 0.16795 0.00816 ( 1)
 138 E   0.51322 0.31059 0.10883 0.06736 ( 1)
 139 E   0.00018 0.82156 0.00004 0.17822 ( 2)
 140 Q   0.00198 0.82007 0.00043 0.17752 ( 2)
 141 W   0.58082 0.23640 0.12977 0.05301 ( 1)
 142 F   0.00031 0.81972 0.00007 0.17989 ( 2)
 143 P   0.00002 0.81832 0.00000 0.18166 ( 2)
 144 F   0.00070 0.81689 0.00016 0.18225 ( 2)
 145 L   0.02874 0.79165 0.00628 0.17334 ( 2)
 146 S   0.00335 0.81593 0.00074 0.17998 ( 2)
 147 A   0.00287 0.81359 0.00065 0.18288 ( 2)
 148 E   0.04361 0.77391 0.00978 0.17270 ( 2)
 149 N   0.02574 0.79537 0.00560 0.17330 ( 2)
 150 V   0.06764 0.75175 0.01488 0.16573 ( 2)
 151 R   0.06436 0.75290 0.01444 0.16830 ( 2)
 152 S   0.58840 0.23131 0.12907 0.05123 ( 1)
 153 E   0.48266 0.33519 0.10718 0.07497 ( 1)
 154 L   0.66754 0.14598 0.15315 0.03332 ( 1)
 155 I   0.77107 0.04246 0.17680 0.00968 ( 1)
 156 S   0.64905 0.16448 0.14893 0.03755 ( 1)
 157 P   0.69589 0.11763 0.15963 0.02685 ( 1)
 158 N   0.35246 0.46106 0.08105 0.10543 ( 2)
 159 S   0.39371 0.41981 0.09050 0.09597 ( 2)
 160 G   0.38616 0.42737 0.08877 0.09770 ( 2)
 161 C   0.38342 0.43011 0.08815 0.09833 ( 2)
 162 D   0.41615 0.39737 0.09564 0.09083 ( 1)
 163 F   0.40665 0.40687 0.09347 0.09301 ( 2)
 164 T   0.03217 0.78799 0.00704 0.17279 ( 2)
 165 G   0.00032 0.82054 0.00007 0.17907 ( 2)
 166 D   0.81724 0.01057 0.16993 0.00226 ( 1)
 167 Y   0.35790 0.46350 0.07714 0.10146 ( 2)
 168 Y   0.00077 0.81632 0.00017 0.18275 ( 2)
 169 E   0.03256 0.78637 0.00721 0.17386 ( 2)
 170 R   0.06572 0.75008 0.01491 0.16929 ( 2)
 171 L   0.27211 0.54794 0.05926 0.12069 ( 2)
 172 K   0.79714 0.02775 0.16911 0.00601 ( 1)
 173 C   0.00150 0.81584 0.00034 0.18232 ( 2)
 174 K   0.01264 0.80929 0.00273 0.17534 ( 2)
 175 I   0.00379 0.81871 0.00082 0.17668 ( 2)
 176 A   0.08848 0.73329 0.01902 0.15921 ( 2)
 177 E   0.00221 0.81660 0.00049 0.18071 ( 2)
 178 Y   0.47740 0.34542 0.10194 0.07524 ( 1)
 179 T   0.00240 0.81863 0.00052 0.17845 ( 2)
 180 D   0.03202 0.79196 0.00678 0.16924 ( 2)
 181 Y   0.09146 0.72998 0.01972 0.15884 ( 2)
 182 C   0.77293 0.04987 0.16631 0.01090 ( 1)
 183 E   0.00002 0.82143 0.00000 0.17855 ( 2)
 184 Y   0.00000 0.80787 0.00000 0.19213 ( 2)
 185 W   0.58082 0.23640 0.12977 0.05301 ( 1)
 186 Y   0.78638 0.03751 0.16795 0.00816 ( 1)
 187 Q   0.02093 0.79614 0.00472 0.17821 ( 2)
 188 A   0.00034 0.81818 0.00008 0.18141 ( 2)
 189 G   0.77933 0.04390 0.16720 0.00957 ( 1)
 190 L   0.73818 0.08308 0.16045 0.01828 ( 1)
 191 N   0.18946 0.63513 0.03963 0.13579 ( 2)
 192 Q   0.62782 0.19019 0.13951 0.04249 ( 1)
 193 I   0.80465 0.02107 0.16974 0.00454 ( 1)
 194 K   0.08679 0.61789 0.10612 0.18920 ( 2)
 195 Q   0.00323 0.81381 0.00073 0.18223 ( 2)
 196 A   0.00001 0.81733 0.00000 0.18266 ( 2)
 197 G   0.70795 0.11505 0.15190 0.02510 ( 1)
 198 T   0.08681 0.73437 0.01877 0.16005 ( 2)
 199 G   0.01435 0.80723 0.00311 0.17531 ( 2)
 200 A   0.00782 0.64418 0.03485 0.31314 ( 2)
 201 D   0.00132 0.82073 0.00029 0.17766 ( 2)
 202 T   0.00023 0.79185 0.00009 0.20784 ( 2)
 203 W   0.58082 0.23640 0.12977 0.05301 ( 1)
 204 A   0.00005 0.79859 0.00001 0.20134 ( 2)
 205 K   0.79714 0.02775 0.16911 0.00601 ( 1)
 206 F   0.80974 0.01661 0.17009 0.00357 ( 1)
 207 N   0.81623 0.01134 0.17001 0.00242 ( 1)
 208 K   0.79714 0.02775 0.16911 0.00601 ( 1)
 209 F   0.80666 0.01967 0.16944 0.00423 ( 1)
 210 R   0.71195 0.10831 0.15579 0.02394 ( 1)
 211 R   0.76331 0.05917 0.16457 0.01295 ( 1)
 212 E   0.79894 0.02616 0.16924 0.00566 ( 1)
 213 M   0.79020 0.03381 0.16864 0.00735 ( 1)
 214 T   0.64442 0.17652 0.14018 0.03889 ( 1)
 215 L   0.66077 0.15801 0.14605 0.03517 ( 1)
 216 T   0.02077 0.79665 0.00467 0.17791 ( 2)
 217 V   0.79196 0.03246 0.16854 0.00704 ( 1)
 218 L   0.65725 0.16152 0.14528 0.03595 ( 1)
 219 D   0.81724 0.01057 0.16993 0.00226 ( 1)
 220 I   0.13847 0.08145 0.75378 0.02630 ( 3)
 221 I   0.64286 0.18188 0.13595 0.03931 ( 1)
 222 A   0.45752 0.36518 0.09775 0.07955 ( 1)
 223 I   0.53504 0.28959 0.11280 0.06258 ( 1)
 224 F   0.80974 0.01661 0.17009 0.00357 ( 1)
 225 Q   0.31385 0.50630 0.06832 0.11153 ( 2)
 226 T   0.45708 0.36542 0.09781 0.07969 ( 1)

