Supplemental results for CODEML (seqf: algn  treef: tree)


dN/dS (w) for site classes (K=4)

site class             0        1       2a       2b
proportion       0.43116  0.25117  0.20073  0.11694
background w     0.13210  1.00000  0.13210  1.00000
foreground w     0.13210  1.00000  4.45201  4.45201

Naive Empirical Bayes (NEB) probabilities for 4 classes
(amino acids refer to 1st sequence: BT_Cry19Ba1)

   1 E   0.16671 0.36695 0.27491 0.19143 ( 2)
   2 -   0.43116 0.25117 0.20073 0.11694 ( 1)
   3 -   0.43116 0.25117 0.20073 0.11694 ( 1)
   4 V   0.01261 0.00546 0.96980 0.01213 ( 3)
   5 G   0.01161 0.00231 0.98322 0.00286 ( 3)
   6 P   0.01694 0.85142 0.00388 0.12776 ( 2)
   7 L   0.19058 0.19037 0.52040 0.09865 ( 3)
   8 L   0.90095 0.00543 0.09283 0.00079 ( 1)
   9 S   0.33088 0.00668 0.65966 0.00278 ( 3)
  10 W   0.18661 0.74251 0.00889 0.06198 ( 2)
  11 M   0.05698 0.16946 0.53116 0.24240 ( 3)
  12 V   0.00233 0.26399 0.39239 0.34130 ( 3)
  13 S   0.00026 0.03655 0.75239 0.21080 ( 3)
  14 L   0.17090 0.64583 0.03266 0.15061 ( 2)
  15 F   0.80953 0.11473 0.06283 0.01291 ( 1)
  16 W   0.74396 0.05516 0.18529 0.01559 ( 1)
  17 P   0.91905 0.00231 0.07836 0.00028 ( 1)
  18 T   0.01192 0.81881 0.02253 0.14674 ( 2)
  19 I   0.00031 0.32509 0.07390 0.60069 ( 4)
  20 -   0.60012 0.08221 0.27940 0.03827 ( 1)
  21 -   0.59386 0.08847 0.27648 0.04119 ( 1)
  22 -   0.55003 0.13230 0.25607 0.06160 ( 1)
  23 E   0.03123 0.81547 0.00447 0.14882 ( 2)
  24 E   0.00007 0.19043 0.01063 0.79886 ( 4)
  25 K   0.01746 0.87467 0.00134 0.10652 ( 2)
  26 N   0.95364 0.01658 0.02874 0.00104 ( 1)
  27 T   0.00284 0.19481 0.26941 0.53294 ( 4)
  28 V   0.91133 0.04263 0.04241 0.00362 ( 1)
  29 W   0.74396 0.05516 0.18529 0.01559 ( 1)
  30 E   0.48177 0.44642 0.02634 0.04547 ( 1)
  31 D   0.00001 0.00101 0.93679 0.06219 ( 3)
  32 M   0.00306 0.08994 0.61135 0.29565 ( 3)
  33 I   0.92421 0.02712 0.04647 0.00219 ( 1)
  34 K   0.94985 0.00770 0.04180 0.00064 ( 1)
  35 Y   0.00571 0.15400 0.46639 0.37389 ( 3)
  36 V   0.20054 0.10989 0.61868 0.07089 ( 3)
  37 A   0.76447 0.07182 0.14693 0.01678 ( 1)
  38 N   0.95482 0.01312 0.03120 0.00086 ( 1)
  39 L   0.81701 0.02638 0.15071 0.00589 ( 1)
  40 L   0.95754 0.00601 0.03598 0.00046 ( 1)
  41 K   0.00001 0.17461 0.00319 0.82219 ( 4)
  42 Q   0.05766 0.82484 0.00558 0.11192 ( 2)
  43 E   0.00773 0.03224 0.86143 0.09860 ( 3)
  44 L   0.14609 0.73116 0.01509 0.10766 ( 2)
  45 T   0.00002 0.08582 0.03513 0.87903 ( 4)
  46 N   0.00010 0.49467 0.00437 0.50086 ( 4)
  47 D   0.00027 0.66364 0.00160 0.33449 ( 2)
  48 T   0.10308 0.50383 0.18557 0.20753 ( 2)
  49 L   0.18625 0.23688 0.44116 0.13571 ( 3)
  50 N   0.00011 0.41127 0.01376 0.57487 ( 4)
  51 R   0.12880 0.75142 0.01306 0.10672 ( 2)
  52 A   0.94631 0.00129 0.05228 0.00012 ( 1)
  53 T   0.80337 0.01047 0.18339 0.00277 ( 1)
  54 S   0.00242 0.54785 0.01199 0.43773 ( 2)
  55 N   0.91794 0.03435 0.04425 0.00345 ( 1)
  56 L   0.86391 0.04108 0.08901 0.00599 ( 1)
  57 S   0.00592 0.60515 0.04190 0.34703 ( 2)
  58 G   0.75661 0.17143 0.05373 0.01823 ( 1)
  59 L   0.89196 0.01397 0.09202 0.00204 ( 1)
  60 N   0.00244 0.39179 0.03345 0.57231 ( 4)
  61 E   0.18509 0.14347 0.57392 0.09752 ( 3)
  62 S   0.09935 0.70476 0.03334 0.16255 ( 2)
  63 L   0.82276 0.02082 0.15176 0.00465 ( 1)
  64 N   0.00000 0.03883 0.13037 0.83080 ( 4)
  65 I   0.01275 0.07681 0.87587 0.03458 ( 3)
  66 Y   0.93089 0.00136 0.06760 0.00016 ( 1)
  67 N   0.86620 0.00614 0.12652 0.00114 ( 1)
  68 R   0.46485 0.12296 0.37820 0.03400 ( 1)
  69 A   0.19319 0.20638 0.49181 0.10862 ( 3)
  70 L   0.33866 0.00517 0.65410 0.00208 ( 3)
  71 A   0.92029 0.02656 0.05077 0.00238 ( 1)
  72 A   0.00042 0.42904 0.02039 0.55014 ( 4)
  73 W   0.74396 0.05516 0.18529 0.01559 ( 1)
  74 K   0.00525 0.04826 0.78960 0.15689 ( 3)
  75 Q   0.00000 0.44721 0.00022 0.55257 ( 4)
  76 -   0.43116 0.25117 0.20073 0.11694 ( 1)
  77 N   0.00331 0.65417 0.02022 0.32230 ( 2)
  78 K   0.00143 0.84363 0.00089 0.15405 ( 2)
  79 N   0.01885 0.78681 0.03380 0.16053 ( 2)
  80 N   0.00009 0.81816 0.00060 0.18115 ( 2)
  81 F   0.05815 0.62418 0.02707 0.29060 ( 2)
  82 A   0.05528 0.62705 0.02574 0.29193 ( 2)
  83 S   0.11647 0.56586 0.05422 0.26344 ( 2)
  84 -   0.43116 0.25117 0.20073 0.11694 ( 1)
  85 -   0.59642 0.08591 0.27767 0.04000 ( 1)
  86 G   0.24786 0.06141 0.67436 0.01636 ( 3)
  87 E   0.00439 0.06284 0.70268 0.23010 ( 3)
  88 L   0.01147 0.70727 0.01067 0.27059 ( 2)
  89 I   0.13244 0.76688 0.01634 0.08435 ( 2)
  90 R   0.33946 0.02072 0.63155 0.00827 ( 3)
  91 S   0.00007 0.85669 0.00006 0.14318 ( 2)
  92 Y   0.00754 0.86745 0.00077 0.12423 ( 2)
  93 I   0.94745 0.00459 0.04759 0.00037 ( 1)
  94 N   0.00008 0.24606 0.18302 0.57083 ( 4)
  95 D   0.18433 0.61792 0.04012 0.15762 ( 2)
  96 L   0.93845 0.00111 0.06032 0.00011 ( 1)
  97 H   0.95498 0.00190 0.04298 0.00014 ( 1)
  98 I   0.11809 0.35264 0.39446 0.13482 ( 3)
  99 L   0.00008 0.68244 0.00099 0.31649 ( 2)
 100 F   0.96008 0.00038 0.03951 0.00003 ( 1)
 101 T   0.00017 0.26244 0.03729 0.70011 ( 4)
 102 R   0.00000 0.64259 0.00002 0.35738 ( 2)
 103 D   0.05938 0.85739 0.00560 0.07763 ( 2)
 104 I   0.95768 0.00061 0.04166 0.00005 ( 1)
 105 Q   0.74031 0.21222 0.02868 0.01879 ( 1)
 106 S   0.00290 0.70937 0.00112 0.28661 ( 2)
 107 D   0.13149 0.04134 0.80440 0.02277 ( 3)
 108 F   0.83255 0.01542 0.14868 0.00335 ( 1)
 109 S   0.08855 0.64528 0.05795 0.20822 ( 2)
 110 L   0.26795 0.66400 0.01140 0.05666 ( 2)
 111 G   0.00001 0.33719 0.00475 0.65805 ( 4)
 112 G   0.01147 0.02575 0.90529 0.05748 ( 3)
 113 Y   0.93893 0.00185 0.05903 0.00019 ( 1)
 114 E   0.94601 0.01082 0.04227 0.00090 ( 1)
 115 T   0.00566 0.65214 0.01215 0.33006 ( 2)
 116 V   0.95948 0.00414 0.03607 0.00032 ( 1)
 117 L   0.90095 0.00543 0.09283 0.00079 ( 1)
 118 L   0.89872 0.00756 0.09262 0.00110 ( 1)
 119 P   0.91932 0.00226 0.07815 0.00027 ( 1)
 120 S   0.11730 0.02093 0.84839 0.01338 ( 3)
 121 Y   0.93884 0.00235 0.05857 0.00024 ( 1)
 122 A   0.24326 0.02518 0.71780 0.01376 ( 3)
 123 S   0.91716 0.03175 0.04812 0.00298 ( 1)
 124 A   0.09047 0.00634 0.89388 0.00930 ( 3)
 125 A   0.78966 0.02761 0.17557 0.00716 ( 1)
 126 N   0.96856 0.00229 0.02900 0.00015 ( 1)
 127 L   0.41626 0.01441 0.56692 0.00241 ( 3)
 128 H   0.95617 0.00076 0.04301 0.00006 ( 1)
 129 L   0.83517 0.00876 0.15410 0.00196 ( 1)
 130 L   0.16918 0.01828 0.79790 0.01464 ( 3)
 131 L   0.87487 0.00823 0.11538 0.00153 ( 1)
 132 L   0.89707 0.00912 0.09248 0.00133 ( 1)
 133 R   0.89168 0.01400 0.09235 0.00198 ( 1)
 134 D   0.86680 0.00086 0.13218 0.00017 ( 1)
 135 V   0.94919 0.00871 0.04139 0.00070 ( 1)
 136 A   0.09842 0.82071 0.00482 0.07605 ( 2)
 137 I   0.94964 0.00825 0.04140 0.00070 ( 1)
 138 Y   0.88259 0.04797 0.06426 0.00518 ( 1)
 139 G   0.93152 0.00211 0.06615 0.00022 ( 1)
 140 K   0.00120 0.00252 0.97870 0.01758 ( 3)
 141 E   0.00628 0.03329 0.87030 0.09014 ( 3)
 142 -   0.51981 0.26688 0.13479 0.07852 ( 1)
 143 -   0.45218 0.25636 0.18417 0.10729 ( 1)
 144 -   0.49432 0.26454 0.15238 0.08877 ( 1)
 145 -   0.51879 0.26689 0.13543 0.07889 ( 1)
 146 -   0.50614 0.26623 0.14384 0.08379 ( 1)
 147 -   0.51981 0.26688 0.13479 0.07852 ( 1)
 148 -   0.53177 0.26816 0.12642 0.07364 ( 1)
 149 -   0.45028 0.25594 0.18564 0.10814 ( 1)
 150 L   0.82982 0.00848 0.15964 0.00206 ( 1)
 151 G   0.01756 0.00098 0.97992 0.00154 ( 3)
 152 Y   0.95088 0.00889 0.03951 0.00071 ( 1)
 153 P   0.00000 0.23512 0.00151 0.76336 ( 4)
 154 S   0.00123 0.59966 0.00442 0.39469 ( 2)
 155 T   0.00003 0.89363 0.00000 0.10634 ( 2)
 156 D   0.00241 0.83109 0.00039 0.16611 ( 2)
 157 V   0.79967 0.08439 0.10168 0.01426 ( 1)
 158 E   0.00314 0.69365 0.00750 0.29571 ( 2)
 159 F   0.02838 0.88957 0.00139 0.08066 ( 2)
 160 Y   0.93992 0.00132 0.05863 0.00013 ( 1)
 161 Y   0.89683 0.06567 0.03259 0.00490 ( 1)
 162 N   0.00162 0.89745 0.00012 0.10081 ( 2)
 163 E   0.95526 0.00164 0.04297 0.00013 ( 1)
 164 Q   0.55398 0.30903 0.07860 0.05840 ( 1)
 165 K   0.34751 0.52266 0.04302 0.08681 ( 2)
 166 Y   0.00000 0.06535 0.00010 0.93455 ( 4)
 167 Y   0.93166 0.00924 0.05816 0.00094 ( 1)
 168 T   0.00768 0.00225 0.98636 0.00371 ( 3)
 169 E   0.07613 0.50515 0.16980 0.24892 ( 2)
 170 K   0.00033 0.43920 0.00280 0.55767 ( 4)
 171 Y   0.92112 0.00941 0.06838 0.00108 ( 1)
 172 S   0.79762 0.04392 0.14848 0.00998 ( 1)
 173 N   0.75047 0.20977 0.02527 0.01448 ( 1)
 174 Y   0.27784 0.09507 0.58592 0.04117 ( 3)
 175 C   0.77802 0.00409 0.21662 0.00127 ( 1)
 176 V   0.18194 0.13903 0.58300 0.09603 ( 3)
 177 N   0.15953 0.49988 0.19066 0.14993 ( 2)
 178 T   0.87392 0.07365 0.04606 0.00637 ( 1)
 179 Y   0.70653 0.07411 0.19645 0.02290 ( 1)
 180 K   0.44817 0.00757 0.54179 0.00247 ( 3)
 181 S   0.00776 0.89558 0.00053 0.09614 ( 2)
 182 G   0.62222 0.31035 0.03805 0.02938 ( 1)
 183 L   0.83067 0.01316 0.15323 0.00294 ( 1)
 184 E   0.23376 0.62030 0.03157 0.11438 ( 2)
 185 S   0.21651 0.65719 0.02403 0.10228 ( 2)
 186 K   0.45513 0.48381 0.02038 0.04068 ( 2)
 187 K   0.95700 0.00094 0.04198 0.00008 ( 1)
 188 Q   0.31971 0.60520 0.01702 0.05806 ( 2)
 189 I   0.95212 0.00578 0.04162 0.00048 ( 1)
 190 G   0.30938 0.03427 0.64155 0.01480 ( 3)
 191 W   0.74396 0.05516 0.18529 0.01559 ( 1)
 192 S   0.01090 0.63553 0.04020 0.31337 ( 2)
 193 D   0.00481 0.62496 0.01327 0.35696 ( 2)
 194 F   0.83412 0.01390 0.14896 0.00302 ( 1)
 195 N   0.94953 0.00378 0.04637 0.00031 ( 1)
 196 R   0.47141 0.36846 0.08177 0.07836 ( 1)
 197 Y   0.93992 0.00132 0.05863 0.00013 ( 1)
 198 R   0.90182 0.00420 0.09339 0.00059 ( 1)
 199 R   0.94224 0.00253 0.05499 0.00023 ( 1)
 200 E   0.00023 0.04129 0.55344 0.40503 ( 3)
 201 M   0.95192 0.00044 0.04760 0.00004 ( 1)
 202 T   0.94779 0.00185 0.05019 0.00016 ( 1)
 203 L   0.82092 0.02259 0.15145 0.00505 ( 1)
 204 S   0.20043 0.71476 0.01207 0.07274 ( 2)
 205 V   0.94398 0.00805 0.04725 0.00072 ( 1)
 206 L   0.90019 0.00616 0.09276 0.00090 ( 1)
 207 D   0.97005 0.00022 0.02972 0.00001 ( 1)
 208 I   0.53648 0.40849 0.02123 0.03380 ( 1)
 209 V   0.94241 0.01359 0.04278 0.00121 ( 1)
 210 A   0.93716 0.01015 0.05178 0.00091 ( 1)
 211 L   0.19779 0.00930 0.78616 0.00675 ( 3)
 212 F   0.84178 0.00649 0.15032 0.00141 ( 1)
 213 P   0.91905 0.00231 0.07836 0.00028 ( 1)
 214 L   0.01192 0.18903 0.27124 0.52781 ( 4)


lnL = -3756.122711

Bayes Empirical Bayes (BEB) probabilities for 4 classes (class)
(amino acids refer to 1st sequence: BT_Cry19Ba1)

   1 E   0.20026 0.34729 0.28154 0.17091 ( 2)
   2 -   0.44750 0.24716 0.19662 0.10872 ( 1)
   3 -   0.44750 0.24716 0.19662 0.10872 ( 1)
   4 V   0.01791 0.00591 0.96433 0.01184 ( 3)
   5 G   0.01662 0.00276 0.97756 0.00306 ( 3)
   6 P   0.02818 0.85003 0.00547 0.11632 ( 2)
   7 L   0.24147 0.17785 0.50139 0.07929 ( 3)
   8 L   0.90688 0.00580 0.08654 0.00078 ( 1)
   9 S   0.39872 0.00703 0.59179 0.00246 ( 3)
  10 W   0.24743 0.68782 0.01114 0.05361 ( 2)
  11 M   0.07085 0.16343 0.54585 0.21987 ( 3)
  12 V   0.00392 0.24916 0.44780 0.29913 ( 3)
  13 S   0.00042 0.03295 0.78491 0.18171 ( 3)
  14 L   0.22537 0.60580 0.03956 0.12927 ( 2)
  15 F   0.83071 0.09901 0.05996 0.01032 ( 1)
  16 W   0.75606 0.05582 0.17359 0.01454 ( 1)
  17 P   0.92411 0.00249 0.07312 0.00028 ( 1)
  18 T   0.02112 0.81663 0.02893 0.13332 ( 2)
  19 I   0.00064 0.32678 0.10316 0.56941 ( 4)
  20 -   0.61186 0.08280 0.26890 0.03644 ( 1)
  21 -   0.60589 0.08877 0.26627 0.03907 ( 1)
  22 -   0.56312 0.13154 0.24746 0.05788 ( 1)
  23 E   0.04962 0.80910 0.00652 0.13476 ( 2)
  24 E   0.00015 0.19504 0.01767 0.78713 ( 4)
  25 K   0.03035 0.87043 0.00216 0.09707 ( 2)
  26 N   0.95496 0.01595 0.02812 0.00097 ( 1)
  27 T   0.00483 0.18688 0.33229 0.47599 ( 4)
  28 V   0.91886 0.03733 0.04082 0.00299 ( 1)
  29 W   0.75606 0.05582 0.17359 0.01454 ( 1)
  30 E   0.55329 0.38186 0.02863 0.03623 ( 1)
  31 D   0.00001 0.00091 0.94445 0.05462 ( 3)
  32 M   0.00452 0.08536 0.64731 0.26281 ( 3)
  33 I   0.93013 0.02377 0.04429 0.00181 ( 1)
  34 K   0.95173 0.00754 0.04013 0.00060 ( 1)
  35 Y   0.00914 0.14266 0.53178 0.31642 ( 3)
  36 V   0.24902 0.10246 0.59072 0.05781 ( 3)
  37 A   0.78033 0.06733 0.13790 0.01444 ( 1)
  38 N   0.95707 0.01180 0.03040 0.00074 ( 1)
  39 L   0.82704 0.02721 0.14016 0.00558 ( 1)
  40 L   0.95876 0.00602 0.03478 0.00044 ( 1)
  41 K   0.00003 0.17978 0.00580 0.81439 ( 4)
  42 Q   0.08916 0.80339 0.00794 0.09951 ( 2)
  43 E   0.01072 0.02979 0.87353 0.08595 ( 3)
  44 L   0.19863 0.68957 0.01889 0.09290 ( 2)
  45 T   0.00005 0.08738 0.05439 0.85817 ( 4)
  46 N   0.00024 0.51297 0.00750 0.47929 ( 2)
  47 D   0.00063 0.68774 0.00272 0.30891 ( 2)
  48 T   0.14897 0.47340 0.20729 0.17034 ( 2)
  49 L   0.23458 0.22424 0.42830 0.11288 ( 3)
  50 N   0.00022 0.41463 0.02129 0.56386 ( 4)
  51 R   0.17759 0.71334 0.01655 0.09252 ( 2)
  52 A   0.94894 0.00142 0.04952 0.00012 ( 1)
  53 T   0.81454 0.01108 0.17168 0.00271 ( 1)
  54 S   0.00449 0.56267 0.01810 0.41475 ( 2)
  55 N   0.92399 0.03040 0.04273 0.00288 ( 1)
  56 L   0.87281 0.03872 0.08326 0.00521 ( 1)
  57 S   0.01001 0.60635 0.05764 0.32600 ( 2)
  58 G   0.78626 0.14719 0.05204 0.01451 ( 1)
  59 L   0.89752 0.01474 0.08575 0.00199 ( 1)
  60 N   0.00451 0.39928 0.05042 0.54579 ( 4)
  61 E   0.23131 0.13377 0.55488 0.08004 ( 3)
  62 S   0.13975 0.67632 0.04169 0.14225 ( 2)
  63 L   0.83287 0.02156 0.14115 0.00442 ( 1)
  64 N   0.00000 0.03688 0.18961 0.77350 ( 4)
  65 I   0.01889 0.07977 0.86887 0.03247 ( 3)
  66 Y   0.93477 0.00150 0.06357 0.00016 ( 1)
  67 N   0.87493 0.00657 0.11738 0.00112 ( 1)
  68 R   0.52222 0.11485 0.33399 0.02894 ( 1)
  69 A   0.24455 0.19273 0.47495 0.08776 ( 3)
  70 L   0.40769 0.00594 0.58436 0.00200 ( 3)
  71 A   0.92485 0.02489 0.04818 0.00209 ( 1)
  72 A   0.00089 0.44142 0.03162 0.52607 ( 4)
  73 W   0.75606 0.05582 0.17359 0.01454 ( 1)
  74 K   0.00746 0.04498 0.81149 0.13606 ( 3)
  75 Q   0.00000 0.46626 0.00042 0.53332 ( 4)
  76 -   0.44750 0.24716 0.19662 0.10872 ( 1)
  77 N   0.00617 0.65957 0.03032 0.30394 ( 2)
  78 K   0.00293 0.85320 0.00149 0.14238 ( 2)
  79 N   0.03081 0.78134 0.04305 0.14480 ( 2)
  80 N   0.00021 0.83085 0.00095 0.16799 ( 2)
  81 F   0.08411 0.61055 0.03695 0.26838 ( 2)
  82 A   0.07867 0.61599 0.03457 0.27077 ( 2)
  83 S   0.15733 0.53734 0.06912 0.23622 ( 2)
  84 -   0.44750 0.24716 0.19662 0.10872 ( 1)
  85 -   0.60833 0.08633 0.26735 0.03799 ( 1)
  86 G   0.30410 0.06263 0.61894 0.01432 ( 3)
  87 E   0.00630 0.05794 0.73656 0.19920 ( 3)
  88 L   0.01895 0.71226 0.01516 0.25362 ( 2)
  89 I   0.19037 0.71666 0.02023 0.07274 ( 2)
  90 R   0.40635 0.02299 0.56293 0.00773 ( 3)
  91 S   0.00017 0.86685 0.00011 0.13287 ( 2)
  92 Y   0.01372 0.87062 0.00130 0.11437 ( 2)
  93 I   0.94994 0.00449 0.04522 0.00035 ( 1)
  94 N   0.00017 0.23657 0.23828 0.52498 ( 4)
  95 D   0.24102 0.57631 0.04812 0.13455 ( 2)
  96 L   0.94189 0.00123 0.05677 0.00011 ( 1)
  97 H   0.95674 0.00206 0.04105 0.00015 ( 1)
  98 I   0.14815 0.35161 0.38146 0.11879 ( 3)
  99 L   0.00017 0.69885 0.00155 0.29942 ( 2)
 100 F   0.96157 0.00043 0.03796 0.00003 ( 1)
 101 T   0.00032 0.26434 0.05384 0.68150 ( 4)
 102 R   0.00001 0.65702 0.00005 0.34293 ( 2)
 103 D   0.09727 0.82524 0.00799 0.06950 ( 2)
 104 I   0.95929 0.00069 0.03996 0.00005 ( 1)
 105 Q   0.76963 0.18605 0.02878 0.01554 ( 1)
 106 S   0.00537 0.72000 0.00196 0.27267 ( 2)
 107 D   0.16038 0.04187 0.77676 0.02100 ( 3)
 108 F   0.84257 0.01608 0.13815 0.00320 ( 1)
 109 S   0.12240 0.62376 0.06879 0.18505 ( 2)
 110 L   0.33585 0.60233 0.01365 0.04817 ( 2)
 111 G   0.00002 0.34836 0.00809 0.64353 ( 4)
 112 G   0.01655 0.02656 0.90407 0.05282 ( 3)
 113 Y   0.94205 0.00203 0.05573 0.00019 ( 1)
 114 E   0.94804 0.01062 0.04050 0.00083 ( 1)
 115 T   0.01039 0.66679 0.01787 0.30495 ( 2)
 116 V   0.96066 0.00417 0.03487 0.00030 ( 1)
 117 L   0.90688 0.00580 0.08654 0.00078 ( 1)
 118 L   0.90456 0.00803 0.08634 0.00108 ( 1)
 119 P   0.92439 0.00244 0.07289 0.00027 ( 1)
 120 S   0.14182 0.02274 0.82203 0.01341 ( 3)
 121 Y   0.94188 0.00257 0.05531 0.00024 ( 1)
 122 A   0.29676 0.02603 0.66498 0.01223 ( 3)
 123 S   0.92368 0.02773 0.04614 0.00244 ( 1)
 124 A   0.10730 0.00701 0.87603 0.00965 ( 3)
 125 A   0.80081 0.02839 0.16403 0.00677 ( 1)
 126 N   0.96916 0.00233 0.02836 0.00014 ( 1)
 127 L   0.49055 0.01575 0.49146 0.00224 ( 3)
 128 H   0.95800 0.00085 0.04109 0.00006 ( 1)
 129 L   0.84544 0.00930 0.14335 0.00191 ( 1)
 130 L   0.20596 0.02040 0.75919 0.01445 ( 3)
 131 L   0.88117 0.00873 0.10859 0.00151 ( 1)
 132 L   0.90289 0.00961 0.08621 0.00129 ( 1)
 133 R   0.89782 0.01454 0.08575 0.00189 ( 1)
 134 D   0.87616 0.00097 0.12269 0.00017 ( 1)
 135 V   0.95102 0.00861 0.03971 0.00066 ( 1)
 136 A   0.14447 0.78148 0.00669 0.06736 ( 2)
 137 I   0.95142 0.00819 0.03974 0.00066 ( 1)
 138 Y   0.88956 0.04530 0.06059 0.00455 ( 1)
 139 G   0.93546 0.00229 0.06203 0.00023 ( 1)
 140 K   0.00174 0.00265 0.97845 0.01717 ( 3)
 141 E   0.00885 0.03132 0.88216 0.07768 ( 3)
 142 -   0.53721 0.26233 0.12905 0.07142 ( 1)
 143 -   0.46928 0.25242 0.17919 0.09910 ( 1)
 144 -   0.51213 0.26040 0.14645 0.08103 ( 1)
 145 -   0.53622 0.26236 0.12966 0.07176 ( 1)
 146 -   0.52395 0.26196 0.13782 0.07626 ( 1)
 147 -   0.53721 0.26233 0.12905 0.07142 ( 1)
 148 -   0.54904 0.26346 0.12070 0.06681 ( 1)
 149 -   0.46734 0.25200 0.18072 0.09994 ( 1)
 150 L   0.83943 0.00902 0.14952 0.00202 ( 1)
 151 G   0.02613 0.00124 0.97096 0.00167 ( 3)
 152 Y   0.95260 0.00873 0.03800 0.00066 ( 1)
 153 P   0.00001 0.24571 0.00284 0.75144 ( 4)
 154 S   0.00240 0.62306 0.00684 0.36769 ( 2)
 155 T   0.00007 0.90115 0.00001 0.09877 ( 2)
 156 D   0.00453 0.84165 0.00066 0.15315 ( 2)
 157 V   0.81376 0.07878 0.09524 0.01221 ( 1)
 158 E   0.00631 0.71184 0.01155 0.27030 ( 2)
 159 F   0.04886 0.87516 0.00226 0.07372 ( 2)
 160 Y   0.94303 0.00146 0.05537 0.00014 ( 1)
 161 Y   0.90728 0.05673 0.03197 0.00403 ( 1)
 162 N   0.00315 0.90361 0.00021 0.09303 ( 2)
 163 E   0.95690 0.00181 0.04115 0.00014 ( 1)
 164 Q   0.60232 0.27199 0.07857 0.04712 ( 1)
 165 K   0.41088 0.47098 0.04668 0.07146 ( 2)
 166 Y   0.00000 0.06729 0.00022 0.93249 ( 4)
 167 Y   0.93516 0.00903 0.05495 0.00086 ( 1)
 168 T   0.01076 0.00262 0.98267 0.00396 ( 3)
 169 E   0.11206 0.48302 0.19498 0.20994 ( 2)
 170 K   0.00071 0.45370 0.00495 0.54064 ( 4)
 171 Y   0.92552 0.00918 0.06432 0.00098 ( 1)
 172 S   0.81080 0.04180 0.13868 0.00872 ( 1)
 173 N   0.79297 0.16997 0.02588 0.01118 ( 1)
 174 Y   0.34074 0.08821 0.53868 0.03236 ( 3)
 175 C   0.79075 0.00441 0.20358 0.00126 ( 1)
 176 V   0.22671 0.12954 0.56475 0.07899 ( 3)
 177 N   0.22065 0.45729 0.20300 0.11906 ( 2)
 178 T   0.88223 0.06825 0.04398 0.00554 ( 1)
 179 Y   0.71917 0.07459 0.18493 0.02131 ( 1)
 180 K   0.51850 0.00787 0.47144 0.00219 ( 1)
 181 S   0.01394 0.89617 0.00088 0.08901 ( 2)
 182 G   0.68388 0.25459 0.03914 0.02239 ( 1)
 183 L   0.84084 0.01381 0.14252 0.00283 ( 1)
 184 E   0.31279 0.55464 0.03887 0.09369 ( 2)
 185 S   0.27980 0.60547 0.02857 0.08617 ( 2)
 186 K   0.52999 0.41473 0.02257 0.03270 ( 1)
 187 K   0.95859 0.00106 0.04026 0.00008 ( 1)
 188 Q   0.39407 0.53799 0.01984 0.04810 ( 2)
 189 I   0.95385 0.00576 0.03993 0.00045 ( 1)
 190 G   0.37438 0.03492 0.57800 0.01269 ( 3)
 191 W   0.75606 0.05582 0.17359 0.01454 ( 1)
 192 S   0.01798 0.63798 0.05380 0.29024 ( 2)
 193 D   0.00897 0.64299 0.01958 0.32846 ( 2)
 194 F   0.84419 0.01450 0.13841 0.00289 ( 1)
 195 N   0.95169 0.00381 0.04420 0.00030 ( 1)
 196 R   0.52561 0.32723 0.08356 0.06361 ( 1)
 197 Y   0.94303 0.00146 0.05537 0.00014 ( 1)
 198 R   0.90819 0.00448 0.08675 0.00058 ( 1)
 199 R   0.94510 0.00275 0.05192 0.00024 ( 1)
 200 E   0.00038 0.03644 0.62162 0.34157 ( 3)
 201 M   0.95426 0.00049 0.04521 0.00004 ( 1)
 202 T   0.95016 0.00204 0.04764 0.00017 ( 1)
 203 L   0.83102 0.02334 0.14085 0.00478 ( 1)
 204 S   0.26011 0.66287 0.01464 0.06237 ( 2)
 205 V   0.94635 0.00794 0.04505 0.00067 ( 1)
 206 L   0.90608 0.00657 0.08647 0.00088 ( 1)
 207 D   0.97071 0.00025 0.02902 0.00002 ( 1)
 208 I   0.60488 0.34521 0.02300 0.02691 ( 1)
 209 V   0.94454 0.01318 0.04117 0.00111 ( 1)
 210 A   0.94027 0.00983 0.04907 0.00083 ( 1)
 211 L   0.24085 0.01057 0.74184 0.00674 ( 3)
 212 F   0.85199 0.00693 0.13970 0.00138 ( 1)
 213 P   0.92411 0.00249 0.07312 0.00028 ( 1)
 214 L   0.01637 0.17888 0.31777 0.48698 ( 4)

