Supplemental results for CODEML (seqf: algn  treef: tree)


dN/dS (w) for site classes (K=4)

site class             0        1       2a       2b
proportion       0.73812  0.21038  0.04008  0.01142
background w     0.12655  1.00000  0.12655  1.00000
foreground w     0.12655  1.00000 999.00000 999.00000

Naive Empirical Bayes (NEB) probabilities for 4 classes
(amino acids refer to 1st sequence: BT_Cry7Ba1)

   1 -   0.84501 0.10349 0.04588 0.00562 ( 1)
   2 -   0.91464 0.03386 0.04966 0.00184 ( 1)
   3 -   0.23813 0.71037 0.01293 0.03857 ( 2)
   4 -   0.02162 0.92688 0.00117 0.05033 ( 2)
   5 -   0.47254 0.47596 0.02566 0.02584 ( 2)
   6 -   0.92158 0.02692 0.05004 0.00146 ( 1)
   7 S   0.59231 0.40525 0.00138 0.00106 ( 1)
   8 K   0.54478 0.45194 0.00166 0.00162 ( 1)
   9 I   0.94667 0.03809 0.01465 0.00058 ( 1)
  10 L   0.74481 0.25162 0.00264 0.00093 ( 1)
  11 K   0.81887 0.17805 0.00244 0.00064 ( 1)
  12 E   0.53262 0.46417 0.00166 0.00155 ( 1)
  13 I   0.99100 0.00616 0.00282 0.00002 ( 1)
  14 L   0.79236 0.20566 0.00153 0.00045 ( 1)
  15 D   0.95068 0.04630 0.00284 0.00017 ( 1)
  16 Y   0.67825 0.31841 0.00220 0.00114 ( 1)
  17 L   0.97979 0.01661 0.00353 0.00007 ( 1)
  18 W   0.97286 0.02262 0.00441 0.00010 ( 1)
  19 P   0.99046 0.00554 0.00398 0.00002 ( 1)
  20 S   0.98872 0.00902 0.00224 0.00002 ( 1)
  21 S   0.20439 0.79232 0.00063 0.00267 ( 2)
  22 S   0.41370 0.58294 0.00138 0.00198 ( 2)
  23 S   0.60528 0.38938 0.00322 0.00212 ( 1)
  24 S   0.60827 0.38348 0.00504 0.00321 ( 1)
  25 N   0.31072 0.57117 0.09204 0.02607 ( 2)
  26 S   0.39205 0.60473 0.00121 0.00201 ( 2)
  27 W   0.97286 0.02262 0.00441 0.00010 ( 1)
  28 E   0.99031 0.00595 0.00372 0.00003 ( 1)
  29 E   0.11872 0.87802 0.00036 0.00290 ( 2)
  30 M   0.98348 0.01514 0.00135 0.00002 ( 1)
  31 M   0.98723 0.01143 0.00133 0.00002 ( 1)
  32 K   0.82465 0.17299 0.00192 0.00044 ( 1)
  33 E   0.54162 0.45417 0.00210 0.00211 ( 1)
  34 V   0.97793 0.01774 0.00424 0.00009 ( 1)
  35 E   0.99084 0.00621 0.00294 0.00002 ( 1)
  36 Y   0.76325 0.23352 0.00241 0.00083 ( 1)
  37 L   0.98978 0.00829 0.00191 0.00002 ( 1)
  38 I   0.92263 0.07447 0.00265 0.00026 ( 1)
  39 D   0.99313 0.00390 0.00296 0.00001 ( 1)
  40 K   0.95198 0.04499 0.00287 0.00016 ( 1)
  41 K   0.99235 0.00474 0.00290 0.00002 ( 1)
  42 I   0.99226 0.00469 0.00303 0.00002 ( 1)
  43 E   0.86192 0.13499 0.00264 0.00045 ( 1)
  44 E   0.94243 0.05378 0.00355 0.00025 ( 1)
  45 Y   0.91017 0.08673 0.00280 0.00030 ( 1)
  46 A   0.93776 0.05924 0.00279 0.00021 ( 1)
  47 R   0.99382 0.00472 0.00145 0.00001 ( 1)
  48 N   0.96010 0.03755 0.00225 0.00011 ( 1)
  49 K   0.92237 0.07529 0.00215 0.00019 ( 1)
  50 A   0.99006 0.00698 0.00293 0.00003 ( 1)
  51 L   0.88733 0.11072 0.00171 0.00024 ( 1)
  52 A   0.59043 0.03331 0.35440 0.02186 ( 1)
  53 V   0.00741 0.03345 0.88877 0.07037 ( 3)
  54 L   0.98072 0.01583 0.00339 0.00006 ( 1)
  55 E   0.34583 0.64984 0.00133 0.00300 ( 2)
  56 G   0.99334 0.00467 0.00198 0.00001 ( 1)
  57 I   0.93658 0.06022 0.00297 0.00023 ( 1)
  58 G   0.96344 0.00435 0.03202 0.00019 ( 1)
  59 N   0.90294 0.09462 0.00216 0.00027 ( 1)
  60 A   0.84440 0.15285 0.00227 0.00048 ( 1)
  61 V   0.54929 0.44586 0.00247 0.00238 ( 1)
  62 E   0.03888 0.95656 0.00015 0.00441 ( 2)
  63 S   0.00840 0.02104 0.92485 0.04571 ( 3)
  64 Y   0.99030 0.00664 0.00304 0.00002 ( 1)
  65 Y   0.63930 0.35735 0.00207 0.00128 ( 1)
  66 S   0.28482 0.71382 0.00036 0.00101 ( 2)
  67 A   0.92805 0.06885 0.00285 0.00025 ( 1)
  68 L   0.97990 0.01642 0.00361 0.00007 ( 1)
  69 E   0.92485 0.07133 0.00349 0.00033 ( 1)
  70 A   0.12409 0.87188 0.00047 0.00356 ( 2)
  71 W   0.97286 0.02262 0.00441 0.00010 ( 1)
  72 -   0.44076 0.50774 0.02393 0.02757 ( 2)
  73 E   0.93981 0.05640 0.00353 0.00026 ( 1)
  74 L   0.67176 0.32431 0.00258 0.00135 ( 1)
  75 E   0.11976 0.87564 0.00049 0.00411 ( 2)
  76 S   0.82803 0.16953 0.00199 0.00045 ( 1)
  77 S   0.88522 0.11351 0.00111 0.00016 ( 1)
  78 E   0.48007 0.51564 0.00190 0.00240 ( 2)
  79 R   0.97969 0.01912 0.00117 0.00002 ( 1)
  80 S   0.34983 0.64882 0.00044 0.00091 ( 2)
  81 L   0.77004 0.22611 0.00292 0.00094 ( 1)
  82 E   0.78383 0.21203 0.00315 0.00098 ( 1)
  83 L   0.70463 0.04763 0.23033 0.01741 ( 1)
  84 V   0.98397 0.01170 0.00427 0.00006 ( 1)
  85 L   0.07526 0.92109 0.00026 0.00339 ( 2)
  86 E   0.00000 0.00076 0.88754 0.11170 ( 3)
  87 R   0.95737 0.04036 0.00218 0.00009 ( 1)
  88 Y   0.92489 0.07201 0.00285 0.00025 ( 1)
  89 Q   0.00000 0.00685 0.03239 0.96076 ( 4)
  90 F   0.19671 0.63657 0.09769 0.06903 ( 2)
  91 A   0.73209 0.26398 0.00285 0.00108 ( 1)
  92 V   0.67647 0.31918 0.00289 0.00146 ( 1)
  93 Q   0.87373 0.12272 0.00310 0.00045 ( 1)
  94 F   0.86931 0.12777 0.00249 0.00042 ( 1)
  95 A   0.84808 0.14871 0.00267 0.00054 ( 1)
  96 R   0.79563 0.20278 0.00124 0.00035 ( 1)
  97 S   0.00158 0.89328 0.00181 0.10332 ( 2)
  98 S   0.00017 0.04641 0.43216 0.52126 ( 4)
  99 M   0.96465 0.03397 0.00133 0.00005 ( 1)
 100 P   0.99439 0.00387 0.00173 0.00001 ( 1)
 101 S   0.98219 0.01487 0.00289 0.00005 ( 1)
 102 F   0.99353 0.00377 0.00269 0.00001 ( 1)
 103 A   0.99059 0.00564 0.00375 0.00002 ( 1)
 104 I   0.51621 0.39086 0.07059 0.02233 ( 1)
 105 I   0.00480 0.11430 0.78567 0.09522 ( 3)
 106 N   0.74302 0.25438 0.00186 0.00074 ( 1)
 107 Y   0.65241 0.34425 0.00211 0.00123 ( 1)
 108 E   0.98944 0.00682 0.00371 0.00003 ( 1)
 109 I   0.97257 0.02449 0.00286 0.00008 ( 1)
 110 P   0.98322 0.00711 0.00960 0.00007 ( 1)
 111 L   0.98283 0.01358 0.00354 0.00005 ( 1)
 112 L   0.98283 0.01358 0.00354 0.00005 ( 1)
 113 A   0.48579 0.51092 0.00144 0.00185 ( 2)
 114 T   0.89650 0.10107 0.00216 0.00028 ( 1)
 115 Y   0.98997 0.00697 0.00304 0.00002 ( 1)
 116 A   0.99164 0.00541 0.00294 0.00002 ( 1)
 117 N   0.70136 0.29606 0.00173 0.00086 ( 1)
 118 A   0.99085 0.00648 0.00265 0.00002 ( 1)
 119 A   0.84343 0.15350 0.00251 0.00055 ( 1)
 120 N   0.99046 0.00720 0.00232 0.00002 ( 1)
 121 V   0.30634 0.68924 0.00122 0.00319 ( 2)
 122 H   0.99105 0.00732 0.00161 0.00001 ( 1)
 123 L   0.98085 0.01556 0.00353 0.00006 ( 1)
 124 L   0.96996 0.02809 0.00189 0.00006 ( 1)
 125 L   0.98283 0.01358 0.00354 0.00005 ( 1)
 126 M   0.89282 0.10575 0.00126 0.00017 ( 1)
 127 R   0.99165 0.00688 0.00146 0.00001 ( 1)
 128 D   0.98891 0.00811 0.00294 0.00003 ( 1)
 129 I   0.90959 0.08712 0.00295 0.00034 ( 1)
 130 Q   0.51186 0.48564 0.00124 0.00126 ( 1)
 131 I   0.99038 0.00656 0.00304 0.00003 ( 1)
 132 Y   0.95715 0.03428 0.00826 0.00030 ( 1)
 133 G   0.99161 0.00572 0.00266 0.00002 ( 1)
 134 D   0.79170 0.20511 0.00242 0.00076 ( 1)
 135 R   0.39536 0.53372 0.03414 0.03679 ( 2)
 136 W   0.97286 0.02262 0.00441 0.00010 ( 1)
 137 G   0.23523 0.07024 0.64240 0.05213 ( 3)
 138 I   0.85342 0.14332 0.00271 0.00056 ( 1)
 139 S   0.19491 0.67698 0.08463 0.04348 ( 2)
 140 Q   0.58151 0.41609 0.00135 0.00106 ( 1)
 141 N   0.00392 0.99317 0.00001 0.00290 ( 2)
 142 D   0.97754 0.01942 0.00297 0.00007 ( 1)
 143 M   0.70183 0.09577 0.18888 0.01351 ( 1)
 144 N   0.08199 0.85180 0.02655 0.03966 ( 2)
 145 L   0.11771 0.87469 0.00089 0.00671 ( 2)
 146 F   0.80185 0.19546 0.00214 0.00056 ( 1)
 147 L   0.65423 0.34191 0.00245 0.00141 ( 1)
 148 K   0.72871 0.26817 0.00217 0.00095 ( 1)
 149 E   0.58998 0.40572 0.00239 0.00190 ( 1)
 150 Q   0.98984 0.00791 0.00224 0.00002 ( 1)
 151 E   0.90766 0.08841 0.00352 0.00041 ( 1)
 152 I   0.01892 0.94783 0.00272 0.03053 ( 2)
 153 Y   0.14027 0.85100 0.00122 0.00751 ( 2)
 154 T   0.98710 0.01012 0.00275 0.00003 ( 1)
 155 S   0.31261 0.36182 0.27958 0.04599 ( 2)
 156 E   0.94969 0.04642 0.00368 0.00021 ( 1)
 157 Y   0.98727 0.00967 0.00303 0.00003 ( 1)
 158 S   0.82741 0.16014 0.01042 0.00203 ( 1)
 159 E   0.98013 0.01605 0.00374 0.00007 ( 1)
 160 H   0.44126 0.06840 0.48664 0.00371 ( 3)
 161 C   0.98379 0.00956 0.00658 0.00006 ( 1)
 162 V   0.12907 0.13370 0.62014 0.11709 ( 3)
 163 K   0.98712 0.01056 0.00229 0.00003 ( 1)
 164 W   0.97286 0.02262 0.00441 0.00010 ( 1)
 165 Y   0.98199 0.01494 0.00301 0.00005 ( 1)
 166 N   0.66235 0.33514 0.00155 0.00096 ( 1)
 167 E   0.55692 0.43988 0.00173 0.00147 ( 1)
 168 G   0.98943 0.00857 0.00198 0.00002 ( 1)
 169 L   0.98283 0.01358 0.00354 0.00005 ( 1)
 170 N   0.02642 0.97072 0.00006 0.00280 ( 2)
 171 Q   0.97072 0.02698 0.00224 0.00007 ( 1)
 172 L   0.98234 0.01421 0.00339 0.00005 ( 1)
 173 K   0.99235 0.00474 0.00290 0.00002 ( 1)
 174 T   0.80146 0.19634 0.00172 0.00048 ( 1)
 175 K   0.80744 0.18948 0.00240 0.00068 ( 1)
 176 G   0.80255 0.19568 0.00138 0.00039 ( 1)
 177 G   0.98769 0.00605 0.00622 0.00004 ( 1)
 178 A   0.93236 0.06455 0.00286 0.00023 ( 1)
 179 S   0.67686 0.32189 0.00081 0.00044 ( 1)
 180 G   0.95373 0.04452 0.00166 0.00009 ( 1)
 181 L   0.22865 0.76731 0.00086 0.00317 ( 2)
 182 V   0.07841 0.91698 0.00032 0.00428 ( 2)
 183 W   0.97286 0.02262 0.00441 0.00010 ( 1)
 184 E   0.38423 0.61252 0.00119 0.00205 ( 2)
 185 N   0.66685 0.33060 0.00160 0.00095 ( 1)
 186 Y   0.99030 0.00664 0.00304 0.00002 ( 1)
 187 N   0.93990 0.05819 0.00179 0.00012 ( 1)
 188 S   0.50670 0.49195 0.00065 0.00070 ( 1)
 189 F   0.98574 0.01161 0.00262 0.00003 ( 1)
 190 R   0.97736 0.02146 0.00116 0.00003 ( 1)
 191 T   0.95870 0.03894 0.00226 0.00011 ( 1)
 192 E   0.98641 0.00984 0.00370 0.00005 ( 1)
 193 M   0.99716 0.00150 0.00134 0.00000 ( 1)
 194 T   0.99201 0.00571 0.00227 0.00002 ( 1)
 195 I   0.13253 0.85495 0.00137 0.01116 ( 2)
 196 M   0.96624 0.03241 0.00130 0.00005 ( 1)
 197 V   0.98655 0.00913 0.00428 0.00005 ( 1)
 198 L   0.98283 0.01358 0.00354 0.00005 ( 1)
 199 D   0.99313 0.00390 0.00296 0.00001 ( 1)
 200 L   0.96705 0.03100 0.00189 0.00007 ( 1)
 201 V   0.98578 0.00989 0.00427 0.00005 ( 1)
 202 A   0.99031 0.00701 0.00266 0.00002 ( 1)
 203 I   0.93820 0.05860 0.00297 0.00023 ( 1)
 204 F   0.99353 0.00377 0.00269 0.00001 ( 1)
 205 P   0.99439 0.00387 0.00173 0.00001 ( 1)
 206 A   0.56592 0.42639 0.00435 0.00334 ( 1)


lnL = -2312.583985

Bayes Empirical Bayes (BEB) probabilities for 4 classes (class)
(amino acids refer to 1st sequence: BT_Cry7Ba1)

   1 -   0.41422 0.04834 0.48355 0.05390 ( 3)
   2 -   0.44615 0.01641 0.51921 0.01823 ( 3)
   3 -   0.15411 0.30844 0.18418 0.35327 ( 4)
   4 -   0.01895 0.44361 0.02289 0.51455 ( 4)
   5 -   0.25847 0.20409 0.30615 0.23129 ( 3)
   6 -   0.44937 0.01319 0.52279 0.01465 ( 3)
   7 S   0.31723 0.15817 0.35433 0.17027 ( 3)
   8 K   0.30936 0.17072 0.33885 0.18108 ( 3)
   9 I   0.45172 0.01677 0.51324 0.01827 ( 3)
  10 L   0.37372 0.09624 0.42517 0.10488 ( 3)
  11 K   0.41012 0.07058 0.44526 0.07404 ( 3)
  12 E   0.29404 0.17882 0.33252 0.19463 ( 3)
  13 I   0.47625 0.00335 0.51689 0.00352 ( 3)
  14 L   0.38937 0.08659 0.43161 0.09242 ( 3)
  15 D   0.46167 0.02127 0.49498 0.02209 ( 3)
  16 Y   0.35238 0.12340 0.39203 0.13219 ( 3)
  17 L   0.46634 0.00839 0.51633 0.00895 ( 3)
  18 W   0.45704 0.01066 0.52067 0.01163 ( 3)
  19 P   0.46583 0.00280 0.52832 0.00305 ( 3)
  20 S   0.47135 0.00465 0.51906 0.00494 ( 3)
  21 S   0.14312 0.33022 0.16304 0.36362 ( 4)
  22 S   0.23495 0.23284 0.27273 0.25948 ( 3)
  23 S   0.31840 0.14990 0.36636 0.16533 ( 3)
  24 S   0.32106 0.14532 0.37231 0.16131 ( 3)
  25 N   0.13119 0.18775 0.44883 0.23223 ( 3)
  26 S   0.23874 0.23489 0.27011 0.25627 ( 3)
  27 W   0.45704 0.01066 0.52067 0.01163 ( 3)
  28 E   0.47875 0.00327 0.51456 0.00342 ( 3)
  29 E   0.08681 0.38551 0.09974 0.42795 ( 4)
  30 M   0.47244 0.00709 0.51306 0.00742 ( 3)
  31 M   0.47417 0.00543 0.51473 0.00568 ( 3)
  32 K   0.39837 0.07405 0.44766 0.07993 ( 3)
  33 E   0.29722 0.18355 0.32461 0.19461 ( 3)
  34 V   0.47230 0.00929 0.50869 0.00971 ( 3)
  35 E   0.47010 0.00332 0.52302 0.00356 ( 3)
  36 Y   0.38509 0.09098 0.42684 0.09709 ( 3)
  37 L   0.47194 0.00430 0.51919 0.00456 ( 3)
  38 I   0.44628 0.03314 0.48575 0.03482 ( 3)
  39 D   0.48088 0.00220 0.51464 0.00228 ( 3)
  40 K   0.46110 0.01985 0.49832 0.02073 ( 3)
  41 K   0.47856 0.00261 0.51611 0.00272 ( 3)
  42 I   0.48121 0.00266 0.51338 0.00275 ( 3)
  43 E   0.42135 0.05187 0.47120 0.05558 ( 3)
  44 E   0.45746 0.02441 0.49265 0.02547 ( 3)
  45 Y   0.43861 0.03774 0.48358 0.04007 ( 3)
  46 A   0.45397 0.02682 0.49116 0.02805 ( 3)
  47 R   0.47486 0.00249 0.52003 0.00263 ( 3)
  48 N   0.46449 0.01741 0.49998 0.01812 ( 3)
  49 K   0.43934 0.03318 0.49182 0.03566 ( 3)
  50 A   0.47717 0.00377 0.51513 0.00394 ( 3)
  51 L   0.42850 0.04760 0.47332 0.05058 ( 3)
  52 A   0.41327 0.02189 0.53774 0.02711 ( 3)
  53 V   0.06886 0.19672 0.47907 0.25535 ( 3)
  54 L   0.46231 0.00788 0.52129 0.00853 ( 3)
  55 E   0.21578 0.26450 0.23713 0.28258 ( 4)
  56 G   0.47624 0.00252 0.51858 0.00265 ( 3)
  57 I   0.45678 0.02681 0.48862 0.02778 ( 3)
  58 G   0.47629 0.00243 0.51872 0.00256 ( 3)
  59 N   0.44280 0.03887 0.47786 0.04047 ( 3)
  60 A   0.41169 0.06625 0.45191 0.07016 ( 3)
  61 V   0.30064 0.17977 0.32880 0.19079 ( 3)
  62 E   0.03429 0.44490 0.03814 0.48268 ( 4)
  63 S   0.10821 0.17397 0.50881 0.20901 ( 3)
  64 Y   0.47302 0.00347 0.51983 0.00368 ( 3)
  65 Y   0.33670 0.13902 0.37508 0.14920 ( 3)
  66 S   0.18485 0.29138 0.20754 0.31623 ( 4)
  67 A   0.45046 0.03024 0.48768 0.03162 ( 3)
  68 L   0.46643 0.00829 0.51644 0.00884 ( 3)
  69 E   0.45020 0.03158 0.48525 0.03297 ( 3)
  70 A   0.09109 0.37908 0.10568 0.42416 ( 4)
  71 W   0.45704 0.01066 0.52067 0.01163 ( 3)
  72 -   0.24362 0.21894 0.28893 0.24851 ( 3)
  73 E   0.45572 0.02616 0.49081 0.02731 ( 3)
  74 L   0.35185 0.12230 0.39406 0.13178 ( 3)
  75 E   0.09145 0.38796 0.10152 0.41907 ( 4)
  76 S   0.41107 0.06460 0.45558 0.06876 ( 3)
  77 S   0.43239 0.04469 0.47572 0.04720 ( 3)
  78 E   0.28269 0.19790 0.30933 0.21009 ( 3)
  79 R   0.46274 0.00964 0.51726 0.01036 ( 3)
  80 S   0.22137 0.25500 0.24785 0.27577 ( 4)
  81 L   0.38533 0.08902 0.43008 0.09557 ( 3)
  82 E   0.40243 0.07870 0.43646 0.08242 ( 3)
  83 L   0.44478 0.02721 0.49848 0.02953 ( 3)
  84 V   0.47538 0.00624 0.51187 0.00652 ( 3)
  85 L   0.05873 0.41069 0.06852 0.46206 ( 4)
  86 E   0.00172 0.14183 0.57707 0.27938 ( 3)
  87 R   0.45289 0.01715 0.51143 0.01853 ( 3)
  88 Y   0.44503 0.03134 0.49038 0.03325 ( 3)
  89 Q   0.00006 0.30671 0.00355 0.68967 ( 4)
  90 F   0.11961 0.24149 0.32282 0.31608 ( 3)
  91 A   0.37005 0.10067 0.41981 0.10948 ( 3)
  92 V   0.34639 0.12462 0.39319 0.13581 ( 3)
  93 Q   0.41825 0.05038 0.47646 0.05491 ( 3)
  94 F   0.43012 0.05000 0.46753 0.05236 ( 3)
  95 A   0.42267 0.05776 0.45909 0.06048 ( 3)
  96 R   0.39868 0.07827 0.43999 0.08306 ( 3)
  97 S   0.00172 0.40747 0.00835 0.58246 ( 4)
  98 S   0.00248 0.30345 0.11672 0.57735 ( 4)
  99 M   0.46417 0.01532 0.50447 0.01605 ( 3)
 100 P   0.47386 0.00204 0.52193 0.00217 ( 3)
 101 S   0.46702 0.00748 0.51753 0.00798 ( 3)
 102 F   0.47841 0.00209 0.51732 0.00219 ( 3)
 103 A   0.46798 0.00298 0.52582 0.00322 ( 3)
 104 I   0.22527 0.13535 0.46444 0.17494 ( 3)
 105 I   0.01608 0.20695 0.46106 0.31591 ( 3)
 106 N   0.38344 0.09773 0.41636 0.10247 ( 3)
 107 Y   0.34204 0.13370 0.38086 0.14340 ( 3)
 108 E   0.47828 0.00374 0.51408 0.00390 ( 3)
 109 I   0.46805 0.01139 0.50863 0.01194 ( 3)
 110 P   0.46234 0.00356 0.53020 0.00390 ( 3)
 111 L   0.46783 0.00690 0.51792 0.00736 ( 3)
 112 L   0.46783 0.00690 0.51792 0.00736 ( 3)
 113 A   0.26699 0.21282 0.29340 0.22679 ( 3)
 114 T   0.43899 0.04008 0.47888 0.04204 ( 3)
 115 Y   0.47285 0.00364 0.51966 0.00385 ( 3)
 116 A   0.47797 0.00297 0.51596 0.00310 ( 3)
 117 N   0.36577 0.11546 0.39745 0.12132 ( 3)
 118 A   0.47474 0.00348 0.51812 0.00367 ( 3)
 119 A   0.41408 0.06650 0.44960 0.06982 ( 3)
 120 N   0.47809 0.00389 0.51397 0.00405 ( 3)
 121 V   0.18668 0.29067 0.20821 0.31445 ( 4)
 122 H   0.47471 0.00383 0.51742 0.00403 ( 3)
 123 L   0.46689 0.00784 0.51691 0.00836 ( 3)
 124 L   0.46224 0.01396 0.50898 0.01481 ( 3)
 125 L   0.46783 0.00690 0.51792 0.00736 ( 3)
 126 M   0.43511 0.04425 0.47419 0.04645 ( 3)
 127 R   0.47372 0.00362 0.51883 0.00382 ( 3)
 128 D   0.47865 0.00442 0.51233 0.00460 ( 3)
 129 I   0.44832 0.03504 0.48038 0.03626 ( 3)
 130 Q   0.28295 0.19047 0.31951 0.20707 ( 3)
 131 I   0.48023 0.00364 0.51236 0.00377 ( 3)
 132 Y   0.45172 0.01494 0.51701 0.01634 ( 3)
 133 G   0.46754 0.00296 0.52630 0.00320 ( 3)
 134 D   0.39990 0.08260 0.43127 0.08623 ( 3)
 135 R   0.21968 0.19297 0.33104 0.25632 ( 3)
 136 W   0.45704 0.01066 0.52067 0.01163 ( 3)
 137 G   0.23048 0.05571 0.62593 0.08788 ( 3)
 138 I   0.42277 0.06064 0.45353 0.06306 ( 3)
 139 S   0.10442 0.23015 0.36608 0.29935 ( 3)
 140 Q   0.31038 0.16317 0.34957 0.17687 ( 3)
 141 N   0.00446 0.47484 0.00498 0.51572 ( 4)
 142 D   0.47376 0.00919 0.50751 0.00953 ( 3)
 143 M   0.34045 0.03833 0.57188 0.04934 ( 3)
 144 N   0.05291 0.32053 0.20105 0.42551 ( 4)
 145 L   0.08686 0.37938 0.10265 0.43112 ( 4)
 146 F   0.38800 0.08232 0.44013 0.08955 ( 3)
 147 L   0.34073 0.13337 0.38200 0.14390 ( 3)
 148 K   0.37406 0.10645 0.40734 0.11214 ( 3)
 149 E   0.32171 0.15897 0.35120 0.16812 ( 3)
 150 Q   0.47005 0.00400 0.52168 0.00427 ( 3)
 151 E   0.44290 0.03878 0.47780 0.04052 ( 3)
 152 I   0.01539 0.39607 0.04595 0.54259 ( 4)
 153 Y   0.10126 0.36505 0.11950 0.41420 ( 4)
 154 T   0.46516 0.00511 0.52421 0.00552 ( 3)
 155 S   0.16187 0.14022 0.52650 0.17141 ( 3)
 156 E   0.46114 0.02063 0.49672 0.02151 ( 3)
 157 Y   0.47153 0.00495 0.51826 0.00525 ( 3)
 158 S   0.40160 0.06698 0.45822 0.07320 ( 3)
 159 E   0.47429 0.00762 0.51016 0.00794 ( 3)
 160 H   0.12986 0.01675 0.83605 0.01734 ( 3)
 161 C   0.46207 0.00473 0.52802 0.00518 ( 3)
 162 V   0.14735 0.11824 0.54696 0.18745 ( 3)
 163 K   0.46720 0.00540 0.52161 0.00579 ( 3)
 164 W   0.45704 0.01066 0.52067 0.01163 ( 3)
 165 Y   0.46893 0.00755 0.51552 0.00800 ( 3)
 166 N   0.34453 0.13673 0.37472 0.14402 ( 3)
 167 E   0.30183 0.17104 0.34113 0.18600 ( 3)
 168 G   0.47427 0.00449 0.51652 0.00472 ( 3)
 169 L   0.46783 0.00690 0.51792 0.00736 ( 3)
 170 N   0.02430 0.45514 0.02706 0.49350 ( 4)
 171 Q   0.46202 0.01196 0.51326 0.01276 ( 3)
 172 L   0.46309 0.00709 0.52214 0.00767 ( 3)
 173 K   0.47856 0.00261 0.51611 0.00272 ( 3)
 174 T   0.38836 0.08821 0.42936 0.09407 ( 3)
 175 K   0.39463 0.08597 0.42886 0.09053 ( 3)
 176 G   0.38905 0.08796 0.42934 0.09365 ( 3)
 177 G   0.46385 0.00307 0.52972 0.00336 ( 3)
 178 A   0.45205 0.02859 0.48947 0.02989 ( 3)
 179 S   0.35049 0.12642 0.38821 0.13489 ( 3)
 180 G   0.45781 0.01944 0.50223 0.02052 ( 3)
 181 L   0.15488 0.31867 0.17617 0.35028 ( 4)
 182 V   0.06768 0.40898 0.07623 0.44712 ( 4)
 183 W   0.45704 0.01066 0.52067 0.01163 ( 3)
 184 E   0.22398 0.24870 0.25470 0.27262 ( 4)
 185 N   0.35087 0.13034 0.38161 0.13719 ( 3)
 186 Y   0.47302 0.00347 0.51983 0.00368 ( 3)
 187 N   0.44604 0.02480 0.50240 0.02675 ( 3)
 188 S   0.28869 0.18788 0.32158 0.20185 ( 3)
 189 F   0.46467 0.00579 0.52329 0.00625 ( 3)
 190 R   0.46206 0.01033 0.51652 0.01109 ( 3)
 191 T   0.46214 0.01716 0.50271 0.01799 ( 3)
 192 E   0.47672 0.00530 0.51246 0.00553 ( 3)
 193 M   0.47877 0.00084 0.51950 0.00088 ( 3)
 194 T   0.47637 0.00307 0.51733 0.00323 ( 3)
 195 I   0.09794 0.37928 0.10974 0.41305 ( 4)
 196 M   0.46447 0.01509 0.50464 0.01580 ( 3)
 197 V   0.47667 0.00495 0.51321 0.00517 ( 3)
 198 L   0.46783 0.00690 0.51792 0.00736 ( 3)
 199 D   0.48088 0.00220 0.51464 0.00228 ( 3)
 200 L   0.46087 0.01533 0.50754 0.01626 ( 3)
 201 V   0.47629 0.00532 0.51282 0.00556 ( 3)
 202 A   0.47448 0.00374 0.51784 0.00394 ( 3)
 203 I   0.45750 0.02610 0.48936 0.02705 ( 3)
 204 F   0.47841 0.00209 0.51732 0.00219 ( 3)
 205 P   0.47386 0.00204 0.52193 0.00217 ( 3)
 206 A   0.30202 0.16497 0.34990 0.18312 ( 3)

