Supplemental results for CODEML (seqf: algn  treef: tree)


dN/dS (w) for site classes (K=4)

site class             0        1       2a       2b
proportion       0.00000  0.00000  0.49640  0.50360
background w     0.06391  0.59024  0.06391  0.59024
foreground w     0.06391  0.59024  0.07477  0.07477

Naive Empirical Bayes (NEB) probabilities for 4 classes
(amino acids refer to 1st sequence: BT_Cry3Aa10)

   1 -   0.00000 0.00000 0.51650 0.48350 ( 3)
   2 -   0.00000 0.00000 0.21619 0.78381 ( 4)
   3 -   0.00000 0.00000 0.85544 0.14456 ( 3)
   4 K   0.00000 0.00000 0.69268 0.30732 ( 3)
   5 I   0.00000 0.00000 0.97913 0.02087 ( 3)
   6 T   0.00000 0.00000 0.38552 0.61448 ( 4)
   7 Q   0.00000 0.00000 0.75820 0.24180 ( 3)
   8 L   0.00000 0.00000 0.79435 0.20565 ( 3)
   9 P   0.00000 0.00000 0.85449 0.14551 ( 3)
  10 L   0.00000 0.00000 0.06522 0.93478 ( 4)
  11 V   0.00000 0.00000 0.98110 0.01890 ( 3)
  12 K   0.00000 0.00000 0.92782 0.07218 ( 3)
  13 A   0.00000 0.00000 0.04912 0.95088 ( 4)
  14 Y   0.00000 0.00000 0.59356 0.40644 ( 3)
  15 K   0.00000 0.00000 0.23606 0.76394 ( 4)
  16 L   0.00000 0.00000 0.95740 0.04260 ( 3)
  17 Q   0.00000 0.00000 0.01383 0.98617 ( 4)
  18 S   0.00000 0.00000 0.22335 0.77665 ( 4)
  19 G   0.00000 0.00000 0.98446 0.01554 ( 3)
  20 A   0.00000 0.00000 0.70096 0.29904 ( 3)
  21 S   0.00000 0.00000 0.87713 0.12287 ( 3)
  22 V   0.00000 0.00000 0.98158 0.01842 ( 3)
  23 V   0.00000 0.00000 0.15523 0.84477 ( 4)
  24 A   0.00000 0.00000 0.00213 0.99787 ( 4)
  25 G   0.00000 0.00000 0.98446 0.01554 ( 3)
  26 P   0.00000 0.00000 0.97953 0.02047 ( 3)
  27 R   0.00000 0.00000 0.77036 0.22964 ( 3)
  28 F   0.00000 0.00000 0.98985 0.01015 ( 3)
  29 T   0.00000 0.00000 0.97992 0.02008 ( 3)
  30 G   0.00000 0.00000 0.96312 0.03688 ( 3)
  31 G   0.00000 0.00000 0.97736 0.02264 ( 3)
  32 D   0.00000 0.00000 0.93864 0.06136 ( 3)
  33 I   0.00000 0.00000 0.79334 0.20666 ( 3)
  34 I   0.00000 0.00000 0.11064 0.88936 ( 4)
  35 Q   0.00000 0.00000 0.24286 0.75714 ( 4)
  36 C   0.00000 0.00000 0.39837 0.60163 ( 4)
  37 T   0.00000 0.00000 0.83430 0.16570 ( 3)
  38 E   0.00000 0.00000 0.02019 0.97981 ( 4)
  39 N   0.00000 0.00000 0.03038 0.96962 ( 4)
  40 G   0.00000 0.00000 0.78060 0.21940 ( 3)
  41 S   0.00000 0.00000 0.00217 0.99783 ( 4)
  42 A   0.00000 0.00000 0.15651 0.84349 ( 4)
  43 A   0.00000 0.00000 0.52153 0.47847 ( 3)
  44 T   0.00000 0.00000 0.03045 0.96955 ( 4)
  45 I   0.00000 0.00000 0.05459 0.94541 ( 4)
  46 Y   0.00000 0.00000 0.00105 0.99895 ( 4)
  47 V   0.00000 0.00000 0.93439 0.06561 ( 3)
  48 T   0.00000 0.00000 0.02108 0.97892 ( 4)
  49 P   0.00000 0.00000 0.13358 0.86642 ( 4)
  50 -   0.00000 0.00000 0.49640 0.50360 ( 4)
  51 D   0.00000 0.00000 0.25644 0.74356 ( 4)
  52 V   0.00000 0.00000 0.00352 0.99648 ( 4)
  53 S   0.00000 0.00000 0.00350 0.99650 ( 4)
  54 Y   0.00000 0.00000 0.13056 0.86944 ( 4)
  55 S   0.00000 0.00000 0.93388 0.06612 ( 3)
  56 Q   0.00000 0.00000 0.18425 0.81575 ( 4)
  57 K   0.00000 0.00000 0.10942 0.89058 ( 4)
  58 H   0.00000 0.00000 0.83255 0.16745 ( 3)
  59 R   0.00000 0.00000 0.95055 0.04945 ( 3)
  60 A   0.00000 0.00000 0.57796 0.42204 ( 3)
  61 R   0.00000 0.00000 0.98768 0.01232 ( 3)
  62 I   0.00000 0.00000 0.98346 0.01654 ( 3)
  63 H   0.00000 0.00000 0.63959 0.36041 ( 3)
  64 Y   0.00000 0.00000 0.97172 0.02828 ( 3)
  65 A   0.00000 0.00000 0.98383 0.01617 ( 3)
  66 S   0.00000 0.00000 0.97761 0.02239 ( 3)
  67 T   0.00000 0.00000 0.92862 0.07138 ( 3)
  68 S   0.00000 0.00000 0.12568 0.87432 ( 4)
  69 Q   0.00000 0.00000 0.00308 0.99692 ( 4)
  70 I   0.00000 0.00000 0.10405 0.89595 ( 4)
  71 T   0.00000 0.00000 0.03993 0.96007 ( 4)
  72 F   0.00000 0.00000 0.98436 0.01564 ( 3)
  73 T   0.00000 0.00000 0.00351 0.99649 ( 4)
  74 L   0.00000 0.00000 0.00408 0.99592 ( 4)
  75 S   0.00000 0.00000 0.04757 0.95243 ( 4)
  76 L   0.00000 0.00000 0.01760 0.98240 ( 4)
  77 D   0.00000 0.00000 0.01579 0.98421 ( 4)
  78 G   0.00000 0.00000 0.95511 0.04489 ( 3)
  79 A   0.00000 0.00000 0.08805 0.91195 ( 4)
  80 P   0.00000 0.00000 0.00955 0.99045 ( 4)
  81 F   0.00000 0.00000 0.05670 0.94330 ( 4)
  82 N   0.00000 0.00000 0.88490 0.11510 ( 3)
  83 Q   0.00000 0.00000 0.03149 0.96851 ( 4)
  84 Y   0.00000 0.00000 0.00254 0.99746 ( 4)
  85 Y   0.00000 0.00000 0.01141 0.98859 ( 4)
  86 F   0.00000 0.00000 0.30657 0.69343 ( 4)
  87 D   0.00000 0.00000 0.13186 0.86814 ( 4)
  88 K   0.00000 0.00000 0.89141 0.10859 ( 3)
  89 T   0.00000 0.00000 0.97178 0.02822 ( 3)
  90 I   0.00000 0.00000 0.89362 0.10638 ( 3)
  91 N   0.00000 0.00000 0.78333 0.21667 ( 3)
  92 K   0.00000 0.00000 0.67132 0.32868 ( 3)
  93 G   0.00000 0.00000 0.97736 0.02264 ( 3)
  94 D   0.00000 0.00000 0.19655 0.80345 ( 4)
  95 T   0.00000 0.00000 0.01963 0.98037 ( 4)
  96 L   0.00000 0.00000 0.95740 0.04260 ( 3)
  97 T   0.00000 0.00000 0.92870 0.07130 ( 3)
  98 Y   0.00000 0.00000 0.82857 0.17143 ( 3)
  99 N   0.00000 0.00000 0.03123 0.96877 ( 4)
 100 S   0.00000 0.00000 0.10378 0.89622 ( 4)
 101 F   0.00000 0.00000 0.98985 0.01015 ( 3)
 102 N   0.00000 0.00000 0.29001 0.70999 ( 4)
 103 L   0.00000 0.00000 0.36589 0.63411 ( 4)
 104 A   0.00000 0.00000 0.98236 0.01764 ( 3)
 105 S   0.00000 0.00000 0.79562 0.20438 ( 3)
 106 F   0.00000 0.00000 0.82091 0.17909 ( 3)
 107 S   0.00000 0.00000 0.00535 0.99465 ( 4)
 108 T   0.00000 0.00000 0.78016 0.21984 ( 3)
 109 P   0.00000 0.00000 0.79019 0.20981 ( 3)
 110 F   0.00000 0.00000 0.92356 0.07644 ( 3)
 111 E   0.00000 0.00000 0.00496 0.99504 ( 4)
 112 L   0.00000 0.00000 0.88417 0.11583 ( 3)
 113 S   0.00000 0.00000 0.00264 0.99736 ( 4)
 114 G   0.00000 0.00000 0.10151 0.89849 ( 4)
 115 N   0.00000 0.00000 0.01342 0.98658 ( 4)
 116 N   0.00000 0.00000 0.01902 0.98098 ( 4)
 117 -   0.00000 0.00000 0.15614 0.84386 ( 4)
 118 -   0.00000 0.00000 0.04006 0.95994 ( 4)
 119 L   0.00000 0.00000 0.88878 0.11122 ( 3)
 120 Q   0.00000 0.00000 0.02236 0.97764 ( 4)
 121 I   0.00000 0.00000 0.98424 0.01576 ( 3)
 122 G   0.00000 0.00000 0.47093 0.52907 ( 4)
 123 V   0.00000 0.00000 0.75626 0.24374 ( 3)
 124 T   0.00000 0.00000 0.00528 0.99472 ( 4)
 125 G   0.00000 0.00000 0.00171 0.99829 ( 4)
 126 L   0.00000 0.00000 0.44225 0.55775 ( 4)
 127 S   0.00000 0.00000 0.00404 0.99596 ( 4)
 128 A   0.00000 0.00000 0.02343 0.97657 ( 4)
 129 G   0.00000 0.00000 0.96262 0.03738 ( 3)
 130 D   0.00000 0.00000 0.64695 0.35305 ( 3)
 131 K   0.00000 0.00000 0.41743 0.58257 ( 4)
 132 V   0.00000 0.00000 0.97415 0.02585 ( 3)
 133 Y   0.00000 0.00000 0.97871 0.02129 ( 3)
 134 I   0.00000 0.00000 0.37335 0.62665 ( 4)
 135 D   0.00000 0.00000 0.94776 0.05224 ( 3)
 136 K   0.00000 0.00000 0.39399 0.60601 ( 4)
 137 I   0.00000 0.00000 0.25078 0.74922 ( 4)
 138 E   0.00000 0.00000 0.98766 0.01234 ( 3)
 139 F   0.00000 0.00000 0.22199 0.77801 ( 4)
 140 I   0.00000 0.00000 0.90701 0.09299 ( 3)
 141 P   0.00000 0.00000 0.88493 0.11507 ( 3)


lnL = -1859.492661

