Supplemental results for CODEML (seqf: algn  treef: tree)


dN/dS (w) for site classes (K=4)

site class             0        1       2a       2b
proportion       0.58410  0.31896  0.06270  0.03424
background w     0.06949  1.00000  0.06949  1.00000
foreground w     0.06949  1.00000 999.00000 999.00000

Naive Empirical Bayes (NEB) probabilities for 4 classes
(amino acids refer to 1st sequence: BT_Cry7Cb1)

   1 -   0.85564 0.04743 0.09184 0.00509 ( 1)
   2 -   0.85453 0.04854 0.09173 0.00521 ( 1)
   3 A   0.86152 0.09703 0.03712 0.00433 ( 1)
   4 G   0.95942 0.00400 0.03642 0.00016 ( 1)
   5 G   0.00622 0.95090 0.00027 0.04261 ( 2)
   6 I   0.95767 0.00443 0.03772 0.00018 ( 1)
   7 V   0.02245 0.43271 0.45309 0.09175 ( 3)
   8 A   0.14948 0.71728 0.01981 0.11343 ( 2)
   9 L   0.82656 0.12452 0.04232 0.00660 ( 1)
  10 F   0.90604 0.05819 0.03351 0.00226 ( 1)
  11 T   0.83980 0.09585 0.05772 0.00663 ( 1)
  12 E   0.00077 0.96295 0.00003 0.03625 ( 2)
  13 V   0.43652 0.52770 0.01543 0.02036 ( 2)
  14 L   0.34472 0.60513 0.01789 0.03226 ( 2)
  15 R   0.30009 0.66061 0.01207 0.02724 ( 2)
  16 L   0.05862 0.89086 0.00301 0.04751 ( 2)
  17 L   0.92983 0.01943 0.04968 0.00106 ( 1)
  18 W   0.89154 0.03756 0.06803 0.00287 ( 1)
  19 P   0.94465 0.00339 0.05177 0.00019 ( 1)
  20 N   0.00381 0.96240 0.00013 0.03366 ( 2)
  21 K   0.07200 0.87252 0.00419 0.05129 ( 2)
  22 Q   0.14709 0.80651 0.00704 0.03936 ( 2)
  23 D   0.00782 0.76864 0.09685 0.12668 ( 2)
  24 E   0.21528 0.65530 0.04204 0.08739 ( 2)
  25 L   0.09464 0.85992 0.00440 0.04105 ( 2)
  26 W   0.89154 0.03756 0.06803 0.00287 ( 1)
  27 E   0.96380 0.00394 0.03212 0.00015 ( 1)
  28 S   0.05921 0.86879 0.00459 0.06742 ( 2)
  29 F   0.91688 0.04774 0.03354 0.00184 ( 1)
  30 M   0.96310 0.00071 0.03616 0.00003 ( 1)
  31 K   0.03011 0.28065 0.63075 0.05848 ( 3)
  32 E   0.91442 0.05248 0.03113 0.00196 ( 1)
  33 V   0.95915 0.00735 0.03322 0.00028 ( 1)
  34 E   0.94266 0.00455 0.05253 0.00026 ( 1)
  35 K   0.00001 0.00440 0.07889 0.91670 ( 4)
  36 L   0.94169 0.01393 0.04373 0.00066 ( 1)
  37 I   0.95786 0.00424 0.03772 0.00018 ( 1)
  38 E   0.08564 0.42432 0.27025 0.21979 ( 2)
  39 Q   0.89238 0.06225 0.04235 0.00302 ( 1)
  40 E   0.94171 0.02510 0.03226 0.00094 ( 1)
  41 I   0.96738 0.00307 0.02944 0.00010 ( 1)
  42 T   0.90170 0.06241 0.03347 0.00242 ( 1)
  43 D   0.35087 0.23124 0.38502 0.03286 ( 3)
  44 A   0.03965 0.89725 0.00265 0.06045 ( 2)
  45 V   0.83534 0.13045 0.02916 0.00505 ( 1)
  46 V   0.28432 0.67851 0.01046 0.02671 ( 2)
  47 S   0.00501 0.95551 0.00020 0.03928 ( 2)
  48 K   0.86777 0.09919 0.02938 0.00366 ( 1)
  49 A   0.95457 0.00417 0.04108 0.00019 ( 1)
  50 L   0.69910 0.24454 0.04015 0.01620 ( 1)
  51 A   0.01601 0.01279 0.96786 0.00333 ( 3)
  52 E   0.92076 0.04678 0.03072 0.00174 ( 1)
  53 L   0.93848 0.01282 0.04803 0.00068 ( 1)
  54 E   0.84626 0.10085 0.04716 0.00573 ( 1)
  55 G   0.95159 0.00722 0.04087 0.00032 ( 1)
  56 L   0.93927 0.01203 0.04807 0.00064 ( 1)
  57 R   0.84998 0.08410 0.06008 0.00585 ( 1)
  58 N   0.90721 0.03193 0.05878 0.00208 ( 1)
  59 A   0.01000 0.94704 0.00044 0.04253 ( 2)
  60 L   0.06304 0.87266 0.00430 0.06000 ( 2)
  61 Q   0.00221 0.81750 0.00281 0.17748 ( 2)
  62 G   0.02462 0.93682 0.00095 0.03762 ( 2)
  63 Y   0.95160 0.00473 0.04344 0.00022 ( 1)
  64 T   0.02322 0.93925 0.00088 0.03665 ( 2)
  65 D   0.00095 0.52746 0.03572 0.43587 ( 2)
  66 A   0.89562 0.07056 0.03120 0.00261 ( 1)
  67 L   0.91780 0.00779 0.07379 0.00063 ( 1)
  68 E   0.90898 0.05849 0.03035 0.00218 ( 1)
  69 A   0.11180 0.85255 0.00394 0.03171 ( 2)
  70 W   0.89154 0.03756 0.06803 0.00287 ( 1)
  71 Q   0.71525 0.23925 0.03395 0.01155 ( 1)
  72 N   0.17621 0.79046 0.00580 0.02753 ( 2)
  73 N   0.96711 0.00163 0.03120 0.00006 ( 1)
  74 R   0.77454 0.17264 0.04313 0.00969 ( 1)
  75 S   0.92931 0.03228 0.03710 0.00131 ( 1)
  76 D   0.29685 0.67075 0.00933 0.02307 ( 2)
  77 K   0.92777 0.03891 0.03187 0.00145 ( 1)
  78 L   0.60149 0.35340 0.02816 0.01694 ( 1)
  79 K   0.02177 0.92256 0.00127 0.05440 ( 2)
  80 Q   0.03242 0.89240 0.00261 0.07257 ( 2)
  81 L   0.06457 0.88465 0.00333 0.04746 ( 2)
  82 L   0.18560 0.76261 0.00999 0.04179 ( 2)
  83 V   0.92926 0.00978 0.06031 0.00064 ( 1)
  84 Y   0.00008 0.95388 0.00000 0.04604 ( 2)
  85 D   0.00638 0.72402 0.12942 0.14018 ( 2)
  86 R   0.80767 0.15419 0.03185 0.00629 ( 1)
  87 F   0.91609 0.04853 0.03351 0.00187 ( 1)
  88 V   0.26303 0.69454 0.01111 0.03131 ( 2)
  89 S   0.01651 0.93573 0.00081 0.04695 ( 2)
  90 T   0.24443 0.71820 0.00929 0.02808 ( 2)
  91 E   0.88682 0.08056 0.02963 0.00299 ( 1)
  92 N   0.05730 0.90915 0.00188 0.03166 ( 2)
  93 L   0.08383 0.86590 0.00429 0.04598 ( 2)
  94 F   0.96274 0.00197 0.03521 0.00008 ( 1)
  95 K   0.05672 0.90751 0.00195 0.03382 ( 2)
  96 F   0.00144 0.96090 0.00005 0.03761 ( 2)
  97 A   0.00397 0.96003 0.00014 0.03586 ( 2)
  98 M   0.94136 0.02243 0.03535 0.00086 ( 1)
  99 P   0.94303 0.00494 0.05176 0.00027 ( 1)
 100 S   0.94907 0.00433 0.04638 0.00022 ( 1)
 101 F   0.96274 0.00197 0.03521 0.00008 ( 1)
 102 R   0.12714 0.83379 0.00502 0.03406 ( 2)
 103 V   0.00002 0.05792 0.81954 0.12251 ( 3)
 104 G   0.00179 0.82868 0.00255 0.16698 ( 2)
 105 G   0.95539 0.00343 0.04103 0.00015 ( 1)
 106 F   0.04191 0.92070 0.00155 0.03584 ( 2)
 107 E   0.96380 0.00394 0.03212 0.00015 ( 1)
 108 V   0.01963 0.02982 0.94188 0.00866 ( 3)
 109 P   0.95327 0.00232 0.04430 0.00011 ( 1)
 110 L   0.93927 0.01203 0.04807 0.00064 ( 1)
 111 L   0.92170 0.02951 0.04722 0.00157 ( 1)
 112 T   0.38132 0.58187 0.01423 0.02259 ( 2)
 113 V   0.95915 0.00735 0.03322 0.00028 ( 1)
 114 Y   0.95160 0.00473 0.04344 0.00022 ( 1)
 115 A   0.96041 0.00592 0.03345 0.00022 ( 1)
 116 Q   0.95106 0.00363 0.04514 0.00018 ( 1)
 117 A   0.91560 0.00434 0.07968 0.00038 ( 1)
 118 A   0.96144 0.00490 0.03349 0.00018 ( 1)
 119 N   0.92719 0.00712 0.06519 0.00050 ( 1)
 120 L   0.94023 0.01538 0.04366 0.00073 ( 1)
 121 H   0.92705 0.00338 0.06932 0.00025 ( 1)
 122 L   0.93703 0.01426 0.04795 0.00075 ( 1)
 123 L   0.03821 0.09502 0.84167 0.02511 ( 3)
 124 L   0.93927 0.01203 0.04807 0.00064 ( 1)
 125 L   0.93927 0.01203 0.04807 0.00064 ( 1)
 126 K   0.73157 0.23495 0.02479 0.00868 ( 1)
 127 N   0.94140 0.02671 0.03097 0.00093 ( 1)
 128 S   0.79933 0.04323 0.14546 0.01198 ( 1)
 129 E   0.14678 0.81693 0.00511 0.03117 ( 2)
 130 L   0.27193 0.67772 0.01413 0.03622 ( 2)
 131 F   0.95495 0.00215 0.04279 0.00012 ( 1)
 132 G   0.93373 0.00376 0.06226 0.00025 ( 1)
 133 A   0.85207 0.11398 0.02972 0.00423 ( 1)
 134 E   0.96337 0.00437 0.03210 0.00016 ( 1)
 135 W   0.89154 0.03756 0.06803 0.00287 ( 1)
 136 G   0.95949 0.00394 0.03642 0.00016 ( 1)
 137 M   0.02598 0.93657 0.00099 0.03646 ( 2)
 138 Q   0.03145 0.91775 0.00158 0.04922 ( 2)
 139 Q   0.00108 0.95235 0.00005 0.04651 ( 2)
 140 Y   0.00066 0.91831 0.00006 0.08097 ( 2)
 141 E   0.69803 0.26869 0.02326 0.01001 ( 1)
 142 I   0.87358 0.09653 0.02660 0.00328 ( 1)
 143 D   0.03760 0.90424 0.00231 0.05585 ( 2)
 144 L   0.01167 0.87477 0.00163 0.11193 ( 2)
 145 F   0.85695 0.10751 0.03138 0.00416 ( 1)
 146 Y   0.91062 0.00860 0.08002 0.00076 ( 1)
 147 N   0.74578 0.22218 0.02432 0.00772 ( 1)
 148 E   0.27876 0.68520 0.01001 0.02603 ( 2)
 149 Q   0.94862 0.00607 0.04502 0.00029 ( 1)
 150 K   0.44193 0.50282 0.02570 0.02955 ( 2)
 151 D   0.00233 0.60360 0.01669 0.37737 ( 2)
 152 Y   0.00724 0.91178 0.00064 0.08034 ( 2)
 153 V   0.02737 0.93496 0.00100 0.03667 ( 2)
 154 V   0.13111 0.29915 0.50439 0.06536 ( 3)
 155 E   0.43779 0.52773 0.01480 0.01968 ( 2)
 156 Y   0.94693 0.00940 0.04323 0.00044 ( 1)
 157 T   0.82970 0.13399 0.03109 0.00521 ( 1)
 158 D   0.96777 0.00199 0.03017 0.00007 ( 1)
 159 H   0.91347 0.04901 0.03555 0.00196 ( 1)
 160 C   0.95194 0.00281 0.04511 0.00014 ( 1)
 161 V   0.95107 0.00843 0.04012 0.00038 ( 1)
 162 K   0.87300 0.09398 0.02955 0.00348 ( 1)
 163 W   0.89154 0.03756 0.06803 0.00287 ( 1)
 164 Y   0.95160 0.00473 0.04344 0.00022 ( 1)
 165 T   0.00002 0.00675 0.02372 0.96952 ( 4)
 166 E   0.42552 0.53900 0.01507 0.02041 ( 2)
 167 G   0.92141 0.01608 0.06143 0.00108 ( 1)
 168 L   0.93927 0.01203 0.04807 0.00064 ( 1)
 169 N   0.95101 0.01715 0.03124 0.00060 ( 1)
 170 R   0.01082 0.76432 0.02471 0.20015 ( 2)
 171 L   0.92213 0.01409 0.06281 0.00097 ( 1)
 172 K   0.94163 0.00375 0.05440 0.00022 ( 1)
 173 N   0.68839 0.27952 0.02232 0.00977 ( 1)
 174 A   0.68249 0.28310 0.02387 0.01054 ( 1)
 175 S   0.64904 0.30603 0.02976 0.01517 ( 1)
 176 G   0.96025 0.00317 0.03645 0.00013 ( 1)
 177 V   0.02066 0.94156 0.00076 0.03703 ( 2)
 178 K   0.94644 0.02040 0.03241 0.00076 ( 1)
 179 G   0.88988 0.06856 0.03852 0.00304 ( 1)
 180 K   0.44879 0.49618 0.02594 0.02910 ( 2)
 181 V   0.00138 0.96104 0.00005 0.03753 ( 2)
 182 W   0.89154 0.03756 0.06803 0.00287 ( 1)
 183 E   0.17850 0.76771 0.01000 0.04379 ( 2)
 184 E   0.00008 0.39867 0.15358 0.44766 ( 4)
 185 Y   0.95160 0.00473 0.04344 0.00022 ( 1)
 186 N   0.79823 0.17014 0.02577 0.00586 ( 1)
 187 R   0.70708 0.24012 0.03937 0.01343 ( 1)
 188 F   0.95427 0.01042 0.03492 0.00040 ( 1)
 189 R   0.88957 0.02549 0.08257 0.00237 ( 1)
 190 R   0.96022 0.00187 0.03784 0.00008 ( 1)
 191 E   0.96380 0.00394 0.03212 0.00015 ( 1)
 192 M   0.96310 0.00071 0.03616 0.00003 ( 1)
 193 T   0.93256 0.00314 0.06408 0.00022 ( 1)
 194 I   0.74301 0.21832 0.02952 0.00915 ( 1)
 195 M   0.01497 0.94767 0.00056 0.03679 ( 2)
 196 V   0.92488 0.01415 0.06003 0.00093 ( 1)
 197 L   0.93927 0.01203 0.04807 0.00064 ( 1)
 198 D   0.96777 0.00199 0.03017 0.00007 ( 1)
 199 L   0.05947 0.85869 0.00528 0.07656 ( 2)
 200 L   0.17497 0.77963 0.00818 0.03722 ( 2)
 201 P   0.33860 0.61635 0.01580 0.02925 ( 2)
 202 L   0.93927 0.01203 0.04807 0.00064 ( 1)
 203 F   0.96274 0.00197 0.03521 0.00008 ( 1)
 204 P   0.90804 0.04752 0.04220 0.00224 ( 1)
 205 I   0.00284 0.92304 0.00023 0.07389 ( 2)


lnL = -2318.191403

Bayes Empirical Bayes (BEB) probabilities for 4 classes (class)
(amino acids refer to 1st sequence: BT_Cry7Cb1)

   1 -   0.39211 0.02487 0.54594 0.03708 ( 3)
   2 -   0.39199 0.02499 0.54577 0.03726 ( 3)
   3 A   0.35872 0.06011 0.49284 0.08833 ( 3)
   4 G   0.41735 0.00181 0.57815 0.00270 ( 3)
   5 G   0.00090 0.41768 0.00120 0.58021 ( 4)
   6 I   0.41716 0.00196 0.57796 0.00291 ( 3)
   7 V   0.00710 0.37536 0.08687 0.53067 ( 4)
   8 A   0.03744 0.37749 0.05043 0.53464 ( 4)
   9 L   0.34163 0.07687 0.46882 0.11267 ( 3)
  10 F   0.38314 0.03606 0.52758 0.05322 ( 3)
  11 T   0.35651 0.06133 0.49176 0.09040 ( 3)
  12 E   0.00008 0.41908 0.00011 0.58073 ( 4)
  13 V   0.12276 0.29645 0.16378 0.41701 ( 4)
  14 L   0.09149 0.32687 0.12228 0.45936 ( 4)
  15 R   0.07598 0.34281 0.10124 0.47996 ( 4)
  16 L   0.01197 0.40634 0.01592 0.56576 ( 4)
  17 L   0.40901 0.00939 0.56762 0.01398 ( 3)
  18 W   0.39833 0.01931 0.55359 0.02877 ( 3)
  19 P   0.41671 0.00160 0.57929 0.00239 ( 3)
  20 N   0.00043 0.41873 0.00056 0.58028 ( 4)
  21 K   0.01207 0.40600 0.01607 0.56586 ( 4)
  22 Q   0.03365 0.38478 0.04479 0.53677 ( 4)
  23 D   0.00143 0.40663 0.01409 0.57785 ( 4)
  24 E   0.04509 0.36937 0.06233 0.52322 ( 4)
  25 L   0.02079 0.39768 0.02764 0.55389 ( 4)
  26 W   0.39833 0.01931 0.55359 0.02877 ( 3)
  27 E   0.41794 0.00170 0.57782 0.00253 ( 3)
  28 S   0.00989 0.40766 0.01320 0.56924 ( 4)
  29 F   0.39016 0.02906 0.53781 0.04296 ( 3)
  30 M   0.41880 0.00032 0.58042 0.00047 ( 3)
  31 K   0.01292 0.32933 0.19633 0.46142 ( 4)
  32 E   0.38691 0.03266 0.53222 0.04820 ( 3)
  33 V   0.41625 0.00329 0.57558 0.00489 ( 3)
  34 E   0.41627 0.00204 0.57864 0.00305 ( 3)
  35 K   0.00006 0.09008 0.01148 0.89839 ( 4)
  36 L   0.41204 0.00664 0.57144 0.00988 ( 3)
  37 I   0.41723 0.00189 0.57806 0.00282 ( 3)
  38 E   0.02903 0.37665 0.04926 0.54507 ( 4)
  39 Q   0.37946 0.03916 0.52352 0.05786 ( 3)
  40 E   0.40457 0.01501 0.55818 0.02224 ( 3)
  41 I   0.41850 0.00130 0.57827 0.00193 ( 3)
  42 T   0.38059 0.03857 0.52395 0.05689 ( 3)
  43 D   0.16826 0.21271 0.31479 0.30424 ( 3)
  44 A   0.00837 0.40944 0.01115 0.57104 ( 4)
  45 V   0.33936 0.08009 0.46359 0.11696 ( 3)
  46 V   0.06983 0.34929 0.09283 0.48805 ( 4)
  47 S   0.00058 0.41814 0.00077 0.58050 ( 4)
  48 K   0.35985 0.05963 0.49305 0.08746 ( 3)
  49 A   0.41696 0.00191 0.57829 0.00284 ( 3)
  50 L   0.27523 0.14317 0.37437 0.20723 ( 3)
  51 A   0.03605 0.05617 0.83934 0.06845 ( 3)
  52 E   0.39158 0.02804 0.53897 0.04142 ( 3)
  53 L   0.41246 0.00609 0.57239 0.00907 ( 3)
  54 E   0.35643 0.06185 0.49069 0.09102 ( 3)
  55 G   0.41549 0.00337 0.57613 0.00502 ( 3)
  56 L   0.41284 0.00571 0.57295 0.00850 ( 3)
  57 R   0.36445 0.05351 0.50306 0.07898 ( 3)
  58 N   0.39794 0.02002 0.55226 0.02978 ( 3)
  59 A   0.00149 0.41711 0.00198 0.57942 ( 4)
  60 L   0.01286 0.40491 0.01715 0.56508 ( 4)
  61 Q   0.00029 0.41495 0.00044 0.58432 ( 4)
  62 G   0.00382 0.41503 0.00506 0.57610 ( 4)
  63 Y   0.41659 0.00219 0.57796 0.00326 ( 3)
  64 T   0.00358 0.41529 0.00475 0.57638 ( 4)
  65 D   0.00017 0.40634 0.00086 0.59263 ( 4)
  66 A   0.37673 0.04260 0.51793 0.06275 ( 3)
  67 L   0.41374 0.00381 0.57676 0.00570 ( 3)
  68 E   0.38427 0.03534 0.52828 0.05211 ( 3)
  69 A   0.01926 0.39976 0.02553 0.55544 ( 4)
  70 W   0.39833 0.01931 0.55359 0.02877 ( 3)
  71 Q   0.27633 0.14225 0.37577 0.20566 ( 3)
  72 N   0.03269 0.38650 0.04333 0.53748 ( 4)
  73 N   0.41885 0.00070 0.57940 0.00104 ( 3)
  74 R   0.31194 0.10630 0.42680 0.15496 ( 3)
  75 S   0.39893 0.02004 0.55131 0.02971 ( 3)
  76 D   0.07309 0.34623 0.09708 0.48360 ( 4)
  77 K   0.39558 0.02392 0.54513 0.03538 ( 3)
  78 L   0.21642 0.20214 0.29228 0.28915 ( 3)
  79 K   0.00339 0.41467 0.00452 0.57742 ( 4)
  80 Q   0.00670 0.41091 0.00894 0.57345 ( 4)
  81 L   0.01388 0.40442 0.01846 0.56324 ( 4)
  82 L   0.04432 0.37391 0.05908 0.52270 ( 4)
  83 V   0.41338 0.00462 0.57511 0.00689 ( 3)
  84 Y   0.00001 0.41849 0.00001 0.58150 ( 4)
  85 D   0.00096 0.40497 0.01515 0.57892 ( 4)
  86 R   0.32543 0.09356 0.44461 0.13641 ( 3)
  87 F   0.38965 0.02957 0.53707 0.04371 ( 3)
  88 V   0.06628 0.35245 0.08825 0.49301 ( 4)
  89 S   0.00247 0.41589 0.00328 0.57836 ( 4)
  90 T   0.05973 0.35918 0.07944 0.50165 ( 4)
  91 E   0.36974 0.04984 0.50716 0.07325 ( 3)
  92 N   0.00936 0.40981 0.01239 0.56843 ( 4)
  93 L   0.01791 0.40042 0.02382 0.55785 ( 4)
  94 F   0.41838 0.00087 0.57946 0.00129 ( 3)
  95 K   0.00927 0.40985 0.01227 0.56861 ( 4)
  96 F   0.00015 0.41876 0.00020 0.58089 ( 4)
  97 A   0.00044 0.41856 0.00058 0.58041 ( 4)
  98 M   0.40520 0.01390 0.56027 0.02063 ( 3)
  99 P   0.41594 0.00237 0.57816 0.00353 ( 3)
 100 S   0.41653 0.00204 0.57839 0.00304 ( 3)
 101 F   0.41838 0.00087 0.57946 0.00129 ( 3)
 102 R   0.02841 0.39038 0.03773 0.54348 ( 4)
 103 V   0.00003 0.39953 0.00709 0.59334 ( 4)
 104 G   0.00023 0.41281 0.00041 0.58655 ( 4)
 105 G   0.41729 0.00156 0.57881 0.00233 ( 3)
 106 F   0.00665 0.41228 0.00881 0.57227 ( 4)
 107 E   0.41794 0.00170 0.57782 0.00253 ( 3)
 108 V   0.03716 0.11071 0.71087 0.14125 ( 3)
 109 P   0.41758 0.00108 0.57973 0.00161 ( 3)
 110 L   0.41284 0.00571 0.57295 0.00850 ( 3)
 111 L   0.40451 0.01403 0.56060 0.02086 ( 3)
 112 T   0.10259 0.31636 0.13685 0.44420 ( 4)
 113 V   0.41625 0.00329 0.57558 0.00489 ( 3)
 114 Y   0.41659 0.00219 0.57796 0.00326 ( 3)
 115 A   0.41665 0.00271 0.57662 0.00402 ( 3)
 116 Q   0.41695 0.00169 0.57883 0.00253 ( 3)
 117 A   0.41532 0.00207 0.57952 0.00310 ( 3)
 118 A   0.41713 0.00223 0.57732 0.00332 ( 3)
 119 N   0.41452 0.00344 0.57689 0.00514 ( 3)
 120 L   0.41145 0.00723 0.57056 0.01076 ( 3)
 121 H   0.41607 0.00161 0.57992 0.00240 ( 3)
 122 L   0.41172 0.00683 0.57128 0.01017 ( 3)
 123 L   0.03979 0.20314 0.48257 0.27451 ( 3)
 124 L   0.41284 0.00571 0.57295 0.00850 ( 3)
 125 L   0.41284 0.00571 0.57295 0.00850 ( 3)
 126 K   0.28398 0.13542 0.38506 0.19553 ( 3)
 127 N   0.40351 0.01599 0.55681 0.02369 ( 3)
 128 S   0.38353 0.03013 0.54034 0.04600 ( 3)
 129 E   0.03245 0.38672 0.04301 0.53782 ( 4)
 130 L   0.06968 0.34866 0.09299 0.48867 ( 4)
 131 F   0.41829 0.00096 0.57933 0.00143 ( 3)
 132 G   0.41616 0.00176 0.57944 0.00263 ( 3)
 133 A   0.35112 0.06818 0.48084 0.09986 ( 3)
 134 E   0.41773 0.00192 0.57750 0.00285 ( 3)
 135 W   0.39833 0.01931 0.55359 0.02877 ( 3)
 136 G   0.41738 0.00178 0.57819 0.00265 ( 3)
 137 M   0.00397 0.41487 0.00526 0.57590 ( 4)
 138 Q   0.00502 0.41335 0.00668 0.57495 ( 4)
 139 Q   0.00012 0.41830 0.00016 0.58142 ( 4)
 140 Y   0.00007 0.41725 0.00010 0.58258 ( 4)
 141 E   0.27043 0.14905 0.36590 0.21462 ( 3)
 142 I   0.36307 0.05667 0.49716 0.08310 ( 3)
 143 D   0.00615 0.41180 0.00819 0.57386 ( 4)
 144 L   0.00191 0.41544 0.00255 0.58010 ( 4)
 145 F   0.35433 0.06487 0.48570 0.09511 ( 3)
 146 Y   0.41314 0.00423 0.57630 0.00633 ( 3)
 147 N   0.26761 0.15179 0.36215 0.21845 ( 3)
 148 E   0.06782 0.35138 0.09012 0.49068 ( 4)
 149 Q   0.41577 0.00287 0.57708 0.00428 ( 3)
 150 K   0.12630 0.29181 0.16948 0.41241 ( 4)
 151 D   0.00049 0.40968 0.00067 0.58915 ( 4)
 152 Y   0.00114 0.41618 0.00153 0.58115 ( 4)
 153 V   0.00431 0.41476 0.00570 0.57524 ( 4)
 154 V   0.06618 0.30747 0.18987 0.43647 ( 4)
 155 E   0.12325 0.29606 0.16435 0.41634 ( 4)
 156 Y   0.41434 0.00444 0.57461 0.00661 ( 3)
 157 T   0.33691 0.08221 0.46079 0.12009 ( 3)
 158 D   0.41884 0.00085 0.57905 0.00126 ( 3)
 159 H   0.38862 0.03041 0.53601 0.04496 ( 3)
 160 C   0.41732 0.00131 0.57941 0.00196 ( 3)
 161 V   0.41519 0.00382 0.57531 0.00568 ( 3)
 162 K   0.36380 0.05569 0.49876 0.08175 ( 3)
 163 W   0.39833 0.01931 0.55359 0.02877 ( 3)
 164 Y   0.41659 0.00219 0.57796 0.00326 ( 3)
 165 T   0.00006 0.09094 0.01093 0.89807 ( 4)
 166 E   0.11549 0.30377 0.15397 0.42678 ( 4)
 167 G   0.41001 0.00791 0.57027 0.01181 ( 3)
 168 L   0.41284 0.00571 0.57295 0.00850 ( 3)
 169 N   0.40933 0.01018 0.56538 0.01511 ( 3)
 170 R   0.00206 0.41004 0.00392 0.58398 ( 4)
 171 L   0.41102 0.00686 0.57188 0.01024 ( 3)
 172 K   0.41653 0.00170 0.57924 0.00253 ( 3)
 173 N   0.28214 0.13728 0.38247 0.19811 ( 3)
 174 A   0.28002 0.13922 0.37980 0.20096 ( 3)
 175 S   0.26744 0.15140 0.36278 0.21837 ( 3)
 176 G   0.41773 0.00142 0.57872 0.00212 ( 3)
 177 V   0.00316 0.41590 0.00419 0.57675 ( 4)
 178 K   0.40731 0.01220 0.56240 0.01809 ( 3)
 179 G   0.37569 0.04313 0.51756 0.06362 ( 3)
 180 K   0.13067 0.28745 0.17539 0.40649 ( 4)
 181 V   0.00014 0.41893 0.00019 0.58074 ( 4)
 182 W   0.39833 0.01931 0.55359 0.02877 ( 3)
 183 E   0.04234 0.37581 0.05646 0.52539 ( 4)
 184 E   0.00002 0.40459 0.00057 0.59482 ( 4)
 185 Y   0.41659 0.00219 0.57796 0.00326 ( 3)
 186 N   0.31808 0.10139 0.43319 0.14734 ( 3)
 187 R   0.27348 0.14475 0.37234 0.20943 ( 3)
 188 F   0.41431 0.00493 0.57342 0.00733 ( 3)
 189 R   0.40414 0.01312 0.56314 0.01960 ( 3)
 190 R   0.41821 0.00084 0.57970 0.00125 ( 3)
 191 E   0.41794 0.00170 0.57782 0.00253 ( 3)
 192 M   0.41880 0.00032 0.58042 0.00047 ( 3)
 193 T   0.41639 0.00147 0.57994 0.00220 ( 3)
 194 I   0.28962 0.12939 0.39371 0.18728 ( 3)
 195 M   0.00232 0.41652 0.00308 0.57808 ( 4)
 196 V   0.41128 0.00672 0.57198 0.01002 ( 3)
 197 L   0.41284 0.00571 0.57295 0.00850 ( 3)
 198 D   0.41884 0.00085 0.57905 0.00126 ( 3)
 199 L   0.01280 0.40450 0.01711 0.56558 ( 4)
 200 L   0.04138 0.37710 0.05509 0.52643 ( 4)
 201 P   0.08913 0.32936 0.11905 0.46246 ( 4)
 202 L   0.41284 0.00571 0.57295 0.00850 ( 3)
 203 F   0.41838 0.00087 0.57946 0.00129 ( 3)
 204 P   0.38862 0.03003 0.53689 0.04446 ( 3)
 205 I   0.00042 0.41707 0.00056 0.58195 ( 4)

