Supplemental results for CODEML (seqf: algn  treef: tree)


dN/dS (w) for site classes (K=4)

site class             0        1       2a       2b
proportion       0.76684  0.23316  0.00000  0.00000
background w     0.06251  1.00000  0.06251  1.00000
foreground w     0.06251  1.00000  2.60763  2.60763
(note that p[2] is zero)


Naive Empirical Bayes (NEB) probabilities for 4 classes
(amino acids refer to 1st sequence: BT_Cry1Ba1)

   1 P   0.89271 0.10729 0.00000 0.00000 ( 1)
   2 F   0.98475 0.01525 0.00000 0.00000 ( 1)
   3 A   0.97221 0.02779 0.00000 0.00000 ( 1)
   4 G   0.98070 0.01930 0.00000 0.00000 ( 1)
   5 Q   0.97308 0.02692 0.00000 0.00000 ( 1)
   6 L   0.02779 0.97221 0.00000 0.00000 ( 2)
   7 A   0.97957 0.02043 0.00000 0.00000 ( 1)
   8 S   0.98489 0.01511 0.00000 0.00000 ( 1)
   9 F   0.98475 0.01525 0.00000 0.00000 ( 1)
  10 Y   0.97880 0.02120 0.00000 0.00000 ( 1)
  11 S   0.98489 0.01511 0.00000 0.00000 ( 1)
  12 F   0.98475 0.01525 0.00000 0.00000 ( 1)
  13 L   0.10337 0.89663 0.00000 0.00000 ( 2)
  14 V   0.97807 0.02193 0.00000 0.00000 ( 1)
  15 G   0.97443 0.02557 0.00000 0.00000 ( 1)
  16 E   0.98786 0.01214 0.00000 0.00000 ( 1)
  17 L   0.94903 0.05097 0.00000 0.00000 ( 1)
  18 W   0.89539 0.10461 0.00000 0.00000 ( 1)
  19 P   0.95382 0.04618 0.00000 0.00000 ( 1)
  20 R   0.00121 0.99879 0.00000 0.00000 ( 2)
  21 G   0.89892 0.10108 0.00000 0.00000 ( 1)
  22 R   0.97925 0.02075 0.00000 0.00000 ( 1)
  23 D   0.98744 0.01256 0.00000 0.00000 ( 1)
  24 Q   0.06460 0.93540 0.00000 0.00000 ( 2)
  25 W   0.89539 0.10461 0.00000 0.00000 ( 1)
  26 E   0.98786 0.01214 0.00000 0.00000 ( 1)
  27 I   0.98075 0.01925 0.00000 0.00000 ( 1)
  28 F   0.94482 0.05518 0.00000 0.00000 ( 1)
  29 L   0.03233 0.96767 0.00000 0.00000 ( 2)
  30 E   0.98786 0.01214 0.00000 0.00000 ( 1)
  31 H   0.98655 0.01345 0.00000 0.00000 ( 1)
  32 V   0.96436 0.03564 0.00000 0.00000 ( 1)
  33 E   0.98786 0.01214 0.00000 0.00000 ( 1)
  34 Q   0.97308 0.02692 0.00000 0.00000 ( 1)
  35 L   0.69935 0.30065 0.00000 0.00000 ( 1)
  36 I   0.01320 0.98680 0.00000 0.00000 ( 2)
  37 N   0.14721 0.85279 0.00000 0.00000 ( 2)
  38 Q   0.97308 0.02692 0.00000 0.00000 ( 1)
  39 Q   0.97308 0.02692 0.00000 0.00000 ( 1)
  40 I   0.01478 0.98522 0.00000 0.00000 ( 2)
  41 T   0.97752 0.02248 0.00000 0.00000 ( 1)
  42 E   0.16562 0.83438 0.00000 0.00000 ( 2)
  43 N   0.84852 0.15148 0.00000 0.00000 ( 1)
  44 A   0.00058 0.99942 0.00000 0.00000 ( 2)
  45 R   0.92440 0.07560 0.00000 0.00000 ( 1)
  46 N   0.23770 0.76230 0.00000 0.00000 ( 2)
  47 T   0.90016 0.09984 0.00000 0.00000 ( 1)
  48 A   0.97470 0.02530 0.00000 0.00000 ( 1)
  49 L   0.67600 0.32400 0.00000 0.00000 ( 1)
  50 A   0.97957 0.02043 0.00000 0.00000 ( 1)
  51 R   0.95176 0.04824 0.00000 0.00000 ( 1)
  52 L   0.94903 0.05097 0.00000 0.00000 ( 1)
  53 Q   0.72390 0.27610 0.00000 0.00000 ( 1)
  54 G   0.98153 0.01847 0.00000 0.00000 ( 1)
  55 L   0.94909 0.05091 0.00000 0.00000 ( 1)
  56 G   0.98070 0.01930 0.00000 0.00000 ( 1)
  57 D   0.00016 0.99984 0.00000 0.00000 ( 2)
  58 S   0.02453 0.97547 0.00000 0.00000 ( 2)
  59 F   0.73748 0.26252 0.00000 0.00000 ( 1)
  60 R   0.97925 0.02075 0.00000 0.00000 ( 1)
  61 A   0.45087 0.54913 0.00000 0.00000 ( 2)
  62 Y   0.96165 0.03835 0.00000 0.00000 ( 1)
  63 Q   0.95797 0.04203 0.00000 0.00000 ( 1)
  64 Q   0.92010 0.07990 0.00000 0.00000 ( 1)
  65 S   0.60043 0.39957 0.00000 0.00000 ( 1)
  66 L   0.97592 0.02408 0.00000 0.00000 ( 1)
  67 E   0.98786 0.01214 0.00000 0.00000 ( 1)
  68 D   0.16471 0.83529 0.00000 0.00000 ( 2)
  69 W   0.89539 0.10461 0.00000 0.00000 ( 1)
  70 L   0.95083 0.04917 0.00000 0.00000 ( 1)
  71 E   0.80830 0.19170 0.00000 0.00000 ( 1)
  72 N   0.94087 0.05913 0.00000 0.00000 ( 1)
  73 R   0.96602 0.03398 0.00000 0.00000 ( 1)
  74 D   0.79838 0.20162 0.00000 0.00000 ( 1)
  75 D   0.99025 0.00975 0.00000 0.00000 ( 1)
  76 A   0.98299 0.01701 0.00000 0.00000 ( 1)
  77 R   0.97925 0.02075 0.00000 0.00000 ( 1)
  78 T   0.41767 0.58233 0.00000 0.00000 ( 2)
  79 R   0.97925 0.02075 0.00000 0.00000 ( 1)
  80 S   0.97111 0.02889 0.00000 0.00000 ( 1)
  81 V   0.76574 0.23426 0.00000 0.00000 ( 1)
  82 L   0.67600 0.32400 0.00000 0.00000 ( 1)
  83 Y   0.00054 0.99946 0.00000 0.00000 ( 2)
  84 T   0.01760 0.98240 0.00000 0.00000 ( 2)
  85 Q   0.39363 0.60637 0.00000 0.00000 ( 2)
  86 Y   0.97880 0.02120 0.00000 0.00000 ( 1)
  87 I   0.20119 0.79881 0.00000 0.00000 ( 2)
  88 A   0.94302 0.05698 0.00000 0.00000 ( 1)
  89 L   0.94903 0.05097 0.00000 0.00000 ( 1)
  90 E   0.98227 0.01773 0.00000 0.00000 ( 1)
  91 L   0.97592 0.02408 0.00000 0.00000 ( 1)
  92 D   0.98176 0.01824 0.00000 0.00000 ( 1)
  93 F   0.73733 0.26267 0.00000 0.00000 ( 1)
  94 L   0.10073 0.89927 0.00000 0.00000 ( 2)
  95 N   0.76725 0.23275 0.00000 0.00000 ( 1)
  96 A   0.94666 0.05334 0.00000 0.00000 ( 1)
  97 M   0.76791 0.23209 0.00000 0.00000 ( 1)
  98 P   0.89271 0.10729 0.00000 0.00000 ( 1)
  99 L   0.97592 0.02408 0.00000 0.00000 ( 1)
 100 F   0.92890 0.07110 0.00000 0.00000 ( 1)
 101 A   0.00792 0.99208 0.00000 0.00000 ( 2)
 102 I   0.98523 0.01477 0.00000 0.00000 ( 1)
 103 R   0.09568 0.90432 0.00000 0.00000 ( 2)
 104 N   0.08188 0.91812 0.00000 0.00000 ( 2)
 105 Q   0.68813 0.31187 0.00000 0.00000 ( 1)
 106 E   0.61993 0.38007 0.00000 0.00000 ( 1)
 107 V   0.97982 0.02018 0.00000 0.00000 ( 1)
 108 P   0.97149 0.02851 0.00000 0.00000 ( 1)
 109 L   0.94903 0.05097 0.00000 0.00000 ( 1)
 110 L   0.94572 0.05428 0.00000 0.00000 ( 1)
 111 M   0.97606 0.02394 0.00000 0.00000 ( 1)
 112 V   0.98297 0.01703 0.00000 0.00000 ( 1)
 113 Y   0.97393 0.02607 0.00000 0.00000 ( 1)
 114 A   0.97957 0.02043 0.00000 0.00000 ( 1)
 115 Q   0.97308 0.02692 0.00000 0.00000 ( 1)
 116 A   0.97957 0.02043 0.00000 0.00000 ( 1)
 117 A   0.98299 0.01701 0.00000 0.00000 ( 1)
 118 N   0.98638 0.01362 0.00000 0.00000 ( 1)
 119 L   0.94367 0.05633 0.00000 0.00000 ( 1)
 120 H   0.93741 0.06259 0.00000 0.00000 ( 1)
 121 L   0.95523 0.04477 0.00000 0.00000 ( 1)
 122 L   0.94903 0.05097 0.00000 0.00000 ( 1)
 123 L   0.94903 0.05097 0.00000 0.00000 ( 1)
 124 L   0.90204 0.09796 0.00000 0.00000 ( 1)
 125 R   0.97775 0.02225 0.00000 0.00000 ( 1)
 126 D   0.97150 0.02850 0.00000 0.00000 ( 1)
 127 A   0.94509 0.05491 0.00000 0.00000 ( 1)
 128 S   0.92255 0.07745 0.00000 0.00000 ( 1)
 129 L   0.97592 0.02408 0.00000 0.00000 ( 1)
 130 F   0.76122 0.23878 0.00000 0.00000 ( 1)
 131 G   0.98153 0.01847 0.00000 0.00000 ( 1)
 132 S   0.76402 0.23598 0.00000 0.00000 ( 1)
 133 E   0.98786 0.01214 0.00000 0.00000 ( 1)
 134 F   0.09636 0.90364 0.00000 0.00000 ( 2)
 135 G   0.91227 0.08773 0.00000 0.00000 ( 1)
 136 L   0.02905 0.97095 0.00000 0.00000 ( 2)
 137 T   0.13084 0.86916 0.00000 0.00000 ( 2)
 138 S   0.92983 0.07017 0.00000 0.00000 ( 1)
 139 Q   0.00165 0.99835 0.00000 0.00000 ( 2)
 140 E   0.85030 0.14970 0.00000 0.00000 ( 1)
 141 I   0.77059 0.22941 0.00000 0.00000 ( 1)
 142 Q   0.09033 0.90967 0.00000 0.00000 ( 2)
 143 R   0.49261 0.50739 0.00000 0.00000 ( 2)
 144 Y   0.97880 0.02120 0.00000 0.00000 ( 1)
 145 Y   0.96165 0.03835 0.00000 0.00000 ( 1)
 146 E   0.64358 0.35642 0.00000 0.00000 ( 1)
 147 R   0.04446 0.95554 0.00000 0.00000 ( 2)
 148 Q   0.97308 0.02692 0.00000 0.00000 ( 1)
 149 V   0.04887 0.95113 0.00000 0.00000 ( 2)
 150 E   0.21732 0.78268 0.00000 0.00000 ( 2)
 151 R   0.00003 0.99997 0.00000 0.00000 ( 2)
 152 T   0.94331 0.05669 0.00000 0.00000 ( 1)
 153 R   0.08961 0.91039 0.00000 0.00000 ( 2)
 154 D   0.18918 0.81082 0.00000 0.00000 ( 2)
 155 Y   0.97880 0.02120 0.00000 0.00000 ( 1)
 156 S   0.96815 0.03185 0.00000 0.00000 ( 1)
 157 D   0.58231 0.41769 0.00000 0.00000 ( 1)
 158 Y   0.71404 0.28596 0.00000 0.00000 ( 1)
 159 C   0.89472 0.10528 0.00000 0.00000 ( 1)
 160 V   0.70945 0.29055 0.00000 0.00000 ( 1)
 161 E   0.01070 0.98930 0.00000 0.00000 ( 2)
 162 W   0.89539 0.10461 0.00000 0.00000 ( 1)
 163 Y   0.97880 0.02120 0.00000 0.00000 ( 1)
 164 N   0.98938 0.01062 0.00000 0.00000 ( 1)
 165 T   0.93081 0.06919 0.00000 0.00000 ( 1)
 166 G   0.96733 0.03267 0.00000 0.00000 ( 1)
 167 L   0.95373 0.04627 0.00000 0.00000 ( 1)
 168 N   0.98938 0.01062 0.00000 0.00000 ( 1)
 169 S   0.00513 0.99487 0.00000 0.00000 ( 2)
 170 L   0.93194 0.06806 0.00000 0.00000 ( 1)
 171 R   0.97925 0.02075 0.00000 0.00000 ( 1)
 172 G   0.91227 0.08773 0.00000 0.00000 ( 1)
 173 T   0.97965 0.02035 0.00000 0.00000 ( 1)
 174 N   0.83501 0.16499 0.00000 0.00000 ( 1)
 175 A   0.97398 0.02602 0.00000 0.00000 ( 1)
 176 A   0.81333 0.18667 0.00000 0.00000 ( 1)
 177 S   0.98489 0.01511 0.00000 0.00000 ( 1)
 178 W   0.89539 0.10461 0.00000 0.00000 ( 1)
 179 V   0.05771 0.94229 0.00000 0.00000 ( 2)
 180 R   0.90145 0.09855 0.00000 0.00000 ( 1)
 181 Y   0.97880 0.02120 0.00000 0.00000 ( 1)
 182 N   0.98938 0.01062 0.00000 0.00000 ( 1)
 183 Q   0.97308 0.02692 0.00000 0.00000 ( 1)
 184 F   0.92890 0.07110 0.00000 0.00000 ( 1)
 185 R   0.97213 0.02787 0.00000 0.00000 ( 1)
 186 R   0.97925 0.02075 0.00000 0.00000 ( 1)
 187 D   0.95417 0.04583 0.00000 0.00000 ( 1)
 188 L   0.95373 0.04627 0.00000 0.00000 ( 1)
 189 T   0.95556 0.04444 0.00000 0.00000 ( 1)
 190 L   0.94953 0.05047 0.00000 0.00000 ( 1)
 191 G   0.94038 0.05962 0.00000 0.00000 ( 1)
 192 V   0.98297 0.01703 0.00000 0.00000 ( 1)
 193 L   0.94903 0.05097 0.00000 0.00000 ( 1)
 194 D   0.99025 0.00975 0.00000 0.00000 ( 1)
 195 L   0.95272 0.04728 0.00000 0.00000 ( 1)
 196 V   0.91432 0.08568 0.00000 0.00000 ( 1)
 197 A   0.97007 0.02993 0.00000 0.00000 ( 1)
 198 L   0.95523 0.04477 0.00000 0.00000 ( 1)
 199 F   0.92890 0.07110 0.00000 0.00000 ( 1)
 200 P   0.97500 0.02500 0.00000 0.00000 ( 1)
 201 S   0.92466 0.07534 0.00000 0.00000 ( 1)


lnL = -1878.064769

Bayes Empirical Bayes (BEB) probabilities for 4 classes (class)
(amino acids refer to 1st sequence: BT_Cry1Ba1)

   1 P   0.86636 0.10923 0.02129 0.00312 ( 1)
   2 F   0.97353 0.01538 0.01080 0.00028 ( 1)
   3 A   0.95940 0.02822 0.01184 0.00054 ( 1)
   4 G   0.96851 0.01950 0.01162 0.00037 ( 1)
   5 Q   0.95903 0.02730 0.01312 0.00056 ( 1)
   6 L   0.01674 0.92059 0.01530 0.04737 ( 2)
   7 A   0.96701 0.02067 0.01193 0.00040 ( 1)
   8 S   0.97364 0.01525 0.01083 0.00028 ( 1)
   9 F   0.97353 0.01538 0.01080 0.00028 ( 1)
  10 Y   0.96611 0.02144 0.01203 0.00042 ( 1)
  11 S   0.97364 0.01525 0.01083 0.00028 ( 1)
  12 F   0.97353 0.01538 0.01080 0.00028 ( 1)
  13 L   0.06298 0.85090 0.04375 0.04236 ( 2)
  14 V   0.96352 0.02213 0.01389 0.00047 ( 1)
  15 G   0.96218 0.02594 0.01138 0.00049 ( 1)
  16 E   0.97775 0.01219 0.00984 0.00022 ( 1)
  17 L   0.93065 0.05186 0.01627 0.00121 ( 1)
  18 W   0.86938 0.10652 0.02108 0.00301 ( 1)
  19 P   0.93193 0.04677 0.02006 0.00124 ( 1)
  20 R   0.00062 0.92421 0.00081 0.07435 ( 2)
  21 G   0.87332 0.10292 0.02087 0.00289 ( 1)
  22 R   0.96661 0.02100 0.01199 0.00041 ( 1)
  23 D   0.97801 0.01263 0.00915 0.00021 ( 1)
  24 Q   0.03737 0.84598 0.04893 0.06772 ( 2)
  25 W   0.86938 0.10652 0.02108 0.00301 ( 1)
  26 E   0.97775 0.01219 0.00984 0.00022 ( 1)
  27 I   0.96656 0.01941 0.01363 0.00041 ( 1)
  28 F   0.92554 0.05617 0.01691 0.00137 ( 1)
  29 L   0.02046 0.95764 0.00034 0.02156 ( 2)
  30 E   0.97775 0.01219 0.00984 0.00022 ( 1)
  31 H   0.97589 0.01355 0.01032 0.00024 ( 1)
  32 V   0.94465 0.03597 0.01849 0.00090 ( 1)
  33 E   0.97775 0.01219 0.00984 0.00022 ( 1)
  34 Q   0.95903 0.02730 0.01312 0.00056 ( 1)
  35 L   0.63628 0.34854 0.00828 0.00690 ( 1)
  36 I   0.00702 0.95297 0.00309 0.03692 ( 2)
  37 N   0.09796 0.88124 0.00147 0.01933 ( 2)
  38 Q   0.95903 0.02730 0.01312 0.00056 ( 1)
  39 Q   0.95903 0.02730 0.01312 0.00056 ( 1)
  40 I   0.00778 0.94370 0.00467 0.04385 ( 2)
  41 T   0.96487 0.02278 0.01191 0.00044 ( 1)
  42 E   0.11188 0.87167 0.00112 0.01533 ( 2)
  43 N   0.80721 0.18187 0.00782 0.00311 ( 1)
  44 A   0.00029 0.95088 0.00018 0.04865 ( 2)
  45 R   0.90214 0.07705 0.01883 0.00199 ( 1)
  46 N   0.14857 0.73861 0.08167 0.03115 ( 2)
  47 T   0.87476 0.10169 0.02072 0.00283 ( 1)
  48 A   0.96203 0.02566 0.01182 0.00050 ( 1)
  49 L   0.61087 0.37378 0.00795 0.00740 ( 1)
  50 A   0.96701 0.02067 0.01193 0.00040 ( 1)
  51 R   0.93350 0.04908 0.01628 0.00114 ( 1)
  52 L   0.93065 0.05186 0.01627 0.00121 ( 1)
  53 Q   0.66268 0.32174 0.00904 0.00653 ( 1)
  54 G   0.96951 0.01866 0.01147 0.00035 ( 1)
  55 L   0.93074 0.05178 0.01627 0.00121 ( 1)
  56 G   0.96851 0.01950 0.01162 0.00037 ( 1)
  57 D   0.00008 0.86281 0.00252 0.13459 ( 2)
  58 S   0.01535 0.95618 0.00040 0.02807 ( 2)
  59 F   0.67926 0.30762 0.00752 0.00560 ( 1)
  60 R   0.96661 0.02100 0.01199 0.00041 ( 1)
  61 A   0.37954 0.59438 0.00926 0.01682 ( 2)
  62 Y   0.94833 0.03910 0.01181 0.00076 ( 1)
  63 Q   0.94338 0.04285 0.01290 0.00087 ( 1)
  64 Q   0.89817 0.08150 0.01822 0.00211 ( 1)
  65 S   0.52992 0.45117 0.00876 0.01015 ( 1)
  66 L   0.96257 0.02439 0.01255 0.00049 ( 1)
  67 E   0.97775 0.01219 0.00984 0.00022 ( 1)
  68 D   0.11063 0.87133 0.00131 0.01674 ( 2)
  69 W   0.86938 0.10652 0.02108 0.00301 ( 1)
  70 L   0.93342 0.05004 0.01542 0.00113 ( 1)
  71 E   0.76013 0.22820 0.00765 0.00402 ( 1)
  72 N   0.92099 0.06025 0.01730 0.00146 ( 1)
  73 R   0.95188 0.03456 0.01286 0.00070 ( 1)
  74 D   0.74857 0.23978 0.00750 0.00416 ( 1)
  75 D   0.98090 0.00977 0.00916 0.00017 ( 1)
  76 A   0.97132 0.01717 0.01119 0.00032 ( 1)
  77 R   0.96661 0.02100 0.01199 0.00041 ( 1)
  78 T   0.34860 0.62577 0.00826 0.01737 ( 2)
  79 R   0.96661 0.02100 0.01199 0.00041 ( 1)
  80 S   0.95940 0.02940 0.01067 0.00054 ( 1)
  81 V   0.71012 0.27599 0.00858 0.00531 ( 1)
  82 L   0.61087 0.37378 0.00795 0.00740 ( 1)
  83 Y   0.00028 0.98081 0.00000 0.01890 ( 2)
  84 T   0.01084 0.96116 0.00027 0.02773 ( 2)
  85 Q   0.32968 0.65261 0.00450 0.01321 ( 2)
  86 Y   0.96611 0.02144 0.01203 0.00042 ( 1)
  87 I   0.13752 0.84628 0.00141 0.01480 ( 2)
  88 A   0.91828 0.05767 0.02240 0.00164 ( 1)
  89 L   0.93065 0.05186 0.01627 0.00121 ( 1)
  90 E   0.96925 0.01784 0.01254 0.00037 ( 1)
  91 L   0.96257 0.02439 0.01255 0.00049 ( 1)
  92 D   0.97215 0.01846 0.00908 0.00031 ( 1)
  93 F   0.67898 0.30790 0.00751 0.00560 ( 1)
  94 L   0.06583 0.91527 0.00086 0.01804 ( 2)
  95 N   0.71341 0.27500 0.00690 0.00469 ( 1)
  96 A   0.92337 0.05403 0.02112 0.00148 ( 1)
  97 M   0.71172 0.27349 0.00938 0.00540 ( 1)
  98 P   0.86636 0.10923 0.02129 0.00312 ( 1)
  99 L   0.96257 0.02439 0.01255 0.00049 ( 1)
 100 F   0.90725 0.07246 0.01845 0.00184 ( 1)
 101 A   0.00432 0.97761 0.00005 0.01802 ( 2)
 102 I   0.97284 0.01484 0.01202 0.00030 ( 1)
 103 R   0.02041 0.30290 0.64086 0.03584 ( 3)
 104 N   0.05301 0.92472 0.00088 0.02139 ( 2)
 105 Q   0.62373 0.36045 0.00851 0.00731 ( 1)
 106 E   0.39305 0.30849 0.28217 0.01630 ( 1)
 107 V   0.96751 0.02039 0.01171 0.00039 ( 1)
 108 P   0.95769 0.02895 0.01278 0.00058 ( 1)
 109 L   0.93065 0.05186 0.01627 0.00121 ( 1)
 110 L   0.92480 0.05512 0.01866 0.00142 ( 1)
 111 M   0.96252 0.02428 0.01272 0.00048 ( 1)
 112 V   0.97151 0.01717 0.01100 0.00032 ( 1)
 113 Y   0.96108 0.02643 0.01198 0.00051 ( 1)
 114 A   0.96701 0.02067 0.01193 0.00040 ( 1)
 115 Q   0.95903 0.02730 0.01312 0.00056 ( 1)
 116 A   0.96701 0.02067 0.01193 0.00040 ( 1)
 117 A   0.97132 0.01717 0.01119 0.00032 ( 1)
 118 N   0.97657 0.01372 0.00948 0.00024 ( 1)
 119 L   0.92510 0.05737 0.01618 0.00134 ( 1)
 120 H   0.91834 0.06387 0.01626 0.00153 ( 1)
 121 L   0.93794 0.04553 0.01549 0.00103 ( 1)
 122 L   0.93065 0.05186 0.01627 0.00121 ( 1)
 123 L   0.93065 0.05186 0.01627 0.00121 ( 1)
 124 L   0.87687 0.09977 0.02059 0.00277 ( 1)
 125 R   0.96506 0.02253 0.01197 0.00044 ( 1)
 126 D   0.96145 0.02904 0.00901 0.00049 ( 1)
 127 A   0.92042 0.05554 0.02246 0.00158 ( 1)
 128 S   0.90620 0.07947 0.01270 0.00163 ( 1)
 129 L   0.96257 0.02439 0.01255 0.00049 ( 1)
 130 F   0.70596 0.28110 0.00782 0.00513 ( 1)
 131 G   0.96951 0.01866 0.01147 0.00035 ( 1)
 132 S   0.70898 0.27811 0.00787 0.00505 ( 1)
 133 E   0.97775 0.01219 0.00984 0.00022 ( 1)
 134 F   0.06298 0.91970 0.00070 0.01663 ( 2)
 135 G   0.88836 0.08937 0.01986 0.00241 ( 1)
 136 L   0.01808 0.96271 0.00024 0.01897 ( 2)
 137 T   0.08670 0.89519 0.00107 0.01704 ( 2)
 138 S   0.90335 0.07108 0.02346 0.00211 ( 1)
 139 Q   0.00090 0.97444 0.00002 0.02465 ( 2)
 140 E   0.80901 0.17970 0.00813 0.00316 ( 1)
 141 I   0.71591 0.27071 0.00832 0.00507 ( 1)
 142 Q   0.05876 0.92182 0.00080 0.01862 ( 2)
 143 R   0.42140 0.56167 0.00568 0.01125 ( 2)
 144 Y   0.96611 0.02144 0.01203 0.00042 ( 1)
 145 Y   0.94833 0.03910 0.01181 0.00076 ( 1)
 146 E   0.57418 0.40590 0.01035 0.00958 ( 1)
 147 R   0.02812 0.94375 0.00072 0.02742 ( 2)
 148 Q   0.95903 0.02730 0.01312 0.00056 ( 1)
 149 V   0.02870 0.87302 0.03474 0.06354 ( 2)
 150 E   0.14941 0.83448 0.00150 0.01460 ( 2)
 151 R   0.00002 0.97870 0.00000 0.02129 ( 2)
 152 T   0.91920 0.05742 0.02178 0.00160 ( 1)
 153 R   0.05837 0.92322 0.00072 0.01768 ( 2)
 154 D   0.12336 0.81938 0.03293 0.02433 ( 2)
 155 Y   0.96611 0.02144 0.01203 0.00042 ( 1)
 156 S   0.95355 0.03236 0.01342 0.00067 ( 1)
 157 D   0.51370 0.47206 0.00555 0.00869 ( 1)
 158 Y   0.65226 0.33262 0.00856 0.00657 ( 1)
 159 C   0.86862 0.10719 0.02115 0.00304 ( 1)
 160 V   0.48209 0.25119 0.25694 0.00978 ( 1)
 161 E   0.00541 0.86176 0.06047 0.07236 ( 2)
 162 W   0.86938 0.10652 0.02108 0.00301 ( 1)
 163 Y   0.96611 0.02144 0.01203 0.00042 ( 1)
 164 N   0.97965 0.01067 0.00950 0.00018 ( 1)
 165 T   0.90639 0.07025 0.02141 0.00196 ( 1)
 166 G   0.95481 0.03327 0.01129 0.00063 ( 1)
 167 L   0.93452 0.04698 0.01734 0.00116 ( 1)
 168 N   0.97965 0.01067 0.00950 0.00018 ( 1)
 169 S   0.00280 0.97773 0.00003 0.01944 ( 2)
 170 L   0.90772 0.06905 0.02132 0.00192 ( 1)
 171 R   0.96661 0.02100 0.01199 0.00041 ( 1)
 172 G   0.88836 0.08937 0.01986 0.00241 ( 1)
 173 T   0.96708 0.02059 0.01194 0.00040 ( 1)
 174 N   0.79141 0.19756 0.00766 0.00337 ( 1)
 175 A   0.96114 0.02639 0.01195 0.00051 ( 1)
 176 A   0.76528 0.22178 0.00857 0.00437 ( 1)
 177 S   0.97364 0.01525 0.01083 0.00028 ( 1)
 178 W   0.86938 0.10652 0.02108 0.00301 ( 1)
 179 V   0.03365 0.85859 0.04336 0.06439 ( 2)
 180 R   0.88054 0.10087 0.01617 0.00242 ( 1)
 181 Y   0.96611 0.02144 0.01203 0.00042 ( 1)
 182 N   0.97965 0.01067 0.00950 0.00018 ( 1)
 183 Q   0.95903 0.02730 0.01312 0.00056 ( 1)
 184 F   0.90725 0.07246 0.01845 0.00184 ( 1)
 185 R   0.95819 0.02829 0.01295 0.00057 ( 1)
 186 R   0.96661 0.02100 0.01199 0.00041 ( 1)
 187 D   0.93571 0.04660 0.01659 0.00109 ( 1)
 188 L   0.93452 0.04698 0.01734 0.00116 ( 1)
 189 T   0.93182 0.04486 0.02207 0.00125 ( 1)
 190 L   0.93084 0.05133 0.01659 0.00124 ( 1)
 191 G   0.92571 0.06107 0.01200 0.00122 ( 1)
 192 V   0.97151 0.01717 0.01100 0.00032 ( 1)
 193 L   0.93065 0.05186 0.01627 0.00121 ( 1)
 194 D   0.98090 0.00977 0.00916 0.00017 ( 1)
 195 L   0.93536 0.04811 0.01545 0.00109 ( 1)
 196 V   0.89043 0.08724 0.01997 0.00236 ( 1)
 197 A   0.95794 0.03046 0.01103 0.00057 ( 1)
 198 L   0.93794 0.04553 0.01549 0.00103 ( 1)
 199 F   0.90725 0.07246 0.01845 0.00184 ( 1)
 200 P   0.96132 0.02534 0.01283 0.00051 ( 1)
 201 S   0.90222 0.07676 0.01903 0.00199 ( 1)

