Supplemental results for CODEML (seqf: algn  treef: tree)


dN/dS (w) for site classes (K=4)

site class             0        1       2a       2b
proportion       0.00000  0.00000  0.61248  0.38752
background w     0.06318  1.00000  0.06318  1.00000
foreground w     0.06318  1.00000  1.00000  1.00000

Naive Empirical Bayes (NEB) probabilities for 4 classes
(amino acids refer to 1st sequence: BT_Cry30Aa1)

   1 -   0.00000 0.00000 0.61248 0.38752 ( 3)
   2 -   0.00000 0.00000 0.61248 0.38752 ( 3)
   3 R   0.00000 0.00000 0.98028 0.01972 ( 3)
   4 I   0.00000 0.00000 0.99557 0.00443 ( 3)
   5 T   0.00000 0.00000 0.99454 0.00546 ( 3)
   6 Q   0.00000 0.00000 0.99695 0.00305 ( 3)
   7 I   0.00000 0.00000 0.99595 0.00405 ( 3)
   8 P   0.00000 0.00000 0.99653 0.00347 ( 3)
   9 A   0.00000 0.00000 0.99705 0.00295 ( 3)
  10 V   0.00000 0.00000 0.99692 0.00308 ( 3)
  11 K   0.00000 0.00000 0.99655 0.00345 ( 3)
  12 A   0.00000 0.00000 0.99685 0.00315 ( 3)
  13 Y   0.00000 0.00000 0.00724 0.99276 ( 4)
  14 S   0.00000 0.00000 0.01251 0.98749 ( 4)
  15 L   0.00000 0.00000 0.40688 0.59312 ( 4)
  16 T   0.00000 0.00000 0.07797 0.92203 ( 4)
  17 S   0.00000 0.00000 0.31933 0.68067 ( 4)
  18 P   0.00000 0.00000 0.14123 0.85877 ( 4)
  19 -   0.00000 0.00000 0.50721 0.49279 ( 3)
  20 -   0.00000 0.00000 0.61248 0.38752 ( 3)
  21 A   0.00000 0.00000 0.97921 0.02079 ( 3)
  22 R   0.00000 0.00000 0.47255 0.52745 ( 4)
  23 V   0.00000 0.00000 0.39136 0.60864 ( 4)
  24 I   0.00000 0.00000 0.99425 0.00575 ( 3)
  25 V   0.00000 0.00000 0.04012 0.95988 ( 4)
  26 G   0.00000 0.00000 0.95203 0.04797 ( 3)
  27 P   0.00000 0.00000 0.99450 0.00550 ( 3)
  28 G   0.00000 0.00000 0.99455 0.00545 ( 3)
  29 H   0.00000 0.00000 0.79549 0.20451 ( 3)
  30 T   0.00000 0.00000 0.99402 0.00598 ( 3)
  31 G   0.00000 0.00000 0.99708 0.00292 ( 3)
  32 G   0.00000 0.00000 0.99700 0.00300 ( 3)
  33 D   0.00000 0.00000 0.99842 0.00158 ( 3)
  34 L   0.00000 0.00000 0.99139 0.00861 ( 3)
  35 V   0.00000 0.00000 0.86631 0.13369 ( 3)
  36 A   0.00000 0.00000 0.84786 0.15214 ( 3)
  37 L   0.00000 0.00000 0.99117 0.00883 ( 3)
  38 L   0.00000 0.00000 0.81662 0.18338 ( 3)
  39 N   0.00000 0.00000 0.79021 0.20979 ( 3)
  40 S   0.00000 0.00000 0.00197 0.99803 ( 4)
  41 G   0.00000 0.00000 0.00221 0.99779 ( 4)
  42 T   0.00000 0.00000 0.03992 0.96008 ( 4)
  43 Q   0.00000 0.00000 0.26258 0.73742 ( 4)
  44 S   0.00000 0.00000 0.00925 0.99075 ( 4)
  45 G   0.00000 0.00000 0.99813 0.00187 ( 3)
  46 T   0.00000 0.00000 0.00977 0.99023 ( 4)
  47 M   0.00000 0.00000 0.22366 0.77634 ( 4)
  48 Q   0.00000 0.00000 0.00297 0.99703 ( 4)
  49 I   0.00000 0.00000 0.89755 0.10245 ( 3)
  50 Q   0.00000 0.00000 0.01701 0.98299 ( 4)
  51 C   0.00000 0.00000 0.85840 0.14160 ( 3)
  52 K   0.00000 0.00000 0.45146 0.54854 ( 4)
  53 T   0.00000 0.00000 0.86556 0.13444 ( 3)
  54 G   0.00000 0.00000 0.70638 0.29362 ( 3)
  55 S   0.00000 0.00000 0.94899 0.05101 ( 3)
  56 F   0.00000 0.00000 0.82848 0.17152 ( 3)
  57 T   0.00000 0.00000 0.84320 0.15680 ( 3)
  58 G   0.00000 0.00000 0.06907 0.93093 ( 4)
  59 P   0.00000 0.00000 0.03895 0.96105 ( 4)
  60 S   0.00000 0.00000 0.90400 0.09600 ( 3)
  61 R   0.00000 0.00000 0.94542 0.05458 ( 3)
  62 Q   0.00000 0.00000 0.01155 0.98845 ( 4)
  63 Y   0.00000 0.00000 0.96509 0.03491 ( 3)
  64 G   0.00000 0.00000 0.96353 0.03647 ( 3)
  65 L   0.00000 0.00000 0.33784 0.66216 ( 4)
  66 R   0.00000 0.00000 0.98672 0.01328 ( 3)
  67 M   0.00000 0.00000 0.79387 0.20613 ( 3)
  68 R   0.00000 0.00000 0.99752 0.00248 ( 3)
  69 Y   0.00000 0.00000 0.99774 0.00226 ( 3)
  70 A   0.00000 0.00000 0.99730 0.00270 ( 3)
  71 A   0.00000 0.00000 0.99649 0.00351 ( 3)
  72 N   0.00000 0.00000 0.99549 0.00451 ( 3)
  73 S   0.00000 0.00000 0.27184 0.72816 ( 4)
  74 A   0.00000 0.00000 0.10921 0.89079 ( 4)
  75 F   0.00000 0.00000 0.46755 0.53245 ( 4)
  76 T   0.00000 0.00000 0.73355 0.26645 ( 3)
  77 V   0.00000 0.00000 0.36152 0.63848 ( 4)
  78 S   0.00000 0.00000 0.11612 0.88388 ( 4)
  79 L   0.00000 0.00000 0.94120 0.05880 ( 3)
  80 S   0.00000 0.00000 0.12426 0.87574 ( 4)
  81 Y   0.00000 0.00000 0.37875 0.62125 ( 4)
  82 T   0.00000 0.00000 0.03746 0.96254 ( 4)
  83 L   0.00000 0.00000 0.24268 0.75732 ( 4)
  84 L   0.00000 0.00000 0.00012 0.99988 ( 4)
  85 -   0.00000 0.00000 0.77426 0.22574 ( 3)
  86 G   0.00000 0.00000 0.12689 0.87311 ( 4)
  87 Q   0.00000 0.00000 0.00031 0.99969 ( 4)
  88 T   0.00000 0.00000 0.60425 0.39575 ( 3)
  89 R   0.00000 0.00000 0.00000 1.00000 ( 4)
  90 G   0.00000 0.00000 0.64916 0.35084 ( 3)
  91 T   0.00000 0.00000 0.06082 0.93918 ( 4)
  92 S   0.00000 0.00000 0.92277 0.07723 ( 3)
  93 F   0.00000 0.00000 0.07722 0.92278 ( 4)
  94 V   0.00000 0.00000 0.00065 0.99935 ( 4)
  95 T   0.00000 0.00000 0.53146 0.46854 ( 3)
  96 E   0.00000 0.00000 0.99777 0.00223 ( 3)
  97 N   0.00000 0.00000 0.00012 0.99988 ( 4)
  98 T   0.00000 0.00000 0.98881 0.01119 ( 3)
  99 F   0.00000 0.00000 0.97967 0.02033 ( 3)
 100 S   0.00000 0.00000 0.39174 0.60826 ( 4)
 101 R   0.00000 0.00000 0.93511 0.06489 ( 3)
 102 S   0.00000 0.00000 0.00008 0.99992 ( 4)
 103 N   0.00000 0.00000 0.99805 0.00195 ( 3)
 104 N   0.00000 0.00000 0.96284 0.03716 ( 3)
 105 I   0.00000 0.00000 0.45330 0.54670 ( 4)
 106 I   0.00000 0.00000 0.93280 0.06720 ( 3)
 107 P   0.00000 0.00000 0.87542 0.12458 ( 3)
 108 T   0.00000 0.00000 0.88686 0.11314 ( 3)
 109 D   0.00000 0.00000 0.99229 0.00771 ( 3)
 110 L   0.00000 0.00000 0.98516 0.01484 ( 3)
 111 K   0.00000 0.00000 0.71335 0.28665 ( 3)
 112 Y   0.00000 0.00000 0.89461 0.10539 ( 3)
 113 E   0.00000 0.00000 0.44409 0.55591 ( 4)
 114 E   0.00000 0.00000 0.77765 0.22235 ( 3)
 115 F   0.00000 0.00000 0.99858 0.00142 ( 3)
 116 K   0.00000 0.00000 0.97782 0.02218 ( 3)
 117 Y   0.00000 0.00000 0.99774 0.00226 ( 3)
 118 K   0.00000 0.00000 0.89331 0.10669 ( 3)
 119 D   0.00000 0.00000 0.95813 0.04187 ( 3)
 120 Y   0.00000 0.00000 0.40086 0.59914 ( 4)
 121 L   0.00000 0.00000 0.00001 0.99999 ( 4)
 122 Q   0.00000 0.00000 0.82205 0.17795 ( 3)
 123 I   0.00000 0.00000 0.96545 0.03455 ( 3)
 124 I   0.00000 0.00000 0.91488 0.08512 ( 3)
 125 T   0.00000 0.00000 0.93073 0.06927 ( 3)
 126 M   0.00000 0.00000 0.39405 0.60595 ( 4)
 127 T   0.00000 0.00000 0.88619 0.11381 ( 3)
 128 L   0.00000 0.00000 0.00003 0.99997 ( 4)
 129 P   0.00000 0.00000 0.99626 0.00374 ( 3)
 130 -   0.00000 0.00000 0.43248 0.56752 ( 4)
 131 A   0.00000 0.00000 0.23397 0.76603 ( 4)
 132 N   0.00000 0.00000 0.98481 0.01519 ( 3)
 133 T   0.00000 0.00000 0.40099 0.59901 ( 4)
 134 I   0.00000 0.00000 0.19119 0.80881 ( 4)
 135 I   0.00000 0.00000 0.57655 0.42345 ( 3)
 136 T   0.00000 0.00000 0.98472 0.01528 ( 3)
 137 I   0.00000 0.00000 0.99496 0.00504 ( 3)
 138 S   0.00000 0.00000 0.02574 0.97426 ( 4)
 139 M   0.00000 0.00000 0.03027 0.96973 ( 4)
 140 Q   0.00000 0.00000 0.00177 0.99823 ( 4)
 141 Q   0.00000 0.00000 0.47421 0.52579 ( 4)
 142 A   0.00000 0.00000 0.00098 0.99902 ( 4)
 143 T   0.00000 0.00000 0.00214 0.99786 ( 4)
 144 G   0.00000 0.00000 0.00006 0.99994 ( 4)
 145 L   0.00000 0.00000 0.00001 0.99999 ( 4)
 146 L   0.00000 0.00000 0.00219 0.99781 ( 4)
 147 N   0.00000 0.00000 0.95385 0.04615 ( 3)
 148 N   0.00000 0.00000 0.01705 0.98295 ( 4)
 149 Q   0.00000 0.00000 0.85365 0.14635 ( 3)
 150 L   0.00000 0.00000 0.91231 0.08769 ( 3)
 151 I   0.00000 0.00000 0.99596 0.00404 ( 3)
 152 I   0.00000 0.00000 0.99594 0.00406 ( 3)
 153 D   0.00000 0.00000 0.98905 0.01095 ( 3)
 154 R   0.00000 0.00000 0.90410 0.09590 ( 3)
 155 I   0.00000 0.00000 0.95543 0.04457 ( 3)
 156 E   0.00000 0.00000 0.99814 0.00186 ( 3)
 157 F   0.00000 0.00000 0.92698 0.07302 ( 3)
 158 Y   0.00000 0.00000 0.55135 0.44865 ( 3)
 159 P   0.00000 0.00000 0.98643 0.01357 ( 3)


lnL = -2065.759981

