Supplemental results for CODEML (seqf: algn  treef: tree)


dN/dS (w) for site classes (K=4)

site class             0        1       2a       2b
proportion       0.00000  0.00000  0.62324  0.37676
background w     0.44729  5.35148  0.44729  5.35148
foreground w     0.44729  5.35148  0.30812  0.30812

Naive Empirical Bayes (NEB) probabilities for 4 classes
(amino acids refer to 1st sequence: BT_Cry40Aa1)

   1 P   0.00000 0.00000 0.04905 0.95095 ( 4)
   2 T   0.00000 0.00000 0.96789 0.03211 ( 3)
   3 H   0.00000 0.00000 0.53843 0.46157 ( 3)
   4 V   0.00000 0.00000 0.95914 0.04086 ( 3)
   5 E   0.00000 0.00000 0.99865 0.00135 ( 3)
   6 L   0.00000 0.00000 0.99803 0.00197 ( 3)
   7 T   0.00000 0.00000 0.99952 0.00048 ( 3)
   8 R   0.00000 0.00000 0.99872 0.00128 ( 3)
   9 E   0.00000 0.00000 0.99995 0.00005 ( 3)
  10 I   0.00000 0.00000 0.99622 0.00378 ( 3)
  11 Y   0.00000 0.00000 0.99997 0.00003 ( 3)
  12 T   0.00000 0.00000 0.99980 0.00020 ( 3)
  13 D   0.00000 0.00000 0.99998 0.00002 ( 3)
  14 P   0.00000 0.00000 0.99122 0.00878 ( 3)
  15 V   0.00000 0.00000 0.98951 0.01049 ( 3)
  16 G   0.00000 0.00000 0.99950 0.00050 ( 3)
  17 Y   0.00000 0.00000 0.99968 0.00032 ( 3)
  18 S   0.00000 0.00000 0.36313 0.63687 ( 4)
  19 S   0.00000 0.00000 0.00880 0.99120 ( 4)
  20 G   0.00000 0.00000 0.54593 0.45407 ( 3)
  21 T   0.00000 0.00000 0.05270 0.94730 ( 4)
  22 Y   0.00000 0.00000 0.72912 0.27088 ( 3)
  23 -   0.00000 0.00000 0.65444 0.34556 ( 3)
  24 S   0.00000 0.00000 0.46969 0.53031 ( 4)
  25 W   0.00000 0.00000 0.99232 0.00768 ( 3)
  26 L   0.00000 0.00000 0.13986 0.86014 ( 4)
  27 K   0.00000 0.00000 0.00106 0.99894 ( 4)
  28 Y   0.00000 0.00000 0.00017 0.99983 ( 4)
  29 W   0.00000 0.00000 0.79319 0.20681 ( 3)
  30 T   0.00000 0.00000 0.01940 0.98060 ( 4)
  31 G   0.00000 0.00000 0.43190 0.56810 ( 4)
  32 A   0.00000 0.00000 0.05621 0.94379 ( 4)
  33 F   0.00000 0.00000 0.99999 0.00001 ( 3)
  34 N   0.00000 0.00000 1.00000 0.00000 ( 3)
  35 T   0.00000 0.00000 0.00468 0.99532 ( 4)
  36 L   0.00000 0.00000 0.97790 0.02210 ( 3)
  37 E   0.00000 0.00000 0.99995 0.00005 ( 3)
  38 A   0.00000 0.00000 0.99997 0.00003 ( 3)
  39 N   0.00000 0.00000 0.99992 0.00008 ( 3)
  40 G   0.00000 0.00000 0.99959 0.00041 ( 3)
  41 T   0.00000 0.00000 0.99980 0.00020 ( 3)
  42 R   0.00000 0.00000 0.95848 0.04152 ( 3)
  43 G   0.00000 0.00000 0.99959 0.00041 ( 3)
  44 P   0.00000 0.00000 0.99996 0.00004 ( 3)
  45 G   0.00000 0.00000 0.99998 0.00002 ( 3)
  46 L   0.00000 0.00000 0.99811 0.00189 ( 3)
  47 V   0.00000 0.00000 0.99998 0.00002 ( 3)
  48 T   0.00000 0.00000 0.99998 0.00002 ( 3)
  49 W   0.00000 0.00000 0.12831 0.87169 ( 4)
  50 L   0.00000 0.00000 0.99995 0.00005 ( 3)
  51 R   0.00000 0.00000 0.00001 0.99999 ( 4)
  52 -   0.00000 0.00000 0.62324 0.37676 ( 3)
  53 S   0.00000 0.00000 0.00021 0.99979 ( 4)
  54 I   0.00000 0.00000 0.99835 0.00165 ( 3)
  55 G   0.00000 0.00000 0.99966 0.00034 ( 3)
  56 I   0.00000 0.00000 0.99991 0.00009 ( 3)
  57 Y   0.00000 0.00000 0.99930 0.00070 ( 3)
  58 N   0.00000 0.00000 0.99524 0.00476 ( 3)
  59 E   0.00000 0.00000 0.86671 0.13329 ( 3)
  60 Y   0.00000 0.00000 0.00043 0.99957 ( 4)
  61 V   0.00000 0.00000 0.72318 0.27682 ( 3)
  62 -   0.00000 0.00000 0.00005 0.99995 ( 4)
  63 -   0.00000 0.00000 0.00003 0.99997 ( 4)
  64 -   0.00000 0.00000 0.88179 0.11821 ( 3)
  65 -   0.00000 0.00000 0.30751 0.69249 ( 4)
  66 -   0.00000 0.00000 0.80333 0.19667 ( 3)
  67 -   0.00000 0.00000 0.02624 0.97376 ( 4)
  68 -   0.00000 0.00000 0.50316 0.49684 ( 3)
  69 -   0.00000 0.00000 0.01858 0.98142 ( 4)
  70 S   0.00000 0.00000 0.00004 0.99996 ( 4)
  71 R   0.00000 0.00000 0.00006 0.99994 ( 4)
  72 Y   0.00000 0.00000 0.99000 0.01000 ( 3)
  73 F   0.00000 0.00000 0.99913 0.00087 ( 3)
  74 S   0.00000 0.00000 0.00052 0.99948 ( 4)
  75 G   0.00000 0.00000 0.95479 0.04521 ( 3)
  76 W   0.00000 0.00000 0.99232 0.00768 ( 3)
  77 V   0.00000 0.00000 0.78812 0.21188 ( 3)
  78 G   0.00000 0.00000 0.99941 0.00059 ( 3)
  79 T   0.00000 0.00000 0.99967 0.00033 ( 3)
  80 R   0.00000 0.00000 0.99994 0.00006 ( 3)
  81 H   0.00000 0.00000 0.99999 0.00001 ( 3)
  82 Y   0.00000 0.00000 0.99952 0.00048 ( 3)
  83 E   0.00000 0.00000 0.99995 0.00005 ( 3)
  84 D   0.00000 0.00000 0.01272 0.98728 ( 4)
  85 Y   0.00000 0.00000 0.98937 0.01063 ( 3)
  86 T   0.00000 0.00000 0.99980 0.00020 ( 3)
  87 T   0.00000 0.00000 0.00226 0.99774 ( 4)
  88 G   0.00000 0.00000 0.99969 0.00031 ( 3)
  89 N   0.00000 0.00000 0.30481 0.69519 ( 4)
  90 G   0.00000 0.00000 0.99466 0.00534 ( 3)
  91 N   0.00000 0.00000 0.57016 0.42984 ( 3)
  92 F   0.00000 0.00000 0.99846 0.00154 ( 3)
  93 Q   0.00000 0.00000 0.87984 0.12016 ( 3)
  94 R   0.00000 0.00000 0.99995 0.00005 ( 3)
  95 M   0.00000 0.00000 0.97511 0.02489 ( 3)
  96 S   0.00000 0.00000 0.99996 0.00004 ( 3)
  97 G   0.00000 0.00000 0.99959 0.00041 ( 3)
  98 T   0.00000 0.00000 0.99997 0.00003 ( 3)
  99 T   0.00000 0.00000 0.99040 0.00960 ( 3)
 100 S   0.00000 0.00000 1.00000 0.00000 ( 3)
 101 N   0.00000 0.00000 1.00000 0.00000 ( 3)
 102 D   0.00000 0.00000 0.99997 0.00003 ( 3)
 103 L   0.00000 0.00000 0.01539 0.98461 ( 4)
 104 R   0.00000 0.00000 0.30620 0.69380 ( 4)
 105 D   0.00000 0.00000 0.00187 0.99813 ( 4)
 106 I   0.00000 0.00000 0.49163 0.50837 ( 4)
 107 S   0.00000 0.00000 0.01398 0.98602 ( 4)
 108 F   0.00000 0.00000 0.99972 0.00028 ( 3)
 109 P   0.00000 0.00000 0.00000 1.00000 ( 4)
 110 N   0.00000 0.00000 0.41459 0.58541 ( 4)
 111 S   0.00000 0.00000 0.00026 0.99974 ( 4)
 112 D   0.00000 0.00000 0.78697 0.21303 ( 3)
 113 I   0.00000 0.00000 0.76380 0.23620 ( 3)
 114 F   0.00000 0.00000 0.99978 0.00022 ( 3)
 115 K   0.00000 0.00000 0.98966 0.01034 ( 3)
 116 I   0.00000 0.00000 0.99999 0.00001 ( 3)
 117 E   0.00000 0.00000 0.00000 1.00000 ( 4)
 118 S   0.00000 0.00000 0.99679 0.00321 ( 3)
 119 K   0.00000 0.00000 0.00292 0.99708 ( 4)
 120 A   0.00000 0.00000 0.99947 0.00053 ( 3)
 121 I   0.00000 0.00000 0.72051 0.27949 ( 3)
 122 M   0.00000 0.00000 0.00009 0.99991 ( 4)
 123 N   0.00000 0.00000 0.00003 0.99997 ( 4)
 124 L   0.00000 0.00000 0.00100 0.99900 ( 4)
 125 V   0.00000 0.00000 0.00015 0.99985 ( 4)
 126 G   0.00000 0.00000 0.00046 0.99954 ( 4)
 127 E   0.00000 0.00000 0.00482 0.99518 ( 4)
 128 I   0.00000 0.00000 0.05382 0.94618 ( 4)
 129 N   0.00000 0.00000 0.00003 0.99997 ( 4)
 130 -   0.00000 0.00000 0.60921 0.39079 ( 3)
 131 -   0.00000 0.00000 0.62324 0.37676 ( 3)
 132 -   0.00000 0.00000 0.03512 0.96488 ( 4)
 133 -   0.00000 0.00000 0.94632 0.05368 ( 3)
 134 A   0.00000 0.00000 0.34380 0.65620 ( 4)
 135 R   0.00000 0.00000 0.00250 0.99750 ( 4)
 136 P   0.00000 0.00000 0.21618 0.78382 ( 4)
 137 E   0.00000 0.00000 0.20961 0.79039 ( 4)
 138 Y   0.00000 0.00000 0.94373 0.05627 ( 3)
 139 R   0.00000 0.00000 0.99850 0.00150 ( 3)
 140 V   0.00000 0.00000 0.99620 0.00380 ( 3)
 141 S   0.00000 0.00000 0.99630 0.00370 ( 3)
 142 R   0.00000 0.00000 0.90494 0.09506 ( 3)
 143 A   0.00000 0.00000 0.99634 0.00366 ( 3)
 144 E   0.00000 0.00000 0.99054 0.00946 ( 3)
 145 F   0.00000 0.00000 0.99999 0.00001 ( 3)
 146 S   0.00000 0.00000 0.00108 0.99892 ( 4)
 147 E   0.00000 0.00000 0.00000 1.00000 ( 4)
 148 S   0.00000 0.00000 0.54785 0.45215 ( 3)
 149 T   0.00000 0.00000 0.00266 0.99734 ( 4)
 150 -   0.00000 0.00000 0.62324 0.37676 ( 3)
 151 A   0.00000 0.00000 0.00067 0.99933 ( 4)
 152 F   0.00000 0.00000 0.00422 0.99578 ( 4)
 153 I   0.00000 0.00000 0.04130 0.95870 ( 4)
 154 Y   0.00000 0.00000 0.00002 0.99998 ( 4)
 155 L   0.00000 0.00000 0.00058 0.99942 ( 4)
 156 Y   0.00000 0.00000 0.99997 0.00003 ( 3)
 157 D   0.00000 0.00000 0.95371 0.04629 ( 3)
 158 A   0.00000 0.00000 0.15875 0.84125 ( 4)
 159 G   0.00000 0.00000 0.67586 0.32414 ( 3)
 160 N   0.00000 0.00000 0.99970 0.00030 ( 3)
 161 S   0.00000 0.00000 0.12763 0.87237 ( 4)
 162 -   0.00000 0.00000 0.62324 0.37676 ( 3)
 163 G   0.00000 0.00000 0.99010 0.00990 ( 3)
 164 L   0.00000 0.00000 0.00001 0.99999 ( 4)
 165 S   0.00000 0.00000 0.00101 0.99899 ( 4)
 166 S   0.00000 0.00000 0.00010 0.99990 ( 4)
 167 M   0.00000 0.00000 0.98168 0.01832 ( 3)
 168 T   0.00000 0.00000 0.99980 0.00020 ( 3)
 169 I   0.00000 0.00000 0.99981 0.00019 ( 3)
 170 T   0.00000 0.00000 0.97954 0.02046 ( 3)
 171 S   0.00000 0.00000 0.99996 0.00004 ( 3)
 172 K   0.00000 0.00000 0.03939 0.96061 ( 4)
 173 L   0.00000 0.00000 0.97327 0.02673 ( 3)
 174 P   0.00000 0.00000 0.99896 0.00104 ( 3)
 175 G   0.00000 0.00000 0.99437 0.00563 ( 3)
 176 I   0.00000 0.00000 0.08998 0.91002 ( 4)
 177 K   0.00000 0.00000 0.00010 0.99990 ( 4)
 178 N   0.00000 0.00000 0.06252 0.93748 ( 4)
 179 P   0.00000 0.00000 0.00160 0.99840 ( 4)
 180 E   0.00000 0.00000 0.00026 0.99974 ( 4)
 181 -   0.00000 0.00000 0.78387 0.21613 ( 3)
 182 P   0.00000 0.00000 0.99946 0.00054 ( 3)
 183 S   0.00000 0.00000 0.98169 0.01831 ( 3)
 184 Y   0.00000 0.00000 0.00000 1.00000 ( 4)
 185 R   0.00000 0.00000 0.00017 0.99983 ( 4)
 186 D   0.00000 0.00000 0.99238 0.00762 ( 3)
 187 Y   0.00000 0.00000 0.14197 0.85803 ( 4)
 188 S   0.00000 0.00000 0.99943 0.00057 ( 3)
 189 H   0.00000 0.00000 0.99981 0.00019 ( 3)
 190 R   0.00000 0.00000 0.98654 0.01346 ( 3)
 191 L   0.00000 0.00000 0.99811 0.00189 ( 3)
 192 S   0.00000 0.00000 0.99743 0.00257 ( 3)
 193 N   0.00000 0.00000 1.00000 0.00000 ( 3)
 194 A   0.00000 0.00000 0.98965 0.01035 ( 3)
 195 A   0.00000 0.00000 0.99979 0.00021 ( 3)
 196 C   0.00000 0.00000 0.99998 0.00002 ( 3)
 197 V   0.00000 0.00000 0.99997 0.00003 ( 3)
 198 G   0.00000 0.00000 0.03518 0.96482 ( 4)
 199 A   0.00000 0.00000 0.00033 0.99967 ( 4)
 200 -   0.00000 0.00000 0.62324 0.37676 ( 3)
 201 -   0.00000 0.00000 0.62324 0.37676 ( 3)
 202 G   0.00000 0.00000 0.00819 0.99181 ( 4)
 203 N   0.00000 0.00000 0.02179 0.97821 ( 4)
 204 S   0.00000 0.00000 0.08473 0.91527 ( 4)
 205 R   0.00000 0.00000 0.98276 0.01724 ( 3)
 206 I   0.00000 0.00000 0.96307 0.03693 ( 3)
 207 N   0.00000 0.00000 0.95024 0.04976 ( 3)
 208 V   0.00000 0.00000 0.99979 0.00021 ( 3)
 209 Y   0.00000 0.00000 0.98654 0.01346 ( 3)
 210 G   0.00000 0.00000 0.99999 0.00001 ( 3)
 211 W   0.00000 0.00000 0.99232 0.00768 ( 3)
 212 T   0.00000 0.00000 0.99581 0.00419 ( 3)
 213 H   0.00000 0.00000 0.99999 0.00001 ( 3)
 214 -   0.00000 0.00000 0.99055 0.00945 ( 3)


lnL = -3277.080763

