Supplemental results for CODEML (seqf: algn  treef: tree)


dN/dS (w) for site classes (K=4)

site class             0        1       2a       2b
proportion       0.41574  0.39073  0.09977  0.09376
background w     0.09841  0.71974  0.09841  0.71974
foreground w     0.09841  0.71974 112.11583 112.11583

Naive Empirical Bayes (NEB) probabilities for 4 classes
(amino acids refer to 1st sequence: BT_Cry21Aa1)

   1 -   0.62198 0.18449 0.14926 0.04427 ( 1)
   2 -   0.02435 0.78212 0.00584 0.18769 ( 2)
   3 -   0.74956 0.05691 0.17987 0.01366 ( 1)
   4 -   0.76581 0.04066 0.18377 0.00976 ( 1)
   5 -   0.00745 0.79301 0.00279 0.19674 ( 2)
   6 L   0.01950 0.62381 0.03044 0.32625 ( 2)
   7 K   0.40985 0.03814 0.54161 0.01040 ( 3)
   8 G   0.84974 0.14680 0.00291 0.00055 ( 1)
   9 F   0.31836 0.46056 0.14538 0.07570 ( 2)
  10 P   0.62858 0.02679 0.34052 0.00410 ( 1)
  11 A   0.95440 0.00170 0.04363 0.00027 ( 1)
  12 E   0.98484 0.00376 0.01125 0.00016 ( 1)
  13 K   0.97743 0.00093 0.02159 0.00006 ( 1)
  14 G   0.00719 0.07667 0.74843 0.16771 ( 3)
  15 -   0.07011 0.67379 0.08500 0.17110 ( 2)
  16 -   0.08570 0.65685 0.09298 0.16447 ( 2)
  17 Y   0.00460 0.09416 0.63648 0.26477 ( 3)
  18 G   0.86099 0.01248 0.12556 0.00097 ( 1)
  19 D   0.05651 0.85818 0.00382 0.08150 ( 2)
  20 S   0.08629 0.85817 0.01278 0.04276 ( 2)
  21 I   0.10169 0.21141 0.62694 0.05996 ( 3)
  22 A   0.00258 0.80682 0.00639 0.18421 ( 2)
  23 Y   0.59810 0.16453 0.21649 0.02088 ( 1)
  24 V   0.00786 0.00755 0.96222 0.02237 ( 3)
  25 S   0.06566 0.34878 0.48383 0.10172 ( 3)
  26 E   0.98611 0.00252 0.01127 0.00010 ( 1)
  27 P   0.98546 0.00393 0.01049 0.00013 ( 1)
  28 -   0.82817 0.02549 0.14026 0.00608 ( 1)
  29 -   0.41574 0.39073 0.09977 0.09376 ( 1)
  30 L   0.28094 0.08269 0.59376 0.04262 ( 3)
  31 N   0.97655 0.00349 0.01970 0.00027 ( 1)
  32 G   0.96003 0.00180 0.03795 0.00022 ( 1)
  33 A   0.23471 0.09486 0.60769 0.06274 ( 3)
  34 N   0.72433 0.00378 0.27115 0.00074 ( 1)
  35 A   0.25985 0.14218 0.51490 0.08307 ( 3)
  36 V   0.09349 0.02284 0.85114 0.03252 ( 3)
  37 K   0.78702 0.08452 0.12158 0.00688 ( 1)
  38 L   0.61844 0.06641 0.30431 0.01084 ( 1)
  39 T   0.10385 0.72110 0.05292 0.12213 ( 2)
  40 S   0.00153 0.71322 0.00197 0.28328 ( 2)
  41 Y   0.07382 0.12982 0.73373 0.06262 ( 3)
  42 Q   0.00086 0.33957 0.08416 0.57541 ( 4)
  43 V   0.06453 0.74799 0.03075 0.15672 ( 2)
  44 L   0.25202 0.22936 0.41937 0.09925 ( 3)
  45 Q   0.00000 0.51398 0.00005 0.48597 ( 2)
  46 -   0.41574 0.39073 0.09977 0.09376 ( 1)
  47 -   0.73971 0.06676 0.17751 0.01602 ( 1)
  48 -   0.63704 0.16943 0.15287 0.04066 ( 1)
  49 -   0.78101 0.02546 0.18742 0.00611 ( 1)
  50 -   0.11212 0.69435 0.02691 0.16662 ( 2)
  51 -   0.69338 0.11309 0.16639 0.02714 ( 1)
  52 -   0.10307 0.70340 0.02473 0.16880 ( 2)
  53 -   0.74009 0.06638 0.17760 0.01593 ( 1)
  54 -   0.66492 0.14155 0.15956 0.03397 ( 1)
  55 M   0.00187 0.02374 0.90746 0.06693 ( 3)
  56 E   0.03998 0.62270 0.11674 0.22058 ( 2)
  57 V   0.67181 0.25419 0.03224 0.04176 ( 1)
  58 T   0.96518 0.01237 0.02155 0.00089 ( 1)
  59 N   0.92553 0.05185 0.01865 0.00396 ( 1)
  60 Q   0.03169 0.66132 0.11776 0.18923 ( 2)
  61 T   0.59339 0.36699 0.01322 0.02639 ( 1)
  62 T   0.00262 0.67913 0.00560 0.31266 ( 2)
  63 Q   0.94731 0.04604 0.00597 0.00068 ( 1)
  64 K   0.21714 0.73192 0.00410 0.04684 ( 2)
  65 Y   0.98988 0.00223 0.00784 0.00005 ( 1)
  66 R   0.06925 0.86654 0.00956 0.05465 ( 2)
  67 I   0.13584 0.75637 0.02716 0.08064 ( 2)
  68 R   0.95308 0.03850 0.00764 0.00077 ( 1)
  69 I   0.82993 0.12993 0.02658 0.01356 ( 1)
  70 R   0.99490 0.00152 0.00357 0.00001 ( 1)
  71 Y   0.97289 0.01276 0.01402 0.00034 ( 1)
  72 A   0.98681 0.00064 0.01252 0.00003 ( 1)
  73 T   0.94697 0.00384 0.04862 0.00057 ( 1)
  74 G   0.62618 0.30934 0.03033 0.03414 ( 1)
  75 G   0.02034 0.87433 0.00190 0.10343 ( 2)
  76 D   0.00090 0.91311 0.00013 0.08586 ( 2)
  77 T   0.30026 0.58257 0.06091 0.05626 ( 2)
  78 A   0.00049 0.82754 0.00030 0.17167 ( 2)
  79 A   0.00299 0.90397 0.00059 0.09245 ( 2)
  80 S   0.01777 0.95971 0.00014 0.02238 ( 2)
  81 I   0.00441 0.64403 0.00988 0.34168 ( 2)
  82 W   0.00900 0.99012 0.00001 0.00087 ( 2)
  83 F   0.40725 0.17327 0.37315 0.04634 ( 1)
  84 H   0.00006 0.88673 0.00002 0.11319 ( 2)
  85 I   0.57981 0.35940 0.02032 0.04047 ( 1)
  86 I   0.00032 0.80060 0.00024 0.19884 ( 2)
  87 -   0.00001 0.80552 0.00001 0.19446 ( 2)
  88 -   0.21616 0.60683 0.03291 0.14410 ( 2)
  89 -   0.41574 0.39073 0.09977 0.09376 ( 1)
  90 -   0.41574 0.39073 0.09977 0.09376 ( 1)
  91 -   0.41574 0.39073 0.09977 0.09376 ( 1)
  92 -   0.41574 0.39073 0.09977 0.09376 ( 1)
  93 G   0.00020 0.86448 0.00040 0.13492 ( 2)
  94 P   0.00820 0.88995 0.00319 0.09866 ( 2)
  95 S   0.00067 0.65514 0.00058 0.34361 ( 2)
  96 G   0.00010 0.84111 0.00007 0.15872 ( 2)
  97 N   0.00031 0.85435 0.00023 0.14511 ( 2)
  98 D   0.00803 0.94272 0.00010 0.04916 ( 2)
  99 L   0.00102 0.96634 0.00002 0.03262 ( 2)
 100 T   0.00000 0.91391 0.00000 0.08609 ( 2)
 101 N   0.27308 0.67296 0.00593 0.04803 ( 2)
 102 -   0.41574 0.39073 0.09977 0.09376 ( 1)
 103 -   0.41574 0.39073 0.09977 0.09376 ( 1)
 104 -   0.41574 0.39073 0.09977 0.09376 ( 1)
 105 E   0.00396 0.86757 0.00234 0.12613 ( 2)
 106 G   0.01971 0.68821 0.05071 0.24136 ( 2)
 107 H   0.00017 0.83894 0.00073 0.16016 ( 2)
 108 N   0.00000 0.64125 0.00000 0.35875 ( 2)
 109 F   0.00025 0.95068 0.00001 0.04906 ( 2)
 110 S   0.02312 0.92822 0.00094 0.04772 ( 2)
 111 S   0.00850 0.81443 0.00322 0.17384 ( 2)
 112 V   0.41574 0.39073 0.09977 0.09376 ( 1)
 113 S   0.00365 0.93797 0.00027 0.05810 ( 2)
 114 S   0.44946 0.19436 0.30951 0.04667 ( 1)
 115 R   0.00168 0.81144 0.00204 0.18485 ( 2)
 116 N   0.86745 0.00248 0.12985 0.00023 ( 1)
 117 K   0.60163 0.14088 0.23864 0.01885 ( 1)
 118 M   0.99553 0.00087 0.00358 0.00001 ( 1)
 119 F   0.77748 0.10702 0.10896 0.00655 ( 1)
 120 V   0.04627 0.15041 0.72413 0.07919 ( 3)
 121 Q   0.97445 0.01673 0.00849 0.00033 ( 1)
 122 G   0.87913 0.11263 0.00569 0.00255 ( 1)
 123 N   0.52940 0.27903 0.14848 0.04309 ( 1)
 124 N   0.96982 0.00852 0.02106 0.00061 ( 1)
 125 G   0.91318 0.07066 0.01402 0.00215 ( 1)
 126 K   0.61331 0.35257 0.01158 0.02254 ( 1)
 127 Y   0.98788 0.00421 0.00782 0.00010 ( 1)
 128 V   0.17974 0.77810 0.00262 0.03954 ( 2)
 129 L   0.62955 0.35258 0.00841 0.00946 ( 1)
 130 N   0.00492 0.49305 0.10521 0.39683 ( 2)
 131 I   0.19699 0.69516 0.01637 0.09149 ( 2)
 132 L   0.20909 0.52847 0.09136 0.17109 ( 2)
 133 T   0.00022 0.83245 0.00024 0.16710 ( 2)
 134 D   0.95811 0.02404 0.01673 0.00112 ( 1)
 135 -   0.00445 0.80202 0.00107 0.19246 ( 2)
 136 -   0.78732 0.01915 0.18894 0.00459 ( 1)
 137 -   0.05117 0.75530 0.01228 0.18125 ( 2)
 138 S   0.50204 0.40409 0.07375 0.02012 ( 1)
 139 I   0.96277 0.01317 0.02301 0.00105 ( 1)
 140 E   0.06616 0.89590 0.00076 0.03719 ( 2)
 141 L   0.72301 0.26077 0.00909 0.00713 ( 1)
 142 P   0.73696 0.25394 0.00468 0.00443 ( 1)
 143 S   0.38726 0.59981 0.00278 0.01015 ( 2)
 144 G   0.44839 0.54748 0.00166 0.00246 ( 2)
 145 Q   0.11516 0.74074 0.04515 0.09895 ( 2)
 146 Q   0.02819 0.94702 0.00100 0.02378 ( 2)
 147 T   0.03761 0.32951 0.43956 0.19331 ( 3)
 148 -   0.78723 0.01924 0.18891 0.00462 ( 1)
 149 -   0.68155 0.12492 0.16355 0.02998 ( 1)
 150 -   0.02286 0.78361 0.00549 0.18804 ( 2)
 151 I   0.96451 0.00119 0.03416 0.00014 ( 1)
 152 L   0.00009 0.26573 0.01230 0.72188 ( 4)
 153 I   0.25069 0.68335 0.00663 0.05933 ( 2)
 154 Q   0.00090 0.63845 0.01252 0.34812 ( 2)
 155 N   0.97908 0.00110 0.01973 0.00008 ( 1)
 156 T   0.00071 0.82737 0.00030 0.17162 ( 2)
 157 N   0.00038 0.87036 0.00075 0.12850 ( 2)
 158 -   0.57811 0.22836 0.13873 0.05480 ( 1)
 159 S   0.00547 0.88566 0.00238 0.10649 ( 2)
 160 Q   0.08898 0.88807 0.00123 0.02172 ( 2)
 161 D   0.04898 0.90773 0.00087 0.04242 ( 2)
 162 L   0.76967 0.21588 0.00825 0.00620 ( 1)
 163 F   0.67165 0.01896 0.30627 0.00312 ( 1)
 164 L   0.98225 0.00776 0.00982 0.00017 ( 1)
 165 D   0.98594 0.00179 0.01218 0.00009 ( 1)
 166 R   0.96590 0.00448 0.02942 0.00020 ( 1)
 167 I   0.92924 0.04259 0.02447 0.00369 ( 1)
 168 E   0.98820 0.00050 0.01129 0.00002 ( 1)
 169 -   0.97782 0.01364 0.00800 0.00054 ( 1)
 170 -   0.97830 0.00346 0.01796 0.00028 ( 1)
 171 -   0.47901 0.32746 0.11495 0.07858 ( 1)


lnL = -3250.935353

