Supplemental results for CODEML (seqf: algn  treef: tree)


dN/dS (w) for site classes (K=4)

site class             0        1       2a       2b
proportion       0.56660  0.40680  0.01548  0.01112
background w     0.11130  1.17544  0.11130  1.17544
foreground w     0.11130  1.17544 34.68307 34.68307

Naive Empirical Bayes (NEB) probabilities for 4 classes
(amino acids refer to 1st sequence: BT_Cry7Aa1)

   1 -   0.56660 0.40680 0.01548 0.01112 ( 1)
   2 -   0.17545 0.72352 0.05823 0.04280 ( 2)
   3 -   0.80937 0.18838 0.00131 0.00093 ( 1)
   4 K   0.94360 0.05622 0.00016 0.00002 ( 1)
   5 I   0.81630 0.18320 0.00038 0.00012 ( 1)
   6 T   0.39852 0.60065 0.00028 0.00056 ( 2)
   7 K   0.09342 0.90050 0.00246 0.00361 ( 2)
   8 I   0.95242 0.04742 0.00015 0.00002 ( 1)
   9 P   0.87370 0.12621 0.00007 0.00002 ( 1)
  10 A   0.93957 0.06036 0.00006 0.00001 ( 1)
  11 V   0.92024 0.07962 0.00012 0.00002 ( 1)
  12 K   0.95512 0.04475 0.00012 0.00001 ( 1)
  13 M   0.50876 0.48489 0.00553 0.00082 ( 1)
  14 Y   0.91828 0.08165 0.00006 0.00001 ( 1)
  15 K   0.14068 0.85413 0.00252 0.00267 ( 2)
  16 L   0.83452 0.16384 0.00127 0.00036 ( 1)
  17 D   0.00003 0.25502 0.02539 0.71956 ( 4)
  18 D   0.00068 0.66194 0.02297 0.31442 ( 2)
  19 P   0.00483 0.99303 0.00007 0.00207 ( 2)
  20 S   0.06537 0.92704 0.00227 0.00532 ( 2)
  21 T   0.10143 0.89655 0.00013 0.00189 ( 2)
  22 V   0.56975 0.40116 0.02597 0.00312 ( 1)
  23 V   0.78967 0.20922 0.00082 0.00029 ( 1)
  24 K   0.95512 0.04475 0.00012 0.00001 ( 1)
  25 G   0.75730 0.24251 0.00013 0.00006 ( 1)
  26 P   0.88981 0.10988 0.00026 0.00005 ( 1)
  27 G   0.90937 0.09060 0.00002 0.00000 ( 1)
  28 F   0.54648 0.45341 0.00004 0.00007 ( 1)
  29 T   0.93952 0.06036 0.00010 0.00001 ( 1)
  30 G   0.92858 0.07060 0.00072 0.00010 ( 1)
  31 G   0.90937 0.09060 0.00002 0.00000 ( 1)
  32 D   0.96515 0.03475 0.00009 0.00001 ( 1)
  33 L   0.85939 0.14054 0.00006 0.00001 ( 1)
  34 V   0.94441 0.05548 0.00010 0.00001 ( 1)
  35 K   0.83157 0.16801 0.00032 0.00009 ( 1)
  36 R   0.94208 0.05789 0.00003 0.00000 ( 1)
  37 G   0.70368 0.29572 0.00040 0.00019 ( 1)
  38 S   0.95897 0.04100 0.00003 0.00000 ( 1)
  39 T   0.16447 0.83538 0.00001 0.00013 ( 2)
  40 G   0.93000 0.06997 0.00002 0.00000 ( 1)
  41 Y   0.07133 0.92490 0.00139 0.00238 ( 2)
  42 I   0.94994 0.04990 0.00015 0.00002 ( 1)
  43 G   0.90937 0.09060 0.00002 0.00000 ( 1)
  44 D   0.08699 0.90894 0.00023 0.00384 ( 2)
  45 I   0.11635 0.88197 0.00076 0.00092 ( 2)
  46 K   0.35875 0.64119 0.00002 0.00004 ( 2)
  47 A   0.56415 0.43551 0.00015 0.00020 ( 1)
  48 T   0.73124 0.26821 0.00038 0.00016 ( 1)
  49 V   0.93546 0.06443 0.00010 0.00001 ( 1)
  50 N   0.83490 0.16504 0.00004 0.00001 ( 1)
  51 S   0.84855 0.15138 0.00006 0.00001 ( 1)
  52 P   0.87836 0.12161 0.00002 0.00001 ( 1)
  53 L   0.90783 0.09214 0.00002 0.00000 ( 1)
  54 S   0.90520 0.09475 0.00004 0.00001 ( 1)
  55 Q   0.87388 0.12609 0.00003 0.00001 ( 1)
  56 K   0.66767 0.33216 0.00008 0.00009 ( 1)
  57 Y   0.91828 0.08165 0.00006 0.00001 ( 1)
  58 R   0.37030 0.62492 0.00387 0.00091 ( 2)
  59 V   0.85774 0.14168 0.00049 0.00010 ( 1)
  60 R   0.94208 0.05789 0.00003 0.00000 ( 1)
  61 V   0.94441 0.05548 0.00010 0.00001 ( 1)
  62 R   0.77105 0.22887 0.00006 0.00002 ( 1)
  63 Y   0.84509 0.15483 0.00006 0.00002 ( 1)
  64 A   0.72440 0.27502 0.00040 0.00018 ( 1)
  65 T   0.94815 0.05174 0.00010 0.00001 ( 1)
  66 N   0.68414 0.31562 0.00010 0.00014 ( 1)
  67 V   0.59192 0.40784 0.00010 0.00013 ( 1)
  68 S   0.47495 0.52500 0.00002 0.00004 ( 2)
  69 G   0.89405 0.10592 0.00003 0.00001 ( 1)
  70 Q   0.33560 0.66434 0.00001 0.00004 ( 2)
  71 F   0.29084 0.70897 0.00004 0.00015 ( 2)
  72 N   0.00085 0.05398 0.74076 0.20442 ( 3)
  73 V   0.71947 0.28002 0.00035 0.00016 ( 1)
  74 Y   0.00111 0.99665 0.00001 0.00223 ( 2)
  75 I   0.95242 0.04742 0.00015 0.00002 ( 1)
  76 N   0.64002 0.35378 0.00559 0.00061 ( 1)
  77 D   0.67493 0.31878 0.00580 0.00050 ( 1)
  78 K   0.61710 0.38269 0.00008 0.00013 ( 1)
  79 I   0.00497 0.79122 0.07920 0.12461 ( 2)
  80 T   0.37036 0.62935 0.00006 0.00023 ( 2)
  81 L   0.90783 0.09214 0.00002 0.00000 ( 1)
  82 Q   0.00272 0.06885 0.76077 0.16766 ( 3)
  83 T   0.01424 0.98544 0.00000 0.00032 ( 2)
  84 K   0.00039 0.76958 0.00110 0.22893 ( 2)
  85 F   0.90903 0.09051 0.00040 0.00005 ( 1)
  86 Q   0.48158 0.51808 0.00010 0.00023 ( 2)
  87 N   0.01355 0.98155 0.00031 0.00458 ( 2)
  88 T   0.93420 0.06567 0.00011 0.00002 ( 1)
  89 V   0.51842 0.48131 0.00010 0.00018 ( 1)
  90 E   0.11441 0.88517 0.00003 0.00039 ( 2)
  91 T   0.93952 0.06036 0.00010 0.00001 ( 1)
  92 I   0.94994 0.04990 0.00015 0.00002 ( 1)
  93 G   0.93000 0.06997 0.00002 0.00000 ( 1)
  94 E   0.94934 0.05057 0.00008 0.00001 ( 1)
  95 G   0.90937 0.09060 0.00002 0.00000 ( 1)
  96 K   0.61274 0.38694 0.00013 0.00019 ( 1)
  97 D   0.05438 0.94542 0.00000 0.00020 ( 2)
  98 L   0.35932 0.64057 0.00003 0.00008 ( 2)
  99 T   0.02307 0.97598 0.00002 0.00094 ( 2)
 100 -   0.56660 0.40680 0.01548 0.01112 ( 1)
 101 Y   0.07867 0.92122 0.00000 0.00010 ( 2)
 102 G   0.00963 0.98991 0.00000 0.00045 ( 2)
 103 S   0.04496 0.95495 0.00000 0.00009 ( 2)
 104 F   0.08980 0.91012 0.00000 0.00008 ( 2)
 105 G   0.07526 0.92470 0.00000 0.00004 ( 2)
 106 Y   0.91828 0.08165 0.00006 0.00001 ( 1)
 107 I   0.00971 0.98970 0.00000 0.00058 ( 2)
 108 E   0.93879 0.06112 0.00008 0.00001 ( 1)
 109 Y   0.91828 0.08165 0.00006 0.00001 ( 1)
 110 S   0.90520 0.09475 0.00004 0.00001 ( 1)
 111 T   0.72331 0.27622 0.00032 0.00014 ( 1)
 112 T   0.75019 0.24935 0.00032 0.00014 ( 1)
 113 I   0.95242 0.04742 0.00015 0.00002 ( 1)
 114 Q   0.87388 0.12609 0.00003 0.00001 ( 1)
 115 F   0.54941 0.45053 0.00003 0.00004 ( 1)
 116 P   0.00115 0.94464 0.00064 0.05356 ( 2)
 117 D   0.00919 0.99038 0.00000 0.00043 ( 2)
 118 -   0.56660 0.40680 0.01548 0.01112 ( 1)
 119 E   0.80242 0.19752 0.00004 0.00001 ( 1)
 120 H   0.91840 0.08156 0.00003 0.00000 ( 1)
 121 P   0.87836 0.12161 0.00002 0.00001 ( 1)
 122 -   0.56660 0.40680 0.01548 0.01112 ( 1)
 123 K   0.65765 0.34217 0.00008 0.00010 ( 1)
 124 I   0.81735 0.18223 0.00030 0.00012 ( 1)
 125 T   0.54178 0.45048 0.00694 0.00079 ( 1)
 126 L   0.00707 0.99285 0.00000 0.00007 ( 2)
 127 H   0.00068 0.99303 0.00002 0.00626 ( 2)
 128 L   0.38971 0.61021 0.00003 0.00006 ( 2)
 129 -   0.56660 0.40680 0.01548 0.01112 ( 1)
 130 S   0.00012 0.99934 0.00000 0.00054 ( 2)
 131 D   0.09197 0.90375 0.00170 0.00259 ( 2)
 132 L   0.19559 0.80400 0.00007 0.00034 ( 2)
 133 S   0.88854 0.11139 0.00006 0.00001 ( 1)
 134 N   0.00116 0.93493 0.00177 0.06215 ( 2)
 135 N   0.15506 0.84096 0.00211 0.00187 ( 2)
 136 S   0.04761 0.95064 0.00004 0.00170 ( 2)
 137 S   0.05046 0.94942 0.00000 0.00012 ( 2)
 138 F   0.53257 0.46736 0.00002 0.00004 ( 1)
 139 Y   0.91828 0.08165 0.00006 0.00001 ( 1)
 140 V   0.00628 0.99304 0.00000 0.00068 ( 2)
 141 D   0.02973 0.97006 0.00000 0.00021 ( 2)
 142 S   0.00402 0.97834 0.00052 0.01712 ( 2)
 143 I   0.81735 0.18223 0.00030 0.00012 ( 1)
 144 E   0.94934 0.05057 0.00008 0.00001 ( 1)
 145 F   0.90903 0.09051 0.00040 0.00005 ( 1)
 146 I   0.81735 0.18223 0.00030 0.00012 ( 1)
 147 P   0.81617 0.17677 0.00506 0.00200 ( 1)


lnL = -1466.150346

