Supplemental results for CODEML (seqf: algn  treef: tree)


dN/dS (w) for site classes (K=4)

site class             0        1       2a       2b
proportion       0.61702  0.35275  0.01923  0.01100
background w     0.15569  1.80531  0.15569  1.80531
foreground w     0.15569  1.80531 35.82963 35.82963

Naive Empirical Bayes (NEB) probabilities for 4 classes
(amino acids refer to 1st sequence: BT_Cry30Aa1)

   1 -   0.96188 0.00790 0.02998 0.00025 ( 1)
   2 G   0.97633 0.00733 0.01618 0.00016 ( 1)
   3 L   0.00089 0.00743 0.93265 0.05902 ( 3)
   4 V   0.03192 0.92688 0.00977 0.03143 ( 2)
   5 L   0.76286 0.03650 0.19960 0.00104 ( 1)
   6 K   0.00000 0.59597 0.00001 0.40402 ( 2)
   7 S   0.01051 0.02811 0.93936 0.02202 ( 3)
   8 F   0.99742 0.00087 0.00171 0.00000 ( 1)
   9 S   0.42498 0.32872 0.22762 0.01868 ( 1)
  10 T   0.21008 0.64120 0.11232 0.03640 ( 2)
  11 I   0.98891 0.00822 0.00283 0.00003 ( 1)
  12 I   0.97599 0.02113 0.00280 0.00009 ( 1)
  13 P   0.99322 0.00509 0.00169 0.00001 ( 1)
  14 I   0.02232 0.92130 0.01043 0.04595 ( 2)
  15 L   0.99562 0.00280 0.00157 0.00001 ( 1)
  16 W   0.88364 0.10667 0.00859 0.00110 ( 1)
  17 P   0.99648 0.00207 0.00145 0.00000 ( 1)
  18 N   0.00175 0.27131 0.31715 0.40979 ( 4)
  19 D   0.17446 0.82331 0.00033 0.00190 ( 2)
  20 K   0.00535 0.96899 0.00112 0.02454 ( 2)
  21 T   0.87549 0.12219 0.00196 0.00036 ( 1)
  22 P   0.03273 0.96366 0.00009 0.00352 ( 2)
  23 I   0.78823 0.00411 0.20753 0.00013 ( 1)
  24 W   0.88364 0.10667 0.00859 0.00110 ( 1)
  25 K   0.03426 0.95674 0.00037 0.00863 ( 2)
  26 E   0.95249 0.04533 0.00204 0.00014 ( 1)
  27 F   0.99058 0.00771 0.00170 0.00002 ( 1)
  28 T   0.99101 0.00668 0.00229 0.00002 ( 1)
  29 K   0.59541 0.40323 0.00072 0.00064 ( 1)
  30 Q   0.45625 0.54215 0.00060 0.00099 ( 2)
  31 G   0.98643 0.00522 0.00830 0.00005 ( 1)
  32 L   0.97130 0.02627 0.00236 0.00008 ( 1)
  33 Q   0.08510 0.77805 0.07254 0.06431 ( 2)
  34 L   0.99562 0.00280 0.00157 0.00001 ( 1)
  35 F   0.98190 0.01535 0.00269 0.00006 ( 1)
  36 R   0.99842 0.00027 0.00132 0.00000 ( 1)
  37 P   0.96558 0.03296 0.00140 0.00006 ( 1)
  38 E   0.98173 0.00153 0.01671 0.00003 ( 1)
  39 L   0.99063 0.00733 0.00202 0.00002 ( 1)
  40 G   0.46935 0.52788 0.00108 0.00169 ( 2)
  41 R   0.00443 0.99376 0.00001 0.00180 ( 2)
  42 D   0.09745 0.86822 0.01043 0.02390 ( 2)
  43 A   0.99041 0.00747 0.00210 0.00002 ( 1)
  44 I   0.99672 0.00043 0.00286 0.00000 ( 1)
  45 E   0.99754 0.00035 0.00211 0.00000 ( 1)
  46 I   0.99599 0.00128 0.00273 0.00000 ( 1)
  47 I   0.98947 0.00766 0.00284 0.00003 ( 1)
  48 G   0.02310 0.97386 0.00005 0.00299 ( 2)
  49 N   0.05487 0.81919 0.05599 0.06995 ( 2)
  50 D   0.04627 0.94839 0.00022 0.00512 ( 2)
  51 V   0.95059 0.04144 0.00761 0.00036 ( 1)
  52 Q   0.42944 0.56700 0.00122 0.00234 ( 2)
  53 A   0.00041 0.99799 0.00000 0.00160 ( 2)
  54 E   0.00018 0.99708 0.00000 0.00274 ( 2)
  55 Y   0.55250 0.43992 0.00408 0.00351 ( 1)
  56 N   0.99737 0.00026 0.00237 0.00000 ( 1)
  57 S   0.28101 0.71677 0.00050 0.00171 ( 2)
  58 L   0.99288 0.00470 0.00241 0.00001 ( 1)
  59 E   0.45954 0.53818 0.00074 0.00154 ( 2)
  60 I   0.00019 0.99684 0.00000 0.00297 ( 2)
  61 M   0.00001 0.99331 0.00000 0.00668 ( 2)
  62 M   0.94882 0.04935 0.00172 0.00011 ( 1)
  63 R   0.00001 0.99652 0.00000 0.00347 ( 2)
  64 D   0.91740 0.08002 0.00229 0.00029 ( 1)
  65 F   0.99742 0.00087 0.00171 0.00000 ( 1)
  66 E   0.98635 0.01060 0.00301 0.00004 ( 1)
  67 N   0.00000 0.96579 0.00000 0.03421 ( 2)
  68 K   0.00053 0.99600 0.00000 0.00347 ( 2)
  69 F   0.99742 0.00087 0.00171 0.00000 ( 1)
  70 A   0.82917 0.16894 0.00149 0.00040 ( 1)
  71 N   0.00014 0.99557 0.00000 0.00429 ( 2)
  72 W   0.88364 0.10667 0.00859 0.00110 ( 1)
  73 E   0.00034 0.89316 0.00043 0.10607 ( 2)
  74 S   0.00000 0.99738 0.00000 0.00262 ( 2)
  75 N   0.00151 0.99266 0.00000 0.00582 ( 2)
  76 R   0.99443 0.00272 0.00283 0.00001 ( 1)
  77 T   0.37384 0.62295 0.00089 0.00232 ( 2)
  78 R   0.00129 0.99475 0.00001 0.00395 ( 2)
  79 A   0.74939 0.24864 0.00139 0.00058 ( 1)
  80 N   0.46070 0.53665 0.00105 0.00160 ( 2)
  81 A   0.99152 0.00617 0.00229 0.00002 ( 1)
  82 I   0.00036 0.99072 0.00000 0.00891 ( 2)
  83 A   0.00147 0.99603 0.00000 0.00249 ( 2)
  84 V   0.04594 0.95104 0.00010 0.00292 ( 2)
  85 T   0.01664 0.98036 0.00004 0.00296 ( 2)
  86 T   0.00030 0.99780 0.00000 0.00190 ( 2)
  87 A   0.01033 0.98785 0.00001 0.00181 ( 2)
  88 F   0.98746 0.01082 0.00169 0.00002 ( 1)
  89 S   0.00000 0.99693 0.00000 0.00307 ( 2)
  90 T   0.00001 0.99030 0.00000 0.00969 ( 2)
  91 V   0.98450 0.01276 0.00269 0.00005 ( 1)
  92 N   0.00036 0.99709 0.00000 0.00255 ( 2)
  93 T   0.00214 0.99550 0.00000 0.00235 ( 2)
  94 Q   0.00049 0.98745 0.00001 0.01206 ( 2)
  95 I   0.97848 0.01877 0.00268 0.00007 ( 1)
  96 I   0.99024 0.00689 0.00284 0.00003 ( 1)
  97 R   0.00000 0.98296 0.00000 0.01704 ( 2)
  98 L   0.99489 0.00353 0.00157 0.00001 ( 1)
  99 K   0.99180 0.00535 0.00282 0.00002 ( 1)
 100 E   0.00617 0.99168 0.00001 0.00213 ( 2)
 101 R   0.00217 0.99585 0.00000 0.00198 ( 2)
 102 F   0.41674 0.58053 0.00101 0.00173 ( 2)
 103 L   0.00494 0.99171 0.00001 0.00334 ( 2)
 104 I   0.99387 0.00390 0.00223 0.00001 ( 1)
 105 A   0.00512 0.99233 0.00001 0.00254 ( 2)
 106 P   0.00228 0.99465 0.00001 0.00306 ( 2)
 107 E   0.00095 0.99509 0.00000 0.00395 ( 2)
 108 N   0.99737 0.00026 0.00237 0.00000 ( 1)
 109 R   0.86504 0.13194 0.00247 0.00055 ( 1)
 110 P   0.96523 0.03307 0.00164 0.00007 ( 1)
 111 A   0.99754 0.00067 0.00179 0.00000 ( 1)
 112 F   0.85447 0.14297 0.00213 0.00043 ( 1)
 113 L   0.85874 0.13324 0.00688 0.00114 ( 1)
 114 N   0.95407 0.04476 0.00110 0.00007 ( 1)
 115 L   0.92631 0.06570 0.00742 0.00056 ( 1)
 116 Y   0.99573 0.00210 0.00216 0.00001 ( 1)
 117 A   0.99757 0.00064 0.00179 0.00000 ( 1)
 118 Q   0.99659 0.00183 0.00158 0.00000 ( 1)
 119 T   0.99638 0.00139 0.00223 0.00000 ( 1)
 120 A   0.98817 0.01003 0.00177 0.00002 ( 1)
 121 N   0.99737 0.00026 0.00237 0.00000 ( 1)
 122 I   0.98019 0.01707 0.00268 0.00006 ( 1)
 123 D   0.99793 0.00029 0.00178 0.00000 ( 1)
 124 L   0.97130 0.02627 0.00236 0.00008 ( 1)
 125 I   0.99621 0.00093 0.00285 0.00000 ( 1)
 126 L   0.99334 0.00423 0.00241 0.00001 ( 1)
 127 Y   0.93160 0.06495 0.00320 0.00025 ( 1)
 128 Q   0.99659 0.00183 0.00158 0.00000 ( 1)
 129 R   0.99842 0.00027 0.00132 0.00000 ( 1)
 130 G   0.93090 0.06397 0.00473 0.00040 ( 1)
 131 S   0.12598 0.86879 0.00058 0.00465 ( 2)
 132 V   0.09101 0.90500 0.00026 0.00373 ( 2)
 133 Y   0.97384 0.02398 0.00211 0.00007 ( 1)
 134 G   0.96157 0.01617 0.02180 0.00046 ( 1)
 135 D   0.99793 0.00029 0.00178 0.00000 ( 1)
 136 K   0.47043 0.52701 0.00100 0.00157 ( 2)
 137 W   0.88364 0.10667 0.00859 0.00110 ( 1)
 138 V   0.01473 0.98282 0.00003 0.00242 ( 2)
 139 A   0.01278 0.98477 0.00004 0.00241 ( 2)
 140 D   0.74543 0.24709 0.00550 0.00197 ( 1)
 141 I   0.93517 0.06295 0.00173 0.00015 ( 1)
 142 N   0.68220 0.30346 0.00981 0.00453 ( 1)
 143 N   0.02302 0.97358 0.00005 0.00335 ( 2)
 144 R   0.41289 0.55688 0.01287 0.01736 ( 2)
 145 S   0.29557 0.70256 0.00047 0.00140 ( 2)
 146 T   0.13466 0.85551 0.00127 0.00856 ( 2)
 147 S   0.76676 0.23010 0.00220 0.00094 ( 1)
 148 P   0.96348 0.03482 0.00164 0.00007 ( 1)
 149 F   0.98542 0.01286 0.00169 0.00003 ( 1)
 150 -   0.00050 0.99540 0.00000 0.00410 ( 2)
 151 S   0.55000 0.44334 0.00354 0.00312 ( 1)
 152 S   0.98983 0.00761 0.00254 0.00002 ( 1)
 153 K   0.05054 0.89321 0.01895 0.03730 ( 2)
 154 D   0.20570 0.79151 0.00044 0.00235 ( 2)
 155 Y   0.97241 0.02541 0.00211 0.00007 ( 1)
 156 Y   0.99573 0.00210 0.00216 0.00001 ( 1)
 157 Q   0.00000 0.63811 0.00000 0.36189 ( 2)
 158 S   0.59887 0.39836 0.00154 0.00123 ( 1)
 159 L   0.99334 0.00423 0.00241 0.00001 ( 1)
 160 K   0.05382 0.88943 0.02048 0.03628 ( 2)
 161 G   0.00001 0.99693 0.00000 0.00306 ( 2)
 162 K   0.99680 0.00036 0.00284 0.00000 ( 1)
 163 I   0.99672 0.00043 0.00286 0.00000 ( 1)
 164 K   0.23292 0.71671 0.03309 0.01727 ( 2)
 165 D   0.00016 0.95860 0.00007 0.04117 ( 2)
 166 Y   0.99573 0.00210 0.00216 0.00001 ( 1)
 167 T   0.99659 0.00117 0.00223 0.00000 ( 1)
 168 N   0.99737 0.00026 0.00237 0.00000 ( 1)
 169 Y   0.98289 0.01532 0.00175 0.00004 ( 1)
 170 C   0.64611 0.35084 0.00177 0.00128 ( 1)
 171 A   0.99757 0.00064 0.00179 0.00000 ( 1)
 172 E   0.92956 0.06614 0.00350 0.00081 ( 1)
 173 T   0.99723 0.00047 0.00230 0.00000 ( 1)
 174 Y   0.99573 0.00210 0.00216 0.00001 ( 1)
 175 R   0.99842 0.00027 0.00132 0.00000 ( 1)
 176 N   0.99393 0.00416 0.00190 0.00001 ( 1)
 177 S   0.99113 0.00759 0.00127 0.00001 ( 1)
 178 L   0.99334 0.00423 0.00241 0.00001 ( 1)
 179 T   0.85918 0.13830 0.00204 0.00048 ( 1)
 180 I   0.99010 0.00703 0.00284 0.00003 ( 1)
 181 L   0.52884 0.46550 0.00286 0.00280 ( 1)
 182 K   0.99680 0.00036 0.00284 0.00000 ( 1)
 183 N   0.99586 0.00176 0.00237 0.00001 ( 1)
 184 K   0.44998 0.36184 0.17221 0.01597 ( 1)
 185 P   0.05488 0.94333 0.00008 0.00171 ( 2)
 186 H   0.02887 0.94379 0.00272 0.02462 ( 2)
 187 I   0.96167 0.03293 0.00520 0.00020 ( 1)
 188 Q   0.23403 0.76302 0.00060 0.00235 ( 2)
 189 W   0.88364 0.10667 0.00859 0.00110 ( 1)
 190 D   0.49653 0.50133 0.00089 0.00125 ( 2)
 191 I   0.00089 0.96921 0.00013 0.02977 ( 2)
 192 Y   0.93969 0.05686 0.00323 0.00022 ( 1)
 193 N   0.99737 0.00026 0.00237 0.00000 ( 1)
 194 R   0.00001 0.82857 0.00001 0.17141 ( 2)
 195 Y   0.99573 0.00210 0.00216 0.00001 ( 1)
 196 R   0.98853 0.00960 0.00185 0.00002 ( 1)
 197 R   0.99842 0.00027 0.00132 0.00000 ( 1)
 198 E   0.26650 0.73014 0.00081 0.00254 ( 2)
 199 A   0.02967 0.96928 0.00002 0.00103 ( 2)
 200 I   0.61424 0.12217 0.25793 0.00567 ( 1)
 201 L   0.99154 0.00642 0.00202 0.00002 ( 1)
 202 G   0.95011 0.04709 0.00265 0.00015 ( 1)
 203 A   0.99757 0.00064 0.00179 0.00000 ( 1)
 204 L   0.99334 0.00423 0.00241 0.00001 ( 1)
 205 D   0.99793 0.00029 0.00178 0.00000 ( 1)
 206 L   0.99334 0.00423 0.00241 0.00001 ( 1)
 207 V   0.97781 0.01995 0.00218 0.00006 ( 1)
 208 A   0.99364 0.00071 0.00564 0.00000 ( 1)
 209 L   0.99212 0.00545 0.00241 0.00002 ( 1)
 210 F   0.97730 0.01927 0.00335 0.00007 ( 1)
 211 P   0.96715 0.03138 0.00141 0.00006 ( 1)
 212 N   0.99737 0.00026 0.00237 0.00000 ( 1)


lnL = -3205.391461

