Supplemental results for CODEML (seqf: algn  treef: tree)


dN/dS (w) for site classes (K=4)

site class             0        1       2a       2b
proportion       0.08879  0.05648  0.52242  0.33231
background w     0.13106  0.96622  0.13106  0.96622
foreground w     0.13106  0.96622  5.11703  5.11703

Naive Empirical Bayes (NEB) probabilities for 4 classes
(amino acids refer to 1st sequence: BT_Cry4Ba1)

   1 -   0.08879 0.05648 0.52242 0.33231 ( 3)
   2 Y   0.03516 0.11011 0.20687 0.64786 ( 4)
   3 T   0.13201 0.01326 0.77671 0.07802 ( 3)
   4 D   0.13591 0.00936 0.79965 0.05509 ( 3)
   5 A   0.01227 0.13300 0.07219 0.78254 ( 4)
   6 I   0.13506 0.01021 0.79463 0.06010 ( 3)
   7 T   0.13746 0.00781 0.80881 0.04593 ( 3)
   8 Q   0.14441 0.00086 0.84968 0.00505 ( 3)
   9 V   0.13424 0.01103 0.78982 0.06491 ( 3)
  10 P   0.14339 0.00188 0.84367 0.01106 ( 3)
  11 A   0.12728 0.01799 0.74887 0.10586 ( 3)
  12 V   0.13275 0.01252 0.78104 0.07369 ( 3)
  13 K   0.14446 0.00081 0.84995 0.00478 ( 3)
  14 S   0.13852 0.00674 0.81505 0.03968 ( 3)
  15 N   0.09749 0.04778 0.57360 0.28113 ( 3)
  16 F   0.01913 0.12614 0.11254 0.74219 ( 4)
  17 L   0.10000 0.04527 0.58838 0.26635 ( 3)
  18 N   0.14401 0.00126 0.84734 0.00739 ( 3)
  19 A   0.01509 0.13018 0.08877 0.76596 ( 4)
  20 T   0.01187 0.13340 0.06985 0.78488 ( 4)
  21 A   0.13941 0.00586 0.82028 0.03445 ( 3)
  22 K   0.02344 0.12182 0.13794 0.71679 ( 4)
  23 V   0.09599 0.04928 0.56479 0.28994 ( 3)
  24 I   0.13509 0.01018 0.79482 0.05991 ( 3)
  25 K   0.09206 0.05320 0.54169 0.31304 ( 3)
  26 G   0.11595 0.02932 0.68220 0.17253 ( 3)
  27 P   0.09527 0.05000 0.56054 0.29419 ( 3)
  28 G   0.14460 0.00067 0.85077 0.00396 ( 3)
  29 -   0.08879 0.05648 0.52242 0.33231 ( 3)
  30 H   0.14337 0.00190 0.84354 0.01119 ( 3)
  31 T   0.13942 0.00585 0.82029 0.03444 ( 3)
  32 G   0.14334 0.00193 0.84338 0.01135 ( 3)
  33 G   0.14334 0.00193 0.84338 0.01135 ( 3)
  34 D   0.13371 0.01155 0.78675 0.06798 ( 3)
  35 L   0.13252 0.01274 0.77974 0.07499 ( 3)
  36 V   0.14147 0.00380 0.83239 0.02234 ( 3)
  37 A   0.12668 0.01859 0.74533 0.10940 ( 3)
  38 L   0.11539 0.02988 0.67890 0.17583 ( 3)
  39 T   0.10535 0.03992 0.61986 0.23487 ( 3)
  40 S   0.10484 0.04043 0.61687 0.23786 ( 3)
  41 N   0.11611 0.02916 0.68317 0.17156 ( 3)
  42 G   0.09769 0.04758 0.57476 0.27997 ( 3)
  43 T   0.02379 0.12148 0.13995 0.71478 ( 4)
  44 L   0.13786 0.00741 0.81114 0.04359 ( 3)
  45 S   0.00107 0.14420 0.00630 0.84843 ( 4)
  46 -   0.08879 0.05648 0.52242 0.33231 ( 3)
  47 G   0.11205 0.03322 0.65929 0.19544 ( 3)
  48 R   0.13988 0.00539 0.82300 0.03173 ( 3)
  49 M   0.13991 0.00535 0.82322 0.03151 ( 3)
  50 E   0.05144 0.09383 0.30267 0.55206 ( 4)
  51 I   0.13645 0.00882 0.80283 0.05190 ( 3)
  52 Q   0.00470 0.14057 0.02763 0.82710 ( 4)
  53 C   0.10377 0.04150 0.61058 0.24415 ( 3)
  54 K   0.09409 0.05118 0.55358 0.30115 ( 3)
  55 T   0.13451 0.01076 0.79145 0.06328 ( 3)
  56 S   0.14304 0.00223 0.84161 0.01312 ( 3)
  57 I   0.11241 0.03286 0.66138 0.19336 ( 3)
  58 F   0.14070 0.00457 0.82782 0.02691 ( 3)
  59 N   0.12068 0.02458 0.71008 0.14465 ( 3)
  60 D   0.13223 0.01304 0.77802 0.07672 ( 3)
  61 P   0.09906 0.04621 0.58285 0.27188 ( 3)
  62 T   0.00573 0.13954 0.03373 0.82100 ( 4)
  63 R   0.11580 0.02947 0.68135 0.17338 ( 3)
  64 S   0.09703 0.04824 0.57091 0.28382 ( 3)
  65 Y   0.14350 0.00177 0.84430 0.01044 ( 3)
  66 G   0.13692 0.00835 0.80563 0.04910 ( 3)
  67 L   0.07946 0.06581 0.46751 0.38722 ( 3)
  68 R   0.12685 0.01842 0.74634 0.10839 ( 3)
  69 I   0.14390 0.00137 0.84666 0.00807 ( 3)
  70 R   0.13890 0.00637 0.81727 0.03746 ( 3)
  71 Y   0.13103 0.01424 0.77093 0.08380 ( 3)
  72 A   0.14447 0.00080 0.85002 0.00472 ( 3)
  73 A   0.14041 0.00486 0.82612 0.02861 ( 3)
  74 N   0.14410 0.00117 0.84787 0.00686 ( 3)
  75 S   0.13189 0.01338 0.77599 0.07874 ( 3)
  76 P   0.00212 0.14315 0.01245 0.84228 ( 4)
  77 I   0.01351 0.13176 0.07948 0.77526 ( 4)
  78 V   0.00433 0.14094 0.02547 0.82926 ( 4)
  79 L   0.00071 0.14456 0.00417 0.85057 ( 4)
  80 N   0.00711 0.13816 0.04183 0.81290 ( 4)
  81 V   0.04264 0.10263 0.25088 0.60385 ( 4)
  82 S   0.00612 0.13915 0.03602 0.81871 ( 4)
  83 Y   0.10438 0.04089 0.61413 0.24060 ( 3)
  84 V   0.00214 0.14313 0.01257 0.84216 ( 4)
  85 -   0.13184 0.01343 0.77570 0.07903 ( 3)
  86 L   0.00684 0.13843 0.04026 0.81447 ( 4)
  87 Q   0.00012 0.14515 0.00068 0.85405 ( 4)
  88 G   0.03375 0.11152 0.19857 0.65616 ( 4)
  89 V   0.00064 0.14462 0.00379 0.85094 ( 4)
  90 S   0.00082 0.14445 0.00481 0.84992 ( 4)
  91 R   0.06174 0.08353 0.36326 0.49147 ( 4)
  92 G   0.00099 0.14428 0.00585 0.84889 ( 4)
  93 T   0.04342 0.10185 0.25544 0.59929 ( 4)
  94 T   0.00025 0.14502 0.00147 0.85326 ( 4)
  95 I   0.00044 0.14483 0.00261 0.85212 ( 4)
  96 S   0.00095 0.14432 0.00557 0.84916 ( 4)
  97 T   0.01036 0.13491 0.06094 0.79379 ( 4)
  98 -   0.08879 0.05648 0.52242 0.33231 ( 3)
  99 -   0.08879 0.05648 0.52242 0.33231 ( 3)
 100 -   0.08879 0.05648 0.52242 0.33231 ( 3)
 101 -   0.08879 0.05648 0.52242 0.33231 ( 3)
 102 -   0.02995 0.11532 0.17619 0.67854 ( 4)
 103 E   0.00615 0.13912 0.03621 0.81852 ( 4)
 104 S   0.00156 0.14371 0.00915 0.84558 ( 4)
 105 T   0.00012 0.14515 0.00070 0.85403 ( 4)
 106 F   0.05462 0.09065 0.32139 0.53334 ( 4)
 107 S   0.11579 0.02948 0.68129 0.17344 ( 3)
 108 R   0.01600 0.12927 0.09415 0.76058 ( 4)
 109 P   0.13784 0.00743 0.81101 0.04372 ( 3)
 110 N   0.01277 0.13250 0.07514 0.77959 ( 4)
 111 N   0.14272 0.00255 0.83970 0.01503 ( 3)
 112 I   0.11915 0.02611 0.70108 0.15365 ( 3)
 113 I   0.14245 0.00282 0.83812 0.01661 ( 3)
 114 P   0.09050 0.05477 0.53248 0.32225 ( 3)
 115 T   0.13436 0.01091 0.79055 0.06418 ( 3)
 116 D   0.13437 0.01090 0.79058 0.06415 ( 3)
 117 L   0.14314 0.00213 0.84219 0.01254 ( 3)
 118 K   0.13933 0.00594 0.81977 0.03496 ( 3)
 119 Y   0.14454 0.00073 0.85043 0.00430 ( 3)
 120 E   0.05225 0.09302 0.30743 0.54730 ( 4)
 121 E   0.00584 0.13943 0.03435 0.82038 ( 4)
 122 F   0.14477 0.00050 0.85177 0.00297 ( 3)
 123 R   0.00206 0.14321 0.01210 0.84263 ( 4)
 124 Y   0.14066 0.00461 0.82761 0.02712 ( 3)
 125 K   0.02615 0.11912 0.15384 0.70089 ( 4)
 126 D   0.13873 0.00654 0.81626 0.03847 ( 3)
 127 P   0.09364 0.05163 0.55094 0.30379 ( 3)
 128 F   0.00955 0.13572 0.05619 0.79854 ( 4)
 129 D   0.13371 0.01155 0.78675 0.06798 ( 3)
 130 A   0.05335 0.09192 0.31390 0.54083 ( 4)
 131 I   0.14157 0.00370 0.83294 0.02179 ( 3)
 132 V   0.11360 0.03167 0.66837 0.18636 ( 3)
 133 P   0.07043 0.07484 0.41437 0.44036 ( 4)
 134 M   0.12654 0.01873 0.74455 0.11018 ( 3)
 135 R   0.11827 0.02700 0.69585 0.15888 ( 3)
 136 L   0.08491 0.06036 0.49958 0.35515 ( 3)
 137 S   0.10298 0.04229 0.60592 0.24881 ( 3)
 138 S   0.13247 0.01280 0.77944 0.07529 ( 3)
 139 N   0.10998 0.03529 0.64711 0.20762 ( 3)
 140 Q   0.04103 0.10424 0.24141 0.61332 ( 4)
 141 L   0.05162 0.09365 0.30370 0.55103 ( 4)
 142 I   0.10942 0.03585 0.64379 0.21094 ( 3)
 143 T   0.14374 0.00153 0.84575 0.00898 ( 3)
 144 I   0.12088 0.02439 0.71122 0.14351 ( 3)
 145 A   0.09792 0.04735 0.57616 0.27857 ( 3)
 146 I   0.14387 0.00140 0.84647 0.00826 ( 3)
 147 Q   0.00230 0.14296 0.01356 0.84117 ( 4)
 148 P   0.05411 0.09116 0.31837 0.53636 ( 4)
 149 L   0.04710 0.09817 0.27711 0.57762 ( 4)
 150 N   0.14054 0.00473 0.82689 0.02784 ( 3)
 151 M   0.01107 0.13420 0.06514 0.78959 ( 4)
 152 T   0.00107 0.14420 0.00627 0.84846 ( 4)
 153 S   0.02162 0.12364 0.12723 0.72750 ( 4)
 154 N   0.02362 0.12165 0.13900 0.71573 ( 4)
 155 N   0.01707 0.12819 0.10046 0.75427 ( 4)
 156 Q   0.00318 0.14209 0.01868 0.83605 ( 4)
 157 V   0.08759 0.05768 0.51534 0.33939 ( 3)
 158 I   0.13325 0.01202 0.78402 0.07071 ( 3)
 159 I   0.14385 0.00142 0.84638 0.00835 ( 3)
 160 D   0.14388 0.00139 0.84655 0.00818 ( 3)
 161 R   0.14469 0.00058 0.85131 0.00342 ( 3)
 162 I   0.09378 0.05149 0.55177 0.30296 ( 3)
 163 E   0.14467 0.00060 0.85120 0.00353 ( 3)
 164 I   0.14143 0.00384 0.83212 0.02261 ( 3)
 165 I   0.14385 0.00142 0.84638 0.00835 ( 3)
 166 -   0.13530 0.00997 0.79608 0.05865 ( 3)


lnL = -2190.122951

