Supplemental results for CODEML (seqf: algn  treef: tree)


dN/dS (w) for site classes (K=4)

site class             0        1       2a       2b
proportion       0.11885  0.20678  0.24613  0.42824
background w     0.07529  0.78874  0.07529  0.78874
foreground w     0.07529  0.78874  0.00000  0.00000

Naive Empirical Bayes (NEB) probabilities for 4 classes
(amino acids refer to 1st sequence: BT_Cry7Ba1)

   1 -   0.11540 0.15983 0.25187 0.47290 ( 4)
   2 -   0.26708 0.03225 0.58985 0.11081 ( 3)
   3 T   0.00280 0.47658 0.00344 0.51718 ( 4)
   4 V   0.03979 0.24468 0.08419 0.63134 ( 4)
   5 E   0.30787 0.00234 0.68116 0.00863 ( 3)
   6 L   0.17931 0.21512 0.33423 0.27133 ( 3)
   7 T   0.30058 0.00804 0.66301 0.02837 ( 3)
   8 R   0.30937 0.00208 0.68088 0.00767 ( 3)
   9 T   0.06096 0.42480 0.00461 0.50963 ( 4)
  10 I   0.27900 0.02378 0.61307 0.08415 ( 3)
  11 Y   0.30652 0.01256 0.64946 0.03146 ( 3)
  12 T   0.30432 0.00520 0.67220 0.01828 ( 3)
  13 D   0.30691 0.00140 0.68610 0.00559 ( 3)
  14 P   0.30967 0.00348 0.67495 0.01190 ( 3)
  15 L   0.07259 0.19873 0.14205 0.58663 ( 4)
  16 G   0.10675 0.55395 0.00193 0.33738 ( 2)
  17 Y   0.22875 0.06038 0.50086 0.21001 ( 3)
  18 T   0.00797 0.25156 0.01711 0.72336 ( 4)
  19 G   0.00021 0.40623 0.00039 0.59317 ( 4)
  20 Y   0.00008 0.40512 0.00003 0.59477 ( 4)
  21 S   0.00422 0.27690 0.00896 0.70992 ( 4)
  22 N   0.04075 0.24255 0.08662 0.63008 ( 4)
  23 D   0.12406 0.17114 0.26299 0.44182 ( 4)
  24 E   0.03029 0.36556 0.03804 0.56612 ( 4)
  25 -   0.11893 0.20586 0.24644 0.42878 ( 4)
  26 H   0.01386 0.24056 0.03010 0.71549 ( 4)
  27 P   0.01557 0.33548 0.01364 0.63531 ( 4)
  28 T   0.00988 0.24630 0.02147 0.72234 ( 4)
  29 Y   0.04043 0.24954 0.08527 0.62476 ( 4)
  30 Y   0.00090 0.27770 0.00191 0.71949 ( 4)
  31 S   0.00003 0.34258 0.00006 0.65734 ( 4)
  32 S   0.00100 0.38714 0.00091 0.61095 ( 4)
  33 A   0.18186 0.45747 0.04178 0.31888 ( 2)
  34 K   0.11216 0.14592 0.24447 0.49745 ( 4)
  35 P   0.22657 0.06509 0.49356 0.21477 ( 3)
  36 F   0.30720 0.01086 0.65268 0.02926 ( 3)
  37 S   0.30444 0.00935 0.65757 0.02864 ( 3)
  38 S   0.00005 0.47838 0.00000 0.52157 ( 4)
  39 I   0.14662 0.13087 0.32454 0.39797 ( 4)
  40 E   0.30619 0.00416 0.67485 0.01481 ( 3)
  41 S   0.00143 0.51119 0.00072 0.48666 ( 2)
  42 R   0.13677 0.18886 0.28324 0.39113 ( 4)
  43 A   0.00233 0.26534 0.00498 0.72735 ( 4)
  44 V   0.09968 0.16403 0.21536 0.52094 ( 4)
  45 L   0.02600 0.25548 0.05508 0.66344 ( 4)
  46 A   0.00257 0.28077 0.00542 0.71124 ( 4)
  47 P   0.30592 0.00622 0.66666 0.02119 ( 3)
  48 S   0.00080 0.30716 0.00169 0.69035 ( 4)
  49 L   0.30041 0.01280 0.64776 0.03904 ( 3)
  50 F   0.30828 0.00232 0.68058 0.00881 ( 3)
  51 K   0.00173 0.29333 0.00294 0.70200 ( 4)
  52 W   0.27974 0.03717 0.59002 0.09307 ( 3)
  53 I   0.19815 0.09238 0.42744 0.28203 ( 3)
  54 T   0.02079 0.23544 0.04512 0.69865 ( 4)
  55 Q   0.00008 0.34553 0.00009 0.65431 ( 4)
  56 L   0.19357 0.10460 0.41514 0.28670 ( 3)
  57 E   0.00008 0.52279 0.00002 0.47711 ( 2)
  58 V   0.27005 0.02885 0.59853 0.10257 ( 3)
  59 Y   0.09878 0.14608 0.21773 0.53742 ( 4)
  60 T   0.14804 0.15202 0.31293 0.38700 ( 4)
  61 K   0.23004 0.05772 0.50986 0.20238 ( 3)
  62 K   0.00002 0.30077 0.00004 0.69918 ( 4)
  63 Y   0.00804 0.22192 0.01773 0.75231 ( 4)
  64 S   0.00151 0.28614 0.00318 0.70917 ( 4)
  65 Y   0.00249 0.33985 0.00343 0.65423 ( 4)
  66 S   0.00416 0.24196 0.00898 0.74490 ( 4)
  67 S   0.00025 0.22729 0.00056 0.77190 ( 4)
  68 Q   0.00006 0.24535 0.00013 0.75446 ( 4)
  69 Y   0.24649 0.04745 0.53985 0.16621 ( 3)
  70 T   0.28097 0.02100 0.62343 0.07459 ( 3)
  71 T   0.26539 0.02821 0.59666 0.10974 ( 3)
  72 L   0.00034 0.21952 0.00075 0.77939 ( 4)
  73 W   0.27974 0.03717 0.59002 0.09307 ( 3)
  74 T   0.17606 0.12591 0.37275 0.32529 ( 3)
  75 G   0.31135 0.00724 0.66228 0.01912 ( 3)
  76 L   0.23607 0.05105 0.52040 0.19248 ( 3)
  77 R   0.00018 0.33187 0.00034 0.66762 ( 4)
  78 V   0.07135 0.17616 0.15762 0.59487 ( 4)
  79 I   0.00062 0.30970 0.00121 0.68846 ( 4)
  80 A   0.00002 0.44097 0.00003 0.55899 ( 4)
  81 Q   0.00512 0.21703 0.01125 0.76660 ( 4)
  82 P   0.00001 0.99999 0.00000 0.00000 ( 2)
  83 T   0.30451 0.00516 0.67252 0.01781 ( 3)
  84 K   0.00012 0.59980 0.00004 0.40003 ( 2)
  85 D   0.00164 0.48904 0.00026 0.50906 ( 4)
  86 F   0.01074 0.25602 0.02193 0.71131 ( 4)
  87 T   0.00000 0.63146 0.00000 0.36854 ( 2)
  88 -   0.05321 0.28749 0.07193 0.58736 ( 4)
  89 D   0.00013 0.49659 0.00008 0.50321 ( 4)
  90 T   0.05896 0.28611 0.07641 0.57852 ( 4)
  91 V   0.01359 0.66382 0.00026 0.32233 ( 2)
  92 Y   0.00718 0.28589 0.01519 0.69173 ( 4)
  93 D   0.00286 0.28408 0.00605 0.70701 ( 4)
  94 Y   0.28188 0.02028 0.62136 0.07648 ( 3)
  95 G   0.30982 0.00385 0.67348 0.01285 ( 3)
  96 S   0.02135 0.25794 0.01670 0.70401 ( 4)
  97 S   0.06750 0.18763 0.14887 0.59600 ( 4)
  98 S   0.00010 0.37646 0.00002 0.62342 ( 4)
  99 G   0.05396 0.17264 0.12092 0.65249 ( 4)
 100 S   0.03320 0.22079 0.07156 0.67444 ( 4)
 101 E   0.02453 0.25057 0.04794 0.67696 ( 4)
 102 N   0.00046 0.28140 0.00099 0.71714 ( 4)
 103 K   0.01882 0.62557 0.00146 0.35415 ( 2)
 104 D   0.16326 0.09977 0.36044 0.37652 ( 4)
 105 V   0.03554 0.20890 0.07801 0.67755 ( 4)
 106 F   0.25197 0.04275 0.55371 0.15157 ( 3)
 107 D   0.27730 0.02084 0.61987 0.08199 ( 3)
 108 L   0.00619 0.28807 0.01309 0.69265 ( 4)
 109 Y   0.00035 0.34952 0.00023 0.64990 ( 4)
 110 G   0.00061 0.23153 0.00134 0.76652 ( 4)
 111 -   0.00546 0.49119 0.00413 0.49923 ( 4)
 112 N   0.00518 0.26520 0.01125 0.71837 ( 4)
 113 D   0.27169 0.03076 0.60164 0.09591 ( 3)
 114 V   0.28089 0.02140 0.62268 0.07503 ( 3)
 115 Y   0.30869 0.00332 0.67648 0.01152 ( 3)
 116 D   0.11091 0.15254 0.24037 0.49618 ( 4)
 117 T   0.04938 0.22412 0.10579 0.62071 ( 4)
 118 Q   0.03915 0.20217 0.08592 0.67276 ( 4)
 119 S   0.01215 0.21791 0.02674 0.74320 ( 4)
 120 V   0.04060 0.25099 0.08577 0.62264 ( 4)
 121 V   0.00985 0.22094 0.02146 0.74775 ( 4)
 122 S   0.00116 0.21096 0.00256 0.78532 ( 4)
 123 S   0.24443 0.04792 0.53807 0.16957 ( 3)
 124 -   0.13474 0.19089 0.27904 0.39533 ( 4)
 125 -   0.12632 0.19931 0.26160 0.41277 ( 4)
 126 -   0.13369 0.19194 0.27688 0.39749 ( 4)
 127 -   0.13085 0.19478 0.27098 0.40339 ( 4)
 128 -   0.13164 0.19399 0.27263 0.40174 ( 4)
 129 Y   0.00094 0.23427 0.00204 0.76275 ( 4)
 130 K   0.00001 0.40882 0.00001 0.59117 ( 4)
 131 P   0.00005 0.43921 0.00004 0.56070 ( 4)
 132 T   0.02107 0.44649 0.00157 0.53087 ( 4)
 133 G   0.00010 0.23450 0.00022 0.76517 ( 4)
 134 G   0.00109 0.27243 0.00232 0.72415 ( 4)
 135 G   0.00162 0.25784 0.00349 0.73705 ( 4)
 136 H   0.01650 0.23895 0.03553 0.70902 ( 4)
 137 F   0.25927 0.04826 0.55765 0.13481 ( 3)
 138 G   0.30744 0.00478 0.67126 0.01652 ( 3)
 139 V   0.30881 0.01015 0.65503 0.02601 ( 3)
 140 P   0.30932 0.00374 0.67418 0.01276 ( 3)
 141 Q   0.26819 0.02905 0.59656 0.10621 ( 3)
 142 F   0.09285 0.16431 0.20280 0.54005 ( 4)
 143 R   0.00233 0.48526 0.00013 0.51229 ( 4)
 144 L   0.26183 0.03408 0.57736 0.12673 ( 3)
 145 F   0.00194 0.32761 0.00407 0.66638 ( 4)
 146 W   0.00294 0.26457 0.00571 0.72678 ( 4)
 147 I   0.09780 0.35818 0.00844 0.53558 ( 4)
 148 T   0.00848 0.27708 0.01811 0.69632 ( 4)
 149 K   0.02819 0.33500 0.02866 0.60815 ( 4)
 150 -   0.18026 0.09870 0.39356 0.32748 ( 3)
 151 -   0.00426 0.43378 0.00468 0.55728 ( 4)
 152 -   0.17878 0.10275 0.39088 0.32758 ( 3)
 153 S   0.08384 0.19145 0.18317 0.54155 ( 4)
 154 N   0.00051 0.39146 0.00094 0.60709 ( 4)
 155 G   0.00021 0.34270 0.00014 0.65696 ( 4)
 156 L   0.05581 0.18719 0.12214 0.63487 ( 4)
 157 R   0.00066 0.27964 0.00140 0.71830 ( 4)
 158 E   0.00160 0.30323 0.00290 0.69227 ( 4)
 159 Q   0.00132 0.29445 0.00277 0.70146 ( 4)
 160 I   0.26596 0.03980 0.58106 0.11318 ( 3)
 161 F   0.24935 0.04455 0.54876 0.15734 ( 3)
 162 N   0.09928 0.15466 0.21724 0.52882 ( 4)
 163 Y   0.00642 0.99358 0.00000 0.00000 ( 2)
 164 A   0.02841 0.20940 0.06198 0.70021 ( 4)
 165 N   0.17412 0.12465 0.36992 0.33130 ( 3)
 166 N   0.06174 0.19561 0.13344 0.60922 ( 4)
 167 M   0.03504 0.24701 0.07436 0.64359 ( 4)
 168 G   0.05504 0.47000 0.00374 0.47123 ( 4)
 169 -   0.12165 0.20398 0.25193 0.42244 ( 4)
 170 S   0.19798 0.10880 0.42000 0.27322 ( 3)
 171 Y   0.01161 0.22068 0.02551 0.74220 ( 4)
 172 S   0.30903 0.00097 0.68613 0.00388 ( 3)
 173 A   0.00022 0.23410 0.00049 0.76518 ( 4)
 174 Y   0.00064 0.37021 0.00128 0.62786 ( 4)
 175 R   0.07851 0.25366 0.13441 0.53342 ( 4)
 176 F   0.01416 0.45731 0.00210 0.52643 ( 4)
 177 S   0.03577 0.21974 0.07720 0.66729 ( 4)
 178 K   0.01592 0.25707 0.03202 0.69499 ( 4)
 179 D   0.00065 0.51792 0.00008 0.48136 ( 2)
 180 E   0.30787 0.00234 0.68116 0.00863 ( 3)
 181 L   0.30531 0.00882 0.65872 0.02715 ( 3)
 182 -   0.17819 0.10169 0.38830 0.33182 ( 3)
 183 P   0.30926 0.00381 0.67397 0.01297 ( 3)
 184 I   0.14749 0.16224 0.27636 0.41391 ( 4)
 185 E   0.13968 0.14737 0.29920 0.41375 ( 4)
 186 L   0.03810 0.21971 0.08214 0.66005 ( 4)
 187 L   0.03832 0.27730 0.07750 0.60688 ( 4)
 188 Q   0.03863 0.21794 0.08337 0.66006 ( 4)
 189 P   0.11107 0.12925 0.24828 0.51141 ( 4)
 190 P   0.06097 0.19361 0.13451 0.61092 ( 4)
 191 L   0.25811 0.04206 0.56149 0.13834 ( 3)
 192 -   0.11885 0.20678 0.24613 0.42824 ( 4)
 193 -   0.11885 0.20678 0.24613 0.42824 ( 4)
 194 -   0.11885 0.20678 0.24613 0.42824 ( 4)
 195 -   0.11885 0.20678 0.24613 0.42824 ( 4)
 196 -   0.11885 0.20678 0.24613 0.42824 ( 4)
 197 -   0.11885 0.20678 0.24613 0.42824 ( 4)
 198 -   0.11885 0.20678 0.24613 0.42824 ( 4)
 199 -   0.11885 0.20678 0.24613 0.42824 ( 4)
 200 F   0.03928 0.20675 0.08511 0.66886 ( 4)
 201 G   0.08025 0.16895 0.17492 0.57589 ( 4)
 202 D   0.13761 0.16188 0.29494 0.40557 ( 4)
 203 I   0.01392 0.23413 0.03000 0.72196 ( 4)
 204 E   0.22173 0.36534 0.04395 0.36898 ( 4)
 205 E   0.11008 0.14327 0.24307 0.50359 ( 4)
 206 Y   0.29539 0.01313 0.64627 0.04521 ( 3)
 207 S   0.04369 0.20277 0.09485 0.65869 ( 4)
 208 H   0.31309 0.00617 0.66440 0.01635 ( 3)
 209 R   0.30844 0.00271 0.67881 0.01004 ( 3)
 210 L   0.30423 0.00983 0.65613 0.02981 ( 3)
 211 S   0.02672 0.19926 0.05946 0.71455 ( 4)
 212 H   0.07395 0.18447 0.16106 0.58051 ( 4)
 213 V   0.27824 0.02386 0.61282 0.08507 ( 3)
 214 S   0.08713 0.20957 0.18434 0.51897 ( 4)
 215 -   0.31852 0.38562 0.01720 0.27866 ( 2)
 216 -   0.27464 0.02499 0.60889 0.09147 ( 3)
 217 E   0.01581 0.24245 0.03468 0.70706 ( 4)
 218 V   0.00420 0.44632 0.00275 0.54673 ( 4)
 219 I   0.01193 0.22773 0.02660 0.73374 ( 4)
 220 K   0.30613 0.00276 0.68100 0.01011 ( 3)
 221 D   0.02728 0.19810 0.06028 0.71434 ( 4)
 222 Y   0.25747 0.04134 0.56388 0.13731 ( 3)
 223 G   0.29979 0.01142 0.65109 0.03770 ( 3)
 224 E   0.01607 0.20822 0.03499 0.74072 ( 4)
 225 G   0.30815 0.01135 0.65150 0.02900 ( 3)
 226 I   0.05591 0.18464 0.12241 0.63703 ( 4)
 227 I   0.22055 0.06730 0.48837 0.22377 ( 3)
 228 P   0.30934 0.00373 0.67420 0.01273 ( 3)
 229 V   0.23879 0.06040 0.51518 0.18563 ( 3)
 230 L   0.29482 0.01900 0.63192 0.05426 ( 3)
 231 G   0.30548 0.00620 0.66688 0.02143 ( 3)
 232 W   0.27974 0.03717 0.59002 0.09307 ( 3)
 233 T   0.30832 0.00852 0.66018 0.02299 ( 3)
 234 H   0.31002 0.00137 0.68341 0.00520 ( 3)
 235 V   0.01622 0.28215 0.03403 0.66759 ( 4)
 236 S   0.30875 0.00115 0.68551 0.00460 ( 3)


lnL = -3141.861821

