Supplemental results for CODEML (seqf: algn  treef: tree)


dN/dS (w) for site classes (K=4)

site class             0        1       2a       2b
proportion       0.73516  0.16323  0.08315  0.01846
background w     0.03193  1.00000  0.03193  1.00000
foreground w     0.03193  1.00000  1.00000  1.00000

Naive Empirical Bayes (NEB) probabilities for 4 classes
(amino acids refer to 1st sequence: BT_Cry32Ma1)

   1 -   0.77196 0.12643 0.08731 0.01430 ( 1)
   2 -   0.73516 0.16322 0.08315 0.01846 ( 1)
   3 L   0.75083 0.15448 0.07722 0.01747 ( 1)
   4 G   0.91028 0.00169 0.08783 0.00019 ( 1)
   5 R   0.02285 0.87585 0.00223 0.09907 ( 2)
   6 A   0.86616 0.03695 0.09271 0.00418 ( 1)
   7 A   0.91009 0.00245 0.08718 0.00028 ( 1)
   8 G   0.89950 0.01231 0.08680 0.00139 ( 1)
   9 L   0.42694 0.47530 0.04400 0.05376 ( 2)
  10 I   0.77309 0.13933 0.07182 0.01576 ( 1)
  11 N   0.89615 0.01733 0.08457 0.00196 ( 1)
  12 I   0.03364 0.86527 0.00322 0.09787 ( 2)
  13 I   0.91116 0.00174 0.08690 0.00020 ( 1)
  14 F   0.89651 0.01523 0.08653 0.00172 ( 1)
  15 G   0.91079 0.00120 0.08788 0.00014 ( 1)
  16 F   0.82030 0.09031 0.07917 0.01022 ( 1)
  17 L   0.89360 0.00866 0.09677 0.00098 ( 1)
  18 W   0.90174 0.00061 0.09758 0.00007 ( 1)
  19 G   0.01731 0.88132 0.00169 0.09968 ( 2)
  20 T   0.09806 0.80186 0.00939 0.09070 ( 2)
  21 L   0.19449 0.70616 0.01947 0.07987 ( 2)
  22 A   0.45884 0.44664 0.04399 0.05052 ( 1)
  23 G   0.04054 0.85842 0.00394 0.09709 ( 2)
  24 -   0.79551 0.10288 0.08998 0.01164 ( 1)
  25 -   0.77470 0.12368 0.08763 0.01399 ( 1)
  26 Q   0.77249 0.13422 0.07811 0.01518 ( 1)
  27 S   0.04611 0.85246 0.00501 0.09642 ( 2)
  28 V   0.04248 0.85657 0.00407 0.09688 ( 2)
  29 W   0.90174 0.00061 0.09758 0.00007 ( 1)
  30 E   0.86718 0.04605 0.08156 0.00521 ( 1)
  31 K   0.00879 0.88910 0.00155 0.10057 ( 2)
  32 F   0.88994 0.02169 0.08591 0.00245 ( 1)
  33 M   0.91141 0.00029 0.08827 0.00003 ( 1)
  34 R   0.00529 0.88042 0.01471 0.09958 ( 2)
  35 A   0.81673 0.09482 0.07773 0.01073 ( 1)
  36 V   0.91088 0.00277 0.08603 0.00031 ( 1)
  37 E   0.90611 0.00257 0.09103 0.00029 ( 1)
  38 S   0.48024 0.42390 0.04792 0.04795 ( 1)
  39 L   0.90413 0.00530 0.08998 0.00060 ( 1)
  40 V   0.90209 0.01140 0.08522 0.00129 ( 1)
  41 N   0.70667 0.20466 0.06552 0.02315 ( 1)
  42 Q   0.90699 0.00116 0.09171 0.00013 ( 1)
  43 K   0.91274 0.00126 0.08586 0.00014 ( 1)
  44 I   0.91113 0.00177 0.08690 0.00020 ( 1)
  45 T   0.91113 0.00168 0.08699 0.00019 ( 1)
  46 D   0.91440 0.00144 0.08400 0.00016 ( 1)
  47 A   0.89795 0.01441 0.08602 0.00163 ( 1)
  48 V   0.89500 0.00732 0.09685 0.00083 ( 1)
  49 R   0.91002 0.00104 0.08883 0.00012 ( 1)
  50 V   0.00045 0.89775 0.00025 0.10154 ( 2)
  51 K   0.44679 0.45923 0.04204 0.05194 ( 2)
  52 A   0.89710 0.00519 0.09712 0.00059 ( 1)
  53 L   0.11118 0.74962 0.05441 0.08479 ( 2)
  54 S   0.84901 0.05422 0.09064 0.00613 ( 1)
  55 E   0.01824 0.88046 0.00171 0.09959 ( 2)
  56 L   0.90347 0.00396 0.09213 0.00045 ( 1)
  57 E   0.90410 0.01030 0.08444 0.00116 ( 1)
  58 G   0.90870 0.00301 0.08795 0.00034 ( 1)
  59 V   0.89956 0.01390 0.08496 0.00157 ( 1)
  60 Q   0.84357 0.06390 0.08530 0.00723 ( 1)
  61 N   0.01538 0.88325 0.00146 0.09990 ( 2)
  62 A   0.89565 0.01667 0.08580 0.00189 ( 1)
  63 L   0.90268 0.00474 0.09205 0.00054 ( 1)
  64 E   0.90591 0.00793 0.08527 0.00090 ( 1)
  65 L   0.84649 0.06035 0.08633 0.00683 ( 1)
  66 Y   0.90901 0.00111 0.08975 0.00013 ( 1)
  67 Q   0.90636 0.00178 0.09166 0.00020 ( 1)
  68 E   0.90308 0.00530 0.09103 0.00060 ( 1)
  69 A   0.89938 0.01397 0.08507 0.00158 ( 1)
  70 A   0.81397 0.08873 0.08726 0.01004 ( 1)
  71 D   0.43788 0.46886 0.04023 0.05303 ( 2)
  72 D   0.91312 0.00270 0.08388 0.00030 ( 1)
  73 W   0.90174 0.00061 0.09758 0.00007 ( 1)
  74 N   0.75508 0.15713 0.07001 0.01777 ( 1)
  75 E   0.08738 0.81248 0.00824 0.09190 ( 2)
  76 N   0.87862 0.03587 0.08145 0.00406 ( 1)
  77 P   0.87623 0.03316 0.08686 0.00375 ( 1)
  78 T   0.11934 0.41926 0.41398 0.04742 ( 2)
  79 D   0.91471 0.00113 0.08403 0.00013 ( 1)
  80 V   0.21700 0.08133 0.69248 0.00920 ( 3)
  81 S   0.00599 0.89247 0.00060 0.10095 ( 2)
  82 N   0.08088 0.81881 0.00770 0.09261 ( 2)
  83 K   0.90945 0.00449 0.08555 0.00051 ( 1)
  84 E   0.82056 0.08636 0.08332 0.00977 ( 1)
  85 R   0.56835 0.33557 0.05812 0.03796 ( 1)
  86 V   0.83326 0.07786 0.08008 0.00881 ( 1)
  87 R   0.85982 0.05053 0.08393 0.00572 ( 1)
  88 R   0.89497 0.01587 0.08736 0.00179 ( 1)
  89 Q   0.90185 0.00194 0.09600 0.00022 ( 1)
  90 F   0.90587 0.00601 0.08743 0.00068 ( 1)
  91 T   0.89860 0.01401 0.08581 0.00158 ( 1)
  92 S   0.89002 0.01944 0.08834 0.00220 ( 1)
  93 T   0.82211 0.08254 0.08601 0.00934 ( 1)
  94 N   0.90446 0.01051 0.08384 0.00119 ( 1)
  95 T   0.86589 0.04621 0.08267 0.00523 ( 1)
  96 T   0.01135 0.86034 0.03099 0.09731 ( 2)
  97 I   0.87728 0.02560 0.09423 0.00290 ( 1)
  98 E   0.88775 0.01987 0.09013 0.00225 ( 1)
  99 Y   0.70569 0.20180 0.06969 0.02283 ( 1)
 100 A   0.87006 0.04186 0.08335 0.00473 ( 1)
 101 M   0.90915 0.00252 0.08805 0.00029 ( 1)
 102 P   0.90860 0.00120 0.09006 0.00014 ( 1)
 103 S   0.90548 0.00261 0.09162 0.00030 ( 1)
 104 F   0.91128 0.00068 0.08795 0.00008 ( 1)
 105 R   0.67325 0.23005 0.07067 0.02602 ( 1)
 106 V   0.90260 0.00834 0.08812 0.00094 ( 1)
 107 P   0.00071 0.89769 0.00007 0.10154 ( 2)
 108 T   0.09900 0.80068 0.00976 0.09056 ( 2)
 109 F   0.81339 0.09711 0.07851 0.01098 ( 1)
 110 E   0.91209 0.00245 0.08518 0.00028 ( 1)
 111 V   0.91033 0.00331 0.08599 0.00037 ( 1)
 112 P   0.89953 0.00421 0.09579 0.00048 ( 1)
 113 L   0.89833 0.00559 0.09545 0.00063 ( 1)
 114 L   0.90350 0.00392 0.09213 0.00044 ( 1)
 115 T   0.88972 0.02182 0.08599 0.00247 ( 1)
 116 V   0.05849 0.84034 0.00612 0.09505 ( 2)
 117 Y   0.23387 0.60624 0.09132 0.06857 ( 2)
 118 A   0.90757 0.00495 0.08692 0.00056 ( 1)
 119 Q   0.90699 0.00116 0.09171 0.00013 ( 1)
 120 A   0.90147 0.00417 0.09389 0.00047 ( 1)
 121 A   0.91004 0.00251 0.08717 0.00028 ( 1)
 122 N   0.91347 0.00164 0.08470 0.00019 ( 1)
 123 L   0.89704 0.01031 0.09148 0.00117 ( 1)
 124 H   0.91126 0.00057 0.08811 0.00006 ( 1)
 125 L   0.90358 0.00384 0.09214 0.00043 ( 1)
 126 Q   0.65387 0.25135 0.06636 0.02843 ( 1)
 127 L   0.89889 0.00544 0.09505 0.00062 ( 1)
 128 L   0.90350 0.00392 0.09213 0.00044 ( 1)
 129 R   0.89793 0.00465 0.09689 0.00053 ( 1)
 130 D   0.91471 0.00113 0.08403 0.00013 ( 1)
 131 A   0.89358 0.00869 0.09674 0.00098 ( 1)
 132 V   0.85243 0.05931 0.08155 0.00671 ( 1)
 133 K   0.87298 0.03388 0.08931 0.00383 ( 1)
 134 F   0.91128 0.00068 0.08795 0.00008 ( 1)
 135 G   0.91079 0.00120 0.08788 0.00014 ( 1)
 136 N   0.01822 0.88030 0.00191 0.09957 ( 2)
 137 E   0.85486 0.05831 0.08023 0.00660 ( 1)
 138 W   0.90174 0.00061 0.09758 0.00007 ( 1)
 139 G   0.91017 0.00157 0.08808 0.00018 ( 1)
 140 M   0.48537 0.42001 0.04711 0.04751 ( 1)
 141 P   0.89075 0.01807 0.08913 0.00204 ( 1)
 142 S   0.90161 0.00799 0.08949 0.00090 ( 1)
 143 E   0.02333 0.87529 0.00237 0.09900 ( 2)
 144 E   0.91282 0.00175 0.08524 0.00020 ( 1)
 145 V   0.90593 0.00764 0.08557 0.00086 ( 1)
 146 E   0.65389 0.25130 0.06639 0.02842 ( 1)
 147 D   0.88486 0.03041 0.08128 0.00344 ( 1)
 148 M   0.00035 0.89749 0.00064 0.10151 ( 2)
 149 Y   0.90901 0.00111 0.08975 0.00013 ( 1)
 150 N   0.14054 0.47165 0.33447 0.05335 ( 2)
 151 R   0.90949 0.00156 0.08878 0.00018 ( 1)
 152 L   0.80583 0.10061 0.08218 0.01138 ( 1)
 153 T   0.01048 0.88807 0.00101 0.10045 ( 2)
 154 R   0.05372 0.84507 0.00563 0.09558 ( 2)
 155 R   0.90597 0.00124 0.09265 0.00014 ( 1)
 156 T   0.90221 0.00305 0.09439 0.00035 ( 1)
 157 A   0.91131 0.00224 0.08619 0.00025 ( 1)
 158 E   0.89661 0.01110 0.09103 0.00126 ( 1)
 159 Y   0.90906 0.00106 0.08976 0.00012 ( 1)
 160 T   0.90054 0.01211 0.08598 0.00137 ( 1)
 161 D   0.88232 0.03243 0.08158 0.00367 ( 1)
 162 H   0.75932 0.12830 0.09787 0.01451 ( 1)
 163 C   0.90834 0.00048 0.09112 0.00005 ( 1)
 164 V   0.17251 0.72860 0.01647 0.08241 ( 2)
 165 A   0.02146 0.82443 0.06086 0.09325 ( 2)
 166 T   0.29917 0.60044 0.03247 0.06792 ( 2)
 167 Y   0.90901 0.00111 0.08975 0.00013 ( 1)
 168 D   0.91308 0.00273 0.08388 0.00031 ( 1)
 169 K   0.90114 0.01266 0.08477 0.00143 ( 1)
 170 G   0.91045 0.00129 0.08811 0.00015 ( 1)
 171 L   0.90350 0.00392 0.09213 0.00044 ( 1)
 172 K   0.88377 0.02319 0.09041 0.00262 ( 1)
 173 E   0.01410 0.88403 0.00188 0.09999 ( 2)
 174 A   0.90050 0.01190 0.08626 0.00135 ( 1)
 175 Y   0.85375 0.05414 0.08599 0.00612 ( 1)
 176 D   0.43125 0.46619 0.04983 0.05273 ( 2)
 177 L   0.88139 0.02582 0.08988 0.00292 ( 1)
 178 A   0.89940 0.01395 0.08507 0.00158 ( 1)
 179 P   0.86074 0.04277 0.09165 0.00484 ( 1)
 180 N   0.89489 0.01142 0.09240 0.00129 ( 1)
 181 P   0.88096 0.02211 0.09443 0.00250 ( 1)
 182 T   0.90271 0.00998 0.08619 0.00113 ( 1)
 183 D   0.90863 0.00710 0.08347 0.00080 ( 1)
 184 Y   0.82355 0.07776 0.08990 0.00880 ( 1)
 185 N   0.90536 0.00899 0.08463 0.00102 ( 1)
 186 K   0.89974 0.01402 0.08465 0.00159 ( 1)
 187 Y   0.83375 0.06760 0.09101 0.00765 ( 1)
 188 P   0.87402 0.03459 0.08748 0.00391 ( 1)
 189 Y   0.89495 0.01499 0.08836 0.00170 ( 1)
 190 L   0.85800 0.04329 0.09381 0.00490 ( 1)
 191 N   0.56677 0.34197 0.05257 0.03868 ( 1)
 192 P   0.89610 0.01354 0.08882 0.00153 ( 1)
 193 Y   0.43604 0.46445 0.04699 0.05253 ( 2)
 194 S   0.89120 0.01809 0.08866 0.00205 ( 1)
 195 K   0.62976 0.26393 0.07646 0.02985 ( 1)
 196 D   0.91471 0.00113 0.08403 0.00013 ( 1)
 197 P   0.62268 0.27953 0.06617 0.03162 ( 1)
 198 I   0.90129 0.01145 0.08596 0.00130 ( 1)
 199 Y   0.65645 0.24928 0.06608 0.02820 ( 1)
 200 G   0.91057 0.00118 0.08812 0.00013 ( 1)
 201 K   0.89506 0.01268 0.09083 0.00143 ( 1)
 202 Y   0.89002 0.01941 0.08838 0.00220 ( 1)
 203 Y   0.87706 0.02554 0.09451 0.00289 ( 1)
 204 T   0.91103 0.00171 0.08707 0.00019 ( 1)
 205 A   0.86808 0.04380 0.08317 0.00495 ( 1)
 206 P   0.88425 0.02501 0.08791 0.00283 ( 1)
 207 V   0.90399 0.00855 0.08648 0.00097 ( 1)
 208 D   0.90528 0.01038 0.08316 0.00117 ( 1)
 209 W   0.90174 0.00061 0.09758 0.00007 ( 1)
 210 N   0.83122 0.08241 0.07705 0.00932 ( 1)
 211 L   0.68348 0.22121 0.07029 0.02502 ( 1)
 212 F   0.90587 0.00601 0.08743 0.00068 ( 1)
 213 N   0.91065 0.00443 0.08442 0.00050 ( 1)
 214 D   0.82019 0.08519 0.08498 0.00964 ( 1)
 215 Y   0.23961 0.01864 0.73964 0.00211 ( 3)
 216 R   0.90005 0.00442 0.09503 0.00050 ( 1)
 217 R   0.91015 0.00090 0.08884 0.00010 ( 1)
 218 D   0.90961 0.00544 0.08433 0.00061 ( 1)
 219 M   0.91141 0.00029 0.08827 0.00003 ( 1)
 220 T   0.90995 0.00189 0.08794 0.00021 ( 1)
 221 L   0.74198 0.16366 0.07585 0.01851 ( 1)
 222 M   0.90281 0.00877 0.08743 0.00099 ( 1)
 223 V   0.90281 0.00376 0.09301 0.00043 ( 1)
 224 L   0.90242 0.00429 0.09280 0.00049 ( 1)
 225 D   0.90186 0.00422 0.09344 0.00048 ( 1)
 226 I   0.90129 0.01145 0.08596 0.00130 ( 1)
 227 V   0.89957 0.00659 0.09309 0.00075 ( 1)
 228 A   0.91129 0.00227 0.08619 0.00026 ( 1)
 229 V   0.89919 0.01426 0.08494 0.00161 ( 1)
 230 W   0.61687 0.28423 0.06675 0.03215 ( 1)
 231 P   0.90860 0.00120 0.09006 0.00014 ( 1)
 232 T   0.86616 0.03579 0.09401 0.00405 ( 1)


lnL = -2365.541909

Bayes Empirical Bayes (BEB) probabilities for 4 classes (class)
(amino acids refer to 1st sequence: BT_Cry32Ma1)

   1 -   0.84996 0.09452 0.04972 0.00581 ( 1)
   2 -   0.80311 0.14137 0.04686 0.00866 ( 1)
   3 L   0.87498 0.08229 0.03850 0.00423 ( 1)
   4 G   0.96162 0.00227 0.03601 0.00011 ( 1)
   5 R   0.09010 0.86750 0.00329 0.03911 ( 2)
   6 A   0.93086 0.02167 0.04625 0.00121 ( 1)
   7 A   0.96103 0.00323 0.03558 0.00015 ( 1)
   8 G   0.95360 0.01023 0.03569 0.00048 ( 1)
   9 L   0.63144 0.32458 0.02750 0.01648 ( 1)
  10 I   0.89587 0.07032 0.03063 0.00319 ( 1)
  11 N   0.95053 0.01492 0.03386 0.00068 ( 1)
  12 I   0.12063 0.83775 0.00421 0.03741 ( 2)
  13 I   0.96231 0.00242 0.03516 0.00011 ( 1)
  14 F   0.95213 0.01166 0.03566 0.00055 ( 1)
  15 G   0.96226 0.00163 0.03602 0.00008 ( 1)
  16 F   0.92134 0.04225 0.03442 0.00199 ( 1)
  17 L   0.94145 0.00978 0.04822 0.00055 ( 1)
  18 W   0.95076 0.00061 0.04859 0.00003 ( 1)
  19 G   0.08792 0.86987 0.00321 0.03899 ( 2)
  20 T   0.23922 0.71967 0.00844 0.03268 ( 2)
  21 L   0.48389 0.47424 0.01927 0.02260 ( 1)
  22 A   0.66146 0.30040 0.02408 0.01406 ( 1)
  23 G   0.11877 0.83911 0.00431 0.03781 ( 2)
  24 -   0.85565 0.08882 0.05006 0.00546 ( 1)
  25 -   0.83767 0.10681 0.04897 0.00656 ( 1)
  26 Q   0.89278 0.06639 0.03751 0.00332 ( 1)
  27 S   0.16153 0.78724 0.00806 0.04317 ( 2)
  28 V   0.09977 0.85763 0.00350 0.03909 ( 2)
  29 W   0.95076 0.00061 0.04859 0.00003 ( 1)
  30 E   0.92869 0.03639 0.03321 0.00171 ( 1)
  31 K   0.03433 0.90943 0.00362 0.05263 ( 2)
  32 F   0.94676 0.01698 0.03546 0.00080 ( 1)
  33 M   0.96327 0.00044 0.03627 0.00002 ( 1)
  34 R   0.02034 0.88707 0.03432 0.05827 ( 2)
  35 A   0.91769 0.04673 0.03339 0.00219 ( 1)
  36 V   0.96170 0.00361 0.03453 0.00017 ( 1)
  37 E   0.95622 0.00345 0.04016 0.00017 ( 1)
  38 S   0.68326 0.27598 0.02739 0.01336 ( 1)
  39 L   0.95494 0.00614 0.03863 0.00030 ( 1)
  40 V   0.95524 0.01000 0.03429 0.00047 ( 1)
  41 N   0.82855 0.13722 0.02803 0.00621 ( 1)
  42 Q   0.95806 0.00144 0.04043 0.00007 ( 1)
  43 K   0.96398 0.00175 0.03419 0.00008 ( 1)
  44 I   0.96225 0.00248 0.03516 0.00012 ( 1)
  45 T   0.96240 0.00226 0.03524 0.00011 ( 1)
  46 D   0.96542 0.00208 0.03241 0.00009 ( 1)
  47 A   0.95309 0.01111 0.03527 0.00053 ( 1)
  48 V   0.94209 0.00920 0.04819 0.00052 ( 1)
  49 R   0.96161 0.00134 0.03699 0.00006 ( 1)
  50 V   0.00324 0.93605 0.00130 0.05941 ( 2)
  51 K   0.65529 0.30789 0.02276 0.01407 ( 1)
  52 A   0.94463 0.00661 0.04838 0.00037 ( 1)
  53 L   0.23010 0.62593 0.10092 0.04306 ( 2)
  54 S   0.91280 0.04019 0.04480 0.00221 ( 1)
  55 E   0.06105 0.89707 0.00204 0.03985 ( 2)
  56 L   0.95387 0.00460 0.04130 0.00024 ( 1)
  57 E   0.95778 0.00829 0.03355 0.00039 ( 1)
  58 G   0.95969 0.00396 0.03617 0.00019 ( 1)
  59 V   0.95453 0.01072 0.03425 0.00051 ( 1)
  60 Q   0.92606 0.03328 0.03899 0.00167 ( 1)
  61 N   0.05676 0.90027 0.00197 0.04100 ( 2)
  62 A   0.95164 0.01256 0.03521 0.00060 ( 1)
  63 L   0.95300 0.00545 0.04127 0.00028 ( 1)
  64 E   0.95808 0.00709 0.03449 0.00034 ( 1)
  65 L   0.91240 0.04580 0.03945 0.00235 ( 1)
  66 Y   0.96030 0.00141 0.03822 0.00007 ( 1)
  67 Q   0.95735 0.00213 0.04041 0.00011 ( 1)
  68 E   0.95426 0.00494 0.04054 0.00025 ( 1)
  69 A   0.95448 0.01073 0.03429 0.00050 ( 1)
  70 A   0.90629 0.04596 0.04517 0.00258 ( 1)
  71 D   0.69276 0.27224 0.02278 0.01221 ( 1)
  72 D   0.96482 0.00267 0.03238 0.00012 ( 1)
  73 W   0.95076 0.00061 0.04859 0.00003 ( 1)
  74 N   0.89198 0.07437 0.03031 0.00334 ( 1)
  75 E   0.19850 0.76026 0.00683 0.03440 ( 2)
  76 N   0.93335 0.03334 0.03179 0.00152 ( 1)
  77 P   0.93741 0.02393 0.03749 0.00116 ( 1)
  78 T   0.16473 0.31462 0.49215 0.02850 ( 3)
  79 D   0.96586 0.00165 0.03242 0.00008 ( 1)
  80 V   0.30098 0.05826 0.63365 0.00711 ( 3)
  81 S   0.03654 0.91917 0.00142 0.04287 ( 2)
  82 N   0.18797 0.77166 0.00648 0.03389 ( 2)
  83 K   0.96175 0.00396 0.03411 0.00018 ( 1)
  84 E   0.91733 0.04144 0.03913 0.00210 ( 1)
  85 R   0.76438 0.19312 0.03277 0.00974 ( 1)
  86 V   0.90324 0.06010 0.03380 0.00287 ( 1)
  87 R   0.93780 0.02500 0.03601 0.00119 ( 1)
  88 R   0.95140 0.01149 0.03657 0.00055 ( 1)
  89 Q   0.95124 0.00234 0.04629 0.00013 ( 1)
  90 F   0.95888 0.00496 0.03592 0.00023 ( 1)
  91 T   0.95244 0.01213 0.03486 0.00057 ( 1)
  92 S   0.94644 0.01478 0.03806 0.00072 ( 1)
  93 T   0.91354 0.04197 0.04226 0.00223 ( 1)
  94 N   0.96037 0.00656 0.03277 0.00030 ( 1)
  95 T   0.94097 0.02352 0.03440 0.00110 ( 1)
  96 T   0.04551 0.83101 0.07237 0.05111 ( 2)
  97 I   0.93235 0.01997 0.04657 0.00111 ( 1)
  98 E   0.94379 0.01512 0.04032 0.00077 ( 1)
  99 Y   0.85628 0.10480 0.03385 0.00507 ( 1)
 100 A   0.94177 0.02235 0.03482 0.00106 ( 1)
 101 M   0.96138 0.00232 0.03619 0.00011 ( 1)
 102 P   0.95994 0.00154 0.03844 0.00008 ( 1)
 103 S   0.95607 0.00318 0.04058 0.00016 ( 1)
 104 F   0.96290 0.00097 0.03608 0.00005 ( 1)
 105 R   0.83535 0.11956 0.03877 0.00632 ( 1)
 106 V   0.95485 0.00742 0.03736 0.00037 ( 1)
 107 P   0.00415 0.95164 0.00016 0.04405 ( 2)
 108 T   0.21975 0.73814 0.00830 0.03381 ( 2)
 109 F   0.91847 0.04511 0.03431 0.00212 ( 1)
 110 E   0.96281 0.00329 0.03374 0.00015 ( 1)
 111 V   0.96100 0.00429 0.03450 0.00020 ( 1)
 112 P   0.94838 0.00513 0.04621 0.00028 ( 1)
 113 L   0.94739 0.00638 0.04588 0.00035 ( 1)
 114 L   0.95392 0.00454 0.04130 0.00023 ( 1)
 115 T   0.94720 0.01634 0.03568 0.00077 ( 1)
 116 V   0.14903 0.80343 0.00664 0.04090 ( 2)
 117 Y   0.39480 0.44868 0.12698 0.02954 ( 2)
 118 A   0.95781 0.00638 0.03551 0.00030 ( 1)
 119 Q   0.95806 0.00144 0.04043 0.00007 ( 1)
 120 A   0.95075 0.00539 0.04358 0.00029 ( 1)
 121 A   0.96098 0.00328 0.03558 0.00016 ( 1)
 122 N   0.96461 0.00233 0.03296 0.00011 ( 1)
 123 L   0.94659 0.01178 0.04102 0.00061 ( 1)
 124 H   0.96298 0.00080 0.03619 0.00004 ( 1)
 125 L   0.95405 0.00442 0.04131 0.00023 ( 1)
 126 Q   0.76958 0.18862 0.03240 0.00940 ( 1)
 127 L   0.94762 0.00624 0.04580 0.00034 ( 1)
 128 L   0.95392 0.00454 0.04130 0.00023 ( 1)
 129 R   0.94650 0.00523 0.04798 0.00029 ( 1)
 130 D   0.96586 0.00165 0.03242 0.00008 ( 1)
 131 A   0.94029 0.01094 0.04815 0.00062 ( 1)
 132 V   0.93342 0.03066 0.03446 0.00146 ( 1)
 133 K   0.93272 0.02539 0.04059 0.00130 ( 1)
 134 F   0.96290 0.00097 0.03608 0.00005 ( 1)
 135 G   0.96228 0.00162 0.03603 0.00008 ( 1)
 136 N   0.05143 0.90105 0.00228 0.04525 ( 2)
 137 E   0.91902 0.04611 0.03270 0.00217 ( 1)
 138 W   0.95076 0.00061 0.04859 0.00003 ( 1)
 139 G   0.96156 0.00211 0.03623 0.00010 ( 1)
 140 M   0.70511 0.25677 0.02624 0.01188 ( 1)
 141 P   0.94693 0.01357 0.03883 0.00067 ( 1)
 142 S   0.95489 0.00637 0.03843 0.00031 ( 1)
 143 E   0.07734 0.87717 0.00315 0.04234 ( 2)
 144 E   0.96375 0.00239 0.03375 0.00011 ( 1)
 145 V   0.95847 0.00679 0.03441 0.00032 ( 1)
 146 E   0.83283 0.12552 0.03532 0.00633 ( 1)
 147 D   0.95130 0.01607 0.03189 0.00073 ( 1)
 148 M   0.00215 0.92394 0.00259 0.07132 ( 2)
 149 Y   0.96030 0.00141 0.03822 0.00007 ( 1)
 150 N   0.27719 0.29634 0.40623 0.02023 ( 3)
 151 R   0.96101 0.00193 0.03697 0.00009 ( 1)
 152 L   0.88565 0.07242 0.03822 0.00371 ( 1)
 153 T   0.05388 0.90376 0.00189 0.04046 ( 2)
 154 R   0.12789 0.82485 0.00567 0.04159 ( 2)
 155 R   0.95692 0.00147 0.04154 0.00007 ( 1)
 156 T   0.95172 0.00394 0.04414 0.00021 ( 1)
 157 A   0.96233 0.00294 0.03458 0.00014 ( 1)
 158 E   0.95003 0.00891 0.04060 0.00045 ( 1)
 159 Y   0.96038 0.00133 0.03823 0.00006 ( 1)
 160 T   0.95543 0.00917 0.03497 0.00043 ( 1)
 161 D   0.93956 0.02705 0.03215 0.00124 ( 1)
 162 H   0.85978 0.07457 0.06099 0.00466 ( 1)
 163 C   0.95976 0.00062 0.03959 0.00003 ( 1)
 164 V   0.35583 0.60393 0.01268 0.02755 ( 2)
 165 A   0.06630 0.77322 0.11205 0.04844 ( 2)
 166 T   0.54654 0.40355 0.02757 0.02233 ( 1)
 167 Y   0.96030 0.00141 0.03822 0.00007 ( 1)
 168 D   0.96483 0.00266 0.03238 0.00012 ( 1)
 169 K   0.95584 0.00982 0.03388 0.00046 ( 1)
 170 G   0.96197 0.00171 0.03624 0.00008 ( 1)
 171 L   0.95392 0.00454 0.04130 0.00023 ( 1)
 172 K   0.93759 0.02054 0.04082 0.00105 ( 1)
 173 E   0.04453 0.89704 0.00329 0.05515 ( 2)
 174 A   0.95341 0.01079 0.03528 0.00051 ( 1)
 175 Y   0.91205 0.04735 0.03821 0.00239 ( 1)
 176 D   0.60222 0.34134 0.03560 0.02084 ( 1)
 177 L   0.93554 0.02283 0.04046 0.00117 ( 1)
 178 A   0.95260 0.01260 0.03422 0.00059 ( 1)
 179 P   0.91610 0.03732 0.04454 0.00204 ( 1)
 180 N   0.94621 0.01033 0.04291 0.00055 ( 1)
 181 P   0.93277 0.01957 0.04655 0.00110 ( 1)
 182 T   0.95554 0.00906 0.03497 0.00043 ( 1)
 183 D   0.96090 0.00656 0.03224 0.00030 ( 1)
 184 Y   0.88261 0.06738 0.04617 0.00385 ( 1)
 185 N   0.95777 0.00822 0.03363 0.00038 ( 1)
 186 K   0.95298 0.01263 0.03380 0.00059 ( 1)
 187 Y   0.89133 0.05867 0.04664 0.00335 ( 1)
 188 P   0.93001 0.03039 0.03810 0.00149 ( 1)
 189 Y   0.94820 0.01343 0.03771 0.00066 ( 1)
 190 L   0.90475 0.03772 0.05501 0.00253 ( 1)
 191 N   0.73106 0.23388 0.02458 0.01049 ( 1)
 192 P   0.94930 0.01212 0.03799 0.00059 ( 1)
 193 Y   0.60956 0.34120 0.03030 0.01894 ( 1)
 194 S   0.94482 0.01613 0.03825 0.00079 ( 1)
 195 K   0.76656 0.17494 0.04792 0.01058 ( 1)
 196 D   0.96586 0.00165 0.03242 0.00008 ( 1)
 197 P   0.80216 0.15114 0.03853 0.00817 ( 1)
 198 I   0.95593 0.00875 0.03491 0.00041 ( 1)
 199 Y   0.82135 0.13759 0.03415 0.00690 ( 1)
 200 G   0.96208 0.00160 0.03624 0.00008 ( 1)
 201 K   0.94708 0.01145 0.04087 0.00059 ( 1)
 202 Y   0.94372 0.01731 0.03812 0.00085 ( 1)
 203 Y   0.92910 0.02257 0.04705 0.00128 ( 1)
 204 T   0.96228 0.00227 0.03535 0.00011 ( 1)
 205 A   0.94040 0.02368 0.03480 0.00113 ( 1)
 206 P   0.94216 0.01890 0.03801 0.00093 ( 1)
 207 V   0.95678 0.00749 0.03538 0.00036 ( 1)
 208 D   0.96098 0.00648 0.03225 0.00030 ( 1)
 209 W   0.95076 0.00061 0.04859 0.00003 ( 1)
 210 N   0.92880 0.03787 0.03162 0.00172 ( 1)
 211 L   0.84312 0.11404 0.03700 0.00584 ( 1)
 212 F   0.95888 0.00496 0.03592 0.00023 ( 1)
 213 N   0.96333 0.00363 0.03288 0.00017 ( 1)
 214 D   0.91119 0.04552 0.04092 0.00236 ( 1)
 215 Y   0.33499 0.02097 0.64253 0.00151 ( 3)
 216 R   0.94957 0.00500 0.04517 0.00027 ( 1)
 217 R   0.96176 0.00119 0.03700 0.00006 ( 1)
 218 D   0.96149 0.00495 0.03333 0.00023 ( 1)
 219 M   0.96327 0.00044 0.03627 0.00002 ( 1)
 220 T   0.96110 0.00252 0.03627 0.00012 ( 1)
 221 L   0.82952 0.12711 0.03617 0.00721 ( 1)
 222 M   0.95721 0.00646 0.03602 0.00030 ( 1)
 223 V   0.95233 0.00483 0.04258 0.00026 ( 1)
 224 L   0.95268 0.00496 0.04210 0.00026 ( 1)
 225 D   0.95106 0.00581 0.04282 0.00030 ( 1)
 226 I   0.95593 0.00875 0.03491 0.00041 ( 1)
 227 V   0.94842 0.00830 0.04284 0.00044 ( 1)
 228 A   0.96229 0.00299 0.03458 0.00014 ( 1)
 229 V   0.95431 0.01092 0.03425 0.00051 ( 1)
 230 W   0.79351 0.15753 0.04018 0.00879 ( 1)
 231 P   0.95994 0.00154 0.03844 0.00008 ( 1)
 232 T   0.92384 0.02703 0.04760 0.00153 ( 1)

