Supplemental results for CODEML (seqf: algn  treef: tree)


dN/dS (w) for site classes (K=4)

site class             0        1       2a       2b
proportion       0.62351  0.33371  0.02787  0.01492
background w     0.10812  1.00000  0.10812  1.00000
foreground w     0.10812  1.00000  1.00000  1.00000

Naive Empirical Bayes (NEB) probabilities for 4 classes
(amino acids refer to 1st sequence: BT_Cry19Aa1)

   1 E   0.00081 0.95622 0.00024 0.04274 ( 2)
   2 V   0.97231 0.00007 0.02762 0.00000 ( 1)
   3 K   0.97068 0.00019 0.02913 0.00001 ( 1)
   4 T   0.35527 0.60355 0.01420 0.02698 ( 2)
   5 E   0.96929 0.00026 0.03044 0.00001 ( 1)
   6 L   0.94529 0.01540 0.03862 0.00069 ( 1)
   7 T   0.97057 0.00084 0.02856 0.00004 ( 1)
   8 R   0.96660 0.00235 0.03094 0.00011 ( 1)
   9 E   0.96929 0.00026 0.03044 0.00001 ( 1)
  10 I   0.97371 0.00009 0.02619 0.00000 ( 1)
  11 Y   0.97064 0.00052 0.02881 0.00002 ( 1)
  12 S   0.95378 0.01041 0.03534 0.00047 ( 1)
  13 D   0.97535 0.00002 0.02463 0.00000 ( 1)
  14 V   0.97011 0.00210 0.02770 0.00009 ( 1)
  15 I   0.97318 0.00065 0.02614 0.00003 ( 1)
  16 N   0.97571 0.00004 0.02425 0.00000 ( 1)
  17 G   0.13563 0.82313 0.00445 0.03679 ( 2)
  18 E   0.48576 0.47897 0.01385 0.02141 ( 1)
  19 I   0.01611 0.94121 0.00061 0.04207 ( 2)
  20 Y   0.15387 0.80519 0.00495 0.03599 ( 2)
  21 G   0.70678 0.25201 0.02995 0.01126 ( 1)
  22 L   0.03742 0.92031 0.00114 0.04113 ( 2)
  23 M   0.37138 0.58338 0.01916 0.02607 ( 2)
  24 T   0.00196 0.95525 0.00009 0.04269 ( 2)
  25 -   0.79398 0.17319 0.02509 0.00774 ( 1)
  26 P   0.20803 0.75167 0.00670 0.03360 ( 2)
  27 Y   0.03467 0.91010 0.01455 0.04068 ( 2)
  28 F   0.00203 0.95520 0.00007 0.04269 ( 2)
  29 S   0.82810 0.14214 0.02341 0.00635 ( 1)
  30 F   0.95466 0.01827 0.02625 0.00082 ( 1)
  31 E   0.01380 0.94338 0.00066 0.04216 ( 2)
  32 K   0.09173 0.86628 0.00327 0.03872 ( 2)
  33 A   0.46711 0.49315 0.01770 0.02204 ( 2)
  34 E   0.96929 0.00026 0.03044 0.00001 ( 1)
  35 S   0.78916 0.17140 0.03177 0.00766 ( 1)
  36 L   0.96744 0.00283 0.02960 0.00013 ( 1)
  37 Y   0.97237 0.00018 0.02744 0.00001 ( 1)
  38 T   0.96721 0.00078 0.03197 0.00004 ( 1)
  39 R   0.85746 0.10275 0.03520 0.00459 ( 1)
  40 A   0.00651 0.94922 0.00184 0.04242 ( 2)
  41 P   0.96961 0.00039 0.02998 0.00002 ( 1)
  42 H   0.97365 0.00003 0.02632 0.00000 ( 1)
  43 L   0.19170 0.76719 0.00683 0.03429 ( 2)
  44 F   0.95680 0.00644 0.03647 0.00029 ( 1)
  45 T   0.97335 0.00007 0.02658 0.00000 ( 1)
  46 W   0.92647 0.03484 0.03713 0.00156 ( 1)
  47 L   0.96222 0.00342 0.03421 0.00015 ( 1)
  48 K   0.56315 0.39653 0.02260 0.01772 ( 1)
  49 G   0.95766 0.00787 0.03412 0.00035 ( 1)
  50 F   0.96997 0.00323 0.02665 0.00014 ( 1)
  51 R   0.58597 0.37836 0.01876 0.01691 ( 1)
  52 F   0.97322 0.00004 0.02674 0.00000 ( 1)
  53 V   0.96607 0.00104 0.03284 0.00005 ( 1)
  54 T   0.95826 0.00779 0.03360 0.00035 ( 1)
  55 N   0.97571 0.00004 0.02425 0.00000 ( 1)
  56 S   0.19429 0.76580 0.00568 0.03423 ( 2)
  57 I   0.96767 0.00607 0.02599 0.00027 ( 1)
  58 S   0.82158 0.14804 0.02376 0.00662 ( 1)
  59 Y   0.00076 0.95647 0.00002 0.04275 ( 2)
  60 -   0.95121 0.00601 0.04251 0.00027 ( 1)
  61 -   0.01743 0.93979 0.00078 0.04200 ( 2)
  62 -   0.00053 0.95669 0.00002 0.04276 ( 2)
  63 -   0.12528 0.83194 0.00560 0.03718 ( 2)
  64 -   0.87051 0.08671 0.03891 0.00388 ( 1)
  65 -   0.65720 0.30001 0.02937 0.01341 ( 1)
  66 W   0.92647 0.03484 0.03713 0.00156 ( 1)
  67 T   0.19548 0.76392 0.00646 0.03414 ( 2)
  68 F   0.96150 0.00198 0.03643 0.00009 ( 1)
  69 L   0.96269 0.00296 0.03422 0.00013 ( 1)
  70 S   0.85499 0.10900 0.03114 0.00487 ( 1)
  71 G   0.97054 0.00071 0.02872 0.00003 ( 1)
  72 G   0.00021 0.95698 0.00004 0.04277 ( 2)
  73 Q   0.21348 0.74560 0.00760 0.03332 ( 2)
  74 N   0.97546 0.00028 0.02424 0.00001 ( 1)
  75 K   0.95019 0.02038 0.02852 0.00091 ( 1)
  76 Y   0.95083 0.02142 0.02679 0.00096 ( 1)
  77 S   0.93507 0.03036 0.03320 0.00136 ( 1)
  78 Y   0.04305 0.91485 0.00121 0.04089 ( 2)
  79 T   0.69296 0.26789 0.02717 0.01197 ( 1)
  80 N   0.00033 0.95689 0.00001 0.04277 ( 2)
  81 -   0.62351 0.33371 0.02787 0.01492 ( 1)
  82 N   0.00000 0.95721 0.00000 0.04278 ( 2)
  83 S   0.00032 0.95686 0.00006 0.04277 ( 2)
  84 S   0.00030 0.95692 0.00001 0.04277 ( 2)
  85 I   0.92250 0.05047 0.02478 0.00226 ( 1)
  86 N   0.00004 0.95714 0.00004 0.04278 ( 2)
  87 E   0.00103 0.95621 0.00003 0.04274 ( 2)
  88 G   0.93243 0.03830 0.02757 0.00171 ( 1)
  89 S   0.94540 0.02439 0.02913 0.00109 ( 1)
  90 F   0.96549 0.00031 0.03418 0.00001 ( 1)
  91 R   0.00000 0.95722 0.00000 0.04278 ( 2)
  92 G   0.96122 0.00973 0.02862 0.00043 ( 1)
  93 Q   0.02081 0.93650 0.00083 0.04186 ( 2)
  94 D   0.80763 0.16447 0.02056 0.00735 ( 1)
  95 T   0.09081 0.86742 0.00300 0.03877 ( 2)
  96 D   0.02044 0.93704 0.00064 0.04188 ( 2)
  97 Y   0.77904 0.18536 0.02731 0.00828 ( 1)
  98 G   0.96500 0.00642 0.02829 0.00029 ( 1)
  99 G   0.90490 0.06017 0.03224 0.00269 ( 1)
 100 T   0.27314 0.68541 0.01082 0.03063 ( 2)
 101 S   0.05300 0.90502 0.00153 0.04045 ( 2)
 102 S   0.97046 0.00141 0.02806 0.00006 ( 1)
 103 T   0.02510 0.93240 0.00083 0.04167 ( 2)
 104 I   0.08579 0.87221 0.00301 0.03898 ( 2)
 105 N   0.05194 0.90567 0.00191 0.04048 ( 2)
 106 I   0.86917 0.10285 0.02338 0.00460 ( 1)
 107 P   0.00001 0.95721 0.00000 0.04278 ( 2)
 108 S   0.00034 0.95689 0.00001 0.04277 ( 2)
 109 N   0.00084 0.95605 0.00037 0.04273 ( 2)
 110 S   0.02021 0.93709 0.00082 0.04188 ( 2)
 111 Y   0.70875 0.25967 0.01997 0.01161 ( 1)
 112 V   0.22797 0.73264 0.00665 0.03274 ( 2)
 113 Y   0.96049 0.01191 0.02706 0.00053 ( 1)
 114 N   0.22600 0.17869 0.58732 0.00799 ( 3)
 115 L   0.94506 0.02044 0.03359 0.00091 ( 1)
 116 W   0.12765 0.83013 0.00512 0.03710 ( 2)
 117 T   0.67095 0.29526 0.02059 0.01320 ( 1)
 118 E   0.96840 0.00243 0.02906 0.00011 ( 1)
 119 N   0.82213 0.14271 0.02879 0.00638 ( 1)
 120 Y   0.96493 0.00755 0.02719 0.00034 ( 1)
 121 E   0.85177 0.11626 0.02678 0.00520 ( 1)
 122 Y   0.00009 0.95711 0.00002 0.04278 ( 2)
 123 I   0.96795 0.00579 0.02600 0.00026 ( 1)
 124 Y   0.89206 0.07885 0.02557 0.00352 ( 1)
 125 P   0.96341 0.00217 0.03432 0.00010 ( 1)
 126 W   0.04035 0.91705 0.00162 0.04099 ( 2)
 127 G   0.00003 0.95711 0.00008 0.04278 ( 2)
 128 D   0.97258 0.00273 0.02456 0.00012 ( 1)
 129 P   0.17831 0.78045 0.00637 0.03488 ( 2)
 130 V   0.01763 0.93977 0.00060 0.04200 ( 2)
 131 N   0.97546 0.00028 0.02424 0.00001 ( 1)
 132 I   0.96795 0.00579 0.02600 0.00026 ( 1)
 133 T   0.37164 0.58972 0.01228 0.02636 ( 2)
 134 K   0.33701 0.62494 0.01011 0.02793 ( 2)
 135 M   0.88590 0.08640 0.02383 0.00386 ( 1)
 136 N   0.96511 0.01044 0.02398 0.00047 ( 1)
 137 F   0.97317 0.00009 0.02674 0.00000 ( 1)
 138 S   0.92603 0.04517 0.02678 0.00202 ( 1)
 139 V   0.00077 0.95645 0.00003 0.04275 ( 2)
 140 T   0.91821 0.04610 0.03363 0.00206 ( 1)
 141 D   0.97144 0.00376 0.02463 0.00017 ( 1)
 142 N   0.97571 0.00004 0.02425 0.00000 ( 1)
 143 N   0.94222 0.03264 0.02368 0.00146 ( 1)
 144 S   0.00481 0.95139 0.00128 0.04252 ( 2)
 145 S   0.52575 0.43533 0.01946 0.01946 ( 1)
 146 K   0.00002 0.95720 0.00000 0.04278 ( 2)
 147 E   0.28009 0.68069 0.00880 0.03042 ( 2)
 148 L   0.00002 0.95720 0.00000 0.04278 ( 2)
 149 I   0.10554 0.83038 0.02697 0.03711 ( 2)
 150 Y   0.96989 0.00266 0.02733 0.00012 ( 1)
 151 G   0.93594 0.03505 0.02744 0.00157 ( 1)
 152 A   0.01159 0.94460 0.00159 0.04222 ( 2)
 153 -   0.62351 0.33371 0.02787 0.01492 ( 1)
 154 -   0.36726 0.58996 0.01641 0.02637 ( 2)
 155 -   0.40420 0.55302 0.01807 0.02472 ( 2)
 156 H   0.00049 0.95674 0.00002 0.04276 ( 2)
 157 R   0.60897 0.35564 0.01949 0.01589 ( 1)
 158 T   0.00903 0.94824 0.00035 0.04238 ( 2)
 159 N   0.97571 0.00004 0.02425 0.00000 ( 1)
 160 K   0.00750 0.94865 0.00145 0.04240 ( 2)
 161 P   0.97014 0.00011 0.02975 0.00000 ( 1)
 162 V   0.83394 0.13715 0.02278 0.00613 ( 1)
 163 V   0.97232 0.00005 0.02762 0.00000 ( 1)
 164 R   0.39836 0.56060 0.01598 0.02506 ( 2)
 165 T   0.96965 0.00128 0.02901 0.00006 ( 1)
 166 D   0.97518 0.00019 0.02463 0.00001 ( 1)
 167 F   0.97286 0.00005 0.02708 0.00000 ( 1)
 168 D   0.97099 0.00169 0.02724 0.00008 ( 1)
 169 F   0.97322 0.00004 0.02674 0.00000 ( 1)
 170 L   0.96464 0.00548 0.02963 0.00025 ( 1)
 171 T   0.11167 0.84663 0.00386 0.03784 ( 2)
 172 N   0.76845 0.00264 0.22879 0.00012 ( 1)
 173 K   0.96874 0.00210 0.02907 0.00009 ( 1)
 174 E   0.21012 0.70399 0.05443 0.03146 ( 2)
 175 G   0.59570 0.36668 0.02123 0.01639 ( 1)
 176 T   0.96390 0.00936 0.02632 0.00042 ( 1)
 177 E   0.38168 0.58110 0.01124 0.02597 ( 2)
 178 L   0.07578 0.86179 0.02392 0.03852 ( 2)
 179 A   0.37118 0.58755 0.01502 0.02626 ( 2)
 180 K   0.95826 0.00964 0.03167 0.00043 ( 1)
 181 Y   0.69781 0.05527 0.24445 0.00247 ( 1)
 182 N   0.97360 0.00053 0.02585 0.00002 ( 1)
 183 D   0.87398 0.00806 0.11760 0.00036 ( 1)
 184 Y   0.97195 0.00043 0.02760 0.00002 ( 1)
 185 N   0.80590 0.00801 0.18574 0.00036 ( 1)
 186 H   0.97247 0.00009 0.02743 0.00000 ( 1)
 187 I   0.97379 0.00005 0.02616 0.00000 ( 1)
 188 L   0.96023 0.00539 0.03413 0.00024 ( 1)
 189 S   0.95687 0.00721 0.03560 0.00032 ( 1)
 190 Y   0.71174 0.08091 0.20373 0.00362 ( 1)
 191 M   0.56888 0.38422 0.02972 0.01717 ( 1)
 192 L   0.95901 0.00650 0.03420 0.00029 ( 1)
 193 I   0.20109 0.71080 0.05634 0.03177 ( 2)
 194 N   0.96029 0.00557 0.03390 0.00025 ( 1)
 195 -   0.87051 0.08671 0.03891 0.00388 ( 1)
 196 -   0.89037 0.06685 0.03979 0.00299 ( 1)
 197 -   0.76696 0.19026 0.03428 0.00850 ( 1)
 198 G   0.67018 0.29284 0.02389 0.01309 ( 1)
 199 E   0.01397 0.94327 0.00060 0.04216 ( 2)
 200 T   0.96620 0.00632 0.02720 0.00028 ( 1)
 201 F   0.27967 0.67880 0.01120 0.03034 ( 2)
 202 G   0.95507 0.01166 0.03274 0.00052 ( 1)
 203 Q   0.68310 0.27813 0.02634 0.01243 ( 1)
 204 K   0.82385 0.14495 0.02472 0.00648 ( 1)
 205 R   0.47187 0.37350 0.13793 0.01669 ( 1)
 206 H   0.95793 0.00483 0.03702 0.00022 ( 1)
 207 G   0.97119 0.00024 0.02855 0.00001 ( 1)
 208 Y   0.97249 0.00011 0.02740 0.00000 ( 1)
 209 S   0.87350 0.08998 0.03250 0.00402 ( 1)
 210 F   0.97322 0.00004 0.02674 0.00000 ( 1)
 211 A   0.96934 0.00288 0.02766 0.00013 ( 1)
 212 F   0.97319 0.00006 0.02676 0.00000 ( 1)
 213 T   0.96178 0.00245 0.03566 0.00011 ( 1)
 214 H   0.97367 0.00002 0.02632 0.00000 ( 1)
 215 S   0.97478 0.00001 0.02521 0.00000 ( 1)
 216 S   0.96303 0.00160 0.03530 0.00007 ( 1)


lnL = -3715.136545

