Supplemental results for CODEML (seqf: algn  treef: tree)


dN/dS (w) for site classes (K=4)

site class             0        1       2a       2b
proportion       0.30655  0.62093  0.02397  0.04855
background w     0.02300  0.48422  0.02300  0.48422
foreground w     0.02300  0.48422 999.00000 999.00000

Naive Empirical Bayes (NEB) probabilities for 4 classes
(amino acids refer to 1st sequence: BT_Cry24Ca1)

   1 -   0.30655 0.62093 0.02397 0.04855 ( 2)
   2 A   0.00003 0.45655 0.00126 0.54215 ( 4)
   3 D   0.98461 0.01156 0.00374 0.00008 ( 1)
   4 K   0.92385 0.07285 0.00302 0.00028 ( 1)
   5 I   0.97870 0.01151 0.00959 0.00020 ( 1)
   6 T   0.97695 0.00741 0.01546 0.00018 ( 1)
   7 Q   0.98335 0.01538 0.00125 0.00002 ( 1)
   8 I   0.99410 0.00174 0.00414 0.00001 ( 1)
   9 P   0.93997 0.05957 0.00044 0.00003 ( 1)
  10 A   0.96494 0.02460 0.01012 0.00034 ( 1)
  11 V   0.96910 0.02745 0.00331 0.00013 ( 1)
  12 K   0.99208 0.00458 0.00332 0.00002 ( 1)
  13 T   0.00883 0.96275 0.00015 0.02827 ( 2)
  14 W   0.00632 0.98289 0.00004 0.01075 ( 2)
  15 E   0.00000 0.97630 0.00000 0.02370 ( 2)
  16 I   0.01290 0.97106 0.00010 0.01593 ( 2)
  17 R   0.00002 0.98952 0.00000 0.01047 ( 2)
  18 G   0.00005 0.88126 0.00008 0.11862 ( 2)
  19 T   0.00010 0.99439 0.00000 0.00551 ( 2)
  20 S   0.00315 0.99501 0.00001 0.00183 ( 2)
  21 S   0.01053 0.95482 0.00024 0.03441 ( 2)
  22 V   0.99190 0.00399 0.00408 0.00003 ( 1)
  23 V   0.01361 0.98180 0.00004 0.00455 ( 2)
  24 A   0.01953 0.97665 0.00006 0.00376 ( 2)
  25 G   0.96414 0.01724 0.01809 0.00053 ( 1)
  26 P   0.99403 0.00471 0.00125 0.00001 ( 1)
  27 G   0.99586 0.00146 0.00267 0.00001 ( 1)
  28 N   0.10487 0.89273 0.00021 0.00218 ( 2)
  29 T   0.99258 0.00482 0.00259 0.00002 ( 1)
  30 G   0.97855 0.00445 0.01687 0.00013 ( 1)
  31 G   0.97488 0.01724 0.00778 0.00010 ( 1)
  32 N   0.38240 0.58788 0.01709 0.01263 ( 2)
  33 L   0.94578 0.04577 0.00803 0.00041 ( 1)
  34 V   0.85200 0.14461 0.00271 0.00068 ( 1)
  35 K   0.00044 0.98605 0.00001 0.01351 ( 2)
  36 M   0.34293 0.65492 0.00067 0.00148 ( 2)
  37 S   0.29532 0.70305 0.00040 0.00122 ( 2)
  38 Y   0.00012 0.99480 0.00000 0.00507 ( 2)
  39 H   0.00018 0.99582 0.00000 0.00400 ( 2)
  40 S   0.00000 0.98872 0.00000 0.01128 ( 2)
  41 V   0.00001 0.68436 0.00001 0.31562 ( 2)
  42 W   0.00004 0.99739 0.00000 0.00257 ( 2)
  43 N   0.00000 0.99919 0.00000 0.00081 ( 2)
  44 I   0.91498 0.07444 0.00898 0.00161 ( 1)
  45 K   0.00728 0.99040 0.00001 0.00230 ( 2)
  46 F   0.02118 0.97595 0.00006 0.00281 ( 2)
  47 T   0.00000 0.99713 0.00000 0.00286 ( 2)
  48 C   0.00027 0.96785 0.00001 0.03187 ( 2)
  49 -   0.49454 0.50057 0.00162 0.00327 ( 2)
  50 -   0.14777 0.84672 0.00056 0.00495 ( 2)
  51 -   0.04405 0.95120 0.00013 0.00463 ( 2)
  52 -   0.69880 0.30069 0.00035 0.00016 ( 1)
  53 -   0.00013 0.03242 0.71418 0.25328 ( 3)
  54 -   0.00000 0.51684 0.00003 0.48313 ( 2)
  55 -   0.00000 0.95124 0.00000 0.04876 ( 2)
  56 Q   0.00502 0.98284 0.00005 0.01209 ( 2)
  57 Q   0.00004 0.78616 0.00001 0.21378 ( 2)
  58 L   0.00000 0.98118 0.00000 0.01882 ( 2)
  59 K   0.01254 0.97509 0.00010 0.01227 ( 2)
  60 R   0.00003 0.71878 0.00248 0.27870 ( 2)
  61 Y   0.16476 0.49935 0.29771 0.03818 ( 2)
  62 R   0.00000 0.78323 0.00000 0.21677 ( 2)
  63 V   0.05070 0.28697 0.51620 0.14613 ( 3)
  64 R   0.96446 0.02937 0.00586 0.00031 ( 1)
  65 I   0.94302 0.05269 0.00390 0.00039 ( 1)
  66 R   0.95530 0.04357 0.00109 0.00005 ( 1)
  67 Y   0.99484 0.00293 0.00222 0.00001 ( 1)
  68 A   0.99384 0.00371 0.00244 0.00001 ( 1)
  69 S   0.49340 0.50284 0.00132 0.00245 ( 2)
  70 D   0.00110 0.99213 0.00001 0.00676 ( 2)
  71 G   0.00005 0.12529 0.09538 0.77928 ( 4)
  72 N   0.53463 0.45916 0.00222 0.00399 ( 1)
  73 C   0.00041 0.99303 0.00000 0.00656 ( 2)
  74 Q   0.00289 0.98064 0.00003 0.01643 ( 2)
  75 L   0.94784 0.05050 0.00157 0.00010 ( 1)
  76 A   0.00000 0.99541 0.00000 0.00459 ( 2)
  77 M   0.08627 0.90859 0.00031 0.00484 ( 2)
  78 R   0.00491 0.98185 0.00004 0.01320 ( 2)
  79 R   0.05834 0.93080 0.00042 0.01043 ( 2)
  80 W   0.00000 0.98426 0.00000 0.01574 ( 2)
  81 R   0.00000 0.97144 0.00000 0.02856 ( 2)
  82 G   0.00065 0.98832 0.00001 0.01102 ( 2)
  83 G   0.00003 0.87754 0.00006 0.12237 ( 2)
  84 P   0.00000 0.74796 0.00000 0.25204 ( 2)
  85 G   0.01730 0.97105 0.00016 0.01149 ( 2)
  86 -   0.00000 0.78234 0.00000 0.21766 ( 2)
  87 -   0.30655 0.62093 0.02397 0.04855 ( 2)
  88 Y   0.00066 0.98843 0.00000 0.01091 ( 2)
  89 V   0.00006 0.99415 0.00000 0.00579 ( 2)
  90 Q   0.00001 0.98846 0.00000 0.01153 ( 2)
  91 E   0.00144 0.99023 0.00001 0.00832 ( 2)
  92 A   0.00021 0.99542 0.00000 0.00436 ( 2)
  93 R   0.00004 0.99668 0.00000 0.00327 ( 2)
  94 H   0.31579 0.67938 0.00197 0.00286 ( 2)
  95 T   0.00264 0.93168 0.00526 0.06042 ( 2)
  96 V   0.13772 0.85522 0.00054 0.00652 ( 2)
  97 Q   0.00000 0.07134 0.00011 0.92855 ( 4)
  98 R   0.00067 0.99670 0.00000 0.00262 ( 2)
  99 T   0.07690 0.91693 0.00055 0.00561 ( 2)
 100 F   0.00179 0.99514 0.00000 0.00307 ( 2)
 101 S   0.06048 0.91197 0.00130 0.02624 ( 2)
 102 -   0.30655 0.62093 0.02397 0.04855 ( 2)
 103 -   0.30655 0.62093 0.02397 0.04855 ( 2)
 104 G   0.24241 0.75373 0.00073 0.00313 ( 2)
 105 S   0.00019 0.81506 0.00005 0.18470 ( 2)
 106 M   0.53066 0.46805 0.00055 0.00074 ( 1)
 107 T   0.73890 0.24941 0.00775 0.00394 ( 1)
 108 Y   0.99153 0.00619 0.00226 0.00002 ( 1)
 109 D   0.00172 0.90347 0.00299 0.09182 ( 2)
 110 S   0.00003 0.63035 0.00026 0.36936 ( 2)
 111 F   0.99401 0.00511 0.00088 0.00000 ( 1)
 112 K   0.32559 0.66728 0.00226 0.00487 ( 2)
 113 Y   0.97479 0.02430 0.00089 0.00002 ( 1)
 114 L   0.00000 0.99911 0.00000 0.00088 ( 2)
 115 D   0.99578 0.00052 0.00370 0.00000 ( 1)
 116 I   0.00009 0.79458 0.00003 0.20530 ( 2)
 117 F   0.00040 0.97437 0.00000 0.02522 ( 2)
 118 -   0.32811 0.59937 0.02566 0.04687 ( 2)
 119 -   0.32811 0.59936 0.02566 0.04687 ( 2)
 120 -   0.02189 0.90558 0.00171 0.07081 ( 2)
 121 -   0.33313 0.59435 0.02605 0.04647 ( 2)
 122 -   0.33060 0.59687 0.02585 0.04667 ( 2)
 123 -   0.31936 0.60812 0.02497 0.04755 ( 2)
 124 T   0.00001 0.89547 0.00002 0.10450 ( 2)
 125 M   0.00000 0.92997 0.00000 0.07003 ( 2)
 126 P   0.00000 0.20845 0.00000 0.79155 ( 4)
 127 A   0.00284 0.99142 0.00002 0.00573 ( 2)
 128 E   0.00031 0.93345 0.00015 0.06609 ( 2)
 129 D   0.00060 0.99341 0.00000 0.00599 ( 2)
 130 Y   0.00000 0.47470 0.00002 0.52528 ( 4)
 131 T   0.00000 0.98103 0.00000 0.01897 ( 2)
 132 F   0.01526 0.97533 0.00014 0.00926 ( 2)
 133 N   0.00000 0.96649 0.00000 0.03351 ( 2)
 134 L   0.04211 0.95051 0.00021 0.00717 ( 2)
 135 T   0.00001 0.99690 0.00000 0.00309 ( 2)
 136 I   0.00872 0.97655 0.00012 0.01461 ( 2)
 137 D   0.00000 0.99742 0.00000 0.00258 ( 2)
 138 L   0.00049 0.99645 0.00000 0.00306 ( 2)
 139 E   0.00001 0.98783 0.00000 0.01216 ( 2)
 140 S   0.05888 0.93648 0.00015 0.00448 ( 2)
 141 G   0.92354 0.00394 0.07221 0.00031 ( 1)
 142 G   0.99059 0.00608 0.00329 0.00003 ( 1)
 143 A   0.00003 0.95979 0.00001 0.04017 ( 2)
 144 L   0.73648 0.26164 0.00139 0.00049 ( 1)
 145 Y   0.00001 0.78360 0.00006 0.21633 ( 2)
 146 I   0.98536 0.01290 0.00172 0.00002 ( 1)
 147 D   0.98885 0.00492 0.00621 0.00003 ( 1)
 148 K   0.94206 0.05472 0.00295 0.00027 ( 1)
 149 I   0.98919 0.00656 0.00420 0.00005 ( 1)
 150 E   0.99549 0.00168 0.00283 0.00001 ( 1)
 151 F   0.96352 0.03264 0.00375 0.00008 ( 1)
 152 -   0.99233 0.00342 0.00423 0.00003 ( 1)
 153 -   0.30655 0.62093 0.02397 0.04855 ( 2)


lnL = -2679.842390

