Supplemental results for CODEML (seqf: algn  treef: tree)


dN/dS (w) for site classes (K=4)

site class             0        1       2a       2b
proportion       0.39447  0.15383  0.32498  0.12672
background w     0.05918  0.56711  0.05918  0.56711
foreground w     0.05918  0.56711  0.75143  0.75143

Naive Empirical Bayes (NEB) probabilities for 4 classes
(amino acids refer to 1st sequence: BT_Cry1Fa1)

   1 -   0.50654 0.04176 0.41730 0.03440 ( 1)
   2 -   0.04624 0.50206 0.03810 0.41360 ( 2)
   3 -   0.18094 0.36736 0.14906 0.30264 ( 2)
   4 -   0.54799 0.00031 0.45145 0.00025 ( 1)
   5 R   0.34098 0.30547 0.13709 0.21646 ( 1)
   6 I   0.82293 0.00021 0.17673 0.00013 ( 1)
   7 T   0.81800 0.00284 0.17731 0.00185 ( 1)
   8 Q   0.70415 0.00400 0.28906 0.00278 ( 1)
   9 I   0.19323 0.00074 0.80537 0.00066 ( 3)
  10 P   0.76059 0.00151 0.23692 0.00098 ( 1)
  11 L   0.59141 0.15079 0.15583 0.10197 ( 1)
  12 V   0.70040 0.00057 0.29862 0.00041 ( 1)
  13 K   0.77667 0.00191 0.22019 0.00124 ( 1)
  14 A   0.79527 0.00757 0.19232 0.00484 ( 1)
  15 H   0.21918 0.00902 0.76458 0.00722 ( 3)
  16 T   0.17354 0.00327 0.82025 0.00293 ( 3)
  17 L   0.37669 0.25372 0.18401 0.18557 ( 1)
  18 Q   0.00024 0.48652 0.01107 0.50217 ( 4)
  19 S   0.71825 0.01423 0.25785 0.00967 ( 1)
  20 G   0.74559 0.00088 0.25290 0.00063 ( 1)
  21 T   0.30175 0.01024 0.68054 0.00746 ( 3)
  22 T   0.14966 0.02471 0.80509 0.02053 ( 3)
  23 V   0.29314 0.00067 0.70568 0.00051 ( 3)
  24 V   0.78861 0.02276 0.17336 0.01527 ( 1)
  25 R   0.00017 0.57223 0.00048 0.42712 ( 2)
  26 G   0.81285 0.00060 0.18618 0.00037 ( 1)
  27 P   0.62388 0.11191 0.19097 0.07324 ( 1)
  28 G   0.76564 0.00382 0.22803 0.00251 ( 1)
  29 F   0.71074 0.00035 0.28866 0.00025 ( 1)
  30 T   0.80105 0.00058 0.19800 0.00038 ( 1)
  31 G   0.77992 0.00046 0.21932 0.00030 ( 1)
  32 G   0.77472 0.00083 0.22392 0.00054 ( 1)
  33 D   0.80437 0.00519 0.18712 0.00332 ( 1)
  34 I   0.16178 0.03374 0.77419 0.03028 ( 3)
  35 L   0.69824 0.02631 0.25700 0.01844 ( 1)
  36 -   0.40458 0.15262 0.31858 0.12423 ( 1)
  37 R   0.00277 0.45375 0.06034 0.48314 ( 4)
  38 R   0.25663 0.00188 0.74001 0.00149 ( 3)
  39 T   0.02097 0.02620 0.92764 0.02519 ( 3)
  40 S   0.01473 0.00359 0.97752 0.00415 ( 3)
  41 G   0.04143 0.56977 0.01138 0.37741 ( 2)
  42 G   0.03203 0.00153 0.96494 0.00150 ( 3)
  43 P   0.01204 0.50543 0.05228 0.43025 ( 2)
  44 F   0.13626 0.29091 0.33542 0.23741 ( 3)
  45 A   0.82458 0.00130 0.17330 0.00082 ( 1)
  46 Y   0.00038 0.46551 0.01854 0.51558 ( 4)
  47 T   0.00121 0.55331 0.00786 0.43762 ( 2)
  48 I   0.00045 0.55462 0.00267 0.44225 ( 2)
  49 V   0.80062 0.00055 0.19848 0.00035 ( 1)
  50 N   0.41821 0.24729 0.15208 0.18241 ( 1)
  51 I   0.03941 0.45781 0.14139 0.36139 ( 2)
  52 N   0.57286 0.18671 0.11928 0.12114 ( 1)
  53 G   0.00000 0.59066 0.00000 0.40934 ( 2)
  54 -   0.43018 0.14928 0.30256 0.11798 ( 1)
  55 Q   0.00001 0.53679 0.00005 0.46315 ( 2)
  56 L   0.64784 0.00681 0.34031 0.00504 ( 1)
  57 P   0.16207 0.06032 0.72547 0.05213 ( 3)
  58 Q   0.71215 0.00289 0.28299 0.00197 ( 1)
  59 R   0.66109 0.00714 0.32656 0.00521 ( 1)
  60 Y   0.77609 0.00055 0.22301 0.00035 ( 1)
  61 R   0.65694 0.05807 0.24564 0.03934 ( 1)
  62 A   0.53699 0.04190 0.39107 0.03004 ( 1)
  63 R   0.80820 0.00019 0.19149 0.00012 ( 1)
  64 I   0.81714 0.00157 0.18025 0.00104 ( 1)
  65 R   0.58060 0.02381 0.37698 0.01861 ( 1)
  66 Y   0.77262 0.00110 0.22556 0.00072 ( 1)
  67 A   0.67270 0.11195 0.14434 0.07101 ( 1)
  68 S   0.78055 0.00043 0.21875 0.00028 ( 1)
  69 T   0.70640 0.00038 0.29294 0.00028 ( 1)
  70 T   0.82058 0.00021 0.17907 0.00014 ( 1)
  71 N   0.66548 0.02008 0.30013 0.01431 ( 1)
  72 L   0.29073 0.35282 0.11343 0.24302 ( 2)
  73 R   0.65319 0.00520 0.33782 0.00380 ( 1)
  74 I   0.14275 0.49535 0.04511 0.31678 ( 2)
  75 Y   0.37420 0.28270 0.14086 0.20224 ( 1)
  76 V   0.18581 0.42594 0.07731 0.31095 ( 2)
  77 T   0.01298 0.04106 0.89936 0.04660 ( 3)
  78 V   0.02094 0.48551 0.08114 0.41242 ( 2)
  79 A   0.72135 0.01243 0.25780 0.00843 ( 1)
  80 G   0.00754 0.00236 0.98698 0.00312 ( 3)
  81 E   0.00025 0.58820 0.00013 0.41142 ( 2)
  82 R   0.01764 0.00794 0.96518 0.00924 ( 3)
  83 I   0.21258 0.00844 0.77192 0.00705 ( 3)
  84 F   0.01841 0.02054 0.93819 0.02285 ( 3)
  85 A   0.18245 0.01241 0.79413 0.01102 ( 3)
  86 G   0.22539 0.37802 0.11700 0.27959 ( 2)
  87 Q   0.00034 0.51791 0.00238 0.47937 ( 2)
  88 F   0.25135 0.08705 0.59571 0.06590 ( 3)
  89 N   0.78980 0.03357 0.15567 0.02096 ( 1)
  90 K   0.81054 0.00021 0.18912 0.00013 ( 1)
  91 T   0.79993 0.00050 0.19925 0.00032 ( 1)
  92 M   0.79629 0.00829 0.19044 0.00498 ( 1)
  93 D   0.26019 0.41442 0.05943 0.26596 ( 2)
  94 T   0.14742 0.15490 0.55815 0.13954 ( 3)
  95 G   0.22845 0.07086 0.64204 0.05864 ( 3)
  96 D   0.00316 0.50805 0.01288 0.47591 ( 2)
  97 P   0.01342 0.54078 0.01369 0.43211 ( 2)
  98 L   0.69746 0.02680 0.25753 0.01820 ( 1)
  99 T   0.79681 0.00518 0.19465 0.00336 ( 1)
 100 F   0.43141 0.10398 0.38823 0.07638 ( 1)
 101 Q   0.05622 0.50338 0.07014 0.37026 ( 2)
 102 S   0.60074 0.01903 0.36563 0.01459 ( 1)
 103 F   0.81203 0.00216 0.18448 0.00133 ( 1)
 104 S   0.04978 0.56264 0.02137 0.36621 ( 2)
 105 Y   0.00062 0.49612 0.00436 0.49890 ( 4)
 106 A   0.80157 0.00376 0.19227 0.00239 ( 1)
 107 T   0.81992 0.00022 0.17971 0.00014 ( 1)
 108 I   0.02609 0.00073 0.97242 0.00076 ( 3)
 109 N   0.00029 0.57375 0.00014 0.42582 ( 2)
 110 T   0.20028 0.02162 0.76089 0.01721 ( 3)
 111 A   0.03079 0.09033 0.79226 0.08662 ( 3)
 112 F   0.01870 0.00107 0.97899 0.00125 ( 3)
 113 T   0.01614 0.00138 0.98100 0.00148 ( 3)
 114 F   0.67809 0.00213 0.31823 0.00156 ( 1)
 115 P   0.09069 0.50388 0.03992 0.36551 ( 2)
 116 M   0.00005 0.51955 0.00166 0.47874 ( 2)
 117 S   0.00000 0.56688 0.00001 0.43310 ( 2)
 118 Q   0.00000 0.45944 0.00000 0.54056 ( 4)
 119 S   0.30565 0.06783 0.57860 0.04792 ( 3)
 120 S   0.00101 0.02764 0.92604 0.04532 ( 3)
 121 F   0.00778 0.37590 0.19128 0.42503 ( 4)
 122 T   0.24611 0.00160 0.75097 0.00132 ( 3)
 123 V   0.27289 0.01135 0.70707 0.00869 ( 3)
 124 G   0.78925 0.00019 0.21043 0.00012 ( 1)
 125 A   0.80246 0.00249 0.19346 0.00159 ( 1)
 126 D   0.26164 0.00030 0.73782 0.00024 ( 3)
 127 T   0.01971 0.57871 0.00855 0.39303 ( 2)
 128 F   0.69447 0.00090 0.30396 0.00066 ( 1)
 129 S   0.00101 0.57052 0.00091 0.42756 ( 2)
 130 S   0.60048 0.13836 0.17115 0.09001 ( 1)
 131 G   0.02634 0.08418 0.80842 0.08106 ( 3)
 132 N   0.45425 0.25731 0.11987 0.16857 ( 1)
 133 E   0.26289 0.01385 0.71275 0.01051 ( 3)
 134 V   0.19678 0.00105 0.80127 0.00090 ( 3)
 135 Y   0.77609 0.00055 0.22301 0.00035 ( 1)
 136 I   0.33163 0.31547 0.12358 0.22932 ( 1)
 137 D   0.83586 0.00013 0.16392 0.00008 ( 1)
 138 R   0.63275 0.04866 0.28386 0.03474 ( 1)
 139 F   0.10719 0.13621 0.62603 0.13057 ( 3)
 140 E   0.80806 0.00020 0.19161 0.00013 ( 1)
 141 L   0.06676 0.48747 0.11154 0.33424 ( 2)
 142 I   0.69176 0.00254 0.30384 0.00186 ( 1)
 143 P   0.39447 0.15383 0.32498 0.12672 ( 1)


lnL = -2507.506284

