Supplemental results for CODEML (seqf: algn  treef: tree)


dN/dS (w) for site classes (K=4)

site class             0        1       2a       2b
proportion       0.62753  0.11907  0.21298  0.04041
background w     0.41542  1.00715  0.41542  1.00715
foreground w     0.41542  1.00715  0.02267  0.02267

Naive Empirical Bayes (NEB) probabilities for 4 classes
(amino acids refer to 1st sequence: BT_Cry4Ba1)

   1 Y   0.62392 0.10774 0.22554 0.04280 ( 1)
   2 T   0.58292 0.06389 0.29686 0.05633 ( 1)
   3 D   0.57435 0.05716 0.30973 0.05877 ( 1)
   4 A   0.68664 0.31333 0.00003 0.00001 ( 1)
   5 I   0.11129 0.00300 0.74445 0.14125 ( 3)
   6 T   0.14193 0.00495 0.71706 0.13606 ( 3)
   7 Q   0.74152 0.02490 0.19633 0.03725 ( 1)
   8 V   0.09084 0.00221 0.76231 0.14464 ( 3)
   9 P   0.87827 0.11143 0.00866 0.00164 ( 1)
  10 A   0.10890 0.00246 0.74691 0.14172 ( 3)
  11 V   0.15669 0.00596 0.70381 0.13354 ( 3)
  12 K   0.90182 0.03899 0.04975 0.00944 ( 1)
  13 S   0.90766 0.07154 0.01748 0.00332 ( 1)
  14 N   0.83444 0.16543 0.00011 0.00002 ( 1)
  15 F   0.25392 0.74608 0.00000 0.00000 ( 2)
  16 L   0.62090 0.10083 0.23389 0.04438 ( 1)
  17 N   0.86073 0.10405 0.02961 0.00562 ( 1)
  18 A   0.83315 0.16043 0.00540 0.00102 ( 1)
  19 T   0.81157 0.18836 0.00005 0.00001 ( 1)
  20 A   0.67657 0.32343 0.00001 0.00000 ( 1)
  21 K   0.31125 0.68875 0.00000 0.00000 ( 2)
  22 V   0.09093 0.00196 0.76244 0.14467 ( 3)
  23 I   0.11129 0.00300 0.74445 0.14125 ( 3)
  24 K   0.77970 0.22000 0.00026 0.00005 ( 1)
  25 G   0.10609 0.00195 0.74971 0.14225 ( 3)
  26 P   0.08785 0.00143 0.76548 0.14524 ( 3)
  27 G   0.09009 0.00197 0.76314 0.14480 ( 3)
  28 H   0.93785 0.02995 0.02706 0.00513 ( 1)
  29 T   0.10154 0.00234 0.75320 0.14291 ( 3)
  30 G   0.12808 0.00257 0.73070 0.13864 ( 3)
  31 G   0.18595 0.00450 0.68044 0.12911 ( 3)
  32 D   0.04373 0.00055 0.80330 0.15242 ( 3)
  33 L   0.19625 0.00558 0.67088 0.12729 ( 3)
  34 V   0.09092 0.00221 0.76224 0.14463 ( 3)
  35 A   0.94109 0.03547 0.01970 0.00374 ( 1)
  36 L   0.91400 0.08095 0.00425 0.00081 ( 1)
  37 T   0.83337 0.16655 0.00006 0.00001 ( 1)
  38 S   0.66677 0.33321 0.00002 0.00000 ( 1)
  39 N   0.09868 0.00306 0.75500 0.14326 ( 3)
  40 G   0.58836 0.02622 0.32395 0.06147 ( 1)
  41 T   0.76791 0.04334 0.15865 0.03010 ( 1)
  42 L   0.73206 0.02511 0.20411 0.03873 ( 1)
  43 S   0.94001 0.04429 0.01319 0.00250 ( 1)
  44 -   0.62753 0.11907 0.21298 0.04041 ( 1)
  45 G   0.80623 0.18961 0.00349 0.00066 ( 1)
  46 R   0.89162 0.01782 0.07612 0.01444 ( 1)
  47 M   0.92812 0.02950 0.03562 0.00676 ( 1)
  48 E   0.93354 0.04500 0.01803 0.00342 ( 1)
  49 I   0.90783 0.07807 0.01185 0.00225 ( 1)
  50 Q   0.93758 0.05332 0.00765 0.00145 ( 1)
  51 C   0.94089 0.05640 0.00228 0.00043 ( 1)
  52 K   0.78844 0.04370 0.14109 0.02677 ( 1)
  53 T   0.92456 0.06249 0.01089 0.00207 ( 1)
  54 S   0.92661 0.05322 0.01695 0.00322 ( 1)
  55 I   0.68098 0.31845 0.00048 0.00009 ( 1)
  56 F   0.58775 0.06460 0.29220 0.05544 ( 1)
  57 N   0.56536 0.05407 0.31987 0.06069 ( 1)
  58 D   0.57435 0.05716 0.30973 0.05877 ( 1)
  59 P   0.59718 0.07148 0.27850 0.05284 ( 1)
  60 T   0.90731 0.08230 0.00874 0.00166 ( 1)
  61 R   0.77696 0.22271 0.00027 0.00005 ( 1)
  62 S   0.84461 0.15250 0.00243 0.00046 ( 1)
  63 Y   0.66251 0.33746 0.00002 0.00000 ( 1)
  64 G   0.64737 0.35260 0.00003 0.00001 ( 1)
  65 L   0.91201 0.06682 0.01780 0.00338 ( 1)
  66 R   0.24826 0.00530 0.62739 0.11904 ( 3)
  67 I   0.74196 0.03322 0.18897 0.03586 ( 1)
  68 R   0.12081 0.00160 0.73763 0.13996 ( 3)
  69 Y   0.09349 0.00132 0.76083 0.14436 ( 3)
  70 A   0.06715 0.00116 0.78310 0.14859 ( 3)
  71 A   0.87483 0.12427 0.00075 0.00014 ( 1)
  72 N   0.92724 0.04728 0.02141 0.00406 ( 1)
  73 S   0.74152 0.04481 0.17960 0.03408 ( 1)
  74 P   0.79875 0.20050 0.00063 0.00012 ( 1)
  75 I   0.89615 0.01995 0.07052 0.01338 ( 1)
  76 V   0.92557 0.06016 0.01200 0.00228 ( 1)
  77 L   0.86701 0.10446 0.02398 0.00455 ( 1)
  78 N   0.85783 0.14199 0.00016 0.00003 ( 1)
  79 V   0.83080 0.16752 0.00141 0.00027 ( 1)
  80 S   0.61678 0.38298 0.00020 0.00004 ( 1)
  81 Y   0.91873 0.05352 0.02332 0.00442 ( 1)
  82 V   0.65407 0.33881 0.00598 0.00114 ( 1)
  83 L   0.56283 0.43629 0.00073 0.00014 ( 1)
  84 Q   0.52472 0.47456 0.00061 0.00012 ( 1)
  85 G   0.88180 0.09705 0.01778 0.00337 ( 1)
  86 V   0.88087 0.11797 0.00098 0.00019 ( 1)
  87 S   0.77441 0.22556 0.00003 0.00000 ( 1)
  88 R   0.72243 0.27743 0.00012 0.00002 ( 1)
  89 G   0.84366 0.14810 0.00692 0.00131 ( 1)
  90 T   0.69855 0.30142 0.00002 0.00000 ( 1)
  91 T   0.58264 0.41735 0.00000 0.00000 ( 1)
  92 I   0.72076 0.07256 0.17372 0.03296 ( 1)
  93 S   0.33825 0.66175 0.00000 0.00000 ( 2)
  94 T   0.81003 0.18989 0.00006 0.00001 ( 1)
  95 E   0.65940 0.34055 0.00005 0.00001 ( 1)
  96 S   0.71746 0.28185 0.00058 0.00011 ( 1)
  97 T   0.80088 0.18655 0.01056 0.00200 ( 1)
  98 F   0.92997 0.06768 0.00198 0.00038 ( 1)
  99 S   0.16992 0.00380 0.69451 0.13178 ( 3)
 100 R   0.91979 0.07065 0.00803 0.00152 ( 1)
 101 P   0.90859 0.08961 0.00151 0.00029 ( 1)
 102 N   0.89049 0.07832 0.02622 0.00497 ( 1)
 103 N   0.48388 0.01785 0.41881 0.07947 ( 1)
 104 I   0.57527 0.06008 0.30650 0.05816 ( 1)
 105 I   0.57527 0.06008 0.30650 0.05816 ( 1)
 106 P   0.59718 0.07148 0.27850 0.05284 ( 1)
 107 T   0.58292 0.06389 0.29686 0.05633 ( 1)
 108 D   0.57435 0.05716 0.30973 0.05877 ( 1)
 109 L   0.17692 0.00487 0.68772 0.13049 ( 3)
 110 K   0.70435 0.02369 0.22859 0.04337 ( 1)
 111 Y   0.09349 0.00132 0.76083 0.14436 ( 3)
 112 E   0.06567 0.00095 0.78452 0.14886 ( 3)
 113 E   0.67592 0.32398 0.00008 0.00002 ( 1)
 114 F   0.64175 0.02906 0.27669 0.05250 ( 1)
 115 R   0.79917 0.19207 0.00736 0.00140 ( 1)
 116 Y   0.89317 0.09392 0.01086 0.00206 ( 1)
 117 K   0.84951 0.15041 0.00007 0.00001 ( 1)
 118 D   0.77924 0.21953 0.00103 0.00020 ( 1)
 119 P   0.91700 0.08164 0.00114 0.00022 ( 1)
 120 F   0.75599 0.24396 0.00004 0.00001 ( 1)
 121 D   0.34090 0.00485 0.54991 0.10434 ( 3)
 122 A   0.70388 0.29609 0.00003 0.00001 ( 1)
 123 I   0.90181 0.04371 0.04579 0.00869 ( 1)
 124 V   0.58699 0.06533 0.29223 0.05545 ( 1)
 125 P   0.62271 0.10480 0.22903 0.04346 ( 1)
 126 M   0.58748 0.06339 0.29345 0.05568 ( 1)
 127 R   0.58511 0.06323 0.29558 0.05608 ( 1)
 128 L   0.60866 0.08314 0.25904 0.04915 ( 1)
 129 S   0.59566 0.07057 0.28054 0.05323 ( 1)
 130 S   0.84379 0.15592 0.00024 0.00005 ( 1)
 131 N   0.92206 0.07648 0.00122 0.00023 ( 1)
 132 Q   0.83757 0.15339 0.00760 0.00144 ( 1)
 133 L   0.67387 0.32590 0.00019 0.00004 ( 1)
 134 I   0.45795 0.54204 0.00001 0.00000 ( 2)
 135 T   0.93756 0.02994 0.02731 0.00518 ( 1)
 136 I   0.46339 0.00950 0.44304 0.08406 ( 1)
 137 A   0.78289 0.21648 0.00053 0.00010 ( 1)
 138 I   0.89783 0.08756 0.01228 0.00233 ( 1)
 139 Q   0.93054 0.05730 0.01022 0.00194 ( 1)
 140 P   0.93248 0.03214 0.02974 0.00564 ( 1)
 141 L   0.81409 0.05644 0.10883 0.02065 ( 1)
 142 N   0.07131 0.00130 0.77949 0.14790 ( 3)
 143 M   0.51981 0.01739 0.38899 0.07381 ( 1)
 144 T   0.57990 0.01058 0.34421 0.06531 ( 1)
 145 S   0.54360 0.45638 0.00002 0.00000 ( 1)
 146 N   0.52548 0.02122 0.38101 0.07229 ( 1)
 147 N   0.90739 0.09150 0.00093 0.00018 ( 1)
 148 Q   0.82414 0.17514 0.00060 0.00011 ( 1)
 149 V   0.69564 0.04600 0.21716 0.04120 ( 1)
 150 I   0.75838 0.24071 0.00076 0.00014 ( 1)
 151 I   0.74228 0.03567 0.18663 0.03541 ( 1)
 152 D   0.07519 0.00119 0.77632 0.14730 ( 3)
 153 R   0.57570 0.02444 0.33609 0.06377 ( 1)
 154 I   0.85772 0.13425 0.00675 0.00128 ( 1)
 155 E   0.13623 0.00797 0.71931 0.13648 ( 3)
 156 I   0.20842 0.01774 0.65043 0.12341 ( 3)
 157 I   0.70379 0.06091 0.19777 0.03753 ( 1)


lnL = -2016.263072

