Supplemental results for CODEML (seqf: algn  treef: tree)


dN/dS (w) for site classes (K=4)

site class             0        1       2a       2b
proportion       0.06260  0.04187  0.53661  0.35891
background w     0.11801  0.74932  0.11801  0.74932
foreground w     0.11801  0.74932  0.03806  0.03806

Naive Empirical Bayes (NEB) probabilities for 4 classes
(amino acids refer to 1st sequence: BT_Cry13Aa1)

   1 S   0.06946 0.02228 0.62640 0.28186 ( 3)
   2 V   0.09269 0.00232 0.86618 0.03880 ( 3)
   3 A   0.09628 0.00411 0.85307 0.04654 ( 3)
   4 V   0.09289 0.00215 0.86824 0.03671 ( 3)
   5 P   0.10086 0.00122 0.88545 0.01247 ( 3)
   6 L   0.07082 0.01983 0.64610 0.26325 ( 3)
   7 I   0.04447 0.04722 0.39295 0.51536 ( 4)
   8 S   0.08661 0.01168 0.76764 0.13406 ( 3)
   9 M   0.09576 0.00054 0.89417 0.00954 ( 3)
  10 L   0.09152 0.00770 0.81247 0.08831 ( 3)
  11 V   0.09276 0.00178 0.87535 0.03011 ( 3)
  12 G   0.06990 0.02791 0.61239 0.28979 ( 3)
  13 V   0.01407 0.07905 0.12263 0.78425 ( 4)
  14 F   0.13253 0.16126 0.40127 0.30494 ( 3)
  15 W   0.09340 0.00848 0.81396 0.08416 ( 3)
  16 P   0.09859 0.00010 0.89989 0.00142 ( 3)
  17 K   0.04974 0.30079 0.15173 0.49774 ( 4)
  18 -   0.06260 0.04187 0.53661 0.35891 ( 3)
  19 -   0.06260 0.04187 0.53661 0.35891 ( 3)
  20 -   0.06260 0.04187 0.53661 0.35891 ( 3)
  21 -   0.06260 0.04187 0.53661 0.35891 ( 3)
  22 -   0.01650 0.08797 0.14144 0.75409 ( 4)
  23 -   0.02216 0.04076 0.21001 0.72708 ( 4)
  24 G   0.00163 0.24356 0.00600 0.74880 ( 4)
  25 T   0.00157 0.08006 0.01428 0.90410 ( 4)
  26 N   0.01307 0.06219 0.11755 0.80719 ( 4)
  27 N   0.24154 0.00143 0.75320 0.00383 ( 3)
  28 Q   0.05204 0.02843 0.48240 0.43713 ( 3)
  29 E   0.04614 0.03623 0.41804 0.49959 ( 4)
  30 N   0.07849 0.01379 0.71220 0.19552 ( 3)
  31 L   0.09158 0.00908 0.80428 0.09507 ( 3)
  32 I   0.09269 0.00173 0.87518 0.03040 ( 3)
  33 T   0.00142 0.05538 0.01356 0.92964 ( 4)
  34 V   0.09471 0.00346 0.85566 0.04617 ( 3)
  35 I   0.09551 0.00005 0.90347 0.00097 ( 3)
  36 D   0.09764 0.00003 0.90197 0.00037 ( 3)
  37 K   0.00087 0.06171 0.00804 0.92938 ( 4)
  38 E   0.09557 0.00004 0.90373 0.00067 ( 3)
  39 V   0.09519 0.00024 0.90027 0.00430 ( 3)
  40 Q   0.09849 0.00014 0.89935 0.00202 ( 3)
  41 R   0.09327 0.00111 0.88562 0.02000 ( 3)
  42 I   0.04185 0.04202 0.37726 0.53887 ( 4)
  43 L   0.10032 0.00044 0.89412 0.00512 ( 3)
  44 D   0.09563 0.00117 0.88604 0.01716 ( 3)
  45 E   0.20966 0.03059 0.64930 0.11045 ( 3)
  46 K   0.08563 0.00794 0.79096 0.11548 ( 3)
  47 L   0.09912 0.00050 0.89373 0.00665 ( 3)
  48 S   0.09542 0.00181 0.87530 0.02747 ( 3)
  49 D   0.06173 0.54522 0.07750 0.31555 ( 2)
  50 Q   0.09019 0.00549 0.82358 0.08073 ( 3)
  51 L   0.09086 0.00181 0.87124 0.03609 ( 3)
  52 I   0.08056 0.00824 0.76459 0.14661 ( 3)
  53 K   0.07714 0.00868 0.74236 0.17183 ( 3)
  54 K   0.15175 0.05970 0.48743 0.30112 ( 3)
  55 L   0.06394 0.03469 0.55717 0.34420 ( 3)
  56 N   0.00009 0.07696 0.00077 0.92218 ( 4)
  57 A   0.07127 0.01723 0.65333 0.25818 ( 3)
  58 D   0.09241 0.00586 0.82970 0.07204 ( 3)
  59 L   0.09898 0.00045 0.89453 0.00604 ( 3)
  60 N   0.00723 0.05758 0.06674 0.86846 ( 4)
  61 A   0.00097 0.05852 0.00904 0.93146 ( 4)
  62 F   0.09506 0.00030 0.89929 0.00535 ( 3)
  63 T   0.01099 0.06441 0.09952 0.82508 ( 4)
  64 D   0.06403 0.02425 0.57765 0.33408 ( 3)
  65 L   0.01116 0.04711 0.10589 0.83584 ( 4)
  66 V   0.03926 0.05514 0.34329 0.56232 ( 4)
  67 T   0.01885 0.25228 0.05731 0.67156 ( 4)
  68 R   0.00009 0.05905 0.00083 0.94003 ( 4)
  69 L   0.00610 0.05726 0.05642 0.88022 ( 4)
  70 E   0.00019 0.17304 0.00101 0.82576 ( 4)
  71 E   0.00015 0.08105 0.00134 0.91746 ( 4)
  72 V   0.06716 0.04156 0.60772 0.28356 ( 3)
  73 I   0.09619 0.00407 0.85414 0.04560 ( 3)
  74 I   0.06042 0.02401 0.55369 0.36188 ( 3)
  75 D   0.09419 0.00019 0.90198 0.00364 ( 3)
  76 A   0.09934 0.00009 0.89935 0.00121 ( 3)
  77 T   0.04220 0.04734 0.37382 0.53663 ( 4)
  78 F   0.08699 0.00566 0.81034 0.09701 ( 3)
  79 -   0.08915 0.00954 0.79153 0.10978 ( 3)
  80 -   0.09757 0.00032 0.89705 0.00505 ( 3)
  81 -   0.13275 0.02506 0.65006 0.19212 ( 3)
  82 -   0.09083 0.00271 0.85768 0.04878 ( 3)
  83 -   0.01432 0.05167 0.13164 0.80237 ( 4)
  84 E   0.03267 0.03170 0.31294 0.62269 ( 4)
  85 N   0.05041 0.03830 0.45739 0.45390 ( 3)
  86 H   0.07886 0.01420 0.72034 0.18661 ( 3)
  87 K   0.09564 0.00072 0.89120 0.01244 ( 3)
  88 P   0.03905 0.03853 0.35656 0.56586 ( 4)
  89 V   0.00158 0.06238 0.01446 0.92158 ( 4)
  90 L   0.03891 0.04663 0.34820 0.56626 ( 4)
  91 Q   0.00709 0.05156 0.06641 0.87493 ( 4)
  92 V   0.08794 0.00704 0.80242 0.10260 ( 3)
  93 S   0.02791 0.04321 0.25652 0.67237 ( 4)
  94 K   0.00016 0.06740 0.00148 0.93096 ( 4)
  95 S   0.09929 0.00029 0.89657 0.00385 ( 3)
  96 N   0.09959 0.00022 0.89729 0.00290 ( 3)
  97 Y   0.10204 0.00027 0.89485 0.00283 ( 3)
  98 M   0.00005 0.05692 0.00046 0.94258 ( 4)
  99 K   0.09763 0.00124 0.88430 0.01682 ( 3)
 100 V   0.09616 0.00024 0.89959 0.00401 ( 3)
 101 D   0.02235 0.04960 0.20500 0.72304 ( 4)
 102 S   0.00011 0.05566 0.00102 0.94322 ( 4)
 103 A   0.00033 0.05546 0.00311 0.94110 ( 4)
 104 Y   0.06555 0.02024 0.60247 0.31174 ( 3)
 105 F   0.00027 0.07214 0.00240 0.92519 ( 4)
 106 S   0.00194 0.05602 0.01805 0.92399 ( 4)
 107 T   0.09267 0.00497 0.83978 0.06258 ( 3)
 108 G   0.00636 0.83760 0.00677 0.14928 ( 2)
 109 G   0.01489 0.04918 0.13768 0.79825 ( 4)
 110 I   0.00024 0.06170 0.00223 0.93582 ( 4)
 111 L   0.09714 0.00059 0.89306 0.00921 ( 3)
 112 T   0.00040 0.08018 0.00351 0.91591 ( 4)
 113 L   0.00119 0.06062 0.01102 0.92716 ( 4)
 114 G   0.00853 0.07815 0.07509 0.83823 ( 4)
 115 M   0.00313 0.08703 0.02736 0.88248 ( 4)
 116 S   0.07055 0.01366 0.66442 0.25138 ( 3)
 117 D   0.00626 0.05970 0.05718 0.87686 ( 4)
 118 F   0.08448 0.00674 0.78883 0.11995 ( 3)
 119 L   0.06719 0.01600 0.63471 0.28211 ( 3)
 120 T   0.09323 0.00440 0.84306 0.05932 ( 3)
 121 D   0.09297 0.00739 0.81910 0.08053 ( 3)
 122 T   0.09712 0.00172 0.87802 0.02315 ( 3)
 123 Y   0.09661 0.00018 0.90003 0.00317 ( 3)
 124 S   0.08194 0.00655 0.78370 0.12780 ( 3)
 125 K   0.01137 0.07140 0.10087 0.81636 ( 4)
 126 L   0.09397 0.00606 0.83240 0.06757 ( 3)
 127 T   0.09604 0.00054 0.89450 0.00892 ( 3)
 128 F   0.05352 0.02317 0.50737 0.41594 ( 3)
 129 P   0.09807 0.00032 0.89693 0.00469 ( 3)
 130 L   0.07265 0.02300 0.64310 0.26124 ( 3)
 131 Y   0.09410 0.00161 0.87656 0.02773 ( 3)
 132 V   0.08929 0.01046 0.78708 0.11316 ( 3)
 133 L   0.09480 0.00030 0.89949 0.00541 ( 3)
 134 G   0.09797 0.00008 0.90076 0.00119 ( 3)
 135 A   0.09677 0.00005 0.90231 0.00086 ( 3)
 136 T   0.09661 0.00016 0.90060 0.00263 ( 3)
 137 M   0.00828 0.05364 0.07728 0.86079 ( 4)
 138 K   0.02643 0.04744 0.24126 0.68487 ( 4)
 139 L   0.09101 0.00438 0.83673 0.06788 ( 3)
 140 S   0.07683 0.02216 0.67274 0.22827 ( 3)
 141 A   0.00148 0.06970 0.01346 0.91536 ( 4)
 142 Y   0.06224 0.02142 0.57521 0.34113 ( 3)
 143 H   0.09791 0.00051 0.89404 0.00753 ( 3)
 144 S   0.11356 0.35477 0.32170 0.20996 ( 2)
 145 Y   0.09081 0.00396 0.84048 0.06475 ( 3)
 146 I   0.09440 0.00052 0.89570 0.00937 ( 3)
 147 Q   0.09244 0.00611 0.82660 0.07486 ( 3)
 148 F   0.09688 0.00004 0.90248 0.00060 ( 3)
 149 G   0.01813 0.06685 0.16047 0.75455 ( 4)
 150 N   0.09101 0.00179 0.87516 0.03204 ( 3)
 151 T   0.00014 0.05636 0.00130 0.94221 ( 4)
 152 W   0.09340 0.00848 0.81396 0.08416 ( 3)
 153 L   0.09143 0.00970 0.79967 0.09920 ( 3)
 154 N   0.04015 0.03729 0.36730 0.55526 ( 4)
 155 K   0.00086 0.05750 0.00802 0.93361 ( 4)
 156 V   0.09775 0.00011 0.90052 0.00162 ( 3)
 157 Y   0.09704 0.00036 0.89685 0.00575 ( 3)
 158 -   0.09433 0.00285 0.86101 0.04180 ( 3)
 159 -   0.08062 0.00721 0.77137 0.14080 ( 3)
 160 -   0.08199 0.00950 0.75769 0.15082 ( 3)
 161 D   0.01803 0.06129 0.16175 0.75893 ( 4)
 162 L   0.00060 0.05650 0.00565 0.93724 ( 4)
 163 S   0.00493 0.06311 0.04474 0.88722 ( 4)
 164 S   0.00002 0.08780 0.00014 0.91205 ( 4)
 165 D   0.00179 0.06999 0.01625 0.91196 ( 4)
 166 E   0.00017 0.05705 0.00163 0.94115 ( 4)
 167 G   0.01277 0.05239 0.11736 0.81748 ( 4)
 168 K   0.00104 0.05877 0.00957 0.93063 ( 4)
 169 T   0.09558 0.00050 0.89529 0.00862 ( 3)
 170 M   0.00964 0.05751 0.08803 0.84482 ( 4)
 171 S   0.00017 0.08711 0.00147 0.91126 ( 4)
 172 Q   0.07063 0.01838 0.64457 0.26642 ( 3)
 173 A   0.05149 0.02423 0.49320 0.43107 ( 3)
 174 L   0.09938 0.00044 0.89456 0.00563 ( 3)
 175 A   0.00146 0.07937 0.01292 0.90626 ( 4)
 176 R   0.00252 0.05210 0.02410 0.92129 ( 4)
 177 A   0.09620 0.00365 0.85768 0.04246 ( 3)
 178 K   0.09521 0.00004 0.90404 0.00071 ( 3)
 179 Q   0.00006 0.07437 0.00057 0.92499 ( 4)
 180 H   0.00105 0.04945 0.01008 0.93942 ( 4)
 181 M   0.09659 0.00008 0.90193 0.00140 ( 3)
 182 R   0.07245 0.02737 0.63081 0.26937 ( 3)
 183 Q   0.00251 0.05707 0.02336 0.91706 ( 4)
 184 D   0.00008 0.06172 0.00071 0.93750 ( 4)
 185 I   0.09560 0.00009 0.90271 0.00160 ( 3)
 186 A   0.00004 0.07414 0.00038 0.92543 ( 4)
 187 F   0.00002 0.15432 0.00008 0.84558 ( 4)
 188 Y   0.09808 0.00256 0.86993 0.02943 ( 3)
 189 T   0.09730 0.00011 0.90085 0.00173 ( 3)
 190 S   0.00007 0.07240 0.00061 0.92692 ( 4)
 191 Q   0.02525 0.03858 0.23949 0.69668 ( 4)
 192 A   0.09841 0.00035 0.89649 0.00475 ( 3)
 193 L   0.05165 0.03977 0.45735 0.45123 ( 3)
 194 N   0.07193 0.01690 0.66696 0.24422 ( 3)
 195 M   0.05739 0.03737 0.50523 0.40001 ( 3)
 196 F   0.09690 0.00002 0.90270 0.00038 ( 3)
 197 T   0.08633 0.00493 0.81972 0.08902 ( 3)
 198 -   0.09958 0.00489 0.85361 0.04192 ( 3)
 199 -   0.01577 0.08870 0.13517 0.76036 ( 4)
 200 G   0.00747 0.23839 0.02543 0.72872 ( 4)
 201 N   0.02698 0.04988 0.24645 0.67669 ( 4)
 202 L   0.00826 0.08797 0.06853 0.83524 ( 4)
 203 P   0.09842 0.00008 0.90037 0.00113 ( 3)
 204 S   0.08704 0.00800 0.79181 0.11315 ( 3)
 205 L   0.09685 0.00221 0.87403 0.02691 ( 3)
 206 S   0.00083 0.08045 0.00748 0.91124 ( 4)
 207 S   0.07662 0.01364 0.70285 0.20689 ( 3)
 208 N   0.09358 0.00121 0.88255 0.02266 ( 3)
 209 K   0.09521 0.00004 0.90404 0.00071 ( 3)
 210 Y   0.00099 0.05244 0.00955 0.93701 ( 4)
 211 A   0.03335 0.04659 0.30107 0.61898 ( 4)
 212 I   0.22911 0.00760 0.72785 0.03545 ( 3)
 213 N   0.09693 0.00198 0.88279 0.01830 ( 3)
 214 D   0.00971 0.12587 0.07789 0.78653 ( 4)
 215 Y   0.10088 0.00091 0.88859 0.00962 ( 3)
 216 N   0.09421 0.00003 0.90511 0.00065 ( 3)
 217 V   0.00401 0.31925 0.01240 0.66433 ( 4)
 218 Y   0.09662 0.00061 0.89296 0.00980 ( 3)
 219 T   0.08146 0.00845 0.76396 0.14613 ( 3)
 220 R   0.09355 0.00607 0.83010 0.07028 ( 3)
 221 A   0.09747 0.00061 0.89290 0.00902 ( 3)
 222 M   0.09796 0.00023 0.89855 0.00326 ( 3)
 223 V   0.06238 0.02096 0.58198 0.33468 ( 3)
 224 L   0.08696 0.01192 0.76907 0.13204 ( 3)
 225 N   0.09894 0.00044 0.89469 0.00593 ( 3)
 226 G   0.07614 0.01538 0.69720 0.21128 ( 3)
 227 L   0.09895 0.00062 0.89249 0.00794 ( 3)
 228 D   0.09441 0.00002 0.90526 0.00031 ( 3)
 229 I   0.02237 0.14508 0.08408 0.74847 ( 4)
 230 V   0.25914 0.00331 0.73467 0.00287 ( 3)
 231 A   0.09674 0.00007 0.90195 0.00124 ( 3)
 232 T   0.08752 0.00518 0.81971 0.08759 ( 3)
 233 W   0.09340 0.00848 0.81396 0.08416 ( 3)


lnL = -4173.446260

