Supplemental results for CODEML (seqf: algn  treef: tree)


dN/dS (w) for site classes (K=4)

site class             0        1       2a       2b
proportion       0.40083  0.36181  0.12475  0.11261
background w     0.10682  1.00000  0.10682  1.00000
foreground w     0.10682  1.00000  1.00000  1.00000

Naive Empirical Bayes (NEB) probabilities for 4 classes
(amino acids refer to 1st sequence: BT_Cry7Cb1)

   1 -   0.41978 0.34286 0.13065 0.10671 ( 1)
   2 -   0.12763 0.63501 0.03972 0.19764 ( 2)
   3 -   0.69006 0.07259 0.21477 0.02259 ( 1)
   4 K   0.81207 0.05932 0.11016 0.01846 ( 1)
   5 I   0.88159 0.00414 0.11299 0.00129 ( 1)
   6 S   0.03424 0.72364 0.01690 0.22522 ( 2)
   7 Q   0.82214 0.01926 0.15260 0.00599 ( 1)
   8 L   0.75781 0.07755 0.14050 0.02414 ( 1)
   9 Y   0.51223 0.31102 0.07995 0.09680 ( 1)
  10 A   0.02583 0.71599 0.03535 0.22284 ( 2)
  11 V   0.88099 0.00224 0.11607 0.00070 ( 1)
  12 K   0.87788 0.00307 0.11809 0.00096 ( 1)
  13 A   0.00579 0.75150 0.00882 0.23389 ( 2)
  14 Y   0.09197 0.52658 0.21756 0.16389 ( 2)
  15 T   0.04224 0.16147 0.74604 0.05025 ( 3)
  16 T   0.08934 0.53960 0.20312 0.16794 ( 2)
  17 -   0.11449 0.64815 0.03563 0.20172 ( 2)
  18 S   0.00225 0.75807 0.00375 0.23593 ( 2)
  19 N   0.86886 0.02040 0.10438 0.00635 ( 1)
  20 V   0.41084 0.29348 0.20434 0.09134 ( 1)
  21 S   0.85695 0.00931 0.13084 0.00290 ( 1)
  22 V   0.88127 0.00202 0.11609 0.00063 ( 1)
  23 V   0.05337 0.65993 0.08131 0.20539 ( 2)
  24 G   0.00640 0.75052 0.00950 0.23358 ( 2)
  25 G   0.81996 0.00152 0.17804 0.00047 ( 1)
  26 P   0.86170 0.00081 0.13724 0.00025 ( 1)
  27 G   0.86012 0.00182 0.13750 0.00056 ( 1)
  28 F   0.88186 0.00051 0.11747 0.00016 ( 1)
  29 L   0.70528 0.12380 0.13238 0.03853 ( 1)
  30 G   0.85874 0.00303 0.13729 0.00094 ( 1)
  31 G   0.86012 0.00182 0.13750 0.00056 ( 1)
  32 N   0.89574 0.00065 0.10341 0.00020 ( 1)
  33 I   0.83467 0.03856 0.11477 0.01200 ( 1)
  34 I   0.44819 0.37624 0.05848 0.11710 ( 1)
  35 K   0.84344 0.03291 0.11341 0.01024 ( 1)
  36 G   0.36345 0.07138 0.54295 0.02222 ( 3)
  37 N   0.70592 0.16067 0.08341 0.05000 ( 1)
  38 N   0.25773 0.31819 0.32505 0.09903 ( 3)
  39 D   0.06374 0.70817 0.00770 0.22040 ( 2)
  40 P   0.15539 0.51725 0.16638 0.16098 ( 2)
  41 A   0.00062 0.76187 0.00039 0.23712 ( 2)
  42 S   0.01558 0.59643 0.20236 0.18563 ( 2)
  43 Y   0.02575 0.73997 0.00398 0.23030 ( 2)
  44 T   0.00033 0.75713 0.00690 0.23564 ( 2)
  45 G   0.03338 0.73307 0.00539 0.22815 ( 2)
  46 S   0.15446 0.62608 0.02461 0.19485 ( 2)
  47 V   0.70723 0.08718 0.17845 0.02713 ( 1)
  48 S   0.00068 0.75888 0.00425 0.23619 ( 2)
  49 W   0.01460 0.63738 0.14965 0.19837 ( 2)
  50 A   0.15973 0.51111 0.17009 0.15907 ( 2)
  51 I   0.65731 0.19641 0.08516 0.06113 ( 1)
  52 R   0.63657 0.20771 0.09107 0.06465 ( 1)
  53 L   0.62952 0.16521 0.15384 0.05142 ( 1)
  54 D   0.00734 0.75637 0.00088 0.23541 ( 2)
  55 G   0.05338 0.71635 0.00732 0.22295 ( 2)
  56 -   0.40083 0.36181 0.12475 0.11261 ( 1)
  57 S   0.00882 0.74929 0.00869 0.23320 ( 2)
  58 T   0.00328 0.67499 0.11165 0.21008 ( 2)
  59 V   0.06521 0.69743 0.02030 0.21706 ( 2)
  60 S   0.00883 0.75509 0.00108 0.23501 ( 2)
  61 R   0.02012 0.46196 0.37414 0.14378 ( 2)
  62 F   0.77865 0.02521 0.18830 0.00785 ( 1)
  63 R   0.85303 0.00116 0.14545 0.00036 ( 1)
  64 L   0.31449 0.26400 0.33935 0.08216 ( 3)
  65 R   0.87453 0.00081 0.12441 0.00025 ( 1)
  66 I   0.88397 0.00212 0.11325 0.00066 ( 1)
  67 P   0.76379 0.07097 0.14315 0.02209 ( 1)
  68 Y   0.86688 0.00101 0.13180 0.00031 ( 1)
  69 A   0.88238 0.00113 0.11614 0.00035 ( 1)
  70 A   0.86807 0.01223 0.11589 0.00381 ( 1)
  71 E   0.15441 0.62818 0.02190 0.19551 ( 2)
  72 T   0.82572 0.04182 0.11945 0.01301 ( 1)
  73 D   0.76994 0.10653 0.09037 0.03316 ( 1)
  74 G   0.00318 0.75957 0.00085 0.23640 ( 2)
  75 T   0.00269 0.74211 0.02423 0.23097 ( 2)
  76 F   0.88016 0.00187 0.11738 0.00058 ( 1)
  77 S   0.00188 0.75350 0.01010 0.23451 ( 2)
  78 I   0.29924 0.50456 0.03917 0.15703 ( 2)
  79 T   0.67925 0.17732 0.08824 0.05519 ( 1)
  80 V   0.18274 0.49455 0.16880 0.15392 ( 2)
  81 R   0.49580 0.29772 0.11382 0.09266 ( 1)
  82 D   0.50059 0.29450 0.11325 0.09166 ( 1)
  83 D   0.03665 0.69413 0.05319 0.21603 ( 2)
  84 L   0.00647 0.74898 0.01145 0.23310 ( 2)
  85 G   0.78472 0.00487 0.20890 0.00152 ( 1)
  86 P   0.23680 0.55314 0.03790 0.17216 ( 2)
  87 F   0.00006 0.76253 0.00008 0.23732 ( 2)
  88 T   0.51170 0.31992 0.06881 0.09957 ( 1)
  89 I   0.70952 0.14665 0.09819 0.04564 ( 1)
  90 K   0.04293 0.70914 0.02722 0.22071 ( 2)
  91 K   0.00010 0.76241 0.00020 0.23728 ( 2)
  92 D   0.00011 0.76244 0.00015 0.23729 ( 2)
  93 F   0.78449 0.08462 0.10455 0.02634 ( 1)
  94 I   0.06382 0.65274 0.08028 0.20315 ( 2)
  95 A   0.45170 0.36628 0.06802 0.11400 ( 1)
  96 T   0.87171 0.00180 0.12593 0.00056 ( 1)
  97 M   0.86616 0.00030 0.13345 0.00009 ( 1)
  98 K   0.01503 0.69644 0.07178 0.21675 ( 2)
  99 P   0.02725 0.73720 0.00610 0.22944 ( 2)
 100 G   0.86012 0.00182 0.13750 0.00056 ( 1)
 101 D   0.24932 0.54989 0.02965 0.17114 ( 2)
 102 P   0.36739 0.43777 0.05859 0.13625 ( 2)
 103 L   0.83887 0.00450 0.15523 0.00140 ( 1)
 104 S   0.79137 0.04242 0.15301 0.01320 ( 1)
 105 Y   0.85610 0.01047 0.13017 0.00326 ( 1)
 106 G   0.04863 0.68615 0.05167 0.21355 ( 2)
 107 K   0.16674 0.61822 0.02263 0.19241 ( 2)
 108 F   0.41104 0.00332 0.58461 0.00103 ( 3)
 109 E   0.39493 0.28673 0.22911 0.08924 ( 1)
 110 Y   0.84064 0.02392 0.12799 0.00745 ( 1)
 111 L   0.25252 0.33214 0.31197 0.10337 ( 2)
 112 E   0.10844 0.66817 0.01544 0.20795 ( 2)
 113 F   0.82065 0.01271 0.16268 0.00396 ( 1)
 114 E   0.00033 0.76224 0.00020 0.23723 ( 2)
 115 Q   0.04554 0.71265 0.02002 0.22180 ( 2)
 116 T   0.74614 0.07707 0.15281 0.02399 ( 1)
 117 M   0.07658 0.59625 0.14160 0.18557 ( 2)
 118 S   0.01124 0.74552 0.01121 0.23203 ( 2)
 119 L   0.10807 0.04148 0.83754 0.01291 ( 3)
 120 N   0.00126 0.75781 0.00509 0.23585 ( 2)
 121 N   0.06347 0.16387 0.72165 0.05100 ( 3)
 122 K   0.00001 0.76229 0.00044 0.23725 ( 2)
 123 H   0.01916 0.74589 0.00281 0.23214 ( 2)
 124 G   0.79271 0.07594 0.10770 0.02364 ( 1)
 125 Q   0.00162 0.75064 0.01412 0.23362 ( 2)
 126 F   0.53822 0.29682 0.07257 0.09238 ( 1)
 127 F   0.00225 0.76051 0.00054 0.23669 ( 2)
 128 V   0.86943 0.01042 0.11691 0.00324 ( 1)
 129 H   0.04150 0.45565 0.36104 0.14181 ( 2)
 130 T   0.03618 0.65467 0.10539 0.20375 ( 2)
 131 E   0.01355 0.74071 0.01521 0.23053 ( 2)
 132 N   0.24020 0.39656 0.23982 0.12342 ( 2)
 133 L   0.75857 0.07636 0.14131 0.02376 ( 1)
 134 K   0.00351 0.75892 0.00137 0.23620 ( 2)
 135 D   0.02708 0.73949 0.00327 0.23015 ( 2)
 136 R   0.63657 0.20771 0.09107 0.06465 ( 1)
 137 N   0.26260 0.47321 0.11691 0.14728 ( 2)
 138 S   0.03306 0.72892 0.01115 0.22686 ( 2)
 139 S   0.07697 0.67266 0.04102 0.20935 ( 2)
 140 V   0.87003 0.00229 0.12697 0.00071 ( 1)
 141 Y   0.86688 0.00101 0.13180 0.00031 ( 1)
 142 W   0.30972 0.46523 0.08026 0.14479 ( 2)
 143 N   0.39143 0.09305 0.48655 0.02896 ( 3)
 144 R   0.36984 0.11854 0.47473 0.03689 ( 3)
 145 V   0.21228 0.57898 0.02854 0.18020 ( 2)
 146 E   0.83928 0.00115 0.15921 0.00036 ( 1)
 147 I   0.86000 0.02058 0.11302 0.00641 ( 1)
 148 I   0.24114 0.15430 0.55653 0.04802 ( 3)
 149 P   0.77415 0.05129 0.15860 0.01596 ( 1)


lnL = -2138.146286

