Supplemental results for CODEML (seqf: algn  treef: tree)


dN/dS (w) for site classes (K=4)

site class             0        1       2a       2b
proportion       0.00000  0.00000  0.75733  0.24267
background w     0.11768  1.00000  0.11768  1.00000
foreground w     0.11768  1.00000  1.00000  1.00000

Naive Empirical Bayes (NEB) probabilities for 4 classes
(amino acids refer to 1st sequence: BT_Cry18Aa1)

   1 N   0.00000 0.00000 0.93525 0.06475 ( 3)
   2 Q   0.00000 0.00000 0.93513 0.06487 ( 3)
   3 N   0.00000 0.00000 0.93525 0.06475 ( 3)
   4 G   0.00000 0.00000 0.96869 0.03131 ( 3)
   5 T   0.00000 0.00000 0.92737 0.07263 ( 3)
   6 M   0.00000 0.00000 0.98296 0.01704 ( 3)
   7 I   0.00000 0.00000 0.99982 0.00018 ( 3)
   8 H   0.00000 0.00000 0.99999 0.00001 ( 3)
   9 Q   0.00000 0.00000 0.67091 0.32909 ( 3)
  10 A   0.00000 0.00000 0.97224 0.02776 ( 3)
  11 P   0.00000 0.00000 0.99987 0.00013 ( 3)
  12 P   0.00000 0.00000 0.00000 1.00000 ( 4)
  13 D   0.00000 0.00000 0.99980 0.00020 ( 3)
  14 G   0.00000 0.00000 0.98791 0.01209 ( 3)
  15 T   0.00000 0.00000 0.99753 0.00247 ( 3)
  16 G   0.00000 0.00000 0.99998 0.00002 ( 3)
  17 F   0.00000 0.00000 0.99998 0.00002 ( 3)
  18 T   0.00000 0.00000 0.99987 0.00013 ( 3)
  19 V   0.00000 0.00000 0.71362 0.28638 ( 3)
  20 S   0.00000 0.00000 0.98634 0.01366 ( 3)
  21 P   0.00000 0.00000 0.99982 0.00018 ( 3)
  22 L   0.00000 0.00000 0.99815 0.00185 ( 3)
  23 H   0.00000 0.00000 0.99996 0.00004 ( 3)
  24 P   0.00000 0.00000 0.77123 0.22877 ( 3)
  25 S   0.00000 0.00000 0.96886 0.03114 ( 3)
  26 A   0.00000 0.00000 0.05023 0.94977 ( 4)
  27 -   0.00000 0.00000 0.79073 0.20927 ( 3)
  28 -   0.00000 0.00000 0.99761 0.00238 ( 3)
  29 N   0.00000 0.00000 0.99851 0.00149 ( 3)
  30 T   0.00000 0.00000 0.31471 0.68529 ( 4)
  31 I   0.00000 0.00000 0.06025 0.93975 ( 4)
  32 T   0.00000 0.00000 0.02543 0.97457 ( 4)
  33 S   0.00000 0.00000 0.75851 0.24149 ( 3)
  34 Y   0.00000 0.00000 0.99913 0.00087 ( 3)
  35 I   0.00000 0.00000 0.99997 0.00003 ( 3)
  36 K   0.00000 0.00000 0.89695 0.10305 ( 3)
  37 E   0.00000 0.00000 0.99968 0.00032 ( 3)
  38 N   0.00000 0.00000 0.99984 0.00016 ( 3)
  39 Y   0.00000 0.00000 0.99014 0.00985 ( 3)
  40 G   0.00000 0.00000 0.99994 0.00006 ( 3)
  41 N   0.00000 0.00000 0.99998 0.00002 ( 3)
  42 S   0.00000 0.00000 0.96901 0.03099 ( 3)
  43 G   0.00000 0.00000 1.00000 0.00000 ( 3)
  44 D   0.00000 0.00000 0.99999 0.00001 ( 3)
  45 S   0.00000 0.00000 0.99902 0.00098 ( 3)
  46 L   0.00000 0.00000 0.99481 0.00519 ( 3)
  47 H   0.00000 0.00000 0.97820 0.02180 ( 3)
  48 L   0.00000 0.00000 0.96810 0.03190 ( 3)
  49 K   0.00000 0.00000 0.80393 0.19607 ( 3)
  50 G   0.00000 0.00000 0.40850 0.59150 ( 4)
  51 -   0.00000 0.00000 0.03354 0.96646 ( 4)
  52 Q   0.00000 0.00000 0.04361 0.95639 ( 4)
  53 G   0.00000 0.00000 0.67803 0.32197 ( 3)
  54 Y   0.00000 0.00000 0.27828 0.72172 ( 4)
  55 L   0.00000 0.00000 0.99466 0.00534 ( 3)
  56 H   0.00000 0.00000 0.16638 0.83362 ( 4)
  57 Y   0.00000 0.00000 0.98392 0.01608 ( 3)
  58 M   0.00000 0.00000 0.99105 0.00895 ( 3)
  59 L   0.00000 0.00000 0.99893 0.00107 ( 3)
  60 S   0.00000 0.00000 0.60128 0.39872 ( 3)
  61 G   0.00000 0.00000 0.96133 0.03867 ( 3)
  62 N   0.00000 0.00000 0.99929 0.00071 ( 3)
  63 G   0.00000 0.00000 0.99765 0.00235 ( 3)
  64 Q   0.00000 0.00000 0.77012 0.22988 ( 3)
  65 D   0.00000 0.00000 0.90821 0.09179 ( 3)
  66 R   0.00000 0.00000 0.14010 0.85990 ( 4)
  67 Y   0.00000 0.00000 0.99371 0.00629 ( 3)
  68 R   0.00000 0.00000 0.99975 0.00025 ( 3)
  69 L   0.00000 0.00000 0.99986 0.00014 ( 3)
  70 V   0.00000 0.00000 0.99879 0.00121 ( 3)
  71 L   0.00000 0.00000 0.99897 0.00103 ( 3)
  72 R   0.00000 0.00000 0.99997 0.00003 ( 3)
  73 L   0.00000 0.00000 0.99808 0.00192 ( 3)
  74 S   0.00000 0.00000 0.99998 0.00002 ( 3)
  75 G   0.00000 0.00000 0.98837 0.01163 ( 3)
  76 A   0.00000 0.00000 0.00368 0.99632 ( 4)
  77 A   0.00000 0.00000 0.91895 0.08105 ( 3)
  78 N   0.00000 0.00000 0.97420 0.02580 ( 3)
  79 Q   0.00000 0.00000 0.03391 0.96609 ( 4)
  80 I   0.00000 0.00000 0.99991 0.00009 ( 3)
  81 K   0.00000 0.00000 0.88439 0.11561 ( 3)
  82 L   0.00000 0.00000 0.28717 0.71283 ( 4)
  83 Q   0.00000 0.00000 0.89219 0.10781 ( 3)
  84 S   0.00000 0.00000 0.90008 0.09992 ( 3)
  85 P   0.00000 0.00000 0.38183 0.61817 ( 4)
  86 T   0.00000 0.00000 0.60824 0.39176 ( 3)
  87 T   0.00000 0.00000 0.98206 0.01794 ( 3)
  88 S   0.00000 0.00000 0.37148 0.62852 ( 4)
  89 I   0.00000 0.00000 0.99952 0.00048 ( 3)
  90 Y   0.00000 0.00000 0.96421 0.03579 ( 3)
  91 -   0.00000 0.00000 0.99413 0.00587 ( 3)
  92 -   0.00000 0.00000 0.04690 0.95310 ( 4)
  93 -   0.00000 0.00000 0.00104 0.99896 ( 4)
  94 A   0.00000 0.00000 0.30469 0.69531 ( 4)
  95 F   0.00000 0.00000 0.99643 0.00357 ( 3)
  96 D   0.00000 0.00000 0.99992 0.00008 ( 3)
  97 T   0.00000 0.00000 0.99996 0.00004 ( 3)
  98 S   0.00000 0.00000 0.19586 0.80414 ( 4)
  99 T   0.00000 0.00000 0.87582 0.12418 ( 3)
 100 N   0.00000 0.00000 0.99995 0.00005 ( 3)
 101 N   0.00000 0.00000 0.99959 0.00041 ( 3)
 102 E   0.00000 0.00000 0.99951 0.00049 ( 3)
 103 G   0.00000 0.00000 0.99996 0.00004 ( 3)
 104 I   0.00000 0.00000 0.99967 0.00033 ( 3)
 105 T   0.00000 0.00000 0.02367 0.97633 ( 4)
 106 D   0.00000 0.00000 0.99999 0.00001 ( 3)
 107 N   0.00000 0.00000 0.99998 0.00002 ( 3)
 108 G   0.00000 0.00000 0.99972 0.00028 ( 3)
 109 S   0.00000 0.00000 0.99931 0.00069 ( 3)
 110 K   0.00000 0.00000 0.97309 0.02691 ( 3)
 111 F   0.00000 0.00000 0.99994 0.00006 ( 3)
 112 K   0.00000 0.00000 0.03561 0.96439 ( 4)
 113 D   0.00000 0.00000 0.99996 0.00004 ( 3)
 114 F   0.00000 0.00000 0.99869 0.00131 ( 3)
 115 A   0.00000 0.00000 0.68458 0.31542 ( 3)
 116 F   0.00000 0.00000 0.99291 0.00709 ( 3)
 117 S   0.00000 0.00000 0.40478 0.59522 ( 4)
 118 T   0.00000 0.00000 0.99743 0.00257 ( 3)
 119 P   0.00000 0.00000 0.63054 0.36946 ( 3)
 120 F   0.00000 0.00000 0.99102 0.00898 ( 3)
 121 V   0.00000 0.00000 0.95130 0.04870 ( 3)
 122 I   0.00000 0.00000 0.99712 0.00288 ( 3)
 123 P   0.00000 0.00000 0.00010 0.99990 ( 4)
 124 E   0.00000 0.00000 0.99666 0.00334 ( 3)
 125 Q   0.00000 0.00000 0.00073 0.99927 ( 4)
 126 K   0.00000 0.00000 0.66252 0.33748 ( 3)
 127 -   0.00000 0.00000 0.75733 0.24267 ( 3)
 128 -   0.00000 0.00000 0.05359 0.94641 ( 4)
 129 -   0.00000 0.00000 0.00105 0.99895 ( 4)
 130 -   0.00000 0.00000 0.99378 0.00622 ( 3)
 131 E   0.00000 0.00000 0.98627 0.01373 ( 3)
 132 I   0.00000 0.00000 0.99161 0.00839 ( 3)
 133 V   0.00000 0.00000 0.35505 0.64495 ( 4)
 134 L   0.00000 0.00000 0.66967 0.33033 ( 3)
 135 Y   0.00000 0.00000 0.00377 0.99623 ( 4)
 136 -   0.00000 0.00000 0.75733 0.24267 ( 3)
 137 F   0.00000 0.00000 0.03650 0.96350 ( 4)
 138 E   0.00000 0.00000 0.02247 0.97753 ( 4)
 139 G   0.00000 0.00000 0.00300 0.99700 ( 4)
 140 V   0.00000 0.00000 0.01048 0.98952 ( 4)
 141 G   0.00000 0.00000 0.76233 0.23767 ( 3)
 142 S   0.00000 0.00000 0.00721 0.99279 ( 4)
 143 L   0.00000 0.00000 0.99769 0.00231 ( 3)
 144 D   0.00000 0.00000 0.99609 0.00391 ( 3)
 145 L   0.00000 0.00000 0.99885 0.00115 ( 3)
 146 M   0.00000 0.00000 1.00000 0.00000 ( 3)
 147 N   0.00000 0.00000 0.99999 0.00001 ( 3)
 148 L   0.00000 0.00000 0.99051 0.00949 ( 3)
 149 I   0.00000 0.00000 0.99684 0.00316 ( 3)
 150 F   0.00000 0.00000 0.99892 0.00108 ( 3)
 151 L   0.00000 0.00000 0.73615 0.26385 ( 3)
 152 -   0.00000 0.00000 0.75733 0.24267 ( 3)


lnL = -3307.728084

