Supplemental results for CODEML (seqf: algn  treef: tree)


dN/dS (w) for site classes (K=4)

site class             0        1       2a       2b
proportion       0.37416  0.37068  0.12818  0.12698
background w     0.13488  1.42087  0.13488  1.42087
foreground w     0.13488  1.42087  7.19351  7.19351

Naive Empirical Bayes (NEB) probabilities for 4 classes
(amino acids refer to 1st sequence: BT_Cry40Aa1)

   1 P   0.00037 0.60749 0.19699 0.19515 ( 2)
   2 T   0.08858 0.90842 0.00151 0.00149 ( 2)
   3 H   0.00184 0.96201 0.01816 0.01799 ( 2)
   4 V   0.08214 0.91413 0.00187 0.00185 ( 2)
   5 E   0.85959 0.14031 0.00005 0.00005 ( 1)
   6 L   0.83856 0.16128 0.00008 0.00008 ( 1)
   7 T   0.72351 0.27642 0.00004 0.00004 ( 1)
   8 R   0.84930 0.15062 0.00004 0.00004 ( 1)
   9 E   0.94982 0.05018 0.00000 0.00000 ( 1)
  10 I   0.20407 0.79542 0.00026 0.00026 ( 2)
  11 Y   0.95995 0.04005 0.00000 0.00000 ( 1)
  12 T   0.92306 0.07693 0.00001 0.00001 ( 1)
  13 D   0.98001 0.01999 0.00000 0.00000 ( 1)
  14 P   0.39440 0.60457 0.00052 0.00051 ( 2)
  15 V   0.75648 0.24204 0.00074 0.00074 ( 1)
  16 G   0.89403 0.10594 0.00001 0.00001 ( 1)
  17 Y   0.68010 0.31988 0.00001 0.00001 ( 1)
  18 S   0.02243 0.79875 0.08983 0.08899 ( 2)
  19 S   0.00019 0.11147 0.44625 0.44209 ( 3)
  20 G   0.07007 0.82970 0.05035 0.04988 ( 2)
  21 T   0.00047 0.67394 0.16356 0.16203 ( 2)
  22 Y   0.04723 0.91190 0.02053 0.02034 ( 2)
  23 -   0.39672 0.37948 0.11242 0.11138 ( 1)
  24 S   0.00188 0.94510 0.02663 0.02639 ( 2)
  25 W   0.76845 0.23062 0.00047 0.00046 ( 1)
  26 L   0.00086 0.81952 0.09023 0.08939 ( 2)
  27 K   0.00001 0.01561 0.49449 0.48989 ( 3)
  28 Y   0.00000 0.02145 0.49157 0.48699 ( 3)
  29 W   0.01233 0.97183 0.00796 0.00788 ( 2)
  30 T   0.00053 0.24622 0.37839 0.37487 ( 3)
  31 G   0.00906 0.80309 0.09436 0.09348 ( 2)
  32 A   0.00046 0.60428 0.19856 0.19671 ( 2)
  33 F   0.96667 0.03333 0.00000 0.00000 ( 1)
  34 N   0.98604 0.01396 0.00000 0.00000 ( 1)
  35 T   0.00004 0.13569 0.43416 0.43011 ( 3)
  36 L   0.26785 0.70369 0.01430 0.01416 ( 2)
  37 E   0.94933 0.05067 0.00000 0.00000 ( 1)
  38 A   0.96400 0.03600 0.00000 0.00000 ( 1)
  39 N   0.83808 0.16191 0.00001 0.00001 ( 1)
  40 G   0.90003 0.09994 0.00001 0.00001 ( 1)
  41 T   0.92306 0.07693 0.00001 0.00001 ( 1)
  42 R   0.66852 0.32177 0.00488 0.00484 ( 1)
  43 G   0.90003 0.09994 0.00001 0.00001 ( 1)
  44 P   0.94285 0.05715 0.00000 0.00000 ( 1)
  45 G   0.96718 0.03282 0.00000 0.00000 ( 1)
  46 L   0.83924 0.16062 0.00007 0.00007 ( 1)
  47 V   0.96893 0.03107 0.00000 0.00000 ( 1)
  48 T   0.97117 0.02883 0.00000 0.00000 ( 1)
  49 W   0.00281 0.78707 0.10555 0.10457 ( 2)
  50 L   0.93939 0.06061 0.00000 0.00000 ( 1)
  51 R   0.00000 0.00251 0.50108 0.49641 ( 3)
  52 -   0.37416 0.37068 0.12818 0.12698 ( 1)
  53 S   0.00000 0.11540 0.44437 0.44023 ( 3)
  54 I   0.56795 0.43183 0.00011 0.00011 ( 1)
  55 G   0.75034 0.24961 0.00002 0.00002 ( 1)
  56 I   0.93958 0.06041 0.00000 0.00000 ( 1)
  57 Y   0.65142 0.34849 0.00004 0.00004 ( 1)
  58 N   0.16918 0.83008 0.00037 0.00037 ( 2)
  59 E   0.01806 0.97036 0.00582 0.00576 ( 2)
  60 Y   0.00000 0.09815 0.45304 0.44882 ( 3)
  61 V   0.00777 0.93444 0.02903 0.02876 ( 2)
  62 -   0.00000 0.00541 0.49962 0.49497 ( 3)
  63 -   0.00000 0.00200 0.50134 0.49667 ( 3)
  64 -   0.60251 0.33923 0.02927 0.02899 ( 1)
  65 -   0.06335 0.44909 0.24492 0.24264 ( 2)
  66 -   0.51684 0.37227 0.05571 0.05519 ( 1)
  67 -   0.00151 0.13210 0.43522 0.43117 ( 3)
  68 -   0.11656 0.56121 0.16187 0.16036 ( 2)
  69 -   0.00021 0.24372 0.37981 0.37627 ( 3)
  70 S   0.00000 0.00489 0.49988 0.49523 ( 3)
  71 R   0.00000 0.05731 0.47355 0.46914 ( 3)
  72 Y   0.14488 0.85394 0.00059 0.00059 ( 2)
  73 F   0.58137 0.41855 0.00004 0.00004 ( 1)
  74 S   0.00000 0.05996 0.47222 0.46782 ( 3)
  75 G   0.66281 0.32617 0.00554 0.00549 ( 1)
  76 W   0.76845 0.23062 0.00047 0.00046 ( 1)
  77 V   0.03927 0.93833 0.01125 0.01115 ( 2)
  78 G   0.89140 0.10856 0.00002 0.00002 ( 1)
  79 T   0.74322 0.25674 0.00002 0.00002 ( 1)
  80 R   0.93759 0.06241 0.00000 0.00000 ( 1)
  81 H   0.96586 0.03414 0.00000 0.00000 ( 1)
  82 Y   0.67243 0.32752 0.00003 0.00003 ( 1)
  83 E   0.94982 0.05018 0.00000 0.00000 ( 1)
  84 D   0.00015 0.38911 0.30680 0.30394 ( 2)
  85 Y   0.26835 0.70238 0.01470 0.01457 ( 2)
  86 T   0.92306 0.07693 0.00001 0.00001 ( 1)
  87 T   0.00002 0.09021 0.45701 0.45276 ( 3)
  88 G   0.72116 0.27880 0.00002 0.00002 ( 1)
  89 N   0.01966 0.78691 0.09716 0.09626 ( 2)
  90 G   0.17760 0.82170 0.00035 0.00035 ( 2)
  91 N   0.00207 0.97431 0.01186 0.01175 ( 2)
  92 F   0.54580 0.45404 0.00008 0.00008 ( 1)
  93 Q   0.05323 0.93637 0.00522 0.00517 ( 2)
  94 R   0.94102 0.05898 0.00000 0.00000 ( 1)
  95 M   0.08705 0.91132 0.00082 0.00081 ( 2)
  96 S   0.95346 0.04654 0.00000 0.00000 ( 1)
  97 G   0.90003 0.09994 0.00001 0.00001 ( 1)
  98 T   0.96804 0.03196 0.00000 0.00000 ( 1)
  99 T   0.76226 0.23641 0.00067 0.00066 ( 1)
 100 S   0.98325 0.01675 0.00000 0.00000 ( 1)
 101 N   0.98604 0.01396 0.00000 0.00000 ( 1)
 102 D   0.84566 0.15432 0.00001 0.00001 ( 1)
 103 L   0.00017 0.43844 0.28200 0.27938 ( 2)
 104 R   0.00098 0.96144 0.01888 0.01870 ( 2)
 105 D   0.00000 0.05819 0.47311 0.46870 ( 3)
 106 I   0.00257 0.95895 0.01933 0.01915 ( 2)
 107 S   0.00001 0.47892 0.26175 0.25931 ( 2)
 108 F   0.92098 0.07900 0.00001 0.00001 ( 1)
 109 P   0.00000 0.00000 0.50234 0.49766 ( 3)
 110 N   0.00219 0.93275 0.03268 0.03237 ( 2)
 111 S   0.00000 0.01325 0.49568 0.49106 ( 3)
 112 D   0.00432 0.98518 0.00527 0.00522 ( 2)
 113 I   0.01038 0.97573 0.00698 0.00691 ( 2)
 114 F   0.71507 0.28491 0.00001 0.00001 ( 1)
 115 K   0.12844 0.87057 0.00049 0.00049 ( 2)
 116 I   0.97492 0.02508 0.00000 0.00000 ( 1)
 117 E   0.00000 0.00116 0.50176 0.49708 ( 3)
 118 S   0.82165 0.17802 0.00016 0.00016 ( 1)
 119 K   0.00002 0.23744 0.38305 0.37948 ( 3)
 120 A   0.70709 0.29282 0.00005 0.00005 ( 1)
 121 I   0.21960 0.67785 0.05152 0.05104 ( 2)
 122 M   0.00000 0.04075 0.48187 0.47738 ( 3)
 123 N   0.00000 0.00945 0.49759 0.49296 ( 3)
 124 L   0.00001 0.05453 0.47495 0.47052 ( 3)
 125 V   0.00000 0.05284 0.47580 0.47137 ( 3)
 126 G   0.00000 0.09488 0.45468 0.45044 ( 3)
 127 E   0.00006 0.29240 0.35543 0.35212 ( 3)
 128 I   0.00012 0.86002 0.07025 0.06960 ( 2)
 129 N   0.00000 0.00349 0.50059 0.49592 ( 3)
 130 A   0.00084 0.86040 0.06970 0.06905 ( 2)
 131 -   0.00000 0.05111 0.47666 0.47222 ( 3)
 132 -   0.37416 0.37068 0.12818 0.12698 ( 1)
 133 -   0.68655 0.28945 0.01205 0.01194 ( 1)
 134 -   0.63285 0.32470 0.02132 0.02113 ( 1)
 135 R   0.00002 0.07819 0.46305 0.45874 ( 3)
 136 P   0.00385 0.87162 0.06256 0.06198 ( 2)
 137 E   0.01467 0.67841 0.15418 0.15274 ( 2)
 138 Y   0.01726 0.97782 0.00247 0.00245 ( 2)
 139 R   0.11817 0.88121 0.00031 0.00031 ( 2)
 140 V   0.20010 0.79908 0.00041 0.00041 ( 2)
 141 S   0.81506 0.18455 0.00019 0.00019 ( 1)
 142 R   0.02755 0.96897 0.00175 0.00173 ( 2)
 143 A   0.49758 0.50193 0.00025 0.00025 ( 2)
 144 E   0.13819 0.86070 0.00056 0.00055 ( 2)
 145 F   0.96667 0.03333 0.00000 0.00000 ( 1)
 146 S   0.00000 0.17517 0.41435 0.41049 ( 3)
 147 E   0.00000 0.00011 0.50229 0.49761 ( 3)
 148 S   0.00870 0.92600 0.03280 0.03249 ( 2)
 149 T   0.00001 0.19465 0.40455 0.40078 ( 3)
 150 -   0.37416 0.37068 0.12818 0.12698 ( 1)
 151 A   0.00000 0.06332 0.47053 0.46615 ( 3)
 152 F   0.00001 0.43855 0.28204 0.27941 ( 2)
 153 I   0.00029 0.64794 0.17671 0.17506 ( 2)
 154 Y   0.00000 0.00576 0.49945 0.49479 ( 3)
 155 L   0.00000 0.03452 0.48500 0.48048 ( 3)
 156 Y   0.95995 0.04005 0.00000 0.00000 ( 1)
 157 D   0.02631 0.96883 0.00244 0.00242 ( 2)
 158 A   0.00057 0.80719 0.09657 0.09567 ( 2)
 159 G   0.01439 0.92396 0.03097 0.03068 ( 2)
 160 N   0.76631 0.23363 0.00003 0.00003 ( 1)
 161 S   0.00064 0.87939 0.06027 0.05971 ( 2)
 162 -   0.37416 0.37068 0.12818 0.12698 ( 1)
 163 G   0.75977 0.23886 0.00069 0.00068 ( 1)
 164 L   0.00000 0.00298 0.50084 0.49618 ( 3)
 165 S   0.00001 0.06987 0.46724 0.46288 ( 3)
 166 S   0.00000 0.00455 0.50006 0.49540 ( 3)
 167 M   0.34225 0.65462 0.00157 0.00155 ( 2)
 168 T   0.92306 0.07693 0.00001 0.00001 ( 1)
 169 I   0.75642 0.24356 0.00001 0.00001 ( 1)
 170 T   0.11847 0.87836 0.00159 0.00158 ( 2)
 171 S   0.95346 0.04654 0.00000 0.00000 ( 1)
 172 K   0.00034 0.64454 0.17839 0.17673 ( 2)
 173 L   0.31919 0.67687 0.00198 0.00196 ( 2)
 174 P   0.86009 0.13985 0.00003 0.00003 ( 1)
 175 G   0.18745 0.81150 0.00052 0.00052 ( 2)
 176 I   0.00016 0.86438 0.06805 0.06741 ( 2)
 177 K   0.00000 0.07459 0.46487 0.46054 ( 3)
 178 N   0.00015 0.77277 0.11407 0.11301 ( 2)
 179 P   0.00001 0.24366 0.37994 0.37640 ( 3)
 180 E   0.00000 0.04702 0.47872 0.47426 ( 3)
 181 -   0.50792 0.39603 0.04825 0.04780 ( 1)
 182 P   0.89770 0.10227 0.00002 0.00002 ( 1)
 183 S   0.03440 0.96403 0.00078 0.00078 ( 2)
 184 Y   0.00000 0.00209 0.50129 0.49662 ( 3)
 185 R   0.00000 0.04838 0.47804 0.47358 ( 3)
 186 D   0.18467 0.81356 0.00088 0.00088 ( 2)
 187 Y   0.01058 0.54719 0.22215 0.22008 ( 2)
 188 S   0.64013 0.35982 0.00003 0.00003 ( 1)
 189 H   0.71037 0.28962 0.00001 0.00001 ( 1)
 190 R   0.11036 0.88863 0.00051 0.00050 ( 2)
 191 L   0.83924 0.16062 0.00007 0.00007 ( 1)
 192 S   0.84175 0.15795 0.00015 0.00015 ( 1)
 193 N   0.98604 0.01396 0.00000 0.00000 ( 1)
 194 A   0.75852 0.23999 0.00075 0.00074 ( 1)
 195 A   0.92026 0.07973 0.00001 0.00001 ( 1)
 196 C   0.95874 0.04126 0.00000 0.00000 ( 1)
 197 V   0.96105 0.03895 0.00000 0.00000 ( 1)
 198 G   0.00033 0.68960 0.15576 0.15431 ( 2)
 199 A   0.00000 0.03603 0.48424 0.47973 ( 3)
 200 -   0.37416 0.37068 0.12818 0.12698 ( 1)
 201 -   0.37416 0.37068 0.12818 0.12698 ( 1)
 202 G   0.00010 0.31806 0.34251 0.33932 ( 3)
 203 N   0.00062 0.31503 0.34377 0.34057 ( 3)
 204 S   0.00640 0.39785 0.29927 0.29648 ( 2)
 205 R   0.10010 0.89711 0.00140 0.00139 ( 2)
 206 I   0.02350 0.97393 0.00129 0.00128 ( 2)
 207 N   0.26987 0.72248 0.00384 0.00381 ( 2)
 208 V   0.91869 0.08130 0.00001 0.00000 ( 1)
 209 Y   0.12867 0.86917 0.00109 0.00108 ( 2)
 210 G   0.97047 0.02953 0.00000 0.00000 ( 1)
 211 W   0.76845 0.23062 0.00047 0.00046 ( 1)
 212 T   0.48085 0.51856 0.00030 0.00029 ( 2)
 213 H   0.96586 0.03414 0.00000 0.00000 ( 1)
 214 -   0.79189 0.20568 0.00122 0.00121 ( 1)


lnL = -3267.195430

