Supplemental results for CODEML (seqf: algn  treef: tree)


dN/dS (w) for site classes (K=4)

site class             0        1       2a       2b
proportion       0.00081  0.00086  0.48290  0.51543
background w     0.07839  0.35246  0.07839  0.35246
foreground w     0.07839  0.35246  0.95890  0.95890

Naive Empirical Bayes (NEB) probabilities for 4 classes
(amino acids refer to 1st sequence: BT_Cry1A-like)

   1 E   0.00001 0.00169 0.00380 0.99451 ( 4)
   2 F   0.00019 0.00151 0.11152 0.88678 ( 4)
   3 V   0.00028 0.00142 0.16526 0.83304 ( 4)
   4 P   0.00168 0.00001 0.99065 0.00766 ( 3)
   5 G   0.00128 0.00042 0.75219 0.24611 ( 3)
   6 A   0.00008 0.00159 0.05029 0.94803 ( 4)
   7 G   0.00062 0.00107 0.36578 0.63253 ( 4)
   8 F   0.00167 0.00003 0.97820 0.02010 ( 3)
   9 V   0.00000 0.00168 0.00145 0.99687 ( 4)
  10 L   0.00032 0.00138 0.18643 0.81187 ( 4)
  11 G   0.00160 0.00010 0.94041 0.05790 ( 3)
  12 L   0.00168 0.00002 0.98845 0.00986 ( 3)
  13 V   0.00005 0.00165 0.02653 0.97177 ( 4)
  14 D   0.00171 0.00000 0.99636 0.00193 ( 3)
  15 I   0.00004 0.00164 0.02469 0.97362 ( 4)
  16 I   0.00171 0.00000 0.99721 0.00108 ( 3)
  17 W   0.00152 0.00016 0.90154 0.09678 ( 3)
  18 G   0.00167 0.00004 0.97545 0.02284 ( 3)
  19 I   0.00002 0.00167 0.01312 0.98518 ( 4)
  20 F   0.00011 0.00158 0.06563 0.93268 ( 4)
  21 G   0.00008 0.00162 0.04425 0.95406 ( 4)
  22 P   0.00001 0.00168 0.00655 0.99176 ( 4)
  23 S   0.00094 0.00075 0.55300 0.44530 ( 3)
  24 Q   0.00009 0.00035 0.58337 0.41619 ( 3)
  25 W   0.00113 0.00055 0.67087 0.32745 ( 3)
  26 -   0.00081 0.00086 0.48290 0.51543 ( 4)
  27 D   0.00009 0.00158 0.05563 0.94269 ( 4)
  28 A   0.00000 0.00168 0.00001 0.99831 ( 4)
  29 F   0.00171 0.00000 0.99807 0.00022 ( 3)
  30 L   0.00170 0.00000 0.99689 0.00141 ( 3)
  31 V   0.00000 0.00168 0.00000 0.99831 ( 4)
  32 Q   0.00165 0.00003 0.97969 0.01863 ( 3)
  33 I   0.00170 0.00001 0.99313 0.00516 ( 3)
  34 E   0.00170 0.00000 0.99732 0.00097 ( 3)
  35 Q   0.00128 0.00041 0.75784 0.24047 ( 3)
  36 L   0.00166 0.00002 0.98568 0.01264 ( 3)
  37 I   0.00171 0.00000 0.99810 0.00019 ( 3)
  38 N   0.00000 0.00168 0.00003 0.99830 ( 4)
  39 Q   0.00164 0.00005 0.96760 0.03071 ( 3)
  40 R   0.00132 0.00037 0.77733 0.22097 ( 3)
  41 I   0.00171 0.00000 0.99805 0.00024 ( 3)
  42 -   0.00081 0.00086 0.48290 0.51543 ( 4)
  43 E   0.00022 0.00147 0.13084 0.86747 ( 4)
  44 N   0.00000 0.00169 0.00074 0.99757 ( 4)
  45 S   0.00000 0.00168 0.00048 0.99784 ( 4)
  46 L   0.00016 0.00154 0.09195 0.90635 ( 4)
  47 G   0.00156 0.00012 0.92726 0.07106 ( 3)
  48 T   0.00128 0.00040 0.75815 0.24017 ( 3)
  49 K   0.00004 0.00164 0.02252 0.97581 ( 4)
  50 P   0.00168 0.00003 0.98309 0.01521 ( 3)
  51 F   0.00169 0.00002 0.98865 0.00964 ( 3)
  52 L   0.00081 0.00086 0.48290 0.51543 ( 4)
  53 D   0.00081 0.00086 0.48290 0.51543 ( 4)
  54 W   0.00081 0.00086 0.48290 0.51543 ( 4)
  55 K   0.00000 0.00169 0.00001 0.99830 ( 4)
  56 A   0.00002 0.00167 0.01193 0.98638 ( 4)
  57 K   0.00141 0.00028 0.83455 0.16376 ( 3)
  58 Q   0.00002 0.00166 0.01299 0.98533 ( 4)
  59 -   0.00081 0.00086 0.48290 0.51543 ( 4)
  60 S   0.00131 0.00037 0.77920 0.21912 ( 3)
  61 L   0.00072 0.00097 0.42380 0.57452 ( 4)
  62 S   0.00000 0.00169 0.00007 0.99824 ( 4)
  63 N   0.00000 0.00170 0.00060 0.99770 ( 4)
  64 L   0.00046 0.00121 0.27561 0.72271 ( 4)
  65 R   0.00166 0.00005 0.97122 0.02708 ( 3)
  66 R   0.00000 0.00169 0.00004 0.99826 ( 4)
  67 I   0.00003 0.00101 0.12404 0.87492 ( 4)
  68 -   0.00166 0.00004 0.97264 0.02566 ( 3)
  69 -   0.00000 0.00163 0.00150 0.99687 ( 4)
  70 -   0.00000 0.00169 0.00124 0.99707 ( 4)
  71 -   0.00009 0.00161 0.05004 0.94826 ( 4)
  72 F   0.00168 0.00001 0.99389 0.00442 ( 3)
  73 R   0.00007 0.00162 0.03892 0.95939 ( 4)
  74 E   0.00020 0.00148 0.12065 0.87767 ( 4)
  75 W   0.00152 0.00016 0.90154 0.09678 ( 3)
  76 E   0.00170 0.00000 0.99724 0.00105 ( 3)
  77 A   0.00000 0.00141 0.00004 0.99855 ( 4)
  78 D   0.00017 0.00153 0.09686 0.90144 ( 4)
  79 P   0.00169 0.00000 0.99585 0.00246 ( 3)
  80 T   0.00044 0.00126 0.25856 0.73974 ( 4)
  81 N   0.00171 0.00000 0.99761 0.00068 ( 3)
  82 P   0.00063 0.00106 0.37067 0.62764 ( 4)
  83 A   0.00025 0.00144 0.14691 0.85140 ( 4)
  84 L   0.00162 0.00007 0.95504 0.04327 ( 3)
  85 R   0.00002 0.00166 0.01161 0.98671 ( 4)
  86 E   0.00168 0.00002 0.98476 0.01353 ( 3)
  87 E   0.00040 0.00130 0.23360 0.76469 ( 4)
  88 M   0.00082 0.00086 0.48718 0.51114 ( 4)
  89 R   0.00169 0.00001 0.99511 0.00319 ( 3)
  90 I   0.00022 0.00147 0.13068 0.86762 ( 4)
  91 Q   0.00157 0.00011 0.93173 0.06658 ( 3)
  92 F   0.00171 0.00000 0.99750 0.00079 ( 3)
  93 N   0.00053 0.00117 0.30800 0.69030 ( 4)
  94 A   0.00000 0.00170 0.00178 0.99652 ( 4)
  95 R   0.00071 0.00099 0.41471 0.58360 ( 4)
  96 T   0.00060 0.00108 0.35727 0.64104 ( 4)
  97 S   0.00140 0.00028 0.83080 0.16751 ( 3)
  98 A   0.00049 0.00120 0.28931 0.70899 ( 4)
  99 L   0.00138 0.00031 0.81623 0.18208 ( 3)
 100 T   0.00001 0.00169 0.00586 0.99244 ( 4)
 101 T   0.00086 0.00083 0.50770 0.49061 ( 3)
 102 A   0.00011 0.00159 0.06159 0.93672 ( 4)
 103 I   0.00096 0.00075 0.55837 0.43993 ( 3)
 104 P   0.00075 0.00095 0.43827 0.56002 ( 4)
 105 L   0.00001 0.00169 0.00415 0.99415 ( 4)
 106 F   0.00001 0.00169 0.00652 0.99178 ( 4)
 107 A   0.00001 0.00168 0.00805 0.99026 ( 4)
 108 V   0.00141 0.00029 0.82564 0.17266 ( 3)
 109 Q   0.00006 0.00163 0.03405 0.96426 ( 4)
 110 N   0.00000 0.00169 0.00135 0.99696 ( 4)
 111 Y   0.00164 0.00007 0.95569 0.04260 ( 3)
 112 Q   0.00161 0.00009 0.94389 0.05440 ( 3)
 113 V   0.00130 0.00038 0.77045 0.22787 ( 3)
 114 P   0.00067 0.00102 0.39301 0.60530 ( 4)
 115 L   0.00114 0.00056 0.66684 0.33146 ( 3)
 116 L   0.00164 0.00005 0.96589 0.03242 ( 3)
 117 S   0.00152 0.00016 0.90492 0.09341 ( 3)
 118 V   0.00168 0.00000 0.99648 0.00185 ( 3)
 119 Y   0.00169 0.00001 0.99436 0.00394 ( 3)
 120 V   0.00141 0.00029 0.82576 0.17254 ( 3)
 121 Q   0.00139 0.00030 0.81953 0.17878 ( 3)
 122 A   0.00154 0.00014 0.91344 0.08488 ( 3)
 123 A   0.00091 0.00077 0.53762 0.46070 ( 3)
 124 N   0.00166 0.00005 0.96839 0.02989 ( 3)
 125 L   0.00136 0.00033 0.80311 0.19520 ( 3)
 126 M   0.00083 0.00087 0.48353 0.51477 ( 4)
 127 F   0.00037 0.00132 0.21651 0.78180 ( 4)
 128 S   0.00163 0.00006 0.96259 0.03573 ( 3)
 129 T   0.00000 0.00168 0.00089 0.99743 ( 4)
 130 -   0.00036 0.00133 0.21122 0.78709 ( 4)
 131 -   0.00158 0.00012 0.92953 0.06877 ( 3)
 132 -   0.00151 0.00017 0.89614 0.10217 ( 3)
 133 -   0.00121 0.00049 0.70991 0.28839 ( 3)
 134 -   0.00000 0.00169 0.00010 0.99821 ( 4)
 135 -   0.00000 0.00168 0.00014 0.99819 ( 4)
 136 -   0.00151 0.00020 0.88354 0.11476 ( 3)
 137 -   0.00162 0.00006 0.96256 0.03576 ( 3)
 138 -   0.00036 0.00132 0.21264 0.78568 ( 4)
 139 -   0.00012 0.00157 0.07008 0.92822 ( 4)
 140 -   0.00015 0.00153 0.08900 0.90932 ( 4)
 141 -   0.00168 0.00002 0.98502 0.01328 ( 3)
 142 -   0.00005 0.00163 0.02886 0.96946 ( 4)
 143 -   0.00051 0.00120 0.29458 0.70372 ( 4)
 144 -   0.00081 0.00086 0.48290 0.51543 ( 4)
 145 -   0.00000 0.00169 0.00036 0.99794 ( 4)
 146 -   0.00000 0.00169 0.00012 0.99818 ( 4)
 147 -   0.00167 0.00004 0.97672 0.02158 ( 3)
 148 -   0.00003 0.00167 0.01610 0.98221 ( 4)
 149 -   0.00146 0.00025 0.84854 0.14975 ( 3)
 150 -   0.00016 0.00154 0.09198 0.90632 ( 4)
 151 -   0.00002 0.00167 0.01139 0.98691 ( 4)
 152 -   0.00159 0.00011 0.93448 0.06382 ( 3)
 153 -   0.00015 0.00155 0.08791 0.91039 ( 4)
 154 -   0.00003 0.00166 0.01500 0.98331 ( 4)
 155 -   0.00167 0.00002 0.98616 0.01215 ( 3)
 156 -   0.00093 0.00077 0.54656 0.45174 ( 3)
 157 -   0.00000 0.00170 0.00067 0.99763 ( 4)
 158 -   0.00000 0.00169 0.00067 0.99764 ( 4)
 159 -   0.00171 0.00000 0.99774 0.00055 ( 3)
 160 -   0.00000 0.00169 0.00012 0.99819 ( 4)
 161 -   0.00000 0.00169 0.00000 0.99831 ( 4)
 162 -   0.00169 0.00001 0.99270 0.00560 ( 3)
 163 -   0.00152 0.00016 0.90502 0.09330 ( 3)
 164 -   0.00018 0.00020 0.83011 0.16951 ( 3)
 165 -   0.00158 0.00012 0.92735 0.07095 ( 3)
 166 -   0.00046 0.00123 0.27213 0.72618 ( 4)
 167 -   0.00050 0.00118 0.29487 0.70345 ( 4)
 168 -   0.00000 0.00168 0.00022 0.99810 ( 4)
 169 -   0.00000 0.00169 0.00008 0.99823 ( 4)
 170 -   0.00153 0.00015 0.90927 0.08905 ( 3)
 171 -   0.00171 0.00000 0.99814 0.00015 ( 3)
 172 -   0.00000 0.00168 0.00009 0.99822 ( 4)
 173 -   0.00169 0.00000 0.99634 0.00196 ( 3)
 174 -   0.00167 0.00002 0.98669 0.01162 ( 3)
 175 -   0.00000 0.00169 0.00003 0.99828 ( 4)
 176 -   0.00000 0.00168 0.00251 0.99581 ( 4)
 177 -   0.00040 0.00129 0.23392 0.76440 ( 4)
 178 -   0.00000 0.00169 0.00002 0.99829 ( 4)
 179 -   0.00083 0.00087 0.48654 0.51176 ( 4)
 180 -   0.00000 0.00169 0.00000 0.99831 ( 4)
 181 -   0.00000 0.00170 0.00000 0.99830 ( 4)
 182 -   0.00000 0.00169 0.00002 0.99829 ( 4)
 183 -   0.00033 0.00134 0.19778 0.80055 ( 4)
 184 -   0.00007 0.00161 0.04399 0.95433 ( 4)
 185 -   0.00005 0.00164 0.02739 0.97093 ( 4)
 186 -   0.00134 0.00034 0.79799 0.20033 ( 3)
 187 -   0.00001 0.00162 0.00885 0.98951 ( 4)
 188 -   0.00003 0.00166 0.02031 0.97800 ( 4)
 189 -   0.00148 0.00021 0.87475 0.12357 ( 3)
 190 -   0.00001 0.00169 0.00732 0.99098 ( 4)
 191 -   0.00000 0.00168 0.00003 0.99830 ( 4)
 192 -   0.00170 0.00001 0.99442 0.00387 ( 3)
 193 -   0.00139 0.00029 0.82485 0.17347 ( 3)
 194 -   0.00170 0.00000 0.99624 0.00206 ( 3)
 195 -   0.00008 0.00051 0.44780 0.55162 ( 4)
 196 -   0.00031 0.00137 0.18539 0.81292 ( 4)
 197 -   0.00170 0.00000 0.99662 0.00168 ( 3)
 198 -   0.00047 0.00107 0.29415 0.70430 ( 4)
 199 -   0.00090 0.00080 0.52845 0.46985 ( 3)
 200 -   0.00166 0.00004 0.97504 0.02326 ( 3)
 201 -   0.00168 0.00002 0.98846 0.00985 ( 3)
 202 -   0.00171 0.00000 0.99817 0.00011 ( 3)
 203 -   0.00164 0.00005 0.97142 0.02690 ( 3)
 204 -   0.00158 0.00013 0.92075 0.07754 ( 3)
 205 -   0.00145 0.00025 0.84875 0.14954 ( 3)
 206 -   0.00071 0.00099 0.41546 0.58285 ( 4)
 207 -   0.00169 0.00002 0.98532 0.01297 ( 3)
 208 -   0.00081 0.00086 0.48290 0.51543 ( 4)
 209 -   0.00013 0.00155 0.07770 0.92063 ( 4)
 210 -   0.00168 0.00000 0.99720 0.00112 ( 3)


lnL = -7583.848185

