Supplemental results for CODEML (seqf: algn  treef: tree)


dN/dS (w) for site classes (K=4)

site class             0        1       2a       2b
proportion       0.36555  0.41428  0.10321  0.11697
background w     0.08781  1.00000  0.08781  1.00000
foreground w     0.08781  1.00000  1.00000  1.00000

Naive Empirical Bayes (NEB) probabilities for 4 classes
(amino acids refer to 1st sequence: BT_Cry7Ba1)

   1 -   0.65840 0.18971 0.09833 0.05356 ( 1)
   2 -   0.63093 0.20931 0.10066 0.05910 ( 1)
   3 T   0.05526 0.72404 0.01628 0.20442 ( 2)
   4 V   0.11481 0.66945 0.02673 0.18901 ( 2)
   5 E   0.81369 0.02294 0.15689 0.00648 ( 1)
   6 L   0.73702 0.07998 0.16042 0.02258 ( 1)
   7 T   0.83816 0.02193 0.13372 0.00619 ( 1)
   8 R   0.84950 0.01427 0.13220 0.00403 ( 1)
   9 T   0.10523 0.68248 0.01960 0.19269 ( 2)
  10 I   0.87533 0.00780 0.11467 0.00220 ( 1)
  11 Y   0.57758 0.23098 0.12623 0.06521 ( 1)
  12 T   0.08889 0.69945 0.01418 0.19748 ( 2)
  13 D   0.88862 0.00442 0.10571 0.00125 ( 1)
  14 P   0.80913 0.03439 0.14677 0.00971 ( 1)
  15 L   0.65687 0.19095 0.09827 0.05391 ( 1)
  16 G   0.86372 0.00916 0.12453 0.00259 ( 1)
  17 Y   0.08241 0.70537 0.01308 0.19915 ( 2)
  18 T   0.06404 0.61000 0.15373 0.17222 ( 2)
  19 G   0.77620 0.06731 0.13748 0.01900 ( 1)
  20 Y   0.33413 0.48513 0.04377 0.13697 ( 2)
  21 S   0.01859 0.76364 0.00217 0.21560 ( 2)
  22 N   0.31097 0.49033 0.06026 0.13844 ( 2)
  23 D   0.00825 0.75630 0.02193 0.21353 ( 2)
  24 E   0.72963 0.12892 0.10504 0.03640 ( 1)
  25 H   0.78067 0.08289 0.11304 0.02340 ( 1)
  26 P   0.79165 0.06501 0.12499 0.01836 ( 1)
  27 T   0.02008 0.76231 0.00239 0.21522 ( 2)
  28 Y   0.10469 0.67945 0.02402 0.19183 ( 2)
  29 Y   0.86022 0.01188 0.12454 0.00336 ( 1)
  30 -   0.12767 0.66046 0.02540 0.18647 ( 2)
  31 S   0.70569 0.15288 0.09828 0.04316 ( 1)
  32 S   0.60621 0.22883 0.10035 0.06461 ( 1)
  33 A   0.11266 0.68109 0.01396 0.19229 ( 2)
  34 K   0.00095 0.76662 0.01599 0.21644 ( 2)
  35 P   0.00001 0.77873 0.00140 0.21986 ( 2)
  36 F   0.78389 0.03293 0.17388 0.00930 ( 1)
  37 S   0.00059 0.77788 0.00190 0.21962 ( 2)
  38 S   0.12957 0.59961 0.10154 0.16929 ( 2)
  39 I   0.85358 0.01460 0.12769 0.00412 ( 1)
  40 E   0.83903 0.02780 0.12532 0.00785 ( 1)
  41 S   0.85231 0.03770 0.09934 0.01065 ( 1)
  42 R   0.06520 0.71864 0.01327 0.20289 ( 2)
  43 A   0.78432 0.06648 0.13043 0.01877 ( 1)
  44 V   0.14166 0.64983 0.02505 0.18347 ( 2)
  45 L   0.44433 0.37047 0.08060 0.10460 ( 1)
  46 A   0.01930 0.73458 0.03872 0.20740 ( 2)
  47 P   0.69756 0.14557 0.11577 0.04110 ( 1)
  48 S   0.00432 0.77575 0.00091 0.21902 ( 2)
  49 L   0.78907 0.04859 0.14862 0.01372 ( 1)
  50 F   0.73630 0.10346 0.13102 0.02921 ( 1)
  51 K   0.47275 0.34250 0.08805 0.09670 ( 1)
  52 W   0.65695 0.14996 0.15075 0.04234 ( 1)
  53 I   0.30700 0.49532 0.05783 0.13985 ( 2)
  54 T   0.86907 0.01002 0.11808 0.00283 ( 1)
  55 Q   0.03002 0.71942 0.04744 0.20312 ( 2)
  56 L   0.20190 0.59821 0.03100 0.16889 ( 2)
  57 E   0.00091 0.77781 0.00168 0.21960 ( 2)
  58 V   0.84667 0.01843 0.12970 0.00520 ( 1)
  59 Y   0.00226 0.77487 0.00410 0.21877 ( 2)
  60 T   0.00113 0.77757 0.00178 0.21953 ( 2)
  61 K   0.00174 0.77610 0.00303 0.21912 ( 2)
  62 K   0.00000 0.77982 0.00001 0.22017 ( 2)
  63 Y   0.00702 0.77359 0.00098 0.21841 ( 2)
  64 S   0.00000 0.77983 0.00000 0.22017 ( 2)
  65 Y   0.01614 0.76442 0.00361 0.21582 ( 2)
  66 S   0.00493 0.77554 0.00057 0.21896 ( 2)
  67 S   0.20567 0.60036 0.02447 0.16950 ( 2)
  68 Q   0.00002 0.77979 0.00003 0.22016 ( 2)
  69 Y   0.09640 0.55005 0.19825 0.15530 ( 2)
  70 T   0.59573 0.18410 0.16819 0.05198 ( 1)
  71 T   0.43955 0.37780 0.07598 0.10667 ( 1)
  72 L   0.00282 0.77734 0.00037 0.21947 ( 2)
  73 W   0.14360 0.37486 0.37571 0.10583 ( 3)
  74 T   0.32566 0.08294 0.56798 0.02342 ( 3)
  75 G   0.81543 0.03131 0.14442 0.00884 ( 1)
  76 L   0.12082 0.66401 0.02770 0.18747 ( 2)
  77 R   0.06730 0.72084 0.00834 0.20352 ( 2)
  78 V   0.80263 0.05146 0.13138 0.01453 ( 1)
  79 I   0.00311 0.73362 0.05615 0.20712 ( 2)
  80 A   0.34546 0.47382 0.04695 0.13377 ( 2)
  81 Q   0.03089 0.75114 0.00590 0.21207 ( 2)
  82 P   0.02387 0.75852 0.00346 0.21415 ( 2)
  83 T   0.86907 0.01002 0.11808 0.00283 ( 1)
  84 K   0.00352 0.71641 0.07780 0.20227 ( 2)
  85 D   0.01635 0.76454 0.00325 0.21586 ( 2)
  86 F   0.00013 0.77953 0.00025 0.22009 ( 2)
  87 T   0.00001 0.77977 0.00006 0.22016 ( 2)
  88 D   0.08480 0.56944 0.18499 0.16077 ( 2)
  89 T   0.00208 0.77524 0.00380 0.21887 ( 2)
  90 V   0.01033 0.77049 0.00165 0.21753 ( 2)
  91 Y   0.76019 0.10704 0.10254 0.03022 ( 1)
  92 D   0.28827 0.18094 0.47970 0.05109 ( 3)
  93 Y   0.48087 0.35052 0.06965 0.09896 ( 1)
  94 G   0.81543 0.03131 0.14442 0.00884 ( 1)
  95 S   0.02370 0.41517 0.44391 0.11722 ( 3)
  96 S   0.32440 0.06560 0.59149 0.01852 ( 3)
  97 S   0.74984 0.08015 0.14738 0.02263 ( 1)
  98 G   0.36028 0.05372 0.57083 0.01517 ( 3)
  99 S   0.31761 0.06637 0.59728 0.01874 ( 3)
 100 E   0.00042 0.77897 0.00069 0.21993 ( 2)
 101 N   0.00014 0.77946 0.00033 0.22007 ( 2)
 102 K   0.00155 0.74883 0.03820 0.21142 ( 2)
 103 D   0.00070 0.72860 0.06499 0.20571 ( 2)
 104 V   0.25120 0.55730 0.03415 0.15734 ( 2)
 105 F   0.87327 0.00697 0.11779 0.00197 ( 1)
 106 D   0.44348 0.36269 0.09143 0.10240 ( 1)
 107 L   0.76961 0.05524 0.15954 0.01560 ( 1)
 108 Y   0.02415 0.75800 0.00383 0.21401 ( 2)
 109 G   0.00507 0.76882 0.00905 0.21706 ( 2)
 110 N   0.65547 0.19509 0.09436 0.05508 ( 1)
 111 D   0.88862 0.00442 0.10571 0.00125 ( 1)
 112 V   0.63073 0.20294 0.10904 0.05730 ( 1)
 113 Y   0.86022 0.01188 0.12454 0.00336 ( 1)
 114 D   0.06118 0.72130 0.01387 0.20365 ( 2)
 115 T   0.00120 0.76148 0.02233 0.21499 ( 2)
 116 Q   0.01675 0.74393 0.02928 0.21004 ( 2)
 117 S   0.23601 0.56820 0.03537 0.16042 ( 2)
 118 V   0.00135 0.77802 0.00098 0.21966 ( 2)
 119 V   0.00947 0.77141 0.00132 0.21780 ( 2)
 120 S   0.00960 0.77110 0.00159 0.21771 ( 2)
 121 S   0.05002 0.73330 0.00964 0.20703 ( 2)
 122 Y   0.01787 0.74623 0.02521 0.21069 ( 2)
 123 K   0.01467 0.76674 0.00211 0.21647 ( 2)
 124 P   0.01285 0.76698 0.00363 0.21654 ( 2)
 125 T   0.13981 0.65729 0.01733 0.18557 ( 2)
 126 G   0.02633 0.75643 0.00367 0.21357 ( 2)
 127 G   0.01772 0.76413 0.00241 0.21574 ( 2)
 128 G   0.00158 0.77832 0.00036 0.21974 ( 2)
 129 H   0.63921 0.20919 0.09254 0.05906 ( 1)
 130 F   0.10228 0.68060 0.02495 0.19216 ( 2)
 131 G   0.25206 0.54866 0.04437 0.15491 ( 2)
 132 V   0.12702 0.66649 0.01832 0.18817 ( 2)
 133 P   0.84817 0.01399 0.13390 0.00395 ( 1)
 134 Q   0.00001 0.77966 0.00020 0.22012 ( 2)
 135 F   0.11897 0.48319 0.26142 0.13642 ( 2)
 136 R   0.00732 0.77272 0.00180 0.21816 ( 2)
 137 L   0.78907 0.04859 0.14862 0.01372 ( 1)
 138 F   0.14222 0.65286 0.02059 0.18432 ( 2)
 139 W   0.00093 0.77892 0.00023 0.21991 ( 2)
 140 I   0.87372 0.00922 0.11446 0.00260 ( 1)
 141 T   0.74348 0.13249 0.08662 0.03741 ( 1)
 142 K   0.00083 0.77903 0.00019 0.21995 ( 2)
 143 S   0.00733 0.77312 0.00127 0.21828 ( 2)
 144 N   0.89021 0.00473 0.10372 0.00134 ( 1)
 145 G   0.00000 0.77983 0.00000 0.22017 ( 2)
 146 L   0.75753 0.07599 0.14503 0.02146 ( 1)
 147 R   0.00096 0.77897 0.00014 0.21993 ( 2)
 148 E   0.68029 0.16854 0.10359 0.04758 ( 1)
 149 Q   0.07209 0.71379 0.01259 0.20153 ( 2)
 150 I   0.00131 0.77858 0.00029 0.21982 ( 2)
 151 F   0.86721 0.00944 0.12069 0.00267 ( 1)
 152 N   0.31489 0.49780 0.04677 0.14054 ( 2)
 153 Y   0.17703 0.37239 0.34544 0.10514 ( 2)
 154 A   0.00008 0.77805 0.00221 0.21967 ( 2)
 155 N   0.01098 0.76987 0.00179 0.21736 ( 2)
 156 N   0.83731 0.05080 0.09756 0.01434 ( 1)
 157 M   0.15237 0.64323 0.02280 0.18160 ( 2)
 158 G   0.09220 0.69489 0.01672 0.19619 ( 2)
 159 -   0.80746 0.02828 0.15627 0.00798 ( 1)
 160 S   0.27081 0.54247 0.03356 0.15316 ( 2)
 161 Y   0.00519 0.77503 0.00096 0.21882 ( 2)
 162 S   0.00058 0.76114 0.02339 0.21489 ( 2)
 163 A   0.00134 0.77695 0.00235 0.21936 ( 2)
 164 Y   0.00143 0.77657 0.00274 0.21925 ( 2)
 165 R   0.03927 0.67950 0.08939 0.19184 ( 2)
 166 F   0.71876 0.13817 0.10406 0.03901 ( 1)
 167 S   0.09635 0.69353 0.01431 0.19581 ( 2)
 168 K   0.33620 0.48516 0.04167 0.13697 ( 2)
 169 D   0.16718 0.42495 0.28790 0.11998 ( 2)
 170 E   0.11496 0.50571 0.23655 0.14278 ( 2)
 171 L   0.78907 0.04859 0.14862 0.01372 ( 1)
 172 P   0.72387 0.08282 0.16993 0.02338 ( 1)
 173 I   0.85358 0.01460 0.12769 0.00412 ( 1)
 174 E   0.31502 0.06530 0.60124 0.01844 ( 3)
 175 L   0.03160 0.36429 0.50126 0.10285 ( 3)
 176 L   0.02662 0.74853 0.01351 0.21133 ( 2)
 177 Q   0.01185 0.76942 0.00149 0.21723 ( 2)
 178 P   0.00001 0.77982 0.00000 0.22017 ( 2)
 179 P   0.84817 0.01399 0.13390 0.00395 ( 1)
 180 L   0.62981 0.22434 0.08250 0.06334 ( 1)
 181 F   0.63844 0.20987 0.09243 0.05925 ( 1)
 182 G   0.81543 0.03131 0.14442 0.00884 ( 1)
 183 D   0.88862 0.00442 0.10571 0.00125 ( 1)
 184 I   0.39632 0.42079 0.06409 0.11880 ( 2)
 185 E   0.77762 0.05515 0.15166 0.01557 ( 1)
 186 E   0.85551 0.01305 0.12776 0.00368 ( 1)
 187 Y   0.82118 0.04670 0.11893 0.01319 ( 1)
 188 S   0.82457 0.05159 0.10928 0.01456 ( 1)
 189 H   0.87344 0.00602 0.11884 0.00170 ( 1)
 190 R   0.75328 0.07353 0.15243 0.02076 ( 1)
 191 L   0.78907 0.04859 0.14862 0.01372 ( 1)
 192 S   0.88516 0.00401 0.10970 0.00113 ( 1)
 193 H   0.08975 0.58348 0.16204 0.16473 ( 2)
 194 V   0.36585 0.04742 0.57334 0.01339 ( 3)
 195 S   0.78698 0.06068 0.13520 0.01713 ( 1)
 196 E   0.82184 0.03848 0.12881 0.01086 ( 1)
 197 V   0.75270 0.11594 0.09863 0.03273 ( 1)
 198 I   0.02212 0.41682 0.44337 0.11768 ( 3)
 199 K   0.04185 0.08819 0.84507 0.02490 ( 3)
 200 D   0.00367 0.76813 0.01133 0.21687 ( 2)
 201 Y   0.02062 0.73449 0.03752 0.20737 ( 2)
 202 G   0.76164 0.07802 0.13832 0.02203 ( 1)
 203 E   0.00649 0.77414 0.00080 0.21857 ( 2)
 204 -   0.36555 0.41428 0.10321 0.11697 ( 2)
 205 -   0.36555 0.41428 0.10321 0.11697 ( 2)
 206 -   0.36555 0.41428 0.10321 0.11697 ( 2)
 207 -   0.36555 0.41428 0.10321 0.11697 ( 2)
 208 -   0.36555 0.41428 0.10321 0.11697 ( 2)
 209 -   0.36555 0.41428 0.10321 0.11697 ( 2)
 210 -   0.36555 0.41428 0.10321 0.11697 ( 2)
 211 -   0.36555 0.41428 0.10321 0.11697 ( 2)
 212 G   0.81543 0.03131 0.14442 0.00884 ( 1)
 213 I   0.11395 0.53637 0.19825 0.15143 ( 2)
 214 I   0.87533 0.00780 0.11467 0.00220 ( 1)
 215 P   0.81939 0.02494 0.14863 0.00704 ( 1)
 216 V   0.77489 0.05673 0.15236 0.01602 ( 1)
 217 L   0.78907 0.04859 0.14862 0.01372 ( 1)
 218 G   0.82411 0.02230 0.14729 0.00630 ( 1)
 219 W   0.02408 0.75675 0.00552 0.21365 ( 2)
 220 T   0.84052 0.02032 0.13343 0.00574 ( 1)
 221 H   0.87344 0.00602 0.11884 0.00170 ( 1)
 222 V   0.03628 0.13696 0.78809 0.03867 ( 3)
 223 S   0.81358 0.04877 0.12388 0.01377 ( 1)


lnL = -2870.966773

