Supplemental results for CODEML (seqf: algn  treef: tree)


dN/dS (w) for site classes (K=4)

site class             0        1       2a       2b
proportion       0.48360  0.17932  0.24590  0.09118
background w     0.05262  0.90293  0.05262  0.90293
foreground w     0.05262  0.90293  0.00000  0.00000

Naive Empirical Bayes (NEB) probabilities for 4 classes
(amino acids refer to 1st sequence: BT_Cry1Ba1)

   1 P   0.56677 0.08877 0.29105 0.05342 ( 1)
   2 F   0.63738 0.01438 0.33530 0.01294 ( 1)
   3 A   0.62592 0.02494 0.32804 0.02110 ( 1)
   4 G   0.63383 0.01800 0.33264 0.01553 ( 1)
   5 Q   0.62790 0.02442 0.32807 0.01962 ( 1)
   6 L   0.01900 0.98100 0.00000 0.00000 ( 2)
   7 A   0.63301 0.01908 0.33176 0.01615 ( 1)
   8 S   0.63747 0.01447 0.33514 0.01292 ( 1)
   9 F   0.63738 0.01438 0.33530 0.01294 ( 1)
  10 Y   0.63236 0.01959 0.33147 0.01657 ( 1)
  11 S   0.63747 0.01447 0.33514 0.01292 ( 1)
  12 F   0.63738 0.01438 0.33530 0.01294 ( 1)
  13 L   0.06753 0.93246 0.00000 0.00000 ( 2)
  14 V   0.63330 0.02033 0.33045 0.01592 ( 1)
  15 G   0.62748 0.02310 0.32938 0.02004 ( 1)
  16 E   0.63957 0.01138 0.33806 0.01099 ( 1)
  17 L   0.60874 0.04423 0.31570 0.03134 ( 1)
  18 W   0.56893 0.08648 0.29225 0.05235 ( 1)
  19 P   0.61461 0.04175 0.31687 0.02677 ( 1)
  20 R   0.00076 0.99924 0.00000 0.00000 ( 2)
  21 G   0.57116 0.08409 0.29352 0.05123 ( 1)
  22 R   0.63266 0.01944 0.33151 0.01638 ( 1)
  23 D   0.63852 0.01161 0.33823 0.01164 ( 1)
  24 Q   0.03798 0.88075 0.00313 0.07814 ( 2)
  25 W   0.56893 0.08648 0.29225 0.05235 ( 1)
  26 E   0.63957 0.01138 0.33806 0.01099 ( 1)
  27 I   0.63550 0.01818 0.33189 0.01443 ( 1)
  28 F   0.60468 0.04767 0.31379 0.03386 ( 1)
  29 L   0.01310 0.56757 0.00680 0.41252 ( 2)
  30 E   0.63957 0.01138 0.33806 0.01099 ( 1)
  31 H   0.63881 0.01275 0.33663 0.01180 ( 1)
  32 V   0.62353 0.03224 0.32248 0.02175 ( 1)
  33 E   0.63957 0.01138 0.33806 0.01099 ( 1)
  34 Q   0.62790 0.02442 0.32807 0.01962 ( 1)
  35 L   0.36919 0.24002 0.19319 0.19760 ( 1)
  36 I   0.00761 0.99239 0.00000 0.00000 ( 2)
  37 N   0.05395 0.52373 0.02812 0.39420 ( 2)
  38 Q   0.62790 0.02442 0.32807 0.01962 ( 1)
  39 Q   0.62790 0.02442 0.32807 0.01962 ( 1)
  40 I   0.00813 0.99187 0.00000 0.00000 ( 2)
  41 T   0.63093 0.02088 0.33058 0.01761 ( 1)
  42 E   0.05865 0.46423 0.03100 0.44612 ( 2)
  43 N   0.47913 0.13554 0.25329 0.13204 ( 1)
  44 A   0.00030 0.99970 0.00000 0.00000 ( 2)
  45 R   0.58972 0.06451 0.30410 0.04168 ( 1)
  46 N   0.15367 0.84633 0.00000 0.00000 ( 2)
  47 T   0.57199 0.08318 0.29399 0.05084 ( 1)
  48 A   0.62809 0.02294 0.32939 0.01958 ( 1)
  49 L   0.35238 0.25409 0.18439 0.20915 ( 1)
  50 A   0.63301 0.01908 0.33176 0.01615 ( 1)
  51 R   0.61080 0.04248 0.31669 0.03003 ( 1)
  52 L   0.60874 0.04423 0.31570 0.03134 ( 1)
  53 Q   0.38854 0.22650 0.20301 0.18196 ( 1)
  54 G   0.63456 0.01732 0.33310 0.01502 ( 1)
  55 L   0.60899 0.04400 0.31583 0.03118 ( 1)
  56 G   0.63383 0.01800 0.33264 0.01553 ( 1)
  57 D   0.00008 0.99992 0.00000 0.00000 ( 2)
  58 S   0.01063 0.61919 0.00545 0.36473 ( 2)
  59 F   0.39218 0.21134 0.20631 0.19016 ( 1)
  60 R   0.63266 0.01944 0.33151 0.01638 ( 1)
  61 A   0.22976 0.40663 0.11801 0.24559 ( 2)
  62 Y   0.61571 0.03334 0.32274 0.02821 ( 1)
  63 Q   0.61377 0.03634 0.32069 0.02920 ( 1)
  64 Q   0.58558 0.06670 0.30286 0.04486 ( 1)
  65 S   0.30979 0.30687 0.16087 0.22247 ( 1)
  66 L   0.63002 0.02210 0.32968 0.01820 ( 1)
  67 E   0.63957 0.01138 0.33806 0.01099 ( 1)
  68 D   0.05736 0.48210 0.03019 0.43035 ( 2)
  69 W   0.56893 0.08648 0.29225 0.05235 ( 1)
  70 L   0.60988 0.04242 0.31680 0.03090 ( 1)
  71 E   0.44468 0.16312 0.23503 0.15717 ( 1)
  72 N   0.60228 0.05138 0.31148 0.03486 ( 1)
  73 R   0.62096 0.03031 0.32440 0.02433 ( 1)
  74 D   0.43271 0.17114 0.22875 0.16741 ( 1)
  75 D   0.64157 0.00927 0.33985 0.00931 ( 1)
  76 A   0.63583 0.01604 0.33403 0.01411 ( 1)
  77 R   0.63266 0.01944 0.33151 0.01638 ( 1)
  78 T   0.21112 0.42229 0.10851 0.25807 ( 2)
  79 R   0.63266 0.01944 0.33151 0.01638 ( 1)
  80 S   0.62351 0.02572 0.32780 0.02297 ( 1)
  81 V   0.41441 0.19737 0.21756 0.17066 ( 1)
  82 L   0.35238 0.25409 0.18439 0.20915 ( 1)
  83 Y   0.00016 0.54171 0.00008 0.45805 ( 2)
  84 T   0.00731 0.61976 0.00375 0.36918 ( 2)
  85 Q   0.19126 0.39317 0.09993 0.31565 ( 2)
  86 Y   0.63236 0.01959 0.33147 0.01657 ( 1)
  87 I   0.06919 0.45941 0.03652 0.43488 ( 2)
  88 A   0.60680 0.05083 0.31167 0.03070 ( 1)
  89 L   0.60874 0.04423 0.31570 0.03134 ( 1)
  90 E   0.63602 0.01636 0.33379 0.01383 ( 1)
  91 L   0.63002 0.02210 0.32968 0.01820 ( 1)
  92 D   0.63215 0.01646 0.33487 0.01652 ( 1)
  93 F   0.39163 0.21178 0.20602 0.19057 ( 1)
  94 L   0.03626 0.51827 0.01898 0.42649 ( 2)
  95 N   0.40974 0.18929 0.21661 0.18436 ( 1)
  96 A   0.60926 0.04767 0.31345 0.02961 ( 1)
  97 M   0.41797 0.20113 0.21840 0.16250 ( 1)
  98 P   0.56677 0.08877 0.29105 0.05342 ( 1)
  99 L   0.63002 0.02210 0.32968 0.01820 ( 1)
 100 F   0.59328 0.06079 0.30616 0.03977 ( 1)
 101 A   0.00245 0.53009 0.00129 0.46618 ( 2)
 102 I   0.63811 0.01386 0.33576 0.01228 ( 1)
 103 R   0.06336 0.93664 0.00000 0.00000 ( 2)
 104 N   0.03145 0.54608 0.01637 0.40610 ( 2)
 105 Q   0.36348 0.24764 0.18992 0.19896 ( 1)
 106 E   0.52408 0.47591 0.00001 0.00000 ( 1)
 107 V   0.63312 0.01850 0.33238 0.01600 ( 1)
 108 P   0.62595 0.02593 0.32714 0.02097 ( 1)
 109 L   0.60874 0.04423 0.31570 0.03134 ( 1)
 110 L   0.60703 0.04722 0.31397 0.03177 ( 1)
 111 M   0.63011 0.02248 0.32925 0.01816 ( 1)
 112 V   0.63564 0.01569 0.33454 0.01413 ( 1)
 113 Y   0.62769 0.02346 0.32901 0.01984 ( 1)
 114 A   0.63301 0.01908 0.33176 0.01615 ( 1)
 115 Q   0.62790 0.02442 0.32807 0.01962 ( 1)
 116 A   0.63301 0.01908 0.33176 0.01615 ( 1)
 117 A   0.63583 0.01604 0.33403 0.01411 ( 1)
 118 N   0.63782 0.01267 0.33718 0.01233 ( 1)
 119 L   0.60429 0.04819 0.31339 0.03413 ( 1)
 120 H   0.59787 0.05320 0.31055 0.03838 ( 1)
 121 L   0.61360 0.03915 0.31874 0.02852 ( 1)
 122 L   0.60874 0.04423 0.31570 0.03134 ( 1)
 123 L   0.60874 0.04423 0.31570 0.03134 ( 1)
 124 L   0.57375 0.08132 0.29499 0.04995 ( 1)
 125 R   0.63122 0.02063 0.33076 0.01739 ( 1)
 126 D   0.62135 0.02476 0.32911 0.02479 ( 1)
 127 A   0.60860 0.04913 0.31259 0.02968 ( 1)
 128 S   0.58314 0.06302 0.30426 0.04957 ( 1)
 129 L   0.63002 0.02210 0.32968 0.01820 ( 1)
 130 F   0.41238 0.19527 0.21693 0.17543 ( 1)
 131 G   0.63456 0.01732 0.33310 0.01502 ( 1)
 132 S   0.41284 0.19562 0.21705 0.17449 ( 1)
 133 E   0.63957 0.01138 0.33806 0.01099 ( 1)
 134 F   0.03414 0.49894 0.01796 0.44895 ( 2)
 135 G   0.58078 0.07388 0.29898 0.04635 ( 1)
 136 L   0.01060 0.53966 0.00555 0.44419 ( 2)
 137 T   0.04647 0.50417 0.02435 0.42501 ( 2)
 138 S   0.59642 0.06144 0.30591 0.03623 ( 1)
 139 Q   0.00063 0.59706 0.00033 0.40197 ( 2)
 140 E   0.48134 0.13446 0.25442 0.12978 ( 1)
 141 I   0.41738 0.19348 0.21927 0.16987 ( 1)
 142 Q   0.03313 0.52658 0.01731 0.42299 ( 2)
 143 R   0.23552 0.35583 0.12304 0.28561 ( 2)
 144 Y   0.63236 0.01959 0.33147 0.01657 ( 1)
 145 Y   0.61571 0.03334 0.32274 0.02821 ( 1)
 146 E   0.34065 0.28517 0.17642 0.19776 ( 1)
 147 R   0.01821 0.61043 0.00934 0.36202 ( 2)
 148 Q   0.62790 0.02442 0.32807 0.01962 ( 1)
 149 V   0.03189 0.96811 0.00000 0.00000 ( 2)
 150 E   0.07370 0.45187 0.03895 0.43547 ( 2)
 151 R   0.00001 0.56038 0.00000 0.43961 ( 2)
 152 T   0.60672 0.05054 0.31185 0.03089 ( 1)
 153 R   0.03234 0.51615 0.01695 0.43456 ( 2)
 154 D   0.09197 0.64362 0.01924 0.24516 ( 2)
 155 Y   0.63236 0.01959 0.33147 0.01657 ( 1)
 156 S   0.62320 0.02895 0.32513 0.02272 ( 1)
 157 D   0.28476 0.29165 0.15029 0.27330 ( 2)
 158 Y   0.37694 0.23252 0.19728 0.19326 ( 1)
 159 C   0.56822 0.08723 0.29186 0.05270 ( 1)
 160 V   0.60865 0.36456 0.00127 0.02553 ( 1)
 161 E   0.00692 0.96516 0.00003 0.02789 ( 2)
 162 W   0.56893 0.08648 0.29225 0.05235 ( 1)
 163 Y   0.63236 0.01959 0.33147 0.01657 ( 1)
 164 N   0.64100 0.01020 0.33887 0.00993 ( 1)
 165 T   0.59641 0.06019 0.30658 0.03683 ( 1)
 166 G   0.62050 0.02880 0.32572 0.02498 ( 1)
 167 L   0.61296 0.04050 0.31796 0.02859 ( 1)
 168 N   0.64100 0.01020 0.33887 0.00993 ( 1)
 169 S   0.00167 0.53466 0.00088 0.46279 ( 2)
 170 L   0.59778 0.05878 0.30734 0.03610 ( 1)
 171 R   0.63266 0.01944 0.33151 0.01638 ( 1)
 172 G   0.58078 0.07388 0.29898 0.04635 ( 1)
 173 T   0.63307 0.01911 0.33170 0.01611 ( 1)
 174 N   0.46722 0.14476 0.24700 0.14102 ( 1)
 175 A   0.62747 0.02376 0.32877 0.01999 ( 1)
 176 A   0.45519 0.16107 0.24000 0.14374 ( 1)
 177 S   0.63747 0.01447 0.33514 0.01292 ( 1)
 178 W   0.56893 0.08648 0.29225 0.05235 ( 1)
 179 V   0.03734 0.95391 0.00001 0.00874 ( 2)
 180 R   0.56969 0.08013 0.29495 0.05523 ( 1)
 181 Y   0.63236 0.01959 0.33147 0.01657 ( 1)
 182 N   0.64100 0.01020 0.33887 0.00993 ( 1)
 183 Q   0.62790 0.02442 0.32807 0.01962 ( 1)
 184 F   0.59328 0.06079 0.30616 0.03977 ( 1)
 185 R   0.62668 0.02548 0.32738 0.02046 ( 1)
 186 R   0.63266 0.01944 0.33151 0.01638 ( 1)
 187 D   0.61327 0.04061 0.31774 0.02838 ( 1)
 188 L   0.61296 0.04050 0.31796 0.02859 ( 1)
 189 T   0.61722 0.04068 0.31725 0.02486 ( 1)
 190 L   0.60878 0.04366 0.31614 0.03141 ( 1)
 191 G   0.59631 0.05015 0.31216 0.04139 ( 1)
 192 V   0.63564 0.01569 0.33454 0.01413 ( 1)
 193 L   0.60874 0.04423 0.31570 0.03134 ( 1)
 194 D   0.64157 0.00927 0.33985 0.00931 ( 1)
 195 L   0.61148 0.04101 0.31764 0.02987 ( 1)
 196 V   0.58258 0.07218 0.29993 0.04531 ( 1)
 197 A   0.62280 0.02660 0.32719 0.02341 ( 1)
 198 L   0.61360 0.03915 0.31874 0.02852 ( 1)
 199 F   0.59328 0.06079 0.30616 0.03977 ( 1)
 200 P   0.62928 0.02313 0.32888 0.01871 ( 1)
 201 S   0.59010 0.06435 0.30420 0.04136 ( 1)


lnL = -1876.885292

