Supplemental results for CODEML (seqf: algn  treef: tree)


dN/dS (w) for site classes (K=4)

site class             0        1       2a       2b
proportion       0.32044  0.60955  0.02412  0.04589
background w     0.05698  0.61570  0.05698  0.61570
foreground w     0.05698  0.61570 635.25481 635.25481

Naive Empirical Bayes (NEB) probabilities for 4 classes
(amino acids refer to 1st sequence: BT_Cry7Ba1)

   1 -   0.25941 0.63381 0.07730 0.02947 ( 2)
   2 -   0.81477 0.17984 0.00370 0.00168 ( 1)
   3 T   0.00385 0.95620 0.00117 0.03877 ( 2)
   4 V   0.08586 0.91064 0.00026 0.00323 ( 2)
   5 E   0.98162 0.01533 0.00295 0.00010 ( 1)
   6 L   0.36888 0.51463 0.10101 0.01549 ( 2)
   7 T   0.95065 0.04442 0.00451 0.00042 ( 1)
   8 R   0.98361 0.01435 0.00198 0.00006 ( 1)
   9 T   0.05062 0.92579 0.00097 0.02263 ( 2)
  10 I   0.83451 0.14823 0.01288 0.00438 ( 1)
  11 Y   0.92640 0.06551 0.00728 0.00082 ( 1)
  12 T   0.96473 0.03029 0.00467 0.00030 ( 1)
  13 D   0.98717 0.00982 0.00294 0.00007 ( 1)
  14 P   0.97585 0.02244 0.00164 0.00007 ( 1)
  15 L   0.14466 0.77549 0.04372 0.03613 ( 2)
  16 G   0.08442 0.89757 0.00068 0.01732 ( 2)
  17 Y   0.63440 0.36217 0.00165 0.00178 ( 1)
  18 T   0.01571 0.96917 0.00013 0.01499 ( 2)
  19 G   0.00019 0.52067 0.02537 0.45377 ( 2)
  20 Y   0.00007 0.97852 0.00001 0.02141 ( 2)
  21 S   0.00791 0.97291 0.00009 0.01909 ( 2)
  22 N   0.08666 0.90200 0.00066 0.01068 ( 2)
  23 D   0.32716 0.67117 0.00045 0.00122 ( 2)
  24 E   0.04812 0.92331 0.00847 0.02009 ( 2)
  25 -   0.32097 0.60901 0.02416 0.04585 ( 2)
  26 H   0.02766 0.93211 0.00072 0.03951 ( 2)
  27 P   0.01767 0.94591 0.00284 0.03359 ( 2)
  28 T   0.01972 0.94885 0.00344 0.02799 ( 2)
  29 Y   0.08797 0.91149 0.00004 0.00050 ( 2)
  30 Y   0.00171 0.99404 0.00001 0.00425 ( 2)
  31 S   0.00005 0.87841 0.00005 0.12149 ( 2)
  32 S   0.00094 0.82597 0.00157 0.17151 ( 2)
  33 A   0.14704 0.82662 0.01056 0.01577 ( 2)
  34 K   0.24282 0.75451 0.00041 0.00226 ( 2)
  35 P   0.66010 0.32310 0.00941 0.00739 ( 1)
  36 F   0.94774 0.05156 0.00065 0.00005 ( 1)
  37 S   0.93292 0.05145 0.01428 0.00135 ( 1)
  38 S   0.00002 0.75804 0.00006 0.24188 ( 2)
  39 I   0.41128 0.58192 0.00150 0.00530 ( 2)
  40 E   0.96853 0.02327 0.00789 0.00030 ( 1)
  41 S   0.00101 0.87530 0.00972 0.11396 ( 2)
  42 R   0.36599 0.56400 0.02755 0.04246 ( 2)
  43 A   0.00782 0.97401 0.00014 0.01803 ( 2)
  44 V   0.22550 0.76562 0.00125 0.00763 ( 2)
  45 L   0.04975 0.90510 0.01290 0.03225 ( 2)
  46 A   0.00367 0.66453 0.01569 0.31611 ( 2)
  47 P   0.96039 0.03767 0.00181 0.00013 ( 1)
  48 S   0.00098 0.88460 0.00066 0.11377 ( 2)
  49 L   0.92823 0.06911 0.00238 0.00028 ( 1)
  50 F   0.98191 0.01598 0.00204 0.00007 ( 1)
  51 K   0.00244 0.95115 0.00070 0.04570 ( 2)
  52 W   0.82843 0.17110 0.00037 0.00009 ( 1)
  53 I   0.54475 0.45205 0.00139 0.00182 ( 1)
  54 T   0.04075 0.91136 0.00979 0.03810 ( 2)
  55 Q   0.00010 0.96032 0.00002 0.03956 ( 2)
  56 L   0.54291 0.44626 0.00487 0.00596 ( 1)
  57 E   0.00003 0.61126 0.00082 0.38789 ( 2)
  58 V   0.81102 0.17076 0.01267 0.00555 ( 1)
  59 Y   0.23374 0.76218 0.00052 0.00355 ( 2)
  60 T   0.34928 0.64032 0.00291 0.00748 ( 2)
  61 K   0.68218 0.30636 0.00612 0.00533 ( 1)
  62 K   0.00004 0.99952 0.00000 0.00044 ( 2)
  63 Y   0.01702 0.97486 0.00007 0.00805 ( 2)
  64 S   0.00332 0.99515 0.00000 0.00153 ( 2)
  65 Y   0.00388 0.95019 0.00134 0.04460 ( 2)
  66 S   0.00862 0.98764 0.00002 0.00373 ( 2)
  67 S   0.00047 0.99409 0.00000 0.00544 ( 2)
  68 Q   0.00012 0.99336 0.00000 0.00652 ( 2)
  69 Y   0.69917 0.29758 0.00181 0.00144 ( 1)
  70 T   0.85421 0.13207 0.01037 0.00336 ( 1)
  71 T   0.80396 0.19101 0.00316 0.00186 ( 1)
  72 L   0.00063 0.99422 0.00000 0.00515 ( 2)
  73 W   0.82843 0.17110 0.00037 0.00009 ( 1)
  74 T   0.42931 0.55721 0.00434 0.00914 ( 2)
  75 G   0.95205 0.04015 0.00731 0.00048 ( 1)
  76 L   0.66608 0.33165 0.00113 0.00114 ( 1)
  77 R   0.00034 0.90609 0.00025 0.09332 ( 2)
  78 V   0.17280 0.81878 0.00075 0.00767 ( 2)
  79 I   0.00029 0.27448 0.05383 0.67141 ( 4)
  80 A   0.00000 0.16616 0.00309 0.83074 ( 4)
  81 Q   0.01037 0.98502 0.00002 0.00459 ( 2)
  82 P   0.00000 0.08209 0.00007 0.91784 ( 4)
  83 T   0.96518 0.03014 0.00439 0.00028 ( 1)
  84 K   0.00004 0.46036 0.00350 0.53609 ( 4)
  85 D   0.00121 0.96710 0.00006 0.03163 ( 2)
  86 F   0.02041 0.92484 0.00739 0.04736 ( 2)
  87 T   0.00000 0.33882 0.00009 0.66109 ( 4)
  88 -   0.08369 0.78163 0.04672 0.08797 ( 2)
  89 D   0.00003 0.33067 0.00478 0.66452 ( 4)
  90 T   0.06544 0.64107 0.14099 0.15250 ( 2)
  91 V   0.00790 0.88490 0.00075 0.10646 ( 2)
  92 Y   0.01378 0.95561 0.00029 0.03031 ( 2)
  93 D   0.00474 0.96782 0.00010 0.02734 ( 2)
  94 Y   0.85498 0.14308 0.00145 0.00049 ( 1)
  95 G   0.97402 0.02433 0.00158 0.00007 ( 1)
  96 S   0.02408 0.94809 0.00179 0.02604 ( 2)
  97 S   0.14967 0.84112 0.00069 0.00852 ( 2)
  98 S   0.00009 0.83496 0.00017 0.16478 ( 2)
  99 G   0.10630 0.88448 0.00043 0.00879 ( 2)
 100 S   0.06950 0.90022 0.00128 0.02900 ( 2)
 101 E   0.04226 0.92443 0.00683 0.02647 ( 2)
 102 N   0.00084 0.84959 0.00133 0.14824 ( 2)
 103 K   0.01160 0.87048 0.02074 0.09718 ( 2)
 104 D   0.37927 0.61732 0.00078 0.00262 ( 2)
 105 V   0.08869 0.90516 0.00027 0.00588 ( 2)
 106 F   0.73397 0.26253 0.00206 0.00144 ( 1)
 107 D   0.85087 0.14556 0.00254 0.00103 ( 1)
 108 L   0.01133 0.95991 0.00020 0.02855 ( 2)
 109 Y   0.00035 0.97585 0.00003 0.02377 ( 2)
 110 G   0.00128 0.97881 0.00001 0.01990 ( 2)
 111 -   0.00481 0.68633 0.10703 0.20183 ( 2)
 112 N   0.00858 0.96707 0.00133 0.02303 ( 2)
 113 D   0.67652 0.13560 0.18219 0.00569 ( 1)
 114 V   0.85123 0.13323 0.01168 0.00385 ( 1)
 115 Y   0.97580 0.02150 0.00260 0.00011 ( 1)
 116 D   0.24115 0.75634 0.00041 0.00210 ( 2)
 117 T   0.10284 0.88043 0.00106 0.01567 ( 2)
 118 Q   0.11229 0.87561 0.00126 0.01084 ( 2)
 119 S   0.02608 0.96721 0.00009 0.00662 ( 2)
 120 V   0.08181 0.90602 0.00068 0.01149 ( 2)
 121 V   0.02027 0.97649 0.00004 0.00321 ( 2)
 122 S   0.00202 0.99449 0.00000 0.00349 ( 2)
 123 S   0.70555 0.29029 0.00228 0.00188 ( 1)
 124 -   0.36040 0.56959 0.02713 0.04288 ( 2)
 125 -   0.33922 0.59077 0.02554 0.04448 ( 2)
 126 -   0.35809 0.57189 0.02696 0.04305 ( 2)
 127 -   0.35090 0.57909 0.02642 0.04360 ( 2)
 128 -   0.35270 0.57729 0.02655 0.04346 ( 2)
 129 Y   0.00169 0.99224 0.00001 0.00607 ( 2)
 130 K   0.00000 0.51892 0.00034 0.48074 ( 2)
 131 P   0.00004 0.80620 0.00007 0.19368 ( 2)
 132 T   0.01297 0.85069 0.01541 0.12093 ( 2)
 133 G   0.00019 0.99376 0.00000 0.00604 ( 2)
 134 G   0.00194 0.99679 0.00000 0.00127 ( 2)
 135 G   0.00291 0.95882 0.00075 0.03752 ( 2)
 136 H   0.03893 0.95695 0.00010 0.00402 ( 2)
 137 F   0.73022 0.26256 0.00427 0.00295 ( 1)
 138 G   0.95725 0.02822 0.01382 0.00070 ( 1)
 139 V   0.93619 0.04963 0.01325 0.00093 ( 1)
 140 P   0.97492 0.02336 0.00165 0.00007 ( 1)
 141 Q   0.80654 0.18857 0.00323 0.00166 ( 1)
 142 F   0.21119 0.78273 0.00075 0.00532 ( 2)
 143 R   0.00149 0.88598 0.00123 0.11130 ( 2)
 144 L   0.77747 0.21980 0.00172 0.00101 ( 1)
 145 F   0.00282 0.86883 0.02445 0.10390 ( 2)
 146 W   0.00454 0.80042 0.01935 0.17568 ( 2)
 147 I   0.08749 0.88907 0.00145 0.02199 ( 2)
 148 T   0.00771 0.45439 0.33386 0.20404 ( 2)
 149 K   0.03300 0.93683 0.00517 0.02500 ( 2)
 150 -   0.51646 0.48098 0.00089 0.00167 ( 1)
 151 -   0.00217 0.33186 0.22981 0.43617 ( 4)
 152 -   0.51402 0.48151 0.00155 0.00293 ( 1)
 153 S   0.13460 0.57833 0.17809 0.10897 ( 2)
 154 N   0.00042 0.45160 0.03734 0.51065 ( 4)
 155 G   0.00022 0.95606 0.00004 0.04368 ( 2)
 156 L   0.14217 0.83774 0.00211 0.01798 ( 2)
 157 R   0.00126 0.96638 0.00038 0.03198 ( 2)
 158 E   0.00206 0.87550 0.00168 0.12077 ( 2)
 159 Q   0.00294 0.99632 0.00000 0.00074 ( 2)
 160 I   0.68628 0.18236 0.12568 0.00568 ( 1)
 161 F   0.74786 0.24283 0.00594 0.00337 ( 1)
 162 N   0.21941 0.77566 0.00064 0.00429 ( 2)
 163 Y   0.00332 0.98838 0.00001 0.00829 ( 2)
 164 A   0.06088 0.93355 0.00019 0.00538 ( 2)
 165 N   0.48155 0.51594 0.00105 0.00147 ( 2)
 166 N   0.15451 0.82907 0.00194 0.01448 ( 2)
 167 M   0.06711 0.92126 0.00053 0.01111 ( 2)
 168 G   0.03221 0.83478 0.03044 0.10257 ( 2)
 169 -   0.29985 0.63014 0.02257 0.04744 ( 2)
 170 S   0.46921 0.49882 0.01085 0.02113 ( 2)
 171 Y   0.02259 0.97056 0.00008 0.00678 ( 2)
 172 S   0.99097 0.00713 0.00188 0.00003 ( 1)
 173 A   0.00044 0.99092 0.00000 0.00864 ( 2)
 174 Y   0.00074 0.66796 0.03452 0.29678 ( 2)
 175 R   0.14821 0.81085 0.02435 0.01659 ( 2)
 176 F   0.00974 0.93548 0.00068 0.05410 ( 2)
 177 S   0.08191 0.91372 0.00023 0.00414 ( 2)
 178 K   0.01947 0.58126 0.27839 0.12087 ( 2)
 179 D   0.00050 0.97519 0.00002 0.02429 ( 2)
 180 E   0.98162 0.01533 0.00295 0.00010 ( 1)
 181 L   0.94634 0.05120 0.00227 0.00019 ( 1)
 182 -   0.50934 0.48806 0.00090 0.00170 ( 1)
 183 P   0.97409 0.02404 0.00179 0.00008 ( 1)
 184 I   0.29640 0.63130 0.05242 0.01988 ( 2)
 185 E   0.40207 0.59586 0.00061 0.00146 ( 2)
 186 L   0.08509 0.89465 0.00129 0.01897 ( 2)
 187 L   0.07095 0.79896 0.05634 0.07374 ( 2)
 188 Q   0.08658 0.90906 0.00024 0.00412 ( 2)
 189 P   0.24981 0.74420 0.00074 0.00525 ( 2)
 190 P   0.13836 0.85240 0.00063 0.00861 ( 2)
 191 L   0.75950 0.23160 0.00631 0.00259 ( 1)
 192 -   0.32044 0.60955 0.02412 0.04589 ( 2)
 193 -   0.32044 0.60955 0.02412 0.04589 ( 2)
 194 -   0.32044 0.60955 0.02412 0.04589 ( 2)
 195 -   0.32044 0.60955 0.02412 0.04589 ( 2)
 196 -   0.32044 0.60955 0.02412 0.04589 ( 2)
 197 -   0.32044 0.60955 0.02412 0.04589 ( 2)
 198 -   0.32044 0.60955 0.02412 0.04589 ( 2)
 199 -   0.32044 0.60955 0.02412 0.04589 ( 2)
 200 F   0.08478 0.91244 0.00015 0.00263 ( 2)
 201 G   0.16713 0.83010 0.00028 0.00249 ( 2)
 202 D   0.28964 0.56508 0.11870 0.02658 ( 2)
 203 I   0.02648 0.97021 0.00005 0.00325 ( 2)
 204 E   0.15407 0.60618 0.12956 0.11019 ( 2)
 205 E   0.26674 0.72514 0.00124 0.00688 ( 2)
 206 Y   0.93022 0.06678 0.00264 0.00036 ( 1)
 207 S   0.09457 0.88071 0.00182 0.02290 ( 2)
 208 H   0.96866 0.03072 0.00059 0.00002 ( 1)
 209 R   0.97962 0.01833 0.00198 0.00007 ( 1)
 210 L   0.93647 0.05394 0.00884 0.00075 ( 1)
 211 S   0.05653 0.93564 0.00019 0.00764 ( 2)
 212 H   0.17086 0.74526 0.05013 0.03376 ( 2)
 213 V   0.84208 0.15422 0.00271 0.00100 ( 1)
 214 S   0.17443 0.76888 0.03308 0.02361 ( 2)
 215 -   0.23910 0.75134 0.00195 0.00762 ( 2)
 216 -   0.84454 0.15123 0.00305 0.00118 ( 1)
 217 E   0.03067 0.90757 0.01076 0.05100 ( 2)
 218 V   0.00432 0.96925 0.00059 0.02584 ( 2)
 219 I   0.02420 0.96454 0.00011 0.01115 ( 2)
 220 K   0.97845 0.01748 0.00392 0.00015 ( 1)
 221 D   0.05666 0.93845 0.00012 0.00477 ( 2)
 222 Y   0.75528 0.24140 0.00203 0.00129 ( 1)
 223 G   0.93721 0.06091 0.00169 0.00019 ( 1)
 224 E   0.02793 0.96700 0.00008 0.00499 ( 2)
 225 G   0.94528 0.05396 0.00071 0.00005 ( 1)
 226 I   0.13192 0.86318 0.00037 0.00453 ( 2)
 227 I   0.63807 0.35656 0.00234 0.00304 ( 1)
 228 P   0.97474 0.02348 0.00171 0.00007 ( 1)
 229 V   0.66315 0.33399 0.00159 0.00127 ( 1)
 230 L   0.90578 0.08917 0.00451 0.00053 ( 1)
 231 G   0.96165 0.03652 0.00170 0.00012 ( 1)
 232 W   0.82843 0.17110 0.00037 0.00009 ( 1)
 233 T   0.93999 0.04599 0.01292 0.00111 ( 1)
 234 H   0.98829 0.01000 0.00168 0.00003 ( 1)
 235 V   0.03776 0.96181 0.00001 0.00041 ( 2)
 236 S   0.98984 0.00825 0.00188 0.00003 ( 1)


lnL = -3140.810978

