Supplemental results for CODEML (seqf: algn  treef: tree)


dN/dS (w) for site classes (K=4)

site class             0        1       2a       2b
proportion       0.41968  0.50292  0.03521  0.04219
background w     0.05324  0.45106  0.05324  0.45106
foreground w     0.05324  0.45106 20.01899 20.01899

Naive Empirical Bayes (NEB) probabilities for 4 classes
(amino acids refer to 1st sequence: BT_Cry13Aa1)

   1 D   0.91294 0.00966 0.07659 0.00081 ( 1)
   2 Y   0.91319 0.00941 0.07661 0.00079 ( 1)
   3 S   0.00037 0.92223 0.00003 0.07737 ( 2)
   4 S   0.00596 0.91664 0.00050 0.07690 ( 2)
   5 Q   0.94557 0.04288 0.01103 0.00053 ( 1)
   6 I   0.77366 0.21333 0.01008 0.00294 ( 1)
   7 K   0.00086 0.96910 0.00003 0.03001 ( 2)
   8 L   0.04998 0.35453 0.32394 0.27155 ( 2)
   9 E   0.98658 0.00434 0.00903 0.00004 ( 1)
  10 K   0.53408 0.45413 0.00622 0.00557 ( 1)
  11 T   0.97213 0.01501 0.01266 0.00021 ( 1)
  12 R   0.91188 0.07923 0.00814 0.00075 ( 1)
  13 V   0.93331 0.03769 0.02784 0.00115 ( 1)
  14 I   0.57711 0.41339 0.00533 0.00417 ( 1)
  15 F   0.98823 0.00400 0.00774 0.00003 ( 1)
  16 S   0.93584 0.04094 0.02221 0.00100 ( 1)
  17 D   0.98305 0.00779 0.00907 0.00008 ( 1)
  18 M   0.68460 0.30285 0.00859 0.00396 ( 1)
  19 V   0.83206 0.15950 0.00700 0.00144 ( 1)
  20 G   0.89498 0.06527 0.03692 0.00283 ( 1)
  21 Q   0.93264 0.05581 0.01087 0.00068 ( 1)
  22 S   0.46570 0.52483 0.00426 0.00521 ( 2)
  23 E   0.92370 0.06718 0.00845 0.00066 ( 1)
  24 S   0.04694 0.94540 0.00034 0.00732 ( 2)
  25 R   0.00508 0.98129 0.00007 0.01356 ( 2)
  26 D   0.89356 0.09828 0.00726 0.00090 ( 1)
  27 G   0.02597 0.96033 0.00035 0.01336 ( 2)
  28 S   0.00277 0.84228 0.00306 0.15189 ( 2)
  29 V   0.84521 0.13168 0.01996 0.00314 ( 1)
  30 T   0.30390 0.20198 0.45466 0.03946 ( 3)
  31 I   0.93662 0.05508 0.00780 0.00050 ( 1)
  32 K   0.06931 0.90254 0.00196 0.02619 ( 2)
  33 N   0.98987 0.00099 0.00913 0.00001 ( 1)
  34 I   0.60285 0.38768 0.00557 0.00391 ( 1)
  35 F   0.00719 0.98448 0.00006 0.00827 ( 2)
  36 D   0.98636 0.00556 0.00802 0.00005 ( 1)
  37 N   0.00276 0.98722 0.00003 0.00999 ( 2)
  38 -   0.46661 0.45599 0.03915 0.03825 ( 1)
  39 -   0.00068 0.92192 0.00006 0.07734 ( 2)
  40 -   0.08250 0.84010 0.00692 0.07048 ( 2)
  41 -   0.03654 0.88606 0.00307 0.07433 ( 2)
  42 T   0.01302 0.90958 0.00109 0.07631 ( 2)
  43 D   0.00028 0.80426 0.00062 0.19484 ( 2)
  44 S   0.00057 0.99279 0.00000 0.00664 ( 2)
  45 H   0.89045 0.10008 0.00844 0.00103 ( 1)
  46 Q   0.77274 0.21522 0.00915 0.00290 ( 1)
  47 H   0.99239 0.00086 0.00675 0.00001 ( 1)
  48 G   0.00000 0.95186 0.00000 0.04813 ( 2)
  49 S   0.00015 0.52848 0.00116 0.47021 ( 2)
  50 I   0.98190 0.00668 0.01134 0.00008 ( 1)
  51 -   0.58575 0.40493 0.00538 0.00395 ( 1)
  52 -   0.66421 0.32622 0.00613 0.00344 ( 1)
  53 -   0.66421 0.32622 0.00613 0.00344 ( 1)
  54 G   0.82698 0.15960 0.01125 0.00217 ( 1)
  55 L   0.09116 0.89991 0.00077 0.00817 ( 2)
  56 N   0.98755 0.00331 0.00911 0.00003 ( 1)
  57 S   0.61401 0.36516 0.01288 0.00795 ( 1)
  58 I   0.84840 0.14309 0.00712 0.00139 ( 1)
  59 S   0.95154 0.03908 0.00899 0.00039 ( 1)
  60 Y   0.98814 0.00248 0.00936 0.00003 ( 1)
  61 F   0.01200 0.97432 0.00016 0.01352 ( 2)
  62 P   0.01422 0.95595 0.00037 0.02946 ( 2)
  63 D   0.46691 0.52450 0.00379 0.00479 ( 2)
  64 E   0.98407 0.00685 0.00901 0.00007 ( 1)
  65 L   0.84988 0.08887 0.05561 0.00563 ( 1)
  66 Q   0.00685 0.98103 0.00008 0.01204 ( 2)
  67 K   0.02496 0.96466 0.00023 0.01014 ( 2)
  68 A   0.01226 0.96445 0.00029 0.02301 ( 2)
  69 Q   0.87867 0.10879 0.01108 0.00145 ( 1)
  70 L   0.18323 0.79397 0.00409 0.01870 ( 2)
  71 R   0.00002 0.95160 0.00000 0.04838 ( 2)
  72 M   0.12574 0.85940 0.00179 0.01307 ( 2)
  73 Y   0.97537 0.01523 0.00924 0.00016 ( 1)
  74 D   0.73424 0.25388 0.00846 0.00342 ( 1)
  75 Y   0.02967 0.89293 0.00249 0.07491 ( 2)
  76 N   0.00001 0.98883 0.00000 0.01116 ( 2)
  77 H   0.11785 0.87199 0.00112 0.00904 ( 2)
  78 K   0.00001 0.00338 0.43058 0.56603 ( 4)
  79 P   0.00028 0.98482 0.00000 0.01490 ( 2)
  80 Y   0.00114 0.99223 0.00001 0.00662 ( 2)
  81 C   0.02995 0.95620 0.00040 0.01345 ( 2)
  82 T   0.46946 0.50272 0.01325 0.01457 ( 2)
  83 D   0.41968 0.50292 0.03521 0.04219 ( 2)
  84 C   0.41968 0.50292 0.03521 0.04219 ( 2)
  85 F   0.41968 0.50292 0.03521 0.04219 ( 2)
  86 C   0.05844 0.50581 0.25823 0.17752 ( 2)
  87 W   0.67680 0.31355 0.00641 0.00325 ( 1)
  88 P   0.22864 0.76184 0.00210 0.00742 ( 2)
  89 Y   0.98593 0.00468 0.00934 0.00005 ( 1)
  90 G   0.05628 0.92889 0.00080 0.01404 ( 2)
  91 V   0.17910 0.81266 0.00140 0.00684 ( 2)
  92 I   0.96131 0.01758 0.02059 0.00051 ( 1)
  93 L   0.00033 0.97714 0.00001 0.02252 ( 2)
  94 N   0.97719 0.01365 0.00902 0.00014 ( 1)
  95 Y   0.98814 0.00248 0.00936 0.00003 ( 1)
  96 N   0.00017 0.98263 0.00000 0.01720 ( 2)
  97 K   0.02447 0.96005 0.00036 0.01512 ( 2)
  98 N   0.00151 0.96928 0.00004 0.02917 ( 2)
  99 T   0.00006 0.69387 0.00025 0.30583 ( 2)
 100 F   0.92022 0.05309 0.02518 0.00151 ( 1)
 101 R   0.00254 0.98580 0.00003 0.01163 ( 2)
 102 Y   0.98814 0.00248 0.00936 0.00003 ( 1)
 103 G   0.97454 0.01832 0.00700 0.00014 ( 1)
 104 D   0.99063 0.00131 0.00805 0.00001 ( 1)
 105 -   0.22064 0.70196 0.01851 0.05889 ( 2)
 106 N   0.84640 0.14381 0.00819 0.00159 ( 1)
 107 D   0.00055 0.98634 0.00001 0.01310 ( 2)
 108 P   0.96271 0.02230 0.01464 0.00035 ( 1)
 109 G   0.00001 0.05815 0.00797 0.93387 ( 4)
 110 L   0.00000 0.06230 0.00407 0.93363 ( 4)
 111 -   0.41968 0.50292 0.03521 0.04219 ( 2)
 112 S   0.00000 0.06099 0.00072 0.93829 ( 4)
 113 G   0.00274 0.50479 0.13500 0.35747 ( 2)
 114 D   0.00584 0.97306 0.00012 0.02097 ( 2)
 115 V   0.00001 0.04363 0.01592 0.94044 ( 4)
 116 Q   0.00213 0.65053 0.01002 0.33732 ( 2)
 117 L   0.02524 0.40876 0.19344 0.37256 ( 2)
 118 P   0.00002 0.03875 0.03889 0.92234 ( 4)
 119 A   0.09182 0.13292 0.66390 0.11137 ( 3)
 120 P   0.66043 0.33029 0.00606 0.00322 ( 1)
 121 -   0.41968 0.50292 0.03521 0.04219 ( 2)
 122 -   0.41968 0.50292 0.03521 0.04219 ( 2)
 123 -   0.41968 0.50292 0.03521 0.04219 ( 2)
 124 M   0.31288 0.67534 0.00358 0.00820 ( 2)
 125 S   0.00284 0.98503 0.00003 0.01210 ( 2)
 126 V   0.00001 0.98443 0.00000 0.01556 ( 2)
 127 V   0.01670 0.84442 0.00395 0.13492 ( 2)
 128 N   0.98987 0.00099 0.00913 0.00001 ( 1)
 129 A   0.64869 0.33815 0.00850 0.00467 ( 1)
 130 Q   0.00250 0.98384 0.00003 0.01362 ( 2)
 131 T   0.98206 0.00879 0.00906 0.00009 ( 1)
 132 Q   0.97980 0.00868 0.01142 0.00011 ( 1)
 133 T   0.11305 0.87214 0.00163 0.01318 ( 2)
 134 A   0.00855 0.98359 0.00006 0.00779 ( 2)
 135 Q   0.01336 0.97640 0.00013 0.01012 ( 2)
 136 -   0.44850 0.47410 0.03763 0.03977 ( 2)
 137 Y   0.98155 0.00906 0.00930 0.00009 ( 1)
 138 T   0.07359 0.90444 0.00160 0.02037 ( 2)
 139 D   0.99117 0.00077 0.00805 0.00001 ( 1)
 140 G   0.21001 0.77639 0.00279 0.01080 ( 2)
 141 E   0.98327 0.00766 0.00900 0.00008 ( 1)
 142 N   0.00804 0.93448 0.00034 0.05714 ( 2)
 143 I   0.01520 0.95559 0.00035 0.02887 ( 2)
 144 W   0.00003 0.92257 0.00000 0.07740 ( 2)
 145 T   0.01367 0.90893 0.00115 0.07625 ( 2)
 146 D   0.19571 0.72689 0.01642 0.06098 ( 2)
 147 T   0.00193 0.92067 0.00016 0.07724 ( 2)
 148 -   0.00673 0.91587 0.00056 0.07684 ( 2)
 149 -   0.27774 0.64486 0.02330 0.05410 ( 2)
 150 -   0.41968 0.50292 0.03521 0.04219 ( 2)
 151 -   0.41968 0.50292 0.03521 0.04219 ( 2)
 152 -   0.41968 0.50292 0.03521 0.04219 ( 2)
 153 G   0.01076 0.91184 0.00090 0.07650 ( 2)
 154 R   0.00081 0.98868 0.00001 0.01050 ( 2)
 155 S   0.00287 0.98327 0.00004 0.01382 ( 2)
 156 W   0.00002 0.98779 0.00000 0.01219 ( 2)
 157 L   0.00130 0.96154 0.00005 0.03711 ( 2)
 158 C   0.60904 0.37774 0.00798 0.00523 ( 1)
 159 T   0.01243 0.95380 0.00044 0.03333 ( 2)
 160 L   0.84808 0.13143 0.01766 0.00283 ( 1)
 161 R   0.37218 0.61837 0.00342 0.00603 ( 2)
 162 G   0.96267 0.03018 0.00692 0.00023 ( 1)
 163 Y   0.44203 0.54814 0.00419 0.00564 ( 2)
 164 C   0.98892 0.00302 0.00804 0.00003 ( 1)
 165 T   0.95113 0.03970 0.00878 0.00040 ( 1)
 166 T   0.00743 0.97780 0.00010 0.01467 ( 2)
 167 N   0.06572 0.91967 0.00090 0.01372 ( 2)
 168 C   0.03096 0.96047 0.00025 0.00832 ( 2)
 169 F   0.26766 0.70863 0.00635 0.01737 ( 2)
 170 P   0.07747 0.16705 0.60160 0.15388 ( 3)
 171 -   0.57245 0.41437 0.00746 0.00572 ( 1)
 172 -   0.14109 0.84737 0.00152 0.01002 ( 2)
 173 -   0.12717 0.83737 0.00433 0.03113 ( 2)
 174 G   0.15176 0.83866 0.00139 0.00819 ( 2)
 175 R   0.00075 0.99091 0.00001 0.00833 ( 2)
 176 G   0.06097 0.93245 0.00037 0.00621 ( 2)
 177 C   0.01201 0.97940 0.00010 0.00849 ( 2)
 178 Y   0.00269 0.98734 0.00002 0.00994 ( 2)
 179 N   0.00008 0.98991 0.00000 0.01000 ( 2)
 180 N   0.18799 0.80109 0.00191 0.00900 ( 2)
 181 S   0.00376 0.98505 0.00004 0.01115 ( 2)
 182 T   0.01603 0.97358 0.00015 0.01025 ( 2)
 183 G   0.01466 0.44859 0.13837 0.39838 ( 2)
 184 Y   0.69429 0.29556 0.00670 0.00345 ( 1)
 185 G   0.52858 0.46157 0.00502 0.00483 ( 1)
 186 E   0.00156 0.98163 0.00002 0.01678 ( 2)
 187 S   0.97659 0.00485 0.01847 0.00009 ( 1)
 188 C   0.95705 0.03487 0.00778 0.00030 ( 1)
 189 N   0.98956 0.00130 0.00913 0.00001 ( 1)
 190 Q   0.00048 0.98988 0.00000 0.00964 ( 2)
 191 S   0.02981 0.94593 0.00071 0.02355 ( 2)
 192 L   0.58926 0.40223 0.00479 0.00373 ( 1)
 193 P   0.70432 0.28288 0.00880 0.00399 ( 1)
 194 G   0.08396 0.90567 0.00078 0.00959 ( 2)
 195 Q   0.97980 0.00868 0.01142 0.00011 ( 1)
 196 K   0.98725 0.00336 0.00936 0.00003 ( 1)
 197 I   0.98722 0.00451 0.00823 0.00004 ( 1)
 198 H   0.95556 0.02897 0.01491 0.00056 ( 1)
 199 A   0.98767 0.00360 0.00870 0.00003 ( 1)
 200 L   0.54604 0.43325 0.01138 0.00933 ( 1)
 201 Y   0.98814 0.00248 0.00936 0.00003 ( 1)
 202 P   0.40496 0.17047 0.40338 0.02119 ( 1)
 203 F   0.97621 0.01601 0.00764 0.00013 ( 1)
 204 T   0.59344 0.39341 0.00773 0.00542 ( 1)
 205 Q   0.27722 0.71083 0.00323 0.00872 ( 2)
 206 T   0.04783 0.91592 0.00154 0.03471 ( 2)
 207 -   0.82998 0.09262 0.06963 0.00777 ( 1)
 208 N   0.05187 0.93777 0.00048 0.00989 ( 2)
 209 V   0.01427 0.97248 0.00018 0.01307 ( 2)
 210 L   0.00161 0.98268 0.00002 0.01569 ( 2)
 211 G   0.97610 0.01078 0.01297 0.00015 ( 1)
 212 Q   0.00442 0.57056 0.02838 0.39664 ( 2)
 213 S   0.00005 0.96440 0.00000 0.03555 ( 2)
 214 G   0.86226 0.09719 0.03637 0.00417 ( 1)
 215 K   0.98845 0.00216 0.00937 0.00002 ( 1)
 216 L   0.69400 0.28540 0.01446 0.00614 ( 1)
 217 G   0.97263 0.01425 0.01292 0.00020 ( 1)
 218 L   0.13265 0.85088 0.00215 0.01432 ( 2)
 219 L   0.57573 0.37234 0.03143 0.02051 ( 1)
 220 A   0.43110 0.55558 0.00565 0.00767 ( 2)
 221 S   0.01950 0.97390 0.00012 0.00648 ( 2)
 222 H   0.85061 0.13868 0.00919 0.00152 ( 1)
 223 I   0.96436 0.02728 0.00811 0.00025 ( 1)
 224 P   0.80734 0.16382 0.02337 0.00546 ( 1)
 225 Y   0.34228 0.64781 0.00324 0.00667 ( 2)
 226 D   0.96681 0.02510 0.00786 0.00023 ( 1)
 227 L   0.93560 0.04397 0.01949 0.00095 ( 1)
 228 S   0.32930 0.66068 0.00304 0.00698 ( 2)
 229 P   0.94455 0.04632 0.00867 0.00045 ( 1)
 230 N   0.95583 0.03474 0.00907 0.00036 ( 1)
 231 N   0.92051 0.00209 0.07722 0.00018 ( 1)
 232 T   0.00041 0.92219 0.00003 0.07737 ( 2)
 233 I   0.65109 0.27152 0.05462 0.02278 ( 1)
 234 G   0.91612 0.00648 0.07686 0.00054 ( 1)
 235 D   0.13628 0.78632 0.01143 0.06597 ( 2)
 236 K   0.00500 0.91760 0.00042 0.07698 ( 2)
 237 D   0.91938 0.00322 0.07713 0.00027 ( 1)
 238 T   0.04780 0.87480 0.00401 0.07339 ( 2)
 239 D   0.67603 0.24657 0.05671 0.02069 ( 1)
 240 S   0.79908 0.12352 0.06704 0.01036 ( 1)
 241 T   0.00007 0.92253 0.00001 0.07739 ( 2)
 242 N   0.63217 0.29043 0.05303 0.02437 ( 1)
 243 -   0.27922 0.64338 0.02342 0.05397 ( 2)


lnL = -4097.508290

