Supplemental results for CODEML (seqf: algn  treef: tree)


dN/dS (w) for site classes (K=4)

site class             0        1       2a       2b
proportion       0.45254  0.19383  0.24759  0.10605
background w     0.13844  1.00000  0.13844  1.00000
foreground w     0.13844  1.00000 999.00000 999.00000

Naive Empirical Bayes (NEB) probabilities for 4 classes
(amino acids refer to 1st sequence: BT_Cry19Aa1)

   1 E   0.00810 0.95572 0.00020 0.03598 ( 2)
   2 V   0.98308 0.00000 0.01692 0.00000 ( 1)
   3 K   0.97786 0.00001 0.02213 0.00000 ( 1)
   4 T   0.62560 0.36624 0.00511 0.00305 ( 1)
   5 E   0.98549 0.00000 0.01451 0.00000 ( 1)
   6 L   0.99460 0.00002 0.00537 0.00000 ( 1)
   7 T   0.97280 0.00000 0.02719 0.00000 ( 1)
   8 R   0.99487 0.00000 0.00513 0.00000 ( 1)
   9 E   0.98549 0.00000 0.01451 0.00000 ( 1)
  10 I   0.97409 0.00000 0.02591 0.00000 ( 1)
  11 Y   0.97318 0.00000 0.02682 0.00000 ( 1)
  12 S   0.98186 0.01119 0.00687 0.00008 ( 1)
  13 D   0.97678 0.00001 0.02320 0.00000 ( 1)
  14 V   0.98006 0.01346 0.00640 0.00009 ( 1)
  15 I   0.97404 0.00003 0.02593 0.00000 ( 1)
  16 N   0.96467 0.00000 0.03532 0.00000 ( 1)
  17 G   0.16590 0.82769 0.00108 0.00533 ( 2)
  18 E   0.76815 0.20554 0.01827 0.00804 ( 1)
  19 I   0.00326 0.99035 0.00002 0.00636 ( 2)
  20 Y   0.02392 0.96911 0.00017 0.00680 ( 2)
  21 G   0.02368 0.96851 0.00017 0.00763 ( 2)
  22 L   0.03656 0.95726 0.00023 0.00595 ( 2)
  23 M   0.09576 0.89011 0.00118 0.01296 ( 2)
  24 -   0.52813 0.11824 0.28894 0.06469 ( 1)
  25 -   0.60027 0.04610 0.32841 0.02522 ( 1)
  26 -   0.49331 0.15305 0.26990 0.08374 ( 1)
  27 -   0.07375 0.57262 0.04035 0.31328 ( 2)
  28 -   0.59009 0.05628 0.32284 0.03079 ( 1)
  29 -   0.59009 0.05628 0.32284 0.03079 ( 1)
  30 T   0.00450 0.64186 0.00246 0.35117 ( 2)
  31 P   0.62033 0.37472 0.00311 0.00184 ( 1)
  32 Y   0.00029 0.98432 0.00000 0.01539 ( 2)
  33 F   0.00040 0.95622 0.00001 0.04337 ( 2)
  34 S   0.02671 0.91167 0.00109 0.06053 ( 2)
  35 F   0.94432 0.02618 0.02839 0.00110 ( 1)
  36 E   0.00552 0.96607 0.00012 0.02829 ( 2)
  37 K   0.01399 0.97573 0.00013 0.01015 ( 2)
  38 A   0.22085 0.76848 0.00222 0.00845 ( 2)
  39 E   0.98548 0.00000 0.01452 0.00000 ( 1)
  40 S   0.48422 0.49930 0.00716 0.00933 ( 2)
  41 L   0.90854 0.08410 0.00660 0.00075 ( 1)
  42 Y   0.97333 0.00013 0.02654 0.00000 ( 1)
  43 T   0.97952 0.00430 0.01610 0.00009 ( 1)
  44 R   0.93422 0.06159 0.00393 0.00027 ( 1)
  45 A   0.93875 0.05532 0.00557 0.00035 ( 1)
  46 P   0.99063 0.00000 0.00937 0.00000 ( 1)
  47 H   0.98512 0.00169 0.01316 0.00003 ( 1)
  48 L   0.99387 0.00150 0.00462 0.00001 ( 1)
  49 F   0.99410 0.00023 0.00567 0.00000 ( 1)
  50 T   0.97364 0.00067 0.02566 0.00003 ( 1)
  51 W   0.99679 0.00001 0.00320 0.00000 ( 1)
  52 L   0.98731 0.00071 0.01197 0.00001 ( 1)
  53 K   0.42628 0.56947 0.00180 0.00245 ( 2)
  54 G   0.98068 0.01567 0.00360 0.00005 ( 1)
  55 F   0.03843 0.00000 0.96156 0.00001 ( 3)
  56 R   0.77079 0.22003 0.00691 0.00227 ( 1)
  57 F   0.98115 0.00000 0.01884 0.00000 ( 1)
  58 V   0.98390 0.00526 0.01077 0.00006 ( 1)
  59 T   0.99019 0.00019 0.00962 0.00000 ( 1)
  60 N   0.96417 0.00046 0.03535 0.00003 ( 1)
  61 S   0.00015 0.01288 0.07456 0.91242 ( 4)
  62 I   0.91126 0.08419 0.00419 0.00036 ( 1)
  63 S   0.05777 0.90016 0.00176 0.04031 ( 2)
  64 -   0.00338 0.98908 0.00003 0.00752 ( 2)
  65 -   0.23318 0.36032 0.18100 0.22551 ( 2)
  66 -   0.16303 0.35587 0.33688 0.14422 ( 2)
  67 -   0.00223 0.03700 0.67263 0.28815 ( 3)
  68 -   0.00021 0.18397 0.16866 0.64717 ( 4)
  69 -   0.00000 0.94799 0.00000 0.05200 ( 2)
  70 Y   0.05199 0.78232 0.00783 0.15786 ( 2)
  71 W   0.93374 0.06306 0.00300 0.00021 ( 1)
  72 T   0.03615 0.01171 0.91459 0.03754 ( 3)
  73 F   0.94252 0.03656 0.01990 0.00102 ( 1)
  74 L   0.98798 0.00001 0.01201 0.00000 ( 1)
  75 S   0.96661 0.00422 0.02897 0.00020 ( 1)
  76 G   0.70613 0.00014 0.29366 0.00007 ( 1)
  77 G   0.00000 0.02927 0.00465 0.96608 ( 4)
  78 Q   0.00003 0.00005 0.99143 0.00850 ( 3)
  79 N   0.10127 0.00106 0.89710 0.00057 ( 3)
  80 K   0.14368 0.04659 0.79765 0.01208 ( 3)
  81 Y   0.00000 0.00000 0.99992 0.00008 ( 3)
  82 S   0.00403 0.05428 0.70266 0.23903 ( 3)
  83 Y   0.00008 0.02105 0.43329 0.54558 ( 4)
  84 T   0.00000 0.00000 0.99999 0.00001 ( 3)
  85 N   0.00054 0.96539 0.00001 0.03406 ( 2)
  86 N   0.00000 0.07798 0.00023 0.92179 ( 4)
  87 -   0.45254 0.19383 0.24759 0.10605 ( 1)
  88 S   0.00000 0.14061 0.00289 0.85650 ( 4)
  89 S   0.00000 0.03776 0.00273 0.95951 ( 4)
  90 I   0.00003 0.00003 0.99671 0.00324 ( 3)
  91 N   0.00000 0.01912 0.00259 0.97829 ( 4)
  92 E   0.00001 0.03326 0.00008 0.96665 ( 4)
  93 G   0.00074 0.00004 0.99761 0.00161 ( 3)
  94 S   0.00253 0.00045 0.99290 0.00412 ( 3)
  95 F   0.97580 0.00471 0.01935 0.00014 ( 1)
  96 R   0.00000 0.11811 0.00001 0.88187 ( 4)
  97 G   0.96781 0.00001 0.03219 0.00000 ( 1)
  98 Q   0.00008 0.00418 0.74739 0.24836 ( 3)
  99 D   0.01846 0.00382 0.96562 0.01209 ( 3)
 100 T   0.00001 0.00002 0.98194 0.01803 ( 3)
 101 D   0.00020 0.00377 0.80451 0.19151 ( 3)
 102 Y   0.00002 0.00001 0.99738 0.00259 ( 3)
 103 G   0.00023 0.00000 0.99976 0.00000 ( 3)
 104 G   0.00035 0.00032 0.92378 0.07555 ( 3)
 105 T   0.00014 0.03445 0.20633 0.75907 ( 4)
 106 S   0.00001 0.01345 0.04193 0.94461 ( 4)
 107 S   0.00510 0.00001 0.99486 0.00004 ( 3)
 108 T   0.00006 0.03094 0.39035 0.57864 ( 4)
 109 I   0.00013 0.00091 0.98426 0.01471 ( 3)
 110 N   0.00035 0.02979 0.07279 0.89707 ( 4)
 111 I   0.00022 0.00093 0.99209 0.00676 ( 3)
 112 P   0.00000 0.00019 0.01635 0.98347 ( 4)
 113 S   0.00000 0.17164 0.00404 0.82432 ( 4)
 114 N   0.00005 0.02804 0.05154 0.92036 ( 4)
 115 S   0.00082 0.51733 0.00959 0.47226 ( 2)
 116 Y   0.00000 0.00000 0.99901 0.00099 ( 3)
 117 V   0.00050 0.00003 0.99930 0.00017 ( 3)
 118 Y   0.00007 0.00000 0.99993 0.00000 ( 3)
 119 N   0.00033 0.00314 0.97687 0.01965 ( 3)
 120 L   0.00339 0.00102 0.97373 0.02186 ( 3)
 121 W   0.00003 0.00549 0.25448 0.74000 ( 4)
 122 T   0.01158 0.00132 0.97018 0.01693 ( 3)
 123 E   0.61894 0.19133 0.14521 0.04452 ( 1)
 124 N   0.00477 0.01475 0.87095 0.10953 ( 3)
 125 Y   0.13126 0.00095 0.86746 0.00033 ( 3)
 126 E   0.00003 0.00000 0.99941 0.00056 ( 3)
 127 Y   0.00000 0.00509 0.00090 0.99401 ( 4)
 128 I   0.00026 0.00526 0.95491 0.03957 ( 3)
 129 Y   0.00751 0.64502 0.05419 0.29328 ( 2)
 130 P   0.83093 0.03939 0.12579 0.00388 ( 1)
 131 W   0.00016 0.38232 0.00250 0.61501 ( 4)
 132 G   0.00000 0.00585 0.00171 0.99243 ( 4)
 133 D   0.75583 0.21475 0.02170 0.00772 ( 1)
 134 P   0.00000 0.00000 0.99957 0.00042 ( 3)
 135 V   0.00001 0.00551 0.10738 0.88710 ( 4)
 136 N   0.10358 0.00009 0.89628 0.00005 ( 3)
 137 I   0.00020 0.00001 0.99974 0.00005 ( 3)
 138 T   0.00000 0.00000 0.99747 0.00253 ( 3)
 139 K   0.00851 0.01974 0.87370 0.09805 ( 3)
 140 M   0.00039 0.00003 0.99944 0.00014 ( 3)
 141 N   0.00060 0.00035 0.98215 0.01690 ( 3)
 142 F   0.90601 0.00000 0.09399 0.00000 ( 1)
 143 S   0.00172 0.23097 0.04291 0.72440 ( 4)
 144 V   0.00000 0.00289 0.03648 0.96063 ( 4)
 145 T   0.00133 0.00003 0.99794 0.00070 ( 3)
 146 D   0.09592 0.00290 0.89946 0.00172 ( 3)
 147 N   0.96444 0.00017 0.03538 0.00001 ( 1)
 148 -   0.03809 0.60828 0.02084 0.33280 ( 2)
 149 N   0.96252 0.00028 0.03719 0.00002 ( 1)
 150 S   0.00000 0.35123 0.00004 0.64873 ( 4)
 151 S   0.83648 0.02669 0.13482 0.00201 ( 1)
 152 K   0.00001 0.86889 0.00000 0.13110 ( 2)
 153 E   0.39521 0.04198 0.51911 0.04371 ( 3)
 154 L   0.00005 0.96444 0.00000 0.03550 ( 2)
 155 I   0.33546 0.13821 0.48406 0.04227 ( 3)
 156 Y   0.97349 0.00000 0.02651 0.00000 ( 1)
 157 G   0.94007 0.00009 0.05983 0.00001 ( 1)
 158 -   0.41389 0.08707 0.46424 0.03480 ( 3)
 159 -   0.07609 0.64667 0.05978 0.21746 ( 2)
 160 A   0.00453 0.16481 0.01339 0.81727 ( 4)
 161 H   0.00965 0.10028 0.53593 0.35413 ( 3)
 162 R   0.00741 0.03964 0.70581 0.24714 ( 3)
 163 T   0.22361 0.24060 0.45713 0.07866 ( 3)
 164 N   0.96314 0.00146 0.03531 0.00009 ( 1)
 165 K   0.02003 0.96283 0.00032 0.01683 ( 2)
 166 P   0.98762 0.00308 0.00927 0.00003 ( 1)
 167 V   0.87877 0.00713 0.11276 0.00134 ( 1)
 168 V   0.81220 0.16992 0.01395 0.00393 ( 1)
 169 R   0.76935 0.22153 0.00674 0.00239 ( 1)
 170 T   0.98355 0.00010 0.01635 0.00000 ( 1)
 171 D   0.91330 0.06262 0.02171 0.00237 ( 1)
 172 F   0.98086 0.00031 0.01883 0.00001 ( 1)
 173 D   0.97476 0.00200 0.02316 0.00008 ( 1)
 174 F   0.98066 0.00051 0.01882 0.00001 ( 1)
 175 -   0.45360 0.19277 0.24817 0.10546 ( 1)
 176 L   0.95538 0.00009 0.04452 0.00001 ( 1)
 177 T   0.87620 0.00596 0.11670 0.00114 ( 1)
 178 N   0.96320 0.00095 0.03579 0.00006 ( 1)
 179 K   0.97717 0.00070 0.02211 0.00002 ( 1)
 180 E   0.91724 0.06792 0.01360 0.00123 ( 1)
 181 G   0.94300 0.02128 0.03426 0.00146 ( 1)
 182 T   0.88415 0.08899 0.02331 0.00356 ( 1)
 183 E   0.00720 0.98868 0.00003 0.00409 ( 2)
 184 L   0.00475 0.89937 0.00030 0.09559 ( 2)
 185 A   0.99299 0.00013 0.00688 0.00000 ( 1)
 186 K   0.94007 0.04360 0.01546 0.00088 ( 1)
 187 Y   0.98365 0.00750 0.00878 0.00007 ( 1)
 188 N   0.96452 0.00015 0.03532 0.00001 ( 1)
 189 D   0.98938 0.00004 0.01057 0.00000 ( 1)
 190 -   0.57935 0.06702 0.31697 0.03667 ( 1)
 191 -   0.53742 0.10895 0.29403 0.05961 ( 1)
 192 -   0.57771 0.06866 0.31607 0.03756 ( 1)
 193 Y   0.97176 0.00001 0.02823 0.00000 ( 1)
 194 N   0.67154 0.00002 0.32843 0.00001 ( 1)
 195 H   0.98660 0.00000 0.01340 0.00000 ( 1)
 196 I   0.97325 0.00088 0.02583 0.00004 ( 1)
 197 L   0.99467 0.00000 0.00533 0.00000 ( 1)
 198 S   0.98335 0.00437 0.01222 0.00006 ( 1)
 199 Y   0.89371 0.00756 0.09799 0.00074 ( 1)
 200 M   0.06619 0.00106 0.93168 0.00108 ( 3)
 201 L   0.95900 0.03538 0.00541 0.00020 ( 1)
 202 I   0.09413 0.89729 0.00081 0.00778 ( 2)
 203 N   0.98141 0.00306 0.01547 0.00006 ( 1)
 204 G   0.56218 0.39107 0.02357 0.02318 ( 1)
 205 -   0.85187 0.12095 0.02181 0.00537 ( 1)
 206 -   0.22842 0.76795 0.00079 0.00283 ( 2)
 207 -   0.72695 0.22730 0.02972 0.01603 ( 1)
 208 E   0.01328 0.98249 0.00006 0.00417 ( 2)
 209 T   0.98217 0.01067 0.00708 0.00008 ( 1)
 210 F   0.31342 0.66697 0.00551 0.01409 ( 2)
 211 G   0.97257 0.01885 0.00841 0.00017 ( 1)
 212 Q   0.49857 0.47650 0.01094 0.01399 ( 1)
 213 K   0.97543 0.01821 0.00625 0.00011 ( 1)
 214 R   0.16198 0.81406 0.00329 0.02068 ( 2)
 215 H   0.89212 0.10418 0.00331 0.00039 ( 1)
 216 G   0.99054 0.00047 0.00899 0.00000 ( 1)
 217 Y   0.97337 0.00012 0.02650 0.00000 ( 1)
 218 S   0.94533 0.04259 0.01151 0.00058 ( 1)
 219 F   0.98115 0.00000 0.01885 0.00000 ( 1)
 220 A   0.98793 0.00001 0.01206 0.00000 ( 1)
 221 F   0.98092 0.00006 0.01902 0.00000 ( 1)
 222 T   0.98200 0.00005 0.01795 0.00000 ( 1)
 223 H   0.98682 0.00000 0.01318 0.00000 ( 1)
 224 S   0.98280 0.00005 0.01715 0.00000 ( 1)
 225 S   0.99527 0.00000 0.00473 0.00000 ( 1)


lnL = -7059.037844

Bayes Empirical Bayes (BEB) probabilities for 4 classes (class)
(amino acids refer to 1st sequence: BT_Cry19Aa1)

   1 E   0.00382 0.24682 0.01070 0.73865 ( 4)
   2 V   0.35795 0.00000 0.64205 0.00000 ( 3)
   3 K   0.34749 0.00001 0.65249 0.00001 ( 3)
   4 T   0.17460 0.08073 0.50870 0.23597 ( 3)
   5 E   0.33182 0.00000 0.66818 0.00000 ( 3)
   6 L   0.26968 0.00001 0.73029 0.00002 ( 3)
   7 T   0.37083 0.00000 0.62917 0.00000 ( 3)
   8 R   0.26039 0.00000 0.73961 0.00000 ( 3)
   9 E   0.33184 0.00000 0.66816 0.00000 ( 3)
  10 I   0.37692 0.00000 0.62308 0.00000 ( 3)
  11 Y   0.36005 0.00000 0.63995 0.00000 ( 3)
  12 S   0.24893 0.00275 0.74012 0.00820 ( 3)
  13 D   0.39447 0.00001 0.60551 0.00001 ( 3)
  14 V   0.25423 0.00302 0.73398 0.00877 ( 3)
  15 I   0.37685 0.00001 0.62311 0.00002 ( 3)
  16 N   0.40258 0.00000 0.59742 0.00000 ( 3)
  17 G   0.06427 0.20660 0.17155 0.55757 ( 4)
  18 E   0.32457 0.06378 0.49912 0.11254 ( 3)
  19 I   0.00153 0.27343 0.00397 0.72108 ( 4)
  20 Y   0.01000 0.25734 0.02719 0.70547 ( 4)
  21 G   0.01083 0.27761 0.02624 0.68533 ( 4)
  22 L   0.01488 0.24108 0.04311 0.70094 ( 4)
  23 M   0.04231 0.25681 0.09648 0.60440 ( 4)
  24 -   0.19162 0.03852 0.64189 0.12797 ( 3)
  25 -   0.21458 0.01556 0.71819 0.05167 ( 3)
  26 -   0.17887 0.05127 0.59949 0.17037 ( 3)
  27 -   0.03224 0.19790 0.10884 0.66102 ( 4)
  28 -   0.21115 0.01899 0.70682 0.06304 ( 3)
  29 -   0.21115 0.01899 0.70682 0.06304 ( 3)
  30 T   0.00254 0.22760 0.00859 0.76127 ( 4)
  31 P   0.17323 0.07826 0.51537 0.23314 ( 3)
  32 Y   0.00019 0.31822 0.00039 0.68120 ( 4)
  33 F   0.00028 0.32880 0.00052 0.67040 ( 4)
  34 S   0.01713 0.33554 0.02669 0.62065 ( 4)
  35 F   0.34822 0.00774 0.62860 0.01544 ( 3)
  36 E   0.00335 0.32947 0.00623 0.66095 ( 4)
  37 K   0.00713 0.28212 0.01718 0.69358 ( 4)
  38 A   0.08338 0.20288 0.20466 0.50908 ( 4)
  39 E   0.33184 0.00000 0.66816 0.00000 ( 3)
  40 S   0.19227 0.13377 0.38883 0.28512 ( 3)
  41 L   0.29695 0.02043 0.63720 0.04543 ( 3)
  42 Y   0.35979 0.00004 0.64008 0.00008 ( 3)
  43 T   0.31715 0.00120 0.67896 0.00270 ( 3)
  44 R   0.24668 0.01359 0.70090 0.03883 ( 3)
  45 A   0.28083 0.01324 0.67350 0.03243 ( 3)
  46 P   0.33458 0.00000 0.66542 0.00000 ( 3)
  47 H   0.37125 0.00050 0.62734 0.00091 ( 3)
  48 L   0.25195 0.00038 0.74656 0.00112 ( 3)
  49 F   0.27152 0.00007 0.72823 0.00018 ( 3)
  50 T   0.37058 0.00024 0.62873 0.00045 ( 3)
  51 W   0.26091 0.00000 0.73908 0.00001 ( 3)
  52 L   0.29357 0.00020 0.70572 0.00050 ( 3)
  53 K   0.13141 0.12767 0.37497 0.36595 ( 3)
  54 G   0.25291 0.00328 0.73427 0.00955 ( 3)
  55 F   0.02681 0.00000 0.97318 0.00002 ( 3)
  56 R   0.22738 0.04998 0.59059 0.13205 ( 3)
  57 F   0.36896 0.00000 0.63103 0.00000 ( 3)
  58 V   0.30786 0.00144 0.68738 0.00332 ( 3)
  59 T   0.26058 0.00006 0.73920 0.00016 ( 3)
  60 N   0.40226 0.00018 0.59724 0.00033 ( 3)
  61 S   0.00091 0.04501 0.12071 0.83336 ( 4)
  62 I   0.22978 0.01640 0.70359 0.05023 ( 3)
  63 S   0.03278 0.30651 0.05773 0.60298 ( 4)
  64 -   0.00141 0.26775 0.00378 0.72707 ( 4)
  65 -   0.13455 0.15758 0.31755 0.39032 ( 4)
  66 -   0.03195 0.05949 0.62789 0.28067 ( 3)
  67 -   0.00294 0.03837 0.55346 0.40523 ( 3)
  68 -   0.00013 0.06688 0.15001 0.78298 ( 4)
  69 -   0.00000 0.32320 0.00001 0.67679 ( 4)
  70 Y   0.02815 0.26021 0.06638 0.64527 ( 4)
  71 W   0.24815 0.01263 0.70322 0.03600 ( 3)
  72 T   0.01942 0.00508 0.93185 0.04365 ( 3)
  73 F   0.34132 0.01082 0.62650 0.02135 ( 3)
  74 L   0.29378 0.00000 0.70621 0.00001 ( 3)
  75 S   0.36531 0.00161 0.62996 0.00312 ( 3)
  76 G   0.25699 0.00005 0.74281 0.00015 ( 3)
  77 G   0.00000 0.03242 0.00490 0.96267 ( 4)
  78 Q   0.00010 0.00011 0.99079 0.00900 ( 3)
  79 N   0.01502 0.00013 0.98422 0.00062 ( 3)
  80 K   0.01168 0.00266 0.97168 0.01397 ( 3)
  81 Y   0.00003 0.00000 0.99982 0.00014 ( 3)
  82 S   0.00618 0.05053 0.61257 0.33072 ( 3)
  83 Y   0.00018 0.02588 0.40926 0.56467 ( 4)
  84 T   0.00007 0.00000 0.99991 0.00002 ( 3)
  85 N   0.00032 0.32367 0.00062 0.67539 ( 4)
  86 N   0.00000 0.10894 0.00036 0.89069 ( 4)
  87 -   0.16512 0.06502 0.55370 0.21616 ( 3)
  88 S   0.00000 0.06312 0.00331 0.93357 ( 4)
  89 S   0.00000 0.04623 0.00288 0.95089 ( 4)
  90 I   0.00134 0.00090 0.98868 0.00908 ( 3)
  91 N   0.00000 0.04468 0.00329 0.95203 ( 4)
  92 E   0.00006 0.17219 0.00024 0.82751 ( 4)
  93 G   0.00167 0.00007 0.99622 0.00203 ( 3)
  94 S   0.00814 0.00109 0.98346 0.00731 ( 3)
  95 F   0.36723 0.00156 0.62833 0.00289 ( 3)
  96 R   0.00000 0.06541 0.00001 0.93458 ( 4)
  97 G   0.25666 0.00000 0.74333 0.00000 ( 3)
  98 Q   0.00022 0.00851 0.76012 0.23115 ( 3)
  99 D   0.06608 0.00960 0.88673 0.03759 ( 3)
 100 T   0.00039 0.00040 0.97998 0.01924 ( 3)
 101 D   0.00086 0.00933 0.79564 0.19417 ( 3)
 102 Y   0.00110 0.00064 0.99082 0.00744 ( 3)
 103 G   0.00063 0.00000 0.99937 0.00000 ( 3)
 104 G   0.00433 0.00270 0.91856 0.07441 ( 3)
 105 T   0.00023 0.03074 0.21331 0.75572 ( 4)
 106 S   0.00017 0.10225 0.02611 0.87147 ( 4)
 107 S   0.00912 0.00001 0.99078 0.00008 ( 3)
 108 T   0.00010 0.02599 0.38601 0.58790 ( 4)
 109 I   0.00016 0.00080 0.98043 0.01860 ( 3)
 110 N   0.00282 0.13296 0.06897 0.79524 ( 4)
 111 I   0.00021 0.00059 0.99001 0.00920 ( 3)
 112 P   0.00000 0.01852 0.01366 0.96782 ( 4)
 113 S   0.00000 0.05192 0.00536 0.94271 ( 4)
 114 N   0.00015 0.04465 0.05940 0.89580 ( 4)
 115 S   0.00017 0.05822 0.02799 0.91362 ( 4)
 116 Y   0.00004 0.00003 0.99843 0.00150 ( 3)
 117 V   0.00046 0.00002 0.99922 0.00031 ( 3)
 118 Y   0.00018 0.00000 0.99982 0.00000 ( 3)
 119 N   0.00029 0.00189 0.96964 0.02818 ( 3)
 120 L   0.00371 0.00091 0.97124 0.02414 ( 3)
 121 W   0.00009 0.00951 0.34238 0.64802 ( 4)
 122 T   0.07509 0.00649 0.88942 0.02899 ( 3)
 123 E   0.23150 0.04994 0.58624 0.13232 ( 3)
 124 N   0.00374 0.00746 0.87682 0.11198 ( 3)
 125 Y   0.01070 0.00007 0.98883 0.00041 ( 3)
 126 E   0.00011 0.00001 0.99923 0.00064 ( 3)
 127 Y   0.00000 0.04218 0.00074 0.95707 ( 4)
 128 I   0.00024 0.00323 0.94454 0.05198 ( 3)
 129 Y   0.00186 0.08679 0.17070 0.74065 ( 4)
 130 P   0.24696 0.00917 0.71688 0.02699 ( 3)
 131 W   0.00003 0.04241 0.00655 0.95101 ( 4)
 132 G   0.00000 0.05311 0.00140 0.94549 ( 4)
 133 D   0.29790 0.05643 0.53599 0.10968 ( 3)
 134 P   0.00030 0.00001 0.99924 0.00045 ( 3)
 135 V   0.00005 0.02521 0.06987 0.90487 ( 4)
 136 N   0.01551 0.00001 0.98442 0.00006 ( 3)
 137 I   0.00019 0.00001 0.99972 0.00009 ( 3)
 138 T   0.00079 0.00010 0.99527 0.00385 ( 3)
 139 K   0.00860 0.01343 0.85701 0.12096 ( 3)
 140 M   0.00025 0.00001 0.99954 0.00020 ( 3)
 141 N   0.00675 0.00271 0.97052 0.02002 ( 3)
 142 F   0.35848 0.00000 0.64152 0.00000 ( 3)
 143 S   0.00105 0.08361 0.07563 0.83970 ( 4)
 144 V   0.00002 0.05247 0.02712 0.92038 ( 4)
 145 T   0.00187 0.00004 0.99714 0.00095 ( 3)
 146 D   0.01431 0.00036 0.98354 0.00179 ( 3)
 147 N   0.40239 0.00007 0.59742 0.00012 ( 3)
 148 -   0.01841 0.21173 0.06220 0.70766 ( 4)
 149 N   0.40213 0.00012 0.59754 0.00022 ( 3)
 150 S   0.00000 0.09787 0.00007 0.90206 ( 4)
 151 S   0.15089 0.00430 0.82866 0.01615 ( 3)
 152 K   0.00001 0.22033 0.00002 0.77965 ( 4)
 153 E   0.16766 0.01307 0.77168 0.04759 ( 3)
 154 L   0.00004 0.32061 0.00007 0.67928 ( 4)
 155 I   0.05466 0.01605 0.86158 0.06771 ( 3)
 156 Y   0.36006 0.00000 0.63994 0.00000 ( 3)
 157 G   0.34681 0.00003 0.65309 0.00006 ( 3)
 158 -   0.07171 0.01431 0.84731 0.06668 ( 3)
 159 -   0.01718 0.11640 0.19963 0.66679 ( 4)
 160 A   0.00911 0.20373 0.02970 0.75746 ( 4)
 161 H   0.00351 0.02538 0.62776 0.34335 ( 3)
 162 R   0.00446 0.01529 0.75952 0.22073 ( 3)
 163 T   0.03630 0.02791 0.80658 0.12921 ( 3)
 164 N   0.40178 0.00049 0.59685 0.00088 ( 3)
 165 K   0.00993 0.27495 0.02443 0.69069 ( 4)
 166 P   0.33366 0.00089 0.66359 0.00185 ( 3)
 167 V   0.23653 0.00158 0.75623 0.00566 ( 3)
 168 V   0.31176 0.04378 0.55991 0.08455 ( 3)
 169 R   0.24225 0.05203 0.57751 0.12821 ( 3)
 170 T   0.31836 0.00003 0.68153 0.00008 ( 3)
 171 D   0.37496 0.01780 0.57606 0.03118 ( 3)
 172 F   0.36880 0.00010 0.63090 0.00020 ( 3)
 173 D   0.39366 0.00068 0.60446 0.00119 ( 3)
 174 F   0.36877 0.00017 0.63076 0.00031 ( 3)
 175 -   0.16548 0.06466 0.55490 0.21496 ( 3)
 176 L   0.29578 0.00003 0.70412 0.00007 ( 3)
 177 T   0.31493 0.00173 0.67944 0.00390 ( 3)
 178 N   0.40129 0.00034 0.59776 0.00061 ( 3)
 179 K   0.34723 0.00024 0.65205 0.00048 ( 3)
 180 E   0.31280 0.01826 0.63025 0.03868 ( 3)
 181 G   0.27635 0.00501 0.70404 0.01459 ( 3)
 182 T   0.34304 0.02555 0.58270 0.04871 ( 3)
 183 E   0.00324 0.24954 0.00958 0.73764 ( 4)
 184 L   0.00277 0.31608 0.00564 0.67551 ( 4)
 185 A   0.29429 0.00004 0.70557 0.00010 ( 3)
 186 K   0.30694 0.01100 0.65732 0.02473 ( 3)
 187 Y   0.25659 0.00180 0.73641 0.00519 ( 3)
 188 N   0.40254 0.00007 0.59727 0.00012 ( 3)
 189 D   0.29096 0.00002 0.70898 0.00004 ( 3)
 190 -   0.20756 0.02258 0.69489 0.07497 ( 3)
 191 -   0.19364 0.03650 0.64862 0.12124 ( 3)
 192 -   0.20706 0.02308 0.69321 0.07665 ( 3)
 193 Y   0.35997 0.00000 0.64002 0.00000 ( 3)
 194 N   0.12149 0.00000 0.87849 0.00002 ( 3)
 195 H   0.37183 0.00000 0.62817 0.00000 ( 3)
 196 I   0.37655 0.00032 0.62255 0.00059 ( 3)
 197 L   0.26969 0.00000 0.73031 0.00000 ( 3)
 198 S   0.27996 0.00109 0.71609 0.00285 ( 3)
 199 Y   0.18315 0.00131 0.81006 0.00548 ( 3)
 200 M   0.00631 0.00008 0.99250 0.00111 ( 3)
 201 L   0.26160 0.00797 0.70862 0.02181 ( 3)
 202 I   0.03848 0.23114 0.10350 0.62687 ( 4)
 203 N   0.34001 0.00091 0.65723 0.00185 ( 3)
 204 G   0.22153 0.11151 0.43002 0.23694 ( 3)
 205 -   0.34088 0.04558 0.53127 0.08227 ( 3)
 206 -   0.07082 0.18788 0.20235 0.53895 ( 4)
 207 -   0.30185 0.08264 0.46214 0.15337 ( 3)
 208 E   0.00525 0.25509 0.01487 0.72479 ( 4)
 209 T   0.25978 0.00245 0.73083 0.00694 ( 3)
 210 F   0.14174 0.19137 0.27548 0.39142 ( 4)
 211 G   0.28978 0.00458 0.69440 0.01124 ( 3)
 212 Q   0.18646 0.12921 0.39382 0.29050 ( 3)
 213 K   0.25089 0.00364 0.73476 0.01072 ( 3)
 214 R   0.06889 0.23572 0.15210 0.54329 ( 4)
 215 H   0.24452 0.02326 0.66811 0.06411 ( 3)
 216 G   0.29434 0.00012 0.70524 0.00030 ( 3)
 217 Y   0.35987 0.00004 0.64000 0.00008 ( 3)
 218 S   0.27108 0.00978 0.69357 0.02557 ( 3)
 219 F   0.36897 0.00000 0.63103 0.00000 ( 3)
 220 A   0.30879 0.00000 0.69120 0.00001 ( 3)
 221 F   0.36876 0.00002 0.63118 0.00004 ( 3)
 222 T   0.31835 0.00002 0.68159 0.00004 ( 3)
 223 H   0.37186 0.00000 0.62814 0.00000 ( 3)
 224 S   0.38942 0.00002 0.61053 0.00003 ( 3)
 225 S   0.27460 0.00000 0.72540 0.00000 ( 3)

