Supplemental results for CODEML (seqf: algn  treef: tree)


dN/dS (w) for site classes (K=4)

site class             0        1       2a       2b
proportion       0.31385  0.53051  0.05785  0.09779
background w     0.04483  0.44084  0.04483  0.44084
foreground w     0.04483  0.44084 15.06984 15.06984

Naive Empirical Bayes (NEB) probabilities for 4 classes
(amino acids refer to 1st sequence: BT_Cry1Ia11)

   1 S   0.59794 0.40139 0.00027 0.00040 ( 1)
   2 I   0.89333 0.10379 0.00225 0.00063 ( 1)
   3 T   0.89815 0.10039 0.00115 0.00032 ( 1)
   4 Q   0.89783 0.10190 0.00023 0.00004 ( 1)
   5 I   0.19971 0.71229 0.06860 0.01940 ( 2)
   6 P   0.91633 0.08330 0.00032 0.00005 ( 1)
   7 L   0.07877 0.91412 0.00035 0.00676 ( 2)
   8 V   0.89903 0.09959 0.00108 0.00029 ( 1)
   9 K   0.63494 0.36439 0.00027 0.00039 ( 1)
  10 A   0.38558 0.61318 0.00034 0.00090 ( 2)
  11 F   0.00744 0.32023 0.25738 0.41495 ( 4)
  12 N   0.08842 0.88475 0.01154 0.01529 ( 2)
  13 -   0.39185 0.59316 0.00557 0.00942 ( 2)
  14 -   0.37399 0.56943 0.02103 0.03555 ( 2)
  15 -   0.37399 0.56943 0.02103 0.03555 ( 2)
  16 -   0.04769 0.65926 0.10893 0.18412 ( 2)
  17 L   0.00615 0.98780 0.00015 0.00590 ( 2)
  18 S   0.02741 0.71896 0.01546 0.23816 ( 2)
  19 S   0.46060 0.53480 0.00124 0.00336 ( 2)
  20 G   0.00514 0.94236 0.00177 0.05073 ( 2)
  21 A   0.02452 0.87681 0.00404 0.09464 ( 2)
  22 A   0.04459 0.94601 0.00290 0.00650 ( 2)
  23 V   0.36488 0.62484 0.00406 0.00622 ( 2)
  24 V   0.32613 0.64188 0.02460 0.00740 ( 2)
  25 R   0.09784 0.87394 0.00959 0.01863 ( 2)
  26 G   0.85042 0.14786 0.00140 0.00032 ( 1)
  27 P   0.92664 0.07309 0.00024 0.00004 ( 1)
  28 G   0.92407 0.07539 0.00045 0.00009 ( 1)
  29 F   0.11447 0.88320 0.00016 0.00217 ( 2)
  30 T   0.91355 0.08500 0.00115 0.00031 ( 1)
  31 G   0.91071 0.08870 0.00050 0.00010 ( 1)
  32 G   0.87760 0.12180 0.00047 0.00013 ( 1)
  33 D   0.00820 0.97602 0.00082 0.01496 ( 2)
  34 I   0.27538 0.72259 0.00047 0.00156 ( 2)
  35 L   0.09478 0.89109 0.00416 0.00997 ( 2)
  36 R   0.00689 0.97863 0.00045 0.01402 ( 2)
  37 R   0.02873 0.96830 0.00015 0.00281 ( 2)
  38 T   0.00167 0.52286 0.17224 0.30324 ( 2)
  39 N   0.01395 0.98487 0.00001 0.00117 ( 2)
  40 T   0.00002 0.25703 0.00341 0.73955 ( 4)
  41 G   0.44696 0.53545 0.01472 0.00287 ( 2)
  42 T   0.00000 0.00608 0.00904 0.98488 ( 4)
  43 F   0.05219 0.76268 0.07159 0.11353 ( 2)
  44 G   0.32059 0.52377 0.05910 0.09655 ( 2)
  45 D   0.05392 0.79043 0.00994 0.14570 ( 2)
  46 I   0.34401 0.50034 0.06341 0.09223 ( 2)
  47 R   0.05020 0.91631 0.01285 0.02064 ( 2)
  48 V   0.06334 0.93648 0.00001 0.00017 ( 2)
  49 N   0.00199 0.83285 0.00318 0.16198 ( 2)
  50 I   0.31630 0.60823 0.05909 0.01637 ( 2)
  51 N   0.92966 0.06924 0.00096 0.00015 ( 1)
  52 -   0.31385 0.53051 0.05785 0.09779 ( 2)
  53 -   0.31385 0.53051 0.05785 0.09779 ( 2)
  54 -   0.31385 0.53051 0.05785 0.09779 ( 2)
  55 -   0.31385 0.53051 0.05785 0.09779 ( 2)
  56 -   0.31385 0.53051 0.05785 0.09779 ( 2)
  57 P   0.56589 0.43324 0.00033 0.00054 ( 1)
  58 P   0.91633 0.08330 0.00032 0.00005 ( 1)
  59 F   0.63794 0.36123 0.00037 0.00045 ( 1)
  60 A   0.01589 0.67315 0.01316 0.29780 ( 2)
  61 Q   0.89783 0.10190 0.00023 0.00004 ( 1)
  62 R   0.52546 0.40651 0.05800 0.01004 ( 1)
  63 Y   0.93191 0.06774 0.00030 0.00005 ( 1)
  64 R   0.39347 0.57145 0.02794 0.00715 ( 2)
  65 V   0.04955 0.91053 0.00844 0.03148 ( 2)
  66 R   0.78265 0.21713 0.00015 0.00008 ( 1)
  67 I   0.49797 0.49952 0.00067 0.00184 ( 2)
  68 R   0.06661 0.93309 0.00001 0.00029 ( 2)
  69 Y   0.61167 0.38753 0.00031 0.00050 ( 1)
  70 A   0.48277 0.51286 0.00168 0.00268 ( 2)
  71 S   0.00797 0.98620 0.00011 0.00572 ( 2)
  72 T   0.06754 0.93159 0.00004 0.00083 ( 2)
  73 -   0.62715 0.37207 0.00029 0.00049 ( 1)
  74 T   0.06153 0.93304 0.00032 0.00511 ( 2)
  75 D   0.93960 0.05975 0.00057 0.00008 ( 1)
  76 L   0.05086 0.93958 0.00048 0.00908 ( 2)
  77 Q   0.08924 0.89464 0.00651 0.00962 ( 2)
  78 F   0.05624 0.86532 0.02814 0.05030 ( 2)
  79 H   0.00001 0.01390 0.09251 0.89358 ( 4)
  80 T   0.03948 0.94086 0.00137 0.01829 ( 2)
  81 S   0.00011 0.01860 0.80334 0.17794 ( 3)
  82 I   0.01902 0.72728 0.19808 0.05562 ( 2)
  83 N   0.00000 0.02999 0.00262 0.96739 ( 4)
  84 G   0.00109 0.26229 0.20310 0.53351 ( 4)
  85 K   0.00553 0.96167 0.00162 0.03117 ( 2)
  86 A   0.00236 0.51667 0.02981 0.45117 ( 2)
  87 I   0.33791 0.62622 0.01187 0.02400 ( 2)
  88 N   0.46740 0.52539 0.00287 0.00433 ( 2)
  89 Q   0.00000 0.00226 0.77695 0.22078 ( 3)
  90 G   0.26982 0.68132 0.02033 0.02854 ( 2)
  91 N   0.00600 0.03498 0.83104 0.12798 ( 3)
  92 F   0.46632 0.51822 0.00492 0.01053 ( 2)
  93 S   0.12038 0.87629 0.00018 0.00316 ( 2)
  94 A   0.00749 0.98877 0.00016 0.00359 ( 2)
  95 T   0.41291 0.58319 0.00111 0.00279 ( 2)
  96 M   0.03880 0.95832 0.00006 0.00281 ( 2)
  97 N   0.76598 0.23332 0.00037 0.00032 ( 1)
  98 R   0.91244 0.08677 0.00067 0.00013 ( 1)
  99 G   0.05991 0.93144 0.00047 0.00817 ( 2)
 100 E   0.02289 0.96801 0.00016 0.00893 ( 2)
 101 -   0.53688 0.45851 0.00173 0.00288 ( 1)
 102 -   0.56385 0.43447 0.00062 0.00105 ( 1)
 103 -   0.49683 0.50230 0.00032 0.00055 ( 2)
 104 D   0.70730 0.29178 0.00043 0.00049 ( 1)
 105 L   0.87312 0.12617 0.00057 0.00015 ( 1)
 106 D   0.03826 0.96018 0.00004 0.00153 ( 2)
 107 Y   0.04804 0.89527 0.01891 0.03778 ( 2)
 108 K   0.24427 0.75539 0.00005 0.00029 ( 2)
 109 T   0.14024 0.85857 0.00007 0.00112 ( 2)
 110 F   0.66429 0.33501 0.00030 0.00041 ( 1)
 111 R   0.74286 0.25463 0.00178 0.00073 ( 1)
 112 T   0.08506 0.91419 0.00003 0.00072 ( 2)
 113 V   0.89903 0.09959 0.00108 0.00029 ( 1)
 114 G   0.00678 0.69711 0.11281 0.18330 ( 2)
 115 F   0.55523 0.44247 0.00075 0.00155 ( 1)
 116 T   0.40764 0.59094 0.00036 0.00107 ( 2)
 117 T   0.11477 0.88159 0.00024 0.00340 ( 2)
 118 P   0.00000 0.00654 0.02642 0.96703 ( 4)
 119 F   0.95087 0.04865 0.00043 0.00006 ( 1)
 120 S   0.02781 0.97145 0.00002 0.00072 ( 2)
 121 F   0.00068 0.19120 0.31948 0.48864 ( 4)
 122 L   0.00127 0.89222 0.00346 0.10305 ( 2)
 123 D   0.00402 0.72227 0.09101 0.18270 ( 2)
 124 V   0.01551 0.90703 0.00501 0.07245 ( 2)
 125 Q   0.00001 0.02227 0.19250 0.78521 ( 4)
 126 -   0.31385 0.53051 0.05785 0.09779 ( 2)
 127 S   0.15191 0.83627 0.00106 0.01076 ( 2)
 128 T   0.00000 0.00700 0.25070 0.74230 ( 4)
 129 F   0.00005 0.04747 0.27657 0.67592 ( 4)
 130 T   0.00033 0.07094 0.24511 0.68362 ( 4)
 131 I   0.01292 0.37515 0.17686 0.43507 ( 4)
 132 G   0.00001 0.00317 0.81735 0.17947 ( 3)
 133 A   0.01402 0.51690 0.38127 0.08781 ( 2)
 134 W   0.00000 0.00015 0.01902 0.98084 ( 4)
 135 N   0.37490 0.61515 0.00278 0.00716 ( 2)
 136 F   0.07446 0.91880 0.00181 0.00493 ( 2)
 137 S   0.00813 0.29516 0.57568 0.12103 ( 3)
 138 S   0.00402 0.84566 0.00834 0.14198 ( 2)
 139 G   0.00870 0.97531 0.00050 0.01549 ( 2)
 140 N   0.08602 0.91283 0.00006 0.00109 ( 2)
 141 E   0.12226 0.87458 0.00020 0.00296 ( 2)
 142 V   0.06173 0.93745 0.00003 0.00079 ( 2)
 143 Y   0.08261 0.90666 0.00056 0.01017 ( 2)
 144 I   0.89277 0.10530 0.00151 0.00042 ( 1)
 145 D   0.51084 0.48849 0.00027 0.00040 ( 1)
 146 R   0.67310 0.32622 0.00032 0.00036 ( 1)
 147 I   0.89687 0.09853 0.00360 0.00100 ( 1)
 148 E   0.94526 0.05436 0.00033 0.00004 ( 1)
 149 F   0.95087 0.04865 0.00043 0.00006 ( 1)
 150 V   0.50010 0.49690 0.00119 0.00181 ( 1)
 151 P   0.86593 0.12849 0.00446 0.00112 ( 1)


lnL = -1760.120045

