Supplemental results for CODEML (seqf: algn  treef: tree)


dN/dS (w) for site classes (K=4)

site class             0        1       2a       2b
proportion       0.26154  0.66239  0.02153  0.05453
background w     0.02482  0.48501  0.02482  0.48501
foreground w     0.02482  0.48501 42.80494 42.80494

Naive Empirical Bayes (NEB) probabilities for 4 classes
(amino acids refer to 1st sequence: BT_Cry4Ba1)

   1 Y   0.27608 0.64786 0.02273 0.05333 ( 2)
   2 T   0.36331 0.56063 0.02991 0.04615 ( 2)
   3 D   0.37828 0.54566 0.03114 0.04492 ( 2)
   4 A   0.00003 0.61799 0.00561 0.37638 ( 2)
   5 I   0.89373 0.09995 0.00547 0.00085 ( 1)
   6 T   0.86232 0.11683 0.01758 0.00327 ( 1)
   7 Q   0.28113 0.71685 0.00051 0.00151 ( 2)
   8 V   0.91215 0.07170 0.01479 0.00136 ( 1)
   9 P   0.00352 0.26001 0.14291 0.59356 ( 4)
  10 A   0.90727 0.08906 0.00325 0.00042 ( 1)
  11 V   0.83349 0.13031 0.03046 0.00574 ( 1)
  12 K   0.05924 0.76467 0.09328 0.08282 ( 2)
  13 S   0.02302 0.90189 0.02130 0.05379 ( 2)
  14 N   0.00017 0.90395 0.00026 0.09562 ( 2)
  15 F   0.00000 0.21146 0.00003 0.78852 ( 4)
  16 L   0.28539 0.63855 0.02349 0.05257 ( 2)
  17 N   0.00068 0.01495 0.92208 0.06229 ( 3)
  18 A   0.00856 0.98698 0.00004 0.00443 ( 2)
  19 T   0.00005 0.59660 0.01030 0.39304 ( 2)
  20 A   0.00000 0.17143 0.00403 0.82453 ( 4)
  21 K   0.00000 0.00633 0.00053 0.99314 ( 4)
  22 V   0.92173 0.07451 0.00341 0.00035 ( 1)
  23 I   0.89373 0.09995 0.00547 0.00085 ( 1)
  24 K   0.00035 0.87615 0.00083 0.12267 ( 2)
  25 G   0.91818 0.07986 0.00177 0.00019 ( 1)
  26 P   0.93152 0.06642 0.00189 0.00017 ( 1)
  27 G   0.92964 0.06841 0.00179 0.00016 ( 1)
  28 H   0.04295 0.95390 0.00011 0.00304 ( 2)
  29 T   0.90822 0.08661 0.00460 0.00057 ( 1)
  30 G   0.89831 0.09947 0.00195 0.00027 ( 1)
  31 G   0.84392 0.14307 0.01092 0.00209 ( 1)
  32 D   0.96269 0.03409 0.00307 0.00015 ( 1)
  33 L   0.83087 0.16669 0.00198 0.00046 ( 1)
  34 V   0.89961 0.07047 0.02740 0.00252 ( 1)
  35 A   0.03156 0.96460 0.00009 0.00374 ( 2)
  36 L   0.00625 0.99195 0.00001 0.00179 ( 2)
  37 T   0.00006 0.62326 0.01061 0.36606 ( 2)
  38 S   0.00002 0.73090 0.00013 0.26895 ( 2)
  39 N   0.91593 0.08229 0.00162 0.00016 ( 1)
  40 G   0.22925 0.26998 0.46781 0.03295 ( 3)
  41 T   0.23146 0.76708 0.00031 0.00114 ( 2)
  42 L   0.28327 0.71229 0.00105 0.00339 ( 2)
  43 S   0.01825 0.97762 0.00006 0.00407 ( 2)
  44 -   0.26154 0.66239 0.02153 0.05453 ( 2)
  45 G   0.00583 0.98894 0.00003 0.00521 ( 2)
  46 R   0.12386 0.86969 0.00060 0.00586 ( 2)
  47 M   0.05642 0.94045 0.00014 0.00300 ( 2)
  48 E   0.02832 0.96514 0.00014 0.00640 ( 2)
  49 I   0.01873 0.95793 0.00040 0.02294 ( 2)
  50 Q   0.01063 0.98464 0.00004 0.00469 ( 2)
  51 C   0.00335 0.94704 0.00245 0.04715 ( 2)
  52 K   0.20796 0.79015 0.00038 0.00152 ( 2)
  53 T   0.01603 0.98206 0.00003 0.00188 ( 2)
  54 S   0.02837 0.89557 0.00234 0.07373 ( 2)
  55 I   0.00087 0.92306 0.00007 0.07599 ( 2)
  56 F   0.35551 0.56843 0.02927 0.04679 ( 2)
  57 N   0.38967 0.53427 0.03208 0.04398 ( 2)
  58 D   0.37828 0.54566 0.03114 0.04492 ( 2)
  59 P   0.33950 0.58444 0.02795 0.04811 ( 2)
  60 T   0.01290 0.91104 0.00106 0.07500 ( 2)
  61 R   0.00043 0.92350 0.00004 0.07603 ( 2)
  62 S   0.00418 0.91976 0.00034 0.07572 ( 2)
  63 Y   0.00004 0.98855 0.00000 0.01142 ( 2)
  64 G   0.00005 0.94038 0.00004 0.05953 ( 2)
  65 L   0.02511 0.96727 0.00014 0.00748 ( 2)
  66 R   0.79215 0.20654 0.00100 0.00031 ( 1)
  67 I   0.26117 0.71447 0.00591 0.01845 ( 2)
  68 R   0.91046 0.08827 0.00115 0.00013 ( 1)
  69 Y   0.92595 0.07172 0.00213 0.00020 ( 1)
  70 A   0.94267 0.05370 0.00337 0.00026 ( 1)
  71 A   0.00127 0.99695 0.00000 0.00178 ( 2)
  72 N   0.03254 0.96556 0.00005 0.00185 ( 2)
  73 S   0.27260 0.72544 0.00051 0.00145 ( 2)
  74 P   0.00094 0.99151 0.00000 0.00754 ( 2)
  75 I   0.12674 0.86866 0.00045 0.00414 ( 2)
  76 V   0.01916 0.97817 0.00004 0.00263 ( 2)
  77 L   0.03499 0.96227 0.00008 0.00265 ( 2)
  78 N   0.00027 0.98218 0.00000 0.01754 ( 2)
  79 V   0.00221 0.99068 0.00001 0.00709 ( 2)
  80 S   0.00038 0.99615 0.00000 0.00347 ( 2)
  81 Y   0.03383 0.96302 0.00008 0.00307 ( 2)
  82 V   0.00904 0.91490 0.00074 0.07532 ( 2)
  83 L   0.00129 0.92265 0.00011 0.07596 ( 2)
  84 Q   0.00113 0.92280 0.00009 0.07597 ( 2)
  85 G   0.02687 0.97026 0.00006 0.00281 ( 2)
  86 V   0.00150 0.99106 0.00001 0.00744 ( 2)
  87 S   0.00004 0.99684 0.00000 0.00311 ( 2)
  88 R   0.00017 0.99682 0.00000 0.00300 ( 2)
  89 G   0.01139 0.98712 0.00002 0.00147 ( 2)
  90 T   0.00004 0.99805 0.00000 0.00191 ( 2)
  91 T   0.00001 0.90731 0.00001 0.09267 ( 2)
  92 I   0.21766 0.77444 0.00133 0.00657 ( 2)
  93 S   0.00000 0.98619 0.00000 0.01381 ( 2)
  94 T   0.00011 0.99709 0.00000 0.00279 ( 2)
  95 E   0.00009 0.99347 0.00000 0.00644 ( 2)
  96 S   0.00085 0.99610 0.00000 0.00304 ( 2)
  97 T   0.01500 0.97843 0.00008 0.00649 ( 2)
  98 F   0.00315 0.98931 0.00002 0.00752 ( 2)
  99 S   0.86217 0.13548 0.00199 0.00036 ( 1)
 100 R   0.01181 0.98552 0.00003 0.00264 ( 2)
 101 P   0.00239 0.98963 0.00001 0.00796 ( 2)
 102 N   0.03109 0.96202 0.00015 0.00674 ( 2)
 103 N   0.53470 0.45910 0.00259 0.00361 ( 1)
 104 I   0.37559 0.54835 0.03092 0.04514 ( 2)
 105 I   0.37559 0.54835 0.03092 0.04514 ( 2)
 106 P   0.33950 0.58444 0.02795 0.04811 ( 2)
 107 T   0.36331 0.56063 0.02991 0.04615 ( 2)
 108 D   0.37828 0.54566 0.03114 0.04492 ( 2)
 109 L   0.84479 0.15287 0.00191 0.00043 ( 1)
 110 K   0.32355 0.67461 0.00054 0.00129 ( 2)
 111 Y   0.92595 0.07172 0.00213 0.00020 ( 1)
 112 E   0.94730 0.04992 0.00260 0.00018 ( 1)
 113 E   0.00031 0.96816 0.00001 0.03152 ( 2)
 114 F   0.34409 0.65273 0.00091 0.00227 ( 2)
 115 R   0.00926 0.85255 0.02055 0.11764 ( 2)
 116 Y   0.01539 0.98089 0.00004 0.00367 ( 2)
 117 K   0.00011 0.97620 0.00004 0.02366 ( 2)
 118 D   0.00028 0.15212 0.32611 0.52148 ( 4)
 119 P   0.00167 0.87894 0.00357 0.11582 ( 2)
 120 F   0.00008 0.99745 0.00000 0.00247 ( 2)
 121 D   0.72497 0.26972 0.00349 0.00182 ( 1)
 122 A   0.00006 0.92632 0.00008 0.07354 ( 2)
 123 I   0.07176 0.92219 0.00032 0.00573 ( 2)
 124 V   0.35794 0.56599 0.02947 0.04659 ( 2)
 125 P   0.28029 0.64365 0.02307 0.05299 ( 2)
 126 M   0.35898 0.56496 0.02955 0.04651 ( 2)
 127 R   0.36084 0.56310 0.02971 0.04636 ( 2)
 128 L   0.31511 0.60883 0.02594 0.05012 ( 2)
 129 S   0.34191 0.58203 0.02815 0.04791 ( 2)
 130 S   0.00063 0.91639 0.00009 0.08290 ( 2)
 131 N   0.00175 0.99491 0.00000 0.00333 ( 2)
 132 Q   0.00299 0.31621 0.13514 0.54566 ( 4)
 133 L   0.00035 0.99205 0.00000 0.00760 ( 2)
 134 I   0.00002 0.87181 0.00006 0.12811 ( 2)
 135 T   0.04521 0.95193 0.00010 0.00275 ( 2)
 136 I   0.60593 0.38775 0.00336 0.00295 ( 1)
 137 A   0.00086 0.99568 0.00000 0.00346 ( 2)
 138 I   0.03976 0.93202 0.00189 0.02633 ( 2)
 139 Q   0.01429 0.97786 0.00008 0.00777 ( 2)
 140 P   0.04669 0.94501 0.00029 0.00801 ( 2)
 141 L   0.14774 0.85039 0.00025 0.00163 ( 2)
 142 N   0.93413 0.06095 0.00450 0.00041 ( 1)
 143 M   0.54792 0.44106 0.00609 0.00492 ( 1)
 144 T   0.46731 0.52907 0.00141 0.00220 ( 2)
 145 S   0.00003 0.98016 0.00000 0.01980 ( 2)
 146 N   0.48801 0.50576 0.00246 0.00377 ( 2)
 147 N   0.00138 0.99520 0.00000 0.00341 ( 2)
 148 Q   0.00095 0.99713 0.00000 0.00192 ( 2)
 149 V   0.29592 0.69910 0.00121 0.00376 ( 2)
 150 I   0.00141 0.99514 0.00000 0.00344 ( 2)
 151 I   0.26050 0.73680 0.00064 0.00207 ( 2)
 152 D   0.93763 0.05913 0.00299 0.00026 ( 1)
 153 R   0.46054 0.53332 0.00228 0.00386 ( 2)
 154 I   0.01845 0.94961 0.00100 0.03093 ( 2)
 155 E   0.87746 0.11359 0.00357 0.00538 ( 1)
 156 I   0.78485 0.19166 0.00980 0.01369 ( 1)
 157 I   0.27518 0.64635 0.03151 0.04696 ( 2)


lnL = -2009.896526

