Supplemental results for CODEML (seqf: algn  treef: tree)


dN/dS (w) for site classes (K=4)

site class             0        1       2a       2b
proportion       0.33045  0.62577  0.01513  0.02865
background w     0.08812  0.66147  0.08812  0.66147
foreground w     0.08812  0.66147 34.97508 34.97508

Naive Empirical Bayes (NEB) probabilities for 4 classes
(amino acids refer to 1st sequence: BT_Cry16Aa1)

   1 -   0.33191 0.62431 0.01520 0.02858 ( 2)
   2 -   0.10334 0.85288 0.00473 0.03905 ( 2)
   3 -   0.04564 0.91058 0.00209 0.04169 ( 2)
   4 -   0.79572 0.16050 0.03643 0.00735 ( 1)
   5 M   0.05382 0.90240 0.00246 0.04132 ( 2)
   6 Q   0.95173 0.00449 0.04357 0.00021 ( 1)
   7 T   0.99486 0.00231 0.00282 0.00001 ( 1)
   8 L   0.89133 0.04141 0.06331 0.00396 ( 1)
   9 T   0.98482 0.00005 0.01512 0.00000 ( 1)
  10 R   0.97979 0.00001 0.02020 0.00000 ( 1)
  11 K   0.99209 0.00519 0.00270 0.00002 ( 1)
  12 V   0.86726 0.13028 0.00206 0.00040 ( 1)
  13 Y   0.99759 0.00005 0.00237 0.00000 ( 1)
  14 S   0.98051 0.01049 0.00888 0.00013 ( 1)
  15 D   0.99538 0.00016 0.00446 0.00000 ( 1)
  16 P   0.98234 0.00113 0.01651 0.00002 ( 1)
  17 V   0.97061 0.02730 0.00202 0.00008 ( 1)
  18 N   0.99399 0.00234 0.00365 0.00001 ( 1)
  19 F   0.13916 0.85915 0.00022 0.00147 ( 2)
  20 I   0.33045 0.62577 0.01513 0.02865 ( 2)
  21 D   0.00327 0.93590 0.00137 0.05946 ( 2)
  22 E   0.08283 0.91591 0.00009 0.00117 ( 2)
  23 N   0.95981 0.03896 0.00117 0.00006 ( 1)
  24 I   0.00003 0.95786 0.00001 0.04211 ( 2)
  25 P   0.61317 0.38509 0.00102 0.00073 ( 1)
  26 I   0.89050 0.10647 0.00260 0.00044 ( 1)
  27 S   0.10041 0.87671 0.00190 0.02098 ( 2)
  28 E   0.72592 0.27110 0.00192 0.00106 ( 1)
  29 Y   0.99696 0.00040 0.00264 0.00000 ( 1)
  30 E   0.99031 0.00769 0.00198 0.00002 ( 1)
  31 K   0.12161 0.87303 0.00045 0.00492 ( 2)
  32 M   0.15889 0.83961 0.00019 0.00130 ( 2)
  33 Y   0.99591 0.00172 0.00236 0.00001 ( 1)
  34 N   0.97521 0.02265 0.00208 0.00006 ( 1)
  35 I   0.01301 0.97878 0.00009 0.00812 ( 2)
  36 S   0.00047 0.36633 0.01359 0.61961 ( 4)
  37 P   0.96973 0.02462 0.00549 0.00015 ( 1)
  38 E   0.01466 0.97927 0.00007 0.00599 ( 2)
  39 L   0.00203 0.95605 0.00043 0.04149 ( 2)
  40 F   0.99783 0.00010 0.00207 0.00000 ( 1)
  41 S   0.00010 0.98999 0.00000 0.00991 ( 2)
  42 T   0.03945 0.95898 0.00005 0.00152 ( 2)
  43 L   0.99835 0.00009 0.00156 0.00000 ( 1)
  44 F   0.00141 0.99459 0.00001 0.00400 ( 2)
  45 S   0.00001 0.78724 0.00001 0.21274 ( 2)
  46 I   0.01424 0.90381 0.00340 0.07856 ( 2)
  47 S   0.00621 0.99061 0.00001 0.00316 ( 2)
  48 F   0.88988 0.08967 0.01837 0.00209 ( 1)
  49 Y   0.97569 0.02261 0.00164 0.00006 ( 1)
  50 T   0.90759 0.08989 0.00222 0.00030 ( 1)
  51 N   0.02065 0.97753 0.00003 0.00179 ( 2)
  52 K   0.00772 0.98779 0.00003 0.00446 ( 2)
  53 S   0.01516 0.98261 0.00003 0.00220 ( 2)
  54 G   0.00128 0.99661 0.00000 0.00211 ( 2)
  55 -   0.02851 0.96920 0.00005 0.00224 ( 2)
  56 -   0.00869 0.97752 0.00011 0.01368 ( 2)
  57 -   0.43123 0.52499 0.01974 0.02404 ( 2)
  58 -   0.66789 0.28833 0.03058 0.01320 ( 1)
  59 -   0.33045 0.62577 0.01513 0.02865 ( 2)
  60 N   0.00019 0.95339 0.00005 0.04636 ( 2)
  61 K   0.00041 0.99708 0.00000 0.00251 ( 2)
  62 F   0.00679 0.99181 0.00001 0.00140 ( 2)
  63 L   0.99576 0.00261 0.00163 0.00001 ( 1)
  64 N   0.73876 0.25813 0.00210 0.00102 ( 1)
  65 G   0.99868 0.00028 0.00104 0.00000 ( 1)
  66 H   0.81165 0.18433 0.00298 0.00104 ( 1)
  67 V   0.00035 0.92867 0.00003 0.07095 ( 2)
  68 N   0.98861 0.00269 0.00866 0.00004 ( 1)
  69 R   0.02313 0.97595 0.00002 0.00090 ( 2)
  70 H   0.89836 0.09919 0.00213 0.00032 ( 1)
  71 V   0.00030 0.99766 0.00000 0.00204 ( 2)
  72 G   0.00008 0.97144 0.00001 0.02847 ( 2)
  73 T   0.14184 0.84348 0.00257 0.01211 ( 2)
  74 D   0.00000 0.09813 0.00086 0.90101 ( 4)
  75 L   0.00011 0.99205 0.00000 0.00784 ( 2)
  76 N   0.41364 0.58510 0.00047 0.00079 ( 2)
  77 Y   0.16116 0.81397 0.00769 0.01718 ( 2)
  78 N   0.00157 0.99719 0.00000 0.00125 ( 2)
  79 G   0.02308 0.94443 0.00471 0.02778 ( 2)
  80 L   0.59481 0.36141 0.02723 0.01655 ( 1)
  81 R   0.00109 0.96157 0.00027 0.03707 ( 2)
  82 E   0.73022 0.25177 0.01281 0.00520 ( 1)
  83 T   0.08713 0.91162 0.00009 0.00116 ( 2)
  84 H   0.00088 0.94662 0.00037 0.05213 ( 2)
  85 Y   0.00607 0.99071 0.00002 0.00321 ( 2)
  86 G   0.99889 0.00007 0.00104 0.00000 ( 1)
  87 N   0.07627 0.90526 0.00343 0.01503 ( 2)
  88 Y   0.04984 0.90638 0.00228 0.04150 ( 2)
  89 G   0.00683 0.99126 0.00001 0.00190 ( 2)
  90 S   0.00174 0.99563 0.00000 0.00262 ( 2)
  91 N   0.00483 0.79779 0.00836 0.18903 ( 2)
  92 Y   0.00305 0.99365 0.00001 0.00329 ( 2)
  93 E   0.00910 0.98047 0.00006 0.01037 ( 2)
  94 V   0.01012 0.84363 0.00299 0.14326 ( 2)
  95 E   0.00007 0.98499 0.00000 0.01494 ( 2)
  96 S   0.04287 0.95503 0.00007 0.00203 ( 2)
  97 M   0.00093 0.99719 0.00000 0.00187 ( 2)
  98 A   0.70947 0.10365 0.18261 0.00427 ( 1)
  99 F   0.66171 0.33253 0.00370 0.00205 ( 1)
 100 D   0.01201 0.98530 0.00003 0.00266 ( 2)
 101 D   0.87539 0.12044 0.00345 0.00073 ( 1)
 102 I   0.06976 0.92764 0.00014 0.00246 ( 2)
 103 -   0.33045 0.62577 0.01513 0.02865 ( 2)
 104 -   0.33045 0.62577 0.01513 0.02865 ( 2)
 105 -   0.33045 0.62577 0.01513 0.02865 ( 2)
 106 -   0.33045 0.62577 0.01513 0.02865 ( 2)
 107 -   0.48594 0.47028 0.02225 0.02153 ( 1)
 108 -   0.21841 0.73781 0.01000 0.03378 ( 2)
 109 K   0.02153 0.97000 0.00018 0.00829 ( 2)
 110 A   0.27198 0.64481 0.05967 0.02353 ( 2)
 111 Y   0.99756 0.00008 0.00237 0.00000 ( 1)
 112 S   0.27784 0.71971 0.00055 0.00190 ( 2)
 113 N   0.86331 0.13453 0.00179 0.00037 ( 1)
 114 N   0.23903 0.75949 0.00029 0.00119 ( 2)
 115 Y   0.08815 0.90962 0.00016 0.00207 ( 2)
 116 F   0.00546 0.98798 0.00002 0.00654 ( 2)
 117 N   0.91383 0.08486 0.00117 0.00014 ( 1)
 118 N   0.00017 0.01531 0.52639 0.45813 ( 3)
 119 T   0.00010 0.83931 0.00010 0.16049 ( 2)
 120 Q   0.01169 0.98226 0.00005 0.00600 ( 2)
 121 N   0.00244 0.99294 0.00001 0.00461 ( 2)
 122 N   0.00164 0.99465 0.00000 0.00370 ( 2)
 123 N   0.00619 0.95003 0.00028 0.04350 ( 2)
 124 P   0.02042 0.93580 0.00093 0.04284 ( 2)
 125 T   0.14489 0.81133 0.00663 0.03715 ( 2)
 126 -   0.33045 0.62577 0.01513 0.02865 ( 2)
 127 S   0.01837 0.98038 0.00002 0.00122 ( 2)
 128 V   0.00980 0.98933 0.00001 0.00086 ( 2)
 129 K   0.00868 0.97950 0.00006 0.01175 ( 2)
 130 S   0.00079 0.99584 0.00000 0.00337 ( 2)
 131 I   0.82692 0.17180 0.00101 0.00027 ( 1)
 132 K   0.18861 0.80989 0.00027 0.00123 ( 2)
 133 F   0.01269 0.98576 0.00002 0.00153 ( 2)
 134 L   0.00532 0.99180 0.00001 0.00286 ( 2)
 135 I   0.01168 0.98675 0.00001 0.00156 ( 2)
 136 T   0.00002 0.99138 0.00000 0.00860 ( 2)
 137 K   0.00048 0.98354 0.00001 0.01597 ( 2)
 138 N   0.03722 0.95946 0.00009 0.00323 ( 2)
 139 N   0.00008 0.55972 0.00375 0.43645 ( 2)
 140 D   0.20481 0.79313 0.00033 0.00172 ( 2)
 141 E   0.08453 0.91379 0.00011 0.00157 ( 2)
 142 W   0.00041 0.99184 0.00000 0.00774 ( 2)
 143 I   0.00000 0.99125 0.00000 0.00875 ( 2)
 144 Y   0.00611 0.98984 0.00002 0.00403 ( 2)
 145 G   0.48600 0.51197 0.00086 0.00118 ( 2)
 146 E   0.93849 0.06045 0.00098 0.00008 ( 1)
 147 P   0.00195 0.91701 0.00059 0.08045 ( 2)
 148 D   0.00000 0.84296 0.00002 0.15702 ( 2)
 149 S   0.00000 0.84705 0.00000 0.15294 ( 2)
 150 S   0.14716 0.84708 0.00058 0.00518 ( 2)
 151 N   0.00215 0.99581 0.00000 0.00204 ( 2)
 152 I   0.00010 0.97863 0.00000 0.02127 ( 2)
 153 D   0.15124 0.80498 0.00692 0.03686 ( 2)
 154 F   0.04688 0.90934 0.00215 0.04163 ( 2)
 155 T   0.05147 0.90475 0.00236 0.04142 ( 2)
 156 R   0.40904 0.54718 0.01873 0.02505 ( 2)
 157 N   0.42149 0.53473 0.01930 0.02448 ( 2)
 158 I   0.23471 0.72151 0.01075 0.03303 ( 2)
 159 -   0.00004 0.13087 0.00144 0.86765 ( 4)
 160 -   0.00065 0.99740 0.00000 0.00195 ( 2)
 161 -   0.28162 0.71505 0.00074 0.00258 ( 2)
 162 -   0.00040 0.89427 0.00034 0.10500 ( 2)
 163 -   0.02299 0.97300 0.00009 0.00392 ( 2)
 164 -   0.04254 0.95553 0.00007 0.00186 ( 2)
 165 -   0.00003 0.93624 0.00002 0.06371 ( 2)
 166 -   0.03002 0.96873 0.00003 0.00121 ( 2)
 167 -   0.37589 0.58033 0.01721 0.02657 ( 2)
 168 -   0.47676 0.47946 0.02183 0.02195 ( 2)
 169 Q   0.00350 0.99272 0.00001 0.00377 ( 2)
 170 G   0.00772 0.98792 0.00002 0.00434 ( 2)
 171 Y   0.02086 0.77110 0.02845 0.17959 ( 2)
 172 L   0.00045 0.99307 0.00000 0.00648 ( 2)
 173 S   0.00002 0.99547 0.00000 0.00451 ( 2)
 174 N   0.00013 0.99848 0.00000 0.00139 ( 2)
 175 L   0.99274 0.00489 0.00236 0.00002 ( 1)
 176 N   0.14298 0.85160 0.00053 0.00490 ( 2)
 177 N   0.01249 0.98078 0.00005 0.00668 ( 2)
 178 E   0.00293 0.99317 0.00001 0.00390 ( 2)
 179 S   0.98759 0.00873 0.00363 0.00005 ( 1)
 180 Y   0.07602 0.92148 0.00012 0.00237 ( 2)
 181 T   0.83892 0.15850 0.00205 0.00053 ( 1)
 182 H   0.99842 0.00004 0.00155 0.00000 ( 1)
 183 S   0.00258 0.99622 0.00000 0.00119 ( 2)
 184 L   0.99755 0.00098 0.00146 0.00000 ( 1)
 185 S   0.99649 0.00185 0.00166 0.00000 ( 1)
 186 D   0.99713 0.00023 0.00264 0.00000 ( 1)
 187 M   0.13167 0.86536 0.00031 0.00265 ( 2)
 188 I   0.99679 0.00038 0.00283 0.00000 ( 1)
 189 L   0.85599 0.14277 0.00102 0.00021 ( 1)
 190 A   0.02236 0.93387 0.00102 0.04276 ( 2)
 191 N   0.01072 0.94550 0.00049 0.04329 ( 2)
 192 N   0.73103 0.22519 0.03347 0.01031 ( 1)
 193 D   0.05480 0.90142 0.00251 0.04127 ( 2)
 194 K   0.75854 0.19768 0.03473 0.00905 ( 1)
 195 -   0.36225 0.59397 0.01659 0.02719 ( 2)
 196 I   0.03151 0.92471 0.00144 0.04234 ( 2)
 197 Q   0.11734 0.83888 0.00537 0.03841 ( 2)
 198 I   0.00173 0.95449 0.00008 0.04370 ( 2)
 199 N   0.00196 0.95426 0.00009 0.04369 ( 2)
 200 I   0.11706 0.83916 0.00536 0.03842 ( 2)
 201 D   0.02195 0.97678 0.00002 0.00125 ( 2)
 202 T   0.06009 0.93868 0.00006 0.00117 ( 2)
 203 P   0.96745 0.02883 0.00355 0.00016 ( 1)
 204 H   0.02225 0.24573 0.58770 0.14432 ( 3)
 205 S   0.03605 0.96065 0.00011 0.00319 ( 2)
 206 Y   0.99761 0.00063 0.00175 0.00000 ( 1)
 207 S   0.90876 0.08967 0.00140 0.00017 ( 1)
 208 Y   0.99835 0.00002 0.00163 0.00000 ( 1)
 209 S   0.83585 0.16248 0.00135 0.00032 ( 1)
 210 W   0.98519 0.01209 0.00268 0.00003 ( 1)
 211 I   0.99418 0.00337 0.00243 0.00001 ( 1)
 212 Y   0.99492 0.00353 0.00154 0.00001 ( 1)
 213 K   0.00098 0.99572 0.00000 0.00330 ( 2)
 214 -   0.02805 0.92817 0.00128 0.04250 ( 2)
 215 -   0.58839 0.36783 0.02694 0.01684 ( 1)
 216 -   0.27099 0.68523 0.01241 0.03137 ( 2)
 217 -   0.80199 0.15423 0.03672 0.00706 ( 1)
 218 -   0.17607 0.78015 0.00806 0.03572 ( 2)
 219 -   0.16442 0.79180 0.00753 0.03625 ( 2)
 220 -   0.42411 0.53211 0.01942 0.02436 ( 2)
 221 -   0.18437 0.77185 0.00844 0.03534 ( 2)
 222 -   0.34434 0.61188 0.01577 0.02801 ( 2)
 223 -   0.33045 0.62577 0.01513 0.02865 ( 2)
 224 -   0.33045 0.62577 0.01513 0.02865 ( 2)
 225 -   0.32077 0.63545 0.01469 0.02909 ( 2)


lnL = -5245.871934

