Supplemental results for CODEML (seqf: algn  treef: tree)


dN/dS (w) for site classes (K=4)

site class             0        1       2a       2b
proportion       0.45802  0.49832  0.02091  0.02275
background w     0.09096  1.00000  0.09096  1.00000
foreground w     0.09096  1.00000 999.00000 999.00000

Naive Empirical Bayes (NEB) probabilities for 4 classes
(amino acids refer to 1st sequence: BT_Cry24Ca1)

   1 -   0.45802 0.49832 0.02091 0.02275 ( 2)
   2 A   0.00358 0.54781 0.02368 0.42494 ( 2)
   3 D   0.99542 0.00224 0.00233 0.00002 ( 1)
   4 K   0.99494 0.00331 0.00174 0.00001 ( 1)
   5 I   0.99383 0.00244 0.00372 0.00001 ( 1)
   6 T   0.98900 0.00097 0.01002 0.00001 ( 1)
   7 Q   0.99816 0.00108 0.00075 0.00000 ( 1)
   8 I   0.99727 0.00027 0.00246 0.00000 ( 1)
   9 P   0.99280 0.00693 0.00026 0.00000 ( 1)
  10 A   0.98102 0.00322 0.01567 0.00010 ( 1)
  11 V   0.99396 0.00405 0.00198 0.00002 ( 1)
  12 K   0.99753 0.00043 0.00204 0.00000 ( 1)
  13 T   0.28364 0.69948 0.00260 0.01428 ( 2)
  14 W   0.17615 0.81883 0.00093 0.00410 ( 2)
  15 E   0.00007 0.98661 0.00000 0.01332 ( 2)
  16 I   0.30396 0.65533 0.03271 0.00799 ( 2)
  17 R   0.00570 0.98501 0.00002 0.00927 ( 2)
  18 G   0.00438 0.92044 0.00244 0.07274 ( 2)
  19 T   0.00906 0.98599 0.00002 0.00494 ( 2)
  20 S   0.12529 0.87360 0.00013 0.00097 ( 2)
  21 S   0.32179 0.66586 0.00192 0.01043 ( 2)
  22 V   0.99717 0.00044 0.00239 0.00000 ( 1)
  23 V   0.46847 0.52863 0.00083 0.00207 ( 2)
  24 A   0.66839 0.32950 0.00106 0.00105 ( 1)
  25 G   0.98986 0.00225 0.00786 0.00003 ( 1)
  26 P   0.99906 0.00018 0.00075 0.00000 ( 1)
  27 G   0.99831 0.00010 0.00159 0.00000 ( 1)
  28 N   0.81048 0.18828 0.00091 0.00033 ( 1)
  29 T   0.99808 0.00043 0.00149 0.00000 ( 1)
  30 G   0.99104 0.00036 0.00859 0.00001 ( 1)
  31 G   0.99448 0.00120 0.00431 0.00001 ( 1)
  32 N   0.83287 0.07380 0.09267 0.00066 ( 1)
  33 L   0.97224 0.00620 0.02139 0.00017 ( 1)
  34 V   0.98778 0.01038 0.00180 0.00004 ( 1)
  35 K   0.05149 0.94019 0.00022 0.00810 ( 2)
  36 M   0.83841 0.16040 0.00093 0.00026 ( 1)
  37 S   0.97364 0.02554 0.00079 0.00004 ( 1)
  38 Y   0.01369 0.98240 0.00002 0.00389 ( 2)
  39 H   0.02512 0.97160 0.00005 0.00324 ( 2)
  40 S   0.00071 0.98970 0.00000 0.00960 ( 2)
  41 V   0.00054 0.81054 0.02248 0.16644 ( 2)
  42 W   0.00323 0.99506 0.00000 0.00171 ( 2)
  43 N   0.00010 0.99943 0.00000 0.00047 ( 2)
  44 I   0.96811 0.00694 0.02476 0.00019 ( 1)
  45 K   0.28198 0.71659 0.00031 0.00111 ( 2)
  46 F   0.65486 0.34352 0.00095 0.00067 ( 1)
  47 T   0.00080 0.99723 0.00000 0.00197 ( 2)
  48 C   0.02529 0.95010 0.00023 0.02438 ( 2)
  49 -   0.71622 0.28073 0.00146 0.00159 ( 1)
  50 -   0.57534 0.42153 0.00121 0.00192 ( 1)
  51 -   0.18343 0.81311 0.00030 0.00316 ( 2)
  52 -   0.89475 0.10496 0.00025 0.00003 ( 1)
  53 -   0.04226 0.59605 0.02857 0.33311 ( 2)
  54 -   0.00026 0.90906 0.00001 0.09066 ( 2)
  55 -   0.00040 0.97564 0.00005 0.02391 ( 2)
  56 Q   0.19018 0.78841 0.00293 0.01848 ( 2)
  57 Q   0.00280 0.88129 0.00338 0.11254 ( 2)
  58 L   0.00002 0.97221 0.00001 0.02776 ( 2)
  59 K   0.35465 0.60037 0.03748 0.00751 ( 2)
  60 R   0.01173 0.93901 0.00343 0.04583 ( 2)
  61 Y   0.94071 0.05422 0.00442 0.00065 ( 1)
  62 R   0.00002 0.94652 0.00013 0.05334 ( 2)
  63 V   0.80072 0.14892 0.03624 0.01412 ( 1)
  64 R   0.98940 0.00549 0.00509 0.00002 ( 1)
  65 I   0.99120 0.00634 0.00242 0.00005 ( 1)
  66 R   0.99413 0.00525 0.00062 0.00000 ( 1)
  67 Y   0.99847 0.00018 0.00134 0.00000 ( 1)
  68 A   0.99831 0.00029 0.00139 0.00000 ( 1)
  69 S   0.96917 0.02908 0.00160 0.00015 ( 1)
  70 D   0.23501 0.76028 0.00061 0.00411 ( 2)
  71 G   0.01901 0.62532 0.05119 0.30448 ( 2)
  72 N   0.98192 0.01539 0.00256 0.00013 ( 1)
  73 C   0.04994 0.94524 0.00012 0.00470 ( 2)
  74 Q   0.17308 0.81615 0.00091 0.00986 ( 2)
  75 L   0.99096 0.00809 0.00094 0.00001 ( 1)
  76 A   0.00038 0.99581 0.00000 0.00382 ( 2)
  77 M   0.69359 0.30371 0.00139 0.00131 ( 1)
  78 R   0.18867 0.80694 0.00066 0.00372 ( 2)
  79 R   0.69589 0.29415 0.00626 0.00369 ( 1)
  80 W   0.00116 0.99144 0.00000 0.00740 ( 2)
  81 R   0.00001 0.97216 0.00000 0.02783 ( 2)
  82 G   0.07718 0.90995 0.00039 0.01248 ( 2)
  83 G   0.00308 0.65803 0.16686 0.17203 ( 2)
  84 P   0.00012 0.95328 0.00001 0.04659 ( 2)
  85 G   0.58494 0.40862 0.00277 0.00367 ( 1)
  86 -   0.00002 0.86302 0.00007 0.13689 ( 2)
  87 -   0.45802 0.49832 0.02091 0.02275 ( 2)
  88 Y   0.06074 0.90001 0.01476 0.02449 ( 2)
  89 V   0.00393 0.99158 0.00001 0.00448 ( 2)
  90 Q   0.00186 0.98850 0.00001 0.00962 ( 2)
  91 E   0.17956 0.81433 0.00052 0.00559 ( 2)
  92 A   0.04011 0.95692 0.00007 0.00290 ( 2)
  93 R   0.00651 0.99130 0.00001 0.00218 ( 2)
  94 H   0.84708 0.14713 0.00426 0.00153 ( 1)
  95 T   0.19080 0.79036 0.00312 0.01573 ( 2)
  96 V   0.85842 0.13863 0.00203 0.00092 ( 1)
  97 Q   0.00004 0.17691 0.02708 0.79598 ( 4)
  98 R   0.02145 0.97684 0.00003 0.00168 ( 2)
  99 T   0.71017 0.28193 0.00445 0.00344 ( 1)
 100 F   0.26038 0.73717 0.00031 0.00214 ( 2)
 101 S   0.60300 0.39028 0.00321 0.00350 ( 1)
 102 -   0.45802 0.49832 0.02091 0.02275 ( 2)
 103 -   0.45802 0.49832 0.02091 0.02275 ( 2)
 104 G   0.91725 0.08095 0.00153 0.00026 ( 1)
 105 S   0.00366 0.11517 0.61972 0.26145 ( 3)
 106 M   0.95297 0.04637 0.00060 0.00007 ( 1)
 107 T   0.95927 0.02524 0.01489 0.00059 ( 1)
 108 Y   0.99816 0.00048 0.00136 0.00000 ( 1)
 109 D   0.25402 0.71591 0.00582 0.02425 ( 2)
 110 S   0.00258 0.96424 0.00005 0.03313 ( 2)
 111 F   0.99912 0.00039 0.00049 0.00000 ( 1)
 112 K   0.95740 0.03684 0.00533 0.00042 ( 1)
 113 Y   0.99666 0.00283 0.00051 0.00000 ( 1)
 114 L   0.00038 0.99905 0.00000 0.00057 ( 2)
 115 D   0.99765 0.00008 0.00227 0.00000 ( 1)
 116 I   0.00252 0.64825 0.20811 0.14113 ( 2)
 117 F   0.02304 0.84701 0.03704 0.09291 ( 2)
 118 -   0.49236 0.46398 0.02248 0.02118 ( 1)
 119 -   0.49249 0.46385 0.02249 0.02118 ( 1)
 120 -   0.07674 0.87960 0.00350 0.04016 ( 2)
 121 -   0.50086 0.45548 0.02287 0.02080 ( 1)
 122 -   0.49731 0.45903 0.02271 0.02096 ( 1)
 123 -   0.47885 0.47749 0.02186 0.02180 ( 1)
 124 T   0.00228 0.94837 0.00034 0.04900 ( 2)
 125 M   0.00058 0.75571 0.02021 0.22349 ( 2)
 126 P   0.00000 0.82788 0.00000 0.17212 ( 2)
 127 A   0.09952 0.88995 0.00061 0.00992 ( 2)
 128 E   0.05560 0.91786 0.00435 0.02219 ( 2)
 129 D   0.07939 0.91575 0.00019 0.00467 ( 2)
 130 Y   0.00032 0.78037 0.02432 0.19499 ( 2)
 131 T   0.00062 0.98734 0.00000 0.01204 ( 2)
 132 F   0.55835 0.43642 0.00183 0.00340 ( 1)
 133 N   0.00028 0.98670 0.00001 0.01300 ( 2)
 134 L   0.53028 0.46564 0.00144 0.00265 ( 1)
 135 T   0.00183 0.99620 0.00000 0.00197 ( 2)
 136 I   0.42298 0.56253 0.00536 0.00913 ( 2)
 137 D   0.00020 0.99789 0.00000 0.00191 ( 2)
 138 L   0.07213 0.92565 0.00010 0.00212 ( 2)
 139 E   0.00364 0.98632 0.00002 0.01002 ( 2)
 140 S   0.83126 0.16653 0.00133 0.00088 ( 1)
 141 G   0.99668 0.00046 0.00285 0.00001 ( 1)
 142 G   0.99753 0.00050 0.00197 0.00000 ( 1)
 143 A   0.00761 0.97062 0.00163 0.02014 ( 2)
 144 L   0.97028 0.02871 0.00097 0.00004 ( 1)
 145 Y   0.00211 0.96383 0.00005 0.03400 ( 2)
 146 I   0.99691 0.00219 0.00090 0.00000 ( 1)
 147 D   0.99304 0.00054 0.00641 0.00001 ( 1)
 148 K   0.99390 0.00421 0.00187 0.00002 ( 1)
 149 I   0.99653 0.00094 0.00252 0.00001 ( 1)
 150 E   0.99815 0.00014 0.00171 0.00000 ( 1)
 151 F   0.99036 0.00336 0.00624 0.00004 ( 1)
 152 -   0.99701 0.00045 0.00254 0.00000 ( 1)
 153 -   0.45802 0.49832 0.02091 0.02275 ( 2)


lnL = -2690.609837

Bayes Empirical Bayes (BEB) probabilities for 4 classes (class)
(amino acids refer to 1st sequence: BT_Cry24Ca1)

   1 -   0.41626 0.53380 0.02202 0.02791 ( 2)
   2 A   0.00475 0.69537 0.01819 0.28168 ( 2)
   3 D   0.99062 0.00209 0.00726 0.00004 ( 1)
   4 K   0.98571 0.00441 0.00981 0.00007 ( 1)
   5 I   0.98165 0.00230 0.01599 0.00005 ( 1)
   6 T   0.98143 0.00090 0.01764 0.00002 ( 1)
   7 Q   0.98693 0.00106 0.01199 0.00002 ( 1)
   8 I   0.99133 0.00024 0.00843 0.00000 ( 1)
   9 P   0.96933 0.00701 0.02346 0.00019 ( 1)
  10 A   0.98603 0.00321 0.01070 0.00006 ( 1)
  11 V   0.98546 0.00400 0.01047 0.00007 ( 1)
  12 K   0.99106 0.00039 0.00855 0.00001 ( 1)
  13 T   0.15786 0.82015 0.00198 0.02001 ( 2)
  14 W   0.10576 0.86948 0.00191 0.02285 ( 2)
  15 E   0.00017 0.97793 0.00000 0.02189 ( 2)
  16 I   0.15562 0.75015 0.06449 0.02974 ( 2)
  17 R   0.01058 0.96900 0.00009 0.02032 ( 2)
  18 G   0.00563 0.93774 0.00147 0.05515 ( 2)
  19 T   0.01108 0.97263 0.00008 0.01620 ( 2)
  20 S   0.07923 0.89641 0.00164 0.02272 ( 2)
  21 S   0.17644 0.80453 0.00184 0.01719 ( 2)
  22 V   0.99095 0.00040 0.00865 0.00001 ( 1)
  23 V   0.25047 0.73272 0.00255 0.01426 ( 2)
  24 A   0.38846 0.59822 0.00353 0.00978 ( 2)
  25 G   0.98556 0.00219 0.01221 0.00004 ( 1)
  26 P   0.99085 0.00017 0.00898 0.00000 ( 1)
  27 G   0.99252 0.00009 0.00738 0.00000 ( 1)
  28 N   0.64175 0.34357 0.00820 0.00648 ( 1)
  29 T   0.98977 0.00039 0.00983 0.00001 ( 1)
  30 G   0.98734 0.00033 0.01232 0.00001 ( 1)
  31 G   0.98738 0.00115 0.01145 0.00002 ( 1)
  32 N   0.52265 0.10168 0.37164 0.00403 ( 1)
  33 L   0.97550 0.00635 0.01799 0.00015 ( 1)
  34 V   0.97489 0.01457 0.01026 0.00028 ( 1)
  35 K   0.04406 0.93783 0.00049 0.01763 ( 2)
  36 M   0.74370 0.24075 0.01080 0.00475 ( 1)
  37 S   0.93168 0.05883 0.00863 0.00086 ( 1)
  38 Y   0.01614 0.96552 0.00016 0.01819 ( 2)
  39 H   0.02658 0.95753 0.00024 0.01565 ( 2)
  40 S   0.00178 0.97629 0.00002 0.02192 ( 2)
  41 V   0.00098 0.85428 0.01334 0.13141 ( 2)
  42 W   0.00444 0.97724 0.00006 0.01825 ( 2)
  43 N   0.00031 0.97396 0.00001 0.02572 ( 2)
  44 I   0.96953 0.00896 0.02125 0.00026 ( 1)
  45 K   0.15639 0.82718 0.00189 0.01454 ( 2)
  46 F   0.37904 0.60304 0.00569 0.01223 ( 2)
  47 T   0.00166 0.98342 0.00001 0.01490 ( 2)
  48 C   0.02574 0.95188 0.00027 0.02211 ( 2)
  49 -   0.67929 0.30896 0.00590 0.00584 ( 1)
  50 -   0.45073 0.53320 0.00510 0.01098 ( 2)
  51 -   0.13016 0.85424 0.00111 0.01448 ( 2)
  52 -   0.86300 0.11299 0.02086 0.00314 ( 1)
  53 -   0.03956 0.83327 0.00754 0.11964 ( 2)
  54 -   0.00060 0.95115 0.00002 0.04823 ( 2)
  55 -   0.00080 0.95203 0.00015 0.04702 ( 2)
  56 Q   0.11394 0.86196 0.00215 0.02195 ( 2)
  57 Q   0.00375 0.90089 0.00389 0.09148 ( 2)
  58 L   0.00008 0.92192 0.00005 0.07795 ( 2)
  59 K   0.17969 0.73212 0.06299 0.02519 ( 2)
  60 R   0.01502 0.88754 0.00786 0.08958 ( 2)
  61 Y   0.86829 0.11411 0.01391 0.00369 ( 1)
  62 R   0.00006 0.92254 0.00017 0.07723 ( 2)
  63 V   0.68192 0.28731 0.01658 0.01420 ( 1)
  64 R   0.97451 0.00538 0.01997 0.00014 ( 1)
  65 I   0.98364 0.00785 0.00835 0.00016 ( 1)
  66 R   0.97547 0.00524 0.01916 0.00012 ( 1)
  67 Y   0.99110 0.00017 0.00873 0.00000 ( 1)
  68 A   0.98984 0.00027 0.00989 0.00000 ( 1)
  69 S   0.93323 0.05975 0.00607 0.00095 ( 1)
  70 D   0.13087 0.85223 0.00123 0.01567 ( 2)
  71 G   0.02079 0.81006 0.02282 0.14633 ( 2)
  72 N   0.96017 0.03182 0.00736 0.00065 ( 1)
  73 C   0.04386 0.93724 0.00047 0.01844 ( 2)
  74 Q   0.10685 0.87104 0.00125 0.02085 ( 2)
  75 L   0.97630 0.00819 0.01535 0.00017 ( 1)
  76 A   0.00088 0.98288 0.00001 0.01623 ( 2)
  77 M   0.49304 0.49218 0.00515 0.00963 ( 1)
  78 R   0.11273 0.86508 0.00192 0.02027 ( 2)
  79 R   0.47843 0.50190 0.00785 0.01181 ( 2)
  80 W   0.00231 0.98088 0.00002 0.01679 ( 2)
  81 R   0.00004 0.97027 0.00000 0.02969 ( 2)
  82 G   0.06078 0.91979 0.00057 0.01886 ( 2)
  83 G   0.00306 0.67761 0.10392 0.21541 ( 2)
  84 P   0.00040 0.95678 0.00002 0.04280 ( 2)
  85 G   0.32736 0.65463 0.00405 0.01396 ( 2)
  86 -   0.00009 0.87645 0.00015 0.12331 ( 2)
  87 -   0.41626 0.53380 0.02202 0.02791 ( 2)
  88 Y   0.04648 0.88356 0.01989 0.05007 ( 2)
  89 V   0.00499 0.97735 0.00005 0.01761 ( 2)
  90 Q   0.00350 0.97530 0.00005 0.02116 ( 2)
  91 E   0.10738 0.87418 0.00103 0.01741 ( 2)
  92 A   0.03781 0.94491 0.00040 0.01688 ( 2)
  93 R   0.00974 0.97191 0.00012 0.01823 ( 2)
  94 H   0.76871 0.21875 0.00855 0.00400 ( 1)
  95 T   0.11128 0.84366 0.00512 0.03995 ( 2)
  96 V   0.71635 0.27180 0.00632 0.00553 ( 1)
  97 Q   0.00026 0.64103 0.01006 0.34866 ( 2)
  98 R   0.02027 0.96213 0.00028 0.01731 ( 2)
  99 T   0.51290 0.47038 0.00667 0.01006 ( 1)
 100 F   0.14077 0.84539 0.00100 0.01284 ( 2)
 101 S   0.40752 0.57373 0.00627 0.01248 ( 2)
 102 -   0.41626 0.53380 0.02202 0.02791 ( 2)
 103 -   0.41626 0.53380 0.02202 0.02791 ( 2)
 104 G   0.82613 0.16259 0.00840 0.00289 ( 1)
 105 S   0.00681 0.46044 0.34476 0.18799 ( 2)
 106 M   0.91975 0.07254 0.00675 0.00095 ( 1)
 107 T   0.94572 0.03690 0.01643 0.00094 ( 1)
 108 Y   0.99081 0.00044 0.00874 0.00001 ( 1)
 109 D   0.13654 0.82749 0.00395 0.03203 ( 2)
 110 S   0.00354 0.96138 0.00010 0.03499 ( 2)
 111 F   0.98196 0.00035 0.01767 0.00001 ( 1)
 112 K   0.90792 0.07996 0.01043 0.00168 ( 1)
 113 Y   0.97483 0.00272 0.02237 0.00007 ( 1)
 114 L   0.00082 0.97567 0.00002 0.02350 ( 2)
 115 D   0.99270 0.00007 0.00723 0.00000 ( 1)
 116 I   0.00318 0.78142 0.08529 0.13012 ( 2)
 117 F   0.02236 0.87537 0.01700 0.08527 ( 2)
 118 -   0.45028 0.49979 0.02381 0.02613 ( 2)
 119 -   0.45041 0.49966 0.02381 0.02612 ( 2)
 120 -   0.05559 0.89447 0.00309 0.04685 ( 2)
 121 -   0.45878 0.49128 0.02425 0.02568 ( 2)
 122 -   0.45522 0.49484 0.02407 0.02587 ( 2)
 123 -   0.43684 0.51322 0.02310 0.02683 ( 2)
 124 T   0.00391 0.94710 0.00045 0.04854 ( 2)
 125 M   0.00151 0.83057 0.01604 0.15188 ( 2)
 126 P   0.00000 0.80861 0.00000 0.19139 ( 2)
 127 A   0.06840 0.91360 0.00079 0.01720 ( 2)
 128 E   0.05212 0.90403 0.00532 0.03853 ( 2)
 129 D   0.06186 0.92107 0.00055 0.01652 ( 2)
 130 Y   0.00069 0.80268 0.01673 0.17989 ( 2)
 131 T   0.00137 0.97737 0.00002 0.02124 ( 2)
 132 F   0.30505 0.67989 0.00289 0.01217 ( 2)
 133 N   0.00077 0.96568 0.00006 0.03349 ( 2)
 134 L   0.33672 0.64518 0.00401 0.01409 ( 2)
 135 T   0.00332 0.97837 0.00004 0.01826 ( 2)
 136 I   0.22454 0.75438 0.00387 0.01721 ( 2)
 137 D   0.00061 0.98463 0.00001 0.01475 ( 2)
 138 L   0.05787 0.92738 0.00051 0.01424 ( 2)
 139 E   0.00645 0.97242 0.00007 0.02106 ( 2)
 140 S   0.60916 0.38079 0.00387 0.00617 ( 1)
 141 G   0.99126 0.00042 0.00831 0.00001 ( 1)
 142 G   0.99198 0.00046 0.00755 0.00001 ( 1)
 143 A   0.01061 0.94154 0.00362 0.04422 ( 2)
 144 L   0.94131 0.04106 0.01668 0.00095 ( 1)
 145 Y   0.00374 0.95934 0.00013 0.03680 ( 2)
 146 I   0.98049 0.00204 0.01742 0.00005 ( 1)
 147 D   0.98942 0.00049 0.01008 0.00001 ( 1)
 148 K   0.98610 0.00543 0.00837 0.00010 ( 1)
 149 I   0.99067 0.00087 0.00845 0.00002 ( 1)
 150 E   0.99145 0.00013 0.00842 0.00000 ( 1)
 151 F   0.98428 0.00334 0.01231 0.00007 ( 1)
 152 -   0.99113 0.00040 0.00846 0.00001 ( 1)
 153 -   0.41626 0.53380 0.02202 0.02791 ( 2)

