Supplemental results for CODEML (seqf: algn  treef: tree)


dN/dS (w) for site classes (K=4)

site class             0        1       2a       2b
proportion       0.59372  0.38367  0.01373  0.00888
background w     0.11525  1.00000  0.11525  1.00000
foreground w     0.11525  1.00000 999.00000 999.00000

Naive Empirical Bayes (NEB) probabilities for 4 classes
(amino acids refer to 1st sequence: BT_Cry13Aa1)

   1 D   0.98323 0.00106 0.01569 0.00002 ( 1)
   2 Y   0.98793 0.00106 0.01100 0.00001 ( 1)
   3 S   0.00010 0.04454 0.02270 0.93266 ( 4)
   4 S   0.00085 0.01421 0.79299 0.19195 ( 3)
   5 Q   0.98050 0.00360 0.01584 0.00007 ( 1)
   6 I   0.96049 0.02490 0.01415 0.00046 ( 1)
   7 K   0.00697 0.95822 0.00202 0.03280 ( 2)
   8 L   0.44991 0.53429 0.00684 0.00896 ( 2)
   9 E   0.98653 0.00018 0.01328 0.00000 ( 1)
  10 K   0.16825 0.00615 0.82080 0.00480 ( 3)
  11 T   0.99889 0.00092 0.00019 0.00000 ( 1)
  12 R   0.99218 0.00770 0.00012 0.00000 ( 1)
  13 V   0.97153 0.00448 0.02391 0.00008 ( 1)
  14 I   0.94868 0.05051 0.00076 0.00005 ( 1)
  15 F   0.99970 0.00011 0.00019 0.00000 ( 1)
  16 S   0.99620 0.00336 0.00043 0.00000 ( 1)
  17 D   0.99844 0.00042 0.00114 0.00000 ( 1)
  18 M   0.97063 0.02897 0.00039 0.00001 ( 1)
  19 V   0.98648 0.01267 0.00084 0.00001 ( 1)
  20 G   0.99082 0.00878 0.00040 0.00000 ( 1)
  21 Q   0.99604 0.00297 0.00098 0.00000 ( 1)
  22 S   0.94332 0.05553 0.00107 0.00008 ( 1)
  23 E   0.99649 0.00299 0.00052 0.00000 ( 1)
  24 S   0.35065 0.64916 0.00007 0.00013 ( 2)
  25 R   0.05069 0.94901 0.00001 0.00029 ( 2)
  26 D   0.99363 0.00570 0.00067 0.00000 ( 1)
  27 G   0.32516 0.67311 0.00046 0.00127 ( 2)
  28 S   0.03256 0.96594 0.00004 0.00146 ( 2)
  29 V   0.98943 0.01034 0.00023 0.00000 ( 1)
  30 T   0.95545 0.04367 0.00083 0.00005 ( 1)
  31 I   0.99727 0.00232 0.00042 0.00000 ( 1)
  32 K   0.41757 0.58152 0.00034 0.00058 ( 2)
  33 N   0.99852 0.00010 0.00138 0.00000 ( 1)
  34 I   0.98267 0.01717 0.00015 0.00000 ( 1)
  35 F   0.06828 0.93112 0.00004 0.00057 ( 2)
  36 D   0.99933 0.00027 0.00040 0.00000 ( 1)
  37 N   0.04639 0.95315 0.00002 0.00044 ( 2)
  38 -   0.65905 0.33987 0.00065 0.00042 ( 1)
  39 -   0.00230 0.98011 0.00028 0.01731 ( 2)
  40 -   0.28507 0.71448 0.00012 0.00033 ( 2)
  41 -   0.13117 0.86869 0.00002 0.00012 ( 2)
  42 T   0.10764 0.89169 0.00006 0.00061 ( 2)
  43 D   0.00177 0.99762 0.00000 0.00061 ( 2)
  44 S   0.00609 0.99321 0.00000 0.00070 ( 2)
  45 H   0.99267 0.00595 0.00137 0.00001 ( 1)
  46 Q   0.98014 0.01934 0.00051 0.00001 ( 1)
  47 H   0.99925 0.00003 0.00073 0.00000 ( 1)
  48 G   0.00004 0.99935 0.00000 0.00061 ( 2)
  49 S   0.00205 0.98463 0.00023 0.01309 ( 2)
  50 I   0.99914 0.00030 0.00057 0.00000 ( 1)
  51 -   0.79171 0.18568 0.01831 0.00430 ( 1)
  52 -   0.86144 0.11595 0.01993 0.00268 ( 1)
  53 -   0.86144 0.11595 0.01993 0.00268 ( 1)
  54 G   0.98596 0.01289 0.00113 0.00002 ( 1)
  55 L   0.61762 0.38222 0.00009 0.00006 ( 1)
  56 N   0.99927 0.00024 0.00049 0.00000 ( 1)
  57 S   0.94098 0.05881 0.00020 0.00001 ( 1)
  58 I   0.98625 0.01348 0.00027 0.00000 ( 1)
  59 S   0.99815 0.00129 0.00056 0.00000 ( 1)
  60 Y   0.99893 0.00011 0.00096 0.00000 ( 1)
  61 F   0.12759 0.87204 0.00005 0.00033 ( 2)
  62 P   0.20262 0.79648 0.00015 0.00075 ( 2)
  63 D   0.92901 0.07014 0.00078 0.00007 ( 1)
  64 E   0.99885 0.00033 0.00082 0.00000 ( 1)
  65 L   0.98797 0.01192 0.00011 0.00000 ( 1)
  66 Q   0.04993 0.94917 0.00004 0.00086 ( 2)
  67 K   0.33472 0.66502 0.00008 0.00017 ( 2)
  68 A   0.11251 0.85906 0.01650 0.01194 ( 2)
  69 Q   0.99350 0.00598 0.00052 0.00000 ( 1)
  70 L   0.56887 0.43098 0.00008 0.00007 ( 1)
  71 R   0.00007 0.99980 0.00000 0.00013 ( 2)
  72 M   0.72542 0.27399 0.00041 0.00018 ( 1)
  73 Y   0.99879 0.00049 0.00073 0.00000 ( 1)
  74 D   0.97176 0.02783 0.00040 0.00001 ( 1)
  75 Y   0.48213 0.51727 0.00026 0.00034 ( 2)
  76 N   0.00006 0.68341 0.00163 0.31490 ( 2)
  77 H   0.54483 0.45466 0.00026 0.00025 ( 1)
  78 K   0.02345 0.97588 0.00001 0.00066 ( 2)
  79 P   0.00331 0.99483 0.00000 0.00186 ( 2)
  80 Y   0.01239 0.98729 0.00000 0.00032 ( 2)
  81 C   0.33104 0.66795 0.00029 0.00072 ( 2)
  82 T   0.86122 0.13828 0.00043 0.00008 ( 1)
  83 D   0.59372 0.38367 0.01373 0.00888 ( 1)
  84 C   0.59372 0.38367 0.01373 0.00888 ( 1)
  85 F   0.59372 0.38367 0.01373 0.00888 ( 1)
  86 C   0.76726 0.23227 0.00035 0.00012 ( 1)
  87 W   0.97187 0.02717 0.00093 0.00003 ( 1)
  88 P   0.74601 0.25352 0.00034 0.00013 ( 1)
  89 Y   0.99880 0.00023 0.00097 0.00000 ( 1)
  90 G   0.46448 0.51892 0.00779 0.00881 ( 2)
  91 V   0.80707 0.19209 0.00065 0.00019 ( 1)
  92 I   0.99834 0.00087 0.00079 0.00000 ( 1)
  93 L   0.00318 0.98254 0.00039 0.01389 ( 2)
  94 N   0.99737 0.00125 0.00138 0.00000 ( 1)
  95 Y   0.99893 0.00011 0.00096 0.00000 ( 1)
  96 N   0.00131 0.99832 0.00000 0.00036 ( 2)
  97 K   0.25991 0.73954 0.00013 0.00042 ( 2)
  98 N   0.01603 0.96803 0.00171 0.01423 ( 2)
  99 T   0.00086 0.99841 0.00000 0.00072 ( 2)
 100 F   0.99532 0.00372 0.00095 0.00000 ( 1)
 101 R   0.02305 0.97675 0.00000 0.00019 ( 2)
 102 Y   0.99893 0.00011 0.00096 0.00000 ( 1)
 103 G   0.99861 0.00100 0.00040 0.00000 ( 1)
 104 D   0.99877 0.00008 0.00115 0.00000 ( 1)
 105 -   0.77801 0.22156 0.00032 0.00011 ( 1)
 106 N   0.98405 0.01562 0.00033 0.00001 ( 1)
 107 D   0.00245 0.99728 0.00000 0.00027 ( 2)
 108 P   0.99876 0.00107 0.00016 0.00000 ( 1)
 109 G   0.00050 0.97689 0.00001 0.02260 ( 2)
 110 L   0.00043 0.97696 0.00001 0.02260 ( 2)
 111 -   0.59372 0.38367 0.01373 0.00888 ( 1)
 112 S   0.00008 0.99917 0.00000 0.00075 ( 2)
 113 G   0.06212 0.93744 0.00002 0.00042 ( 2)
 114 D   0.04408 0.95547 0.00002 0.00043 ( 2)
 115 V   0.00488 0.99423 0.00000 0.00088 ( 2)
 116 Q   0.02148 0.97820 0.00001 0.00031 ( 2)
 117 L   0.40877 0.59103 0.00008 0.00012 ( 2)
 118 P   0.00599 0.99354 0.00000 0.00047 ( 2)
 119 A   0.91226 0.08759 0.00014 0.00001 ( 1)
 120 P   0.98272 0.01683 0.00045 0.00001 ( 1)
 121 -   0.59372 0.38367 0.01373 0.00888 ( 1)
 122 -   0.59372 0.38367 0.01373 0.00888 ( 1)
 123 -   0.59372 0.38367 0.01373 0.00888 ( 1)
 124 M   0.87551 0.12418 0.00027 0.00004 ( 1)
 125 S   0.03215 0.96600 0.00004 0.00180 ( 2)
 126 V   0.00005 0.99981 0.00000 0.00014 ( 2)
 127 V   0.14378 0.85578 0.00006 0.00038 ( 2)
 128 N   0.99852 0.00010 0.00138 0.00000 ( 1)
 129 A   0.93837 0.06148 0.00014 0.00001 ( 1)
 130 Q   0.03168 0.96771 0.00002 0.00059 ( 2)
 131 T   0.99858 0.00053 0.00089 0.00000 ( 1)
 132 Q   0.99919 0.00029 0.00052 0.00000 ( 1)
 133 T   0.57851 0.42044 0.00056 0.00050 ( 1)
 134 A   0.08023 0.91953 0.00002 0.00022 ( 2)
 135 Q   0.18831 0.81086 0.00013 0.00070 ( 2)
 136 -   0.64025 0.35933 0.00026 0.00016 ( 1)
 137 Y   0.99912 0.00054 0.00034 0.00000 ( 1)
 138 T   0.57783 0.42168 0.00027 0.00022 ( 1)
 139 D   0.99881 0.00006 0.00114 0.00000 ( 1)
 140 G   0.74978 0.24978 0.00032 0.00012 ( 1)
 141 E   0.99939 0.00037 0.00024 0.00000 ( 1)
 142 N   0.05923 0.94011 0.00003 0.00063 ( 2)
 143 I   0.05308 0.94590 0.00004 0.00097 ( 2)
 144 W   0.00022 0.99858 0.00000 0.00120 ( 2)
 145 T   0.11046 0.88764 0.00017 0.00173 ( 2)
 146 D   0.77902 0.22029 0.00051 0.00018 ( 1)
 147 T   0.01214 0.98628 0.00001 0.00157 ( 2)
 148 -   0.02409 0.97551 0.00001 0.00039 ( 2)
 149 -   0.61136 0.37467 0.00883 0.00513 ( 1)
 150 -   0.59372 0.38367 0.01373 0.00888 ( 1)
 151 -   0.59372 0.38367 0.01373 0.00888 ( 1)
 152 -   0.59372 0.38367 0.01373 0.00888 ( 1)
 153 G   0.05404 0.94569 0.00001 0.00026 ( 2)
 154 R   0.00645 0.99319 0.00000 0.00035 ( 2)
 155 S   0.01508 0.98424 0.00001 0.00067 ( 2)
 156 W   0.00005 0.61808 0.00044 0.38142 ( 2)
 157 L   0.01152 0.98835 0.00000 0.00012 ( 2)
 158 C   0.97415 0.02539 0.00044 0.00001 ( 1)
 159 T   0.13230 0.86681 0.00010 0.00079 ( 2)
 160 L   0.98899 0.01044 0.00056 0.00001 ( 1)
 161 R   0.86505 0.13483 0.00011 0.00002 ( 1)
 162 G   0.99769 0.00190 0.00041 0.00000 ( 1)
 163 Y   0.88159 0.11796 0.00039 0.00006 ( 1)
 164 C   0.99949 0.00005 0.00045 0.00000 ( 1)
 165 T   0.99646 0.00289 0.00065 0.00000 ( 1)
 166 T   0.06328 0.93548 0.00007 0.00118 ( 2)
 167 N   0.35167 0.64791 0.00014 0.00028 ( 2)
 168 C   0.44976 0.54980 0.00019 0.00026 ( 2)
 169 F   0.56203 0.41536 0.01300 0.00961 ( 1)
 170 P   0.66072 0.31667 0.01528 0.00733 ( 1)
 171 -   0.77785 0.19954 0.01799 0.00462 ( 1)
 172 -   0.31584 0.66155 0.00731 0.01530 ( 2)
 173 -   0.26013 0.71726 0.00602 0.01659 ( 2)
 174 G   0.81159 0.18794 0.00037 0.00010 ( 1)
 175 R   0.00759 0.99122 0.00001 0.00118 ( 2)
 176 G   0.62397 0.37443 0.00090 0.00070 ( 1)
 177 C   0.13966 0.86018 0.00002 0.00014 ( 2)
 178 Y   0.03370 0.96547 0.00002 0.00081 ( 2)
 179 N   0.00093 0.99893 0.00000 0.00014 ( 2)
 180 N   0.84487 0.15466 0.00038 0.00008 ( 1)
 181 S   0.05592 0.94326 0.00004 0.00079 ( 2)
 182 T   0.24493 0.75409 0.00021 0.00077 ( 2)
 183 G   0.22149 0.77786 0.00012 0.00053 ( 2)
 184 Y   0.97103 0.02840 0.00055 0.00002 ( 1)
 185 G   0.97740 0.02221 0.00038 0.00001 ( 1)
 186 E   0.01530 0.98432 0.00001 0.00038 ( 2)
 187 S   0.99914 0.00020 0.00066 0.00000 ( 1)
 188 C   0.99716 0.00237 0.00047 0.00000 ( 1)
 189 N   0.99850 0.00012 0.00139 0.00000 ( 1)
 190 Q   0.00329 0.97510 0.00038 0.02123 ( 2)
 191 S   0.20647 0.79282 0.00013 0.00058 ( 2)
 192 L   0.97805 0.02154 0.00041 0.00001 ( 1)
 193 P   0.96388 0.03564 0.00046 0.00002 ( 1)
 194 G   0.74126 0.25804 0.00048 0.00021 ( 1)
 195 Q   0.99919 0.00029 0.00052 0.00000 ( 1)
 196 K   0.99953 0.00017 0.00030 0.00000 ( 1)
 197 I   0.99925 0.00018 0.00057 0.00000 ( 1)
 198 H   0.99597 0.00263 0.00140 0.00000 ( 1)
 199 A   0.99917 0.00012 0.00071 0.00000 ( 1)
 200 L   0.90852 0.09129 0.00018 0.00002 ( 1)
 201 Y   0.99893 0.00011 0.00096 0.00000 ( 1)
 202 P   0.98801 0.01154 0.00045 0.00001 ( 1)
 203 F   0.99903 0.00078 0.00019 0.00000 ( 1)
 204 T   0.96512 0.03389 0.00095 0.00004 ( 1)
 205 Q   0.85532 0.14452 0.00013 0.00002 ( 1)
 206 T   0.40600 0.59232 0.00058 0.00111 ( 2)
 207 -   0.98348 0.01610 0.00041 0.00001 ( 1)
 208 N   0.49015 0.42363 0.07838 0.00784 ( 1)
 209 V   0.07080 0.92905 0.00001 0.00014 ( 2)
 210 L   0.00699 0.99275 0.00000 0.00025 ( 2)
 211 G   0.99899 0.00046 0.00055 0.00000 ( 1)
 212 Q   0.07217 0.92709 0.00005 0.00069 ( 2)
 213 S   0.00041 0.99911 0.00000 0.00048 ( 2)
 214 G   0.98613 0.01272 0.00113 0.00002 ( 1)
 215 K   0.99891 0.00011 0.00098 0.00000 ( 1)
 216 L   0.96330 0.03630 0.00038 0.00002 ( 1)
 217 G   0.99897 0.00063 0.00040 0.00000 ( 1)
 218 L   0.55733 0.44258 0.00005 0.00004 ( 1)
 219 L   0.94205 0.05779 0.00015 0.00001 ( 1)
 220 A   0.90562 0.09335 0.00091 0.00012 ( 1)
 221 S   0.18074 0.81901 0.00004 0.00021 ( 2)
 222 H   0.98838 0.01119 0.00043 0.00001 ( 1)
 223 I   0.99845 0.00090 0.00065 0.00000 ( 1)
 224 P   0.98931 0.01052 0.00016 0.00000 ( 1)
 225 Y   0.90255 0.09733 0.00011 0.00001 ( 1)
 226 D   0.98437 0.00130 0.01430 0.00002 ( 1)
 227 L   0.99549 0.00410 0.00040 0.00000 ( 1)
 228 S   0.91253 0.06736 0.01935 0.00076 ( 1)
 229 P   0.99495 0.00471 0.00033 0.00000 ( 1)
 230 N   0.99662 0.00197 0.00140 0.00000 ( 1)
 231 N   0.99812 0.00049 0.00138 0.00000 ( 1)
 232 T   0.00005 0.02025 0.18418 0.79552 ( 4)
 233 I   0.96869 0.03076 0.00052 0.00002 ( 1)
 234 G   0.98727 0.00031 0.01242 0.00000 ( 1)
 235 D   0.65961 0.33951 0.00054 0.00033 ( 1)
 236 K   0.03805 0.96151 0.00002 0.00043 ( 2)
 237 D   0.99846 0.00039 0.00114 0.00000 ( 1)
 238 T   0.29422 0.69541 0.00384 0.00654 ( 2)
 239 D   0.89235 0.08503 0.02138 0.00124 ( 1)
 240 S   0.96946 0.01763 0.01271 0.00020 ( 1)
 241 T   0.00040 0.99054 0.00000 0.00906 ( 2)
 242 N   0.88055 0.11801 0.00122 0.00022 ( 1)
 243 -   0.57771 0.42156 0.00039 0.00034 ( 1)


lnL = -4109.139189

Bayes Empirical Bayes (BEB) probabilities for 4 classes (class)
(amino acids refer to 1st sequence: BT_Cry13Aa1)

   1 D   0.97089 0.00126 0.02781 0.00004 ( 1)
   2 Y   0.96815 0.00128 0.03053 0.00005 ( 1)
   3 S   0.00393 0.55460 0.02511 0.41635 ( 2)
   4 S   0.02150 0.13873 0.73551 0.10426 ( 3)
   5 Q   0.95798 0.00372 0.03814 0.00016 ( 1)
   6 I   0.94826 0.02080 0.03019 0.00074 ( 1)
   7 K   0.02166 0.87112 0.01483 0.09238 ( 2)
   8 L   0.56250 0.39399 0.02480 0.01871 ( 1)
   9 E   0.96434 0.00023 0.03542 0.00001 ( 1)
  10 K   0.43008 0.01083 0.55667 0.00242 ( 3)
  11 T   0.95903 0.00104 0.03988 0.00005 ( 1)
  12 R   0.95432 0.00753 0.03783 0.00031 ( 1)
  13 V   0.96145 0.00480 0.03356 0.00019 ( 1)
  14 I   0.94324 0.03609 0.01978 0.00089 ( 1)
  15 F   0.96576 0.00014 0.03409 0.00001 ( 1)
  16 S   0.96379 0.00349 0.03260 0.00013 ( 1)
  17 D   0.98182 0.00049 0.01768 0.00001 ( 1)
  18 M   0.94515 0.02280 0.03124 0.00081 ( 1)
  19 V   0.96843 0.01069 0.02061 0.00027 ( 1)
  20 G   0.96400 0.00879 0.02694 0.00027 ( 1)
  21 Q   0.97621 0.00277 0.02095 0.00007 ( 1)
  22 S   0.94663 0.03554 0.01704 0.00079 ( 1)
  23 E   0.97110 0.00271 0.02611 0.00008 ( 1)
  24 S   0.48641 0.47310 0.02014 0.02034 ( 1)
  25 R   0.12176 0.84234 0.00431 0.03158 ( 2)
  26 D   0.97650 0.00483 0.01856 0.00011 ( 1)
  27 G   0.50019 0.47991 0.00907 0.01083 ( 1)
  28 S   0.09128 0.88760 0.00163 0.01949 ( 2)
  29 V   0.95523 0.00884 0.03558 0.00035 ( 1)
  30 T   0.94744 0.03144 0.02034 0.00079 ( 1)
  31 I   0.97358 0.00218 0.02418 0.00006 ( 1)
  32 K   0.57237 0.40578 0.01194 0.00991 ( 1)
  33 N   0.98205 0.00016 0.01779 0.00000 ( 1)
  34 I   0.95994 0.01202 0.02766 0.00038 ( 1)
  35 F   0.15564 0.81595 0.00417 0.02424 ( 2)
  36 D   0.97109 0.00033 0.02858 0.00001 ( 1)
  37 N   0.12355 0.84702 0.00346 0.02597 ( 2)
  38 -   0.68043 0.29746 0.01458 0.00753 ( 1)
  39 -   0.00676 0.91176 0.00305 0.07844 ( 2)
  40 -   0.39660 0.57473 0.01102 0.01765 ( 2)
  41 -   0.21052 0.74600 0.00938 0.03410 ( 2)
  42 T   0.21106 0.76543 0.00454 0.01896 ( 2)
  43 D   0.00575 0.96550 0.00015 0.02859 ( 2)
  44 S   0.02068 0.95454 0.00046 0.02432 ( 2)
  45 H   0.97719 0.00499 0.01770 0.00011 ( 1)
  46 Q   0.95834 0.01544 0.02576 0.00046 ( 1)
  47 H   0.98101 0.00004 0.01896 0.00000 ( 1)
  48 G   0.00026 0.97090 0.00001 0.02884 ( 2)
  49 S   0.00655 0.84079 0.00680 0.14586 ( 2)
  50 I   0.97516 0.00036 0.02447 0.00001 ( 1)
  51 -   0.78810 0.16225 0.04110 0.00854 ( 1)
  52 -   0.84718 0.10317 0.04421 0.00544 ( 1)
  53 -   0.84718 0.10317 0.04421 0.00544 ( 1)
  54 G   0.97199 0.01027 0.01751 0.00023 ( 1)
  55 L   0.72404 0.23764 0.02852 0.00980 ( 1)
  56 N   0.97196 0.00031 0.02772 0.00001 ( 1)
  57 S   0.91724 0.04566 0.03526 0.00185 ( 1)
  58 I   0.95425 0.01144 0.03388 0.00043 ( 1)
  59 S   0.97689 0.00123 0.02184 0.00003 ( 1)
  60 Y   0.97873 0.00015 0.02112 0.00000 ( 1)
  61 F   0.25757 0.70601 0.00934 0.02707 ( 2)
  62 P   0.37637 0.60256 0.00726 0.01381 ( 2)
  63 D   0.93172 0.04647 0.02061 0.00120 ( 1)
  64 E   0.97804 0.00040 0.02155 0.00001 ( 1)
  65 L   0.94964 0.01157 0.03831 0.00049 ( 1)
  66 Q   0.11850 0.85982 0.00226 0.01942 ( 2)
  67 K   0.52332 0.44433 0.01691 0.01543 ( 1)
  68 A   0.18811 0.57453 0.16835 0.06901 ( 2)
  69 Q   0.96862 0.00519 0.02604 0.00016 ( 1)
  70 L   0.65583 0.30574 0.02583 0.01260 ( 1)
  71 R   0.00033 0.95819 0.00001 0.04146 ( 2)
  72 M   0.81009 0.16495 0.02028 0.00468 ( 1)
  73 Y   0.98053 0.00051 0.01895 0.00001 ( 1)
  74 D   0.94998 0.02139 0.02795 0.00069 ( 1)
  75 Y   0.66940 0.30859 0.01435 0.00766 ( 1)
  76 N   0.00036 0.67681 0.00470 0.31813 ( 2)
  77 H   0.67265 0.30287 0.01621 0.00827 ( 1)
  78 K   0.06454 0.91168 0.00138 0.02240 ( 2)
  79 P   0.01246 0.96565 0.00023 0.02167 ( 2)
  80 Y   0.03864 0.92456 0.00140 0.03541 ( 2)
  81 C   0.50015 0.47718 0.01070 0.01197 ( 1)
  82 T   0.87405 0.09797 0.02489 0.00308 ( 1)
  83 D   0.61625 0.33411 0.03210 0.01755 ( 1)
  84 C   0.61625 0.33411 0.03210 0.01755 ( 1)
  85 F   0.61625 0.33411 0.03210 0.01755 ( 1)
  86 C   0.84081 0.13613 0.01946 0.00359 ( 1)
  87 W   0.95902 0.01979 0.02069 0.00050 ( 1)
  88 P   0.80393 0.16690 0.02376 0.00541 ( 1)
  89 Y   0.97858 0.00030 0.02112 0.00001 ( 1)
  90 G   0.61806 0.34697 0.02179 0.01318 ( 1)
  91 V   0.86361 0.11542 0.01813 0.00285 ( 1)
  92 I   0.97855 0.00090 0.02053 0.00002 ( 1)
  93 L   0.00974 0.81299 0.01215 0.16512 ( 2)
  94 N   0.98081 0.00139 0.01778 0.00003 ( 1)
  95 Y   0.97873 0.00015 0.02112 0.00000 ( 1)
  96 N   0.00523 0.96396 0.00015 0.03066 ( 2)
  97 K   0.43890 0.53203 0.01245 0.01663 ( 2)
  98 N   0.04559 0.84805 0.02412 0.08225 ( 2)
  99 T   0.00376 0.97027 0.00009 0.02588 ( 2)
 100 F   0.97534 0.00353 0.02104 0.00009 ( 1)
 101 R   0.06127 0.90304 0.00215 0.03354 ( 2)
 102 Y   0.97873 0.00015 0.02112 0.00000 ( 1)
 103 G   0.97171 0.00110 0.02716 0.00003 ( 1)
 104 D   0.98218 0.00012 0.01769 0.00000 ( 1)
 105 -   0.82765 0.14772 0.02051 0.00412 ( 1)
 106 N   0.95126 0.01357 0.03465 0.00052 ( 1)
 107 D   0.00816 0.95845 0.00026 0.03313 ( 2)
 108 P   0.96119 0.00116 0.03761 0.00005 ( 1)
 109 G   0.00210 0.94825 0.00011 0.04954 ( 2)
 110 L   0.00193 0.94842 0.00010 0.04955 ( 2)
 111 -   0.61625 0.33411 0.03210 0.01755 ( 1)
 112 S   0.00044 0.97342 0.00001 0.02613 ( 2)
 113 G   0.14567 0.82512 0.00404 0.02517 ( 2)
 114 D   0.10787 0.86146 0.00316 0.02751 ( 2)
 115 V   0.01977 0.95562 0.00043 0.02418 ( 2)
 116 Q   0.05612 0.90715 0.00203 0.03470 ( 2)
 117 L   0.55905 0.40613 0.01965 0.01517 ( 1)
 118 P   0.02024 0.94513 0.00068 0.03394 ( 2)
 119 A   0.90094 0.05862 0.03788 0.00256 ( 1)
 120 P   0.96422 0.01193 0.02352 0.00033 ( 1)
 121 -   0.61625 0.33411 0.03210 0.01755 ( 1)
 122 -   0.61625 0.33411 0.03210 0.01755 ( 1)
 123 -   0.61625 0.33411 0.03210 0.01755 ( 1)
 124 M   0.88577 0.08150 0.02979 0.00294 ( 1)
 125 S   0.08831 0.89016 0.00158 0.01995 ( 2)
 126 V   0.00027 0.95816 0.00001 0.04156 ( 2)
 127 V   0.25854 0.70797 0.00850 0.02498 ( 2)
 128 N   0.98205 0.00016 0.01779 0.00000 ( 1)
 129 A   0.91170 0.04787 0.03834 0.00209 ( 1)
 130 Q   0.08823 0.88317 0.00238 0.02623 ( 2)
 131 T   0.97833 0.00064 0.02101 0.00002 ( 1)
 132 Q   0.97348 0.00034 0.02617 0.00001 ( 1)
 133 T   0.70525 0.27268 0.01517 0.00689 ( 1)
 134 A   0.17833 0.78874 0.00573 0.02720 ( 2)
 135 Q   0.34586 0.63340 0.00652 0.01422 ( 2)
 136 -   0.65947 0.31252 0.01837 0.00964 ( 1)
 137 Y   0.96421 0.00064 0.03512 0.00002 ( 1)
 138 T   0.70921 0.26383 0.01907 0.00789 ( 1)
 139 D   0.98223 0.00008 0.01769 0.00000 ( 1)
 140 G   0.80014 0.16681 0.02701 0.00605 ( 1)
 141 E   0.96846 0.00044 0.03109 0.00002 ( 1)
 142 N   0.13656 0.83910 0.00303 0.02131 ( 2)
 143 I   0.11351 0.86293 0.00238 0.02118 ( 2)
 144 W   0.00104 0.97446 0.00002 0.02448 ( 2)
 145 T   0.22161 0.75715 0.00408 0.01717 ( 2)
 146 D   0.84488 0.13614 0.01591 0.00307 ( 1)
 147 T   0.03330 0.94506 0.00061 0.02104 ( 2)
 148 -   0.05353 0.91566 0.00157 0.02924 ( 2)
 149 -   0.66773 0.29287 0.02695 0.01245 ( 1)
 150 -   0.61625 0.33411 0.03210 0.01755 ( 1)
 151 -   0.61625 0.33411 0.03210 0.01755 ( 1)
 152 -   0.61625 0.33411 0.03210 0.01755 ( 1)
 153 G   0.11188 0.85093 0.00413 0.03306 ( 2)
 154 R   0.02126 0.94196 0.00077 0.03601 ( 2)
 155 S   0.04202 0.93400 0.00090 0.02308 ( 2)
 156 W   0.00025 0.58270 0.00185 0.41520 ( 2)
 157 L   0.03483 0.92375 0.00146 0.03996 ( 2)
 158 C   0.95935 0.01793 0.02225 0.00047 ( 1)
 159 T   0.27004 0.70867 0.00517 0.01612 ( 2)
 160 L   0.96654 0.00895 0.02425 0.00025 ( 1)
 161 R   0.87103 0.09006 0.03511 0.00379 ( 1)
 162 G   0.97078 0.00203 0.02713 0.00006 ( 1)
 163 Y   0.89168 0.08084 0.02497 0.00251 ( 1)
 164 C   0.97726 0.00007 0.02267 0.00000 ( 1)
 165 T   0.97164 0.00285 0.02543 0.00008 ( 1)
 166 T   0.14749 0.82852 0.00318 0.02082 ( 2)
 167 N   0.50632 0.46534 0.01407 0.01427 ( 1)
 168 C   0.63353 0.33706 0.01857 0.01083 ( 1)
 169 F   0.62246 0.32789 0.03242 0.01722 ( 1)
 170 P   0.70507 0.24528 0.03675 0.01290 ( 1)
 171 -   0.77615 0.17421 0.04048 0.00917 ( 1)
 172 -   0.39622 0.55414 0.02062 0.02903 ( 2)
 173 -   0.33713 0.61322 0.01754 0.03211 ( 2)
 174 G   0.86717 0.10985 0.02008 0.00290 ( 1)
 175 R   0.02658 0.94905 0.00057 0.02379 ( 2)
 176 G   0.76752 0.21356 0.01407 0.00485 ( 1)
 177 C   0.27537 0.68771 0.01018 0.02674 ( 2)
 178 Y   0.09517 0.88339 0.00178 0.01965 ( 2)
 179 N   0.00395 0.95238 0.00018 0.04349 ( 2)
 180 N   0.88539 0.09168 0.02051 0.00242 ( 1)
 181 S   0.14661 0.83211 0.00274 0.01854 ( 2)
 182 T   0.42701 0.54949 0.00942 0.01407 ( 2)
 183 G   0.36190 0.61520 0.00774 0.01516 ( 2)
 184 Y   0.95674 0.02137 0.02134 0.00055 ( 1)
 185 G   0.95758 0.01519 0.02675 0.00047 ( 1)
 186 E   0.04546 0.91771 0.00165 0.03517 ( 2)
 187 S   0.98123 0.00026 0.01851 0.00001 ( 1)
 188 C   0.97481 0.00250 0.02262 0.00007 ( 1)
 189 N   0.98203 0.00017 0.01779 0.00000 ( 1)
 190 Q   0.01069 0.88945 0.00448 0.09537 ( 2)
 191 S   0.34702 0.62796 0.00817 0.01684 ( 2)
 192 L   0.96065 0.01508 0.02385 0.00042 ( 1)
 193 P   0.94748 0.02862 0.02311 0.00079 ( 1)
 194 G   0.84124 0.13976 0.01584 0.00315 ( 1)
 195 Q   0.97348 0.00034 0.02617 0.00001 ( 1)
 196 K   0.97021 0.00022 0.02956 0.00001 ( 1)
 197 I   0.97529 0.00023 0.02448 0.00001 ( 1)
 198 H   0.97954 0.00264 0.01775 0.00006 ( 1)
 199 A   0.97835 0.00015 0.02150 0.00000 ( 1)
 200 L   0.89580 0.06988 0.03168 0.00263 ( 1)
 201 Y   0.97873 0.00015 0.02112 0.00000 ( 1)
 202 P   0.96787 0.00829 0.02361 0.00023 ( 1)
 203 F   0.96503 0.00087 0.03407 0.00003 ( 1)
 204 T   0.95467 0.02422 0.02050 0.00061 ( 1)
 205 Q   0.87881 0.09296 0.02529 0.00293 ( 1)
 206 T   0.58815 0.39227 0.01071 0.00886 ( 1)
 207 -   0.96007 0.01565 0.02384 0.00044 ( 1)
 208 N   0.48731 0.19490 0.29954 0.01825 ( 1)
 209 V   0.14064 0.82350 0.00499 0.03087 ( 2)
 210 L   0.02079 0.94590 0.00067 0.03263 ( 2)
 211 G   0.97838 0.00054 0.02107 0.00001 ( 1)
 212 Q   0.16367 0.80862 0.00425 0.02346 ( 2)
 213 S   0.00189 0.96338 0.00006 0.03466 ( 2)
 214 G   0.97082 0.01144 0.01749 0.00025 ( 1)
 215 K   0.97884 0.00015 0.02101 0.00000 ( 1)
 216 L   0.93922 0.02873 0.03103 0.00102 ( 1)
 217 G   0.97210 0.00071 0.02717 0.00002 ( 1)
 218 L   0.64860 0.30750 0.02953 0.01436 ( 1)
 219 L   0.92763 0.04425 0.02672 0.00140 ( 1)
 220 A   0.91406 0.06439 0.01990 0.00165 ( 1)
 221 S   0.33344 0.63388 0.01073 0.02195 ( 2)
 222 H   0.96672 0.00895 0.02408 0.00025 ( 1)
 223 I   0.97748 0.00088 0.02161 0.00002 ( 1)
 224 P   0.95366 0.00868 0.03731 0.00036 ( 1)
 225 Y   0.89427 0.06684 0.03608 0.00282 ( 1)
 226 D   0.97172 0.00131 0.02692 0.00004 ( 1)
 227 L   0.96376 0.00423 0.03186 0.00015 ( 1)
 228 S   0.79107 0.03551 0.16909 0.00433 ( 1)
 229 P   0.96656 0.00488 0.02840 0.00016 ( 1)
 230 N   0.98026 0.00193 0.01777 0.00004 ( 1)
 231 N   0.98148 0.00072 0.01778 0.00002 ( 1)
 232 T   0.00340 0.40632 0.17904 0.41123 ( 4)
 233 I   0.95573 0.02247 0.02122 0.00058 ( 1)
 234 G   0.96841 0.00038 0.03120 0.00001 ( 1)
 235 D   0.76353 0.21421 0.01678 0.00548 ( 1)
 236 K   0.09117 0.87498 0.00300 0.03085 ( 2)
 237 D   0.98178 0.00053 0.01768 0.00001 ( 1)
 238 T   0.41744 0.54213 0.01691 0.02351 ( 2)
 239 D   0.82673 0.06436 0.10398 0.00492 ( 1)
 240 S   0.94966 0.01553 0.03419 0.00061 ( 1)
 241 T   0.00157 0.87666 0.00024 0.12153 ( 2)
 242 N   0.88555 0.09623 0.01603 0.00219 ( 1)
 243 -   0.64057 0.33664 0.01418 0.00861 ( 1)

