Supplemental results for CODEML (seqf: algn  treef: tree)


dN/dS (w) for site classes (K=4)

site class             0        1       2a       2b
proportion       0.43362  0.49076  0.03547  0.04014
background w     0.05563  0.46005  0.05563  0.46005
foreground w     0.05563  0.46005  9.83391  9.83391

Naive Empirical Bayes (NEB) probabilities for 4 classes
(amino acids refer to 1st sequence: BT_Cry68Aa1)

   1 P   0.21073 0.77845 0.00165 0.00917 ( 2)
   2 V   0.37568 0.61256 0.00351 0.00825 ( 2)
   3 V   0.60434 0.38955 0.00306 0.00305 ( 1)
   4 S   0.04756 0.93749 0.00041 0.01454 ( 2)
   5 Q   0.44989 0.54064 0.00391 0.00556 ( 2)
   6 L   0.84059 0.13857 0.01773 0.00312 ( 1)
   7 S   0.99107 0.00383 0.00507 0.00003 ( 1)
   8 R   0.88110 0.10830 0.00933 0.00127 ( 1)
   9 V   0.23804 0.73022 0.00718 0.02457 ( 2)
  10 I   0.98283 0.01012 0.00694 0.00011 ( 1)
  11 Y   0.98025 0.01461 0.00504 0.00010 ( 1)
  12 T   0.95580 0.03498 0.00879 0.00043 ( 1)
  13 D   0.98362 0.00967 0.00660 0.00011 ( 1)
  14 P   0.93609 0.05623 0.00716 0.00052 ( 1)
  15 V   0.90921 0.08329 0.00653 0.00097 ( 1)
  16 G   0.98746 0.00770 0.00479 0.00005 ( 1)
  17 A   0.45661 0.53790 0.00210 0.00339 ( 2)
  18 I   0.32797 0.66346 0.00231 0.00626 ( 2)
  19 R   0.06987 0.91882 0.00043 0.01088 ( 2)
  20 T   0.03701 0.95744 0.00016 0.00539 ( 2)
  21 D   0.02087 0.95626 0.00052 0.02235 ( 2)
  22 G   0.00083 0.69771 0.02166 0.27979 ( 2)
  23 -   0.43362 0.49076 0.03547 0.04014 ( 2)
  24 -   0.02527 0.95505 0.00046 0.01922 ( 2)
  25 -   0.00021 0.25615 0.02226 0.72138 ( 4)
  26 -   0.00429 0.20016 0.19286 0.60270 ( 4)
  27 R   0.00087 0.72994 0.00191 0.26727 ( 2)
  28 G   0.08096 0.29474 0.42235 0.20195 ( 3)
  29 W   0.73419 0.24346 0.01654 0.00581 ( 1)
  30 F   0.98689 0.00853 0.00453 0.00005 ( 1)
  31 D   0.00195 0.96318 0.00107 0.03380 ( 2)
  32 P   0.72180 0.20258 0.05904 0.01657 ( 1)
  33 P   0.02403 0.90036 0.00197 0.07365 ( 2)
  34 V   0.50387 0.42052 0.04122 0.03440 ( 1)
  35 G   0.00008 0.87764 0.00001 0.12227 ( 2)
  36 T   0.00069 0.90585 0.00011 0.09335 ( 2)
  37 D   0.94543 0.04835 0.00575 0.00048 ( 1)
  38 R   0.44489 0.47950 0.03639 0.03922 ( 2)
  39 I   0.46835 0.45603 0.03831 0.03730 ( 1)
  40 R   0.00200 0.81785 0.00203 0.17811 ( 2)
  41 V   0.93027 0.06293 0.00616 0.00064 ( 1)
  42 N   0.61374 0.37880 0.00373 0.00373 ( 1)
  43 F   0.97712 0.01785 0.00490 0.00013 ( 1)
  44 A   0.00985 0.97810 0.00010 0.01195 ( 2)
  45 S   0.00321 0.97475 0.00006 0.02197 ( 2)
  46 I   0.71427 0.27514 0.00735 0.00324 ( 1)
  47 E   0.97914 0.01520 0.00555 0.00011 ( 1)
  48 N   0.91344 0.07488 0.01082 0.00086 ( 1)
  49 E   0.03316 0.89053 0.02054 0.05576 ( 2)
  50 I   0.98100 0.01163 0.00725 0.00012 ( 1)
  51 P   0.97099 0.02391 0.00494 0.00016 ( 1)
  52 A   0.00319 0.89728 0.00336 0.09617 ( 2)
  53 P   0.86959 0.12255 0.00643 0.00142 ( 1)
  54 T   0.01294 0.71775 0.01698 0.25233 ( 2)
  55 T   0.02943 0.93162 0.00120 0.03774 ( 2)
  56 S   0.33092 0.61855 0.01143 0.03910 ( 2)
  57 R   0.02560 0.66056 0.07060 0.24325 ( 2)
  58 H   0.30864 0.67088 0.00562 0.01485 ( 2)
  59 L   0.86331 0.12330 0.01142 0.00196 ( 1)
  60 S   0.02968 0.91647 0.01106 0.04279 ( 2)
  61 E   0.08707 0.83962 0.03245 0.04086 ( 2)
  62 L   0.04865 0.94326 0.00105 0.00704 ( 2)
  63 T   0.00002 0.52156 0.00158 0.47684 ( 2)
  64 I   0.87440 0.11788 0.00649 0.00124 ( 1)
  65 S   0.43777 0.54403 0.00804 0.01016 ( 2)
  66 S   0.03486 0.95217 0.00032 0.01265 ( 2)
  67 G   0.93245 0.04387 0.02223 0.00146 ( 1)
  68 P   0.05031 0.92231 0.00133 0.02605 ( 2)
  69 L   0.98150 0.01383 0.00458 0.00008 ( 1)
  70 G   0.00822 0.68078 0.09509 0.21591 ( 2)
  71 F   0.15244 0.83552 0.00164 0.01039 ( 2)
  72 G   0.17170 0.82155 0.00089 0.00585 ( 2)
  73 I   0.31797 0.49706 0.15325 0.03173 ( 2)
  74 N   0.08829 0.88614 0.00221 0.02336 ( 2)
  75 P   0.96490 0.02968 0.00521 0.00021 ( 1)
  76 S   0.00023 0.98846 0.00000 0.01130 ( 2)
  77 -   0.08168 0.38905 0.36163 0.16764 ( 2)
  78 -   0.32543 0.66713 0.00189 0.00555 ( 2)
  79 R   0.96513 0.02883 0.00581 0.00023 ( 1)
  80 T   0.72059 0.27078 0.00576 0.00288 ( 1)
  81 H   0.07371 0.86677 0.00400 0.05552 ( 2)
  82 S   0.02110 0.96735 0.00018 0.01136 ( 2)
  83 W   0.73419 0.24346 0.01654 0.00581 ( 1)
  84 Q   0.17738 0.81570 0.00092 0.00600 ( 2)
  85 G   0.93752 0.05648 0.00551 0.00050 ( 1)
  86 N   0.94131 0.05195 0.00609 0.00066 ( 1)
  87 R   0.00569 0.97799 0.00011 0.01620 ( 2)
  88 N   0.94941 0.04398 0.00608 0.00053 ( 1)
  89 V   0.01277 0.66564 0.06783 0.25377 ( 2)
  90 N   0.41148 0.57804 0.00403 0.00645 ( 2)
  91 I   0.00091 0.51038 0.03695 0.45176 ( 2)
  92 S   0.00040 0.71862 0.00113 0.27985 ( 2)
  93 A   0.30848 0.67855 0.00387 0.00909 ( 2)
  94 P   0.00877 0.96713 0.00012 0.02398 ( 2)
  95 T   0.00190 0.79648 0.00310 0.19851 ( 2)
  96 D   0.32612 0.66498 0.00264 0.00626 ( 2)
  97 V   0.00867 0.96665 0.00025 0.02442 ( 2)
  98 -   0.49663 0.42775 0.04062 0.03499 ( 1)
  99 -   0.10391 0.82047 0.00850 0.06711 ( 2)
 100 -   0.46621 0.45818 0.03814 0.03748 ( 1)
 101 -   0.44974 0.47464 0.03679 0.03883 ( 2)
 102 -   0.47087 0.45351 0.03852 0.03710 ( 1)
 103 S   0.30724 0.51843 0.14558 0.02875 ( 2)
 104 G   0.86012 0.11985 0.01743 0.00260 ( 1)
 105 V   0.00241 0.98703 0.00002 0.01054 ( 2)
 106 I   0.00786 0.94398 0.00031 0.04785 ( 2)
 107 S   0.74397 0.24567 0.00719 0.00317 ( 1)
 108 N   0.08311 0.90679 0.00051 0.00959 ( 2)
 109 R   0.00043 0.98799 0.00000 0.01158 ( 2)
 110 T   0.00237 0.85741 0.00267 0.13755 ( 2)
 111 Q   0.10042 0.89034 0.00081 0.00842 ( 2)
 112 T   0.78721 0.17374 0.03006 0.00899 ( 1)
 113 I   0.93768 0.05509 0.00661 0.00061 ( 1)
 114 P   0.01497 0.73477 0.02784 0.22242 ( 2)
 115 A   0.84146 0.15305 0.00435 0.00115 ( 1)
 116 R   0.05685 0.92218 0.00115 0.01982 ( 2)
 117 N   0.71110 0.27632 0.00729 0.00529 ( 1)
 118 I   0.97689 0.00855 0.01437 0.00019 ( 1)
 119 F   0.93210 0.04816 0.01854 0.00119 ( 1)
 120 R   0.97683 0.01719 0.00585 0.00013 ( 1)
 121 V   0.18225 0.80347 0.00211 0.01217 ( 2)
 122 N   0.72506 0.26912 0.00369 0.00212 ( 1)
 123 S   0.92484 0.06292 0.01132 0.00092 ( 1)
 124 R   0.02981 0.94889 0.00059 0.02072 ( 2)
 125 V   0.93287 0.06032 0.00619 0.00062 ( 1)
 126 Y   0.00100 0.12222 0.32264 0.55414 ( 4)
 127 T   0.91568 0.07797 0.00557 0.00078 ( 1)
 128 L   0.90956 0.07878 0.01061 0.00105 ( 1)
 129 D   0.95974 0.03403 0.00589 0.00034 ( 1)
 130 W   0.00030 0.98579 0.00000 0.01391 ( 2)
 131 R   0.47685 0.51265 0.00403 0.00647 ( 2)
 132 L   0.01166 0.96750 0.00022 0.02061 ( 2)
 133 Y   0.41213 0.57918 0.00284 0.00585 ( 2)
 134 G   0.96405 0.02947 0.00625 0.00024 ( 1)
 135 V   0.98339 0.01040 0.00611 0.00009 ( 1)
 136 Y   0.04268 0.89558 0.01610 0.04564 ( 2)
 137 R   0.79133 0.20193 0.00503 0.00170 ( 1)
 138 A   0.98493 0.00847 0.00652 0.00008 ( 1)
 139 E   0.41664 0.57616 0.00238 0.00482 ( 2)
 140 F   0.98689 0.00853 0.00453 0.00005 ( 1)
 141 F   0.31239 0.57279 0.08911 0.02571 ( 2)
 142 Q   0.82377 0.17175 0.00350 0.00098 ( 1)
 143 D   0.00950 0.97294 0.00010 0.01745 ( 2)
 144 A   0.49512 0.49665 0.00327 0.00496 ( 2)
 145 S   0.94546 0.04931 0.00484 0.00039 ( 1)
 146 Q   0.62359 0.36786 0.00505 0.00349 ( 1)
 147 N   0.03435 0.93018 0.00120 0.03427 ( 2)
 148 S   0.96840 0.02464 0.00671 0.00025 ( 1)
 149 Q   0.15019 0.83295 0.00197 0.01488 ( 2)
 150 I   0.00005 0.99190 0.00000 0.00805 ( 2)
 151 R   0.00782 0.95460 0.00027 0.03731 ( 2)
 152 V   0.47843 0.14049 0.36544 0.01564 ( 1)
 153 F   0.57808 0.41574 0.00313 0.00305 ( 1)
 154 A   0.00039 0.83883 0.00057 0.16020 ( 2)
 155 E   0.02489 0.96679 0.00017 0.00815 ( 2)
 156 N   0.06999 0.92331 0.00032 0.00638 ( 2)
 157 P   0.06915 0.85295 0.03062 0.04728 ( 2)
 158 P   0.00034 0.08100 0.48202 0.43663 ( 3)
 159 T   0.75471 0.23543 0.00692 0.00294 ( 1)
 160 G   0.13476 0.79491 0.03175 0.03857 ( 2)
 161 A   0.01505 0.96468 0.00028 0.02000 ( 2)
 162 -   0.00213 0.44221 0.11804 0.43762 ( 2)
 163 -   0.01801 0.41109 0.46202 0.10888 ( 3)
 164 G   0.02514 0.51221 0.12886 0.33379 ( 2)
 165 A   0.03961 0.80837 0.03657 0.11544 ( 2)
 166 Q   0.00030 0.98010 0.00000 0.01960 ( 2)
 167 S   0.00060 0.87900 0.00055 0.11985 ( 2)
 168 A   0.00011 0.90936 0.00008 0.09046 ( 2)
 169 N   0.98679 0.00713 0.00601 0.00007 ( 1)
 170 N   0.01598 0.94778 0.00028 0.03596 ( 2)
 171 F   0.00043 0.98681 0.00001 0.01276 ( 2)
 172 R   0.58123 0.40620 0.00645 0.00612 ( 1)
 173 F   0.90711 0.08806 0.00420 0.00064 ( 1)
 174 L   0.01279 0.72642 0.03090 0.22990 ( 2)
 175 P   0.92564 0.05009 0.02294 0.00132 ( 1)
 176 G   0.96405 0.02947 0.00625 0.00024 ( 1)
 177 E   0.97914 0.01520 0.00555 0.00011 ( 1)
 178 N   0.67148 0.32129 0.00408 0.00315 ( 1)
 179 S   0.81688 0.16024 0.01872 0.00416 ( 1)
 180 D   0.00019 0.95633 0.00003 0.04345 ( 2)
 181 T   0.80927 0.18249 0.00625 0.00199 ( 1)
 182 P   0.95585 0.03651 0.00730 0.00034 ( 1)
 183 T   0.97775 0.01319 0.00889 0.00017 ( 1)
 184 P   0.92979 0.06252 0.00712 0.00058 ( 1)
 185 Q   0.02130 0.96906 0.00017 0.00947 ( 2)
 186 D   0.98477 0.00975 0.00540 0.00008 ( 1)
 187 Y   0.98025 0.01461 0.00504 0.00010 ( 1)
 188 T   0.98253 0.00947 0.00789 0.00012 ( 1)
 189 H   0.97629 0.01943 0.00417 0.00011 ( 1)
 190 L   0.05131 0.93739 0.00039 0.01091 ( 2)
 191 L   0.90176 0.08798 0.00924 0.00103 ( 1)
 192 S   0.98267 0.01192 0.00530 0.00010 ( 1)
 193 R   0.02568 0.87878 0.00465 0.09090 ( 2)
 194 V   0.00508 0.91693 0.00295 0.07504 ( 2)
 195 V   0.00589 0.90378 0.00465 0.08568 ( 2)
 196 N   0.98959 0.00436 0.00601 0.00004 ( 1)
 197 A   0.00344 0.96886 0.00043 0.02728 ( 2)
 198 T   0.84378 0.13784 0.01423 0.00415 ( 1)
 199 V   0.73059 0.26251 0.00474 0.00216 ( 1)
 200 G   0.96493 0.02857 0.00627 0.00023 ( 1)
 201 L   0.98150 0.01383 0.00458 0.00008 ( 1)
 202 T   0.05931 0.92377 0.00094 0.01598 ( 2)
 203 P   0.54107 0.45028 0.00438 0.00427 ( 1)
 204 A   0.30073 0.68294 0.00329 0.01303 ( 2)
 205 T   0.04334 0.93243 0.00093 0.02331 ( 2)
 206 G   0.00030 0.98069 0.00000 0.01901 ( 2)
 207 N   0.00060 0.23366 0.28301 0.48273 ( 4)
 208 Q   0.56914 0.42578 0.00256 0.00252 ( 1)
 209 R   0.97827 0.01744 0.00420 0.00009 ( 1)
 210 N   0.07601 0.91631 0.00043 0.00725 ( 2)
 211 S   0.98072 0.01368 0.00549 0.00010 ( 1)
 212 V   0.19003 0.79844 0.00197 0.00956 ( 2)
 213 L   0.61618 0.37473 0.00497 0.00413 ( 1)
 214 I   0.02505 0.77757 0.03687 0.16051 ( 2)
 215 F   0.02988 0.75261 0.05892 0.15859 ( 2)
 216 G   0.98746 0.00770 0.00479 0.00005 ( 1)
 217 W   0.73419 0.24346 0.01654 0.00581 ( 1)
 218 K   0.83556 0.15487 0.00766 0.00191 ( 1)
 219 H   0.98576 0.01000 0.00419 0.00006 ( 1)
 220 K   0.86872 0.12015 0.00907 0.00206 ( 1)


lnL = -3293.696936

