Supplemental results for CODEML (seqf: algn  treef: tree)


dN/dS (w) for site classes (K=4)

site class             0        1       2a       2b
proportion       0.47444  0.48372  0.02072  0.02112
background w     0.07253  1.00000  0.07253  1.00000
foreground w     0.07253  1.00000  1.00000  1.00000

Naive Empirical Bayes (NEB) probabilities for 4 classes
(amino acids refer to 1st sequence: BT_Cry32Da1)

   1 I   0.47444 0.48372 0.02072 0.02112 ( 2)
   2 S   0.02873 0.92943 0.00125 0.04058 ( 2)
   3 I   0.01242 0.94574 0.00054 0.04130 ( 2)
   4 D   0.98596 0.00600 0.00777 0.00026 ( 1)
   5 K   0.93610 0.04883 0.01293 0.00213 ( 1)
   6 I   0.99135 0.00064 0.00798 0.00003 ( 1)
   7 T   0.96127 0.01838 0.01954 0.00080 ( 1)
   8 Q   0.95082 0.03522 0.01243 0.00154 ( 1)
   9 I   0.98483 0.00073 0.01440 0.00003 ( 1)
  10 P   0.97652 0.00317 0.02017 0.00014 ( 1)
  11 A   0.98898 0.00128 0.00968 0.00006 ( 1)
  12 V   0.97704 0.00704 0.01561 0.00031 ( 1)
  13 K   0.98315 0.00312 0.01360 0.00014 ( 1)
  14 A   0.32398 0.55500 0.09678 0.02423 ( 2)
  15 F   0.00001 0.95809 0.00006 0.04183 ( 2)
  16 F   0.00000 0.95816 0.00000 0.04184 ( 2)
  17 I   0.02153 0.93410 0.00358 0.04079 ( 2)
  18 D   0.00001 0.95797 0.00019 0.04183 ( 2)
  19 D   0.00017 0.95792 0.00009 0.04183 ( 2)
  20 N   0.55467 0.40349 0.02422 0.01762 ( 1)
  21 H   0.47444 0.48372 0.02072 0.02112 ( 2)
  22 V   0.36754 0.53811 0.07086 0.02350 ( 2)
  23 K   0.01957 0.93523 0.00436 0.04084 ( 2)
  24 V   0.98779 0.00226 0.00984 0.00010 ( 1)
  25 I   0.97939 0.01111 0.00902 0.00048 ( 1)
  26 K   0.96623 0.02303 0.00973 0.00101 ( 1)
  27 G   0.98781 0.00145 0.01068 0.00006 ( 1)
  28 P   0.98999 0.00056 0.00942 0.00002 ( 1)
  29 G   0.99012 0.00055 0.00931 0.00002 ( 1)
  30 S   0.87332 0.11014 0.01174 0.00481 ( 1)
  31 T   0.99055 0.00077 0.00864 0.00003 ( 1)
  32 G   0.99198 0.00069 0.00730 0.00003 ( 1)
  33 G   0.98681 0.00180 0.01132 0.00008 ( 1)
  34 D   0.93219 0.00184 0.06589 0.00008 ( 1)
  35 L   0.98393 0.00288 0.01306 0.00013 ( 1)
  36 V   0.86939 0.03579 0.09326 0.00156 ( 1)
  37 A   0.01645 0.94179 0.00064 0.04112 ( 2)
  38 F   0.19902 0.73504 0.03384 0.03210 ( 2)
  39 S   0.02946 0.07107 0.89637 0.00310 ( 3)
  40 R   0.00001 0.95815 0.00000 0.04184 ( 2)
  41 E   0.00001 0.95815 0.00000 0.04184 ( 2)
  42 G   0.00063 0.95747 0.00009 0.04181 ( 2)
  43 -   0.09360 0.86456 0.00409 0.03775 ( 2)
  44 -   0.86552 0.09265 0.03779 0.00405 ( 1)
  45 -   0.47444 0.48372 0.02072 0.02112 ( 2)
  46 Y   0.00080 0.95728 0.00012 0.04180 ( 2)
  47 G   0.00000 0.95816 0.00000 0.04184 ( 2)
  48 L   0.88583 0.10287 0.00681 0.00449 ( 1)
  49 S   0.00075 0.95662 0.00086 0.04177 ( 2)
  50 I   0.61534 0.35861 0.01039 0.01566 ( 1)
  51 S   0.00035 0.95580 0.00212 0.04173 ( 2)
  52 V   0.02514 0.91820 0.01657 0.04009 ( 2)
  53 F   0.03626 0.91473 0.00906 0.03994 ( 2)
  54 I   0.01730 0.93941 0.00227 0.04102 ( 2)
  55 P   0.97839 0.00452 0.01689 0.00020 ( 1)
  56 G   0.00250 0.95545 0.00033 0.04172 ( 2)
  57 S   0.01200 0.91632 0.03166 0.04001 ( 2)
  58 D   0.00019 0.95796 0.00002 0.04183 ( 2)
  59 L   0.00000 0.95816 0.00000 0.04184 ( 2)
  60 V   0.72526 0.23290 0.03167 0.01017 ( 1)
  61 S   0.47444 0.48372 0.02072 0.02112 ( 2)
  62 F   0.00021 0.95785 0.00012 0.04182 ( 2)
  63 Y   0.99045 0.00051 0.00901 0.00002 ( 1)
  64 R   0.79271 0.18926 0.00977 0.00826 ( 1)
  65 V   0.96517 0.02518 0.00855 0.00110 ( 1)
  66 R   0.99102 0.00086 0.00809 0.00004 ( 1)
  67 I   0.99241 0.00042 0.00715 0.00002 ( 1)
  68 R   0.98616 0.00162 0.01215 0.00007 ( 1)
  69 Y   0.99045 0.00051 0.00901 0.00002 ( 1)
  70 A   0.98794 0.00300 0.00893 0.00013 ( 1)
  71 S   0.99471 0.00006 0.00523 0.00000 ( 1)
  72 S   0.98964 0.00273 0.00751 0.00012 ( 1)
  73 Q   0.00164 0.95656 0.00004 0.04177 ( 2)
  74 S   0.00011 0.95805 0.00001 0.04183 ( 2)
  75 A   0.06105 0.88580 0.01447 0.03868 ( 2)
  76 K   0.00073 0.95734 0.00013 0.04180 ( 2)
  77 V   0.09850 0.85220 0.01209 0.03721 ( 2)
  78 T   0.00000 0.95816 0.00000 0.04184 ( 2)
  79 M   0.89635 0.09102 0.00866 0.00397 ( 1)
  80 G   0.00064 0.95746 0.00009 0.04181 ( 2)
  81 F   0.01986 0.93306 0.00634 0.04074 ( 2)
  82 G   0.00001 0.95804 0.00012 0.04183 ( 2)
  83 G   0.97264 0.00772 0.01931 0.00034 ( 1)
  84 G   0.00829 0.94988 0.00036 0.04148 ( 2)
  85 V   0.14621 0.81196 0.00638 0.03545 ( 2)
  86 E   0.00009 0.95550 0.00269 0.04172 ( 2)
  87 E   0.00003 0.95755 0.00060 0.04181 ( 2)
  88 S   0.00029 0.95785 0.00004 0.04182 ( 2)
  89 E   0.00006 0.95781 0.00030 0.04182 ( 2)
  90 S   0.01461 0.93836 0.00606 0.04097 ( 2)
  91 K   0.00768 0.95064 0.00017 0.04151 ( 2)
  92 F   0.99344 0.00013 0.00642 0.00001 ( 1)
  93 N   0.47556 0.49887 0.00379 0.02178 ( 2)
  94 F   0.69843 0.27438 0.01521 0.01198 ( 1)
  95 P   0.98604 0.00174 0.01214 0.00008 ( 1)
  96 A   0.98911 0.00086 0.00999 0.00004 ( 1)
  97 T   0.97309 0.00689 0.01972 0.00030 ( 1)
  98 Y   0.88128 0.10812 0.00588 0.00472 ( 1)
  99 S   0.64380 0.19645 0.15117 0.00858 ( 1)
 100 G   0.99366 0.00133 0.00496 0.00006 ( 1)
 101 -   0.03494 0.92417 0.00053 0.04035 ( 2)
 102 G   0.09505 0.86578 0.00136 0.03780 ( 2)
 103 N   0.92106 0.00162 0.07725 0.00007 ( 1)
 104 L   0.94639 0.02823 0.02414 0.00123 ( 1)
 105 T   0.96255 0.02590 0.01042 0.00113 ( 1)
 106 Y   0.99001 0.00094 0.00901 0.00004 ( 1)
 107 N   0.99343 0.00172 0.00478 0.00008 ( 1)
 108 S   0.65810 0.25471 0.07606 0.01112 ( 1)
 109 F   0.99344 0.00013 0.00642 0.00001 ( 1)
 110 G   0.26760 0.61431 0.09127 0.02682 ( 2)
 111 Y   0.95920 0.01527 0.02486 0.00067 ( 1)
 112 I   0.94082 0.04300 0.01430 0.00188 ( 1)
 113 N   0.63495 0.34670 0.00321 0.01514 ( 1)
 114 T   0.97601 0.00473 0.01906 0.00021 ( 1)
 115 L   0.00036 0.95750 0.00033 0.04181 ( 2)
 116 A   0.69266 0.28867 0.00607 0.01260 ( 1)
 117 I   0.32275 0.61679 0.03353 0.02693 ( 2)
 118 A   0.00060 0.95758 0.00001 0.04181 ( 2)
 119 S   0.00045 0.95649 0.00129 0.04177 ( 2)
 120 Q   0.00000 0.95808 0.00009 0.04183 ( 2)
 121 S   0.00002 0.95808 0.00007 0.04183 ( 2)
 122 T   0.00000 0.95816 0.00000 0.04184 ( 2)
 123 -   0.00074 0.95432 0.00327 0.04167 ( 2)
 124 -   0.10504 0.62140 0.24642 0.02713 ( 2)
 125 -   0.00120 0.95668 0.00034 0.04177 ( 2)
 126 -   0.47444 0.48372 0.02072 0.02112 ( 2)
 127 -   0.77549 0.20254 0.01313 0.00884 ( 1)
 128 A   0.00000 0.95814 0.00002 0.04184 ( 2)
 129 Q   0.14122 0.79475 0.02933 0.03470 ( 2)
 130 T   0.00000 0.95815 0.00001 0.04184 ( 2)
 131 I   0.75400 0.15138 0.08801 0.00661 ( 1)
 132 E   0.00119 0.95526 0.00184 0.04171 ( 2)
 133 V   0.04567 0.91398 0.00044 0.03991 ( 2)
 134 Y   0.00000 0.95785 0.00032 0.04182 ( 2)
 135 F   0.02046 0.93587 0.00281 0.04086 ( 2)
 136 R   0.00527 0.95308 0.00003 0.04162 ( 2)
 137 Q   0.00000 0.95812 0.00004 0.04184 ( 2)
 138 Y   0.00125 0.95694 0.00003 0.04178 ( 2)
 139 E   0.00001 0.95806 0.00010 0.04183 ( 2)
 140 -   0.36132 0.58500 0.02813 0.02554 ( 2)
 141 E   0.49438 0.47722 0.00756 0.02084 ( 1)
 142 A   0.22147 0.71900 0.02814 0.03140 ( 2)
 143 E   0.01423 0.94429 0.00024 0.04123 ( 2)
 144 F   0.92641 0.05267 0.01862 0.00230 ( 1)
 145 I   0.97301 0.00835 0.01827 0.00036 ( 1)
 146 V   0.00708 0.94940 0.00206 0.04146 ( 2)
 147 D   0.99483 0.00015 0.00502 0.00001 ( 1)
 148 K   0.99301 0.00023 0.00675 0.00001 ( 1)
 149 L   0.90115 0.07853 0.01689 0.00343 ( 1)
 150 E   0.99264 0.00025 0.00710 0.00001 ( 1)
 151 F   0.98756 0.00347 0.00883 0.00015 ( 1)
 152 I   0.99135 0.00064 0.00798 0.00003 ( 1)
 153 -   0.47444 0.48372 0.02072 0.02112 ( 2)


lnL = -2533.378075

