Supplemental results for CODEML (seqf: algn  treef: tree)


dN/dS (w) for site classes (K=4)

site class             0        1       2a       2b
proportion       0.58211  0.38630  0.01898  0.01260
background w     0.08111  0.35431  0.08111  0.35431
foreground w     0.08111  0.35431 15.37293 15.37293

Naive Empirical Bayes (NEB) probabilities for 4 classes
(amino acids refer to 1st sequence: BT_Cry1A-like)

   1 E   0.49222 0.50464 0.00148 0.00166 ( 2)
   2 F   0.98675 0.00981 0.00340 0.00004 ( 1)
   3 V   0.72804 0.26663 0.00383 0.00150 ( 1)
   4 P   0.77968 0.21518 0.00400 0.00115 ( 1)
   5 G   0.39251 0.59268 0.00578 0.00903 ( 2)
   6 A   0.70973 0.28563 0.00326 0.00138 ( 1)
   7 G   0.85284 0.13784 0.00796 0.00136 ( 1)
   8 F   0.88707 0.10947 0.00306 0.00041 ( 1)
   9 V   0.05248 0.94183 0.00027 0.00542 ( 2)
  10 L   0.18299 0.81144 0.00096 0.00461 ( 2)
  11 G   0.97686 0.01735 0.00567 0.00012 ( 1)
  12 L   0.93897 0.05448 0.00617 0.00037 ( 1)
  13 V   0.01402 0.97144 0.00020 0.01433 ( 2)
  14 D   0.70697 0.28891 0.00286 0.00126 ( 1)
  15 I   0.02278 0.97042 0.00015 0.00665 ( 2)
  16 I   0.96922 0.02667 0.00399 0.00012 ( 1)
  17 W   0.83915 0.14766 0.01119 0.00200 ( 1)
  18 G   0.85005 0.13818 0.01009 0.00167 ( 1)
  19 I   0.16108 0.83525 0.00056 0.00311 ( 2)
  20 F   0.12849 0.17644 0.55790 0.13717 ( 3)
  21 G   0.72457 0.26403 0.00829 0.00311 ( 1)
  22 P   0.39810 0.59027 0.00444 0.00719 ( 2)
  23 S   0.55328 0.43150 0.00849 0.00672 ( 1)
  24 Q   0.56296 0.43129 0.00320 0.00255 ( 1)
  25 W   0.55480 0.43195 0.00740 0.00586 ( 1)
  26 -   0.58211 0.38630 0.01898 0.01260 ( 1)
  27 D   0.54207 0.05212 0.39717 0.00864 ( 1)
  28 A   0.13838 0.85745 0.00054 0.00363 ( 2)
  29 F   0.99087 0.00570 0.00341 0.00002 ( 1)
  30 L   0.90041 0.09303 0.00592 0.00064 ( 1)
  31 V   0.10546 0.89077 0.00037 0.00339 ( 2)
  32 Q   0.95802 0.03508 0.00664 0.00026 ( 1)
  33 I   0.95797 0.02951 0.01212 0.00040 ( 1)
  34 E   0.97727 0.01477 0.00784 0.00012 ( 1)
  35 Q   0.69859 0.29569 0.00397 0.00175 ( 1)
  36 L   0.93251 0.05727 0.00962 0.00060 ( 1)
  37 I   0.99031 0.00582 0.00385 0.00002 ( 1)
  38 N   0.04237 0.91943 0.00575 0.03245 ( 2)
  39 Q   0.95730 0.03704 0.00544 0.00022 ( 1)
  40 R   0.92780 0.06817 0.00374 0.00029 ( 1)
  41 I   0.98878 0.00711 0.00408 0.00003 ( 1)
  42 -   0.58211 0.38630 0.01898 0.01260 ( 1)
  43 E   0.92316 0.06948 0.00678 0.00058 ( 1)
  44 N   0.86291 0.13302 0.00349 0.00058 ( 1)
  45 S   0.16940 0.82693 0.00059 0.00308 ( 2)
  46 L   0.57856 0.41782 0.00204 0.00158 ( 1)
  47 G   0.75552 0.23521 0.00703 0.00224 ( 1)
  48 T   0.82136 0.17037 0.00681 0.00145 ( 1)
  49 K   0.14977 0.84428 0.00087 0.00508 ( 2)
  50 P   0.86761 0.12826 0.00358 0.00056 ( 1)
  51 F   0.97151 0.02461 0.00378 0.00010 ( 1)
  52 L   0.58211 0.38630 0.01898 0.01260 ( 1)
  53 D   0.58211 0.38630 0.01898 0.01260 ( 1)
  54 W   0.58211 0.38630 0.01898 0.01260 ( 1)
  55 K   0.02209 0.97387 0.00009 0.00396 ( 2)
  56 A   0.13477 0.86104 0.00054 0.00365 ( 2)
  57 K   0.46664 0.52663 0.00309 0.00364 ( 2)
  58 Q   0.79886 0.19700 0.00327 0.00087 ( 1)
  59 -   0.58211 0.38630 0.01898 0.01260 ( 1)
  60 S   0.56021 0.43509 0.00259 0.00212 ( 1)
  61 L   0.35032 0.64272 0.00239 0.00456 ( 2)
  62 S   0.01332 0.97620 0.00014 0.01034 ( 2)
  63 N   0.58508 0.41184 0.00175 0.00133 ( 1)
  64 L   0.00380 0.00646 0.91087 0.07887 ( 3)
  65 R   0.68017 0.31556 0.00286 0.00141 ( 1)
  66 R   0.00108 0.98798 0.00001 0.01093 ( 2)
  67 I   0.40155 0.42416 0.13860 0.03568 ( 2)
  68 -   0.91538 0.08040 0.00386 0.00036 ( 1)
  69 -   0.10978 0.88573 0.00046 0.00402 ( 2)
  70 -   0.00433 0.99094 0.00002 0.00471 ( 2)
  71 -   0.13342 0.37202 0.30292 0.19163 ( 2)
  72 F   0.99166 0.00491 0.00342 0.00002 ( 1)
  73 R   0.05275 0.93072 0.00088 0.01566 ( 2)
  74 E   0.00982 0.97788 0.00012 0.01218 ( 2)
  75 W   0.83915 0.14766 0.01119 0.00200 ( 1)
  76 E   0.98751 0.00841 0.00405 0.00004 ( 1)
  77 A   0.00062 0.33879 0.01999 0.64061 ( 4)
  78 D   0.91369 0.08298 0.00303 0.00030 ( 1)
  79 P   0.96313 0.02251 0.01402 0.00033 ( 1)
  80 T   0.51343 0.48203 0.00229 0.00225 ( 1)
  81 N   0.97707 0.01994 0.00292 0.00006 ( 1)
  82 P   0.96935 0.02662 0.00392 0.00011 ( 1)
  83 A   0.92640 0.06947 0.00382 0.00030 ( 1)
  84 L   0.94667 0.04306 0.00981 0.00046 ( 1)
  85 R   0.09983 0.89594 0.00040 0.00383 ( 2)
  86 E   0.96426 0.03170 0.00390 0.00014 ( 1)
  87 E   0.81593 0.17680 0.00594 0.00133 ( 1)
  88 M   0.88191 0.11501 0.00270 0.00037 ( 1)
  89 R   0.97304 0.02274 0.00412 0.00010 ( 1)
  90 I   0.46104 0.52421 0.00659 0.00816 ( 2)
  91 Q   0.95727 0.03707 0.00544 0.00022 ( 1)
  92 F   0.97382 0.02273 0.00336 0.00008 ( 1)
  93 N   0.96234 0.03467 0.00288 0.00011 ( 1)
  94 A   0.04128 0.55824 0.09710 0.30338 ( 2)
  95 R   0.47786 0.51901 0.00146 0.00168 ( 2)
  96 T   0.23089 0.76592 0.00069 0.00250 ( 2)
  97 S   0.95794 0.03933 0.00262 0.00011 ( 1)
  98 A   0.07038 0.92587 0.00025 0.00350 ( 2)
  99 L   0.89834 0.08716 0.01320 0.00130 ( 1)
 100 T   0.12919 0.86640 0.00053 0.00388 ( 2)
 101 T   0.10686 0.69575 0.07883 0.11856 ( 2)
 102 A   0.81675 0.17968 0.00289 0.00068 ( 1)
 103 I   0.98996 0.00617 0.00385 0.00003 ( 1)
 104 P   0.89465 0.10130 0.00362 0.00043 ( 1)
 105 L   0.93556 0.06075 0.00345 0.00024 ( 1)
 106 F   0.04959 0.94305 0.00036 0.00701 ( 2)
 107 A   0.02460 0.97116 0.00010 0.00414 ( 2)
 108 V   0.96817 0.02712 0.00458 0.00014 ( 1)
 109 Q   0.77007 0.22535 0.00347 0.00111 ( 1)
 110 N   0.49806 0.49884 0.00149 0.00161 ( 2)
 111 Y   0.94292 0.05288 0.00397 0.00024 ( 1)
 112 Q   0.09235 0.90334 0.00037 0.00394 ( 2)
 113 V   0.94771 0.04676 0.00525 0.00028 ( 1)
 114 P   0.53910 0.45726 0.00191 0.00174 ( 1)
 115 L   0.89463 0.10167 0.00330 0.00040 ( 1)
 116 L   0.94924 0.04422 0.00623 0.00030 ( 1)
 117 S   0.42027 0.56896 0.00441 0.00636 ( 2)
 118 V   0.98119 0.01405 0.00469 0.00007 ( 1)
 119 Y   0.94292 0.05288 0.00397 0.00024 ( 1)
 120 V   0.95557 0.03971 0.00452 0.00020 ( 1)
 121 Q   0.54240 0.44544 0.00662 0.00554 ( 1)
 122 A   0.82674 0.16908 0.00343 0.00074 ( 1)
 123 A   0.46082 0.53495 0.00190 0.00234 ( 2)
 124 N   0.65165 0.34523 0.00198 0.00114 ( 1)
 125 L   0.78894 0.20448 0.00518 0.00140 ( 1)
 126 M   0.43946 0.54955 0.00483 0.00616 ( 2)
 127 F   0.17196 0.82027 0.00131 0.00646 ( 2)
 128 S   0.94095 0.05520 0.00362 0.00022 ( 1)
 129 T   0.02674 0.96162 0.00031 0.01133 ( 2)
 130 -   0.12268 0.87054 0.00081 0.00597 ( 2)
 131 -   0.59519 0.40068 0.00241 0.00171 ( 1)
 132 -   0.94847 0.04821 0.00315 0.00017 ( 1)
 133 -   0.79479 0.20043 0.00376 0.00102 ( 1)
 134 -   0.00750 0.98518 0.00005 0.00727 ( 2)
 135 -   0.45396 0.54113 0.00215 0.00276 ( 2)
 136 -   0.17020 0.28117 0.39677 0.15186 ( 3)
 137 -   0.96312 0.03344 0.00332 0.00012 ( 1)
 138 -   0.15105 0.83669 0.00184 0.01041 ( 2)
 139 -   0.09228 0.89925 0.00070 0.00777 ( 2)
 140 -   0.05872 0.92792 0.00078 0.01258 ( 2)
 141 -   0.95969 0.02660 0.01333 0.00038 ( 1)
 142 -   0.58211 0.38630 0.01898 0.01260 ( 1)
 143 -   0.58211 0.38630 0.01898 0.01260 ( 1)
 144 -   0.58211 0.38630 0.01898 0.01260 ( 1)
 145 -   0.58211 0.38630 0.01898 0.01260 ( 1)
 146 -   0.58211 0.38630 0.01898 0.01260 ( 1)
 147 -   0.58211 0.38630 0.01898 0.01260 ( 1)
 148 -   0.58211 0.38630 0.01898 0.01260 ( 1)
 149 -   0.58211 0.38630 0.01898 0.01260 ( 1)
 150 -   0.81986 0.17664 0.00284 0.00067 ( 1)
 151 -   0.47848 0.51073 0.00516 0.00563 ( 2)
 152 -   0.58211 0.38630 0.01898 0.01260 ( 1)
 153 -   0.00171 0.99262 0.00001 0.00566 ( 2)
 154 -   0.04087 0.94740 0.00048 0.01126 ( 2)
 155 -   0.89473 0.10188 0.00302 0.00037 ( 1)
 156 -   0.10107 0.88351 0.00157 0.01385 ( 2)
 157 -   0.88426 0.11273 0.00265 0.00036 ( 1)
 158 -   0.00193 0.94550 0.00010 0.05247 ( 2)
 159 -   0.17678 0.81883 0.00075 0.00363 ( 2)
 160 -   0.62987 0.36585 0.00265 0.00163 ( 1)
 161 -   0.76269 0.22699 0.00791 0.00241 ( 1)
 162 -   0.87751 0.11915 0.00291 0.00043 ( 1)
 163 -   0.93249 0.06077 0.00631 0.00043 ( 1)
 164 -   0.93458 0.06204 0.00316 0.00022 ( 1)
 165 -   0.12652 0.86407 0.00118 0.00824 ( 2)
 166 -   0.29953 0.69665 0.00110 0.00272 ( 2)
 167 -   0.98794 0.00818 0.00384 0.00003 ( 1)
 168 -   0.00855 0.98811 0.00003 0.00331 ( 2)
 169 -   0.00399 0.99080 0.00002 0.00518 ( 2)
 170 -   0.91993 0.07586 0.00387 0.00034 ( 1)
 171 -   0.97734 0.01929 0.00330 0.00007 ( 1)
 172 -   0.96599 0.03059 0.00330 0.00012 ( 1)
 173 -   0.71777 0.27905 0.00225 0.00093 ( 1)
 174 -   0.11091 0.88511 0.00042 0.00356 ( 2)
 175 -   0.86738 0.12124 0.00996 0.00142 ( 1)
 176 -   0.02309 0.97318 0.00008 0.00366 ( 2)
 177 -   0.19819 0.78977 0.00238 0.00967 ( 2)
 178 -   0.89783 0.09795 0.00378 0.00044 ( 1)
 179 -   0.99071 0.00630 0.00297 0.00002 ( 1)
 180 -   0.02397 0.97109 0.00011 0.00484 ( 2)
 181 -   0.95885 0.02938 0.01141 0.00036 ( 1)
 182 -   0.93679 0.05289 0.00974 0.00058 ( 1)
 183 -   0.00574 0.98196 0.00007 0.01224 ( 2)
 184 -   0.48456 0.51009 0.00252 0.00284 ( 2)
 185 -   0.87563 0.11776 0.00580 0.00081 ( 1)
 186 -   0.00551 0.98698 0.00004 0.00748 ( 2)
 187 -   0.58899 0.40633 0.00271 0.00197 ( 1)
 188 -   0.00140 0.99404 0.00001 0.00455 ( 2)
 189 -   0.02696 0.96304 0.00026 0.00974 ( 2)
 190 -   0.02864 0.96073 0.00030 0.01033 ( 2)
 191 -   0.28407 0.68434 0.00926 0.02232 ( 2)
 192 -   0.18380 0.80697 0.00167 0.00756 ( 2)
 193 -   0.09330 0.90304 0.00031 0.00334 ( 2)
 194 -   0.82067 0.16613 0.01094 0.00225 ( 1)
 195 -   0.13613 0.85861 0.00065 0.00461 ( 2)
 196 -   0.50603 0.48847 0.00268 0.00282 ( 1)
 197 -   0.71523 0.28051 0.00301 0.00125 ( 1)
 198 -   0.96550 0.03151 0.00289 0.00010 ( 1)
 199 -   0.25646 0.72661 0.00438 0.01255 ( 2)
 200 -   0.98519 0.01132 0.00345 0.00004 ( 1)
 201 -   0.95208 0.03832 0.00922 0.00038 ( 1)
 202 -   0.97224 0.02374 0.00392 0.00010 ( 1)
 203 -   0.29462 0.22183 0.41345 0.07009 ( 3)
 204 -   0.75991 0.23344 0.00504 0.00161 ( 1)
 205 -   0.97425 0.02177 0.00389 0.00009 ( 1)
 206 -   0.88673 0.10935 0.00346 0.00046 ( 1)
 207 -   0.65778 0.33406 0.00526 0.00290 ( 1)
 208 -   0.97650 0.01828 0.00513 0.00010 ( 1)
 209 -   0.93700 0.05394 0.00854 0.00052 ( 1)
 210 -   0.99126 0.00543 0.00329 0.00002 ( 1)
 211 -   0.95934 0.03677 0.00373 0.00015 ( 1)
 212 -   0.81131 0.18437 0.00345 0.00087 ( 1)
 213 -   0.23007 0.76621 0.00081 0.00291 ( 2)
 214 -   0.84614 0.15039 0.00291 0.00056 ( 1)
 215 -   0.93034 0.06077 0.00832 0.00056 ( 1)
 216 -   0.01065 0.98403 0.00005 0.00526 ( 2)
 217 -   0.98179 0.01523 0.00294 0.00005 ( 1)


lnL = -4514.973397

