Supplemental results for CODEML (seqf: algn  treef: tree)


dN/dS (w) for site classes (K=4)

site class             0        1       2a       2b
proportion       0.31308  0.46496  0.08932  0.13264
background w     0.13747  1.00000  0.13747  1.00000
foreground w     0.13747  1.00000  4.10482  4.10482

Naive Empirical Bayes (NEB) probabilities for 4 classes
(amino acids refer to 1st sequence: BT_Cry40Aa1)

   1 -   0.71399 0.06405 0.20369 0.01827 ( 1)
   2 S   0.07793 0.83817 0.00914 0.07476 ( 2)
   3 L   0.00317 0.71202 0.01650 0.26832 ( 2)
   4 G   0.00002 0.01068 0.91094 0.07837 ( 3)
   5 G   0.00523 0.82261 0.01881 0.15334 ( 2)
   6 I   0.12409 0.68287 0.13363 0.05940 ( 2)
   7 N   0.00000 0.23629 0.00263 0.76108 ( 4)
   8 T   0.00000 0.54149 0.00008 0.45843 ( 2)
   9 L   0.00745 0.95338 0.00123 0.03794 ( 2)
  10 F   0.00001 0.81125 0.00003 0.18872 ( 2)
  11 S   0.00000 0.75443 0.00000 0.24557 ( 2)
  12 I   0.44748 0.17474 0.36576 0.01202 ( 1)
  13 I   0.97189 0.01215 0.01582 0.00014 ( 1)
  14 G   0.00000 0.05012 0.00003 0.94985 ( 4)
  15 K   0.00001 0.90723 0.00001 0.09275 ( 2)
  16 L   0.00109 0.98033 0.00001 0.01856 ( 2)
  17 I   0.00007 0.98597 0.00000 0.01396 ( 2)
  18 -   0.00713 0.77091 0.00203 0.21993 ( 2)
  19 P   0.14140 0.84443 0.00093 0.01323 ( 2)
  20 T   0.23303 0.72636 0.01747 0.02313 ( 2)
  21 N   0.00048 0.92338 0.00060 0.07554 ( 2)
  22 H   0.01201 0.89809 0.01572 0.07418 ( 2)
  23 Q   0.00000 0.93814 0.00000 0.06186 ( 2)
  24 S   0.00032 0.55381 0.03287 0.41300 ( 2)
  25 V   0.42457 0.00523 0.56883 0.00137 ( 3)
  26 S   0.00782 0.79446 0.03118 0.16654 ( 2)
  27 A   0.00009 0.87040 0.00024 0.12928 ( 2)
  28 L   0.99319 0.00581 0.00098 0.00002 ( 1)
  29 S   0.99873 0.00001 0.00125 0.00000 ( 1)
  30 I   0.98224 0.01732 0.00040 0.00004 ( 1)
  31 C   0.01453 0.98013 0.00002 0.00532 ( 2)
  32 D   0.99587 0.00395 0.00018 0.00000 ( 1)
  33 L   0.99504 0.00023 0.00473 0.00000 ( 1)
  34 L   0.00235 0.98540 0.00001 0.01224 ( 2)
  35 S   0.00671 0.98892 0.00001 0.00436 ( 2)
  36 I   0.99871 0.00088 0.00041 0.00000 ( 1)
  37 I   0.99960 0.00000 0.00040 0.00000 ( 1)
  38 R   0.22527 0.76668 0.00080 0.00725 ( 2)
  39 K   0.00903 0.98783 0.00001 0.00314 ( 2)
  40 E   0.00074 0.98184 0.00001 0.01742 ( 2)
  41 V   0.97687 0.02209 0.00095 0.00009 ( 1)
  42 A   0.00026 0.52523 0.00770 0.46680 ( 2)
  43 D   0.00208 0.84768 0.00669 0.14354 ( 2)
  44 S   0.00020 0.99821 0.00000 0.00159 ( 2)
  45 V   0.41217 0.58550 0.00028 0.00205 ( 2)
  46 L   0.88950 0.10497 0.00422 0.00130 ( 1)
  47 S   0.00018 0.95616 0.00035 0.04332 ( 2)
  48 D   0.00000 0.90952 0.00000 0.09048 ( 2)
  49 A   0.03652 0.02570 0.91805 0.01972 ( 3)
  50 I   0.00000 0.73391 0.00001 0.26607 ( 2)
  51 C   0.00000 0.17501 0.01311 0.81188 ( 4)
  52 R   0.00045 0.90894 0.00208 0.08852 ( 2)
  53 F   0.99967 0.00000 0.00033 0.00000 ( 1)
  54 L   0.31308 0.46496 0.08932 0.13264 ( 2)
  55 D   0.00439 0.92768 0.00092 0.06701 ( 2)
  56 G   0.78517 0.21351 0.00065 0.00068 ( 1)
  57 K   0.00098 0.86063 0.00422 0.13417 ( 2)
  58 L   0.00039 0.86384 0.00026 0.13551 ( 2)
  59 K   0.00000 0.36905 0.00001 0.63094 ( 4)
  60 N   0.00106 0.98644 0.00021 0.01228 ( 2)
  61 Y   0.99842 0.00043 0.00115 0.00000 ( 1)
  62 R   0.00000 0.30325 0.00178 0.69497 ( 4)
  63 E   0.00000 0.30434 0.00000 0.69565 ( 4)
  64 Y   0.50817 0.48924 0.00055 0.00203 ( 1)
  65 Y   0.99891 0.00000 0.00109 0.00000 ( 1)
  66 L   0.99898 0.00004 0.00098 0.00000 ( 1)
  67 P   0.00000 0.02210 0.00000 0.97790 ( 4)
  68 Y   0.37518 0.59333 0.01809 0.01339 ( 2)
  69 L   0.60290 0.39507 0.00059 0.00144 ( 1)
  70 E   0.00000 0.22252 0.00000 0.77748 ( 4)
  71 A   0.00000 0.06264 0.00000 0.93736 ( 4)
  72 W   0.90410 0.05613 0.03631 0.00347 ( 1)
  73 L   0.00774 0.98864 0.00001 0.00361 ( 2)
  74 K   0.00016 0.46565 0.08541 0.44878 ( 2)
  75 D   0.00013 0.59682 0.00775 0.39530 ( 2)
  76 G   0.00010 0.86982 0.00047 0.12962 ( 2)
  77 K   0.00019 0.95767 0.00002 0.04213 ( 2)
  78 P   0.80064 0.19469 0.00282 0.00185 ( 1)
  79 L   0.00542 0.78116 0.02342 0.18999 ( 2)
  80 Q   0.01045 0.47543 0.26145 0.25266 ( 2)
  81 K   0.00698 0.14753 0.63960 0.20589 ( 3)
  82 T   0.04446 0.75589 0.05598 0.14366 ( 2)
  83 -   0.31308 0.46496 0.08932 0.13264 ( 2)
  84 N   0.02901 0.96202 0.00033 0.00863 ( 2)
  85 N   0.00000 0.93072 0.00000 0.06928 ( 2)
  86 S   0.00000 0.00597 0.00000 0.99403 ( 4)
  87 D   0.00000 0.01538 0.00000 0.98462 ( 4)
  88 I   0.11979 0.82459 0.01561 0.04001 ( 2)
  89 G   0.00000 0.00494 0.00002 0.99503 ( 4)
  90 Q   0.00000 0.79200 0.00001 0.20799 ( 2)
  91 L   0.21002 0.74841 0.01628 0.02529 ( 2)
  92 V   0.00090 0.95274 0.00052 0.04584 ( 2)
  93 K   0.00000 0.01511 0.00024 0.98465 ( 4)
  94 Y   0.00005 0.97468 0.00000 0.02527 ( 2)
  95 F   0.97119 0.00439 0.02423 0.00019 ( 1)
  96 E   0.00001 0.94869 0.00000 0.05130 ( 2)
  97 L   0.00000 0.00495 0.00000 0.99505 ( 4)
  98 S   0.00037 0.96411 0.00006 0.03546 ( 2)
  99 E   0.99919 0.00011 0.00070 0.00000 ( 1)
 100 R   0.00005 0.63046 0.00336 0.36613 ( 2)
 101 D   0.00000 0.77827 0.00002 0.22170 ( 2)
 102 F   0.93012 0.04637 0.02158 0.00192 ( 1)
 103 N   0.00211 0.99521 0.00001 0.00268 ( 2)
 104 E   0.00000 0.93778 0.00000 0.06221 ( 2)
 105 I   0.01013 0.96410 0.00056 0.02520 ( 2)
 106 L   0.98798 0.00288 0.00909 0.00006 ( 1)
 107 -   0.52659 0.25145 0.15023 0.07173 ( 1)
 108 -   0.10622 0.67182 0.03030 0.19166 ( 2)
 109 -   0.44664 0.33140 0.12742 0.09454 ( 1)
 110 -   0.54669 0.23135 0.15596 0.06600 ( 1)
 111 -   0.47550 0.30254 0.13565 0.08631 ( 1)
 112 -   0.45593 0.32210 0.13007 0.09189 ( 1)
 113 -   0.21551 0.56253 0.06148 0.16048 ( 2)
 114 G   0.00001 0.31178 0.02758 0.66062 ( 4)
 115 G   0.12628 0.83951 0.00265 0.03156 ( 2)
 116 S   0.00002 0.98357 0.00000 0.01641 ( 2)
 117 L   0.99363 0.00019 0.00618 0.00000 ( 1)
 118 A   0.00568 0.88373 0.00255 0.10804 ( 2)
 119 R   0.00080 0.99298 0.00000 0.00621 ( 2)
 120 N   0.00000 0.21724 0.00000 0.78276 ( 4)
 121 N   0.00990 0.96954 0.00058 0.01998 ( 2)
 122 A   0.03589 0.94752 0.00117 0.01543 ( 2)
 123 Q   0.74045 0.17728 0.07538 0.00689 ( 1)
 124 I   0.95660 0.00128 0.04210 0.00003 ( 1)
 125 L   0.49302 0.48495 0.00724 0.01478 ( 1)
 126 L   0.99517 0.00010 0.00473 0.00000 ( 1)
 127 L   0.98673 0.00026 0.01300 0.00001 ( 1)
 128 P   0.99753 0.00001 0.00245 0.00000 ( 1)
 129 Y   0.13063 0.53601 0.25977 0.07359 ( 2)
 130 F   0.49346 0.00822 0.49772 0.00060 ( 3)
 131 C   0.00000 0.04139 0.10336 0.85525 ( 4)
 132 A   0.15586 0.05453 0.77711 0.01250 ( 3)
 133 S   0.01767 0.00215 0.97920 0.00098 ( 3)
 134 C   0.25629 0.00003 0.74368 0.00000 ( 3)
 135 K   0.84231 0.15207 0.00486 0.00076 ( 1)
 136 C   0.00003 0.04291 0.46986 0.48721 ( 4)
 137 Q   0.82157 0.00000 0.17843 0.00000 ( 1)
 138 L   0.99522 0.00006 0.00473 0.00000 ( 1)
 139 L   0.01466 0.97320 0.00007 0.01207 ( 2)
 140 L   0.94900 0.04030 0.00978 0.00091 ( 1)
 141 L   0.99521 0.00006 0.00473 0.00000 ( 1)
 142 R   0.97655 0.01129 0.01189 0.00028 ( 1)
 143 D   0.99982 0.00000 0.00018 0.00000 ( 1)
 144 A   0.03123 0.00020 0.96847 0.00010 ( 3)
 145 V   0.31044 0.68751 0.00018 0.00187 ( 2)
 146 Q   0.00003 0.98809 0.00000 0.01188 ( 2)
 147 Y   0.99822 0.00069 0.00109 0.00000 ( 1)
 148 E   0.00054 0.98339 0.00001 0.01606 ( 2)
 149 E   0.00000 0.18554 0.00679 0.80767 ( 4)
 150 Q   0.00000 0.66005 0.00000 0.33995 ( 2)
 151 W   0.27817 0.66928 0.01117 0.04138 ( 2)
 152 F   0.00000 0.07081 0.00943 0.91976 ( 4)
 153 P   0.00002 0.06884 0.54031 0.39083 ( 3)
 154 F   0.00000 0.45050 0.00030 0.54920 ( 4)
 155 L   0.00003 0.96525 0.00000 0.03472 ( 2)
 156 S   0.00004 0.96354 0.00001 0.03641 ( 2)
 157 A   0.00040 0.76387 0.00301 0.23273 ( 2)
 158 E   0.00184 0.98481 0.00001 0.01334 ( 2)
 159 N   0.01532 0.97404 0.00055 0.01009 ( 2)
 160 V   0.00049 0.99136 0.00000 0.00815 ( 2)
 161 R   0.00010 0.92228 0.00013 0.07749 ( 2)
 162 S   0.00106 0.93800 0.00005 0.06089 ( 2)
 163 E   0.53444 0.46366 0.00038 0.00153 ( 1)
 164 L   0.01242 0.96797 0.00011 0.01950 ( 2)
 165 I   0.01343 0.98428 0.00001 0.00229 ( 2)
 166 S   0.86194 0.13007 0.00588 0.00211 ( 1)
 167 P   0.24803 0.74597 0.00061 0.00539 ( 2)
 168 N   0.09830 0.61169 0.13658 0.15343 ( 2)
 169 S   0.26039 0.49480 0.17327 0.07155 ( 2)
 170 G   0.04975 0.78099 0.04134 0.12791 ( 2)
 171 C   0.38797 0.48395 0.05154 0.07654 ( 2)
 172 D   0.41668 0.47964 0.04172 0.06196 ( 2)
 173 F   0.40767 0.48146 0.04461 0.06626 ( 2)
 174 T   0.00001 0.96302 0.00000 0.03697 ( 2)
 175 G   0.00000 0.77571 0.00001 0.22428 ( 2)
 176 D   0.01167 0.98721 0.00000 0.00112 ( 2)
 177 Y   0.99529 0.00141 0.00329 0.00001 ( 1)
 178 Y   0.00000 0.27484 0.00001 0.72515 ( 4)
 179 E   0.00000 0.66544 0.00000 0.33456 ( 2)
 180 R   0.02529 0.58384 0.11079 0.28008 ( 2)
 181 L   0.81564 0.00269 0.18148 0.00019 ( 1)
 182 K   0.00516 0.99206 0.00000 0.00277 ( 2)
 183 C   0.00000 0.81750 0.00000 0.18250 ( 2)
 184 K   0.00004 0.97227 0.00001 0.02768 ( 2)
 185 I   0.03075 0.00756 0.95609 0.00560 ( 3)
 186 A   0.00000 0.99578 0.00000 0.00422 ( 2)
 187 E   0.00000 0.53898 0.00002 0.46101 ( 2)
 188 Y   0.97196 0.00003 0.02801 0.00000 ( 1)
 189 T   0.00167 0.00160 0.99213 0.00460 ( 3)
 190 D   0.07688 0.00009 0.92301 0.00002 ( 3)
 191 Y   0.96736 0.00197 0.03064 0.00003 ( 1)
 192 C   0.99862 0.00014 0.00124 0.00000 ( 1)
 193 E   0.00001 0.17862 0.05239 0.76898 ( 4)
 194 Y   0.00000 0.08218 0.00003 0.91780 ( 4)
 195 W   0.00031 0.94147 0.00001 0.05821 ( 2)
 196 Y   0.99891 0.00000 0.00109 0.00000 ( 1)
 197 Q   0.45661 0.50319 0.01459 0.02562 ( 2)
 198 A   0.00000 0.48079 0.00001 0.51920 ( 4)
 199 G   0.99917 0.00000 0.00082 0.00000 ( 1)
 200 L   0.99470 0.00057 0.00472 0.00001 ( 1)
 201 N   0.98897 0.00240 0.00861 0.00002 ( 1)
 202 Q   0.00443 0.94906 0.00013 0.04638 ( 2)
 203 I   0.99507 0.00451 0.00041 0.00001 ( 1)
 204 K   0.93793 0.02285 0.03893 0.00029 ( 1)
 205 Q   0.00000 0.58231 0.00000 0.41769 ( 2)
 206 A   0.00000 0.04492 0.00736 0.94771 ( 4)
 207 G   0.98281 0.00006 0.01712 0.00000 ( 1)
 208 T   0.00350 0.92567 0.00362 0.06721 ( 2)
 209 G   0.00028 0.82511 0.00604 0.16856 ( 2)
 210 A   0.50310 0.03103 0.46381 0.00206 ( 1)
 211 D   0.00000 0.20038 0.00016 0.79945 ( 4)
 212 T   0.00000 0.92537 0.00000 0.07463 ( 2)
 213 W   0.95396 0.00728 0.03831 0.00045 ( 1)
 214 A   0.00003 0.01644 0.73602 0.24752 ( 3)
 215 K   0.97830 0.02104 0.00060 0.00006 ( 1)
 216 F   0.99967 0.00000 0.00033 0.00000 ( 1)
 217 N   0.99943 0.00039 0.00017 0.00000 ( 1)
 218 K   0.00156 0.99565 0.00000 0.00279 ( 2)
 219 F   0.99931 0.00014 0.00055 0.00000 ( 1)
 220 R   0.99558 0.00048 0.00393 0.00000 ( 1)
 221 R   0.99724 0.00105 0.00171 0.00001 ( 1)
 222 E   0.99369 0.00564 0.00065 0.00002 ( 1)
 223 M   0.99947 0.00000 0.00053 0.00000 ( 1)
 224 T   0.98049 0.00001 0.01950 0.00000 ( 1)
 225 L   0.97105 0.01124 0.01734 0.00038 ( 1)
 226 T   0.00009 0.54257 0.00248 0.45485 ( 2)
 227 V   0.99914 0.00000 0.00086 0.00000 ( 1)
 228 L   0.98144 0.00017 0.01839 0.00001 ( 1)
 229 D   0.99982 0.00000 0.00018 0.00000 ( 1)
 230 I   0.99679 0.00280 0.00040 0.00001 ( 1)
 231 I   0.95598 0.00088 0.04308 0.00006 ( 1)
 232 A   0.18713 0.81031 0.00013 0.00242 ( 2)
 233 I   0.33701 0.64108 0.00993 0.01198 ( 2)
 234 F   0.99939 0.00028 0.00033 0.00000 ( 1)
 235 Q   0.87710 0.01599 0.10621 0.00070 ( 1)
 236 T   0.00873 0.97942 0.00018 0.01168 ( 2)


lnL = -8720.444310

Bayes Empirical Bayes (BEB) probabilities for 4 classes (class)
(amino acids refer to 1st sequence: BT_Cry40Aa1)

   1 -   0.71597 0.06341 0.20255 0.01807 ( 1)
   2 S   0.09909 0.81684 0.01096 0.07311 ( 2)
   3 L   0.00495 0.70995 0.02198 0.26313 ( 2)
   4 G   0.00003 0.01026 0.92045 0.06926 ( 3)
   5 G   0.00840 0.81888 0.02473 0.14799 ( 2)
   6 I   0.17257 0.61947 0.15502 0.05293 ( 2)
   7 N   0.00000 0.24682 0.00432 0.74886 ( 4)
   8 T   0.00000 0.55913 0.00015 0.44072 ( 2)
   9 L   0.01210 0.94754 0.00183 0.03852 ( 2)
  10 F   0.00001 0.81637 0.00005 0.18356 ( 2)
  11 S   0.00000 0.76221 0.00000 0.23778 ( 2)
  12 I   0.50710 0.14649 0.33675 0.00965 ( 1)
  13 I   0.97327 0.01011 0.01650 0.00013 ( 1)
  14 G   0.00000 0.05274 0.00007 0.94720 ( 4)
  15 K   0.00002 0.90734 0.00003 0.09261 ( 2)
  16 L   0.00198 0.97836 0.00002 0.01964 ( 2)
  17 I   0.00014 0.98463 0.00000 0.01522 ( 2)
  18 -   0.00979 0.76959 0.00276 0.21786 ( 2)
  19 P   0.17793 0.80718 0.00126 0.01363 ( 2)
  20 T   0.29178 0.66495 0.02107 0.02220 ( 2)
  21 N   0.00086 0.92205 0.00092 0.07617 ( 2)
  22 H   0.02111 0.88226 0.02343 0.07321 ( 2)
  23 Q   0.00000 0.93770 0.00000 0.06230 ( 2)
  24 S   0.00067 0.55845 0.05015 0.39073 ( 2)
  25 V   0.46311 0.00495 0.53072 0.00122 ( 3)
  26 S   0.01304 0.78539 0.04246 0.15911 ( 2)
  27 A   0.00019 0.87223 0.00043 0.12714 ( 2)
  28 L   0.99306 0.00570 0.00121 0.00003 ( 1)
  29 S   0.99846 0.00002 0.00152 0.00000 ( 1)
  30 I   0.98597 0.01348 0.00051 0.00004 ( 1)
  31 C   0.02465 0.96917 0.00005 0.00613 ( 2)
  32 D   0.99642 0.00333 0.00025 0.00001 ( 1)
  33 L   0.99453 0.00024 0.00523 0.00000 ( 1)
  34 L   0.00421 0.98249 0.00002 0.01328 ( 2)
  35 S   0.01167 0.98317 0.00002 0.00515 ( 2)
  36 I   0.99863 0.00085 0.00052 0.00000 ( 1)
  37 I   0.99949 0.00000 0.00051 0.00000 ( 1)
  38 R   0.31892 0.67265 0.00127 0.00716 ( 2)
  39 K   0.01625 0.98002 0.00001 0.00372 ( 2)
  40 E   0.00133 0.98015 0.00001 0.01852 ( 2)
  41 V   0.97985 0.01891 0.00115 0.00009 ( 1)
  42 A   0.00054 0.53395 0.01263 0.45288 ( 2)
  43 D   0.00387 0.84626 0.01023 0.13964 ( 2)
  44 S   0.00041 0.99750 0.00000 0.00209 ( 2)
  45 V   0.50998 0.48757 0.00042 0.00203 ( 1)
  46 L   0.90683 0.08721 0.00476 0.00120 ( 1)
  47 S   0.00040 0.95357 0.00062 0.04540 ( 2)
  48 D   0.00000 0.91014 0.00000 0.08986 ( 2)
  49 A   0.04630 0.02474 0.91130 0.01766 ( 3)
  50 I   0.00000 0.74317 0.00003 0.25680 ( 2)
  51 C   0.00001 0.18059 0.02068 0.79872 ( 4)
  52 R   0.00094 0.90631 0.00356 0.08919 ( 2)
  53 F   0.99956 0.00000 0.00044 0.00000 ( 1)
  54 L   0.33021 0.44917 0.09313 0.12749 ( 2)
  55 D   0.00768 0.92391 0.00148 0.06693 ( 2)
  56 G   0.83399 0.16450 0.00086 0.00066 ( 1)
  57 K   0.00184 0.86026 0.00645 0.13146 ( 2)
  58 L   0.00076 0.86614 0.00044 0.13266 ( 2)
  59 K   0.00000 0.38473 0.00003 0.61524 ( 4)
  60 N   0.00208 0.98451 0.00036 0.01305 ( 2)
  61 Y   0.99821 0.00041 0.00138 0.00000 ( 1)
  62 R   0.00000 0.31821 0.00310 0.67869 ( 4)
  63 E   0.00000 0.31609 0.00001 0.68390 ( 4)
  64 Y   0.55085 0.44621 0.00072 0.00222 ( 1)
  65 Y   0.99868 0.00001 0.00132 0.00000 ( 1)
  66 L   0.99874 0.00004 0.00122 0.00000 ( 1)
  67 P   0.00000 0.02309 0.00000 0.97691 ( 4)
  68 Y   0.47301 0.49236 0.02264 0.01199 ( 2)
  69 L   0.66449 0.33321 0.00080 0.00149 ( 1)
  70 E   0.00000 0.23028 0.00000 0.76972 ( 4)
  71 A   0.00000 0.06567 0.00000 0.93433 ( 4)
  72 W   0.91089 0.04909 0.03693 0.00309 ( 1)
  73 L   0.01377 0.98187 0.00002 0.00434 ( 2)
  74 K   0.00034 0.46443 0.11927 0.41597 ( 2)
  75 D   0.00026 0.60809 0.01193 0.37973 ( 2)
  76 G   0.00018 0.87126 0.00072 0.12784 ( 2)
  77 K   0.00034 0.95672 0.00003 0.04291 ( 2)
  78 P   0.81559 0.17922 0.00325 0.00194 ( 1)
  79 L   0.00794 0.78039 0.02811 0.18356 ( 2)
  80 Q   0.01386 0.46770 0.27778 0.24066 ( 2)
  81 K   0.00869 0.14573 0.64778 0.19780 ( 3)
  82 T   0.05573 0.74457 0.06032 0.13938 ( 2)
  83 -   0.33021 0.44917 0.09313 0.12749 ( 2)
  84 N   0.05034 0.93948 0.00062 0.00956 ( 2)
  85 N   0.00000 0.92974 0.00000 0.07026 ( 2)
  86 S   0.00000 0.00637 0.00000 0.99363 ( 4)
  87 D   0.00000 0.01625 0.00000 0.98375 ( 4)
  88 I   0.16582 0.77544 0.02029 0.03845 ( 2)
  89 G   0.00000 0.00529 0.00005 0.99466 ( 4)
  90 Q   0.00000 0.79802 0.00002 0.20196 ( 2)
  91 L   0.28388 0.67134 0.02112 0.02366 ( 2)
  92 V   0.00178 0.94974 0.00091 0.04757 ( 2)
  93 K   0.00000 0.01583 0.00046 0.98371 ( 4)
  94 Y   0.00011 0.97293 0.00001 0.02695 ( 2)
  95 F   0.97116 0.00380 0.02487 0.00017 ( 1)
  96 E   0.00001 0.94707 0.00001 0.05291 ( 2)
  97 L   0.00000 0.00529 0.00000 0.99471 ( 4)
  98 S   0.00075 0.96283 0.00012 0.03630 ( 2)
  99 E   0.99903 0.00011 0.00086 0.00000 ( 1)
 100 R   0.00011 0.64176 0.00519 0.35294 ( 2)
 101 D   0.00000 0.78513 0.00005 0.21482 ( 2)
 102 F   0.93625 0.03972 0.02232 0.00170 ( 1)
 103 N   0.00421 0.99262 0.00001 0.00316 ( 2)
 104 E   0.00000 0.93733 0.00000 0.06267 ( 2)
 105 I   0.01748 0.95515 0.00095 0.02642 ( 2)
 106 L   0.98740 0.00280 0.00974 0.00006 ( 1)
 107 -   0.53852 0.24086 0.15212 0.06850 ( 1)
 108 -   0.12319 0.65619 0.03470 0.18592 ( 2)
 109 -   0.46150 0.31788 0.13028 0.09033 ( 1)
 110 -   0.55783 0.22156 0.15760 0.06302 ( 1)
 111 -   0.48935 0.29004 0.13817 0.08244 ( 1)
 112 -   0.47050 0.30888 0.13283 0.08779 ( 1)
 113 -   0.24069 0.53869 0.06784 0.15277 ( 2)
 114 G   0.00003 0.32476 0.04422 0.63099 ( 4)
 115 G   0.18435 0.78162 0.00395 0.03008 ( 2)
 116 S   0.00004 0.98247 0.00000 0.01749 ( 2)
 117 L   0.99310 0.00018 0.00671 0.00000 ( 1)
 118 A   0.00976 0.88033 0.00396 0.10595 ( 2)
 119 R   0.00156 0.99133 0.00000 0.00711 ( 2)
 120 N   0.00000 0.22462 0.00000 0.77538 ( 4)
 121 N   0.01790 0.95985 0.00101 0.02124 ( 2)
 122 A   0.05633 0.92518 0.00186 0.01662 ( 2)
 123 Q   0.77745 0.14171 0.07514 0.00571 ( 1)
 124 I   0.95682 0.00117 0.04198 0.00003 ( 1)
 125 L   0.56504 0.41328 0.00860 0.01309 ( 1)
 126 L   0.99466 0.00011 0.00523 0.00000 ( 1)
 127 L   0.98611 0.00028 0.01361 0.00001 ( 1)
 128 P   0.99713 0.00001 0.00286 0.00000 ( 1)
 129 Y   0.17194 0.48757 0.27656 0.06393 ( 2)
 130 F   0.55528 0.00708 0.43717 0.00047 ( 1)
 131 C   0.00001 0.04068 0.14474 0.81457 ( 4)
 132 A   0.20112 0.05003 0.73883 0.01002 ( 3)
 133 S   0.02667 0.00239 0.97003 0.00092 ( 3)
 134 C   0.31215 0.00003 0.68781 0.00000 ( 3)
 135 K   0.88043 0.11319 0.00569 0.00068 ( 1)
 136 C   0.00004 0.03982 0.52733 0.43281 ( 3)
 137 Q   0.83475 0.00000 0.16525 0.00000 ( 1)
 138 L   0.99471 0.00006 0.00523 0.00000 ( 1)
 139 L   0.02352 0.96336 0.00012 0.01300 ( 2)
 140 L   0.95546 0.03329 0.01045 0.00081 ( 1)
 141 L   0.99470 0.00007 0.00523 0.00000 ( 1)
 142 R   0.97715 0.00999 0.01260 0.00026 ( 1)
 143 D   0.99975 0.00000 0.00025 0.00000 ( 1)
 144 A   0.04377 0.00023 0.95590 0.00010 ( 3)
 145 V   0.40661 0.59113 0.00029 0.00197 ( 2)
 146 Q   0.00007 0.98694 0.00000 0.01299 ( 2)
 147 Y   0.99806 0.00062 0.00131 0.00000 ( 1)
 148 E   0.00107 0.98150 0.00003 0.01741 ( 2)
 149 E   0.00000 0.19306 0.01157 0.79537 ( 4)
 150 Q   0.00000 0.67312 0.00000 0.32687 ( 2)
 151 W   0.33504 0.61336 0.01346 0.03814 ( 2)
 152 F   0.00000 0.07414 0.01553 0.91033 ( 4)
 153 P   0.00003 0.06168 0.60834 0.32995 ( 3)
 154 F   0.00000 0.46606 0.00051 0.53342 ( 4)
 155 L   0.00006 0.96446 0.00000 0.03548 ( 2)
 156 S   0.00007 0.96203 0.00001 0.03789 ( 2)
 157 A   0.00078 0.76878 0.00476 0.22568 ( 2)
 158 E   0.00345 0.98220 0.00002 0.01433 ( 2)
 159 N   0.02442 0.96355 0.00084 0.01120 ( 2)
 160 V   0.00084 0.99014 0.00000 0.00902 ( 2)
 161 R   0.00019 0.92155 0.00021 0.07805 ( 2)
 162 S   0.00170 0.93741 0.00007 0.06082 ( 2)
 163 E   0.60333 0.39457 0.00052 0.00157 ( 1)
 164 L   0.01833 0.96113 0.00016 0.02037 ( 2)
 165 I   0.02050 0.97673 0.00001 0.00276 ( 2)
 166 S   0.87163 0.11980 0.00645 0.00212 ( 1)
 167 P   0.29973 0.69365 0.00085 0.00577 ( 2)
 168 N   0.11844 0.59190 0.14336 0.14630 ( 2)
 169 S   0.29904 0.46305 0.17196 0.06596 ( 2)
 170 G   0.06574 0.76369 0.04731 0.12327 ( 2)
 171 C   0.40693 0.46659 0.05330 0.07318 ( 2)
 172 D   0.43565 0.46175 0.04321 0.05939 ( 2)
 173 F   0.42666 0.46370 0.04619 0.06346 ( 2)
 174 T   0.00003 0.96176 0.00000 0.03821 ( 2)
 175 G   0.00000 0.78305 0.00001 0.21694 ( 2)
 176 D   0.02070 0.97783 0.00001 0.00147 ( 2)
 177 Y   0.99502 0.00126 0.00371 0.00001 ( 1)
 178 Y   0.00000 0.28969 0.00002 0.71028 ( 4)
 179 E   0.00000 0.67623 0.00000 0.32377 ( 2)
 180 R   0.03873 0.56052 0.14536 0.25539 ( 2)
 181 L   0.82944 0.00251 0.16787 0.00018 ( 1)
 182 K   0.00906 0.98758 0.00001 0.00335 ( 2)
 183 C   0.00000 0.82204 0.00001 0.17795 ( 2)
 184 K   0.00010 0.97084 0.00001 0.02905 ( 2)
 185 I   0.04137 0.00758 0.94607 0.00498 ( 3)
 186 A   0.00000 0.99499 0.00000 0.00501 ( 2)
 187 E   0.00000 0.55085 0.00004 0.44912 ( 2)
 188 Y   0.97120 0.00003 0.02877 0.00000 ( 1)
 189 T   0.00226 0.00158 0.99184 0.00433 ( 3)
 190 D   0.11248 0.00011 0.88739 0.00002 ( 3)
 191 Y   0.96690 0.00174 0.03133 0.00003 ( 1)
 192 C   0.99833 0.00015 0.00152 0.00000 ( 1)
 193 E   0.00002 0.17909 0.08151 0.73938 ( 4)
 194 Y   0.00000 0.08486 0.00006 0.91509 ( 4)
 195 W   0.00056 0.94119 0.00002 0.05823 ( 2)
 196 Y   0.99868 0.00000 0.00132 0.00000 ( 1)
 197 Q   0.54442 0.41645 0.01757 0.02156 ( 1)
 198 A   0.00000 0.49292 0.00002 0.50707 ( 4)
 199 G   0.99896 0.00000 0.00104 0.00000 ( 1)
 200 L   0.99419 0.00057 0.00523 0.00001 ( 1)
 201 N   0.98849 0.00205 0.00945 0.00002 ( 1)
 202 Q   0.00736 0.94577 0.00022 0.04665 ( 2)
 203 I   0.99538 0.00410 0.00052 0.00001 ( 1)
 204 K   0.94221 0.01963 0.03788 0.00027 ( 1)
 205 Q   0.00000 0.59415 0.00000 0.40585 ( 2)
 206 A   0.00000 0.04621 0.01139 0.94241 ( 4)
 207 G   0.98212 0.00007 0.01781 0.00000 ( 1)
 208 T   0.00631 0.92022 0.00562 0.06784 ( 2)
 209 G   0.00064 0.82580 0.01029 0.16327 ( 2)
 210 A   0.56504 0.02584 0.40754 0.00158 ( 1)
 211 D   0.00000 0.20845 0.00035 0.79120 ( 4)
 212 T   0.00000 0.92467 0.00000 0.07533 ( 2)
 213 W   0.95355 0.00730 0.03869 0.00046 ( 1)
 214 A   0.00004 0.01514 0.76548 0.21934 ( 3)
 215 K   0.98307 0.01612 0.00075 0.00006 ( 1)
 216 F   0.99956 0.00000 0.00044 0.00000 ( 1)
 217 N   0.99940 0.00037 0.00023 0.00000 ( 1)
 218 K   0.00311 0.99351 0.00000 0.00338 ( 2)
 219 F   0.99918 0.00013 0.00069 0.00000 ( 1)
 220 R   0.99505 0.00051 0.00443 0.00001 ( 1)
 221 R   0.99708 0.00093 0.00199 0.00001 ( 1)
 222 E   0.99449 0.00468 0.00081 0.00002 ( 1)
 223 M   0.99931 0.00000 0.00069 0.00000 ( 1)
 224 T   0.97981 0.00001 0.02019 0.00000 ( 1)
 225 L   0.97152 0.01009 0.01804 0.00035 ( 1)
 226 T   0.00020 0.55294 0.00421 0.44265 ( 2)
 227 V   0.99895 0.00000 0.00105 0.00000 ( 1)
 228 L   0.98073 0.00018 0.01908 0.00001 ( 1)
 229 D   0.99975 0.00000 0.00025 0.00000 ( 1)
 230 I   0.99701 0.00247 0.00051 0.00001 ( 1)
 231 I   0.95566 0.00085 0.04343 0.00006 ( 1)
 232 A   0.26250 0.73456 0.00023 0.00270 ( 2)
 233 I   0.42049 0.55602 0.01234 0.01116 ( 2)
 234 F   0.99930 0.00026 0.00044 0.00000 ( 1)
 235 Q   0.88512 0.01349 0.10079 0.00060 ( 1)
 236 T   0.01649 0.97014 0.00035 0.01301 ( 2)

