Supplemental results for CODEML (seqf: algn  treef: tree)


dN/dS (w) for site classes (K=4)

site class             0        1       2a       2b
proportion       0.49659  0.44793  0.02917  0.02631
background w     0.05633  0.51450  0.05633  0.51450
foreground w     0.05633  0.51450  0.62811  0.62811

Naive Empirical Bayes (NEB) probabilities for 4 classes
(amino acids refer to 1st sequence: BT_Cry19Aa1)

   1 E   0.00010 0.94609 0.00000 0.05381 ( 2)
   2 V   0.95780 0.00144 0.04068 0.00008 ( 1)
   3 K   0.95532 0.00254 0.04200 0.00014 ( 1)
   4 T   0.11387 0.83176 0.00621 0.04815 ( 2)
   5 E   0.95222 0.00411 0.04345 0.00023 ( 1)
   6 L   0.88002 0.06999 0.04597 0.00402 ( 1)
   7 T   0.94529 0.00661 0.04771 0.00038 ( 1)
   8 R   0.93494 0.02059 0.04332 0.00115 ( 1)
   9 E   0.95222 0.00411 0.04345 0.00023 ( 1)
  10 I   0.95973 0.00125 0.03896 0.00007 ( 1)
  11 Y   0.95526 0.00440 0.04010 0.00024 ( 1)
  12 S   0.89702 0.05365 0.04626 0.00307 ( 1)
  13 D   0.96231 0.00032 0.03735 0.00002 ( 1)
  14 V   0.92951 0.01881 0.05059 0.00109 ( 1)
  15 I   0.67727 0.00629 0.31603 0.00041 ( 1)
  16 N   0.96292 0.00044 0.03661 0.00002 ( 1)
  17 G   0.01412 0.91791 0.00722 0.06075 ( 2)
  18 E   0.07600 0.86786 0.00474 0.05140 ( 2)
  19 I   0.00285 0.94077 0.00036 0.05601 ( 2)
  20 Y   0.03738 0.88909 0.01483 0.05870 ( 2)
  21 G   0.24624 0.70051 0.01297 0.04028 ( 2)
  22 L   0.00501 0.89740 0.02549 0.07210 ( 2)
  23 M   0.06178 0.88564 0.00286 0.04972 ( 2)
  24 -   0.20848 0.73603 0.01225 0.04324 ( 2)
  25 T   0.00402 0.94049 0.00024 0.05525 ( 2)
  26 P   0.15928 0.78523 0.00936 0.04613 ( 2)
  27 Y   0.00320 0.94447 0.00013 0.05220 ( 2)
  28 F   0.00040 0.94050 0.00018 0.05892 ( 2)
  29 S   0.33851 0.61416 0.01362 0.03371 ( 2)
  30 F   0.79598 0.16080 0.03425 0.00897 ( 1)
  31 E   0.00227 0.94461 0.00011 0.05302 ( 2)
  32 K   0.01759 0.92882 0.00084 0.05275 ( 2)
  33 A   0.11117 0.83567 0.00554 0.04763 ( 2)
  34 E   0.95222 0.00411 0.04345 0.00023 ( 1)
  35 S   0.34876 0.60161 0.01593 0.03371 ( 2)
  36 L   0.90919 0.04740 0.04077 0.00264 ( 1)
  37 Y   0.95768 0.00210 0.04010 0.00012 ( 1)
  38 T   0.94662 0.00813 0.04479 0.00046 ( 1)
  39 R   0.77119 0.17662 0.04197 0.01022 ( 1)
  40 A   0.00136 0.94478 0.00007 0.05379 ( 2)
  41 P   0.95102 0.00593 0.04272 0.00033 ( 1)
  42 H   0.96001 0.00067 0.03928 0.00004 ( 1)
  43 L   0.08739 0.85937 0.00435 0.04889 ( 2)
  44 F   0.91187 0.03807 0.04787 0.00219 ( 1)
  45 T   0.95943 0.00109 0.03942 0.00006 ( 1)
  46 W   0.82607 0.12205 0.04482 0.00706 ( 1)
  47 L   0.92689 0.02551 0.04615 0.00145 ( 1)
  48 K   0.26838 0.67741 0.01488 0.03934 ( 2)
  49 G   0.90173 0.05022 0.04518 0.00286 ( 1)
  50 F   0.91931 0.04056 0.03791 0.00223 ( 1)
  51 R   0.13574 0.81230 0.00633 0.04563 ( 2)
  52 F   0.95967 0.00071 0.03957 0.00004 ( 1)
  53 V   0.94201 0.01187 0.04545 0.00067 ( 1)
  54 T   0.92465 0.03499 0.03843 0.00193 ( 1)
  55 N   0.96292 0.00044 0.03661 0.00002 ( 1)
  56 S   0.01827 0.92953 0.00078 0.05142 ( 2)
  57 I   0.89640 0.06374 0.03638 0.00349 ( 1)
  58 S   0.30096 0.65018 0.01290 0.03596 ( 2)
  59 Y   0.00010 0.94416 0.00001 0.05574 ( 2)
  60 -   0.92271 0.03512 0.04022 0.00195 ( 1)
  61 -   0.00490 0.91625 0.01236 0.06649 ( 2)
  62 -   0.00016 0.94042 0.00004 0.05938 ( 2)
  63 -   0.04603 0.89848 0.00270 0.05278 ( 2)
  64 -   0.77776 0.16676 0.04569 0.00980 ( 1)
  65 -   0.38429 0.56841 0.01591 0.03140 ( 2)
  66 W   0.82607 0.12205 0.04482 0.00706 ( 1)
  67 T   0.03955 0.90745 0.00187 0.05112 ( 2)
  68 F   0.93426 0.02576 0.03857 0.00141 ( 1)
  69 L   0.92892 0.02349 0.04626 0.00134 ( 1)
  70 S   0.48784 0.46427 0.02190 0.02599 ( 1)
  71 G   0.94894 0.00918 0.04137 0.00051 ( 1)
  72 G   0.00002 0.94694 0.00000 0.05304 ( 2)
  73 Q   0.03551 0.91093 0.00177 0.05179 ( 2)
  74 N   0.95917 0.00413 0.03647 0.00022 ( 1)
  75 K   0.73216 0.22324 0.03219 0.01241 ( 1)
  76 Y   0.76089 0.19644 0.03185 0.01083 ( 1)
  77 S   0.67568 0.27988 0.02896 0.01548 ( 1)
  78 Y   0.00423 0.94199 0.00019 0.05360 ( 2)
  79 T   0.30472 0.64178 0.01643 0.03707 ( 2)
  80 N   0.00007 0.92963 0.00011 0.07020 ( 2)
  81 -   0.49659 0.44793 0.02917 0.02631 ( 1)
  82 N   0.00000 0.94327 0.00000 0.05673 ( 2)
  83 S   0.00002 0.94050 0.00001 0.05948 ( 2)
  84 S   0.00004 0.93867 0.00002 0.06127 ( 2)
  85 I   0.45926 0.49499 0.01864 0.02712 ( 2)
  86 N   0.00001 0.94779 0.00000 0.05221 ( 2)
  87 E   0.00016 0.93597 0.00010 0.06378 ( 2)
  88 G   0.71371 0.23704 0.03575 0.01350 ( 1)
  89 S   0.66769 0.28636 0.02999 0.01596 ( 1)
  90 F   0.95522 0.00290 0.04172 0.00016 ( 1)
  91 R   0.00000 0.94596 0.00000 0.05404 ( 2)
  92 G   0.90119 0.04701 0.04908 0.00272 ( 1)
  93 Q   0.00443 0.94098 0.00024 0.05435 ( 2)
  94 D   0.24825 0.70050 0.01158 0.03967 ( 2)
  95 T   0.01037 0.93638 0.00049 0.05276 ( 2)
  96 D   0.00176 0.94465 0.00009 0.05351 ( 2)
  97 Y   0.23467 0.71601 0.00983 0.03949 ( 2)
  98 G   0.87110 0.08616 0.03796 0.00478 ( 1)
  99 G   0.64474 0.30556 0.03231 0.01740 ( 1)
 100 T   0.06173 0.88395 0.00330 0.05102 ( 2)
 101 S   0.00394 0.94370 0.00017 0.05219 ( 2)
 102 S   0.93565 0.02299 0.04009 0.00127 ( 1)
 103 T   0.00319 0.93485 0.00138 0.06058 ( 2)
 104 I   0.01463 0.91532 0.00774 0.06231 ( 2)
 105 N   0.00441 0.94407 0.00017 0.05134 ( 2)
 106 I   0.30811 0.51043 0.14745 0.03401 ( 2)
 107 P   0.00000 0.93611 0.00000 0.06389 ( 2)
 108 S   0.00003 0.94622 0.00000 0.05375 ( 2)
 109 N   0.00009 0.93970 0.00003 0.06018 ( 2)
 110 S   0.00671 0.93858 0.00037 0.05434 ( 2)
 111 Y   0.20062 0.74965 0.00840 0.04133 ( 2)
 112 V   0.02125 0.92645 0.00096 0.05133 ( 2)
 113 Y   0.81338 0.14460 0.03404 0.00797 ( 1)
 114 N   0.09683 0.85312 0.00368 0.04636 ( 2)
 115 L   0.88614 0.06598 0.04413 0.00375 ( 1)
 116 W   0.04371 0.90177 0.00237 0.05215 ( 2)
 117 T   0.26334 0.68557 0.01246 0.03863 ( 2)
 118 E   0.92746 0.03009 0.04077 0.00167 ( 1)
 119 N   0.42340 0.52550 0.02118 0.02992 ( 2)
 120 Y   0.84564 0.11275 0.03539 0.00622 ( 1)
 121 E   0.40663 0.54162 0.02078 0.03096 ( 2)
 122 Y   0.00001 0.94751 0.00000 0.05248 ( 2)
 123 I   0.86761 0.09214 0.03520 0.00505 ( 1)
 124 Y   0.52822 0.42549 0.02269 0.02361 ( 1)
 125 P   0.93336 0.01882 0.04674 0.00107 ( 1)
 126 W   0.01029 0.93470 0.00058 0.05443 ( 2)
 127 G   0.00000 0.94777 0.00000 0.05223 ( 2)
 128 D   0.90721 0.05461 0.03521 0.00297 ( 1)
 129 P   0.03502 0.91128 0.00176 0.05194 ( 2)
 130 V   0.00257 0.94291 0.00016 0.05437 ( 2)
 131 N   0.95917 0.00413 0.03647 0.00022 ( 1)
 132 I   0.86761 0.09214 0.03520 0.00505 ( 1)
 133 T   0.08043 0.86692 0.00381 0.04884 ( 2)
 134 K   0.05183 0.89401 0.00263 0.05153 ( 2)
 135 M   0.39773 0.55567 0.01614 0.03046 ( 2)
 136 N   0.85093 0.11071 0.03235 0.00601 ( 1)
 137 F   0.95882 0.00154 0.03955 0.00008 ( 1)
 138 S   0.70609 0.24983 0.03026 0.01382 ( 1)
 139 V   0.00009 0.94512 0.00001 0.05479 ( 2)
 140 T   0.74120 0.20670 0.04015 0.01195 ( 1)
 141 D   0.89997 0.06192 0.03471 0.00340 ( 1)
 142 N   0.96292 0.00044 0.03661 0.00002 ( 1)
 143 N   0.68860 0.26214 0.03434 0.01492 ( 1)
 144 S   0.00042 0.94565 0.00002 0.05391 ( 2)
 145 S   0.19322 0.75366 0.00996 0.04316 ( 2)
 146 K   0.00000 0.94378 0.00000 0.05622 ( 2)
 147 E   0.04819 0.87089 0.02262 0.05830 ( 2)
 148 L   0.00000 0.93478 0.00000 0.06522 ( 2)
 149 I   0.01615 0.91701 0.00749 0.05935 ( 2)
 150 Y   0.92805 0.03138 0.03884 0.00173 ( 1)
 151 G   0.59257 0.36157 0.02582 0.02004 ( 1)
 152 -   0.49659 0.44793 0.02917 0.02631 ( 1)
 153 -   0.28875 0.65577 0.01696 0.03852 ( 2)
 154 -   0.20021 0.74431 0.01176 0.04372 ( 2)
 155 A   0.00839 0.93679 0.00046 0.05436 ( 2)
 156 H   0.00007 0.94335 0.00001 0.05657 ( 2)
 157 R   0.11829 0.82970 0.00548 0.04653 ( 2)
 158 T   0.00162 0.94289 0.00010 0.05539 ( 2)
 159 N   0.96292 0.00044 0.03661 0.00002 ( 1)
 160 K   0.00153 0.93311 0.00075 0.06462 ( 2)
 161 P   0.95449 0.00250 0.04287 0.00014 ( 1)
 162 V   0.26666 0.68475 0.01096 0.03763 ( 2)
 163 V   0.95803 0.00121 0.04069 0.00007 ( 1)
 164 R   0.11348 0.77206 0.06102 0.05345 ( 2)
 165 T   0.94031 0.01144 0.04760 0.00065 ( 1)
 166 D   0.69607 0.00239 0.30138 0.00016 ( 1)
 167 F   0.95942 0.00095 0.03957 0.00005 ( 1)
 168 D   0.93151 0.03067 0.03616 0.00167 ( 1)
 169 F   0.95967 0.00071 0.03957 0.00004 ( 1)
 170 L   0.89182 0.06459 0.03999 0.00360 ( 1)
 171 T   0.01408 0.93263 0.00067 0.05262 ( 2)
 172 N   0.94267 0.02014 0.03609 0.00110 ( 1)
 173 K   0.93149 0.02611 0.04095 0.00145 ( 1)
 174 E   0.02151 0.90471 0.01157 0.06222 ( 2)
 175 G   0.18748 0.75986 0.00939 0.04326 ( 2)
 176 T   0.62213 0.07674 0.29603 0.00510 ( 1)
 177 E   0.09536 0.85006 0.00525 0.04932 ( 2)
 178 L   0.01927 0.92680 0.00098 0.05295 ( 2)
 179 A   0.11004 0.83534 0.00610 0.04852 ( 2)
 180 K   0.86965 0.08445 0.04115 0.00476 ( 1)
 181 Y   0.68697 0.26076 0.03719 0.01508 ( 1)
 182 N   0.95813 0.00516 0.03643 0.00028 ( 1)
 183 D   0.84173 0.11952 0.03222 0.00653 ( 1)
 184 Y   0.94477 0.00401 0.05099 0.00023 ( 1)
 185 N   0.85403 0.10762 0.03249 0.00586 ( 1)
 186 H   0.95910 0.00153 0.03929 0.00008 ( 1)
 187 I   0.96017 0.00082 0.03896 0.00005 ( 1)
 188 L   0.91660 0.03572 0.04564 0.00203 ( 1)
 189 S   0.90885 0.04165 0.04711 0.00239 ( 1)
 190 Y   0.46168 0.49186 0.01933 0.02713 ( 2)
 191 M   0.09733 0.85020 0.00461 0.04787 ( 2)
 192 L   0.91085 0.03967 0.04720 0.00228 ( 1)
 193 I   0.04403 0.90248 0.00225 0.05124 ( 2)
 194 N   0.86991 0.09191 0.03318 0.00500 ( 1)
 195 -   0.77776 0.16676 0.04569 0.00980 ( 1)
 196 -   0.81608 0.12844 0.04794 0.00755 ( 1)
 197 -   0.61555 0.32897 0.03616 0.01933 ( 1)
 198 G   0.27628 0.67146 0.01396 0.03830 ( 2)
 199 E   0.00316 0.94135 0.00019 0.05530 ( 2)
 200 T   0.91971 0.03467 0.04366 0.00196 ( 1)
 201 F   0.03107 0.91718 0.00129 0.05047 ( 2)
 202 G   0.61115 0.07644 0.30718 0.00523 ( 1)
 203 Q   0.27115 0.67687 0.01349 0.03849 ( 2)
 204 K   0.35861 0.59266 0.01577 0.03296 ( 2)
 205 R   0.23077 0.71802 0.01079 0.04042 ( 2)
 206 H   0.91575 0.03382 0.04849 0.00195 ( 1)
 207 G   0.95355 0.00463 0.04156 0.00026 ( 1)
 208 Y   0.95839 0.00142 0.04011 0.00008 ( 1)
 209 S   0.61518 0.33516 0.03059 0.01907 ( 1)
 210 F   0.95967 0.00071 0.03957 0.00004 ( 1)
 211 A   0.91208 0.04206 0.04348 0.00238 ( 1)
 212 F   0.95848 0.00097 0.04049 0.00005 ( 1)
 213 T   0.93136 0.01718 0.05047 0.00099 ( 1)
 214 H   0.96023 0.00046 0.03929 0.00003 ( 1)
 215 S   0.96153 0.00030 0.03816 0.00002 ( 1)
 216 S   0.93763 0.01387 0.04770 0.00080 ( 1)


lnL = -3703.228470

