Supplemental results for CODEML (seqf: algn  treef: tree)


dN/dS (w) for site classes (K=4)

site class             0        1       2a       2b
proportion       0.43442  0.48786  0.03661  0.04111
background w     0.13164  1.00000  0.13164  1.00000
foreground w     0.13164  1.00000  1.00000  1.00000

Naive Empirical Bayes (NEB) probabilities for 4 classes
(amino acids refer to 1st sequence: BT_Cry32Ha1)

   1 P   0.27259 0.64968 0.02297 0.05475 ( 2)
   2 T   0.36242 0.55985 0.03054 0.04718 ( 2)
   3 K   0.91868 0.00360 0.07742 0.00030 ( 1)
   4 S   0.82650 0.09577 0.06965 0.00807 ( 1)
   5 Q   0.90725 0.01503 0.07646 0.00127 ( 1)
   6 L   0.89598 0.02629 0.07551 0.00222 ( 1)
   7 T   0.91534 0.00694 0.07714 0.00058 ( 1)
   8 R   0.90629 0.01599 0.07638 0.00135 ( 1)
   9 I   0.63049 0.29178 0.05314 0.02459 ( 1)
  10 V   0.59923 0.32305 0.05050 0.02723 ( 1)
  11 Y   0.92038 0.00190 0.07757 0.00016 ( 1)
  12 T   0.90788 0.01439 0.07651 0.00121 ( 1)
  13 P   0.83697 0.08530 0.07054 0.00719 ( 1)
  14 R   0.80871 0.11356 0.06815 0.00957 ( 1)
  15 V   0.68619 0.23608 0.05783 0.01990 ( 1)
  16 G   0.91604 0.00624 0.07720 0.00053 ( 1)
  17 D   0.37619 0.54608 0.03170 0.04602 ( 2)
  18 T   0.91563 0.00664 0.07717 0.00056 ( 1)
  19 A   0.02886 0.89342 0.00243 0.07529 ( 2)
  20 R   0.01342 0.90886 0.00113 0.07659 ( 2)
  21 S   0.85950 0.06278 0.07243 0.00529 ( 1)
  22 N   0.36524 0.55703 0.03078 0.04694 ( 2)
  23 R   0.01894 0.90334 0.00160 0.07613 ( 2)
  24 P   0.14594 0.77633 0.01230 0.06543 ( 2)
  25 S   0.39190 0.53038 0.03303 0.04470 ( 2)
  26 A   0.23277 0.68950 0.01962 0.05811 ( 2)
  27 S   0.73420 0.18807 0.06188 0.01585 ( 1)
  28 I   0.45837 0.46391 0.03863 0.03910 ( 2)
  29 D   0.22304 0.69923 0.01880 0.05893 ( 2)
  30 A   0.03433 0.88794 0.00289 0.07483 ( 2)
  31 Q   0.59202 0.33025 0.04989 0.02783 ( 1)
  32 E   0.91994 0.00233 0.07753 0.00020 ( 1)
  33 N   0.33111 0.59117 0.02790 0.04982 ( 2)
  34 N   0.80068 0.12159 0.06748 0.01025 ( 1)
  35 I   0.91723 0.00504 0.07730 0.00042 ( 1)
  36 V   0.90139 0.02088 0.07597 0.00176 ( 1)
  37 S   0.04636 0.87592 0.00391 0.07382 ( 2)
  38 S   0.61389 0.30838 0.05174 0.02599 ( 1)
  39 P   0.81986 0.10242 0.06909 0.00863 ( 1)
  40 -   0.43884 0.48343 0.03698 0.04074 ( 2)
  41 -   0.43752 0.48476 0.03687 0.04085 ( 2)
  42 R   0.27946 0.64282 0.02355 0.05417 ( 2)
  43 L   0.91311 0.00916 0.07695 0.00077 ( 1)
  44 F   0.92083 0.00144 0.07760 0.00012 ( 1)
  45 A   0.17434 0.74794 0.01469 0.06303 ( 2)
  46 W   0.91623 0.00604 0.07722 0.00051 ( 1)
  47 L   0.91125 0.01103 0.07680 0.00093 ( 1)
  48 R   0.00065 0.92163 0.00005 0.07767 ( 2)
  49 M   0.00279 0.91948 0.00024 0.07749 ( 2)
  50 V   0.17049 0.75179 0.01437 0.06336 ( 2)
  51 D   0.04967 0.87261 0.00419 0.07354 ( 2)
  52 V   0.65602 0.26626 0.05529 0.02244 ( 1)
  53 S   0.00528 0.91699 0.00045 0.07728 ( 2)
  54 L   0.58678 0.33549 0.04945 0.02827 ( 1)
  55 Q   0.17731 0.74496 0.01494 0.06278 ( 2)
  56 K   0.08941 0.83287 0.00753 0.07019 ( 2)
  57 N   0.40930 0.51297 0.03449 0.04323 ( 2)
  58 G   0.00629 0.91598 0.00053 0.07720 ( 2)
  59 L   0.03880 0.88347 0.00327 0.07446 ( 2)
  60 S   0.26553 0.65674 0.02238 0.05535 ( 2)
  61 N   0.61035 0.31193 0.05144 0.02629 ( 1)
  62 E   0.11019 0.81208 0.00929 0.06844 ( 2)
  63 I   0.36415 0.55813 0.03069 0.04704 ( 2)
  64 A   0.03186 0.89042 0.00268 0.07504 ( 2)
  65 S   0.05416 0.86811 0.00456 0.07316 ( 2)
  66 Y   0.68557 0.23670 0.05778 0.01995 ( 1)
  67 -   0.86097 0.06131 0.07256 0.00517 ( 1)
  68 -   0.02004 0.90224 0.00169 0.07604 ( 2)
  69 -   0.78918 0.13310 0.06651 0.01122 ( 1)
  70 -   0.19898 0.72330 0.01677 0.06096 ( 2)
  71 -   0.62614 0.29613 0.05277 0.02496 ( 1)
  72 -   0.09349 0.82878 0.00788 0.06985 ( 2)
  73 -   0.13612 0.78615 0.01147 0.06625 ( 2)
  74 -   0.81642 0.10585 0.06880 0.00892 ( 1)
  75 -   0.76598 0.15630 0.06455 0.01317 ( 1)
  76 K   0.83035 0.09193 0.06998 0.00775 ( 1)
  77 Q   0.01202 0.91025 0.00101 0.07671 ( 2)
  78 T   0.78858 0.13369 0.06646 0.01127 ( 1)
  79 F   0.71334 0.20894 0.06012 0.01761 ( 1)
  80 H   0.54114 0.38114 0.04560 0.03212 ( 1)
  81 N   0.84341 0.07887 0.07108 0.00665 ( 1)
  82 T   0.91446 0.00782 0.07707 0.00066 ( 1)
  83 L   0.04556 0.87672 0.00384 0.07389 ( 2)
  84 H   0.00536 0.91691 0.00045 0.07727 ( 2)
  85 T   0.00629 0.91598 0.00053 0.07720 ( 2)
  86 N   0.00003 0.92224 0.00000 0.07772 ( 2)
  87 L   0.09026 0.83201 0.00761 0.07012 ( 2)
  88 W   0.50544 0.41683 0.04260 0.03513 ( 1)
  89 S   0.63947 0.28280 0.05389 0.02383 ( 1)
  90 I   0.83676 0.08551 0.07052 0.00721 ( 1)
  91 T   0.55092 0.37136 0.04643 0.03130 ( 1)
  92 K   0.25326 0.66902 0.02134 0.05638 ( 2)
  93 G   0.91924 0.00304 0.07747 0.00026 ( 1)
  94 T   0.00223 0.92004 0.00019 0.07754 ( 2)
  95 P   0.00521 0.91706 0.00044 0.07729 ( 2)
  96 T   0.05964 0.86263 0.00503 0.07270 ( 2)
  97 N   0.01120 0.91107 0.00094 0.07678 ( 2)
  98 D   0.04060 0.88167 0.00342 0.07430 ( 2)
  99 V   0.77179 0.15049 0.06504 0.01268 ( 1)
 100 R   0.38582 0.53645 0.03252 0.04521 ( 2)
 101 -   0.43442 0.48786 0.03661 0.04111 ( 2)
 102 N   0.73703 0.18524 0.06211 0.01561 ( 1)
 103 M   0.11822 0.80406 0.00996 0.06776 ( 2)
 104 F   0.25751 0.66476 0.02170 0.05602 ( 2)
 105 T   0.67638 0.24590 0.05700 0.02072 ( 1)
 106 T   0.18010 0.74218 0.01518 0.06255 ( 2)
 107 P   0.64254 0.27973 0.05415 0.02357 ( 1)
 108 Y   0.19430 0.72798 0.01637 0.06135 ( 2)
 109 -   0.43442 0.48786 0.03661 0.04111 ( 2)
 110 F   0.01238 0.90990 0.00104 0.07668 ( 2)
 111 P   0.24111 0.68116 0.02032 0.05741 ( 2)
 112 Y   0.03930 0.88297 0.00331 0.07441 ( 2)
 113 D   0.74069 0.18159 0.06242 0.01530 ( 1)
 114 D   0.74069 0.18159 0.06242 0.01530 ( 1)
 115 I   0.21022 0.71206 0.01772 0.06001 ( 2)
 116 W   0.56749 0.35478 0.04783 0.02990 ( 1)
 117 K   0.69694 0.22534 0.05874 0.01899 ( 1)
 118 I   0.71261 0.20966 0.06006 0.01767 ( 1)
 119 K   0.69694 0.22534 0.05874 0.01899 ( 1)
 120 N   0.73703 0.18524 0.06211 0.01561 ( 1)
 121 E   0.02717 0.89511 0.00229 0.07544 ( 2)
 122 F   0.71324 0.20903 0.06011 0.01762 ( 1)
 123 F   0.00905 0.91322 0.00076 0.07696 ( 2)
 124 D   0.67223 0.25005 0.05665 0.02107 ( 1)
 125 -   0.43442 0.48786 0.03661 0.04111 ( 2)
 126 -   0.43442 0.48786 0.03661 0.04111 ( 2)
 127 Y   0.00369 0.91858 0.00031 0.07741 ( 2)
 128 D   0.00237 0.91991 0.00020 0.07753 ( 2)
 129 S   0.00131 0.92097 0.00011 0.07762 ( 2)
 130 P   0.77358 0.14869 0.06519 0.01253 ( 1)
 131 -   0.43442 0.48786 0.03661 0.04111 ( 2)
 132 -   0.43442 0.48786 0.03661 0.04111 ( 2)
 133 F   0.00269 0.91958 0.00023 0.07750 ( 2)
 134 D   0.08397 0.83831 0.00708 0.07065 ( 2)
 135 D   0.87373 0.04855 0.07363 0.00409 ( 1)
 136 L   0.00241 0.91986 0.00020 0.07752 ( 2)
 137 A   0.05569 0.86659 0.00469 0.07303 ( 2)
 138 V   0.37029 0.55198 0.03121 0.04652 ( 2)
 139 D   0.03230 0.88998 0.00272 0.07500 ( 2)
 140 N   0.00275 0.91953 0.00023 0.07749 ( 2)
 141 W   0.89262 0.02965 0.07523 0.00250 ( 1)
 142 T   0.58478 0.33749 0.04928 0.02844 ( 1)
 143 F   0.24058 0.68169 0.02028 0.05745 ( 2)
 144 S   0.68303 0.23925 0.05756 0.02016 ( 1)
 145 F   0.62800 0.29428 0.05292 0.02480 ( 1)
 146 R   0.19761 0.72467 0.01665 0.06107 ( 2)
 147 Y   0.02970 0.89257 0.00250 0.07522 ( 2)
 148 S   0.59330 0.32897 0.05000 0.02772 ( 1)
 149 D   0.00412 0.91816 0.00035 0.07738 ( 2)
 150 D   0.74069 0.18159 0.06242 0.01530 ( 1)
 151 Q   0.65325 0.26903 0.05505 0.02267 ( 1)
 152 Y   0.03468 0.88759 0.00292 0.07480 ( 2)
 153 F   0.77548 0.14680 0.06535 0.01237 ( 1)
 154 E   0.00017 0.92211 0.00001 0.07771 ( 2)
 155 L   0.03987 0.88240 0.00336 0.07437 ( 2)
 156 S   0.01936 0.90292 0.00163 0.07609 ( 2)
 157 T   0.69161 0.23066 0.05829 0.01944 ( 1)
 158 Y   0.04183 0.88045 0.00352 0.07420 ( 2)
 159 D   0.30346 0.61882 0.02557 0.05215 ( 2)
 160 K   0.03426 0.88802 0.00289 0.07484 ( 2)
 161 S   0.91324 0.00904 0.07696 0.00076 ( 1)
 162 V   0.53385 0.38842 0.04499 0.03273 ( 1)
 163 T   0.85543 0.06685 0.07209 0.00563 ( 1)
 164 R   0.91384 0.00844 0.07701 0.00071 ( 1)
 165 F   0.06756 0.85472 0.00569 0.07203 ( 2)
 166 Y   0.07495 0.84732 0.00632 0.07141 ( 2)
 167 G   0.13483 0.78745 0.01136 0.06636 ( 2)
 168 L   0.89378 0.02850 0.07532 0.00240 ( 1)
 169 P   0.02591 0.89636 0.00218 0.07554 ( 2)
 170 C   0.02712 0.89515 0.00229 0.07544 ( 2)
 171 R   0.54688 0.37539 0.04609 0.03164 ( 1)
 172 A   0.09695 0.82533 0.00817 0.06956 ( 2)
 173 K   0.51675 0.40552 0.04355 0.03418 ( 1)
 174 -   0.43442 0.48786 0.03661 0.04111 ( 2)
 175 -   0.43442 0.48786 0.03661 0.04111 ( 2)
 176 -   0.43442 0.48786 0.03661 0.04111 ( 2)
 177 -   0.43442 0.48786 0.03661 0.04111 ( 2)
 178 -   0.34938 0.57290 0.02944 0.04828 ( 2)
 179 N   0.03418 0.88809 0.00288 0.07484 ( 2)
 180 S   0.00692 0.91535 0.00058 0.07714 ( 2)
 181 G   0.01216 0.91011 0.00103 0.07670 ( 2)
 182 I   0.76384 0.15843 0.06437 0.01335 ( 1)
 183 C   0.06786 0.85441 0.00572 0.07201 ( 2)
 184 D   0.89780 0.02448 0.07566 0.00206 ( 1)
 185 P   0.47269 0.44959 0.03984 0.03789 ( 1)
 186 C   0.49174 0.43053 0.04144 0.03628 ( 1)
 187 D   0.81631 0.10597 0.06879 0.00893 ( 1)
 188 S   0.02290 0.89937 0.00193 0.07580 ( 2)
 189 Q   0.52543 0.39684 0.04428 0.03344 ( 1)
 190 N   0.90107 0.02121 0.07594 0.00179 ( 1)
 191 P   0.20728 0.71500 0.01747 0.06026 ( 2)
 192 C   0.91666 0.00561 0.07725 0.00047 ( 1)
 193 R   0.07318 0.84909 0.00617 0.07156 ( 2)
 194 K   0.08680 0.83547 0.00732 0.07041 ( 2)
 195 E   0.00914 0.91313 0.00077 0.07695 ( 2)
 196 L   0.17631 0.74596 0.01486 0.06287 ( 2)
 197 P   0.23384 0.68843 0.01971 0.05802 ( 2)
 198 N   0.00397 0.91831 0.00033 0.07739 ( 2)
 199 T   0.00303 0.91924 0.00026 0.07747 ( 2)
 200 T   0.01378 0.90849 0.00116 0.07656 ( 2)
 201 -   0.43973 0.48255 0.03706 0.04067 ( 2)
 202 -   0.44289 0.47939 0.03732 0.04040 ( 2)
 203 -   0.57256 0.34972 0.04825 0.02947 ( 1)
 204 -   0.85236 0.06991 0.07183 0.00589 ( 1)
 205 -   0.00536 0.91691 0.00045 0.07727 ( 2)
 206 M   0.41324 0.50904 0.03483 0.04290 ( 2)
 207 P   0.00624 0.91604 0.00053 0.07720 ( 2)
 208 C   0.03656 0.88572 0.00308 0.07464 ( 2)
 209 E   0.78890 0.13338 0.06648 0.01124 ( 1)
 210 D   0.29849 0.62378 0.02516 0.05257 ( 2)
 211 K   0.20867 0.71361 0.01759 0.06014 ( 2)
 212 R   0.00088 0.92139 0.00007 0.07765 ( 2)
 213 L   0.89724 0.02504 0.07562 0.00211 ( 1)
 214 Y   0.01074 0.91154 0.00090 0.07682 ( 2)
 215 S   0.73050 0.19177 0.06156 0.01616 ( 1)
 216 H   0.92125 0.00102 0.07764 0.00009 ( 1)
 217 R   0.90629 0.01599 0.07638 0.00135 ( 1)
 218 L   0.88328 0.03900 0.07444 0.00329 ( 1)
 219 A   0.82336 0.09892 0.06939 0.00834 ( 1)
 220 Y   0.79092 0.13136 0.06665 0.01107 ( 1)
 221 M   0.20429 0.71798 0.01722 0.06051 ( 2)
 222 G   0.30251 0.61977 0.02549 0.05223 ( 2)
 223 A   0.45264 0.46963 0.03815 0.03958 ( 2)
 224 G   0.90150 0.02077 0.07597 0.00175 ( 1)
 225 E   0.81549 0.10679 0.06873 0.00900 ( 1)
 226 N   0.06642 0.85585 0.00560 0.07213 ( 2)
 227 V   0.10591 0.81636 0.00893 0.06880 ( 2)
 228 Y   0.08526 0.83701 0.00719 0.07054 ( 2)
 229 -   0.89207 0.03020 0.07518 0.00255 ( 1)
 230 -   0.04779 0.87449 0.00403 0.07370 ( 2)
 231 -   0.87247 0.04980 0.07353 0.00420 ( 1)
 232 -   0.86560 0.05668 0.07295 0.00478 ( 1)
 233 -   0.59698 0.32529 0.05031 0.02741 ( 1)
 234 -   0.20044 0.72184 0.01689 0.06083 ( 2)
 235 -   0.62173 0.30055 0.05240 0.02533 ( 1)
 236 P   0.00958 0.91269 0.00081 0.07692 ( 2)
 237 P   0.85359 0.06868 0.07194 0.00579 ( 1)
 238 P   0.76300 0.15927 0.06430 0.01342 ( 1)
 239 S   0.02523 0.89705 0.00213 0.07560 ( 2)
 240 L   0.91311 0.00916 0.07695 0.00077 ( 1)
 241 T   0.49013 0.43215 0.04131 0.03642 ( 1)
 242 Y   0.86546 0.05681 0.07294 0.00479 ( 1)
 243 S   0.10653 0.81575 0.00898 0.06875 ( 2)
 244 A   0.01479 0.90749 0.00125 0.07648 ( 2)
 245 Y   0.77224 0.15003 0.06508 0.01264 ( 1)
 246 G   0.91538 0.00689 0.07714 0.00058 ( 1)
 247 W   0.91623 0.00604 0.07722 0.00051 ( 1)
 248 T   0.91565 0.00662 0.07717 0.00056 ( 1)
 249 H   0.91938 0.00289 0.07748 0.00024 ( 1)
 250 V   0.09105 0.83123 0.00767 0.07005 ( 2)
 251 S   0.92124 0.00103 0.07764 0.00009 ( 1)


lnL = -3377.334745

