Supplemental results for CODEML (seqf: algn  treef: tree)


dN/dS (w) for site classes (K=4)

site class             0        1       2a       2b
proportion       0.51012  0.39805  0.05158  0.04025
background w     0.12762  0.87544  0.12762  0.87544
foreground w     0.12762  0.87544 260.16149 260.16149

Naive Empirical Bayes (NEB) probabilities for 4 classes
(amino acids refer to 1st sequence: BT_Cry52Ca1)

   1 Q   0.84405 0.06411 0.08535 0.00648 ( 1)
   2 V   0.76341 0.14476 0.07719 0.01464 ( 1)
   3 K   0.03861 0.92308 0.00124 0.03707 ( 2)
   4 S   0.16173 0.81083 0.00444 0.02300 ( 2)
   5 E   0.97323 0.00487 0.02179 0.00011 ( 1)
   6 L   0.95044 0.01403 0.03500 0.00052 ( 1)
   7 T   0.96474 0.00954 0.02545 0.00027 ( 1)
   8 R   0.97622 0.00207 0.02166 0.00005 ( 1)
   9 E   0.42225 0.54990 0.01175 0.01610 ( 2)
  10 I   0.97902 0.00379 0.01712 0.00008 ( 1)
  11 Y   0.81010 0.16801 0.01790 0.00399 ( 1)
  12 S   0.93901 0.03523 0.02477 0.00099 ( 1)
  13 D   0.98359 0.00183 0.01454 0.00003 ( 1)
  14 V   0.81463 0.15371 0.02659 0.00507 ( 1)
  15 V   0.63549 0.34243 0.01421 0.00788 ( 1)
  16 N   0.97205 0.01028 0.01747 0.00019 ( 1)
  17 -   0.29611 0.63916 0.02045 0.04428 ( 2)
  18 -   0.02114 0.53051 0.24642 0.20193 ( 2)
  19 -   0.87249 0.07040 0.05283 0.00427 ( 1)
  20 -   0.41464 0.41829 0.08000 0.08707 ( 2)
  21 -   0.85081 0.09970 0.04428 0.00521 ( 1)
  22 -   0.41127 0.57002 0.00728 0.01144 ( 2)
  23 -   0.03860 0.94370 0.00063 0.01706 ( 2)
  24 -   0.85976 0.11769 0.01972 0.00283 ( 1)
  25 -   0.88132 0.10246 0.01446 0.00176 ( 1)
  26 A   0.72309 0.20886 0.05279 0.01527 ( 1)
  27 D   0.46865 0.50412 0.01271 0.01452 ( 2)
  28 V   0.00331 0.97249 0.00008 0.02412 ( 2)
  29 F   0.92237 0.05663 0.01969 0.00131 ( 1)
  30 G   0.23777 0.63596 0.02449 0.10178 ( 2)
  31 T   0.14871 0.82892 0.00321 0.01915 ( 2)
  32 I   0.92617 0.04762 0.02489 0.00133 ( 1)
  33 Y   0.83273 0.07544 0.08420 0.00763 ( 1)
  34 T   0.00082 0.97546 0.00002 0.02370 ( 2)
  35 D   0.00383 0.96362 0.00013 0.03242 ( 2)
  36 N   0.87276 0.10970 0.01548 0.00207 ( 1)
  37 N   0.01866 0.93951 0.00080 0.04102 ( 2)
  38 R   0.12752 0.83094 0.00548 0.03607 ( 2)
  39 N   0.94896 0.02841 0.02193 0.00071 ( 1)
  40 E   0.95701 0.00353 0.03931 0.00015 ( 1)
  41 E   0.94145 0.04475 0.01312 0.00068 ( 1)
  42 L   0.05920 0.91833 0.00132 0.02115 ( 2)
  43 Y   0.87756 0.10366 0.01667 0.00210 ( 1)
  44 T   0.72864 0.24503 0.01953 0.00681 ( 1)
  45 R   0.64159 0.31315 0.03040 0.01486 ( 1)
  46 P   0.12514 0.84695 0.00350 0.02440 ( 2)
  47 P   0.92157 0.01039 0.06728 0.00076 ( 1)
  48 H   0.01848 0.94000 0.00078 0.04074 ( 2)
  49 L   0.95700 0.00752 0.03521 0.00028 ( 1)
  50 F   0.93298 0.01506 0.05113 0.00083 ( 1)
  51 T   0.39174 0.52234 0.03704 0.04888 ( 2)
  52 W   0.92264 0.01943 0.05673 0.00120 ( 1)
  53 L   0.86947 0.07423 0.05185 0.00445 ( 1)
  54 R   0.91194 0.06939 0.01718 0.00149 ( 1)
  55 G   0.16667 0.44611 0.22802 0.15920 ( 2)
  56 F   0.85796 0.12009 0.01921 0.00274 ( 1)
  57 R   0.01456 0.61332 0.07469 0.29742 ( 2)
  58 F   0.92078 0.02111 0.05680 0.00131 ( 1)
  59 V   0.00699 0.96986 0.00016 0.02300 ( 2)
  60 T   0.29340 0.67925 0.00793 0.01942 ( 2)
  61 N   0.70255 0.27502 0.01583 0.00660 ( 1)
  62 S   0.00002 0.27242 0.00102 0.72654 ( 4)
  63 I   0.55265 0.38268 0.03816 0.02651 ( 1)
  64 S   0.00060 0.67565 0.00076 0.32299 ( 2)
  65 S   0.02616 0.90873 0.00181 0.06330 ( 2)
  66 G   0.61183 0.36601 0.01356 0.00860 ( 1)
  67 S   0.01628 0.91801 0.00114 0.06456 ( 2)
  68 R   0.00003 0.26470 0.00123 0.73404 ( 4)
  69 T   0.18055 0.79652 0.00401 0.01892 ( 2)
  70 W   0.21180 0.76727 0.00411 0.01682 ( 2)
  71 T   0.83238 0.11464 0.04653 0.00645 ( 1)
  72 F   0.58910 0.22392 0.13959 0.04739 ( 1)
  73 L   0.79847 0.14359 0.04910 0.00884 ( 1)
  74 A   0.92260 0.05878 0.01738 0.00124 ( 1)
  75 G   0.96515 0.00470 0.03000 0.00015 ( 1)
  76 N   0.43901 0.51581 0.02064 0.02454 ( 2)
  77 Q   0.05064 0.46301 0.35582 0.13053 ( 2)
  78 N   0.87879 0.06619 0.05115 0.00387 ( 1)
  79 K   0.18212 0.79843 0.00331 0.01614 ( 2)
  80 Y   0.62897 0.17777 0.16095 0.03231 ( 1)
  81 S   0.16186 0.78156 0.00969 0.04689 ( 2)
  82 Y   0.08061 0.64413 0.10539 0.16988 ( 2)
  83 T   0.97452 0.00697 0.01836 0.00015 ( 1)
  84 R   0.00172 0.74626 0.01265 0.23936 ( 2)
  85 D   0.04280 0.94027 0.00064 0.01629 ( 2)
  86 N   0.23889 0.66928 0.02416 0.06768 ( 2)
  87 R   0.18812 0.72005 0.01902 0.07281 ( 2)
  88 I   0.63672 0.27145 0.06438 0.02745 ( 1)
  89 I   0.63672 0.27145 0.06438 0.02745 ( 1)
  90 Y   0.03425 0.87392 0.00346 0.08837 ( 2)
  91 G   0.58395 0.32422 0.05905 0.03278 ( 1)
  92 P   0.60645 0.30172 0.06132 0.03051 ( 1)
  93 F   0.20070 0.78041 0.00366 0.01524 ( 2)
  94 Y   0.00274 0.73007 0.02727 0.23991 ( 2)
  95 G   0.28784 0.69587 0.00439 0.01190 ( 2)
  96 Q   0.01194 0.96655 0.00023 0.02128 ( 2)
  97 D   0.28212 0.69030 0.00787 0.01971 ( 2)
  98 T   0.79369 0.18452 0.01742 0.00436 ( 1)
  99 N   0.80652 0.17803 0.01236 0.00309 ( 1)
 100 Y   0.93060 0.00492 0.06414 0.00034 ( 1)
 101 G   0.96515 0.00470 0.03000 0.00015 ( 1)
 102 G   0.15999 0.82512 0.00223 0.01266 ( 2)
 103 T   0.92365 0.05559 0.01949 0.00126 ( 1)
 104 S   0.92348 0.01348 0.06214 0.00091 ( 1)
 105 S   0.75907 0.22310 0.01364 0.00418 ( 1)
 106 D   0.24372 0.66445 0.02464 0.06719 ( 2)
 107 T   0.20289 0.70527 0.02052 0.07132 ( 2)
 108 D   0.64853 0.25964 0.06558 0.02625 ( 1)
 109 F   0.21152 0.69665 0.02139 0.07044 ( 2)
 110 A   0.68218 0.29670 0.01440 0.00672 ( 1)
 111 E   0.00582 0.95401 0.00024 0.03993 ( 2)
 112 D   0.00016 0.64135 0.00022 0.35828 ( 2)
 113 S   0.06152 0.90326 0.00222 0.03300 ( 2)
 114 Y   0.00204 0.98087 0.00003 0.01706 ( 2)
 115 V   0.50074 0.43599 0.03379 0.02949 ( 1)
 116 Y   0.97621 0.00639 0.01728 0.00012 ( 1)
 117 N   0.93189 0.02333 0.04368 0.00110 ( 1)
 118 L   0.96709 0.01131 0.02134 0.00026 ( 1)
 119 W   0.12265 0.85400 0.00278 0.02056 ( 2)
 120 T   0.07474 0.86024 0.00518 0.05983 ( 2)
 121 K   0.96725 0.01623 0.01620 0.00032 ( 1)
 122 N   0.98000 0.00542 0.01449 0.00009 ( 1)
 123 Y   0.55217 0.42133 0.01480 0.01170 ( 1)
 124 E   0.92649 0.05252 0.01978 0.00122 ( 1)
 125 F   0.02484 0.92982 0.00117 0.04416 ( 2)
 126 -   0.00793 0.50534 0.18143 0.30530 ( 2)
 127 -   0.07973 0.88476 0.00291 0.03260 ( 2)
 128 -   0.34823 0.63681 0.00498 0.00998 ( 2)
 129 -   0.14892 0.83183 0.00271 0.01654 ( 2)
 130 -   0.08852 0.30702 0.53322 0.07124 ( 3)
 131 -   0.03670 0.64677 0.06279 0.25375 ( 2)
 132 -   0.16431 0.77236 0.01108 0.05226 ( 2)
 133 -   0.54521 0.43264 0.01192 0.01023 ( 1)
 134 -   0.05248 0.06002 0.85554 0.03195 ( 3)
 135 -   0.58640 0.39202 0.01272 0.00886 ( 1)
 136 I   0.89225 0.08170 0.02373 0.00233 ( 1)
 137 S   0.00282 0.04922 0.84453 0.10342 ( 3)
 138 P   0.57952 0.40188 0.01081 0.00779 ( 1)
 139 Y   0.00726 0.55431 0.07370 0.36473 ( 2)
 140 T   0.84245 0.14129 0.01383 0.00243 ( 1)
 141 D   0.02107 0.95998 0.00038 0.01857 ( 2)
 142 P   0.47858 0.46412 0.02905 0.02825 ( 1)
 143 V   0.94382 0.03837 0.01706 0.00075 ( 1)
 144 N   0.94625 0.03261 0.02042 0.00072 ( 1)
 145 I   0.00017 0.94306 0.00001 0.05676 ( 2)
 146 T   0.32903 0.65234 0.00598 0.01266 ( 2)
 147 K   0.01414 0.38415 0.35613 0.24558 ( 2)
 148 I   0.91885 0.04564 0.03380 0.00171 ( 1)
 149 N   0.65176 0.25640 0.06590 0.02593 ( 1)
 150 F   0.68277 0.07630 0.21789 0.02305 ( 1)
 151 S   0.00317 0.93858 0.00020 0.05806 ( 2)
 152 V   0.93846 0.04426 0.01641 0.00088 ( 1)
 153 T   0.88230 0.09830 0.01725 0.00215 ( 1)
 154 N   0.00913 0.96743 0.00020 0.02324 ( 2)
 155 N   0.37919 0.59834 0.00840 0.01407 ( 2)
 156 N   0.97987 0.00414 0.01591 0.00008 ( 1)
 157 S   0.00007 0.17666 0.00182 0.82146 ( 4)
 158 S   0.90950 0.04573 0.04261 0.00215 ( 1)
 159 K   0.00032 0.81956 0.00044 0.17968 ( 2)
 160 D   0.04813 0.07922 0.83396 0.03869 ( 3)
 161 E   0.00757 0.95694 0.00028 0.03522 ( 2)
 162 T   0.00081 0.97892 0.00002 0.02025 ( 2)
 163 Y   0.97308 0.00951 0.01723 0.00018 ( 1)
 164 G   0.26175 0.71900 0.00460 0.01464 ( 2)
 165 G   0.08340 0.89363 0.00183 0.02114 ( 2)
 166 E   0.00032 0.94433 0.00002 0.05533 ( 2)
 167 R   0.36152 0.46125 0.08187 0.09535 ( 2)
 168 N   0.96327 0.02069 0.01564 0.00040 ( 1)
 169 L   0.63772 0.33893 0.01515 0.00819 ( 1)
 170 P   0.71146 0.26988 0.01334 0.00532 ( 1)
 171 T   0.94479 0.02792 0.02543 0.00186 ( 1)
 172 V   0.44855 0.52904 0.00996 0.01245 ( 2)
 173 Q   0.06929 0.86590 0.00479 0.06003 ( 2)
 174 T   0.00495 0.97984 0.00007 0.01514 ( 2)
 175 N   0.00029 0.16848 0.01143 0.81980 ( 4)
 176 F   0.00833 0.96800 0.00019 0.02349 ( 2)
 177 D   0.06153 0.89657 0.00268 0.03922 ( 2)
 178 F   0.78377 0.05583 0.14965 0.01076 ( 1)
 179 L   0.30769 0.61863 0.02551 0.04817 ( 2)
 180 T   0.71595 0.24913 0.02583 0.00908 ( 1)
 181 N   0.04115 0.12221 0.74886 0.08777 ( 3)
 182 K   0.54905 0.42800 0.01261 0.01033 ( 1)
 183 V   0.60020 0.36411 0.02208 0.01361 ( 1)
 184 G   0.52549 0.44278 0.01715 0.01458 ( 1)
 185 -   0.94566 0.03170 0.02185 0.00079 ( 1)
 186 -   0.79728 0.18061 0.01783 0.00428 ( 1)
 187 -   0.17543 0.77398 0.00933 0.04127 ( 2)
 188 N   0.01012 0.93894 0.00054 0.05040 ( 2)
 189 G   0.10451 0.83877 0.00628 0.05044 ( 2)
 190 S   0.00973 0.95797 0.00032 0.03198 ( 2)
 191 P   0.97668 0.00220 0.02107 0.00005 ( 1)
 192 T   0.91382 0.06435 0.02036 0.00147 ( 1)
 193 Y   0.95502 0.02711 0.01734 0.00053 ( 1)
 194 N   0.92158 0.04824 0.02865 0.00152 ( 1)
 195 N   0.98191 0.00351 0.01452 0.00006 ( 1)
 196 -   0.47552 0.50063 0.01120 0.01265 ( 2)
 197 -   0.88178 0.07877 0.03620 0.00325 ( 1)
 198 -   0.95160 0.02649 0.02128 0.00063 ( 1)
 199 Y   0.92882 0.00670 0.06402 0.00046 ( 1)
 200 N   0.96420 0.02240 0.01306 0.00034 ( 1)
 201 H   0.98335 0.00089 0.01575 0.00001 ( 1)
 202 I   0.87772 0.08072 0.03804 0.00351 ( 1)
 203 L   0.95700 0.00752 0.03521 0.00028 ( 1)
 204 S   0.95347 0.03312 0.01292 0.00050 ( 1)
 205 Y   0.60936 0.33479 0.03601 0.01984 ( 1)
 206 M   0.94214 0.04004 0.01704 0.00079 ( 1)
 207 L   0.89863 0.06120 0.03756 0.00261 ( 1)
 208 T   0.88558 0.07495 0.03636 0.00310 ( 1)
 209 N   0.91823 0.05513 0.02508 0.00156 ( 1)
 210 G   0.03165 0.94849 0.00057 0.01928 ( 2)
 211 T   0.28016 0.69729 0.00606 0.01649 ( 2)
 212 F   0.00985 0.97296 0.00016 0.01704 ( 2)
 213 S   0.00601 0.97042 0.00013 0.02343 ( 2)
 214 Q   0.78745 0.15267 0.05029 0.00959 ( 1)
 215 K   0.41460 0.56168 0.00993 0.01379 ( 2)
 216 -   0.51012 0.39805 0.05158 0.04025 ( 1)
 217 -   0.51012 0.39805 0.05158 0.04025 ( 1)
 218 -   0.51012 0.39805 0.05158 0.04025 ( 1)
 219 -   0.51012 0.39805 0.05158 0.04025 ( 1)
 220 -   0.51012 0.39805 0.05158 0.04025 ( 1)
 221 -   0.51012 0.39805 0.05158 0.04025 ( 1)
 222 -   0.51012 0.39805 0.05158 0.04025 ( 1)
 223 -   0.51012 0.39805 0.05158 0.04025 ( 1)
 224 R   0.95085 0.01899 0.02956 0.00060 ( 1)
 225 H   0.08170 0.86170 0.00488 0.05172 ( 2)
 226 G   0.95756 0.02520 0.01674 0.00050 ( 1)
 227 Y   0.89121 0.08762 0.01923 0.00194 ( 1)
 228 T   0.86871 0.10512 0.02328 0.00289 ( 1)
 229 F   0.94348 0.02103 0.03471 0.00079 ( 1)
 230 A   0.74995 0.23222 0.01349 0.00434 ( 1)
 231 F   0.61972 0.32232 0.03811 0.01985 ( 1)
 232 T   0.96377 0.01051 0.02542 0.00030 ( 1)
 233 H   0.98335 0.00089 0.01575 0.00001 ( 1)
 234 S   0.44446 0.52894 0.01191 0.01469 ( 2)
 235 S   0.98151 0.00510 0.01331 0.00007 ( 1)


lnL = -3460.219213

