Supplemental results for CODEML (seqf: algn  treef: tree)


dN/dS (w) for site classes (K=4)

site class             0        1       2a       2b
proportion       0.23862  0.74277  0.00452  0.01408
background w     0.04358  0.53034  0.04358  0.53034
foreground w     0.04358  0.53034 12.25883 12.25883

Naive Empirical Bayes (NEB) probabilities for 4 classes
(amino acids refer to 1st sequence: BT_Cry32Ja1)

   1 P   0.19853 0.80093 0.00006 0.00048 ( 2)
   2 T   0.88099 0.11870 0.00022 0.00009 ( 1)
   3 K   0.99337 0.00652 0.00010 0.00000 ( 1)
   4 S   0.63293 0.36672 0.00020 0.00015 ( 1)
   5 Q   0.99119 0.00876 0.00005 0.00000 ( 1)
   6 L   0.99904 0.00092 0.00004 0.00000 ( 1)
   7 T   0.99846 0.00137 0.00017 0.00000 ( 1)
   8 R   0.99799 0.00194 0.00007 0.00000 ( 1)
   9 T   0.00010 0.99957 0.00000 0.00033 ( 2)
  10 V   0.12358 0.87594 0.00003 0.00045 ( 2)
  11 Y   0.99743 0.00250 0.00007 0.00000 ( 1)
  12 T   0.99815 0.00170 0.00015 0.00000 ( 1)
  13 P   0.00001 0.71663 0.00349 0.27988 ( 2)
  14 F   0.00051 0.99789 0.00002 0.00159 ( 2)
  15 V   0.00029 0.98730 0.00032 0.01208 ( 2)
  16 L   0.00540 0.99414 0.00000 0.00046 ( 2)
  17 S   0.00000 0.99426 0.00000 0.00574 ( 2)
  18 Y   0.00294 0.97845 0.00006 0.01855 ( 2)
  19 P   0.02483 0.95656 0.00047 0.01814 ( 2)
  20 T   0.00604 0.97535 0.00011 0.01849 ( 2)
  21 -   0.25385 0.72754 0.00481 0.01380 ( 2)
  22 -   0.29274 0.68865 0.00555 0.01306 ( 2)
  23 -   0.29118 0.69021 0.00552 0.01309 ( 2)
  24 -   0.27112 0.71027 0.00514 0.01347 ( 2)
  25 -   0.28285 0.69854 0.00536 0.01325 ( 2)
  26 -   0.24705 0.73434 0.00468 0.01392 ( 2)
  27 -   0.26404 0.71735 0.00501 0.01360 ( 2)
  28 -   0.27921 0.70218 0.00529 0.01331 ( 2)
  29 -   0.27921 0.70218 0.00529 0.01331 ( 2)
  30 P   0.04138 0.94001 0.00078 0.01782 ( 2)
  31 N   0.00513 0.98454 0.00199 0.00834 ( 2)
  32 L   0.00121 0.99277 0.00002 0.00601 ( 2)
  33 P   0.00179 0.99634 0.00009 0.00179 ( 2)
  34 L   0.00001 0.99758 0.00000 0.00241 ( 2)
  35 I   0.97884 0.02110 0.00005 0.00001 ( 1)
  36 S   0.00015 0.97092 0.00038 0.02855 ( 2)
  37 E   0.00004 0.99219 0.00000 0.00777 ( 2)
  38 I   0.00385 0.99341 0.00017 0.00258 ( 2)
  39 E   0.15647 0.84263 0.00006 0.00084 ( 2)
  40 S   0.00003 0.99812 0.00000 0.00185 ( 2)
  41 Q   0.00001 0.99589 0.00002 0.00409 ( 2)
  42 V   0.00762 0.98973 0.00000 0.00265 ( 2)
  43 V   0.03565 0.96351 0.00001 0.00083 ( 2)
  44 V   0.00129 0.99767 0.00000 0.00103 ( 2)
  45 P   0.99729 0.00267 0.00004 0.00000 ( 1)
  46 P   0.96416 0.03575 0.00009 0.00001 ( 1)
  47 S   0.34935 0.65047 0.00002 0.00015 ( 2)
  48 L   0.99188 0.00790 0.00021 0.00000 ( 1)
  49 F   0.99990 0.00006 0.00004 0.00000 ( 1)
  50 S   0.00353 0.99632 0.00000 0.00015 ( 2)
  51 W   0.99316 0.00676 0.00008 0.00000 ( 1)
  52 L   0.91950 0.08040 0.00009 0.00001 ( 1)
  53 F   0.00597 0.99206 0.00001 0.00196 ( 2)
  54 L   0.00198 0.99791 0.00000 0.00011 ( 2)
  55 I   0.03233 0.96659 0.00001 0.00107 ( 2)
  56 E   0.00003 0.99874 0.00000 0.00123 ( 2)
  57 S   0.03410 0.96556 0.00001 0.00033 ( 2)
  58 Y   0.99116 0.00307 0.00577 0.00000 ( 1)
  59 T   0.03359 0.96608 0.00006 0.00027 ( 2)
  60 E   0.00089 0.99875 0.00000 0.00036 ( 2)
  61 K   0.00000 0.99923 0.00000 0.00076 ( 2)
  62 A   0.00001 0.99726 0.00000 0.00273 ( 2)
  63 A   0.00002 0.99880 0.00000 0.00119 ( 2)
  64 Q   0.00106 0.99791 0.00001 0.00102 ( 2)
  65 D   0.00001 0.99071 0.00000 0.00929 ( 2)
  66 -   0.23862 0.74277 0.00452 0.01408 ( 2)
  67 -   0.23862 0.74277 0.00452 0.01408 ( 2)
  68 -   0.01504 0.98304 0.00048 0.00144 ( 2)
  69 K   0.00018 0.99183 0.00000 0.00799 ( 2)
  70 E   0.00008 0.83521 0.02107 0.14364 ( 2)
  71 C   0.00000 0.99916 0.00000 0.00083 ( 2)
  72 L   0.00001 0.87992 0.00225 0.11782 ( 2)
  73 T   0.00014 0.99971 0.00000 0.00015 ( 2)
  74 G   0.00035 0.99225 0.00006 0.00734 ( 2)
  75 Q   0.00334 0.99656 0.00000 0.00010 ( 2)
  76 R   0.00002 0.99954 0.00000 0.00043 ( 2)
  77 Q   0.00001 0.98461 0.00007 0.01531 ( 2)
  78 A   0.00069 0.99711 0.00000 0.00221 ( 2)
  79 F   0.62389 0.37599 0.00004 0.00008 ( 1)
  80 A   0.00008 0.99961 0.00000 0.00031 ( 2)
  81 Y   0.00026 0.99960 0.00000 0.00014 ( 2)
  82 T   0.03696 0.95948 0.00100 0.00256 ( 2)
  83 T   0.00006 0.99937 0.00000 0.00057 ( 2)
  84 G   0.00070 0.99743 0.00000 0.00187 ( 2)
  85 R   0.00000 0.96529 0.00000 0.03471 ( 2)
  86 D   0.39836 0.60128 0.00004 0.00031 ( 2)
  87 L   0.00081 0.99706 0.00004 0.00209 ( 2)
  88 F   0.00000 0.95291 0.00000 0.04709 ( 2)
  89 Q   0.00100 0.99831 0.00000 0.00069 ( 2)
  90 E   0.00083 0.99247 0.00016 0.00654 ( 2)
  91 F   0.00199 0.99785 0.00000 0.00016 ( 2)
  92 K   0.00015 0.99523 0.00012 0.00450 ( 2)
  93 -   0.23862 0.74277 0.00452 0.01408 ( 2)
  94 -   0.01506 0.96633 0.00029 0.01832 ( 2)
  95 G   0.05268 0.94712 0.00000 0.00019 ( 2)
  96 N   0.05062 0.94879 0.00001 0.00057 ( 2)
  97 L   0.00018 0.99859 0.00000 0.00123 ( 2)
  98 N   0.00000 0.92104 0.00005 0.07890 ( 2)
  99 G   0.00001 0.99756 0.00000 0.00242 ( 2)
 100 T   0.00002 0.99902 0.00000 0.00095 ( 2)
 101 Y   0.00000 0.98739 0.00000 0.01261 ( 2)
 102 R   0.00041 0.91424 0.00115 0.08419 ( 2)
 103 G   0.00241 0.99615 0.00000 0.00143 ( 2)
 104 Q   0.00000 0.76562 0.00002 0.23436 ( 2)
 105 L   0.00000 0.98641 0.00000 0.01359 ( 2)
 106 V   0.52686 0.47290 0.00005 0.00019 ( 1)
 107 A   0.00085 0.98914 0.00004 0.00997 ( 2)
 108 E   0.00249 0.99562 0.00007 0.00182 ( 2)
 109 P   0.02318 0.96845 0.00102 0.00734 ( 2)
 110 G   0.00063 0.99838 0.00000 0.00099 ( 2)
 111 L   0.89973 0.10013 0.00009 0.00004 ( 1)
 112 G   0.05805 0.92334 0.00110 0.01751 ( 2)
 113 Q   0.01245 0.96894 0.00024 0.01837 ( 2)
 114 Y   0.23862 0.74277 0.00452 0.01408 ( 2)
 115 V   0.01362 0.98600 0.00000 0.00037 ( 2)
 116 W   0.00001 0.99909 0.00000 0.00090 ( 2)
 117 A   0.05181 0.94741 0.00001 0.00076 ( 2)
 118 I   0.00041 0.99807 0.00000 0.00152 ( 2)
 119 E   0.10510 0.89459 0.00001 0.00030 ( 2)
 120 L   0.96527 0.03458 0.00014 0.00002 ( 1)
 121 Y   0.94882 0.05110 0.00006 0.00001 ( 1)
 122 G   0.00010 0.99943 0.00000 0.00047 ( 2)
 123 S   0.00210 0.99779 0.00000 0.00010 ( 2)
 124 G   0.00066 0.99740 0.00000 0.00193 ( 2)
 125 Y   0.66004 0.33965 0.00012 0.00020 ( 1)
 126 L   0.01530 0.98414 0.00000 0.00056 ( 2)
 127 -   0.23862 0.74277 0.00452 0.01408 ( 2)
 128 -   0.23862 0.74277 0.00452 0.01408 ( 2)
 129 -   0.23862 0.74277 0.00452 0.01408 ( 2)
 130 W   0.00000 0.99920 0.00000 0.00080 ( 2)
 131 D   0.00000 0.99903 0.00000 0.00096 ( 2)
 132 G   0.00334 0.99388 0.00004 0.00275 ( 2)
 133 Y   0.80700 0.19249 0.00020 0.00031 ( 1)
 134 P   0.00002 0.99637 0.00000 0.00361 ( 2)
 135 Y   0.00001 0.99952 0.00000 0.00047 ( 2)
 136 L   0.00085 0.99822 0.00000 0.00093 ( 2)
 137 H   0.00002 0.99324 0.00000 0.00674 ( 2)
 138 N   0.00121 0.99576 0.00006 0.00297 ( 2)
 139 L   0.00000 0.99694 0.00000 0.00306 ( 2)
 140 G   0.00011 0.99207 0.00002 0.00781 ( 2)
 141 -   0.00295 0.99313 0.00148 0.00244 ( 2)
 142 -   0.25291 0.72848 0.00480 0.01381 ( 2)
 143 -   0.35379 0.64465 0.00044 0.00111 ( 2)
 144 -   0.14152 0.85578 0.00022 0.00248 ( 2)
 145 -   0.01943 0.98033 0.00000 0.00024 ( 2)
 146 F   0.00003 0.99800 0.00000 0.00197 ( 2)
 147 F   0.00038 0.99919 0.00000 0.00043 ( 2)
 148 N   0.00004 0.99847 0.00000 0.00149 ( 2)
 149 F   0.99921 0.00074 0.00004 0.00000 ( 1)
 150 K   0.00642 0.99336 0.00000 0.00021 ( 2)
 151 L   0.95871 0.04124 0.00004 0.00001 ( 1)
 152 T   0.97352 0.02634 0.00013 0.00001 ( 1)
 153 -   0.02896 0.95243 0.00055 0.01806 ( 2)
 154 -   0.94905 0.05073 0.00021 0.00002 ( 1)
 155 -   0.46095 0.53883 0.00007 0.00015 ( 2)
 156 N   0.00001 0.98918 0.00000 0.01081 ( 2)
 157 S   0.00147 0.99794 0.00000 0.00059 ( 2)
 158 E   0.00000 0.13263 0.04469 0.82268 ( 4)
 159 D   0.00000 0.94849 0.00001 0.05150 ( 2)
 160 Q   0.00101 0.99846 0.00000 0.00053 ( 2)
 161 K   0.00370 0.99586 0.00000 0.00044 ( 2)
 162 I   0.00039 0.99733 0.00000 0.00228 ( 2)
 163 H   0.00325 0.99547 0.00000 0.00128 ( 2)
 164 V   0.19297 0.80626 0.00006 0.00071 ( 2)
 165 S   0.15030 0.84936 0.00002 0.00033 ( 2)
 166 P   0.00012 0.99965 0.00000 0.00023 ( 2)
 167 G   0.00010 0.99978 0.00000 0.00012 ( 2)
 168 D   0.00211 0.99689 0.00000 0.00099 ( 2)
 169 I   0.12798 0.87148 0.00003 0.00051 ( 2)
 170 V   0.00096 0.98787 0.00001 0.01115 ( 2)
 171 D   0.00623 0.92698 0.02140 0.04540 ( 2)
 172 G   0.00552 0.99386 0.00000 0.00062 ( 2)
 173 T   0.00018 0.99515 0.00000 0.00466 ( 2)
 174 T   0.00016 0.99708 0.00002 0.00274 ( 2)
 175 A   0.00240 0.99648 0.00001 0.00110 ( 2)
 176 I   0.00152 0.99655 0.00004 0.00189 ( 2)
 177 L   0.00636 0.99236 0.00005 0.00123 ( 2)
 178 G   0.96467 0.03515 0.00017 0.00001 ( 1)
 179 L   0.28137 0.71843 0.00004 0.00015 ( 2)
 180 P   0.89788 0.10200 0.00010 0.00003 ( 1)
 181 C   0.99870 0.00127 0.00003 0.00000 ( 1)
 182 K   0.01669 0.98222 0.00003 0.00106 ( 2)
 183 P   0.00129 0.99475 0.00004 0.00392 ( 2)
 184 N   0.25164 0.71364 0.02933 0.00539 ( 2)
 185 N   0.04281 0.95629 0.00003 0.00088 ( 2)
 186 N   0.00241 0.98803 0.00267 0.00689 ( 2)
 187 D   0.00960 0.98788 0.00009 0.00243 ( 2)
 188 -   0.00337 0.99547 0.00003 0.00113 ( 2)
 189 C   0.99870 0.00127 0.00003 0.00000 ( 1)
 190 D   0.80996 0.17244 0.01578 0.00182 ( 1)
 191 P   0.96219 0.02674 0.01101 0.00007 ( 1)
 192 C   0.99870 0.00127 0.00003 0.00000 ( 1)
 193 -   0.00007 0.99754 0.00001 0.00237 ( 2)
 194 -   0.01793 0.98014 0.00046 0.00147 ( 2)
 195 -   0.23862 0.74277 0.00452 0.01408 ( 2)
 196 N   0.84353 0.15620 0.00014 0.00012 ( 1)
 197 P   0.00314 0.99242 0.00124 0.00320 ( 2)
 198 C   0.99921 0.00076 0.00003 0.00000 ( 1)
 199 N   0.00000 0.33659 0.00002 0.66338 ( 4)
 200 T   0.00006 0.99767 0.00000 0.00227 ( 2)
 201 L   0.01323 0.98658 0.00000 0.00018 ( 2)
 202 P   0.00000 0.99691 0.00000 0.00309 ( 2)
 203 I   0.00011 0.99729 0.00000 0.00260 ( 2)
 204 N   0.99872 0.00091 0.00037 0.00000 ( 1)
 205 L   0.00004 0.99867 0.00000 0.00128 ( 2)
 206 S   0.05022 0.94966 0.00000 0.00011 ( 2)
 207 N   0.00384 0.99412 0.00014 0.00190 ( 2)
 208 P   0.99978 0.00018 0.00004 0.00000 ( 1)
 209 C   0.98551 0.01446 0.00003 0.00000 ( 1)
 210 N   0.99266 0.00726 0.00008 0.00000 ( 1)
 211 -   0.25407 0.72732 0.00482 0.01379 ( 2)
 212 -   0.25407 0.72732 0.00482 0.01379 ( 2)
 213 -   0.25533 0.72606 0.00484 0.01377 ( 2)
 214 -   0.25921 0.72218 0.00492 0.01369 ( 2)
 215 -   0.27349 0.70790 0.00519 0.01342 ( 2)
 216 -   0.27352 0.70787 0.00519 0.01342 ( 2)
 217 -   0.28139 0.70000 0.00534 0.01327 ( 2)
 218 -   0.25959 0.72180 0.00492 0.01369 ( 2)
 219 D   0.80301 0.19680 0.00009 0.00010 ( 1)
 220 I   0.00507 0.99477 0.00000 0.00017 ( 2)
 221 S   0.00014 0.98753 0.00004 0.01228 ( 2)
 222 L   0.65118 0.34816 0.00042 0.00023 ( 1)
 223 Y   0.99976 0.00018 0.00007 0.00000 ( 1)
 224 S   0.99993 0.00003 0.00004 0.00000 ( 1)
 225 H   0.01205 0.98529 0.00032 0.00234 ( 2)
 226 R   0.98708 0.01241 0.00050 0.00001 ( 1)
 227 F   0.95458 0.04500 0.00040 0.00003 ( 1)
 228 S   0.71908 0.28075 0.00008 0.00008 ( 1)
 229 Y   0.00540 0.99448 0.00000 0.00011 ( 2)
 230 L   0.01907 0.97637 0.00134 0.00321 ( 2)
 231 G   0.07165 0.92783 0.00002 0.00049 ( 2)
 232 T   0.00011 0.90770 0.00296 0.08923 ( 2)
 233 Y   0.00004 0.99181 0.00000 0.00815 ( 2)
 234 P   0.00001 0.99836 0.00000 0.00163 ( 2)
 235 A   0.00009 0.99385 0.00000 0.00606 ( 2)
 236 P   0.01991 0.97849 0.00003 0.00157 ( 2)
 237 P   0.00004 0.98417 0.00009 0.01570 ( 2)
 238 V   0.00001 0.31633 0.00937 0.67430 ( 4)
 239 N   0.00060 0.95244 0.00040 0.04656 ( 2)
 240 N   0.09110 0.89029 0.00173 0.01688 ( 2)
 241 W   0.01533 0.96606 0.00029 0.01832 ( 2)
 242 S   0.02984 0.95155 0.00057 0.01804 ( 2)
 243 P   0.04611 0.93528 0.00087 0.01774 ( 2)
 244 T   0.00002 0.99729 0.00000 0.00269 ( 2)
 245 N   0.00847 0.98931 0.00011 0.00212 ( 2)
 246 I   0.54567 0.45364 0.00030 0.00039 ( 1)
 247 G   0.03386 0.95856 0.00227 0.00530 ( 2)
 248 N   0.00034 0.99515 0.00028 0.00423 ( 2)
 249 F   0.00277 0.96120 0.00863 0.02741 ( 2)
 250 S   0.00005 0.99840 0.00000 0.00155 ( 2)
 251 F   0.17389 0.81531 0.00820 0.00261 ( 2)
 252 G   0.98858 0.01102 0.00039 0.00001 ( 1)
 253 W   0.99316 0.00676 0.00008 0.00000 ( 1)
 254 T   0.99812 0.00156 0.00032 0.00000 ( 1)
 255 H   0.99987 0.00010 0.00004 0.00000 ( 1)
 256 I   0.97225 0.02747 0.00027 0.00002 ( 1)
 257 S   0.99932 0.00054 0.00013 0.00000 ( 1)


lnL = -4866.330446

