Supplemental results for CODEML (seqf: algn  treef: tree)


dN/dS (w) for site classes (K=4)

site class             0        1       2a       2b
proportion       0.53870  0.36586  0.05684  0.03860
background w     0.14332  1.00000  0.14332  1.00000
foreground w     0.14332  1.00000 999.00000 999.00000

Naive Empirical Bayes (NEB) probabilities for 4 classes
(amino acids refer to 1st sequence: BT_Cry52Ca1)

   1 Q   0.85746 0.04710 0.09047 0.00497 ( 1)
   2 V   0.79796 0.10660 0.08419 0.01125 ( 1)
   3 K   0.05687 0.90237 0.00194 0.03882 ( 2)
   4 S   0.21496 0.75352 0.00683 0.02469 ( 2)
   5 E   0.97106 0.00347 0.02538 0.00010 ( 1)
   6 L   0.95000 0.00980 0.03978 0.00042 ( 1)
   7 T   0.96362 0.00696 0.02919 0.00023 ( 1)
   8 R   0.97314 0.00138 0.02543 0.00004 ( 1)
   9 E   0.51420 0.45424 0.01636 0.01520 ( 1)
  10 I   0.97739 0.00272 0.01983 0.00006 ( 1)
  11 Y   0.85003 0.12481 0.02173 0.00343 ( 1)
  12 S   0.94565 0.02490 0.02865 0.00081 ( 1)
  13 D   0.98172 0.00129 0.01697 0.00003 ( 1)
  14 V   0.85938 0.10435 0.03231 0.00396 ( 1)
  15 V   0.69691 0.27702 0.01851 0.00756 ( 1)
  16 N   0.97277 0.00615 0.02094 0.00014 ( 1)
  17 -   0.37108 0.55936 0.02771 0.04186 ( 2)
  18 -   0.02228 0.51684 0.27901 0.18187 ( 2)
  19 -   0.88705 0.05081 0.05877 0.00337 ( 1)
  20 -   0.48632 0.34190 0.09878 0.07300 ( 1)
  21 -   0.87437 0.07096 0.05055 0.00411 ( 1)
  22 -   0.49779 0.48108 0.01005 0.01108 ( 1)
  23 -   0.04991 0.92956 0.00094 0.01958 ( 2)
  24 -   0.89144 0.08242 0.02384 0.00231 ( 1)
  25 -   0.91022 0.07035 0.01797 0.00145 ( 1)
  26 A   0.78313 0.14403 0.06152 0.01132 ( 1)
  27 D   0.56587 0.40322 0.01760 0.01331 ( 1)
  28 V   0.00457 0.96758 0.00012 0.02772 ( 2)
  29 F   0.93286 0.04288 0.02310 0.00116 ( 1)
  30 G   0.28870 0.58071 0.03162 0.09896 ( 2)
  31 T   0.21051 0.76359 0.00531 0.02059 ( 2)
  32 I   0.93839 0.03145 0.02915 0.00102 ( 1)
  33 Y   0.85308 0.05148 0.09001 0.00543 ( 1)
  34 T   0.00118 0.97151 0.00003 0.02727 ( 2)
  35 D   0.00556 0.95725 0.00021 0.03698 ( 2)
  36 N   0.90217 0.07725 0.01886 0.00172 ( 1)
  37 N   0.02473 0.92874 0.00119 0.04534 ( 2)
  38 R   0.15096 0.80281 0.00726 0.03897 ( 2)
  39 N   0.95385 0.02007 0.02550 0.00058 ( 1)
  40 E   0.95309 0.00244 0.04435 0.00011 ( 1)
  41 E   0.95517 0.02841 0.01590 0.00052 ( 1)
  42 L   0.07760 0.89607 0.00203 0.02430 ( 2)
  43 Y   0.90790 0.07080 0.01968 0.00162 ( 1)
  44 T   0.79435 0.17533 0.02468 0.00565 ( 1)
  45 R   0.71939 0.23023 0.03816 0.01221 ( 1)
  46 P   0.17593 0.79212 0.00567 0.02628 ( 2)
  47 P   0.91940 0.00776 0.07223 0.00061 ( 1)
  48 H   0.02583 0.92790 0.00122 0.04504 ( 2)
  49 L   0.95466 0.00518 0.03994 0.00022 ( 1)
  50 F   0.93173 0.01115 0.05644 0.00068 ( 1)
  51 T   0.49371 0.41465 0.04975 0.04189 ( 1)
  52 W   0.92410 0.01284 0.06220 0.00086 ( 1)
  53 L   0.88297 0.05570 0.05767 0.00366 ( 1)
  54 R   0.92630 0.05225 0.02015 0.00130 ( 1)
  55 G   0.21392 0.37419 0.28139 0.13049 ( 2)
  56 F   0.88489 0.08916 0.02353 0.00242 ( 1)
  57 R   0.01973 0.60675 0.09915 0.27437 ( 2)
  58 F   0.92281 0.01410 0.06213 0.00096 ( 1)
  59 V   0.01026 0.96298 0.00026 0.02649 ( 2)
  60 T   0.34727 0.62157 0.01077 0.02039 ( 2)
  61 N   0.77579 0.19851 0.02019 0.00551 ( 1)
  62 S   0.00002 0.31316 0.00121 0.68561 ( 4)
  63 I   0.63776 0.29272 0.04761 0.02191 ( 1)
  64 S   0.00089 0.67592 0.00114 0.32204 ( 2)
  65 S   0.03368 0.89636 0.00252 0.06744 ( 2)
  66 G   0.71355 0.26090 0.01841 0.00713 ( 1)
  67 S   0.02200 0.90748 0.00167 0.06886 ( 2)
  68 R   0.00004 0.32680 0.00127 0.67189 ( 4)
  69 T   0.24583 0.72783 0.00631 0.02002 ( 2)
  70 W   0.25532 0.72070 0.00572 0.01826 ( 2)
  71 T   0.85225 0.08978 0.05242 0.00555 ( 1)
  72 F   0.65536 0.15796 0.15179 0.03488 ( 1)
  73 L   0.82456 0.11237 0.05550 0.00757 ( 1)
  74 A   0.93210 0.04649 0.02027 0.00114 ( 1)
  75 G   0.96209 0.00326 0.03453 0.00012 ( 1)
  76 N   0.49480 0.45492 0.02607 0.02421 ( 1)
  77 Q   0.06456 0.37814 0.45640 0.10090 ( 3)
  78 N   0.89642 0.04353 0.05726 0.00279 ( 1)
  79 K   0.24990 0.72773 0.00527 0.01711 ( 2)
  80 Y   0.67039 0.12320 0.18352 0.02289 ( 1)
  81 S   0.21344 0.72485 0.01402 0.04768 ( 2)
  82 Y   0.11288 0.59208 0.14121 0.15382 ( 2)
  83 T   0.97351 0.00518 0.02118 0.00013 ( 1)
  84 R   0.00171 0.75284 0.01378 0.23167 ( 2)
  85 D   0.05703 0.92323 0.00100 0.01875 ( 2)
  86 N   0.27028 0.63428 0.02852 0.06692 ( 2)
  87 R   0.21101 0.69355 0.02226 0.07318 ( 2)
  88 I   0.66847 0.23609 0.07053 0.02491 ( 1)
  89 I   0.66847 0.23609 0.07053 0.02491 ( 1)
  90 Y   0.03888 0.86568 0.00410 0.09134 ( 2)
  91 G   0.61596 0.28860 0.06499 0.03045 ( 1)
  92 P   0.63887 0.26569 0.06741 0.02803 ( 1)
  93 F   0.26479 0.71312 0.00568 0.01641 ( 2)
  94 Y   0.00324 0.73665 0.03289 0.22723 ( 2)
  95 G   0.37687 0.60432 0.00670 0.01211 ( 2)
  96 Q   0.01672 0.95851 0.00038 0.02439 ( 2)
  97 D   0.37742 0.59094 0.01217 0.01947 ( 2)
  98 T   0.85153 0.12344 0.02164 0.00339 ( 1)
  99 N   0.85706 0.12508 0.01532 0.00254 ( 1)
 100 Y   0.92718 0.00347 0.06910 0.00026 ( 1)
 101 G   0.96209 0.00326 0.03453 0.00012 ( 1)
 102 G   0.21255 0.76981 0.00353 0.01411 ( 2)
 103 T   0.93420 0.04165 0.02305 0.00110 ( 1)
 104 S   0.92219 0.00989 0.06720 0.00072 ( 1)
 105 S   0.82847 0.15033 0.01783 0.00337 ( 1)
 106 D   0.27581 0.62875 0.02910 0.06634 ( 2)
 107 T   0.22835 0.67621 0.02409 0.07135 ( 2)
 108 D   0.68014 0.22442 0.07176 0.02368 ( 1)
 109 F   0.23804 0.66652 0.02512 0.07032 ( 2)
 110 A   0.73931 0.23619 0.01824 0.00626 ( 1)
 111 E   0.00858 0.94627 0.00040 0.04475 ( 2)
 112 D   0.00022 0.64779 0.00029 0.35171 ( 2)
 113 S   0.07989 0.88007 0.00330 0.03674 ( 2)
 114 Y   0.00309 0.97696 0.00006 0.01989 ( 2)
 115 V   0.60735 0.32450 0.04439 0.02376 ( 1)
 116 Y   0.97535 0.00419 0.02036 0.00009 ( 1)
 117 N   0.93392 0.01617 0.04906 0.00085 ( 1)
 118 L   0.96606 0.00836 0.02536 0.00022 ( 1)
 119 W   0.17328 0.79990 0.00454 0.02227 ( 2)
 120 T   0.10036 0.82977 0.00753 0.06234 ( 2)
 121 K   0.96990 0.01129 0.01856 0.00026 ( 1)
 122 N   0.97925 0.00375 0.01692 0.00008 ( 1)
 123 Y   0.64542 0.32410 0.02005 0.01044 ( 1)
 124 E   0.94080 0.03496 0.02330 0.00094 ( 1)
 125 F   0.03493 0.91464 0.00185 0.04858 ( 2)
 126 -   0.00869 0.50587 0.21201 0.27343 ( 2)
 127 -   0.10938 0.85023 0.00457 0.03582 ( 2)
 128 -   0.43555 0.54683 0.00742 0.01020 ( 2)
 129 -   0.17890 0.79855 0.00384 0.01871 ( 2)
 130 -   0.09764 0.24745 0.59994 0.05497 ( 3)
 131 -   0.04779 0.63699 0.07696 0.23825 ( 2)
 132 -   0.20446 0.72736 0.01493 0.05325 ( 2)
 133 -   0.62938 0.34522 0.01593 0.00947 ( 1)
 134 -   0.05283 0.04889 0.87466 0.02362 ( 3)
 135 -   0.61974 0.35477 0.01599 0.00950 ( 1)
 136 I   0.91580 0.05446 0.02797 0.00178 ( 1)
 137 S   0.00334 0.04193 0.88254 0.07218 ( 3)
 138 P   0.67795 0.30003 0.01510 0.00693 ( 1)
 139 Y   0.00988 0.56791 0.08824 0.33396 ( 2)
 140 T   0.89184 0.08871 0.01761 0.00183 ( 1)
 141 D   0.02885 0.94890 0.00061 0.02164 ( 2)
 142 P   0.54311 0.39458 0.03606 0.02625 ( 1)
 143 V   0.95167 0.02743 0.02027 0.00063 ( 1)
 144 N   0.95594 0.01904 0.02453 0.00050 ( 1)
 145 I   0.00022 0.93789 0.00001 0.06188 ( 2)
 146 T   0.41278 0.56548 0.00883 0.01291 ( 2)
 147 K   0.01279 0.39224 0.37410 0.22087 ( 2)
 148 I   0.92858 0.03125 0.03885 0.00133 ( 1)
 149 N   0.68277 0.22179 0.07204 0.02340 ( 1)
 150 F   0.70837 0.05361 0.22214 0.01588 ( 1)
 151 S   0.00417 0.93250 0.00028 0.06305 ( 2)
 152 V   0.94675 0.03327 0.01921 0.00077 ( 1)
 153 T   0.90878 0.06902 0.02046 0.00175 ( 1)
 154 N   0.01205 0.96093 0.00031 0.02670 ( 2)
 155 N   0.46537 0.50870 0.01201 0.01392 ( 2)
 156 N   0.97868 0.00306 0.01818 0.00007 ( 1)
 157 S   0.00011 0.20851 0.00235 0.78903 ( 4)
 158 S   0.91869 0.03142 0.04823 0.00166 ( 1)
 159 K   0.00046 0.82091 0.00062 0.17801 ( 2)
 160 D   0.04561 0.06916 0.85471 0.03053 ( 3)
 161 E   0.01106 0.94857 0.00046 0.03991 ( 2)
 162 T   0.00118 0.97542 0.00003 0.02337 ( 2)
 163 Y   0.97311 0.00642 0.02032 0.00014 ( 1)
 164 G   0.37147 0.60690 0.00745 0.01417 ( 2)
 165 G   0.12084 0.85269 0.00307 0.02340 ( 2)
 166 E   0.00040 0.93927 0.00003 0.06030 ( 2)
 167 R   0.42676 0.39076 0.10058 0.08190 ( 1)
 168 N   0.96627 0.01543 0.01795 0.00035 ( 1)
 169 L   0.71151 0.26101 0.02002 0.00746 ( 1)
 170 P   0.76000 0.21789 0.01700 0.00511 ( 1)
 171 T   0.94937 0.01941 0.02976 0.00146 ( 1)
 172 V   0.57708 0.39713 0.01492 0.01087 ( 1)
 173 Q   0.09344 0.83690 0.00698 0.06268 ( 2)
 174 T   0.00619 0.97572 0.00010 0.01799 ( 2)
 175 N   0.00049 0.19534 0.01711 0.78706 ( 4)
 176 F   0.01206 0.96065 0.00032 0.02697 ( 2)
 177 D   0.08940 0.86365 0.00439 0.04257 ( 2)
 178 F   0.79468 0.03816 0.15955 0.00761 ( 1)
 179 L   0.39748 0.52216 0.03621 0.04415 ( 2)
 180 T   0.79060 0.16968 0.03265 0.00707 ( 1)
 181 N   0.04402 0.09727 0.79622 0.06249 ( 3)
 182 K   0.63413 0.33935 0.01697 0.00954 ( 1)
 183 V   0.67531 0.28435 0.02825 0.01208 ( 1)
 184 G   0.60697 0.35670 0.02282 0.01351 ( 1)
 185 -   0.95103 0.02289 0.02542 0.00066 ( 1)
 186 -   0.83860 0.13574 0.02190 0.00376 ( 1)
 187 -   0.20772 0.73656 0.01224 0.04348 ( 2)
 188 N   0.01238 0.93155 0.00073 0.05534 ( 2)
 189 G   0.14280 0.79537 0.00941 0.05243 ( 2)
 190 S   0.01349 0.94957 0.00051 0.03643 ( 2)
 191 P   0.97354 0.00144 0.02498 0.00004 ( 1)
 192 T   0.93093 0.04326 0.02464 0.00117 ( 1)
 193 Y   0.96002 0.01902 0.02052 0.00044 ( 1)
 194 N   0.93489 0.03045 0.03355 0.00111 ( 1)
 195 N   0.98063 0.00237 0.01695 0.00005 ( 1)
 196 -   0.50867 0.46394 0.01383 0.01355 ( 1)
 197 -   0.89826 0.05728 0.04178 0.00268 ( 1)
 198 -   0.95611 0.01842 0.02497 0.00051 ( 1)
 199 Y   0.92586 0.00478 0.06900 0.00036 ( 1)
 200 N   0.96862 0.01540 0.01570 0.00028 ( 1)
 201 H   0.98047 0.00059 0.01893 0.00001 ( 1)
 202 I   0.89734 0.05601 0.04390 0.00275 ( 1)
 203 L   0.95466 0.00518 0.03994 0.00022 ( 1)
 204 S   0.96278 0.02123 0.01561 0.00038 ( 1)
 205 Y   0.68450 0.25453 0.04442 0.01654 ( 1)
 206 M   0.95110 0.02799 0.02026 0.00065 ( 1)
 207 L   0.91130 0.04389 0.04272 0.00210 ( 1)
 208 T   0.90712 0.04842 0.04220 0.00226 ( 1)
 209 N   0.93288 0.03644 0.02950 0.00119 ( 1)
 210 G   0.04757 0.92947 0.00100 0.02196 ( 2)
 211 T   0.36413 0.61000 0.00912 0.01675 ( 2)
 212 F   0.01479 0.96518 0.00027 0.01975 ( 2)
 213 S   0.00936 0.96348 0.00024 0.02692 ( 2)
 214 Q   0.83093 0.10432 0.05761 0.00714 ( 1)
 215 K   0.54576 0.42689 0.01518 0.01217 ( 1)
 216 -   0.53870 0.36586 0.05684 0.03860 ( 1)
 217 -   0.53870 0.36586 0.05684 0.03860 ( 1)
 218 -   0.53870 0.36586 0.05684 0.03860 ( 1)
 219 -   0.53870 0.36586 0.05684 0.03860 ( 1)
 220 -   0.53870 0.36586 0.05684 0.03860 ( 1)
 221 -   0.53870 0.36586 0.05684 0.03860 ( 1)
 222 -   0.53870 0.36586 0.05684 0.03860 ( 1)
 223 -   0.53870 0.36586 0.05684 0.03860 ( 1)
 224 R   0.95316 0.01219 0.03421 0.00044 ( 1)
 225 H   0.11146 0.82694 0.00729 0.05431 ( 2)
 226 G   0.96384 0.01623 0.01955 0.00038 ( 1)
 227 Y   0.91693 0.05802 0.02353 0.00152 ( 1)
 228 T   0.89527 0.07455 0.02781 0.00238 ( 1)
 229 F   0.94567 0.01416 0.03957 0.00060 ( 1)
 230 A   0.80974 0.16904 0.01743 0.00379 ( 1)
 231 F   0.68747 0.24946 0.04627 0.01680 ( 1)
 232 T   0.96279 0.00778 0.02917 0.00025 ( 1)
 233 H   0.98047 0.00059 0.01893 0.00001 ( 1)
 234 S   0.53143 0.43796 0.01651 0.01410 ( 1)
 235 S   0.98025 0.00377 0.01591 0.00007 ( 1)


lnL = -3460.407328

Bayes Empirical Bayes (BEB) probabilities for 4 classes (class)
(amino acids refer to 1st sequence: BT_Cry52Ca1)

   1 Q   0.49872 0.03006 0.44265 0.02857 ( 1)
   2 V   0.46293 0.06585 0.40901 0.06221 ( 1)
   3 K   0.03419 0.49724 0.02864 0.43993 ( 2)
   4 S   0.12061 0.40997 0.10214 0.36729 ( 2)
   5 E   0.52898 0.00223 0.46668 0.00211 ( 1)
   6 L   0.52409 0.00617 0.46387 0.00586 ( 1)
   7 T   0.52653 0.00447 0.46476 0.00424 ( 1)
   8 R   0.53017 0.00090 0.46807 0.00085 ( 1)
   9 E   0.28236 0.24844 0.24229 0.22691 ( 1)
  10 I   0.53024 0.00177 0.46631 0.00167 ( 1)
  11 Y   0.45956 0.07182 0.40140 0.06722 ( 1)
  12 S   0.51587 0.01513 0.45469 0.01431 ( 1)
  13 D   0.53148 0.00085 0.46686 0.00080 ( 1)
  14 V   0.47049 0.05986 0.41334 0.05631 ( 1)
  15 V   0.37515 0.15571 0.32507 0.14406 ( 1)
  16 N   0.52768 0.00371 0.46509 0.00351 ( 1)
  17 -   0.21110 0.31816 0.18122 0.28952 ( 2)
  18 -   0.02168 0.47421 0.07094 0.43318 ( 2)
  19 -   0.49778 0.03169 0.44050 0.03004 ( 1)
  20 -   0.30430 0.21845 0.27094 0.20631 ( 1)
  21 -   0.48683 0.04283 0.42985 0.04049 ( 1)
  22 -   0.26914 0.26300 0.22920 0.23865 ( 1)
  23 -   0.02872 0.50300 0.02402 0.44426 ( 2)
  24 -   0.48296 0.04818 0.42355 0.04530 ( 1)
  25 -   0.49056 0.04097 0.42995 0.03852 ( 1)
  26 A   0.44327 0.08593 0.38999 0.08081 ( 1)
  27 D   0.30710 0.22373 0.26415 0.20501 ( 1)
  28 V   0.00288 0.52810 0.00241 0.46661 ( 2)
  29 F   0.50585 0.02561 0.44440 0.02415 ( 1)
  30 G   0.17613 0.35010 0.15149 0.32227 ( 2)
  31 T   0.11889 0.41215 0.10043 0.36854 ( 2)
  32 I   0.51223 0.01859 0.45158 0.01759 ( 1)
  33 Y   0.49654 0.03224 0.44059 0.03063 ( 1)
  34 T   0.00077 0.53025 0.00064 0.46834 ( 2)
  35 D   0.00352 0.52665 0.00296 0.46688 ( 2)
  36 N   0.48716 0.04446 0.42661 0.04177 ( 1)
  37 N   0.01497 0.51495 0.01263 0.45745 ( 2)
  38 R   0.08552 0.44442 0.07246 0.39760 ( 2)
  39 N   0.51901 0.01223 0.45719 0.01157 ( 1)
  40 E   0.52841 0.00161 0.46846 0.00153 ( 1)
  41 E   0.51566 0.01641 0.45246 0.01547 ( 1)
  42 L   0.04517 0.48563 0.03800 0.43120 ( 2)
  43 Y   0.49098 0.04065 0.43016 0.03821 ( 1)
  44 T   0.43256 0.09820 0.37754 0.09170 ( 1)
  45 R   0.39812 0.13166 0.34753 0.12269 ( 1)
  46 P   0.10120 0.42938 0.08558 0.38385 ( 2)
  47 P   0.52404 0.00517 0.46586 0.00493 ( 1)
  48 H   0.01589 0.51404 0.01340 0.45668 ( 2)
  49 L   0.52696 0.00331 0.46659 0.00314 ( 1)
  50 F   0.52233 0.00726 0.46349 0.00691 ( 1)
  51 T   0.28914 0.23885 0.25147 0.22055 ( 1)
  52 W   0.52129 0.00815 0.46281 0.00775 ( 1)
  53 L   0.49519 0.03431 0.43800 0.03250 ( 1)
  54 R   0.50098 0.03090 0.43904 0.02908 ( 1)
  55 G   0.18931 0.31961 0.19500 0.29608 ( 2)
  56 F   0.47838 0.05254 0.41970 0.04939 ( 1)
  57 R   0.01777 0.49511 0.02771 0.45941 ( 2)
  58 F   0.52062 0.00891 0.46198 0.00848 ( 1)
  59 V   0.00650 0.52454 0.00545 0.46352 ( 2)
  60 T   0.18951 0.34126 0.16123 0.30800 ( 2)
  61 N   0.42010 0.11123 0.36520 0.10347 ( 1)
  62 S   0.00004 0.51303 0.00007 0.48686 ( 2)
  63 I   0.36005 0.16922 0.31363 0.15709 ( 1)
  64 S   0.00083 0.51900 0.00081 0.47936 ( 2)
  65 S   0.02076 0.50847 0.01757 0.45320 ( 2)
  66 G   0.38876 0.14244 0.33689 0.13192 ( 1)
  67 S   0.01396 0.51525 0.01182 0.45897 ( 2)
  68 R   0.00009 0.51885 0.00009 0.48097 ( 2)
  69 T   0.13906 0.39208 0.11760 0.35126 ( 2)
  70 W   0.14027 0.39122 0.11840 0.35011 ( 2)
  71 T   0.47423 0.05537 0.41815 0.05226 ( 1)
  72 F   0.42009 0.10465 0.37573 0.09953 ( 1)
  73 L   0.46137 0.06806 0.40644 0.06413 ( 1)
  74 A   0.50360 0.02828 0.44149 0.02663 ( 1)
  75 G   0.52836 0.00211 0.46752 0.00201 ( 1)
  76 N   0.27268 0.25708 0.23489 0.23535 ( 1)
  77 Q   0.07562 0.39952 0.17118 0.35368 ( 2)
  78 N   0.50332 0.02621 0.44561 0.02486 ( 1)
  79 K   0.14088 0.39072 0.11888 0.34953 ( 2)
  80 Y   0.43398 0.08232 0.40480 0.07890 ( 1)
  81 S   0.12439 0.40502 0.10596 0.36463 ( 2)
  82 Y   0.08606 0.43106 0.08882 0.39406 ( 2)
  83 T   0.52857 0.00333 0.46495 0.00315 ( 1)
  84 R   0.00133 0.51204 0.00437 0.48225 ( 2)
  85 D   0.03281 0.49897 0.02743 0.44079 ( 2)
  86 N   0.15576 0.37303 0.13339 0.33783 ( 2)
  87 R   0.12193 0.40685 0.10415 0.36706 ( 2)
  88 I   0.38233 0.14645 0.33458 0.13664 ( 1)
  89 I   0.38233 0.14645 0.33458 0.13664 ( 1)
  90 Y   0.02354 0.50524 0.01998 0.45124 ( 2)
  91 G   0.35119 0.17760 0.30627 0.16495 ( 1)
  92 P   0.36475 0.16404 0.31856 0.15265 ( 1)
  93 F   0.14767 0.38367 0.12486 0.34380 ( 2)
  94 Y   0.00262 0.51484 0.00738 0.47516 ( 2)
  95 G   0.20795 0.32403 0.17619 0.29183 ( 2)
  96 Q   0.01031 0.52105 0.00863 0.46001 ( 2)
  97 D   0.21189 0.31871 0.18080 0.28860 ( 2)
  98 T   0.46223 0.06916 0.40385 0.06477 ( 1)
  99 N   0.46094 0.07127 0.40124 0.06655 ( 1)
 100 Y   0.52697 0.00233 0.46848 0.00222 ( 1)
 101 G   0.52836 0.00211 0.46752 0.00201 ( 1)
 102 G   0.11931 0.41242 0.10045 0.36782 ( 2)
 103 T   0.50602 0.02531 0.44479 0.02388 ( 1)
 104 S   0.52284 0.00650 0.46447 0.00619 ( 1)
 105 S   0.44823 0.08311 0.39101 0.07765 ( 1)
 106 D   0.15891 0.36987 0.13612 0.33509 ( 2)
 107 T   0.13183 0.39695 0.11269 0.35853 ( 2)
 108 D   0.38931 0.13947 0.34095 0.13026 ( 1)
 109 F   0.13736 0.39143 0.11746 0.35376 ( 2)
 110 A   0.39662 0.13464 0.34392 0.12482 ( 1)
 111 E   0.00549 0.52437 0.00463 0.46551 ( 2)
 112 D   0.00022 0.52023 0.00021 0.47934 ( 2)
 113 S   0.04661 0.48345 0.03937 0.43057 ( 2)
 114 Y   0.00198 0.52976 0.00166 0.46660 ( 2)
 115 V   0.34617 0.18314 0.30104 0.16965 ( 1)
 116 Y   0.52905 0.00260 0.46589 0.00246 ( 1)
 117 N   0.51962 0.01020 0.46049 0.00969 ( 1)
 118 L   0.52571 0.00525 0.46407 0.00497 ( 1)
 119 W   0.09914 0.43196 0.08360 0.38531 ( 2)
 120 T   0.05997 0.46926 0.05090 0.41987 ( 2)
 121 K   0.52553 0.00699 0.46088 0.00660 ( 1)
 122 N   0.52997 0.00237 0.46543 0.00224 ( 1)
 123 Y   0.35312 0.17760 0.30541 0.16387 ( 1)
 124 E   0.51096 0.02050 0.44919 0.01935 ( 1)
 125 F   0.02148 0.50821 0.01815 0.45216 ( 2)
 126 -   0.00938 0.49634 0.03604 0.45825 ( 2)
 127 -   0.06326 0.46678 0.05349 0.41647 ( 2)
 128 -   0.23545 0.29636 0.20019 0.26800 ( 2)
 129 -   0.09845 0.43283 0.08293 0.38579 ( 2)
 130 -   0.12713 0.31356 0.29165 0.26766 ( 2)
 131 -   0.03809 0.48048 0.03990 0.44154 ( 2)
 132 -   0.11739 0.41190 0.10000 0.37072 ( 2)
 133 -   0.34018 0.19112 0.29302 0.17568 ( 1)
 134 -   0.19311 0.18236 0.47895 0.14559 ( 3)
 135 -   0.32856 0.20234 0.28319 0.18591 ( 1)
 136 I   0.49894 0.03203 0.43880 0.03022 ( 1)
 137 S   0.03793 0.43613 0.12352 0.40242 ( 2)
 138 P   0.36696 0.16428 0.31715 0.15160 ( 1)
 139 Y   0.00990 0.50697 0.01590 0.46723 ( 2)
 140 T   0.48203 0.04950 0.42201 0.04647 ( 1)
 141 D   0.01728 0.51397 0.01447 0.45427 ( 2)
 142 P   0.30312 0.22632 0.26228 0.20829 ( 1)
 143 V   0.51485 0.01677 0.45254 0.01583 ( 1)
 144 N   0.51987 0.01114 0.45845 0.01054 ( 1)
 145 I   0.00015 0.52924 0.00013 0.47048 ( 2)
 146 T   0.22644 0.30496 0.19274 0.27585 ( 2)
 147 K   0.01647 0.47024 0.08141 0.43188 ( 2)
 148 I   0.51126 0.01900 0.45174 0.01800 ( 1)
 149 N   0.39087 0.13791 0.34238 0.12884 ( 1)
 150 F   0.48517 0.03958 0.43724 0.03800 ( 1)
 151 S   0.00271 0.52664 0.00229 0.46835 ( 2)
 152 V   0.51190 0.02009 0.44907 0.01894 ( 1)
 153 T   0.49166 0.04017 0.43042 0.03775 ( 1)
 154 N   0.00730 0.52374 0.00612 0.46285 ( 2)
 155 N   0.25192 0.27918 0.21523 0.25366 ( 2)
 156 N   0.53057 0.00200 0.46555 0.00189 ( 1)
 157 S   0.00032 0.51273 0.00036 0.48659 ( 2)
 158 S   0.51062 0.01920 0.45196 0.01822 ( 1)
 159 K   0.00036 0.52191 0.00041 0.47732 ( 2)
 160 D   0.14701 0.22443 0.45042 0.17814 ( 3)
 161 E   0.00685 0.52318 0.00577 0.46421 ( 2)
 162 T   0.00078 0.53067 0.00065 0.46790 ( 2)
 163 Y   0.52768 0.00397 0.46459 0.00376 ( 1)
 164 G   0.20841 0.32368 0.17645 0.29146 ( 2)
 165 G   0.07041 0.46069 0.05924 0.40967 ( 2)
 166 E   0.00028 0.52917 0.00024 0.47032 ( 2)
 167 R   0.27161 0.24985 0.24393 0.23462 ( 1)
 168 N   0.52293 0.00962 0.45837 0.00908 ( 1)
 169 L   0.38620 0.14454 0.33525 0.13400 ( 1)
 170 P   0.40781 0.12346 0.35409 0.11464 ( 1)
 171 T   0.51910 0.01188 0.45771 0.01132 ( 1)
 172 V   0.31789 0.21326 0.27336 0.19549 ( 1)
 173 Q   0.05637 0.47288 0.04782 0.42294 ( 2)
 174 T   0.00381 0.52781 0.00318 0.46520 ( 2)
 175 N   0.00151 0.50656 0.00296 0.48898 ( 2)
 176 F   0.00759 0.52343 0.00636 0.46262 ( 2)
 177 D   0.05370 0.47610 0.04543 0.42477 ( 2)
 178 F   0.49724 0.02597 0.45166 0.02513 ( 1)
 179 L   0.23300 0.29655 0.20008 0.27038 ( 2)
 180 T   0.43442 0.09577 0.38019 0.08962 ( 1)
 181 N   0.13374 0.28493 0.33928 0.24205 ( 3)
 182 K   0.34382 0.18725 0.29660 0.17233 ( 1)
 183 V   0.36901 0.16120 0.32044 0.14935 ( 1)
 184 G   0.33174 0.19856 0.28680 0.18290 ( 1)
 185 -   0.51717 0.01407 0.45546 0.01330 ( 1)
 186 -   0.45260 0.07856 0.39534 0.07350 ( 1)
 187 -   0.11653 0.41304 0.09913 0.37130 ( 2)
 188 N   0.00768 0.52186 0.00648 0.46398 ( 2)
 189 G   0.08412 0.44528 0.07145 0.39915 ( 2)
 190 S   0.00827 0.52190 0.00696 0.46287 ( 2)
 191 P   0.53009 0.00092 0.46811 0.00087 ( 1)
 192 T   0.50538 0.02556 0.44493 0.02414 ( 1)
 193 Y   0.52003 0.01159 0.45743 0.01095 ( 1)
 194 N   0.51252 0.01795 0.45253 0.01700 ( 1)
 195 N   0.53083 0.00151 0.46624 0.00142 ( 1)
 196 -   0.27162 0.25943 0.23255 0.23639 ( 1)
 197 -   0.49498 0.03503 0.43687 0.03312 ( 1)
 198 -   0.51989 0.01131 0.45810 0.01070 ( 1)
 199 Y   0.52612 0.00318 0.46767 0.00303 ( 1)
 200 N   0.52281 0.00931 0.45910 0.00878 ( 1)
 201 H   0.53120 0.00039 0.46805 0.00037 ( 1)
 202 I   0.49634 0.03358 0.43832 0.03177 ( 1)
 203 L   0.52696 0.00331 0.46659 0.00314 ( 1)
 204 S   0.51973 0.01239 0.45620 0.01168 ( 1)
 205 Y   0.38211 0.14736 0.33338 0.13715 ( 1)
 206 M   0.51498 0.01664 0.45267 0.01571 ( 1)
 207 L   0.50359 0.02652 0.44478 0.02511 ( 1)
 208 T   0.50145 0.02856 0.44295 0.02704 ( 1)
 209 N   0.50913 0.02164 0.44876 0.02047 ( 1)
 210 G   0.02877 0.50272 0.02408 0.44443 ( 2)
 211 T   0.20125 0.32995 0.17103 0.29776 ( 2)
 212 F   0.00922 0.52252 0.00770 0.46056 ( 2)
 213 S   0.00588 0.52515 0.00492 0.46405 ( 2)
 214 Q   0.46786 0.06160 0.41243 0.05811 ( 1)
 215 K   0.30238 0.22862 0.25980 0.20920 ( 1)
 216 -   0.30591 0.22287 0.26553 0.20569 ( 1)
 217 -   0.30591 0.22287 0.26553 0.20569 ( 1)
 218 -   0.30591 0.22287 0.26553 0.20569 ( 1)
 219 -   0.30591 0.22287 0.26553 0.20569 ( 1)
 220 -   0.30591 0.22287 0.26553 0.20569 ( 1)
 221 -   0.30591 0.22287 0.26553 0.20569 ( 1)
 222 -   0.30591 0.22287 0.26553 0.20569 ( 1)
 223 -   0.30591 0.22287 0.26553 0.20569 ( 1)
 224 R   0.52298 0.00749 0.46242 0.00710 ( 1)
 225 H   0.06693 0.46249 0.05677 0.41380 ( 2)
 226 G   0.52238 0.00962 0.45891 0.00909 ( 1)
 227 Y   0.49752 0.03348 0.43743 0.03157 ( 1)
 228 T   0.48737 0.04342 0.42831 0.04090 ( 1)
 229 F   0.52152 0.00874 0.46144 0.00829 ( 1)
 230 A   0.43557 0.09577 0.37938 0.08929 ( 1)
 231 F   0.38489 0.14453 0.33599 0.13459 ( 1)
 232 T   0.52601 0.00499 0.46427 0.00473 ( 1)
 233 H   0.53120 0.00039 0.46805 0.00037 ( 1)
 234 S   0.29049 0.24020 0.24962 0.21969 ( 1)
 235 S   0.52969 0.00243 0.46558 0.00230 ( 1)

