Supplemental results for CODEML (seqf: algn  treef: tree)


dN/dS (w) for site classes (K=4)

site class             0        1       2a       2b
proportion       0.39712  0.31262  0.16241  0.12785
background w     0.16309  1.00000  0.16309  1.00000
foreground w     0.16309  1.00000  1.00000  1.00000

Naive Empirical Bayes (NEB) probabilities for 4 classes
(amino acids refer to 1st sequence: BT_Cry1Ba1)

   1 -   0.39712 0.31262 0.16241 0.12785 ( 1)
   2 -   0.39712 0.31262 0.16241 0.12785 ( 1)
   3 -   0.39712 0.31262 0.16241 0.12785 ( 1)
   4 -   0.39712 0.31262 0.16241 0.12785 ( 1)
   5 -   0.39712 0.31262 0.16241 0.12785 ( 1)
   6 -   0.63958 0.07016 0.26157 0.02869 ( 1)
   7 -   0.64307 0.06667 0.26300 0.02727 ( 1)
   8 -   0.27327 0.43647 0.11176 0.17850 ( 2)
   9 -   0.70113 0.00861 0.28674 0.00352 ( 1)
  10 R   0.74589 0.01140 0.23805 0.00466 ( 1)
  11 I   0.76009 0.00002 0.23989 0.00001 ( 1)
  12 T   0.75897 0.00003 0.24099 0.00001 ( 1)
  13 Q   0.71976 0.00321 0.27572 0.00131 ( 1)
  14 I   0.44678 0.28122 0.15698 0.11501 ( 1)
  15 P   0.74569 0.00007 0.25421 0.00003 ( 1)
  16 M   0.00003 0.70971 0.00001 0.29025 ( 2)
  17 V   0.75685 0.00379 0.23782 0.00155 ( 1)
  18 K   0.76019 0.00060 0.23896 0.00025 ( 1)
  19 A   0.73151 0.00724 0.25829 0.00296 ( 1)
  20 S   0.00332 0.70664 0.00105 0.28899 ( 2)
  21 E   0.00037 0.70939 0.00012 0.29012 ( 2)
  22 L   0.00347 0.70641 0.00122 0.28890 ( 2)
  23 P   0.00000 0.70974 0.00000 0.29026 ( 2)
  24 Q   0.00002 0.70972 0.00001 0.29025 ( 2)
  25 G   0.73146 0.00004 0.26848 0.00002 ( 1)
  26 T   0.00851 0.69841 0.00746 0.28563 ( 2)
  27 T   0.31009 0.15462 0.47206 0.06323 ( 3)
  28 V   0.14812 0.56162 0.06058 0.22968 ( 2)
  29 V   0.75561 0.00246 0.24094 0.00100 ( 1)
  30 R   0.68738 0.06870 0.21583 0.02810 ( 1)
  31 G   0.75070 0.00026 0.24893 0.00011 ( 1)
  32 P   0.74565 0.00011 0.25420 0.00004 ( 1)
  33 G   0.75092 0.00006 0.24900 0.00002 ( 1)
  34 F   0.75338 0.00001 0.24660 0.00001 ( 1)
  35 T   0.75895 0.00007 0.24095 0.00003 ( 1)
  36 G   0.75094 0.00004 0.24900 0.00002 ( 1)
  37 G   0.74950 0.00138 0.24855 0.00056 ( 1)
  38 D   0.75953 0.00026 0.24010 0.00011 ( 1)
  39 I   0.75195 0.00590 0.23973 0.00241 ( 1)
  40 L   0.65968 0.07642 0.23264 0.03125 ( 1)
  41 R   0.71133 0.01793 0.26340 0.00733 ( 1)
  42 R   0.34962 0.00155 0.64820 0.00063 ( 3)
  43 T   0.73676 0.00219 0.26016 0.00089 ( 1)
  44 N   0.00000 0.70974 0.00000 0.29026 ( 2)
  45 T   0.00009 0.70966 0.00003 0.29023 ( 2)
  46 -   0.51649 0.22694 0.16376 0.09281 ( 1)
  47 G   0.75332 0.00038 0.24614 0.00016 ( 1)
  48 G   0.00052 0.70925 0.00017 0.29006 ( 2)
  49 F   0.00205 0.70673 0.00219 0.28903 ( 2)
  50 G   0.71242 0.02477 0.25267 0.01013 ( 1)
  51 P   0.16256 0.55810 0.05109 0.22825 ( 2)
  52 I   0.76197 0.00199 0.23524 0.00081 ( 1)
  53 R   0.73044 0.00047 0.26890 0.00019 ( 1)
  54 V   0.70802 0.00177 0.28949 0.00072 ( 1)
  55 T   0.00025 0.70947 0.00013 0.29015 ( 2)
  56 V   0.46366 0.27250 0.15240 0.11144 ( 1)
  57 N   0.02838 0.68285 0.00951 0.27926 ( 2)
  58 G   0.00042 0.70934 0.00014 0.29010 ( 2)
  59 P   0.07250 0.63972 0.02616 0.26162 ( 2)
  60 L   0.71696 0.02181 0.25232 0.00892 ( 1)
  61 T   0.75098 0.00749 0.23846 0.00306 ( 1)
  62 Q   0.74026 0.00024 0.25940 0.00010 ( 1)
  63 R   0.05240 0.65946 0.01844 0.26970 ( 2)
  64 Y   0.74310 0.00012 0.25672 0.00005 ( 1)
  65 R   0.73010 0.01141 0.25382 0.00467 ( 1)
  66 I   0.75551 0.00797 0.23326 0.00326 ( 1)
  67 G   0.75783 0.00011 0.24201 0.00005 ( 1)
  68 F   0.00909 0.68888 0.02030 0.28173 ( 2)
  69 R   0.74182 0.00027 0.25779 0.00011 ( 1)
  70 Y   0.73458 0.00826 0.25378 0.00338 ( 1)
  71 A   0.75517 0.00002 0.24480 0.00001 ( 1)
  72 S   0.71786 0.02095 0.25262 0.00857 ( 1)
  73 T   0.76014 0.00037 0.23933 0.00015 ( 1)
  74 V   0.08359 0.63139 0.02679 0.25822 ( 2)
  75 D   0.74552 0.01335 0.23567 0.00546 ( 1)
  76 F   0.70679 0.04478 0.23011 0.01831 ( 1)
  77 D   0.00000 0.70974 0.00000 0.29026 ( 2)
  78 F   0.25942 0.45610 0.09795 0.18653 ( 2)
  79 F   0.00030 0.70945 0.00011 0.29014 ( 2)
  80 V   0.31302 0.04140 0.62865 0.01693 ( 3)
  81 S   0.00000 0.70974 0.00000 0.29026 ( 2)
  82 R   0.04683 0.66586 0.01499 0.27232 ( 2)
  83 G   0.04188 0.62192 0.08186 0.25434 ( 2)
  84 G   0.00006 0.70961 0.00013 0.29021 ( 2)
  85 T   0.01576 0.69429 0.00602 0.28394 ( 2)
  86 T   0.00031 0.70940 0.00016 0.29012 ( 2)
  87 -   0.52349 0.22233 0.16325 0.09093 ( 1)
  88 -   0.02835 0.61614 0.10352 0.25198 ( 2)
  89 V   0.27903 0.14602 0.51523 0.05972 ( 3)
  90 N   0.00690 0.70320 0.00231 0.28759 ( 2)
  91 N   0.00167 0.70670 0.00261 0.28902 ( 2)
  92 F   0.00513 0.68210 0.03381 0.27896 ( 2)
  93 R   0.00002 0.70972 0.00002 0.29025 ( 2)
  94 F   0.01442 0.69589 0.00510 0.28460 ( 2)
  95 L   0.00001 0.70973 0.00000 0.29026 ( 2)
  96 R   0.36652 0.35920 0.12737 0.14690 ( 1)
  97 T   0.75901 0.00001 0.24097 0.00001 ( 1)
  98 M   0.75400 0.00001 0.24599 0.00000 ( 1)
  99 N   0.00481 0.70508 0.00176 0.28835 ( 2)
 100 S   0.00206 0.70782 0.00064 0.28948 ( 2)
 101 G   0.74525 0.00542 0.24712 0.00221 ( 1)
 102 D   0.00000 0.70973 0.00000 0.29026 ( 2)
 103 E   0.71970 0.01003 0.26618 0.00410 ( 1)
 104 L   0.52748 0.20368 0.18555 0.08330 ( 1)
 105 K   0.44678 0.28908 0.14591 0.11823 ( 1)
 106 Y   0.68670 0.05398 0.23724 0.02208 ( 1)
 107 G   0.75339 0.00405 0.24090 0.00166 ( 1)
 108 N   0.57935 0.14188 0.22075 0.05802 ( 1)
 109 F   0.74179 0.00137 0.25627 0.00056 ( 1)
 110 V   0.00430 0.70562 0.00150 0.28858 ( 2)
 111 R   0.73254 0.02314 0.23486 0.00946 ( 1)
 112 R   0.02859 0.68297 0.00912 0.27931 ( 2)
 113 A   0.28373 0.09570 0.58143 0.03914 ( 3)
 114 F   0.45797 0.02610 0.50525 0.01067 ( 3)
 115 T   0.10540 0.47378 0.22705 0.19376 ( 2)
 116 T   0.57641 0.07455 0.31855 0.03049 ( 1)
 117 P   0.00177 0.70808 0.00056 0.28958 ( 2)
 118 -   0.39712 0.31262 0.16241 0.12785 ( 1)
 119 -   0.39712 0.31262 0.16241 0.12785 ( 1)
 120 -   0.39712 0.31262 0.16241 0.12785 ( 1)
 121 -   0.39712 0.31262 0.16241 0.12785 ( 1)
 122 -   0.39712 0.31262 0.16241 0.12785 ( 1)
 123 -   0.39712 0.31262 0.16241 0.12785 ( 1)
 124 F   0.75251 0.00084 0.24631 0.00034 ( 1)
 125 T   0.00017 0.70958 0.00006 0.29019 ( 2)
 126 F   0.49527 0.14019 0.30721 0.05733 ( 1)
 127 T   0.01110 0.68613 0.02216 0.28061 ( 2)
 128 Q   0.14197 0.57071 0.05391 0.23340 ( 2)
 129 I   0.00827 0.70205 0.00257 0.28712 ( 2)
 130 Q   0.05986 0.65206 0.02140 0.26667 ( 2)
 131 D   0.11485 0.58864 0.05577 0.24074 ( 2)
 132 I   0.00012 0.70962 0.00005 0.29021 ( 2)
 133 I   0.70516 0.02922 0.25368 0.01195 ( 1)
 134 R   0.36830 0.35155 0.13638 0.14377 ( 1)
 135 T   0.00040 0.70935 0.00015 0.29010 ( 2)
 136 S   0.00023 0.70924 0.00048 0.29006 ( 2)
 137 I   0.01162 0.69879 0.00381 0.28578 ( 2)
 138 Q   0.00041 0.70884 0.00086 0.28989 ( 2)
 139 G   0.00521 0.70481 0.00173 0.28825 ( 2)
 140 L   0.45807 0.27456 0.15508 0.11229 ( 1)
 141 S   0.06618 0.64629 0.02321 0.26431 ( 2)
 142 G   0.00020 0.70941 0.00026 0.29013 ( 2)
 143 N   0.70059 0.05815 0.21748 0.02378 ( 1)
 144 G   0.00041 0.70936 0.00013 0.29010 ( 2)
 145 E   0.32960 0.00574 0.66232 0.00235 ( 3)
 146 V   0.34848 0.36820 0.13274 0.15058 ( 2)
 147 Y   0.72501 0.00092 0.27369 0.00038 ( 1)
 148 I   0.04124 0.67056 0.01396 0.27424 ( 2)
 149 D   0.75980 0.00001 0.24019 0.00000 ( 1)
 150 K   0.74943 0.01140 0.23451 0.00466 ( 1)
 151 I   0.74530 0.00097 0.25334 0.00040 ( 1)
 152 E   0.75770 0.00001 0.24228 0.00001 ( 1)
 153 I   0.66965 0.07780 0.22073 0.03182 ( 1)
 154 I   0.64768 0.07712 0.24365 0.03154 ( 1)
 155 P   0.72110 0.02110 0.24917 0.00863 ( 1)


lnL = -4070.150090

