Supplemental results for CODEML (seqf: algn  treef: tree)


dN/dS (w) for site classes (K=4)

site class             0        1       2a       2b
proportion       0.48516  0.35579  0.09176  0.06729
background w     0.09642  1.24641  0.09642  1.24641
foreground w     0.09642  1.24641  0.00000  0.00000

Naive Empirical Bayes (NEB) probabilities for 4 classes
(amino acids refer to 1st sequence: BT_Cry8Aa1)

   1 E   0.83518 0.00450 0.15937 0.00095 ( 1)
   2 T   0.83132 0.00841 0.15851 0.00176 ( 1)
   3 T   0.07810 0.75470 0.01485 0.15235 ( 2)
   4 A   0.83380 0.00566 0.15932 0.00122 ( 1)
   5 Q   0.82132 0.01871 0.15617 0.00379 ( 1)
   6 L   0.83513 0.00468 0.15920 0.00098 ( 1)
   7 T   0.83132 0.00841 0.15851 0.00176 ( 1)
   8 R   0.71637 0.12340 0.13592 0.02431 ( 1)
   9 D   0.75636 0.08197 0.14433 0.01735 ( 1)
  10 V   0.79880 0.04054 0.15222 0.00844 ( 1)
  11 Y   0.83499 0.00464 0.15938 0.00099 ( 1)
  12 T   0.80689 0.03343 0.15310 0.00658 ( 1)
  13 D   0.83774 0.00152 0.16040 0.00034 ( 1)
  14 P   0.76762 0.07266 0.14554 0.01417 ( 1)
  15 I   0.18885 0.64802 0.03582 0.12731 ( 2)
  16 A   0.68089 0.15898 0.12910 0.03103 ( 1)
  17 F   0.83704 0.00256 0.15985 0.00055 ( 1)
  18 N   0.82794 0.01100 0.15861 0.00245 ( 1)
  19 I   0.00801 0.81913 0.00153 0.17133 ( 2)
  20 V   0.00112 0.82437 0.00021 0.17429 ( 2)
  21 T   0.00048 0.83570 0.00009 0.16373 ( 2)
  22 S   0.00254 0.82491 0.00048 0.17206 ( 2)
  23 T   0.00065 0.83507 0.00012 0.16415 ( 2)
  24 G   0.83171 0.00784 0.15878 0.00167 ( 1)
  25 F   0.82567 0.01372 0.15768 0.00293 ( 1)
  26 C   0.83275 0.00695 0.15883 0.00146 ( 1)
  27 N   0.00452 0.82295 0.00086 0.17168 ( 2)
  28 P   0.75775 0.08079 0.14450 0.01697 ( 1)
  29 W   0.73438 0.10578 0.13922 0.02062 ( 1)
  30 S   0.81127 0.02871 0.15422 0.00579 ( 1)
  31 T   0.00612 0.82598 0.00116 0.16674 ( 2)
  32 H   0.22756 0.60128 0.04343 0.12773 ( 2)
  33 S   0.80836 0.03049 0.15454 0.00661 ( 1)
  34 G   0.79296 0.04588 0.15138 0.00978 ( 1)
  35 I   0.83682 0.00258 0.16004 0.00056 ( 1)
  36 L   0.05145 0.78604 0.00975 0.15276 ( 2)
  37 F   0.83704 0.00256 0.15985 0.00055 ( 1)
  38 Y   0.57674 0.26280 0.10932 0.05113 ( 1)
  39 E   0.83151 0.00876 0.15798 0.00176 ( 1)
  40 V   0.78354 0.05471 0.14985 0.01191 ( 1)
  41 E   0.83518 0.00450 0.15937 0.00095 ( 1)
  42 N   0.69948 0.13623 0.13400 0.03029 ( 1)
  43 N   0.14805 0.67770 0.02829 0.14596 ( 2)
  44 V   0.83232 0.00751 0.15861 0.00156 ( 1)
  45 I   0.83682 0.00258 0.16004 0.00056 ( 1)
  46 R   0.83330 0.00662 0.15871 0.00137 ( 1)
  47 P   0.05814 0.77887 0.01102 0.15197 ( 2)
  48 P   0.82988 0.00981 0.15825 0.00206 ( 1)
  49 H   0.82068 0.01857 0.15676 0.00398 ( 1)
  50 L   0.78787 0.05190 0.14976 0.01047 ( 1)
  51 F   0.83704 0.00256 0.15985 0.00055 ( 1)
  52 D   0.82085 0.01791 0.15726 0.00398 ( 1)
  53 I   0.76507 0.07378 0.14579 0.01536 ( 1)
  54 L   0.70231 0.13789 0.13308 0.02672 ( 1)
  55 S   0.75997 0.07861 0.14492 0.01650 ( 1)
  56 S   0.00084 0.81963 0.00016 0.17936 ( 2)
  57 V   0.14292 0.69065 0.02717 0.13926 ( 2)
  58 E   0.83146 0.00848 0.15833 0.00174 ( 1)
  59 I   0.79638 0.04214 0.15230 0.00917 ( 1)
  60 N   0.80584 0.03254 0.15438 0.00723 ( 1)
  61 T   0.83132 0.00841 0.15851 0.00176 ( 1)
  62 S   0.00326 0.82001 0.00062 0.17612 ( 2)
  63 R   0.83098 0.00933 0.15782 0.00186 ( 1)
  64 G   0.30711 0.53067 0.05825 0.10397 ( 2)
  65 G   0.08580 0.74227 0.01636 0.15557 ( 2)
  66 I   0.79060 0.04780 0.15120 0.01040 ( 1)
  67 T   0.00005 0.83216 0.00001 0.16778 ( 2)
  68 L   0.00542 0.81901 0.00104 0.17453 ( 2)
  69 N   0.83721 0.00196 0.16039 0.00044 ( 1)
  70 N   0.79551 0.04307 0.15209 0.00933 ( 1)
  71 D   0.00468 0.81960 0.00089 0.17482 ( 2)
  72 A   0.22520 0.59943 0.04312 0.13226 ( 2)
  73 Y   0.51034 0.32895 0.09674 0.06398 ( 1)
  74 I   0.07414 0.76038 0.01408 0.15140 ( 2)
  75 N   0.20082 0.63395 0.03815 0.12707 ( 2)
  76 Y   0.81781 0.02151 0.15610 0.00457 ( 1)
  77 W   0.73438 0.10578 0.13922 0.02062 ( 1)
  78 S   0.11839 0.71483 0.02251 0.14428 ( 2)
  79 G   0.83171 0.00784 0.15878 0.00167 ( 1)
  80 H   0.83751 0.00207 0.15997 0.00045 ( 1)
  81 T   0.59359 0.24195 0.11326 0.05119 ( 1)
  82 L   0.54431 0.29377 0.10337 0.05855 ( 1)
  83 K   0.11186 0.72988 0.02104 0.13722 ( 2)
  84 Y   0.83499 0.00464 0.15938 0.00099 ( 1)
  85 R   0.00152 0.81689 0.00029 0.18130 ( 2)
  86 R   0.00009 0.82367 0.00002 0.17622 ( 2)
  87 T   0.64086 0.19539 0.12231 0.04144 ( 1)
  88 A   0.00601 0.81843 0.00115 0.17441 ( 2)
  89 D   0.00061 0.95899 0.00001 0.04039 ( 2)
  90 S   0.00849 0.82821 0.00161 0.16170 ( 2)
  91 T   0.66744 0.16972 0.12726 0.03558 ( 1)
  92 V   0.02296 0.80578 0.00438 0.16688 ( 2)
  93 T   0.00038 0.83339 0.00007 0.16616 ( 2)
  94 Y   0.48516 0.35579 0.09176 0.06729 ( 1)
  95 T   0.12052 0.70684 0.02300 0.14964 ( 2)
  96 A   0.00015 0.98462 0.00000 0.01523 ( 2)
  97 N   0.83721 0.00196 0.16039 0.00044 ( 1)
  98 Y   0.81022 0.02897 0.15465 0.00616 ( 1)
  99 G   0.83573 0.00430 0.15909 0.00088 ( 1)
 100 R   0.00130 0.82351 0.00025 0.17493 ( 2)
 101 I   0.73596 0.10234 0.14030 0.02141 ( 1)
 102 T   0.83572 0.00370 0.15978 0.00080 ( 1)
 103 S   0.81800 0.02205 0.15550 0.00445 ( 1)
 104 E   0.43870 0.39415 0.08371 0.08345 ( 1)
 105 K   0.82811 0.01141 0.15806 0.00242 ( 1)
 106 N   0.43433 0.39667 0.08304 0.08596 ( 1)
 107 S   0.00600 0.82774 0.00114 0.16512 ( 2)
 108 -   0.48678 0.35417 0.09207 0.06699 ( 1)
 109 F   0.04080 0.78134 0.00780 0.17005 ( 2)
 110 A   0.00248 0.82735 0.00047 0.16969 ( 2)
 111 L   0.75485 0.08461 0.14348 0.01706 ( 1)
 112 E   0.12041 0.71438 0.02287 0.14235 ( 2)
 113 D   0.31083 0.51759 0.05942 0.11216 ( 2)
 114 R   0.63647 0.20014 0.12137 0.04202 ( 1)
 115 D   0.81247 0.02619 0.15556 0.00578 ( 1)
 116 I   0.83525 0.00412 0.15974 0.00090 ( 1)
 117 F   0.83704 0.00256 0.15985 0.00055 ( 1)
 118 E   0.72210 0.11563 0.13779 0.02448 ( 1)
 119 I   0.51690 0.31557 0.09885 0.06868 ( 1)
 120 N   0.03401 0.78496 0.00652 0.17452 ( 2)
 121 S   0.81127 0.02871 0.15422 0.00579 ( 1)
 122 T   0.00220 0.81973 0.00042 0.17764 ( 2)
 123 V   0.04031 0.79656 0.00764 0.15548 ( 2)
 124 A   0.82874 0.01101 0.15795 0.00230 ( 1)
 125 N   0.16618 0.67016 0.03153 0.13214 ( 2)
 126 L   0.80382 0.03611 0.15279 0.00728 ( 1)
 127 A   0.82204 0.01840 0.15595 0.00362 ( 1)
 128 N   0.83721 0.00196 0.16039 0.00044 ( 1)
 129 Y   0.02809 0.80917 0.00532 0.15742 ( 2)
 130 Y   0.79325 0.04565 0.15141 0.00970 ( 1)
 131 Q   0.12540 0.70746 0.02385 0.14329 ( 2)
 132 K   0.04255 0.79125 0.00808 0.15812 ( 2)
 133 A   0.02357 0.80380 0.00449 0.16813 ( 2)
 134 Y   0.83499 0.00464 0.15938 0.00099 ( 1)
 135 G   0.83406 0.00553 0.15923 0.00118 ( 1)
 136 V   0.80832 0.03205 0.15333 0.00630 ( 1)
 137 P   0.77848 0.06091 0.14814 0.01246 ( 1)
 138 G   0.00007 0.82583 0.00001 0.17408 ( 2)
 139 S   0.75992 0.07847 0.14500 0.01660 ( 1)
 140 W   0.00000 0.87906 0.00000 0.12093 ( 2)
 141 F   0.59557 0.40344 0.00009 0.00091 ( 1)
 142 H   0.02478 0.79907 0.00473 0.17142 ( 2)
 143 M   0.24440 0.58810 0.04654 0.12097 ( 2)
 144 V   0.00953 0.82636 0.00181 0.16230 ( 2)
 145 K   0.00012 0.99962 0.00000 0.00026 ( 2)
 146 R   0.08433 0.75293 0.01599 0.14675 ( 2)
 147 G   0.00648 0.81963 0.00124 0.17265 ( 2)
 148 T   0.40895 0.42860 0.07762 0.08483 ( 2)
 149 S   0.00804 0.82219 0.00153 0.16824 ( 2)
 150 -   0.38797 0.44371 0.07405 0.09427 ( 2)
 151 -   0.48630 0.35464 0.09198 0.06708 ( 1)
 152 S   0.00456 0.92613 0.00075 0.06856 ( 2)
 153 T   0.38712 0.44565 0.07381 0.09342 ( 2)
 154 T   0.00387 0.82823 0.00074 0.16716 ( 2)
 155 A   0.00009 0.82536 0.00002 0.17453 ( 2)
 156 Y   0.00429 0.98456 0.00002 0.01114 ( 2)
 157 L   0.00334 0.82374 0.00064 0.17229 ( 2)
 158 Y   0.83176 0.00782 0.15876 0.00166 ( 1)
 159 S   0.82190 0.01756 0.15682 0.00372 ( 1)
 160 K   0.83499 0.00459 0.15943 0.00098 ( 1)
 161 T   0.22778 0.60250 0.04343 0.12629 ( 2)
 162 H   0.79711 0.04175 0.15225 0.00889 ( 1)
 163 T   0.83132 0.00841 0.15851 0.00176 ( 1)
 164 A   0.75325 0.08444 0.14401 0.01830 ( 1)
 165 L   0.00001 0.83084 0.00000 0.16914 ( 2)
 166 Q   0.00143 0.82412 0.00027 0.17417 ( 2)
 167 G   0.13993 0.68763 0.02671 0.14573 ( 2)
 168 C   0.83602 0.00374 0.15946 0.00079 ( 1)
 169 T   0.52326 0.31165 0.09977 0.06533 ( 1)
 170 Q   0.07369 0.75867 0.01401 0.15362 ( 2)
 171 V   0.52164 0.31175 0.09965 0.06696 ( 1)
 172 Y   0.83176 0.00782 0.15876 0.00166 ( 1)
 173 E   0.00028 0.82510 0.00005 0.17457 ( 2)
 174 S   0.52480 0.31238 0.09977 0.06305 ( 1)
 175 S   0.06291 0.75896 0.01204 0.16609 ( 2)
 176 D   0.04599 0.78742 0.00874 0.15785 ( 2)
 177 E   0.78551 0.05332 0.14989 0.01129 ( 1)
 178 I   0.83213 0.00748 0.15881 0.00159 ( 1)
 179 P   0.83291 0.00683 0.15883 0.00143 ( 1)
 180 L   0.00972 0.81813 0.00185 0.17030 ( 2)
 181 D   0.33136 0.50507 0.06293 0.10064 ( 2)
 182 R   0.09475 0.89694 0.00005 0.00827 ( 2)
 183 T   0.00504 0.83080 0.00096 0.16320 ( 2)
 184 V   0.80378 0.03563 0.15317 0.00742 ( 1)
 185 P   0.76762 0.07266 0.14554 0.01417 ( 1)
 186 V   0.70684 0.13116 0.13470 0.02730 ( 1)
 187 A   0.03558 0.78345 0.00682 0.17416 ( 2)
 188 E   0.45872 0.37447 0.08753 0.07928 ( 1)
 189 S   0.38026 0.45104 0.07259 0.09611 ( 2)
 190 Y   0.83499 0.00464 0.15938 0.00099 ( 1)
 191 S   0.80839 0.03116 0.15410 0.00636 ( 1)
 192 H   0.83372 0.00678 0.15817 0.00133 ( 1)
 193 R   0.83495 0.00482 0.15921 0.00101 ( 1)
 194 L   0.80180 0.03829 0.15227 0.00763 ( 1)
 195 S   0.82775 0.01232 0.15743 0.00250 ( 1)
 196 H   0.80552 0.03359 0.15375 0.00714 ( 1)
 197 I   0.41522 0.42342 0.07873 0.08263 ( 2)
 198 T   0.77051 0.06975 0.14611 0.01364 ( 1)
 199 S   0.28650 0.54646 0.05458 0.11245 ( 2)
 200 H   0.04402 0.79388 0.00834 0.15375 ( 2)
 201 S   0.04124 0.78437 0.00787 0.16652 ( 2)
 202 F   0.79921 0.04108 0.15163 0.00808 ( 1)
 203 S   0.00261 0.83419 0.00050 0.16270 ( 2)
 204 K   0.83012 0.00938 0.15850 0.00200 ( 1)
 205 -   0.52323 0.30937 0.10006 0.06733 ( 1)
 206 -   0.22067 0.60538 0.04220 0.13175 ( 2)
 207 N   0.82172 0.01707 0.15742 0.00379 ( 1)
 208 G   0.31090 0.51874 0.05938 0.11099 ( 2)
 209 S   0.00034 0.82342 0.00006 0.17617 ( 2)
 210 A   0.00074 0.82664 0.00014 0.17247 ( 2)
 211 Y   0.00006 0.99568 0.00000 0.00426 ( 2)
 212 Y   0.78460 0.05325 0.15031 0.01184 ( 1)
 213 G   0.81491 0.02485 0.15513 0.00511 ( 1)
 214 S   0.30240 0.52682 0.05776 0.11302 ( 2)
 215 F   0.27888 0.55712 0.05296 0.11104 ( 2)
 216 P   0.83555 0.00424 0.15933 0.00089 ( 1)
 217 V   0.83117 0.00941 0.15758 0.00184 ( 1)
 218 F   0.83704 0.00256 0.15985 0.00055 ( 1)
 219 V   0.80595 0.03300 0.15396 0.00709 ( 1)
 220 W   0.73438 0.10578 0.13922 0.02062 ( 1)
 221 T   0.83132 0.00841 0.15851 0.00176 ( 1)
 222 H   0.83751 0.00207 0.15997 0.00045 ( 1)
 223 T   0.00043 0.83747 0.00008 0.16202 ( 2)
 224 S   0.83824 0.00114 0.16037 0.00025 ( 1)
 225 -   0.48516 0.35579 0.09176 0.06729 ( 1)
 226 -   0.48516 0.35579 0.09176 0.06729 ( 1)
 227 -   0.48516 0.35579 0.09176 0.06729 ( 1)
 228 -   0.48516 0.35579 0.09176 0.06729 ( 1)
 229 -   0.48516 0.35579 0.09176 0.06729 ( 1)
 230 -   0.48516 0.35579 0.09176 0.06729 ( 1)


lnL = -2785.636843

