Supplemental results for CODEML (seqf: algn  treef: tree)


dN/dS (w) for site classes (K=4)

site class             0        1       2a       2b
proportion       0.75180  0.22361  0.01895  0.00564
background w     0.10404  1.00000  0.10404  1.00000
foreground w     0.10404  1.00000  1.00000  1.00000

Naive Empirical Bayes (NEB) probabilities for 4 classes
(amino acids refer to 1st sequence: BT_Cry9Ba1)

   1 -   0.96119 0.01858 0.01976 0.00047 ( 1)
   2 -   0.97908 0.00184 0.01903 0.00005 ( 1)
   3 -   0.56320 0.41384 0.01253 0.01043 ( 1)
   4 -   0.86275 0.11513 0.01922 0.00290 ( 1)
   5 I   0.78402 0.19479 0.01628 0.00491 ( 1)
   6 L   0.57575 0.40170 0.01242 0.01012 ( 1)
   7 T   0.93867 0.04172 0.01856 0.00105 ( 1)
   8 G   0.09486 0.88103 0.00191 0.02221 ( 2)
   9 F   0.34305 0.63323 0.00777 0.01596 ( 2)
  10 L   0.91661 0.06333 0.01847 0.00160 ( 1)
  11 S   0.85592 0.12081 0.02022 0.00304 ( 1)
  12 T   0.61620 0.36268 0.01198 0.00914 ( 1)
  13 L   0.97432 0.00248 0.02313 0.00006 ( 1)
  14 F   0.96263 0.01630 0.02066 0.00041 ( 1)
  15 G   0.96309 0.01858 0.01786 0.00047 ( 1)
  16 F   0.00170 0.97372 0.00004 0.02454 ( 2)
  17 L   0.95390 0.02423 0.02126 0.00061 ( 1)
  18 W   0.95240 0.02481 0.02216 0.00063 ( 1)
  19 P   0.97866 0.00119 0.02012 0.00003 ( 1)
  20 S   0.47097 0.50678 0.00948 0.01277 ( 2)
  21 N   0.98053 0.00126 0.01818 0.00003 ( 1)
  22 D   0.97045 0.01135 0.01791 0.00029 ( 1)
  23 Q   0.96633 0.01537 0.01792 0.00039 ( 1)
  24 A   0.97701 0.00380 0.01910 0.00010 ( 1)
  25 V   0.98072 0.00029 0.01898 0.00001 ( 1)
  26 W   0.95240 0.02481 0.02216 0.00063 ( 1)
  27 E   0.97979 0.00166 0.01851 0.00004 ( 1)
  28 A   0.98002 0.00040 0.01956 0.00001 ( 1)
  29 F   0.98074 0.00019 0.01906 0.00000 ( 1)
  30 I   0.97855 0.00200 0.01940 0.00005 ( 1)
  31 E   0.09143 0.86873 0.01795 0.02190 ( 2)
  32 Q   0.94748 0.03204 0.01967 0.00081 ( 1)
  33 M   0.43003 0.54810 0.00806 0.01381 ( 2)
  34 E   0.98130 0.00016 0.01854 0.00000 ( 1)
  35 E   0.81710 0.00883 0.17385 0.00022 ( 1)
  36 L   0.81629 0.01477 0.16856 0.00037 ( 1)
  37 I   0.97625 0.00112 0.02261 0.00003 ( 1)
  38 E   0.62926 0.24096 0.12371 0.00607 ( 1)
  39 Q   0.97858 0.00108 0.02032 0.00003 ( 1)
  40 R   0.91672 0.06337 0.01832 0.00160 ( 1)
  41 I   0.98137 0.00023 0.01840 0.00001 ( 1)
  42 S   0.96523 0.01203 0.02244 0.00030 ( 1)
  43 D   0.61613 0.36151 0.01324 0.00911 ( 1)
  44 Q   0.90142 0.07790 0.01872 0.00196 ( 1)
  45 V   0.98073 0.00028 0.01898 0.00001 ( 1)
  46 V   0.93870 0.04207 0.01817 0.00106 ( 1)
  47 R   0.92837 0.04973 0.02065 0.00125 ( 1)
  48 T   0.02542 0.95017 0.00047 0.02395 ( 2)
  49 A   0.97915 0.00027 0.02057 0.00001 ( 1)
  50 L   0.08297 0.89282 0.00171 0.02250 ( 2)
  51 D   0.98185 0.00007 0.01808 0.00000 ( 1)
  52 D   0.00051 0.97480 0.00011 0.02457 ( 2)
  53 L   0.97545 0.00353 0.02093 0.00009 ( 1)
  54 T   0.97920 0.00105 0.01972 0.00003 ( 1)
  55 G   0.98007 0.00038 0.01954 0.00001 ( 1)
  56 I   0.37086 0.58947 0.02481 0.01486 ( 2)
  57 Q   0.67000 0.30705 0.01520 0.00774 ( 1)
  58 N   0.44677 0.53161 0.00823 0.01340 ( 2)
  59 Y   0.97699 0.00324 0.01969 0.00008 ( 1)
  60 Y   0.97892 0.00132 0.01973 0.00003 ( 1)
  61 N   0.00203 0.97312 0.00032 0.02453 ( 2)
  62 Q   0.64601 0.33338 0.01221 0.00840 ( 1)
  63 Y   0.97944 0.00080 0.01974 0.00002 ( 1)
  64 L   0.96422 0.01467 0.02074 0.00037 ( 1)
  65 I   0.01338 0.96208 0.00029 0.02425 ( 2)
  66 A   0.98058 0.00024 0.01917 0.00001 ( 1)
  67 L   0.92740 0.05140 0.01990 0.00130 ( 1)
  68 K   0.85039 0.12811 0.01827 0.00323 ( 1)
  69 E   0.97704 0.00192 0.02099 0.00005 ( 1)
  70 W   0.95240 0.02481 0.02216 0.00063 ( 1)
  71 E   0.35876 0.61725 0.00843 0.01556 ( 2)
  72 E   0.84785 0.13273 0.01607 0.00335 ( 1)
  73 R   0.91707 0.06302 0.01832 0.00159 ( 1)
  74 P   0.97243 0.00503 0.02241 0.00013 ( 1)
  75 N   0.80964 0.01430 0.17571 0.00036 ( 1)
  76 G   0.35807 0.61792 0.00844 0.01557 ( 2)
  77 V   0.97789 0.00292 0.01911 0.00007 ( 1)
  78 R   0.97860 0.00061 0.02078 0.00002 ( 1)
  79 A   0.91840 0.06171 0.01833 0.00156 ( 1)
  80 N   0.02327 0.95221 0.00051 0.02400 ( 2)
  81 L   0.97534 0.00364 0.02093 0.00009 ( 1)
  82 V   0.37090 0.59169 0.02250 0.01491 ( 2)
  83 L   0.06846 0.90734 0.00133 0.02287 ( 2)
  84 Q   0.57869 0.39816 0.01312 0.01004 ( 1)
  85 R   0.97669 0.00154 0.02173 0.00004 ( 1)
  86 F   0.98074 0.00019 0.01906 0.00000 ( 1)
  87 E   0.52106 0.45756 0.00984 0.01153 ( 1)
  88 I   0.01468 0.96080 0.00030 0.02422 ( 2)
  89 L   0.96860 0.00945 0.02172 0.00024 ( 1)
  90 H   0.97848 0.00250 0.01895 0.00006 ( 1)
  91 A   0.00000 0.97540 0.00001 0.02458 ( 2)
  92 L   0.01669 0.95876 0.00038 0.02416 ( 2)
  93 F   0.98074 0.00019 0.01906 0.00000 ( 1)
  94 V   0.94677 0.03405 0.01832 0.00086 ( 1)
  95 S   0.02768 0.94786 0.00057 0.02389 ( 2)
  96 S   0.00036 0.97495 0.00012 0.02457 ( 2)
  97 M   0.98032 0.00024 0.01943 0.00001 ( 1)
  98 P   0.97887 0.00097 0.02013 0.00002 ( 1)
  99 S   0.97316 0.00682 0.01984 0.00017 ( 1)
 100 F   0.98074 0.00019 0.01906 0.00000 ( 1)
 101 G   0.97924 0.00115 0.01958 0.00003 ( 1)
 102 S   0.09602 0.87317 0.00880 0.02201 ( 2)
 103 G   0.97978 0.00061 0.01959 0.00002 ( 1)
 104 P   0.97832 0.00119 0.02046 0.00003 ( 1)
 105 G   0.97999 0.00041 0.01959 0.00001 ( 1)
 106 S   0.98050 0.00027 0.01923 0.00001 ( 1)
 107 Q   0.39135 0.51804 0.07756 0.01306 ( 2)
 108 R   0.89477 0.08521 0.01788 0.00215 ( 1)
 109 F   0.81219 0.16860 0.01496 0.00425 ( 1)
 110 Q   0.17711 0.79877 0.00399 0.02013 ( 2)
 111 A   0.74418 0.23549 0.01440 0.00594 ( 1)
 112 Q   0.04406 0.93160 0.00086 0.02348 ( 2)
 113 L   0.97010 0.00759 0.02212 0.00019 ( 1)
 114 L   0.96353 0.01347 0.02266 0.00034 ( 1)
 115 V   0.00122 0.97420 0.00003 0.02455 ( 2)
 116 V   0.98071 0.00031 0.01898 0.00001 ( 1)
 117 Y   0.97939 0.00085 0.01974 0.00002 ( 1)
 118 A   0.97717 0.00364 0.01910 0.00009 ( 1)
 119 Q   0.97858 0.00108 0.02032 0.00003 ( 1)
 120 A   0.98050 0.00032 0.01916 0.00001 ( 1)
 121 A   0.97605 0.00193 0.02197 0.00005 ( 1)
 122 N   0.98125 0.00054 0.01820 0.00001 ( 1)
 123 L   0.96435 0.01245 0.02289 0.00031 ( 1)
 124 H   0.98083 0.00017 0.01900 0.00000 ( 1)
 125 L   0.96707 0.01062 0.02205 0.00027 ( 1)
 126 L   0.97454 0.00363 0.02175 0.00009 ( 1)
 127 L   0.97587 0.00311 0.02094 0.00008 ( 1)
 128 L   0.97587 0.00311 0.02094 0.00008 ( 1)
 129 A   0.44408 0.53402 0.00844 0.01346 ( 2)
 130 D   0.98185 0.00007 0.01808 0.00000 ( 1)
 131 A   0.98047 0.00036 0.01916 0.00001 ( 1)
 132 E   0.97926 0.00219 0.01850 0.00006 ( 1)
 133 K   0.97104 0.00969 0.01903 0.00024 ( 1)
 134 Y   0.97967 0.00057 0.01974 0.00001 ( 1)
 135 G   0.97397 0.00398 0.02195 0.00010 ( 1)
 136 A   0.97590 0.00351 0.02050 0.00009 ( 1)
 137 R   0.98005 0.00036 0.01958 0.00001 ( 1)
 138 W   0.95240 0.02481 0.02216 0.00063 ( 1)
 139 G   0.97985 0.00059 0.01954 0.00001 ( 1)
 140 L   0.97099 0.00894 0.01985 0.00023 ( 1)
 141 R   0.00942 0.96602 0.00021 0.02435 ( 2)
 142 E   0.97125 0.00837 0.02017 0.00021 ( 1)
 143 S   0.00102 0.97440 0.00002 0.02456 ( 2)
 144 Q   0.97626 0.00335 0.02031 0.00008 ( 1)
 145 I   0.98056 0.00028 0.01915 0.00001 ( 1)
 146 G   0.75180 0.22361 0.01895 0.00564 ( 1)
 147 N   0.27614 0.70054 0.00566 0.01766 ( 2)
 148 L   0.36705 0.60971 0.00788 0.01537 ( 2)
 149 Y   0.95671 0.02342 0.01928 0.00059 ( 1)
 150 F   0.95431 0.02647 0.01855 0.00067 ( 1)
 151 N   0.47594 0.50257 0.00883 0.01267 ( 2)
 152 E   0.17800 0.79833 0.00355 0.02012 ( 2)
 153 L   0.96335 0.01623 0.02000 0.00041 ( 1)
 154 Q   0.97858 0.00108 0.02032 0.00003 ( 1)
 155 T   0.00076 0.97466 0.00001 0.02457 ( 2)
 156 R   0.03667 0.93884 0.00082 0.02366 ( 2)
 157 T   0.97979 0.00047 0.01973 0.00001 ( 1)
 158 R   0.00908 0.96636 0.00020 0.02436 ( 2)
 159 D   0.01081 0.96467 0.00021 0.02431 ( 2)
 160 Y   0.97942 0.00082 0.01974 0.00002 ( 1)
 161 T   0.97245 0.00446 0.02298 0.00011 ( 1)
 162 N   0.98160 0.00019 0.01820 0.00000 ( 1)
 163 H   0.98083 0.00017 0.01900 0.00000 ( 1)
 164 C   0.97699 0.00279 0.02015 0.00007 ( 1)
 165 V   0.97640 0.00169 0.02186 0.00004 ( 1)
 166 N   0.12825 0.84786 0.00252 0.02137 ( 2)
 167 A   0.20584 0.77068 0.00406 0.01942 ( 2)
 168 Y   0.97967 0.00057 0.01974 0.00001 ( 1)
 169 N   0.98172 0.00007 0.01820 0.00000 ( 1)
 170 N   0.00905 0.96641 0.00018 0.02436 ( 2)
 171 G   0.97964 0.00081 0.01954 0.00002 ( 1)
 172 L   0.97587 0.00311 0.02094 0.00008 ( 1)
 173 A   0.03527 0.93452 0.00665 0.02355 ( 2)
 174 G   0.00002 0.97540 0.00000 0.02458 ( 2)
 175 L   0.73124 0.24684 0.01569 0.00622 ( 1)
 176 R   0.97276 0.00762 0.01944 0.00019 ( 1)
 177 G   0.96478 0.01215 0.02276 0.00031 ( 1)
 178 T   0.98027 0.00038 0.01934 0.00001 ( 1)
 179 S   0.60434 0.37500 0.01121 0.00945 ( 1)
 180 A   0.22996 0.74659 0.00463 0.01882 ( 2)
 181 E   0.38671 0.59109 0.00730 0.01490 ( 2)
 182 S   0.98050 0.00027 0.01923 0.00001 ( 1)
 183 W   0.95240 0.02481 0.02216 0.00063 ( 1)
 184 L   0.00090 0.97452 0.00002 0.02456 ( 2)
 185 K   0.96556 0.01613 0.01790 0.00041 ( 1)
 186 Y   0.96887 0.00807 0.02285 0.00020 ( 1)
 187 H   0.97889 0.00209 0.01896 0.00005 ( 1)
 188 Q   0.84742 0.13166 0.01760 0.00332 ( 1)
 189 F   0.52240 0.45433 0.01183 0.01145 ( 1)
 190 R   0.97753 0.00182 0.02060 0.00005 ( 1)
 191 R   0.97983 0.00058 0.01958 0.00001 ( 1)
 192 E   0.97739 0.00157 0.02100 0.00004 ( 1)
 193 A   0.92145 0.05880 0.01827 0.00148 ( 1)
 194 T   0.97980 0.00085 0.01933 0.00002 ( 1)
 195 L   0.92806 0.05074 0.01992 0.00128 ( 1)
 196 M   0.92331 0.05695 0.01830 0.00144 ( 1)
 197 A   0.97722 0.00359 0.01910 0.00009 ( 1)
 198 M   0.97750 0.00305 0.01938 0.00008 ( 1)
 199 D   0.98185 0.00007 0.01808 0.00000 ( 1)
 200 L   0.97451 0.00447 0.02091 0.00011 ( 1)
 201 I   0.91408 0.06388 0.02043 0.00161 ( 1)
 202 A   0.93585 0.04355 0.01950 0.00110 ( 1)
 203 L   0.97539 0.00358 0.02094 0.00009 ( 1)
 204 F   0.97298 0.00487 0.02203 0.00012 ( 1)
 205 P   0.97909 0.00076 0.02013 0.00002 ( 1)
 206 Y   0.90025 0.07662 0.02119 0.00193 ( 1)


lnL = -3280.780891

