Supplemental results for CODEML (seqf: algn  treef: tree)


dN/dS (w) for site classes (K=4)

site class             0        1       2a       2b
proportion       0.00000  0.00000  0.64375  0.35625
background w     0.13800  1.00000  0.13800  1.00000
foreground w     0.13800  1.00000 999.00000 999.00000

Naive Empirical Bayes (NEB) probabilities for 4 classes
(amino acids refer to 1st sequence: BT_Cry1Fb1)

   1 -   0.00000 0.00000 0.91555 0.08445 ( 3)
   2 -   0.00000 0.00000 0.96019 0.03981 ( 3)
   3 I   0.00000 0.00000 0.10562 0.89438 ( 4)
   4 I   0.00000 0.00000 0.99598 0.00402 ( 3)
   5 T   0.00000 0.00000 0.55148 0.44852 ( 3)
   6 Q   0.00000 0.00000 0.98064 0.01936 ( 3)
   7 I   0.00000 0.00000 0.98111 0.01889 ( 3)
   8 P   0.00000 0.00000 0.99820 0.00180 ( 3)
   9 A   0.00000 0.00000 0.00756 0.99244 ( 4)
  10 V   0.00000 0.00000 0.99645 0.00355 ( 3)
  11 K   0.00000 0.00000 0.99839 0.00161 ( 3)
  12 A   0.00000 0.00000 0.31865 0.68135 ( 4)
  13 H   0.00000 0.00000 0.00718 0.99282 ( 4)
  14 N   0.00000 0.00000 0.49768 0.50232 ( 4)
  15 L   0.00000 0.00000 0.51835 0.48165 ( 3)
  16 H   0.00000 0.00000 0.98757 0.01243 ( 3)
  17 -   0.00000 0.00000 0.74670 0.25330 ( 3)
  18 -   0.00000 0.00000 0.67729 0.32271 ( 3)
  19 S   0.00000 0.00000 0.05106 0.94894 ( 4)
  20 G   0.00000 0.00000 0.99831 0.00169 ( 3)
  21 S   0.00000 0.00000 0.19854 0.80146 ( 4)
  22 T   0.00000 0.00000 0.06733 0.93267 ( 4)
  23 V   0.00000 0.00000 0.99679 0.00321 ( 3)
  24 V   0.00000 0.00000 0.30554 0.69446 ( 4)
  25 R   0.00000 0.00000 0.30109 0.69891 ( 4)
  26 G   0.00000 0.00000 0.99882 0.00118 ( 3)
  27 P   0.00000 0.00000 0.99631 0.00369 ( 3)
  28 G   0.00000 0.00000 0.99264 0.00736 ( 3)
  29 F   0.00000 0.00000 0.99942 0.00058 ( 3)
  30 T   0.00000 0.00000 0.99674 0.00326 ( 3)
  31 G   0.00000 0.00000 0.99666 0.00334 ( 3)
  32 G   0.00000 0.00000 0.99825 0.00175 ( 3)
  33 D   0.00000 0.00000 0.99008 0.00992 ( 3)
  34 L   0.00000 0.00000 0.48537 0.51463 ( 4)
  35 L   0.00000 0.00000 0.89878 0.10122 ( 3)
  36 R   0.00000 0.00000 0.36221 0.63779 ( 4)
  37 R   0.00000 0.00000 0.79751 0.20249 ( 3)
  38 T   0.00000 0.00000 0.71029 0.28971 ( 3)
  39 N   0.00000 0.00000 0.04835 0.95165 ( 4)
  40 T   0.00000 0.00000 0.87182 0.12818 ( 3)
  41 G   0.00000 0.00000 0.76825 0.23175 ( 3)
  42 -   0.00000 0.00000 0.09490 0.90510 ( 4)
  43 T   0.00000 0.00000 0.22505 0.77495 ( 4)
  44 F   0.00000 0.00000 0.74249 0.25751 ( 3)
  45 A   0.00000 0.00000 0.82511 0.17489 ( 3)
  46 D   0.00000 0.00000 0.07355 0.92645 ( 4)
  47 I   0.00000 0.00000 0.31375 0.68625 ( 4)
  48 R   0.00000 0.00000 0.86515 0.13485 ( 3)
  49 V   0.00000 0.00000 0.96761 0.03239 ( 3)
  50 N   0.00000 0.00000 0.12862 0.87138 ( 4)
  51 I   0.00000 0.00000 0.05981 0.94019 ( 4)
  52 T   0.00000 0.00000 0.66421 0.33579 ( 3)
  53 G   0.00000 0.00000 0.04209 0.95791 ( 4)
  54 -   0.00000 0.00000 0.64375 0.35625 ( 3)
  55 P   0.00000 0.00000 0.68802 0.31198 ( 3)
  56 L   0.00000 0.00000 0.61955 0.38045 ( 3)
  57 S   0.00000 0.00000 0.76568 0.23432 ( 3)
  58 Q   0.00000 0.00000 0.77663 0.22337 ( 3)
  59 R   0.00000 0.00000 0.75337 0.24663 ( 3)
  60 Y   0.00000 0.00000 0.99890 0.00110 ( 3)
  61 R   0.00000 0.00000 0.99887 0.00113 ( 3)
  62 V   0.00000 0.00000 0.98432 0.01568 ( 3)
  63 R   0.00000 0.00000 0.99901 0.00099 ( 3)
  64 I   0.00000 0.00000 0.97711 0.02289 ( 3)
  65 R   0.00000 0.00000 0.84812 0.15188 ( 3)
  66 Y   0.00000 0.00000 0.99890 0.00110 ( 3)
  67 A   0.00000 0.00000 0.99790 0.00210 ( 3)
  68 S   0.00000 0.00000 0.98931 0.01069 ( 3)
  69 T   0.00000 0.00000 0.93529 0.06471 ( 3)
  70 T   0.00000 0.00000 0.98760 0.01240 ( 3)
  71 D   0.00000 0.00000 0.83956 0.16044 ( 3)
  72 L   0.00000 0.00000 0.73338 0.26662 ( 3)
  73 Q   0.00000 0.00000 0.54212 0.45788 ( 3)
  74 F   0.00000 0.00000 0.98350 0.01650 ( 3)
  75 F   0.00000 0.00000 0.37143 0.62857 ( 4)
  76 T   0.00000 0.00000 0.45034 0.54966 ( 4)
  77 R   0.00000 0.00000 0.09015 0.90985 ( 4)
  78 I   0.00000 0.00000 0.13416 0.86584 ( 4)
  79 N   0.00000 0.00000 0.45232 0.54768 ( 4)
  80 G   0.00000 0.00000 0.99806 0.00194 ( 3)
  81 T   0.00000 0.00000 0.50712 0.49288 ( 3)
  82 S   0.00000 0.00000 0.00652 0.99348 ( 4)
  83 V   0.00000 0.00000 0.97256 0.02744 ( 3)
  84 N   0.00000 0.00000 0.93810 0.06190 ( 3)
  85 Q   0.00000 0.00000 0.41503 0.58497 ( 4)
  86 G   0.00000 0.00000 0.01762 0.98238 ( 4)
  87 -   0.00000 0.00000 0.76475 0.23525 ( 3)
  88 -   0.00000 0.00000 0.71875 0.28125 ( 3)
  89 -   0.00000 0.00000 0.75154 0.24846 ( 3)
  90 -   0.00000 0.00000 0.67711 0.32289 ( 3)
  91 -   0.00000 0.00000 0.77120 0.22880 ( 3)
  92 N   0.00000 0.00000 0.01324 0.98676 ( 4)
  93 F   0.00000 0.00000 0.98613 0.01387 ( 3)
  94 Q   0.00000 0.00000 0.03532 0.96468 ( 4)
  95 R   0.00000 0.00000 0.96498 0.03502 ( 3)
  96 T   0.00000 0.00000 0.99738 0.00262 ( 3)
  97 M   0.00000 0.00000 0.99980 0.00020 ( 3)
  98 N   0.00000 0.00000 0.51603 0.48397 ( 3)
  99 R   0.00000 0.00000 0.47115 0.52885 ( 4)
 100 G   0.00000 0.00000 0.97489 0.02511 ( 3)
 101 G   0.00000 0.00000 0.09992 0.90008 ( 4)
 102 N   0.00000 0.00000 0.65283 0.34717 ( 3)
 103 L   0.00000 0.00000 0.98997 0.01003 ( 3)
 104 E   0.00000 0.00000 0.36713 0.63287 ( 4)
 105 S   0.00000 0.00000 0.91314 0.08686 ( 3)
 106 G   0.00000 0.00000 0.03613 0.96387 ( 4)
 107 N   0.00000 0.00000 0.12963 0.87037 ( 4)
 108 F   0.00000 0.00000 0.99942 0.00058 ( 3)
 109 R   0.00000 0.00000 0.57067 0.42933 ( 3)
 110 T   0.00000 0.00000 0.72080 0.27920 ( 3)
 111 A   0.00000 0.00000 0.96877 0.03123 ( 3)
 112 G   0.00000 0.00000 0.76586 0.23414 ( 3)
 113 F   0.00000 0.00000 0.99412 0.00588 ( 3)
 114 S   0.00000 0.00000 0.88535 0.11465 ( 3)
 115 T   0.00000 0.00000 0.35547 0.64453 ( 4)
 116 P   0.00000 0.00000 0.99110 0.00890 ( 3)
 117 F   0.00000 0.00000 0.95990 0.04010 ( 3)
 118 S   0.00000 0.00000 0.27933 0.72067 ( 4)
 119 F   0.00000 0.00000 0.99942 0.00058 ( 3)
 120 S   0.00000 0.00000 0.01868 0.98132 ( 4)
 121 N   0.00000 0.00000 0.60278 0.39722 ( 3)
 122 A   0.00000 0.00000 0.22149 0.77851 ( 4)
 123 Q   0.00000 0.00000 0.00094 0.99906 ( 4)
 124 S   0.00000 0.00000 0.61704 0.38296 ( 3)
 125 T   0.00000 0.00000 0.12888 0.87112 ( 4)
 126 F   0.00000 0.00000 0.23021 0.76979 ( 4)
 127 T   0.00000 0.00000 0.19895 0.80105 ( 4)
 128 L   0.00000 0.00000 0.57163 0.42837 ( 3)
 129 G   0.00000 0.00000 0.13953 0.86047 ( 4)
 130 T   0.00000 0.00000 0.55033 0.44967 ( 3)
 131 Q   0.00000 0.00000 0.08601 0.91399 ( 4)
 132 A   0.00000 0.00000 0.06144 0.93856 ( 4)
 133 F   0.00000 0.00000 0.94997 0.05003 ( 3)
 134 -   0.00000 0.00000 0.00416 0.99584 ( 4)
 135 S   0.00000 0.00000 0.99479 0.00521 ( 3)
 136 N   0.00000 0.00000 0.74795 0.25205 ( 3)
 137 Q   0.00000 0.00000 0.43314 0.56686 ( 4)
 138 E   0.00000 0.00000 0.97687 0.02313 ( 3)
 139 V   0.00000 0.00000 0.98272 0.01728 ( 3)
 140 Y   0.00000 0.00000 0.99890 0.00110 ( 3)
 141 I   0.00000 0.00000 0.93865 0.06135 ( 3)
 142 D   0.00000 0.00000 0.99397 0.00603 ( 3)
 143 R   0.00000 0.00000 0.64039 0.35961 ( 3)
 144 I   0.00000 0.00000 0.98521 0.01479 ( 3)
 145 E   0.00000 0.00000 0.99915 0.00085 ( 3)
 146 F   0.00000 0.00000 0.91261 0.08739 ( 3)
 147 V   0.00000 0.00000 0.83303 0.16697 ( 3)
 148 -   0.00000 0.00000 0.64375 0.35625 ( 3)


lnL = -2066.078935

Bayes Empirical Bayes (BEB) probabilities for 4 classes (class)
(amino acids refer to 1st sequence: BT_Cry1Fb1)

   1 -   0.62727 0.06059 0.28482 0.02731 ( 1)
   2 -   0.65819 0.02973 0.29868 0.01340 ( 1)
   3 I   0.09157 0.59631 0.04194 0.27017 ( 2)
   4 I   0.68478 0.00314 0.31066 0.00142 ( 1)
   5 T   0.39522 0.29266 0.18002 0.13210 ( 1)
   6 Q   0.67439 0.01350 0.30602 0.00608 ( 1)
   7 I   0.67447 0.01343 0.30604 0.00605 ( 1)
   8 P   0.68651 0.00139 0.31147 0.00063 ( 1)
   9 A   0.00780 0.68010 0.00358 0.30852 ( 2)
  10 V   0.68512 0.00276 0.31088 0.00124 ( 1)
  11 K   0.68665 0.00127 0.31151 0.00057 ( 1)
  12 A   0.24807 0.43985 0.11325 0.19884 ( 2)
  13 H   0.00699 0.68091 0.00321 0.30889 ( 2)
  14 N   0.36904 0.31886 0.16814 0.14396 ( 1)
  15 L   0.17026 0.51681 0.07914 0.23378 ( 2)
  16 H   0.67905 0.00884 0.30812 0.00399 ( 1)
  17 -   0.51323 0.17467 0.23332 0.07877 ( 1)
  18 -   0.46605 0.22182 0.21205 0.10007 ( 1)
  19 S   0.03572 0.65210 0.01642 0.29576 ( 2)
  20 G   0.68655 0.00132 0.31153 0.00060 ( 1)
  21 S   0.16529 0.52261 0.07559 0.23652 ( 2)
  22 T   0.04590 0.64193 0.02108 0.29109 ( 2)
  23 V   0.68537 0.00251 0.31099 0.00113 ( 1)
  24 V   0.23746 0.45038 0.10847 0.20369 ( 2)
  25 R   0.19623 0.49151 0.08987 0.22239 ( 2)
  26 G   0.68698 0.00093 0.31167 0.00042 ( 1)
  27 P   0.68507 0.00282 0.31083 0.00127 ( 1)
  28 G   0.68231 0.00556 0.30962 0.00251 ( 1)
  29 F   0.68745 0.00046 0.31188 0.00021 ( 1)
  30 T   0.68534 0.00257 0.31093 0.00116 ( 1)
  31 G   0.68532 0.00259 0.31092 0.00117 ( 1)
  32 G   0.68654 0.00137 0.31148 0.00062 ( 1)
  33 D   0.68086 0.00707 0.30889 0.00318 ( 1)
  34 L   0.35337 0.33453 0.16105 0.15105 ( 1)
  35 L   0.61867 0.06924 0.28088 0.03121 ( 1)
  36 R   0.26913 0.41864 0.12293 0.18930 ( 2)
  37 R   0.52169 0.16582 0.23772 0.07477 ( 1)
  38 T   0.50099 0.18687 0.22784 0.08429 ( 1)
  39 N   0.03720 0.65063 0.01708 0.29509 ( 2)
  40 T   0.60286 0.08507 0.27374 0.03834 ( 1)
  41 G   0.52984 0.15794 0.24099 0.07123 ( 1)
  42 -   0.04054 0.64718 0.01869 0.29359 ( 2)
  43 T   0.17799 0.50992 0.08137 0.23073 ( 2)
  44 F   0.34499 0.34179 0.15901 0.15420 ( 1)
  45 A   0.57335 0.11457 0.26044 0.05165 ( 1)
  46 D   0.06658 0.62130 0.03051 0.28161 ( 2)
  47 I   0.24543 0.44246 0.11207 0.20004 ( 2)
  48 R   0.59877 0.08911 0.27194 0.04017 ( 1)
  49 V   0.66480 0.02311 0.30166 0.01042 ( 1)
  50 N   0.10561 0.58223 0.04838 0.26378 ( 2)
  51 I   0.01369 0.67402 0.00638 0.30591 ( 2)
  52 T   0.47745 0.21047 0.21716 0.09493 ( 1)
  53 G   0.03849 0.64940 0.01765 0.29445 ( 2)
  54 -   0.44352 0.24435 0.20188 0.11026 ( 1)
  55 P   0.48714 0.20073 0.22158 0.09055 ( 1)
  56 L   0.44403 0.24387 0.20207 0.11003 ( 1)
  57 S   0.53613 0.15178 0.24366 0.06844 ( 1)
  58 Q   0.54470 0.14319 0.24754 0.06457 ( 1)
  59 R   0.52943 0.15846 0.24066 0.07145 ( 1)
  60 Y   0.68704 0.00086 0.31171 0.00039 ( 1)
  61 R   0.68702 0.00087 0.31171 0.00039 ( 1)
  62 V   0.67667 0.01125 0.30702 0.00507 ( 1)
  63 R   0.68713 0.00078 0.31174 0.00035 ( 1)
  64 I   0.67127 0.01662 0.30462 0.00749 ( 1)
  65 R   0.58618 0.10173 0.26623 0.04586 ( 1)
  66 Y   0.68704 0.00086 0.31171 0.00039 ( 1)
  67 A   0.68622 0.00166 0.31138 0.00075 ( 1)
  68 S   0.68030 0.00762 0.30865 0.00343 ( 1)
  69 T   0.64193 0.04599 0.29135 0.02073 ( 1)
  70 T   0.67887 0.00905 0.30799 0.00408 ( 1)
  71 D   0.58612 0.10180 0.26619 0.04589 ( 1)
  72 L   0.51602 0.17189 0.23458 0.07751 ( 1)
  73 Q   0.39076 0.29710 0.17801 0.13412 ( 1)
  74 F   0.67617 0.01174 0.30681 0.00529 ( 1)
  75 F   0.27704 0.41084 0.12644 0.18569 ( 2)
  76 T   0.33831 0.34960 0.15422 0.15788 ( 2)
  77 R   0.07942 0.60849 0.03638 0.27572 ( 2)
  78 I   0.11605 0.57185 0.05312 0.25898 ( 2)
  79 N   0.33887 0.34904 0.15447 0.15763 ( 2)
  80 G   0.68640 0.00151 0.31142 0.00068 ( 1)
  81 T   0.36850 0.31941 0.16789 0.14420 ( 1)
  82 S   0.00455 0.68329 0.00210 0.31006 ( 2)
  83 V   0.66829 0.01959 0.30329 0.00883 ( 1)
  84 N   0.63677 0.05072 0.28964 0.02287 ( 1)
  85 Q   0.31380 0.37409 0.14312 0.16900 ( 2)
  86 G   0.01654 0.67135 0.00759 0.30452 ( 2)
  87 -   0.52617 0.16175 0.23915 0.07293 ( 1)
  88 -   0.49403 0.19386 0.22467 0.08743 ( 1)
  89 -   0.51651 0.17140 0.23480 0.07729 ( 1)
  90 -   0.46593 0.22195 0.21200 0.10013 ( 1)
  91 -   0.53007 0.15785 0.24091 0.07117 ( 1)
  92 N   0.00646 0.68138 0.00298 0.30918 ( 2)
  93 F   0.67807 0.00985 0.30764 0.00444 ( 1)
  94 Q   0.03302 0.65487 0.01514 0.29696 ( 2)
  95 R   0.66440 0.02351 0.30149 0.01060 ( 1)
  96 T   0.68583 0.00208 0.31115 0.00094 ( 1)
  97 M   0.68775 0.00016 0.31202 0.00007 ( 1)
  98 N   0.22647 0.46088 0.10432 0.20833 ( 2)
  99 R   0.34514 0.34277 0.15731 0.15479 ( 1)
 100 G   0.66964 0.01818 0.30399 0.00819 ( 1)
 101 G   0.08219 0.60567 0.03767 0.27448 ( 2)
 102 N   0.47161 0.21629 0.21454 0.09756 ( 1)
 103 L   0.68037 0.00754 0.30870 0.00340 ( 1)
 104 E   0.28188 0.40601 0.12863 0.18348 ( 2)
 105 S   0.63098 0.05692 0.28644 0.02566 ( 1)
 106 G   0.03518 0.65272 0.01613 0.29596 ( 2)
 107 N   0.10836 0.57952 0.04961 0.26250 ( 2)
 108 F   0.68745 0.00046 0.31188 0.00021 ( 1)
 109 R   0.42001 0.26790 0.19120 0.12089 ( 1)
 110 T   0.51412 0.17378 0.23373 0.07837 ( 1)
 111 A   0.66698 0.02093 0.30265 0.00944 ( 1)
 112 G   0.53839 0.14953 0.24466 0.06742 ( 1)
 113 F   0.68364 0.00425 0.31019 0.00192 ( 1)
 114 S   0.61200 0.07591 0.27788 0.03422 ( 1)
 115 T   0.20241 0.48521 0.09284 0.21954 ( 2)
 116 P   0.68156 0.00633 0.30926 0.00285 ( 1)
 117 F   0.66005 0.02785 0.29954 0.01255 ( 1)
 118 S   0.22303 0.46487 0.10187 0.21022 ( 2)
 119 F   0.68745 0.00046 0.31188 0.00021 ( 1)
 120 S   0.01762 0.67029 0.00808 0.30401 ( 2)
 121 N   0.43634 0.25155 0.19861 0.11350 ( 1)
 122 A   0.17490 0.51294 0.07999 0.23218 ( 2)
 123 Q   0.00091 0.68695 0.00042 0.31172 ( 2)
 124 S   0.44962 0.23826 0.20462 0.10750 ( 1)
 125 T   0.05820 0.62955 0.02685 0.28540 ( 2)
 126 F   0.17572 0.51211 0.08039 0.23177 ( 2)
 127 T   0.05931 0.62833 0.02754 0.28482 ( 2)
 128 L   0.41025 0.27763 0.18682 0.12530 ( 1)
 129 G   0.10847 0.57934 0.04971 0.26248 ( 2)
 130 T   0.39280 0.29501 0.17901 0.13318 ( 1)
 131 Q   0.07634 0.61157 0.03497 0.27712 ( 2)
 132 A   0.05256 0.63527 0.02411 0.28806 ( 2)
 133 F   0.65527 0.03256 0.29749 0.01468 ( 1)
 134 -   0.00375 0.68411 0.00172 0.31042 ( 2)
 135 S   0.68395 0.00394 0.31033 0.00177 ( 1)
 136 N   0.52897 0.15894 0.24042 0.07167 ( 1)
 137 Q   0.32693 0.36096 0.14907 0.16304 ( 2)
 138 E   0.67152 0.01636 0.30475 0.00737 ( 1)
 139 V   0.65050 0.03550 0.29804 0.01597 ( 1)
 140 Y   0.68704 0.00086 0.31171 0.00039 ( 1)
 141 I   0.64702 0.04089 0.29366 0.01843 ( 1)
 142 D   0.68333 0.00455 0.31007 0.00205 ( 1)
 143 R   0.45407 0.23377 0.20667 0.10548 ( 1)
 144 I   0.67719 0.01073 0.30725 0.00483 ( 1)
 145 E   0.68723 0.00068 0.31178 0.00031 ( 1)
 146 F   0.62796 0.05995 0.28507 0.02702 ( 1)
 147 V   0.57443 0.11345 0.26097 0.05115 ( 1)
 148 -   0.44352 0.24435 0.20188 0.11026 ( 1)

