Supplemental results for CODEML (seqf: algn  treef: tree)


dN/dS (w) for site classes (K=4)

site class             0        1       2a       2b
proportion       0.29087  0.17822  0.32920  0.20170
background w     0.10630  1.00000  0.10630  1.00000
foreground w     0.10630  1.00000  6.19039  6.19039

Naive Empirical Bayes (NEB) probabilities for 4 classes
(amino acids refer to 1st sequence: BT_Cry21Aa1)

   1 -   0.29087 0.17822 0.32920 0.20170 ( 3)
   2 V   0.43056 0.03853 0.48730 0.04361 ( 3)
   3 D   0.45271 0.01638 0.51237 0.01854 ( 3)
   4 I   0.39908 0.00671 0.58655 0.00766 ( 3)
   5 Q   0.01138 0.39286 0.09959 0.49616 ( 4)
   6 L   0.07786 0.21419 0.45933 0.24862 ( 3)
   7 D   0.86338 0.00205 0.13243 0.00214 ( 1)
   8 Q   0.76496 0.00885 0.21603 0.01015 ( 1)
   9 T   0.85089 0.00133 0.14636 0.00142 ( 1)
  10 R   0.95353 0.00074 0.04545 0.00027 ( 1)
  11 L   0.14438 0.02560 0.80384 0.02618 ( 3)
  12 V   0.38826 0.00384 0.60331 0.00459 ( 3)
  13 F   0.40887 0.00229 0.58651 0.00233 ( 3)
  14 S   0.83850 0.00254 0.15700 0.00196 ( 1)
  15 D   0.88293 0.00151 0.11398 0.00158 ( 1)
  16 V   0.47196 0.08925 0.33611 0.10268 ( 1)
  17 A   0.76235 0.01813 0.20145 0.01808 ( 1)
  18 G   0.88564 0.00015 0.11407 0.00013 ( 1)
  19 P   0.29038 0.00368 0.70202 0.00392 ( 3)
  20 W   0.00238 0.46671 0.00269 0.52821 ( 4)
  21 E   0.46492 0.00417 0.52618 0.00472 ( 3)
  22 G   0.46436 0.00474 0.52555 0.00536 ( 3)
  23 N   0.46692 0.00217 0.52845 0.00246 ( 3)
  24 D   0.46156 0.00754 0.52238 0.00853 ( 3)
  25 -   0.11863 0.35046 0.13426 0.39664 ( 4)
  26 -   0.43498 0.03412 0.49230 0.03861 ( 3)
  27 -   0.42954 0.03955 0.48614 0.04477 ( 3)
  28 -   0.42142 0.04767 0.47695 0.05396 ( 3)
  29 N   0.45759 0.01150 0.51789 0.01302 ( 3)
  30 I   0.60099 0.09196 0.21071 0.09634 ( 1)
  31 T   0.63304 0.04558 0.26988 0.05150 ( 1)
  32 S   0.00636 0.39942 0.03182 0.56240 ( 4)
  33 N   0.73130 0.02396 0.21941 0.02532 ( 1)
  34 I   0.17889 0.08384 0.64455 0.09271 ( 3)
  35 I   0.78064 0.01127 0.19545 0.01263 ( 1)
  36 D   0.00003 0.46447 0.00023 0.53526 ( 4)
  37 V   0.00008 0.44930 0.00092 0.54971 ( 4)
  38 L   0.21255 0.10268 0.58048 0.10428 ( 3)
  39 T   0.00126 0.44792 0.01478 0.53604 ( 4)
  40 P   0.00077 0.42016 0.02771 0.55136 ( 4)
  41 I   0.70211 0.08291 0.12236 0.09262 ( 1)
  42 N   0.48369 0.15469 0.19743 0.16419 ( 1)
  43 T   0.54009 0.02516 0.40552 0.02923 ( 1)
  44 G   0.00252 0.32434 0.17105 0.50209 ( 4)
  45 I   0.26471 0.30717 0.11197 0.31616 ( 4)
  46 G   0.01189 0.47211 0.04239 0.47362 ( 4)
  47 F   0.00677 0.31936 0.26620 0.40767 ( 4)
  48 Q   0.02890 0.44019 0.03271 0.49820 ( 4)
  49 E   0.31742 0.15167 0.35925 0.17165 ( 3)
  50 -   0.29087 0.17822 0.32920 0.20170 ( 3)
  51 S   0.06029 0.22315 0.44733 0.26924 ( 3)
  52 S   0.83599 0.00283 0.15912 0.00207 ( 1)
  53 D   0.13759 0.40807 0.02730 0.42704 ( 4)
  54 L   0.83681 0.01022 0.14231 0.01066 ( 1)
  55 R   0.09245 0.32016 0.13484 0.45256 ( 4)
  56 K   0.47946 0.13301 0.25372 0.13381 ( 1)
  57 F   0.61967 0.21434 0.07689 0.08910 ( 1)
  58 T   0.04772 0.42137 0.05401 0.47690 ( 4)
  59 Y   0.43569 0.03341 0.49310 0.03781 ( 3)
  60 P   0.44011 0.02898 0.49811 0.03280 ( 3)
  61 R   0.42060 0.04849 0.47602 0.05488 ( 3)
  62 I   0.25237 0.21673 0.28562 0.24529 ( 3)
  63 E   0.43669 0.03241 0.49423 0.03668 ( 3)
  64 L   0.91074 0.00050 0.08847 0.00029 ( 1)
  65 Q   0.13030 0.38732 0.08753 0.39484 ( 4)
  66 S   0.51105 0.29549 0.04418 0.14927 ( 1)
  67 M   0.01330 0.40742 0.08197 0.49731 ( 4)
  68 Q   0.62719 0.04992 0.27320 0.04969 ( 1)
  69 F   0.47013 0.01341 0.50511 0.01135 ( 3)
  70 H   0.04764 0.48007 0.00912 0.46317 ( 2)
  71 G   0.00156 0.46881 0.00514 0.52449 ( 4)
  72 Q   0.44788 0.14941 0.25366 0.14905 ( 1)
  73 Y   0.00024 0.48595 0.00014 0.51368 ( 4)
  74 V   0.79471 0.04637 0.10688 0.05204 ( 1)
  75 N   0.02845 0.47208 0.00803 0.49144 ( 4)
  76 S   0.00578 0.43821 0.09592 0.46010 ( 4)
  77 K   0.37532 0.01655 0.59140 0.01673 ( 3)
  78 S   0.33705 0.01696 0.62740 0.01859 ( 3)
  79 V   0.00440 0.45205 0.03084 0.51272 ( 4)
  80 E   0.01105 0.48962 0.01336 0.48596 ( 2)
  81 -   0.08766 0.31982 0.22924 0.36328 ( 4)
  82 -   0.28220 0.03961 0.63340 0.04479 ( 3)
  83 -   0.01671 0.41866 0.08263 0.48200 ( 4)
  84 H   0.13864 0.11670 0.61773 0.12693 ( 3)
  85 C   0.13675 0.00792 0.84639 0.00894 ( 3)
  86 Y   0.89582 0.00153 0.10124 0.00141 ( 1)
  87 S   0.06606 0.01745 0.89771 0.01878 ( 3)
  88 D   0.02167 0.23858 0.42313 0.31661 ( 3)
  89 G   0.30492 0.18461 0.31677 0.19370 ( 3)
  90 L   0.30238 0.04489 0.59794 0.05480 ( 3)
  91 K   0.00775 0.33587 0.25509 0.40129 ( 4)
  92 L   0.05106 0.02262 0.89636 0.02996 ( 3)
  93 N   0.67922 0.02814 0.26175 0.03088 ( 1)
  94 Y   0.03791 0.47912 0.02945 0.45353 ( 2)
  95 K   0.00320 0.46043 0.02897 0.50740 ( 4)
  96 N   0.04790 0.44770 0.03001 0.47439 ( 4)
  97 K   0.14356 0.20302 0.44731 0.20610 ( 3)
  98 T   0.09694 0.28534 0.30340 0.31431 ( 4)
  99 I   0.57935 0.13585 0.13311 0.15168 ( 1)
 100 T   0.26527 0.27056 0.17183 0.29234 ( 4)
 101 A   0.26114 0.24803 0.23955 0.25128 ( 1)
 102 G   0.78551 0.05510 0.09886 0.06054 ( 1)
 103 V   0.35118 0.16340 0.29943 0.18599 ( 1)
 104 S   0.01702 0.41043 0.10295 0.46960 ( 4)
 105 N   0.67850 0.07491 0.16705 0.07953 ( 1)
 106 I   0.04024 0.44355 0.03402 0.48219 ( 4)
 107 D   0.12202 0.05687 0.75360 0.06751 ( 3)
 108 E   0.87700 0.00858 0.10614 0.00828 ( 1)
 109 S   0.04219 0.39363 0.06190 0.50228 ( 4)
 110 N   0.11364 0.36525 0.11795 0.40316 ( 4)
 111 -   0.29087 0.17822 0.32920 0.20170 ( 3)
 112 Q   0.00103 0.50207 0.00079 0.49610 ( 2)
 113 N   0.01174 0.44817 0.02373 0.51636 ( 4)
 114 N   0.44217 0.24094 0.06920 0.24769 ( 1)
 115 K   0.34696 0.25833 0.11721 0.27750 ( 1)
 116 H   0.28189 0.05517 0.60790 0.05504 ( 3)
 117 N   0.78313 0.04159 0.13199 0.04330 ( 1)
 118 Y   0.05922 0.01747 0.90457 0.01875 ( 3)
 119 G   0.92216 0.00216 0.07332 0.00235 ( 1)
 120 P   0.01808 0.21807 0.46921 0.29464 ( 3)
 121 V   0.01936 0.46995 0.02425 0.48645 ( 4)
 122 I   0.04761 0.19544 0.53700 0.21995 ( 3)
 123 N   0.17363 0.28552 0.21131 0.32954 ( 4)
 124 S   0.08895 0.45412 0.01909 0.43784 ( 2)
 125 P   0.10667 0.05942 0.76588 0.06803 ( 3)
 126 I   0.11757 0.17063 0.52216 0.18964 ( 3)
 127 -   0.03370 0.43581 0.03903 0.49147 ( 4)
 128 -   0.00162 0.46874 0.00115 0.52849 ( 4)
 129 -   0.52477 0.02829 0.41498 0.03196 ( 1)
 130 -   0.43356 0.03553 0.49070 0.04021 ( 3)
 131 -   0.39649 0.07261 0.44873 0.08218 ( 3)
 132 -   0.38223 0.08687 0.43259 0.09831 ( 3)
 133 -   0.42060 0.04849 0.47602 0.05488 ( 3)
 134 -   0.21629 0.25280 0.24480 0.28611 ( 4)
 135 -   0.43498 0.03412 0.49230 0.03861 ( 3)
 136 -   0.69580 0.01249 0.27763 0.01408 ( 1)
 137 -   0.16865 0.27097 0.25370 0.30668 ( 4)
 138 -   0.23093 0.05819 0.64471 0.06617 ( 3)
 139 -   0.23053 0.14395 0.46220 0.16332 ( 3)
 140 -   0.05819 0.41441 0.05898 0.46842 ( 4)
 141 T   0.23371 0.31996 0.08746 0.35887 ( 4)
 142 D   0.32922 0.07566 0.51116 0.08396 ( 3)
 143 I   0.01053 0.42405 0.08141 0.48401 ( 4)
 144 N   0.13579 0.01356 0.83416 0.01649 ( 3)
 145 V   0.03714 0.29192 0.35618 0.31477 ( 3)
 146 N   0.08378 0.18088 0.51052 0.22482 ( 3)
 147 S   0.08852 0.13970 0.60866 0.16313 ( 3)
 148 Q   0.00838 0.00351 0.98333 0.00478 ( 3)
 149 N   0.41716 0.00287 0.57680 0.00317 ( 3)
 150 S   0.83899 0.00184 0.15773 0.00144 ( 1)
 151 Q   0.92206 0.00178 0.07489 0.00127 ( 1)
 152 Y   0.84754 0.01656 0.13041 0.00549 ( 1)
 153 L   0.45721 0.22721 0.12524 0.19034 ( 1)
 154 D   0.01626 0.43339 0.02155 0.52880 ( 4)
 155 L   0.02755 0.47639 0.05225 0.44382 ( 2)
 156 N   0.00518 0.40669 0.04491 0.54322 ( 4)
 157 S   0.10338 0.09378 0.69016 0.11269 ( 3)
 158 V   0.20198 0.24635 0.32538 0.22629 ( 3)
 159 M   0.03411 0.40172 0.10419 0.45999 ( 4)
 160 V   0.22691 0.18507 0.36783 0.22019 ( 3)
 161 N   0.72880 0.05713 0.15514 0.05893 ( 1)
 162 G   0.78050 0.05319 0.12068 0.04564 ( 1)
 163 -   0.29087 0.17822 0.32920 0.20170 ( 3)
 164 -   0.47682 0.07735 0.35883 0.08700 ( 1)
 165 -   0.51030 0.04287 0.39841 0.04841 ( 1)
 166 -   0.16501 0.06987 0.68554 0.07958 ( 3)
 167 -   0.00042 0.46796 0.00061 0.53101 ( 4)
 168 -   0.12897 0.34306 0.13864 0.38934 ( 4)
 169 -   0.13552 0.32529 0.17195 0.36724 ( 4)
 170 G   0.09390 0.34832 0.16474 0.39303 ( 4)
 171 Q   0.05275 0.01313 0.91809 0.01603 ( 3)
 172 K   0.00765 0.47220 0.01271 0.50743 ( 4)
 173 V   0.04703 0.08718 0.77122 0.09456 ( 3)
 174 T   0.07514 0.29398 0.29638 0.33451 ( 4)
 175 G   0.00193 0.45087 0.00672 0.54048 ( 4)
 176 C   0.03286 0.06100 0.82164 0.08450 ( 3)
 177 S   0.22351 0.33334 0.09990 0.34325 ( 4)
 178 P   0.00129 0.46428 0.01041 0.52403 ( 4)
 179 L   0.30828 0.02385 0.64211 0.02575 ( 3)
 180 S   0.06819 0.39000 0.12429 0.41752 ( 4)
 181 S   0.02501 0.38245 0.07757 0.51497 ( 4)
 182 N   0.67272 0.08506 0.15241 0.08981 ( 1)
 183 G   0.01686 0.45223 0.01908 0.51182 ( 4)
 184 N   0.04290 0.32620 0.19766 0.43324 ( 4)
 185 S   0.20415 0.00215 0.79131 0.00239 ( 3)
 186 N   0.59625 0.07698 0.24856 0.07821 ( 1)
 187 N   0.00698 0.47741 0.00634 0.50927 ( 4)
 188 A   0.01712 0.31318 0.30220 0.36750 ( 4)
 189 A   0.17284 0.33847 0.10213 0.38655 ( 4)
 190 L   0.90663 0.00160 0.09067 0.00111 ( 1)
 191 P   0.93742 0.00029 0.06202 0.00026 ( 1)
 192 N   0.12901 0.03800 0.79150 0.04150 ( 3)
 193 Q   0.69875 0.00354 0.29401 0.00371 ( 1)
 194 K   0.48638 0.00421 0.50523 0.00418 ( 3)
 195 I   0.01134 0.46474 0.00343 0.52050 ( 4)
 196 N   0.03745 0.07193 0.80785 0.08277 ( 3)
 197 V   0.00262 0.33512 0.11151 0.55075 ( 4)
 198 I   0.06005 0.34599 0.19014 0.40382 ( 4)
 199 Y   0.04665 0.00226 0.94854 0.00256 ( 3)
 200 S   0.25722 0.01661 0.70503 0.02114 ( 3)
 201 V   0.18748 0.40145 0.03569 0.37538 ( 2)
 202 Q   0.30865 0.38078 0.02203 0.28854 ( 2)
 203 S   0.38324 0.05643 0.50453 0.05580 ( 3)
 204 N   0.10374 0.17294 0.52190 0.20141 ( 3)
 205 D   0.35802 0.18007 0.26237 0.19953 ( 1)
 206 K   0.16978 0.34806 0.09946 0.38270 ( 4)
 207 P   0.09504 0.04711 0.80801 0.04983 ( 3)
 208 -   0.29087 0.17822 0.32920 0.20170 ( 3)
 209 -   0.29087 0.17822 0.32920 0.20170 ( 3)
 210 -   0.29087 0.17822 0.32920 0.20170 ( 3)
 211 -   0.29087 0.17822 0.32920 0.20170 ( 3)
 212 E   0.00591 0.41528 0.06969 0.50911 ( 4)
 213 K   0.34955 0.20608 0.24276 0.20162 ( 1)
 214 H   0.30502 0.17015 0.34147 0.18335 ( 3)
 215 A   0.28076 0.22075 0.24750 0.25098 ( 1)
 216 D   0.56991 0.02919 0.37030 0.03060 ( 1)
 217 T   0.09046 0.07073 0.75437 0.08444 ( 3)
 218 Y   0.32417 0.33527 0.06394 0.27662 ( 2)
 219 R   0.00275 0.45746 0.02606 0.51373 ( 4)
 220 K   0.12991 0.05908 0.73923 0.07179 ( 3)
 221 W   0.21414 0.28665 0.11357 0.38564 ( 4)
 222 G   0.11245 0.04676 0.79044 0.05035 ( 3)
 223 Y   0.15972 0.06372 0.70874 0.06782 ( 3)
 224 M   0.05162 0.33581 0.21882 0.39376 ( 4)
 225 S   0.00591 0.00114 0.99121 0.00174 ( 3)
 226 S   0.03640 0.43372 0.05625 0.47362 ( 4)
 227 H   0.01649 0.04056 0.89107 0.05189 ( 3)
 228 I   0.11241 0.02145 0.84132 0.02482 ( 3)
 229 P   0.00921 0.00423 0.98135 0.00521 ( 3)
 230 Y   0.09236 0.02582 0.85181 0.03001 ( 3)
 231 D   0.41899 0.03809 0.50189 0.04103 ( 3)
 232 L   0.10419 0.12920 0.60230 0.16432 ( 3)
 233 V   0.01207 0.47003 0.01112 0.50679 ( 4)
 234 P   0.13017 0.01642 0.82869 0.02472 ( 3)
 235 E   0.00337 0.45594 0.00272 0.53796 ( 4)
 236 N   0.07192 0.02895 0.86048 0.03865 ( 3)
 237 V   0.34093 0.00404 0.65069 0.00433 ( 3)
 238 I   0.75958 0.00588 0.22826 0.00628 ( 1)
 239 G   0.91783 0.00041 0.08133 0.00043 ( 1)
 240 D   0.00500 0.01207 0.96233 0.02060 ( 3)
 241 I   0.34659 0.03511 0.58148 0.03681 ( 3)
 242 D   0.46031 0.00878 0.52097 0.00994 ( 3)
 243 P   0.32554 0.14355 0.36844 0.16247 ( 3)
 244 D   0.46522 0.00387 0.52652 0.00439 ( 3)
 245 T   0.41985 0.04924 0.47518 0.05573 ( 3)
 246 K   0.46232 0.00677 0.52324 0.00767 ( 3)
 247 Q   0.45619 0.01290 0.51631 0.01460 ( 3)
 248 P   0.45337 0.01572 0.51311 0.01779 ( 3)
 249 S   0.45733 0.01177 0.51759 0.01332 ( 3)
 250 -   0.23058 0.23851 0.26097 0.26994 ( 4)
 251 -   0.26426 0.20483 0.29908 0.23183 ( 3)
 252 -   0.40009 0.06901 0.45281 0.07810 ( 3)
 253 -   0.41966 0.04943 0.47496 0.05595 ( 3)
 254 -   0.43805 0.03104 0.49577 0.03514 ( 3)
 255 -   0.04403 0.42506 0.04983 0.48108 ( 4)
 256 -   0.04924 0.41985 0.05573 0.47518 ( 4)
 257 -   0.02364 0.44546 0.02675 0.50416 ( 4)
 258 -   0.20395 0.26515 0.23082 0.30009 ( 4)
 259 -   0.40059 0.06850 0.45338 0.07753 ( 3)
 260 -   0.44513 0.02396 0.50379 0.02712 ( 3)
 261 -   0.29087 0.17822 0.32920 0.20170 ( 3)
 262 -   0.29087 0.17822 0.32920 0.20170 ( 3)
 263 -   0.29087 0.17822 0.32920 0.20170 ( 3)
 264 -   0.29087 0.17822 0.32920 0.20170 ( 3)
 265 -   0.29087 0.17822 0.32920 0.20170 ( 3)
 266 -   0.29087 0.17822 0.32920 0.20170 ( 3)
 267 -   0.29087 0.17822 0.32920 0.20170 ( 3)
 268 -   0.29087 0.17822 0.32920 0.20170 ( 3)
 269 -   0.41265 0.05645 0.46702 0.06388 ( 3)
 270 -   0.23062 0.23847 0.26101 0.26990 ( 4)
 271 -   0.43805 0.03104 0.49577 0.03514 ( 3)
 272 -   0.40679 0.06230 0.46039 0.07051 ( 3)
 273 -   0.36917 0.09992 0.41782 0.11309 ( 3)
 274 -   0.39324 0.07585 0.44506 0.08585 ( 3)
 275 -   0.40228 0.06682 0.45528 0.07562 ( 3)
 276 -   0.33721 0.13188 0.38164 0.14926 ( 3)
 277 -   0.42638 0.04271 0.48257 0.04834 ( 3)
 278 -   0.43772 0.03137 0.49540 0.03551 ( 3)
 279 -   0.03933 0.42976 0.04451 0.48639 ( 4)
 280 -   0.38408 0.08501 0.43469 0.09621 ( 3)


lnL = -3841.294339

Bayes Empirical Bayes (BEB) probabilities for 4 classes (class)
(amino acids refer to 1st sequence: BT_Cry21Aa1)

   1 -   0.36213 0.16479 0.32529 0.14780 ( 1)
   2 V   0.48782 0.03909 0.43805 0.03504 ( 1)
   3 D   0.51034 0.01657 0.45824 0.01485 ( 1)
   4 I   0.52841 0.00750 0.45729 0.00679 ( 1)
   5 Q   0.05119 0.35984 0.23028 0.35870 ( 2)
   6 L   0.16122 0.15655 0.54179 0.14043 ( 3)
   7 D   0.85143 0.00315 0.14272 0.00269 ( 1)
   8 Q   0.77790 0.00861 0.20553 0.00797 ( 1)
   9 T   0.83783 0.00239 0.15770 0.00208 ( 1)
  10 R   0.95238 0.00105 0.04623 0.00034 ( 1)
  11 L   0.27845 0.02374 0.67909 0.01872 ( 3)
  12 V   0.49887 0.00440 0.49257 0.00416 ( 1)
  13 F   0.54672 0.00350 0.44697 0.00281 ( 1)
  14 S   0.85225 0.00267 0.14339 0.00169 ( 1)
  15 D   0.86311 0.00239 0.13245 0.00204 ( 1)
  16 V   0.55408 0.05827 0.33405 0.05360 ( 1)
  17 A   0.79245 0.01273 0.18449 0.01034 ( 1)
  18 G   0.89519 0.00027 0.10435 0.00019 ( 1)
  19 P   0.43060 0.00407 0.56195 0.00339 ( 3)
  20 W   0.01327 0.51364 0.01192 0.46117 ( 2)
  21 E   0.52169 0.00522 0.46842 0.00467 ( 1)
  22 G   0.52252 0.00439 0.46916 0.00393 ( 1)
  23 N   0.52346 0.00345 0.47000 0.00309 ( 1)
  24 D   0.51699 0.00992 0.46420 0.00889 ( 1)
  25 -   0.20299 0.32392 0.18237 0.29072 ( 2)
  26 -   0.49425 0.03266 0.44382 0.02927 ( 1)
  27 -   0.48948 0.03743 0.43954 0.03355 ( 1)
  28 -   0.48236 0.04455 0.43316 0.03993 ( 1)
  29 N   0.51493 0.01198 0.46235 0.01074 ( 1)
  30 I   0.65319 0.06761 0.22215 0.05705 ( 1)
  31 T   0.67918 0.02994 0.26354 0.02734 ( 1)
  32 S   0.02933 0.41653 0.09305 0.46109 ( 4)
  33 N   0.74159 0.01799 0.22504 0.01538 ( 1)
  34 I   0.29695 0.06243 0.58693 0.05369 ( 3)
  35 I   0.77798 0.01033 0.20228 0.00942 ( 1)
  36 D   0.00052 0.52107 0.00173 0.47668 ( 2)
  37 V   0.00105 0.50465 0.00468 0.48962 ( 2)
  38 L   0.33456 0.08024 0.52175 0.06345 ( 3)
  39 T   0.00891 0.48788 0.04080 0.46241 ( 2)
  40 P   0.00487 0.45693 0.06429 0.47391 ( 4)
  41 I   0.71806 0.07290 0.14277 0.06627 ( 1)
  42 N   0.59449 0.09748 0.22487 0.08316 ( 1)
  43 T   0.56980 0.02194 0.38793 0.02033 ( 1)
  44 G   0.01185 0.31593 0.29129 0.38094 ( 4)
  45 I   0.42350 0.22406 0.16822 0.18423 ( 1)
  46 G   0.06271 0.46463 0.10338 0.36928 ( 2)
  47 F   0.03043 0.27632 0.41909 0.27416 ( 3)
  48 Q   0.07830 0.44861 0.07034 0.40275 ( 2)
  49 E   0.40032 0.12659 0.35957 0.11352 ( 1)
  50 -   0.36213 0.16479 0.32529 0.14780 ( 1)
  51 S   0.14255 0.17133 0.52543 0.16068 ( 3)
  52 S   0.85286 0.00298 0.14238 0.00178 ( 1)
  53 D   0.28535 0.35719 0.05829 0.29917 ( 2)
  54 L   0.84504 0.01061 0.13527 0.00908 ( 1)
  55 R   0.18895 0.26536 0.24957 0.29613 ( 4)
  56 K   0.61554 0.08082 0.23827 0.06537 ( 1)
  57 F   0.75838 0.11867 0.08263 0.04032 ( 1)
  58 T   0.11336 0.41355 0.10183 0.37126 ( 2)
  59 Y   0.49244 0.03447 0.44220 0.03089 ( 1)
  60 P   0.49827 0.02864 0.44742 0.02567 ( 1)
  61 R   0.47913 0.04778 0.43027 0.04282 ( 1)
  62 I   0.34672 0.18019 0.31146 0.16163 ( 1)
  63 E   0.49312 0.03379 0.44281 0.03028 ( 1)
  64 L   0.91704 0.00069 0.08195 0.00032 ( 1)
  65 Q   0.30020 0.29900 0.15786 0.24294 ( 1)
  66 S   0.73217 0.14791 0.05805 0.06187 ( 1)
  67 M   0.05190 0.39140 0.18007 0.37663 ( 2)
  68 Q   0.67672 0.03274 0.26433 0.02622 ( 1)
  69 F   0.57835 0.01149 0.40236 0.00780 ( 1)
  70 H   0.16419 0.45541 0.02950 0.35090 ( 2)
  71 G   0.00870 0.51599 0.01815 0.45716 ( 2)
  72 Q   0.57794 0.08843 0.26268 0.07094 ( 1)
  73 Y   0.00200 0.54172 0.00100 0.45529 ( 2)
  74 V   0.80243 0.04078 0.11932 0.03747 ( 1)
  75 N   0.09823 0.47774 0.02732 0.39671 ( 2)
  76 S   0.02791 0.43790 0.17338 0.36081 ( 2)
  77 K   0.52639 0.01405 0.44832 0.01124 ( 1)
  78 S   0.46203 0.01340 0.51303 0.01153 ( 3)
  79 V   0.02178 0.47493 0.07847 0.42483 ( 2)
  80 E   0.06434 0.49456 0.05103 0.39007 ( 2)
  81 -   0.19129 0.27710 0.28313 0.24848 ( 3)
  82 -   0.40335 0.03569 0.52929 0.03167 ( 3)
  83 -   0.05267 0.42222 0.13979 0.38532 ( 2)
  84 H   0.27135 0.07721 0.58634 0.06510 ( 3)
  85 C   0.23554 0.00925 0.74723 0.00798 ( 3)
  86 Y   0.89731 0.00203 0.09912 0.00154 ( 1)
  87 S   0.18018 0.02282 0.77834 0.01866 ( 3)
  88 D   0.07161 0.18913 0.54489 0.19437 ( 3)
  89 G   0.48008 0.11650 0.30610 0.09732 ( 1)
  90 L   0.36430 0.03094 0.57514 0.02962 ( 3)
  91 K   0.03369 0.30953 0.36709 0.28970 ( 3)
  92 L   0.11246 0.02008 0.84719 0.02027 ( 3)
  93 N   0.67369 0.02736 0.27478 0.02416 ( 1)
  94 Y   0.15115 0.43901 0.07849 0.33134 ( 2)
  95 K   0.02107 0.48091 0.07957 0.41846 ( 2)
  96 N   0.15821 0.41403 0.07882 0.34894 ( 2)
  97 K   0.27210 0.16688 0.42827 0.13275 ( 3)
  98 T   0.20174 0.24401 0.34303 0.21122 ( 3)
  99 I   0.62377 0.11670 0.15402 0.10551 ( 1)
 100 T   0.39792 0.21309 0.20527 0.18372 ( 1)
 101 A   0.39165 0.19590 0.25497 0.15748 ( 1)
 102 G   0.79004 0.05384 0.10771 0.04842 ( 1)
 103 V   0.44145 0.14359 0.28443 0.13053 ( 1)
 104 S   0.06291 0.39600 0.18344 0.35765 ( 2)
 105 N   0.68948 0.06839 0.18338 0.05875 ( 1)
 106 I   0.10982 0.44051 0.06953 0.38014 ( 2)
 107 D   0.22121 0.06135 0.66099 0.05644 ( 3)
 108 E   0.86844 0.00991 0.11380 0.00785 ( 1)
 109 S   0.11269 0.38228 0.11821 0.38682 ( 4)
 110 N   0.22368 0.31879 0.17876 0.27876 ( 2)
 111 -   0.36213 0.16479 0.32529 0.14780 ( 1)
 112 Q   0.00819 0.55325 0.00424 0.43432 ( 2)
 113 N   0.05113 0.46138 0.06579 0.42170 ( 2)
 114 N   0.53780 0.19997 0.09595 0.16627 ( 1)
 115 K   0.44120 0.21273 0.16331 0.18276 ( 1)
 116 H   0.42157 0.04159 0.50453 0.03232 ( 3)
 117 N   0.76971 0.04523 0.14671 0.03835 ( 1)
 118 Y   0.15665 0.02594 0.79630 0.02110 ( 3)
 119 G   0.91841 0.00335 0.07524 0.00300 ( 1)
 120 P   0.05800 0.17686 0.58062 0.18451 ( 3)
 121 V   0.08845 0.46154 0.07142 0.37859 ( 2)
 122 I   0.11585 0.15136 0.60154 0.13125 ( 3)
 123 N   0.29738 0.21492 0.29095 0.19675 ( 1)
 124 S   0.26722 0.38378 0.05166 0.29734 ( 2)
 125 P   0.19610 0.05068 0.70862 0.04460 ( 3)
 126 I   0.23677 0.14153 0.49904 0.12267 ( 3)
 127 -   0.09369 0.43725 0.07783 0.39123 ( 2)
 128 -   0.00663 0.52214 0.00414 0.46709 ( 2)
 129 -   0.56334 0.02762 0.38419 0.02485 ( 1)
 130 -   0.49323 0.03368 0.44291 0.03018 ( 1)
 131 -   0.45976 0.06715 0.41289 0.06020 ( 1)
 132 -   0.44699 0.07993 0.40144 0.07165 ( 1)
 133 -   0.48163 0.04528 0.43251 0.04058 ( 1)
 134 -   0.31600 0.21091 0.28388 0.18921 ( 1)
 135 -   0.49425 0.03266 0.44382 0.02927 ( 1)
 136 -   0.66289 0.01501 0.30850 0.01360 ( 1)
 137 -   0.29183 0.22107 0.28900 0.19811 ( 1)
 138 -   0.34872 0.05135 0.55418 0.04574 ( 3)
 139 -   0.34680 0.12470 0.41696 0.11154 ( 3)
 140 -   0.13774 0.39642 0.11024 0.35560 ( 2)
 141 T   0.41786 0.22946 0.14604 0.20664 ( 1)
 142 D   0.45734 0.04719 0.45403 0.04145 ( 1)
 143 I   0.04923 0.41630 0.15947 0.37501 ( 2)
 144 N   0.22617 0.01295 0.74883 0.01205 ( 3)
 145 V   0.11928 0.24666 0.42686 0.20719 ( 3)
 146 N   0.16254 0.14546 0.55119 0.14080 ( 3)
 147 S   0.18946 0.09344 0.63272 0.08438 ( 3)
 148 Q   0.03147 0.00491 0.95856 0.00505 ( 3)
 149 N   0.51964 0.00394 0.47299 0.00343 ( 1)
 150 S   0.85241 0.00201 0.14430 0.00128 ( 1)
 151 Q   0.92536 0.00139 0.07242 0.00082 ( 1)
 152 Y   0.87976 0.01097 0.10632 0.00294 ( 1)
 153 L   0.64893 0.12599 0.13959 0.08549 ( 1)
 154 D   0.05967 0.44823 0.05834 0.43377 ( 2)
 155 L   0.08448 0.47081 0.09738 0.34732 ( 2)
 156 N   0.02191 0.42981 0.09384 0.45444 ( 4)
 157 S   0.19584 0.08976 0.63062 0.08378 ( 3)
 158 V   0.32439 0.19964 0.33155 0.14443 ( 3)
 159 M   0.09449 0.38194 0.17807 0.34549 ( 2)
 160 V   0.33681 0.15109 0.36991 0.14218 ( 3)
 161 N   0.73620 0.05201 0.16819 0.04361 ( 1)
 162 G   0.79751 0.05007 0.11746 0.03496 ( 1)
 163 -   0.36213 0.16479 0.32529 0.14780 ( 1)
 164 -   0.53084 0.07095 0.33458 0.06363 ( 1)
 165 -   0.54951 0.04103 0.37254 0.03692 ( 1)
 166 -   0.28265 0.06376 0.59705 0.05655 ( 3)
 167 -   0.00248 0.52362 0.00254 0.47136 ( 2)
 168 -   0.22970 0.30734 0.18596 0.27700 ( 2)
 169 -   0.24641 0.28442 0.21455 0.25462 ( 2)
 170 G   0.24730 0.24782 0.28355 0.22133 ( 3)
 171 Q   0.12106 0.01211 0.85556 0.01128 ( 3)
 172 K   0.03583 0.49860 0.03988 0.42568 ( 2)
 173 V   0.12832 0.07769 0.72978 0.06421 ( 3)
 174 T   0.17886 0.23013 0.38583 0.20518 ( 3)
 175 G   0.01146 0.49363 0.02536 0.46954 ( 2)
 176 C   0.08300 0.04851 0.81694 0.05155 ( 3)
 177 S   0.37139 0.25311 0.16788 0.20763 ( 1)
 178 P   0.00866 0.50596 0.03612 0.44926 ( 2)
 179 L   0.43718 0.02306 0.52021 0.01955 ( 3)
 180 S   0.19502 0.31684 0.22003 0.26810 ( 2)
 181 S   0.08507 0.35407 0.18609 0.37476 ( 4)
 182 N   0.70107 0.06964 0.16974 0.05955 ( 1)
 183 G   0.05431 0.47260 0.04878 0.42431 ( 2)
 184 N   0.11783 0.26445 0.34280 0.27492 ( 3)
 185 S   0.33337 0.00339 0.66032 0.00293 ( 3)
 186 N   0.65546 0.05373 0.24685 0.04396 ( 1)
 187 N   0.03127 0.51371 0.02006 0.43496 ( 2)
 188 A   0.06649 0.27497 0.40648 0.25206 ( 3)
 189 A   0.34728 0.24401 0.18602 0.22269 ( 1)
 190 L   0.91046 0.00172 0.08684 0.00098 ( 1)
 191 P   0.93691 0.00048 0.06226 0.00036 ( 1)
 192 N   0.25318 0.03205 0.68771 0.02706 ( 3)
 193 Q   0.73282 0.00259 0.26238 0.00220 ( 1)
 194 K   0.62401 0.00547 0.36619 0.00433 ( 1)
 195 I   0.04198 0.49999 0.01232 0.44572 ( 2)
 196 N   0.10283 0.07504 0.75632 0.06580 ( 3)
 197 V   0.01106 0.33388 0.22577 0.42930 ( 4)
 198 I   0.15906 0.30114 0.26247 0.27733 ( 2)
 199 Y   0.13825 0.00414 0.85403 0.00357 ( 3)
 200 S   0.37051 0.01730 0.59494 0.01724 ( 3)
 201 V   0.33164 0.34685 0.06136 0.26014 ( 2)
 202 Q   0.49957 0.28712 0.03623 0.17708 ( 1)
 203 S   0.48843 0.05063 0.42151 0.03943 ( 1)
 204 N   0.20453 0.14765 0.51368 0.13414 ( 3)
 205 D   0.46703 0.14301 0.26326 0.12671 ( 1)
 206 K   0.29835 0.29347 0.15067 0.25752 ( 1)
 207 P   0.19222 0.04883 0.71960 0.03935 ( 3)
 208 -   0.36213 0.16479 0.32529 0.14780 ( 1)
 209 -   0.36213 0.16479 0.32529 0.14780 ( 1)
 210 -   0.36213 0.16479 0.32529 0.14780 ( 1)
 211 -   0.36213 0.16479 0.32529 0.14780 ( 1)
 212 E   0.02520 0.42746 0.13611 0.41123 ( 2)
 213 K   0.48103 0.15573 0.24105 0.12219 ( 1)
 214 H   0.42097 0.13369 0.33137 0.11398 ( 1)
 215 A   0.40407 0.17381 0.26428 0.15785 ( 1)
 216 D   0.63093 0.02860 0.31642 0.02405 ( 1)
 217 T   0.17771 0.07517 0.67796 0.06917 ( 3)
 218 Y   0.48443 0.25754 0.08765 0.17039 ( 1)
 219 R   0.01434 0.49089 0.05820 0.43657 ( 2)
 220 K   0.22905 0.06179 0.65103 0.05813 ( 3)
 221 W   0.30476 0.25640 0.15866 0.28017 ( 1)
 222 G   0.21792 0.04743 0.69550 0.03915 ( 3)
 223 Y   0.28210 0.06142 0.60589 0.05058 ( 3)
 224 M   0.13157 0.29850 0.29450 0.27543 ( 2)
 225 S   0.02371 0.00253 0.97088 0.00288 ( 3)
 226 S   0.12975 0.39594 0.13150 0.34281 ( 2)
 227 H   0.05282 0.04344 0.86149 0.04226 ( 3)
 228 I   0.23996 0.02356 0.71547 0.02101 ( 3)
 229 P   0.03149 0.00767 0.95370 0.00714 ( 3)
 230 Y   0.19163 0.02147 0.76776 0.01914 ( 3)
 231 D   0.54101 0.03118 0.40106 0.02675 ( 1)
 232 L   0.17947 0.12206 0.57807 0.12040 ( 3)
 233 V   0.05455 0.48963 0.03687 0.41895 ( 2)
 234 P   0.18928 0.01337 0.78182 0.01553 ( 3)
 235 E   0.01543 0.50238 0.01167 0.47052 ( 2)
 236 N   0.13904 0.02633 0.80778 0.02685 ( 3)
 237 V   0.49213 0.00445 0.49964 0.00377 ( 3)
 238 I   0.76408 0.00575 0.22519 0.00497 ( 1)
 239 G   0.91489 0.00071 0.08379 0.00061 ( 1)
 240 D   0.01921 0.01662 0.94279 0.02138 ( 3)
 241 I   0.47459 0.03549 0.46063 0.02930 ( 1)
 242 D   0.51548 0.01143 0.46285 0.01024 ( 1)
 243 P   0.43346 0.09345 0.38931 0.08378 ( 1)
 244 D   0.52196 0.00495 0.46865 0.00444 ( 1)
 245 T   0.48392 0.04299 0.43456 0.03853 ( 1)
 246 K   0.52020 0.00671 0.46708 0.00601 ( 1)
 247 Q   0.51483 0.01208 0.46227 0.01082 ( 1)
 248 P   0.51255 0.01436 0.46022 0.01287 ( 1)
 249 S   0.51779 0.00912 0.46491 0.00817 ( 1)
 250 -   0.33015 0.19676 0.29658 0.17651 ( 1)
 251 -   0.36221 0.16470 0.32537 0.14772 ( 1)
 252 -   0.46306 0.06385 0.41586 0.05723 ( 1)
 253 -   0.48040 0.04651 0.43140 0.04169 ( 1)
 254 -   0.49707 0.02984 0.44634 0.02674 ( 1)
 255 -   0.10794 0.41897 0.09696 0.37613 ( 2)
 256 -   0.11805 0.40886 0.10604 0.36705 ( 2)
 257 -   0.06357 0.46334 0.05710 0.41599 ( 2)
 258 -   0.30265 0.22426 0.27189 0.20120 ( 1)
 259 -   0.46356 0.06335 0.41630 0.05679 ( 1)
 260 -   0.50375 0.02316 0.45233 0.02076 ( 1)
 261 -   0.36213 0.16479 0.32529 0.14780 ( 1)
 262 -   0.36213 0.16479 0.32529 0.14780 ( 1)
 263 -   0.36213 0.16479 0.32529 0.14780 ( 1)
 264 -   0.36213 0.16479 0.32529 0.14780 ( 1)
 265 -   0.36213 0.16479 0.32529 0.14780 ( 1)
 266 -   0.36213 0.16479 0.32529 0.14780 ( 1)
 267 -   0.36213 0.16479 0.32529 0.14780 ( 1)
 268 -   0.36213 0.16479 0.32529 0.14780 ( 1)
 269 -   0.47446 0.05245 0.42607 0.04702 ( 1)
 270 -   0.33023 0.19668 0.29666 0.17643 ( 1)
 271 -   0.49707 0.02984 0.44634 0.02674 ( 1)
 272 -   0.46923 0.05768 0.42139 0.05170 ( 1)
 273 -   0.43513 0.09178 0.39080 0.08229 ( 1)
 274 -   0.45699 0.06992 0.41041 0.06268 ( 1)
 275 -   0.46509 0.06182 0.41767 0.05542 ( 1)
 276 -   0.40600 0.12091 0.36467 0.10842 ( 1)
 277 -   0.48655 0.04036 0.43692 0.03617 ( 1)
 278 -   0.49703 0.02988 0.44631 0.02678 ( 1)
 279 -   0.09836 0.42855 0.08836 0.38473 ( 2)
 280 -   0.44820 0.07871 0.40253 0.07056 ( 1)

