Supplemental results for CODEML (seqf: algn  treef: tree)


dN/dS (w) for site classes (K=4)

site class             0        1       2a       2b
proportion       0.00000  0.00000  0.61807  0.38193
background w     0.18563  0.89987  0.18563  0.89987
foreground w     0.18563  0.89987  0.07454  0.07454

Naive Empirical Bayes (NEB) probabilities for 4 classes
(amino acids refer to 1st sequence: BT_Cry1A-like)

   1 W   0.00000 0.00000 0.65890 0.34110 ( 3)
   2 -   0.00000 0.00000 0.99927 0.00073 ( 3)
   3 -   0.00000 0.00000 0.37248 0.62752 ( 4)
   4 -   0.00000 0.00000 0.74415 0.25585 ( 3)
   5 -   0.00000 0.00000 0.99653 0.00347 ( 3)
   6 -   0.00000 0.00000 0.99556 0.00444 ( 3)
   7 -   0.00000 0.00000 0.99929 0.00071 ( 3)
   8 -   0.00000 0.00000 0.98560 0.01440 ( 3)
   9 -   0.00000 0.00000 0.99969 0.00031 ( 3)
  10 -   0.00000 0.00000 0.99977 0.00023 ( 3)
  11 -   0.00000 0.00000 0.99091 0.00909 ( 3)
  12 -   0.00000 0.00000 0.99904 0.00096 ( 3)
  13 -   0.00000 0.00000 0.50606 0.49394 ( 3)
  14 -   0.00000 0.00000 0.99562 0.00438 ( 3)
  15 -   0.00000 0.00000 0.99931 0.00068 ( 3)
  16 -   0.00000 0.00000 0.10816 0.89184 ( 4)
  17 -   0.00000 0.00000 0.99969 0.00031 ( 3)
  18 -   0.00000 0.00000 0.92575 0.07425 ( 3)
  19 -   0.00000 0.00000 0.99550 0.00450 ( 3)
  20 -   0.00000 0.00000 0.96375 0.03625 ( 3)
  21 -   0.00000 0.00000 0.99791 0.00209 ( 3)
  22 -   0.00000 0.00000 0.61807 0.38193 ( 3)
  23 -   0.00000 0.00000 0.07804 0.92196 ( 4)
  24 -   0.00000 0.00000 0.98353 0.01647 ( 3)
  25 -   0.00000 0.00000 0.69028 0.30972 ( 3)
  26 -   0.00000 0.00000 0.11374 0.88626 ( 4)
  27 -   0.00000 0.00000 0.00392 0.99608 ( 4)
  28 -   0.00000 0.00000 0.96899 0.03101 ( 3)
  29 -   0.00000 0.00000 0.02966 0.97034 ( 4)
  30 -   0.00000 0.00000 0.03180 0.96820 ( 4)
  31 -   0.00000 0.00000 0.95889 0.04111 ( 3)
  32 -   0.00000 0.00000 0.02476 0.97524 ( 4)
  33 -   0.00000 0.00000 0.03289 0.96711 ( 4)
  34 -   0.00000 0.00000 0.67299 0.32701 ( 3)
  35 -   0.00000 0.00000 0.99969 0.00031 ( 3)
  36 -   0.00000 0.00000 0.61807 0.38193 ( 3)
  37 -   0.00000 0.00000 0.00018 0.99982 ( 4)
  38 -   0.00000 0.00000 0.00755 0.99245 ( 4)
  39 -   0.00000 0.00000 0.58586 0.41414 ( 3)
  40 -   0.00000 0.00000 0.99615 0.00385 ( 3)
  41 S   0.00000 0.00000 0.53971 0.46029 ( 3)
  42 P   0.00000 0.00000 0.99946 0.00054 ( 3)
  43 H   0.00000 0.00000 0.99995 0.00005 ( 3)
  44 L   0.00000 0.00000 0.99719 0.00281 ( 3)
  45 W   0.00000 0.00000 0.99725 0.00275 ( 3)
  46 I   0.00000 0.00000 0.99086 0.00914 ( 3)
  47 Y   0.00000 0.00000 0.30653 0.69347 ( 4)
  48 L   0.00000 0.00000 0.99186 0.00814 ( 3)
  49 N   0.00000 0.00000 0.99914 0.00086 ( 3)
  50 Q   0.00000 0.00000 0.00284 0.99716 ( 4)
  51 D   0.00000 0.00000 0.86115 0.13885 ( 3)
  52 N   0.00000 0.00000 0.00506 0.99494 ( 4)
  53 H   0.00000 0.00000 0.70963 0.29037 ( 3)
  54 L   0.00000 0.00000 0.84223 0.15777 ( 3)
  55 T   0.00000 0.00000 0.96967 0.03033 ( 3)
  56 D   0.00000 0.00000 0.26940 0.73060 ( 4)
  57 V   0.00000 0.00000 0.01731 0.98269 ( 4)
  58 H   0.00000 0.00000 0.72540 0.27460 ( 3)
  59 R   0.00000 0.00000 0.98845 0.01155 ( 3)
  60 G   0.00000 0.00000 0.70709 0.29291 ( 3)
  61 F   0.00000 0.00000 0.00419 0.99581 ( 4)
  62 N   0.00000 0.00000 0.14879 0.85121 ( 4)
  63 Y   0.00000 0.00000 0.80306 0.19694 ( 3)
  64 W   0.00000 0.00000 0.93136 0.06864 ( 3)
  65 S   0.00000 0.00000 0.32434 0.67566 ( 4)
  66 G   0.00000 0.00000 0.99595 0.00405 ( 3)
  67 H   0.00000 0.00000 0.97554 0.02446 ( 3)
  68 Q   0.00000 0.00000 0.89397 0.10603 ( 3)
  69 I   0.00000 0.00000 0.98215 0.01785 ( 3)
  70 I   0.00000 0.00000 0.27805 0.72195 ( 4)
  71 A   0.00000 0.00000 0.87755 0.12245 ( 3)
  72 S   0.00000 0.00000 0.08504 0.91496 ( 4)
  73 P   0.00000 0.00000 0.00563 0.99437 ( 4)
  74 V   0.00000 0.00000 0.82183 0.17817 ( 3)
  75 G   0.00000 0.00000 0.97900 0.02100 ( 3)
  76 F   0.00000 0.00000 0.99762 0.00238 ( 3)
  77 Q   0.00000 0.00000 0.00034 0.99966 ( 4)
  78 D   0.00000 0.00000 0.98277 0.01723 ( 3)
  79 P   0.00000 0.00000 0.04501 0.95499 ( 4)
  80 E   0.00000 0.00000 0.70755 0.29245 ( 3)
  81 F   0.00000 0.00000 0.00434 0.99566 ( 4)
  82 A   0.00000 0.00000 0.01276 0.98724 ( 4)
  83 F   0.00000 0.00000 0.99745 0.00255 ( 3)
  84 P   0.00000 0.00000 0.99682 0.00318 ( 3)
  85 L   0.00000 0.00000 0.14899 0.85101 ( 4)
  86 F   0.00000 0.00000 0.00667 0.99333 ( 4)
  87 G   0.00000 0.00000 0.99497 0.00503 ( 3)
  88 N   0.00000 0.00000 0.01247 0.98753 ( 4)
  89 A   0.00000 0.00000 0.00000 1.00000 ( 4)
  90 G   0.00000 0.00000 0.68301 0.31699 ( 3)
  91 N   0.00000 0.00000 0.47482 0.52518 ( 4)
  92 A   0.00000 0.00000 0.05741 0.94259 ( 4)
  93 A   0.00000 0.00000 0.96513 0.03487 ( 3)
  94 P   0.00000 0.00000 0.95908 0.04092 ( 3)
  95 P   0.00000 0.00000 0.65017 0.34983 ( 3)
  96 V   0.00000 0.00000 0.00001 0.99999 ( 4)
  97 R   0.00000 0.00000 0.77175 0.22825 ( 3)
  98 I   0.00000 0.00000 0.03129 0.96871 ( 4)
  99 V   0.00000 0.00000 0.13557 0.86443 ( 4)
 100 Y   0.00000 0.00000 0.00041 0.99959 ( 4)
 101 Q   0.00000 0.00000 0.00001 0.99999 ( 4)
 102 L   0.00000 0.00000 0.00002 0.99998 ( 4)
 103 G   0.00000 0.00000 0.36628 0.63372 ( 4)
 104 Q   0.00000 0.00000 0.00912 0.99088 ( 4)
 105 G   0.00000 0.00000 0.52641 0.47359 ( 3)
 106 V   0.00000 0.00000 0.60552 0.39448 ( 3)
 107 Y   0.00000 0.00000 0.95827 0.04173 ( 3)
 108 R   0.00000 0.00000 0.98889 0.01111 ( 3)
 109 T   0.00000 0.00000 0.92944 0.07056 ( 3)
 110 L   0.00000 0.00000 0.96764 0.03236 ( 3)
 111 S   0.00000 0.00000 0.84356 0.15644 ( 3)
 112 S   0.00000 0.00000 0.03365 0.96635 ( 4)
 113 T   0.00000 0.00000 0.84717 0.15283 ( 3)
 114 L   0.00000 0.00000 0.03901 0.96099 ( 4)
 115 Y   0.00000 0.00000 0.95217 0.04783 ( 3)
 116 E   0.00000 0.00000 0.00489 0.99511 ( 4)
 117 D   0.00000 0.00000 0.00549 0.99451 ( 4)
 118 -   0.00000 0.00000 0.78145 0.21855 ( 3)
 119 L   0.00000 0.00000 0.64600 0.35400 ( 3)
 120 F   0.00000 0.00000 0.97187 0.02813 ( 3)
 121 I   0.00000 0.00000 0.03434 0.96566 ( 4)
 122 R   0.00000 0.00000 0.01008 0.98992 ( 4)
 123 D   0.00000 0.00000 0.62185 0.37815 ( 3)
 124 K   0.00000 0.00000 0.08043 0.91957 ( 4)
 125 V   0.00000 0.00000 0.43918 0.56082 ( 4)
 126 I   0.00000 0.00000 0.92053 0.07947 ( 3)
 127 N   0.00000 0.00000 0.09875 0.90125 ( 4)
 128 T   0.00000 0.00000 0.00000 1.00000 ( 4)
 129 Y   0.00000 0.00000 0.23184 0.76816 ( 4)
 130 L   0.00000 0.00000 0.75263 0.24737 ( 3)
 131 F   0.00000 0.00000 0.79465 0.20535 ( 3)
 132 L   0.00000 0.00000 0.87925 0.12075 ( 3)
 133 A   0.00000 0.00000 0.29779 0.70221 ( 4)
 134 G   0.00000 0.00000 0.90743 0.09257 ( 3)
 135 S   0.00000 0.00000 0.00256 0.99744 ( 4)
 136 N   0.00000 0.00000 0.27294 0.72706 ( 4)
 137 L   0.00000 0.00000 0.98602 0.01398 ( 3)
 138 L   0.00000 0.00000 0.00027 0.99973 ( 4)
 139 M   0.00000 0.00000 0.65137 0.34863 ( 3)
 140 E   0.00000 0.00000 0.16769 0.83231 ( 4)
 141 P   0.00000 0.00000 0.00155 0.99845 ( 4)
 142 -   0.00000 0.00000 0.85098 0.14902 ( 3)
 143 -   0.00000 0.00000 0.25087 0.74913 ( 4)
 144 P   0.00000 0.00000 0.10346 0.89654 ( 4)
 145 H   0.00000 0.00000 0.00020 0.99980 ( 4)
 146 I   0.00000 0.00000 0.00415 0.99585 ( 4)
 147 C   0.00000 0.00000 0.00007 0.99993 ( 4)
 148 H   0.00000 0.00000 0.90153 0.09847 ( 3)
 149 P   0.00000 0.00000 0.51984 0.48016 ( 3)
 150 G   0.00000 0.00000 0.20876 0.79124 ( 4)
 151 R   0.00000 0.00000 0.07744 0.92256 ( 4)
 152 Y   0.00000 0.00000 0.33573 0.66427 ( 4)
 153 R   0.00000 0.00000 0.99425 0.00575 ( 3)
 154 K   0.00000 0.00000 0.95984 0.04016 ( 3)
 155 S   0.00000 0.00000 0.01745 0.98255 ( 4)
 156 G   0.00000 0.00000 0.99608 0.00392 ( 3)
 157 T   0.00000 0.00000 0.98421 0.01579 ( 3)
 158 V   0.00000 0.00000 0.99701 0.00299 ( 3)
 159 D   0.00000 0.00000 0.99997 0.00003 ( 3)
 160 S   0.00000 0.00000 0.99579 0.00421 ( 3)
 161 L   0.00000 0.00000 0.97066 0.02934 ( 3)
 162 D   0.00000 0.00000 0.99892 0.00108 ( 3)
 163 E   0.00000 0.00000 0.32588 0.67412 ( 4)
 164 I   0.00000 0.00000 0.99983 0.00017 ( 3)
 165 P   0.00000 0.00000 0.99037 0.00963 ( 3)
 166 H   0.00000 0.00000 0.93635 0.06365 ( 3)
 167 Q   0.00000 0.00000 0.99375 0.00625 ( 3)
 168 N   0.00000 0.00000 0.99983 0.00017 ( 3)
 169 N   0.00000 0.00000 0.97427 0.02573 ( 3)
 170 N   0.00000 0.00000 0.96847 0.03153 ( 3)
 171 V   0.00000 0.00000 0.97586 0.02414 ( 3)
 172 P   0.00000 0.00000 0.94044 0.05956 ( 3)
 173 P   0.00000 0.00000 0.99753 0.00247 ( 3)
 174 R   0.00000 0.00000 0.70589 0.29411 ( 3)
 175 Q   0.00000 0.00000 0.11524 0.88476 ( 4)
 176 G   0.00000 0.00000 0.99478 0.00522 ( 3)
 177 F   0.00000 0.00000 0.99571 0.00429 ( 3)
 178 S   0.00000 0.00000 0.99996 0.00004 ( 3)
 179 H   0.00000 0.00000 0.99995 0.00005 ( 3)
 180 R   0.00000 0.00000 0.58510 0.41490 ( 3)
 181 -   0.00000 0.00000 0.61807 0.38193 ( 3)
 182 L   0.00000 0.00000 0.99823 0.00177 ( 3)
 183 S   0.00000 0.00000 0.82584 0.17416 ( 3)
 184 H   0.00000 0.00000 0.99953 0.00047 ( 3)
 185 V   0.00000 0.00000 0.99986 0.00014 ( 3)
 186 S   0.00000 0.00000 0.96775 0.03225 ( 3)
 187 M   0.00000 0.00000 0.99748 0.00252 ( 3)
 188 F   0.00000 0.00000 0.48121 0.51879 ( 4)
 189 R   0.00000 0.00000 0.02303 0.97697 ( 4)
 190 S   0.00000 0.00000 0.09828 0.90172 ( 4)
 191 G   0.00000 0.00000 0.60202 0.39798 ( 3)
 192 F   0.00000 0.00000 0.82434 0.17566 ( 3)
 193 S   0.00000 0.00000 0.23817 0.76183 ( 4)
 194 N   0.00000 0.00000 0.92872 0.07128 ( 3)
 195 -   0.00000 0.00000 0.61807 0.38193 ( 3)
 196 S   0.00000 0.00000 0.94559 0.05441 ( 3)
 197 S   0.00000 0.00000 0.89296 0.10704 ( 3)
 198 V   0.00000 0.00000 0.96535 0.03465 ( 3)
 199 S   0.00000 0.00000 0.83132 0.16868 ( 3)
 200 I   0.00000 0.00000 0.63732 0.36268 ( 3)
 201 I   0.00000 0.00000 0.84870 0.15130 ( 3)
 202 R   0.00000 0.00000 0.98989 0.01011 ( 3)
 203 A   0.00000 0.00000 0.98910 0.01090 ( 3)
 204 P   0.00000 0.00000 0.99971 0.00029 ( 3)
 205 M   0.00000 0.00000 0.62482 0.37518 ( 3)
 206 F   0.00000 0.00000 0.94137 0.05863 ( 3)
 207 S   0.00000 0.00000 0.97309 0.02691 ( 3)
 208 W   0.00000 0.00000 0.92273 0.07727 ( 3)
 209 I   0.00000 0.00000 0.02386 0.97614 ( 4)
 210 -   0.00000 0.00000 0.96881 0.03119 ( 3)
 211 -   0.00000 0.00000 0.66146 0.33854 ( 3)
 212 -   0.00000 0.00000 0.99212 0.00788 ( 3)


lnL = -5315.899564

