Supplemental results for CODEML (seqf: algn  treef: tree)


dN/dS (w) for site classes (K=4)

site class             0        1       2a       2b
proportion       0.66026  0.12876  0.17655  0.03443
background w     0.10940  1.00000  0.10940  1.00000
foreground w     0.10940  1.00000  1.00000  1.00000

Naive Empirical Bayes (NEB) probabilities for 4 classes
(amino acids refer to 1st sequence: BT_Cry1Ca11)

   1 -   0.18040 0.60907 0.04766 0.16286 ( 2)
   2 -   0.78702 0.00469 0.20703 0.00126 ( 1)
   3 -   0.74819 0.04392 0.19614 0.01174 ( 1)
   4 G   0.71090 0.08118 0.18620 0.02171 ( 1)
   5 Q   0.78938 0.00054 0.20993 0.00015 ( 1)
   6 L   0.78846 0.00228 0.20865 0.00061 ( 1)
   7 T   0.78947 0.00045 0.20997 0.00012 ( 1)
   8 R   0.78725 0.00301 0.20894 0.00080 ( 1)
   9 E   0.79147 0.00012 0.20838 0.00003 ( 1)
  10 V   0.71893 0.07077 0.19137 0.01892 ( 1)
  11 Y   0.79170 0.00010 0.20817 0.00003 ( 1)
  12 T   0.51798 0.27142 0.13803 0.07258 ( 1)
  13 D   0.79207 0.00033 0.20750 0.00009 ( 1)
  14 P   0.77964 0.00938 0.20847 0.00251 ( 1)
  15 L   0.78946 0.00132 0.20887 0.00035 ( 1)
  16 I   0.72093 0.07080 0.18934 0.01893 ( 1)
  17 N   0.73094 0.06117 0.19153 0.01636 ( 1)
  18 F   0.78180 0.01068 0.20465 0.00286 ( 1)
  19 N   0.79261 0.00004 0.20733 0.00001 ( 1)
  20 P   0.74915 0.04231 0.19723 0.01131 ( 1)
  21 Q   0.06310 0.72621 0.01650 0.19419 ( 2)
  22 L   0.79085 0.00109 0.20776 0.00029 ( 1)
  23 Q   0.14246 0.64710 0.03741 0.17303 ( 2)
  24 S   0.79125 0.00074 0.20781 0.00020 ( 1)
  25 V   0.58434 0.20660 0.15382 0.05525 ( 1)
  26 A   0.78818 0.00342 0.20748 0.00092 ( 1)
  27 Q   0.65754 0.13244 0.17461 0.03542 ( 1)
  28 L   0.76464 0.02706 0.20106 0.00724 ( 1)
  29 P   0.79121 0.00017 0.20857 0.00005 ( 1)
  30 T   0.78268 0.00713 0.20828 0.00191 ( 1)
  31 F   0.79229 0.00008 0.20761 0.00002 ( 1)
  32 N   0.51172 0.27853 0.13527 0.07448 ( 1)
  33 V   0.78215 0.01011 0.20504 0.00270 ( 1)
  34 M   0.77584 0.01639 0.20339 0.00438 ( 1)
  35 E   0.79143 0.00017 0.20836 0.00004 ( 1)
  36 S   0.79136 0.00121 0.20710 0.00032 ( 1)
  37 S   0.23192 0.55805 0.06080 0.14922 ( 2)
  38 A   0.76999 0.02190 0.20225 0.00586 ( 1)
  39 I   0.79243 0.00010 0.20744 0.00003 ( 1)
  40 R   0.79134 0.00021 0.20840 0.00006 ( 1)
  41 N   0.76512 0.02733 0.20024 0.00731 ( 1)
  42 P   0.79183 0.00017 0.20796 0.00004 ( 1)
  43 H   0.79202 0.00005 0.20792 0.00001 ( 1)
  44 L   0.78845 0.00232 0.20861 0.00062 ( 1)
  45 F   0.62729 0.16376 0.16516 0.04379 ( 1)
  46 D   0.78132 0.00876 0.20757 0.00234 ( 1)
  47 I   0.76043 0.03180 0.19926 0.00850 ( 1)
  48 L   0.78917 0.00161 0.20880 0.00043 ( 1)
  49 N   0.78024 0.01236 0.20409 0.00330 ( 1)
  50 N   0.16576 0.62350 0.04402 0.16673 ( 2)
  51 L   0.78841 0.00394 0.20659 0.00105 ( 1)
  52 T   0.78924 0.00058 0.21003 0.00015 ( 1)
  53 I   0.79208 0.00046 0.20734 0.00012 ( 1)
  54 F   0.79010 0.00169 0.20775 0.00045 ( 1)
  55 T   0.79127 0.00046 0.20815 0.00012 ( 1)
  56 D   0.79234 0.00007 0.20757 0.00002 ( 1)
  57 W   0.74142 0.04760 0.19826 0.01273 ( 1)
  58 F   0.71601 0.07301 0.19146 0.01952 ( 1)
  59 S   0.77944 0.01308 0.20398 0.00350 ( 1)
  60 V   0.77488 0.01469 0.20649 0.00393 ( 1)
  61 G   0.78793 0.00367 0.20741 0.00098 ( 1)
  62 R   0.77354 0.01808 0.20355 0.00483 ( 1)
  63 N   0.78759 0.00420 0.20709 0.00112 ( 1)
  64 F   0.10395 0.68541 0.02736 0.18328 ( 2)
  65 Y   0.79035 0.00145 0.20782 0.00039 ( 1)
  66 W   0.78456 0.00535 0.20866 0.00143 ( 1)
  67 G   0.79070 0.00042 0.20876 0.00011 ( 1)
  68 G   0.78838 0.00141 0.20983 0.00038 ( 1)
  69 H   0.78966 0.00032 0.20994 0.00009 ( 1)
  70 R   0.49254 0.29707 0.13095 0.07944 ( 1)
  71 V   0.78402 0.00754 0.20643 0.00202 ( 1)
  72 I   0.18566 0.60421 0.04856 0.16157 ( 2)
  73 S   0.78984 0.00220 0.20738 0.00059 ( 1)
  74 S   0.08453 0.70460 0.02246 0.18841 ( 2)
  75 L   0.73723 0.05237 0.19640 0.01400 ( 1)
  76 I   0.77125 0.02041 0.20288 0.00546 ( 1)
  77 G   0.79070 0.00042 0.20876 0.00011 ( 1)
  78 G   0.73098 0.05878 0.19452 0.01572 ( 1)
  79 G   0.26868 0.52150 0.07037 0.13945 ( 2)
  80 N   0.79062 0.00181 0.20708 0.00048 ( 1)
  81 -   0.72280 0.06954 0.18907 0.01859 ( 1)
  82 -   0.66527 0.12456 0.17687 0.03331 ( 1)
  83 I   0.79179 0.00018 0.20798 0.00005 ( 1)
  84 T   0.22969 0.55976 0.06087 0.14968 ( 2)
  85 S   0.77843 0.01129 0.20726 0.00302 ( 1)
  86 P   0.79188 0.00011 0.20797 0.00003 ( 1)
  87 I   0.69760 0.09297 0.18457 0.02486 ( 1)
  88 Y   0.79159 0.00021 0.20814 0.00006 ( 1)
  89 G   0.79073 0.00039 0.20877 0.00010 ( 1)
  90 R   0.78601 0.00424 0.20861 0.00113 ( 1)
  91 E   0.79090 0.00069 0.20823 0.00018 ( 1)
  92 A   0.61354 0.17711 0.16199 0.04736 ( 1)
  93 N   0.78956 0.00309 0.20653 0.00083 ( 1)
  94 Q   0.45456 0.33602 0.11957 0.08985 ( 1)
  95 E   0.78774 0.00242 0.20920 0.00065 ( 1)
  96 P   0.01846 0.77057 0.00492 0.20605 ( 2)
  97 P   0.78922 0.00050 0.21015 0.00013 ( 1)
  98 R   0.70622 0.08508 0.18594 0.02275 ( 1)
  99 S   0.00214 0.78688 0.00056 0.21041 ( 2)
 100 F   0.75837 0.03402 0.19852 0.00910 ( 1)
 101 T   0.04533 0.74373 0.01206 0.19887 ( 2)
 102 F   0.72156 0.06983 0.18994 0.01867 ( 1)
 103 N   0.23208 0.16314 0.56115 0.04362 ( 3)
 104 G   0.59647 0.19479 0.15665 0.05209 ( 1)
 105 -   0.47723 0.31249 0.12672 0.08356 ( 1)
 106 -   0.57221 0.21866 0.15066 0.05847 ( 1)
 107 P   0.78992 0.00146 0.20823 0.00039 ( 1)
 108 V   0.79112 0.00085 0.20780 0.00023 ( 1)
 109 F   0.79161 0.00075 0.20743 0.00020 ( 1)
 110 R   0.77931 0.01220 0.20523 0.00326 ( 1)
 111 T   0.79133 0.00040 0.20816 0.00011 ( 1)
 112 L   0.79106 0.00088 0.20782 0.00024 ( 1)
 113 S   0.79009 0.00083 0.20886 0.00022 ( 1)
 114 N   0.71411 0.07742 0.18777 0.02070 ( 1)
 115 P   0.65373 0.13819 0.17113 0.03695 ( 1)
 116 T   0.79148 0.00026 0.20820 0.00007 ( 1)
 117 L   0.28761 0.50166 0.07659 0.13414 ( 2)
 118 R   0.78077 0.01114 0.20511 0.00298 ( 1)
 119 L   0.00005 0.78897 0.00001 0.21097 ( 2)
 120 L   0.51336 0.27801 0.13428 0.07434 ( 1)
 121 Q   0.04223 0.74689 0.01116 0.19972 ( 2)
 122 Q   0.76928 0.02327 0.20123 0.00622 ( 1)
 123 P   0.79180 0.00020 0.20795 0.00005 ( 1)
 124 W   0.01370 0.77532 0.00366 0.20732 ( 2)
 125 P   0.68575 0.10326 0.18337 0.02761 ( 1)
 126 A   0.29820 0.49082 0.07974 0.13124 ( 2)
 127 P   0.46957 0.31944 0.12556 0.08542 ( 1)
 128 P   0.58366 0.20535 0.15607 0.05491 ( 1)
 129 F   0.78413 0.00489 0.20968 0.00131 ( 1)
 130 N   0.30418 0.48484 0.08134 0.12965 ( 2)
 131 L   0.78659 0.00497 0.20710 0.00133 ( 1)
 132 R   0.77848 0.01376 0.20408 0.00368 ( 1)
 133 G   0.70163 0.08926 0.18525 0.02387 ( 1)
 134 V   0.44047 0.34906 0.11713 0.09334 ( 1)
 135 E   0.78942 0.00074 0.20964 0.00020 ( 1)
 136 G   0.79048 0.00065 0.20870 0.00017 ( 1)
 137 V   0.78932 0.00054 0.20999 0.00015 ( 1)
 138 E   0.79147 0.00012 0.20838 0.00003 ( 1)
 139 F   0.78978 0.00032 0.20982 0.00008 ( 1)
 140 S   0.38049 0.40949 0.10053 0.10950 ( 2)
 141 T   0.48275 0.30848 0.12628 0.08249 ( 1)
 142 P   0.67406 0.11787 0.17655 0.03152 ( 1)
 143 T   0.09680 0.69258 0.02543 0.18520 ( 2)
 144 -   0.66026 0.12876 0.17655 0.03443 ( 1)
 145 N   0.59661 0.19508 0.15614 0.05217 ( 1)
 146 S   0.76877 0.02270 0.20245 0.00607 ( 1)
 147 F   0.04496 0.74426 0.01177 0.19901 ( 2)
 148 T   0.74936 0.04054 0.19927 0.01084 ( 1)
 149 Y   0.79170 0.00010 0.20817 0.00003 ( 1)
 150 R   0.79140 0.00028 0.20825 0.00008 ( 1)
 151 G   0.77600 0.01577 0.20402 0.00422 ( 1)
 152 R   0.78808 0.00209 0.20927 0.00056 ( 1)
 153 G   0.79180 0.00017 0.20798 0.00005 ( 1)
 154 T   0.04781 0.74134 0.01260 0.19824 ( 2)
 155 V   0.76341 0.02845 0.20053 0.00761 ( 1)
 156 D   0.79237 0.00004 0.20758 0.00001 ( 1)
 157 S   0.79181 0.00023 0.20790 0.00006 ( 1)
 158 L   0.77693 0.01538 0.20358 0.00411 ( 1)
 159 T   0.62655 0.16528 0.16397 0.04420 ( 1)
 160 E   0.79049 0.00110 0.20812 0.00029 ( 1)
 161 L   0.78953 0.00124 0.20889 0.00033 ( 1)
 162 P   0.78842 0.00295 0.20784 0.00079 ( 1)
 163 P   0.79186 0.00014 0.20797 0.00004 ( 1)
 164 E   0.12361 0.66572 0.03266 0.17801 ( 2)
 165 D   0.78754 0.00485 0.20631 0.00130 ( 1)
 166 N   0.00333 0.78569 0.00089 0.21009 ( 2)
 167 S   0.62113 0.16880 0.16494 0.04514 ( 1)
 168 V   0.77458 0.01694 0.20394 0.00453 ( 1)
 169 P   0.75399 0.03790 0.19797 0.01014 ( 1)
 170 P   0.79186 0.00014 0.20797 0.00004 ( 1)
 171 R   0.00881 0.78024 0.00232 0.20864 ( 2)
 172 E   0.36990 0.42076 0.09683 0.11251 ( 2)
 173 G   0.69245 0.09724 0.18430 0.02600 ( 1)
 174 Y   0.79162 0.00018 0.20815 0.00005 ( 1)
 175 S   0.79254 0.00004 0.20741 0.00001 ( 1)
 176 H   0.78842 0.00155 0.20961 0.00041 ( 1)
 177 R   0.79142 0.00026 0.20825 0.00007 ( 1)
 178 L   0.78967 0.00110 0.20893 0.00029 ( 1)
 179 C   0.78917 0.00056 0.21012 0.00015 ( 1)
 180 H   0.79202 0.00005 0.20792 0.00001 ( 1)
 181 A   0.79136 0.00026 0.20831 0.00007 ( 1)
 182 T   0.79081 0.00091 0.20803 0.00024 ( 1)
 183 F   0.79233 0.00004 0.20762 0.00001 ( 1)
 184 V   0.78450 0.00627 0.20756 0.00168 ( 1)
 185 Q   0.72628 0.06510 0.19121 0.01741 ( 1)
 186 R   0.77365 0.01595 0.20614 0.00426 ( 1)
 187 S   0.78582 0.00669 0.20571 0.00179 ( 1)
 188 G   0.78882 0.00374 0.20644 0.00100 ( 1)
 189 T   0.65400 0.13676 0.17267 0.03657 ( 1)
 190 P   0.79118 0.00020 0.20857 0.00005 ( 1)
 191 F   0.45269 0.33778 0.11921 0.09032 ( 1)
 192 L   0.78753 0.00443 0.20686 0.00118 ( 1)
 193 T   0.65359 0.13543 0.17477 0.03621 ( 1)
 194 T   0.78949 0.00212 0.20782 0.00057 ( 1)
 195 G   0.78914 0.00057 0.21014 0.00015 ( 1)
 196 V   0.00003 0.78899 0.00001 0.21098 ( 2)
 197 V   0.78494 0.00662 0.20667 0.00177 ( 1)
 198 F   0.79152 0.00085 0.20740 0.00023 ( 1)
 199 S   0.79080 0.00123 0.20763 0.00033 ( 1)
 200 W   0.78456 0.00535 0.20866 0.00143 ( 1)
 201 T   0.79109 0.00064 0.20810 0.00017 ( 1)
 202 H   0.78981 0.00017 0.20998 0.00004 ( 1)
 203 R   0.79155 0.00013 0.20829 0.00003 ( 1)
 204 S   0.79235 0.00022 0.20736 0.00006 ( 1)


lnL = -2862.431778

