Supplemental results for CODEML (seqf: algn  treef: tree)


dN/dS (w) for site classes (K=4)

site class             0        1       2a       2b
proportion       0.82887  0.11706  0.04737  0.00669
background w     0.16095  1.00000  0.16095  1.00000
foreground w     0.16095  1.00000  7.94653  7.94653

Naive Empirical Bayes (NEB) probabilities for 4 classes
(amino acids refer to 1st sequence: BT_Cry3Aa10)

   1 -   0.93463 0.01131 0.05342 0.00065 ( 1)
   2 -   0.93429 0.01165 0.05340 0.00067 ( 1)
   3 G   0.86738 0.07856 0.04957 0.00449 ( 1)
   4 G   0.99443 0.00219 0.00336 0.00001 ( 1)
   5 A   0.93071 0.06014 0.00844 0.00071 ( 1)
   6 L   0.98213 0.01424 0.00353 0.00009 ( 1)
   7 V   0.91742 0.07635 0.00517 0.00107 ( 1)
   8 S   0.78246 0.20846 0.00613 0.00295 ( 1)
   9 F   0.99417 0.00234 0.00347 0.00002 ( 1)
  10 Y   0.99451 0.00102 0.00446 0.00001 ( 1)
  11 T   0.93610 0.05931 0.00387 0.00072 ( 1)
  12 N   0.12772 0.86394 0.00082 0.00752 ( 2)
  13 F   0.88221 0.01579 0.10149 0.00051 ( 1)
  14 L   0.95195 0.03955 0.00801 0.00049 ( 1)
  15 N   0.98889 0.00571 0.00536 0.00004 ( 1)
  16 T   0.95357 0.04268 0.00344 0.00031 ( 1)
  17 I   0.97404 0.01499 0.01072 0.00025 ( 1)
  18 W   0.97681 0.01267 0.01035 0.00016 ( 1)
  19 P   0.99562 0.00110 0.00327 0.00001 ( 1)
  20 S   0.65416 0.26551 0.07236 0.00798 ( 1)
  21 E   0.97947 0.01513 0.00522 0.00019 ( 1)
  22 -   0.83681 0.10913 0.04783 0.00624 ( 1)
  23 -   0.53374 0.41219 0.03051 0.02356 ( 1)
  24 D   0.93224 0.06345 0.00392 0.00038 ( 1)
  25 P   0.96784 0.02468 0.00721 0.00028 ( 1)
  26 W   0.42932 0.03477 0.52754 0.00836 ( 3)
  27 K   0.98395 0.01132 0.00465 0.00008 ( 1)
  28 A   0.97329 0.02291 0.00365 0.00016 ( 1)
  29 F   0.99608 0.00046 0.00346 0.00000 ( 1)
  30 M   0.99761 0.00039 0.00200 0.00000 ( 1)
  31 E   0.80659 0.04636 0.14439 0.00266 ( 1)
  32 Q   0.99521 0.00099 0.00379 0.00001 ( 1)
  33 V   0.99286 0.00154 0.00558 0.00002 ( 1)
  34 E   0.99429 0.00075 0.00494 0.00001 ( 1)
  35 A   0.96194 0.03262 0.00512 0.00033 ( 1)
  36 L   0.97324 0.01764 0.00891 0.00020 ( 1)
  37 M   0.98147 0.00935 0.00903 0.00016 ( 1)
  38 D   0.98842 0.00204 0.00950 0.00003 ( 1)
  39 Q   0.96445 0.02882 0.00646 0.00027 ( 1)
  40 K   0.99445 0.00074 0.00480 0.00001 ( 1)
  41 I   0.99471 0.00072 0.00457 0.00001 ( 1)
  42 A   0.97085 0.01995 0.00890 0.00030 ( 1)
  43 D   0.98139 0.01080 0.00767 0.00014 ( 1)
  44 Y   0.99451 0.00102 0.00446 0.00001 ( 1)
  45 A   0.99084 0.00137 0.00777 0.00002 ( 1)
  46 K   0.99124 0.00389 0.00483 0.00004 ( 1)
  47 N   0.88441 0.02298 0.09170 0.00092 ( 1)
  48 K   0.96967 0.02538 0.00468 0.00027 ( 1)
  49 A   0.98308 0.00795 0.00884 0.00013 ( 1)
  50 L   0.07423 0.25426 0.60214 0.06937 ( 3)
  51 A   0.98420 0.01175 0.00395 0.00009 ( 1)
  52 E   0.95344 0.04146 0.00478 0.00031 ( 1)
  53 L   0.97119 0.02294 0.00566 0.00021 ( 1)
  54 Q   0.96933 0.02088 0.00949 0.00031 ( 1)
  55 G   0.96014 0.02949 0.00988 0.00049 ( 1)
  56 L   0.93050 0.06596 0.00315 0.00039 ( 1)
  57 Q   0.06480 0.88693 0.01044 0.03784 ( 2)
  58 N   0.98881 0.00721 0.00391 0.00007 ( 1)
  59 N   0.15645 0.14498 0.67467 0.02389 ( 3)
  60 V   0.06555 0.92267 0.00049 0.01129 ( 2)
  61 E   0.77726 0.14197 0.07647 0.00430 ( 1)
  62 D   0.13263 0.85797 0.00054 0.00886 ( 2)
  63 Y   0.98716 0.00834 0.00443 0.00007 ( 1)
  64 V   0.57924 0.40823 0.00557 0.00697 ( 1)
  65 S   0.83306 0.16399 0.00215 0.00080 ( 1)
  66 A   0.90202 0.09334 0.00388 0.00076 ( 1)
  67 L   0.77448 0.21732 0.00601 0.00220 ( 1)
  68 S   0.00766 0.94182 0.00038 0.05014 ( 2)
  69 S   0.74222 0.25137 0.00421 0.00220 ( 1)
  70 W   0.66976 0.31902 0.00710 0.00412 ( 1)
  71 Q   0.02315 0.78353 0.07902 0.11430 ( 2)
  72 K   0.96597 0.02905 0.00468 0.00031 ( 1)
  73 N   0.68282 0.29208 0.01792 0.00718 ( 1)
  74 P   0.99559 0.00138 0.00302 0.00001 ( 1)
  75 V   0.10969 0.79114 0.04468 0.05449 ( 2)
  76 S   0.72630 0.13376 0.13415 0.00578 ( 1)
  77 S   0.85025 0.08962 0.05799 0.00214 ( 1)
  78 R   0.99077 0.00430 0.00491 0.00003 ( 1)
  79 N   0.47988 0.45026 0.05224 0.01762 ( 1)
  80 P   0.02981 0.78703 0.03774 0.14541 ( 2)
  81 H   0.96204 0.03121 0.00606 0.00069 ( 1)
  82 S   0.84510 0.14608 0.00726 0.00156 ( 1)
  83 Q   0.97856 0.01562 0.00566 0.00016 ( 1)
  84 G   0.80403 0.18677 0.00703 0.00217 ( 1)
  85 R   0.93786 0.04256 0.01858 0.00099 ( 1)
  86 I   0.99237 0.00302 0.00458 0.00003 ( 1)
  87 R   0.99601 0.00137 0.00261 0.00001 ( 1)
  88 E   0.96696 0.02768 0.00513 0.00022 ( 1)
  89 L   0.94379 0.04759 0.00802 0.00060 ( 1)
  90 F   0.99608 0.00046 0.00346 0.00000 ( 1)
  91 S   0.89520 0.10090 0.00325 0.00065 ( 1)
  92 Q   0.92728 0.06871 0.00354 0.00047 ( 1)
  93 A   0.95752 0.03832 0.00385 0.00031 ( 1)
  94 E   0.99255 0.00248 0.00495 0.00003 ( 1)
  95 S   0.99749 0.00042 0.00208 0.00000 ( 1)
  96 H   0.97958 0.01748 0.00282 0.00011 ( 1)
  97 F   0.99608 0.00046 0.00346 0.00000 ( 1)
  98 R   0.88267 0.11454 0.00232 0.00047 ( 1)
  99 N   0.13308 0.08099 0.76934 0.01659 ( 3)
 100 S   0.96236 0.03156 0.00579 0.00029 ( 1)
 101 M   0.99761 0.00039 0.00200 0.00000 ( 1)
 102 P   0.98557 0.00391 0.01047 0.00005 ( 1)
 103 S   0.97930 0.00729 0.01329 0.00012 ( 1)
 104 F   0.99608 0.00046 0.00346 0.00000 ( 1)
 105 A   0.94794 0.04784 0.00383 0.00038 ( 1)
 106 I   0.97273 0.01348 0.01342 0.00037 ( 1)
 107 S   0.98061 0.01552 0.00377 0.00010 ( 1)
 108 G   0.51478 0.47594 0.00514 0.00414 ( 1)
 109 Y   0.84848 0.12975 0.01901 0.00275 ( 1)
 110 E   0.99145 0.00155 0.00697 0.00002 ( 1)
 111 V   0.99365 0.00141 0.00492 0.00001 ( 1)
 112 L   0.97419 0.02023 0.00541 0.00018 ( 1)
 113 F   0.99591 0.00061 0.00348 0.00000 ( 1)
 114 L   0.98515 0.00373 0.01107 0.00006 ( 1)
 115 T   0.91934 0.04767 0.03226 0.00073 ( 1)
 116 T   0.97826 0.01783 0.00377 0.00014 ( 1)
 117 Y   0.99451 0.00102 0.00446 0.00001 ( 1)
 118 A   0.99186 0.00414 0.00398 0.00003 ( 1)
 119 Q   0.90099 0.08884 0.00887 0.00130 ( 1)
 120 A   0.98943 0.00153 0.00902 0.00002 ( 1)
 121 A   0.98502 0.00476 0.01015 0.00007 ( 1)
 122 N   0.99370 0.00208 0.00420 0.00001 ( 1)
 123 I   0.85314 0.14248 0.00329 0.00109 ( 1)
 124 H   0.99453 0.00260 0.00286 0.00002 ( 1)
 125 L   0.86883 0.12496 0.00505 0.00115 ( 1)
 126 F   0.27614 0.70209 0.00619 0.01558 ( 2)
 127 L   0.96896 0.02010 0.01060 0.00034 ( 1)
 128 L   0.87348 0.11657 0.00817 0.00179 ( 1)
 129 K   0.99014 0.00499 0.00482 0.00005 ( 1)
 130 D   0.79728 0.19807 0.00342 0.00122 ( 1)
 131 A   0.95494 0.04121 0.00357 0.00028 ( 1)
 132 Q   0.70288 0.29242 0.00268 0.00201 ( 1)
 133 I   0.89816 0.09659 0.00421 0.00105 ( 1)
 134 Y   0.56683 0.42274 0.00569 0.00473 ( 1)
 135 G   0.94662 0.05028 0.00283 0.00027 ( 1)
 136 E   0.03967 0.23205 0.62543 0.10286 ( 3)
 137 E   0.69887 0.22060 0.07269 0.00784 ( 1)
 138 W   0.92224 0.06713 0.00977 0.00087 ( 1)
 139 G   0.98960 0.00739 0.00296 0.00004 ( 1)
 140 Y   0.04276 0.94747 0.00023 0.00954 ( 2)
 141 E   0.85410 0.13096 0.00808 0.00685 ( 1)
 142 K   0.21250 0.77313 0.00117 0.01321 ( 2)
 143 E   0.03289 0.93098 0.00322 0.03291 ( 2)
 144 D   0.73385 0.26048 0.00300 0.00266 ( 1)
 145 I   0.78433 0.04995 0.16338 0.00235 ( 1)
 146 A   0.01237 0.78917 0.05143 0.14703 ( 2)
 147 E   0.88653 0.10325 0.00853 0.00169 ( 1)
 148 F   0.93901 0.05728 0.00328 0.00043 ( 1)
 149 Y   0.69569 0.03879 0.26239 0.00312 ( 1)
 150 K   0.39543 0.49465 0.07798 0.03193 ( 2)
 151 R   0.88434 0.01819 0.09692 0.00055 ( 1)
 152 Q   0.99521 0.00099 0.00379 0.00001 ( 1)
 153 L   0.03829 0.06746 0.85046 0.04378 ( 3)
 154 K   0.29820 0.01071 0.68994 0.00115 ( 3)
 155 L   0.99550 0.00112 0.00337 0.00001 ( 1)
 156 T   0.98606 0.00553 0.00835 0.00006 ( 1)
 157 Q   0.09174 0.19223 0.66531 0.05072 ( 3)
 158 E   0.98717 0.00736 0.00537 0.00010 ( 1)
 159 Y   0.99339 0.00186 0.00473 0.00002 ( 1)
 160 T   0.98285 0.00738 0.00964 0.00014 ( 1)
 161 D   0.74290 0.01204 0.24398 0.00108 ( 1)
 162 H   0.99660 0.00052 0.00288 0.00000 ( 1)
 163 C   0.99670 0.00072 0.00257 0.00000 ( 1)
 164 V   0.51119 0.03886 0.44392 0.00603 ( 1)
 165 K   0.98983 0.00490 0.00520 0.00006 ( 1)
 166 W   0.97681 0.01267 0.01035 0.00016 ( 1)
 167 Y   0.99451 0.00102 0.00446 0.00001 ( 1)
 168 N   0.85648 0.04088 0.10126 0.00138 ( 1)
 169 V   0.68619 0.11114 0.19360 0.00906 ( 1)
 170 G   0.99600 0.00100 0.00299 0.00001 ( 1)
 171 L   0.99105 0.00316 0.00576 0.00003 ( 1)
 172 D   0.96504 0.03033 0.00427 0.00037 ( 1)
 173 K   0.76931 0.22296 0.00443 0.00331 ( 1)
 174 L   0.99105 0.00316 0.00576 0.00003 ( 1)
 175 R   0.99363 0.00377 0.00259 0.00002 ( 1)
 176 G   0.99596 0.00141 0.00262 0.00001 ( 1)
 177 S   0.98482 0.00491 0.01021 0.00007 ( 1)
 178 S   0.91450 0.07957 0.00475 0.00118 ( 1)
 179 Y   0.95967 0.03571 0.00432 0.00031 ( 1)
 180 E   0.97947 0.01513 0.00522 0.00019 ( 1)
 181 S   0.10913 0.50237 0.20697 0.18153 ( 2)
 182 W   0.97681 0.01267 0.01035 0.00016 ( 1)
 183 V   0.98649 0.00775 0.00567 0.00009 ( 1)
 184 N   0.80525 0.15947 0.03125 0.00403 ( 1)
 185 F   0.99362 0.00290 0.00346 0.00002 ( 1)
 186 N   0.95847 0.03109 0.00990 0.00054 ( 1)
 187 R   0.97448 0.02287 0.00255 0.00009 ( 1)
 188 Y   0.97142 0.01833 0.01005 0.00021 ( 1)
 189 R   0.94514 0.03344 0.02061 0.00081 ( 1)
 190 R   0.99674 0.00066 0.00259 0.00000 ( 1)
 191 E   0.99259 0.00217 0.00522 0.00002 ( 1)
 192 M   0.99761 0.00039 0.00200 0.00000 ( 1)
 193 T   0.99532 0.00084 0.00383 0.00001 ( 1)
 194 L   0.99012 0.00406 0.00579 0.00004 ( 1)
 195 T   0.99482 0.00110 0.00407 0.00001 ( 1)
 196 V   0.99349 0.00118 0.00531 0.00001 ( 1)
 197 L   0.99105 0.00316 0.00576 0.00003 ( 1)
 198 D   0.99431 0.00163 0.00405 0.00002 ( 1)
 199 L   0.94784 0.04526 0.00642 0.00048 ( 1)
 200 I   0.98026 0.01534 0.00426 0.00013 ( 1)
 201 A   0.63786 0.11774 0.23344 0.01096 ( 1)
 202 L   0.97495 0.01349 0.01134 0.00022 ( 1)
 203 F   0.99311 0.00299 0.00388 0.00003 ( 1)
 204 P   0.97811 0.01857 0.00322 0.00011 ( 1)
 205 L   0.03753 0.95168 0.00037 0.01042 ( 2)


lnL = -2593.333225

Bayes Empirical Bayes (BEB) probabilities for 4 classes (class)
(amino acids refer to 1st sequence: BT_Cry3Aa10)

   1 -   0.92983 0.01336 0.05599 0.00082 ( 1)
   2 -   0.92962 0.01357 0.05598 0.00083 ( 1)
   3 G   0.84136 0.10182 0.05057 0.00624 ( 1)
   4 G   0.98908 0.00256 0.00833 0.00004 ( 1)
   5 A   0.90683 0.07546 0.01596 0.00176 ( 1)
   6 L   0.97355 0.01767 0.00851 0.00027 ( 1)
   7 V   0.89030 0.09840 0.00904 0.00225 ( 1)
   8 S   0.72315 0.26155 0.00939 0.00591 ( 1)
   9 F   0.98999 0.00284 0.00713 0.00004 ( 1)
  10 Y   0.98984 0.00117 0.00898 0.00002 ( 1)
  11 T   0.91438 0.07645 0.00761 0.00157 ( 1)
  12 N   0.08991 0.89173 0.00126 0.01710 ( 2)
  13 F   0.84537 0.01973 0.13406 0.00084 ( 1)
  14 L   0.93633 0.04912 0.01344 0.00110 ( 1)
  15 N   0.98084 0.00693 0.01211 0.00013 ( 1)
  16 T   0.93585 0.05545 0.00781 0.00089 ( 1)
  17 I   0.96381 0.01865 0.01702 0.00051 ( 1)
  18 W   0.96503 0.01517 0.01942 0.00038 ( 1)
  19 P   0.99034 0.00127 0.00837 0.00002 ( 1)
  20 S   0.56937 0.32826 0.08899 0.01337 ( 1)
  21 E   0.97140 0.01943 0.00878 0.00039 ( 1)
  22 -   0.81190 0.13129 0.04877 0.00804 ( 1)
  23 -   0.46006 0.48313 0.02751 0.02931 ( 2)
  24 D   0.90575 0.08232 0.01053 0.00141 ( 1)
  25 P   0.95582 0.03087 0.01267 0.00064 ( 1)
  26 W   0.46771 0.04870 0.47438 0.00921 ( 3)
  27 K   0.97448 0.01396 0.01132 0.00025 ( 1)
  28 A   0.96149 0.02992 0.00812 0.00047 ( 1)
  29 F   0.99234 0.00051 0.00714 0.00001 ( 1)
  30 M   0.99288 0.00044 0.00667 0.00001 ( 1)
  31 E   0.77281 0.05778 0.16579 0.00363 ( 1)
  32 Q   0.99016 0.00114 0.00868 0.00002 ( 1)
  33 V   0.98874 0.00176 0.00947 0.00003 ( 1)
  34 E   0.99058 0.00085 0.00856 0.00002 ( 1)
  35 A   0.94760 0.04237 0.00925 0.00077 ( 1)
  36 L   0.96160 0.02104 0.01687 0.00049 ( 1)
  37 M   0.97393 0.01136 0.01440 0.00031 ( 1)
  38 D   0.98324 0.00244 0.01427 0.00006 ( 1)
  39 Q   0.94886 0.03597 0.01442 0.00076 ( 1)
  40 K   0.99072 0.00083 0.00843 0.00002 ( 1)
  41 I   0.99112 0.00081 0.00806 0.00001 ( 1)
  42 A   0.95804 0.02473 0.01659 0.00064 ( 1)
  43 D   0.97446 0.01351 0.01175 0.00028 ( 1)
  44 Y   0.98984 0.00117 0.00898 0.00002 ( 1)
  45 A   0.98417 0.00157 0.01423 0.00003 ( 1)
  46 K   0.98671 0.00475 0.00845 0.00009 ( 1)
  47 N   0.85676 0.02862 0.11327 0.00135 ( 1)
  48 K   0.95868 0.03257 0.00815 0.00061 ( 1)
  49 A   0.97812 0.00983 0.01183 0.00022 ( 1)
  50 L   0.06782 0.34648 0.50762 0.07808 ( 3)
  51 A   0.97713 0.01465 0.00798 0.00024 ( 1)
  52 E   0.93606 0.05198 0.01102 0.00093 ( 1)
  53 L   0.95928 0.02866 0.01151 0.00055 ( 1)
  54 Q   0.95827 0.02602 0.01508 0.00063 ( 1)
  55 G   0.94761 0.03693 0.01453 0.00092 ( 1)
  56 L   0.90560 0.08550 0.00763 0.00128 ( 1)
  57 Q   0.04265 0.90164 0.00888 0.04683 ( 2)
  58 N   0.98417 0.00876 0.00692 0.00015 ( 1)
  59 N   0.15026 0.20127 0.61980 0.02868 ( 3)
  60 V   0.04491 0.93295 0.00070 0.02144 ( 2)
  61 E   0.71641 0.18273 0.09380 0.00707 ( 1)
  62 D   0.09054 0.89358 0.00063 0.01525 ( 2)
  63 Y   0.98070 0.01023 0.00889 0.00018 ( 1)
  64 V   0.49323 0.48847 0.00661 0.01169 ( 1)
  65 S   0.77642 0.21540 0.00536 0.00283 ( 1)
  66 A   0.86981 0.12077 0.00745 0.00198 ( 1)
  67 L   0.71805 0.26455 0.01165 0.00575 ( 1)
  68 S   0.00467 0.93861 0.00028 0.05644 ( 2)
  69 S   0.67498 0.31096 0.00819 0.00587 ( 1)
  70 W   0.59381 0.38479 0.01183 0.00958 ( 1)
  71 Q   0.01554 0.81541 0.05620 0.11285 ( 2)
  72 K   0.95369 0.03749 0.00813 0.00070 ( 1)
  73 N   0.60612 0.36045 0.02168 0.01175 ( 1)
  74 P   0.98967 0.00159 0.00872 0.00002 ( 1)
  75 V   0.07757 0.82418 0.03576 0.06249 ( 2)
  76 S   0.66523 0.17144 0.15440 0.00893 ( 1)
  77 S   0.80506 0.11391 0.07708 0.00395 ( 1)
  78 R   0.98234 0.00501 0.01255 0.00009 ( 1)
  79 N   0.38824 0.53362 0.05327 0.02487 ( 2)
  80 P   0.02082 0.81972 0.02457 0.13490 ( 2)
  81 H   0.94617 0.03918 0.01333 0.00132 ( 1)
  82 S   0.79630 0.18512 0.01432 0.00426 ( 1)
  83 Q   0.97011 0.01879 0.01074 0.00037 ( 1)
  84 G   0.75326 0.22819 0.01320 0.00535 ( 1)
  85 R   0.92093 0.05138 0.02595 0.00174 ( 1)
  86 I   0.98822 0.00365 0.00806 0.00007 ( 1)
  87 R   0.99113 0.00157 0.00728 0.00002 ( 1)
  88 E   0.95204 0.03590 0.01140 0.00066 ( 1)
  89 L   0.92489 0.05985 0.01389 0.00136 ( 1)
  90 F   0.99234 0.00051 0.00714 0.00001 ( 1)
  91 S   0.85842 0.13205 0.00749 0.00204 ( 1)
  92 Q   0.90088 0.08981 0.00789 0.00142 ( 1)
  93 A   0.94125 0.05026 0.00768 0.00081 ( 1)
  94 E   0.98842 0.00297 0.00856 0.00006 ( 1)
  95 S   0.99325 0.00048 0.00626 0.00001 ( 1)
  96 H   0.97144 0.02194 0.00631 0.00031 ( 1)
  97 F   0.99234 0.00051 0.00714 0.00001 ( 1)
  98 R   0.84491 0.14546 0.00755 0.00208 ( 1)
  99 N   0.13719 0.12273 0.71932 0.02076 ( 3)
 100 S   0.94795 0.03936 0.01193 0.00076 ( 1)
 101 M   0.99288 0.00044 0.00667 0.00001 ( 1)
 102 P   0.97607 0.00458 0.01923 0.00012 ( 1)
 103 S   0.96914 0.00860 0.02202 0.00024 ( 1)
 104 F   0.99234 0.00051 0.00714 0.00001 ( 1)
 105 A   0.92850 0.06288 0.00761 0.00101 ( 1)
 106 I   0.96295 0.01658 0.01985 0.00062 ( 1)
 107 S   0.97158 0.01930 0.00881 0.00031 ( 1)
 108 G   0.41930 0.56382 0.00698 0.00990 ( 2)
 109 Y   0.80904 0.16018 0.02558 0.00520 ( 1)
 110 E   0.98730 0.00177 0.01089 0.00004 ( 1)
 111 V   0.98909 0.00161 0.00928 0.00003 ( 1)
 112 L   0.96287 0.02526 0.01140 0.00047 ( 1)
 113 F   0.99214 0.00069 0.00716 0.00001 ( 1)
 114 L   0.97713 0.00434 0.01842 0.00011 ( 1)
 115 T   0.89465 0.06160 0.04225 0.00150 ( 1)
 116 T   0.96863 0.02321 0.00779 0.00037 ( 1)
 117 Y   0.98984 0.00117 0.00898 0.00002 ( 1)
 118 A   0.98682 0.00504 0.00805 0.00008 ( 1)
 119 Q   0.86705 0.11606 0.01405 0.00283 ( 1)
 120 A   0.98215 0.00175 0.01605 0.00004 ( 1)
 121 A   0.97679 0.00555 0.01752 0.00014 ( 1)
 122 N   0.98600 0.00242 0.01155 0.00004 ( 1)
 123 I   0.80187 0.18876 0.00641 0.00296 ( 1)
 124 H   0.99040 0.00313 0.00643 0.00004 ( 1)
 125 L   0.82747 0.15961 0.00987 0.00305 ( 1)
 126 F   0.21249 0.75592 0.00690 0.02469 ( 2)
 127 L   0.95857 0.02498 0.01582 0.00064 ( 1)
 128 L   0.83465 0.14916 0.01254 0.00365 ( 1)
 129 K   0.98533 0.00611 0.00844 0.00011 ( 1)
 130 D   0.73833 0.24886 0.00856 0.00425 ( 1)
 131 A   0.93796 0.05331 0.00790 0.00083 ( 1)
 132 Q   0.62249 0.36641 0.00539 0.00571 ( 1)
 133 I   0.86641 0.12354 0.00767 0.00238 ( 1)
 134 Y   0.47921 0.50337 0.00751 0.00991 ( 2)
 135 G   0.92637 0.06540 0.00731 0.00093 ( 1)
 136 E   0.04022 0.35023 0.49938 0.11018 ( 3)
 137 E   0.63007 0.27480 0.08335 0.01178 ( 1)
 138 W   0.89572 0.08417 0.01799 0.00212 ( 1)
 139 G   0.98301 0.00908 0.00777 0.00013 ( 1)
 140 Y   0.02792 0.95394 0.00029 0.01785 ( 2)
 141 E   0.81265 0.16624 0.01162 0.00949 ( 1)
 142 K   0.15680 0.82114 0.00152 0.02054 ( 2)
 143 E   0.02067 0.93626 0.00265 0.04042 ( 2)
 144 D   0.65087 0.33866 0.00460 0.00586 ( 1)
 145 I   0.74716 0.06216 0.18729 0.00339 ( 1)
 146 A   0.00783 0.81698 0.03403 0.14116 ( 2)
 147 E   0.84673 0.13755 0.01226 0.00345 ( 1)
 148 F   0.91744 0.07482 0.00659 0.00114 ( 1)
 149 Y   0.68222 0.04999 0.26379 0.00399 ( 1)
 150 K   0.31626 0.57011 0.07406 0.03956 ( 2)
 151 R   0.84895 0.02172 0.12845 0.00088 ( 1)
 152 Q   0.99016 0.00114 0.00868 0.00002 ( 1)
 153 L   0.05018 0.13030 0.76700 0.05252 ( 3)
 154 K   0.29577 0.01358 0.68932 0.00133 ( 3)
 155 L   0.99033 0.00129 0.00837 0.00002 ( 1)
 156 T   0.97654 0.00648 0.01683 0.00015 ( 1)
 157 Q   0.08789 0.27682 0.57618 0.05911 ( 3)
 158 E   0.98189 0.00893 0.00899 0.00020 ( 1)
 159 Y   0.98844 0.00214 0.00938 0.00004 ( 1)
 160 T   0.97822 0.00913 0.01243 0.00022 ( 1)
 161 D   0.73812 0.01499 0.24559 0.00130 ( 1)
 162 H   0.99294 0.00059 0.00646 0.00001 ( 1)
 163 C   0.99145 0.00082 0.00771 0.00001 ( 1)
 164 V   0.52387 0.05037 0.41888 0.00689 ( 1)
 165 K   0.98505 0.00596 0.00887 0.00012 ( 1)
 166 W   0.96503 0.01517 0.01942 0.00038 ( 1)
 167 Y   0.98984 0.00117 0.00898 0.00002 ( 1)
 168 N   0.81756 0.05351 0.12664 0.00229 ( 1)
 169 V   0.65651 0.14900 0.18300 0.01149 ( 1)
 170 G   0.99099 0.00115 0.00784 0.00002 ( 1)
 171 L   0.98445 0.00368 0.01181 0.00007 ( 1)
 172 D   0.95235 0.03968 0.00719 0.00078 ( 1)
 173 K   0.70462 0.28217 0.00671 0.00650 ( 1)
 174 L   0.98445 0.00368 0.01181 0.00007 ( 1)
 175 R   0.98811 0.00460 0.00724 0.00006 ( 1)
 176 G   0.99084 0.00164 0.00750 0.00002 ( 1)
 177 S   0.97625 0.00578 0.01782 0.00015 ( 1)
 178 S   0.88510 0.10345 0.00896 0.00248 ( 1)
 179 Y   0.94388 0.04675 0.00856 0.00081 ( 1)
 180 E   0.97140 0.01943 0.00878 0.00039 ( 1)
 181 S   0.08918 0.60613 0.13822 0.16647 ( 2)
 182 W   0.96503 0.01517 0.01942 0.00038 ( 1)
 183 V   0.98081 0.00950 0.00951 0.00018 ( 1)
 184 N   0.74576 0.20677 0.04020 0.00727 ( 1)
 185 F   0.98930 0.00352 0.00712 0.00005 ( 1)
 186 N   0.94614 0.03895 0.01392 0.00099 ( 1)
 187 R   0.96218 0.02877 0.00864 0.00041 ( 1)
 188 Y   0.96108 0.02288 0.01557 0.00046 ( 1)
 189 R   0.92939 0.04030 0.02888 0.00143 ( 1)
 190 R   0.99197 0.00075 0.00726 0.00001 ( 1)
 191 E   0.98569 0.00249 0.01177 0.00005 ( 1)
 192 M   0.99288 0.00044 0.00667 0.00001 ( 1)
 193 T   0.99106 0.00095 0.00797 0.00001 ( 1)
 194 L   0.98333 0.00475 0.01183 0.00009 ( 1)
 195 T   0.99053 0.00127 0.00818 0.00002 ( 1)
 196 V   0.98946 0.00135 0.00916 0.00003 ( 1)
 197 L   0.98445 0.00368 0.01181 0.00007 ( 1)
 198 D   0.99104 0.00185 0.00708 0.00003 ( 1)
 199 L   0.93025 0.05666 0.01193 0.00116 ( 1)
 200 I   0.97239 0.01904 0.00825 0.00032 ( 1)
 201 A   0.61007 0.14936 0.22730 0.01327 ( 1)
 202 L   0.96529 0.01592 0.01836 0.00043 ( 1)
 203 F   0.98887 0.00345 0.00762 0.00006 ( 1)
 204 P   0.96822 0.02326 0.00818 0.00034 ( 1)
 205 L   0.02516 0.95332 0.00048 0.02104 ( 2)

