Supplemental results for CODEML (seqf: algn  treef: tree)


dN/dS (w) for site classes (K=4)

site class             0        1       2a       2b
proportion       0.00000  0.00000  0.62080  0.37920
background w     0.44167  5.39936  0.44167  5.39936
foreground w     0.44167  5.39936  0.30730  0.30730

Naive Empirical Bayes (NEB) probabilities for 4 classes
(amino acids refer to 1st sequence: BT_Cry40Aa1)

   1 P   0.00000 0.00000 0.04206 0.95794 ( 4)
   2 T   0.00000 0.00000 0.96568 0.03432 ( 3)
   3 H   0.00000 0.00000 0.52823 0.47177 ( 3)
   4 V   0.00000 0.00000 0.95723 0.04277 ( 3)
   5 E   0.00000 0.00000 0.99862 0.00138 ( 3)
   6 L   0.00000 0.00000 0.99801 0.00199 ( 3)
   7 T   0.00000 0.00000 0.99952 0.00048 ( 3)
   8 R   0.00000 0.00000 0.99870 0.00130 ( 3)
   9 E   0.00000 0.00000 0.99995 0.00005 ( 3)
  10 I   0.00000 0.00000 0.99607 0.00393 ( 3)
  11 Y   0.00000 0.00000 0.99997 0.00003 ( 3)
  12 T   0.00000 0.00000 0.99980 0.00020 ( 3)
  13 D   0.00000 0.00000 0.99998 0.00002 ( 3)
  14 P   0.00000 0.00000 0.99084 0.00916 ( 3)
  15 V   0.00000 0.00000 0.98927 0.01073 ( 3)
  16 G   0.00000 0.00000 0.99948 0.00052 ( 3)
  17 Y   0.00000 0.00000 0.99967 0.00033 ( 3)
  18 S   0.00000 0.00000 0.34109 0.65891 ( 4)
  19 S   0.00000 0.00000 0.00817 0.99183 ( 4)
  20 G   0.00000 0.00000 0.52968 0.47032 ( 3)
  21 T   0.00000 0.00000 0.04773 0.95227 ( 4)
  22 Y   0.00000 0.00000 0.71790 0.28210 ( 3)
  23 -   0.00000 0.00000 0.65177 0.34823 ( 3)
  24 S   0.00000 0.00000 0.43965 0.56035 ( 4)
  25 W   0.00000 0.00000 0.99231 0.00769 ( 3)
  26 L   0.00000 0.00000 0.13006 0.86994 ( 4)
  27 K   0.00000 0.00000 0.00096 0.99904 ( 4)
  28 Y   0.00000 0.00000 0.00016 0.99984 ( 4)
  29 W   0.00000 0.00000 0.78766 0.21234 ( 3)
  30 T   0.00000 0.00000 0.01798 0.98202 ( 4)
  31 G   0.00000 0.00000 0.41704 0.58296 ( 4)
  32 A   0.00000 0.00000 0.05110 0.94890 ( 4)
  33 F   0.00000 0.00000 0.99999 0.00001 ( 3)
  34 N   0.00000 0.00000 1.00000 0.00000 ( 3)
  35 T   0.00000 0.00000 0.00422 0.99578 ( 4)
  36 L   0.00000 0.00000 0.97767 0.02233 ( 3)
  37 E   0.00000 0.00000 0.99994 0.00006 ( 3)
  38 A   0.00000 0.00000 0.99997 0.00003 ( 3)
  39 N   0.00000 0.00000 0.99991 0.00009 ( 3)
  40 G   0.00000 0.00000 0.99958 0.00042 ( 3)
  41 T   0.00000 0.00000 0.99980 0.00020 ( 3)
  42 R   0.00000 0.00000 0.95769 0.04231 ( 3)
  43 G   0.00000 0.00000 0.99958 0.00042 ( 3)
  44 P   0.00000 0.00000 0.99995 0.00005 ( 3)
  45 G   0.00000 0.00000 0.99998 0.00002 ( 3)
  46 L   0.00000 0.00000 0.99809 0.00191 ( 3)
  47 V   0.00000 0.00000 0.99998 0.00002 ( 3)
  48 T   0.00000 0.00000 0.99998 0.00002 ( 3)
  49 W   0.00000 0.00000 0.12133 0.87867 ( 4)
  50 L   0.00000 0.00000 0.99995 0.00005 ( 3)
  51 R   0.00000 0.00000 0.00001 0.99999 ( 4)
  52 -   0.00000 0.00000 0.62080 0.37920 ( 3)
  53 S   0.00000 0.00000 0.00018 0.99982 ( 4)
  54 I   0.00000 0.00000 0.99827 0.00173 ( 3)
  55 G   0.00000 0.00000 0.99963 0.00037 ( 3)
  56 I   0.00000 0.00000 0.99991 0.00009 ( 3)
  57 Y   0.00000 0.00000 0.99922 0.00078 ( 3)
  58 N   0.00000 0.00000 0.99493 0.00507 ( 3)
  59 E   0.00000 0.00000 0.85559 0.14441 ( 3)
  60 Y   0.00000 0.00000 0.00038 0.99962 ( 4)
  61 V   0.00000 0.00000 0.70525 0.29475 ( 3)
  62 -   0.00000 0.00000 0.00004 0.99996 ( 4)
  63 -   0.00000 0.00000 0.00002 0.99998 ( 4)
  64 -   0.00000 0.00000 0.88263 0.11737 ( 3)
  65 -   0.00000 0.00000 0.30471 0.69529 ( 4)
  66 -   0.00000 0.00000 0.80357 0.19643 ( 3)
  67 -   0.00000 0.00000 0.02538 0.97462 ( 4)
  68 -   0.00000 0.00000 0.50185 0.49815 ( 3)
  69 -   0.00000 0.00000 0.01683 0.98317 ( 4)
  70 S   0.00000 0.00000 0.00004 0.99996 ( 4)
  71 R   0.00000 0.00000 0.00005 0.99995 ( 4)
  72 Y   0.00000 0.00000 0.99004 0.00996 ( 3)
  73 F   0.00000 0.00000 0.99907 0.00093 ( 3)
  74 S   0.00000 0.00000 0.00047 0.99953 ( 4)
  75 G   0.00000 0.00000 0.95394 0.04606 ( 3)
  76 W   0.00000 0.00000 0.99231 0.00769 ( 3)
  77 V   0.00000 0.00000 0.77622 0.22378 ( 3)
  78 G   0.00000 0.00000 0.99938 0.00062 ( 3)
  79 T   0.00000 0.00000 0.99966 0.00034 ( 3)
  80 R   0.00000 0.00000 0.99994 0.00006 ( 3)
  81 H   0.00000 0.00000 0.99999 0.00001 ( 3)
  82 Y   0.00000 0.00000 0.99951 0.00049 ( 3)
  83 E   0.00000 0.00000 0.99995 0.00005 ( 3)
  84 D   0.00000 0.00000 0.01059 0.98941 ( 4)
  85 Y   0.00000 0.00000 0.98908 0.01092 ( 3)
  86 T   0.00000 0.00000 0.99980 0.00020 ( 3)
  87 T   0.00000 0.00000 0.00193 0.99807 ( 4)
  88 G   0.00000 0.00000 0.99964 0.00036 ( 3)
  89 N   0.00000 0.00000 0.28532 0.71468 ( 4)
  90 G   0.00000 0.00000 0.99400 0.00600 ( 3)
  91 N   0.00000 0.00000 0.54700 0.45300 ( 3)
  92 F   0.00000 0.00000 0.99833 0.00167 ( 3)
  93 Q   0.00000 0.00000 0.87509 0.12491 ( 3)
  94 R   0.00000 0.00000 0.99995 0.00005 ( 3)
  95 M   0.00000 0.00000 0.97224 0.02776 ( 3)
  96 S   0.00000 0.00000 0.99996 0.00004 ( 3)
  97 G   0.00000 0.00000 0.99958 0.00042 ( 3)
  98 T   0.00000 0.00000 0.99997 0.00003 ( 3)
  99 T   0.00000 0.00000 0.99018 0.00982 ( 3)
 100 S   0.00000 0.00000 1.00000 0.00000 ( 3)
 101 N   0.00000 0.00000 1.00000 0.00000 ( 3)
 102 D   0.00000 0.00000 0.99997 0.00003 ( 3)
 103 L   0.00000 0.00000 0.01314 0.98686 ( 4)
 104 R   0.00000 0.00000 0.28913 0.71087 ( 4)
 105 D   0.00000 0.00000 0.00168 0.99832 ( 4)
 106 I   0.00000 0.00000 0.47016 0.52984 ( 4)
 107 S   0.00000 0.00000 0.01236 0.98764 ( 4)
 108 F   0.00000 0.00000 0.99971 0.00029 ( 3)
 109 P   0.00000 0.00000 0.00000 1.00000 ( 4)
 110 N   0.00000 0.00000 0.39360 0.60640 ( 4)
 111 S   0.00000 0.00000 0.00022 0.99978 ( 4)
 112 D   0.00000 0.00000 0.77646 0.22354 ( 3)
 113 I   0.00000 0.00000 0.74580 0.25420 ( 3)
 114 F   0.00000 0.00000 0.99978 0.00022 ( 3)
 115 K   0.00000 0.00000 0.98899 0.01101 ( 3)
 116 I   0.00000 0.00000 0.99999 0.00001 ( 3)
 117 E   0.00000 0.00000 0.00000 1.00000 ( 4)
 118 S   0.00000 0.00000 0.99671 0.00329 ( 3)
 119 K   0.00000 0.00000 0.00264 0.99736 ( 4)
 120 A   0.00000 0.00000 0.99945 0.00055 ( 3)
 121 I   0.00000 0.00000 0.69601 0.30399 ( 3)
 122 M   0.00000 0.00000 0.00008 0.99992 ( 4)
 123 N   0.00000 0.00000 0.00003 0.99997 ( 4)
 124 L   0.00000 0.00000 0.00089 0.99911 ( 4)
 125 V   0.00000 0.00000 0.00013 0.99987 ( 4)
 126 G   0.00000 0.00000 0.00040 0.99960 ( 4)
 127 E   0.00000 0.00000 0.00424 0.99576 ( 4)
 128 I   0.00000 0.00000 0.04711 0.95289 ( 4)
 129 N   0.00000 0.00000 0.00003 0.99997 ( 4)
 130 A   0.00000 0.00000 0.11822 0.88178 ( 4)
 131 -   0.00000 0.00000 0.00062 0.99938 ( 4)
 132 -   0.00000 0.00000 0.62080 0.37920 ( 3)
 133 -   0.00000 0.00000 0.94714 0.05286 ( 3)
 134 -   0.00000 0.00000 0.90952 0.09048 ( 3)
 135 R   0.00000 0.00000 0.00217 0.99783 ( 4)
 136 P   0.00000 0.00000 0.20278 0.79722 ( 4)
 137 E   0.00000 0.00000 0.20041 0.79959 ( 4)
 138 Y   0.00000 0.00000 0.94051 0.05949 ( 3)
 139 R   0.00000 0.00000 0.99844 0.00156 ( 3)
 140 V   0.00000 0.00000 0.99596 0.00404 ( 3)
 141 S   0.00000 0.00000 0.99620 0.00380 ( 3)
 142 R   0.00000 0.00000 0.89691 0.10309 ( 3)
 143 A   0.00000 0.00000 0.99626 0.00374 ( 3)
 144 E   0.00000 0.00000 0.98995 0.01005 ( 3)
 145 F   0.00000 0.00000 0.99999 0.00001 ( 3)
 146 S   0.00000 0.00000 0.00099 0.99901 ( 4)
 147 E   0.00000 0.00000 0.00000 1.00000 ( 4)
 148 S   0.00000 0.00000 0.52591 0.47409 ( 3)
 149 T   0.00000 0.00000 0.00236 0.99764 ( 4)
 150 -   0.00000 0.00000 0.62080 0.37920 ( 3)
 151 A   0.00000 0.00000 0.00057 0.99943 ( 4)
 152 F   0.00000 0.00000 0.00375 0.99625 ( 4)
 153 I   0.00000 0.00000 0.03623 0.96377 ( 4)
 154 Y   0.00000 0.00000 0.00002 0.99998 ( 4)
 155 L   0.00000 0.00000 0.00052 0.99948 ( 4)
 156 Y   0.00000 0.00000 0.99997 0.00003 ( 3)
 157 D   0.00000 0.00000 0.95195 0.04805 ( 3)
 158 A   0.00000 0.00000 0.14890 0.85110 ( 4)
 159 G   0.00000 0.00000 0.65226 0.34774 ( 3)
 160 N   0.00000 0.00000 0.99968 0.00032 ( 3)
 161 S   0.00000 0.00000 0.10968 0.89032 ( 4)
 162 -   0.00000 0.00000 0.62080 0.37920 ( 3)
 163 G   0.00000 0.00000 0.98985 0.01015 ( 3)
 164 L   0.00000 0.00000 0.00001 0.99999 ( 4)
 165 S   0.00000 0.00000 0.00091 0.99909 ( 4)
 166 S   0.00000 0.00000 0.00008 0.99992 ( 4)
 167 M   0.00000 0.00000 0.98089 0.01911 ( 3)
 168 T   0.00000 0.00000 0.99980 0.00020 ( 3)
 169 I   0.00000 0.00000 0.99980 0.00020 ( 3)
 170 T   0.00000 0.00000 0.97830 0.02170 ( 3)
 171 S   0.00000 0.00000 0.99996 0.00004 ( 3)
 172 K   0.00000 0.00000 0.03624 0.96376 ( 4)
 173 L   0.00000 0.00000 0.97241 0.02759 ( 3)
 174 P   0.00000 0.00000 0.99893 0.00107 ( 3)
 175 G   0.00000 0.00000 0.99398 0.00602 ( 3)
 176 I   0.00000 0.00000 0.07968 0.92032 ( 4)
 177 K   0.00000 0.00000 0.00009 0.99991 ( 4)
 178 N   0.00000 0.00000 0.05758 0.94242 ( 4)
 179 P   0.00000 0.00000 0.00141 0.99859 ( 4)
 180 E   0.00000 0.00000 0.00023 0.99977 ( 4)
 181 -   0.00000 0.00000 0.78073 0.21927 ( 3)
 182 P   0.00000 0.00000 0.99944 0.00056 ( 3)
 183 S   0.00000 0.00000 0.98062 0.01938 ( 3)
 184 Y   0.00000 0.00000 0.00000 1.00000 ( 4)
 185 R   0.00000 0.00000 0.00014 0.99986 ( 4)
 186 D   0.00000 0.00000 0.99188 0.00812 ( 3)
 187 Y   0.00000 0.00000 0.13671 0.86329 ( 4)
 188 S   0.00000 0.00000 0.99942 0.00058 ( 3)
 189 H   0.00000 0.00000 0.99981 0.00019 ( 3)
 190 R   0.00000 0.00000 0.98558 0.01442 ( 3)
 191 L   0.00000 0.00000 0.99809 0.00191 ( 3)
 192 S   0.00000 0.00000 0.99738 0.00262 ( 3)
 193 N   0.00000 0.00000 1.00000 0.00000 ( 3)
 194 A   0.00000 0.00000 0.98942 0.01058 ( 3)
 195 A   0.00000 0.00000 0.99978 0.00022 ( 3)
 196 C   0.00000 0.00000 0.99998 0.00002 ( 3)
 197 V   0.00000 0.00000 0.99997 0.00003 ( 3)
 198 G   0.00000 0.00000 0.03227 0.96773 ( 4)
 199 A   0.00000 0.00000 0.00029 0.99971 ( 4)
 200 -   0.00000 0.00000 0.62080 0.37920 ( 3)
 201 -   0.00000 0.00000 0.62080 0.37920 ( 3)
 202 G   0.00000 0.00000 0.00751 0.99249 ( 4)
 203 N   0.00000 0.00000 0.02004 0.97996 ( 4)
 204 S   0.00000 0.00000 0.08043 0.91957 ( 4)
 205 R   0.00000 0.00000 0.98157 0.01843 ( 3)
 206 I   0.00000 0.00000 0.95984 0.04016 ( 3)
 207 N   0.00000 0.00000 0.94880 0.05120 ( 3)
 208 V   0.00000 0.00000 0.99979 0.00021 ( 3)
 209 Y   0.00000 0.00000 0.98591 0.01409 ( 3)
 210 G   0.00000 0.00000 0.99999 0.00001 ( 3)
 211 W   0.00000 0.00000 0.99231 0.00769 ( 3)
 212 T   0.00000 0.00000 0.99563 0.00437 ( 3)
 213 H   0.00000 0.00000 0.99999 0.00001 ( 3)
 214 -   0.00000 0.00000 0.99038 0.00962 ( 3)


lnL = -3276.072595

