Supplemental results for CODEML (seqf: algn  treef: tree)


dN/dS (w) for site classes (K=4)

site class             0        1       2a       2b
proportion       0.47857  0.32858  0.11434  0.07850
background w     0.09921  0.60376  0.09921  0.60376
foreground w     0.09921  0.60376  4.30320  4.30320

Naive Empirical Bayes (NEB) probabilities for 4 classes
(amino acids refer to 1st sequence: BT_Cry13Aa1)

   1 S   0.43387 0.29120 0.21464 0.06029 ( 1)
   2 V   0.90090 0.05710 0.03563 0.00636 ( 1)
   3 A   0.89693 0.07467 0.02245 0.00595 ( 1)
   4 V   0.71235 0.05400 0.22521 0.00843 ( 1)
   5 P   0.95944 0.02813 0.01155 0.00088 ( 1)
   6 L   0.43064 0.32587 0.17939 0.06410 ( 1)
   7 I   0.24091 0.52675 0.11593 0.11641 ( 2)
   8 S   0.73443 0.25799 0.00473 0.00285 ( 1)
   9 M   0.96847 0.02551 0.00526 0.00075 ( 1)
  10 L   0.62621 0.11968 0.23254 0.02157 ( 1)
  11 V   0.78956 0.04260 0.16195 0.00588 ( 1)
  12 G   0.54286 0.43544 0.00644 0.01527 ( 1)
  13 V   0.00617 0.05423 0.77376 0.16585 ( 3)
  14 F   0.19137 0.68187 0.04486 0.08190 ( 2)
  15 W   0.85387 0.12910 0.01402 0.00300 ( 1)
  16 P   0.98759 0.00342 0.00889 0.00010 ( 1)
  17 K   0.06099 0.78918 0.01271 0.13712 ( 2)
  18 -   0.47857 0.32858 0.11434 0.07850 ( 1)
  19 -   0.47857 0.32858 0.11434 0.07850 ( 1)
  20 -   0.47857 0.32858 0.11434 0.07850 ( 1)
  21 -   0.47857 0.32858 0.11434 0.07850 ( 1)
  22 -   0.11849 0.68867 0.02831 0.16453 ( 2)
  23 -   0.20672 0.60044 0.04939 0.14345 ( 2)
  24 G   0.00287 0.70855 0.00246 0.28613 ( 2)
  25 T   0.01117 0.84558 0.00162 0.14163 ( 2)
  26 N   0.07455 0.80386 0.01641 0.10519 ( 2)
  27 N   0.81076 0.02072 0.16565 0.00287 ( 1)
  28 Q   0.10159 0.12930 0.70831 0.06081 ( 3)
  29 E   0.36862 0.54262 0.02275 0.06601 ( 2)
  30 N   0.59556 0.25626 0.10707 0.04112 ( 1)
  31 L   0.82275 0.14806 0.02007 0.00911 ( 1)
  32 I   0.93317 0.03240 0.03077 0.00366 ( 1)
  33 T   0.00973 0.77569 0.00994 0.20465 ( 2)
  34 V   0.48081 0.04516 0.45986 0.01418 ( 1)
  35 I   0.96948 0.00124 0.02914 0.00014 ( 1)
  36 D   0.97915 0.00078 0.02001 0.00007 ( 1)
  37 K   0.00553 0.85528 0.00094 0.13824 ( 2)
  38 E   0.97956 0.00105 0.01930 0.00008 ( 1)
  39 V   0.79595 0.00583 0.19726 0.00096 ( 1)
  40 Q   0.98188 0.00500 0.01297 0.00015 ( 1)
  41 R   0.83519 0.03508 0.12575 0.00398 ( 1)
  42 I   0.08704 0.17342 0.64060 0.09895 ( 3)
  43 L   0.96219 0.01130 0.02576 0.00075 ( 1)
  44 D   0.83312 0.03448 0.12775 0.00465 ( 1)
  45 E   0.55255 0.31848 0.08924 0.03973 ( 1)
  46 K   0.13159 0.02157 0.83505 0.01179 ( 3)
  47 L   0.96906 0.01249 0.01787 0.00058 ( 1)
  48 S   0.93586 0.04954 0.01245 0.00215 ( 1)
  49 D   0.03101 0.85536 0.00399 0.10964 ( 2)
  50 Q   0.81898 0.16513 0.01082 0.00507 ( 1)
  51 L   0.02642 0.00186 0.96970 0.00201 ( 3)
  52 I   0.65049 0.15607 0.16512 0.02832 ( 1)
  53 K   0.63181 0.20557 0.13403 0.02859 ( 1)
  54 K   0.32883 0.50419 0.07344 0.09354 ( 2)
  55 L   0.36665 0.32290 0.25567 0.05479 ( 1)
  56 N   0.00048 0.81314 0.00044 0.18594 ( 2)
  57 A   0.70323 0.23708 0.02863 0.03106 ( 1)
  58 D   0.66965 0.12720 0.18393 0.01922 ( 1)
  59 L   0.97366 0.01197 0.01393 0.00044 ( 1)
  60 N   0.04961 0.81365 0.00894 0.12780 ( 2)
  61 A   0.00765 0.87893 0.00071 0.11272 ( 2)
  62 F   0.72356 0.00658 0.26862 0.00124 ( 1)
  63 T   0.02466 0.38310 0.30921 0.28303 ( 2)
  64 D   0.51758 0.41014 0.02501 0.04728 ( 1)
  65 L   0.06858 0.72468 0.04764 0.15911 ( 2)
  66 V   0.09585 0.30811 0.48176 0.11427 ( 3)
  67 T   0.03965 0.81016 0.00367 0.14652 ( 2)
  68 R   0.00062 0.74254 0.00200 0.25484 ( 2)
  69 L   0.06183 0.69820 0.03166 0.20832 ( 2)
  70 E   0.00043 0.76300 0.00111 0.23547 ( 2)
  71 E   0.00095 0.85613 0.00024 0.14269 ( 2)
  72 V   0.45025 0.37388 0.10960 0.06627 ( 1)
  73 I   0.90032 0.05638 0.03523 0.00806 ( 1)
  74 I   0.56871 0.36690 0.01939 0.04500 ( 1)
  75 D   0.97480 0.00451 0.02024 0.00045 ( 1)
  76 A   0.97567 0.00289 0.02123 0.00021 ( 1)
  77 T   0.01849 0.04862 0.86782 0.06506 ( 3)
  78 F   0.81649 0.16601 0.01079 0.00671 ( 1)
  79 -   0.69944 0.10771 0.16711 0.02573 ( 1)
  80 -   0.80179 0.00537 0.19156 0.00128 ( 1)
  81 -   0.58141 0.22575 0.13891 0.05394 ( 1)
  82 -   0.76597 0.04119 0.18300 0.00984 ( 1)
  83 -   0.12178 0.68538 0.02910 0.16375 ( 2)
  84 E   0.19396 0.62848 0.07503 0.10253 ( 2)
  85 N   0.30517 0.41768 0.17135 0.10581 ( 2)
  86 H   0.47270 0.26249 0.22194 0.04287 ( 1)
  87 K   0.80854 0.02153 0.16800 0.00193 ( 1)
  88 P   0.15910 0.41965 0.25058 0.17067 ( 2)
  89 V   0.00661 0.61569 0.04863 0.32907 ( 2)
  90 L   0.06295 0.13537 0.67097 0.13072 ( 3)
  91 Q   0.02521 0.56409 0.17144 0.23926 ( 2)
  92 V   0.14308 0.03293 0.81032 0.01367 ( 3)
  93 S   0.19866 0.53699 0.10268 0.16167 ( 2)
  94 K   0.00090 0.77233 0.00074 0.22604 ( 2)
  95 S   0.98038 0.00813 0.01124 0.00024 ( 1)
  96 N   0.84829 0.00541 0.14555 0.00076 ( 1)
  97 Y   0.98088 0.00642 0.01246 0.00024 ( 1)
  98 M   0.00021 0.67248 0.00226 0.32505 ( 2)
  99 K   0.79281 0.02894 0.17383 0.00442 ( 1)
 100 V   0.96307 0.00575 0.03074 0.00044 ( 1)
 101 D   0.13792 0.72907 0.03003 0.10297 ( 2)
 102 S   0.00136 0.60390 0.00184 0.39289 ( 2)
 103 A   0.00167 0.60055 0.01352 0.38426 ( 2)
 104 Y   0.26957 0.22190 0.45351 0.05502 ( 3)
 105 F   0.00188 0.77855 0.00185 0.21771 ( 2)
 106 S   0.01421 0.85776 0.00439 0.12363 ( 2)
 107 T   0.83345 0.10735 0.04728 0.01192 ( 1)
 108 G   0.00270 0.75737 0.00390 0.23603 ( 2)
 109 G   0.11172 0.84492 0.00137 0.04199 ( 2)
 110 I   0.00130 0.75159 0.00464 0.24247 ( 2)
 111 L   0.96956 0.01864 0.01101 0.00079 ( 1)
 112 T   0.00256 0.85780 0.00053 0.13910 ( 2)
 113 L   0.00853 0.91991 0.00019 0.07137 ( 2)
 114 G   0.03888 0.73946 0.03681 0.18486 ( 2)
 115 M   0.01963 0.84605 0.00427 0.13005 ( 2)
 116 S   0.61234 0.36011 0.00711 0.02044 ( 1)
 117 D   0.02491 0.68522 0.07099 0.21888 ( 2)
 118 F   0.35850 0.07751 0.53713 0.02685 ( 3)
 119 L   0.50330 0.28122 0.16508 0.05041 ( 1)
 120 T   0.64618 0.07126 0.26745 0.01510 ( 1)
 121 D   0.62996 0.10848 0.24275 0.01880 ( 1)
 122 T   0.59656 0.02596 0.37187 0.00561 ( 1)
 123 Y   0.78900 0.00566 0.20454 0.00079 ( 1)
 124 S   0.02637 0.00532 0.96063 0.00767 ( 3)
 125 K   0.05999 0.73952 0.04364 0.15685 ( 2)
 126 L   0.84131 0.14200 0.01012 0.00658 ( 1)
 127 T   0.69900 0.01185 0.28682 0.00233 ( 1)
 128 F   0.27502 0.30436 0.32252 0.09810 ( 3)
 129 P   0.97236 0.00915 0.01801 0.00047 ( 1)
 130 L   0.44654 0.35368 0.15751 0.04227 ( 1)
 131 Y   0.76633 0.04644 0.18126 0.00597 ( 1)
 132 V   0.78898 0.16604 0.02715 0.01782 ( 1)
 133 L   0.71673 0.00654 0.27558 0.00115 ( 1)
 134 G   0.97613 0.00268 0.02105 0.00014 ( 1)
 135 A   0.97806 0.00143 0.02040 0.00011 ( 1)
 136 T   0.96439 0.00356 0.03167 0.00037 ( 1)
 137 M   0.04781 0.79981 0.02609 0.12628 ( 2)
 138 K   0.14426 0.63938 0.08114 0.13522 ( 2)
 139 L   0.85997 0.12534 0.00959 0.00511 ( 1)
 140 S   0.60728 0.37307 0.00762 0.01203 ( 1)
 141 A   0.01132 0.85755 0.00149 0.12965 ( 2)
 142 Y   0.49254 0.48173 0.00590 0.01983 ( 1)
 143 H   0.82355 0.01611 0.15848 0.00185 ( 1)
 144 S   0.03981 0.22215 0.55196 0.18607 ( 3)
 145 Y   0.86226 0.10383 0.02650 0.00741 ( 1)
 146 I   0.95886 0.01029 0.02965 0.00120 ( 1)
 147 Q   0.72436 0.16841 0.09799 0.00925 ( 1)
 148 F   0.98561 0.00150 0.01284 0.00005 ( 1)
 149 G   0.10246 0.69461 0.05727 0.14566 ( 2)
 150 N   0.93742 0.03426 0.02424 0.00409 ( 1)
 151 T   0.00107 0.79094 0.00065 0.20734 ( 2)
 152 W   0.85387 0.12910 0.01402 0.00300 ( 1)
 153 L   0.79910 0.17543 0.01780 0.00767 ( 1)
 154 N   0.31624 0.44954 0.11212 0.12211 ( 2)
 155 K   0.00438 0.74454 0.01222 0.23886 ( 2)
 156 V   0.96993 0.00229 0.02755 0.00022 ( 1)
 157 Y   0.97746 0.01044 0.01163 0.00046 ( 1)
 158 -   0.76852 0.03864 0.18361 0.00923 ( 1)
 159 -   0.70472 0.10243 0.16837 0.02447 ( 1)
 160 -   0.68403 0.12312 0.16343 0.02942 ( 1)
 161 D   0.11610 0.66930 0.04269 0.17192 ( 2)
 162 L   0.00839 0.83342 0.00147 0.15672 ( 2)
 163 S   0.03201 0.79568 0.00864 0.16366 ( 2)
 164 S   0.00006 0.41024 0.00205 0.58766 ( 4)
 165 D   0.01028 0.77512 0.00718 0.20743 ( 2)
 166 E   0.00106 0.72576 0.00133 0.27185 ( 2)
 167 G   0.07967 0.89055 0.00064 0.02913 ( 2)
 168 K   0.00618 0.71896 0.01127 0.26358 ( 2)
 169 T   0.96063 0.01178 0.02639 0.00120 ( 1)
 170 M   0.01903 0.33926 0.39427 0.24744 ( 3)
 171 S   0.00041 0.38156 0.01244 0.60559 ( 4)
 172 Q   0.57444 0.40868 0.00680 0.01008 ( 1)
 173 A   0.18889 0.27226 0.46143 0.07742 ( 3)
 174 L   0.97516 0.01051 0.01394 0.00039 ( 1)
 175 A   0.01103 0.74433 0.00842 0.23622 ( 2)
 176 R   0.01095 0.56298 0.09833 0.32774 ( 2)
 177 A   0.89422 0.07261 0.02659 0.00657 ( 1)
 178 K   0.97518 0.00100 0.02372 0.00009 ( 1)
 179 Q   0.00046 0.52304 0.00401 0.47249 ( 2)
 180 H   0.00693 0.83224 0.00299 0.15784 ( 2)
 181 M   0.99062 0.00392 0.00535 0.00011 ( 1)
 182 R   0.58383 0.39577 0.00934 0.01106 ( 1)
 183 Q   0.01035 0.63255 0.08475 0.27234 ( 2)
 184 D   0.00067 0.80806 0.00054 0.19073 ( 2)
 185 I   0.96117 0.00200 0.03657 0.00026 ( 1)
 186 A   0.00015 0.55652 0.00359 0.43974 ( 2)
 187 F   0.00003 0.65821 0.00020 0.34156 ( 2)
 188 Y   0.92505 0.04774 0.02389 0.00332 ( 1)
 189 T   0.97098 0.00220 0.02661 0.00021 ( 1)
 190 S   0.00028 0.62157 0.00524 0.37291 ( 2)
 191 Q   0.16935 0.67551 0.05001 0.10513 ( 2)
 192 A   0.80018 0.00890 0.18957 0.00135 ( 1)
 193 L   0.41710 0.53074 0.01591 0.03624 ( 2)
 194 N   0.56939 0.37603 0.02163 0.03296 ( 1)
 195 M   0.23372 0.24499 0.42164 0.09965 ( 3)
 196 F   0.98937 0.00089 0.00971 0.00004 ( 1)
 197 T   0.50884 0.07716 0.39250 0.02149 ( 1)
 198 -   0.76424 0.04291 0.18259 0.01025 ( 1)
 199 -   0.11804 0.68912 0.02820 0.16464 ( 2)
 200 G   0.01063 0.75962 0.01634 0.21341 ( 2)
 201 N   0.40813 0.42739 0.05321 0.11127 ( 2)
 202 L   0.03177 0.64467 0.07633 0.24723 ( 2)
 203 P   0.98851 0.00284 0.00857 0.00008 ( 1)
 204 S   0.78537 0.19739 0.01059 0.00665 ( 1)
 205 L   0.93290 0.05105 0.01403 0.00202 ( 1)
 206 S   0.00226 0.38850 0.07466 0.53458 ( 4)
 207 S   0.65929 0.30941 0.01460 0.01669 ( 1)
 208 N   0.91622 0.02948 0.05064 0.00366 ( 1)
 209 K   0.97518 0.00100 0.02372 0.00009 ( 1)
 210 Y   0.00690 0.82724 0.00269 0.16317 ( 2)
 211 A   0.19364 0.60885 0.08760 0.10992 ( 2)
 212 I   0.88011 0.07950 0.03029 0.01010 ( 1)
 213 N   0.94554 0.02689 0.02453 0.00304 ( 1)
 214 D   0.04355 0.75274 0.03076 0.17295 ( 2)
 215 Y   0.96512 0.02052 0.01361 0.00074 ( 1)
 216 N   0.97473 0.00081 0.02437 0.00008 ( 1)
 217 V   0.00412 0.77417 0.00622 0.21549 ( 2)
 218 Y   0.96463 0.02038 0.01425 0.00074 ( 1)
 219 T   0.28527 0.10693 0.58233 0.02546 ( 3)
 220 R   0.86489 0.12923 0.00450 0.00138 ( 1)
 221 A   0.72480 0.01297 0.26021 0.00202 ( 1)
 222 M   0.98513 0.00930 0.00531 0.00026 ( 1)
 223 V   0.56717 0.36982 0.02175 0.04126 ( 1)
 224 L   0.75705 0.22922 0.00904 0.00469 ( 1)
 225 N   0.96563 0.00933 0.02416 0.00088 ( 1)
 226 G   0.70694 0.27634 0.00930 0.00742 ( 1)
 227 L   0.96866 0.01455 0.01617 0.00062 ( 1)
 228 D   0.97963 0.00043 0.01990 0.00004 ( 1)
 229 I   0.05708 0.84864 0.00262 0.09166 ( 2)
 230 V   0.94703 0.02512 0.02561 0.00224 ( 1)
 231 A   0.97712 0.00200 0.02072 0.00016 ( 1)
 232 T   0.83607 0.11342 0.03783 0.01268 ( 1)
 233 W   0.85387 0.12910 0.01402 0.00300 ( 1)


lnL = -4174.993816

