Supplemental results for CODEML (seqf: algn  treef: tree)


dN/dS (w) for site classes (K=4)

site class             0        1       2a       2b
proportion       0.66148  0.28783  0.03532  0.01537
background w     0.13204  1.00000  0.13204  1.00000
foreground w     0.13204  1.00000  9.14966  9.14966

Naive Empirical Bayes (NEB) probabilities for 4 classes
(amino acids refer to 1st sequence: BT_Cry32Ea1)

   1 -   0.66148 0.28783 0.03532 0.01537 ( 1)
   2 S   0.76176 0.22620 0.00885 0.00319 ( 1)
   3 A   0.99466 0.00109 0.00424 0.00001 ( 1)
   4 I   0.85229 0.14356 0.00313 0.00102 ( 1)
   5 A   0.99299 0.00235 0.00464 0.00002 ( 1)
   6 G   0.97568 0.02071 0.00349 0.00012 ( 1)
   7 L   0.76522 0.23036 0.00305 0.00137 ( 1)
   8 F   0.81191 0.18453 0.00256 0.00099 ( 1)
   9 N   0.91051 0.08594 0.00298 0.00056 ( 1)
  10 V   0.99344 0.00136 0.00519 0.00001 ( 1)
  11 L   0.95497 0.03738 0.00729 0.00036 ( 1)
  12 L   0.86614 0.12891 0.00370 0.00125 ( 1)
  13 P   0.98668 0.00431 0.00895 0.00005 ( 1)
  14 Y   0.85427 0.13517 0.00885 0.00171 ( 1)
  15 W   0.46140 0.52948 0.00379 0.00534 ( 2)
  16 W   0.44844 0.54241 0.00368 0.00547 ( 2)
  17 P   0.99329 0.00305 0.00364 0.00002 ( 1)
  18 E   0.74292 0.25078 0.00374 0.00256 ( 1)
  19 Q   0.06860 0.92539 0.00027 0.00574 ( 2)
  20 A   0.82364 0.17132 0.00369 0.00135 ( 1)
  21 G   0.48635 0.50314 0.00466 0.00586 ( 2)
  22 A   0.06086 0.91637 0.00100 0.02177 ( 2)
  23 P   0.25027 0.65027 0.06796 0.03150 ( 2)
  24 G   0.87196 0.12417 0.00313 0.00074 ( 1)
  25 T   0.10635 0.72679 0.08308 0.08378 ( 2)
  26 P   0.34150 0.64438 0.00437 0.00975 ( 2)
  27 Q   0.69321 0.30225 0.00268 0.00186 ( 1)
  28 A   0.98084 0.01486 0.00419 0.00011 ( 1)
  29 Q   0.99424 0.00191 0.00384 0.00001 ( 1)
  30 F   0.05021 0.93599 0.00067 0.01314 ( 2)
  31 S   0.80152 0.19289 0.00349 0.00210 ( 1)
  32 W   0.36150 0.62919 0.00297 0.00634 ( 2)
  33 N   0.00175 0.71646 0.02947 0.25232 ( 2)
  34 Q   0.61270 0.38111 0.00340 0.00280 ( 1)
  35 L   0.97195 0.02068 0.00717 0.00019 ( 1)
  36 M   0.99711 0.00070 0.00218 0.00000 ( 1)
  37 T   0.00761 0.97975 0.00009 0.01255 ( 2)
  38 A   0.73927 0.24825 0.00871 0.00377 ( 1)
  39 A   0.59682 0.15214 0.24005 0.01099 ( 1)
  40 E   0.99435 0.00075 0.00490 0.00001 ( 1)
  41 E   0.03134 0.95997 0.00018 0.00850 ( 2)
  42 M   0.51613 0.47390 0.00477 0.00520 ( 1)
  43 V   0.01578 0.96673 0.00026 0.01723 ( 2)
  44 D   0.06885 0.91669 0.00144 0.01302 ( 2)
  45 K   0.93954 0.05618 0.00383 0.00045 ( 1)
  46 K   0.98953 0.00610 0.00431 0.00005 ( 1)
  47 I   0.99486 0.00137 0.00376 0.00001 ( 1)
  48 L   0.01843 0.94242 0.00485 0.03430 ( 2)
  49 E   0.83557 0.15925 0.00400 0.00117 ( 1)
  50 S   0.65734 0.33994 0.00147 0.00125 ( 1)
  51 K   0.70900 0.28189 0.00487 0.00424 ( 1)
  52 R   0.77188 0.17736 0.04117 0.00959 ( 1)
  53 G   0.01926 0.97170 0.00012 0.00892 ( 2)
  54 E   0.58807 0.40429 0.00341 0.00423 ( 1)
  55 A   0.98095 0.01033 0.00858 0.00014 ( 1)
  56 T   0.33288 0.62123 0.02978 0.01611 ( 2)
  57 A   0.96581 0.02443 0.00942 0.00034 ( 1)
  58 R   0.96234 0.03338 0.00403 0.00024 ( 1)
  59 W   0.96581 0.02601 0.00793 0.00026 ( 1)
  60 Q   0.81482 0.18088 0.00317 0.00113 ( 1)
  61 G   0.97475 0.02097 0.00414 0.00015 ( 1)
  62 I   0.98752 0.00777 0.00464 0.00007 ( 1)
  63 Q   0.99424 0.00191 0.00384 0.00001 ( 1)
  64 R   0.00008 0.88520 0.00008 0.11465 ( 2)
  65 L   0.00873 0.81652 0.01576 0.15899 ( 2)
  66 G   0.31682 0.67346 0.00192 0.00780 ( 2)
  67 R   0.01365 0.89264 0.00113 0.09258 ( 2)
  68 D   0.18396 0.05909 0.74194 0.01501 ( 3)
  69 Y   0.85818 0.13542 0.00501 0.00139 ( 1)
  70 Y   0.02454 0.96067 0.00020 0.01459 ( 2)
  71 S   0.00036 0.92538 0.00015 0.07411 ( 2)
  72 A   0.03702 0.00858 0.94969 0.00471 ( 3)
  73 L   0.58323 0.39962 0.00846 0.00869 ( 1)
  74 C   0.98585 0.00483 0.00926 0.00006 ( 1)
  75 D   0.96889 0.02645 0.00449 0.00017 ( 1)
  76 W   0.76089 0.23054 0.00624 0.00233 ( 1)
  77 I   0.07984 0.91315 0.00029 0.00672 ( 2)
  78 Q   0.00156 0.77048 0.01923 0.20873 ( 2)
  79 D   0.98738 0.00779 0.00475 0.00008 ( 1)
  80 Q   0.96356 0.03242 0.00380 0.00023 ( 1)
  81 D   0.96120 0.02844 0.01006 0.00030 ( 1)
  82 N   0.99015 0.00049 0.00935 0.00001 ( 1)
  83 A   0.32932 0.65013 0.00612 0.01444 ( 2)
  84 V   0.02303 0.96105 0.00017 0.01575 ( 2)
  85 K   0.80544 0.18428 0.00743 0.00286 ( 1)
  86 K   0.98888 0.00704 0.00402 0.00006 ( 1)
  87 E   0.00001 0.95998 0.00000 0.04001 ( 2)
  88 R   0.30298 0.69275 0.00089 0.00338 ( 2)
  89 L   0.93287 0.06104 0.00557 0.00052 ( 1)
  90 R   0.96569 0.02766 0.00641 0.00025 ( 1)
  91 D   0.99298 0.00315 0.00385 0.00003 ( 1)
  92 A   0.26059 0.73231 0.00114 0.00595 ( 2)
  93 F   0.99594 0.00092 0.00314 0.00000 ( 1)
  94 D   0.99308 0.00304 0.00385 0.00002 ( 1)
  95 D   0.84668 0.14933 0.00316 0.00083 ( 1)
  96 L   0.17654 0.69962 0.05591 0.06793 ( 2)
  97 D   0.81052 0.18418 0.00386 0.00144 ( 1)
  98 D   0.99576 0.00037 0.00386 0.00000 ( 1)
  99 Q   0.03579 0.89072 0.01325 0.06024 ( 2)
 100 L   0.07209 0.06681 0.83598 0.02511 ( 3)
 101 K   0.79091 0.04908 0.15780 0.00221 ( 1)
 102 L   0.02823 0.93827 0.00058 0.03292 ( 2)
 103 A   0.82756 0.16051 0.00945 0.00248 ( 1)
 104 M   0.99268 0.00513 0.00217 0.00002 ( 1)
 105 P   0.99303 0.00331 0.00364 0.00002 ( 1)
 106 F   0.01521 0.20872 0.59716 0.17891 ( 3)
 107 F   0.98852 0.00110 0.01036 0.00002 ( 1)
 108 S   0.00251 0.74777 0.01108 0.23865 ( 2)
 109 V   0.75870 0.13886 0.09677 0.00567 ( 1)
 110 Q   0.28890 0.70555 0.00112 0.00442 ( 2)
 111 G   0.05120 0.01375 0.92974 0.00531 ( 3)
 112 F   0.98777 0.00907 0.00311 0.00005 ( 1)
 113 E   0.99435 0.00075 0.00490 0.00001 ( 1)
 114 L   0.65042 0.34119 0.00406 0.00433 ( 1)
 115 P   0.72956 0.26473 0.00312 0.00260 ( 1)
 116 M   0.99711 0.00070 0.00218 0.00000 ( 1)
 117 L   0.98627 0.00789 0.00578 0.00006 ( 1)
 118 S   0.26981 0.71658 0.00329 0.01031 ( 2)
 119 M   0.99711 0.00070 0.00218 0.00000 ( 1)
 120 Y   0.99362 0.00219 0.00417 0.00001 ( 1)
 121 A   0.99109 0.00221 0.00668 0.00002 ( 1)
 122 Q   0.99424 0.00191 0.00384 0.00001 ( 1)
 123 A   0.99375 0.00201 0.00422 0.00001 ( 1)
 124 A   0.98966 0.00334 0.00697 0.00003 ( 1)
 125 N   0.99641 0.00037 0.00321 0.00000 ( 1)
 126 M   0.97703 0.02075 0.00214 0.00008 ( 1)
 127 H   0.98974 0.00563 0.00460 0.00004 ( 1)
 128 L   0.96834 0.01760 0.01373 0.00032 ( 1)
 129 L   0.64180 0.34873 0.00540 0.00406 ( 1)
 130 L   0.36758 0.62383 0.00272 0.00587 ( 2)
 131 L   0.98627 0.00789 0.00578 0.00006 ( 1)
 132 R   0.83086 0.16314 0.00477 0.00123 ( 1)
 133 D   0.99025 0.00051 0.00924 0.00001 ( 1)
 134 V   0.99232 0.00259 0.00507 0.00002 ( 1)
 135 V   0.96659 0.02584 0.00730 0.00027 ( 1)
 136 Q   0.00751 0.57983 0.16172 0.25094 ( 2)
 137 N   0.99060 0.00617 0.00320 0.00004 ( 1)
 138 G   0.98353 0.00410 0.01229 0.00008 ( 1)
 139 V   0.00023 0.64169 0.00503 0.35305 ( 2)
 140 S   0.10064 0.85811 0.01441 0.02684 ( 2)
 141 W   0.96581 0.02601 0.00793 0.00026 ( 1)
 142 G   0.99474 0.00164 0.00361 0.00001 ( 1)
 143 F   0.98465 0.01218 0.00310 0.00006 ( 1)
 144 A   0.00000 0.88132 0.00002 0.11866 ( 2)
 145 P   0.97944 0.01664 0.00381 0.00011 ( 1)
 146 Y   0.00017 0.94198 0.00006 0.05779 ( 2)
 147 E   0.36296 0.63007 0.00189 0.00508 ( 2)
 148 V   0.97843 0.01644 0.00499 0.00014 ( 1)
 149 D   0.99559 0.00052 0.00388 0.00000 ( 1)
 150 R   0.55279 0.43493 0.00602 0.00626 ( 1)
 151 Y   0.98962 0.00264 0.00771 0.00003 ( 1)
 152 Y   0.99362 0.00219 0.00417 0.00001 ( 1)
 153 F   0.00004 0.89788 0.00003 0.10205 ( 2)
 154 D   0.97002 0.02661 0.00318 0.00020 ( 1)
 155 P   0.00048 0.88599 0.00037 0.11316 ( 2)
 156 S   0.08367 0.87216 0.01060 0.03357 ( 2)
 157 G   0.00014 0.94286 0.00006 0.05695 ( 2)
 158 -   0.66148 0.28783 0.03532 0.01537 ( 1)
 159 Q   0.02227 0.94343 0.00331 0.03099 ( 2)
 160 R   0.01836 0.97111 0.00016 0.01038 ( 2)
 161 S   0.98603 0.00990 0.00397 0.00010 ( 1)
 162 P   0.96683 0.02828 0.00467 0.00022 ( 1)
 163 G   0.99043 0.00384 0.00570 0.00003 ( 1)
 164 L   0.98517 0.00879 0.00597 0.00007 ( 1)
 165 L   0.68277 0.30813 0.00539 0.00371 ( 1)
 166 Q   0.98141 0.01471 0.00379 0.00009 ( 1)
 167 L   0.98407 0.01048 0.00537 0.00008 ( 1)
 168 L   0.92897 0.06479 0.00567 0.00056 ( 1)
 169 G   0.00489 0.54559 0.17113 0.27839 ( 2)
 170 T   0.00034 0.81646 0.00090 0.18230 ( 2)
 171 Y   0.99296 0.00265 0.00438 0.00002 ( 1)
 172 T   0.99516 0.00126 0.00358 0.00001 ( 1)
 173 N   0.94725 0.04811 0.00433 0.00031 ( 1)
 174 Y   0.97726 0.01843 0.00418 0.00013 ( 1)
 175 C   0.99298 0.00389 0.00311 0.00002 ( 1)
 176 V   0.79494 0.17739 0.02239 0.00528 ( 1)
 177 E   0.00815 0.97711 0.00008 0.01466 ( 2)
 178 W   0.96581 0.02601 0.00793 0.00026 ( 1)
 179 Y   0.99362 0.00219 0.00417 0.00001 ( 1)
 180 E   0.95167 0.04470 0.00322 0.00040 ( 1)
 181 K   0.05987 0.84124 0.02061 0.07828 ( 2)
 182 G   0.99477 0.00192 0.00330 0.00001 ( 1)
 183 L   0.98627 0.00789 0.00578 0.00006 ( 1)
 184 Q   0.09772 0.89510 0.00054 0.00664 ( 2)
 185 E   0.07301 0.91941 0.00036 0.00722 ( 2)
 186 Q   0.98119 0.01493 0.00379 0.00009 ( 1)
 187 Y   0.99274 0.00307 0.00417 0.00002 ( 1)
 188 N   0.00187 0.97486 0.00020 0.02307 ( 2)
 189 -   0.66148 0.28783 0.03532 0.01537 ( 1)
 190 -   0.66148 0.28783 0.03532 0.01537 ( 1)
 191 T   0.96828 0.02788 0.00368 0.00016 ( 1)
 192 G   0.90845 0.08812 0.00297 0.00046 ( 1)
 193 R   0.00496 0.92016 0.00240 0.07248 ( 2)
 194 W   0.96581 0.02601 0.00793 0.00026 ( 1)
 195 D   0.26836 0.72217 0.00129 0.00818 ( 2)
 196 K   0.68435 0.31036 0.00278 0.00251 ( 1)
 197 F   0.93653 0.05796 0.00510 0.00042 ( 1)
 198 N   0.99641 0.00037 0.00321 0.00000 ( 1)
 199 N   0.81958 0.17637 0.00275 0.00130 ( 1)
 200 F   0.98108 0.00838 0.01041 0.00013 ( 1)
 201 R   0.99168 0.00487 0.00342 0.00002 ( 1)
 202 R   0.37226 0.53721 0.07017 0.02035 ( 2)
 203 N   0.96914 0.00931 0.02136 0.00020 ( 1)
 204 M   0.99711 0.00070 0.00218 0.00000 ( 1)
 205 T   0.98150 0.01326 0.00512 0.00012 ( 1)
 206 I   0.98709 0.00915 0.00370 0.00007 ( 1)
 207 M   0.34021 0.03952 0.61245 0.00782 ( 3)
 208 V   0.99303 0.00175 0.00520 0.00002 ( 1)
 209 L   0.98754 0.00860 0.00380 0.00005 ( 1)
 210 D   0.99576 0.00037 0.00386 0.00000 ( 1)
 211 T   0.77522 0.22045 0.00295 0.00138 ( 1)
 212 V   0.99344 0.00136 0.00519 0.00001 ( 1)
 213 A   0.85889 0.13341 0.00519 0.00252 ( 1)
 214 I   0.02202 0.91627 0.00636 0.05535 ( 2)
 215 W   0.96581 0.02601 0.00793 0.00026 ( 1)
 216 P   0.99350 0.00283 0.00366 0.00002 ( 1)
 217 T   0.99500 0.00141 0.00358 0.00001 ( 1)


lnL = -3237.520685

Bayes Empirical Bayes (BEB) probabilities for 4 classes (class)
(amino acids refer to 1st sequence: BT_Cry32Ea1)

   1 -   0.67322 0.26989 0.04062 0.01627 ( 1)
   2 S   0.78173 0.19940 0.01444 0.00443 ( 1)
   3 A   0.99204 0.00117 0.00678 0.00001 ( 1)
   4 I   0.87694 0.11659 0.00519 0.00129 ( 1)
   5 A   0.99020 0.00246 0.00731 0.00003 ( 1)
   6 G   0.97457 0.01902 0.00621 0.00019 ( 1)
   7 L   0.80102 0.19081 0.00606 0.00211 ( 1)
   8 F   0.84143 0.15231 0.00481 0.00145 ( 1)
   9 N   0.92273 0.07166 0.00488 0.00073 ( 1)
  10 V   0.99070 0.00146 0.00782 0.00002 ( 1)
  11 L   0.94994 0.03675 0.01269 0.00062 ( 1)
  12 L   0.87412 0.11700 0.00704 0.00184 ( 1)
  13 P   0.98189 0.00442 0.01360 0.00008 ( 1)
  14 Y   0.86373 0.11926 0.01457 0.00243 ( 1)
  15 W   0.50548 0.47867 0.00734 0.00850 ( 1)
  16 W   0.51347 0.47071 0.00746 0.00836 ( 1)
  17 P   0.98995 0.00316 0.00686 0.00003 ( 1)
  18 E   0.78830 0.20287 0.00588 0.00295 ( 1)
  19 Q   0.10824 0.88144 0.00075 0.00957 ( 2)
  20 A   0.85010 0.14219 0.00599 0.00171 ( 1)
  21 G   0.54895 0.43378 0.00882 0.00844 ( 1)
  22 A   0.09628 0.87704 0.00192 0.02477 ( 2)
  23 P   0.31182 0.55497 0.09800 0.03521 ( 2)
  24 G   0.89064 0.10262 0.00569 0.00105 ( 1)
  25 T   0.14464 0.66035 0.11022 0.08479 ( 2)
  26 P   0.40450 0.57388 0.00810 0.01352 ( 2)
  27 Q   0.74063 0.25152 0.00514 0.00271 ( 1)
  28 A   0.97937 0.01378 0.00670 0.00016 ( 1)
  29 Q   0.99110 0.00201 0.00687 0.00002 ( 1)
  30 F   0.08021 0.90009 0.00149 0.01821 ( 2)
  31 S   0.83120 0.16018 0.00604 0.00258 ( 1)
  32 W   0.42694 0.55697 0.00620 0.00990 ( 2)
  33 N   0.00370 0.70795 0.04532 0.24303 ( 2)
  34 Q   0.66706 0.32150 0.00701 0.00444 ( 1)
  35 L   0.96652 0.02046 0.01268 0.00034 ( 1)
  36 M   0.99467 0.00075 0.00457 0.00001 ( 1)
  37 T   0.01423 0.96730 0.00023 0.01823 ( 2)
  38 A   0.77584 0.20653 0.01315 0.00448 ( 1)
  39 A   0.60897 0.12654 0.25391 0.01058 ( 1)
  40 E   0.99192 0.00082 0.00725 0.00001 ( 1)
  41 E   0.05187 0.93434 0.00049 0.01329 ( 2)
  42 M   0.57952 0.40555 0.00815 0.00678 ( 1)
  43 V   0.02652 0.94787 0.00064 0.02497 ( 2)
  44 D   0.10895 0.87048 0.00286 0.01772 ( 2)
  45 K   0.94611 0.04724 0.00607 0.00058 ( 1)
  46 K   0.98742 0.00584 0.00667 0.00007 ( 1)
  47 I   0.99200 0.00146 0.00653 0.00002 ( 1)
  48 L   0.03053 0.91905 0.00808 0.04234 ( 2)
  49 E   0.85938 0.13187 0.00711 0.00164 ( 1)
  50 S   0.72005 0.27442 0.00343 0.00210 ( 1)
  51 K   0.76385 0.22396 0.00761 0.00458 ( 1)
  52 R   0.78506 0.15521 0.05000 0.00972 ( 1)
  53 G   0.03226 0.95260 0.00035 0.01480 ( 2)
  54 E   0.65830 0.33005 0.00630 0.00536 ( 1)
  55 A   0.97803 0.01045 0.01134 0.00018 ( 1)
  56 T   0.40766 0.52988 0.04371 0.01874 ( 2)
  57 A   0.96391 0.02251 0.01314 0.00044 ( 1)
  58 R   0.96275 0.02992 0.00697 0.00036 ( 1)
  59 W   0.96013 0.02546 0.01396 0.00045 ( 1)
  60 Q   0.84247 0.15001 0.00588 0.00164 ( 1)
  61 G   0.97325 0.01926 0.00726 0.00023 ( 1)
  62 I   0.98539 0.00736 0.00715 0.00010 ( 1)
  63 Q   0.99110 0.00201 0.00687 0.00002 ( 1)
  64 R   0.00018 0.88180 0.00016 0.11786 ( 2)
  65 L   0.01486 0.79574 0.02503 0.16438 ( 2)
  66 G   0.39863 0.58765 0.00379 0.00993 ( 2)
  67 R   0.02325 0.88627 0.00187 0.08862 ( 2)
  68 D   0.21933 0.05615 0.71107 0.01345 ( 3)
  69 Y   0.87781 0.11208 0.00834 0.00177 ( 1)
  70 Y   0.04048 0.93925 0.00049 0.01978 ( 2)
  71 S   0.00078 0.91660 0.00033 0.08229 ( 2)
  72 A   0.05425 0.01018 0.93077 0.00480 ( 3)
  73 L   0.63927 0.33909 0.01232 0.00932 ( 1)
  74 C   0.98078 0.00493 0.01419 0.00009 ( 1)
  75 D   0.96771 0.02418 0.00782 0.00028 ( 1)
  76 W   0.78071 0.20432 0.01135 0.00363 ( 1)
  77 I   0.12443 0.86503 0.00073 0.00982 ( 2)
  78 Q   0.00321 0.75062 0.03206 0.21411 ( 2)
  79 D   0.98553 0.00741 0.00695 0.00011 ( 1)
  80 Q   0.96338 0.02948 0.00679 0.00035 ( 1)
  81 D   0.95746 0.02612 0.01596 0.00046 ( 1)
  82 N   0.98671 0.00054 0.01274 0.00001 ( 1)
  83 A   0.40994 0.56407 0.00979 0.01619 ( 2)
  84 V   0.03827 0.94078 0.00040 0.02055 ( 2)
  85 K   0.83289 0.15371 0.01028 0.00312 ( 1)
  86 K   0.98688 0.00671 0.00632 0.00008 ( 1)
  87 E   0.00004 0.95202 0.00001 0.04793 ( 2)
  88 R   0.38472 0.60739 0.00223 0.00567 ( 2)
  89 L   0.93398 0.05540 0.00980 0.00081 ( 1)
  90 R   0.96273 0.02521 0.01165 0.00040 ( 1)
  91 D   0.99106 0.00307 0.00583 0.00004 ( 1)
  92 A   0.33889 0.65063 0.00237 0.00810 ( 2)
  93 F   0.99334 0.00098 0.00567 0.00001 ( 1)
  94 D   0.99115 0.00297 0.00584 0.00004 ( 1)
  95 D   0.86901 0.12343 0.00626 0.00130 ( 1)
  96 L   0.22066 0.63333 0.07546 0.07055 ( 2)
  97 D   0.83489 0.15581 0.00720 0.00210 ( 1)
  98 D   0.99373 0.00041 0.00585 0.00000 ( 1)
  99 Q   0.05735 0.84908 0.02324 0.07033 ( 2)
 100 L   0.09439 0.06995 0.81160 0.02405 ( 3)
 101 K   0.78139 0.04078 0.17557 0.00226 ( 1)
 102 L   0.04655 0.91695 0.00109 0.03542 ( 2)
 103 A   0.84230 0.14163 0.01313 0.00294 ( 1)
 104 M   0.99057 0.00483 0.00456 0.00004 ( 1)
 105 P   0.98969 0.00342 0.00686 0.00004 ( 1)
 106 F   0.02547 0.23024 0.59328 0.15101 ( 3)
 107 F   0.98413 0.00117 0.01468 0.00002 ( 1)
 108 S   0.00442 0.74061 0.01712 0.23785 ( 2)
 109 V   0.77365 0.11530 0.10548 0.00558 ( 1)
 110 Q   0.36925 0.62139 0.00257 0.00680 ( 2)
 111 G   0.06990 0.01506 0.90969 0.00535 ( 3)
 112 F   0.98581 0.00849 0.00563 0.00008 ( 1)
 113 E   0.99192 0.00082 0.00725 0.00001 ( 1)
 114 L   0.70415 0.28372 0.00691 0.00522 ( 1)
 115 P   0.77027 0.22058 0.00579 0.00336 ( 1)
 116 M   0.99467 0.00075 0.00457 0.00001 ( 1)
 117 L   0.98173 0.00799 0.01016 0.00011 ( 1)
 118 S   0.32971 0.64922 0.00635 0.01471 ( 2)
 119 M   0.99467 0.00075 0.00457 0.00001 ( 1)
 120 Y   0.99033 0.00230 0.00734 0.00003 ( 1)
 121 A   0.98641 0.00232 0.01123 0.00004 ( 1)
 122 Q   0.99110 0.00201 0.00687 0.00002 ( 1)
 123 A   0.99060 0.00211 0.00726 0.00002 ( 1)
 124 A   0.98491 0.00346 0.01157 0.00005 ( 1)
 125 N   0.99439 0.00041 0.00519 0.00000 ( 1)
 126 M   0.97666 0.01871 0.00449 0.00014 ( 1)
 127 H   0.98496 0.00576 0.00920 0.00007 ( 1)
 128 L   0.96319 0.01746 0.01891 0.00044 ( 1)
 129 L   0.69168 0.29323 0.00957 0.00552 ( 1)
 130 L   0.43873 0.54645 0.00576 0.00906 ( 2)
 131 L   0.98173 0.00799 0.01016 0.00011 ( 1)
 132 R   0.84522 0.14352 0.00922 0.00204 ( 1)
 133 D   0.98687 0.00056 0.01255 0.00001 ( 1)
 134 V   0.98911 0.00271 0.00814 0.00004 ( 1)
 135 V   0.96287 0.02543 0.01129 0.00041 ( 1)
 136 Q   0.01247 0.55792 0.19844 0.23117 ( 2)
 137 N   0.98891 0.00586 0.00517 0.00006 ( 1)
 138 G   0.98057 0.00424 0.01509 0.00010 ( 1)
 139 V   0.00052 0.65664 0.00815 0.33469 ( 2)
 140 S   0.15152 0.78924 0.02601 0.03322 ( 2)
 141 W   0.96013 0.02546 0.01396 0.00045 ( 1)
 142 G   0.99186 0.00173 0.00639 0.00002 ( 1)
 143 F   0.98295 0.01133 0.00561 0.00011 ( 1)
 144 A   0.00001 0.87657 0.00004 0.12338 ( 2)
 145 P   0.97766 0.01535 0.00682 0.00018 ( 1)
 146 Y   0.00038 0.93070 0.00015 0.06877 ( 2)
 147 E   0.44780 0.54117 0.00388 0.00715 ( 2)
 148 V   0.97654 0.01523 0.00803 0.00020 ( 1)
 149 D   0.99354 0.00058 0.00588 0.00001 ( 1)
 150 R   0.61177 0.37049 0.00995 0.00779 ( 1)
 151 Y   0.98504 0.00275 0.01216 0.00005 ( 1)
 152 Y   0.99033 0.00230 0.00734 0.00003 ( 1)
 153 F   0.00010 0.88739 0.00007 0.11244 ( 2)
 154 D   0.97192 0.02267 0.00515 0.00026 ( 1)
 155 P   0.00103 0.87654 0.00078 0.12165 ( 2)
 156 S   0.12954 0.81275 0.01882 0.03888 ( 2)
 157 G   0.00031 0.93658 0.00011 0.06301 ( 2)
 158 -   0.67322 0.26989 0.04062 0.01627 ( 1)
 159 Q   0.03687 0.91764 0.00610 0.03939 ( 2)
 160 R   0.03084 0.95185 0.00043 0.01688 ( 2)
 161 S   0.98435 0.00938 0.00614 0.00013 ( 1)
 162 P   0.96588 0.02568 0.00811 0.00033 ( 1)
 163 G   0.98549 0.00397 0.01048 0.00006 ( 1)
 164 L   0.98061 0.00889 0.01037 0.00013 ( 1)
 165 L   0.72003 0.26636 0.00884 0.00477 ( 1)
 166 Q   0.97946 0.01360 0.00679 0.00015 ( 1)
 167 L   0.97977 0.01058 0.00951 0.00014 ( 1)
 168 L   0.93126 0.05802 0.00987 0.00085 ( 1)
 169 G   0.00825 0.53304 0.20424 0.25447 ( 2)
 170 T   0.00076 0.81371 0.00170 0.18383 ( 2)
 171 Y   0.98959 0.00277 0.00762 0.00003 ( 1)
 172 T   0.99240 0.00133 0.00625 0.00001 ( 1)
 173 N   0.95094 0.04062 0.00796 0.00048 ( 1)
 174 Y   0.97551 0.01696 0.00733 0.00020 ( 1)
 175 C   0.98948 0.00399 0.00649 0.00004 ( 1)
 176 V   0.82195 0.14625 0.02661 0.00519 ( 1)
 177 E   0.01535 0.96512 0.00020 0.01934 ( 2)
 178 W   0.96013 0.02546 0.01396 0.00045 ( 1)
 179 Y   0.99033 0.00230 0.00734 0.00003 ( 1)
 180 E   0.95636 0.03793 0.00521 0.00050 ( 1)
 181 K   0.09337 0.80013 0.02871 0.07779 ( 2)
 182 G   0.99173 0.00201 0.00624 0.00002 ( 1)
 183 L   0.98173 0.00799 0.01016 0.00011 ( 1)
 184 Q   0.14071 0.84607 0.00148 0.01174 ( 2)
 185 E   0.11083 0.87680 0.00093 0.01144 ( 2)
 186 Q   0.97926 0.01380 0.00679 0.00015 ( 1)
 187 Y   0.98943 0.00319 0.00734 0.00004 ( 1)
 188 N   0.00366 0.96597 0.00041 0.02996 ( 2)
 189 -   0.67322 0.26989 0.04062 0.01627 ( 1)
 190 -   0.67322 0.26989 0.04062 0.01627 ( 1)
 191 T   0.96746 0.02539 0.00687 0.00027 ( 1)
 192 G   0.92068 0.07287 0.00574 0.00071 ( 1)
 193 R   0.00867 0.90153 0.00442 0.08538 ( 2)
 194 W   0.96013 0.02546 0.01396 0.00045 ( 1)
 195 D   0.36245 0.62479 0.00267 0.01010 ( 2)
 196 K   0.74567 0.24653 0.00478 0.00302 ( 1)
 197 F   0.93756 0.05192 0.00981 0.00071 ( 1)
 198 N   0.99439 0.00041 0.00519 0.00000 ( 1)
 199 N   0.84592 0.14785 0.00458 0.00166 ( 1)
 200 F   0.97675 0.00847 0.01460 0.00018 ( 1)
 201 R   0.98758 0.00497 0.00740 0.00005 ( 1)
 202 R   0.44011 0.44534 0.09308 0.02147 ( 2)
 203 N   0.96428 0.00883 0.02664 0.00024 ( 1)
 204 M   0.99467 0.00075 0.00457 0.00001 ( 1)
 205 T   0.97874 0.01325 0.00783 0.00017 ( 1)
 206 I   0.98533 0.00865 0.00592 0.00010 ( 1)
 207 M   0.37939 0.03584 0.57782 0.00695 ( 3)
 208 V   0.99029 0.00186 0.00782 0.00003 ( 1)
 209 L   0.98381 0.00880 0.00729 0.00010 ( 1)
 210 D   0.99373 0.00041 0.00585 0.00000 ( 1)
 211 T   0.80785 0.18435 0.00573 0.00207 ( 1)
 212 V   0.99070 0.00146 0.00782 0.00002 ( 1)
 213 A   0.87799 0.11123 0.00798 0.00279 ( 1)
 214 I   0.03887 0.88479 0.01216 0.06417 ( 2)
 215 W   0.96013 0.02546 0.01396 0.00045 ( 1)
 216 P   0.99016 0.00293 0.00688 0.00003 ( 1)
 217 T   0.99224 0.00149 0.00625 0.00002 ( 1)

