Supplemental results for CODEML (seqf: algn  treef: tree)


dN/dS (w) for site classes (K=4)

site class             0        1       2a       2b
proportion       0.64788  0.18021  0.13450  0.03741
background w     0.13872  1.00000  0.13872  1.00000
foreground w     0.13872  1.00000  1.00000  1.00000

Naive Empirical Bayes (NEB) probabilities for 4 classes
(amino acids refer to 1st sequence: BT_Cry69Aa1)

   1 -   0.55651 0.22697 0.16941 0.04712 ( 1)
   2 G   0.05680 0.48270 0.36028 0.10021 ( 2)
   3 T   0.08778 0.46685 0.34845 0.09692 ( 2)
   4 G   0.86230 0.07047 0.05260 0.01463 ( 1)
   5 V   0.59132 0.20915 0.15611 0.04342 ( 1)
   6 N   0.65696 0.17556 0.13103 0.03645 ( 1)
   7 I   0.97712 0.01171 0.00874 0.00243 ( 1)
   8 L   0.76460 0.12047 0.08992 0.02501 ( 1)
   9 G   0.77869 0.11326 0.08453 0.02351 ( 1)
  10 R   0.00067 0.51143 0.38172 0.10618 ( 2)
  11 I   0.88302 0.05987 0.04469 0.01243 ( 1)
  12 F   0.99881 0.00061 0.00046 0.00013 ( 1)
  13 G   0.39963 0.30725 0.22933 0.06379 ( 1)
  14 F   0.00178 0.51086 0.38130 0.10606 ( 2)
  15 L   0.81192 0.09626 0.07184 0.01998 ( 1)
  16 W   0.96082 0.02005 0.01497 0.00416 ( 1)
  17 P   0.99438 0.00288 0.00215 0.00060 ( 1)
  18 N   0.00192 0.51079 0.38125 0.10604 ( 2)
  19 P   0.04192 0.49032 0.36597 0.10179 ( 2)
  20 N   0.59388 0.20784 0.15513 0.04315 ( 1)
  21 E   0.85924 0.07203 0.05377 0.01495 ( 1)
  22 L   0.00037 0.51158 0.38184 0.10621 ( 2)
  23 N   0.48009 0.26607 0.19859 0.05524 ( 1)
  24 W   0.76198 0.12181 0.09092 0.02529 ( 1)
  25 V   0.93836 0.03155 0.02355 0.00655 ( 1)
  26 N   0.00642 0.50849 0.37953 0.10557 ( 2)
  27 L   0.62807 0.19035 0.14207 0.03952 ( 1)
  28 I   0.75039 0.12774 0.09535 0.02652 ( 1)
  29 R   0.91332 0.04436 0.03311 0.00921 ( 1)
  30 V   0.15514 0.43238 0.32272 0.08976 ( 2)
  31 V   0.93832 0.03156 0.02356 0.00655 ( 1)
  32 E   0.98376 0.00831 0.00620 0.00173 ( 1)
  33 A   0.00092 0.51130 0.38163 0.10615 ( 2)
  34 L   0.98780 0.00624 0.00466 0.00130 ( 1)
  35 I   0.99563 0.00224 0.00167 0.00046 ( 1)
  36 D   0.02276 0.50012 0.37329 0.10383 ( 2)
  37 Q   0.81888 0.09269 0.06918 0.01924 ( 1)
  38 R   0.00086 0.51133 0.38165 0.10616 ( 2)
  39 I   0.83434 0.08478 0.06328 0.01760 ( 1)
  40 E   0.00005 0.51175 0.38196 0.10624 ( 2)
  41 L   0.00010 0.51172 0.38194 0.10624 ( 2)
  42 Y   0.05454 0.48386 0.36115 0.10045 ( 2)
  43 A   0.45067 0.28113 0.20983 0.05836 ( 1)
  44 I   0.97326 0.01369 0.01022 0.00284 ( 1)
  45 E   0.00100 0.51126 0.38160 0.10614 ( 2)
  46 N   0.36839 0.32324 0.24126 0.06711 ( 1)
  47 A   0.18136 0.41896 0.31270 0.08698 ( 2)
  48 T   0.00163 0.51094 0.38136 0.10607 ( 2)
  49 S   0.00106 0.51123 0.38157 0.10613 ( 2)
  50 K   0.96410 0.01837 0.01371 0.00381 ( 1)
  51 L   0.93674 0.03238 0.02416 0.00672 ( 1)
  52 E   0.44965 0.28165 0.21022 0.05847 ( 1)
  53 G   0.98569 0.00732 0.00547 0.00152 ( 1)
  54 L   0.98156 0.00944 0.00704 0.00196 ( 1)
  55 R   0.66815 0.16983 0.12676 0.03526 ( 1)
  56 S   0.00325 0.51011 0.38074 0.10590 ( 2)
  57 V   0.94514 0.02807 0.02095 0.00583 ( 1)
  58 V   0.65376 0.17720 0.13226 0.03679 ( 1)
  59 S   0.05330 0.48450 0.36162 0.10058 ( 2)
  60 I   0.71465 0.14604 0.10900 0.03032 ( 1)
  61 Y   0.99792 0.00106 0.00079 0.00022 ( 1)
  62 N   0.94663 0.02731 0.02039 0.00567 ( 1)
  63 T   0.03407 0.49433 0.36896 0.10263 ( 2)
  64 A   0.99731 0.00138 0.00103 0.00029 ( 1)
  65 F   0.75742 0.12415 0.09266 0.02577 ( 1)
  66 N   0.00067 0.51143 0.38172 0.10618 ( 2)
  67 H   0.51723 0.24707 0.18441 0.05129 ( 1)
  68 W   0.96082 0.02005 0.01497 0.00416 ( 1)
  69 N   0.63262 0.18801 0.14033 0.03903 ( 1)
  70 A   0.25942 0.37901 0.28289 0.07868 ( 2)
  71 S   0.75834 0.12368 0.09231 0.02568 ( 1)
  72 E   0.74690 0.12953 0.09668 0.02689 ( 1)
  73 A   0.27055 0.37331 0.27864 0.07750 ( 2)
  74 S   0.95339 0.02385 0.01780 0.00495 ( 1)
  75 R   0.99783 0.00111 0.00083 0.00023 ( 1)
  76 R   0.01933 0.50188 0.37460 0.10419 ( 2)
  77 D   0.99310 0.00353 0.00263 0.00073 ( 1)
  78 D   0.00056 0.51149 0.38177 0.10619 ( 2)
  79 A   0.38533 0.31457 0.23479 0.06531 ( 1)
  80 L   0.91303 0.04451 0.03322 0.00924 ( 1)
  81 K   0.93423 0.03366 0.02512 0.00699 ( 1)
  82 E   0.27655 0.37024 0.27634 0.07686 ( 2)
  83 R   0.37173 0.32153 0.23999 0.06675 ( 1)
  84 V   0.99418 0.00298 0.00222 0.00062 ( 1)
  85 R   0.99756 0.00125 0.00093 0.00026 ( 1)
  86 T   0.00427 0.50959 0.38035 0.10579 ( 2)
  87 T   0.50301 0.25435 0.18984 0.05280 ( 1)
  88 F   0.99814 0.00095 0.00071 0.00020 ( 1)
  89 A   0.23370 0.39217 0.29271 0.08142 ( 2)
  90 D   0.85087 0.07632 0.05696 0.01584 ( 1)
  91 V   0.11336 0.45376 0.33868 0.09420 ( 2)
  92 D   0.99898 0.00052 0.00039 0.00011 ( 1)
  93 S   0.54538 0.23266 0.17366 0.04830 ( 1)
  94 A   0.94560 0.02784 0.02078 0.00578 ( 1)
  95 L   0.96887 0.01593 0.01189 0.00331 ( 1)
  96 A   0.94061 0.03040 0.02269 0.00631 ( 1)
  97 A   0.00002 0.51176 0.38197 0.10625 ( 2)
  98 A   0.07346 0.47418 0.35392 0.09844 ( 2)
  99 I   0.65591 0.17609 0.13143 0.03656 ( 1)
 100 P   0.99553 0.00229 0.00171 0.00047 ( 1)
 101 Q   0.70915 0.14885 0.11110 0.03090 ( 1)
 102 F   0.99881 0.00061 0.00046 0.00013 ( 1)
 103 R   0.99684 0.00162 0.00121 0.00034 ( 1)
 104 Q   0.59932 0.20506 0.15305 0.04257 ( 1)
 105 N   0.00030 0.51162 0.38187 0.10622 ( 2)
 106 R   0.01940 0.50184 0.37457 0.10419 ( 2)
 107 F   0.91849 0.04171 0.03114 0.00866 ( 1)
 108 Q   0.96797 0.01639 0.01223 0.00340 ( 1)
 109 Q   0.30935 0.35345 0.26381 0.07338 ( 2)
 110 Q   0.99495 0.00258 0.00193 0.00054 ( 1)
 111 L   0.60341 0.20296 0.15149 0.04214 ( 1)
 112 L   0.98301 0.00869 0.00649 0.00180 ( 1)
 113 L   0.39250 0.31090 0.23205 0.06455 ( 1)
 114 V   0.94730 0.02697 0.02013 0.00560 ( 1)
 115 Y   0.99792 0.00106 0.00079 0.00022 ( 1)
 116 A   0.96374 0.01855 0.01385 0.00385 ( 1)
 117 Q   0.92361 0.03910 0.02918 0.00812 ( 1)
 118 A   0.99170 0.00425 0.00317 0.00088 ( 1)
 119 A   0.96038 0.02027 0.01513 0.00421 ( 1)
 120 N   0.97170 0.01448 0.01081 0.00301 ( 1)
 121 M   0.60395 0.20269 0.15128 0.04208 ( 1)
 122 H   0.99905 0.00049 0.00036 0.00010 ( 1)
 123 L   0.98189 0.00927 0.00692 0.00192 ( 1)
 124 L   0.97621 0.01217 0.00909 0.00253 ( 1)
 125 V   0.91312 0.04447 0.03319 0.00923 ( 1)
 126 L   0.98307 0.00866 0.00647 0.00180 ( 1)
 127 R   0.96553 0.01764 0.01317 0.00366 ( 1)
 128 D   0.99898 0.00052 0.00039 0.00011 ( 1)
 129 A   0.98523 0.00756 0.00564 0.00157 ( 1)
 130 V   0.93292 0.03433 0.02562 0.00713 ( 1)
 131 I   0.93001 0.03582 0.02674 0.00744 ( 1)
 132 H   0.74270 0.13168 0.09828 0.02734 ( 1)
 133 G   0.98446 0.00795 0.00594 0.00165 ( 1)
 134 E   0.00014 0.51170 0.38193 0.10623 ( 2)
 135 A   0.02790 0.49749 0.37132 0.10328 ( 2)
 136 W   0.96082 0.02005 0.01497 0.00416 ( 1)
 137 G   0.99531 0.00240 0.00179 0.00050 ( 1)
 138 Y   0.04860 0.48690 0.36341 0.10108 ( 2)
 139 K   0.12089 0.44990 0.33580 0.09340 ( 2)
 140 S   0.00010 0.51172 0.38194 0.10624 ( 2)
 141 V   0.49980 0.25599 0.19107 0.05315 ( 1)
 142 T   0.84987 0.07683 0.05735 0.01595 ( 1)
 143 V   0.21653 0.40096 0.29927 0.08324 ( 2)
 144 D   0.01169 0.50579 0.37752 0.10501 ( 2)
 145 G   0.46210 0.27528 0.20547 0.05715 ( 1)
 146 F   0.01187 0.50570 0.37745 0.10499 ( 2)
 147 Y   0.99792 0.00106 0.00079 0.00022 ( 1)
 148 D   0.05358 0.48435 0.36151 0.10055 ( 2)
 149 R   0.93677 0.03236 0.02415 0.00672 ( 1)
 150 Q   0.86745 0.06784 0.05063 0.01408 ( 1)
 151 V   0.96340 0.01873 0.01398 0.00389 ( 1)
 152 C   0.11250 0.45420 0.33901 0.09429 ( 2)
 153 L   0.93690 0.03229 0.02410 0.00670 ( 1)
 154 I   0.91891 0.04150 0.03097 0.00862 ( 1)
 155 D   0.31654 0.34978 0.26107 0.07262 ( 2)
 156 A   0.85071 0.07640 0.05703 0.01586 ( 1)
 157 Y   0.99267 0.00375 0.00280 0.00078 ( 1)
 158 T   0.96036 0.02029 0.01514 0.00421 ( 1)
 159 E   0.96480 0.01801 0.01344 0.00374 ( 1)
 160 H   0.99905 0.00049 0.00036 0.00010 ( 1)
 161 C   0.99634 0.00187 0.00140 0.00039 ( 1)
 162 M   0.11955 0.45059 0.33631 0.09355 ( 2)
 163 T   0.00140 0.51106 0.38145 0.10610 ( 2)
 164 F   0.99772 0.00117 0.00087 0.00024 ( 1)
 165 Y   0.99792 0.00106 0.00079 0.00022 ( 1)
 166 R   0.94076 0.03032 0.02263 0.00629 ( 1)
 167 Q   0.98266 0.00888 0.00662 0.00184 ( 1)
 168 G   0.99844 0.00080 0.00060 0.00017 ( 1)
 169 L   0.96639 0.01720 0.01284 0.00357 ( 1)
 170 Q   0.24271 0.38756 0.28927 0.08046 ( 2)
 171 D   0.97197 0.01435 0.01071 0.00298 ( 1)
 172 L   0.68313 0.16217 0.12104 0.03367 ( 1)
 173 R   0.90647 0.04787 0.03573 0.00994 ( 1)
 174 N   0.00249 0.51050 0.38103 0.10598 ( 2)
 175 R   0.37062 0.32210 0.24041 0.06687 ( 1)
 176 G   0.29583 0.36037 0.26898 0.07482 ( 2)
 177 N   0.99801 0.00102 0.00076 0.00021 ( 1)
 178 -   0.68416 0.16164 0.12064 0.03356 ( 1)
 179 -   0.27300 0.37206 0.27770 0.07724 ( 2)
 180 W   0.96082 0.02005 0.01497 0.00416 ( 1)
 181 N   0.96526 0.01778 0.01327 0.00369 ( 1)
 182 A   0.87359 0.06469 0.04829 0.01343 ( 1)
 183 F   0.98629 0.00702 0.00524 0.00146 ( 1)
 184 N   0.99801 0.00102 0.00076 0.00021 ( 1)
 185 N   0.99665 0.00171 0.00128 0.00036 ( 1)
 186 Y   0.99792 0.00106 0.00079 0.00022 ( 1)
 187 R   0.99783 0.00111 0.00083 0.00023 ( 1)
 188 R   0.99756 0.00125 0.00093 0.00026 ( 1)
 189 N   0.19547 0.41174 0.30731 0.08548 ( 2)
 190 M   0.99908 0.00047 0.00035 0.00010 ( 1)
 191 T   0.97530 0.01264 0.00944 0.00262 ( 1)
 192 I   0.78556 0.10974 0.08191 0.02278 ( 1)
 193 A   0.12879 0.44586 0.33278 0.09256 ( 2)
 194 L   0.93005 0.03580 0.02672 0.00743 ( 1)
 195 L   0.97915 0.01067 0.00797 0.00222 ( 1)
 196 D   0.99793 0.00106 0.00079 0.00022 ( 1)
 197 I   0.84353 0.08008 0.05977 0.01662 ( 1)
 198 I   0.99153 0.00434 0.00324 0.00090 ( 1)
 199 S   0.97474 0.01293 0.00965 0.00268 ( 1)
 200 L   0.98529 0.00753 0.00562 0.00156 ( 1)
 201 F   0.99881 0.00061 0.00046 0.00013 ( 1)
 202 S   0.55872 0.22584 0.16856 0.04689 ( 1)
 203 N   0.61738 0.19582 0.14615 0.04065 ( 1)


lnL = -2921.045348

