Supplemental results for CODEML (seqf: algn  treef: tree)


dN/dS (w) for site classes (K=4)

site class             0        1       2a       2b
proportion       0.45432  0.35437  0.10748  0.08383
background w     0.04089  0.64614  0.04089  0.64614
foreground w     0.04089  0.64614 999.00000 999.00000

Naive Empirical Bayes (NEB) probabilities for 4 classes
(amino acids refer to 1st sequence: BT_Cry7Ba1)

   1 -   0.45432 0.35437 0.10748 0.08383 ( 1)
   2 -   0.07960 0.72909 0.01883 0.17247 ( 2)
   3 -   0.50033 0.30836 0.11836 0.07295 ( 1)
   4 -   0.53799 0.27070 0.12727 0.06404 ( 1)
   5 -   0.00144 0.73536 0.02223 0.24097 ( 2)
   6 S   0.02802 0.95258 0.00045 0.01896 ( 2)
   7 K   0.02750 0.93821 0.00061 0.03368 ( 2)
   8 I   0.09864 0.87114 0.00246 0.02776 ( 2)
   9 L   0.79533 0.17351 0.02535 0.00581 ( 1)
  10 K   0.74729 0.22891 0.01601 0.00780 ( 1)
  11 E   0.00102 0.96871 0.00003 0.03025 ( 2)
  12 I   0.89642 0.05447 0.04603 0.00307 ( 1)
  13 L   0.30993 0.07736 0.55302 0.05968 ( 3)
  14 D   0.62893 0.31391 0.03633 0.02084 ( 1)
  15 Y   0.00363 0.96922 0.00008 0.02707 ( 2)
  16 L   0.90770 0.07071 0.01968 0.00191 ( 1)
  17 W   0.77328 0.18096 0.03705 0.00870 ( 1)
  18 P   0.81476 0.14346 0.03549 0.00629 ( 1)
  19 S   0.04290 0.80174 0.00743 0.14792 ( 2)
  20 S   0.91157 0.06962 0.01730 0.00150 ( 1)
  21 S   0.23430 0.43223 0.08005 0.25341 ( 2)
  22 S   0.00027 0.04173 0.53966 0.41834 ( 3)
  23 S   0.00029 0.04706 0.53311 0.41954 ( 3)
  24 N   0.08791 0.81255 0.04543 0.05411 ( 2)
  25 S   0.35505 0.62182 0.00800 0.01512 ( 2)
  26 W   0.77328 0.18096 0.03705 0.00870 ( 1)
  27 E   0.00295 0.37868 0.24087 0.37751 ( 2)
  28 E   0.03747 0.21786 0.69883 0.04585 ( 3)
  29 M   0.31960 0.66878 0.00315 0.00847 ( 2)
  30 M   0.97534 0.01697 0.00752 0.00017 ( 1)
  31 K   0.04140 0.63870 0.13953 0.18037 ( 2)
  32 E   0.00022 0.82615 0.00050 0.17313 ( 2)
  33 V   0.94022 0.03815 0.02022 0.00142 ( 1)
  34 E   0.92670 0.03867 0.03253 0.00210 ( 1)
  35 Y   0.04655 0.50514 0.03137 0.41694 ( 2)
  36 L   0.89239 0.09600 0.01038 0.00124 ( 1)
  37 I   0.94867 0.03382 0.01663 0.00088 ( 1)
  38 D   0.78619 0.19418 0.01413 0.00549 ( 1)
  39 K   0.57307 0.36523 0.03314 0.02856 ( 1)
  40 K   0.95263 0.02827 0.01818 0.00092 ( 1)
  41 I   0.95626 0.02596 0.01694 0.00084 ( 1)
  42 E   0.00798 0.12346 0.81499 0.05358 ( 3)
  43 E   0.94104 0.03796 0.01967 0.00133 ( 1)
  44 Y   0.00000 0.15025 0.00236 0.84738 ( 4)
  45 A   0.52007 0.35467 0.07609 0.04917 ( 1)
  46 R   0.00003 0.02752 0.93996 0.03249 ( 3)
  47 N   0.00000 0.00040 0.94416 0.05544 ( 3)
  48 K   0.00005 0.03938 0.90256 0.05802 ( 3)
  49 A   0.95734 0.02833 0.01369 0.00064 ( 1)
  50 L   0.93459 0.05383 0.01085 0.00073 ( 1)
  51 A   0.00184 0.54133 0.16584 0.29098 ( 2)
  52 V   0.04220 0.79712 0.00938 0.15130 ( 2)
  53 L   0.84418 0.12639 0.02542 0.00400 ( 1)
  54 E   0.04342 0.91743 0.00118 0.03797 ( 2)
  55 G   0.00755 0.66375 0.01368 0.31501 ( 2)
  56 I   0.09850 0.86613 0.00245 0.03292 ( 2)
  57 G   0.95313 0.03538 0.01097 0.00053 ( 1)
  58 N   0.00069 0.60737 0.05451 0.33743 ( 2)
  59 A   0.82542 0.11802 0.04934 0.00722 ( 1)
  60 V   0.37999 0.56233 0.02120 0.03648 ( 2)
  61 E   0.07034 0.87381 0.00350 0.05235 ( 2)
  62 S   0.00090 0.30426 0.16472 0.53013 ( 4)
  63 Y   0.93319 0.04968 0.01605 0.00108 ( 1)
  64 Y   0.06009 0.91275 0.00137 0.02580 ( 2)
  65 S   0.01562 0.41106 0.27470 0.29862 ( 2)
  66 A   0.95734 0.02833 0.01369 0.00064 ( 1)
  67 L   0.56797 0.40690 0.01356 0.01157 ( 1)
  68 E   0.03496 0.20539 0.72125 0.03840 ( 3)
  69 A   0.33706 0.33607 0.11173 0.21514 ( 1)
  70 W   0.77328 0.18096 0.03705 0.00870 ( 1)
  71 E   0.62184 0.34943 0.01536 0.01336 ( 1)
  72 -   0.01747 0.47884 0.34010 0.16359 ( 2)
  73 L   0.00183 0.84091 0.00207 0.15520 ( 2)
  74 E   0.01794 0.55041 0.00709 0.42456 ( 2)
  75 S   0.00003 0.07563 0.04305 0.88129 ( 4)
  76 S   0.00019 0.47687 0.03795 0.48499 ( 4)
  77 E   0.00007 0.27778 0.01633 0.70582 ( 4)
  78 R   0.00000 0.00327 0.86050 0.13623 ( 3)
  79 S   0.97005 0.02262 0.00712 0.00021 ( 1)
  80 L   0.05551 0.86369 0.00404 0.07675 ( 2)
  81 E   0.00000 0.00240 0.92845 0.06915 ( 3)
  82 L   0.00000 0.01223 0.88560 0.10217 ( 3)
  83 V   0.94022 0.03815 0.02022 0.00142 ( 1)
  84 L   0.00247 0.75098 0.00090 0.24566 ( 2)
  85 E   0.00664 0.91778 0.00152 0.07406 ( 2)
  86 R   0.91122 0.06658 0.02064 0.00156 ( 1)
  87 Y   0.43185 0.50005 0.03136 0.03674 ( 2)
  88 Q   0.00000 0.73387 0.00000 0.26613 ( 2)
  89 F   0.00357 0.94971 0.00119 0.04554 ( 2)
  90 A   0.87040 0.10024 0.02618 0.00318 ( 1)
  91 V   0.00046 0.11900 0.37720 0.50334 ( 4)
  92 Q   0.55825 0.40510 0.01892 0.01773 ( 1)
  93 F   0.01678 0.72164 0.09860 0.16299 ( 2)
  94 A   0.07875 0.89406 0.00162 0.02557 ( 2)
  95 R   0.88113 0.10748 0.00973 0.00166 ( 1)
  96 S   0.00212 0.60663 0.10224 0.28902 ( 2)
  97 S   0.00013 0.94124 0.00006 0.05856 ( 2)
  98 M   0.97534 0.01697 0.00752 0.00017 ( 1)
  99 P   0.02533 0.95875 0.00034 0.01558 ( 2)
 100 S   0.00000 0.00378 0.91898 0.07725 ( 3)
 101 F   0.90848 0.04475 0.04468 0.00209 ( 1)
 102 A   0.00000 0.00738 0.86796 0.12466 ( 3)
 103 I   0.00016 0.19139 0.35203 0.45642 ( 4)
 104 I   0.00046 0.81059 0.00053 0.18842 ( 2)
 105 N   0.07899 0.63108 0.01425 0.27567 ( 2)
 106 Y   0.56486 0.41396 0.01109 0.01009 ( 1)
 107 E   0.95013 0.02911 0.01971 0.00104 ( 1)
 108 I   0.94487 0.03781 0.01634 0.00097 ( 1)
 109 P   0.79306 0.13049 0.06562 0.01083 ( 1)
 110 L   0.79049 0.14865 0.05095 0.00992 ( 1)
 111 L   0.89872 0.07958 0.01958 0.00213 ( 1)
 112 A   0.95734 0.02833 0.01369 0.00064 ( 1)
 113 T   0.95868 0.02825 0.01250 0.00057 ( 1)
 114 Y   0.93319 0.04968 0.01605 0.00108 ( 1)
 115 A   0.95037 0.03524 0.01363 0.00076 ( 1)
 116 N   0.11708 0.85677 0.00217 0.02399 ( 2)
 117 A   0.94491 0.04079 0.01353 0.00077 ( 1)
 118 A   0.94578 0.03969 0.01368 0.00085 ( 1)
 119 N   0.96433 0.02148 0.01366 0.00052 ( 1)
 120 V   0.43886 0.53373 0.01001 0.01741 ( 2)
 121 H   0.96597 0.02525 0.00849 0.00029 ( 1)
 122 L   0.86183 0.08568 0.04752 0.00498 ( 1)
 123 L   0.61260 0.37361 0.00818 0.00561 ( 1)
 124 L   0.90241 0.07532 0.02018 0.00208 ( 1)
 125 M   0.73574 0.25509 0.00626 0.00291 ( 1)
 126 R   0.72594 0.26302 0.00739 0.00364 ( 1)
 127 D   0.96282 0.02174 0.01486 0.00058 ( 1)
 128 I   0.00331 0.90546 0.00776 0.08348 ( 2)
 129 Q   0.94472 0.04262 0.01202 0.00065 ( 1)
 130 I   0.95176 0.02996 0.01732 0.00096 ( 1)
 131 Y   0.84011 0.10036 0.05308 0.00645 ( 1)
 132 G   0.87250 0.10234 0.02246 0.00271 ( 1)
 133 D   0.16536 0.72618 0.01972 0.08874 ( 2)
 134 R   0.01321 0.96922 0.00016 0.01741 ( 2)
 135 W   0.77328 0.18096 0.03705 0.00870 ( 1)
 136 G   0.11024 0.86747 0.00119 0.02110 ( 2)
 137 I   0.04588 0.91715 0.00101 0.03596 ( 2)
 138 S   0.00299 0.96691 0.00069 0.02941 ( 2)
 139 Q   0.01038 0.09946 0.84400 0.04616 ( 3)
 140 N   0.00013 0.58851 0.00221 0.40915 ( 2)
 141 D   0.96282 0.02174 0.01486 0.00058 ( 1)
 142 M   0.08144 0.81198 0.01006 0.09652 ( 2)
 143 N   0.00464 0.63433 0.13353 0.22750 ( 2)
 144 L   0.77402 0.16340 0.05151 0.01107 ( 1)
 145 F   0.00299 0.05177 0.88195 0.06329 ( 3)
 146 L   0.05750 0.91152 0.00155 0.02943 ( 2)
 147 K   0.00000 0.00531 0.63469 0.35999 ( 3)
 148 E   0.95013 0.02911 0.01971 0.00104 ( 1)
 149 Q   0.94472 0.04262 0.01202 0.00065 ( 1)
 150 E   0.62343 0.34808 0.01484 0.01366 ( 1)
 151 I   0.00018 0.52399 0.00217 0.47367 ( 2)
 152 Y   0.49491 0.34907 0.07040 0.08561 ( 1)
 153 T   0.80855 0.10717 0.07428 0.01001 ( 1)
 154 S   0.00140 0.96530 0.00006 0.03325 ( 2)
 155 E   0.95013 0.02911 0.01971 0.00104 ( 1)
 156 Y   0.89924 0.08352 0.01553 0.00171 ( 1)
 157 S   0.37819 0.51898 0.03030 0.07253 ( 2)
 158 E   0.04362 0.19209 0.72500 0.03930 ( 3)
 159 H   0.50620 0.48248 0.00466 0.00667 ( 1)
 160 C   0.83102 0.11135 0.05078 0.00685 ( 1)
 161 V   0.00521 0.92384 0.00147 0.06948 ( 2)
 162 K   0.67264 0.28160 0.02860 0.01715 ( 1)
 163 W   0.00010 0.47276 0.00387 0.52327 ( 4)
 164 Y   0.93319 0.04968 0.01605 0.00108 ( 1)
 165 N   0.96433 0.02148 0.01366 0.00052 ( 1)
 166 E   0.64707 0.33047 0.01401 0.00846 ( 1)
 167 G   0.95571 0.03354 0.01024 0.00050 ( 1)
 168 L   0.90459 0.07352 0.01989 0.00201 ( 1)
 169 N   0.96433 0.02148 0.01366 0.00052 ( 1)
 170 Q   0.50360 0.48240 0.00642 0.00758 ( 1)
 171 L   0.87001 0.10027 0.02650 0.00323 ( 1)
 172 K   0.95263 0.02827 0.01818 0.00092 ( 1)
 173 T   0.08992 0.56721 0.21265 0.13023 ( 2)
 174 K   0.75296 0.22388 0.01499 0.00818 ( 1)
 175 G   0.10711 0.66014 0.14591 0.08684 ( 2)
 176 G   0.85779 0.08983 0.04737 0.00501 ( 1)
 177 A   0.00306 0.71030 0.10219 0.18446 ( 2)
 178 S   0.66687 0.32513 0.00491 0.00309 ( 1)
 179 G   0.48589 0.50168 0.00539 0.00704 ( 2)
 180 L   0.03655 0.93019 0.00107 0.03220 ( 2)
 181 V   0.03988 0.92573 0.00098 0.03341 ( 2)
 182 W   0.77328 0.18096 0.03705 0.00870 ( 1)
 183 E   0.04694 0.92522 0.00118 0.02666 ( 2)
 184 N   0.03136 0.94069 0.00059 0.02737 ( 2)
 185 Y   0.56486 0.41396 0.01109 0.01009 ( 1)
 186 N   0.94448 0.04152 0.01334 0.00066 ( 1)
 187 S   0.28771 0.68154 0.00931 0.02143 ( 2)
 188 F   0.87722 0.10009 0.02030 0.00238 ( 1)
 189 R   0.90847 0.07813 0.01232 0.00108 ( 1)
 190 T   0.58150 0.40054 0.00903 0.00893 ( 1)
 191 E   0.95013 0.02911 0.01971 0.00104 ( 1)
 192 M   0.97534 0.01697 0.00752 0.00017 ( 1)
 193 T   0.95606 0.03073 0.01259 0.00061 ( 1)
 194 I   0.19365 0.76148 0.00871 0.03616 ( 2)
 195 M   0.00133 0.36321 0.32434 0.31112 ( 2)
 196 V   0.90984 0.04663 0.04086 0.00266 ( 1)
 197 L   0.88692 0.09038 0.02018 0.00252 ( 1)
 198 D   0.96282 0.02174 0.01486 0.00058 ( 1)
 199 L   0.05459 0.68390 0.10386 0.15765 ( 2)
 200 V   0.90574 0.05044 0.04100 0.00282 ( 1)
 201 A   0.47229 0.51027 0.00691 0.01054 ( 2)
 202 I   0.06093 0.70779 0.11516 0.11612 ( 2)
 203 F   0.93859 0.04769 0.01287 0.00085 ( 1)
 204 P   0.41701 0.57220 0.00432 0.00648 ( 2)
 205 A   0.00000 0.04690 0.02202 0.93108 ( 4)


lnL = -2154.318700

