Supplemental results for CODEML (seqf: algn  treef: tree)


dN/dS (w) for site classes (K=4)

site class             0        1       2a       2b
proportion       0.62744  0.18962  0.14048  0.04246
background w     0.13439  1.98594  0.13439  1.98594
foreground w     0.13439  1.98594 999.00000 999.00000

Naive Empirical Bayes (NEB) probabilities for 4 classes
(amino acids refer to 1st sequence: BT_Cry30Aa1)

   1 -   0.62744 0.18962 0.14048 0.04246 ( 1)
   2 -   0.62744 0.18962 0.14048 0.04246 ( 1)
   3 R   0.97896 0.00169 0.01918 0.00017 ( 1)
   4 I   0.97518 0.00053 0.02424 0.00005 ( 1)
   5 T   0.97864 0.00057 0.02071 0.00007 ( 1)
   6 Q   0.99017 0.00040 0.00942 0.00001 ( 1)
   7 I   0.95940 0.00042 0.04010 0.00009 ( 1)
   8 P   0.98883 0.00040 0.01075 0.00002 ( 1)
   9 A   0.97300 0.00025 0.02669 0.00005 ( 1)
  10 V   0.98555 0.00027 0.01416 0.00002 ( 1)
  11 K   0.97551 0.00031 0.02416 0.00003 ( 1)
  12 A   0.96685 0.00029 0.03280 0.00007 ( 1)
  13 Y   0.02372 0.79334 0.00531 0.17763 ( 2)
  14 S   0.05446 0.76260 0.01219 0.17075 ( 2)
  15 L   0.83655 0.14192 0.01262 0.00891 ( 1)
  16 T   0.20583 0.60673 0.10450 0.08294 ( 2)
  17 S   0.79769 0.15294 0.03566 0.01371 ( 1)
  18 P   0.00031 0.00928 0.97848 0.01193 ( 3)
  19 -   0.51326 0.32463 0.12825 0.03386 ( 1)
  20 -   0.62744 0.18962 0.14048 0.04246 ( 1)
  21 A   0.84736 0.00299 0.14875 0.00090 ( 1)
  22 R   0.92900 0.04278 0.02275 0.00546 ( 1)
  23 V   0.00099 0.00873 0.98749 0.00279 ( 3)
  24 I   0.95729 0.00045 0.04221 0.00005 ( 1)
  25 V   0.00434 0.29276 0.63829 0.06461 ( 3)
  26 G   0.47043 0.01838 0.50910 0.00209 ( 3)
  27 P   0.94455 0.00059 0.05481 0.00005 ( 1)
  28 G   0.95000 0.00064 0.04931 0.00005 ( 1)
  29 H   0.97491 0.00909 0.01549 0.00051 ( 1)
  30 T   0.97830 0.00061 0.02102 0.00007 ( 1)
  31 G   0.99280 0.00027 0.00691 0.00001 ( 1)
  32 G   0.99279 0.00028 0.00691 0.00001 ( 1)
  33 D   0.98808 0.00014 0.01177 0.00001 ( 1)
  34 L   0.98586 0.00117 0.01292 0.00005 ( 1)
  35 V   0.42847 0.01794 0.55077 0.00283 ( 3)
  36 A   0.56795 0.03295 0.39187 0.00723 ( 1)
  37 L   0.98380 0.00123 0.01492 0.00005 ( 1)
  38 L   0.77608 0.04098 0.17376 0.00918 ( 1)
  39 N   0.76410 0.05296 0.17108 0.01186 ( 1)
  40 S   0.01002 0.80704 0.00224 0.18070 ( 2)
  41 G   0.01522 0.80184 0.00341 0.17953 ( 2)
  42 T   0.18999 0.62707 0.04254 0.14040 ( 2)
  43 Q   0.53237 0.28469 0.11920 0.06374 ( 1)
  44 S   0.02360 0.79346 0.00528 0.17766 ( 2)
  45 G   0.99320 0.00014 0.00665 0.00001 ( 1)
  46 T   0.01007 0.66152 0.01606 0.31235 ( 2)
  47 M   0.00106 0.02294 0.94957 0.02643 ( 3)
  48 Q   0.00041 0.17458 0.62042 0.20459 ( 3)
  49 I   0.95996 0.01601 0.02199 0.00204 ( 1)
  50 Q   0.08817 0.76862 0.02968 0.11352 ( 2)
  51 C   0.05210 0.01132 0.92871 0.00787 ( 3)
  52 K   0.14103 0.06800 0.78205 0.00892 ( 3)
  53 T   0.36748 0.02202 0.60324 0.00726 ( 3)
  54 G   0.72071 0.09358 0.15525 0.03046 ( 1)
  55 S   0.96287 0.00816 0.02802 0.00095 ( 1)
  56 F   0.90159 0.04299 0.04858 0.00683 ( 1)
  57 T   0.44665 0.02379 0.52475 0.00481 ( 3)
  58 G   0.32175 0.52474 0.07944 0.07408 ( 2)
  59 P   0.20674 0.61032 0.04629 0.13665 ( 2)
  60 S   0.97213 0.01580 0.01119 0.00088 ( 1)
  61 R   0.98432 0.00310 0.01246 0.00011 ( 1)
  62 Q   0.01638 0.81711 0.02122 0.14529 ( 2)
  63 Y   0.78964 0.00941 0.19880 0.00214 ( 1)
  64 G   0.99178 0.00199 0.00618 0.00005 ( 1)
  65 L   0.64145 0.22218 0.10515 0.03122 ( 1)
  66 R   0.99227 0.00238 0.00530 0.00005 ( 1)
  67 M   0.95775 0.01762 0.02237 0.00226 ( 1)
  68 R   0.99444 0.00025 0.00530 0.00001 ( 1)
  69 Y   0.98957 0.00023 0.01019 0.00001 ( 1)
  70 A   0.98676 0.00022 0.01300 0.00002 ( 1)
  71 A   0.98639 0.00035 0.01323 0.00004 ( 1)
  72 N   0.98901 0.00021 0.01076 0.00002 ( 1)
  73 S   0.54024 0.18837 0.24040 0.03098 ( 1)
  74 A   0.55909 0.37867 0.01407 0.04816 ( 1)
  75 F   0.84976 0.08877 0.05506 0.00641 ( 1)
  76 T   0.96790 0.01580 0.01530 0.00099 ( 1)
  77 V   0.39799 0.32489 0.23792 0.03920 ( 1)
  78 S   0.81307 0.16919 0.01143 0.00632 ( 1)
  79 L   0.89392 0.02188 0.08065 0.00355 ( 1)
  80 S   0.00480 0.11670 0.83587 0.04264 ( 3)
  81 Y   0.82929 0.12396 0.04024 0.00651 ( 1)
  82 T   0.18328 0.63378 0.04104 0.14190 ( 2)
  83 L   0.50285 0.31421 0.11259 0.07035 ( 1)
  84 L   0.00014 0.81692 0.00003 0.18291 ( 2)
  85 -   0.75541 0.06165 0.16914 0.01380 ( 1)
  86 G   0.33687 0.56788 0.03337 0.06189 ( 2)
  87 Q   0.00063 0.80983 0.00118 0.18836 ( 2)
  88 T   0.92864 0.04357 0.02221 0.00559 ( 1)
  89 R   0.00000 0.85820 0.00000 0.14179 ( 2)
  90 G   0.95492 0.02671 0.01572 0.00265 ( 1)
  91 T   0.51763 0.45023 0.01637 0.01577 ( 1)
  92 S   0.97744 0.01119 0.01061 0.00075 ( 1)
  93 F   0.00656 0.08773 0.86775 0.03796 ( 3)
  94 V   0.01793 0.95684 0.00013 0.02510 ( 2)
  95 T   0.90272 0.07111 0.02382 0.00234 ( 1)
  96 E   0.98881 0.00023 0.01094 0.00002 ( 1)
  97 N   0.00007 0.41898 0.02626 0.55469 ( 4)
  98 T   0.96118 0.00140 0.03734 0.00008 ( 1)
  99 F   0.98660 0.00121 0.01212 0.00007 ( 1)
 100 S   0.80799 0.17180 0.00869 0.01152 ( 1)
 101 R   0.97287 0.00293 0.02382 0.00037 ( 1)
 102 S   0.00062 0.89609 0.00014 0.10315 ( 2)
 103 N   0.98155 0.00016 0.01827 0.00002 ( 1)
 104 N   0.98434 0.00132 0.01424 0.00010 ( 1)
 105 I   0.71323 0.10383 0.15969 0.02325 ( 1)
 106 I   0.80997 0.00709 0.18135 0.00159 ( 1)
 107 P   0.79804 0.01902 0.17868 0.00426 ( 1)
 108 T   0.97066 0.01482 0.01407 0.00045 ( 1)
 109 D   0.93552 0.00104 0.06329 0.00014 ( 1)
 110 L   0.96807 0.00246 0.02939 0.00009 ( 1)
 111 K   0.39235 0.04315 0.55738 0.00712 ( 3)
 112 Y   0.96715 0.01939 0.01210 0.00136 ( 1)
 113 E   0.00577 0.03602 0.95042 0.00778 ( 3)
 114 E   0.86772 0.06454 0.05897 0.00877 ( 1)
 115 F   0.99031 0.00012 0.00956 0.00001 ( 1)
 116 K   0.87816 0.00385 0.11741 0.00057 ( 1)
 117 Y   0.98957 0.00023 0.01019 0.00001 ( 1)
 118 K   0.97581 0.00417 0.01965 0.00037 ( 1)
 119 D   0.98416 0.00457 0.01093 0.00034 ( 1)
 120 Y   0.39340 0.10099 0.48775 0.01787 ( 3)
 121 L   0.00003 0.80782 0.00016 0.19200 ( 2)
 122 Q   0.89115 0.03667 0.06575 0.00643 ( 1)
 123 I   0.64960 0.00530 0.34433 0.00077 ( 1)
 124 I   0.70971 0.00959 0.27908 0.00161 ( 1)
 125 T   0.97829 0.00507 0.01645 0.00020 ( 1)
 126 M   0.75276 0.14546 0.08241 0.01938 ( 1)
 127 T   0.95579 0.00606 0.03757 0.00058 ( 1)
 128 L   0.00002 0.81772 0.00089 0.18137 ( 2)
 129 P   0.98877 0.00046 0.01075 0.00002 ( 1)
 130 -   0.39601 0.42292 0.14582 0.03524 ( 2)
 131 A   0.72159 0.25130 0.00829 0.01882 ( 1)
 132 N   0.73427 0.00218 0.26326 0.00029 ( 1)
 133 T   0.65465 0.14029 0.19274 0.01232 ( 1)
 134 I   0.01846 0.06911 0.87605 0.03638 ( 3)
 135 I   0.66036 0.11316 0.21142 0.01506 ( 1)
 136 T   0.98801 0.00072 0.01120 0.00007 ( 1)
 137 I   0.97887 0.00048 0.02059 0.00006 ( 1)
 138 S   0.02024 0.56948 0.11716 0.29312 ( 2)
 139 M   0.14501 0.67280 0.05593 0.12626 ( 2)
 140 Q   0.00233 0.79136 0.00041 0.20590 ( 2)
 141 Q   0.00033 0.00447 0.99339 0.00181 ( 3)
 142 A   0.00179 0.89459 0.00055 0.10307 ( 2)
 143 T   0.00260 0.74682 0.00209 0.24849 ( 2)
 144 G   0.00010 0.79802 0.00021 0.20166 ( 2)
 145 L   0.00002 0.88806 0.00003 0.11189 ( 2)
 146 L   0.00442 0.81264 0.00099 0.18195 ( 2)
 147 N   0.81299 0.00407 0.18203 0.00091 ( 1)
 148 N   0.07854 0.73852 0.01759 0.16535 ( 2)
 149 Q   0.79013 0.02693 0.17691 0.00603 ( 1)
 150 L   0.85425 0.03591 0.10411 0.00573 ( 1)
 151 I   0.97861 0.00037 0.02098 0.00005 ( 1)
 152 I   0.97880 0.00038 0.02078 0.00004 ( 1)
 153 D   0.98299 0.00186 0.01511 0.00005 ( 1)
 154 R   0.12215 0.00640 0.86959 0.00186 ( 3)
 155 I   0.94959 0.01355 0.03606 0.00081 ( 1)
 156 E   0.98889 0.00016 0.01094 0.00001 ( 1)
 157 F   0.96537 0.01033 0.02397 0.00034 ( 1)
 158 Y   0.91021 0.05006 0.03676 0.00297 ( 1)
 159 P   0.81512 0.00194 0.18250 0.00043 ( 1)


lnL = -2055.404166

