Supplemental results for CODEML (seqf: algn  treef: tree)


dN/dS (w) for site classes (K=4)

site class             0        1       2a       2b
proportion       0.47068  0.23188  0.19926  0.09817
background w     0.26668  3.07316  0.26668  3.07316
foreground w     0.26668  3.07316  0.00000  0.00000

Naive Empirical Bayes (NEB) probabilities for 4 classes
(amino acids refer to 1st sequence: BT_Cry24Da1)

   1 -   0.66859 0.03398 0.28305 0.01439 ( 1)
   2 I   0.43296 0.15247 0.20523 0.20934 ( 1)
   3 D   0.65491 0.00000 0.34509 0.00000 ( 1)
   4 E   0.66537 0.00000 0.33463 0.00000 ( 1)
   5 I   0.65867 0.00000 0.34133 0.00000 ( 1)
   6 T   0.69140 0.00163 0.30585 0.00112 ( 1)
   7 Q   0.67960 0.00000 0.32040 0.00000 ( 1)
   8 I   0.65876 0.00000 0.34124 0.00000 ( 1)
   9 P   0.67162 0.00017 0.32789 0.00031 ( 1)
  10 A   0.67111 0.00000 0.32889 0.00000 ( 1)
  11 V   0.68059 0.00038 0.31863 0.00040 ( 1)
  12 K   0.66610 0.00000 0.33390 0.00000 ( 1)
  13 A   0.66179 0.00000 0.33821 0.00000 ( 1)
  14 F   0.66322 0.00000 0.33678 0.00000 ( 1)
  15 N   0.03949 0.90202 0.00010 0.05839 ( 2)
  16 I   0.99755 0.00054 0.00183 0.00008 ( 1)
  17 -   0.47068 0.23188 0.19926 0.09817 ( 1)
  18 -   0.47068 0.23188 0.19926 0.09817 ( 1)
  19 -   0.47068 0.23188 0.19926 0.09817 ( 1)
  20 S   0.59741 0.39563 0.00043 0.00653 ( 1)
  21 D   0.06974 0.84021 0.00035 0.08969 ( 2)
  22 T   0.00000 0.98034 0.00000 0.01966 ( 2)
  23 G   0.99615 0.00318 0.00062 0.00005 ( 1)
  24 -   0.47068 0.23188 0.19926 0.09817 ( 1)
  25 -   0.47068 0.23188 0.19926 0.09817 ( 1)
  26 A   0.00742 0.97199 0.00027 0.02032 ( 2)
  27 G   0.66435 0.00012 0.33533 0.00021 ( 1)
  28 S   0.00000 0.99784 0.00000 0.00216 ( 2)
  29 V   0.69305 0.00006 0.30684 0.00004 ( 1)
  30 V   0.00073 0.88074 0.00000 0.11853 ( 2)
  31 A   0.66198 0.00005 0.33788 0.00009 ( 1)
  32 G   0.68472 0.00000 0.31528 0.00000 ( 1)
  33 P   0.67154 0.00005 0.32832 0.00009 ( 1)
  34 G   0.66452 0.00000 0.33548 0.00000 ( 1)
  35 H   0.25425 0.49675 0.08020 0.16880 ( 2)
  36 T   0.67016 0.00000 0.32984 0.00000 ( 1)
  37 G   0.67529 0.00000 0.32471 0.00000 ( 1)
  38 G   0.67532 0.00000 0.32468 0.00000 ( 1)
  39 D   0.65491 0.00000 0.34509 0.00000 ( 1)
  40 L   0.66576 0.00286 0.32715 0.00423 ( 1)
  41 I   0.66979 0.00000 0.33020 0.00000 ( 1)
  42 R   0.00009 0.96654 0.00000 0.03336 ( 2)
  43 L   0.68056 0.00000 0.31943 0.00000 ( 1)
  44 P   0.00071 0.47368 0.00034 0.52526 ( 4)
  45 N   0.47068 0.23188 0.19926 0.09817 ( 1)
  46 N   0.00050 0.43389 0.00025 0.56537 ( 4)
  47 N   0.00000 0.96857 0.00000 0.03143 ( 2)
  48 A   0.09311 0.49401 0.04573 0.36715 ( 2)
  49 R   0.99922 0.00013 0.00065 0.00000 ( 1)
  50 L   0.68064 0.00001 0.31934 0.00001 ( 1)
  51 K   0.66537 0.00000 0.33463 0.00000 ( 1)
  52 I   0.66667 0.00000 0.33333 0.00000 ( 1)
  53 R   0.67581 0.00000 0.32419 0.00000 ( 1)
  54 L   0.68056 0.00000 0.31943 0.00000 ( 1)
  55 T   0.61287 0.02701 0.31358 0.04653 ( 1)
  56 P   0.99833 0.00011 0.00155 0.00001 ( 1)
  57 S   0.67052 0.00031 0.32869 0.00048 ( 1)
  58 T   0.00005 0.99150 0.00000 0.00845 ( 2)
  59 S   0.47667 0.18557 0.21084 0.12692 ( 1)
  60 D   0.65506 0.00003 0.34485 0.00006 ( 1)
  61 K   0.66537 0.00000 0.33463 0.00000 ( 1)
  62 R   0.65500 0.00000 0.34500 0.00000 ( 1)
  63 F   0.67860 0.01456 0.29767 0.00916 ( 1)
  64 R   0.68650 0.01003 0.29482 0.00864 ( 1)
  65 V   0.66070 0.00000 0.33930 0.00000 ( 1)
  66 R   0.67067 0.00000 0.32933 0.00000 ( 1)
  67 V   0.99716 0.00043 0.00235 0.00006 ( 1)
  68 R   0.68750 0.00825 0.29942 0.00482 ( 1)
  69 Y   0.68232 0.00000 0.31768 0.00000 ( 1)
  70 A   0.00357 0.51943 0.00166 0.47535 ( 2)
  71 S   0.65841 0.00021 0.34087 0.00052 ( 1)
  72 T   0.00000 0.99872 0.00000 0.00128 ( 2)
  73 T   0.00000 0.53445 0.00000 0.46555 ( 2)
  74 A   0.00000 0.74648 0.00000 0.25352 ( 2)
  75 G   0.66452 0.00000 0.33548 0.00000 ( 1)
  76 R   0.00000 0.98825 0.00000 0.01175 ( 2)
  77 M   0.01072 0.95218 0.00001 0.03709 ( 2)
  78 R   0.00039 0.54944 0.00017 0.45000 ( 2)
  79 I   0.67037 0.00001 0.32960 0.00002 ( 1)
  80 T   0.66065 0.00276 0.33137 0.00522 ( 1)
  81 K   0.67112 0.00001 0.32886 0.00001 ( 1)
  82 Y   0.47068 0.23188 0.19926 0.09817 ( 1)
  83 W   0.69208 0.00169 0.30511 0.00113 ( 1)
  84 S   0.36022 0.30309 0.15716 0.17953 ( 1)
  85 P   0.67797 0.00669 0.30924 0.00609 ( 1)
  86 G   0.65981 0.00000 0.34018 0.00001 ( 1)
  87 Y   0.60865 0.03329 0.29970 0.05837 ( 1)
  88 V   0.00001 0.44719 0.00000 0.55280 ( 4)
  89 Q   0.00000 0.93779 0.00000 0.06220 ( 2)
  90 -   0.47068 0.23188 0.19926 0.09817 ( 1)
  91 H   0.65265 0.00136 0.34324 0.00274 ( 1)
  92 Y   0.00000 0.93214 0.00000 0.06786 ( 2)
  93 D   0.00025 0.60464 0.00011 0.39501 ( 2)
  94 F   0.66322 0.00000 0.33678 0.00000 ( 1)
  95 N   0.00000 0.59290 0.00000 0.40710 ( 2)
  96 F   0.00000 0.44160 0.00000 0.55840 ( 4)
  97 D   0.00002 0.57059 0.00001 0.42939 ( 2)
  98 A   0.00000 0.48945 0.00000 0.51055 ( 4)
  99 Q   0.22656 0.32197 0.10592 0.34555 ( 4)
 100 Y   0.24508 0.20475 0.12373 0.42644 ( 4)
 101 Y   0.00000 0.55971 0.00000 0.44029 ( 2)
 102 D   0.47068 0.23188 0.19926 0.09817 ( 1)
 103 S   0.47068 0.23188 0.19926 0.09817 ( 1)
 104 N   0.03022 0.67235 0.01279 0.28464 ( 2)
 105 L   0.05109 0.65148 0.02163 0.27580 ( 2)
 106 T   0.47782 0.22474 0.20229 0.09515 ( 1)
 107 F   0.00246 0.71999 0.00002 0.27754 ( 2)
 108 R   0.00081 0.79627 0.00001 0.20291 ( 2)
 109 S   0.00232 0.48682 0.00108 0.50978 ( 4)
 110 F   0.66316 0.00002 0.33676 0.00005 ( 1)
 111 H   0.00001 0.79604 0.00000 0.20395 ( 2)
 112 Y   0.66909 0.00000 0.33091 0.00000 ( 1)
 113 L   0.00197 0.59233 0.00087 0.40483 ( 2)
 114 D   0.56478 0.09060 0.25767 0.08695 ( 1)
 115 T   0.69306 0.00012 0.30673 0.00008 ( 1)
 116 M   0.67974 0.00055 0.31904 0.00067 ( 1)
 117 V   0.66206 0.00000 0.33793 0.00001 ( 1)
 118 T   0.66225 0.00001 0.33772 0.00002 ( 1)
 119 R   0.67050 0.00003 0.32943 0.00004 ( 1)
 120 L   0.66322 0.00000 0.33678 0.00000 ( 1)
 121 D   0.65425 0.00004 0.34564 0.00008 ( 1)
 122 D   0.62564 0.03474 0.29454 0.04509 ( 1)
 123 P   0.39488 0.20997 0.18303 0.21212 ( 1)
 124 G   0.66449 0.00001 0.33546 0.00003 ( 1)
 125 V   0.66070 0.00000 0.33930 0.00000 ( 1)
 126 E   0.66596 0.00000 0.33404 0.00000 ( 1)
 127 I   0.66666 0.00000 0.33333 0.00000 ( 1)
 128 I   0.65866 0.00000 0.34134 0.00000 ( 1)
 129 V   0.66667 0.00000 0.33333 0.00000 ( 1)
 130 Q   0.67845 0.00073 0.31986 0.00096 ( 1)
 131 N   0.65453 0.00000 0.34547 0.00000 ( 1)
 132 I   0.45192 0.16086 0.20956 0.17765 ( 1)
 133 G   0.00822 0.87815 0.00297 0.11066 ( 2)
 134 G   0.00000 0.87994 0.00000 0.12006 ( 2)
 135 S   0.00001 0.92835 0.00000 0.07164 ( 2)
 136 I   0.00006 0.70402 0.00002 0.29589 ( 2)
 137 L   0.66945 0.00198 0.32693 0.00163 ( 1)
 138 Y   0.00005 0.44396 0.00002 0.55596 ( 4)
 139 I   0.72716 0.00181 0.26940 0.00163 ( 1)
 140 D   0.68658 0.00003 0.31336 0.00003 ( 1)
 141 K   0.66537 0.00000 0.33463 0.00000 ( 1)
 142 I   0.67604 0.00097 0.32195 0.00104 ( 1)
 143 E   0.66597 0.00000 0.33403 0.00000 ( 1)
 144 I   0.66318 0.00002 0.33677 0.00003 ( 1)
 145 I   0.67198 0.01605 0.30009 0.01189 ( 1)
 146 -   0.64442 0.05815 0.27282 0.02462 ( 1)


lnL = -3192.910507

