Supplemental results for CODEML (seqf: algn  treef: tree)


dN/dS (w) for site classes (K=4)

site class             0        1       2a       2b
proportion       0.42768  0.15092  0.31148  0.10992
background w     0.08156  1.00000  0.08156  1.00000
foreground w     0.08156  1.00000  1.00000  1.00000

Naive Empirical Bayes (NEB) probabilities for 4 classes
(amino acids refer to 1st sequence: BT_Cry8Ab1)

   1 P   0.50796 0.07065 0.36994 0.05145 ( 1)
   2 F   0.55796 0.02065 0.40635 0.01504 ( 1)
   3 A   0.01298 0.56563 0.00945 0.41194 ( 2)
   4 S   0.00359 0.57540 0.00196 0.41906 ( 2)
   5 Q   0.00530 0.57380 0.00301 0.41789 ( 2)
   6 I   0.26345 0.19586 0.39804 0.14264 ( 3)
   7 V   0.28686 0.31555 0.16777 0.22981 ( 2)
   8 S   0.26697 0.33631 0.15179 0.24493 ( 2)
   9 F   0.56440 0.03923 0.36781 0.02857 ( 1)
  10 Y   0.20281 0.38495 0.13188 0.28036 ( 2)
  11 N   0.04362 0.53783 0.02685 0.39170 ( 2)
  12 F   0.64267 0.00279 0.35251 0.00203 ( 1)
  13 I   0.64038 0.00228 0.35569 0.00166 ( 1)
  14 L   0.29143 0.29560 0.19768 0.21528 ( 2)
  15 D   0.56358 0.04570 0.35745 0.03328 ( 1)
  16 Q   0.06999 0.51404 0.04160 0.37437 ( 2)
  17 L   0.57420 0.06188 0.31885 0.04507 ( 1)
  18 W   0.06693 0.51826 0.03737 0.37744 ( 2)
  19 P   0.62650 0.00335 0.36771 0.00244 ( 1)
  20 S   0.11946 0.46647 0.07434 0.33973 ( 2)
  21 N   0.43371 0.19054 0.23698 0.13877 ( 1)
  22 S   0.12713 0.45622 0.08439 0.33226 ( 2)
  23 V   0.51924 0.05937 0.37816 0.04324 ( 1)
  24 S   0.55227 0.02633 0.40221 0.01918 ( 1)
  25 V   0.35660 0.22201 0.25971 0.16169 ( 1)
  26 W   0.55813 0.03809 0.37604 0.02774 ( 1)
  27 E   0.56919 0.04469 0.35357 0.03255 ( 1)
  28 Q   0.01083 0.56842 0.00677 0.41398 ( 2)
  29 I   0.53959 0.07470 0.33130 0.05441 ( 1)
  30 M   0.62425 0.01528 0.34935 0.01113 ( 1)
  31 T   0.20174 0.39653 0.11294 0.28879 ( 2)
  32 L   0.04984 0.35228 0.34132 0.25656 ( 2)
  33 V   0.62165 0.01089 0.35953 0.00793 ( 1)
  34 E   0.61924 0.00290 0.37576 0.00211 ( 1)
  35 E   0.30153 0.29742 0.18444 0.21661 ( 1)
  36 L   0.58144 0.01223 0.39743 0.00890 ( 1)
  37 V   0.61288 0.03779 0.32181 0.02752 ( 1)
  38 D   0.65027 0.00143 0.34725 0.00104 ( 1)
  39 Q   0.61450 0.00662 0.37405 0.00482 ( 1)
  40 K   0.64234 0.00208 0.35407 0.00151 ( 1)
  41 I   0.65470 0.00123 0.34319 0.00089 ( 1)
  42 T   0.63862 0.00195 0.35800 0.00142 ( 1)
  43 E   0.17035 0.36155 0.20479 0.26331 ( 2)
  44 Y   0.17104 0.41512 0.11152 0.30233 ( 2)
  45 A   0.38439 0.23004 0.21804 0.16753 ( 1)
  46 R   0.62768 0.00423 0.36500 0.00308 ( 1)
  47 N   0.08201 0.43088 0.17330 0.31381 ( 2)
  48 K   0.54568 0.06445 0.34294 0.04693 ( 1)
  49 A   0.60211 0.00678 0.38617 0.00494 ( 1)
  50 L   0.04925 0.35195 0.34247 0.25632 ( 2)
  51 A   0.64349 0.00241 0.35235 0.00176 ( 1)
  52 E   0.60301 0.03945 0.32881 0.02873 ( 1)
  53 L   0.61304 0.00961 0.37035 0.00700 ( 1)
  54 K   0.03169 0.54863 0.02011 0.39956 ( 2)
  55 G   0.63525 0.00247 0.36048 0.00180 ( 1)
  56 L   0.60695 0.01115 0.37377 0.00812 ( 1)
  57 G   0.03559 0.45438 0.17912 0.33092 ( 2)
  58 D   0.48673 0.14204 0.26778 0.10345 ( 1)
  59 A   0.53534 0.09302 0.30389 0.06775 ( 1)
  60 L   0.01349 0.56612 0.00810 0.41229 ( 2)
  61 G   0.00010 0.57852 0.00006 0.42133 ( 2)
  62 V   0.64391 0.00311 0.35071 0.00227 ( 1)
  63 Y   0.62542 0.00461 0.36661 0.00336 ( 1)
  64 Q   0.57230 0.02797 0.37935 0.02037 ( 1)
  65 Q   0.52511 0.08982 0.31966 0.06541 ( 1)
  66 S   0.61699 0.00665 0.37151 0.00484 ( 1)
  67 L   0.60938 0.01275 0.36859 0.00928 ( 1)
  68 E   0.58963 0.05125 0.32180 0.03732 ( 1)
  69 A   0.03577 0.54586 0.02083 0.39755 ( 2)
  70 W   0.55813 0.03809 0.37604 0.02774 ( 1)
  71 L   0.31469 0.27296 0.21355 0.19880 ( 1)
  72 E   0.61006 0.03343 0.33216 0.02435 ( 1)
  73 N   0.64670 0.00137 0.35094 0.00099 ( 1)
  74 R   0.11974 0.46850 0.07055 0.34120 ( 2)
  75 N   0.64670 0.00137 0.35094 0.00099 ( 1)
  76 D   0.56382 0.06576 0.32253 0.04789 ( 1)
  77 T   0.11131 0.10853 0.70112 0.07904 ( 3)
  78 R   0.62922 0.00285 0.36586 0.00207 ( 1)
  79 A   0.09262 0.14610 0.65487 0.10640 ( 3)
  80 R   0.55022 0.02839 0.40072 0.02068 ( 1)
  81 S   0.63117 0.00230 0.36485 0.00168 ( 1)
  82 V   0.55705 0.04757 0.36074 0.03465 ( 1)
  83 V   0.63440 0.00470 0.35747 0.00343 ( 1)
  84 S   0.00057 0.57806 0.00038 0.42099 ( 2)
  85 N   0.01411 0.56579 0.00805 0.41206 ( 2)
  86 Q   0.61450 0.00662 0.37405 0.00482 ( 1)
  87 F   0.18298 0.20058 0.47037 0.14608 ( 3)
  88 I   0.00398 0.57475 0.00269 0.41858 ( 2)
  89 A   0.58187 0.01797 0.38708 0.01309 ( 1)
  90 L   0.60659 0.00953 0.37695 0.00694 ( 1)
  91 E   0.60637 0.03669 0.33023 0.02672 ( 1)
  92 L   0.62855 0.00348 0.36544 0.00253 ( 1)
  93 D   0.65027 0.00143 0.34725 0.00104 ( 1)
  94 F   0.64396 0.00170 0.35310 0.00124 ( 1)
  95 V   0.64034 0.00384 0.35303 0.00279 ( 1)
  96 G   0.00145 0.57724 0.00092 0.42039 ( 2)
  97 A   0.02291 0.55734 0.01384 0.40591 ( 2)
  98 I   0.63455 0.00739 0.35267 0.00538 ( 1)
  99 P   0.54201 0.04598 0.37851 0.03349 ( 1)
 100 S   0.61928 0.00989 0.36363 0.00720 ( 1)
 101 F   0.64396 0.00170 0.35310 0.00124 ( 1)
 102 A   0.63866 0.00246 0.35709 0.00179 ( 1)
 103 V   0.61404 0.03706 0.32190 0.02699 ( 1)
 104 S   0.13406 0.28119 0.37997 0.20478 ( 3)
 105 G   0.63166 0.00567 0.35853 0.00413 ( 1)
 106 Q   0.57394 0.02639 0.38044 0.01922 ( 1)
 107 E   0.64439 0.00274 0.35086 0.00200 ( 1)
 108 V   0.15019 0.01914 0.81672 0.01394 ( 3)
 109 P   0.62292 0.00431 0.36962 0.00314 ( 1)
 110 L   0.61401 0.00872 0.37092 0.00635 ( 1)
 111 L   0.61401 0.00872 0.37092 0.00635 ( 1)
 112 A   0.18473 0.40337 0.11812 0.29377 ( 2)
 113 V   0.60333 0.00682 0.38489 0.00496 ( 1)
 114 Y   0.11831 0.02064 0.84602 0.01503 ( 3)
 115 A   0.64416 0.00184 0.35266 0.00134 ( 1)
 116 Q   0.60845 0.01222 0.37043 0.00890 ( 1)
 117 A   0.63527 0.00274 0.35999 0.00200 ( 1)
 118 V   0.50110 0.12814 0.27743 0.09332 ( 1)
 119 N   0.64332 0.00429 0.34927 0.00312 ( 1)
 120 M   0.25666 0.31920 0.19167 0.23247 ( 2)
 121 H   0.63104 0.00637 0.35795 0.00464 ( 1)
 122 L   0.59120 0.01464 0.38349 0.01067 ( 1)
 123 L   0.60804 0.01422 0.36739 0.01035 ( 1)
 124 L   0.61401 0.00872 0.37092 0.00635 ( 1)
 125 L   0.10748 0.05458 0.79818 0.03975 ( 3)
 126 R   0.62697 0.00490 0.36456 0.00357 ( 1)
 127 D   0.64735 0.00392 0.34587 0.00286 ( 1)
 128 A   0.49119 0.05848 0.40774 0.04259 ( 1)
 129 S   0.61415 0.00925 0.36985 0.00674 ( 1)
 130 I   0.13762 0.01406 0.83807 0.01024 ( 3)
 131 F   0.64396 0.00170 0.35310 0.00124 ( 1)
 132 G   0.63499 0.00271 0.36033 0.00197 ( 1)
 133 E   0.59607 0.04589 0.32463 0.03342 ( 1)
 134 E   0.01267 0.07858 0.85152 0.05723 ( 3)
 135 W   0.55813 0.03809 0.37604 0.02774 ( 1)
 136 G   0.63540 0.00233 0.36056 0.00170 ( 1)
 137 F   0.49484 0.11728 0.30247 0.08541 ( 1)
 138 T   0.10056 0.11354 0.70320 0.08269 ( 3)
 139 S   0.00252 0.57002 0.01232 0.41514 ( 2)
 140 S   0.00005 0.57854 0.00006 0.42135 ( 2)
 141 E   0.63934 0.00286 0.35571 0.00208 ( 1)
 142 I   0.60444 0.02666 0.34948 0.01942 ( 1)
 143 S   0.09230 0.49562 0.05112 0.36096 ( 2)
 144 T   0.40096 0.18823 0.27372 0.13709 ( 1)
 145 Y   0.05538 0.48962 0.09841 0.35659 ( 2)
 146 Y   0.62065 0.00895 0.36388 0.00652 ( 1)
 147 N   0.24426 0.35078 0.14949 0.25547 ( 2)
 148 R   0.60991 0.00755 0.37704 0.00550 ( 1)
 149 Q   0.61187 0.00905 0.37249 0.00659 ( 1)
 150 V   0.55338 0.07845 0.31103 0.05714 ( 1)
 151 Q   0.12629 0.46323 0.07311 0.33737 ( 2)
 152 L   0.01828 0.56167 0.01099 0.40906 ( 2)
 153 T   0.63449 0.00562 0.35581 0.00409 ( 1)
 154 S   0.00319 0.53665 0.06931 0.39084 ( 2)
 155 Q   0.46397 0.11395 0.33910 0.08299 ( 1)
 156 Y   0.62222 0.00750 0.36482 0.00546 ( 1)
 157 S   0.00651 0.57264 0.00380 0.41705 ( 2)
 158 D   0.65027 0.00143 0.34725 0.00104 ( 1)
 159 Y   0.62542 0.00461 0.36661 0.00336 ( 1)
 160 C   0.62271 0.00479 0.36900 0.00349 ( 1)
 161 V   0.64069 0.00593 0.34906 0.00432 ( 1)
 162 K   0.48488 0.10396 0.33544 0.07571 ( 1)
 163 W   0.01914 0.56127 0.01083 0.40877 ( 2)
 164 Y   0.61653 0.01269 0.36153 0.00924 ( 1)
 165 D   0.30381 0.30739 0.16493 0.22387 ( 2)
 166 T   0.62363 0.00886 0.36105 0.00646 ( 1)
 167 G   0.61111 0.01280 0.36678 0.00932 ( 1)
 168 L   0.61401 0.00872 0.37092 0.00635 ( 1)
 169 Q   0.00257 0.57630 0.00141 0.41971 ( 2)
 170 K   0.12116 0.01255 0.85715 0.00914 ( 3)
 171 L   0.61401 0.00872 0.37092 0.00635 ( 1)
 172 K   0.64234 0.00208 0.35407 0.00151 ( 1)
 173 G   0.63462 0.00301 0.36018 0.00219 ( 1)
 174 T   0.42447 0.16790 0.28535 0.12228 ( 1)
 175 S   0.21889 0.37872 0.12657 0.27582 ( 2)
 176 A   0.12060 0.01370 0.85573 0.00998 ( 3)
 177 E   0.10406 0.48285 0.06143 0.35165 ( 2)
 178 S   0.00223 0.47841 0.17095 0.34842 ( 2)
 179 W   0.55813 0.03809 0.37604 0.02774 ( 1)
 180 L   0.06380 0.41896 0.21212 0.30512 ( 2)
 181 E   0.16218 0.41464 0.12120 0.30198 ( 2)
 182 Y   0.62542 0.00461 0.36661 0.00336 ( 1)
 183 H   0.58885 0.05121 0.32264 0.03730 ( 1)
 184 Q   0.41977 0.18238 0.26502 0.13283 ( 1)
 185 F   0.63660 0.00808 0.34943 0.00588 ( 1)
 186 R   0.59059 0.02559 0.36518 0.01864 ( 1)
 187 R   0.62922 0.00285 0.36586 0.00207 ( 1)
 188 E   0.64230 0.00455 0.34983 0.00332 ( 1)
 189 M   0.63972 0.00132 0.35801 0.00096 ( 1)
 190 T   0.48336 0.09385 0.35445 0.06835 ( 1)
 191 F   0.09781 0.48779 0.05914 0.35525 ( 2)
 192 M   0.43599 0.16976 0.27062 0.12363 ( 1)
 193 V   0.64391 0.00311 0.35071 0.00227 ( 1)
 194 L   0.60666 0.00983 0.37635 0.00716 ( 1)
 195 D   0.65027 0.00143 0.34725 0.00104 ( 1)
 196 L   0.00529 0.50257 0.12613 0.36601 ( 2)
 197 V   0.48754 0.04807 0.42938 0.03501 ( 1)
 198 A   0.60211 0.00678 0.38617 0.00494 ( 1)
 199 L   0.12081 0.03501 0.81867 0.02550 ( 3)
 200 F   0.64396 0.00170 0.35310 0.00124 ( 1)
 201 P   0.60444 0.00477 0.38732 0.00347 ( 1)
 202 N   0.11732 0.03792 0.81715 0.02761 ( 3)


lnL = -2281.730329

