Supplemental results for CODEML (seqf: algn  treef: tree)


dN/dS (w) for site classes (K=4)

site class             0        1       2a       2b
proportion       0.90547  0.09453  0.00000  0.00000
background w     0.12606  1.00000  0.12606  1.00000
foreground w     0.12606  1.00000  1.00000  1.00000

Naive Empirical Bayes (NEB) probabilities for 4 classes
(amino acids refer to 1st sequence: BT_Cry1Ba1)

   1 P   0.99957 0.00043 0.00000 0.00000 ( 1)
   2 F   1.00000 0.00000 0.00000 0.00000 ( 1)
   3 A   0.99734 0.00266 0.00000 0.00000 ( 1)
   4 G   0.96094 0.03906 0.00000 0.00000 ( 1)
   5 Q   0.99907 0.00093 0.00000 0.00000 ( 1)
   6 L   0.93910 0.06090 0.00000 0.00000 ( 1)
   7 A   0.99997 0.00003 0.00000 0.00000 ( 1)
   8 S   0.99984 0.00016 0.00000 0.00000 ( 1)
   9 F   0.99949 0.00051 0.00000 0.00000 ( 1)
  10 Y   0.99999 0.00001 0.00000 0.00000 ( 1)
  11 S   0.99999 0.00001 0.00000 0.00000 ( 1)
  12 F   1.00000 0.00000 0.00000 0.00000 ( 1)
  13 L   0.99490 0.00510 0.00000 0.00000 ( 1)
  14 V   0.98044 0.01956 0.00000 0.00000 ( 1)
  15 G   0.99993 0.00007 0.00000 0.00000 ( 1)
  16 E   0.99933 0.00067 0.00000 0.00000 ( 1)
  17 L   0.99994 0.00006 0.00000 0.00000 ( 1)
  18 W   0.99705 0.00295 0.00000 0.00000 ( 1)
  19 P   0.99995 0.00005 0.00000 0.00000 ( 1)
  20 R   0.39838 0.60162 0.00000 0.00000 ( 2)
  21 G   0.98943 0.01057 0.00000 0.00000 ( 1)
  22 R   0.99662 0.00338 0.00000 0.00000 ( 1)
  23 -   0.96685 0.03315 0.00000 0.00000 ( 1)
  24 D   0.99841 0.00159 0.00000 0.00000 ( 1)
  25 Q   0.74247 0.25753 0.00000 0.00000 ( 1)
  26 W   0.99705 0.00295 0.00000 0.00000 ( 1)
  27 E   1.00000 0.00000 0.00000 0.00000 ( 1)
  28 I   0.93937 0.06063 0.00000 0.00000 ( 1)
  29 F   0.99995 0.00005 0.00000 0.00000 ( 1)
  30 L   0.99961 0.00039 0.00000 0.00000 ( 1)
  31 E   0.99971 0.00029 0.00000 0.00000 ( 1)
  32 H   0.99958 0.00042 0.00000 0.00000 ( 1)
  33 V   0.99999 0.00001 0.00000 0.00000 ( 1)
  34 E   1.00000 0.00000 0.00000 0.00000 ( 1)
  35 Q   0.98428 0.01572 0.00000 0.00000 ( 1)
  36 L   0.99936 0.00064 0.00000 0.00000 ( 1)
  37 I   0.98281 0.01719 0.00000 0.00000 ( 1)
  38 N   0.00136 0.99864 0.00000 0.00000 ( 2)
  39 Q   0.99972 0.00028 0.00000 0.00000 ( 1)
  40 Q   0.99998 0.00002 0.00000 0.00000 ( 1)
  41 I   1.00000 0.00000 0.00000 0.00000 ( 1)
  42 T   0.99842 0.00158 0.00000 0.00000 ( 1)
  43 E   0.71819 0.28181 0.00000 0.00000 ( 1)
  44 N   0.99413 0.00587 0.00000 0.00000 ( 1)
  45 A   0.99987 0.00013 0.00000 0.00000 ( 1)
  46 R   0.99999 0.00001 0.00000 0.00000 ( 1)
  47 N   0.99955 0.00045 0.00000 0.00000 ( 1)
  48 T   0.96995 0.03005 0.00000 0.00000 ( 1)
  49 A   1.00000 0.00000 0.00000 0.00000 ( 1)
  50 L   0.99979 0.00021 0.00000 0.00000 ( 1)
  51 A   0.90566 0.09434 0.00000 0.00000 ( 1)
  52 R   0.92303 0.07697 0.00000 0.00000 ( 1)
  53 L   0.99987 0.00013 0.00000 0.00000 ( 1)
  54 Q   0.97168 0.02832 0.00000 0.00000 ( 1)
  55 G   1.00000 0.00000 0.00000 0.00000 ( 1)
  56 L   0.99991 0.00009 0.00000 0.00000 ( 1)
  57 G   1.00000 0.00000 0.00000 0.00000 ( 1)
  58 D   0.99965 0.00035 0.00000 0.00000 ( 1)
  59 S   0.99496 0.00504 0.00000 0.00000 ( 1)
  60 F   0.98921 0.01079 0.00000 0.00000 ( 1)
  61 R   0.17726 0.82274 0.00000 0.00000 ( 2)
  62 A   0.99787 0.00213 0.00000 0.00000 ( 1)
  63 Y   0.99985 0.00015 0.00000 0.00000 ( 1)
  64 Q   0.99973 0.00027 0.00000 0.00000 ( 1)
  65 Q   0.99079 0.00921 0.00000 0.00000 ( 1)
  66 S   0.99982 0.00018 0.00000 0.00000 ( 1)
  67 L   0.99999 0.00001 0.00000 0.00000 ( 1)
  68 E   0.99998 0.00002 0.00000 0.00000 ( 1)
  69 D   0.98929 0.01071 0.00000 0.00000 ( 1)
  70 W   0.99705 0.00295 0.00000 0.00000 ( 1)
  71 L   0.68771 0.31229 0.00000 0.00000 ( 1)
  72 E   0.09273 0.90727 0.00000 0.00000 ( 2)
  73 N   1.00000 0.00000 0.00000 0.00000 ( 1)
  74 R   0.99708 0.00292 0.00000 0.00000 ( 1)
  75 D   0.99999 0.00001 0.00000 0.00000 ( 1)
  76 D   0.99971 0.00029 0.00000 0.00000 ( 1)
  77 A   0.99178 0.00822 0.00000 0.00000 ( 1)
  78 R   1.00000 0.00000 0.00000 0.00000 ( 1)
  79 T   0.93512 0.06488 0.00000 0.00000 ( 1)
  80 R   0.99997 0.00003 0.00000 0.00000 ( 1)
  81 S   1.00000 0.00000 0.00000 0.00000 ( 1)
  82 V   1.00000 0.00000 0.00000 0.00000 ( 1)
  83 L   0.99913 0.00087 0.00000 0.00000 ( 1)
  84 Y   0.01086 0.98914 0.00000 0.00000 ( 2)
  85 T   0.05532 0.94468 0.00000 0.00000 ( 2)
  86 Q   0.99997 0.00003 0.00000 0.00000 ( 1)
  87 Y   0.99988 0.00012 0.00000 0.00000 ( 1)
  88 I   0.99298 0.00702 0.00000 0.00000 ( 1)
  89 A   0.99058 0.00942 0.00000 0.00000 ( 1)
  90 L   0.99985 0.00015 0.00000 0.00000 ( 1)
  91 E   0.99998 0.00002 0.00000 0.00000 ( 1)
  92 L   0.99993 0.00007 0.00000 0.00000 ( 1)
  93 D   0.98924 0.01076 0.00000 0.00000 ( 1)
  94 F   0.99992 0.00008 0.00000 0.00000 ( 1)
  95 L   0.99993 0.00007 0.00000 0.00000 ( 1)
  96 N   0.01864 0.98136 0.00000 0.00000 ( 2)
  97 A   0.00047 0.99953 0.00000 0.00000 ( 2)
  98 M   0.99726 0.00274 0.00000 0.00000 ( 1)
  99 P   0.99996 0.00004 0.00000 0.00000 ( 1)
 100 L   0.99836 0.00164 0.00000 0.00000 ( 1)
 101 F   1.00000 0.00000 0.00000 0.00000 ( 1)
 102 A   1.00000 0.00000 0.00000 0.00000 ( 1)
 103 I   0.99785 0.00215 0.00000 0.00000 ( 1)
 104 R   0.78547 0.21453 0.00000 0.00000 ( 1)
 105 N   0.97925 0.02075 0.00000 0.00000 ( 1)
 106 Q   0.99111 0.00889 0.00000 0.00000 ( 1)
 107 E   0.99995 0.00005 0.00000 0.00000 ( 1)
 108 V   1.00000 0.00000 0.00000 0.00000 ( 1)
 109 P   0.99989 0.00011 0.00000 0.00000 ( 1)
 110 L   0.99990 0.00010 0.00000 0.00000 ( 1)
 111 L   0.99989 0.00011 0.00000 0.00000 ( 1)
 112 M   0.41960 0.58040 0.00000 0.00000 ( 2)
 113 V   0.99998 0.00002 0.00000 0.00000 ( 1)
 114 Y   0.99998 0.00002 0.00000 0.00000 ( 1)
 115 A   0.99759 0.00241 0.00000 0.00000 ( 1)
 116 Q   0.99994 0.00006 0.00000 0.00000 ( 1)
 117 A   1.00000 0.00000 0.00000 0.00000 ( 1)
 118 A   0.99991 0.00009 0.00000 0.00000 ( 1)
 119 N   1.00000 0.00000 0.00000 0.00000 ( 1)
 120 L   0.99783 0.00217 0.00000 0.00000 ( 1)
 121 H   0.99979 0.00021 0.00000 0.00000 ( 1)
 122 L   0.99946 0.00054 0.00000 0.00000 ( 1)
 123 L   0.99945 0.00055 0.00000 0.00000 ( 1)
 124 L   0.99989 0.00011 0.00000 0.00000 ( 1)
 125 L   0.99983 0.00017 0.00000 0.00000 ( 1)
 126 R   1.00000 0.00000 0.00000 0.00000 ( 1)
 127 D   1.00000 0.00000 0.00000 0.00000 ( 1)
 128 A   0.99995 0.00005 0.00000 0.00000 ( 1)
 129 S   0.99996 0.00004 0.00000 0.00000 ( 1)
 130 L   0.99741 0.00259 0.00000 0.00000 ( 1)
 131 F   0.99998 0.00002 0.00000 0.00000 ( 1)
 132 G   0.99998 0.00002 0.00000 0.00000 ( 1)
 133 S   0.58000 0.42000 0.00000 0.00000 ( 1)
 134 E   0.99879 0.00121 0.00000 0.00000 ( 1)
 135 F   0.70329 0.29671 0.00000 0.00000 ( 1)
 136 G   0.99999 0.00001 0.00000 0.00000 ( 1)
 137 L   0.99771 0.00229 0.00000 0.00000 ( 1)
 138 T   0.99889 0.00111 0.00000 0.00000 ( 1)
 139 S   0.00215 0.99785 0.00000 0.00000 ( 2)
 140 Q   0.01706 0.98294 0.00000 0.00000 ( 2)
 141 E   0.99999 0.00001 0.00000 0.00000 ( 1)
 142 I   1.00000 0.00000 0.00000 0.00000 ( 1)
 143 Q   0.98975 0.01025 0.00000 0.00000 ( 1)
 144 R   0.99221 0.00779 0.00000 0.00000 ( 1)
 145 Y   0.99911 0.00089 0.00000 0.00000 ( 1)
 146 Y   0.99998 0.00002 0.00000 0.00000 ( 1)
 147 E   0.88089 0.11911 0.00000 0.00000 ( 1)
 148 R   0.99993 0.00007 0.00000 0.00000 ( 1)
 149 Q   0.99995 0.00005 0.00000 0.00000 ( 1)
 150 V   0.81559 0.18441 0.00000 0.00000 ( 1)
 151 E   0.43770 0.56230 0.00000 0.00000 ( 2)
 152 R   0.16901 0.83099 0.00000 0.00000 ( 2)
 153 T   0.98220 0.01780 0.00000 0.00000 ( 1)
 154 R   0.00000 1.00000 0.00000 0.00000 ( 2)
 155 D   0.80441 0.19559 0.00000 0.00000 ( 1)
 156 Y   0.99999 0.00001 0.00000 0.00000 ( 1)
 157 S   0.95262 0.04738 0.00000 0.00000 ( 1)
 158 D   0.99985 0.00015 0.00000 0.00000 ( 1)
 159 Y   0.95978 0.04022 0.00000 0.00000 ( 1)
 160 C   0.99993 0.00007 0.00000 0.00000 ( 1)
 161 V   0.03537 0.96463 0.00000 0.00000 ( 2)
 162 E   0.94756 0.05244 0.00000 0.00000 ( 1)
 163 W   0.84789 0.15211 0.00000 0.00000 ( 1)
 164 Y   0.99832 0.00168 0.00000 0.00000 ( 1)
 165 N   0.92184 0.07816 0.00000 0.00000 ( 1)
 166 T   0.99996 0.00004 0.00000 0.00000 ( 1)
 167 G   0.99998 0.00002 0.00000 0.00000 ( 1)
 168 L   0.99986 0.00014 0.00000 0.00000 ( 1)
 169 N   0.99201 0.00799 0.00000 0.00000 ( 1)
 170 S   0.04917 0.95083 0.00000 0.00000 ( 2)
 171 L   0.99593 0.00407 0.00000 0.00000 ( 1)
 172 R   0.99827 0.00173 0.00000 0.00000 ( 1)
 173 G   0.99990 0.00010 0.00000 0.00000 ( 1)
 174 T   0.99992 0.00008 0.00000 0.00000 ( 1)
 175 N   0.99889 0.00111 0.00000 0.00000 ( 1)
 176 A   0.99967 0.00033 0.00000 0.00000 ( 1)
 177 A   0.42144 0.57856 0.00000 0.00000 ( 2)
 178 S   0.98882 0.01118 0.00000 0.00000 ( 1)
 179 W   0.99705 0.00295 0.00000 0.00000 ( 1)
 180 V   0.99342 0.00658 0.00000 0.00000 ( 1)
 181 R   0.06352 0.93648 0.00000 0.00000 ( 2)
 182 Y   0.99999 0.00001 0.00000 0.00000 ( 1)
 183 N   0.99998 0.00002 0.00000 0.00000 ( 1)
 184 Q   0.99997 0.00003 0.00000 0.00000 ( 1)
 185 F   0.99986 0.00014 0.00000 0.00000 ( 1)
 186 R   0.99993 0.00007 0.00000 0.00000 ( 1)
 187 R   0.99999 0.00001 0.00000 0.00000 ( 1)
 188 D   0.99985 0.00015 0.00000 0.00000 ( 1)
 189 L   0.99937 0.00063 0.00000 0.00000 ( 1)
 190 T   0.99954 0.00046 0.00000 0.00000 ( 1)
 191 L   0.99095 0.00905 0.00000 0.00000 ( 1)
 192 G   0.99582 0.00418 0.00000 0.00000 ( 1)
 193 V   1.00000 0.00000 0.00000 0.00000 ( 1)
 194 L   0.99988 0.00012 0.00000 0.00000 ( 1)
 195 D   1.00000 0.00000 0.00000 0.00000 ( 1)
 196 L   0.99984 0.00016 0.00000 0.00000 ( 1)
 197 V   0.99928 0.00072 0.00000 0.00000 ( 1)
 198 A   0.99980 0.00020 0.00000 0.00000 ( 1)
 199 L   0.99899 0.00101 0.00000 0.00000 ( 1)
 200 F   0.99994 0.00006 0.00000 0.00000 ( 1)
 201 P   0.99994 0.00006 0.00000 0.00000 ( 1)
 202 S   0.99591 0.00409 0.00000 0.00000 ( 1)


lnL = -4549.417714

Bayes Empirical Bayes (BEB) probabilities for 4 classes (class)
(amino acids refer to 1st sequence: BT_Cry1Ba1)

   1 P   0.97738 0.00041 0.02219 0.00001 ( 1)
   2 F   0.98844 0.00000 0.01156 0.00000 ( 1)
   3 A   0.98620 0.00176 0.01200 0.00003 ( 1)
   4 G   0.95827 0.02167 0.01951 0.00055 ( 1)
   5 Q   0.98413 0.00079 0.01507 0.00002 ( 1)
   6 L   0.95287 0.03073 0.01567 0.00074 ( 1)
   7 A   0.98795 0.00003 0.01202 0.00000 ( 1)
   8 S   0.97975 0.00014 0.02010 0.00000 ( 1)
   9 F   0.97452 0.00044 0.02503 0.00001 ( 1)
  10 Y   0.98634 0.00001 0.01365 0.00000 ( 1)
  11 S   0.98945 0.00001 0.01054 0.00000 ( 1)
  12 F   0.98844 0.00000 0.01156 0.00000 ( 1)
  13 L   0.97443 0.00372 0.02175 0.00010 ( 1)
  14 V   0.96724 0.01368 0.01873 0.00035 ( 1)
  15 G   0.98822 0.00007 0.01171 0.00000 ( 1)
  16 E   0.98222 0.00058 0.01718 0.00001 ( 1)
  17 L   0.98697 0.00006 0.01297 0.00000 ( 1)
  18 W   0.97235 0.00265 0.02493 0.00008 ( 1)
  19 P   0.97766 0.00005 0.02229 0.00000 ( 1)
  20 R   0.59729 0.38777 0.00684 0.00810 ( 1)
  21 G   0.97198 0.00742 0.02040 0.00019 ( 1)
  22 R   0.98653 0.00223 0.01119 0.00004 ( 1)
  23 -   0.92566 0.02722 0.04581 0.00130 ( 1)
  24 D   0.97918 0.00106 0.01973 0.00003 ( 1)
  25 Q   0.83985 0.14412 0.01288 0.00315 ( 1)
  26 W   0.97235 0.00265 0.02493 0.00008 ( 1)
  27 E   0.98830 0.00000 0.01170 0.00000 ( 1)
  28 I   0.94684 0.03683 0.01547 0.00086 ( 1)
  29 F   0.98840 0.00004 0.01156 0.00000 ( 1)
  30 L   0.98944 0.00030 0.01026 0.00001 ( 1)
  31 E   0.98807 0.00023 0.01169 0.00000 ( 1)
  32 H   0.98847 0.00033 0.01119 0.00001 ( 1)
  33 V   0.98737 0.00001 0.01262 0.00000 ( 1)
  34 E   0.98830 0.00000 0.01170 0.00000 ( 1)
  35 Q   0.97281 0.00994 0.01702 0.00023 ( 1)
  36 L   0.98655 0.00049 0.01295 0.00001 ( 1)
  37 I   0.97800 0.00980 0.01200 0.00020 ( 1)
  38 N   0.00773 0.96340 0.00028 0.02859 ( 2)
  39 Q   0.98468 0.00024 0.01507 0.00001 ( 1)
  40 Q   0.98876 0.00002 0.01122 0.00000 ( 1)
  41 I   0.98945 0.00000 0.01055 0.00000 ( 1)
  42 T   0.97470 0.00118 0.02408 0.00003 ( 1)
  43 E   0.84135 0.14550 0.01032 0.00283 ( 1)
  44 N   0.97059 0.00419 0.02510 0.00012 ( 1)
  45 A   0.98883 0.00010 0.01106 0.00000 ( 1)
  46 R   0.98872 0.00001 0.01126 0.00000 ( 1)
  47 N   0.98232 0.00036 0.01731 0.00001 ( 1)
  48 T   0.97174 0.01689 0.01103 0.00033 ( 1)
  49 A   0.98893 0.00000 0.01106 0.00000 ( 1)
  50 L   0.98685 0.00018 0.01296 0.00000 ( 1)
  51 A   0.94146 0.04690 0.01068 0.00097 ( 1)
  52 R   0.94816 0.04070 0.01033 0.00080 ( 1)
  53 L   0.98253 0.00013 0.01734 0.00000 ( 1)
  54 Q   0.97288 0.01576 0.01104 0.00031 ( 1)
  55 G   0.98842 0.00000 0.01158 0.00000 ( 1)
  56 L   0.98262 0.00010 0.01728 0.00000 ( 1)
  57 G   0.98842 0.00000 0.01158 0.00000 ( 1)
  58 D   0.98912 0.00026 0.01062 0.00000 ( 1)
  59 S   0.98421 0.00367 0.01205 0.00007 ( 1)
  60 F   0.96994 0.00754 0.02232 0.00021 ( 1)
  61 R   0.40364 0.57978 0.00476 0.01183 ( 2)
  62 A   0.97416 0.00177 0.02403 0.00005 ( 1)
  63 Y   0.97463 0.00015 0.02522 0.00000 ( 1)
  64 Q   0.98857 0.00023 0.01119 0.00000 ( 1)
  65 Q   0.98245 0.00579 0.01164 0.00012 ( 1)
  66 S   0.97516 0.00017 0.02466 0.00001 ( 1)
  67 L   0.97977 0.00001 0.02022 0.00000 ( 1)
  68 E   0.98829 0.00001 0.01170 0.00000 ( 1)
  69 D   0.98327 0.00615 0.01047 0.00011 ( 1)
  70 W   0.97235 0.00265 0.02493 0.00008 ( 1)
  71 L   0.80925 0.17709 0.00995 0.00371 ( 1)
  72 E   0.25550 0.68275 0.03643 0.02531 ( 2)
  73 N   0.98971 0.00000 0.01029 0.00000 ( 1)
  74 R   0.97081 0.00237 0.02674 0.00007 ( 1)
  75 D   0.98964 0.00001 0.01036 0.00000 ( 1)
  76 D   0.98239 0.00025 0.01735 0.00001 ( 1)
  77 A   0.98422 0.00471 0.01098 0.00009 ( 1)
  78 R   0.98868 0.00000 0.01131 0.00000 ( 1)
  79 T   0.80991 0.03036 0.15833 0.00139 ( 1)
  80 R   0.98855 0.00003 0.01142 0.00000 ( 1)
  81 S   0.98946 0.00000 0.01054 0.00000 ( 1)
  82 V   0.98658 0.00001 0.01341 0.00000 ( 1)
  83 L   0.97549 0.00074 0.02375 0.00002 ( 1)
  84 Y   0.04450 0.93245 0.00071 0.02234 ( 2)
  85 T   0.15082 0.80173 0.01786 0.02959 ( 2)
  86 Q   0.98489 0.00004 0.01507 0.00000 ( 1)
  87 Y   0.98139 0.00011 0.01850 0.00000 ( 1)
  88 I   0.97933 0.00466 0.01590 0.00011 ( 1)
  89 A   0.68096 0.00471 0.31392 0.00041 ( 1)
  90 L   0.97763 0.00015 0.02221 0.00000 ( 1)
  91 E   0.98829 0.00002 0.01170 0.00000 ( 1)
  92 L   0.98625 0.00007 0.01368 0.00000 ( 1)
  93 D   0.98301 0.00668 0.01020 0.00011 ( 1)
  94 F   0.98087 0.00007 0.01905 0.00000 ( 1)
  95 L   0.98505 0.00006 0.01488 0.00000 ( 1)
  96 N   0.06872 0.90574 0.00126 0.02428 ( 2)
  97 A   0.00189 0.67817 0.03275 0.28720 ( 2)
  98 M   0.97229 0.00200 0.02563 0.00007 ( 1)
  99 P   0.98624 0.00004 0.01372 0.00000 ( 1)
 100 L   0.98555 0.00122 0.01320 0.00002 ( 1)
 101 F   0.98843 0.00000 0.01156 0.00000 ( 1)
 102 A   0.98894 0.00000 0.01106 0.00000 ( 1)
 103 I   0.97760 0.00159 0.02077 0.00004 ( 1)
 104 R   0.86812 0.11789 0.01162 0.00237 ( 1)
 105 N   0.97452 0.01301 0.01220 0.00027 ( 1)
 106 Q   0.97661 0.00626 0.01698 0.00014 ( 1)
 107 E   0.98558 0.00005 0.01437 0.00000 ( 1)
 108 V   0.98677 0.00000 0.01322 0.00000 ( 1)
 109 P   0.98690 0.00010 0.01300 0.00000 ( 1)
 110 L   0.97820 0.00011 0.02169 0.00000 ( 1)
 111 L   0.98260 0.00011 0.01728 0.00000 ( 1)
 112 M   0.64277 0.34205 0.00826 0.00692 ( 1)
 113 V   0.98905 0.00002 0.01093 0.00000 ( 1)
 114 Y   0.98633 0.00002 0.01365 0.00000 ( 1)
 115 A   0.98154 0.00179 0.01663 0.00004 ( 1)
 116 Q   0.98486 0.00007 0.01507 0.00000 ( 1)
 117 A   0.98797 0.00000 0.01203 0.00000 ( 1)
 118 A   0.98885 0.00009 0.01106 0.00000 ( 1)
 119 N   0.98971 0.00000 0.01029 0.00000 ( 1)
 120 L   0.98090 0.00180 0.01725 0.00004 ( 1)
 121 H   0.97987 0.00021 0.01992 0.00001 ( 1)
 122 L   0.97715 0.00052 0.02232 0.00001 ( 1)
 123 L   0.97714 0.00053 0.02232 0.00001 ( 1)
 124 L   0.98152 0.00011 0.01836 0.00000 ( 1)
 125 L   0.98254 0.00017 0.01728 0.00000 ( 1)
 126 R   0.98874 0.00000 0.01126 0.00000 ( 1)
 127 D   0.98937 0.00000 0.01063 0.00000 ( 1)
 128 A   0.97940 0.00005 0.02055 0.00000 ( 1)
 129 S   0.98678 0.00004 0.01318 0.00000 ( 1)
 130 L   0.98612 0.00173 0.01211 0.00004 ( 1)
 131 F   0.98842 0.00002 0.01156 0.00000 ( 1)
 132 G   0.98840 0.00002 0.01158 0.00000 ( 1)
 133 S   0.77294 0.21395 0.00878 0.00433 ( 1)
 134 E   0.98396 0.00092 0.01510 0.00002 ( 1)
 135 F   0.79460 0.17965 0.02042 0.00533 ( 1)
 136 G   0.98841 0.00001 0.01158 0.00000 ( 1)
 137 L   0.98084 0.00180 0.01732 0.00004 ( 1)
 138 T   0.98374 0.00085 0.01539 0.00002 ( 1)
 139 S   0.00924 0.91326 0.00352 0.07398 ( 2)
 140 Q   0.06139 0.91680 0.00088 0.02094 ( 2)
 141 E   0.98822 0.00001 0.01177 0.00000 ( 1)
 142 I   0.98792 0.00000 0.01207 0.00000 ( 1)
 143 Q   0.97277 0.00717 0.01988 0.00019 ( 1)
 144 R   0.98346 0.00547 0.01097 0.00010 ( 1)
 145 Y   0.98245 0.00068 0.01685 0.00002 ( 1)
 146 Y   0.98634 0.00002 0.01365 0.00000 ( 1)
 147 E   0.91957 0.06483 0.01410 0.00150 ( 1)
 148 R   0.98615 0.00007 0.01378 0.00000 ( 1)
 149 Q   0.98488 0.00005 0.01507 0.00000 ( 1)
 150 V   0.85987 0.11060 0.02554 0.00399 ( 1)
 151 E   0.66695 0.31352 0.01123 0.00831 ( 1)
 152 R   0.33797 0.62337 0.01065 0.02801 ( 2)
 153 T   0.97710 0.01117 0.01150 0.00023 ( 1)
 154 R   0.00000 0.74627 0.00004 0.25369 ( 2)
 155 D   0.88878 0.09846 0.01070 0.00207 ( 1)
 156 Y   0.98634 0.00002 0.01365 0.00000 ( 1)
 157 S   0.94285 0.03162 0.02460 0.00094 ( 1)
 158 D   0.98474 0.00014 0.01512 0.00000 ( 1)
 159 Y   0.95858 0.02189 0.01901 0.00052 ( 1)
 160 C   0.97880 0.00008 0.02113 0.00000 ( 1)
 161 V   0.09581 0.73787 0.07458 0.09174 ( 2)
 162 E   0.95951 0.02889 0.01101 0.00058 ( 1)
 163 W   0.87543 0.09916 0.02249 0.00291 ( 1)
 164 Y   0.77675 0.00100 0.22218 0.00006 ( 1)
 165 N   0.84281 0.03476 0.12096 0.00146 ( 1)
 166 T   0.98136 0.00004 0.01860 0.00000 ( 1)
 167 G   0.98203 0.00002 0.01795 0.00000 ( 1)
 168 L   0.97003 0.00014 0.02983 0.00001 ( 1)
 169 N   0.98503 0.00465 0.01024 0.00009 ( 1)
 170 S   0.13349 0.73725 0.06480 0.06446 ( 2)
 171 L   0.97466 0.00328 0.02196 0.00009 ( 1)
 172 R   0.74751 0.00099 0.25144 0.00006 ( 1)
 173 G   0.98124 0.00009 0.01866 0.00000 ( 1)
 174 T   0.75088 0.00006 0.24906 0.00000 ( 1)
 175 N   0.98894 0.00077 0.01028 0.00001 ( 1)
 176 A   0.98639 0.00029 0.01332 0.00001 ( 1)
 177 A   0.65399 0.33084 0.00774 0.00743 ( 1)
 178 S   0.69810 0.00454 0.29698 0.00038 ( 1)
 179 W   0.97235 0.00265 0.02493 0.00008 ( 1)
 180 V   0.98251 0.00477 0.01262 0.00010 ( 1)
 181 R   0.07632 0.41967 0.36266 0.14135 ( 2)
 182 Y   0.98634 0.00001 0.01365 0.00000 ( 1)
 183 N   0.98970 0.00002 0.01029 0.00000 ( 1)
 184 Q   0.98489 0.00004 0.01507 0.00000 ( 1)
 185 F   0.98077 0.00014 0.01908 0.00000 ( 1)
 186 R   0.98616 0.00007 0.01376 0.00000 ( 1)
 187 R   0.98871 0.00001 0.01128 0.00000 ( 1)
 188 D   0.98309 0.00014 0.01677 0.00000 ( 1)
 189 L   0.98927 0.00047 0.01026 0.00001 ( 1)
 190 T   0.98753 0.00036 0.01211 0.00001 ( 1)
 191 L   0.97625 0.00643 0.01717 0.00015 ( 1)
 192 G   0.98701 0.00271 0.01024 0.00005 ( 1)
 193 V   0.98738 0.00000 0.01262 0.00000 ( 1)
 194 L   0.98230 0.00012 0.01758 0.00000 ( 1)
 195 D   0.98937 0.00000 0.01063 0.00000 ( 1)
 196 L   0.98248 0.00016 0.01736 0.00000 ( 1)
 197 V   0.97854 0.00062 0.02083 0.00002 ( 1)
 198 A   0.98877 0.00016 0.01107 0.00000 ( 1)
 199 L   0.98157 0.00086 0.01755 0.00002 ( 1)
 200 F   0.98086 0.00006 0.01908 0.00000 ( 1)
 201 P   0.74325 0.00004 0.25670 0.00000 ( 1)
 202 S   0.97661 0.00327 0.02005 0.00008 ( 1)

