Supplemental results for CODEML (seqf: algn  treef: tree)


dN/dS (w) for site classes (K=4)

site class             0        1       2a       2b
proportion       0.81483  0.16348  0.01807  0.00362
background w     0.10882  1.00000  0.10882  1.00000
foreground w     0.10882  1.00000  1.00000  1.00000

Naive Empirical Bayes (NEB) probabilities for 4 classes
(amino acids refer to 1st sequence: BT_Cry1Ca11)

   1 -   0.20728 0.73818 0.03817 0.01637 ( 2)
   2 -   0.97581 0.00601 0.01805 0.00013 ( 1)
   3 -   0.92566 0.05660 0.01649 0.00125 ( 1)
   4 G   0.87606 0.10611 0.01548 0.00235 ( 1)
   5 Q   0.97888 0.00071 0.02040 0.00002 ( 1)
   6 L   0.97769 0.00296 0.01929 0.00007 ( 1)
   7 T   0.97899 0.00058 0.02042 0.00001 ( 1)
   8 R   0.97613 0.00389 0.01989 0.00009 ( 1)
   9 E   0.98154 0.00016 0.01830 0.00000 ( 1)
  10 V   0.76980 0.07992 0.14850 0.00177 ( 1)
  11 Y   0.98182 0.00013 0.01805 0.00000 ( 1)
  12 T   0.63064 0.34819 0.01345 0.00772 ( 1)
  13 D   0.98222 0.00043 0.01734 0.00001 ( 1)
  14 P   0.96619 0.01211 0.02142 0.00027 ( 1)
  15 L   0.97897 0.00171 0.01928 0.00004 ( 1)
  16 I   0.88878 0.09302 0.01613 0.00206 ( 1)
  17 N   0.90141 0.08084 0.01595 0.00179 ( 1)
  18 F   0.96861 0.01408 0.01699 0.00031 ( 1)
  19 N   0.98286 0.00006 0.01708 0.00000 ( 1)
  20 P   0.92601 0.05550 0.01726 0.00123 ( 1)
  21 Q   0.07306 0.90559 0.00127 0.02008 ( 2)
  22 L   0.98069 0.00142 0.01786 0.00003 ( 1)
  23 Q   0.16629 0.81268 0.00301 0.01802 ( 2)
  24 S   0.98120 0.00097 0.01781 0.00002 ( 1)
  25 V   0.71277 0.26802 0.01327 0.00594 ( 1)
  26 A   0.97727 0.00443 0.01820 0.00010 ( 1)
  27 Q   0.80671 0.17292 0.01653 0.00383 ( 1)
  28 L   0.94625 0.03556 0.01740 0.00079 ( 1)
  29 P   0.98121 0.00023 0.01855 0.00001 ( 1)
  30 T   0.97017 0.00926 0.02037 0.00021 ( 1)
  31 F   0.98250 0.00011 0.01739 0.00000 ( 1)
  32 N   0.61902 0.36091 0.01208 0.00800 ( 1)
  33 V   0.96921 0.01323 0.01726 0.00029 ( 1)
  34 M   0.96082 0.02159 0.01711 0.00048 ( 1)
  35 E   0.98148 0.00022 0.01830 0.00000 ( 1)
  36 S   0.98125 0.00158 0.01714 0.00004 ( 1)
  37 S   0.27100 0.70846 0.00483 0.01571 ( 2)
  38 A   0.95309 0.02893 0.01734 0.00064 ( 1)
  39 I   0.98262 0.00013 0.01724 0.00000 ( 1)
  40 R   0.98137 0.00027 0.01835 0.00001 ( 1)
  41 N   0.94693 0.03574 0.01654 0.00079 ( 1)
  42 P   0.98195 0.00022 0.01783 0.00000 ( 1)
  43 H   0.98220 0.00007 0.01773 0.00000 ( 1)
  44 L   0.97768 0.00300 0.01925 0.00007 ( 1)
  45 F   0.76716 0.21378 0.01432 0.00474 ( 1)
  46 D   0.96845 0.01135 0.01995 0.00025 ( 1)
  47 I   0.93990 0.04252 0.01664 0.00094 ( 1)
  48 L   0.97860 0.00209 0.01927 0.00005 ( 1)
  49 N   0.96679 0.01605 0.01680 0.00036 ( 1)
  50 N   0.19461 0.78401 0.00399 0.01738 ( 2)
  51 L   0.97743 0.00516 0.01730 0.00011 ( 1)
  52 T   0.97869 0.00075 0.02055 0.00002 ( 1)
  53 I   0.98216 0.00059 0.01723 0.00001 ( 1)
  54 F   0.97969 0.00225 0.01801 0.00005 ( 1)
  55 T   0.98125 0.00059 0.01815 0.00001 ( 1)
  56 D   0.98255 0.00010 0.01735 0.00000 ( 1)
  57 W   0.91725 0.06106 0.02034 0.00135 ( 1)
  58 F   0.88364 0.09467 0.01959 0.00210 ( 1)
  59 S   0.96558 0.01718 0.01686 0.00038 ( 1)
  60 V   0.96003 0.01908 0.02048 0.00042 ( 1)
  61 G   0.97690 0.00480 0.01819 0.00011 ( 1)
  62 R   0.95835 0.02338 0.01776 0.00052 ( 1)
  63 N   0.97643 0.00550 0.01795 0.00012 ( 1)
  64 F   0.12120 0.85753 0.00226 0.01901 ( 2)
  65 Y   0.98004 0.00190 0.01802 0.00004 ( 1)
  66 W   0.97263 0.00694 0.02028 0.00015 ( 1)
  67 G   0.98057 0.00055 0.01886 0.00001 ( 1)
  68 G   0.97757 0.00183 0.02056 0.00004 ( 1)
  69 H   0.97923 0.00042 0.02034 0.00001 ( 1)
  70 R   0.59870 0.38043 0.01244 0.00844 ( 1)
  71 V   0.97185 0.00979 0.01814 0.00022 ( 1)
  72 I   0.21794 0.76139 0.00379 0.01688 ( 2)
  73 S   0.84834 0.00248 0.14913 0.00005 ( 1)
  74 S   0.09912 0.87934 0.00204 0.01950 ( 2)
  75 L   0.91079 0.06834 0.01935 0.00152 ( 1)
  76 I   0.95522 0.02653 0.01767 0.00059 ( 1)
  77 G   0.98057 0.00055 0.01886 0.00001 ( 1)
  78 G   0.90229 0.07706 0.01894 0.00171 ( 1)
  79 G   0.31794 0.66177 0.00562 0.01467 ( 2)
  80 N   0.98026 0.00237 0.01732 0.00005 ( 1)
  81 -   0.89366 0.08884 0.01553 0.00197 ( 1)
  82 -   0.82068 0.15875 0.01705 0.00352 ( 1)
  83 I   0.98189 0.00024 0.01787 0.00001 ( 1)
  84 T   0.27243 0.70681 0.00510 0.01567 ( 2)
  85 S   0.96463 0.01466 0.02038 0.00033 ( 1)
  86 P   0.98202 0.00015 0.01783 0.00000 ( 1)
  87 I   0.85899 0.12140 0.01692 0.00269 ( 1)
  88 Y   0.98167 0.00027 0.01805 0.00001 ( 1)
  89 G   0.98062 0.00051 0.01886 0.00001 ( 1)
  90 R   0.97448 0.00554 0.01985 0.00012 ( 1)
  91 E   0.98080 0.00089 0.01828 0.00002 ( 1)
  92 A   0.75170 0.22877 0.01446 0.00507 ( 1)
  93 N   0.97887 0.00402 0.01702 0.00009 ( 1)
  94 Q   0.54758 0.43270 0.01013 0.00959 ( 1)
  95 E   0.97676 0.00314 0.02003 0.00007 ( 1)
  96 P   0.02136 0.95697 0.00045 0.02122 ( 2)
  97 P   0.97865 0.00065 0.02069 0.00001 ( 1)
  98 R   0.86953 0.11176 0.01623 0.00248 ( 1)
  99 S   0.00245 0.97587 0.00004 0.02164 ( 2)
 100 F   0.93790 0.04465 0.01645 0.00099 ( 1)
 101 T   0.05270 0.92567 0.00111 0.02053 ( 2)
 102 F   0.88925 0.09215 0.01656 0.00204 ( 1)
 103 N   0.55695 0.42281 0.01087 0.00938 ( 1)
 104 G   0.72912 0.25206 0.01324 0.00559 ( 1)
 105 -   0.58255 0.39671 0.01194 0.00880 ( 1)
 106 -   0.70161 0.27911 0.01309 0.00619 ( 1)
 107 P   0.97955 0.00189 0.01852 0.00004 ( 1)
 108 V   0.98102 0.00111 0.01785 0.00002 ( 1)
 109 F   0.98162 0.00099 0.01737 0.00002 ( 1)
 110 R   0.96571 0.01587 0.01806 0.00035 ( 1)
 111 T   0.98132 0.00052 0.01815 0.00001 ( 1)
 112 L   0.98096 0.00115 0.01786 0.00003 ( 1)
 113 S   0.97979 0.00108 0.01911 0.00002 ( 1)
 114 N   0.87977 0.10180 0.01618 0.00226 ( 1)
 115 P   0.80132 0.18062 0.01406 0.00400 ( 1)
 116 T   0.98151 0.00033 0.01815 0.00001 ( 1)
 117 L   0.34242 0.63623 0.00724 0.01411 ( 2)
 118 R   0.96748 0.01458 0.01762 0.00032 ( 1)
 119 L   0.00006 0.97825 0.00000 0.02169 ( 2)
 120 L   0.62075 0.36047 0.01079 0.00799 ( 1)
 121 Q   0.04921 0.92923 0.00096 0.02060 ( 2)
 122 Q   0.95216 0.03061 0.01655 0.00068 ( 1)
 123 P   0.98192 0.00025 0.01782 0.00001 ( 1)
 124 W   0.01616 0.96215 0.00036 0.02133 ( 2)
 125 P   0.84510 0.13320 0.01874 0.00295 ( 1)
 126 A   0.35851 0.61980 0.00795 0.01374 ( 2)
 127 P   0.57137 0.40694 0.01267 0.00902 ( 1)
 128 P   0.71510 0.26321 0.01586 0.00584 ( 1)
 129 F   0.97197 0.00634 0.02155 0.00014 ( 1)
 130 N   0.36526 0.61305 0.00810 0.01359 ( 2)
 131 L   0.97516 0.00650 0.01820 0.00014 ( 1)
 132 R   0.96427 0.01816 0.01717 0.00040 ( 1)
 133 G   0.86569 0.11510 0.01665 0.00255 ( 1)
 134 V   0.53201 0.44700 0.01108 0.00991 ( 1)
 135 E   0.97894 0.00096 0.02008 0.00002 ( 1)
 136 G   0.98028 0.00084 0.01886 0.00002 ( 1)
 137 V   0.97879 0.00071 0.02049 0.00002 ( 1)
 138 E   0.98154 0.00016 0.01830 0.00000 ( 1)
 139 F   0.97940 0.00041 0.02018 0.00001 ( 1)
 140 S   0.45414 0.52541 0.00880 0.01165 ( 2)
 141 T   0.58366 0.39738 0.01015 0.00881 ( 1)
 142 P   0.82764 0.15432 0.01462 0.00342 ( 1)
 143 T   0.11382 0.86493 0.00207 0.01918 ( 2)
 144 -   0.81483 0.16348 0.01807 0.00362 ( 1)
 145 N   0.72569 0.25596 0.01267 0.00568 ( 1)
 146 S   0.95172 0.02982 0.01780 0.00066 ( 1)
 147 F   0.05182 0.92673 0.00091 0.02055 ( 2)
 148 T   0.92638 0.05315 0.01929 0.00118 ( 1)
 149 Y   0.98182 0.00013 0.01805 0.00000 ( 1)
 150 R   0.98144 0.00037 0.01819 0.00001 ( 1)
 151 G   0.96094 0.02094 0.01765 0.00046 ( 1)
 152 R   0.97854 0.00275 0.01865 0.00006 ( 1)
 153 G   0.98192 0.00022 0.01785 0.00000 ( 1)
 154 T   0.05577 0.92272 0.00105 0.02046 ( 2)
 155 V   0.94480 0.03731 0.01706 0.00083 ( 1)
 156 D   0.98260 0.00005 0.01735 0.00000 ( 1)
 157 S   0.98191 0.00030 0.01778 0.00001 ( 1)
 158 L   0.96215 0.02037 0.01703 0.00045 ( 1)
 159 T   0.68801 0.19596 0.11168 0.00435 ( 1)
 160 E   0.98027 0.00143 0.01827 0.00003 ( 1)
 161 L   0.97907 0.00161 0.01928 0.00004 ( 1)
 162 P   0.97762 0.00381 0.01849 0.00008 ( 1)
 163 P   0.98199 0.00018 0.01783 0.00000 ( 1)
 164 E   0.14637 0.83233 0.00284 0.01846 ( 2)
 165 D   0.97625 0.00638 0.01724 0.00014 ( 1)
 166 N   0.00383 0.97449 0.00008 0.02161 ( 2)
 167 S   0.76242 0.21821 0.01453 0.00484 ( 1)
 168 V   0.95976 0.02184 0.01791 0.00048 ( 1)
 169 P   0.93265 0.04937 0.01689 0.00109 ( 1)
 170 P   0.98199 0.00018 0.01783 0.00000 ( 1)
 171 R   0.01014 0.96656 0.00186 0.02143 ( 2)
 172 E   0.44028 0.54002 0.00772 0.01197 ( 2)
 173 G   0.85335 0.12590 0.01795 0.00279 ( 1)
 174 Y   0.98171 0.00024 0.01805 0.00001 ( 1)
 175 S   0.98278 0.00005 0.01716 0.00000 ( 1)
 176 H   0.97764 0.00201 0.02031 0.00004 ( 1)
 177 R   0.98147 0.00034 0.01819 0.00001 ( 1)
 178 L   0.97925 0.00143 0.01929 0.00003 ( 1)
 179 C   0.97992 0.00073 0.01933 0.00002 ( 1)
 180 H   0.98220 0.00007 0.01773 0.00000 ( 1)
 181 A   0.98028 0.00033 0.01938 0.00001 ( 1)
 182 T   0.98065 0.00118 0.01814 0.00003 ( 1)
 183 F   0.98255 0.00006 0.01739 0.00000 ( 1)
 184 V   0.97248 0.00819 0.01915 0.00018 ( 1)
 185 Q   0.89680 0.08461 0.01672 0.00188 ( 1)
 186 R   0.95850 0.02064 0.02041 0.00046 ( 1)
 187 S   0.97393 0.00879 0.01709 0.00019 ( 1)
 188 G   0.97793 0.00488 0.01708 0.00011 ( 1)
 189 T   0.80331 0.17730 0.01545 0.00393 ( 1)
 190 P   0.98118 0.00026 0.01855 0.00001 ( 1)
 191 F   0.54429 0.43587 0.01018 0.00966 ( 1)
 192 L   0.97646 0.00578 0.01763 0.00013 ( 1)
 193 T   0.80412 0.17419 0.01783 0.00386 ( 1)
 194 T   0.97895 0.00276 0.01823 0.00006 ( 1)
 195 G   0.98002 0.00074 0.01922 0.00002 ( 1)
 196 V   0.00003 0.97823 0.00005 0.02169 ( 2)
 197 V   0.97342 0.00860 0.01779 0.00019 ( 1)
 198 F   0.98149 0.00111 0.01737 0.00002 ( 1)
 199 S   0.85434 0.00140 0.14423 0.00003 ( 1)
 200 W   0.97263 0.00694 0.02028 0.00015 ( 1)
 201 T   0.98101 0.00083 0.01814 0.00002 ( 1)
 202 H   0.98067 0.00022 0.01910 0.00000 ( 1)
 203 R   0.98164 0.00017 0.01819 0.00000 ( 1)
 204 S   0.98254 0.00029 0.01716 0.00001 ( 1)


lnL = -2862.522324

Bayes Empirical Bayes (BEB) probabilities for 4 classes (class)
(amino acids refer to 1st sequence: BT_Cry1Ca11)

   1 -   0.32222 0.41909 0.21359 0.04510 ( 2)
   2 -   0.97094 0.00627 0.02262 0.00017 ( 1)
   3 -   0.93690 0.04245 0.01959 0.00107 ( 1)
   4 G   0.92596 0.05348 0.01922 0.00134 ( 1)
   5 Q   0.96668 0.00075 0.03255 0.00003 ( 1)
   6 L   0.96989 0.00292 0.02710 0.00009 ( 1)
   7 T   0.96647 0.00067 0.03284 0.00002 ( 1)
   8 R   0.96616 0.00384 0.02987 0.00013 ( 1)
   9 E   0.97702 0.00019 0.02279 0.00001 ( 1)
  10 V   0.53523 0.03202 0.42873 0.00402 ( 1)
  11 Y   0.97787 0.00016 0.02197 0.00000 ( 1)
  12 T   0.75796 0.20607 0.02822 0.00775 ( 1)
  13 D   0.97981 0.00050 0.01969 0.00001 ( 1)
  14 P   0.94727 0.01077 0.04150 0.00046 ( 1)
  15 L   0.97124 0.00174 0.02697 0.00005 ( 1)
  16 I   0.93326 0.04523 0.02035 0.00116 ( 1)
  17 N   0.94104 0.03891 0.01910 0.00095 ( 1)
  18 F   0.97114 0.00897 0.01967 0.00022 ( 1)
  19 N   0.98081 0.00008 0.01911 0.00000 ( 1)
  20 P   0.94552 0.03156 0.02207 0.00085 ( 1)
  21 Q   0.22638 0.75091 0.00461 0.01810 ( 2)
  22 L   0.97708 0.00148 0.02140 0.00004 ( 1)
  23 Q   0.39985 0.57641 0.00892 0.01482 ( 2)
  24 S   0.97780 0.00087 0.02130 0.00002 ( 1)
  25 V   0.84473 0.13178 0.01993 0.00357 ( 1)
  26 A   0.97324 0.00377 0.02289 0.00010 ( 1)
  27 Q   0.87682 0.09234 0.02776 0.00308 ( 1)
  28 L   0.95704 0.02090 0.02151 0.00055 ( 1)
  29 P   0.97581 0.00027 0.02391 0.00001 ( 1)
  30 T   0.95866 0.00767 0.03339 0.00028 ( 1)
  31 F   0.97999 0.00014 0.01987 0.00000 ( 1)
  32 N   0.78667 0.18628 0.02148 0.00558 ( 1)
  33 V   0.97083 0.00868 0.02028 0.00022 ( 1)
  34 M   0.96741 0.01208 0.02021 0.00030 ( 1)
  35 E   0.97695 0.00025 0.02279 0.00001 ( 1)
  36 S   0.97930 0.00143 0.01924 0.00003 ( 1)
  37 S   0.48793 0.48939 0.01041 0.01227 ( 2)
  38 A   0.96075 0.01747 0.02132 0.00046 ( 1)
  39 I   0.97998 0.00018 0.01984 0.00000 ( 1)
  40 R   0.97655 0.00031 0.02313 0.00001 ( 1)
  41 N   0.95867 0.02196 0.01884 0.00053 ( 1)
  42 P   0.97841 0.00026 0.02132 0.00001 ( 1)
  43 H   0.97913 0.00009 0.02078 0.00000 ( 1)
  44 L   0.96999 0.00299 0.02694 0.00009 ( 1)
  45 F   0.86802 0.10850 0.02053 0.00294 ( 1)
  46 D   0.96011 0.00869 0.03091 0.00029 ( 1)
  47 I   0.95329 0.02672 0.01934 0.00065 ( 1)
  48 L   0.97088 0.00209 0.02696 0.00006 ( 1)
  49 N   0.97043 0.01040 0.01892 0.00025 ( 1)
  50 N   0.39794 0.57012 0.01289 0.01905 ( 2)
  51 L   0.97602 0.00409 0.01979 0.00010 ( 1)
  52 T   0.96550 0.00085 0.03363 0.00003 ( 1)
  53 I   0.97945 0.00071 0.01983 0.00002 ( 1)
  54 F   0.97609 0.00193 0.02193 0.00005 ( 1)
  55 T   0.97654 0.00069 0.02275 0.00002 ( 1)
  56 D   0.98018 0.00012 0.01969 0.00000 ( 1)
  57 W   0.90837 0.04967 0.03983 0.00214 ( 1)
  58 F   0.89513 0.06291 0.03926 0.00271 ( 1)
  59 S   0.96911 0.01157 0.01904 0.00028 ( 1)
  60 V   0.95013 0.01414 0.03519 0.00053 ( 1)
  61 G   0.97316 0.00385 0.02289 0.00010 ( 1)
  62 R   0.95962 0.01796 0.02195 0.00048 ( 1)
  63 N   0.97363 0.00438 0.02188 0.00011 ( 1)
  64 F   0.32946 0.64499 0.00801 0.01754 ( 2)
  65 Y   0.97637 0.00165 0.02194 0.00004 ( 1)
  66 W   0.96106 0.00628 0.03244 0.00022 ( 1)
  67 G   0.97430 0.00061 0.02508 0.00002 ( 1)
  68 G   0.96434 0.00184 0.03376 0.00007 ( 1)
  69 H   0.96738 0.00046 0.03214 0.00002 ( 1)
  70 R   0.69522 0.27202 0.02333 0.00942 ( 1)
  71 V   0.96923 0.00769 0.02287 0.00021 ( 1)
  72 I   0.47224 0.50624 0.00941 0.01211 ( 2)
  73 S   0.65232 0.00165 0.34588 0.00015 ( 1)
  74 S   0.24314 0.72404 0.00814 0.02469 ( 2)
  75 L   0.92491 0.03987 0.03373 0.00148 ( 1)
  76 I   0.96093 0.01624 0.02239 0.00044 ( 1)
  77 G   0.97430 0.00061 0.02508 0.00002 ( 1)
  78 G   0.92288 0.04339 0.03217 0.00156 ( 1)
  79 G   0.58990 0.38797 0.01241 0.00972 ( 1)
  80 N   0.97762 0.00205 0.02027 0.00005 ( 1)
  81 -   0.90784 0.07270 0.01772 0.00174 ( 1)
  82 -   0.83824 0.12929 0.02799 0.00448 ( 1)
  83 I   0.97799 0.00030 0.02170 0.00001 ( 1)
  84 T   0.50119 0.47383 0.01211 0.01287 ( 1)
  85 S   0.95437 0.01119 0.03403 0.00041 ( 1)
  86 P   0.97849 0.00019 0.02132 0.00000 ( 1)
  87 I   0.90189 0.07087 0.02509 0.00215 ( 1)
  88 Y   0.97771 0.00032 0.02197 0.00001 ( 1)
  89 G   0.97434 0.00056 0.02508 0.00002 ( 1)
  90 R   0.96558 0.00442 0.02985 0.00015 ( 1)
  91 E   0.97626 0.00095 0.02277 0.00003 ( 1)
  92 A   0.83745 0.13698 0.02163 0.00394 ( 1)
  93 N   0.97731 0.00355 0.01905 0.00009 ( 1)
  94 Q   0.74507 0.23122 0.01748 0.00624 ( 1)
  95 E   0.96629 0.00299 0.03062 0.00010 ( 1)
  96 P   0.09177 0.87182 0.00352 0.03289 ( 2)
  97 P   0.96478 0.00072 0.03448 0.00003 ( 1)
  98 R   0.91245 0.06425 0.02156 0.00174 ( 1)
  99 S   0.01549 0.95961 0.00034 0.02456 ( 2)
 100 F   0.95112 0.02890 0.01927 0.00071 ( 1)
 101 T   0.16672 0.79822 0.00606 0.02899 ( 2)
 102 F   0.93322 0.04363 0.02197 0.00118 ( 1)
 103 N   0.74227 0.23053 0.02030 0.00690 ( 1)
 104 G   0.82930 0.14874 0.01814 0.00382 ( 1)
 105 -   0.69146 0.27728 0.02203 0.00923 ( 1)
 106 -   0.78573 0.19047 0.01864 0.00516 ( 1)
 107 P   0.97412 0.00195 0.02387 0.00005 ( 1)
 108 V   0.97728 0.00101 0.02168 0.00003 ( 1)
 109 F   0.97919 0.00094 0.01985 0.00002 ( 1)
 110 R   0.96469 0.01213 0.02286 0.00033 ( 1)
 111 T   0.97663 0.00061 0.02275 0.00002 ( 1)
 112 L   0.97731 0.00125 0.02140 0.00003 ( 1)
 113 S   0.97241 0.00115 0.02641 0.00003 ( 1)
 114 N   0.92724 0.05058 0.02086 0.00133 ( 1)
 115 P   0.89344 0.08630 0.01813 0.00213 ( 1)
 116 T   0.97683 0.00041 0.02275 0.00001 ( 1)
 117 L   0.57477 0.39009 0.02084 0.01430 ( 1)
 118 R   0.96769 0.01083 0.02120 0.00028 ( 1)
 119 L   0.00048 0.96619 0.00002 0.03332 ( 2)
 120 L   0.79864 0.18139 0.01564 0.00433 ( 1)
 121 Q   0.16028 0.81059 0.00457 0.02457 ( 2)
 122 Q   0.96260 0.01820 0.01877 0.00044 ( 1)
 123 P   0.97837 0.00030 0.02132 0.00001 ( 1)
 124 W   0.05139 0.90665 0.00236 0.03960 ( 2)
 125 P   0.86980 0.08823 0.03817 0.00379 ( 1)
 126 A   0.53480 0.42323 0.02375 0.01821 ( 1)
 127 P   0.68004 0.27800 0.03001 0.01195 ( 1)
 128 P   0.78168 0.17636 0.03438 0.00758 ( 1)
 129 F   0.95219 0.00585 0.04171 0.00025 ( 1)
 130 N   0.53839 0.41965 0.02390 0.01806 ( 1)
 131 L   0.97187 0.00506 0.02293 0.00014 ( 1)
 132 R   0.96866 0.01083 0.02024 0.00027 ( 1)
 133 G   0.90720 0.06747 0.02339 0.00194 ( 1)
 134 V   0.71631 0.25059 0.02432 0.00877 ( 1)
 135 E   0.96828 0.00100 0.03068 0.00003 ( 1)
 136 G   0.97400 0.00090 0.02507 0.00003 ( 1)
 137 V   0.96602 0.00078 0.03318 0.00003 ( 1)
 138 E   0.97702 0.00019 0.02279 0.00001 ( 1)
 139 F   0.96828 0.00048 0.03122 0.00002 ( 1)
 140 S   0.67029 0.30322 0.01770 0.00879 ( 1)
 141 T   0.76375 0.21611 0.01498 0.00516 ( 1)
 142 P   0.90257 0.07675 0.01875 0.00193 ( 1)
 143 T   0.29243 0.68292 0.00673 0.01792 ( 2)
 144 -   0.82876 0.12928 0.03641 0.00556 ( 1)
 145 N   0.85116 0.12898 0.01677 0.00309 ( 1)
 146 S   0.95858 0.01822 0.02271 0.00050 ( 1)
 147 F   0.19457 0.78247 0.00401 0.01896 ( 2)
 148 T   0.93622 0.03111 0.03158 0.00109 ( 1)
 149 Y   0.97787 0.00016 0.02197 0.00000 ( 1)
 150 R   0.97723 0.00042 0.02234 0.00001 ( 1)
 151 G   0.96524 0.01271 0.02172 0.00033 ( 1)
 152 R   0.97082 0.00228 0.02683 0.00007 ( 1)
 153 G   0.97843 0.00027 0.02129 0.00001 ( 1)
 154 T   0.17770 0.79537 0.00457 0.02236 ( 2)
 155 V   0.95309 0.02245 0.02379 0.00067 ( 1)
 156 D   0.98024 0.00007 0.01969 0.00000 ( 1)
 157 S   0.97839 0.00036 0.02124 0.00001 ( 1)
 158 L   0.96707 0.01300 0.01961 0.00032 ( 1)
 159 T   0.65958 0.08374 0.25084 0.00584 ( 1)
 160 E   0.97575 0.00145 0.02276 0.00004 ( 1)
 161 L   0.97132 0.00165 0.02697 0.00005 ( 1)
 162 P   0.97233 0.00374 0.02383 0.00010 ( 1)
 163 P   0.97846 0.00022 0.02132 0.00001 ( 1)
 164 E   0.34224 0.63017 0.00923 0.01837 ( 2)
 165 D   0.97594 0.00435 0.01961 0.00011 ( 1)
 166 N   0.01921 0.94527 0.00072 0.03480 ( 2)
 167 S   0.86217 0.11050 0.02389 0.00345 ( 1)
 168 V   0.96036 0.01652 0.02266 0.00045 ( 1)
 169 P   0.94963 0.02900 0.02063 0.00074 ( 1)
 170 P   0.97846 0.00022 0.02132 0.00001 ( 1)
 171 R   0.04441 0.83237 0.03073 0.09249 ( 2)
 172 E   0.67027 0.30842 0.01371 0.00759 ( 1)
 173 G   0.89418 0.07188 0.03135 0.00259 ( 1)
 174 Y   0.97774 0.00028 0.02197 0.00001 ( 1)
 175 S   0.98067 0.00007 0.01926 0.00000 ( 1)
 176 H   0.96581 0.00202 0.03209 0.00007 ( 1)
 177 R   0.97726 0.00039 0.02234 0.00001 ( 1)
 178 L   0.97150 0.00148 0.02698 0.00005 ( 1)
 179 C   0.97123 0.00078 0.02796 0.00002 ( 1)
 180 H   0.97913 0.00009 0.02078 0.00000 ( 1)
 181 A   0.97185 0.00039 0.02775 0.00001 ( 1)
 182 T   0.97593 0.00130 0.02273 0.00004 ( 1)
 183 F   0.98005 0.00008 0.01987 0.00000 ( 1)
 184 V   0.96665 0.00632 0.02685 0.00019 ( 1)
 185 Q   0.93028 0.04674 0.02172 0.00126 ( 1)
 186 R   0.94925 0.01526 0.03493 0.00057 ( 1)
 187 S   0.97447 0.00566 0.01973 0.00014 ( 1)
 188 G   0.97673 0.00399 0.01919 0.00010 ( 1)
 189 T   0.87380 0.10075 0.02255 0.00290 ( 1)
 190 P   0.97577 0.00031 0.02391 0.00001 ( 1)
 191 F   0.75606 0.21995 0.01802 0.00597 ( 1)
 192 L   0.97102 0.00462 0.02423 0.00014 ( 1)
 193 T   0.84274 0.11529 0.03701 0.00496 ( 1)
 194 T   0.97465 0.00236 0.02292 0.00006 ( 1)
 195 G   0.97219 0.00080 0.02698 0.00002 ( 1)
 196 V   0.00020 0.63213 0.00492 0.36275 ( 2)
 197 V   0.97068 0.00695 0.02218 0.00019 ( 1)
 198 F   0.97908 0.00104 0.01985 0.00003 ( 1)
 199 S   0.69227 0.00103 0.30661 0.00008 ( 1)
 200 W   0.96106 0.00628 0.03244 0.00022 ( 1)
 201 T   0.97629 0.00094 0.02274 0.00003 ( 1)
 202 H   0.97155 0.00026 0.02819 0.00001 ( 1)
 203 R   0.97745 0.00020 0.02234 0.00001 ( 1)
 204 S   0.98036 0.00037 0.01926 0.00001 ( 1)

