Supplemental results for CODEML (seqf: algn  treef: tree)


dN/dS (w) for site classes (K=4)

site class             0        1       2a       2b
proportion       0.53677  0.41468  0.02739  0.02116
background w     0.04379  0.27593  0.04379  0.27593
foreground w     0.04379  0.27593  1.36511  1.36511

Naive Empirical Bayes (NEB) probabilities for 4 classes
(amino acids refer to 1st sequence: BT_Cry1Ba1)

   1 P   0.87920 0.12021 0.00045 0.00015 ( 1)
   2 F   0.97938 0.02059 0.00003 0.00000 ( 1)
   3 A   0.11041 0.88879 0.00013 0.00067 ( 2)
   4 G   0.01814 0.98024 0.00005 0.00157 ( 2)
   5 Q   0.63683 0.36277 0.00016 0.00024 ( 1)
   6 L   0.00501 0.99372 0.00005 0.00122 ( 2)
   7 A   0.85169 0.14826 0.00003 0.00002 ( 1)
   8 S   0.76675 0.23202 0.00075 0.00049 ( 1)
   9 F   0.66879 0.28222 0.04449 0.00451 ( 1)
  10 Y   0.96587 0.03406 0.00006 0.00001 ( 1)
  11 S   0.88250 0.11747 0.00002 0.00001 ( 1)
  12 F   0.97773 0.02225 0.00002 0.00000 ( 1)
  13 L   0.28152 0.71557 0.00049 0.00241 ( 2)
  14 V   0.18928 0.80629 0.00157 0.00286 ( 2)
  15 G   0.80677 0.19289 0.00020 0.00014 ( 1)
  16 E   0.69999 0.29916 0.00041 0.00044 ( 1)
  17 L   0.93855 0.06132 0.00011 0.00002 ( 1)
  18 W   0.78826 0.20663 0.00364 0.00146 ( 1)
  19 P   0.93620 0.06345 0.00029 0.00005 ( 1)
  20 R   0.00510 0.99453 0.00000 0.00037 ( 2)
  21 G   0.20653 0.79041 0.00037 0.00270 ( 2)
  22 R   0.10510 0.89472 0.00002 0.00016 ( 2)
  23 -   0.62456 0.32689 0.03186 0.01668 ( 1)
  24 D   0.12567 0.87227 0.00046 0.00160 ( 2)
  25 Q   0.00850 0.99075 0.00000 0.00074 ( 2)
  26 W   0.78826 0.20663 0.00364 0.00146 ( 1)
  27 E   0.98665 0.01333 0.00001 0.00000 ( 1)
  28 I   0.04675 0.95027 0.00008 0.00290 ( 2)
  29 F   0.84715 0.15281 0.00002 0.00002 ( 1)
  30 L   0.35966 0.64027 0.00001 0.00005 ( 2)
  31 E   0.49757 0.50238 0.00001 0.00005 ( 2)
  32 H   0.42256 0.57736 0.00001 0.00007 ( 2)
  33 V   0.96561 0.03437 0.00002 0.00000 ( 1)
  34 E   0.98735 0.01264 0.00001 0.00000 ( 1)
  35 Q   0.07465 0.91922 0.00098 0.00514 ( 2)
  36 L   0.37682 0.59130 0.02808 0.00381 ( 2)
  37 I   0.02188 0.97729 0.00003 0.00080 ( 2)
  38 N   0.00000 0.68485 0.00080 0.31435 ( 2)
  39 Q   0.71970 0.27495 0.00458 0.00077 ( 1)
  40 Q   0.88279 0.11719 0.00001 0.00001 ( 1)
  41 I   0.94397 0.05603 0.00000 0.00000 ( 1)
  42 T   0.26895 0.50450 0.20704 0.01951 ( 2)
  43 E   0.00239 0.98913 0.00081 0.00768 ( 2)
  44 N   0.25057 0.74644 0.00044 0.00255 ( 2)
  45 A   0.53991 0.46005 0.00001 0.00003 ( 1)
  46 R   0.95759 0.04238 0.00003 0.00001 ( 1)
  47 N   0.46502 0.53458 0.00009 0.00031 ( 2)
  48 T   0.01891 0.97069 0.00471 0.00569 ( 2)
  49 A   0.97445 0.02553 0.00001 0.00000 ( 1)
  50 L   0.74615 0.25370 0.00007 0.00008 ( 1)
  51 A   0.00070 0.17047 0.75155 0.07727 ( 3)
  52 R   0.00819 0.98744 0.00048 0.00389 ( 2)
  53 L   0.92263 0.07681 0.00046 0.00009 ( 1)
  54 Q   0.01814 0.98011 0.00020 0.00155 ( 2)
  55 G   0.97592 0.02404 0.00003 0.00000 ( 1)
  56 L   0.92870 0.07092 0.00031 0.00006 ( 1)
  57 G   0.97777 0.02220 0.00003 0.00000 ( 1)
  58 D   0.24347 0.75650 0.00000 0.00003 ( 2)
  59 S   0.25392 0.74586 0.00002 0.00020 ( 2)
  60 F   0.20708 0.79047 0.00029 0.00216 ( 2)
  61 R   0.00029 0.99884 0.00000 0.00087 ( 2)
  62 A   0.61937 0.37640 0.00206 0.00216 ( 1)
  63 Y   0.91688 0.07928 0.00336 0.00048 ( 1)
  64 Q   0.69224 0.30700 0.00060 0.00016 ( 1)
  65 Q   0.06355 0.93432 0.00082 0.00131 ( 2)
  66 S   0.90662 0.09125 0.00180 0.00033 ( 1)
  67 L   0.96295 0.03695 0.00009 0.00001 ( 1)
  68 E   0.89748 0.10251 0.00001 0.00001 ( 1)
  69 D   0.02364 0.97569 0.00010 0.00056 ( 2)
  70 W   0.78826 0.20663 0.00364 0.00146 ( 1)
  71 L   0.00633 0.96001 0.01150 0.02216 ( 2)
  72 E   0.00001 0.12030 0.55791 0.32178 ( 3)
  73 N   0.98186 0.01813 0.00001 0.00000 ( 1)
  74 R   0.55581 0.44103 0.00128 0.00188 ( 1)
  75 D   0.90760 0.09238 0.00002 0.00001 ( 1)
  76 D   0.71762 0.27198 0.00930 0.00110 ( 1)
  77 A   0.02601 0.96916 0.00105 0.00379 ( 2)
  78 R   0.97163 0.02828 0.00008 0.00001 ( 1)
  79 T   0.01351 0.97712 0.00132 0.00804 ( 2)
  80 R   0.83978 0.15756 0.00242 0.00025 ( 1)
  81 S   0.97949 0.02049 0.00002 0.00000 ( 1)
  82 V   0.97621 0.02376 0.00003 0.00000 ( 1)
  83 L   0.66673 0.33143 0.00090 0.00093 ( 1)
  84 Y   0.00004 0.99395 0.00000 0.00601 ( 2)
  85 T   0.00020 0.28754 0.26786 0.44440 ( 4)
  86 Q   0.94330 0.05649 0.00018 0.00003 ( 1)
  87 Y   0.79545 0.20438 0.00009 0.00008 ( 1)
  88 I   0.11762 0.88072 0.00009 0.00158 ( 2)
  89 A   0.20242 0.74312 0.04243 0.01204 ( 2)
  90 L   0.91864 0.08059 0.00064 0.00013 ( 1)
  91 E   0.89501 0.10498 0.00001 0.00001 ( 1)
  92 L   0.93551 0.06302 0.00130 0.00018 ( 1)
  93 D   0.03548 0.64154 0.29948 0.02350 ( 2)
  94 F   0.80757 0.18518 0.00660 0.00065 ( 1)
  95 L   0.82798 0.17196 0.00003 0.00003 ( 1)
  96 N   0.00011 0.98532 0.00001 0.01456 ( 2)
  97 A   0.00000 0.19338 0.07146 0.73516 ( 4)
  98 M   0.30629 0.68446 0.00512 0.00413 ( 2)
  99 P   0.93581 0.06401 0.00015 0.00003 ( 1)
 100 L   0.32303 0.67656 0.00006 0.00035 ( 2)
 101 F   0.97224 0.02774 0.00002 0.00000 ( 1)
 102 A   0.98336 0.01662 0.00001 0.00000 ( 1)
 103 I   0.26697 0.73005 0.00170 0.00128 ( 2)
 104 R   0.00785 0.99179 0.00000 0.00036 ( 2)
 105 N   0.06529 0.93438 0.00001 0.00032 ( 2)
 106 Q   0.18927 0.75127 0.04713 0.01233 ( 2)
 107 E   0.85348 0.14644 0.00005 0.00003 ( 1)
 108 V   0.97851 0.02145 0.00004 0.00000 ( 1)
 109 P   0.76490 0.23078 0.00379 0.00053 ( 1)
 110 L   0.92726 0.07227 0.00039 0.00008 ( 1)
 111 L   0.92529 0.07427 0.00037 0.00008 ( 1)
 112 M   0.00124 0.99703 0.00000 0.00173 ( 2)
 113 V   0.85547 0.14411 0.00038 0.00004 ( 1)
 114 Y   0.95784 0.04206 0.00008 0.00001 ( 1)
 115 A   0.20480 0.45083 0.31045 0.03392 ( 2)
 116 Q   0.93105 0.06873 0.00018 0.00004 ( 1)
 117 A   0.97459 0.02537 0.00004 0.00000 ( 1)
 118 A   0.79881 0.20114 0.00003 0.00003 ( 1)
 119 N   0.97922 0.02078 0.00001 0.00000 ( 1)
 120 L   0.59479 0.40459 0.00022 0.00039 ( 1)
 121 H   0.89906 0.10024 0.00056 0.00014 ( 1)
 122 L   0.87650 0.12087 0.00212 0.00051 ( 1)
 123 L   0.87563 0.12210 0.00181 0.00046 ( 1)
 124 L   0.92522 0.07427 0.00042 0.00008 ( 1)
 125 L   0.91274 0.08685 0.00034 0.00008 ( 1)
 126 R   0.97333 0.02664 0.00003 0.00000 ( 1)
 127 D   0.98152 0.01847 0.00001 0.00000 ( 1)
 128 A   0.94104 0.05865 0.00026 0.00005 ( 1)
 129 S   0.94360 0.05629 0.00009 0.00002 ( 1)
 130 L   0.12038 0.87244 0.00395 0.00323 ( 2)
 131 F   0.87704 0.12294 0.00002 0.00001 ( 1)
 132 G   0.86443 0.13485 0.00065 0.00007 ( 1)
 133 S   0.00082 0.99828 0.00000 0.00090 ( 2)
 134 E   0.34212 0.59832 0.05248 0.00708 ( 2)
 135 F   0.02207 0.94074 0.00330 0.03390 ( 2)
 136 G   0.96776 0.03221 0.00002 0.00000 ( 1)
 137 L   0.51278 0.48470 0.00116 0.00136 ( 1)
 138 T   0.36408 0.63192 0.00236 0.00165 ( 2)
 139 S   0.00000 0.03086 0.37847 0.59066 ( 4)
 140 Q   0.00014 0.99319 0.00000 0.00666 ( 2)
 141 E   0.91698 0.08249 0.00049 0.00004 ( 1)
 142 I   0.98057 0.01940 0.00002 0.00000 ( 1)
 143 Q   0.19579 0.80347 0.00006 0.00068 ( 2)
 144 R   0.19828 0.80162 0.00001 0.00010 ( 2)
 145 Y   0.37751 0.62212 0.00016 0.00021 ( 2)
 146 Y   0.95856 0.04137 0.00007 0.00001 ( 1)
 147 E   0.01134 0.98255 0.00045 0.00566 ( 2)
 148 R   0.92216 0.07759 0.00020 0.00005 ( 1)
 149 Q   0.93717 0.06262 0.00018 0.00003 ( 1)
 150 V   0.02816 0.81402 0.06796 0.08986 ( 2)
 151 E   0.00062 0.97992 0.00067 0.01880 ( 2)
 152 R   0.00312 0.98891 0.00006 0.00791 ( 2)
 153 T   0.05355 0.77295 0.14337 0.03012 ( 2)
 154 R   0.00000 0.00102 0.01952 0.97946 ( 4)
 155 D   0.00304 0.99374 0.00008 0.00314 ( 2)
 156 Y   0.95976 0.04016 0.00007 0.00001 ( 1)
 157 S   0.13031 0.84398 0.00908 0.01662 ( 2)
 158 D   0.77945 0.20891 0.01053 0.00111 ( 1)
 159 Y   0.01515 0.96071 0.01047 0.01367 ( 2)
 160 C   0.93110 0.06869 0.00017 0.00004 ( 1)
 161 V   0.00002 0.07704 0.44460 0.47834 ( 4)
 162 E   0.01384 0.98573 0.00001 0.00042 ( 2)
 163 W   0.05800 0.59699 0.24614 0.09887 ( 2)
 164 Y   0.31878 0.64900 0.02741 0.00482 ( 2)
 165 N   0.00463 0.98217 0.00247 0.01073 ( 2)
 166 T   0.94362 0.05630 0.00006 0.00001 ( 1)
 167 G   0.96067 0.03915 0.00015 0.00002 ( 1)
 168 L   0.91967 0.07971 0.00051 0.00010 ( 1)
 169 N   0.02969 0.97026 0.00000 0.00005 ( 2)
 170 S   0.00009 0.29677 0.12069 0.58245 ( 4)
 171 L   0.51643 0.43911 0.03581 0.00865 ( 1)
 172 R   0.32445 0.65593 0.01210 0.00752 ( 2)
 173 G   0.78605 0.21169 0.00197 0.00029 ( 1)
 174 T   0.79294 0.20620 0.00073 0.00012 ( 1)
 175 N   0.15525 0.84452 0.00003 0.00019 ( 2)
 176 A   0.71720 0.26277 0.01770 0.00232 ( 1)
 177 A   0.00064 0.93238 0.01144 0.05554 ( 2)
 178 S   0.02302 0.96839 0.00182 0.00677 ( 2)
 179 W   0.78826 0.20663 0.00364 0.00146 ( 1)
 180 V   0.24581 0.75402 0.00001 0.00015 ( 2)
 181 R   0.00167 0.88182 0.00482 0.11169 ( 2)
 182 Y   0.96587 0.03406 0.00006 0.00001 ( 1)
 183 N   0.88685 0.11314 0.00001 0.00001 ( 1)
 184 Q   0.94330 0.05649 0.00018 0.00003 ( 1)
 185 F   0.90898 0.09068 0.00027 0.00007 ( 1)
 186 R   0.92360 0.07621 0.00016 0.00004 ( 1)
 187 R   0.87659 0.12269 0.00066 0.00006 ( 1)
 188 D   0.77354 0.22634 0.00006 0.00006 ( 1)
 189 L   0.30151 0.69787 0.00024 0.00037 ( 2)
 190 T   0.40897 0.57319 0.01569 0.00215 ( 2)
 191 L   0.21534 0.78386 0.00007 0.00073 ( 2)
 192 G   0.08610 0.91380 0.00000 0.00010 ( 2)
 193 V   0.98349 0.01649 0.00002 0.00000 ( 1)
 194 L   0.92394 0.07554 0.00043 0.00009 ( 1)
 195 D   0.98931 0.01069 0.00001 0.00000 ( 1)
 196 L   0.91491 0.08468 0.00033 0.00008 ( 1)
 197 V   0.68355 0.29921 0.01485 0.00239 ( 1)
 198 A   0.49663 0.48324 0.01828 0.00185 ( 1)
 199 L   0.64239 0.34618 0.00948 0.00196 ( 1)
 200 F   0.93741 0.06189 0.00061 0.00009 ( 1)
 201 P   0.79651 0.20091 0.00229 0.00029 ( 1)
 202 S   0.51042 0.48706 0.00093 0.00159 ( 1)


lnL = -4520.913169

