Supplemental results for CODEML (seqf: algn  treef: tree)


dN/dS (w) for site classes (K=4)

site class             0        1       2a       2b
proportion       0.47225  0.44688  0.04156  0.03932
background w     0.09169  1.29204  0.09169  1.29204
foreground w     0.09169  1.29204 11.50612 11.50612

Naive Empirical Bayes (NEB) probabilities for 4 classes
(amino acids refer to 1st sequence: BT_Cry32Da1)

   1 I   0.47225 0.44688 0.04156 0.03932 ( 1)
   2 S   0.03012 0.88900 0.00265 0.07823 ( 2)
   3 I   0.01920 0.89993 0.00169 0.07919 ( 2)
   4 D   0.99568 0.00396 0.00034 0.00002 ( 1)
   5 K   0.96621 0.03361 0.00016 0.00002 ( 1)
   6 I   0.99842 0.00042 0.00115 0.00000 ( 1)
   7 T   0.98499 0.01335 0.00161 0.00005 ( 1)
   8 Q   0.97607 0.02379 0.00013 0.00001 ( 1)
   9 I   0.99808 0.00050 0.00142 0.00000 ( 1)
  10 P   0.99670 0.00177 0.00153 0.00001 ( 1)
  11 A   0.99854 0.00078 0.00068 0.00000 ( 1)
  12 V   0.99310 0.00508 0.00180 0.00002 ( 1)
  13 K   0.99789 0.00194 0.00017 0.00000 ( 1)
  14 A   0.42362 0.48750 0.07861 0.01027 ( 2)
  15 F   0.00001 0.79730 0.00038 0.20231 ( 2)
  16 F   0.00000 0.13759 0.00005 0.86237 ( 4)
  17 I   0.02578 0.90799 0.00805 0.05817 ( 2)
  18 D   0.00001 0.86894 0.00077 0.13028 ( 2)
  19 D   0.00003 0.98087 0.00004 0.01905 ( 2)
  20 N   0.63077 0.28836 0.05550 0.02537 ( 1)
  21 H   0.47225 0.44688 0.04156 0.03932 ( 1)
  22 V   0.43043 0.53311 0.02873 0.00773 ( 2)
  23 K   0.01949 0.95204 0.00418 0.02429 ( 2)
  24 V   0.99753 0.00147 0.00099 0.00001 ( 1)
  25 I   0.99056 0.00821 0.00117 0.00006 ( 1)
  26 K   0.98126 0.01737 0.00125 0.00012 ( 1)
  27 G   0.99898 0.00081 0.00021 0.00000 ( 1)
  28 P   0.99958 0.00030 0.00012 0.00000 ( 1)
  29 G   0.99926 0.00031 0.00042 0.00000 ( 1)
  30 S   0.93333 0.06581 0.00068 0.00017 ( 1)
  31 T   0.99889 0.00050 0.00061 0.00000 ( 1)
  32 G   0.99939 0.00042 0.00019 0.00000 ( 1)
  33 G   0.99873 0.00098 0.00029 0.00000 ( 1)
  34 D   0.98111 0.00130 0.01758 0.00002 ( 1)
  35 L   0.99787 0.00188 0.00025 0.00000 ( 1)
  36 V   0.94857 0.02816 0.02300 0.00027 ( 1)
  37 A   0.02312 0.97286 0.00014 0.00388 ( 2)
  38 F   0.28763 0.70099 0.00741 0.00396 ( 2)
  39 S   0.00683 0.01130 0.98030 0.00156 ( 3)
  40 R   0.00001 0.98992 0.00000 0.01007 ( 2)
  41 E   0.00001 0.98864 0.00000 0.01135 ( 2)
  42 G   0.00090 0.98448 0.00004 0.01458 ( 2)
  43 -   0.12029 0.79883 0.01058 0.07029 ( 2)
  44 -   0.84952 0.06960 0.07475 0.00612 ( 1)
  45 -   0.47225 0.44688 0.04156 0.03932 ( 1)
  46 Y   0.00122 0.96654 0.00013 0.03211 ( 2)
  47 G   0.00000 0.94498 0.00000 0.05502 ( 2)
  48 L   0.93315 0.06593 0.00064 0.00028 ( 1)
  49 S   0.00107 0.93728 0.00269 0.05896 ( 2)
  50 I   0.73709 0.26209 0.00046 0.00036 ( 1)
  51 S   0.00032 0.81084 0.01319 0.17565 ( 2)
  52 V   0.01436 0.89771 0.03331 0.05463 ( 2)
  53 F   0.04210 0.91969 0.00828 0.02994 ( 2)
  54 I   0.02219 0.94739 0.00158 0.02884 ( 2)
  55 P   0.99617 0.00275 0.00107 0.00001 ( 1)
  56 G   0.00242 0.97748 0.00010 0.02000 ( 2)
  57 S   0.01630 0.69679 0.16510 0.12180 ( 2)
  58 D   0.00032 0.97589 0.00002 0.02378 ( 2)
  59 L   0.00000 0.98756 0.00000 0.01243 ( 2)
  60 V   0.72536 0.19377 0.06383 0.01705 ( 1)
  61 S   0.47225 0.44688 0.04156 0.03932 ( 1)
  62 F   0.00009 0.95875 0.00017 0.04099 ( 2)
  63 Y   0.99953 0.00031 0.00016 0.00000 ( 1)
  64 R   0.83991 0.15999 0.00006 0.00004 ( 1)
  65 V   0.98352 0.01574 0.00068 0.00006 ( 1)
  66 R   0.99936 0.00050 0.00014 0.00000 ( 1)
  67 I   0.99911 0.00029 0.00060 0.00000 ( 1)
  68 R   0.99906 0.00086 0.00007 0.00000 ( 1)
  69 Y   0.99953 0.00031 0.00016 0.00000 ( 1)
  70 A   0.99747 0.00197 0.00056 0.00001 ( 1)
  71 S   0.99982 0.00004 0.00015 0.00000 ( 1)
  72 S   0.99781 0.00147 0.00071 0.00001 ( 1)
  73 Q   0.00256 0.99356 0.00001 0.00388 ( 2)
  74 S   0.00016 0.97309 0.00001 0.02675 ( 2)
  75 A   0.10342 0.87094 0.01069 0.01496 ( 2)
  76 K   0.00131 0.98988 0.00006 0.00875 ( 2)
  77 V   0.13324 0.85497 0.00388 0.00792 ( 2)
  78 T   0.00000 0.83744 0.00003 0.16253 ( 2)
  79 M   0.94983 0.04869 0.00120 0.00029 ( 1)
  80 G   0.00067 0.99193 0.00001 0.00739 ( 2)
  81 F   0.02959 0.93760 0.00954 0.02327 ( 2)
  82 G   0.00000 0.51599 0.00193 0.48208 ( 2)
  83 G   0.98533 0.00498 0.00952 0.00016 ( 1)
  84 G   0.00855 0.91057 0.00075 0.08013 ( 2)
  85 V   0.15574 0.76339 0.01370 0.06717 ( 2)
  86 E   0.00001 0.27526 0.07803 0.64670 ( 4)
  87 E   0.00002 0.54361 0.01071 0.44566 ( 2)
  88 S   0.00027 0.98304 0.00001 0.01668 ( 2)
  89 E   0.00007 0.82196 0.00211 0.17586 ( 2)
  90 S   0.00437 0.96624 0.00387 0.02552 ( 2)
  91 K   0.00745 0.98809 0.00001 0.00444 ( 2)
  92 F   0.99975 0.00008 0.00017 0.00000 ( 1)
  93 N   0.63521 0.36156 0.00075 0.00248 ( 1)
  94 F   0.82636 0.17165 0.00140 0.00059 ( 1)
  95 P   0.99880 0.00101 0.00019 0.00000 ( 1)
  96 A   0.99858 0.00054 0.00088 0.00000 ( 1)
  97 T   0.99461 0.00439 0.00099 0.00001 ( 1)
  98 Y   0.92868 0.07043 0.00055 0.00034 ( 1)
  99 S   0.77294 0.15419 0.07069 0.00218 ( 1)
 100 G   0.99894 0.00075 0.00030 0.00000 ( 1)
 101 -   0.03517 0.96064 0.00006 0.00414 ( 2)
 102 G   0.11864 0.86927 0.00067 0.01142 ( 2)
 103 N   0.98626 0.00124 0.01249 0.00001 ( 1)
 104 L   0.97820 0.02016 0.00159 0.00005 ( 1)
 105 T   0.98056 0.01818 0.00115 0.00011 ( 1)
 106 Y   0.99928 0.00056 0.00016 0.00000 ( 1)
 107 N   0.99835 0.00130 0.00035 0.00001 ( 1)
 108 S   0.80471 0.16329 0.02942 0.00258 ( 1)
 109 F   0.99975 0.00008 0.00017 0.00000 ( 1)
 110 G   0.36346 0.53090 0.09068 0.01496 ( 2)
 111 Y   0.98787 0.01026 0.00184 0.00003 ( 1)
 112 I   0.96971 0.02991 0.00035 0.00003 ( 1)
 113 N   0.74713 0.25179 0.00023 0.00085 ( 1)
 114 T   0.99500 0.00334 0.00164 0.00001 ( 1)
 115 L   0.00030 0.84920 0.00219 0.14831 ( 2)
 116 A   0.76130 0.23568 0.00100 0.00202 ( 1)
 117 I   0.40497 0.58307 0.00654 0.00543 ( 2)
 118 A   0.00059 0.99293 0.00000 0.00648 ( 2)
 119 S   0.00054 0.66521 0.01947 0.31478 ( 2)
 120 Q   0.00000 0.53208 0.00200 0.46592 ( 2)
 121 S   0.00002 0.61975 0.00081 0.37942 ( 2)
 122 T   0.00000 0.33857 0.00001 0.66143 ( 4)
 123 -   0.00064 0.67633 0.04195 0.28108 ( 2)
 124 -   0.07008 0.35507 0.53506 0.03979 ( 3)
 125 -   0.00108 0.77261 0.00188 0.22442 ( 2)
 126 -   0.47225 0.44688 0.04156 0.03932 ( 1)
 127 -   0.79878 0.19610 0.00267 0.00246 ( 1)
 128 A   0.00000 0.74624 0.00008 0.25368 ( 2)
 129 Q   0.21541 0.77404 0.00593 0.00462 ( 2)
 130 T   0.00000 0.85197 0.00006 0.14797 ( 2)
 131 I   0.86078 0.10716 0.03050 0.00155 ( 1)
 132 E   0.00182 0.97350 0.00248 0.02220 ( 2)
 133 V   0.05051 0.93713 0.00011 0.01225 ( 2)
 134 Y   0.00000 0.02900 0.01876 0.95224 ( 4)
 135 F   0.03094 0.96463 0.00048 0.00395 ( 2)
 136 R   0.00827 0.98722 0.00001 0.00450 ( 2)
 137 Q   0.00000 0.72709 0.00074 0.27217 ( 2)
 138 Y   0.00151 0.99511 0.00000 0.00339 ( 2)
 139 E   0.00001 0.59314 0.00206 0.40480 ( 2)
 140 -   0.37204 0.56566 0.03213 0.03017 ( 2)
 141 E   0.61945 0.37992 0.00023 0.00041 ( 1)
 142 A   0.31567 0.67808 0.00383 0.00242 ( 2)
 143 E   0.02301 0.97003 0.00005 0.00691 ( 2)
 144 F   0.96171 0.03740 0.00079 0.00010 ( 1)
 145 I   0.99315 0.00583 0.00100 0.00001 ( 1)
 146 V   0.00690 0.97325 0.00108 0.01877 ( 2)
 147 D   0.99959 0.00010 0.00031 0.00000 ( 1)
 148 K   0.99958 0.00015 0.00028 0.00000 ( 1)
 149 L   0.94516 0.05375 0.00096 0.00013 ( 1)
 150 E   0.99959 0.00016 0.00025 0.00000 ( 1)
 151 F   0.99724 0.00237 0.00038 0.00000 ( 1)
 152 I   0.99842 0.00042 0.00115 0.00000 ( 1)
 153 -   0.47225 0.44688 0.04156 0.03932 ( 1)


lnL = -2526.171977

