Supplemental results for CODEML (seqf: algn  treef: tree)


dN/dS (w) for site classes (K=4)

site class             0        1       2a       2b
proportion       0.49800  0.28324  0.13945  0.07931
background w     0.06474  1.00000  0.06474  1.00000
foreground w     0.06474  1.00000  1.00000  1.00000

Naive Empirical Bayes (NEB) probabilities for 4 classes
(amino acids refer to 1st sequence: BT_Cry7Cb1)

   1 -   0.49800 0.28324 0.13945 0.07931 ( 1)
   2 -   0.49800 0.28324 0.13945 0.07931 ( 1)
   3 A   0.74338 0.06831 0.16919 0.01913 ( 1)
   4 G   0.81763 0.00178 0.18009 0.00050 ( 1)
   5 G   0.00691 0.77460 0.00158 0.21691 ( 2)
   6 I   0.24685 0.03062 0.71395 0.00858 ( 3)
   7 V   0.03828 0.74230 0.01156 0.20786 ( 2)
   8 A   0.19885 0.59161 0.04388 0.16566 ( 2)
   9 L   0.71755 0.08996 0.16730 0.02519 ( 1)
  10 F   0.78610 0.03422 0.17010 0.00958 ( 1)
  11 T   0.69750 0.09793 0.17715 0.02742 ( 1)
  12 E   0.00201 0.77933 0.00043 0.21823 ( 2)
  13 V   0.02545 0.70029 0.07817 0.19610 ( 2)
  14 L   0.28870 0.50285 0.06764 0.14081 ( 2)
  15 R   0.25608 0.53630 0.05744 0.15018 ( 2)
  16 L   0.05241 0.73012 0.01303 0.20445 ( 2)
  17 L   0.79719 0.01109 0.18861 0.00310 ( 1)
  18 W   0.76774 0.02620 0.19873 0.00734 ( 1)
  19 P   0.80290 0.00247 0.19393 0.00069 ( 1)
  20 N   0.00314 0.77826 0.00066 0.21793 ( 2)
  21 K   0.04076 0.74163 0.00993 0.20767 ( 2)
  22 Q   0.00682 0.76576 0.01300 0.21443 ( 2)
  23 D   0.00007 0.78104 0.00019 0.21871 ( 2)
  24 E   0.00037 0.78088 0.00008 0.21866 ( 2)
  25 L   0.54472 0.25718 0.12608 0.07202 ( 1)
  26 W   0.76774 0.02620 0.19873 0.00734 ( 1)
  27 E   0.25130 0.02745 0.71356 0.00769 ( 3)
  28 S   0.00432 0.77299 0.00624 0.21645 ( 2)
  29 F   0.78623 0.03455 0.16955 0.00968 ( 1)
  30 M   0.81855 0.00046 0.18087 0.00013 ( 1)
  31 K   0.00737 0.76583 0.01236 0.21445 ( 2)
  32 E   0.79884 0.02587 0.16805 0.00724 ( 1)
  33 V   0.81988 0.00546 0.17313 0.00153 ( 1)
  34 E   0.80124 0.00472 0.19272 0.00132 ( 1)
  35 K   0.00034 0.78090 0.00010 0.21867 ( 2)
  36 L   0.80787 0.00420 0.18675 0.00118 ( 1)
  37 I   0.81568 0.00316 0.18027 0.00089 ( 1)
  38 E   0.11104 0.67587 0.02383 0.18926 ( 2)
  39 Q   0.81106 0.00197 0.18642 0.00055 ( 1)
  40 E   0.67595 0.04219 0.27004 0.01181 ( 1)
  41 I   0.82688 0.00243 0.17001 0.00068 ( 1)
  42 T   0.73765 0.05849 0.18748 0.01638 ( 1)
  43 D   0.30778 0.46525 0.09669 0.13028 ( 2)
  44 A   0.05514 0.72730 0.01390 0.20366 ( 2)
  45 V   0.73386 0.08666 0.15522 0.02427 ( 1)
  46 V   0.31298 0.48402 0.06745 0.13554 ( 2)
  47 S   0.00821 0.77338 0.00185 0.21656 ( 2)
  48 K   0.76824 0.05415 0.16244 0.01516 ( 1)
  49 A   0.81100 0.00349 0.18453 0.00098 ( 1)
  50 L   0.78248 0.01649 0.19642 0.00462 ( 1)
  51 A   0.35456 0.41677 0.11196 0.11671 ( 2)
  52 E   0.78665 0.03819 0.16447 0.01069 ( 1)
  53 L   0.80205 0.00858 0.18696 0.00240 ( 1)
  54 E   0.21614 0.32492 0.36797 0.09098 ( 3)
  55 G   0.81037 0.00379 0.18478 0.00106 ( 1)
  56 L   0.80286 0.00781 0.18715 0.00219 ( 1)
  57 R   0.10274 0.23004 0.60281 0.06442 ( 3)
  58 N   0.78725 0.03190 0.17192 0.00893 ( 1)
  59 A   0.01288 0.76888 0.00294 0.21530 ( 2)
  60 L   0.09355 0.68977 0.02353 0.19315 ( 2)
  61 Q   0.02988 0.75280 0.00653 0.21080 ( 2)
  62 G   0.20780 0.58303 0.04591 0.16326 ( 2)
  63 Y   0.22258 0.02285 0.74816 0.00640 ( 3)
  64 T   0.01951 0.76264 0.00430 0.21355 ( 2)
  65 D   0.00370 0.77772 0.00080 0.21778 ( 2)
  66 A   0.76188 0.05813 0.16371 0.01628 ( 1)
  67 L   0.78477 0.00759 0.20552 0.00212 ( 1)
  68 E   0.77566 0.04851 0.16224 0.01358 ( 1)
  69 A   0.08362 0.70182 0.01803 0.19653 ( 2)
  70 W   0.76774 0.02620 0.19873 0.00734 ( 1)
  71 Q   0.66504 0.14224 0.15288 0.03983 ( 1)
  72 N   0.62784 0.18680 0.13305 0.05231 ( 1)
  73 N   0.82530 0.00109 0.17330 0.00031 ( 1)
  74 R   0.67912 0.12183 0.16493 0.03412 ( 1)
  75 S   0.77574 0.03925 0.17402 0.01099 ( 1)
  76 D   0.38669 0.41657 0.08009 0.11665 ( 2)
  77 K   0.79589 0.02740 0.16904 0.00767 ( 1)
  78 L   0.50877 0.29166 0.11790 0.08167 ( 1)
  79 K   0.00104 0.77835 0.00266 0.21795 ( 2)
  80 Q   0.04184 0.74100 0.00966 0.20749 ( 2)
  81 L   0.06076 0.72268 0.01419 0.20237 ( 2)
  82 L   0.13874 0.64650 0.03374 0.18103 ( 2)
  83 V   0.78985 0.01014 0.19718 0.00284 ( 1)
  84 Y   0.00059 0.78067 0.00014 0.21860 ( 2)
  85 D   0.00511 0.77607 0.00150 0.21732 ( 2)
  86 R   0.71796 0.09526 0.16011 0.02667 ( 1)
  87 F   0.78578 0.03497 0.16946 0.00979 ( 1)
  88 V   0.22787 0.56330 0.05110 0.15774 ( 2)
  89 S   0.00538 0.77520 0.00235 0.21707 ( 2)
  90 T   0.22706 0.56469 0.05012 0.15813 ( 2)
  91 E   0.77707 0.04720 0.16251 0.01322 ( 1)
  92 N   0.00188 0.77669 0.00394 0.21749 ( 2)
  93 L   0.06820 0.71554 0.01590 0.20037 ( 2)
  94 F   0.82131 0.00124 0.17710 0.00035 ( 1)
  95 K   0.06983 0.71509 0.01483 0.20024 ( 2)
  96 F   0.00016 0.78099 0.00016 0.21869 ( 2)
  97 A   0.00470 0.77678 0.00101 0.21751 ( 2)
  98 M   0.22954 0.11589 0.62212 0.03245 ( 3)
  99 P   0.80626 0.00348 0.18928 0.00098 ( 1)
 100 S   0.80710 0.00298 0.18909 0.00083 ( 1)
 101 F   0.82131 0.00124 0.17710 0.00035 ( 1)
 102 R   0.15424 0.63387 0.03440 0.17750 ( 2)
 103 V   0.01766 0.76425 0.00408 0.21401 ( 2)
 104 G   0.00074 0.78028 0.00049 0.21849 ( 2)
 105 G   0.81177 0.00245 0.18509 0.00069 ( 1)
 106 F   0.03569 0.74732 0.00772 0.20927 ( 2)
 107 E   0.82419 0.00279 0.17224 0.00078 ( 1)
 108 V   0.70703 0.10444 0.15929 0.02925 ( 1)
 109 P   0.81039 0.00144 0.18777 0.00040 ( 1)
 110 L   0.80286 0.00781 0.18715 0.00219 ( 1)
 111 L   0.79037 0.01982 0.18426 0.00555 ( 1)
 112 T   0.75862 0.05840 0.16663 0.01635 ( 1)
 113 V   0.81988 0.00546 0.17313 0.00153 ( 1)
 114 Y   0.81070 0.00304 0.18542 0.00085 ( 1)
 115 A   0.82032 0.00267 0.17627 0.00075 ( 1)
 116 Q   0.81106 0.00197 0.18642 0.00055 ( 1)
 117 A   0.78276 0.00619 0.20932 0.00173 ( 1)
 118 A   0.81997 0.00300 0.17619 0.00084 ( 1)
 119 N   0.82150 0.00243 0.17539 0.00068 ( 1)
 120 L   0.80038 0.01140 0.18502 0.00319 ( 1)
 121 H   0.79154 0.00343 0.20407 0.00096 ( 1)
 122 L   0.80125 0.00935 0.18678 0.00262 ( 1)
 123 L   0.01644 0.71860 0.06374 0.20122 ( 2)
 124 L   0.80286 0.00781 0.18715 0.00219 ( 1)
 125 L   0.80286 0.00781 0.18715 0.00219 ( 1)
 126 K   0.66730 0.14964 0.14115 0.04190 ( 1)
 127 N   0.80334 0.02097 0.16981 0.00587 ( 1)
 128 S   0.77251 0.04022 0.17601 0.01126 ( 1)
 129 E   0.11023 0.67475 0.02606 0.18895 ( 2)
 130 L   0.67624 0.12141 0.16834 0.03400 ( 1)
 131 F   0.82075 0.00142 0.17742 0.00040 ( 1)
 132 G   0.79452 0.00396 0.20041 0.00111 ( 1)
 133 A   0.75194 0.06754 0.16160 0.01891 ( 1)
 134 E   0.23335 0.03445 0.72255 0.00965 ( 3)
 135 W   0.76774 0.02620 0.19873 0.00734 ( 1)
 136 G   0.81633 0.00301 0.17982 0.00084 ( 1)
 137 M   0.32030 0.47548 0.07108 0.13314 ( 2)
 138 Q   0.01103 0.77021 0.00309 0.21567 ( 2)
 139 Q   0.27010 0.52160 0.06224 0.14606 ( 2)
 140 Y   0.00028 0.78096 0.00007 0.21869 ( 2)
 141 E   0.59881 0.21555 0.12528 0.06036 ( 1)
 142 I   0.82672 0.00256 0.17000 0.00072 ( 1)
 143 D   0.01792 0.76380 0.00440 0.21388 ( 2)
 144 L   0.00040 0.78059 0.00043 0.21858 ( 2)
 145 F   0.77134 0.04867 0.16637 0.01363 ( 1)
 146 Y   0.80904 0.00375 0.18616 0.00105 ( 1)
 147 N   0.80734 0.01804 0.16957 0.00505 ( 1)
 148 E   0.29764 0.49896 0.06369 0.13972 ( 2)
 149 Q   0.80931 0.00364 0.18603 0.00102 ( 1)
 150 K   0.31895 0.47130 0.07778 0.13197 ( 2)
 151 D   0.00505 0.77627 0.00130 0.21737 ( 2)
 152 Y   0.03060 0.75175 0.00715 0.21051 ( 2)
 153 V   0.11075 0.66583 0.03697 0.18645 ( 2)
 154 V   0.23902 0.55303 0.05308 0.15486 ( 2)
 155 E   0.79884 0.02587 0.16805 0.00724 ( 1)
 156 Y   0.80694 0.00663 0.18457 0.00186 ( 1)
 157 T   0.72941 0.08618 0.16028 0.02413 ( 1)
 158 D   0.80522 0.00181 0.19246 0.00051 ( 1)
 159 H   0.79576 0.02191 0.17620 0.00613 ( 1)
 160 C   0.79158 0.00376 0.20361 0.00105 ( 1)
 161 V   0.81724 0.00602 0.17505 0.00169 ( 1)
 162 K   0.11586 0.39018 0.38470 0.10926 ( 2)
 163 W   0.76774 0.02620 0.19873 0.00734 ( 1)
 164 Y   0.81070 0.00304 0.18542 0.00085 ( 1)
 165 T   0.00226 0.77910 0.00048 0.21816 ( 2)
 166 E   0.03817 0.65594 0.12222 0.18368 ( 2)
 167 G   0.80148 0.01211 0.18301 0.00339 ( 1)
 168 L   0.80286 0.00781 0.18715 0.00219 ( 1)
 169 N   0.78248 0.02277 0.18838 0.00638 ( 1)
 170 R   0.00219 0.77500 0.00579 0.21702 ( 2)
 171 L   0.79728 0.01023 0.18962 0.00287 ( 1)
 172 K   0.81713 0.00334 0.17860 0.00094 ( 1)
 173 N   0.69160 0.12731 0.14543 0.03565 ( 1)
 174 A   0.14902 0.48266 0.23316 0.13516 ( 2)
 175 S   0.64188 0.16707 0.14428 0.04678 ( 1)
 176 G   0.79135 0.00437 0.20305 0.00122 ( 1)
 177 V   0.02723 0.75538 0.00586 0.21152 ( 2)
 178 K   0.80870 0.01528 0.17174 0.00428 ( 1)
 179 G   0.75755 0.05416 0.17312 0.01517 ( 1)
 180 K   0.32513 0.47176 0.07101 0.13210 ( 2)
 181 V   0.00139 0.77991 0.00031 0.21839 ( 2)
 182 W   0.76774 0.02620 0.19873 0.00734 ( 1)
 183 E   0.12472 0.66033 0.03004 0.18491 ( 2)
 184 E   0.00318 0.77727 0.00190 0.21765 ( 2)
 185 Y   0.81070 0.00304 0.18542 0.00085 ( 1)
 186 N   0.67659 0.12292 0.16608 0.03442 ( 1)
 187 R   0.55467 0.24267 0.13471 0.06795 ( 1)
 188 F   0.81822 0.00413 0.17649 0.00116 ( 1)
 189 R   0.78473 0.01563 0.19526 0.00438 ( 1)
 190 R   0.81638 0.00124 0.18203 0.00035 ( 1)
 191 E   0.82419 0.00279 0.17224 0.00078 ( 1)
 192 M   0.81855 0.00046 0.18087 0.00013 ( 1)
 193 T   0.81380 0.00243 0.18309 0.00068 ( 1)
 194 I   0.70580 0.10776 0.15627 0.03017 ( 1)
 195 M   0.11393 0.67253 0.02521 0.18832 ( 2)
 196 V   0.81122 0.00883 0.17748 0.00247 ( 1)
 197 L   0.79140 0.00919 0.19684 0.00257 ( 1)
 198 D   0.82720 0.00135 0.17107 0.00038 ( 1)
 199 L   0.13737 0.58524 0.11351 0.16388 ( 2)
 200 L   0.17221 0.61555 0.03987 0.17237 ( 2)
 201 P   0.27063 0.51650 0.06825 0.14463 ( 2)
 202 L   0.80286 0.00781 0.18715 0.00219 ( 1)
 203 F   0.82131 0.00124 0.17710 0.00035 ( 1)
 204 P   0.81039 0.00144 0.18777 0.00040 ( 1)
 205 I   0.10308 0.67962 0.02699 0.19031 ( 2)


lnL = -2344.916399

