Supplemental results for CODEML (seqf: algn  treef: tree)


dN/dS (w) for site classes (K=4)

site class             0        1       2a       2b
proportion       0.00000  0.00000  0.70008  0.29992
background w     0.06967  0.73518  0.06967  0.73518
foreground w     0.06967  0.73518  0.00000  0.00000

Naive Empirical Bayes (NEB) probabilities for 4 classes
(amino acids refer to 1st sequence: BT_Cry8Ab1)

   1 P   0.00000 0.00000 0.82817 0.17183 ( 3)
   2 F   0.00000 0.00000 0.93316 0.06684 ( 3)
   3 A   0.00000 0.00000 0.79684 0.20316 ( 3)
   4 S   0.00000 0.00000 0.00017 0.99983 ( 4)
   5 Q   0.00000 0.00000 0.00003 0.99997 ( 4)
   6 I   0.00000 0.00000 0.99284 0.00716 ( 3)
   7 V   0.00000 0.00000 0.79674 0.20326 ( 3)
   8 S   0.00000 0.00000 0.00510 0.99490 ( 4)
   9 F   0.00000 0.00000 0.98894 0.01106 ( 3)
  10 Y   0.00000 0.00000 0.63285 0.36715 ( 3)
  11 N   0.00000 0.00000 0.85610 0.14390 ( 3)
  12 F   0.00000 0.00000 0.98568 0.01432 ( 3)
  13 I   0.00000 0.00000 0.81827 0.18173 ( 3)
  14 L   0.00000 0.00000 0.57410 0.42590 ( 3)
  15 D   0.00000 0.00000 0.85654 0.14346 ( 3)
  16 Q   0.00000 0.00000 0.95312 0.04688 ( 3)
  17 L   0.00000 0.00000 0.95799 0.04201 ( 3)
  18 W   0.00000 0.00000 0.87889 0.12111 ( 3)
  19 P   0.00000 0.00000 0.97904 0.02096 ( 3)
  20 S   0.00000 0.00000 0.96696 0.03304 ( 3)
  21 N   0.00000 0.00000 0.21368 0.78632 ( 4)
  22 S   0.00000 0.00000 0.02095 0.97905 ( 4)
  23 V   0.00000 0.00000 0.69476 0.30524 ( 3)
  24 S   0.00000 0.00000 0.02644 0.97356 ( 4)
  25 V   0.00000 0.00000 0.02880 0.97120 ( 4)
  26 W   0.00000 0.00000 0.87889 0.12111 ( 3)
  27 E   0.00000 0.00000 0.98829 0.01171 ( 3)
  28 Q   0.00000 0.00000 0.09696 0.90304 ( 4)
  29 I   0.00000 0.00000 0.98626 0.01374 ( 3)
  30 M   0.00000 0.00000 0.45011 0.54989 ( 4)
  31 T   0.00000 0.00000 0.17053 0.82947 ( 4)
  32 L   0.00000 0.00000 0.69158 0.30842 ( 3)
  33 V   0.00000 0.00000 0.94177 0.05823 ( 3)
  34 E   0.00000 0.00000 0.98829 0.01171 ( 3)
  35 E   0.00000 0.00000 0.16172 0.83828 ( 4)
  36 L   0.00000 0.00000 0.95685 0.04315 ( 3)
  37 V   0.00000 0.00000 0.37586 0.62414 ( 4)
  38 D   0.00000 0.00000 0.99129 0.00871 ( 3)
  39 Q   0.00000 0.00000 0.96584 0.03416 ( 3)
  40 K   0.00000 0.00000 0.98803 0.01197 ( 3)
  41 I   0.00000 0.00000 0.99284 0.00716 ( 3)
  42 T   0.00000 0.00000 0.98676 0.01324 ( 3)
  43 E   0.00000 0.00000 0.46115 0.53885 ( 4)
  44 Y   0.00000 0.00000 0.68998 0.31002 ( 3)
  45 A   0.00000 0.00000 0.88838 0.11162 ( 3)
  46 R   0.00000 0.00000 0.96696 0.03304 ( 3)
  47 N   0.00000 0.00000 0.90222 0.09778 ( 3)
  48 K   0.00000 0.00000 0.85600 0.14400 ( 3)
  49 A   0.00000 0.00000 0.95912 0.04088 ( 3)
  50 L   0.00000 0.00000 0.70683 0.29317 ( 3)
  51 A   0.00000 0.00000 0.17344 0.82656 ( 4)
  52 E   0.00000 0.00000 0.87358 0.12642 ( 3)
  53 L   0.00000 0.00000 0.61299 0.38701 ( 3)
  54 K   0.00000 0.00000 0.02537 0.97463 ( 4)
  55 G   0.00000 0.00000 0.96620 0.03380 ( 3)
  56 L   0.00000 0.00000 0.95688 0.04312 ( 3)
  57 G   0.00000 0.00000 0.98504 0.01496 ( 3)
  58 D   0.00000 0.00000 0.45910 0.54090 ( 4)
  59 A   0.00000 0.00000 0.77601 0.22399 ( 3)
  60 L   0.00000 0.00000 0.15245 0.84755 ( 4)
  61 G   0.00000 0.00000 0.00034 0.99966 ( 4)
  62 V   0.00000 0.00000 0.98646 0.01354 ( 3)
  63 Y   0.00000 0.00000 0.97531 0.02469 ( 3)
  64 Q   0.00000 0.00000 0.90129 0.09871 ( 3)
  65 Q   0.00000 0.00000 0.05791 0.94209 ( 4)
  66 S   0.00000 0.00000 0.96696 0.03304 ( 3)
  67 L   0.00000 0.00000 0.97848 0.02152 ( 3)
  68 E   0.00000 0.00000 0.29644 0.70356 ( 4)
  69 A   0.00000 0.00000 0.00365 0.99635 ( 4)
  70 W   0.00000 0.00000 0.87889 0.12111 ( 3)
  71 L   0.00000 0.00000 0.06634 0.93366 ( 4)
  72 E   0.00000 0.00000 0.87663 0.12337 ( 3)
  73 N   0.00000 0.00000 0.99046 0.00954 ( 3)
  74 R   0.00000 0.00000 0.36260 0.63740 ( 4)
  75 N   0.00000 0.00000 0.76246 0.23754 ( 3)
  76 D   0.00000 0.00000 0.95785 0.04215 ( 3)
  77 T   0.00000 0.00000 0.30039 0.69961 ( 4)
  78 R   0.00000 0.00000 0.98052 0.01948 ( 3)
  79 A   0.00000 0.00000 0.34294 0.65706 ( 4)
  80 R   0.00000 0.00000 0.98052 0.01948 ( 3)
  81 S   0.00000 0.00000 0.83171 0.16829 ( 3)
  82 V   0.00000 0.00000 0.98233 0.01767 ( 3)
  83 V   0.00000 0.00000 0.83452 0.16548 ( 3)
  84 S   0.00000 0.00000 0.00015 0.99985 ( 4)
  85 N   0.00000 0.00000 0.00234 0.99766 ( 4)
  86 Q   0.00000 0.00000 0.96584 0.03416 ( 3)
  87 F   0.00000 0.00000 0.86821 0.13179 ( 3)
  88 I   0.00000 0.00000 0.06446 0.93554 ( 4)
  89 A   0.00000 0.00000 0.96892 0.03108 ( 3)
  90 L   0.00000 0.00000 0.95278 0.04722 ( 3)
  91 E   0.00000 0.00000 0.29766 0.70234 ( 4)
  92 L   0.00000 0.00000 0.93542 0.06458 ( 3)
  93 D   0.00000 0.00000 0.99129 0.00871 ( 3)
  94 F   0.00000 0.00000 0.98894 0.01106 ( 3)
  95 V   0.00000 0.00000 0.98111 0.01889 ( 3)
  96 G   0.00000 0.00000 0.00011 0.99989 ( 4)
  97 A   0.00000 0.00000 0.00369 0.99631 ( 4)
  98 I   0.00000 0.00000 0.83222 0.16778 ( 3)
  99 P   0.00000 0.00000 0.97904 0.02096 ( 3)
 100 S   0.00000 0.00000 0.91394 0.08606 ( 3)
 101 F   0.00000 0.00000 0.98894 0.01106 ( 3)
 102 A   0.00000 0.00000 0.98901 0.01099 ( 3)
 103 V   0.00000 0.00000 0.39213 0.60787 ( 4)
 104 S   0.00000 0.00000 0.92355 0.07645 ( 3)
 105 G   0.00000 0.00000 0.05191 0.94809 ( 4)
 106 Q   0.00000 0.00000 0.90609 0.09391 ( 3)
 107 E   0.00000 0.00000 0.98709 0.01291 ( 3)
 108 V   0.00000 0.00000 0.98646 0.01354 ( 3)
 109 P   0.00000 0.00000 0.97904 0.02096 ( 3)
 110 L   0.00000 0.00000 0.96240 0.03760 ( 3)
 111 L   0.00000 0.00000 0.96240 0.03760 ( 3)
 112 A   0.00000 0.00000 0.33093 0.66907 ( 4)
 113 V   0.00000 0.00000 0.96216 0.03784 ( 3)
 114 Y   0.00000 0.00000 0.97485 0.02515 ( 3)
 115 A   0.00000 0.00000 0.98901 0.01099 ( 3)
 116 Q   0.00000 0.00000 0.59993 0.40007 ( 3)
 117 A   0.00000 0.00000 0.97996 0.02004 ( 3)
 118 V   0.00000 0.00000 0.72936 0.27064 ( 3)
 119 N   0.00000 0.00000 0.94670 0.05330 ( 3)
 120 M   0.00000 0.00000 0.01023 0.98977 ( 4)
 121 H   0.00000 0.00000 0.97513 0.02487 ( 3)
 122 L   0.00000 0.00000 0.95768 0.04232 ( 3)
 123 L   0.00000 0.00000 0.92188 0.07812 ( 3)
 124 L   0.00000 0.00000 0.96240 0.03760 ( 3)
 125 L   0.00000 0.00000 0.95799 0.04201 ( 3)
 126 R   0.00000 0.00000 0.97418 0.02582 ( 3)
 127 D   0.00000 0.00000 0.95785 0.04215 ( 3)
 128 A   0.00000 0.00000 0.98350 0.01650 ( 3)
 129 S   0.00000 0.00000 0.97013 0.02987 ( 3)
 130 I   0.00000 0.00000 0.82073 0.17927 ( 3)
 131 F   0.00000 0.00000 0.98894 0.01106 ( 3)
 132 G   0.00000 0.00000 0.98194 0.01806 ( 3)
 133 E   0.00000 0.00000 0.85861 0.14139 ( 3)
 134 E   0.00000 0.00000 0.63268 0.36732 ( 3)
 135 W   0.00000 0.00000 0.87889 0.12111 ( 3)
 136 G   0.00000 0.00000 0.98000 0.02000 ( 3)
 137 F   0.00000 0.00000 0.96678 0.03322 ( 3)
 138 T   0.00000 0.00000 0.03524 0.96476 ( 4)
 139 S   0.00000 0.00000 0.18636 0.81364 ( 4)
 140 S   0.00000 0.00000 0.00001 0.99999 ( 4)
 141 E   0.00000 0.00000 0.98829 0.01171 ( 3)
 142 I   0.00000 0.00000 0.98626 0.01374 ( 3)
 143 S   0.00000 0.00000 0.90665 0.09335 ( 3)
 144 T   0.00000 0.00000 0.00632 0.99368 ( 4)
 145 Y   0.00000 0.00000 0.52102 0.47898 ( 3)
 146 Y   0.00000 0.00000 0.96179 0.03821 ( 3)
 147 N   0.00000 0.00000 0.63450 0.36550 ( 3)
 148 R   0.00000 0.00000 0.95938 0.04062 ( 3)
 149 Q   0.00000 0.00000 0.96052 0.03948 ( 3)
 150 V   0.00000 0.00000 0.77376 0.22624 ( 3)
 151 Q   0.00000 0.00000 0.00893 0.99107 ( 4)
 152 L   0.00000 0.00000 0.62308 0.37692 ( 3)
 153 T   0.00000 0.00000 0.64536 0.35464 ( 3)
 154 S   0.00000 0.00000 0.14676 0.85324 ( 4)
 155 Q   0.00000 0.00000 0.67517 0.32483 ( 3)
 156 Y   0.00000 0.00000 0.96903 0.03097 ( 3)
 157 S   0.00000 0.00000 0.12006 0.87994 ( 4)
 158 D   0.00000 0.00000 0.99129 0.00871 ( 3)
 159 Y   0.00000 0.00000 0.97531 0.02469 ( 3)
 160 C   0.00000 0.00000 0.96003 0.03997 ( 3)
 161 V   0.00000 0.00000 0.97141 0.02859 ( 3)
 162 K   0.00000 0.00000 0.70602 0.29398 ( 3)
 163 W   0.00000 0.00000 0.87889 0.12111 ( 3)
 164 Y   0.00000 0.00000 0.93466 0.06534 ( 3)
 165 D   0.00000 0.00000 0.04025 0.95975 ( 4)
 166 T   0.00000 0.00000 0.93128 0.06872 ( 3)
 167 G   0.00000 0.00000 0.97684 0.02316 ( 3)
 168 L   0.00000 0.00000 0.96240 0.03760 ( 3)
 169 Q   0.00000 0.00000 0.00126 0.99874 ( 4)
 170 K   0.00000 0.00000 0.26781 0.73219 ( 4)
 171 L   0.00000 0.00000 0.52725 0.47275 ( 3)
 172 K   0.00000 0.00000 0.84795 0.15205 ( 3)
 173 G   0.00000 0.00000 0.18043 0.81957 ( 4)
 174 T   0.00000 0.00000 0.10963 0.89037 ( 4)
 175 S   0.00000 0.00000 0.02536 0.97464 ( 4)
 176 A   0.00000 0.00000 0.75968 0.24032 ( 3)
 177 E   0.00000 0.00000 0.28621 0.71379 ( 4)
 178 -   0.00000 0.00000 0.70008 0.29992 ( 3)
 179 -   0.00000 0.00000 0.70008 0.29992 ( 3)
 180 -   0.00000 0.00000 0.70008 0.29992 ( 3)
 181 -   0.00000 0.00000 0.70008 0.29992 ( 3)
 182 -   0.00000 0.00000 0.70008 0.29992 ( 3)
 183 -   0.00000 0.00000 0.70008 0.29992 ( 3)
 184 -   0.00000 0.00000 0.70008 0.29992 ( 3)
 185 -   0.00000 0.00000 0.70008 0.29992 ( 3)
 186 S   0.00000 0.00000 0.05009 0.94991 ( 4)
 187 W   0.00000 0.00000 0.87889 0.12111 ( 3)
 188 L   0.00000 0.00000 0.88979 0.11021 ( 3)
 189 E   0.00000 0.00000 0.12922 0.87078 ( 4)
 190 Y   0.00000 0.00000 0.97531 0.02469 ( 3)
 191 H   0.00000 0.00000 0.98149 0.01851 ( 3)
 192 Q   0.00000 0.00000 0.96584 0.03416 ( 3)
 193 F   0.00000 0.00000 0.95070 0.04930 ( 3)
 194 R   0.00000 0.00000 0.93043 0.06957 ( 3)
 195 R   0.00000 0.00000 0.98052 0.01948 ( 3)
 196 E   0.00000 0.00000 0.98077 0.01923 ( 3)
 197 M   0.00000 0.00000 0.98794 0.01206 ( 3)
 198 T   0.00000 0.00000 0.98486 0.01514 ( 3)
 199 F   0.00000 0.00000 0.14512 0.85488 ( 4)
 200 M   0.00000 0.00000 0.84588 0.15412 ( 3)
 201 V   0.00000 0.00000 0.98646 0.01354 ( 3)
 202 L   0.00000 0.00000 0.95894 0.04106 ( 3)
 203 D   0.00000 0.00000 0.99129 0.00871 ( 3)
 204 L   0.00000 0.00000 0.38537 0.61463 ( 4)
 205 V   0.00000 0.00000 0.71356 0.28644 ( 3)
 206 A   0.00000 0.00000 0.97108 0.02892 ( 3)
 207 L   0.00000 0.00000 0.96030 0.03970 ( 3)
 208 F   0.00000 0.00000 0.98491 0.01509 ( 3)
 209 P   0.00000 0.00000 0.97904 0.02096 ( 3)
 210 N   0.00000 0.00000 0.07328 0.92672 ( 4)


lnL = -2252.976668

