Supplemental results for CODEML (seqf: algn  treef: tree)


dN/dS (w) for site classes (K=4)

site class             0        1       2a       2b
proportion       0.80695  0.13155  0.05288  0.00862
background w     0.12602  1.00000  0.12602  1.00000
foreground w     0.12602  1.00000 12.26516 12.26516

Naive Empirical Bayes (NEB) probabilities for 4 classes
(amino acids refer to 1st sequence: BT_Cry9Ca1)

   1 S   0.95009 0.04127 0.00776 0.00089 ( 1)
   2 N   0.99415 0.00236 0.00348 0.00001 ( 1)
   3 P   0.99144 0.00260 0.00592 0.00004 ( 1)
   4 Q   0.98047 0.01664 0.00283 0.00007 ( 1)
   5 L   0.99566 0.00151 0.00281 0.00001 ( 1)
   6 T   0.98969 0.00469 0.00556 0.00005 ( 1)
   7 R   0.99610 0.00159 0.00230 0.00001 ( 1)
   8 E   0.86538 0.01943 0.11453 0.00066 ( 1)
   9 V   0.94568 0.04803 0.00590 0.00040 ( 1)
  10 Y   0.99547 0.00141 0.00312 0.00001 ( 1)
  11 T   0.98964 0.00477 0.00554 0.00005 ( 1)
  12 D   0.99577 0.00071 0.00351 0.00001 ( 1)
  13 P   0.98279 0.00999 0.00712 0.00009 ( 1)
  14 I   0.97329 0.02148 0.00490 0.00033 ( 1)
  15 V   0.99323 0.00351 0.00324 0.00002 ( 1)
  16 F   0.98672 0.01068 0.00253 0.00007 ( 1)
  17 N   0.99434 0.00085 0.00480 0.00001 ( 1)
  18 P   0.99126 0.00481 0.00390 0.00003 ( 1)
  19 P   0.82228 0.03701 0.13951 0.00120 ( 1)
  20 A   0.99263 0.00293 0.00440 0.00003 ( 1)
  21 N   0.99434 0.00085 0.00480 0.00001 ( 1)
  22 V   0.32025 0.61541 0.00919 0.05514 ( 2)
  23 G   0.99279 0.00475 0.00244 0.00002 ( 1)
  24 L   0.79703 0.05210 0.14471 0.00616 ( 1)
  25 C   0.98993 0.00656 0.00346 0.00005 ( 1)
  26 R   0.98108 0.00739 0.01134 0.00019 ( 1)
  27 R   0.99610 0.00159 0.00230 0.00001 ( 1)
  28 W   0.97136 0.02484 0.00368 0.00012 ( 1)
  29 G   0.93675 0.05638 0.00627 0.00061 ( 1)
  30 T   0.97864 0.01213 0.00886 0.00036 ( 1)
  31 N   0.99244 0.00269 0.00484 0.00002 ( 1)
  32 P   0.98609 0.00514 0.00871 0.00007 ( 1)
  33 Y   0.99547 0.00141 0.00312 0.00001 ( 1)
  34 N   0.78913 0.20162 0.00451 0.00474 ( 1)
  35 T   0.98884 0.00391 0.00720 0.00006 ( 1)
  36 F   0.99651 0.00093 0.00255 0.00001 ( 1)
  37 S   0.98119 0.01032 0.00838 0.00011 ( 1)
  38 E   0.96630 0.02994 0.00352 0.00024 ( 1)
  39 L   0.99425 0.00242 0.00332 0.00002 ( 1)
  40 E   0.99395 0.00322 0.00281 0.00002 ( 1)
  41 N   0.99434 0.00085 0.00480 0.00001 ( 1)
  42 A   0.95988 0.03409 0.00574 0.00029 ( 1)
  43 F   0.98983 0.00698 0.00316 0.00003 ( 1)
  44 I   0.99433 0.00110 0.00455 0.00001 ( 1)
  45 R   0.96924 0.02558 0.00501 0.00017 ( 1)
  46 P   0.98360 0.00942 0.00689 0.00009 ( 1)
  47 P   0.99038 0.00563 0.00394 0.00004 ( 1)
  48 H   0.99610 0.00096 0.00293 0.00001 ( 1)
  49 L   0.90477 0.01176 0.08318 0.00029 ( 1)
  50 F   0.99651 0.00093 0.00255 0.00001 ( 1)
  51 D   0.98645 0.00997 0.00348 0.00010 ( 1)
  52 R   0.99157 0.00646 0.00195 0.00002 ( 1)
  53 L   0.97094 0.02414 0.00476 0.00016 ( 1)
  54 N   0.99418 0.00100 0.00480 0.00001 ( 1)
  55 S   0.96311 0.03051 0.00600 0.00038 ( 1)
  56 L   0.98724 0.00985 0.00286 0.00004 ( 1)
  57 T   0.99100 0.00341 0.00555 0.00004 ( 1)
  58 I   0.99293 0.00184 0.00520 0.00002 ( 1)
  59 S   0.32302 0.66393 0.00245 0.01060 ( 2)
  60 S   0.77569 0.13476 0.08574 0.00380 ( 1)
  61 N   0.97457 0.02001 0.00504 0.00037 ( 1)
  62 R   0.95570 0.01460 0.02902 0.00068 ( 1)
  63 F   0.98672 0.01068 0.00253 0.00007 ( 1)
  64 -   0.83130 0.10720 0.05448 0.00702 ( 1)
  65 -   0.84027 0.09823 0.05506 0.00644 ( 1)
  66 P   0.00696 0.00671 0.97283 0.01351 ( 3)
  67 V   0.87156 0.12121 0.00580 0.00142 ( 1)
  68 S   0.01702 0.08485 0.82531 0.07282 ( 3)
  69 S   0.70600 0.28686 0.00449 0.00266 ( 1)
  70 N   0.98337 0.00972 0.00677 0.00013 ( 1)
  71 F   0.97906 0.01832 0.00251 0.00012 ( 1)
  72 M   0.56255 0.39096 0.03959 0.00690 ( 1)
  73 D   0.86858 0.01171 0.11933 0.00038 ( 1)
  74 Y   0.13465 0.01657 0.84600 0.00278 ( 3)
  75 W   0.97136 0.02484 0.00368 0.00012 ( 1)
  76 S   0.92073 0.06708 0.01048 0.00171 ( 1)
  77 G   0.99371 0.00383 0.00244 0.00002 ( 1)
  78 H   0.99610 0.00096 0.00293 0.00001 ( 1)
  79 T   0.98303 0.01075 0.00614 0.00009 ( 1)
  80 L   0.98724 0.00985 0.00286 0.00004 ( 1)
  81 R   0.82129 0.17332 0.00425 0.00114 ( 1)
  82 R   0.97478 0.02286 0.00225 0.00012 ( 1)
  83 S   0.80901 0.18640 0.00271 0.00188 ( 1)
  84 Y   0.71783 0.13189 0.14401 0.00628 ( 1)
  85 L   0.13023 0.85810 0.00136 0.01030 ( 2)
  86 N   0.99288 0.00384 0.00326 0.00002 ( 1)
  87 D   0.62361 0.10094 0.26581 0.00964 ( 1)
  88 S   0.81502 0.17661 0.00657 0.00180 ( 1)
  89 A   0.96305 0.03263 0.00405 0.00027 ( 1)
  90 V   0.86088 0.13547 0.00281 0.00084 ( 1)
  91 Q   0.84384 0.15341 0.00210 0.00066 ( 1)
  92 E   0.99557 0.00193 0.00249 0.00001 ( 1)
  93 D   0.96093 0.03530 0.00340 0.00037 ( 1)
  94 S   0.99604 0.00063 0.00332 0.00001 ( 1)
  95 Y   0.99439 0.00248 0.00312 0.00002 ( 1)
  96 G   0.98653 0.00927 0.00415 0.00005 ( 1)
  97 L   0.03717 0.91100 0.00232 0.04951 ( 2)
  98 I   0.98185 0.01339 0.00459 0.00017 ( 1)
  99 T   0.98895 0.00274 0.00825 0.00006 ( 1)
 100 T   0.05599 0.80515 0.03765 0.10121 ( 2)
 101 T   0.03642 0.20824 0.67434 0.08100 ( 3)
 102 R   0.96472 0.03269 0.00242 0.00017 ( 1)
 103 A   0.02369 0.92107 0.00612 0.04912 ( 2)
 104 T   0.78502 0.20821 0.00441 0.00235 ( 1)
 105 I   0.98087 0.01445 0.00450 0.00019 ( 1)
 106 N   0.99434 0.00085 0.00480 0.00001 ( 1)
 107 P   0.08103 0.79260 0.04508 0.08129 ( 2)
 108 G   0.02709 0.07669 0.84945 0.04677 ( 3)
 109 V   0.70624 0.21837 0.06900 0.00639 ( 1)
 110 D   0.97855 0.01180 0.00938 0.00026 ( 1)
 111 G   0.99279 0.00475 0.00244 0.00002 ( 1)
 112 T   0.96082 0.02520 0.01320 0.00078 ( 1)
 113 N   0.00197 0.26920 0.29547 0.43336 ( 4)
 114 R   0.06759 0.91384 0.00089 0.01768 ( 2)
 115 I   0.57585 0.02493 0.39711 0.00211 ( 1)
 116 E   0.96518 0.03274 0.00197 0.00010 ( 1)
 117 S   0.98695 0.00880 0.00419 0.00006 ( 1)
 118 T   0.86991 0.12044 0.00787 0.00178 ( 1)
 119 A   0.99218 0.00362 0.00417 0.00003 ( 1)
 120 V   0.79564 0.20053 0.00260 0.00124 ( 1)
 121 D   0.99283 0.00362 0.00351 0.00004 ( 1)
 122 F   0.99651 0.00093 0.00255 0.00001 ( 1)
 123 R   0.97755 0.02008 0.00226 0.00010 ( 1)
 124 S   0.01417 0.28740 0.49038 0.20805 ( 3)
 125 A   0.22529 0.76132 0.00197 0.01141 ( 2)
 126 L   0.31932 0.61909 0.02073 0.04086 ( 2)
 127 I   0.15300 0.83587 0.00117 0.00995 ( 2)
 128 G   0.94319 0.04225 0.01349 0.00107 ( 1)
 129 I   0.68421 0.31051 0.00261 0.00266 ( 1)
 130 Y   0.99288 0.00205 0.00505 0.00002 ( 1)
 131 G   0.97925 0.01654 0.00412 0.00009 ( 1)
 132 V   0.93032 0.05705 0.01139 0.00123 ( 1)
 133 N   0.89738 0.09627 0.00457 0.00178 ( 1)
 134 R   0.37131 0.62457 0.00093 0.00320 ( 2)
 135 A   0.78858 0.20565 0.00340 0.00237 ( 1)
 136 S   0.77178 0.22331 0.00290 0.00201 ( 1)
 137 F   0.98672 0.01068 0.00253 0.00007 ( 1)
 138 V   0.49907 0.37932 0.10247 0.01914 ( 1)
 139 P   0.98396 0.00710 0.00884 0.00010 ( 1)
 140 G   0.78773 0.20274 0.00597 0.00356 ( 1)
 141 G   0.98798 0.00692 0.00504 0.00006 ( 1)
 142 L   0.32589 0.47543 0.16147 0.03721 ( 2)
 143 F   0.92303 0.07414 0.00237 0.00047 ( 1)
 144 N   0.99165 0.00350 0.00480 0.00005 ( 1)
 145 G   0.96589 0.02885 0.00499 0.00026 ( 1)
 146 T   0.90753 0.08561 0.00609 0.00077 ( 1)
 147 T   0.96652 0.02650 0.00649 0.00049 ( 1)
 148 S   0.00364 0.26732 0.42645 0.30258 ( 3)
 149 P   0.97458 0.02182 0.00342 0.00018 ( 1)
 150 A   0.68766 0.14150 0.16339 0.00745 ( 1)
 151 N   0.81259 0.00810 0.17885 0.00046 ( 1)
 152 G   0.60171 0.39236 0.00315 0.00278 ( 1)
 153 G   0.95490 0.04230 0.00260 0.00020 ( 1)
 154 C   0.99649 0.00130 0.00221 0.00001 ( 1)
 155 R   0.92832 0.06900 0.00233 0.00036 ( 1)
 156 D   0.66391 0.32831 0.00350 0.00428 ( 1)
 157 L   0.22743 0.70800 0.01774 0.04683 ( 2)
 158 Y   0.81096 0.18243 0.00488 0.00173 ( 1)
 159 D   0.96093 0.03530 0.00340 0.00037 ( 1)
 160 T   0.70588 0.03454 0.25734 0.00224 ( 1)
 161 N   0.43202 0.55081 0.00520 0.01197 ( 2)
 162 D   0.98577 0.01045 0.00367 0.00011 ( 1)
 163 E   0.97780 0.01964 0.00245 0.00011 ( 1)
 164 L   0.98594 0.01114 0.00287 0.00005 ( 1)
 165 P   0.99126 0.00481 0.00390 0.00003 ( 1)
 166 P   0.80841 0.17970 0.00914 0.00275 ( 1)
 167 D   0.74869 0.24469 0.00393 0.00269 ( 1)
 168 E   0.93986 0.05748 0.00236 0.00030 ( 1)
 169 S   0.98066 0.01319 0.00598 0.00017 ( 1)
 170 T   0.65412 0.20861 0.12562 0.01165 ( 1)
 171 G   0.96695 0.03054 0.00238 0.00013 ( 1)
 172 S   0.33676 0.11643 0.52058 0.02623 ( 3)
 173 S   0.38523 0.50517 0.08274 0.02686 ( 2)
 174 T   0.00453 0.26978 0.37968 0.34601 ( 3)
 175 H   0.98838 0.00865 0.00291 0.00007 ( 1)
 176 R   0.79700 0.19486 0.00577 0.00236 ( 1)
 177 L   0.98470 0.01018 0.00504 0.00008 ( 1)
 178 S   0.99481 0.00161 0.00357 0.00001 ( 1)
 179 H   0.99610 0.00096 0.00293 0.00001 ( 1)
 180 V   0.99543 0.00113 0.00343 0.00001 ( 1)
 181 T   0.98805 0.00472 0.00719 0.00005 ( 1)
 182 F   0.99494 0.00243 0.00261 0.00002 ( 1)
 183 F   0.92720 0.06876 0.00364 0.00040 ( 1)
 184 S   0.22129 0.76802 0.00112 0.00957 ( 2)
 185 F   0.99494 0.00243 0.00261 0.00002 ( 1)
 186 Q   0.00475 0.64434 0.08631 0.26459 ( 2)
 187 T   0.99187 0.00214 0.00596 0.00003 ( 1)
 188 N   0.92644 0.06805 0.00448 0.00103 ( 1)
 189 Q   0.98047 0.01664 0.00283 0.00007 ( 1)
 190 A   0.98416 0.01149 0.00422 0.00013 ( 1)
 191 G   0.98667 0.01057 0.00270 0.00005 ( 1)
 192 S   0.96791 0.02687 0.00499 0.00024 ( 1)
 193 I   0.81948 0.17437 0.00424 0.00192 ( 1)
 194 A   0.76062 0.23159 0.00504 0.00275 ( 1)
 195 N   0.98746 0.00765 0.00477 0.00011 ( 1)
 196 A   0.03679 0.95392 0.00017 0.00912 ( 2)
 197 G   0.97843 0.01627 0.00519 0.00011 ( 1)
 198 S   0.00592 0.90268 0.00319 0.08821 ( 2)
 199 V   0.98522 0.00405 0.01066 0.00007 ( 1)
 200 P   0.99392 0.00257 0.00349 0.00002 ( 1)
 201 T   0.54808 0.43459 0.00471 0.01263 ( 1)
 202 Y   0.99547 0.00141 0.00312 0.00001 ( 1)
 203 V   0.99164 0.00317 0.00515 0.00003 ( 1)
 204 W   0.97136 0.02484 0.00368 0.00012 ( 1)
 205 T   0.91935 0.07232 0.00739 0.00094 ( 1)
 206 R   0.90774 0.01166 0.08033 0.00028 ( 1)
 207 R   0.46916 0.52288 0.00291 0.00504 ( 2)
 208 D   0.99577 0.00071 0.00351 0.00001 ( 1)


lnL = -2387.115308

Bayes Empirical Bayes (BEB) probabilities for 4 classes (class)
(amino acids refer to 1st sequence: BT_Cry9Ca1)

   1 S   0.95604 0.03360 0.00954 0.00082 ( 1)
   2 N   0.99247 0.00239 0.00512 0.00002 ( 1)
   3 P   0.99184 0.00256 0.00557 0.00003 ( 1)
   4 Q   0.97841 0.01509 0.00638 0.00013 ( 1)
   5 L   0.99514 0.00152 0.00333 0.00001 ( 1)
   6 T   0.98864 0.00457 0.00673 0.00006 ( 1)
   7 R   0.99557 0.00159 0.00283 0.00001 ( 1)
   8 E   0.88217 0.01631 0.10097 0.00054 ( 1)
   9 V   0.95368 0.03856 0.00737 0.00039 ( 1)
  10 Y   0.99492 0.00142 0.00364 0.00001 ( 1)
  11 T   0.98859 0.00463 0.00672 0.00006 ( 1)
  12 D   0.99540 0.00075 0.00384 0.00001 ( 1)
  13 P   0.97916 0.00931 0.01139 0.00014 ( 1)
  14 I   0.97636 0.01791 0.00545 0.00028 ( 1)
  15 V   0.99227 0.00340 0.00430 0.00003 ( 1)
  16 F   0.98797 0.00898 0.00298 0.00006 ( 1)
  17 N   0.99394 0.00090 0.00515 0.00001 ( 1)
  18 P   0.99001 0.00461 0.00534 0.00004 ( 1)
  19 P   0.82317 0.02974 0.14594 0.00116 ( 1)
  20 A   0.99215 0.00292 0.00489 0.00003 ( 1)
  21 N   0.99394 0.00090 0.00515 0.00001 ( 1)
  22 V   0.45122 0.50113 0.01248 0.03517 ( 2)
  23 G   0.99163 0.00453 0.00381 0.00003 ( 1)
  24 L   0.82062 0.04347 0.13152 0.00439 ( 1)
  25 C   0.98935 0.00622 0.00437 0.00005 ( 1)
  26 R   0.98103 0.00702 0.01178 0.00017 ( 1)
  27 R   0.99557 0.00159 0.00283 0.00001 ( 1)
  28 W   0.96909 0.02219 0.00847 0.00024 ( 1)
  29 G   0.94689 0.04486 0.00767 0.00058 ( 1)
  30 T   0.97951 0.01071 0.00947 0.00031 ( 1)
  31 N   0.99126 0.00272 0.00599 0.00003 ( 1)
  32 P   0.98663 0.00496 0.00834 0.00007 ( 1)
  33 Y   0.99492 0.00142 0.00364 0.00001 ( 1)
  34 N   0.84213 0.14910 0.00532 0.00345 ( 1)
  35 T   0.98840 0.00383 0.00771 0.00006 ( 1)
  36 F   0.99604 0.00095 0.00300 0.00001 ( 1)
  37 S   0.97749 0.00966 0.01269 0.00016 ( 1)
  38 E   0.97087 0.02455 0.00435 0.00023 ( 1)
  39 L   0.99359 0.00239 0.00400 0.00002 ( 1)
  40 E   0.99321 0.00314 0.00363 0.00002 ( 1)
  41 N   0.99394 0.00090 0.00515 0.00001 ( 1)
  42 A   0.96283 0.02803 0.00879 0.00035 ( 1)
  43 F   0.98718 0.00661 0.00615 0.00006 ( 1)
  44 I   0.99387 0.00115 0.00497 0.00002 ( 1)
  45 R   0.96707 0.02289 0.00975 0.00029 ( 1)
  46 P   0.98138 0.00879 0.00971 0.00012 ( 1)
  47 P   0.98919 0.00537 0.00539 0.00005 ( 1)
  48 H   0.99563 0.00099 0.00337 0.00001 ( 1)
  49 L   0.91167 0.00999 0.07809 0.00026 ( 1)
  50 F   0.99604 0.00095 0.00300 0.00001 ( 1)
  51 D   0.98749 0.00861 0.00381 0.00009 ( 1)
  52 R   0.98973 0.00607 0.00416 0.00004 ( 1)
  53 L   0.96907 0.02163 0.00904 0.00026 ( 1)
  54 N   0.99379 0.00105 0.00515 0.00002 ( 1)
  55 S   0.96855 0.02478 0.00636 0.00031 ( 1)
  56 L   0.98561 0.00913 0.00519 0.00007 ( 1)
  57 T   0.98985 0.00338 0.00673 0.00004 ( 1)
  58 I   0.99243 0.00188 0.00566 0.00002 ( 1)
  59 S   0.47817 0.50992 0.00385 0.00806 ( 2)
  60 S   0.82009 0.09737 0.07973 0.00281 ( 1)
  61 N   0.97721 0.01699 0.00548 0.00032 ( 1)
  62 R   0.95793 0.01343 0.02806 0.00058 ( 1)
  63 F   0.98797 0.00898 0.00298 0.00006 ( 1)
  64 -   0.84970 0.09269 0.05210 0.00551 ( 1)
  65 -   0.85726 0.08513 0.05255 0.00506 ( 1)
  66 P   0.01660 0.01088 0.96008 0.01244 ( 3)
  67 V   0.90654 0.08588 0.00652 0.00106 ( 1)
  68 S   0.03140 0.08871 0.82406 0.05583 ( 3)
  69 S   0.78602 0.20576 0.00588 0.00233 ( 1)
  70 N   0.98430 0.00831 0.00728 0.00012 ( 1)
  71 F   0.98177 0.01516 0.00297 0.00011 ( 1)
  72 M   0.66747 0.27875 0.04808 0.00570 ( 1)
  73 D   0.88084 0.01009 0.10873 0.00034 ( 1)
  74 Y   0.19449 0.01741 0.78557 0.00252 ( 3)
  75 W   0.96909 0.02219 0.00847 0.00024 ( 1)
  76 S   0.93640 0.05338 0.00913 0.00108 ( 1)
  77 G   0.99244 0.00372 0.00382 0.00002 ( 1)
  78 H   0.99563 0.00099 0.00337 0.00001 ( 1)
  79 T   0.97981 0.01015 0.00991 0.00013 ( 1)
  80 L   0.98561 0.00913 0.00519 0.00007 ( 1)
  81 R   0.85704 0.13263 0.00866 0.00166 ( 1)
  82 R   0.97834 0.01875 0.00279 0.00011 ( 1)
  83 S   0.86945 0.12605 0.00320 0.00131 ( 1)
  84 Y   0.76609 0.09595 0.13347 0.00449 ( 1)
  85 L   0.24016 0.74129 0.00420 0.01434 ( 2)
  86 N   0.99119 0.00381 0.00498 0.00003 ( 1)
  87 D   0.67574 0.07758 0.23981 0.00686 ( 1)
  88 S   0.85049 0.13615 0.01116 0.00220 ( 1)
  89 A   0.96818 0.02640 0.00516 0.00026 ( 1)
  90 V   0.89967 0.09566 0.00392 0.00075 ( 1)
  91 Q   0.88735 0.10846 0.00348 0.00071 ( 1)
  92 E   0.99477 0.00191 0.00331 0.00001 ( 1)
  93 D   0.97019 0.02577 0.00376 0.00028 ( 1)
  94 S   0.99570 0.00066 0.00363 0.00001 ( 1)
  95 Y   0.99391 0.00243 0.00365 0.00002 ( 1)
  96 G   0.98303 0.00869 0.00819 0.00009 ( 1)
  97 L   0.07971 0.86294 0.00597 0.05138 ( 2)
  98 I   0.98327 0.01156 0.00502 0.00015 ( 1)
  99 T   0.98925 0.00273 0.00797 0.00005 ( 1)
 100 T   0.11463 0.74807 0.05776 0.07954 ( 2)
 101 T   0.06228 0.19484 0.68230 0.06058 ( 3)
 102 R   0.97023 0.02631 0.00329 0.00018 ( 1)
 103 A   0.05804 0.87787 0.01428 0.04981 ( 2)
 104 T   0.84497 0.14731 0.00579 0.00193 ( 1)
 105 I   0.98283 0.01208 0.00493 0.00016 ( 1)
 106 N   0.99394 0.00090 0.00515 0.00001 ( 1)
 107 P   0.15549 0.71787 0.06488 0.06177 ( 2)
 108 G   0.04613 0.08330 0.83116 0.03941 ( 3)
 109 V   0.78217 0.14398 0.06954 0.00431 ( 1)
 110 D   0.97925 0.01035 0.01017 0.00023 ( 1)
 111 G   0.99163 0.00453 0.00381 0.00003 ( 1)
 112 T   0.96764 0.02071 0.01114 0.00051 ( 1)
 113 N   0.00494 0.28554 0.38507 0.32445 ( 3)
 114 R   0.13713 0.84334 0.00206 0.01747 ( 2)
 115 I   0.62178 0.02221 0.35420 0.00181 ( 1)
 116 E   0.96903 0.02657 0.00423 0.00017 ( 1)
 117 S   0.98528 0.00823 0.00640 0.00008 ( 1)
 118 T   0.89611 0.09343 0.00900 0.00147 ( 1)
 119 A   0.99117 0.00353 0.00527 0.00003 ( 1)
 120 V   0.85410 0.14107 0.00372 0.00111 ( 1)
 121 D   0.99290 0.00322 0.00384 0.00003 ( 1)
 122 F   0.99604 0.00095 0.00300 0.00001 ( 1)
 123 R   0.98060 0.01650 0.00280 0.00010 ( 1)
 124 S   0.03152 0.29292 0.53608 0.13948 ( 3)
 125 A   0.36883 0.61753 0.00371 0.00994 ( 2)
 126 L   0.44297 0.49944 0.02753 0.03006 ( 2)
 127 I   0.26839 0.71604 0.00315 0.01242 ( 2)
 128 G   0.95615 0.03083 0.01234 0.00068 ( 1)
 129 I   0.77169 0.22234 0.00370 0.00226 ( 1)
 130 Y   0.99165 0.00205 0.00628 0.00002 ( 1)
 131 G   0.97661 0.01509 0.00814 0.00016 ( 1)
 132 V   0.94309 0.04588 0.01019 0.00084 ( 1)
 133 N   0.92360 0.07000 0.00511 0.00130 ( 1)
 134 R   0.52702 0.46808 0.00180 0.00311 ( 1)
 135 A   0.84977 0.14440 0.00408 0.00174 ( 1)
 136 S   0.83591 0.15897 0.00359 0.00153 ( 1)
 137 F   0.98791 0.00904 0.00298 0.00006 ( 1)
 138 V   0.59951 0.28393 0.10310 0.01345 ( 1)
 139 P   0.98389 0.00673 0.00929 0.00009 ( 1)
 140 G   0.84749 0.14419 0.00608 0.00225 ( 1)
 141 G   0.98775 0.00658 0.00561 0.00006 ( 1)
 142 L   0.40947 0.35905 0.19987 0.03161 ( 1)
 143 F   0.94392 0.05285 0.00285 0.00038 ( 1)
 144 N   0.99167 0.00313 0.00515 0.00005 ( 1)
 145 G   0.97073 0.02310 0.00593 0.00024 ( 1)
 146 T   0.92203 0.06753 0.00952 0.00091 ( 1)
 147 T   0.97050 0.02191 0.00718 0.00041 ( 1)
 148 S   0.00872 0.28335 0.49387 0.21406 ( 3)
 149 P   0.97800 0.01786 0.00397 0.00016 ( 1)
 150 A   0.73746 0.10582 0.15126 0.00545 ( 1)
 151 N   0.83785 0.00740 0.15435 0.00040 ( 1)
 152 G   0.70361 0.28873 0.00493 0.00273 ( 1)
 153 G   0.95843 0.03737 0.00394 0.00026 ( 1)
 154 C   0.99595 0.00130 0.00275 0.00001 ( 1)
 155 R   0.94172 0.05473 0.00319 0.00036 ( 1)
 156 D   0.77346 0.21920 0.00442 0.00293 ( 1)
 157 L   0.34282 0.59419 0.02593 0.03707 ( 2)
 158 Y   0.86423 0.12860 0.00584 0.00133 ( 1)
 159 D   0.97019 0.02577 0.00376 0.00028 ( 1)
 160 T   0.72737 0.02906 0.24162 0.00196 ( 1)
 161 N   0.58138 0.40268 0.00727 0.00867 ( 1)
 162 D   0.98703 0.00887 0.00401 0.00010 ( 1)
 163 E   0.98034 0.01628 0.00326 0.00012 ( 1)
 164 L   0.98440 0.01033 0.00519 0.00008 ( 1)
 165 P   0.99001 0.00461 0.00534 0.00004 ( 1)
 166 P   0.84509 0.14003 0.01225 0.00264 ( 1)
 167 D   0.81760 0.17533 0.00498 0.00208 ( 1)
 168 E   0.95510 0.04143 0.00318 0.00028 ( 1)
 169 S   0.98246 0.01110 0.00630 0.00014 ( 1)
 170 T   0.72275 0.15665 0.11269 0.00791 ( 1)
 171 G   0.96885 0.02725 0.00373 0.00018 ( 1)
 172 S   0.42634 0.11031 0.44411 0.01925 ( 3)
 173 S   0.49875 0.39094 0.09081 0.01950 ( 1)
 174 T   0.01155 0.30041 0.44532 0.24272 ( 3)
 175 H   0.98921 0.00738 0.00335 0.00006 ( 1)
 176 R   0.84177 0.14938 0.00688 0.00197 ( 1)
 177 L   0.98324 0.00943 0.00722 0.00010 ( 1)
 178 S   0.99426 0.00162 0.00411 0.00001 ( 1)
 179 H   0.99563 0.00099 0.00337 0.00001 ( 1)
 180 V   0.99498 0.00116 0.00385 0.00001 ( 1)
 181 T   0.98534 0.00463 0.00997 0.00007 ( 1)
 182 F   0.99451 0.00239 0.00308 0.00002 ( 1)
 183 F   0.93945 0.05403 0.00604 0.00049 ( 1)
 184 S   0.36059 0.62948 0.00200 0.00793 ( 2)
 185 F   0.99451 0.00239 0.00308 0.00002 ( 1)
 186 Q   0.01283 0.61430 0.15318 0.21968 ( 2)
 187 T   0.99132 0.00219 0.00646 0.00004 ( 1)
 188 N   0.94459 0.04974 0.00492 0.00076 ( 1)
 189 Q   0.97841 0.01509 0.00638 0.00013 ( 1)
 190 A   0.98551 0.00969 0.00469 0.00012 ( 1)
 191 G   0.98603 0.00984 0.00407 0.00007 ( 1)
 192 S   0.97143 0.02190 0.00642 0.00025 ( 1)
 193 I   0.86792 0.12543 0.00513 0.00152 ( 1)
 194 A   0.82424 0.16713 0.00640 0.00223 ( 1)
 195 N   0.98817 0.00661 0.00512 0.00010 ( 1)
 196 A   0.08665 0.90264 0.00050 0.01022 ( 2)
 197 G   0.97649 0.01486 0.00848 0.00017 ( 1)
 198 S   0.01750 0.89199 0.00766 0.08285 ( 2)
 199 V   0.98617 0.00392 0.00985 0.00006 ( 1)
 200 P   0.99343 0.00252 0.00403 0.00002 ( 1)
 201 T   0.65655 0.32845 0.00594 0.00906 ( 1)
 202 Y   0.99492 0.00142 0.00364 0.00001 ( 1)
 203 V   0.99068 0.00310 0.00619 0.00003 ( 1)
 204 W   0.96909 0.02219 0.00847 0.00024 ( 1)
 205 T   0.93117 0.05776 0.01013 0.00095 ( 1)
 206 R   0.91413 0.00984 0.07578 0.00025 ( 1)
 207 R   0.59147 0.39645 0.00633 0.00575 ( 1)
 208 D   0.99540 0.00075 0.00384 0.00001 ( 1)

