Supplemental results for CODEML (seqf: algn  treef: tree)


dN/dS (w) for site classes (K=4)

site class             0        1       2a       2b
proportion       0.37062  0.56113  0.02715  0.04111
background w     0.15723  1.00000  0.15723  1.00000
foreground w     0.15723  1.00000 19.53784 19.53784

Naive Empirical Bayes (NEB) probabilities for 4 classes
(amino acids refer to 1st sequence: BT_Cry20Aa1)

   1 -   0.84586 0.08589 0.06196 0.00629 ( 1)
   2 -   0.13287 0.79888 0.00973 0.05852 ( 2)
   3 -   0.00989 0.92186 0.00072 0.06753 ( 2)
   4 E   0.00343 0.93457 0.00084 0.06116 ( 2)
   5 V   0.00021 0.98987 0.00000 0.00992 ( 2)
   6 I   0.96809 0.02354 0.00813 0.00024 ( 1)
   7 S   0.00000 0.80834 0.00000 0.19166 ( 2)
   8 I   0.00020 0.98939 0.00000 0.01041 ( 2)
   9 I   0.03565 0.95400 0.00031 0.01004 ( 2)
  10 Q   0.00000 0.07646 0.00000 0.92354 ( 4)
  11 D   0.00000 0.99311 0.00000 0.00689 ( 2)
  12 A   0.55861 0.43234 0.00469 0.00436 ( 1)
  13 L   0.92673 0.02923 0.04259 0.00145 ( 1)
  14 G   0.00000 0.99046 0.00000 0.00954 ( 2)
  15 F   0.00000 0.99239 0.00000 0.00761 ( 2)
  16 I   0.01248 0.97992 0.00008 0.00751 ( 2)
  17 R   0.00001 0.99310 0.00000 0.00689 ( 2)
  18 -   0.00146 0.08379 0.36386 0.55089 ( 4)
  19 -   0.00193 0.10765 0.35418 0.53624 ( 4)
  20 -   0.00065 0.93109 0.00005 0.06821 ( 2)
  21 -   0.00572 0.89864 0.00312 0.09252 ( 2)
  22 -   0.36718 0.62482 0.00270 0.00529 ( 2)
  23 -   0.00005 0.86090 0.00005 0.13901 ( 2)
  24 -   0.00625 0.98536 0.00005 0.00835 ( 2)
  25 N   0.00000 0.99205 0.00000 0.00795 ( 2)
  26 G   0.00018 0.99161 0.00000 0.00821 ( 2)
  27 T   0.39676 0.08881 0.49503 0.01940 ( 3)
  28 G   0.00126 0.97133 0.00003 0.02737 ( 2)
  29 N   0.00050 0.99180 0.00000 0.00770 ( 2)
  30 E   0.51283 0.20311 0.26403 0.02004 ( 1)
  31 L   0.98089 0.00001 0.01910 0.00000 ( 1)
  32 L   0.98965 0.00202 0.00831 0.00002 ( 1)
  33 I   0.00082 0.98510 0.00001 0.01407 ( 2)
  34 H   0.99453 0.00002 0.00545 0.00000 ( 1)
  35 V   0.99023 0.00104 0.00872 0.00001 ( 1)
  36 E   0.04418 0.94639 0.00036 0.00907 ( 2)
  37 Q   0.05934 0.93126 0.00048 0.00892 ( 2)
  38 L   0.99341 0.00001 0.00658 0.00000 ( 1)
  39 I   0.99325 0.00000 0.00675 0.00000 ( 1)
  40 Q   0.52083 0.47220 0.00330 0.00366 ( 1)
  41 Q   0.01390 0.53850 0.05761 0.38998 ( 2)
  42 T   0.00000 0.83150 0.00001 0.16849 ( 2)
  43 L   0.98665 0.00501 0.00829 0.00005 ( 1)
  44 A   0.00412 0.98819 0.00003 0.00767 ( 2)
  45 T   0.00008 0.99091 0.00000 0.00901 ( 2)
  46 Q   0.00002 0.90662 0.00001 0.09334 ( 2)
  47 Y   0.66866 0.32248 0.00564 0.00323 ( 1)
  48 R   0.97445 0.01864 0.00676 0.00015 ( 1)
  49 S   0.00004 0.99166 0.00000 0.00831 ( 2)
  50 A   0.00000 0.88761 0.00000 0.11239 ( 2)
  51 A   0.91070 0.08076 0.00776 0.00078 ( 1)
  52 T   0.00001 0.99391 0.00000 0.00608 ( 2)
  53 G   0.00003 0.99423 0.00000 0.00574 ( 2)
  54 A   0.00586 0.98620 0.00004 0.00790 ( 2)
  55 I   0.99061 0.00001 0.00938 0.00000 ( 1)
  56 -   0.37062 0.56113 0.02715 0.04111 ( 2)
  57 Y   0.01959 0.97223 0.00013 0.00805 ( 2)
  58 G   0.66691 0.29321 0.02748 0.01240 ( 1)
  59 I   0.01813 0.96632 0.00026 0.01529 ( 2)
  60 S   0.00002 0.98165 0.00000 0.01832 ( 2)
  61 R   0.00000 0.95793 0.00000 0.04207 ( 2)
  62 S   0.00003 0.98786 0.00000 0.01210 ( 2)
  63 Y   0.99140 0.00005 0.00855 0.00000 ( 1)
  64 D   0.00000 0.99239 0.00000 0.00761 ( 2)
  65 N   0.00000 0.24938 0.00000 0.75062 ( 4)
  66 -   0.67671 0.25503 0.04957 0.01868 ( 1)
  67 Y   0.98139 0.00000 0.01861 0.00000 ( 1)
  68 L   0.99341 0.00000 0.00658 0.00000 ( 1)
  69 M   0.00000 0.99230 0.00000 0.00770 ( 2)
  70 F   0.23525 0.75739 0.00156 0.00581 ( 2)
  71 F   0.96765 0.02537 0.00677 0.00021 ( 1)
  72 R   0.00000 0.99051 0.00000 0.00949 ( 2)
  73 Q   0.00000 0.09076 0.00000 0.90924 ( 4)
  74 W   0.96452 0.00926 0.02596 0.00026 ( 1)
  75 E   0.01767 0.97243 0.00015 0.00974 ( 2)
  76 R   0.00005 0.88720 0.00003 0.11272 ( 2)
  77 N   0.02215 0.97018 0.00014 0.00753 ( 2)
  78 R   0.00117 0.98673 0.00001 0.01209 ( 2)
  79 -   0.00050 0.98118 0.00001 0.01831 ( 2)
  80 -   0.81514 0.11661 0.05971 0.00854 ( 1)
  81 -   0.01647 0.91527 0.00121 0.06705 ( 2)
  82 -   0.03958 0.89217 0.00290 0.06536 ( 2)
  83 -   0.06847 0.86328 0.00502 0.06324 ( 2)
  84 -   0.07125 0.86049 0.00522 0.06304 ( 2)
  85 -   0.37062 0.56113 0.02715 0.04111 ( 2)
  86 T   0.63691 0.35586 0.00428 0.00295 ( 1)
  87 R   0.00000 0.99051 0.00000 0.00949 ( 2)
  88 E   0.00000 0.15811 0.00000 0.84189 ( 4)
  89 N   0.00000 0.98592 0.00000 0.01408 ( 2)
  90 G   0.62155 0.36999 0.00508 0.00338 ( 1)
  91 Q   0.00000 0.99179 0.00000 0.00821 ( 2)
  92 Q   0.00000 0.35056 0.00000 0.64944 ( 4)
  93 V   0.59142 0.38898 0.01152 0.00808 ( 1)
  94 E   0.00659 0.98250 0.00006 0.01085 ( 2)
  95 S   0.00000 0.59572 0.00000 0.40428 ( 2)
  96 A   0.00055 0.87764 0.00041 0.12141 ( 2)
  97 F   0.99303 0.00003 0.00694 0.00000 ( 1)
  98 T   0.00000 0.98789 0.00000 0.01210 ( 2)
  99 T   0.00000 0.87299 0.00000 0.12701 ( 2)
 100 I   0.00046 0.99194 0.00000 0.00760 ( 2)
 101 N   0.61515 0.00011 0.38474 0.00001 ( 1)
 102 T   0.00001 0.67467 0.00003 0.32529 ( 2)
 103 L   0.00000 0.99218 0.00000 0.00782 ( 2)
 104 C   0.98982 0.00323 0.00692 0.00003 ( 1)
 105 I   0.06959 0.92011 0.00061 0.00968 ( 2)
 106 N   0.00000 0.99179 0.00000 0.00821 ( 2)
 107 A   0.09664 0.89565 0.00065 0.00705 ( 2)
 108 L   0.98075 0.00015 0.01910 0.00000 ( 1)
 109 A   0.17234 0.81830 0.00147 0.00789 ( 2)
 110 -   0.01010 0.94883 0.00042 0.04066 ( 2)
 111 -   0.55990 0.43275 0.00389 0.00346 ( 1)
 112 -   0.30223 0.69002 0.00203 0.00571 ( 2)
 113 -   0.22523 0.76604 0.00177 0.00697 ( 2)
 114 -   0.33253 0.26335 0.35350 0.05062 ( 3)
 115 -   0.43149 0.56203 0.00258 0.00390 ( 2)
 116 -   0.40053 0.57554 0.00952 0.01441 ( 2)
 117 P   0.02281 0.96222 0.00032 0.01465 ( 2)
 118 Q   0.00000 0.29402 0.00001 0.70596 ( 4)
 119 A   0.02211 0.96998 0.00015 0.00776 ( 2)
 120 S   0.00000 0.99311 0.00000 0.00689 ( 2)
 121 L   0.99135 0.00086 0.00778 0.00001 ( 1)
 122 S   0.00399 0.98841 0.00003 0.00758 ( 2)
 123 R   0.00022 0.98432 0.00000 0.01545 ( 2)
 124 R   0.00000 0.99205 0.00000 0.00795 ( 2)
 125 G   0.04424 0.94799 0.00030 0.00747 ( 2)
 126 F   0.10712 0.88311 0.00092 0.00885 ( 2)
 127 E   0.96994 0.02194 0.00791 0.00021 ( 1)
 128 T   0.99016 0.00046 0.00938 0.00001 ( 1)
 129 L   0.74460 0.23189 0.01770 0.00581 ( 1)
 130 L   0.99304 0.00002 0.00694 0.00000 ( 1)
 131 L   0.98710 0.00001 0.01289 0.00000 ( 1)
 132 P   0.99031 0.00000 0.00969 0.00000 ( 1)
 133 N   0.28839 0.70614 0.00139 0.00408 ( 2)
 134 Y   0.99132 0.00012 0.00855 0.00000 ( 1)
 135 A   0.01480 0.97616 0.00012 0.00892 ( 2)
 136 M   0.39072 0.59762 0.00433 0.00732 ( 2)
 137 A   0.99144 0.00188 0.00667 0.00001 ( 1)
 138 A   0.99212 0.00000 0.00788 0.00000 ( 1)
 139 N   0.99303 0.00029 0.00668 0.00000 ( 1)
 140 F   0.00215 0.98358 0.00003 0.01424 ( 2)
 141 H   0.99455 0.00000 0.00545 0.00000 ( 1)
 142 L   0.98711 0.00000 0.01289 0.00000 ( 1)
 143 L   0.43218 0.52205 0.01986 0.02592 ( 2)
 144 L   0.96718 0.01371 0.01883 0.00028 ( 1)
 145 L   0.98711 0.00000 0.01289 0.00000 ( 1)
 146 R   0.56236 0.00061 0.43695 0.00009 ( 1)
 147 D   0.99370 0.00000 0.00630 0.00000 ( 1)
 148 A   0.99329 0.00003 0.00668 0.00000 ( 1)
 149 V   0.98369 0.00794 0.00829 0.00008 ( 1)
 150 L   0.00006 0.96103 0.00000 0.03891 ( 2)
 151 Y   0.99144 0.00000 0.00855 0.00000 ( 1)
 152 R   0.01891 0.96336 0.00031 0.01742 ( 2)
 153 N   0.00000 0.91020 0.00000 0.08979 ( 2)
 154 Q   0.00000 0.25317 0.00000 0.74683 ( 4)
 155 W   0.74342 0.23009 0.02001 0.00648 ( 1)
 156 L   0.00000 0.80956 0.00000 0.19044 ( 2)
 157 S   0.00004 0.98569 0.00000 0.01427 ( 2)
 158 N   0.00005 0.98996 0.00000 0.00999 ( 2)
 159 S   0.00000 0.88727 0.00000 0.11273 ( 2)
 160 I   0.00016 0.99135 0.00000 0.00848 ( 2)
 161 S   0.00153 0.93021 0.00011 0.06814 ( 2)
 162 T   0.00353 0.92822 0.00026 0.06800 ( 2)
 163 -   0.06121 0.87054 0.00448 0.06377 ( 2)
 164 -   0.00151 0.93024 0.00011 0.06814 ( 2)
 165 -   0.00045 0.93130 0.00003 0.06822 ( 2)
 166 -   0.00215 0.92960 0.00016 0.06810 ( 2)
 167 -   0.71923 0.21251 0.05269 0.01557 ( 1)
 168 -   0.02864 0.90310 0.00210 0.06616 ( 2)
 169 -   0.04495 0.88679 0.00329 0.06496 ( 2)
 170 -   0.84926 0.08248 0.06221 0.00604 ( 1)
 171 -   0.42832 0.50343 0.03138 0.03688 ( 2)
 172 -   0.16295 0.76879 0.01194 0.05632 ( 2)
 173 -   0.40657 0.52517 0.02978 0.03847 ( 2)
 174 -   0.08786 0.84389 0.00644 0.06182 ( 2)
 175 -   0.43560 0.49614 0.03191 0.03635 ( 2)
 176 -   0.46356 0.46818 0.03396 0.03430 ( 2)
 177 -   0.45419 0.47756 0.03327 0.03498 ( 2)
 178 A   0.00011 0.99088 0.00000 0.00901 ( 2)
 179 N   0.00001 0.99425 0.00000 0.00574 ( 2)
 180 V   0.00172 0.90783 0.00089 0.08956 ( 2)
 181 N   0.99139 0.00005 0.00855 0.00000 ( 1)
 182 L   0.00000 0.97971 0.00000 0.02029 ( 2)
 183 N   0.00000 0.99179 0.00000 0.00821 ( 2)
 184 I   0.07180 0.92034 0.00050 0.00736 ( 2)
 185 L   0.97685 0.00183 0.02128 0.00004 ( 1)
 186 R   0.00036 0.98982 0.00000 0.00982 ( 2)
 187 A   0.00000 0.99230 0.00000 0.00770 ( 2)
 188 A   0.00001 0.99178 0.00000 0.00821 ( 2)
 189 I   0.98954 0.00173 0.00872 0.00002 ( 1)
 190 N   0.00000 0.99094 0.00000 0.00906 ( 2)
 191 E   0.00000 0.99206 0.00000 0.00794 ( 2)
 192 Y   0.99144 0.00000 0.00856 0.00000 ( 1)
 193 I   0.21539 0.77693 0.00146 0.00622 ( 2)
 194 T   0.99348 0.00022 0.00630 0.00000 ( 1)
 195 H   0.99137 0.00007 0.00855 0.00000 ( 1)
 196 C   0.99328 0.00000 0.00672 0.00000 ( 1)
 197 T   0.00005 0.99094 0.00000 0.00901 ( 2)
 198 R   0.00000 0.98500 0.00000 0.01500 ( 2)
 199 W   0.00007 0.95885 0.00000 0.04109 ( 2)
 200 Y   0.99306 0.00000 0.00694 0.00000 ( 1)
 201 Q   0.18203 0.81174 0.00100 0.00524 ( 2)
 202 D   0.00000 0.87623 0.00000 0.12377 ( 2)
 203 G   0.99407 0.00000 0.00593 0.00000 ( 1)
 204 L   0.98709 0.00003 0.01289 0.00000 ( 1)
 205 N   0.99362 0.00008 0.00630 0.00000 ( 1)
 206 R   0.00309 0.98871 0.00002 0.00818 ( 2)
 207 F   0.98607 0.00104 0.01287 0.00002 ( 1)
 208 D   0.23109 0.75943 0.00194 0.00753 ( 2)
 209 R   0.00000 0.99018 0.00000 0.00982 ( 2)
 210 S   0.00000 0.98923 0.00000 0.01077 ( 2)
 211 S   0.99376 0.00031 0.00593 0.00000 ( 1)
 212 R   0.37062 0.56113 0.02715 0.04111 ( 2)
 213 A   0.00948 0.97508 0.00014 0.01531 ( 2)
 214 N   0.00263 0.98967 0.00002 0.00768 ( 2)
 215 M   0.70786 0.28513 0.00476 0.00225 ( 1)
 216 N   0.00000 0.98908 0.00000 0.01092 ( 2)
 217 E   0.00000 0.99426 0.00000 0.00574 ( 2)
 218 W   0.97226 0.00153 0.02617 0.00004 ( 1)
 219 R   0.00018 0.98554 0.00000 0.01427 ( 2)
 220 R   0.89441 0.09739 0.00731 0.00089 ( 1)
 221 F   0.99306 0.00000 0.00694 0.00000 ( 1)
 222 N   0.99332 0.00000 0.00668 0.00000 ( 1)
 223 A   0.00280 0.99032 0.00002 0.00687 ( 2)
 224 Y   0.99305 0.00001 0.00694 0.00000 ( 1)
 225 R   0.99188 0.00001 0.00811 0.00000 ( 1)
 226 R   0.99310 0.00001 0.00689 0.00000 ( 1)
 227 D   0.99366 0.00004 0.00630 0.00000 ( 1)
 228 M   0.99479 0.00000 0.00521 0.00000 ( 1)
 229 T   0.99221 0.00000 0.00779 0.00000 ( 1)
 230 L   0.98624 0.00088 0.01287 0.00001 ( 1)
 231 S   0.00012 0.99380 0.00000 0.00608 ( 2)
 232 V   0.99062 0.00000 0.00938 0.00000 ( 1)
 233 L   0.98711 0.00001 0.01289 0.00000 ( 1)
 234 D   0.99370 0.00000 0.00630 0.00000 ( 1)
 235 F   0.98545 0.00022 0.01433 0.00000 ( 1)
 236 A   0.99106 0.00061 0.00832 0.00001 ( 1)
 237 T   0.83194 0.16007 0.00653 0.00146 ( 1)
 238 V   0.79342 0.16208 0.03646 0.00805 ( 1)
 239 F   0.99306 0.00000 0.00694 0.00000 ( 1)
 240 P   0.98997 0.00034 0.00969 0.00000 ( 1)
 241 T   0.04203 0.95041 0.00028 0.00729 ( 2)


lnL = -10829.415950

Bayes Empirical Bayes (BEB) probabilities for 4 classes (class)
(amino acids refer to 1st sequence: BT_Cry20Aa1)

   1 -   0.80928 0.08156 0.09918 0.00997 ( 1)
   2 -   0.11558 0.77527 0.01421 0.09494 ( 2)
   3 -   0.00771 0.88314 0.00095 0.10821 ( 2)
   4 E   0.00234 0.89025 0.00092 0.10648 ( 2)
   5 V   0.00014 0.95572 0.00001 0.04413 ( 2)
   6 I   0.94041 0.02636 0.03215 0.00108 ( 1)
   7 S   0.00000 0.70614 0.00000 0.29386 ( 2)
   8 I   0.00013 0.95943 0.00000 0.04044 ( 2)
   9 I   0.02735 0.93239 0.00097 0.03929 ( 2)
  10 Q   0.00000 0.16759 0.00000 0.83241 ( 4)
  11 D   0.00000 0.95913 0.00000 0.04086 ( 2)
  12 A   0.48945 0.47436 0.01675 0.01944 ( 1)
  13 L   0.88881 0.03265 0.07555 0.00299 ( 1)
  14 G   0.00000 0.95174 0.00000 0.04826 ( 2)
  15 F   0.00000 0.95777 0.00000 0.04223 ( 2)
  16 I   0.00900 0.94882 0.00035 0.04183 ( 2)
  17 R   0.00001 0.95913 0.00000 0.04086 ( 2)
  18 -   0.00214 0.13836 0.33694 0.52255 ( 4)
  19 -   0.00251 0.15792 0.32914 0.51042 ( 4)
  20 -   0.00050 0.89035 0.00006 0.10910 ( 2)
  21 -   0.00395 0.79019 0.00558 0.20028 ( 2)
  22 -   0.31875 0.63915 0.01277 0.02933 ( 2)
  23 -   0.00003 0.74404 0.00006 0.25588 ( 2)
  24 -   0.00426 0.95185 0.00017 0.04372 ( 2)
  25 N   0.00000 0.96041 0.00000 0.03959 ( 2)
  26 G   0.00011 0.96522 0.00000 0.03467 ( 2)
  27 T   0.27505 0.07502 0.62163 0.02830 ( 3)
  28 G   0.00085 0.92101 0.00007 0.07806 ( 2)
  29 N   0.00031 0.96511 0.00001 0.03457 ( 2)
  30 E   0.36132 0.16412 0.43818 0.03638 ( 3)
  31 L   0.93492 0.00001 0.06507 0.00000 ( 1)
  32 L   0.96471 0.00222 0.03299 0.00009 ( 1)
  33 I   0.00053 0.94089 0.00003 0.05856 ( 2)
  34 H   0.96738 0.00002 0.03259 0.00000 ( 1)
  35 V   0.96478 0.00107 0.03411 0.00005 ( 1)
  36 E   0.03229 0.92595 0.00121 0.04055 ( 2)
  37 Q   0.04391 0.91441 0.00165 0.04004 ( 2)
  38 L   0.96321 0.00001 0.03678 0.00000 ( 1)
  39 I   0.96615 0.00000 0.03385 0.00000 ( 1)
  40 Q   0.44040 0.52778 0.01293 0.01889 ( 2)
  41 Q   0.01092 0.59232 0.03956 0.35720 ( 2)
  42 T   0.00000 0.72539 0.00001 0.27460 ( 2)
  43 L   0.96160 0.00530 0.03288 0.00022 ( 1)
  44 A   0.00283 0.96261 0.00008 0.03448 ( 2)
  45 T   0.00005 0.95673 0.00000 0.04322 ( 2)
  46 Q   0.00001 0.79763 0.00002 0.20234 ( 2)
  47 Y   0.59887 0.36413 0.02152 0.01548 ( 1)
  48 R   0.94180 0.02026 0.03702 0.00092 ( 1)
  49 S   0.00002 0.96246 0.00000 0.03752 ( 2)
  50 A   0.00000 0.77771 0.00000 0.22229 ( 2)
  51 A   0.86792 0.08860 0.03898 0.00449 ( 1)
  52 T   0.00000 0.96112 0.00000 0.03888 ( 2)
  53 G   0.00002 0.96481 0.00000 0.03517 ( 2)
  54 A   0.00391 0.95653 0.00014 0.03943 ( 2)
  55 I   0.96184 0.00001 0.03816 0.00000 ( 1)
  56 -   0.34901 0.54184 0.04286 0.06630 ( 2)
  57 Y   0.01401 0.95141 0.00041 0.03417 ( 2)
  58 G   0.59828 0.31281 0.05792 0.03098 ( 1)
  59 I   0.01272 0.92636 0.00076 0.06016 ( 2)
  60 S   0.00001 0.93274 0.00000 0.06724 ( 2)
  61 R   0.00000 0.90859 0.00000 0.09141 ( 2)
  62 S   0.00002 0.94517 0.00000 0.05481 ( 2)
  63 Y   0.96164 0.00004 0.03832 0.00000 ( 1)
  64 D   0.00000 0.95777 0.00000 0.04223 ( 2)
  65 N   0.00000 0.27225 0.00000 0.72775 ( 4)
  66 -   0.63528 0.25556 0.07791 0.03125 ( 1)
  67 Y   0.94161 0.00000 0.05839 0.00000 ( 1)
  68 L   0.96321 0.00000 0.03678 0.00000 ( 1)
  69 M   0.00000 0.96542 0.00000 0.03458 ( 2)
  70 F   0.17959 0.77920 0.00688 0.03433 ( 2)
  71 F   0.94037 0.02787 0.03066 0.00109 ( 1)
  72 R   0.00000 0.95804 0.00000 0.04196 ( 2)
  73 Q   0.00000 0.18196 0.00000 0.81804 ( 4)
  74 W   0.91584 0.00920 0.07417 0.00078 ( 1)
  75 E   0.01196 0.94398 0.00048 0.04359 ( 2)
  76 R   0.00003 0.77494 0.00004 0.22500 ( 2)
  77 N   0.01574 0.94978 0.00046 0.03402 ( 2)
  78 R   0.00082 0.94437 0.00004 0.05477 ( 2)
  79 -   0.00034 0.93242 0.00002 0.06722 ( 2)
  80 -   0.77589 0.11495 0.09510 0.01405 ( 1)
  81 -   0.01332 0.87752 0.00164 0.10752 ( 2)
  82 -   0.03352 0.85732 0.00413 0.10503 ( 2)
  83 -   0.05976 0.83109 0.00735 0.10180 ( 2)
  84 -   0.06212 0.82873 0.00764 0.10151 ( 2)
  85 -   0.34901 0.54184 0.04286 0.06630 ( 2)
  86 T   0.56134 0.40759 0.01643 0.01463 ( 1)
  87 R   0.00000 0.95804 0.00000 0.04196 ( 2)
  88 E   0.00000 0.22819 0.00000 0.77181 ( 4)
  89 N   0.00000 0.94141 0.00000 0.05859 ( 2)
  90 G   0.55322 0.39912 0.02645 0.02122 ( 1)
  91 Q   0.00000 0.96533 0.00000 0.03467 ( 2)
  92 Q   0.00000 0.33516 0.00000 0.66484 ( 4)
  93 V   0.51682 0.41632 0.03602 0.03084 ( 1)
  94 E   0.00446 0.95144 0.00018 0.04391 ( 2)
  95 S   0.00000 0.59255 0.00000 0.40745 ( 2)
  96 A   0.00032 0.76640 0.00056 0.23271 ( 2)
  97 F   0.96839 0.00003 0.03158 0.00000 ( 1)
  98 T   0.00000 0.94518 0.00000 0.05481 ( 2)
  99 T   0.00000 0.76459 0.00000 0.23541 ( 2)
 100 I   0.00029 0.95748 0.00001 0.04221 ( 2)
 101 N   0.40934 0.00008 0.59057 0.00002 ( 3)
 102 T   0.00001 0.62607 0.00002 0.37390 ( 2)
 103 L   0.00000 0.95950 0.00000 0.04050 ( 2)
 104 C   0.96502 0.00338 0.03147 0.00013 ( 1)
 105 I   0.05012 0.90977 0.00178 0.03834 ( 2)
 106 N   0.00000 0.96533 0.00000 0.03467 ( 2)
 107 A   0.07160 0.88833 0.00260 0.03748 ( 2)
 108 L   0.93479 0.00014 0.06506 0.00001 ( 1)
 109 A   0.15081 0.80176 0.00679 0.04063 ( 2)
 110 -   0.00826 0.90131 0.00080 0.08963 ( 2)
 111 -   0.53069 0.42905 0.02088 0.01938 ( 1)
 112 -   0.27742 0.68969 0.00813 0.02476 ( 2)
 113 -   0.20327 0.75470 0.00796 0.03407 ( 2)
 114 -   0.25083 0.20719 0.47441 0.06757 ( 3)
 115 -   0.41191 0.54955 0.01515 0.02339 ( 2)
 116 -   0.37470 0.55189 0.02884 0.04457 ( 2)
 117 P   0.01834 0.92151 0.00108 0.05906 ( 2)
 118 Q   0.00000 0.30028 0.00001 0.69971 ( 4)
 119 A   0.01562 0.94120 0.00062 0.04257 ( 2)
 120 S   0.00000 0.95914 0.00000 0.04086 ( 2)
 121 L   0.96148 0.00091 0.03757 0.00004 ( 1)
 122 S   0.00277 0.95502 0.00011 0.04211 ( 2)
 123 R   0.00014 0.94074 0.00001 0.05911 ( 2)
 124 R   0.00000 0.96041 0.00000 0.03959 ( 2)
 125 G   0.03097 0.92871 0.00112 0.03919 ( 2)
 126 F   0.08131 0.87505 0.00325 0.04039 ( 2)
 127 E   0.93952 0.02430 0.03512 0.00106 ( 1)
 128 T   0.96135 0.00048 0.03814 0.00002 ( 1)
 129 L   0.68040 0.24735 0.05229 0.01997 ( 1)
 130 L   0.96840 0.00002 0.03158 0.00000 ( 1)
 131 L   0.94916 0.00001 0.05083 0.00000 ( 1)
 132 P   0.95262 0.00000 0.04738 0.00000 ( 1)
 133 N   0.23927 0.72692 0.00733 0.02648 ( 2)
 134 Y   0.96155 0.00013 0.03831 0.00001 ( 1)
 135 A   0.01048 0.94526 0.00042 0.04384 ( 2)
 136 M   0.32146 0.62539 0.01692 0.03623 ( 2)
 137 A   0.96309 0.00202 0.03480 0.00009 ( 1)
 138 A   0.96120 0.00000 0.03880 0.00000 ( 1)
 139 N   0.97126 0.00031 0.02842 0.00001 ( 1)
 140 F   0.00150 0.94250 0.00008 0.05592 ( 2)
 141 H   0.96741 0.00000 0.03259 0.00000 ( 1)
 142 L   0.94917 0.00000 0.05083 0.00000 ( 1)
 143 L   0.37198 0.54628 0.03166 0.05007 ( 2)
 144 L   0.92044 0.01443 0.06407 0.00107 ( 1)
 145 L   0.94917 0.00000 0.05083 0.00000 ( 1)
 146 R   0.37219 0.00043 0.62726 0.00012 ( 3)
 147 D   0.97149 0.00000 0.02851 0.00000 ( 1)
 148 A   0.96510 0.00003 0.03487 0.00000 ( 1)
 149 V   0.95636 0.00891 0.03435 0.00038 ( 1)
 150 L   0.00003 0.91127 0.00000 0.08869 ( 2)
 151 Y   0.96168 0.00000 0.03832 0.00000 ( 1)
 152 R   0.01294 0.92684 0.00076 0.05946 ( 2)
 153 N   0.00000 0.80811 0.00000 0.19189 ( 2)
 154 Q   0.00000 0.28359 0.00000 0.71641 ( 4)
 155 W   0.68690 0.23735 0.05567 0.02008 ( 1)
 156 L   0.00000 0.71438 0.00000 0.28562 ( 2)
 157 S   0.00002 0.94397 0.00000 0.05600 ( 2)
 158 N   0.00003 0.96057 0.00000 0.03940 ( 2)
 159 S   0.00000 0.77499 0.00000 0.22501 ( 2)
 160 I   0.00010 0.95192 0.00000 0.04797 ( 2)
 161 S   0.00104 0.88981 0.00013 0.10903 ( 2)
 162 T   0.00240 0.88844 0.00030 0.10886 ( 2)
 163 -   0.04781 0.84303 0.00588 0.10327 ( 2)
 164 -   0.00112 0.88973 0.00014 0.10902 ( 2)
 165 -   0.00032 0.89053 0.00004 0.10912 ( 2)
 166 -   0.00164 0.88920 0.00020 0.10895 ( 2)
 167 -   0.66768 0.22316 0.08187 0.02729 ( 1)
 168 -   0.02302 0.86783 0.00283 0.10632 ( 2)
 169 -   0.03575 0.85510 0.00440 0.10476 ( 2)
 170 -   0.80963 0.08121 0.09923 0.00993 ( 1)
 171 -   0.38538 0.50547 0.04732 0.06184 ( 2)
 172 -   0.14466 0.74618 0.01779 0.09137 ( 2)
 173 -   0.37037 0.52048 0.04548 0.06368 ( 2)
 174 -   0.07459 0.81626 0.00918 0.09998 ( 2)
 175 -   0.41132 0.47952 0.05049 0.05866 ( 2)
 176 -   0.43822 0.45262 0.05379 0.05537 ( 2)
 177 -   0.42920 0.46165 0.05268 0.05647 ( 2)
 178 A   0.00007 0.95671 0.00000 0.04322 ( 2)
 179 N   0.00000 0.96483 0.00000 0.03517 ( 2)
 180 V   0.00101 0.80625 0.00132 0.19141 ( 2)
 181 N   0.96163 0.00005 0.03832 0.00000 ( 1)
 182 L   0.00000 0.93665 0.00000 0.06335 ( 2)
 183 N   0.00000 0.96533 0.00000 0.03467 ( 2)
 184 I   0.05314 0.90390 0.00210 0.04087 ( 2)
 185 L   0.92918 0.00184 0.06884 0.00014 ( 1)
 186 R   0.00023 0.95809 0.00001 0.04167 ( 2)
 187 A   0.00000 0.96542 0.00000 0.03458 ( 2)
 188 A   0.00001 0.96532 0.00000 0.03467 ( 2)
 189 I   0.96401 0.00183 0.03408 0.00008 ( 1)
 190 N   0.00000 0.95568 0.00000 0.04432 ( 2)
 191 E   0.00000 0.95673 0.00000 0.04327 ( 2)
 192 Y   0.96168 0.00000 0.03832 0.00000 ( 1)
 193 I   0.17227 0.78917 0.00605 0.03251 ( 2)
 194 T   0.97124 0.00024 0.02850 0.00001 ( 1)
 195 H   0.96161 0.00007 0.03832 0.00000 ( 1)
 196 C   0.96193 0.00000 0.03807 0.00000 ( 1)
 197 T   0.00003 0.95675 0.00000 0.04322 ( 2)
 198 R   0.00000 0.93976 0.00000 0.06024 ( 2)
 199 W   0.00004 0.90951 0.00000 0.09045 ( 2)
 200 Y   0.96842 0.00000 0.03158 0.00000 ( 1)
 201 Q   0.14173 0.82100 0.00479 0.03247 ( 2)
 202 D   0.00000 0.75829 0.00000 0.24171 ( 2)
 203 G   0.96457 0.00000 0.03543 0.00000 ( 1)
 204 L   0.94915 0.00002 0.05083 0.00000 ( 1)
 205 N   0.97141 0.00008 0.02851 0.00000 ( 1)
 206 R   0.00215 0.96319 0.00006 0.03459 ( 2)
 207 F   0.94811 0.00105 0.05077 0.00006 ( 1)
 208 D   0.18362 0.77586 0.00680 0.03372 ( 2)
 209 R   0.00000 0.95832 0.00000 0.04168 ( 2)
 210 S   0.00000 0.94764 0.00000 0.05236 ( 2)
 211 S   0.96426 0.00030 0.03542 0.00001 ( 1)
 212 R   0.34901 0.54184 0.04286 0.06630 ( 2)
 213 A   0.00661 0.93430 0.00038 0.05871 ( 2)
 214 N   0.00165 0.96378 0.00005 0.03452 ( 2)
 215 M   0.63025 0.33293 0.02278 0.01404 ( 1)
 216 N   0.00000 0.95588 0.00000 0.04412 ( 2)
 217 E   0.00000 0.96483 0.00000 0.03517 ( 2)
 218 W   0.92366 0.00141 0.07481 0.00012 ( 1)
 219 R   0.00012 0.94387 0.00001 0.05600 ( 2)
 220 R   0.84156 0.11227 0.04020 0.00597 ( 1)
 221 F   0.96842 0.00000 0.03158 0.00000 ( 1)
 222 N   0.97157 0.00000 0.02843 0.00000 ( 1)
 223 A   0.00182 0.95733 0.00007 0.04079 ( 2)
 224 Y   0.96841 0.00001 0.03158 0.00000 ( 1)
 225 R   0.95441 0.00001 0.04558 0.00000 ( 1)
 226 R   0.96217 0.00001 0.03782 0.00000 ( 1)
 227 D   0.97145 0.00004 0.02851 0.00000 ( 1)
 228 M   0.96647 0.00000 0.03353 0.00000 ( 1)
 229 T   0.96240 0.00000 0.03760 0.00000 ( 1)
 230 L   0.94831 0.00086 0.05078 0.00005 ( 1)
 231 S   0.00008 0.96104 0.00000 0.03888 ( 2)
 232 V   0.96184 0.00000 0.03816 0.00000 ( 1)
 233 L   0.94916 0.00001 0.05083 0.00000 ( 1)
 234 D   0.97149 0.00000 0.02851 0.00000 ( 1)
 235 F   0.94342 0.00022 0.05635 0.00001 ( 1)
 236 A   0.96631 0.00062 0.03304 0.00003 ( 1)
 237 T   0.77643 0.18489 0.03034 0.00835 ( 1)
 238 V   0.73887 0.18167 0.06282 0.01665 ( 1)
 239 F   0.96842 0.00000 0.03158 0.00000 ( 1)
 240 P   0.95228 0.00034 0.04736 0.00002 ( 1)
 241 T   0.02873 0.92921 0.00110 0.04096 ( 2)

