Supplemental results for CODEML (seqf: algn  treef: tree)


dN/dS (w) for site classes (K=4)

site class             0        1       2a       2b
proportion       0.35842  0.54540  0.03814  0.05804
background w     0.15780  1.00000  0.15780  1.00000
foreground w     0.15780  1.00000  1.00000  1.00000

Naive Empirical Bayes (NEB) probabilities for 4 classes
(amino acids refer to 1st sequence: BT_Cry20Aa1)

   1 -   0.82006 0.08376 0.08727 0.00891 ( 1)
   2 -   0.12805 0.77577 0.01363 0.08256 ( 2)
   3 -   0.00969 0.89413 0.00103 0.09515 ( 2)
   4 E   0.00327 0.90040 0.00051 0.09582 ( 2)
   5 V   0.00021 0.90362 0.00002 0.09616 ( 2)
   6 I   0.89975 0.01948 0.07870 0.00207 ( 1)
   7 S   0.00000 0.90382 0.00000 0.09618 ( 2)
   8 I   0.00021 0.90361 0.00002 0.09616 ( 2)
   9 I   0.03697 0.86746 0.00326 0.09231 ( 2)
  10 Q   0.00000 0.90382 0.00000 0.09618 ( 2)
  11 D   0.00000 0.90382 0.00000 0.09618 ( 2)
  12 A   0.54717 0.36602 0.04786 0.03895 ( 1)
  13 L   0.87802 0.03213 0.08643 0.00342 ( 1)
  14 G   0.00000 0.90382 0.00000 0.09618 ( 2)
  15 F   0.00000 0.90382 0.00000 0.09618 ( 2)
  16 I   0.01263 0.89137 0.00115 0.09486 ( 2)
  17 R   0.00001 0.90381 0.00000 0.09618 ( 2)
  18 -   0.01572 0.86142 0.03120 0.09167 ( 2)
  19 -   0.01641 0.86046 0.03156 0.09157 ( 2)
  20 -   0.00065 0.90317 0.00007 0.09611 ( 2)
  21 -   0.00799 0.89420 0.00265 0.09516 ( 2)
  22 -   0.35443 0.55412 0.03248 0.05897 ( 2)
  23 -   0.00006 0.90374 0.00002 0.09617 ( 2)
  24 -   0.00630 0.89760 0.00058 0.09552 ( 2)
  25 N   0.00000 0.90382 0.00000 0.09618 ( 2)
  26 G   0.00019 0.90363 0.00002 0.09616 ( 2)
  27 T   0.72573 0.07953 0.18628 0.00846 ( 1)
  28 G   0.00118 0.90264 0.00012 0.09606 ( 2)
  29 N   0.00053 0.90330 0.00005 0.09613 ( 2)
  30 E   0.50295 0.22616 0.24682 0.02407 ( 1)
  31 L   0.90965 0.00001 0.09034 0.00000 ( 1)
  32 L   0.91790 0.00163 0.08029 0.00017 ( 1)
  33 I   0.00079 0.90304 0.00008 0.09610 ( 2)
  34 H   0.91792 0.00002 0.08206 0.00000 ( 1)
  35 V   0.91791 0.00088 0.08111 0.00009 ( 1)
  36 E   0.04493 0.85957 0.00403 0.09147 ( 2)
  37 Q   0.05804 0.84665 0.00522 0.09010 ( 2)
  38 L   0.91651 0.00001 0.08348 0.00000 ( 1)
  39 I   0.91787 0.00000 0.08213 0.00000 ( 1)
  40 Q   0.50824 0.40495 0.04372 0.04309 ( 1)
  41 Q   0.01786 0.87898 0.00962 0.09354 ( 2)
  42 T   0.00001 0.90381 0.00000 0.09618 ( 2)
  43 L   0.91529 0.00415 0.08011 0.00044 ( 1)
  44 A   0.00435 0.89955 0.00037 0.09573 ( 2)
  45 T   0.00008 0.90374 0.00001 0.09617 ( 2)
  46 Q   0.00002 0.90379 0.00001 0.09618 ( 2)
  47 Y   0.64622 0.26797 0.05730 0.02852 ( 1)
  48 R   0.90018 0.01582 0.08232 0.00168 ( 1)
  49 S   0.00004 0.90378 0.00000 0.09618 ( 2)
  50 A   0.00000 0.90382 0.00000 0.09618 ( 2)
  51 A   0.84486 0.06896 0.07885 0.00734 ( 1)
  52 T   0.00001 0.90381 0.00000 0.09618 ( 2)
  53 G   0.00003 0.90379 0.00000 0.09618 ( 2)
  54 A   0.00600 0.89791 0.00054 0.09555 ( 2)
  55 I   0.91700 0.00000 0.08300 0.00000 ( 1)
  56 -   0.35842 0.54540 0.03814 0.05804 ( 2)
  57 Y   0.02073 0.88348 0.00177 0.09402 ( 2)
  58 G   0.63418 0.27131 0.06564 0.02887 ( 1)
  59 I   0.01823 0.88573 0.00177 0.09426 ( 2)
  60 S   0.00002 0.90380 0.00000 0.09618 ( 2)
  61 R   0.00000 0.90382 0.00000 0.09618 ( 2)
  62 S   0.00003 0.90379 0.00000 0.09618 ( 2)
  63 Y   0.91677 0.00004 0.08319 0.00000 ( 1)
  64 D   0.00000 0.90382 0.00000 0.09618 ( 2)
  65 N   0.00000 0.90382 0.00000 0.09618 ( 2)
  66 -   0.65597 0.24785 0.06981 0.02638 ( 1)
  67 Y   0.91370 0.00000 0.08630 0.00000 ( 1)
  68 L   0.91651 0.00000 0.08349 0.00000 ( 1)
  69 M   0.00000 0.90382 0.00000 0.09618 ( 2)
  70 F   0.22422 0.68268 0.02045 0.07265 ( 2)
  71 F   0.89794 0.02100 0.07883 0.00223 ( 1)
  72 R   0.00000 0.90382 0.00000 0.09618 ( 2)
  73 Q   0.00000 0.90382 0.00000 0.09618 ( 2)
  74 W   0.89953 0.00845 0.09112 0.00090 ( 1)
  75 E   0.01769 0.88638 0.00161 0.09433 ( 2)
  76 R   0.00004 0.90376 0.00002 0.09618 ( 2)
  77 N   0.02256 0.88168 0.00194 0.09383 ( 2)
  78 R   0.00114 0.90269 0.00011 0.09606 ( 2)
  79 -   0.00047 0.90335 0.00005 0.09613 ( 2)
  80 -   0.79064 0.11318 0.08414 0.01204 ( 1)
  81 -   0.01589 0.88792 0.00169 0.09449 ( 2)
  82 -   0.03845 0.86536 0.00409 0.09209 ( 2)
  83 -   0.06630 0.83752 0.00706 0.08913 ( 2)
  84 -   0.06888 0.83494 0.00733 0.08885 ( 2)
  85 -   0.35842 0.54540 0.03814 0.05804 ( 2)
  86 T   0.62133 0.29434 0.05301 0.03132 ( 1)
  87 R   0.00000 0.90382 0.00000 0.09618 ( 2)
  88 E   0.00000 0.90382 0.00000 0.09618 ( 2)
  89 N   0.00000 0.90382 0.00000 0.09618 ( 2)
  90 G   0.58685 0.32323 0.05552 0.03440 ( 1)
  91 Q   0.00000 0.90382 0.00000 0.09618 ( 2)
  92 Q   0.00000 0.90382 0.00000 0.09618 ( 2)
  93 V   0.55968 0.34771 0.05560 0.03700 ( 1)
  94 E   0.00681 0.89711 0.00062 0.09547 ( 2)
  95 S   0.00000 0.90382 0.00000 0.09618 ( 2)
  96 A   0.00047 0.90317 0.00025 0.09611 ( 2)
  97 F   0.91931 0.00002 0.08067 0.00000 ( 1)
  98 T   0.00000 0.90382 0.00000 0.09618 ( 2)
  99 T   0.00000 0.90382 0.00000 0.09618 ( 2)
 100 I   0.00046 0.90336 0.00004 0.09613 ( 2)
 101 N   0.65024 0.00013 0.34961 0.00001 ( 1)
 102 T   0.00001 0.90380 0.00001 0.09618 ( 2)
 103 L   0.00000 0.90382 0.00000 0.09618 ( 2)
 104 C   0.91660 0.00268 0.08043 0.00029 ( 1)
 105 I   0.07380 0.83124 0.00650 0.08846 ( 2)
 106 N   0.00000 0.90382 0.00000 0.09618 ( 2)
 107 A   0.09852 0.80676 0.00886 0.08585 ( 2)
 108 L   0.90954 0.00014 0.09031 0.00001 ( 1)
 109 A   0.16544 0.74032 0.01546 0.07878 ( 2)
 110 -   0.00954 0.89430 0.00099 0.09517 ( 2)
 111 -   0.53012 0.38083 0.04852 0.04053 ( 1)
 112 -   0.29984 0.60965 0.02563 0.06488 ( 2)
 113 -   0.21872 0.68812 0.01993 0.07323 ( 2)
 114 -   0.37807 0.36992 0.21264 0.03937 ( 1)
 115 -   0.41526 0.49447 0.03765 0.05262 ( 2)
 116 -   0.37800 0.52779 0.03804 0.05617 ( 2)
 117 P   0.02178 0.88222 0.00212 0.09388 ( 2)
 118 Q   0.00000 0.90382 0.00000 0.09618 ( 2)
 119 A   0.02215 0.88196 0.00203 0.09386 ( 2)
 120 S   0.00000 0.90382 0.00000 0.09618 ( 2)
 121 L   0.91558 0.00074 0.08359 0.00008 ( 1)
 122 S   0.00398 0.89990 0.00036 0.09576 ( 2)
 123 R   0.00022 0.90360 0.00002 0.09616 ( 2)
 124 R   0.00000 0.90382 0.00000 0.09618 ( 2)
 125 G   0.04443 0.86004 0.00400 0.09152 ( 2)
 126 F   0.10608 0.79923 0.00964 0.08505 ( 2)
 127 E   0.89920 0.01820 0.08066 0.00194 ( 1)
 128 T   0.91644 0.00040 0.08312 0.00004 ( 1)
 129 L   0.70058 0.20688 0.07052 0.02202 ( 1)
 130 L   0.91918 0.00002 0.08080 0.00000 ( 1)
 131 L   0.91302 0.00001 0.08697 0.00000 ( 1)
 132 P   0.91327 0.00000 0.08673 0.00000 ( 1)
 133 N   0.28580 0.62275 0.02518 0.06627 ( 2)
 134 Y   0.91671 0.00010 0.08318 0.00001 ( 1)
 135 A   0.01464 0.88938 0.00134 0.09465 ( 2)
 136 M   0.37910 0.52843 0.03623 0.05623 ( 2)
 137 A   0.91587 0.00158 0.08239 0.00017 ( 1)
 138 A   0.91609 0.00000 0.08391 0.00000 ( 1)
 139 N   0.92116 0.00023 0.07859 0.00002 ( 1)
 140 F   0.00212 0.90172 0.00020 0.09596 ( 2)
 141 H   0.91794 0.00000 0.08206 0.00000 ( 1)
 142 L   0.91302 0.00000 0.08697 0.00000 ( 1)
 143 L   0.41193 0.49490 0.04050 0.05267 ( 2)
 144 L   0.89733 0.01227 0.08910 0.00131 ( 1)
 145 L   0.91303 0.00000 0.08697 0.00000 ( 1)
 146 R   0.63839 0.00075 0.36078 0.00008 ( 1)
 147 D   0.92097 0.00000 0.07903 0.00000 ( 1)
 148 A   0.91745 0.00002 0.08253 0.00000 ( 1)
 149 V   0.91203 0.00644 0.08084 0.00069 ( 1)
 150 L   0.00005 0.90376 0.00001 0.09618 ( 2)
 151 Y   0.91681 0.00000 0.08319 0.00000 ( 1)
 152 R   0.01734 0.88663 0.00169 0.09435 ( 2)
 153 N   0.00000 0.90382 0.00000 0.09618 ( 2)
 154 Q   0.00000 0.90382 0.00000 0.09618 ( 2)
 155 W   0.69901 0.20804 0.07081 0.02214 ( 1)
 156 L   0.00000 0.90382 0.00000 0.09618 ( 2)
 157 S   0.00004 0.90378 0.00000 0.09618 ( 2)
 158 N   0.00005 0.90377 0.00000 0.09618 ( 2)
 159 S   0.00000 0.90382 0.00000 0.09618 ( 2)
 160 I   0.00016 0.90366 0.00002 0.09616 ( 2)
 161 S   0.00151 0.90231 0.00016 0.09602 ( 2)
 162 T   0.00346 0.90036 0.00037 0.09581 ( 2)
 163 -   0.05986 0.84395 0.00637 0.08981 ( 2)
 164 -   0.00147 0.90235 0.00016 0.09603 ( 2)
 165 -   0.00044 0.90338 0.00005 0.09614 ( 2)
 166 -   0.00211 0.90171 0.00022 0.09596 ( 2)
 167 -   0.69801 0.20581 0.07428 0.02190 ( 1)
 168 -   0.02779 0.87602 0.00296 0.09322 ( 2)
 169 -   0.04382 0.86000 0.00466 0.09152 ( 2)
 170 -   0.82327 0.08055 0.08761 0.00857 ( 1)
 171 -   0.41642 0.48740 0.04431 0.05187 ( 2)
 172 -   0.15749 0.74633 0.01676 0.07942 ( 2)
 173 -   0.39416 0.50966 0.04195 0.05424 ( 2)
 174 -   0.08539 0.81843 0.00909 0.08710 ( 2)
 175 -   0.42145 0.48236 0.04485 0.05133 ( 2)
 176 -   0.44860 0.45522 0.04774 0.04844 ( 2)
 177 -   0.43954 0.46428 0.04677 0.04941 ( 2)
 178 A   0.00012 0.90370 0.00001 0.09617 ( 2)
 179 N   0.00001 0.90381 0.00000 0.09618 ( 2)
 180 V   0.00172 0.90156 0.00079 0.09594 ( 2)
 181 N   0.91676 0.00004 0.08319 0.00000 ( 1)
 182 L   0.00000 0.90382 0.00000 0.09618 ( 2)
 183 N   0.00000 0.90382 0.00000 0.09618 ( 2)
 184 I   0.06965 0.83511 0.00637 0.08887 ( 2)
 185 L   0.90720 0.00169 0.09093 0.00018 ( 1)
 186 R   0.00040 0.90343 0.00004 0.09614 ( 2)
 187 A   0.00000 0.90382 0.00000 0.09618 ( 2)
 188 A   0.00001 0.90381 0.00000 0.09618 ( 2)
 189 I   0.91764 0.00141 0.08080 0.00015 ( 1)
 190 N   0.00000 0.90382 0.00000 0.09618 ( 2)
 191 E   0.00000 0.90382 0.00000 0.09618 ( 2)
 192 Y   0.91681 0.00000 0.08319 0.00000 ( 1)
 193 I   0.21294 0.69418 0.01901 0.07387 ( 2)
 194 T   0.92052 0.00018 0.07928 0.00002 ( 1)
 195 H   0.91674 0.00006 0.08319 0.00001 ( 1)
 196 C   0.91600 0.00000 0.08400 0.00000 ( 1)
 197 T   0.00005 0.90377 0.00000 0.09618 ( 2)
 198 R   0.00000 0.90382 0.00000 0.09618 ( 2)
 199 W   0.00007 0.90375 0.00001 0.09618 ( 2)
 200 Y   0.91919 0.00000 0.08081 0.00000 ( 1)
 201 Q   0.17726 0.72928 0.01586 0.07761 ( 2)
 202 D   0.00000 0.90382 0.00000 0.09618 ( 2)
 203 G   0.91690 0.00000 0.08310 0.00000 ( 1)
 204 L   0.91300 0.00002 0.08697 0.00000 ( 1)
 205 N   0.92062 0.00006 0.07931 0.00001 ( 1)
 206 R   0.00320 0.90067 0.00027 0.09585 ( 2)
 207 F   0.91209 0.00092 0.08689 0.00010 ( 1)
 208 D   0.22974 0.67763 0.02052 0.07211 ( 2)
 209 R   0.00000 0.90382 0.00000 0.09618 ( 2)
 210 S   0.00000 0.90382 0.00000 0.09618 ( 2)
 211 S   0.91663 0.00026 0.08308 0.00003 ( 1)
 212 R   0.35842 0.54540 0.03814 0.05804 ( 2)
 213 A   0.00904 0.89486 0.00087 0.09523 ( 2)
 214 N   0.00270 0.90117 0.00023 0.09590 ( 2)
 215 M   0.66592 0.24780 0.05991 0.02637 ( 1)
 216 N   0.00000 0.90382 0.00000 0.09618 ( 2)
 217 E   0.00000 0.90382 0.00000 0.09618 ( 2)
 218 W   0.90661 0.00140 0.09184 0.00015 ( 1)
 219 R   0.00018 0.90364 0.00002 0.09616 ( 2)
 220 R   0.82844 0.08421 0.07839 0.00896 ( 1)
 221 F   0.91933 0.00000 0.08067 0.00000 ( 1)
 222 N   0.92139 0.00000 0.07861 0.00000 ( 1)
 223 A   0.00277 0.90108 0.00025 0.09589 ( 2)
 224 Y   0.91932 0.00000 0.08067 0.00000 ( 1)
 225 R   0.91356 0.00001 0.08643 0.00000 ( 1)
 226 R   0.91621 0.00001 0.08378 0.00000 ( 1)
 227 D   0.92093 0.00004 0.07903 0.00000 ( 1)
 228 M   0.91733 0.00000 0.08267 0.00000 ( 1)
 229 T   0.91662 0.00000 0.08338 0.00000 ( 1)
 230 L   0.91225 0.00077 0.08690 0.00008 ( 1)
 231 S   0.00012 0.90370 0.00001 0.09617 ( 2)
 232 V   0.91711 0.00000 0.08289 0.00000 ( 1)
 233 L   0.91302 0.00001 0.08697 0.00000 ( 1)
 234 D   0.92097 0.00000 0.07903 0.00000 ( 1)
 235 F   0.91123 0.00019 0.08856 0.00002 ( 1)
 236 A   0.91876 0.00051 0.08068 0.00005 ( 1)
 237 T   0.77795 0.13671 0.07079 0.01455 ( 1)
 238 V   0.77605 0.13464 0.07498 0.01433 ( 1)
 239 F   0.91933 0.00000 0.08067 0.00000 ( 1)
 240 P   0.91297 0.00030 0.08670 0.00003 ( 1)
 241 T   0.04213 0.86226 0.00385 0.09176 ( 2)


lnL = -10833.210139

