Supplemental results for CODEML (seqf: algn  treef: tree)


dN/dS (w) for site classes (K=4)

site class             0        1       2a       2b
proportion       0.33259  0.64106  0.00900  0.01735
background w     0.04504  0.44922  0.04504  0.44922
foreground w     0.04504  0.44922 18.70207 18.70207

Naive Empirical Bayes (NEB) probabilities for 4 classes
(amino acids refer to 1st sequence: BT_Cry1Be1)

   1 S   0.64876 0.34437 0.00331 0.00356 ( 1)
   2 D   0.83885 0.16075 0.00033 0.00008 ( 1)
   3 S   0.00000 0.02765 0.02052 0.95183 ( 4)
   4 I   0.85541 0.14177 0.00233 0.00049 ( 1)
   5 T   0.19145 0.79649 0.00140 0.01067 ( 2)
   6 Q   0.73916 0.25915 0.00123 0.00046 ( 1)
   7 I   0.84302 0.15613 0.00069 0.00016 ( 1)
   8 P   0.78991 0.20900 0.00085 0.00025 ( 1)
   9 L   0.67593 0.31830 0.00388 0.00189 ( 1)
  10 V   0.32830 0.67078 0.00027 0.00065 ( 2)
  11 K   0.87367 0.12578 0.00046 0.00008 ( 1)
  12 S   0.02563 0.91748 0.04379 0.01310 ( 2)
  13 F   0.65263 0.34367 0.00239 0.00132 ( 1)
  14 N   0.00135 0.02388 0.81823 0.15655 ( 3)
  15 L   0.69044 0.30891 0.00043 0.00021 ( 1)
  16 N   0.00351 0.96163 0.00103 0.03383 ( 2)
  17 S   0.73332 0.26481 0.00135 0.00053 ( 1)
  18 G   0.36250 0.63689 0.00020 0.00041 ( 2)
  19 T   0.18442 0.81033 0.00094 0.00431 ( 2)
  20 S   0.03956 0.95961 0.00003 0.00080 ( 2)
  21 V   0.84555 0.15360 0.00070 0.00015 ( 1)
  22 V   0.76359 0.23113 0.00401 0.00127 ( 1)
  23 S   0.04441 0.93150 0.00693 0.01716 ( 2)
  24 G   0.75025 0.24382 0.00444 0.00150 ( 1)
  25 P   0.79718 0.20174 0.00085 0.00023 ( 1)
  26 G   0.24600 0.75294 0.00024 0.00082 ( 2)
  27 F   0.87787 0.12161 0.00044 0.00007 ( 1)
  28 T   0.82738 0.17170 0.00073 0.00018 ( 1)
  29 G   0.83294 0.16607 0.00081 0.00018 ( 1)
  30 G   0.53649 0.45496 0.00457 0.00398 ( 1)
  31 D   0.46210 0.53747 0.00018 0.00025 ( 2)
  32 I   0.69262 0.29917 0.00558 0.00263 ( 1)
  33 I   0.15389 0.84178 0.00064 0.00369 ( 2)
  34 R   0.13103 0.86401 0.00063 0.00433 ( 2)
  35 T   0.23338 0.76578 0.00016 0.00067 ( 2)
  36 N   0.13212 0.86550 0.00030 0.00208 ( 2)
  37 V   0.00701 0.99219 0.00000 0.00080 ( 2)
  38 N   0.04971 0.94978 0.00002 0.00049 ( 2)
  39 G   0.85051 0.14892 0.00048 0.00010 ( 1)
  40 S   0.00381 0.97570 0.00066 0.01982 ( 2)
  41 V   0.25154 0.74752 0.00021 0.00073 ( 2)
  42 L   0.01363 0.98428 0.00003 0.00206 ( 2)
  43 S   0.01037 0.98912 0.00000 0.00051 ( 2)
  44 M   0.44177 0.55781 0.00017 0.00025 ( 2)
  45 G   0.03129 0.94840 0.00437 0.01594 ( 2)
  46 L   0.27620 0.72312 0.00017 0.00051 ( 2)
  47 N   0.86697 0.13261 0.00035 0.00007 ( 1)
  48 F   0.35662 0.64282 0.00018 0.00038 ( 2)
  49 N   0.09486 0.88071 0.01152 0.01292 ( 2)
  50 N   0.02124 0.97814 0.00001 0.00061 ( 2)
  51 T   0.24338 0.75557 0.00022 0.00082 ( 2)
  52 S   0.03251 0.96234 0.00018 0.00497 ( 2)
  53 L   0.03442 0.96395 0.00005 0.00158 ( 2)
  54 Q   0.62953 0.36140 0.00571 0.00336 ( 1)
  55 R   0.56207 0.42408 0.00784 0.00601 ( 1)
  56 Y   0.82075 0.17842 0.00067 0.00016 ( 1)
  57 R   0.51501 0.47619 0.00452 0.00429 ( 1)
  58 V   0.21379 0.77859 0.00160 0.00602 ( 2)
  59 R   0.78060 0.21879 0.00046 0.00015 ( 1)
  60 V   0.07058 0.92864 0.00005 0.00073 ( 2)
  61 R   0.03516 0.96387 0.00003 0.00094 ( 2)
  62 Y   0.82075 0.17842 0.00067 0.00016 ( 1)
  63 A   0.86000 0.13938 0.00052 0.00010 ( 1)
  64 A   0.28797 0.71133 0.00018 0.00053 ( 2)
  65 S   0.29890 0.70029 0.00022 0.00059 ( 2)
  66 Q   0.02236 0.97585 0.00004 0.00175 ( 2)
  67 T   0.00436 0.99456 0.00000 0.00108 ( 2)
  68 M   0.00110 0.99845 0.00000 0.00044 ( 2)
  69 V   0.00140 0.99314 0.00001 0.00545 ( 2)
  70 L   0.00263 0.92553 0.00182 0.07002 ( 2)
  71 R   0.00391 0.82439 0.00487 0.16683 ( 2)
  72 V   0.03523 0.96377 0.00003 0.00097 ( 2)
  73 T   0.02864 0.91875 0.01073 0.04188 ( 2)
  74 V   0.42127 0.57740 0.00051 0.00082 ( 2)
  75 G   0.01845 0.98044 0.00002 0.00109 ( 2)
  76 G   0.72439 0.26711 0.00617 0.00234 ( 1)
  77 S   0.06941 0.93010 0.00003 0.00046 ( 2)
  78 T   0.41269 0.58649 0.00030 0.00052 ( 2)
  79 T   0.43311 0.56608 0.00031 0.00050 ( 2)
  80 F   0.00042 0.91020 0.00593 0.08345 ( 2)
  81 D   0.00365 0.99236 0.00012 0.00387 ( 2)
  82 Q   0.02103 0.97717 0.00004 0.00176 ( 2)
  83 G   0.00435 0.99455 0.00000 0.00110 ( 2)
  84 F   0.80146 0.19486 0.00293 0.00075 ( 1)
  85 P   0.18036 0.81888 0.00013 0.00063 ( 2)
  86 S   0.04345 0.95603 0.00002 0.00049 ( 2)
  87 T   0.85183 0.14745 0.00059 0.00013 ( 1)
  88 M   0.88326 0.11634 0.00035 0.00005 ( 1)
  89 S   0.52080 0.47874 0.00021 0.00024 ( 1)
  90 A   0.04181 0.95722 0.00004 0.00093 ( 2)
  91 N   0.00388 0.99559 0.00000 0.00053 ( 2)
  92 E   0.01121 0.73951 0.03181 0.21747 ( 2)
  93 S   0.00020 0.98436 0.00035 0.01509 ( 2)
  94 L   0.67029 0.32396 0.00383 0.00192 ( 1)
  95 T   0.00387 0.99503 0.00000 0.00110 ( 2)
  96 S   0.25975 0.73944 0.00019 0.00062 ( 2)
  97 Q   0.00174 0.99647 0.00000 0.00179 ( 2)
  98 S   0.02061 0.97740 0.00004 0.00196 ( 2)
  99 F   0.87787 0.12161 0.00044 0.00007 ( 1)
 100 R   0.85964 0.13975 0.00051 0.00010 ( 1)
 101 F   0.05340 0.94595 0.00003 0.00062 ( 2)
 102 A   0.05229 0.94677 0.00004 0.00090 ( 2)
 103 E   0.19486 0.80448 0.00012 0.00055 ( 2)
 104 F   0.87787 0.12161 0.00044 0.00007 ( 1)
 105 P   0.27123 0.72802 0.00019 0.00056 ( 2)
 106 V   0.07634 0.92267 0.00007 0.00092 ( 2)
 107 G   0.02195 0.97662 0.00003 0.00141 ( 2)
 108 I   0.34617 0.65297 0.00025 0.00060 ( 2)
 109 S   0.32482 0.67473 0.00013 0.00033 ( 2)
 110 A   0.00035 0.96252 0.00012 0.03701 ( 2)
 111 S   0.25738 0.74182 0.00019 0.00061 ( 2)
 112 G   0.04105 0.95285 0.00024 0.00586 ( 2)
 113 S   0.00195 0.99754 0.00000 0.00051 ( 2)
 114 Q   0.73916 0.25915 0.00123 0.00046 ( 1)
 115 -   0.48546 0.48819 0.01314 0.01321 ( 2)
 116 T   0.04628 0.91821 0.00127 0.03424 ( 2)
 117 A   0.03756 0.96168 0.00002 0.00073 ( 2)
 118 G   0.00033 0.86453 0.02656 0.10859 ( 2)
 119 I   0.84302 0.15613 0.00069 0.00016 ( 1)
 120 S   0.43535 0.56419 0.00018 0.00028 ( 2)
 121 I   0.07852 0.92033 0.00007 0.00107 ( 2)
 122 S   0.02808 0.97140 0.00001 0.00050 ( 2)
 123 N   0.82692 0.17267 0.00033 0.00009 ( 1)
 124 N   0.02636 0.97311 0.00001 0.00052 ( 2)
 125 A   0.00260 0.76963 0.00667 0.22110 ( 2)
 126 G   0.00217 0.99716 0.00000 0.00067 ( 2)
 127 R   0.28629 0.71303 0.00018 0.00051 ( 2)
 128 Q   0.02827 0.96995 0.00005 0.00174 ( 2)
 129 T   0.00022 0.98678 0.00001 0.01299 ( 2)
 130 F   0.33750 0.66193 0.00017 0.00039 ( 2)
 131 H   0.21136 0.78257 0.00126 0.00482 ( 2)
 132 F   0.03700 0.91574 0.01266 0.03460 ( 2)
 133 D   0.46622 0.53335 0.00018 0.00025 ( 2)
 134 K   0.33080 0.59230 0.06372 0.01317 ( 2)
 135 I   0.85802 0.14125 0.00061 0.00013 ( 1)
 136 E   0.86671 0.13270 0.00050 0.00009 ( 1)
 137 F   0.87102 0.12642 0.00220 0.00036 ( 1)
 138 I   0.04741 0.93374 0.00333 0.01552 ( 2)
 139 -   0.34842 0.62523 0.00943 0.01692 ( 2)


lnL = -1689.228957

