Supplemental results for CODEML (seqf: algn  treef: tree)


dN/dS (w) for site classes (K=4)

site class             0        1       2a       2b
proportion       0.42200  0.40484  0.08837  0.08478
background w     0.12698  1.00000  0.12698  1.00000
foreground w     0.12698  1.00000  1.00000  1.00000

Naive Empirical Bayes (NEB) probabilities for 4 classes
(amino acids refer to 1st sequence: BT_Cry1Da1)

   1 -   0.65791 0.16894 0.13777 0.03538 ( 1)
   2 -   0.38636 0.48026 0.03281 0.10057 ( 2)
   3 -   0.95697 0.00007 0.04294 0.00001 ( 1)
   4 R   0.14586 0.62335 0.10026 0.13054 ( 2)
   5 I   0.90704 0.00030 0.09260 0.00006 ( 1)
   6 T   0.93829 0.00037 0.06126 0.00008 ( 1)
   7 Q   0.90027 0.03159 0.06152 0.00662 ( 1)
   8 I   0.83433 0.07171 0.07894 0.01502 ( 1)
   9 P   0.93285 0.00224 0.06444 0.00047 ( 1)
  10 W   0.48684 0.38043 0.05307 0.07967 ( 1)
  11 V   0.93280 0.00843 0.05700 0.00177 ( 1)
  12 K   0.91929 0.00011 0.08058 0.00002 ( 1)
  13 A   0.94148 0.00188 0.05625 0.00039 ( 1)
  14 H   0.00647 0.81946 0.00247 0.17160 ( 2)
  15 T   0.12536 0.70406 0.02313 0.14744 ( 2)
  16 L   0.29729 0.55524 0.03119 0.11627 ( 2)
  17 A   0.10365 0.72320 0.02171 0.15145 ( 2)
  18 S   0.70591 0.20424 0.04708 0.04277 ( 1)
  19 G   0.05585 0.77731 0.00406 0.16278 ( 2)
  20 A   0.49541 0.22977 0.22670 0.04812 ( 1)
  21 S   0.51000 0.28036 0.15094 0.05871 ( 1)
  22 V   0.94163 0.00089 0.05729 0.00019 ( 1)
  23 I   0.94016 0.00102 0.05860 0.00021 ( 1)
  24 K   0.85903 0.07842 0.04613 0.01642 ( 1)
  25 G   0.93318 0.00007 0.06674 0.00001 ( 1)
  26 P   0.94555 0.00002 0.05442 0.00000 ( 1)
  27 G   0.93267 0.00013 0.06718 0.00003 ( 1)
  28 F   0.31721 0.00606 0.67546 0.00127 ( 3)
  29 T   0.93473 0.00295 0.06170 0.00062 ( 1)
  30 G   0.94122 0.00012 0.05864 0.00002 ( 1)
  31 G   0.92876 0.00066 0.07044 0.00014 ( 1)
  32 D   0.94361 0.00803 0.04668 0.00168 ( 1)
  33 I   0.75039 0.02163 0.22345 0.00453 ( 1)
  34 L   0.89783 0.00404 0.09729 0.00085 ( 1)
  35 T   0.29200 0.45102 0.16253 0.09445 ( 2)
  36 R   0.27417 0.15025 0.54412 0.03146 ( 3)
  37 N   0.16453 0.52606 0.19925 0.11016 ( 2)
  38 S   0.28112 0.54440 0.06048 0.11400 ( 2)
  39 M   0.03364 0.79321 0.00704 0.16611 ( 2)
  40 -   0.42200 0.40484 0.08837 0.08478 ( 1)
  41 -   0.42200 0.40484 0.08837 0.08478 ( 1)
  42 -   0.42200 0.40484 0.08837 0.08478 ( 1)
  43 G   0.05821 0.62880 0.18131 0.13168 ( 2)
  44 E   0.02873 0.80096 0.00258 0.16773 ( 2)
  45 L   0.09569 0.73445 0.01606 0.15380 ( 2)
  46 G   0.00064 0.82588 0.00053 0.17295 ( 2)
  47 T   0.01901 0.79834 0.01547 0.16718 ( 2)
  48 L   0.07491 0.72572 0.04739 0.15198 ( 2)
  49 R   0.55851 0.31506 0.06045 0.06598 ( 1)
  50 V   0.59867 0.15840 0.20976 0.03317 ( 1)
  51 T   0.07522 0.71765 0.05685 0.15029 ( 2)
  52 F   0.80194 0.05862 0.12716 0.01228 ( 1)
  53 T   0.08507 0.06151 0.84054 0.01288 ( 3)
  54 G   0.90866 0.01372 0.07474 0.00287 ( 1)
  55 R   0.09617 0.14461 0.72893 0.03028 ( 3)
  56 L   0.06384 0.72860 0.05499 0.15258 ( 2)
  57 P   0.01759 0.80936 0.00355 0.16949 ( 2)
  58 -   0.18635 0.64049 0.03902 0.13413 ( 2)
  59 -   0.15678 0.67007 0.03283 0.14032 ( 2)
  60 -   0.01096 0.81589 0.00229 0.17086 ( 2)
  61 Q   0.92662 0.00432 0.06816 0.00090 ( 1)
  62 S   0.86945 0.03426 0.08912 0.00717 ( 1)
  63 Y   0.94638 0.00002 0.05360 0.00000 ( 1)
  64 Y   0.47268 0.40816 0.03368 0.08547 ( 1)
  65 I   0.43871 0.43027 0.04092 0.09010 ( 1)
  66 R   0.93619 0.00118 0.06239 0.00025 ( 1)
  67 F   0.94200 0.00132 0.05640 0.00028 ( 1)
  68 R   0.64979 0.00127 0.34868 0.00027 ( 1)
  69 Y   0.94638 0.00002 0.05360 0.00000 ( 1)
  70 A   0.90665 0.00037 0.09290 0.00008 ( 1)
  71 S   0.90397 0.00316 0.09221 0.00066 ( 1)
  72 V   0.86686 0.04174 0.08266 0.00874 ( 1)
  73 A   0.60321 0.16613 0.19587 0.03479 ( 1)
  74 N   0.80511 0.10901 0.06305 0.02283 ( 1)
  75 R   0.12863 0.70704 0.01627 0.14806 ( 2)
  76 S   0.00774 0.81159 0.01072 0.16996 ( 2)
  77 -   0.83052 0.01530 0.15097 0.00320 ( 1)
  78 -   0.24526 0.53511 0.10757 0.11206 ( 2)
  79 -   0.42200 0.40484 0.08837 0.08478 ( 1)
  80 -   0.42200 0.40484 0.08837 0.08478 ( 1)
  81 -   0.30566 0.49226 0.09899 0.10309 ( 2)
  82 G   0.00008 0.82677 0.00002 0.17314 ( 2)
  83 T   0.00057 0.82612 0.00031 0.17300 ( 2)
  84 F   0.00435 0.82142 0.00221 0.17202 ( 2)
  85 R   0.00002 0.82682 0.00001 0.17315 ( 2)
  86 Y   0.00077 0.82572 0.00060 0.17292 ( 2)
  87 S   0.00268 0.81976 0.00590 0.17167 ( 2)
  88 Q   0.00024 0.82660 0.00005 0.17310 ( 2)
  89 P   0.00011 0.82629 0.00056 0.17304 ( 2)
  90 P   0.20413 0.56233 0.11577 0.11776 ( 2)
  91 S   0.00222 0.82406 0.00115 0.17257 ( 2)
  92 Y   0.69186 0.10409 0.18225 0.02180 ( 1)
  93 G   0.00008 0.82674 0.00005 0.17313 ( 2)
  94 I   0.00110 0.82585 0.00010 0.17294 ( 2)
  95 S   0.02063 0.80749 0.00279 0.16910 ( 2)
  96 F   0.67679 0.00306 0.31951 0.00064 ( 1)
  97 P   0.06180 0.75114 0.02976 0.15730 ( 2)
  98 K   0.21634 0.62941 0.02244 0.13181 ( 2)
  99 T   0.93785 0.00014 0.06199 0.00003 ( 1)
 100 M   0.94856 0.00000 0.05144 0.00000 ( 1)
 101 D   0.08154 0.62690 0.16028 0.13128 ( 2)
 102 A   0.01728 0.80081 0.01420 0.16770 ( 2)
 103 G   0.57974 0.00984 0.40836 0.00206 ( 1)
 104 E   0.02017 0.79168 0.02237 0.16579 ( 2)
 105 P   0.01698 0.81062 0.00266 0.16975 ( 2)
 106 L   0.91980 0.00554 0.07350 0.00116 ( 1)
 107 T   0.61130 0.06986 0.30422 0.01463 ( 1)
 108 S   0.74480 0.15621 0.06628 0.03271 ( 1)
 109 R   0.81046 0.07090 0.10380 0.01485 ( 1)
 110 S   0.00414 0.80759 0.01915 0.16912 ( 2)
 111 F   0.94668 0.00006 0.05324 0.00001 ( 1)
 112 A   0.58467 0.29792 0.05503 0.06239 ( 1)
 113 H   0.64709 0.10408 0.22703 0.02180 ( 1)
 114 T   0.28075 0.52930 0.07910 0.11084 ( 2)
 115 T   0.06347 0.75438 0.02417 0.15798 ( 2)
 116 L   0.37093 0.45074 0.08394 0.09439 ( 2)
 117 F   0.00038 0.82611 0.00051 0.17300 ( 2)
 118 T   0.91884 0.01527 0.06269 0.00320 ( 1)
 119 P   0.21186 0.55473 0.11724 0.11617 ( 2)
 120 I   0.42779 0.41933 0.06506 0.08781 ( 1)
 121 T   0.01118 0.81652 0.00131 0.17099 ( 2)
 122 F   0.24180 0.59207 0.04214 0.12399 ( 2)
 123 S   0.00446 0.80827 0.01800 0.16926 ( 2)
 124 R   0.00001 0.82684 0.00000 0.17315 ( 2)
 125 A   0.00484 0.82255 0.00035 0.17225 ( 2)
 126 Q   0.00007 0.82656 0.00028 0.17309 ( 2)
 127 E   0.00128 0.82569 0.00012 0.17291 ( 2)
 128 E   0.00168 0.82518 0.00034 0.17280 ( 2)
 129 F   0.01333 0.78205 0.04085 0.16377 ( 2)
 130 D   0.00004 0.82666 0.00018 0.17311 ( 2)
 131 L   0.00146 0.82515 0.00059 0.17280 ( 2)
 132 Y   0.00001 0.82683 0.00001 0.17315 ( 2)
 133 I   0.03294 0.79681 0.00339 0.16686 ( 2)
 134 Q   0.04420 0.76203 0.03419 0.15958 ( 2)
 135 -   0.00550 0.82076 0.00187 0.17188 ( 2)
 136 -   0.06415 0.74938 0.02955 0.15693 ( 2)
 137 -   0.08784 0.71912 0.04245 0.15059 ( 2)
 138 -   0.28781 0.50970 0.09576 0.10674 ( 2)
 139 -   0.03628 0.79057 0.00760 0.16556 ( 2)
 140 -   0.33668 0.49017 0.07050 0.10265 ( 2)
 141 S   0.00037 0.82519 0.00164 0.17281 ( 2)
 142 G   0.33805 0.38385 0.19771 0.08038 ( 2)
 143 V   0.42976 0.29121 0.21804 0.06098 ( 1)
 144 Y   0.94591 0.00004 0.05404 0.00001 ( 1)
 145 I   0.93844 0.00326 0.05762 0.00068 ( 1)
 146 D   0.95604 0.00001 0.04395 0.00000 ( 1)
 147 R   0.70024 0.21162 0.04382 0.04432 ( 1)
 148 I   0.17156 0.04556 0.77334 0.00954 ( 3)
 149 E   0.94465 0.00007 0.05526 0.00002 ( 1)
 150 F   0.95600 0.00007 0.04391 0.00002 ( 1)
 151 I   0.90060 0.01089 0.08623 0.00228 ( 1)
 152 P   0.42832 0.39853 0.08970 0.08346 ( 1)


lnL = -2990.339058

