Supplemental results for CODEML (seqf: algn  treef: tree)


dN/dS (w) for site classes (K=4)

site class             0        1       2a       2b
proportion       0.48601  0.30026  0.13211  0.08162
background w     0.13309  1.00000  0.13309  1.00000
foreground w     0.13309  1.00000  1.00000  1.00000

Naive Empirical Bayes (NEB) probabilities for 4 classes
(amino acids refer to 1st sequence: BT_Cry43Aa1)

   1 -   0.83223 0.00980 0.15530 0.00266 ( 1)
   2 S   0.79721 0.03738 0.15525 0.01016 ( 1)
   3 A   0.38483 0.40598 0.09883 0.11036 ( 2)
   4 Q   0.80669 0.00388 0.18837 0.00106 ( 1)
   5 G   0.43998 0.37548 0.08247 0.10207 ( 1)
   6 E   0.63913 0.16392 0.15240 0.04456 ( 1)
   7 Q   0.62610 0.19305 0.12838 0.05248 ( 1)
   8 L   0.68563 0.13853 0.13818 0.03766 ( 1)
   9 F   0.01380 0.77281 0.00332 0.21007 ( 2)
  10 S   0.00090 0.78445 0.00141 0.21324 ( 2)
  11 F   0.44761 0.36849 0.08374 0.10017 ( 1)
  12 L   0.00324 0.78235 0.00174 0.21267 ( 2)
  13 L   0.73457 0.06002 0.18910 0.01631 ( 1)
  14 D   0.18057 0.54161 0.13060 0.14722 ( 2)
  15 T   0.00026 0.78600 0.00008 0.21366 ( 2)
  16 L   0.66620 0.14751 0.14619 0.04010 ( 1)
  17 W   0.24260 0.54963 0.05837 0.14940 ( 2)
  18 L   0.38729 0.41788 0.08124 0.11359 ( 2)
  19 E   0.00003 0.78624 0.00001 0.21372 ( 2)
  20 G   0.00167 0.78407 0.00112 0.21313 ( 2)
  21 N   0.77734 0.06451 0.14062 0.01754 ( 1)
  22 -   0.56193 0.22434 0.15275 0.06098 ( 1)
  23 -   0.54220 0.24407 0.14739 0.06635 ( 1)
  24 T   0.15637 0.60578 0.07318 0.16467 ( 2)
  25 Q   0.69184 0.13097 0.14158 0.03560 ( 1)
  26 W   0.63521 0.16665 0.15284 0.04530 ( 1)
  27 E   0.82677 0.01597 0.15292 0.00434 ( 1)
  28 E   0.02783 0.76025 0.00526 0.20666 ( 2)
  29 L   0.76330 0.07367 0.14301 0.02003 ( 1)
  30 M   0.83722 0.00013 0.16261 0.00004 ( 1)
  31 R   0.67699 0.15142 0.13042 0.04116 ( 1)
  32 H   0.82746 0.01449 0.15411 0.00394 ( 1)
  33 A   0.75586 0.08014 0.14222 0.02178 ( 1)
  34 E   0.84644 0.00012 0.15341 0.00003 ( 1)
  35 E   0.38014 0.43314 0.06898 0.11774 ( 2)
  36 L   0.77117 0.03257 0.18741 0.00885 ( 1)
  37 I   0.81738 0.00233 0.17966 0.00063 ( 1)
  38 N   0.42241 0.00156 0.57560 0.00043 ( 3)
  39 E   0.00463 0.78187 0.00096 0.21253 ( 2)
  40 Q   0.00035 0.78562 0.00049 0.21355 ( 2)
  41 V   0.84595 0.00096 0.15284 0.00026 ( 1)
  42 P   0.09129 0.70098 0.01718 0.19055 ( 2)
  43 D   0.00140 0.77957 0.00712 0.21191 ( 2)
  44 Y   0.48783 0.29771 0.13354 0.08092 ( 1)
  45 V   0.82058 0.01710 0.15768 0.00465 ( 1)
  46 R   0.83819 0.00025 0.16150 0.00007 ( 1)
  47 T   0.02505 0.75810 0.01078 0.20607 ( 2)
  48 K   0.30681 0.15110 0.50101 0.04107 ( 3)
  49 A   0.83783 0.00084 0.16110 0.00023 ( 1)
  50 L   0.39020 0.00163 0.60772 0.00044 ( 3)
  51 A   0.11698 0.05922 0.80771 0.01610 ( 3)
  52 E   0.84639 0.00015 0.15341 0.00004 ( 1)
  53 L   0.80279 0.02168 0.16964 0.00589 ( 1)
  54 T   0.00002 0.78624 0.00002 0.21372 ( 2)
  55 D   0.83069 0.00525 0.16263 0.00143 ( 1)
  56 L   0.82409 0.00155 0.17394 0.00042 ( 1)
  57 G   0.46138 0.11387 0.39380 0.03095 ( 1)
  58 N   0.84670 0.00548 0.14633 0.00149 ( 1)
  59 N   0.22206 0.57900 0.04155 0.15739 ( 2)
  60 L   0.43601 0.36360 0.10156 0.09884 ( 1)
  61 N   0.00020 0.78513 0.00125 0.21342 ( 2)
  62 L   0.01914 0.75806 0.01673 0.20606 ( 2)
  63 Y   0.83640 0.00030 0.16323 0.00008 ( 1)
  64 I   0.00332 0.77990 0.00478 0.21200 ( 2)
  65 A   0.01824 0.76836 0.00454 0.20886 ( 2)
  66 A   0.33116 0.19904 0.41570 0.05410 ( 3)
  67 F   0.25682 0.53531 0.06235 0.14551 ( 2)
  68 E   0.36387 0.44121 0.07499 0.11993 ( 2)
  69 D   0.40752 0.06967 0.50387 0.01894 ( 3)
  70 W   0.78471 0.02092 0.18869 0.00569 ( 1)
  71 K   0.54453 0.28076 0.09840 0.07632 ( 1)
  72 R   0.00080 0.78468 0.00122 0.21330 ( 2)
  73 N   0.20825 0.30886 0.39894 0.08396 ( 3)
  74 P   0.75433 0.06695 0.16052 0.01820 ( 1)
  75 S   0.13933 0.65105 0.03265 0.17697 ( 2)
  76 S   0.81575 0.00889 0.17295 0.00242 ( 1)
  77 Q   0.00161 0.78354 0.00186 0.21299 ( 2)
  78 E   0.00000 0.78626 0.00000 0.21373 ( 2)
  79 V   0.00000 0.78627 0.00000 0.21373 ( 2)
  80 R   0.65056 0.14673 0.16283 0.03989 ( 1)
  81 T   0.00001 0.78626 0.00000 0.21373 ( 2)
  82 R   0.07355 0.63313 0.12122 0.17210 ( 2)
  83 V   0.84068 0.00066 0.15847 0.00018 ( 1)
  84 I   0.62432 0.20062 0.12052 0.05454 ( 1)
  85 D   0.00014 0.78614 0.00003 0.21369 ( 2)
  86 R   0.01952 0.76719 0.00475 0.20854 ( 2)
  87 F   0.84427 0.00057 0.15501 0.00015 ( 1)
  88 N   0.00123 0.77486 0.01328 0.21063 ( 2)
  89 I   0.28491 0.13152 0.54782 0.03575 ( 3)
  90 L   0.76951 0.06200 0.15163 0.01685 ( 1)
  91 D   0.83878 0.00520 0.15460 0.00141 ( 1)
  92 G   0.01136 0.76155 0.02008 0.20701 ( 2)
  93 L   0.33141 0.47792 0.06077 0.12991 ( 2)
  94 F   0.84500 0.00008 0.15490 0.00002 ( 1)
  95 E   0.04390 0.70814 0.05546 0.19249 ( 2)
  96 A   0.00000 0.78627 0.00000 0.21373 ( 2)
  97 Y   0.00010 0.78605 0.00017 0.21367 ( 2)
  98 L   0.76673 0.06633 0.14892 0.01803 ( 1)
  99 P   0.82569 0.00142 0.17250 0.00039 ( 1)
 100 S   0.00020 0.78575 0.00047 0.21359 ( 2)
 101 F   0.84500 0.00008 0.15490 0.00002 ( 1)
 102 A   0.61176 0.19791 0.13654 0.05380 ( 1)
 103 V   0.15387 0.62774 0.04775 0.17064 ( 2)
 104 P   0.00002 0.78625 0.00000 0.21373 ( 2)
 105 G   0.02209 0.76515 0.00477 0.20799 ( 2)
 106 Y   0.81822 0.01738 0.15968 0.00472 ( 1)
 107 E   0.83185 0.01368 0.15075 0.00372 ( 1)
 108 V   0.84125 0.00031 0.15835 0.00008 ( 1)
 109 P   0.71563 0.08800 0.17245 0.02392 ( 1)
 110 L   0.82393 0.00170 0.17390 0.00046 ( 1)
 111 L   0.82344 0.00216 0.17381 0.00059 ( 1)
 112 S   0.35680 0.45194 0.06841 0.12285 ( 2)
 113 V   0.80131 0.00765 0.18896 0.00208 ( 1)
 114 Y   0.83640 0.00030 0.16323 0.00008 ( 1)
 115 A   0.83860 0.00020 0.16114 0.00006 ( 1)
 116 N   0.00060 0.78570 0.00013 0.21357 ( 2)
 117 V   0.83678 0.00189 0.16082 0.00051 ( 1)
 118 V   0.80116 0.00476 0.19279 0.00129 ( 1)
 119 N   0.85248 0.00006 0.14744 0.00002 ( 1)
 120 I   0.10407 0.68811 0.02078 0.18705 ( 2)
 121 H   0.84135 0.00103 0.15734 0.00028 ( 1)
 122 L   0.82290 0.00268 0.17370 0.00073 ( 1)
 123 L   0.79762 0.03377 0.15944 0.00918 ( 1)
 124 V   0.75977 0.06280 0.16036 0.01707 ( 1)
 125 L   0.82290 0.00262 0.17376 0.00071 ( 1)
 126 R   0.81204 0.00175 0.18573 0.00048 ( 1)
 127 D   0.85220 0.00009 0.14769 0.00002 ( 1)
 128 S   0.00271 0.78362 0.00066 0.21301 ( 2)
 129 S   0.16112 0.63402 0.03252 0.17234 ( 2)
 130 I   0.84214 0.00025 0.15755 0.00007 ( 1)
 131 Y   0.58026 0.24201 0.11195 0.06579 ( 1)
 132 G   0.81660 0.00042 0.18286 0.00012 ( 1)
 133 L   0.00000 0.78626 0.00001 0.21373 ( 2)
 134 D   0.00934 0.77056 0.01063 0.20946 ( 2)
 135 W   0.78471 0.02092 0.18869 0.00569 ( 1)
 136 G   0.80562 0.00198 0.19187 0.00054 ( 1)
 137 L   0.44165 0.17313 0.33816 0.04706 ( 1)
 138 S   0.00001 0.78625 0.00001 0.21372 ( 2)
 139 S   0.00025 0.78604 0.00005 0.21367 ( 2)
 140 T   0.01592 0.77097 0.00354 0.20957 ( 2)
 141 S   0.00014 0.78614 0.00003 0.21369 ( 2)
 142 V   0.71907 0.11260 0.13772 0.03061 ( 1)
 143 D   0.07489 0.63353 0.11937 0.17221 ( 2)
 144 N   0.46784 0.33899 0.10102 0.09215 ( 1)
 145 N   0.85221 0.00043 0.14724 0.00012 ( 1)
 146 Y   0.73656 0.06787 0.17713 0.01845 ( 1)
 147 N   0.09274 0.69803 0.01950 0.18974 ( 2)
 148 R   0.26182 0.54039 0.05089 0.14689 ( 2)
 149 Q   0.83050 0.00049 0.16888 0.00013 ( 1)
 150 Q   0.00973 0.71538 0.08043 0.19446 ( 2)
 151 R   0.05854 0.20474 0.68106 0.05566 ( 3)
 152 N   0.00749 0.77199 0.01067 0.20985 ( 2)
 153 S   0.22080 0.57755 0.04465 0.15699 ( 2)
 154 A   0.12650 0.66460 0.02824 0.18066 ( 2)
 155 T   0.00023 0.78593 0.00020 0.21364 ( 2)
 156 Y   0.83640 0.00030 0.16323 0.00008 ( 1)
 157 A   0.60096 0.22294 0.11550 0.06060 ( 1)
 158 N   0.85215 0.00047 0.14726 0.00013 ( 1)
 159 H   0.84291 0.00008 0.15699 0.00002 ( 1)
 160 C   0.83159 0.00039 0.16791 0.00011 ( 1)
 161 T   0.46788 0.34716 0.09059 0.09437 ( 1)
 162 T   0.40166 0.01137 0.58387 0.00309 ( 3)
 163 W   0.78471 0.02092 0.18869 0.00569 ( 1)
 164 Y   0.83628 0.00396 0.15869 0.00108 ( 1)
 165 Q   0.21496 0.58561 0.04024 0.15919 ( 2)
 166 T   0.36518 0.06122 0.55695 0.01664 ( 3)
 167 G   0.83603 0.00027 0.16363 0.00007 ( 1)
 168 L   0.82409 0.00155 0.17394 0.00042 ( 1)
 169 Q   0.03134 0.75620 0.00691 0.20556 ( 2)
 170 R   0.83817 0.00030 0.16145 0.00008 ( 1)
 171 L   0.82101 0.00434 0.17347 0.00118 ( 1)
 172 Q   0.25532 0.54650 0.04962 0.14855 ( 2)
 173 G   0.83229 0.00158 0.16570 0.00043 ( 1)
 174 S   0.29730 0.50768 0.05702 0.13800 ( 2)
 175 D   0.55879 0.27094 0.09661 0.07365 ( 1)
 176 A   0.83620 0.00025 0.16349 0.00007 ( 1)
 177 S   0.00062 0.78568 0.00013 0.21357 ( 2)
 178 S   0.30429 0.50284 0.05618 0.13669 ( 2)
 179 W   0.78471 0.02092 0.18869 0.00569 ( 1)
 180 V   0.05417 0.73547 0.01043 0.19992 ( 2)
 181 N   0.01457 0.77195 0.00363 0.20984 ( 2)
 182 Y   0.83208 0.00433 0.16242 0.00118 ( 1)
 183 N   0.85263 0.00004 0.14732 0.00001 ( 1)
 184 R   0.19501 0.60337 0.03760 0.16401 ( 2)
 185 F   0.81659 0.00045 0.18284 0.00012 ( 1)
 186 R   0.82502 0.00123 0.17341 0.00034 ( 1)
 187 R   0.83678 0.00132 0.16154 0.00036 ( 1)
 188 E   0.84522 0.00116 0.15331 0.00032 ( 1)
 189 I   0.83633 0.00097 0.16243 0.00026 ( 1)
 190 T   0.80328 0.00441 0.19112 0.00120 ( 1)
 191 L   0.73597 0.07474 0.16897 0.02032 ( 1)
 192 I   0.76312 0.06910 0.14900 0.01878 ( 1)
 193 V   0.84141 0.00022 0.15831 0.00006 ( 1)
 194 L   0.81914 0.00585 0.17342 0.00159 ( 1)
 195 D   0.85225 0.00004 0.14770 0.00001 ( 1)
 196 I   0.81105 0.00040 0.18844 0.00011 ( 1)
 197 C   0.01813 0.76858 0.00437 0.20892 ( 2)
 198 A   0.24051 0.55594 0.05243 0.15112 ( 2)
 199 L   0.80195 0.00871 0.18698 0.00237 ( 1)
 200 F   0.84500 0.00008 0.15490 0.00002 ( 1)
 201 S   0.78299 0.02059 0.19083 0.00560 ( 1)
 202 N   0.44851 0.36341 0.08929 0.09879 ( 1)


lnL = -3981.998103

