Supplemental results for CODEML (seqf: algn  treef: tree)


dN/dS (w) for site classes (K=4)

site class             0        1       2a       2b
proportion       0.47488  0.52443  0.00033  0.00036
background w     0.08684  1.00000  0.08684  1.00000
foreground w     0.08684  1.00000  1.00000  1.00000

Naive Empirical Bayes (NEB) probabilities for 4 classes
(amino acids refer to 1st sequence: BT_Cry24Ca1)

   1 -   0.53327 0.46605 0.00037 0.00032 ( 1)
   2 -   0.47488 0.52443 0.00033 0.00036 ( 2)
   3 A   0.00032 0.99899 0.00000 0.00069 ( 2)
   4 D   0.99927 0.00004 0.00069 0.00000 ( 1)
   5 K   0.99822 0.00109 0.00069 0.00000 ( 1)
   6 I   0.99869 0.00062 0.00069 0.00000 ( 1)
   7 T   0.99891 0.00040 0.00069 0.00000 ( 1)
   8 Q   0.99905 0.00026 0.00069 0.00000 ( 1)
   9 I   0.99926 0.00005 0.00069 0.00000 ( 1)
  10 P   0.99689 0.00242 0.00069 0.00000 ( 1)
  11 A   0.99902 0.00029 0.00069 0.00000 ( 1)
  12 V   0.99856 0.00075 0.00069 0.00000 ( 1)
  13 K   0.99918 0.00013 0.00069 0.00000 ( 1)
  14 T   0.10381 0.89551 0.00007 0.00062 ( 2)
  15 W   0.00056 0.99876 0.00000 0.00069 ( 2)
  16 E   0.00001 0.99930 0.00000 0.00069 ( 2)
  17 I   0.04872 0.95060 0.00003 0.00065 ( 2)
  18 R   0.00006 0.99925 0.00000 0.00069 ( 2)
  19 G   0.00142 0.99789 0.00000 0.00069 ( 2)
  20 T   0.00119 0.99812 0.00000 0.00069 ( 2)
  21 -   0.47488 0.52443 0.00033 0.00036 ( 2)
  22 S   0.02030 0.97901 0.00001 0.00067 ( 2)
  23 S   0.95715 0.04216 0.00066 0.00003 ( 1)
  24 V   0.99917 0.00014 0.00069 0.00000 ( 1)
  25 V   0.80535 0.19396 0.00055 0.00013 ( 1)
  26 A   0.89741 0.10190 0.00062 0.00007 ( 1)
  27 G   0.99863 0.00069 0.00069 0.00000 ( 1)
  28 P   0.99928 0.00003 0.00069 0.00000 ( 1)
  29 G   0.99928 0.00004 0.00069 0.00000 ( 1)
  30 N   0.01378 0.98553 0.00001 0.00068 ( 2)
  31 T   0.99920 0.00011 0.00069 0.00000 ( 1)
  32 G   0.99921 0.00010 0.00069 0.00000 ( 1)
  33 G   0.99911 0.00020 0.00069 0.00000 ( 1)
  34 N   0.98389 0.01542 0.00068 0.00001 ( 1)
  35 L   0.99762 0.00169 0.00069 0.00000 ( 1)
  36 V   0.99329 0.00603 0.00068 0.00000 ( 1)
  37 K   0.00256 0.99675 0.00000 0.00069 ( 2)
  38 M   0.78198 0.21733 0.00054 0.00015 ( 1)
  39 S   0.99352 0.00580 0.00068 0.00000 ( 1)
  40 Y   0.00188 0.99743 0.00000 0.00069 ( 2)
  41 H   0.00123 0.99809 0.00000 0.00069 ( 2)
  42 S   0.00025 0.99906 0.00000 0.00069 ( 2)
  43 V   0.00002 0.99929 0.00000 0.00069 ( 2)
  44 -   0.47488 0.52443 0.00033 0.00036 ( 2)
  45 W   0.01203 0.98729 0.00001 0.00068 ( 2)
  46 N   0.00623 0.99309 0.00000 0.00068 ( 2)
  47 I   0.99726 0.00205 0.00069 0.00000 ( 1)
  48 K   0.00163 0.99769 0.00000 0.00069 ( 2)
  49 F   0.71070 0.28861 0.00049 0.00020 ( 1)
  50 -   0.00549 0.99382 0.00000 0.00068 ( 2)
  51 -   0.02209 0.97722 0.00002 0.00067 ( 2)
  52 -   0.74301 0.25631 0.00051 0.00018 ( 1)
  53 -   0.70317 0.29614 0.00048 0.00020 ( 1)
  54 -   0.72790 0.27141 0.00050 0.00019 ( 1)
  55 -   0.55894 0.44037 0.00038 0.00030 ( 1)
  56 -   0.01006 0.98925 0.00001 0.00068 ( 2)
  57 T   0.00002 0.99929 0.00000 0.00069 ( 2)
  58 C   0.00000 0.99931 0.00000 0.00069 ( 2)
  59 Q   0.00249 0.99682 0.00000 0.00069 ( 2)
  60 Q   0.00000 0.99931 0.00000 0.00069 ( 2)
  61 L   0.00000 0.99931 0.00000 0.00069 ( 2)
  62 K   0.02163 0.97768 0.00001 0.00067 ( 2)
  63 R   0.00233 0.99698 0.00000 0.00069 ( 2)
  64 Y   0.98501 0.01430 0.00068 0.00001 ( 1)
  65 R   0.00014 0.99917 0.00000 0.00069 ( 2)
  66 V   0.75934 0.23997 0.00052 0.00017 ( 1)
  67 R   0.99600 0.00331 0.00069 0.00000 ( 1)
  68 I   0.99808 0.00123 0.00069 0.00000 ( 1)
  69 R   0.99772 0.00159 0.00069 0.00000 ( 1)
  70 Y   0.99928 0.00003 0.00069 0.00000 ( 1)
  71 A   0.99914 0.00017 0.00069 0.00000 ( 1)
  72 S   0.99494 0.00437 0.00069 0.00000 ( 1)
  73 D   0.61754 0.38177 0.00043 0.00026 ( 1)
  74 G   0.00011 0.99920 0.00000 0.00069 ( 2)
  75 N   0.77159 0.22773 0.00053 0.00016 ( 1)
  76 C   0.67745 0.32186 0.00047 0.00022 ( 1)
  77 Q   0.13172 0.86759 0.00009 0.00060 ( 2)
  78 L   0.98652 0.01279 0.00068 0.00001 ( 1)
  79 A   0.00000 0.99931 0.00000 0.00069 ( 2)
  80 M   0.47793 0.52138 0.00033 0.00036 ( 2)
  81 R   0.01232 0.98699 0.00001 0.00068 ( 2)
  82 R   0.93416 0.06515 0.00064 0.00004 ( 1)
  83 W   0.00126 0.99805 0.00000 0.00069 ( 2)
  84 R   0.00022 0.99909 0.00000 0.00069 ( 2)
  85 G   0.01651 0.98281 0.00001 0.00068 ( 2)
  86 G   0.00002 0.99929 0.00000 0.00069 ( 2)
  87 P   0.20346 0.79585 0.00014 0.00055 ( 2)
  88 G   0.00427 0.99504 0.00000 0.00069 ( 2)
  89 Y   0.00005 0.99926 0.00000 0.00069 ( 2)
  90 -   0.00678 0.99253 0.00000 0.00068 ( 2)
  91 -   0.47488 0.52443 0.00033 0.00036 ( 2)
  92 V   0.00081 0.99850 0.00000 0.00069 ( 2)
  93 Q   0.00018 0.99913 0.00000 0.00069 ( 2)
  94 E   0.01271 0.98660 0.00001 0.00068 ( 2)
  95 A   0.00193 0.99738 0.00000 0.00069 ( 2)
  96 R   0.03095 0.96836 0.00002 0.00067 ( 2)
  97 H   0.93037 0.06894 0.00064 0.00005 ( 1)
  98 T   0.04778 0.95153 0.00003 0.00066 ( 2)
  99 V   0.93027 0.06904 0.00064 0.00005 ( 1)
 100 Q   0.00060 0.99871 0.00000 0.00069 ( 2)
 101 R   0.27296 0.72635 0.00019 0.00050 ( 2)
 102 T   0.97027 0.02904 0.00067 0.00002 ( 1)
 103 F   0.86092 0.13839 0.00059 0.00010 ( 1)
 104 S   0.86015 0.13916 0.00059 0.00010 ( 1)
 105 -   0.46535 0.53396 0.00032 0.00037 ( 2)
 106 -   0.47488 0.52443 0.00033 0.00036 ( 2)
 107 G   0.97607 0.02324 0.00067 0.00002 ( 1)
 108 S   0.15495 0.84436 0.00011 0.00058 ( 2)
 109 M   0.98423 0.01508 0.00068 0.00001 ( 1)
 110 T   0.99298 0.00634 0.00068 0.00000 ( 1)
 111 Y   0.99888 0.00044 0.00069 0.00000 ( 1)
 112 D   0.99596 0.00335 0.00069 0.00000 ( 1)
 113 S   0.00076 0.99855 0.00000 0.00069 ( 2)
 114 F   0.99924 0.00007 0.00069 0.00000 ( 1)
 115 K   0.98623 0.01308 0.00068 0.00001 ( 1)
 116 Y   0.99910 0.00022 0.00069 0.00000 ( 1)
 117 L   0.05096 0.94835 0.00004 0.00065 ( 2)
 118 D   0.99536 0.00395 0.00069 0.00000 ( 1)
 119 I   0.07521 0.92410 0.00005 0.00064 ( 2)
 120 F   0.71239 0.28692 0.00049 0.00020 ( 1)
 121 T   0.00331 0.99600 0.00000 0.00069 ( 2)
 122 M   0.00294 0.99637 0.00000 0.00069 ( 2)
 123 P   0.00000 0.99931 0.00000 0.00069 ( 2)
 124 A   0.30046 0.69885 0.00021 0.00048 ( 2)
 125 E   0.01037 0.98894 0.00001 0.00068 ( 2)
 126 D   0.23790 0.76141 0.00016 0.00052 ( 2)
 127 Y   0.00000 0.99931 0.00000 0.00069 ( 2)
 128 T   0.00037 0.99894 0.00000 0.00069 ( 2)
 129 F   0.08288 0.91643 0.00006 0.00063 ( 2)
 130 N   0.00000 0.99931 0.00000 0.00069 ( 2)
 131 L   0.34330 0.65601 0.00024 0.00045 ( 2)
 132 T   0.04229 0.95703 0.00003 0.00066 ( 2)
 133 I   0.09129 0.90803 0.00006 0.00063 ( 2)
 134 -   0.01750 0.98181 0.00001 0.00068 ( 2)
 135 -   0.70841 0.29090 0.00049 0.00020 ( 1)
 136 D   0.00009 0.99922 0.00000 0.00069 ( 2)
 137 L   0.00107 0.99824 0.00000 0.00069 ( 2)
 138 E   0.00105 0.99826 0.00000 0.00069 ( 2)
 139 S   0.07026 0.92905 0.00005 0.00064 ( 2)
 140 G   0.99779 0.00153 0.00069 0.00000 ( 1)
 141 G   0.97029 0.02902 0.00067 0.00002 ( 1)
 142 A   0.00236 0.99695 0.00000 0.00069 ( 2)
 143 L   0.94947 0.04984 0.00065 0.00003 ( 1)
 144 Y   0.00919 0.99012 0.00001 0.00068 ( 2)
 145 I   0.97288 0.02643 0.00067 0.00002 ( 1)
 146 D   0.99919 0.00012 0.00069 0.00000 ( 1)
 147 K   0.99858 0.00073 0.00069 0.00000 ( 1)
 148 I   0.99738 0.00193 0.00069 0.00000 ( 1)
 149 E   0.99928 0.00003 0.00069 0.00000 ( 1)
 150 F   0.99843 0.00088 0.00069 0.00000 ( 1)
 151 -   0.99924 0.00008 0.00069 0.00000 ( 1)


lnL = -2956.767200

