Supplemental results for CODEML (seqf: algn  treef: tree)


dN/dS (w) for site classes (K=4)

site class             0        1       2a       2b
proportion       0.50708  0.39489  0.05511  0.04292
background w     0.16379  1.00000  0.16379  1.00000
foreground w     0.16379  1.00000  5.68477  5.68477

Naive Empirical Bayes (NEB) probabilities for 4 classes
(amino acids refer to 1st sequence: BT_Cry1Ba1)

   1 -   0.50708 0.39489 0.05511 0.04292 ( 1)
   2 -   0.50708 0.39489 0.05511 0.04292 ( 1)
   3 -   0.50708 0.39489 0.05511 0.04292 ( 1)
   4 -   0.50708 0.39489 0.05511 0.04292 ( 1)
   5 -   0.50708 0.39489 0.05511 0.04292 ( 1)
   6 -   0.81363 0.08834 0.08843 0.00960 ( 1)
   7 -   0.81827 0.08370 0.08893 0.00910 ( 1)
   8 -   0.35324 0.54872 0.03839 0.05964 ( 2)
   9 -   0.89123 0.01074 0.09686 0.00117 ( 1)
  10 R   0.95299 0.01490 0.03147 0.00064 ( 1)
  11 I   0.96768 0.00002 0.03230 0.00000 ( 1)
  12 T   0.96775 0.00004 0.03221 0.00000 ( 1)
  13 Q   0.92530 0.00412 0.07025 0.00033 ( 1)
  14 I   0.58336 0.36669 0.02900 0.02095 ( 1)
  15 P   0.95931 0.00009 0.04059 0.00000 ( 1)
  16 M   0.00003 0.92811 0.00000 0.07186 ( 2)
  17 V   0.96215 0.00490 0.03272 0.00023 ( 1)
  18 K   0.96917 0.00080 0.03000 0.00003 ( 1)
  19 A   0.94213 0.00932 0.04800 0.00054 ( 1)
  20 S   0.00446 0.95440 0.00014 0.04100 ( 2)
  21 E   0.00051 0.95165 0.00002 0.04781 ( 2)
  22 L   0.00467 0.94223 0.00023 0.05288 ( 2)
  23 P   0.00000 0.78673 0.00000 0.21326 ( 2)
  24 Q   0.00003 0.95777 0.00000 0.04220 ( 2)
  25 G   0.93950 0.00005 0.06045 0.00000 ( 1)
  26 T   0.01049 0.82126 0.00764 0.16062 ( 2)
  27 T   0.37035 0.18628 0.40603 0.03734 ( 3)
  28 V   0.19187 0.71010 0.02085 0.07718 ( 2)
  29 V   0.96388 0.00322 0.03276 0.00014 ( 1)
  30 R   0.87970 0.08962 0.02701 0.00366 ( 1)
  31 G   0.96247 0.00034 0.03717 0.00002 ( 1)
  32 P   0.95926 0.00014 0.04059 0.00001 ( 1)
  33 G   0.96276 0.00007 0.03716 0.00000 ( 1)
  34 F   0.96606 0.00002 0.03392 0.00000 ( 1)
  35 T   0.96772 0.00009 0.03218 0.00000 ( 1)
  36 G   0.96279 0.00005 0.03716 0.00000 ( 1)
  37 G   0.96099 0.00182 0.03711 0.00009 ( 1)
  38 D   0.97001 0.00034 0.02963 0.00001 ( 1)
  39 I   0.95934 0.00772 0.03259 0.00035 ( 1)
  40 L   0.85323 0.09747 0.04341 0.00589 ( 1)
  41 R   0.91629 0.02322 0.05886 0.00163 ( 1)
  42 R   0.34335 0.00155 0.65458 0.00053 ( 3)
  43 T   0.94866 0.00285 0.04833 0.00017 ( 1)
  44 N   0.00000 0.94379 0.00000 0.05621 ( 2)
  45 T   0.00012 0.96056 0.00000 0.03932 ( 2)
  46 -   0.66258 0.30410 0.02060 0.01272 ( 1)
  47 G   0.96387 0.00050 0.03560 0.00002 ( 1)
  48 G   0.00070 0.95989 0.00002 0.03938 ( 2)
  49 F   0.00255 0.88354 0.00128 0.11263 ( 2)
  50 G   0.91819 0.03199 0.04789 0.00192 ( 1)
  51 P   0.21480 0.74298 0.00732 0.03490 ( 2)
  52 I   0.96714 0.00259 0.03016 0.00012 ( 1)
  53 R   0.93854 0.00062 0.06080 0.00005 ( 1)
  54 V   0.91728 0.00230 0.08021 0.00020 ( 1)
  55 T   0.00033 0.89900 0.00008 0.10059 ( 2)
  56 V   0.60371 0.35619 0.02298 0.01712 ( 1)
  57 N   0.03841 0.91516 0.00156 0.04488 ( 2)
  58 G   0.00057 0.95576 0.00002 0.04365 ( 2)
  59 P   0.09700 0.84340 0.00553 0.05407 ( 2)
  60 L   0.92389 0.02849 0.04600 0.00162 ( 1)
  61 T   0.95786 0.00983 0.03188 0.00043 ( 1)
  62 Q   0.95382 0.00031 0.04586 0.00002 ( 1)
  63 R   0.06987 0.87709 0.00345 0.04960 ( 2)
  64 Y   0.95675 0.00016 0.04308 0.00001 ( 1)
  65 R   0.94071 0.01501 0.04348 0.00080 ( 1)
  66 I   0.95917 0.01045 0.02992 0.00047 ( 1)
  67 G   0.96774 0.00015 0.03210 0.00001 ( 1)
  68 F   0.00915 0.68338 0.02283 0.28464 ( 2)
  69 R   0.95554 0.00036 0.04408 0.00002 ( 1)
  70 Y   0.94606 0.01078 0.04260 0.00056 ( 1)
  71 A   0.96598 0.00003 0.03399 0.00000 ( 1)
  72 S   0.92483 0.02733 0.04627 0.00156 ( 1)
  73 T   0.96892 0.00049 0.03056 0.00002 ( 1)
  74 V   0.11130 0.84541 0.00388 0.03941 ( 2)
  75 D   0.95272 0.01748 0.02910 0.00069 ( 1)
  76 F   0.90468 0.05848 0.03401 0.00283 ( 1)
  77 D   0.00000 0.95253 0.00000 0.04747 ( 2)
  78 F   0.33954 0.59109 0.02417 0.04521 ( 2)
  79 F   0.00041 0.94689 0.00002 0.05268 ( 2)
  80 V   0.34030 0.04552 0.60131 0.01287 ( 3)
  81 S   0.00000 0.95175 0.00000 0.04825 ( 2)
  82 R   0.06204 0.89541 0.00210 0.04045 ( 2)
  83 G   0.04512 0.67003 0.09108 0.19376 ( 2)
  84 G   0.00007 0.78382 0.00014 0.21598 ( 2)
  85 T   0.02114 0.90486 0.00159 0.07241 ( 2)
  86 T   0.00041 0.91850 0.00008 0.08101 ( 2)
  87 -   0.66993 0.29791 0.01985 0.01231 ( 1)
  88 -   0.02199 0.48324 0.24945 0.24532 ( 2)
  89 V   0.33913 0.18599 0.44373 0.03115 ( 3)
  90 N   0.00938 0.94161 0.00038 0.04863 ( 2)
  91 N   0.00190 0.78891 0.00281 0.20638 ( 2)
  92 F   0.00410 0.55852 0.08667 0.35071 ( 2)
  93 R   0.00002 0.78553 0.00001 0.21444 ( 2)
  94 F   0.01925 0.92554 0.00099 0.05422 ( 2)
  95 L   0.00001 0.89636 0.00000 0.10363 ( 2)
  96 R   0.48112 0.47158 0.02220 0.02511 ( 1)
  97 T   0.96780 0.00002 0.03219 0.00000 ( 1)
  98 M   0.96785 0.00001 0.03214 0.00000 ( 1)
  99 N   0.00649 0.93182 0.00039 0.06131 ( 2)
 100 S   0.00277 0.95923 0.00008 0.03793 ( 2)
 101 G   0.95574 0.00704 0.03689 0.00034 ( 1)
 102 D   0.00001 0.93491 0.00000 0.06509 ( 2)
 103 E   0.92759 0.01282 0.05870 0.00089 ( 1)
 104 L   0.68426 0.26632 0.03418 0.01524 ( 1)
 105 K   0.58283 0.37449 0.02310 0.01958 ( 1)
 106 Y   0.88559 0.07083 0.03988 0.00370 ( 1)
 107 G   0.96321 0.00528 0.03129 0.00022 ( 1)
 108 N   0.74537 0.18325 0.05644 0.01494 ( 1)
 109 F   0.95511 0.00180 0.04300 0.00009 ( 1)
 110 V   0.00581 0.94355 0.00027 0.05037 ( 2)
 111 R   0.93632 0.03008 0.03223 0.00136 ( 1)
 112 R   0.03792 0.91863 0.00129 0.04215 ( 2)
 113 A   0.34524 0.11846 0.50489 0.03141 ( 3)
 114 F   0.45815 0.02615 0.50852 0.00718 ( 3)
 115 T   0.10235 0.46567 0.25492 0.17707 ( 2)
 116 T   0.68875 0.08540 0.20452 0.02133 ( 1)
 117 P   0.00239 0.95628 0.00008 0.04126 ( 2)
 118 -   0.50708 0.39489 0.05511 0.04292 ( 1)
 119 -   0.50708 0.39489 0.05511 0.04292 ( 1)
 120 -   0.50708 0.39489 0.05511 0.04292 ( 1)
 121 -   0.50708 0.39489 0.05511 0.04292 ( 1)
 122 -   0.50708 0.39489 0.05511 0.04292 ( 1)
 123 -   0.50708 0.39489 0.05511 0.04292 ( 1)
 124 F   0.96497 0.00111 0.03387 0.00005 ( 1)
 125 T   0.00024 0.95476 0.00001 0.04500 ( 2)
 126 F   0.54799 0.15482 0.26578 0.03141 ( 1)
 127 T   0.01269 0.81513 0.01785 0.15433 ( 2)
 128 Q   0.18415 0.74013 0.01436 0.06135 ( 2)
 129 I   0.01112 0.95154 0.00032 0.03702 ( 2)
 130 Q   0.07960 0.86340 0.00431 0.05269 ( 2)
 131 D   0.14937 0.75554 0.02389 0.07119 ( 2)
 132 I   0.00016 0.92344 0.00001 0.07639 ( 2)
 133 I   0.90391 0.03815 0.05520 0.00273 ( 1)
 134 R   0.48039 0.45676 0.03086 0.03199 ( 1)
 135 T   0.00052 0.89903 0.00005 0.10040 ( 2)
 136 S   0.00026 0.80440 0.00041 0.19494 ( 2)
 137 I   0.01569 0.93854 0.00060 0.04517 ( 2)
 138 Q   0.00046 0.78947 0.00070 0.20937 ( 2)
 139 G   0.00703 0.94759 0.00027 0.04511 ( 2)
 140 L   0.59813 0.35975 0.02456 0.01756 ( 1)
 141 S   0.08899 0.85830 0.00437 0.04833 ( 2)
 142 G   0.00025 0.85980 0.00017 0.13977 ( 2)
 143 N   0.89521 0.07602 0.02582 0.00295 ( 1)
 144 G   0.00055 0.95432 0.00002 0.04511 ( 2)
 145 E   0.40078 0.00731 0.59043 0.00148 ( 3)
 146 V   0.45531 0.47388 0.03363 0.03719 ( 2)
 147 Y   0.93244 0.00119 0.06627 0.00009 ( 1)
 148 I   0.05522 0.89865 0.00227 0.04387 ( 2)
 149 D   0.97035 0.00001 0.02964 0.00000 ( 1)
 150 K   0.95579 0.01484 0.02878 0.00059 ( 1)
 151 I   0.95841 0.00127 0.04026 0.00006 ( 1)
 152 E   0.96852 0.00002 0.03146 0.00000 ( 1)
 153 I   0.86154 0.10226 0.03155 0.00465 ( 1)
 154 I   0.83553 0.09876 0.05830 0.00741 ( 1)
 155 P   0.92902 0.02720 0.04209 0.00169 ( 1)


lnL = -4070.021444

Bayes Empirical Bayes (BEB) probabilities for 4 classes (class)
(amino acids refer to 1st sequence: BT_Cry1Ba1)

   1 -   0.47015 0.38563 0.07938 0.06483 ( 1)
   2 -   0.47015 0.38563 0.07938 0.06483 ( 1)
   3 -   0.47015 0.38563 0.07938 0.06483 ( 1)
   4 -   0.47015 0.38563 0.07938 0.06483 ( 1)
   5 -   0.47015 0.38563 0.07938 0.06483 ( 1)
   6 -   0.77020 0.08559 0.12985 0.01437 ( 1)
   7 -   0.77094 0.08484 0.12998 0.01424 ( 1)
   8 -   0.28311 0.57267 0.04784 0.09638 ( 2)
   9 -   0.84407 0.01172 0.14225 0.00197 ( 1)
  10 R   0.90535 0.01655 0.07633 0.00176 ( 1)
  11 I   0.92247 0.00002 0.07751 0.00000 ( 1)
  12 T   0.92221 0.00003 0.07776 0.00000 ( 1)
  13 Q   0.87776 0.00405 0.11762 0.00057 ( 1)
  14 I   0.51011 0.39005 0.05330 0.04654 ( 1)
  15 P   0.91179 0.00008 0.08812 0.00001 ( 1)
  16 M   0.00002 0.87852 0.00000 0.12147 ( 2)
  17 V   0.91687 0.00531 0.07724 0.00058 ( 1)
  18 K   0.92382 0.00072 0.07539 0.00007 ( 1)
  19 A   0.89345 0.01020 0.09512 0.00124 ( 1)
  20 S   0.00251 0.90349 0.00020 0.09379 ( 2)
  21 E   0.00025 0.89958 0.00002 0.10014 ( 2)
  22 L   0.00264 0.89222 0.00027 0.10487 ( 2)
  23 P   0.00000 0.76031 0.00000 0.23969 ( 2)
  24 Q   0.00001 0.90500 0.00000 0.09498 ( 2)
  25 G   0.89193 0.00004 0.10802 0.00001 ( 1)
  26 T   0.00614 0.79151 0.00544 0.19691 ( 2)
  27 T   0.32418 0.22317 0.40265 0.05000 ( 3)
  28 V   0.15144 0.70434 0.02561 0.11861 ( 2)
  29 V   0.91836 0.00308 0.07823 0.00033 ( 1)
  30 R   0.81251 0.11017 0.06584 0.01147 ( 1)
  31 G   0.91571 0.00032 0.08393 0.00004 ( 1)
  32 P   0.91175 0.00013 0.08811 0.00001 ( 1)
  33 G   0.91599 0.00006 0.08394 0.00001 ( 1)
  34 F   0.91930 0.00002 0.08068 0.00000 ( 1)
  35 T   0.92218 0.00008 0.07772 0.00001 ( 1)
  36 G   0.91601 0.00004 0.08394 0.00000 ( 1)
  37 G   0.91436 0.00165 0.08380 0.00018 ( 1)
  38 D   0.92422 0.00034 0.07541 0.00003 ( 1)
  39 I   0.91302 0.00833 0.07774 0.00091 ( 1)
  40 L   0.79816 0.10436 0.08465 0.01284 ( 1)
  41 R   0.86823 0.02335 0.10534 0.00308 ( 1)
  42 R   0.34970 0.00173 0.64804 0.00053 ( 3)
  43 T   0.90100 0.00273 0.09594 0.00033 ( 1)
  44 N   0.00000 0.89216 0.00000 0.10784 ( 2)
  45 T   0.00005 0.90759 0.00000 0.09235 ( 2)
  46 -   0.62008 0.29821 0.05050 0.03121 ( 1)
  47 G   0.91758 0.00047 0.08190 0.00005 ( 1)
  48 G   0.00036 0.90703 0.00003 0.09257 ( 2)
  49 F   0.00142 0.83929 0.00103 0.15826 ( 2)
  50 G   0.86641 0.03583 0.09337 0.00439 ( 1)
  51 P   0.14986 0.75615 0.01235 0.08164 ( 2)
  52 I   0.92262 0.00262 0.07448 0.00028 ( 1)
  53 R   0.89096 0.00057 0.10839 0.00008 ( 1)
  54 V   0.86689 0.00231 0.13046 0.00034 ( 1)
  55 T   0.00017 0.85351 0.00005 0.14626 ( 2)
  56 V   0.50384 0.40604 0.04525 0.04487 ( 1)
  57 N   0.02306 0.87791 0.00213 0.09691 ( 2)
  58 G   0.00031 0.90325 0.00003 0.09642 ( 2)
  59 P   0.06908 0.82028 0.00775 0.10289 ( 2)
  60 L   0.87443 0.02999 0.09199 0.00359 ( 1)
  61 T   0.91163 0.01041 0.07684 0.00112 ( 1)
  62 Q   0.90598 0.00028 0.09371 0.00003 ( 1)
  63 R   0.04707 0.84797 0.00487 0.10008 ( 2)
  64 Y   0.90908 0.00014 0.09076 0.00002 ( 1)
  65 R   0.89362 0.01425 0.09048 0.00166 ( 1)
  66 I   0.91394 0.01109 0.07377 0.00120 ( 1)
  67 G   0.92192 0.00014 0.07793 0.00001 ( 1)
  68 F   0.00613 0.68041 0.01732 0.29614 ( 2)
  69 R   0.90780 0.00032 0.09185 0.00004 ( 1)
  70 Y   0.89773 0.01135 0.08961 0.00131 ( 1)
  71 A   0.91972 0.00002 0.08025 0.00000 ( 1)
  72 S   0.87669 0.02758 0.09242 0.00331 ( 1)
  73 T   0.92359 0.00046 0.07590 0.00005 ( 1)
  74 V   0.07337 0.83090 0.00618 0.08955 ( 2)
  75 D   0.90410 0.02011 0.07372 0.00208 ( 1)
  76 F   0.85076 0.06579 0.07610 0.00734 ( 1)
  77 D   0.00000 0.90019 0.00000 0.09981 ( 2)
  78 F   0.26942 0.61184 0.03462 0.08413 ( 2)
  79 F   0.00020 0.89503 0.00002 0.10476 ( 2)
  80 V   0.33286 0.05694 0.59480 0.01540 ( 3)
  81 S   0.00000 0.89951 0.00000 0.10049 ( 2)
  82 R   0.04207 0.86270 0.00350 0.09173 ( 2)
  83 G   0.03017 0.67899 0.07052 0.22032 ( 2)
  84 G   0.00003 0.75830 0.00008 0.24159 ( 2)
  85 T   0.01254 0.86417 0.00167 0.12163 ( 2)
  86 T   0.00020 0.87027 0.00006 0.12947 ( 2)
  87 -   0.62760 0.29232 0.04966 0.03042 ( 1)
  88 -   0.01919 0.52185 0.21140 0.24756 ( 2)
  89 V   0.29612 0.22156 0.43993 0.04238 ( 3)
  90 N   0.00506 0.89354 0.00047 0.10093 ( 2)
  91 N   0.00107 0.76303 0.00188 0.23402 ( 2)
  92 F   0.00261 0.59523 0.05583 0.34633 ( 2)
  93 R   0.00001 0.75944 0.00001 0.24054 ( 2)
  94 F   0.01246 0.88062 0.00131 0.10560 ( 2)
  95 L   0.00000 0.85116 0.00000 0.14884 ( 2)
  96 R   0.38472 0.51703 0.03860 0.05965 ( 2)
  97 T   0.92225 0.00001 0.07773 0.00000 ( 1)
  98 M   0.92095 0.00001 0.07904 0.00000 ( 1)
  99 N   0.00385 0.88354 0.00045 0.11217 ( 2)
 100 S   0.00148 0.90737 0.00011 0.09104 ( 2)
 101 G   0.90856 0.00738 0.08324 0.00082 ( 1)
 102 D   0.00000 0.88444 0.00000 0.11556 ( 2)
 103 E   0.87821 0.01422 0.10571 0.00186 ( 1)
 104 L   0.61050 0.29069 0.06405 0.03476 ( 1)
 105 K   0.48281 0.42479 0.04380 0.04860 ( 1)
 106 Y   0.83574 0.07255 0.08334 0.00837 ( 1)
 107 G   0.91664 0.00576 0.07699 0.00061 ( 1)
 108 N   0.68538 0.19525 0.09155 0.02782 ( 1)
 109 F   0.90738 0.00183 0.09058 0.00021 ( 1)
 110 V   0.00333 0.89370 0.00033 0.10263 ( 2)
 111 R   0.88659 0.03366 0.07609 0.00366 ( 1)
 112 R   0.02396 0.87999 0.00199 0.09406 ( 2)
 113 A   0.32280 0.13213 0.51015 0.03493 ( 3)
 114 F   0.45922 0.03231 0.49948 0.00899 ( 3)
 115 T   0.07686 0.51712 0.20733 0.19869 ( 2)
 116 T   0.64182 0.10090 0.22817 0.02911 ( 1)
 117 P   0.00126 0.90456 0.00010 0.09408 ( 2)
 118 -   0.47015 0.38563 0.07938 0.06483 ( 1)
 119 -   0.47015 0.38563 0.07938 0.06483 ( 1)
 120 -   0.47015 0.38563 0.07938 0.06483 ( 1)
 121 -   0.47015 0.38563 0.07938 0.06483 ( 1)
 122 -   0.47015 0.38563 0.07938 0.06483 ( 1)
 123 -   0.47015 0.38563 0.07938 0.06483 ( 1)
 124 F   0.91819 0.00112 0.08058 0.00012 ( 1)
 125 T   0.00011 0.90226 0.00001 0.09762 ( 2)
 126 F   0.50131 0.18679 0.26684 0.04506 ( 1)
 127 T   0.00761 0.78639 0.01398 0.19201 ( 2)
 128 Q   0.13655 0.73890 0.01851 0.10604 ( 2)
 129 I   0.00615 0.90332 0.00047 0.09006 ( 2)
 130 Q   0.05384 0.83776 0.00587 0.10253 ( 2)
 131 D   0.10096 0.75774 0.02447 0.11683 ( 2)
 132 I   0.00008 0.87459 0.00001 0.12532 ( 2)
 133 I   0.85205 0.04263 0.09963 0.00569 ( 1)
 134 R   0.40861 0.47902 0.04941 0.06296 ( 2)
 135 T   0.00028 0.85341 0.00004 0.14627 ( 2)
 136 S   0.00013 0.77326 0.00026 0.22635 ( 2)
 137 I   0.00963 0.89209 0.00085 0.09743 ( 2)
 138 Q   0.00024 0.76108 0.00047 0.23822 ( 2)
 139 G   0.00402 0.89787 0.00036 0.09776 ( 2)
 140 L   0.49575 0.41169 0.04675 0.04582 ( 1)
 141 S   0.06047 0.83490 0.00624 0.09840 ( 2)
 142 G   0.00012 0.81819 0.00012 0.18157 ( 2)
 143 N   0.83535 0.08971 0.06578 0.00916 ( 1)
 144 G   0.00028 0.90182 0.00003 0.09787 ( 2)
 145 E   0.38933 0.00834 0.60061 0.00172 ( 3)
 146 V   0.38400 0.49631 0.05051 0.06917 ( 2)
 147 Y   0.88446 0.00114 0.11424 0.00016 ( 1)
 148 I   0.03536 0.86581 0.00330 0.09552 ( 2)
 149 D   0.92456 0.00001 0.07543 0.00000 ( 1)
 150 K   0.90779 0.01733 0.07309 0.00179 ( 1)
 151 I   0.91100 0.00125 0.08761 0.00014 ( 1)
 152 E   0.92249 0.00002 0.07749 0.00000 ( 1)
 153 I   0.80609 0.10999 0.07196 0.01196 ( 1)
 154 I   0.78072 0.10550 0.09939 0.01439 ( 1)
 155 P   0.88252 0.02603 0.08819 0.00326 ( 1)

