Supplemental results for CODEML (seqf: algn  treef: tree)


dN/dS (w) for site classes (K=4)

site class             0        1       2a       2b
proportion       0.32984  0.11740  0.40766  0.14510
background w     0.08431  1.00000  0.08431  1.00000
foreground w     0.08431  1.00000  1.00000  1.00000

Naive Empirical Bayes (NEB) probabilities for 4 classes
(amino acids refer to 1st sequence: BT_Cry8Ab1)

   1 P   0.39175 0.05550 0.48417 0.06859 ( 3)
   2 F   0.43082 0.01642 0.53247 0.02029 ( 3)
   3 A   0.00957 0.43470 0.01847 0.53726 ( 4)
   4 S   0.00308 0.44444 0.00319 0.54929 ( 4)
   5 Q   0.00450 0.44308 0.00481 0.54761 ( 4)
   6 I   0.06652 0.07252 0.77132 0.08964 ( 3)
   7 V   0.22867 0.23422 0.24763 0.28948 ( 4)
   8 S   0.20913 0.25431 0.22225 0.31431 ( 4)
   9 F   0.43244 0.03021 0.50001 0.03734 ( 3)
  10 Y   0.14156 0.30842 0.16883 0.38119 ( 4)
  11 N   0.03529 0.41382 0.03944 0.51145 ( 4)
  12 F   0.48811 0.00219 0.50699 0.00271 ( 3)
  13 I   0.48667 0.00178 0.50935 0.00220 ( 3)
  14 L   0.24302 0.21826 0.26897 0.26975 ( 4)
  15 D   0.43057 0.03580 0.48937 0.04425 ( 3)
  16 Q   0.05908 0.38953 0.06995 0.48143 ( 4)
  17 L   0.43758 0.04638 0.45872 0.05732 ( 3)
  18 W   0.05481 0.39693 0.05769 0.49057 ( 4)
  19 P   0.47706 0.00264 0.51703 0.00326 ( 3)
  20 S   0.09547 0.35655 0.10732 0.44067 ( 4)
  21 N   0.33173 0.14466 0.34483 0.17878 ( 3)
  22 S   0.10031 0.34994 0.11725 0.43250 ( 4)
  23 V   0.40050 0.04675 0.49498 0.05778 ( 3)
  24 S   0.42630 0.02094 0.52688 0.02588 ( 3)
  25 V   0.27607 0.17117 0.34120 0.21156 ( 3)
  26 W   0.42835 0.02980 0.50501 0.03683 ( 3)
  27 E   0.45334 0.03178 0.47560 0.03928 ( 3)
  28 Q   0.00900 0.43868 0.01014 0.54218 ( 4)
  29 I   0.41253 0.05685 0.46035 0.07026 ( 3)
  30 M   0.47438 0.01171 0.49944 0.01447 ( 3)
  31 T   0.16411 0.29641 0.17315 0.36634 ( 4)
  32 L   0.08256 0.36405 0.10345 0.44994 ( 4)
  33 V   0.45911 0.00905 0.52065 0.01119 ( 3)
  34 E   0.48766 0.00220 0.50741 0.00272 ( 3)
  35 E   0.23379 0.22639 0.26001 0.27981 ( 4)
  36 L   0.44678 0.00976 0.53140 0.01206 ( 3)
  37 V   0.46677 0.02750 0.47174 0.03399 ( 3)
  38 D   0.49353 0.00112 0.50397 0.00138 ( 3)
  39 Q   0.46889 0.00519 0.51951 0.00642 ( 3)
  40 K   0.48807 0.00162 0.50830 0.00201 ( 3)
  41 I   0.49659 0.00096 0.50127 0.00118 ( 3)
  42 T   0.48537 0.00153 0.51121 0.00189 ( 3)
  43 E   0.03391 0.23618 0.43802 0.29190 ( 3)
  44 Y   0.04449 0.18369 0.54479 0.22703 ( 3)
  45 A   0.29542 0.17467 0.31402 0.21588 ( 3)
  46 R   0.47773 0.00334 0.51480 0.00413 ( 3)
  47 N   0.05704 0.32031 0.22677 0.39588 ( 4)
  48 K   0.41717 0.04982 0.47143 0.06157 ( 3)
  49 A   0.46075 0.00541 0.52715 0.00669 ( 3)
  50 L   0.05563 0.39178 0.06838 0.48421 ( 4)
  51 A   0.48875 0.00187 0.50706 0.00231 ( 3)
  52 E   0.45795 0.03065 0.47352 0.03788 ( 3)
  53 L   0.46778 0.00751 0.51544 0.00928 ( 3)
  54 K   0.02847 0.42067 0.03095 0.51991 ( 4)
  55 G   0.48305 0.00194 0.51261 0.00240 ( 3)
  56 L   0.45045 0.00975 0.52775 0.01205 ( 3)
  57 G   0.03757 0.38509 0.10140 0.47594 ( 4)
  58 D   0.37361 0.10586 0.38970 0.13084 ( 3)
  59 A   0.41018 0.06908 0.43537 0.08537 ( 3)
  60 L   0.00946 0.43803 0.01113 0.54138 ( 4)
  61 G   0.00009 0.44716 0.00010 0.55266 ( 4)
  62 V   0.48937 0.00242 0.50522 0.00299 ( 3)
  63 Y   0.47643 0.00361 0.51549 0.00446 ( 3)
  64 Q   0.43879 0.02191 0.51222 0.02708 ( 3)
  65 Q   0.40138 0.06882 0.44474 0.08506 ( 3)
  66 S   0.47059 0.00522 0.51773 0.00645 ( 3)
  67 L   0.46490 0.01006 0.51261 0.01243 ( 3)
  68 E   0.44767 0.03985 0.46322 0.04926 ( 3)
  69 A   0.03075 0.41864 0.03321 0.51740 ( 4)
  70 W   0.42835 0.02980 0.50501 0.03683 ( 3)
  71 L   0.24335 0.20953 0.28816 0.25896 ( 3)
  72 E   0.46418 0.02525 0.47935 0.03121 ( 3)
  73 N   0.49094 0.00107 0.50667 0.00132 ( 3)
  74 R   0.09646 0.35721 0.10484 0.44148 ( 4)
  75 N   0.49094 0.00107 0.50667 0.00132 ( 3)
  76 D   0.43040 0.04926 0.45945 0.06089 ( 3)
  77 T   0.29202 0.16036 0.34941 0.19820 ( 3)
  78 R   0.47893 0.00224 0.51606 0.00277 ( 3)
  79 A   0.23771 0.21952 0.27145 0.27131 ( 3)
  80 R   0.42468 0.02256 0.52488 0.02788 ( 3)
  81 S   0.48022 0.00182 0.51571 0.00225 ( 3)
  82 V   0.45609 0.03146 0.47358 0.03888 ( 3)
  83 V   0.48264 0.00367 0.50916 0.00453 ( 3)
  84 S   0.00060 0.44667 0.00069 0.55205 ( 4)
  85 N   0.01200 0.43613 0.01284 0.53903 ( 4)
  86 Q   0.46889 0.00519 0.51951 0.00642 ( 3)
  87 F   0.13347 0.16789 0.49114 0.20750 ( 3)
  88 I   0.00334 0.44398 0.00395 0.54873 ( 4)
  89 A   0.47004 0.01038 0.50676 0.01282 ( 3)
  90 L   0.46735 0.00732 0.51628 0.00904 ( 3)
  91 E   0.46135 0.02781 0.47648 0.03437 ( 3)
  92 L   0.47849 0.00273 0.51541 0.00337 ( 3)
  93 D   0.49353 0.00112 0.50397 0.00138 ( 3)
  94 F   0.48909 0.00133 0.50794 0.00164 ( 3)
  95 V   0.48333 0.00304 0.50987 0.00376 ( 3)
  96 G   0.00133 0.44600 0.00144 0.55123 ( 4)
  97 A   0.01837 0.42947 0.02136 0.53080 ( 4)
  98 I   0.48222 0.00579 0.50484 0.00715 ( 3)
  99 P   0.07656 0.01340 0.89347 0.01657 ( 3)
 100 S   0.47179 0.00759 0.51125 0.00938 ( 3)
 101 F   0.48909 0.00133 0.50794 0.00164 ( 3)
 102 A   0.46736 0.00216 0.52782 0.00266 ( 3)
 103 V   0.46716 0.02740 0.47159 0.03386 ( 3)
 104 S   0.10879 0.21445 0.41170 0.26505 ( 3)
 105 G   0.48038 0.00437 0.50984 0.00541 ( 3)
 106 Q   0.44006 0.02068 0.51369 0.02557 ( 3)
 107 E   0.48961 0.00214 0.50562 0.00264 ( 3)
 108 V   0.39544 0.02595 0.54655 0.03207 ( 3)
 109 P   0.46068 0.00409 0.53016 0.00506 ( 3)
 110 L   0.46854 0.00680 0.51626 0.00840 ( 3)
 111 L   0.46854 0.00680 0.51626 0.00840 ( 3)
 112 A   0.14035 0.31096 0.16436 0.38433 ( 4)
 113 V   0.46157 0.00542 0.52632 0.00669 ( 3)
 114 Y   0.38572 0.06651 0.46557 0.08220 ( 3)
 115 A   0.48925 0.00144 0.50753 0.00178 ( 3)
 116 Q   0.46435 0.00945 0.51452 0.01168 ( 3)
 117 A   0.48313 0.00215 0.51208 0.00265 ( 3)
 118 V   0.38147 0.09565 0.40467 0.11821 ( 3)
 119 N   0.48845 0.00329 0.50419 0.00407 ( 3)
 120 M   0.20143 0.25459 0.22933 0.31466 ( 4)
 121 H   0.47988 0.00488 0.50921 0.00603 ( 3)
 122 L   0.45273 0.01152 0.52151 0.01424 ( 3)
 123 L   0.46402 0.01103 0.51132 0.01363 ( 3)
 124 L   0.46854 0.00680 0.51626 0.00840 ( 3)
 125 L   0.34943 0.10039 0.42609 0.12408 ( 3)
 126 R   0.47720 0.00385 0.51420 0.00475 ( 3)
 127 D   0.49137 0.00302 0.50188 0.00373 ( 3)
 128 A   0.07688 0.01960 0.87928 0.02423 ( 3)
 129 S   0.46836 0.00730 0.51531 0.00902 ( 3)
 130 I   0.42132 0.02279 0.52772 0.02817 ( 3)
 131 F   0.48909 0.00133 0.50794 0.00164 ( 3)
 132 G   0.48285 0.00212 0.51240 0.00262 ( 3)
 133 E   0.45310 0.03528 0.46802 0.04360 ( 3)
 134 E   0.14779 0.28263 0.22027 0.34931 ( 4)
 135 W   0.42835 0.02980 0.50501 0.03683 ( 3)
 136 G   0.48317 0.00183 0.51274 0.00226 ( 3)
 137 F   0.37917 0.08908 0.42164 0.11010 ( 3)
 138 T   0.27237 0.18822 0.30680 0.23262 ( 3)
 139 S   0.00249 0.44320 0.00654 0.54777 ( 4)
 140 S   0.00002 0.44715 0.00019 0.55264 ( 4)
 141 E   0.47114 0.00232 0.52367 0.00287 ( 3)
 142 I   0.45979 0.02027 0.49489 0.02506 ( 3)
 143 S   0.07512 0.37844 0.07871 0.46773 ( 4)
 144 T   0.30945 0.14436 0.36778 0.17842 ( 3)
 145 Y   0.04105 0.31024 0.26527 0.38344 ( 4)
 146 Y   0.47289 0.00689 0.51171 0.00851 ( 3)
 147 N   0.05399 0.13824 0.63690 0.17086 ( 3)
 148 R   0.46567 0.00595 0.52103 0.00735 ( 3)
 149 Q   0.46685 0.00710 0.51727 0.00878 ( 3)
 150 V   0.42208 0.05909 0.44581 0.07303 ( 3)
 151 Q   0.10707 0.34790 0.11504 0.42998 ( 4)
 152 L   0.01531 0.43283 0.01690 0.53495 ( 4)
 153 T   0.48220 0.00441 0.50795 0.00545 ( 3)
 154 S   0.00198 0.43664 0.02172 0.53966 ( 4)
 155 Q   0.06800 0.02540 0.87520 0.03140 ( 3)
 156 Y   0.47396 0.00589 0.51288 0.00727 ( 3)
 157 S   0.00552 0.44211 0.00596 0.54641 ( 4)
 158 D   0.49353 0.00112 0.50397 0.00138 ( 3)
 159 Y   0.47643 0.00361 0.51549 0.00446 ( 3)
 160 C   0.47440 0.00376 0.51718 0.00465 ( 3)
 161 V   0.48695 0.00459 0.50279 0.00567 ( 3)
 162 K   0.07512 0.02641 0.86583 0.03264 ( 3)
 163 W   0.01581 0.43266 0.01678 0.53474 ( 4)
 164 Y   0.46980 0.00975 0.50840 0.01205 ( 3)
 165 D   0.23872 0.23027 0.24641 0.28460 ( 4)
 166 T   0.47475 0.00680 0.51006 0.00840 ( 3)
 167 G   0.44546 0.01282 0.52589 0.01584 ( 3)
 168 L   0.46854 0.00680 0.51626 0.00840 ( 3)
 169 Q   0.00232 0.44512 0.00242 0.55014 ( 4)
 170 K   0.43801 0.02540 0.50520 0.03139 ( 3)
 171 L   0.46854 0.00680 0.51626 0.00840 ( 3)
 172 K   0.48807 0.00162 0.50830 0.00201 ( 3)
 173 G   0.48258 0.00236 0.51215 0.00291 ( 3)
 174 T   0.06641 0.03335 0.85902 0.04122 ( 3)
 175 S   0.17316 0.28662 0.18599 0.35424 ( 4)
 176 A   0.44005 0.03089 0.49088 0.03818 ( 3)
 177 E   0.08739 0.36562 0.09510 0.45188 ( 4)
 178 S   0.00541 0.44177 0.00681 0.54600 ( 4)
 179 W   0.42835 0.02980 0.50501 0.03683 ( 3)
 180 L   0.06221 0.33290 0.19345 0.41144 ( 4)
 181 E   0.04445 0.22835 0.44497 0.28223 ( 3)
 182 Y   0.47643 0.00361 0.51549 0.00446 ( 3)
 183 H   0.44798 0.03862 0.46568 0.04773 ( 3)
 184 Q   0.31487 0.13836 0.37577 0.17100 ( 3)
 185 F   0.48356 0.00626 0.50244 0.00773 ( 3)
 186 R   0.45107 0.01976 0.50475 0.02442 ( 3)
 187 R   0.47893 0.00224 0.51606 0.00277 ( 3)
 188 E   0.48804 0.00353 0.50407 0.00436 ( 3)
 189 M   0.48600 0.00104 0.51167 0.00129 ( 3)
 190 T   0.06644 0.01980 0.88929 0.02447 ( 3)
 191 F   0.08120 0.37088 0.08954 0.45838 ( 4)
 192 M   0.33883 0.12583 0.37982 0.15552 ( 3)
 193 V   0.48937 0.00242 0.50522 0.00299 ( 3)
 194 L   0.46345 0.00768 0.51937 0.00950 ( 3)
 195 D   0.49353 0.00112 0.50397 0.00138 ( 3)
 196 L   0.00662 0.42866 0.03493 0.52980 ( 4)
 197 V   0.09326 0.02084 0.86014 0.02576 ( 3)
 198 A   0.46075 0.00541 0.52715 0.00669 ( 3)
 199 L   0.37861 0.06848 0.46826 0.08464 ( 3)
 200 F   0.48909 0.00133 0.50794 0.00164 ( 3)
 201 P   0.47553 0.00328 0.51714 0.00405 ( 3)
 202 N   0.35652 0.10150 0.41653 0.12545 ( 3)


lnL = -2282.533946

Bayes Empirical Bayes (BEB) probabilities for 4 classes (class)
(amino acids refer to 1st sequence: BT_Cry8Ab1)

   1 P   0.66900 0.11510 0.18412 0.03178 ( 1)
   2 F   0.75089 0.03321 0.20674 0.00915 ( 1)
   3 A   0.01062 0.76770 0.00591 0.21577 ( 2)
   4 S   0.00491 0.81310 0.00073 0.18126 ( 2)
   5 Q   0.00582 0.80766 0.00095 0.18557 ( 2)
   6 I   0.07618 0.20315 0.64184 0.07883 ( 3)
   7 V   0.22946 0.59020 0.04403 0.13631 ( 2)
   8 S   0.20489 0.61659 0.03750 0.14102 ( 2)
   9 F   0.72303 0.08774 0.16726 0.02196 ( 1)
  10 Y   0.13009 0.66160 0.03166 0.17665 ( 2)
  11 N   0.03329 0.77643 0.00619 0.18409 ( 2)
  12 F   0.84087 0.00401 0.15421 0.00090 ( 1)
  13 I   0.83943 0.00323 0.15661 0.00074 ( 1)
  14 L   0.31203 0.50376 0.06411 0.12011 ( 2)
  15 D   0.71379 0.10282 0.15820 0.02519 ( 1)
  16 Q   0.05491 0.74101 0.01259 0.19149 ( 2)
  17 L   0.70675 0.13145 0.13171 0.03008 ( 1)
  18 W   0.05218 0.76367 0.00897 0.17518 ( 2)
  19 P   0.82851 0.00500 0.16533 0.00115 ( 1)
  20 S   0.08773 0.72030 0.01778 0.17418 ( 2)
  21 N   0.38953 0.43998 0.07009 0.10039 ( 2)
  22 S   0.09168 0.70880 0.02048 0.17904 ( 2)
  23 V   0.68727 0.09683 0.18917 0.02673 ( 1)
  24 S   0.74119 0.04292 0.20406 0.01183 ( 1)
  25 V   0.37111 0.41299 0.10133 0.11456 ( 2)
  26 W   0.74232 0.06167 0.18024 0.01577 ( 1)
  27 E   0.74903 0.09012 0.14018 0.02067 ( 1)
  28 Q   0.01042 0.79640 0.00193 0.19124 ( 2)
  29 I   0.65895 0.16099 0.14092 0.03914 ( 1)
  30 M   0.80766 0.03374 0.15103 0.00757 ( 1)
  31 T   0.15611 0.66220 0.02826 0.15342 ( 2)
  32 L   0.07519 0.71290 0.01951 0.19240 ( 2)
  33 V   0.79994 0.01775 0.17793 0.00438 ( 1)
  34 E   0.83872 0.00397 0.15639 0.00092 ( 1)
  35 E   0.23756 0.57673 0.04854 0.13717 ( 2)
  36 L   0.78134 0.01943 0.19420 0.00503 ( 1)
  37 V   0.77193 0.07661 0.13403 0.01743 ( 1)
  38 D   0.84711 0.00197 0.15048 0.00044 ( 1)
  39 Q   0.81628 0.01010 0.17123 0.00239 ( 1)
  40 K   0.84096 0.00293 0.15544 0.00067 ( 1)
  41 I   0.85013 0.00166 0.14784 0.00037 ( 1)
  42 T   0.83877 0.00280 0.15780 0.00063 ( 1)
  43 E   0.02815 0.46783 0.33528 0.16874 ( 2)
  44 Y   0.04893 0.46360 0.32518 0.16229 ( 2)
  45 A   0.32745 0.49812 0.06103 0.11340 ( 2)
  46 R   0.82887 0.00636 0.16332 0.00145 ( 1)
  47 N   0.04880 0.68860 0.07092 0.19168 ( 2)
  48 K   0.67664 0.14094 0.14803 0.03439 ( 1)
  49 A   0.80489 0.01052 0.18200 0.00259 ( 1)
  50 L   0.05162 0.73809 0.01290 0.19738 ( 2)
  51 A   0.84173 0.00340 0.15410 0.00077 ( 1)
  52 E   0.75580 0.08631 0.13783 0.02006 ( 1)
  53 L   0.81249 0.01455 0.16947 0.00348 ( 1)
  54 K   0.02791 0.78660 0.00484 0.18065 ( 2)
  55 G   0.83585 0.00359 0.15975 0.00082 ( 1)
  56 L   0.78474 0.01918 0.19106 0.00502 ( 1)
  57 G   0.03354 0.73095 0.02862 0.20688 ( 2)
  58 D   0.47985 0.35340 0.08711 0.07964 ( 1)
  59 A   0.64344 0.19080 0.12212 0.04364 ( 1)
  60 L   0.01073 0.78510 0.00223 0.20193 ( 2)
  61 G   0.00028 0.81267 0.00004 0.18701 ( 2)
  62 V   0.84081 0.00433 0.15385 0.00101 ( 1)
  63 Y   0.82631 0.00683 0.16526 0.00159 ( 1)
  64 Q   0.76292 0.04499 0.18075 0.01134 ( 1)
  65 Q   0.62939 0.19338 0.13125 0.04599 ( 1)
  66 S   0.81792 0.01007 0.16963 0.00238 ( 1)
  67 L   0.80713 0.01934 0.16887 0.00466 ( 1)
  68 E   0.72848 0.11254 0.13285 0.02613 ( 1)
  69 A   0.02987 0.78731 0.00508 0.17774 ( 2)
  70 W   0.74232 0.06167 0.18024 0.01577 ( 1)
  71 L   0.31272 0.48598 0.07571 0.12559 ( 2)
  72 E   0.77290 0.07009 0.14077 0.01624 ( 1)
  73 N   0.84498 0.00191 0.15269 0.00043 ( 1)
  74 R   0.08933 0.72652 0.01666 0.16749 ( 2)
  75 N   0.84498 0.00191 0.15269 0.00043 ( 1)
  76 D   0.69446 0.13893 0.13431 0.03230 ( 1)
  77 T   0.33087 0.46763 0.07975 0.12174 ( 2)
  78 R   0.83107 0.00423 0.16374 0.00097 ( 1)
  79 A   0.24151 0.55464 0.05323 0.15062 ( 2)
  80 R   0.73784 0.04626 0.20314 0.01276 ( 1)
  81 S   0.83315 0.00341 0.16267 0.00077 ( 1)
  82 V   0.75000 0.08831 0.14057 0.02113 ( 1)
  83 V   0.83277 0.00680 0.15885 0.00159 ( 1)
  84 S   0.00112 0.80154 0.00021 0.19713 ( 2)
  85 N   0.01386 0.79839 0.00231 0.18544 ( 2)
  86 Q   0.81628 0.01010 0.17123 0.00239 ( 1)
  87 F   0.14894 0.45721 0.27096 0.12289 ( 2)
  88 I   0.00512 0.79097 0.00104 0.20286 ( 2)
  89 A   0.81363 0.02018 0.16145 0.00474 ( 1)
  90 L   0.81081 0.01416 0.17159 0.00345 ( 1)
  91 E   0.76499 0.07773 0.13933 0.01795 ( 1)
  92 L   0.82996 0.00513 0.16373 0.00118 ( 1)
  93 D   0.84711 0.00197 0.15048 0.00044 ( 1)
  94 F   0.84260 0.00239 0.15447 0.00054 ( 1)
  95 V   0.83391 0.00558 0.15921 0.00130 ( 1)
  96 G   0.00229 0.81094 0.00037 0.18640 ( 2)
  97 A   0.01899 0.77972 0.00387 0.19741 ( 2)
  98 I   0.83135 0.01098 0.15518 0.00249 ( 1)
  99 P   0.13169 0.03914 0.81879 0.01038 ( 3)
 100 S   0.81827 0.01476 0.16355 0.00341 ( 1)
 101 F   0.84260 0.00239 0.15447 0.00054 ( 1)
 102 A   0.81567 0.00401 0.17933 0.00098 ( 1)
 103 V   0.77378 0.07507 0.13412 0.01704 ( 1)
 104 S   0.11395 0.53546 0.19858 0.15201 ( 2)
 105 G   0.83097 0.00831 0.15883 0.00189 ( 1)
 106 Q   0.76553 0.04240 0.18138 0.01069 ( 1)
 107 E   0.84157 0.00384 0.15371 0.00088 ( 1)
 108 V   0.68687 0.07563 0.21697 0.02052 ( 1)
 109 P   0.80538 0.00793 0.18471 0.00198 ( 1)
 110 L   0.81396 0.01315 0.16974 0.00315 ( 1)
 111 L   0.81396 0.01315 0.16974 0.00315 ( 1)
 112 A   0.13054 0.66843 0.02983 0.17120 ( 2)
 113 V   0.80586 0.01040 0.18118 0.00257 ( 1)
 114 Y   0.60801 0.18575 0.15643 0.04981 ( 1)
 115 A   0.84259 0.00259 0.15424 0.00058 ( 1)
 116 Q   0.80746 0.01872 0.16940 0.00443 ( 1)
 117 A   0.83544 0.00395 0.15971 0.00090 ( 1)
 118 V   0.57324 0.25797 0.10883 0.05996 ( 1)
 119 N   0.84057 0.00611 0.15196 0.00136 ( 1)
 120 M   0.24646 0.53674 0.06116 0.15564 ( 2)
 121 H   0.83023 0.00931 0.15835 0.00210 ( 1)
 122 L   0.78982 0.02303 0.18144 0.00572 ( 1)
 123 L   0.80519 0.02167 0.16795 0.00518 ( 1)
 124 L   0.81396 0.01315 0.16974 0.00315 ( 1)
 125 L   0.52181 0.26794 0.13466 0.07559 ( 1)
 126 R   0.82790 0.00732 0.16311 0.00167 ( 1)
 127 D   0.84333 0.00553 0.14990 0.00124 ( 1)
 128 A   0.11681 0.05127 0.81709 0.01482 ( 3)
 129 S   0.81364 0.01424 0.16876 0.00337 ( 1)
 130 I   0.71981 0.06535 0.19651 0.01833 ( 1)
 131 F   0.84260 0.00239 0.15447 0.00054 ( 1)
 132 G   0.83549 0.00394 0.15968 0.00089 ( 1)
 133 E   0.74407 0.09781 0.13540 0.02272 ( 1)
 134 E   0.13568 0.61453 0.05209 0.19770 ( 2)
 135 W   0.74232 0.06167 0.18024 0.01577 ( 1)
 136 G   0.83606 0.00338 0.15979 0.00077 ( 1)
 137 F   0.57576 0.24368 0.12171 0.05885 ( 1)
 138 T   0.29161 0.51172 0.06231 0.13436 ( 2)
 139 S   0.00396 0.77586 0.00231 0.21787 ( 2)
 140 S   0.00008 0.77835 0.00012 0.22144 ( 2)
 141 E   0.81961 0.00427 0.17508 0.00104 ( 1)
 142 I   0.77419 0.05792 0.15415 0.01375 ( 1)
 143 S   0.07022 0.74785 0.01206 0.16988 ( 2)
 144 T   0.43333 0.36514 0.10654 0.09498 ( 1)
 145 Y   0.03626 0.58208 0.13159 0.25007 ( 2)
 146 Y   0.81968 0.01328 0.16394 0.00310 ( 1)
 147 N   0.06633 0.40045 0.40418 0.12905 ( 3)
 148 R   0.81178 0.01172 0.17371 0.00279 ( 1)
 149 Q   0.81233 0.01395 0.17042 0.00330 ( 1)
 150 V   0.66897 0.16782 0.12537 0.03785 ( 1)
 151 Q   0.10040 0.71674 0.01837 0.16449 ( 2)
 152 L   0.01662 0.79378 0.00296 0.18664 ( 2)
 153 T   0.83300 0.00837 0.15675 0.00188 ( 1)
 154 S   0.00236 0.69849 0.00921 0.28993 ( 2)
 155 Q   0.10181 0.06595 0.80745 0.02480 ( 3)
 156 Y   0.82167 0.01133 0.16436 0.00264 ( 1)
 157 S   0.00685 0.80839 0.00113 0.18362 ( 2)
 158 D   0.84711 0.00197 0.15048 0.00044 ( 1)
 159 Y   0.82631 0.00683 0.16526 0.00159 ( 1)
 160 C   0.82451 0.00723 0.16659 0.00167 ( 1)
 161 V   0.83647 0.00848 0.15308 0.00197 ( 1)
 162 K   0.12812 0.07757 0.77181 0.02250 ( 3)
 163 W   0.01694 0.79615 0.00284 0.18407 ( 2)
 164 Y   0.81373 0.01906 0.16276 0.00444 ( 1)
 165 D   0.24398 0.58419 0.04225 0.12958 ( 2)
 166 T   0.82253 0.01315 0.16131 0.00301 ( 1)
 167 G   0.77776 0.02577 0.18982 0.00665 ( 1)
 168 L   0.81396 0.01315 0.16974 0.00315 ( 1)
 169 Q   0.00385 0.81535 0.00057 0.18023 ( 2)
 170 K   0.73626 0.07228 0.17138 0.02008 ( 1)
 171 L   0.81396 0.01315 0.16974 0.00315 ( 1)
 172 K   0.84096 0.00293 0.15544 0.00067 ( 1)
 173 G   0.83499 0.00439 0.15962 0.00100 ( 1)
 174 T   0.10176 0.08841 0.77560 0.03423 ( 3)
 175 S   0.16483 0.65645 0.03051 0.14822 ( 2)
 176 A   0.73038 0.08771 0.15824 0.02367 ( 1)
 177 E   0.08182 0.73212 0.01532 0.17074 ( 2)
 178 S   0.00790 0.77454 0.00187 0.21569 ( 2)
 179 W   0.74232 0.06167 0.18024 0.01577 ( 1)
 180 L   0.05890 0.67534 0.07263 0.19314 ( 2)
 181 E   0.04855 0.56062 0.22794 0.16289 ( 2)
 182 Y   0.82631 0.00683 0.16526 0.00159 ( 1)
 183 H   0.73061 0.11053 0.13370 0.02516 ( 1)
 184 Q   0.44124 0.35537 0.10981 0.09358 ( 1)
 185 F   0.83251 0.01200 0.15280 0.00269 ( 1)
 186 R   0.78280 0.04018 0.16745 0.00956 ( 1)
 187 R   0.83107 0.00423 0.16374 0.00097 ( 1)
 188 E   0.83878 0.00649 0.15325 0.00149 ( 1)
 189 M   0.84034 0.00191 0.15733 0.00042 ( 1)
 190 T   0.09650 0.04898 0.83499 0.01952 ( 3)
 191 F   0.07527 0.73514 0.01454 0.17505 ( 2)
 192 M   0.48840 0.32803 0.10426 0.07931 ( 1)
 193 V   0.84081 0.00433 0.15385 0.00101 ( 1)
 194 L   0.80721 0.01498 0.17420 0.00361 ( 1)
 195 D   0.84711 0.00197 0.15048 0.00044 ( 1)
 196 L   0.00717 0.72794 0.01429 0.25060 ( 2)
 197 V   0.16064 0.06282 0.76242 0.01412 ( 3)
 198 A   0.80489 0.01052 0.18200 0.00259 ( 1)
 199 L   0.59748 0.19146 0.15989 0.05117 ( 1)
 200 F   0.84260 0.00239 0.15447 0.00054 ( 1)
 201 P   0.82613 0.00625 0.16617 0.00145 ( 1)
 202 N   0.53047 0.27329 0.12584 0.07041 ( 1)

