Supplemental results for CODEML (seqf: algn  treef: tree)


dN/dS (w) for site classes (K=4)

site class             0        1       2a       2b
proportion       0.59637  0.40363  0.00000  0.00000
background w     0.11362  1.00000  0.11362  1.00000
foreground w     0.11362  1.00000  1.00000  1.00000

Naive Empirical Bayes (NEB) probabilities for 4 classes
(amino acids refer to 1st sequence: BT_Cry68Aa1)

   1 P   0.66428 0.33572 0.00000 0.00000 ( 1)
   2 V   0.88092 0.11908 0.00000 0.00000 ( 1)
   3 V   0.95147 0.04853 0.00000 0.00000 ( 1)
   4 S   0.31445 0.68555 0.00000 0.00000 ( 2)
   5 Q   0.80780 0.19220 0.00000 0.00000 ( 1)
   6 L   0.96940 0.03060 0.00000 0.00000 ( 1)
   7 S   0.99977 0.00023 0.00000 0.00000 ( 1)
   8 R   0.98099 0.01901 0.00000 0.00000 ( 1)
   9 V   0.64770 0.35230 0.00000 0.00000 ( 1)
  10 I   0.99906 0.00094 0.00000 0.00000 ( 1)
  11 Y   0.99904 0.00096 0.00000 0.00000 ( 1)
  12 T   0.99549 0.00451 0.00000 0.00000 ( 1)
  13 D   0.99894 0.00106 0.00000 0.00000 ( 1)
  14 P   0.99339 0.00661 0.00000 0.00000 ( 1)
  15 V   0.99336 0.00664 0.00000 0.00000 ( 1)
  16 G   0.99956 0.00044 0.00000 0.00000 ( 1)
  17 A   0.91121 0.08879 0.00000 0.00000 ( 1)
  18 I   0.82784 0.17216 0.00000 0.00000 ( 1)
  19 R   0.39690 0.60310 0.00000 0.00000 ( 2)
  20 T   0.20879 0.79121 0.00000 0.00000 ( 2)
  21 D   0.21528 0.78472 0.00000 0.00000 ( 2)
  22 G   0.01553 0.98447 0.00000 0.00000 ( 2)
  23 -   0.59637 0.40363 0.00000 0.00000 ( 1)
  24 -   0.05814 0.94186 0.00000 0.00000 ( 2)
  25 -   0.00145 0.99855 0.00000 0.00000 ( 2)
  26 -   0.03645 0.96355 0.00000 0.00000 ( 2)
  27 R   0.00385 0.99615 0.00000 0.00000 ( 2)
  28 G   0.53591 0.46409 0.00000 0.00000 ( 1)
  29 W   0.91848 0.08152 0.00000 0.00000 ( 1)
  30 F   0.99955 0.00045 0.00000 0.00000 ( 1)
  31 D   0.02362 0.97638 0.00000 0.00000 ( 2)
  32 P   0.91286 0.08714 0.00000 0.00000 ( 1)
  33 P   0.05208 0.94792 0.00000 0.00000 ( 2)
  34 V   0.70311 0.29689 0.00000 0.00000 ( 1)
  35 G   0.00026 0.99974 0.00000 0.00000 ( 2)
  36 T   0.00406 0.99594 0.00000 0.00000 ( 2)
  37 D   0.99674 0.00326 0.00000 0.00000 ( 1)
  38 R   0.61470 0.38530 0.00000 0.00000 ( 1)
  39 I   0.65118 0.34882 0.00000 0.00000 ( 1)
  40 R   0.00593 0.99407 0.00000 0.00000 ( 2)
  41 V   0.99558 0.00442 0.00000 0.00000 ( 1)
  42 N   0.94142 0.05858 0.00000 0.00000 ( 1)
  43 F   0.99852 0.00148 0.00000 0.00000 ( 1)
  44 A   0.03565 0.96435 0.00000 0.00000 ( 2)
  45 S   0.01441 0.98559 0.00000 0.00000 ( 2)
  46 I   0.94625 0.05375 0.00000 0.00000 ( 1)
  47 E   0.99897 0.00103 0.00000 0.00000 ( 1)
  48 N   0.99365 0.00635 0.00000 0.00000 ( 1)
  49 E   0.25026 0.74974 0.00000 0.00000 ( 2)
  50 I   0.99894 0.00106 0.00000 0.00000 ( 1)
  51 P   0.99815 0.00185 0.00000 0.00000 ( 1)
  52 A   0.03018 0.96982 0.00000 0.00000 ( 2)
  53 P   0.98931 0.01069 0.00000 0.00000 ( 1)
  54 T   0.04491 0.95509 0.00000 0.00000 ( 2)
  55 T   0.14950 0.85050 0.00000 0.00000 ( 2)
  56 S   0.79678 0.20322 0.00000 0.00000 ( 1)
  57 R   0.10453 0.89547 0.00000 0.00000 ( 2)
  58 H   0.81467 0.18533 0.00000 0.00000 ( 1)
  59 L   0.97363 0.02637 0.00000 0.00000 ( 1)
  60 S   0.15004 0.84996 0.00000 0.00000 ( 2)
  61 E   0.57542 0.42458 0.00000 0.00000 ( 1)
  62 L   0.32624 0.67376 0.00000 0.00000 ( 2)
  63 T   0.00029 0.99971 0.00000 0.00000 ( 2)
  64 I   0.98953 0.01047 0.00000 0.00000 ( 1)
  65 S   0.90838 0.09162 0.00000 0.00000 ( 1)
  66 S   0.18472 0.81528 0.00000 0.00000 ( 2)
  67 G   0.99151 0.00849 0.00000 0.00000 ( 1)
  68 P   0.15107 0.84893 0.00000 0.00000 ( 2)
  69 L   0.99919 0.00081 0.00000 0.00000 ( 1)
  70 G   0.10499 0.89501 0.00000 0.00000 ( 2)
  71 F   0.54021 0.45979 0.00000 0.00000 ( 1)
  72 G   0.57475 0.42525 0.00000 0.00000 ( 1)
  73 I   0.88385 0.11615 0.00000 0.00000 ( 1)
  74 N   0.37841 0.62159 0.00000 0.00000 ( 2)
  75 P   0.99752 0.00248 0.00000 0.00000 ( 1)
  76 S   0.00256 0.99744 0.00000 0.00000 ( 2)
  77 -   0.36746 0.63254 0.00000 0.00000 ( 2)
  78 -   0.67039 0.32961 0.00000 0.00000 ( 1)
  79 R   0.99739 0.00261 0.00000 0.00000 ( 1)
  80 T   0.95170 0.04830 0.00000 0.00000 ( 1)
  81 H   0.21950 0.78050 0.00000 0.00000 ( 2)
  82 S   0.09990 0.90010 0.00000 0.00000 ( 2)
  83 W   0.91848 0.08152 0.00000 0.00000 ( 1)
  84 Q   0.64474 0.35526 0.00000 0.00000 ( 1)
  85 G   0.99006 0.00994 0.00000 0.00000 ( 1)
  86 N   0.99530 0.00470 0.00000 0.00000 ( 1)
  87 R   0.02262 0.97738 0.00000 0.00000 ( 2)
  88 N   0.99645 0.00355 0.00000 0.00000 ( 1)
  89 V   0.06557 0.93443 0.00000 0.00000 ( 2)
  90 N   0.83409 0.16591 0.00000 0.00000 ( 1)
  91 I   0.00674 0.99326 0.00000 0.00000 ( 2)
  92 S   0.00331 0.99669 0.00000 0.00000 ( 2)
  93 A   0.72766 0.27234 0.00000 0.00000 ( 1)
  94 P   0.05951 0.94049 0.00000 0.00000 ( 2)
  95 T   0.01005 0.98995 0.00000 0.00000 ( 2)
  96 D   0.80685 0.19315 0.00000 0.00000 ( 1)
  97 V   0.06903 0.93097 0.00000 0.00000 ( 2)
  98 -   0.68937 0.31063 0.00000 0.00000 ( 1)
  99 -   0.17806 0.82194 0.00000 0.00000 ( 2)
 100 -   0.64541 0.35459 0.00000 0.00000 ( 1)
 101 -   0.62152 0.37848 0.00000 0.00000 ( 1)
 102 -   0.65200 0.34800 0.00000 0.00000 ( 1)
 103 S   0.89819 0.10181 0.00000 0.00000 ( 1)
 104 G   0.97154 0.02846 0.00000 0.00000 ( 1)
 105 V   0.01106 0.98894 0.00000 0.00000 ( 2)
 106 I   0.04171 0.95829 0.00000 0.00000 ( 2)
 107 S   0.95112 0.04888 0.00000 0.00000 ( 1)
 108 N   0.44238 0.55762 0.00000 0.00000 ( 2)
 109 R   0.00262 0.99738 0.00000 0.00000 ( 2)
 110 T   0.01345 0.98655 0.00000 0.00000 ( 2)
 111 Q   0.38486 0.61514 0.00000 0.00000 ( 2)
 112 T   0.95925 0.04075 0.00000 0.00000 ( 1)
 113 I   0.99555 0.00445 0.00000 0.00000 ( 1)
 114 P   0.08548 0.91452 0.00000 0.00000 ( 2)
 115 A   0.98165 0.01835 0.00000 0.00000 ( 1)
 116 R   0.15227 0.84773 0.00000 0.00000 ( 2)
 117 N   0.96912 0.03088 0.00000 0.00000 ( 1)
 118 I   0.99908 0.00092 0.00000 0.00000 ( 1)
 119 F   0.99360 0.00640 0.00000 0.00000 ( 1)
 120 R   0.99873 0.00127 0.00000 0.00000 ( 1)
 121 V   0.58314 0.41686 0.00000 0.00000 ( 1)
 122 N   0.97722 0.02278 0.00000 0.00000 ( 1)
 123 S   0.99034 0.00966 0.00000 0.00000 ( 1)
 124 R   0.19166 0.80834 0.00000 0.00000 ( 2)
 125 V   0.99583 0.00417 0.00000 0.00000 ( 1)
 126 Y   0.08030 0.91970 0.00000 0.00000 ( 2)
 127 T   0.99268 0.00732 0.00000 0.00000 ( 1)
 128 L   0.98452 0.01548 0.00000 0.00000 ( 1)
 129 D   0.99804 0.00196 0.00000 0.00000 ( 1)
 130 W   0.00235 0.99765 0.00000 0.00000 ( 2)
 131 R   0.78803 0.21197 0.00000 0.00000 ( 1)
 132 L   0.04677 0.95323 0.00000 0.00000 ( 2)
 133 Y   0.87834 0.12166 0.00000 0.00000 ( 1)
 134 G   0.99744 0.00256 0.00000 0.00000 ( 1)
 135 V   0.99917 0.00083 0.00000 0.00000 ( 1)
 136 Y   0.27872 0.72128 0.00000 0.00000 ( 2)
 137 R   0.97679 0.02321 0.00000 0.00000 ( 1)
 138 A   0.99933 0.00067 0.00000 0.00000 ( 1)
 139 E   0.88711 0.11289 0.00000 0.00000 ( 1)
 140 F   0.99955 0.00045 0.00000 0.00000 ( 1)
 141 F   0.84385 0.15615 0.00000 0.00000 ( 1)
 142 Q   0.98054 0.01946 0.00000 0.00000 ( 1)
 143 D   0.05495 0.94505 0.00000 0.00000 ( 2)
 144 A   0.92256 0.07744 0.00000 0.00000 ( 1)
 145 S   0.99652 0.00348 0.00000 0.00000 ( 1)
 146 Q   0.93409 0.06591 0.00000 0.00000 ( 1)
 147 N   0.17236 0.82764 0.00000 0.00000 ( 2)
 148 S   0.99705 0.00295 0.00000 0.00000 ( 1)
 149 Q   0.52927 0.47073 0.00000 0.00000 ( 1)
 150 I   0.00023 0.99977 0.00000 0.00000 ( 2)
 151 R   0.02075 0.97925 0.00000 0.00000 ( 2)
 152 V   0.97037 0.02963 0.00000 0.00000 ( 1)
 153 F   0.89459 0.10541 0.00000 0.00000 ( 1)
 154 A   0.00254 0.99746 0.00000 0.00000 ( 2)
 155 E   0.14854 0.85146 0.00000 0.00000 ( 2)
 156 N   0.38021 0.61979 0.00000 0.00000 ( 2)
 157 P   0.54355 0.45645 0.00000 0.00000 ( 1)
 158 P   0.01568 0.98432 0.00000 0.00000 ( 2)
 159 T   0.95950 0.04050 0.00000 0.00000 ( 1)
 160 G   0.69207 0.30793 0.00000 0.00000 ( 1)
 161 A   0.06588 0.93412 0.00000 0.00000 ( 2)
 162 -   0.01616 0.98384 0.00000 0.00000 ( 2)
 163 -   0.19468 0.80532 0.00000 0.00000 ( 2)
 164 G   0.25924 0.74076 0.00000 0.00000 ( 2)
 165 A   0.26388 0.73612 0.00000 0.00000 ( 2)
 166 Q   0.00152 0.99848 0.00000 0.00000 ( 2)
 167 S   0.00490 0.99510 0.00000 0.00000 ( 2)
 168 A   0.00035 0.99965 0.00000 0.00000 ( 2)
 169 N   0.99946 0.00054 0.00000 0.00000 ( 1)
 170 N   0.04863 0.95137 0.00000 0.00000 ( 2)
 171 F   0.00246 0.99754 0.00000 0.00000 ( 2)
 172 R   0.86628 0.13372 0.00000 0.00000 ( 1)
 173 F   0.99317 0.00683 0.00000 0.00000 ( 1)
 174 L   0.09153 0.90847 0.00000 0.00000 ( 2)
 175 P   0.99252 0.00748 0.00000 0.00000 ( 1)
 176 G   0.99744 0.00256 0.00000 0.00000 ( 1)
 177 E   0.99897 0.00103 0.00000 0.00000 ( 1)
 178 N   0.96902 0.03098 0.00000 0.00000 ( 1)
 179 S   0.95962 0.04038 0.00000 0.00000 ( 1)
 180 D   0.00191 0.99809 0.00000 0.00000 ( 2)
 181 T   0.97559 0.02441 0.00000 0.00000 ( 1)
 182 P   0.99655 0.00345 0.00000 0.00000 ( 1)
 183 T   0.99814 0.00186 0.00000 0.00000 ( 1)
 184 P   0.99207 0.00793 0.00000 0.00000 ( 1)
 185 Q   0.13584 0.86416 0.00000 0.00000 ( 2)
 186 D   0.99915 0.00085 0.00000 0.00000 ( 1)
 187 Y   0.99904 0.00096 0.00000 0.00000 ( 1)
 188 T   0.99902 0.00098 0.00000 0.00000 ( 1)
 189 H   0.99856 0.00144 0.00000 0.00000 ( 1)
 190 L   0.32804 0.67196 0.00000 0.00000 ( 2)
 191 L   0.98659 0.01341 0.00000 0.00000 ( 1)
 192 S   0.99847 0.00153 0.00000 0.00000 ( 1)
 193 R   0.13426 0.86574 0.00000 0.00000 ( 2)
 194 V   0.04172 0.95828 0.00000 0.00000 ( 2)
 195 V   0.06086 0.93914 0.00000 0.00000 ( 2)
 196 N   0.99968 0.00032 0.00000 0.00000 ( 1)
 197 A   0.02353 0.97647 0.00000 0.00000 ( 2)
 198 T   0.97374 0.02626 0.00000 0.00000 ( 1)
 199 V   0.95960 0.04040 0.00000 0.00000 ( 1)
 200 G   0.99754 0.00246 0.00000 0.00000 ( 1)
 201 L   0.99919 0.00081 0.00000 0.00000 ( 1)
 202 T   0.20207 0.79793 0.00000 0.00000 ( 2)
 203 P   0.87600 0.12400 0.00000 0.00000 ( 1)
 204 A   0.78658 0.21342 0.00000 0.00000 ( 1)
 205 T   0.27641 0.72359 0.00000 0.00000 ( 2)
 206 G   0.00110 0.99890 0.00000 0.00000 ( 2)
 207 N   0.02096 0.97904 0.00000 0.00000 ( 2)
 208 Q   0.91538 0.08462 0.00000 0.00000 ( 1)
 209 R   0.99896 0.00104 0.00000 0.00000 ( 1)
 210 N   0.45625 0.54375 0.00000 0.00000 ( 2)
 211 S   0.99907 0.00093 0.00000 0.00000 ( 1)
 212 V   0.61496 0.38504 0.00000 0.00000 ( 1)
 213 L   0.89146 0.10854 0.00000 0.00000 ( 1)
 214 I   0.14677 0.85323 0.00000 0.00000 ( 2)
 215 F   0.28601 0.71399 0.00000 0.00000 ( 2)
 216 G   0.99956 0.00044 0.00000 0.00000 ( 1)
 217 W   0.91848 0.08152 0.00000 0.00000 ( 1)
 218 K   0.97901 0.02099 0.00000 0.00000 ( 1)
 219 H   0.99947 0.00053 0.00000 0.00000 ( 1)
 220 K   0.98622 0.01378 0.00000 0.00000 ( 1)


lnL = -3308.396312

Bayes Empirical Bayes (BEB) probabilities for 4 classes (class)
(amino acids refer to 1st sequence: BT_Cry68Aa1)

   1 P   0.75017 0.22263 0.02002 0.00718 ( 1)
   2 V   0.89763 0.07566 0.02423 0.00248 ( 1)
   3 V   0.94455 0.03298 0.02149 0.00098 ( 1)
   4 S   0.48680 0.48613 0.01212 0.01495 ( 1)
   5 Q   0.82334 0.13975 0.03129 0.00562 ( 1)
   6 L   0.93572 0.02767 0.03549 0.00111 ( 1)
   7 S   0.97771 0.00028 0.02200 0.00001 ( 1)
   8 R   0.94930 0.01749 0.03255 0.00066 ( 1)
   9 V   0.72499 0.23602 0.02911 0.00988 ( 1)
  10 I   0.97629 0.00109 0.02258 0.00003 ( 1)
  11 Y   0.97315 0.00106 0.02576 0.00003 ( 1)
  12 T   0.96899 0.00468 0.02618 0.00015 ( 1)
  13 D   0.97647 0.00125 0.02224 0.00004 ( 1)
  14 P   0.96470 0.00650 0.02857 0.00022 ( 1)
  15 V   0.97160 0.00574 0.02248 0.00017 ( 1)
  16 G   0.97580 0.00052 0.02366 0.00002 ( 1)
  17 A   0.91786 0.05735 0.02301 0.00178 ( 1)
  18 I   0.86195 0.11100 0.02343 0.00362 ( 1)
  19 R   0.56493 0.40790 0.01443 0.01274 ( 1)
  20 T   0.35856 0.61221 0.00964 0.01960 ( 2)
  21 D   0.40891 0.56547 0.00912 0.01650 ( 2)
  22 G   0.05338 0.91853 0.00120 0.02689 ( 2)
  23 -   0.61839 0.33853 0.02776 0.01533 ( 1)
  24 -   0.10995 0.85978 0.00291 0.02736 ( 2)
  25 -   0.00467 0.95954 0.00016 0.03564 ( 2)
  26 -   0.07238 0.89571 0.00207 0.02983 ( 2)
  27 R   0.01239 0.95664 0.00033 0.03064 ( 2)
  28 G   0.64652 0.32938 0.01448 0.00962 ( 1)
  29 W   0.89272 0.07020 0.03424 0.00284 ( 1)
  30 F   0.97500 0.00052 0.02447 0.00002 ( 1)
  31 D   0.07633 0.88608 0.00282 0.03478 ( 2)
  32 P   0.88072 0.07619 0.03962 0.00346 ( 1)
  33 P   0.09760 0.85932 0.00437 0.03871 ( 2)
  34 V   0.70927 0.24764 0.03186 0.01122 ( 1)
  35 G   0.00128 0.96902 0.00003 0.02967 ( 2)
  36 T   0.01505 0.95565 0.00036 0.02894 ( 2)
  37 D   0.97507 0.00296 0.02188 0.00009 ( 1)
  38 R   0.63423 0.32268 0.02847 0.01461 ( 1)
  39 I   0.66542 0.29150 0.02988 0.01320 ( 1)
  40 R   0.01818 0.95077 0.00048 0.03057 ( 2)
  41 V   0.97292 0.00395 0.02301 0.00012 ( 1)
  42 N   0.93711 0.04068 0.02101 0.00121 ( 1)
  43 F   0.96098 0.00160 0.03735 0.00007 ( 1)
  44 A   0.08221 0.88406 0.00257 0.03116 ( 2)
  45 S   0.04148 0.93013 0.00095 0.02744 ( 2)
  46 I   0.92627 0.04174 0.03046 0.00153 ( 1)
  47 E   0.97298 0.00113 0.02585 0.00004 ( 1)
  48 N   0.97231 0.00550 0.02203 0.00016 ( 1)
  49 E   0.41309 0.55751 0.01124 0.01816 ( 2)
  50 I   0.97375 0.00120 0.02501 0.00004 ( 1)
  51 P   0.97254 0.00198 0.02541 0.00006 ( 1)
  52 A   0.08385 0.88815 0.00189 0.02612 ( 2)
  53 P   0.96559 0.00890 0.02523 0.00028 ( 1)
  54 T   0.10146 0.86789 0.00271 0.02793 ( 2)
  55 T   0.27208 0.68968 0.01042 0.02783 ( 2)
  56 S   0.84011 0.13381 0.02183 0.00425 ( 1)
  57 R   0.18295 0.77869 0.00701 0.03136 ( 2)
  58 H   0.85476 0.12012 0.02141 0.00372 ( 1)
  59 L   0.94391 0.02415 0.03105 0.00088 ( 1)
  60 S   0.26938 0.70401 0.00598 0.02063 ( 2)
  61 E   0.71332 0.26298 0.01593 0.00777 ( 1)
  62 L   0.49900 0.47193 0.01377 0.01531 ( 1)
  63 T   0.00158 0.96921 0.00004 0.02917 ( 2)
  64 I   0.96623 0.00869 0.02481 0.00028 ( 1)
  65 S   0.91594 0.05834 0.02386 0.00186 ( 1)
  66 S   0.32817 0.64472 0.00767 0.01945 ( 2)
  67 G   0.96735 0.00890 0.02347 0.00027 ( 1)
  68 P   0.25098 0.71543 0.00802 0.02557 ( 2)
  69 L   0.97344 0.00090 0.02563 0.00003 ( 1)
  70 G   0.23537 0.73444 0.00634 0.02385 ( 2)
  71 F   0.65118 0.31171 0.02462 0.01249 ( 1)
  72 G   0.67344 0.28790 0.02666 0.01200 ( 1)
  73 I   0.89962 0.07676 0.02129 0.00233 ( 1)
  74 N   0.53613 0.43707 0.01322 0.01358 ( 1)
  75 P   0.96866 0.00256 0.02869 0.00009 ( 1)
  76 S   0.01132 0.94084 0.00086 0.04698 ( 2)
  77 -   0.46028 0.51331 0.01081 0.01560 ( 2)
  78 -   0.72935 0.24662 0.01670 0.00733 ( 1)
  79 R   0.97117 0.00273 0.02602 0.00009 ( 1)
  80 T   0.92722 0.03707 0.03424 0.00147 ( 1)
  81 H   0.34010 0.62705 0.01053 0.02232 ( 2)
  82 S   0.20273 0.76710 0.00547 0.02470 ( 2)
  83 W   0.89272 0.07020 0.03424 0.00284 ( 1)
  84 Q   0.74005 0.23299 0.01952 0.00744 ( 1)
  85 G   0.95609 0.00965 0.03389 0.00038 ( 1)
  86 N   0.96513 0.00431 0.03040 0.00016 ( 1)
  87 R   0.05623 0.90720 0.00198 0.03458 ( 2)
  88 N   0.97390 0.00332 0.02268 0.00010 ( 1)
  89 V   0.13384 0.83341 0.00370 0.02904 ( 2)
  90 N   0.86404 0.11255 0.01999 0.00342 ( 1)
  91 I   0.02024 0.93935 0.00083 0.03958 ( 2)
  92 S   0.01232 0.95721 0.00032 0.03014 ( 2)
  93 A   0.78919 0.18648 0.01864 0.00569 ( 1)
  94 P   0.14543 0.82689 0.00330 0.02438 ( 2)
  95 T   0.02939 0.93639 0.00093 0.03329 ( 2)
  96 D   0.84352 0.12524 0.02678 0.00447 ( 1)
  97 V   0.15547 0.73445 0.04597 0.06411 ( 2)
  98 -   0.71120 0.26433 0.01645 0.00802 ( 1)
  99 -   0.23014 0.65307 0.07265 0.04415 ( 2)
 100 -   0.66741 0.29957 0.02191 0.01111 ( 1)
 101 -   0.64396 0.31874 0.02445 0.01285 ( 1)
 102 -   0.67649 0.29543 0.01832 0.00976 ( 1)
 103 S   0.90376 0.06441 0.02945 0.00238 ( 1)
 104 G   0.93860 0.02590 0.03447 0.00102 ( 1)
 105 V   0.03267 0.93331 0.00103 0.03299 ( 2)
 106 I   0.10601 0.86430 0.00272 0.02697 ( 2)
 107 S   0.92562 0.03887 0.03397 0.00153 ( 1)
 108 N   0.59852 0.35942 0.02422 0.01784 ( 1)
 109 R   0.00953 0.91185 0.00501 0.07361 ( 2)
 110 T   0.03906 0.92980 0.00105 0.03010 ( 2)
 111 Q   0.52024 0.44743 0.01645 0.01588 ( 1)
 112 T   0.94293 0.03376 0.02227 0.00103 ( 1)
 113 I   0.97333 0.00404 0.02251 0.00012 ( 1)
 114 P   0.17750 0.78805 0.00584 0.02861 ( 2)
 115 A   0.94879 0.01510 0.03551 0.00060 ( 1)
 116 R   0.24867 0.71527 0.00875 0.02731 ( 2)
 117 N   0.95626 0.02164 0.02146 0.00064 ( 1)
 118 I   0.97386 0.00109 0.02501 0.00003 ( 1)
 119 F   0.96875 0.00671 0.02433 0.00021 ( 1)
 120 R   0.97251 0.00139 0.02605 0.00004 ( 1)
 121 V   0.61918 0.25355 0.11267 0.01460 ( 1)
 122 N   0.96163 0.01600 0.02189 0.00047 ( 1)
 123 S   0.96513 0.00942 0.02514 0.00030 ( 1)
 124 R   0.34076 0.62631 0.01076 0.02217 ( 2)
 125 V   0.97111 0.00373 0.02504 0.00012 ( 1)
 126 Y   0.19483 0.77549 0.00513 0.02455 ( 2)
 127 T   0.97147 0.00654 0.02180 0.00019 ( 1)
 128 L   0.95330 0.01479 0.03137 0.00054 ( 1)
 129 D   0.97620 0.00183 0.02191 0.00005 ( 1)
 130 W   0.01017 0.96143 0.00023 0.02816 ( 2)
 131 R   0.80618 0.15513 0.03222 0.00647 ( 1)
 132 L   0.10524 0.86412 0.00282 0.02782 ( 2)
 133 Y   0.89477 0.07890 0.02379 0.00254 ( 1)
 134 G   0.96948 0.00266 0.02777 0.00009 ( 1)
 135 V   0.96983 0.00096 0.02918 0.00003 ( 1)
 136 Y   0.43689 0.53003 0.01371 0.01937 ( 2)
 137 R   0.94850 0.01829 0.03252 0.00069 ( 1)
 138 A   0.97486 0.00080 0.02431 0.00003 ( 1)
 139 E   0.90000 0.07290 0.02470 0.00240 ( 1)
 140 F   0.97500 0.00052 0.02447 0.00002 ( 1)
 141 F   0.87345 0.10019 0.02315 0.00321 ( 1)
 142 Q   0.95921 0.01581 0.02448 0.00049 ( 1)
 143 D   0.13684 0.83566 0.00308 0.02442 ( 2)
 144 A   0.92393 0.05145 0.02300 0.00162 ( 1)
 145 S   0.97479 0.00318 0.02194 0.00009 ( 1)
 146 Q   0.92456 0.04907 0.02478 0.00159 ( 1)
 147 N   0.31081 0.66181 0.00747 0.01991 ( 2)
 148 S   0.97143 0.00316 0.02531 0.00010 ( 1)
 149 Q   0.64622 0.32186 0.02046 0.01146 ( 1)
 150 I   0.00121 0.96798 0.00003 0.03078 ( 2)
 151 R   0.04967 0.91363 0.00174 0.03496 ( 2)
 152 V   0.94093 0.02333 0.03482 0.00092 ( 1)
 153 F   0.88215 0.07816 0.03636 0.00333 ( 1)
 154 A   0.00977 0.95800 0.00027 0.03196 ( 2)
 155 E   0.27720 0.68541 0.01031 0.02708 ( 2)
 156 N   0.53818 0.41923 0.02252 0.02007 ( 1)
 157 P   0.69417 0.28133 0.01601 0.00849 ( 1)
 158 P   0.04056 0.92175 0.00141 0.03628 ( 2)
 159 T   0.94126 0.03227 0.02541 0.00106 ( 1)
 160 G   0.79434 0.18084 0.01922 0.00561 ( 1)
 161 A   0.13922 0.82701 0.00435 0.02943 ( 2)
 162 -   0.04003 0.92966 0.00103 0.02927 ( 2)
 163 -   0.30978 0.66372 0.00700 0.01950 ( 2)
 164 G   0.42286 0.54624 0.01209 0.01881 ( 2)
 165 A   0.42678 0.54497 0.01108 0.01717 ( 2)
 166 Q   0.00607 0.96272 0.00016 0.03104 ( 2)
 167 S   0.01794 0.95308 0.00042 0.02855 ( 2)
 168 A   0.00151 0.96048 0.00006 0.03795 ( 2)
 169 N   0.97740 0.00065 0.02193 0.00002 ( 1)
 170 N   0.11247 0.85939 0.00257 0.02557 ( 2)
 171 F   0.00955 0.95850 0.00025 0.03171 ( 2)
 172 R   0.87419 0.10210 0.02060 0.00311 ( 1)
 173 F   0.96815 0.00582 0.02585 0.00019 ( 1)
 174 L   0.16834 0.69442 0.08039 0.05685 ( 2)
 175 P   0.96704 0.00745 0.02528 0.00024 ( 1)
 176 G   0.96948 0.00266 0.02777 0.00009 ( 1)
 177 E   0.97298 0.00113 0.02585 0.00004 ( 1)
 178 N   0.95651 0.02140 0.02145 0.00063 ( 1)
 179 S   0.93280 0.03647 0.02943 0.00130 ( 1)
 180 D   0.00867 0.94380 0.00060 0.04692 ( 2)
 181 T   0.94283 0.01947 0.03689 0.00080 ( 1)
 182 P   0.96772 0.00350 0.02866 0.00012 ( 1)
 183 T   0.97476 0.00216 0.02302 0.00007 ( 1)
 184 P   0.96346 0.00774 0.02853 0.00027 ( 1)
 185 Q   0.26353 0.70687 0.00700 0.02260 ( 2)
 186 D   0.96302 0.00098 0.03596 0.00004 ( 1)
 187 Y   0.97315 0.00106 0.02576 0.00003 ( 1)
 188 T   0.97576 0.00118 0.02303 0.00004 ( 1)
 189 H   0.97354 0.00155 0.02486 0.00005 ( 1)
 190 L   0.38696 0.37077 0.21157 0.03071 ( 1)
 191 L   0.95546 0.01264 0.03143 0.00046 ( 1)
 192 S   0.97261 0.00177 0.02556 0.00006 ( 1)
 193 R   0.25750 0.71225 0.00699 0.02325 ( 2)
 194 V   0.11008 0.85902 0.00297 0.02792 ( 2)
 195 V   0.14086 0.75403 0.05460 0.05050 ( 2)
 196 N   0.97765 0.00041 0.02193 0.00001 ( 1)
 197 A   0.06646 0.89887 0.00217 0.03249 ( 2)
 198 T   0.95142 0.02216 0.02570 0.00073 ( 1)
 199 V   0.94066 0.03136 0.02693 0.00105 ( 1)
 200 G   0.97006 0.00256 0.02729 0.00009 ( 1)
 201 L   0.97344 0.00090 0.02563 0.00003 ( 1)
 202 T   0.32855 0.64216 0.00873 0.02057 ( 2)
 203 P   0.87758 0.09129 0.02787 0.00326 ( 1)
 204 A   0.83485 0.13796 0.02268 0.00450 ( 1)
 205 T   0.44738 0.52357 0.01207 0.01698 ( 2)
 206 G   0.00333 0.73824 0.04653 0.21190 ( 2)
 207 N   0.06124 0.91066 0.00137 0.02673 ( 2)
 208 Q   0.90996 0.06138 0.02654 0.00213 ( 1)
 209 R   0.97247 0.00113 0.02637 0.00004 ( 1)
 210 N   0.61699 0.35116 0.01938 0.01248 ( 1)
 211 S   0.97357 0.00104 0.02536 0.00003 ( 1)
 212 V   0.51600 0.18734 0.27989 0.01677 ( 1)
 213 L   0.89023 0.08285 0.02421 0.00270 ( 1)
 214 I   0.25852 0.65534 0.04251 0.04363 ( 2)
 215 F   0.45603 0.51556 0.01199 0.01641 ( 2)
 216 G   0.97580 0.00052 0.02366 0.00002 ( 1)
 217 W   0.89272 0.07020 0.03424 0.00284 ( 1)
 218 K   0.95629 0.01732 0.02583 0.00057 ( 1)
 219 H   0.97450 0.00060 0.02488 0.00002 ( 1)
 220 K   0.96305 0.01154 0.02505 0.00037 ( 1)

