Supplemental results for CODEML (seqf: algn  treef: tree)


dN/dS (w) for site classes (K=4)

site class             0        1       2a       2b
proportion       0.44157  0.43015  0.06498  0.06330
background w     0.07083  0.48798  0.07083  0.48798
foreground w     0.07083  0.48798 999.00000 999.00000

Naive Empirical Bayes (NEB) probabilities for 4 classes
(amino acids refer to 1st sequence: BT_Cry13Aa1)

   1 -   0.32917 0.54255 0.04844 0.07984 ( 2)
   2 A   0.10190 0.75634 0.02484 0.11692 ( 2)
   3 K   0.81947 0.16054 0.01554 0.00446 ( 1)
   4 G   0.78841 0.19178 0.01579 0.00402 ( 1)
   5 I   0.78295 0.15165 0.05408 0.01133 ( 1)
   6 P   0.85718 0.06558 0.07172 0.00552 ( 1)
   7 V   0.76596 0.02187 0.20657 0.00560 ( 1)
   8 E   0.97555 0.00778 0.01649 0.00017 ( 1)
   9 K   0.97993 0.00184 0.01818 0.00005 ( 1)
  10 G   0.41349 0.56516 0.00860 0.01275 ( 2)
  11 Y   0.92694 0.05586 0.01601 0.00119 ( 1)
  12 A   0.00562 0.96820 0.00013 0.02606 ( 2)
  13 S   0.14403 0.77581 0.01249 0.06767 ( 2)
  14 S   0.04778 0.04009 0.90331 0.00882 ( 3)
  15 -   0.13911 0.73375 0.01924 0.10790 ( 2)
  16 -   0.48194 0.38978 0.07092 0.05736 ( 1)
  17 -   0.48560 0.38612 0.07146 0.05682 ( 1)
  18 -   0.48918 0.38254 0.07198 0.05629 ( 1)
  19 -   0.48040 0.39132 0.07069 0.05758 ( 1)
  20 -   0.49118 0.38055 0.07228 0.05600 ( 1)
  21 -   0.47897 0.39275 0.07048 0.05780 ( 1)
  22 -   0.45049 0.42123 0.06629 0.06199 ( 1)
  23 -   0.47692 0.39480 0.07018 0.05810 ( 1)
  24 -   0.48165 0.39008 0.07088 0.05740 ( 1)
  25 -   0.48682 0.38490 0.07164 0.05664 ( 1)
  26 -   0.48194 0.38978 0.07092 0.05736 ( 1)
  27 -   0.47345 0.39827 0.06967 0.05861 ( 1)
  28 G   0.91785 0.00406 0.07775 0.00034 ( 1)
  29 Q   0.02690 0.94727 0.00063 0.02520 ( 2)
  30 K   0.00800 0.78303 0.00200 0.20697 ( 2)
  31 V   0.17629 0.74772 0.01418 0.06181 ( 2)
  32 E   0.00233 0.79455 0.01933 0.18379 ( 2)
  33 I   0.04537 0.80640 0.03529 0.11294 ( 2)
  34 I   0.48096 0.43272 0.04386 0.04246 ( 1)
  35 R   0.00181 0.89781 0.00017 0.10021 ( 2)
  36 -   0.26514 0.60658 0.03902 0.08926 ( 2)
  37 E   0.94682 0.02928 0.02295 0.00095 ( 1)
  38 W   0.00000 0.01332 0.08111 0.90557 ( 4)
  39 I   0.13561 0.68923 0.07635 0.09881 ( 2)
  40 N   0.90158 0.05486 0.04066 0.00289 ( 1)
  41 G   0.04059 0.00322 0.95502 0.00118 ( 3)
  42 A   0.39518 0.58435 0.00710 0.01337 ( 2)
  43 N   0.00096 0.08830 0.75981 0.15092 ( 3)
  44 V   0.03520 0.84756 0.00359 0.11365 ( 2)
  45 V   0.33273 0.64583 0.00566 0.01577 ( 2)
  46 Q   0.74512 0.15000 0.08461 0.02028 ( 1)
  47 L   0.62059 0.28722 0.04653 0.04566 ( 1)
  48 S   0.09070 0.36594 0.45521 0.08815 ( 3)
  49 P   0.32084 0.65379 0.00768 0.01769 ( 2)
  50 G   0.00158 0.92238 0.00013 0.07591 ( 2)
  51 Q   0.05621 0.91948 0.00127 0.02304 ( 2)
  52 S   0.07625 0.90130 0.00150 0.02095 ( 2)
  53 W   0.06829 0.85357 0.00578 0.07237 ( 2)
  54 G   0.00031 0.97591 0.00001 0.02377 ( 2)
  55 M   0.20339 0.78123 0.00303 0.01234 ( 2)
  56 D   0.12725 0.85053 0.00189 0.02034 ( 2)
  57 F   0.89517 0.08852 0.01451 0.00180 ( 1)
  58 T   0.90849 0.02223 0.06759 0.00168 ( 1)
  59 N   0.97800 0.00548 0.01637 0.00016 ( 1)
  60 S   0.00473 0.62869 0.04319 0.32339 ( 2)
  61 T   0.96682 0.01305 0.01977 0.00036 ( 1)
  62 G   0.06458 0.85149 0.00591 0.07802 ( 2)
  63 G   0.37885 0.54191 0.03127 0.04796 ( 2)
  64 Q   0.00027 0.03386 0.80235 0.16352 ( 3)
  65 Y   0.97602 0.00704 0.01680 0.00015 ( 1)
  66 M   0.01552 0.96678 0.00026 0.01744 ( 2)
  67 V   0.77780 0.15120 0.05931 0.01170 ( 1)
  68 R   0.88345 0.03102 0.08262 0.00290 ( 1)
  69 C   0.15054 0.82800 0.00307 0.01839 ( 2)
  70 R   0.95656 0.00184 0.04153 0.00008 ( 1)
  71 Y   0.98117 0.00191 0.01688 0.00004 ( 1)
  72 A   0.97901 0.00174 0.01920 0.00004 ( 1)
  73 S   0.60733 0.37879 0.00754 0.00635 ( 1)
  74 T   0.00111 0.58381 0.00239 0.41269 ( 2)
  75 N   0.00227 0.95919 0.00009 0.03845 ( 2)
  76 D   0.34740 0.32777 0.28980 0.03503 ( 1)
  77 T   0.68811 0.24140 0.05153 0.01895 ( 1)
  78 -   0.13977 0.73195 0.02057 0.10771 ( 2)
  79 -   0.66850 0.20322 0.09837 0.02990 ( 1)
  80 P   0.96185 0.01276 0.02503 0.00036 ( 1)
  81 I   0.60481 0.33286 0.03981 0.02252 ( 1)
  82 F   0.01358 0.96391 0.00025 0.02225 ( 2)
  83 F   0.90637 0.07884 0.01333 0.00147 ( 1)
  84 N   0.75946 0.21944 0.01457 0.00653 ( 1)
  85 L   0.83744 0.12902 0.02883 0.00471 ( 1)
  86 -   0.44157 0.43015 0.06498 0.06330 ( 1)
  87 -   0.44157 0.43015 0.06498 0.06330 ( 1)
  88 -   0.44157 0.43015 0.06498 0.06330 ( 1)
  89 -   0.44157 0.43015 0.06498 0.06330 ( 1)
  90 -   0.44157 0.43015 0.06498 0.06330 ( 1)
  91 -   0.44157 0.43015 0.06498 0.06330 ( 1)
  92 V   0.10723 0.82480 0.00772 0.06024 ( 2)
  93 Y   0.02905 0.94796 0.00056 0.02244 ( 2)
  94 D   0.00252 0.95451 0.00011 0.04286 ( 2)
  95 G   0.00040 0.97595 0.00001 0.02364 ( 2)
  96 G   0.09990 0.87783 0.00204 0.02024 ( 2)
  97 S   0.00376 0.96034 0.00013 0.03577 ( 2)
  98 N   0.82278 0.15649 0.01612 0.00461 ( 1)
  99 P   0.06667 0.91116 0.00135 0.02081 ( 2)
 100 I   0.70268 0.27595 0.01325 0.00812 ( 1)
 101 Y   0.00157 0.75196 0.02031 0.22616 ( 2)
 102 N   0.00017 0.65470 0.00048 0.34465 ( 2)
 103 Q   0.00160 0.79625 0.00069 0.20146 ( 2)
 104 M   0.01083 0.97191 0.00018 0.01708 ( 2)
 105 T   0.29647 0.67774 0.00613 0.01967 ( 2)
 106 F   0.90573 0.03854 0.05344 0.00228 ( 1)
 107 P   0.96668 0.01582 0.01718 0.00032 ( 1)
 108 A   0.01996 0.82583 0.01400 0.14021 ( 2)
 109 -   0.44157 0.43015 0.06498 0.06330 ( 1)
 110 T   0.05608 0.87143 0.00422 0.06827 ( 2)
 111 K   0.00357 0.87028 0.00798 0.11817 ( 2)
 112 E   0.00022 0.44808 0.03185 0.51985 ( 4)
 113 T   0.69979 0.22002 0.05348 0.02671 ( 1)
 114 P   0.07351 0.37115 0.22153 0.33381 ( 2)
 115 A   0.50132 0.33797 0.09552 0.06518 ( 1)
 116 H   0.08783 0.49848 0.20994 0.20375 ( 2)
 117 D   0.01304 0.38228 0.30454 0.30013 ( 2)
 118 S   0.05224 0.29698 0.32428 0.32651 ( 4)
 119 V   0.44157 0.43015 0.06498 0.06330 ( 1)
 120 D   0.44157 0.43015 0.06498 0.06330 ( 1)
 121 N   0.14216 0.61432 0.12557 0.11795 ( 2)
 122 K   0.54937 0.41636 0.01899 0.01528 ( 1)
 123 I   0.60989 0.36475 0.01350 0.01186 ( 1)
 124 L   0.34807 0.23854 0.34959 0.06381 ( 3)
 125 G   0.03539 0.88849 0.00290 0.07322 ( 2)
 126 I   0.07085 0.75083 0.01764 0.16068 ( 2)
 127 K   0.89850 0.07955 0.01963 0.00231 ( 1)
 128 G   0.95644 0.02381 0.01923 0.00052 ( 1)
 129 I   0.00688 0.75626 0.01178 0.22508 ( 2)
 130 N   0.96987 0.01351 0.01624 0.00038 ( 1)
 131 G   0.68352 0.24440 0.05305 0.01903 ( 1)
 132 N   0.24603 0.04141 0.70328 0.00928 ( 3)
 133 Y   0.98207 0.00100 0.01690 0.00002 ( 1)
 134 S   0.26785 0.69505 0.01014 0.02696 ( 2)
 135 L   0.57533 0.34638 0.04874 0.02955 ( 1)
 136 M   0.01052 0.97240 0.00017 0.01692 ( 2)
 137 N   0.18180 0.70692 0.01616 0.09512 ( 2)
 138 V   0.23385 0.73943 0.00552 0.02120 ( 2)
 139 K   0.00845 0.96317 0.00019 0.02820 ( 2)
 140 D   0.89429 0.09099 0.01272 0.00200 ( 1)
 141 S   0.46366 0.51762 0.00828 0.01044 ( 2)
 142 V   0.55117 0.16605 0.21939 0.06339 ( 1)
 143 E   0.06541 0.18942 0.70366 0.04151 ( 3)
 144 L   0.94762 0.03533 0.01631 0.00073 ( 1)
 145 P   0.97498 0.00197 0.02300 0.00005 ( 1)
 146 S   0.88446 0.09789 0.01572 0.00193 ( 1)
 147 G   0.19873 0.72944 0.01537 0.05647 ( 2)
 148 K   0.58095 0.39679 0.01113 0.01113 ( 1)
 149 F   0.02201 0.95571 0.00041 0.02187 ( 2)
 150 H   0.00604 0.97320 0.00010 0.02066 ( 2)
 151 V   0.96296 0.01775 0.01884 0.00045 ( 1)
 152 F   0.00064 0.97923 0.00001 0.02012 ( 2)
 153 F   0.89998 0.04393 0.05346 0.00263 ( 1)
 154 T   0.02002 0.94963 0.00047 0.02988 ( 2)
 155 N   0.97013 0.01326 0.01623 0.00038 ( 1)
 156 N   0.43503 0.53982 0.00857 0.01657 ( 2)
 157 G   0.77900 0.20053 0.01577 0.00470 ( 1)
 158 -   0.11582 0.75590 0.01704 0.11123 ( 2)
 159 -   0.47915 0.39258 0.07051 0.05777 ( 1)
 160 -   0.59786 0.27386 0.08798 0.04030 ( 1)
 161 S   0.13313 0.83337 0.00444 0.02907 ( 2)
 162 S   0.14640 0.82928 0.00320 0.02112 ( 2)
 163 A   0.85879 0.12263 0.01568 0.00290 ( 1)
 164 I   0.91926 0.05834 0.02055 0.00185 ( 1)
 165 Y   0.65681 0.32311 0.01253 0.00755 ( 1)
 166 L   0.93494 0.03362 0.03029 0.00115 ( 1)
 167 D   0.98505 0.00092 0.01400 0.00002 ( 1)
 168 R   0.93460 0.02380 0.04056 0.00104 ( 1)
 169 L   0.95439 0.02720 0.01781 0.00060 ( 1)
 170 E   0.95941 0.00165 0.03888 0.00007 ( 1)
 171 F   0.98456 0.00097 0.01445 0.00002 ( 1)
 172 V   0.92112 0.06181 0.01559 0.00149 ( 1)
 173 P   0.90006 0.08205 0.01608 0.00182 ( 1)


lnL = -2637.026056

