Supplemental results for CODEML (seqf: algn  treef: tree)


dN/dS (w) for site classes (K=4)

site class             0        1       2a       2b
proportion       0.82822  0.15362  0.01531  0.00284
background w     0.10923  1.00000  0.10923  1.00000
foreground w     0.10923  1.00000 26.64573 26.64573

Naive Empirical Bayes (NEB) probabilities for 4 classes
(amino acids refer to 1st sequence: BT_Cry1Ca11)

   1 -   0.23996 0.74189 0.00444 0.01372 ( 2)
   2 -   0.97644 0.00541 0.01805 0.00010 ( 1)
   3 -   0.93141 0.05044 0.01722 0.00093 ( 1)
   4 G   0.89968 0.09779 0.00225 0.00028 ( 1)
   5 Q   0.99532 0.00064 0.00404 0.00000 ( 1)
   6 L   0.99224 0.00270 0.00504 0.00001 ( 1)
   7 T   0.99605 0.00054 0.00341 0.00000 ( 1)
   8 R   0.98999 0.00355 0.00644 0.00002 ( 1)
   9 E   0.99688 0.00014 0.00298 0.00000 ( 1)
  10 V   0.62163 0.07380 0.30236 0.00222 ( 1)
  11 Y   0.99716 0.00012 0.00272 0.00000 ( 1)
  12 T   0.66681 0.32430 0.00592 0.00297 ( 1)
  13 D   0.99230 0.00038 0.00731 0.00000 ( 1)
  14 P   0.98482 0.01155 0.00359 0.00005 ( 1)
  15 L   0.99353 0.00156 0.00491 0.00001 ( 1)
  16 I   0.91221 0.08517 0.00233 0.00028 ( 1)
  17 N   0.55642 0.05274 0.38847 0.00237 ( 1)
  18 F   0.98499 0.01282 0.00216 0.00003 ( 1)
  19 N   0.99787 0.00005 0.00208 0.00000 ( 1)
  20 P   0.94636 0.04999 0.00345 0.00020 ( 1)
  21 Q   0.08593 0.90545 0.00073 0.00789 ( 2)
  22 L   0.99379 0.00129 0.00492 0.00001 ( 1)
  23 Q   0.19126 0.80011 0.00163 0.00700 ( 2)
  24 S   0.99645 0.00088 0.00266 0.00000 ( 1)
  25 V   0.74766 0.24898 0.00244 0.00092 ( 1)
  26 A   0.99327 0.00416 0.00256 0.00001 ( 1)
  27 Q   0.83844 0.15747 0.00340 0.00069 ( 1)
  28 L   0.96351 0.03157 0.00476 0.00017 ( 1)
  29 P   0.99716 0.00021 0.00263 0.00000 ( 1)
  30 T   0.98850 0.00879 0.00268 0.00003 ( 1)
  31 F   0.99772 0.00010 0.00218 0.00000 ( 1)
  32 N   0.66169 0.33149 0.00448 0.00234 ( 1)
  33 V   0.98518 0.01217 0.00261 0.00004 ( 1)
  34 M   0.97803 0.01902 0.00289 0.00006 ( 1)
  35 E   0.99553 0.00019 0.00428 0.00000 ( 1)
  36 S   0.99166 0.00140 0.00693 0.00001 ( 1)
  37 S   0.25385 0.57819 0.13358 0.03438 ( 2)
  38 A   0.97028 0.02601 0.00361 0.00010 ( 1)
  39 I   0.99739 0.00013 0.00249 0.00000 ( 1)
  40 R   0.99655 0.00025 0.00320 0.00000 ( 1)
  41 N   0.94111 0.02969 0.02867 0.00053 ( 1)
  42 P   0.99717 0.00020 0.00263 0.00000 ( 1)
  43 H   0.99766 0.00006 0.00228 0.00000 ( 1)
  44 L   0.99227 0.00276 0.00496 0.00001 ( 1)
  45 F   0.79838 0.19899 0.00202 0.00060 ( 1)
  46 D   0.98723 0.01067 0.00208 0.00003 ( 1)
  47 I   0.78767 0.03171 0.17972 0.00091 ( 1)
  48 L   0.99002 0.00186 0.00810 0.00002 ( 1)
  49 N   0.98281 0.01502 0.00213 0.00004 ( 1)
  50 N   0.21408 0.78308 0.00051 0.00232 ( 2)
  51 L   0.99268 0.00473 0.00257 0.00001 ( 1)
  52 T   0.99589 0.00070 0.00341 0.00000 ( 1)
  53 I   0.99498 0.00050 0.00452 0.00000 ( 1)
  54 F   0.99550 0.00204 0.00245 0.00001 ( 1)
  55 T   0.99522 0.00053 0.00424 0.00000 ( 1)
  56 D   0.99784 0.00009 0.00207 0.00000 ( 1)
  57 W   0.93400 0.05754 0.00795 0.00050 ( 1)
  58 F   0.90611 0.09151 0.00211 0.00026 ( 1)
  59 S   0.98201 0.01592 0.00203 0.00004 ( 1)
  60 V   0.97959 0.01792 0.00244 0.00005 ( 1)
  61 G   0.99170 0.00434 0.00394 0.00002 ( 1)
  62 R   0.96824 0.02105 0.01048 0.00023 ( 1)
  63 N   0.98793 0.00497 0.00707 0.00004 ( 1)
  64 F   0.13667 0.86060 0.00031 0.00243 ( 2)
  65 Y   0.99555 0.00173 0.00272 0.00001 ( 1)
  66 W   0.98533 0.00622 0.00839 0.00005 ( 1)
  67 G   0.99554 0.00050 0.00396 0.00000 ( 1)
  68 G   0.99435 0.00169 0.00395 0.00001 ( 1)
  69 H   0.99733 0.00039 0.00228 0.00000 ( 1)
  70 R   0.63111 0.36212 0.00423 0.00254 ( 1)
  71 V   0.98767 0.00907 0.00323 0.00003 ( 1)
  72 I   0.24340 0.75290 0.00079 0.00291 ( 2)
  73 S   0.99469 0.00265 0.00265 0.00001 ( 1)
  74 S   0.11421 0.86831 0.00208 0.01540 ( 2)
  75 L   0.93195 0.06007 0.00713 0.00086 ( 1)
  76 I   0.97246 0.02448 0.00297 0.00009 ( 1)
  77 G   0.99554 0.00050 0.00396 0.00000 ( 1)
  78 G   0.92431 0.07094 0.00438 0.00037 ( 1)
  79 G   0.35176 0.64529 0.00094 0.00201 ( 2)
  80 N   0.99123 0.00210 0.00666 0.00001 ( 1)
  81 -   0.90090 0.08095 0.01666 0.00150 ( 1)
  82 -   0.83521 0.14664 0.01544 0.00271 ( 1)
  83 I   0.99680 0.00022 0.00298 0.00000 ( 1)
  84 T   0.29879 0.69733 0.00104 0.00284 ( 2)
  85 S   0.98368 0.01365 0.00263 0.00004 ( 1)
  86 P   0.99723 0.00014 0.00263 0.00000 ( 1)
  87 I   0.88304 0.11365 0.00288 0.00043 ( 1)
  88 Y   0.99703 0.00025 0.00272 0.00000 ( 1)
  89 G   0.99558 0.00046 0.00396 0.00000 ( 1)
  90 R   0.99172 0.00508 0.00319 0.00002 ( 1)
  91 E   0.99223 0.00079 0.00697 0.00001 ( 1)
  92 A   0.77980 0.21112 0.00710 0.00198 ( 1)
  93 N   0.99264 0.00349 0.00385 0.00002 ( 1)
  94 Q   0.59104 0.40047 0.00500 0.00349 ( 1)
  95 E   0.99022 0.00281 0.00695 0.00002 ( 1)
  96 P   0.02409 0.97261 0.00007 0.00324 ( 2)
  97 P   0.99577 0.00060 0.00363 0.00000 ( 1)
  98 R   0.89438 0.10237 0.00287 0.00037 ( 1)
  99 S   0.00291 0.99345 0.00001 0.00363 ( 2)
 100 F   0.95666 0.04112 0.00210 0.00011 ( 1)
 101 T   0.05851 0.93759 0.00019 0.00371 ( 2)
 102 F   0.91438 0.08339 0.00200 0.00022 ( 1)
 103 N   0.59427 0.40316 0.00142 0.00115 ( 1)
 104 G   0.75306 0.23777 0.00688 0.00229 ( 1)
 105 -   0.60898 0.37286 0.01126 0.00689 ( 1)
 106 -   0.72493 0.25691 0.01340 0.00475 ( 1)
 107 P   0.99382 0.00162 0.00456 0.00001 ( 1)
 108 V   0.99607 0.00099 0.00294 0.00000 ( 1)
 109 F   0.99691 0.00091 0.00218 0.00000 ( 1)
 110 R   0.97919 0.01434 0.00637 0.00010 ( 1)
 111 T   0.99680 0.00049 0.00271 0.00000 ( 1)
 112 L   0.99405 0.00103 0.00491 0.00001 ( 1)
 113 S   0.99416 0.00098 0.00485 0.00001 ( 1)
 114 N   0.90368 0.09418 0.00189 0.00025 ( 1)
 115 P   0.83086 0.16643 0.00220 0.00051 ( 1)
 116 T   0.99698 0.00031 0.00270 0.00000 ( 1)
 117 L   0.28352 0.51957 0.16937 0.02754 ( 2)
 118 R   0.97583 0.01344 0.01059 0.00013 ( 1)
 119 L   0.00005 0.69099 0.00008 0.30888 ( 2)
 120 L   0.66513 0.32983 0.00329 0.00175 ( 1)
 121 Q   0.05726 0.93414 0.00048 0.00812 ( 2)
 122 Q   0.96882 0.02713 0.00393 0.00012 ( 1)
 123 P   0.99713 0.00023 0.00263 0.00000 ( 1)
 124 W   0.01784 0.97333 0.00015 0.00867 ( 2)
 125 P   0.86838 0.12793 0.00316 0.00052 ( 1)
 126 A   0.38535 0.60546 0.00351 0.00569 ( 2)
 127 P   0.59774 0.39847 0.00218 0.00161 ( 1)
 128 P   0.74093 0.25533 0.00270 0.00103 ( 1)
 129 F   0.99171 0.00611 0.00217 0.00002 ( 1)
 130 N   0.38679 0.61069 0.00082 0.00170 ( 2)
 131 L   0.98925 0.00583 0.00488 0.00003 ( 1)
 132 R   0.98102 0.01622 0.00271 0.00005 ( 1)
 133 G   0.88863 0.10878 0.00226 0.00034 ( 1)
 134 V   0.56448 0.43266 0.00147 0.00139 ( 1)
 135 E   0.99613 0.00088 0.00299 0.00000 ( 1)
 136 G   0.99527 0.00077 0.00396 0.00000 ( 1)
 137 V   0.99610 0.00066 0.00324 0.00000 ( 1)
 138 E   0.99688 0.00014 0.00298 0.00000 ( 1)
 139 F   0.99743 0.00038 0.00219 0.00000 ( 1)
 140 S   0.49173 0.50450 0.00176 0.00200 ( 2)
 141 T   0.62054 0.37584 0.00213 0.00149 ( 1)
 142 P   0.85541 0.14186 0.00228 0.00045 ( 1)
 143 T   0.00649 0.05930 0.89943 0.03478 ( 3)
 144 -   0.82822 0.15362 0.01531 0.00284 ( 1)
 145 N   0.75865 0.23866 0.00198 0.00070 ( 1)
 146 S   0.96686 0.02621 0.00674 0.00019 ( 1)
 147 F   0.06001 0.93722 0.00013 0.00263 ( 2)
 148 T   0.94391 0.04696 0.00870 0.00044 ( 1)
 149 Y   0.99716 0.00012 0.00272 0.00000 ( 1)
 150 R   0.99302 0.00033 0.00665 0.00000 ( 1)
 151 G   0.97722 0.01841 0.00429 0.00008 ( 1)
 152 R   0.99431 0.00248 0.00319 0.00001 ( 1)
 153 G   0.99729 0.00021 0.00250 0.00000 ( 1)
 154 T   0.06452 0.92620 0.00059 0.00870 ( 2)
 155 V   0.96328 0.03423 0.00240 0.00010 ( 1)
 156 D   0.99788 0.00005 0.00207 0.00000 ( 1)
 157 S   0.99706 0.00028 0.00266 0.00000 ( 1)
 158 L   0.97692 0.01798 0.00500 0.00010 ( 1)
 159 T   0.79641 0.20039 0.00247 0.00074 ( 1)
 160 E   0.99142 0.00128 0.00729 0.00001 ( 1)
 161 L   0.99361 0.00147 0.00491 0.00001 ( 1)
 162 P   0.98706 0.00340 0.00950 0.00003 ( 1)
 163 P   0.99720 0.00016 0.00263 0.00000 ( 1)
 164 E   0.16544 0.82724 0.00117 0.00614 ( 2)
 165 D   0.99201 0.00582 0.00216 0.00002 ( 1)
 166 N   0.00424 0.99261 0.00001 0.00314 ( 2)
 167 S   0.78959 0.20812 0.00169 0.00060 ( 1)
 168 V   0.97117 0.01979 0.00885 0.00019 ( 1)
 169 P   0.95110 0.04494 0.00375 0.00022 ( 1)
 170 P   0.99720 0.00016 0.00263 0.00000 ( 1)
 171 R   0.01203 0.97704 0.00013 0.01080 ( 2)
 172 E   0.48280 0.51373 0.00161 0.00185 ( 2)
 173 G   0.87841 0.11757 0.00350 0.00052 ( 1)
 174 Y   0.99706 0.00022 0.00272 0.00000 ( 1)
 175 S   0.99789 0.00005 0.00206 0.00000 ( 1)
 176 H   0.99583 0.00186 0.00231 0.00000 ( 1)
 177 R   0.99693 0.00031 0.00275 0.00000 ( 1)
 178 L   0.99378 0.00130 0.00491 0.00001 ( 1)
 179 C   0.99668 0.00067 0.00264 0.00000 ( 1)
 180 H   0.99766 0.00006 0.00228 0.00000 ( 1)
 181 A   0.99638 0.00031 0.00331 0.00000 ( 1)
 182 T   0.99617 0.00111 0.00271 0.00000 ( 1)
 183 F   0.99777 0.00005 0.00218 0.00000 ( 1)
 184 V   0.98997 0.00755 0.00246 0.00002 ( 1)
 185 Q   0.91907 0.07678 0.00380 0.00036 ( 1)
 186 R   0.97739 0.01937 0.00317 0.00007 ( 1)
 187 S   0.98943 0.00790 0.00264 0.00003 ( 1)
 188 G   0.99165 0.00439 0.00395 0.00002 ( 1)
 189 T   0.82746 0.16322 0.00773 0.00160 ( 1)
 190 P   0.99576 0.00024 0.00399 0.00000 ( 1)
 191 F   0.58579 0.41166 0.00137 0.00118 ( 1)
 192 L   0.98987 0.00520 0.00490 0.00003 ( 1)
 193 T   0.82847 0.16798 0.00286 0.00069 ( 1)
 194 T   0.99473 0.00255 0.00271 0.00001 ( 1)
 195 G   0.99682 0.00069 0.00249 0.00000 ( 1)
 196 V   0.00002 0.74934 0.00012 0.25052 ( 2)
 197 V   0.98876 0.00798 0.00323 0.00003 ( 1)
 198 F   0.99679 0.00102 0.00218 0.00000 ( 1)
 199 S   0.99585 0.00149 0.00265 0.00000 ( 1)
 200 W   0.98533 0.00622 0.00839 0.00005 ( 1)
 201 T   0.99046 0.00075 0.00879 0.00001 ( 1)
 202 H   0.99752 0.00020 0.00228 0.00000 ( 1)
 203 R   0.99709 0.00015 0.00275 0.00000 ( 1)
 204 S   0.99766 0.00028 0.00206 0.00000 ( 1)


lnL = -2861.041722

Bayes Empirical Bayes (BEB) probabilities for 4 classes (class)
(amino acids refer to 1st sequence: BT_Cry1Ca11)

   1 -   0.44962 0.47536 0.03822 0.03681 ( 2)
   2 -   0.91980 0.00518 0.07463 0.00039 ( 1)
   3 -   0.89029 0.03469 0.07242 0.00260 ( 1)
   4 G   0.90090 0.04551 0.05102 0.00257 ( 1)
   5 Q   0.94042 0.00063 0.05891 0.00004 ( 1)
   6 L   0.93666 0.00245 0.06073 0.00015 ( 1)
   7 T   0.94439 0.00059 0.05499 0.00003 ( 1)
   8 R   0.93259 0.00322 0.06397 0.00021 ( 1)
   9 E   0.94438 0.00016 0.05546 0.00001 ( 1)
  10 V   0.48007 0.03217 0.48454 0.00322 ( 3)
  11 Y   0.94555 0.00013 0.05431 0.00001 ( 1)
  12 T   0.75781 0.17492 0.05530 0.01197 ( 1)
  13 D   0.93418 0.00040 0.06539 0.00003 ( 1)
  14 P   0.93359 0.00957 0.05627 0.00057 ( 1)
  15 L   0.93786 0.00146 0.06059 0.00009 ( 1)
  16 I   0.91042 0.03835 0.04911 0.00212 ( 1)
  17 N   0.46772 0.02023 0.50981 0.00225 ( 3)
  18 F   0.94111 0.00757 0.05090 0.00041 ( 1)
  19 N   0.94991 0.00007 0.05002 0.00000 ( 1)
  20 P   0.91688 0.02623 0.05534 0.00155 ( 1)
  21 Q   0.25649 0.67562 0.01967 0.04822 ( 2)
  22 L   0.93808 0.00123 0.06061 0.00008 ( 1)
  23 Q   0.42987 0.50245 0.03241 0.03527 ( 2)
  24 S   0.94611 0.00074 0.05312 0.00004 ( 1)
  25 V   0.83233 0.11157 0.04956 0.00654 ( 1)
  26 A   0.94471 0.00327 0.05183 0.00018 ( 1)
  27 Q   0.86351 0.07730 0.05447 0.00472 ( 1)
  28 L   0.92216 0.01710 0.05967 0.00107 ( 1)
  29 P   0.94646 0.00023 0.05330 0.00001 ( 1)
  30 T   0.94170 0.00680 0.05112 0.00038 ( 1)
  31 F   0.94860 0.00012 0.05127 0.00001 ( 1)
  32 N   0.78112 0.15405 0.05464 0.01019 ( 1)
  33 V   0.94007 0.00740 0.05212 0.00041 ( 1)
  34 M   0.93320 0.00983 0.05639 0.00058 ( 1)
  35 E   0.94315 0.00020 0.05663 0.00001 ( 1)
  36 S   0.93398 0.00116 0.06478 0.00008 ( 1)
  37 S   0.39557 0.33682 0.22801 0.03960 ( 1)
  38 A   0.92908 0.01454 0.05552 0.00085 ( 1)
  39 I   0.94898 0.00015 0.05086 0.00001 ( 1)
  40 R   0.94391 0.00027 0.05581 0.00002 ( 1)
  41 N   0.87884 0.01652 0.10331 0.00133 ( 1)
  42 P   0.94646 0.00022 0.05330 0.00001 ( 1)
  43 H   0.94719 0.00007 0.05273 0.00000 ( 1)
  44 L   0.93676 0.00253 0.06055 0.00016 ( 1)
  45 F   0.85488 0.09265 0.04732 0.00516 ( 1)
  46 D   0.94121 0.00760 0.05077 0.00042 ( 1)
  47 I   0.67664 0.01668 0.30509 0.00159 ( 1)
  48 L   0.93183 0.00172 0.06634 0.00012 ( 1)
  49 N   0.94060 0.00900 0.04991 0.00049 ( 1)
  50 N   0.42600 0.52049 0.02396 0.02955 ( 2)
  51 L   0.94299 0.00346 0.05335 0.00020 ( 1)
  52 T   0.94424 0.00074 0.05498 0.00004 ( 1)
  53 I   0.94447 0.00055 0.05495 0.00003 ( 1)
  54 F   0.94650 0.00162 0.05179 0.00009 ( 1)
  55 T   0.94328 0.00057 0.05612 0.00003 ( 1)
  56 D   0.94883 0.00010 0.05106 0.00001 ( 1)
  57 W   0.88966 0.04339 0.06401 0.00294 ( 1)
  58 F   0.89121 0.05692 0.04873 0.00314 ( 1)
  59 S   0.93969 0.00994 0.04983 0.00054 ( 1)
  60 V   0.93544 0.01241 0.05147 0.00069 ( 1)
  61 G   0.93841 0.00321 0.05820 0.00019 ( 1)
  62 R   0.91591 0.01484 0.06822 0.00103 ( 1)
  63 N   0.93218 0.00363 0.06395 0.00024 ( 1)
  64 F   0.35902 0.58655 0.02062 0.03381 ( 2)
  65 Y   0.94429 0.00139 0.05424 0.00008 ( 1)
  66 W   0.92791 0.00519 0.06654 0.00035 ( 1)
  67 G   0.94111 0.00051 0.05835 0.00003 ( 1)
  68 G   0.94005 0.00157 0.05829 0.00009 ( 1)
  69 H   0.94687 0.00040 0.05272 0.00002 ( 1)
  70 R   0.69942 0.23616 0.04882 0.01560 ( 1)
  71 V   0.93774 0.00658 0.05531 0.00038 ( 1)
  72 I   0.49646 0.44724 0.02975 0.02655 ( 1)
  73 S   0.94475 0.00210 0.05303 0.00012 ( 1)
  74 S   0.27295 0.64954 0.02477 0.05274 ( 2)
  75 L   0.90194 0.03250 0.06308 0.00248 ( 1)
  76 I   0.93222 0.01388 0.05311 0.00079 ( 1)
  77 G   0.94111 0.00051 0.05835 0.00003 ( 1)
  78 G   0.90447 0.03712 0.05616 0.00225 ( 1)
  79 G   0.60735 0.33732 0.03571 0.01962 ( 1)
  80 N   0.93387 0.00167 0.06435 0.00011 ( 1)
  81 -   0.86461 0.06037 0.07050 0.00453 ( 1)
  82 -   0.81529 0.10969 0.06677 0.00825 ( 1)
  83 I   0.94611 0.00026 0.05362 0.00001 ( 1)
  84 T   0.52216 0.42090 0.03172 0.02521 ( 1)
  85 S   0.93708 0.00972 0.05265 0.00055 ( 1)
  86 P   0.94653 0.00016 0.05330 0.00001 ( 1)
  87 I   0.88428 0.06132 0.05088 0.00352 ( 1)
  88 Y   0.94542 0.00027 0.05430 0.00002 ( 1)
  89 G   0.94115 0.00047 0.05835 0.00003 ( 1)
  90 R   0.94040 0.00376 0.05562 0.00022 ( 1)
  91 E   0.93430 0.00077 0.06489 0.00005 ( 1)
  92 A   0.81743 0.11513 0.05957 0.00787 ( 1)
  93 N   0.94495 0.00286 0.05203 0.00016 ( 1)
  94 Q   0.74196 0.19094 0.05406 0.01304 ( 1)
  95 E   0.93260 0.00246 0.06478 0.00016 ( 1)
  96 P   0.10625 0.83610 0.00657 0.05108 ( 2)
  97 P   0.94259 0.00061 0.05676 0.00004 ( 1)
  98 R   0.88980 0.05417 0.05286 0.00317 ( 1)
  99 S   0.01897 0.92251 0.00119 0.05733 ( 2)
 100 F   0.92392 0.02466 0.05007 0.00136 ( 1)
 101 T   0.18777 0.75566 0.01121 0.04537 ( 2)
 102 F   0.91195 0.03659 0.04946 0.00201 ( 1)
 103 N   0.74818 0.20012 0.04070 0.01101 ( 1)
 104 G   0.80539 0.12716 0.05871 0.00874 ( 1)
 105 -   0.68791 0.23707 0.05703 0.01799 ( 1)
 106 -   0.76588 0.15909 0.06302 0.01200 ( 1)
 107 P   0.94059 0.00155 0.05776 0.00009 ( 1)
 108 V   0.94673 0.00084 0.05238 0.00005 ( 1)
 109 F   0.94792 0.00080 0.05124 0.00004 ( 1)
 110 R   0.92573 0.01007 0.06354 0.00066 ( 1)
 111 T   0.94801 0.00053 0.05143 0.00003 ( 1)
 112 L   0.93828 0.00103 0.06062 0.00006 ( 1)
 113 S   0.93920 0.00096 0.05978 0.00006 ( 1)
 114 N   0.90637 0.04337 0.04791 0.00235 ( 1)
 115 P   0.87342 0.07294 0.04951 0.00413 ( 1)
 116 T   0.94819 0.00035 0.05144 0.00002 ( 1)
 117 L   0.34738 0.22753 0.39208 0.03301 ( 3)
 118 R   0.93161 0.00921 0.05861 0.00057 ( 1)
 119 L   0.00056 0.78928 0.00050 0.20966 ( 2)
 120 L   0.79018 0.14872 0.05174 0.00936 ( 1)
 121 Q   0.18462 0.74738 0.01426 0.05373 ( 2)
 122 Q   0.92614 0.01486 0.05809 0.00090 ( 1)
 123 P   0.94643 0.00026 0.05330 0.00001 ( 1)
 124 W   0.05933 0.87227 0.00466 0.06374 ( 2)
 125 P   0.86400 0.07892 0.05239 0.00469 ( 1)
 126 A   0.55443 0.37773 0.04148 0.02637 ( 1)
 127 P   0.69066 0.25164 0.04258 0.01512 ( 1)
 128 P   0.78395 0.15868 0.04790 0.00947 ( 1)
 129 F   0.94342 0.00527 0.05102 0.00029 ( 1)
 130 N   0.56009 0.38764 0.03065 0.02162 ( 1)
 131 L   0.93513 0.00418 0.06043 0.00026 ( 1)
 132 R   0.93609 0.00895 0.05444 0.00051 ( 1)
 133 G   0.88737 0.05883 0.05044 0.00335 ( 1)
 134 V   0.72426 0.22225 0.04089 0.01260 ( 1)
 135 E   0.94367 0.00085 0.05543 0.00005 ( 1)
 136 G   0.94087 0.00076 0.05833 0.00005 ( 1)
 137 V   0.94367 0.00067 0.05562 0.00004 ( 1)
 138 E   0.94438 0.00016 0.05546 0.00001 ( 1)
 139 F   0.94830 0.00041 0.05127 0.00002 ( 1)
 140 S   0.68138 0.26237 0.04082 0.01543 ( 1)
 141 T   0.75966 0.18455 0.04499 0.01081 ( 1)
 142 P   0.88145 0.06489 0.04998 0.00368 ( 1)
 143 T   0.03889 0.11036 0.82141 0.02935 ( 3)
 144 -   0.81249 0.11249 0.06656 0.00846 ( 1)
 145 N   0.83796 0.10993 0.04607 0.00604 ( 1)
 146 S   0.92037 0.01476 0.06390 0.00097 ( 1)
 147 F   0.22135 0.72351 0.01286 0.04227 ( 2)
 148 T   0.90699 0.02547 0.06581 0.00173 ( 1)
 149 Y   0.94555 0.00013 0.05431 0.00001 ( 1)
 150 R   0.93575 0.00034 0.06389 0.00002 ( 1)
 151 G   0.93042 0.01033 0.05862 0.00063 ( 1)
 152 R   0.94226 0.00191 0.05572 0.00011 ( 1)
 153 G   0.94638 0.00023 0.05338 0.00001 ( 1)
 154 T   0.20236 0.72929 0.01570 0.05265 ( 2)
 155 V   0.92868 0.01913 0.05113 0.00106 ( 1)
 156 D   0.94888 0.00006 0.05106 0.00000 ( 1)
 157 S   0.94655 0.00030 0.05313 0.00002 ( 1)
 158 L   0.92832 0.01059 0.06044 0.00066 ( 1)
 159 T   0.85445 0.09279 0.04755 0.00521 ( 1)
 160 E   0.93391 0.00119 0.06482 0.00008 ( 1)
 161 L   0.93792 0.00139 0.06060 0.00009 ( 1)
 162 P   0.92901 0.00307 0.06772 0.00021 ( 1)
 163 P   0.94650 0.00019 0.05330 0.00001 ( 1)
 164 E   0.37089 0.56297 0.02728 0.03886 ( 2)
 165 D   0.94490 0.00368 0.05121 0.00020 ( 1)
 166 N   0.02239 0.92143 0.00132 0.05485 ( 2)
 167 S   0.85158 0.09732 0.04575 0.00535 ( 1)
 168 V   0.91885 0.01375 0.06647 0.00094 ( 1)
 169 P   0.92063 0.02442 0.05353 0.00141 ( 1)
 170 P   0.94650 0.00019 0.05330 0.00001 ( 1)
 171 R   0.05960 0.87016 0.00484 0.06540 ( 2)
 172 E   0.68106 0.26172 0.04166 0.01557 ( 1)
 173 G   0.87923 0.06216 0.05483 0.00378 ( 1)
 174 Y   0.94544 0.00024 0.05431 0.00001 ( 1)
 175 S   0.94962 0.00006 0.05032 0.00000 ( 1)
 176 H   0.94549 0.00174 0.05268 0.00010 ( 1)
 177 R   0.94475 0.00033 0.05490 0.00002 ( 1)
 178 L   0.93808 0.00124 0.06060 0.00008 ( 1)
 179 C   0.94516 0.00067 0.05414 0.00004 ( 1)
 180 H   0.94719 0.00007 0.05273 0.00000 ( 1)
 181 A   0.94417 0.00034 0.05547 0.00002 ( 1)
 182 T   0.94741 0.00112 0.05141 0.00006 ( 1)
 183 F   0.94866 0.00006 0.05127 0.00000 ( 1)
 184 V   0.94247 0.00541 0.05182 0.00030 ( 1)
 185 Q   0.90177 0.03899 0.05685 0.00239 ( 1)
 186 R   0.93070 0.01333 0.05519 0.00078 ( 1)
 187 S   0.94210 0.00472 0.05292 0.00027 ( 1)
 188 G   0.93831 0.00329 0.05820 0.00020 ( 1)
 189 T   0.84807 0.08461 0.06152 0.00579 ( 1)
 190 P   0.94363 0.00027 0.05609 0.00002 ( 1)
 191 F   0.76003 0.18743 0.04209 0.01045 ( 1)
 192 L   0.93547 0.00383 0.06046 0.00024 ( 1)
 193 T   0.84088 0.10356 0.04950 0.00606 ( 1)
 194 T   0.94649 0.00202 0.05138 0.00011 ( 1)
 195 G   0.94592 0.00069 0.05335 0.00004 ( 1)
 196 V   0.00028 0.78754 0.00079 0.21139 ( 2)
 197 V   0.93836 0.00595 0.05534 0.00035 ( 1)
 198 F   0.94783 0.00088 0.05123 0.00005 ( 1)
 199 S   0.94561 0.00124 0.05308 0.00007 ( 1)
 200 W   0.92791 0.00519 0.06654 0.00035 ( 1)
 201 T   0.93224 0.00077 0.06694 0.00005 ( 1)
 202 H   0.94705 0.00022 0.05272 0.00001 ( 1)
 203 R   0.94491 0.00017 0.05491 0.00001 ( 1)
 204 S   0.94936 0.00032 0.05030 0.00002 ( 1)

