Supplemental results for CODEML (seqf: algn  treef: tree)


dN/dS (w) for site classes (K=4)

site class             0        1       2a       2b
proportion       0.47467  0.52420  0.00054  0.00059
background w     0.08684  1.00000  0.08684  1.00000
foreground w     0.08684  1.00000  1.00000  1.00000

Naive Empirical Bayes (NEB) probabilities for 4 classes
(amino acids refer to 1st sequence: BT_Cry24Ca1)

   1 -   0.53303 0.46584 0.00060 0.00053 ( 1)
   2 -   0.47467 0.52420 0.00054 0.00059 ( 2)
   3 A   0.00032 0.99855 0.00000 0.00113 ( 2)
   4 D   0.99883 0.00004 0.00113 0.00000 ( 1)
   5 K   0.99778 0.00109 0.00113 0.00000 ( 1)
   6 I   0.99824 0.00062 0.00113 0.00000 ( 1)
   7 T   0.99846 0.00040 0.00113 0.00000 ( 1)
   8 Q   0.99861 0.00026 0.00113 0.00000 ( 1)
   9 I   0.99881 0.00005 0.00113 0.00000 ( 1)
  10 P   0.99645 0.00242 0.00113 0.00000 ( 1)
  11 A   0.99858 0.00029 0.00113 0.00000 ( 1)
  12 V   0.99811 0.00075 0.00113 0.00000 ( 1)
  13 K   0.99874 0.00013 0.00113 0.00000 ( 1)
  14 T   0.10376 0.89511 0.00012 0.00102 ( 2)
  15 W   0.00056 0.99831 0.00000 0.00113 ( 2)
  16 E   0.00001 0.99886 0.00000 0.00113 ( 2)
  17 I   0.04869 0.95017 0.00006 0.00108 ( 2)
  18 R   0.00006 0.99880 0.00000 0.00113 ( 2)
  19 G   0.00142 0.99745 0.00000 0.00113 ( 2)
  20 T   0.00119 0.99767 0.00000 0.00113 ( 2)
  21 -   0.47467 0.52420 0.00054 0.00059 ( 2)
  22 S   0.02029 0.97857 0.00002 0.00111 ( 2)
  23 S   0.95673 0.04214 0.00108 0.00005 ( 1)
  24 V   0.99872 0.00014 0.00113 0.00000 ( 1)
  25 V   0.80500 0.19387 0.00091 0.00022 ( 1)
  26 A   0.89701 0.10186 0.00102 0.00012 ( 1)
  27 G   0.99818 0.00069 0.00113 0.00000 ( 1)
  28 P   0.99883 0.00003 0.00113 0.00000 ( 1)
  29 G   0.99883 0.00004 0.00113 0.00000 ( 1)
  30 N   0.01377 0.98509 0.00002 0.00112 ( 2)
  31 T   0.99876 0.00011 0.00113 0.00000 ( 1)
  32 G   0.99877 0.00010 0.00113 0.00000 ( 1)
  33 G   0.99867 0.00020 0.00113 0.00000 ( 1)
  34 N   0.98345 0.01541 0.00112 0.00002 ( 1)
  35 L   0.99718 0.00169 0.00113 0.00000 ( 1)
  36 V   0.99284 0.00602 0.00113 0.00001 ( 1)
  37 K   0.00256 0.99631 0.00000 0.00113 ( 2)
  38 M   0.78163 0.21724 0.00089 0.00025 ( 1)
  39 S   0.99307 0.00579 0.00113 0.00001 ( 1)
  40 Y   0.00188 0.99699 0.00000 0.00113 ( 2)
  41 H   0.00123 0.99764 0.00000 0.00113 ( 2)
  42 S   0.00025 0.99862 0.00000 0.00113 ( 2)
  43 V   0.00002 0.99885 0.00000 0.00113 ( 2)
  44 -   0.47467 0.52420 0.00054 0.00059 ( 2)
  45 W   0.01202 0.98685 0.00001 0.00112 ( 2)
  46 N   0.00622 0.99264 0.00001 0.00113 ( 2)
  47 I   0.99682 0.00205 0.00113 0.00000 ( 1)
  48 K   0.00163 0.99724 0.00000 0.00113 ( 2)
  49 F   0.71038 0.28848 0.00081 0.00033 ( 1)
  50 -   0.00549 0.99338 0.00001 0.00113 ( 2)
  51 -   0.02208 0.97679 0.00003 0.00111 ( 2)
  52 -   0.74268 0.25619 0.00084 0.00029 ( 1)
  53 -   0.70286 0.29601 0.00080 0.00034 ( 1)
  54 -   0.72758 0.27129 0.00083 0.00031 ( 1)
  55 -   0.55870 0.44017 0.00063 0.00050 ( 1)
  56 -   0.01006 0.98881 0.00001 0.00112 ( 2)
  57 T   0.00002 0.99885 0.00000 0.00113 ( 2)
  58 C   0.00000 0.99887 0.00000 0.00113 ( 2)
  59 Q   0.00249 0.99638 0.00000 0.00113 ( 2)
  60 Q   0.00000 0.99886 0.00000 0.00113 ( 2)
  61 L   0.00000 0.99886 0.00000 0.00113 ( 2)
  62 K   0.02162 0.97725 0.00002 0.00111 ( 2)
  63 R   0.00233 0.99654 0.00000 0.00113 ( 2)
  64 Y   0.98457 0.01430 0.00112 0.00002 ( 1)
  65 R   0.00014 0.99873 0.00000 0.00113 ( 2)
  66 V   0.75900 0.23987 0.00086 0.00027 ( 1)
  67 R   0.99556 0.00331 0.00113 0.00000 ( 1)
  68 I   0.99763 0.00123 0.00113 0.00000 ( 1)
  69 R   0.99727 0.00159 0.00113 0.00000 ( 1)
  70 Y   0.99884 0.00003 0.00113 0.00000 ( 1)
  71 A   0.99870 0.00017 0.00113 0.00000 ( 1)
  72 S   0.99450 0.00437 0.00113 0.00000 ( 1)
  73 D   0.61726 0.38160 0.00070 0.00043 ( 1)
  74 G   0.00011 0.99876 0.00000 0.00113 ( 2)
  75 N   0.77124 0.22762 0.00087 0.00026 ( 1)
  76 C   0.67715 0.32172 0.00077 0.00036 ( 1)
  77 Q   0.13166 0.86720 0.00015 0.00098 ( 2)
  78 L   0.98608 0.01279 0.00112 0.00001 ( 1)
  79 A   0.00000 0.99886 0.00000 0.00113 ( 2)
  80 M   0.47772 0.52115 0.00054 0.00059 ( 2)
  81 R   0.01232 0.98655 0.00001 0.00112 ( 2)
  82 R   0.93375 0.06512 0.00106 0.00007 ( 1)
  83 W   0.00126 0.99761 0.00000 0.00113 ( 2)
  84 R   0.00022 0.99865 0.00000 0.00113 ( 2)
  85 G   0.01650 0.98237 0.00002 0.00111 ( 2)
  86 G   0.00002 0.99885 0.00000 0.00113 ( 2)
  87 P   0.20337 0.79550 0.00023 0.00090 ( 2)
  88 G   0.00427 0.99460 0.00000 0.00113 ( 2)
  89 Y   0.00005 0.99881 0.00000 0.00113 ( 2)
  90 -   0.00677 0.99209 0.00001 0.00112 ( 2)
  91 -   0.47467 0.52420 0.00054 0.00059 ( 2)
  92 V   0.00081 0.99806 0.00000 0.00113 ( 2)
  93 Q   0.00018 0.99869 0.00000 0.00113 ( 2)
  94 E   0.01271 0.98616 0.00001 0.00112 ( 2)
  95 A   0.00193 0.99694 0.00000 0.00113 ( 2)
  96 R   0.03094 0.96793 0.00004 0.00110 ( 2)
  97 H   0.92996 0.06891 0.00105 0.00008 ( 1)
  98 T   0.04776 0.95111 0.00005 0.00108 ( 2)
  99 V   0.92985 0.06901 0.00105 0.00008 ( 1)
 100 Q   0.00060 0.99827 0.00000 0.00113 ( 2)
 101 R   0.27284 0.72602 0.00031 0.00082 ( 2)
 102 T   0.96984 0.02903 0.00110 0.00003 ( 1)
 103 F   0.86053 0.13833 0.00098 0.00016 ( 1)
 104 S   0.85977 0.13910 0.00097 0.00016 ( 1)
 105 -   0.46514 0.53373 0.00053 0.00061 ( 2)
 106 -   0.47467 0.52420 0.00054 0.00059 ( 2)
 107 G   0.97563 0.02323 0.00111 0.00003 ( 1)
 108 S   0.15488 0.84399 0.00018 0.00096 ( 2)
 109 M   0.98379 0.01507 0.00112 0.00002 ( 1)
 110 T   0.99253 0.00633 0.00113 0.00001 ( 1)
 111 Y   0.99843 0.00044 0.00113 0.00000 ( 1)
 112 D   0.99552 0.00335 0.00113 0.00000 ( 1)
 113 S   0.00076 0.99811 0.00000 0.00113 ( 2)
 114 F   0.99880 0.00007 0.00113 0.00000 ( 1)
 115 K   0.98579 0.01308 0.00112 0.00001 ( 1)
 116 Y   0.99865 0.00022 0.00113 0.00000 ( 1)
 117 L   0.05094 0.94793 0.00006 0.00107 ( 2)
 118 D   0.99492 0.00395 0.00113 0.00000 ( 1)
 119 I   0.07518 0.92369 0.00009 0.00105 ( 2)
 120 F   0.71207 0.28680 0.00081 0.00033 ( 1)
 121 T   0.00331 0.99556 0.00000 0.00113 ( 2)
 122 M   0.00294 0.99593 0.00000 0.00113 ( 2)
 123 P   0.00000 0.99887 0.00000 0.00113 ( 2)
 124 A   0.30033 0.69854 0.00034 0.00079 ( 2)
 125 E   0.01037 0.98850 0.00001 0.00112 ( 2)
 126 D   0.23780 0.76107 0.00027 0.00086 ( 2)
 127 Y   0.00000 0.99887 0.00000 0.00113 ( 2)
 128 T   0.00037 0.99850 0.00000 0.00113 ( 2)
 129 F   0.08285 0.91602 0.00009 0.00104 ( 2)
 130 N   0.00000 0.99887 0.00000 0.00113 ( 2)
 131 L   0.34315 0.65572 0.00039 0.00074 ( 2)
 132 T   0.04227 0.95660 0.00005 0.00108 ( 2)
 133 I   0.09125 0.90762 0.00010 0.00103 ( 2)
 134 -   0.01750 0.98137 0.00002 0.00111 ( 2)
 135 -   0.70809 0.29077 0.00080 0.00033 ( 1)
 136 D   0.00009 0.99878 0.00000 0.00113 ( 2)
 137 L   0.00107 0.99780 0.00000 0.00113 ( 2)
 138 E   0.00105 0.99781 0.00000 0.00113 ( 2)
 139 S   0.07023 0.92863 0.00008 0.00105 ( 2)
 140 G   0.99734 0.00152 0.00113 0.00000 ( 1)
 141 G   0.96986 0.02901 0.00110 0.00003 ( 1)
 142 A   0.00236 0.99651 0.00000 0.00113 ( 2)
 143 L   0.94905 0.04982 0.00108 0.00006 ( 1)
 144 Y   0.00919 0.98968 0.00001 0.00112 ( 2)
 145 I   0.97245 0.02642 0.00110 0.00003 ( 1)
 146 D   0.99875 0.00012 0.00113 0.00000 ( 1)
 147 K   0.99814 0.00073 0.00113 0.00000 ( 1)
 148 I   0.99694 0.00193 0.00113 0.00000 ( 1)
 149 E   0.99884 0.00003 0.00113 0.00000 ( 1)
 150 F   0.99798 0.00088 0.00113 0.00000 ( 1)
 151 -   0.99879 0.00008 0.00113 0.00000 ( 1)


lnL = -2956.767200

Bayes Empirical Bayes (BEB) probabilities for 4 classes (class)
(amino acids refer to 1st sequence: BT_Cry24Ca1)

   1 -   0.29116 0.37515 0.15064 0.18306 ( 2)
   2 -   0.29284 0.37347 0.15098 0.18271 ( 2)
   3 A   0.00025 0.66606 0.00015 0.33354 ( 2)
   4 D   0.66629 0.00002 0.33368 0.00001 ( 1)
   5 K   0.66543 0.00088 0.33326 0.00042 ( 1)
   6 I   0.66597 0.00034 0.33352 0.00017 ( 1)
   7 T   0.66609 0.00022 0.33358 0.00011 ( 1)
   8 Q   0.66616 0.00015 0.33361 0.00007 ( 1)
   9 I   0.66629 0.00003 0.33367 0.00001 ( 1)
  10 P   0.66480 0.00151 0.33296 0.00073 ( 1)
  11 A   0.66616 0.00016 0.33361 0.00008 ( 1)
  12 V   0.66589 0.00042 0.33348 0.00021 ( 1)
  13 K   0.66624 0.00007 0.33365 0.00003 ( 1)
  14 T   0.02523 0.64107 0.01458 0.31913 ( 2)
  15 W   0.00039 0.66592 0.00024 0.33345 ( 2)
  16 E   0.00001 0.66630 0.00001 0.33368 ( 2)
  17 I   0.01379 0.65253 0.00787 0.32582 ( 2)
  18 R   0.00007 0.66624 0.00004 0.33365 ( 2)
  19 G   0.00062 0.66569 0.00037 0.33331 ( 2)
  20 T   0.00078 0.66553 0.00047 0.33322 ( 2)
  21 -   0.29284 0.37347 0.15098 0.18271 ( 2)
  22 S   0.00618 0.66013 0.00361 0.33008 ( 2)
  23 S   0.61038 0.05593 0.30716 0.02653 ( 1)
  24 V   0.66624 0.00007 0.33365 0.00004 ( 1)
  25 V   0.37167 0.29465 0.19215 0.14154 ( 1)
  26 A   0.48176 0.18455 0.24580 0.08789 ( 1)
  27 G   0.66592 0.00040 0.33350 0.00019 ( 1)
  28 P   0.66629 0.00002 0.33368 0.00001 ( 1)
  29 G   0.66630 0.00002 0.33368 0.00001 ( 1)
  30 N   0.00528 0.66095 0.00325 0.33052 ( 2)
  31 T   0.66626 0.00006 0.33366 0.00003 ( 1)
  32 G   0.66626 0.00005 0.33366 0.00003 ( 1)
  33 G   0.66620 0.00011 0.33363 0.00005 ( 1)
  34 N   0.64652 0.01979 0.32430 0.00938 ( 1)
  35 L   0.66529 0.00102 0.33319 0.00050 ( 1)
  36 V   0.66100 0.00531 0.33115 0.00254 ( 1)
  37 K   0.00131 0.66501 0.00078 0.33290 ( 2)
  38 M   0.38886 0.27745 0.20040 0.13328 ( 1)
  39 S   0.65801 0.00830 0.32976 0.00392 ( 1)
  40 Y   0.00080 0.66551 0.00048 0.33321 ( 2)
  41 H   0.00077 0.66554 0.00047 0.33322 ( 2)
  42 S   0.00024 0.66607 0.00015 0.33354 ( 2)
  43 V   0.00002 0.66629 0.00001 0.33367 ( 2)
  44 -   0.29284 0.37347 0.15098 0.18271 ( 2)
  45 W   0.00410 0.66221 0.00241 0.33128 ( 2)
  46 N   0.00255 0.66374 0.00152 0.33218 ( 2)
  47 I   0.66478 0.00154 0.33294 0.00074 ( 1)
  48 K   0.00085 0.66547 0.00051 0.33318 ( 2)
  49 F   0.27900 0.38731 0.14626 0.18743 ( 2)
  50 -   0.00252 0.66379 0.00151 0.33219 ( 2)
  51 -   0.00676 0.65955 0.00390 0.32979 ( 2)
  52 -   0.48147 0.18484 0.24429 0.08940 ( 1)
  53 -   0.45268 0.21363 0.23021 0.10348 ( 1)
  54 -   0.47014 0.19617 0.23876 0.09493 ( 1)
  55 -   0.35022 0.31608 0.17965 0.15404 ( 1)
  56 -   0.00305 0.66326 0.00174 0.33195 ( 2)
  57 T   0.00002 0.66629 0.00001 0.33368 ( 2)
  58 C   0.00000 0.66631 0.00000 0.33369 ( 2)
  59 Q   0.00123 0.66508 0.00073 0.33295 ( 2)
  60 Q   0.00000 0.66631 0.00000 0.33369 ( 2)
  61 L   0.00000 0.66631 0.00000 0.33369 ( 2)
  62 K   0.00747 0.65885 0.00445 0.32923 ( 2)
  63 R   0.00139 0.66492 0.00084 0.33285 ( 2)
  64 Y   0.64713 0.01918 0.32460 0.00908 ( 1)
  65 R   0.00005 0.66626 0.00003 0.33366 ( 2)
  66 V   0.39212 0.27420 0.20173 0.13195 ( 1)
  67 R   0.66431 0.00200 0.33272 0.00097 ( 1)
  68 I   0.66543 0.00088 0.33326 0.00043 ( 1)
  69 R   0.66534 0.00097 0.33322 0.00047 ( 1)
  70 Y   0.66630 0.00002 0.33368 0.00001 ( 1)
  71 A   0.66622 0.00009 0.33364 0.00004 ( 1)
  72 S   0.66094 0.00537 0.33114 0.00255 ( 1)
  73 D   0.16781 0.49850 0.09042 0.24326 ( 2)
  74 G   0.00009 0.66622 0.00005 0.33363 ( 2)
  75 N   0.27677 0.38955 0.14545 0.18823 ( 2)
  76 C   0.25883 0.40748 0.13608 0.19761 ( 2)
  77 Q   0.03103 0.63529 0.01798 0.31571 ( 2)
  78 L   0.65396 0.01235 0.32781 0.00588 ( 1)
  79 A   0.00001 0.66630 0.00000 0.33369 ( 2)
  80 M   0.13557 0.53074 0.07344 0.26024 ( 2)
  81 R   0.00387 0.66244 0.00226 0.33143 ( 2)
  82 R   0.60204 0.06427 0.30304 0.03064 ( 1)
  83 W   0.00064 0.66567 0.00038 0.33331 ( 2)
  84 R   0.00011 0.66620 0.00006 0.33363 ( 2)
  85 G   0.00602 0.66029 0.00359 0.33009 ( 2)
  86 G   0.00002 0.66629 0.00001 0.33368 ( 2)
  87 P   0.05355 0.61276 0.02976 0.30393 ( 2)
  88 G   0.00177 0.66454 0.00106 0.33263 ( 2)
  89 Y   0.00005 0.66626 0.00003 0.33366 ( 2)
  90 -   0.00285 0.66346 0.00170 0.33199 ( 2)
  91 -   0.29284 0.37347 0.15098 0.18271 ( 2)
  92 V   0.00053 0.66578 0.00032 0.33337 ( 2)
  93 Q   0.00013 0.66618 0.00008 0.33361 ( 2)
  94 E   0.00556 0.66075 0.00335 0.33034 ( 2)
  95 A   0.00087 0.66545 0.00052 0.33317 ( 2)
  96 R   0.00942 0.65689 0.00551 0.32817 ( 2)
  97 H   0.57034 0.09597 0.28812 0.04557 ( 1)
  98 T   0.01363 0.65268 0.00810 0.32558 ( 2)
  99 V   0.53618 0.13014 0.27193 0.06176 ( 1)
 100 Q   0.00032 0.66599 0.00019 0.33350 ( 2)
 101 R   0.07272 0.59359 0.04014 0.29355 ( 2)
 102 T   0.63801 0.02830 0.32021 0.01347 ( 1)
 103 F   0.42631 0.24000 0.21895 0.11473 ( 1)
 104 S   0.48024 0.18607 0.24485 0.08884 ( 1)
 105 -   0.18378 0.48253 0.09726 0.23644 ( 2)
 106 -   0.29284 0.37347 0.15098 0.18271 ( 2)
 107 G   0.63554 0.03077 0.31910 0.01458 ( 1)
 108 S   0.03554 0.63078 0.02044 0.31325 ( 2)
 109 M   0.65149 0.01482 0.32664 0.00705 ( 1)
 110 T   0.66069 0.00562 0.33100 0.00269 ( 1)
 111 Y   0.66607 0.00024 0.33357 0.00012 ( 1)
 112 D   0.66268 0.00364 0.33195 0.00173 ( 1)
 113 S   0.00039 0.66592 0.00023 0.33346 ( 2)
 114 F   0.66628 0.00004 0.33367 0.00002 ( 1)
 115 K   0.64864 0.01767 0.32532 0.00837 ( 1)
 116 Y   0.66620 0.00012 0.33363 0.00006 ( 1)
 117 L   0.01400 0.65231 0.00815 0.32554 ( 2)
 118 D   0.66195 0.00437 0.33161 0.00208 ( 1)
 119 I   0.01905 0.64727 0.01099 0.32270 ( 2)
 120 F   0.28778 0.37853 0.15056 0.18313 ( 2)
 121 T   0.00141 0.66490 0.00084 0.33285 ( 2)
 122 M   0.00170 0.66461 0.00102 0.33266 ( 2)
 123 P   0.00000 0.66631 0.00000 0.33369 ( 2)
 124 A   0.08123 0.58508 0.04463 0.28906 ( 2)
 125 E   0.00506 0.66125 0.00305 0.33063 ( 2)
 126 D   0.05247 0.61385 0.02978 0.30391 ( 2)
 127 Y   0.00000 0.66631 0.00000 0.33369 ( 2)
 128 T   0.00030 0.66601 0.00018 0.33350 ( 2)
 129 F   0.02131 0.64501 0.01248 0.32121 ( 2)
 130 N   0.00000 0.66628 0.00000 0.33372 ( 2)
 131 L   0.09517 0.57114 0.05200 0.28169 ( 2)
 132 T   0.01175 0.65456 0.00684 0.32685 ( 2)
 133 I   0.02478 0.64153 0.01398 0.31971 ( 2)
 134 -   0.00558 0.66073 0.00311 0.33058 ( 2)
 135 -   0.45649 0.20982 0.23208 0.10161 ( 1)
 136 D   0.00007 0.66624 0.00004 0.33364 ( 2)
 137 L   0.00069 0.66562 0.00042 0.33327 ( 2)
 138 E   0.00071 0.66561 0.00043 0.33326 ( 2)
 139 S   0.01784 0.64847 0.01055 0.32314 ( 2)
 140 G   0.66507 0.00125 0.33309 0.00060 ( 1)
 141 G   0.62626 0.04006 0.31472 0.01897 ( 1)
 142 A   0.00134 0.66498 0.00080 0.33288 ( 2)
 143 L   0.59797 0.06834 0.30127 0.03241 ( 1)
 144 Y   0.00359 0.66272 0.00214 0.33154 ( 2)
 145 I   0.64125 0.02506 0.32175 0.01194 ( 1)
 146 D   0.66625 0.00006 0.33366 0.00003 ( 1)
 147 K   0.66576 0.00055 0.33342 0.00027 ( 1)
 148 I   0.66475 0.00156 0.33293 0.00075 ( 1)
 149 E   0.66630 0.00001 0.33368 0.00001 ( 1)
 150 F   0.66580 0.00052 0.33343 0.00025 ( 1)
 151 -   0.66627 0.00004 0.33367 0.00002 ( 1)

