Supplemental results for CODEML (seqf: algn  treef: tree)


dN/dS (w) for site classes (K=4)

site class             0        1       2a       2b
proportion       0.19236  0.23720  0.25545  0.31500
background w     0.12157  0.90485  0.12157  0.90485
foreground w     0.12157  0.90485  0.00000  0.00000

Naive Empirical Bayes (NEB) probabilities for 4 classes
(amino acids refer to 1st sequence: BT_Cry32Ha1)

   1 P   0.11832 0.30508 0.15783 0.41878 ( 4)
   2 T   0.13758 0.28973 0.18302 0.38968 ( 4)
   3 K   0.42582 0.00200 0.56938 0.00279 ( 3)
   4 S   0.37412 0.05394 0.49850 0.07344 ( 3)
   5 Q   0.41872 0.00909 0.55954 0.01264 ( 3)
   6 L   0.41387 0.01523 0.55045 0.02045 ( 3)
   7 T   0.42478 0.00398 0.56584 0.00541 ( 3)
   8 R   0.41915 0.00964 0.55814 0.01307 ( 3)
   9 I   0.25625 0.16786 0.34243 0.23345 ( 3)
  10 V   0.25975 0.16442 0.34711 0.22871 ( 3)
  11 Y   0.42682 0.00110 0.57054 0.00154 ( 3)
  12 T   0.42021 0.00785 0.56109 0.01085 ( 3)
  13 P   0.37461 0.05124 0.50171 0.07244 ( 3)
  14 R   0.36066 0.06586 0.48193 0.09156 ( 3)
  15 V   0.28960 0.13791 0.38563 0.18686 ( 3)
  16 G   0.42437 0.00358 0.56708 0.00498 ( 3)
  17 D   0.14459 0.27799 0.19306 0.38437 ( 4)
  18 T   0.42442 0.00372 0.56671 0.00515 ( 3)
  19 A   0.01034 0.41465 0.01376 0.56126 ( 4)
  20 R   0.00522 0.42069 0.00695 0.56714 ( 4)
  21 S   0.38772 0.04065 0.51644 0.05519 ( 3)
  22 N   0.14565 0.27313 0.19506 0.38616 ( 4)
  23 R   0.00657 0.41986 0.00874 0.56483 ( 4)
  24 P   0.05265 0.36222 0.07056 0.51457 ( 4)
  25 S   0.15134 0.27631 0.20128 0.37107 ( 4)
  26 A   0.08967 0.32644 0.12017 0.46373 ( 4)
  27 S   0.32146 0.10614 0.42820 0.14420 ( 3)
  28 I   0.19975 0.22313 0.26691 0.31021 ( 4)
  29 D   0.09273 0.32442 0.12419 0.45867 ( 4)
  30 A   0.01388 0.41260 0.01846 0.55507 ( 4)
  31 Q   0.25859 0.16561 0.34554 0.23025 ( 3)
  32 E   0.42714 0.00139 0.56958 0.00190 ( 3)
  33 N   0.13379 0.29078 0.17835 0.39708 ( 4)
  34 N   0.35650 0.07167 0.47472 0.09711 ( 3)
  35 I   0.42482 0.00327 0.56738 0.00453 ( 3)
  36 V   0.41612 0.01200 0.55535 0.01653 ( 3)
  37 S   0.01807 0.40371 0.02411 0.55411 ( 4)
  38 S   0.27075 0.15225 0.36244 0.21456 ( 3)
  39 P   0.36978 0.05852 0.49240 0.07929 ( 3)
  40 -   0.19321 0.23107 0.25781 0.31791 ( 4)
  41 -   0.19296 0.23290 0.25710 0.31704 ( 4)
  42 R   0.10499 0.32005 0.13987 0.43509 ( 4)
  43 L   0.42303 0.00564 0.56366 0.00767 ( 3)
  44 F   0.42706 0.00085 0.57091 0.00118 ( 3)
  45 A   0.07105 0.34788 0.09501 0.48606 ( 4)
  46 W   0.42466 0.00422 0.56540 0.00571 ( 3)
  47 L   0.42206 0.00659 0.56238 0.00897 ( 3)
  48 R   0.00026 0.41944 0.00035 0.57995 ( 4)
  49 M   0.00117 0.41713 0.00156 0.58014 ( 4)
  50 V   0.06325 0.35730 0.08448 0.49497 ( 4)
  51 D   0.01749 0.40013 0.02338 0.55901 ( 4)
  52 V   0.27823 0.14607 0.37194 0.20376 ( 3)
  53 S   0.00189 0.41586 0.00252 0.57974 ( 4)
  54 L   0.25329 0.17079 0.33846 0.23745 ( 3)
  55 Q   0.07085 0.35252 0.09447 0.48216 ( 4)
  56 K   0.03644 0.37789 0.04884 0.53683 ( 4)
  57 N   0.16339 0.26244 0.21765 0.35653 ( 4)
  58 G   0.00225 0.41608 0.00300 0.57867 ( 4)
  59 L   0.01547 0.41408 0.02054 0.54991 ( 4)
  60 S   0.11331 0.31624 0.15047 0.41998 ( 4)
  61 N   0.26160 0.16795 0.34741 0.22304 ( 3)
  62 E   0.04099 0.38358 0.05459 0.52084 ( 4)
  63 I   0.15118 0.26928 0.20223 0.37731 ( 4)
  64 A   0.01118 0.40625 0.01495 0.56761 ( 4)
  65 S   0.01918 0.40515 0.02554 0.55013 ( 4)
  66 Y   0.29806 0.12678 0.39842 0.17674 ( 3)
  67 -   0.39394 0.03308 0.52675 0.04622 ( 3)
  68 -   0.00787 0.41666 0.01048 0.56499 ( 4)
  69 -   0.35498 0.07138 0.47437 0.09927 ( 3)
  70 -   0.07977 0.33698 0.10683 0.47642 ( 4)
  71 -   0.27001 0.15501 0.36055 0.21443 ( 3)
  72 -   0.03629 0.38370 0.04847 0.53154 ( 4)
  73 -   0.05343 0.37160 0.07115 0.50381 ( 4)
  74 -   0.36952 0.05798 0.49291 0.07959 ( 3)
  75 -   0.34296 0.08517 0.45661 0.11526 ( 3)
  76 K   0.37316 0.05456 0.49759 0.07470 ( 3)
  77 Q   0.00485 0.41245 0.00648 0.57622 ( 4)
  78 T   0.35299 0.07301 0.47200 0.10200 ( 3)
  79 F   0.30933 0.11532 0.41377 0.16158 ( 3)
  80 H   0.22350 0.20335 0.29761 0.27553 ( 3)
  81 N   0.38348 0.04329 0.51276 0.06047 ( 3)
  82 T   0.42346 0.00431 0.56622 0.00602 ( 3)
  83 L   0.01862 0.39512 0.02496 0.56130 ( 4)
  84 H   0.00198 0.42162 0.00264 0.57375 ( 4)
  85 T   0.00255 0.41066 0.00341 0.58338 ( 4)
  86 N   0.00001 0.41427 0.00002 0.58570 ( 4)
  87 L   0.03788 0.38369 0.05054 0.52789 ( 4)
  88 W   0.20178 0.22500 0.26866 0.30456 ( 4)
  89 S   0.27538 0.14976 0.36772 0.20715 ( 3)
  90 I   0.37272 0.05483 0.49719 0.07526 ( 3)
  91 T   0.22757 0.19871 0.30323 0.27049 ( 3)
  92 K   0.09839 0.32213 0.13148 0.44800 ( 4)
  93 G   0.42663 0.00181 0.56908 0.00248 ( 3)
  94 T   0.00084 0.42300 0.00111 0.57505 ( 4)
  95 P   0.00212 0.41107 0.00284 0.58396 ( 4)
  96 T   0.02253 0.39761 0.03009 0.54977 ( 4)
  97 N   0.00453 0.41068 0.00606 0.57873 ( 4)
  98 D   0.01460 0.40345 0.01952 0.56244 ( 4)
  99 V   0.34159 0.08624 0.45502 0.11715 ( 3)
 100 R   0.15677 0.26574 0.20938 0.36811 ( 4)
 101 -   0.19236 0.23720 0.25545 0.31500 ( 4)
 102 N   0.33233 0.09722 0.44134 0.12911 ( 3)
 103 M   0.05103 0.37853 0.06776 0.50269 ( 4)
 104 F   0.10814 0.32142 0.14361 0.42684 ( 4)
 105 T   0.30222 0.12734 0.40135 0.16910 ( 3)
 106 T   0.07764 0.35191 0.10311 0.46734 ( 4)
 107 P   0.28561 0.14395 0.37929 0.19116 ( 3)
 108 Y   0.08306 0.34649 0.11031 0.46014 ( 4)
 109 -   0.19236 0.23720 0.25545 0.31500 ( 4)
 110 F   0.00543 0.42412 0.00721 0.56323 ( 4)
 111 P   0.10131 0.32824 0.13455 0.43590 ( 4)
 112 Y   0.01640 0.41315 0.02178 0.54867 ( 4)
 113 D   0.33348 0.09607 0.44286 0.12759 ( 3)
 114 D   0.33348 0.09607 0.44286 0.12759 ( 3)
 115 I   0.08892 0.34063 0.11808 0.45237 ( 4)
 116 W   0.25117 0.17838 0.33356 0.23689 ( 3)
 117 K   0.31215 0.11740 0.41454 0.15591 ( 3)
 118 I   0.31954 0.11001 0.42435 0.14610 ( 3)
 119 K   0.31215 0.11740 0.41454 0.15591 ( 3)
 120 N   0.33233 0.09722 0.44134 0.12911 ( 3)
 121 E   0.01161 0.41794 0.01542 0.55503 ( 4)
 122 F   0.31939 0.11016 0.42416 0.14629 ( 3)
 123 F   0.00408 0.42547 0.00541 0.56503 ( 4)
 124 D   0.30059 0.12896 0.39918 0.17126 ( 3)
 125 -   0.19236 0.23720 0.25545 0.31500 ( 4)
 126 -   0.19236 0.23720 0.25545 0.31500 ( 4)
 127 Y   0.00129 0.41520 0.00173 0.58178 ( 4)
 128 D   0.00092 0.41339 0.00124 0.58445 ( 4)
 129 S   0.00049 0.41876 0.00066 0.58009 ( 4)
 130 P   0.34388 0.08256 0.45925 0.11431 ( 3)
 131 -   0.19236 0.23720 0.25545 0.31500 ( 4)
 132 -   0.19236 0.23720 0.25545 0.31500 ( 4)
 133 F   0.00099 0.42052 0.00132 0.57717 ( 4)
 134 D   0.02932 0.38791 0.03922 0.54354 ( 4)
 135 D   0.39909 0.02902 0.53217 0.03973 ( 3)
 136 L   0.00094 0.41867 0.00125 0.57914 ( 4)
 137 A   0.01945 0.40236 0.02594 0.55225 ( 4)
 138 V   0.13871 0.28480 0.18506 0.39144 ( 4)
 139 D   0.01364 0.39994 0.01828 0.56814 ( 4)
 140 N   0.00114 0.41659 0.00152 0.58075 ( 4)
 141 W   0.41054 0.01821 0.54660 0.02465 ( 3)
 142 T   0.25907 0.17048 0.34405 0.22640 ( 3)
 143 F   0.10168 0.32787 0.13503 0.43542 ( 4)
 144 S   0.30487 0.12468 0.40487 0.16557 ( 3)
 145 F   0.27954 0.15001 0.37123 0.19922 ( 3)
 146 R   0.08354 0.34602 0.11094 0.45951 ( 4)
 147 Y   0.01266 0.41689 0.01682 0.55363 ( 4)
 148 S   0.26290 0.16665 0.34913 0.22131 ( 3)
 149 D   0.00178 0.42777 0.00236 0.56809 ( 4)
 150 D   0.33348 0.09607 0.44286 0.12759 ( 3)
 151 Q   0.29085 0.13871 0.38625 0.18420 ( 3)
 152 Y   0.01463 0.41492 0.01943 0.55102 ( 4)
 153 F   0.34870 0.07989 0.46390 0.10751 ( 3)
 154 E   0.00008 0.41762 0.00010 0.58220 ( 4)
 155 L   0.01445 0.40623 0.01928 0.56004 ( 4)
 156 S   0.00711 0.41882 0.00946 0.56461 ( 4)
 157 T   0.30848 0.11736 0.41190 0.16227 ( 3)
 158 Y   0.01535 0.40583 0.02048 0.55834 ( 4)
 159 D   0.11028 0.31483 0.14691 0.42799 ( 4)
 160 K   0.01208 0.41292 0.01608 0.55892 ( 4)
 161 S   0.42219 0.00560 0.56440 0.00781 ( 3)
 162 V   0.21728 0.20595 0.29035 0.28642 ( 3)
 163 T   0.39128 0.03710 0.52121 0.05041 ( 3)
 164 R   0.42330 0.00476 0.56535 0.00659 ( 3)
 165 F   0.02569 0.39948 0.03420 0.54063 ( 4)
 166 Y   0.02893 0.39492 0.03855 0.53759 ( 4)
 167 G   0.04865 0.37311 0.06492 0.51333 ( 4)
 168 L   0.41065 0.01786 0.54717 0.02432 ( 3)
 169 P   0.00878 0.41618 0.01170 0.56334 ( 4)
 170 C   0.02225 0.97758 0.00000 0.00016 ( 2)
 171 R   0.21370 0.20653 0.28639 0.29339 ( 4)
 172 A   0.03524 0.38280 0.04712 0.53484 ( 4)
 173 K   0.21184 0.21429 0.28225 0.29161 ( 4)
 174 -   0.19236 0.23720 0.25545 0.31500 ( 4)
 175 -   0.19236 0.23720 0.25545 0.31500 ( 4)
 176 -   0.19236 0.23720 0.25545 0.31500 ( 4)
 177 -   0.19236 0.23720 0.25545 0.31500 ( 4)
 178 -   0.14764 0.27972 0.19641 0.37623 ( 4)
 179 N   0.01174 0.40808 0.01568 0.56449 ( 4)
 180 S   0.00280 0.42069 0.00373 0.57277 ( 4)
 181 G   0.00412 0.41943 0.00549 0.57095 ( 4)
 182 I   0.33715 0.08718 0.45183 0.12384 ( 3)
 183 C   0.02511 0.39956 0.03344 0.54190 ( 4)
 184 D   0.41305 0.01516 0.55098 0.02081 ( 3)
 185 P   0.19704 0.22917 0.26247 0.31133 ( 4)
 186 C   0.18934 0.23466 0.25270 0.32330 ( 4)
 187 D   0.36550 0.06110 0.48842 0.08498 ( 3)
 188 S   0.00834 0.42121 0.01108 0.55937 ( 4)
 189 Q   0.22601 0.20354 0.30015 0.27030 ( 3)
 190 N   0.41575 0.01118 0.55718 0.01589 ( 3)
 191 P   0.07974 0.34035 0.10656 0.47335 ( 4)
 192 C   0.42431 0.00353 0.56723 0.00493 ( 3)
 193 R   0.02576 0.39936 0.03430 0.54057 ( 4)
 194 K   0.07272 0.92722 0.00000 0.00005 ( 2)
 195 E   0.00345 0.42342 0.00459 0.56854 ( 4)
 196 L   0.06434 0.35194 0.08616 0.49757 ( 4)
 197 P   0.08994 0.33225 0.12004 0.45777 ( 4)
 198 N   0.00144 0.42358 0.00191 0.57308 ( 4)
 199 T   0.00112 0.41320 0.00150 0.58418 ( 4)
 200 T   0.00492 0.42140 0.00655 0.56713 ( 4)
 201 -   0.19337 0.22990 0.25826 0.31847 ( 4)
 202 -   0.19395 0.22562 0.25992 0.32051 ( 4)
 203 -   0.24938 0.17462 0.33323 0.24278 ( 3)
 204 -   0.38924 0.03961 0.51784 0.05331 ( 3)
 205 -   0.00217 0.41828 0.00290 0.57665 ( 4)
 206 M   0.16447 0.25820 0.21967 0.35767 ( 4)
 207 P   0.00226 0.41288 0.00303 0.58184 ( 4)
 208 C   0.01292 0.41122 0.01721 0.55865 ( 4)
 209 E   0.34761 0.08084 0.46256 0.10898 ( 3)
 210 D   0.12000 0.29711 0.16081 0.42208 ( 4)
 211 K   0.07752 0.34772 0.10324 0.47151 ( 4)
 212 R   0.00034 0.41723 0.00045 0.58199 ( 4)
 213 L   0.41288 0.01450 0.55229 0.02032 ( 3)
 214 Y   0.00382 0.41834 0.00509 0.57274 ( 4)
 215 S   0.31243 0.11108 0.41870 0.15779 ( 3)
 216 H   0.42712 0.00059 0.57147 0.00082 ( 3)
 217 R   0.41915 0.00964 0.55814 0.01307 ( 3)
 218 L   0.40780 0.02068 0.54337 0.02815 ( 3)
 219 A   0.37341 0.05354 0.49880 0.07425 ( 3)
 220 Y   0.34618 0.08197 0.46091 0.11095 ( 3)
 221 M   0.08133 0.33728 0.10879 0.47260 ( 4)
 222 G   0.11542 0.30464 0.15433 0.42561 ( 4)
 223 A   0.17463 0.24716 0.23345 0.34477 ( 4)
 224 G   0.41489 0.01284 0.55442 0.01786 ( 3)
 225 E   0.35931 0.06745 0.47986 0.09338 ( 3)
 226 N   0.02337 0.39761 0.03119 0.54782 ( 4)
 227 V   0.03906 0.38710 0.05198 0.52186 ( 4)
 228 Y   0.03290 0.38240 0.04407 0.54063 ( 4)
 229 -   0.41033 0.01643 0.54990 0.02334 ( 3)
 230 -   0.01969 0.40662 0.02620 0.54749 ( 4)
 231 -   0.39930 0.02829 0.53326 0.03916 ( 3)
 232 -   0.39619 0.03247 0.52743 0.04391 ( 3)
 233 -   0.25535 0.17171 0.34007 0.23288 ( 3)
 234 -   0.07820 0.34742 0.10412 0.47026 ( 4)
 235 -   0.26022 0.16451 0.34752 0.22776 ( 3)
 236 P   0.00364 0.41472 0.00486 0.57679 ( 4)
 237 P   0.38426 0.04264 0.51366 0.05944 ( 3)
 238 P   0.33298 0.09252 0.44524 0.12926 ( 3)
 239 S   0.00911 0.41196 0.01215 0.56678 ( 4)
 240 L   0.42303 0.00564 0.56366 0.00767 ( 3)
 241 T   0.20211 0.21888 0.27056 0.30845 ( 4)
 242 Y   0.39107 0.03607 0.52265 0.05021 ( 3)
 243 S   0.04125 0.38406 0.05492 0.51977 ( 4)
 244 A   0.00558 0.41799 0.00744 0.56899 ( 4)
 245 Y   0.34081 0.08500 0.45561 0.11857 ( 3)
 246 G   0.42397 0.00397 0.56655 0.00552 ( 3)
 247 W   0.42466 0.00422 0.56540 0.00571 ( 3)
 248 T   0.42426 0.00371 0.56689 0.00515 ( 3)
 249 H   0.42600 0.00167 0.56998 0.00235 ( 3)
 250 V   0.03366 0.38578 0.04499 0.53558 ( 4)
 251 S   0.42699 0.00058 0.57161 0.00082 ( 3)


lnL = -3376.796702

