Supplemental results for CODEML (seqf: algn  treef: tree)


dN/dS (w) for site classes (K=4)

site class             0        1       2a       2b
proportion       0.53941  0.27730  0.12105  0.06223
background w     0.08484  1.00000  0.08484  1.00000
foreground w     0.08484  1.00000 999.00000 999.00000

Naive Empirical Bayes (NEB) probabilities for 4 classes
(amino acids refer to 1st sequence: BT_Cry30Aa1)

   1 -   0.53941 0.27730 0.12105 0.06223 ( 1)
   2 -   0.53941 0.27730 0.12105 0.06223 ( 1)
   3 R   0.96690 0.01428 0.01800 0.00082 ( 1)
   4 I   0.97209 0.00448 0.02316 0.00027 ( 1)
   5 T   0.97569 0.00418 0.01980 0.00033 ( 1)
   6 Q   0.98769 0.00333 0.00891 0.00006 ( 1)
   7 I   0.95845 0.00325 0.03784 0.00046 ( 1)
   8 P   0.98636 0.00331 0.01024 0.00009 ( 1)
   9 A   0.97096 0.00248 0.02629 0.00027 ( 1)
  10 V   0.98363 0.00263 0.01361 0.00013 ( 1)
  11 K   0.97463 0.00278 0.02242 0.00017 ( 1)
  12 A   0.96730 0.00258 0.02980 0.00032 ( 1)
  13 Y   0.01439 0.80232 0.00323 0.18006 ( 2)
  14 S   0.03057 0.78615 0.00686 0.17643 ( 2)
  15 L   0.49240 0.48459 0.00694 0.01606 ( 1)
  16 T   0.04518 0.81991 0.04032 0.09459 ( 2)
  17 S   0.37254 0.58037 0.01415 0.03295 ( 2)
  18 P   0.00012 0.01730 0.92327 0.05931 ( 3)
  19 -   0.30049 0.55091 0.10108 0.04751 ( 2)
  20 -   0.53941 0.27730 0.12105 0.06223 ( 1)
  21 A   0.81501 0.02444 0.15442 0.00613 ( 1)
  22 R   0.64808 0.31308 0.01489 0.02394 ( 1)
  23 V   0.00027 0.01902 0.96831 0.01240 ( 3)
  24 I   0.95591 0.00405 0.03971 0.00033 ( 1)
  25 V   0.00102 0.38046 0.48683 0.13169 ( 3)
  26 G   0.32401 0.08493 0.58341 0.00765 ( 3)
  27 P   0.94343 0.00479 0.05145 0.00033 ( 1)
  28 G   0.94901 0.00486 0.04584 0.00030 ( 1)
  29 H   0.86945 0.11374 0.01305 0.00376 ( 1)
  30 T   0.97467 0.00480 0.02018 0.00034 ( 1)
  31 G   0.99061 0.00271 0.00664 0.00005 ( 1)
  32 G   0.99053 0.00279 0.00664 0.00005 ( 1)
  33 D   0.98722 0.00140 0.01131 0.00007 ( 1)
  34 L   0.97903 0.00834 0.01242 0.00021 ( 1)
  35 V   0.29858 0.12062 0.56073 0.02008 ( 3)
  36 A   0.42199 0.18770 0.32771 0.06259 ( 1)
  37 L   0.97715 0.00862 0.01400 0.00023 ( 1)
  38 L   0.69221 0.12451 0.15534 0.02794 ( 1)
  39 N   0.67302 0.14370 0.15104 0.03225 ( 1)
  40 S   0.00485 0.81187 0.00109 0.18220 ( 2)
  41 G   0.00570 0.81101 0.00128 0.18201 ( 2)
  42 T   0.07205 0.74466 0.01617 0.16712 ( 2)
  43 Q   0.30366 0.51305 0.06815 0.11514 ( 2)
  44 S   0.01682 0.79989 0.00378 0.17951 ( 2)
  45 G   0.99176 0.00172 0.00648 0.00004 ( 1)
  46 T   0.00379 0.49969 0.00686 0.48966 ( 2)
  47 M   0.00042 0.04347 0.80083 0.15528 ( 3)
  48 Q   0.00009 0.14818 0.38640 0.46533 ( 4)
  49 I   0.90328 0.07194 0.01926 0.00552 ( 1)
  50 Q   0.01393 0.86870 0.00622 0.11115 ( 2)
  51 C   0.03884 0.03866 0.88561 0.03689 ( 3)
  52 K   0.06302 0.31797 0.56573 0.05327 ( 3)
  53 T   0.28274 0.10787 0.56465 0.04475 ( 3)
  54 G   0.41494 0.36241 0.08997 0.13267 ( 1)
  55 S   0.93445 0.03840 0.02447 0.00268 ( 1)
  56 F   0.72700 0.20496 0.03834 0.02970 ( 1)
  57 T   0.31223 0.14682 0.50627 0.03468 ( 3)
  58 G   0.05994 0.81975 0.02009 0.10023 ( 2)
  59 P   0.07166 0.74505 0.01608 0.16720 ( 2)
  60 S   0.90898 0.07907 0.00985 0.00210 ( 1)
  61 R   0.94563 0.04244 0.01107 0.00086 ( 1)
  62 Q   0.00511 0.82554 0.01082 0.15853 ( 2)
  63 Y   0.72920 0.05458 0.20158 0.01464 ( 1)
  64 G   0.96563 0.02837 0.00564 0.00037 ( 1)
  65 L   0.26628 0.60552 0.05627 0.07193 ( 2)
  66 R   0.98005 0.01484 0.00498 0.00013 ( 1)
  67 M   0.85973 0.11191 0.01935 0.00901 ( 1)
  68 R   0.99249 0.00247 0.00502 0.00003 ( 1)
  69 Y   0.98789 0.00224 0.00981 0.00007 ( 1)
  70 A   0.98506 0.00227 0.01256 0.00012 ( 1)
  71 A   0.98415 0.00299 0.01271 0.00015 ( 1)
  72 N   0.98616 0.00347 0.01021 0.00015 ( 1)
  73 S   0.16456 0.61270 0.12234 0.10040 ( 2)
  74 A   0.23501 0.70357 0.00563 0.05579 ( 2)
  75 F   0.56996 0.37128 0.03471 0.02404 ( 1)
  76 T   0.79340 0.18887 0.01148 0.00625 ( 1)
  77 V   0.21001 0.57193 0.14298 0.07508 ( 2)
  78 S   0.21806 0.76314 0.00285 0.01595 ( 2)
  79 L   0.81187 0.09416 0.07935 0.01463 ( 1)
  80 S   0.00161 0.17534 0.68596 0.13709 ( 3)
  81 Y   0.47144 0.48482 0.02105 0.02269 ( 2)
  82 T   0.06830 0.74842 0.01533 0.16796 ( 2)
  83 L   0.28646 0.53026 0.06429 0.11900 ( 2)
  84 L   0.00030 0.81641 0.00007 0.18322 ( 2)
  85 -   0.66372 0.15299 0.14895 0.03433 ( 1)
  86 G   0.13216 0.78040 0.01217 0.07527 ( 2)
  87 Q   0.00015 0.73206 0.00040 0.26739 ( 2)
  88 T   0.72415 0.24115 0.01600 0.01870 ( 1)
  89 R   0.00000 0.84872 0.00000 0.15127 ( 2)
  90 G   0.76115 0.21573 0.01184 0.01129 ( 1)
  91 T   0.11954 0.85147 0.00342 0.02557 ( 2)
  92 S   0.93416 0.05433 0.00973 0.00178 ( 1)
  93 F   0.00214 0.24140 0.53763 0.21883 ( 3)
  94 V   0.00221 0.98464 0.00001 0.01313 ( 2)
  95 T   0.62065 0.35509 0.01477 0.00948 ( 1)
  96 E   0.98732 0.00208 0.01052 0.00008 ( 1)
  97 N   0.00002 0.21627 0.00919 0.77453 ( 4)
  98 T   0.95529 0.00969 0.03459 0.00043 ( 1)
  99 F   0.97169 0.01649 0.01131 0.00051 ( 1)
 100 S   0.53758 0.44250 0.00558 0.01434 ( 1)
 101 R   0.93777 0.03780 0.02154 0.00289 ( 1)
 102 S   0.00012 0.91417 0.00004 0.08568 ( 2)
 103 N   0.98094 0.00160 0.01734 0.00012 ( 1)
 104 N   0.96141 0.02451 0.01313 0.00094 ( 1)
 105 I   0.48566 0.33106 0.10899 0.07429 ( 1)
 106 I   0.77450 0.04222 0.17381 0.00947 ( 1)
 107 P   0.73527 0.08145 0.16501 0.01828 ( 1)
 108 T   0.89159 0.09456 0.01193 0.00192 ( 1)
 109 D   0.92055 0.01152 0.06674 0.00119 ( 1)
 110 L   0.95865 0.01456 0.02636 0.00043 ( 1)
 111 K   0.23356 0.24581 0.47170 0.04893 ( 3)
 112 Y   0.89585 0.09067 0.01043 0.00305 ( 1)
 113 E   0.00185 0.05957 0.91860 0.01997 ( 3)
 114 E   0.65487 0.26861 0.04914 0.02739 ( 1)
 115 F   0.98934 0.00139 0.00923 0.00005 ( 1)
 116 K   0.84968 0.03023 0.11585 0.00424 ( 1)
 117 Y   0.98789 0.00224 0.00981 0.00007 ( 1)
 118 K   0.91269 0.06674 0.01735 0.00323 ( 1)
 119 D   0.95947 0.02921 0.01024 0.00107 ( 1)
 120 Y   0.16487 0.45993 0.28752 0.08769 ( 2)
 121 L   0.00001 0.73544 0.00007 0.26447 ( 2)
 122 Q   0.69947 0.21535 0.05480 0.03038 ( 1)
 123 I   0.49300 0.04635 0.45491 0.00574 ( 1)
 124 I   0.59409 0.08347 0.30851 0.01393 ( 1)
 125 T   0.93493 0.04873 0.01507 0.00127 ( 1)
 126 M   0.36514 0.52677 0.04653 0.06156 ( 2)
 127 T   0.88326 0.08169 0.03037 0.00468 ( 1)
 128 L   0.00001 0.74610 0.00049 0.25340 ( 2)
 129 P   0.98608 0.00359 0.01023 0.00010 ( 1)
 130 -   0.22993 0.60327 0.11502 0.05178 ( 2)
 131 A   0.36464 0.60818 0.00400 0.02318 ( 2)
 132 N   0.60212 0.02497 0.37033 0.00257 ( 1)
 133 T   0.26618 0.60032 0.08654 0.04696 ( 2)
 134 I   0.00742 0.18238 0.58636 0.22384 ( 3)
 135 I   0.41600 0.40192 0.13459 0.04750 ( 1)
 136 T   0.97785 0.01122 0.01043 0.00050 ( 1)
 137 I   0.97608 0.00397 0.01966 0.00029 ( 1)
 138 S   0.00421 0.49500 0.03263 0.46816 ( 2)
 139 M   0.03097 0.80213 0.01571 0.15119 ( 2)
 140 Q   0.00088 0.76611 0.00019 0.23281 ( 2)
 141 Q   0.00009 0.00751 0.98494 0.00746 ( 3)
 142 A   0.00087 0.91495 0.00036 0.08383 ( 2)
 143 T   0.00153 0.70969 0.00114 0.28764 ( 2)
 144 G   0.00008 0.77167 0.00024 0.22801 ( 2)
 145 L   0.00001 0.90121 0.00002 0.09876 ( 2)
 146 L   0.00445 0.81226 0.00100 0.18229 ( 2)
 147 N   0.78704 0.02967 0.17663 0.00666 ( 1)
 148 N   0.03129 0.78542 0.00702 0.17626 ( 2)
 149 Q   0.71727 0.09945 0.16097 0.02232 ( 1)
 150 L   0.76238 0.12900 0.08903 0.01960 ( 1)
 151 I   0.97659 0.00312 0.02004 0.00025 ( 1)
 152 I   0.97680 0.00318 0.01978 0.00023 ( 1)
 153 D   0.97524 0.01101 0.01356 0.00020 ( 1)
 154 R   0.07262 0.02195 0.89618 0.00924 ( 3)
 155 I   0.92422 0.04081 0.03305 0.00192 ( 1)
 156 E   0.98770 0.00172 0.01052 0.00006 ( 1)
 157 F   0.92209 0.05568 0.02079 0.00144 ( 1)
 158 Y   0.62393 0.33649 0.02365 0.01594 ( 1)
 159 P   0.80814 0.00858 0.18136 0.00193 ( 1)


lnL = -2058.950471

Bayes Empirical Bayes (BEB) probabilities for 4 classes (class)
(amino acids refer to 1st sequence: BT_Cry30Aa1)

   1 -   0.12719 0.12143 0.37853 0.37286 ( 3)
   2 -   0.12719 0.12143 0.37853 0.37286 ( 3)
   3 R   0.25512 0.00782 0.71354 0.02353 ( 3)
   4 I   0.26431 0.00145 0.72995 0.00430 ( 3)
   5 T   0.26390 0.00137 0.73060 0.00414 ( 3)
   6 Q   0.25613 0.00121 0.73904 0.00362 ( 3)
   7 I   0.26467 0.00104 0.73112 0.00316 ( 3)
   8 P   0.25776 0.00114 0.73769 0.00341 ( 3)
   9 A   0.26303 0.00081 0.73374 0.00242 ( 3)
  10 V   0.26120 0.00085 0.73540 0.00255 ( 3)
  11 K   0.25366 0.00090 0.74270 0.00274 ( 3)
  12 A   0.26103 0.00085 0.73558 0.00255 ( 3)
  13 Y   0.00062 0.24799 0.00176 0.74962 ( 4)
  14 S   0.00148 0.24713 0.00424 0.74714 ( 4)
  15 L   0.05087 0.20592 0.13994 0.60327 ( 4)
  16 T   0.00147 0.24504 0.02215 0.73134 ( 4)
  17 S   0.03112 0.22068 0.08848 0.65972 ( 4)
  18 P   0.00015 0.22422 0.04800 0.72762 ( 4)
  19 -   0.03550 0.19303 0.20219 0.56928 ( 4)
  20 -   0.12719 0.12143 0.37853 0.37286 ( 3)
  21 A   0.22769 0.01388 0.71602 0.04241 ( 3)
  22 R   0.07027 0.18802 0.18736 0.55435 ( 4)
  23 V   0.00026 0.19292 0.22638 0.58044 ( 4)
  24 I   0.25085 0.00130 0.74386 0.00399 ( 3)
  25 V   0.00004 0.23959 0.01251 0.74785 ( 4)
  26 G   0.03452 0.03141 0.86224 0.07183 ( 3)
  27 P   0.24909 0.00178 0.74369 0.00545 ( 3)
  28 G   0.24921 0.00179 0.74351 0.00549 ( 3)
  29 H   0.17445 0.08625 0.48609 0.25322 ( 3)
  30 T   0.26153 0.00158 0.73209 0.00479 ( 3)
  31 G   0.25798 0.00094 0.73828 0.00280 ( 3)
  32 G   0.25795 0.00097 0.73819 0.00289 ( 3)
  33 D   0.26516 0.00043 0.73314 0.00127 ( 3)
  34 L   0.25342 0.00313 0.73403 0.00942 ( 3)
  35 V   0.06101 0.09778 0.57452 0.26669 ( 3)
  36 A   0.09296 0.14342 0.31123 0.45238 ( 4)
  37 L   0.25342 0.00312 0.73407 0.00939 ( 3)
  38 L   0.18800 0.06061 0.56434 0.18705 ( 3)
  39 N   0.17949 0.06912 0.53820 0.21319 ( 3)
  40 S   0.00018 0.24843 0.00052 0.75087 ( 4)
  41 G   0.00022 0.24839 0.00061 0.75077 ( 4)
  42 T   0.00489 0.24373 0.01412 0.73727 ( 4)
  43 Q   0.04133 0.20728 0.12102 0.63037 ( 4)
  44 S   0.00102 0.24760 0.00293 0.74846 ( 4)
  45 G   0.26063 0.00057 0.73712 0.00168 ( 3)
  46 T   0.00026 0.23783 0.00068 0.76123 ( 4)
  47 M   0.00021 0.23015 0.02238 0.74726 ( 4)
  48 Q   0.00001 0.23120 0.00179 0.76700 ( 4)
  49 I   0.22403 0.04068 0.61275 0.12254 ( 3)
  50 Q   0.00035 0.24915 0.00191 0.74859 ( 4)
  51 C   0.04999 0.20033 0.14838 0.60130 ( 4)
  52 K   0.00563 0.19045 0.24989 0.55403 ( 4)
  53 T   0.10074 0.13645 0.34648 0.41633 ( 4)
  54 G   0.05477 0.19368 0.15837 0.59318 ( 4)
  55 S   0.24390 0.02154 0.67071 0.06384 ( 3)
  56 F   0.12761 0.12538 0.36211 0.38491 ( 4)
  57 T   0.08126 0.15040 0.31516 0.45318 ( 4)
  58 G   0.00179 0.24628 0.00694 0.74499 ( 4)
  59 P   0.00485 0.24377 0.01401 0.73738 ( 4)
  60 S   0.21392 0.04535 0.60599 0.13474 ( 3)
  61 R   0.22960 0.02701 0.66252 0.08086 ( 3)
  62 Q   0.00017 0.24591 0.00216 0.75176 ( 4)
  63 Y   0.20765 0.03735 0.63795 0.11704 ( 3)
  64 G   0.24109 0.01663 0.69264 0.04964 ( 3)
  65 L   0.02443 0.22143 0.08982 0.66432 ( 4)
  66 R   0.25203 0.00590 0.72451 0.01756 ( 3)
  67 M   0.18130 0.08068 0.49532 0.24269 ( 3)
  68 R   0.25708 0.00088 0.73942 0.00262 ( 3)
  69 Y   0.25982 0.00076 0.73716 0.00226 ( 3)
  70 A   0.26313 0.00072 0.73398 0.00217 ( 3)
  71 A   0.26287 0.00098 0.73323 0.00292 ( 3)
  72 N   0.26333 0.00171 0.72988 0.00508 ( 3)
  73 S   0.00914 0.23492 0.04899 0.70694 ( 4)
  74 A   0.01399 0.24144 0.03697 0.70760 ( 4)
  75 F   0.06976 0.18064 0.20315 0.54644 ( 4)
  76 T   0.13164 0.12637 0.36798 0.37402 ( 4)
  77 V   0.01864 0.21439 0.11071 0.65626 ( 4)
  78 S   0.00862 0.24654 0.02376 0.72108 ( 4)
  79 L   0.19340 0.05448 0.58403 0.16810 ( 3)
  80 S   0.00020 0.23383 0.02256 0.74340 ( 4)
  81 Y   0.04659 0.20411 0.13471 0.61459 ( 4)
  82 T   0.00459 0.24402 0.01328 0.73811 ( 4)
  83 L   0.03819 0.21042 0.11174 0.63965 ( 4)
  84 L   0.00001 0.24860 0.00003 0.75136 ( 4)
  85 -   0.17549 0.07312 0.52594 0.22545 ( 3)
  86 G   0.00871 0.24116 0.02499 0.72514 ( 4)
  87 Q   0.00000 0.24203 0.00001 0.75796 ( 4)
  88 T   0.11568 0.14456 0.31029 0.42947 ( 4)
  89 R   0.00000 0.24663 0.00000 0.75337 ( 4)
  90 G   0.12553 0.13432 0.34350 0.39665 ( 4)
  91 T   0.00496 0.24628 0.01402 0.73474 ( 4)
  92 S   0.22975 0.03049 0.64884 0.09093 ( 3)
  93 F   0.00017 0.23595 0.01008 0.75380 ( 4)
  94 V   0.00004 0.25579 0.00009 0.74408 ( 4)
  95 T   0.07622 0.17562 0.22033 0.52783 ( 4)
  96 E   0.26192 0.00068 0.73538 0.00202 ( 3)
  97 N   0.00000 0.23569 0.00001 0.76430 ( 4)
  98 T   0.24845 0.00333 0.73805 0.01017 ( 3)
  99 F   0.25081 0.00935 0.71191 0.02793 ( 3)
 100 S   0.06186 0.19560 0.16977 0.57277 ( 4)
 101 R   0.23320 0.03115 0.64182 0.09383 ( 3)
 102 S   0.00000 0.25043 0.00001 0.74956 ( 4)
 103 N   0.26660 0.00048 0.73146 0.00145 ( 3)
 104 N   0.24113 0.02008 0.67888 0.05991 ( 3)
 105 I   0.08419 0.16442 0.24866 0.50273 ( 4)
 106 I   0.22743 0.02118 0.68585 0.06554 ( 3)
 107 P   0.20802 0.04059 0.62595 0.12544 ( 3)
 108 T   0.20152 0.05257 0.58725 0.15866 ( 3)
 109 D   0.23726 0.00563 0.74010 0.01700 ( 3)
 110 L   0.24596 0.00573 0.73080 0.01751 ( 3)
 111 K   0.04122 0.18816 0.20044 0.57018 ( 4)
 112 Y   0.20949 0.05156 0.58612 0.15283 ( 3)
 113 E   0.00064 0.20092 0.19760 0.60084 ( 4)
 114 E   0.09906 0.14957 0.30208 0.44929 ( 4)
 115 F   0.26192 0.00044 0.73632 0.00132 ( 3)
 116 K   0.22970 0.01676 0.70160 0.05195 ( 3)
 117 Y   0.25982 0.00076 0.73716 0.00226 ( 3)
 118 K   0.20528 0.05462 0.57714 0.16296 ( 3)
 119 D   0.24633 0.01591 0.69026 0.04749 ( 3)
 120 Y   0.01205 0.21974 0.10691 0.66130 ( 4)
 121 L   0.00000 0.24169 0.00000 0.75831 ( 4)
 122 Q   0.11570 0.13530 0.33865 0.41034 ( 4)
 123 I   0.06706 0.02049 0.86328 0.04917 ( 3)
 124 I   0.13156 0.06232 0.62640 0.17972 ( 3)
 125 T   0.22879 0.02813 0.65886 0.08422 ( 3)
 126 M   0.02640 0.22084 0.08677 0.66599 ( 4)
 127 T   0.18872 0.06391 0.55280 0.19456 ( 3)
 128 L   0.00000 0.24269 0.00000 0.75731 ( 4)
 129 P   0.25766 0.00124 0.73740 0.00370 ( 3)
 130 -   0.02622 0.20703 0.14650 0.62025 ( 4)
 131 A   0.03493 0.22253 0.09419 0.64836 ( 4)
 132 N   0.08048 0.01028 0.88468 0.02456 ( 3)
 133 T   0.01949 0.22269 0.08838 0.66944 ( 4)
 134 I   0.00117 0.23136 0.01764 0.74982 ( 4)
 135 I   0.05185 0.17797 0.24249 0.52769 ( 4)
 136 T   0.25879 0.00639 0.71586 0.01896 ( 3)
 137 I   0.26304 0.00126 0.73186 0.00383 ( 3)
 138 S   0.00019 0.24166 0.00060 0.75756 ( 4)
 139 M   0.00103 0.24597 0.00500 0.74800 ( 4)
 140 Q   0.00002 0.24523 0.00005 0.75471 ( 4)
 141 Q   0.00020 0.17091 0.32365 0.50524 ( 4)
 142 A   0.00002 0.25065 0.00011 0.74922 ( 4)
 143 T   0.00005 0.24712 0.00014 0.75269 ( 4)
 144 G   0.00000 0.24403 0.00001 0.75596 ( 4)
 145 L   0.00000 0.24725 0.00000 0.75275 ( 4)
 146 L   0.00023 0.24838 0.00066 0.75073 ( 4)
 147 N   0.23377 0.01484 0.70547 0.04592 ( 3)
 148 N   0.00189 0.24672 0.00545 0.74594 ( 4)
 149 Q   0.19948 0.04913 0.59966 0.15173 ( 3)
 150 L   0.17630 0.07149 0.53139 0.22081 ( 3)
 151 I   0.26478 0.00098 0.73126 0.00298 ( 3)
 152 I   0.26333 0.00100 0.73265 0.00303 ( 3)
 153 D   0.24921 0.00403 0.73453 0.01223 ( 3)
 154 R   0.02635 0.02742 0.88161 0.06461 ( 3)
 155 I   0.23729 0.01480 0.70277 0.04515 ( 3)
 156 E   0.26204 0.00056 0.73574 0.00166 ( 3)
 157 F   0.22126 0.03091 0.65376 0.09407 ( 3)
 158 Y   0.07832 0.17326 0.22659 0.52183 ( 4)
 159 P   0.24509 0.00352 0.74050 0.01089 ( 3)

