Supplemental results for CODEML (seqf: algn  treef: tree)


dN/dS (w) for site classes (K=4)

site class             0        1       2a       2b
proportion       0.51643  0.45957  0.01270  0.01130
background w     0.12966  0.89609  0.12966  0.89609
foreground w     0.12966  0.89609 143.54439 143.54439

Naive Empirical Bayes (NEB) probabilities for 4 classes
(amino acids refer to 1st sequence: BT_Cry19Ba1)

   1 E   0.22723 0.74877 0.00559 0.01841 ( 2)
   2 -   0.51643 0.45957 0.01270 0.01130 ( 1)
   3 -   0.51643 0.45957 0.01270 0.01130 ( 1)
   4 V   0.44899 0.43581 0.09952 0.01569 ( 1)
   5 G   0.78057 0.21338 0.00475 0.00130 ( 1)
   6 P   0.01214 0.98636 0.00002 0.00148 ( 2)
   7 L   0.32398 0.67143 0.00153 0.00306 ( 2)
   8 L   0.98361 0.01370 0.00265 0.00004 ( 1)
   9 S   0.93379 0.06332 0.00267 0.00022 ( 1)
  10 W   0.13614 0.86209 0.00023 0.00154 ( 2)
  11 M   0.14942 0.83806 0.00182 0.01070 ( 2)
  12 V   0.00676 0.98743 0.00004 0.00578 ( 2)
  13 S   0.00780 0.96952 0.00016 0.02252 ( 2)
  14 L   0.13515 0.86077 0.00055 0.00353 ( 2)
  15 F   0.76235 0.23617 0.00112 0.00036 ( 1)
  16 W   0.86733 0.12627 0.00559 0.00082 ( 1)
  17 P   0.99066 0.00765 0.00168 0.00001 ( 1)
  18 T   0.01297 0.98535 0.00002 0.00166 ( 2)
  19 I   0.00070 0.99742 0.00000 0.00188 ( 2)
  20 -   0.77092 0.20508 0.01896 0.00504 ( 1)
  21 -   0.75459 0.22142 0.01855 0.00544 ( 1)
  22 -   0.68303 0.29297 0.01679 0.00720 ( 1)
  23 E   0.02095 0.97618 0.00006 0.00281 ( 2)
  24 E   0.00022 0.94478 0.00001 0.05498 ( 2)
  25 K   0.01191 0.98661 0.00002 0.00146 ( 2)
  26 N   0.96554 0.03274 0.00166 0.00006 ( 1)
  27 T   0.00724 0.97383 0.00013 0.01881 ( 2)
  28 V   0.90051 0.09744 0.00184 0.00021 ( 1)
  29 W   0.86733 0.12627 0.00559 0.00082 ( 1)
  30 E   0.37244 0.62551 0.00073 0.00131 ( 2)
  31 D   0.00002 0.00654 0.16312 0.83032 ( 4)
  32 M   0.01853 0.82890 0.01080 0.14177 ( 2)
  33 I   0.92048 0.07851 0.00093 0.00008 ( 1)
  34 K   0.97827 0.01970 0.00198 0.00004 ( 1)
  35 Y   0.01732 0.97968 0.00005 0.00295 ( 2)
  36 V   0.23146 0.45760 0.26813 0.04281 ( 2)
  37 A   0.82740 0.16786 0.00393 0.00081 ( 1)
  38 N   0.96582 0.03253 0.00159 0.00006 ( 1)
  39 L   0.93237 0.06360 0.00377 0.00026 ( 1)
  40 L   0.98526 0.01265 0.00206 0.00003 ( 1)
  41 K   0.00006 0.99644 0.00000 0.00350 ( 2)
  42 Q   0.03885 0.95913 0.00008 0.00194 ( 2)
  43 E   0.10749 0.88415 0.00084 0.00752 ( 2)
  44 L   0.09756 0.89967 0.00026 0.00250 ( 2)
  45 T   0.00024 0.99564 0.00000 0.00412 ( 2)
  46 N   0.00023 0.99683 0.00000 0.00294 ( 2)
  47 D   0.00032 0.99697 0.00000 0.00271 ( 2)
  48 T   0.09143 0.90542 0.00028 0.00287 ( 2)
  49 L   0.33433 0.66225 0.00115 0.00228 ( 2)
  50 N   0.00046 0.98842 0.00001 0.01111 ( 2)
  51 R   0.08838 0.90961 0.00017 0.00184 ( 2)
  52 A   0.99443 0.00384 0.00172 0.00001 ( 1)
  53 T   0.96193 0.03374 0.00418 0.00015 ( 1)
  54 S   0.00287 0.98846 0.00002 0.00865 ( 2)
  55 N   0.91532 0.08295 0.00157 0.00015 ( 1)
  56 L   0.90606 0.09125 0.00244 0.00025 ( 1)
  57 S   0.01162 0.98003 0.00010 0.00825 ( 2)
  58 G   0.67107 0.32749 0.00096 0.00048 ( 1)
  59 L   0.96616 0.03114 0.00261 0.00009 ( 1)
  60 N   0.00161 0.90744 0.00254 0.08841 ( 2)
  61 E   0.20737 0.51653 0.23323 0.04288 ( 2)
  62 S   0.05788 0.93943 0.00015 0.00254 ( 2)
  63 L   0.94293 0.05304 0.00382 0.00022 ( 1)
  64 N   0.00000 0.07209 0.00220 0.92570 ( 4)
  65 I   0.26672 0.73042 0.00075 0.00211 ( 2)
  66 Y   0.99386 0.00387 0.00226 0.00001 ( 1)
  67 N   0.97862 0.01878 0.00255 0.00005 ( 1)
  68 R   0.61863 0.37659 0.00296 0.00182 ( 1)
  69 A   0.32042 0.67733 0.00070 0.00156 ( 2)
  70 L   0.96210 0.03547 0.00234 0.00009 ( 1)
  71 A   0.93286 0.06553 0.00150 0.00011 ( 1)
  72 A   0.00078 0.98908 0.00003 0.01011 ( 2)
  73 W   0.86733 0.12627 0.00559 0.00082 ( 1)
  74 K   0.05621 0.93984 0.00020 0.00375 ( 2)
  75 Q   0.00000 0.99764 0.00000 0.00235 ( 2)
  76 -   0.51643 0.45957 0.01270 0.01130 ( 1)
  77 N   0.00531 0.98615 0.00005 0.00850 ( 2)
  78 K   0.00141 0.99672 0.00000 0.00187 ( 2)
  79 N   0.03501 0.96318 0.00006 0.00175 ( 2)
  80 N   0.00021 0.99808 0.00000 0.00171 ( 2)
  81 F   0.03654 0.93946 0.00090 0.02310 ( 2)
  82 A   0.03564 0.94037 0.00088 0.02312 ( 2)
  83 S   0.07023 0.90578 0.00173 0.02227 ( 2)
  84 -   0.51643 0.45957 0.01270 0.01130 ( 1)
  85 -   0.76269 0.21331 0.01875 0.00525 ( 1)
  86 G   0.77162 0.22692 0.00113 0.00034 ( 1)
  87 E   0.02197 0.62859 0.06567 0.28376 ( 2)
  88 L   0.00826 0.98369 0.00007 0.00799 ( 2)
  89 I   0.08981 0.90785 0.00020 0.00214 ( 2)
  90 R   0.89490 0.10210 0.00268 0.00032 ( 1)
  91 S   0.00013 0.99867 0.00000 0.00120 ( 2)
  92 Y   0.00470 0.99313 0.00001 0.00216 ( 2)
  93 I   0.98365 0.01534 0.00100 0.00002 ( 1)
  94 N   0.00089 0.99597 0.00000 0.00314 ( 2)
  95 D   0.12296 0.87224 0.00059 0.00421 ( 2)
  96 L   0.99487 0.00366 0.00146 0.00001 ( 1)
  97 H   0.99385 0.00493 0.00121 0.00001 ( 1)
  98 I   0.26505 0.73345 0.00039 0.00111 ( 2)
  99 L   0.00017 0.99548 0.00000 0.00435 ( 2)
 100 F   0.99720 0.00112 0.00168 0.00000 ( 1)
 101 T   0.00075 0.99467 0.00000 0.00458 ( 2)
 102 R   0.00000 0.99537 0.00000 0.00463 ( 2)
 103 D   0.03607 0.96215 0.00006 0.00171 ( 2)
 104 I   0.99637 0.00160 0.00203 0.00000 ( 1)
 105 Q   0.71529 0.28258 0.00150 0.00063 ( 1)
 106 S   0.00260 0.98886 0.00002 0.00852 ( 2)
 107 D   0.73914 0.25609 0.00354 0.00124 ( 1)
 108 F   0.95367 0.04269 0.00348 0.00016 ( 1)
 109 S   0.06290 0.93276 0.00027 0.00407 ( 2)
 110 L   0.22496 0.77283 0.00047 0.00174 ( 2)
 111 G   0.00004 0.99792 0.00000 0.00204 ( 2)
 112 G   0.17252 0.81806 0.00157 0.00785 ( 2)
 113 Y   0.99278 0.00515 0.00206 0.00001 ( 1)
 114 E   0.97593 0.02210 0.00192 0.00005 ( 1)
 115 T   0.00590 0.98714 0.00004 0.00692 ( 2)
 116 V   0.98830 0.00961 0.00207 0.00002 ( 1)
 117 L   0.98361 0.01370 0.00265 0.00004 ( 1)
 118 L   0.97928 0.01802 0.00264 0.00005 ( 1)
 119 P   0.99095 0.00759 0.00145 0.00001 ( 1)
 120 S   0.81463 0.17730 0.00662 0.00145 ( 1)
 121 Y   0.99209 0.00584 0.00206 0.00001 ( 1)
 122 A   0.78492 0.20688 0.00629 0.00191 ( 1)
 123 S   0.90818 0.08977 0.00185 0.00020 ( 1)
 124 A   0.09543 0.01440 0.87326 0.01692 ( 3)
 125 A   0.91683 0.07487 0.00767 0.00063 ( 1)
 126 N   0.99266 0.00562 0.00171 0.00001 ( 1)
 127 L   0.95866 0.03965 0.00162 0.00007 ( 1)
 128 H   0.99655 0.00224 0.00121 0.00000 ( 1)
 129 L   0.97099 0.02498 0.00393 0.00010 ( 1)
 130 L   0.81520 0.18328 0.00122 0.00031 ( 1)
 131 L   0.97697 0.02010 0.00286 0.00006 ( 1)
 132 L   0.97556 0.02175 0.00263 0.00006 ( 1)
 133 R   0.96433 0.03419 0.00143 0.00005 ( 1)
 134 D   0.99403 0.00320 0.00277 0.00001 ( 1)
 135 V   0.97958 0.01838 0.00200 0.00004 ( 1)
 136 A   0.07516 0.92275 0.00015 0.00194 ( 2)
 137 I   0.98145 0.01651 0.00200 0.00004 ( 1)
 138 Y   0.90045 0.09747 0.00187 0.00021 ( 1)
 139 G   0.99188 0.00670 0.00142 0.00001 ( 1)
 140 K   0.21383 0.78393 0.00042 0.00182 ( 2)
 141 E   0.08654 0.90596 0.00064 0.00686 ( 2)
 142 -   0.58316 0.41454 0.00123 0.00107 ( 1)
 143 -   0.53684 0.45502 0.00437 0.00376 ( 1)
 144 -   0.56580 0.43240 0.00097 0.00083 ( 1)
 145 -   0.58233 0.41545 0.00119 0.00103 ( 1)
 146 -   0.57342 0.42532 0.00068 0.00058 ( 1)
 147 -   0.58316 0.41454 0.00123 0.00107 ( 1)
 148 -   0.59141 0.40669 0.00102 0.00089 ( 1)
 149 -   0.53549 0.45596 0.00459 0.00395 ( 1)
 150 L   0.96944 0.02254 0.00783 0.00018 ( 1)
 151 G   0.86778 0.12864 0.00309 0.00049 ( 1)
 152 Y   0.97964 0.01867 0.00165 0.00003 ( 1)
 153 P   0.00002 0.99147 0.00000 0.00852 ( 2)
 154 S   0.00151 0.99633 0.00000 0.00216 ( 2)
 155 T   0.00004 0.99779 0.00000 0.00217 ( 2)
 156 D   0.00190 0.99528 0.00001 0.00281 ( 2)
 157 V   0.82649 0.17086 0.00218 0.00046 ( 1)
 158 E   0.00266 0.99491 0.00001 0.00243 ( 2)
 159 F   0.01786 0.98036 0.00003 0.00175 ( 2)
 160 Y   0.99432 0.00361 0.00206 0.00001 ( 1)
 161 Y   0.86470 0.13357 0.00149 0.00025 ( 1)
 162 N   0.00147 0.99719 0.00000 0.00134 ( 2)
 163 E   0.99402 0.00401 0.00196 0.00001 ( 1)
 164 Q   0.47190 0.52543 0.00125 0.00142 ( 2)
 165 K   0.23670 0.76079 0.00059 0.00192 ( 2)
 166 Y   0.00000 0.99602 0.00000 0.00398 ( 2)
 167 Y   0.97488 0.02305 0.00202 0.00005 ( 1)
 168 T   0.71122 0.28587 0.00206 0.00085 ( 1)
 169 E   0.07594 0.92116 0.00020 0.00270 ( 2)
 170 K   0.00046 0.99083 0.00000 0.00871 ( 2)
 171 Y   0.97173 0.02620 0.00202 0.00006 ( 1)
 172 S   0.87255 0.12315 0.00376 0.00054 ( 1)
 173 N   0.64238 0.35586 0.00110 0.00066 ( 1)
 174 Y   0.53947 0.45889 0.00086 0.00078 ( 1)
 175 C   0.97391 0.01784 0.00810 0.00015 ( 1)
 176 V   0.36467 0.63194 0.00123 0.00216 ( 2)
 177 N   0.15229 0.84523 0.00036 0.00212 ( 2)
 178 T   0.86566 0.13271 0.00141 0.00023 ( 1)
 179 Y   0.82441 0.16693 0.00719 0.00147 ( 1)
 180 K   0.96148 0.03294 0.00538 0.00020 ( 1)
 181 S   0.00560 0.99224 0.00001 0.00216 ( 2)
 182 G   0.45075 0.54807 0.00052 0.00066 ( 2)
 183 L   0.96029 0.03568 0.00389 0.00015 ( 1)
 184 E   0.13352 0.85814 0.00112 0.00723 ( 2)
 185 S   0.15091 0.84623 0.00042 0.00243 ( 2)
 186 K   0.36084 0.63711 0.00071 0.00134 ( 2)
 187 K   0.99570 0.00228 0.00202 0.00000 ( 1)
 188 Q   0.23249 0.76545 0.00046 0.00161 ( 2)
 189 I   0.98503 0.01295 0.00200 0.00003 ( 1)
 190 G   0.79459 0.20395 0.00116 0.00030 ( 1)
 191 W   0.86733 0.12627 0.00559 0.00082 ( 1)
 192 S   0.01359 0.98194 0.00006 0.00441 ( 2)
 193 D   0.00536 0.99287 0.00001 0.00175 ( 2)
 194 F   0.95737 0.03899 0.00349 0.00014 ( 1)
 195 N   0.98941 0.00937 0.00120 0.00001 ( 1)
 196 R   0.37399 0.62243 0.00133 0.00224 ( 2)
 197 Y   0.99432 0.00361 0.00206 0.00001 ( 1)
 198 R   0.98498 0.01354 0.00146 0.00002 ( 1)
 199 R   0.99202 0.00675 0.00122 0.00001 ( 1)
 200 E   0.00332 0.99345 0.00001 0.00321 ( 2)
 201 M   0.99721 0.00178 0.00101 0.00000 ( 1)
 202 T   0.99324 0.00514 0.00161 0.00001 ( 1)
 203 L   0.93993 0.05603 0.00380 0.00023 ( 1)
 204 S   0.15758 0.84075 0.00025 0.00141 ( 2)
 205 V   0.97930 0.01848 0.00218 0.00004 ( 1)
 206 L   0.98201 0.01530 0.00265 0.00004 ( 1)
 207 D   0.99777 0.00059 0.00164 0.00000 ( 1)
 208 I   0.43984 0.55798 0.00092 0.00125 ( 2)
 209 V   0.96926 0.02870 0.00198 0.00006 ( 1)
 210 A   0.97186 0.02642 0.00168 0.00005 ( 1)
 211 L   0.90161 0.08902 0.00849 0.00088 ( 1)
 212 F   0.97633 0.02004 0.00356 0.00007 ( 1)
 213 P   0.99066 0.00765 0.00168 0.00001 ( 1)
 214 L   0.03485 0.95625 0.00031 0.00859 ( 2)


lnL = -3770.452178

