Supplemental results for CODEML (seqf: algn  treef: tree)


dN/dS (w) for site classes (K=4)

site class             0        1       2a       2b
proportion       0.29891  0.18840  0.31448  0.19821
background w     0.10230  1.00000  0.10230  1.00000
foreground w     0.10230  1.00000  1.00000  1.00000

Naive Empirical Bayes (NEB) probabilities for 4 classes
(amino acids refer to 1st sequence: BT_Cry21Aa1)

   1 -   0.29891 0.18840 0.31448 0.19821 ( 3)
   2 V   0.44687 0.04044 0.47014 0.04255 ( 3)
   3 D   0.47015 0.01716 0.49463 0.01806 ( 3)
   4 I   0.48153 0.00602 0.50613 0.00633 ( 3)
   5 Q   0.01528 0.44183 0.07805 0.46484 ( 4)
   6 L   0.08826 0.24622 0.40648 0.25904 ( 3)
   7 D   0.82522 0.00229 0.17008 0.00241 ( 1)
   8 Q   0.71082 0.01106 0.26649 0.01163 ( 1)
   9 T   0.80828 0.00150 0.18863 0.00158 ( 1)
  10 R   0.87318 0.00045 0.12589 0.00048 ( 1)
  11 L   0.24478 0.02140 0.71130 0.02252 ( 3)
  12 V   0.45994 0.00365 0.53257 0.00384 ( 3)
  13 F   0.50369 0.00162 0.49299 0.00170 ( 1)
  14 S   0.77999 0.00200 0.21590 0.00211 ( 1)
  15 D   0.83947 0.00186 0.15672 0.00195 ( 1)
  16 V   0.49702 0.08744 0.32354 0.09200 ( 1)
  17 A   0.73158 0.01832 0.23082 0.01928 ( 1)
  18 G   0.81248 0.00014 0.18723 0.00015 ( 1)
  19 P   0.39321 0.00317 0.60029 0.00333 ( 3)
  20 W   0.00213 0.48518 0.00224 0.51044 ( 4)
  21 E   0.48293 0.00438 0.50807 0.00461 ( 3)
  22 G   0.48217 0.00514 0.50728 0.00541 ( 3)
  23 N   0.48513 0.00219 0.51039 0.00230 ( 3)
  24 D   0.47959 0.00772 0.50456 0.00812 ( 3)
  25 -   0.11697 0.37035 0.12306 0.38963 ( 4)
  26 -   0.45103 0.03628 0.47452 0.03817 ( 3)
  27 -   0.44526 0.04205 0.46845 0.04424 ( 3)
  28 -   0.43640 0.05092 0.45912 0.05357 ( 3)
  29 N   0.47497 0.01234 0.49971 0.01298 ( 3)
  30 I   0.57570 0.09710 0.22505 0.10215 ( 1)
  31 T   0.63282 0.04840 0.26786 0.05092 ( 1)
  32 S   0.00646 0.47300 0.02292 0.49763 ( 4)
  33 N   0.70107 0.02715 0.24322 0.02856 ( 1)
  34 I   0.22698 0.09003 0.58828 0.09472 ( 3)
  35 I   0.74768 0.01356 0.22449 0.01427 ( 1)
  36 D   0.00005 0.48721 0.00017 0.51258 ( 4)
  37 V   0.00013 0.48692 0.00067 0.51227 ( 4)
  38 L   0.29694 0.08781 0.52287 0.09238 ( 3)
  39 T   0.00234 0.48047 0.01171 0.50548 ( 4)
  40 P   0.00186 0.47694 0.01943 0.50177 ( 4)
  41 I   0.64359 0.10164 0.14784 0.10693 ( 1)
  42 N   0.43399 0.17298 0.21105 0.18198 ( 1)
  43 T   0.51438 0.02904 0.42603 0.03055 ( 1)
  44 G   0.00873 0.42660 0.11586 0.44881 ( 4)
  45 I   0.22632 0.32220 0.11250 0.33897 ( 4)
  46 G   0.01538 0.46106 0.03850 0.48506 ( 4)
  47 F   0.01601 0.38332 0.19740 0.40328 ( 4)
  48 Q   0.02724 0.46008 0.02865 0.48403 ( 4)
  49 E   0.32557 0.16174 0.34252 0.17016 ( 3)
  50 -   0.29891 0.18840 0.31448 0.19821 ( 3)
  51 S   0.08697 0.25484 0.39008 0.26811 ( 3)
  52 S   0.77651 0.00218 0.21901 0.00230 ( 1)
  53 D   0.10793 0.42168 0.02674 0.44364 ( 4)
  54 L   0.78171 0.01013 0.19750 0.01066 ( 1)
  55 R   0.06319 0.40521 0.10530 0.42631 ( 4)
  56 K   0.46699 0.12890 0.26850 0.13561 ( 1)
  57 F   0.57254 0.13565 0.14910 0.14271 ( 1)
  58 T   0.04598 0.44133 0.04838 0.46431 ( 4)
  59 Y   0.45244 0.03488 0.47599 0.03669 ( 3)
  60 P   0.45686 0.03045 0.48065 0.03203 ( 3)
  61 R   0.43643 0.05088 0.45915 0.05353 ( 3)
  62 I   0.25637 0.23094 0.26972 0.24297 ( 3)
  63 E   0.45349 0.03382 0.47710 0.03558 ( 3)
  64 L   0.79618 0.00037 0.20306 0.00039 ( 1)
  65 Q   0.10712 0.39513 0.08204 0.41570 ( 4)
  66 S   0.44565 0.22645 0.08966 0.23824 ( 1)
  67 M   0.01506 0.44834 0.06493 0.47168 ( 4)
  68 Q   0.57226 0.05252 0.31997 0.05526 ( 1)
  69 F   0.48227 0.00883 0.49960 0.00929 ( 3)
  70 H   0.03553 0.46522 0.00980 0.48944 ( 4)
  71 G   0.00179 0.48453 0.00393 0.50976 ( 4)
  72 Q   0.41193 0.14949 0.28132 0.15727 ( 1)
  73 Y   0.00019 0.48716 0.00012 0.51253 ( 4)
  74 V   0.74949 0.05602 0.13556 0.05893 ( 1)
  75 N   0.02127 0.47323 0.00762 0.49787 ( 4)
  76 S   0.01193 0.44269 0.07964 0.46574 ( 4)
  77 K   0.45299 0.01299 0.52036 0.01366 ( 3)
  78 S   0.40850 0.01696 0.55671 0.01784 ( 3)
  79 V   0.00531 0.47329 0.02347 0.49793 ( 4)
  80 E   0.01168 0.47581 0.01192 0.50058 ( 4)
  81 -   0.10933 0.33769 0.19771 0.35527 ( 4)
  82 -   0.33395 0.04125 0.58142 0.04339 ( 3)
  83 -   0.02213 0.44355 0.06768 0.46665 ( 4)
  84 H   0.18605 0.12156 0.56450 0.12789 ( 3)
  85 C   0.19783 0.00855 0.78462 0.00900 ( 3)
  86 Y   0.84955 0.00151 0.14735 0.00159 ( 1)
  87 S   0.17711 0.01745 0.78707 0.01836 ( 3)
  88 D   0.04664 0.30374 0.33006 0.31956 ( 3)
  89 G   0.34419 0.17763 0.29131 0.18688 ( 1)
  90 L   0.31283 0.05591 0.57244 0.05882 ( 3)
  91 K   0.02528 0.36878 0.21796 0.38798 ( 4)
  92 L   0.10009 0.03347 0.83122 0.03522 ( 3)
  93 N   0.63074 0.03266 0.30223 0.03436 ( 1)
  94 Y   0.04247 0.45122 0.03159 0.47472 ( 4)
  95 K   0.00520 0.47306 0.02405 0.49769 ( 4)
  96 N   0.04553 0.45193 0.02708 0.47546 ( 4)
  97 K   0.17189 0.18936 0.43953 0.19922 ( 3)
  98 T   0.11911 0.29387 0.27784 0.30917 ( 4)
  99 I   0.53683 0.15397 0.14721 0.16199 ( 1)
 100 T   0.25835 0.27882 0.16949 0.29334 ( 4)
 101 A   0.26561 0.24047 0.24093 0.25299 ( 1)
 102 G   0.75436 0.05759 0.12747 0.06059 ( 1)
 103 V   0.36980 0.16602 0.28951 0.17467 ( 1)
 104 S   0.02386 0.43176 0.09013 0.45424 ( 4)
 105 N   0.63294 0.08462 0.19341 0.08903 ( 1)
 106 I   0.03957 0.45247 0.03194 0.47602 ( 4)
 107 D   0.18776 0.06113 0.68679 0.06432 ( 3)
 108 E   0.83671 0.00894 0.14495 0.00940 ( 1)
 109 S   0.05057 0.43786 0.05091 0.46066 ( 4)
 110 N   0.11117 0.38087 0.10726 0.40070 ( 4)
 111 -   0.29891 0.18840 0.31448 0.19821 ( 3)
 112 Q   0.00098 0.48648 0.00074 0.51181 ( 4)
 113 N   0.01349 0.47123 0.01950 0.49577 ( 4)
 114 N   0.35263 0.27347 0.08620 0.28770 ( 1)
 115 K   0.29568 0.28226 0.12510 0.29696 ( 4)
 116 H   0.37157 0.04454 0.53703 0.04686 ( 3)
 117 N   0.72746 0.05014 0.16966 0.05275 ( 1)
 118 Y   0.13704 0.01636 0.82938 0.01721 ( 3)
 119 G   0.87689 0.00240 0.11820 0.00252 ( 1)
 120 P   0.04248 0.28380 0.37514 0.29858 ( 3)
 121 V   0.01956 0.46727 0.02157 0.49160 ( 4)
 122 I   0.09270 0.21880 0.45832 0.23019 ( 3)
 123 N   0.15201 0.31835 0.19472 0.33492 ( 4)
 124 S   0.08004 0.43780 0.02157 0.46059 ( 4)
 125 P   0.16071 0.06757 0.70063 0.07109 ( 3)
 126 I   0.15563 0.17453 0.48622 0.18362 ( 3)
 127 -   0.03319 0.45402 0.03513 0.47766 ( 4)
 128 -   0.00135 0.48616 0.00102 0.51147 ( 4)
 129 -   0.52262 0.03015 0.41551 0.03172 ( 1)
 130 -   0.44947 0.03785 0.47287 0.03982 ( 3)
 131 -   0.40993 0.07738 0.43127 0.08141 ( 3)
 132 -   0.39501 0.09230 0.41558 0.09711 ( 3)
 133 -   0.43552 0.05180 0.45819 0.05449 ( 3)
 134 -   0.21676 0.27055 0.22805 0.28464 ( 4)
 135 -   0.45103 0.03628 0.47452 0.03817 ( 3)
 136 -   0.64995 0.01488 0.31952 0.01565 ( 1)
 137 -   0.18290 0.28409 0.23412 0.29889 ( 4)
 138 -   0.30052 0.06130 0.57368 0.06450 ( 3)
 139 -   0.27674 0.14541 0.42488 0.15298 ( 3)
 140 -   0.05531 0.43481 0.05244 0.45744 ( 4)
 141 T   0.22049 0.33882 0.08424 0.35646 ( 4)
 142 D   0.41292 0.07171 0.43992 0.07544 ( 3)
 143 I   0.01757 0.44523 0.06879 0.46841 ( 4)
 144 N   0.18421 0.01639 0.78216 0.01724 ( 3)
 145 V   0.06512 0.30150 0.31619 0.31720 ( 4)
 146 N   0.11616 0.21383 0.44504 0.22497 ( 3)
 147 S   0.12399 0.15986 0.54796 0.16818 ( 3)
 148 Q   0.04259 0.00545 0.94623 0.00573 ( 3)
 149 N   0.47065 0.00271 0.52378 0.00285 ( 3)
 150 S   0.77829 0.00152 0.21859 0.00160 ( 1)
 151 Q   0.87360 0.00141 0.12350 0.00149 ( 1)
 152 Y   0.68001 0.00998 0.29952 0.01049 ( 1)
 153 L   0.44410 0.19650 0.15268 0.20673 ( 1)
 154 D   0.01349 0.47195 0.01802 0.49653 ( 4)
 155 L   0.03036 0.44638 0.05364 0.46962 ( 4)
 156 N   0.00766 0.46748 0.03303 0.49182 ( 4)
 157 S   0.15454 0.10279 0.63453 0.10814 ( 3)
 158 V   0.23155 0.22326 0.31031 0.23488 ( 3)
 159 M   0.04166 0.42246 0.09143 0.44445 ( 4)
 160 V   0.26404 0.19529 0.33520 0.20546 ( 3)
 161 N   0.67131 0.06434 0.19665 0.06769 ( 1)
 162 G   0.71683 0.04795 0.18476 0.05045 ( 1)
 163 -   0.29891 0.18840 0.31448 0.19821 ( 3)
 164 -   0.47353 0.08107 0.36010 0.08529 ( 1)
 165 -   0.50622 0.04584 0.39971 0.04823 ( 1)
 166 -   0.23277 0.07826 0.60664 0.08233 ( 3)
 167 -   0.00040 0.48688 0.00049 0.51223 ( 4)
 168 -   0.13847 0.35600 0.13099 0.37454 ( 4)
 169 -   0.14321 0.33840 0.16238 0.35602 ( 4)
 170 G   0.11135 0.36248 0.14482 0.38135 ( 4)
 171 Q   0.11704 0.01626 0.84960 0.01711 ( 3)
 172 K   0.00811 0.47785 0.01131 0.50273 ( 4)
 173 V   0.09868 0.09574 0.70486 0.10072 ( 3)
 174 T   0.09740 0.31290 0.26050 0.32919 ( 4)
 175 G   0.00199 0.48376 0.00531 0.50894 ( 4)
 176 C   0.08623 0.08847 0.73222 0.09308 ( 3)
 177 S   0.19976 0.34095 0.10058 0.35871 ( 4)
 178 P   0.00170 0.48279 0.00759 0.50792 ( 4)
 179 L   0.41000 0.02043 0.54808 0.02149 ( 3)
 180 S   0.06592 0.39983 0.11360 0.42065 ( 4)
 181 S   0.02804 0.44426 0.06030 0.46739 ( 4)
 182 N   0.61567 0.09971 0.17972 0.10490 ( 1)
 183 G   0.01547 0.47185 0.01627 0.49642 ( 4)
 184 N   0.05019 0.38931 0.15092 0.40959 ( 4)
 185 S   0.35294 0.00189 0.64318 0.00199 ( 3)
 186 N   0.54514 0.07946 0.29180 0.08360 ( 1)
 187 N   0.00741 0.48094 0.00568 0.50598 ( 4)
 188 A   0.03760 0.35242 0.23921 0.37077 ( 4)
 189 A   0.15565 0.36560 0.09412 0.38464 ( 4)
 190 L   0.83213 0.00135 0.16510 0.00142 ( 1)
 191 P   0.88350 0.00028 0.11593 0.00029 ( 1)
 192 N   0.23008 0.03621 0.69562 0.03809 ( 3)
 193 Q   0.65832 0.00369 0.33411 0.00388 ( 1)
 194 K   0.52566 0.00313 0.46791 0.00330 ( 1)
 195 I   0.00934 0.48130 0.00301 0.50636 ( 4)
 196 N   0.09700 0.08192 0.73491 0.08618 ( 3)
 197 V   0.00471 0.45431 0.06302 0.47796 ( 4)
 198 I   0.09318 0.35997 0.16814 0.37871 ( 4)
 199 Y   0.14766 0.00235 0.84751 0.00247 ( 3)
 200 S   0.38488 0.01599 0.58231 0.01682 ( 3)
 201 V   0.16050 0.38767 0.04398 0.40785 ( 4)
 202 Q   0.26845 0.33802 0.03792 0.35562 ( 4)
 203 S   0.40226 0.05072 0.49366 0.05336 ( 3)
 204 N   0.14444 0.18527 0.47538 0.19491 ( 3)
 205 D   0.36960 0.18050 0.26000 0.18990 ( 1)
 206 K   0.16201 0.36102 0.09714 0.37982 ( 4)
 207 P   0.14014 0.04957 0.75813 0.05215 ( 3)
 208 -   0.29891 0.18840 0.31448 0.19821 ( 3)
 209 -   0.29891 0.18840 0.31448 0.19821 ( 3)
 210 -   0.29891 0.18840 0.31448 0.19821 ( 3)
 211 -   0.29891 0.18840 0.31448 0.19821 ( 3)
 212 E   0.00772 0.45892 0.05054 0.48282 ( 4)
 213 K   0.35523 0.18359 0.26803 0.19315 ( 1)
 214 H   0.31637 0.17311 0.32841 0.18212 ( 3)
 215 A   0.29439 0.22727 0.23925 0.23910 ( 1)
 216 D   0.57876 0.02730 0.36521 0.02873 ( 1)
 217 T   0.14219 0.07828 0.69718 0.08235 ( 3)
 218 Y   0.28848 0.30562 0.08437 0.32153 ( 4)
 219 R   0.00419 0.47478 0.02153 0.49950 ( 4)
 220 K   0.19173 0.06587 0.67310 0.06930 ( 3)
 221 W   0.22139 0.32788 0.10577 0.34495 ( 4)
 222 G   0.15928 0.04821 0.74179 0.05072 ( 3)
 223 Y   0.20604 0.06121 0.66834 0.06440 ( 3)
 224 M   0.06827 0.36028 0.19241 0.37904 ( 4)
 225 S   0.03972 0.00196 0.95627 0.00206 ( 3)
 226 S   0.04175 0.44246 0.05030 0.46549 ( 4)
 227 H   0.06216 0.05581 0.82330 0.05872 ( 3)
 228 I   0.20357 0.02183 0.75163 0.02297 ( 3)
 229 P   0.06471 0.00555 0.92391 0.00584 ( 3)
 230 Y   0.16535 0.02913 0.77488 0.03064 ( 3)
 231 D   0.45425 0.03457 0.47481 0.03637 ( 3)
 232 L   0.19902 0.13890 0.51595 0.14613 ( 3)
 233 V   0.01136 0.47708 0.00964 0.50192 ( 4)
 234 P   0.19220 0.02520 0.75608 0.02652 ( 3)
 235 E   0.00267 0.48495 0.00218 0.51020 ( 4)
 236 N   0.13004 0.04040 0.78705 0.04251 ( 3)
 237 V   0.44495 0.00344 0.54799 0.00362 ( 3)
 238 I   0.73565 0.00650 0.25100 0.00684 ( 1)
 239 G   0.88815 0.00041 0.11101 0.00043 ( 1)
 240 D   0.03056 0.02599 0.91611 0.02734 ( 3)
 241 I   0.43315 0.03024 0.50479 0.03181 ( 3)
 242 D   0.47833 0.00898 0.50324 0.00945 ( 3)
 243 P   0.33156 0.15575 0.34882 0.16386 ( 3)
 244 D   0.48330 0.00401 0.50847 0.00422 ( 3)
 245 T   0.43417 0.05315 0.45677 0.05591 ( 3)
 246 K   0.48014 0.00718 0.50514 0.00755 ( 3)
 247 Q   0.47354 0.01377 0.49820 0.01449 ( 3)
 248 P   0.47027 0.01704 0.49476 0.01793 ( 3)
 249 S   0.47446 0.01285 0.49917 0.01352 ( 3)
 250 -   0.23193 0.25539 0.24400 0.26869 ( 4)
 251 -   0.26575 0.22157 0.27958 0.23310 ( 3)
 252 -   0.41376 0.07356 0.43530 0.07739 ( 3)
 253 -   0.43459 0.05272 0.45722 0.05547 ( 3)
 254 -   0.45418 0.03313 0.47783 0.03486 ( 3)
 255 -   0.04160 0.44571 0.04376 0.46892 ( 4)
 256 -   0.04670 0.44061 0.04914 0.46355 ( 4)
 257 -   0.02225 0.46506 0.02341 0.48928 ( 4)
 258 -   0.20411 0.28320 0.21474 0.29795 ( 4)
 259 -   0.41408 0.07324 0.43564 0.07705 ( 3)
 260 -   0.46163 0.02568 0.48567 0.02702 ( 3)
 261 -   0.29891 0.18840 0.31448 0.19821 ( 3)
 262 -   0.29891 0.18840 0.31448 0.19821 ( 3)
 263 -   0.29891 0.18840 0.31448 0.19821 ( 3)
 264 -   0.29891 0.18840 0.31448 0.19821 ( 3)
 265 -   0.29891 0.18840 0.31448 0.19821 ( 3)
 266 -   0.29891 0.18840 0.31448 0.19821 ( 3)
 267 -   0.29891 0.18840 0.31448 0.19821 ( 3)
 268 -   0.29891 0.18840 0.31448 0.19821 ( 3)
 269 -   0.42678 0.06053 0.44900 0.06368 ( 3)
 270 -   0.23077 0.25655 0.24278 0.26991 ( 4)
 271 -   0.45418 0.03313 0.47783 0.03486 ( 3)
 272 -   0.42085 0.06646 0.44276 0.06992 ( 3)
 273 -   0.38091 0.10640 0.40074 0.11194 ( 3)
 274 -   0.40669 0.08063 0.42786 0.08483 ( 3)
 275 -   0.41579 0.07153 0.43744 0.07525 ( 3)
 276 -   0.34767 0.13964 0.36578 0.14691 ( 3)
 277 -   0.44172 0.04559 0.46472 0.04796 ( 3)
 278 -   0.45387 0.03345 0.47750 0.03519 ( 3)
 279 -   0.03680 0.45051 0.03872 0.47397 ( 4)
 280 -   0.39676 0.09056 0.41741 0.09527 ( 3)


lnL = -3842.528245

