Supplemental results for CODEML (seqf: algn  treef: tree)


dN/dS (w) for site classes (K=4)

site class             0        1       2a       2b
proportion       0.46837  0.36187  0.09576  0.07399
background w     0.04920  0.67472  0.04920  0.67472
foreground w     0.04920  0.67472  7.45460  7.45460

Naive Empirical Bayes (NEB) probabilities for 4 classes
(amino acids refer to 1st sequence: BT_Cry7Ba1)

   1 -   0.46837 0.36187 0.09576 0.07399 ( 1)
   2 -   0.09363 0.73662 0.01914 0.15061 ( 2)
   3 -   0.51585 0.31439 0.10547 0.06428 ( 1)
   4 -   0.55615 0.27409 0.11371 0.05604 ( 1)
   5 -   0.00300 0.82724 0.00061 0.16914 ( 2)
   6 S   0.04117 0.92495 0.00111 0.03278 ( 2)
   7 K   0.04063 0.93554 0.00051 0.02332 ( 2)
   8 I   0.11276 0.83659 0.00433 0.04632 ( 2)
   9 L   0.77413 0.17038 0.04422 0.01127 ( 1)
  10 K   0.79160 0.19400 0.00974 0.00465 ( 1)
  11 E   0.00175 0.95442 0.00006 0.04377 ( 2)
  12 I   0.93432 0.04768 0.01668 0.00133 ( 1)
  13 L   0.71664 0.13336 0.12732 0.02268 ( 1)
  14 D   0.27352 0.31351 0.39043 0.02253 ( 3)
  15 Y   0.00584 0.96027 0.00016 0.03373 ( 2)
  16 L   0.90963 0.06315 0.02483 0.00239 ( 1)
  17 W   0.75585 0.16636 0.06283 0.01496 ( 1)
  18 P   0.78319 0.14153 0.06293 0.01235 ( 1)
  19 S   0.01779 0.80424 0.06486 0.11311 ( 2)
  20 S   0.90047 0.06720 0.02956 0.00277 ( 1)
  21 S   0.02384 0.09452 0.82249 0.05915 ( 3)
  22 S   0.00424 0.46067 0.23091 0.30419 ( 2)
  23 S   0.00341 0.38646 0.27609 0.33404 ( 2)
  24 N   0.09177 0.51945 0.22962 0.15916 ( 2)
  25 S   0.37711 0.58322 0.01384 0.02584 ( 2)
  26 W   0.75585 0.16636 0.06283 0.01496 ( 1)
  27 E   0.02089 0.71882 0.13187 0.12842 ( 2)
  28 E   0.58562 0.33494 0.05326 0.02617 ( 1)
  29 M   0.37220 0.61181 0.00470 0.01129 ( 2)
  30 M   0.97187 0.01678 0.01107 0.00028 ( 1)
  31 K   0.05658 0.72773 0.09020 0.12548 ( 2)
  32 E   0.00040 0.91917 0.00028 0.08015 ( 2)
  33 V   0.95068 0.03621 0.01214 0.00097 ( 1)
  34 E   0.93080 0.03668 0.03072 0.00180 ( 1)
  35 Y   0.00277 0.16105 0.76856 0.06762 ( 3)
  36 L   0.88672 0.08993 0.02069 0.00265 ( 1)
  37 I   0.95256 0.03164 0.01496 0.00084 ( 1)
  38 D   0.82040 0.16805 0.00821 0.00334 ( 1)
  39 K   0.22928 0.26633 0.47637 0.02802 ( 3)
  40 K   0.96242 0.02636 0.01060 0.00061 ( 1)
  41 I   0.96554 0.02462 0.00931 0.00054 ( 1)
  42 E   0.47135 0.42582 0.04791 0.05492 ( 1)
  43 E   0.95221 0.03609 0.01084 0.00086 ( 1)
  44 Y   0.00002 0.81968 0.00017 0.18013 ( 2)
  45 A   0.22783 0.44033 0.30377 0.02806 ( 2)
  46 R   0.14632 0.77284 0.01199 0.06885 ( 2)
  47 N   0.00789 0.81416 0.00134 0.17661 ( 2)
  48 K   0.08884 0.75682 0.02640 0.12795 ( 2)
  49 A   0.96205 0.02646 0.01096 0.00053 ( 1)
  50 L   0.92856 0.04839 0.02160 0.00145 ( 1)
  51 A   0.01392 0.27969 0.28529 0.42110 ( 4)
  52 V   0.00477 0.07736 0.59193 0.32594 ( 3)
  53 L   0.82999 0.11566 0.04688 0.00747 ( 1)
  54 E   0.06112 0.91283 0.00088 0.02517 ( 2)
  55 G   0.00135 0.65663 0.20601 0.13602 ( 2)
  56 I   0.12960 0.84718 0.00172 0.02150 ( 2)
  57 G   0.94649 0.03433 0.01826 0.00093 ( 1)
  58 N   0.00523 0.86774 0.01685 0.11018 ( 2)
  59 A   0.88435 0.09372 0.01910 0.00283 ( 1)
  60 V   0.46723 0.51203 0.00725 0.01349 ( 2)
  61 E   0.11403 0.86186 0.00162 0.02249 ( 2)
  62 S   0.00764 0.24691 0.18692 0.55854 ( 4)
  63 Y   0.93454 0.04434 0.01978 0.00134 ( 1)
  64 Y   0.08554 0.88151 0.00213 0.03082 ( 2)
  65 S   0.07627 0.79613 0.04784 0.07975 ( 2)
  66 A   0.96205 0.02646 0.01096 0.00053 ( 1)
  67 L   0.61937 0.34849 0.01844 0.01370 ( 1)
  68 E   0.62395 0.33011 0.02887 0.01707 ( 1)
  69 A   0.02333 0.17658 0.74355 0.05654 ( 3)
  70 W   0.75585 0.16636 0.06283 0.01496 ( 1)
  71 E   0.68380 0.29916 0.00922 0.00782 ( 1)
  72 -   0.04917 0.78108 0.01005 0.15970 ( 2)
  73 L   0.00203 0.86698 0.00400 0.12700 ( 2)
  74 E   0.00037 0.03154 0.88064 0.08745 ( 3)
  75 S   0.00022 0.49371 0.07243 0.43364 ( 2)
  76 S   0.00201 0.86863 0.00802 0.12134 ( 2)
  77 E   0.00056 0.67881 0.02279 0.29785 ( 2)
  78 R   0.02987 0.88599 0.00219 0.08194 ( 2)
  79 S   0.96515 0.02148 0.01297 0.00040 ( 1)
  80 L   0.07520 0.86885 0.00357 0.05237 ( 2)
  81 E   0.00723 0.78045 0.00232 0.21000 ( 2)
  82 L   0.03003 0.56911 0.01941 0.38144 ( 2)
  83 V   0.95068 0.03621 0.01214 0.00097 ( 1)
  84 L   0.00065 0.77218 0.01019 0.21697 ( 2)
  85 E   0.00019 0.01529 0.65557 0.32895 ( 3)
  86 R   0.88475 0.06404 0.04730 0.00391 ( 1)
  87 Y   0.56357 0.41020 0.01320 0.01302 ( 1)
  88 Q   0.00000 0.00470 0.00133 0.99397 ( 4)
  89 F   0.00483 0.70737 0.01653 0.27127 ( 2)
  90 A   0.84695 0.10022 0.04652 0.00631 ( 1)
  91 V   0.01435 0.42709 0.24646 0.31210 ( 2)
  92 Q   0.54401 0.38808 0.03832 0.02959 ( 1)
  93 F   0.04786 0.89475 0.00984 0.04755 ( 2)
  94 A   0.10508 0.87215 0.00157 0.02121 ( 2)
  95 R   0.88521 0.10158 0.01121 0.00200 ( 1)
  96 S   0.02025 0.37540 0.23507 0.36928 ( 2)
  97 S   0.00003 0.10629 0.03737 0.85631 ( 4)
  98 M   0.97187 0.01678 0.01107 0.00028 ( 1)
  99 P   0.03712 0.93286 0.00088 0.02914 ( 2)
 100 S   0.04678 0.81275 0.00476 0.13571 ( 2)
 101 F   0.95076 0.03302 0.01534 0.00088 ( 1)
 102 A   0.02838 0.80903 0.00486 0.15772 ( 2)
 103 I   0.00592 0.22047 0.30285 0.47076 ( 4)
 104 I   0.00002 0.02955 0.58925 0.38118 ( 3)
 105 N   0.00324 0.23832 0.70779 0.05066 ( 3)
 106 Y   0.62346 0.35097 0.01424 0.01133 ( 1)
 107 E   0.96125 0.02719 0.01088 0.00067 ( 1)
 108 I   0.94910 0.03512 0.01486 0.00093 ( 1)
 109 P   0.76646 0.12742 0.09035 0.01576 ( 1)
 110 L   0.83919 0.12804 0.02672 0.00605 ( 1)
 111 L   0.89991 0.07272 0.02464 0.00273 ( 1)
 112 A   0.96205 0.02646 0.01096 0.00053 ( 1)
 113 T   0.96170 0.02649 0.01128 0.00053 ( 1)
 114 Y   0.93454 0.04434 0.01978 0.00134 ( 1)
 115 A   0.95455 0.03389 0.01090 0.00066 ( 1)
 116 N   0.17021 0.81161 0.00183 0.01634 ( 2)
 117 A   0.94290 0.03860 0.01748 0.00103 ( 1)
 118 A   0.95098 0.03742 0.01088 0.00073 ( 1)
 119 N   0.97215 0.01915 0.00835 0.00035 ( 1)
 120 V   0.49614 0.47822 0.00993 0.01571 ( 1)
 121 H   0.96506 0.02225 0.01228 0.00041 ( 1)
 122 L   0.89537 0.07342 0.02803 0.00319 ( 1)
 123 L   0.64503 0.32859 0.01609 0.01030 ( 1)
 124 L   0.90387 0.06862 0.02491 0.00260 ( 1)
 125 M   0.76555 0.22136 0.00920 0.00389 ( 1)
 126 R   0.75241 0.23311 0.00994 0.00454 ( 1)
 127 D   0.97186 0.01938 0.00839 0.00037 ( 1)
 128 I   0.01207 0.94544 0.00155 0.04094 ( 2)
 129 Q   0.94440 0.03612 0.01853 0.00095 ( 1)
 130 I   0.96166 0.02836 0.00937 0.00061 ( 1)
 131 Y   0.81667 0.09565 0.07786 0.00983 ( 1)
 132 G   0.84429 0.10198 0.04727 0.00645 ( 1)
 133 D   0.07934 0.78759 0.08652 0.04655 ( 2)
 134 R   0.01453 0.69881 0.04805 0.23861 ( 2)
 135 W   0.75585 0.16636 0.06283 0.01496 ( 1)
 136 G   0.00240 0.01367 0.94213 0.04180 ( 3)
 137 I   0.06810 0.90846 0.00074 0.02269 ( 2)
 138 S   0.00320 0.62303 0.02114 0.35263 ( 2)
 139 Q   0.61292 0.34767 0.02226 0.01716 ( 1)
 140 N   0.00021 0.89106 0.00297 0.10575 ( 2)
 141 D   0.97186 0.01938 0.00839 0.00037 ( 1)
 142 M   0.00369 0.09007 0.83499 0.07126 ( 3)
 143 N   0.03557 0.33570 0.36645 0.26227 ( 3)
 144 L   0.74779 0.15761 0.07722 0.01739 ( 1)
 145 F   0.44200 0.45302 0.04594 0.05904 ( 2)
 146 L   0.08046 0.87939 0.00264 0.03751 ( 2)
 147 K   0.00366 0.79214 0.00508 0.19913 ( 2)
 148 E   0.96125 0.02719 0.01088 0.00067 ( 1)
 149 Q   0.94440 0.03612 0.01853 0.00095 ( 1)
 150 E   0.68184 0.30154 0.00867 0.00795 ( 1)
 151 I   0.00016 0.33266 0.07745 0.58973 ( 4)
 152 Y   0.07319 0.20629 0.66737 0.05314 ( 3)
 153 T   0.83703 0.10810 0.04780 0.00708 ( 1)
 154 S   0.00165 0.67020 0.00828 0.31988 ( 2)
 155 E   0.96125 0.02719 0.01088 0.00067 ( 1)
 156 Y   0.90087 0.07772 0.01914 0.00227 ( 1)
 157 S   0.09456 0.28990 0.54689 0.06865 ( 3)
 158 E   0.67467 0.28740 0.02523 0.01270 ( 1)
 159 H   0.21774 0.16070 0.57822 0.04334 ( 3)
 160 C   0.80026 0.10912 0.07911 0.01151 ( 1)
 161 V   0.00082 0.09009 0.47413 0.43496 ( 3)
 162 K   0.70790 0.25054 0.02835 0.01322 ( 1)
 163 W   0.00012 0.47565 0.02336 0.50086 ( 4)
 164 Y   0.93454 0.04434 0.01978 0.00134 ( 1)
 165 N   0.97215 0.01915 0.00835 0.00035 ( 1)
 166 E   0.68498 0.28108 0.02222 0.01172 ( 1)
 167 G   0.95485 0.03208 0.01244 0.00063 ( 1)
 168 L   0.90591 0.06671 0.02485 0.00253 ( 1)
 169 N   0.97215 0.01915 0.00835 0.00035 ( 1)
 170 Q   0.55654 0.42121 0.01094 0.01131 ( 1)
 171 L   0.85397 0.09174 0.04833 0.00596 ( 1)
 172 K   0.96242 0.02636 0.01060 0.00061 ( 1)
 173 T   0.14367 0.69657 0.09360 0.06617 ( 2)
 174 K   0.77716 0.20859 0.00894 0.00532 ( 1)
 175 G   0.14911 0.70683 0.08680 0.05726 ( 2)
 176 G   0.82334 0.08973 0.07782 0.00910 ( 1)
 177 A   0.05703 0.89653 0.00212 0.04432 ( 2)
 178 S   0.71884 0.26649 0.00967 0.00500 ( 1)
 179 G   0.53684 0.44143 0.01025 0.01148 ( 1)
 180 L   0.05118 0.90795 0.00166 0.03921 ( 2)
 181 V   0.05893 0.90803 0.00122 0.03182 ( 2)
 182 W   0.75585 0.16636 0.06283 0.01496 ( 1)
 183 E   0.06003 0.89812 0.00205 0.03980 ( 2)
 184 N   0.05137 0.92899 0.00055 0.01909 ( 2)
 185 Y   0.62346 0.35097 0.01424 0.01133 ( 1)
 186 N   0.92963 0.03846 0.03037 0.00154 ( 1)
 187 S   0.12240 0.35115 0.43823 0.08823 ( 3)
 188 F   0.85962 0.09242 0.04271 0.00524 ( 1)
 189 R   0.88476 0.07559 0.03609 0.00356 ( 1)
 190 T   0.63685 0.34722 0.00848 0.00745 ( 1)
 191 E   0.96125 0.02719 0.01088 0.00067 ( 1)
 192 M   0.97187 0.01678 0.01107 0.00028 ( 1)
 193 T   0.95910 0.02906 0.01128 0.00057 ( 1)
 194 I   0.21307 0.72232 0.01257 0.05204 ( 2)
 195 M   0.07001 0.88673 0.00164 0.04162 ( 2)
 196 V   0.94067 0.04503 0.01317 0.00113 ( 1)
 197 L   0.89041 0.08183 0.02465 0.00311 ( 1)
 198 D   0.97186 0.01938 0.00839 0.00037 ( 1)
 199 L   0.05910 0.76261 0.08705 0.09124 ( 2)
 200 V   0.93791 0.04767 0.01324 0.00118 ( 1)
 201 A   0.49743 0.47992 0.00926 0.01338 ( 1)
 202 I   0.11177 0.80781 0.03538 0.04504 ( 2)
 203 F   0.94332 0.04347 0.01233 0.00088 ( 1)
 204 P   0.45592 0.51980 0.00997 0.01432 ( 2)
 205 A   0.00007 0.43786 0.00900 0.55306 ( 4)


lnL = -2166.131110

