Supplemental results for CODEML (seqf: algn  treef: tree)


dN/dS (w) for site classes (K=4)

site class             0        1       2a       2b
proportion       0.30839  0.40827  0.12192  0.16141
background w     0.07809  1.00000  0.07809  1.00000
foreground w     0.07809  1.00000  5.98198  5.98198

Naive Empirical Bayes (NEB) probabilities for 4 classes
(amino acids refer to 1st sequence: BT_Cry40Aa1)

   1 P   0.00006 0.44136 0.24036 0.31821 ( 2)
   2 T   0.02976 0.96532 0.00212 0.00280 ( 2)
   3 H   0.00034 0.93305 0.02866 0.03795 ( 2)
   4 V   0.02775 0.96599 0.00270 0.00357 ( 2)
   5 E   0.76232 0.23749 0.00008 0.00011 ( 1)
   6 L   0.73583 0.26386 0.00014 0.00018 ( 1)
   7 T   0.45961 0.54025 0.00006 0.00008 ( 2)
   8 R   0.74804 0.25178 0.00007 0.00010 ( 1)
   9 E   0.88811 0.11189 0.00000 0.00000 ( 1)
  10 I   0.06319 0.93604 0.00033 0.00044 ( 2)
  11 Y   0.90551 0.09449 0.00000 0.00000 ( 1)
  12 T   0.84635 0.15363 0.00001 0.00001 ( 1)
  13 D   0.94563 0.05437 0.00000 0.00000 ( 1)
  14 P   0.21367 0.78440 0.00083 0.00110 ( 2)
  15 V   0.64893 0.34855 0.00108 0.00143 ( 1)
  16 G   0.80605 0.19389 0.00003 0.00003 ( 1)
  17 Y   0.41387 0.58607 0.00003 0.00003 ( 2)
  18 S   0.00886 0.75167 0.10305 0.13643 ( 2)
  19 S   0.00004 0.06831 0.40090 0.53075 ( 4)
  20 G   0.03866 0.81599 0.06254 0.08280 ( 2)
  21 T   0.00008 0.51956 0.20671 0.27365 ( 2)
  22 Y   0.01715 0.92141 0.02644 0.03500 ( 2)
  23 -   0.32730 0.42120 0.10822 0.14328 ( 2)
  24 S   0.00034 0.92068 0.03399 0.04499 ( 2)
  25 W   0.65925 0.33904 0.00074 0.00098 ( 1)
  26 L   0.00016 0.72390 0.11874 0.15720 ( 2)
  27 K   0.00000 0.00990 0.42605 0.56404 ( 4)
  28 Y   0.00000 0.00814 0.42681 0.56505 ( 4)
  29 W   0.00300 0.97074 0.01130 0.01496 ( 2)
  30 T   0.00012 0.15736 0.36255 0.47997 ( 4)
  31 G   0.00225 0.77088 0.09762 0.12924 ( 2)
  32 A   0.00008 0.45328 0.23523 0.31142 ( 2)
  33 F   0.91733 0.08267 0.00000 0.00000 ( 1)
  34 N   0.95899 0.04101 0.00000 0.00000 ( 1)
  35 T   0.00001 0.07569 0.39774 0.52656 ( 4)
  36 L   0.14702 0.81669 0.01562 0.02068 ( 2)
  37 E   0.88738 0.11261 0.00000 0.00000 ( 1)
  38 A   0.91374 0.08626 0.00000 0.00000 ( 1)
  39 N   0.59566 0.40432 0.00001 0.00001 ( 1)
  40 G   0.81413 0.18582 0.00002 0.00003 ( 1)
  41 T   0.84635 0.15363 0.00001 0.00001 ( 1)
  42 R   0.56494 0.42065 0.00620 0.00821 ( 1)
  43 G   0.81413 0.18582 0.00002 0.00003 ( 1)
  44 P   0.87562 0.12438 0.00000 0.00000 ( 1)
  45 G   0.91962 0.08038 0.00000 0.00000 ( 1)
  46 L   0.73650 0.26320 0.00013 0.00017 ( 1)
  47 V   0.92290 0.07710 0.00000 0.00000 ( 1)
  48 T   0.92748 0.07252 0.00000 0.00000 ( 1)
  49 W   0.00072 0.64444 0.15270 0.20215 ( 2)
  50 L   0.87001 0.12999 0.00000 0.00000 ( 1)
  51 R   0.00000 0.00097 0.42990 0.56913 ( 4)
  52 -   0.30839 0.40827 0.12192 0.16141 ( 2)
  53 S   0.00000 0.03717 0.41432 0.54851 ( 4)
  54 I   0.32583 0.67377 0.00017 0.00023 ( 2)
  55 G   0.49121 0.50870 0.00004 0.00005 ( 2)
  56 I   0.87174 0.12825 0.00000 0.00000 ( 1)
  57 Y   0.39447 0.60537 0.00007 0.00009 ( 2)
  58 N   0.05184 0.94715 0.00043 0.00057 ( 2)
  59 E   0.00424 0.97805 0.00762 0.01009 ( 2)
  60 Y   0.00000 0.03340 0.41594 0.55066 ( 4)
  61 V   0.00207 0.90926 0.03816 0.05051 ( 2)
  62 -   0.00000 0.00211 0.42941 0.56848 ( 4)
  63 -   0.00000 0.00063 0.43005 0.56933 ( 4)
  64 -   0.50594 0.42408 0.03011 0.03987 ( 1)
  65 -   0.03394 0.42299 0.23369 0.30938 ( 2)
  66 -   0.43159 0.44181 0.05448 0.07212 ( 2)
  67 -   0.00051 0.09265 0.39023 0.51661 ( 4)
  68 -   0.06246 0.56814 0.15896 0.21044 ( 2)
  69 -   0.00005 0.15454 0.36379 0.48162 ( 4)
  70 S   0.00000 0.00165 0.42960 0.56874 ( 4)
  71 R   0.00000 0.01589 0.42348 0.56063 ( 4)
  72 Y   0.04575 0.95235 0.00082 0.00109 ( 2)
  73 F   0.33462 0.66522 0.00007 0.00009 ( 2)
  74 S   0.00000 0.02286 0.42048 0.55666 ( 4)
  75 G   0.55975 0.42410 0.00695 0.00920 ( 1)
  76 W   0.65925 0.33904 0.00074 0.00098 ( 1)
  77 V   0.01452 0.94771 0.01625 0.02152 ( 2)
  78 G   0.80282 0.19710 0.00003 0.00004 ( 1)
  79 T   0.47940 0.52050 0.00004 0.00005 ( 2)
  80 R   0.86725 0.13274 0.00000 0.00000 ( 1)
  81 H   0.91562 0.08438 0.00000 0.00000 ( 1)
  82 Y   0.40790 0.59199 0.00005 0.00006 ( 2)
  83 E   0.88811 0.11189 0.00000 0.00000 ( 1)
  84 D   0.00002 0.23631 0.32862 0.43505 ( 4)
  85 Y   0.14574 0.81319 0.01767 0.02340 ( 2)
  86 T   0.84635 0.15363 0.00001 0.00001 ( 1)
  87 T   0.00000 0.04776 0.40976 0.54247 ( 4)
  88 G   0.46263 0.53730 0.00003 0.00004 ( 2)
  89 N   0.00737 0.71189 0.12081 0.15994 ( 2)
  90 G   0.05696 0.94203 0.00043 0.00057 ( 2)
  91 N   0.00037 0.95828 0.01779 0.02356 ( 2)
  92 F   0.30868 0.69102 0.00013 0.00017 ( 2)
  93 Q   0.01902 0.96220 0.00808 0.01070 ( 2)
  94 R   0.87271 0.12729 0.00000 0.00000 ( 1)
  95 M   0.02950 0.96752 0.00128 0.00170 ( 2)
  96 S   0.89384 0.10616 0.00000 0.00000 ( 1)
  97 G   0.81413 0.18582 0.00002 0.00003 ( 1)
  98 T   0.92137 0.07863 0.00000 0.00000 ( 1)
  99 T   0.65475 0.34298 0.00098 0.00130 ( 1)
 100 S   0.95227 0.04773 0.00000 0.00000 ( 1)
 101 N   0.95899 0.04101 0.00000 0.00000 ( 1)
 102 D   0.60801 0.39196 0.00002 0.00002 ( 1)
 103 L   0.00003 0.26636 0.31569 0.41793 ( 4)
 104 R   0.00019 0.91546 0.03630 0.04805 ( 2)
 105 D   0.00000 0.02868 0.41797 0.55335 ( 4)
 106 I   0.00055 0.93598 0.02731 0.03615 ( 2)
 107 S   0.00000 0.27317 0.31277 0.41406 ( 4)
 108 F   0.84281 0.15716 0.00001 0.00002 ( 1)
 109 P   0.00000 0.00000 0.43032 0.56968 ( 4)
 110 N   0.00039 0.90366 0.04129 0.05467 ( 2)
 111 S   0.00000 0.00655 0.42750 0.56596 ( 4)
 112 D   0.00095 0.98171 0.00746 0.00988 ( 2)
 113 I   0.00263 0.97324 0.01038 0.01374 ( 2)
 114 F   0.44614 0.55381 0.00002 0.00003 ( 2)
 115 K   0.04123 0.95717 0.00069 0.00091 ( 2)
 116 I   0.93471 0.06529 0.00000 0.00000 ( 1)
 117 E   0.00000 0.00025 0.43021 0.56954 ( 4)
 118 S   0.71790 0.28151 0.00026 0.00034 ( 1)
 119 K   0.00000 0.10481 0.38521 0.50997 ( 4)
 120 A   0.44215 0.55769 0.00007 0.00009 ( 2)
 121 I   0.12809 0.75585 0.04994 0.06612 ( 2)
 122 M   0.00000 0.01251 0.42493 0.56256 ( 4)
 123 N   0.00000 0.00293 0.42905 0.56802 ( 4)
 124 L   0.00000 0.02330 0.42029 0.55641 ( 4)
 125 V   0.00000 0.01651 0.42321 0.56028 ( 4)
 126 G   0.00000 0.03380 0.41577 0.55043 ( 4)
 127 E   0.00001 0.14601 0.36748 0.48650 ( 4)
 128 I   0.00002 0.72354 0.11896 0.15749 ( 2)
 129 N   0.00000 0.00146 0.42969 0.56885 ( 4)
 130 -   0.01459 0.87793 0.04625 0.06123 ( 2)
 131 -   0.30839 0.40827 0.12192 0.16141 ( 2)
 132 -   0.00074 0.12241 0.37732 0.49953 ( 4)
 133 -   0.58119 0.38923 0.01273 0.01685 ( 1)
 134 A   0.00155 0.82518 0.07456 0.09871 ( 2)
 135 R   0.00001 0.04565 0.41067 0.54368 ( 4)
 136 P   0.00103 0.78017 0.09415 0.12465 ( 2)
 137 E   0.00528 0.57510 0.18057 0.23905 ( 2)
 138 Y   0.00400 0.98799 0.00345 0.00456 ( 2)
 139 R   0.03805 0.96084 0.00048 0.00063 ( 2)
 140 V   0.06247 0.93645 0.00046 0.00061 ( 2)
 141 S   0.71060 0.28869 0.00030 0.00040 ( 1)
 142 R   0.01407 0.97900 0.00298 0.00395 ( 2)
 143 A   0.27671 0.72239 0.00039 0.00052 ( 2)
 144 E   0.04397 0.95433 0.00073 0.00097 ( 2)
 145 F   0.91733 0.08267 0.00000 0.00000 ( 1)
 146 S   0.00000 0.07396 0.39849 0.52755 ( 4)
 147 E   0.00000 0.00002 0.43030 0.56967 ( 4)
 148 S   0.00223 0.90698 0.03907 0.05172 ( 2)
 149 T   0.00000 0.09207 0.39069 0.51723 ( 4)
 150 -   0.30839 0.40827 0.12192 0.16141 ( 2)
 151 A   0.00000 0.02721 0.41861 0.55419 ( 4)
 152 F   0.00000 0.22302 0.33435 0.44264 ( 4)
 153 I   0.00005 0.51650 0.20803 0.27541 ( 2)
 154 Y   0.00000 0.00193 0.42948 0.56858 ( 4)
 155 L   0.00000 0.01484 0.42393 0.56123 ( 4)
 156 Y   0.90551 0.09449 0.00000 0.00000 ( 1)
 157 D   0.00569 0.98716 0.00308 0.00408 ( 2)
 158 A   0.00010 0.66595 0.14370 0.19024 ( 2)
 159 G   0.00350 0.92020 0.03283 0.04346 ( 2)
 160 N   0.50749 0.49241 0.00004 0.00005 ( 1)
 161 S   0.00013 0.78570 0.09216 0.12201 ( 2)
 162 -   0.30839 0.40827 0.12192 0.16141 ( 2)
 163 G   0.65234 0.34532 0.00100 0.00133 ( 1)
 164 L   0.00000 0.00085 0.42995 0.56920 ( 4)
 165 S   0.00000 0.02957 0.41759 0.55284 ( 4)
 166 S   0.00000 0.00257 0.42921 0.56822 ( 4)
 167 M   0.18532 0.80943 0.00226 0.00299 ( 2)
 168 T   0.84635 0.15363 0.00001 0.00001 ( 1)
 169 I   0.49203 0.50793 0.00002 0.00003 ( 2)
 170 T   0.03862 0.95701 0.00188 0.00249 ( 2)
 171 S   0.89384 0.10616 0.00000 0.00000 ( 1)
 172 K   0.00006 0.46205 0.23147 0.30643 ( 2)
 173 L   0.17232 0.82073 0.00299 0.00396 ( 2)
 174 P   0.76149 0.23837 0.00006 0.00008 ( 1)
 175 G   0.05884 0.93977 0.00060 0.00079 ( 2)
 176 I   0.00002 0.77054 0.09873 0.13071 ( 2)
 177 K   0.00000 0.01996 0.42173 0.55832 ( 4)
 178 N   0.00002 0.63315 0.15785 0.20898 ( 2)
 179 P   0.00000 0.10339 0.38582 0.51078 ( 4)
 180 E   0.00000 0.01812 0.42252 0.55936 ( 4)
 181 -   0.42225 0.46123 0.05014 0.06638 ( 2)
 182 P   0.81163 0.18829 0.00003 0.00004 ( 1)
 183 S   0.00714 0.99064 0.00095 0.00126 ( 2)
 184 Y   0.00000 0.00040 0.43014 0.56946 ( 4)
 185 R   0.00000 0.01617 0.42336 0.56047 ( 4)
 186 D   0.05834 0.93957 0.00090 0.00119 ( 2)
 187 Y   0.00368 0.43884 0.23989 0.31759 ( 2)
 188 S   0.37817 0.62172 0.00005 0.00007 ( 2)
 189 H   0.44076 0.55921 0.00001 0.00002 ( 2)
 190 R   0.03597 0.96226 0.00076 0.00101 ( 2)
 191 L   0.73650 0.26320 0.00013 0.00017 ( 1)
 192 S   0.74105 0.25845 0.00022 0.00029 ( 1)
 193 N   0.95899 0.04101 0.00000 0.00000 ( 1)
 194 A   0.65101 0.34648 0.00108 0.00143 ( 1)
 195 A   0.84215 0.15783 0.00001 0.00001 ( 1)
 196 C   0.90303 0.09696 0.00000 0.00000 ( 1)
 197 V   0.90824 0.09176 0.00000 0.00000 ( 1)
 198 G   0.00006 0.48513 0.22153 0.29328 ( 2)
 199 A   0.00000 0.01266 0.42487 0.56247 ( 4)
 200 -   0.30839 0.40827 0.12192 0.16141 ( 2)
 201 -   0.30839 0.40827 0.12192 0.16141 ( 2)
 202 G   0.00001 0.16819 0.35793 0.47386 ( 4)
 203 N   0.00013 0.19306 0.34718 0.45963 ( 4)
 204 S   0.00218 0.30046 0.30008 0.39727 ( 4)
 205 R   0.03315 0.96250 0.00187 0.00248 ( 2)
 206 I   0.00520 0.99090 0.00168 0.00222 ( 2)
 207 N   0.14606 0.84060 0.00574 0.00760 ( 2)
 208 V   0.83976 0.16022 0.00001 0.00001 ( 1)
 209 Y   0.04184 0.95509 0.00132 0.00175 ( 2)
 210 G   0.92594 0.07406 0.00000 0.00000 ( 1)
 211 W   0.65925 0.33904 0.00074 0.00098 ( 1)
 212 T   0.26638 0.73258 0.00045 0.00059 ( 2)
 213 H   0.91562 0.08438 0.00000 0.00000 ( 1)
 214 -   0.68704 0.30950 0.00149 0.00197 ( 1)


lnL = -3268.479575

Bayes Empirical Bayes (BEB) probabilities for 4 classes (class)
(amino acids refer to 1st sequence: BT_Cry40Aa1)

   1 P   0.00040 0.45930 0.23651 0.30379 ( 2)
   2 T   0.04884 0.94544 0.00260 0.00312 ( 2)
   3 H   0.00212 0.92734 0.03186 0.03869 ( 2)
   4 V   0.04598 0.94678 0.00329 0.00394 ( 2)
   5 E   0.75504 0.24473 0.00010 0.00013 ( 1)
   6 L   0.72856 0.27106 0.00017 0.00021 ( 1)
   7 T   0.44123 0.55861 0.00007 0.00009 ( 2)
   8 R   0.74077 0.25901 0.00010 0.00012 ( 1)
   9 E   0.88265 0.11734 0.00000 0.00000 ( 1)
  10 I   0.09143 0.90768 0.00040 0.00049 ( 2)
  11 Y   0.90059 0.09941 0.00000 0.00000 ( 1)
  12 T   0.83991 0.16006 0.00001 0.00002 ( 1)
  13 D   0.94225 0.05775 0.00000 0.00000 ( 1)
  14 P   0.22194 0.77579 0.00102 0.00126 ( 2)
  15 V   0.64241 0.35485 0.00121 0.00153 ( 1)
  16 G   0.79904 0.20089 0.00003 0.00004 ( 1)
  17 Y   0.40054 0.59938 0.00004 0.00004 ( 2)
  18 S   0.01584 0.75043 0.10359 0.13013 ( 2)
  19 S   0.00014 0.07124 0.39988 0.52873 ( 4)
  20 G   0.04864 0.80786 0.06381 0.07969 ( 2)
  21 T   0.00052 0.53112 0.20552 0.26285 ( 2)
  22 Y   0.02972 0.90736 0.02823 0.03470 ( 2)
  23 -   0.32785 0.42489 0.10702 0.14024 ( 2)
  24 S   0.00214 0.91606 0.03671 0.04509 ( 2)
  25 W   0.65259 0.34550 0.00085 0.00107 ( 1)
  26 L   0.00101 0.72577 0.12100 0.15222 ( 2)
  27 K   0.00001 0.01030 0.42547 0.56422 ( 4)
  28 Y   0.00000 0.00855 0.42622 0.56523 ( 4)
  29 W   0.00950 0.96207 0.01288 0.01555 ( 2)
  30 T   0.00039 0.16612 0.36011 0.47339 ( 4)
  31 G   0.00690 0.76855 0.09921 0.12534 ( 2)
  32 A   0.00048 0.46550 0.23348 0.30054 ( 2)
  33 F   0.91282 0.08718 0.00000 0.00000 ( 1)
  34 N   0.95625 0.04375 0.00000 0.00000 ( 1)
  35 T   0.00004 0.07971 0.39645 0.52380 ( 4)
  36 L   0.15866 0.80489 0.01614 0.02032 ( 2)
  37 E   0.88190 0.11809 0.00000 0.00000 ( 1)
  38 A   0.90909 0.09091 0.00000 0.00000 ( 1)
  39 N   0.56584 0.43413 0.00001 0.00002 ( 1)
  40 G   0.80721 0.19273 0.00003 0.00003 ( 1)
  41 T   0.83991 0.16006 0.00001 0.00002 ( 1)
  42 R   0.55995 0.42535 0.00645 0.00825 ( 1)
  43 G   0.80721 0.19273 0.00003 0.00003 ( 1)
  44 P   0.86983 0.13016 0.00000 0.00000 ( 1)
  45 G   0.91518 0.08482 0.00000 0.00000 ( 1)
  46 L   0.72923 0.27040 0.00016 0.00020 ( 1)
  47 V   0.91858 0.08142 0.00000 0.00000 ( 1)
  48 T   0.92334 0.07666 0.00000 0.00000 ( 1)
  49 W   0.00236 0.65571 0.15143 0.19050 ( 2)
  50 L   0.86409 0.13591 0.00000 0.00000 ( 1)
  51 R   0.00000 0.00103 0.42938 0.56960 ( 4)
  52 -   0.30915 0.41187 0.12065 0.15832 ( 2)
  53 S   0.00000 0.04160 0.41254 0.54587 ( 4)
  54 I   0.32254 0.67698 0.00021 0.00027 ( 2)
  55 G   0.46966 0.53023 0.00005 0.00006 ( 2)
  56 I   0.86585 0.13414 0.00000 0.00001 ( 1)
  57 Y   0.38325 0.61655 0.00009 0.00011 ( 2)
  58 N   0.07843 0.92043 0.00052 0.00063 ( 2)
  59 E   0.01287 0.96780 0.00877 0.01056 ( 2)
  60 Y   0.00000 0.03624 0.41472 0.54904 ( 4)
  61 V   0.00664 0.90190 0.04113 0.05033 ( 2)
  62 -   0.00000 0.00219 0.42888 0.56892 ( 4)
  63 -   0.00000 0.00065 0.42953 0.56981 ( 4)
  64 -   0.50223 0.42837 0.03010 0.03930 ( 1)
  65 -   0.03952 0.42755 0.23133 0.30160 ( 2)
  66 -   0.42968 0.44526 0.05418 0.07087 ( 2)
  67 -   0.00095 0.09593 0.38909 0.51404 ( 4)
  68 -   0.07078 0.56841 0.15710 0.20371 ( 2)
  69 -   0.00018 0.16089 0.36233 0.47659 ( 4)
  70 S   0.00000 0.00175 0.42908 0.56918 ( 4)
  71 R   0.00000 0.01757 0.42250 0.55992 ( 4)
  72 Y   0.07013 0.92765 0.00100 0.00121 ( 2)
  73 F   0.33036 0.66943 0.00009 0.00012 ( 2)
  74 S   0.00000 0.02493 0.41942 0.55565 ( 4)
  75 G   0.55488 0.42871 0.00720 0.00921 ( 1)
  76 W   0.65259 0.34550 0.00085 0.00107 ( 1)
  77 V   0.02599 0.93354 0.01830 0.02218 ( 2)
  78 G   0.79578 0.20413 0.00004 0.00005 ( 1)
  79 T   0.45904 0.54085 0.00005 0.00006 ( 2)
  80 R   0.86126 0.13873 0.00000 0.00000 ( 1)
  81 H   0.91105 0.08895 0.00000 0.00000 ( 1)
  82 Y   0.39521 0.60465 0.00006 0.00008 ( 2)
  83 E   0.88265 0.11734 0.00000 0.00000 ( 1)
  84 D   0.00015 0.25769 0.32218 0.41998 ( 4)
  85 Y   0.15734 0.80161 0.01815 0.02290 ( 2)
  86 T   0.83991 0.16006 0.00001 0.00002 ( 1)
  87 T   0.00002 0.05157 0.40828 0.54013 ( 4)
  88 G   0.44397 0.55594 0.00004 0.00005 ( 2)
  89 N   0.01327 0.71470 0.12052 0.15151 ( 2)
  90 G   0.08396 0.91486 0.00053 0.00065 ( 2)
  91 N   0.00236 0.95324 0.02010 0.02430 ( 2)
  92 F   0.30740 0.69221 0.00017 0.00021 ( 2)
  93 Q   0.03300 0.94598 0.00955 0.01148 ( 2)
  94 R   0.86685 0.13314 0.00000 0.00000 ( 1)
  95 M   0.04852 0.94774 0.00171 0.00203 ( 2)
  96 S   0.88855 0.11145 0.00000 0.00000 ( 1)
  97 G   0.80721 0.19273 0.00003 0.00003 ( 1)
  98 T   0.91700 0.08300 0.00000 0.00000 ( 1)
  99 T   0.64814 0.34937 0.00110 0.00139 ( 1)
 100 S   0.94921 0.05079 0.00000 0.00000 ( 1)
 101 N   0.95625 0.04375 0.00000 0.00000 ( 1)
 102 D   0.57749 0.42247 0.00002 0.00002 ( 1)
 103 L   0.00018 0.28666 0.30991 0.40326 ( 4)
 104 R   0.00128 0.90821 0.04099 0.04952 ( 2)
 105 D   0.00000 0.02937 0.41747 0.55317 ( 4)
 106 I   0.00276 0.93109 0.02978 0.03637 ( 2)
 107 S   0.00002 0.29134 0.30797 0.40068 ( 4)
 108 F   0.83630 0.16365 0.00002 0.00002 ( 1)
 109 P   0.00000 0.00000 0.42981 0.57019 ( 4)
 110 N   0.00238 0.89974 0.04384 0.05405 ( 2)
 111 S   0.00000 0.00679 0.42695 0.56626 ( 4)
 112 D   0.00415 0.97674 0.00868 0.01043 ( 2)
 113 I   0.00847 0.96469 0.01220 0.01464 ( 2)
 114 F   0.42928 0.57067 0.00003 0.00003 ( 2)
 115 K   0.06438 0.93368 0.00088 0.00106 ( 2)
 116 I   0.93086 0.06914 0.00000 0.00000 ( 1)
 117 E   0.00000 0.00026 0.42970 0.57004 ( 4)
 118 S   0.71069 0.28862 0.00030 0.00038 ( 1)
 119 K   0.00003 0.11735 0.38102 0.50160 ( 4)
 120 A   0.42567 0.57415 0.00008 0.00010 ( 2)
 121 I   0.13885 0.74851 0.04961 0.06303 ( 2)
 122 M   0.00000 0.01337 0.42423 0.56240 ( 4)
 123 N   0.00000 0.00306 0.42852 0.56841 ( 4)
 124 L   0.00001 0.02518 0.41931 0.55551 ( 4)
 125 V   0.00000 0.01816 0.42225 0.55958 ( 4)
 126 G   0.00000 0.03720 0.41434 0.54846 ( 4)
 127 E   0.00006 0.16287 0.36203 0.47505 ( 4)
 128 I   0.00022 0.72739 0.12123 0.15116 ( 2)
 129 N   0.00000 0.00153 0.42917 0.56931 ( 4)
 130 -   0.02548 0.86687 0.04805 0.05960 ( 2)
 131 -   0.30915 0.41187 0.12065 0.15832 ( 2)
 132 -   0.00136 0.12683 0.37593 0.49588 ( 4)
 133 -   0.57580 0.39454 0.01286 0.01680 ( 1)
 134 A   0.00499 0.82153 0.07730 0.09618 ( 2)
 135 R   0.00003 0.04817 0.40965 0.54216 ( 4)
 136 P   0.00341 0.78002 0.09665 0.11992 ( 2)
 137 E   0.00956 0.58630 0.17769 0.22645 ( 2)
 138 Y   0.01234 0.97845 0.00420 0.00501 ( 2)
 139 R   0.06027 0.93829 0.00066 0.00078 ( 2)
 140 V   0.09060 0.90820 0.00054 0.00066 ( 2)
 141 S   0.70344 0.29575 0.00036 0.00045 ( 1)
 142 R   0.02190 0.96951 0.00394 0.00465 ( 2)
 143 A   0.27882 0.72012 0.00047 0.00059 ( 2)
 144 E   0.06794 0.93008 0.00090 0.00108 ( 2)
 145 F   0.91282 0.08718 0.00000 0.00000 ( 1)
 146 S   0.00000 0.08050 0.39627 0.52322 ( 4)
 147 E   0.00000 0.00003 0.42980 0.57018 ( 4)
 148 S   0.00714 0.90032 0.04143 0.05111 ( 2)
 149 T   0.00001 0.09969 0.38824 0.51205 ( 4)
 150 -   0.30915 0.41187 0.12065 0.15832 ( 2)
 151 A   0.00000 0.02917 0.41763 0.55319 ( 4)
 152 F   0.00001 0.23939 0.32986 0.43074 ( 4)
 153 I   0.00038 0.52800 0.20686 0.26476 ( 2)
 154 Y   0.00000 0.00203 0.42896 0.56901 ( 4)
 155 L   0.00000 0.01588 0.42317 0.56095 ( 4)
 156 Y   0.90059 0.09941 0.00000 0.00000 ( 1)
 157 D   0.01672 0.97532 0.00362 0.00435 ( 2)
 158 A   0.00068 0.67323 0.14446 0.18162 ( 2)
 159 G   0.01064 0.91208 0.03458 0.04269 ( 2)
 160 N   0.48442 0.51547 0.00005 0.00006 ( 2)
 161 S   0.00085 0.78542 0.09542 0.11830 ( 2)
 162 -   0.30915 0.41187 0.12065 0.15832 ( 2)
 163 G   0.64577 0.35168 0.00113 0.00142 ( 1)
 164 L   0.00000 0.00089 0.42943 0.56967 ( 4)
 165 S   0.00001 0.03224 0.41637 0.55138 ( 4)
 166 S   0.00000 0.00268 0.42868 0.56864 ( 4)
 167 M   0.19564 0.79855 0.00259 0.00321 ( 2)
 168 T   0.83991 0.16006 0.00001 0.00002 ( 1)
 169 I   0.47044 0.52950 0.00003 0.00003 ( 2)
 170 T   0.06086 0.93434 0.00217 0.00264 ( 2)
 171 S   0.88855 0.11145 0.00000 0.00000 ( 1)
 172 K   0.00037 0.47826 0.22843 0.29293 ( 2)
 173 L   0.18342 0.80892 0.00342 0.00423 ( 2)
 174 P   0.75423 0.24560 0.00008 0.00010 ( 1)
 175 G   0.08627 0.91219 0.00069 0.00085 ( 2)
 176 I   0.00030 0.76959 0.10226 0.12785 ( 2)
 177 K   0.00000 0.02293 0.42031 0.55676 ( 4)
 178 N   0.00024 0.63949 0.15884 0.20143 ( 2)
 179 P   0.00001 0.11544 0.38183 0.50272 ( 4)
 180 E   0.00000 0.01929 0.42175 0.55896 ( 4)
 181 -   0.42097 0.46480 0.04966 0.06457 ( 2)
 182 P   0.80468 0.19523 0.00004 0.00005 ( 1)
 183 S   0.02041 0.97701 0.00118 0.00141 ( 2)
 184 Y   0.00000 0.00043 0.42963 0.56994 ( 4)
 185 R   0.00000 0.01768 0.42245 0.55987 ( 4)
 186 D   0.08615 0.91163 0.00100 0.00123 ( 2)
 187 Y   0.00669 0.45298 0.23596 0.30438 ( 2)
 188 S   0.36888 0.63097 0.00007 0.00009 ( 2)
 189 H   0.42448 0.57547 0.00002 0.00003 ( 2)
 190 R   0.05745 0.94034 0.00101 0.00120 ( 2)
 191 L   0.72923 0.27040 0.00016 0.00020 ( 1)
 192 S   0.73376 0.26567 0.00025 0.00032 ( 1)
 193 N   0.95625 0.04375 0.00000 0.00000 ( 1)
 194 A   0.64445 0.35281 0.00121 0.00153 ( 1)
 195 A   0.83564 0.16433 0.00001 0.00002 ( 1)
 196 C   0.89803 0.10197 0.00000 0.00000 ( 1)
 197 V   0.90340 0.09659 0.00000 0.00000 ( 1)
 198 G   0.00037 0.50692 0.21655 0.27616 ( 2)
 199 A   0.00000 0.01322 0.42427 0.56251 ( 4)
 200 -   0.30915 0.41187 0.12065 0.15832 ( 2)
 201 -   0.30915 0.41187 0.12065 0.15832 ( 2)
 202 G   0.00009 0.18406 0.35304 0.46281 ( 4)
 203 N   0.00045 0.20756 0.34287 0.44912 ( 4)
 204 S   0.00400 0.31381 0.29619 0.38600 ( 4)
 205 R   0.05353 0.94150 0.00226 0.00272 ( 2)
 206 I   0.01554 0.97991 0.00208 0.00247 ( 2)
 207 N   0.15834 0.82728 0.00644 0.00794 ( 2)
 208 V   0.83320 0.16677 0.00001 0.00002 ( 1)
 209 Y   0.06512 0.93143 0.00156 0.00189 ( 2)
 210 G   0.92174 0.07825 0.00000 0.00000 ( 1)
 211 W   0.65259 0.34550 0.00085 0.00107 ( 1)
 212 T   0.26961 0.72919 0.00054 0.00067 ( 2)
 213 H   0.91105 0.08895 0.00000 0.00000 ( 1)
 214 -   0.68005 0.31636 0.00157 0.00202 ( 1)

