Supplemental results for CODEML (seqf: algn  treef: tree)


dN/dS (w) for site classes (K=4)

site class             0        1       2a       2b
proportion       0.46773  0.16199  0.27503  0.09525
background w     0.08170  1.00000  0.08170  1.00000
foreground w     0.08170  1.00000  1.00000  1.00000

Naive Empirical Bayes (NEB) probabilities for 4 classes
(amino acids refer to 1st sequence: BT_Cry8Ba1)

   1 P   0.55880 0.07092 0.32858 0.04170 ( 1)
   2 F   0.57333 0.05639 0.33713 0.03316 ( 1)
   3 V   0.59314 0.03905 0.34486 0.02296 ( 1)
   4 G   0.62317 0.00946 0.36181 0.00556 ( 1)
   5 P   0.06882 0.56119 0.04001 0.32999 ( 2)
   6 I   0.62705 0.00571 0.36389 0.00336 ( 1)
   7 V   0.54149 0.09085 0.31424 0.05342 ( 1)
   8 S   0.47686 0.15509 0.27687 0.09119 ( 1)
   9 L   0.61760 0.01420 0.35984 0.00835 ( 1)
  10 Y   0.58611 0.04657 0.33993 0.02738 ( 1)
  11 T   0.49034 0.14035 0.28677 0.08253 ( 1)
  12 Q   0.00748 0.62229 0.00433 0.36591 ( 2)
  13 L   0.55644 0.07635 0.32232 0.04489 ( 1)
  14 I   0.56281 0.06881 0.32792 0.04046 ( 1)
  15 D   0.34566 0.28568 0.20068 0.16798 ( 1)
  16 I   0.23347 0.39703 0.13603 0.23346 ( 2)
  17 L   0.60864 0.02297 0.35488 0.01351 ( 1)
  18 W   0.60938 0.02124 0.35689 0.01249 ( 1)
  19 P   0.62721 0.00443 0.36575 0.00261 ( 1)
  20 S   0.00413 0.62561 0.00239 0.36787 ( 2)
  21 K   0.09584 0.53415 0.05592 0.31409 ( 2)
  22 Q   0.61617 0.01587 0.35864 0.00933 ( 1)
  23 K   0.58049 0.05268 0.33586 0.03097 ( 1)
  24 S   0.50961 0.12319 0.29476 0.07244 ( 1)
  25 Q   0.49671 0.13493 0.28902 0.07934 ( 1)
  26 W   0.60938 0.02124 0.35689 0.01249 ( 1)
  27 E   0.62895 0.00444 0.36400 0.00261 ( 1)
  28 I   0.29114 0.33900 0.17053 0.19933 ( 2)
  29 F   0.62989 0.00302 0.36532 0.00177 ( 1)
  30 M   0.63133 0.00143 0.36640 0.00084 ( 1)
  31 E   0.52974 0.10313 0.30649 0.06064 ( 1)
  32 Q   0.57867 0.05443 0.33490 0.03200 ( 1)
  33 V   0.62658 0.00660 0.36295 0.00388 ( 1)
  34 E   0.62723 0.00435 0.36586 0.00256 ( 1)
  35 E   0.09446 0.14770 0.67099 0.08685 ( 3)
  36 L   0.61165 0.02043 0.35590 0.01202 ( 1)
  37 I   0.62691 0.00584 0.36381 0.00344 ( 1)
  38 N   0.63073 0.00274 0.36492 0.00161 ( 1)
  39 Q   0.57377 0.05810 0.33396 0.03417 ( 1)
  40 K   0.61343 0.01987 0.35502 0.01168 ( 1)
  41 I   0.62928 0.00432 0.36386 0.00254 ( 1)
  42 A   0.60391 0.02876 0.35041 0.01691 ( 1)
  43 E   0.62895 0.00444 0.36400 0.00261 ( 1)
  44 Y   0.08027 0.54961 0.04694 0.32318 ( 2)
  45 A   0.60209 0.03094 0.34877 0.01819 ( 1)
  46 R   0.20087 0.42995 0.11636 0.25282 ( 2)
  47 N   0.08930 0.54083 0.05185 0.31801 ( 2)
  48 K   0.62567 0.00765 0.36218 0.00450 ( 1)
  49 A   0.62664 0.00568 0.36434 0.00334 ( 1)
  50 L   0.45865 0.17262 0.26723 0.10150 ( 1)
  51 S   0.50589 0.12542 0.29493 0.07375 ( 1)
  52 E   0.62895 0.00444 0.36400 0.00261 ( 1)
  53 L   0.61751 0.01430 0.35979 0.00841 ( 1)
  54 E   0.62588 0.00570 0.36507 0.00335 ( 1)
  55 G   0.62102 0.01129 0.36105 0.00664 ( 1)
  56 L   0.61870 0.01311 0.36048 0.00771 ( 1)
  57 G   0.52990 0.10106 0.30962 0.05942 ( 1)
  58 N   0.62839 0.00280 0.36717 0.00165 ( 1)
  59 N   0.31271 0.31831 0.18181 0.18717 ( 2)
  60 Y   0.12696 0.50301 0.07426 0.29577 ( 2)
  61 Q   0.24959 0.38087 0.14558 0.22396 ( 2)
  62 L   0.02076 0.60905 0.01205 0.35813 ( 2)
  63 Y   0.62712 0.00520 0.36462 0.00306 ( 1)
  64 L   0.30379 0.32741 0.17627 0.19252 ( 2)
  65 T   0.56855 0.06382 0.33011 0.03752 ( 1)
  66 A   0.62753 0.00535 0.36397 0.00315 ( 1)
  67 L   0.62135 0.00916 0.36411 0.00539 ( 1)
  68 E   0.62895 0.00444 0.36400 0.00261 ( 1)
  69 E   0.57996 0.05269 0.33638 0.03098 ( 1)
  70 W   0.60938 0.02124 0.35689 0.01249 ( 1)
  71 K   0.52602 0.10567 0.30617 0.06214 ( 1)
  72 E   0.15138 0.47924 0.08758 0.28180 ( 2)
  73 N   0.63073 0.00274 0.36492 0.00161 ( 1)
  74 P   0.53612 0.09522 0.31267 0.05599 ( 1)
  75 N   0.59585 0.03664 0.34596 0.02155 ( 1)
  76 G   0.27523 0.35616 0.15919 0.20943 ( 2)
  77 S   0.21997 0.41101 0.12733 0.24168 ( 2)
  78 R   0.36208 0.26904 0.21068 0.15820 ( 1)
  79 A   0.01135 0.61840 0.00662 0.36363 ( 2)
  80 L   0.45544 0.17512 0.26646 0.10297 ( 1)
  81 R   0.36520 0.26576 0.21278 0.15627 ( 1)
  82 D   0.27960 0.35099 0.16303 0.20638 ( 2)
  83 V   0.62332 0.00780 0.36429 0.00459 ( 1)
  84 R   0.00953 0.62023 0.00554 0.36470 ( 2)
  85 N   0.54054 0.09233 0.31283 0.05429 ( 1)
  86 R   0.61967 0.01295 0.35976 0.00762 ( 1)
  87 F   0.62989 0.00302 0.36532 0.00177 ( 1)
  88 E   0.57312 0.05921 0.33286 0.03481 ( 1)
  89 I   0.17623 0.45413 0.10261 0.26703 ( 2)
  90 L   0.25489 0.37608 0.14790 0.22114 ( 2)
  91 D   0.61337 0.01993 0.35498 0.01172 ( 1)
  92 S   0.60788 0.02545 0.35170 0.01496 ( 1)
  93 L   0.61989 0.01193 0.36117 0.00701 ( 1)
  94 F   0.62989 0.00302 0.36532 0.00177 ( 1)
  95 T   0.51578 0.11691 0.29857 0.06874 ( 1)
  96 Q   0.18683 0.44384 0.10835 0.26098 ( 2)
  97 Y   0.17613 0.45447 0.10216 0.26724 ( 2)
  98 M   0.63133 0.00143 0.36640 0.00084 ( 1)
  99 P   0.62710 0.00454 0.36569 0.00267 ( 1)
 100 S   0.62667 0.00531 0.36490 0.00312 ( 1)
 101 F   0.62989 0.00302 0.36532 0.00177 ( 1)
 102 R   0.61269 0.01990 0.35571 0.01170 ( 1)
 103 V   0.28136 0.34876 0.16480 0.20508 ( 2)
 104 T   0.10213 0.52815 0.05916 0.31056 ( 2)
 105 N   0.22362 0.40703 0.13001 0.23934 ( 2)
 106 F   0.52579 0.10659 0.30494 0.06268 ( 1)
 107 E   0.62895 0.00444 0.36400 0.00261 ( 1)
 108 V   0.57857 0.05356 0.33637 0.03149 ( 1)
 109 P   0.62864 0.00342 0.36593 0.00201 ( 1)
 110 F   0.45504 0.17622 0.26512 0.10362 ( 1)
 111 L   0.61646 0.01534 0.35918 0.00902 ( 1)
 112 T   0.57904 0.05351 0.33598 0.03146 ( 1)
 113 V   0.62658 0.00660 0.36295 0.00388 ( 1)
 114 Y   0.62712 0.00520 0.36462 0.00306 ( 1)
 115 T   0.52842 0.10396 0.30649 0.06113 ( 1)
 116 M   0.07941 0.55061 0.04622 0.32376 ( 2)
 117 A   0.62565 0.00465 0.36696 0.00274 ( 1)
 118 A   0.62805 0.00484 0.36427 0.00284 ( 1)
 119 N   0.62210 0.00907 0.36350 0.00533 ( 1)
 120 L   0.62517 0.00697 0.36377 0.00410 ( 1)
 121 H   0.62734 0.00342 0.36722 0.00201 ( 1)
 122 L   0.61989 0.01193 0.36117 0.00701 ( 1)
 123 L   0.54791 0.08459 0.31777 0.04974 ( 1)
 124 L   0.61989 0.01193 0.36117 0.00701 ( 1)
 125 L   0.61989 0.01193 0.36117 0.00701 ( 1)
 126 R   0.48481 0.14769 0.28064 0.08685 ( 1)
 127 D   0.58562 0.04758 0.33882 0.02798 ( 1)
 128 A   0.62780 0.00453 0.36501 0.00266 ( 1)
 129 S   0.15212 0.47849 0.08804 0.28136 ( 2)
 130 I   0.21897 0.41149 0.12758 0.24196 ( 2)
 131 F   0.62989 0.00302 0.36532 0.00177 ( 1)
 132 G   0.62653 0.00448 0.36636 0.00263 ( 1)
 133 E   0.59364 0.03907 0.34432 0.02297 ( 1)
 134 E   0.62895 0.00444 0.36400 0.00261 ( 1)
 135 W   0.60938 0.02124 0.35689 0.01249 ( 1)
 136 G   0.62778 0.00486 0.36449 0.00286 ( 1)
 137 L   0.12523 0.50509 0.07268 0.29700 ( 2)
 138 S   0.01412 0.61565 0.00822 0.36201 ( 2)
 139 T   0.00271 0.62702 0.00158 0.36870 ( 2)
 140 S   0.01286 0.61687 0.00755 0.36273 ( 2)
 141 T   0.00645 0.62330 0.00374 0.36651 ( 2)
 142 I   0.54022 0.09284 0.31236 0.05459 ( 1)
 143 N   0.61220 0.01901 0.35762 0.01118 ( 1)
 144 N   0.00374 0.62598 0.00219 0.36809 ( 2)
 145 Y   0.56204 0.07052 0.32597 0.04147 ( 1)
 146 Y   0.62323 0.00707 0.36555 0.00416 ( 1)
 147 N   0.58767 0.04554 0.34001 0.02678 ( 1)
 148 R   0.18451 0.44628 0.10678 0.26242 ( 2)
 149 Q   0.62747 0.00461 0.36521 0.00271 ( 1)
 150 M   0.58532 0.04610 0.34148 0.02710 ( 1)
 151 K   0.03645 0.59344 0.02116 0.34895 ( 2)
 152 L   0.14312 0.48673 0.08394 0.28621 ( 2)
 153 T   0.07210 0.55802 0.04176 0.32812 ( 2)
 154 A   0.57860 0.05450 0.33485 0.03205 ( 1)
 155 E   0.55560 0.07736 0.32155 0.04549 ( 1)
 156 Y   0.62712 0.00520 0.36462 0.00306 ( 1)
 157 S   0.54837 0.08403 0.31819 0.04941 ( 1)
 158 D   0.62915 0.00438 0.36390 0.00257 ( 1)
 159 H   0.62373 0.00900 0.36197 0.00529 ( 1)
 160 C   0.62879 0.00330 0.36597 0.00194 ( 1)
 161 V   0.62471 0.00785 0.36283 0.00461 ( 1)
 162 K   0.55202 0.08088 0.31955 0.04756 ( 1)
 163 W   0.60938 0.02124 0.35689 0.01249 ( 1)
 164 Y   0.62712 0.00520 0.36462 0.00306 ( 1)
 165 E   0.00205 0.61928 0.01452 0.36415 ( 2)
 166 T   0.28092 0.35044 0.16258 0.20606 ( 2)
 167 G   0.62472 0.00629 0.36530 0.00370 ( 1)
 168 L   0.61989 0.01193 0.36117 0.00701 ( 1)
 169 A   0.18969 0.44115 0.10975 0.25940 ( 2)
 170 K   0.10920 0.52084 0.06371 0.30626 ( 2)
 171 L   0.61855 0.01239 0.36177 0.00729 ( 1)
 172 K   0.62740 0.00414 0.36603 0.00243 ( 1)
 173 -   0.47176 0.16076 0.27295 0.09453 ( 1)
 174 -   0.47114 0.16095 0.27327 0.09464 ( 1)
 175 -   0.47088 0.16103 0.27340 0.09469 ( 1)
 176 G   0.62599 0.00665 0.36345 0.00391 ( 1)
 177 S   0.16273 0.46788 0.09426 0.27512 ( 2)
 178 S   0.28718 0.34419 0.16624 0.20239 ( 2)
 179 A   0.56814 0.06395 0.33031 0.03761 ( 1)
 180 K   0.62740 0.00414 0.36603 0.00243 ( 1)
 181 Q   0.28775 0.34355 0.16668 0.20201 ( 2)
 182 W   0.60938 0.02124 0.35689 0.01249 ( 1)
 183 I   0.15551 0.47467 0.09071 0.27911 ( 2)
 184 D   0.02573 0.60405 0.01503 0.35519 ( 2)
 185 Y   0.62712 0.00520 0.36462 0.00306 ( 1)
 186 N   0.52939 0.10347 0.30629 0.06084 ( 1)
 187 Q   0.49799 0.13323 0.29043 0.07834 ( 1)
 188 F   0.62328 0.00960 0.36148 0.00564 ( 1)
 189 R   0.60053 0.02960 0.35247 0.01740 ( 1)
 190 R   0.62945 0.00322 0.36544 0.00189 ( 1)
 191 E   0.62895 0.00444 0.36400 0.00261 ( 1)
 192 M   0.63133 0.00143 0.36640 0.00084 ( 1)
 193 T   0.62696 0.00401 0.36667 0.00236 ( 1)
 194 L   0.43223 0.19958 0.25083 0.11736 ( 1)
 195 T   0.22082 0.40996 0.12815 0.24106 ( 2)
 196 V   0.61342 0.01768 0.35851 0.01039 ( 1)
 197 L   0.61989 0.01193 0.36117 0.00701 ( 1)
 198 D   0.63039 0.00314 0.36462 0.00185 ( 1)
 199 V   0.18144 0.44843 0.10644 0.26368 ( 2)
 200 V   0.14622 0.48407 0.08508 0.28464 ( 2)
 201 A   0.29275 0.33806 0.17041 0.19878 ( 2)
 202 L   0.61989 0.01193 0.36117 0.00701 ( 1)
 203 F   0.62989 0.00302 0.36532 0.00177 ( 1)
 204 S   0.29270 0.33811 0.17038 0.19881 ( 2)
 205 N   0.00066 0.62906 0.00039 0.36989 ( 2)


lnL = -1985.468856

