Supplemental results for CODEML (seqf: algn  treef: tree)


dN/dS (w) for site classes (K=4)

site class             0        1       2a       2b
proportion       0.55309  0.34067  0.06574  0.04049
background w     0.17567  0.86670  0.17567  0.86670
foreground w     0.17567  0.86670  1.53526  1.53526

Naive Empirical Bayes (NEB) probabilities for 4 classes
(amino acids refer to 1st sequence: BT_Cry1A-like)

   1 W   0.58133 0.34696 0.04500 0.02671 ( 1)
   2 -   0.97885 0.00073 0.02035 0.00006 ( 1)
   3 -   0.24121 0.50123 0.19009 0.06747 ( 2)
   4 -   0.69031 0.27169 0.02005 0.01795 ( 1)
   5 -   0.98720 0.00388 0.00873 0.00020 ( 1)
   6 -   0.97888 0.00461 0.01624 0.00028 ( 1)
   7 -   0.98035 0.00066 0.01894 0.00005 ( 1)
   8 -   0.96818 0.01561 0.01519 0.00102 ( 1)
   9 -   0.99035 0.00032 0.00932 0.00002 ( 1)
  10 -   0.98245 0.00021 0.01733 0.00002 ( 1)
  11 -   0.98088 0.00982 0.00874 0.00056 ( 1)
  12 -   0.98012 0.00090 0.01891 0.00007 ( 1)
  13 -   0.44930 0.45777 0.04665 0.04629 ( 2)
  14 -   0.90516 0.00450 0.08995 0.00038 ( 1)
  15 -   0.98306 0.00065 0.01624 0.00005 ( 1)
  16 -   0.10208 0.81543 0.00341 0.07908 ( 2)
  17 -   0.98997 0.00032 0.00969 0.00002 ( 1)
  18 -   0.85542 0.07345 0.06412 0.00702 ( 1)
  19 -   0.92995 0.00456 0.06509 0.00040 ( 1)
  20 -   0.44441 0.01989 0.53268 0.00303 ( 3)
  21 -   0.90030 0.00197 0.09754 0.00020 ( 1)
  22 -   0.55309 0.34067 0.06574 0.04049 ( 1)
  23 -   0.05850 0.82071 0.02221 0.09857 ( 2)
  24 -   0.67174 0.01308 0.31365 0.00153 ( 1)
  25 -   0.64270 0.28878 0.03915 0.02937 ( 1)
  26 -   0.08809 0.78314 0.03345 0.09532 ( 2)
  27 -   0.00326 0.89471 0.00066 0.10136 ( 2)
  28 -   0.95609 0.02672 0.01479 0.00240 ( 1)
  29 -   0.02519 0.86857 0.00299 0.10324 ( 2)
  30 -   0.02247 0.83791 0.02159 0.11802 ( 2)
  31 -   0.63056 0.03109 0.33467 0.00368 ( 1)
  32 -   0.02115 0.88657 0.00219 0.09009 ( 2)
  33 -   0.03029 0.88614 0.00096 0.08261 ( 2)
  34 -   0.51553 0.29238 0.15553 0.03656 ( 1)
  35 -   0.99035 0.00032 0.00932 0.00002 ( 1)
  36 -   0.55309 0.34067 0.06574 0.04049 ( 1)
  37 -   0.00012 0.84722 0.00027 0.15239 ( 2)
  38 -   0.00527 0.87605 0.00351 0.11517 ( 2)
  39 -   0.51681 0.39940 0.04452 0.03927 ( 1)
  40 -   0.98114 0.00396 0.01465 0.00025 ( 1)
  41 S   0.43269 0.42842 0.09237 0.04652 ( 1)
  42 P   0.98056 0.00059 0.01882 0.00004 ( 1)
  43 H   0.99190 0.00005 0.00804 0.00000 ( 1)
  44 L   0.98371 0.00258 0.01352 0.00019 ( 1)
  45 W   0.99170 0.00321 0.00495 0.00014 ( 1)
  46 I   0.97580 0.01052 0.01314 0.00054 ( 1)
  47 Y   0.27750 0.66536 0.00638 0.05076 ( 2)
  48 L   0.76807 0.00728 0.22382 0.00082 ( 1)
  49 N   0.98688 0.00082 0.01225 0.00005 ( 1)
  50 Q   0.00238 0.91050 0.00012 0.08700 ( 2)
  51 D   0.74251 0.14246 0.10147 0.01356 ( 1)
  52 N   0.00378 0.87670 0.00253 0.11699 ( 2)
  53 H   0.61685 0.28187 0.07271 0.02857 ( 1)
  54 L   0.51624 0.11449 0.35483 0.01444 ( 1)
  55 T   0.87640 0.02942 0.09127 0.00291 ( 1)
  56 D   0.22049 0.69184 0.02085 0.06681 ( 2)
  57 V   0.01314 0.87587 0.00555 0.10544 ( 2)
  58 H   0.48593 0.21949 0.26754 0.02704 ( 1)
  59 R   0.97506 0.01180 0.01236 0.00077 ( 1)
  60 G   0.64065 0.27515 0.05819 0.02600 ( 1)
  61 F   0.00309 0.88472 0.00129 0.11090 ( 2)
  62 N   0.12413 0.77021 0.01774 0.08793 ( 2)
  63 Y   0.32987 0.09965 0.55311 0.01737 ( 3)
  64 W   0.90484 0.07797 0.01361 0.00358 ( 1)
  65 S   0.18405 0.44900 0.29395 0.07299 ( 2)
  66 G   0.98115 0.00416 0.01444 0.00025 ( 1)
  67 H   0.95483 0.02728 0.01603 0.00186 ( 1)
  68 Q   0.66230 0.08690 0.23879 0.01201 ( 1)
  69 I   0.88151 0.01726 0.09946 0.00177 ( 1)
  70 I   0.23374 0.65983 0.03558 0.07085 ( 2)
  71 A   0.76166 0.12274 0.10282 0.01278 ( 1)
  72 S   0.05617 0.75945 0.06731 0.11707 ( 2)
  73 P   0.00410 0.88740 0.00215 0.10635 ( 2)
  74 V   0.73433 0.17028 0.07630 0.01909 ( 1)
  75 G   0.87504 0.01872 0.10401 0.00223 ( 1)
  76 F   0.89158 0.00218 0.10598 0.00026 ( 1)
  77 Q   0.00028 0.91413 0.00001 0.08558 ( 2)
  78 D   0.96753 0.01738 0.01389 0.00120 ( 1)
  79 P   0.02911 0.79270 0.04780 0.13040 ( 2)
  80 E   0.12386 0.29307 0.51013 0.07293 ( 3)
  81 F   0.00349 0.90289 0.00047 0.09314 ( 2)
  82 A   0.01036 0.87591 0.00241 0.11132 ( 2)
  83 F   0.98278 0.00288 0.01420 0.00014 ( 1)
  84 P   0.98459 0.00318 0.01201 0.00022 ( 1)
  85 L   0.02417 0.78949 0.03449 0.15186 ( 2)
  86 F   0.00499 0.90405 0.00055 0.09042 ( 2)
  87 G   0.97312 0.00543 0.02113 0.00032 ( 1)
  88 N   0.00845 0.83216 0.00856 0.15083 ( 2)
  89 A   0.00000 0.85596 0.00000 0.14404 ( 2)
  90 G   0.39332 0.20727 0.36936 0.03006 ( 1)
  91 N   0.31074 0.42273 0.21249 0.05404 ( 2)
  92 A   0.04634 0.84274 0.00816 0.10277 ( 2)
  93 A   0.82033 0.03467 0.14121 0.00378 ( 1)
  94 P   0.80990 0.03931 0.14644 0.00435 ( 1)
  95 P   0.40576 0.24265 0.31773 0.03386 ( 1)
  96 V   0.00000 0.84863 0.00001 0.15136 ( 2)
  97 R   0.68634 0.20742 0.08158 0.02466 ( 1)
  98 I   0.02985 0.88530 0.00078 0.08408 ( 2)
  99 V   0.11169 0.79655 0.01241 0.07934 ( 2)
 100 Y   0.00029 0.88331 0.00019 0.11621 ( 2)
 101 Q   0.00001 0.88704 0.00000 0.11295 ( 2)
 102 L   0.00002 0.89814 0.00001 0.10184 ( 2)
 103 G   0.21900 0.45572 0.25582 0.06946 ( 2)
 104 Q   0.00731 0.88008 0.00224 0.11037 ( 2)
 105 G   0.29199 0.29518 0.36489 0.04794 ( 3)
 106 V   0.53758 0.37657 0.04882 0.03703 ( 1)
 107 Y   0.94459 0.04371 0.00896 0.00274 ( 1)
 108 R   0.95424 0.01172 0.03296 0.00108 ( 1)
 109 T   0.90346 0.06707 0.02366 0.00581 ( 1)
 110 L   0.94817 0.03504 0.01471 0.00208 ( 1)
 111 S   0.80959 0.16551 0.01490 0.01000 ( 1)
 112 S   0.02684 0.84685 0.00966 0.11664 ( 2)
 113 T   0.82132 0.15713 0.01050 0.01105 ( 1)
 114 L   0.03085 0.87647 0.00347 0.08921 ( 2)
 115 Y   0.88075 0.04909 0.06584 0.00432 ( 1)
 116 E   0.00335 0.87336 0.00229 0.12100 ( 2)
 117 D   0.00451 0.90291 0.00031 0.09228 ( 2)
 118 -   0.69828 0.19549 0.08300 0.02324 ( 1)
 119 L   0.56872 0.32505 0.06760 0.03864 ( 1)
 120 F   0.86799 0.02578 0.10317 0.00306 ( 1)
 121 I   0.02815 0.86562 0.00335 0.10289 ( 2)
 122 R   0.00828 0.88548 0.00098 0.10525 ( 2)
 123 D   0.58434 0.37269 0.01392 0.02904 ( 1)
 124 K   0.05654 0.78061 0.05312 0.10972 ( 2)
 125 V   0.37908 0.51468 0.04878 0.05746 ( 2)
 126 I   0.85566 0.08143 0.05484 0.00807 ( 1)
 127 N   0.08469 0.82316 0.00884 0.08331 ( 2)
 128 T   0.00000 0.88264 0.00000 0.11736 ( 2)
 129 Y   0.19224 0.67536 0.04741 0.08499 ( 2)
 130 L   0.66437 0.24256 0.06850 0.02457 ( 1)
 131 F   0.76763 0.20055 0.01639 0.01543 ( 1)
 132 L   0.85525 0.11229 0.02256 0.00991 ( 1)
 133 A   0.25886 0.65869 0.01463 0.06782 ( 2)
 134 G   0.42093 0.04789 0.52330 0.00788 ( 3)
 135 S   0.00188 0.90535 0.00029 0.09248 ( 2)
 136 N   0.21812 0.70616 0.01725 0.05847 ( 2)
 137 L   0.84401 0.01356 0.14095 0.00148 ( 1)
 138 L   0.00021 0.85853 0.00004 0.14122 ( 2)
 139 M   0.62067 0.34902 0.00580 0.02451 ( 1)
 140 E   0.11366 0.67590 0.11331 0.09713 ( 2)
 141 P   0.00113 0.85568 0.00139 0.14181 ( 2)
 142 -   0.76035 0.13342 0.09038 0.01586 ( 1)
 143 -   0.21570 0.67807 0.02564 0.08060 ( 2)
 144 P   0.09521 0.83371 0.00183 0.06925 ( 2)
 145 H   0.00014 0.87727 0.00012 0.12247 ( 2)
 146 I   0.00314 0.89790 0.00030 0.09866 ( 2)
 147 C   0.00004 0.82019 0.00019 0.17958 ( 2)
 148 H   0.73204 0.09336 0.16371 0.01090 ( 1)
 149 P   0.40645 0.44180 0.09877 0.05298 ( 2)
 150 G   0.15006 0.67503 0.07698 0.09793 ( 2)
 151 R   0.06295 0.84661 0.00599 0.08445 ( 2)
 152 Y   0.28830 0.62120 0.03214 0.05836 ( 2)
 153 R   0.98142 0.00588 0.01231 0.00039 ( 1)
 154 K   0.93446 0.03752 0.02462 0.00340 ( 1)
 155 S   0.01583 0.91246 0.00040 0.07130 ( 2)
 156 G   0.97832 0.00430 0.01711 0.00027 ( 1)
 157 T   0.95997 0.01671 0.02211 0.00122 ( 1)
 158 V   0.90774 0.00280 0.08919 0.00027 ( 1)
 159 D   0.99052 0.00003 0.00945 0.00000 ( 1)
 160 S   0.98106 0.00424 0.01442 0.00028 ( 1)
 161 L   0.94860 0.02984 0.01944 0.00212 ( 1)
 162 D   0.98392 0.00099 0.01501 0.00008 ( 1)
 163 E   0.29852 0.62666 0.01740 0.05742 ( 2)
 164 I   0.97885 0.00017 0.02096 0.00001 ( 1)
 165 P   0.97388 0.01000 0.01551 0.00060 ( 1)
 166 H   0.91885 0.06390 0.01273 0.00452 ( 1)
 167 Q   0.97814 0.00708 0.01445 0.00033 ( 1)
 168 N   0.99015 0.00017 0.00967 0.00001 ( 1)
 169 N   0.96226 0.02430 0.01161 0.00184 ( 1)
 170 N   0.95542 0.03150 0.01101 0.00208 ( 1)
 171 V   0.80419 0.02250 0.17086 0.00245 ( 1)
 172 P   0.83070 0.05816 0.10530 0.00584 ( 1)
 173 P   0.98472 0.00248 0.01264 0.00016 ( 1)
 174 R   0.53968 0.24112 0.18895 0.03026 ( 1)
 175 Q   0.09511 0.79313 0.02134 0.09042 ( 2)
 176 G   0.88015 0.00496 0.11440 0.00050 ( 1)
 177 F   0.96429 0.00442 0.03094 0.00035 ( 1)
 178 S   0.98985 0.00004 0.01011 0.00000 ( 1)
 179 H   0.99190 0.00005 0.00804 0.00000 ( 1)
 180 R   0.36555 0.29963 0.29430 0.04052 ( 1)
 181 -   0.55309 0.34067 0.06574 0.04049 ( 1)
 182 L   0.98268 0.00185 0.01536 0.00011 ( 1)
 183 S   0.76505 0.17369 0.04564 0.01561 ( 1)
 184 H   0.99113 0.00048 0.00836 0.00003 ( 1)
 185 V   0.98431 0.00013 0.01555 0.00001 ( 1)
 186 S   0.94767 0.03106 0.01871 0.00256 ( 1)
 187 M   0.70061 0.00205 0.29710 0.00024 ( 1)
 188 F   0.39959 0.46626 0.07871 0.05544 ( 2)
 189 R   0.01719 0.90229 0.00154 0.07897 ( 2)
 190 S   0.07488 0.77130 0.03469 0.11913 ( 2)
 191 G   0.51414 0.35420 0.08963 0.04204 ( 1)
 192 F   0.72370 0.16364 0.09519 0.01747 ( 1)
 193 S   0.15498 0.61713 0.14683 0.08106 ( 2)
 194 N   0.85601 0.06494 0.07229 0.00676 ( 1)
 195 -   0.55309 0.34067 0.06574 0.04049 ( 1)
 196 S   0.39034 0.11997 0.46673 0.02296 ( 3)
 197 S   0.84130 0.10007 0.04874 0.00989 ( 1)
 198 V   0.67828 0.02675 0.29182 0.00315 ( 1)
 199 S   0.76155 0.16332 0.05983 0.01530 ( 1)
 200 I   0.53984 0.33743 0.08615 0.03658 ( 1)
 201 I   0.72188 0.14552 0.11851 0.01408 ( 1)
 202 R   0.97558 0.00985 0.01384 0.00072 ( 1)
 203 A   0.96506 0.01096 0.02309 0.00089 ( 1)
 204 P   0.98590 0.00029 0.01379 0.00002 ( 1)
 205 M   0.57933 0.39290 0.00465 0.02312 ( 1)
 206 F   0.92486 0.06069 0.01082 0.00364 ( 1)
 207 S   0.94384 0.02501 0.02898 0.00217 ( 1)
 208 W   0.89507 0.08745 0.01346 0.00402 ( 1)
 209 I   0.02145 0.89098 0.00087 0.08670 ( 2)
 210 -   0.94956 0.03535 0.01298 0.00211 ( 1)
 211 -   0.62900 0.34240 0.00926 0.01935 ( 1)
 212 -   0.98193 0.00740 0.01014 0.00053 ( 1)


lnL = -5319.694988

