Supplemental results for CODEML (seqf: algn  treef: tree)


dN/dS (w) for site classes (K=4)

site class             0        1       2a       2b
proportion       0.00000  0.00000  0.72522  0.27478
background w     0.23222  2.42157  0.23222  2.42157
foreground w     0.23222  2.42157 288.62323 288.62323

Naive Empirical Bayes (NEB) probabilities for 4 classes
(amino acids refer to 1st sequence: BT_Cry7Ba1)

   1 -   0.00000 0.00000 0.93020 0.06980 ( 3)
   2 -   0.00000 0.00000 0.66673 0.33327 ( 3)
   3 T   0.00000 0.00000 0.77321 0.22679 ( 3)
   4 V   0.00000 0.00000 0.71784 0.28216 ( 3)
   5 E   0.00000 0.00000 0.99901 0.00099 ( 3)
   6 L   0.00000 0.00000 0.99801 0.00199 ( 3)
   7 T   0.00000 0.00000 0.99673 0.00327 ( 3)
   8 R   0.00000 0.00000 0.99952 0.00048 ( 3)
   9 T   0.00000 0.00000 0.82161 0.17839 ( 3)
  10 I   0.00000 0.00000 0.99759 0.00241 ( 3)
  11 Y   0.00000 0.00000 0.98307 0.01693 ( 3)
  12 T   0.00000 0.00000 0.46943 0.53057 ( 4)
  13 D   0.00000 0.00000 0.99112 0.00888 ( 3)
  14 P   0.00000 0.00000 0.97029 0.02971 ( 3)
  15 L   0.00000 0.00000 0.97379 0.02621 ( 3)
  16 G   0.00000 0.00000 0.99619 0.00381 ( 3)
  17 Y   0.00000 0.00000 0.38668 0.61332 ( 4)
  18 T   0.00000 0.00000 0.76061 0.23939 ( 3)
  19 G   0.00000 0.00000 0.95929 0.04071 ( 3)
  20 Y   0.00000 0.00000 0.66236 0.33764 ( 3)
  21 S   0.00000 0.00000 0.04500 0.95500 ( 4)
  22 N   0.00000 0.00000 0.96265 0.03735 ( 3)
  23 D   0.00000 0.00000 0.64093 0.35907 ( 3)
  24 E   0.00000 0.00000 0.95464 0.04536 ( 3)
  25 H   0.00000 0.00000 0.98529 0.01471 ( 3)
  26 P   0.00000 0.00000 0.97648 0.02352 ( 3)
  27 T   0.00000 0.00000 0.06943 0.93057 ( 4)
  28 Y   0.00000 0.00000 0.79460 0.20540 ( 3)
  29 Y   0.00000 0.00000 0.99398 0.00602 ( 3)
  30 -   0.00000 0.00000 0.72522 0.27478 ( 3)
  31 S   0.00000 0.00000 0.74638 0.25362 ( 3)
  32 S   0.00000 0.00000 0.94816 0.05184 ( 3)
  33 A   0.00000 0.00000 0.43346 0.56654 ( 4)
  34 K   0.00000 0.00000 0.54086 0.45914 ( 3)
  35 P   0.00000 0.00000 0.09509 0.90491 ( 4)
  36 F   0.00000 0.00000 0.98124 0.01876 ( 3)
  37 S   0.00000 0.00000 0.76560 0.23440 ( 3)
  38 S   0.00000 0.00000 0.89228 0.10772 ( 3)
  39 I   0.00000 0.00000 0.99312 0.00688 ( 3)
  40 E   0.00000 0.00000 0.99798 0.00202 ( 3)
  41 S   0.00000 0.00000 0.99402 0.00598 ( 3)
  42 R   0.00000 0.00000 0.93907 0.06093 ( 3)
  43 A   0.00000 0.00000 0.93262 0.06738 ( 3)
  44 V   0.00000 0.00000 0.89142 0.10858 ( 3)
  45 L   0.00000 0.00000 0.63797 0.36203 ( 3)
  46 A   0.00000 0.00000 0.61365 0.38635 ( 3)
  47 P   0.00000 0.00000 0.99710 0.00290 ( 3)
  48 S   0.00000 0.00000 0.08306 0.91694 ( 4)
  49 L   0.00000 0.00000 0.99654 0.00346 ( 3)
  50 F   0.00000 0.00000 0.99797 0.00203 ( 3)
  51 K   0.00000 0.00000 0.75302 0.24698 ( 3)
  52 W   0.00000 0.00000 0.99967 0.00033 ( 3)
  53 I   0.00000 0.00000 0.93341 0.06659 ( 3)
  54 T   0.00000 0.00000 0.99235 0.00765 ( 3)
  55 Q   0.00000 0.00000 0.88687 0.11313 ( 3)
  56 L   0.00000 0.00000 0.97501 0.02499 ( 3)
  57 E   0.00000 0.00000 0.41463 0.58537 ( 4)
  58 V   0.00000 0.00000 0.98743 0.01257 ( 3)
  59 Y   0.00000 0.00000 0.89498 0.10502 ( 3)
  60 T   0.00000 0.00000 0.66284 0.33716 ( 3)
  61 K   0.00000 0.00000 0.18630 0.81370 ( 4)
  62 K   0.00000 0.00000 0.03111 0.96889 ( 4)
  63 Y   0.00000 0.00000 0.01899 0.98101 ( 4)
  64 S   0.00000 0.00000 0.00043 0.99957 ( 4)
  65 Y   0.00000 0.00000 0.11937 0.88063 ( 4)
  66 S   0.00000 0.00000 0.03534 0.96466 ( 4)
  67 S   0.00000 0.00000 0.57362 0.42638 ( 3)
  68 Q   0.00000 0.00000 0.00175 0.99825 ( 4)
  69 Y   0.00000 0.00000 0.99024 0.00976 ( 3)
  70 T   0.00000 0.00000 0.96876 0.03124 ( 3)
  71 T   0.00000 0.00000 0.92297 0.07703 ( 3)
  72 L   0.00000 0.00000 0.00930 0.99070 ( 4)
  73 W   0.00000 0.00000 0.99967 0.00033 ( 3)
  74 T   0.00000 0.00000 0.99261 0.00739 ( 3)
  75 G   0.00000 0.00000 0.97847 0.02153 ( 3)
  76 L   0.00000 0.00000 0.14438 0.85562 ( 4)
  77 R   0.00000 0.00000 0.65222 0.34778 ( 3)
  78 V   0.00000 0.00000 0.98388 0.01612 ( 3)
  79 I   0.00000 0.00000 0.73953 0.26047 ( 3)
  80 A   0.00000 0.00000 0.65100 0.34900 ( 3)
  81 Q   0.00000 0.00000 0.59268 0.40732 ( 3)
  82 P   0.00000 0.00000 0.19471 0.80529 ( 4)
  83 T   0.00000 0.00000 0.98651 0.01349 ( 3)
  84 K   0.00000 0.00000 0.92987 0.07013 ( 3)
  85 D   0.00000 0.00000 0.31018 0.68982 ( 4)
  86 F   0.00000 0.00000 0.06839 0.93161 ( 4)
  87 T   0.00000 0.00000 0.01611 0.98389 ( 4)
  88 D   0.00000 0.00000 0.90224 0.09776 ( 3)
  89 T   0.00000 0.00000 0.49285 0.50715 ( 4)
  90 V   0.00000 0.00000 0.06599 0.93401 ( 4)
  91 Y   0.00000 0.00000 0.96117 0.03883 ( 3)
  92 D   0.00000 0.00000 0.99328 0.00672 ( 3)
  93 Y   0.00000 0.00000 0.84400 0.15600 ( 3)
  94 G   0.00000 0.00000 0.99684 0.00316 ( 3)
  95 S   0.00000 0.00000 0.97136 0.02864 ( 3)
  96 S   0.00000 0.00000 0.99528 0.00472 ( 3)
  97 S   0.00000 0.00000 0.90405 0.09595 ( 3)
  98 G   0.00000 0.00000 0.99958 0.00042 ( 3)
  99 S   0.00000 0.00000 0.99627 0.00373 ( 3)
 100 E   0.00000 0.00000 0.03110 0.96890 ( 4)
 101 N   0.00000 0.00000 0.04310 0.95690 ( 4)
 102 K   0.00000 0.00000 0.81207 0.18793 ( 3)
 103 D   0.00000 0.00000 0.98230 0.01770 ( 3)
 104 V   0.00000 0.00000 0.69051 0.30949 ( 3)
 105 F   0.00000 0.00000 0.99940 0.00060 ( 3)
 106 D   0.00000 0.00000 0.78895 0.21105 ( 3)
 107 L   0.00000 0.00000 0.99295 0.00705 ( 3)
 108 Y   0.00000 0.00000 0.33798 0.66202 ( 4)
 109 G   0.00000 0.00000 0.32827 0.67173 ( 4)
 110 N   0.00000 0.00000 0.93020 0.06980 ( 3)
 111 -   0.00000 0.00000 0.74388 0.25612 ( 3)
 112 -   0.00000 0.00000 0.75631 0.24369 ( 3)
 113 -   0.00000 0.00000 0.75447 0.24553 ( 3)
 114 -   0.00000 0.00000 0.73960 0.26040 ( 3)
 115 -   0.00000 0.00000 0.73900 0.26100 ( 3)
 116 -   0.00000 0.00000 0.75631 0.24369 ( 3)
 117 -   0.00000 0.00000 0.74560 0.25440 ( 3)
 118 -   0.00000 0.00000 0.74824 0.25176 ( 3)
 119 -   0.00000 0.00000 0.21383 0.78617 ( 4)
 120 -   0.00000 0.00000 0.74839 0.25161 ( 3)
 121 -   0.00000 0.00000 0.75447 0.24553 ( 3)
 122 -   0.00000 0.00000 0.74239 0.25761 ( 3)
 123 -   0.00000 0.00000 0.73320 0.26680 ( 3)
 124 -   0.00000 0.00000 0.74058 0.25942 ( 3)
 125 -   0.00000 0.00000 0.75018 0.24982 ( 3)
 126 -   0.00000 0.00000 0.73931 0.26069 ( 3)
 127 D   0.00000 0.00000 0.99562 0.00438 ( 3)
 128 V   0.00000 0.00000 0.96993 0.03007 ( 3)
 129 Y   0.00000 0.00000 0.99875 0.00125 ( 3)
 130 D   0.00000 0.00000 0.71975 0.28025 ( 3)
 131 T   0.00000 0.00000 0.59778 0.40222 ( 3)
 132 Q   0.00000 0.00000 0.69846 0.30154 ( 3)
 133 S   0.00000 0.00000 0.83666 0.16334 ( 3)
 134 V   0.00000 0.00000 0.39175 0.60825 ( 4)
 135 V   0.00000 0.00000 0.03370 0.96630 ( 4)
 136 S   0.00000 0.00000 0.67692 0.32308 ( 3)
 137 S   0.00000 0.00000 0.90820 0.09180 ( 3)
 138 Y   0.00000 0.00000 0.20353 0.79647 ( 4)
 139 K   0.00000 0.00000 0.04344 0.95656 ( 4)
 140 P   0.00000 0.00000 0.11811 0.88189 ( 4)
 141 T   0.00000 0.00000 0.29081 0.70919 ( 4)
 142 G   0.00000 0.00000 0.12825 0.87175 ( 4)
 143 G   0.00000 0.00000 0.09017 0.90983 ( 4)
 144 G   0.00000 0.00000 0.01722 0.98278 ( 4)
 145 H   0.00000 0.00000 0.90559 0.09441 ( 3)
 146 F   0.00000 0.00000 0.42549 0.57451 ( 4)
 147 G   0.00000 0.00000 0.74401 0.25599 ( 3)
 148 V   0.00000 0.00000 0.29508 0.70492 ( 4)
 149 P   0.00000 0.00000 0.99704 0.00296 ( 3)
 150 Q   0.00000 0.00000 0.40009 0.59991 ( 4)
 151 F   0.00000 0.00000 0.98096 0.01904 ( 3)
 152 R   0.00000 0.00000 0.30670 0.69330 ( 4)
 153 L   0.00000 0.00000 0.99108 0.00892 ( 3)
 154 F   0.00000 0.00000 0.30457 0.69543 ( 4)
 155 W   0.00000 0.00000 0.67318 0.32682 ( 3)
 156 I   0.00000 0.00000 0.98951 0.01049 ( 3)
 157 T   0.00000 0.00000 0.84096 0.15904 ( 3)
 158 K   0.00000 0.00000 0.48635 0.51365 ( 4)
 159 S   0.00000 0.00000 0.07813 0.92187 ( 4)
 160 N   0.00000 0.00000 0.85878 0.14122 ( 3)
 161 G   0.00000 0.00000 0.00135 0.99865 ( 4)
 162 L   0.00000 0.00000 0.95753 0.04247 ( 3)
 163 R   0.00000 0.00000 0.00288 0.99712 ( 4)
 164 E   0.00000 0.00000 0.90599 0.09401 ( 3)
 165 Q   0.00000 0.00000 0.45235 0.54765 ( 4)
 166 I   0.00000 0.00000 0.81224 0.18776 ( 3)
 167 F   0.00000 0.00000 0.99958 0.00042 ( 3)
 168 N   0.00000 0.00000 0.89191 0.10809 ( 3)
 169 Y   0.00000 0.00000 0.98918 0.01082 ( 3)
 170 A   0.00000 0.00000 0.90857 0.09143 ( 3)
 171 N   0.00000 0.00000 0.21003 0.78997 ( 4)
 172 N   0.00000 0.00000 0.99206 0.00794 ( 3)
 173 M   0.00000 0.00000 0.55959 0.44041 ( 3)
 174 G   0.00000 0.00000 0.88773 0.11227 ( 3)
 175 -   0.00000 0.00000 0.97198 0.02802 ( 3)
 176 S   0.00000 0.00000 0.76346 0.23654 ( 3)
 177 Y   0.00000 0.00000 0.07274 0.92726 ( 4)
 178 S   0.00000 0.00000 0.94326 0.05674 ( 3)
 179 A   0.00000 0.00000 0.00655 0.99345 ( 4)
 180 Y   0.00000 0.00000 0.80075 0.19925 ( 3)
 181 R   0.00000 0.00000 0.92703 0.07297 ( 3)
 182 F   0.00000 0.00000 0.90580 0.09420 ( 3)
 183 S   0.00000 0.00000 0.44292 0.55708 ( 4)
 184 K   0.00000 0.00000 0.62283 0.37717 ( 3)
 185 D   0.00000 0.00000 0.88955 0.11045 ( 3)
 186 E   0.00000 0.00000 0.93645 0.06355 ( 3)
 187 L   0.00000 0.00000 0.99151 0.00849 ( 3)
 188 P   0.00000 0.00000 0.96322 0.03678 ( 3)
 189 I   0.00000 0.00000 0.99746 0.00254 ( 3)
 190 E   0.00000 0.00000 0.99755 0.00245 ( 3)
 191 L   0.00000 0.00000 0.93723 0.06277 ( 3)
 192 L   0.00000 0.00000 0.99286 0.00714 ( 3)
 193 Q   0.00000 0.00000 0.15325 0.84675 ( 4)
 194 P   0.00000 0.00000 0.01445 0.98555 ( 4)
 195 P   0.00000 0.00000 0.99958 0.00042 ( 3)
 196 L   0.00000 0.00000 0.85255 0.14745 ( 3)
 197 F   0.00000 0.00000 0.92570 0.07430 ( 3)
 198 G   0.00000 0.00000 0.99359 0.00641 ( 3)
 199 D   0.00000 0.00000 0.99537 0.00463 ( 3)
 200 I   0.00000 0.00000 0.93982 0.06018 ( 3)
 201 E   0.00000 0.00000 0.96101 0.03899 ( 3)
 202 E   0.00000 0.00000 0.99509 0.00491 ( 3)
 203 Y   0.00000 0.00000 0.98598 0.01402 ( 3)
 204 S   0.00000 0.00000 0.99486 0.00514 ( 3)
 205 H   0.00000 0.00000 0.99976 0.00024 ( 3)
 206 R   0.00000 0.00000 0.99375 0.00625 ( 3)
 207 L   0.00000 0.00000 0.99889 0.00111 ( 3)
 208 S   0.00000 0.00000 0.99947 0.00053 ( 3)
 209 H   0.00000 0.00000 0.81139 0.18861 ( 3)
 210 V   0.00000 0.00000 0.99611 0.00389 ( 3)
 211 S   0.00000 0.00000 0.95978 0.04022 ( 3)
 212 E   0.00000 0.00000 0.98784 0.01216 ( 3)
 213 V   0.00000 0.00000 0.94774 0.05226 ( 3)
 214 I   0.00000 0.00000 0.97837 0.02163 ( 3)
 215 K   0.00000 0.00000 0.99678 0.00322 ( 3)
 216 D   0.00000 0.00000 0.96960 0.03040 ( 3)
 217 Y   0.00000 0.00000 0.89164 0.10836 ( 3)
 218 G   0.00000 0.00000 0.95934 0.04066 ( 3)
 219 E   0.00000 0.00000 0.06172 0.93828 ( 4)
 220 G   0.00000 0.00000 0.97506 0.02494 ( 3)
 221 I   0.00000 0.00000 0.86123 0.13877 ( 3)
 222 I   0.00000 0.00000 0.98655 0.01345 ( 3)
 223 P   0.00000 0.00000 0.99504 0.00496 ( 3)
 224 V   0.00000 0.00000 0.98188 0.01812 ( 3)
 225 L   0.00000 0.00000 0.99638 0.00362 ( 3)
 226 G   0.00000 0.00000 0.99958 0.00042 ( 3)
 227 W   0.00000 0.00000 0.95767 0.04233 ( 3)
 228 T   0.00000 0.00000 0.99650 0.00350 ( 3)
 229 H   0.00000 0.00000 0.99970 0.00030 ( 3)
 230 V   0.00000 0.00000 0.99734 0.00266 ( 3)
 231 S   0.00000 0.00000 0.94076 0.05924 ( 3)


lnL = -2853.170396

