Supplemental results for CODEML (seqf: algn  treef: tree)


dN/dS (w) for site classes (K=4)

site class             0        1       2a       2b
proportion       0.87948  0.12052  0.00000  0.00000
background w     0.15304  1.00000  0.15304  1.00000
foreground w     0.15304  1.00000  1.70111  1.70111
(note that p[2] is zero)


Naive Empirical Bayes (NEB) probabilities for 4 classes
(amino acids refer to 1st sequence: BT_Cry32Ja1)

   1 -   0.94620 0.05380 0.00000 0.00000 ( 1)
   2 -   0.98216 0.01784 0.00000 0.00000 ( 1)
   3 A   0.62216 0.37784 0.00000 0.00000 ( 1)
   4 A   0.04014 0.95986 0.00000 0.00000 ( 2)
   5 A   0.94801 0.05199 0.00000 0.00000 ( 1)
   6 A   0.99868 0.00132 0.00000 0.00000 ( 1)
   7 V   0.97739 0.02261 0.00000 0.00000 ( 1)
   8 G   0.84546 0.15454 0.00000 0.00000 ( 1)
   9 I   0.99304 0.00696 0.00000 0.00000 ( 1)
  10 I   0.84505 0.15495 0.00000 0.00000 ( 1)
  11 S   0.99630 0.00370 0.00000 0.00000 ( 1)
  12 V   0.85172 0.14828 0.00000 0.00000 ( 1)
  13 L   0.98439 0.01561 0.00000 0.00000 ( 1)
  14 L   0.66247 0.33753 0.00000 0.00000 ( 1)
  15 P   0.97612 0.02388 0.00000 0.00000 ( 1)
  16 L   0.12840 0.87160 0.00000 0.00000 ( 2)
  17 L   0.99901 0.00099 0.00000 0.00000 ( 1)
  18 W   0.99743 0.00257 0.00000 0.00000 ( 1)
  19 P   0.99986 0.00014 0.00000 0.00000 ( 1)
  20 D   0.73367 0.26633 0.00000 0.00000 ( 1)
  21 Q   0.95108 0.04892 0.00000 0.00000 ( 1)
  22 A   0.91880 0.08120 0.00000 0.00000 ( 1)
  23 G   0.99540 0.00460 0.00000 0.00000 ( 1)
  24 P   0.99262 0.00738 0.00000 0.00000 ( 1)
  25 P   0.99262 0.00738 0.00000 0.00000 ( 1)
  26 G   0.99040 0.00960 0.00000 0.00000 ( 1)
  27 T   0.99548 0.00452 0.00000 0.00000 ( 1)
  28 T   0.92706 0.07294 0.00000 0.00000 ( 1)
  29 E   0.76056 0.23944 0.00000 0.00000 ( 1)
  30 A   0.96006 0.03994 0.00000 0.00000 ( 1)
  31 Q   0.98957 0.01043 0.00000 0.00000 ( 1)
  32 F   0.98169 0.01831 0.00000 0.00000 ( 1)
  33 T   0.99281 0.00719 0.00000 0.00000 ( 1)
  34 W   0.99743 0.00257 0.00000 0.00000 ( 1)
  35 D   0.99866 0.00134 0.00000 0.00000 ( 1)
  36 Q   0.98113 0.01887 0.00000 0.00000 ( 1)
  37 W   0.74683 0.25317 0.00000 0.00000 ( 1)
  38 I   0.99920 0.00080 0.00000 0.00000 ( 1)
  39 T   0.81189 0.18811 0.00000 0.00000 ( 1)
  40 A   0.97627 0.02373 0.00000 0.00000 ( 1)
  41 G   0.98875 0.01125 0.00000 0.00000 ( 1)
  42 E   0.99990 0.00010 0.00000 0.00000 ( 1)
  43 E   0.99271 0.00729 0.00000 0.00000 ( 1)
  44 L   0.99190 0.00810 0.00000 0.00000 ( 1)
  45 A   0.88567 0.11433 0.00000 0.00000 ( 1)
  46 A   0.99564 0.00436 0.00000 0.00000 ( 1)
  47 Q   0.99984 0.00016 0.00000 0.00000 ( 1)
  48 T   0.97549 0.02451 0.00000 0.00000 ( 1)
  49 V   0.99951 0.00049 0.00000 0.00000 ( 1)
  50 S   0.52580 0.47420 0.00000 0.00000 ( 1)
  51 T   0.17272 0.82728 0.00000 0.00000 ( 2)
  52 S   0.28936 0.71064 0.00000 0.00000 ( 2)
  53 V   0.97334 0.02666 0.00000 0.00000 ( 1)
  54 K   0.99761 0.00239 0.00000 0.00000 ( 1)
  55 D   0.93394 0.06606 0.00000 0.00000 ( 1)
  56 R   0.97030 0.02970 0.00000 0.00000 ( 1)
  57 A   0.99983 0.00017 0.00000 0.00000 ( 1)
  58 I   0.99219 0.00781 0.00000 0.00000 ( 1)
  59 D   0.99372 0.00628 0.00000 0.00000 ( 1)
  60 T   0.96501 0.03499 0.00000 0.00000 ( 1)
  61 T   0.76916 0.23084 0.00000 0.00000 ( 1)
  62 R   0.17926 0.82074 0.00000 0.00000 ( 2)
  63 I   0.99046 0.00954 0.00000 0.00000 ( 1)
  64 L   0.99934 0.00066 0.00000 0.00000 ( 1)
  65 Q   0.99552 0.00448 0.00000 0.00000 ( 1)
  66 S   0.94394 0.05606 0.00000 0.00000 ( 1)
  67 R   0.89841 0.10159 0.00000 0.00000 ( 1)
  68 M   0.79930 0.20070 0.00000 0.00000 ( 1)
  69 R   0.51765 0.48235 0.00000 0.00000 ( 1)
  70 D   0.99958 0.00042 0.00000 0.00000 ( 1)
  71 Y   0.99977 0.00023 0.00000 0.00000 ( 1)
  72 Q   0.99957 0.00043 0.00000 0.00000 ( 1)
  73 Q   0.99880 0.00120 0.00000 0.00000 ( 1)
  74 A   0.99890 0.00110 0.00000 0.00000 ( 1)
  75 I   0.98295 0.01705 0.00000 0.00000 ( 1)
  76 C   0.95858 0.04142 0.00000 0.00000 ( 1)
  77 N   0.99235 0.00765 0.00000 0.00000 ( 1)
  78 L   0.98811 0.01189 0.00000 0.00000 ( 1)
  79 Q   0.27389 0.72611 0.00000 0.00000 ( 2)
  80 T   0.50037 0.49963 0.00000 0.00000 ( 1)
  81 D   0.99986 0.00014 0.00000 0.00000 ( 1)
  82 P   0.99716 0.00284 0.00000 0.00000 ( 1)
  83 D   0.99961 0.00039 0.00000 0.00000 ( 1)
  84 N   0.99771 0.00229 0.00000 0.00000 ( 1)
  85 E   0.99447 0.00553 0.00000 0.00000 ( 1)
  86 E   0.39361 0.60639 0.00000 0.00000 ( 2)
  87 Y   0.78690 0.21310 0.00000 0.00000 ( 1)
  88 K   0.99981 0.00019 0.00000 0.00000 ( 1)
  89 A   0.95643 0.04357 0.00000 0.00000 ( 1)
  90 D   0.99800 0.00200 0.00000 0.00000 ( 1)
  91 V   0.99976 0.00024 0.00000 0.00000 ( 1)
  92 R   0.85059 0.14941 0.00000 0.00000 ( 1)
  93 R   0.97730 0.02270 0.00000 0.00000 ( 1)
  94 E   0.99916 0.00084 0.00000 0.00000 ( 1)
  95 F   0.99874 0.00126 0.00000 0.00000 ( 1)
  96 N   0.89995 0.10005 0.00000 0.00000 ( 1)
  97 D   0.99930 0.00070 0.00000 0.00000 ( 1)
  98 A   0.93577 0.06423 0.00000 0.00000 ( 1)
  99 E   0.99858 0.00142 0.00000 0.00000 ( 1)
 100 D   0.99811 0.00189 0.00000 0.00000 ( 1)
 101 Q   0.99460 0.00540 0.00000 0.00000 ( 1)
 102 A   0.99370 0.00630 0.00000 0.00000 ( 1)
 103 K   0.99802 0.00198 0.00000 0.00000 ( 1)
 104 D   0.00355 0.99645 0.00000 0.00000 ( 2)
 105 A   0.99386 0.00614 0.00000 0.00000 ( 1)
 106 V   0.97532 0.02468 0.00000 0.00000 ( 1)
 107 I   0.99389 0.00611 0.00000 0.00000 ( 1)
 108 Q   0.99040 0.00960 0.00000 0.00000 ( 1)
 109 F   0.99995 0.00005 0.00000 0.00000 ( 1)
 110 G   0.92324 0.07676 0.00000 0.00000 ( 1)
 111 -   0.95789 0.04211 0.00000 0.00000 ( 1)
 112 -   0.28750 0.71250 0.00000 0.00000 ( 2)
 113 -   0.96319 0.03681 0.00000 0.00000 ( 1)
 114 -   0.96726 0.03274 0.00000 0.00000 ( 1)
 115 -   0.97040 0.02960 0.00000 0.00000 ( 1)
 116 -   0.38173 0.61827 0.00000 0.00000 ( 2)
 117 -   0.96300 0.03700 0.00000 0.00000 ( 1)
 118 -   0.96406 0.03594 0.00000 0.00000 ( 1)
 119 N   0.93180 0.06820 0.00000 0.00000 ( 1)
 120 L   0.74958 0.25042 0.00000 0.00000 ( 1)
 121 N   0.99032 0.00968 0.00000 0.00000 ( 1)
 122 Y   0.96869 0.03131 0.00000 0.00000 ( 1)
 123 A   0.86992 0.13008 0.00000 0.00000 ( 1)
 124 I   0.99967 0.00033 0.00000 0.00000 ( 1)
 125 P   0.99689 0.00311 0.00000 0.00000 ( 1)
 126 L   0.99927 0.00073 0.00000 0.00000 ( 1)
 127 L   0.99929 0.00071 0.00000 0.00000 ( 1)
 128 A   0.58277 0.41723 0.00000 0.00000 ( 1)
 129 D   0.99950 0.00050 0.00000 0.00000 ( 1)
 130 Y   0.99944 0.00056 0.00000 0.00000 ( 1)
 131 A   0.99786 0.00214 0.00000 0.00000 ( 1)
 132 E   0.99813 0.00187 0.00000 0.00000 ( 1)
 133 A   0.99978 0.00022 0.00000 0.00000 ( 1)
 134 A   0.91805 0.08195 0.00000 0.00000 ( 1)
 135 N   0.99993 0.00007 0.00000 0.00000 ( 1)
 136 L   0.36221 0.63779 0.00000 0.00000 ( 2)
 137 H   0.99948 0.00052 0.00000 0.00000 ( 1)
 138 L   0.99918 0.00082 0.00000 0.00000 ( 1)
 139 L   0.99270 0.00730 0.00000 0.00000 ( 1)
 140 L   0.99935 0.00065 0.00000 0.00000 ( 1)
 141 L   0.99904 0.00096 0.00000 0.00000 ( 1)
 142 R   0.99911 0.00089 0.00000 0.00000 ( 1)
 143 D   0.99991 0.00009 0.00000 0.00000 ( 1)
 144 V   0.99864 0.00136 0.00000 0.00000 ( 1)
 145 V   0.94416 0.05584 0.00000 0.00000 ( 1)
 146 K   0.92161 0.07839 0.00000 0.00000 ( 1)
 147 F   0.97106 0.02894 0.00000 0.00000 ( 1)
 148 G   0.99992 0.00008 0.00000 0.00000 ( 1)
 149 E   0.99921 0.00079 0.00000 0.00000 ( 1)
 150 I   0.93778 0.06222 0.00000 0.00000 ( 1)
 151 W   0.99743 0.00257 0.00000 0.00000 ( 1)
 152 G   0.99993 0.00007 0.00000 0.00000 ( 1)
 153 F   0.99987 0.00013 0.00000 0.00000 ( 1)
 154 T   0.97857 0.02143 0.00000 0.00000 ( 1)
 155 A   0.32807 0.67193 0.00000 0.00000 ( 2)
 156 L   0.08698 0.91302 0.00000 0.00000 ( 2)
 157 Q   0.99887 0.00113 0.00000 0.00000 ( 1)
 158 V   0.99837 0.00163 0.00000 0.00000 ( 1)
 159 Q   0.97879 0.02121 0.00000 0.00000 ( 1)
 160 Q   0.99124 0.00876 0.00000 0.00000 ( 1)
 161 Y   0.99795 0.00205 0.00000 0.00000 ( 1)
 162 Y   0.99916 0.00084 0.00000 0.00000 ( 1)
 163 S   0.63977 0.36023 0.00000 0.00000 ( 1)
 164 N   0.99872 0.00128 0.00000 0.00000 ( 1)
 165 T   0.58271 0.41729 0.00000 0.00000 ( 1)
 166 G   0.22865 0.77135 0.00000 0.00000 ( 2)
 167 -   0.77778 0.22222 0.00000 0.00000 ( 1)
 168 V   0.83606 0.16394 0.00000 0.00000 ( 1)
 169 G   0.99524 0.00476 0.00000 0.00000 ( 1)
 170 N   0.98984 0.01016 0.00000 0.00000 ( 1)
 171 P   0.99033 0.00967 0.00000 0.00000 ( 1)
 172 G   0.99390 0.00610 0.00000 0.00000 ( 1)
 173 M   0.99752 0.00248 0.00000 0.00000 ( 1)
 174 K   0.60606 0.39394 0.00000 0.00000 ( 1)
 175 Q   0.99116 0.00884 0.00000 0.00000 ( 1)
 176 L   0.99088 0.00912 0.00000 0.00000 ( 1)
 177 L   0.98339 0.01661 0.00000 0.00000 ( 1)
 178 A   0.25642 0.74358 0.00000 0.00000 ( 2)
 179 T   0.94053 0.05947 0.00000 0.00000 ( 1)
 180 Y   0.99970 0.00030 0.00000 0.00000 ( 1)
 181 T   0.97070 0.02930 0.00000 0.00000 ( 1)
 182 D   0.99945 0.00055 0.00000 0.00000 ( 1)
 183 H   0.99979 0.00021 0.00000 0.00000 ( 1)
 184 C   0.99984 0.00016 0.00000 0.00000 ( 1)
 185 V   0.94007 0.05993 0.00000 0.00000 ( 1)
 186 R   0.29940 0.70060 0.00000 0.00000 ( 2)
 187 Y   0.91616 0.08384 0.00000 0.00000 ( 1)
 188 Y   0.99968 0.00032 0.00000 0.00000 ( 1)
 189 K   0.74718 0.25282 0.00000 0.00000 ( 1)
 190 E   0.11371 0.88629 0.00000 0.00000 ( 2)
 191 G   0.99978 0.00022 0.00000 0.00000 ( 1)
 192 L   0.99930 0.00070 0.00000 0.00000 ( 1)
 193 E   0.00073 0.99927 0.00000 0.00000 ( 2)
 194 K   0.98722 0.01278 0.00000 0.00000 ( 1)
 195 -   0.87948 0.12052 0.00000 0.00000 ( 1)
 196 R   0.90112 0.09888 0.00000 0.00000 ( 1)
 197 Y   0.71101 0.28899 0.00000 0.00000 ( 1)
 198 A   0.99216 0.00784 0.00000 0.00000 ( 1)
 199 T   0.99899 0.00101 0.00000 0.00000 ( 1)
 200 -   0.87948 0.12052 0.00000 0.00000 ( 1)
 201 -   0.36402 0.63598 0.00000 0.00000 ( 2)
 202 -   0.95751 0.04249 0.00000 0.00000 ( 1)
 203 G   0.96146 0.03854 0.00000 0.00000 ( 1)
 204 N   0.00213 0.99787 0.00000 0.00000 ( 2)
 205 W   0.99743 0.00257 0.00000 0.00000 ( 1)
 206 N   0.99082 0.00918 0.00000 0.00000 ( 1)
 207 A   0.78225 0.21775 0.00000 0.00000 ( 1)
 208 F   0.98454 0.01546 0.00000 0.00000 ( 1)
 209 N   0.99958 0.00042 0.00000 0.00000 ( 1)
 210 D   0.99035 0.00965 0.00000 0.00000 ( 1)
 211 Y   0.99421 0.00579 0.00000 0.00000 ( 1)
 212 R   0.99942 0.00058 0.00000 0.00000 ( 1)
 213 R   0.99988 0.00012 0.00000 0.00000 ( 1)
 214 T   0.99374 0.00626 0.00000 0.00000 ( 1)
 215 M   0.99998 0.00002 0.00000 0.00000 ( 1)
 216 T   0.99957 0.00043 0.00000 0.00000 ( 1)
 217 I   0.13116 0.86884 0.00000 0.00000 ( 2)
 218 M   0.99978 0.00022 0.00000 0.00000 ( 1)
 219 V   0.99828 0.00172 0.00000 0.00000 ( 1)
 220 M   0.98136 0.01864 0.00000 0.00000 ( 1)
 221 D   0.99995 0.00005 0.00000 0.00000 ( 1)
 222 I   0.83578 0.16422 0.00000 0.00000 ( 1)
 223 V   0.99959 0.00041 0.00000 0.00000 ( 1)
 224 S   0.99794 0.00206 0.00000 0.00000 ( 1)
 225 L   0.95841 0.04159 0.00000 0.00000 ( 1)
 226 W   0.98069 0.01931 0.00000 0.00000 ( 1)
 227 P   0.99990 0.00010 0.00000 0.00000 ( 1)
 228 T   0.99072 0.00928 0.00000 0.00000 ( 1)


lnL = -3530.986485

Bayes Empirical Bayes (BEB) probabilities for 4 classes (class)
(amino acids refer to 1st sequence: BT_Cry32Ja1)

   1 -   0.90577 0.05911 0.03299 0.00213 ( 1)
   2 -   0.94525 0.01963 0.03441 0.00071 ( 1)
   3 A   0.56169 0.40319 0.02059 0.01453 ( 1)
   4 A   0.03256 0.94789 0.00040 0.01915 ( 2)
   5 A   0.93350 0.05992 0.00576 0.00082 ( 1)
   6 A   0.99163 0.00151 0.00683 0.00003 ( 1)
   7 V   0.96469 0.02621 0.00861 0.00048 ( 1)
   8 G   0.81754 0.17669 0.00368 0.00209 ( 1)
   9 I   0.98109 0.00797 0.01078 0.00016 ( 1)
  10 I   0.81231 0.17714 0.00794 0.00262 ( 1)
  11 S   0.99038 0.00423 0.00533 0.00006 ( 1)
  12 V   0.82122 0.16961 0.00572 0.00346 ( 1)
  13 L   0.97470 0.01769 0.00725 0.00036 ( 1)
  14 L   0.61567 0.37301 0.00526 0.00606 ( 1)
  15 P   0.96710 0.02813 0.00447 0.00030 ( 1)
  16 L   0.10636 0.87564 0.00132 0.01669 ( 2)
  17 L   0.99061 0.00110 0.00827 0.00002 ( 1)
  18 W   0.98587 0.00288 0.01121 0.00004 ( 1)
  19 P   0.99520 0.00015 0.00465 0.00000 ( 1)
  20 D   0.69377 0.29719 0.00481 0.00423 ( 1)
  21 Q   0.93673 0.05587 0.00651 0.00089 ( 1)
  22 A   0.88646 0.09112 0.02011 0.00231 ( 1)
  23 G   0.99052 0.00520 0.00422 0.00006 ( 1)
  24 P   0.98650 0.00836 0.00506 0.00009 ( 1)
  25 P   0.98650 0.00836 0.00506 0.00009 ( 1)
  26 G   0.98181 0.01085 0.00719 0.00014 ( 1)
  27 T   0.98821 0.00510 0.00660 0.00009 ( 1)
  28 T   0.90711 0.08462 0.00697 0.00131 ( 1)
  29 E   0.62251 0.23771 0.12659 0.01318 ( 1)
  30 A   0.94537 0.04598 0.00802 0.00063 ( 1)
  31 Q   0.98251 0.01208 0.00528 0.00014 ( 1)
  32 F   0.97061 0.02143 0.00761 0.00035 ( 1)
  33 T   0.98570 0.00825 0.00594 0.00011 ( 1)
  34 W   0.98587 0.00288 0.01121 0.00004 ( 1)
  35 D   0.99168 0.00150 0.00680 0.00002 ( 1)
  36 Q   0.97181 0.02179 0.00613 0.00027 ( 1)
  37 W   0.70220 0.28372 0.00923 0.00486 ( 1)
  38 I   0.99585 0.00092 0.00323 0.00001 ( 1)
  39 T   0.77531 0.21255 0.00725 0.00489 ( 1)
  40 A   0.96683 0.02779 0.00501 0.00037 ( 1)
  41 G   0.97980 0.01273 0.00726 0.00022 ( 1)
  42 E   0.99442 0.00011 0.00547 0.00000 ( 1)
  43 E   0.98240 0.00829 0.00913 0.00019 ( 1)
  44 L   0.98727 0.00942 0.00323 0.00009 ( 1)
  45 A   0.86067 0.13251 0.00450 0.00232 ( 1)
  46 A   0.94973 0.00476 0.04540 0.00011 ( 1)
  47 Q   0.99448 0.00018 0.00534 0.00000 ( 1)
  48 T   0.63918 0.01863 0.34117 0.00102 ( 1)
  49 V   0.99045 0.00054 0.00900 0.00001 ( 1)
  50 S   0.47157 0.51686 0.00285 0.00872 ( 2)
  51 T   0.12403 0.73552 0.10235 0.03810 ( 2)
  52 S   0.24876 0.73583 0.00322 0.01220 ( 2)
  53 V   0.95451 0.03087 0.01390 0.00073 ( 1)
  54 K   0.97919 0.00270 0.01806 0.00005 ( 1)
  55 D   0.60868 0.05116 0.33756 0.00260 ( 1)
  56 R   0.95536 0.03421 0.00991 0.00052 ( 1)
  57 A   0.99300 0.00018 0.00681 0.00000 ( 1)
  58 I   0.98231 0.00884 0.00869 0.00016 ( 1)
  59 D   0.98562 0.00722 0.00704 0.00012 ( 1)
  60 T   0.95109 0.04081 0.00752 0.00059 ( 1)
  61 T   0.72895 0.26329 0.00397 0.00379 ( 1)
  62 R   0.15170 0.83363 0.00162 0.01305 ( 2)
  63 I   0.98194 0.01101 0.00689 0.00015 ( 1)
  64 L   0.99208 0.00074 0.00717 0.00001 ( 1)
  65 Q   0.98606 0.00515 0.00872 0.00007 ( 1)
  66 S   0.92775 0.06555 0.00588 0.00082 ( 1)
  67 R   0.87586 0.11832 0.00465 0.00117 ( 1)
  68 M   0.76067 0.22590 0.00941 0.00402 ( 1)
  69 R   0.46346 0.52957 0.00184 0.00514 ( 2)
  70 D   0.99498 0.00047 0.00455 0.00001 ( 1)
  71 Y   0.99078 0.00026 0.00896 0.00000 ( 1)
  72 Q   0.99122 0.00048 0.00829 0.00001 ( 1)
  73 Q   0.99329 0.00136 0.00533 0.00002 ( 1)
  74 A   0.99022 0.00124 0.00852 0.00002 ( 1)
  75 I   0.87751 0.01771 0.10425 0.00053 ( 1)
  76 C   0.94630 0.04878 0.00444 0.00048 ( 1)
  77 N   0.98702 0.00887 0.00400 0.00012 ( 1)
  78 L   0.97712 0.01358 0.00911 0.00019 ( 1)
  79 Q   0.19734 0.63529 0.13044 0.03693 ( 2)
  80 T   0.39865 0.48028 0.10273 0.01834 ( 2)
  81 D   0.99335 0.00016 0.00649 0.00000 ( 1)
  82 P   0.99192 0.00323 0.00482 0.00004 ( 1)
  83 D   0.99467 0.00044 0.00488 0.00001 ( 1)
  84 N   0.92135 0.00243 0.07616 0.00007 ( 1)
  85 E   0.98787 0.00635 0.00568 0.00010 ( 1)
  86 E   0.32042 0.59227 0.03909 0.04822 ( 2)
  87 Y   0.74813 0.24453 0.00419 0.00315 ( 1)
  88 K   0.99501 0.00021 0.00478 0.00000 ( 1)
  89 A   0.94252 0.05097 0.00574 0.00077 ( 1)
  90 D   0.99163 0.00226 0.00608 0.00003 ( 1)
  91 V   0.99346 0.00027 0.00627 0.00000 ( 1)
  92 R   0.82107 0.17403 0.00322 0.00169 ( 1)
  93 R   0.96932 0.02632 0.00409 0.00027 ( 1)
  94 E   0.99238 0.00095 0.00666 0.00001 ( 1)
  95 F   0.99099 0.00142 0.00757 0.00002 ( 1)
  96 N   0.87781 0.11710 0.00356 0.00153 ( 1)
  97 D   0.99466 0.00079 0.00454 0.00001 ( 1)
  98 A   0.86323 0.07038 0.06457 0.00182 ( 1)
  99 E   0.99174 0.00159 0.00664 0.00002 ( 1)
 100 D   0.99325 0.00217 0.00454 0.00003 ( 1)
 101 Q   0.98508 0.00620 0.00864 0.00008 ( 1)
 102 A   0.98470 0.00726 0.00794 0.00010 ( 1)
 103 K   0.99223 0.00228 0.00546 0.00003 ( 1)
 104 D   0.00271 0.95768 0.00038 0.03923 ( 2)
 105 A   0.98777 0.00703 0.00510 0.00009 ( 1)
 106 V   0.94624 0.02786 0.02530 0.00059 ( 1)
 107 I   0.98757 0.00705 0.00528 0.00009 ( 1)
 108 Q   0.98348 0.01111 0.00528 0.00013 ( 1)
 109 F   0.99565 0.00006 0.00429 0.00000 ( 1)
 110 G   0.82074 0.08112 0.09606 0.00208 ( 1)
 111 -   0.94668 0.04771 0.00505 0.00057 ( 1)
 112 -   0.19284 0.56709 0.20520 0.03487 ( 2)
 113 -   0.95138 0.04164 0.00615 0.00083 ( 1)
 114 -   0.95801 0.03712 0.00436 0.00052 ( 1)
 115 -   0.96158 0.03354 0.00434 0.00054 ( 1)
 116 -   0.28351 0.54398 0.14849 0.02402 ( 2)
 117 -   0.95259 0.04192 0.00491 0.00058 ( 1)
 118 -   0.95272 0.04062 0.00588 0.00078 ( 1)
 119 N   0.91187 0.07936 0.00742 0.00135 ( 1)
 120 L   0.70808 0.28084 0.00601 0.00508 ( 1)
 121 N   0.98281 0.01130 0.00571 0.00018 ( 1)
 122 Y   0.95703 0.03657 0.00581 0.00060 ( 1)
 123 A   0.83348 0.14776 0.01489 0.00387 ( 1)
 124 I   0.99465 0.00037 0.00498 0.00000 ( 1)
 125 P   0.97251 0.00346 0.02395 0.00008 ( 1)
 126 L   0.99137 0.00081 0.00780 0.00001 ( 1)
 127 L   0.99189 0.00079 0.00731 0.00001 ( 1)
 128 A   0.53125 0.45689 0.00450 0.00736 ( 1)
 129 D   0.99489 0.00056 0.00455 0.00001 ( 1)
 130 Y   0.99217 0.00062 0.00720 0.00001 ( 1)
 131 A   0.98476 0.00239 0.01280 0.00005 ( 1)
 132 E   0.99252 0.00212 0.00533 0.00002 ( 1)
 133 A   0.99067 0.00024 0.00909 0.00000 ( 1)
 134 A   0.89432 0.09433 0.00924 0.00212 ( 1)
 135 N   0.99589 0.00008 0.00403 0.00000 ( 1)
 136 L   0.31738 0.66804 0.00343 0.01115 ( 2)
 137 H   0.99161 0.00058 0.00780 0.00001 ( 1)
 138 L   0.98885 0.00091 0.01022 0.00002 ( 1)
 139 L   0.98498 0.00830 0.00659 0.00013 ( 1)
 140 L   0.99210 0.00072 0.00717 0.00001 ( 1)
 141 L   0.99082 0.00106 0.00810 0.00002 ( 1)
 142 R   0.99203 0.00099 0.00697 0.00001 ( 1)
 143 D   0.99535 0.00010 0.00454 0.00000 ( 1)
 144 V   0.99184 0.00154 0.00660 0.00002 ( 1)
 145 V   0.91750 0.06434 0.01661 0.00154 ( 1)
 146 K   0.85301 0.08611 0.05925 0.00163 ( 1)
 147 F   0.85680 0.02974 0.11277 0.00068 ( 1)
 148 G   0.99577 0.00009 0.00415 0.00000 ( 1)
 149 E   0.99363 0.00089 0.00547 0.00001 ( 1)
 150 I   0.92182 0.07284 0.00449 0.00086 ( 1)
 151 W   0.98587 0.00288 0.01121 0.00004 ( 1)
 152 G   0.99577 0.00008 0.00415 0.00000 ( 1)
 153 F   0.99556 0.00015 0.00429 0.00000 ( 1)
 154 T   0.96855 0.02470 0.00643 0.00032 ( 1)
 155 A   0.27756 0.68115 0.02353 0.01776 ( 2)
 156 L   0.07151 0.91384 0.00066 0.01400 ( 2)
 157 Q   0.99321 0.00126 0.00550 0.00002 ( 1)
 158 V   0.98667 0.00183 0.01147 0.00003 ( 1)
 159 Q   0.96988 0.02463 0.00521 0.00028 ( 1)
 160 Q   0.98447 0.01012 0.00529 0.00012 ( 1)
 161 Y   0.99220 0.00233 0.00544 0.00003 ( 1)
 162 Y   0.98838 0.00093 0.01068 0.00001 ( 1)
 163 S   0.59018 0.40130 0.00356 0.00496 ( 1)
 164 N   0.99447 0.00148 0.00403 0.00002 ( 1)
 165 T   0.51297 0.44366 0.03186 0.01152 ( 1)
 166 G   0.19547 0.79348 0.00121 0.00984 ( 2)
 167 -   0.71808 0.23936 0.03731 0.00525 ( 1)
 168 V   0.75615 0.17487 0.06341 0.00557 ( 1)
 169 G   0.98972 0.00538 0.00483 0.00006 ( 1)
 170 N   0.98222 0.01150 0.00612 0.00016 ( 1)
 171 P   0.98417 0.01096 0.00475 0.00012 ( 1)
 172 G   0.98873 0.00691 0.00429 0.00007 ( 1)
 173 M   0.99395 0.00281 0.00322 0.00002 ( 1)
 174 K   0.55064 0.42206 0.01425 0.01304 ( 1)
 175 Q   0.98441 0.01019 0.00528 0.00012 ( 1)
 176 L   0.97937 0.01034 0.01010 0.00019 ( 1)
 177 L   0.97329 0.01915 0.00728 0.00028 ( 1)
 178 A   0.21552 0.74919 0.00449 0.03079 ( 2)
 179 T   0.92238 0.06922 0.00711 0.00130 ( 1)
 180 Y   0.99411 0.00033 0.00555 0.00000 ( 1)
 181 T   0.96111 0.03390 0.00457 0.00042 ( 1)
 182 D   0.99233 0.00062 0.00704 0.00001 ( 1)
 183 H   0.99578 0.00023 0.00399 0.00000 ( 1)
 184 C   0.99515 0.00017 0.00467 0.00000 ( 1)
 185 V   0.78014 0.05825 0.15949 0.00212 ( 1)
 186 R   0.23639 0.67288 0.05960 0.03113 ( 2)
 187 Y   0.89212 0.09627 0.01016 0.00145 ( 1)
 188 Y   0.99419 0.00036 0.00545 0.00000 ( 1)
 189 K   0.70579 0.28471 0.00457 0.00493 ( 1)
 190 E   0.07917 0.75555 0.11265 0.05263 ( 2)
 191 G   0.99224 0.00025 0.00751 0.00000 ( 1)
 192 L   0.98899 0.00078 0.01022 0.00001 ( 1)
 193 E   0.00055 0.94949 0.00042 0.04954 ( 2)
 194 K   0.97779 0.01469 0.00732 0.00020 ( 1)
 195 -   0.83349 0.13139 0.03039 0.00473 ( 1)
 196 R   0.87419 0.11348 0.01007 0.00226 ( 1)
 197 Y   0.29076 0.14361 0.55433 0.01131 ( 3)
 198 A   0.98248 0.00896 0.00835 0.00021 ( 1)
 199 T   0.99079 0.00112 0.00807 0.00002 ( 1)
 200 -   0.83349 0.13139 0.03039 0.00473 ( 1)
 201 -   0.31526 0.65191 0.00891 0.02393 ( 2)
 202 -   0.89046 0.04613 0.06177 0.00164 ( 1)
 203 G   0.94496 0.04431 0.01008 0.00066 ( 1)
 204 N   0.00145 0.85510 0.02073 0.12272 ( 2)
 205 W   0.98587 0.00288 0.01121 0.00004 ( 1)
 206 N   0.98520 0.01067 0.00399 0.00014 ( 1)
 207 A   0.74370 0.24769 0.00418 0.00443 ( 1)
 208 F   0.85031 0.01556 0.13347 0.00066 ( 1)
 209 N   0.99469 0.00048 0.00482 0.00001 ( 1)
 210 D   0.97944 0.01121 0.00913 0.00021 ( 1)
 211 Y   0.98577 0.00658 0.00757 0.00008 ( 1)
 212 R   0.99408 0.00065 0.00527 0.00001 ( 1)
 213 R   0.97473 0.00013 0.02514 0.00000 ( 1)
 214 T   0.98860 0.00728 0.00402 0.00010 ( 1)
 215 M   0.99675 0.00002 0.00323 0.00000 ( 1)
 216 T   0.99323 0.00047 0.00629 0.00001 ( 1)
 217 I   0.10649 0.85563 0.01018 0.02770 ( 2)
 218 M   0.99652 0.00025 0.00323 0.00000 ( 1)
 219 V   0.99032 0.00194 0.00771 0.00003 ( 1)
 220 M   0.96006 0.02097 0.01833 0.00065 ( 1)
 221 D   0.99540 0.00006 0.00454 0.00000 ( 1)
 222 I   0.80122 0.18715 0.00753 0.00409 ( 1)
 223 V   0.99304 0.00045 0.00650 0.00001 ( 1)
 224 S   0.98984 0.00232 0.00780 0.00004 ( 1)
 225 L   0.94176 0.04767 0.00967 0.00091 ( 1)
 226 W   0.96642 0.02225 0.01099 0.00034 ( 1)
 227 P   0.99529 0.00011 0.00459 0.00000 ( 1)
 228 T   0.98206 0.01057 0.00722 0.00014 ( 1)

