Supplemental results for CODEML (seqf: algn  treef: tree)


dN/dS (w) for site classes (K=4)

site class             0        1       2a       2b
proportion       0.59367  0.35213  0.03402  0.02018
background w     0.35204  2.49056  0.35204  2.49056
foreground w     0.35204  2.49056 64.69084 64.69084

Naive Empirical Bayes (NEB) probabilities for 4 classes
(amino acids refer to 1st sequence: BT_Cry40Aa1)

   1 S   0.78993 0.15587 0.04527 0.00893 ( 1)
   2 L   0.44106 0.50474 0.02528 0.02892 ( 2)
   3 G   0.00620 0.96524 0.00018 0.02838 ( 2)
   4 G   0.64242 0.32758 0.01971 0.01028 ( 1)
   5 I   0.82973 0.14516 0.02126 0.00385 ( 1)
   6 N   0.02985 0.93806 0.00097 0.03112 ( 2)
   7 T   0.02695 0.94537 0.00074 0.02694 ( 2)
   8 L   0.83339 0.14213 0.02078 0.00370 ( 1)
   9 F   0.05055 0.39659 0.27430 0.27856 ( 2)
  10 S   0.44079 0.52413 0.01587 0.01921 ( 2)
  11 I   0.86653 0.10908 0.02157 0.00282 ( 1)
  12 I   0.96331 0.01239 0.02398 0.00032 ( 1)
  13 G   0.00025 0.95975 0.00001 0.03999 ( 2)
  14 K   0.79458 0.17937 0.02112 0.00493 ( 1)
  15 L   0.92340 0.02718 0.04800 0.00142 ( 1)
  16 I   0.95675 0.01825 0.02452 0.00048 ( 1)
  17 P   0.94019 0.01841 0.04060 0.00080 ( 1)
  18 T   0.91847 0.05278 0.02715 0.00160 ( 1)
  19 N   0.77000 0.20114 0.02276 0.00609 ( 1)
  20 H   0.75673 0.21528 0.02167 0.00632 ( 1)
  21 Q   0.52674 0.44084 0.01748 0.01494 ( 1)
  22 S   0.20278 0.76796 0.00599 0.02327 ( 2)
  23 V   0.64791 0.31457 0.02514 0.01238 ( 1)
  24 S   0.64893 0.32346 0.01826 0.00936 ( 1)
  25 A   0.70424 0.26819 0.01981 0.00776 ( 1)
  26 L   0.96664 0.00479 0.02843 0.00014 ( 1)
  27 S   0.96628 0.00500 0.02856 0.00015 ( 1)
  28 I   0.97417 0.00154 0.02425 0.00004 ( 1)
  29 C   0.96532 0.00591 0.02860 0.00018 ( 1)
  30 D   0.97770 0.00067 0.02162 0.00002 ( 1)
  31 L   0.95431 0.01300 0.03224 0.00045 ( 1)
  32 L   0.14313 0.01798 0.82723 0.01166 ( 3)
  33 S   0.96568 0.00560 0.02854 0.00017 ( 1)
  34 I   0.97417 0.00154 0.02425 0.00004 ( 1)
  35 I   0.97314 0.00188 0.02494 0.00005 ( 1)
  36 R   0.95029 0.01596 0.03318 0.00057 ( 1)
  37 K   0.95270 0.02138 0.02532 0.00059 ( 1)
  38 E   0.95052 0.01577 0.03315 0.00056 ( 1)
  39 V   0.95093 0.02240 0.02603 0.00063 ( 1)
  40 A   0.23283 0.72782 0.00945 0.02990 ( 2)
  41 D   0.62900 0.33709 0.02194 0.01197 ( 1)
  42 S   0.92284 0.03217 0.04346 0.00153 ( 1)
  43 V   0.78067 0.18186 0.03030 0.00717 ( 1)
  44 L   0.95431 0.01300 0.03224 0.00045 ( 1)
  45 S   0.50328 0.47047 0.01338 0.01287 ( 1)
  46 D   0.06207 0.89849 0.00252 0.03692 ( 2)
  47 A   0.03854 0.92216 0.00156 0.03774 ( 2)
  48 I   0.07026 0.90250 0.00190 0.02533 ( 2)
  49 C   0.03630 0.93562 0.00102 0.02706 ( 2)
  50 R   0.76715 0.21102 0.01696 0.00487 ( 1)
  51 F   0.97519 0.00122 0.02356 0.00003 ( 1)
  52 L   0.59367 0.35213 0.03402 0.02018 ( 1)
  53 D   0.03802 0.41440 0.23829 0.30929 ( 2)
  54 G   0.96819 0.00396 0.02773 0.00012 ( 1)
  55 K   0.20566 0.76784 0.00543 0.02107 ( 2)
  56 L   0.34291 0.63014 0.00932 0.01763 ( 2)
  57 K   0.01770 0.95412 0.00050 0.02768 ( 2)
  58 N   0.46954 0.50270 0.01319 0.01457 ( 2)
  59 Y   0.94292 0.02933 0.02689 0.00086 ( 1)
  60 R   0.00048 0.79589 0.00109 0.20254 ( 2)
  61 E   0.00292 0.97423 0.00007 0.02278 ( 2)
  62 Y   0.96834 0.00393 0.02761 0.00012 ( 1)
  63 Y   0.96834 0.00393 0.02761 0.00012 ( 1)
  64 L   0.96664 0.00479 0.02843 0.00014 ( 1)
  65 P   0.00001 0.70683 0.00002 0.29315 ( 2)
  66 Y   0.72175 0.25006 0.02079 0.00741 ( 1)
  67 L   0.96664 0.00479 0.02843 0.00014 ( 1)
  68 E   0.00631 0.95921 0.00022 0.03425 ( 2)
  69 A   0.00106 0.97612 0.00002 0.02279 ( 2)
  70 W   0.88345 0.07464 0.03862 0.00329 ( 1)
  71 L   0.96664 0.00479 0.02843 0.00014 ( 1)
  72 K   0.00074 0.97052 0.00002 0.02871 ( 2)
  73 D   0.01584 0.96124 0.00036 0.02257 ( 2)
  74 G   0.16168 0.81137 0.00432 0.02263 ( 2)
  75 K   0.03471 0.92945 0.00127 0.03457 ( 2)
  76 P   0.92571 0.02009 0.05305 0.00115 ( 1)
  77 L   0.30731 0.63849 0.01761 0.03659 ( 2)
  78 Q   0.14861 0.79719 0.00852 0.04568 ( 2)
  79 K   0.07157 0.87423 0.00410 0.05010 ( 2)
  80 T   0.69469 0.25111 0.03981 0.01439 ( 1)
  81 N   0.64415 0.33370 0.01438 0.00777 ( 1)
  82 N   0.02133 0.94638 0.00070 0.03160 ( 2)
  83 S   0.00000 0.83140 0.00000 0.16859 ( 2)
  84 D   0.00053 0.97267 0.00001 0.02679 ( 2)
  85 I   0.89547 0.07590 0.02634 0.00229 ( 1)
  86 G   0.00000 0.97164 0.00000 0.02836 ( 2)
  87 Q   0.09223 0.86833 0.00375 0.03569 ( 2)
  88 L   0.93424 0.03908 0.02557 0.00110 ( 1)
  89 V   0.82442 0.14906 0.02234 0.00417 ( 1)
  90 K   0.00009 0.97310 0.00000 0.02681 ( 2)
  91 Y   0.18776 0.77197 0.00781 0.03247 ( 2)
  92 F   0.89590 0.06302 0.03836 0.00272 ( 1)
  93 E   0.08069 0.88649 0.00269 0.03012 ( 2)
  94 L   0.00000 0.97157 0.00000 0.02843 ( 2)
  95 S   0.07340 0.88197 0.00341 0.04122 ( 2)
  96 E   0.95334 0.02095 0.02513 0.00057 ( 1)
  97 R   0.03711 0.93600 0.00099 0.02590 ( 2)
  98 D   0.10092 0.87650 0.00223 0.02034 ( 2)
  99 F   0.89897 0.05995 0.03849 0.00259 ( 1)
 100 N   0.91147 0.06089 0.02586 0.00177 ( 1)
 101 E   0.22453 0.74872 0.00599 0.02077 ( 2)
 102 I   0.92440 0.04700 0.02719 0.00142 ( 1)
 103 L   0.80611 0.16105 0.02726 0.00557 ( 1)
 104 G   0.00551 0.96622 0.00016 0.02811 ( 2)
 105 G   0.92038 0.04076 0.03719 0.00167 ( 1)
 106 S   0.40518 0.55971 0.01459 0.02052 ( 2)
 107 L   0.95235 0.01497 0.03217 0.00052 ( 1)
 108 A   0.77106 0.19406 0.02777 0.00711 ( 1)
 109 R   0.70299 0.26762 0.02114 0.00824 ( 1)
 110 N   0.00097 0.95875 0.00004 0.04024 ( 2)
 111 N   0.91965 0.05440 0.02445 0.00150 ( 1)
 112 A   0.94264 0.03023 0.02626 0.00087 ( 1)
 113 Q   0.66091 0.31281 0.01764 0.00865 ( 1)
 114 I   0.95224 0.02345 0.02371 0.00061 ( 1)
 115 L   0.94218 0.02512 0.03183 0.00087 ( 1)
 116 L   0.95431 0.01300 0.03224 0.00045 ( 1)
 117 L   0.93124 0.03082 0.03671 0.00123 ( 1)
 118 P   0.95886 0.00965 0.03117 0.00032 ( 1)
 119 Y   0.62511 0.33632 0.02496 0.01360 ( 1)
 120 F   0.80537 0.16677 0.02296 0.00489 ( 1)
 121 C   0.00089 0.96098 0.00003 0.03810 ( 2)
 122 A   0.58606 0.38159 0.01944 0.01291 ( 1)
 123 S   0.28750 0.68487 0.00801 0.01962 ( 2)
 124 C   0.72829 0.24416 0.02049 0.00706 ( 1)
 125 K   0.97272 0.00544 0.02171 0.00013 ( 1)
 126 C   0.00789 0.95425 0.00031 0.03755 ( 2)
 127 Q   0.90367 0.07121 0.02323 0.00189 ( 1)
 128 L   0.95431 0.01300 0.03224 0.00045 ( 1)
 129 L   0.95431 0.01300 0.03224 0.00045 ( 1)
 130 L   0.94099 0.02386 0.03426 0.00088 ( 1)
 131 L   0.95431 0.01300 0.03224 0.00045 ( 1)
 132 R   0.93103 0.03184 0.03589 0.00124 ( 1)
 133 D   0.95977 0.00120 0.03897 0.00005 ( 1)
 134 A   0.34058 0.63157 0.00958 0.01827 ( 2)
 135 V   0.97079 0.00282 0.02631 0.00008 ( 1)
 136 Q   0.90060 0.07314 0.02423 0.00204 ( 1)
 137 Y   0.96834 0.00393 0.02761 0.00012 ( 1)
 138 E   0.95276 0.02133 0.02532 0.00059 ( 1)
 139 E   0.00459 0.96846 0.00012 0.02683 ( 2)
 140 Q   0.06933 0.90413 0.00183 0.02471 ( 2)
 141 W   0.88345 0.07464 0.03862 0.00329 ( 1)
 142 F   0.00635 0.96322 0.00019 0.03024 ( 2)
 143 P   0.00035 0.96372 0.00001 0.03592 ( 2)
 144 F   0.01547 0.94652 0.00060 0.03741 ( 2)
 145 L   0.35504 0.61550 0.01061 0.01885 ( 2)
 146 S   0.04673 0.92071 0.00154 0.03102 ( 2)
 147 A   0.05036 0.90782 0.00218 0.03964 ( 2)
 148 E   0.50957 0.45200 0.02024 0.01820 ( 1)
 149 N   0.58806 0.38363 0.01693 0.01139 ( 1)
 150 V   0.69498 0.27284 0.02297 0.00920 ( 1)
 151 R   0.70334 0.25770 0.02842 0.01054 ( 1)
 152 S   0.89760 0.06759 0.03233 0.00248 ( 1)
 153 E   0.93585 0.02516 0.03795 0.00103 ( 1)
 154 L   0.91221 0.03359 0.05227 0.00193 ( 1)
 155 I   0.94153 0.00427 0.05396 0.00024 ( 1)
 156 S   0.91102 0.03478 0.05221 0.00199 ( 1)
 157 P   0.92666 0.01914 0.05310 0.00110 ( 1)
 158 N   0.64349 0.30231 0.03688 0.01732 ( 1)
 159 S   0.70339 0.24241 0.04031 0.01389 ( 1)
 160 G   0.69375 0.25205 0.03976 0.01444 ( 1)
 161 C   0.68932 0.25648 0.03950 0.01470 ( 1)
 162 D   0.72696 0.21884 0.04166 0.01254 ( 1)
 163 F   0.71597 0.22983 0.04103 0.01317 ( 1)
 164 T   0.38821 0.58192 0.01178 0.01809 ( 2)
 165 G   0.01350 0.95810 0.00038 0.02801 ( 2)
 166 D   0.97770 0.00067 0.02162 0.00002 ( 1)
 167 Y   0.91000 0.06100 0.02714 0.00186 ( 1)
 168 Y   0.01865 0.94140 0.00077 0.03919 ( 2)
 169 E   0.41310 0.55286 0.01441 0.01963 ( 2)
 170 R   0.36751 0.58807 0.01701 0.02742 ( 2)
 171 L   0.85303 0.11422 0.02882 0.00394 ( 1)
 172 K   0.97167 0.00244 0.02583 0.00007 ( 1)
 173 C   0.04548 0.91578 0.00181 0.03693 ( 2)
 174 K   0.31976 0.65372 0.00850 0.01802 ( 2)
 175 I   0.06791 0.90693 0.00169 0.02346 ( 2)
 176 A   0.79879 0.17447 0.02182 0.00492 ( 1)
 177 E   0.03225 0.93332 0.00113 0.03330 ( 2)
 178 Y   0.94600 0.02625 0.02697 0.00077 ( 1)
 179 T   0.03490 0.93699 0.00098 0.02713 ( 2)
 180 D   0.66506 0.31282 0.01484 0.00728 ( 1)
 181 Y   0.79799 0.17405 0.02283 0.00513 ( 1)
 182 C   0.96621 0.00501 0.02862 0.00015 ( 1)
 183 E   0.00063 0.97167 0.00002 0.02768 ( 2)
 184 Y   0.00000 0.55536 0.00001 0.44463 ( 2)
 185 W   0.88345 0.07464 0.03862 0.00329 ( 1)
 186 Y   0.96834 0.00393 0.02761 0.00012 ( 1)
 187 Q   0.24462 0.71544 0.01009 0.02985 ( 2)
 188 A   0.00544 0.95953 0.00019 0.03483 ( 2)
 189 G   0.96819 0.00396 0.02773 0.00012 ( 1)
 190 L   0.95431 0.01300 0.03224 0.00045 ( 1)
 191 N   0.92593 0.05203 0.02083 0.00122 ( 1)
 192 Q   0.90859 0.05153 0.03772 0.00216 ( 1)
 193 I   0.97417 0.00154 0.02425 0.00004 ( 1)
 194 K   0.26899 0.06653 0.64837 0.01611 ( 3)
 195 Q   0.05406 0.90566 0.00225 0.03803 ( 2)
 196 A   0.00011 0.96116 0.00000 0.03873 ( 2)
 197 G   0.95267 0.01948 0.02728 0.00057 ( 1)
 198 T   0.79392 0.17827 0.02260 0.00521 ( 1)
 199 G   0.40144 0.57223 0.01068 0.01566 ( 2)
 200 A   0.32256 0.57293 0.03595 0.06856 ( 2)
 201 D   0.02869 0.94470 0.00076 0.02585 ( 2)
 202 T   0.00037 0.06039 0.29796 0.64128 ( 4)
 203 W   0.88345 0.07464 0.03862 0.00329 ( 1)
 204 A   0.00034 0.60546 0.00243 0.39177 ( 2)
 205 K   0.97167 0.00244 0.02583 0.00007 ( 1)
 206 F   0.97519 0.00122 0.02356 0.00003 ( 1)
 207 N   0.97746 0.00071 0.02181 0.00002 ( 1)
 208 K   0.97167 0.00244 0.02583 0.00007 ( 1)
 209 F   0.97475 0.00165 0.02355 0.00004 ( 1)
 210 R   0.94953 0.01673 0.03315 0.00059 ( 1)
 211 R   0.96415 0.00665 0.02899 0.00020 ( 1)
 212 E   0.97200 0.00232 0.02562 0.00006 ( 1)
 213 M   0.97106 0.00261 0.02626 0.00007 ( 1)
 214 T   0.92142 0.04008 0.03688 0.00162 ( 1)
 215 L   0.92566 0.03640 0.03649 0.00145 ( 1)
 216 T   0.26129 0.70022 0.01036 0.02813 ( 2)
 217 V   0.97032 0.00304 0.02656 0.00009 ( 1)
 218 L   0.92468 0.03738 0.03645 0.00149 ( 1)
 219 D   0.97770 0.00067 0.02162 0.00002 ( 1)
 220 I   0.87333 0.01369 0.11126 0.00172 ( 1)
 221 I   0.92438 0.05059 0.02369 0.00134 ( 1)
 222 A   0.94550 0.02738 0.02634 0.00078 ( 1)
 223 I   0.95746 0.01823 0.02384 0.00047 ( 1)
 224 F   0.97519 0.00122 0.02356 0.00003 ( 1)
 225 Q   0.89562 0.07260 0.02936 0.00243 ( 1)
 226 T   0.94593 0.02662 0.02668 0.00077 ( 1)


lnL = -3242.908436

