Supplemental results for CODEML (seqf: algn  treef: tree)


dN/dS (w) for site classes (K=4)

site class             0        1       2a       2b
proportion       0.48813  0.32946  0.10891  0.07351
background w     0.10221  1.00000  0.10221  1.00000
foreground w     0.10221  1.00000 999.00000 999.00000

Naive Empirical Bayes (NEB) probabilities for 4 classes
(amino acids refer to 1st sequence: BT_Cry1Ia11)

   1 S   0.93485 0.05688 0.00712 0.00115 ( 1)
   2 I   0.94881 0.02765 0.02175 0.00178 ( 1)
   3 T   0.96451 0.02385 0.01087 0.00077 ( 1)
   4 Q   0.98819 0.00880 0.00296 0.00005 ( 1)
   5 I   0.53180 0.33962 0.08704 0.04155 ( 1)
   6 P   0.98314 0.01291 0.00383 0.00012 ( 1)
   7 L   0.56701 0.39300 0.01641 0.02358 ( 1)
   8 V   0.96545 0.02337 0.01046 0.00072 ( 1)
   9 K   0.90738 0.08403 0.00668 0.00192 ( 1)
  10 A   0.81771 0.17419 0.00580 0.00231 ( 1)
  11 F   0.11009 0.70750 0.02456 0.15785 ( 2)
  12 N   0.49900 0.31859 0.11133 0.07108 ( 1)
  13 -   0.57699 0.24060 0.12873 0.05368 ( 1)
  14 -   0.57139 0.24619 0.12748 0.05493 ( 1)
  15 -   0.57139 0.24619 0.12748 0.05493 ( 1)
  16 -   0.20191 0.61568 0.04505 0.13737 ( 2)
  17 L   0.08193 0.82720 0.02361 0.06726 ( 2)
  18 S   0.00037 0.02762 0.91402 0.05799 ( 3)
  19 S   0.83430 0.09911 0.05025 0.01634 ( 1)
  20 G   0.00580 0.37768 0.48931 0.12720 ( 3)
  21 A   0.00049 0.03171 0.91406 0.05374 ( 3)
  22 A   0.36313 0.55302 0.02962 0.05423 ( 2)
  23 V   0.39898 0.26744 0.31201 0.02156 ( 1)
  24 V   0.74653 0.17755 0.06186 0.01406 ( 1)
  25 R   0.18017 0.17628 0.56892 0.07463 ( 3)
  26 G   0.95615 0.03969 0.00392 0.00024 ( 1)
  27 P   0.98305 0.01184 0.00495 0.00016 ( 1)
  28 G   0.97769 0.01403 0.00793 0.00035 ( 1)
  29 F   0.69563 0.29337 0.00509 0.00592 ( 1)
  30 T   0.96755 0.01840 0.01320 0.00084 ( 1)
  31 G   0.97372 0.01954 0.00642 0.00031 ( 1)
  32 G   0.97232 0.02107 0.00628 0.00032 ( 1)
  33 D   0.07325 0.81589 0.02565 0.08521 ( 2)
  34 I   0.69377 0.30241 0.00243 0.00139 ( 1)
  35 L   0.42311 0.41395 0.12887 0.03407 ( 1)
  36 R   0.07785 0.76274 0.05803 0.10139 ( 2)
  37 R   0.07463 0.68581 0.17133 0.06822 ( 2)
  38 T   0.00957 0.71384 0.06622 0.21037 ( 2)
  39 N   0.19321 0.79237 0.00161 0.01281 ( 2)
  40 T   0.00109 0.95366 0.00004 0.04520 ( 2)
  41 G   0.83845 0.09606 0.05813 0.00736 ( 1)
  42 T   0.00001 0.19137 0.00143 0.80719 ( 4)
  43 F   0.01596 0.15233 0.69236 0.13935 ( 3)
  44 G   0.49966 0.31793 0.11148 0.07093 ( 1)
  45 D   0.12955 0.68804 0.02890 0.15351 ( 2)
  46 I   0.53753 0.28006 0.11993 0.06248 ( 1)
  47 R   0.30789 0.50970 0.06869 0.11372 ( 2)
  48 V   0.47709 0.51741 0.00144 0.00406 ( 2)
  49 N   0.00039 0.08055 0.51595 0.40310 ( 3)
  50 I   0.37497 0.15127 0.38761 0.08616 ( 3)
  51 N   0.95492 0.01975 0.02414 0.00118 ( 1)
  52 -   0.48813 0.32946 0.10891 0.07351 ( 1)
  53 -   0.48813 0.32946 0.10891 0.07351 ( 1)
  54 -   0.48813 0.32946 0.10891 0.07351 ( 1)
  55 -   0.48813 0.32946 0.10891 0.07351 ( 1)
  56 -   0.48813 0.32946 0.10891 0.07351 ( 1)
  57 P   0.92881 0.06165 0.00817 0.00137 ( 1)
  58 P   0.98314 0.01291 0.00383 0.00012 ( 1)
  59 F   0.94134 0.04971 0.00786 0.00108 ( 1)
  60 A   0.09065 0.90120 0.00049 0.00765 ( 2)
  61 Q   0.98819 0.00880 0.00296 0.00005 ( 1)
  62 R   0.87311 0.11725 0.00665 0.00299 ( 1)
  63 Y   0.98514 0.00912 0.00561 0.00013 ( 1)
  64 R   0.87123 0.12414 0.00333 0.00130 ( 1)
  65 V   0.09795 0.29180 0.49662 0.11363 ( 3)
  66 R   0.93051 0.06496 0.00394 0.00059 ( 1)
  67 I   0.79970 0.18326 0.00991 0.00713 ( 1)
  68 R   0.42731 0.56663 0.00155 0.00451 ( 2)
  69 Y   0.94101 0.04953 0.00817 0.00130 ( 1)
  70 A   0.83720 0.15089 0.00967 0.00225 ( 1)
  71 S   0.06361 0.76793 0.08145 0.08701 ( 2)
  72 T   0.46008 0.53447 0.00201 0.00344 ( 2)
  73 -   0.90130 0.08868 0.00765 0.00237 ( 1)
  74 T   0.22338 0.56008 0.17050 0.04603 ( 2)
  75 D   0.97155 0.01026 0.01767 0.00053 ( 1)
  76 L   0.17298 0.59618 0.17681 0.05403 ( 2)
  77 Q   0.64661 0.28872 0.03537 0.02931 ( 1)
  78 F   0.02222 0.13741 0.69790 0.14247 ( 3)
  79 H   0.00210 0.83008 0.00231 0.16551 ( 2)
  80 T   0.07619 0.42211 0.40870 0.09299 ( 2)
  81 S   0.04593 0.86651 0.00215 0.08541 ( 2)
  82 I   0.12738 0.47281 0.19928 0.20053 ( 2)
  83 N   0.00005 0.91330 0.00010 0.08654 ( 2)
  84 G   0.03039 0.74105 0.02764 0.20092 ( 2)
  85 K   0.01734 0.53468 0.34300 0.10499 ( 2)
  86 A   0.00148 0.14361 0.58550 0.26941 ( 3)
  87 I   0.08121 0.10036 0.76341 0.05503 ( 3)
  88 N   0.30715 0.15773 0.51740 0.01772 ( 3)
  89 Q   0.00478 0.23664 0.02727 0.73131 ( 4)
  90 G   0.55070 0.26689 0.12287 0.05955 ( 1)
  91 N   0.36847 0.58998 0.00402 0.03753 ( 2)
  92 F   0.06810 0.08673 0.81113 0.03404 ( 3)
  93 S   0.71955 0.25702 0.01206 0.01137 ( 1)
  94 A   0.09921 0.76169 0.06941 0.06970 ( 2)
  95 T   0.80286 0.16167 0.02596 0.00951 ( 1)
  96 M   0.45710 0.51554 0.00745 0.01990 ( 2)
  97 N   0.96386 0.02657 0.00874 0.00083 ( 1)
  98 R   0.96651 0.01414 0.01869 0.00066 ( 1)
  99 G   0.18360 0.57323 0.19015 0.05302 ( 2)
 100 E   0.17418 0.79188 0.00374 0.03020 ( 2)
 101 -   0.78546 0.18041 0.02262 0.01151 ( 1)
 102 -   0.81566 0.15467 0.02033 0.00934 ( 1)
 103 -   0.78882 0.18661 0.01755 0.00702 ( 1)
 104 D   0.95487 0.03381 0.01012 0.00120 ( 1)
 105 L   0.97092 0.02197 0.00677 0.00033 ( 1)
 106 D   0.30121 0.68684 0.00255 0.00941 ( 2)
 107 Y   0.32736 0.56040 0.04027 0.07197 ( 2)
 108 K   0.69351 0.30052 0.00322 0.00275 ( 1)
 109 T   0.75725 0.22859 0.00755 0.00661 ( 1)
 110 F   0.91208 0.07888 0.00698 0.00206 ( 1)
 111 R   0.89645 0.10127 0.00199 0.00029 ( 1)
 112 T   0.62000 0.36991 0.00440 0.00569 ( 1)
 113 V   0.96545 0.02337 0.01046 0.00072 ( 1)
 114 G   0.12188 0.78542 0.01052 0.08218 ( 2)
 115 F   0.91423 0.06943 0.01332 0.00302 ( 1)
 116 T   0.80888 0.13394 0.04233 0.01485 ( 1)
 117 T   0.66074 0.27504 0.03120 0.03302 ( 1)
 118 P   0.00036 0.76122 0.00030 0.23811 ( 2)
 119 F   0.98359 0.00866 0.00753 0.00023 ( 1)
 120 S   0.29825 0.69819 0.00091 0.00265 ( 2)
 121 F   0.03784 0.85763 0.00669 0.09784 ( 2)
 122 L   0.00128 0.24123 0.14459 0.61290 ( 4)
 123 D   0.06779 0.83071 0.00685 0.09464 ( 2)
 124 V   0.22067 0.73835 0.00481 0.03617 ( 2)
 125 Q   0.00262 0.66390 0.00108 0.33239 ( 2)
 126 -   0.48813 0.32946 0.10891 0.07351 ( 1)
 127 S   0.71757 0.27082 0.00563 0.00598 ( 1)
 128 T   0.00009 0.16939 0.02239 0.80813 ( 4)
 129 F   0.00609 0.87383 0.00276 0.11731 ( 2)
 130 T   0.02885 0.84475 0.00207 0.12433 ( 2)
 131 I   0.12510 0.63569 0.05302 0.18619 ( 2)
 132 G   0.00278 0.12943 0.04710 0.82068 ( 4)
 133 A   0.05448 0.21506 0.31697 0.41348 ( 4)
 134 W   0.00001 0.38262 0.00056 0.61681 ( 4)
 135 N   0.76553 0.18205 0.03229 0.02013 ( 1)
 136 F   0.31189 0.52081 0.14018 0.02713 ( 2)
 137 S   0.14372 0.31265 0.21342 0.33021 ( 4)
 138 S   0.00316 0.20393 0.53134 0.26157 ( 3)
 139 G   0.06875 0.75404 0.09108 0.08614 ( 2)
 140 N   0.60094 0.38763 0.00519 0.00624 ( 1)
 141 E   0.71825 0.26317 0.00999 0.00859 ( 1)
 142 V   0.44052 0.52513 0.01409 0.02026 ( 2)
 143 Y   0.52925 0.45553 0.00573 0.00949 ( 1)
 144 I   0.94943 0.02420 0.02468 0.00168 ( 1)
 145 D   0.81453 0.18152 0.00281 0.00114 ( 1)
 146 R   0.95189 0.03953 0.00767 0.00090 ( 1)
 147 I   0.92192 0.02818 0.04603 0.00387 ( 1)
 148 E   0.98523 0.00858 0.00603 0.00015 ( 1)
 149 F   0.98359 0.00866 0.00753 0.00023 ( 1)
 150 V   0.85187 0.13866 0.00749 0.00198 ( 1)
 151 P   0.97505 0.02048 0.00421 0.00026 ( 1)


lnL = -1776.062539

Bayes Empirical Bayes (BEB) probabilities for 4 classes (class)
(amino acids refer to 1st sequence: BT_Cry1Ia11)

   1 S   0.54064 0.06251 0.35375 0.04309 ( 1)
   2 I   0.60584 0.01931 0.36132 0.01352 ( 1)
   3 T   0.59145 0.01658 0.38002 0.01194 ( 1)
   4 Q   0.57004 0.00640 0.41893 0.00463 ( 1)
   5 I   0.22138 0.25525 0.27428 0.24908 ( 3)
   6 P   0.57988 0.00915 0.40450 0.00647 ( 1)
   7 L   0.20314 0.38544 0.13926 0.27216 ( 2)
   8 V   0.59090 0.01627 0.38115 0.01169 ( 1)
   9 K   0.52273 0.08571 0.33254 0.05902 ( 1)
  10 A   0.40204 0.17299 0.29735 0.12761 ( 1)
  11 F   0.04144 0.48556 0.04070 0.43231 ( 2)
  12 N   0.19329 0.33370 0.18259 0.29042 ( 2)
  13 -   0.32311 0.20388 0.29763 0.17538 ( 1)
  14 -   0.31903 0.20796 0.29403 0.17898 ( 1)
  15 -   0.31903 0.20796 0.29403 0.17898 ( 1)
  16 -   0.07940 0.44759 0.07656 0.39644 ( 2)
  17 L   0.02946 0.49226 0.06332 0.41495 ( 2)
  18 S   0.00196 0.20853 0.53791 0.25159 ( 3)
  19 S   0.49623 0.11639 0.30599 0.08139 ( 1)
  20 G   0.00456 0.40360 0.15876 0.43309 ( 4)
  21 A   0.00268 0.24064 0.47484 0.28184 ( 3)
  22 A   0.11206 0.40391 0.11535 0.36868 ( 2)
  23 V   0.08597 0.12075 0.70784 0.08543 ( 3)
  24 V   0.33982 0.15231 0.38197 0.12590 ( 3)
  25 R   0.11997 0.30595 0.30838 0.26569 ( 3)
  26 G   0.52858 0.02726 0.42307 0.02109 ( 1)
  27 P   0.59234 0.00843 0.39343 0.00580 ( 1)
  28 G   0.60157 0.00997 0.38157 0.00689 ( 1)
  29 F   0.26441 0.32477 0.18367 0.22715 ( 2)
  30 T   0.60942 0.01292 0.36840 0.00926 ( 1)
  31 G   0.57877 0.01357 0.39796 0.00970 ( 1)
  32 G   0.57692 0.01538 0.39677 0.01093 ( 1)
  33 D   0.02519 0.47935 0.05088 0.44457 ( 2)
  34 I   0.29132 0.26009 0.24280 0.20579 ( 1)
  35 L   0.11456 0.29215 0.35724 0.23605 ( 3)
  36 R   0.02730 0.46734 0.08163 0.42372 ( 2)
  37 R   0.02055 0.38854 0.23389 0.35702 ( 2)
  38 T   0.00484 0.45891 0.04049 0.49577 ( 4)
  39 N   0.06453 0.51020 0.04754 0.37774 ( 2)
  40 T   0.00094 0.55604 0.00081 0.44220 ( 2)
  41 G   0.40154 0.08462 0.44640 0.06745 ( 3)
  42 T   0.00002 0.42851 0.00030 0.57116 ( 4)
  43 F   0.01496 0.30338 0.36266 0.31901 ( 3)
  44 G   0.26838 0.25861 0.24901 0.22400 ( 1)
  45 D   0.05117 0.47582 0.04973 0.42328 ( 2)
  46 I   0.29451 0.23248 0.27231 0.20070 ( 1)
  47 R   0.10856 0.41843 0.10445 0.36855 ( 2)
  48 V   0.15464 0.43864 0.10536 0.30135 ( 2)
  49 N   0.00158 0.39920 0.03045 0.56877 ( 4)
  50 I   0.31674 0.22222 0.26192 0.19912 ( 1)
  51 N   0.61254 0.01381 0.36435 0.00929 ( 1)
  52 -   0.26065 0.26634 0.24209 0.23092 ( 2)
  53 -   0.26065 0.26634 0.24209 0.23092 ( 2)
  54 -   0.26065 0.26634 0.24209 0.23092 ( 2)
  55 -   0.26065 0.26634 0.24209 0.23092 ( 2)
  56 -   0.26065 0.26634 0.24209 0.23092 ( 2)
  57 P   0.53080 0.06946 0.35168 0.04805 ( 1)
  58 P   0.57988 0.00915 0.40450 0.00647 ( 1)
  59 F   0.54725 0.05304 0.36301 0.03669 ( 1)
  60 A   0.03121 0.52654 0.02609 0.41616 ( 2)
  61 Q   0.57004 0.00640 0.41893 0.00463 ( 1)
  62 R   0.48038 0.11848 0.31648 0.08466 ( 1)
  63 Y   0.59238 0.00641 0.39673 0.00447 ( 1)
  64 R   0.45151 0.13536 0.31744 0.09568 ( 1)
  65 V   0.06285 0.40955 0.15272 0.37488 ( 2)
  66 R   0.54166 0.04804 0.37668 0.03362 ( 1)
  67 I   0.43427 0.16966 0.27284 0.12323 ( 1)
  68 R   0.13881 0.44251 0.10067 0.31801 ( 2)
  69 Y   0.55854 0.05575 0.34787 0.03784 ( 1)
  70 A   0.40989 0.14156 0.33720 0.11134 ( 1)
  71 S   0.02165 0.45623 0.11121 0.41092 ( 2)
  72 T   0.14486 0.41805 0.11598 0.32112 ( 2)
  73 -   0.53683 0.07681 0.33393 0.05244 ( 1)
  74 T   0.05342 0.33237 0.36101 0.25320 ( 3)
  75 D   0.56213 0.00670 0.42602 0.00515 ( 1)
  76 L   0.04440 0.35714 0.31418 0.28427 ( 2)
  77 Q   0.23272 0.30302 0.20561 0.25865 ( 2)
  78 F   0.02004 0.27706 0.41668 0.28621 ( 3)
  79 H   0.00128 0.50734 0.00221 0.48917 ( 2)
  80 T   0.03974 0.43788 0.12693 0.39544 ( 2)
  81 S   0.01755 0.51027 0.01777 0.45442 ( 2)
  82 I   0.04960 0.39199 0.12781 0.43060 ( 4)
  83 N   0.00006 0.51390 0.00024 0.48580 ( 2)
  84 G   0.01363 0.48907 0.01986 0.47745 ( 2)
  85 K   0.00895 0.40981 0.17694 0.40429 ( 2)
  86 A   0.00316 0.40191 0.09304 0.50190 ( 4)
  87 I   0.04991 0.11801 0.73275 0.09933 ( 3)
  88 N   0.07392 0.07399 0.80078 0.05131 ( 3)
  89 Q   0.00754 0.46570 0.01006 0.51670 ( 4)
  90 G   0.26992 0.25708 0.25100 0.22201 ( 1)
  91 N   0.13168 0.44883 0.08067 0.33882 ( 2)
  92 F   0.03755 0.08694 0.80920 0.06632 ( 3)
  93 S   0.28747 0.30728 0.18446 0.22078 ( 2)
  94 A   0.02984 0.44318 0.11034 0.41663 ( 2)
  95 T   0.41618 0.16786 0.29657 0.11939 ( 1)
  96 M   0.14756 0.44336 0.09930 0.30978 ( 2)
  97 N   0.59582 0.02740 0.35833 0.01845 ( 1)
  98 R   0.55501 0.00966 0.42786 0.00746 ( 1)
  99 G   0.04563 0.33850 0.34796 0.26790 ( 3)
 100 E   0.05978 0.50874 0.04669 0.38479 ( 2)
 101 -   0.45653 0.15556 0.28284 0.10507 ( 1)
 102 -   0.48263 0.13514 0.29130 0.09092 ( 1)
 103 -   0.40276 0.14298 0.33933 0.11494 ( 1)
 104 D   0.58650 0.03653 0.35215 0.02482 ( 1)
 105 L   0.56818 0.01592 0.40439 0.01151 ( 1)
 106 D   0.09573 0.47137 0.07391 0.35899 ( 2)
 107 Y   0.10304 0.40739 0.10565 0.38391 ( 2)
 108 K   0.31179 0.27233 0.22214 0.19374 ( 1)
 109 T   0.31671 0.28737 0.19896 0.19696 ( 1)
 110 F   0.53538 0.07940 0.33114 0.05408 ( 1)
 111 R   0.47763 0.07023 0.39649 0.05565 ( 1)
 112 T   0.21726 0.36791 0.15229 0.26254 ( 2)
 113 V   0.59090 0.01627 0.38115 0.01169 ( 1)
 114 G   0.04140 0.48978 0.04643 0.42238 ( 2)
 115 F   0.53610 0.07682 0.33266 0.05442 ( 1)
 116 T   0.43609 0.14759 0.31033 0.10599 ( 1)
 117 T   0.26812 0.32523 0.17783 0.22883 ( 2)
 118 P   0.00034 0.51080 0.00044 0.48842 ( 2)
 119 F   0.61302 0.00590 0.37703 0.00405 ( 1)
 120 S   0.09013 0.46763 0.07506 0.36719 ( 2)
 121 F   0.01515 0.49757 0.02067 0.46661 ( 2)
 122 L   0.00259 0.49390 0.00994 0.49357 ( 2)
 123 D   0.02474 0.49402 0.02714 0.45411 ( 2)
 124 V   0.07471 0.50650 0.04959 0.36921 ( 2)
 125 Q   0.00223 0.51222 0.00239 0.48316 ( 2)
 126 -   0.26065 0.26634 0.24209 0.23092 ( 2)
 127 S   0.27944 0.30406 0.19620 0.22030 ( 2)
 128 T   0.00037 0.49237 0.00181 0.50545 ( 4)
 129 F   0.00338 0.51754 0.00847 0.47061 ( 2)
 130 T   0.01321 0.54259 0.01045 0.43375 ( 2)
 131 I   0.04717 0.46320 0.06091 0.42872 ( 2)
 132 G   0.00681 0.45762 0.00953 0.52604 ( 4)
 133 A   0.04828 0.40045 0.10190 0.44937 ( 4)
 134 W   0.00002 0.45539 0.00017 0.54443 ( 4)
 135 N   0.41544 0.19500 0.25790 0.13165 ( 1)
 136 F   0.07259 0.30716 0.36124 0.25902 ( 3)
 137 S   0.07431 0.36764 0.12092 0.43713 ( 4)
 138 S   0.00450 0.39919 0.13760 0.45871 ( 4)
 139 G   0.02306 0.45378 0.10703 0.41613 ( 2)
 140 N   0.20594 0.37319 0.14832 0.27256 ( 2)
 141 E   0.28082 0.30604 0.19074 0.22241 ( 2)
 142 V   0.13726 0.41093 0.11759 0.33421 ( 2)
 143 Y   0.17627 0.39497 0.13300 0.29575 ( 2)
 144 I   0.55010 0.01570 0.42193 0.01227 ( 1)
 145 D   0.40211 0.16460 0.31017 0.12312 ( 1)
 146 R   0.56548 0.04285 0.36231 0.02936 ( 1)
 147 I   0.59360 0.01990 0.37192 0.01457 ( 1)
 148 E   0.60132 0.00593 0.38865 0.00410 ( 1)
 149 F   0.61302 0.00590 0.37703 0.00405 ( 1)
 150 V   0.43203 0.13093 0.33737 0.09967 ( 1)
 151 P   0.57352 0.01528 0.40032 0.01088 ( 1)

