Supplemental results for CODEML (seqf: algn  treef: tree)


dN/dS (w) for site classes (K=4)

site class             0        1       2a       2b
proportion       0.06385  0.04581  0.51839  0.37195
background w     0.04823  0.72167  0.04823  0.72167
foreground w     0.04823  0.72167  0.05956  0.05956

Naive Empirical Bayes (NEB) probabilities for 4 classes
(amino acids refer to 1st sequence: BT_Cry1Ba1)

   1 N   0.00708 0.06934 0.05706 0.86652 ( 4)
   2 T   0.10019 0.00866 0.81174 0.07940 ( 3)
   3 S   0.00568 0.07248 0.04577 0.87607 ( 4)
   4 A   0.02248 0.06284 0.18135 0.73333 ( 4)
   5 Q   0.10353 0.00539 0.83747 0.05361 ( 3)
   6 L   0.10524 0.00394 0.85127 0.03955 ( 3)
   7 T   0.10938 0.00065 0.88250 0.00747 ( 3)
   8 R   0.10846 0.00130 0.87563 0.01460 ( 3)
   9 E   0.09528 0.01095 0.76900 0.12477 ( 3)
  10 V   0.03945 0.06022 0.33149 0.56883 ( 4)
  11 Y   0.10896 0.00093 0.87970 0.01041 ( 3)
  12 T   0.10938 0.00065 0.88248 0.00749 ( 3)
  13 D   0.06272 0.03470 0.50597 0.39661 ( 3)
  14 A   0.02731 0.06862 0.22620 0.67787 ( 4)
  15 I   0.10982 0.00037 0.88543 0.00439 ( 3)
  16 G   0.09953 0.00928 0.80648 0.08471 ( 3)
  17 A   0.00134 0.09329 0.01119 0.89418 ( 4)
  18 T   0.02939 0.06944 0.23773 0.66344 ( 4)
  19 G   0.00011 0.08208 0.00090 0.91691 ( 4)
  20 V   0.01167 0.07619 0.09425 0.81788 ( 4)
  21 N   0.00000 0.09803 0.00001 0.90196 ( 4)
  22 -   0.00000 0.09658 0.00001 0.90340 ( 4)
  23 -   0.00003 0.08764 0.00026 0.91207 ( 4)
  24 M   0.00357 0.07638 0.02881 0.89124 ( 4)
  25 A   0.00331 0.07826 0.02674 0.89169 ( 4)
  26 S   0.10396 0.00442 0.83815 0.05346 ( 3)
  27 M   0.05294 0.04993 0.42875 0.46838 ( 4)
  28 N   0.10197 0.00590 0.82189 0.07023 ( 3)
  29 W   0.09362 0.01470 0.75872 0.13296 ( 3)
  30 Y   0.02853 0.05860 0.23015 0.68272 ( 4)
  31 -   0.06385 0.04581 0.51839 0.37195 ( 3)
  32 -   0.06385 0.04581 0.51839 0.37195 ( 3)
  33 N   0.11012 0.00020 0.88717 0.00251 ( 3)
  34 N   0.11012 0.00020 0.88717 0.00251 ( 3)
  35 N   0.11012 0.00020 0.88717 0.00251 ( 3)
  36 A   0.09702 0.00968 0.78297 0.11032 ( 3)
  37 P   0.10897 0.00092 0.87991 0.01020 ( 3)
  38 S   0.09426 0.01408 0.76381 0.12785 ( 3)
  39 F   0.10763 0.00190 0.86832 0.02216 ( 3)
  40 S   0.10834 0.00139 0.87446 0.01580 ( 3)
  41 A   0.00034 0.10080 0.00272 0.89615 ( 4)
  42 I   0.10977 0.00039 0.88515 0.00469 ( 3)
  43 E   0.10280 0.00611 0.83213 0.05896 ( 3)
  44 A   0.00358 0.07642 0.02889 0.89111 ( 4)
  45 A   0.10520 0.00424 0.85283 0.03772 ( 3)
  46 A   0.00302 0.07990 0.02434 0.89274 ( 4)
  47 I   0.00028 0.08566 0.00228 0.91178 ( 4)
  48 R   0.10231 0.00654 0.82819 0.06297 ( 3)
  49 S   0.00000 0.08186 0.00000 0.91814 ( 4)
  50 P   0.10004 0.00877 0.81046 0.08073 ( 3)
  51 H   0.10946 0.00059 0.88301 0.00694 ( 3)
  52 L   0.10562 0.00361 0.85427 0.03650 ( 3)
  53 L   0.10810 0.00157 0.87295 0.01738 ( 3)
  54 D   0.10994 0.00029 0.88624 0.00353 ( 3)
  55 F   0.10959 0.00050 0.88409 0.00582 ( 3)
  56 L   0.01328 0.07347 0.10724 0.80601 ( 4)
  57 E   0.10928 0.00071 0.88193 0.00808 ( 3)
  58 Q   0.01491 0.08115 0.12065 0.78329 ( 4)
  59 L   0.09297 0.01295 0.75072 0.14336 ( 3)
  60 T   0.09340 0.01226 0.75359 0.14075 ( 3)
  61 I   0.10982 0.00037 0.88543 0.00439 ( 3)
  62 F   0.01306 0.33515 0.12806 0.52372 ( 4)
  63 S   0.10118 0.00769 0.81957 0.07156 ( 3)
  64 A   0.00001 0.26764 0.00006 0.73230 ( 4)
  65 S   0.06425 0.04027 0.52062 0.37486 ( 3)
  66 S   0.01987 0.06355 0.16018 0.75640 ( 4)
  67 R   0.10138 0.00733 0.82073 0.07055 ( 3)
  68 W   0.09362 0.01470 0.75872 0.13296 ( 3)
  69 S   0.10990 0.00031 0.88602 0.00377 ( 3)
  70 N   0.00071 0.08274 0.00572 0.91084 ( 4)
  71 T   0.10967 0.00046 0.88441 0.00546 ( 3)
  72 R   0.02448 0.06827 0.19786 0.70940 ( 4)
  73 H   0.02538 0.06951 0.20533 0.69978 ( 4)
  74 M   0.10874 0.00109 0.87819 0.01199 ( 3)
  75 T   0.10424 0.00415 0.83973 0.05188 ( 3)
  76 Y   0.00086 0.09852 0.00697 0.89365 ( 4)
  77 W   0.09362 0.01470 0.75872 0.13296 ( 3)
  78 R   0.00000 0.09913 0.00001 0.90086 ( 4)
  79 G   0.10688 0.00254 0.86376 0.02682 ( 3)
  80 H   0.10896 0.00095 0.87904 0.01105 ( 3)
  81 T   0.00134 0.08161 0.01084 0.90621 ( 4)
  82 I   0.09061 0.01473 0.73168 0.16299 ( 3)
  83 Q   0.00016 0.08764 0.00127 0.91093 ( 4)
  84 S   0.00026 0.10322 0.00211 0.89441 ( 4)
  85 R   0.09176 0.01612 0.74336 0.14876 ( 3)
  86 P   0.00876 0.35391 0.08695 0.55038 ( 4)
  87 I   0.10977 0.00039 0.88515 0.00469 ( 3)
  88 G   0.00268 0.29398 0.02667 0.67667 ( 4)
  89 G   0.09967 0.00916 0.80759 0.08358 ( 3)
  90 G   0.00000 0.09545 0.00000 0.90455 ( 4)
  91 L   0.06598 0.03625 0.53367 0.36411 ( 3)
  92 N   0.07021 0.05411 0.69776 0.17792 ( 3)
  93 T   0.02713 0.07584 0.21989 0.67714 ( 4)
  94 S   0.06982 0.03542 0.56544 0.32932 ( 3)
  95 T   0.10884 0.00104 0.87818 0.01193 ( 3)
  96 H   0.02184 0.13066 0.20380 0.64370 ( 4)
  97 G   0.10700 0.00244 0.86474 0.02582 ( 3)
  98 A   0.00000 0.29232 0.00000 0.70768 ( 4)
  99 T   0.09968 0.00930 0.80795 0.08308 ( 3)
 100 -   0.06408 0.04558 0.52026 0.37008 ( 3)
 101 N   0.11012 0.00020 0.88717 0.00251 ( 3)
 102 T   0.09959 0.00761 0.80314 0.08965 ( 3)
 103 S   0.09183 0.01355 0.74118 0.15345 ( 3)
 104 I   0.10982 0.00037 0.88543 0.00439 ( 3)
 105 N   0.10440 0.00404 0.84108 0.05048 ( 3)
 106 P   0.10884 0.00103 0.87852 0.01161 ( 3)
 107 V   0.10898 0.00091 0.87988 0.01022 ( 3)
 108 T   0.03672 0.05341 0.29622 0.61365 ( 4)
 109 L   0.00891 0.08322 0.07207 0.83580 ( 4)
 110 R   0.00002 0.09729 0.00013 0.90256 ( 4)
 111 F   0.10268 0.00640 0.83150 0.05942 ( 3)
 112 A   0.00000 0.08567 0.00001 0.91433 ( 4)
 113 S   0.09148 0.01386 0.73839 0.15628 ( 3)
 114 R   0.10198 0.00682 0.82559 0.06561 ( 3)
 115 D   0.09930 0.00929 0.80426 0.08715 ( 3)
 116 V   0.00168 0.08015 0.01353 0.90464 ( 4)
 117 Y   0.10896 0.00093 0.87970 0.01041 ( 3)
 118 R   0.06385 0.03526 0.51562 0.38528 ( 3)
 119 T   0.10954 0.00053 0.88379 0.00614 ( 3)
 120 E   0.10928 0.00071 0.88193 0.00808 ( 3)
 121 S   0.10702 0.00244 0.86498 0.02556 ( 3)
 122 Y   0.00001 0.52610 0.00015 0.47374 ( 2)
 123 A   0.10905 0.00088 0.88006 0.01001 ( 3)
 124 G   0.09953 0.00928 0.80648 0.08471 ( 3)
 125 V   0.00030 0.08601 0.00245 0.91124 ( 4)
 126 L   0.04882 0.04146 0.39331 0.51640 ( 4)
 127 L   0.01923 0.06413 0.15508 0.76156 ( 4)
 128 W   0.00903 0.09101 0.07328 0.82668 ( 4)
 129 G   0.07264 0.03702 0.58979 0.30055 ( 3)
 130 I   0.07665 0.03301 0.62237 0.26797 ( 3)
 131 Y   0.00003 0.09675 0.00024 0.90298 ( 4)
 132 L   0.03337 0.05498 0.26908 0.64257 ( 4)
 133 E   0.00006 0.09944 0.00045 0.90005 ( 4)
 134 P   0.10917 0.00079 0.88115 0.00890 ( 3)
 135 I   0.02114 0.07845 0.17121 0.72921 ( 4)
 136 H   0.10415 0.00421 0.83905 0.05259 ( 3)
 137 G   0.10651 0.00284 0.86081 0.02984 ( 3)
 138 V   0.10842 0.00134 0.87532 0.01492 ( 3)
 139 P   0.10917 0.00079 0.88115 0.00890 ( 3)
 140 T   0.00001 0.09954 0.00009 0.90036 ( 4)
 141 V   0.04151 0.05878 0.34884 0.55087 ( 4)
 142 R   0.00187 0.08043 0.01511 0.90258 ( 4)
 143 F   0.10878 0.00107 0.87760 0.01254 ( 3)
 144 N   0.10316 0.00488 0.83104 0.06093 ( 3)
 145 F   0.00694 0.09501 0.05628 0.84177 ( 4)
 146 T   0.00011 0.08275 0.00089 0.91624 ( 4)
 147 N   0.00102 0.07529 0.00825 0.91544 ( 4)
 148 P   0.00699 0.09519 0.05663 0.84119 ( 4)
 149 Q   0.00000 0.10396 0.00002 0.89602 ( 4)
 150 N   0.00421 0.07133 0.03392 0.89055 ( 4)
 151 I   0.00000 0.09318 0.00000 0.90682 ( 4)
 152 S   0.00001 0.09240 0.00005 0.90755 ( 4)
 153 D   0.03293 0.07673 0.26734 0.62300 ( 4)
 154 R   0.02230 0.06531 0.18000 0.73240 ( 4)
 155 G   0.00013 0.08302 0.00104 0.91582 ( 4)
 156 T   0.00000 0.09961 0.00000 0.90039 ( 4)
 157 A   0.00001 0.09900 0.00009 0.90089 ( 4)
 158 N   0.00000 0.10577 0.00000 0.89423 ( 4)
 159 Y   0.10857 0.00123 0.87658 0.01362 ( 3)
 160 S   0.00228 0.08909 0.01845 0.89018 ( 4)
 161 Q   0.00001 0.11113 0.00006 0.88881 ( 4)
 162 P   0.00320 0.09858 0.02591 0.87232 ( 4)
 163 Y   0.10896 0.00093 0.87970 0.01041 ( 3)
 164 E   0.00000 0.10385 0.00002 0.89612 ( 4)
 165 S   0.01201 0.07697 0.09708 0.81394 ( 4)
 166 P   0.00272 0.08818 0.02203 0.88707 ( 4)
 167 G   0.09646 0.01204 0.78156 0.10994 ( 3)
 168 L   0.00810 0.08030 0.06546 0.84614 ( 4)
 169 Q   0.10744 0.00210 0.86838 0.02208 ( 3)
 170 L   0.10527 0.00394 0.85152 0.03927 ( 3)
 171 K   0.00001 0.10415 0.00011 0.89572 ( 4)
 172 D   0.10994 0.00029 0.88624 0.00353 ( 3)
 173 S   0.10700 0.00246 0.86498 0.02556 ( 3)
 174 E   0.10928 0.00071 0.88193 0.00808 ( 3)
 175 T   0.09930 0.00782 0.80080 0.09207 ( 3)
 176 E   0.10928 0.00071 0.88193 0.00808 ( 3)
 177 L   0.10529 0.00390 0.85166 0.03916 ( 3)
 178 P   0.10856 0.00123 0.87666 0.01355 ( 3)
 179 P   0.10891 0.00096 0.87948 0.01064 ( 3)
 180 E   0.10928 0.00071 0.88192 0.00810 ( 3)
 181 T   0.09560 0.01065 0.77133 0.12241 ( 3)
 182 T   0.09799 0.00892 0.79062 0.10247 ( 3)
 183 E   0.08897 0.01557 0.71807 0.17739 ( 3)
 184 R   0.03787 0.06174 0.30658 0.59381 ( 4)
 185 P   0.10875 0.00108 0.87819 0.01198 ( 3)
 186 N   0.10609 0.00290 0.85471 0.03629 ( 3)
 187 Y   0.10896 0.00093 0.87970 0.01041 ( 3)
 188 E   0.10928 0.00071 0.88193 0.00808 ( 3)
 189 S   0.10759 0.00197 0.86893 0.02152 ( 3)
 190 Y   0.10805 0.00164 0.87474 0.01556 ( 3)
 191 S   0.10990 0.00031 0.88602 0.00377 ( 3)
 192 H   0.10954 0.00053 0.88370 0.00622 ( 3)
 193 R   0.10879 0.00106 0.87829 0.01186 ( 3)
 194 L   0.10527 0.00391 0.85155 0.03927 ( 3)
 195 S   0.10902 0.00090 0.87987 0.01021 ( 3)
 196 H   0.08796 0.01476 0.87640 0.02088 ( 3)
 197 I   0.10977 0.00039 0.88515 0.00469 ( 3)
 198 G   0.08371 0.03231 0.83431 0.04966 ( 3)
 199 I   0.00375 0.08808 0.03036 0.87780 ( 4)
 200 I   0.10938 0.00066 0.88253 0.00743 ( 3)
 201 L   0.00004 0.09726 0.00034 0.90236 ( 4)
 202 Q   0.00001 0.08996 0.00005 0.90998 ( 4)
 203 S   0.00003 0.09755 0.00025 0.90216 ( 4)
 204 R   0.00091 0.09395 0.00737 0.89776 ( 4)
 205 V   0.00385 0.09561 0.03121 0.86933 ( 4)
 206 N   0.00021 0.08181 0.00166 0.91632 ( 4)
 207 V   0.09585 0.01056 0.77355 0.12003 ( 3)
 208 P   0.03466 0.06435 0.28042 0.62057 ( 4)
 209 V   0.10874 0.00110 0.87794 0.01222 ( 3)
 210 Y   0.10896 0.00093 0.87970 0.01041 ( 3)
 211 S   0.10920 0.00076 0.88138 0.00865 ( 3)
 212 W   0.09362 0.01470 0.75872 0.13296 ( 3)
 213 T   0.10045 0.00828 0.81348 0.07779 ( 3)
 214 H   0.10829 0.00142 0.87715 0.01314 ( 3)
 215 R   0.10808 0.00159 0.87325 0.01708 ( 3)
 216 S   0.10990 0.00031 0.88602 0.00377 ( 3)


lnL = -3552.122215

