Supplemental results for CODEML (seqf: algn  treef: tree)


dN/dS (w) for site classes (K=4)

site class             0        1       2a       2b
proportion       0.32276  0.62457  0.01795  0.03473
background w     0.04158  0.42839  0.04158  0.42839
foreground w     0.04158  0.42839 24.60872 24.60872

Naive Empirical Bayes (NEB) probabilities for 4 classes
(amino acids refer to 1st sequence: BT_Cry1Be1)

   1 S   0.61908 0.32824 0.03442 0.01825 ( 1)
   2 D   0.83009 0.16663 0.00268 0.00060 ( 1)
   3 S   0.00012 0.98024 0.00003 0.01961 ( 2)
   4 I   0.84687 0.14708 0.00507 0.00099 ( 1)
   5 T   0.00565 0.02449 0.78380 0.18606 ( 3)
   6 Q   0.72544 0.26902 0.00399 0.00155 ( 1)
   7 I   0.83384 0.16024 0.00488 0.00104 ( 1)
   8 P   0.76543 0.22178 0.00972 0.00307 ( 1)
   9 L   0.65942 0.31224 0.01879 0.00955 ( 1)
  10 V   0.31187 0.68253 0.00165 0.00395 ( 2)
  11 K   0.86429 0.13184 0.00332 0.00056 ( 1)
  12 S   0.06971 0.64849 0.05586 0.22594 ( 2)
  13 F   0.64332 0.34666 0.00644 0.00358 ( 1)
  14 N   0.04803 0.93763 0.00035 0.01398 ( 2)
  15 L   0.68021 0.31651 0.00219 0.00109 ( 1)
  16 N   0.00307 0.98981 0.00002 0.00710 ( 2)
  17 S   0.72303 0.27024 0.00483 0.00190 ( 1)
  18 G   0.34313 0.65298 0.00126 0.00263 ( 2)
  19 T   0.17973 0.80623 0.00250 0.01154 ( 2)
  20 S   0.03515 0.96056 0.00014 0.00415 ( 2)
  21 V   0.83676 0.15790 0.00443 0.00091 ( 1)
  22 V   0.75472 0.23138 0.01057 0.00333 ( 1)
  23 S   0.03985 0.95560 0.00016 0.00440 ( 2)
  24 G   0.74885 0.24311 0.00596 0.00209 ( 1)
  25 P   0.78722 0.20831 0.00349 0.00098 ( 1)
  26 G   0.22917 0.76596 0.00106 0.00381 ( 2)
  27 F   0.86806 0.12843 0.00302 0.00049 ( 1)
  28 T   0.81787 0.17622 0.00479 0.00113 ( 1)
  29 G   0.82478 0.17055 0.00382 0.00085 ( 1)
  30 G   0.53057 0.44972 0.01058 0.00913 ( 1)
  31 D   0.43852 0.55807 0.00141 0.00199 ( 2)
  32 I   0.69177 0.29616 0.00837 0.00370 ( 1)
  33 I   0.14655 0.84119 0.00177 0.01049 ( 2)
  34 R   0.12324 0.86412 0.00154 0.01110 ( 2)
  35 T   0.21667 0.77745 0.00117 0.00470 ( 2)
  36 N   0.12601 0.86682 0.00088 0.00629 ( 2)
  37 V   0.00597 0.98863 0.00003 0.00536 ( 2)
  38 N   0.04363 0.95221 0.00016 0.00400 ( 2)
  39 G   0.84175 0.15453 0.00310 0.00062 ( 1)
  40 S   0.00341 0.98390 0.00004 0.01264 ( 2)
  41 V   0.23427 0.76007 0.00124 0.00441 ( 2)
  42 L   0.01224 0.98103 0.00008 0.00665 ( 2)
  43 S   0.00899 0.98694 0.00003 0.00404 ( 2)
  44 M   0.42379 0.57415 0.00084 0.00122 ( 2)
  45 G   0.02835 0.96601 0.00014 0.00551 ( 2)
  46 L   0.25895 0.73765 0.00084 0.00256 ( 2)
  47 N   0.85789 0.13834 0.00320 0.00058 ( 1)
  48 F   0.33405 0.66225 0.00117 0.00253 ( 2)
  49 N   0.08667 0.90619 0.00166 0.00547 ( 2)
  50 N   0.01820 0.96381 0.00031 0.01767 ( 2)
  51 T   0.22668 0.76703 0.00134 0.00496 ( 2)
  52 S   0.01855 0.64549 0.07733 0.25862 ( 2)
  53 L   0.03092 0.96313 0.00018 0.00578 ( 2)
  54 Q   0.61482 0.36452 0.01289 0.00777 ( 1)
  55 R   0.55049 0.41972 0.01683 0.01296 ( 1)
  56 Y   0.80961 0.18653 0.00310 0.00076 ( 1)
  57 R   0.51053 0.47975 0.00489 0.00483 ( 1)
  58 V   0.20463 0.77746 0.00367 0.01424 ( 2)
  59 R   0.77082 0.22517 0.00303 0.00097 ( 1)
  60 V   0.06392 0.93074 0.00031 0.00502 ( 2)
  61 R   0.03143 0.96487 0.00011 0.00359 ( 2)
  62 Y   0.80961 0.18653 0.00310 0.00076 ( 1)
  63 A   0.85158 0.14383 0.00387 0.00072 ( 1)
  64 A   0.26822 0.72688 0.00123 0.00367 ( 2)
  65 S   0.28021 0.71558 0.00112 0.00309 ( 2)
  66 Q   0.02003 0.97422 0.00011 0.00564 ( 2)
  67 T   0.00375 0.98982 0.00002 0.00641 ( 2)
  68 M   0.00096 0.99691 0.00000 0.00213 ( 2)
  69 V   0.00121 0.98457 0.00002 0.01421 ( 2)
  70 L   0.00243 0.99324 0.00004 0.00430 ( 2)
  71 R   0.00323 0.82835 0.00715 0.16127 ( 2)
  72 V   0.03248 0.96172 0.00017 0.00562 ( 2)
  73 T   0.02678 0.96272 0.00015 0.01035 ( 2)
  74 V   0.40206 0.59270 0.00199 0.00325 ( 2)
  75 G   0.01730 0.97772 0.00008 0.00490 ( 2)
  76 G   0.71343 0.26693 0.01422 0.00542 ( 1)
  77 S   0.06099 0.93498 0.00022 0.00381 ( 2)
  78 T   0.39423 0.60000 0.00215 0.00363 ( 2)
  79 T   0.41411 0.58013 0.00225 0.00351 ( 2)
  80 F   0.00003 0.06187 0.03558 0.90253 ( 4)
  81 D   0.00278 0.89138 0.00296 0.10287 ( 2)
  82 Q   0.01918 0.97507 0.00011 0.00565 ( 2)
  83 G   0.00385 0.99117 0.00002 0.00496 ( 2)
  84 F   0.79093 0.19909 0.00792 0.00206 ( 1)
  85 P   0.17339 0.82312 0.00057 0.00292 ( 2)
  86 S   0.03872 0.95720 0.00014 0.00394 ( 2)
  87 T   0.84229 0.15223 0.00456 0.00092 ( 1)
  88 M   0.87791 0.12010 0.00173 0.00025 ( 1)
  89 S   0.49765 0.49851 0.00182 0.00203 ( 2)
  90 A   0.03719 0.95727 0.00019 0.00535 ( 2)
  91 N   0.00341 0.99238 0.00001 0.00419 ( 2)
  92 E   0.01356 0.95557 0.00187 0.02900 ( 2)
  93 S   0.00071 0.81144 0.00031 0.18754 ( 2)
  94 L   0.65747 0.32852 0.00927 0.00474 ( 1)
  95 T   0.00332 0.99023 0.00002 0.00642 ( 2)
  96 S   0.24104 0.75473 0.00097 0.00326 ( 2)
  97 Q   0.00153 0.99272 0.00001 0.00574 ( 2)
  98 S   0.01867 0.97433 0.00013 0.00687 ( 2)
  99 F   0.86806 0.12843 0.00302 0.00049 ( 1)
 100 R   0.85013 0.14590 0.00334 0.00063 ( 1)
 101 F   0.04668 0.93438 0.00086 0.01808 ( 2)
 102 A   0.04763 0.94686 0.00024 0.00526 ( 2)
 103 E   0.18565 0.81051 0.00067 0.00317 ( 2)
 104 F   0.86806 0.12843 0.00302 0.00049 ( 1)
 105 P   0.25441 0.74210 0.00084 0.00264 ( 2)
 106 V   0.06990 0.92434 0.00037 0.00539 ( 2)
 107 G   0.01953 0.97592 0.00008 0.00447 ( 2)
 108 I   0.32195 0.67194 0.00183 0.00428 ( 2)
 109 S   0.30674 0.68936 0.00111 0.00279 ( 2)
 110 A   0.00031 0.98260 0.00001 0.01709 ( 2)
 111 S   0.24206 0.75374 0.00097 0.00324 ( 2)
 112 G   0.03771 0.94735 0.00056 0.01438 ( 2)
 113 S   0.00172 0.99420 0.00001 0.00408 ( 2)
 114 Q   0.72544 0.26902 0.00399 0.00155 ( 1)
 115 -   0.46842 0.47890 0.02605 0.02663 ( 2)
 116 T   0.00077 0.02016 0.80549 0.17358 ( 3)
 117 A   0.03263 0.95231 0.00046 0.01459 ( 2)
 118 G   0.00007 0.03585 0.03181 0.93226 ( 4)
 119 I   0.83384 0.16024 0.00488 0.00104 ( 1)
 120 S   0.41401 0.58211 0.00151 0.00237 ( 2)
 121 I   0.07051 0.90397 0.00167 0.02385 ( 2)
 122 S   0.02473 0.97119 0.00009 0.00399 ( 2)
 123 N   0.81721 0.17899 0.00305 0.00075 ( 1)
 124 N   0.02312 0.97267 0.00009 0.00412 ( 2)
 125 A   0.00144 0.53032 0.01440 0.45385 ( 2)
 126 G   0.00185 0.99409 0.00001 0.00406 ( 2)
 127 R   0.27172 0.72406 0.00108 0.00314 ( 2)
 128 Q   0.02520 0.96907 0.00014 0.00560 ( 2)
 129 T   0.00013 0.75299 0.00046 0.24641 ( 2)
 130 F   0.31581 0.68049 0.00110 0.00260 ( 2)
 131 H   0.20039 0.78504 0.00291 0.01166 ( 2)
 132 F   0.03484 0.95888 0.00021 0.00606 ( 2)
 133 D   0.44273 0.55386 0.00143 0.00198 ( 2)
 134 K   0.33852 0.65665 0.00137 0.00347 ( 2)
 135 I   0.84825 0.14603 0.00479 0.00093 ( 1)
 136 E   0.85812 0.13828 0.00306 0.00054 ( 1)
 137 F   0.86257 0.13365 0.00321 0.00056 ( 1)
 138 I   0.01821 0.40188 0.18900 0.39090 ( 2)
 139 -   0.33785 0.60948 0.01878 0.03389 ( 2)


lnL = -1686.652796

