Supplemental results for CODEML (seqf: algn  treef: tree)


dN/dS (w) for site classes (K=4)

site class             0        1       2a       2b
proportion       0.53936  0.44912  0.00629  0.00523
background w     0.07449  0.32588  0.07449  0.32588
foreground w     0.07449  0.32588 43.50300 43.50300

Naive Empirical Bayes (NEB) probabilities for 4 classes
(amino acids refer to 1st sequence: BT_Cry1A-like)

   1 E   0.36950 0.62985 0.00023 0.00042 ( 2)
   2 F   0.98293 0.01638 0.00068 0.00001 ( 1)
   3 V   0.62816 0.37067 0.00072 0.00045 ( 1)
   4 P   0.70826 0.29111 0.00044 0.00019 ( 1)
   5 G   0.28883 0.70992 0.00034 0.00091 ( 2)
   6 A   0.60599 0.39332 0.00042 0.00028 ( 1)
   7 G   0.80575 0.19330 0.00076 0.00020 ( 1)
   8 F   0.82249 0.17681 0.00057 0.00013 ( 1)
   9 V   0.03549 0.95749 0.00024 0.00678 ( 2)
  10 L   0.13322 0.86557 0.00015 0.00106 ( 2)
  11 G   0.96473 0.02939 0.00572 0.00016 ( 1)
  12 L   0.91932 0.07973 0.00087 0.00008 ( 1)
  13 V   0.00882 0.98429 0.00006 0.00683 ( 2)
  14 D   0.58008 0.41913 0.00045 0.00034 ( 1)
  15 I   0.01449 0.98453 0.00001 0.00096 ( 2)
  16 I   0.95382 0.04532 0.00081 0.00004 ( 1)
  17 W   0.80197 0.19615 0.00150 0.00037 ( 1)
  18 G   0.79716 0.20116 0.00134 0.00034 ( 1)
  19 I   0.10423 0.89503 0.00007 0.00066 ( 2)
  20 F   0.33593 0.65770 0.00177 0.00461 ( 2)
  21 G   0.63203 0.36597 0.00124 0.00076 ( 1)
  22 P   0.33038 0.66901 0.00019 0.00042 ( 2)
  23 S   0.45190 0.54549 0.00118 0.00143 ( 2)
  24 Q   0.45645 0.54286 0.00031 0.00038 ( 2)
  25 W   0.47926 0.51886 0.00090 0.00098 ( 2)
  26 -   0.53936 0.44912 0.00629 0.00523 ( 1)
  27 D   0.87040 0.12755 0.00173 0.00033 ( 1)
  28 A   0.09039 0.90871 0.00008 0.00082 ( 2)
  29 F   0.98931 0.00999 0.00069 0.00001 ( 1)
  30 L   0.85838 0.14067 0.00081 0.00014 ( 1)
  31 V   0.06882 0.93046 0.00005 0.00067 ( 2)
  32 Q   0.94110 0.05447 0.00418 0.00024 ( 1)
  33 I   0.94836 0.05023 0.00133 0.00008 ( 1)
  34 E   0.97250 0.02361 0.00379 0.00010 ( 1)
  35 Q   0.61949 0.37981 0.00043 0.00027 ( 1)
  36 L   0.91466 0.08408 0.00115 0.00011 ( 1)
  37 I   0.98910 0.01006 0.00083 0.00001 ( 1)
  38 N   0.02894 0.95105 0.00223 0.01778 ( 2)
  39 Q   0.94268 0.05663 0.00065 0.00004 ( 1)
  40 R   0.89187 0.10762 0.00045 0.00006 ( 1)
  41 I   0.98700 0.01215 0.00084 0.00001 ( 1)
  42 -   0.53936 0.44912 0.00629 0.00523 ( 1)
  43 E   0.88239 0.11511 0.00223 0.00027 ( 1)
  44 N   0.79008 0.20915 0.00061 0.00017 ( 1)
  45 S   0.12024 0.87902 0.00008 0.00066 ( 2)
  46 L   0.44640 0.55290 0.00030 0.00039 ( 2)
  47 G   0.68335 0.31565 0.00068 0.00032 ( 1)
  48 T   0.75986 0.23923 0.00068 0.00022 ( 1)
  49 K   0.10591 0.89334 0.00008 0.00068 ( 2)
  50 P   0.81356 0.18569 0.00061 0.00015 ( 1)
  51 F   0.95700 0.04216 0.00080 0.00004 ( 1)
  52 L   0.53936 0.44912 0.00629 0.00523 ( 1)
  53 D   0.53936 0.44912 0.00629 0.00523 ( 1)
  54 W   0.53936 0.44912 0.00629 0.00523 ( 1)
  55 K   0.01476 0.98466 0.00001 0.00057 ( 2)
  56 A   0.08668 0.91280 0.00004 0.00048 ( 2)
  57 K   0.37252 0.62649 0.00036 0.00063 ( 2)
  58 Q   0.70884 0.29035 0.00057 0.00025 ( 1)
  59 -   0.53936 0.44912 0.00629 0.00523 ( 1)
  60 S   0.45569 0.54359 0.00032 0.00040 ( 2)
  61 L   0.26829 0.73059 0.00029 0.00083 ( 2)
  62 S   0.00969 0.98909 0.00001 0.00121 ( 2)
  63 N   0.45296 0.54640 0.00028 0.00036 ( 2)
  64 L   0.27221 0.72279 0.00116 0.00384 ( 2)
  65 R   0.57468 0.42463 0.00039 0.00030 ( 1)
  66 R   0.00078 0.99631 0.00000 0.00291 ( 2)
  67 I   0.35838 0.62343 0.01233 0.00585 ( 2)
  68 -   0.88719 0.11212 0.00061 0.00008 ( 1)
  69 -   0.07140 0.92784 0.00005 0.00071 ( 2)
  70 -   0.00273 0.99634 0.00000 0.00094 ( 2)
  71 -   0.18897 0.80684 0.00073 0.00346 ( 2)
  72 F   0.99060 0.00871 0.00069 0.00001 ( 1)
  73 R   0.03577 0.96125 0.00011 0.00288 ( 2)
  74 E   0.00661 0.99137 0.00001 0.00201 ( 2)
  75 W   0.80197 0.19615 0.00150 0.00037 ( 1)
  76 E   0.98492 0.01428 0.00079 0.00001 ( 1)
  77 A   0.00015 0.14038 0.01746 0.84201 ( 4)
  78 D   0.86026 0.13899 0.00063 0.00011 ( 1)
  79 P   0.96132 0.03635 0.00225 0.00009 ( 1)
  80 T   0.38646 0.61274 0.00030 0.00049 ( 2)
  81 N   0.96426 0.03512 0.00059 0.00002 ( 1)
  82 P   0.95778 0.04177 0.00044 0.00002 ( 1)
  83 A   0.89015 0.10909 0.00067 0.00009 ( 1)
  84 L   0.93383 0.06488 0.00121 0.00009 ( 1)
  85 R   0.06514 0.93431 0.00003 0.00051 ( 2)
  86 E   0.94574 0.05349 0.00073 0.00004 ( 1)
  87 E   0.75167 0.24746 0.00065 0.00022 ( 1)
  88 M   0.82503 0.17463 0.00028 0.00006 ( 1)
  89 R   0.96335 0.03622 0.00041 0.00002 ( 1)
  90 I   0.33078 0.66336 0.00223 0.00363 ( 2)
  91 Q   0.94264 0.05668 0.00065 0.00004 ( 1)
  92 F   0.96369 0.03561 0.00067 0.00003 ( 1)
  93 N   0.94091 0.05847 0.00058 0.00004 ( 1)
  94 A   0.04867 0.94928 0.00009 0.00196 ( 2)
  95 R   0.36599 0.63367 0.00012 0.00022 ( 2)
  96 T   0.16435 0.83499 0.00010 0.00056 ( 2)
  97 S   0.93382 0.06575 0.00041 0.00003 ( 1)
  98 A   0.04691 0.95238 0.00003 0.00068 ( 2)
  99 L   0.86210 0.13550 0.00207 0.00033 ( 1)
 100 T   0.08369 0.91540 0.00007 0.00084 ( 2)
 101 T   0.09705 0.90116 0.00016 0.00162 ( 2)
 102 A   0.72870 0.27062 0.00049 0.00019 ( 1)
 103 I   0.98853 0.01063 0.00083 0.00001 ( 1)
 104 P   0.84654 0.15300 0.00039 0.00007 ( 1)
 105 L   0.90241 0.09699 0.00054 0.00006 ( 1)
 106 F   0.03018 0.96866 0.00003 0.00112 ( 2)
 107 A   0.01551 0.98395 0.00001 0.00053 ( 2)
 108 V   0.95289 0.04605 0.00101 0.00005 ( 1)
 109 Q   0.69525 0.30418 0.00039 0.00019 ( 1)
 110 N   0.36191 0.63745 0.00022 0.00042 ( 2)
 111 Y   0.91376 0.08555 0.00062 0.00006 ( 1)
 112 Q   0.06042 0.93876 0.00005 0.00077 ( 2)
 113 V   0.91753 0.08026 0.00202 0.00018 ( 1)
 114 P   0.43064 0.56866 0.00029 0.00041 ( 2)
 115 L   0.84899 0.15040 0.00051 0.00009 ( 1)
 116 L   0.93337 0.06569 0.00088 0.00006 ( 1)
 117 S   0.34008 0.65916 0.00024 0.00051 ( 2)
 118 V   0.97605 0.02281 0.00111 0.00003 ( 1)
 119 Y   0.91376 0.08555 0.00062 0.00006 ( 1)
 120 V   0.93372 0.06521 0.00099 0.00007 ( 1)
 121 Q   0.43921 0.55917 0.00071 0.00092 ( 2)
 122 A   0.74303 0.25618 0.00058 0.00021 ( 1)
 123 A   0.34105 0.65818 0.00026 0.00052 ( 2)
 124 N   0.51957 0.47976 0.00033 0.00033 ( 1)
 125 L   0.71969 0.27937 0.00068 0.00027 ( 1)
 126 M   0.33598 0.66264 0.00046 0.00092 ( 2)
 127 F   0.12351 0.87529 0.00015 0.00106 ( 2)
 128 S   0.91917 0.08028 0.00050 0.00005 ( 1)
 129 T   0.01685 0.98130 0.00003 0.00183 ( 2)
 130 -   0.09062 0.90840 0.00009 0.00089 ( 2)
 131 -   0.48880 0.51067 0.00025 0.00028 ( 2)
 132 -   0.92174 0.07752 0.00068 0.00006 ( 1)
 133 -   0.70782 0.29110 0.00075 0.00033 ( 1)
 134 -   0.00515 0.99391 0.00000 0.00093 ( 2)
 135 -   0.36254 0.63635 0.00039 0.00072 ( 2)
 136 -   0.28660 0.70801 0.00138 0.00401 ( 2)
 137 -   0.94854 0.05081 0.00061 0.00003 ( 1)
 138 -   0.10743 0.89094 0.00017 0.00146 ( 2)
 139 -   0.06907 0.92858 0.00018 0.00218 ( 2)
 140 -   0.04356 0.95455 0.00008 0.00181 ( 2)
 141 -   0.95595 0.04188 0.00208 0.00009 ( 1)
 142 -   0.53936 0.44912 0.00629 0.00523 ( 1)
 143 -   0.53936 0.44912 0.00629 0.00523 ( 1)
 144 -   0.53936 0.44912 0.00629 0.00523 ( 1)
 145 -   0.53936 0.44912 0.00629 0.00523 ( 1)
 146 -   0.53936 0.44912 0.00629 0.00523 ( 1)
 147 -   0.53936 0.44912 0.00629 0.00523 ( 1)
 148 -   0.53936 0.44912 0.00629 0.00523 ( 1)
 149 -   0.53936 0.44912 0.00629 0.00523 ( 1)
 150 -   0.73488 0.26440 0.00051 0.00020 ( 1)
 151 -   0.36846 0.63011 0.00048 0.00096 ( 2)
 152 -   0.53936 0.44912 0.00629 0.00523 ( 1)
 153 -   0.00117 0.99805 0.00000 0.00078 ( 2)
 154 -   0.02803 0.97021 0.00005 0.00172 ( 2)
 155 -   0.84709 0.15233 0.00048 0.00009 ( 1)
 156 -   0.07360 0.92314 0.00024 0.00302 ( 2)
 157 -   0.81883 0.18055 0.00050 0.00012 ( 1)
 158 -   0.00009 0.07980 0.02217 0.89794 ( 4)
 159 -   0.12657 0.87299 0.00005 0.00039 ( 2)
 160 -   0.52327 0.47603 0.00036 0.00034 ( 1)
 161 -   0.66992 0.32886 0.00081 0.00041 ( 1)
 162 -   0.81083 0.18842 0.00060 0.00015 ( 1)
 163 -   0.91105 0.08789 0.00097 0.00010 ( 1)
 164 -   0.90118 0.09825 0.00051 0.00006 ( 1)
 165 -   0.09043 0.90855 0.00009 0.00092 ( 2)
 166 -   0.21389 0.78548 0.00013 0.00050 ( 2)
 167 -   0.98539 0.01377 0.00083 0.00001 ( 1)
 168 -   0.00585 0.99365 0.00000 0.00050 ( 2)
 169 -   0.00280 0.99602 0.00000 0.00117 ( 2)
 170 -   0.88168 0.11763 0.00060 0.00008 ( 1)
 171 -   0.96866 0.03077 0.00055 0.00002 ( 1)
 172 -   0.94763 0.05159 0.00073 0.00005 ( 1)
 173 -   0.61448 0.38504 0.00029 0.00019 ( 1)
 174 -   0.07226 0.92721 0.00004 0.00049 ( 2)
 175 -   0.82031 0.17790 0.00147 0.00032 ( 1)
 176 -   0.01651 0.98266 0.00001 0.00082 ( 2)
 177 -   0.15423 0.84413 0.00025 0.00139 ( 2)
 178 -   0.86557 0.13374 0.00059 0.00010 ( 1)
 179 -   0.98850 0.01088 0.00061 0.00001 ( 1)
 180 -   0.01705 0.98164 0.00002 0.00129 ( 2)
 181 -   0.95060 0.04356 0.00556 0.00028 ( 1)
 182 -   0.91312 0.07758 0.00856 0.00074 ( 1)
 183 -   0.00359 0.99493 0.00001 0.00147 ( 2)
 184 -   0.38799 0.61048 0.00057 0.00096 ( 2)
 185 -   0.82644 0.17258 0.00080 0.00017 ( 1)
 186 -   0.00386 0.99522 0.00000 0.00091 ( 2)
 187 -   0.48383 0.51546 0.00034 0.00037 ( 2)
 188 -   0.00098 0.99829 0.00000 0.00073 ( 2)
 189 -   0.01704 0.98167 0.00002 0.00127 ( 2)
 190 -   0.02022 0.97839 0.00003 0.00136 ( 2)
 191 -   0.24279 0.74569 0.00283 0.00869 ( 2)
 192 -   0.13137 0.86695 0.00022 0.00146 ( 2)
 193 -   0.06045 0.93874 0.00005 0.00077 ( 2)
 194 -   0.78099 0.21714 0.00146 0.00041 ( 1)
 195 -   0.08900 0.90978 0.00010 0.00112 ( 2)
 196 -   0.40614 0.59265 0.00047 0.00075 ( 2)
 197 -   0.61253 0.38677 0.00042 0.00028 ( 1)
 198 -   0.94648 0.05290 0.00058 0.00003 ( 1)
 199 -   0.19870 0.79825 0.00060 0.00245 ( 2)
 200 -   0.98052 0.01876 0.00070 0.00001 ( 1)
 201 -   0.94052 0.05831 0.00110 0.00007 ( 1)
 202 -   0.96210 0.03739 0.00049 0.00002 ( 1)
 203 -   0.46816 0.52941 0.00108 0.00136 ( 2)
 204 -   0.68776 0.31126 0.00067 0.00031 ( 1)
 205 -   0.96493 0.03445 0.00060 0.00002 ( 1)
 206 -   0.83804 0.16111 0.00071 0.00014 ( 1)
 207 -   0.42051 0.34586 0.19669 0.03694 ( 1)
 208 -   0.96992 0.02894 0.00111 0.00003 ( 1)
 209 -   0.91515 0.08014 0.00434 0.00038 ( 1)
 210 -   0.98983 0.00943 0.00073 0.00001 ( 1)
 211 -   0.94409 0.05507 0.00079 0.00005 ( 1)
 212 -   0.72667 0.27237 0.00068 0.00028 ( 1)
 213 -   0.15759 0.84169 0.00011 0.00061 ( 2)
 214 -   0.78608 0.21321 0.00055 0.00016 ( 1)
 215 -   0.91030 0.08860 0.00100 0.00010 ( 1)
 216 -   0.00794 0.99141 0.00000 0.00064 ( 2)
 217 -   0.97499 0.02439 0.00060 0.00002 ( 1)


lnL = -4516.415284

