Supplemental results for CODEML (seqf: algn  treef: tree)


dN/dS (w) for site classes (K=4)

site class             0        1       2a       2b
proportion       0.47949  0.44342  0.04005  0.03704
background w     0.06881  0.61280  0.06881  0.61280
foreground w     0.06881  0.61280 49.66759 49.66759

Naive Empirical Bayes (NEB) probabilities for 4 classes
(amino acids refer to 1st sequence: BT_Cry56Aa1)

   1 -   0.47949 0.44342 0.04005 0.03704 ( 1)
   2 -   0.58809 0.33483 0.04912 0.02797 ( 1)
   3 -   0.01411 0.68392 0.03270 0.26927 ( 2)
   4 S   0.00002 0.95900 0.00000 0.04097 ( 2)
   5 A   0.01110 0.98131 0.00006 0.00753 ( 2)
   6 G   0.75200 0.24519 0.00198 0.00083 ( 1)
   7 A   0.06918 0.78594 0.00488 0.14001 ( 2)
   8 A   0.19633 0.79723 0.00098 0.00545 ( 2)
   9 I   0.42968 0.56474 0.00184 0.00373 ( 2)
  10 A   0.02336 0.96962 0.00013 0.00689 ( 2)
  11 A   0.72894 0.26312 0.00533 0.00261 ( 1)
  12 A   0.00163 0.25869 0.42145 0.31823 ( 3)
  13 L   0.76720 0.22787 0.00331 0.00163 ( 1)
  14 T   0.18988 0.80395 0.00092 0.00525 ( 2)
  15 S   0.09798 0.89810 0.00031 0.00360 ( 2)
  16 I   0.14856 0.77164 0.01178 0.06803 ( 2)
  17 L   0.03252 0.95853 0.00030 0.00865 ( 2)
  18 F   0.38798 0.59872 0.00417 0.00914 ( 2)
  19 P   0.97460 0.01662 0.00863 0.00015 ( 1)
  20 S   0.06924 0.92248 0.00040 0.00788 ( 2)
  21 Q   0.15562 0.83882 0.00059 0.00496 ( 2)
  22 G   0.03259 0.85691 0.01262 0.09787 ( 2)
  23 P   0.00022 0.07588 0.13263 0.79127 ( 4)
  24 D   0.81584 0.18228 0.00142 0.00046 ( 1)
  25 V   0.87869 0.11490 0.00540 0.00101 ( 1)
  26 F   0.00831 0.98458 0.00006 0.00706 ( 2)
  27 N   0.04383 0.92965 0.00244 0.02408 ( 2)
  28 E   0.16461 0.83179 0.00060 0.00300 ( 2)
  29 L   0.92318 0.07374 0.00279 0.00028 ( 1)
  30 M   0.98417 0.01421 0.00159 0.00003 ( 1)
  31 G   0.01880 0.97260 0.00011 0.00848 ( 2)
  32 A   0.00496 0.98506 0.00004 0.00993 ( 2)
  33 T   0.28332 0.66720 0.02843 0.02104 ( 2)
  34 E   0.79950 0.19660 0.00311 0.00080 ( 1)
  35 N   0.01411 0.90327 0.00926 0.07336 ( 2)
  36 L   0.96848 0.02692 0.00446 0.00015 ( 1)
  37 L   0.37656 0.52552 0.07117 0.02675 ( 2)
  38 K   0.20117 0.72175 0.01680 0.06028 ( 2)
  39 R   0.03644 0.39910 0.46494 0.09952 ( 3)
  40 E   0.00001 0.00059 0.94841 0.05099 ( 3)
  41 I   0.12983 0.62663 0.20062 0.04291 ( 2)
  42 E   0.02284 0.91441 0.00888 0.05388 ( 2)
  43 T   0.02610 0.83527 0.00553 0.13310 ( 2)
  44 Y   0.97573 0.01564 0.00849 0.00014 ( 1)
  45 V   0.01033 0.14971 0.78479 0.05518 ( 3)
  46 R   0.99350 0.00468 0.00180 0.00001 ( 1)
  47 G   0.00678 0.98627 0.00003 0.00692 ( 2)
  48 R   0.95432 0.04381 0.00177 0.00010 ( 1)
  49 A   0.98201 0.01262 0.00527 0.00010 ( 1)
  50 A   0.00367 0.99005 0.00002 0.00627 ( 2)
  51 S   0.81740 0.17489 0.00628 0.00143 ( 1)
  52 E   0.98561 0.01061 0.00373 0.00005 ( 1)
  53 L   0.71349 0.28184 0.00315 0.00152 ( 1)
  54 L   0.00388 0.98788 0.00003 0.00822 ( 2)
  55 A   0.13737 0.85420 0.00080 0.00763 ( 2)
  56 L   0.96483 0.03090 0.00413 0.00014 ( 1)
  57 E   0.04334 0.83160 0.04375 0.08132 ( 2)
  58 D   0.00472 0.83114 0.01168 0.15246 ( 2)
  59 Q   0.31700 0.67897 0.00124 0.00280 ( 2)
  60 R   0.04150 0.94657 0.00038 0.01155 ( 2)
  61 A   0.00023 0.96004 0.00002 0.03971 ( 2)
  62 Y   0.00429 0.84288 0.00789 0.14494 ( 2)
  63 F   0.94227 0.05398 0.00348 0.00027 ( 1)
  64 K   0.93019 0.06575 0.00369 0.00037 ( 1)
  65 S   0.00695 0.95674 0.00023 0.03607 ( 2)
  66 A   0.09839 0.89537 0.00060 0.00564 ( 2)
  67 F   0.97181 0.02451 0.00356 0.00012 ( 1)
  68 D   0.96949 0.02536 0.00494 0.00020 ( 1)
  69 Y   0.29926 0.69573 0.00125 0.00377 ( 2)
  70 W   0.92321 0.07075 0.00560 0.00044 ( 1)
  71 R   0.00055 0.63932 0.00380 0.35633 ( 2)
  72 L   0.01225 0.97705 0.00010 0.01060 ( 2)
  73 H   0.04894 0.85938 0.04042 0.05126 ( 2)
  74 P   0.01534 0.84903 0.00522 0.13041 ( 2)
  75 T   0.00013 0.13965 0.02977 0.83046 ( 4)
  76 D   0.79177 0.20396 0.00308 0.00118 ( 1)
  77 G   0.00109 0.99362 0.00000 0.00528 ( 2)
  78 N   0.86782 0.12813 0.00332 0.00073 ( 1)
  79 A   0.89651 0.09782 0.00492 0.00075 ( 1)
  80 I   0.56758 0.42749 0.00250 0.00243 ( 1)
  81 A   0.29447 0.69964 0.00123 0.00467 ( 2)
  82 T   0.14954 0.84456 0.00081 0.00509 ( 2)
  83 V   0.98030 0.01372 0.00586 0.00012 ( 1)
  84 A   0.00538 0.99182 0.00001 0.00278 ( 2)
  85 A   0.00042 0.21611 0.00142 0.78205 ( 4)
  86 R   0.71837 0.27562 0.00427 0.00174 ( 1)
  87 F   0.98889 0.00738 0.00369 0.00004 ( 1)
  88 H   0.00013 0.99314 0.00000 0.00673 ( 2)
  89 T   0.87829 0.11590 0.00487 0.00094 ( 1)
  90 V   0.25400 0.53957 0.17853 0.02790 ( 2)
  91 N   0.06241 0.93342 0.00021 0.00396 ( 2)
  92 G   0.03384 0.95970 0.00016 0.00630 ( 2)
  93 A   0.47630 0.51793 0.00230 0.00347 ( 2)
  94 F   0.98698 0.00523 0.00773 0.00006 ( 1)
  95 V   0.85146 0.14321 0.00438 0.00095 ( 1)
  96 T   0.00486 0.99099 0.00002 0.00413 ( 2)
  97 A   0.98378 0.01088 0.00526 0.00008 ( 1)
  98 M   0.97776 0.02062 0.00158 0.00004 ( 1)
  99 R   0.16166 0.81589 0.00269 0.01976 ( 2)
 100 L   0.64603 0.34667 0.00454 0.00276 ( 1)
 101 F   0.98889 0.00738 0.00369 0.00004 ( 1)
 102 R   0.28243 0.71210 0.00123 0.00424 ( 2)
 103 P   0.01718 0.97587 0.00008 0.00688 ( 2)
 104 A   0.00691 0.21235 0.11811 0.66264 ( 4)
 105 G   0.97740 0.00859 0.01380 0.00020 ( 1)
 106 Y   0.66591 0.32952 0.00279 0.00179 ( 1)
 107 E   0.98615 0.00851 0.00528 0.00007 ( 1)
 108 A   0.46626 0.31233 0.11545 0.10597 ( 1)
 109 L   0.85003 0.14526 0.00392 0.00080 ( 1)
 110 L   0.93121 0.05992 0.00832 0.00056 ( 1)
 111 L   0.97191 0.02354 0.00442 0.00013 ( 1)
 112 P   0.39430 0.59691 0.00339 0.00540 ( 2)
 113 V   0.98010 0.01337 0.00640 0.00012 ( 1)
 114 Y   0.98732 0.00853 0.00411 0.00005 ( 1)
 115 A   0.87130 0.10545 0.01940 0.00385 ( 1)
 116 Q   0.97557 0.02057 0.00378 0.00008 ( 1)
 117 A   0.97979 0.01507 0.00503 0.00011 ( 1)
 118 A   0.90904 0.08541 0.00492 0.00063 ( 1)
 119 R   0.58244 0.41602 0.00085 0.00069 ( 1)
 120 L   0.05789 0.85320 0.00188 0.08704 ( 2)
 121 H   0.99185 0.00540 0.00274 0.00002 ( 1)
 122 L   0.96513 0.03059 0.00413 0.00014 ( 1)
 123 L   0.59626 0.35015 0.02798 0.02560 ( 1)
 124 H   0.81509 0.18198 0.00225 0.00068 ( 1)
 125 L   0.97022 0.02522 0.00443 0.00014 ( 1)
 126 R   0.98803 0.01003 0.00191 0.00002 ( 1)
 127 D   0.98065 0.00920 0.01003 0.00012 ( 1)
 128 G   0.93959 0.05790 0.00232 0.00019 ( 1)
 129 V   0.09066 0.90253 0.00058 0.00623 ( 2)
 130 L   0.09228 0.90211 0.00047 0.00514 ( 2)
 131 F   0.74735 0.24329 0.00706 0.00230 ( 1)
 132 A   0.84441 0.14764 0.00647 0.00148 ( 1)
 133 N   0.81665 0.17755 0.00433 0.00147 ( 1)
 134 E   0.76205 0.23401 0.00299 0.00095 ( 1)
 135 W   0.92321 0.07075 0.00560 0.00044 ( 1)
 136 G   0.10389 0.89155 0.00052 0.00404 ( 2)
 137 L   0.88092 0.11426 0.00417 0.00065 ( 1)
 138 A   0.68285 0.31152 0.00341 0.00222 ( 1)
 139 K   0.02281 0.96840 0.00014 0.00865 ( 2)
 140 P   0.89891 0.09797 0.00275 0.00037 ( 1)
 141 -   0.61722 0.37820 0.00239 0.00219 ( 1)
 142 -   0.12476 0.74996 0.06533 0.05995 ( 2)
 143 -   0.62016 0.37316 0.00348 0.00320 ( 1)
 144 -   0.14324 0.77890 0.04063 0.03722 ( 2)
 145 D   0.00508 0.91349 0.00134 0.08009 ( 2)
 146 P   0.37747 0.60927 0.00424 0.00902 ( 2)
 147 G   0.73293 0.26424 0.00193 0.00090 ( 1)
 148 D   0.07600 0.88244 0.00231 0.03925 ( 2)
 149 L   0.00051 0.98969 0.00001 0.00980 ( 2)
 150 H   0.91958 0.07706 0.00308 0.00028 ( 1)
 151 D   0.83912 0.15639 0.00358 0.00092 ( 1)
 152 Q   0.05827 0.93885 0.00013 0.00275 ( 2)
 153 E   0.56853 0.42507 0.00306 0.00334 ( 1)
 154 F   0.56915 0.42658 0.00209 0.00219 ( 1)
 155 N   0.19533 0.80142 0.00058 0.00267 ( 2)
 156 A   0.06305 0.93127 0.00025 0.00543 ( 2)
 157 K   0.01235 0.98211 0.00005 0.00549 ( 2)
 158 A   0.47545 0.51950 0.00217 0.00288 ( 2)
 159 A   0.89516 0.09461 0.00895 0.00128 ( 1)
 160 E   0.90460 0.09221 0.00283 0.00036 ( 1)
 161 Y   0.98759 0.00825 0.00411 0.00004 ( 1)
 162 A   0.40541 0.58798 0.00219 0.00442 ( 2)
 163 D   0.98951 0.00542 0.00503 0.00004 ( 1)
 164 Y   0.90076 0.09566 0.00319 0.00039 ( 1)
 165 C   0.99304 0.00505 0.00190 0.00001 ( 1)
 166 E   0.90562 0.08884 0.00485 0.00069 ( 1)
 167 L   0.02693 0.96735 0.00012 0.00560 ( 2)
 168 T   0.00501 0.98385 0.00004 0.01109 ( 2)
 169 Y   0.02078 0.91918 0.00923 0.05081 ( 2)
 170 N   0.07919 0.88424 0.00129 0.03527 ( 2)
 171 T   0.75375 0.24035 0.00423 0.00167 ( 1)
 172 E   0.27087 0.71735 0.00267 0.00912 ( 2)
 173 L   0.96799 0.02759 0.00428 0.00014 ( 1)
 174 N   0.01866 0.95779 0.00049 0.02306 ( 2)
 175 R   0.39991 0.59641 0.00122 0.00245 ( 2)
 176 I   0.89937 0.07538 0.02241 0.00284 ( 1)
 177 K   0.99008 0.00596 0.00393 0.00003 ( 1)
 178 T   0.40662 0.58801 0.00165 0.00371 ( 2)
 179 T   0.00269 0.16404 0.02199 0.81129 ( 4)
 180 S   0.00000 0.00681 0.00154 0.99164 ( 4)
 181 G   0.11218 0.77384 0.01390 0.10008 ( 2)
 182 K   0.96480 0.03119 0.00383 0.00017 ( 1)
 183 T   0.12198 0.87290 0.00048 0.00464 ( 2)
 184 W   0.92321 0.07075 0.00560 0.00044 ( 1)
 185 F   0.00554 0.98672 0.00004 0.00769 ( 2)
 186 D   0.94418 0.05262 0.00300 0.00019 ( 1)
 187 Y   0.97573 0.01564 0.00849 0.00014 ( 1)
 188 N   0.94649 0.04311 0.00992 0.00048 ( 1)
 189 Q   0.34949 0.04062 0.60301 0.00689 ( 3)
 190 Y   0.85982 0.13585 0.00362 0.00072 ( 1)
 191 R   0.97405 0.02444 0.00146 0.00004 ( 1)
 192 R   0.97742 0.02023 0.00230 0.00005 ( 1)
 193 L   0.00044 0.27212 0.08088 0.64656 ( 4)
 194 M   0.99674 0.00164 0.00161 0.00000 ( 1)
 195 T   0.50507 0.07580 0.41474 0.00439 ( 1)
 196 F   0.05758 0.81947 0.05841 0.06454 ( 2)
 197 A   0.08998 0.63055 0.18707 0.09239 ( 2)
 198 V   0.98049 0.01352 0.00587 0.00012 ( 1)
 199 L   0.06719 0.31560 0.34443 0.27278 ( 3)
 200 D   0.98951 0.00542 0.00503 0.00004 ( 1)
 201 V   0.42338 0.57113 0.00187 0.00362 ( 2)
 202 V   0.78299 0.21040 0.00471 0.00190 ( 1)
 203 A   0.98484 0.01018 0.00491 0.00007 ( 1)
 204 K   0.16283 0.82937 0.00098 0.00683 ( 2)
 205 F   0.99225 0.00410 0.00363 0.00002 ( 1)
 206 S   0.91828 0.07735 0.00397 0.00040 ( 1)
 207 I   0.37348 0.53889 0.05783 0.02980 ( 2)


lnL = -3061.382026

