Supplemental results for CODEML (seqf: algn  treef: tree)


dN/dS (w) for site classes (K=4)

site class             0        1       2a       2b
proportion       0.29046  0.65555  0.01658  0.03741
background w     0.05877  0.61906  0.05877  0.61906
foreground w     0.05877  0.61906 42.16885 42.16885

Naive Empirical Bayes (NEB) probabilities for 4 classes
(amino acids refer to 1st sequence: BT_Cry71Aa1)

   1 K   0.16256 0.36667 0.32141 0.14936 ( 2)
   2 V   0.20197 0.79498 0.00055 0.00250 ( 2)
   3 K   0.00448 0.99369 0.00001 0.00182 ( 2)
   4 S   0.00329 0.99285 0.00001 0.00385 ( 2)
   5 E   0.97527 0.02227 0.00239 0.00007 ( 1)
   6 L   0.86982 0.12869 0.00126 0.00022 ( 1)
   7 T   0.95810 0.03460 0.00704 0.00027 ( 1)
   8 R   0.98521 0.01296 0.00181 0.00003 ( 1)
   9 E   0.02564 0.97144 0.00006 0.00286 ( 2)
  10 I   0.98357 0.01319 0.00319 0.00005 ( 1)
  11 Y   0.25074 0.74586 0.00074 0.00265 ( 2)
  12 T   0.94170 0.03098 0.02632 0.00100 ( 1)
  13 D   0.99035 0.00676 0.00287 0.00003 ( 1)
  14 P   0.97543 0.02260 0.00193 0.00005 ( 1)
  15 V   0.36486 0.63217 0.00098 0.00199 ( 2)
  16 G   0.98765 0.01049 0.00184 0.00002 ( 1)
  17 V   0.01896 0.97736 0.00007 0.00362 ( 2)
  18 A   0.03646 0.78710 0.05422 0.12223 ( 2)
  19 T   0.07025 0.92533 0.00029 0.00413 ( 2)
  20 S   0.65858 0.32878 0.00789 0.00475 ( 1)
  21 T   0.06050 0.92372 0.00086 0.01492 ( 2)
  22 I   0.01867 0.38345 0.23663 0.36125 ( 2)
  23 P   0.00191 0.99614 0.00000 0.00195 ( 2)
  24 G   0.00026 0.96499 0.00001 0.03474 ( 2)
  25 L   0.02692 0.96497 0.00021 0.00790 ( 2)
  26 I   0.09211 0.90390 0.00030 0.00369 ( 2)
  27 P   0.97639 0.02196 0.00161 0.00004 ( 1)
  28 N   0.09670 0.88583 0.00146 0.01602 ( 2)
  29 W   0.10317 0.89350 0.00033 0.00300 ( 2)
  30 F   0.89745 0.10023 0.00204 0.00028 ( 1)
  31 D   0.00020 0.95248 0.00009 0.04722 ( 2)
  32 Y   0.00542 0.94575 0.00238 0.04645 ( 2)
  33 A   0.96765 0.02922 0.00303 0.00011 ( 1)
  34 P   0.00739 0.99036 0.00001 0.00223 ( 2)
  35 -   0.00094 0.94507 0.00005 0.05393 ( 2)
  36 S   0.00000 0.99612 0.00000 0.00387 ( 2)
  37 F   0.96844 0.02928 0.00219 0.00008 ( 1)
  38 N   0.00016 0.99514 0.00000 0.00471 ( 2)
  39 E   0.00379 0.99429 0.00001 0.00191 ( 2)
  40 L   0.83655 0.16100 0.00202 0.00043 ( 1)
  41 E   0.97932 0.01822 0.00240 0.00005 ( 1)
  42 L   0.13649 0.86184 0.00020 0.00147 ( 2)
  43 A   0.00188 0.99445 0.00001 0.00367 ( 2)
  44 L   0.19505 0.79689 0.00155 0.00652 ( 2)
  45 I   0.39085 0.60541 0.00127 0.00247 ( 2)
  46 P   0.06291 0.33933 0.40073 0.19703 ( 3)
  47 S   0.00140 0.99592 0.00000 0.00268 ( 2)
  48 P   0.93838 0.05996 0.00155 0.00012 ( 1)
  49 R   0.00023 0.99856 0.00000 0.00121 ( 2)
  50 T   0.22718 0.76853 0.00086 0.00343 ( 2)
  51 V   0.10614 0.72788 0.08961 0.07637 ( 2)
  52 T   0.01430 0.98103 0.00005 0.00462 ( 2)
  53 W   0.85799 0.13880 0.00275 0.00047 ( 1)
  54 L   0.56947 0.42802 0.00137 0.00114 ( 1)
  55 N   0.88363 0.11262 0.00322 0.00053 ( 1)
  56 K   0.04759 0.94883 0.00014 0.00344 ( 2)
  57 I   0.03399 0.96245 0.00010 0.00345 ( 2)
  58 T   0.00019 0.99537 0.00000 0.00443 ( 2)
  59 I   0.88423 0.11243 0.00288 0.00046 ( 1)
  60 S   0.00030 0.99584 0.00000 0.00386 ( 2)
  61 T   0.00736 0.95868 0.00021 0.03376 ( 2)
  62 G   0.04743 0.95033 0.00009 0.00215 ( 2)
  63 R   0.00000 0.99783 0.00000 0.00217 ( 2)
  64 L   0.01785 0.97948 0.00004 0.00263 ( 2)
  65 N   0.00033 0.99765 0.00000 0.00202 ( 2)
  66 G   0.00044 0.99333 0.00000 0.00622 ( 2)
  67 W   0.00099 0.99565 0.00000 0.00336 ( 2)
  68 S   0.01101 0.98687 0.00002 0.00211 ( 2)
  69 T   0.00005 0.99552 0.00000 0.00443 ( 2)
  70 S   0.01719 0.97896 0.00006 0.00379 ( 2)
  71 Q   0.03040 0.96674 0.00008 0.00277 ( 2)
  72 N   0.11166 0.88633 0.00021 0.00180 ( 2)
  73 Y   0.00926 0.98720 0.00003 0.00352 ( 2)
  74 W   0.36708 0.62962 0.00118 0.00212 ( 2)
  75 Q   0.02834 0.96980 0.00005 0.00181 ( 2)
  76 G   0.97477 0.02336 0.00182 0.00005 ( 1)
  77 H   0.43678 0.56143 0.00070 0.00110 ( 2)
  78 R   0.07491 0.92294 0.00014 0.00201 ( 2)
  79 L   0.70009 0.29773 0.00149 0.00069 ( 1)
  80 E   0.00414 0.99292 0.00001 0.00293 ( 2)
  81 Y   0.00565 0.89779 0.00491 0.09164 ( 2)
  82 S   0.00482 0.98815 0.00003 0.00700 ( 2)
  83 E   0.00064 0.99642 0.00000 0.00294 ( 2)
  84 T   0.97718 0.01907 0.00367 0.00008 ( 1)
  85 S   0.00128 0.99604 0.00000 0.00268 ( 2)
  86 A   0.01847 0.97016 0.00019 0.01118 ( 2)
  87 G   0.32356 0.64398 0.00996 0.02250 ( 2)
  88 N   0.00066 0.99463 0.00000 0.00471 ( 2)
  89 N   0.00098 0.98130 0.00002 0.01770 ( 2)
  90 I   0.00003 0.18358 0.00340 0.81299 ( 4)
  91 I   0.00001 0.23385 0.00199 0.76416 ( 4)
  92 S   0.03659 0.96075 0.00008 0.00259 ( 2)
  93 P   0.07799 0.91466 0.00052 0.00683 ( 2)
  94 T   0.10000 0.89542 0.00038 0.00421 ( 2)
  95 Y   0.97277 0.02428 0.00287 0.00009 ( 1)
  96 G   0.96542 0.03136 0.00311 0.00011 ( 1)
  97 D   0.00001 0.42990 0.00056 0.56953 ( 4)
  98 F   0.48036 0.51711 0.00109 0.00144 ( 2)
  99 N   0.11015 0.88784 0.00021 0.00180 ( 2)
 100 E   0.00007 0.02808 0.31855 0.65331 ( 4)
 101 S   0.79432 0.20213 0.00277 0.00078 ( 1)
 102 V   0.35151 0.64541 0.00095 0.00213 ( 2)
 103 A   0.00229 0.99400 0.00001 0.00370 ( 2)
 104 L   0.00001 0.23198 0.00038 0.76762 ( 4)
 105 H   0.00009 0.99794 0.00000 0.00196 ( 2)
 106 R   0.00002 0.99780 0.00000 0.00218 ( 2)
 107 D   0.01184 0.98445 0.00003 0.00367 ( 2)
 108 F   0.99028 0.00745 0.00224 0.00002 ( 1)
 109 S   0.10079 0.83369 0.02504 0.04048 ( 2)
 110 V   0.64083 0.35632 0.00173 0.00112 ( 1)
 111 L   0.13972 0.85762 0.00035 0.00231 ( 2)
 112 N   0.00026 0.99503 0.00000 0.00471 ( 2)
 113 R   0.55131 0.44728 0.00075 0.00066 ( 1)
 114 D   0.99035 0.00676 0.00287 0.00003 ( 1)
 115 V   0.75722 0.23603 0.00509 0.00166 ( 1)
 116 Y   0.97449 0.01800 0.00737 0.00014 ( 1)
 117 T   0.00083 0.99472 0.00000 0.00444 ( 2)
 118 M   0.00206 0.99675 0.00000 0.00118 ( 2)
 119 D   0.00542 0.99087 0.00002 0.00369 ( 2)
 120 S   0.21290 0.78333 0.00074 0.00303 ( 2)
 121 Y   0.00127 0.99517 0.00000 0.00355 ( 2)
 122 A   0.26373 0.73275 0.00083 0.00270 ( 2)
 123 V   0.00357 0.99330 0.00001 0.00313 ( 2)
 124 S   0.01505 0.98109 0.00005 0.00381 ( 2)
 125 Q   0.01204 0.98610 0.00002 0.00184 ( 2)
 126 F   0.00135 0.90296 0.00102 0.09467 ( 2)
 127 -   0.33032 0.61570 0.01885 0.03514 ( 2)
 128 -   0.30069 0.64532 0.01716 0.03683 ( 2)
 129 -   0.00330 0.94272 0.00019 0.05380 ( 2)
 130 -   0.05147 0.89454 0.00294 0.05105 ( 2)
 131 -   0.00307 0.94294 0.00018 0.05381 ( 2)
 132 -   0.39577 0.55024 0.02259 0.03140 ( 2)
 133 F   0.16717 0.83014 0.00038 0.00231 ( 2)
 134 G   0.09093 0.90685 0.00017 0.00205 ( 2)
 135 I   0.35167 0.43616 0.18775 0.02442 ( 2)
 136 S   0.38070 0.61682 0.00081 0.00166 ( 2)
 137 T   0.00000 0.99557 0.00000 0.00443 ( 2)
 138 A   0.00213 0.99416 0.00001 0.00371 ( 2)
 139 T   0.00912 0.98325 0.00007 0.00756 ( 2)
 140 L   0.92368 0.07485 0.00134 0.00013 ( 1)
 141 F   0.29844 0.69894 0.00068 0.00195 ( 2)
 142 G   0.00046 0.99747 0.00000 0.00207 ( 2)
 143 V   0.93386 0.06341 0.00252 0.00021 ( 1)
 144 S   0.09588 0.90076 0.00027 0.00308 ( 2)
 145 D   0.00036 0.99592 0.00000 0.00371 ( 2)
 146 N   0.03445 0.96089 0.00012 0.00454 ( 2)
 147 D   0.40013 0.16102 0.42166 0.01719 ( 3)
 148 F   0.00001 0.99693 0.00000 0.00307 ( 2)
 149 Q   0.47637 0.52186 0.00080 0.00097 ( 2)
 150 Y   0.00131 0.99089 0.00001 0.00779 ( 2)
 151 Q   0.25978 0.73841 0.00043 0.00137 ( 2)
 152 D   0.03767 0.96022 0.00007 0.00203 ( 2)
 153 L   0.00004 0.99825 0.00000 0.00171 ( 2)
 154 N   0.53685 0.45901 0.00197 0.00217 ( 1)
 155 S   0.00505 0.99226 0.00001 0.00267 ( 2)
 156 N   0.36405 0.63164 0.00132 0.00299 ( 2)
 157 R   0.00000 0.00142 0.30611 0.69247 ( 4)
 158 P   0.33458 0.66326 0.00066 0.00149 ( 2)
 159 G   0.31878 0.67788 0.00103 0.00231 ( 2)
 160 E   0.00122 0.26516 0.22536 0.50825 ( 4)
 161 I   0.00921 0.29794 0.21262 0.48023 ( 4)
 162 S   0.00036 0.90236 0.00036 0.09691 ( 2)
 163 Y   0.00004 0.99641 0.00000 0.00356 ( 2)
 164 T   0.22471 0.77102 0.00084 0.00343 ( 2)
 165 N   0.89431 0.09067 0.01340 0.00162 ( 1)
 166 P   0.06946 0.92832 0.00014 0.00209 ( 2)
 167 P   0.19598 0.80214 0.00032 0.00156 ( 2)
 168 S   0.30398 0.69350 0.00065 0.00187 ( 2)
 169 W   0.00535 0.99129 0.00002 0.00334 ( 2)
 170 G   0.00228 0.99546 0.00000 0.00225 ( 2)
 171 G   0.00088 0.96907 0.00002 0.03003 ( 2)
 172 L   0.00002 0.99828 0.00000 0.00171 ( 2)
 173 H   0.00005 0.99692 0.00000 0.00303 ( 2)
 174 I   0.01796 0.97800 0.00006 0.00399 ( 2)
 175 Y   0.84003 0.15694 0.00247 0.00056 ( 1)
 176 S   0.21661 0.78012 0.00061 0.00265 ( 2)
 177 E   0.00790 0.98916 0.00002 0.00292 ( 2)
 178 L   0.33031 0.66710 0.00080 0.00179 ( 2)
 179 P   0.00310 0.97244 0.00007 0.02439 ( 2)
 180 A   0.00186 0.99314 0.00001 0.00499 ( 2)
 181 K   0.00161 0.15202 0.10168 0.74468 ( 4)
 182 P   0.93599 0.06202 0.00185 0.00014 ( 1)
 183 T   0.89223 0.10394 0.00336 0.00046 ( 1)
 184 I   0.00748 0.92674 0.00445 0.06132 ( 2)
 185 P   0.00915 0.98890 0.00002 0.00193 ( 2)
 186 G   0.00036 0.99624 0.00000 0.00340 ( 2)
 187 I   0.00071 0.93772 0.00028 0.06129 ( 2)
 188 E   0.00006 0.99699 0.00000 0.00294 ( 2)
 189 P   0.98451 0.01351 0.00195 0.00003 ( 1)
 190 G   0.06421 0.93373 0.00012 0.00194 ( 2)
 191 R   0.01430 0.98422 0.00002 0.00146 ( 2)
 192 P   0.17150 0.82630 0.00034 0.00186 ( 2)
 193 T   0.72026 0.27112 0.00604 0.00258 ( 1)
 194 A   0.02512 0.97118 0.00008 0.00362 ( 2)
 195 N   0.35391 0.64412 0.00066 0.00131 ( 2)
 196 D   0.39751 0.40220 0.18039 0.01991 ( 2)
 197 Y   0.97277 0.02428 0.00287 0.00009 ( 1)
 198 S   0.94405 0.05381 0.00200 0.00014 ( 1)
 199 H   0.98849 0.00864 0.00284 0.00003 ( 1)
 200 R   0.95641 0.04175 0.00175 0.00009 ( 1)
 201 L   0.91557 0.05101 0.03147 0.00195 ( 1)
 202 T   0.89764 0.09817 0.00375 0.00044 ( 1)
 203 Y   0.27141 0.72522 0.00080 0.00257 ( 2)
 204 L   0.25952 0.73783 0.00066 0.00199 ( 2)
 205 T   0.63588 0.36012 0.00240 0.00160 ( 1)
 206 A   0.63637 0.36036 0.00192 0.00134 ( 1)
 207 S   0.11784 0.87883 0.00034 0.00300 ( 2)
 208 R   0.00076 0.99803 0.00000 0.00121 ( 2)
 209 A   0.00737 0.98122 0.00008 0.01134 ( 2)
 210 G   0.00009 0.99652 0.00000 0.00340 ( 2)
 211 T   0.02063 0.97472 0.00008 0.00457 ( 2)
 212 A   0.65701 0.33973 0.00199 0.00126 ( 1)
 213 -   0.01761 0.92840 0.00101 0.05298 ( 2)
 214 -   0.29046 0.65555 0.01658 0.03741 ( 2)
 215 -   0.29046 0.65555 0.01658 0.03741 ( 2)
 216 -   0.29046 0.65555 0.01658 0.03741 ( 2)
 217 -   0.29046 0.65555 0.01658 0.03741 ( 2)
 218 -   0.29046 0.65555 0.01658 0.03741 ( 2)
 219 -   0.29046 0.65555 0.01658 0.03741 ( 2)
 220 -   0.29046 0.65555 0.01658 0.03741 ( 2)
 221 -   0.29046 0.65555 0.01658 0.03741 ( 2)
 222 G   0.97254 0.02565 0.00176 0.00005 ( 1)
 223 H   0.00277 0.99527 0.00000 0.00196 ( 2)
 224 V   0.93386 0.06341 0.00252 0.00021 ( 1)
 225 L   0.63728 0.34601 0.01061 0.00610 ( 1)
 226 C   0.12169 0.86822 0.00115 0.00895 ( 2)
 227 Y   0.01805 0.77948 0.03457 0.16791 ( 2)
 228 G   0.96185 0.03215 0.00579 0.00020 ( 1)
 229 W   0.85799 0.13880 0.00275 0.00047 ( 1)
 230 T   0.96609 0.03015 0.00362 0.00013 ( 1)
 231 S   0.61902 0.37792 0.00177 0.00129 ( 1)
 232 S   0.00432 0.99181 0.00002 0.00385 ( 2)
 233 T   0.79643 0.19962 0.00301 0.00094 ( 1)


lnL = -3497.714256

