Supplemental results for CODEML (seqf: algn  treef: tree)


dN/dS (w) for site classes (K=4)

site class             0        1       2a       2b
proportion       0.64536  0.19915  0.11883  0.03667
background w     0.12003  1.00000  0.12003  1.00000
foreground w     0.12003  1.00000  1.00000  1.00000

Naive Empirical Bayes (NEB) probabilities for 4 classes
(amino acids refer to 1st sequence: BT_Cry18Aa1)

   1 N   0.79120 0.05330 0.14568 0.00981 ( 1)
   2 Q   0.79173 0.05277 0.14578 0.00972 ( 1)
   3 N   0.79120 0.05330 0.14568 0.00981 ( 1)
   4 G   0.81883 0.02567 0.15077 0.00473 ( 1)
   5 T   0.78493 0.05958 0.14453 0.01097 ( 1)
   6 M   0.83070 0.01381 0.15295 0.00254 ( 1)
   7 I   0.84565 0.00014 0.15418 0.00003 ( 1)
   8 H   0.84865 0.00000 0.15135 0.00000 ( 1)
   9 Q   0.58597 0.25918 0.10714 0.04772 ( 1)
  10 A   0.82343 0.02198 0.15054 0.00405 ( 1)
  11 P   0.84668 0.00010 0.15319 0.00002 ( 1)
  12 P   0.00000 0.84450 0.00000 0.15550 ( 2)
  13 D   0.85043 0.00015 0.14939 0.00003 ( 1)
  14 G   0.83935 0.00903 0.14996 0.00166 ( 1)
  15 T   0.84647 0.00192 0.15126 0.00035 ( 1)
  16 G   0.84739 0.00002 0.15259 0.00000 ( 1)
  17 F   0.84865 0.00002 0.15133 0.00000 ( 1)
  18 T   0.85036 0.00010 0.14952 0.00002 ( 1)
  19 V   0.63129 0.21642 0.11245 0.03985 ( 1)
  20 S   0.83425 0.01083 0.15294 0.00199 ( 1)
  21 P   0.84664 0.00015 0.15318 0.00003 ( 1)
  22 L   0.84738 0.00142 0.15094 0.00026 ( 1)
  23 H   0.84862 0.00003 0.15134 0.00001 ( 1)
  24 P   0.66511 0.18019 0.12152 0.03318 ( 1)
  25 S   0.82779 0.02251 0.14555 0.00414 ( 1)
  26 A   0.04894 0.79568 0.00887 0.14651 ( 2)
  27 -   0.67939 0.16590 0.12417 0.03055 ( 1)
  28 -   0.84917 0.00178 0.14872 0.00033 ( 1)
  29 N   0.84985 0.00111 0.14884 0.00020 ( 1)
  30 T   0.29078 0.55446 0.05267 0.10209 ( 2)
  31 I   0.06060 0.78433 0.01066 0.14442 ( 2)
  32 T   0.02466 0.81987 0.00450 0.15096 ( 2)
  33 S   0.66252 0.18503 0.11839 0.03407 ( 1)
  34 Y   0.84800 0.00066 0.15122 0.00012 ( 1)
  35 I   0.85056 0.00002 0.14941 0.00000 ( 1)
  36 K   0.77021 0.07767 0.13782 0.01430 ( 1)
  37 E   0.84837 0.00025 0.15134 0.00005 ( 1)
  38 N   0.84899 0.00013 0.15086 0.00002 ( 1)
  39 Y   0.84125 0.00738 0.15001 0.00136 ( 1)
  40 G   0.84736 0.00005 0.15258 0.00001 ( 1)
  41 N   0.85095 0.00002 0.14903 0.00000 ( 1)
  42 S   0.82262 0.02395 0.14902 0.00441 ( 1)
  43 G   0.84916 0.00000 0.15083 0.00000 ( 1)
  44 D   0.85058 0.00000 0.14941 0.00000 ( 1)
  45 S   0.84441 0.00080 0.15464 0.00015 ( 1)
  46 L   0.84236 0.00417 0.15271 0.00077 ( 1)
  47 H   0.83186 0.01670 0.14837 0.00307 ( 1)
  48 L   0.82434 0.02369 0.14761 0.00436 ( 1)
  49 K   0.69979 0.14811 0.12483 0.02727 ( 1)
  50 G   0.37351 0.47193 0.06766 0.08690 ( 2)
  51 -   0.03186 0.81270 0.00580 0.14964 ( 2)
  52 Q   0.04234 0.80226 0.00768 0.14772 ( 2)
  53 G   0.59046 0.25478 0.10785 0.04691 ( 1)
  54 Y   0.26281 0.58290 0.04696 0.10733 ( 2)
  55 L   0.84580 0.00399 0.14948 0.00073 ( 1)
  56 H   0.15730 0.68773 0.02833 0.12663 ( 2)
  57 Y   0.39884 0.00585 0.59424 0.00108 ( 3)
  58 M   0.83859 0.00696 0.15317 0.00128 ( 1)
  59 L   0.84739 0.00082 0.15164 0.00015 ( 1)
  60 S   0.54137 0.30577 0.09656 0.05630 ( 1)
  61 G   0.81418 0.03111 0.14898 0.00573 ( 1)
  62 N   0.85044 0.00052 0.14894 0.00010 ( 1)
  63 G   0.84556 0.00184 0.15226 0.00034 ( 1)
  64 Q   0.68262 0.16707 0.11955 0.03076 ( 1)
  65 D   0.78485 0.06536 0.13775 0.01204 ( 1)
  66 R   0.12587 0.71864 0.02318 0.13232 ( 2)
  67 Y   0.84009 0.00515 0.15381 0.00095 ( 1)
  68 R   0.85078 0.00019 0.14900 0.00003 ( 1)
  69 L   0.84810 0.00011 0.15177 0.00002 ( 1)
  70 V   0.84748 0.00093 0.15142 0.00017 ( 1)
  71 L   0.84571 0.00083 0.15331 0.00015 ( 1)
  72 R   0.84862 0.00002 0.15136 0.00000 ( 1)
  73 L   0.83577 0.01226 0.14971 0.00226 ( 1)
  74 S   0.84820 0.00002 0.15178 0.00000 ( 1)
  75 G   0.83744 0.00903 0.15186 0.00166 ( 1)
  76 A   0.00380 0.84072 0.00068 0.15480 ( 2)
  77 A   0.78516 0.06204 0.14138 0.01142 ( 1)
  78 N   0.83208 0.01874 0.14573 0.00345 ( 1)
  79 Q   0.03260 0.81198 0.00591 0.14951 ( 2)
  80 I   0.85039 0.00007 0.14953 0.00001 ( 1)
  81 K   0.76598 0.08400 0.13456 0.01547 ( 1)
  82 L   0.26096 0.58389 0.04763 0.10751 ( 2)
  83 Q   0.77077 0.07870 0.13603 0.01449 ( 1)
  84 S   0.77731 0.07264 0.13668 0.01337 ( 1)
  85 P   0.35744 0.48887 0.06367 0.09001 ( 2)
  86 T   0.53605 0.30968 0.09725 0.05702 ( 1)
  87 T   0.83583 0.01326 0.14846 0.00244 ( 1)
  88 S   0.34252 0.50365 0.06109 0.09274 ( 2)
  89 I   0.84695 0.00303 0.14947 0.00056 ( 1)
  90 Y   0.82118 0.02711 0.14672 0.00499 ( 1)
  91 -   0.84607 0.00436 0.14877 0.00080 ( 1)
  92 -   0.04751 0.79730 0.00839 0.14680 ( 2)
  93 -   0.00105 0.84346 0.00019 0.15530 ( 2)
  94 A   0.29790 0.54887 0.05217 0.10106 ( 2)
  95 F   0.84729 0.00269 0.14953 0.00049 ( 1)
  96 D   0.85091 0.00006 0.14902 0.00001 ( 1)
  97 T   0.84561 0.00003 0.15435 0.00001 ( 1)
  98 S   0.19474 0.65113 0.03424 0.11989 ( 2)
  99 T   0.75322 0.09475 0.13459 0.01745 ( 1)
 100 N   0.85093 0.00004 0.14903 0.00001 ( 1)
 101 N   0.84610 0.00033 0.15351 0.00006 ( 1)
 102 E   0.85021 0.00037 0.14935 0.00007 ( 1)
 103 G   0.84737 0.00003 0.15259 0.00001 ( 1)
 104 I   0.84974 0.00025 0.14997 0.00005 ( 1)
 105 T   0.02489 0.81980 0.00436 0.15095 ( 2)
 106 D   0.85057 0.00001 0.14941 0.00000 ( 1)
 107 N   0.85096 0.00001 0.14903 0.00000 ( 1)
 108 G   0.84718 0.00022 0.15255 0.00004 ( 1)
 109 S   0.84929 0.00052 0.15009 0.00010 ( 1)
 110 K   0.82653 0.02078 0.14886 0.00383 ( 1)
 111 F   0.84862 0.00005 0.15133 0.00001 ( 1)
 112 K   0.03461 0.80998 0.00628 0.14914 ( 2)
 113 D   0.85055 0.00003 0.14941 0.00001 ( 1)
 114 F   0.84960 0.00097 0.14925 0.00018 ( 1)
 115 A   0.61707 0.23212 0.10807 0.04274 ( 1)
 116 F   0.84020 0.00559 0.15318 0.00103 ( 1)
 117 S   0.37940 0.46718 0.06739 0.08602 ( 2)
 118 T   0.84904 0.00191 0.14870 0.00035 ( 1)
 119 P   0.56419 0.28317 0.10050 0.05214 ( 1)
 120 F   0.84112 0.00694 0.15066 0.00128 ( 1)
 121 V   0.81112 0.03670 0.14542 0.00676 ( 1)
 122 I   0.84856 0.00212 0.14893 0.00039 ( 1)
 123 P   0.00011 0.84439 0.00002 0.15548 ( 2)
 124 E   0.84853 0.00242 0.14861 0.00045 ( 1)
 125 Q   0.00080 0.84371 0.00014 0.15535 ( 2)
 126 K   0.59826 0.25079 0.10478 0.04618 ( 1)
 127 -   0.64536 0.19915 0.11883 0.03667 ( 1)
 128 -   0.05275 0.79198 0.00945 0.14582 ( 2)
 129 -   0.00103 0.84347 0.00019 0.15531 ( 2)
 130 -   0.84123 0.00500 0.15286 0.00092 ( 1)
 131 E   0.84052 0.00999 0.14765 0.00184 ( 1)
 132 I   0.84237 0.00641 0.15005 0.00118 ( 1)
 133 V   0.34212 0.50498 0.05992 0.09298 ( 2)
 134 L   0.58483 0.26035 0.10689 0.04794 ( 1)
 135 Y   0.00391 0.84062 0.00070 0.15478 ( 2)
 136 -   0.64536 0.19915 0.11883 0.03667 ( 1)
 137 F   0.03626 0.80833 0.00657 0.14884 ( 2)
 138 E   0.02210 0.82246 0.00401 0.15144 ( 2)
 139 G   0.00294 0.84157 0.00054 0.15496 ( 2)
 140 V   0.01100 0.83356 0.00195 0.15348 ( 2)
 141 G   0.67280 0.17641 0.11830 0.03248 ( 1)
 142 S   0.00716 0.83736 0.00130 0.15418 ( 2)
 143 L   0.84692 0.00173 0.15102 0.00032 ( 1)
 144 D   0.84757 0.00299 0.14889 0.00055 ( 1)
 145 L   0.84430 0.00091 0.15463 0.00017 ( 1)
 146 M   0.84823 0.00000 0.15177 0.00000 ( 1)
 147 N   0.85096 0.00001 0.14903 0.00000 ( 1)
 148 L   0.84358 0.00695 0.14819 0.00128 ( 1)
 149 I   0.84578 0.00243 0.15134 0.00045 ( 1)
 150 F   0.84677 0.00082 0.15226 0.00015 ( 1)
 151 L   0.63060 0.21391 0.11611 0.03939 ( 1)
 152 -   0.64536 0.19915 0.11883 0.03667 ( 1)


lnL = -3309.189412

