Supplemental results for CODEML (seqf: algn  treef: tree)


dN/dS (w) for site classes (K=4)

site class             0        1       2a       2b
proportion       0.35705  0.52634  0.04713  0.06947
background w     0.15166  1.00000  0.15166  1.00000
foreground w     0.15166  1.00000  3.60394  3.60394

Naive Empirical Bayes (NEB) probabilities for 4 classes
(amino acids refer to 1st sequence: BT_Cry1Be1)

   1 -   0.90281 0.09626 0.00038 0.00056 ( 1)
   2 S   0.00272 0.99697 0.00013 0.00019 ( 2)
   3 D   1.00000 0.00000 0.00000 0.00000 ( 1)
   4 S   0.00335 0.99665 0.00000 0.00000 ( 2)
   5 I   1.00000 0.00000 0.00000 0.00000 ( 1)
   6 T   0.94530 0.05470 0.00000 0.00000 ( 1)
   7 Q   0.99999 0.00001 0.00000 0.00000 ( 1)
   8 I   0.99999 0.00001 0.00000 0.00000 ( 1)
   9 P   0.99966 0.00034 0.00000 0.00000 ( 1)
  10 L   0.99625 0.00375 0.00000 0.00000 ( 1)
  11 V   0.99963 0.00037 0.00000 0.00000 ( 1)
  12 K   0.99998 0.00002 0.00000 0.00000 ( 1)
  13 S   0.99720 0.00280 0.00000 0.00000 ( 1)
  14 F   0.00328 0.99671 0.00000 0.00000 ( 2)
  15 N   0.00000 0.99548 0.00183 0.00269 ( 2)
  16 L   0.63279 0.36720 0.00000 0.00000 ( 1)
  17 N   0.01342 0.95136 0.01424 0.02098 ( 2)
  18 S   0.24549 0.74215 0.00500 0.00737 ( 2)
  19 -   0.35705 0.52634 0.04713 0.06947 ( 2)
  20 -   0.00975 0.98176 0.00343 0.00506 ( 2)
  21 -   0.00016 0.84819 0.06129 0.09035 ( 2)
  22 -   0.00000 0.00373 0.40268 0.59360 ( 4)
  23 -   0.58471 0.41428 0.00041 0.00060 ( 1)
  24 -   0.35705 0.52634 0.04713 0.06947 ( 2)
  25 -   0.35705 0.52634 0.04713 0.06947 ( 2)
  26 G   0.00020 0.98738 0.00502 0.00740 ( 2)
  27 T   0.01289 0.98709 0.00001 0.00001 ( 2)
  28 S   0.00000 0.05080 0.38365 0.56555 ( 4)
  29 V   0.99998 0.00002 0.00000 0.00000 ( 1)
  30 V   0.01861 0.98049 0.00036 0.00053 ( 2)
  31 S   0.00220 0.99780 0.00000 0.00000 ( 2)
  32 G   0.99989 0.00011 0.00000 0.00000 ( 1)
  33 P   0.99983 0.00017 0.00000 0.00000 ( 1)
  34 G   1.00000 0.00000 0.00000 0.00000 ( 1)
  35 F   0.00005 0.99963 0.00013 0.00019 ( 2)
  36 T   1.00000 0.00000 0.00000 0.00000 ( 1)
  37 G   0.99999 0.00001 0.00000 0.00000 ( 1)
  38 G   0.99990 0.00010 0.00000 0.00000 ( 1)
  39 D   0.99999 0.00001 0.00000 0.00000 ( 1)
  40 I   0.95626 0.04374 0.00000 0.00000 ( 1)
  41 I   0.99902 0.00098 0.00000 0.00000 ( 1)
  42 R   0.00004 0.98888 0.00448 0.00661 ( 2)
  43 T   0.99516 0.00484 0.00000 0.00000 ( 1)
  44 N   0.00000 0.95194 0.01942 0.02863 ( 2)
  45 V   0.06777 0.86922 0.02547 0.03754 ( 2)
  46 N   0.00000 0.99650 0.00141 0.00208 ( 2)
  47 G   0.00000 0.82025 0.07265 0.10710 ( 2)
  48 S   0.00000 0.98169 0.00740 0.01091 ( 2)
  49 V   0.07369 0.92630 0.00000 0.00000 ( 2)
  50 L   0.70425 0.29575 0.00000 0.00000 ( 1)
  51 S   0.00038 0.99961 0.00000 0.00000 ( 2)
  52 -   0.35705 0.52634 0.04713 0.06947 ( 2)
  53 M   0.59036 0.40964 0.00000 0.00000 ( 1)
  54 G   0.54898 0.45102 0.00000 0.00000 ( 1)
  55 L   0.64009 0.35991 0.00000 0.00000 ( 1)
  56 N   0.00001 0.99621 0.00153 0.00225 ( 2)
  57 F   0.00099 0.99901 0.00000 0.00000 ( 2)
  58 N   0.31482 0.65247 0.01322 0.01949 ( 2)
  59 -   0.20285 0.75055 0.01884 0.02777 ( 2)
  60 -   0.70523 0.29150 0.00132 0.00195 ( 1)
  61 -   0.07197 0.84805 0.03233 0.04765 ( 2)
  62 -   0.04412 0.85342 0.04141 0.06105 ( 2)
  63 -   0.08595 0.85316 0.02461 0.03628 ( 2)
  64 -   0.02915 0.87264 0.03970 0.05852 ( 2)
  65 N   0.00004 0.99992 0.00002 0.00002 ( 2)
  66 T   0.00000 0.01235 0.39919 0.58846 ( 4)
  67 S   0.00030 0.97117 0.01153 0.01700 ( 2)
  68 L   0.00378 0.99622 0.00000 0.00000 ( 2)
  69 Q   0.99910 0.00090 0.00000 0.00000 ( 1)
  70 R   0.97397 0.02603 0.00000 0.00000 ( 1)
  71 Y   0.99843 0.00157 0.00000 0.00000 ( 1)
  72 R   0.51428 0.48572 0.00000 0.00000 ( 1)
  73 V   0.99946 0.00054 0.00000 0.00000 ( 1)
  74 R   0.99999 0.00001 0.00000 0.00000 ( 1)
  75 V   0.56291 0.43709 0.00000 0.00000 ( 1)
  76 R   0.66980 0.33019 0.00000 0.00000 ( 1)
  77 Y   1.00000 0.00000 0.00000 0.00000 ( 1)
  78 A   0.45120 0.54870 0.00004 0.00006 ( 2)
  79 A   0.17362 0.82638 0.00000 0.00000 ( 2)
  80 S   0.00000 0.00206 0.40335 0.59459 ( 4)
  81 Q   0.00000 0.27548 0.29284 0.43168 ( 4)
  82 T   0.00000 0.48852 0.20673 0.30475 ( 2)
  83 M   0.06325 0.93675 0.00000 0.00000 ( 2)
  84 V   0.00000 0.00233 0.40324 0.59443 ( 4)
  85 L   0.00000 0.98456 0.00624 0.00920 ( 2)
  86 R   0.00000 0.00557 0.40193 0.59250 ( 4)
  87 V   0.15796 0.84204 0.00000 0.00000 ( 2)
  88 T   0.00000 0.98472 0.00618 0.00910 ( 2)
  89 V   0.01594 0.98406 0.00000 0.00000 ( 2)
  90 -   0.35705 0.52634 0.04713 0.06947 ( 2)
  91 -   0.02322 0.97483 0.00079 0.00116 ( 2)
  92 -   0.00071 0.86673 0.05358 0.07898 ( 2)
  93 -   0.00048 0.86886 0.05281 0.07785 ( 2)
  94 G   0.02301 0.97696 0.00001 0.00001 ( 2)
  95 G   0.01106 0.98889 0.00002 0.00003 ( 2)
  96 S   0.00000 0.13903 0.34799 0.51298 ( 4)
  97 T   0.00000 0.01465 0.39826 0.58709 ( 4)
  98 -   0.35705 0.52634 0.04713 0.06947 ( 2)
  99 T   0.00014 0.99975 0.00005 0.00007 ( 2)
 100 F   0.00000 0.00012 0.40413 0.59574 ( 4)
 101 D   0.00000 0.44050 0.22614 0.33336 ( 2)
 102 Q   0.00022 0.99971 0.00003 0.00004 ( 2)
 103 G   0.00000 0.00057 0.40395 0.59548 ( 4)
 104 F   0.00000 0.00434 0.40243 0.59323 ( 4)
 105 P   0.00000 0.98155 0.00745 0.01099 ( 2)
 106 S   0.00000 0.02746 0.39308 0.57945 ( 4)
 107 T   0.00643 0.98216 0.00461 0.00680 ( 2)
 108 M   0.00000 0.99944 0.00023 0.00033 ( 2)
 109 S   0.00000 0.14869 0.34409 0.50722 ( 4)
 110 A   0.00124 0.92784 0.02867 0.04226 ( 2)
 111 N   0.04431 0.95329 0.00097 0.00143 ( 2)
 112 -   0.12838 0.72437 0.05951 0.08773 ( 2)
 113 -   0.52715 0.44809 0.01001 0.01476 ( 1)
 114 -   0.49203 0.47297 0.01415 0.02086 ( 1)
 115 -   0.49203 0.47297 0.01415 0.02086 ( 1)
 116 -   0.59822 0.38389 0.00723 0.01066 ( 1)
 117 E   0.00213 0.93166 0.02676 0.03944 ( 2)
 118 S   0.01057 0.98303 0.00259 0.00381 ( 2)
 119 L   0.15211 0.84693 0.00039 0.00057 ( 2)
 120 T   0.98987 0.01012 0.00000 0.00001 ( 1)
 121 S   0.01142 0.98845 0.00005 0.00008 ( 2)
 122 Q   0.00000 0.99810 0.00077 0.00113 ( 2)
 123 S   0.00033 0.99924 0.00018 0.00026 ( 2)
 124 F   0.99999 0.00001 0.00000 0.00000 ( 1)
 125 R   0.00000 0.97202 0.01131 0.01667 ( 2)
 126 F   0.99997 0.00003 0.00000 0.00000 ( 1)
 127 A   0.06910 0.90652 0.00986 0.01453 ( 2)
 128 -   0.51706 0.45664 0.01063 0.01567 ( 1)
 129 -   0.47099 0.48937 0.01602 0.02362 ( 2)
 130 -   0.01046 0.47547 0.20778 0.30629 ( 2)
 131 -   0.51706 0.45664 0.01063 0.01567 ( 1)
 132 -   0.10140 0.69043 0.08414 0.12403 ( 2)
 133 E   0.22735 0.75737 0.00617 0.00910 ( 2)
 134 F   0.00654 0.99200 0.00059 0.00087 ( 2)
 135 P   0.00028 0.99900 0.00029 0.00043 ( 2)
 136 V   0.19004 0.80994 0.00001 0.00001 ( 2)
 137 G   0.00397 0.99602 0.00000 0.00001 ( 2)
 138 I   0.87139 0.12861 0.00000 0.00000 ( 1)
 139 S   0.59160 0.40840 0.00000 0.00000 ( 1)
 140 A   0.00299 0.99698 0.00001 0.00002 ( 2)
 141 S   0.00885 0.99115 0.00000 0.00000 ( 2)
 142 G   0.00016 0.99983 0.00000 0.00000 ( 2)
 143 S   0.00067 0.99923 0.00004 0.00006 ( 2)
 144 Q   0.00000 0.99141 0.00347 0.00512 ( 2)
 145 T   0.00003 0.99996 0.00001 0.00001 ( 2)
 146 A   0.99883 0.00117 0.00000 0.00000 ( 1)
 147 G   0.00457 0.99542 0.00000 0.00000 ( 2)
 148 I   0.93310 0.06690 0.00000 0.00000 ( 1)
 149 S   0.95952 0.04048 0.00000 0.00000 ( 1)
 150 I   0.99978 0.00022 0.00000 0.00000 ( 1)
 151 S   0.00000 0.99993 0.00002 0.00004 ( 2)
 152 N   0.99263 0.00737 0.00000 0.00000 ( 1)
 153 N   0.00006 0.99952 0.00017 0.00025 ( 2)
 154 A   0.00000 0.95824 0.01688 0.02488 ( 2)
 155 G   0.07902 0.92062 0.00015 0.00021 ( 2)
 156 R   0.02216 0.94601 0.01287 0.01897 ( 2)
 157 Q   0.00000 0.05613 0.38149 0.56237 ( 4)
 158 T   0.00000 0.22676 0.31253 0.46071 ( 4)
 159 F   0.60990 0.39010 0.00000 0.00000 ( 1)
 160 H   0.00023 0.94811 0.02088 0.03078 ( 2)
 161 F   0.64786 0.35213 0.00000 0.00000 ( 1)
 162 D   0.99984 0.00016 0.00000 0.00000 ( 1)
 163 K   0.99991 0.00009 0.00000 0.00000 ( 1)
 164 I   0.99647 0.00353 0.00000 0.00000 ( 1)
 165 E   0.99999 0.00001 0.00000 0.00000 ( 1)
 166 F   0.99863 0.00137 0.00000 0.00000 ( 1)
 167 I   0.97755 0.02245 0.00000 0.00000 ( 1)
 168 -   0.53349 0.44208 0.00987 0.01456 ( 1)


lnL = -6466.495100

Bayes Empirical Bayes (BEB) probabilities for 4 classes (class)
(amino acids refer to 1st sequence: BT_Cry1Be1)

   1 -   0.90149 0.09739 0.00045 0.00067 ( 1)
   2 S   0.00257 0.99698 0.00019 0.00027 ( 2)
   3 D   1.00000 0.00000 0.00000 0.00000 ( 1)
   4 S   0.00312 0.99687 0.00000 0.00000 ( 2)
   5 I   1.00000 0.00000 0.00000 0.00000 ( 1)
   6 T   0.94362 0.05637 0.00000 0.00000 ( 1)
   7 Q   0.99999 0.00001 0.00000 0.00000 ( 1)
   8 I   0.99999 0.00001 0.00000 0.00000 ( 1)
   9 P   0.99966 0.00034 0.00000 0.00000 ( 1)
  10 L   0.99618 0.00382 0.00000 0.00000 ( 1)
  11 V   0.99963 0.00037 0.00000 0.00000 ( 1)
  12 K   0.99998 0.00002 0.00000 0.00000 ( 1)
  13 S   0.99710 0.00290 0.00000 0.00000 ( 1)
  14 F   0.00307 0.99693 0.00000 0.00000 ( 2)
  15 N   0.00000 0.99385 0.00252 0.00364 ( 2)
  16 L   0.62158 0.37840 0.00000 0.00001 ( 1)
  17 N   0.01296 0.94430 0.01745 0.02529 ( 2)
  18 S   0.24054 0.74425 0.00618 0.00902 ( 2)
  19 -   0.34944 0.51783 0.05369 0.07904 ( 2)
  20 -   0.00946 0.97944 0.00454 0.00657 ( 2)
  21 -   0.00015 0.82530 0.07111 0.10344 ( 2)
  22 -   0.00000 0.00367 0.40166 0.59467 ( 4)
  23 -   0.58077 0.41793 0.00052 0.00077 ( 1)
  24 -   0.34944 0.51783 0.05369 0.07904 ( 2)
  25 -   0.34944 0.51783 0.05369 0.07904 ( 2)
  26 G   0.00019 0.98404 0.00644 0.00932 ( 2)
  27 T   0.01218 0.98779 0.00001 0.00002 ( 2)
  28 S   0.00000 0.05062 0.38297 0.56641 ( 4)
  29 V   0.99998 0.00002 0.00000 0.00000 ( 1)
  30 V   0.01780 0.98103 0.00048 0.00069 ( 2)
  31 S   0.00205 0.99795 0.00000 0.00000 ( 2)
  32 G   0.99989 0.00011 0.00000 0.00000 ( 1)
  33 P   0.99983 0.00017 0.00000 0.00000 ( 1)
  34 G   1.00000 0.00000 0.00000 0.00000 ( 1)
  35 F   0.00005 0.99947 0.00020 0.00028 ( 2)
  36 T   1.00000 0.00000 0.00000 0.00000 ( 1)
  37 G   0.99999 0.00001 0.00000 0.00000 ( 1)
  38 G   0.99990 0.00010 0.00000 0.00000 ( 1)
  39 D   0.99999 0.00001 0.00000 0.00000 ( 1)
  40 I   0.95460 0.04540 0.00000 0.00000 ( 1)
  41 I   0.99900 0.00100 0.00000 0.00000 ( 1)
  42 R   0.00003 0.98506 0.00610 0.00881 ( 2)
  43 T   0.99503 0.00497 0.00000 0.00000 ( 1)
  44 N   0.00000 0.93838 0.02517 0.03645 ( 2)
  45 V   0.06547 0.86085 0.03001 0.04367 ( 2)
  46 N   0.00000 0.99495 0.00207 0.00298 ( 2)
  47 G   0.00000 0.78984 0.08562 0.12454 ( 2)
  48 S   0.00000 0.97647 0.00961 0.01391 ( 2)
  49 V   0.07067 0.92933 0.00000 0.00000 ( 2)
  50 L   0.69638 0.30362 0.00000 0.00000 ( 1)
  51 S   0.00035 0.99963 0.00000 0.00001 ( 2)
  52 -   0.34944 0.51783 0.05369 0.07904 ( 2)
  53 M   0.57846 0.42154 0.00000 0.00000 ( 1)
  54 G   0.53814 0.46186 0.00000 0.00000 ( 1)
  55 L   0.63073 0.36927 0.00000 0.00000 ( 1)
  56 N   0.00001 0.99493 0.00207 0.00299 ( 2)
  57 F   0.00092 0.99907 0.00000 0.00001 ( 2)
  58 N   0.30768 0.65347 0.01576 0.02309 ( 2)
  59 -   0.19823 0.74685 0.02232 0.03260 ( 2)
  60 -   0.70180 0.29418 0.00162 0.00240 ( 1)
  61 -   0.06984 0.83678 0.03802 0.05536 ( 2)
  62 -   0.04274 0.83834 0.04844 0.07049 ( 2)
  63 -   0.08373 0.84461 0.02918 0.04248 ( 2)
  64 -   0.02797 0.85803 0.04645 0.06755 ( 2)
  65 N   0.00004 0.99989 0.00003 0.00004 ( 2)
  66 T   0.00000 0.01192 0.39838 0.58970 ( 4)
  67 S   0.00028 0.96342 0.01483 0.02147 ( 2)
  68 L   0.00357 0.99642 0.00000 0.00001 ( 2)
  69 Q   0.99908 0.00092 0.00000 0.00000 ( 1)
  70 R   0.97264 0.02736 0.00000 0.00000 ( 1)
  71 Y   0.99841 0.00159 0.00000 0.00000 ( 1)
  72 R   0.50216 0.49784 0.00000 0.00000 ( 1)
  73 V   0.99945 0.00055 0.00000 0.00000 ( 1)
  74 R   0.99999 0.00001 0.00000 0.00000 ( 1)
  75 V   0.55024 0.44976 0.00000 0.00000 ( 1)
  76 R   0.66444 0.33555 0.00000 0.00001 ( 1)
  77 Y   1.00000 0.00000 0.00000 0.00000 ( 1)
  78 A   0.43991 0.55995 0.00006 0.00008 ( 2)
  79 A   0.16640 0.83360 0.00000 0.00000 ( 2)
  80 S   0.00000 0.00200 0.40233 0.59567 ( 4)
  81 Q   0.00000 0.25966 0.29943 0.44091 ( 4)
  82 T   0.00000 0.45814 0.21973 0.32213 ( 2)
  83 M   0.06054 0.93946 0.00000 0.00000 ( 2)
  84 V   0.00000 0.00225 0.40223 0.59552 ( 4)
  85 L   0.00000 0.97980 0.00826 0.01194 ( 2)
  86 R   0.00000 0.00534 0.40100 0.59366 ( 4)
  87 V   0.15214 0.84786 0.00000 0.00000 ( 2)
  88 T   0.00000 0.97875 0.00869 0.01256 ( 2)
  89 V   0.01504 0.98496 0.00000 0.00000 ( 2)
  90 -   0.34944 0.51783 0.05369 0.07904 ( 2)
  91 -   0.02271 0.97449 0.00115 0.00166 ( 2)
  92 -   0.00066 0.84587 0.06255 0.09092 ( 2)
  93 -   0.00044 0.84738 0.06203 0.09015 ( 2)
  94 G   0.02190 0.97806 0.00002 0.00002 ( 2)
  95 G   0.01048 0.98944 0.00003 0.00005 ( 2)
  96 S   0.00000 0.13161 0.35062 0.51776 ( 4)
  97 T   0.00000 0.01403 0.39754 0.58843 ( 4)
  98 -   0.34944 0.51783 0.05369 0.07904 ( 2)
  99 T   0.00013 0.99970 0.00007 0.00010 ( 2)
 100 F   0.00000 0.00012 0.40308 0.59680 ( 4)
 101 D   0.00000 0.41370 0.23762 0.34868 ( 2)
 102 Q   0.00021 0.99968 0.00005 0.00007 ( 2)
 103 G   0.00000 0.00055 0.40291 0.59654 ( 4)
 104 F   0.00000 0.00419 0.40146 0.59435 ( 4)
 105 P   0.00000 0.97688 0.00945 0.01367 ( 2)
 106 S   0.00000 0.02652 0.39256 0.58092 ( 4)
 107 T   0.00612 0.97937 0.00593 0.00858 ( 2)
 108 M   0.00000 0.99918 0.00033 0.00048 ( 2)
 109 S   0.00000 0.14165 0.34662 0.51174 ( 4)
 110 A   0.00116 0.91419 0.03454 0.05011 ( 2)
 111 N   0.04277 0.95410 0.00128 0.00185 ( 2)
 112 -   0.12443 0.70812 0.06802 0.09943 ( 2)
 113 -   0.52287 0.44785 0.01183 0.01745 ( 1)
 114 -   0.48725 0.47166 0.01660 0.02449 ( 1)
 115 -   0.48725 0.47166 0.01660 0.02449 ( 1)
 116 -   0.59297 0.38572 0.00860 0.01272 ( 1)
 117 E   0.00200 0.92050 0.03161 0.04589 ( 2)
 118 S   0.01007 0.98208 0.00320 0.00464 ( 2)
 119 L   0.14930 0.84945 0.00051 0.00074 ( 2)
 120 T   0.98967 0.01032 0.00001 0.00001 ( 1)
 121 S   0.01076 0.98906 0.00007 0.00011 ( 2)
 122 Q   0.00000 0.99739 0.00107 0.00154 ( 2)
 123 S   0.00031 0.99908 0.00025 0.00036 ( 2)
 124 F   0.99999 0.00001 0.00000 0.00000 ( 1)
 125 R   0.00000 0.96415 0.01465 0.02120 ( 2)
 126 F   0.99997 0.00003 0.00000 0.00000 ( 1)
 127 A   0.06730 0.90300 0.01211 0.01759 ( 2)
 128 -   0.51274 0.45620 0.01255 0.01852 ( 1)
 129 -   0.46608 0.48748 0.01877 0.02767 ( 2)
 130 -   0.00963 0.44822 0.21964 0.32250 ( 2)
 131 -   0.51274 0.45620 0.01255 0.01852 ( 1)
 132 -   0.09743 0.66965 0.09458 0.13834 ( 2)
 133 E   0.22337 0.75809 0.00753 0.01100 ( 2)
 134 F   0.00623 0.99179 0.00081 0.00117 ( 2)
 135 P   0.00026 0.99870 0.00043 0.00061 ( 2)
 136 V   0.18473 0.81523 0.00002 0.00002 ( 2)
 137 G   0.00376 0.99622 0.00001 0.00001 ( 2)
 138 I   0.86544 0.13456 0.00000 0.00000 ( 1)
 139 S   0.58006 0.41994 0.00000 0.00000 ( 1)
 140 A   0.00281 0.99714 0.00002 0.00003 ( 2)
 141 S   0.00834 0.99166 0.00000 0.00000 ( 2)
 142 G   0.00015 0.99984 0.00000 0.00001 ( 2)
 143 S   0.00062 0.99920 0.00007 0.00010 ( 2)
 144 Q   0.00000 0.98803 0.00489 0.00707 ( 2)
 145 T   0.00003 0.99995 0.00001 0.00001 ( 2)
 146 A   0.99880 0.00120 0.00000 0.00000 ( 1)
 147 G   0.00427 0.99572 0.00000 0.00001 ( 2)
 148 I   0.93026 0.06974 0.00000 0.00000 ( 1)
 149 S   0.95767 0.04233 0.00000 0.00000 ( 1)
 150 I   0.99978 0.00022 0.00000 0.00000 ( 1)
 151 S   0.00000 0.99987 0.00005 0.00007 ( 2)
 152 N   0.99230 0.00770 0.00000 0.00000 ( 1)
 153 N   0.00006 0.99926 0.00028 0.00040 ( 2)
 154 A   0.00000 0.94567 0.02220 0.03213 ( 2)
 155 G   0.07537 0.92415 0.00020 0.00028 ( 2)
 156 R   0.02137 0.94014 0.01571 0.02278 ( 2)
 157 Q   0.00000 0.05389 0.38165 0.56446 ( 4)
 158 T   0.00000 0.21274 0.31818 0.46908 ( 4)
 159 F   0.59839 0.40161 0.00000 0.00000 ( 1)
 160 H   0.00021 0.93644 0.02586 0.03748 ( 2)
 161 F   0.63729 0.36271 0.00000 0.00000 ( 1)
 162 D   0.99983 0.00017 0.00000 0.00000 ( 1)
 163 K   0.99990 0.00010 0.00000 0.00000 ( 1)
 164 I   0.99636 0.00364 0.00000 0.00000 ( 1)
 165 E   0.99999 0.00001 0.00000 0.00000 ( 1)
 166 F   0.99859 0.00141 0.00000 0.00000 ( 1)
 167 I   0.97708 0.02292 0.00000 0.00000 ( 1)
 168 -   0.52920 0.44193 0.01166 0.01721 ( 1)

