Supplemental results for CODEML (seqf: algn  treef: tree)


dN/dS (w) for site classes (K=4)

site class             0        1       2a       2b
proportion       0.52858  0.35205  0.07165  0.04772
background w     0.11330  0.58486  0.11330  0.58486
foreground w     0.11330  0.58486 999.00000 999.00000

Naive Empirical Bayes (NEB) probabilities for 4 classes
(amino acids refer to 1st sequence: BT_Cry19Aa1)

   1 E   0.00012 0.54172 0.00313 0.45503 ( 2)
   2 V   0.99026 0.00150 0.00821 0.00002 ( 1)
   3 K   0.96645 0.02214 0.01099 0.00042 ( 1)
   4 T   0.22017 0.73520 0.01022 0.03441 ( 2)
   5 E   0.99088 0.00009 0.00903 0.00000 ( 1)
   6 L   0.97415 0.00133 0.02449 0.00003 ( 1)
   7 T   0.98766 0.00006 0.01228 0.00000 ( 1)
   8 R   0.96628 0.00002 0.03370 0.00000 ( 1)
   9 E   0.98894 0.00203 0.00900 0.00003 ( 1)
  10 I   0.98904 0.00001 0.01096 0.00000 ( 1)
  11 Y   0.98814 0.00076 0.01109 0.00001 ( 1)
  12 S   0.94749 0.00338 0.04895 0.00018 ( 1)
  13 D   0.99099 0.00000 0.00901 0.00000 ( 1)
  14 V   0.95402 0.00464 0.04115 0.00020 ( 1)
  15 I   0.98692 0.00197 0.01106 0.00005 ( 1)
  16 N   0.98665 0.00004 0.01331 0.00000 ( 1)
  17 G   0.02015 0.95344 0.00047 0.02594 ( 2)
  18 E   0.07425 0.89883 0.00072 0.02620 ( 2)
  19 I   0.19315 0.77894 0.00570 0.02221 ( 2)
  20 Y   0.28471 0.68708 0.00726 0.02095 ( 2)
  21 G   0.73771 0.25129 0.00805 0.00295 ( 1)
  22 L   0.00861 0.95170 0.00033 0.03936 ( 2)
  23 M   0.01564 0.96076 0.00028 0.02332 ( 2)
  24 -   0.77774 0.10288 0.10543 0.01395 ( 1)
  25 -   0.79643 0.08420 0.10796 0.01141 ( 1)
  26 -   0.82782 0.05281 0.11221 0.00716 ( 1)
  27 -   0.52078 0.35985 0.07059 0.04878 ( 1)
  28 -   0.25791 0.62272 0.03496 0.08441 ( 2)
  29 -   0.85417 0.02646 0.11578 0.00359 ( 1)
  30 -   0.33254 0.54809 0.04508 0.07429 ( 2)
  31 T   0.15324 0.72738 0.02077 0.09860 ( 2)
  32 P   0.48506 0.46600 0.02489 0.02405 ( 1)
  33 Y   0.04295 0.92900 0.00088 0.02717 ( 2)
  34 F   0.00009 0.95299 0.00000 0.04692 ( 2)
  35 S   0.02043 0.93290 0.00045 0.04622 ( 2)
  36 F   0.95567 0.02728 0.01621 0.00084 ( 1)
  37 E   0.00017 0.96084 0.00000 0.03898 ( 2)
  38 K   0.00617 0.97944 0.00007 0.01433 ( 2)
  39 A   0.89551 0.08798 0.01471 0.00180 ( 1)
  40 E   0.99097 0.00001 0.00903 0.00000 ( 1)
  41 S   0.91768 0.07273 0.00853 0.00106 ( 1)
  42 L   0.88546 0.10846 0.00500 0.00108 ( 1)
  43 Y   0.98435 0.00430 0.01126 0.00009 ( 1)
  44 T   0.98339 0.00270 0.01385 0.00006 ( 1)
  45 R   0.91248 0.05559 0.03009 0.00184 ( 1)
  46 A   0.00655 0.98095 0.00008 0.01243 ( 2)
  47 P   0.99429 0.00004 0.00567 0.00000 ( 1)
  48 H   0.87852 0.11551 0.00489 0.00108 ( 1)
  49 L   0.93550 0.01522 0.04846 0.00081 ( 1)
  50 F   0.97374 0.00217 0.02404 0.00005 ( 1)
  51 T   0.98629 0.00217 0.01148 0.00006 ( 1)
  52 W   0.96409 0.00331 0.03248 0.00011 ( 1)
  53 L   0.97838 0.00675 0.01476 0.00011 ( 1)
  54 K   0.77392 0.19407 0.02557 0.00644 ( 1)
  55 G   0.65633 0.30534 0.02611 0.01222 ( 1)
  56 F   0.83409 0.00622 0.15909 0.00061 ( 1)
  57 R   0.02717 0.93238 0.00087 0.03959 ( 2)
  58 F   0.99164 0.00002 0.00834 0.00000 ( 1)
  59 V   0.25523 0.73161 0.00289 0.01027 ( 2)
  60 T   0.90273 0.05799 0.03685 0.00243 ( 1)
  61 N   0.98289 0.00345 0.01354 0.00012 ( 1)
  62 S   0.00000 0.07976 0.00012 0.92012 ( 4)
  63 I   0.89319 0.04676 0.05702 0.00303 ( 1)
  64 S   0.00664 0.94749 0.00011 0.04577 ( 2)
  65 -   0.00308 0.96221 0.00012 0.03460 ( 2)
  66 -   0.93839 0.05464 0.00637 0.00060 ( 1)
  67 -   0.01579 0.89332 0.00509 0.08580 ( 2)
  68 -   0.07039 0.54029 0.22968 0.15964 ( 2)
  69 -   0.08722 0.60258 0.18540 0.12481 ( 2)
  70 -   0.00216 0.91240 0.00015 0.08529 ( 2)
  71 Y   0.00026 0.94792 0.00001 0.05181 ( 2)
  72 W   0.03676 0.93056 0.00124 0.03144 ( 2)
  73 T   0.00144 0.01812 0.89751 0.08293 ( 3)
  74 F   0.93493 0.05327 0.01019 0.00162 ( 1)
  75 L   0.98222 0.00293 0.01480 0.00005 ( 1)
  76 S   0.95749 0.02295 0.01853 0.00104 ( 1)
  77 G   0.95443 0.00047 0.04508 0.00002 ( 1)
  78 G   0.00032 0.91189 0.00008 0.08772 ( 2)
  79 Q   0.01579 0.95728 0.00042 0.02651 ( 2)
  80 N   0.97698 0.00077 0.02221 0.00004 ( 1)
  81 K   0.57782 0.40004 0.01060 0.01154 ( 1)
  82 Y   0.93356 0.02885 0.03550 0.00210 ( 1)
  83 S   0.66627 0.31157 0.01260 0.00956 ( 1)
  84 Y   0.03704 0.90024 0.00168 0.06104 ( 2)
  85 T   0.92156 0.00359 0.07443 0.00042 ( 1)
  86 N   0.00058 0.96752 0.00001 0.03188 ( 2)
  87 N   0.00006 0.94991 0.00000 0.05003 ( 2)
  88 -   0.52858 0.35205 0.07165 0.04772 ( 1)
  89 S   0.00247 0.93410 0.00010 0.06334 ( 2)
  90 S   0.00021 0.89028 0.00015 0.10937 ( 2)
  91 I   0.47744 0.17642 0.30979 0.03635 ( 1)
  92 N   0.00017 0.74201 0.00046 0.25737 ( 2)
  93 E   0.00010 0.28109 0.21348 0.50534 ( 4)
  94 G   0.85475 0.12150 0.01904 0.00471 ( 1)
  95 S   0.95934 0.03109 0.00913 0.00044 ( 1)
  96 F   0.96115 0.02965 0.00871 0.00048 ( 1)
  97 R   0.00000 0.13992 0.00000 0.86008 ( 4)
  98 G   0.94276 0.01187 0.04397 0.00141 ( 1)
  99 Q   0.00476 0.84513 0.00254 0.14757 ( 2)
 100 D   0.16220 0.67825 0.04302 0.11653 ( 2)
 101 T   0.08590 0.21758 0.58936 0.10716 ( 3)
 102 D   0.00600 0.81425 0.03182 0.14794 ( 2)
 103 Y   0.57036 0.01489 0.41176 0.00299 ( 1)
 104 G   0.98854 0.00099 0.01044 0.00003 ( 1)
 105 G   0.42506 0.56133 0.00510 0.00851 ( 2)
 106 T   0.38078 0.20048 0.38161 0.03713 ( 3)
 107 S   0.04569 0.77670 0.03553 0.14207 ( 2)
 108 S   0.96585 0.01346 0.02025 0.00044 ( 1)
 109 T   0.00470 0.92501 0.00063 0.06965 ( 2)
 110 I   0.29241 0.65998 0.00742 0.04019 ( 2)
 111 N   0.00129 0.39725 0.15372 0.44775 ( 4)
 112 I   0.85613 0.11090 0.02477 0.00819 ( 1)
 113 P   0.00034 0.28614 0.06308 0.65044 ( 4)
 114 S   0.00001 0.96091 0.00000 0.03908 ( 2)
 115 N   0.00000 0.90132 0.00000 0.09868 ( 2)
 116 S   0.00010 0.94379 0.00001 0.05611 ( 2)
 117 Y   0.03031 0.87487 0.00217 0.09264 ( 2)
 118 V   0.17468 0.71946 0.02334 0.08252 ( 2)
 119 Y   0.96956 0.00044 0.02998 0.00002 ( 1)
 120 N   0.90589 0.03701 0.05443 0.00267 ( 1)
 121 L   0.95252 0.00547 0.04177 0.00025 ( 1)
 122 W   0.55055 0.41390 0.01633 0.01922 ( 1)
 123 T   0.02526 0.72510 0.05651 0.19313 ( 2)
 124 E   0.98524 0.00150 0.01323 0.00003 ( 1)
 125 N   0.08716 0.00320 0.90865 0.00099 ( 3)
 126 Y   0.91883 0.05844 0.02025 0.00248 ( 1)
 127 E   0.92749 0.04649 0.02404 0.00198 ( 1)
 128 Y   0.00001 0.83010 0.00001 0.16987 ( 2)
 129 I   0.63959 0.31390 0.02268 0.02383 ( 1)
 130 Y   0.31337 0.54395 0.08285 0.05983 ( 2)
 131 P   0.95161 0.04142 0.00662 0.00035 ( 1)
 132 W   0.00158 0.96187 0.00006 0.03649 ( 2)
 133 G   0.00003 0.45640 0.00227 0.54130 ( 4)
 134 D   0.28483 0.66286 0.01295 0.03936 ( 2)
 135 P   0.08187 0.57249 0.14763 0.19801 ( 2)
 136 V   0.00697 0.48713 0.13165 0.37425 ( 2)
 137 N   0.95832 0.00772 0.03359 0.00037 ( 1)
 138 -   0.57372 0.30691 0.07777 0.04160 ( 1)
 139 -   0.74787 0.13276 0.10138 0.01800 ( 1)
 140 -   0.12067 0.75996 0.01636 0.10301 ( 2)
 141 -   0.50947 0.37116 0.06906 0.05031 ( 1)
 142 -   0.05663 0.82400 0.00768 0.11170 ( 2)
 143 -   0.79643 0.08420 0.10796 0.01141 ( 1)
 144 -   0.16575 0.71488 0.02247 0.09690 ( 2)
 145 -   0.43585 0.44478 0.05908 0.06029 ( 2)
 146 -   0.84868 0.03195 0.11504 0.00433 ( 1)
 147 I   0.96923 0.00182 0.02882 0.00013 ( 1)
 148 T   0.00004 0.71243 0.00035 0.28718 ( 2)
 149 K   0.19744 0.48318 0.20661 0.11276 ( 2)
 150 M   0.52635 0.43204 0.01488 0.02672 ( 1)
 151 N   0.07489 0.03684 0.86923 0.01904 ( 3)
 152 F   0.97023 0.00021 0.02956 0.00001 ( 1)
 153 S   0.00838 0.69087 0.01003 0.29073 ( 2)
 154 V   0.09843 0.66781 0.08384 0.14992 ( 2)
 155 T   0.92906 0.03286 0.03661 0.00147 ( 1)
 156 D   0.21309 0.74601 0.00504 0.03585 ( 2)
 157 N   0.98416 0.00270 0.01305 0.00010 ( 1)
 158 -   0.52858 0.35205 0.07165 0.04772 ( 1)
 159 N   0.98588 0.00004 0.01409 0.00000 ( 1)
 160 S   0.00000 0.79890 0.00000 0.20110 ( 2)
 161 S   0.58697 0.05623 0.34738 0.00942 ( 1)
 162 K   0.00000 0.72130 0.00001 0.27868 ( 2)
 163 E   0.03438 0.04208 0.89483 0.02871 ( 3)
 164 L   0.00007 0.95355 0.00000 0.04637 ( 2)
 165 I   0.00249 0.89126 0.00113 0.10512 ( 2)
 166 Y   0.98892 0.00002 0.01106 0.00000 ( 1)
 167 G   0.94983 0.01513 0.03453 0.00051 ( 1)
 168 -   0.35996 0.49885 0.08710 0.05409 ( 2)
 169 -   0.28751 0.55329 0.09765 0.06156 ( 2)
 170 A   0.01264 0.78252 0.06632 0.13852 ( 2)
 171 H   0.00002 0.42765 0.00470 0.56763 ( 4)
 172 R   0.00045 0.70608 0.00184 0.29164 ( 2)
 173 T   0.03677 0.75842 0.03474 0.17008 ( 2)
 174 N   0.98594 0.00086 0.01317 0.00003 ( 1)
 175 K   0.02262 0.94774 0.00065 0.02898 ( 2)
 176 P   0.99401 0.00032 0.00567 0.00000 ( 1)
 177 V   0.42554 0.03017 0.54191 0.00239 ( 3)
 178 V   0.97482 0.01692 0.00801 0.00025 ( 1)
 179 R   0.51898 0.46293 0.00654 0.01155 ( 1)
 180 T   0.34393 0.63769 0.00494 0.01344 ( 2)
 181 D   0.51016 0.47436 0.00477 0.01071 ( 1)
 182 F   0.79189 0.19835 0.00670 0.00306 ( 1)
 183 D   0.79732 0.19107 0.00738 0.00423 ( 1)
 184 F   0.99125 0.00039 0.00835 0.00001 ( 1)
 185 -   0.52972 0.35091 0.07180 0.04757 ( 1)
 186 L   0.07773 0.03040 0.88335 0.00852 ( 3)
 187 T   0.08638 0.86531 0.00386 0.04445 ( 2)
 188 N   0.89562 0.08872 0.01262 0.00305 ( 1)
 189 K   0.98151 0.00719 0.01117 0.00014 ( 1)
 190 -   0.80849 0.07214 0.10959 0.00978 ( 1)
 191 -   0.75107 0.12956 0.10181 0.01756 ( 1)
 192 -   0.84156 0.03907 0.11407 0.00530 ( 1)
 193 E   0.75265 0.23737 0.00691 0.00307 ( 1)
 194 G   0.00968 0.40963 0.21338 0.36731 ( 2)
 195 T   0.76417 0.22091 0.00907 0.00585 ( 1)
 196 E   0.02931 0.92718 0.00133 0.04218 ( 2)
 197 L   0.00541 0.94275 0.00028 0.05155 ( 2)
 198 A   0.98472 0.00362 0.01161 0.00004 ( 1)
 199 K   0.97385 0.01212 0.01377 0.00026 ( 1)
 200 Y   0.94275 0.01477 0.04182 0.00066 ( 1)
 201 N   0.98635 0.00051 0.01312 0.00002 ( 1)
 202 D   0.98282 0.00036 0.01682 0.00001 ( 1)
 203 -   0.56379 0.31684 0.07642 0.04295 ( 1)
 204 -   0.79780 0.08283 0.10814 0.01123 ( 1)
 205 -   0.84984 0.03079 0.11520 0.00417 ( 1)
 206 Y   0.98880 0.00002 0.01118 0.00000 ( 1)
 207 N   0.77357 0.00466 0.22149 0.00028 ( 1)
 208 H   0.99442 0.00000 0.00558 0.00000 ( 1)
 209 I   0.98826 0.00074 0.01098 0.00002 ( 1)
 210 L   0.97522 0.00020 0.02457 0.00001 ( 1)
 211 S   0.97769 0.00082 0.02147 0.00002 ( 1)
 212 Y   0.05218 0.01309 0.92845 0.00628 ( 3)
 213 M   0.81253 0.17852 0.00688 0.00206 ( 1)
 214 L   0.91255 0.06259 0.02324 0.00161 ( 1)
 215 I   0.42656 0.53894 0.01552 0.01898 ( 2)
 216 N   0.95450 0.02498 0.01979 0.00074 ( 1)
 217 -   0.14196 0.82269 0.00258 0.03276 ( 2)
 218 -   0.84362 0.14040 0.00987 0.00611 ( 1)
 219 -   0.00318 0.96205 0.00012 0.03466 ( 2)
 220 G   0.04504 0.82326 0.00486 0.12683 ( 2)
 221 E   0.10778 0.85928 0.00389 0.02905 ( 2)
 222 T   0.85239 0.11379 0.02974 0.00408 ( 1)
 223 -   0.52858 0.35205 0.07165 0.04772 ( 1)
 224 -   0.52858 0.35205 0.07165 0.04772 ( 1)
 225 -   0.52858 0.35205 0.07165 0.04772 ( 1)
 226 -   0.52858 0.35205 0.07165 0.04772 ( 1)
 227 F   0.06535 0.89159 0.00227 0.04079 ( 2)
 228 G   0.91291 0.07524 0.01092 0.00093 ( 1)
 229 Q   0.23649 0.70232 0.00785 0.05334 ( 2)
 230 K   0.85053 0.09995 0.04420 0.00532 ( 1)
 231 R   0.80102 0.16661 0.02478 0.00760 ( 1)
 232 H   0.34377 0.62948 0.00942 0.01733 ( 2)
 233 G   0.98703 0.00081 0.01215 0.00001 ( 1)
 234 Y   0.97581 0.01278 0.01115 0.00026 ( 1)
 235 S   0.83066 0.14721 0.01833 0.00380 ( 1)
 236 F   0.99163 0.00002 0.00835 0.00000 ( 1)
 237 A   0.98685 0.00089 0.01225 0.00001 ( 1)
 238 F   0.99026 0.00103 0.00869 0.00002 ( 1)
 239 T   0.98435 0.00083 0.01480 0.00002 ( 1)
 240 H   0.99453 0.00000 0.00547 0.00000 ( 1)
 241 S   0.98635 0.00697 0.00659 0.00010 ( 1)
 242 S   0.97902 0.00004 0.02094 0.00000 ( 1)


lnL = -6793.598925

