Supplemental results for CODEML (seqf: algn  treef: tree)


dN/dS (w) for site classes (K=4)

site class             0        1       2a       2b
proportion       0.49334  0.37041  0.07782  0.05843
background w     0.10717  1.00000  0.10717  1.00000
foreground w     0.10717  1.00000 24.02186 24.02186

Naive Empirical Bayes (NEB) probabilities for 4 classes
(amino acids refer to 1st sequence: BT_Cry1Ia11)

   1 S   0.92185 0.07776 0.00028 0.00010 ( 1)
   2 I   0.96161 0.03577 0.00227 0.00035 ( 1)
   3 T   0.96751 0.03150 0.00086 0.00013 ( 1)
   4 Q   0.98754 0.01233 0.00012 0.00000 ( 1)
   5 I   0.44626 0.51321 0.03540 0.00514 ( 2)
   6 P   0.98396 0.01583 0.00019 0.00001 ( 1)
   7 L   0.47251 0.51784 0.00259 0.00706 ( 2)
   8 V   0.96839 0.03069 0.00081 0.00011 ( 1)
   9 K   0.89551 0.10405 0.00028 0.00017 ( 1)
  10 A   0.78283 0.21652 0.00037 0.00027 ( 1)
  11 F   0.04554 0.41236 0.32087 0.22123 ( 2)
  12 N   0.43498 0.54209 0.01485 0.00808 ( 2)
  13 -   0.61345 0.37676 0.00559 0.00420 ( 1)
  14 -   0.57735 0.35893 0.03639 0.02732 ( 1)
  15 -   0.57735 0.35893 0.03639 0.02732 ( 1)
  16 -   0.13061 0.65585 0.12197 0.09157 ( 2)
  17 L   0.06343 0.93163 0.00060 0.00434 ( 2)
  18 S   0.08792 0.74196 0.04954 0.12058 ( 2)
  19 S   0.84785 0.14831 0.00219 0.00164 ( 1)
  20 G   0.03276 0.93990 0.00530 0.02203 ( 2)
  21 A   0.06976 0.86330 0.01407 0.05287 ( 2)
  22 A   0.24366 0.74996 0.00403 0.00235 ( 2)
  23 V   0.68868 0.30389 0.00512 0.00231 ( 1)
  24 V   0.68878 0.29259 0.01620 0.00244 ( 1)
  25 R   0.40924 0.55779 0.02294 0.01003 ( 2)
  26 G   0.95349 0.04580 0.00066 0.00006 ( 1)
  27 P   0.98479 0.01503 0.00017 0.00001 ( 1)
  28 G   0.98127 0.01834 0.00035 0.00003 ( 1)
  29 F   0.61104 0.38682 0.00074 0.00140 ( 1)
  30 T   0.97334 0.02556 0.00095 0.00014 ( 1)
  31 G   0.97555 0.02409 0.00033 0.00003 ( 1)
  32 G   0.97260 0.02705 0.00032 0.00003 ( 1)
  33 D   0.05333 0.93671 0.00178 0.00818 ( 2)
  34 I   0.64447 0.35472 0.00043 0.00038 ( 1)
  35 L   0.43209 0.55612 0.00713 0.00466 ( 2)
  36 R   0.06557 0.92349 0.00167 0.00927 ( 2)
  37 R   0.15856 0.83944 0.00034 0.00166 ( 2)
  38 T   0.01026 0.70549 0.18613 0.09811 ( 2)
  39 N   0.14590 0.85301 0.00006 0.00104 ( 2)
  40 T   0.00043 0.51746 0.01536 0.46674 ( 2)
  41 G   0.81498 0.17505 0.00914 0.00083 ( 1)
  42 T   0.00000 0.03612 0.03165 0.93223 ( 4)
  43 F   0.18491 0.70288 0.08071 0.03150 ( 2)
  44 G   0.50526 0.35849 0.07970 0.05655 ( 1)
  45 D   0.12919 0.73457 0.02038 0.11587 ( 2)
  46 I   0.54478 0.31898 0.08593 0.05031 ( 1)
  47 R   0.26227 0.71683 0.01238 0.00851 ( 2)
  48 V   0.41344 0.58640 0.00002 0.00014 ( 2)
  49 N   0.00675 0.93266 0.00639 0.05421 ( 2)
  50 I   0.57464 0.36864 0.04914 0.00758 ( 1)
  51 N   0.97821 0.02106 0.00067 0.00006 ( 1)
  52 -   0.49334 0.37041 0.07782 0.05843 ( 1)
  53 -   0.49334 0.37041 0.07782 0.05843 ( 1)
  54 -   0.49334 0.37041 0.07782 0.05843 ( 1)
  55 -   0.49334 0.37041 0.07782 0.05843 ( 1)
  56 -   0.49334 0.37041 0.07782 0.05843 ( 1)
  57 P   0.91383 0.08565 0.00038 0.00015 ( 1)
  58 P   0.98396 0.01583 0.00019 0.00001 ( 1)
  59 F   0.93212 0.06739 0.00037 0.00011 ( 1)
  60 A   0.05080 0.74726 0.04656 0.15539 ( 2)
  61 Q   0.98754 0.01233 0.00012 0.00000 ( 1)
  62 R   0.82722 0.13548 0.03482 0.00248 ( 1)
  63 Y   0.98788 0.01190 0.00022 0.00001 ( 1)
  64 R   0.82283 0.15478 0.02107 0.00132 ( 1)
  65 V   0.21966 0.74281 0.01934 0.01818 ( 2)
  66 R   0.90985 0.09002 0.00010 0.00003 ( 1)
  67 I   0.77094 0.22721 0.00075 0.00110 ( 1)
  68 R   0.37552 0.62423 0.00004 0.00021 ( 2)
  69 Y   0.92791 0.07159 0.00035 0.00014 ( 1)
  70 A   0.81724 0.17972 0.00213 0.00092 ( 1)
  71 S   0.08182 0.91254 0.00056 0.00508 ( 2)
  72 T   0.38090 0.61863 0.00011 0.00037 ( 2)
  73 -   0.88058 0.11885 0.00033 0.00024 ( 1)
  74 T   0.34181 0.65323 0.00141 0.00355 ( 2)
  75 D   0.98405 0.01533 0.00059 0.00004 ( 1)
  76 L   0.28597 0.70601 0.00205 0.00597 ( 2)
  77 Q   0.48596 0.49779 0.01266 0.00359 ( 2)
  78 F   0.21959 0.71592 0.04660 0.01789 ( 2)
  79 H   0.00007 0.03989 0.23391 0.72613 ( 4)
  80 T   0.18781 0.79510 0.00516 0.01193 ( 2)
  81 S   0.00120 0.03616 0.88376 0.07888 ( 3)
  82 I   0.09402 0.74716 0.13732 0.02150 ( 2)
  83 N   0.00001 0.08899 0.01321 0.89779 ( 4)
  84 G   0.00915 0.34194 0.38343 0.26549 ( 3)
  85 K   0.04663 0.93184 0.00558 0.01595 ( 2)
  86 A   0.01643 0.76689 0.06592 0.15075 ( 2)
  87 I   0.56476 0.39829 0.02363 0.01331 ( 1)
  88 N   0.75916 0.23482 0.00436 0.00167 ( 1)
  89 Q   0.00004 0.00612 0.94370 0.05014 ( 3)
  90 G   0.58650 0.38532 0.01767 0.01050 ( 1)
  91 N   0.02477 0.04115 0.86296 0.07112 ( 3)
  92 F   0.72971 0.25987 0.00659 0.00383 ( 1)
  93 S   0.62319 0.37423 0.00069 0.00189 ( 1)
  94 A   0.08518 0.91240 0.00055 0.00187 ( 2)
  95 T   0.80163 0.19438 0.00240 0.00159 ( 1)
  96 M   0.34821 0.64859 0.00049 0.00272 ( 2)
  97 N   0.96086 0.03868 0.00037 0.00009 ( 1)
  98 R   0.97917 0.02015 0.00064 0.00004 ( 1)
  99 G   0.31660 0.67630 0.00193 0.00517 ( 2)
 100 E   0.13676 0.85660 0.00061 0.00603 ( 2)
 101 -   0.79535 0.20151 0.00180 0.00134 ( 1)
 102 -   0.82180 0.17708 0.00064 0.00048 ( 1)
 103 -   0.76273 0.23658 0.00039 0.00030 ( 1)
 104 D   0.94787 0.05152 0.00046 0.00015 ( 1)
 105 L   0.97231 0.02729 0.00036 0.00003 ( 1)
 106 D   0.22921 0.76967 0.00012 0.00100 ( 2)
 107 Y   0.22317 0.73208 0.03025 0.01449 ( 2)
 108 K   0.60835 0.39143 0.00007 0.00015 ( 1)
 109 T   0.67315 0.32590 0.00026 0.00068 ( 1)
 110 F   0.90125 0.09825 0.00031 0.00020 ( 1)
 111 R   0.87501 0.12422 0.00064 0.00013 ( 1)
 112 T   0.53465 0.46478 0.00014 0.00043 ( 1)
 113 V   0.96839 0.03069 0.00081 0.00011 ( 1)
 114 G   0.05955 0.66676 0.19200 0.08169 ( 2)
 115 F   0.89533 0.10325 0.00091 0.00052 ( 1)
 116 T   0.81499 0.18370 0.00071 0.00060 ( 1)
 117 T   0.60759 0.38901 0.00111 0.00229 ( 1)
 118 P   0.00001 0.04139 0.13151 0.82709 ( 4)
 119 F   0.98814 0.01150 0.00034 0.00002 ( 1)
 120 S   0.22062 0.77904 0.00005 0.00029 ( 2)
 121 F   0.00620 0.28781 0.53525 0.17074 ( 3)
 122 L   0.00529 0.94074 0.00671 0.04727 ( 2)
 123 D   0.03193 0.79003 0.11410 0.06394 ( 2)
 124 V   0.15802 0.76802 0.02211 0.05184 ( 2)
 125 Q   0.00013 0.05511 0.50984 0.43492 ( 3)
 126 -   0.49334 0.37041 0.07782 0.05843 ( 1)
 127 S   0.67618 0.31429 0.00386 0.00567 ( 1)
 128 T   0.00002 0.02857 0.54435 0.42705 ( 3)
 129 F   0.00075 0.10534 0.52157 0.37234 ( 3)
 130 T   0.00279 0.11165 0.49587 0.38969 ( 3)
 131 I   0.05856 0.38386 0.34318 0.21440 ( 2)
 132 G   0.00008 0.00771 0.91430 0.07791 ( 3)
 133 A   0.06954 0.60127 0.29327 0.03592 ( 2)
 134 W   0.00000 0.00078 0.08851 0.91071 ( 4)
 135 N   0.75968 0.23318 0.00416 0.00298 ( 1)
 136 F   0.37476 0.62065 0.00274 0.00186 ( 2)
 137 S   0.04311 0.32997 0.57733 0.04959 ( 3)
 138 S   0.02748 0.87930 0.02574 0.06749 ( 2)
 139 G   0.08132 0.90778 0.00179 0.00911 ( 2)
 140 N   0.49687 0.50232 0.00020 0.00061 ( 2)
 141 E   0.63336 0.36450 0.00068 0.00146 ( 1)
 142 V   0.39175 0.60744 0.00014 0.00066 ( 2)
 143 Y   0.45333 0.53530 0.00282 0.00855 ( 2)
 144 I   0.96302 0.03530 0.00146 0.00022 ( 1)
 145 D   0.80290 0.19679 0.00020 0.00011 ( 1)
 146 R   0.94449 0.05511 0.00032 0.00009 ( 1)
 147 I   0.95939 0.03558 0.00436 0.00067 ( 1)
 148 E   0.98861 0.01114 0.00024 0.00001 ( 1)
 149 F   0.98814 0.01150 0.00034 0.00002 ( 1)
 150 V   0.83317 0.16531 0.00107 0.00045 ( 1)
 151 P   0.97177 0.02415 0.00381 0.00028 ( 1)


lnL = -1764.283945

Bayes Empirical Bayes (BEB) probabilities for 4 classes (class)
(amino acids refer to 1st sequence: BT_Cry1Ia11)

   1 S   0.94096 0.05727 0.00143 0.00034 ( 1)
   2 I   0.96060 0.03309 0.00562 0.00069 ( 1)
   3 T   0.96764 0.02883 0.00315 0.00038 ( 1)
   4 Q   0.98753 0.01050 0.00193 0.00004 ( 1)
   5 I   0.47157 0.33010 0.17736 0.02097 ( 1)
   6 P   0.98414 0.01411 0.00167 0.00007 ( 1)
   7 L   0.64945 0.33796 0.00573 0.00686 ( 1)
   8 V   0.96857 0.02805 0.00303 0.00035 ( 1)
   9 K   0.91886 0.07937 0.00128 0.00049 ( 1)
  10 A   0.84207 0.15343 0.00316 0.00134 ( 1)
  11 F   0.06634 0.24364 0.48655 0.20347 ( 3)
  12 N   0.59087 0.35999 0.03666 0.01248 ( 1)
  13 -   0.67972 0.27900 0.02783 0.01345 ( 1)
  14 -   0.65706 0.27290 0.04715 0.02288 ( 1)
  15 -   0.65706 0.27290 0.04715 0.02288 ( 1)
  16 -   0.18884 0.45293 0.24320 0.11504 ( 2)
  17 L   0.18821 0.79345 0.00516 0.01318 ( 2)
  18 S   0.14419 0.49726 0.17067 0.18789 ( 2)
  19 S   0.88667 0.10604 0.00497 0.00232 ( 1)
  20 G   0.09832 0.81461 0.03479 0.05228 ( 2)
  21 A   0.15093 0.71718 0.05240 0.07949 ( 2)
  22 A   0.40588 0.54255 0.03866 0.01291 ( 2)
  23 V   0.75885 0.21722 0.01852 0.00542 ( 1)
  24 V   0.74695 0.20540 0.04248 0.00518 ( 1)
  25 R   0.55899 0.37325 0.05345 0.01431 ( 1)
  26 G   0.95150 0.03866 0.00926 0.00058 ( 1)
  27 P   0.98529 0.01362 0.00103 0.00006 ( 1)
  28 G   0.98159 0.01690 0.00140 0.00011 ( 1)
  29 F   0.74796 0.24629 0.00303 0.00272 ( 1)
  30 T   0.97304 0.02391 0.00272 0.00033 ( 1)
  31 G   0.97593 0.02186 0.00206 0.00015 ( 1)
  32 G   0.97461 0.02320 0.00204 0.00015 ( 1)
  33 D   0.15059 0.81076 0.01349 0.02516 ( 2)
  34 I   0.73997 0.24779 0.00830 0.00394 ( 1)
  35 L   0.59251 0.37370 0.02433 0.00946 ( 1)
  36 R   0.18803 0.77878 0.01091 0.02227 ( 2)
  37 R   0.32936 0.65640 0.00483 0.00941 ( 2)
  38 T   0.02159 0.43935 0.40839 0.13068 ( 2)
  39 N   0.34224 0.65241 0.00083 0.00452 ( 2)
  40 T   0.00236 0.40338 0.06503 0.52923 ( 4)
  41 G   0.84985 0.12605 0.02239 0.00172 ( 1)
  42 T   0.00001 0.03931 0.09483 0.86585 ( 4)
  43 F   0.20895 0.37764 0.33367 0.07974 ( 2)
  44 G   0.56141 0.26431 0.11936 0.05492 ( 1)
  45 D   0.22770 0.59802 0.04895 0.12533 ( 2)
  46 I   0.59244 0.23328 0.12585 0.04843 ( 1)
  47 R   0.41004 0.48455 0.07215 0.03325 ( 2)
  48 V   0.61308 0.38591 0.00030 0.00072 ( 1)
  49 N   0.02051 0.71286 0.06778 0.19885 ( 2)
  50 I   0.62678 0.26636 0.09462 0.01224 ( 1)
  51 N   0.97516 0.02002 0.00451 0.00031 ( 1)
  52 -   0.55188 0.27384 0.11737 0.05692 ( 1)
  53 -   0.55188 0.27384 0.11737 0.05692 ( 1)
  54 -   0.55188 0.27384 0.11737 0.05692 ( 1)
  55 -   0.55188 0.27384 0.11737 0.05692 ( 1)
  56 -   0.55188 0.27384 0.11737 0.05692 ( 1)
  57 P   0.93570 0.06217 0.00170 0.00042 ( 1)
  58 P   0.98414 0.01411 0.00167 0.00007 ( 1)
  59 F   0.94728 0.05066 0.00172 0.00034 ( 1)
  60 A   0.09339 0.52287 0.17188 0.21186 ( 2)
  61 Q   0.98753 0.01050 0.00193 0.00004 ( 1)
  62 R   0.81006 0.09507 0.08955 0.00532 ( 1)
  63 Y   0.98776 0.01087 0.00132 0.00005 ( 1)
  64 R   0.82677 0.10228 0.06773 0.00322 ( 1)
  65 V   0.37298 0.53780 0.05990 0.02932 ( 2)
  66 R   0.92537 0.07342 0.00097 0.00024 ( 1)
  67 I   0.82129 0.17348 0.00272 0.00251 ( 1)
  68 R   0.57003 0.42814 0.00058 0.00124 ( 1)
  69 Y   0.94537 0.05292 0.00136 0.00035 ( 1)
  70 A   0.85817 0.13032 0.00910 0.00241 ( 1)
  71 S   0.22735 0.75851 0.00343 0.01071 ( 2)
  72 T   0.57311 0.42178 0.00216 0.00295 ( 1)
  73 -   0.90783 0.09027 0.00129 0.00061 ( 1)
  74 T   0.53751 0.44963 0.00623 0.00663 ( 1)
  75 D   0.98364 0.01461 0.00166 0.00009 ( 1)
  76 L   0.48044 0.49915 0.00924 0.01117 ( 2)
  77 Q   0.63818 0.32019 0.03539 0.00624 ( 1)
  78 F   0.32074 0.47571 0.16607 0.03748 ( 2)
  79 H   0.00057 0.07381 0.38055 0.54507 ( 4)
  80 T   0.35865 0.59569 0.02316 0.02250 ( 2)
  81 S   0.00260 0.02591 0.90433 0.06717 ( 3)
  82 I   0.14785 0.48234 0.32750 0.04232 ( 2)
  83 N   0.00010 0.15271 0.04589 0.80130 ( 4)
  84 G   0.02138 0.24689 0.52055 0.21118 ( 3)
  85 K   0.14183 0.79441 0.03021 0.03355 ( 2)
  86 A   0.02889 0.40537 0.28280 0.28294 ( 2)
  87 I   0.63816 0.29389 0.04992 0.01803 ( 1)
  88 N   0.81005 0.17256 0.01400 0.00340 ( 1)
  89 Q   0.00013 0.00484 0.95424 0.04079 ( 3)
  90 G   0.64499 0.26191 0.06745 0.02566 ( 1)
  91 N   0.03774 0.03375 0.86428 0.06423 ( 3)
  92 F   0.76269 0.18807 0.03651 0.01273 ( 1)
  93 S   0.75717 0.23723 0.00249 0.00312 ( 1)
  94 A   0.23667 0.74359 0.00864 0.01110 ( 2)
  95 T   0.85273 0.13804 0.00665 0.00258 ( 1)
  96 M   0.56594 0.42635 0.00253 0.00518 ( 1)
  97 N   0.96785 0.03072 0.00122 0.00021 ( 1)
  98 R   0.97919 0.01813 0.00254 0.00014 ( 1)
  99 G   0.50715 0.47399 0.00883 0.01003 ( 1)
 100 E   0.29129 0.67907 0.00651 0.02314 ( 2)
 101 -   0.83667 0.15088 0.00858 0.00387 ( 1)
 102 -   0.86023 0.13324 0.00445 0.00208 ( 1)
 103 -   0.81894 0.17760 0.00235 0.00112 ( 1)
 104 D   0.95874 0.03952 0.00143 0.00031 ( 1)
 105 L   0.97372 0.02340 0.00271 0.00017 ( 1)
 106 D   0.42131 0.57177 0.00171 0.00520 ( 2)
 107 Y   0.34899 0.50212 0.11650 0.03239 ( 2)
 108 K   0.72556 0.27274 0.00081 0.00090 ( 1)
 109 T   0.79031 0.20728 0.00109 0.00132 ( 1)
 110 F   0.92192 0.07638 0.00120 0.00050 ( 1)
 111 R   0.88367 0.09932 0.01482 0.00218 ( 1)
 112 T   0.70116 0.29626 0.00111 0.00147 ( 1)
 113 V   0.96857 0.02805 0.00303 0.00035 ( 1)
 114 G   0.11410 0.42401 0.36788 0.09400 ( 2)
 115 F   0.92014 0.07608 0.00277 0.00100 ( 1)
 116 T   0.86689 0.12984 0.00215 0.00111 ( 1)
 117 T   0.74392 0.24686 0.00464 0.00458 ( 1)
 118 P   0.00007 0.03950 0.28254 0.67789 ( 4)
 119 F   0.98735 0.01129 0.00128 0.00008 ( 1)
 120 S   0.42980 0.56392 0.00205 0.00423 ( 2)
 121 F   0.00951 0.13788 0.71015 0.14246 ( 3)
 122 L   0.01953 0.81610 0.04462 0.11975 ( 2)
 123 D   0.06343 0.49530 0.33154 0.10973 ( 2)
 124 V   0.32469 0.53953 0.06838 0.06740 ( 2)
 125 Q   0.00061 0.05485 0.63738 0.30716 ( 3)
 126 -   0.55188 0.27384 0.11737 0.05692 ( 1)
 127 S   0.78478 0.20079 0.00835 0.00608 ( 1)
 128 T   0.00008 0.02233 0.66397 0.31362 ( 3)
 129 F   0.00211 0.07380 0.64519 0.27890 ( 3)
 130 T   0.00717 0.09231 0.61396 0.28656 ( 3)
 131 I   0.07940 0.22350 0.50634 0.19076 ( 3)
 132 G   0.00027 0.00825 0.92258 0.06889 ( 3)
 133 A   0.08547 0.31216 0.54503 0.05734 ( 3)
 134 W   0.00000 0.00382 0.20698 0.78920 ( 4)
 135 N   0.81311 0.16351 0.01626 0.00711 ( 1)
 136 F   0.55028 0.41936 0.02201 0.00834 ( 1)
 137 S   0.07111 0.23419 0.64668 0.04802 ( 3)
 138 S   0.07353 0.66438 0.12534 0.13675 ( 2)
 139 G   0.21797 0.74269 0.01366 0.02568 ( 2)
 140 N   0.67373 0.32243 0.00164 0.00220 ( 1)
 141 E   0.76280 0.23113 0.00302 0.00304 ( 1)
 142 V   0.58758 0.40911 0.00119 0.00212 ( 1)
 143 Y   0.62696 0.35437 0.00808 0.01060 ( 1)
 144 I   0.96379 0.03247 0.00332 0.00041 ( 1)
 145 D   0.85005 0.14601 0.00294 0.00100 ( 1)
 146 R   0.95667 0.04164 0.00143 0.00026 ( 1)
 147 I   0.95730 0.03305 0.00855 0.00110 ( 1)
 148 E   0.98814 0.01055 0.00125 0.00006 ( 1)
 149 F   0.98735 0.01129 0.00128 0.00008 ( 1)
 150 V   0.86951 0.12106 0.00745 0.00198 ( 1)
 151 P   0.97043 0.02025 0.00882 0.00049 ( 1)

