Supplemental results for CODEML (seqf: algn  treef: tree)


dN/dS (w) for site classes (K=4)

site class             0        1       2a       2b
proportion       0.78294  0.17612  0.03343  0.00752
background w     0.03257  1.00000  0.03257  1.00000
foreground w     0.03257  1.00000  1.00000  1.00000

Naive Empirical Bayes (NEB) probabilities for 4 classes
(amino acids refer to 1st sequence: BT_Cry32Ma1)

   1 -   0.82261 0.13644 0.03512 0.00583 ( 1)
   2 -   0.78294 0.17611 0.03343 0.00752 ( 1)
   3 L   0.79480 0.17089 0.02701 0.00730 ( 1)
   4 G   0.96961 0.00189 0.02843 0.00008 ( 1)
   5 R   0.02541 0.93395 0.00076 0.03988 ( 2)
   6 A   0.92888 0.04012 0.02929 0.00171 ( 1)
   7 A   0.96913 0.00268 0.02808 0.00011 ( 1)
   8 G   0.95749 0.01384 0.02808 0.00059 ( 1)
   9 L   0.45830 0.50454 0.01562 0.02154 ( 2)
  10 I   0.81706 0.15430 0.02206 0.00659 ( 1)
  11 N   0.95313 0.01978 0.02624 0.00084 ( 1)
  12 I   0.03740 0.92215 0.00107 0.03937 ( 2)
  13 I   0.97025 0.00190 0.02776 0.00008 ( 1)
  14 F   0.95474 0.01660 0.02796 0.00071 ( 1)
  15 G   0.97018 0.00133 0.02843 0.00006 ( 1)
  16 F   0.86963 0.10062 0.02546 0.00430 ( 1)
  17 L   0.95341 0.00956 0.03662 0.00041 ( 1)
  18 W   0.96241 0.00067 0.03689 0.00003 ( 1)
  19 G   0.01785 0.94142 0.00053 0.04020 ( 2)
  20 T   0.10969 0.85082 0.00316 0.03633 ( 2)
  21 L   0.20141 0.75976 0.00639 0.03244 ( 2)
  22 A   0.49067 0.47482 0.01424 0.02027 ( 1)
  23 G   0.04300 0.91659 0.00128 0.03914 ( 2)
  24 -   0.84777 0.11128 0.03620 0.00475 ( 1)
  25 -   0.82531 0.13374 0.03524 0.00571 ( 1)
  26 Q   0.81987 0.14712 0.02673 0.00628 ( 1)
  27 S   0.05138 0.90810 0.00174 0.03877 ( 2)
  28 V   0.04858 0.91111 0.00141 0.03890 ( 2)
  29 W   0.96241 0.00067 0.03689 0.00003 ( 1)
  30 E   0.92303 0.04928 0.02559 0.00210 ( 1)
  31 K   0.00903 0.94161 0.00915 0.04020 ( 2)
  32 F   0.94736 0.02386 0.02776 0.00102 ( 1)
  33 M   0.97105 0.00032 0.02862 0.00001 ( 1)
  34 R   0.00976 0.94910 0.00061 0.04052 ( 2)
  35 A   0.86041 0.10707 0.02795 0.00457 ( 1)
  36 V   0.96957 0.00301 0.02729 0.00013 ( 1)
  37 E   0.96539 0.00282 0.03167 0.00012 ( 1)
  38 S   0.49788 0.46649 0.01571 0.01992 ( 1)
  39 L   0.96370 0.00574 0.03031 0.00025 ( 1)
  40 V   0.95980 0.01263 0.02703 0.00054 ( 1)
  41 N   0.73678 0.23350 0.01975 0.00997 ( 1)
  42 Q   0.96714 0.00128 0.03153 0.00005 ( 1)
  43 K   0.97154 0.00138 0.02702 0.00006 ( 1)
  44 I   0.97021 0.00194 0.02776 0.00008 ( 1)
  45 T   0.97024 0.00185 0.02784 0.00008 ( 1)
  46 D   0.97276 0.00155 0.02562 0.00007 ( 1)
  47 A   0.95581 0.01582 0.02770 0.00068 ( 1)
  48 V   0.95503 0.00799 0.03664 0.00034 ( 1)
  49 R   0.96966 0.00113 0.02915 0.00005 ( 1)
  50 V   0.00051 0.95824 0.00034 0.04091 ( 2)
  51 K   0.45965 0.50596 0.01279 0.02160 ( 2)
  52 A   0.95729 0.00570 0.03677 0.00024 ( 1)
  53 L   0.10431 0.77741 0.08508 0.03319 ( 2)
  54 S   0.90757 0.05859 0.03134 0.00250 ( 1)
  55 E   0.01735 0.94195 0.00048 0.04022 ( 2)
  56 L   0.96335 0.00432 0.03215 0.00018 ( 1)
  57 E   0.96181 0.01128 0.02642 0.00048 ( 1)
  58 G   0.96799 0.00331 0.02856 0.00014 ( 1)
  59 V   0.95723 0.01518 0.02694 0.00065 ( 1)
  60 Q   0.89684 0.07089 0.02924 0.00303 ( 1)
  61 N   0.01678 0.94243 0.00055 0.04024 ( 2)
  62 A   0.95333 0.01827 0.02762 0.00078 ( 1)
  63 L   0.96246 0.00520 0.03212 0.00022 ( 1)
  64 E   0.96058 0.00887 0.03018 0.00038 ( 1)
  65 L   0.90087 0.06623 0.03008 0.00283 ( 1)
  66 Y   0.96874 0.00122 0.02998 0.00005 ( 1)
  67 Q   0.96645 0.00195 0.03152 0.00008 ( 1)
  68 E   0.96588 0.00574 0.02813 0.00025 ( 1)
  69 A   0.95706 0.01532 0.02697 0.00065 ( 1)
  70 A   0.87243 0.09619 0.02727 0.00411 ( 1)
  71 D   0.44725 0.51882 0.01178 0.02215 ( 2)
  72 D   0.97133 0.00297 0.02558 0.00013 ( 1)
  73 W   0.96241 0.00067 0.03689 0.00003 ( 1)
  74 N   0.79756 0.17364 0.02139 0.00741 ( 1)
  75 E   0.09716 0.86327 0.00271 0.03686 ( 2)
  76 N   0.93608 0.03725 0.02508 0.00159 ( 1)
  77 P   0.93283 0.03653 0.02907 0.00156 ( 1)
  78 T   0.20936 0.54874 0.21846 0.02343 ( 2)
  79 D   0.97310 0.00123 0.02562 0.00005 ( 1)
  80 V   0.70040 0.26833 0.01981 0.01146 ( 1)
  81 S   0.00614 0.95297 0.00019 0.04069 ( 2)
  82 N   0.08081 0.87939 0.00225 0.03755 ( 2)
  83 K   0.96791 0.00496 0.02692 0.00021 ( 1)
  84 E   0.86969 0.09746 0.02869 0.00416 ( 1)
  85 R   0.59209 0.37219 0.01983 0.01589 ( 1)
  86 V   0.88743 0.08317 0.02584 0.00355 ( 1)
  87 R   0.91295 0.05716 0.02745 0.00244 ( 1)
  88 R   0.95289 0.01771 0.02865 0.00076 ( 1)
  89 Q   0.96234 0.00212 0.03544 0.00009 ( 1)
  90 F   0.96484 0.00663 0.02825 0.00028 ( 1)
  91 T   0.95628 0.01560 0.02745 0.00067 ( 1)
  92 S   0.94798 0.02143 0.02967 0.00092 ( 1)
  93 T   0.87241 0.09273 0.03089 0.00396 ( 1)
  94 N   0.96203 0.01169 0.02578 0.00050 ( 1)
  95 T   0.91969 0.05171 0.02639 0.00221 ( 1)
  96 T   0.01960 0.93905 0.00126 0.04010 ( 2)
  97 I   0.93521 0.02835 0.03523 0.00121 ( 1)
  98 E   0.94599 0.02189 0.03119 0.00093 ( 1)
  99 Y   0.74691 0.22054 0.02314 0.00942 ( 1)
 100 A   0.92449 0.04672 0.02679 0.00200 ( 1)
 101 M   0.96848 0.00286 0.02854 0.00012 ( 1)
 102 P   0.96844 0.00133 0.03017 0.00006 ( 1)
 103 S   0.96533 0.00287 0.03168 0.00012 ( 1)
 104 F   0.97079 0.00075 0.02842 0.00003 ( 1)
 105 R   0.70954 0.25430 0.02531 0.01086 ( 1)
 106 V   0.96228 0.00917 0.02817 0.00039 ( 1)
 107 P   0.00082 0.95824 0.00003 0.04091 ( 2)
 108 T   0.09747 0.86273 0.00296 0.03684 ( 2)
 109 F   0.86167 0.10847 0.02523 0.00463 ( 1)
 110 E   0.97055 0.00267 0.02666 0.00011 ( 1)
 111 V   0.96898 0.00359 0.02728 0.00015 ( 1)
 112 P   0.95977 0.00462 0.03542 0.00020 ( 1)
 113 L   0.95845 0.00611 0.03518 0.00026 ( 1)
 114 L   0.96339 0.00428 0.03215 0.00018 ( 1)
 115 T   0.94694 0.02410 0.02793 0.00103 ( 1)
 116 V   0.06457 0.89495 0.00228 0.03821 ( 2)
 117 Y   0.20588 0.60350 0.16485 0.02577 ( 2)
 118 A   0.96189 0.00582 0.03204 0.00025 ( 1)
 119 Q   0.96714 0.00128 0.03153 0.00005 ( 1)
 120 A   0.96153 0.00458 0.03369 0.00020 ( 1)
 121 A   0.96907 0.00273 0.02808 0.00012 ( 1)
 122 N   0.97205 0.00180 0.02608 0.00008 ( 1)
 123 L   0.95636 0.01124 0.03193 0.00048 ( 1)
 124 H   0.97084 0.00063 0.02851 0.00003 ( 1)
 125 L   0.96348 0.00419 0.03215 0.00018 ( 1)
 126 Q   0.68765 0.27794 0.02255 0.01187 ( 1)
 127 L   0.96116 0.00571 0.03289 0.00024 ( 1)
 128 L   0.96339 0.00428 0.03215 0.00018 ( 1)
 129 R   0.95998 0.00480 0.03502 0.00020 ( 1)
 130 D   0.97310 0.00123 0.02562 0.00005 ( 1)
 131 A   0.95342 0.00956 0.03662 0.00041 ( 1)
 132 V   0.90502 0.06597 0.02619 0.00282 ( 1)
 133 K   0.92969 0.03750 0.03121 0.00160 ( 1)
 134 F   0.97079 0.00075 0.02842 0.00003 ( 1)
 135 G   0.97019 0.00132 0.02843 0.00006 ( 1)
 136 N   0.01771 0.94146 0.00063 0.04020 ( 2)
 137 E   0.91007 0.06212 0.02516 0.00265 ( 1)
 138 W   0.96241 0.00067 0.03689 0.00003 ( 1)
 139 G   0.96959 0.00175 0.02859 0.00007 ( 1)
 140 M   0.50183 0.46353 0.01484 0.01979 ( 1)
 141 P   0.94901 0.02018 0.02994 0.00086 ( 1)
 142 S   0.96062 0.00893 0.03006 0.00038 ( 1)
 143 E   0.02393 0.93534 0.00079 0.03994 ( 2)
 144 E   0.97135 0.00190 0.02667 0.00008 ( 1)
 145 V   0.96405 0.00845 0.02715 0.00036 ( 1)
 146 E   0.68904 0.27643 0.02273 0.01180 ( 1)
 147 D   0.94011 0.03370 0.02475 0.00144 ( 1)
 148 M   0.00046 0.95786 0.00078 0.04090 ( 2)
 149 Y   0.96874 0.00122 0.02998 0.00005 ( 1)
 150 N   0.26659 0.66896 0.03588 0.02856 ( 2)
 151 R   0.96905 0.00174 0.02914 0.00007 ( 1)
 152 L   0.85626 0.11044 0.02859 0.00472 ( 1)
 153 T   0.01141 0.94779 0.00033 0.04047 ( 2)
 154 R   0.05632 0.90312 0.00199 0.03856 ( 2)
 155 R   0.96622 0.00136 0.03236 0.00006 ( 1)
 156 T   0.96242 0.00336 0.03408 0.00014 ( 1)
 157 A   0.97013 0.00244 0.02733 0.00010 ( 1)
 158 E   0.95574 0.01223 0.03151 0.00052 ( 1)
 159 Y   0.96880 0.00116 0.02999 0.00005 ( 1)
 160 T   0.95856 0.01336 0.02750 0.00057 ( 1)
 161 D   0.93889 0.03469 0.02494 0.00148 ( 1)
 162 H   0.46844 0.07929 0.44888 0.00339 ( 1)
 163 C   0.96844 0.00054 0.03100 0.00002 ( 1)
 164 V   0.18433 0.77653 0.00598 0.03316 ( 2)
 165 A   0.03934 0.91920 0.00222 0.03925 ( 2)
 166 T   0.30994 0.65031 0.01198 0.02777 ( 2)
 167 Y   0.96874 0.00122 0.02998 0.00005 ( 1)
 168 D   0.97128 0.00301 0.02557 0.00013 ( 1)
 169 K   0.95885 0.01388 0.02667 0.00059 ( 1)
 170 G   0.96992 0.00142 0.02860 0.00006 ( 1)
 171 L   0.96339 0.00428 0.03215 0.00018 ( 1)
 172 K   0.94162 0.02568 0.03161 0.00110 ( 1)
 173 E   0.01138 0.92073 0.02858 0.03931 ( 2)
 174 A   0.95858 0.01309 0.02777 0.00056 ( 1)
 175 Y   0.89762 0.06566 0.03391 0.00280 ( 1)
 176 D   0.29788 0.36865 0.31773 0.01574 ( 2)
 177 L   0.93915 0.02830 0.03134 0.00121 ( 1)
 178 A   0.95694 0.01543 0.02697 0.00066 ( 1)
 179 P   0.91681 0.04734 0.03383 0.00202 ( 1)
 180 N   0.95982 0.01179 0.02788 0.00050 ( 1)
 181 P   0.94690 0.02166 0.03051 0.00093 ( 1)
 182 T   0.96093 0.01103 0.02757 0.00047 ( 1)
 183 D   0.96646 0.00776 0.02545 0.00033 ( 1)
 184 Y   0.87695 0.08507 0.03435 0.00363 ( 1)
 185 N   0.95807 0.01045 0.03103 0.00045 ( 1)
 186 K   0.95722 0.01547 0.02664 0.00066 ( 1)
 187 Y   0.88774 0.07431 0.03477 0.00317 ( 1)
 188 P   0.93053 0.03819 0.02966 0.00163 ( 1)
 189 Y   0.95329 0.01650 0.02951 0.00070 ( 1)
 190 L   0.92069 0.04295 0.03453 0.00183 ( 1)
 191 N   0.58687 0.38111 0.01574 0.01627 ( 1)
 192 P   0.95457 0.01505 0.02974 0.00064 ( 1)
 193 Y   0.48745 0.47623 0.01599 0.02033 ( 1)
 194 S   0.94588 0.02044 0.03280 0.00087 ( 1)
 195 K   0.41091 0.21727 0.36254 0.00928 ( 1)
 196 D   0.97310 0.00123 0.02562 0.00005 ( 1)
 197 P   0.66010 0.30476 0.02213 0.01301 ( 1)
 198 I   0.95938 0.01263 0.02745 0.00054 ( 1)
 199 Y   0.66557 0.29666 0.02511 0.01267 ( 1)
 200 G   0.97004 0.00130 0.02860 0.00006 ( 1)
 201 K   0.95774 0.01346 0.02822 0.00057 ( 1)
 202 Y   0.94243 0.02273 0.03387 0.00097 ( 1)
 203 Y   0.94213 0.02587 0.03090 0.00110 ( 1)
 204 T   0.96960 0.00189 0.02843 0.00008 ( 1)
 205 A   0.92231 0.04917 0.02642 0.00210 ( 1)
 206 P   0.93645 0.02886 0.03346 0.00123 ( 1)
 207 V   0.96229 0.00946 0.02785 0.00040 ( 1)
 208 D   0.96255 0.01161 0.02534 0.00050 ( 1)
 209 W   0.96241 0.00067 0.03689 0.00003 ( 1)
 210 N   0.88151 0.09099 0.02362 0.00389 ( 1)
 211 L   0.72358 0.24152 0.02458 0.01031 ( 1)
 212 F   0.96484 0.00663 0.02825 0.00028 ( 1)
 213 N   0.96895 0.00488 0.02596 0.00021 ( 1)
 214 D   0.87180 0.09409 0.03009 0.00402 ( 1)
 215 Y   0.91753 0.04756 0.03288 0.00203 ( 1)
 216 R   0.95832 0.00513 0.03633 0.00022 ( 1)
 217 R   0.96980 0.00100 0.02916 0.00004 ( 1)
 218 D   0.96289 0.00615 0.03069 0.00026 ( 1)
 219 M   0.97105 0.00032 0.02862 0.00001 ( 1)
 220 T   0.96954 0.00209 0.02828 0.00009 ( 1)
 221 L   0.43878 0.10526 0.45147 0.00449 ( 3)
 222 M   0.96139 0.00986 0.02833 0.00042 ( 1)
 223 V   0.96693 0.00401 0.02889 0.00017 ( 1)
 224 L   0.96241 0.00469 0.03270 0.00020 ( 1)
 225 D   0.96197 0.00463 0.03320 0.00020 ( 1)
 226 I   0.95938 0.01263 0.02745 0.00054 ( 1)
 227 V   0.96331 0.00708 0.02931 0.00030 ( 1)
 228 A   0.97009 0.00247 0.02733 0.00011 ( 1)
 229 V   0.95680 0.01559 0.02694 0.00067 ( 1)
 230 W   0.65179 0.30999 0.02498 0.01324 ( 1)
 231 P   0.96844 0.00133 0.03017 0.00006 ( 1)
 232 T   0.92305 0.03960 0.03567 0.00169 ( 1)


lnL = -2365.935576

Bayes Empirical Bayes (BEB) probabilities for 4 classes (class)
(amino acids refer to 1st sequence: BT_Cry32Ma1)

   1 -   0.86683 0.09352 0.03567 0.00398 ( 1)
   2 -   0.82070 0.13965 0.03371 0.00594 ( 1)
   3 L   0.89202 0.08526 0.02017 0.00254 ( 1)
   4 G   0.98129 0.00225 0.01641 0.00006 ( 1)
   5 R   0.09494 0.88155 0.00158 0.02194 ( 2)
   6 A   0.95826 0.02176 0.01934 0.00063 ( 1)
   7 A   0.98016 0.00315 0.01660 0.00008 ( 1)
   8 G   0.97300 0.01046 0.01627 0.00027 ( 1)
   9 L   0.65253 0.32327 0.01465 0.00956 ( 1)
  10 I   0.91160 0.07315 0.01342 0.00183 ( 1)
  11 N   0.96942 0.01537 0.01483 0.00039 ( 1)
  12 I   0.12672 0.84998 0.00200 0.02131 ( 2)
  13 I   0.98158 0.00236 0.01601 0.00006 ( 1)
  14 F   0.97182 0.01163 0.01625 0.00030 ( 1)
  15 G   0.98195 0.00161 0.01641 0.00004 ( 1)
  16 F   0.93894 0.04426 0.01566 0.00114 ( 1)
  17 L   0.96079 0.00969 0.02918 0.00034 ( 1)
  18 W   0.97016 0.00061 0.02921 0.00002 ( 1)
  19 G   0.08575 0.89071 0.00142 0.02212 ( 2)
  20 T   0.25362 0.72385 0.00405 0.01847 ( 2)
  21 L   0.48508 0.49255 0.00920 0.01317 ( 2)
  22 A   0.68041 0.30022 0.01140 0.00797 ( 1)
  23 G   0.12109 0.85564 0.00199 0.02128 ( 2)
  24 -   0.87267 0.08768 0.03592 0.00374 ( 1)
  25 -   0.85483 0.10552 0.03516 0.00449 ( 1)
  26 Q   0.91091 0.06841 0.01874 0.00194 ( 1)
  27 S   0.17140 0.80108 0.00379 0.02373 ( 2)
  28 V   0.10920 0.86624 0.00179 0.02277 ( 2)
  29 W   0.97016 0.00061 0.02921 0.00002 ( 1)
  30 E   0.94786 0.03591 0.01527 0.00096 ( 1)
  31 K   0.03193 0.87739 0.03464 0.05604 ( 2)
  32 F   0.96628 0.01709 0.01618 0.00044 ( 1)
  33 M   0.98326 0.00044 0.01629 0.00001 ( 1)
  34 R   0.03463 0.92520 0.00214 0.03804 ( 2)
  35 A   0.92939 0.04942 0.01971 0.00148 ( 1)
  36 V   0.98040 0.00350 0.01600 0.00009 ( 1)
  37 E   0.97571 0.00337 0.02082 0.00010 ( 1)
  38 S   0.69143 0.28744 0.01328 0.00786 ( 1)
  39 L   0.97521 0.00597 0.01865 0.00016 ( 1)
  40 V   0.97378 0.01004 0.01591 0.00027 ( 1)
  41 N   0.83881 0.14554 0.01204 0.00361 ( 1)
  42 Q   0.97835 0.00141 0.02020 0.00004 ( 1)
  43 K   0.98282 0.00170 0.01544 0.00004 ( 1)
  44 I   0.98152 0.00241 0.01601 0.00006 ( 1)
  45 T   0.98168 0.00220 0.01606 0.00006 ( 1)
  46 D   0.98383 0.00200 0.01412 0.00005 ( 1)
  47 A   0.97208 0.01116 0.01646 0.00030 ( 1)
  48 V   0.96144 0.00897 0.02928 0.00032 ( 1)
  49 R   0.98163 0.00131 0.01703 0.00003 ( 1)
  50 V   0.00332 0.94596 0.00197 0.04875 ( 2)
  51 K   0.65935 0.32222 0.01018 0.00825 ( 1)
  52 A   0.96390 0.00647 0.02940 0.00023 ( 1)
  53 L   0.21166 0.59807 0.15941 0.03086 ( 2)
  54 S   0.93647 0.03992 0.02237 0.00124 ( 1)
  55 E   0.05647 0.91916 0.00086 0.02351 ( 2)
  56 L   0.97390 0.00450 0.02146 0.00013 ( 1)
  57 E   0.97612 0.00829 0.01537 0.00022 ( 1)
  58 G   0.97955 0.00388 0.01647 0.00010 ( 1)
  59 V   0.97314 0.01070 0.01588 0.00029 ( 1)
  60 Q   0.94514 0.03441 0.01948 0.00098 ( 1)
  61 N   0.05791 0.91238 0.00129 0.02842 ( 2)
  62 A   0.97064 0.01259 0.01643 0.00034 ( 1)
  63 L   0.97301 0.00537 0.02146 0.00016 ( 1)
  64 E   0.97259 0.00718 0.02002 0.00022 ( 1)
  65 L   0.93195 0.04611 0.02057 0.00137 ( 1)
  66 Y   0.98007 0.00138 0.01851 0.00004 ( 1)
  67 Q   0.97763 0.00209 0.02021 0.00006 ( 1)
  68 E   0.97730 0.00485 0.01771 0.00014 ( 1)
  69 A   0.97321 0.01076 0.01575 0.00028 ( 1)
  70 A   0.93329 0.04662 0.01872 0.00136 ( 1)
  71 D   0.69409 0.28889 0.00979 0.00724 ( 1)
  72 D   0.98318 0.00265 0.01411 0.00007 ( 1)
  73 W   0.97016 0.00061 0.02921 0.00002 ( 1)
  74 N   0.90740 0.07759 0.01310 0.00191 ( 1)
  75 E   0.21038 0.76632 0.00331 0.01999 ( 2)
  76 N   0.95401 0.03144 0.01377 0.00078 ( 1)
  77 P   0.95713 0.02422 0.01799 0.00066 ( 1)
  78 T   0.26677 0.36881 0.33174 0.03268 ( 2)
  79 D   0.98425 0.00159 0.01412 0.00004 ( 1)
  80 V   0.82277 0.15904 0.01340 0.00480 ( 1)
  81 S   0.03524 0.93918 0.00066 0.02492 ( 2)
  82 N   0.18552 0.79242 0.00279 0.01927 ( 2)
  83 K   0.98054 0.00396 0.01540 0.00010 ( 1)
  84 E   0.93504 0.04369 0.02000 0.00128 ( 1)
  85 R   0.77465 0.20297 0.01656 0.00582 ( 1)
  86 V   0.92309 0.05931 0.01599 0.00161 ( 1)
  87 R   0.95632 0.02642 0.01656 0.00069 ( 1)
  88 R   0.97110 0.01176 0.01684 0.00031 ( 1)
  89 Q   0.97122 0.00230 0.02640 0.00008 ( 1)
  90 F   0.97853 0.00498 0.01636 0.00013 ( 1)
  91 T   0.97152 0.01226 0.01590 0.00032 ( 1)
  92 S   0.96622 0.01491 0.01846 0.00041 ( 1)
  93 T   0.93142 0.04403 0.02317 0.00138 ( 1)
  94 N   0.97898 0.00671 0.01415 0.00017 ( 1)
  95 T   0.95916 0.02454 0.01567 0.00064 ( 1)
  96 T   0.07476 0.88441 0.00450 0.03633 ( 2)
  97 I   0.95165 0.02019 0.02747 0.00069 ( 1)
  98 E   0.96368 0.01524 0.02063 0.00045 ( 1)
  99 Y   0.87278 0.10786 0.01641 0.00295 ( 1)
 100 A   0.95998 0.02315 0.01624 0.00062 ( 1)
 101 M   0.98131 0.00238 0.01626 0.00006 ( 1)
 102 P   0.98001 0.00152 0.01843 0.00004 ( 1)
 103 S   0.97593 0.00313 0.02085 0.00009 ( 1)
 104 F   0.98260 0.00095 0.01643 0.00002 ( 1)
 105 R   0.85013 0.12472 0.02125 0.00390 ( 1)
 106 V   0.97535 0.00740 0.01705 0.00020 ( 1)
 107 P   0.00448 0.97006 0.00008 0.02538 ( 2)
 108 T   0.21464 0.76195 0.00378 0.01963 ( 2)
 109 F   0.93577 0.04739 0.01561 0.00122 ( 1)
 110 E   0.98126 0.00320 0.01546 0.00008 ( 1)
 111 V   0.97973 0.00416 0.01600 0.00011 ( 1)
 112 P   0.96828 0.00502 0.02653 0.00017 ( 1)
 113 L   0.96737 0.00626 0.02617 0.00021 ( 1)
 114 L   0.97395 0.00445 0.02146 0.00013 ( 1)
 115 T   0.96644 0.01653 0.01659 0.00044 ( 1)
 116 V   0.15619 0.81515 0.00377 0.02490 ( 2)
 117 Y   0.34134 0.41208 0.22751 0.01907 ( 2)
 118 A   0.97144 0.00667 0.02169 0.00020 ( 1)
 119 Q   0.97835 0.00141 0.02020 0.00004 ( 1)
 120 A   0.97073 0.00528 0.02383 0.00017 ( 1)
 121 A   0.98013 0.00320 0.01659 0.00009 ( 1)
 122 N   0.98341 0.00227 0.01426 0.00006 ( 1)
 123 L   0.96674 0.01154 0.02138 0.00034 ( 1)
 124 H   0.98281 0.00078 0.01639 0.00002 ( 1)
 125 L   0.97408 0.00432 0.02147 0.00013 ( 1)
 126 Q   0.78510 0.19314 0.01628 0.00547 ( 1)
 127 L   0.97070 0.00589 0.02322 0.00019 ( 1)
 128 L   0.97395 0.00445 0.02146 0.00013 ( 1)
 129 R   0.96910 0.00487 0.02587 0.00016 ( 1)
 130 D   0.98425 0.00159 0.01412 0.00004 ( 1)
 131 A   0.95962 0.01074 0.02926 0.00038 ( 1)
 132 V   0.95117 0.03176 0.01620 0.00086 ( 1)
 133 K   0.95249 0.02574 0.02101 0.00076 ( 1)
 134 F   0.98260 0.00095 0.01643 0.00002 ( 1)
 135 G   0.98196 0.00159 0.01641 0.00004 ( 1)
 136 N   0.04937 0.92210 0.00117 0.02736 ( 2)
 137 E   0.93841 0.04533 0.01505 0.00121 ( 1)
 138 W   0.97016 0.00061 0.02921 0.00002 ( 1)
 139 G   0.98138 0.00209 0.01648 0.00005 ( 1)
 140 M   0.71282 0.26870 0.01174 0.00674 ( 1)
 141 P   0.96684 0.01388 0.01890 0.00039 ( 1)
 142 S   0.97471 0.00648 0.01863 0.00018 ( 1)
 143 E   0.07653 0.89669 0.00158 0.02520 ( 2)
 144 E   0.98218 0.00231 0.01544 0.00006 ( 1)
 145 V   0.97705 0.00681 0.01596 0.00018 ( 1)
 146 E   0.84732 0.13084 0.01803 0.00380 ( 1)
 147 D   0.96916 0.01653 0.01389 0.00042 ( 1)
 148 M   0.00246 0.89698 0.00795 0.09261 ( 2)
 149 Y   0.98007 0.00138 0.01851 0.00004 ( 1)
 150 N   0.51904 0.40843 0.05523 0.01729 ( 1)
 151 R   0.98100 0.00193 0.01702 0.00005 ( 1)
 152 L   0.90450 0.07338 0.01993 0.00218 ( 1)
 153 T   0.05520 0.92073 0.00088 0.02319 ( 2)
 154 R   0.13065 0.84117 0.00310 0.02508 ( 2)
 155 R   0.97740 0.00144 0.02112 0.00004 ( 1)
 156 T   0.97180 0.00386 0.02423 0.00012 ( 1)
 157 A   0.98119 0.00286 0.01588 0.00008 ( 1)
 158 E   0.97000 0.00896 0.02078 0.00026 ( 1)
 159 Y   0.98016 0.00130 0.01851 0.00004 ( 1)
 160 T   0.97457 0.00926 0.01593 0.00024 ( 1)
 161 D   0.95864 0.02662 0.01407 0.00068 ( 1)
 162 H   0.50542 0.04222 0.44989 0.00247 ( 1)
 163 C   0.98009 0.00061 0.01928 0.00002 ( 1)
 164 V   0.36113 0.61290 0.00768 0.01829 ( 2)
 165 A   0.11606 0.84091 0.00662 0.03642 ( 2)
 166 T   0.55026 0.41842 0.01672 0.01460 ( 1)
 167 Y   0.98007 0.00138 0.01851 0.00004 ( 1)
 168 D   0.98318 0.00265 0.01411 0.00007 ( 1)
 169 K   0.97459 0.00985 0.01530 0.00026 ( 1)
 170 G   0.98181 0.00167 0.01648 0.00004 ( 1)
 171 L   0.97395 0.00445 0.02146 0.00013 ( 1)
 172 K   0.95752 0.02074 0.02112 0.00061 ( 1)
 173 E   0.03012 0.77362 0.12855 0.06771 ( 2)
 174 A   0.97245 0.01081 0.01646 0.00029 ( 1)
 175 Y   0.91876 0.05221 0.02718 0.00185 ( 1)
 176 D   0.35728 0.22369 0.40507 0.01397 ( 3)
 177 L   0.95546 0.02283 0.02103 0.00068 ( 1)
 178 A   0.97126 0.01269 0.01572 0.00033 ( 1)
 179 P   0.93545 0.03771 0.02559 0.00125 ( 1)
 180 N   0.97270 0.00975 0.01728 0.00028 ( 1)
 181 P   0.96227 0.01757 0.01966 0.00051 ( 1)
 182 T   0.97471 0.00912 0.01594 0.00024 ( 1)
 183 D   0.97927 0.00652 0.01405 0.00017 ( 1)
 184 Y   0.90138 0.06737 0.02881 0.00244 ( 1)
 185 N   0.96979 0.00867 0.02127 0.00027 ( 1)
 186 K   0.97169 0.01270 0.01528 0.00033 ( 1)
 187 Y   0.90987 0.05891 0.02909 0.00214 ( 1)
 188 P   0.94991 0.03064 0.01861 0.00085 ( 1)
 189 Y   0.96789 0.01347 0.01826 0.00037 ( 1)
 190 L   0.92145 0.03388 0.04268 0.00199 ( 1)
 191 N   0.73774 0.24568 0.01054 0.00604 ( 1)
 192 P   0.96918 0.01227 0.01821 0.00033 ( 1)
 193 Y   0.65083 0.32584 0.01378 0.00955 ( 1)
 194 S   0.95934 0.01657 0.02356 0.00053 ( 1)
 195 K   0.50406 0.13878 0.35115 0.00601 ( 1)
 196 D   0.98425 0.00159 0.01412 0.00004 ( 1)
 197 P   0.82148 0.15585 0.01808 0.00459 ( 1)
 198 I   0.97505 0.00883 0.01589 0.00023 ( 1)
 199 Y   0.81511 0.15548 0.02393 0.00548 ( 1)
 200 G   0.98191 0.00157 0.01648 0.00004 ( 1)
 201 K   0.97093 0.01110 0.01766 0.00031 ( 1)
 202 Y   0.95575 0.01841 0.02522 0.00062 ( 1)
 203 Y   0.95782 0.02094 0.02061 0.00063 ( 1)
 204 T   0.98054 0.00223 0.01717 0.00006 ( 1)
 205 A   0.95838 0.02463 0.01631 0.00067 ( 1)
 206 P   0.95468 0.01992 0.02475 0.00066 ( 1)
 207 V   0.97565 0.00750 0.01664 0.00020 ( 1)
 208 D   0.97913 0.00666 0.01404 0.00017 ( 1)
 209 W   0.97016 0.00061 0.02921 0.00002 ( 1)
 210 N   0.94606 0.03932 0.01364 0.00098 ( 1)
 211 L   0.85977 0.11738 0.01936 0.00349 ( 1)
 212 F   0.97853 0.00498 0.01636 0.00013 ( 1)
 213 N   0.98207 0.00364 0.01420 0.00009 ( 1)
 214 D   0.93012 0.04689 0.02158 0.00141 ( 1)
 215 Y   0.93477 0.03773 0.02588 0.00163 ( 1)
 216 R   0.96628 0.00517 0.02837 0.00018 ( 1)
 217 R   0.98177 0.00117 0.01703 0.00003 ( 1)
 218 D   0.97393 0.00506 0.02085 0.00016 ( 1)
 219 M   0.98326 0.00044 0.01629 0.00001 ( 1)
 220 T   0.98044 0.00248 0.01701 0.00007 ( 1)
 221 L   0.45409 0.07179 0.46972 0.00441 ( 3)
 222 M   0.97699 0.00666 0.01618 0.00017 ( 1)
 223 V   0.97720 0.00462 0.01805 0.00013 ( 1)
 224 L   0.97294 0.00487 0.02204 0.00015 ( 1)
 225 D   0.97157 0.00567 0.02259 0.00017 ( 1)
 226 I   0.97505 0.00883 0.01589 0.00023 ( 1)
 227 V   0.97316 0.00799 0.01862 0.00023 ( 1)
 228 A   0.98114 0.00290 0.01587 0.00008 ( 1)
 229 V   0.97290 0.01093 0.01589 0.00029 ( 1)
 230 W   0.80849 0.16173 0.02417 0.00561 ( 1)
 231 P   0.98001 0.00152 0.01843 0.00004 ( 1)
 232 T   0.94257 0.02734 0.02911 0.00097 ( 1)

