Supplemental results for CODEML (seqf: algn  treef: tree)


dN/dS (w) for site classes (K=4)

site class             0        1       2a       2b
proportion       0.18374  0.13422  0.39413  0.28791
background w     0.14654  1.00000  0.14654  1.00000
foreground w     0.14654  1.00000  1.00000  1.00000

Naive Empirical Bayes (NEB) probabilities for 4 classes
(amino acids refer to 1st sequence: BT_Cry19Ba1)

   1 E   0.09101 0.20750 0.25640 0.44509 ( 4)
   2 -   0.18374 0.13422 0.39413 0.28791 ( 3)
   3 -   0.18374 0.13422 0.39413 0.28791 ( 3)
   4 V   0.07640 0.03673 0.80809 0.07878 ( 3)
   5 G   0.06985 0.01028 0.89782 0.02205 ( 3)
   6 P   0.00692 0.31145 0.01354 0.66809 ( 4)
   7 L   0.05749 0.06375 0.74201 0.13675 ( 3)
   8 L   0.33373 0.00267 0.65788 0.00572 ( 3)
   9 S   0.06869 0.00200 0.92502 0.00429 ( 3)
  10 W   0.07289 0.25144 0.13632 0.53935 ( 4)
  11 M   0.03675 0.14174 0.51745 0.30405 ( 3)
  12 V   0.00384 0.30054 0.05095 0.64468 ( 4)
  13 S   0.00316 0.22465 0.29031 0.48188 ( 4)
  14 L   0.06916 0.25110 0.14110 0.53864 ( 4)
  15 F   0.29103 0.04732 0.56015 0.10150 ( 3)
  16 W   0.29511 0.02951 0.61207 0.06331 ( 3)
  17 P   0.33674 0.00133 0.65909 0.00284 ( 3)
  18 T   0.00814 0.31023 0.01615 0.66547 ( 4)
  19 I   0.00040 0.31758 0.00078 0.68123 ( 4)
  20 -   0.26546 0.05250 0.56942 0.11262 ( 3)
  21 -   0.26125 0.05671 0.56040 0.12164 ( 3)
  22 -   0.23893 0.07902 0.51253 0.16951 ( 3)
  23 E   0.01166 0.30690 0.02312 0.65832 ( 4)
  24 E   0.00014 0.31782 0.00028 0.68175 ( 4)
  25 K   0.00734 0.31111 0.01421 0.66734 ( 4)
  26 N   0.34632 0.00634 0.63375 0.01359 ( 3)
  27 T   0.00311 0.22989 0.27388 0.49313 ( 4)
  28 V   0.32922 0.01728 0.61644 0.03707 ( 3)
  29 W   0.29511 0.02951 0.61207 0.06331 ( 3)
  30 E   0.17593 0.15711 0.32996 0.33701 ( 4)
  31 D   0.00252 0.31206 0.01603 0.66939 ( 4)
  32 M   0.00889 0.28617 0.09108 0.61386 ( 4)
  33 I   0.33106 0.01256 0.62945 0.02693 ( 3)
  34 K   0.34451 0.00344 0.64466 0.00738 ( 3)
  35 Y   0.01144 0.30745 0.02160 0.65951 ( 4)
  36 V   0.19061 0.11888 0.43550 0.25501 ( 3)
  37 A   0.29185 0.03534 0.59701 0.07580 ( 3)
  38 N   0.34691 0.00530 0.63644 0.01136 ( 3)
  39 L   0.31451 0.01395 0.64161 0.02993 ( 3)
  40 L   0.34764 0.00233 0.64502 0.00501 ( 3)
  41 K   0.00003 0.31793 0.00007 0.68197 ( 4)
  42 Q   0.02273 0.29651 0.04471 0.63604 ( 4)
  43 E   0.03586 0.15026 0.49156 0.32232 ( 3)
  44 L   0.05229 0.26855 0.10309 0.57607 ( 4)
  45 T   0.00014 0.31783 0.00028 0.68176 ( 4)
  46 N   0.00014 0.31782 0.00028 0.68175 ( 4)
  47 D   0.00021 0.31776 0.00039 0.68163 ( 4)
  48 T   0.05614 0.26670 0.10509 0.57208 ( 4)
  49 L   0.15204 0.17400 0.30073 0.37323 ( 4)
  50 N   0.00024 0.31773 0.00049 0.68155 ( 4)
  51 R   0.04727 0.27336 0.09298 0.58639 ( 4)
  52 A   0.34328 0.00066 0.65465 0.00141 ( 3)
  53 T   0.32158 0.00684 0.65691 0.01467 ( 3)
  54 S   0.00168 0.31639 0.00324 0.67869 ( 4)
  55 N   0.33588 0.01573 0.61466 0.03373 ( 3)
  56 L   0.31742 0.01808 0.62571 0.03879 ( 3)
  57 S   0.00645 0.31163 0.01344 0.66848 ( 4)
  58 G   0.26783 0.06780 0.51894 0.14543 ( 3)
  59 L   0.32938 0.00678 0.64930 0.01454 ( 3)
  60 N   0.00176 0.31582 0.00495 0.67746 ( 4)
  61 E   0.17316 0.13615 0.39863 0.29206 ( 3)
  62 S   0.03185 0.28760 0.06361 0.61693 ( 4)
  63 L   0.31726 0.01130 0.64721 0.02424 ( 3)
  64 N   0.00003 0.31790 0.00016 0.68191 ( 4)
  65 I   0.12806 0.19650 0.25392 0.42151 ( 4)
  66 Y   0.33170 0.00068 0.66617 0.00145 ( 3)
  67 N   0.32786 0.00365 0.66067 0.00782 ( 3)
  68 R   0.24135 0.08325 0.49684 0.17857 ( 3)
  69 A   0.15757 0.17205 0.30131 0.36907 ( 4)
  70 L   0.33979 0.00634 0.64027 0.01359 ( 3)
  71 A   0.33108 0.01193 0.63140 0.02559 ( 3)
  72 A   0.00047 0.31588 0.00607 0.67758 ( 4)
  73 W   0.29511 0.02951 0.61207 0.06331 ( 3)
  74 K   0.03150 0.28901 0.05955 0.61994 ( 4)
  75 Q   0.00000 0.31796 0.00000 0.68204 ( 4)
  76 -   0.18374 0.13422 0.39413 0.28791 ( 3)
  77 N   0.00318 0.31483 0.00665 0.67534 ( 4)
  78 K   0.00089 0.31716 0.00162 0.68033 ( 4)
  79 N   0.01978 0.29967 0.03773 0.64281 ( 4)
  80 N   0.00012 0.31785 0.00022 0.68181 ( 4)
  81 F   0.01914 0.29882 0.04105 0.64099 ( 4)
  82 A   0.01797 0.29999 0.03854 0.64351 ( 4)
  83 S   0.03719 0.28076 0.07978 0.60226 ( 4)
  84 -   0.18374 0.13422 0.39413 0.28791 ( 3)
  85 -   0.26329 0.05467 0.56478 0.11726 ( 3)
  86 G   0.29070 0.04462 0.56898 0.09570 ( 3)
  87 E   0.01635 0.24113 0.22528 0.51724 ( 4)
  88 L   0.00438 0.31366 0.00914 0.67282 ( 4)
  89 I   0.05291 0.26934 0.09999 0.57776 ( 4)
  90 R   0.32305 0.02106 0.61071 0.04518 ( 3)
  91 S   0.00007 0.31790 0.00013 0.68191 ( 4)
  92 Y   0.00287 0.31529 0.00550 0.67633 ( 4)
  93 I   0.34209 0.00238 0.65041 0.00511 ( 3)
  94 N   0.00050 0.31748 0.00101 0.68101 ( 4)
  95 D   0.06305 0.25664 0.12980 0.55051 ( 4)
  96 L   0.34126 0.00061 0.65682 0.00131 ( 3)
  97 H   0.34563 0.00088 0.65161 0.00188 ( 3)
  98 I   0.11183 0.21201 0.22139 0.45477 ( 4)
  99 L   0.00009 0.31787 0.00019 0.68185 ( 4)
 100 F   0.34821 0.00019 0.65121 0.00040 ( 3)
 101 T   0.00039 0.31758 0.00079 0.68124 ( 4)
 102 R   0.00000 0.31795 0.00001 0.68204 ( 4)
 103 D   0.02401 0.29632 0.04405 0.63562 ( 4)
 104 I   0.34783 0.00028 0.65129 0.00060 ( 3)
 105 Q   0.27810 0.06546 0.51601 0.14042 ( 3)
 106 S   0.00149 0.31649 0.00311 0.67891 ( 4)
 107 D   0.27132 0.05410 0.55852 0.11606 ( 3)
 108 F   0.32009 0.00884 0.65210 0.01896 ( 3)
 109 S   0.03215 0.28685 0.06568 0.61532 ( 4)
 110 L   0.11117 0.21703 0.20627 0.46554 ( 4)
 111 G   0.00002 0.31794 0.00004 0.68200 ( 4)
 112 G   0.01042 0.02773 0.90236 0.05949 ( 3)
 113 Y   0.34210 0.00095 0.65491 0.00204 ( 3)
 114 E   0.34324 0.00414 0.64375 0.00888 ( 3)
 115 T   0.00325 0.30338 0.04261 0.65077 ( 4)
 116 V   0.34833 0.00170 0.64631 0.00366 ( 3)
 117 L   0.33373 0.00267 0.65788 0.00572 ( 3)
 118 L   0.33271 0.00363 0.65587 0.00779 ( 3)
 119 P   0.33676 0.00131 0.65912 0.00281 ( 3)
 120 S   0.28645 0.03714 0.59674 0.07967 ( 3)
 121 Y   0.34196 0.00109 0.65463 0.00233 ( 3)
 122 A   0.30044 0.03930 0.57597 0.08430 ( 3)
 123 S   0.33158 0.01512 0.62086 0.03244 ( 3)
 124 A   0.29340 0.02382 0.63168 0.05109 ( 3)
 125 A   0.30782 0.01603 0.64177 0.03438 ( 3)
 126 N   0.35231 0.00094 0.64472 0.00202 ( 3)
 127 L   0.34045 0.00726 0.63673 0.01557 ( 3)
 128 H   0.34618 0.00037 0.65264 0.00080 ( 3)
 129 L   0.32376 0.00501 0.66048 0.01074 ( 3)
 130 L   0.29961 0.04127 0.57059 0.08853 ( 3)
 131 L   0.33219 0.00411 0.65488 0.00882 ( 3)
 132 L   0.33192 0.00438 0.65430 0.00940 ( 3)
 133 R   0.32836 0.00687 0.65004 0.01473 ( 3)
 134 D   0.33054 0.00056 0.66770 0.00120 ( 3)
 135 V   0.34441 0.00340 0.64489 0.00730 ( 3)
 136 A   0.04273 0.27889 0.08013 0.59825 ( 4)
 137 I   0.34474 0.00310 0.64550 0.00666 ( 3)
 138 Y   0.32132 0.02021 0.61512 0.04335 ( 3)
 139 G   0.33918 0.00115 0.65719 0.00248 ( 3)
 140 K   0.11007 0.21539 0.21252 0.46202 ( 4)
 141 E   0.03151 0.18225 0.39530 0.39094 ( 3)
 142 -   0.21295 0.12347 0.39873 0.26485 ( 3)
 143 -   0.18982 0.13187 0.39545 0.28286 ( 3)
 144 -   0.20320 0.12688 0.39776 0.27216 ( 3)
 145 -   0.21247 0.12363 0.39871 0.26519 ( 3)
 146 -   0.20721 0.12543 0.39830 0.26906 ( 3)
 147 -   0.21295 0.12347 0.39873 0.26485 ( 3)
 148 -   0.21746 0.12188 0.39922 0.26144 ( 3)
 149 -   0.18925 0.13209 0.39534 0.28333 ( 3)
 150 L   0.31964 0.00451 0.66618 0.00967 ( 3)
 151 G   0.32438 0.02230 0.60550 0.04783 ( 3)
 152 Y   0.34465 0.00343 0.64456 0.00736 ( 3)
 153 P   0.00001 0.31792 0.00011 0.68196 ( 4)
 154 S   0.00083 0.31718 0.00162 0.68037 ( 4)
 155 T   0.00002 0.31794 0.00004 0.68200 ( 4)
 156 D   0.00107 0.31693 0.00215 0.67985 ( 4)
 157 V   0.29464 0.03718 0.58841 0.07976 ( 3)
 158 E   0.00174 0.31639 0.00320 0.67868 ( 4)
 159 F   0.01172 0.30726 0.02191 0.65910 ( 4)
 160 Y   0.34243 0.00065 0.65554 0.00139 ( 3)
 161 Y   0.32556 0.02502 0.59576 0.05366 ( 3)
 162 N   0.00083 0.31718 0.00161 0.68038 ( 4)
 163 E   0.34695 0.00075 0.65071 0.00160 ( 3)
 164 Q   0.19735 0.12989 0.39413 0.27863 ( 3)
 165 K   0.11473 0.20867 0.22899 0.44761 ( 4)
 166 Y   0.00000 0.31796 0.00000 0.68204 ( 4)
 167 Y   0.33868 0.00412 0.64837 0.00883 ( 3)
 168 T   0.27247 0.05808 0.54485 0.12459 ( 3)
 169 E   0.04474 0.27695 0.08423 0.59408 ( 4)
 170 K   0.00027 0.31769 0.00056 0.68148 ( 4)
 171 Y   0.33811 0.00465 0.64727 0.00997 ( 3)
 172 S   0.30284 0.02497 0.61863 0.05356 ( 3)
 173 N   0.27333 0.07201 0.50019 0.15446 ( 3)
 174 Y   0.24151 0.09582 0.45712 0.20554 ( 3)
 175 C   0.32055 0.00327 0.66916 0.00702 ( 3)
 176 V   0.17231 0.15484 0.34069 0.33215 ( 3)
 177 N   0.08904 0.23739 0.16434 0.50923 ( 4)
 178 T   0.31483 0.02758 0.59844 0.05916 ( 3)
 179 Y   0.28277 0.04044 0.59005 0.08674 ( 3)
 180 K   0.07460 0.00135 0.92114 0.00290 ( 3)
 181 S   0.00337 0.31488 0.00631 0.67544 ( 4)
 182 G   0.21297 0.12011 0.40928 0.25764 ( 3)
 183 L   0.32130 0.00739 0.65547 0.01584 ( 3)
 184 E   0.07718 0.24226 0.16090 0.51966 ( 4)
 185 S   0.07863 0.24338 0.15592 0.52207 ( 4)
 186 K   0.17314 0.15966 0.32472 0.34249 ( 4)
 187 K   0.34783 0.00042 0.65086 0.00090 ( 3)
 188 Q   0.11883 0.20932 0.22286 0.44900 ( 4)
 189 I   0.34572 0.00234 0.64692 0.00502 ( 3)
 190 G   0.30044 0.03830 0.57910 0.08216 ( 3)
 191 W   0.29511 0.02951 0.61207 0.06331 ( 3)
 192 S   0.00746 0.31075 0.01520 0.66658 ( 4)
 193 D   0.00316 0.31498 0.00620 0.67566 ( 4)
 194 F   0.32100 0.00796 0.65395 0.01708 ( 3)
 195 N   0.34479 0.00164 0.65004 0.00353 ( 3)
 196 R   0.16473 0.15901 0.33518 0.34109 ( 4)
 197 Y   0.34243 0.00065 0.65554 0.00139 ( 3)
 198 R   0.33304 0.00243 0.65931 0.00522 ( 3)
 199 R   0.34164 0.00122 0.65453 0.00262 ( 3)
 200 E   0.00204 0.31609 0.00384 0.67803 ( 4)
 201 M   0.34438 0.00027 0.65477 0.00058 ( 3)
 202 T   0.34370 0.00095 0.65332 0.00204 ( 3)
 203 L   0.31650 0.01203 0.64567 0.02580 ( 3)
 204 S   0.07951 0.24447 0.15162 0.52440 ( 4)
 205 V   0.34246 0.00332 0.64711 0.00712 ( 3)
 206 L   0.33335 0.00303 0.65713 0.00649 ( 3)
 207 D   0.35268 0.00010 0.64702 0.00021 ( 3)
 208 I   0.20305 0.13360 0.37675 0.28659 ( 3)
 209 V   0.34225 0.00537 0.64084 0.01153 ( 3)
 210 A   0.33905 0.00456 0.64659 0.00979 ( 3)
 211 L   0.06906 0.00419 0.91776 0.00899 ( 3)
 212 F   0.32518 0.00393 0.66246 0.00843 ( 3)
 213 P   0.33674 0.00133 0.65909 0.00284 ( 3)
 214 L   0.01667 0.30158 0.03484 0.64691 ( 4)


lnL = -3771.832445

