Supplemental results for CODEML (seqf: algn  treef: tree)


dN/dS (w) for site classes (K=4)

site class             0        1       2a       2b
proportion       0.73462  0.21841  0.03621  0.01076
background w     0.12517  1.00000  0.12517  1.00000
foreground w     0.12517  1.00000  1.00000  1.00000

Naive Empirical Bayes (NEB) probabilities for 4 classes
(amino acids refer to 1st sequence: BT_Cry1Ia18)

   1 P   0.92432 0.02871 0.04556 0.00142 ( 1)
   2 F   0.93175 0.02127 0.04592 0.00105 ( 1)
   3 A   0.93446 0.01856 0.04606 0.00091 ( 1)
   4 G   0.94980 0.00323 0.04681 0.00016 ( 1)
   5 Q   0.00115 0.95188 0.00006 0.04692 ( 2)
   6 I   0.94678 0.00625 0.04667 0.00031 ( 1)
   7 A   0.94447 0.00856 0.04655 0.00042 ( 1)
   8 S   0.35486 0.59817 0.01749 0.02948 ( 2)
   9 L   0.88616 0.06687 0.04368 0.00330 ( 1)
  10 Y   0.56447 0.38856 0.02782 0.01915 ( 1)
  11 S   0.94570 0.00732 0.04661 0.00036 ( 1)
  12 F   0.39830 0.55472 0.01963 0.02734 ( 2)
  13 I   0.82484 0.12819 0.04066 0.00632 ( 1)
  14 L   0.75817 0.19485 0.03737 0.00960 ( 1)
  15 G   0.94942 0.00361 0.04680 0.00018 ( 1)
  16 E   0.18379 0.76924 0.00906 0.03791 ( 2)
  17 L   0.95050 0.00253 0.04685 0.00012 ( 1)
  18 W   0.94704 0.00598 0.04668 0.00029 ( 1)
  19 P   0.95278 0.00025 0.04696 0.00001 ( 1)
  20 K   0.58673 0.36630 0.02892 0.01805 ( 1)
  21 -   0.73888 0.21415 0.03642 0.01055 ( 1)
  22 G   0.02525 0.92778 0.00124 0.04573 ( 2)
  23 K   0.70869 0.24434 0.03493 0.01204 ( 1)
  24 S   0.03778 0.91525 0.00186 0.04511 ( 2)
  25 Q   0.10235 0.85068 0.00504 0.04193 ( 2)
  26 W   0.94704 0.00598 0.04668 0.00029 ( 1)
  27 E   0.95286 0.00017 0.04696 0.00001 ( 1)
  28 I   0.15447 0.79855 0.00761 0.03936 ( 2)
  29 F   0.95107 0.00195 0.04688 0.00010 ( 1)
  30 M   0.95279 0.00024 0.04696 0.00001 ( 1)
  31 E   0.95005 0.00297 0.04683 0.00015 ( 1)
  32 H   0.81923 0.13380 0.04038 0.00659 ( 1)
  33 V   0.95197 0.00106 0.04692 0.00005 ( 1)
  34 E   0.95286 0.00017 0.04696 0.00001 ( 1)
  35 E   0.36169 0.59134 0.01783 0.02915 ( 2)
  36 I   0.92711 0.02592 0.04570 0.00128 ( 1)
  37 I   0.95088 0.00215 0.04687 0.00011 ( 1)
  38 N   0.94145 0.01157 0.04640 0.00057 ( 1)
  39 Q   0.95143 0.00160 0.04689 0.00008 ( 1)
  40 K   0.95289 0.00014 0.04697 0.00001 ( 1)
  41 I   0.95176 0.00127 0.04691 0.00006 ( 1)
  42 L   0.14944 0.80358 0.00737 0.03961 ( 2)
  43 T   0.61497 0.33806 0.03031 0.01666 ( 1)
  44 Y   0.95182 0.00120 0.04691 0.00006 ( 1)
  45 A   0.95287 0.00016 0.04697 0.00001 ( 1)
  46 R   0.95241 0.00062 0.04694 0.00003 ( 1)
  47 N   0.94293 0.01010 0.04648 0.00050 ( 1)
  48 K   0.95148 0.00154 0.04690 0.00008 ( 1)
  49 A   0.95181 0.00122 0.04691 0.00006 ( 1)
  50 L   0.93455 0.01847 0.04606 0.00091 ( 1)
  51 S   0.25505 0.69797 0.01257 0.03440 ( 2)
  52 D   0.95088 0.00215 0.04687 0.00011 ( 1)
  53 L   0.92482 0.02821 0.04558 0.00139 ( 1)
  54 R   0.46345 0.48957 0.02284 0.02413 ( 2)
  55 G   0.95120 0.00183 0.04688 0.00009 ( 1)
  56 L   0.95165 0.00138 0.04691 0.00007 ( 1)
  57 G   0.94352 0.00951 0.04650 0.00047 ( 1)
  58 D   0.94139 0.01164 0.04640 0.00057 ( 1)
  59 A   0.84129 0.11174 0.04147 0.00551 ( 1)
  60 L   0.36801 0.58502 0.01814 0.02883 ( 2)
  61 A   0.24635 0.70668 0.01214 0.03483 ( 2)
  62 V   0.93526 0.01777 0.04610 0.00088 ( 1)
  63 Y   0.95204 0.00098 0.04692 0.00005 ( 1)
  64 H   0.89755 0.05547 0.04424 0.00273 ( 1)
  65 E   0.21572 0.73730 0.01063 0.03634 ( 2)
  66 S   0.90811 0.04492 0.04476 0.00221 ( 1)
  67 L   0.93850 0.01453 0.04626 0.00072 ( 1)
  68 E   0.94568 0.00734 0.04661 0.00036 ( 1)
  69 S   0.05328 0.89975 0.00263 0.04435 ( 2)
  70 W   0.94704 0.00598 0.04668 0.00029 ( 1)
  71 V   0.00235 0.95068 0.00012 0.04686 ( 2)
  72 K   0.70362 0.24941 0.03468 0.01229 ( 1)
  73 N   0.95296 0.00007 0.04697 0.00000 ( 1)
  74 R   0.87015 0.08288 0.04289 0.00408 ( 1)
  75 N   0.88127 0.07176 0.04344 0.00354 ( 1)
  76 N   0.90665 0.04638 0.04469 0.00229 ( 1)
  77 T   0.10982 0.84321 0.00541 0.04156 ( 2)
  78 R   0.95234 0.00068 0.04694 0.00003 ( 1)
  79 A   0.72391 0.22912 0.03568 0.01129 ( 1)
  80 R   0.79809 0.15493 0.03934 0.00764 ( 1)
  81 S   0.86352 0.08951 0.04256 0.00441 ( 1)
  82 V   0.72210 0.23093 0.03559 0.01138 ( 1)
  83 V   0.94550 0.00752 0.04660 0.00037 ( 1)
  84 K   0.00092 0.95210 0.00005 0.04693 ( 2)
  85 N   0.74021 0.21282 0.03648 0.01049 ( 1)
  86 Q   0.92615 0.02688 0.04565 0.00132 ( 1)
  87 Y   0.95187 0.00116 0.04692 0.00006 ( 1)
  88 I   0.24594 0.70709 0.01212 0.03485 ( 2)
  89 A   0.59193 0.36109 0.02918 0.01780 ( 1)
  90 L   0.93253 0.02050 0.04596 0.00101 ( 1)
  91 E   0.88003 0.07300 0.04337 0.00360 ( 1)
  92 L   0.08069 0.87234 0.00398 0.04300 ( 2)
  93 M   0.01153 0.94150 0.00057 0.04641 ( 2)
  94 F   0.95294 0.00009 0.04697 0.00000 ( 1)
  95 V   0.65664 0.29638 0.03236 0.01461 ( 1)
  96 Q   0.01155 0.94148 0.00057 0.04640 ( 2)
  97 K   0.01875 0.93427 0.00092 0.04605 ( 2)
  98 L   0.92698 0.02604 0.04569 0.00128 ( 1)
  99 P   0.95282 0.00021 0.04696 0.00001 ( 1)
 100 S   0.95219 0.00084 0.04693 0.00004 ( 1)
 101 F   0.95295 0.00008 0.04697 0.00000 ( 1)
 102 A   0.91031 0.04271 0.04487 0.00211 ( 1)
 103 V   0.95251 0.00052 0.04695 0.00003 ( 1)
 104 S   0.73887 0.21415 0.03642 0.01056 ( 1)
 105 G   0.27251 0.68052 0.01343 0.03354 ( 2)
 106 E   0.04952 0.90351 0.00244 0.04453 ( 2)
 107 E   0.95286 0.00017 0.04696 0.00001 ( 1)
 108 V   0.95261 0.00041 0.04695 0.00002 ( 1)
 109 P   0.91772 0.03530 0.04523 0.00174 ( 1)
 110 L   0.94276 0.01026 0.04647 0.00051 ( 1)
 111 L   0.95068 0.00235 0.04686 0.00012 ( 1)
 112 P   0.88353 0.06950 0.04355 0.00343 ( 1)
 113 I   0.94501 0.00801 0.04658 0.00040 ( 1)
 114 Y   0.95279 0.00024 0.04696 0.00001 ( 1)
 115 A   0.94906 0.00397 0.04678 0.00020 ( 1)
 116 Q   0.18625 0.76678 0.00918 0.03779 ( 2)
 117 A   0.95271 0.00032 0.04696 0.00002 ( 1)
 118 A   0.95256 0.00046 0.04695 0.00002 ( 1)
 119 N   0.95267 0.00036 0.04696 0.00002 ( 1)
 120 L   0.94375 0.00927 0.04652 0.00046 ( 1)
 121 H   0.95297 0.00006 0.04697 0.00000 ( 1)
 122 L   0.95142 0.00161 0.04689 0.00008 ( 1)
 123 L   0.94671 0.00631 0.04666 0.00031 ( 1)
 124 L   0.95200 0.00103 0.04692 0.00005 ( 1)
 125 L   0.95200 0.00103 0.04692 0.00005 ( 1)
 126 R   0.95269 0.00033 0.04696 0.00002 ( 1)
 127 D   0.95271 0.00032 0.04696 0.00002 ( 1)
 128 A   0.95279 0.00023 0.04696 0.00001 ( 1)
 129 S   0.93244 0.02059 0.04596 0.00101 ( 1)
 130 I   0.91232 0.04071 0.04497 0.00201 ( 1)
 131 F   0.95295 0.00008 0.04697 0.00000 ( 1)
 132 G   0.95137 0.00166 0.04689 0.00008 ( 1)
 133 K   0.91415 0.03888 0.04506 0.00192 ( 1)
 134 E   0.42674 0.52629 0.02103 0.02594 ( 2)
 135 W   0.90696 0.04607 0.04470 0.00227 ( 1)
 136 G   0.95270 0.00033 0.04696 0.00002 ( 1)
 137 L   0.88947 0.06355 0.04384 0.00313 ( 1)
 138 S   0.94749 0.00554 0.04670 0.00027 ( 1)
 139 A   0.88034 0.07269 0.04339 0.00358 ( 1)
 140 -   0.73462 0.21840 0.03621 0.01076 ( 1)
 141 -   0.73462 0.21840 0.03621 0.01076 ( 1)
 142 -   0.73462 0.21840 0.03621 0.01076 ( 1)
 143 S   0.00045 0.95258 0.00002 0.04695 ( 2)
 144 E   0.89919 0.05384 0.04432 0.00265 ( 1)
 145 I   0.93774 0.01529 0.04622 0.00075 ( 1)
 146 S   0.43239 0.52063 0.02131 0.02566 ( 2)
 147 T   0.05431 0.89871 0.00268 0.04430 ( 2)
 148 F   0.20393 0.74910 0.01005 0.03692 ( 2)
 149 Y   0.95279 0.00024 0.04696 0.00001 ( 1)
 150 N   0.93338 0.01965 0.04600 0.00097 ( 1)
 151 R   0.95097 0.00206 0.04687 0.00010 ( 1)
 152 Q   0.94847 0.00455 0.04675 0.00022 ( 1)
 153 V   0.20172 0.75131 0.00994 0.03703 ( 2)
 154 E   0.03220 0.92083 0.00159 0.04539 ( 2)
 155 R   0.90277 0.05025 0.04450 0.00248 ( 1)
 156 T   0.94899 0.00404 0.04677 0.00020 ( 1)
 157 R   0.06624 0.88678 0.00327 0.04371 ( 2)
 158 D   0.09371 0.85932 0.00462 0.04235 ( 2)
 159 Y   0.95279 0.00024 0.04696 0.00001 ( 1)
 160 S   0.88880 0.06423 0.04381 0.00317 ( 1)
 161 D   0.95072 0.00231 0.04686 0.00011 ( 1)
 162 H   0.94954 0.00349 0.04680 0.00017 ( 1)
 163 C   0.95281 0.00022 0.04696 0.00001 ( 1)
 164 V   0.88434 0.06869 0.04359 0.00339 ( 1)
 165 K   0.94433 0.00870 0.04654 0.00043 ( 1)
 166 W   0.58481 0.36822 0.02882 0.01815 ( 1)
 167 Y   0.94870 0.00432 0.04676 0.00021 ( 1)
 168 N   0.94411 0.00892 0.04653 0.00044 ( 1)
 169 T   0.89272 0.06030 0.04400 0.00297 ( 1)
 170 G   0.95251 0.00051 0.04695 0.00003 ( 1)
 171 L   0.95182 0.00121 0.04691 0.00006 ( 1)
 172 N   0.04287 0.91016 0.00211 0.04486 ( 2)
 173 N   0.27944 0.67359 0.01377 0.03320 ( 2)
 174 L   0.35648 0.59655 0.01757 0.02940 ( 2)
 175 R   0.89753 0.05550 0.04424 0.00274 ( 1)
 176 G   0.15022 0.80281 0.00740 0.03957 ( 2)
 177 T   0.05233 0.90069 0.00258 0.04439 ( 2)
 178 N   0.55574 0.39729 0.02739 0.01958 ( 1)
 179 A   0.86905 0.08397 0.04283 0.00414 ( 1)
 180 -   0.64541 0.30762 0.03181 0.01516 ( 1)
 181 -   0.70542 0.24760 0.03477 0.01220 ( 1)
 182 -   0.19006 0.76297 0.00937 0.03761 ( 2)
 183 -   0.79992 0.15311 0.03943 0.00755 ( 1)
 184 -   0.73462 0.21840 0.03621 0.01076 ( 1)
 185 -   0.73462 0.21840 0.03621 0.01076 ( 1)
 186 -   0.73462 0.21840 0.03621 0.01076 ( 1)
 187 -   0.73462 0.21840 0.03621 0.01076 ( 1)
 188 -   0.73462 0.21840 0.03621 0.01076 ( 1)
 189 -   0.73462 0.21840 0.03621 0.01076 ( 1)
 190 -   0.73462 0.21840 0.03621 0.01076 ( 1)
 191 -   0.73462 0.21840 0.03621 0.01076 ( 1)
 192 -   0.73462 0.21840 0.03621 0.01076 ( 1)
 193 -   0.73462 0.21840 0.03621 0.01076 ( 1)
 194 -   0.73462 0.21840 0.03621 0.01076 ( 1)
 195 -   0.73462 0.21840 0.03621 0.01076 ( 1)
 196 -   0.73462 0.21840 0.03621 0.01076 ( 1)
 197 -   0.73462 0.21840 0.03621 0.01076 ( 1)
 198 -   0.73462 0.21840 0.03621 0.01076 ( 1)
 199 -   0.73462 0.21840 0.03621 0.01076 ( 1)
 200 -   0.73462 0.21840 0.03621 0.01076 ( 1)
 201 -   0.73462 0.21840 0.03621 0.01076 ( 1)
 202 -   0.73462 0.21840 0.03621 0.01076 ( 1)
 203 -   0.73462 0.21840 0.03621 0.01076 ( 1)
 204 -   0.73462 0.21840 0.03621 0.01076 ( 1)
 205 -   0.73462 0.21840 0.03621 0.01076 ( 1)
 206 -   0.73462 0.21840 0.03621 0.01076 ( 1)
 207 -   0.78306 0.16996 0.03860 0.00838 ( 1)
 208 -   0.92095 0.03208 0.04539 0.00158 ( 1)
 209 -   0.36467 0.58836 0.01797 0.02900 ( 2)
 210 -   0.91196 0.04107 0.04495 0.00202 ( 1)
 211 K   0.00200 0.95103 0.00010 0.04687 ( 2)
 212 S   0.45562 0.49740 0.02246 0.02452 ( 2)
 213 W   0.94704 0.00598 0.04668 0.00029 ( 1)
 214 V   0.40674 0.54629 0.02005 0.02693 ( 2)
 215 R   0.00069 0.95233 0.00003 0.04694 ( 2)
 216 Y   0.95279 0.00024 0.04696 0.00001 ( 1)
 217 N   0.93204 0.02099 0.04594 0.00103 ( 1)
 218 Q   0.74446 0.20857 0.03669 0.01028 ( 1)
 219 F   0.95253 0.00049 0.04695 0.00002 ( 1)
 220 R   0.95243 0.00060 0.04694 0.00003 ( 1)
 221 K   0.95215 0.00087 0.04693 0.00004 ( 1)
 222 D   0.94831 0.00471 0.04674 0.00023 ( 1)
 223 M   0.95275 0.00027 0.04696 0.00001 ( 1)
 224 T   0.94137 0.01166 0.04640 0.00057 ( 1)
 225 L   0.94056 0.01246 0.04636 0.00061 ( 1)
 226 M   0.93890 0.01413 0.04628 0.00070 ( 1)
 227 V   0.95251 0.00052 0.04695 0.00003 ( 1)
 228 L   0.95137 0.00165 0.04689 0.00008 ( 1)
 229 D   0.95291 0.00011 0.04697 0.00001 ( 1)
 230 L   0.86875 0.08428 0.04282 0.00415 ( 1)
 231 V   0.90821 0.04482 0.04476 0.00221 ( 1)
 232 A   0.88216 0.07087 0.04348 0.00349 ( 1)
 233 L   0.83408 0.11895 0.04111 0.00586 ( 1)
 234 F   0.95260 0.00043 0.04695 0.00002 ( 1)
 235 P   0.95065 0.00238 0.04686 0.00012 ( 1)
 236 S   0.00657 0.94646 0.00032 0.04665 ( 2)


lnL = -3343.019598

