Supplemental results for CODEML (seqf: algn  treef: tree)


dN/dS (w) for site classes (K=4)

site class             0        1       2a       2b
proportion       0.00000  0.00000  0.78857  0.21143
background w     0.12491  1.04946  0.12491  1.04946
foreground w     0.12491  1.04946  0.05533  0.05533

Naive Empirical Bayes (NEB) probabilities for 4 classes
(amino acids refer to 1st sequence: BT_Cry9Ca1)

   1 S   0.00000 0.00000 0.96731 0.03269 ( 3)
   2 N   0.00000 0.00000 0.99539 0.00461 ( 3)
   3 P   0.00000 0.00000 0.99464 0.00536 ( 3)
   4 Q   0.00000 0.00000 0.96830 0.03170 ( 3)
   5 L   0.00000 0.00000 0.99653 0.00347 ( 3)
   6 T   0.00000 0.00000 0.98997 0.01003 ( 3)
   7 R   0.00000 0.00000 0.99636 0.00364 ( 3)
   8 E   0.00000 0.00000 0.96133 0.03867 ( 3)
   9 V   0.00000 0.00000 0.90416 0.09584 ( 3)
  10 Y   0.00000 0.00000 0.99675 0.00325 ( 3)
  11 T   0.00000 0.00000 0.98976 0.01024 ( 3)
  12 D   0.00000 0.00000 0.99826 0.00174 ( 3)
  13 P   0.00000 0.00000 0.98135 0.01865 ( 3)
  14 I   0.00000 0.00000 0.95058 0.04942 ( 3)
  15 V   0.00000 0.00000 0.99228 0.00772 ( 3)
  16 F   0.00000 0.00000 0.97327 0.02673 ( 3)
  17 N   0.00000 0.00000 0.99794 0.00206 ( 3)
  18 P   0.00000 0.00000 0.98980 0.01020 ( 3)
  19 P   0.00000 0.00000 0.91298 0.08702 ( 3)
  20 A   0.00000 0.00000 0.99254 0.00746 ( 3)
  21 N   0.00000 0.00000 0.99794 0.00206 ( 3)
  22 V   0.00000 0.00000 0.23844 0.76156 ( 4)
  23 G   0.00000 0.00000 0.98969 0.01031 ( 3)
  24 L   0.00000 0.00000 0.86769 0.13231 ( 3)
  25 C   0.00000 0.00000 0.98877 0.01123 ( 3)
  26 R   0.00000 0.00000 0.98667 0.01333 ( 3)
  27 R   0.00000 0.00000 0.99636 0.00364 ( 3)
  28 W   0.00000 0.00000 0.95416 0.04584 ( 3)
  29 G   0.00000 0.00000 0.86021 0.13979 ( 3)
  30 T   0.00000 0.00000 0.98662 0.01338 ( 3)
  31 N   0.00000 0.00000 0.99326 0.00674 ( 3)
  32 P   0.00000 0.00000 0.99069 0.00931 ( 3)
  33 Y   0.00000 0.00000 0.99675 0.00325 ( 3)
  34 N   0.00000 0.00000 0.64105 0.35895 ( 3)
  35 T   0.00000 0.00000 0.99080 0.00920 ( 3)
  36 F   0.00000 0.00000 0.99779 0.00221 ( 3)
  37 S   0.00000 0.00000 0.97658 0.02342 ( 3)
  38 E   0.00000 0.00000 0.94406 0.05594 ( 3)
  39 L   0.00000 0.00000 0.99583 0.00417 ( 3)
  40 E   0.00000 0.00000 0.99245 0.00755 ( 3)
  41 N   0.00000 0.00000 0.99794 0.00206 ( 3)
  42 A   0.00000 0.00000 0.93364 0.06636 ( 3)
  43 F   0.00000 0.00000 0.98604 0.01396 ( 3)
  44 I   0.00000 0.00000 0.99736 0.00264 ( 3)
  45 R   0.00000 0.00000 0.95169 0.04831 ( 3)
  46 P   0.00000 0.00000 0.97839 0.02161 ( 3)
  47 P   0.00000 0.00000 0.98817 0.01183 ( 3)
  48 H   0.00000 0.00000 0.99774 0.00226 ( 3)
  49 L   0.00000 0.00000 0.97207 0.02793 ( 3)
  50 F   0.00000 0.00000 0.99779 0.00221 ( 3)
  51 D   0.00000 0.00000 0.97141 0.02859 ( 3)
  52 R   0.00000 0.00000 0.98656 0.01344 ( 3)
  53 L   0.00000 0.00000 0.95652 0.04348 ( 3)
  54 N   0.00000 0.00000 0.99751 0.00249 ( 3)
  55 S   0.00000 0.00000 0.93860 0.06140 ( 3)
  56 L   0.00000 0.00000 0.98034 0.01966 ( 3)
  57 T   0.00000 0.00000 0.99267 0.00733 ( 3)
  58 I   0.00000 0.00000 0.99676 0.00324 ( 3)
  59 S   0.00000 0.00000 0.19948 0.80052 ( 4)
  60 S   0.00000 0.00000 0.68973 0.31027 ( 3)
  61 N   0.00000 0.00000 0.95524 0.04476 ( 3)
  62 R   0.00000 0.00000 0.97157 0.02843 ( 3)
  63 F   0.00000 0.00000 0.97327 0.02673 ( 3)
  64 -   0.00000 0.00000 0.82308 0.17692 ( 3)
  65 -   0.00000 0.00000 0.83610 0.16390 ( 3)
  66 P   0.00000 0.00000 0.31886 0.68114 ( 4)
  67 V   0.00000 0.00000 0.74354 0.25646 ( 3)
  68 S   0.00000 0.00000 0.07965 0.92035 ( 4)
  69 S   0.00000 0.00000 0.47313 0.52687 ( 4)
  70 N   0.00000 0.00000 0.97156 0.02844 ( 3)
  71 F   0.00000 0.00000 0.95672 0.04328 ( 3)
  72 M   0.00000 0.00000 0.36200 0.63800 ( 4)
  73 D   0.00000 0.00000 0.96739 0.03261 ( 3)
  74 Y   0.00000 0.00000 0.78151 0.21849 ( 3)
  75 W   0.00000 0.00000 0.95416 0.04584 ( 3)
  76 S   0.00000 0.00000 0.87066 0.12934 ( 3)
  77 G   0.00000 0.00000 0.99180 0.00820 ( 3)
  78 H   0.00000 0.00000 0.99774 0.00226 ( 3)
  79 T   0.00000 0.00000 0.97971 0.02029 ( 3)
  80 L   0.00000 0.00000 0.98034 0.01966 ( 3)
  81 R   0.00000 0.00000 0.69252 0.30748 ( 3)
  82 R   0.00000 0.00000 0.94589 0.05411 ( 3)
  83 S   0.00000 0.00000 0.58866 0.41134 ( 3)
  84 Y   0.00000 0.00000 0.66120 0.33880 ( 3)
  85 L   0.00000 0.00000 0.05874 0.94126 ( 4)
  86 N   0.00000 0.00000 0.99225 0.00775 ( 3)
  87 D   0.00000 0.00000 0.79502 0.20498 ( 3)
  88 S   0.00000 0.00000 0.67563 0.32437 ( 3)
  89 A   0.00000 0.00000 0.92427 0.07573 ( 3)
  90 V   0.00000 0.00000 0.70684 0.29316 ( 3)
  91 Q   0.00000 0.00000 0.69558 0.30442 ( 3)
  92 E   0.00000 0.00000 0.99561 0.00439 ( 3)
  93 D   0.00000 0.00000 0.90235 0.09765 ( 3)
  94 S   0.00000 0.00000 0.99845 0.00155 ( 3)
  95 Y   0.00000 0.00000 0.99407 0.00593 ( 3)
  96 G   0.00000 0.00000 0.98187 0.01813 ( 3)
  97 L   0.00000 0.00000 0.02755 0.97245 ( 4)
  98 I   0.00000 0.00000 0.96619 0.03381 ( 3)
  99 T   0.00000 0.00000 0.99407 0.00593 ( 3)
 100 T   0.00000 0.00000 0.03521 0.96479 ( 4)
 101 T   0.00000 0.00000 0.06925 0.93075 ( 4)
 102 R   0.00000 0.00000 0.92635 0.07365 ( 3)
 103 A   0.00000 0.00000 0.01127 0.98873 ( 4)
 104 T   0.00000 0.00000 0.59776 0.40224 ( 3)
 105 I   0.00000 0.00000 0.96233 0.03767 ( 3)
 106 N   0.00000 0.00000 0.99794 0.00206 ( 3)
 107 P   0.00000 0.00000 0.04501 0.95499 ( 4)
 108 G   0.00000 0.00000 0.13788 0.86212 ( 4)
 109 V   0.00000 0.00000 0.53336 0.46664 ( 3)
 110 D   0.00000 0.00000 0.97955 0.02045 ( 3)
 111 G   0.00000 0.00000 0.98969 0.01031 ( 3)
 112 T   0.00000 0.00000 0.94084 0.05916 ( 3)
 113 N   0.00000 0.00000 0.00274 0.99726 ( 4)
 114 R   0.00000 0.00000 0.03288 0.96712 ( 4)
 115 I   0.00000 0.00000 0.92070 0.07930 ( 3)
 116 E   0.00000 0.00000 0.93190 0.06810 ( 3)
 117 S   0.00000 0.00000 0.98191 0.01809 ( 3)
 118 T   0.00000 0.00000 0.78635 0.21365 ( 3)
 119 A   0.00000 0.00000 0.99209 0.00791 ( 3)
 120 V   0.00000 0.00000 0.60922 0.39078 ( 3)
 121 D   0.00000 0.00000 0.99015 0.00985 ( 3)
 122 F   0.00000 0.00000 0.99779 0.00221 ( 3)
 123 R   0.00000 0.00000 0.95316 0.04684 ( 3)
 124 S   0.00000 0.00000 0.01899 0.98101 ( 4)
 125 A   0.00000 0.00000 0.09718 0.90282 ( 4)
 126 L   0.00000 0.00000 0.21888 0.78112 ( 4)
 127 I   0.00000 0.00000 0.37783 0.62217 ( 4)
 128 G   0.00000 0.00000 0.87659 0.12341 ( 3)
 129 I   0.00000 0.00000 0.46013 0.53987 ( 4)
 130 Y   0.00000 0.00000 0.99499 0.00501 ( 3)
 131 G   0.00000 0.00000 0.96655 0.03345 ( 3)
 132 V   0.00000 0.00000 0.89505 0.10495 ( 3)
 133 N   0.00000 0.00000 0.78311 0.21689 ( 3)
 134 R   0.00000 0.00000 0.19801 0.80199 ( 4)
 135 A   0.00000 0.00000 0.56396 0.43604 ( 3)
 136 S   0.00000 0.00000 0.55804 0.44196 ( 3)
 137 F   0.00000 0.00000 0.97366 0.02634 ( 3)
 138 V   0.00000 0.00000 0.39541 0.60459 ( 4)
 139 P   0.00000 0.00000 0.98423 0.01577 ( 3)
 140 G   0.00000 0.00000 0.61875 0.38125 ( 3)
 141 G   0.00000 0.00000 0.98730 0.01270 ( 3)
 142 L   0.00000 0.00000 0.24725 0.75275 ( 4)
 143 F   0.00000 0.00000 0.81925 0.18075 ( 3)
 144 N   0.00000 0.00000 0.99051 0.00949 ( 3)
 145 G   0.00000 0.00000 0.92031 0.07969 ( 3)
 146 T   0.00000 0.00000 0.82916 0.17084 ( 3)
 147 T   0.00000 0.00000 0.94051 0.05949 ( 3)
 148 S   0.00000 0.00000 0.00468 0.99532 ( 4)
 149 P   0.00000 0.00000 0.94750 0.05250 ( 3)
 150 A   0.00000 0.00000 0.69156 0.30844 ( 3)
 151 N   0.00000 0.00000 0.97742 0.02258 ( 3)
 152 G   0.00000 0.00000 0.41220 0.58780 ( 4)
 153 G   0.00000 0.00000 0.91740 0.08260 ( 3)
 154 C   0.00000 0.00000 0.99697 0.00303 ( 3)
 155 R   0.00000 0.00000 0.85833 0.14167 ( 3)
 156 D   0.00000 0.00000 0.42492 0.57508 ( 4)
 157 L   0.00000 0.00000 0.13180 0.86820 ( 4)
 158 Y   0.00000 0.00000 0.65716 0.34284 ( 3)
 159 D   0.00000 0.00000 0.90235 0.09765 ( 3)
 160 T   0.00000 0.00000 0.90534 0.09466 ( 3)
 161 N   0.00000 0.00000 0.33910 0.66090 ( 4)
 162 D   0.00000 0.00000 0.97130 0.02870 ( 3)
 163 E   0.00000 0.00000 0.95590 0.04410 ( 3)
 164 L   0.00000 0.00000 0.97761 0.02239 ( 3)
 165 P   0.00000 0.00000 0.98980 0.01020 ( 3)
 166 P   0.00000 0.00000 0.72090 0.27910 ( 3)
 167 D   0.00000 0.00000 0.79414 0.20586 ( 3)
 168 E   0.00000 0.00000 0.86052 0.13948 ( 3)
 169 S   0.00000 0.00000 0.96972 0.03028 ( 3)
 170 T   0.00000 0.00000 0.76865 0.23135 ( 3)
 171 G   0.00000 0.00000 0.93946 0.06054 ( 3)
 172 S   0.00000 0.00000 0.54341 0.45659 ( 3)
 173 S   0.00000 0.00000 0.29124 0.70876 ( 4)
 174 T   0.00000 0.00000 0.00912 0.99088 ( 4)
 175 H   0.00000 0.00000 0.97836 0.02164 ( 3)
 176 R   0.00000 0.00000 0.60762 0.39238 ( 3)
 177 L   0.00000 0.00000 0.98012 0.01988 ( 3)
 178 S   0.00000 0.00000 0.99633 0.00367 ( 3)
 179 H   0.00000 0.00000 0.99774 0.00226 ( 3)
 180 V   0.00000 0.00000 0.99731 0.00269 ( 3)
 181 T   0.00000 0.00000 0.99122 0.00878 ( 3)
 182 F   0.00000 0.00000 0.99374 0.00626 ( 3)
 183 F   0.00000 0.00000 0.96699 0.03301 ( 3)
 184 S   0.00000 0.00000 0.11816 0.88184 ( 4)
 185 F   0.00000 0.00000 0.99374 0.00626 ( 3)
 186 Q   0.00000 0.00000 0.00290 0.99710 ( 4)
 187 T   0.00000 0.00000 0.99496 0.00504 ( 3)
 188 N   0.00000 0.00000 0.83574 0.16426 ( 3)
 189 Q   0.00000 0.00000 0.96830 0.03170 ( 3)
 190 A   0.00000 0.00000 0.97092 0.02908 ( 3)
 191 G   0.00000 0.00000 0.97654 0.02346 ( 3)
 192 S   0.00000 0.00000 0.92826 0.07174 ( 3)
 193 I   0.00000 0.00000 0.66753 0.33247 ( 3)
 194 A   0.00000 0.00000 0.54737 0.45263 ( 3)
 195 N   0.00000 0.00000 0.98019 0.01981 ( 3)
 196 A   0.00000 0.00000 0.01300 0.98700 ( 4)
 197 G   0.00000 0.00000 0.96276 0.03724 ( 3)
 198 S   0.00000 0.00000 0.00201 0.99799 ( 4)
 199 V   0.00000 0.00000 0.99073 0.00927 ( 3)
 200 P   0.00000 0.00000 0.99386 0.00614 ( 3)
 201 T   0.00000 0.00000 0.38090 0.61910 ( 4)
 202 Y   0.00000 0.00000 0.99675 0.00325 ( 3)
 203 V   0.00000 0.00000 0.99163 0.00837 ( 3)
 204 W   0.00000 0.00000 0.95416 0.04584 ( 3)
 205 T   0.00000 0.00000 0.86385 0.13615 ( 3)
 206 R   0.00000 0.00000 0.97189 0.02811 ( 3)
 207 R   0.00000 0.00000 0.27919 0.72081 ( 4)
 208 D   0.00000 0.00000 0.99826 0.00174 ( 3)


lnL = -2387.192405

