Supplemental results for CODEML (seqf: algn  treef: tree)


dN/dS (w) for site classes (K=4)

site class             0        1       2a       2b
proportion       0.00000  0.00000  0.70550  0.29449
background w     0.22013  2.23598  0.22013  2.23598
foreground w     0.22013  2.23598 999.00000 999.00000

Naive Empirical Bayes (NEB) probabilities for 4 classes
(amino acids refer to 1st sequence: BT_Cry7Ba1)

   1 -   0.00001 0.00000 0.92599 0.07400 ( 3)
   2 -   0.00000 0.00000 0.63474 0.36525 ( 3)
   3 T   0.00000 0.00000 0.70546 0.29454 ( 3)
   4 V   0.00000 0.00000 0.64179 0.35820 ( 3)
   5 E   0.00001 0.00000 0.99878 0.00121 ( 3)
   6 L   0.00001 0.00000 0.99745 0.00254 ( 3)
   7 T   0.00001 0.00000 0.99611 0.00388 ( 3)
   8 R   0.00001 0.00000 0.99940 0.00060 ( 3)
   9 T   0.00000 0.00000 0.77630 0.22369 ( 3)
  10 I   0.00001 0.00000 0.99718 0.00281 ( 3)
  11 Y   0.00001 0.00000 0.97810 0.02189 ( 3)
  12 T   0.00000 0.00000 0.43507 0.56492 ( 4)
  13 D   0.00001 0.00000 0.98909 0.01091 ( 3)
  14 P   0.00001 0.00000 0.96119 0.03880 ( 3)
  15 L   0.00001 0.00000 0.96785 0.03214 ( 3)
  16 G   0.00001 0.00000 0.99504 0.00495 ( 3)
  17 Y   0.00000 0.00000 0.33762 0.66237 ( 4)
  18 T   0.00000 0.00000 0.72646 0.27354 ( 3)
  19 G   0.00001 0.00000 0.94788 0.05212 ( 3)
  20 Y   0.00000 0.00000 0.61801 0.38199 ( 3)
  21 S   0.00000 0.00001 0.03914 0.96085 ( 4)
  22 N   0.00001 0.00000 0.95224 0.04776 ( 3)
  23 D   0.00000 0.00000 0.57728 0.42271 ( 3)
  24 E   0.00001 0.00000 0.94319 0.05680 ( 3)
  25 H   0.00001 0.00000 0.98045 0.01954 ( 3)
  26 P   0.00001 0.00000 0.97121 0.02879 ( 3)
  27 T   0.00000 0.00001 0.05936 0.94063 ( 4)
  28 Y   0.00000 0.00000 0.74336 0.25664 ( 3)
  29 Y   0.00001 0.00000 0.99275 0.00725 ( 3)
  30 -   0.00000 0.00000 0.70552 0.29447 ( 3)
  31 S   0.00000 0.00000 0.71387 0.28613 ( 3)
  32 S   0.00001 0.00000 0.93461 0.06538 ( 3)
  33 A   0.00000 0.00000 0.38939 0.61061 ( 4)
  34 K   0.00000 0.00000 0.46932 0.53067 ( 4)
  35 P   0.00000 0.00001 0.07663 0.92336 ( 4)
  36 F   0.00001 0.00000 0.97548 0.02451 ( 3)
  37 S   0.00000 0.00000 0.71653 0.28346 ( 3)
  38 S   0.00001 0.00000 0.85979 0.14021 ( 3)
  39 I   0.00001 0.00000 0.99170 0.00830 ( 3)
  40 E   0.00001 0.00000 0.99757 0.00242 ( 3)
  41 S   0.00001 0.00000 0.99229 0.00770 ( 3)
  42 R   0.00001 0.00000 0.92342 0.07657 ( 3)
  43 A   0.00001 0.00000 0.91540 0.08460 ( 3)
  44 V   0.00001 0.00000 0.86985 0.13014 ( 3)
  45 L   0.00000 0.00000 0.59412 0.40587 ( 3)
  46 A   0.00000 0.00000 0.53159 0.46841 ( 3)
  47 P   0.00001 0.00000 0.99651 0.00348 ( 3)
  48 S   0.00000 0.00001 0.06838 0.93161 ( 4)
  49 L   0.00001 0.00000 0.99572 0.00428 ( 3)
  50 F   0.00001 0.00000 0.99736 0.00264 ( 3)
  51 K   0.00000 0.00000 0.70300 0.29699 ( 3)
  52 W   0.00001 0.00000 0.99951 0.00048 ( 3)
  53 I   0.00001 0.00000 0.92286 0.07713 ( 3)
  54 T   0.00001 0.00000 0.99088 0.00912 ( 3)
  55 Q   0.00001 0.00000 0.86385 0.13615 ( 3)
  56 L   0.00001 0.00000 0.96934 0.03065 ( 3)
  57 E   0.00000 0.00000 0.34575 0.65425 ( 4)
  58 V   0.00001 0.00000 0.98523 0.01477 ( 3)
  59 Y   0.00001 0.00000 0.85545 0.14454 ( 3)
  60 T   0.00000 0.00000 0.61949 0.38050 ( 3)
  61 K   0.00000 0.00001 0.15097 0.84902 ( 4)
  62 K   0.00000 0.00001 0.02587 0.97412 ( 4)
  63 Y   0.00000 0.00001 0.01719 0.98280 ( 4)
  64 S   0.00000 0.00001 0.00036 0.99963 ( 4)
  65 Y   0.00000 0.00001 0.10420 0.89580 ( 4)
  66 S   0.00000 0.00001 0.02850 0.97149 ( 4)
  67 S   0.00000 0.00000 0.51799 0.48200 ( 3)
  68 Q   0.00000 0.00001 0.00155 0.99845 ( 4)
  69 Y   0.00001 0.00000 0.98795 0.01204 ( 3)
  70 T   0.00001 0.00000 0.96169 0.03830 ( 3)
  71 T   0.00001 0.00000 0.90614 0.09385 ( 3)
  72 L   0.00000 0.00001 0.00801 0.99198 ( 4)
  73 W   0.00001 0.00000 0.99951 0.00048 ( 3)
  74 T   0.00001 0.00000 0.99092 0.00907 ( 3)
  75 G   0.00001 0.00000 0.97185 0.02815 ( 3)
  76 L   0.00000 0.00001 0.12643 0.87356 ( 4)
  77 R   0.00000 0.00000 0.60715 0.39284 ( 3)
  78 V   0.00001 0.00000 0.98057 0.01943 ( 3)
  79 I   0.00000 0.00000 0.67831 0.32168 ( 3)
  80 A   0.00000 0.00000 0.60374 0.39625 ( 3)
  81 Q   0.00000 0.00000 0.53590 0.46410 ( 3)
  82 P   0.00000 0.00001 0.15012 0.84987 ( 4)
  83 T   0.00001 0.00000 0.98349 0.01650 ( 3)
  84 K   0.00001 0.00000 0.91926 0.08073 ( 3)
  85 D   0.00000 0.00000 0.25002 0.74997 ( 4)
  86 F   0.00000 0.00001 0.05631 0.94369 ( 4)
  87 T   0.00000 0.00001 0.01346 0.98653 ( 4)
  88 D   0.00001 0.00000 0.87832 0.12168 ( 3)
  89 T   0.00000 0.00000 0.43646 0.56354 ( 4)
  90 V   0.00000 0.00001 0.05455 0.94545 ( 4)
  91 Y   0.00001 0.00000 0.95212 0.04788 ( 3)
  92 D   0.00001 0.00000 0.99158 0.00841 ( 3)
  93 Y   0.00001 0.00000 0.82387 0.17612 ( 3)
  94 G   0.00001 0.00000 0.99585 0.00415 ( 3)
  95 S   0.00001 0.00000 0.96363 0.03636 ( 3)
  96 S   0.00001 0.00000 0.99423 0.00577 ( 3)
  97 S   0.00001 0.00000 0.88668 0.11332 ( 3)
  98 G   0.00001 0.00000 0.99942 0.00057 ( 3)
  99 S   0.00001 0.00000 0.99539 0.00460 ( 3)
 100 E   0.00000 0.00001 0.02417 0.97582 ( 4)
 101 N   0.00000 0.00001 0.03592 0.96408 ( 4)
 102 K   0.00000 0.00000 0.75588 0.24411 ( 3)
 103 D   0.00001 0.00000 0.97675 0.02325 ( 3)
 104 V   0.00000 0.00000 0.62344 0.37656 ( 3)
 105 F   0.00001 0.00000 0.99927 0.00072 ( 3)
 106 D   0.00000 0.00000 0.76440 0.23559 ( 3)
 107 L   0.00001 0.00000 0.99107 0.00892 ( 3)
 108 Y   0.00000 0.00000 0.27176 0.72823 ( 4)
 109 G   0.00000 0.00000 0.28574 0.71425 ( 4)
 110 N   0.00001 0.00000 0.91631 0.08369 ( 3)
 111 -   0.00000 0.00000 0.72377 0.27622 ( 3)
 112 -   0.00000 0.00000 0.73609 0.26390 ( 3)
 113 -   0.00000 0.00000 0.73423 0.26576 ( 3)
 114 -   0.00000 0.00000 0.71962 0.28037 ( 3)
 115 -   0.00000 0.00000 0.71907 0.28092 ( 3)
 116 -   0.00000 0.00000 0.73609 0.26390 ( 3)
 117 -   0.00000 0.00000 0.72543 0.27456 ( 3)
 118 -   0.00000 0.00000 0.72813 0.27186 ( 3)
 119 -   0.00000 0.00000 0.20149 0.79850 ( 4)
 120 -   0.00000 0.00000 0.72818 0.27181 ( 3)
 121 -   0.00000 0.00000 0.73423 0.26576 ( 3)
 122 -   0.00000 0.00000 0.72229 0.27770 ( 3)
 123 -   0.00000 0.00000 0.71329 0.28670 ( 3)
 124 -   0.00000 0.00000 0.72053 0.27947 ( 3)
 125 -   0.00000 0.00000 0.73004 0.26995 ( 3)
 126 -   0.00000 0.00000 0.71924 0.28075 ( 3)
 127 D   0.00001 0.00000 0.99458 0.00542 ( 3)
 128 V   0.00001 0.00000 0.96079 0.03921 ( 3)
 129 Y   0.00001 0.00000 0.99852 0.00148 ( 3)
 130 D   0.00000 0.00000 0.66014 0.33985 ( 3)
 131 T   0.00000 0.00000 0.56844 0.43156 ( 3)
 132 Q   0.00000 0.00000 0.63465 0.36535 ( 3)
 133 S   0.00000 0.00000 0.79333 0.20666 ( 3)
 134 V   0.00000 0.00000 0.34157 0.65843 ( 4)
 135 V   0.00000 0.00001 0.02742 0.97257 ( 4)
 136 S   0.00000 0.00000 0.62972 0.37028 ( 3)
 137 S   0.00001 0.00000 0.89330 0.10670 ( 3)
 138 Y   0.00000 0.00001 0.18138 0.81862 ( 4)
 139 K   0.00000 0.00001 0.03854 0.96145 ( 4)
 140 P   0.00000 0.00001 0.10254 0.89746 ( 4)
 141 T   0.00000 0.00000 0.25688 0.74312 ( 4)
 142 G   0.00000 0.00001 0.11073 0.88927 ( 4)
 143 G   0.00000 0.00001 0.07468 0.92531 ( 4)
 144 G   0.00000 0.00001 0.01459 0.98540 ( 4)
 145 H   0.00001 0.00000 0.88645 0.11354 ( 3)
 146 F   0.00000 0.00000 0.35339 0.64660 ( 4)
 147 G   0.00000 0.00000 0.69600 0.30399 ( 3)
 148 V   0.00000 0.00000 0.26395 0.73604 ( 4)
 149 P   0.00001 0.00000 0.99626 0.00373 ( 3)
 150 Q   0.00000 0.00000 0.36446 0.63554 ( 4)
 151 F   0.00001 0.00000 0.97493 0.02507 ( 3)
 152 R   0.00000 0.00000 0.27782 0.72217 ( 4)
 153 L   0.00001 0.00000 0.98875 0.01124 ( 3)
 154 F   0.00000 0.00000 0.28230 0.71770 ( 4)
 155 W   0.00000 0.00000 0.63507 0.36493 ( 3)
 156 I   0.00001 0.00000 0.98795 0.01204 ( 3)
 157 T   0.00001 0.00000 0.82047 0.17953 ( 3)
 158 K   0.00000 0.00000 0.27670 0.72330 ( 4)
 159 S   0.00000 0.00001 0.06373 0.93626 ( 4)
 160 N   0.00001 0.00000 0.83857 0.16143 ( 3)
 161 G   0.00000 0.00001 0.00115 0.99885 ( 4)
 162 L   0.00001 0.00000 0.94487 0.05512 ( 3)
 163 R   0.00000 0.00001 0.00248 0.99752 ( 4)
 164 E   0.00001 0.00000 0.88762 0.11237 ( 3)
 165 Q   0.00000 0.00000 0.38833 0.61166 ( 4)
 166 I   0.00000 0.00000 0.76668 0.23331 ( 3)
 167 F   0.00001 0.00000 0.99947 0.00053 ( 3)
 168 N   0.00001 0.00000 0.86017 0.13982 ( 3)
 169 Y   0.00001 0.00000 0.98630 0.01370 ( 3)
 170 A   0.00001 0.00000 0.89652 0.10347 ( 3)
 171 N   0.00000 0.00001 0.18131 0.81868 ( 4)
 172 N   0.00000 0.00000 0.99744 0.00256 ( 3)
 173 M   0.00000 0.00000 0.50773 0.49226 ( 3)
 174 G   0.00001 0.00000 0.86260 0.13740 ( 3)
 175 -   0.00001 0.00000 0.96686 0.03313 ( 3)
 176 S   0.00000 0.00000 0.70979 0.29020 ( 3)
 177 Y   0.00000 0.00001 0.06163 0.93836 ( 4)
 178 S   0.00001 0.00000 0.92601 0.07398 ( 3)
 179 A   0.00000 0.00001 0.00554 0.99445 ( 4)
 180 Y   0.00000 0.00000 0.75206 0.24794 ( 3)
 181 R   0.00001 0.00000 0.91224 0.08775 ( 3)
 182 F   0.00001 0.00000 0.89445 0.10554 ( 3)
 183 S   0.00000 0.00000 0.37675 0.62325 ( 4)
 184 K   0.00000 0.00000 0.55245 0.44754 ( 3)
 185 D   0.00001 0.00000 0.88019 0.11981 ( 3)
 186 E   0.00001 0.00000 0.91774 0.08226 ( 3)
 187 L   0.00001 0.00000 0.98880 0.01119 ( 3)
 188 P   0.00001 0.00000 0.95104 0.04896 ( 3)
 189 I   0.00001 0.00000 0.99698 0.00301 ( 3)
 190 E   0.00001 0.00000 0.99700 0.00299 ( 3)
 191 L   0.00001 0.00000 0.91615 0.08385 ( 3)
 192 L   0.00001 0.00000 0.99023 0.00976 ( 3)
 193 Q   0.00000 0.00001 0.13681 0.86318 ( 4)
 194 P   0.00000 0.00001 0.01278 0.98722 ( 4)
 195 P   0.00001 0.00000 0.99948 0.00051 ( 3)
 196 L   0.00001 0.00000 0.83152 0.16848 ( 3)
 197 F   0.00001 0.00000 0.91244 0.08756 ( 3)
 198 G   0.00001 0.00000 0.99173 0.00826 ( 3)
 199 D   0.00001 0.00000 0.99449 0.00550 ( 3)
 200 I   0.00001 0.00000 0.92645 0.07354 ( 3)
 201 E   0.00001 0.00000 0.95293 0.04706 ( 3)
 202 E   0.00001 0.00000 0.99380 0.00620 ( 3)
 203 Y   0.00001 0.00000 0.98338 0.01661 ( 3)
 204 S   0.00001 0.00000 0.99323 0.00677 ( 3)
 205 H   0.00001 0.00000 0.99970 0.00029 ( 3)
 206 R   0.00001 0.00000 0.99242 0.00757 ( 3)
 207 L   0.00001 0.00000 0.99860 0.00139 ( 3)
 208 S   0.00001 0.00000 0.99937 0.00063 ( 3)
 209 H   0.00000 0.00000 0.77034 0.22966 ( 3)
 210 V   0.00001 0.00000 0.99522 0.00477 ( 3)
 211 S   0.00001 0.00000 0.94901 0.05099 ( 3)
 212 E   0.00001 0.00000 0.98517 0.01483 ( 3)
 213 V   0.00001 0.00000 0.93496 0.06503 ( 3)
 214 I   0.00001 0.00000 0.97307 0.02692 ( 3)
 215 K   0.00001 0.00000 0.99612 0.00388 ( 3)
 216 D   0.00001 0.00000 0.95979 0.04020 ( 3)
 217 Y   0.00001 0.00000 0.86629 0.13371 ( 3)
 218 G   0.00001 0.00000 0.94410 0.05590 ( 3)
 219 E   0.00000 0.00001 0.04553 0.95447 ( 4)
 220 G   0.00001 0.00000 0.96689 0.03311 ( 3)
 221 I   0.00001 0.00000 0.83320 0.16680 ( 3)
 222 I   0.00001 0.00000 0.98343 0.01656 ( 3)
 223 P   0.00001 0.00000 0.99389 0.00611 ( 3)
 224 V   0.00001 0.00000 0.97653 0.02346 ( 3)
 225 L   0.00001 0.00000 0.99543 0.00456 ( 3)
 226 G   0.00001 0.00000 0.99942 0.00057 ( 3)
 227 W   0.00001 0.00000 0.94350 0.05649 ( 3)
 228 T   0.00001 0.00000 0.99583 0.00417 ( 3)
 229 H   0.00001 0.00000 0.99963 0.00036 ( 3)
 230 V   0.00001 0.00000 0.99684 0.00316 ( 3)
 231 S   0.00001 0.00000 0.93507 0.06492 ( 3)


lnL = -2852.254994

