Supplemental results for CODEML (seqf: algn  treef: tree)


dN/dS (w) for site classes (K=4)

site class             0        1       2a       2b
proportion       0.39842  0.49473  0.04766  0.05918
background w     0.11988  0.88667  0.11988  0.88667
foreground w     0.11988  0.88667  0.00000  0.00000

Naive Empirical Bayes (NEB) probabilities for 4 classes
(amino acids refer to 1st sequence: BT_Cry32Ha1)

   1 P   0.24662 0.64653 0.02950 0.07734 ( 2)
   2 T   0.28097 0.61219 0.03361 0.07323 ( 2)
   3 K   0.88878 0.00437 0.10632 0.00052 ( 1)
   4 S   0.77714 0.11601 0.09297 0.01388 ( 1)
   5 Q   0.87315 0.02000 0.10445 0.00239 ( 1)
   6 L   0.86048 0.03267 0.10294 0.00391 ( 1)
   7 T   0.88454 0.00861 0.10582 0.00103 ( 1)
   8 R   0.87220 0.02096 0.10434 0.00251 ( 1)
   9 I   0.52768 0.36548 0.06312 0.04372 ( 1)
  10 V   0.53982 0.35333 0.06458 0.04227 ( 1)
  11 Y   0.89072 0.00243 0.10656 0.00029 ( 1)
  12 T   0.87617 0.01699 0.10481 0.00203 ( 1)
  13 P   0.77993 0.11322 0.09330 0.01354 ( 1)
  14 R   0.74933 0.14383 0.08964 0.01721 ( 1)
  15 V   0.59634 0.29682 0.07134 0.03551 ( 1)
  16 G   0.88534 0.00782 0.10591 0.00093 ( 1)
  17 D   0.29700 0.59615 0.03553 0.07132 ( 2)
  18 T   0.88505 0.00810 0.10588 0.00097 ( 1)
  19 A   0.02120 0.87196 0.00254 0.10431 ( 2)
  20 R   0.01090 0.88225 0.00130 0.10554 ( 2)
  21 S   0.80435 0.08881 0.09622 0.01062 ( 1)
  22 N   0.30276 0.59039 0.03622 0.07063 ( 2)
  23 R   0.01341 0.87974 0.00160 0.10524 ( 2)
  24 P   0.10849 0.78467 0.01298 0.09387 ( 2)
  25 S   0.30966 0.58349 0.03704 0.06980 ( 2)
  26 A   0.18577 0.70739 0.02222 0.08462 ( 2)
  27 S   0.66527 0.22789 0.07958 0.02726 ( 1)
  28 I   0.41627 0.47688 0.04980 0.05705 ( 2)
  29 D   0.19455 0.69861 0.02327 0.08357 ( 2)
  30 A   0.02890 0.86425 0.00346 0.10339 ( 2)
  31 Q   0.53677 0.35638 0.06421 0.04263 ( 1)
  32 E   0.89013 0.00302 0.10648 0.00036 ( 1)
  33 N   0.27640 0.61675 0.03307 0.07378 ( 2)
  34 N   0.73850 0.15466 0.08834 0.01850 ( 1)
  35 I   0.88591 0.00724 0.10598 0.00087 ( 1)
  36 V   0.86711 0.02604 0.10373 0.00312 ( 1)
  37 S   0.03735 0.85580 0.00447 0.10238 ( 2)
  38 S   0.56526 0.32789 0.06762 0.03923 ( 1)
  39 P   0.76739 0.12576 0.09180 0.01504 ( 1)
  40 -   0.40242 0.49074 0.04814 0.05871 ( 2)
  41 -   0.40121 0.49194 0.04800 0.05885 ( 2)
  42 R   0.21498 0.67817 0.02572 0.08113 ( 2)
  43 L   0.88081 0.01234 0.10537 0.00148 ( 1)
  44 F   0.89129 0.00186 0.10662 0.00022 ( 1)
  45 A   0.14832 0.74483 0.01774 0.08910 ( 2)
  46 W   0.88380 0.00935 0.10573 0.00112 ( 1)
  47 L   0.87881 0.01434 0.10513 0.00172 ( 1)
  48 R   0.00055 0.89260 0.00007 0.10678 ( 2)
  49 M   0.00247 0.89069 0.00030 0.10655 ( 2)
  50 V   0.13012 0.76303 0.01557 0.09128 ( 2)
  51 D   0.03593 0.85722 0.00430 0.10255 ( 2)
  52 V   0.57706 0.31610 0.06903 0.03781 ( 1)
  53 S   0.00390 0.88925 0.00047 0.10638 ( 2)
  54 L   0.52670 0.36646 0.06301 0.04384 ( 1)
  55 Q   0.14711 0.74604 0.01760 0.08925 ( 2)
  56 K   0.07621 0.81694 0.00912 0.09773 ( 2)
  57 N   0.33614 0.55701 0.04021 0.06663 ( 2)
  58 G   0.00467 0.88848 0.00056 0.10629 ( 2)
  59 L   0.03186 0.86130 0.00381 0.10303 ( 2)
  60 S   0.23377 0.65938 0.02797 0.07888 ( 2)
  61 N   0.53926 0.35390 0.06451 0.04234 ( 1)
  62 E   0.08423 0.80893 0.01008 0.09677 ( 2)
  63 I   0.31489 0.57826 0.03767 0.06918 ( 2)
  64 A   0.02307 0.87009 0.00276 0.10409 ( 2)
  65 S   0.03917 0.85398 0.00469 0.10216 ( 2)
  66 Y   0.61896 0.27420 0.07404 0.03280 ( 1)
  67 -   0.82130 0.07185 0.09825 0.00860 ( 1)
  68 -   0.01632 0.87684 0.00195 0.10489 ( 2)
  69 -   0.73894 0.15421 0.08840 0.01845 ( 1)
  70 -   0.16603 0.72713 0.01986 0.08698 ( 2)
  71 -   0.55968 0.33347 0.06695 0.03989 ( 1)
  72 -   0.07522 0.81793 0.00900 0.09785 ( 2)
  73 -   0.11032 0.78283 0.01320 0.09365 ( 2)
  74 -   0.76842 0.12474 0.09192 0.01492 ( 1)
  75 -   0.71115 0.18200 0.08507 0.02177 ( 1)
  76 K   0.77487 0.11828 0.09270 0.01415 ( 1)
  77 Q   0.01012 0.88303 0.00121 0.10564 ( 2)
  78 T   0.73477 0.15839 0.08790 0.01895 ( 1)
  79 F   0.64242 0.25073 0.07685 0.02999 ( 1)
  80 H   0.45993 0.43322 0.05502 0.05183 ( 1)
  81 N   0.79909 0.09407 0.09559 0.01125 ( 1)
  82 T   0.88377 0.00939 0.10572 0.00112 ( 1)
  83 L   0.03952 0.85363 0.00473 0.10212 ( 2)
  84 H   0.00411 0.88905 0.00049 0.10635 ( 2)
  85 T   0.00540 0.88776 0.00065 0.10620 ( 2)
  86 N   0.00003 0.89313 0.00000 0.10684 ( 2)
  87 L   0.07905 0.81410 0.00946 0.09739 ( 2)
  88 W   0.41379 0.47937 0.04950 0.05735 ( 2)
  89 S   0.57264 0.32051 0.06850 0.03834 ( 1)
  90 I   0.77285 0.12030 0.09245 0.01439 ( 1)
  91 T   0.46848 0.42468 0.05604 0.05080 ( 1)
  92 K   0.20356 0.68960 0.02435 0.08250 ( 2)
  93 G   0.88920 0.00395 0.10637 0.00047 ( 1)
  94 T   0.00173 0.89143 0.00021 0.10664 ( 2)
  95 P   0.00447 0.88868 0.00053 0.10631 ( 2)
  96 T   0.04667 0.84648 0.00558 0.10126 ( 2)
  97 N   0.00961 0.88354 0.00115 0.10570 ( 2)
  98 D   0.03017 0.86298 0.00361 0.10324 ( 2)
  99 V   0.70761 0.18554 0.08465 0.02220 ( 1)
 100 R   0.32431 0.56884 0.03880 0.06805 ( 2)
 101 -   0.39842 0.49473 0.04766 0.05918 ( 2)
 102 N   0.68841 0.20474 0.08235 0.02449 ( 1)
 103 M   0.10603 0.78713 0.01268 0.09416 ( 2)
 104 F   0.22310 0.67005 0.02669 0.08016 ( 2)
 105 T   0.62554 0.26761 0.07483 0.03201 ( 1)
 106 T   0.16096 0.73219 0.01926 0.08759 ( 2)
 107 P   0.59091 0.30225 0.07069 0.03616 ( 1)
 108 Y   0.17190 0.72125 0.02056 0.08628 ( 2)
 109 -   0.39842 0.49473 0.04766 0.05918 ( 2)
 110 F   0.01138 0.88178 0.00136 0.10548 ( 2)
 111 P   0.20909 0.68406 0.02501 0.08183 ( 2)
 112 Y   0.03399 0.85916 0.00407 0.10278 ( 2)
 113 D   0.69066 0.20250 0.08262 0.02422 ( 1)
 114 D   0.69066 0.20250 0.08262 0.02422 ( 1)
 115 I   0.18378 0.70938 0.02198 0.08486 ( 2)
 116 W   0.51963 0.37352 0.06216 0.04468 ( 1)
 117 K   0.64619 0.24696 0.07730 0.02954 ( 1)
 118 I   0.66153 0.23162 0.07914 0.02771 ( 1)
 119 K   0.64619 0.24696 0.07730 0.02954 ( 1)
 120 N   0.68841 0.20474 0.08235 0.02449 ( 1)
 121 E   0.02415 0.86900 0.00289 0.10396 ( 2)
 122 F   0.66112 0.23204 0.07909 0.02776 ( 1)
 123 F   0.00857 0.88458 0.00103 0.10582 ( 2)
 124 D   0.62241 0.27074 0.07446 0.03239 ( 1)
 125 -   0.39842 0.49473 0.04766 0.05918 ( 2)
 126 -   0.39842 0.49473 0.04766 0.05918 ( 2)
 127 Y   0.00267 0.89048 0.00032 0.10653 ( 2)
 128 D   0.00194 0.89121 0.00023 0.10661 ( 2)
 129 S   0.00102 0.89213 0.00012 0.10672 ( 2)
 130 P   0.71517 0.17799 0.08555 0.02129 ( 1)
 131 -   0.39842 0.49473 0.04766 0.05918 ( 2)
 132 -   0.39842 0.49473 0.04766 0.05918 ( 2)
 133 F   0.00205 0.89110 0.00025 0.10660 ( 2)
 134 D   0.06004 0.83312 0.00718 0.09966 ( 2)
 135 D   0.83011 0.06304 0.09930 0.00754 ( 1)
 136 L   0.00197 0.89118 0.00024 0.10661 ( 2)
 137 A   0.03987 0.85328 0.00477 0.10208 ( 2)
 138 V   0.28383 0.60932 0.03395 0.07289 ( 2)
 139 D   0.02894 0.86421 0.00346 0.10338 ( 2)
 140 N   0.00242 0.89074 0.00029 0.10656 ( 2)
 141 W   0.85354 0.03961 0.10211 0.00474 ( 1)
 142 T   0.53604 0.35711 0.06413 0.04272 ( 1)
 143 F   0.20991 0.68325 0.02511 0.08174 ( 2)
 144 S   0.63090 0.26225 0.07547 0.03137 ( 1)
 145 F   0.57863 0.31452 0.06922 0.03763 ( 1)
 146 R   0.17256 0.72059 0.02064 0.08620 ( 2)
 147 Y   0.02634 0.86682 0.00315 0.10370 ( 2)
 148 S   0.54394 0.34921 0.06507 0.04178 ( 1)
 149 D   0.00372 0.88944 0.00044 0.10640 ( 2)
 150 D   0.69066 0.20250 0.08262 0.02422 ( 1)
 151 Q   0.60176 0.29140 0.07199 0.03486 ( 1)
 152 Y   0.03036 0.86280 0.00363 0.10321 ( 2)
 153 F   0.72312 0.17004 0.08650 0.02034 ( 1)
 154 E   0.00016 0.89299 0.00002 0.10683 ( 2)
 155 L   0.02976 0.86340 0.00356 0.10329 ( 2)
 156 S   0.01465 0.87850 0.00175 0.10509 ( 2)
 157 T   0.64316 0.24999 0.07694 0.02991 ( 1)
 158 Y   0.03166 0.86149 0.00379 0.10306 ( 2)
 159 D   0.22493 0.66823 0.02691 0.07994 ( 2)
 160 K   0.02464 0.86851 0.00295 0.10390 ( 2)
 161 S   0.88076 0.01239 0.10536 0.00148 ( 1)
 162 V   0.44917 0.44399 0.05373 0.05311 ( 1)
 163 T   0.81350 0.07966 0.09732 0.00953 ( 1)
 164 R   0.88279 0.01036 0.10561 0.00124 ( 1)
 165 F   0.05257 0.84058 0.00629 0.10056 ( 2)
 166 Y   0.05984 0.83332 0.00716 0.09969 ( 2)
 167 G   0.09971 0.79344 0.01193 0.09492 ( 2)
 168 L   0.85403 0.03912 0.10217 0.00468 ( 1)
 169 P   0.01786 0.87529 0.00214 0.10471 ( 2)
 170 C   0.01932 0.87386 0.00231 0.10452 ( 2)
 171 R   0.44037 0.45278 0.05268 0.05417 ( 2)
 172 A   0.07263 0.82052 0.00869 0.09816 ( 2)
 173 K   0.43611 0.45705 0.05217 0.05468 ( 2)
 174 -   0.39842 0.49473 0.04766 0.05918 ( 2)
 175 -   0.39842 0.49473 0.04766 0.05918 ( 2)
 176 -   0.39842 0.49473 0.04766 0.05918 ( 2)
 177 -   0.39842 0.49473 0.04766 0.05918 ( 2)
 178 -   0.30548 0.58768 0.03654 0.07030 ( 2)
 179 N   0.02403 0.86913 0.00287 0.10397 ( 2)
 180 S   0.00585 0.88730 0.00070 0.10615 ( 2)
 181 G   0.00841 0.88474 0.00101 0.10584 ( 2)
 182 I   0.70175 0.19140 0.08395 0.02290 ( 1)
 183 C   0.05165 0.84150 0.00618 0.10067 ( 2)
 184 D   0.86005 0.03310 0.10289 0.00396 ( 1)
 185 P   0.40681 0.48634 0.04867 0.05818 ( 2)
 186 C   0.38767 0.50549 0.04638 0.06047 ( 2)
 187 D   0.76032 0.13283 0.09096 0.01589 ( 1)
 188 S   0.01707 0.87609 0.00204 0.10480 ( 2)
 189 Q   0.46624 0.42691 0.05578 0.05107 ( 1)
 190 N   0.86877 0.02439 0.10393 0.00292 ( 1)
 191 P   0.16486 0.72829 0.01972 0.08712 ( 2)
 192 C   0.88532 0.00783 0.10591 0.00094 ( 1)
 193 R   0.05280 0.84036 0.00632 0.10053 ( 2)
 194 K   0.06344 0.82972 0.00759 0.09925 ( 2)
 195 E   0.00713 0.88603 0.00085 0.10599 ( 2)
 196 L   0.13279 0.76036 0.01589 0.09096 ( 2)
 197 P   0.18531 0.70784 0.02217 0.08468 ( 2)
 198 N   0.00296 0.89020 0.00035 0.10649 ( 2)
 199 T   0.00234 0.89081 0.00028 0.10657 ( 2)
 200 T   0.01007 0.88308 0.00120 0.10564 ( 2)
 201 -   0.40319 0.48996 0.04823 0.05861 ( 2)
 202 -   0.40605 0.48711 0.04857 0.05827 ( 2)
 203 -   0.51893 0.37422 0.06208 0.04477 ( 1)
 204 -   0.80830 0.08485 0.09670 0.01015 ( 1)
 205 -   0.00455 0.88861 0.00054 0.10630 ( 2)
 206 M   0.33960 0.55355 0.04063 0.06622 ( 2)
 207 P   0.00470 0.88846 0.00056 0.10628 ( 2)
 208 C   0.02640 0.86676 0.00316 0.10369 ( 2)
 209 E   0.71943 0.17373 0.08606 0.02078 ( 1)
 210 D   0.25007 0.64308 0.02992 0.07693 ( 2)
 211 K   0.15830 0.73485 0.01894 0.08791 ( 2)
 212 R   0.00070 0.89245 0.00008 0.10676 ( 2)
 213 L   0.86130 0.03186 0.10303 0.00381 ( 1)
 214 Y   0.00785 0.88531 0.00094 0.10591 ( 2)
 215 S   0.64853 0.24463 0.07758 0.02926 ( 1)
 216 H   0.89186 0.00129 0.10669 0.00015 ( 1)
 217 R   0.87220 0.02096 0.10434 0.00251 ( 1)
 218 L   0.84934 0.04382 0.10160 0.00524 ( 1)
 219 A   0.77723 0.11592 0.09298 0.01387 ( 1)
 220 Y   0.71524 0.17792 0.08556 0.02128 ( 1)
 221 M   0.16967 0.72348 0.02030 0.08655 ( 2)
 222 G   0.23872 0.65443 0.02856 0.07829 ( 2)
 223 A   0.35871 0.53444 0.04291 0.06393 ( 2)
 224 G   0.86495 0.02821 0.10347 0.00337 ( 1)
 225 E   0.74473 0.14842 0.08909 0.01776 ( 1)
 226 N   0.04799 0.84517 0.00574 0.10111 ( 2)
 227 V   0.08004 0.81312 0.00957 0.09727 ( 2)
 228 Y   0.06843 0.82473 0.00819 0.09866 ( 2)
 229 -   0.85717 0.03599 0.10254 0.00430 ( 1)
 230 -   0.04095 0.85221 0.00490 0.10195 ( 2)
 231 -   0.83160 0.06155 0.09948 0.00736 ( 1)
 232 -   0.82338 0.06978 0.09850 0.00835 ( 1)
 233 -   0.52779 0.36536 0.06314 0.04371 ( 1)
 234 -   0.16068 0.73248 0.01922 0.08762 ( 2)
 235 -   0.53717 0.35598 0.06426 0.04259 ( 1)
 236 P   0.00756 0.88559 0.00090 0.10594 ( 2)
 237 P   0.79906 0.09410 0.09559 0.01126 ( 1)
 238 P   0.69089 0.20226 0.08265 0.02420 ( 1)
 239 S   0.01878 0.87437 0.00225 0.10460 ( 2)
 240 L   0.88081 0.01234 0.10537 0.00148 ( 1)
 241 T   0.41951 0.47364 0.05018 0.05666 ( 2)
 242 Y   0.81328 0.07988 0.09729 0.00956 ( 1)
 243 S   0.08517 0.80798 0.01019 0.09666 ( 2)
 244 A   0.01156 0.88159 0.00138 0.10546 ( 2)
 245 Y   0.70802 0.18513 0.08470 0.02215 ( 1)
 246 G   0.88447 0.00868 0.10581 0.00104 ( 1)
 247 W   0.88380 0.00935 0.10573 0.00112 ( 1)
 248 T   0.88507 0.00808 0.10588 0.00097 ( 1)
 249 H   0.88948 0.00368 0.10641 0.00044 ( 1)
 250 V   0.06946 0.82369 0.00831 0.09854 ( 2)
 251 S   0.89188 0.00128 0.10669 0.00015 ( 1)


lnL = -3377.145990

