Supplemental results for CODEML (seqf: algn  treef: tree)


dN/dS (w) for site classes (K=4)

site class             0        1       2a       2b
proportion       0.51672  0.38369  0.05715  0.04244
background w     0.07614  0.51234  0.07614  0.51234
foreground w     0.07614  0.51234  2.16088  2.16088

Naive Empirical Bayes (NEB) probabilities for 4 classes
(amino acids refer to 1st sequence: BT_Cry3Aa10)

   1 E   0.82611 0.07516 0.09595 0.00278 ( 1)
   2 V   0.86119 0.13737 0.00091 0.00053 ( 1)
   3 K   0.06825 0.92709 0.00008 0.00458 ( 2)
   4 T   0.85323 0.14221 0.00319 0.00137 ( 1)
   5 E   0.98603 0.01287 0.00105 0.00005 ( 1)
   6 L   0.94549 0.04673 0.00708 0.00070 ( 1)
   7 T   0.98293 0.01523 0.00175 0.00009 ( 1)
   8 R   0.99168 0.00742 0.00088 0.00002 ( 1)
   9 D   0.60133 0.39043 0.00366 0.00458 ( 1)
  10 V   0.79171 0.18666 0.01915 0.00248 ( 1)
  11 L   0.50601 0.44894 0.03386 0.01119 ( 1)
  12 T   0.98036 0.01685 0.00266 0.00014 ( 1)
  13 D   0.99434 0.00501 0.00063 0.00002 ( 1)
  14 P   0.98407 0.01351 0.00234 0.00008 ( 1)
  15 I   0.98835 0.01054 0.00106 0.00005 ( 1)
  16 -   0.74569 0.15473 0.08247 0.01711 ( 1)
  17 -   0.71526 0.18515 0.07911 0.02048 ( 1)
  18 V   0.03224 0.93453 0.00273 0.03050 ( 2)
  19 G   0.00501 0.02652 0.93457 0.03389 ( 3)
  20 V   0.40620 0.27405 0.28011 0.03964 ( 1)
  21 N   0.98733 0.01012 0.00247 0.00007 ( 1)
  22 N   0.05260 0.67296 0.15738 0.11706 ( 2)
  23 L   0.00668 0.91021 0.00490 0.07821 ( 2)
  24 R   0.00339 0.07067 0.82846 0.09748 ( 3)
  25 -   0.73786 0.16255 0.08161 0.01798 ( 1)
  26 -   0.71538 0.18503 0.07912 0.02046 ( 1)
  27 -   0.78642 0.11399 0.08698 0.01261 ( 1)
  28 -   0.58355 0.31686 0.06454 0.03504 ( 1)
  29 -   0.73786 0.16255 0.08161 0.01798 ( 1)
  30 -   0.30217 0.59824 0.03342 0.06616 ( 2)
  31 G   0.21803 0.39091 0.31054 0.08052 ( 2)
  32 Y   0.60438 0.39289 0.00086 0.00187 ( 1)
  33 G   0.94820 0.04996 0.00160 0.00023 ( 1)
  34 T   0.01550 0.95124 0.00137 0.03189 ( 2)
  35 T   0.01013 0.97668 0.00006 0.01312 ( 2)
  36 F   0.96384 0.03045 0.00536 0.00036 ( 1)
  37 S   0.00573 0.96989 0.00033 0.02404 ( 2)
  38 N   0.00127 0.81823 0.01952 0.16098 ( 2)
  39 I   0.99138 0.00831 0.00031 0.00001 ( 1)
  40 E   0.68862 0.16796 0.13937 0.00404 ( 1)
  41 N   0.95640 0.03462 0.00871 0.00027 ( 1)
  42 -   0.04428 0.85613 0.00490 0.09469 ( 2)
  43 Y   0.00403 0.78369 0.06408 0.14820 ( 2)
  44 I   0.80258 0.19648 0.00043 0.00051 ( 1)
  45 R   0.04339 0.49029 0.32177 0.14456 ( 2)
  46 K   0.74517 0.24836 0.00498 0.00149 ( 1)
  47 P   0.14518 0.14702 0.68036 0.02744 ( 3)
  48 H   0.00286 0.97641 0.00054 0.02019 ( 2)
  49 L   0.20832 0.24626 0.51237 0.03305 ( 3)
  50 F   0.99140 0.00841 0.00019 0.00001 ( 1)
  51 D   0.75152 0.24706 0.00063 0.00079 ( 1)
  52 Y   0.19247 0.79879 0.00232 0.00641 ( 2)
  53 L   0.06886 0.15530 0.71736 0.05848 ( 3)
  54 H   0.00087 0.46657 0.25313 0.27942 ( 2)
  55 R   0.00000 0.01909 0.57201 0.40889 ( 3)
  56 I   0.29437 0.69872 0.00228 0.00464 ( 2)
  57 Q   0.00055 0.64695 0.04342 0.30908 ( 2)
  58 F   0.74436 0.24637 0.00761 0.00166 ( 1)
  59 H   0.00022 0.90283 0.00041 0.09654 ( 2)
  60 T   0.02540 0.90192 0.00687 0.06580 ( 2)
  61 R   0.41449 0.45620 0.09948 0.02982 ( 2)
  62 F   0.00000 0.50262 0.00026 0.49711 ( 2)
  63 R   0.00538 0.47262 0.29674 0.22526 ( 2)
  64 P   0.05698 0.79047 0.08766 0.06489 ( 2)
  65 G   0.42066 0.56381 0.00893 0.00660 ( 2)
  66 -   0.51672 0.38369 0.05715 0.04244 ( 1)
  67 Y   0.02253 0.65974 0.13713 0.18061 ( 2)
  68 Y   0.00036 0.77499 0.00349 0.22116 ( 2)
  69 G   0.05850 0.90518 0.00690 0.02942 ( 2)
  70 N   0.01696 0.05830 0.89658 0.02816 ( 3)
  71 D   0.41625 0.14028 0.43289 0.01058 ( 3)
  72 S   0.00046 0.90224 0.00109 0.09621 ( 2)
  73 F   0.36563 0.51883 0.08419 0.03136 ( 2)
  74 N   0.75807 0.24149 0.00012 0.00032 ( 1)
  75 Y   0.83758 0.16184 0.00030 0.00027 ( 1)
  76 W   0.58181 0.39792 0.01006 0.01021 ( 1)
  77 S   0.01708 0.81061 0.04856 0.12376 ( 2)
  78 G   0.99288 0.00695 0.00017 0.00001 ( 1)
  79 N   0.95310 0.04669 0.00015 0.00006 ( 1)
  80 Y   0.92099 0.07855 0.00033 0.00013 ( 1)
  81 V   0.99138 0.00828 0.00032 0.00001 ( 1)
  82 S   0.00093 0.89217 0.00215 0.10474 ( 2)
  83 T   0.99211 0.00759 0.00028 0.00001 ( 1)
  84 R   0.57378 0.42569 0.00011 0.00042 ( 1)
  85 P   0.25736 0.72987 0.00529 0.00748 ( 2)
  86 S   0.92636 0.07178 0.00152 0.00034 ( 1)
  87 I   0.30619 0.69256 0.00009 0.00115 ( 2)
  88 G   0.04428 0.95400 0.00002 0.00170 ( 2)
  89 S   0.56097 0.43611 0.00089 0.00203 ( 1)
  90 N   0.00478 0.96589 0.00112 0.02820 ( 2)
  91 D   0.00725 0.78060 0.08000 0.13215 ( 2)
  92 I   0.04584 0.94822 0.00037 0.00557 ( 2)
  93 I   0.90794 0.08414 0.00675 0.00117 ( 1)
  94 T   0.29444 0.63005 0.03938 0.03612 ( 2)
  95 S   0.31059 0.68664 0.00035 0.00242 ( 2)
  96 P   0.81260 0.18634 0.00061 0.00045 ( 1)
  97 F   0.76246 0.23354 0.00230 0.00170 ( 1)
  98 Y   0.99292 0.00672 0.00035 0.00001 ( 1)
  99 G   0.98989 0.00962 0.00047 0.00002 ( 1)
 100 N   0.10214 0.89475 0.00026 0.00286 ( 2)
 101 K   0.23718 0.76148 0.00007 0.00127 ( 2)
 102 S   0.97471 0.02270 0.00245 0.00015 ( 1)
 103 S   0.04905 0.84568 0.05273 0.05254 ( 2)
 104 E   0.00360 0.93229 0.00268 0.06143 ( 2)
 105 P   0.03909 0.89242 0.02571 0.04278 ( 2)
 106 V   0.16238 0.82514 0.00321 0.00927 ( 2)
 107 Q   0.02174 0.97557 0.00002 0.00267 ( 2)
 108 N   0.00704 0.98695 0.00005 0.00596 ( 2)
 109 -   0.75478 0.14563 0.08348 0.01611 ( 1)
 110 -   0.74782 0.15260 0.08271 0.01688 ( 1)
 111 -   0.68636 0.21405 0.07591 0.02367 ( 1)
 112 -   0.65197 0.24845 0.07211 0.02748 ( 1)
 113 L   0.97172 0.02522 0.00287 0.00018 ( 1)
 114 E   0.00080 0.90302 0.00402 0.09216 ( 2)
 115 F   0.69994 0.29963 0.00013 0.00030 ( 1)
 116 N   0.92942 0.06639 0.00389 0.00029 ( 1)
 117 G   0.60955 0.38889 0.00050 0.00106 ( 1)
 118 E   0.37448 0.61637 0.00450 0.00465 ( 2)
 119 K   0.92661 0.07301 0.00025 0.00012 ( 1)
 120 V   0.07253 0.91843 0.00031 0.00873 ( 2)
 121 Y   0.71661 0.26993 0.01087 0.00259 ( 1)
 122 R   0.56314 0.43481 0.00053 0.00151 ( 1)
 123 A   0.01915 0.96334 0.00069 0.01682 ( 2)
 124 V   0.81478 0.17663 0.00751 0.00109 ( 1)
 125 A   0.92960 0.06988 0.00038 0.00013 ( 1)
 126 N   0.52467 0.47462 0.00008 0.00063 ( 1)
 127 T   0.04394 0.82537 0.05371 0.07698 ( 2)
 128 N   0.86784 0.12439 0.00690 0.00087 ( 1)
 129 L   0.04636 0.80716 0.07076 0.07572 ( 2)
 130 A   0.97225 0.01922 0.00824 0.00030 ( 1)
 131 V   0.34719 0.59576 0.03599 0.02106 ( 2)
 132 W   0.04667 0.21519 0.64154 0.09660 ( 3)
 133 P   0.46923 0.50612 0.00968 0.01497 ( 2)
 134 -   0.00047 0.60334 0.01349 0.38270 ( 2)
 135 -   0.60123 0.28500 0.08266 0.03111 ( 1)
 136 -   0.50787 0.32307 0.13368 0.03539 ( 1)
 137 -   0.24824 0.55176 0.13322 0.06677 ( 2)
 138 -   0.51672 0.38369 0.05715 0.04244 ( 1)
 139 S   0.00138 0.19535 0.46118 0.34209 ( 3)
 140 A   0.01113 0.44148 0.31478 0.23261 ( 2)
 141 V   0.09593 0.82314 0.04653 0.03440 ( 2)
 142 Y   0.46196 0.52927 0.00505 0.00373 ( 2)
 143 S   0.06821 0.79115 0.08080 0.05984 ( 2)
 144 G   0.87266 0.12708 0.00015 0.00011 ( 1)
 145 V   0.87799 0.12165 0.00021 0.00015 ( 1)
 146 T   0.82457 0.17393 0.00087 0.00064 ( 1)
 147 K   0.89136 0.10822 0.00024 0.00018 ( 1)
 148 V   0.78682 0.20995 0.00186 0.00138 ( 1)
 149 E   0.00013 0.97406 0.00003 0.02578 ( 2)
 150 F   0.66888 0.33027 0.00027 0.00058 ( 1)
 151 S   0.70777 0.29096 0.00047 0.00079 ( 1)
 152 Q   0.80673 0.19131 0.00118 0.00078 ( 1)
 153 Y   0.99133 0.00801 0.00064 0.00002 ( 1)
 154 N   0.27266 0.72433 0.00070 0.00231 ( 2)
 155 D   0.93505 0.06478 0.00010 0.00006 ( 1)
 156 Q   0.43340 0.53735 0.01944 0.00981 ( 2)
 157 T   0.01810 0.96343 0.00059 0.01788 ( 2)
 158 D   0.61507 0.38261 0.00132 0.00100 ( 1)
 159 E   0.95427 0.04545 0.00022 0.00006 ( 1)
 160 A   0.00223 0.96355 0.00084 0.03338 ( 2)
 161 S   0.20256 0.79465 0.00057 0.00222 ( 2)
 162 T   0.94182 0.05762 0.00044 0.00012 ( 1)
 163 Q   0.94181 0.05719 0.00084 0.00016 ( 1)
 164 T   0.24759 0.74369 0.00113 0.00760 ( 2)
 165 Y   0.51864 0.47730 0.00112 0.00294 ( 1)
 166 D   0.69212 0.30589 0.00081 0.00119 ( 1)
 167 S   0.98239 0.01522 0.00229 0.00009 ( 1)
 168 K   0.22182 0.77682 0.00006 0.00130 ( 2)
 169 R   0.01129 0.98773 0.00000 0.00098 ( 2)
 170 N   0.32542 0.65989 0.00560 0.00908 ( 2)
 171 V   0.03134 0.94875 0.00444 0.01547 ( 2)
 172 G   0.59109 0.39743 0.00524 0.00624 ( 1)
 173 A   0.00040 0.12467 0.62772 0.24721 ( 3)
 174 V   0.01561 0.63168 0.13242 0.22029 ( 2)
 175 -   0.61130 0.11142 0.24814 0.02914 ( 1)
 176 -   0.68789 0.21253 0.07608 0.02351 ( 1)
 177 -   0.00404 0.89638 0.00045 0.09914 ( 2)
 178 -   0.38133 0.51909 0.04217 0.05741 ( 2)
 179 S   0.00066 0.27004 0.24215 0.48714 ( 4)
 180 W   0.00000 0.13379 0.01735 0.84886 ( 4)
 181 D   0.97984 0.02003 0.00011 0.00002 ( 1)
 182 S   0.98842 0.01081 0.00074 0.00003 ( 1)
 183 I   0.92777 0.06773 0.00385 0.00065 ( 1)
 184 D   0.96150 0.03816 0.00027 0.00006 ( 1)
 185 Q   0.93655 0.06244 0.00084 0.00017 ( 1)
 186 L   0.95618 0.03562 0.00766 0.00053 ( 1)
 187 P   0.97513 0.02399 0.00082 0.00006 ( 1)
 188 P   0.76192 0.23693 0.00057 0.00057 ( 1)
 189 E   0.27246 0.60974 0.09610 0.02170 ( 2)
 190 T   0.08085 0.91714 0.00004 0.00197 ( 2)
 191 T   0.46125 0.53737 0.00021 0.00116 ( 2)
 192 D   0.99578 0.00410 0.00011 0.00000 ( 1)
 193 E   0.03621 0.96249 0.00001 0.00129 ( 2)
 194 P   0.93089 0.05036 0.01825 0.00050 ( 1)
 195 P   0.60591 0.35386 0.03272 0.00751 ( 1)
 196 E   0.84586 0.15373 0.00020 0.00021 ( 1)
 197 -   0.71249 0.18792 0.07880 0.02078 ( 1)
 198 -   0.78642 0.11399 0.08698 0.01261 ( 1)
 199 -   0.62970 0.27072 0.06964 0.02994 ( 1)
 200 K   0.94343 0.05551 0.00086 0.00020 ( 1)
 201 G   0.75377 0.20460 0.03706 0.00458 ( 1)
 202 Y   0.99292 0.00672 0.00035 0.00001 ( 1)
 203 S   0.96635 0.03291 0.00065 0.00009 ( 1)
 204 H   0.99660 0.00327 0.00012 0.00000 ( 1)
 205 Q   0.73935 0.25775 0.00154 0.00136 ( 1)
 206 L   0.94466 0.04774 0.00695 0.00066 ( 1)
 207 N   0.99094 0.00889 0.00015 0.00001 ( 1)
 208 Y   0.90138 0.09445 0.00335 0.00082 ( 1)
 209 V   0.69628 0.29109 0.01014 0.00248 ( 1)
 210 M   0.00186 0.72782 0.06418 0.20614 ( 2)
 211 C   0.32722 0.66297 0.00195 0.00787 ( 2)
 212 F   0.93076 0.06692 0.00195 0.00036 ( 1)
 213 L   0.24941 0.74626 0.00049 0.00384 ( 2)
 214 M   0.02887 0.96254 0.00049 0.00810 ( 2)
 215 Q   0.08262 0.89982 0.00094 0.01662 ( 2)
 216 G   0.06684 0.92631 0.00071 0.00613 ( 2)
 217 S   0.18737 0.68176 0.10159 0.02928 ( 2)
 218 R   0.95097 0.04308 0.00538 0.00057 ( 1)
 219 -   0.51672 0.38369 0.05715 0.04244 ( 1)
 220 -   0.51672 0.38369 0.05715 0.04244 ( 1)
 221 -   0.51672 0.38369 0.05715 0.04244 ( 1)
 222 -   0.51672 0.38369 0.05715 0.04244 ( 1)
 223 -   0.51672 0.38369 0.05715 0.04244 ( 1)
 224 -   0.51672 0.38369 0.05715 0.04244 ( 1)
 225 -   0.51672 0.38369 0.05715 0.04244 ( 1)
 226 -   0.51672 0.38369 0.05715 0.04244 ( 1)
 227 G   0.98989 0.00962 0.00047 0.00002 ( 1)
 228 T   0.63365 0.35359 0.00942 0.00334 ( 1)
 229 I   0.98185 0.01501 0.00302 0.00012 ( 1)
 230 P   0.98878 0.01045 0.00074 0.00003 ( 1)
 231 V   0.65586 0.17984 0.15259 0.01171 ( 1)
 232 L   0.86984 0.10442 0.02425 0.00149 ( 1)
 233 T   0.78595 0.21348 0.00023 0.00035 ( 1)
 234 W   0.89179 0.09047 0.01542 0.00232 ( 1)
 235 T   0.98897 0.01055 0.00046 0.00002 ( 1)
 236 H   0.99660 0.00327 0.00012 0.00000 ( 1)
 237 K   0.01688 0.97643 0.00015 0.00653 ( 2)
 238 S   0.99452 0.00541 0.00007 0.00000 ( 1)


lnL = -3543.148258

