Supplemental results for CODEML (seqf: algn  treef: tree)


dN/dS (w) for site classes (K=4)

site class             0        1       2a       2b
proportion       0.65342  0.34658  0.00000  0.00000
background w     0.20123  1.00000  0.20123  1.00000
foreground w     0.20123  1.00000  1.00000  1.00000

Naive Empirical Bayes (NEB) probabilities for 4 classes
(amino acids refer to 1st sequence: BT_Cry1A-like)

   1 W   0.76772 0.23228 0.00000 0.00000 ( 1)
   2 -   0.99961 0.00039 0.00000 0.00000 ( 1)
   3 -   0.52086 0.47914 0.00000 0.00000 ( 1)
   4 -   0.81767 0.18233 0.00000 0.00000 ( 1)
   5 -   0.99827 0.00173 0.00000 0.00000 ( 1)
   6 -   0.99750 0.00250 0.00000 0.00000 ( 1)
   7 -   0.99963 0.00037 0.00000 0.00000 ( 1)
   8 -   0.99242 0.00758 0.00000 0.00000 ( 1)
   9 -   0.99986 0.00014 0.00000 0.00000 ( 1)
  10 -   0.99988 0.00012 0.00000 0.00000 ( 1)
  11 -   0.99546 0.00454 0.00000 0.00000 ( 1)
  12 -   0.99949 0.00051 0.00000 0.00000 ( 1)
  13 -   0.62460 0.37540 0.00000 0.00000 ( 1)
  14 -   0.99780 0.00220 0.00000 0.00000 ( 1)
  15 -   0.99965 0.00035 0.00000 0.00000 ( 1)
  16 -   0.15092 0.84908 0.00000 0.00000 ( 2)
  17 -   0.99985 0.00015 0.00000 0.00000 ( 1)
  18 -   0.96286 0.03714 0.00000 0.00000 ( 1)
  19 -   0.99790 0.00210 0.00000 0.00000 ( 1)
  20 -   0.98240 0.01760 0.00000 0.00000 ( 1)
  21 -   0.99901 0.00099 0.00000 0.00000 ( 1)
  22 -   0.65342 0.34658 0.00000 0.00000 ( 1)
  23 -   0.13770 0.86230 0.00000 0.00000 ( 2)
  24 -   0.99249 0.00751 0.00000 0.00000 ( 1)
  25 -   0.79310 0.20690 0.00000 0.00000 ( 1)
  26 -   0.17020 0.82980 0.00000 0.00000 ( 2)
  27 -   0.00494 0.99506 0.00000 0.00000 ( 2)
  28 -   0.97771 0.02229 0.00000 0.00000 ( 1)
  29 -   0.03406 0.96594 0.00000 0.00000 ( 2)
  30 -   0.05270 0.94730 0.00000 0.00000 ( 2)
  31 -   0.98014 0.01986 0.00000 0.00000 ( 1)
  32 -   0.03596 0.96404 0.00000 0.00000 ( 2)
  33 -   0.04262 0.95738 0.00000 0.00000 ( 2)
  34 -   0.78651 0.21349 0.00000 0.00000 ( 1)
  35 -   0.99986 0.00014 0.00000 0.00000 ( 1)
  36 -   0.65342 0.34658 0.00000 0.00000 ( 1)
  37 -   0.00025 0.99975 0.00000 0.00000 ( 2)
  38 -   0.01338 0.98662 0.00000 0.00000 ( 2)
  39 -   0.72060 0.27940 0.00000 0.00000 ( 1)
  40 -   0.99790 0.00210 0.00000 0.00000 ( 1)
  41 S   0.66773 0.33227 0.00000 0.00000 ( 1)
  42 P   0.99973 0.00027 0.00000 0.00000 ( 1)
  43 H   0.99998 0.00002 0.00000 0.00000 ( 1)
  44 L   0.99832 0.00168 0.00000 0.00000 ( 1)
  45 W   0.99881 0.00119 0.00000 0.00000 ( 1)
  46 I   0.99549 0.00451 0.00000 0.00000 ( 1)
  47 Y   0.41527 0.58473 0.00000 0.00000 ( 2)
  48 L   0.99639 0.00361 0.00000 0.00000 ( 1)
  49 N   0.99957 0.00043 0.00000 0.00000 ( 1)
  50 Q   0.00434 0.99566 0.00000 0.00000 ( 2)
  51 D   0.92479 0.07521 0.00000 0.00000 ( 1)
  52 N   0.00746 0.99254 0.00000 0.00000 ( 2)
  53 H   0.82111 0.17889 0.00000 0.00000 ( 1)
  54 L   0.91787 0.08213 0.00000 0.00000 ( 1)
  55 T   0.98334 0.01666 0.00000 0.00000 ( 1)
  56 D   0.40595 0.59405 0.00000 0.00000 ( 2)
  57 V   0.02943 0.97057 0.00000 0.00000 ( 2)
  58 H   0.84970 0.15030 0.00000 0.00000 ( 1)
  59 R   0.99408 0.00592 0.00000 0.00000 ( 1)
  60 G   0.80552 0.19448 0.00000 0.00000 ( 1)
  61 F   0.00673 0.99327 0.00000 0.00000 ( 2)
  62 N   0.23347 0.76653 0.00000 0.00000 ( 2)
  63 Y   0.88880 0.11120 0.00000 0.00000 ( 1)
  64 W   0.95786 0.04214 0.00000 0.00000 ( 1)
  65 S   0.45588 0.54412 0.00000 0.00000 ( 2)
  66 G   0.99776 0.00224 0.00000 0.00000 ( 1)
  67 H   0.98771 0.01229 0.00000 0.00000 ( 1)
  68 Q   0.94146 0.05854 0.00000 0.00000 ( 1)
  69 I   0.99178 0.00822 0.00000 0.00000 ( 1)
  70 I   0.39124 0.60876 0.00000 0.00000 ( 2)
  71 A   0.93437 0.06563 0.00000 0.00000 ( 1)
  72 S   0.14064 0.85936 0.00000 0.00000 ( 2)
  73 P   0.01042 0.98958 0.00000 0.00000 ( 2)
  74 V   0.89135 0.10865 0.00000 0.00000 ( 1)
  75 G   0.98631 0.01369 0.00000 0.00000 ( 1)
  76 F   0.99877 0.00123 0.00000 0.00000 ( 1)
  77 Q   0.00047 0.99953 0.00000 0.00000 ( 2)
  78 D   0.99009 0.00991 0.00000 0.00000 ( 1)
  79 P   0.07222 0.92778 0.00000 0.00000 ( 2)
  80 E   0.48707 0.51293 0.00000 0.00000 ( 2)
  81 F   0.00626 0.99374 0.00000 0.00000 ( 2)
  82 A   0.02206 0.97794 0.00000 0.00000 ( 2)
  83 F   0.99867 0.00133 0.00000 0.00000 ( 1)
  84 P   0.99836 0.00164 0.00000 0.00000 ( 1)
  85 L   0.05566 0.94434 0.00000 0.00000 ( 2)
  86 F   0.01086 0.98914 0.00000 0.00000 ( 2)
  87 G   0.99720 0.00280 0.00000 0.00000 ( 1)
  88 N   0.02012 0.97988 0.00000 0.00000 ( 2)
  89 A   0.00000 1.00000 0.00000 0.00000 ( 2)
  90 G   0.79733 0.20267 0.00000 0.00000 ( 1)
  91 N   0.65169 0.34831 0.00000 0.00000 ( 1)
  92 A   0.09522 0.90478 0.00000 0.00000 ( 2)
  93 A   0.98191 0.01809 0.00000 0.00000 ( 1)
  94 P   0.97713 0.02287 0.00000 0.00000 ( 1)
  95 P   0.76158 0.23842 0.00000 0.00000 ( 1)
  96 V   0.00001 0.99999 0.00000 0.00000 ( 2)
  97 R   0.82381 0.17619 0.00000 0.00000 ( 1)
  98 I   0.04984 0.95016 0.00000 0.00000 ( 2)
  99 V   0.20657 0.79343 0.00000 0.00000 ( 2)
 100 Y   0.00068 0.99932 0.00000 0.00000 ( 2)
 101 Q   0.00001 0.99999 0.00000 0.00000 ( 2)
 102 L   0.00004 0.99996 0.00000 0.00000 ( 2)
 103 G   0.52202 0.47798 0.00000 0.00000 ( 1)
 104 Q   0.01276 0.98724 0.00000 0.00000 ( 2)
 105 G   0.64791 0.35209 0.00000 0.00000 ( 1)
 106 V   0.72733 0.27267 0.00000 0.00000 ( 1)
 107 Y   0.97796 0.02204 0.00000 0.00000 ( 1)
 108 R   0.99417 0.00583 0.00000 0.00000 ( 1)
 109 T   0.96127 0.03873 0.00000 0.00000 ( 1)
 110 L   0.98242 0.01758 0.00000 0.00000 ( 1)
 111 S   0.89816 0.10184 0.00000 0.00000 ( 1)
 112 S   0.05127 0.94873 0.00000 0.00000 ( 2)
 113 T   0.91318 0.08682 0.00000 0.00000 ( 1)
 114 L   0.06828 0.93172 0.00000 0.00000 ( 2)
 115 Y   0.97569 0.02431 0.00000 0.00000 ( 1)
 116 E   0.00831 0.99169 0.00000 0.00000 ( 2)
 117 D   0.00851 0.99149 0.00000 0.00000 ( 2)
 118 -   0.81704 0.18296 0.00000 0.00000 ( 1)
 119 L   0.71890 0.28110 0.00000 0.00000 ( 1)
 120 F   0.98292 0.01708 0.00000 0.00000 ( 1)
 121 I   0.04896 0.95104 0.00000 0.00000 ( 2)
 122 R   0.01320 0.98680 0.00000 0.00000 ( 2)
 123 D   0.72620 0.27380 0.00000 0.00000 ( 1)
 124 K   0.13626 0.86374 0.00000 0.00000 ( 2)
 125 V   0.59011 0.40989 0.00000 0.00000 ( 1)
 126 I   0.95438 0.04562 0.00000 0.00000 ( 1)
 127 N   0.15175 0.84825 0.00000 0.00000 ( 2)
 128 T   0.00000 1.00000 0.00000 0.00000 ( 2)
 129 Y   0.33035 0.66965 0.00000 0.00000 ( 2)
 130 L   0.85119 0.14881 0.00000 0.00000 ( 1)
 131 F   0.86823 0.13177 0.00000 0.00000 ( 1)
 132 L   0.92633 0.07367 0.00000 0.00000 ( 1)
 133 A   0.39859 0.60141 0.00000 0.00000 ( 2)
 134 G   0.94645 0.05355 0.00000 0.00000 ( 1)
 135 S   0.00412 0.99588 0.00000 0.00000 ( 2)
 136 N   0.42647 0.57353 0.00000 0.00000 ( 2)
 137 L   0.99351 0.00649 0.00000 0.00000 ( 1)
 138 L   0.00037 0.99963 0.00000 0.00000 ( 2)
 139 M   0.77479 0.22521 0.00000 0.00000 ( 1)
 140 E   0.26053 0.73947 0.00000 0.00000 ( 2)
 141 P   0.00221 0.99779 0.00000 0.00000 ( 2)
 142 -   0.88097 0.11903 0.00000 0.00000 ( 1)
 143 -   0.31777 0.68223 0.00000 0.00000 ( 2)
 144 P   0.14953 0.85047 0.00000 0.00000 ( 2)
 145 H   0.00030 0.99970 0.00000 0.00000 ( 2)
 146 I   0.00661 0.99339 0.00000 0.00000 ( 2)
 147 C   0.00009 0.99991 0.00000 0.00000 ( 2)
 148 H   0.94399 0.05601 0.00000 0.00000 ( 1)
 149 P   0.62667 0.37333 0.00000 0.00000 ( 1)
 150 G   0.30892 0.69108 0.00000 0.00000 ( 2)
 151 R   0.12399 0.87601 0.00000 0.00000 ( 2)
 152 Y   0.43782 0.56218 0.00000 0.00000 ( 2)
 153 R   0.99723 0.00277 0.00000 0.00000 ( 1)
 154 K   0.97883 0.02117 0.00000 0.00000 ( 1)
 155 S   0.02567 0.97433 0.00000 0.00000 ( 2)
 156 G   0.99802 0.00198 0.00000 0.00000 ( 1)
 157 T   0.99066 0.00934 0.00000 0.00000 ( 1)
 158 V   0.99853 0.00147 0.00000 0.00000 ( 1)
 159 D   0.99999 0.00001 0.00000 0.00000 ( 1)
 160 S   0.99766 0.00234 0.00000 0.00000 ( 1)
 161 L   0.98205 0.01795 0.00000 0.00000 ( 1)
 162 D   0.99949 0.00051 0.00000 0.00000 ( 1)
 163 E   0.46938 0.53062 0.00000 0.00000 ( 2)
 164 I   0.99992 0.00008 0.00000 0.00000 ( 1)
 165 P   0.99435 0.00565 0.00000 0.00000 ( 1)
 166 H   0.96305 0.03695 0.00000 0.00000 ( 1)
 167 Q   0.99651 0.00349 0.00000 0.00000 ( 1)
 168 N   0.99993 0.00007 0.00000 0.00000 ( 1)
 169 N   0.98558 0.01442 0.00000 0.00000 ( 1)
 170 N   0.98260 0.01740 0.00000 0.00000 ( 1)
 171 V   0.98582 0.01418 0.00000 0.00000 ( 1)
 172 P   0.96906 0.03094 0.00000 0.00000 ( 1)
 173 P   0.99878 0.00122 0.00000 0.00000 ( 1)
 174 R   0.78622 0.21378 0.00000 0.00000 ( 1)
 175 Q   0.18375 0.81625 0.00000 0.00000 ( 2)
 176 G   0.99746 0.00254 0.00000 0.00000 ( 1)
 177 F   0.99803 0.00197 0.00000 0.00000 ( 1)
 178 S   0.99998 0.00002 0.00000 0.00000 ( 1)
 179 H   0.99998 0.00002 0.00000 0.00000 ( 1)
 180 R   0.70497 0.29503 0.00000 0.00000 ( 1)
 181 -   0.65342 0.34658 0.00000 0.00000 ( 1)
 182 L   0.99908 0.00092 0.00000 0.00000 ( 1)
 183 S   0.90055 0.09945 0.00000 0.00000 ( 1)
 184 H   0.99979 0.00021 0.00000 0.00000 ( 1)
 185 V   0.99994 0.00006 0.00000 0.00000 ( 1)
 186 S   0.98151 0.01849 0.00000 0.00000 ( 1)
 187 M   0.99898 0.00102 0.00000 0.00000 ( 1)
 188 F   0.61601 0.38399 0.00000 0.00000 ( 1)
 189 R   0.03769 0.96231 0.00000 0.00000 ( 2)
 190 S   0.15214 0.84785 0.00000 0.00000 ( 2)
 191 G   0.69080 0.30920 0.00000 0.00000 ( 1)
 192 F   0.89342 0.10658 0.00000 0.00000 ( 1)
 193 S   0.33766 0.66234 0.00000 0.00000 ( 2)
 194 N   0.95559 0.04441 0.00000 0.00000 ( 1)
 195 -   0.65342 0.34658 0.00000 0.00000 ( 1)
 196 S   0.85769 0.14231 0.00000 0.00000 ( 1)
 197 S   0.93288 0.06712 0.00000 0.00000 ( 1)
 198 V   0.98176 0.01824 0.00000 0.00000 ( 1)
 199 S   0.89638 0.10362 0.00000 0.00000 ( 1)
 200 I   0.73859 0.26141 0.00000 0.00000 ( 1)
 201 I   0.90056 0.09944 0.00000 0.00000 ( 1)
 202 R   0.99430 0.00570 0.00000 0.00000 ( 1)
 203 A   0.99443 0.00557 0.00000 0.00000 ( 1)
 204 P   0.99987 0.00013 0.00000 0.00000 ( 1)
 205 M   0.76456 0.23544 0.00000 0.00000 ( 1)
 206 F   0.96625 0.03375 0.00000 0.00000 ( 1)
 207 S   0.98584 0.01416 0.00000 0.00000 ( 1)
 208 W   0.95178 0.04822 0.00000 0.00000 ( 1)
 209 I   0.03315 0.96685 0.00000 0.00000 ( 2)
 210 -   0.98206 0.01794 0.00000 0.00000 ( 1)
 211 -   0.74699 0.25301 0.00000 0.00000 ( 1)
 212 -   0.99535 0.00465 0.00000 0.00000 ( 1)


lnL = -5321.380684

Bayes Empirical Bayes (BEB) probabilities for 4 classes (class)
(amino acids refer to 1st sequence: BT_Cry1A-like)

   1 W   0.75303 0.19206 0.04328 0.01163 ( 1)
   2 -   0.94084 0.00047 0.05866 0.00003 ( 1)
   3 -   0.57810 0.36471 0.03452 0.02267 ( 1)
   4 -   0.78551 0.15366 0.05078 0.01006 ( 1)
   5 -   0.94394 0.00178 0.05417 0.00011 ( 1)
   6 -   0.94139 0.00268 0.05576 0.00017 ( 1)
   7 -   0.94688 0.00046 0.05263 0.00003 ( 1)
   8 -   0.93594 0.00711 0.05651 0.00044 ( 1)
   9 -   0.94726 0.00018 0.05255 0.00001 ( 1)
  10 -   0.94945 0.00016 0.05038 0.00001 ( 1)
  11 -   0.94283 0.00436 0.05255 0.00026 ( 1)
  12 -   0.94672 0.00062 0.05262 0.00004 ( 1)
  13 -   0.64065 0.30814 0.03359 0.01763 ( 1)
  14 -   0.94157 0.00223 0.05606 0.00014 ( 1)
  15 -   0.94656 0.00043 0.05299 0.00003 ( 1)
  16 -   0.22052 0.72575 0.01171 0.04201 ( 2)
  17 -   0.94200 0.00019 0.05780 0.00001 ( 1)
  18 -   0.91647 0.03319 0.04843 0.00190 ( 1)
  19 -   0.94542 0.00207 0.05239 0.00012 ( 1)
  20 -   0.93026 0.01574 0.05305 0.00095 ( 1)
  21 -   0.94735 0.00106 0.05153 0.00006 ( 1)
  22 -   0.63371 0.30174 0.04382 0.02073 ( 1)
  23 -   0.24844 0.69636 0.01380 0.04141 ( 2)
  24 -   0.94133 0.00690 0.05137 0.00040 ( 1)
  25 -   0.77601 0.17382 0.04029 0.00988 ( 1)
  26 -   0.25663 0.68900 0.01394 0.04043 ( 2)
  27 -   0.01207 0.93177 0.00067 0.05548 ( 2)
  28 -   0.92722 0.02336 0.04809 0.00133 ( 1)
  29 -   0.05838 0.87707 0.00404 0.06051 ( 2)
  30 -   0.11221 0.83219 0.00620 0.04940 ( 2)
  31 -   0.93151 0.01784 0.04962 0.00103 ( 1)
  32 -   0.07220 0.87421 0.00374 0.04985 ( 2)
  33 -   0.07618 0.86327 0.00470 0.05585 ( 2)
  34 -   0.76563 0.17507 0.04807 0.01123 ( 1)
  35 -   0.94726 0.00018 0.05255 0.00001 ( 1)
  36 -   0.63371 0.30174 0.04382 0.02073 ( 1)
  37 -   0.00108 0.94414 0.00006 0.05472 ( 2)
  38 -   0.04047 0.90193 0.00235 0.05525 ( 2)
  39 -   0.72091 0.22654 0.03929 0.01327 ( 1)
  40 -   0.94476 0.00229 0.05282 0.00014 ( 1)
  41 S   0.67644 0.26370 0.04283 0.01703 ( 1)
  42 P   0.93900 0.00032 0.06066 0.00002 ( 1)
  43 H   0.94866 0.00003 0.05131 0.00000 ( 1)
  44 L   0.94564 0.00193 0.05231 0.00011 ( 1)
  45 W   0.94608 0.00118 0.05267 0.00007 ( 1)
  46 I   0.93768 0.00426 0.05779 0.00027 ( 1)
  47 Y   0.48115 0.46617 0.02569 0.02699 ( 1)
  48 L   0.94387 0.00338 0.05255 0.00020 ( 1)
  49 N   0.95017 0.00053 0.04928 0.00003 ( 1)
  50 Q   0.01372 0.93019 0.00076 0.05532 ( 2)
  51 D   0.87614 0.06516 0.05455 0.00415 ( 1)
  52 N   0.01968 0.92562 0.00105 0.05365 ( 2)
  53 H   0.79674 0.14968 0.04466 0.00892 ( 1)
  54 L   0.87707 0.07141 0.04737 0.00416 ( 1)
  55 T   0.93142 0.01538 0.05229 0.00092 ( 1)
  56 D   0.49659 0.44503 0.03031 0.02807 ( 1)
  57 V   0.07269 0.87234 0.00392 0.05105 ( 2)
  58 H   0.82040 0.12747 0.04468 0.00746 ( 1)
  59 R   0.94137 0.00566 0.05263 0.00034 ( 1)
  60 G   0.78517 0.16431 0.04114 0.00939 ( 1)
  61 F   0.02107 0.92165 0.00121 0.05607 ( 2)
  62 N   0.33880 0.60735 0.01833 0.03552 ( 2)
  63 Y   0.84633 0.09459 0.05302 0.00606 ( 1)
  64 W   0.90365 0.03750 0.05645 0.00240 ( 1)
  65 S   0.52032 0.42355 0.03024 0.02588 ( 1)
  66 G   0.94278 0.00242 0.05465 0.00015 ( 1)
  67 H   0.93011 0.01109 0.05809 0.00071 ( 1)
  68 Q   0.89305 0.05089 0.05292 0.00314 ( 1)
  69 I   0.94082 0.00755 0.05118 0.00044 ( 1)
  70 I   0.46454 0.48340 0.02437 0.02769 ( 2)
  71 A   0.88631 0.05734 0.05280 0.00355 ( 1)
  72 S   0.24352 0.69711 0.01500 0.04436 ( 2)
  73 P   0.03310 0.91312 0.00171 0.05206 ( 2)
  74 V   0.84879 0.09234 0.05297 0.00590 ( 1)
  75 G   0.92211 0.01333 0.06364 0.00091 ( 1)
  76 F   0.93418 0.00127 0.06446 0.00009 ( 1)
  77 Q   0.00182 0.94257 0.00010 0.05551 ( 2)
  78 D   0.93798 0.00962 0.05183 0.00057 ( 1)
  79 P   0.14438 0.79645 0.00880 0.05037 ( 2)
  80 E   0.42107 0.29933 0.23724 0.04236 ( 1)
  81 F   0.01695 0.92769 0.00092 0.05445 ( 2)
  82 A   0.05690 0.88944 0.00295 0.05072 ( 2)
  83 F   0.94027 0.00143 0.05821 0.00009 ( 1)
  84 P   0.94566 0.00173 0.05251 0.00010 ( 1)
  85 L   0.10200 0.73938 0.05433 0.10429 ( 2)
  86 F   0.03239 0.90868 0.00194 0.05698 ( 2)
  87 G   0.93776 0.00294 0.05912 0.00019 ( 1)
  88 N   0.05456 0.88332 0.00356 0.05856 ( 2)
  89 A   0.00000 0.93985 0.00000 0.06015 ( 2)
  90 G   0.78047 0.16938 0.04052 0.00963 ( 1)
  91 N   0.67869 0.26766 0.03777 0.01588 ( 1)
  92 A   0.17863 0.76602 0.00988 0.04547 ( 2)
  93 A   0.92326 0.01613 0.05956 0.00105 ( 1)
  94 P   0.91924 0.02039 0.05904 0.00133 ( 1)
  95 P   0.75049 0.19820 0.03987 0.01144 ( 1)
  96 V   0.00006 0.93945 0.00000 0.06049 ( 2)
  97 R   0.78419 0.15126 0.05418 0.01037 ( 1)
  98 I   0.10381 0.84194 0.00551 0.04874 ( 2)
  99 V   0.30406 0.64043 0.01711 0.03840 ( 2)
 100 Y   0.00300 0.94250 0.00016 0.05435 ( 2)
 101 Q   0.00008 0.94043 0.00001 0.05948 ( 2)
 102 L   0.00023 0.94525 0.00001 0.05451 ( 2)
 103 G   0.58221 0.36259 0.03329 0.02191 ( 1)
 104 Q   0.03035 0.91308 0.00171 0.05486 ( 2)
 105 G   0.66019 0.28610 0.03673 0.01698 ( 1)
 106 V   0.72432 0.22409 0.03864 0.01295 ( 1)
 107 Y   0.92731 0.01983 0.05169 0.00118 ( 1)
 108 R   0.93394 0.00549 0.06021 0.00036 ( 1)
 109 T   0.91274 0.03446 0.05075 0.00204 ( 1)
 110 L   0.92806 0.01597 0.05498 0.00099 ( 1)
 111 S   0.85547 0.08809 0.05097 0.00546 ( 1)
 112 S   0.10014 0.84579 0.00529 0.04878 ( 2)
 113 T   0.87149 0.07561 0.04842 0.00448 ( 1)
 114 L   0.14644 0.79863 0.00797 0.04696 ( 2)
 115 Y   0.92752 0.02181 0.04941 0.00126 ( 1)
 116 E   0.02639 0.91210 0.00169 0.05982 ( 2)
 117 D   0.02421 0.91597 0.00149 0.05833 ( 2)
 118 -   0.77374 0.16171 0.05346 0.01109 ( 1)
 119 L   0.70182 0.23363 0.04852 0.01603 ( 1)
 120 F   0.91969 0.01576 0.06347 0.00108 ( 1)
 121 I   0.09662 0.83883 0.00668 0.05787 ( 2)
 122 R   0.03017 0.90527 0.00209 0.06247 ( 2)
 123 D   0.71815 0.22635 0.04170 0.01381 ( 1)
 124 K   0.24093 0.70208 0.01400 0.04299 ( 2)
 125 V   0.62829 0.31969 0.03354 0.01848 ( 1)
 126 I   0.90071 0.03993 0.05680 0.00257 ( 1)
 127 N   0.23929 0.70792 0.01242 0.04037 ( 2)
 128 T   0.00003 0.94378 0.00000 0.05620 ( 2)
 129 Y   0.41036 0.53605 0.02225 0.03135 ( 2)
 130 L   0.82065 0.12607 0.04579 0.00749 ( 1)
 131 F   0.83354 0.11302 0.04670 0.00673 ( 1)
 132 L   0.87922 0.06429 0.05249 0.00399 ( 1)
 133 A   0.46700 0.47291 0.02953 0.03057 ( 2)
 134 G   0.90014 0.04726 0.04981 0.00279 ( 1)
 135 S   0.01387 0.92697 0.00084 0.05833 ( 2)
 136 N   0.52018 0.42369 0.03024 0.02589 ( 1)
 137 L   0.94099 0.00597 0.05268 0.00036 ( 1)
 138 L   0.00157 0.94063 0.00009 0.05771 ( 2)
 139 M   0.76208 0.18649 0.04065 0.01077 ( 1)
 140 E   0.36214 0.58167 0.02084 0.03535 ( 2)
 141 P   0.00699 0.93569 0.00040 0.05693 ( 2)
 142 -   0.82880 0.10664 0.05724 0.00731 ( 1)
 143 -   0.38150 0.55395 0.02641 0.03814 ( 2)
 144 P   0.22991 0.71578 0.01243 0.04188 ( 2)
 145 H   0.00138 0.94260 0.00008 0.05595 ( 2)
 146 I   0.02140 0.91820 0.00134 0.05907 ( 2)
 147 C   0.00041 0.94010 0.00002 0.05946 ( 2)
 148 H   0.89242 0.04870 0.05576 0.00311 ( 1)
 149 P   0.63826 0.30120 0.04092 0.01963 ( 1)
 150 G   0.40562 0.53536 0.02499 0.03403 ( 2)
 151 R   0.21603 0.72851 0.01203 0.04343 ( 2)
 152 Y   0.49043 0.45694 0.02618 0.02646 ( 1)
 153 R   0.94433 0.00271 0.05280 0.00016 ( 1)
 154 K   0.93132 0.01928 0.04830 0.00109 ( 1)
 155 S   0.05710 0.88895 0.00298 0.05097 ( 2)
 156 G   0.93869 0.00201 0.05917 0.00013 ( 1)
 157 T   0.93088 0.00899 0.05955 0.00058 ( 1)
 158 V   0.94699 0.00156 0.05136 0.00009 ( 1)
 159 D   0.94980 0.00002 0.05018 0.00000 ( 1)
 160 S   0.94494 0.00254 0.05237 0.00015 ( 1)
 161 L   0.92722 0.01695 0.05478 0.00105 ( 1)
 162 D   0.94924 0.00058 0.05015 0.00003 ( 1)
 163 E   0.53689 0.40896 0.02987 0.02429 ( 1)
 164 I   0.94080 0.00011 0.05908 0.00001 ( 1)
 165 P   0.94020 0.00583 0.05361 0.00035 ( 1)
 166 H   0.91434 0.03294 0.05078 0.00195 ( 1)
 167 Q   0.93792 0.00360 0.05825 0.00023 ( 1)
 168 N   0.94973 0.00009 0.05017 0.00001 ( 1)
 169 N   0.93696 0.01366 0.04859 0.00078 ( 1)
 170 N   0.93399 0.01620 0.04889 0.00093 ( 1)
 171 V   0.92738 0.01330 0.05847 0.00086 ( 1)
 172 P   0.91926 0.02748 0.05161 0.00164 ( 1)
 173 P   0.94610 0.00129 0.05253 0.00008 ( 1)
 174 R   0.76160 0.17929 0.04763 0.01148 ( 1)
 175 Q   0.28201 0.66541 0.01465 0.03794 ( 2)
 176 G   0.94722 0.00258 0.05004 0.00015 ( 1)
 177 F   0.94528 0.00192 0.05268 0.00011 ( 1)
 178 S   0.95024 0.00002 0.04974 0.00000 ( 1)
 179 H   0.94866 0.00003 0.05131 0.00000 ( 1)
 180 R   0.70460 0.24148 0.03951 0.01441 ( 1)
 181 -   0.63371 0.30174 0.04382 0.02073 ( 1)
 182 L   0.94305 0.00103 0.05586 0.00006 ( 1)
 183 S   0.86368 0.08658 0.04482 0.00492 ( 1)
 184 H   0.94845 0.00024 0.05130 0.00001 ( 1)
 185 V   0.94832 0.00009 0.05159 0.00001 ( 1)
 186 S   0.93005 0.01722 0.05170 0.00102 ( 1)
 187 M   0.94841 0.00102 0.05052 0.00006 ( 1)
 188 F   0.64009 0.30575 0.03591 0.01825 ( 1)
 189 R   0.08887 0.84579 0.00603 0.05930 ( 2)
 190 S   0.24583 0.69412 0.01540 0.04466 ( 2)
 191 G   0.68534 0.26037 0.03868 0.01561 ( 1)
 192 F   0.85541 0.09187 0.04729 0.00543 ( 1)
 193 S   0.42307 0.51839 0.02582 0.03272 ( 2)
 194 N   0.90887 0.04055 0.04824 0.00234 ( 1)
 195 -   0.63371 0.30174 0.04382 0.02073 ( 1)
 196 S   0.56518 0.08125 0.34205 0.01153 ( 1)
 197 S   0.88602 0.05900 0.05138 0.00359 ( 1)
 198 V   0.93345 0.01674 0.04886 0.00096 ( 1)
 199 S   0.85945 0.08995 0.04543 0.00517 ( 1)
 200 I   0.72718 0.21604 0.04337 0.01341 ( 1)
 201 I   0.85527 0.08579 0.05345 0.00549 ( 1)
 202 R   0.94130 0.00573 0.05263 0.00034 ( 1)
 203 A   0.93943 0.00531 0.05494 0.00033 ( 1)
 204 P   0.94588 0.00017 0.05394 0.00001 ( 1)
 205 M   0.75454 0.19199 0.04208 0.01139 ( 1)
 206 F   0.91874 0.03055 0.04894 0.00176 ( 1)
 207 S   0.93433 0.01311 0.05178 0.00078 ( 1)
 208 W   0.89837 0.04277 0.05613 0.00273 ( 1)
 209 I   0.06848 0.87332 0.00404 0.05416 ( 2)
 210 -   0.92483 0.01636 0.05777 0.00105 ( 1)
 211 -   0.73204 0.21389 0.04127 0.01280 ( 1)
 212 -   0.94538 0.00486 0.04948 0.00028 ( 1)

