Supplemental results for CODEML (seqf: algn  treef: tree)


dN/dS (w) for site classes (K=4)

site class             0        1       2a       2b
proportion       0.62618  0.27059  0.07208  0.03115
background w     0.06570  1.00000  0.06570  1.00000
foreground w     0.06570  1.00000  1.00000  1.00000

Naive Empirical Bayes (NEB) probabilities for 4 classes
(amino acids refer to 1st sequence: BT_Cry1Ca11)

   1 N   0.83448 0.06710 0.09069 0.00772 ( 1)
   2 F   0.89297 0.01546 0.08978 0.00178 ( 1)
   3 V   0.88860 0.02086 0.08813 0.00240 ( 1)
   4 P   0.87698 0.02814 0.09164 0.00324 ( 1)
   5 G   0.81250 0.08819 0.08916 0.01015 ( 1)
   6 G   0.87769 0.03008 0.08876 0.00346 ( 1)
   7 G   0.84794 0.05946 0.08576 0.00684 ( 1)
   8 F   0.89297 0.01546 0.08978 0.00178 ( 1)
   9 L   0.52025 0.38096 0.05493 0.04385 ( 1)
  10 V   0.07972 0.81811 0.00801 0.09417 ( 2)
  11 G   0.88907 0.01884 0.08991 0.00217 ( 1)
  12 L   0.86031 0.04395 0.09067 0.00506 ( 1)
  13 I   0.00006 0.89666 0.00007 0.10321 ( 2)
  14 D   0.89917 0.01187 0.08759 0.00137 ( 1)
  15 F   0.03967 0.85761 0.00400 0.09871 ( 2)
  16 V   0.75671 0.15059 0.07537 0.01733 ( 1)
  17 W   0.77680 0.12267 0.08641 0.01412 ( 1)
  18 G   0.85877 0.04876 0.08686 0.00561 ( 1)
  19 I   0.22029 0.67982 0.02164 0.07825 ( 2)
  20 V   0.39142 0.51082 0.03896 0.05880 ( 2)
  21 G   0.52537 0.37297 0.05873 0.04293 ( 1)
  22 P   0.87316 0.03145 0.09177 0.00362 ( 1)
  23 S   0.87883 0.02681 0.09128 0.00309 ( 1)
  24 Q   0.00036 0.89594 0.00057 0.10313 ( 2)
  25 W   0.77680 0.12267 0.08641 0.01412 ( 1)
  26 D   0.65209 0.25503 0.06353 0.02936 ( 1)
  27 A   0.10156 0.79658 0.01017 0.09169 ( 2)
  28 F   0.89297 0.01546 0.08978 0.00178 ( 1)
  29 L   0.86837 0.03519 0.09240 0.00405 ( 1)
  30 V   0.15147 0.74648 0.01612 0.08592 ( 2)
  31 Q   0.83326 0.07079 0.08781 0.00815 ( 1)
  32 I   0.89174 0.01754 0.08869 0.00202 ( 1)
  33 E   0.89507 0.01502 0.08818 0.00173 ( 1)
  34 Q   0.24625 0.65267 0.02595 0.07512 ( 2)
  35 L   0.83123 0.07278 0.08761 0.00838 ( 1)
  36 I   0.89174 0.01754 0.08869 0.00202 ( 1)
  37 N   0.79609 0.11275 0.07818 0.01298 ( 1)
  38 E   0.08682 0.81124 0.00857 0.09338 ( 2)
  39 R   0.89176 0.01624 0.09013 0.00187 ( 1)
  40 I   0.89696 0.01388 0.08757 0.00160 ( 1)
  41 A   0.51352 0.38991 0.05170 0.04488 ( 1)
  42 E   0.00879 0.88788 0.00113 0.10220 ( 2)
  43 F   0.00520 0.88632 0.00646 0.10202 ( 2)
  44 A   0.72104 0.18494 0.07273 0.02129 ( 1)
  45 R   0.87251 0.02927 0.09485 0.00337 ( 1)
  46 N   0.00698 0.88235 0.00911 0.10156 ( 2)
  47 A   0.14958 0.74921 0.01498 0.08624 ( 2)
  48 A   0.89294 0.01599 0.08923 0.00184 ( 1)
  49 I   0.85693 0.05186 0.08524 0.00597 ( 1)
  50 A   0.03207 0.82673 0.04604 0.09516 ( 2)
  51 N   0.28161 0.61940 0.02769 0.07130 ( 2)
  52 L   0.86031 0.04395 0.09067 0.00506 ( 1)
  53 E   0.89507 0.01502 0.08818 0.00173 ( 1)
  54 G   0.88883 0.01909 0.08989 0.00220 ( 1)
  55 L   0.86031 0.04395 0.09067 0.00506 ( 1)
  56 G   0.85877 0.04876 0.08686 0.00561 ( 1)
  57 N   0.13587 0.76169 0.01477 0.08767 ( 2)
  58 N   0.72155 0.18634 0.07066 0.02145 ( 1)
  59 F   0.06779 0.82931 0.00744 0.09546 ( 2)
  60 N   0.10904 0.78939 0.01071 0.09086 ( 2)
  61 I   0.61339 0.29300 0.05988 0.03373 ( 1)
  62 Y   0.86200 0.04404 0.08889 0.00507 ( 1)
  63 V   0.02740 0.86952 0.00299 0.10009 ( 2)
  64 E   0.88604 0.02392 0.08729 0.00275 ( 1)
  65 A   0.89366 0.01540 0.08916 0.00177 ( 1)
  66 F   0.89297 0.01546 0.08978 0.00178 ( 1)
  67 K   0.89497 0.01475 0.08859 0.00170 ( 1)
  68 E   0.89152 0.01851 0.08783 0.00213 ( 1)
  69 W   0.77680 0.12267 0.08641 0.01412 ( 1)
  70 E   0.89507 0.01502 0.08818 0.00173 ( 1)
  71 E   0.00014 0.89662 0.00004 0.10320 ( 2)
  72 D   0.13325 0.76564 0.01298 0.08813 ( 2)
  73 P   0.87419 0.03043 0.09188 0.00350 ( 1)
  74 N   0.66191 0.19960 0.11551 0.02297 ( 1)
  75 N   0.87551 0.03475 0.08573 0.00400 ( 1)
  76 P   0.00278 0.89403 0.00029 0.10291 ( 2)
  77 A   0.04318 0.80146 0.06312 0.09225 ( 2)
  78 T   0.57422 0.32422 0.06424 0.03732 ( 1)
  79 R   0.29044 0.60800 0.03157 0.06998 ( 2)
  80 T   0.04089 0.85634 0.00420 0.09857 ( 2)
  81 R   0.89176 0.01624 0.09013 0.00187 ( 1)
  82 V   0.88841 0.02105 0.08811 0.00242 ( 1)
  83 I   0.06691 0.75147 0.09513 0.08650 ( 2)
  84 D   0.67115 0.23628 0.06538 0.02720 ( 1)
  85 R   0.73594 0.16228 0.08310 0.01868 ( 1)
  86 F   0.89297 0.01546 0.08978 0.00178 ( 1)
  87 R   0.87017 0.03407 0.09184 0.00392 ( 1)
  88 I   0.89696 0.01388 0.08757 0.00160 ( 1)
  89 L   0.63120 0.27241 0.06504 0.03136 ( 1)
  90 D   0.89976 0.01129 0.08764 0.00130 ( 1)
  91 G   0.52373 0.37557 0.05747 0.04323 ( 1)
  92 L   0.44669 0.45357 0.04753 0.05221 ( 2)
  93 L   0.61952 0.28392 0.06388 0.03268 ( 1)
  94 E   0.89507 0.01502 0.08818 0.00173 ( 1)
  95 R   0.07731 0.81991 0.00841 0.09437 ( 2)
  96 D   0.70187 0.19921 0.07598 0.02293 ( 1)
  97 I   0.80922 0.09158 0.08866 0.01054 ( 1)
  98 P   0.87359 0.03102 0.09181 0.00357 ( 1)
  99 S   0.82409 0.07870 0.08816 0.00906 ( 1)
 100 F   0.89297 0.01546 0.08978 0.00178 ( 1)
 101 R   0.79004 0.11128 0.08588 0.01281 ( 1)
 102 I   0.65407 0.25188 0.06506 0.02899 ( 1)
 103 S   0.00004 0.89669 0.00005 0.10321 ( 2)
 104 G   0.88907 0.01884 0.08991 0.00217 ( 1)
 105 F   0.89297 0.01546 0.08978 0.00178 ( 1)
 106 E   0.89507 0.01502 0.08818 0.00173 ( 1)
 107 V   0.86179 0.04729 0.08548 0.00544 ( 1)
 108 P   0.83867 0.05983 0.09461 0.00689 ( 1)
 109 L   0.88341 0.02293 0.09102 0.00264 ( 1)
 110 L   0.85624 0.04799 0.09024 0.00552 ( 1)
 111 S   0.25379 0.64358 0.02855 0.07408 ( 2)
 112 V   0.88607 0.02267 0.08865 0.00261 ( 1)
 113 Y   0.88056 0.02569 0.09080 0.00296 ( 1)
 114 A   0.04442 0.85294 0.00447 0.09818 ( 2)
 115 Q   0.86952 0.03484 0.09163 0.00401 ( 1)
 116 A   0.87331 0.02780 0.09569 0.00320 ( 1)
 117 A   0.86372 0.03570 0.09647 0.00411 ( 1)
 118 N   0.89949 0.01115 0.08807 0.00128 ( 1)
 119 L   0.80550 0.09450 0.08912 0.01088 ( 1)
 120 H   0.89011 0.01713 0.09079 0.00197 ( 1)
 121 L   0.80424 0.09882 0.08557 0.01137 ( 1)
 122 A   0.89128 0.01707 0.08968 0.00197 ( 1)
 123 I   0.56272 0.34279 0.05504 0.03946 ( 1)
 124 L   0.84728 0.05687 0.08930 0.00655 ( 1)
 125 R   0.89176 0.01624 0.09013 0.00187 ( 1)
 126 D   0.89976 0.01129 0.08764 0.00130 ( 1)
 127 S   0.87883 0.02681 0.09128 0.00309 ( 1)
 128 V   0.02272 0.42904 0.49886 0.04938 ( 3)
 129 I   0.69335 0.21315 0.06896 0.02453 ( 1)
 130 F   0.89130 0.01712 0.08962 0.00197 ( 1)
 131 G   0.88907 0.01884 0.08991 0.00217 ( 1)
 132 E   0.27843 0.26253 0.42883 0.03022 ( 3)
 133 R   0.89176 0.01624 0.09013 0.00187 ( 1)
 134 W   0.77680 0.12267 0.08641 0.01412 ( 1)
 135 G   0.88907 0.01884 0.08991 0.00217 ( 1)
 136 L   0.80681 0.09370 0.08870 0.01079 ( 1)
 137 T   0.49419 0.40909 0.04964 0.04709 ( 1)
 138 T   0.88493 0.02226 0.09024 0.00256 ( 1)
 139 I   0.15186 0.74727 0.01486 0.08601 ( 2)
 140 N   0.89949 0.01115 0.08807 0.00128 ( 1)
 141 V   0.77369 0.12557 0.08628 0.01445 ( 1)
 142 N   0.89949 0.01115 0.08807 0.00128 ( 1)
 143 E   0.76934 0.13878 0.07591 0.01597 ( 1)
 144 N   0.31222 0.58635 0.03394 0.06749 ( 2)
 145 Y   0.88056 0.02569 0.09080 0.00296 ( 1)
 146 N   0.89949 0.01115 0.08807 0.00128 ( 1)
 147 R   0.88206 0.02144 0.09403 0.00247 ( 1)
 148 L   0.46578 0.43458 0.04962 0.05002 ( 1)
 149 I   0.66149 0.24456 0.06580 0.02815 ( 1)
 150 R   0.06057 0.83656 0.00658 0.09629 ( 2)
 151 H   0.00071 0.89608 0.00007 0.10314 ( 2)
 152 I   0.89174 0.01754 0.08869 0.00202 ( 1)
 153 D   0.01009 0.88684 0.00098 0.10208 ( 2)
 154 E   0.89507 0.01502 0.08818 0.00173 ( 1)
 155 Y   0.88056 0.02569 0.09080 0.00296 ( 1)
 156 A   0.04659 0.85078 0.00471 0.09793 ( 2)
 157 D   0.00080 0.89581 0.00027 0.10311 ( 2)
 158 H   0.86224 0.03785 0.09556 0.00436 ( 1)
 159 C   0.86095 0.04448 0.08946 0.00512 ( 1)
 160 A   0.72867 0.17799 0.07286 0.02049 ( 1)
 161 N   0.66191 0.19960 0.11551 0.02297 ( 1)
 162 T   0.81090 0.08971 0.08906 0.01033 ( 1)
 163 Y   0.88056 0.02569 0.09080 0.00296 ( 1)
 164 N   0.64174 0.26493 0.06284 0.03049 ( 1)
 165 R   0.29027 0.60731 0.03251 0.06990 ( 2)
 166 G   0.74020 0.16569 0.07504 0.01907 ( 1)
 167 L   0.85516 0.04906 0.09013 0.00565 ( 1)
 168 N   0.28161 0.61940 0.02769 0.07130 ( 2)
 169 N   0.09906 0.79921 0.00974 0.09199 ( 2)
 170 L   0.85293 0.05127 0.08990 0.00590 ( 1)
 171 P   0.00163 0.89516 0.00017 0.10304 ( 2)
 172 K   0.03741 0.85990 0.00372 0.09898 ( 2)
 173 S   0.00125 0.89554 0.00013 0.10308 ( 2)
 174 T   0.46685 0.43213 0.05128 0.04974 ( 1)
 175 Y   0.00369 0.89312 0.00038 0.10280 ( 2)
 176 Q   0.03804 0.85907 0.00401 0.09888 ( 2)
 177 D   0.06959 0.82827 0.00680 0.09534 ( 2)
 178 W   0.77680 0.12267 0.08641 0.01412 ( 1)
 179 I   0.11653 0.78206 0.01140 0.09002 ( 2)
 180 T   0.75656 0.15003 0.07614 0.01727 ( 1)
 181 Y   0.88056 0.02569 0.09080 0.00296 ( 1)
 182 N   0.89949 0.01115 0.08807 0.00128 ( 1)
 183 R   0.34469 0.55401 0.03753 0.06377 ( 2)
 184 L   0.65923 0.24321 0.06957 0.02799 ( 1)
 185 R   0.84619 0.05295 0.09477 0.00609 ( 1)
 186 R   0.88882 0.01914 0.08983 0.00220 ( 1)
 187 D   0.67764 0.22329 0.07337 0.02570 ( 1)
 188 L   0.85071 0.05347 0.08966 0.00615 ( 1)
 189 T   0.89280 0.01571 0.08967 0.00181 ( 1)
 190 L   0.84628 0.05729 0.08984 0.00659 ( 1)
 191 T   0.88062 0.02709 0.08917 0.00312 ( 1)
 192 V   0.88841 0.02105 0.08811 0.00242 ( 1)
 193 L   0.86031 0.04395 0.09067 0.00506 ( 1)
 194 D   0.89976 0.01129 0.08764 0.00130 ( 1)
 195 I   0.86912 0.03104 0.09626 0.00357 ( 1)
 196 A   0.35248 0.54800 0.03645 0.06308 ( 2)
 197 A   0.89128 0.01707 0.08968 0.00197 ( 1)
 198 F   0.00584 0.89096 0.00064 0.10255 ( 2)
 199 F   0.86175 0.04627 0.08665 0.00533 ( 1)
 200 P   0.83288 0.07182 0.08703 0.00827 ( 1)
 201 N   0.22002 0.37766 0.35884 0.04347 ( 2)


lnL = -1834.045633

