Supplemental results for CODEML (seqf: algn  treef: tree)


dN/dS (w) for site classes (K=4)

site class             0        1       2a       2b
proportion       0.54013  0.42509  0.01947  0.01532
background w     0.18224  1.24274  0.18224  1.24274
foreground w     0.18224  1.24274 32.25511 32.25511

Naive Empirical Bayes (NEB) probabilities for 4 classes
(amino acids refer to 1st sequence: BT_Cry40Aa1)

   1 S   0.45074 0.51448 0.01624 0.01854 ( 2)
   2 -   0.24589 0.71932 0.00886 0.02592 ( 2)
   3 L   0.04392 0.92137 0.00192 0.03279 ( 2)
   4 G   0.02469 0.97160 0.00008 0.00363 ( 2)
   5 G   0.00397 0.72636 0.00520 0.26446 ( 2)
   6 I   0.97968 0.01788 0.00237 0.00008 ( 1)
   7 N   0.02858 0.96314 0.00014 0.00813 ( 2)
   8 T   0.00148 0.95394 0.00045 0.04413 ( 2)
   9 L   0.16408 0.82788 0.00248 0.00556 ( 2)
  10 F   0.03356 0.96137 0.00008 0.00499 ( 2)
  11 S   0.00102 0.98561 0.00001 0.01336 ( 2)
  12 I   0.82759 0.17069 0.00131 0.00041 ( 1)
  13 I   0.97893 0.01817 0.00275 0.00016 ( 1)
  14 G   0.00000 0.96502 0.00000 0.03498 ( 2)
  15 K   0.40281 0.59193 0.00319 0.00208 ( 2)
  16 L   0.38621 0.60773 0.00282 0.00325 ( 2)
  17 I   0.03508 0.20698 0.70899 0.04895 ( 3)
  18 -   0.02962 0.69869 0.15495 0.11675 ( 2)
  19 P   0.79265 0.19995 0.00512 0.00228 ( 1)
  20 T   0.72554 0.27281 0.00102 0.00063 ( 1)
  21 N   0.08719 0.90544 0.00038 0.00699 ( 2)
  22 H   0.95127 0.04689 0.00171 0.00012 ( 1)
  23 Q   0.00065 0.90586 0.00509 0.08841 ( 2)
  24 S   0.64847 0.34928 0.00122 0.00103 ( 1)
  25 V   0.75860 0.23796 0.00224 0.00120 ( 1)
  26 S   0.45346 0.54310 0.00136 0.00208 ( 2)
  27 A   0.01771 0.92822 0.00772 0.04635 ( 2)
  28 L   0.98753 0.00874 0.00369 0.00004 ( 1)
  29 S   0.99753 0.00068 0.00179 0.00000 ( 1)
  30 I   0.99490 0.00215 0.00294 0.00001 ( 1)
  31 C   0.99801 0.00064 0.00134 0.00000 ( 1)
  32 D   0.99720 0.00045 0.00235 0.00000 ( 1)
  33 L   0.99357 0.00367 0.00275 0.00001 ( 1)
  34 L   0.95612 0.03944 0.00424 0.00020 ( 1)
  35 S   0.99225 0.00584 0.00188 0.00002 ( 1)
  36 I   0.99723 0.00028 0.00249 0.00000 ( 1)
  37 I   0.99735 0.00024 0.00241 0.00000 ( 1)
  38 R   0.94673 0.05057 0.00244 0.00025 ( 1)
  39 K   0.62358 0.36992 0.00336 0.00314 ( 1)
  40 E   0.57800 0.41543 0.00372 0.00285 ( 1)
  41 V   0.99244 0.00461 0.00293 0.00002 ( 1)
  42 A   0.10596 0.88955 0.00025 0.00424 ( 2)
  43 D   0.27717 0.71919 0.00094 0.00270 ( 2)
  44 S   0.99660 0.00223 0.00116 0.00000 ( 1)
  45 V   0.96978 0.02751 0.00259 0.00013 ( 1)
  46 L   0.99250 0.00417 0.00331 0.00002 ( 1)
  47 S   0.20388 0.77738 0.00258 0.01616 ( 2)
  48 D   0.20333 0.79408 0.00048 0.00211 ( 2)
  49 A   0.11681 0.87965 0.00037 0.00317 ( 2)
  50 I   0.01887 0.97242 0.00032 0.00839 ( 2)
  51 C   0.17654 0.81756 0.00091 0.00500 ( 2)
  52 R   0.97575 0.02211 0.00205 0.00009 ( 1)
  53 F   0.99778 0.00013 0.00209 0.00000 ( 1)
  54 L   0.54013 0.42509 0.01947 0.01532 ( 1)
  55 D   0.25530 0.74219 0.00059 0.00192 ( 2)
  56 G   0.99788 0.00064 0.00148 0.00000 ( 1)
  57 K   0.00969 0.94774 0.00032 0.04225 ( 2)
  58 L   0.05138 0.93158 0.00245 0.01460 ( 2)
  59 K   0.00031 0.96098 0.00001 0.03869 ( 2)
  60 N   0.02477 0.95690 0.00052 0.01782 ( 2)
  61 Y   0.98005 0.01609 0.00378 0.00009 ( 1)
  62 R   0.00005 0.85258 0.00059 0.14678 ( 2)
  63 E   0.00000 0.20917 0.00035 0.79048 ( 4)
  64 Y   0.95130 0.01392 0.03428 0.00050 ( 1)
  65 Y   0.99711 0.00061 0.00228 0.00000 ( 1)
  66 L   0.98313 0.00619 0.01061 0.00007 ( 1)
  67 P   0.00000 0.95805 0.00000 0.04195 ( 2)
  68 Y   0.74185 0.25574 0.00154 0.00087 ( 1)
  69 L   0.98381 0.00511 0.01104 0.00005 ( 1)
  70 E   0.00001 0.95026 0.00002 0.04972 ( 2)
  71 A   0.00001 0.90516 0.00000 0.09483 ( 2)
  72 W   0.95729 0.03893 0.00362 0.00016 ( 1)
  73 L   0.90982 0.08718 0.00273 0.00027 ( 1)
  74 K   0.00146 0.99203 0.00000 0.00650 ( 2)
  75 D   0.01282 0.98256 0.00003 0.00459 ( 2)
  76 G   0.00705 0.97799 0.00010 0.01486 ( 2)
  77 K   0.01238 0.95283 0.00045 0.03434 ( 2)
  78 P   0.90564 0.05957 0.03264 0.00215 ( 1)
  79 L   0.19806 0.76716 0.00714 0.02765 ( 2)
  80 Q   0.08460 0.88061 0.00305 0.03174 ( 2)
  81 K   0.04665 0.91856 0.00168 0.03310 ( 2)
  82 T   0.62731 0.33790 0.02261 0.01218 ( 1)
  83 N   0.95692 0.04095 0.00196 0.00017 ( 1)
  84 N   0.00269 0.99494 0.00000 0.00236 ( 2)
  85 S   0.00000 0.98029 0.00000 0.01971 ( 2)
  86 D   0.00001 0.98630 0.00000 0.01370 ( 2)
  87 I   0.61724 0.37999 0.00143 0.00134 ( 1)
  88 G   0.00000 0.99567 0.00000 0.00433 ( 2)
  89 Q   0.11260 0.88180 0.00038 0.00522 ( 2)
  90 L   0.33862 0.64096 0.01066 0.00977 ( 2)
  91 V   0.26179 0.73685 0.00029 0.00106 ( 2)
  92 K   0.00007 0.99664 0.00000 0.00329 ( 2)
  93 Y   0.13030 0.85301 0.00226 0.01443 ( 2)
  94 F   0.99269 0.00512 0.00217 0.00002 ( 1)
  95 E   0.07160 0.92584 0.00012 0.00243 ( 2)
  96 L   0.00000 0.98370 0.00000 0.01630 ( 2)
  97 S   0.02694 0.96348 0.00030 0.00928 ( 2)
  98 E   0.97740 0.01931 0.00314 0.00014 ( 1)
  99 R   0.00030 0.98976 0.00002 0.00992 ( 2)
 100 D   0.00321 0.98682 0.00001 0.00996 ( 2)
 101 F   0.98303 0.01060 0.00625 0.00013 ( 1)
 102 N   0.59121 0.29982 0.10003 0.00894 ( 1)
 103 E   0.00131 0.91126 0.00020 0.08723 ( 2)
 104 I   0.96193 0.03531 0.00259 0.00017 ( 1)
 105 L   0.95179 0.04531 0.00272 0.00018 ( 1)
 106 -   0.81872 0.17414 0.00551 0.00163 ( 1)
 107 -   0.26150 0.72694 0.00296 0.00861 ( 2)
 108 -   0.73828 0.24903 0.00853 0.00415 ( 1)
 109 -   0.85314 0.14482 0.00159 0.00044 ( 1)
 110 -   0.77490 0.21574 0.00688 0.00248 ( 1)
 111 -   0.74905 0.24401 0.00472 0.00222 ( 1)
 112 -   0.45308 0.47560 0.05892 0.01240 ( 2)
 113 G   0.02186 0.97520 0.00004 0.00290 ( 2)
 114 G   0.98855 0.00975 0.00167 0.00003 ( 1)
 115 S   0.71822 0.27876 0.00202 0.00100 ( 1)
 116 L   0.99321 0.00402 0.00275 0.00002 ( 1)
 117 A   0.52560 0.46240 0.00622 0.00578 ( 1)
 118 R   0.95260 0.04600 0.00132 0.00009 ( 1)
 119 N   0.00010 0.99662 0.00000 0.00328 ( 2)
 120 N   0.70576 0.20207 0.08843 0.00374 ( 1)
 121 A   0.99286 0.00517 0.00196 0.00002 ( 1)
 122 Q   0.88574 0.11248 0.00154 0.00025 ( 1)
 123 I   0.99425 0.00323 0.00250 0.00001 ( 1)
 124 L   0.99128 0.00595 0.00275 0.00002 ( 1)
 125 L   0.97594 0.00435 0.01961 0.00010 ( 1)
 126 L   0.98524 0.00968 0.00501 0.00007 ( 1)
 127 P   0.99744 0.00141 0.00115 0.00000 ( 1)
 128 Y   0.66827 0.32942 0.00131 0.00100 ( 1)
 129 F   0.88234 0.11513 0.00204 0.00049 ( 1)
 130 C   0.00067 0.95703 0.00017 0.04213 ( 2)
 131 A   0.04326 0.95074 0.00012 0.00589 ( 2)
 132 S   0.81851 0.17940 0.00155 0.00054 ( 1)
 133 C   0.95564 0.04216 0.00205 0.00014 ( 1)
 134 K   0.92991 0.06733 0.00244 0.00032 ( 1)
 135 C   0.00098 0.97296 0.00009 0.02596 ( 2)
 136 Q   0.99332 0.00549 0.00119 0.00001 ( 1)
 137 L   0.99357 0.00367 0.00275 0.00001 ( 1)
 138 L   0.93819 0.01125 0.05017 0.00040 ( 1)
 139 L   0.70468 0.05148 0.24127 0.00256 ( 1)
 140 L   0.99226 0.00419 0.00353 0.00002 ( 1)
 141 R   0.98753 0.01055 0.00189 0.00002 ( 1)
 142 D   0.99776 0.00013 0.00211 0.00000 ( 1)
 143 A   0.85477 0.14313 0.00165 0.00045 ( 1)
 144 V   0.54154 0.40673 0.04516 0.00657 ( 1)
 145 Q   0.07331 0.91920 0.00026 0.00722 ( 2)
 146 Y   0.99711 0.00061 0.00228 0.00000 ( 1)
 147 E   0.77057 0.22640 0.00202 0.00101 ( 1)
 148 E   0.00003 0.95702 0.00001 0.04294 ( 2)
 149 Q   0.00060 0.85778 0.00258 0.13904 ( 2)
 150 W   0.95729 0.03893 0.00362 0.00016 ( 1)
 151 F   0.02789 0.96839 0.00009 0.00362 ( 2)
 152 P   0.00042 0.99245 0.00000 0.00712 ( 2)
 153 F   0.00264 0.99060 0.00001 0.00675 ( 2)
 154 L   0.00048 0.90209 0.00005 0.09738 ( 2)
 155 S   0.03053 0.93469 0.00110 0.03369 ( 2)
 156 A   0.02228 0.94294 0.00080 0.03398 ( 2)
 157 E   0.25994 0.70528 0.00937 0.02542 ( 2)
 158 N   0.26337 0.70185 0.00949 0.02529 ( 2)
 159 V   0.41403 0.55118 0.01492 0.01986 ( 2)
 160 R   0.41722 0.54799 0.01504 0.01975 ( 2)
 161 S   0.82356 0.14166 0.02968 0.00511 ( 1)
 162 E   0.86897 0.09624 0.03132 0.00347 ( 1)
 163 L   0.88546 0.07975 0.03191 0.00287 ( 1)
 164 I   0.90607 0.06806 0.02417 0.00171 ( 1)
 165 S   0.95994 0.03777 0.00216 0.00013 ( 1)
 166 P   0.99638 0.00246 0.00115 0.00000 ( 1)
 167 N   0.58115 0.38407 0.02094 0.01384 ( 1)
 168 S   0.64095 0.32426 0.02310 0.01169 ( 1)
 169 G   0.62975 0.33547 0.02270 0.01209 ( 1)
 170 C   0.62662 0.33860 0.02258 0.01220 ( 1)
 171 D   0.65782 0.30739 0.02371 0.01108 ( 1)
 172 F   0.65010 0.31512 0.02343 0.01136 ( 1)
 173 T   0.02008 0.95964 0.00022 0.02006 ( 2)
 174 G   0.10460 0.89087 0.00027 0.00426 ( 2)
 175 D   0.99735 0.00040 0.00224 0.00000 ( 1)
 176 Y   0.98904 0.00866 0.00226 0.00003 ( 1)
 177 Y   0.00003 0.89327 0.00004 0.10666 ( 2)
 178 E   0.01826 0.78384 0.00366 0.19424 ( 2)
 179 R   0.30395 0.68523 0.00262 0.00820 ( 2)
 180 L   0.96115 0.03524 0.00342 0.00018 ( 1)
 181 K   0.63098 0.31522 0.04059 0.01321 ( 1)
 182 C   0.00521 0.97591 0.00002 0.01886 ( 2)
 183 K   0.02564 0.97178 0.00004 0.00253 ( 2)
 184 I   0.33827 0.65237 0.00278 0.00658 ( 2)
 185 A   0.04479 0.94723 0.00037 0.00761 ( 2)
 186 E   0.00008 0.79175 0.00056 0.20762 ( 2)
 187 Y   0.99360 0.00411 0.00227 0.00001 ( 1)
 188 T   0.10911 0.87902 0.00121 0.01066 ( 2)
 189 D   0.75867 0.23812 0.00177 0.00144 ( 1)
 190 Y   0.96267 0.03499 0.00221 0.00013 ( 1)
 191 C   0.98615 0.00395 0.00986 0.00004 ( 1)
 192 E   0.00005 0.98835 0.00000 0.01160 ( 2)
 193 Y   0.00002 0.99797 0.00000 0.00202 ( 2)
 194 W   0.95729 0.03893 0.00362 0.00016 ( 1)
 195 Y   0.99711 0.00061 0.00228 0.00000 ( 1)
 196 Q   0.38692 0.60944 0.00086 0.00278 ( 2)
 197 A   0.00022 0.99550 0.00000 0.00428 ( 2)
 198 G   0.99798 0.00049 0.00152 0.00000 ( 1)
 199 L   0.95621 0.03792 0.00559 0.00028 ( 1)
 200 N   0.98836 0.00904 0.00255 0.00005 ( 1)
 201 Q   0.93709 0.06008 0.00255 0.00027 ( 1)
 202 I   0.96031 0.00647 0.03302 0.00021 ( 1)
 203 K   0.93568 0.06285 0.00134 0.00013 ( 1)
 204 Q   0.00436 0.99220 0.00001 0.00343 ( 2)
 205 A   0.00003 0.99636 0.00000 0.00360 ( 2)
 206 G   0.99565 0.00288 0.00147 0.00001 ( 1)
 207 T   0.17398 0.70739 0.05905 0.05958 ( 2)
 208 G   0.07274 0.88365 0.01835 0.02525 ( 2)
 209 A   0.83601 0.16192 0.00158 0.00049 ( 1)
 210 D   0.00593 0.97085 0.00011 0.02311 ( 2)
 211 T   0.00114 0.97650 0.00019 0.02217 ( 2)
 212 W   0.95729 0.03893 0.00362 0.00016 ( 1)
 213 A   0.00278 0.99379 0.00001 0.00343 ( 2)
 214 K   0.99524 0.00219 0.00256 0.00001 ( 1)
 215 F   0.99778 0.00013 0.00209 0.00000 ( 1)
 216 N   0.99784 0.00086 0.00130 0.00000 ( 1)
 217 K   0.99545 0.00305 0.00149 0.00001 ( 1)
 218 F   0.99626 0.00148 0.00225 0.00001 ( 1)
 219 R   0.99646 0.00256 0.00098 0.00000 ( 1)
 220 R   0.99768 0.00094 0.00138 0.00000 ( 1)
 221 E   0.97418 0.01299 0.01271 0.00012 ( 1)
 222 M   0.99863 0.00030 0.00107 0.00000 ( 1)
 223 T   0.99131 0.00661 0.00205 0.00002 ( 1)
 224 L   0.98187 0.01535 0.00274 0.00005 ( 1)
 225 T   0.05710 0.94091 0.00007 0.00191 ( 2)
 226 V   0.99640 0.00065 0.00294 0.00000 ( 1)
 227 L   0.98222 0.01266 0.00503 0.00009 ( 1)
 228 D   0.99782 0.00008 0.00210 0.00000 ( 1)
 229 I   0.99497 0.00244 0.00258 0.00001 ( 1)
 230 I   0.96640 0.03021 0.00323 0.00016 ( 1)
 231 A   0.68069 0.29811 0.01915 0.00205 ( 1)
 232 I   0.77252 0.22419 0.00242 0.00087 ( 1)
 233 F   0.04107 0.00085 0.95783 0.00024 ( 3)
 234 Q   0.81648 0.17028 0.01101 0.00222 ( 1)
 235 T   0.07096 0.12770 0.77487 0.02647 ( 3)


lnL = -4718.968745

