Supplemental results for CODEML (seqf: algn  treef: tree)


dN/dS (w) for site classes (K=4)

site class             0        1       2a       2b
proportion       0.00000  0.00000  0.64550  0.35450
background w     0.07606  1.00000  0.07606  1.00000
foreground w     0.07606  1.00000  1.00000  1.00000

Naive Empirical Bayes (NEB) probabilities for 4 classes
(amino acids refer to 1st sequence: BT_Cry19Ca1)

   1 -   0.00000 0.00000 0.86932 0.13068 ( 3)
   2 -   0.00000 0.00000 0.19783 0.80217 ( 4)
   3 F   0.00000 0.00000 0.07667 0.92333 ( 4)
   4 D   0.00000 0.00000 0.98909 0.01091 ( 3)
   5 K   0.00000 0.00000 0.46938 0.53062 ( 4)
   6 I   0.00000 0.00000 0.97228 0.02772 ( 3)
   7 T   0.00000 0.00000 0.99798 0.00202 ( 3)
   8 Q   0.00000 0.00000 0.99848 0.00152 ( 3)
   9 I   0.00000 0.00000 0.97613 0.02387 ( 3)
  10 P   0.00000 0.00000 0.99901 0.00099 ( 3)
  11 A   0.00000 0.00000 0.99732 0.00268 ( 3)
  12 V   0.00000 0.00000 0.99716 0.00284 ( 3)
  13 K   0.00000 0.00000 0.99913 0.00087 ( 3)
  14 S   0.00000 0.00000 0.67774 0.32226 ( 3)
  15 S   0.00000 0.00000 0.00030 0.99970 ( 4)
  16 D   0.00000 0.00000 0.00001 0.99999 ( 4)
  17 W   0.00000 0.00000 0.60429 0.39571 ( 3)
  18 L   0.00000 0.00000 0.01039 0.98961 ( 4)
  19 F   0.00000 0.00000 0.81064 0.18936 ( 3)
  20 Y   0.00000 0.00000 0.52614 0.47386 ( 3)
  21 G   0.00000 0.00000 0.99007 0.00993 ( 3)
  22 N   0.00000 0.00000 0.24277 0.75723 ( 4)
  23 L   0.00000 0.00000 0.93027 0.06973 ( 3)
  24 L   0.00000 0.00000 0.98744 0.01256 ( 3)
  25 K   0.00000 0.00000 0.00613 0.99387 ( 4)
  26 G   0.00000 0.00000 0.99901 0.00099 ( 3)
  27 P   0.00000 0.00000 0.99883 0.00117 ( 3)
  28 G   0.00000 0.00000 0.99847 0.00153 ( 3)
  29 H   0.00000 0.00000 0.99949 0.00051 ( 3)
  30 T   0.00000 0.00000 0.99776 0.00224 ( 3)
  31 G   0.00000 0.00000 0.99894 0.00106 ( 3)
  32 G   0.00000 0.00000 0.99756 0.00244 ( 3)
  33 D   0.00000 0.00000 0.99935 0.00065 ( 3)
  34 L   0.00000 0.00000 0.99453 0.00547 ( 3)
  35 V   0.00000 0.00000 0.99730 0.00270 ( 3)
  36 F   0.00000 0.00000 0.12410 0.87590 ( 4)
  37 L   0.00000 0.00000 0.99895 0.00105 ( 3)
  38 D   0.00000 0.00000 0.03731 0.96269 ( 4)
  39 N   0.00000 0.00000 0.99473 0.00527 ( 3)
  40 G   0.00000 0.00000 0.00192 0.99808 ( 4)
  41 N   0.00000 0.00000 0.00122 0.99878 ( 4)
  42 N   0.00000 0.00000 0.00939 0.99061 ( 4)
  43 F   0.00000 0.00000 0.01955 0.98045 ( 4)
  44 N   0.00000 0.00000 0.00124 0.99876 ( 4)
  45 V   0.00000 0.00000 0.77896 0.22104 ( 3)
  46 R   0.00000 0.00000 0.00025 0.99975 ( 4)
  47 V   0.00000 0.00000 0.91571 0.08429 ( 3)
  48 N   0.00000 0.00000 0.03981 0.96019 ( 4)
  49 F   0.00000 0.00000 0.91527 0.08473 ( 3)
  50 -   0.00000 0.00000 0.40585 0.59415 ( 4)
  51 -   0.00000 0.00000 0.91931 0.08069 ( 3)
  52 -   0.00000 0.00000 0.96804 0.03196 ( 3)
  53 -   0.00000 0.00000 0.96134 0.03866 ( 3)
  54 -   0.00000 0.00000 0.95126 0.04874 ( 3)
  55 -   0.00000 0.00000 0.83428 0.16572 ( 3)
  56 -   0.00000 0.00000 0.59770 0.40230 ( 3)
  57 -   0.00000 0.00000 0.97300 0.02700 ( 3)
  58 -   0.00000 0.00000 0.44309 0.55691 ( 4)
  59 P   0.00000 0.00000 0.56266 0.43734 ( 3)
  60 V   0.00000 0.00000 0.30505 0.69495 ( 4)
  61 Q   0.00000 0.00000 0.98289 0.01711 ( 3)
  62 S   0.00000 0.00000 0.00759 0.99241 ( 4)
  63 Y   0.00000 0.00000 0.99835 0.00165 ( 3)
  64 R   0.00000 0.00000 0.84001 0.15999 ( 3)
  65 V   0.00000 0.00000 0.34560 0.65440 ( 4)
  66 R   0.00000 0.00000 0.98082 0.01918 ( 3)
  67 I   0.00000 0.00000 0.92531 0.07469 ( 3)
  68 R   0.00000 0.00000 0.99790 0.00210 ( 3)
  69 Y   0.00000 0.00000 0.99913 0.00087 ( 3)
  70 A   0.00000 0.00000 0.99919 0.00081 ( 3)
  71 A   0.00000 0.00000 0.97628 0.02372 ( 3)
  72 D   0.00000 0.00000 0.99266 0.00734 ( 3)
  73 G   0.00000 0.00000 0.97608 0.02392 ( 3)
  74 N   0.00000 0.00000 0.01314 0.98686 ( 4)
  75 G   0.00000 0.00000 0.16036 0.83964 ( 4)
  76 E   0.00000 0.00000 0.95014 0.04986 ( 3)
  77 M   0.00000 0.00000 0.96951 0.03049 ( 3)
  78 A   0.00000 0.00000 0.38680 0.61320 ( 4)
  79 I   0.00000 0.00000 0.95758 0.04242 ( 3)
  80 S   0.00000 0.00000 0.55791 0.44209 ( 3)
  81 V   0.00000 0.00000 0.69999 0.30001 ( 3)
  82 D   0.00000 0.00000 0.02260 0.97740 ( 4)
  83 G   0.00000 0.00000 0.10790 0.89210 ( 4)
  84 T   0.00000 0.00000 0.00003 0.99997 ( 4)
  85 -   0.00000 0.00000 0.86798 0.13202 ( 3)
  86 -   0.00000 0.00000 0.77746 0.22254 ( 3)
  87 -   0.00000 0.00000 0.01173 0.98827 ( 4)
  88 -   0.00000 0.00000 0.55152 0.44848 ( 3)
  89 L   0.00000 0.00000 0.00000 1.00000 ( 4)
  90 Y   0.00000 0.00000 0.62200 0.37800 ( 3)
  91 T   0.00000 0.00000 0.67672 0.32328 ( 3)
  92 P   0.00000 0.00000 0.31306 0.68694 ( 4)
  93 F   0.00000 0.00000 0.99951 0.00049 ( 3)
  94 N   0.00000 0.00000 0.00001 0.99999 ( 4)
  95 V   0.00000 0.00000 0.88060 0.11940 ( 3)
  96 E   0.00000 0.00000 0.98998 0.01002 ( 3)
  97 R   0.00000 0.00000 0.02224 0.97776 ( 4)
  98 T   0.00000 0.00000 0.99794 0.00206 ( 3)
  99 F   0.00000 0.00000 0.99951 0.00049 ( 3)
 100 S   0.00000 0.00000 0.54655 0.45345 ( 3)
 101 N   0.00000 0.00000 0.78260 0.21740 ( 3)
 102 N   0.00000 0.00000 0.00299 0.99701 ( 4)
 103 N   0.00000 0.00000 0.99938 0.00062 ( 3)
 104 Y   0.00000 0.00000 0.99679 0.00321 ( 3)
 105 -   0.00000 0.00000 0.68856 0.31144 ( 3)
 106 -   0.00000 0.00000 0.96810 0.03190 ( 3)
 107 -   0.00000 0.00000 0.91812 0.08188 ( 3)
 108 N   0.00000 0.00000 0.98145 0.01855 ( 3)
 109 D   0.00000 0.00000 0.99962 0.00038 ( 3)
 110 L   0.00000 0.00000 0.99488 0.00512 ( 3)
 111 K   0.00000 0.00000 0.98896 0.01104 ( 3)
 112 F   0.00000 0.00000 0.73877 0.26123 ( 3)
 113 E   0.00000 0.00000 0.94044 0.05956 ( 3)
 114 D   0.00000 0.00000 0.97840 0.02160 ( 3)
 115 F   0.00000 0.00000 0.99907 0.00093 ( 3)
 116 K   0.00000 0.00000 0.99158 0.00842 ( 3)
 117 V   0.00000 0.00000 0.28725 0.71275 ( 4)
 118 I   0.00000 0.00000 0.91671 0.08329 ( 3)
 119 D   0.00000 0.00000 0.97020 0.02980 ( 3)
 120 T   0.00000 0.00000 0.82378 0.17622 ( 3)
 121 P   0.00000 0.00000 0.00005 0.99995 ( 4)
 122 L   0.00000 0.00000 0.60797 0.39203 ( 3)
 123 I   0.00000 0.00000 0.99841 0.00159 ( 3)
 124 Y   0.00000 0.00000 0.82624 0.17376 ( 3)
 125 N   0.00000 0.00000 0.98792 0.01208 ( 3)
 126 A   0.00000 0.00000 0.46157 0.53843 ( 4)
 127 S   0.00000 0.00000 0.39139 0.60861 ( 4)
 128 Y   0.00000 0.00000 0.00142 0.99858 ( 4)
 129 E   0.00000 0.00000 0.09261 0.90739 ( 4)
 130 G   0.00000 0.00000 0.16600 0.83400 ( 4)
 131 A   0.00000 0.00000 0.67264 0.32736 ( 3)
 132 K   0.00000 0.00000 0.80667 0.19333 ( 3)
 133 S   0.00000 0.00000 0.91404 0.08596 ( 3)
 134 I   0.00000 0.00000 0.96152 0.03848 ( 3)
 135 F   0.00000 0.00000 0.13214 0.86786 ( 4)
 136 L   0.00000 0.00000 0.98728 0.01272 ( 3)
 137 -   0.00000 0.00000 0.00058 0.99942 ( 4)
 138 -   0.00000 0.00000 0.13402 0.86598 ( 4)
 139 -   0.00000 0.00000 0.00020 0.99980 ( 4)
 140 -   0.00000 0.00000 0.89645 0.10355 ( 3)
 141 -   0.00000 0.00000 0.00175 0.99825 ( 4)
 142 Y   0.00000 0.00000 0.00029 0.99971 ( 4)
 143 N   0.00000 0.00000 0.00037 0.99963 ( 4)
 144 N   0.00000 0.00000 0.00000 1.00000 ( 4)
 145 S   0.00000 0.00000 0.00013 0.99987 ( 4)
 146 N   0.00000 0.00000 0.98229 0.01771 ( 3)
 147 K   0.00000 0.00000 0.00064 0.99936 ( 4)
 148 R   0.00000 0.00000 0.95851 0.04149 ( 3)
 149 V   0.00000 0.00000 0.95938 0.04062 ( 3)
 150 I   0.00000 0.00000 0.99841 0.00159 ( 3)
 151 I   0.00000 0.00000 0.99860 0.00140 ( 3)
 152 D   0.00000 0.00000 0.99628 0.00372 ( 3)
 153 K   0.00000 0.00000 0.99588 0.00412 ( 3)
 154 I   0.00000 0.00000 0.98946 0.01054 ( 3)
 155 E   0.00000 0.00000 0.99911 0.00089 ( 3)
 156 F   0.00000 0.00000 0.98390 0.01610 ( 3)
 157 I   0.00000 0.00000 0.04301 0.95699 ( 4)
 158 -   0.00000 0.00000 0.90278 0.09722 ( 3)


lnL = -2302.968941

