Supplemental results for CODEML (seqf: algn  treef: tree)


dN/dS (w) for site classes (K=4)

site class             0        1       2a       2b
proportion       0.00000  0.00000  0.46614  0.53386
background w     0.08305  0.95150  0.08305  0.95150
foreground w     0.08305  0.95150  0.00000  0.00000

Naive Empirical Bayes (NEB) probabilities for 4 classes
(amino acids refer to 1st sequence: BT_Cry24Ca1)

   1 -   0.00000 0.00000 0.51978 0.48022 ( 3)
   2 -   0.00000 0.00000 0.46614 0.53386 ( 4)
   3 A   0.00000 0.00000 0.00026 0.99974 ( 4)
   4 D   0.00000 0.00000 0.99995 0.00005 ( 3)
   5 K   0.00000 0.00000 0.99849 0.00151 ( 3)
   6 I   0.00000 0.00000 0.99922 0.00078 ( 3)
   7 T   0.00000 0.00000 0.99945 0.00055 ( 3)
   8 Q   0.00000 0.00000 0.99964 0.00036 ( 3)
   9 I   0.00000 0.00000 0.99993 0.00007 ( 3)
  10 P   0.00000 0.00000 0.99682 0.00318 ( 3)
  11 A   0.00000 0.00000 0.99957 0.00043 ( 3)
  12 V   0.00000 0.00000 0.99906 0.00094 ( 3)
  13 K   0.00000 0.00000 0.99983 0.00017 ( 3)
  14 T   0.00000 0.00000 0.00700 0.99300 ( 4)
  15 W   0.00000 0.00000 0.00046 0.99954 ( 4)
  16 E   0.00000 0.00000 0.00001 0.99999 ( 4)
  17 I   0.00000 0.00000 0.03925 0.96075 ( 4)
  18 R   0.00000 0.00000 0.00006 0.99994 ( 4)
  19 G   0.00000 0.00000 0.00111 0.99889 ( 4)
  20 T   0.00000 0.00000 0.00089 0.99911 ( 4)
  21 -   0.00000 0.00000 0.46614 0.53386 ( 4)
  22 S   0.00000 0.00000 0.01931 0.98069 ( 4)
  23 S   0.00000 0.00000 0.94759 0.05241 ( 3)
  24 V   0.00000 0.00000 0.99981 0.00019 ( 3)
  25 V   0.00000 0.00000 0.76168 0.23832 ( 3)
  26 A   0.00000 0.00000 0.86643 0.13357 ( 3)
  27 G   0.00000 0.00000 0.99911 0.00089 ( 3)
  28 P   0.00000 0.00000 0.99995 0.00005 ( 3)
  29 G   0.00000 0.00000 0.99995 0.00005 ( 3)
  30 N   0.00000 0.00000 0.12167 0.87833 ( 4)
  31 T   0.00000 0.00000 0.99985 0.00015 ( 3)
  32 G   0.00000 0.00000 0.99986 0.00014 ( 3)
  33 G   0.00000 0.00000 0.99973 0.00027 ( 3)
  34 N   0.00000 0.00000 0.97900 0.02100 ( 3)
  35 L   0.00000 0.00000 0.99783 0.00217 ( 3)
  36 V   0.00000 0.00000 0.99250 0.00750 ( 3)
  37 K   0.00000 0.00000 0.00190 0.99810 ( 4)
  38 M   0.00000 0.00000 0.72840 0.27160 ( 3)
  39 S   0.00000 0.00000 0.99151 0.00849 ( 3)
  40 Y   0.00000 0.00000 0.00157 0.99843 ( 4)
  41 H   0.00000 0.00000 0.00094 0.99906 ( 4)
  42 S   0.00000 0.00000 0.00019 0.99981 ( 4)
  43 V   0.00000 0.00000 0.00001 0.99999 ( 4)
  44 -   0.00000 0.00000 0.46614 0.53386 ( 4)
  45 W   0.00000 0.00000 0.00985 0.99015 ( 4)
  46 N   0.00000 0.00000 0.00046 0.99954 ( 4)
  47 I   0.00000 0.00000 0.99725 0.00275 ( 3)
  48 K   0.00000 0.00000 0.00122 0.99878 ( 4)
  49 F   0.00000 0.00000 0.64540 0.35460 ( 3)
  50 -   0.00000 0.00000 0.00436 0.99564 ( 4)
  51 -   0.00000 0.00000 0.01950 0.98050 ( 4)
  52 -   0.00000 0.00000 0.73092 0.26908 ( 3)
  53 -   0.00000 0.00000 0.69074 0.30926 ( 3)
  54 -   0.00000 0.00000 0.71502 0.28498 ( 3)
  55 -   0.00000 0.00000 0.54773 0.45227 ( 3)
  56 -   0.00000 0.00000 0.00941 0.99059 ( 4)
  57 T   0.00000 0.00000 0.00002 0.99998 ( 4)
  58 C   0.00000 0.00000 0.00000 1.00000 ( 4)
  59 Q   0.00000 0.00000 0.00207 0.99793 ( 4)
  60 Q   0.00000 0.00000 0.00000 1.00000 ( 4)
  61 L   0.00000 0.00000 0.00000 1.00000 ( 4)
  62 K   0.00000 0.00000 0.01609 0.98391 ( 4)
  63 R   0.00000 0.00000 0.00176 0.99824 ( 4)
  64 Y   0.00000 0.00000 0.98131 0.01869 ( 3)
  65 R   0.00000 0.00000 0.00013 0.99987 ( 4)
  66 V   0.00000 0.00000 0.71911 0.28089 ( 3)
  67 R   0.00000 0.00000 0.99592 0.00408 ( 3)
  68 I   0.00000 0.00000 0.99842 0.00158 ( 3)
  69 R   0.00000 0.00000 0.99787 0.00213 ( 3)
  70 Y   0.00000 0.00000 0.99996 0.00004 ( 3)
  71 A   0.00000 0.00000 0.99978 0.00022 ( 3)
  72 S   0.00000 0.00000 0.99431 0.00569 ( 3)
  73 D   0.00000 0.00000 0.51892 0.48108 ( 3)
  74 G   0.00000 0.00000 0.00009 0.99991 ( 4)
  75 N   0.00000 0.00000 0.70554 0.29446 ( 3)
  76 C   0.00000 0.00000 0.63568 0.36432 ( 3)
  77 Q   0.00000 0.00000 0.10427 0.89573 ( 4)
  78 L   0.00000 0.00000 0.98350 0.01650 ( 3)
  79 A   0.00000 0.00000 0.00000 1.00000 ( 4)
  80 M   0.00000 0.00000 0.40746 0.59254 ( 4)
  81 R   0.00000 0.00000 0.01100 0.98900 ( 4)
  82 R   0.00000 0.00000 0.91822 0.08178 ( 3)
  83 W   0.00000 0.00000 0.00105 0.99895 ( 4)
  84 R   0.00000 0.00000 0.00019 0.99981 ( 4)
  85 G   0.00000 0.00000 0.01282 0.98718 ( 4)
  86 G   0.00000 0.00000 0.00002 0.99998 ( 4)
  87 P   0.00000 0.00000 0.17554 0.82446 ( 4)
  88 G   0.00000 0.00000 0.00332 0.99668 ( 4)
  89 Y   0.00000 0.00000 0.00004 0.99996 ( 4)
  90 -   0.00000 0.00000 0.00556 0.99444 ( 4)
  91 -   0.00000 0.00000 0.46614 0.53386 ( 4)
  92 V   0.00000 0.00000 0.00064 0.99936 ( 4)
  93 Q   0.00000 0.00000 0.00015 0.99985 ( 4)
  94 E   0.00000 0.00000 0.00913 0.99087 ( 4)
  95 A   0.00000 0.00000 0.00151 0.99849 ( 4)
  96 R   0.00000 0.00000 0.02565 0.97435 ( 4)
  97 H   0.00000 0.00000 0.90983 0.09017 ( 3)
  98 T   0.00000 0.00000 0.03565 0.96435 ( 4)
  99 V   0.00000 0.00000 0.90453 0.09547 ( 3)
 100 Q   0.00000 0.00000 0.00052 0.99948 ( 4)
 101 R   0.00000 0.00000 0.22263 0.77737 ( 4)
 102 T   0.00000 0.00000 0.96416 0.03584 ( 3)
 103 F   0.00000 0.00000 0.81790 0.18210 ( 3)
 104 S   0.00000 0.00000 0.83453 0.16547 ( 3)
 105 -   0.00000 0.00000 0.43446 0.56554 ( 4)
 106 -   0.00000 0.00000 0.46614 0.53386 ( 4)
 107 G   0.00000 0.00000 0.96860 0.03140 ( 3)
 108 S   0.00000 0.00000 0.12277 0.87723 ( 4)
 109 M   0.00000 0.00000 0.97958 0.02042 ( 3)
 110 T   0.00000 0.00000 0.99168 0.00832 ( 3)
 111 Y   0.00000 0.00000 0.99941 0.00059 ( 3)
 112 D   0.00000 0.00000 0.99561 0.00439 ( 3)
 113 S   0.00000 0.00000 0.00065 0.99935 ( 4)
 114 F   0.00000 0.00000 0.99990 0.00010 ( 3)
 115 K   0.00000 0.00000 0.98272 0.01728 ( 3)
 116 Y   0.00000 0.00000 0.99970 0.00030 ( 3)
 117 L   0.00000 0.00000 0.04096 0.95904 ( 4)
 118 D   0.00000 0.00000 0.99486 0.00514 ( 3)
 119 I   0.00000 0.00000 0.05874 0.94126 ( 4)
 120 F   0.00000 0.00000 0.65336 0.34664 ( 3)
 121 T   0.00000 0.00000 0.00252 0.99748 ( 4)
 122 M   0.00000 0.00000 0.00217 0.99783 ( 4)
 123 P   0.00000 0.00000 0.00000 1.00000 ( 4)
 124 A   0.00000 0.00000 0.26251 0.73749 ( 4)
 125 E   0.00000 0.00000 0.00762 0.99238 ( 4)
 126 D   0.00000 0.00000 0.18223 0.81777 ( 4)
 127 Y   0.00000 0.00000 0.00000 1.00000 ( 4)
 128 T   0.00000 0.00000 0.00028 0.99972 ( 4)
 129 F   0.00000 0.00000 0.06279 0.93721 ( 4)
 130 N   0.00000 0.00000 0.00000 1.00000 ( 4)
 131 L   0.00000 0.00000 0.30788 0.69212 ( 4)
 132 T   0.00000 0.00000 0.03893 0.96107 ( 4)
 133 I   0.00000 0.00000 0.07225 0.92775 ( 4)
 134 -   0.00000 0.00000 0.01660 0.98340 ( 4)
 135 -   0.00000 0.00000 0.69664 0.30336 ( 3)
 136 D   0.00000 0.00000 0.00007 0.99993 ( 4)
 137 L   0.00000 0.00000 0.00079 0.99921 ( 4)
 138 E   0.00000 0.00000 0.00080 0.99920 ( 4)
 139 S   0.00000 0.00000 0.05279 0.94721 ( 4)
 140 G   0.00000 0.00000 0.99799 0.00201 ( 3)
 141 G   0.00000 0.00000 0.96253 0.03747 ( 3)
 142 A   0.00000 0.00000 0.00174 0.99826 ( 4)
 143 L   0.00000 0.00000 0.93596 0.06404 ( 3)
 144 Y   0.00000 0.00000 0.00726 0.99274 ( 4)
 145 I   0.00000 0.00000 0.96755 0.03245 ( 3)
 146 D   0.00000 0.00000 0.99984 0.00016 ( 3)
 147 K   0.00000 0.00000 0.99904 0.00096 ( 3)
 148 I   0.00000 0.00000 0.99739 0.00261 ( 3)
 149 E   0.00000 0.00000 0.99996 0.00004 ( 3)
 150 F   0.00000 0.00000 0.99879 0.00121 ( 3)
 151 -   0.00000 0.00000 0.99991 0.00009 ( 3)


lnL = -2951.221200

