Supplemental results for CODEML (seqf: algn  treef: tree)


dN/dS (w) for site classes (K=4)

site class             0        1       2a       2b
proportion       0.47680  0.44790  0.03883  0.03647
background w     0.00749  1.13327  0.00749  1.13327
foreground w     0.00749  1.13327  9.99179  9.99179

Naive Empirical Bayes (NEB) probabilities for 4 classes
(amino acids refer to 1st sequence: BT_Cry4Ba1)

   1 A   0.00039 0.96550 0.00001 0.03409 ( 2)
   2 G   0.86819 0.10000 0.02818 0.00364 ( 1)
   3 T   0.00025 0.96038 0.00001 0.03936 ( 2)
   4 V   0.67574 0.26917 0.03871 0.01639 ( 1)
   5 L   0.00253 0.78833 0.00769 0.20145 ( 2)
   6 T   0.79288 0.17596 0.02486 0.00630 ( 1)
   7 V   0.04850 0.91518 0.00164 0.03468 ( 2)
   8 L   0.85634 0.11021 0.02925 0.00420 ( 1)
   9 S   0.83422 0.14061 0.02103 0.00413 ( 1)
  10 A   0.01436 0.92843 0.00084 0.05638 ( 2)
  11 V   0.02386 0.94213 0.00072 0.03329 ( 2)
  12 L   0.85634 0.11021 0.02925 0.00420 ( 1)
  13 P   0.83773 0.12613 0.03100 0.00514 ( 1)
  14 I   0.06802 0.89893 0.00203 0.03102 ( 2)
  15 L   0.85634 0.11021 0.02925 0.00420 ( 1)
  16 W   0.60940 0.32941 0.03935 0.02184 ( 1)
  17 P   0.62122 0.31879 0.03925 0.02074 ( 1)
  18 T   0.02382 0.91328 0.00156 0.06134 ( 2)
  19 N   0.91370 0.06264 0.02182 0.00184 ( 1)
  20 T   0.88673 0.08518 0.02525 0.00284 ( 1)
  21 P   0.81322 0.14763 0.03269 0.00646 ( 1)
  22 T   0.67892 0.26697 0.03836 0.01575 ( 1)
  23 P   0.83773 0.12613 0.03100 0.00514 ( 1)
  24 E   0.88499 0.08603 0.02605 0.00292 ( 1)
  25 R   0.86287 0.10222 0.03056 0.00435 ( 1)
  26 V   0.88235 0.08876 0.02587 0.00302 ( 1)
  27 W   0.01132 0.92652 0.00073 0.06142 ( 2)
  28 N   0.91370 0.06264 0.02182 0.00184 ( 1)
  29 D   0.91325 0.06244 0.02247 0.00184 ( 1)
  30 F   0.80482 0.16573 0.02385 0.00560 ( 1)
  31 M   0.89114 0.07975 0.02643 0.00268 ( 1)
  32 T   0.68294 0.26271 0.03854 0.01581 ( 1)
  33 N   0.91370 0.06264 0.02182 0.00184 ( 1)
  34 T   0.01261 0.35741 0.55163 0.07836 ( 3)
  35 G   0.75181 0.21124 0.02823 0.00871 ( 1)
  36 N   0.04406 0.90334 0.00233 0.05026 ( 2)
  37 L   0.04704 0.91645 0.00161 0.03491 ( 2)
  38 I   0.88848 0.08418 0.02456 0.00278 ( 1)
  39 D   0.91325 0.06244 0.02247 0.00184 ( 1)
  40 Q   0.81323 0.14762 0.03268 0.00646 ( 1)
  41 T   0.01094 0.26294 0.64183 0.08429 ( 3)
  42 V   0.01347 0.36257 0.54469 0.07927 ( 3)
  43 T   0.86837 0.10079 0.02722 0.00362 ( 1)
  44 A   0.00024 0.79199 0.01087 0.19689 ( 2)
  45 Y   0.00021 0.95110 0.00001 0.04868 ( 2)
  46 V   0.86338 0.10495 0.02782 0.00385 ( 1)
  47 R   0.71585 0.23524 0.03630 0.01261 ( 1)
  48 T   0.00826 0.94540 0.00037 0.04597 ( 2)
  49 D   0.00019 0.70475 0.00009 0.29496 ( 2)
  50 A   0.77479 0.16966 0.04525 0.01030 ( 1)
  51 N   0.91370 0.06264 0.02182 0.00184 ( 1)
  52 A   0.86019 0.10715 0.02864 0.00401 ( 1)
  53 K   0.00010 0.49527 0.01088 0.49374 ( 2)
  54 M   0.89114 0.07975 0.02643 0.00268 ( 1)
  55 T   0.01491 0.92768 0.00087 0.05654 ( 2)
  56 V   0.03950 0.85445 0.00507 0.10098 ( 2)
  57 V   0.79062 0.17740 0.02549 0.00649 ( 1)
  58 K   0.89023 0.08214 0.02491 0.00272 ( 1)
  59 D   0.05028 0.90132 0.00241 0.04599 ( 2)
  60 Y   0.05087 0.92031 0.00124 0.02758 ( 2)
  61 L   0.75620 0.19966 0.03439 0.00975 ( 1)
  62 D   0.04867 0.91471 0.00166 0.03496 ( 2)
  63 Q   0.00580 0.96042 0.00018 0.03361 ( 2)
  64 Y   0.85783 0.10910 0.02893 0.00413 ( 1)
  65 T   0.01261 0.35741 0.55163 0.07836 ( 3)
  66 T   0.03400 0.91912 0.00156 0.04532 ( 2)
  67 K   0.00060 0.97028 0.00002 0.02910 ( 2)
  68 F   0.88686 0.08404 0.02625 0.00284 ( 1)
  69 N   0.77553 0.18082 0.03492 0.00874 ( 1)
  70 T   0.00030 0.79699 0.01065 0.19207 ( 2)
  71 W   0.60940 0.32941 0.03935 0.02184 ( 1)
  72 K   0.89023 0.08214 0.02491 0.00272 ( 1)
  73 R   0.04857 0.91172 0.00184 0.03787 ( 2)
  74 E   0.00005 0.94157 0.00000 0.05837 ( 2)
  75 P   0.73127 0.20698 0.04786 0.01389 ( 1)
  76 N   0.03036 0.92770 0.00125 0.04070 ( 2)
  77 N   0.85881 0.11721 0.02056 0.00342 ( 1)
  78 Q   0.00016 0.92689 0.00001 0.07293 ( 2)
  79 -   0.53440 0.42538 0.02148 0.01874 ( 1)
  80 -   0.00528 0.66291 0.16696 0.16485 ( 2)
  81 -   0.54919 0.41634 0.01853 0.01595 ( 1)
  82 -   0.53440 0.42538 0.02148 0.01874 ( 1)
  83 S   0.00000 0.77864 0.00002 0.22135 ( 2)
  84 Y   0.85783 0.10910 0.02893 0.00413 ( 1)
  85 R   0.00060 0.95410 0.00003 0.04528 ( 2)
  86 T   0.05073 0.91298 0.00171 0.03459 ( 2)
  87 A   0.86636 0.10385 0.02620 0.00359 ( 1)
  88 V   0.86338 0.10495 0.02782 0.00385 ( 1)
  89 I   0.88198 0.08952 0.02545 0.00306 ( 1)
  90 T   0.00012 0.85464 0.00245 0.14279 ( 2)
  91 Q   0.03670 0.93012 0.00110 0.03209 ( 2)
  92 F   0.88686 0.08404 0.02625 0.00284 ( 1)
  93 N   0.00002 0.95961 0.00000 0.04037 ( 2)
  94 L   0.78407 0.17380 0.03399 0.00815 ( 1)
  95 T   0.00025 0.96544 0.00001 0.03431 ( 2)
  96 S   0.00001 0.95116 0.00000 0.04883 ( 2)
  97 A   0.77634 0.19068 0.02586 0.00713 ( 1)
  98 K   0.01245 0.29547 0.61926 0.07282 ( 3)
  99 L   0.85634 0.11021 0.02925 0.00420 ( 1)
 100 R   0.69202 0.25539 0.03794 0.01466 ( 1)
 101 E   0.00000 0.97040 0.00000 0.02960 ( 2)
 102 T   0.00006 0.66700 0.00453 0.32841 ( 2)
 103 A   0.85936 0.10798 0.02861 0.00405 ( 1)
 104 V   0.05931 0.90711 0.00182 0.03176 ( 2)
 105 Y   0.85783 0.10910 0.02893 0.00413 ( 1)
 106 F   0.88686 0.08404 0.02625 0.00284 ( 1)
 107 S   0.71110 0.23813 0.03756 0.01322 ( 1)
 108 N   0.85881 0.11721 0.02056 0.00342 ( 1)
 109 L   0.01453 0.93097 0.00080 0.05371 ( 2)
 110 V   0.84026 0.12403 0.03050 0.00521 ( 1)
 111 G   0.86994 0.09825 0.02823 0.00357 ( 1)
 112 Y   0.85783 0.10910 0.02893 0.00413 ( 1)
 113 E   0.88499 0.08603 0.02605 0.00292 ( 1)
 114 L   0.75620 0.19966 0.03439 0.00975 ( 1)
 115 L   0.72115 0.23647 0.03128 0.01109 ( 1)
 116 L   0.78407 0.17380 0.03399 0.00815 ( 1)
 117 L   0.78407 0.17380 0.03399 0.00815 ( 1)
 118 P   0.81322 0.14763 0.03269 0.00646 ( 1)
 119 I   0.88198 0.08952 0.02545 0.00306 ( 1)
 120 Y   0.76485 0.20172 0.02581 0.00762 ( 1)
 121 A   0.00035 0.96442 0.00001 0.03523 ( 2)
 122 Q   0.81323 0.14762 0.03268 0.00646 ( 1)
 123 V   0.87074 0.10032 0.02553 0.00341 ( 1)
 124 A   0.86019 0.10715 0.02864 0.00401 ( 1)
 125 N   0.91370 0.06264 0.02182 0.00184 ( 1)
 126 F   0.00000 0.34314 0.01563 0.64123 ( 4)
 127 N   0.05703 0.90989 0.00173 0.03135 ( 2)
 128 L   0.78407 0.17380 0.03399 0.00815 ( 1)
 129 L   0.85634 0.11021 0.02925 0.00420 ( 1)
 130 L   0.78407 0.17380 0.03399 0.00815 ( 1)
 131 I   0.88198 0.08952 0.02545 0.00306 ( 1)
 132 R   0.88362 0.08668 0.02672 0.00297 ( 1)
 133 D   0.91325 0.06244 0.02247 0.00184 ( 1)
 134 G   0.77029 0.19753 0.02501 0.00718 ( 1)
 135 L   0.01264 0.92580 0.00081 0.06075 ( 2)
 136 I   0.00018 0.96681 0.00001 0.03301 ( 2)
 137 N   0.00000 0.96662 0.00000 0.03338 ( 2)
 138 A   0.00028 0.96362 0.00001 0.03610 ( 2)
 139 Q   0.00000 0.97068 0.00000 0.02932 ( 2)
 140 E   0.00037 0.96676 0.00001 0.03285 ( 2)
 141 W   0.00000 0.93783 0.00000 0.06217 ( 2)
 142 S   0.00027 0.96178 0.00001 0.03794 ( 2)
 143 L   0.00019 0.95503 0.00001 0.04477 ( 2)
 144 A   0.86019 0.10715 0.02864 0.00401 ( 1)
 145 R   0.79790 0.16146 0.03335 0.00730 ( 1)
 146 S   0.00000 0.82503 0.00007 0.17490 ( 2)
 147 A   0.00000 0.96463 0.00000 0.03536 ( 2)
 148 G   0.50363 0.42107 0.04101 0.03429 ( 1)
 149 D   0.74595 0.20703 0.03632 0.01071 ( 1)
 150 Q   0.00015 0.76056 0.00768 0.23161 ( 2)
 151 L   0.81103 0.15534 0.02771 0.00592 ( 1)
 152 Y   0.85783 0.10910 0.02893 0.00413 ( 1)
 153 N   0.04684 0.92113 0.00133 0.03070 ( 2)
 154 T   0.00013 0.96594 0.00000 0.03393 ( 2)
 155 M   0.00035 0.96631 0.00001 0.03333 ( 2)
 156 V   0.00000 0.83795 0.00001 0.16203 ( 2)
 157 Q   0.00265 0.94624 0.00013 0.05097 ( 2)
 158 Y   0.02382 0.93987 0.00080 0.03551 ( 2)
 159 T   0.00736 0.27767 0.59607 0.11890 ( 3)
 160 K   0.00060 0.97028 0.00002 0.02910 ( 2)
 161 E   0.00000 0.82270 0.00006 0.17724 ( 2)
 162 Y   0.75726 0.18291 0.04791 0.01192 ( 1)
 163 I   0.88848 0.08418 0.02456 0.00278 ( 1)
 164 A   0.02713 0.92603 0.00124 0.04560 ( 2)
 165 H   0.88484 0.08565 0.02659 0.00292 ( 1)
 166 S   0.03219 0.93239 0.00106 0.03436 ( 2)
 167 I   0.88848 0.08418 0.02456 0.00278 ( 1)
 168 T   0.04478 0.92295 0.00127 0.03100 ( 2)
 169 W   0.00016 0.96205 0.00001 0.03778 ( 2)
 170 Y   0.85783 0.10910 0.02893 0.00413 ( 1)
 171 N   0.91370 0.06264 0.02182 0.00184 ( 1)
 172 K   0.04231 0.90918 0.00203 0.04648 ( 2)
 173 G   0.86994 0.09825 0.02823 0.00357 ( 1)
 174 L   0.78407 0.17380 0.03399 0.00815 ( 1)
 175 D   0.09651 0.87500 0.00238 0.02611 ( 2)
 176 V   0.00039 0.96397 0.00001 0.03564 ( 2)
 177 L   0.85634 0.11021 0.02925 0.00420 ( 1)
 178 R   0.00044 0.96700 0.00001 0.03255 ( 2)
 179 N   0.91370 0.06264 0.02182 0.00184 ( 1)
 180 K   0.06400 0.90275 0.00196 0.03130 ( 2)
 181 S   0.54704 0.37766 0.04455 0.03075 ( 1)
 182 N   0.91370 0.06264 0.02182 0.00184 ( 1)
 183 G   0.02094 0.92269 0.00120 0.05517 ( 2)
 184 Q   0.00019 0.95764 0.00001 0.04217 ( 2)
 185 W   0.60940 0.32941 0.03935 0.02184 ( 1)
 186 I   0.00030 0.96411 0.00001 0.03558 ( 2)
 187 T   0.79720 0.17165 0.02500 0.00615 ( 1)
 188 F   0.88686 0.08404 0.02625 0.00284 ( 1)
 189 N   0.91370 0.06264 0.02182 0.00184 ( 1)
 190 D   0.91325 0.06244 0.02247 0.00184 ( 1)
 191 Y   0.85783 0.10910 0.02893 0.00413 ( 1)
 192 K   0.06400 0.90275 0.00196 0.03130 ( 2)
 193 R   0.88362 0.08668 0.02672 0.00297 ( 1)
 194 E   0.82408 0.14666 0.02429 0.00498 ( 1)
 195 M   0.89114 0.07975 0.02643 0.00268 ( 1)
 196 T   0.88673 0.08518 0.02525 0.00284 ( 1)
 197 I   0.83416 0.11664 0.04209 0.00711 ( 1)
 198 Q   0.79276 0.16338 0.03561 0.00826 ( 1)
 199 V   0.03159 0.85509 0.00581 0.10752 ( 2)
 200 L   0.75159 0.18644 0.04917 0.01280 ( 1)
 201 D   0.91325 0.06244 0.02247 0.00184 ( 1)
 202 I   0.88002 0.09257 0.02435 0.00306 ( 1)
 203 L   0.00494 0.96210 0.00015 0.03281 ( 2)
 204 A   0.00000 0.37417 0.01957 0.60625 ( 4)
 205 L   0.85634 0.11021 0.02925 0.00420 ( 1)
 206 F   0.88686 0.08404 0.02625 0.00284 ( 1)
 207 A   0.02107 0.94063 0.00076 0.03754 ( 2)
 208 S   0.91484 0.06035 0.02304 0.00177 ( 1)


lnL = -1685.328196

