Supplemental results for CODEML (seqf: algn  treef: tree)


dN/dS (w) for site classes (K=4)

site class             0        1       2a       2b
proportion       0.58926  0.31259  0.06413  0.03402
background w     0.07758  1.00000  0.07758  1.00000
foreground w     0.07758  1.00000  1.00000  1.00000

Naive Empirical Bayes (NEB) probabilities for 4 classes
(amino acids refer to 1st sequence: BT_Cry19Ca1)

   1 -   0.83318 0.11491 0.03941 0.01251 ( 1)
   2 -   0.15780 0.71140 0.05337 0.07743 ( 2)
   3 F   0.05408 0.82596 0.03007 0.08990 ( 2)
   4 D   0.95932 0.01077 0.02874 0.00117 ( 1)
   5 K   0.46712 0.46833 0.01357 0.05097 ( 2)
   6 I   0.94643 0.02369 0.02730 0.00258 ( 1)
   7 T   0.97060 0.00171 0.02750 0.00019 ( 1)
   8 Q   0.96067 0.00146 0.03771 0.00016 ( 1)
   9 I   0.95098 0.02000 0.02684 0.00218 ( 1)
  10 P   0.97036 0.00091 0.02863 0.00010 ( 1)
  11 A   0.92943 0.00235 0.06797 0.00026 ( 1)
  12 V   0.92997 0.00249 0.06727 0.00027 ( 1)
  13 K   0.97284 0.00077 0.02631 0.00008 ( 1)
  14 S   0.66564 0.28914 0.01376 0.03147 ( 1)
  15 S   0.00022 0.90143 0.00025 0.09811 ( 2)
  16 D   0.00001 0.90183 0.00000 0.09815 ( 2)
  17 W   0.55332 0.36138 0.04597 0.03933 ( 1)
  18 L   0.00926 0.89223 0.00141 0.09711 ( 2)
  19 F   0.78681 0.17325 0.02108 0.01886 ( 1)
  20 Y   0.41565 0.42622 0.11174 0.04639 ( 2)
  21 G   0.96252 0.00851 0.02805 0.00093 ( 1)
  22 N   0.15976 0.70474 0.05881 0.07670 ( 2)
  23 L   0.81138 0.05722 0.12517 0.00623 ( 1)
  24 L   0.94455 0.01150 0.04270 0.00125 ( 1)
  25 K   0.00630 0.89600 0.00019 0.09752 ( 2)
  26 G   0.97472 0.00089 0.02430 0.00010 ( 1)
  27 P   0.97018 0.00107 0.02863 0.00012 ( 1)
  28 G   0.94613 0.00143 0.05229 0.00016 ( 1)
  29 H   0.97406 0.00047 0.02542 0.00005 ( 1)
  30 T   0.96799 0.00193 0.02987 0.00021 ( 1)
  31 G   0.97458 0.00096 0.02436 0.00010 ( 1)
  32 G   0.95580 0.00219 0.04177 0.00024 ( 1)
  33 D   0.97028 0.00062 0.02904 0.00007 ( 1)
  34 L   0.95037 0.00478 0.04433 0.00052 ( 1)
  35 V   0.93010 0.00236 0.06728 0.00026 ( 1)
  36 F   0.11644 0.56069 0.26185 0.06102 ( 2)
  37 L   0.97069 0.00095 0.02826 0.00010 ( 1)
  38 D   0.02205 0.85431 0.03066 0.09298 ( 2)
  39 N   0.97143 0.00461 0.02345 0.00050 ( 1)
  40 G   0.00206 0.89988 0.00012 0.09794 ( 2)
  41 N   0.00112 0.90040 0.00048 0.09800 ( 2)
  42 N   0.00603 0.88684 0.01060 0.09652 ( 2)
  43 F   0.01622 0.88425 0.00329 0.09624 ( 2)
  44 N   0.00106 0.90077 0.00013 0.09804 ( 2)
  45 V   0.50269 0.18112 0.29648 0.01971 ( 1)
  46 R   0.00018 0.90131 0.00041 0.09810 ( 2)
  47 V   0.81135 0.07487 0.10563 0.00815 ( 1)
  48 N   0.02974 0.86470 0.01146 0.09411 ( 2)
  49 F   0.86678 0.08181 0.04250 0.00890 ( 1)
  50 -   0.37975 0.52209 0.04133 0.05682 ( 2)
  51 -   0.83274 0.06910 0.09063 0.00752 ( 1)
  52 -   0.87469 0.02715 0.09520 0.00296 ( 1)
  53 -   0.86920 0.03265 0.09460 0.00355 ( 1)
  54 -   0.86069 0.04116 0.09368 0.00448 ( 1)
  55 -   0.75798 0.14387 0.08250 0.01566 ( 1)
  56 -   0.55579 0.34606 0.06049 0.03766 ( 1)
  57 -   0.87914 0.02270 0.09568 0.00247 ( 1)
  58 -   0.41728 0.48457 0.04542 0.05274 ( 2)
  59 P   0.53750 0.38151 0.03946 0.04152 ( 1)
  60 V   0.26822 0.63515 0.02750 0.06913 ( 2)
  61 Q   0.94385 0.01595 0.03846 0.00174 ( 1)
  62 S   0.00568 0.89430 0.00269 0.09733 ( 2)
  63 Y   0.94311 0.00165 0.05506 0.00018 ( 1)
  64 R   0.54187 0.16287 0.27754 0.01773 ( 1)
  65 V   0.28084 0.59520 0.05918 0.06478 ( 2)
  66 R   0.94209 0.01699 0.03908 0.00185 ( 1)
  67 I   0.90400 0.06281 0.02635 0.00684 ( 1)
  68 R   0.93871 0.00236 0.05867 0.00026 ( 1)
  69 Y   0.96979 0.00080 0.02932 0.00009 ( 1)
  70 A   0.97560 0.00070 0.02363 0.00008 ( 1)
  71 A   0.66373 0.02022 0.31385 0.00220 ( 1)
  72 D   0.88468 0.00676 0.10782 0.00074 ( 1)
  73 G   0.95214 0.02113 0.02443 0.00230 ( 1)
  74 N   0.01059 0.89088 0.00157 0.09696 ( 2)
  75 G   0.20025 0.71518 0.00674 0.07784 ( 2)
  76 E   0.90781 0.04671 0.04040 0.00508 ( 1)
  77 M   0.94557 0.02858 0.02274 0.00311 ( 1)
  78 A   0.31954 0.57292 0.04518 0.06236 ( 2)
  79 I   0.92855 0.03849 0.02877 0.00419 ( 1)
  80 S   0.09771 0.12222 0.76677 0.01330 ( 3)
  81 V   0.67800 0.27274 0.01958 0.02968 ( 1)
  82 D   0.01889 0.88273 0.00231 0.09607 ( 2)
  83 G   0.10990 0.79951 0.00357 0.08702 ( 2)
  84 T   0.00002 0.90182 0.00000 0.09815 ( 2)
  85 -   0.78814 0.11371 0.08578 0.01238 ( 1)
  86 -   0.70797 0.19387 0.07705 0.02110 ( 1)
  87 -   0.01188 0.88997 0.00129 0.09686 ( 2)
  88 -   0.51564 0.38621 0.05612 0.04203 ( 1)
  89 L   0.00000 0.90184 0.00000 0.09815 ( 2)
  90 Y   0.60299 0.34079 0.01913 0.03709 ( 1)
  91 T   0.66937 0.26979 0.03148 0.02936 ( 1)
  92 P   0.21946 0.59233 0.12375 0.06447 ( 2)
  93 F   0.97487 0.00045 0.02464 0.00005 ( 1)
  94 N   0.00001 0.90184 0.00000 0.09815 ( 2)
  95 V   0.77661 0.11319 0.09788 0.01232 ( 1)
  96 E   0.71282 0.01038 0.27567 0.00113 ( 1)
  97 R   0.01937 0.88157 0.00311 0.09595 ( 2)
  98 T   0.96974 0.00176 0.02831 0.00019 ( 1)
  99 F   0.97487 0.00045 0.02464 0.00005 ( 1)
 100 S   0.52389 0.40928 0.02228 0.04455 ( 1)
 101 N   0.56420 0.19420 0.22046 0.02114 ( 1)
 102 N   0.00307 0.89900 0.00008 0.09785 ( 2)
 103 N   0.97581 0.00053 0.02360 0.00006 ( 1)
 104 Y   0.96694 0.00296 0.02977 0.00032 ( 1)
 105 -   0.63822 0.26362 0.06946 0.02869 ( 1)
 106 -   0.87500 0.02684 0.09523 0.00292 ( 1)
 107 -   0.83169 0.07015 0.09052 0.00764 ( 1)
 108 N   0.95688 0.01666 0.02465 0.00181 ( 1)
 109 D   0.97889 0.00033 0.02075 0.00004 ( 1)
 110 L   0.95235 0.00474 0.04239 0.00052 ( 1)
 111 K   0.71610 0.00967 0.27317 0.00105 ( 1)
 112 F   0.68304 0.24352 0.04693 0.02650 ( 1)
 113 E   0.63216 0.05183 0.31037 0.00564 ( 1)
 114 D   0.95716 0.01973 0.02096 0.00215 ( 1)
 115 F   0.95147 0.00086 0.04758 0.00009 ( 1)
 116 K   0.77777 0.00787 0.21351 0.00086 ( 1)
 117 V   0.19200 0.62388 0.11622 0.06790 ( 2)
 118 I   0.73840 0.07245 0.18127 0.00789 ( 1)
 119 D   0.93341 0.02502 0.03884 0.00272 ( 1)
 120 T   0.80077 0.15637 0.02585 0.01702 ( 1)
 121 P   0.00004 0.90180 0.00001 0.09815 ( 2)
 122 L   0.43574 0.37471 0.14876 0.04078 ( 1)
 123 I   0.96576 0.00148 0.03260 0.00016 ( 1)
 124 Y   0.76659 0.15413 0.06251 0.01678 ( 1)
 125 N   0.96327 0.01075 0.02481 0.00117 ( 1)
 126 A   0.45345 0.48050 0.01376 0.05230 ( 2)
 127 S   0.38620 0.46693 0.09605 0.05082 ( 2)
 128 Y   0.00139 0.90055 0.00004 0.09801 ( 2)
 129 E   0.06960 0.78844 0.05615 0.08581 ( 2)
 130 G   0.16194 0.75114 0.00517 0.08175 ( 2)
 131 A   0.45584 0.27559 0.23858 0.02999 ( 1)
 132 K   0.49815 0.16921 0.31423 0.01842 ( 1)
 133 S   0.72852 0.07349 0.19000 0.00800 ( 1)
 134 I   0.93686 0.03252 0.02707 0.00354 ( 1)
 135 F   0.05583 0.55030 0.33398 0.05989 ( 2)
 136 L   0.94470 0.01156 0.04248 0.00126 ( 1)
 137 -   0.00061 0.90124 0.00007 0.09809 ( 2)
 138 -   0.13244 0.76941 0.01441 0.08374 ( 2)
 139 -   0.00021 0.90164 0.00002 0.09813 ( 2)
 140 -   0.81197 0.08988 0.08837 0.00978 ( 1)
 141 -   0.00177 0.90008 0.00019 0.09796 ( 2)
 142 Y   0.00028 0.90158 0.00002 0.09813 ( 2)
 143 N   0.00034 0.90151 0.00003 0.09812 ( 2)
 144 N   0.00000 0.90184 0.00000 0.09815 ( 2)
 145 S   0.00011 0.90169 0.00006 0.09814 ( 2)
 146 N   0.56675 0.01588 0.41564 0.00173 ( 1)
 147 K   0.00039 0.90007 0.00159 0.09796 ( 2)
 148 R   0.88265 0.04493 0.06753 0.00489 ( 1)
 149 V   0.93563 0.03352 0.02721 0.00365 ( 1)
 150 I   0.96576 0.00148 0.03260 0.00016 ( 1)
 151 I   0.97065 0.00120 0.02802 0.00013 ( 1)
 152 D   0.96705 0.00362 0.02894 0.00039 ( 1)
 153 K   0.96839 0.00362 0.02760 0.00039 ( 1)
 154 I   0.96274 0.00915 0.02712 0.00100 ( 1)
 155 E   0.96601 0.00083 0.03307 0.00009 ( 1)
 156 F   0.94876 0.01486 0.03476 0.00162 ( 1)
 157 I   0.03900 0.86553 0.00127 0.09420 ( 2)
 158 -   0.81831 0.08353 0.08906 0.00909 ( 1)


lnL = -2302.643731

