Supplemental results for CODEML (seqf: algn  treef: tree)


dN/dS (w) for site classes (K=4)

site class             0        1       2a       2b
proportion       0.00000  0.00000  0.64246  0.35754
background w     0.05476  0.66067  0.05476  0.66067
foreground w     0.05476  0.66067  0.19329  0.19329

Naive Empirical Bayes (NEB) probabilities for 4 classes
(amino acids refer to 1st sequence: BT_Cry8Ab1)

   1 P   0.00000 0.00000 0.77924 0.22076 ( 3)
   2 F   0.00000 0.00000 0.90665 0.09335 ( 3)
   3 A   0.00000 0.00000 0.00913 0.99087 ( 4)
   4 S   0.00000 0.00000 0.00143 0.99857 ( 4)
   5 Q   0.00000 0.00000 0.00308 0.99692 ( 4)
   6 I   0.00000 0.00000 0.68491 0.31509 ( 3)
   7 V   0.00000 0.00000 0.16074 0.83926 ( 4)
   8 S   0.00000 0.00000 0.14496 0.85504 ( 4)
   9 F   0.00000 0.00000 0.75302 0.24698 ( 3)
  10 Y   0.00000 0.00000 0.12033 0.87967 ( 4)
  11 N   0.00000 0.00000 0.01617 0.98383 ( 4)
  12 F   0.00000 0.00000 0.97780 0.02220 ( 3)
  13 I   0.00000 0.00000 0.98133 0.01867 ( 3)
  14 L   0.00000 0.00000 0.27926 0.72074 ( 4)
  15 D   0.00000 0.00000 0.72840 0.27160 ( 3)
  16 Q   0.00000 0.00000 0.05024 0.94976 ( 4)
  17 L   0.00000 0.00000 0.67552 0.32448 ( 3)
  18 W   0.00000 0.00000 0.04160 0.95840 ( 4)
  19 P   0.00000 0.00000 0.97087 0.02913 ( 3)
  20 S   0.00000 0.00000 0.06999 0.93001 ( 4)
  21 N   0.00000 0.00000 0.26556 0.73444 ( 4)
  22 S   0.00000 0.00000 0.07554 0.92446 ( 4)
  23 V   0.00000 0.00000 0.80335 0.19665 ( 3)
  24 S   0.00000 0.00000 0.88208 0.11792 ( 3)
  25 V   0.00000 0.00000 0.38990 0.61010 ( 4)
  26 W   0.00000 0.00000 0.84787 0.15213 ( 3)
  27 E   0.00000 0.00000 0.74017 0.25983 ( 3)
  28 Q   0.00000 0.00000 0.00592 0.99408 ( 4)
  29 I   0.00000 0.00000 0.64105 0.35895 ( 3)
  30 M   0.00000 0.00000 0.84456 0.15544 ( 3)
  31 T   0.00000 0.00000 0.12382 0.87618 ( 4)
  32 L   0.00000 0.00000 0.07055 0.92945 ( 4)
  33 V   0.00000 0.00000 0.94072 0.05928 ( 3)
  34 E   0.00000 0.00000 0.97901 0.02099 ( 3)
  35 E   0.00000 0.00000 0.17636 0.82364 ( 4)
  36 L   0.00000 0.00000 0.93178 0.06822 ( 3)
  37 V   0.00000 0.00000 0.78021 0.21979 ( 3)
  38 D   0.00000 0.00000 0.98782 0.01218 ( 3)
  39 Q   0.00000 0.00000 0.95541 0.04459 ( 3)
  40 K   0.00000 0.00000 0.98255 0.01745 ( 3)
  41 I   0.00000 0.00000 0.98927 0.01073 ( 3)
  42 T   0.00000 0.00000 0.98140 0.01860 ( 3)
  43 E   0.00000 0.00000 0.31495 0.68505 ( 4)
  44 Y   0.00000 0.00000 0.43696 0.56304 ( 4)
  45 A   0.00000 0.00000 0.22042 0.77958 ( 4)
  46 R   0.00000 0.00000 0.96533 0.03467 ( 3)
  47 N   0.00000 0.00000 0.08377 0.91623 ( 4)
  48 K   0.00000 0.00000 0.67578 0.32422 ( 3)
  49 A   0.00000 0.00000 0.95409 0.04591 ( 3)
  50 L   0.00000 0.00000 0.05404 0.94596 ( 4)
  51 A   0.00000 0.00000 0.98031 0.01969 ( 3)
  52 E   0.00000 0.00000 0.74883 0.25117 ( 3)
  53 L   0.00000 0.00000 0.94630 0.05370 ( 3)
  54 K   0.00000 0.00000 0.01366 0.98634 ( 4)
  55 G   0.00000 0.00000 0.97780 0.02220 ( 3)
  56 L   0.00000 0.00000 0.94079 0.05921 ( 3)
  57 G   0.00000 0.00000 0.03751 0.96249 ( 4)
  58 D   0.00000 0.00000 0.34923 0.65077 ( 4)
  59 A   0.00000 0.00000 0.60613 0.39387 ( 3)
  60 L   0.00000 0.00000 0.00709 0.99291 ( 4)
  61 G   0.00000 0.00000 0.00005 0.99995 ( 4)
  62 V   0.00000 0.00000 0.97921 0.02079 ( 3)
  63 Y   0.00000 0.00000 0.96713 0.03287 ( 3)
  64 Q   0.00000 0.00000 0.87655 0.12345 ( 3)
  65 Q   0.00000 0.00000 0.59168 0.40832 ( 3)
  66 S   0.00000 0.00000 0.95449 0.04551 ( 3)
  67 L   0.00000 0.00000 0.93715 0.06285 ( 3)
  68 E   0.00000 0.00000 0.70039 0.29961 ( 3)
  69 A   0.00000 0.00000 0.01556 0.98444 ( 4)
  70 W   0.00000 0.00000 0.84787 0.15213 ( 3)
  71 L   0.00000 0.00000 0.31576 0.68424 ( 4)
  72 E   0.00000 0.00000 0.80232 0.19768 ( 3)
  73 N   0.00000 0.00000 0.98702 0.01298 ( 3)
  74 R   0.00000 0.00000 0.07015 0.92985 ( 4)
  75 N   0.00000 0.00000 0.98702 0.01298 ( 3)
  76 D   0.00000 0.00000 0.67193 0.32807 ( 3)
  77 T   0.00000 0.00000 0.25473 0.74527 ( 4)
  78 R   0.00000 0.00000 0.97361 0.02639 ( 3)
  79 A   0.00000 0.00000 0.19558 0.80442 ( 4)
  80 R   0.00000 0.00000 0.87610 0.12390 ( 3)
  81 S   0.00000 0.00000 0.97703 0.02297 ( 3)
  82 V   0.00000 0.00000 0.73430 0.26570 ( 3)
  83 V   0.00000 0.00000 0.96892 0.03108 ( 3)
  84 S   0.00000 0.00000 0.00041 0.99959 ( 4)
  85 N   0.00000 0.00000 0.00640 0.99360 ( 4)
  86 Q   0.00000 0.00000 0.95541 0.04459 ( 3)
  87 F   0.00000 0.00000 0.34699 0.65301 ( 4)
  88 I   0.00000 0.00000 0.00168 0.99832 ( 4)
  89 A   0.00000 0.00000 0.91802 0.08198 ( 3)
  90 L   0.00000 0.00000 0.94714 0.05286 ( 3)
  91 E   0.00000 0.00000 0.77861 0.22139 ( 3)
  92 L   0.00000 0.00000 0.97158 0.02842 ( 3)
  93 D   0.00000 0.00000 0.98782 0.01218 ( 3)
  94 F   0.00000 0.00000 0.98532 0.01468 ( 3)
  95 V   0.00000 0.00000 0.97409 0.02591 ( 3)
  96 G   0.00000 0.00000 0.00078 0.99922 ( 4)
  97 A   0.00000 0.00000 0.01105 0.98895 ( 4)
  98 I   0.00000 0.00000 0.95267 0.04733 ( 3)
  99 P   0.00000 0.00000 0.92719 0.07281 ( 3)
 100 S   0.00000 0.00000 0.94191 0.05809 ( 3)
 101 F   0.00000 0.00000 0.98532 0.01468 ( 3)
 102 A   0.00000 0.00000 0.97976 0.02024 ( 3)
 103 V   0.00000 0.00000 0.80019 0.19981 ( 3)
 104 S   0.00000 0.00000 0.27466 0.72534 ( 4)
 105 G   0.00000 0.00000 0.96025 0.03975 ( 3)
 106 Q   0.00000 0.00000 0.88157 0.11843 ( 3)
 107 E   0.00000 0.00000 0.98029 0.01971 ( 3)
 108 V   0.00000 0.00000 0.80627 0.19373 ( 3)
 109 P   0.00000 0.00000 0.96484 0.03516 ( 3)
 110 L   0.00000 0.00000 0.94958 0.05042 ( 3)
 111 L   0.00000 0.00000 0.94958 0.05042 ( 3)
 112 A   0.00000 0.00000 0.11776 0.88224 ( 4)
 113 V   0.00000 0.00000 0.95821 0.04179 ( 3)
 114 Y   0.00000 0.00000 0.64658 0.35342 ( 3)
 115 A   0.00000 0.00000 0.98391 0.01609 ( 3)
 116 Q   0.00000 0.00000 0.93224 0.06776 ( 3)
 117 A   0.00000 0.00000 0.97765 0.02235 ( 3)
 118 V   0.00000 0.00000 0.52317 0.47683 ( 3)
 119 N   0.00000 0.00000 0.96980 0.03020 ( 3)
 120 M   0.00000 0.00000 0.33746 0.66254 ( 4)
 121 H   0.00000 0.00000 0.95830 0.04170 ( 3)
 122 L   0.00000 0.00000 0.92369 0.07631 ( 3)
 123 L   0.00000 0.00000 0.92873 0.07127 ( 3)
 124 L   0.00000 0.00000 0.94958 0.05042 ( 3)
 125 L   0.00000 0.00000 0.52861 0.47139 ( 3)
 126 R   0.00000 0.00000 0.96388 0.03612 ( 3)
 127 D   0.00000 0.00000 0.97314 0.02686 ( 3)
 128 A   0.00000 0.00000 0.90651 0.09349 ( 3)
 129 S   0.00000 0.00000 0.94278 0.05722 ( 3)
 130 I   0.00000 0.00000 0.81340 0.18660 ( 3)
 131 F   0.00000 0.00000 0.98532 0.01468 ( 3)
 132 G   0.00000 0.00000 0.97633 0.02367 ( 3)
 133 E   0.00000 0.00000 0.74644 0.25356 ( 3)
 134 E   0.00000 0.00000 0.14031 0.85969 ( 4)
 135 W   0.00000 0.00000 0.84787 0.15213 ( 3)
 136 G   0.00000 0.00000 0.97869 0.02131 ( 3)
 137 F   0.00000 0.00000 0.53171 0.46829 ( 3)
 138 T   0.00000 0.00000 0.22339 0.77661 ( 4)
 139 S   0.00000 0.00000 0.00241 0.99759 ( 4)
 140 S   0.00000 0.00000 0.00010 0.99990 ( 4)
 141 E   0.00000 0.00000 0.97988 0.02012 ( 3)
 142 I   0.00000 0.00000 0.80348 0.19652 ( 3)
 143 S   0.00000 0.00000 0.05423 0.94577 ( 4)
 144 T   0.00000 0.00000 0.43224 0.56776 ( 4)
 145 Y   0.00000 0.00000 0.19297 0.80703 ( 4)
 146 Y   0.00000 0.00000 0.94801 0.05199 ( 3)
 147 N   0.00000 0.00000 0.52006 0.47994 ( 3)
 148 R   0.00000 0.00000 0.94619 0.05381 ( 3)
 149 Q   0.00000 0.00000 0.94416 0.05584 ( 3)
 150 V   0.00000 0.00000 0.60169 0.39831 ( 3)
 151 Q   0.00000 0.00000 0.09374 0.90626 ( 4)
 152 L   0.00000 0.00000 0.00844 0.99156 ( 4)
 153 T   0.00000 0.00000 0.95954 0.04046 ( 3)
 154 S   0.00000 0.00000 0.01724 0.98276 ( 4)
 155 Q   0.00000 0.00000 0.89658 0.10342 ( 3)
 156 Y   0.00000 0.00000 0.95195 0.04805 ( 3)
 157 S   0.00000 0.00000 0.00386 0.99614 ( 4)
 158 D   0.00000 0.00000 0.98782 0.01218 ( 3)
 159 Y   0.00000 0.00000 0.96713 0.03287 ( 3)
 160 C   0.00000 0.00000 0.96266 0.03734 ( 3)
 161 V   0.00000 0.00000 0.96424 0.03576 ( 3)
 162 K   0.00000 0.00000 0.88949 0.11051 ( 3)
 163 W   0.00000 0.00000 0.01221 0.98779 ( 4)
 164 Y   0.00000 0.00000 0.93207 0.06793 ( 3)
 165 D   0.00000 0.00000 0.18156 0.81844 ( 4)
 166 T   0.00000 0.00000 0.94532 0.05468 ( 3)
 167 G   0.00000 0.00000 0.92207 0.07793 ( 3)
 168 L   0.00000 0.00000 0.94958 0.05042 ( 3)
 169 Q   0.00000 0.00000 0.00114 0.99886 ( 4)
 170 K   0.00000 0.00000 0.79477 0.20523 ( 3)
 171 L   0.00000 0.00000 0.94958 0.05042 ( 3)
 172 K   0.00000 0.00000 0.98255 0.01745 ( 3)
 173 G   0.00000 0.00000 0.97527 0.02473 ( 3)
 174 T   0.00000 0.00000 0.87420 0.12580 ( 3)
 175 S   0.00000 0.00000 0.11783 0.88217 ( 4)
 176 A   0.00000 0.00000 0.76156 0.23844 ( 3)
 177 E   0.00000 0.00000 0.07586 0.92414 ( 4)
 178 S   0.00000 0.00000 0.00211 0.99789 ( 4)
 179 W   0.00000 0.00000 0.84787 0.15213 ( 3)
 180 L   0.00000 0.00000 0.12724 0.87276 ( 4)
 181 E   0.00000 0.00000 0.30350 0.69650 ( 4)
 182 Y   0.00000 0.00000 0.96713 0.03287 ( 3)
 183 H   0.00000 0.00000 0.69863 0.30137 ( 3)
 184 Q   0.00000 0.00000 0.42793 0.57207 ( 4)
 185 F   0.00000 0.00000 0.94934 0.05066 ( 3)
 186 R   0.00000 0.00000 0.88228 0.11772 ( 3)
 187 R   0.00000 0.00000 0.97361 0.02639 ( 3)
 188 E   0.00000 0.00000 0.97018 0.02982 ( 3)
 189 M   0.00000 0.00000 0.98465 0.01535 ( 3)
 190 T   0.00000 0.00000 0.91502 0.08498 ( 3)
 191 F   0.00000 0.00000 0.06333 0.93667 ( 4)
 192 M   0.00000 0.00000 0.44846 0.55154 ( 4)
 193 V   0.00000 0.00000 0.97921 0.02079 ( 3)
 194 L   0.00000 0.00000 0.94549 0.05451 ( 3)
 195 D   0.00000 0.00000 0.98782 0.01218 ( 3)
 196 L   0.00000 0.00000 0.01837 0.98163 ( 4)
 197 V   0.00000 0.00000 0.89369 0.10631 ( 3)
 198 A   0.00000 0.00000 0.95409 0.04591 ( 3)
 199 L   0.00000 0.00000 0.61721 0.38279 ( 3)
 200 F   0.00000 0.00000 0.98532 0.01468 ( 3)
 201 P   0.00000 0.00000 0.96443 0.03557 ( 3)
 202 N   0.00000 0.00000 0.51421 0.48579 ( 3)


lnL = -2277.928421

