Supplemental results for CODEML (seqf: algn  treef: tree)


dN/dS (w) for site classes (K=4)

site class             0        1       2a       2b
proportion       0.69161  0.30839  0.00000  0.00000
background w     0.06168  1.00000  0.06168  1.00000
foreground w     0.06168  1.00000  1.00000  1.00000

Naive Empirical Bayes (NEB) probabilities for 4 classes
(amino acids refer to 1st sequence: BT_Cry30Aa1)

   1 -   0.71489 0.28511 0.00000 0.00000 ( 1)
   2 -   0.69424 0.30576 0.00000 0.00000 ( 1)
   3 -   0.71322 0.28678 0.00000 0.00000 ( 1)
   4 -   0.71362 0.28638 0.00000 0.00000 ( 1)
   5 R   0.09502 0.90498 0.00000 0.00000 ( 2)
   6 I   0.71464 0.28536 0.00000 0.00000 ( 1)
   7 T   0.98182 0.01818 0.00000 0.00000 ( 1)
   8 Q   0.92829 0.07171 0.00000 0.00000 ( 1)
   9 I   0.75407 0.24593 0.00000 0.00000 ( 1)
  10 P   0.95945 0.04055 0.00000 0.00000 ( 1)
  11 A   0.98198 0.01802 0.00000 0.00000 ( 1)
  12 V   0.98141 0.01859 0.00000 0.00000 ( 1)
  13 K   0.98265 0.01735 0.00000 0.00000 ( 1)
  14 A   0.71762 0.28238 0.00000 0.00000 ( 1)
  15 Y   0.00231 0.99769 0.00000 0.00000 ( 2)
  16 S   0.00032 0.99968 0.00000 0.00000 ( 2)
  17 L   0.81427 0.18573 0.00000 0.00000 ( 1)
  18 T   0.12486 0.87514 0.00000 0.00000 ( 2)
  19 S   0.46609 0.53391 0.00000 0.00000 ( 2)
  20 P   0.95585 0.04415 0.00000 0.00000 ( 1)
  21 A   0.98198 0.01802 0.00000 0.00000 ( 1)
  22 R   0.75969 0.24031 0.00000 0.00000 ( 1)
  23 V   0.97880 0.02120 0.00000 0.00000 ( 1)
  24 I   0.98577 0.01423 0.00000 0.00000 ( 1)
  25 V   0.00585 0.99415 0.00000 0.00000 ( 2)
  26 G   0.94437 0.05563 0.00000 0.00000 ( 1)
  27 P   0.94982 0.05018 0.00000 0.00000 ( 1)
  28 G   0.96074 0.03926 0.00000 0.00000 ( 1)
  29 H   0.96461 0.03539 0.00000 0.00000 ( 1)
  30 T   0.98182 0.01818 0.00000 0.00000 ( 1)
  31 G   0.96053 0.03947 0.00000 0.00000 ( 1)
  32 G   0.95999 0.04001 0.00000 0.00000 ( 1)
  33 D   0.98124 0.01876 0.00000 0.00000 ( 1)
  34 L   0.91764 0.08236 0.00000 0.00000 ( 1)
  35 V   0.98190 0.01810 0.00000 0.00000 ( 1)
  36 A   0.98198 0.01802 0.00000 0.00000 ( 1)
  37 L   0.96025 0.03975 0.00000 0.00000 ( 1)
  38 L   0.91282 0.08718 0.00000 0.00000 ( 1)
  39 N   0.87380 0.12620 0.00000 0.00000 ( 1)
  40 S   0.00051 0.99949 0.00000 0.00000 ( 2)
  41 G   0.00649 0.99351 0.00000 0.00000 ( 2)
  42 T   0.12766 0.87234 0.00000 0.00000 ( 2)
  43 Q   0.43593 0.56407 0.00000 0.00000 ( 2)
  44 S   0.01497 0.98503 0.00000 0.00000 ( 2)
  45 G   0.96873 0.03127 0.00000 0.00000 ( 1)
  46 T   0.00681 0.99319 0.00000 0.00000 ( 2)
  47 M   0.96965 0.03035 0.00000 0.00000 ( 1)
  48 Q   0.44122 0.55878 0.00000 0.00000 ( 2)
  49 I   0.84739 0.15261 0.00000 0.00000 ( 1)
  50 Q   0.45471 0.54529 0.00000 0.00000 ( 2)
  51 C   0.94129 0.05871 0.00000 0.00000 ( 1)
  52 K   0.98265 0.01735 0.00000 0.00000 ( 1)
  53 T   0.98182 0.01818 0.00000 0.00000 ( 1)
  54 G   0.96873 0.03127 0.00000 0.00000 ( 1)
  55 S   0.87196 0.12804 0.00000 0.00000 ( 1)
  56 F   0.64592 0.35408 0.00000 0.00000 ( 1)
  57 T   0.98447 0.01553 0.00000 0.00000 ( 1)
  58 G   0.52467 0.47533 0.00000 0.00000 ( 1)
  59 P   0.06780 0.93220 0.00000 0.00000 ( 2)
  60 S   0.77203 0.22797 0.00000 0.00000 ( 1)
  61 R   0.98123 0.01877 0.00000 0.00000 ( 1)
  62 Q   0.25296 0.74704 0.00000 0.00000 ( 2)
  63 Y   0.95431 0.04569 0.00000 0.00000 ( 1)
  64 G   0.96873 0.03127 0.00000 0.00000 ( 1)
  65 L   0.66324 0.33676 0.00000 0.00000 ( 1)
  66 R   0.75625 0.24375 0.00000 0.00000 ( 1)
  67 M   0.67242 0.32758 0.00000 0.00000 ( 1)
  68 R   0.93446 0.06554 0.00000 0.00000 ( 1)
  69 Y   0.95553 0.04447 0.00000 0.00000 ( 1)
  70 A   0.98198 0.01802 0.00000 0.00000 ( 1)
  71 A   0.97889 0.02111 0.00000 0.00000 ( 1)
  72 N   0.98743 0.01257 0.00000 0.00000 ( 1)
  73 S   0.79869 0.20131 0.00000 0.00000 ( 1)
  74 A   0.09991 0.90009 0.00000 0.00000 ( 2)
  75 F   0.63319 0.36681 0.00000 0.00000 ( 1)
  76 T   0.98182 0.01818 0.00000 0.00000 ( 1)
  77 V   0.80392 0.19608 0.00000 0.00000 ( 1)
  78 S   0.80786 0.19214 0.00000 0.00000 ( 1)
  79 L   0.91868 0.08132 0.00000 0.00000 ( 1)
  80 S   0.93156 0.06844 0.00000 0.00000 ( 1)
  81 Y   0.94641 0.05359 0.00000 0.00000 ( 1)
  82 T   0.12955 0.87045 0.00000 0.00000 ( 2)
  83 L   0.40798 0.59202 0.00000 0.00000 ( 2)
  84 L   0.00018 0.99982 0.00000 0.00000 ( 2)
  85 -   0.90214 0.09786 0.00000 0.00000 ( 1)
  86 G   0.82079 0.17921 0.00000 0.00000 ( 1)
  87 Q   0.00953 0.99047 0.00000 0.00000 ( 2)
  88 T   0.65532 0.34468 0.00000 0.00000 ( 1)
  89 R   0.00002 0.99998 0.00000 0.00000 ( 2)
  90 G   0.66359 0.33641 0.00000 0.00000 ( 1)
  91 T   0.16455 0.83545 0.00000 0.00000 ( 2)
  92 S   0.64675 0.35325 0.00000 0.00000 ( 1)
  93 F   0.96887 0.03113 0.00000 0.00000 ( 1)
  94 V   0.00003 0.99997 0.00000 0.00000 ( 2)
  95 T   0.97087 0.02913 0.00000 0.00000 ( 1)
  96 E   0.97266 0.02734 0.00000 0.00000 ( 1)
  97 N   0.06412 0.93588 0.00000 0.00000 ( 2)
  98 T   0.98182 0.01818 0.00000 0.00000 ( 1)
  99 F   0.96887 0.03113 0.00000 0.00000 ( 1)
 100 S   0.05042 0.94958 0.00000 0.00000 ( 2)
 101 R   0.98123 0.01877 0.00000 0.00000 ( 1)
 102 S   0.00411 0.99589 0.00000 0.00000 ( 2)
 103 N   0.98743 0.01257 0.00000 0.00000 ( 1)
 104 N   0.98743 0.01257 0.00000 0.00000 ( 1)
 105 I   0.80237 0.19763 0.00000 0.00000 ( 1)
 106 I   0.98578 0.01422 0.00000 0.00000 ( 1)
 107 P   0.95540 0.04460 0.00000 0.00000 ( 1)
 108 T   0.96688 0.03312 0.00000 0.00000 ( 1)
 109 D   0.98460 0.01540 0.00000 0.00000 ( 1)
 110 L   0.91625 0.08375 0.00000 0.00000 ( 1)
 111 K   0.98265 0.01735 0.00000 0.00000 ( 1)
 112 Y   0.76789 0.23211 0.00000 0.00000 ( 1)
 113 E   0.84542 0.15458 0.00000 0.00000 ( 1)
 114 E   0.84542 0.15458 0.00000 0.00000 ( 1)
 115 F   0.96887 0.03113 0.00000 0.00000 ( 1)
 116 K   0.98265 0.01735 0.00000 0.00000 ( 1)
 117 Y   0.95553 0.04447 0.00000 0.00000 ( 1)
 118 K   0.98265 0.01735 0.00000 0.00000 ( 1)
 119 D   0.49694 0.50306 0.00000 0.00000 ( 2)
 120 Y   0.95553 0.04447 0.00000 0.00000 ( 1)
 121 L   0.00003 0.99997 0.00000 0.00000 ( 2)
 122 Q   0.92829 0.07171 0.00000 0.00000 ( 1)
 123 I   0.98577 0.01423 0.00000 0.00000 ( 1)
 124 I   0.98577 0.01423 0.00000 0.00000 ( 1)
 125 T   0.98182 0.01818 0.00000 0.00000 ( 1)
 126 M   0.64653 0.35347 0.00000 0.00000 ( 1)
 127 T   0.79214 0.20786 0.00000 0.00000 ( 1)
 128 L   0.00249 0.99751 0.00000 0.00000 ( 2)
 129 P   0.95647 0.04353 0.00000 0.00000 ( 1)
 130 A   0.05038 0.94962 0.00000 0.00000 ( 2)
 131 N   0.98743 0.01257 0.00000 0.00000 ( 1)
 132 T   0.98182 0.01818 0.00000 0.00000 ( 1)
 133 I   0.98578 0.01422 0.00000 0.00000 ( 1)
 134 I   0.70606 0.29394 0.00000 0.00000 ( 1)
 135 T   0.98447 0.01553 0.00000 0.00000 ( 1)
 136 I   0.98578 0.01422 0.00000 0.00000 ( 1)
 137 S   0.00041 0.99959 0.00000 0.00000 ( 2)
 138 M   0.15054 0.84946 0.00000 0.00000 ( 2)
 139 Q   0.00013 0.99987 0.00000 0.00000 ( 2)
 140 Q   0.92829 0.07171 0.00000 0.00000 ( 1)
 141 A   0.00145 0.99855 0.00000 0.00000 ( 2)
 142 T   0.00062 0.99938 0.00000 0.00000 ( 2)
 143 G   0.00080 0.99920 0.00000 0.00000 ( 2)
 144 L   0.00000 1.00000 0.00000 0.00000 ( 2)
 145 L   0.00084 0.99916 0.00000 0.00000 ( 2)
 146 N   0.98743 0.01257 0.00000 0.00000 ( 1)
 147 N   0.01132 0.98868 0.00000 0.00000 ( 2)
 148 Q   0.92829 0.07171 0.00000 0.00000 ( 1)
 149 L   0.91764 0.08236 0.00000 0.00000 ( 1)
 150 I   0.98577 0.01423 0.00000 0.00000 ( 1)
 151 I   0.98577 0.01423 0.00000 0.00000 ( 1)
 152 D   0.88228 0.11772 0.00000 0.00000 ( 1)
 153 R   0.97760 0.02240 0.00000 0.00000 ( 1)
 154 I   0.86730 0.13270 0.00000 0.00000 ( 1)
 155 E   0.97833 0.02167 0.00000 0.00000 ( 1)
 156 F   0.59291 0.40709 0.00000 0.00000 ( 1)
 157 Y   0.07386 0.92614 0.00000 0.00000 ( 2)
 158 P   0.94401 0.05599 0.00000 0.00000 ( 1)


lnL = -1531.451145

Bayes Empirical Bayes (BEB) probabilities for 4 classes (class)
(amino acids refer to 1st sequence: BT_Cry30Aa1)

   1 -   0.64936 0.28039 0.04917 0.02109 ( 1)
   2 -   0.62950 0.30024 0.04767 0.02258 ( 1)
   3 -   0.64775 0.28199 0.04905 0.02121 ( 1)
   4 -   0.64813 0.28161 0.04908 0.02118 ( 1)
   5 R   0.06082 0.87762 0.00374 0.05781 ( 2)
   6 I   0.60264 0.30811 0.06103 0.02823 ( 1)
   7 T   0.92337 0.01800 0.05744 0.00119 ( 1)
   8 Q   0.86465 0.07158 0.05876 0.00501 ( 1)
   9 I   0.63491 0.26510 0.07445 0.02553 ( 1)
  10 P   0.89763 0.04040 0.05920 0.00277 ( 1)
  11 A   0.92334 0.01786 0.05761 0.00118 ( 1)
  12 V   0.92225 0.01842 0.05810 0.00123 ( 1)
  13 K   0.92428 0.01718 0.05740 0.00114 ( 1)
  14 A   0.62321 0.31444 0.04086 0.02150 ( 1)
  15 Y   0.00126 0.93701 0.00008 0.06165 ( 2)
  16 S   0.00017 0.93381 0.00001 0.06600 ( 2)
  17 L   0.75057 0.18494 0.05148 0.01302 ( 1)
  18 T   0.08094 0.85797 0.00493 0.05616 ( 2)
  19 S   0.37991 0.55875 0.02400 0.03734 ( 2)
  20 P   0.89400 0.04402 0.05896 0.00302 ( 1)
  21 A   0.92334 0.01786 0.05761 0.00118 ( 1)
  22 R   0.66886 0.27126 0.04188 0.01800 ( 1)
  23 V   0.91962 0.02104 0.05794 0.00140 ( 1)
  24 I   0.92812 0.01406 0.05689 0.00092 ( 1)
  25 V   0.00319 0.93427 0.00020 0.06233 ( 2)
  26 G   0.88359 0.05560 0.05705 0.00376 ( 1)
  27 P   0.88175 0.04973 0.06486 0.00367 ( 1)
  28 G   0.90008 0.03916 0.05811 0.00265 ( 1)
  29 H   0.90358 0.03526 0.05876 0.00240 ( 1)
  30 T   0.92337 0.01800 0.05744 0.00119 ( 1)
  31 G   0.89907 0.03934 0.05891 0.00269 ( 1)
  32 G   0.89852 0.03988 0.05887 0.00272 ( 1)
  33 D   0.92308 0.01861 0.05708 0.00123 ( 1)
  34 L   0.85352 0.08219 0.05851 0.00578 ( 1)
  35 V   0.92325 0.01795 0.05762 0.00119 ( 1)
  36 A   0.92334 0.01786 0.05761 0.00118 ( 1)
  37 L   0.89882 0.03962 0.05886 0.00271 ( 1)
  38 L   0.84880 0.08703 0.05806 0.00611 ( 1)
  39 N   0.80818 0.12575 0.05705 0.00902 ( 1)
  40 S   0.00027 0.93803 0.00002 0.06169 ( 2)
  41 G   0.00354 0.93295 0.00023 0.06329 ( 2)
  42 T   0.08269 0.85581 0.00510 0.05640 ( 2)
  43 Q   0.35132 0.58383 0.02393 0.04093 ( 2)
  44 S   0.00923 0.92549 0.00062 0.06465 ( 2)
  45 G   0.90814 0.03113 0.05863 0.00211 ( 1)
  46 T   0.00371 0.93395 0.00023 0.06211 ( 2)
  47 M   0.90910 0.03022 0.05864 0.00204 ( 1)
  48 Q   0.35605 0.57910 0.02425 0.04060 ( 2)
  49 I   0.78073 0.15164 0.05657 0.01107 ( 1)
  50 Q   0.36818 0.56700 0.02508 0.03974 ( 2)
  51 C   0.87839 0.05859 0.05895 0.00406 ( 1)
  52 K   0.92428 0.01718 0.05740 0.00114 ( 1)
  53 T   0.92337 0.01800 0.05744 0.00119 ( 1)
  54 G   0.90814 0.03113 0.05863 0.00211 ( 1)
  55 S   0.80565 0.12742 0.05771 0.00923 ( 1)
  56 F   0.55065 0.38754 0.03557 0.02624 ( 1)
  57 T   0.92656 0.01536 0.05708 0.00101 ( 1)
  58 G   0.43382 0.50501 0.02740 0.03377 ( 2)
  59 P   0.04279 0.89541 0.00264 0.05916 ( 2)
  60 S   0.70583 0.22544 0.05208 0.01666 ( 1)
  61 R   0.92243 0.01861 0.05772 0.00123 ( 1)
  62 Q   0.19387 0.74136 0.01309 0.05168 ( 2)
  63 Y   0.88918 0.04539 0.06219 0.00324 ( 1)
  64 G   0.90814 0.03113 0.05863 0.00211 ( 1)
  65 L   0.56967 0.37102 0.03496 0.02436 ( 1)
  66 R   0.69024 0.24071 0.05121 0.01785 ( 1)
  67 M   0.57715 0.36116 0.03727 0.02443 ( 1)
  68 R   0.87134 0.06544 0.05867 0.00455 ( 1)
  69 Y   0.89370 0.04434 0.05892 0.00304 ( 1)
  70 A   0.92334 0.01786 0.05761 0.00118 ( 1)
  71 A   0.91972 0.02095 0.05793 0.00140 ( 1)
  72 N   0.93011 0.01242 0.05666 0.00081 ( 1)
  73 S   0.71190 0.22971 0.04338 0.01501 ( 1)
  74 A   0.06397 0.87366 0.00403 0.05833 ( 2)
  75 F   0.53798 0.40017 0.03476 0.02709 ( 1)
  76 T   0.92337 0.01800 0.05744 0.00119 ( 1)
  77 V   0.73757 0.19442 0.05377 0.01425 ( 1)
  78 S   0.72160 0.21981 0.04420 0.01439 ( 1)
  79 L   0.85469 0.08115 0.05846 0.00570 ( 1)
  80 S   0.86856 0.06834 0.05836 0.00475 ( 1)
  81 Y   0.88452 0.05350 0.05832 0.00367 ( 1)
  82 T   0.08388 0.85426 0.00522 0.05665 ( 2)
  83 L   0.32643 0.60824 0.02243 0.04290 ( 2)
  84 L   0.00010 0.93117 0.00001 0.06873 ( 2)
  85 -   0.83765 0.09766 0.05778 0.00690 ( 1)
  86 G   0.75381 0.17775 0.05535 0.01309 ( 1)
  87 Q   0.00520 0.93344 0.00032 0.06104 ( 2)
  88 T   0.55984 0.37728 0.03697 0.02591 ( 1)
  89 R   0.00001 0.93833 0.00000 0.06166 ( 2)
  90 G   0.56830 0.36992 0.03673 0.02505 ( 1)
  91 T   0.10788 0.82960 0.00679 0.05574 ( 2)
  92 S   0.55274 0.38720 0.03441 0.02565 ( 1)
  93 F   0.90830 0.03099 0.05861 0.00210 ( 1)
  94 V   0.00002 0.91019 0.00001 0.08979 ( 2)
  95 T   0.91235 0.02898 0.05676 0.00192 ( 1)
  96 E   0.91336 0.02720 0.05762 0.00181 ( 1)
  97 N   0.04039 0.89448 0.00273 0.06240 ( 2)
  98 T   0.92337 0.01800 0.05744 0.00119 ( 1)
  99 F   0.90830 0.03099 0.05861 0.00210 ( 1)
 100 S   0.03159 0.90333 0.00213 0.06295 ( 2)
 101 R   0.92243 0.01861 0.05772 0.00123 ( 1)
 102 S   0.00224 0.93588 0.00014 0.06174 ( 2)
 103 N   0.93011 0.01242 0.05666 0.00081 ( 1)
 104 N   0.93011 0.01242 0.05666 0.00081 ( 1)
 105 I   0.71587 0.22541 0.04392 0.01479 ( 1)
 106 I   0.92810 0.01405 0.05692 0.00092 ( 1)
 107 P   0.89355 0.04447 0.05893 0.00305 ( 1)
 108 T   0.90833 0.03297 0.05651 0.00218 ( 1)
 109 D   0.92646 0.01524 0.05729 0.00100 ( 1)
 110 L   0.85214 0.08357 0.05842 0.00588 ( 1)
 111 K   0.92428 0.01718 0.05740 0.00114 ( 1)
 112 Y   0.70174 0.22945 0.05185 0.01697 ( 1)
 113 E   0.77931 0.15375 0.05581 0.01113 ( 1)
 114 E   0.77931 0.15375 0.05581 0.01113 ( 1)
 115 F   0.90830 0.03099 0.05861 0.00210 ( 1)
 116 K   0.92428 0.01718 0.05740 0.00114 ( 1)
 117 Y   0.89370 0.04434 0.05892 0.00304 ( 1)
 118 K   0.92428 0.01718 0.05740 0.00114 ( 1)
 119 D   0.40581 0.52689 0.02908 0.03822 ( 2)
 120 Y   0.89370 0.04434 0.05892 0.00304 ( 1)
 121 L   0.00002 0.84560 0.00005 0.15433 ( 2)
 122 Q   0.86465 0.07158 0.05876 0.00501 ( 1)
 123 I   0.92812 0.01406 0.05689 0.00092 ( 1)
 124 I   0.92812 0.01406 0.05689 0.00092 ( 1)
 125 T   0.92337 0.01800 0.05744 0.00119 ( 1)
 126 M   0.55115 0.38707 0.03559 0.02618 ( 1)
 127 T   0.70460 0.23640 0.04342 0.01558 ( 1)
 128 L   0.00136 0.93350 0.00009 0.06505 ( 2)
 129 P   0.89503 0.04341 0.05860 0.00296 ( 1)
 130 A   0.03158 0.90288 0.00215 0.06339 ( 2)
 131 N   0.93011 0.01242 0.05666 0.00081 ( 1)
 132 T   0.92337 0.01800 0.05744 0.00119 ( 1)
 133 I   0.92810 0.01405 0.05692 0.00092 ( 1)
 134 I   0.61264 0.32694 0.03862 0.02180 ( 1)
 135 T   0.92656 0.01536 0.05708 0.00101 ( 1)
 136 I   0.92810 0.01405 0.05692 0.00092 ( 1)
 137 S   0.00022 0.92863 0.00007 0.07107 ( 2)
 138 M   0.09832 0.84030 0.00604 0.05534 ( 2)
 139 Q   0.00007 0.93280 0.00000 0.06712 ( 2)
 140 Q   0.86465 0.07158 0.05876 0.00501 ( 1)
 141 A   0.00079 0.93332 0.00005 0.06584 ( 2)
 142 T   0.00033 0.93826 0.00002 0.06138 ( 2)
 143 G   0.00044 0.93054 0.00003 0.06899 ( 2)
 144 L   0.00000 0.93585 0.00000 0.06415 ( 2)
 145 L   0.00046 0.93437 0.00003 0.06514 ( 2)
 146 N   0.93011 0.01242 0.05666 0.00081 ( 1)
 147 N   0.00616 0.93196 0.00038 0.06149 ( 2)
 148 Q   0.86465 0.07158 0.05876 0.00501 ( 1)
 149 L   0.85352 0.08219 0.05851 0.00578 ( 1)
 150 I   0.92812 0.01406 0.05689 0.00092 ( 1)
 151 I   0.92812 0.01406 0.05689 0.00092 ( 1)
 152 D   0.81590 0.11715 0.05846 0.00849 ( 1)
 153 R   0.91877 0.02226 0.05749 0.00148 ( 1)
 154 I   0.80841 0.13327 0.04958 0.00874 ( 1)
 155 E   0.91907 0.02151 0.05798 0.00143 ( 1)
 156 F   0.49855 0.43948 0.03221 0.02976 ( 1)
 157 Y   0.04684 0.89140 0.00289 0.05887 ( 2)
 158 P   0.87637 0.05554 0.06400 0.00408 ( 1)

