Supplemental results for CODEML (seqf: algn  treef: tree)


dN/dS (w) for site classes (K=4)

site class             0        1       2a       2b
proportion       0.82869  0.17131  0.00000  0.00000
background w     0.11530  1.00000  0.11530  1.00000
foreground w     0.11530  1.00000  1.00000  1.00000

Naive Empirical Bayes (NEB) probabilities for 4 classes
(amino acids refer to 1st sequence: BT_Cry1Fa1)

   1 -   0.95111 0.04889 0.00000 0.00000 ( 1)
   2 -   0.34691 0.65309 0.00000 0.00000 ( 2)
   3 -   0.66992 0.33008 0.00000 0.00000 ( 1)
   4 -   0.99990 0.00010 0.00000 0.00000 ( 1)
   5 R   0.96009 0.03991 0.00000 0.00000 ( 1)
   6 I   0.99997 0.00003 0.00000 0.00000 ( 1)
   7 T   0.99967 0.00033 0.00000 0.00000 ( 1)
   8 Q   0.99963 0.00037 0.00000 0.00000 ( 1)
   9 I   0.99970 0.00030 0.00000 0.00000 ( 1)
  10 P   0.99991 0.00009 0.00000 0.00000 ( 1)
  11 L   0.96593 0.03407 0.00000 0.00000 ( 1)
  12 V   0.99995 0.00005 0.00000 0.00000 ( 1)
  13 K   0.99983 0.00017 0.00000 0.00000 ( 1)
  14 A   0.99928 0.00072 0.00000 0.00000 ( 1)
  15 H   0.99939 0.00061 0.00000 0.00000 ( 1)
  16 T   0.99879 0.00121 0.00000 0.00000 ( 1)
  17 L   0.94958 0.05042 0.00000 0.00000 ( 1)
  18 Q   0.01527 0.98473 0.00000 0.00000 ( 2)
  19 S   0.99894 0.00106 0.00000 0.00000 ( 1)
  20 G   0.99994 0.00006 0.00000 0.00000 ( 1)
  21 T   0.99875 0.00125 0.00000 0.00000 ( 1)
  22 T   0.99264 0.00736 0.00000 0.00000 ( 1)
  23 V   0.99990 0.00010 0.00000 0.00000 ( 1)
  24 V   0.99806 0.00194 0.00000 0.00000 ( 1)
  25 R   0.01165 0.98835 0.00000 0.00000 ( 2)
  26 G   0.99996 0.00004 0.00000 0.00000 ( 1)
  27 P   0.99335 0.00665 0.00000 0.00000 ( 1)
  28 G   0.99941 0.00059 0.00000 0.00000 ( 1)
  29 F   0.99999 0.00001 0.00000 0.00000 ( 1)
  30 T   0.99993 0.00007 0.00000 0.00000 ( 1)
  31 G   0.99998 0.00002 0.00000 0.00000 ( 1)
  32 G   0.99994 0.00006 0.00000 0.00000 ( 1)
  33 D   0.99977 0.00023 0.00000 0.00000 ( 1)
  34 I   0.97735 0.02265 0.00000 0.00000 ( 1)
  35 L   0.99628 0.00372 0.00000 0.00000 ( 1)
  36 -   0.83983 0.16017 0.00000 0.00000 ( 1)
  37 R   0.08647 0.91353 0.00000 0.00000 ( 2)
  38 R   0.99972 0.00028 0.00000 0.00000 ( 1)
  39 T   0.96822 0.03178 0.00000 0.00000 ( 1)
  40 S   0.99356 0.00644 0.00000 0.00000 ( 1)
  41 G   0.73663 0.26337 0.00000 0.00000 ( 1)
  42 G   0.99897 0.00103 0.00000 0.00000 ( 1)
  43 P   0.62861 0.37139 0.00000 0.00000 ( 1)
  44 F   0.90138 0.09862 0.00000 0.00000 ( 1)
  45 A   0.99990 0.00010 0.00000 0.00000 ( 1)
  46 Y   0.03595 0.96405 0.00000 0.00000 ( 2)
  47 T   0.07886 0.92114 0.00000 0.00000 ( 2)
  48 I   0.06687 0.93313 0.00000 0.00000 ( 2)
  49 V   0.99995 0.00005 0.00000 0.00000 ( 1)
  50 N   0.95014 0.04986 0.00000 0.00000 ( 1)
  51 I   0.70040 0.29960 0.00000 0.00000 ( 1)
  52 N   0.98180 0.01820 0.00000 0.00000 ( 1)
  53 G   0.00011 0.99989 0.00000 0.00000 ( 2)
  54 -   0.86410 0.13590 0.00000 0.00000 ( 1)
  55 Q   0.00051 0.99949 0.00000 0.00000 ( 2)
  56 L   0.99925 0.00075 0.00000 0.00000 ( 1)
  57 P   0.98304 0.01696 0.00000 0.00000 ( 1)
  58 Q   0.99983 0.00017 0.00000 0.00000 ( 1)
  59 R   0.99902 0.00098 0.00000 0.00000 ( 1)
  60 Y   0.99998 0.00002 0.00000 0.00000 ( 1)
  61 R   0.99424 0.00576 0.00000 0.00000 ( 1)
  62 A   0.99614 0.00386 0.00000 0.00000 ( 1)
  63 R   0.99999 0.00001 0.00000 0.00000 ( 1)
  64 I   0.99981 0.00019 0.00000 0.00000 ( 1)
  65 R   0.99283 0.00717 0.00000 0.00000 ( 1)
  66 Y   0.99992 0.00008 0.00000 0.00000 ( 1)
  67 A   0.98238 0.01762 0.00000 0.00000 ( 1)
  68 S   0.99998 0.00002 0.00000 0.00000 ( 1)
  69 T   0.99996 0.00004 0.00000 0.00000 ( 1)
  70 T   0.99998 0.00002 0.00000 0.00000 ( 1)
  71 N   0.99759 0.00241 0.00000 0.00000 ( 1)
  72 L   0.92994 0.07006 0.00000 0.00000 ( 1)
  73 R   0.99935 0.00065 0.00000 0.00000 ( 1)
  74 I   0.93056 0.06944 0.00000 0.00000 ( 1)
  75 Y   0.93966 0.06034 0.00000 0.00000 ( 1)
  76 V   0.93762 0.06238 0.00000 0.00000 ( 1)
  77 T   0.83630 0.16370 0.00000 0.00000 ( 1)
  78 V   0.54362 0.45638 0.00000 0.00000 ( 1)
  79 A   0.99917 0.00083 0.00000 0.00000 ( 1)
  80 G   0.98532 0.01468 0.00000 0.00000 ( 1)
  81 E   0.01333 0.98667 0.00000 0.00000 ( 2)
  82 R   0.97232 0.02768 0.00000 0.00000 ( 1)
  83 I   0.99750 0.00250 0.00000 0.00000 ( 1)
  84 F   0.96866 0.03134 0.00000 0.00000 ( 1)
  85 A   0.99586 0.00414 0.00000 0.00000 ( 1)
  86 G   0.94494 0.05506 0.00000 0.00000 ( 1)
  87 Q   0.01773 0.98227 0.00000 0.00000 ( 2)
  88 F   0.98903 0.01097 0.00000 0.00000 ( 1)
  89 N   0.99704 0.00296 0.00000 0.00000 ( 1)
  90 K   0.99999 0.00001 0.00000 0.00000 ( 1)
  91 T   0.99995 0.00005 0.00000 0.00000 ( 1)
  92 M   0.99988 0.00012 0.00000 0.00000 ( 1)
  93 D   0.93882 0.06118 0.00000 0.00000 ( 1)
  94 T   0.93128 0.06872 0.00000 0.00000 ( 1)
  95 G   0.98624 0.01376 0.00000 0.00000 ( 1)
  96 D   0.15931 0.84069 0.00000 0.00000 ( 2)
  97 P   0.24717 0.75283 0.00000 0.00000 ( 2)
  98 L   0.99766 0.00234 0.00000 0.00000 ( 1)
  99 T   0.99947 0.00053 0.00000 0.00000 ( 1)
 100 F   0.98728 0.01272 0.00000 0.00000 ( 1)
 101 Q   0.82571 0.17429 0.00000 0.00000 ( 1)
 102 S   0.99700 0.00300 0.00000 0.00000 ( 1)
 103 F   0.99992 0.00008 0.00000 0.00000 ( 1)
 104 S   0.73562 0.26438 0.00000 0.00000 ( 1)
 105 Y   0.01631 0.98369 0.00000 0.00000 ( 2)
 106 A   0.99973 0.00027 0.00000 0.00000 ( 1)
 107 T   0.99998 0.00002 0.00000 0.00000 ( 1)
 108 I   0.99859 0.00141 0.00000 0.00000 ( 1)
 109 N   0.01572 0.98428 0.00000 0.00000 ( 2)
 110 T   0.99459 0.00541 0.00000 0.00000 ( 1)
 111 A   0.94325 0.05675 0.00000 0.00000 ( 1)
 112 F   0.99813 0.00187 0.00000 0.00000 ( 1)
 113 T   0.99631 0.00369 0.00000 0.00000 ( 1)
 114 F   0.99981 0.00019 0.00000 0.00000 ( 1)
 115 P   0.73467 0.26533 0.00000 0.00000 ( 1)
 116 M   0.00594 0.99406 0.00000 0.00000 ( 2)
 117 S   0.00036 0.99964 0.00000 0.00000 ( 2)
 118 Q   0.00000 1.00000 0.00000 0.00000 ( 2)
 119 S   0.99521 0.00479 0.00000 0.00000 ( 1)
 120 S   0.41522 0.58478 0.00000 0.00000 ( 2)
 121 F   0.24183 0.75817 0.00000 0.00000 ( 2)
 122 T   0.99965 0.00035 0.00000 0.00000 ( 1)
 123 V   0.99848 0.00152 0.00000 0.00000 ( 1)
 124 G   0.99999 0.00001 0.00000 0.00000 ( 1)
 125 A   0.99981 0.00019 0.00000 0.00000 ( 1)
 126 D   0.99997 0.00003 0.00000 0.00000 ( 1)
 127 T   0.36242 0.63758 0.00000 0.00000 ( 2)
 128 F   0.99995 0.00005 0.00000 0.00000 ( 1)
 129 S   0.04547 0.95453 0.00000 0.00000 ( 2)
 130 S   0.98294 0.01706 0.00000 0.00000 ( 1)
 131 G   0.92885 0.07115 0.00000 0.00000 ( 1)
 132 N   0.97602 0.02398 0.00000 0.00000 ( 1)
 133 E   0.99868 0.00132 0.00000 0.00000 ( 1)
 134 V   0.99978 0.00022 0.00000 0.00000 ( 1)
 135 Y   0.99998 0.00002 0.00000 0.00000 ( 1)
 136 I   0.93301 0.06699 0.00000 0.00000 ( 1)
 137 D   0.99999 0.00001 0.00000 0.00000 ( 1)
 138 R   0.99748 0.00252 0.00000 0.00000 ( 1)
 139 F   0.94506 0.05494 0.00000 0.00000 ( 1)
 140 E   0.99999 0.00001 0.00000 0.00000 ( 1)
 141 L   0.75131 0.24869 0.00000 0.00000 ( 1)
 142 I   0.99955 0.00045 0.00000 0.00000 ( 1)
 143 P   0.82869 0.17131 0.00000 0.00000 ( 1)


lnL = -2522.364867

Bayes Empirical Bayes (BEB) probabilities for 4 classes (class)
(amino acids refer to 1st sequence: BT_Cry1Fa1)

   1 -   0.92875 0.04804 0.02122 0.00199 ( 1)
   2 -   0.48089 0.41988 0.08130 0.01793 ( 1)
   3 -   0.75825 0.21760 0.01767 0.00648 ( 1)
   4 -   0.98534 0.00013 0.01453 0.00000 ( 1)
   5 R   0.74107 0.01770 0.24010 0.00113 ( 1)
   6 I   0.98402 0.00004 0.01594 0.00000 ( 1)
   7 T   0.98305 0.00037 0.01658 0.00001 ( 1)
   8 Q   0.97698 0.00039 0.02261 0.00001 ( 1)
   9 I   0.98387 0.00033 0.01579 0.00001 ( 1)
  10 P   0.98046 0.00011 0.01943 0.00000 ( 1)
  11 L   0.94256 0.02389 0.03265 0.00090 ( 1)
  12 V   0.98339 0.00006 0.01655 0.00000 ( 1)
  13 K   0.98180 0.00020 0.01799 0.00001 ( 1)
  14 A   0.98195 0.00071 0.01732 0.00002 ( 1)
  15 H   0.98206 0.00047 0.01746 0.00001 ( 1)
  16 T   0.96905 0.00120 0.02971 0.00004 ( 1)
  17 L   0.94860 0.03313 0.01743 0.00084 ( 1)
  18 Q   0.05686 0.90975 0.00181 0.03158 ( 2)
  19 S   0.97720 0.00097 0.02180 0.00003 ( 1)
  20 G   0.98394 0.00007 0.01599 0.00000 ( 1)
  21 T   0.98270 0.00108 0.01619 0.00003 ( 1)
  22 T   0.97903 0.00570 0.01513 0.00014 ( 1)
  23 V   0.98453 0.00011 0.01536 0.00000 ( 1)
  24 V   0.98179 0.00162 0.01654 0.00004 ( 1)
  25 R   0.04779 0.92702 0.00085 0.02434 ( 2)
  26 G   0.96926 0.00005 0.03069 0.00000 ( 1)
  27 P   0.97576 0.00468 0.01944 0.00012 ( 1)
  28 G   0.96867 0.00064 0.03067 0.00002 ( 1)
  29 F   0.98393 0.00002 0.01605 0.00000 ( 1)
  30 T   0.98296 0.00010 0.01694 0.00000 ( 1)
  31 G   0.98047 0.00002 0.01951 0.00000 ( 1)
  32 G   0.98117 0.00007 0.01876 0.00000 ( 1)
  33 D   0.98529 0.00021 0.01449 0.00000 ( 1)
  34 I   0.95523 0.01617 0.02805 0.00054 ( 1)
  35 L   0.96473 0.00327 0.03188 0.00012 ( 1)
  36 -   0.82918 0.13126 0.03402 0.00553 ( 1)
  37 R   0.21002 0.76034 0.00575 0.02390 ( 2)
  38 R   0.97248 0.00028 0.02723 0.00001 ( 1)
  39 T   0.96434 0.01891 0.01626 0.00049 ( 1)
  40 S   0.98168 0.00402 0.01420 0.00009 ( 1)
  41 G   0.82212 0.15868 0.01518 0.00402 ( 1)
  42 G   0.98093 0.00082 0.01823 0.00002 ( 1)
  43 P   0.76812 0.21130 0.01509 0.00549 ( 1)
  44 F   0.92713 0.05643 0.01509 0.00135 ( 1)
  45 A   0.98472 0.00011 0.01517 0.00000 ( 1)
  46 Y   0.12735 0.84834 0.00241 0.02190 ( 2)
  47 T   0.21650 0.76163 0.00358 0.01829 ( 2)
  48 I   0.21721 0.76069 0.00331 0.01879 ( 2)
  49 V   0.98471 0.00007 0.01522 0.00000 ( 1)
  50 N   0.95397 0.03140 0.01389 0.00074 ( 1)
  51 I   0.81455 0.15449 0.02573 0.00522 ( 1)
  52 N   0.96141 0.01193 0.02628 0.00038 ( 1)
  53 G   0.00066 0.96318 0.00004 0.03612 ( 2)
  54 -   0.84869 0.11176 0.03484 0.00471 ( 1)
  55 Q   0.00289 0.96699 0.00008 0.03004 ( 2)
  56 L   0.97010 0.00080 0.02908 0.00003 ( 1)
  57 P   0.96660 0.01135 0.02171 0.00034 ( 1)
  58 Q   0.97719 0.00019 0.02262 0.00001 ( 1)
  59 R   0.97724 0.00104 0.02170 0.00003 ( 1)
  60 Y   0.98156 0.00003 0.01841 0.00000 ( 1)
  61 R   0.97515 0.00460 0.02012 0.00012 ( 1)
  62 A   0.98174 0.00295 0.01523 0.00007 ( 1)
  63 R   0.98355 0.00001 0.01644 0.00000 ( 1)
  64 I   0.98382 0.00022 0.01596 0.00001 ( 1)
  65 R   0.95959 0.00680 0.03335 0.00026 ( 1)
  66 Y   0.98149 0.00010 0.01841 0.00000 ( 1)
  67 A   0.96656 0.01293 0.02015 0.00036 ( 1)
  68 S   0.98242 0.00003 0.01755 0.00000 ( 1)
  69 T   0.98472 0.00005 0.01522 0.00000 ( 1)
  70 T   0.98466 0.00004 0.01530 0.00000 ( 1)
  71 N   0.98136 0.00211 0.01647 0.00006 ( 1)
  72 L   0.93466 0.04191 0.02221 0.00122 ( 1)
  73 R   0.98287 0.00068 0.01643 0.00002 ( 1)
  74 I   0.78670 0.02888 0.18302 0.00140 ( 1)
  75 Y   0.92757 0.03989 0.03109 0.00146 ( 1)
  76 V   0.94792 0.03527 0.01592 0.00088 ( 1)
  77 T   0.87742 0.09302 0.02640 0.00316 ( 1)
  78 V   0.65537 0.21363 0.12178 0.00923 ( 1)
  79 A   0.98267 0.00076 0.01654 0.00002 ( 1)
  80 G   0.96542 0.00989 0.02436 0.00033 ( 1)
  81 E   0.05810 0.91931 0.00094 0.02165 ( 2)
  82 R   0.95465 0.01798 0.02679 0.00058 ( 1)
  83 I   0.98271 0.00216 0.01507 0.00005 ( 1)
  84 F   0.96600 0.01783 0.01575 0.00043 ( 1)
  85 A   0.98143 0.00338 0.01511 0.00008 ( 1)
  86 G   0.95208 0.03171 0.01546 0.00075 ( 1)
  87 Q   0.06369 0.90975 0.00144 0.02513 ( 2)
  88 F   0.97670 0.00720 0.01593 0.00017 ( 1)
  89 N   0.97468 0.00245 0.02280 0.00008 ( 1)
  90 K   0.98384 0.00002 0.01614 0.00000 ( 1)
  91 T   0.98328 0.00007 0.01664 0.00000 ( 1)
  92 M   0.98318 0.00011 0.01671 0.00000 ( 1)
  93 D   0.82625 0.02729 0.14535 0.00112 ( 1)
  94 T   0.94027 0.04064 0.01795 0.00113 ( 1)
  95 G   0.97546 0.00849 0.01584 0.00020 ( 1)
  96 D   0.32237 0.65225 0.00670 0.01868 ( 2)
  97 P   0.43685 0.54083 0.00848 0.01384 ( 2)
  98 L   0.97652 0.00201 0.02142 0.00006 ( 1)
  99 T   0.98293 0.00054 0.01652 0.00001 ( 1)
 100 F   0.96306 0.00881 0.02784 0.00029 ( 1)
 101 Q   0.88609 0.09088 0.02043 0.00259 ( 1)
 102 S   0.97978 0.00264 0.01751 0.00007 ( 1)
 103 F   0.98386 0.00009 0.01605 0.00000 ( 1)
 104 S   0.84881 0.13591 0.01222 0.00306 ( 1)
 105 Y   0.05364 0.91222 0.00176 0.03238 ( 2)
 106 A   0.98317 0.00028 0.01654 0.00001 ( 1)
 107 T   0.98474 0.00004 0.01522 0.00000 ( 1)
 108 I   0.98362 0.00127 0.01508 0.00003 ( 1)
 109 N   0.06763 0.88501 0.01243 0.03493 ( 2)
 110 T   0.97925 0.00418 0.01646 0.00011 ( 1)
 111 A   0.95477 0.02850 0.01601 0.00073 ( 1)
 112 F   0.98247 0.00146 0.01603 0.00004 ( 1)
 113 T   0.98052 0.00292 0.01648 0.00007 ( 1)
 114 F   0.97167 0.00022 0.02810 0.00001 ( 1)
 115 P   0.83013 0.14962 0.01635 0.00390 ( 1)
 116 M   0.02658 0.91109 0.00796 0.05436 ( 2)
 117 S   0.00225 0.94662 0.00057 0.05056 ( 2)
 118 Q   0.00002 0.91227 0.00001 0.08770 ( 2)
 119 S   0.96974 0.00319 0.02697 0.00010 ( 1)
 120 S   0.62074 0.35097 0.01713 0.01117 ( 1)
 121 F   0.41439 0.55491 0.01224 0.01845 ( 2)
 122 T   0.98427 0.00037 0.01535 0.00001 ( 1)
 123 V   0.98221 0.00123 0.01652 0.00003 ( 1)
 124 G   0.98400 0.00001 0.01599 0.00000 ( 1)
 125 A   0.98358 0.00020 0.01621 0.00001 ( 1)
 126 D   0.98548 0.00004 0.01447 0.00000 ( 1)
 127 T   0.55183 0.42912 0.00862 0.01043 ( 1)
 128 F   0.98388 0.00007 0.01605 0.00000 ( 1)
 129 S   0.14587 0.82719 0.00319 0.02376 ( 2)
 130 S   0.96674 0.01184 0.02108 0.00033 ( 1)
 131 G   0.94864 0.03505 0.01547 0.00084 ( 1)
 132 N   0.97146 0.01401 0.01419 0.00033 ( 1)
 133 E   0.98252 0.00106 0.01639 0.00003 ( 1)
 134 V   0.98454 0.00024 0.01521 0.00001 ( 1)
 135 Y   0.98156 0.00003 0.01841 0.00000 ( 1)
 136 I   0.93816 0.04068 0.02006 0.00110 ( 1)
 137 D   0.98508 0.00001 0.01491 0.00000 ( 1)
 138 R   0.98164 0.00190 0.01642 0.00005 ( 1)
 139 F   0.95216 0.03157 0.01551 0.00076 ( 1)
 140 E   0.98357 0.00001 0.01641 0.00000 ( 1)
 141 L   0.83829 0.13230 0.02496 0.00445 ( 1)
 142 I   0.97091 0.00055 0.02853 0.00002 ( 1)
 143 P   0.82020 0.14024 0.03365 0.00590 ( 1)

