Supplemental results for CODEML (seqf: algn  treef: tree)


dN/dS (w) for site classes (K=4)

site class             0        1       2a       2b
proportion       0.72700  0.18393  0.07109  0.01799
background w     0.10273  1.00000  0.10273  1.00000
foreground w     0.10273  1.00000  3.09378  3.09378

Naive Empirical Bayes (NEB) probabilities for 4 classes
(amino acids refer to 1st sequence: BT_Cry8Ba1)

   1 P   0.94202 0.00733 0.05016 0.00049 ( 1)
   2 F   0.95016 0.00575 0.04372 0.00037 ( 1)
   3 V   0.90955 0.04215 0.04561 0.00268 ( 1)
   4 G   0.92006 0.01390 0.06495 0.00109 ( 1)
   5 P   0.66262 0.26540 0.05024 0.02174 ( 1)
   6 I   0.94908 0.00506 0.04555 0.00031 ( 1)
   7 V   0.82297 0.11140 0.05701 0.00861 ( 1)
   8 S   0.92111 0.00845 0.06975 0.00069 ( 1)
   9 L   0.88462 0.05811 0.05318 0.00409 ( 1)
  10 Y   0.94311 0.00653 0.04993 0.00042 ( 1)
  11 T   0.91208 0.04137 0.04398 0.00256 ( 1)
  12 Q   0.00057 0.89491 0.00036 0.10416 ( 2)
  13 L   0.87103 0.07730 0.04665 0.00502 ( 1)
  14 I   0.90472 0.04896 0.04331 0.00301 ( 1)
  15 D   0.93970 0.02021 0.03896 0.00114 ( 1)
  16 I   0.07962 0.85649 0.00458 0.05932 ( 2)
  17 L   0.90264 0.03020 0.06478 0.00239 ( 1)
  18 W   0.89154 0.03662 0.06880 0.00304 ( 1)
  19 P   0.94380 0.00570 0.05014 0.00037 ( 1)
  20 S   0.15284 0.78021 0.01035 0.05660 ( 2)
  21 K   0.07998 0.86202 0.00393 0.05407 ( 2)
  22 Q   0.02600 0.88492 0.00254 0.08653 ( 2)
  23 K   0.42295 0.51297 0.02680 0.03727 ( 2)
  24 S   0.95138 0.00266 0.04580 0.00016 ( 1)
  25 Q   0.51296 0.43027 0.02826 0.02851 ( 1)
  26 W   0.89154 0.03662 0.06880 0.00304 ( 1)
  27 E   0.95390 0.00423 0.04162 0.00025 ( 1)
  28 I   0.92932 0.02470 0.04446 0.00151 ( 1)
  29 F   0.91267 0.04308 0.04170 0.00255 ( 1)
  30 M   0.95299 0.00206 0.04483 0.00012 ( 1)
  31 E   0.93651 0.02132 0.04090 0.00127 ( 1)
  32 Q   0.94125 0.00648 0.05185 0.00043 ( 1)
  33 V   0.95090 0.00603 0.04271 0.00036 ( 1)
  34 E   0.95390 0.00423 0.04162 0.00025 ( 1)
  35 E   0.59575 0.35065 0.03123 0.02237 ( 1)
  36 L   0.88555 0.03734 0.07384 0.00327 ( 1)
  37 I   0.94876 0.00552 0.04538 0.00034 ( 1)
  38 N   0.94259 0.01691 0.03955 0.00095 ( 1)
  39 Q   0.36396 0.02795 0.60286 0.00522 ( 3)
  40 K   0.95382 0.00403 0.04191 0.00024 ( 1)
  41 I   0.95697 0.00364 0.03919 0.00021 ( 1)
  42 A   0.92596 0.02996 0.04231 0.00177 ( 1)
  43 E   0.93423 0.02360 0.04078 0.00140 ( 1)
  44 Y   0.77240 0.15039 0.06408 0.01313 ( 1)
  45 A   0.92416 0.03174 0.04223 0.00188 ( 1)
  46 R   0.91961 0.01639 0.06275 0.00125 ( 1)
  47 N   0.22057 0.70720 0.01226 0.05997 ( 2)
  48 K   0.86700 0.07291 0.05479 0.00530 ( 1)
  49 A   0.94516 0.01052 0.04370 0.00062 ( 1)
  50 L   0.34047 0.02820 0.62573 0.00560 ( 3)
  51 S   0.84021 0.11359 0.03891 0.00729 ( 1)
  52 E   0.93335 0.02443 0.04076 0.00145 ( 1)
  53 L   0.92767 0.01633 0.05486 0.00114 ( 1)
  54 E   0.89788 0.04547 0.05336 0.00330 ( 1)
  55 G   0.91869 0.01480 0.06535 0.00116 ( 1)
  56 L   0.92974 0.01430 0.05496 0.00100 ( 1)
  57 G   0.92132 0.01296 0.06471 0.00101 ( 1)
  58 N   0.94259 0.01691 0.03955 0.00095 ( 1)
  59 N   0.47551 0.45769 0.03211 0.03469 ( 1)
  60 Y   0.24324 0.67771 0.02001 0.05904 ( 2)
  61 Q   0.08733 0.65750 0.13970 0.11547 ( 2)
  62 L   0.24200 0.32388 0.37901 0.05510 ( 3)
  63 Y   0.94311 0.00653 0.04993 0.00042 ( 1)
  64 L   0.76836 0.17333 0.04601 0.01230 ( 1)
  65 T   0.89573 0.05901 0.04174 0.00352 ( 1)
  66 A   0.86539 0.08955 0.03975 0.00530 ( 1)
  67 L   0.94259 0.00651 0.05047 0.00042 ( 1)
  68 E   0.93111 0.02663 0.04069 0.00158 ( 1)
  69 E   0.80570 0.15004 0.03533 0.00892 ( 1)
  70 W   0.89154 0.03662 0.06880 0.00304 ( 1)
  71 K   0.03649 0.88963 0.00266 0.07122 ( 2)
  72 E   0.42933 0.03224 0.53447 0.00396 ( 3)
  73 N   0.95696 0.00276 0.04012 0.00016 ( 1)
  74 P   0.85048 0.09804 0.04517 0.00631 ( 1)
  75 N   0.85431 0.09322 0.04657 0.00589 ( 1)
  76 G   0.50665 0.43690 0.02865 0.02780 ( 1)
  77 S   0.87936 0.07476 0.04115 0.00473 ( 1)
  78 R   0.94950 0.00385 0.04642 0.00024 ( 1)
  79 A   0.56713 0.34971 0.05168 0.03147 ( 1)
  80 L   0.50374 0.43595 0.02976 0.03055 ( 1)
  81 R   0.77795 0.14794 0.06136 0.01274 ( 1)
  82 D   0.92403 0.03567 0.03829 0.00201 ( 1)
  83 V   0.94340 0.00872 0.04733 0.00055 ( 1)
  84 R   0.01753 0.77665 0.03879 0.16703 ( 2)
  85 N   0.90834 0.05069 0.03810 0.00286 ( 1)
  86 R   0.83417 0.10262 0.05552 0.00769 ( 1)
  87 F   0.91743 0.03838 0.04192 0.00227 ( 1)
  88 E   0.77794 0.17752 0.03399 0.01056 ( 1)
  89 I   0.40502 0.52901 0.02548 0.04049 ( 2)
  90 L   0.92178 0.02689 0.04958 0.00175 ( 1)
  91 D   0.93762 0.02227 0.03886 0.00125 ( 1)
  92 S   0.48572 0.46229 0.02368 0.02832 ( 1)
  93 L   0.26279 0.67441 0.01552 0.04728 ( 2)
  94 F   0.95293 0.00334 0.04354 0.00020 ( 1)
  95 T   0.44172 0.48883 0.03113 0.03832 ( 2)
  96 Q   0.32652 0.61475 0.01799 0.04074 ( 2)
  97 Y   0.57035 0.37502 0.03021 0.02443 ( 1)
  98 M   0.92379 0.03092 0.04346 0.00183 ( 1)
  99 P   0.93850 0.00629 0.05478 0.00043 ( 1)
 100 S   0.94066 0.00694 0.05194 0.00046 ( 1)
 101 F   0.95293 0.00334 0.04354 0.00020 ( 1)
 102 R   0.24097 0.68244 0.01904 0.05755 ( 2)
 103 V   0.90334 0.05257 0.04092 0.00316 ( 1)
 104 T   0.27882 0.27143 0.40891 0.04084 ( 3)
 105 N   0.50087 0.44252 0.02622 0.03040 ( 1)
 106 F   0.12533 0.81322 0.00673 0.05472 ( 2)
 107 E   0.95390 0.00423 0.04162 0.00025 ( 1)
 108 V   0.95096 0.00598 0.04270 0.00036 ( 1)
 109 P   0.94468 0.00484 0.05016 0.00031 ( 1)
 110 F   0.76135 0.17966 0.04569 0.01330 ( 1)
 111 L   0.92987 0.01909 0.04980 0.00124 ( 1)
 112 T   0.49661 0.37891 0.09396 0.03052 ( 1)
 113 V   0.95090 0.00603 0.04271 0.00036 ( 1)
 114 Y   0.94311 0.00653 0.04993 0.00042 ( 1)
 115 T   0.84366 0.08992 0.05939 0.00703 ( 1)
 116 M   0.25025 0.68705 0.01396 0.04874 ( 2)
 117 A   0.95226 0.00400 0.04350 0.00024 ( 1)
 118 A   0.94067 0.01029 0.04839 0.00065 ( 1)
 119 N   0.92439 0.01217 0.06252 0.00092 ( 1)
 120 L   0.92946 0.01949 0.04979 0.00127 ( 1)
 121 H   0.95177 0.00317 0.04488 0.00019 ( 1)
 122 L   0.92894 0.01515 0.05485 0.00106 ( 1)
 123 L   0.89429 0.03165 0.07137 0.00269 ( 1)
 124 L   0.93045 0.01366 0.05493 0.00096 ( 1)
 125 L   0.93045 0.01366 0.05493 0.00096 ( 1)
 126 R   0.21763 0.71570 0.01409 0.05258 ( 2)
 127 D   0.93580 0.01037 0.05310 0.00073 ( 1)
 128 A   0.94483 0.00635 0.04842 0.00040 ( 1)
 129 S   0.92883 0.01490 0.05522 0.00104 ( 1)
 130 I   0.38536 0.02932 0.58046 0.00486 ( 3)
 131 F   0.95293 0.00334 0.04354 0.00020 ( 1)
 132 G   0.94880 0.00447 0.04645 0.00027 ( 1)
 133 E   0.91841 0.03918 0.04008 0.00233 ( 1)
 134 E   0.95367 0.00444 0.04162 0.00026 ( 1)
 135 W   0.89154 0.03662 0.06880 0.00304 ( 1)
 136 G   0.94723 0.00535 0.04708 0.00033 ( 1)
 137 L   0.04455 0.80794 0.03327 0.11425 ( 2)
 138 S   0.26569 0.28844 0.39073 0.05514 ( 3)
 139 T   0.01380 0.15520 0.76049 0.07052 ( 3)
 140 S   0.03598 0.86853 0.00382 0.09167 ( 2)
 141 T   0.01992 0.66966 0.08851 0.22191 ( 2)
 142 I   0.39058 0.03459 0.56981 0.00501 ( 3)
 143 N   0.56946 0.38483 0.02389 0.02182 ( 1)
 144 N   0.12071 0.53298 0.22169 0.12461 ( 2)
 145 Y   0.88006 0.06881 0.04665 0.00448 ( 1)
 146 Y   0.94311 0.00653 0.04993 0.00042 ( 1)
 147 N   0.58565 0.30398 0.08185 0.02851 ( 1)
 148 R   0.93556 0.00778 0.05612 0.00054 ( 1)
 149 Q   0.93877 0.00892 0.05172 0.00059 ( 1)
 150 M   0.91436 0.04024 0.04301 0.00239 ( 1)
 151 K   0.11893 0.82087 0.00662 0.05358 ( 2)
 152 L   0.51405 0.13641 0.30859 0.04095 ( 1)
 153 T   0.83647 0.10509 0.05045 0.00799 ( 1)
 154 A   0.94779 0.00734 0.04443 0.00044 ( 1)
 155 E   0.55541 0.30785 0.10921 0.02753 ( 1)
 156 Y   0.93977 0.00983 0.04976 0.00064 ( 1)
 157 S   0.93738 0.01018 0.05176 0.00067 ( 1)
 158 D   0.95621 0.00380 0.03977 0.00022 ( 1)
 159 H   0.81109 0.11966 0.05963 0.00962 ( 1)
 160 C   0.94288 0.00521 0.05157 0.00034 ( 1)
 161 V   0.93407 0.00771 0.05765 0.00057 ( 1)
 162 K   0.86855 0.08366 0.04212 0.00567 ( 1)
 163 W   0.89154 0.03662 0.06880 0.00304 ( 1)
 164 Y   0.94311 0.00653 0.04993 0.00042 ( 1)
 165 E   0.01543 0.81230 0.02251 0.14976 ( 2)
 166 T   0.94498 0.00544 0.04923 0.00035 ( 1)
 167 G   0.94046 0.00991 0.04900 0.00063 ( 1)
 168 L   0.93045 0.01366 0.05493 0.00096 ( 1)
 169 A   0.81854 0.13826 0.03457 0.00864 ( 1)
 170 K   0.31414 0.59476 0.04131 0.04979 ( 2)
 171 L   0.93045 0.01366 0.05493 0.00096 ( 1)
 172 K   0.95382 0.00403 0.04191 0.00024 ( 1)
 173 G   0.94084 0.01206 0.04636 0.00074 ( 1)
 174 S   0.17180 0.75233 0.01331 0.06256 ( 2)
 175 S   0.87106 0.08492 0.03849 0.00553 ( 1)
 176 A   0.94575 0.00548 0.04843 0.00035 ( 1)
 177 K   0.75373 0.20121 0.03316 0.01191 ( 1)
 178 Q   0.26572 0.67489 0.01465 0.04474 ( 2)
 179 W   0.89154 0.03662 0.06880 0.00304 ( 1)
 180 I   0.40798 0.53654 0.02055 0.03494 ( 2)
 181 D   0.08347 0.65919 0.13485 0.12248 ( 2)
 182 Y   0.94311 0.00653 0.04993 0.00042 ( 1)
 183 N   0.26819 0.66346 0.01814 0.05021 ( 2)
 184 Q   0.05395 0.87684 0.00369 0.06552 ( 2)
 185 F   0.91369 0.01998 0.06477 0.00156 ( 1)
 186 R   0.93123 0.01188 0.05606 0.00083 ( 1)
 187 R   0.94950 0.00385 0.04642 0.00024 ( 1)
 188 E   0.95390 0.00423 0.04162 0.00025 ( 1)
 189 M   0.95299 0.00206 0.04483 0.00012 ( 1)
 190 T   0.95156 0.00392 0.04429 0.00023 ( 1)
 191 L   0.89134 0.03500 0.07069 0.00297 ( 1)
 192 T   0.00313 0.91092 0.00043 0.08552 ( 2)
 193 V   0.91745 0.01765 0.06354 0.00136 ( 1)
 194 L   0.93045 0.01366 0.05493 0.00096 ( 1)
 195 D   0.95705 0.00308 0.03969 0.00017 ( 1)
 196 V   0.44894 0.47925 0.03304 0.03877 ( 2)
 197 V   0.81771 0.11174 0.06057 0.00998 ( 1)
 198 A   0.89970 0.05044 0.04631 0.00355 ( 1)
 199 L   0.93045 0.01366 0.05493 0.00096 ( 1)
 200 F   0.95213 0.00403 0.04359 0.00024 ( 1)
 201 S   0.24745 0.32123 0.39035 0.04097 ( 3)
 202 N   0.00301 0.87315 0.00389 0.11996 ( 2)


lnL = -2081.565309

Bayes Empirical Bayes (BEB) probabilities for 4 classes (class)
(amino acids refer to 1st sequence: BT_Cry8Ba1)

   1 P   0.94851 0.00681 0.04429 0.00040 ( 1)
   2 F   0.95430 0.00562 0.03975 0.00033 ( 1)
   3 V   0.92724 0.02937 0.04170 0.00169 ( 1)
   4 G   0.93005 0.01251 0.05659 0.00085 ( 1)
   5 P   0.76298 0.17481 0.04973 0.01248 ( 1)
   6 I   0.95334 0.00515 0.04123 0.00029 ( 1)
   7 V   0.86815 0.07489 0.05189 0.00507 ( 1)
   8 S   0.93088 0.00782 0.06074 0.00055 ( 1)
   9 L   0.91025 0.03979 0.04750 0.00246 ( 1)
  10 Y   0.94907 0.00618 0.04439 0.00035 ( 1)
  11 T   0.92978 0.02891 0.03971 0.00160 ( 1)
  12 Q   0.00481 0.90214 0.00189 0.09116 ( 2)
  13 L   0.90295 0.05174 0.04233 0.00298 ( 1)
  14 I   0.92468 0.03366 0.03978 0.00187 ( 1)
  15 D   0.94831 0.01462 0.03631 0.00076 ( 1)
  16 I   0.24202 0.70339 0.01225 0.04234 ( 2)
  17 L   0.91555 0.02600 0.05666 0.00178 ( 1)
  18 W   0.90709 0.03029 0.06043 0.00218 ( 1)
  19 P   0.95014 0.00536 0.04421 0.00030 ( 1)
  20 S   0.31912 0.62256 0.01901 0.03930 ( 2)
  21 K   0.23650 0.71439 0.01027 0.03884 ( 2)
  22 Q   0.09587 0.82334 0.00848 0.07230 ( 2)
  23 K   0.62630 0.31960 0.03402 0.02008 ( 1)
  24 S   0.95646 0.00263 0.04078 0.00014 ( 1)
  25 Q   0.69782 0.25405 0.03336 0.01476 ( 1)
  26 W   0.90709 0.03029 0.06043 0.00218 ( 1)
  27 E   0.95702 0.00430 0.03845 0.00023 ( 1)
  28 I   0.94089 0.01766 0.04047 0.00098 ( 1)
  29 F   0.93016 0.02990 0.03834 0.00161 ( 1)
  30 M   0.95780 0.00206 0.04004 0.00011 ( 1)
  31 E   0.94547 0.01565 0.03802 0.00086 ( 1)
  32 Q   0.94793 0.00605 0.04567 0.00035 ( 1)
  33 V   0.95454 0.00584 0.03930 0.00032 ( 1)
  34 E   0.95702 0.00430 0.03845 0.00023 ( 1)
  35 E   0.74754 0.20596 0.03468 0.01181 ( 1)
  36 L   0.90055 0.03156 0.06545 0.00243 ( 1)
  37 I   0.95325 0.00543 0.04101 0.00030 ( 1)
  38 N   0.95020 0.01253 0.03662 0.00065 ( 1)
  39 Q   0.52343 0.02578 0.44719 0.00360 ( 1)
  40 K   0.95715 0.00409 0.03854 0.00022 ( 1)
  41 I   0.95941 0.00380 0.03659 0.00020 ( 1)
  42 A   0.93878 0.02138 0.03869 0.00115 ( 1)
  43 E   0.94386 0.01728 0.03792 0.00094 ( 1)
  44 Y   0.83316 0.09907 0.06012 0.00765 ( 1)
  45 A   0.93751 0.02264 0.03863 0.00122 ( 1)
  46 R   0.93031 0.01421 0.05454 0.00093 ( 1)
  47 N   0.46208 0.47866 0.02333 0.03593 ( 2)
  48 K   0.89805 0.04973 0.04904 0.00317 ( 1)
  49 A   0.95034 0.00956 0.03960 0.00051 ( 1)
  50 L   0.48982 0.02615 0.48003 0.00401 ( 1)
  51 S   0.88006 0.07856 0.03682 0.00456 ( 1)
  52 E   0.94353 0.01757 0.03794 0.00096 ( 1)
  53 L   0.93599 0.01468 0.04843 0.00090 ( 1)
  54 E   0.91764 0.03153 0.04877 0.00206 ( 1)
  55 G   0.92892 0.01328 0.05690 0.00090 ( 1)
  56 L   0.93776 0.01292 0.04852 0.00079 ( 1)
  57 G   0.93107 0.01172 0.05641 0.00079 ( 1)
  58 N   0.95020 0.01253 0.03662 0.00065 ( 1)
  59 N   0.66655 0.27692 0.03841 0.01812 ( 1)
  60 Y   0.44466 0.48665 0.03176 0.03693 ( 2)
  61 Q   0.23278 0.49938 0.19825 0.06959 ( 2)
  62 L   0.40611 0.23005 0.33318 0.03067 ( 1)
  63 Y   0.94907 0.00618 0.04439 0.00035 ( 1)
  64 L   0.83385 0.11509 0.04382 0.00724 ( 1)
  65 T   0.91903 0.04043 0.03836 0.00218 ( 1)
  66 A   0.89959 0.05999 0.03719 0.00323 ( 1)
  67 L   0.94897 0.00612 0.04456 0.00035 ( 1)
  68 E   0.94201 0.01905 0.03790 0.00104 ( 1)
  69 E   0.87553 0.08457 0.03521 0.00469 ( 1)
  70 W   0.90709 0.03029 0.06043 0.00218 ( 1)
  71 K   0.12898 0.80773 0.00812 0.05517 ( 2)
  72 E   0.60397 0.03116 0.36212 0.00274 ( 1)
  73 N   0.96001 0.00286 0.03698 0.00015 ( 1)
  74 P   0.89014 0.06485 0.04131 0.00370 ( 1)
  75 N   0.89238 0.06202 0.04210 0.00349 ( 1)
  76 G   0.69706 0.25495 0.03371 0.01428 ( 1)
  77 S   0.90666 0.05227 0.03809 0.00298 ( 1)
  78 R   0.95466 0.00375 0.04138 0.00020 ( 1)
  79 A   0.68966 0.23652 0.05499 0.01883 ( 1)
  80 L   0.67097 0.27758 0.03443 0.01702 ( 1)
  81 R   0.83673 0.09834 0.05744 0.00750 ( 1)
  82 D   0.93758 0.02524 0.03586 0.00132 ( 1)
  83 V   0.94869 0.00821 0.04264 0.00046 ( 1)
  84 R   0.06448 0.70645 0.08948 0.13960 ( 2)
  85 N   0.92803 0.03445 0.03572 0.00180 ( 1)
  86 R   0.87782 0.06754 0.05021 0.00442 ( 1)
  87 F   0.93339 0.02670 0.03848 0.00144 ( 1)
  88 E   0.86076 0.09928 0.03446 0.00549 ( 1)
  89 I   0.60651 0.33442 0.03537 0.02371 ( 1)
  90 L   0.93118 0.02357 0.04390 0.00134 ( 1)
  91 D   0.94686 0.01607 0.03624 0.00084 ( 1)
  92 S   0.68130 0.27464 0.02917 0.01489 ( 1)
  93 L   0.48193 0.46509 0.02471 0.02827 ( 1)
  94 F   0.95699 0.00335 0.03948 0.00018 ( 1)
  95 T   0.63920 0.30169 0.03862 0.02048 ( 1)
  96 Q   0.54920 0.40147 0.02623 0.02310 ( 1)
  97 Y   0.73642 0.21684 0.03420 0.01253 ( 1)
  98 M   0.93817 0.02150 0.03919 0.00114 ( 1)
  99 P   0.94598 0.00588 0.04779 0.00035 ( 1)
 100 S   0.94750 0.00646 0.04566 0.00037 ( 1)
 101 F   0.95699 0.00335 0.03948 0.00018 ( 1)
 102 R   0.44658 0.48750 0.03039 0.03554 ( 2)
 103 V   0.92262 0.03707 0.03826 0.00205 ( 1)
 104 T   0.44118 0.18763 0.34842 0.02276 ( 1)
 105 N   0.68055 0.27192 0.03120 0.01634 ( 1)
 106 F   0.33144 0.61696 0.01561 0.03600 ( 2)
 107 E   0.95702 0.00430 0.03845 0.00023 ( 1)
 108 V   0.95443 0.00595 0.03929 0.00033 ( 1)
 109 P   0.95092 0.00459 0.04423 0.00026 ( 1)
 110 F   0.82893 0.11962 0.04363 0.00782 ( 1)
 111 L   0.93780 0.01720 0.04402 0.00098 ( 1)
 112 T   0.67052 0.22775 0.08569 0.01604 ( 1)
 113 V   0.95454 0.00584 0.03930 0.00032 ( 1)
 114 Y   0.94907 0.00618 0.04439 0.00035 ( 1)
 115 T   0.88058 0.06180 0.05340 0.00423 ( 1)
 116 M   0.45705 0.49057 0.02219 0.03018 ( 2)
 117 A   0.95637 0.00399 0.03942 0.00021 ( 1)
 118 A   0.94699 0.00942 0.04306 0.00053 ( 1)
 119 N   0.93381 0.01125 0.05420 0.00073 ( 1)
 120 L   0.93745 0.01753 0.04402 0.00100 ( 1)
 121 H   0.95644 0.00314 0.04025 0.00017 ( 1)
 122 L   0.93729 0.01348 0.04841 0.00082 ( 1)
 123 L   0.90800 0.02703 0.06296 0.00201 ( 1)
 124 L   0.93842 0.01236 0.04846 0.00076 ( 1)
 125 L   0.93842 0.01236 0.04846 0.00076 ( 1)
 126 R   0.41445 0.52922 0.02303 0.03330 ( 2)
 127 D   0.94045 0.00975 0.04917 0.00063 ( 1)
 128 A   0.95054 0.00606 0.04306 0.00034 ( 1)
 129 S   0.93741 0.01312 0.04867 0.00080 ( 1)
 130 I   0.54518 0.02800 0.42334 0.00348 ( 1)
 131 F   0.95699 0.00335 0.03948 0.00018 ( 1)
 132 G   0.95391 0.00435 0.04150 0.00024 ( 1)
 133 E   0.93352 0.02749 0.03749 0.00150 ( 1)
 134 E   0.95692 0.00439 0.03846 0.00024 ( 1)
 135 W   0.90709 0.03029 0.06043 0.00218 ( 1)
 136 G   0.95252 0.00516 0.04204 0.00028 ( 1)
 137 L   0.14560 0.70201 0.06719 0.08520 ( 2)
 138 S   0.41844 0.19816 0.35207 0.03134 ( 1)
 139 T   0.03474 0.11732 0.80131 0.04663 ( 3)
 140 S   0.12407 0.78999 0.01181 0.07413 ( 2)
 141 T   0.06384 0.55839 0.19058 0.18720 ( 2)
 142 I   0.55850 0.03316 0.40485 0.00349 ( 1)
 143 N   0.73992 0.22037 0.02827 0.01144 ( 1)
 144 N   0.24186 0.39204 0.28315 0.08295 ( 2)
 145 Y   0.90790 0.04692 0.04246 0.00273 ( 1)
 146 Y   0.94907 0.00618 0.04439 0.00035 ( 1)
 147 N   0.72334 0.18256 0.07974 0.01436 ( 1)
 148 R   0.94373 0.00704 0.04881 0.00042 ( 1)
 149 Q   0.94587 0.00808 0.04558 0.00047 ( 1)
 150 M   0.93217 0.02744 0.03893 0.00146 ( 1)
 151 K   0.31389 0.63524 0.01514 0.03573 ( 2)
 152 L   0.54715 0.09030 0.33543 0.02711 ( 1)
 153 T   0.87885 0.07008 0.04638 0.00469 ( 1)
 154 A   0.95260 0.00683 0.04020 0.00037 ( 1)
 155 E   0.70149 0.18041 0.10339 0.01471 ( 1)
 156 Y   0.94632 0.00890 0.04427 0.00051 ( 1)
 157 S   0.94477 0.00917 0.04553 0.00053 ( 1)
 158 D   0.95904 0.00389 0.03687 0.00020 ( 1)
 159 H   0.86061 0.07939 0.05443 0.00558 ( 1)
 160 C   0.94955 0.00489 0.04528 0.00028 ( 1)
 161 V   0.94060 0.00752 0.05139 0.00049 ( 1)
 162 K   0.89929 0.05735 0.03982 0.00354 ( 1)
 163 W   0.90709 0.03029 0.06043 0.00218 ( 1)
 164 Y   0.94907 0.00618 0.04439 0.00035 ( 1)
 165 E   0.07143 0.74361 0.06208 0.12288 ( 2)
 166 T   0.95092 0.00519 0.04360 0.00029 ( 1)
 167 G   0.94713 0.00895 0.04342 0.00050 ( 1)
 168 L   0.93842 0.01236 0.04846 0.00076 ( 1)
 169 A   0.86608 0.09459 0.03393 0.00540 ( 1)
 170 K   0.51342 0.40709 0.04998 0.02952 ( 1)
 171 L   0.93842 0.01236 0.04846 0.00076 ( 1)
 172 K   0.95715 0.00409 0.03854 0.00022 ( 1)
 173 G   0.94689 0.01102 0.04149 0.00060 ( 1)
 174 S   0.35477 0.57997 0.02370 0.04155 ( 2)
 175 S   0.90059 0.05909 0.03684 0.00348 ( 1)
 176 A   0.95139 0.00526 0.04306 0.00029 ( 1)
 177 K   0.84847 0.11140 0.03403 0.00611 ( 1)
 178 Q   0.50314 0.44713 0.02404 0.02568 ( 1)
 179 W   0.90709 0.03029 0.06043 0.00218 ( 1)
 180 I   0.61386 0.33907 0.02748 0.01958 ( 1)
 181 D   0.21802 0.51044 0.19327 0.07827 ( 2)
 182 Y   0.94907 0.00618 0.04439 0.00035 ( 1)
 183 N   0.47864 0.46379 0.02759 0.02998 ( 1)
 184 Q   0.15358 0.78689 0.00919 0.05035 ( 2)
 185 F   0.92532 0.01717 0.05635 0.00116 ( 1)
 186 R   0.93994 0.01057 0.04886 0.00064 ( 1)
 187 R   0.95466 0.00375 0.04138 0.00020 ( 1)
 188 E   0.95702 0.00430 0.03845 0.00023 ( 1)
 189 M   0.95780 0.00206 0.04004 0.00011 ( 1)
 190 T   0.95601 0.00388 0.03991 0.00021 ( 1)
 191 L   0.90518 0.02999 0.06260 0.00223 ( 1)
 192 T   0.01816 0.90499 0.00201 0.07484 ( 2)
 193 V   0.92725 0.01616 0.05551 0.00108 ( 1)
 194 L   0.93842 0.01236 0.04846 0.00076 ( 1)
 195 D   0.95986 0.00320 0.03678 0.00016 ( 1)
 196 V   0.64371 0.29481 0.04072 0.02077 ( 1)
 197 V   0.86123 0.07745 0.05527 0.00605 ( 1)
 198 A   0.92036 0.03496 0.04249 0.00220 ( 1)
 199 L   0.93842 0.01236 0.04846 0.00076 ( 1)
 200 F   0.95622 0.00402 0.03955 0.00021 ( 1)
 201 S   0.41585 0.23042 0.33120 0.02252 ( 1)
 202 N   0.01704 0.85994 0.01429 0.10874 ( 2)

