Supplemental results for CODEML (seqf: algn  treef: tree)


dN/dS (w) for site classes (K=4)

site class             0        1       2a       2b
proportion       0.32843  0.59114  0.02873  0.05171
background w     0.11270  0.71347  0.11270  0.71347
foreground w     0.11270  0.71347 15.18421 15.18421

Naive Empirical Bayes (NEB) probabilities for 4 classes
(amino acids refer to 1st sequence: BT_Cry20Aa1)

   1 -   0.80440 0.11517 0.07036 0.01007 ( 1)
   2 -   0.08895 0.83061 0.00778 0.07266 ( 2)
   3 -   0.00513 0.91444 0.00045 0.07999 ( 2)
   4 E   0.00085 0.92115 0.00028 0.07773 ( 2)
   5 V   0.00007 0.98697 0.00000 0.01296 ( 2)
   6 I   0.88772 0.10127 0.00972 0.00129 ( 1)
   7 S   0.00000 0.73919 0.00000 0.26081 ( 2)
   8 I   0.00006 0.98679 0.00000 0.01315 ( 2)
   9 I   0.01033 0.97654 0.00012 0.01301 ( 2)
  10 Q   0.00000 0.05024 0.00000 0.94976 ( 4)
  11 D   0.00000 0.99039 0.00000 0.00961 ( 2)
  12 A   0.23516 0.75270 0.00257 0.00957 ( 2)
  13 L   0.82961 0.12024 0.04344 0.00672 ( 1)
  14 G   0.00000 0.98669 0.00000 0.01331 ( 2)
  15 F   0.00000 0.98957 0.00000 0.01043 ( 2)
  16 I   0.00361 0.98597 0.00003 0.01039 ( 2)
  17 R   0.00000 0.99038 0.00000 0.00961 ( 2)
  18 -   0.00084 0.05714 0.33645 0.60558 ( 4)
  19 -   0.00110 0.07355 0.33049 0.59486 ( 4)
  20 -   0.00045 0.91911 0.00004 0.08040 ( 2)
  21 -   0.00235 0.85975 0.00202 0.13588 ( 2)
  22 -   0.15429 0.83445 0.00160 0.00967 ( 2)
  23 -   0.00001 0.79880 0.00002 0.20117 ( 2)
  24 -   0.00133 0.98722 0.00001 0.01144 ( 2)
  25 N   0.00000 0.98949 0.00000 0.01051 ( 2)
  26 G   0.00004 0.98972 0.00000 0.01024 ( 2)
  27 T   0.22714 0.24541 0.44469 0.08276 ( 3)
  28 G   0.00028 0.96418 0.00001 0.03553 ( 2)
  29 N   0.00010 0.99019 0.00000 0.00971 ( 2)
  30 E   0.38326 0.26803 0.30868 0.04003 ( 1)
  31 L   0.97428 0.00008 0.02564 0.00000 ( 1)
  32 L   0.97534 0.01381 0.01068 0.00018 ( 1)
  33 I   0.00024 0.98059 0.00000 0.01917 ( 2)
  34 H   0.99226 0.00012 0.00762 0.00000 ( 1)
  35 V   0.98384 0.00475 0.01135 0.00006 ( 1)
  36 E   0.01074 0.97696 0.00012 0.01218 ( 2)
  37 Q   0.01297 0.97473 0.00014 0.01215 ( 2)
  38 L   0.99068 0.00004 0.00928 0.00000 ( 1)
  39 I   0.99079 0.00000 0.00921 0.00000 ( 1)
  40 Q   0.13945 0.85105 0.00116 0.00834 ( 2)
  41 Q   0.00242 0.51300 0.01292 0.47165 ( 2)
  42 T   0.00000 0.76767 0.00000 0.23233 ( 2)
  43 L   0.96902 0.02012 0.01061 0.00026 ( 1)
  44 A   0.00125 0.98904 0.00001 0.00970 ( 2)
  45 T   0.00002 0.98795 0.00000 0.01203 ( 2)
  46 Q   0.00000 0.86352 0.00000 0.13647 ( 2)
  47 Y   0.25167 0.73611 0.00280 0.00942 ( 2)
  48 R   0.91667 0.07347 0.00905 0.00081 ( 1)
  49 S   0.00001 0.98942 0.00000 0.01057 ( 2)
  50 A   0.00000 0.83732 0.00000 0.16268 ( 2)
  51 A   0.69754 0.29003 0.00852 0.00391 ( 1)
  52 T   0.00000 0.99148 0.00000 0.00852 ( 2)
  53 G   0.00001 0.99224 0.00000 0.00775 ( 2)
  54 A   0.00108 0.98842 0.00001 0.01049 ( 2)
  55 I   0.98752 0.00004 0.01244 0.00000 ( 1)
  56 -   0.32843 0.59114 0.02873 0.05171 ( 2)
  57 Y   0.00501 0.98476 0.00004 0.01019 ( 2)
  58 G   0.38140 0.56800 0.02007 0.03053 ( 2)
  59 I   0.00456 0.97451 0.00009 0.02084 ( 2)
  60 S   0.00001 0.97523 0.00000 0.02476 ( 2)
  61 R   0.00000 0.94746 0.00000 0.05254 ( 2)
  62 S   0.00001 0.98357 0.00000 0.01642 ( 2)
  63 Y   0.98829 0.00022 0.01148 0.00000 ( 1)
  64 D   0.00000 0.98957 0.00000 0.01043 ( 2)
  65 N   0.00000 0.15788 0.00000 0.84212 ( 4)
  66 -   0.54389 0.37568 0.04758 0.03286 ( 1)
  67 Y   0.97589 0.00000 0.02411 0.00000 ( 1)
  68 L   0.99071 0.00002 0.00928 0.00000 ( 1)
  69 M   0.00000 0.99029 0.00000 0.00971 ( 2)
  70 F   0.03460 0.95502 0.00032 0.01006 ( 2)
  71 F   0.90816 0.08258 0.00837 0.00088 ( 1)
  72 R   0.00000 0.98769 0.00000 0.01231 ( 2)
  73 Q   0.00000 0.05951 0.00000 0.94049 ( 4)
  74 W   0.93639 0.02931 0.03322 0.00108 ( 1)
  75 E   0.00330 0.98374 0.00004 0.01291 ( 2)
  76 R   0.00001 0.83680 0.00001 0.16317 ( 2)
  77 N   0.00743 0.98287 0.00006 0.00964 ( 2)
  78 R   0.00051 0.98307 0.00001 0.01641 ( 2)
  79 -   0.00020 0.97504 0.00000 0.02475 ( 2)
  80 -   0.73196 0.18760 0.06403 0.01641 ( 1)
  81 -   0.00958 0.90998 0.00084 0.07960 ( 2)
  82 -   0.02694 0.89262 0.00236 0.07808 ( 2)
  83 -   0.05255 0.86701 0.00460 0.07584 ( 2)
  84 -   0.05201 0.86755 0.00455 0.07589 ( 2)
  85 -   0.32843 0.59114 0.02873 0.05171 ( 2)
  86 T   0.22968 0.76045 0.00201 0.00787 ( 2)
  87 R   0.00000 0.98769 0.00000 0.01231 ( 2)
  88 E   0.00000 0.10377 0.00000 0.89623 ( 4)
  89 N   0.00000 0.98083 0.00000 0.01917 ( 2)
  90 G   0.29424 0.69300 0.00357 0.00919 ( 2)
  91 Q   0.00000 0.98976 0.00000 0.01024 ( 2)
  92 Q   0.00000 0.23593 0.00000 0.76407 ( 4)
  93 V   0.28795 0.68545 0.00758 0.01902 ( 2)
  94 E   0.00129 0.98465 0.00002 0.01404 ( 2)
  95 S   0.00000 0.51106 0.00000 0.48894 ( 2)
  96 A   0.00015 0.82417 0.00018 0.17550 ( 2)
  97 F   0.99069 0.00018 0.00913 0.00000 ( 1)
  98 T   0.00000 0.98358 0.00000 0.01642 ( 2)
  99 T   0.00000 0.81779 0.00000 0.18221 ( 2)
 100 I   0.00008 0.98949 0.00000 0.01043 ( 2)
 101 N   0.50016 0.00066 0.49906 0.00012 ( 1)
 102 T   0.00000 0.58766 0.00001 0.41232 ( 2)
 103 L   0.00000 0.98951 0.00000 0.01048 ( 2)
 104 C   0.97923 0.01162 0.00903 0.00012 ( 1)
 105 I   0.01227 0.97460 0.00014 0.01298 ( 2)
 106 N   0.00000 0.98976 0.00000 0.01024 ( 2)
 107 A   0.02061 0.96893 0.00019 0.01027 ( 2)
 108 L   0.97383 0.00053 0.02562 0.00001 ( 1)
 109 A   0.10636 0.88046 0.00130 0.01188 ( 2)
 110 -   0.00798 0.94074 0.00042 0.05086 ( 2)
 111 -   0.46361 0.52598 0.00458 0.00583 ( 2)
 112 -   0.20554 0.78455 0.00179 0.00811 ( 2)
 113 -   0.15124 0.83693 0.00164 0.01019 ( 2)
 114 -   0.25455 0.26894 0.40141 0.07510 ( 3)
 115 -   0.38197 0.60884 0.00328 0.00591 ( 2)
 116 -   0.35550 0.61299 0.01125 0.02026 ( 2)
 117 P   0.01284 0.96680 0.00025 0.02011 ( 2)
 118 Q   0.00000 0.18881 0.00000 0.81119 ( 4)
 119 A   0.00415 0.98490 0.00004 0.01091 ( 2)
 120 S   0.00000 0.99039 0.00000 0.00961 ( 2)
 121 L   0.98443 0.00487 0.01064 0.00006 ( 1)
 122 S   0.00107 0.98851 0.00001 0.01042 ( 2)
 123 R   0.00007 0.97906 0.00000 0.02086 ( 2)
 124 R   0.00000 0.98949 0.00000 0.01051 ( 2)
 125 G   0.00846 0.98106 0.00008 0.01040 ( 2)
 126 F   0.02365 0.96343 0.00027 0.01265 ( 2)
 127 E   0.88855 0.10047 0.00972 0.00125 ( 1)
 128 T   0.98495 0.00261 0.01240 0.00004 ( 1)
 129 L   0.49190 0.47677 0.01557 0.01576 ( 1)
 130 L   0.99076 0.00010 0.00913 0.00000 ( 1)
 131 L   0.98258 0.00005 0.01737 0.00000 ( 1)
 132 P   0.98619 0.00000 0.01381 0.00000 ( 1)
 133 N   0.10794 0.88443 0.00073 0.00691 ( 2)
 134 Y   0.98764 0.00087 0.01148 0.00001 ( 1)
 135 A   0.00285 0.98493 0.00003 0.01218 ( 2)
 136 M   0.11870 0.86503 0.00182 0.01444 ( 2)
 137 A   0.97692 0.01382 0.00911 0.00015 ( 1)
 138 A   0.98907 0.00001 0.01092 0.00000 ( 1)
 139 N   0.98975 0.00159 0.00864 0.00002 ( 1)
 140 F   0.00097 0.98015 0.00002 0.01886 ( 2)
 141 H   0.99238 0.00000 0.00762 0.00000 ( 1)
 142 L   0.98262 0.00002 0.01737 0.00000 ( 1)
 143 L   0.17657 0.77111 0.00925 0.04307 ( 2)
 144 L   0.91893 0.05536 0.02418 0.00154 ( 1)
 145 L   0.98262 0.00001 0.01737 0.00000 ( 1)
 146 R   0.44468 0.00286 0.55183 0.00063 ( 3)
 147 D   0.99175 0.00000 0.00825 0.00000 ( 1)
 148 A   0.99052 0.00023 0.00924 0.00000 ( 1)
 149 V   0.94182 0.04709 0.01049 0.00060 ( 1)
 150 L   0.00001 0.95090 0.00000 0.04908 ( 2)
 151 Y   0.98848 0.00003 0.01149 0.00000 ( 1)
 152 R   0.00357 0.97367 0.00008 0.02269 ( 2)
 153 N   0.00000 0.87005 0.00000 0.12995 ( 2)
 154 Q   0.00000 0.16545 0.00000 0.83455 ( 4)
 155 W   0.52914 0.43602 0.01877 0.01607 ( 1)
 156 L   0.00000 0.74304 0.00000 0.25696 ( 2)
 157 S   0.00001 0.98111 0.00000 0.01888 ( 2)
 158 N   0.00002 0.98743 0.00000 0.01256 ( 2)
 159 S   0.00000 0.83682 0.00000 0.16318 ( 2)
 160 I   0.00004 0.98783 0.00000 0.01213 ( 2)
 161 S   0.00038 0.91918 0.00003 0.08040 ( 2)
 162 T   0.00083 0.91873 0.00007 0.08036 ( 2)
 163 -   0.02078 0.89879 0.00182 0.07862 ( 2)
 164 -   0.00082 0.91874 0.00007 0.08037 ( 2)
 165 -   0.00019 0.91937 0.00002 0.08042 ( 2)
 166 -   0.00125 0.91831 0.00011 0.08033 ( 2)
 167 -   0.47737 0.44219 0.04176 0.03868 ( 1)
 168 -   0.01515 0.90441 0.00133 0.07911 ( 2)
 169 -   0.01901 0.90055 0.00166 0.07877 ( 2)
 170 -   0.76540 0.15417 0.06695 0.01349 ( 1)
 171 -   0.25563 0.66393 0.02236 0.05808 ( 2)
 172 -   0.12114 0.79843 0.01060 0.06984 ( 2)
 173 -   0.26824 0.65132 0.02346 0.05697 ( 2)
 174 -   0.04826 0.87130 0.00422 0.07622 ( 2)
 175 -   0.38283 0.53674 0.03349 0.04695 ( 2)
 176 -   0.40707 0.51249 0.03561 0.04483 ( 2)
 177 -   0.39924 0.52033 0.03492 0.04551 ( 2)
 178 A   0.00002 0.98795 0.00000 0.01203 ( 2)
 179 N   0.00000 0.99225 0.00000 0.00775 ( 2)
 180 V   0.00033 0.86953 0.00026 0.12988 ( 2)
 181 N   0.98818 0.00034 0.01148 0.00000 ( 1)
 182 L   0.00000 0.97414 0.00000 0.02586 ( 2)
 183 N   0.00000 0.98976 0.00000 0.01024 ( 2)
 184 I   0.01526 0.97380 0.00015 0.01079 ( 2)
 185 L   0.96472 0.00677 0.02830 0.00021 ( 1)
 186 R   0.00008 0.98731 0.00000 0.01261 ( 2)
 187 A   0.00000 0.99029 0.00000 0.00971 ( 2)
 188 A   0.00000 0.98976 0.00000 0.01024 ( 2)
 189 I   0.98101 0.00757 0.01131 0.00010 ( 1)
 190 N   0.00000 0.98778 0.00000 0.01222 ( 2)
 191 E   0.00000 0.98904 0.00000 0.01096 ( 2)
 192 Y   0.98851 0.00000 0.01149 0.00000 ( 1)
 193 I   0.05234 0.93723 0.00049 0.00995 ( 2)
 194 T   0.99014 0.00160 0.00824 0.00002 ( 1)
 195 H   0.98796 0.00055 0.01148 0.00001 ( 1)
 196 C   0.99044 0.00001 0.00956 0.00000 ( 1)
 197 T   0.00001 0.98796 0.00000 0.01203 ( 2)
 198 R   0.00000 0.97962 0.00000 0.02038 ( 2)
 199 W   0.00003 0.94868 0.00000 0.05129 ( 2)
 200 Y   0.99086 0.00000 0.00913 0.00000 ( 1)
 201 Q   0.06399 0.92739 0.00049 0.00813 ( 2)
 202 D   0.00000 0.81942 0.00000 0.18058 ( 2)
 203 G   0.99148 0.00000 0.00852 0.00000 ( 1)
 204 L   0.98251 0.00012 0.01736 0.00000 ( 1)
 205 N   0.99131 0.00044 0.00825 0.00000 ( 1)
 206 R   0.00088 0.98889 0.00001 0.01023 ( 2)
 207 F   0.97814 0.00449 0.01729 0.00009 ( 1)
 208 D   0.07314 0.91436 0.00082 0.01168 ( 2)
 209 R   0.00000 0.98738 0.00000 0.01262 ( 2)
 210 S   0.00000 0.98497 0.00000 0.01503 ( 2)
 211 S   0.98969 0.00179 0.00851 0.00002 ( 1)
 212 R   0.32843 0.59114 0.02873 0.05171 ( 2)
 213 A   0.00273 0.97641 0.00005 0.02080 ( 2)
 214 N   0.00037 0.98992 0.00000 0.00971 ( 2)
 215 M   0.19795 0.79181 0.00185 0.00839 ( 2)
 216 N   0.00000 0.98594 0.00000 0.01406 ( 2)
 217 E   0.00000 0.99225 0.00000 0.00775 ( 2)
 218 W   0.96167 0.00406 0.03412 0.00015 ( 1)
 219 R   0.00009 0.98103 0.00000 0.01888 ( 2)
 220 R   0.60574 0.38184 0.00735 0.00507 ( 1)
 221 F   0.99087 0.00000 0.00913 0.00000 ( 1)
 222 N   0.99134 0.00001 0.00866 0.00000 ( 1)
 223 A   0.00050 0.98989 0.00000 0.00961 ( 2)
 224 Y   0.99083 0.00004 0.00913 0.00000 ( 1)
 225 R   0.98798 0.00003 0.01199 0.00000 ( 1)
 226 R   0.99014 0.00008 0.00978 0.00000 ( 1)
 227 D   0.99148 0.00027 0.00825 0.00000 ( 1)
 228 M   0.99248 0.00000 0.00752 0.00000 ( 1)
 229 T   0.98930 0.00000 0.01070 0.00000 ( 1)
 230 L   0.97924 0.00339 0.01731 0.00007 ( 1)
 231 S   0.00003 0.99145 0.00000 0.00852 ( 2)
 232 V   0.98756 0.00000 0.01244 0.00000 ( 1)
 233 L   0.98259 0.00004 0.01737 0.00000 ( 1)
 234 D   0.99175 0.00000 0.00825 0.00000 ( 1)
 235 F   0.97924 0.00120 0.01953 0.00003 ( 1)
 236 A   0.98585 0.00332 0.01079 0.00004 ( 1)
 237 T   0.43693 0.55163 0.00472 0.00672 ( 2)
 238 V   0.47849 0.47019 0.02505 0.02626 ( 1)
 239 F   0.99086 0.00001 0.00913 0.00000 ( 1)
 240 P   0.98394 0.00225 0.01378 0.00003 ( 1)
 241 T   0.00620 0.98338 0.00006 0.01036 ( 2)


lnL = -10816.608999

