Supplemental results for CODEML (seqf: algn  treef: tree)


dN/dS (w) for site classes (K=4)

site class             0        1       2a       2b
proportion       0.68863  0.24145  0.05177  0.01815
background w     0.11462  1.00000  0.11462  1.00000
foreground w     0.11462  1.00000  1.00000  1.00000

Naive Empirical Bayes (NEB) probabilities for 4 classes
(amino acids refer to 1st sequence: BT_Cry7Ba1)

   1 -   0.80652 0.12356 0.06063 0.00929 ( 1)
   2 -   0.88883 0.04126 0.06681 0.00310 ( 1)
   3 -   0.16580 0.76429 0.01246 0.05745 ( 2)
   4 -   0.01248 0.91761 0.00094 0.06898 ( 2)
   5 -   0.39109 0.53900 0.02940 0.04052 ( 2)
   6 -   0.89688 0.03321 0.06742 0.00250 ( 1)
   7 S   0.47552 0.45457 0.03575 0.03417 ( 1)
   8 K   0.46129 0.46879 0.03468 0.03524 ( 2)
   9 I   0.88936 0.04073 0.06685 0.00306 ( 1)
  10 L   0.65563 0.27446 0.04928 0.02063 ( 1)
  11 K   0.75471 0.17538 0.05673 0.01318 ( 1)
  12 E   0.45377 0.47631 0.03411 0.03580 ( 2)
  13 I   0.92430 0.00578 0.06948 0.00043 ( 1)
  14 L   0.73084 0.19925 0.05494 0.01498 ( 1)
  15 D   0.88697 0.04312 0.06667 0.00324 ( 1)
  16 Y   0.60112 0.32896 0.04519 0.02473 ( 1)
  17 L   0.91391 0.01618 0.06870 0.00122 ( 1)
  18 W   0.90831 0.02177 0.06828 0.00164 ( 1)
  19 P   0.92447 0.00562 0.06949 0.00042 ( 1)
  20 S   0.92147 0.00861 0.06927 0.00065 ( 1)
  21 S   0.15023 0.77985 0.01129 0.05862 ( 2)
  22 S   0.30403 0.62605 0.02285 0.04706 ( 2)
  23 S   0.51161 0.41848 0.03846 0.03146 ( 1)
  24 S   0.50338 0.42670 0.03784 0.03208 ( 1)
  25 N   0.30648 0.62360 0.02304 0.04688 ( 2)
  26 S   0.30881 0.62127 0.02321 0.04670 ( 2)
  27 W   0.90831 0.02177 0.06828 0.00164 ( 1)
  28 E   0.92472 0.00536 0.06951 0.00040 ( 1)
  29 E   0.08708 0.84301 0.00655 0.06337 ( 2)
  30 M   0.91535 0.01474 0.06881 0.00111 ( 1)
  31 M   0.91851 0.01157 0.06905 0.00087 ( 1)
  32 K   0.72250 0.20758 0.05431 0.01560 ( 1)
  33 E   0.44586 0.48423 0.03352 0.03640 ( 2)
  34 V   0.91360 0.01648 0.06868 0.00124 ( 1)
  35 E   0.92403 0.00606 0.06946 0.00046 ( 1)
  36 Y   0.65358 0.27650 0.04913 0.02078 ( 1)
  37 L   0.92230 0.00778 0.06933 0.00058 ( 1)
  38 I   0.84369 0.08640 0.06342 0.00649 ( 1)
  39 D   0.92663 0.00346 0.06966 0.00026 ( 1)
  40 K   0.88717 0.04291 0.06669 0.00323 ( 1)
  41 K   0.92578 0.00431 0.06959 0.00032 ( 1)
  42 I   0.92585 0.00424 0.06960 0.00032 ( 1)
  43 E   0.78062 0.14946 0.05868 0.01124 ( 1)
  44 E   0.87937 0.05072 0.06610 0.00381 ( 1)
  45 Y   0.84776 0.08232 0.06373 0.00619 ( 1)
  46 A   0.87322 0.05687 0.06564 0.00427 ( 1)
  47 R   0.92570 0.00438 0.06959 0.00033 ( 1)
  48 N   0.89554 0.03455 0.06732 0.00260 ( 1)
  49 K   0.85501 0.07507 0.06427 0.00564 ( 1)
  50 A   0.92356 0.00653 0.06942 0.00049 ( 1)
  51 L   0.81468 0.11540 0.06124 0.00868 ( 1)
  52 A   0.87268 0.05741 0.06560 0.00432 ( 1)
  53 V   0.12448 0.80560 0.00936 0.06056 ( 2)
  54 L   0.91412 0.01597 0.06872 0.00120 ( 1)
  55 E   0.28384 0.64625 0.02134 0.04858 ( 2)
  56 G   0.92567 0.00441 0.06958 0.00033 ( 1)
  57 I   0.87329 0.05680 0.06565 0.00427 ( 1)
  58 G   0.92581 0.00427 0.06959 0.00032 ( 1)
  59 N   0.83287 0.09721 0.06261 0.00731 ( 1)
  60 A   0.78756 0.14252 0.05920 0.01071 ( 1)
  61 V   0.48093 0.44916 0.03615 0.03376 ( 1)
  62 E   0.02567 0.90442 0.00193 0.06799 ( 2)
  63 S   0.19611 0.73397 0.01474 0.05517 ( 2)
  64 Y   0.92393 0.00616 0.06945 0.00046 ( 1)
  65 Y   0.56412 0.36597 0.04241 0.02751 ( 1)
  66 S   0.20279 0.72729 0.01524 0.05467 ( 2)
  67 A   0.86233 0.06776 0.06482 0.00509 ( 1)
  68 L   0.91415 0.01593 0.06872 0.00120 ( 1)
  69 E   0.86216 0.06792 0.06481 0.00511 ( 1)
  70 A   0.09201 0.83807 0.00692 0.06300 ( 2)
  71 W   0.90831 0.02177 0.06828 0.00164 ( 1)
  72 -   0.36107 0.56902 0.02714 0.04277 ( 2)
  73 E   0.87476 0.05532 0.06576 0.00416 ( 1)
  74 L   0.58761 0.34247 0.04417 0.02574 ( 1)
  75 E   0.09259 0.83749 0.00696 0.06296 ( 2)
  76 S   0.74884 0.18124 0.05629 0.01362 ( 1)
  77 S   0.80836 0.12172 0.06077 0.00915 ( 1)
  78 E   0.39961 0.53047 0.03004 0.03988 ( 2)
  79 R   0.91132 0.01877 0.06850 0.00141 ( 1)
  80 S   0.27388 0.65620 0.02059 0.04933 ( 2)
  81 L   0.68905 0.24103 0.05180 0.01812 ( 1)
  82 E   0.70824 0.22184 0.05324 0.01668 ( 1)
  83 L   0.86201 0.06807 0.06480 0.00512 ( 1)
  84 V   0.91922 0.01087 0.06910 0.00082 ( 1)
  85 L   0.04366 0.88643 0.00328 0.06663 ( 2)
  86 E   0.00169 0.92839 0.00013 0.06979 ( 2)
  87 R   0.88774 0.04235 0.06673 0.00318 ( 1)
  88 Y   0.84651 0.08358 0.06363 0.00628 ( 1)
  89 Q   0.00002 0.93007 0.00000 0.06991 ( 2)
  90 F   0.17595 0.75414 0.01323 0.05669 ( 2)
  91 A   0.64472 0.28537 0.04846 0.02145 ( 1)
  92 V   0.58074 0.34934 0.04365 0.02626 ( 1)
  93 Q   0.79461 0.13547 0.05973 0.01018 ( 1)
  94 F   0.80012 0.12997 0.06015 0.00977 ( 1)
  95 A   0.77757 0.15252 0.05845 0.01146 ( 1)
  96 R   0.71804 0.21205 0.05398 0.01594 ( 1)
  97 S   0.00100 0.92908 0.00008 0.06984 ( 2)
  98 S   0.00154 0.92855 0.00012 0.06980 ( 2)
  99 M   0.89749 0.03259 0.06747 0.00245 ( 1)
 100 P   0.92640 0.00368 0.06964 0.00028 ( 1)
 101 S   0.91573 0.01435 0.06884 0.00108 ( 1)
 102 F   0.92668 0.00340 0.06966 0.00026 ( 1)
 103 A   0.92429 0.00579 0.06948 0.00044 ( 1)
 104 I   0.47742 0.45267 0.03589 0.03403 ( 1)
 105 I   0.02473 0.90535 0.00186 0.06806 ( 2)
 106 N   0.67160 0.25848 0.05049 0.01943 ( 1)
 107 Y   0.57649 0.35359 0.04334 0.02658 ( 1)
 108 E   0.92395 0.00614 0.06945 0.00046 ( 1)
 109 I   0.90582 0.02426 0.06809 0.00182 ( 1)
 110 P   0.92262 0.00747 0.06935 0.00056 ( 1)
 111 L   0.91697 0.01311 0.06893 0.00099 ( 1)
 112 L   0.91697 0.01311 0.06893 0.00099 ( 1)
 113 A   0.43421 0.49588 0.03264 0.03728 ( 2)
 114 T   0.82457 0.10551 0.06198 0.00793 ( 1)
 115 Y   0.92363 0.00645 0.06943 0.00049 ( 1)
 116 A   0.92506 0.00502 0.06954 0.00038 ( 1)
 117 N   0.63750 0.29259 0.04792 0.02199 ( 1)
 118 A   0.92395 0.00613 0.06945 0.00046 ( 1)
 119 A   0.75815 0.17194 0.05699 0.01292 ( 1)
 120 N   0.92370 0.00638 0.06944 0.00048 ( 1)
 121 V   0.23994 0.69014 0.01804 0.05188 ( 2)
 122 H   0.92347 0.00662 0.06942 0.00050 ( 1)
 123 L   0.91502 0.01507 0.06878 0.00113 ( 1)
 124 L   0.90263 0.02745 0.06785 0.00206 ( 1)
 125 L   0.91697 0.01311 0.06893 0.00099 ( 1)
 126 M   0.82593 0.10415 0.06209 0.00783 ( 1)
 127 R   0.92392 0.00616 0.06945 0.00046 ( 1)
 128 D   0.92293 0.00716 0.06938 0.00054 ( 1)
 129 I   0.84091 0.08917 0.06321 0.00670 ( 1)
 130 Q   0.42935 0.50074 0.03227 0.03764 ( 2)
 131 I   0.92421 0.00588 0.06947 0.00044 ( 1)
 132 Y   0.89218 0.03790 0.06707 0.00285 ( 1)
 133 G   0.92430 0.00578 0.06948 0.00043 ( 1)
 134 D   0.73073 0.19935 0.05493 0.01499 ( 1)
 135 R   0.33925 0.59083 0.02550 0.04441 ( 2)
 136 W   0.90831 0.02177 0.06828 0.00164 ( 1)
 137 G   0.69364 0.23644 0.05214 0.01777 ( 1)
 138 I   0.79520 0.13489 0.05978 0.01014 ( 1)
 139 S   0.16215 0.76793 0.01219 0.05773 ( 2)
 140 Q   0.45580 0.47428 0.03426 0.03565 ( 2)
 141 N   0.00231 0.92778 0.00017 0.06974 ( 2)
 142 D   0.91196 0.01813 0.06855 0.00136 ( 1)
 143 M   0.79782 0.13227 0.05997 0.00994 ( 1)
 144 N   0.06744 0.86265 0.00507 0.06485 ( 2)
 145 L   0.07907 0.85102 0.00594 0.06397 ( 2)
 146 F   0.69018 0.23991 0.05188 0.01803 ( 1)
 147 L   0.57115 0.35893 0.04293 0.02698 ( 1)
 148 K   0.66675 0.26333 0.05012 0.01979 ( 1)
 149 E   0.52396 0.40612 0.03939 0.03053 ( 1)
 150 Q   0.92284 0.00724 0.06937 0.00054 ( 1)
 151 E   0.84404 0.08605 0.06345 0.00647 ( 1)
 152 I   0.01126 0.91882 0.00085 0.06907 ( 2)
 153 Y   0.09087 0.83922 0.00683 0.06309 ( 2)
 154 T   0.91997 0.01012 0.06916 0.00076 ( 1)
 155 S   0.40163 0.52845 0.03019 0.03972 ( 2)
 156 E   0.88597 0.04411 0.06660 0.00332 ( 1)
 157 Y   0.92123 0.00886 0.06925 0.00067 ( 1)
 158 S   0.75882 0.17126 0.05704 0.01287 ( 1)
 159 E   0.91482 0.01527 0.06877 0.00115 ( 1)
 160 H   0.77289 0.15716 0.05813 0.01181 ( 1)
 161 C   0.92054 0.00955 0.06920 0.00072 ( 1)
 162 V   0.42771 0.50237 0.03215 0.03776 ( 2)
 163 K   0.91974 0.01034 0.06914 0.00078 ( 1)
 164 W   0.90831 0.02177 0.06828 0.00164 ( 1)
 165 Y   0.91624 0.01385 0.06887 0.00104 ( 1)
 166 N   0.57441 0.35567 0.04318 0.02674 ( 1)
 167 E   0.47366 0.45642 0.03561 0.03431 ( 1)
 168 G   0.92217 0.00791 0.06932 0.00059 ( 1)
 169 L   0.91697 0.01311 0.06893 0.00099 ( 1)
 170 N   0.01509 0.91500 0.00113 0.06878 ( 2)
 171 Q   0.90240 0.02768 0.06783 0.00208 ( 1)
 172 L   0.91579 0.01430 0.06884 0.00107 ( 1)
 173 K   0.92578 0.00431 0.06959 0.00032 ( 1)
 174 T   0.73886 0.19123 0.05554 0.01437 ( 1)
 175 K   0.75089 0.17920 0.05644 0.01347 ( 1)
 176 G   0.74043 0.18966 0.05566 0.01426 ( 1)
 177 G   0.92371 0.00637 0.06944 0.00048 ( 1)
 178 A   0.86666 0.06342 0.06515 0.00477 ( 1)
 179 S   0.60198 0.32810 0.04525 0.02466 ( 1)
 180 G   0.88449 0.04560 0.06649 0.00343 ( 1)
 181 L   0.16030 0.76978 0.01205 0.05787 ( 2)
 182 V   0.05242 0.87766 0.00394 0.06598 ( 2)
 183 W   0.90831 0.02177 0.06828 0.00164 ( 1)
 184 E   0.31877 0.61132 0.02396 0.04595 ( 2)
 185 N   0.57207 0.35801 0.04300 0.02691 ( 1)
 186 Y   0.92393 0.00616 0.06945 0.00046 ( 1)
 187 N   0.87032 0.05977 0.06542 0.00449 ( 1)
 188 S   0.43423 0.49585 0.03264 0.03727 ( 2)
 189 F   0.91879 0.01130 0.06907 0.00085 ( 1)
 190 R   0.90954 0.02055 0.06837 0.00154 ( 1)
 191 T   0.89069 0.03939 0.06695 0.00296 ( 1)
 192 E   0.92122 0.00887 0.06925 0.00067 ( 1)
 193 M   0.92871 0.00138 0.06981 0.00010 ( 1)
 194 T   0.92472 0.00537 0.06951 0.00040 ( 1)
 195 I   0.09703 0.83306 0.00729 0.06262 ( 2)
 196 M   0.90057 0.02952 0.06770 0.00222 ( 1)
 197 V   0.92168 0.00841 0.06928 0.00063 ( 1)
 198 L   0.91697 0.01311 0.06893 0.00099 ( 1)
 199 D   0.92663 0.00346 0.06966 0.00026 ( 1)
 200 L   0.90100 0.02908 0.06773 0.00219 ( 1)
 201 V   0.92099 0.00910 0.06923 0.00068 ( 1)
 202 A   0.92338 0.00670 0.06941 0.00050 ( 1)
 203 I   0.87480 0.05528 0.06576 0.00416 ( 1)
 204 F   0.92668 0.00340 0.06966 0.00026 ( 1)
 205 P   0.92640 0.00368 0.06964 0.00028 ( 1)
 206 A   0.47106 0.45903 0.03541 0.03451 ( 1)


lnL = -2324.473130

