Supplemental results for CODEML (seqf: algn  treef: tree)


dN/dS (w) for site classes (K=4)

site class             0        1       2a       2b
proportion       0.68800  0.29221  0.01389  0.00590
background w     0.06399  1.00000  0.06399  1.00000
foreground w     0.06399  1.00000 37.92560 37.92560

Naive Empirical Bayes (NEB) probabilities for 4 classes
(amino acids refer to 1st sequence: BT_Cry1Ca11)

   1 N   0.92159 0.07182 0.00609 0.00049 ( 1)
   2 F   0.98058 0.01669 0.00268 0.00005 ( 1)
   3 V   0.97412 0.02253 0.00326 0.00009 ( 1)
   4 P   0.96656 0.02982 0.00350 0.00012 ( 1)
   5 G   0.89798 0.09393 0.00730 0.00079 ( 1)
   6 G   0.96513 0.03201 0.00276 0.00010 ( 1)
   7 G   0.93314 0.06398 0.00267 0.00021 ( 1)
   8 F   0.98058 0.01669 0.00268 0.00005 ( 1)
   9 L   0.57480 0.42004 0.00289 0.00227 ( 1)
  10 V   0.08672 0.90891 0.00033 0.00404 ( 2)
  11 G   0.97705 0.02009 0.00279 0.00007 ( 1)
  12 L   0.94750 0.04768 0.00457 0.00025 ( 1)
  13 I   0.00004 0.95037 0.00006 0.04952 ( 2)
  14 D   0.98472 0.01286 0.00239 0.00004 ( 1)
  15 F   0.04244 0.95410 0.00013 0.00333 ( 2)
  16 V   0.83290 0.16342 0.00298 0.00070 ( 1)
  17 W   0.85736 0.13247 0.00879 0.00138 ( 1)
  18 G   0.94480 0.05233 0.00270 0.00017 ( 1)
  19 I   0.24423 0.75219 0.00077 0.00281 ( 2)
  20 V   0.44768 0.54692 0.00195 0.00346 ( 2)
  21 G   0.58470 0.40400 0.00663 0.00467 ( 1)
  22 P   0.96275 0.03344 0.00367 0.00014 ( 1)
  23 S   0.96797 0.02857 0.00335 0.00011 ( 1)
  24 Q   0.00023 0.90086 0.00077 0.09814 ( 2)
  25 W   0.85736 0.13247 0.00879 0.00138 ( 1)
  26 D   0.71908 0.27833 0.00175 0.00083 ( 1)
  27 A   0.11010 0.88655 0.00032 0.00303 ( 2)
  28 F   0.98058 0.01669 0.00268 0.00005 ( 1)
  29 L   0.95712 0.03787 0.00481 0.00020 ( 1)
  30 V   0.15735 0.83286 0.00146 0.00833 ( 2)
  31 Q   0.91897 0.07678 0.00391 0.00035 ( 1)
  32 I   0.97810 0.01891 0.00292 0.00007 ( 1)
  33 E   0.98090 0.01622 0.00282 0.00006 ( 1)
  34 Q   0.25045 0.74500 0.00107 0.00349 ( 2)
  35 L   0.91626 0.07890 0.00443 0.00041 ( 1)
  36 I   0.97810 0.01891 0.00292 0.00007 ( 1)
  37 N   0.87469 0.12285 0.00210 0.00035 ( 1)
  38 E   0.09226 0.90409 0.00028 0.00336 ( 2)
  39 R   0.98017 0.01723 0.00254 0.00005 ( 1)
  40 I   0.98231 0.01492 0.00271 0.00005 ( 1)
  41 A   0.56496 0.43197 0.00160 0.00147 ( 1)
  42 E   0.01079 0.95985 0.00024 0.02911 ( 2)
  43 F   0.00443 0.92121 0.00682 0.06754 ( 2)
  44 A   0.79565 0.20132 0.00235 0.00068 ( 1)
  45 R   0.96261 0.03074 0.00644 0.00021 ( 1)
  46 N   0.00486 0.58000 0.03227 0.38287 ( 2)
  47 A   0.17490 0.82080 0.00056 0.00374 ( 2)
  48 A   0.97988 0.01686 0.00318 0.00007 ( 1)
  49 I   0.94096 0.05602 0.00282 0.00020 ( 1)
  50 A   0.02099 0.88164 0.04241 0.05495 ( 2)
  51 N   0.30881 0.68840 0.00077 0.00203 ( 2)
  52 L   0.94750 0.04768 0.00457 0.00025 ( 1)
  53 E   0.98090 0.01622 0.00282 0.00006 ( 1)
  54 G   0.97679 0.02035 0.00279 0.00007 ( 1)
  55 L   0.94750 0.04768 0.00457 0.00025 ( 1)
  56 G   0.94480 0.05233 0.00270 0.00017 ( 1)
  57 N   0.15104 0.84213 0.00101 0.00582 ( 2)
  58 N   0.79600 0.20162 0.00181 0.00057 ( 1)
  59 F   0.07330 0.91855 0.00059 0.00757 ( 2)
  60 N   0.11655 0.88054 0.00029 0.00262 ( 2)
  61 I   0.67602 0.32097 0.00187 0.00114 ( 1)
  62 Y   0.94803 0.04841 0.00337 0.00019 ( 1)
  63 V   0.02698 0.96475 0.00022 0.00805 ( 2)
  64 E   0.97133 0.02578 0.00280 0.00009 ( 1)
  65 A   0.98088 0.01647 0.00260 0.00005 ( 1)
  66 F   0.98058 0.01669 0.00268 0.00005 ( 1)
  67 K   0.98142 0.01587 0.00266 0.00005 ( 1)
  68 E   0.97708 0.02004 0.00281 0.00007 ( 1)
  69 W   0.85736 0.13247 0.00879 0.00138 ( 1)
  70 E   0.98090 0.01622 0.00282 0.00006 ( 1)
  71 E   0.00014 0.97443 0.00001 0.02541 ( 2)
  72 D   0.14843 0.84859 0.00036 0.00262 ( 2)
  73 P   0.96400 0.03220 0.00368 0.00013 ( 1)
  74 N   0.78324 0.19118 0.02184 0.00374 ( 1)
  75 N   0.96022 0.03748 0.00220 0.00010 ( 1)
  76 P   0.00260 0.99339 0.00001 0.00400 ( 2)
  77 A   0.03160 0.89094 0.04025 0.03721 ( 2)
  78 T   0.63891 0.34964 0.00736 0.00409 ( 1)
  79 R   0.30365 0.68952 0.00203 0.00480 ( 2)
  80 T   0.04135 0.95494 0.00013 0.00358 ( 2)
  81 R   0.98017 0.01723 0.00254 0.00005 ( 1)
  82 V   0.97386 0.02279 0.00325 0.00010 ( 1)
  83 I   0.04965 0.86189 0.05906 0.02940 ( 2)
  84 D   0.73860 0.25882 0.00179 0.00079 ( 1)
  85 R   0.81301 0.17350 0.01110 0.00239 ( 1)
  86 F   0.98058 0.01669 0.00268 0.00005 ( 1)
  87 R   0.95990 0.03610 0.00384 0.00015 ( 1)
  88 I   0.98231 0.01492 0.00271 0.00005 ( 1)
  89 L   0.69886 0.29791 0.00220 0.00103 ( 1)
  90 D   0.98535 0.01222 0.00239 0.00004 ( 1)
  91 G   0.58390 0.40793 0.00475 0.00343 ( 1)
  92 L   0.49449 0.50034 0.00249 0.00268 ( 2)
  93 L   0.68309 0.31358 0.00221 0.00112 ( 1)
  94 E   0.98090 0.01622 0.00282 0.00006 ( 1)
  95 R   0.08515 0.90788 0.00058 0.00639 ( 2)
  96 D   0.77906 0.21470 0.00486 0.00139 ( 1)
  97 I   0.88885 0.10160 0.00854 0.00101 ( 1)
  98 P   0.96335 0.03285 0.00367 0.00013 ( 1)
  99 S   0.92077 0.07372 0.00505 0.00045 ( 1)
 100 F   0.98058 0.01669 0.00268 0.00005 ( 1)
 101 R   0.87333 0.11982 0.00600 0.00085 ( 1)
 102 I   0.71660 0.28023 0.00215 0.00102 ( 1)
 103 S   0.00002 0.94827 0.00004 0.05167 ( 2)
 104 G   0.97705 0.02009 0.00279 0.00007 ( 1)
 105 F   0.98058 0.01669 0.00268 0.00005 ( 1)
 106 E   0.98090 0.01622 0.00282 0.00006 ( 1)
 107 V   0.94541 0.05121 0.00317 0.00021 ( 1)
 108 P   0.92373 0.06303 0.01239 0.00085 ( 1)
 109 L   0.97235 0.02450 0.00306 0.00008 ( 1)
 110 L   0.94320 0.05198 0.00455 0.00027 ( 1)
 111 S   0.28097 0.70631 0.00359 0.00913 ( 2)
 112 V   0.97203 0.02451 0.00335 0.00010 ( 1)
 113 Y   0.96881 0.02764 0.00345 0.00011 ( 1)
 114 A   0.04261 0.95409 0.00012 0.00318 ( 2)
 115 Q   0.95813 0.03763 0.00407 0.00017 ( 1)
 116 A   0.96280 0.02921 0.00774 0.00024 ( 1)
 117 A   0.95151 0.03740 0.01067 0.00043 ( 1)
 118 N   0.98571 0.01202 0.00224 0.00003 ( 1)
 119 L   0.88803 0.09650 0.01382 0.00166 ( 1)
 120 H   0.97903 0.01831 0.00261 0.00005 ( 1)
 121 L   0.88782 0.10716 0.00446 0.00057 ( 1)
 122 A   0.97899 0.01822 0.00273 0.00006 ( 1)
 123 I   0.61510 0.38169 0.00180 0.00140 ( 1)
 124 L   0.93304 0.06212 0.00451 0.00032 ( 1)
 125 R   0.98017 0.01723 0.00254 0.00005 ( 1)
 126 D   0.98535 0.01222 0.00239 0.00004 ( 1)
 127 S   0.96797 0.02857 0.00335 0.00011 ( 1)
 128 V   0.00085 0.03752 0.93286 0.02878 ( 3)
 129 I   0.76083 0.23603 0.00227 0.00086 ( 1)
 130 F   0.97880 0.01847 0.00267 0.00006 ( 1)
 131 G   0.97705 0.02009 0.00279 0.00007 ( 1)
 132 E   0.21191 0.28963 0.47639 0.02207 ( 3)
 133 R   0.98017 0.01723 0.00254 0.00005 ( 1)
 134 W   0.85736 0.13247 0.00879 0.00138 ( 1)
 135 G   0.97705 0.02009 0.00279 0.00007 ( 1)
 136 L   0.89058 0.10113 0.00742 0.00087 ( 1)
 137 T   0.54538 0.45190 0.00140 0.00132 ( 1)
 138 T   0.97431 0.02161 0.00396 0.00012 ( 1)
 139 I   0.16135 0.83514 0.00047 0.00305 ( 2)
 140 N   0.98571 0.01202 0.00224 0.00003 ( 1)
 141 V   0.85495 0.13403 0.00950 0.00152 ( 1)
 142 N   0.98571 0.01202 0.00224 0.00003 ( 1)
 143 E   0.84387 0.15308 0.00250 0.00055 ( 1)
 144 N   0.34557 0.64766 0.00230 0.00447 ( 2)
 145 Y   0.96881 0.02764 0.00345 0.00011 ( 1)
 146 N   0.98571 0.01202 0.00224 0.00003 ( 1)
 147 R   0.96608 0.02478 0.00891 0.00023 ( 1)
 148 L   0.51141 0.48326 0.00266 0.00267 ( 1)
 149 I   0.73110 0.26574 0.00219 0.00097 ( 1)
 150 R   0.06905 0.92408 0.00046 0.00640 ( 2)
 151 H   0.00073 0.99618 0.00000 0.00308 ( 2)
 152 I   0.97810 0.01891 0.00292 0.00007 ( 1)
 153 D   0.01049 0.98634 0.00003 0.00314 ( 2)
 154 E   0.98090 0.01622 0.00282 0.00006 ( 1)
 155 Y   0.96881 0.02764 0.00345 0.00011 ( 1)
 156 A   0.05031 0.94610 0.00016 0.00343 ( 2)
 157 D   0.00095 0.98014 0.00007 0.01884 ( 2)
 158 H   0.95062 0.04000 0.00899 0.00039 ( 1)
 159 C   0.94749 0.04908 0.00325 0.00018 ( 1)
 160 A   0.80321 0.19393 0.00223 0.00063 ( 1)
 161 N   0.78324 0.19118 0.02184 0.00374 ( 1)
 162 T   0.89641 0.09546 0.00733 0.00080 ( 1)
 163 Y   0.96881 0.02764 0.00345 0.00011 ( 1)
 164 N   0.70866 0.28892 0.00162 0.00080 ( 1)
 165 R   0.32083 0.66747 0.00375 0.00795 ( 2)
 166 G   0.81692 0.18002 0.00245 0.00061 ( 1)
 167 L   0.94187 0.05329 0.00456 0.00028 ( 1)
 168 N   0.30881 0.68840 0.00077 0.00203 ( 2)
 169 N   0.10727 0.88972 0.00027 0.00273 ( 2)
 170 L   0.93970 0.05545 0.00456 0.00029 ( 1)
 171 P   0.00182 0.99327 0.00001 0.00490 ( 2)
 172 K   0.03978 0.95662 0.00012 0.00347 ( 2)
 173 S   0.00127 0.99473 0.00000 0.00400 ( 2)
 174 T   0.51711 0.47462 0.00425 0.00403 ( 1)
 175 Y   0.00388 0.99187 0.00001 0.00423 ( 2)
 176 Q   0.04078 0.95450 0.00018 0.00454 ( 2)
 177 D   0.07414 0.92264 0.00020 0.00302 ( 2)
 178 W   0.85736 0.13247 0.00879 0.00138 ( 1)
 179 I   0.12526 0.87120 0.00037 0.00318 ( 2)
 180 T   0.83482 0.16243 0.00224 0.00050 ( 1)
 181 Y   0.96881 0.02764 0.00345 0.00011 ( 1)
 182 N   0.98571 0.01202 0.00224 0.00003 ( 1)
 183 R   0.38141 0.61142 0.00271 0.00446 ( 2)
 184 L   0.72711 0.26789 0.00358 0.00142 ( 1)
 185 R   0.93252 0.05593 0.01089 0.00066 ( 1)
 186 R   0.97705 0.02036 0.00253 0.00006 ( 1)
 187 D   0.75050 0.24325 0.00467 0.00157 ( 1)
 188 L   0.93704 0.05811 0.00454 0.00031 ( 1)
 189 T   0.98071 0.01673 0.00252 0.00005 ( 1)
 190 L   0.93293 0.05987 0.00670 0.00050 ( 1)
 191 T   0.96843 0.02882 0.00266 0.00009 ( 1)
 192 V   0.97386 0.02279 0.00325 0.00010 ( 1)
 193 L   0.94750 0.04768 0.00457 0.00025 ( 1)
 194 D   0.98535 0.01222 0.00239 0.00004 ( 1)
 195 I   0.95771 0.03272 0.00925 0.00032 ( 1)
 196 A   0.43489 0.56087 0.00163 0.00262 ( 2)
 197 A   0.97899 0.01822 0.00273 0.00006 ( 1)
 198 F   0.00626 0.98556 0.00005 0.00813 ( 2)
 199 F   0.94723 0.05001 0.00260 0.00016 ( 1)
 200 P   0.91918 0.07719 0.00333 0.00030 ( 1)
 201 N   0.12450 0.29513 0.53596 0.04441 ( 3)


lnL = -1832.250053

Bayes Empirical Bayes (BEB) probabilities for 4 classes (class)
(amino acids refer to 1st sequence: BT_Cry1Ca11)

   1 N   0.84267 0.07087 0.07962 0.00683 ( 1)
   2 F   0.90951 0.01620 0.07289 0.00139 ( 1)
   3 V   0.90530 0.02187 0.07096 0.00187 ( 1)
   4 P   0.89098 0.02925 0.07713 0.00264 ( 1)
   5 G   0.81901 0.09280 0.07910 0.00910 ( 1)
   6 G   0.89357 0.03132 0.07240 0.00271 ( 1)
   7 G   0.86142 0.06331 0.06980 0.00547 ( 1)
   8 F   0.90951 0.01620 0.07289 0.00139 ( 1)
   9 L   0.46262 0.45407 0.04124 0.04207 ( 1)
  10 V   0.04955 0.87083 0.00400 0.07562 ( 2)
  11 G   0.90541 0.01954 0.07336 0.00169 ( 1)
  12 L   0.87166 0.04685 0.07718 0.00432 ( 1)
  13 I   0.00002 0.85582 0.00006 0.14411 ( 2)
  14 D   0.91737 0.01238 0.06923 0.00103 ( 1)
  15 F   0.02320 0.89728 0.00188 0.07764 ( 2)
  16 V   0.73539 0.19004 0.05827 0.01629 ( 1)
  17 W   0.77819 0.13101 0.07763 0.01317 ( 1)
  18 G   0.87309 0.05169 0.07075 0.00447 ( 1)
  19 I   0.15180 0.77174 0.01169 0.06477 ( 2)
  20 V   0.34902 0.57406 0.02755 0.04937 ( 2)
  21 G   0.47144 0.43646 0.04769 0.04441 ( 1)
  22 P   0.88651 0.03280 0.07770 0.00299 ( 1)
  23 S   0.89312 0.02797 0.07640 0.00251 ( 1)
  24 Q   0.00009 0.81087 0.00059 0.18845 ( 2)
  25 W   0.77819 0.13101 0.07763 0.01317 ( 1)
  26 D   0.61269 0.31506 0.04622 0.02603 ( 1)
  27 A   0.06369 0.85777 0.00508 0.07347 ( 2)
  28 F   0.90951 0.01620 0.07289 0.00139 ( 1)
  29 L   0.88007 0.03705 0.07943 0.00346 ( 1)
  30 V   0.09340 0.81857 0.00872 0.07932 ( 2)
  31 Q   0.84260 0.07596 0.07446 0.00697 ( 1)
  32 I   0.90870 0.01830 0.07144 0.00156 ( 1)
  33 E   0.91251 0.01567 0.07050 0.00132 ( 1)
  34 Q   0.18139 0.73470 0.01608 0.06784 ( 2)
  35 L   0.84040 0.07799 0.07443 0.00718 ( 1)
  36 I   0.90870 0.01830 0.07144 0.00156 ( 1)
  37 N   0.78326 0.14465 0.06004 0.01205 ( 1)
  38 E   0.05309 0.86921 0.00412 0.07358 ( 2)
  39 R   0.90838 0.01675 0.07342 0.00144 ( 1)
  40 I   0.91503 0.01436 0.06941 0.00120 ( 1)
  41 A   0.45308 0.46995 0.03639 0.04058 ( 2)
  42 E   0.00482 0.87746 0.00060 0.11712 ( 2)
  43 F   0.00190 0.82482 0.00794 0.16535 ( 2)
  44 A   0.69211 0.23199 0.05588 0.02002 ( 1)
  45 R   0.88368 0.02995 0.08348 0.00289 ( 1)
  46 N   0.00295 0.73153 0.01476 0.25075 ( 2)
  47 A   0.10468 0.81679 0.00832 0.07021 ( 2)
  48 A   0.91030 0.01635 0.07195 0.00139 ( 1)
  49 I   0.87145 0.05532 0.06852 0.00470 ( 1)
  50 A   0.01050 0.78950 0.05941 0.14058 ( 2)
  51 N   0.19809 0.72608 0.01522 0.06061 ( 2)
  52 L   0.87166 0.04685 0.07718 0.00432 ( 1)
  53 E   0.91251 0.01567 0.07050 0.00132 ( 1)
  54 G   0.90516 0.01979 0.07334 0.00171 ( 1)
  55 L   0.87166 0.04685 0.07718 0.00432 ( 1)
  56 G   0.87309 0.05169 0.07075 0.00447 ( 1)
  57 N   0.08874 0.82292 0.00844 0.07989 ( 2)
  58 N   0.69556 0.23221 0.05292 0.01931 ( 1)
  59 F   0.04135 0.86876 0.00403 0.08586 ( 2)
  60 N   0.06776 0.85563 0.00519 0.07142 ( 2)
  61 I   0.57070 0.35627 0.04327 0.02976 ( 1)
  62 Y   0.87423 0.04770 0.07383 0.00424 ( 1)
  63 V   0.01442 0.89611 0.00139 0.08808 ( 2)
  64 E   0.90303 0.02508 0.06977 0.00212 ( 1)
  65 A   0.91085 0.01596 0.07184 0.00136 ( 1)
  66 F   0.90951 0.01620 0.07289 0.00139 ( 1)
  67 K   0.91233 0.01534 0.07103 0.00130 ( 1)
  68 E   0.90874 0.01941 0.07021 0.00164 ( 1)
  69 W   0.77819 0.13101 0.07763 0.01317 ( 1)
  70 E   0.91251 0.01567 0.07050 0.00132 ( 1)
  71 E   0.00005 0.88813 0.00002 0.11180 ( 2)
  72 D   0.08896 0.83513 0.00670 0.06921 ( 2)
  73 P   0.88771 0.03160 0.07781 0.00288 ( 1)
  74 N   0.64657 0.20797 0.11810 0.02736 ( 1)
  75 N   0.89213 0.03691 0.06791 0.00306 ( 1)
  76 P   0.00114 0.91548 0.00010 0.08327 ( 2)
  77 A   0.01576 0.76128 0.08844 0.13453 ( 2)
  78 T   0.52405 0.38382 0.05307 0.03907 ( 1)
  79 R   0.22445 0.68759 0.02130 0.06667 ( 2)
  80 T   0.02309 0.89610 0.00191 0.07889 ( 2)
  81 R   0.90838 0.01675 0.07342 0.00144 ( 1)
  82 V   0.90510 0.02207 0.07094 0.00189 ( 1)
  83 I   0.02467 0.73229 0.13017 0.11288 ( 2)
  84 D   0.63490 0.29293 0.04789 0.02427 ( 1)
  85 R   0.73570 0.17066 0.07601 0.01762 ( 1)
  86 F   0.90951 0.01620 0.07289 0.00139 ( 1)
  87 R   0.88316 0.03548 0.07811 0.00325 ( 1)
  88 I   0.91503 0.01436 0.06941 0.00120 ( 1)
  89 L   0.58685 0.33409 0.04941 0.02964 ( 1)
  90 D   0.91799 0.01176 0.06928 0.00097 ( 1)
  91 G   0.47081 0.44027 0.04559 0.04332 ( 1)
  92 L   0.38782 0.52769 0.03509 0.04940 ( 2)
  93 L   0.57022 0.35050 0.04811 0.03117 ( 1)
  94 E   0.91251 0.01567 0.07050 0.00132 ( 1)
  95 R   0.04818 0.86335 0.00458 0.08389 ( 2)
  96 D   0.66901 0.24475 0.06276 0.02349 ( 1)
  97 I   0.81052 0.10028 0.07922 0.00998 ( 1)
  98 P   0.88706 0.03225 0.07775 0.00294 ( 1)
  99 S   0.84423 0.07275 0.07619 0.00682 ( 1)
 100 F   0.90951 0.01620 0.07289 0.00139 ( 1)
 101 R   0.79483 0.11855 0.07518 0.01144 ( 1)
 102 I   0.61065 0.31451 0.04801 0.02682 ( 1)
 103 S   0.00001 0.85542 0.00004 0.14454 ( 2)
 104 G   0.90541 0.01954 0.07336 0.00169 ( 1)
 105 F   0.90951 0.01620 0.07289 0.00139 ( 1)
 106 E   0.91251 0.01567 0.07050 0.00132 ( 1)
 107 V   0.87652 0.05047 0.06871 0.00430 ( 1)
 108 P   0.84461 0.06204 0.08697 0.00639 ( 1)
 109 L   0.89836 0.02394 0.07557 0.00212 ( 1)
 110 L   0.86740 0.05109 0.07680 0.00471 ( 1)
 111 S   0.20545 0.70107 0.02115 0.07233 ( 2)
 112 V   0.90226 0.02378 0.07191 0.00205 ( 1)
 113 Y   0.89501 0.02701 0.07557 0.00240 ( 1)
 114 A   0.02356 0.89716 0.00189 0.07739 ( 2)
 115 Q   0.88173 0.03698 0.07790 0.00339 ( 1)
 116 A   0.88381 0.02839 0.08502 0.00278 ( 1)
 117 A   0.87214 0.03647 0.08770 0.00369 ( 1)
 118 N   0.91762 0.01158 0.06983 0.00096 ( 1)
 119 L   0.81407 0.09560 0.08069 0.00964 ( 1)
 120 H   0.90601 0.01784 0.07459 0.00156 ( 1)
 121 L   0.81088 0.10603 0.07321 0.00989 ( 1)
 122 A   0.90796 0.01769 0.07282 0.00152 ( 1)
 123 I   0.50605 0.42024 0.03855 0.03516 ( 1)
 124 L   0.85719 0.06126 0.07591 0.00564 ( 1)
 125 R   0.90838 0.01675 0.07342 0.00144 ( 1)
 126 D   0.91799 0.01176 0.06928 0.00097 ( 1)
 127 S   0.89312 0.02797 0.07640 0.00251 ( 1)
 128 V   0.00189 0.15012 0.79893 0.04906 ( 3)
 129 I   0.65681 0.26864 0.05164 0.02291 ( 1)
 130 F   0.90776 0.01795 0.07275 0.00154 ( 1)
 131 G   0.90541 0.01954 0.07336 0.00169 ( 1)
 132 E   0.11624 0.21825 0.62884 0.03666 ( 3)
 133 R   0.90838 0.01675 0.07342 0.00144 ( 1)
 134 W   0.77819 0.13101 0.07763 0.01317 ( 1)
 135 G   0.90541 0.01954 0.07336 0.00169 ( 1)
 136 L   0.81144 0.09995 0.07877 0.00984 ( 1)
 137 T   0.43753 0.48597 0.03494 0.04155 ( 2)
 138 T   0.90361 0.02105 0.07350 0.00184 ( 1)
 139 I   0.09685 0.82663 0.00738 0.06914 ( 2)
 140 N   0.91762 0.01158 0.06983 0.00096 ( 1)
 141 V   0.77646 0.13228 0.07791 0.01336 ( 1)
 142 N   0.91762 0.01158 0.06983 0.00096 ( 1)
 143 E   0.74814 0.17874 0.05802 0.01510 ( 1)
 144 N   0.25795 0.65415 0.02448 0.06342 ( 2)
 145 Y   0.89501 0.02701 0.07557 0.00240 ( 1)
 146 N   0.91762 0.01158 0.06983 0.00096 ( 1)
 147 R   0.89064 0.02413 0.08291 0.00232 ( 1)
 148 L   0.40272 0.51261 0.03656 0.04810 ( 2)
 149 I   0.62506 0.30018 0.04915 0.02561 ( 1)
 150 R   0.03888 0.87273 0.00370 0.08470 ( 2)
 151 H   0.00028 0.91912 0.00002 0.08058 ( 2)
 152 I   0.90870 0.01830 0.07144 0.00156 ( 1)
 153 D   0.00474 0.91862 0.00036 0.07628 ( 2)
 154 E   0.91251 0.01567 0.07050 0.00132 ( 1)
 155 Y   0.89501 0.02701 0.07557 0.00240 ( 1)
 156 A   0.02804 0.89218 0.00228 0.07750 ( 2)
 157 D   0.00035 0.88101 0.00016 0.11847 ( 2)
 158 H   0.87095 0.03912 0.08603 0.00390 ( 1)
 159 C   0.87260 0.04836 0.07470 0.00433 ( 1)
 160 A   0.70124 0.22403 0.05562 0.01911 ( 1)
 161 N   0.64657 0.20797 0.11810 0.02736 ( 1)
 162 T   0.81734 0.09431 0.07909 0.00926 ( 1)
 163 Y   0.89501 0.02701 0.07557 0.00240 ( 1)
 164 N   0.60108 0.32614 0.04573 0.02704 ( 1)
 165 R   0.23871 0.66859 0.02429 0.06840 ( 2)
 166 G   0.71492 0.20866 0.05831 0.01811 ( 1)
 167 L   0.86610 0.05238 0.07669 0.00483 ( 1)
 168 N   0.19809 0.72608 0.01522 0.06061 ( 2)
 169 N   0.06203 0.86111 0.00477 0.07209 ( 2)
 170 L   0.86392 0.05455 0.07650 0.00503 ( 1)
 171 P   0.00080 0.91451 0.00007 0.08462 ( 2)
 172 K   0.02173 0.89977 0.00171 0.07678 ( 2)
 173 S   0.00056 0.91650 0.00005 0.08290 ( 2)
 174 T   0.40765 0.50313 0.03958 0.04963 ( 2)
 175 Y   0.00172 0.91581 0.00015 0.08232 ( 2)
 176 Q   0.02253 0.89284 0.00201 0.08262 ( 2)
 177 D   0.04218 0.88125 0.00321 0.07337 ( 2)
 178 W   0.77819 0.13101 0.07763 0.01317 ( 1)
 179 I   0.07353 0.84982 0.00559 0.07106 ( 2)
 180 T   0.73575 0.18896 0.05906 0.01622 ( 1)
 181 Y   0.89501 0.02701 0.07557 0.00240 ( 1)
 182 N   0.91762 0.01158 0.06983 0.00096 ( 1)
 183 R   0.28773 0.62416 0.02744 0.06068 ( 2)
 184 L   0.61477 0.30259 0.05468 0.02796 ( 1)
 185 R   0.85335 0.05472 0.08637 0.00556 ( 1)
 186 R   0.90528 0.01983 0.07317 0.00171 ( 1)
 187 D   0.63843 0.27524 0.05991 0.02642 ( 1)
 188 L   0.86130 0.05716 0.07627 0.00527 ( 1)
 189 T   0.90974 0.01623 0.07264 0.00139 ( 1)
 190 L   0.85834 0.05901 0.07712 0.00553 ( 1)
 191 T   0.89661 0.02818 0.07277 0.00244 ( 1)
 192 V   0.90510 0.02207 0.07094 0.00189 ( 1)
 193 L   0.87166 0.04685 0.07718 0.00432 ( 1)
 194 D   0.91799 0.01176 0.06928 0.00097 ( 1)
 195 I   0.87843 0.03175 0.08665 0.00316 ( 1)
 196 A   0.33657 0.58313 0.02803 0.05227 ( 2)
 197 A   0.90796 0.01769 0.07282 0.00152 ( 1)
 198 F   0.00278 0.90725 0.00027 0.08970 ( 2)
 199 F   0.87613 0.04941 0.07023 0.00423 ( 1)
 200 P   0.84359 0.07646 0.07305 0.00691 ( 1)
 201 N   0.08654 0.28611 0.56720 0.06015 ( 3)

