Supplemental results for CODEML (seqf: algn  treef: tree)


dN/dS (w) for site classes (K=4)

site class             0        1       2a       2b
proportion       0.64535  0.19915  0.11883  0.03667
background w     0.12003  1.00000  0.12003  1.00000
foreground w     0.12003  1.00000  1.00000  1.00000

Naive Empirical Bayes (NEB) probabilities for 4 classes
(amino acids refer to 1st sequence: BT_Cry18Aa1)

   1 N   0.79120 0.05330 0.14569 0.00981 ( 1)
   2 Q   0.79172 0.05277 0.14578 0.00972 ( 1)
   3 N   0.79120 0.05330 0.14569 0.00981 ( 1)
   4 G   0.81883 0.02567 0.15078 0.00473 ( 1)
   5 T   0.78492 0.05958 0.14453 0.01097 ( 1)
   6 M   0.83069 0.01381 0.15296 0.00254 ( 1)
   7 I   0.84565 0.00014 0.15419 0.00003 ( 1)
   8 H   0.84864 0.00000 0.15135 0.00000 ( 1)
   9 Q   0.58596 0.25918 0.10714 0.04772 ( 1)
  10 A   0.82343 0.02198 0.15054 0.00405 ( 1)
  11 P   0.84668 0.00010 0.15320 0.00002 ( 1)
  12 P   0.00000 0.84450 0.00000 0.15550 ( 2)
  13 D   0.85043 0.00015 0.14939 0.00003 ( 1)
  14 G   0.83934 0.00903 0.14997 0.00166 ( 1)
  15 T   0.84647 0.00192 0.15126 0.00035 ( 1)
  16 G   0.84738 0.00002 0.15260 0.00000 ( 1)
  17 F   0.84864 0.00002 0.15134 0.00000 ( 1)
  18 T   0.85035 0.00010 0.14953 0.00002 ( 1)
  19 V   0.63128 0.21642 0.11245 0.03985 ( 1)
  20 S   0.83424 0.01083 0.15294 0.00199 ( 1)
  21 P   0.84664 0.00015 0.15319 0.00003 ( 1)
  22 L   0.84737 0.00142 0.15095 0.00026 ( 1)
  23 H   0.84861 0.00003 0.15135 0.00001 ( 1)
  24 P   0.66511 0.18019 0.12153 0.03318 ( 1)
  25 S   0.82778 0.02251 0.14556 0.00415 ( 1)
  26 A   0.04894 0.79568 0.00887 0.14651 ( 2)
  27 -   0.67938 0.16590 0.12418 0.03055 ( 1)
  28 -   0.84917 0.00178 0.14873 0.00033 ( 1)
  29 N   0.84984 0.00111 0.14884 0.00020 ( 1)
  30 T   0.29078 0.55445 0.05268 0.10209 ( 2)
  31 I   0.06060 0.78432 0.01066 0.14442 ( 2)
  32 T   0.02466 0.81987 0.00450 0.15097 ( 2)
  33 S   0.66251 0.18503 0.11839 0.03407 ( 1)
  34 Y   0.84800 0.00066 0.15122 0.00012 ( 1)
  35 I   0.85055 0.00002 0.14942 0.00000 ( 1)
  36 K   0.77020 0.07767 0.13783 0.01430 ( 1)
  37 E   0.84837 0.00025 0.15134 0.00005 ( 1)
  38 N   0.84898 0.00013 0.15087 0.00002 ( 1)
  39 Y   0.84124 0.00738 0.15002 0.00136 ( 1)
  40 G   0.84735 0.00005 0.15259 0.00001 ( 1)
  41 N   0.85094 0.00002 0.14904 0.00000 ( 1)
  42 S   0.82262 0.02395 0.14903 0.00441 ( 1)
  43 G   0.84916 0.00000 0.15084 0.00000 ( 1)
  44 D   0.85057 0.00000 0.14942 0.00000 ( 1)
  45 S   0.84440 0.00080 0.15465 0.00015 ( 1)
  46 L   0.84235 0.00417 0.15271 0.00077 ( 1)
  47 H   0.83186 0.01670 0.14837 0.00307 ( 1)
  48 L   0.82433 0.02369 0.14762 0.00436 ( 1)
  49 K   0.69978 0.14811 0.12484 0.02727 ( 1)
  50 G   0.37351 0.47193 0.06766 0.08690 ( 2)
  51 -   0.03186 0.81270 0.00580 0.14965 ( 2)
  52 Q   0.04234 0.80225 0.00768 0.14772 ( 2)
  53 G   0.59046 0.25477 0.10785 0.04691 ( 1)
  54 Y   0.26281 0.58289 0.04696 0.10733 ( 2)
  55 L   0.84580 0.00399 0.14948 0.00073 ( 1)
  56 H   0.15730 0.68773 0.02833 0.12664 ( 2)
  57 Y   0.39883 0.00585 0.59425 0.00108 ( 3)
  58 M   0.83858 0.00696 0.15318 0.00128 ( 1)
  59 L   0.84739 0.00082 0.15165 0.00015 ( 1)
  60 S   0.54136 0.30577 0.09656 0.05630 ( 1)
  61 G   0.81417 0.03111 0.14898 0.00573 ( 1)
  62 N   0.85043 0.00052 0.14895 0.00010 ( 1)
  63 G   0.84555 0.00184 0.15227 0.00034 ( 1)
  64 Q   0.68262 0.16707 0.11955 0.03076 ( 1)
  65 D   0.78485 0.06536 0.13775 0.01204 ( 1)
  66 R   0.12587 0.71863 0.02318 0.13233 ( 2)
  67 Y   0.84009 0.00515 0.15382 0.00095 ( 1)
  68 R   0.85077 0.00019 0.14901 0.00003 ( 1)
  69 L   0.84809 0.00011 0.15177 0.00002 ( 1)
  70 V   0.84748 0.00093 0.15142 0.00017 ( 1)
  71 L   0.84570 0.00083 0.15332 0.00015 ( 1)
  72 R   0.84861 0.00002 0.15136 0.00000 ( 1)
  73 L   0.83577 0.01226 0.14971 0.00226 ( 1)
  74 S   0.84820 0.00002 0.15179 0.00000 ( 1)
  75 G   0.83743 0.00903 0.15187 0.00166 ( 1)
  76 A   0.00380 0.84072 0.00068 0.15481 ( 2)
  77 A   0.78515 0.06204 0.14139 0.01142 ( 1)
  78 N   0.83207 0.01874 0.14573 0.00345 ( 1)
  79 Q   0.03260 0.81198 0.00591 0.14951 ( 2)
  80 I   0.85038 0.00007 0.14953 0.00001 ( 1)
  81 K   0.76597 0.08400 0.13456 0.01547 ( 1)
  82 L   0.26096 0.58390 0.04763 0.10752 ( 2)
  83 Q   0.77077 0.07870 0.13603 0.01449 ( 1)
  84 S   0.77730 0.07264 0.13668 0.01338 ( 1)
  85 P   0.35744 0.48887 0.06367 0.09002 ( 2)
  86 T   0.53604 0.30968 0.09726 0.05702 ( 1)
  87 T   0.83582 0.01326 0.14847 0.00244 ( 1)
  88 S   0.34251 0.50365 0.06109 0.09274 ( 2)
  89 I   0.84694 0.00303 0.14948 0.00056 ( 1)
  90 Y   0.82117 0.02711 0.14672 0.00499 ( 1)
  91 -   0.84606 0.00436 0.14877 0.00080 ( 1)
  92 -   0.04751 0.79729 0.00839 0.14681 ( 2)
  93 -   0.00105 0.84345 0.00019 0.15531 ( 2)
  94 A   0.29790 0.54887 0.05217 0.10107 ( 2)
  95 F   0.84728 0.00269 0.14954 0.00049 ( 1)
  96 D   0.85090 0.00006 0.14903 0.00001 ( 1)
  97 T   0.84561 0.00003 0.15436 0.00001 ( 1)
  98 S   0.19473 0.65113 0.03424 0.11990 ( 2)
  99 T   0.75321 0.09475 0.13460 0.01745 ( 1)
 100 N   0.85092 0.00004 0.14903 0.00001 ( 1)
 101 N   0.84610 0.00033 0.15351 0.00006 ( 1)
 102 E   0.85021 0.00037 0.14936 0.00007 ( 1)
 103 G   0.84737 0.00003 0.15259 0.00001 ( 1)
 104 I   0.84973 0.00025 0.14997 0.00005 ( 1)
 105 T   0.02489 0.81979 0.00436 0.15095 ( 2)
 106 D   0.85057 0.00001 0.14942 0.00000 ( 1)
 107 N   0.85095 0.00001 0.14904 0.00000 ( 1)
 108 G   0.84718 0.00022 0.15256 0.00004 ( 1)
 109 S   0.84929 0.00052 0.15010 0.00010 ( 1)
 110 K   0.82653 0.02078 0.14887 0.00383 ( 1)
 111 F   0.84861 0.00005 0.15133 0.00001 ( 1)
 112 K   0.03461 0.80997 0.00628 0.14914 ( 2)
 113 D   0.85055 0.00003 0.14942 0.00001 ( 1)
 114 F   0.84960 0.00097 0.14925 0.00018 ( 1)
 115 A   0.61706 0.23212 0.10807 0.04274 ( 1)
 116 F   0.84019 0.00559 0.15319 0.00103 ( 1)
 117 S   0.37940 0.46718 0.06739 0.08602 ( 2)
 118 T   0.84903 0.00191 0.14870 0.00035 ( 1)
 119 P   0.56419 0.28317 0.10050 0.05214 ( 1)
 120 F   0.84111 0.00694 0.15067 0.00128 ( 1)
 121 V   0.81112 0.03670 0.14543 0.00676 ( 1)
 122 I   0.84856 0.00212 0.14893 0.00039 ( 1)
 123 P   0.00011 0.84439 0.00002 0.15548 ( 2)
 124 E   0.84853 0.00242 0.14861 0.00045 ( 1)
 125 Q   0.00080 0.84371 0.00014 0.15536 ( 2)
 126 K   0.59825 0.25079 0.10478 0.04618 ( 1)
 127 -   0.64535 0.19915 0.11883 0.03667 ( 1)
 128 -   0.05275 0.79197 0.00945 0.14583 ( 2)
 129 -   0.00103 0.84347 0.00019 0.15531 ( 2)
 130 -   0.84122 0.00500 0.15286 0.00092 ( 1)
 131 E   0.84051 0.00999 0.14765 0.00184 ( 1)
 132 I   0.84236 0.00641 0.15005 0.00118 ( 1)
 133 V   0.34212 0.50498 0.05992 0.09298 ( 2)
 134 L   0.58482 0.26035 0.10689 0.04794 ( 1)
 135 Y   0.00391 0.84061 0.00070 0.15479 ( 2)
 136 -   0.64535 0.19915 0.11883 0.03667 ( 1)
 137 F   0.03626 0.80833 0.00657 0.14884 ( 2)
 138 E   0.02210 0.82245 0.00401 0.15144 ( 2)
 139 G   0.00294 0.84156 0.00054 0.15496 ( 2)
 140 V   0.01100 0.83356 0.00195 0.15349 ( 2)
 141 G   0.67280 0.17641 0.11831 0.03248 ( 1)
 142 S   0.00716 0.83736 0.00130 0.15419 ( 2)
 143 L   0.84692 0.00173 0.15103 0.00032 ( 1)
 144 D   0.84756 0.00299 0.14889 0.00055 ( 1)
 145 L   0.84429 0.00091 0.15463 0.00017 ( 1)
 146 M   0.84822 0.00000 0.15178 0.00000 ( 1)
 147 N   0.85095 0.00001 0.14904 0.00000 ( 1)
 148 L   0.84358 0.00695 0.14819 0.00128 ( 1)
 149 I   0.84578 0.00243 0.15134 0.00045 ( 1)
 150 F   0.84676 0.00082 0.15227 0.00015 ( 1)
 151 L   0.63059 0.21391 0.11611 0.03939 ( 1)
 152 -   0.64535 0.19915 0.11883 0.03667 ( 1)


lnL = -3309.189412

Bayes Empirical Bayes (BEB) probabilities for 4 classes (class)
(amino acids refer to 1st sequence: BT_Cry18Aa1)

   1 N   0.82703 0.05257 0.11318 0.00721 ( 1)
   2 Q   0.83104 0.04856 0.11373 0.00666 ( 1)
   3 N   0.82703 0.05257 0.11318 0.00721 ( 1)
   4 G   0.85460 0.02501 0.11697 0.00343 ( 1)
   5 T   0.82287 0.05673 0.11261 0.00778 ( 1)
   6 M   0.86739 0.01221 0.11872 0.00167 ( 1)
   7 I   0.88262 0.00018 0.11718 0.00002 ( 1)
   8 H   0.88945 0.00001 0.11054 0.00000 ( 1)
   9 Q   0.70982 0.17197 0.09496 0.02326 ( 1)
  10 A   0.86393 0.01799 0.11565 0.00243 ( 1)
  11 P   0.88505 0.00013 0.11480 0.00002 ( 1)
  12 P   0.00001 0.88673 0.00000 0.11326 ( 2)
  13 D   0.89337 0.00021 0.10639 0.00003 ( 1)
  14 G   0.88313 0.00577 0.11036 0.00074 ( 1)
  15 T   0.88680 0.00203 0.11090 0.00026 ( 1)
  16 G   0.88660 0.00002 0.11338 0.00000 ( 1)
  17 F   0.88945 0.00002 0.11052 0.00000 ( 1)
  18 T   0.89312 0.00016 0.10670 0.00002 ( 1)
  19 V   0.76504 0.12431 0.09470 0.01595 ( 1)
  20 S   0.87224 0.00880 0.11777 0.00120 ( 1)
  21 P   0.88501 0.00018 0.11479 0.00002 ( 1)
  22 L   0.88841 0.00132 0.11010 0.00017 ( 1)
  23 H   0.88942 0.00004 0.11053 0.00001 ( 1)
  24 P   0.75625 0.12578 0.10099 0.01698 ( 1)
  25 S   0.87919 0.01403 0.10502 0.00176 ( 1)
  26 A   0.13471 0.74892 0.01731 0.09906 ( 2)
  27 -   0.75361 0.12831 0.10074 0.01734 ( 1)
  28 -   0.89262 0.00169 0.10548 0.00021 ( 1)
  29 N   0.89320 0.00111 0.10555 0.00014 ( 1)
  30 T   0.47800 0.40618 0.06194 0.05389 ( 1)
  31 I   0.15536 0.73486 0.01825 0.09153 ( 2)
  32 T   0.07477 0.80699 0.00982 0.10842 ( 2)
  33 S   0.76812 0.12038 0.09595 0.01554 ( 1)
  34 Y   0.88887 0.00061 0.11045 0.00008 ( 1)
  35 I   0.89348 0.00004 0.10648 0.00000 ( 1)
  36 K   0.84127 0.04707 0.10557 0.00609 ( 1)
  37 E   0.88909 0.00027 0.11061 0.00003 ( 1)
  38 N   0.89026 0.00017 0.10955 0.00002 ( 1)
  39 Y   0.88396 0.00550 0.10983 0.00071 ( 1)
  40 G   0.88655 0.00007 0.11337 0.00001 ( 1)
  41 N   0.89429 0.00003 0.10568 0.00000 ( 1)
  42 S   0.86861 0.01618 0.11307 0.00214 ( 1)
  43 G   0.89059 0.00001 0.10941 0.00000 ( 1)
  44 D   0.89357 0.00001 0.10642 0.00000 ( 1)
  45 S   0.88046 0.00091 0.11851 0.00012 ( 1)
  46 L   0.88017 0.00441 0.11484 0.00058 ( 1)
  47 H   0.87444 0.01493 0.10871 0.00192 ( 1)
  48 L   0.87234 0.01572 0.10990 0.00204 ( 1)
  49 K   0.79886 0.09023 0.09930 0.01161 ( 1)
  50 G   0.59318 0.29117 0.07701 0.03864 ( 1)
  51 -   0.08142 0.80104 0.01060 0.10694 ( 2)
  52 Q   0.11063 0.77260 0.01427 0.10249 ( 2)
  53 G   0.69712 0.18496 0.09296 0.02496 ( 1)
  54 Y   0.45126 0.43635 0.05608 0.05631 ( 1)
  55 L   0.88875 0.00319 0.10765 0.00040 ( 1)
  56 H   0.32500 0.56040 0.04123 0.07338 ( 2)
  57 Y   0.36052 0.00406 0.63433 0.00109 ( 3)
  58 M   0.87706 0.00516 0.11709 0.00070 ( 1)
  59 L   0.88770 0.00076 0.11144 0.00010 ( 1)
  60 S   0.70746 0.18142 0.08779 0.02333 ( 1)
  61 G   0.85582 0.02582 0.11487 0.00349 ( 1)
  62 N   0.89381 0.00050 0.10562 0.00006 ( 1)
  63 G   0.88485 0.00177 0.11315 0.00023 ( 1)
  64 Q   0.80890 0.08503 0.09549 0.01058 ( 1)
  65 D   0.86150 0.03222 0.10226 0.00402 ( 1)
  66 R   0.20286 0.67674 0.02752 0.09288 ( 2)
  67 Y   0.87613 0.00533 0.11782 0.00072 ( 1)
  68 R   0.89415 0.00017 0.10566 0.00002 ( 1)
  69 L   0.88833 0.00014 0.11152 0.00002 ( 1)
  70 V   0.88803 0.00088 0.11098 0.00011 ( 1)
  71 L   0.88367 0.00091 0.11530 0.00012 ( 1)
  72 R   0.88939 0.00003 0.11058 0.00000 ( 1)
  73 L   0.87760 0.01054 0.11050 0.00137 ( 1)
  74 S   0.88845 0.00002 0.11153 0.00000 ( 1)
  75 G   0.87770 0.00677 0.11463 0.00090 ( 1)
  76 A   0.01707 0.86999 0.00207 0.11087 ( 2)
  77 A   0.84564 0.04089 0.10811 0.00536 ( 1)
  78 N   0.88061 0.01364 0.10405 0.00170 ( 1)
  79 Q   0.08654 0.79676 0.01114 0.10556 ( 2)
  80 I   0.89319 0.00009 0.10671 0.00001 ( 1)
  81 K   0.84367 0.04963 0.10049 0.00621 ( 1)
  82 L   0.41952 0.46254 0.05560 0.06235 ( 2)
  83 Q   0.84782 0.04433 0.10226 0.00559 ( 1)
  84 S   0.85194 0.04117 0.10174 0.00516 ( 1)
  85 P   0.56288 0.32585 0.06946 0.04181 ( 1)
  86 T   0.66819 0.21584 0.08724 0.02873 ( 1)
  87 T   0.88180 0.00876 0.10832 0.00112 ( 1)
  88 S   0.51982 0.36851 0.06430 0.04738 ( 1)
  89 I   0.88982 0.00250 0.10737 0.00032 ( 1)
  90 Y   0.86756 0.02129 0.10840 0.00275 ( 1)
  91 -   0.88968 0.00358 0.10629 0.00045 ( 1)
  92 -   0.13016 0.75923 0.01544 0.09517 ( 2)
  93 -   0.00482 0.87836 0.00062 0.11620 ( 2)
  94 A   0.53089 0.36180 0.06235 0.04496 ( 1)
  95 F   0.88987 0.00245 0.10738 0.00031 ( 1)
  96 D   0.89424 0.00008 0.10568 0.00001 ( 1)
  97 T   0.88238 0.00005 0.11756 0.00001 ( 1)
  98 S   0.40629 0.48497 0.04811 0.06064 ( 2)
  99 T   0.81934 0.06930 0.10241 0.00895 ( 1)
 100 N   0.89426 0.00005 0.10568 0.00001 ( 1)
 101 N   0.88389 0.00045 0.11560 0.00006 ( 1)
 102 E   0.89321 0.00037 0.10637 0.00005 ( 1)
 103 G   0.88658 0.00004 0.11337 0.00001 ( 1)
 104 I   0.89205 0.00028 0.10764 0.00003 ( 1)
 105 T   0.08769 0.80303 0.01016 0.09913 ( 2)
 106 D   0.89357 0.00001 0.10642 0.00000 ( 1)
 107 N   0.89429 0.00002 0.10568 0.00000 ( 1)
 108 G   0.88635 0.00027 0.11335 0.00003 ( 1)
 109 S   0.89151 0.00045 0.10799 0.00006 ( 1)
 110 K   0.87073 0.01581 0.11139 0.00207 ( 1)
 111 F   0.88942 0.00006 0.11052 0.00001 ( 1)
 112 K   0.09936 0.78396 0.01279 0.10388 ( 2)
 113 D   0.89353 0.00005 0.10641 0.00001 ( 1)
 114 F   0.89267 0.00085 0.10638 0.00011 ( 1)
 115 A   0.77997 0.11384 0.09203 0.01416 ( 1)
 116 F   0.87792 0.00488 0.11655 0.00066 ( 1)
 117 S   0.59337 0.29623 0.07261 0.03779 ( 1)
 118 T   0.89257 0.00173 0.10548 0.00022 ( 1)
 119 P   0.72759 0.16164 0.09002 0.02075 ( 1)
 120 F   0.88219 0.00595 0.11108 0.00077 ( 1)
 121 V   0.86226 0.02558 0.10884 0.00332 ( 1)
 122 I   0.89216 0.00169 0.10594 0.00021 ( 1)
 123 P   0.00079 0.88903 0.00009 0.11009 ( 2)
 124 E   0.89267 0.00164 0.10549 0.00020 ( 1)
 125 Q   0.00462 0.88498 0.00054 0.10986 ( 2)
 126 K   0.75047 0.14320 0.08851 0.01781 ( 1)
 127 -   0.70226 0.17735 0.09604 0.02435 ( 1)
 128 -   0.14086 0.74537 0.01748 0.09629 ( 2)
 129 -   0.00407 0.87745 0.00053 0.11794 ( 2)
 130 -   0.87853 0.00532 0.11544 0.00071 ( 1)
 131 E   0.88665 0.00690 0.10558 0.00086 ( 1)
 132 I   0.88381 0.00590 0.10953 0.00076 ( 1)
 133 V   0.58319 0.30973 0.06857 0.03851 ( 1)
 134 L   0.70957 0.17231 0.09482 0.02329 ( 1)
 135 Y   0.01721 0.86919 0.00211 0.11149 ( 2)
 136 -   0.70226 0.17735 0.09604 0.02435 ( 1)
 137 F   0.11471 0.76871 0.01476 0.10181 ( 2)
 138 E   0.06519 0.81798 0.00840 0.10843 ( 2)
 139 G   0.01034 0.87056 0.00137 0.11773 ( 2)
 140 V   0.04536 0.84244 0.00547 0.10674 ( 2)
 141 G   0.78450 0.10833 0.09360 0.01357 ( 1)
 142 S   0.02409 0.85965 0.00307 0.11319 ( 2)
 143 L   0.88812 0.00135 0.11035 0.00017 ( 1)
 144 D   0.89036 0.00320 0.10603 0.00040 ( 1)
 145 L   0.88048 0.00088 0.11852 0.00012 ( 1)
 146 M   0.88851 0.00000 0.11149 0.00000 ( 1)
 147 N   0.89430 0.00002 0.10568 0.00000 ( 1)
 148 L   0.88846 0.00503 0.10588 0.00063 ( 1)
 149 I   0.88630 0.00221 0.11121 0.00029 ( 1)
 150 F   0.88591 0.00078 0.11321 0.00010 ( 1)
 151 L   0.70679 0.17282 0.09667 0.02373 ( 1)
 152 -   0.70226 0.17735 0.09604 0.02435 ( 1)

