Supplemental results for CODEML (seqf: algn  treef: tree)


dN/dS (w) for site classes (K=4)

site class             0        1       2a       2b
proportion       0.00000  0.00000  0.41378  0.58622
background w     0.05639  1.00000  0.05639  1.00000
foreground w     0.05639  1.00000  1.00000  1.00000

Naive Empirical Bayes (NEB) probabilities for 4 classes
(amino acids refer to 1st sequence: BT_Cry1Na1)

   1 -   0.00000 0.00000 0.57992 0.42008 ( 3)
   2 I   0.00000 0.00000 0.05835 0.94165 ( 4)
   3 I   0.00000 0.00000 0.99787 0.00213 ( 3)
   4 T   0.00000 0.00000 0.98683 0.01317 ( 3)
   5 Q   0.00000 0.00000 0.99996 0.00004 ( 3)
   6 I   0.00000 0.00000 0.99773 0.00227 ( 3)
   7 P   0.00000 0.00000 0.99956 0.00044 ( 3)
   8 L   0.00000 0.00000 0.93475 0.06525 ( 3)
   9 V   0.00000 0.00000 0.99889 0.00111 ( 3)
  10 K   0.00000 0.00000 0.99979 0.00021 ( 3)
  11 A   0.00000 0.00000 0.41042 0.58958 ( 4)
  12 Y   0.00000 0.00000 0.47470 0.52530 ( 4)
  13 Q   0.00000 0.00000 0.00000 1.00000 ( 4)
  14 I   0.00000 0.00000 0.94901 0.05099 ( 3)
  15 G   0.00000 0.00000 0.00085 0.99915 ( 4)
  16 S   0.00000 0.00000 0.00050 0.99950 ( 4)
  17 G   0.00000 0.00000 0.89727 0.10273 ( 3)
  18 T   0.00000 0.00000 0.66811 0.33189 ( 3)
  19 T   0.00000 0.00000 0.25750 0.74250 ( 4)
  20 V   0.00000 0.00000 0.98706 0.01294 ( 3)
  21 R   0.00000 0.00000 0.70046 0.29954 ( 3)
  22 K   0.00000 0.00000 0.01342 0.98658 ( 4)
  23 G   0.00000 0.00000 0.99454 0.00546 ( 3)
  24 P   0.00000 0.00000 0.99826 0.00174 ( 3)
  25 G   0.00000 0.00000 0.99842 0.00158 ( 3)
  26 F   0.00000 0.00000 0.07782 0.92218 ( 4)
  27 T   0.00000 0.00000 0.99892 0.00108 ( 3)
  28 G   0.00000 0.00000 0.99984 0.00016 ( 3)
  29 G   0.00000 0.00000 0.99971 0.00029 ( 3)
  30 D   0.00000 0.00000 0.99667 0.00333 ( 3)
  31 I   0.00000 0.00000 0.86599 0.13401 ( 3)
  32 L   0.00000 0.00000 0.93928 0.06072 ( 3)
  33 R   0.00000 0.00000 0.00375 0.99625 ( 4)
  34 R   0.00000 0.00000 0.49415 0.50585 ( 4)
  35 T   0.00000 0.00000 0.00002 0.99998 ( 4)
  36 G   0.00000 0.00000 0.00062 0.99938 ( 4)
  37 P   0.00000 0.00000 0.05653 0.94347 ( 4)
  38 G   0.00000 0.00000 0.99614 0.00386 ( 3)
  39 T   0.00000 0.00000 0.01025 0.98975 ( 4)
  40 -   0.00000 0.00000 0.43564 0.56436 ( 4)
  41 F   0.00000 0.00000 0.03949 0.96051 ( 4)
  42 G   0.00000 0.00000 0.92015 0.07985 ( 3)
  43 D   0.00000 0.00000 0.00052 0.99948 ( 4)
  44 M   0.00000 0.00000 0.84429 0.15571 ( 3)
  45 R   0.00000 0.00000 0.00002 0.99998 ( 4)
  46 I   0.00000 0.00000 0.06056 0.93944 ( 4)
  47 N   0.00000 0.00000 0.00012 0.99988 ( 4)
  48 I   0.00000 0.00000 0.06136 0.93864 ( 4)
  49 N   0.00000 0.00000 0.46004 0.53996 ( 4)
  50 A   0.00000 0.00000 0.00045 0.99955 ( 4)
  51 P   0.00000 0.00000 0.35803 0.64197 ( 4)
  52 L   0.00000 0.00000 0.00042 0.99958 ( 4)
  53 S   0.00000 0.00000 0.00061 0.99939 ( 4)
  54 Q   0.00000 0.00000 0.00218 0.99782 ( 4)
  55 -   0.00000 0.00000 0.93949 0.06051 ( 3)
  56 -   0.00000 0.00000 0.46391 0.53609 ( 4)
  57 -   0.00000 0.00000 0.42767 0.57233 ( 4)
  58 -   0.00000 0.00000 0.47409 0.52591 ( 4)
  59 R   0.00000 0.00000 0.00122 0.99878 ( 4)
  60 Y   0.00000 0.00000 0.99827 0.00173 ( 3)
  61 R   0.00000 0.00000 0.83444 0.16556 ( 3)
  62 V   0.00000 0.00000 0.86202 0.13798 ( 3)
  63 R   0.00000 0.00000 0.99881 0.00119 ( 3)
  64 I   0.00000 0.00000 0.99488 0.00512 ( 3)
  65 R   0.00000 0.00000 0.99975 0.00025 ( 3)
  66 Y   0.00000 0.00000 0.99994 0.00006 ( 3)
  67 A   0.00000 0.00000 0.99964 0.00036 ( 3)
  68 S   0.00000 0.00000 0.00240 0.99760 ( 4)
  69 T   0.00000 0.00000 0.71022 0.28978 ( 3)
  70 T   0.00000 0.00000 0.10908 0.89092 ( 4)
  71 D   0.00000 0.00000 0.00084 0.99916 ( 4)
  72 L   0.00000 0.00000 0.63421 0.36579 ( 3)
  73 Q   0.00000 0.00000 0.03138 0.96862 ( 4)
  74 F   0.00000 0.00000 0.81561 0.18439 ( 3)
  75 V   0.00000 0.00000 0.00010 0.99990 ( 4)
  76 T   0.00000 0.00000 0.77900 0.22100 ( 3)
  77 S   0.00000 0.00000 0.00015 0.99985 ( 4)
  78 I   0.00000 0.00000 0.06355 0.93645 ( 4)
  79 -   0.00000 0.00000 0.41378 0.58622 ( 4)
  80 N   0.00000 0.00000 0.07372 0.92628 ( 4)
  81 G   0.00000 0.00000 0.01533 0.98467 ( 4)
  82 T   0.00000 0.00000 0.00008 0.99992 ( 4)
  83 T   0.00000 0.00000 0.04053 0.95947 ( 4)
  84 I   0.00000 0.00000 0.67917 0.32083 ( 3)
  85 N   0.00000 0.00000 0.00056 0.99944 ( 4)
  86 I   0.00000 0.00000 0.00877 0.99123 ( 4)
  87 G   0.00000 0.00000 0.84972 0.15028 ( 3)
  88 N   0.00000 0.00000 0.00649 0.99351 ( 4)
  89 F   0.00000 0.00000 0.00351 0.99649 ( 4)
  90 P   0.00000 0.00000 0.29350 0.70650 ( 4)
  91 K   0.00000 0.00000 0.02332 0.97668 ( 4)
  92 T   0.00000 0.00000 0.99819 0.00181 ( 3)
  93 I   0.00000 0.00000 0.00048 0.99952 ( 4)
  94 N   0.00000 0.00000 0.00669 0.99331 ( 4)
  95 N   0.00000 0.00000 0.61696 0.38304 ( 3)
  96 L   0.00000 0.00000 0.02761 0.97239 ( 4)
  97 -   0.00000 0.00000 0.49274 0.50726 ( 4)
  98 -   0.00000 0.00000 0.49274 0.50726 ( 4)
  99 -   0.00000 0.00000 0.48319 0.51681 ( 4)
 100 -   0.00000 0.00000 0.48319 0.51681 ( 4)
 101 -   0.00000 0.00000 0.45607 0.54393 ( 4)
 102 N   0.00000 0.00000 0.27296 0.72704 ( 4)
 103 T   0.00000 0.00000 0.58586 0.41414 ( 3)
 104 L   0.00000 0.00000 0.99674 0.00326 ( 3)
 105 G   0.00000 0.00000 0.02261 0.97739 ( 4)
 106 S   0.00000 0.00000 0.99815 0.00185 ( 3)
 107 E   0.00000 0.00000 0.65629 0.34371 ( 3)
 108 G   0.00000 0.00000 0.02041 0.97959 ( 4)
 109 Y   0.00000 0.00000 0.99915 0.00085 ( 3)
 110 R   0.00000 0.00000 0.02576 0.97424 ( 4)
 111 T   0.00000 0.00000 0.94951 0.05049 ( 3)
 112 V   0.00000 0.00000 0.04435 0.95565 ( 4)
 113 S   0.00000 0.00000 0.01889 0.98111 ( 4)
 114 F   0.00000 0.00000 0.00840 0.99160 ( 4)
 115 S   0.00000 0.00000 0.00053 0.99947 ( 4)
 116 T   0.00000 0.00000 0.00246 0.99754 ( 4)
 117 P   0.00000 0.00000 0.00153 0.99847 ( 4)
 118 F   0.00000 0.00000 0.00256 0.99744 ( 4)
 119 S   0.00000 0.00000 0.00094 0.99906 ( 4)
 120 F   0.00000 0.00000 0.00002 0.99998 ( 4)
 121 S   0.00000 0.00000 0.00002 0.99998 ( 4)
 122 N   0.00000 0.00000 0.00028 0.99972 ( 4)
 123 A   0.00000 0.00000 0.94455 0.05545 ( 3)
 124 Q   0.00000 0.00000 0.38703 0.61297 ( 4)
 125 S   0.00000 0.00000 0.00156 0.99844 ( 4)
 126 -   0.00000 0.00000 0.31885 0.68115 ( 4)
 127 -   0.00000 0.00000 0.04122 0.95878 ( 4)
 128 -   0.00000 0.00000 0.00172 0.99828 ( 4)
 129 -   0.00000 0.00000 0.05203 0.94797 ( 4)
 130 I   0.00000 0.00000 0.00270 0.99730 ( 4)
 131 F   0.00000 0.00000 0.03969 0.96031 ( 4)
 132 R   0.00000 0.00000 0.00026 0.99974 ( 4)
 133 L   0.00000 0.00000 0.85456 0.14543 ( 3)
 134 G   0.00000 0.00000 0.00001 0.99999 ( 4)
 135 I   0.00000 0.00000 0.02134 0.97866 ( 4)
 136 Q   0.00000 0.00000 0.13529 0.86471 ( 4)
 137 A   0.00000 0.00000 0.00523 0.99477 ( 4)
 138 F   0.00000 0.00000 0.02005 0.97995 ( 4)
 139 S   0.00000 0.00000 0.00001 0.99999 ( 4)
 140 G   0.00000 0.00000 0.00389 0.99611 ( 4)
 141 V   0.00000 0.00000 0.03723 0.96277 ( 4)
 142 Q   0.00000 0.00000 0.06306 0.93694 ( 4)
 143 E   0.00000 0.00000 0.01068 0.98932 ( 4)
 144 V   0.00000 0.00000 0.60177 0.39823 ( 3)
 145 Y   0.00000 0.00000 0.00786 0.99214 ( 4)
 146 V   0.00000 0.00000 0.98778 0.01222 ( 3)
 147 D   0.00000 0.00000 0.99991 0.00009 ( 3)
 148 K   0.00000 0.00000 0.97233 0.02767 ( 3)
 149 I   0.00000 0.00000 0.99812 0.00188 ( 3)
 150 E   0.00000 0.00000 0.99994 0.00006 ( 3)
 151 F   0.00000 0.00000 0.99995 0.00005 ( 3)
 152 I   0.00000 0.00000 0.06239 0.93761 ( 4)
 153 P   0.00000 0.00000 0.99474 0.00526 ( 3)


lnL = -2669.478448

