Supplemental results for CODEML (seqf: algn  treef: tree)


dN/dS (w) for site classes (K=4)

site class             0        1       2a       2b
proportion       0.55778  0.17123  0.20734  0.06365
background w     0.11068  1.00000  0.11068  1.00000
foreground w     0.11068  1.00000  4.33132  4.33132

Naive Empirical Bayes (NEB) probabilities for 4 classes
(amino acids refer to 1st sequence: BT_Cry1Fb1)

   1 -   0.81784 0.02756 0.14594 0.00866 ( 1)
   2 -   0.88330 0.02629 0.08681 0.00360 ( 1)
   3 I   0.17564 0.63678 0.03669 0.15089 ( 2)
   4 I   0.90188 0.00147 0.09643 0.00022 ( 1)
   5 T   0.62145 0.17071 0.16015 0.04769 ( 1)
   6 Q   0.83882 0.00246 0.15818 0.00054 ( 1)
   7 I   0.87444 0.00613 0.11839 0.00105 ( 1)
   8 P   0.87611 0.00030 0.12354 0.00005 ( 1)
   9 A   0.00914 0.84681 0.00120 0.14285 ( 2)
  10 V   0.78827 0.00090 0.21057 0.00026 ( 1)
  11 K   0.89510 0.00040 0.10443 0.00006 ( 1)
  12 A   0.42348 0.41120 0.07508 0.09024 ( 1)
  13 H   0.00282 0.86622 0.00031 0.13065 ( 2)
  14 N   0.57963 0.28800 0.08177 0.05060 ( 1)
  15 L   0.13811 0.11721 0.64738 0.09729 ( 3)
  16 H   0.85506 0.00271 0.14169 0.00054 ( 1)
  17 -   0.71813 0.16644 0.08864 0.02679 ( 1)
  18 -   0.61608 0.17404 0.16080 0.04908 ( 1)
  19 S   0.03391 0.50806 0.14361 0.31442 ( 2)
  20 G   0.78647 0.00032 0.21312 0.00009 ( 1)
  21 S   0.26616 0.59609 0.03607 0.10168 ( 2)
  22 T   0.05339 0.47670 0.19869 0.27122 ( 2)
  23 V   0.79222 0.00079 0.20677 0.00022 ( 1)
  24 V   0.09731 0.12228 0.67478 0.10563 ( 3)
  25 R   0.13907 0.16652 0.59164 0.10276 ( 3)
  26 G   0.89602 0.00036 0.10356 0.00006 ( 1)
  27 P   0.85721 0.00062 0.14204 0.00012 ( 1)
  28 G   0.77467 0.00099 0.22404 0.00030 ( 1)
  29 F   0.89363 0.00012 0.10622 0.00002 ( 1)
  30 T   0.88500 0.00135 0.11343 0.00023 ( 1)
  31 G   0.89561 0.00076 0.10351 0.00012 ( 1)
  32 G   0.87056 0.00042 0.12895 0.00008 ( 1)
  33 D   0.90743 0.00293 0.08923 0.00040 ( 1)
  34 L   0.61740 0.25544 0.08359 0.04356 ( 1)
  35 L   0.85870 0.02959 0.10682 0.00489 ( 1)
  36 R   0.00439 0.00466 0.97657 0.01438 ( 3)
  37 R   0.16631 0.02206 0.79650 0.01513 ( 3)
  38 T   0.05726 0.01128 0.91288 0.01857 ( 3)
  39 N   0.03467 0.36343 0.25999 0.34191 ( 2)
  40 T   0.83779 0.07347 0.07897 0.00976 ( 1)
  41 G   0.00667 0.00053 0.99159 0.00121 ( 3)
  42 -   0.00361 0.07222 0.70396 0.22020 ( 3)
  43 T   0.33647 0.54483 0.03660 0.08210 ( 2)
  44 F   0.15197 0.06569 0.73070 0.05164 ( 3)
  45 A   0.81187 0.08618 0.08903 0.01292 ( 1)
  46 D   0.14912 0.65679 0.03268 0.16141 ( 2)
  47 I   0.43803 0.39376 0.08207 0.08614 ( 1)
  48 R   0.78502 0.04119 0.16403 0.00976 ( 1)
  49 V   0.88699 0.01382 0.09711 0.00207 ( 1)
  50 N   0.05958 0.16402 0.58802 0.18839 ( 3)
  51 I   0.00435 0.11517 0.57961 0.30086 ( 3)
  52 T   0.75149 0.15344 0.07402 0.02104 ( 1)
  53 G   0.07909 0.77599 0.01084 0.13408 ( 2)
  54 -   0.55778 0.17123 0.20734 0.06365 ( 1)
  55 P   0.68779 0.08661 0.19915 0.02645 ( 1)
  56 L   0.72242 0.14398 0.10715 0.02644 ( 1)
  57 S   0.78425 0.09860 0.10060 0.01656 ( 1)
  58 Q   0.78503 0.05492 0.14803 0.01202 ( 1)
  59 R   0.75213 0.07334 0.15715 0.01738 ( 1)
  60 Y   0.87582 0.00018 0.12396 0.00003 ( 1)
  61 R   0.86416 0.00013 0.13568 0.00003 ( 1)
  62 V   0.88871 0.00482 0.10569 0.00077 ( 1)
  63 R   0.89078 0.00026 0.10892 0.00004 ( 1)
  64 I   0.82446 0.00819 0.16546 0.00188 ( 1)
  65 R   0.86378 0.03033 0.10116 0.00473 ( 1)
  66 Y   0.87582 0.00018 0.12396 0.00003 ( 1)
  67 A   0.79110 0.00054 0.20820 0.00015 ( 1)
  68 S   0.89801 0.00299 0.09856 0.00045 ( 1)
  69 T   0.86249 0.03799 0.09379 0.00572 ( 1)
  70 T   0.90859 0.00517 0.08555 0.00069 ( 1)
  71 D   0.83429 0.07583 0.07955 0.01033 ( 1)
  72 L   0.78446 0.10573 0.09335 0.01646 ( 1)
  73 Q   0.55156 0.17745 0.20503 0.06596 ( 1)
  74 F   0.87256 0.00328 0.12358 0.00058 ( 1)
  75 F   0.51702 0.27905 0.12820 0.07574 ( 1)
  76 T   0.60717 0.27982 0.07024 0.04277 ( 1)
  77 R   0.13446 0.74039 0.01476 0.11038 ( 2)
  78 I   0.23287 0.62369 0.03299 0.11045 ( 2)
  79 N   0.58155 0.29293 0.07611 0.04941 ( 1)
  80 G   0.87051 0.00047 0.12894 0.00009 ( 1)
  81 T   0.61022 0.29328 0.05753 0.03897 ( 1)
  82 S   0.00390 0.64075 0.01327 0.34207 ( 2)
  83 V   0.77921 0.00746 0.21116 0.00216 ( 1)
  84 N   0.00170 0.00010 0.99763 0.00057 ( 3)
  85 Q   0.61294 0.20004 0.13708 0.04995 ( 1)
  86 G   0.03472 0.81118 0.00514 0.14895 ( 2)
  87 -   0.73796 0.15916 0.07899 0.02390 ( 1)
  88 -   0.68080 0.17216 0.11284 0.03420 ( 1)
  89 -   0.72521 0.16561 0.08387 0.02531 ( 1)
  90 -   0.61543 0.17401 0.16132 0.04924 ( 1)
  91 -   0.74828 0.15994 0.07052 0.02125 ( 1)
  92 N   0.00566 0.54164 0.02931 0.42339 ( 2)
  93 F   0.89781 0.00325 0.09845 0.00049 ( 1)
  94 Q   0.07343 0.77930 0.01036 0.13691 ( 2)
  95 R   0.88467 0.01042 0.10329 0.00162 ( 1)
  96 T   0.88528 0.00108 0.11346 0.00018 ( 1)
  97 M   0.88892 0.00002 0.11106 0.00000 ( 1)
  98 N   0.16841 0.22276 0.49113 0.11769 ( 3)
  99 R   0.57689 0.30551 0.06862 0.04899 ( 1)
 100 G   0.15714 0.00133 0.84057 0.00095 ( 3)
 101 G   0.05263 0.45867 0.21604 0.27266 ( 2)
 102 N   0.73892 0.13339 0.10426 0.02343 ( 1)
 103 L   0.87887 0.00182 0.11900 0.00031 ( 1)
 104 E   0.49915 0.33327 0.09416 0.07342 ( 1)
 105 S   0.85103 0.02422 0.12046 0.00429 ( 1)
 106 G   0.08178 0.79022 0.00891 0.11908 ( 2)
 107 N   0.21884 0.60630 0.04129 0.13357 ( 2)
 108 F   0.89363 0.00012 0.10622 0.00002 ( 1)
 109 R   0.74605 0.14967 0.08197 0.02231 ( 1)
 110 T   0.78275 0.09040 0.11085 0.01601 ( 1)
 111 A   0.89314 0.00957 0.09586 0.00144 ( 1)
 112 G   0.84636 0.06181 0.08335 0.00848 ( 1)
 113 F   0.84105 0.00108 0.15763 0.00024 ( 1)
 114 S   0.82319 0.05161 0.11613 0.00907 ( 1)
 115 T   0.00726 0.00990 0.96117 0.02166 ( 3)
 116 P   0.83995 0.00128 0.15848 0.00028 ( 1)
 117 F   0.86795 0.00774 0.12293 0.00137 ( 1)
 118 S   0.42607 0.45846 0.04638 0.06908 ( 2)
 119 F   0.89363 0.00012 0.10622 0.00002 ( 1)
 120 S   0.02423 0.85929 0.00229 0.11420 ( 2)
 121 N   0.67970 0.15756 0.12823 0.03450 ( 1)
 122 A   0.08561 0.21004 0.53550 0.16884 ( 3)
 123 Q   0.00097 0.54003 0.00620 0.45281 ( 2)
 124 S   0.70177 0.11264 0.15741 0.02819 ( 1)
 125 T   0.08475 0.39652 0.29156 0.22717 ( 2)
 126 F   0.09501 0.15761 0.61469 0.13268 ( 3)
 127 T   0.06647 0.42524 0.23650 0.27179 ( 2)
 128 L   0.66475 0.12613 0.17360 0.03553 ( 1)
 129 G   0.00331 0.00952 0.94761 0.03956 ( 3)
 130 T   0.16087 0.06367 0.73449 0.04097 ( 3)
 131 Q   0.12821 0.75652 0.01223 0.10304 ( 2)
 132 A   0.03597 0.19945 0.48022 0.28436 ( 3)
 133 F   0.10826 0.00195 0.88791 0.00188 ( 3)
 134 -   0.00251 0.61902 0.01022 0.36825 ( 2)
 135 S   0.84048 0.00085 0.15848 0.00019 ( 1)
 136 N   0.73883 0.09689 0.14229 0.02199 ( 1)
 137 Q   0.55545 0.30603 0.08234 0.05619 ( 1)
 138 E   0.77547 0.00428 0.21897 0.00128 ( 1)
 139 V   0.21629 0.00519 0.77519 0.00333 ( 3)
 140 Y   0.87582 0.00018 0.12396 0.00003 ( 1)
 141 I   0.86189 0.02157 0.11289 0.00364 ( 1)
 142 D   0.80700 0.00068 0.19214 0.00018 ( 1)
 143 R   0.16526 0.03911 0.77049 0.02515 ( 3)
 144 I   0.89632 0.00470 0.09828 0.00070 ( 1)
 145 E   0.88999 0.00019 0.10979 0.00003 ( 1)
 146 F   0.86958 0.02339 0.10339 0.00364 ( 1)
 147 V   0.75808 0.03368 0.19871 0.00953 ( 1)
 148 -   0.55778 0.17123 0.20734 0.06365 ( 1)


lnL = -2054.363731

Bayes Empirical Bayes (BEB) probabilities for 4 classes (class)
(amino acids refer to 1st sequence: BT_Cry1Fb1)

   1 -   0.80508 0.02326 0.16403 0.00763 ( 1)
   2 -   0.86277 0.02585 0.10720 0.00418 ( 1)
   3 I   0.36759 0.43824 0.08533 0.10884 ( 2)
   4 I   0.88052 0.00181 0.11735 0.00032 ( 1)
   5 T   0.67199 0.11034 0.18596 0.03171 ( 1)
   6 Q   0.82611 0.00189 0.17157 0.00043 ( 1)
   7 I   0.85825 0.00507 0.13573 0.00095 ( 1)
   8 P   0.85931 0.00034 0.14028 0.00006 ( 1)
   9 A   0.04847 0.79197 0.00782 0.15174 ( 2)
  10 V   0.77572 0.00106 0.22291 0.00032 ( 1)
  11 K   0.87529 0.00049 0.12413 0.00009 ( 1)
  12 A   0.58494 0.23900 0.11923 0.05683 ( 1)
  13 H   0.01531 0.83455 0.00214 0.14800 ( 2)
  14 N   0.69915 0.15610 0.11479 0.02996 ( 1)
  15 L   0.19471 0.07217 0.67840 0.05471 ( 3)
  16 H   0.84051 0.00227 0.15674 0.00048 ( 1)
  17 -   0.74260 0.12475 0.11009 0.02257 ( 1)
  18 -   0.64858 0.13153 0.18174 0.03815 ( 1)
  19 S   0.09696 0.39130 0.28960 0.22214 ( 2)
  20 G   0.77568 0.00038 0.22382 0.00011 ( 1)
  21 S   0.48464 0.36818 0.07783 0.06936 ( 1)
  22 T   0.12144 0.36468 0.32218 0.19170 ( 2)
  23 V   0.78112 0.00095 0.21766 0.00027 ( 1)
  24 V   0.14850 0.08209 0.70501 0.06440 ( 3)
  25 R   0.21910 0.10688 0.61659 0.05743 ( 3)
  26 G   0.87666 0.00045 0.12282 0.00008 ( 1)
  27 P   0.84215 0.00067 0.15704 0.00014 ( 1)
  28 G   0.76398 0.00103 0.23466 0.00032 ( 1)
  29 F   0.87451 0.00016 0.12530 0.00003 ( 1)
  30 T   0.86550 0.00164 0.13256 0.00031 ( 1)
  31 G   0.87622 0.00087 0.12276 0.00015 ( 1)
  32 G   0.85389 0.00049 0.14552 0.00010 ( 1)
  33 D   0.88676 0.00262 0.11019 0.00042 ( 1)
  34 L   0.70335 0.15565 0.11178 0.02922 ( 1)
  35 L   0.84569 0.02134 0.12891 0.00406 ( 1)
  36 R   0.00829 0.00412 0.97532 0.01227 ( 3)
  37 R   0.23277 0.01502 0.74318 0.00902 ( 3)
  38 T   0.07498 0.00911 0.90075 0.01516 ( 3)
  39 N   0.08436 0.24233 0.45628 0.21703 ( 3)
  40 T   0.84229 0.04855 0.10149 0.00767 ( 1)
  41 G   0.01309 0.00065 0.98491 0.00136 ( 3)
  42 -   0.00726 0.05677 0.76691 0.16906 ( 3)
  43 T   0.50981 0.35810 0.06949 0.06260 ( 1)
  44 F   0.20286 0.04534 0.71940 0.03240 ( 3)
  45 A   0.82414 0.05467 0.11173 0.00946 ( 1)
  46 D   0.35189 0.44784 0.08530 0.11497 ( 2)
  47 I   0.60549 0.21774 0.12652 0.05025 ( 1)
  48 R   0.78744 0.02696 0.17898 0.00663 ( 1)
  49 V   0.86861 0.01182 0.11752 0.00205 ( 1)
  50 N   0.09790 0.09583 0.70011 0.10616 ( 3)
  51 I   0.00968 0.07721 0.72156 0.19155 ( 3)
  52 T   0.80698 0.07962 0.10056 0.01285 ( 1)
  53 G   0.22727 0.61662 0.03745 0.11866 ( 2)
  54 -   0.58771 0.12897 0.23365 0.04967 ( 1)
  55 P   0.71478 0.04953 0.22019 0.01549 ( 1)
  56 L   0.77321 0.07880 0.13226 0.01573 ( 1)
  57 S   0.80543 0.05969 0.12363 0.01126 ( 1)
  58 Q   0.79666 0.03068 0.16562 0.00704 ( 1)
  59 R   0.77087 0.04319 0.17532 0.01062 ( 1)
  60 Y   0.85876 0.00022 0.14098 0.00004 ( 1)
  61 R   0.84889 0.00015 0.15094 0.00003 ( 1)
  62 V   0.86920 0.00423 0.12580 0.00077 ( 1)
  63 R   0.87178 0.00033 0.12783 0.00006 ( 1)
  64 I   0.81247 0.00741 0.17833 0.00178 ( 1)
  65 R   0.85411 0.02068 0.12154 0.00367 ( 1)
  66 Y   0.85876 0.00022 0.14098 0.00004 ( 1)
  67 A   0.77997 0.00068 0.21916 0.00020 ( 1)
  68 S   0.87818 0.00252 0.11887 0.00043 ( 1)
  69 T   0.84782 0.03215 0.11440 0.00562 ( 1)
  70 T   0.88759 0.00486 0.10678 0.00077 ( 1)
  71 D   0.84604 0.04383 0.10304 0.00709 ( 1)
  72 L   0.81147 0.06121 0.11655 0.01077 ( 1)
  73 Q   0.61170 0.10498 0.24292 0.04040 ( 1)
  74 F   0.85611 0.00273 0.14063 0.00053 ( 1)
  75 F   0.61885 0.16763 0.16638 0.04715 ( 1)
  76 T   0.72399 0.14834 0.10192 0.02575 ( 1)
  77 R   0.32120 0.54095 0.04435 0.09350 ( 2)
  78 I   0.45947 0.38827 0.07668 0.07558 ( 1)
  79 N   0.69967 0.16099 0.10905 0.03029 ( 1)
  80 G   0.85384 0.00054 0.14551 0.00011 ( 1)
  81 T   0.70529 0.18092 0.08525 0.02855 ( 1)
  82 S   0.01900 0.61510 0.04886 0.31705 ( 2)
  83 V   0.76959 0.00638 0.22213 0.00190 ( 1)
  84 N   0.00324 0.00014 0.99580 0.00082 ( 3)
  85 Q   0.69878 0.10487 0.16930 0.02705 ( 1)
  86 G   0.11867 0.71512 0.02099 0.14522 ( 2)
  87 -   0.75869 0.11906 0.10145 0.02080 ( 1)
  88 -   0.70992 0.12956 0.13303 0.02749 ( 1)
  89 -   0.74905 0.12407 0.10534 0.02154 ( 1)
  90 -   0.64784 0.13149 0.18238 0.03830 ( 1)
  91 -   0.76878 0.11958 0.09276 0.01888 ( 1)
  92 N   0.02523 0.49471 0.10253 0.37752 ( 2)
  93 F   0.87790 0.00273 0.11890 0.00047 ( 1)
  94 Q   0.22225 0.61990 0.03742 0.12044 ( 2)
  95 R   0.86828 0.00722 0.12322 0.00128 ( 1)
  96 T   0.86579 0.00135 0.13260 0.00026 ( 1)
  97 M   0.87113 0.00002 0.12885 0.00000 ( 1)
  98 N   0.25690 0.14464 0.53123 0.06723 ( 3)
  99 R   0.67954 0.18735 0.09883 0.03428 ( 1)
 100 G   0.22163 0.00154 0.77588 0.00095 ( 3)
 101 G   0.12543 0.33587 0.35758 0.18111 ( 3)
 102 N   0.79203 0.06573 0.12963 0.01260 ( 1)
 103 L   0.86156 0.00184 0.13625 0.00035 ( 1)
 104 E   0.64206 0.18093 0.13495 0.04206 ( 1)
 105 S   0.84350 0.01505 0.13854 0.00291 ( 1)
 106 G   0.26526 0.59382 0.03661 0.10431 ( 2)
 107 N   0.40551 0.41187 0.08629 0.09632 ( 2)
 108 F   0.87451 0.00016 0.12530 0.00003 ( 1)
 109 R   0.80549 0.07272 0.10929 0.01250 ( 1)
 110 T   0.81237 0.04526 0.13361 0.00876 ( 1)
 111 A   0.87522 0.00663 0.11699 0.00116 ( 1)
 112 G   0.85232 0.03581 0.10610 0.00578 ( 1)
 113 F   0.82739 0.00097 0.17141 0.00022 ( 1)
 114 S   0.82543 0.03326 0.13494 0.00638 ( 1)
 115 T   0.01430 0.00850 0.96023 0.01696 ( 3)
 116 P   0.82622 0.00108 0.17245 0.00025 ( 1)
 117 F   0.85281 0.00594 0.14011 0.00115 ( 1)
 118 S   0.61199 0.25954 0.08315 0.04532 ( 1)
 119 F   0.87451 0.00016 0.12530 0.00003 ( 1)
 120 S   0.08866 0.77643 0.01101 0.12390 ( 2)
 121 N   0.74190 0.08415 0.15462 0.01932 ( 1)
 122 A   0.13859 0.14883 0.60248 0.11010 ( 3)
 123 Q   0.00590 0.53128 0.02834 0.43448 ( 2)
 124 S   0.74845 0.05570 0.18146 0.01438 ( 1)
 125 T   0.18167 0.24676 0.44358 0.12799 ( 3)
 126 F   0.14970 0.09823 0.67595 0.07612 ( 3)
 127 T   0.14266 0.30465 0.37644 0.17625 ( 3)
 128 L   0.70633 0.07485 0.19720 0.02162 ( 1)
 129 G   0.00608 0.00616 0.96220 0.02556 ( 3)
 130 T   0.23058 0.04364 0.70113 0.02464 ( 3)
 131 Q   0.31284 0.55789 0.03875 0.09053 ( 2)
 132 A   0.06795 0.11317 0.66172 0.15717 ( 3)
 133 F   0.14585 0.00185 0.85061 0.00169 ( 3)
 134 -   0.01257 0.60331 0.03828 0.34584 ( 2)
 135 S   0.82651 0.00087 0.17242 0.00020 ( 1)
 136 N   0.76944 0.05296 0.16491 0.01269 ( 1)
 137 Q   0.68579 0.16388 0.11760 0.03273 ( 1)
 138 E   0.76544 0.00354 0.22992 0.00109 ( 1)
 139 V   0.27930 0.00525 0.71249 0.00296 ( 3)
 140 Y   0.85876 0.00022 0.14098 0.00004 ( 1)
 141 I   0.85075 0.01444 0.13209 0.00271 ( 1)
 142 D   0.79584 0.00073 0.20324 0.00020 ( 1)
 143 R   0.23542 0.03154 0.71562 0.01741 ( 3)
 144 I   0.87623 0.00435 0.11867 0.00075 ( 1)
 145 E   0.87109 0.00024 0.12862 0.00004 ( 1)
 146 F   0.85616 0.01794 0.12275 0.00316 ( 1)
 147 V   0.75515 0.02575 0.21162 0.00748 ( 1)
 148 -   0.58771 0.12897 0.23365 0.04967 ( 1)

