Supplemental results for CODEML (seqf: algn  treef: tree)


dN/dS (w) for site classes (K=4)

site class             0        1       2a       2b
proportion       0.62984  0.35565  0.00928  0.00524
background w     0.10879  1.00000  0.10879  1.00000
foreground w     0.10879  1.00000  1.00000  1.00000

Naive Empirical Bayes (NEB) probabilities for 4 classes
(amino acids refer to 1st sequence: BT_Cry19Aa1)

   1 E   0.00082 0.98467 0.00001 0.01450 ( 2)
   2 V   0.99008 0.00008 0.00985 0.00000 ( 1)
   3 K   0.98949 0.00020 0.01030 0.00000 ( 1)
   4 T   0.34808 0.63783 0.00469 0.00939 ( 2)
   5 E   0.98897 0.00029 0.01073 0.00000 ( 1)
   6 L   0.97061 0.01667 0.01248 0.00025 ( 1)
   7 T   0.98695 0.00099 0.01204 0.00001 ( 1)
   8 R   0.98644 0.00263 0.01089 0.00004 ( 1)
   9 E   0.98897 0.00029 0.01073 0.00000 ( 1)
  10 I   0.99054 0.00010 0.00936 0.00000 ( 1)
  11 Y   0.98962 0.00060 0.00977 0.00001 ( 1)
  12 S   0.97595 0.01161 0.01227 0.00017 ( 1)
  13 D   0.99111 0.00002 0.00888 0.00000 ( 1)
  14 V   0.98442 0.00233 0.01321 0.00003 ( 1)
  15 I   0.91727 0.00067 0.08205 0.00001 ( 1)
  16 N   0.99124 0.00004 0.00871 0.00000 ( 1)
  17 G   0.13035 0.84425 0.01297 0.01243 ( 2)
  18 E   0.48586 0.49927 0.00751 0.00735 ( 2)
  19 I   0.01613 0.96911 0.00048 0.01427 ( 2)
  20 Y   0.14227 0.83423 0.01121 0.01229 ( 2)
  21 G   0.71347 0.27332 0.00919 0.00403 ( 1)
  22 L   0.03484 0.92358 0.02798 0.01360 ( 2)
  23 M   0.36163 0.62517 0.00399 0.00921 ( 2)
  24 -   0.38027 0.60521 0.00560 0.00891 ( 2)
  25 T   0.01180 0.97369 0.00017 0.01434 ( 2)
  26 P   0.44381 0.54167 0.00654 0.00798 ( 2)
  27 Y   0.03628 0.94938 0.00036 0.01398 ( 2)
  28 F   0.00197 0.98338 0.00016 0.01448 ( 2)
  29 S   0.82804 0.16182 0.00776 0.00238 ( 1)
  30 F   0.97004 0.01962 0.01005 0.00029 ( 1)
  31 E   0.01276 0.97276 0.00015 0.01433 ( 2)
  32 K   0.09331 0.89245 0.00110 0.01314 ( 2)
  33 A   0.46342 0.52325 0.00562 0.00771 ( 2)
  34 E   0.98897 0.00029 0.01073 0.00000 ( 1)
  35 S   0.79607 0.19245 0.00865 0.00283 ( 1)
  36 L   0.98638 0.00311 0.01047 0.00005 ( 1)
  37 Y   0.99006 0.00020 0.00974 0.00000 ( 1)
  38 T   0.98791 0.00087 0.01120 0.00001 ( 1)
  39 R   0.87606 0.11055 0.01176 0.00163 ( 1)
  40 A   0.00662 0.97889 0.00008 0.01442 ( 2)
  41 P   0.98904 0.00044 0.01052 0.00001 ( 1)
  42 H   0.99054 0.00003 0.00943 0.00000 ( 1)
  43 L   0.18783 0.79814 0.00227 0.01176 ( 2)
  44 F   0.98016 0.00712 0.01261 0.00010 ( 1)
  45 T   0.99043 0.00008 0.00949 0.00000 ( 1)
  46 W   0.94919 0.03753 0.01272 0.00055 ( 1)
  47 L   0.98432 0.00373 0.01189 0.00005 ( 1)
  48 K   0.54895 0.43708 0.00753 0.00644 ( 1)
  49 G   0.97916 0.00885 0.01187 0.00013 ( 1)
  50 F   0.98688 0.00355 0.00952 0.00005 ( 1)
  51 R   0.57825 0.40930 0.00642 0.00603 ( 1)
  52 F   0.99041 0.00004 0.00955 0.00000 ( 1)
  53 V   0.98736 0.00117 0.01146 0.00002 ( 1)
  54 T   0.98150 0.00881 0.00957 0.00013 ( 1)
  55 N   0.99124 0.00004 0.00871 0.00000 ( 1)
  56 S   0.19046 0.79589 0.00192 0.01172 ( 2)
  57 I   0.98388 0.00672 0.00930 0.00010 ( 1)
  58 S   0.82967 0.15961 0.00837 0.00235 ( 1)
  59 Y   0.00076 0.98473 0.00001 0.01450 ( 2)
  60 -   0.98311 0.00672 0.01006 0.00010 ( 1)
  61 -   0.01700 0.96110 0.00775 0.01416 ( 2)
  62 -   0.10258 0.88290 0.00151 0.01300 ( 2)
  63 -   0.12638 0.85911 0.00186 0.01265 ( 2)
  64 -   0.02191 0.96196 0.00197 0.01417 ( 2)
  65 -   0.66495 0.32383 0.00645 0.00477 ( 1)
  66 W   0.94919 0.03753 0.01272 0.00055 ( 1)
  67 T   0.19175 0.79438 0.00217 0.01170 ( 2)
  68 F   0.98825 0.00217 0.00954 0.00003 ( 1)
  69 L   0.98483 0.00323 0.01189 0.00005 ( 1)
  70 S   0.86959 0.11943 0.00922 0.00176 ( 1)
  71 G   0.98905 0.00081 0.01013 0.00001 ( 1)
  72 G   0.00021 0.98528 0.00000 0.01451 ( 2)
  73 Q   0.21180 0.77423 0.00256 0.01140 ( 2)
  74 N   0.99098 0.00030 0.00871 0.00000 ( 1)
  75 K   0.96754 0.02206 0.01007 0.00032 ( 1)
  76 Y   0.96756 0.02259 0.00952 0.00033 ( 1)
  77 S   0.95674 0.03312 0.00965 0.00049 ( 1)
  78 Y   0.04351 0.94215 0.00047 0.01388 ( 2)
  79 T   0.69786 0.28862 0.00927 0.00425 ( 1)
  80 N   0.00031 0.98506 0.00012 0.01451 ( 2)
  81 -   0.62984 0.35565 0.00928 0.00524 ( 1)
  82 N   0.00000 0.98548 0.00000 0.01452 ( 2)
  83 S   0.00032 0.98515 0.00002 0.01451 ( 2)
  84 S   0.00030 0.98516 0.00003 0.01451 ( 2)
  85 I   0.93595 0.05440 0.00884 0.00080 ( 1)
  86 N   0.00004 0.98545 0.00000 0.01451 ( 2)
  87 E   0.00107 0.98430 0.00013 0.01450 ( 2)
  88 G   0.94571 0.04221 0.01146 0.00062 ( 1)
  89 S   0.96250 0.02687 0.01024 0.00040 ( 1)
  90 F   0.98947 0.00032 0.01020 0.00000 ( 1)
  91 R   0.00000 0.98548 0.00000 0.01452 ( 2)
  92 G   0.97600 0.01068 0.01316 0.00016 ( 1)
  93 Q   0.02071 0.96481 0.00028 0.01421 ( 2)
  94 D   0.81000 0.17834 0.00903 0.00263 ( 1)
  95 T   0.08823 0.89755 0.00100 0.01322 ( 2)
  96 D   0.02047 0.96506 0.00025 0.01421 ( 2)
  97 Y   0.79496 0.19435 0.00783 0.00286 ( 1)
  98 G   0.98266 0.00718 0.01006 0.00011 ( 1)
  99 G   0.92069 0.06717 0.01116 0.00099 ( 1)
 100 T   0.26878 0.71711 0.00355 0.01056 ( 2)
 101 S   0.05287 0.93286 0.00053 0.01374 ( 2)
 102 S   0.98847 0.00154 0.00997 0.00002 ( 1)
 103 T   0.02568 0.95811 0.00210 0.01411 ( 2)
 104 I   0.08964 0.88795 0.00933 0.01308 ( 2)
 105 N   0.05170 0.93408 0.00046 0.01376 ( 2)
 106 I   0.82103 0.10113 0.07635 0.00149 ( 1)
 107 P   0.00001 0.98547 0.00000 0.01451 ( 2)
 108 S   0.00033 0.98515 0.00000 0.01451 ( 2)
 109 N   0.00081 0.98464 0.00005 0.01450 ( 2)
 110 S   0.01998 0.96553 0.00027 0.01422 ( 2)
 111 Y   0.71484 0.27409 0.00703 0.00404 ( 1)
 112 V   0.22861 0.75777 0.00246 0.01116 ( 2)
 113 Y   0.97754 0.01265 0.00962 0.00019 ( 1)
 114 N   0.55298 0.43573 0.00486 0.00642 ( 1)
 115 L   0.96577 0.02223 0.01166 0.00033 ( 1)
 116 W   0.12775 0.85790 0.00171 0.01264 ( 2)
 117 T   0.66823 0.31948 0.00758 0.00471 ( 1)
 118 E   0.98707 0.00262 0.01028 0.00004 ( 1)
 119 N   0.83453 0.15306 0.01015 0.00225 ( 1)
 120 Y   0.98207 0.00814 0.00966 0.00012 ( 1)
 121 E   0.86225 0.12516 0.01074 0.00184 ( 1)
 122 Y   0.00009 0.98540 0.00000 0.01451 ( 2)
 123 I   0.98441 0.00619 0.00930 0.00009 ( 1)
 124 Y   0.90336 0.08622 0.00914 0.00127 ( 1)
 125 P   0.98559 0.00241 0.01196 0.00004 ( 1)
 126 W   0.04061 0.94488 0.00059 0.01392 ( 2)
 127 G   0.00003 0.98545 0.00000 0.01451 ( 2)
 128 D   0.98807 0.00304 0.00885 0.00004 ( 1)
 129 P   0.17678 0.80914 0.00216 0.01192 ( 2)
 130 V   0.01721 0.96827 0.00026 0.01426 ( 2)
 131 N   0.99098 0.00030 0.00871 0.00000 ( 1)
 132 I   0.98441 0.00619 0.00930 0.00009 ( 1)
 133 T   0.36639 0.62032 0.00416 0.00914 ( 2)
 134 K   0.33672 0.64953 0.00419 0.00957 ( 2)
 135 M   0.90023 0.08994 0.00851 0.00132 ( 1)
 136 N   0.98017 0.01105 0.00862 0.00016 ( 1)
 137 F   0.99035 0.00010 0.00955 0.00000 ( 1)
 138 S   0.94012 0.04966 0.00948 0.00073 ( 1)
 139 V   0.00075 0.98473 0.00001 0.01450 ( 2)
 140 T   0.93727 0.04948 0.01251 0.00073 ( 1)
 141 D   0.98688 0.00415 0.00891 0.00006 ( 1)
 142 N   0.99124 0.00004 0.00871 0.00000 ( 1)
 143 N   0.95254 0.03538 0.01155 0.00052 ( 1)
 144 S   0.00480 0.98070 0.00006 0.01444 ( 2)
 145 S   0.52522 0.46139 0.00660 0.00680 ( 1)
 146 K   0.00002 0.98547 0.00000 0.01451 ( 2)
 147 E   0.27022 0.69509 0.02446 0.01024 ( 2)
 148 L   0.00002 0.98546 0.00000 0.01451 ( 2)
 149 I   0.10736 0.87032 0.00950 0.01282 ( 2)
 150 Y   0.98738 0.00287 0.00971 0.00004 ( 1)
 151 G   0.95086 0.03883 0.00973 0.00057 ( 1)
 152 A   0.01127 0.97422 0.00015 0.01435 ( 2)
 153 H   0.00033 0.98515 0.00000 0.01451 ( 2)
 154 R   0.13102 0.85494 0.00145 0.01259 ( 2)
 155 T   0.01577 0.96972 0.00023 0.01428 ( 2)
 156 -   0.62984 0.35565 0.00928 0.00524 ( 1)
 157 -   0.09539 0.89010 0.00140 0.01311 ( 2)
 158 -   0.49877 0.48671 0.00735 0.00717 ( 1)
 159 N   0.99124 0.00004 0.00871 0.00000 ( 1)
 160 K   0.00765 0.97717 0.00079 0.01439 ( 2)
 161 P   0.98936 0.00012 0.01052 0.00000 ( 1)
 162 V   0.84412 0.14564 0.00809 0.00215 ( 1)
 163 V   0.99009 0.00006 0.00985 0.00000 ( 1)
 164 R   0.38371 0.56624 0.04171 0.00834 ( 2)
 165 T   0.98646 0.00140 0.01212 0.00002 ( 1)
 166 D   0.92409 0.00020 0.07571 0.00000 ( 1)
 167 F   0.99039 0.00006 0.00955 0.00000 ( 1)
 168 D   0.98919 0.00192 0.00886 0.00003 ( 1)
 169 F   0.99041 0.00004 0.00955 0.00000 ( 1)
 170 L   0.98345 0.00602 0.01044 0.00009 ( 1)
 171 T   0.11062 0.87523 0.00126 0.01289 ( 2)
 172 N   0.98753 0.00365 0.00876 0.00005 ( 1)
 173 K   0.98739 0.00229 0.01028 0.00003 ( 1)
 174 E   0.21541 0.75036 0.02318 0.01105 ( 2)
 175 G   0.59552 0.39150 0.00722 0.00577 ( 1)
 176 T   0.90651 0.00950 0.08385 0.00014 ( 1)
 177 E   0.37522 0.61068 0.00511 0.00899 ( 2)
 178 L   0.07973 0.90593 0.00100 0.01334 ( 2)
 179 A   0.36803 0.61782 0.00505 0.00910 ( 2)
 180 K   0.97821 0.01055 0.01109 0.00016 ( 1)
 181 Y   0.91012 0.07660 0.01216 0.00113 ( 1)
 182 N   0.99070 0.00059 0.00871 0.00001 ( 1)
 183 D   0.98116 0.00997 0.00872 0.00015 ( 1)
 184 Y   0.98639 0.00047 0.01313 0.00001 ( 1)
 185 N   0.98128 0.00993 0.00864 0.00015 ( 1)
 186 H   0.99045 0.00011 0.00944 0.00000 ( 1)
 187 I   0.99058 0.00006 0.00936 0.00000 ( 1)
 188 L   0.98216 0.00589 0.01186 0.00009 ( 1)
 189 S   0.97953 0.00799 0.01237 0.00012 ( 1)
 190 Y   0.88429 0.10545 0.00871 0.00155 ( 1)
 191 M   0.57250 0.41490 0.00649 0.00611 ( 1)
 192 L   0.98032 0.00709 0.01249 0.00010 ( 1)
 193 I   0.22003 0.76593 0.00276 0.01128 ( 2)
 194 N   0.98504 0.00617 0.00869 0.00009 ( 1)
 195 -   0.89242 0.09306 0.01314 0.00137 ( 1)
 196 -   0.91333 0.07216 0.01345 0.00106 ( 1)
 197 -   0.78348 0.20201 0.01154 0.00298 ( 1)
 198 G   0.66411 0.32302 0.00811 0.00476 ( 1)
 199 E   0.01482 0.97067 0.00022 0.01430 ( 2)
 200 T   0.98170 0.00701 0.01119 0.00010 ( 1)
 201 F   0.28393 0.70295 0.00276 0.01035 ( 2)
 202 G   0.89786 0.01182 0.09015 0.00017 ( 1)
 203 Q   0.69280 0.29449 0.00837 0.00434 ( 1)
 204 K   0.83106 0.15795 0.00866 0.00233 ( 1)
 205 R   0.53435 0.45303 0.00595 0.00667 ( 1)
 206 H   0.98174 0.00543 0.01275 0.00008 ( 1)
 207 G   0.98959 0.00028 0.01013 0.00000 ( 1)
 208 Y   0.99014 0.00012 0.00974 0.00000 ( 1)
 209 S   0.89050 0.09729 0.01078 0.00143 ( 1)
 210 F   0.99041 0.00004 0.00955 0.00000 ( 1)
 211 A   0.98541 0.00328 0.01126 0.00005 ( 1)
 212 F   0.99016 0.00006 0.00978 0.00000 ( 1)
 213 T   0.98412 0.00270 0.01314 0.00004 ( 1)
 214 H   0.99055 0.00002 0.00943 0.00000 ( 1)
 215 S   0.99091 0.00001 0.00908 0.00000 ( 1)
 216 S   0.98586 0.00179 0.01232 0.00003 ( 1)


lnL = -3723.155724

Bayes Empirical Bayes (BEB) probabilities for 4 classes (class)
(amino acids refer to 1st sequence: BT_Cry19Aa1)

   1 E   0.00531 0.96640 0.00013 0.02816 ( 2)
   2 V   0.98450 0.00010 0.01540 0.00000 ( 1)
   3 K   0.98222 0.00026 0.01751 0.00001 ( 1)
   4 T   0.50760 0.45756 0.01778 0.01706 ( 1)
   5 E   0.98116 0.00035 0.01848 0.00001 ( 1)
   6 L   0.95284 0.01570 0.03090 0.00056 ( 1)
   7 T   0.97098 0.00122 0.02776 0.00004 ( 1)
   8 R   0.97840 0.00276 0.01878 0.00007 ( 1)
   9 E   0.98116 0.00035 0.01848 0.00001 ( 1)
  10 I   0.98504 0.00014 0.01482 0.00000 ( 1)
  11 Y   0.98285 0.00076 0.01637 0.00002 ( 1)
  12 S   0.96126 0.01122 0.02716 0.00036 ( 1)
  13 D   0.98671 0.00003 0.01326 0.00000 ( 1)
  14 V   0.96446 0.00245 0.03300 0.00009 ( 1)
  15 I   0.79913 0.00061 0.20024 0.00003 ( 1)
  16 N   0.98591 0.00007 0.01402 0.00000 ( 1)
  17 G   0.28791 0.57216 0.10531 0.03462 ( 2)
  18 E   0.69433 0.26741 0.02802 0.01023 ( 1)
  19 I   0.05559 0.88270 0.01161 0.05010 ( 2)
  20 Y   0.25343 0.57375 0.11760 0.05522 ( 2)
  21 G   0.80486 0.16533 0.02426 0.00554 ( 1)
  22 L   0.05738 0.43494 0.41957 0.08812 ( 2)
  23 M   0.57722 0.40043 0.01172 0.01063 ( 1)
  24 -   0.48233 0.47000 0.02439 0.02328 ( 1)
  25 T   0.03639 0.91594 0.00185 0.04582 ( 2)
  26 P   0.58417 0.36816 0.02948 0.01819 ( 1)
  27 Y   0.13736 0.83859 0.00231 0.02175 ( 2)
  28 F   0.00972 0.93861 0.00279 0.04888 ( 2)
  29 S   0.89425 0.08966 0.01384 0.00225 ( 1)
  30 F   0.96461 0.01347 0.02148 0.00044 ( 1)
  31 E   0.04901 0.92028 0.00142 0.02929 ( 2)
  32 K   0.23035 0.74146 0.00577 0.02243 ( 2)
  33 A   0.65352 0.32010 0.01652 0.00986 ( 1)
  34 E   0.98116 0.00035 0.01848 0.00001 ( 1)
  35 S   0.86227 0.11827 0.01640 0.00306 ( 1)
  36 L   0.98047 0.00261 0.01686 0.00006 ( 1)
  37 Y   0.98347 0.00026 0.01626 0.00001 ( 1)
  38 T   0.97798 0.00100 0.02100 0.00003 ( 1)
  39 R   0.86891 0.09787 0.02966 0.00356 ( 1)
  40 A   0.02647 0.94503 0.00066 0.02783 ( 2)
  41 P   0.98248 0.00051 0.01701 0.00001 ( 1)
  42 H   0.98621 0.00004 0.01375 0.00000 ( 1)
  43 L   0.31920 0.65336 0.00804 0.01940 ( 2)
  44 F   0.96435 0.00704 0.02838 0.00023 ( 1)
  45 T   0.98467 0.00011 0.01522 0.00000 ( 1)
  46 W   0.93362 0.03370 0.03146 0.00121 ( 1)
  47 L   0.97204 0.00384 0.02401 0.00011 ( 1)
  48 K   0.64689 0.31653 0.02420 0.01238 ( 1)
  49 G   0.96748 0.00861 0.02366 0.00025 ( 1)
  50 F   0.98225 0.00291 0.01477 0.00006 ( 1)
  51 R   0.74467 0.23451 0.01481 0.00602 ( 1)
  52 F   0.98514 0.00006 0.01480 0.00000 ( 1)
  53 V   0.97704 0.00128 0.02165 0.00003 ( 1)
  54 T   0.97516 0.00888 0.01575 0.00021 ( 1)
  55 N   0.98591 0.00007 0.01402 0.00000 ( 1)
  56 S   0.42441 0.55531 0.00708 0.01320 ( 2)
  57 I   0.97958 0.00555 0.01475 0.00013 ( 1)
  58 S   0.89841 0.08475 0.01485 0.00199 ( 1)
  59 Y   0.00484 0.94798 0.00024 0.04693 ( 2)
  60 -   0.97734 0.00690 0.01560 0.00015 ( 1)
  61 -   0.03827 0.68014 0.18655 0.09503 ( 2)
  62 -   0.19401 0.75832 0.00985 0.03781 ( 2)
  63 -   0.23215 0.72018 0.01179 0.03588 ( 2)
  64 -   0.05945 0.86444 0.02334 0.05277 ( 2)
  65 -   0.74727 0.23457 0.01215 0.00601 ( 1)
  66 W   0.93362 0.03370 0.03146 0.00121 ( 1)
  67 T   0.37721 0.59822 0.00819 0.01638 ( 2)
  68 F   0.98313 0.00199 0.01484 0.00004 ( 1)
  69 L   0.97255 0.00334 0.02402 0.00010 ( 1)
  70 S   0.90468 0.07596 0.01732 0.00204 ( 1)
  71 G   0.98337 0.00092 0.01570 0.00002 ( 1)
  72 G   0.00179 0.96843 0.00005 0.02973 ( 2)
  73 Q   0.40831 0.56543 0.00997 0.01629 ( 2)
  74 N   0.98564 0.00033 0.01402 0.00001 ( 1)
  75 K   0.96810 0.01428 0.01727 0.00035 ( 1)
  76 Y   0.96874 0.01490 0.01600 0.00036 ( 1)
  77 S   0.96230 0.02131 0.01590 0.00050 ( 1)
  78 Y   0.15395 0.81287 0.00337 0.02982 ( 2)
  79 T   0.78674 0.18060 0.02619 0.00648 ( 1)
  80 N   0.00141 0.66222 0.02160 0.31477 ( 2)
  81 -   0.65670 0.29563 0.03309 0.01458 ( 1)
  82 N   0.00005 0.95283 0.00001 0.04711 ( 2)
  83 S   0.00306 0.95337 0.00053 0.04305 ( 2)
  84 S   0.00209 0.93995 0.00080 0.05716 ( 2)
  85 I   0.95669 0.02826 0.01440 0.00065 ( 1)
  86 N   0.00040 0.97459 0.00001 0.02501 ( 2)
  87 E   0.00586 0.89540 0.00485 0.09388 ( 2)
  88 G   0.94571 0.03028 0.02314 0.00087 ( 1)
  89 S   0.96614 0.01675 0.01672 0.00038 ( 1)
  90 F   0.98089 0.00041 0.01868 0.00001 ( 1)
  91 R   0.00000 0.96524 0.00000 0.03476 ( 2)
  92 G   0.95582 0.01040 0.03339 0.00039 ( 1)
  93 Q   0.06727 0.89819 0.00224 0.03230 ( 2)
  94 D   0.88440 0.09207 0.02070 0.00283 ( 1)
  95 T   0.24383 0.73076 0.00530 0.02011 ( 2)
  96 D   0.08592 0.88157 0.00269 0.02981 ( 2)
  97 Y   0.88194 0.10098 0.01462 0.00246 ( 1)
  98 G   0.97877 0.00551 0.01561 0.00012 ( 1)
  99 G   0.92744 0.04847 0.02270 0.00139 ( 1)
 100 T   0.45880 0.50773 0.01516 0.01831 ( 2)
 101 S   0.18808 0.78994 0.00314 0.01884 ( 2)
 102 S   0.98235 0.00141 0.01621 0.00003 ( 1)
 103 T   0.09468 0.84132 0.02123 0.04277 ( 2)
 104 I   0.20933 0.65568 0.08513 0.04986 ( 2)
 105 N   0.18031 0.79938 0.00246 0.01785 ( 2)
 106 I   0.72790 0.04503 0.22433 0.00275 ( 1)
 107 P   0.00010 0.91097 0.00005 0.08887 ( 2)
 108 S   0.00277 0.96512 0.00006 0.03204 ( 2)
 109 N   0.00533 0.94545 0.00093 0.04828 ( 2)
 110 S   0.05719 0.90664 0.00202 0.03415 ( 2)
 111 Y   0.83583 0.14674 0.01385 0.00357 ( 1)
 112 V   0.48122 0.49800 0.00910 0.01168 ( 2)
 113 Y   0.97505 0.00864 0.01611 0.00021 ( 1)
 114 N   0.75665 0.22685 0.01083 0.00567 ( 1)
 115 L   0.95452 0.02127 0.02359 0.00062 ( 1)
 116 W   0.24841 0.71688 0.00848 0.02624 ( 2)
 117 T   0.77680 0.20095 0.01679 0.00546 ( 1)
 118 E   0.98014 0.00232 0.01748 0.00006 ( 1)
 119 N   0.88182 0.09334 0.02210 0.00274 ( 1)
 120 Y   0.97807 0.00562 0.01617 0.00014 ( 1)
 121 E   0.89940 0.07449 0.02386 0.00226 ( 1)
 122 Y   0.00080 0.97398 0.00001 0.02521 ( 2)
 123 I   0.98074 0.00442 0.01474 0.00010 ( 1)
 124 Y   0.92969 0.05339 0.01560 0.00132 ( 1)
 125 P   0.97352 0.00255 0.02386 0.00007 ( 1)
 126 W   0.10797 0.85363 0.00425 0.03414 ( 2)
 127 G   0.00037 0.97496 0.00001 0.02466 ( 2)
 128 D   0.98447 0.00224 0.01324 0.00005 ( 1)
 129 P   0.35470 0.61787 0.00897 0.01846 ( 2)
 130 V   0.06430 0.90269 0.00259 0.03041 ( 2)
 131 N   0.98564 0.00033 0.01402 0.00001 ( 1)
 132 I   0.98074 0.00442 0.01474 0.00010 ( 1)
 133 T   0.56347 0.41305 0.01220 0.01127 ( 1)
 134 K   0.56457 0.40451 0.01618 0.01474 ( 1)
 135 M   0.93751 0.04728 0.01412 0.00110 ( 1)
 136 N   0.97796 0.00793 0.01391 0.00019 ( 1)
 137 F   0.98505 0.00013 0.01482 0.00000 ( 1)
 138 S   0.95148 0.03204 0.01573 0.00075 ( 1)
 139 V   0.00484 0.96037 0.00025 0.03453 ( 2)
 140 T   0.93050 0.03676 0.03141 0.00133 ( 1)
 141 D   0.98163 0.00313 0.01516 0.00008 ( 1)
 142 N   0.98591 0.00007 0.01402 0.00000 ( 1)
 143 N   0.95272 0.02281 0.02379 0.00067 ( 1)
 144 S   0.02639 0.94236 0.00067 0.03058 ( 2)
 145 S   0.66201 0.30917 0.01882 0.00999 ( 1)
 146 K   0.00022 0.95747 0.00002 0.04229 ( 2)
 147 E   0.42281 0.43842 0.11364 0.02513 ( 2)
 148 L   0.00019 0.89211 0.00013 0.10757 ( 2)
 149 I   0.24949 0.65589 0.06395 0.03066 ( 2)
 150 Y   0.98116 0.00257 0.01621 0.00006 ( 1)
 151 G   0.96020 0.02396 0.01532 0.00053 ( 1)
 152 A   0.04057 0.92239 0.00148 0.03557 ( 2)
 153 H   0.00223 0.96154 0.00008 0.03615 ( 2)
 154 R   0.31247 0.66484 0.00606 0.01663 ( 2)
 155 T   0.05385 0.89848 0.00274 0.04493 ( 2)
 156 -   0.65670 0.29563 0.03309 0.01458 ( 1)
 157 -   0.18331 0.76902 0.00931 0.03836 ( 2)
 158 -   0.58795 0.36438 0.02967 0.01800 ( 1)
 159 N   0.98591 0.00007 0.01402 0.00000 ( 1)
 160 K   0.02878 0.85763 0.01765 0.09594 ( 2)
 161 P   0.98285 0.00015 0.01701 0.00000 ( 1)
 162 V   0.91026 0.07389 0.01411 0.00175 ( 1)
 163 V   0.98452 0.00008 0.01540 0.00000 ( 1)
 164 R   0.41828 0.30818 0.24229 0.03126 ( 1)
 165 T   0.97163 0.00156 0.02676 0.00005 ( 1)
 166 D   0.82832 0.00020 0.17147 0.00001 ( 1)
 167 F   0.98510 0.00008 0.01481 0.00000 ( 1)
 168 D   0.98519 0.00154 0.01324 0.00003 ( 1)
 169 F   0.98514 0.00006 0.01480 0.00000 ( 1)
 170 L   0.97805 0.00501 0.01682 0.00011 ( 1)
 171 T   0.28303 0.69120 0.00620 0.01957 ( 2)
 172 N   0.98189 0.00363 0.01439 0.00009 ( 1)
 173 K   0.98039 0.00208 0.01748 0.00005 ( 1)
 174 E   0.37016 0.41438 0.17910 0.03636 ( 2)
 175 G   0.72457 0.25039 0.01782 0.00723 ( 1)
 176 T   0.76158 0.00581 0.23226 0.00035 ( 1)
 177 E   0.55442 0.40972 0.02011 0.01575 ( 1)
 178 L   0.19400 0.77218 0.00612 0.02771 ( 2)
 179 A   0.52717 0.43600 0.01974 0.01709 ( 1)
 180 K   0.97033 0.00860 0.02084 0.00023 ( 1)
 181 Y   0.91071 0.05633 0.03091 0.00205 ( 1)
 182 N   0.98532 0.00065 0.01401 0.00002 ( 1)
 183 D   0.97850 0.00690 0.01443 0.00017 ( 1)
 184 Y   0.96686 0.00058 0.03254 0.00002 ( 1)
 185 N   0.97885 0.00695 0.01402 0.00018 ( 1)
 186 H   0.98605 0.00015 0.01380 0.00000 ( 1)
 187 I   0.98511 0.00008 0.01480 0.00000 ( 1)
 188 L   0.96999 0.00588 0.02396 0.00017 ( 1)
 189 S   0.96413 0.00793 0.02768 0.00026 ( 1)
 190 Y   0.92015 0.06307 0.01524 0.00154 ( 1)
 191 M   0.75197 0.22726 0.01507 0.00569 ( 1)
 192 L   0.95880 0.00696 0.03397 0.00028 ( 1)
 193 I   0.41234 0.55963 0.01165 0.01638 ( 2)
 194 N   0.98136 0.00438 0.01415 0.00011 ( 1)
 195 -   0.86839 0.08394 0.04355 0.00412 ( 1)
 196 -   0.88510 0.06723 0.04437 0.00330 ( 1)
 197 -   0.78412 0.16821 0.03940 0.00827 ( 1)
 198 G   0.76881 0.20563 0.01946 0.00610 ( 1)
 199 E   0.05134 0.90099 0.00261 0.04506 ( 2)
 200 T   0.97154 0.00705 0.02122 0.00019 ( 1)
 201 F   0.54078 0.44039 0.00844 0.01039 ( 1)
 202 G   0.69955 0.00743 0.29233 0.00069 ( 1)
 203 Q   0.79140 0.18414 0.01921 0.00526 ( 1)
 204 K   0.88991 0.09185 0.01595 0.00228 ( 1)
 205 R   0.67006 0.30804 0.01351 0.00839 ( 1)
 206 H   0.96520 0.00544 0.02917 0.00018 ( 1)
 207 G   0.98398 0.00032 0.01569 0.00001 ( 1)
 208 Y   0.98359 0.00016 0.01625 0.00000 ( 1)
 209 S   0.90260 0.07033 0.02480 0.00226 ( 1)
 210 F   0.98514 0.00006 0.01480 0.00000 ( 1)
 211 A   0.97440 0.00282 0.02269 0.00009 ( 1)
 212 F   0.98378 0.00008 0.01614 0.00000 ( 1)
 213 T   0.96445 0.00290 0.03255 0.00010 ( 1)
 214 H   0.98623 0.00002 0.01375 0.00000 ( 1)
 215 S   0.98696 0.00002 0.01302 0.00000 ( 1)
 216 S   0.97103 0.00195 0.02696 0.00006 ( 1)

