Supplemental results for CODEML (seqf: algn  treef: tree)


dN/dS (w) for site classes (K=4)

site class             0        1       2a       2b
proportion       0.00000  0.00000  0.56709  0.43291
background w     0.19728  1.29973  0.19728  1.29973
foreground w     0.19728  1.29973  0.03114  0.03114

Naive Empirical Bayes (NEB) probabilities for 4 classes
(amino acids refer to 1st sequence: BT_Cry40Aa1)

   1 S   0.00000 0.00000 0.48515 0.51485 ( 4)
   2 -   0.00000 0.00000 0.26126 0.73874 ( 4)
   3 L   0.00000 0.00000 0.05591 0.94409 ( 4)
   4 G   0.00000 0.00000 0.03193 0.96807 ( 4)
   5 G   0.00000 0.00000 0.00589 0.99411 ( 4)
   6 I   0.00000 0.00000 0.98528 0.01472 ( 3)
   7 N   0.00000 0.00000 0.03760 0.96240 ( 4)
   8 T   0.00000 0.00000 0.00253 0.99747 ( 4)
   9 L   0.00000 0.00000 0.20525 0.79475 ( 4)
  10 F   0.00000 0.00000 0.04598 0.95402 ( 4)
  11 S   0.00000 0.00000 0.00138 0.99862 ( 4)
  12 I   0.00000 0.00000 0.86019 0.13981 ( 3)
  13 I   0.00000 0.00000 0.98431 0.01569 ( 3)
  14 G   0.00000 0.00000 0.00001 0.99999 ( 4)
  15 K   0.00000 0.00000 0.47316 0.52684 ( 4)
  16 L   0.00000 0.00000 0.43353 0.56647 ( 4)
  17 I   0.00000 0.00000 0.24040 0.75960 ( 4)
  18 -   0.00000 0.00000 0.04556 0.95444 ( 4)
  19 P   0.00000 0.00000 0.82432 0.17568 ( 3)
  20 T   0.00000 0.00000 0.77714 0.22286 ( 3)
  21 N   0.00000 0.00000 0.11622 0.88378 ( 4)
  22 H   0.00000 0.00000 0.95577 0.04422 ( 3)
  23 Q   0.00000 0.00000 0.00119 0.99881 ( 4)
  24 S   0.00000 0.00000 0.70314 0.29686 ( 3)
  25 V   0.00000 0.00000 0.79063 0.20937 ( 3)
  26 S   0.00000 0.00000 0.50737 0.49263 ( 3)
  27 A   0.00000 0.00000 0.02958 0.97042 ( 4)
  28 L   0.00000 0.00000 0.99191 0.00809 ( 3)
  29 S   0.00000 0.00000 0.99941 0.00059 ( 3)
  30 I   0.00000 0.00000 0.99808 0.00192 ( 3)
  31 C   0.00000 0.00000 0.99945 0.00055 ( 3)
  32 D   0.00000 0.00000 0.99959 0.00040 ( 3)
  33 L   0.00000 0.00000 0.99675 0.00325 ( 3)
  34 L   0.00000 0.00000 0.96528 0.03472 ( 3)
  35 S   0.00000 0.00000 0.99503 0.00497 ( 3)
  36 I   0.00000 0.00000 0.99975 0.00025 ( 3)
  37 I   0.00000 0.00000 0.99979 0.00021 ( 3)
  38 R   0.00000 0.00000 0.95881 0.04119 ( 3)
  39 K   0.00000 0.00000 0.65153 0.34847 ( 3)
  40 E   0.00000 0.00000 0.61888 0.38112 ( 3)
  41 V   0.00000 0.00000 0.99604 0.00396 ( 3)
  42 A   0.00000 0.00001 0.39228 0.60771 ( 4)
  43 D   0.00000 0.00000 0.32223 0.67777 ( 4)
  44 S   0.00000 0.00000 0.99819 0.00181 ( 3)
  45 V   0.00000 0.00000 0.97715 0.02285 ( 3)
  46 L   0.00000 0.00000 0.99626 0.00374 ( 3)
  47 S   0.00000 0.00000 0.26971 0.73029 ( 4)
  48 D   0.00000 0.00000 0.23295 0.76705 ( 4)
  49 A   0.00000 0.00000 0.13918 0.86082 ( 4)
  50 I   0.00000 0.00000 0.02641 0.97359 ( 4)
  51 C   0.00000 0.00000 0.22303 0.77697 ( 4)
  52 R   0.00000 0.00000 0.98230 0.01770 ( 3)
  53 F   0.00000 0.00000 0.99989 0.00011 ( 3)
  54 L   0.00000 0.00000 0.56709 0.43291 ( 3)
  55 D   0.00000 0.00000 0.29156 0.70844 ( 4)
  56 G   0.00000 0.00000 0.99943 0.00057 ( 3)
  57 K   0.00000 0.00000 0.01072 0.98928 ( 4)
  58 L   0.00000 0.00000 0.06566 0.93434 ( 4)
  59 K   0.00000 0.00000 0.00038 0.99962 ( 4)
  60 N   0.00000 0.00000 0.03034 0.96966 ( 4)
  61 Y   0.00000 0.00000 0.98508 0.01492 ( 3)
  62 R   0.00000 0.00000 0.00012 0.99987 ( 4)
  63 E   0.00000 0.00000 0.00001 0.99999 ( 4)
  64 Y   0.00000 0.00000 0.98649 0.01351 ( 3)
  65 Y   0.00000 0.00000 0.99947 0.00053 ( 3)
  66 L   0.00000 0.00000 0.99449 0.00551 ( 3)
  67 P   0.00000 0.00000 0.00000 1.00000 ( 4)
  68 Y   0.00000 0.00000 0.79167 0.20833 ( 3)
  69 L   0.00000 0.00000 0.99553 0.00447 ( 3)
  70 E   0.00000 0.00000 0.00002 0.99998 ( 4)
  71 A   0.00000 0.00000 0.00001 0.99999 ( 4)
  72 W   0.00000 0.00000 0.96438 0.03561 ( 3)
  73 L   0.00000 0.00000 0.92454 0.07546 ( 3)
  74 K   0.00000 0.00000 0.00219 0.99781 ( 4)
  75 D   0.00000 0.00000 0.01502 0.98498 ( 4)
  76 G   0.00000 0.00000 0.00849 0.99151 ( 4)
  77 K   0.00000 0.00000 0.01557 0.98443 ( 4)
  78 P   0.00000 0.00000 0.94127 0.05873 ( 3)
  79 L   0.00000 0.00000 0.22398 0.77602 ( 4)
  80 Q   0.00000 0.00000 0.09702 0.90298 ( 4)
  81 K   0.00000 0.00000 0.05345 0.94655 ( 4)
  82 T   0.00000 0.00000 0.65744 0.34256 ( 3)
  83 N   0.00000 0.00000 0.96774 0.03226 ( 3)
  84 N   0.00000 0.00000 0.00290 0.99710 ( 4)
  85 S   0.00000 0.00000 0.00000 1.00000 ( 4)
  86 D   0.00000 0.00000 0.00001 0.99999 ( 4)
  87 I   0.00000 0.00000 0.67494 0.32506 ( 3)
  88 G   0.00000 0.00000 0.00000 1.00000 ( 4)
  89 Q   0.00000 0.00000 0.14621 0.85379 ( 4)
  90 L   0.00000 0.00000 0.38952 0.61048 ( 4)
  91 V   0.00000 0.00000 0.32012 0.67988 ( 4)
  92 K   0.00000 0.00000 0.00010 0.99990 ( 4)
  93 Y   0.00000 0.00000 0.18548 0.81452 ( 4)
  94 F   0.00000 0.00000 0.99549 0.00451 ( 3)
  95 E   0.00000 0.00000 0.09622 0.90378 ( 4)
  96 L   0.00000 0.00000 0.00000 1.00000 ( 4)
  97 S   0.00000 0.00000 0.03564 0.96436 ( 4)
  98 E   0.00000 0.00000 0.98354 0.01646 ( 3)
  99 R   0.00000 0.00000 0.00045 0.99955 ( 4)
 100 D   0.00000 0.00000 0.00448 0.99552 ( 4)
 101 F   0.00000 0.00000 0.98907 0.01093 ( 3)
 102 N   0.00000 0.00000 0.75959 0.24041 ( 3)
 103 E   0.00000 0.00000 0.00213 0.99787 ( 4)
 104 I   0.00000 0.00000 0.97112 0.02887 ( 3)
 105 L   0.00000 0.00000 0.96008 0.03992 ( 3)
 106 -   0.00000 0.00000 0.84397 0.15603 ( 3)
 107 -   0.00000 0.00000 0.28156 0.71844 ( 4)
 108 -   0.00000 0.00000 0.76497 0.23503 ( 3)
 109 -   0.00000 0.00000 0.86739 0.13261 ( 3)
 110 -   0.00000 0.00000 0.79442 0.20558 ( 3)
 111 -   0.00000 0.00000 0.77073 0.22927 ( 3)
 112 -   0.00000 0.00000 0.52526 0.47474 ( 3)
 113 G   0.00000 0.00000 0.02835 0.97165 ( 4)
 114 G   0.00000 0.00000 0.99115 0.00885 ( 3)
 115 S   0.00000 0.00000 0.75552 0.24448 ( 3)
 116 L   0.00000 0.00000 0.99643 0.00357 ( 3)
 117 A   0.00000 0.00000 0.55920 0.44080 ( 3)
 118 R   0.00000 0.00000 0.96232 0.03768 ( 3)
 119 N   0.00000 0.00000 0.00014 0.99986 ( 4)
 120 N   0.00000 0.00000 0.84792 0.15208 ( 3)
 121 A   0.00000 0.00000 0.99564 0.00436 ( 3)
 122 Q   0.00000 0.00000 0.90750 0.09250 ( 3)
 123 I   0.00000 0.00000 0.99724 0.00276 ( 3)
 124 L   0.00000 0.00000 0.99469 0.00531 ( 3)
 125 L   0.00000 0.00000 0.99612 0.00388 ( 3)
 126 L   0.00000 0.00000 0.99105 0.00895 ( 3)
 127 P   0.00000 0.00000 0.99878 0.00122 ( 3)
 128 Y   0.00000 0.00000 0.72183 0.27817 ( 3)
 129 F   0.00000 0.00000 0.90864 0.09136 ( 3)
 130 C   0.00000 0.00000 0.00108 0.99892 ( 4)
 131 A   0.00000 0.00000 0.06123 0.93877 ( 4)
 132 S   0.00000 0.00000 0.85314 0.14686 ( 3)
 133 C   0.00000 0.00000 0.96508 0.03492 ( 3)
 134 K   0.00000 0.00000 0.94553 0.05447 ( 3)
 135 C   0.00000 0.00000 0.00138 0.99862 ( 4)
 136 Q   0.00000 0.00000 0.99545 0.00455 ( 3)
 137 L   0.00000 0.00000 0.99675 0.00325 ( 3)
 138 L   0.00000 0.00000 0.99021 0.00979 ( 3)
 139 L   0.00000 0.00000 0.94816 0.05184 ( 3)
 140 L   0.00000 0.00000 0.99626 0.00374 ( 3)
 141 R   0.00000 0.00000 0.99051 0.00949 ( 3)
 142 D   0.00000 0.00000 0.99989 0.00011 ( 3)
 143 A   0.00000 0.00000 0.87874 0.12126 ( 3)
 144 V   0.00000 0.00000 0.65064 0.34936 ( 3)
 145 Q   0.00000 0.00000 0.08359 0.91641 ( 4)
 146 Y   0.00000 0.00000 0.99947 0.00053 ( 3)
 147 E   0.00000 0.00000 0.80865 0.19135 ( 3)
 148 E   0.00000 0.00000 0.00004 0.99996 ( 4)
 149 Q   0.00000 0.00000 0.00106 0.99894 ( 4)
 150 W   0.00000 0.00000 0.96438 0.03561 ( 3)
 151 F   0.00000 0.00000 0.03501 0.96499 ( 4)
 152 P   0.00000 0.00000 0.00052 0.99948 ( 4)
 153 F   0.00000 0.00000 0.00384 0.99615 ( 4)
 154 L   0.00000 0.00000 0.00051 0.99949 ( 4)
 155 S   0.00000 0.00000 0.03631 0.96369 ( 4)
 156 A   0.00000 0.00000 0.02673 0.97327 ( 4)
 157 E   0.00000 0.00000 0.29397 0.70603 ( 4)
 158 N   0.00000 0.00000 0.30830 0.69170 ( 4)
 159 V   0.00000 0.00000 0.45979 0.54021 ( 4)
 160 R   0.00000 0.00000 0.46336 0.53664 ( 4)
 161 S   0.00000 0.00000 0.85851 0.14149 ( 3)
 162 E   0.00000 0.00000 0.90851 0.09149 ( 3)
 163 L   0.00000 0.00000 0.92111 0.07889 ( 3)
 164 I   0.00000 0.00000 0.92834 0.07165 ( 3)
 165 S   0.00000 0.00000 0.96746 0.03254 ( 3)
 166 P   0.00000 0.00000 0.99783 0.00217 ( 3)
 167 N   0.00000 0.00000 0.60982 0.39018 ( 3)
 168 S   0.00000 0.00000 0.67159 0.32841 ( 3)
 169 G   0.00000 0.00000 0.65997 0.34003 ( 3)
 170 C   0.00000 0.00000 0.65681 0.34319 ( 3)
 171 D   0.00000 0.00000 0.68898 0.31102 ( 3)
 172 F   0.00000 0.00000 0.68110 0.31890 ( 3)
 173 T   0.00000 0.00000 0.02389 0.97611 ( 4)
 174 G   0.00000 0.00000 0.13830 0.86170 ( 4)
 175 D   0.00000 0.00000 0.99967 0.00033 ( 3)
 176 Y   0.00000 0.00000 0.99283 0.00717 ( 3)
 177 Y   0.00000 0.00000 0.00006 0.99994 ( 4)
 178 E   0.00000 0.00000 0.01907 0.98093 ( 4)
 179 R   0.00000 0.00000 0.29463 0.70537 ( 4)
 180 L   0.00000 0.00000 0.96937 0.03063 ( 3)
 181 K   0.00000 0.00000 0.66812 0.33188 ( 3)
 182 C   0.00000 0.00000 0.00676 0.99324 ( 4)
 183 K   0.00000 0.00000 0.03511 0.96489 ( 4)
 184 I   0.00000 0.00000 0.39421 0.60579 ( 4)
 185 A   0.00000 0.00000 0.05760 0.94240 ( 4)
 186 E   0.00000 0.00000 0.00014 0.99986 ( 4)
 187 Y   0.00000 0.00000 0.99654 0.00346 ( 3)
 188 T   0.00000 0.00000 0.12758 0.87242 ( 4)
 189 D   0.00000 0.00000 0.80515 0.19485 ( 3)
 190 Y   0.00000 0.00000 0.97126 0.02874 ( 3)
 191 C   0.00000 0.00000 0.99634 0.00366 ( 3)
 192 E   0.00000 0.00000 0.00007 0.99993 ( 4)
 193 Y   0.00000 0.00000 0.00002 0.99997 ( 4)
 194 W   0.00000 0.00000 0.96438 0.03561 ( 3)
 195 Y   0.00000 0.00000 0.99947 0.00053 ( 3)
 196 Q   0.00000 0.00000 0.38625 0.61375 ( 4)
 197 A   0.00000 0.00000 0.00027 0.99973 ( 4)
 198 G   0.00000 0.00000 0.99957 0.00043 ( 3)
 199 L   0.00000 0.00000 0.96704 0.03296 ( 3)
 200 N   0.00000 0.00000 0.99281 0.00719 ( 3)
 201 Q   0.00000 0.00000 0.94809 0.05191 ( 3)
 202 I   0.00000 0.00000 0.99248 0.00752 ( 3)
 203 K   0.00000 0.00000 0.94424 0.05576 ( 3)
 204 Q   0.00000 0.00000 0.00577 0.99423 ( 4)
 205 A   0.00000 0.00000 0.00005 0.99995 ( 4)
 206 G   0.00000 0.00000 0.99748 0.00252 ( 3)
 207 T   0.00000 0.00000 0.27101 0.72899 ( 4)
 208 G   0.00000 0.00000 0.11995 0.88004 ( 4)
 209 A   0.00000 0.00000 0.86741 0.13259 ( 3)
 210 D   0.00000 0.00000 0.00932 0.99068 ( 4)
 211 T   0.00000 0.00000 0.00207 0.99793 ( 4)
 212 W   0.00000 0.00000 0.96438 0.03561 ( 3)
 213 A   0.00000 0.00000 0.00364 0.99636 ( 4)
 214 K   0.00000 0.00000 0.99816 0.00184 ( 3)
 215 F   0.00000 0.00000 0.99989 0.00011 ( 3)
 216 N   0.00000 0.00000 0.99930 0.00070 ( 3)
 217 K   0.00000 0.00000 0.99745 0.00255 ( 3)
 218 F   0.00000 0.00000 0.99875 0.00125 ( 3)
 219 R   0.00000 0.00000 0.99777 0.00223 ( 3)
 220 R   0.00000 0.00000 0.99918 0.00082 ( 3)
 221 E   0.00000 0.00000 0.98937 0.01063 ( 3)
 222 M   0.00000 0.00000 0.99974 0.00026 ( 3)
 223 T   0.00000 0.00000 0.99413 0.00587 ( 3)
 224 L   0.00000 0.00000 0.98620 0.01380 ( 3)
 225 T   0.00000 0.00000 0.07412 0.92588 ( 4)
 226 V   0.00000 0.00000 0.99942 0.00058 ( 3)
 227 L   0.00000 0.00000 0.98834 0.01166 ( 3)
 228 D   0.00000 0.00000 0.99993 0.00007 ( 3)
 229 I   0.00000 0.00000 0.99789 0.00211 ( 3)
 230 I   0.00000 0.00000 0.97340 0.02660 ( 3)
 231 A   0.00000 0.00000 0.73984 0.26016 ( 3)
 232 I   0.00000 0.00000 0.81171 0.18829 ( 3)
 233 F   0.00000 0.00000 0.98841 0.01159 ( 3)
 234 Q   0.00000 0.00000 0.82798 0.17202 ( 3)
 235 T   0.00000 0.00000 0.46646 0.53354 ( 4)


lnL = -4718.102640

