Supplemental results for CODEML (seqf: algn  treef: tree)


dN/dS (w) for site classes (K=4)

site class             0        1       2a       2b
proportion       0.28881  0.20203  0.29959  0.20957
background w     0.10272  1.00000  0.10272  1.00000
foreground w     0.10272  1.00000  1.00000  1.00000

Naive Empirical Bayes (NEB) probabilities for 4 classes
(amino acids refer to 1st sequence: BT_Cry13Aa1)

   1 -   0.24976 0.24107 0.25909 0.25007 ( 3)
   2 A   0.05638 0.32369 0.28414 0.33578 ( 4)
   3 K   0.54103 0.02611 0.40578 0.02708 ( 1)
   4 G   0.52653 0.01729 0.43824 0.01794 ( 1)
   5 I   0.53500 0.02644 0.41113 0.02743 ( 1)
   6 P   0.52384 0.00926 0.45730 0.00960 ( 1)
   7 V   0.10767 0.00193 0.88839 0.00201 ( 3)
   8 E   0.56636 0.00054 0.43254 0.00056 ( 1)
   9 K   0.57171 0.00019 0.42790 0.00020 ( 1)
  10 G   0.32855 0.17670 0.31145 0.18330 ( 1)
  11 Y   0.55333 0.00588 0.43469 0.00610 ( 1)
  12 A   0.00330 0.48791 0.00267 0.50613 ( 4)
  13 S   0.11797 0.37588 0.11624 0.38991 ( 4)
  14 S   0.49325 0.02693 0.45189 0.02793 ( 1)
  15 -   0.08423 0.40661 0.08737 0.42179 ( 4)
  16 -   0.32094 0.16989 0.33293 0.17624 ( 3)
  17 -   0.32378 0.16706 0.33587 0.17330 ( 3)
  18 -   0.32647 0.16437 0.33866 0.17051 ( 3)
  19 -   0.31977 0.17106 0.33171 0.17745 ( 3)
  20 -   0.32788 0.16296 0.34012 0.16904 ( 3)
  21 -   0.31870 0.17213 0.33060 0.17856 ( 3)
  22 -   0.29612 0.19471 0.30718 0.20198 ( 3)
  23 -   0.31725 0.17359 0.32909 0.18007 ( 3)
  24 -   0.32085 0.16999 0.33283 0.17633 ( 3)
  25 -   0.32493 0.16590 0.33707 0.17210 ( 3)
  26 -   0.32094 0.16989 0.33293 0.17624 ( 3)
  27 -   0.31445 0.17638 0.32619 0.18297 ( 3)
  28 G   0.53841 0.00033 0.46093 0.00034 ( 1)
  29 Q   0.01300 0.47910 0.01091 0.49699 ( 4)
  30 K   0.00538 0.46656 0.04409 0.48398 ( 4)
  31 V   0.25210 0.27018 0.19745 0.28027 ( 4)
  32 E   0.00756 0.48277 0.00887 0.50080 ( 4)
  33 I   0.09142 0.31312 0.27064 0.32482 ( 4)
  34 I   0.11632 0.07722 0.72636 0.08010 ( 3)
  35 R   0.00213 0.48884 0.00193 0.50710 ( 4)
  36 -   0.23206 0.25877 0.24073 0.26843 ( 4)
  37 E   0.52518 0.00361 0.46747 0.00374 ( 1)
  38 W   0.00010 0.49035 0.00089 0.50866 ( 4)
  39 I   0.09683 0.22020 0.45454 0.22842 ( 3)
  40 N   0.56519 0.01046 0.41350 0.01085 ( 1)
  41 G   0.51496 0.00093 0.48316 0.00096 ( 1)
  42 A   0.23274 0.26850 0.22024 0.27852 ( 4)
  43 N   0.08780 0.31595 0.26850 0.32775 ( 4)
  44 V   0.01937 0.42148 0.12194 0.43722 ( 4)
  45 V   0.25368 0.27187 0.19243 0.28202 ( 4)
  46 Q   0.13005 0.01492 0.83955 0.01548 ( 3)
  47 L   0.38176 0.07751 0.46033 0.08040 ( 3)
  48 S   0.29375 0.11657 0.46876 0.12092 ( 3)
  49 P   0.31678 0.20418 0.26725 0.21180 ( 1)
  50 G   0.00207 0.48882 0.00203 0.50707 ( 4)
  51 Q   0.12029 0.38236 0.10072 0.39664 ( 4)
  52 S   0.08695 0.41348 0.07064 0.42892 ( 4)
  53 W   0.04273 0.44922 0.04205 0.46599 ( 4)
  54 G   0.00015 0.49070 0.00012 0.50903 ( 4)
  55 M   0.29096 0.23154 0.23732 0.24019 ( 1)
  56 D   0.14367 0.36996 0.10259 0.38377 ( 4)
  57 F   0.55145 0.01067 0.42681 0.01107 ( 1)
  58 T   0.50506 0.00296 0.48891 0.00307 ( 1)
  59 N   0.58778 0.00060 0.41100 0.00062 ( 1)
  60 S   0.00582 0.48194 0.01231 0.49993 ( 4)
  61 T   0.55837 0.00134 0.43891 0.00139 ( 1)
  62 G   0.11482 0.38911 0.09244 0.40364 ( 4)
  63 G   0.39607 0.13546 0.32796 0.14052 ( 1)
  64 Q   0.06540 0.38637 0.14742 0.40080 ( 4)
  65 Y   0.55932 0.00068 0.43928 0.00071 ( 1)
  66 M   0.01127 0.48077 0.00924 0.49872 ( 4)
  67 V   0.48043 0.02604 0.46651 0.02702 ( 1)
  68 R   0.49902 0.00250 0.49589 0.00259 ( 1)
  69 C   0.12785 0.37576 0.10660 0.38979 ( 4)
  70 R   0.52165 0.00009 0.47816 0.00010 ( 1)
  71 Y   0.55991 0.00014 0.43979 0.00015 ( 1)
  72 A   0.55486 0.00018 0.44478 0.00018 ( 1)
  73 S   0.46769 0.09210 0.34467 0.09554 ( 1)
  74 T   0.00040 0.48874 0.00387 0.50699 ( 4)
  75 N   0.00126 0.48966 0.00114 0.50794 ( 4)
  76 D   0.33800 0.03594 0.58877 0.03728 ( 3)
  77 T   0.52737 0.02970 0.41212 0.03081 ( 1)
  78 -   0.12828 0.36256 0.13307 0.37610 ( 4)
  79 -   0.44440 0.04644 0.46100 0.04817 ( 3)
  80 P   0.53999 0.00108 0.45781 0.00112 ( 1)
  81 I   0.38909 0.11752 0.37147 0.12191 ( 1)
  82 F   0.01551 0.47728 0.01210 0.49511 ( 4)
  83 F   0.55439 0.00921 0.42684 0.00956 ( 1)
  84 N   0.54824 0.03097 0.38867 0.03212 ( 1)
  85 L   0.50675 0.02309 0.44621 0.02395 ( 1)
  86 -   0.28881 0.20203 0.29959 0.20957 ( 3)
  87 -   0.28881 0.20203 0.29959 0.20957 ( 3)
  88 -   0.28881 0.20203 0.29959 0.20957 ( 3)
  89 -   0.28881 0.20203 0.29959 0.20957 ( 3)
  90 -   0.28881 0.20203 0.29959 0.20957 ( 3)
  91 -   0.28881 0.20203 0.29959 0.20957 ( 3)
  92 V   0.13422 0.36132 0.12964 0.37481 ( 4)
  93 Y   0.05093 0.44605 0.04032 0.46270 ( 4)
  94 D   0.00314 0.48788 0.00288 0.50610 ( 4)
  95 G   0.00029 0.49056 0.00027 0.50888 ( 4)
  96 G   0.06270 0.43443 0.05223 0.45065 ( 4)
  97 S   0.00301 0.48792 0.00292 0.50615 ( 4)
  98 N   0.55501 0.02413 0.39583 0.02503 ( 1)
  99 P   0.07249 0.42607 0.05946 0.44198 ( 4)
 100 I   0.51917 0.04757 0.38391 0.04935 ( 1)
 101 Y   0.01230 0.47849 0.01285 0.49636 ( 4)
 102 N   0.00007 0.49003 0.00158 0.50833 ( 4)
 103 Q   0.00067 0.48821 0.00468 0.50644 ( 4)
 104 M   0.01119 0.48084 0.00917 0.49880 ( 4)
 105 T   0.22614 0.29251 0.17791 0.30344 ( 4)
 106 F   0.50640 0.00641 0.48054 0.00665 ( 1)
 107 P   0.54988 0.00182 0.44642 0.00188 ( 1)
 108 A   0.01142 0.46620 0.03876 0.48361 ( 4)
 109 -   0.28881 0.20203 0.29959 0.20957 ( 3)
 110 T   0.06594 0.43234 0.05324 0.44848 ( 4)
 111 K   0.01231 0.47520 0.01954 0.49295 ( 4)
 112 E   0.00112 0.48769 0.00529 0.50590 ( 4)
 113 T   0.12730 0.02536 0.82103 0.02631 ( 3)
 114 P   0.02472 0.11943 0.73196 0.12389 ( 3)
 115 A   0.10610 0.13368 0.62154 0.13867 ( 3)
 116 H   0.06876 0.34420 0.22998 0.35706 ( 4)
 117 D   0.01402 0.40963 0.15143 0.42493 ( 4)
 118 S   0.07250 0.38273 0.14776 0.39702 ( 4)
 119 V   0.28881 0.20203 0.29959 0.20957 ( 3)
 120 D   0.28881 0.20203 0.29959 0.20957 ( 3)
 121 N   0.10563 0.33784 0.20607 0.35046 ( 4)
 122 K   0.35835 0.15793 0.31989 0.16383 ( 1)
 123 I   0.41921 0.12658 0.32291 0.13130 ( 1)
 124 L   0.12474 0.02232 0.82979 0.02315 ( 3)
 125 G   0.06778 0.42496 0.06644 0.44082 ( 4)
 126 I   0.04379 0.31873 0.30685 0.33063 ( 4)
 127 K   0.56090 0.00675 0.42535 0.00700 ( 1)
 128 G   0.54460 0.00110 0.45315 0.00114 ( 1)
 129 I   0.00781 0.47257 0.02940 0.49022 ( 4)
 130 N   0.58687 0.00135 0.41038 0.00140 ( 1)
 131 G   0.52095 0.01579 0.44688 0.01638 ( 1)
 132 N   0.39276 0.00983 0.58721 0.01020 ( 3)
 133 Y   0.56003 0.00007 0.43983 0.00007 ( 1)
 134 S   0.34667 0.16970 0.30759 0.17604 ( 1)
 135 L   0.44000 0.06254 0.43258 0.06488 ( 1)
 136 M   0.01008 0.48184 0.00825 0.49983 ( 4)
 137 N   0.06555 0.25243 0.42016 0.26186 ( 3)
 138 V   0.22240 0.29423 0.17816 0.30522 ( 4)
 139 K   0.00951 0.48262 0.00724 0.50064 ( 4)
 140 D   0.57369 0.00905 0.40787 0.00939 ( 1)
 141 S   0.48711 0.05868 0.39333 0.06088 ( 1)
 142 V   0.11224 0.02226 0.84240 0.02310 ( 3)
 143 E   0.44942 0.03080 0.48782 0.03195 ( 3)
 144 L   0.55138 0.00368 0.44111 0.00382 ( 1)
 145 P   0.54257 0.00012 0.45719 0.00012 ( 1)
 146 S   0.54712 0.00550 0.44167 0.00570 ( 1)
 147 G   0.23951 0.25864 0.23355 0.26830 ( 4)
 148 K   0.50784 0.05437 0.38139 0.05640 ( 1)
 149 F   0.04489 0.45155 0.03514 0.46841 ( 4)
 150 H   0.00795 0.48394 0.00609 0.50202 ( 4)
 151 V   0.56245 0.00269 0.43208 0.00279 ( 1)
 152 F   0.00044 0.49045 0.00034 0.50876 ( 4)
 153 F   0.50439 0.00831 0.47867 0.00862 ( 1)
 154 T   0.02321 0.47039 0.01845 0.48796 ( 4)
 155 N   0.58700 0.00124 0.41046 0.00129 ( 1)
 156 N   0.38962 0.16410 0.27605 0.17023 ( 1)
 157 G   0.48828 0.05162 0.40655 0.05354 ( 1)
 158 -   0.06521 0.42563 0.06764 0.44152 ( 4)
 159 -   0.31897 0.17186 0.33088 0.17828 ( 3)
 160 -   0.38111 0.10973 0.39534 0.11383 ( 3)
 161 S   0.16151 0.34188 0.14196 0.35465 ( 4)
 162 S   0.23425 0.28168 0.19187 0.29220 ( 4)
 163 A   0.55193 0.01058 0.42650 0.01098 ( 1)
 164 I   0.56471 0.00600 0.42308 0.00622 ( 1)
 165 Y   0.50340 0.04843 0.39792 0.05024 ( 1)
 166 L   0.53042 0.00226 0.46497 0.00235 ( 1)
 167 D   0.58436 0.00011 0.41542 0.00011 ( 1)
 168 R   0.51724 0.00422 0.47417 0.00438 ( 1)
 169 L   0.54981 0.00411 0.44182 0.00426 ( 1)
 170 E   0.52315 0.00015 0.47654 0.00016 ( 1)
 171 F   0.56490 0.00011 0.43488 0.00011 ( 1)
 172 V   0.56033 0.00727 0.42486 0.00754 ( 1)
 173 P   0.51997 0.02830 0.42237 0.02936 ( 1)


lnL = -2643.856743

