Supplemental results for CODEML (seqf: algn  treef: tree)


dN/dS (w) for site classes (K=4)

site class             0        1       2a       2b
proportion       0.53837  0.43703  0.01358  0.01102
background w     0.14610  1.00000  0.14610  1.00000
foreground w     0.14610  1.00000 144.67424 144.67424

Naive Empirical Bayes (NEB) probabilities for 4 classes
(amino acids refer to 1st sequence: BT_Cry19Ba1)

   1 E   0.26592 0.70948 0.00671 0.01790 ( 2)
   2 -   0.53837 0.43703 0.01358 0.01102 ( 1)
   3 -   0.53837 0.43703 0.01358 0.01102 ( 1)
   4 V   0.53398 0.34022 0.11377 0.01202 ( 1)
   5 G   0.84072 0.15291 0.00540 0.00098 ( 1)
   6 P   0.01667 0.98170 0.00003 0.00160 ( 2)
   7 L   0.41669 0.57842 0.00209 0.00279 ( 2)
   8 L   0.98704 0.01006 0.00286 0.00003 ( 1)
   9 S   0.95754 0.03941 0.00290 0.00015 ( 1)
  10 W   0.18132 0.81681 0.00032 0.00155 ( 2)
  11 M   0.17140 0.81535 0.00221 0.01104 ( 2)
  12 V   0.00988 0.98402 0.00006 0.00605 ( 2)
  13 S   0.01138 0.96474 0.00025 0.02362 ( 2)
  14 L   0.17701 0.81856 0.00078 0.00365 ( 2)
  15 F   0.82297 0.17545 0.00129 0.00029 ( 1)
  16 W   0.88698 0.10612 0.00615 0.00074 ( 1)
  17 P   0.99298 0.00520 0.00181 0.00001 ( 1)
  18 T   0.01925 0.97898 0.00003 0.00174 ( 2)
  19 I   0.00098 0.99701 0.00000 0.00201 ( 2)
  20 -   0.79437 0.18102 0.02004 0.00457 ( 1)
  21 -   0.77995 0.19545 0.01967 0.00493 ( 1)
  22 -   0.70795 0.26744 0.01786 0.00675 ( 1)
  23 E   0.02882 0.96811 0.00009 0.00299 ( 2)
  24 E   0.00032 0.94159 0.00002 0.05808 ( 2)
  25 K   0.01761 0.98081 0.00003 0.00156 ( 2)
  26 N   0.97467 0.02352 0.00176 0.00005 ( 1)
  27 T   0.01071 0.96941 0.00020 0.01968 ( 2)
  28 V   0.93225 0.06560 0.00200 0.00015 ( 1)
  29 W   0.88698 0.10612 0.00615 0.00074 ( 1)
  30 E   0.46321 0.53463 0.00096 0.00119 ( 2)
  31 D   0.00003 0.00684 0.23270 0.76043 ( 4)
  32 M   0.02447 0.81871 0.01511 0.14171 ( 2)
  33 I   0.94898 0.04993 0.00103 0.00006 ( 1)
  34 K   0.98471 0.01315 0.00211 0.00003 ( 1)
  35 Y   0.02646 0.97037 0.00007 0.00309 ( 2)
  36 V   0.28343 0.37175 0.31216 0.03266 ( 2)
  37 A   0.86439 0.13055 0.00439 0.00067 ( 1)
  38 N   0.97762 0.02065 0.00169 0.00004 ( 1)
  39 L   0.94425 0.05138 0.00415 0.00023 ( 1)
  40 L   0.98917 0.00864 0.00217 0.00002 ( 1)
  41 K   0.00008 0.99612 0.00000 0.00379 ( 2)
  42 Q   0.05489 0.94292 0.00012 0.00208 ( 2)
  43 E   0.15449 0.83655 0.00130 0.00767 ( 2)
  44 L   0.12926 0.86776 0.00037 0.00260 ( 2)
  45 T   0.00034 0.99529 0.00000 0.00437 ( 2)
  46 N   0.00034 0.99649 0.00000 0.00317 ( 2)
  47 D   0.00050 0.99665 0.00000 0.00285 ( 2)
  48 T   0.13554 0.86116 0.00043 0.00287 ( 2)
  49 L   0.41114 0.58521 0.00150 0.00215 ( 2)
  50 N   0.00059 0.98774 0.00001 0.01167 ( 2)
  51 R   0.11663 0.88117 0.00025 0.00194 ( 2)
  52 A   0.99564 0.00254 0.00181 0.00000 ( 1)
  53 T   0.96966 0.02571 0.00451 0.00012 ( 1)
  54 S   0.00398 0.98692 0.00003 0.00907 ( 2)
  55 N   0.93958 0.05861 0.00169 0.00012 ( 1)
  56 L   0.92936 0.06774 0.00269 0.00020 ( 1)
  57 S   0.01591 0.97527 0.00014 0.00868 ( 2)
  58 G   0.75024 0.24822 0.00115 0.00039 ( 1)
  59 L   0.97181 0.02530 0.00282 0.00008 ( 1)
  60 N   0.00223 0.90953 0.00334 0.08489 ( 2)
  61 E   0.25554 0.43663 0.27399 0.03383 ( 2)
  62 S   0.07753 0.91955 0.00022 0.00270 ( 2)
  63 L   0.95359 0.04203 0.00419 0.00019 ( 1)
  64 N   0.00000 0.08031 0.00337 0.91632 ( 4)
  65 I   0.34156 0.65538 0.00103 0.00203 ( 2)
  66 Y   0.99493 0.00267 0.00239 0.00001 ( 1)
  67 N   0.98301 0.01415 0.00280 0.00004 ( 1)
  68 R   0.68767 0.30717 0.00355 0.00160 ( 1)
  69 A   0.41083 0.58680 0.00094 0.00143 ( 2)
  70 L   0.97351 0.02393 0.00250 0.00007 ( 1)
  71 A   0.95212 0.04617 0.00163 0.00008 ( 1)
  72 A   0.00115 0.98848 0.00005 0.01033 ( 2)
  73 W   0.88698 0.10612 0.00615 0.00074 ( 1)
  74 K   0.07817 0.91767 0.00029 0.00387 ( 2)
  75 Q   0.00001 0.99751 0.00000 0.00249 ( 2)
  76 -   0.53837 0.43703 0.01358 0.01102 ( 1)
  77 N   0.00765 0.98332 0.00007 0.00896 ( 2)
  78 K   0.00212 0.99590 0.00000 0.00198 ( 2)
  79 N   0.04943 0.94866 0.00009 0.00183 ( 2)
  80 N   0.00030 0.99788 0.00000 0.00182 ( 2)
  81 F   0.04657 0.92882 0.00117 0.02343 ( 2)
  82 A   0.04452 0.93088 0.00112 0.02348 ( 2)
  83 S   0.09197 0.88342 0.00232 0.02228 ( 2)
  84 -   0.53837 0.43703 0.01358 0.01102 ( 1)
  85 -   0.78687 0.18852 0.01985 0.00476 ( 1)
  86 G   0.83236 0.16605 0.00132 0.00027 ( 1)
  87 E   0.03006 0.61074 0.08746 0.27173 ( 2)
  88 L   0.01080 0.98062 0.00009 0.00849 ( 2)
  89 I   0.13017 0.86736 0.00030 0.00216 ( 2)
  90 R   0.92068 0.07616 0.00290 0.00026 ( 1)
  91 S   0.00017 0.99854 0.00000 0.00129 ( 2)
  92 Y   0.00681 0.99087 0.00002 0.00231 ( 2)
  93 I   0.98935 0.00957 0.00107 0.00001 ( 1)
  94 N   0.00125 0.99533 0.00000 0.00341 ( 2)
  95 D   0.16082 0.83400 0.00083 0.00435 ( 2)
  96 L   0.99602 0.00241 0.00156 0.00000 ( 1)
  97 H   0.99534 0.00336 0.00129 0.00000 ( 1)
  98 I   0.29706 0.70129 0.00048 0.00116 ( 2)
  99 L   0.00023 0.99511 0.00000 0.00466 ( 2)
 100 F   0.99749 0.00073 0.00178 0.00000 ( 1)
 101 T   0.00099 0.99411 0.00000 0.00490 ( 2)
 102 R   0.00001 0.99496 0.00000 0.00504 ( 2)
 103 D   0.05600 0.94212 0.00010 0.00178 ( 2)
 104 I   0.99679 0.00107 0.00214 0.00000 ( 1)
 105 Q   0.77333 0.22444 0.00170 0.00053 ( 1)
 106 S   0.00366 0.98731 0.00003 0.00900 ( 2)
 107 D   0.79413 0.20072 0.00410 0.00105 ( 1)
 108 F   0.96266 0.03338 0.00382 0.00013 ( 1)
 109 S   0.08178 0.91357 0.00038 0.00428 ( 2)
 110 L   0.28886 0.70882 0.00063 0.00168 ( 2)
 111 G   0.00006 0.99774 0.00000 0.00220 ( 2)
 112 G   0.23439 0.75565 0.00227 0.00769 ( 2)
 113 Y   0.99420 0.00359 0.00220 0.00001 ( 1)
 114 E   0.98259 0.01533 0.00205 0.00003 ( 1)
 115 T   0.00841 0.98420 0.00005 0.00734 ( 2)
 116 V   0.99141 0.00640 0.00218 0.00002 ( 1)
 117 L   0.98704 0.01006 0.00286 0.00003 ( 1)
 118 L   0.98357 0.01354 0.00285 0.00004 ( 1)
 119 P   0.99328 0.00514 0.00157 0.00001 ( 1)
 120 S   0.85366 0.13781 0.00734 0.00119 ( 1)
 121 Y   0.99370 0.00410 0.00219 0.00001 ( 1)
 122 A   0.84196 0.14956 0.00703 0.00145 ( 1)
 123 S   0.93891 0.05893 0.00202 0.00014 ( 1)
 124 A   0.10146 0.01139 0.87450 0.01265 ( 3)
 125 A   0.93175 0.05949 0.00823 0.00053 ( 1)
 126 N   0.99457 0.00363 0.00179 0.00001 ( 1)
 127 L   0.97113 0.02708 0.00174 0.00005 ( 1)
 128 H   0.99724 0.00147 0.00130 0.00000 ( 1)
 129 L   0.97664 0.01898 0.00429 0.00008 ( 1)
 130 L   0.85247 0.14592 0.00135 0.00026 ( 1)
 131 L   0.98159 0.01528 0.00308 0.00005 ( 1)
 132 L   0.98075 0.01636 0.00284 0.00005 ( 1)
 133 R   0.97283 0.02555 0.00158 0.00004 ( 1)
 134 D   0.99474 0.00222 0.00303 0.00001 ( 1)
 135 V   0.98535 0.01251 0.00212 0.00003 ( 1)
 136 A   0.10604 0.89175 0.00022 0.00199 ( 2)
 137 I   0.98640 0.01145 0.00212 0.00003 ( 1)
 138 Y   0.92426 0.07352 0.00204 0.00017 ( 1)
 139 G   0.99399 0.00448 0.00153 0.00001 ( 1)
 140 K   0.28028 0.71737 0.00059 0.00176 ( 2)
 141 E   0.12201 0.87008 0.00095 0.00696 ( 2)
 142 -   0.60814 0.38943 0.00136 0.00107 ( 1)
 143 -   0.55984 0.43156 0.00482 0.00378 ( 1)
 144 -   0.59026 0.40780 0.00110 0.00084 ( 1)
 145 -   0.60732 0.39033 0.00131 0.00104 ( 1)
 146 -   0.59827 0.40037 0.00076 0.00059 ( 1)
 147 -   0.60814 0.38943 0.00136 0.00107 ( 1)
 148 -   0.61664 0.38136 0.00111 0.00088 ( 1)
 149 -   0.55842 0.43256 0.00506 0.00396 ( 1)
 150 L   0.97432 0.01714 0.00839 0.00015 ( 1)
 151 G   0.91139 0.08489 0.00338 0.00034 ( 1)
 152 Y   0.98534 0.01288 0.00176 0.00002 ( 1)
 153 P   0.00002 0.99117 0.00000 0.00881 ( 2)
 154 S   0.00202 0.99566 0.00000 0.00232 ( 2)
 155 T   0.00005 0.99764 0.00000 0.00231 ( 2)
 156 D   0.00260 0.99431 0.00001 0.00308 ( 2)
 157 V   0.86115 0.13598 0.00247 0.00040 ( 1)
 158 E   0.00407 0.99337 0.00001 0.00255 ( 2)
 159 F   0.02733 0.97077 0.00005 0.00184 ( 2)
 160 Y   0.99531 0.00248 0.00220 0.00001 ( 1)
 161 Y   0.90503 0.09315 0.00163 0.00018 ( 1)
 162 N   0.00205 0.99650 0.00000 0.00145 ( 2)
 163 E   0.99514 0.00278 0.00207 0.00001 ( 1)
 164 Q   0.54312 0.45399 0.00156 0.00133 ( 1)
 165 K   0.29229 0.70498 0.00079 0.00194 ( 2)
 166 Y   0.00000 0.99581 0.00000 0.00419 ( 2)
 167 Y   0.98191 0.01589 0.00217 0.00004 ( 1)
 168 T   0.78098 0.21588 0.00245 0.00069 ( 1)
 169 E   0.10903 0.88791 0.00030 0.00275 ( 2)
 170 K   0.00065 0.99010 0.00001 0.00924 ( 2)
 171 Y   0.97986 0.01793 0.00216 0.00004 ( 1)
 172 S   0.90048 0.09491 0.00416 0.00044 ( 1)
 173 N   0.73577 0.26239 0.00133 0.00052 ( 1)
 174 Y   0.64606 0.35221 0.00109 0.00064 ( 1)
 175 C   0.97837 0.01288 0.00863 0.00011 ( 1)
 176 V   0.45950 0.53688 0.00166 0.00196 ( 2)
 177 N   0.21676 0.78065 0.00054 0.00205 ( 2)
 178 T   0.89872 0.09955 0.00155 0.00018 ( 1)
 179 Y   0.84770 0.14314 0.00783 0.00133 ( 1)
 180 K   0.97262 0.02151 0.00573 0.00014 ( 1)
 181 S   0.00817 0.98952 0.00002 0.00229 ( 2)
 182 G   0.56415 0.43459 0.00070 0.00056 ( 1)
 183 L   0.96787 0.02775 0.00425 0.00012 ( 1)
 184 E   0.18953 0.80167 0.00167 0.00713 ( 2)
 185 S   0.20104 0.79590 0.00060 0.00246 ( 2)
 186 K   0.45123 0.54662 0.00094 0.00122 ( 2)
 187 K   0.99631 0.00156 0.00213 0.00000 ( 1)
 188 Q   0.30251 0.69531 0.00063 0.00155 ( 2)
 189 I   0.98906 0.00880 0.00212 0.00002 ( 1)
 190 G   0.85451 0.14394 0.00132 0.00023 ( 1)
 191 W   0.88698 0.10612 0.00615 0.00074 ( 1)
 192 S   0.01868 0.97654 0.00009 0.00469 ( 2)
 193 D   0.00772 0.99039 0.00001 0.00189 ( 2)
 194 F   0.96591 0.03014 0.00383 0.00012 ( 1)
 195 N   0.99239 0.00631 0.00129 0.00001 ( 1)
 196 R   0.44781 0.54832 0.00173 0.00214 ( 2)
 197 Y   0.99531 0.00248 0.00220 0.00001 ( 1)
 198 R   0.98892 0.00946 0.00161 0.00002 ( 1)
 199 R   0.99407 0.00461 0.00131 0.00001 ( 1)
 200 E   0.00477 0.99180 0.00001 0.00342 ( 2)
 201 M   0.99782 0.00110 0.00108 0.00000 ( 1)
 202 T   0.99479 0.00349 0.00171 0.00001 ( 1)
 203 L   0.95109 0.04453 0.00418 0.00020 ( 1)
 204 S   0.20354 0.79469 0.00035 0.00142 ( 2)
 205 V   0.98519 0.01247 0.00230 0.00003 ( 1)
 206 L   0.98573 0.01138 0.00286 0.00003 ( 1)
 207 D   0.99789 0.00038 0.00173 0.00000 ( 1)
 208 I   0.53829 0.45944 0.00118 0.00109 ( 1)
 209 V   0.97806 0.01979 0.00210 0.00005 ( 1)
 210 A   0.98066 0.01752 0.00179 0.00003 ( 1)
 211 L   0.92373 0.06623 0.00934 0.00070 ( 1)
 212 F   0.98095 0.01509 0.00389 0.00006 ( 1)
 213 P   0.99298 0.00520 0.00181 0.00001 ( 1)
 214 L   0.04160 0.94898 0.00039 0.00903 ( 2)


lnL = -3770.795933

Bayes Empirical Bayes (BEB) probabilities for 4 classes (class)
(amino acids refer to 1st sequence: BT_Cry19Ba1)

   1 E   0.22330 0.55657 0.06254 0.15759 ( 2)
   2 -   0.43492 0.34495 0.12213 0.09800 ( 1)
   3 -   0.43492 0.34495 0.12213 0.09800 ( 1)
   4 V   0.33156 0.19789 0.40057 0.06998 ( 3)
   5 G   0.67199 0.11731 0.17890 0.03180 ( 1)
   6 P   0.01522 0.78463 0.00368 0.19647 ( 2)
   7 L   0.34666 0.44434 0.09084 0.11816 ( 2)
   8 L   0.79291 0.00818 0.19681 0.00210 ( 1)
   9 S   0.77459 0.03090 0.18668 0.00784 ( 1)
  10 W   0.15891 0.65053 0.03600 0.15456 ( 2)
  11 M   0.14475 0.63785 0.03965 0.17775 ( 2)
  12 V   0.00913 0.78465 0.00231 0.20392 ( 2)
  13 S   0.01044 0.76428 0.00301 0.22228 ( 2)
  14 L   0.15168 0.63973 0.03922 0.16937 ( 2)
  15 F   0.66932 0.13684 0.15980 0.03404 ( 1)
  16 W   0.70463 0.08392 0.18851 0.02293 ( 1)
  17 P   0.79865 0.00424 0.19603 0.00108 ( 1)
  18 T   0.01787 0.78890 0.00410 0.18914 ( 2)
  19 I   0.00094 0.79987 0.00023 0.19897 ( 2)
  20 -   0.63618 0.14369 0.17917 0.04096 ( 1)
  21 -   0.62487 0.15501 0.17595 0.04418 ( 1)
  22 -   0.56826 0.21161 0.15988 0.06025 ( 1)
  23 E   0.02599 0.77108 0.00642 0.19652 ( 2)
  24 E   0.00032 0.78800 0.00008 0.21159 ( 2)
  25 K   0.01626 0.78560 0.00388 0.19426 ( 2)
  26 N   0.79861 0.01909 0.17780 0.00450 ( 1)
  27 T   0.00986 0.76960 0.00272 0.21782 ( 2)
  28 V   0.76071 0.05182 0.17494 0.01253 ( 1)
  29 W   0.70463 0.08392 0.18851 0.02293 ( 1)
  30 E   0.39130 0.41871 0.08947 0.10052 ( 2)
  31 D   0.00096 0.16211 0.19356 0.64338 ( 4)
  32 M   0.02026 0.60384 0.03263 0.34327 ( 2)
  33 I   0.77018 0.03925 0.18093 0.00964 ( 1)
  34 K   0.80224 0.01065 0.18453 0.00258 ( 1)
  35 Y   0.02452 0.78017 0.00568 0.18962 ( 2)
  36 V   0.11163 0.13679 0.67072 0.08086 ( 3)
  37 A   0.69000 0.10195 0.18068 0.02737 ( 1)
  38 N   0.80070 0.01650 0.17890 0.00390 ( 1)
  39 L   0.75179 0.04096 0.19627 0.01097 ( 1)
  40 L   0.80772 0.00704 0.18355 0.00169 ( 1)
  41 K   0.00008 0.79214 0.00002 0.20776 ( 2)
  42 Q   0.04924 0.74965 0.01202 0.18909 ( 2)
  43 E   0.13435 0.65181 0.03575 0.17808 ( 2)
  44 L   0.11282 0.68573 0.02766 0.17379 ( 2)
  45 T   0.00032 0.79231 0.00008 0.20728 ( 2)
  46 N   0.00033 0.79428 0.00008 0.20530 ( 2)
  47 D   0.00050 0.80916 0.00011 0.19023 ( 2)
  48 T   0.12084 0.68592 0.02786 0.16538 ( 2)
  49 L   0.34396 0.45396 0.08560 0.11649 ( 2)
  50 N   0.00055 0.78372 0.00015 0.21558 ( 2)
  51 R   0.10205 0.69704 0.02492 0.17599 ( 2)
  52 A   0.80674 0.00210 0.19064 0.00052 ( 1)
  53 T   0.77187 0.02059 0.20201 0.00553 ( 1)
  54 S   0.00368 0.78506 0.00096 0.21031 ( 2)
  55 N   0.77085 0.04665 0.17150 0.01100 ( 1)
  56 L   0.74737 0.05355 0.18533 0.01376 ( 1)
  57 S   0.01433 0.77200 0.00383 0.20984 ( 2)
  58 G   0.61143 0.19299 0.14725 0.04833 ( 1)
  59 L   0.78056 0.02049 0.19369 0.00527 ( 1)
  60 N   0.00182 0.63140 0.01141 0.35537 ( 2)
  61 E   0.10455 0.16651 0.63522 0.09372 ( 3)
  62 S   0.06826 0.72750 0.01706 0.18718 ( 2)
  63 L   0.75923 0.03354 0.19824 0.00899 ( 1)
  64 N   0.00002 0.27129 0.00256 0.72614 ( 4)
  65 I   0.28820 0.50974 0.07148 0.13057 ( 2)
  66 Y   0.80542 0.00220 0.19183 0.00055 ( 1)
  67 N   0.78447 0.01140 0.20112 0.00301 ( 1)
  68 R   0.55368 0.23647 0.14605 0.06380 ( 1)
  69 A   0.34720 0.45797 0.08200 0.11283 ( 2)
  70 L   0.79018 0.01921 0.18588 0.00473 ( 1)
  71 A   0.77190 0.03677 0.18225 0.00908 ( 1)
  72 A   0.00109 0.78355 0.00039 0.21497 ( 2)
  73 W   0.70463 0.08392 0.18851 0.02293 ( 1)
  74 K   0.07018 0.73371 0.01638 0.17973 ( 2)
  75 Q   0.00001 0.80293 0.00000 0.19707 ( 2)
  76 -   0.43492 0.34495 0.12213 0.09800 ( 1)
  77 N   0.00703 0.77886 0.00188 0.21222 ( 2)
  78 K   0.00205 0.81024 0.00045 0.18726 ( 2)
  79 N   0.04471 0.76030 0.01041 0.18457 ( 2)
  80 N   0.00029 0.80512 0.00007 0.19453 ( 2)
  81 F   0.04131 0.73856 0.01155 0.20858 ( 2)
  82 A   0.03932 0.74055 0.01099 0.20914 ( 2)
  83 S   0.08042 0.69945 0.02249 0.19764 ( 2)
  84 -   0.43492 0.34495 0.12213 0.09800 ( 1)
  85 -   0.63030 0.14957 0.17749 0.04263 ( 1)
  86 G   0.67346 0.12894 0.16486 0.03274 ( 1)
  87 E   0.02227 0.40280 0.15328 0.42166 ( 4)
  88 L   0.00975 0.77665 0.00260 0.21100 ( 2)
  89 I   0.11600 0.69099 0.02668 0.16633 ( 2)
  90 R   0.74694 0.06069 0.17730 0.01507 ( 1)
  91 S   0.00017 0.80328 0.00004 0.19651 ( 2)
  92 Y   0.00637 0.79757 0.00149 0.19457 ( 2)
  93 I   0.80188 0.00770 0.18852 0.00189 ( 1)
  94 N   0.00119 0.79337 0.00030 0.20514 ( 2)
  95 D   0.13791 0.65147 0.03615 0.17446 ( 2)
  96 L   0.80479 0.00198 0.19273 0.00050 ( 1)
  97 H   0.80870 0.00278 0.18785 0.00068 ( 1)
  98 I   0.24842 0.54990 0.06139 0.14029 ( 2)
  99 L   0.00022 0.79055 0.00006 0.20917 ( 2)
 100 F   0.81258 0.00061 0.18666 0.00015 ( 1)
 101 T   0.00092 0.79024 0.00024 0.20861 ( 2)
 102 R   0.00001 0.78967 0.00000 0.21032 ( 2)
 103 D   0.05178 0.76048 0.01138 0.17636 ( 2)
 104 I   0.81194 0.00089 0.18696 0.00022 ( 1)
 105 Q   0.63639 0.17730 0.14401 0.04231 ( 1)
 106 S   0.00338 0.78251 0.00091 0.21321 ( 2)
 107 D   0.63598 0.15432 0.16799 0.04171 ( 1)
 108 F   0.76646 0.02668 0.19972 0.00714 ( 1)
 109 S   0.07119 0.71974 0.01843 0.19064 ( 2)
 110 L   0.24922 0.56205 0.05593 0.13280 ( 2)
 111 G   0.00006 0.79892 0.00001 0.20102 ( 2)
 112 G   0.19902 0.58514 0.05409 0.16174 ( 2)
 113 Y   0.80493 0.00296 0.19137 0.00074 ( 1)
 114 E   0.79998 0.01241 0.18459 0.00301 ( 1)
 115 T   0.00779 0.78630 0.00193 0.20397 ( 2)
 116 V   0.80955 0.00522 0.18397 0.00125 ( 1)
 117 L   0.79291 0.00818 0.19681 0.00210 ( 1)
 118 L   0.79009 0.01098 0.19610 0.00282 ( 1)
 119 P   0.79871 0.00419 0.19603 0.00107 ( 1)
 120 S   0.68010 0.10729 0.18313 0.02947 ( 1)
 121 Y   0.80452 0.00337 0.19127 0.00084 ( 1)
 122 A   0.68040 0.11607 0.17298 0.03055 ( 1)
 123 S   0.76603 0.04653 0.17618 0.01126 ( 1)
 124 A   0.11516 0.01277 0.85909 0.01297 ( 3)
 125 A   0.74002 0.04725 0.19972 0.01301 ( 1)
 126 N   0.81483 0.00298 0.18149 0.00070 ( 1)
 127 L   0.79123 0.02181 0.18169 0.00527 ( 1)
 128 H   0.81027 0.00122 0.18822 0.00030 ( 1)
 129 L   0.77758 0.01523 0.20311 0.00408 ( 1)
 130 L   0.69238 0.11579 0.16327 0.02856 ( 1)
 131 L   0.78864 0.01239 0.19578 0.00319 ( 1)
 132 L   0.78781 0.01325 0.19552 0.00341 ( 1)
 133 R   0.77958 0.02058 0.19454 0.00531 ( 1)
 134 D   0.79349 0.00181 0.20422 0.00048 ( 1)
 135 V   0.80263 0.01014 0.18477 0.00246 ( 1)
 136 A   0.09498 0.71333 0.02160 0.17009 ( 2)
 137 I   0.80348 0.00930 0.18497 0.00225 ( 1)
 138 Y   0.74900 0.05861 0.17784 0.01454 ( 1)
 139 G   0.80157 0.00367 0.19384 0.00092 ( 1)
 140 K   0.23994 0.56136 0.05755 0.14115 ( 2)
 141 E   0.10659 0.67955 0.02900 0.18486 ( 2)
 142 -   0.49795 0.31237 0.11396 0.07572 ( 1)
 143 -   0.44883 0.33823 0.12041 0.09253 ( 1)
 144 -   0.47812 0.32332 0.11664 0.08192 ( 1)
 145 -   0.49702 0.31291 0.11409 0.07598 ( 1)
 146 -   0.48657 0.31883 0.11552 0.07908 ( 1)
 147 -   0.49795 0.31237 0.11396 0.07572 ( 1)
 148 -   0.50714 0.30736 0.11272 0.07278 ( 1)
 149 -   0.44753 0.33888 0.12057 0.09302 ( 1)
 150 L   0.77367 0.01373 0.20881 0.00378 ( 1)
 151 G   0.74141 0.06658 0.17551 0.01651 ( 1)
 152 Y   0.80269 0.01044 0.18435 0.00252 ( 1)
 153 P   0.00002 0.78706 0.00001 0.21291 ( 2)
 154 S   0.00189 0.79709 0.00046 0.20055 ( 2)
 155 T   0.00005 0.80802 0.00001 0.19192 ( 2)
 156 D   0.00242 0.79080 0.00061 0.20617 ( 2)
 157 V   0.69103 0.10670 0.17448 0.02780 ( 1)
 158 E   0.00390 0.80544 0.00088 0.18978 ( 2)
 159 F   0.02542 0.78326 0.00575 0.18558 ( 2)
 160 Y   0.80585 0.00205 0.19159 0.00051 ( 1)
 161 Y   0.74349 0.07384 0.16529 0.01738 ( 1)
 162 N   0.00194 0.80007 0.00046 0.19753 ( 2)
 163 E   0.81015 0.00231 0.18698 0.00056 ( 1)
 164 Q   0.44529 0.35166 0.11192 0.09112 ( 1)
 165 K   0.24643 0.55004 0.06168 0.14185 ( 2)
 166 Y   0.00000 0.80282 0.00000 0.19718 ( 2)
 167 Y   0.79507 0.01277 0.18898 0.00317 ( 1)
 168 T   0.63011 0.16663 0.15973 0.04353 ( 1)
 169 E   0.09751 0.70880 0.02245 0.17124 ( 2)
 170 K   0.00062 0.78531 0.00017 0.21390 ( 2)
 171 Y   0.79343 0.01440 0.18859 0.00358 ( 1)
 172 S   0.71805 0.07429 0.18773 0.01992 ( 1)
 173 N   0.61158 0.20486 0.13552 0.04804 ( 1)
 174 Y   0.53555 0.27252 0.12524 0.06669 ( 1)
 175 C   0.77668 0.01032 0.21015 0.00285 ( 1)
 176 V   0.38328 0.41491 0.09532 0.10649 ( 2)
 177 N   0.19117 0.61894 0.04316 0.14673 ( 2)
 178 T   0.72996 0.07921 0.17137 0.01946 ( 1)
 179 Y   0.67398 0.11299 0.18193 0.03110 ( 1)
 180 K   0.77675 0.01678 0.20193 0.00454 ( 1)
 181 S   0.00767 0.80047 0.00174 0.19013 ( 2)
 182 G   0.46951 0.33610 0.11136 0.08303 ( 1)
 183 L   0.77058 0.02221 0.20125 0.00595 ( 1)
 184 E   0.16384 0.62268 0.04383 0.16964 ( 2)
 185 S   0.17289 0.62469 0.04280 0.15962 ( 2)
 186 K   0.38188 0.42810 0.08729 0.10273 ( 2)
 187 K   0.81165 0.00130 0.18674 0.00031 ( 1)
 188 Q   0.26022 0.54904 0.05935 0.13139 ( 2)
 189 I   0.80576 0.00715 0.18536 0.00173 ( 1)
 190 G   0.69307 0.11211 0.16676 0.02805 ( 1)
 191 W   0.70463 0.08392 0.18851 0.02293 ( 1)
 192 S   0.01683 0.77451 0.00434 0.20432 ( 2)
 193 D   0.00716 0.79202 0.00174 0.19908 ( 2)
 194 F   0.76905 0.02410 0.20041 0.00645 ( 1)
 195 N   0.80634 0.00512 0.18729 0.00125 ( 1)
 196 R   0.36857 0.42394 0.09520 0.11229 ( 2)
 197 Y   0.80585 0.00205 0.19159 0.00051 ( 1)
 198 R   0.79254 0.00766 0.19782 0.00198 ( 1)
 199 R   0.80405 0.00379 0.19122 0.00094 ( 1)
 200 E   0.00451 0.79912 0.00104 0.19533 ( 2)
 201 M   0.80872 0.00091 0.19015 0.00022 ( 1)
 202 T   0.80668 0.00288 0.18972 0.00071 ( 1)
 203 L   0.75724 0.03553 0.19771 0.00952 ( 1)
 204 S   0.17643 0.62929 0.04116 0.15312 ( 2)
 205 V   0.80068 0.01009 0.18676 0.00247 ( 1)
 206 L   0.79184 0.00924 0.19654 0.00238 ( 1)
 207 D   0.81699 0.00032 0.18262 0.00008 ( 1)
 208 I   0.45282 0.35972 0.10205 0.08541 ( 1)
 209 V   0.79674 0.01600 0.18339 0.00387 ( 1)
 210 A   0.79471 0.01407 0.18774 0.00348 ( 1)
 211 L   0.72857 0.05136 0.20532 0.01475 ( 1)
 212 F   0.78105 0.01213 0.20358 0.00325 ( 1)
 213 P   0.79865 0.00424 0.19603 0.00108 ( 1)
 214 L   0.03644 0.74933 0.00977 0.20445 ( 2)

