Supplemental results for CODEML (seqf: algn  treef: tree)


dN/dS (w) for site classes (K=4)

site class             0        1       2a       2b
proportion       0.68072  0.31928  0.00000  0.00000
background w     0.09167  1.00000  0.09167  1.00000
foreground w     0.09167  1.00000  1.00000  1.00000

Naive Empirical Bayes (NEB) probabilities for 4 classes
(amino acids refer to 1st sequence: BT_Cry1Ba1)

   1 N   0.52349 0.47651 0.00000 0.00000 ( 1)
   2 T   0.96419 0.03581 0.00000 0.00000 ( 1)
   3 S   0.46277 0.53723 0.00000 0.00000 ( 2)
   4 A   0.68419 0.31581 0.00000 0.00000 ( 1)
   5 Q   0.98045 0.01955 0.00000 0.00000 ( 1)
   6 L   0.98412 0.01588 0.00000 0.00000 ( 1)
   7 T   0.99841 0.00159 0.00000 0.00000 ( 1)
   8 R   0.99654 0.00346 0.00000 0.00000 ( 1)
   9 E   0.97834 0.02166 0.00000 0.00000 ( 1)
  10 V   0.83034 0.16966 0.00000 0.00000 ( 1)
  11 Y   0.99769 0.00231 0.00000 0.00000 ( 1)
  12 T   0.99841 0.00159 0.00000 0.00000 ( 1)
  13 D   0.87309 0.12691 0.00000 0.00000 ( 1)
  14 A   0.72423 0.27577 0.00000 0.00000 ( 1)
  15 I   0.99922 0.00078 0.00000 0.00000 ( 1)
  16 G   0.96289 0.03711 0.00000 0.00000 ( 1)
  17 A   0.10136 0.89864 0.00000 0.00000 ( 2)
  18 T   0.74508 0.25492 0.00000 0.00000 ( 1)
  19 G   0.01559 0.98441 0.00000 0.00000 ( 2)
  20 V   0.45473 0.54527 0.00000 0.00000 ( 2)
  21 N   0.00030 0.99970 0.00000 0.00000 ( 2)
  22 -   0.00019 0.99981 0.00000 0.00000 ( 2)
  23 -   0.00328 0.99672 0.00000 0.00000 ( 2)
  24 M   0.32485 0.67515 0.00000 0.00000 ( 2)
  25 A   0.29401 0.70599 0.00000 0.00000 ( 2)
  26 S   0.99335 0.00665 0.00000 0.00000 ( 1)
  27 M   0.79324 0.20676 0.00000 0.00000 ( 1)
  28 N   0.98939 0.01061 0.00000 0.00000 ( 1)
  29 W   0.93057 0.06943 0.00000 0.00000 ( 1)
  30 Y   0.76549 0.23451 0.00000 0.00000 ( 1)
  31 -   0.68072 0.31928 0.00000 0.00000 ( 1)
  32 -   0.68072 0.31928 0.00000 0.00000 ( 1)
  33 N   0.99960 0.00040 0.00000 0.00000 ( 1)
  34 N   0.99960 0.00040 0.00000 0.00000 ( 1)
  35 N   0.99960 0.00040 0.00000 0.00000 ( 1)
  36 A   0.98155 0.01845 0.00000 0.00000 ( 1)
  37 P   0.99774 0.00226 0.00000 0.00000 ( 1)
  38 S   0.93499 0.06501 0.00000 0.00000 ( 1)
  39 F   0.99429 0.00571 0.00000 0.00000 ( 1)
  40 S   0.99616 0.00384 0.00000 0.00000 ( 1)
  41 A   0.01981 0.98019 0.00000 0.00000 ( 2)
  42 I   0.99917 0.00083 0.00000 0.00000 ( 1)
  43 E   0.97745 0.02255 0.00000 0.00000 ( 1)
  44 A   0.32158 0.67842 0.00000 0.00000 ( 2)
  45 A   0.98629 0.01371 0.00000 0.00000 ( 1)
  46 A   0.26927 0.73073 0.00000 0.00000 ( 2)
  47 I   0.01865 0.98135 0.00000 0.00000 ( 2)
  48 R   0.97386 0.02614 0.00000 0.00000 ( 1)
  49 S   0.00004 0.99996 0.00000 0.00000 ( 2)
  50 P   0.96467 0.03533 0.00000 0.00000 ( 1)
  51 H   0.99864 0.00136 0.00000 0.00000 ( 1)
  52 L   0.98816 0.01184 0.00000 0.00000 ( 1)
  53 L   0.99572 0.00428 0.00000 0.00000 ( 1)
  54 D   0.99942 0.00058 0.00000 0.00000 ( 1)
  55 F   0.99893 0.00107 0.00000 0.00000 ( 1)
  56 L   0.49651 0.50349 0.00000 0.00000 ( 2)
  57 E   0.99835 0.00165 0.00000 0.00000 ( 1)
  58 Q   0.51440 0.48560 0.00000 0.00000 ( 1)
  59 L   0.97354 0.02646 0.00000 0.00000 ( 1)
  60 T   0.97438 0.02562 0.00000 0.00000 ( 1)
  61 I   0.99922 0.00078 0.00000 0.00000 ( 1)
  62 F   0.14315 0.85685 0.00000 0.00000 ( 2)
  63 S   0.96971 0.03029 0.00000 0.00000 ( 1)
  64 A   0.00025 0.99975 0.00000 0.00000 ( 2)
  65 S   0.86210 0.13790 0.00000 0.00000 ( 1)
  66 S   0.64887 0.35113 0.00000 0.00000 ( 1)
  67 R   0.97157 0.02843 0.00000 0.00000 ( 1)
  68 W   0.93057 0.06943 0.00000 0.00000 ( 1)
  69 S   0.99939 0.00061 0.00000 0.00000 ( 1)
  70 N   0.05415 0.94585 0.00000 0.00000 ( 2)
  71 T   0.99893 0.00107 0.00000 0.00000 ( 1)
  72 R   0.51076 0.48924 0.00000 0.00000 ( 1)
  73 H   0.71275 0.28725 0.00000 0.00000 ( 1)
  74 M   0.99743 0.00257 0.00000 0.00000 ( 1)
  75 T   0.99335 0.00665 0.00000 0.00000 ( 1)
  76 Y   0.05867 0.94133 0.00000 0.00000 ( 2)
  77 W   0.93057 0.06943 0.00000 0.00000 ( 1)
  78 R   0.00020 0.99980 0.00000 0.00000 ( 2)
  79 G   0.99244 0.00756 0.00000 0.00000 ( 1)
  80 H   0.99758 0.00242 0.00000 0.00000 ( 1)
  81 T   0.12062 0.87938 0.00000 0.00000 ( 2)
  82 I   0.96801 0.03199 0.00000 0.00000 ( 1)
  83 Q   0.02241 0.97759 0.00000 0.00000 ( 2)
  84 S   0.01434 0.98566 0.00000 0.00000 ( 2)
  85 R   0.92122 0.07878 0.00000 0.00000 ( 1)
  86 P   0.17442 0.82558 0.00000 0.00000 ( 2)
  87 I   0.99917 0.00083 0.00000 0.00000 ( 1)
  88 G   0.06288 0.93712 0.00000 0.00000 ( 2)
  89 G   0.96335 0.03665 0.00000 0.00000 ( 1)
  90 G   0.00001 0.99999 0.00000 0.00000 ( 2)
  91 L   0.87567 0.12433 0.00000 0.00000 ( 1)
  92 N   0.89636 0.10364 0.00000 0.00000 ( 1)
  93 T   0.50034 0.49966 0.00000 0.00000 ( 1)
  94 S   0.88398 0.11602 0.00000 0.00000 ( 1)
  95 T   0.99718 0.00282 0.00000 0.00000 ( 1)
  96 H   0.47088 0.52912 0.00000 0.00000 ( 2)
  97 G   0.99282 0.00718 0.00000 0.00000 ( 1)
  98 A   0.00000 1.00000 0.00000 0.00000 ( 2)
  99 T   0.96186 0.03814 0.00000 0.00000 ( 1)
 100 -   0.68305 0.31695 0.00000 0.00000 ( 1)
 101 N   0.99960 0.00040 0.00000 0.00000 ( 1)
 102 T   0.98555 0.01445 0.00000 0.00000 ( 1)
 103 S   0.97041 0.02959 0.00000 0.00000 ( 1)
 104 I   0.99922 0.00078 0.00000 0.00000 ( 1)
 105 N   0.99366 0.00634 0.00000 0.00000 ( 1)
 106 P   0.99739 0.00261 0.00000 0.00000 ( 1)
 107 V   0.99782 0.00218 0.00000 0.00000 ( 1)
 108 T   0.82524 0.17476 0.00000 0.00000 ( 1)
 109 L   0.36589 0.63411 0.00000 0.00000 ( 2)
 110 R   0.00133 0.99867 0.00000 0.00000 ( 2)
 111 F   0.97299 0.02701 0.00000 0.00000 ( 1)
 112 A   0.00011 0.99989 0.00000 0.00000 ( 2)
 113 S   0.97010 0.02990 0.00000 0.00000 ( 1)
 114 R   0.97424 0.02576 0.00000 0.00000 ( 1)
 115 D   0.96190 0.03810 0.00000 0.00000 ( 1)
 116 V   0.15580 0.84420 0.00000 0.00000 ( 2)
 117 Y   0.99769 0.00231 0.00000 0.00000 ( 1)
 118 R   0.87453 0.12547 0.00000 0.00000 ( 1)
 119 T   0.99876 0.00124 0.00000 0.00000 ( 1)
 120 E   0.99835 0.00165 0.00000 0.00000 ( 1)
 121 S   0.99263 0.00737 0.00000 0.00000 ( 1)
 122 Y   0.00033 0.99967 0.00000 0.00000 ( 2)
 123 A   0.99784 0.00216 0.00000 0.00000 ( 1)
 124 G   0.96289 0.03711 0.00000 0.00000 ( 1)
 125 V   0.01981 0.98019 0.00000 0.00000 ( 2)
 126 L   0.90060 0.09940 0.00000 0.00000 ( 1)
 127 L   0.63376 0.36624 0.00000 0.00000 ( 1)
 128 W   0.33621 0.66379 0.00000 0.00000 ( 2)
 129 G   0.76625 0.23375 0.00000 0.00000 ( 1)
 130 I   0.80142 0.19858 0.00000 0.00000 ( 1)
 131 Y   0.00265 0.99735 0.00000 0.00000 ( 2)
 132 L   0.81095 0.18905 0.00000 0.00000 ( 1)
 133 E   0.00494 0.99506 0.00000 0.00000 ( 2)
 134 P   0.99812 0.00188 0.00000 0.00000 ( 1)
 135 I   0.63251 0.36749 0.00000 0.00000 ( 1)
 136 H   0.99328 0.00672 0.00000 0.00000 ( 1)
 137 G   0.99135 0.00865 0.00000 0.00000 ( 1)
 138 V   0.99637 0.00363 0.00000 0.00000 ( 1)
 139 P   0.99812 0.00188 0.00000 0.00000 ( 1)
 140 T   0.00083 0.99917 0.00000 0.00000 ( 2)
 141 V   0.84420 0.15580 0.00000 0.00000 ( 1)
 142 R   0.16904 0.83096 0.00000 0.00000 ( 2)
 143 F   0.99718 0.00282 0.00000 0.00000 ( 1)
 144 N   0.99164 0.00836 0.00000 0.00000 ( 1)
 145 F   0.26110 0.73890 0.00000 0.00000 ( 2)
 146 T   0.01473 0.98527 0.00000 0.00000 ( 2)
 147 N   0.09189 0.90811 0.00000 0.00000 ( 2)
 148 P   0.26389 0.73611 0.00000 0.00000 ( 2)
 149 Q   0.00022 0.99978 0.00000 0.00000 ( 2)
 150 N   0.35149 0.64851 0.00000 0.00000 ( 2)
 151 I   0.00004 0.99996 0.00000 0.00000 ( 2)
 152 S   0.00096 0.99904 0.00000 0.00000 ( 2)
 153 D   0.55535 0.44465 0.00000 0.00000 ( 1)
 154 R   0.68566 0.31434 0.00000 0.00000 ( 1)
 155 G   0.01863 0.98137 0.00000 0.00000 ( 2)
 156 T   0.00005 0.99995 0.00000 0.00000 ( 2)
 157 A   0.00201 0.99799 0.00000 0.00000 ( 2)
 158 N   0.00001 0.99999 0.00000 0.00000 ( 2)
 159 Y   0.99677 0.00323 0.00000 0.00000 ( 1)
 160 S   0.18385 0.81615 0.00000 0.00000 ( 2)
 161 Q   0.00090 0.99910 0.00000 0.00000 ( 2)
 162 P   0.11846 0.88154 0.00000 0.00000 ( 2)
 163 Y   0.99769 0.00231 0.00000 0.00000 ( 1)
 164 E   0.00035 0.99965 0.00000 0.00000 ( 2)
 165 S   0.46906 0.53094 0.00000 0.00000 ( 2)
 166 P   0.23647 0.76353 0.00000 0.00000 ( 2)
 167 G   0.94761 0.05239 0.00000 0.00000 ( 1)
 168 L   0.33667 0.66333 0.00000 0.00000 ( 2)
 169 Q   0.99379 0.00621 0.00000 0.00000 ( 1)
 170 L   0.98677 0.01323 0.00000 0.00000 ( 1)
 171 K   0.00122 0.99878 0.00000 0.00000 ( 2)
 172 D   0.99942 0.00058 0.00000 0.00000 ( 1)
 173 S   0.99260 0.00740 0.00000 0.00000 ( 1)
 174 E   0.99835 0.00165 0.00000 0.00000 ( 1)
 175 T   0.98414 0.01586 0.00000 0.00000 ( 1)
 176 E   0.99835 0.00165 0.00000 0.00000 ( 1)
 177 L   0.98702 0.01298 0.00000 0.00000 ( 1)
 178 P   0.99681 0.00319 0.00000 0.00000 ( 1)
 179 P   0.99762 0.00238 0.00000 0.00000 ( 1)
 180 E   0.99835 0.00165 0.00000 0.00000 ( 1)
 181 T   0.97778 0.02222 0.00000 0.00000 ( 1)
 182 T   0.98248 0.01752 0.00000 0.00000 ( 1)
 183 E   0.96395 0.03605 0.00000 0.00000 ( 1)
 184 R   0.65510 0.34490 0.00000 0.00000 ( 1)
 185 P   0.99724 0.00276 0.00000 0.00000 ( 1)
 186 N   0.99567 0.00433 0.00000 0.00000 ( 1)
 187 Y   0.99769 0.00231 0.00000 0.00000 ( 1)
 188 E   0.99835 0.00165 0.00000 0.00000 ( 1)
 189 S   0.99428 0.00572 0.00000 0.00000 ( 1)
 190 Y   0.99518 0.00482 0.00000 0.00000 ( 1)
 191 S   0.99939 0.00061 0.00000 0.00000 ( 1)
 192 H   0.99881 0.00119 0.00000 0.00000 ( 1)
 193 R   0.99732 0.00268 0.00000 0.00000 ( 1)
 194 L   0.98695 0.01305 0.00000 0.00000 ( 1)
 195 S   0.99775 0.00225 0.00000 0.00000 ( 1)
 196 H   0.96366 0.03634 0.00000 0.00000 ( 1)
 197 I   0.99917 0.00083 0.00000 0.00000 ( 1)
 198 G   0.91098 0.08902 0.00000 0.00000 ( 1)
 199 I   0.15268 0.84732 0.00000 0.00000 ( 2)
 200 I   0.99840 0.00160 0.00000 0.00000 ( 1)
 201 L   0.00429 0.99571 0.00000 0.00000 ( 2)
 202 Q   0.00114 0.99886 0.00000 0.00000 ( 2)
 203 S   0.00253 0.99747 0.00000 0.00000 ( 2)
 204 R   0.07002 0.92998 0.00000 0.00000 ( 2)
 205 V   0.14741 0.85259 0.00000 0.00000 ( 2)
 206 N   0.03371 0.96629 0.00000 0.00000 ( 2)
 207 V   0.97974 0.02026 0.00000 0.00000 ( 1)
 208 P   0.61859 0.38141 0.00000 0.00000 ( 1)
 209 V   0.99727 0.00273 0.00000 0.00000 ( 1)
 210 Y   0.99769 0.00231 0.00000 0.00000 ( 1)
 211 S   0.99817 0.00183 0.00000 0.00000 ( 1)
 212 W   0.93057 0.06943 0.00000 0.00000 ( 1)
 213 T   0.96695 0.03305 0.00000 0.00000 ( 1)
 214 H   0.99623 0.00377 0.00000 0.00000 ( 1)
 215 R   0.99579 0.00421 0.00000 0.00000 ( 1)
 216 S   0.99939 0.00061 0.00000 0.00000 ( 1)


lnL = -3561.516120

Bayes Empirical Bayes (BEB) probabilities for 4 classes (class)
(amino acids refer to 1st sequence: BT_Cry1Ba1)

   1 N   0.39988 0.58101 0.00577 0.01334 ( 2)
   2 T   0.93823 0.03526 0.02542 0.00110 ( 1)
   3 S   0.36608 0.61464 0.00543 0.01385 ( 2)
   4 A   0.55786 0.42263 0.00926 0.01025 ( 1)
   5 Q   0.95382 0.01914 0.02644 0.00060 ( 1)
   6 L   0.96193 0.01546 0.02218 0.00043 ( 1)
   7 T   0.98082 0.00154 0.01760 0.00004 ( 1)
   8 R   0.97872 0.00337 0.01783 0.00008 ( 1)
   9 E   0.95424 0.02817 0.01690 0.00069 ( 1)
  10 V   0.68161 0.25416 0.05689 0.00734 ( 1)
  11 Y   0.97961 0.00225 0.01809 0.00006 ( 1)
  12 T   0.98081 0.00155 0.01760 0.00004 ( 1)
  13 D   0.82076 0.16110 0.01405 0.00410 ( 1)
  14 A   0.57536 0.37083 0.04303 0.01078 ( 1)
  15 I   0.98317 0.00076 0.01606 0.00002 ( 1)
  16 G   0.93534 0.03651 0.02697 0.00118 ( 1)
  17 A   0.13322 0.83408 0.00809 0.02460 ( 2)
  18 T   0.61580 0.36318 0.01101 0.01001 ( 1)
  19 G   0.03920 0.93449 0.00078 0.02554 ( 2)
  20 V   0.37780 0.59967 0.00692 0.01562 ( 2)
  21 N   0.00199 0.96745 0.00016 0.03040 ( 2)
  22 -   0.00097 0.97059 0.00002 0.02841 ( 2)
  23 -   0.00974 0.96489 0.00018 0.02519 ( 2)
  24 M   0.29141 0.68706 0.00486 0.01667 ( 2)
  25 A   0.27340 0.70475 0.00462 0.01723 ( 2)
  26 S   0.97603 0.00848 0.01530 0.00019 ( 1)
  27 M   0.72040 0.25131 0.02025 0.00803 ( 1)
  28 N   0.97140 0.01355 0.01472 0.00032 ( 1)
  29 W   0.90237 0.06866 0.02671 0.00226 ( 1)
  30 Y   0.63712 0.34374 0.01077 0.00836 ( 1)
  31 -   0.64904 0.31145 0.02656 0.01295 ( 1)
  32 -   0.64904 0.31145 0.02656 0.01295 ( 1)
  33 N   0.98469 0.00039 0.01491 0.00001 ( 1)
  34 N   0.98469 0.00039 0.01491 0.00001 ( 1)
  35 N   0.98469 0.00039 0.01491 0.00001 ( 1)
  36 A   0.95837 0.02389 0.01715 0.00060 ( 1)
  37 P   0.97917 0.00220 0.01858 0.00006 ( 1)
  38 S   0.90691 0.06424 0.02674 0.00212 ( 1)
  39 F   0.97790 0.00559 0.01638 0.00013 ( 1)
  40 S   0.97845 0.00375 0.01771 0.00009 ( 1)
  41 A   0.03606 0.93163 0.00107 0.03124 ( 2)
  42 I   0.98295 0.00081 0.01622 0.00002 ( 1)
  43 E   0.95326 0.02216 0.02392 0.00065 ( 1)
  44 A   0.28900 0.68908 0.00491 0.01701 ( 2)
  45 A   0.95644 0.01332 0.02979 0.00045 ( 1)
  46 A   0.22364 0.65761 0.08565 0.03310 ( 2)
  47 I   0.03054 0.85512 0.02409 0.09026 ( 2)
  48 R   0.94971 0.02567 0.02387 0.00076 ( 1)
  49 S   0.00029 0.97436 0.00001 0.02534 ( 2)
  50 P   0.93754 0.03475 0.02659 0.00111 ( 1)
  51 H   0.98216 0.00132 0.01648 0.00003 ( 1)
  52 L   0.96614 0.01160 0.02194 0.00032 ( 1)
  53 L   0.97758 0.00417 0.01815 0.00010 ( 1)
  54 D   0.98403 0.00056 0.01540 0.00001 ( 1)
  55 F   0.98247 0.00104 0.01646 0.00002 ( 1)
  56 L   0.40685 0.57021 0.00789 0.01505 ( 2)
  57 E   0.98097 0.00160 0.01739 0.00004 ( 1)
  58 Q   0.41926 0.55739 0.00851 0.01484 ( 2)
  59 L   0.94708 0.03450 0.01756 0.00086 ( 1)
  60 T   0.94899 0.03311 0.01704 0.00086 ( 1)
  61 I   0.98317 0.00076 0.01606 0.00002 ( 1)
  62 F   0.14653 0.79100 0.02675 0.03573 ( 2)
  63 S   0.94845 0.02993 0.02078 0.00084 ( 1)
  64 A   0.00126 0.97134 0.00002 0.02737 ( 2)
  65 S   0.79011 0.17135 0.03182 0.00672 ( 1)
  66 S   0.52103 0.45018 0.01345 0.01534 ( 1)
  67 R   0.94933 0.02806 0.02181 0.00080 ( 1)
  68 W   0.90237 0.06866 0.02671 0.00226 ( 1)
  69 S   0.98396 0.00060 0.01543 0.00001 ( 1)
  70 N   0.07332 0.81970 0.04545 0.06154 ( 2)
  71 T   0.98210 0.00104 0.01683 0.00003 ( 1)
  72 R   0.44934 0.52558 0.01032 0.01475 ( 2)
  73 H   0.57740 0.39245 0.01712 0.01303 ( 1)
  74 M   0.97938 0.00251 0.01805 0.00006 ( 1)
  75 T   0.97601 0.00845 0.01534 0.00020 ( 1)
  76 Y   0.09066 0.88555 0.00158 0.02221 ( 2)
  77 W   0.90237 0.06866 0.02671 0.00226 ( 1)
  78 R   0.00101 0.96768 0.00003 0.03128 ( 2)
  79 G   0.97257 0.00740 0.01984 0.00019 ( 1)
  80 H   0.98101 0.00236 0.01657 0.00005 ( 1)
  81 T   0.15310 0.81869 0.00371 0.02451 ( 2)
  82 I   0.93937 0.04178 0.01778 0.00107 ( 1)
  83 Q   0.03238 0.71348 0.15942 0.09472 ( 2)
  84 S   0.02470 0.87457 0.01925 0.08148 ( 2)
  85 R   0.89016 0.07768 0.02938 0.00277 ( 1)
  86 P   0.19616 0.77973 0.00358 0.02053 ( 2)
  87 I   0.98295 0.00081 0.01622 0.00002 ( 1)
  88 G   0.09481 0.87577 0.00264 0.02679 ( 2)
  89 G   0.93577 0.03606 0.02700 0.00117 ( 1)
  90 G   0.00006 0.95268 0.00001 0.04725 ( 2)
  91 L   0.81879 0.15797 0.01876 0.00448 ( 1)
  92 N   0.80599 0.17609 0.01282 0.00511 ( 1)
  93 T   0.44004 0.52871 0.01336 0.01789 ( 2)
  94 S   0.82928 0.14760 0.01888 0.00424 ( 1)
  95 T   0.97958 0.00275 0.01760 0.00007 ( 1)
  96 H   0.33528 0.51116 0.12283 0.03072 ( 2)
  97 G   0.97301 0.00703 0.01978 0.00018 ( 1)
  98 A   0.00004 0.89117 0.00042 0.10836 ( 2)
  99 T   0.94126 0.03778 0.01993 0.00103 ( 1)
 100 -   0.65236 0.30971 0.02549 0.01245 ( 1)
 101 N   0.98469 0.00039 0.01491 0.00001 ( 1)
 102 T   0.96447 0.01855 0.01651 0.00047 ( 1)
 103 S   0.94092 0.03843 0.01959 0.00106 ( 1)
 104 I   0.98317 0.00076 0.01606 0.00002 ( 1)
 105 N   0.97693 0.00803 0.01485 0.00019 ( 1)
 106 P   0.97974 0.00254 0.01765 0.00006 ( 1)
 107 V   0.97990 0.00212 0.01792 0.00005 ( 1)
 108 T   0.70711 0.27339 0.01250 0.00700 ( 1)
 109 L   0.31628 0.65826 0.00701 0.01846 ( 2)
 110 R   0.00424 0.96592 0.00011 0.02973 ( 2)
 111 F   0.95156 0.02659 0.02108 0.00077 ( 1)
 112 A   0.00056 0.96933 0.00001 0.03009 ( 2)
 113 S   0.94308 0.03896 0.01698 0.00097 ( 1)
 114 R   0.94989 0.02535 0.02401 0.00075 ( 1)
 115 D   0.93615 0.03759 0.02511 0.00116 ( 1)
 116 V   0.18299 0.79519 0.00297 0.01885 ( 2)
 117 Y   0.97961 0.00225 0.01809 0.00006 ( 1)
 118 R   0.82075 0.15959 0.01553 0.00413 ( 1)
 119 T   0.98110 0.00121 0.01767 0.00003 ( 1)
 120 E   0.98097 0.00160 0.01739 0.00004 ( 1)
 121 S   0.97160 0.00720 0.02101 0.00020 ( 1)
 122 Y   0.00148 0.90585 0.00104 0.09163 ( 2)
 123 A   0.98028 0.00211 0.01756 0.00005 ( 1)
 124 G   0.93534 0.03651 0.02697 0.00118 ( 1)
 125 V   0.03421 0.89249 0.01566 0.05765 ( 2)
 126 L   0.81035 0.17201 0.01328 0.00435 ( 1)
 127 L   0.51346 0.46643 0.00855 0.01156 ( 1)
 128 W   0.29515 0.67542 0.00727 0.02217 ( 2)
 129 G   0.73155 0.22894 0.02998 0.00953 ( 1)
 130 I   0.76578 0.19470 0.03141 0.00811 ( 1)
 131 Y   0.00796 0.96094 0.00020 0.03091 ( 2)
 132 L   0.68727 0.29138 0.01331 0.00804 ( 1)
 133 E   0.01413 0.95135 0.00076 0.03376 ( 2)
 134 P   0.98046 0.00183 0.01767 0.00004 ( 1)
 135 I   0.50719 0.46419 0.01380 0.01482 ( 1)
 136 H   0.97577 0.00854 0.01548 0.00021 ( 1)
 137 G   0.97149 0.00847 0.01982 0.00022 ( 1)
 138 V   0.97844 0.00354 0.01793 0.00009 ( 1)
 139 P   0.98046 0.00183 0.01767 0.00004 ( 1)
 140 T   0.00281 0.96563 0.00008 0.03147 ( 2)
 141 V   0.69635 0.23664 0.06014 0.00688 ( 1)
 142 R   0.19326 0.78459 0.00327 0.01888 ( 2)
 143 F   0.98075 0.00275 0.01643 0.00006 ( 1)
 144 N   0.97435 0.01066 0.01475 0.00025 ( 1)
 145 F   0.23998 0.71952 0.00858 0.03192 ( 2)
 146 T   0.03406 0.88746 0.01564 0.06284 ( 2)
 147 N   0.12569 0.84658 0.00298 0.02475 ( 2)
 148 P   0.24656 0.73043 0.00449 0.01853 ( 2)
 149 Q   0.00103 0.96490 0.00003 0.03404 ( 2)
 150 N   0.30545 0.67480 0.00436 0.01539 ( 2)
 151 I   0.00027 0.92488 0.00016 0.07469 ( 2)
 152 S   0.00389 0.89672 0.00339 0.09600 ( 2)
 153 D   0.49276 0.48493 0.00874 0.01357 ( 1)
 154 R   0.55802 0.42176 0.00984 0.01038 ( 1)
 155 G   0.04493 0.92531 0.00113 0.02864 ( 2)
 156 T   0.00035 0.88059 0.00038 0.11868 ( 2)
 157 A   0.00801 0.92250 0.00275 0.06674 ( 2)
 158 N   0.00007 0.91727 0.00003 0.08263 ( 2)
 159 Y   0.97067 0.00312 0.02611 0.00010 ( 1)
 160 S   0.20148 0.77125 0.00420 0.02307 ( 2)
 161 Q   0.00401 0.95722 0.00015 0.03861 ( 2)
 162 P   0.13033 0.82863 0.00530 0.03574 ( 2)
 163 Y   0.97961 0.00225 0.01809 0.00006 ( 1)
 164 E   0.00158 0.89466 0.00142 0.10233 ( 2)
 165 S   0.38718 0.58914 0.00786 0.01582 ( 2)
 166 P   0.23929 0.73786 0.00426 0.01858 ( 2)
 167 G   0.92006 0.05172 0.02654 0.00167 ( 1)
 168 L   0.29337 0.67208 0.01003 0.02452 ( 2)
 169 Q   0.97349 0.00607 0.02029 0.00016 ( 1)
 170 L   0.96429 0.01296 0.02238 0.00037 ( 1)
 171 K   0.00428 0.96354 0.00018 0.03200 ( 2)
 172 D   0.98403 0.00056 0.01540 0.00001 ( 1)
 173 S   0.97157 0.00723 0.02101 0.00020 ( 1)
 174 E   0.98097 0.00160 0.01739 0.00004 ( 1)
 175 T   0.96274 0.02028 0.01648 0.00051 ( 1)
 176 E   0.98097 0.00160 0.01739 0.00004 ( 1)
 177 L   0.96469 0.01272 0.02224 0.00036 ( 1)
 178 P   0.97826 0.00311 0.01855 0.00008 ( 1)
 179 P   0.97906 0.00232 0.01857 0.00006 ( 1)
 180 E   0.98096 0.00161 0.01739 0.00004 ( 1)
 181 T   0.95344 0.02873 0.01709 0.00073 ( 1)
 182 T   0.95965 0.02257 0.01721 0.00058 ( 1)
 183 E   0.93523 0.04707 0.01654 0.00116 ( 1)
 184 R   0.58133 0.39245 0.01453 0.01170 ( 1)
 185 P   0.97869 0.00269 0.01856 0.00007 ( 1)
 186 N   0.97960 0.00544 0.01483 0.00013 ( 1)
 187 Y   0.97961 0.00225 0.01809 0.00006 ( 1)
 188 E   0.98097 0.00160 0.01739 0.00004 ( 1)
 189 S   0.97323 0.00558 0.02104 0.00015 ( 1)
 190 Y   0.97683 0.00470 0.01836 0.00012 ( 1)
 191 S   0.98396 0.00060 0.01543 0.00001 ( 1)
 192 H   0.98233 0.00115 0.01648 0.00003 ( 1)
 193 R   0.97955 0.00261 0.01778 0.00006 ( 1)
 194 L   0.96462 0.01279 0.02224 0.00036 ( 1)
 195 S   0.98011 0.00219 0.01765 0.00005 ( 1)
 196 H   0.93556 0.04748 0.01580 0.00116 ( 1)
 197 I   0.98295 0.00081 0.01622 0.00002 ( 1)
 198 G   0.86418 0.11513 0.01760 0.00310 ( 1)
 199 I   0.16146 0.81191 0.00364 0.02300 ( 2)
 200 I   0.97225 0.00154 0.02616 0.00005 ( 1)
 201 L   0.01113 0.87879 0.01143 0.09865 ( 2)
 202 Q   0.00503 0.96837 0.00011 0.02649 ( 2)
 203 S   0.00759 0.96211 0.00028 0.03003 ( 2)
 204 R   0.10379 0.86831 0.00195 0.02595 ( 2)
 205 V   0.15694 0.81284 0.00433 0.02589 ( 2)
 206 N   0.07354 0.90269 0.00132 0.02244 ( 2)
 207 V   0.95492 0.02628 0.01812 0.00068 ( 1)
 208 P   0.54905 0.42919 0.01038 0.01139 ( 1)
 209 V   0.97238 0.00264 0.02490 0.00008 ( 1)
 210 Y   0.97961 0.00225 0.01809 0.00006 ( 1)
 211 S   0.98052 0.00178 0.01765 0.00004 ( 1)
 212 W   0.90237 0.06866 0.02671 0.00226 ( 1)
 213 T   0.94094 0.03253 0.02551 0.00101 ( 1)
 214 H   0.97827 0.00368 0.01796 0.00009 ( 1)
 215 R   0.97658 0.00411 0.01921 0.00010 ( 1)
 216 S   0.98396 0.00060 0.01543 0.00001 ( 1)

