Supplemental results for CODEML (seqf: algn  treef: tree)


dN/dS (w) for site classes (K=4)

site class             0        1       2a       2b
proportion       0.00000  0.00000  0.64550  0.35450
background w     0.07606  1.00000  0.07606  1.00000
foreground w     0.07606  1.00000  1.00000  1.00000

Naive Empirical Bayes (NEB) probabilities for 4 classes
(amino acids refer to 1st sequence: BT_Cry19Ca1)

   1 -   0.00000 0.00000 0.86932 0.13068 ( 3)
   2 -   0.00000 0.00000 0.19783 0.80217 ( 4)
   3 F   0.00000 0.00000 0.07667 0.92333 ( 4)
   4 D   0.00000 0.00000 0.98909 0.01091 ( 3)
   5 K   0.00000 0.00000 0.46938 0.53062 ( 4)
   6 I   0.00000 0.00000 0.97228 0.02772 ( 3)
   7 T   0.00000 0.00000 0.99798 0.00202 ( 3)
   8 Q   0.00000 0.00000 0.99848 0.00152 ( 3)
   9 I   0.00000 0.00000 0.97613 0.02387 ( 3)
  10 P   0.00000 0.00000 0.99901 0.00099 ( 3)
  11 A   0.00000 0.00000 0.99732 0.00268 ( 3)
  12 V   0.00000 0.00000 0.99716 0.00284 ( 3)
  13 K   0.00000 0.00000 0.99913 0.00087 ( 3)
  14 S   0.00000 0.00000 0.67775 0.32225 ( 3)
  15 S   0.00000 0.00000 0.00030 0.99970 ( 4)
  16 D   0.00000 0.00000 0.00001 0.99999 ( 4)
  17 W   0.00000 0.00000 0.60429 0.39571 ( 3)
  18 L   0.00000 0.00000 0.01039 0.98961 ( 4)
  19 F   0.00000 0.00000 0.81064 0.18936 ( 3)
  20 Y   0.00000 0.00000 0.52615 0.47385 ( 3)
  21 G   0.00000 0.00000 0.99007 0.00993 ( 3)
  22 N   0.00000 0.00000 0.24277 0.75723 ( 4)
  23 L   0.00000 0.00000 0.93027 0.06973 ( 3)
  24 L   0.00000 0.00000 0.98744 0.01256 ( 3)
  25 K   0.00000 0.00000 0.00613 0.99387 ( 4)
  26 G   0.00000 0.00000 0.99901 0.00099 ( 3)
  27 P   0.00000 0.00000 0.99883 0.00117 ( 3)
  28 G   0.00000 0.00000 0.99847 0.00153 ( 3)
  29 H   0.00000 0.00000 0.99949 0.00051 ( 3)
  30 T   0.00000 0.00000 0.99776 0.00224 ( 3)
  31 G   0.00000 0.00000 0.99894 0.00106 ( 3)
  32 G   0.00000 0.00000 0.99756 0.00244 ( 3)
  33 D   0.00000 0.00000 0.99935 0.00065 ( 3)
  34 L   0.00000 0.00000 0.99453 0.00547 ( 3)
  35 V   0.00000 0.00000 0.99730 0.00270 ( 3)
  36 F   0.00000 0.00000 0.12410 0.87590 ( 4)
  37 L   0.00000 0.00000 0.99895 0.00105 ( 3)
  38 D   0.00000 0.00000 0.03731 0.96269 ( 4)
  39 N   0.00000 0.00000 0.99473 0.00527 ( 3)
  40 G   0.00000 0.00000 0.00192 0.99808 ( 4)
  41 N   0.00000 0.00000 0.00122 0.99878 ( 4)
  42 N   0.00000 0.00000 0.00939 0.99061 ( 4)
  43 F   0.00000 0.00000 0.01955 0.98045 ( 4)
  44 N   0.00000 0.00000 0.00124 0.99876 ( 4)
  45 V   0.00000 0.00000 0.77897 0.22103 ( 3)
  46 R   0.00000 0.00000 0.00025 0.99975 ( 4)
  47 V   0.00000 0.00000 0.91571 0.08429 ( 3)
  48 N   0.00000 0.00000 0.03981 0.96019 ( 4)
  49 F   0.00000 0.00000 0.91527 0.08473 ( 3)
  50 -   0.00000 0.00000 0.40585 0.59415 ( 4)
  51 -   0.00000 0.00000 0.91931 0.08069 ( 3)
  52 -   0.00000 0.00000 0.96804 0.03196 ( 3)
  53 -   0.00000 0.00000 0.96134 0.03866 ( 3)
  54 -   0.00000 0.00000 0.95126 0.04874 ( 3)
  55 -   0.00000 0.00000 0.83428 0.16572 ( 3)
  56 -   0.00000 0.00000 0.59770 0.40230 ( 3)
  57 -   0.00000 0.00000 0.97300 0.02700 ( 3)
  58 -   0.00000 0.00000 0.44309 0.55691 ( 4)
  59 P   0.00000 0.00000 0.56266 0.43734 ( 3)
  60 V   0.00000 0.00000 0.30505 0.69495 ( 4)
  61 Q   0.00000 0.00000 0.98289 0.01711 ( 3)
  62 S   0.00000 0.00000 0.00759 0.99241 ( 4)
  63 Y   0.00000 0.00000 0.99835 0.00165 ( 3)
  64 R   0.00000 0.00000 0.84001 0.15999 ( 3)
  65 V   0.00000 0.00000 0.34560 0.65440 ( 4)
  66 R   0.00000 0.00000 0.98082 0.01918 ( 3)
  67 I   0.00000 0.00000 0.92531 0.07469 ( 3)
  68 R   0.00000 0.00000 0.99790 0.00210 ( 3)
  69 Y   0.00000 0.00000 0.99913 0.00087 ( 3)
  70 A   0.00000 0.00000 0.99919 0.00081 ( 3)
  71 A   0.00000 0.00000 0.97628 0.02372 ( 3)
  72 D   0.00000 0.00000 0.99266 0.00734 ( 3)
  73 G   0.00000 0.00000 0.97608 0.02392 ( 3)
  74 N   0.00000 0.00000 0.01314 0.98686 ( 4)
  75 G   0.00000 0.00000 0.16036 0.83964 ( 4)
  76 E   0.00000 0.00000 0.95014 0.04986 ( 3)
  77 M   0.00000 0.00000 0.96951 0.03049 ( 3)
  78 A   0.00000 0.00000 0.38680 0.61320 ( 4)
  79 I   0.00000 0.00000 0.95758 0.04242 ( 3)
  80 S   0.00000 0.00000 0.55792 0.44208 ( 3)
  81 V   0.00000 0.00000 0.69999 0.30001 ( 3)
  82 D   0.00000 0.00000 0.02260 0.97740 ( 4)
  83 G   0.00000 0.00000 0.10790 0.89210 ( 4)
  84 T   0.00000 0.00000 0.00003 0.99997 ( 4)
  85 -   0.00000 0.00000 0.86798 0.13202 ( 3)
  86 -   0.00000 0.00000 0.77746 0.22254 ( 3)
  87 -   0.00000 0.00000 0.01173 0.98827 ( 4)
  88 -   0.00000 0.00000 0.55152 0.44848 ( 3)
  89 L   0.00000 0.00000 0.00000 1.00000 ( 4)
  90 Y   0.00000 0.00000 0.62201 0.37799 ( 3)
  91 T   0.00000 0.00000 0.67672 0.32328 ( 3)
  92 P   0.00000 0.00000 0.31306 0.68694 ( 4)
  93 F   0.00000 0.00000 0.99951 0.00049 ( 3)
  94 N   0.00000 0.00000 0.00001 0.99999 ( 4)
  95 V   0.00000 0.00000 0.88060 0.11940 ( 3)
  96 E   0.00000 0.00000 0.98998 0.01002 ( 3)
  97 R   0.00000 0.00000 0.02224 0.97776 ( 4)
  98 T   0.00000 0.00000 0.99794 0.00206 ( 3)
  99 F   0.00000 0.00000 0.99951 0.00049 ( 3)
 100 S   0.00000 0.00000 0.54655 0.45345 ( 3)
 101 N   0.00000 0.00000 0.78260 0.21740 ( 3)
 102 N   0.00000 0.00000 0.00299 0.99701 ( 4)
 103 N   0.00000 0.00000 0.99938 0.00062 ( 3)
 104 Y   0.00000 0.00000 0.99679 0.00321 ( 3)
 105 -   0.00000 0.00000 0.68857 0.31143 ( 3)
 106 -   0.00000 0.00000 0.96810 0.03190 ( 3)
 107 -   0.00000 0.00000 0.91812 0.08188 ( 3)
 108 N   0.00000 0.00000 0.98145 0.01855 ( 3)
 109 D   0.00000 0.00000 0.99962 0.00038 ( 3)
 110 L   0.00000 0.00000 0.99488 0.00512 ( 3)
 111 K   0.00000 0.00000 0.98896 0.01104 ( 3)
 112 F   0.00000 0.00000 0.73877 0.26123 ( 3)
 113 E   0.00000 0.00000 0.94044 0.05956 ( 3)
 114 D   0.00000 0.00000 0.97840 0.02160 ( 3)
 115 F   0.00000 0.00000 0.99907 0.00093 ( 3)
 116 K   0.00000 0.00000 0.99158 0.00842 ( 3)
 117 V   0.00000 0.00000 0.28725 0.71275 ( 4)
 118 I   0.00000 0.00000 0.91671 0.08329 ( 3)
 119 D   0.00000 0.00000 0.97020 0.02980 ( 3)
 120 T   0.00000 0.00000 0.82378 0.17622 ( 3)
 121 P   0.00000 0.00000 0.00005 0.99995 ( 4)
 122 L   0.00000 0.00000 0.60798 0.39202 ( 3)
 123 I   0.00000 0.00000 0.99841 0.00159 ( 3)
 124 Y   0.00000 0.00000 0.82624 0.17376 ( 3)
 125 N   0.00000 0.00000 0.98792 0.01208 ( 3)
 126 A   0.00000 0.00000 0.46158 0.53842 ( 4)
 127 S   0.00000 0.00000 0.39139 0.60861 ( 4)
 128 Y   0.00000 0.00000 0.00142 0.99858 ( 4)
 129 E   0.00000 0.00000 0.09261 0.90739 ( 4)
 130 G   0.00000 0.00000 0.16600 0.83400 ( 4)
 131 A   0.00000 0.00000 0.67264 0.32736 ( 3)
 132 K   0.00000 0.00000 0.80667 0.19333 ( 3)
 133 S   0.00000 0.00000 0.91404 0.08596 ( 3)
 134 I   0.00000 0.00000 0.96152 0.03848 ( 3)
 135 F   0.00000 0.00000 0.13214 0.86786 ( 4)
 136 L   0.00000 0.00000 0.98728 0.01272 ( 3)
 137 -   0.00000 0.00000 0.00058 0.99942 ( 4)
 138 -   0.00000 0.00000 0.13402 0.86598 ( 4)
 139 -   0.00000 0.00000 0.00020 0.99980 ( 4)
 140 -   0.00000 0.00000 0.89645 0.10355 ( 3)
 141 -   0.00000 0.00000 0.00175 0.99825 ( 4)
 142 Y   0.00000 0.00000 0.00029 0.99971 ( 4)
 143 N   0.00000 0.00000 0.00037 0.99963 ( 4)
 144 N   0.00000 0.00000 0.00000 1.00000 ( 4)
 145 S   0.00000 0.00000 0.00013 0.99987 ( 4)
 146 N   0.00000 0.00000 0.98229 0.01771 ( 3)
 147 K   0.00000 0.00000 0.00064 0.99936 ( 4)
 148 R   0.00000 0.00000 0.95851 0.04149 ( 3)
 149 V   0.00000 0.00000 0.95938 0.04062 ( 3)
 150 I   0.00000 0.00000 0.99841 0.00159 ( 3)
 151 I   0.00000 0.00000 0.99860 0.00140 ( 3)
 152 D   0.00000 0.00000 0.99628 0.00372 ( 3)
 153 K   0.00000 0.00000 0.99588 0.00412 ( 3)
 154 I   0.00000 0.00000 0.98946 0.01054 ( 3)
 155 E   0.00000 0.00000 0.99911 0.00089 ( 3)
 156 F   0.00000 0.00000 0.98390 0.01610 ( 3)
 157 I   0.00000 0.00000 0.04301 0.95699 ( 4)
 158 -   0.00000 0.00000 0.90278 0.09722 ( 3)


lnL = -2302.968941

Bayes Empirical Bayes (BEB) probabilities for 4 classes (class)
(amino acids refer to 1st sequence: BT_Cry19Ca1)

   1 -   0.63351 0.08741 0.24553 0.03355 ( 1)
   2 -   0.06714 0.65378 0.02626 0.25282 ( 2)
   3 F   0.00201 0.60754 0.14204 0.24842 ( 2)
   4 D   0.73111 0.00716 0.25909 0.00265 ( 1)
   5 K   0.17743 0.56389 0.05389 0.20478 ( 2)
   6 I   0.74626 0.02489 0.21952 0.00934 ( 1)
   7 T   0.77447 0.00122 0.22385 0.00046 ( 1)
   8 Q   0.75041 0.00107 0.24814 0.00038 ( 1)
   9 I   0.75406 0.02129 0.21662 0.00803 ( 1)
  10 P   0.76040 0.00065 0.23872 0.00023 ( 1)
  11 A   0.73002 0.00181 0.26750 0.00067 ( 1)
  12 V   0.73015 0.00191 0.26724 0.00071 ( 1)
  13 K   0.77242 0.00052 0.22686 0.00019 ( 1)
  14 S   0.31714 0.43460 0.09219 0.15607 ( 2)
  15 S   0.00001 0.70935 0.00006 0.29058 ( 2)
  16 D   0.00000 0.71942 0.00000 0.28058 ( 2)
  17 W   0.34339 0.38448 0.12847 0.14366 ( 2)
  18 L   0.00037 0.71820 0.00238 0.27905 ( 2)
  19 F   0.51109 0.24385 0.15910 0.08595 ( 1)
  20 Y   0.11168 0.51462 0.18772 0.18598 ( 2)
  21 G   0.74682 0.01001 0.23954 0.00363 ( 1)
  22 N   0.04831 0.67554 0.02247 0.25368 ( 2)
  23 L   0.16947 0.06877 0.74219 0.01957 ( 3)
  24 L   0.73431 0.01281 0.24829 0.00459 ( 1)
  25 K   0.00073 0.73255 0.00022 0.26651 ( 2)
  26 G   0.76524 0.00063 0.23390 0.00022 ( 1)
  27 P   0.76027 0.00077 0.23868 0.00027 ( 1)
  28 G   0.76457 0.00100 0.23409 0.00034 ( 1)
  29 H   0.76494 0.00032 0.23462 0.00011 ( 1)
  30 T   0.76824 0.00138 0.22986 0.00052 ( 1)
  31 G   0.76521 0.00069 0.23386 0.00024 ( 1)
  32 G   0.72875 0.00173 0.26887 0.00065 ( 1)
  33 D   0.73796 0.00040 0.26149 0.00015 ( 1)
  34 L   0.74344 0.00396 0.25116 0.00143 ( 1)
  35 V   0.73025 0.00181 0.26727 0.00067 ( 1)
  36 F   0.01131 0.65886 0.07175 0.25808 ( 2)
  37 L   0.76128 0.00069 0.23779 0.00024 ( 1)
  38 D   0.00304 0.71137 0.01180 0.27379 ( 2)
  39 N   0.77719 0.00325 0.21835 0.00121 ( 1)
  40 G   0.00022 0.74400 0.00007 0.25570 ( 2)
  41 N   0.00002 0.72101 0.00090 0.27807 ( 2)
  42 N   0.00070 0.71873 0.00141 0.27917 ( 2)
  43 F   0.00146 0.71951 0.00380 0.27523 ( 2)
  44 N   0.00003 0.71440 0.00031 0.28526 ( 2)
  45 V   0.46664 0.27516 0.15232 0.10588 ( 1)
  46 R   0.00001 0.71591 0.00003 0.28405 ( 2)
  47 V   0.28925 0.11545 0.55955 0.03575 ( 3)
  48 N   0.00613 0.71690 0.00300 0.27397 ( 2)
  49 F   0.67580 0.08748 0.20683 0.02989 ( 1)
  50 -   0.20155 0.51937 0.07867 0.20041 ( 2)
  51 -   0.65344 0.06748 0.25318 0.02590 ( 1)
  52 -   0.69471 0.02621 0.26902 0.01006 ( 1)
  53 -   0.68908 0.03184 0.26686 0.01222 ( 1)
  54 -   0.68049 0.04043 0.26357 0.01551 ( 1)
  55 -   0.58221 0.13872 0.22581 0.05327 ( 1)
  56 -   0.33289 0.38803 0.12964 0.14944 ( 2)
  57 -   0.69889 0.02203 0.27063 0.00845 ( 1)
  58 -   0.22483 0.49609 0.08773 0.19135 ( 2)
  59 P   0.26516 0.46264 0.09897 0.17323 ( 2)
  60 V   0.03489 0.60027 0.14886 0.21597 ( 2)
  61 Q   0.72890 0.01939 0.24487 0.00684 ( 1)
  62 S   0.00080 0.72008 0.00089 0.27823 ( 2)
  63 Y   0.76029 0.00111 0.23823 0.00038 ( 1)
  64 R   0.48411 0.21439 0.21987 0.08162 ( 1)
  65 V   0.08367 0.61654 0.07071 0.22908 ( 2)
  66 R   0.72507 0.01507 0.25441 0.00545 ( 1)
  67 I   0.67048 0.09699 0.19617 0.03636 ( 1)
  68 R   0.75270 0.00148 0.24531 0.00051 ( 1)
  69 Y   0.76108 0.00057 0.23815 0.00020 ( 1)
  70 A   0.77184 0.00049 0.22750 0.00018 ( 1)
  71 A   0.72570 0.02280 0.24272 0.00878 ( 1)
  72 D   0.37713 0.00760 0.61299 0.00227 ( 3)
  73 G   0.72989 0.03223 0.22660 0.01129 ( 1)
  74 N   0.00069 0.72423 0.00243 0.27265 ( 2)
  75 G   0.03809 0.68785 0.01413 0.25993 ( 2)
  76 E   0.69118 0.07177 0.21219 0.02485 ( 1)
  77 M   0.72913 0.03332 0.22626 0.01129 ( 1)
  78 A   0.02205 0.56678 0.20182 0.20935 ( 2)
  79 I   0.72330 0.04268 0.21793 0.01609 ( 1)
  80 S   0.26277 0.46135 0.09467 0.18121 ( 2)
  81 V   0.38322 0.36622 0.11732 0.13325 ( 1)
  82 D   0.00116 0.72184 0.00437 0.27262 ( 2)
  83 G   0.02555 0.71269 0.00790 0.25386 ( 2)
  84 T   0.00000 0.70612 0.00001 0.29387 ( 2)
  85 -   0.61024 0.11068 0.23659 0.04249 ( 1)
  86 -   0.53549 0.18543 0.20784 0.07124 ( 1)
  87 -   0.00223 0.71869 0.00087 0.27821 ( 2)
  88 -   0.29909 0.42183 0.11654 0.16254 ( 2)
  89 L   0.00000 0.69244 0.00000 0.30756 ( 2)
  90 Y   0.26093 0.48455 0.08334 0.17118 ( 2)
  91 T   0.40522 0.35346 0.11655 0.12477 ( 1)
  92 P   0.09240 0.63574 0.03140 0.24046 ( 2)
  93 F   0.76644 0.00030 0.23315 0.00011 ( 1)
  94 N   0.00000 0.72853 0.00000 0.27147 ( 2)
  95 V   0.21132 0.16107 0.57810 0.04950 ( 3)
  96 E   0.71654 0.00992 0.26986 0.00368 ( 1)
  97 R   0.00109 0.72101 0.00512 0.27278 ( 2)
  98 T   0.76836 0.00127 0.22990 0.00047 ( 1)
  99 F   0.76644 0.00030 0.23315 0.00011 ( 1)
 100 S   0.25369 0.47344 0.09475 0.17812 ( 2)
 101 N   0.38221 0.31189 0.19009 0.11581 ( 1)
 102 N   0.00035 0.73086 0.00010 0.26870 ( 2)
 103 N   0.78021 0.00035 0.21931 0.00013 ( 1)
 104 Y   0.75700 0.00309 0.23882 0.00109 ( 1)
 105 -   0.40617 0.31475 0.15797 0.12111 ( 1)
 106 -   0.69478 0.02614 0.26905 0.01003 ( 1)
 107 -   0.65245 0.06847 0.25280 0.02628 ( 1)
 108 N   0.75685 0.01836 0.21795 0.00685 ( 1)
 109 D   0.77709 0.00021 0.22261 0.00008 ( 1)
 110 L   0.74501 0.00371 0.24996 0.00132 ( 1)
 111 K   0.73146 0.01021 0.25454 0.00379 ( 1)
 112 F   0.46738 0.26521 0.17006 0.09735 ( 1)
 113 E   0.68713 0.06096 0.22897 0.02295 ( 1)
 114 D   0.75304 0.02108 0.21824 0.00764 ( 1)
 115 F   0.76579 0.00059 0.23342 0.00020 ( 1)
 116 K   0.73573 0.00765 0.25374 0.00288 ( 1)
 117 V   0.04903 0.63060 0.08183 0.23853 ( 2)
 118 I   0.54010 0.11462 0.30513 0.04016 ( 1)
 119 D   0.74839 0.02743 0.21472 0.00946 ( 1)
 120 T   0.52177 0.23306 0.15831 0.08685 ( 1)
 121 P   0.00000 0.72916 0.00000 0.27083 ( 2)
 122 L   0.29411 0.43788 0.10570 0.16230 ( 2)
 123 I   0.73371 0.00098 0.26494 0.00037 ( 1)
 124 Y   0.49473 0.23334 0.18469 0.08724 ( 1)
 125 N   0.76377 0.01184 0.21997 0.00442 ( 1)
 126 A   0.14894 0.59124 0.04729 0.21253 ( 2)
 127 S   0.06486 0.53605 0.20091 0.19819 ( 2)
 128 Y   0.00016 0.73792 0.00005 0.26187 ( 2)
 129 E   0.00315 0.64573 0.09903 0.25210 ( 2)
 130 G   0.04418 0.69718 0.01414 0.24450 ( 2)
 131 A   0.24362 0.42661 0.17008 0.15969 ( 2)
 132 K   0.48333 0.24560 0.17623 0.09484 ( 1)
 133 S   0.35016 0.10629 0.50870 0.03485 ( 3)
 134 I   0.73572 0.03499 0.21610 0.01319 ( 1)
 135 F   0.01708 0.68361 0.02144 0.27787 ( 2)
 136 L   0.73454 0.01303 0.24777 0.00467 ( 1)
 137 -   0.00007 0.72085 0.00003 0.27905 ( 2)
 138 -   0.04115 0.67977 0.01610 0.26298 ( 2)
 139 -   0.00003 0.72089 0.00001 0.27907 ( 2)
 140 -   0.63414 0.08678 0.24577 0.03331 ( 1)
 141 -   0.00031 0.72061 0.00012 0.27896 ( 2)
 142 Y   0.00002 0.74528 0.00001 0.25469 ( 2)
 143 N   0.00001 0.72810 0.00005 0.27183 ( 2)
 144 N   0.00000 0.72263 0.00000 0.27737 ( 2)
 145 S   0.00001 0.72026 0.00001 0.27973 ( 2)
 146 N   0.71665 0.01626 0.26066 0.00643 ( 1)
 147 K   0.00005 0.71700 0.00003 0.28292 ( 2)
 148 R   0.69190 0.04608 0.24543 0.01658 ( 1)
 149 V   0.72608 0.04276 0.21558 0.01558 ( 1)
 150 I   0.73371 0.00098 0.26494 0.00037 ( 1)
 151 I   0.77200 0.00083 0.22686 0.00031 ( 1)
 152 D   0.73590 0.00243 0.26077 0.00090 ( 1)
 153 K   0.76390 0.00377 0.23095 0.00138 ( 1)
 154 I   0.76965 0.00674 0.22107 0.00254 ( 1)
 155 E   0.73812 0.00058 0.26109 0.00021 ( 1)
 156 F   0.71762 0.01639 0.25992 0.00607 ( 1)
 157 I   0.00738 0.72340 0.00216 0.26706 ( 2)
 158 -   0.63950 0.08142 0.24783 0.03125 ( 1)

