Supplemental results for CODEML (seqf: algn  treef: tree)


dN/dS (w) for site classes (K=4)

site class             0        1       2a       2b
proportion       0.43064  0.45759  0.05419  0.05758
background w     0.06403  1.00000  0.06403  1.00000
foreground w     0.06403  1.00000 12.61693 12.61693

Naive Empirical Bayes (NEB) probabilities for 4 classes
(amino acids refer to 1st sequence: BT_Cry1Be1)

   1 -   0.43064 0.45759 0.05419 0.05758 ( 2)
   2 -   0.89707 0.10274 0.00015 0.00004 ( 1)
   3 -   0.86386 0.13571 0.00033 0.00010 ( 1)
   4 S   0.93921 0.06065 0.00011 0.00003 ( 1)
   5 D   0.19003 0.80122 0.00679 0.00197 ( 2)
   6 S   0.00003 0.99110 0.00000 0.00887 ( 2)
   7 I   0.99351 0.00638 0.00011 0.00000 ( 1)
   8 T   0.98002 0.01993 0.00004 0.00000 ( 1)
   9 Q   0.82537 0.17443 0.00014 0.00006 ( 1)
  10 I   0.99145 0.00842 0.00013 0.00000 ( 1)
  11 P   0.93551 0.06446 0.00002 0.00000 ( 1)
  12 L   0.18096 0.81466 0.00217 0.00221 ( 2)
  13 V   0.87804 0.12180 0.00011 0.00005 ( 1)
  14 K   0.99670 0.00325 0.00005 0.00000 ( 1)
  15 S   0.00001 0.53150 0.02146 0.44703 ( 2)
  16 F   0.96072 0.03923 0.00005 0.00001 ( 1)
  17 N   0.00003 0.99935 0.00000 0.00062 ( 2)
  18 L   0.00008 0.94472 0.00016 0.05504 ( 2)
  19 N   0.00104 0.99871 0.00000 0.00025 ( 2)
  20 S   0.00002 0.18261 0.73655 0.08082 ( 3)
  21 G   0.23137 0.76323 0.00067 0.00473 ( 2)
  22 T   0.00106 0.75434 0.03890 0.20570 ( 2)
  23 S   0.00000 0.04159 0.03111 0.92730 ( 4)
  24 V   0.00342 0.90987 0.03639 0.05031 ( 2)
  25 V   0.00002 0.57889 0.00779 0.41330 ( 2)
  26 S   0.48240 0.51723 0.00013 0.00024 ( 2)
  27 G   0.98967 0.01022 0.00010 0.00000 ( 1)
  28 P   0.99310 0.00678 0.00011 0.00000 ( 1)
  29 G   0.99046 0.00944 0.00010 0.00000 ( 1)
  30 F   0.99758 0.00238 0.00004 0.00000 ( 1)
  31 T   0.97262 0.02724 0.00013 0.00001 ( 1)
  32 G   0.97008 0.02615 0.00363 0.00013 ( 1)
  33 G   0.98985 0.01004 0.00010 0.00000 ( 1)
  34 D   0.99801 0.00196 0.00003 0.00000 ( 1)
  35 I   0.89398 0.10583 0.00015 0.00004 ( 1)
  36 I   0.00182 0.92739 0.00172 0.06907 ( 2)
  37 R   0.00138 0.99040 0.00004 0.00819 ( 2)
  38 T   0.00005 0.94161 0.00090 0.05744 ( 2)
  39 N   0.00011 0.55129 0.28797 0.16064 ( 2)
  40 V   0.55586 0.33237 0.06995 0.04182 ( 1)
  41 -   0.43064 0.45759 0.05419 0.05758 ( 2)
  42 N   0.00003 0.75002 0.01405 0.23589 ( 2)
  43 G   0.16315 0.82208 0.00080 0.01398 ( 2)
  44 S   0.00000 0.00968 0.00057 0.98975 ( 4)
  45 V   0.00076 0.99317 0.00003 0.00604 ( 2)
  46 L   0.00000 0.11390 0.18461 0.70149 ( 4)
  47 S   0.00111 0.97048 0.00288 0.02552 ( 2)
  48 M   0.49337 0.50654 0.00002 0.00007 ( 2)
  49 G   0.03198 0.96753 0.00001 0.00047 ( 2)
  50 L   0.98828 0.01168 0.00003 0.00000 ( 1)
  51 N   0.09526 0.80586 0.09049 0.00839 ( 2)
  52 F   0.16018 0.83656 0.00027 0.00299 ( 2)
  53 N   0.00332 0.97640 0.00093 0.01934 ( 2)
  54 N   0.28180 0.70990 0.00198 0.00632 ( 2)
  55 T   0.00051 0.67985 0.00393 0.31571 ( 2)
  56 -   0.37339 0.61519 0.00588 0.00554 ( 2)
  57 S   0.34687 0.65248 0.00016 0.00049 ( 2)
  58 L   0.90842 0.09117 0.00035 0.00007 ( 1)
  59 Q   0.06345 0.93606 0.00001 0.00048 ( 2)
  60 R   0.09915 0.89865 0.00111 0.00109 ( 2)
  61 Y   0.98495 0.01502 0.00003 0.00000 ( 1)
  62 R   0.85065 0.14928 0.00004 0.00003 ( 1)
  63 V   0.97462 0.02526 0.00010 0.00001 ( 1)
  64 R   0.98425 0.01572 0.00003 0.00000 ( 1)
  65 V   0.15626 0.84007 0.00202 0.00165 ( 2)
  66 R   0.99619 0.00379 0.00003 0.00000 ( 1)
  67 Y   0.99671 0.00325 0.00004 0.00000 ( 1)
  68 A   0.84566 0.15421 0.00008 0.00005 ( 1)
  69 A   0.07587 0.92392 0.00001 0.00020 ( 2)
  70 S   0.08136 0.86158 0.02811 0.02895 ( 2)
  71 Q   0.76164 0.23830 0.00003 0.00003 ( 1)
  72 T   0.00389 0.27010 0.36608 0.35993 ( 3)
  73 M   0.00825 0.99154 0.00000 0.00021 ( 2)
  74 V   0.44625 0.44198 0.05615 0.05562 ( 1)
  75 L   0.05679 0.83144 0.00715 0.10462 ( 2)
  76 R   0.46908 0.41915 0.05903 0.05274 ( 1)
  77 V   0.00000 0.03576 0.17888 0.78536 ( 4)
  78 T   0.00004 0.83251 0.00169 0.16576 ( 2)
  79 V   0.00005 0.34001 0.35241 0.30753 ( 3)
  80 G   0.00322 0.81160 0.11006 0.07513 ( 2)
  81 G   0.95823 0.03866 0.00294 0.00017 ( 1)
  82 S   0.00004 0.89812 0.00005 0.10179 ( 2)
  83 T   0.30241 0.69668 0.00030 0.00062 ( 2)
  84 T   0.13407 0.86284 0.00146 0.00163 ( 2)
  85 F   0.93632 0.06350 0.00014 0.00004 ( 1)
  86 D   0.02559 0.92933 0.00638 0.03869 ( 2)
  87 Q   0.82537 0.17443 0.00014 0.00006 ( 1)
  88 G   0.96309 0.03444 0.00235 0.00012 ( 1)
  89 -   0.97896 0.02100 0.00004 0.00001 ( 1)
  90 -   0.00299 0.99561 0.00002 0.00138 ( 2)
  91 -   0.00015 0.40207 0.04561 0.55217 ( 4)
  92 F   0.96072 0.03923 0.00005 0.00001 ( 1)
  93 P   0.99423 0.00569 0.00008 0.00000 ( 1)
  94 S   0.00003 0.76740 0.00168 0.23090 ( 2)
  95 T   0.99409 0.00583 0.00008 0.00000 ( 1)
  96 M   0.00002 0.71022 0.02434 0.26542 ( 2)
  97 S   0.00894 0.98820 0.00002 0.00284 ( 2)
  98 A   0.00083 0.90302 0.00064 0.09550 ( 2)
  99 N   0.85054 0.14577 0.00364 0.00005 ( 1)
 100 E   0.24579 0.75391 0.00002 0.00028 ( 2)
 101 S   0.09681 0.90292 0.00001 0.00026 ( 2)
 102 L   0.81378 0.18614 0.00005 0.00003 ( 1)
 103 T   0.00021 0.59610 0.07725 0.32644 ( 2)
 104 S   0.00120 0.95868 0.00501 0.03511 ( 2)
 105 Q   0.00000 0.00500 0.00131 0.99369 ( 4)
 106 S   0.86751 0.13242 0.00004 0.00003 ( 1)
 107 F   0.00000 0.14439 0.00220 0.85341 ( 4)
 108 R   0.47561 0.52381 0.00017 0.00040 ( 2)
 109 F   0.97549 0.02446 0.00004 0.00000 ( 1)
 110 A   0.49659 0.50322 0.00004 0.00015 ( 2)
 111 E   0.47093 0.52862 0.00009 0.00036 ( 2)
 112 F   0.99758 0.00238 0.00004 0.00000 ( 1)
 113 P   0.14258 0.85143 0.00264 0.00335 ( 2)
 114 V   0.99115 0.00874 0.00011 0.00000 ( 1)
 115 -   0.35264 0.64701 0.00007 0.00028 ( 2)
 116 -   0.82107 0.17830 0.00047 0.00016 ( 1)
 117 -   0.94917 0.05081 0.00002 0.00000 ( 1)
 118 -   0.00011 0.94203 0.00082 0.05704 ( 2)
 119 -   0.91918 0.08071 0.00009 0.00002 ( 1)
 120 -   0.96409 0.03582 0.00008 0.00001 ( 1)
 121 G   0.94153 0.05838 0.00008 0.00002 ( 1)
 122 I   0.01312 0.96998 0.00081 0.01609 ( 2)
 123 S   0.97668 0.02227 0.00101 0.00005 ( 1)
 124 A   0.75199 0.24779 0.00008 0.00014 ( 1)
 125 S   0.95084 0.04903 0.00011 0.00002 ( 1)
 126 G   0.22099 0.60957 0.13569 0.03374 ( 2)
 127 S   0.93728 0.06235 0.00034 0.00004 ( 1)
 128 Q   0.06912 0.91551 0.00864 0.00673 ( 2)
 129 T   0.45677 0.54178 0.00053 0.00092 ( 2)
 130 A   0.00039 0.97386 0.00011 0.02564 ( 2)
 131 G   0.88305 0.11679 0.00009 0.00007 ( 1)
 132 -   0.43064 0.45759 0.05419 0.05758 ( 2)
 133 I   0.87706 0.12273 0.00013 0.00008 ( 1)
 134 S   0.19016 0.80943 0.00003 0.00038 ( 2)
 135 I   0.00016 0.99312 0.00001 0.00671 ( 2)
 136 S   0.04804 0.94968 0.00011 0.00217 ( 2)
 137 N   0.00019 0.71118 0.00304 0.28559 ( 2)
 138 N   0.00040 0.30807 0.11480 0.57672 ( 4)
 139 A   0.00001 0.84935 0.00014 0.15050 ( 2)
 140 G   0.00111 0.02936 0.95322 0.01631 ( 3)
 141 R   0.00186 0.99530 0.00005 0.00279 ( 2)
 142 Q   0.00000 0.00371 0.00585 0.99044 ( 4)
 143 T   0.00304 0.97975 0.00051 0.01670 ( 2)
 144 F   0.99758 0.00238 0.00004 0.00000 ( 1)
 145 H   0.97777 0.02218 0.00004 0.00000 ( 1)
 146 F   0.78507 0.21456 0.00025 0.00012 ( 1)
 147 D   0.96135 0.03861 0.00004 0.00001 ( 1)
 148 K   0.93423 0.06571 0.00005 0.00001 ( 1)
 149 I   0.77034 0.22839 0.00088 0.00038 ( 1)
 150 E   0.99695 0.00301 0.00004 0.00000 ( 1)
 151 F   0.55044 0.44905 0.00016 0.00034 ( 1)
 152 I   0.86413 0.11049 0.02175 0.00363 ( 1)


lnL = -2218.167099

Bayes Empirical Bayes (BEB) probabilities for 4 classes (class)
(amino acids refer to 1st sequence: BT_Cry1Be1)

   1 -   0.40340 0.45926 0.06418 0.07316 ( 2)
   2 -   0.89146 0.10732 0.00097 0.00024 ( 1)
   3 -   0.85576 0.14187 0.00181 0.00056 ( 1)
   4 S   0.92880 0.07069 0.00040 0.00010 ( 1)
   5 D   0.12883 0.85230 0.01404 0.00483 ( 2)
   6 S   0.00001 0.96596 0.00000 0.03403 ( 2)
   7 I   0.99426 0.00545 0.00028 0.00001 ( 1)
   8 T   0.97704 0.02283 0.00012 0.00002 ( 1)
   9 Q   0.79417 0.20450 0.00087 0.00047 ( 1)
  10 I   0.99233 0.00728 0.00039 0.00001 ( 1)
  11 P   0.92521 0.07443 0.00030 0.00006 ( 1)
  12 L   0.10299 0.88504 0.00492 0.00705 ( 2)
  13 V   0.83344 0.16596 0.00036 0.00024 ( 1)
  14 K   0.99698 0.00280 0.00022 0.00000 ( 1)
  15 S   0.00000 0.46810 0.01468 0.51722 ( 4)
  16 F   0.95438 0.04531 0.00028 0.00004 ( 1)
  17 N   0.00001 0.99796 0.00000 0.00203 ( 2)
  18 L   0.00003 0.88505 0.00013 0.11479 ( 2)
  19 N   0.00049 0.99756 0.00000 0.00195 ( 2)
  20 S   0.00000 0.11082 0.80071 0.08847 ( 3)
  21 G   0.15968 0.82691 0.00116 0.01225 ( 2)
  22 T   0.00037 0.65079 0.03819 0.31066 ( 2)
  23 S   0.00000 0.04835 0.01790 0.93375 ( 4)
  24 V   0.00135 0.82821 0.05745 0.11299 ( 2)
  25 V   0.00001 0.56506 0.00528 0.42965 ( 2)
  26 S   0.39001 0.60696 0.00083 0.00220 ( 2)
  27 G   0.98991 0.00941 0.00066 0.00001 ( 1)
  28 P   0.99272 0.00633 0.00094 0.00001 ( 1)
  29 G   0.99074 0.00859 0.00066 0.00001 ( 1)
  30 F   0.99783 0.00201 0.00015 0.00000 ( 1)
  31 T   0.96932 0.03025 0.00038 0.00005 ( 1)
  32 G   0.96261 0.02431 0.01265 0.00043 ( 1)
  33 G   0.99006 0.00927 0.00066 0.00001 ( 1)
  34 D   0.99827 0.00163 0.00010 0.00000 ( 1)
  35 I   0.87419 0.12457 0.00095 0.00028 ( 1)
  36 I   0.00075 0.85878 0.00196 0.13852 ( 2)
  37 R   0.00057 0.97642 0.00006 0.02295 ( 2)
  38 T   0.00001 0.87472 0.00098 0.12428 ( 2)
  39 N   0.00003 0.44232 0.32339 0.23426 ( 2)
  40 V   0.51346 0.34921 0.08170 0.05563 ( 1)
  41 -   0.40340 0.45926 0.06418 0.07316 ( 2)
  42 N   0.00001 0.69996 0.00967 0.29036 ( 2)
  43 G   0.11664 0.84810 0.00169 0.03357 ( 2)
  44 S   0.00000 0.01575 0.00021 0.98404 ( 4)
  45 V   0.00030 0.97985 0.00005 0.01980 ( 2)
  46 L   0.00000 0.11810 0.13871 0.74319 ( 4)
  47 S   0.00035 0.92833 0.00419 0.06713 ( 2)
  48 M   0.34466 0.65470 0.00010 0.00054 ( 2)
  49 G   0.01557 0.98073 0.00004 0.00366 ( 2)
  50 L   0.98686 0.01299 0.00015 0.00001 ( 1)
  51 N   0.04889 0.72058 0.20942 0.02112 ( 2)
  52 F   0.11685 0.87205 0.00071 0.01039 ( 2)
  53 N   0.00116 0.95764 0.00104 0.04016 ( 2)
  54 N   0.19937 0.77636 0.00409 0.02018 ( 2)
  55 T   0.00019 0.62996 0.00245 0.36739 ( 2)
  56 -   0.30751 0.66133 0.01754 0.01363 ( 2)
  57 S   0.25362 0.74192 0.00078 0.00368 ( 2)
  58 L   0.88921 0.10848 0.00189 0.00043 ( 1)
  59 Q   0.03234 0.96602 0.00002 0.00162 ( 2)
  60 R   0.06039 0.93488 0.00207 0.00267 ( 2)
  61 Y   0.98294 0.01690 0.00015 0.00001 ( 1)
  62 R   0.82654 0.17308 0.00021 0.00016 ( 1)
  63 V   0.97145 0.02823 0.00027 0.00004 ( 1)
  64 R   0.98502 0.01458 0.00038 0.00001 ( 1)
  65 V   0.10682 0.88400 0.00477 0.00441 ( 2)
  66 R   0.99615 0.00346 0.00039 0.00000 ( 1)
  67 Y   0.99683 0.00288 0.00029 0.00000 ( 1)
  68 A   0.82758 0.17184 0.00035 0.00024 ( 1)
  69 A   0.04685 0.95225 0.00002 0.00088 ( 2)
  70 S   0.05438 0.86520 0.03807 0.04235 ( 2)
  71 Q   0.67383 0.32583 0.00013 0.00021 ( 1)
  72 T   0.00265 0.33734 0.31946 0.34055 ( 4)
  73 M   0.00313 0.99598 0.00000 0.00089 ( 2)
  74 V   0.41861 0.44406 0.06660 0.07074 ( 2)
  75 L   0.04165 0.82102 0.00662 0.13071 ( 2)
  76 R   0.44096 0.42171 0.07016 0.06718 ( 1)
  77 V   0.00000 0.04904 0.12716 0.82380 ( 4)
  78 T   0.00001 0.79510 0.00106 0.20383 ( 2)
  79 V   0.00002 0.29576 0.33516 0.36906 ( 4)
  80 G   0.00147 0.73892 0.14635 0.11326 ( 2)
  81 G   0.95303 0.03686 0.00959 0.00052 ( 1)
  82 S   0.00001 0.81626 0.00004 0.18369 ( 2)
  83 T   0.19527 0.80170 0.00075 0.00228 ( 2)
  84 T   0.07484 0.91382 0.00434 0.00700 ( 2)
  85 F   0.93036 0.06902 0.00048 0.00014 ( 1)
  86 D   0.01125 0.91168 0.00702 0.07004 ( 2)
  87 Q   0.79417 0.20450 0.00087 0.00047 ( 1)
  88 G   0.95921 0.03236 0.00803 0.00040 ( 1)
  89 -   0.97852 0.02135 0.00012 0.00001 ( 1)
  90 -   0.00141 0.99367 0.00005 0.00486 ( 2)
  91 -   0.00006 0.33145 0.03628 0.63221 ( 4)
  92 F   0.95438 0.04531 0.00028 0.00004 ( 1)
  93 P   0.99398 0.00522 0.00079 0.00001 ( 1)
  94 S   0.00001 0.72088 0.00092 0.27819 ( 2)
  95 T   0.99469 0.00507 0.00024 0.00001 ( 1)
  96 M   0.00000 0.54310 0.02039 0.43650 ( 2)
  97 S   0.00425 0.98337 0.00004 0.01234 ( 2)
  98 A   0.00033 0.86198 0.00052 0.13717 ( 2)
  99 N   0.82131 0.14955 0.02881 0.00034 ( 1)
 100 E   0.14871 0.85033 0.00004 0.00092 ( 2)
 101 S   0.05217 0.94615 0.00004 0.00163 ( 2)
 102 L   0.76049 0.23915 0.00020 0.00016 ( 1)
 103 T   0.00005 0.46920 0.06567 0.46508 ( 2)
 104 S   0.00047 0.91603 0.00779 0.07571 ( 2)
 105 Q   0.00000 0.00856 0.00058 0.99085 ( 4)
 106 S   0.81372 0.18606 0.00010 0.00013 ( 1)
 107 F   0.00000 0.14402 0.00090 0.85508 ( 4)
 108 R   0.38336 0.61263 0.00096 0.00304 ( 2)
 109 F   0.97192 0.02777 0.00028 0.00002 ( 1)
 110 A   0.36360 0.63581 0.00009 0.00049 ( 2)
 111 E   0.37196 0.62475 0.00058 0.00271 ( 2)
 112 F   0.99783 0.00201 0.00015 0.00000 ( 1)
 113 P   0.07861 0.90580 0.00543 0.01016 ( 2)
 114 V   0.99179 0.00777 0.00043 0.00001 ( 1)
 115 -   0.29248 0.70542 0.00035 0.00175 ( 2)
 116 -   0.80957 0.18646 0.00291 0.00106 ( 1)
 117 -   0.94695 0.05281 0.00021 0.00003 ( 1)
 118 -   0.00004 0.86731 0.00108 0.13157 ( 2)
 119 -   0.91514 0.08413 0.00061 0.00013 ( 1)
 120 -   0.96296 0.03676 0.00024 0.00004 ( 1)
 121 G   0.93071 0.06883 0.00038 0.00008 ( 1)
 122 I   0.00540 0.95551 0.00109 0.03800 ( 2)
 123 S   0.97264 0.02384 0.00334 0.00018 ( 1)
 124 A   0.68467 0.31469 0.00019 0.00045 ( 1)
 125 S   0.94289 0.05662 0.00041 0.00008 ( 1)
 126 G   0.13579 0.56325 0.23280 0.06815 ( 2)
 127 S   0.92854 0.06881 0.00236 0.00029 ( 1)
 128 Q   0.03663 0.91462 0.02243 0.02632 ( 2)
 129 T   0.35172 0.64055 0.00210 0.00563 ( 2)
 130 A   0.00014 0.93442 0.00013 0.06530 ( 2)
 131 G   0.83760 0.16193 0.00024 0.00023 ( 1)
 132 -   0.40340 0.45926 0.06418 0.07316 ( 2)
 133 I   0.86503 0.13436 0.00036 0.00025 ( 1)
 134 S   0.11293 0.88553 0.00007 0.00147 ( 2)
 135 I   0.00006 0.97742 0.00001 0.02251 ( 2)
 136 S   0.02599 0.96800 0.00015 0.00586 ( 2)
 137 N   0.00007 0.69476 0.00207 0.30310 ( 2)
 138 N   0.00020 0.34256 0.08220 0.57505 ( 4)
 139 A   0.00000 0.72535 0.00011 0.27454 ( 2)
 140 G   0.00035 0.01729 0.96808 0.01427 ( 3)
 141 R   0.00068 0.99141 0.00007 0.00784 ( 2)
 142 Q   0.00000 0.00623 0.00283 0.99094 ( 4)
 143 T   0.00122 0.97135 0.00048 0.02695 ( 2)
 144 F   0.99783 0.00201 0.00015 0.00000 ( 1)
 145 H   0.97374 0.02595 0.00028 0.00002 ( 1)
 146 F   0.75094 0.24644 0.00168 0.00094 ( 1)
 147 D   0.95880 0.04104 0.00013 0.00004 ( 1)
 148 K   0.92642 0.07329 0.00023 0.00006 ( 1)
 149 I   0.72628 0.26708 0.00431 0.00233 ( 1)
 150 E   0.99711 0.00263 0.00025 0.00000 ( 1)
 151 F   0.45514 0.54217 0.00069 0.00200 ( 2)
 152 I   0.85324 0.10076 0.04002 0.00599 ( 1)

