Supplemental results for CODEML (seqf: algn  treef: tree)


dN/dS (w) for site classes (K=4)

site class             0        1       2a       2b
proportion       0.87478  0.10468  0.01835  0.00220
background w     0.15279  1.00000  0.15279  1.00000
foreground w     0.15279  1.00000 28.02254 28.02254

Naive Empirical Bayes (NEB) probabilities for 4 classes
(amino acids refer to 1st sequence: BT_Cry32Ja1)

   1 -   0.93392 0.04554 0.01959 0.00096 ( 1)
   2 -   0.96473 0.01473 0.02023 0.00031 ( 1)
   3 A   0.64794 0.33152 0.01359 0.00695 ( 1)
   4 A   0.04514 0.94967 0.00018 0.00502 ( 2)
   5 A   0.95123 0.04692 0.00170 0.00015 ( 1)
   6 A   0.99670 0.00113 0.00216 0.00001 ( 1)
   7 V   0.97900 0.01904 0.00186 0.00010 ( 1)
   8 G   0.85969 0.13930 0.00069 0.00032 ( 1)
   9 I   0.98206 0.00585 0.01199 0.00011 ( 1)
  10 I   0.86461 0.13414 0.00103 0.00022 ( 1)
  11 S   0.99546 0.00310 0.00143 0.00001 ( 1)
  12 V   0.86671 0.13062 0.00179 0.00087 ( 1)
  13 L   0.97678 0.01341 0.00957 0.00025 ( 1)
  14 L   0.69471 0.30304 0.00108 0.00117 ( 1)
  15 P   0.97896 0.02048 0.00054 0.00002 ( 1)
  16 L   0.14814 0.84713 0.00037 0.00436 ( 2)
  17 L   0.99534 0.00086 0.00379 0.00001 ( 1)
  18 W   0.99743 0.00221 0.00036 0.00000 ( 1)
  19 P   0.99930 0.00012 0.00058 0.00000 ( 1)
  20 D   0.75484 0.24364 0.00091 0.00061 ( 1)
  21 Q   0.95422 0.04344 0.00210 0.00025 ( 1)
  22 A   0.84811 0.07029 0.08064 0.00096 ( 1)
  23 G   0.99507 0.00415 0.00077 0.00001 ( 1)
  24 P   0.99293 0.00660 0.00047 0.00001 ( 1)
  25 P   0.99293 0.00660 0.00047 0.00001 ( 1)
  26 G   0.99006 0.00825 0.00166 0.00003 ( 1)
  27 T   0.99473 0.00403 0.00122 0.00001 ( 1)
  28 T   0.93289 0.06346 0.00329 0.00035 ( 1)
  29 E   0.72281 0.20274 0.06946 0.00499 ( 1)
  30 A   0.96449 0.03471 0.00076 0.00004 ( 1)
  31 Q   0.99015 0.00912 0.00071 0.00001 ( 1)
  32 F   0.96018 0.01659 0.02315 0.00009 ( 1)
  33 T   0.99236 0.00631 0.00132 0.00001 ( 1)
  34 W   0.99743 0.00221 0.00036 0.00000 ( 1)
  35 D   0.99640 0.00114 0.00245 0.00001 ( 1)
  36 Q   0.98137 0.01680 0.00179 0.00004 ( 1)
  37 W   0.77474 0.22398 0.00095 0.00033 ( 1)
  38 I   0.99893 0.00069 0.00037 0.00000 ( 1)
  39 T   0.77689 0.17614 0.04514 0.00183 ( 1)
  40 A   0.97836 0.02067 0.00093 0.00005 ( 1)
  41 G   0.98862 0.00983 0.00152 0.00003 ( 1)
  42 E   0.99844 0.00009 0.00147 0.00000 ( 1)
  43 E   0.93903 0.00651 0.05438 0.00008 ( 1)
  44 L   0.99247 0.00714 0.00038 0.00001 ( 1)
  45 A   0.90067 0.09711 0.00162 0.00060 ( 1)
  46 A   0.99433 0.00365 0.00201 0.00002 ( 1)
  47 Q   0.99914 0.00014 0.00072 0.00000 ( 1)
  48 T   0.97599 0.01961 0.00419 0.00021 ( 1)
  49 V   0.99786 0.00041 0.00173 0.00000 ( 1)
  50 S   0.56383 0.43269 0.00115 0.00233 ( 1)
  51 T   0.18928 0.77701 0.01978 0.01393 ( 2)
  52 S   0.32256 0.67445 0.00084 0.00215 ( 2)
  53 V   0.97454 0.02236 0.00297 0.00014 ( 1)
  54 K   0.98047 0.00217 0.01735 0.00001 ( 1)
  55 D   0.94238 0.05566 0.00177 0.00018 ( 1)
  56 R   0.97396 0.02472 0.00126 0.00006 ( 1)
  57 A   0.99826 0.00014 0.00160 0.00000 ( 1)
  58 I   0.99181 0.00684 0.00134 0.00001 ( 1)
  59 D   0.99269 0.00527 0.00201 0.00003 ( 1)
  60 T   0.96838 0.02943 0.00205 0.00014 ( 1)
  61 T   0.78357 0.20832 0.00513 0.00297 ( 1)
  62 R   0.20501 0.79329 0.00019 0.00150 ( 2)
  63 I   0.99090 0.00810 0.00099 0.00001 ( 1)
  64 L   0.99832 0.00058 0.00110 0.00000 ( 1)
  65 Q   0.99558 0.00378 0.00064 0.00000 ( 1)
  66 S   0.95084 0.04840 0.00070 0.00007 ( 1)
  67 R   0.91065 0.08903 0.00028 0.00004 ( 1)
  68 M   0.80890 0.18267 0.00748 0.00096 ( 1)
  69 R   0.55263 0.44661 0.00027 0.00049 ( 1)
  70 D   0.99846 0.00036 0.00118 0.00000 ( 1)
  71 Y   0.99870 0.00020 0.00111 0.00000 ( 1)
  72 Q   0.99855 0.00038 0.00108 0.00000 ( 1)
  73 Q   0.99823 0.00105 0.00072 0.00000 ( 1)
  74 A   0.99731 0.00094 0.00174 0.00000 ( 1)
  75 I   0.98206 0.01429 0.00358 0.00007 ( 1)
  76 C   0.96408 0.03553 0.00037 0.00002 ( 1)
  77 N   0.99238 0.00668 0.00092 0.00002 ( 1)
  78 L   0.98893 0.01035 0.00070 0.00001 ( 1)
  79 Q   0.30647 0.68919 0.00106 0.00327 ( 2)
  80 T   0.36564 0.32155 0.28630 0.02651 ( 1)
  81 D   0.99833 0.00012 0.00155 0.00000 ( 1)
  82 P   0.99661 0.00250 0.00088 0.00000 ( 1)
  83 D   0.99836 0.00034 0.00131 0.00000 ( 1)
  84 N   0.99388 0.00190 0.00421 0.00001 ( 1)
  85 E   0.99352 0.00474 0.00172 0.00002 ( 1)
  86 E   0.03995 0.05912 0.88416 0.01677 ( 3)
  87 Y   0.80803 0.19087 0.00071 0.00039 ( 1)
  88 K   0.99870 0.00016 0.00114 0.00000 ( 1)
  89 A   0.95991 0.03817 0.00177 0.00015 ( 1)
  90 D   0.99770 0.00173 0.00057 0.00000 ( 1)
  91 V   0.99810 0.00021 0.00169 0.00000 ( 1)
  92 R   0.86672 0.13271 0.00043 0.00015 ( 1)
  93 R   0.97937 0.01990 0.00069 0.00003 ( 1)
  94 E   0.99812 0.00073 0.00115 0.00000 ( 1)
  95 F   0.99832 0.00108 0.00059 0.00000 ( 1)
  96 N   0.91067 0.08823 0.00084 0.00025 ( 1)
  97 D   0.99821 0.00061 0.00118 0.00000 ( 1)
  98 A   0.94191 0.05542 0.00248 0.00020 ( 1)
  99 E   0.99765 0.00123 0.00112 0.00000 ( 1)
 100 D   0.99718 0.00163 0.00118 0.00001 ( 1)
 101 Q   0.99321 0.00459 0.00217 0.00002 ( 1)
 102 A   0.99221 0.00531 0.00245 0.00003 ( 1)
 103 K   0.99608 0.00174 0.00217 0.00001 ( 1)
 104 D   0.00407 0.98980 0.00001 0.00612 ( 2)
 105 A   0.99374 0.00531 0.00093 0.00001 ( 1)
 106 V   0.91469 0.02118 0.06389 0.00024 ( 1)
 107 I   0.99357 0.00521 0.00121 0.00001 ( 1)
 108 Q   0.99089 0.00839 0.00071 0.00001 ( 1)
 109 F   0.99920 0.00005 0.00076 0.00000 ( 1)
 110 G   0.93146 0.06213 0.00582 0.00059 ( 1)
 111 -   0.96059 0.03878 0.00056 0.00007 ( 1)
 112 -   0.24427 0.55354 0.18088 0.02131 ( 2)
 113 -   0.96247 0.03356 0.00354 0.00043 ( 1)
 114 -   0.96891 0.03010 0.00088 0.00010 ( 1)
 115 -   0.97164 0.02709 0.00114 0.00013 ( 1)
 116 -   0.35450 0.53133 0.10209 0.01208 ( 2)
 117 -   0.96502 0.03397 0.00091 0.00011 ( 1)
 118 -   0.96559 0.03241 0.00179 0.00021 ( 1)
 119 N   0.93879 0.05824 0.00267 0.00031 ( 1)
 120 L   0.77647 0.21973 0.00241 0.00139 ( 1)
 121 N   0.98997 0.00821 0.00177 0.00004 ( 1)
 122 Y   0.97100 0.02703 0.00184 0.00013 ( 1)
 123 A   0.88442 0.10881 0.00548 0.00129 ( 1)
 124 I   0.99872 0.00029 0.00100 0.00000 ( 1)
 125 P   0.99503 0.00250 0.00246 0.00001 ( 1)
 126 L   0.99777 0.00064 0.00159 0.00000 ( 1)
 127 L   0.99815 0.00062 0.00123 0.00000 ( 1)
 128 A   0.61333 0.38483 0.00074 0.00110 ( 1)
 129 D   0.99839 0.00043 0.00118 0.00000 ( 1)
 130 Y   0.99834 0.00049 0.00118 0.00000 ( 1)
 131 A   0.94754 0.00187 0.05058 0.00002 ( 1)
 132 E   0.99764 0.00164 0.00072 0.00000 ( 1)
 133 A   0.99765 0.00018 0.00217 0.00000 ( 1)
 134 A   0.83122 0.07054 0.09687 0.00137 ( 1)
 135 N   0.99901 0.00007 0.00092 0.00000 ( 1)
 136 L   0.39425 0.60269 0.00109 0.00198 ( 2)
 137 H   0.99731 0.00045 0.00224 0.00000 ( 1)
 138 L   0.99763 0.00072 0.00165 0.00000 ( 1)
 139 L   0.93318 0.00619 0.06055 0.00008 ( 1)
 140 L   0.99833 0.00057 0.00110 0.00000 ( 1)
 141 L   0.99693 0.00084 0.00223 0.00000 ( 1)
 142 R   0.99885 0.00077 0.00038 0.00000 ( 1)
 143 D   0.99874 0.00008 0.00118 0.00000 ( 1)
 144 V   0.99720 0.00116 0.00163 0.00000 ( 1)
 145 V   0.86008 0.04870 0.09044 0.00079 ( 1)
 146 K   0.91884 0.06460 0.01587 0.00069 ( 1)
 147 F   0.94321 0.02183 0.03434 0.00063 ( 1)
 148 G   0.99925 0.00007 0.00068 0.00000 ( 1)
 149 E   0.99784 0.00069 0.00147 0.00000 ( 1)
 150 I   0.94469 0.05413 0.00104 0.00014 ( 1)
 151 W   0.99743 0.00221 0.00036 0.00000 ( 1)
 152 G   0.99926 0.00006 0.00068 0.00000 ( 1)
 153 F   0.99912 0.00012 0.00076 0.00000 ( 1)
 154 T   0.98048 0.01856 0.00093 0.00003 ( 1)
 155 A   0.36196 0.63465 0.00062 0.00278 ( 2)
 156 L   0.09878 0.89939 0.00009 0.00174 ( 2)
 157 Q   0.99754 0.00096 0.00149 0.00000 ( 1)
 158 V   0.99709 0.00138 0.00153 0.00000 ( 1)
 159 Q   0.98065 0.01862 0.00070 0.00003 ( 1)
 160 Q   0.99162 0.00766 0.00071 0.00001 ( 1)
 161 Y   0.99736 0.00180 0.00084 0.00000 ( 1)
 162 Y   0.99762 0.00071 0.00167 0.00000 ( 1)
 163 S   0.66780 0.33006 0.00121 0.00093 ( 1)
 164 N   0.99797 0.00111 0.00092 0.00000 ( 1)
 165 T   0.61585 0.37924 0.00234 0.00256 ( 1)
 166 G   0.25042 0.74678 0.00040 0.00240 ( 2)
 167 -   0.78316 0.20564 0.01002 0.00118 ( 1)
 168 V   0.83999 0.14378 0.01464 0.00160 ( 1)
 169 G   0.99368 0.00430 0.00200 0.00001 ( 1)
 170 N   0.99022 0.00910 0.00067 0.00001 ( 1)
 171 P   0.99045 0.00874 0.00080 0.00002 ( 1)
 172 G   0.99386 0.00550 0.00063 0.00001 ( 1)
 173 M   0.99739 0.00223 0.00037 0.00000 ( 1)
 174 K   0.63176 0.35659 0.00654 0.00511 ( 1)
 175 Q   0.99152 0.00776 0.00071 0.00001 ( 1)
 176 L   0.99035 0.00796 0.00166 0.00003 ( 1)
 177 L   0.98446 0.01422 0.00128 0.00003 ( 1)
 178 A   0.01939 0.05876 0.90782 0.01403 ( 3)
 179 T   0.94635 0.05059 0.00270 0.00037 ( 1)
 180 Y   0.99885 0.00026 0.00089 0.00000 ( 1)
 181 T   0.97303 0.02581 0.00108 0.00007 ( 1)
 182 D   0.95825 0.00050 0.04125 0.00001 ( 1)
 183 H   0.99921 0.00018 0.00061 0.00000 ( 1)
 184 C   0.99949 0.00013 0.00038 0.00000 ( 1)
 185 V   0.85925 0.04941 0.09047 0.00087 ( 1)
 186 R   0.28136 0.58137 0.11934 0.01793 ( 2)
 187 Y   0.92702 0.07261 0.00033 0.00003 ( 1)
 188 Y   0.99888 0.00028 0.00084 0.00000 ( 1)
 189 K   0.74221 0.23867 0.01719 0.00193 ( 1)
 190 E   0.12751 0.84681 0.00863 0.01705 ( 2)
 191 G   0.99742 0.00019 0.00239 0.00000 ( 1)
 192 L   0.99774 0.00061 0.00165 0.00000 ( 1)
 193 E   0.00081 0.96133 0.00013 0.03773 ( 2)
 194 K   0.98717 0.01101 0.00179 0.00003 ( 1)
 195 -   0.87478 0.10468 0.01835 0.00220 ( 1)
 196 R   0.59703 0.05964 0.34086 0.00247 ( 1)
 197 Y   0.74320 0.25050 0.00480 0.00150 ( 1)
 198 A   0.99187 0.00668 0.00141 0.00004 ( 1)
 199 T   0.99829 0.00087 0.00084 0.00000 ( 1)
 200 -   0.87478 0.10468 0.01835 0.00220 ( 1)
 201 -   0.39391 0.58555 0.00826 0.01228 ( 2)
 202 -   0.94446 0.03500 0.01981 0.00073 ( 1)
 203 G   0.96442 0.03347 0.00200 0.00011 ( 1)
 204 N   0.00244 0.96945 0.00075 0.02736 ( 2)
 205 W   0.99743 0.00221 0.00036 0.00000 ( 1)
 206 N   0.99096 0.00810 0.00092 0.00002 ( 1)
 207 A   0.80713 0.19057 0.00124 0.00105 ( 1)
 208 F   0.98367 0.01335 0.00295 0.00003 ( 1)
 209 N   0.99767 0.00037 0.00195 0.00000 ( 1)
 210 D   0.96994 0.00902 0.02098 0.00006 ( 1)
 211 Y   0.99445 0.00506 0.00048 0.00000 ( 1)
 212 R   0.99920 0.00050 0.00030 0.00000 ( 1)
 213 R   0.99851 0.00010 0.00139 0.00000 ( 1)
 214 T   0.99362 0.00544 0.00093 0.00002 ( 1)
 215 M   0.99961 0.00002 0.00037 0.00000 ( 1)
 216 T   0.99490 0.00037 0.00473 0.00000 ( 1)
 217 I   0.14697 0.84481 0.00055 0.00767 ( 2)
 218 M   0.99943 0.00020 0.00037 0.00000 ( 1)
 219 V   0.99619 0.00147 0.00233 0.00001 ( 1)
 220 M   0.94841 0.01547 0.03553 0.00060 ( 1)
 221 D   0.99878 0.00004 0.00118 0.00000 ( 1)
 222 I   0.75025 0.13722 0.10681 0.00572 ( 1)
 223 V   0.99765 0.00035 0.00200 0.00000 ( 1)
 224 S   0.99682 0.00174 0.00143 0.00000 ( 1)
 225 L   0.90417 0.03616 0.05906 0.00060 ( 1)
 226 W   0.98324 0.01640 0.00035 0.00001 ( 1)
 227 P   0.99936 0.00009 0.00055 0.00000 ( 1)
 228 T   0.99113 0.00797 0.00089 0.00001 ( 1)


lnL = -3528.396347

Bayes Empirical Bayes (BEB) probabilities for 4 classes (class)
(amino acids refer to 1st sequence: BT_Cry32Ja1)

   1 -   0.90497 0.05349 0.03936 0.00218 ( 1)
   2 -   0.94108 0.01738 0.04083 0.00071 ( 1)
   3 A   0.58955 0.36891 0.02630 0.01524 ( 1)
   4 A   0.03769 0.94705 0.00046 0.01480 ( 2)
   5 A   0.93193 0.05665 0.01048 0.00093 ( 1)
   6 A   0.99247 0.00137 0.00614 0.00002 ( 1)
   7 V   0.97024 0.02336 0.00609 0.00031 ( 1)
   8 G   0.82815 0.16590 0.00420 0.00175 ( 1)
   9 I   0.97532 0.00711 0.01738 0.00019 ( 1)
  10 I   0.82801 0.15978 0.00984 0.00237 ( 1)
  11 S   0.98963 0.00375 0.00656 0.00005 ( 1)
  12 V   0.83395 0.15600 0.00672 0.00333 ( 1)
  13 L   0.96377 0.01602 0.01964 0.00057 ( 1)
  14 L   0.64487 0.34602 0.00452 0.00459 ( 1)
  15 P   0.96931 0.02538 0.00508 0.00023 ( 1)
  16 L   0.12509 0.85942 0.00135 0.01415 ( 2)
  17 L   0.98559 0.00101 0.01337 0.00002 ( 1)
  18 W   0.98365 0.00262 0.01369 0.00004 ( 1)
  19 P   0.99460 0.00014 0.00525 0.00000 ( 1)
  20 D   0.70945 0.28084 0.00586 0.00385 ( 1)
  21 Q   0.94000 0.05228 0.00690 0.00082 ( 1)
  22 A   0.66923 0.06894 0.25801 0.00382 ( 1)
  23 G   0.99028 0.00497 0.00471 0.00005 ( 1)
  24 P   0.98634 0.00790 0.00569 0.00007 ( 1)
  25 P   0.98634 0.00790 0.00569 0.00007 ( 1)
  26 G   0.98402 0.00988 0.00600 0.00011 ( 1)
  27 T   0.98950 0.00482 0.00563 0.00005 ( 1)
  28 T   0.90784 0.07695 0.01367 0.00154 ( 1)
  29 E   0.61065 0.21818 0.15850 0.01268 ( 1)
  30 A   0.94798 0.04201 0.00947 0.00054 ( 1)
  31 Q   0.98274 0.01115 0.00601 0.00011 ( 1)
  32 F   0.88179 0.01911 0.09867 0.00043 ( 1)
  33 T   0.98305 0.00763 0.00922 0.00010 ( 1)
  34 W   0.98365 0.00262 0.01369 0.00004 ( 1)
  35 D   0.99098 0.00136 0.00764 0.00002 ( 1)
  36 Q   0.96906 0.02041 0.01025 0.00028 ( 1)
  37 W   0.72387 0.25944 0.01196 0.00473 ( 1)
  38 I   0.99550 0.00083 0.00366 0.00001 ( 1)
  39 T   0.68054 0.19234 0.12132 0.00581 ( 1)
  40 A   0.96859 0.02548 0.00563 0.00029 ( 1)
  41 G   0.97807 0.01173 0.01001 0.00019 ( 1)
  42 E   0.99377 0.00010 0.00613 0.00000 ( 1)
  43 E   0.84608 0.00719 0.14650 0.00024 ( 1)
  44 L   0.98750 0.00876 0.00368 0.00006 ( 1)
  45 A   0.87477 0.11784 0.00538 0.00201 ( 1)
  46 A   0.98755 0.00438 0.00799 0.00008 ( 1)
  47 Q   0.99377 0.00016 0.00607 0.00000 ( 1)
  48 T   0.95984 0.02354 0.01588 0.00075 ( 1)
  49 V   0.99203 0.00049 0.00748 0.00001 ( 1)
  50 S   0.50560 0.48250 0.00386 0.00804 ( 1)
  51 T   0.15458 0.78117 0.03290 0.03135 ( 2)
  52 S   0.27798 0.70447 0.00506 0.01250 ( 2)
  53 V   0.96302 0.02748 0.00905 0.00046 ( 1)
  54 K   0.92889 0.00250 0.06856 0.00005 ( 1)
  55 D   0.92088 0.06769 0.01036 0.00107 ( 1)
  56 R   0.96061 0.03006 0.00896 0.00037 ( 1)
  57 A   0.99371 0.00017 0.00613 0.00000 ( 1)
  58 I   0.98046 0.00817 0.01124 0.00012 ( 1)
  59 D   0.98647 0.00641 0.00702 0.00010 ( 1)
  60 T   0.95706 0.03622 0.00629 0.00043 ( 1)
  61 T   0.73929 0.24599 0.00936 0.00537 ( 1)
  62 R   0.17548 0.81199 0.00175 0.01079 ( 2)
  63 I   0.97891 0.00984 0.01111 0.00014 ( 1)
  64 L   0.99120 0.00068 0.00811 0.00001 ( 1)
  65 Q   0.98494 0.00458 0.01042 0.00006 ( 1)
  66 S   0.93316 0.05939 0.00679 0.00066 ( 1)
  67 R   0.88541 0.10838 0.00531 0.00090 ( 1)
  68 M   0.76332 0.21297 0.01983 0.00388 ( 1)
  69 R   0.49396 0.49983 0.00225 0.00396 ( 2)
  70 D   0.99447 0.00043 0.00510 0.00001 ( 1)
  71 Y   0.99299 0.00023 0.00678 0.00000 ( 1)
  72 Q   0.99269 0.00044 0.00687 0.00000 ( 1)
  73 Q   0.99267 0.00125 0.00606 0.00001 ( 1)
  74 A   0.99291 0.00112 0.00595 0.00001 ( 1)
  75 I   0.96697 0.01726 0.01543 0.00033 ( 1)
  76 C   0.95067 0.04394 0.00504 0.00036 ( 1)
  77 N   0.98726 0.00818 0.00447 0.00009 ( 1)
  78 L   0.97659 0.01247 0.01077 0.00017 ( 1)
  79 Q   0.26315 0.71742 0.00496 0.01448 ( 2)
  80 T   0.30945 0.34601 0.30864 0.03590 ( 2)
  81 D   0.99404 0.00014 0.00581 0.00000 ( 1)
  82 P   0.99153 0.00300 0.00544 0.00003 ( 1)
  83 D   0.99376 0.00040 0.00584 0.00001 ( 1)
  84 N   0.98345 0.00228 0.01423 0.00004 ( 1)
  85 E   0.98767 0.00576 0.00649 0.00008 ( 1)
  86 E   0.05817 0.11194 0.80920 0.02069 ( 3)
  87 Y   0.76533 0.22704 0.00496 0.00267 ( 1)
  88 K   0.99446 0.00019 0.00535 0.00000 ( 1)
  89 A   0.94336 0.04685 0.00903 0.00075 ( 1)
  90 D   0.99102 0.00207 0.00689 0.00002 ( 1)
  91 V   0.99287 0.00025 0.00688 0.00000 ( 1)
  92 R   0.83416 0.16093 0.00366 0.00125 ( 1)
  93 R   0.97088 0.02431 0.00460 0.00021 ( 1)
  94 E   0.99142 0.00087 0.00770 0.00001 ( 1)
  95 F   0.98980 0.00129 0.00890 0.00001 ( 1)
  96 N   0.88675 0.10799 0.00404 0.00122 ( 1)
  97 D   0.99417 0.00073 0.00509 0.00001 ( 1)
  98 A   0.92084 0.06758 0.01062 0.00096 ( 1)
  99 E   0.99084 0.00146 0.00768 0.00002 ( 1)
 100 D   0.99289 0.00199 0.00509 0.00003 ( 1)
 101 Q   0.98507 0.00558 0.00928 0.00007 ( 1)
 102 A   0.98643 0.00648 0.00701 0.00008 ( 1)
 103 K   0.98950 0.00211 0.00836 0.00003 ( 1)
 104 D   0.00328 0.97758 0.00003 0.01911 ( 2)
 105 A   0.98779 0.00643 0.00571 0.00007 ( 1)
 106 V   0.77547 0.02229 0.20123 0.00101 ( 1)
 107 I   0.98763 0.00635 0.00594 0.00007 ( 1)
 108 Q   0.98365 0.01024 0.00601 0.00010 ( 1)
 109 F   0.99507 0.00005 0.00488 0.00000 ( 1)
 110 G   0.90361 0.07519 0.01934 0.00186 ( 1)
 111 -   0.94743 0.04627 0.00579 0.00051 ( 1)
 112 -   0.17893 0.50152 0.27915 0.04040 ( 2)
 113 -   0.95181 0.04011 0.00727 0.00081 ( 1)
 114 -   0.95851 0.03599 0.00502 0.00048 ( 1)
 115 -   0.96202 0.03239 0.00507 0.00052 ( 1)
 116 -   0.27162 0.50101 0.20027 0.02710 ( 2)
 117 -   0.95324 0.04056 0.00565 0.00055 ( 1)
 118 -   0.95365 0.03865 0.00694 0.00077 ( 1)
 119 N   0.91781 0.07112 0.00988 0.00119 ( 1)
 120 L   0.73107 0.25554 0.00839 0.00501 ( 1)
 121 N   0.98292 0.01011 0.00681 0.00015 ( 1)
 122 Y   0.95881 0.03323 0.00742 0.00054 ( 1)
 123 A   0.85186 0.13019 0.01453 0.00342 ( 1)
 124 I   0.99408 0.00034 0.00557 0.00000 ( 1)
 125 P   0.98270 0.00297 0.01427 0.00006 ( 1)
 126 L   0.99012 0.00075 0.00912 0.00001 ( 1)
 127 L   0.99088 0.00073 0.00838 0.00001 ( 1)
 128 A   0.55847 0.43253 0.00366 0.00534 ( 1)
 129 D   0.99439 0.00051 0.00510 0.00001 ( 1)
 130 Y   0.98593 0.00057 0.01349 0.00001 ( 1)
 131 A   0.78688 0.00188 0.21116 0.00007 ( 1)
 132 E   0.99195 0.00197 0.00606 0.00002 ( 1)
 133 A   0.99265 0.00021 0.00713 0.00000 ( 1)
 134 A   0.73173 0.07799 0.18701 0.00327 ( 1)
 135 N   0.99542 0.00008 0.00450 0.00000 ( 1)
 136 L   0.34520 0.63880 0.00491 0.01109 ( 2)
 137 H   0.99084 0.00053 0.00862 0.00001 ( 1)
 138 L   0.98987 0.00084 0.00927 0.00001 ( 1)
 139 L   0.81043 0.00658 0.18272 0.00028 ( 1)
 140 L   0.99121 0.00067 0.00811 0.00001 ( 1)
 141 L   0.98701 0.00098 0.01199 0.00002 ( 1)
 142 R   0.99106 0.00090 0.00803 0.00001 ( 1)
 143 D   0.99481 0.00010 0.00509 0.00000 ( 1)
 144 V   0.99127 0.00139 0.00732 0.00002 ( 1)
 145 V   0.74741 0.05341 0.19703 0.00215 ( 1)
 146 K   0.87197 0.07653 0.04909 0.00241 ( 1)
 147 F   0.90742 0.02583 0.06556 0.00119 ( 1)
 148 G   0.99531 0.00008 0.00461 0.00000 ( 1)
 149 E   0.99304 0.00081 0.00613 0.00001 ( 1)
 150 I   0.92721 0.06647 0.00559 0.00073 ( 1)
 151 W   0.98365 0.00262 0.01369 0.00004 ( 1)
 152 G   0.99532 0.00007 0.00460 0.00000 ( 1)
 153 F   0.99498 0.00014 0.00488 0.00000 ( 1)
 154 T   0.96981 0.02255 0.00738 0.00026 ( 1)
 155 A   0.31530 0.66800 0.00351 0.01319 ( 2)
 156 L   0.08297 0.90636 0.00058 0.01009 ( 2)
 157 Q   0.99265 0.00114 0.00619 0.00002 ( 1)
 158 V   0.98456 0.00163 0.01378 0.00003 ( 1)
 159 Q   0.97105 0.02278 0.00594 0.00022 ( 1)
 160 Q   0.98454 0.00934 0.00603 0.00009 ( 1)
 161 Y   0.99166 0.00216 0.00616 0.00002 ( 1)
 162 Y   0.99109 0.00084 0.00806 0.00001 ( 1)
 163 S   0.61062 0.37593 0.00731 0.00614 ( 1)
 164 N   0.99413 0.00135 0.00451 0.00002 ( 1)
 165 T   0.55822 0.42639 0.00736 0.00803 ( 1)
 166 G   0.21542 0.77293 0.00184 0.00981 ( 2)
 167 -   0.71867 0.23033 0.04559 0.00542 ( 1)
 168 V   0.79261 0.16758 0.03550 0.00430 ( 1)
 169 G   0.98659 0.00514 0.00821 0.00007 ( 1)
 170 N   0.98169 0.01088 0.00731 0.00011 ( 1)
 171 P   0.98407 0.01047 0.00536 0.00010 ( 1)
 172 G   0.98862 0.00658 0.00474 0.00006 ( 1)
 173 M   0.99366 0.00267 0.00365 0.00002 ( 1)
 174 K   0.57594 0.39577 0.01528 0.01300 ( 1)
 175 Q   0.98445 0.00944 0.00601 0.00009 ( 1)
 176 L   0.98108 0.00956 0.00922 0.00014 ( 1)
 177 L   0.97406 0.01729 0.00841 0.00023 ( 1)
 178 A   0.01871 0.07449 0.88832 0.01848 ( 3)
 179 T   0.92759 0.06186 0.00936 0.00119 ( 1)
 180 Y   0.99342 0.00030 0.00628 0.00000 ( 1)
 181 T   0.96306 0.03146 0.00515 0.00033 ( 1)
 182 D   0.88840 0.00055 0.11103 0.00002 ( 1)
 183 H   0.99530 0.00021 0.00449 0.00000 ( 1)
 184 C   0.99459 0.00016 0.00525 0.00000 ( 1)
 185 V   0.75750 0.05420 0.18600 0.00230 ( 1)
 186 R   0.22126 0.57349 0.16823 0.03701 ( 2)
 187 Y   0.89882 0.08723 0.01259 0.00136 ( 1)
 188 Y   0.99350 0.00033 0.00617 0.00000 ( 1)
 189 K   0.66970 0.26803 0.05585 0.00643 ( 1)
 190 E   0.10578 0.84701 0.01253 0.03468 ( 2)
 191 G   0.99309 0.00022 0.00669 0.00000 ( 1)
 192 L   0.98999 0.00072 0.00927 0.00001 ( 1)
 193 E   0.00063 0.93054 0.00023 0.06860 ( 2)
 194 K   0.97724 0.01335 0.00925 0.00017 ( 1)
 195 -   0.83718 0.12128 0.03658 0.00496 ( 1)
 196 R   0.39670 0.05067 0.54782 0.00481 ( 3)
 197 Y   0.68996 0.29085 0.01381 0.00538 ( 1)
 198 A   0.98618 0.00809 0.00560 0.00013 ( 1)
 199 T   0.98933 0.00103 0.00962 0.00001 ( 1)
 200 -   0.83718 0.12128 0.03658 0.00496 ( 1)
 201 -   0.34384 0.61462 0.01573 0.02581 ( 2)
 202 -   0.91663 0.04183 0.03983 0.00170 ( 1)
 203 G   0.95114 0.04067 0.00772 0.00047 ( 1)
 204 N   0.00189 0.92260 0.00166 0.07386 ( 2)
 205 W   0.98365 0.00262 0.01369 0.00004 ( 1)
 206 N   0.98548 0.00994 0.00447 0.00011 ( 1)
 207 A   0.76546 0.22520 0.00518 0.00416 ( 1)
 208 F   0.96840 0.01614 0.01522 0.00023 ( 1)
 209 N   0.99144 0.00045 0.00810 0.00001 ( 1)
 210 D   0.91894 0.01064 0.07019 0.00022 ( 1)
 211 Y   0.98503 0.00607 0.00883 0.00007 ( 1)
 212 R   0.99349 0.00059 0.00591 0.00000 ( 1)
 213 R   0.99407 0.00012 0.00581 0.00000 ( 1)
 214 T   0.98875 0.00667 0.00450 0.00008 ( 1)
 215 M   0.99632 0.00002 0.00366 0.00000 ( 1)
 216 T   0.99165 0.00043 0.00791 0.00001 ( 1)
 217 I   0.12358 0.85327 0.00183 0.02132 ( 2)
 218 M   0.99611 0.00023 0.00366 0.00000 ( 1)
 219 V   0.98846 0.00176 0.00976 0.00003 ( 1)
 220 M   0.92262 0.01832 0.05806 0.00100 ( 1)
 221 D   0.99486 0.00005 0.00509 0.00000 ( 1)
 222 I   0.69894 0.16028 0.13275 0.00803 ( 1)
 223 V   0.99236 0.00041 0.00723 0.00001 ( 1)
 224 S   0.99014 0.00209 0.00774 0.00003 ( 1)
 225 L   0.79415 0.03943 0.16466 0.00175 ( 1)
 226 W   0.96634 0.01988 0.01346 0.00031 ( 1)
 227 P   0.99469 0.00010 0.00520 0.00000 ( 1)
 228 T   0.97675 0.00954 0.01355 0.00015 ( 1)

