Supplemental results for CODEML (seqf: algn  treef: tree)


dN/dS (w) for site classes (K=4)

site class             0        1       2a       2b
proportion       0.79682  0.19347  0.00781  0.00190
background w     0.10193  1.00000  0.10193  1.00000
foreground w     0.10193  1.00000  1.00000  1.00000

Naive Empirical Bayes (NEB) probabilities for 4 classes
(amino acids refer to 1st sequence: BT_Cry8Ba1)

   1 P   0.97565 0.01464 0.00956 0.00014 ( 1)
   2 F   0.97540 0.01489 0.00956 0.00015 ( 1)
   3 V   0.93387 0.05643 0.00915 0.00055 ( 1)
   4 G   0.97903 0.01126 0.00960 0.00011 ( 1)
   5 P   0.70199 0.28830 0.00688 0.00283 ( 1)
   6 I   0.98317 0.00712 0.00964 0.00007 ( 1)
   7 V   0.86708 0.12321 0.00850 0.00121 ( 1)
   8 S   0.98279 0.00750 0.00963 0.00007 ( 1)
   9 L   0.92420 0.06609 0.00906 0.00065 ( 1)
  10 Y   0.98160 0.00869 0.00962 0.00009 ( 1)
  11 T   0.92443 0.06586 0.00906 0.00065 ( 1)
  12 Q   0.00442 0.98588 0.00004 0.00966 ( 2)
  13 L   0.89143 0.09886 0.00874 0.00097 ( 1)
  14 I   0.92292 0.06737 0.00905 0.00066 ( 1)
  15 D   0.95950 0.03080 0.00941 0.00030 ( 1)
  16 I   0.06842 0.92187 0.00067 0.00904 ( 2)
  17 L   0.95454 0.03575 0.00936 0.00035 ( 1)
  18 W   0.94969 0.04060 0.00931 0.00040 ( 1)
  19 P   0.98292 0.00737 0.00964 0.00007 ( 1)
  20 S   0.17605 0.81425 0.00173 0.00798 ( 2)
  21 K   0.05592 0.93437 0.00055 0.00916 ( 2)
  22 Q   0.03027 0.96003 0.00030 0.00941 ( 2)
  23 K   0.42209 0.56820 0.00414 0.00557 ( 2)
  24 S   0.98685 0.00345 0.00967 0.00003 ( 1)
  25 Q   0.48239 0.50790 0.00473 0.00498 ( 2)
  26 W   0.94969 0.04060 0.00931 0.00040 ( 1)
  27 E   0.98381 0.00648 0.00964 0.00006 ( 1)
  28 I   0.95624 0.03405 0.00937 0.00033 ( 1)
  29 F   0.92936 0.06093 0.00911 0.00060 ( 1)
  30 M   0.98776 0.00253 0.00968 0.00002 ( 1)
  31 E   0.95816 0.03213 0.00939 0.00031 ( 1)
  32 Q   0.98203 0.00826 0.00963 0.00008 ( 1)
  33 V   0.98122 0.00908 0.00962 0.00009 ( 1)
  34 E   0.98381 0.00648 0.00964 0.00006 ( 1)
  35 E   0.57840 0.41189 0.00567 0.00404 ( 1)
  36 L   0.96154 0.02876 0.00943 0.00028 ( 1)
  37 I   0.98247 0.00783 0.00963 0.00008 ( 1)
  38 N   0.96500 0.02529 0.00946 0.00025 ( 1)
  39 Q   0.98203 0.00826 0.00963 0.00008 ( 1)
  40 K   0.98420 0.00609 0.00965 0.00006 ( 1)
  41 I   0.98455 0.00574 0.00965 0.00006 ( 1)
  42 A   0.94994 0.04035 0.00931 0.00040 ( 1)
  43 E   0.95370 0.03659 0.00935 0.00036 ( 1)
  44 Y   0.84833 0.14196 0.00832 0.00139 ( 1)
  45 A   0.94758 0.04271 0.00929 0.00042 ( 1)
  46 R   0.97192 0.01837 0.00953 0.00018 ( 1)
  47 N   0.07472 0.91557 0.00073 0.00898 ( 2)
  48 K   0.91022 0.08007 0.00892 0.00078 ( 1)
  49 A   0.97422 0.01607 0.00955 0.00016 ( 1)
  50 L   0.98194 0.00835 0.00963 0.00008 ( 1)
  51 S   0.78420 0.20609 0.00769 0.00202 ( 1)
  52 E   0.95375 0.03654 0.00935 0.00036 ( 1)
  53 L   0.96898 0.02132 0.00950 0.00021 ( 1)
  54 E   0.93639 0.05390 0.00918 0.00053 ( 1)
  55 G   0.97443 0.01587 0.00955 0.00016 ( 1)
  56 L   0.97187 0.01842 0.00953 0.00018 ( 1)
  57 G   0.98077 0.00952 0.00961 0.00009 ( 1)
  58 N   0.96500 0.02529 0.00946 0.00025 ( 1)
  59 N   0.52694 0.46335 0.00517 0.00454 ( 1)
  60 Y   0.35262 0.63767 0.00346 0.00625 ( 2)
  61 Q   0.55269 0.43760 0.00542 0.00429 ( 1)
  62 L   0.87152 0.11877 0.00854 0.00116 ( 1)
  63 Y   0.98160 0.00869 0.00962 0.00009 ( 1)
  64 L   0.78246 0.20783 0.00767 0.00204 ( 1)
  65 T   0.90177 0.08852 0.00884 0.00087 ( 1)
  66 A   0.85736 0.13293 0.00840 0.00130 ( 1)
  67 L   0.98194 0.00835 0.00963 0.00008 ( 1)
  68 E   0.95032 0.03997 0.00932 0.00039 ( 1)
  69 E   0.76484 0.22545 0.00750 0.00221 ( 1)
  70 W   0.94969 0.04060 0.00931 0.00040 ( 1)
  71 K   0.03658 0.95371 0.00036 0.00935 ( 2)
  72 E   0.98381 0.00648 0.00964 0.00006 ( 1)
  73 N   0.98611 0.00419 0.00967 0.00004 ( 1)
  74 P   0.87128 0.11901 0.00854 0.00117 ( 1)
  75 N   0.85795 0.13234 0.00841 0.00130 ( 1)
  76 G   0.53166 0.45863 0.00521 0.00450 ( 1)
  77 S   0.86186 0.12843 0.00845 0.00126 ( 1)
  78 R   0.98536 0.00493 0.00966 0.00005 ( 1)
  79 A   0.67363 0.31666 0.00660 0.00310 ( 1)
  80 L   0.48313 0.50716 0.00474 0.00497 ( 2)
  81 R   0.86996 0.12033 0.00853 0.00118 ( 1)
  82 D   0.93442 0.05587 0.00916 0.00055 ( 1)
  83 V   0.97775 0.01255 0.00958 0.00012 ( 1)
  84 R   0.22443 0.76586 0.00220 0.00751 ( 2)
  85 N   0.91397 0.07632 0.00896 0.00075 ( 1)
  86 R   0.87646 0.11383 0.00859 0.00112 ( 1)
  87 F   0.93582 0.05447 0.00917 0.00053 ( 1)
  88 E   0.73759 0.25271 0.00723 0.00248 ( 1)
  89 I   0.39475 0.59554 0.00387 0.00584 ( 2)
  90 L   0.95467 0.03562 0.00936 0.00035 ( 1)
  91 D   0.95558 0.03471 0.00937 0.00034 ( 1)
  92 S   0.37415 0.61614 0.00367 0.00604 ( 2)
  93 L   0.23295 0.75734 0.00228 0.00742 ( 2)
  94 F   0.98560 0.00469 0.00966 0.00005 ( 1)
  95 T   0.57927 0.41102 0.00568 0.00403 ( 1)
  96 Q   0.29323 0.69706 0.00287 0.00683 ( 2)
  97 Y   0.52803 0.46226 0.00518 0.00453 ( 1)
  98 M   0.95230 0.03799 0.00934 0.00037 ( 1)
  99 P   0.98325 0.00704 0.00964 0.00007 ( 1)
 100 S   0.98170 0.00860 0.00962 0.00008 ( 1)
 101 F   0.98560 0.00469 0.00966 0.00005 ( 1)
 102 R   0.27633 0.71397 0.00271 0.00700 ( 2)
 103 V   0.91060 0.07970 0.00893 0.00078 ( 1)
 104 T   0.91208 0.07821 0.00894 0.00077 ( 1)
 105 N   0.40124 0.58905 0.00393 0.00577 ( 2)
 106 F   0.09792 0.89237 0.00096 0.00875 ( 2)
 107 E   0.98381 0.00648 0.00964 0.00006 ( 1)
 108 V   0.98125 0.00904 0.00962 0.00009 ( 1)
 109 P   0.98448 0.00581 0.00965 0.00006 ( 1)
 110 F   0.74214 0.24815 0.00728 0.00243 ( 1)
 111 L   0.96645 0.02384 0.00947 0.00023 ( 1)
 112 T   0.86151 0.12878 0.00845 0.00126 ( 1)
 113 V   0.98122 0.00908 0.00962 0.00009 ( 1)
 114 Y   0.98160 0.00869 0.00962 0.00009 ( 1)
 115 T   0.89397 0.09632 0.00876 0.00094 ( 1)
 116 M   0.17304 0.81725 0.00170 0.00801 ( 2)
 117 A   0.98478 0.00551 0.00965 0.00005 ( 1)
 118 A   0.97557 0.01473 0.00956 0.00014 ( 1)
 119 N   0.97669 0.01360 0.00957 0.00013 ( 1)
 120 L   0.96602 0.02427 0.00947 0.00024 ( 1)
 121 H   0.98597 0.00432 0.00967 0.00004 ( 1)
 122 L   0.97116 0.01913 0.00952 0.00019 ( 1)
 123 L   0.95544 0.03485 0.00937 0.00034 ( 1)
 124 L   0.97283 0.01746 0.00954 0.00017 ( 1)
 125 L   0.97283 0.01746 0.00954 0.00017 ( 1)
 126 R   0.21372 0.77657 0.00210 0.00761 ( 2)
 127 D   0.97695 0.01335 0.00958 0.00013 ( 1)
 128 A   0.98159 0.00871 0.00962 0.00009 ( 1)
 129 S   0.97271 0.01758 0.00954 0.00017 ( 1)
 130 I   0.98247 0.00783 0.00963 0.00008 ( 1)
 131 F   0.98560 0.00469 0.00966 0.00005 ( 1)
 132 G   0.98453 0.00576 0.00965 0.00006 ( 1)
 133 E   0.92982 0.06047 0.00911 0.00059 ( 1)
 134 E   0.98353 0.00677 0.00964 0.00007 ( 1)
 135 W   0.94969 0.04060 0.00931 0.00040 ( 1)
 136 G   0.98119 0.00910 0.00962 0.00009 ( 1)
 137 L   0.26809 0.72220 0.00263 0.00708 ( 2)
 138 S   0.87851 0.11178 0.00861 0.00110 ( 1)
 139 T   0.92263 0.06767 0.00904 0.00066 ( 1)
 140 S   0.02753 0.96277 0.00027 0.00944 ( 2)
 141 T   0.28441 0.70589 0.00279 0.00692 ( 2)
 142 I   0.98247 0.00783 0.00963 0.00008 ( 1)
 143 N   0.48232 0.50797 0.00473 0.00498 ( 2)
 144 N   0.65530 0.33499 0.00642 0.00328 ( 1)
 145 Y   0.89350 0.09679 0.00876 0.00095 ( 1)
 146 Y   0.98160 0.00869 0.00962 0.00009 ( 1)
 147 N   0.74597 0.24432 0.00731 0.00240 ( 1)
 148 R   0.98125 0.00904 0.00962 0.00009 ( 1)
 149 Q   0.97905 0.01124 0.00960 0.00011 ( 1)
 150 M   0.94071 0.04959 0.00922 0.00049 ( 1)
 151 K   0.11986 0.87043 0.00118 0.00853 ( 2)
 152 L   0.88917 0.10112 0.00872 0.00099 ( 1)
 153 T   0.70389 0.28641 0.00690 0.00281 ( 1)
 154 A   0.97697 0.01332 0.00958 0.00013 ( 1)
 155 E   0.90597 0.08432 0.00888 0.00083 ( 1)
 156 Y   0.97739 0.01290 0.00958 0.00013 ( 1)
 157 S   0.97789 0.01240 0.00959 0.00012 ( 1)
 158 D   0.98407 0.00622 0.00965 0.00006 ( 1)
 159 H   0.90923 0.08107 0.00891 0.00079 ( 1)
 160 C   0.98391 0.00639 0.00965 0.00006 ( 1)
 161 V   0.98125 0.00904 0.00962 0.00009 ( 1)
 162 K   0.81953 0.17076 0.00803 0.00167 ( 1)
 163 W   0.94969 0.04060 0.00931 0.00040 ( 1)
 164 Y   0.98160 0.00869 0.00962 0.00009 ( 1)
 165 E   0.09753 0.89276 0.00096 0.00875 ( 2)
 166 T   0.98333 0.00696 0.00964 0.00007 ( 1)
 167 G   0.97332 0.01698 0.00954 0.00017 ( 1)
 168 L   0.97283 0.01746 0.00954 0.00017 ( 1)
 169 A   0.73602 0.25427 0.00722 0.00249 ( 1)
 170 K   0.62584 0.36445 0.00614 0.00357 ( 1)
 171 L   0.97283 0.01746 0.00954 0.00017 ( 1)
 172 K   0.98420 0.00609 0.00965 0.00006 ( 1)
 173 G   0.97158 0.01871 0.00952 0.00018 ( 1)
 174 S   0.18246 0.80783 0.00179 0.00792 ( 2)
 175 S   0.83746 0.15283 0.00821 0.00150 ( 1)
 176 A   0.98316 0.00714 0.00964 0.00007 ( 1)
 177 K   0.71116 0.27913 0.00697 0.00274 ( 1)
 178 Q   0.23952 0.75077 0.00235 0.00736 ( 2)
 179 W   0.94969 0.04060 0.00931 0.00040 ( 1)
 180 I   0.32853 0.66177 0.00322 0.00649 ( 2)
 181 D   0.48172 0.50857 0.00472 0.00499 ( 2)
 182 Y   0.98160 0.00869 0.00962 0.00009 ( 1)
 183 N   0.26978 0.72052 0.00264 0.00706 ( 2)
 184 Q   0.07664 0.91365 0.00075 0.00896 ( 2)
 185 F   0.96883 0.02146 0.00950 0.00021 ( 1)
 186 R   0.97433 0.01596 0.00955 0.00016 ( 1)
 187 R   0.98536 0.00493 0.00966 0.00005 ( 1)
 188 E   0.98381 0.00648 0.00964 0.00006 ( 1)
 189 M   0.98776 0.00253 0.00968 0.00002 ( 1)
 190 T   0.98502 0.00528 0.00966 0.00005 ( 1)
 191 L   0.96244 0.02785 0.00943 0.00027 ( 1)
 192 T   0.01234 0.97795 0.00012 0.00959 ( 2)
 193 V   0.97077 0.01953 0.00952 0.00019 ( 1)
 194 L   0.97283 0.01746 0.00954 0.00017 ( 1)
 195 D   0.98527 0.00502 0.00966 0.00005 ( 1)
 196 V   0.44855 0.54175 0.00440 0.00531 ( 2)
 197 V   0.69766 0.29263 0.00684 0.00287 ( 1)
 198 A   0.88454 0.10575 0.00867 0.00104 ( 1)
 199 L   0.97283 0.01746 0.00954 0.00017 ( 1)
 200 F   0.98420 0.00609 0.00965 0.00006 ( 1)
 201 S   0.92175 0.06854 0.00904 0.00067 ( 1)
 202 N   0.03536 0.95494 0.00035 0.00936 ( 2)


lnL = -1868.483382

