Supplemental results for CODEML (seqf: algn  treef: tree)


dN/dS (w) for site classes (K=4)

site class             0        1       2a       2b
proportion       0.63333  0.15185  0.17327  0.04154
background w     0.12310  1.00000  0.12310  1.00000
foreground w     0.12310  1.00000  1.00000  1.00000

Naive Empirical Bayes (NEB) probabilities for 4 classes
(amino acids refer to 1st sequence: BT_Cry1A-like)

   1 -   0.63333 0.15185 0.17327 0.04154 ( 1)
   2 -   0.63333 0.15185 0.17327 0.04154 ( 1)
   3 -   0.06593 0.71925 0.01804 0.19678 ( 2)
   4 S   0.04172 0.74346 0.01141 0.20340 ( 2)
   5 A   0.73430 0.05088 0.20090 0.01392 ( 1)
   6 E   0.01092 0.77426 0.00299 0.21183 ( 2)
   7 F   0.77634 0.00884 0.21240 0.00242 ( 1)
   8 N   0.01955 0.76563 0.00535 0.20947 ( 2)
   9 N   0.73888 0.04630 0.20215 0.01267 ( 1)
  10 I   0.34746 0.43772 0.09506 0.11976 ( 2)
  11 I   0.77996 0.00522 0.21339 0.00143 ( 1)
  12 P   0.77596 0.00922 0.21229 0.00252 ( 1)
  13 S   0.53117 0.01079 0.45509 0.00295 ( 1)
  14 S   0.89710 0.02812 0.06709 0.00769 ( 1)
  15 Q   0.00008 0.78497 0.00019 0.21476 ( 2)
  16 I   0.90394 0.00000 0.09606 0.00000 ( 1)
  17 T   0.86222 0.00000 0.13778 0.00000 ( 1)
  18 Q   0.87660 0.00002 0.12338 0.00000 ( 1)
  19 I   0.92757 0.00000 0.07243 0.00000 ( 1)
  20 P   0.83149 0.00000 0.16851 0.00000 ( 1)
  21 L   0.07695 0.71689 0.01003 0.19613 ( 2)
  22 T   0.92012 0.00001 0.07986 0.00000 ( 1)
  23 K   0.86084 0.00006 0.13908 0.00002 ( 1)
  24 S   0.91395 0.01315 0.06930 0.00360 ( 1)
  25 T   0.00000 0.78518 0.00000 0.21482 ( 2)
  26 N   0.83706 0.08510 0.05457 0.02328 ( 1)
  27 L   0.91090 0.00366 0.08444 0.00100 ( 1)
  28 G   0.00000 0.78518 0.00000 0.21482 ( 2)
  29 S   0.86140 0.02347 0.10871 0.00642 ( 1)
  30 G   0.92257 0.00000 0.07743 0.00000 ( 1)
  31 T   0.06603 0.72396 0.01194 0.19807 ( 2)
  32 S   0.17160 0.62703 0.02982 0.17155 ( 2)
  33 V   0.63551 0.00000 0.36449 0.00000 ( 1)
  34 V   0.93179 0.00009 0.06809 0.00003 ( 1)
  35 K   0.53878 0.07355 0.36754 0.02012 ( 1)
  36 G   0.90287 0.00000 0.09713 0.00000 ( 1)
  37 P   0.90108 0.00001 0.09892 0.00000 ( 1)
  38 G   0.90881 0.00000 0.09118 0.00000 ( 1)
  39 F   0.92719 0.00000 0.07281 0.00000 ( 1)
  40 T   0.92118 0.00000 0.07882 0.00000 ( 1)
  41 G   0.92256 0.00000 0.07744 0.00000 ( 1)
  42 G   0.82625 0.00006 0.17367 0.00002 ( 1)
  43 D   0.93247 0.00000 0.06753 0.00000 ( 1)
  44 I   0.85649 0.00002 0.14348 0.00001 ( 1)
  45 L   0.91505 0.00000 0.08495 0.00000 ( 1)
  46 R   0.74905 0.09059 0.13557 0.02479 ( 1)
  47 R   0.92207 0.00001 0.07792 0.00000 ( 1)
  48 T   0.83464 0.00066 0.16452 0.00018 ( 1)
  49 S   0.45366 0.40573 0.02961 0.11100 ( 1)
  50 P   0.49465 0.08161 0.40141 0.02233 ( 1)
  51 G   0.51802 0.00001 0.48198 0.00000 ( 1)
  52 Q   0.00273 0.77886 0.00532 0.21309 ( 2)
  53 I   0.92718 0.00000 0.07282 0.00000 ( 1)
  54 S   0.00408 0.77866 0.00423 0.21303 ( 2)
  55 T   0.93236 0.00002 0.06761 0.00001 ( 1)
  56 L   0.12136 0.64897 0.05212 0.17755 ( 2)
  57 R   0.89411 0.00076 0.10492 0.00021 ( 1)
  58 V   0.91627 0.00329 0.07953 0.00090 ( 1)
  59 N   0.87588 0.00000 0.12411 0.00000 ( 1)
  60 -   0.63333 0.15185 0.17327 0.04154 ( 1)
  61 I   0.93412 0.00000 0.06588 0.00000 ( 1)
  62 T   0.89461 0.02961 0.06767 0.00810 ( 1)
  63 A   0.00182 0.78363 0.00016 0.21439 ( 2)
  64 P   0.84250 0.05102 0.09252 0.01396 ( 1)
  65 L   0.87372 0.00044 0.12572 0.00012 ( 1)
  66 S   0.88782 0.00005 0.11212 0.00001 ( 1)
  67 Q   0.87495 0.00149 0.12315 0.00041 ( 1)
  68 R   0.92183 0.00000 0.07817 0.00000 ( 1)
  69 Y   0.90824 0.00000 0.09176 0.00000 ( 1)
  70 R   0.82373 0.00231 0.17333 0.00063 ( 1)
  71 V   0.92015 0.00000 0.07985 0.00000 ( 1)
  72 R   0.85825 0.00005 0.14169 0.00001 ( 1)
  73 I   0.93412 0.00000 0.06588 0.00000 ( 1)
  74 R   0.89845 0.00192 0.09910 0.00053 ( 1)
  75 Y   0.90819 0.00000 0.09180 0.00000 ( 1)
  76 A   0.93157 0.00000 0.06843 0.00000 ( 1)
  77 S   0.91636 0.00007 0.08355 0.00002 ( 1)
  78 T   0.90995 0.00000 0.09005 0.00000 ( 1)
  79 T   0.34930 0.00000 0.65070 0.00000 ( 3)
  80 N   0.62624 0.00000 0.37376 0.00000 ( 1)
  81 L   0.88806 0.00004 0.11188 0.00001 ( 1)
  82 Q   0.87550 0.00100 0.12322 0.00027 ( 1)
  83 F   0.85609 0.00000 0.14390 0.00000 ( 1)
  84 H   0.14416 0.57710 0.12085 0.15789 ( 2)
  85 T   0.88253 0.00191 0.11503 0.00052 ( 1)
  86 S   0.00008 0.78437 0.00096 0.21459 ( 2)
  87 I   0.93411 0.00000 0.06589 0.00000 ( 1)
  88 D   0.88229 0.01306 0.10108 0.00357 ( 1)
  89 G   0.90294 0.00000 0.09706 0.00000 ( 1)
  90 R   0.40235 0.00023 0.59736 0.00006 ( 3)
  91 P   0.55718 0.00268 0.43941 0.00073 ( 1)
  92 I   0.93404 0.00000 0.06596 0.00000 ( 1)
  93 N   0.93883 0.00000 0.06117 0.00000 ( 1)
  94 Q   0.00000 0.78508 0.00012 0.21479 ( 2)
  95 G   0.37152 0.00287 0.62483 0.00078 ( 3)
  96 N   0.93883 0.00000 0.06117 0.00000 ( 1)
  97 F   0.85862 0.00001 0.14136 0.00000 ( 1)
  98 S   0.00013 0.78497 0.00015 0.21476 ( 2)
  99 A   0.05589 0.00653 0.93579 0.00179 ( 3)
 100 T   0.93198 0.00000 0.06802 0.00000 ( 1)
 101 M   0.91887 0.00002 0.08111 0.00000 ( 1)
 102 S   0.45862 0.00642 0.53321 0.00176 ( 3)
 103 S   0.70919 0.14382 0.10764 0.03935 ( 1)
 104 G   0.56566 0.24761 0.11898 0.06774 ( 1)
 105 S   0.00000 0.78518 0.00000 0.21482 ( 2)
 106 N   0.60785 0.03854 0.34306 0.01055 ( 1)
 107 L   0.88810 0.00001 0.11188 0.00000 ( 1)
 108 Q   0.25128 0.54304 0.05711 0.14857 ( 2)
 109 S   0.12798 0.51215 0.21976 0.14012 ( 2)
 110 A   0.34306 0.48250 0.04244 0.13201 ( 2)
 111 S   0.00004 0.78512 0.00004 0.21480 ( 2)
 112 F   0.86525 0.00000 0.13475 0.00000 ( 1)
 113 R   0.85906 0.00004 0.14089 0.00001 ( 1)
 114 T   0.16284 0.00002 0.83715 0.00000 ( 3)
 115 V   0.18268 0.61802 0.03022 0.16908 ( 2)
 116 G   0.92128 0.00008 0.07862 0.00002 ( 1)
 117 F   0.92719 0.00000 0.07281 0.00000 ( 1)
 118 T   0.93193 0.00000 0.06807 0.00000 ( 1)
 119 T   0.93198 0.00000 0.06802 0.00000 ( 1)
 120 P   0.90103 0.00000 0.09897 0.00000 ( 1)
 121 F   0.92719 0.00000 0.07281 0.00000 ( 1)
 122 N   0.64682 0.14105 0.17354 0.03859 ( 1)
 123 F   0.92719 0.00000 0.07281 0.00000 ( 1)
 124 S   0.69786 0.15787 0.10107 0.04319 ( 1)
 125 N   0.03856 0.00101 0.96016 0.00028 ( 3)
 126 G   0.03480 0.45009 0.39197 0.12314 ( 2)
 127 S   0.00018 0.78239 0.00337 0.21405 ( 2)
 128 S   0.02118 0.00035 0.97837 0.00009 ( 3)
 129 V   0.90320 0.00566 0.08958 0.00155 ( 1)
 130 F   0.85627 0.00000 0.14372 0.00000 ( 1)
 131 T   0.04073 0.00005 0.95920 0.00001 ( 3)
 132 L   0.12764 0.00057 0.87163 0.00016 ( 3)
 133 S   0.22781 0.00117 0.77070 0.00032 ( 3)
 134 A   0.50517 0.00168 0.49269 0.00046 ( 1)
 135 H   0.00038 0.78316 0.00219 0.21426 ( 2)
 136 V   0.00000 0.78517 0.00001 0.21481 ( 2)
 137 F   0.85603 0.00005 0.14391 0.00001 ( 1)
 138 N   0.91106 0.00007 0.08885 0.00002 ( 1)
 139 S   0.20600 0.43269 0.24294 0.11838 ( 2)
 140 G   0.01492 0.00441 0.97947 0.00121 ( 3)
 141 -   0.63333 0.15185 0.17327 0.04154 ( 1)
 142 N   0.45995 0.02320 0.51050 0.00635 ( 3)
 143 E   0.91694 0.00002 0.08304 0.00000 ( 1)
 144 V   0.93192 0.00000 0.06808 0.00000 ( 1)
 145 Y   0.90818 0.00005 0.09176 0.00001 ( 1)
 146 I   0.92771 0.00000 0.07229 0.00000 ( 1)
 147 D   0.93247 0.00000 0.06753 0.00000 ( 1)
 148 R   0.35479 0.01948 0.62039 0.00533 ( 3)
 149 I   0.93411 0.00000 0.06589 0.00000 ( 1)
 150 E   0.91697 0.00000 0.08303 0.00000 ( 1)
 151 F   0.92719 0.00000 0.07281 0.00000 ( 1)
 152 V   0.90560 0.00000 0.09439 0.00000 ( 1)
 153 -   0.75620 0.02898 0.20689 0.00793 ( 1)


lnL = -4787.363009

