Supplemental results for CODEML (seqf: algn  treef: tree)


dN/dS (w) for site classes (K=4)

site class             0        1       2a       2b
proportion       0.58608  0.32464  0.05746  0.03183
background w     0.10639  1.00000  0.10639  1.00000
foreground w     0.10639  1.00000 999.00000 999.00000

Naive Empirical Bayes (NEB) probabilities for 4 classes
(amino acids refer to 1st sequence: BT_Cry56Aa1)

   1 -   0.58608 0.32464 0.05746 0.03183 ( 1)
   2 -   0.71239 0.19832 0.06984 0.01944 ( 1)
   3 -   0.01336 0.53176 0.15834 0.29654 ( 2)
   4 S   0.00004 0.96564 0.00002 0.03430 ( 2)
   5 A   0.09569 0.89774 0.00039 0.00618 ( 2)
   6 G   0.95193 0.04615 0.00179 0.00013 ( 1)
   7 A   0.03648 0.34931 0.45470 0.15951 ( 3)
   8 A   0.66061 0.33487 0.00247 0.00205 ( 1)
   9 I   0.74789 0.24839 0.00234 0.00139 ( 1)
  10 A   0.14057 0.85390 0.00055 0.00497 ( 2)
  11 A   0.90764 0.07400 0.01675 0.00160 ( 1)
  12 A   0.06257 0.79738 0.01203 0.12803 ( 2)
  13 L   0.90162 0.09493 0.00288 0.00057 ( 1)
  14 T   0.41012 0.58563 0.00140 0.00285 ( 2)
  15 S   0.32558 0.67187 0.00066 0.00189 ( 2)
  16 I   0.33069 0.49587 0.05368 0.11976 ( 2)
  17 L   0.10244 0.89610 0.00019 0.00127 ( 2)
  18 F   0.70172 0.28993 0.00619 0.00216 ( 1)
  19 P   0.99491 0.00439 0.00070 0.00000 ( 1)
  20 S   0.25504 0.73891 0.00106 0.00499 ( 2)
  21 Q   0.23976 0.75452 0.00082 0.00490 ( 2)
  22 G   0.09447 0.80892 0.05077 0.04584 ( 2)
  23 P   0.00067 0.14336 0.11222 0.74375 ( 4)
  24 D   0.95701 0.04153 0.00137 0.00010 ( 1)
  25 V   0.93369 0.06124 0.00456 0.00051 ( 1)
  26 F   0.02252 0.97645 0.00002 0.00101 ( 2)
  27 N   0.09059 0.83437 0.04276 0.03228 ( 2)
  28 E   0.39434 0.60361 0.00080 0.00125 ( 2)
  29 L   0.98234 0.01556 0.00205 0.00005 ( 1)
  30 M   0.99613 0.00269 0.00118 0.00000 ( 1)
  31 G   0.09189 0.89944 0.00049 0.00818 ( 2)
  32 A   0.02303 0.97527 0.00003 0.00167 ( 2)
  33 T   0.45093 0.36790 0.16941 0.01176 ( 1)
  34 E   0.94149 0.05567 0.00266 0.00018 ( 1)
  35 N   0.05430 0.88809 0.00782 0.04979 ( 2)
  36 L   0.98795 0.00887 0.00314 0.00004 ( 1)
  37 L   0.33232 0.23307 0.41337 0.02124 ( 3)
  38 K   0.49745 0.36359 0.11772 0.02124 ( 1)
  39 R   0.26912 0.23188 0.21276 0.28623 ( 4)
  40 E   0.04781 0.20288 0.05331 0.69599 ( 4)
  41 I   0.56656 0.36304 0.04556 0.02484 ( 1)
  42 E   0.08615 0.81045 0.04219 0.06121 ( 2)
  43 T   0.01442 0.39297 0.27475 0.31785 ( 2)
  44 Y   0.99479 0.00402 0.00119 0.00000 ( 1)
  45 V   0.32491 0.47027 0.14251 0.06231 ( 2)
  46 R   0.99774 0.00089 0.00137 0.00000 ( 1)
  47 G   0.02229 0.97068 0.00009 0.00695 ( 2)
  48 R   0.99102 0.00757 0.00140 0.00001 ( 1)
  49 A   0.99194 0.00437 0.00366 0.00003 ( 1)
  50 A   0.02684 0.96668 0.00010 0.00638 ( 2)
  51 S   0.94771 0.05109 0.00114 0.00007 ( 1)
  52 E   0.99454 0.00319 0.00226 0.00001 ( 1)
  53 L   0.89792 0.09939 0.00235 0.00035 ( 1)
  54 L   0.02006 0.97901 0.00002 0.00092 ( 2)
  55 A   0.23351 0.74242 0.00758 0.01648 ( 2)
  56 L   0.98961 0.00898 0.00140 0.00001 ( 1)
  57 E   0.26237 0.69464 0.01959 0.02341 ( 2)
  58 D   0.01579 0.94058 0.00031 0.04333 ( 2)
  59 Q   0.70666 0.29221 0.00079 0.00034 ( 1)
  60 R   0.06490 0.89933 0.00197 0.03380 ( 2)
  61 A   0.00038 0.91046 0.00036 0.08879 ( 2)
  62 Y   0.02391 0.93161 0.00320 0.04128 ( 2)
  63 F   0.98480 0.01223 0.00292 0.00006 ( 1)
  64 K   0.98038 0.01617 0.00336 0.00009 ( 1)
  65 S   0.02790 0.91653 0.00111 0.05446 ( 2)
  66 A   0.33542 0.66086 0.00115 0.00257 ( 2)
  67 F   0.99193 0.00517 0.00287 0.00002 ( 1)
  68 D   0.98886 0.00651 0.00458 0.00006 ( 1)
  69 Y   0.82848 0.16802 0.00269 0.00080 ( 1)
  70 W   0.98319 0.01627 0.00053 0.00001 ( 1)
  71 R   0.00143 0.94904 0.00021 0.04933 ( 2)
  72 L   0.07591 0.89399 0.00176 0.02835 ( 2)
  73 H   0.22851 0.73456 0.01868 0.01825 ( 2)
  74 P   0.00551 0.16209 0.37312 0.45928 ( 4)
  75 T   0.00009 0.04960 0.20489 0.74542 ( 4)
  76 D   0.92358 0.07269 0.00327 0.00046 ( 1)
  77 G   0.00246 0.99410 0.00001 0.00343 ( 2)
  78 N   0.97043 0.02607 0.00334 0.00016 ( 1)
  79 A   0.94402 0.05192 0.00372 0.00034 ( 1)
  80 I   0.85923 0.13718 0.00292 0.00068 ( 1)
  81 A   0.68908 0.30626 0.00259 0.00207 ( 1)
  82 T   0.45313 0.54332 0.00144 0.00211 ( 2)
  83 V   0.99057 0.00490 0.00449 0.00004 ( 1)
  84 A   0.03907 0.95846 0.00008 0.00239 ( 2)
  85 A   0.00000 0.00455 0.77922 0.21622 ( 3)
  86 R   0.85550 0.12579 0.01589 0.00283 ( 1)
  87 F   0.99487 0.00205 0.00307 0.00001 ( 1)
  88 H   0.00054 0.99404 0.00000 0.00542 ( 2)
  89 T   0.95993 0.03625 0.00359 0.00023 ( 1)
  90 V   0.73135 0.23301 0.02863 0.00701 ( 1)
  91 N   0.27904 0.71732 0.00078 0.00286 ( 2)
  92 G   0.22029 0.77371 0.00093 0.00507 ( 2)
  93 A   0.80630 0.18904 0.00338 0.00128 ( 1)
  94 F   0.98130 0.00163 0.01704 0.00003 ( 1)
  95 V   0.95742 0.03886 0.00350 0.00022 ( 1)
  96 T   0.00642 0.99237 0.00001 0.00121 ( 2)
  97 A   0.99268 0.00371 0.00359 0.00002 ( 1)
  98 M   0.99553 0.00328 0.00118 0.00001 ( 1)
  99 R   0.28962 0.59710 0.03048 0.08280 ( 2)
 100 L   0.84931 0.13087 0.01717 0.00265 ( 1)
 101 F   0.99487 0.00205 0.00307 0.00001 ( 1)
 102 R   0.73701 0.25877 0.00275 0.00147 ( 1)
 103 P   0.07783 0.91637 0.00026 0.00554 ( 2)
 104 A   0.00644 0.12563 0.62010 0.24783 ( 3)
 105 G   0.94087 0.00282 0.05615 0.00017 ( 1)
 106 Y   0.91112 0.08550 0.00298 0.00041 ( 1)
 107 E   0.99270 0.00266 0.00462 0.00002 ( 1)
 108 A   0.04174 0.02214 0.91625 0.01986 ( 3)
 109 L   0.96030 0.03650 0.00305 0.00015 ( 1)
 110 L   0.97735 0.02171 0.00091 0.00002 ( 1)
 111 L   0.99015 0.00671 0.00311 0.00003 ( 1)
 112 P   0.66798 0.31839 0.00733 0.00630 ( 1)
 113 V   0.99048 0.00467 0.00481 0.00004 ( 1)
 114 Y   0.99464 0.00211 0.00324 0.00001 ( 1)
 115 A   0.49695 0.07229 0.42822 0.00254 ( 1)
 116 Q   0.99436 0.00457 0.00106 0.00001 ( 1)
 117 A   0.99091 0.00514 0.00392 0.00003 ( 1)
 118 A   0.96971 0.02647 0.00366 0.00016 ( 1)
 119 R   0.90059 0.09844 0.00085 0.00011 ( 1)
 120 L   0.01347 0.07207 0.72770 0.18677 ( 3)
 121 H   0.99643 0.00128 0.00229 0.00000 ( 1)
 122 L   0.98977 0.00882 0.00140 0.00001 ( 1)
 123 L   0.11495 0.10875 0.76164 0.01466 ( 3)
 124 H   0.94427 0.05338 0.00215 0.00020 ( 1)
 125 L   0.98921 0.00765 0.00311 0.00003 ( 1)
 126 R   0.99546 0.00309 0.00144 0.00001 ( 1)
 127 D   0.97875 0.00296 0.01820 0.00009 ( 1)
 128 G   0.98656 0.01153 0.00187 0.00003 ( 1)
 129 V   0.31130 0.68739 0.00041 0.00091 ( 2)
 130 L   0.25401 0.74437 0.00039 0.00123 ( 2)
 131 F   0.91835 0.08008 0.00147 0.00011 ( 1)
 132 A   0.92868 0.05356 0.01670 0.00105 ( 1)
 133 N   0.95601 0.03902 0.00462 0.00034 ( 1)
 134 E   0.92360 0.07352 0.00264 0.00024 ( 1)
 135 W   0.98319 0.01627 0.00053 0.00001 ( 1)
 136 G   0.34016 0.65832 0.00060 0.00092 ( 2)
 137 L   0.96430 0.03241 0.00315 0.00014 ( 1)
 138 A   0.85622 0.13980 0.00312 0.00087 ( 1)
 139 K   0.13513 0.85596 0.00079 0.00812 ( 2)
 140 P   0.96734 0.03094 0.00165 0.00007 ( 1)
 141 -   0.74998 0.24668 0.00215 0.00119 ( 1)
 142 -   0.19651 0.68550 0.07593 0.04206 ( 2)
 143 -   0.75273 0.24265 0.00297 0.00165 ( 1)
 144 -   0.23020 0.70798 0.03979 0.02204 ( 2)
 145 D   0.00977 0.93437 0.00676 0.04909 ( 2)
 146 P   0.69681 0.28110 0.01347 0.00862 ( 1)
 147 G   0.94323 0.05483 0.00178 0.00016 ( 1)
 148 D   0.08099 0.72934 0.14120 0.04846 ( 2)
 149 L   0.00119 0.99725 0.00000 0.00156 ( 2)
 150 H   0.98152 0.01767 0.00080 0.00002 ( 1)
 151 D   0.94627 0.05024 0.00323 0.00027 ( 1)
 152 Q   0.19348 0.80402 0.00035 0.00214 ( 2)
 153 E   0.85363 0.14124 0.00400 0.00113 ( 1)
 154 F   0.87128 0.12558 0.00253 0.00061 ( 1)
 155 N   0.57316 0.42491 0.00102 0.00090 ( 1)
 156 A   0.10583 0.88849 0.00037 0.00531 ( 2)
 157 K   0.03428 0.96075 0.00011 0.00486 ( 2)
 158 A   0.77248 0.22410 0.00244 0.00098 ( 1)
 159 A   0.95317 0.02843 0.01770 0.00070 ( 1)
 160 E   0.97217 0.02550 0.00225 0.00008 ( 1)
 161 Y   0.99471 0.00205 0.00324 0.00001 ( 1)
 162 A   0.68631 0.30923 0.00254 0.00191 ( 1)
 163 D   0.99368 0.00172 0.00458 0.00001 ( 1)
 164 Y   0.97815 0.01902 0.00276 0.00007 ( 1)
 165 C   0.99759 0.00108 0.00132 0.00000 ( 1)
 166 E   0.96971 0.02558 0.00451 0.00020 ( 1)
 167 L   0.11478 0.88109 0.00037 0.00377 ( 2)
 168 T   0.02290 0.96842 0.00014 0.00855 ( 2)
 169 Y   0.06550 0.88534 0.01917 0.02999 ( 2)
 170 N   0.09271 0.67186 0.18685 0.04858 ( 2)
 171 T   0.89277 0.10217 0.00432 0.00074 ( 1)
 172 E   0.50775 0.46961 0.01456 0.00809 ( 1)
 173 L   0.98910 0.00847 0.00240 0.00003 ( 1)
 174 N   0.02937 0.91703 0.01915 0.03445 ( 2)
 175 R   0.50774 0.48998 0.00096 0.00132 ( 1)
 176 I   0.94784 0.02179 0.02930 0.00107 ( 1)
 177 K   0.99494 0.00165 0.00340 0.00001 ( 1)
 178 T   0.79609 0.19970 0.00290 0.00131 ( 1)
 179 T   0.00004 0.01197 0.90927 0.07872 ( 3)
 180 S   0.00000 0.10614 0.00070 0.89316 ( 4)
 181 G   0.00558 0.08278 0.89503 0.01661 ( 3)
 182 K   0.98915 0.00742 0.00339 0.00004 ( 1)
 183 T   0.33471 0.66162 0.00088 0.00278 ( 2)
 184 W   0.98319 0.01627 0.00053 0.00001 ( 1)
 185 F   0.01344 0.97935 0.00008 0.00713 ( 2)
 186 D   0.98447 0.01388 0.00162 0.00003 ( 1)
 187 Y   0.99479 0.00402 0.00119 0.00000 ( 1)
 188 N   0.97634 0.00824 0.01519 0.00022 ( 1)
 189 Q   0.97178 0.01945 0.00835 0.00042 ( 1)
 190 Y   0.95563 0.04091 0.00326 0.00020 ( 1)
 191 R   0.99374 0.00522 0.00104 0.00001 ( 1)
 192 R   0.99330 0.00576 0.00094 0.00001 ( 1)
 193 L   0.00451 0.65076 0.02615 0.31858 ( 2)
 194 M   0.99852 0.00029 0.00118 0.00000 ( 1)
 195 T   0.96404 0.02336 0.01204 0.00055 ( 1)
 196 F   0.25580 0.71080 0.00393 0.02948 ( 2)
 197 A   0.53193 0.43312 0.01321 0.02174 ( 1)
 198 V   0.99065 0.00481 0.00450 0.00004 ( 1)
 199 L   0.08419 0.21469 0.61234 0.08877 ( 3)
 200 D   0.99368 0.00172 0.00458 0.00001 ( 1)
 201 V   0.66683 0.32876 0.00242 0.00199 ( 1)
 202 V   0.91947 0.07574 0.00419 0.00059 ( 1)
 203 A   0.99296 0.00341 0.00361 0.00002 ( 1)
 204 K   0.53901 0.45453 0.00278 0.00368 ( 1)
 205 F   0.99601 0.00110 0.00288 0.00001 ( 1)
 206 S   0.98016 0.01738 0.00241 0.00006 ( 1)
 207 I   0.68092 0.22980 0.06676 0.02253 ( 1)


lnL = -3063.066432

Bayes Empirical Bayes (BEB) probabilities for 4 classes (class)
(amino acids refer to 1st sequence: BT_Cry56Aa1)

   1 -   0.52807 0.21341 0.18521 0.07331 ( 1)
   2 -   0.61207 0.12941 0.21416 0.04436 ( 1)
   3 -   0.04064 0.51668 0.13803 0.30465 ( 2)
   4 S   0.00026 0.69486 0.00119 0.30369 ( 2)
   5 A   0.19560 0.63903 0.03455 0.13082 ( 2)
   6 G   0.81866 0.02361 0.15294 0.00479 ( 1)
   7 A   0.06164 0.22722 0.57477 0.13637 ( 3)
   8 A   0.67313 0.17452 0.11756 0.03479 ( 1)
   9 I   0.71890 0.13575 0.11899 0.02636 ( 1)
  10 A   0.31715 0.52389 0.05557 0.10340 ( 2)
  11 A   0.75062 0.03664 0.20254 0.01020 ( 1)
  12 A   0.13326 0.47374 0.10112 0.29188 ( 2)
  13 L   0.79055 0.06468 0.13207 0.01270 ( 1)
  14 T   0.48332 0.32838 0.10915 0.07916 ( 1)
  15 S   0.47309 0.35459 0.09551 0.07681 ( 1)
  16 I   0.45333 0.31230 0.13502 0.09934 ( 1)
  17 L   0.18591 0.58999 0.05368 0.17042 ( 2)
  18 F   0.65872 0.13661 0.16863 0.03604 ( 1)
  19 P   0.77005 0.00371 0.22515 0.00109 ( 1)
  20 S   0.40258 0.43348 0.07380 0.09014 ( 2)
  21 Q   0.34903 0.50138 0.05531 0.09429 ( 2)
  22 G   0.15933 0.39663 0.28862 0.15542 ( 2)
  23 P   0.00817 0.36693 0.10833 0.51657 ( 4)
  24 D   0.82101 0.02342 0.15092 0.00465 ( 1)
  25 V   0.80806 0.04189 0.14142 0.00863 ( 1)
  26 F   0.05910 0.72069 0.01670 0.20351 ( 2)
  27 N   0.12024 0.34500 0.40036 0.13440 ( 3)
  28 E   0.48022 0.32378 0.11596 0.08004 ( 1)
  29 L   0.82856 0.01071 0.15851 0.00222 ( 1)
  30 M   0.84025 0.00216 0.15716 0.00043 ( 1)
  31 G   0.22556 0.61701 0.03718 0.12024 ( 2)
  32 A   0.06686 0.71098 0.01893 0.20324 ( 2)
  33 T   0.21738 0.07924 0.67177 0.03160 ( 3)
  34 E   0.78449 0.03460 0.17298 0.00794 ( 1)
  35 N   0.11847 0.60125 0.07917 0.20111 ( 2)
  36 L   0.81056 0.00780 0.17981 0.00183 ( 1)
  37 L   0.15530 0.06134 0.74991 0.03346 ( 3)
  38 K   0.47506 0.14333 0.33526 0.04634 ( 1)
  39 R   0.40299 0.17749 0.28242 0.13710 ( 1)
  40 E   0.20405 0.33704 0.13409 0.32481 ( 2)
  41 I   0.42502 0.17349 0.31135 0.09013 ( 1)
  42 E   0.15336 0.41387 0.27051 0.16226 ( 2)
  43 T   0.04321 0.36249 0.34111 0.25320 ( 2)
  44 Y   0.77304 0.00348 0.22248 0.00100 ( 1)
  45 V   0.24586 0.16027 0.47518 0.11869 ( 3)
  46 R   0.83431 0.00091 0.16459 0.00019 ( 1)
  47 G   0.06840 0.77183 0.01128 0.14849 ( 2)
  48 R   0.82962 0.00548 0.16375 0.00114 ( 1)
  49 A   0.84607 0.00459 0.14841 0.00093 ( 1)
  50 A   0.08059 0.76133 0.01308 0.14500 ( 2)
  51 S   0.75137 0.03033 0.20976 0.00854 ( 1)
  52 E   0.81132 0.00324 0.18467 0.00077 ( 1)
  53 L   0.75007 0.06032 0.17496 0.01465 ( 1)
  54 L   0.06003 0.71252 0.01767 0.20979 ( 2)
  55 A   0.31702 0.46343 0.08814 0.13140 ( 2)
  56 L   0.78392 0.00736 0.20675 0.00197 ( 1)
  57 E   0.37455 0.35275 0.16007 0.11263 ( 1)
  58 D   0.04513 0.67153 0.01269 0.27065 ( 2)
  59 Q   0.65617 0.13056 0.17764 0.03563 ( 1)
  60 R   0.13310 0.64565 0.03664 0.18461 ( 2)
  61 A   0.00199 0.67832 0.00636 0.31333 ( 2)
  62 Y   0.06978 0.63721 0.04707 0.24594 ( 2)
  63 F   0.84534 0.00907 0.14385 0.00174 ( 1)
  64 K   0.84049 0.01131 0.14595 0.00225 ( 1)
  65 S   0.08638 0.69732 0.02288 0.19342 ( 2)
  66 A   0.45380 0.35040 0.10918 0.08661 ( 1)
  67 F   0.85033 0.00415 0.14472 0.00080 ( 1)
  68 D   0.86053 0.00556 0.13286 0.00106 ( 1)
  69 Y   0.74938 0.08781 0.14418 0.01863 ( 1)
  70 W   0.76429 0.01119 0.22127 0.00324 ( 1)
  71 R   0.00476 0.63388 0.00467 0.35670 ( 2)
  72 L   0.15244 0.62769 0.04191 0.17796 ( 2)
  73 H   0.23967 0.32024 0.28414 0.15595 ( 2)
  74 P   0.02281 0.22294 0.43365 0.32060 ( 3)
  75 T   0.00414 0.34162 0.17363 0.48061 ( 4)
  76 D   0.81872 0.04333 0.12988 0.00806 ( 1)
  77 G   0.00922 0.80877 0.00192 0.18009 ( 2)
  78 N   0.84830 0.01543 0.13341 0.00286 ( 1)
  79 A   0.81383 0.03596 0.14292 0.00729 ( 1)
  80 I   0.77244 0.07114 0.14199 0.01443 ( 1)
  81 A   0.71341 0.14386 0.11551 0.02722 ( 1)
  82 T   0.54695 0.26695 0.12289 0.06321 ( 1)
  83 V   0.84589 0.00518 0.14786 0.00107 ( 1)
  84 A   0.10425 0.72836 0.01998 0.14741 ( 2)
  85 A   0.00031 0.07529 0.65270 0.27170 ( 3)
  86 R   0.70026 0.07077 0.20790 0.02107 ( 1)
  87 F   0.85232 0.00222 0.14503 0.00042 ( 1)
  88 H   0.00268 0.82408 0.00050 0.17275 ( 2)
  89 T   0.82261 0.02548 0.14668 0.00523 ( 1)
  90 V   0.56255 0.10162 0.29774 0.03809 ( 1)
  91 N   0.45917 0.38301 0.08227 0.07555 ( 1)
  92 G   0.42350 0.42480 0.07101 0.08069 ( 2)
  93 A   0.75494 0.10116 0.12478 0.01913 ( 1)
  94 F   0.79518 0.00168 0.20270 0.00045 ( 1)
  95 V   0.82776 0.02596 0.14123 0.00504 ( 1)
  96 T   0.02221 0.76485 0.00592 0.20702 ( 2)
  97 A   0.84669 0.00398 0.14852 0.00081 ( 1)
  98 M   0.83984 0.00254 0.15711 0.00051 ( 1)
  99 R   0.41221 0.42033 0.07662 0.09085 ( 2)
 100 L   0.70631 0.07331 0.19927 0.02110 ( 1)
 101 F   0.85232 0.00222 0.14503 0.00042 ( 1)
 102 R   0.73551 0.11045 0.13184 0.02220 ( 1)
 103 P   0.16177 0.67536 0.02773 0.13514 ( 2)
 104 A   0.02220 0.15816 0.61881 0.20083 ( 3)
 105 G   0.79420 0.00269 0.20238 0.00072 ( 1)
 106 Y   0.79414 0.04356 0.15305 0.00924 ( 1)
 107 E   0.85146 0.00292 0.14502 0.00059 ( 1)
 108 A   0.08264 0.02614 0.87195 0.01927 ( 3)
 109 L   0.79580 0.02225 0.17672 0.00524 ( 1)
 110 L   0.75743 0.01622 0.22161 0.00474 ( 1)
 111 L   0.81251 0.00590 0.18021 0.00139 ( 1)
 112 P   0.66394 0.16499 0.13524 0.03583 ( 1)
 113 V   0.84516 0.00492 0.14890 0.00102 ( 1)
 114 Y   0.83680 0.00213 0.16063 0.00045 ( 1)
 115 A   0.16006 0.01758 0.81570 0.00666 ( 3)
 116 Q   0.78383 0.00367 0.21150 0.00100 ( 1)
 117 A   0.84646 0.00529 0.14719 0.00106 ( 1)
 118 A   0.83122 0.01895 0.14602 0.00381 ( 1)
 119 R   0.77393 0.04626 0.16934 0.01047 ( 1)
 120 L   0.04508 0.11480 0.68077 0.15936 ( 3)
 121 H   0.85022 0.00135 0.14817 0.00026 ( 1)
 122 L   0.78406 0.00722 0.20678 0.00193 ( 1)
 123 L   0.09783 0.05337 0.81683 0.03198 ( 3)
 124 H   0.81732 0.03353 0.14263 0.00651 ( 1)
 125 L   0.81170 0.00669 0.18003 0.00157 ( 1)
 126 R   0.83222 0.00293 0.16424 0.00062 ( 1)
 127 D   0.85289 0.00340 0.14303 0.00068 ( 1)
 128 G   0.84042 0.00817 0.14981 0.00160 ( 1)
 129 V   0.42921 0.35565 0.11717 0.09798 ( 1)
 130 L   0.35743 0.43080 0.09559 0.11617 ( 2)
 131 F   0.72859 0.04705 0.21073 0.01362 ( 1)
 132 A   0.75496 0.03215 0.20395 0.00894 ( 1)
 133 N   0.84004 0.02283 0.13276 0.00437 ( 1)
 134 E   0.77369 0.04517 0.17076 0.01037 ( 1)
 135 W   0.76429 0.01119 0.22127 0.00324 ( 1)
 136 G   0.42811 0.35606 0.11775 0.09807 ( 1)
 137 L   0.79744 0.02064 0.17706 0.00486 ( 1)
 138 A   0.77162 0.07803 0.13458 0.01577 ( 1)
 139 K   0.31025 0.53484 0.05119 0.10372 ( 2)
 140 P   0.81017 0.02292 0.16201 0.00490 ( 1)
 141 -   0.67604 0.16701 0.12290 0.03406 ( 1)
 142 -   0.18477 0.33851 0.32746 0.14926 ( 2)
 143 -   0.67972 0.16485 0.12138 0.03405 ( 1)
 144 -   0.20993 0.34148 0.31425 0.13435 ( 2)
 145 D   0.03180 0.61770 0.08534 0.26517 ( 2)
 146 P   0.69280 0.15091 0.12559 0.03071 ( 1)
 147 G   0.81417 0.02805 0.15209 0.00569 ( 1)
 148 D   0.08821 0.26794 0.52840 0.11545 ( 3)
 149 L   0.00559 0.76626 0.00165 0.22650 ( 2)
 150 H   0.78110 0.01117 0.20476 0.00297 ( 1)
 151 D   0.80476 0.03281 0.15543 0.00700 ( 1)
 152 Q   0.32919 0.50589 0.06248 0.10245 ( 2)
 153 E   0.78113 0.07060 0.13394 0.01433 ( 1)
 154 F   0.79124 0.06181 0.13498 0.01197 ( 1)
 155 N   0.61801 0.18841 0.14727 0.04632 ( 1)
 156 A   0.21153 0.62429 0.03741 0.12677 ( 2)
 157 K   0.09934 0.72447 0.01944 0.15675 ( 2)
 158 A   0.71523 0.11910 0.14035 0.02532 ( 1)
 159 A   0.78152 0.01880 0.19477 0.00491 ( 1)
 160 E   0.80447 0.01663 0.17510 0.00381 ( 1)
 161 Y   0.83685 0.00207 0.16064 0.00044 ( 1)
 162 A   0.67891 0.16758 0.11955 0.03396 ( 1)
 163 D   0.86422 0.00209 0.13330 0.00040 ( 1)
 164 Y   0.83401 0.01242 0.15114 0.00243 ( 1)
 165 C   0.83231 0.00105 0.16642 0.00022 ( 1)
 166 E   0.83557 0.01824 0.14249 0.00370 ( 1)
 167 L   0.23003 0.57928 0.05192 0.13877 ( 2)
 168 T   0.07565 0.74689 0.01483 0.16263 ( 2)
 169 Y   0.11083 0.49780 0.19386 0.19751 ( 2)
 170 N   0.07950 0.23432 0.57859 0.10759 ( 3)
 171 T   0.78757 0.06939 0.12992 0.01313 ( 1)
 172 E   0.54096 0.24124 0.15031 0.06749 ( 1)
 173 L   0.80369 0.00726 0.18729 0.00176 ( 1)
 174 N   0.06322 0.47847 0.26881 0.18950 ( 2)
 175 R   0.49364 0.31042 0.11846 0.07749 ( 1)
 176 I   0.83260 0.01568 0.14834 0.00338 ( 1)
 177 K   0.85034 0.00183 0.14746 0.00036 ( 1)
 178 T   0.76901 0.09100 0.12291 0.01708 ( 1)
 179 T   0.00111 0.09121 0.75383 0.15384 ( 3)
 180 S   0.00013 0.47473 0.00070 0.52444 ( 4)
 181 G   0.00587 0.02800 0.94261 0.02352 ( 3)
 182 K   0.84602 0.00585 0.14696 0.00116 ( 1)
 183 T   0.46848 0.37096 0.08532 0.07523 ( 1)
 184 W   0.76429 0.01119 0.22127 0.00324 ( 1)
 185 F   0.03913 0.78876 0.00748 0.16463 ( 2)
 186 D   0.80013 0.01005 0.18738 0.00244 ( 1)
 187 Y   0.77304 0.00348 0.22248 0.00100 ( 1)
 188 N   0.84973 0.00643 0.14256 0.00127 ( 1)
 189 Q   0.78217 0.01246 0.20151 0.00386 ( 1)
 190 Y   0.81180 0.02665 0.15598 0.00557 ( 1)
 191 R   0.81635 0.00427 0.17842 0.00097 ( 1)
 192 R   0.79389 0.00494 0.19990 0.00127 ( 1)
 193 L   0.01904 0.57642 0.04077 0.36377 ( 2)
 194 M   0.84210 0.00033 0.15750 0.00007 ( 1)
 195 T   0.74300 0.01609 0.23507 0.00584 ( 1)
 196 F   0.35122 0.41909 0.08753 0.14216 ( 2)
 197 A   0.55944 0.18558 0.17820 0.07677 ( 1)
 198 V   0.84599 0.00509 0.14787 0.00105 ( 1)
 199 L   0.07722 0.09269 0.75311 0.07698 ( 3)
 200 D   0.86422 0.00209 0.13330 0.00040 ( 1)
 201 V   0.67422 0.17535 0.11575 0.03468 ( 1)
 202 V   0.79521 0.05385 0.13973 0.01121 ( 1)
 203 A   0.84808 0.00369 0.14749 0.00074 ( 1)
 204 K   0.63147 0.21254 0.11242 0.04358 ( 1)
 205 F   0.85338 0.00129 0.14509 0.00025 ( 1)
 206 S   0.80862 0.01145 0.17727 0.00267 ( 1)
 207 I   0.62358 0.11790 0.21813 0.04039 ( 1)

