Supplemental results for CODEML (seqf: algn  treef: tree)


dN/dS (w) for site classes (K=4)

site class             0        1       2a       2b
proportion       0.83228  0.10779  0.05306  0.00687
background w     0.14966  1.00000  0.14966  1.00000
foreground w     0.14966  1.00000  1.00000  1.00000

Naive Empirical Bayes (NEB) probabilities for 4 classes
(amino acids refer to 1st sequence: BT_Cry32Ja1)

   1 -   0.89293 0.04714 0.05693 0.00301 ( 1)
   2 -   0.92480 0.01527 0.05896 0.00097 ( 1)
   3 A   0.59536 0.34470 0.03796 0.02198 ( 1)
   4 A   0.03718 0.90362 0.00159 0.05761 ( 2)
   5 A   0.90784 0.04750 0.04163 0.00303 ( 1)
   6 A   0.96719 0.00116 0.03157 0.00007 ( 1)
   7 V   0.94681 0.02036 0.03153 0.00130 ( 1)
   8 G   0.81629 0.14548 0.02896 0.00927 ( 1)
   9 I   0.95227 0.00610 0.04124 0.00039 ( 1)
  10 I   0.81333 0.13859 0.03924 0.00884 ( 1)
  11 S   0.96297 0.00325 0.03357 0.00021 ( 1)
  12 V   0.82677 0.13616 0.02840 0.00868 ( 1)
  13 L   0.94023 0.01378 0.04512 0.00088 ( 1)
  14 L   0.64433 0.31279 0.02293 0.01994 ( 1)
  15 P   0.94315 0.02119 0.03431 0.00135 ( 1)
  16 L   0.12510 0.81751 0.00527 0.05212 ( 2)
  17 L   0.95799 0.00086 0.04109 0.00005 ( 1)
  18 W   0.94840 0.00215 0.04932 0.00014 ( 1)
  19 P   0.96467 0.00012 0.03520 0.00001 ( 1)
  20 D   0.70595 0.24930 0.02886 0.01589 ( 1)
  21 Q   0.92143 0.04499 0.03071 0.00287 ( 1)
  22 A   0.71243 0.06217 0.22143 0.00396 ( 1)
  23 G   0.96327 0.00419 0.03228 0.00027 ( 1)
  24 P   0.95538 0.00665 0.03755 0.00042 ( 1)
  25 P   0.95538 0.00665 0.03755 0.00042 ( 1)
  26 G   0.95614 0.00851 0.03481 0.00054 ( 1)
  27 T   0.96123 0.00407 0.03444 0.00026 ( 1)
  28 T   0.88540 0.06594 0.04445 0.00420 ( 1)
  29 E   0.62815 0.19334 0.16618 0.01233 ( 1)
  30 A   0.91982 0.03579 0.04210 0.00228 ( 1)
  31 Q   0.95350 0.00921 0.03671 0.00059 ( 1)
  32 F   0.80253 0.01439 0.18216 0.00092 ( 1)
  33 T   0.95102 0.00645 0.04212 0.00041 ( 1)
  34 W   0.94840 0.00215 0.04932 0.00014 ( 1)
  35 D   0.96582 0.00117 0.03293 0.00007 ( 1)
  36 Q   0.93914 0.01703 0.04275 0.00109 ( 1)
  37 W   0.71737 0.22999 0.03798 0.01466 ( 1)
  38 I   0.96757 0.00072 0.03166 0.00005 ( 1)
  39 T   0.66756 0.16028 0.16194 0.01022 ( 1)
  40 A   0.94438 0.02139 0.03286 0.00136 ( 1)
  41 G   0.94748 0.01009 0.04179 0.00064 ( 1)
  42 E   0.96961 0.00008 0.03030 0.00001 ( 1)
  43 E   0.79873 0.00573 0.19517 0.00037 ( 1)
  44 L   0.96075 0.00730 0.03149 0.00047 ( 1)
  45 A   0.86175 0.10507 0.02649 0.00670 ( 1)
  46 A   0.96108 0.00382 0.03485 0.00024 ( 1)
  47 Q   0.96279 0.00014 0.03706 0.00001 ( 1)
  48 T   0.93140 0.02096 0.04630 0.00134 ( 1)
  49 V   0.96441 0.00042 0.03515 0.00003 ( 1)
  50 S   0.51203 0.44291 0.01682 0.02824 ( 1)
  51 T   0.16265 0.76399 0.02464 0.04871 ( 2)
  52 S   0.27935 0.66304 0.01534 0.04227 ( 2)
  53 V   0.94043 0.02396 0.03409 0.00153 ( 1)
  54 K   0.85247 0.00196 0.14545 0.00012 ( 1)
  55 D   0.89652 0.05873 0.04100 0.00374 ( 1)
  56 R   0.93003 0.02569 0.04265 0.00164 ( 1)
  57 A   0.96614 0.00014 0.03370 0.00001 ( 1)
  58 I   0.94780 0.00697 0.04479 0.00044 ( 1)
  59 D   0.96242 0.00549 0.03174 0.00035 ( 1)
  60 T   0.93369 0.03105 0.03328 0.00198 ( 1)
  61 T   0.73850 0.21514 0.03264 0.01372 ( 1)
  62 R   0.17481 0.76819 0.00801 0.04898 ( 2)
  63 I   0.94602 0.00825 0.04520 0.00053 ( 1)
  64 L   0.95989 0.00058 0.03949 0.00004 ( 1)
  65 Q   0.95038 0.00384 0.04554 0.00024 ( 1)
  66 S   0.91010 0.05001 0.03670 0.00319 ( 1)
  67 R   0.86629 0.09207 0.03577 0.00587 ( 1)
  68 M   0.75943 0.18894 0.03958 0.01205 ( 1)
  69 R   0.50017 0.45362 0.01729 0.02892 ( 1)
  70 D   0.97071 0.00036 0.02891 0.00002 ( 1)
  71 Y   0.96270 0.00020 0.03709 0.00001 ( 1)
  72 Q   0.96158 0.00037 0.03802 0.00002 ( 1)
  73 Q   0.96186 0.00105 0.03703 0.00007 ( 1)
  74 A   0.96719 0.00096 0.03179 0.00006 ( 1)
  75 I   0.93734 0.01508 0.04662 0.00096 ( 1)
  76 C   0.92516 0.03688 0.03560 0.00235 ( 1)
  77 N   0.96347 0.00698 0.02911 0.00044 ( 1)
  78 L   0.94360 0.01039 0.04535 0.00066 ( 1)
  79 Q   0.26785 0.67509 0.01402 0.04304 ( 2)
  80 T   0.40481 0.39805 0.17176 0.02538 ( 1)
  81 D   0.96965 0.00012 0.03022 0.00001 ( 1)
  82 P   0.96195 0.00255 0.03534 0.00016 ( 1)
  83 D   0.96757 0.00034 0.03207 0.00002 ( 1)
  84 N   0.95100 0.00195 0.04692 0.00012 ( 1)
  85 E   0.96393 0.00492 0.03084 0.00031 ( 1)
  86 E   0.23373 0.37855 0.36358 0.02413 ( 2)
  87 Y   0.76183 0.19712 0.02848 0.01257 ( 1)
  88 K   0.96943 0.00016 0.03040 0.00001 ( 1)
  89 A   0.91878 0.03914 0.03959 0.00250 ( 1)
  90 D   0.95810 0.00174 0.04005 0.00011 ( 1)
  91 V   0.96828 0.00021 0.03149 0.00001 ( 1)
  92 R   0.82424 0.13844 0.02849 0.00883 ( 1)
  93 R   0.94495 0.02053 0.03321 0.00131 ( 1)
  94 E   0.96046 0.00073 0.03877 0.00005 ( 1)
  95 F   0.95520 0.00109 0.04364 0.00007 ( 1)
  96 N   0.87470 0.09296 0.02641 0.00593 ( 1)
  97 D   0.97045 0.00061 0.02890 0.00004 ( 1)
  98 A   0.89918 0.05740 0.03976 0.00366 ( 1)
  99 E   0.95989 0.00125 0.03878 0.00008 ( 1)
 100 D   0.96936 0.00166 0.02888 0.00011 ( 1)
 101 Q   0.95439 0.00466 0.04066 0.00030 ( 1)
 102 A   0.95933 0.00547 0.03485 0.00035 ( 1)
 103 K   0.96058 0.00174 0.03756 0.00011 ( 1)
 104 D   0.00326 0.93689 0.00012 0.05973 ( 2)
 105 A   0.96070 0.00555 0.03340 0.00035 ( 1)
 106 V   0.78417 0.01910 0.19551 0.00122 ( 1)
 107 I   0.96118 0.00534 0.03313 0.00034 ( 1)
 108 Q   0.95421 0.00851 0.03673 0.00054 ( 1)
 109 F   0.96801 0.00005 0.03194 0.00000 ( 1)
 110 G   0.87905 0.06617 0.05056 0.00422 ( 1)
 111 -   0.92183 0.03905 0.03663 0.00249 ( 1)
 112 -   0.24157 0.60096 0.11915 0.03831 ( 2)
 113 -   0.92964 0.03408 0.03410 0.00217 ( 1)
 114 -   0.93552 0.03045 0.03208 0.00194 ( 1)
 115 -   0.94112 0.02750 0.02963 0.00175 ( 1)
 116 -   0.31837 0.52018 0.12828 0.03316 ( 2)
 117 -   0.92950 0.03434 0.03397 0.00219 ( 1)
 118 -   0.93389 0.03311 0.03089 0.00211 ( 1)
 119 N   0.89736 0.06135 0.03738 0.00391 ( 1)
 120 L   0.72545 0.23077 0.02907 0.01471 ( 1)
 121 N   0.95826 0.00855 0.03264 0.00055 ( 1)
 122 Y   0.93750 0.02808 0.03263 0.00179 ( 1)
 123 A   0.83787 0.11578 0.03897 0.00738 ( 1)
 124 I   0.96722 0.00029 0.03247 0.00002 ( 1)
 125 P   0.94892 0.00262 0.04829 0.00017 ( 1)
 126 L   0.95903 0.00064 0.04030 0.00004 ( 1)
 127 L   0.95979 0.00062 0.03956 0.00004 ( 1)
 128 A   0.56215 0.39258 0.02024 0.02503 ( 1)
 129 D   0.97064 0.00043 0.02891 0.00003 ( 1)
 130 Y   0.95198 0.00048 0.04751 0.00003 ( 1)
 131 A   0.77126 0.00158 0.22706 0.00010 ( 1)
 132 E   0.96124 0.00165 0.03701 0.00010 ( 1)
 133 A   0.96395 0.00019 0.03585 0.00001 ( 1)
 134 A   0.73325 0.06571 0.19685 0.00419 ( 1)
 135 N   0.97062 0.00006 0.02931 0.00000 ( 1)
 136 L   0.34752 0.59812 0.01622 0.03813 ( 2)
 137 H   0.96137 0.00045 0.03815 0.00003 ( 1)
 138 L   0.95945 0.00072 0.03978 0.00005 ( 1)
 139 L   0.77712 0.00535 0.21718 0.00034 ( 1)
 140 L   0.95990 0.00056 0.03949 0.00004 ( 1)
 141 L   0.95468 0.00083 0.04444 0.00005 ( 1)
 142 R   0.95631 0.00076 0.04288 0.00005 ( 1)
 143 D   0.97101 0.00008 0.02891 0.00001 ( 1)
 144 V   0.96399 0.00119 0.03475 0.00008 ( 1)
 145 V   0.75801 0.04456 0.19459 0.00284 ( 1)
 146 K   0.84446 0.06574 0.08561 0.00419 ( 1)
 147 F   0.88241 0.02304 0.09308 0.00147 ( 1)
 148 G   0.96763 0.00007 0.03229 0.00000 ( 1)
 149 E   0.96898 0.00070 0.03028 0.00004 ( 1)
 150 I   0.90676 0.05603 0.03363 0.00357 ( 1)
 151 W   0.94840 0.00215 0.04932 0.00014 ( 1)
 152 G   0.96764 0.00006 0.03229 0.00000 ( 1)
 153 F   0.96794 0.00011 0.03194 0.00001 ( 1)
 154 T   0.94094 0.01935 0.03848 0.00123 ( 1)
 155 A   0.31555 0.63008 0.01420 0.04017 ( 2)
 156 L   0.08263 0.85940 0.00318 0.05479 ( 2)
 157 Q   0.96859 0.00099 0.03036 0.00006 ( 1)
 158 V   0.95119 0.00140 0.04733 0.00009 ( 1)
 159 Q   0.94363 0.01884 0.03633 0.00120 ( 1)
 160 Q   0.95491 0.00782 0.03678 0.00050 ( 1)
 161 Y   0.96227 0.00181 0.03580 0.00012 ( 1)
 162 Y   0.95970 0.00071 0.03955 0.00005 ( 1)
 163 S   0.61546 0.33421 0.02903 0.02131 ( 1)
 164 N   0.96950 0.00112 0.02931 0.00007 ( 1)
 165 T   0.56508 0.38515 0.02521 0.02456 ( 1)
 166 G   0.21816 0.72655 0.00897 0.04632 ( 2)
 167 -   0.70106 0.19742 0.08894 0.01259 ( 1)
 168 V   0.77384 0.14587 0.07098 0.00930 ( 1)
 169 G   0.95548 0.00430 0.03994 0.00027 ( 1)
 170 N   0.94970 0.00914 0.04057 0.00058 ( 1)
 171 P   0.95556 0.00881 0.03507 0.00056 ( 1)
 172 G   0.96021 0.00554 0.03390 0.00035 ( 1)
 173 M   0.96601 0.00224 0.03161 0.00014 ( 1)
 174 K   0.58187 0.36490 0.02997 0.02326 ( 1)
 175 Q   0.95478 0.00796 0.03675 0.00051 ( 1)
 176 L   0.95135 0.00812 0.04001 0.00052 ( 1)
 177 L   0.94550 0.01451 0.03907 0.00092 ( 1)
 178 A   0.10906 0.34535 0.52357 0.02202 ( 3)
 179 T   0.90890 0.05298 0.03473 0.00338 ( 1)
 180 Y   0.96364 0.00026 0.03609 0.00002 ( 1)
 181 T   0.94008 0.02667 0.03156 0.00170 ( 1)
 182 D   0.81741 0.00043 0.18213 0.00003 ( 1)
 183 H   0.96755 0.00018 0.03226 0.00001 ( 1)
 184 C   0.96281 0.00013 0.03705 0.00001 ( 1)
 185 V   0.76539 0.04744 0.18414 0.00302 ( 1)
 186 R   0.26187 0.60005 0.09982 0.03826 ( 2)
 187 Y   0.87640 0.07335 0.04558 0.00468 ( 1)
 188 Y   0.96384 0.00028 0.03586 0.00002 ( 1)
 189 K   0.64124 0.22340 0.12112 0.01424 ( 1)
 190 E   0.10868 0.82856 0.00993 0.05283 ( 2)
 191 G   0.96522 0.00019 0.03458 0.00001 ( 1)
 192 L   0.95956 0.00061 0.03979 0.00004 ( 1)
 193 E   0.00065 0.93930 0.00016 0.05989 ( 2)
 194 K   0.94710 0.01144 0.04073 0.00073 ( 1)
 195 -   0.83228 0.10779 0.05306 0.00687 ( 1)
 196 R   0.57478 0.06062 0.36073 0.00387 ( 1)
 197 Y   0.68686 0.25961 0.03697 0.01655 ( 1)
 198 A   0.95966 0.00700 0.03289 0.00045 ( 1)
 199 T   0.95482 0.00088 0.04425 0.00006 ( 1)
 200 -   0.83228 0.10779 0.05306 0.00687 ( 1)
 201 -   0.35215 0.58792 0.02245 0.03748 ( 2)
 202 -   0.90333 0.03674 0.05759 0.00234 ( 1)
 203 G   0.92484 0.03450 0.03846 0.00220 ( 1)
 204 N   0.00194 0.93768 0.00060 0.05978 ( 2)
 205 W   0.94840 0.00215 0.04932 0.00014 ( 1)
 206 N   0.96221 0.00819 0.02907 0.00052 ( 1)
 207 A   0.76049 0.20135 0.02533 0.01284 ( 1)
 208 F   0.93862 0.01359 0.04692 0.00087 ( 1)
 209 N   0.96158 0.00037 0.03802 0.00002 ( 1)
 210 D   0.84079 0.00796 0.15074 0.00051 ( 1)
 211 Y   0.95078 0.00511 0.04378 0.00033 ( 1)
 212 R   0.95984 0.00049 0.03963 0.00003 ( 1)
 213 R   0.96541 0.00010 0.03448 0.00001 ( 1)
 214 T   0.96485 0.00561 0.02919 0.00036 ( 1)
 215 M   0.96830 0.00002 0.03168 0.00000 ( 1)
 216 T   0.96440 0.00037 0.03520 0.00002 ( 1)
 217 I   0.12492 0.81717 0.00581 0.05210 ( 2)
 218 M   0.96812 0.00020 0.03167 0.00001 ( 1)
 219 V   0.96036 0.00151 0.03803 0.00010 ( 1)
 220 M   0.92553 0.01618 0.05726 0.00103 ( 1)
 221 D   0.97105 0.00004 0.02891 0.00000 ( 1)
 222 I   0.70185 0.13596 0.15352 0.00867 ( 1)
 223 V   0.96737 0.00035 0.03226 0.00002 ( 1)
 224 S   0.95910 0.00178 0.03901 0.00011 ( 1)
 225 L   0.76647 0.03252 0.19894 0.00207 ( 1)
 226 W   0.93373 0.01666 0.04856 0.00106 ( 1)
 227 P   0.96482 0.00009 0.03509 0.00001 ( 1)
 228 T   0.94332 0.00807 0.04811 0.00051 ( 1)


lnL = -3530.599345

