Supplemental results for CODEML (seqf: algn  treef: tree)


dN/dS (w) for site classes (K=4)

site class             0        1       2a       2b
proportion       0.00000  0.00000  0.55283  0.44717
background w     0.03386  0.40584  0.03386  0.40584
foreground w     0.03386  0.40584 999.00000 999.00000

Naive Empirical Bayes (NEB) probabilities for 4 classes
(amino acids refer to 1st sequence: BT_Cry8Ba1)

   1 P   0.00000 0.00000 0.67599 0.32401 ( 3)
   2 F   0.00000 0.00000 0.71134 0.28866 ( 3)
   3 V   0.00000 0.00000 0.59205 0.40795 ( 3)
   4 G   0.00000 0.00000 0.91012 0.08988 ( 3)
   5 P   0.00000 0.00000 0.02294 0.97706 ( 4)
   6 I   0.00000 0.00000 0.94686 0.05314 ( 3)
   7 V   0.00000 0.00000 0.46951 0.53049 ( 4)
   8 S   0.00000 0.00000 0.33793 0.66207 ( 4)
   9 L   0.00000 0.00000 0.88727 0.11273 ( 3)
  10 Y   0.00000 0.00000 0.55931 0.44069 ( 3)
  11 T   0.00000 0.00000 0.34957 0.65043 ( 4)
  12 Q   0.00000 0.00000 0.00246 0.99754 ( 4)
  13 L   0.00000 0.00000 0.46390 0.53610 ( 4)
  14 I   0.00000 0.00000 0.47730 0.52270 ( 4)
  15 D   0.00000 0.00000 0.05480 0.94520 ( 4)
  16 I   0.00000 0.00000 0.06445 0.93555 ( 4)
  17 L   0.00000 0.00000 0.84700 0.15300 ( 3)
  18 W   0.00000 0.00000 0.80140 0.19860 ( 3)
  19 P   0.00000 0.00000 0.92623 0.07377 ( 3)
  20 S   0.00000 0.00000 0.00072 0.99928 ( 4)
  21 K   0.00000 0.00000 0.01755 0.98245 ( 4)
  22 Q   0.00000 0.00000 0.89182 0.10818 ( 3)
  23 K   0.00000 0.00000 0.57766 0.42234 ( 3)
  24 S   0.00000 0.00000 0.17934 0.82066 ( 4)
  25 Q   0.00000 0.00000 0.34426 0.65574 ( 4)
  26 W   0.00000 0.00000 0.80140 0.19860 ( 3)
  27 E   0.00000 0.00000 0.95372 0.04628 ( 3)
  28 I   0.00000 0.00000 0.06972 0.93028 ( 4)
  29 F   0.00000 0.00000 0.96099 0.03901 ( 3)
  30 M   0.00000 0.00000 0.97234 0.02766 ( 3)
  31 E   0.00000 0.00000 0.22030 0.77970 ( 4)
  32 Q   0.00000 0.00000 0.52853 0.47147 ( 3)
  33 V   0.00000 0.00000 0.94047 0.05953 ( 3)
  34 E   0.00000 0.00000 0.95062 0.04938 ( 3)
  35 E   0.00000 0.00000 0.57793 0.42207 ( 3)
  36 L   0.00000 0.00000 0.84495 0.15505 ( 3)
  37 I   0.00000 0.00000 0.94348 0.05652 ( 3)
  38 N   0.00000 0.00000 0.96639 0.03361 ( 3)
  39 Q   0.00000 0.00000 0.53537 0.46463 ( 3)
  40 K   0.00000 0.00000 0.72042 0.27958 ( 3)
  41 I   0.00000 0.00000 0.95749 0.04251 ( 3)
  42 A   0.00000 0.00000 0.64550 0.35450 ( 3)
  43 E   0.00000 0.00000 0.95372 0.04628 ( 3)
  44 Y   0.00000 0.00000 0.02513 0.97487 ( 4)
  45 A   0.00000 0.00000 0.63593 0.36407 ( 3)
  46 R   0.00000 0.00000 0.04746 0.95254 ( 4)
  47 N   0.00000 0.00000 0.01584 0.98416 ( 4)
  48 K   0.00000 0.00000 0.93414 0.06586 ( 3)
  49 A   0.00000 0.00000 0.93890 0.06110 ( 3)
  50 L   0.00000 0.00000 0.37320 0.62680 ( 4)
  51 S   0.00000 0.00000 0.34656 0.65344 ( 4)
  52 E   0.00000 0.00000 0.95372 0.04628 ( 3)
  53 L   0.00000 0.00000 0.88021 0.11979 ( 3)
  54 E   0.00000 0.00000 0.94187 0.05813 ( 3)
  55 G   0.00000 0.00000 0.90311 0.09689 ( 3)
  56 L   0.00000 0.00000 0.88944 0.11056 ( 3)
  57 G   0.00000 0.00000 0.39091 0.60909 ( 4)
  58 N   0.00000 0.00000 0.95977 0.04023 ( 3)
  59 N   0.00000 0.00000 0.08021 0.91979 ( 4)
  60 Y   0.00000 0.00000 0.03964 0.96036 ( 4)
  61 Q   0.00000 0.00000 0.07131 0.92869 ( 4)
  62 L   0.00000 0.00000 0.00370 0.99630 ( 4)
  63 Y   0.00000 0.00000 0.93323 0.06677 ( 3)
  64 L   0.00000 0.00000 0.07512 0.92488 ( 4)
  65 T   0.00000 0.00000 0.45965 0.54035 ( 4)
  66 A   0.00000 0.00000 0.94306 0.05694 ( 3)
  67 L   0.00000 0.00000 0.90001 0.09999 ( 3)
  68 E   0.00000 0.00000 0.95372 0.04628 ( 3)
  69 E   0.00000 0.00000 0.54372 0.45628 ( 3)
  70 W   0.00000 0.00000 0.80140 0.19860 ( 3)
  71 K   0.00000 0.00000 0.42815 0.57185 ( 4)
  72 E   0.00000 0.00000 0.02053 0.97947 ( 4)
  73 N   0.00000 0.00000 0.96639 0.03361 ( 3)
  74 P   0.00000 0.00000 0.40500 0.59500 ( 4)
  75 N   0.00000 0.00000 0.64653 0.35347 ( 3)
  76 G   0.00000 0.00000 0.05206 0.94794 ( 4)
  77 S   0.00000 0.00000 0.07313 0.92687 ( 4)
  78 R   0.00000 0.00000 0.19010 0.80990 ( 4)
  79 A   0.00000 0.00000 0.00319 0.99681 ( 4)
  80 L   0.00000 0.00000 0.33514 0.66486 ( 4)
  81 R   0.00000 0.00000 0.23770 0.76230 ( 4)
  82 D   0.00000 0.00000 0.05837 0.94163 ( 4)
  83 V   0.00000 0.00000 0.92779 0.07221 ( 3)
  84 R   0.00000 0.00000 0.00245 0.99755 ( 4)
  85 N   0.00000 0.00000 0.22870 0.77130 ( 4)
  86 R   0.00000 0.00000 0.90385 0.09615 ( 3)
  87 F   0.00000 0.00000 0.96099 0.03901 ( 3)
  88 E   0.00000 0.00000 0.51721 0.48279 ( 3)
  89 I   0.00000 0.00000 0.04827 0.95173 ( 4)
  90 L   0.00000 0.00000 0.06402 0.93598 ( 4)
  91 D   0.00000 0.00000 0.71975 0.28025 ( 3)
  92 S   0.00000 0.00000 0.67568 0.32432 ( 3)
  93 L   0.00000 0.00000 0.89153 0.10847 ( 3)
  94 F   0.00000 0.00000 0.96099 0.03901 ( 3)
  95 T   0.00000 0.00000 0.39927 0.60073 ( 4)
  96 Q   0.00000 0.00000 0.04400 0.95600 ( 4)
  97 Y   0.00000 0.00000 0.04044 0.95956 ( 4)
  98 M   0.00000 0.00000 0.97234 0.02766 ( 3)
  99 P   0.00000 0.00000 0.92257 0.07743 ( 3)
 100 S   0.00000 0.00000 0.92617 0.07383 ( 3)
 101 F   0.00000 0.00000 0.96099 0.03901 ( 3)
 102 R   0.00000 0.00000 0.87230 0.12770 ( 3)
 103 V   0.00000 0.00000 0.06824 0.93176 ( 4)
 104 T   0.00000 0.00000 0.01307 0.98693 ( 4)
 105 N   0.00000 0.00000 0.07924 0.92076 ( 4)
 106 F   0.00000 0.00000 0.40773 0.59227 ( 4)
 107 E   0.00000 0.00000 0.95372 0.04628 ( 3)
 108 V   0.00000 0.00000 0.53674 0.46326 ( 3)
 109 P   0.00000 0.00000 0.94159 0.05841 ( 3)
 110 F   0.00000 0.00000 0.33712 0.66288 ( 4)
 111 L   0.00000 0.00000 0.88590 0.11410 ( 3)
 112 T   0.00000 0.00000 0.61071 0.38929 ( 3)
 113 V   0.00000 0.00000 0.94047 0.05953 ( 3)
 114 Y   0.00000 0.00000 0.93323 0.06677 ( 3)
 115 T   0.00000 0.00000 0.48458 0.51542 ( 4)
 116 M   0.00000 0.00000 0.04000 0.96000 ( 4)
 117 A   0.00000 0.00000 0.93524 0.06476 ( 3)
 118 A   0.00000 0.00000 0.94676 0.05324 ( 3)
 119 N   0.00000 0.00000 0.90209 0.09791 ( 3)
 120 L   0.00000 0.00000 0.92141 0.07859 ( 3)
 121 H   0.00000 0.00000 0.94223 0.05777 ( 3)
 122 L   0.00000 0.00000 0.89153 0.10847 ( 3)
 123 L   0.00000 0.00000 0.45956 0.54044 ( 4)
 124 L   0.00000 0.00000 0.89153 0.10847 ( 3)
 125 L   0.00000 0.00000 0.89153 0.10847 ( 3)
 126 R   0.00000 0.00000 0.42813 0.57187 ( 4)
 127 D   0.00000 0.00000 0.60038 0.39962 ( 3)
 128 A   0.00000 0.00000 0.94448 0.05552 ( 3)
 129 S   0.00000 0.00000 0.03427 0.96573 ( 4)
 130 I   0.00000 0.00000 0.06589 0.93411 ( 4)
 131 F   0.00000 0.00000 0.96099 0.03901 ( 3)
 132 G   0.00000 0.00000 0.93718 0.06282 ( 3)
 133 E   0.00000 0.00000 0.58995 0.41005 ( 3)
 134 E   0.00000 0.00000 0.95372 0.04628 ( 3)
 135 W   0.00000 0.00000 0.80140 0.19860 ( 3)
 136 G   0.00000 0.00000 0.94237 0.05763 ( 3)
 137 L   0.00000 0.00000 0.03666 0.96334 ( 4)
 138 S   0.00000 0.00000 0.00300 0.99700 ( 4)
 139 T   0.00000 0.00000 0.00044 0.99956 ( 4)
 140 S   0.00000 0.00000 0.00357 0.99643 ( 4)
 141 T   0.00000 0.00000 0.00273 0.99727 ( 4)
 142 I   0.00000 0.00000 0.55690 0.44310 ( 3)
 143 N   0.00000 0.00000 0.71140 0.28860 ( 3)
 144 N   0.00000 0.00000 0.00112 0.99888 ( 4)
 145 Y   0.00000 0.00000 0.49598 0.50402 ( 4)
 146 Y   0.00000 0.00000 0.91011 0.08989 ( 3)
 147 N   0.00000 0.00000 0.66703 0.33297 ( 3)
 148 R   0.00000 0.00000 0.04555 0.95445 ( 4)
 149 Q   0.00000 0.00000 0.93491 0.06509 ( 3)
 150 M   0.00000 0.00000 0.53279 0.46721 ( 3)
 151 K   0.00000 0.00000 0.00681 0.99319 ( 4)
 152 L   0.00000 0.00000 0.05424 0.94576 ( 4)
 153 T   0.00000 0.00000 0.01053 0.98947 ( 4)
 154 A   0.00000 0.00000 0.52861 0.47139 ( 3)
 155 E   0.00000 0.00000 0.57111 0.42889 ( 3)
 156 Y   0.00000 0.00000 0.93323 0.06677 ( 3)
 157 S   0.00000 0.00000 0.46078 0.53922 ( 4)
 158 D   0.00000 0.00000 0.95628 0.04372 ( 3)
 159 H   0.00000 0.00000 0.90848 0.09152 ( 3)
 160 C   0.00000 0.00000 0.94231 0.05769 ( 3)
 161 V   0.00000 0.00000 0.93174 0.06826 ( 3)
 162 K   0.00000 0.00000 0.55953 0.44047 ( 3)
 163 W   0.00000 0.00000 0.80140 0.19860 ( 3)
 164 Y   0.00000 0.00000 0.93323 0.06677 ( 3)
 165 E   0.00000 0.00000 0.00793 0.99207 ( 4)
 166 T   0.00000 0.00000 0.06172 0.93828 ( 4)
 167 G   0.00000 0.00000 0.92576 0.07424 ( 3)
 168 L   0.00000 0.00000 0.89153 0.10847 ( 3)
 169 A   0.00000 0.00000 0.07674 0.92326 ( 4)
 170 K   0.00000 0.00000 0.03328 0.96672 ( 4)
 171 L   0.00000 0.00000 0.88315 0.11685 ( 3)
 172 K   0.00000 0.00000 0.95106 0.04894 ( 3)
 173 -   0.00000 0.00000 0.55283 0.44717 ( 3)
 174 -   0.00000 0.00000 0.55283 0.44717 ( 3)
 175 -   0.00000 0.00000 0.55283 0.44717 ( 3)
 176 G   0.00000 0.00000 0.93182 0.06818 ( 3)
 177 S   0.00000 0.00000 0.04271 0.95729 ( 4)
 178 S   0.00000 0.00000 0.10302 0.89698 ( 4)
 179 A   0.00000 0.00000 0.46522 0.53478 ( 4)
 180 K   0.00000 0.00000 0.95106 0.04894 ( 3)
 181 Q   0.00000 0.00000 0.06686 0.93314 ( 4)
 182 W   0.00000 0.00000 0.80140 0.19860 ( 3)
 183 I   0.00000 0.00000 0.04826 0.95174 ( 4)
 184 D   0.00000 0.00000 0.00421 0.99579 ( 4)
 185 Y   0.00000 0.00000 0.93323 0.06677 ( 3)
 186 N   0.00000 0.00000 0.49860 0.50140 ( 4)
 187 Q   0.00000 0.00000 0.33982 0.66018 ( 4)
 188 F   0.00000 0.00000 0.91487 0.08513 ( 3)
 189 R   0.00000 0.00000 0.79959 0.20041 ( 3)
 190 R   0.00000 0.00000 0.95411 0.04589 ( 3)
 191 E   0.00000 0.00000 0.95372 0.04628 ( 3)
 192 M   0.00000 0.00000 0.97234 0.02766 ( 3)
 193 T   0.00000 0.00000 0.94245 0.05755 ( 3)
 194 L   0.00000 0.00000 0.28971 0.71029 ( 4)
 195 T   0.00000 0.00000 0.06005 0.93995 ( 4)
 196 V   0.00000 0.00000 0.88345 0.11655 ( 3)
 197 L   0.00000 0.00000 0.89153 0.10847 ( 3)
 198 D   0.00000 0.00000 0.96451 0.03549 ( 3)
 199 V   0.00000 0.00000 0.04887 0.95113 ( 4)
 200 V   0.00000 0.00000 0.04548 0.95452 ( 4)
 201 A   0.00000 0.00000 0.08230 0.91770 ( 4)
 202 L   0.00000 0.00000 0.89153 0.10847 ( 3)
 203 F   0.00000 0.00000 0.96099 0.03901 ( 3)
 204 S   0.00000 0.00000 0.07295 0.92705 ( 4)
 205 N   0.00000 0.00000 0.00021 0.99979 ( 4)


lnL = -1979.484155

