Supplemental results for CODEML (seqf: algn  treef: tree)


dN/dS (w) for site classes (K=4)

site class             0        1       2a       2b
proportion       0.52757  0.25059  0.15040  0.07144
background w     0.16657  1.00000  0.16657  1.00000
foreground w     0.16657  1.00000  1.00000  1.00000

Naive Empirical Bayes (NEB) probabilities for 4 classes
(amino acids refer to 1st sequence: BT_Cry1Be1)

   1 S   0.72570 0.06559 0.19001 0.01870 ( 1)
   2 D   0.79029 0.02806 0.17366 0.00800 ( 1)
   3 S   0.00496 0.70086 0.09437 0.19980 ( 2)
   4 I   0.79879 0.01976 0.17582 0.00563 ( 1)
   5 T   0.53192 0.26995 0.12117 0.07696 ( 1)
   6 Q   0.77279 0.02574 0.19413 0.00734 ( 1)
   7 I   0.79480 0.02267 0.17607 0.00646 ( 1)
   8 P   0.78245 0.02128 0.19020 0.00607 ( 1)
   9 L   0.74444 0.04421 0.19874 0.01260 ( 1)
  10 V   0.68980 0.11887 0.15745 0.03389 ( 1)
  11 K   0.80288 0.01383 0.17934 0.00394 ( 1)
  12 S   0.31507 0.46231 0.09082 0.13180 ( 2)
  13 F   0.74232 0.04970 0.19380 0.01417 ( 1)
  14 N   0.08768 0.07182 0.82003 0.02047 ( 3)
  15 L   0.76327 0.04459 0.17943 0.01271 ( 1)
  16 N   0.08737 0.61646 0.12043 0.17574 ( 2)
  17 S   0.76753 0.03245 0.19076 0.00925 ( 1)
  18 G   0.72184 0.08881 0.16404 0.02532 ( 1)
  19 T   0.55807 0.22954 0.14695 0.06544 ( 1)
  20 S   0.41965 0.37511 0.09831 0.10694 ( 1)
  21 V   0.79352 0.01973 0.18112 0.00563 ( 1)
  22 V   0.75549 0.03498 0.19956 0.00997 ( 1)
  23 S   0.28828 0.25432 0.38490 0.07250 ( 3)
  24 G   0.75803 0.03113 0.20196 0.00888 ( 1)
  25 P   0.78439 0.01945 0.19062 0.00554 ( 1)
  26 G   0.65824 0.14412 0.15656 0.04109 ( 1)
  27 F   0.80280 0.01197 0.18182 0.00341 ( 1)
  28 T   0.78997 0.02434 0.17875 0.00694 ( 1)
  29 G   0.78774 0.01938 0.18736 0.00553 ( 1)
  30 G   0.68658 0.09902 0.18617 0.02823 ( 1)
  31 D   0.75572 0.06087 0.16606 0.01735 ( 1)
  32 I   0.74292 0.05683 0.18405 0.01620 ( 1)
  33 I   0.54099 0.24750 0.14094 0.07056 ( 1)
  34 R   0.50651 0.27997 0.13371 0.07981 ( 1)
  35 T   0.67898 0.13421 0.14855 0.03826 ( 1)
  36 N   0.47506 0.31438 0.12094 0.08962 ( 1)
  37 V   0.25668 0.53429 0.05672 0.15232 ( 2)
  38 N   0.48107 0.32356 0.10312 0.09224 ( 1)
  39 G   0.79788 0.01618 0.18132 0.00461 ( 1)
  40 S   0.09805 0.60271 0.12743 0.17182 ( 2)
  41 V   0.67931 0.12889 0.15506 0.03674 ( 1)
  42 L   0.16816 0.61432 0.04240 0.17513 ( 2)
  43 S   0.33976 0.45691 0.07306 0.13026 ( 2)
  44 M   0.76306 0.04596 0.17788 0.01310 ( 1)
  45 G   0.23844 0.34712 0.31548 0.09896 ( 2)
  46 L   0.69448 0.11070 0.16326 0.03156 ( 1)
  47 N   0.80906 0.01363 0.17342 0.00389 ( 1)
  48 F   0.73365 0.07796 0.16616 0.02223 ( 1)
  49 N   0.37185 0.11068 0.48592 0.03155 ( 3)
  50 N   0.29261 0.50160 0.06279 0.14300 ( 2)
  51 T   0.67174 0.13715 0.15201 0.03910 ( 1)
  52 S   0.36806 0.42029 0.09184 0.11982 ( 2)
  53 L   0.43575 0.35543 0.10749 0.10133 ( 1)
  54 Q   0.73148 0.05386 0.19930 0.01536 ( 1)
  55 R   0.69200 0.09037 0.19187 0.02576 ( 1)
  56 Y   0.79052 0.01646 0.18833 0.00469 ( 1)
  57 R   0.68618 0.09906 0.18653 0.02824 ( 1)
  58 V   0.58266 0.20262 0.15696 0.05776 ( 1)
  59 R   0.78637 0.02767 0.17807 0.00789 ( 1)
  60 V   0.54939 0.25618 0.12139 0.07303 ( 1)
  61 R   0.40803 0.38360 0.09901 0.10936 ( 1)
  62 Y   0.79052 0.01646 0.18833 0.00469 ( 1)
  63 A   0.80035 0.01701 0.17779 0.00485 ( 1)
  64 A   0.70517 0.10753 0.15665 0.03065 ( 1)
  65 S   0.70265 0.10330 0.16460 0.02945 ( 1)
  66 Q   0.29119 0.49465 0.07315 0.14101 ( 2)
  67 T   0.16254 0.62306 0.03678 0.17762 ( 2)
  68 M   0.04212 0.73774 0.00982 0.21032 ( 2)
  69 V   0.03652 0.74223 0.00965 0.21160 ( 2)
  70 L   0.07531 0.63187 0.11269 0.18014 ( 2)
  71 R   0.05538 0.71067 0.03135 0.20260 ( 2)
  72 V   0.38863 0.40671 0.08872 0.11594 ( 2)
  73 T   0.23372 0.35229 0.31356 0.10043 ( 2)
  74 V   0.74510 0.06149 0.17587 0.01753 ( 1)
  75 G   0.26628 0.52166 0.06334 0.14872 ( 2)
  76 G   0.75180 0.03451 0.20385 0.00984 ( 1)
  77 S   0.56247 0.24636 0.12094 0.07023 ( 1)
  78 T   0.75362 0.06340 0.16490 0.01808 ( 1)
  79 T   0.76017 0.05719 0.16633 0.01630 ( 1)
  80 F   0.03354 0.74547 0.00846 0.21252 ( 2)
  81 D   0.12770 0.65535 0.03013 0.18683 ( 2)
  82 Q   0.29547 0.49048 0.07423 0.13983 ( 2)
  83 G   0.17053 0.61389 0.04056 0.17501 ( 2)
  84 F   0.77138 0.02119 0.20139 0.00604 ( 1)
  85 P   0.58507 0.21484 0.13884 0.06125 ( 1)
  86 S   0.49232 0.31267 0.10587 0.08914 ( 1)
  87 T   0.79968 0.01974 0.17495 0.00563 ( 1)
  88 M   0.80360 0.00705 0.18733 0.00201 ( 1)
  89 S   0.78327 0.03759 0.16842 0.01072 ( 1)
  90 A   0.49897 0.30082 0.11446 0.08576 ( 1)
  91 N   0.14745 0.63882 0.03161 0.18212 ( 2)
  92 E   0.14248 0.48854 0.22970 0.13927 ( 2)
  93 S   0.01029 0.76770 0.00315 0.21886 ( 2)
  94 L   0.74280 0.04582 0.19832 0.01306 ( 1)
  95 T   0.13331 0.65094 0.03017 0.18557 ( 2)
  96 S   0.69172 0.11379 0.16204 0.03244 ( 1)
  97 Q   0.05561 0.72402 0.01397 0.20640 ( 2)
  98 S   0.22825 0.55640 0.05673 0.15862 ( 2)
  99 F   0.80280 0.01197 0.18182 0.00341 ( 1)
 100 R   0.79963 0.01502 0.18107 0.00428 ( 1)
 101 F   0.54304 0.25984 0.12305 0.07407 ( 1)
 102 A   0.48085 0.31816 0.11029 0.09070 ( 1)
 103 E   0.61398 0.19100 0.14057 0.05445 ( 1)
 104 F   0.80280 0.01197 0.18182 0.00341 ( 1)
 105 P   0.68338 0.12019 0.16217 0.03426 ( 1)
 106 V   0.61430 0.19100 0.14024 0.05445 ( 1)
 107 G   0.29130 0.49822 0.06844 0.14203 ( 2)
 108 I   0.73315 0.08423 0.15862 0.02401 ( 1)
 109 S   0.69936 0.11694 0.15036 0.03334 ( 1)
 110 A   0.02291 0.73576 0.03157 0.20975 ( 2)
 111 S   0.66685 0.13769 0.15621 0.03925 ( 1)
 112 G   0.42436 0.35995 0.11308 0.10261 ( 1)
 113 S   0.06218 0.71937 0.01337 0.20508 ( 2)
 114 Q   0.77279 0.02574 0.19413 0.00734 ( 1)
 115 -   0.67213 0.10603 0.19161 0.03023 ( 1)
 116 T   0.37944 0.41607 0.08588 0.11861 ( 2)
 117 A   0.44215 0.35765 0.09824 0.10196 ( 1)
 118 G   0.02631 0.75092 0.00870 0.21407 ( 2)
 119 I   0.79480 0.02267 0.17607 0.00646 ( 1)
 120 S   0.76482 0.05503 0.16445 0.01569 ( 1)
 121 I   0.61960 0.18918 0.13729 0.05393 ( 1)
 122 S   0.33922 0.45743 0.07294 0.13040 ( 2)
 123 N   0.79950 0.02267 0.17137 0.00646 ( 1)
 124 N   0.32787 0.46833 0.07029 0.13351 ( 2)
 125 A   0.08460 0.61800 0.12122 0.17618 ( 2)
 126 G   0.06644 0.71471 0.01510 0.20375 ( 2)
 127 R   0.70223 0.10796 0.15903 0.03078 ( 1)
 128 Q   0.34054 0.44660 0.08555 0.12732 ( 2)
 129 T   0.01084 0.76743 0.00294 0.21878 ( 2)
 130 F   0.72931 0.08210 0.16518 0.02341 ( 1)
 131 H   0.63603 0.15089 0.17007 0.04301 ( 1)
 132 F   0.27968 0.24778 0.40191 0.07064 ( 3)
 133 D   0.75738 0.05929 0.16643 0.01690 ( 1)
 134 K   0.39328 0.05309 0.53849 0.01514 ( 3)
 135 I   0.80156 0.01948 0.17340 0.00555 ( 1)
 136 E   0.80043 0.01271 0.18324 0.00362 ( 1)
 137 F   0.79332 0.01271 0.19036 0.00362 ( 1)
 138 I   0.44113 0.35008 0.10899 0.09980 ( 1)
 139 -   0.54784 0.23032 0.15618 0.06566 ( 1)


lnL = -1696.649126

