Supplemental results for CODEML (seqf: algn  treef: tree)


dN/dS (w) for site classes (K=4)

site class             0        1       2a       2b
proportion       0.33382  0.30727  0.18688  0.17202
background w     0.11194  1.00000  0.11194  1.00000
foreground w     0.11194  1.00000  1.00000  1.00000

Naive Empirical Bayes (NEB) probabilities for 4 classes
(amino acids refer to 1st sequence: BT_Cry7Cb1)

   1 -   0.34954 0.29156 0.19568 0.16322 ( 1)
   2 -   0.10903 0.53207 0.06104 0.29787 ( 2)
   3 -   0.57748 0.06361 0.32329 0.03561 ( 1)
   4 K   0.65303 0.04924 0.27016 0.02757 ( 1)
   5 I   0.71210 0.00357 0.28233 0.00200 ( 1)
   6 S   0.02785 0.56332 0.09346 0.31537 ( 2)
   7 Q   0.66282 0.01760 0.30973 0.00985 ( 1)
   8 L   0.61113 0.06689 0.28453 0.03745 ( 1)
   9 Y   0.40668 0.26437 0.18094 0.14800 ( 1)
  10 A   0.02265 0.61036 0.02528 0.34171 ( 2)
  11 V   0.71060 0.00189 0.28645 0.00106 ( 1)
  12 K   0.70639 0.00281 0.28923 0.00157 ( 1)
  13 A   0.00572 0.63392 0.00547 0.35489 ( 2)
  14 Y   0.09199 0.54917 0.05140 0.30745 ( 2)
  15 T   0.13896 0.49800 0.08424 0.27880 ( 2)
  16 T   0.03348 0.22028 0.62291 0.12332 ( 3)
  17 -   0.09721 0.54388 0.05442 0.30448 ( 2)
  18 S   0.00189 0.61380 0.04069 0.34363 ( 2)
  19 N   0.69309 0.01849 0.27806 0.01035 ( 1)
  20 V   0.21131 0.15479 0.54725 0.08665 ( 3)
  21 S   0.68857 0.00821 0.29863 0.00459 ( 1)
  22 V   0.71081 0.00171 0.28653 0.00096 ( 1)
  23 V   0.05008 0.59081 0.02836 0.33076 ( 2)
  24 G   0.00610 0.63251 0.00728 0.35411 ( 2)
  25 G   0.68806 0.00143 0.30971 0.00080 ( 1)
  26 P   0.69234 0.00076 0.30648 0.00042 ( 1)
  27 G   0.69226 0.00162 0.30521 0.00091 ( 1)
  28 F   0.70814 0.00045 0.29117 0.00025 ( 1)
  29 L   0.56416 0.10850 0.26660 0.06074 ( 1)
  30 G   0.69109 0.00270 0.30470 0.00151 ( 1)
  31 G   0.69226 0.00162 0.30521 0.00091 ( 1)
  32 N   0.72233 0.00055 0.27682 0.00031 ( 1)
  33 I   0.67422 0.03150 0.27664 0.01764 ( 1)
  34 I   0.35798 0.31873 0.14485 0.17844 ( 1)
  35 K   0.67969 0.02689 0.27836 0.01506 ( 1)
  36 G   0.49290 0.10108 0.34943 0.05659 ( 1)
  37 N   0.56765 0.13433 0.22282 0.07520 ( 1)
  38 N   0.26035 0.31037 0.25552 0.17376 ( 2)
  39 D   0.05462 0.59208 0.02184 0.33147 ( 2)
  40 P   0.02906 0.10080 0.81371 0.05643 ( 3)
  41 A   0.00056 0.63961 0.00176 0.35808 ( 2)
  42 S   0.01617 0.60947 0.03316 0.34120 ( 2)
  43 Y   0.02262 0.62020 0.00997 0.34721 ( 2)
  44 T   0.00033 0.64067 0.00033 0.35867 ( 2)
  45 G   0.02812 0.61502 0.01254 0.34431 ( 2)
  46 S   0.12908 0.51653 0.06522 0.28917 ( 2)
  47 V   0.58318 0.07236 0.30395 0.04051 ( 1)
  48 S   0.00061 0.63961 0.00170 0.35808 ( 2)
  49 W   0.01506 0.59328 0.05951 0.33214 ( 2)
  50 A   0.14416 0.43488 0.17750 0.24346 ( 2)
  51 I   0.53677 0.15888 0.21541 0.08895 ( 1)
  52 R   0.51983 0.16649 0.22047 0.09321 ( 1)
  53 L   0.50770 0.14790 0.26159 0.08280 ( 1)
  54 D   0.00682 0.63497 0.00272 0.35548 ( 2)
  55 G   0.04905 0.59647 0.02056 0.33393 ( 2)
  56 -   0.33382 0.30727 0.18688 0.17202 ( 1)
  57 S   0.00791 0.62454 0.01791 0.34964 ( 2)
  58 T   0.00339 0.63069 0.01283 0.35308 ( 2)
  59 V   0.05140 0.57176 0.05674 0.32009 ( 2)
  60 S   0.00749 0.63433 0.00305 0.35512 ( 2)
  61 R   0.02800 0.61233 0.01686 0.34281 ( 2)
  62 F   0.63656 0.02337 0.32698 0.01308 ( 1)
  63 R   0.68649 0.00112 0.31176 0.00063 ( 1)
  64 L   0.23842 0.21419 0.42748 0.11991 ( 3)
  65 R   0.70259 0.00071 0.29630 0.00040 ( 1)
  66 I   0.71411 0.00178 0.28312 0.00100 ( 1)
  67 P   0.59635 0.06133 0.30798 0.03434 ( 1)
  68 Y   0.69713 0.00090 0.30146 0.00051 ( 1)
  69 A   0.70991 0.00096 0.28859 0.00054 ( 1)
  70 A   0.69635 0.01050 0.28728 0.00588 ( 1)
  71 E   0.13251 0.51971 0.05682 0.29095 ( 2)
  72 T   0.66623 0.03382 0.28102 0.01893 ( 1)
  73 D   0.62345 0.08637 0.24183 0.04835 ( 1)
  74 G   0.00271 0.63843 0.00144 0.35742 ( 2)
  75 T   0.00263 0.63617 0.00505 0.35615 ( 2)
  76 F   0.70674 0.00164 0.29071 0.00092 ( 1)
  77 S   0.00174 0.63472 0.00821 0.35534 ( 2)
  78 I   0.24793 0.41757 0.10072 0.23377 ( 2)
  79 T   0.55439 0.14264 0.22312 0.07985 ( 1)
  80 V   0.16254 0.41373 0.19210 0.23162 ( 2)
  81 R   0.40972 0.24599 0.20658 0.13771 ( 1)
  82 D   0.41367 0.24274 0.20770 0.13590 ( 1)
  83 D   0.03501 0.60746 0.01745 0.34008 ( 2)
  84 L   0.00612 0.63396 0.00501 0.35491 ( 2)
  85 G   0.64825 0.00484 0.34420 0.00271 ( 1)
  86 P   0.21036 0.44623 0.09360 0.24981 ( 2)
  87 F   0.00006 0.64102 0.00005 0.35887 ( 2)
  88 T   0.40798 0.27003 0.17081 0.15117 ( 1)
  89 I   0.57401 0.12112 0.23706 0.06781 ( 1)
  90 K   0.03152 0.54975 0.11096 0.30777 ( 2)
  91 K   0.00010 0.64095 0.00011 0.35883 ( 2)
  92 D   0.00012 0.64098 0.00006 0.35884 ( 2)
  93 F   0.63328 0.06808 0.26053 0.03811 ( 1)
  94 I   0.06141 0.57859 0.03609 0.32392 ( 2)
  95 A   0.35673 0.31231 0.15612 0.17484 ( 1)
  96 T   0.70196 0.00153 0.29565 0.00086 ( 1)
  97 M   0.69435 0.00032 0.30515 0.00018 ( 1)
  98 K   0.01487 0.60171 0.04655 0.33686 ( 2)
  99 P   0.02308 0.61947 0.01065 0.34680 ( 2)
 100 G   0.69226 0.00162 0.30521 0.00091 ( 1)
 101 D   0.22214 0.44266 0.08739 0.24782 ( 2)
 102 P   0.30600 0.35797 0.13563 0.20040 ( 2)
 103 L   0.67835 0.00403 0.31537 0.00226 ( 1)
 104 S   0.63883 0.03706 0.30335 0.02075 ( 1)
 105 Y   0.68817 0.00912 0.29760 0.00511 ( 1)
 106 G   0.03539 0.51892 0.15518 0.29051 ( 2)
 107 K   0.14527 0.50945 0.06007 0.28521 ( 2)
 108 F   0.67555 0.00553 0.31582 0.00310 ( 1)
 109 E   0.22308 0.16620 0.51768 0.09305 ( 3)
 110 Y   0.67626 0.01978 0.29288 0.01107 ( 1)
 111 L   0.23802 0.32725 0.25152 0.18321 ( 2)
 112 E   0.08700 0.56131 0.03745 0.31424 ( 2)
 113 F   0.69096 0.01118 0.29161 0.00626 ( 1)
 114 E   0.00031 0.64047 0.00065 0.35856 ( 2)
 115 Q   0.03467 0.54490 0.11538 0.30505 ( 2)
 116 T   0.62721 0.06552 0.27059 0.03668 ( 1)
 117 M   0.04815 0.40318 0.32296 0.22572 ( 2)
 118 S   0.01047 0.62889 0.00856 0.35208 ( 2)
 119 L   0.36554 0.14062 0.41511 0.07873 ( 3)
 120 N   0.00112 0.63718 0.00498 0.35672 ( 2)
 121 N   0.18336 0.42915 0.14723 0.24026 ( 2)
 122 K   0.00001 0.64106 0.00004 0.35889 ( 2)
 123 H   0.01812 0.62447 0.00782 0.34960 ( 2)
 124 G   0.63869 0.06193 0.26472 0.03467 ( 1)
 125 Q   0.00148 0.63504 0.00796 0.35552 ( 2)
 126 F   0.44051 0.24115 0.18333 0.13501 ( 1)
 127 F   0.00206 0.63909 0.00106 0.35779 ( 2)
 128 V   0.69776 0.00901 0.28819 0.00505 ( 1)
 129 H   0.04987 0.53023 0.12306 0.29684 ( 2)
 130 T   0.02465 0.43759 0.29278 0.24498 ( 2)
 131 E   0.01304 0.62626 0.01009 0.35060 ( 2)
 132 N   0.25462 0.37750 0.15654 0.21134 ( 2)
 133 L   0.61094 0.06587 0.28632 0.03687 ( 1)
 134 K   0.00313 0.63249 0.01030 0.35409 ( 2)
 135 D   0.02401 0.61954 0.00961 0.34684 ( 2)
 136 R   0.51983 0.16649 0.22047 0.09321 ( 1)
 137 N   0.15808 0.28667 0.39475 0.16049 ( 3)
 138 S   0.02596 0.56630 0.09070 0.31704 ( 2)
 139 S   0.05728 0.51985 0.13183 0.29103 ( 2)
 140 V   0.70127 0.00195 0.29569 0.00109 ( 1)
 141 Y   0.69713 0.00090 0.30146 0.00051 ( 1)
 142 W   0.25257 0.39391 0.13299 0.22053 ( 2)
 143 N   0.39252 0.09764 0.45518 0.05466 ( 3)
 144 R   0.49603 0.14864 0.27212 0.08321 ( 1)
 145 V   0.17893 0.47903 0.07386 0.26818 ( 2)
 146 E   0.70105 0.00107 0.29728 0.00060 ( 1)
 147 I   0.69012 0.01802 0.28177 0.01009 ( 1)
 148 I   0.37079 0.25527 0.23102 0.14291 ( 1)
 149 P   0.61146 0.04442 0.31925 0.02487 ( 1)


lnL = -2138.898947

