Supplemental results for CODEML (seqf: algn  treef: tree)


dN/dS (w) for site classes (K=4)

site class             0        1       2a       2b
proportion       0.00000  0.00000  0.51812  0.48188
background w     0.04696  0.35633  0.04696  0.35633
foreground w     0.04696  0.35633  0.09982  0.09982

Naive Empirical Bayes (NEB) probabilities for 4 classes
(amino acids refer to 1st sequence: BT_Cry18Aa1)

   1 N   0.00000 0.00000 0.80243 0.19757 ( 3)
   2 Q   0.00000 0.00000 0.70324 0.29676 ( 3)
   3 N   0.00000 0.00000 0.80243 0.19757 ( 3)
   4 G   0.00000 0.00000 0.82143 0.17857 ( 3)
   5 T   0.00000 0.00000 0.75870 0.24130 ( 3)
   6 M   0.00000 0.00000 0.76399 0.23601 ( 3)
   7 I   0.00000 0.00000 0.98615 0.01385 ( 3)
   8 H   0.00000 0.00000 0.99917 0.00083 ( 3)
   9 Q   0.00000 0.00000 0.07270 0.92730 ( 4)
  10 A   0.00000 0.00000 0.65488 0.34512 ( 3)
  11 P   0.00000 0.00000 0.99219 0.00781 ( 3)
  12 P   0.00000 0.00000 0.00000 1.00000 ( 4)
  13 D   0.00000 0.00000 0.99369 0.00631 ( 3)
  14 G   0.00000 0.00000 0.28950 0.71050 ( 4)
  15 T   0.00000 0.00000 0.94883 0.05117 ( 3)
  16 G   0.00000 0.00000 0.99869 0.00131 ( 3)
  17 F   0.00000 0.00000 0.99856 0.00144 ( 3)
  18 T   0.00000 0.00000 0.99715 0.00285 ( 3)
  19 V   0.00000 0.00000 0.02969 0.97031 ( 4)
  20 S   0.00000 0.00000 0.67049 0.32951 ( 3)
  21 P   0.00000 0.00000 0.98791 0.01209 ( 3)
  22 L   0.00000 0.00000 0.86946 0.13054 ( 3)
  23 H   0.00000 0.00000 0.99388 0.00612 ( 3)
  24 P   0.00000 0.00000 0.12999 0.87001 ( 4)
  25 S   0.00000 0.00000 0.16585 0.83415 ( 4)
  26 A   0.00000 0.00000 0.00182 0.99818 ( 4)
  27 -   0.00000 0.00000 0.26267 0.73733 ( 4)
  28 -   0.00000 0.00000 0.86816 0.13184 ( 3)
  29 N   0.00000 0.00000 0.88478 0.11522 ( 3)
  30 T   0.00000 0.00000 0.01525 0.98475 ( 4)
  31 I   0.00000 0.00000 0.00266 0.99734 ( 4)
  32 T   0.00000 0.00000 0.00125 0.99875 ( 4)
  33 S   0.00000 0.00000 0.09113 0.90887 ( 4)
  34 Y   0.00000 0.00000 0.88182 0.11818 ( 3)
  35 I   0.00000 0.00000 0.99860 0.00140 ( 3)
  36 K   0.00000 0.00000 0.10290 0.89710 ( 4)
  37 E   0.00000 0.00000 0.97468 0.02532 ( 3)
  38 N   0.00000 0.00000 0.99281 0.00719 ( 3)
  39 Y   0.00000 0.00000 0.52983 0.47017 ( 3)
  40 G   0.00000 0.00000 0.99393 0.00607 ( 3)
  41 N   0.00000 0.00000 0.99899 0.00101 ( 3)
  42 S   0.00000 0.00000 0.35788 0.64212 ( 4)
  43 G   0.00000 0.00000 0.99938 0.00062 ( 3)
  44 D   0.00000 0.00000 0.99938 0.00062 ( 3)
  45 S   0.00000 0.00000 0.97268 0.02732 ( 3)
  46 L   0.00000 0.00000 0.93884 0.06116 ( 3)
  47 H   0.00000 0.00000 0.76606 0.23394 ( 3)
  48 L   0.00000 0.00000 0.26172 0.73828 ( 4)
  49 K   0.00000 0.00000 0.06871 0.93129 ( 4)
  50 G   0.00000 0.00000 0.00824 0.99176 ( 4)
  51 -   0.00000 0.00000 0.00366 0.99634 ( 4)
  52 Q   0.00000 0.00000 0.00303 0.99697 ( 4)
  53 G   0.00000 0.00000 0.15254 0.84746 ( 4)
  54 Y   0.00000 0.00000 0.01224 0.98776 ( 4)
  55 L   0.00000 0.00000 0.64323 0.35677 ( 3)
  56 H   0.00000 0.00000 0.00486 0.99514 ( 4)
  57 Y   0.00000 0.00000 0.93169 0.06831 ( 3)
  58 M   0.00000 0.00000 0.55106 0.44894 ( 3)
  59 L   0.00000 0.00000 0.89751 0.10249 ( 3)
  60 S   0.00000 0.00000 0.01899 0.98101 ( 4)
  61 G   0.00000 0.00000 0.64894 0.35106 ( 3)
  62 N   0.00000 0.00000 0.89563 0.10437 ( 3)
  63 G   0.00000 0.00000 0.90482 0.09518 ( 3)
  64 Q   0.00000 0.00000 0.01484 0.98516 ( 4)
  65 D   0.00000 0.00000 0.02452 0.97548 ( 4)
  66 R   0.00000 0.00000 0.07842 0.92158 ( 4)
  67 Y   0.00000 0.00000 0.94146 0.05854 ( 3)
  68 R   0.00000 0.00000 0.89527 0.10473 ( 3)
  69 L   0.00000 0.00000 0.99013 0.00987 ( 3)
  70 V   0.00000 0.00000 0.90473 0.09527 ( 3)
  71 L   0.00000 0.00000 0.96206 0.03794 ( 3)
  72 R   0.00000 0.00000 0.99689 0.00311 ( 3)
  73 L   0.00000 0.00000 0.67441 0.32559 ( 3)
  74 S   0.00000 0.00000 0.99771 0.00229 ( 3)
  75 G   0.00000 0.00000 0.50941 0.49059 ( 3)
  76 A   0.00000 0.00000 0.00007 0.99993 ( 4)
  77 A   0.00000 0.00000 0.17210 0.82790 ( 4)
  78 N   0.00000 0.00000 0.29425 0.70575 ( 4)
  79 Q   0.00000 0.00000 0.00322 0.99678 ( 4)
  80 I   0.00000 0.00000 0.99300 0.00700 ( 3)
  81 K   0.00000 0.00000 0.07132 0.92868 ( 4)
  82 L   0.00000 0.00000 0.02499 0.97501 ( 4)
  83 Q   0.00000 0.00000 0.06770 0.93230 ( 4)
  84 S   0.00000 0.00000 0.05226 0.94774 ( 4)
  85 P   0.00000 0.00000 0.01166 0.98834 ( 4)
  86 T   0.00000 0.00000 0.07176 0.92824 ( 4)
  87 T   0.00000 0.00000 0.29117 0.70883 ( 4)
  88 S   0.00000 0.00000 0.02003 0.97997 ( 4)
  89 I   0.00000 0.00000 0.71885 0.28115 ( 3)
  90 Y   0.00000 0.00000 0.45139 0.54861 ( 4)
  91 -   0.00000 0.00000 0.65142 0.34858 ( 3)
  92 -   0.00000 0.00000 0.00141 0.99859 ( 4)
  93 -   0.00000 0.00000 0.00004 0.99996 ( 4)
  94 A   0.00000 0.00000 0.00353 0.99647 ( 4)
  95 F   0.00000 0.00000 0.84718 0.15282 ( 3)
  96 D   0.00000 0.00000 0.99202 0.00798 ( 3)
  97 T   0.00000 0.00000 0.99767 0.00233 ( 3)
  98 S   0.00000 0.00000 0.00233 0.99767 ( 4)
  99 T   0.00000 0.00000 0.19358 0.80642 ( 4)
 100 N   0.00000 0.00000 0.99489 0.00511 ( 3)
 101 N   0.00000 0.00000 0.99372 0.00628 ( 3)
 102 E   0.00000 0.00000 0.92982 0.07018 ( 3)
 103 G   0.00000 0.00000 0.99552 0.00448 ( 3)
 104 I   0.00000 0.00000 0.96840 0.03160 ( 3)
 105 T   0.00000 0.00000 0.00039 0.99961 ( 4)
 106 D   0.00000 0.00000 0.99842 0.00158 ( 3)
 107 N   0.00000 0.00000 0.99916 0.00084 ( 3)
 108 G   0.00000 0.00000 0.98752 0.01248 ( 3)
 109 S   0.00000 0.00000 0.85669 0.14331 ( 3)
 110 K   0.00000 0.00000 0.58441 0.41559 ( 3)
 111 F   0.00000 0.00000 0.99322 0.00678 ( 3)
 112 K   0.00000 0.00000 0.00130 0.99870 ( 4)
 113 D   0.00000 0.00000 0.99693 0.00307 ( 3)
 114 F   0.00000 0.00000 0.81932 0.18068 ( 3)
 115 A   0.00000 0.00000 0.00818 0.99182 ( 4)
 116 F   0.00000 0.00000 0.79351 0.20649 ( 3)
 117 S   0.00000 0.00000 0.00908 0.99092 ( 4)
 118 T   0.00000 0.00000 0.82676 0.17324 ( 3)
 119 P   0.00000 0.00000 0.01850 0.98150 ( 4)
 120 F   0.00000 0.00000 0.76235 0.23765 ( 3)
 121 V   0.00000 0.00000 0.25888 0.74112 ( 4)
 122 I   0.00000 0.00000 0.68438 0.31562 ( 3)
 123 P   0.00000 0.00000 0.00000 1.00000 ( 4)
 124 E   0.00000 0.00000 0.41823 0.58177 ( 4)
 125 Q   0.00000 0.00000 0.00001 0.99999 ( 4)
 126 K   0.00000 0.00000 0.01828 0.98172 ( 4)
 127 -   0.00000 0.00000 0.51812 0.48188 ( 3)
 128 -   0.00000 0.00000 0.00199 0.99801 ( 4)
 129 -   0.00000 0.00000 0.00012 0.99988 ( 4)
 130 -   0.00000 0.00000 0.93152 0.06848 ( 3)
 131 E   0.00000 0.00000 0.27722 0.72278 ( 4)
 132 I   0.00000 0.00000 0.78190 0.21810 ( 3)
 133 V   0.00000 0.00000 0.00348 0.99652 ( 4)
 134 L   0.00000 0.00000 0.07448 0.92552 ( 4)
 135 Y   0.00000 0.00000 0.00008 0.99992 ( 4)
 136 -   0.00000 0.00000 0.51812 0.48188 ( 3)
 137 F   0.00000 0.00000 0.00082 0.99918 ( 4)
 138 E   0.00000 0.00000 0.00134 0.99866 ( 4)
 139 G   0.00000 0.00000 0.00034 0.99966 ( 4)
 140 V   0.00000 0.00000 0.00012 0.99988 ( 4)
 141 G   0.00000 0.00000 0.07193 0.92807 ( 4)
 142 S   0.00000 0.00000 0.00074 0.99926 ( 4)
 143 L   0.00000 0.00000 0.69843 0.30157 ( 3)
 144 D   0.00000 0.00000 0.93262 0.06738 ( 3)
 145 L   0.00000 0.00000 0.92145 0.07855 ( 3)
 146 M   0.00000 0.00000 0.99958 0.00042 ( 3)
 147 N   0.00000 0.00000 0.99919 0.00081 ( 3)
 148 L   0.00000 0.00000 0.44619 0.55381 ( 4)
 149 I   0.00000 0.00000 0.88920 0.11080 ( 3)
 150 F   0.00000 0.00000 0.90869 0.09131 ( 3)
 151 L   0.00000 0.00000 0.34570 0.65430 ( 4)
 152 -   0.00000 0.00000 0.51812 0.48188 ( 3)


lnL = -3288.499445

