Supplemental results for CODEML (seqf: algn  treef: tree)


dN/dS (w) for site classes (K=4)

site class             0        1       2a       2b
proportion       0.67492  0.32508  0.00000  0.00000
background w     0.12225  1.00000  0.12225  1.00000
foreground w     0.12225  1.00000  1.00000  1.00000

Naive Empirical Bayes (NEB) probabilities for 4 classes
(amino acids refer to 1st sequence: BT_Cry3Aa10)

   1 -   0.69967 0.30033 0.00000 0.00000 ( 1)
   2 -   0.35808 0.64192 0.00000 0.00000 ( 2)
   3 -   0.96386 0.03614 0.00000 0.00000 ( 1)
   4 K   0.95550 0.04450 0.00000 0.00000 ( 1)
   5 I   0.99583 0.00417 0.00000 0.00000 ( 1)
   6 T   0.70908 0.29092 0.00000 0.00000 ( 1)
   7 Q   0.98230 0.01770 0.00000 0.00000 ( 1)
   8 L   0.98469 0.01531 0.00000 0.00000 ( 1)
   9 P   0.98220 0.01780 0.00000 0.00000 ( 1)
  10 L   0.54396 0.45604 0.00000 0.00000 ( 1)
  11 V   0.99787 0.00213 0.00000 0.00000 ( 1)
  12 K   0.99393 0.00607 0.00000 0.00000 ( 1)
  13 A   0.19532 0.80468 0.00000 0.00000 ( 2)
  14 Y   0.91817 0.08183 0.00000 0.00000 ( 1)
  15 K   0.74238 0.25762 0.00000 0.00000 ( 1)
  16 L   0.99609 0.00391 0.00000 0.00000 ( 1)
  17 Q   0.17536 0.82464 0.00000 0.00000 ( 2)
  18 S   0.77831 0.22169 0.00000 0.00000 ( 1)
  19 G   0.99920 0.00080 0.00000 0.00000 ( 1)
  20 A   0.96291 0.03709 0.00000 0.00000 ( 1)
  21 S   0.97370 0.02630 0.00000 0.00000 ( 1)
  22 V   0.99799 0.00201 0.00000 0.00000 ( 1)
  23 V   0.63492 0.36508 0.00000 0.00000 ( 1)
  24 A   0.01987 0.98013 0.00000 0.00000 ( 2)
  25 G   0.99920 0.00080 0.00000 0.00000 ( 1)
  26 P   0.99906 0.00094 0.00000 0.00000 ( 1)
  27 R   0.98388 0.01612 0.00000 0.00000 ( 1)
  28 F   0.99937 0.00063 0.00000 0.00000 ( 1)
  29 T   0.99724 0.00276 0.00000 0.00000 ( 1)
  30 G   0.99746 0.00254 0.00000 0.00000 ( 1)
  31 G   0.99869 0.00131 0.00000 0.00000 ( 1)
  32 D   0.99545 0.00455 0.00000 0.00000 ( 1)
  33 I   0.96401 0.03599 0.00000 0.00000 ( 1)
  34 I   0.54760 0.45240 0.00000 0.00000 ( 1)
  35 Q   0.80824 0.19176 0.00000 0.00000 ( 1)
  36 C   0.91350 0.08650 0.00000 0.00000 ( 1)
  37 T   0.97455 0.02545 0.00000 0.00000 ( 1)
  38 E   0.22634 0.77366 0.00000 0.00000 ( 2)
  39 N   0.21737 0.78263 0.00000 0.00000 ( 2)
  40 G   0.96500 0.03500 0.00000 0.00000 ( 1)
  41 S   0.02550 0.97450 0.00000 0.00000 ( 2)
  42 A   0.67567 0.32433 0.00000 0.00000 ( 1)
  43 A   0.72455 0.27545 0.00000 0.00000 ( 1)
  44 T   0.21040 0.78960 0.00000 0.00000 ( 2)
  45 I   0.51790 0.48210 0.00000 0.00000 ( 1)
  46 Y   0.00851 0.99149 0.00000 0.00000 ( 2)
  47 V   0.96657 0.03343 0.00000 0.00000 ( 1)
  48 T   0.08464 0.91536 0.00000 0.00000 ( 2)
  49 P   0.49872 0.50128 0.00000 0.00000 ( 2)
  50 -   0.67492 0.32508 0.00000 0.00000 ( 1)
  51 D   0.38827 0.61173 0.00000 0.00000 ( 2)
  52 V   0.00545 0.99455 0.00000 0.00000 ( 2)
  53 S   0.01120 0.98880 0.00000 0.00000 ( 2)
  54 Y   0.54558 0.45442 0.00000 0.00000 ( 1)
  55 S   0.95693 0.04307 0.00000 0.00000 ( 1)
  56 Q   0.76790 0.23210 0.00000 0.00000 ( 1)
  57 K   0.50593 0.49407 0.00000 0.00000 ( 1)
  58 H   0.98834 0.01166 0.00000 0.00000 ( 1)
  59 R   0.99688 0.00312 0.00000 0.00000 ( 1)
  60 A   0.93990 0.06010 0.00000 0.00000 ( 1)
  61 R   0.99929 0.00071 0.00000 0.00000 ( 1)
  62 I   0.99758 0.00242 0.00000 0.00000 ( 1)
  63 H   0.96506 0.03494 0.00000 0.00000 ( 1)
  64 Y   0.99803 0.00197 0.00000 0.00000 ( 1)
  65 A   0.99849 0.00151 0.00000 0.00000 ( 1)
  66 S   0.99837 0.00163 0.00000 0.00000 ( 1)
  67 T   0.95214 0.04786 0.00000 0.00000 ( 1)
  68 S   0.70179 0.29821 0.00000 0.00000 ( 1)
  69 Q   0.05179 0.94821 0.00000 0.00000 ( 2)
  70 I   0.25025 0.74975 0.00000 0.00000 ( 2)
  71 T   0.28938 0.71062 0.00000 0.00000 ( 2)
  72 F   0.99799 0.00201 0.00000 0.00000 ( 1)
  73 T   0.03151 0.96849 0.00000 0.00000 ( 2)
  74 L   0.05904 0.94096 0.00000 0.00000 ( 2)
  75 S   0.32194 0.67806 0.00000 0.00000 ( 2)
  76 L   0.07895 0.92105 0.00000 0.00000 ( 2)
  77 D   0.11586 0.88414 0.00000 0.00000 ( 2)
  78 G   0.99642 0.00358 0.00000 0.00000 ( 1)
  79 A   0.10025 0.89975 0.00000 0.00000 ( 2)
  80 P   0.00953 0.99047 0.00000 0.00000 ( 2)
  81 F   0.48843 0.51157 0.00000 0.00000 ( 2)
  82 N   0.98778 0.01222 0.00000 0.00000 ( 1)
  83 Q   0.25005 0.74995 0.00000 0.00000 ( 2)
  84 Y   0.03545 0.96455 0.00000 0.00000 ( 2)
  85 Y   0.01991 0.98009 0.00000 0.00000 ( 2)
  86 F   0.90453 0.09547 0.00000 0.00000 ( 1)
  87 D   0.56519 0.43481 0.00000 0.00000 ( 1)
  88 K   0.98906 0.01094 0.00000 0.00000 ( 1)
  89 T   0.99703 0.00297 0.00000 0.00000 ( 1)
  90 I   0.99703 0.00297 0.00000 0.00000 ( 1)
  91 N   0.88919 0.11081 0.00000 0.00000 ( 1)
  92 K   0.76571 0.23429 0.00000 0.00000 ( 1)
  93 G   0.99869 0.00131 0.00000 0.00000 ( 1)
  94 D   0.36537 0.63463 0.00000 0.00000 ( 2)
  95 T   0.19715 0.80285 0.00000 0.00000 ( 2)
  96 L   0.99609 0.00391 0.00000 0.00000 ( 1)
  97 T   0.99195 0.00805 0.00000 0.00000 ( 1)
  98 Y   0.98684 0.01316 0.00000 0.00000 ( 1)
  99 N   0.27043 0.72957 0.00000 0.00000 ( 2)
 100 S   0.50930 0.49070 0.00000 0.00000 ( 1)
 101 F   0.99937 0.00063 0.00000 0.00000 ( 1)
 102 N   0.80041 0.19959 0.00000 0.00000 ( 1)
 103 L   0.92353 0.07647 0.00000 0.00000 ( 1)
 104 A   0.99827 0.00173 0.00000 0.00000 ( 1)
 105 S   0.96411 0.03589 0.00000 0.00000 ( 1)
 106 F   0.98747 0.01253 0.00000 0.00000 ( 1)
 107 S   0.07847 0.92153 0.00000 0.00000 ( 2)
 108 T   0.95905 0.04095 0.00000 0.00000 ( 1)
 109 P   0.98396 0.01604 0.00000 0.00000 ( 1)
 110 F   0.99036 0.00964 0.00000 0.00000 ( 1)
 111 E   0.05034 0.94966 0.00000 0.00000 ( 2)
 112 L   0.99366 0.00634 0.00000 0.00000 ( 1)
 113 S   0.01856 0.98144 0.00000 0.00000 ( 2)
 114 G   0.46078 0.53922 0.00000 0.00000 ( 2)
 115 N   0.07838 0.92162 0.00000 0.00000 ( 2)
 116 N   0.05740 0.94260 0.00000 0.00000 ( 2)
 117 -   0.68493 0.31507 0.00000 0.00000 ( 1)
 118 -   0.37788 0.62212 0.00000 0.00000 ( 2)
 119 L   0.92487 0.07513 0.00000 0.00000 ( 1)
 120 Q   0.06639 0.93361 0.00000 0.00000 ( 2)
 121 I   0.99743 0.00257 0.00000 0.00000 ( 1)
 122 G   0.92591 0.07409 0.00000 0.00000 ( 1)
 123 V   0.96248 0.03752 0.00000 0.00000 ( 1)
 124 T   0.04439 0.95561 0.00000 0.00000 ( 2)
 125 G   0.01776 0.98224 0.00000 0.00000 ( 2)
 126 L   0.93821 0.06179 0.00000 0.00000 ( 1)
 127 S   0.02175 0.97825 0.00000 0.00000 ( 2)
 128 A   0.22796 0.77204 0.00000 0.00000 ( 2)
 129 G   0.97955 0.02045 0.00000 0.00000 ( 1)
 130 D   0.85291 0.14709 0.00000 0.00000 ( 1)
 131 K   0.93060 0.06940 0.00000 0.00000 ( 1)
 132 V   0.99722 0.00278 0.00000 0.00000 ( 1)
 133 Y   0.99856 0.00144 0.00000 0.00000 ( 1)
 134 I   0.89097 0.10903 0.00000 0.00000 ( 1)
 135 D   0.99452 0.00548 0.00000 0.00000 ( 1)
 136 K   0.87901 0.12099 0.00000 0.00000 ( 1)
 137 I   0.69841 0.30159 0.00000 0.00000 ( 1)
 138 E   0.99909 0.00091 0.00000 0.00000 ( 1)
 139 F   0.70970 0.29030 0.00000 0.00000 ( 1)
 140 I   0.98036 0.01964 0.00000 0.00000 ( 1)
 141 P   0.95829 0.04171 0.00000 0.00000 ( 1)


lnL = -1867.475500

Bayes Empirical Bayes (BEB) probabilities for 4 classes (class)
(amino acids refer to 1st sequence: BT_Cry3Aa10)

   1 -   0.70754 0.24821 0.03276 0.01150 ( 1)
   2 -   0.41431 0.49803 0.06423 0.02343 ( 2)
   3 -   0.95625 0.03421 0.00829 0.00125 ( 1)
   4 K   0.92187 0.03147 0.04575 0.00091 ( 1)
   5 I   0.97975 0.00439 0.01573 0.00013 ( 1)
   6 T   0.71249 0.19924 0.07868 0.00958 ( 1)
   7 Q   0.97609 0.01438 0.00928 0.00026 ( 1)
   8 L   0.97952 0.01287 0.00734 0.00027 ( 1)
   9 P   0.97432 0.01658 0.00880 0.00030 ( 1)
  10 L   0.66379 0.31387 0.01290 0.00945 ( 1)
  11 V   0.98946 0.00233 0.00814 0.00007 ( 1)
  12 K   0.98375 0.00592 0.01021 0.00013 ( 1)
  13 A   0.30270 0.64802 0.02379 0.02549 ( 2)
  14 Y   0.91377 0.06367 0.02077 0.00179 ( 1)
  15 K   0.79382 0.18427 0.01527 0.00665 ( 1)
  16 L   0.98617 0.00389 0.00986 0.00008 ( 1)
  17 Q   0.29620 0.68524 0.00269 0.01587 ( 2)
  18 S   0.82486 0.15438 0.01639 0.00437 ( 1)
  19 G   0.99246 0.00087 0.00666 0.00002 ( 1)
  20 A   0.95086 0.02994 0.01826 0.00094 ( 1)
  21 S   0.95442 0.02385 0.02107 0.00066 ( 1)
  22 V   0.98819 0.00219 0.00955 0.00007 ( 1)
  23 V   0.70533 0.24167 0.04417 0.00882 ( 1)
  24 A   0.04373 0.92731 0.00140 0.02756 ( 2)
  25 G   0.99246 0.00087 0.00666 0.00002 ( 1)
  26 P   0.99182 0.00098 0.00719 0.00002 ( 1)
  27 R   0.97853 0.01349 0.00771 0.00027 ( 1)
  28 F   0.99283 0.00070 0.00645 0.00001 ( 1)
  29 T   0.98827 0.00302 0.00862 0.00009 ( 1)
  30 G   0.98914 0.00260 0.00821 0.00005 ( 1)
  31 G   0.99108 0.00137 0.00753 0.00003 ( 1)
  32 D   0.98871 0.00428 0.00690 0.00012 ( 1)
  33 I   0.95696 0.03135 0.01059 0.00109 ( 1)
  34 I   0.64228 0.33874 0.01030 0.00868 ( 1)
  35 Q   0.85251 0.13698 0.00665 0.00386 ( 1)
  36 C   0.92823 0.06391 0.00641 0.00145 ( 1)
  37 T   0.96537 0.02240 0.01147 0.00077 ( 1)
  38 E   0.36569 0.60429 0.00865 0.02137 ( 2)
  39 N   0.33544 0.62704 0.01180 0.02573 ( 2)
  40 G   0.95389 0.02869 0.01666 0.00076 ( 1)
  41 S   0.05968 0.90076 0.00228 0.03728 ( 2)
  42 A   0.74621 0.22932 0.01639 0.00807 ( 1)
  43 A   0.68845 0.17619 0.12730 0.00806 ( 1)
  44 T   0.32453 0.64134 0.00746 0.02667 ( 2)
  45 I   0.64684 0.33625 0.00812 0.00879 ( 1)
  46 Y   0.02188 0.92487 0.00396 0.04929 ( 2)
  47 V   0.88089 0.02631 0.09183 0.00097 ( 1)
  48 T   0.14884 0.79611 0.01808 0.03697 ( 2)
  49 P   0.59530 0.37666 0.01450 0.01354 ( 1)
  50 -   0.68676 0.26898 0.03180 0.01246 ( 1)
  51 D   0.44917 0.41368 0.11637 0.02077 ( 1)
  52 V   0.01313 0.90998 0.00500 0.07189 ( 2)
  53 S   0.02664 0.92252 0.00501 0.04583 ( 2)
  54 Y   0.64566 0.33451 0.01107 0.00876 ( 1)
  55 S   0.82087 0.03028 0.14747 0.00138 ( 1)
  56 Q   0.82616 0.16118 0.00884 0.00382 ( 1)
  57 K   0.59139 0.35665 0.03539 0.01658 ( 1)
  58 H   0.98216 0.00995 0.00771 0.00019 ( 1)
  59 R   0.98859 0.00305 0.00831 0.00005 ( 1)
  60 A   0.94006 0.04893 0.00988 0.00113 ( 1)
  61 R   0.99271 0.00078 0.00649 0.00002 ( 1)
  62 I   0.98871 0.00270 0.00851 0.00008 ( 1)
  63 H   0.96351 0.02791 0.00813 0.00044 ( 1)
  64 Y   0.99008 0.00204 0.00784 0.00004 ( 1)
  65 A   0.99075 0.00165 0.00755 0.00004 ( 1)
  66 S   0.99045 0.00171 0.00780 0.00004 ( 1)
  67 T   0.82980 0.03675 0.13191 0.00154 ( 1)
  68 S   0.77552 0.21015 0.00848 0.00586 ( 1)
  69 Q   0.11158 0.85987 0.00162 0.02693 ( 2)
  70 I   0.34416 0.59360 0.03295 0.02930 ( 2)
  71 T   0.41374 0.55790 0.00781 0.02055 ( 2)
  72 F   0.98455 0.00211 0.01329 0.00005 ( 1)
  73 T   0.06793 0.90357 0.00135 0.02715 ( 2)
  74 L   0.12133 0.84749 0.00203 0.02915 ( 2)
  75 S   0.45064 0.51569 0.01144 0.02222 ( 2)
  76 L   0.14089 0.82226 0.01130 0.02555 ( 2)
  77 D   0.20319 0.76265 0.00540 0.02876 ( 2)
  78 G   0.98627 0.00359 0.01005 0.00009 ( 1)
  79 A   0.15031 0.71623 0.08843 0.04503 ( 2)
  80 P   0.01964 0.87946 0.02087 0.08003 ( 2)
  81 F   0.61684 0.36189 0.00983 0.01144 ( 1)
  82 N   0.98158 0.01109 0.00700 0.00032 ( 1)
  83 Q   0.38269 0.59679 0.00545 0.01507 ( 2)
  84 Y   0.08039 0.88671 0.00263 0.03028 ( 2)
  85 Y   0.04175 0.83485 0.03671 0.08669 ( 2)
  86 F   0.92453 0.06770 0.00629 0.00149 ( 1)
  87 D   0.66334 0.28684 0.04062 0.00920 ( 1)
  88 K   0.98021 0.00983 0.00969 0.00027 ( 1)
  89 T   0.98753 0.00315 0.00923 0.00009 ( 1)
  90 I   0.99157 0.00260 0.00579 0.00004 ( 1)
  91 N   0.79981 0.07429 0.12267 0.00323 ( 1)
  92 K   0.69659 0.14845 0.14578 0.00918 ( 1)
  93 G   0.99108 0.00137 0.00753 0.00003 ( 1)
  94 D   0.46570 0.44091 0.07099 0.02240 ( 1)
  95 T   0.31616 0.65955 0.00415 0.02014 ( 2)
  96 L   0.98617 0.00389 0.00986 0.00008 ( 1)
  97 T   0.98164 0.00806 0.01011 0.00019 ( 1)
  98 Y   0.97917 0.01114 0.00945 0.00024 ( 1)
  99 N   0.40300 0.51294 0.06441 0.01965 ( 2)
 100 S   0.60802 0.36695 0.01167 0.01335 ( 1)
 101 F   0.99283 0.00070 0.00645 0.00001 ( 1)
 102 N   0.84294 0.14654 0.00669 0.00384 ( 1)
 103 L   0.93798 0.05450 0.00630 0.00122 ( 1)
 104 A   0.99021 0.00189 0.00785 0.00005 ( 1)
 105 S   0.95721 0.02995 0.01207 0.00077 ( 1)
 106 F   0.98242 0.01076 0.00660 0.00023 ( 1)
 107 S   0.15690 0.81308 0.00305 0.02697 ( 2)
 108 T   0.94920 0.03430 0.01537 0.00113 ( 1)
 109 P   0.97890 0.01343 0.00740 0.00026 ( 1)
 110 F   0.97580 0.00908 0.01493 0.00019 ( 1)
 111 E   0.11241 0.84337 0.01035 0.03387 ( 2)
 112 L   0.98778 0.00557 0.00653 0.00012 ( 1)
 113 S   0.04282 0.90652 0.00625 0.04440 ( 2)
 114 G   0.57778 0.37686 0.03139 0.01396 ( 1)
 115 N   0.15132 0.78886 0.02104 0.03877 ( 2)
 116 N   0.09929 0.78577 0.06328 0.05166 ( 2)
 117 -   0.75539 0.22247 0.01525 0.00689 ( 1)
 118 -   0.51002 0.46857 0.00770 0.01371 ( 1)
 119 L   0.81702 0.05253 0.12815 0.00230 ( 1)
 120 Q   0.12504 0.80817 0.02936 0.03743 ( 2)
 121 I   0.98875 0.00290 0.00825 0.00009 ( 1)
 122 G   0.92789 0.05773 0.01291 0.00147 ( 1)
 123 V   0.95266 0.03088 0.01559 0.00087 ( 1)
 124 T   0.09561 0.85945 0.01029 0.03465 ( 2)
 125 G   0.04338 0.92624 0.00047 0.02991 ( 2)
 126 L   0.94150 0.04402 0.01342 0.00107 ( 1)
 127 S   0.04800 0.87663 0.02448 0.05090 ( 2)
 128 A   0.35408 0.62263 0.00566 0.01763 ( 2)
 129 G   0.85283 0.01535 0.13112 0.00070 ( 1)
 130 D   0.81751 0.09757 0.08182 0.00310 ( 1)
 131 K   0.93944 0.04997 0.00931 0.00128 ( 1)
 132 V   0.98891 0.00298 0.00803 0.00007 ( 1)
 133 Y   0.99069 0.00150 0.00778 0.00003 ( 1)
 134 I   0.90878 0.08061 0.00824 0.00237 ( 1)
 135 D   0.98156 0.00531 0.01303 0.00010 ( 1)
 136 K   0.88976 0.08626 0.02011 0.00387 ( 1)
 137 I   0.75853 0.22199 0.01198 0.00750 ( 1)
 138 E   0.99204 0.00101 0.00693 0.00002 ( 1)
 139 F   0.77040 0.20994 0.01303 0.00663 ( 1)
 140 I   0.96351 0.01854 0.01750 0.00046 ( 1)
 141 P   0.91829 0.03745 0.04253 0.00173 ( 1)

