Supplemental results for CODEML (seqf: algn  treef: tree)


dN/dS (w) for site classes (K=4)

site class             0        1       2a       2b
proportion       0.39231  0.50128  0.04671  0.05969
background w     0.10005  1.00000  0.10005  1.00000
foreground w     0.10005  1.00000 999.00000 999.00000

Naive Empirical Bayes (NEB) probabilities for 4 classes
(amino acids refer to 1st sequence: BT_Cry7Cb1)

   1 E   0.95599 0.03751 0.00599 0.00052 ( 1)
   2 T   0.97661 0.01747 0.00573 0.00019 ( 1)
   3 V   0.01612 0.98205 0.00003 0.00180 ( 2)
   4 T   0.79140 0.20175 0.00465 0.00220 ( 1)
   5 E   0.90497 0.09286 0.00192 0.00025 ( 1)
   6 L   0.96787 0.02974 0.00228 0.00010 ( 1)
   7 T   0.97661 0.01747 0.00573 0.00019 ( 1)
   8 R   0.99087 0.00624 0.00287 0.00003 ( 1)
   9 Q   0.95396 0.04239 0.00341 0.00025 ( 1)
  10 I   0.90620 0.08774 0.00503 0.00102 ( 1)
  11 F   0.28923 0.67967 0.02306 0.00805 ( 2)
  12 T   0.97947 0.01339 0.00693 0.00020 ( 1)
  13 D   0.97856 0.01784 0.00349 0.00010 ( 1)
  14 P   0.98700 0.01071 0.00225 0.00004 ( 1)
  15 I   0.62792 0.36701 0.00289 0.00218 ( 1)
  16 G   0.96043 0.03450 0.00473 0.00034 ( 1)
  17 L   0.42690 0.45574 0.08832 0.02904 ( 2)
  18 R   0.11296 0.78064 0.01345 0.09295 ( 2)
  19 G   0.62527 0.26833 0.07445 0.03195 ( 1)
  20 I   0.72743 0.16617 0.08662 0.01979 ( 1)
  21 N   0.74104 0.15256 0.08824 0.01817 ( 1)
  22 E   0.56509 0.32850 0.06729 0.03912 ( 1)
  23 S   0.10983 0.78376 0.01308 0.09333 ( 2)
  24 K   0.69209 0.20151 0.08241 0.02399 ( 1)
  25 Y   0.66812 0.22547 0.07956 0.02685 ( 1)
  26 P   0.98566 0.01030 0.00396 0.00007 ( 1)
  27 D   0.95545 0.04123 0.00313 0.00020 ( 1)
  28 W   0.97237 0.02697 0.00065 0.00002 ( 1)
  29 Y   0.64550 0.30083 0.02651 0.02716 ( 1)
  30 G   0.08010 0.89523 0.00301 0.02166 ( 2)
  31 A   0.00173 0.41300 0.01382 0.57145 ( 4)
  32 A   0.02508 0.94246 0.00641 0.02605 ( 2)
  33 S   0.73521 0.24574 0.01463 0.00442 ( 1)
  34 -   0.88955 0.10355 0.00547 0.00143 ( 1)
  35 -   0.74263 0.25351 0.00252 0.00134 ( 1)
  36 D   0.00014 0.72425 0.00225 0.27336 ( 2)
  37 S   0.01549 0.98326 0.00002 0.00123 ( 2)
  38 F   0.97478 0.02388 0.00130 0.00003 ( 1)
  39 S   0.01189 0.98543 0.00003 0.00265 ( 2)
  40 L   0.46785 0.52973 0.00100 0.00143 ( 2)
  41 I   0.98547 0.01012 0.00432 0.00009 ( 1)
  42 E   0.99080 0.00570 0.00347 0.00003 ( 1)
  43 N   0.92257 0.06568 0.00950 0.00225 ( 1)
  44 R   0.00385 0.97828 0.00008 0.01778 ( 2)
  45 A   0.83186 0.16556 0.00200 0.00059 ( 1)
  46 V   0.16171 0.75896 0.00566 0.07367 ( 2)
  47 P   0.23395 0.76004 0.00395 0.00206 ( 2)
  48 Q   0.01099 0.97824 0.00011 0.01067 ( 2)
  49 P   0.91234 0.08419 0.00290 0.00057 ( 1)
  50 S   0.00011 0.98725 0.00000 0.01264 ( 2)
  51 L   0.02341 0.80438 0.07715 0.09506 ( 2)
  52 F   0.78315 0.14783 0.06408 0.00494 ( 1)
  53 Q   0.66300 0.33141 0.00304 0.00255 ( 1)
  54 W   0.02562 0.86649 0.02501 0.08288 ( 2)
  55 L   0.93013 0.06883 0.00097 0.00008 ( 1)
  56 T   0.00109 0.22392 0.05448 0.72052 ( 4)
  57 E   0.01508 0.94507 0.00060 0.03925 ( 2)
  58 F   0.75011 0.24727 0.00175 0.00087 ( 1)
  59 K   0.00033 0.37861 0.00807 0.61298 ( 4)
  60 V   0.00099 0.02703 0.92801 0.04397 ( 3)
  61 Y   0.00019 0.98435 0.00001 0.01545 ( 2)
  62 T   0.01486 0.74169 0.01516 0.22830 ( 2)
  63 K   0.16871 0.82480 0.00052 0.00597 ( 2)
  64 Y   0.00006 0.98642 0.00000 0.01352 ( 2)
  65 V   0.72295 0.26491 0.00655 0.00560 ( 1)
  66 E   0.00027 0.99586 0.00000 0.00387 ( 2)
  67 P   0.13508 0.85913 0.00076 0.00504 ( 2)
  68 N   0.01833 0.93347 0.00175 0.04646 ( 2)
  69 D   0.06263 0.93170 0.00035 0.00532 ( 2)
  70 K   0.00912 0.98933 0.00002 0.00153 ( 2)
  71 L   0.00003 0.75683 0.00015 0.24299 ( 2)
  72 T   0.01184 0.77335 0.00157 0.21325 ( 2)
  73 I   0.77805 0.11555 0.09264 0.01376 ( 1)
  74 L   0.04855 0.84505 0.00578 0.10062 ( 2)
  75 A   0.00690 0.97546 0.00006 0.01758 ( 2)
  76 G   0.02622 0.94524 0.00679 0.02175 ( 2)
  77 H   0.00665 0.96188 0.00024 0.03124 ( 2)
  78 S   0.34619 0.39700 0.24300 0.01381 ( 2)
  79 V   0.45265 0.52657 0.00501 0.01578 ( 2)
  80 T   0.06650 0.92887 0.00020 0.00443 ( 2)
  81 T   0.97835 0.01276 0.00868 0.00021 ( 1)
  82 Q   0.00029 0.24281 0.00049 0.75641 ( 4)
  83 Y   0.12200 0.87104 0.00062 0.00634 ( 2)
  84 T   0.11635 0.83763 0.00229 0.04372 ( 2)
  85 S   0.00063 0.88709 0.00047 0.11181 ( 2)
  86 Y   0.00188 0.97369 0.00012 0.02432 ( 2)
  87 Y   0.06281 0.92408 0.00039 0.01271 ( 2)
  88 K   0.00055 0.93083 0.00089 0.06772 ( 2)
  89 K   0.00215 0.73482 0.01263 0.25040 ( 2)
  90 -   0.00086 0.08596 0.40145 0.51173 ( 4)
  91 -   0.04029 0.93135 0.00074 0.02762 ( 2)
  92 -   0.04387 0.91328 0.00839 0.03446 ( 2)
  93 -   0.00121 0.38521 0.02059 0.59299 ( 4)
  94 -   0.00119 0.93781 0.00061 0.06039 ( 2)
  95 -   0.00218 0.12385 0.65364 0.22033 ( 3)
  96 -   0.04928 0.92340 0.00090 0.02642 ( 2)
  97 -   0.22659 0.75840 0.00214 0.01288 ( 2)
  98 -   0.57343 0.42588 0.00038 0.00031 ( 1)
  99 -   0.73041 0.26734 0.00154 0.00072 ( 1)
 100 -   0.65521 0.29588 0.03264 0.01626 ( 1)
 101 -   0.24389 0.74598 0.00159 0.00855 ( 2)
 102 -   0.84018 0.15672 0.00239 0.00071 ( 1)
 103 -   0.20875 0.57452 0.17192 0.04480 ( 2)
 104 -   0.84018 0.15672 0.00239 0.00071 ( 1)
 105 -   0.00134 0.57795 0.00800 0.41271 ( 2)
 106 -   0.03811 0.93529 0.00068 0.02593 ( 2)
 107 -   0.22478 0.76855 0.00128 0.00539 ( 2)
 108 -   0.00235 0.86983 0.00184 0.12599 ( 2)
 109 -   0.26690 0.71761 0.00276 0.01273 ( 2)
 110 -   0.00002 0.18561 0.00877 0.80559 ( 4)
 111 -   0.69724 0.29719 0.00344 0.00213 ( 1)
 112 -   0.07321 0.80239 0.06776 0.05664 ( 2)
 113 -   0.00097 0.44085 0.00973 0.54844 ( 4)
 114 -   0.24138 0.65789 0.07969 0.02103 ( 2)
 115 -   0.15448 0.58203 0.18339 0.08010 ( 2)
 116 -   0.05967 0.91756 0.00100 0.02177 ( 2)
 117 -   0.00006 0.00497 0.78692 0.20805 ( 3)
 118 S   0.05783 0.89410 0.01170 0.03637 ( 2)
 119 T   0.94440 0.05135 0.00386 0.00038 ( 1)
 120 F   0.94352 0.05244 0.00353 0.00052 ( 1)
 121 T   0.52140 0.46534 0.00386 0.00940 ( 1)
 122 Y   0.11689 0.87956 0.00037 0.00317 ( 2)
 123 G   0.53843 0.44537 0.00861 0.00759 ( 1)
 124 D   0.09683 0.89832 0.00035 0.00450 ( 2)
 125 T   0.04410 0.94729 0.00019 0.00842 ( 2)
 126 S   0.81880 0.17750 0.00276 0.00094 ( 1)
 127 S   0.00416 0.67195 0.00757 0.31632 ( 2)
 128 A   0.07557 0.92317 0.00008 0.00117 ( 2)
 129 N   0.42006 0.57503 0.00153 0.00338 ( 2)
 130 S   0.05736 0.85031 0.03579 0.05654 ( 2)
 131 S   0.03577 0.95675 0.00016 0.00731 ( 2)
 132 R   0.00516 0.98793 0.00002 0.00689 ( 2)
 133 T   0.18266 0.81310 0.00087 0.00337 ( 2)
 134 F   0.26552 0.71499 0.00524 0.01425 ( 2)
 135 D   0.29841 0.61274 0.06226 0.02659 ( 2)
 136 L   0.01896 0.90475 0.00115 0.07515 ( 2)
 137 L   0.97021 0.02523 0.00441 0.00014 ( 1)
 138 A   0.82346 0.17270 0.00281 0.00103 ( 1)
 139 K   0.86075 0.12106 0.01619 0.00200 ( 1)
 140 D   0.05931 0.93604 0.00019 0.00446 ( 2)
 141 V   0.14957 0.84783 0.00032 0.00228 ( 2)
 142 Y   0.23466 0.76152 0.00069 0.00314 ( 2)
 143 Q   0.00655 0.92766 0.00050 0.06529 ( 2)
 144 V   0.00055 0.92647 0.00010 0.07289 ( 2)
 145 D   0.78051 0.21553 0.00267 0.00129 ( 1)
 146 S   0.00909 0.98843 0.00002 0.00246 ( 2)
 147 V   0.00015 0.77146 0.00100 0.22740 ( 2)
 148 A   0.91237 0.05894 0.02634 0.00234 ( 1)
 149 A   0.00000 0.04321 0.01845 0.93834 ( 4)
 150 A   0.05612 0.90583 0.00104 0.03702 ( 2)
 151 S   0.00664 0.91649 0.00031 0.07656 ( 2)
 152 K   0.92196 0.07579 0.00201 0.00023 ( 1)
 153 S   0.10116 0.89183 0.00048 0.00654 ( 2)
 154 A   0.24254 0.55942 0.12680 0.07124 ( 2)
 155 T   0.72897 0.23275 0.02093 0.01735 ( 1)
 156 W   0.00572 0.50017 0.05197 0.44214 ( 2)
 157 Y   0.66812 0.22547 0.07956 0.02685 ( 1)
 158 L   0.00912 0.88448 0.00109 0.10532 ( 2)
 159 A   0.56741 0.32619 0.06756 0.03884 ( 1)
 160 V   0.66099 0.23260 0.07871 0.02770 ( 1)
 161 P   0.67666 0.21693 0.08057 0.02583 ( 1)
 162 E   0.00033 0.89327 0.00004 0.10636 ( 2)
 163 M   0.00041 0.86162 0.00055 0.13742 ( 2)
 164 R   0.01054 0.89682 0.02088 0.07176 ( 2)
 165 L   0.00384 0.83932 0.00661 0.15023 ( 2)
 166 Y   0.24150 0.18513 0.45743 0.11594 ( 3)
 167 S   0.00822 0.96550 0.00016 0.02613 ( 2)
 168 I   0.06809 0.92014 0.00128 0.01049 ( 2)
 169 N   0.26302 0.72562 0.00321 0.00814 ( 2)
 170 T   0.00421 0.96953 0.00011 0.02615 ( 2)
 171 N   0.00563 0.90529 0.00015 0.08894 ( 2)
 172 N   0.00092 0.01711 0.90062 0.08135 ( 3)
 173 I   0.00002 0.63497 0.00017 0.36484 ( 2)
 174 L   0.16795 0.76190 0.04617 0.02398 ( 2)
 175 S   0.33710 0.58912 0.01787 0.05591 ( 2)
 176 E   0.86480 0.12682 0.00644 0.00194 ( 1)
 177 D   0.21380 0.67979 0.02546 0.08095 ( 2)
 178 Y   0.01433 0.87927 0.00171 0.10470 ( 2)
 179 F   0.66053 0.23306 0.07865 0.02775 ( 1)
 180 S   0.41421 0.57305 0.00227 0.01048 ( 2)
 181 L   0.12258 0.86050 0.00153 0.01539 ( 2)
 182 S   0.00038 0.93724 0.00003 0.06234 ( 2)
 183 T   0.64418 0.35030 0.00285 0.00267 ( 1)
 184 N   0.66449 0.32474 0.00525 0.00552 ( 1)
 185 I   0.98547 0.01012 0.00432 0.00009 ( 1)
 186 P   0.92878 0.01217 0.05812 0.00093 ( 1)
 187 S   0.60977 0.38769 0.00136 0.00118 ( 1)
 188 S   0.18013 0.74622 0.04040 0.03326 ( 2)
 189 K   0.00930 0.08844 0.83878 0.06348 ( 3)
 190 M   0.00031 0.99469 0.00000 0.00500 ( 2)
 191 R   0.09232 0.85710 0.01638 0.03421 ( 2)
 192 R   0.01233 0.96600 0.00021 0.02146 ( 2)
 193 M   0.05648 0.93350 0.00051 0.00950 ( 2)
 194 Y   0.64443 0.32664 0.01574 0.01319 ( 1)
 195 S   0.17285 0.36222 0.43346 0.03147 ( 3)
 196 S   0.75986 0.23612 0.00284 0.00119 ( 1)
 197 E   0.95030 0.04523 0.00407 0.00040 ( 1)
 198 E   0.14167 0.75192 0.01687 0.08953 ( 2)
 199 L   0.58683 0.30677 0.06988 0.03653 ( 1)
 200 P   0.48513 0.40846 0.05777 0.04864 ( 1)
 201 I   0.70256 0.19104 0.08366 0.02275 ( 1)
 202 G   0.19074 0.70286 0.02271 0.08369 ( 2)
 203 I   0.02243 0.87116 0.00267 0.10373 ( 2)
 204 S   0.08864 0.80496 0.01055 0.09585 ( 2)
 205 D   0.68679 0.20680 0.08178 0.02462 ( 1)
 206 T   0.00193 0.89166 0.00023 0.10617 ( 2)
 207 P   0.67666 0.21693 0.08057 0.02583 ( 1)
 208 I   0.72743 0.16617 0.08662 0.01979 ( 1)
 209 Y   0.66812 0.22547 0.07956 0.02685 ( 1)
 210 G   0.62527 0.26833 0.07445 0.03195 ( 1)
 211 D   0.73227 0.16133 0.08719 0.01921 ( 1)
 212 L   0.41215 0.48145 0.04908 0.05733 ( 2)
 213 E   0.54155 0.35205 0.06448 0.04192 ( 1)
 214 E   0.67689 0.21671 0.08060 0.02580 ( 1)
 215 Y   0.98991 0.00622 0.00383 0.00004 ( 1)
 216 S   0.38955 0.60747 0.00110 0.00187 ( 2)
 217 H   0.99391 0.00353 0.00254 0.00001 ( 1)
 218 R   0.98487 0.01221 0.00285 0.00006 ( 1)
 219 L   0.97212 0.02577 0.00204 0.00007 ( 1)
 220 S   0.88184 0.11334 0.00395 0.00087 ( 1)
 221 F   0.28043 0.71796 0.00042 0.00118 ( 2)
 222 I   0.82354 0.17130 0.00370 0.00146 ( 1)
 223 S   0.40603 0.56905 0.00578 0.01913 ( 2)
 224 E   0.52884 0.46686 0.00196 0.00234 ( 1)
 225 I   0.96592 0.02336 0.01021 0.00051 ( 1)
 226 M   0.15085 0.84437 0.00055 0.00422 ( 2)
 227 H   0.00407 0.98254 0.00002 0.01337 ( 2)
 228 N   0.00414 0.98798 0.00002 0.00786 ( 2)
 229 S   0.61992 0.37762 0.00144 0.00102 ( 1)
 230 G   0.00010 0.21721 0.02281 0.75988 ( 4)
 231 S   0.00199 0.06324 0.85915 0.07563 ( 3)
 232 V   0.39231 0.50128 0.04671 0.05969 ( 2)
 233 T   0.39231 0.50128 0.04671 0.05969 ( 2)
 234 G   0.39231 0.50128 0.04671 0.05969 ( 2)
 235 S   0.39231 0.50128 0.04671 0.05969 ( 2)
 236 N   0.39231 0.50128 0.04671 0.05969 ( 2)
 237 N   0.73705 0.25799 0.00309 0.00187 ( 1)
 238 I   0.78772 0.20694 0.00351 0.00183 ( 1)
 239 K   0.92481 0.07213 0.00272 0.00034 ( 1)
 240 G   0.60361 0.39385 0.00147 0.00107 ( 1)
 241 I   0.73280 0.25910 0.00454 0.00357 ( 1)
 242 I   0.98724 0.00718 0.00550 0.00009 ( 1)
 243 P   0.20120 0.79543 0.00059 0.00278 ( 2)
 244 V   0.93100 0.06476 0.00379 0.00045 ( 1)
 245 L   0.76158 0.23384 0.00308 0.00150 ( 1)
 246 G   0.98555 0.01233 0.00208 0.00004 ( 1)
 247 W   0.97237 0.02697 0.00065 0.00002 ( 1)
 248 T   0.89635 0.03347 0.06655 0.00362 ( 1)
 249 H   0.99391 0.00353 0.00254 0.00001 ( 1)
 250 T   0.00497 0.91714 0.00159 0.07630 ( 2)
 251 S   0.90806 0.07024 0.01358 0.00813 ( 1)


lnL = -3452.165989

Bayes Empirical Bayes (BEB) probabilities for 4 classes (class)
(amino acids refer to 1st sequence: BT_Cry7Cb1)

   1 E   0.77623 0.02601 0.18994 0.00781 ( 1)
   2 T   0.75790 0.01858 0.21727 0.00625 ( 1)
   3 V   0.04243 0.67897 0.01619 0.26241 ( 2)
   4 T   0.62454 0.14699 0.17935 0.04913 ( 1)
   5 E   0.68017 0.06132 0.23663 0.02188 ( 1)
   6 L   0.74287 0.02753 0.22082 0.00878 ( 1)
   7 T   0.75790 0.01858 0.21727 0.00625 ( 1)
   8 R   0.76904 0.00724 0.22143 0.00229 ( 1)
   9 Q   0.74459 0.03109 0.21450 0.00982 ( 1)
  10 I   0.70311 0.06958 0.20353 0.02378 ( 1)
  11 F   0.28078 0.37324 0.17396 0.17201 ( 2)
  12 T   0.77758 0.01499 0.20251 0.00492 ( 1)
  13 D   0.76116 0.01506 0.21900 0.00478 ( 1)
  14 P   0.74917 0.01145 0.23554 0.00384 ( 1)
  15 I   0.54803 0.21184 0.17074 0.06939 ( 1)
  16 G   0.76428 0.02669 0.20082 0.00820 ( 1)
  17 L   0.27763 0.18401 0.44581 0.09254 ( 3)
  18 R   0.13585 0.53813 0.06672 0.25930 ( 2)
  19 G   0.48952 0.18446 0.23783 0.08819 ( 1)
  20 I   0.55729 0.11669 0.27030 0.05572 ( 1)
  21 N   0.56637 0.10761 0.27464 0.05138 ( 1)
  22 E   0.44889 0.22509 0.21830 0.10772 ( 1)
  23 S   0.13262 0.54136 0.06513 0.26089 ( 2)
  24 K   0.53383 0.14014 0.25907 0.06695 ( 1)
  25 Y   0.51802 0.15596 0.25150 0.07452 ( 1)
  26 P   0.76440 0.01169 0.22026 0.00366 ( 1)
  27 D   0.72560 0.03085 0.23316 0.01039 ( 1)
  28 W   0.68484 0.01956 0.28737 0.00823 ( 1)
  29 Y   0.58484 0.17813 0.17948 0.05755 ( 1)
  30 G   0.16036 0.55400 0.07647 0.20917 ( 2)
  31 A   0.00984 0.58706 0.01141 0.39169 ( 2)
  32 A   0.06015 0.56994 0.10203 0.26788 ( 2)
  33 S   0.57929 0.12242 0.24665 0.05165 ( 1)
  34 -   0.71929 0.08066 0.17551 0.02454 ( 1)
  35 -   0.58099 0.17651 0.18362 0.05887 ( 1)
  36 D   0.00059 0.47915 0.01013 0.51014 ( 4)
  37 S   0.03640 0.66773 0.01530 0.28056 ( 2)
  38 F   0.69135 0.02141 0.27850 0.00874 ( 1)
  39 S   0.03461 0.69963 0.01222 0.25354 ( 2)
  40 L   0.39627 0.34198 0.13875 0.12300 ( 1)
  41 I   0.77511 0.01168 0.20950 0.00371 ( 1)
  42 E   0.77006 0.00670 0.22110 0.00214 ( 1)
  43 N   0.71946 0.05512 0.20329 0.02213 ( 1)
  44 R   0.01708 0.72087 0.00672 0.25533 ( 2)
  45 A   0.67701 0.09169 0.20265 0.02864 ( 1)
  46 V   0.21775 0.47916 0.08990 0.21320 ( 2)
  47 P   0.25339 0.43498 0.11774 0.19389 ( 2)
  48 Q   0.03323 0.68461 0.01333 0.26884 ( 2)
  49 P   0.70465 0.06527 0.20837 0.02171 ( 1)
  50 S   0.00076 0.71592 0.00032 0.28299 ( 2)
  51 L   0.02489 0.36713 0.31074 0.29725 ( 2)
  52 F   0.41682 0.07494 0.47131 0.03693 ( 3)
  53 Q   0.59488 0.17756 0.17146 0.05611 ( 1)
  54 W   0.05279 0.50771 0.15089 0.28861 ( 2)
  55 L   0.64282 0.05379 0.27995 0.02345 ( 1)
  56 T   0.01344 0.54552 0.06078 0.38026 ( 2)
  57 E   0.03975 0.66144 0.01621 0.28261 ( 2)
  58 F   0.61690 0.15101 0.18452 0.04757 ( 1)
  59 K   0.00242 0.46713 0.01598 0.51447 ( 4)
  60 V   0.00800 0.09113 0.76784 0.13303 ( 3)
  61 Y   0.00140 0.74057 0.00057 0.25746 ( 2)
  62 T   0.02577 0.51501 0.06476 0.39447 ( 2)
  63 K   0.24542 0.51683 0.07107 0.16668 ( 2)
  64 Y   0.00042 0.72641 0.00015 0.27302 ( 2)
  65 V   0.58622 0.15775 0.19343 0.06259 ( 1)
  66 E   0.00149 0.70116 0.00065 0.29669 ( 2)
  67 P   0.19886 0.50855 0.08178 0.21080 ( 2)
  68 N   0.04786 0.64299 0.02489 0.28426 ( 2)
  69 D   0.10081 0.59351 0.04449 0.26119 ( 2)
  70 K   0.02098 0.67569 0.00917 0.29416 ( 2)
  71 L   0.00021 0.54561 0.00110 0.45308 ( 2)
  72 T   0.03359 0.66187 0.01309 0.29145 ( 2)
  73 I   0.58765 0.08633 0.28483 0.04119 ( 1)
  74 L   0.09789 0.57609 0.04819 0.27783 ( 2)
  75 A   0.01993 0.72469 0.00620 0.24919 ( 2)
  76 G   0.05469 0.53744 0.12298 0.28489 ( 2)
  77 H   0.02044 0.65923 0.01017 0.31016 ( 2)
  78 S   0.16484 0.09849 0.68912 0.04755 ( 3)
  79 V   0.43010 0.30125 0.15206 0.11659 ( 1)
  80 T   0.15485 0.60777 0.04534 0.19204 ( 2)
  81 T   0.76262 0.01402 0.21867 0.00469 ( 1)
  82 Q   0.00279 0.53381 0.00164 0.46176 ( 2)
  83 Y   0.18679 0.50230 0.08460 0.22632 ( 2)
  84 T   0.17044 0.50857 0.07278 0.24821 ( 2)
  85 S   0.00277 0.57647 0.00632 0.41444 ( 2)
  86 Y   0.00766 0.70786 0.00408 0.28039 ( 2)
  87 Y   0.14707 0.62610 0.03620 0.19063 ( 2)
  88 K   0.00229 0.64205 0.00748 0.34818 ( 2)
  89 K   0.00789 0.53855 0.03568 0.41788 ( 2)
  90 -   0.01453 0.54569 0.05351 0.38627 ( 2)
  91 -   0.06879 0.65132 0.02347 0.25642 ( 2)
  92 -   0.06607 0.56829 0.09390 0.27174 ( 2)
  93 -   0.00723 0.61596 0.01106 0.36575 ( 2)
  94 -   0.00304 0.60561 0.00597 0.38538 ( 2)
  95 -   0.01386 0.30616 0.40884 0.27113 ( 3)
  96 -   0.08230 0.64212 0.02753 0.24805 ( 2)
  97 -   0.24835 0.50099 0.07797 0.17269 ( 2)
  98 -   0.43144 0.27182 0.18204 0.11471 ( 1)
  99 -   0.55901 0.18112 0.19480 0.06507 ( 1)
 100 -   0.50698 0.20120 0.20824 0.08357 ( 1)
 101 -   0.26191 0.48642 0.08101 0.17066 ( 2)
 102 -   0.66017 0.11370 0.19056 0.03556 ( 1)
 103 -   0.14683 0.25656 0.45729 0.13932 ( 3)
 104 -   0.66017 0.11370 0.19056 0.03556 ( 1)
 105 -   0.00474 0.54106 0.01685 0.43736 ( 2)
 106 -   0.06524 0.65155 0.02375 0.25946 ( 2)
 107 -   0.23725 0.48740 0.08860 0.18675 ( 2)
 108 -   0.00659 0.64494 0.00922 0.33925 ( 2)
 109 -   0.27544 0.45551 0.09315 0.17590 ( 2)
 110 -   0.00029 0.44949 0.00529 0.54493 ( 4)
 111 -   0.53777 0.20128 0.18817 0.07278 ( 1)
 112 -   0.06003 0.36957 0.27686 0.29354 ( 2)
 113 -   0.00551 0.65096 0.00582 0.33771 ( 2)
 114 -   0.15300 0.25883 0.45356 0.13461 ( 3)
 115 -   0.11441 0.26366 0.43434 0.18759 ( 3)
 116 -   0.09623 0.62345 0.03512 0.24519 ( 2)
 117 -   0.00976 0.30986 0.29825 0.38214 ( 4)
 118 S   0.07573 0.52068 0.15001 0.25358 ( 2)
 119 T   0.75376 0.03394 0.20214 0.01016 ( 1)
 120 F   0.73750 0.04527 0.20258 0.01464 ( 1)
 121 T   0.47149 0.30491 0.12139 0.10221 ( 1)
 122 Y   0.18089 0.52057 0.07682 0.22172 ( 2)
 123 G   0.53475 0.22205 0.17133 0.07187 ( 1)
 124 D   0.15654 0.57954 0.05385 0.21006 ( 2)
 125 T   0.10614 0.64176 0.03249 0.21961 ( 2)
 126 S   0.67172 0.09822 0.19905 0.03102 ( 1)
 127 S   0.01026 0.48754 0.02785 0.47436 ( 2)
 128 A   0.14043 0.58193 0.05352 0.22411 ( 2)
 129 N   0.47315 0.29574 0.13792 0.09320 ( 1)
 130 S   0.08026 0.46009 0.22244 0.23721 ( 2)
 131 S   0.09339 0.66558 0.02702 0.21401 ( 2)
 132 R   0.01802 0.75918 0.00455 0.21825 ( 2)
 133 T   0.27284 0.45899 0.10006 0.16810 ( 2)
 134 F   0.31699 0.37892 0.13777 0.16632 ( 2)
 135 D   0.16988 0.20682 0.44846 0.17483 ( 3)
 136 L   0.03428 0.59061 0.02846 0.34665 ( 2)
 137 L   0.71912 0.02351 0.24881 0.00855 ( 1)
 138 A   0.67593 0.10794 0.18387 0.03226 ( 1)
 139 K   0.64445 0.06543 0.26355 0.02656 ( 1)
 140 D   0.09644 0.59774 0.04244 0.26337 ( 2)
 141 V   0.23850 0.49799 0.08403 0.17948 ( 2)
 142 Y   0.30488 0.42310 0.11145 0.16058 ( 2)
 143 Q   0.02183 0.67095 0.00966 0.29756 ( 2)
 144 V   0.00200 0.62500 0.00269 0.37031 ( 2)
 145 D   0.65360 0.12983 0.17779 0.03879 ( 1)
 146 S   0.02219 0.68002 0.00945 0.28835 ( 2)
 147 V   0.00078 0.55791 0.00437 0.43693 ( 2)
 148 A   0.72014 0.04666 0.21810 0.01510 ( 1)
 149 A   0.00016 0.30256 0.01917 0.67811 ( 4)
 150 A   0.09080 0.63759 0.02976 0.24185 ( 2)
 151 S   0.02300 0.66949 0.01002 0.29749 ( 2)
 152 K   0.71096 0.04489 0.22924 0.01491 ( 1)
 153 S   0.14412 0.57163 0.05585 0.22841 ( 2)
 154 A   0.17233 0.25585 0.40517 0.16664 ( 3)
 155 T   0.60981 0.14660 0.18673 0.05686 ( 1)
 156 W   0.02237 0.57507 0.05244 0.35011 ( 2)
 157 Y   0.51802 0.15596 0.25150 0.07452 ( 1)
 158 L   0.01799 0.65599 0.00886 0.31716 ( 2)
 159 A   0.45026 0.22372 0.21896 0.10706 ( 1)
 160 V   0.51299 0.16099 0.24908 0.07694 ( 1)
 161 P   0.52387 0.15011 0.25430 0.07172 ( 1)
 162 E   0.00134 0.67264 0.00066 0.32536 ( 2)
 163 M   0.00201 0.62911 0.00404 0.36484 ( 2)
 164 R   0.02020 0.51782 0.13082 0.33115 ( 2)
 165 L   0.01109 0.56978 0.02067 0.39846 ( 2)
 166 Y   0.33947 0.17167 0.38180 0.10706 ( 3)
 167 S   0.02115 0.69999 0.00757 0.27129 ( 2)
 168 I   0.11395 0.60247 0.04557 0.23801 ( 2)
 169 N   0.34319 0.38268 0.12930 0.14483 ( 2)
 170 T   0.01238 0.69306 0.00511 0.28945 ( 2)
 171 N   0.01646 0.70958 0.00463 0.26934 ( 2)
 172 N   0.00941 0.05849 0.84396 0.08815 ( 3)
 173 I   0.00015 0.51736 0.00111 0.48138 ( 2)
 174 L   0.13954 0.30591 0.39456 0.15998 ( 3)
 175 S   0.34812 0.38379 0.12188 0.14621 ( 2)
 176 E   0.71400 0.07423 0.18800 0.02376 ( 1)
 177 D   0.22958 0.44440 0.11254 0.21348 ( 2)
 178 Y   0.02738 0.64660 0.01349 0.31254 ( 2)
 179 F   0.51279 0.16119 0.24899 0.07703 ( 1)
 180 S   0.39658 0.35674 0.11783 0.12885 ( 1)
 181 L   0.18252 0.53798 0.06735 0.21215 ( 2)
 182 S   0.00168 0.74031 0.00057 0.25745 ( 2)
 183 T   0.56849 0.20380 0.16306 0.06465 ( 1)
 184 N   0.56704 0.21022 0.15388 0.06886 ( 1)
 185 I   0.77511 0.01168 0.20950 0.00371 ( 1)
 186 P   0.69104 0.01217 0.29158 0.00521 ( 1)
 187 S   0.55171 0.20208 0.17858 0.06764 ( 1)
 188 S   0.19286 0.34673 0.28924 0.17117 ( 2)
 189 K   0.02022 0.10134 0.76447 0.11397 ( 3)
 190 M   0.00165 0.73162 0.00057 0.26616 ( 2)
 191 R   0.11480 0.41893 0.22928 0.23698 ( 2)
 192 R   0.03117 0.70702 0.00979 0.25202 ( 2)
 193 M   0.10100 0.62804 0.03604 0.23492 ( 2)
 194 Y   0.59535 0.18776 0.16114 0.05575 ( 1)
 195 S   0.10783 0.11437 0.71394 0.06386 ( 3)
 196 S   0.62151 0.12265 0.21235 0.04350 ( 1)
 197 E   0.75801 0.04065 0.18939 0.01196 ( 1)
 198 E   0.16475 0.50923 0.08087 0.24515 ( 2)
 199 L   0.46362 0.21035 0.22539 0.10063 ( 1)
 200 P   0.39429 0.27969 0.19200 0.13402 ( 1)
 201 I   0.54081 0.13317 0.26241 0.06361 ( 1)
 202 G   0.21031 0.46367 0.10313 0.22289 ( 2)
 203 I   0.03599 0.63799 0.01772 0.30830 ( 2)
 204 S   0.11039 0.56359 0.05424 0.27178 ( 2)
 205 D   0.53012 0.14386 0.25729 0.06873 ( 1)
 206 T   0.00556 0.66842 0.00274 0.32328 ( 2)
 207 P   0.52387 0.15011 0.25430 0.07172 ( 1)
 208 I   0.55729 0.11669 0.27030 0.05572 ( 1)
 209 Y   0.51802 0.15596 0.25150 0.07452 ( 1)
 210 G   0.48952 0.18446 0.23783 0.08819 ( 1)
 211 D   0.56078 0.11320 0.27197 0.05405 ( 1)
 212 L   0.33681 0.33717 0.16417 0.16186 ( 2)
 213 E   0.43305 0.24093 0.21068 0.11534 ( 1)
 214 E   0.52389 0.15009 0.25431 0.07171 ( 1)
 215 Y   0.76637 0.00704 0.22431 0.00228 ( 1)
 216 S   0.36239 0.34108 0.15304 0.14349 ( 1)
 217 H   0.77618 0.00441 0.21805 0.00136 ( 1)
 218 R   0.76309 0.01311 0.21966 0.00414 ( 1)
 219 L   0.71012 0.02313 0.25808 0.00867 ( 1)
 220 S   0.71249 0.06326 0.20444 0.01982 ( 1)
 221 F   0.28680 0.41586 0.12160 0.17575 ( 2)
 222 I   0.67369 0.10916 0.18307 0.03408 ( 1)
 223 S   0.41773 0.34889 0.11126 0.12212 ( 1)
 224 E   0.50231 0.23951 0.17253 0.08565 ( 1)
 225 I   0.77118 0.02042 0.20199 0.00641 ( 1)
 226 M   0.21489 0.52230 0.07383 0.18898 ( 2)
 227 H   0.01597 0.72433 0.00495 0.25475 ( 2)
 228 N   0.01572 0.72376 0.00531 0.25521 ( 2)
 229 S   0.46762 0.24705 0.18583 0.09950 ( 1)
 230 G   0.00103 0.40023 0.02665 0.57210 ( 4)
 231 S   0.01108 0.10573 0.76082 0.12237 ( 3)
 232 V   0.32885 0.34513 0.16038 0.16564 ( 2)
 233 T   0.32885 0.34513 0.16038 0.16564 ( 2)
 234 G   0.32885 0.34513 0.16038 0.16564 ( 2)
 235 S   0.32885 0.34513 0.16038 0.16564 ( 2)
 236 N   0.32885 0.34513 0.16038 0.16564 ( 2)
 237 N   0.61550 0.15650 0.17922 0.04878 ( 1)
 238 I   0.66914 0.12554 0.16891 0.03642 ( 1)
 239 K   0.71830 0.05641 0.20758 0.01771 ( 1)
 240 G   0.51223 0.20266 0.20429 0.08082 ( 1)
 241 I   0.64149 0.15493 0.15700 0.04659 ( 1)
 242 I   0.78926 0.00874 0.19929 0.00271 ( 1)
 243 P   0.30969 0.44918 0.09634 0.14479 ( 2)
 244 V   0.72466 0.04914 0.21037 0.01583 ( 1)
 245 L   0.63857 0.13101 0.18870 0.04173 ( 1)
 246 G   0.74431 0.01275 0.23860 0.00433 ( 1)
 247 W   0.68484 0.01956 0.28737 0.00823 ( 1)
 248 T   0.74970 0.03659 0.20249 0.01122 ( 1)
 249 H   0.77618 0.00441 0.21805 0.00136 ( 1)
 250 T   0.01180 0.63353 0.01509 0.33958 ( 2)
 251 S   0.67618 0.07179 0.21718 0.03485 ( 1)

