Supplemental results for CODEML (seqf: algn  treef: tree)


dN/dS (w) for site classes (K=4)

site class             0        1       2a       2b
proportion       0.58360  0.30129  0.07592  0.03919
background w     0.19518  1.00000  0.19518  1.00000
foreground w     0.19518  1.00000  1.00000  1.00000

Naive Empirical Bayes (NEB) probabilities for 4 classes
(amino acids refer to 1st sequence: BT_Cry1A-like)

   1 W   0.67916 0.21763 0.07489 0.02831 ( 1)
   2 -   0.96666 0.00033 0.03297 0.00004 ( 1)
   3 -   0.35523 0.36310 0.23443 0.04724 ( 2)
   4 -   0.76028 0.17709 0.03959 0.02304 ( 1)
   5 -   0.97881 0.00163 0.01935 0.00021 ( 1)
   6 -   0.96621 0.00226 0.03125 0.00029 ( 1)
   7 -   0.97027 0.00030 0.02939 0.00004 ( 1)
   8 -   0.96412 0.00701 0.02796 0.00091 ( 1)
   9 -   0.98143 0.00012 0.01843 0.00002 ( 1)
  10 -   0.97323 0.00009 0.02666 0.00001 ( 1)
  11 -   0.97718 0.00422 0.01805 0.00055 ( 1)
  12 -   0.97006 0.00042 0.02946 0.00005 ( 1)
  13 -   0.54765 0.33968 0.06847 0.04419 ( 1)
  14 -   0.88080 0.00188 0.11708 0.00024 ( 1)
  15 -   0.97314 0.00029 0.02653 0.00004 ( 1)
  16 -   0.13698 0.75805 0.00636 0.09861 ( 2)
  17 -   0.98103 0.00013 0.01883 0.00002 ( 1)
  18 -   0.87934 0.03289 0.08349 0.00428 ( 1)
  19 -   0.91317 0.00179 0.08481 0.00023 ( 1)
  20 -   0.52122 0.00960 0.46792 0.00125 ( 1)
  21 -   0.88371 0.00080 0.11538 0.00010 ( 1)
  22 -   0.58360 0.30129 0.07592 0.03919 ( 1)
  23 -   0.10982 0.75191 0.04045 0.09782 ( 2)
  24 -   0.68691 0.00522 0.30719 0.00068 ( 1)
  25 -   0.73503 0.18325 0.05788 0.02384 ( 1)
  26 -   0.13398 0.72391 0.04794 0.09417 ( 2)
  27 -   0.00383 0.88077 0.00082 0.11458 ( 2)
  28 -   0.95389 0.01941 0.02418 0.00252 ( 1)
  29 -   0.02878 0.85611 0.00374 0.11137 ( 2)
  30 -   0.03918 0.82309 0.03066 0.10707 ( 2)
  31 -   0.65768 0.01368 0.32687 0.00178 ( 1)
  32 -   0.02954 0.85561 0.00354 0.11131 ( 2)
  33 -   0.03727 0.85041 0.00169 0.11063 ( 2)
  34 -   0.62244 0.17422 0.18068 0.02266 ( 1)
  35 -   0.98143 0.00012 0.01843 0.00002 ( 1)
  36 -   0.58360 0.30129 0.07592 0.03919 ( 1)
  37 -   0.00017 0.88451 0.00025 0.11507 ( 2)
  38 -   0.00998 0.87092 0.00580 0.11330 ( 2)
  39 -   0.64379 0.25503 0.06800 0.03318 ( 1)
  40 -   0.97086 0.00191 0.02699 0.00025 ( 1)
  41 S   0.55166 0.28499 0.12627 0.03707 ( 1)
  42 P   0.96585 0.00023 0.03389 0.00003 ( 1)
  43 H   0.98432 0.00002 0.01566 0.00000 ( 1)
  44 L   0.97500 0.00141 0.02340 0.00018 ( 1)
  45 W   0.98634 0.00113 0.01238 0.00015 ( 1)
  46 I   0.96648 0.00430 0.02867 0.00056 ( 1)
  47 Y   0.37416 0.54160 0.01379 0.07046 ( 2)
  48 L   0.76749 0.00273 0.22942 0.00035 ( 1)
  49 N   0.97785 0.00037 0.02174 0.00005 ( 1)
  50 Q   0.00360 0.88148 0.00024 0.11467 ( 2)
  51 D   0.79352 0.06554 0.13241 0.00853 ( 1)
  52 N   0.00548 0.87722 0.00318 0.11412 ( 2)
  53 H   0.71892 0.16023 0.10001 0.02084 ( 1)
  54 L   0.57805 0.05455 0.36031 0.00710 ( 1)
  55 T   0.87434 0.01437 0.10942 0.00187 ( 1)
  56 D   0.35406 0.53581 0.04043 0.06970 ( 2)
  57 V   0.02278 0.85653 0.00927 0.11143 ( 2)
  58 H   0.58227 0.10820 0.29545 0.01408 ( 1)
  59 R   0.97125 0.00529 0.02277 0.00069 ( 1)
  60 G   0.72057 0.17465 0.08206 0.02272 ( 1)
  61 F   0.00523 0.87857 0.00191 0.11429 ( 2)
  62 N   0.19747 0.68186 0.03197 0.08870 ( 2)
  63 Y   0.43590 0.05752 0.49910 0.00748 ( 3)
  64 W   0.91907 0.04217 0.03327 0.00549 ( 1)
  65 S   0.27533 0.35763 0.32052 0.04652 ( 2)
  66 G   0.97005 0.00202 0.02767 0.00026 ( 1)
  67 H   0.95753 0.01139 0.02959 0.00148 ( 1)
  68 Q   0.71679 0.04393 0.23356 0.00571 ( 1)
  69 I   0.87630 0.00689 0.11591 0.00090 ( 1)
  70 I   0.32882 0.54396 0.05646 0.07076 ( 2)
  71 A   0.80940 0.05710 0.12608 0.00743 ( 1)
  72 S   0.10255 0.71398 0.09059 0.09288 ( 2)
  73 P   0.00777 0.87466 0.00379 0.11378 ( 2)
  74 V   0.80051 0.09169 0.09587 0.01193 ( 1)
  75 G   0.87407 0.01081 0.11371 0.00141 ( 1)
  76 F   0.88396 0.00093 0.11499 0.00012 ( 1)
  77 Q   0.00036 0.88455 0.00002 0.11507 ( 2)
  78 D   0.96573 0.00907 0.02402 0.00118 ( 1)
  79 P   0.05204 0.78707 0.05850 0.10239 ( 2)
  80 E   0.22948 0.25365 0.48387 0.03300 ( 3)
  81 F   0.00483 0.87995 0.00075 0.11447 ( 2)
  82 A   0.01786 0.86534 0.00423 0.11257 ( 2)
  83 F   0.96636 0.00124 0.03224 0.00016 ( 1)
  84 P   0.97705 0.00143 0.02134 0.00019 ( 1)
  85 L   0.04235 0.81283 0.03909 0.10574 ( 2)
  86 F   0.00838 0.87649 0.00110 0.11402 ( 2)
  87 G   0.95626 0.00257 0.04084 0.00033 ( 1)
  88 N   0.01564 0.86150 0.01079 0.11207 ( 2)
  89 A   0.00000 0.88489 0.00000 0.11511 ( 2)
  90 G   0.48071 0.13256 0.36949 0.01725 ( 1)
  91 N   0.44081 0.25781 0.26784 0.03354 ( 1)
  92 A   0.07922 0.80192 0.01454 0.10432 ( 2)
  93 A   0.82630 0.01501 0.15674 0.00195 ( 1)
  94 P   0.81772 0.01877 0.16107 0.00244 ( 1)
  95 P   0.49033 0.16365 0.32473 0.02129 ( 1)
  96 V   0.00001 0.88488 0.00001 0.11511 ( 2)
  97 R   0.73578 0.14910 0.09572 0.01940 ( 1)
  98 I   0.04521 0.84335 0.00173 0.10971 ( 2)
  99 V   0.17315 0.71134 0.02297 0.09254 ( 2)
 100 Y   0.00048 0.88422 0.00027 0.11503 ( 2)
 101 Q   0.00001 0.88488 0.00000 0.11511 ( 2)
 102 L   0.00002 0.88486 0.00001 0.11511 ( 2)
 103 G   0.33094 0.33315 0.29257 0.04334 ( 2)
 104 Q   0.00993 0.87343 0.00302 0.11362 ( 2)
 105 G   0.38585 0.22459 0.36035 0.02922 ( 1)
 106 V   0.64836 0.24760 0.07184 0.03221 ( 1)
 107 Y   0.95844 0.02039 0.01852 0.00265 ( 1)
 108 R   0.94846 0.00514 0.04573 0.00067 ( 1)
 109 T   0.92586 0.03372 0.03604 0.00439 ( 1)
 110 L   0.95232 0.01643 0.02912 0.00214 ( 1)
 111 S   0.85824 0.09871 0.03021 0.01284 ( 1)
 112 S   0.04135 0.83628 0.01358 0.10879 ( 2)
 113 T   0.88858 0.08074 0.02018 0.01050 ( 1)
 114 L   0.05594 0.82876 0.00748 0.10781 ( 2)
 115 Y   0.88670 0.02189 0.08856 0.00285 ( 1)
 116 E   0.00628 0.87626 0.00347 0.11399 ( 2)
 117 D   0.00703 0.87816 0.00058 0.11424 ( 2)
 118 -   0.72885 0.15603 0.09482 0.02030 ( 1)
 119 L   0.64249 0.24240 0.08358 0.03153 ( 1)
 120 F   0.87134 0.01355 0.11335 0.00176 ( 1)
 121 I   0.04250 0.84238 0.00553 0.10959 ( 2)
 122 R   0.01113 0.87376 0.00145 0.11367 ( 2)
 123 D   0.68451 0.25655 0.02557 0.03337 ( 1)
 124 K   0.10243 0.72597 0.07716 0.09444 ( 2)
 125 V   0.51952 0.35745 0.07653 0.04650 ( 1)
 126 I   0.88502 0.04004 0.06973 0.00521 ( 1)
 127 N   0.12959 0.75638 0.01563 0.09840 ( 2)
 128 T   0.00000 0.88488 0.00000 0.11511 ( 2)
 129 Y   0.27562 0.58106 0.06773 0.07559 ( 2)
 130 L   0.75452 0.13368 0.09441 0.01739 ( 1)
 131 F   0.83514 0.12076 0.02838 0.01571 ( 1)
 132 L   0.89382 0.06319 0.03478 0.00822 ( 1)
 133 A   0.36150 0.54212 0.02586 0.07052 ( 2)
 134 G   0.50315 0.02927 0.46376 0.00381 ( 1)
 135 S   0.00311 0.88165 0.00055 0.11469 ( 2)
 136 N   0.36411 0.52714 0.04018 0.06858 ( 2)
 137 L   0.84030 0.00533 0.15368 0.00069 ( 1)
 138 L   0.00030 0.88458 0.00004 0.11507 ( 2)
 139 M   0.74754 0.21220 0.01266 0.02760 ( 1)
 140 E   0.18597 0.58766 0.14992 0.07645 ( 2)
 141 P   0.00163 0.88218 0.00143 0.11476 ( 2)
 142 -   0.78455 0.10034 0.10206 0.01305 ( 1)
 143 -   0.28369 0.60120 0.03690 0.07821 ( 2)
 144 P   0.13278 0.76386 0.00399 0.09937 ( 2)
 145 H   0.00021 0.88457 0.00014 0.11507 ( 2)
 146 I   0.00529 0.87969 0.00058 0.11444 ( 2)
 147 C   0.00006 0.88471 0.00014 0.11509 ( 2)
 148 H   0.76735 0.04652 0.18008 0.00605 ( 1)
 149 P   0.50642 0.32436 0.12702 0.04220 ( 1)
 150 G   0.23961 0.58068 0.10417 0.07554 ( 2)
 151 R   0.10233 0.78378 0.01193 0.10196 ( 2)
 152 Y   0.36987 0.51175 0.05180 0.06657 ( 2)
 153 R   0.97465 0.00243 0.02260 0.00032 ( 1)
 154 K   0.94180 0.01811 0.03774 0.00236 ( 1)
 155 S   0.02158 0.86506 0.00083 0.11254 ( 2)
 156 G   0.96569 0.00179 0.03229 0.00023 ( 1)
 157 T   0.95360 0.00852 0.03676 0.00111 ( 1)
 158 V   0.89137 0.00120 0.10727 0.00016 ( 1)
 159 D   0.98322 0.00001 0.01677 0.00000 ( 1)
 160 S   0.97176 0.00210 0.02587 0.00027 ( 1)
 161 L   0.94841 0.01636 0.03311 0.00213 ( 1)
 162 D   0.97514 0.00041 0.02439 0.00005 ( 1)
 163 E   0.43020 0.47452 0.03355 0.06173 ( 2)
 164 I   0.96688 0.00007 0.03305 0.00001 ( 1)
 165 P   0.96477 0.00526 0.02929 0.00068 ( 1)
 166 H   0.93931 0.03382 0.02247 0.00440 ( 1)
 167 Q   0.96283 0.00335 0.03339 0.00044 ( 1)
 168 N   0.98284 0.00006 0.01709 0.00001 ( 1)
 169 N   0.96589 0.01266 0.01980 0.00165 ( 1)
 170 N   0.96159 0.01600 0.02033 0.00208 ( 1)
 171 V   0.80003 0.01147 0.18700 0.00149 ( 1)
 172 P   0.84327 0.02640 0.12689 0.00343 ( 1)
 173 P   0.97609 0.00105 0.02272 0.00014 ( 1)
 174 R   0.60438 0.16575 0.20830 0.02156 ( 1)
 175 Q   0.15209 0.71867 0.03574 0.09349 ( 2)
 176 G   0.86451 0.00211 0.13310 0.00028 ( 1)
 177 F   0.95099 0.00169 0.04709 0.00022 ( 1)
 178 S   0.98253 0.00001 0.01745 0.00000 ( 1)
 179 H   0.98432 0.00002 0.01566 0.00000 ( 1)
 180 R   0.45590 0.20586 0.31145 0.02678 ( 1)
 181 -   0.58360 0.30129 0.07592 0.03919 ( 1)
 182 L   0.96927 0.00081 0.02981 0.00011 ( 1)
 183 S   0.83047 0.09167 0.06594 0.01192 ( 1)
 184 H   0.98344 0.00017 0.01637 0.00002 ( 1)
 185 V   0.97508 0.00005 0.02486 0.00001 ( 1)
 186 S   0.95206 0.01626 0.02956 0.00212 ( 1)
 187 M   0.70536 0.00070 0.29384 0.00009 ( 1)
 188 F   0.51938 0.33118 0.10635 0.04308 ( 1)
 189 R   0.02936 0.85582 0.00349 0.11133 ( 2)
 190 S   0.12586 0.72882 0.05050 0.09481 ( 2)
 191 G   0.59037 0.26791 0.10688 0.03485 ( 1)
 192 F   0.78109 0.09128 0.11575 0.01187 ( 1)
 193 S   0.23520 0.52474 0.17180 0.06826 ( 2)
 194 N   0.86700 0.03835 0.08966 0.00499 ( 1)
 195 -   0.58360 0.30129 0.07592 0.03919 ( 1)
 196 S   0.50380 0.08350 0.40183 0.01086 ( 1)
 197 S   0.86828 0.05805 0.06612 0.00755 ( 1)
 198 V   0.70125 0.01313 0.28392 0.00171 ( 1)
 199 S   0.81173 0.09364 0.08245 0.01218 ( 1)
 200 I   0.63053 0.22768 0.11217 0.02962 ( 1)
 201 I   0.75747 0.08562 0.14578 0.01114 ( 1)
 202 R   0.96961 0.00499 0.02475 0.00065 ( 1)
 203 A   0.95800 0.00486 0.03650 0.00063 ( 1)
 204 P   0.97578 0.00011 0.02409 0.00001 ( 1)
 205 M   0.72997 0.22792 0.01246 0.02965 ( 1)
 206 F   0.94223 0.03225 0.02133 0.00420 ( 1)
 207 S   0.94321 0.01201 0.04322 0.00156 ( 1)
 208 W   0.91234 0.04834 0.03303 0.00629 ( 1)
 209 I   0.02907 0.85772 0.00163 0.11158 ( 2)
 210 -   0.95412 0.01751 0.02609 0.00228 ( 1)
 211 -   0.70132 0.24576 0.02094 0.03197 ( 1)
 212 -   0.97768 0.00410 0.01768 0.00053 ( 1)


lnL = -5320.617372

