Supplemental results for CODEML (seqf: algn  treef: tree)


dN/dS (w) for site classes (K=4)

site class             0        1       2a       2b
proportion       0.72836  0.12294  0.12723  0.02147
background w     0.10552  1.00000  0.10552  1.00000
foreground w     0.10552  1.00000  1.00000  1.00000

Naive Empirical Bayes (NEB) probabilities for 4 classes
(amino acids refer to 1st sequence: BT_Cry32Ma1)

   1 -   0.72836 0.12294 0.12723 0.02147 ( 1)
   2 -   0.72836 0.12294 0.12723 0.02147 ( 1)
   3 G   0.99285 0.00324 0.00335 0.00057 ( 1)
   4 V   0.98836 0.00527 0.00545 0.00092 ( 1)
   5 Q   0.92123 0.03565 0.03689 0.00623 ( 1)
   6 V   0.80729 0.08721 0.09026 0.01523 ( 1)
   7 E   0.89109 0.04929 0.05101 0.00861 ( 1)
   8 L   0.99283 0.00324 0.00336 0.00057 ( 1)
   9 S   0.98934 0.00482 0.00499 0.00084 ( 1)
  10 R   0.99542 0.00207 0.00215 0.00036 ( 1)
  11 E   0.99665 0.00151 0.00157 0.00026 ( 1)
  12 V   0.99430 0.00258 0.00267 0.00045 ( 1)
  13 Y   0.99696 0.00138 0.00142 0.00024 ( 1)
  14 S   0.66159 0.15316 0.15850 0.02675 ( 1)
  15 T   0.98740 0.00570 0.00590 0.00100 ( 1)
  16 V   0.97536 0.01115 0.01154 0.00195 ( 1)
  17 Y   0.99722 0.00126 0.00130 0.00022 ( 1)
  18 G   0.99318 0.00309 0.00319 0.00054 ( 1)
  19 R   0.99670 0.00149 0.00154 0.00026 ( 1)
  20 G   0.85187 0.06704 0.06938 0.01171 ( 1)
  21 G   0.88994 0.04981 0.05155 0.00870 ( 1)
  22 S   0.01539 0.44561 0.46116 0.07784 ( 3)
  23 N   0.51059 0.22150 0.22922 0.03869 ( 1)
  24 N   0.98772 0.00556 0.00575 0.00097 ( 1)
  25 -   0.73344 0.12064 0.12485 0.02107 ( 1)
  26 -   0.73664 0.11919 0.12335 0.02082 ( 1)
  27 -   0.73664 0.11919 0.12335 0.02082 ( 1)
  28 -   0.74393 0.11589 0.11993 0.02024 ( 1)
  29 -   0.73246 0.12108 0.12530 0.02115 ( 1)
  30 S   0.64897 0.15887 0.16441 0.02775 ( 1)
  31 S   0.37066 0.28482 0.29476 0.04975 ( 1)
  32 F   0.06612 0.42266 0.43740 0.07383 ( 3)
  33 D   0.93055 0.03143 0.03253 0.00549 ( 1)
  34 A   0.95923 0.01845 0.01910 0.00322 ( 1)
  35 I   0.98603 0.00632 0.00654 0.00110 ( 1)
  36 E   0.99685 0.00143 0.00148 0.00025 ( 1)
  37 S   0.97387 0.01183 0.01224 0.00207 ( 1)
  38 Q   0.06933 0.42121 0.43590 0.07357 ( 3)
  39 I   0.83335 0.07542 0.07805 0.01317 ( 1)
  40 V   0.95930 0.01842 0.01906 0.00322 ( 1)
  41 R   0.99131 0.00393 0.00407 0.00069 ( 1)
  42 P   0.74705 0.11448 0.11847 0.02000 ( 1)
  43 P   0.99308 0.00313 0.00324 0.00055 ( 1)
  44 H   0.99849 0.00068 0.00071 0.00012 ( 1)
  45 L   0.98796 0.00545 0.00564 0.00095 ( 1)
  46 V   0.99136 0.00391 0.00405 0.00068 ( 1)
  47 T   0.95912 0.01850 0.01915 0.00323 ( 1)
  48 E   0.86548 0.06088 0.06301 0.01063 ( 1)
  49 L   0.98996 0.00454 0.00470 0.00079 ( 1)
  50 T   0.97471 0.01145 0.01185 0.00200 ( 1)
  51 N   0.62655 0.16902 0.17491 0.02952 ( 1)
  52 L   0.99256 0.00337 0.00348 0.00059 ( 1)
  53 K   0.68001 0.14482 0.14987 0.02530 ( 1)
  54 I   0.93668 0.02866 0.02966 0.00501 ( 1)
  55 E   0.82004 0.08145 0.08429 0.01423 ( 1)
  56 Q   0.96060 0.01783 0.01845 0.00311 ( 1)
  57 G   0.53801 0.20909 0.21638 0.03652 ( 1)
  58 A   0.50014 0.22623 0.23412 0.03952 ( 1)
  59 T   0.09614 0.40907 0.42333 0.07145 ( 3)
  60 L   0.16308 0.37877 0.39198 0.06616 ( 3)
  61 D   0.63682 0.16437 0.17010 0.02871 ( 1)
  62 M   0.07794 0.41731 0.43186 0.07289 ( 3)
  63 E   0.86556 0.06085 0.06297 0.01063 ( 1)
  64 Q   0.09392 0.41007 0.42437 0.07163 ( 3)
  65 I   0.50550 0.22380 0.23160 0.03909 ( 1)
  66 Q   0.48657 0.23237 0.24047 0.04059 ( 1)
  67 Y   0.02998 0.43901 0.45432 0.07668 ( 3)
  68 -   0.73411 0.12034 0.12453 0.02102 ( 1)
  69 P   0.54746 0.20481 0.21195 0.03578 ( 1)
  70 K   0.12152 0.39758 0.41145 0.06945 ( 3)
  71 Y   0.95806 0.01898 0.01964 0.00332 ( 1)
  72 M   0.03185 0.43817 0.45345 0.07654 ( 3)
  73 K   0.82573 0.07887 0.08162 0.01378 ( 1)
  74 V   0.90256 0.04410 0.04564 0.00770 ( 1)
  75 T   0.95846 0.01880 0.01946 0.00328 ( 1)
  76 N   0.99697 0.00137 0.00142 0.00024 ( 1)
  77 T   0.98180 0.00824 0.00852 0.00144 ( 1)
  78 L   0.99700 0.00136 0.00141 0.00024 ( 1)
  79 H   0.72035 0.12656 0.13098 0.02211 ( 1)
  80 Y   0.38763 0.27715 0.28681 0.04841 ( 1)
  81 V   0.93701 0.02851 0.02950 0.00498 ( 1)
  82 G   0.99058 0.00426 0.00441 0.00074 ( 1)
  83 S   0.91595 0.03804 0.03937 0.00664 ( 1)
  84 S   0.96394 0.01632 0.01689 0.00285 ( 1)
  85 S   0.00690 0.44946 0.46513 0.07851 ( 3)
  86 T   0.99227 0.00350 0.00362 0.00061 ( 1)
  87 W   0.78726 0.09628 0.09964 0.01682 ( 1)
  88 E   0.99318 0.00309 0.00319 0.00054 ( 1)
  89 Q   0.92681 0.03312 0.03428 0.00579 ( 1)
  90 S   0.97094 0.01315 0.01361 0.00230 ( 1)
  91 S   0.96006 0.01808 0.01871 0.00316 ( 1)
  92 S   0.96917 0.01395 0.01444 0.00244 ( 1)
  93 A   0.68176 0.14403 0.14905 0.02516 ( 1)
  94 I   0.94639 0.02426 0.02511 0.00424 ( 1)
  95 P   0.30782 0.31327 0.32419 0.05472 ( 3)
  96 I   0.96482 0.01592 0.01648 0.00278 ( 1)
  97 R   0.75699 0.10998 0.11382 0.01921 ( 1)
  98 P   0.67726 0.14606 0.15116 0.02551 ( 1)
  99 I   0.51923 0.21758 0.22517 0.03801 ( 1)
 100 T   0.64501 0.16066 0.16626 0.02806 ( 1)
 101 Q   0.04112 0.43397 0.44910 0.07580 ( 3)
 102 I   0.93533 0.02927 0.03029 0.00511 ( 1)
 103 H   0.97116 0.01305 0.01351 0.00228 ( 1)
 104 T   0.93797 0.02807 0.02905 0.00490 ( 1)
 105 I   0.77380 0.10237 0.10594 0.01788 ( 1)
 106 P   0.49871 0.22688 0.23479 0.03963 ( 1)
 107 A   0.95900 0.01856 0.01921 0.00324 ( 1)
 108 N   0.52424 0.21532 0.22283 0.03761 ( 1)
 109 N   0.94082 0.02678 0.02772 0.00468 ( 1)
 110 I   0.99438 0.00255 0.00263 0.00044 ( 1)
 111 G   0.96602 0.01538 0.01591 0.00269 ( 1)
 112 N   0.96818 0.01440 0.01491 0.00252 ( 1)
 113 L   0.97886 0.00957 0.00990 0.00167 ( 1)
 114 S   0.75598 0.11044 0.11429 0.01929 ( 1)
 115 L   0.99204 0.00360 0.00373 0.00063 ( 1)
 116 S   0.02455 0.44147 0.45687 0.07711 ( 3)
 117 Q   0.81911 0.08187 0.08472 0.01430 ( 1)
 118 L   0.18934 0.36689 0.37969 0.06409 ( 3)
 119 D   0.09480 0.40968 0.42396 0.07156 ( 3)
 120 V   0.86676 0.06030 0.06241 0.01053 ( 1)
 121 P   0.99740 0.00118 0.00122 0.00021 ( 1)
 122 Y   0.29123 0.32077 0.33196 0.05603 ( 3)
 123 R   0.21646 0.35461 0.36698 0.06194 ( 3)
 124 F   0.99291 0.00321 0.00332 0.00056 ( 1)
 125 S   0.97683 0.01049 0.01085 0.00183 ( 1)
 126 F   0.99272 0.00329 0.00341 0.00058 ( 1)
 127 Y   0.93218 0.03069 0.03176 0.00536 ( 1)
 128 N   0.96861 0.01421 0.01470 0.00248 ( 1)
 129 K   0.11229 0.40176 0.41577 0.07018 ( 3)
 130 D   0.87939 0.05458 0.05649 0.00953 ( 1)
 131 D   0.09474 0.40970 0.42399 0.07156 ( 3)
 132 A   0.10153 0.40663 0.42081 0.07103 ( 3)
 133 L   0.04903 0.43039 0.44540 0.07518 ( 3)
 134 I   0.77670 0.10106 0.10458 0.01765 ( 1)
 135 A   0.65483 0.15622 0.16166 0.02729 ( 1)
 136 A   0.22806 0.34937 0.36155 0.06103 ( 3)
 137 V   0.97703 0.01040 0.01076 0.00182 ( 1)
 138 G   0.93285 0.03039 0.03145 0.00531 ( 1)
 139 A   0.01924 0.44387 0.45935 0.07753 ( 3)
 140 E   0.81224 0.08498 0.08794 0.01484 ( 1)
 141 F   0.24917 0.33981 0.35166 0.05936 ( 3)
 142 P   0.80480 0.08834 0.09142 0.01543 ( 1)
 143 P   0.78949 0.09527 0.09860 0.01664 ( 1)
 144 N   0.12715 0.39503 0.40881 0.06900 ( 3)
 145 T   0.04859 0.43059 0.44561 0.07521 ( 3)
 146 V   0.39940 0.27182 0.28130 0.04748 ( 1)
 147 T   0.00472 0.45044 0.46615 0.07868 ( 3)
 148 W   0.78503 0.09729 0.10068 0.01699 ( 1)
 149 N   0.98417 0.00717 0.00742 0.00125 ( 1)
 150 G   0.66061 0.15360 0.15896 0.02683 ( 1)
 151 I   0.97362 0.01194 0.01236 0.00209 ( 1)
 152 P   0.97920 0.00941 0.00974 0.00164 ( 1)
 153 K   0.87038 0.05866 0.06071 0.01025 ( 1)
 154 A   0.07170 0.42013 0.43478 0.07339 ( 3)
 155 E   0.92768 0.03273 0.03387 0.00572 ( 1)
 156 D   0.48750 0.23195 0.24004 0.04052 ( 1)
 157 S   0.95750 0.01923 0.01990 0.00336 ( 1)
 158 N   0.97043 0.01338 0.01385 0.00234 ( 1)
 159 Q   0.94260 0.02598 0.02689 0.00454 ( 1)
 160 N   0.90986 0.04080 0.04222 0.00713 ( 1)
 161 S   0.95981 0.01819 0.01883 0.00318 ( 1)
 162 -   0.73722 0.11893 0.12308 0.02077 ( 1)
 163 -   0.73274 0.12096 0.12518 0.02113 ( 1)
 164 -   0.73086 0.12181 0.12606 0.02128 ( 1)
 165 -   0.73661 0.11920 0.12336 0.02082 ( 1)
 166 H   0.99846 0.00070 0.00072 0.00012 ( 1)
 167 H   0.98990 0.00457 0.00473 0.00080 ( 1)
 168 L   0.99063 0.00424 0.00439 0.00074 ( 1)
 169 S   0.93846 0.02785 0.02882 0.00487 ( 1)
 170 Y   0.99690 0.00140 0.00145 0.00024 ( 1)
 171 V   0.99504 0.00224 0.00232 0.00039 ( 1)
 172 G   0.57288 0.19330 0.20005 0.03377 ( 1)
 173 A   0.97915 0.00943 0.00976 0.00165 ( 1)
 174 L   0.95430 0.02069 0.02141 0.00361 ( 1)
 175 G   0.28602 0.32314 0.33440 0.05644 ( 3)
 176 T   0.86002 0.06335 0.06556 0.01107 ( 1)
 177 Q   0.90216 0.04428 0.04582 0.00773 ( 1)
 178 S   0.22061 0.35274 0.36504 0.06161 ( 3)
 179 S   0.87846 0.05501 0.05692 0.00961 ( 1)
 180 A   0.97854 0.00971 0.01005 0.00170 ( 1)
 181 G   0.95490 0.02041 0.02112 0.00357 ( 1)
 182 F   0.19432 0.36464 0.37735 0.06369 ( 3)
 183 P   0.00403 0.45076 0.46648 0.07874 ( 3)
 184 W   0.00693 0.44944 0.46512 0.07851 ( 3)
 185 -   0.72836 0.12294 0.12723 0.02147 ( 1)
 186 T   0.81607 0.08324 0.08615 0.01454 ( 1)
 187 Y   0.99690 0.00140 0.00145 0.00024 ( 1)
 188 P   0.62067 0.17168 0.17767 0.02999 ( 1)
 189 T   0.06309 0.42403 0.43881 0.07407 ( 3)
 190 E   0.00023 0.45248 0.46826 0.07904 ( 3)
 191 L   0.41925 0.26284 0.27200 0.04591 ( 1)
 192 L   0.94349 0.02558 0.02647 0.00447 ( 1)
 193 G   0.99293 0.00320 0.00331 0.00056 ( 1)
 194 E   0.93775 0.02817 0.02916 0.00492 ( 1)
 195 W   0.99659 0.00154 0.00160 0.00027 ( 1)
 196 G   0.99350 0.00294 0.00305 0.00051 ( 1)
 197 F   0.96649 0.01517 0.01569 0.00265 ( 1)
 198 G   0.99627 0.00169 0.00174 0.00029 ( 1)
 199 W   0.99659 0.00154 0.00160 0.00027 ( 1)
 200 L   0.98908 0.00494 0.00511 0.00086 ( 1)
 201 H   0.99863 0.00062 0.00064 0.00011 ( 1)
 202 N   0.93990 0.02720 0.02815 0.00475 ( 1)
 203 -   0.72836 0.12294 0.12723 0.02147 ( 1)


lnL = -2308.963489

Bayes Empirical Bayes (BEB) probabilities for 4 classes (class)
(amino acids refer to 1st sequence: BT_Cry32Ma1)

   1 -   0.79720 0.12078 0.07383 0.00818 ( 1)
   2 -   0.79720 0.12078 0.07383 0.00818 ( 1)
   3 G   0.99416 0.00472 0.00101 0.00010 ( 1)
   4 V   0.99050 0.00745 0.00185 0.00019 ( 1)
   5 Q   0.96747 0.02693 0.00509 0.00051 ( 1)
   6 V   0.91077 0.06731 0.01990 0.00202 ( 1)
   7 E   0.93189 0.04889 0.01743 0.00180 ( 1)
   8 L   0.99444 0.00446 0.00099 0.00010 ( 1)
   9 S   0.99186 0.00642 0.00157 0.00016 ( 1)
  10 R   0.99646 0.00295 0.00053 0.00005 ( 1)
  11 E   0.99705 0.00243 0.00047 0.00005 ( 1)
  12 V   0.99523 0.00381 0.00087 0.00009 ( 1)
  13 Y   0.99736 0.00219 0.00041 0.00004 ( 1)
  14 S   0.85100 0.11597 0.03007 0.00297 ( 1)
  15 T   0.98969 0.00806 0.00204 0.00021 ( 1)
  16 V   0.98545 0.01169 0.00260 0.00027 ( 1)
  17 Y   0.99770 0.00191 0.00036 0.00004 ( 1)
  18 G   0.99439 0.00456 0.00095 0.00010 ( 1)
  19 R   0.99730 0.00226 0.00040 0.00004 ( 1)
  20 G   0.93492 0.05060 0.01314 0.00134 ( 1)
  21 G   0.92212 0.04960 0.02552 0.00276 ( 1)
  22 S   0.03471 0.37691 0.52454 0.06383 ( 3)
  23 N   0.70322 0.18331 0.10265 0.01082 ( 1)
  24 N   0.99233 0.00631 0.00124 0.00013 ( 1)
  25 -   0.80243 0.11867 0.07107 0.00784 ( 1)
  26 -   0.80576 0.11734 0.06929 0.00761 ( 1)
  27 -   0.80576 0.11734 0.06929 0.00761 ( 1)
  28 -   0.81310 0.11427 0.06549 0.00714 ( 1)
  29 -   0.80148 0.11908 0.07155 0.00789 ( 1)
  30 S   0.84720 0.11734 0.03226 0.00321 ( 1)
  31 S   0.66494 0.23093 0.09460 0.00952 ( 1)
  32 F   0.22383 0.45316 0.29277 0.03025 ( 2)
  33 D   0.96214 0.02767 0.00923 0.00096 ( 1)
  34 A   0.97557 0.01894 0.00498 0.00051 ( 1)
  35 I   0.99130 0.00694 0.00159 0.00016 ( 1)
  36 E   0.99728 0.00224 0.00044 0.00004 ( 1)
  37 S   0.98493 0.01210 0.00269 0.00028 ( 1)
  38 Q   0.18815 0.46309 0.31644 0.03232 ( 2)
  39 I   0.92037 0.06115 0.01678 0.00169 ( 1)
  40 V   0.97649 0.01865 0.00441 0.00045 ( 1)
  41 R   0.99343 0.00545 0.00101 0.00010 ( 1)
  42 P   0.87097 0.08914 0.03612 0.00377 ( 1)
  43 P   0.99483 0.00414 0.00094 0.00010 ( 1)
  44 H   0.99860 0.00119 0.00019 0.00002 ( 1)
  45 L   0.99146 0.00690 0.00150 0.00015 ( 1)
  46 V   0.99298 0.00553 0.00135 0.00014 ( 1)
  47 T   0.97725 0.01794 0.00437 0.00045 ( 1)
  48 E   0.94960 0.04118 0.00838 0.00084 ( 1)
  49 L   0.99260 0.00592 0.00135 0.00014 ( 1)
  50 T   0.97951 0.01526 0.00474 0.00049 ( 1)
  51 N   0.78364 0.14533 0.06440 0.00663 ( 1)
  52 L   0.99446 0.00450 0.00094 0.00010 ( 1)
  53 K   0.84895 0.11333 0.03429 0.00343 ( 1)
  54 I   0.96134 0.02998 0.00788 0.00080 ( 1)
  55 E   0.91753 0.06408 0.01670 0.00169 ( 1)
  56 Q   0.97776 0.01655 0.00515 0.00054 ( 1)
  57 G   0.79496 0.15506 0.04550 0.00448 ( 1)
  58 A   0.73168 0.19449 0.06721 0.00661 ( 1)
  59 T   0.29214 0.45335 0.23216 0.02234 ( 2)
  60 L   0.36848 0.37971 0.22856 0.02325 ( 2)
  61 D   0.85959 0.11001 0.02765 0.00275 ( 1)
  62 M   0.24597 0.46794 0.26075 0.02534 ( 2)
  63 E   0.94793 0.04241 0.00877 0.00088 ( 1)
  64 Q   0.21510 0.44924 0.30450 0.03116 ( 2)
  65 I   0.73319 0.18744 0.07218 0.00720 ( 1)
  66 Q   0.71220 0.19970 0.08011 0.00799 ( 1)
  67 Y   0.11896 0.53185 0.31812 0.03107 ( 2)
  68 -   0.80317 0.11840 0.07065 0.00778 ( 1)
  69 P   0.74141 0.16875 0.08138 0.00845 ( 1)
  70 K   0.30647 0.41379 0.25419 0.02555 ( 2)
  71 Y   0.97446 0.01998 0.00504 0.00051 ( 1)
  72 M   0.13401 0.52933 0.30687 0.02979 ( 2)
  73 K   0.93120 0.05556 0.01204 0.00121 ( 1)
  74 V   0.93407 0.04636 0.01773 0.00184 ( 1)
  75 T   0.97581 0.01882 0.00487 0.00050 ( 1)
  76 N   0.99713 0.00237 0.00046 0.00005 ( 1)
  77 T   0.98557 0.01119 0.00294 0.00030 ( 1)
  78 L   0.99756 0.00206 0.00034 0.00003 ( 1)
  79 H   0.88647 0.08557 0.02539 0.00258 ( 1)
  80 Y   0.68450 0.22225 0.08479 0.00845 ( 1)
  81 V   0.95846 0.03013 0.01033 0.00108 ( 1)
  82 G   0.99237 0.00608 0.00140 0.00014 ( 1)
  83 S   0.96577 0.02790 0.00575 0.00058 ( 1)
  84 S   0.97974 0.01617 0.00371 0.00038 ( 1)
  85 S   0.02078 0.40865 0.51004 0.06054 ( 3)
  86 T   0.99362 0.00507 0.00119 0.00012 ( 1)
  87 W   0.90718 0.07184 0.01907 0.00191 ( 1)
  88 E   0.99443 0.00454 0.00093 0.00009 ( 1)
  89 Q   0.96920 0.02558 0.00474 0.00048 ( 1)
  90 S   0.98352 0.01339 0.00280 0.00029 ( 1)
  91 S   0.97499 0.01970 0.00482 0.00049 ( 1)
  92 S   0.98239 0.01407 0.00321 0.00033 ( 1)
  93 A   0.82651 0.11633 0.05171 0.00544 ( 1)
  94 I   0.96694 0.02568 0.00670 0.00068 ( 1)
  95 P   0.53881 0.26629 0.17579 0.01912 ( 1)
  96 I   0.97921 0.01583 0.00449 0.00047 ( 1)
  97 R   0.89288 0.08170 0.02310 0.00232 ( 1)
  98 P   0.84109 0.11651 0.03853 0.00386 ( 1)
  99 I   0.76416 0.16108 0.06779 0.00697 ( 1)
 100 T   0.81217 0.13100 0.05161 0.00522 ( 1)
 101 Q   0.12818 0.50394 0.33422 0.03366 ( 2)
 102 I   0.96243 0.02912 0.00767 0.00078 ( 1)
 103 H   0.98739 0.01069 0.00175 0.00018 ( 1)
 104 T   0.96160 0.02957 0.00802 0.00082 ( 1)
 105 I   0.84804 0.10089 0.04628 0.00479 ( 1)
 106 P   0.68094 0.19666 0.11082 0.01158 ( 1)
 107 A   0.97666 0.01839 0.00449 0.00046 ( 1)
 108 N   0.77113 0.16341 0.05949 0.00597 ( 1)
 109 N   0.97114 0.02297 0.00534 0.00054 ( 1)
 110 I   0.99517 0.00394 0.00081 0.00008 ( 1)
 111 G   0.98432 0.01299 0.00244 0.00025 ( 1)
 112 N   0.98525 0.01207 0.00244 0.00025 ( 1)
 113 L   0.98845 0.00974 0.00165 0.00017 ( 1)
 114 S   0.89068 0.08329 0.02364 0.00239 ( 1)
 115 L   0.99390 0.00478 0.00119 0.00012 ( 1)
 116 S   0.10199 0.54009 0.32606 0.03186 ( 2)
 117 Q   0.89412 0.07601 0.02711 0.00276 ( 1)
 118 L   0.37003 0.38328 0.22430 0.02239 ( 2)
 119 D   0.34040 0.43355 0.20622 0.01984 ( 2)
 120 V   0.90870 0.06238 0.02618 0.00273 ( 1)
 121 P   0.99796 0.00172 0.00030 0.00003 ( 1)
 122 Y   0.51639 0.28177 0.18254 0.01931 ( 1)
 123 R   0.50056 0.33346 0.15108 0.01491 ( 1)
 124 F   0.99577 0.00354 0.00063 0.00006 ( 1)
 125 S   0.98674 0.01079 0.00224 0.00023 ( 1)
 126 F   0.99449 0.00443 0.00098 0.00010 ( 1)
 127 Y   0.96988 0.02427 0.00531 0.00054 ( 1)
 128 N   0.98209 0.01432 0.00326 0.00033 ( 1)
 129 K   0.33089 0.40908 0.23616 0.02387 ( 2)
 130 D   0.94269 0.04377 0.01228 0.00126 ( 1)
 131 D   0.30126 0.42760 0.24643 0.02470 ( 2)
 132 A   0.27898 0.44960 0.24734 0.02408 ( 2)
 133 L   0.15282 0.49494 0.32016 0.03208 ( 2)
 134 I   0.87770 0.08351 0.03510 0.00369 ( 1)
 135 A   0.86080 0.10633 0.02989 0.00299 ( 1)
 136 A   0.45667 0.34171 0.18320 0.01841 ( 1)
 137 V   0.98571 0.01152 0.00252 0.00026 ( 1)
 138 G   0.95915 0.03132 0.00864 0.00089 ( 1)
 139 A   0.05923 0.47016 0.42407 0.04654 ( 2)
 140 E   0.87367 0.08455 0.03780 0.00397 ( 1)
 141 F   0.37150 0.31390 0.28234 0.03225 ( 1)
 142 P   0.86810 0.08784 0.03987 0.00419 ( 1)
 143 P   0.85510 0.09457 0.04551 0.00482 ( 1)
 144 N   0.34194 0.41846 0.21832 0.02128 ( 2)
 145 T   0.13600 0.47658 0.35095 0.03647 ( 2)
 146 V   0.70816 0.21177 0.07289 0.00718 ( 1)
 147 T   0.01435 0.37918 0.54058 0.06589 ( 3)
 148 W   0.90483 0.07327 0.01990 0.00199 ( 1)
 149 N   0.99002 0.00803 0.00177 0.00018 ( 1)
 150 G   0.84501 0.11691 0.03463 0.00346 ( 1)
 151 I   0.98538 0.01182 0.00254 0.00026 ( 1)
 152 P   0.98859 0.00955 0.00168 0.00017 ( 1)
 153 K   0.93939 0.04494 0.01420 0.00147 ( 1)
 154 A   0.19611 0.45279 0.31816 0.03294 ( 2)
 155 E   0.97055 0.02411 0.00486 0.00049 ( 1)
 156 D   0.76218 0.17452 0.05759 0.00572 ( 1)
 157 S   0.98071 0.01581 0.00316 0.00032 ( 1)
 158 N   0.97826 0.01628 0.00494 0.00051 ( 1)
 159 Q   0.97226 0.02289 0.00441 0.00044 ( 1)
 160 N   0.96113 0.03107 0.00708 0.00072 ( 1)
 161 S   0.98321 0.01408 0.00246 0.00025 ( 1)
 162 -   0.80634 0.11710 0.06899 0.00757 ( 1)
 163 -   0.80170 0.11896 0.07145 0.00788 ( 1)
 164 -   0.79981 0.11975 0.07244 0.00801 ( 1)
 165 -   0.80573 0.11735 0.06931 0.00761 ( 1)
 166 H   0.99857 0.00122 0.00019 0.00002 ( 1)
 167 H   0.99433 0.00481 0.00077 0.00008 ( 1)
 168 L   0.99313 0.00535 0.00138 0.00014 ( 1)
 169 S   0.96142 0.02773 0.00981 0.00103 ( 1)
 170 Y   0.99730 0.00223 0.00043 0.00004 ( 1)
 171 V   0.99572 0.00347 0.00074 0.00008 ( 1)
 172 G   0.80648 0.14200 0.04684 0.00469 ( 1)
 173 A   0.98359 0.01246 0.00358 0.00037 ( 1)
 174 L   0.97473 0.01991 0.00486 0.00050 ( 1)
 175 G   0.54058 0.29693 0.14769 0.01479 ( 1)
 176 T   0.93792 0.04817 0.01263 0.00129 ( 1)
 177 Q   0.95767 0.03401 0.00755 0.00076 ( 1)
 178 S   0.46631 0.33567 0.17998 0.01804 ( 1)
 179 S   0.92652 0.05295 0.01862 0.00191 ( 1)
 180 A   0.98744 0.01007 0.00226 0.00023 ( 1)
 181 G   0.97267 0.02149 0.00530 0.00054 ( 1)
 182 F   0.42183 0.37456 0.18552 0.01810 ( 1)
 183 P   0.01616 0.46517 0.46634 0.05233 ( 3)
 184 W   0.02182 0.44284 0.48047 0.05487 ( 3)
 185 -   0.79720 0.12078 0.07383 0.00818 ( 1)
 186 T   0.92032 0.06151 0.01649 0.00168 ( 1)
 187 Y   0.99730 0.00223 0.00043 0.00004 ( 1)
 188 P   0.82165 0.13317 0.04110 0.00408 ( 1)
 189 T   0.18831 0.46955 0.31062 0.03151 ( 2)
 190 E   0.00151 0.39696 0.53701 0.06453 ( 3)
 191 L   0.66396 0.22967 0.09676 0.00961 ( 1)
 192 L   0.96946 0.02418 0.00577 0.00059 ( 1)
 193 G   0.99431 0.00459 0.00100 0.00010 ( 1)
 194 E   0.97383 0.02144 0.00430 0.00044 ( 1)
 195 W   0.99788 0.00187 0.00023 0.00002 ( 1)
 196 G   0.99479 0.00424 0.00088 0.00009 ( 1)
 197 F   0.98520 0.01232 0.00225 0.00023 ( 1)
 198 G   0.99679 0.00265 0.00051 0.00005 ( 1)
 199 W   0.99788 0.00187 0.00023 0.00002 ( 1)
 200 L   0.99211 0.00623 0.00150 0.00015 ( 1)
 201 H   0.99883 0.00099 0.00016 0.00002 ( 1)
 202 N   0.97232 0.02234 0.00484 0.00049 ( 1)
 203 -   0.79720 0.12078 0.07383 0.00818 ( 1)

