Supplemental results for CODEML (seqf: algn  treef: tree)


dN/dS (w) for site classes (K=4)

site class             0        1       2a       2b
proportion       0.41664  0.57423  0.00384  0.00529
background w     0.08356  0.42623  0.08356  0.42623
foreground w     0.08356  0.42623 998.99776 998.99776

Naive Empirical Bayes (NEB) probabilities for 4 classes
(amino acids refer to 1st sequence: BT_Cry19Aa1)

   1 E   0.00022 0.99976 0.00000 0.00001 ( 2)
   2 V   0.99946 0.00053 0.00001 0.00000 ( 1)
   3 K   0.99875 0.00123 0.00002 0.00000 ( 1)
   4 T   0.10759 0.89241 0.00000 0.00000 ( 2)
   5 E   0.99785 0.00214 0.00001 0.00000 ( 1)
   6 L   0.99719 0.00260 0.00021 0.00000 ( 1)
   7 T   0.99966 0.00013 0.00021 0.00000 ( 1)
   8 R   0.99991 0.00008 0.00000 0.00000 ( 1)
   9 E   0.99951 0.00048 0.00001 0.00000 ( 1)
  10 I   0.99995 0.00002 0.00003 0.00000 ( 1)
  11 Y   0.99990 0.00005 0.00004 0.00000 ( 1)
  12 S   0.85878 0.14121 0.00001 0.00000 ( 1)
  13 D   0.99666 0.00332 0.00002 0.00000 ( 1)
  14 V   0.54037 0.45963 0.00000 0.00000 ( 1)
  15 I   0.99551 0.00275 0.00174 0.00000 ( 1)
  16 N   0.99937 0.00058 0.00005 0.00000 ( 1)
  17 G   0.00518 0.99427 0.00001 0.00054 ( 2)
  18 E   0.12571 0.87300 0.00028 0.00101 ( 2)
  19 I   0.00055 0.99382 0.00001 0.00561 ( 2)
  20 Y   0.00274 0.99248 0.00006 0.00471 ( 2)
  21 G   0.00227 0.99769 0.00000 0.00004 ( 2)
  22 L   0.00187 0.97713 0.00053 0.02047 ( 2)
  23 M   0.00641 0.99353 0.00000 0.00006 ( 2)
  24 -   0.38960 0.60127 0.00359 0.00554 ( 2)
  25 -   0.62265 0.36823 0.00574 0.00339 ( 1)
  26 -   0.45299 0.53788 0.00417 0.00495 ( 2)
  27 -   0.04373 0.94714 0.00040 0.00872 ( 2)
  28 -   0.60777 0.38310 0.00560 0.00353 ( 1)
  29 -   0.60777 0.38310 0.00560 0.00353 ( 1)
  30 T   0.00107 0.98980 0.00001 0.00912 ( 2)
  31 P   0.05975 0.93112 0.00055 0.00858 ( 2)
  32 Y   0.00003 0.99987 0.00000 0.00010 ( 2)
  33 F   0.00004 0.99620 0.00000 0.00376 ( 2)
  34 S   0.00123 0.99791 0.00000 0.00086 ( 2)
  35 F   0.39675 0.53935 0.05889 0.00501 ( 2)
  36 E   0.00052 0.98408 0.00005 0.01535 ( 2)
  37 K   0.00059 0.99343 0.00003 0.00595 ( 2)
  38 A   0.01908 0.97989 0.00002 0.00101 ( 2)
  39 E   0.99997 0.00002 0.00001 0.00000 ( 1)
  40 S   0.02253 0.97737 0.00000 0.00010 ( 2)
  41 L   0.09478 0.90522 0.00000 0.00001 ( 2)
  42 Y   0.95561 0.04436 0.00003 0.00000 ( 1)
  43 T   0.70525 0.29473 0.00001 0.00001 ( 1)
  44 R   0.33675 0.66325 0.00000 0.00000 ( 2)
  45 A   0.29137 0.70863 0.00000 0.00000 ( 2)
  46 P   0.99988 0.00011 0.00001 0.00000 ( 1)
  47 H   0.56984 0.43015 0.00000 0.00000 ( 1)
  48 L   0.93322 0.06660 0.00015 0.00003 ( 1)
  49 F   0.98539 0.01461 0.00000 0.00000 ( 1)
  50 T   0.93181 0.06816 0.00003 0.00000 ( 1)
  51 W   0.99226 0.00774 0.00000 0.00000 ( 1)
  52 L   0.94298 0.05701 0.00001 0.00000 ( 1)
  53 K   0.03395 0.96602 0.00000 0.00004 ( 2)
  54 G   0.35067 0.64932 0.00000 0.00000 ( 2)
  55 F   0.99064 0.00934 0.00002 0.00000 ( 1)
  56 R   0.11233 0.88747 0.00002 0.00019 ( 2)
  57 F   0.99948 0.00051 0.00001 0.00000 ( 1)
  58 V   0.72286 0.27699 0.00010 0.00005 ( 1)
  59 T   0.99695 0.00291 0.00014 0.00000 ( 1)
  60 N   0.96263 0.03731 0.00005 0.00000 ( 1)
  61 S   0.00016 0.99980 0.00000 0.00004 ( 2)
  62 I   0.14273 0.85720 0.00001 0.00007 ( 2)
  63 S   0.00238 0.99759 0.00000 0.00003 ( 2)
  64 -   0.00182 0.87485 0.02231 0.10103 ( 2)
  65 -   0.09718 0.90279 0.00000 0.00003 ( 2)
  66 -   0.25950 0.73137 0.00239 0.00674 ( 2)
  67 -   0.05632 0.93455 0.00052 0.00861 ( 2)
  68 -   0.00231 0.92794 0.00683 0.06293 ( 2)
  69 -   0.00000 0.95918 0.00000 0.04082 ( 2)
  70 Y   0.00282 0.99662 0.00000 0.00056 ( 2)
  71 W   0.08818 0.91182 0.00000 0.00000 ( 2)
  72 T   0.15473 0.84524 0.00000 0.00003 ( 2)
  73 F   0.49700 0.50297 0.00001 0.00002 ( 2)
  74 L   0.99325 0.00674 0.00001 0.00000 ( 1)
  75 S   0.90672 0.04306 0.04956 0.00066 ( 1)
  76 G   0.96018 0.03981 0.00001 0.00000 ( 1)
  77 G   0.00002 0.99195 0.00000 0.00803 ( 2)
  78 Q   0.06738 0.93262 0.00000 0.00000 ( 2)
  79 N   0.82859 0.17135 0.00004 0.00002 ( 1)
  80 K   0.11204 0.88793 0.00000 0.00003 ( 2)
  81 Y   0.66971 0.33025 0.00002 0.00002 ( 1)
  82 S   0.00723 0.99273 0.00000 0.00003 ( 2)
  83 Y   0.00082 0.99789 0.00000 0.00128 ( 2)
  84 T   0.98989 0.01010 0.00001 0.00000 ( 1)
  85 N   0.00001 0.02681 0.02767 0.94552 ( 4)
  86 N   0.00001 0.99733 0.00000 0.00266 ( 2)
  87 -   0.41664 0.57423 0.00384 0.00529 ( 2)
  88 S   0.00003 0.99920 0.00000 0.00077 ( 2)
  89 S   0.00003 0.99681 0.00000 0.00316 ( 2)
  90 I   0.13238 0.86756 0.00000 0.00005 ( 2)
  91 N   0.00005 0.99931 0.00000 0.00063 ( 2)
  92 E   0.00001 0.96380 0.00000 0.03619 ( 2)
  93 G   0.27432 0.72566 0.00001 0.00002 ( 2)
  94 S   0.28253 0.71746 0.00000 0.00000 ( 2)
  95 F   0.80132 0.19858 0.00008 0.00002 ( 1)
  96 R   0.00000 0.93857 0.00000 0.06143 ( 2)
  97 G   0.99771 0.00224 0.00005 0.00000 ( 1)
  98 Q   0.03379 0.96621 0.00000 0.00000 ( 2)
  99 D   0.10352 0.89629 0.00001 0.00018 ( 2)
 100 T   0.01059 0.98938 0.00000 0.00003 ( 2)
 101 D   0.00133 0.98765 0.00008 0.01094 ( 2)
 102 Y   0.34616 0.65379 0.00001 0.00004 ( 2)
 103 G   0.99916 0.00084 0.00001 0.00000 ( 1)
 104 G   0.01372 0.98628 0.00000 0.00000 ( 2)
 105 T   0.00053 0.99929 0.00000 0.00019 ( 2)
 106 S   0.00010 0.99987 0.00000 0.00003 ( 2)
 107 S   0.93768 0.06231 0.00001 0.00000 ( 1)
 108 T   0.00070 0.99733 0.00000 0.00197 ( 2)
 109 I   0.09442 0.90415 0.00030 0.00113 ( 2)
 110 N   0.00024 0.99968 0.00000 0.00008 ( 2)
 111 I   0.06089 0.93787 0.00018 0.00106 ( 2)
 112 P   0.00002 0.99983 0.00000 0.00016 ( 2)
 113 S   0.00001 0.99933 0.00000 0.00066 ( 2)
 114 N   0.00043 0.99824 0.00001 0.00132 ( 2)
 115 S   0.00027 0.99973 0.00000 0.00000 ( 2)
 116 Y   0.20359 0.79636 0.00001 0.00004 ( 2)
 117 V   0.81640 0.18343 0.00015 0.00002 ( 1)
 118 Y   0.99948 0.00049 0.00003 0.00000 ( 1)
 119 N   0.06624 0.93363 0.00000 0.00013 ( 2)
 120 L   0.28979 0.71020 0.00000 0.00001 ( 2)
 121 W   0.00162 0.99838 0.00000 0.00000 ( 2)
 122 T   0.12493 0.87501 0.00001 0.00006 ( 2)
 123 E   0.05291 0.94705 0.00000 0.00003 ( 2)
 124 N   0.00845 0.99154 0.00000 0.00001 ( 2)
 125 Y   0.93519 0.06477 0.00003 0.00000 ( 1)
 126 E   0.16475 0.83522 0.00000 0.00003 ( 2)
 127 Y   0.00002 0.99952 0.00000 0.00046 ( 2)
 128 I   0.02956 0.97038 0.00000 0.00005 ( 2)
 129 Y   0.00038 0.99936 0.00000 0.00026 ( 2)
 130 P   0.25059 0.74940 0.00000 0.00000 ( 2)
 131 W   0.00007 0.93156 0.00010 0.06827 ( 2)
 132 G   0.00002 0.99973 0.00000 0.00025 ( 2)
 133 D   0.02747 0.97248 0.00000 0.00005 ( 2)
 134 P   0.38067 0.61929 0.00002 0.00003 ( 2)
 135 V   0.00009 0.99956 0.00000 0.00035 ( 2)
 136 N   0.96180 0.03815 0.00005 0.00000 ( 1)
 137 I   0.94030 0.05967 0.00003 0.00000 ( 1)
 138 T   0.18519 0.81479 0.00000 0.00002 ( 2)
 139 K   0.01805 0.98122 0.00004 0.00069 ( 2)
 140 M   0.66664 0.33330 0.00003 0.00004 ( 1)
 141 N   0.04792 0.95196 0.00000 0.00012 ( 2)
 142 F   0.99994 0.00004 0.00001 0.00000 ( 1)
 143 S   0.00102 0.99894 0.00000 0.00003 ( 2)
 144 V   0.00007 0.99943 0.00000 0.00050 ( 2)
 145 T   0.81878 0.18119 0.00003 0.00001 ( 1)
 146 D   0.73921 0.26053 0.00014 0.00011 ( 1)
 147 N   0.95650 0.04345 0.00005 0.00000 ( 1)
 148 -   0.01253 0.97834 0.00012 0.00901 ( 2)
 149 N   0.99009 0.00987 0.00004 0.00000 ( 1)
 150 S   0.00000 0.99971 0.00000 0.00029 ( 2)
 151 S   0.56932 0.43067 0.00000 0.00000 ( 1)
 152 K   0.00000 0.97791 0.00000 0.02208 ( 2)
 153 E   0.06230 0.93707 0.00010 0.00053 ( 2)
 154 L   0.00001 0.97272 0.00001 0.02727 ( 2)
 155 I   0.05469 0.94451 0.00010 0.00069 ( 2)
 156 Y   0.99993 0.00005 0.00003 0.00000 ( 1)
 157 G   0.94439 0.05561 0.00000 0.00000 ( 1)
 158 -   0.55283 0.43804 0.00509 0.00404 ( 1)
 159 -   0.02691 0.96397 0.00025 0.00888 ( 2)
 160 A   0.00128 0.99767 0.00001 0.00104 ( 2)
 161 H   0.01324 0.98649 0.00001 0.00027 ( 2)
 162 R   0.00599 0.99400 0.00000 0.00001 ( 2)
 163 T   0.04715 0.94372 0.00043 0.00869 ( 2)
 164 N   0.66149 0.33844 0.00003 0.00004 ( 1)
 165 K   0.00066 0.97776 0.00026 0.02132 ( 2)
 166 P   0.78028 0.21972 0.00000 0.00000 ( 1)
 167 V   0.37047 0.62946 0.00001 0.00006 ( 2)
 168 V   0.02705 0.97293 0.00000 0.00002 ( 2)
 169 R   0.09172 0.90819 0.00003 0.00006 ( 2)
 170 T   0.99433 0.00550 0.00016 0.00000 ( 1)
 171 D   0.08540 0.91401 0.00012 0.00047 ( 2)
 172 F   0.93543 0.06456 0.00001 0.00000 ( 1)
 173 D   0.77119 0.22878 0.00002 0.00001 ( 1)
 174 F   0.88993 0.11006 0.00001 0.00000 ( 1)
 175 -   0.41760 0.57327 0.00385 0.00528 ( 2)
 176 L   0.95431 0.04569 0.00000 0.00000 ( 1)
 177 T   0.43277 0.56703 0.00006 0.00014 ( 2)
 178 N   0.85274 0.14716 0.00006 0.00003 ( 1)
 179 K   0.95361 0.04637 0.00002 0.00000 ( 1)
 180 E   0.27060 0.61543 0.10025 0.01372 ( 2)
 181 G   0.31778 0.68222 0.00000 0.00000 ( 2)
 182 T   0.14860 0.85011 0.00042 0.00086 ( 2)
 183 E   0.00030 0.99928 0.00000 0.00041 ( 2)
 184 L   0.00089 0.99266 0.00002 0.00643 ( 2)
 185 A   0.97796 0.02203 0.00000 0.00000 ( 1)
 186 K   0.23898 0.76100 0.00000 0.00001 ( 2)
 187 Y   0.79271 0.20728 0.00000 0.00000 ( 1)
 188 N   0.99505 0.00490 0.00005 0.00000 ( 1)
 189 D   0.99799 0.00185 0.00016 0.00000 ( 1)
 190 -   0.58459 0.40628 0.00538 0.00374 ( 1)
 191 -   0.50351 0.48736 0.00464 0.00449 ( 1)
 192 -   0.56995 0.42092 0.00525 0.00388 ( 1)
 193 Y   0.99964 0.00034 0.00002 0.00000 ( 1)
 194 N   0.99742 0.00251 0.00007 0.00000 ( 1)
 195 H   0.99997 0.00002 0.00001 0.00000 ( 1)
 196 I   0.92574 0.07423 0.00003 0.00000 ( 1)
 197 L   0.99920 0.00079 0.00001 0.00000 ( 1)
 198 S   0.75018 0.24971 0.00009 0.00003 ( 1)
 199 Y   0.40358 0.59637 0.00001 0.00004 ( 2)
 200 M   0.53882 0.46118 0.00000 0.00000 ( 1)
 201 L   0.36017 0.63975 0.00002 0.00005 ( 2)
 202 I   0.00363 0.99582 0.00001 0.00054 ( 2)
 203 N   0.75735 0.24256 0.00006 0.00004 ( 1)
 204 G   0.05296 0.94697 0.00000 0.00006 ( 2)
 205 -   0.78096 0.20991 0.00719 0.00193 ( 1)
 206 -   0.06688 0.92399 0.00062 0.00851 ( 2)
 207 -   0.50606 0.48482 0.00466 0.00447 ( 1)
 208 E   0.00313 0.98774 0.00003 0.00910 ( 2)
 209 T   0.58110 0.41878 0.00005 0.00006 ( 1)
 210 F   0.00963 0.99031 0.00000 0.00006 ( 2)
 211 G   0.36754 0.61264 0.01178 0.00803 ( 2)
 212 Q   0.04601 0.95398 0.00000 0.00001 ( 2)
 213 K   0.21132 0.78863 0.00001 0.00004 ( 2)
 214 R   0.01288 0.98701 0.00000 0.00011 ( 2)
 215 H   0.23939 0.76061 0.00000 0.00000 ( 2)
 216 G   0.81693 0.18307 0.00000 0.00000 ( 1)
 217 Y   0.96772 0.03225 0.00003 0.00000 ( 1)
 218 S   0.27948 0.71893 0.00097 0.00062 ( 2)
 219 F   0.99997 0.00002 0.00001 0.00000 ( 1)
 220 A   0.96669 0.00159 0.03171 0.00002 ( 1)
 221 F   0.89021 0.10967 0.00010 0.00002 ( 1)
 222 T   0.99697 0.00301 0.00003 0.00000 ( 1)
 223 H   0.99999 0.00000 0.00001 0.00000 ( 1)
 224 S   0.98299 0.01700 0.00001 0.00000 ( 1)
 225 S   0.99991 0.00004 0.00005 0.00000 ( 1)


lnL = -7102.560971

