Supplemental results for CODEML (seqf: algn  treef: tree)


dN/dS (w) for site classes (K=4)

site class             0        1       2a       2b
proportion       0.59637  0.40363  0.00000  0.00000
background w     0.11362  1.00000  0.11362  1.00000
foreground w     0.11362  1.00000  1.00000  1.00000

Naive Empirical Bayes (NEB) probabilities for 4 classes
(amino acids refer to 1st sequence: BT_Cry68Aa1)

   1 P   0.66428 0.33572 0.00000 0.00000 ( 1)
   2 V   0.88092 0.11908 0.00000 0.00000 ( 1)
   3 V   0.95147 0.04853 0.00000 0.00000 ( 1)
   4 S   0.31445 0.68555 0.00000 0.00000 ( 2)
   5 Q   0.80780 0.19220 0.00000 0.00000 ( 1)
   6 L   0.96940 0.03060 0.00000 0.00000 ( 1)
   7 S   0.99977 0.00023 0.00000 0.00000 ( 1)
   8 R   0.98099 0.01901 0.00000 0.00000 ( 1)
   9 V   0.64770 0.35230 0.00000 0.00000 ( 1)
  10 I   0.99906 0.00094 0.00000 0.00000 ( 1)
  11 Y   0.99904 0.00096 0.00000 0.00000 ( 1)
  12 T   0.99549 0.00451 0.00000 0.00000 ( 1)
  13 D   0.99894 0.00106 0.00000 0.00000 ( 1)
  14 P   0.99339 0.00661 0.00000 0.00000 ( 1)
  15 V   0.99336 0.00664 0.00000 0.00000 ( 1)
  16 G   0.99956 0.00044 0.00000 0.00000 ( 1)
  17 A   0.91121 0.08879 0.00000 0.00000 ( 1)
  18 I   0.82784 0.17216 0.00000 0.00000 ( 1)
  19 R   0.39690 0.60310 0.00000 0.00000 ( 2)
  20 T   0.20879 0.79121 0.00000 0.00000 ( 2)
  21 D   0.21528 0.78472 0.00000 0.00000 ( 2)
  22 G   0.01553 0.98447 0.00000 0.00000 ( 2)
  23 -   0.59637 0.40363 0.00000 0.00000 ( 1)
  24 -   0.05814 0.94186 0.00000 0.00000 ( 2)
  25 -   0.00145 0.99855 0.00000 0.00000 ( 2)
  26 -   0.03645 0.96355 0.00000 0.00000 ( 2)
  27 R   0.00385 0.99615 0.00000 0.00000 ( 2)
  28 G   0.53591 0.46409 0.00000 0.00000 ( 1)
  29 W   0.91848 0.08152 0.00000 0.00000 ( 1)
  30 F   0.99955 0.00045 0.00000 0.00000 ( 1)
  31 D   0.02362 0.97638 0.00000 0.00000 ( 2)
  32 P   0.91286 0.08714 0.00000 0.00000 ( 1)
  33 P   0.05208 0.94792 0.00000 0.00000 ( 2)
  34 V   0.70311 0.29689 0.00000 0.00000 ( 1)
  35 G   0.00026 0.99974 0.00000 0.00000 ( 2)
  36 T   0.00406 0.99594 0.00000 0.00000 ( 2)
  37 D   0.99674 0.00326 0.00000 0.00000 ( 1)
  38 R   0.61470 0.38530 0.00000 0.00000 ( 1)
  39 I   0.65118 0.34882 0.00000 0.00000 ( 1)
  40 R   0.00593 0.99407 0.00000 0.00000 ( 2)
  41 V   0.99558 0.00442 0.00000 0.00000 ( 1)
  42 N   0.94142 0.05858 0.00000 0.00000 ( 1)
  43 F   0.99852 0.00148 0.00000 0.00000 ( 1)
  44 A   0.03565 0.96435 0.00000 0.00000 ( 2)
  45 S   0.01441 0.98559 0.00000 0.00000 ( 2)
  46 I   0.94625 0.05375 0.00000 0.00000 ( 1)
  47 E   0.99897 0.00103 0.00000 0.00000 ( 1)
  48 N   0.99365 0.00635 0.00000 0.00000 ( 1)
  49 E   0.25026 0.74974 0.00000 0.00000 ( 2)
  50 I   0.99894 0.00106 0.00000 0.00000 ( 1)
  51 P   0.99815 0.00185 0.00000 0.00000 ( 1)
  52 A   0.03018 0.96982 0.00000 0.00000 ( 2)
  53 P   0.98931 0.01069 0.00000 0.00000 ( 1)
  54 T   0.04491 0.95509 0.00000 0.00000 ( 2)
  55 T   0.14950 0.85050 0.00000 0.00000 ( 2)
  56 S   0.79678 0.20322 0.00000 0.00000 ( 1)
  57 R   0.10453 0.89547 0.00000 0.00000 ( 2)
  58 H   0.81467 0.18533 0.00000 0.00000 ( 1)
  59 L   0.97363 0.02637 0.00000 0.00000 ( 1)
  60 S   0.15004 0.84996 0.00000 0.00000 ( 2)
  61 E   0.57542 0.42458 0.00000 0.00000 ( 1)
  62 L   0.32624 0.67376 0.00000 0.00000 ( 2)
  63 T   0.00029 0.99971 0.00000 0.00000 ( 2)
  64 I   0.98953 0.01047 0.00000 0.00000 ( 1)
  65 S   0.90838 0.09162 0.00000 0.00000 ( 1)
  66 S   0.18472 0.81528 0.00000 0.00000 ( 2)
  67 G   0.99151 0.00849 0.00000 0.00000 ( 1)
  68 P   0.15107 0.84893 0.00000 0.00000 ( 2)
  69 L   0.99919 0.00081 0.00000 0.00000 ( 1)
  70 G   0.10499 0.89501 0.00000 0.00000 ( 2)
  71 F   0.54021 0.45979 0.00000 0.00000 ( 1)
  72 G   0.57475 0.42525 0.00000 0.00000 ( 1)
  73 I   0.88385 0.11615 0.00000 0.00000 ( 1)
  74 N   0.37841 0.62159 0.00000 0.00000 ( 2)
  75 P   0.99752 0.00248 0.00000 0.00000 ( 1)
  76 S   0.00256 0.99744 0.00000 0.00000 ( 2)
  77 -   0.36746 0.63254 0.00000 0.00000 ( 2)
  78 -   0.67039 0.32961 0.00000 0.00000 ( 1)
  79 R   0.99739 0.00261 0.00000 0.00000 ( 1)
  80 T   0.95170 0.04830 0.00000 0.00000 ( 1)
  81 H   0.21950 0.78050 0.00000 0.00000 ( 2)
  82 S   0.09990 0.90010 0.00000 0.00000 ( 2)
  83 W   0.91848 0.08152 0.00000 0.00000 ( 1)
  84 Q   0.64474 0.35526 0.00000 0.00000 ( 1)
  85 G   0.99006 0.00994 0.00000 0.00000 ( 1)
  86 N   0.99530 0.00470 0.00000 0.00000 ( 1)
  87 R   0.02262 0.97738 0.00000 0.00000 ( 2)
  88 N   0.99645 0.00355 0.00000 0.00000 ( 1)
  89 V   0.06557 0.93443 0.00000 0.00000 ( 2)
  90 N   0.83409 0.16591 0.00000 0.00000 ( 1)
  91 I   0.00674 0.99326 0.00000 0.00000 ( 2)
  92 S   0.00331 0.99669 0.00000 0.00000 ( 2)
  93 A   0.72766 0.27234 0.00000 0.00000 ( 1)
  94 P   0.05951 0.94049 0.00000 0.00000 ( 2)
  95 T   0.01005 0.98995 0.00000 0.00000 ( 2)
  96 D   0.80685 0.19315 0.00000 0.00000 ( 1)
  97 V   0.06903 0.93097 0.00000 0.00000 ( 2)
  98 -   0.68937 0.31063 0.00000 0.00000 ( 1)
  99 -   0.17806 0.82194 0.00000 0.00000 ( 2)
 100 -   0.64541 0.35459 0.00000 0.00000 ( 1)
 101 -   0.62152 0.37848 0.00000 0.00000 ( 1)
 102 -   0.65200 0.34800 0.00000 0.00000 ( 1)
 103 S   0.89819 0.10181 0.00000 0.00000 ( 1)
 104 G   0.97154 0.02846 0.00000 0.00000 ( 1)
 105 V   0.01106 0.98894 0.00000 0.00000 ( 2)
 106 I   0.04171 0.95829 0.00000 0.00000 ( 2)
 107 S   0.95112 0.04888 0.00000 0.00000 ( 1)
 108 N   0.44238 0.55762 0.00000 0.00000 ( 2)
 109 R   0.00262 0.99738 0.00000 0.00000 ( 2)
 110 T   0.01345 0.98655 0.00000 0.00000 ( 2)
 111 Q   0.38486 0.61514 0.00000 0.00000 ( 2)
 112 T   0.95925 0.04075 0.00000 0.00000 ( 1)
 113 I   0.99555 0.00445 0.00000 0.00000 ( 1)
 114 P   0.08548 0.91452 0.00000 0.00000 ( 2)
 115 A   0.98165 0.01835 0.00000 0.00000 ( 1)
 116 R   0.15227 0.84773 0.00000 0.00000 ( 2)
 117 N   0.96912 0.03088 0.00000 0.00000 ( 1)
 118 I   0.99908 0.00092 0.00000 0.00000 ( 1)
 119 F   0.99360 0.00640 0.00000 0.00000 ( 1)
 120 R   0.99873 0.00127 0.00000 0.00000 ( 1)
 121 V   0.58314 0.41686 0.00000 0.00000 ( 1)
 122 N   0.97722 0.02278 0.00000 0.00000 ( 1)
 123 S   0.99034 0.00966 0.00000 0.00000 ( 1)
 124 R   0.19166 0.80834 0.00000 0.00000 ( 2)
 125 V   0.99583 0.00417 0.00000 0.00000 ( 1)
 126 Y   0.08030 0.91970 0.00000 0.00000 ( 2)
 127 T   0.99268 0.00732 0.00000 0.00000 ( 1)
 128 L   0.98452 0.01548 0.00000 0.00000 ( 1)
 129 D   0.99804 0.00196 0.00000 0.00000 ( 1)
 130 W   0.00235 0.99765 0.00000 0.00000 ( 2)
 131 R   0.78803 0.21197 0.00000 0.00000 ( 1)
 132 L   0.04677 0.95323 0.00000 0.00000 ( 2)
 133 Y   0.87834 0.12166 0.00000 0.00000 ( 1)
 134 G   0.99744 0.00256 0.00000 0.00000 ( 1)
 135 V   0.99917 0.00083 0.00000 0.00000 ( 1)
 136 Y   0.27872 0.72128 0.00000 0.00000 ( 2)
 137 R   0.97679 0.02321 0.00000 0.00000 ( 1)
 138 A   0.99933 0.00067 0.00000 0.00000 ( 1)
 139 E   0.88711 0.11289 0.00000 0.00000 ( 1)
 140 F   0.99955 0.00045 0.00000 0.00000 ( 1)
 141 F   0.84385 0.15615 0.00000 0.00000 ( 1)
 142 Q   0.98054 0.01946 0.00000 0.00000 ( 1)
 143 D   0.05496 0.94504 0.00000 0.00000 ( 2)
 144 A   0.92256 0.07744 0.00000 0.00000 ( 1)
 145 S   0.99652 0.00348 0.00000 0.00000 ( 1)
 146 Q   0.93409 0.06591 0.00000 0.00000 ( 1)
 147 N   0.17236 0.82764 0.00000 0.00000 ( 2)
 148 S   0.99705 0.00295 0.00000 0.00000 ( 1)
 149 Q   0.52927 0.47073 0.00000 0.00000 ( 1)
 150 I   0.00023 0.99977 0.00000 0.00000 ( 2)
 151 R   0.02075 0.97925 0.00000 0.00000 ( 2)
 152 V   0.97037 0.02963 0.00000 0.00000 ( 1)
 153 F   0.89459 0.10541 0.00000 0.00000 ( 1)
 154 A   0.00254 0.99746 0.00000 0.00000 ( 2)
 155 E   0.14854 0.85146 0.00000 0.00000 ( 2)
 156 N   0.38021 0.61979 0.00000 0.00000 ( 2)
 157 P   0.54355 0.45645 0.00000 0.00000 ( 1)
 158 P   0.01568 0.98432 0.00000 0.00000 ( 2)
 159 T   0.95950 0.04050 0.00000 0.00000 ( 1)
 160 G   0.69207 0.30793 0.00000 0.00000 ( 1)
 161 A   0.06588 0.93412 0.00000 0.00000 ( 2)
 162 -   0.01616 0.98384 0.00000 0.00000 ( 2)
 163 -   0.19468 0.80532 0.00000 0.00000 ( 2)
 164 G   0.25924 0.74076 0.00000 0.00000 ( 2)
 165 A   0.26388 0.73612 0.00000 0.00000 ( 2)
 166 Q   0.00152 0.99848 0.00000 0.00000 ( 2)
 167 S   0.00490 0.99510 0.00000 0.00000 ( 2)
 168 A   0.00035 0.99965 0.00000 0.00000 ( 2)
 169 N   0.99946 0.00054 0.00000 0.00000 ( 1)
 170 N   0.04863 0.95137 0.00000 0.00000 ( 2)
 171 F   0.00246 0.99754 0.00000 0.00000 ( 2)
 172 R   0.86628 0.13372 0.00000 0.00000 ( 1)
 173 F   0.99317 0.00683 0.00000 0.00000 ( 1)
 174 L   0.09153 0.90847 0.00000 0.00000 ( 2)
 175 P   0.99252 0.00748 0.00000 0.00000 ( 1)
 176 G   0.99744 0.00256 0.00000 0.00000 ( 1)
 177 E   0.99897 0.00103 0.00000 0.00000 ( 1)
 178 N   0.96902 0.03098 0.00000 0.00000 ( 1)
 179 S   0.95962 0.04038 0.00000 0.00000 ( 1)
 180 D   0.00191 0.99809 0.00000 0.00000 ( 2)
 181 T   0.97559 0.02441 0.00000 0.00000 ( 1)
 182 P   0.99655 0.00345 0.00000 0.00000 ( 1)
 183 T   0.99814 0.00186 0.00000 0.00000 ( 1)
 184 P   0.99207 0.00793 0.00000 0.00000 ( 1)
 185 Q   0.13584 0.86416 0.00000 0.00000 ( 2)
 186 D   0.99915 0.00085 0.00000 0.00000 ( 1)
 187 Y   0.99904 0.00096 0.00000 0.00000 ( 1)
 188 T   0.99902 0.00098 0.00000 0.00000 ( 1)
 189 H   0.99856 0.00144 0.00000 0.00000 ( 1)
 190 L   0.32804 0.67196 0.00000 0.00000 ( 2)
 191 L   0.98659 0.01341 0.00000 0.00000 ( 1)
 192 S   0.99847 0.00153 0.00000 0.00000 ( 1)
 193 R   0.13426 0.86574 0.00000 0.00000 ( 2)
 194 V   0.04172 0.95828 0.00000 0.00000 ( 2)
 195 V   0.06086 0.93914 0.00000 0.00000 ( 2)
 196 N   0.99968 0.00032 0.00000 0.00000 ( 1)
 197 A   0.02353 0.97647 0.00000 0.00000 ( 2)
 198 T   0.97374 0.02626 0.00000 0.00000 ( 1)
 199 V   0.95960 0.04040 0.00000 0.00000 ( 1)
 200 G   0.99754 0.00246 0.00000 0.00000 ( 1)
 201 L   0.99919 0.00081 0.00000 0.00000 ( 1)
 202 T   0.20207 0.79793 0.00000 0.00000 ( 2)
 203 P   0.87600 0.12400 0.00000 0.00000 ( 1)
 204 A   0.78658 0.21342 0.00000 0.00000 ( 1)
 205 T   0.27641 0.72359 0.00000 0.00000 ( 2)
 206 G   0.00110 0.99890 0.00000 0.00000 ( 2)
 207 N   0.02096 0.97904 0.00000 0.00000 ( 2)
 208 Q   0.91538 0.08462 0.00000 0.00000 ( 1)
 209 R   0.99896 0.00104 0.00000 0.00000 ( 1)
 210 N   0.45625 0.54375 0.00000 0.00000 ( 2)
 211 S   0.99907 0.00093 0.00000 0.00000 ( 1)
 212 V   0.61496 0.38504 0.00000 0.00000 ( 1)
 213 L   0.89146 0.10854 0.00000 0.00000 ( 1)
 214 I   0.14677 0.85323 0.00000 0.00000 ( 2)
 215 F   0.28601 0.71399 0.00000 0.00000 ( 2)
 216 G   0.99956 0.00044 0.00000 0.00000 ( 1)
 217 W   0.91848 0.08152 0.00000 0.00000 ( 1)
 218 K   0.97901 0.02099 0.00000 0.00000 ( 1)
 219 H   0.99947 0.00053 0.00000 0.00000 ( 1)
 220 K   0.98622 0.01378 0.00000 0.00000 ( 1)


lnL = -3308.396312

Bayes Empirical Bayes (BEB) probabilities for 4 classes (class)
(amino acids refer to 1st sequence: BT_Cry68Aa1)

   1 P   0.73928 0.22028 0.03020 0.01025 ( 1)
   2 V   0.88531 0.07494 0.03624 0.00351 ( 1)
   3 V   0.93188 0.03268 0.03401 0.00143 ( 1)
   4 S   0.47936 0.48032 0.01868 0.02164 ( 2)
   5 Q   0.81244 0.13848 0.04169 0.00739 ( 1)
   6 L   0.92374 0.02744 0.04736 0.00147 ( 1)
   7 S   0.96477 0.00028 0.03494 0.00001 ( 1)
   8 R   0.93664 0.01734 0.04513 0.00089 ( 1)
   9 V   0.71547 0.23385 0.03793 0.01275 ( 1)
  10 I   0.96348 0.00108 0.03539 0.00005 ( 1)
  11 Y   0.95993 0.00105 0.03898 0.00005 ( 1)
  12 T   0.95600 0.00464 0.03915 0.00022 ( 1)
  13 D   0.96350 0.00124 0.03520 0.00005 ( 1)
  14 P   0.95159 0.00644 0.04166 0.00031 ( 1)
  15 V   0.95882 0.00569 0.03523 0.00025 ( 1)
  16 G   0.96266 0.00052 0.03680 0.00002 ( 1)
  17 A   0.90517 0.05680 0.03545 0.00258 ( 1)
  18 I   0.84987 0.10991 0.03508 0.00514 ( 1)
  19 R   0.55635 0.40315 0.02211 0.01839 ( 1)
  20 T   0.35297 0.60453 0.01451 0.02799 ( 2)
  21 D   0.40267 0.55862 0.01448 0.02423 ( 2)
  22 G   0.05254 0.90610 0.00191 0.03945 ( 2)
  23 -   0.61074 0.33559 0.03456 0.01911 ( 1)
  24 -   0.10821 0.84819 0.00441 0.03919 ( 2)
  25 -   0.00459 0.94701 0.00022 0.04817 ( 2)
  26 -   0.07126 0.88373 0.00306 0.04196 ( 2)
  27 R   0.01219 0.94359 0.00050 0.04371 ( 2)
  28 G   0.63709 0.32580 0.02298 0.01412 ( 1)
  29 W   0.88120 0.06959 0.04548 0.00373 ( 1)
  30 F   0.96176 0.00051 0.03770 0.00002 ( 1)
  31 D   0.07520 0.87503 0.00380 0.04597 ( 2)
  32 P   0.87068 0.07565 0.04935 0.00432 ( 1)
  33 P   0.09632 0.85001 0.00545 0.04822 ( 2)
  34 V   0.70071 0.24562 0.03967 0.01400 ( 1)
  35 G   0.00126 0.95576 0.00005 0.04294 ( 2)
  36 T   0.01481 0.94263 0.00056 0.04200 ( 2)
  37 D   0.96228 0.00294 0.03466 0.00013 ( 1)
  38 R   0.62642 0.31991 0.03545 0.01822 ( 1)
  39 I   0.65728 0.28904 0.03721 0.01646 ( 1)
  40 R   0.01789 0.93784 0.00073 0.04354 ( 2)
  41 V   0.96000 0.00391 0.03591 0.00017 ( 1)
  42 N   0.92465 0.04031 0.03328 0.00177 ( 1)
  43 F   0.94895 0.00159 0.04938 0.00009 ( 1)
  44 A   0.08095 0.87253 0.00367 0.04285 ( 2)
  45 S   0.04083 0.91753 0.00150 0.04014 ( 2)
  46 I   0.91375 0.04135 0.04281 0.00209 ( 1)
  47 E   0.95978 0.00112 0.03905 0.00005 ( 1)
  48 N   0.95943 0.00545 0.03487 0.00024 ( 1)
  49 E   0.40675 0.55071 0.01680 0.02574 ( 2)
  50 I   0.96070 0.00119 0.03805 0.00005 ( 1)
  51 P   0.95931 0.00196 0.03864 0.00009 ( 1)
  52 A   0.08254 0.87632 0.00298 0.03815 ( 2)
  53 P   0.95242 0.00882 0.03836 0.00041 ( 1)
  54 T   0.09987 0.85628 0.00408 0.03976 ( 2)
  55 T   0.26814 0.68164 0.01383 0.03639 ( 2)
  56 S   0.82825 0.13247 0.03318 0.00610 ( 1)
  57 R   0.18029 0.76936 0.00931 0.04104 ( 2)
  58 H   0.84271 0.11892 0.03298 0.00539 ( 1)
  59 L   0.93122 0.02393 0.04364 0.00121 ( 1)
  60 S   0.26524 0.69513 0.00947 0.03016 ( 2)
  61 E   0.70315 0.26024 0.02523 0.01138 ( 1)
  62 L   0.49131 0.46626 0.02060 0.02183 ( 1)
  63 T   0.00156 0.95609 0.00006 0.04229 ( 2)
  64 I   0.95325 0.00861 0.03775 0.00040 ( 1)
  65 S   0.90328 0.05779 0.03627 0.00267 ( 1)
  66 S   0.32318 0.63682 0.01192 0.02808 ( 2)
  67 G   0.95429 0.00882 0.03650 0.00040 ( 1)
  68 P   0.24712 0.70637 0.01141 0.03511 ( 2)
  69 L   0.96017 0.00089 0.03890 0.00004 ( 1)
  70 G   0.23173 0.72505 0.00948 0.03374 ( 2)
  71 F   0.64217 0.30857 0.03284 0.01642 ( 1)
  72 G   0.66507 0.28543 0.03420 0.01531 ( 1)
  73 I   0.88732 0.07603 0.03325 0.00339 ( 1)
  74 N   0.52488 0.42941 0.02408 0.02163 ( 1)
  75 P   0.95550 0.00254 0.04183 0.00012 ( 1)
  76 S   0.01103 0.91872 0.00524 0.06502 ( 2)
  77 -   0.45339 0.50731 0.01680 0.02251 ( 2)
  78 -   0.71884 0.24403 0.02639 0.01074 ( 1)
  79 R   0.95800 0.00270 0.03917 0.00013 ( 1)
  80 T   0.91519 0.03675 0.04611 0.00194 ( 1)
  81 H   0.33433 0.61828 0.01594 0.03144 ( 2)
  82 S   0.19957 0.75715 0.00819 0.03509 ( 2)
  83 W   0.88120 0.06959 0.04548 0.00373 ( 1)
  84 Q   0.72929 0.23052 0.02953 0.01066 ( 1)
  85 G   0.94729 0.00960 0.04263 0.00048 ( 1)
  86 N   0.95922 0.00430 0.03628 0.00020 ( 1)
  87 R   0.05539 0.89564 0.00272 0.04625 ( 2)
  88 N   0.96072 0.00329 0.03585 0.00015 ( 1)
  89 V   0.13058 0.81510 0.00698 0.04735 ( 2)
  90 N   0.85224 0.11148 0.03132 0.00497 ( 1)
  91 I   0.01996 0.92821 0.00107 0.05076 ( 2)
  92 S   0.01213 0.94415 0.00049 0.04323 ( 2)
  93 A   0.77807 0.18460 0.02907 0.00826 ( 1)
  94 P   0.14317 0.81599 0.00522 0.03563 ( 2)
  95 T   0.02894 0.92402 0.00132 0.04571 ( 2)
  96 D   0.83171 0.12400 0.03813 0.00616 ( 1)
  97 V   0.14544 0.68942 0.09552 0.06962 ( 2)
  98 -   0.70102 0.26157 0.02577 0.01164 ( 1)
  99 -   0.22866 0.65078 0.07116 0.04940 ( 2)
 100 -   0.66013 0.29744 0.02813 0.01429 ( 1)
 101 -   0.63673 0.31636 0.03068 0.01623 ( 1)
 102 -   0.66226 0.29033 0.03225 0.01516 ( 1)
 103 S   0.89646 0.06416 0.03639 0.00298 ( 1)
 104 G   0.93012 0.02578 0.04281 0.00129 ( 1)
 105 V   0.03216 0.92093 0.00147 0.04543 ( 2)
 106 I   0.10433 0.85262 0.00417 0.03889 ( 2)
 107 S   0.91358 0.03854 0.04585 0.00203 ( 1)
 108 N   0.44209 0.26680 0.26786 0.02325 ( 1)
 109 R   0.00970 0.93026 0.00060 0.05944 ( 2)
 110 T   0.03846 0.91739 0.00157 0.04259 ( 2)
 111 Q   0.51244 0.44226 0.02343 0.02188 ( 1)
 112 T   0.93044 0.03346 0.03461 0.00149 ( 1)
 113 I   0.96054 0.00400 0.03528 0.00018 ( 1)
 114 P   0.17479 0.77800 0.00821 0.03899 ( 2)
 115 A   0.93663 0.01497 0.04761 0.00080 ( 1)
 116 R   0.24496 0.70655 0.01198 0.03651 ( 2)
 117 N   0.94363 0.02145 0.03399 0.00094 ( 1)
 118 I   0.96082 0.00108 0.03805 0.00005 ( 1)
 119 F   0.95558 0.00665 0.03747 0.00030 ( 1)
 120 R   0.95933 0.00138 0.03923 0.00006 ( 1)
 121 V   0.54167 0.22277 0.21932 0.01624 ( 1)
 122 N   0.94880 0.01586 0.03465 0.00070 ( 1)
 123 S   0.95202 0.00934 0.03822 0.00043 ( 1)
 124 R   0.33555 0.61859 0.01533 0.03053 ( 2)
 125 V   0.95999 0.00370 0.03614 0.00017 ( 1)
 126 Y   0.19177 0.76530 0.00777 0.03516 ( 2)
 127 T   0.95871 0.00648 0.03452 0.00028 ( 1)
 128 L   0.94052 0.01465 0.04408 0.00074 ( 1)
 129 D   0.96340 0.00182 0.03471 0.00008 ( 1)
 130 W   0.01001 0.94835 0.00037 0.04127 ( 2)
 131 R   0.79579 0.15377 0.04207 0.00837 ( 1)
 132 L   0.10362 0.85277 0.00421 0.03939 ( 2)
 133 Y   0.88227 0.07813 0.03597 0.00363 ( 1)
 134 G   0.95631 0.00264 0.04092 0.00013 ( 1)
 135 V   0.95273 0.00095 0.04627 0.00005 ( 1)
 136 Y   0.43294 0.52696 0.01634 0.02376 ( 2)
 137 R   0.93586 0.01812 0.04509 0.00093 ( 1)
 138 A   0.95624 0.00078 0.04294 0.00004 ( 1)
 139 E   0.88746 0.07220 0.03694 0.00340 ( 1)
 140 F   0.96176 0.00051 0.03770 0.00002 ( 1)
 141 F   0.86119 0.09920 0.03501 0.00460 ( 1)
 142 Q   0.94608 0.01567 0.03754 0.00072 ( 1)
 143 D   0.13470 0.82463 0.00488 0.03579 ( 2)
 144 A   0.90616 0.05067 0.04064 0.00253 ( 1)
 145 S   0.96188 0.00315 0.03483 0.00014 ( 1)
 146 Q   0.91175 0.04860 0.03738 0.00227 ( 1)
 147 N   0.30599 0.65345 0.01161 0.02894 ( 2)
 148 S   0.95825 0.00314 0.03847 0.00014 ( 1)
 149 Q   0.63674 0.31834 0.02914 0.01578 ( 1)
 150 I   0.00119 0.95487 0.00005 0.04389 ( 2)
 151 R   0.04880 0.89958 0.00259 0.04903 ( 2)
 152 V   0.92878 0.02313 0.04687 0.00122 ( 1)
 153 F   0.87127 0.07753 0.04692 0.00428 ( 1)
 154 A   0.00959 0.94261 0.00044 0.04736 ( 2)
 155 E   0.27315 0.67732 0.01383 0.03570 ( 2)
 156 N   0.39803 0.31169 0.26076 0.02952 ( 1)
 157 P   0.68422 0.27837 0.02509 0.01233 ( 1)
 158 P   0.03984 0.90722 0.00202 0.05093 ( 2)
 159 T   0.92852 0.03197 0.03801 0.00150 ( 1)
 160 G   0.78312 0.17901 0.02978 0.00809 ( 1)
 161 A   0.13670 0.81404 0.00675 0.04251 ( 2)
 162 -   0.03941 0.91717 0.00156 0.04185 ( 2)
 163 -   0.30498 0.65536 0.01107 0.02858 ( 2)
 164 G   0.41450 0.53717 0.02034 0.02800 ( 2)
 165 A   0.42020 0.53831 0.01684 0.02464 ( 2)
 166 Q   0.00598 0.94959 0.00025 0.04418 ( 2)
 167 S   0.01766 0.94017 0.00066 0.04150 ( 2)
 168 A   0.00149 0.94988 0.00007 0.04856 ( 2)
 169 N   0.96459 0.00064 0.03474 0.00003 ( 1)
 170 N   0.11074 0.84811 0.00403 0.03712 ( 2)
 171 F   0.00935 0.94096 0.00044 0.04924 ( 2)
 172 R   0.86234 0.10114 0.03201 0.00450 ( 1)
 173 F   0.95490 0.00576 0.03907 0.00027 ( 1)
 174 L   0.18368 0.75893 0.01456 0.04283 ( 2)
 175 P   0.95386 0.00738 0.03842 0.00034 ( 1)
 176 G   0.95631 0.00264 0.04092 0.00013 ( 1)
 177 E   0.95978 0.00112 0.03905 0.00005 ( 1)
 178 N   0.94388 0.02121 0.03398 0.00093 ( 1)
 179 S   0.92017 0.03613 0.04191 0.00179 ( 1)
 180 D   0.00845 0.92096 0.00416 0.06644 ( 2)
 181 T   0.93103 0.01931 0.04862 0.00104 ( 1)
 182 P   0.95457 0.00346 0.04179 0.00017 ( 1)
 183 T   0.96199 0.00214 0.03577 0.00010 ( 1)
 184 P   0.95035 0.00767 0.04161 0.00037 ( 1)
 185 Q   0.25941 0.69777 0.01057 0.03225 ( 2)
 186 D   0.95069 0.00097 0.04829 0.00005 ( 1)
 187 Y   0.95993 0.00105 0.03898 0.00005 ( 1)
 188 T   0.96298 0.00117 0.03580 0.00005 ( 1)
 189 H   0.96028 0.00154 0.03811 0.00007 ( 1)
 190 L   0.48148 0.46224 0.02696 0.02932 ( 1)
 191 L   0.94266 0.01253 0.04418 0.00063 ( 1)
 192 S   0.95309 0.00174 0.04508 0.00009 ( 1)
 193 R   0.25352 0.70318 0.01044 0.03286 ( 2)
 194 V   0.10838 0.84770 0.00445 0.03948 ( 2)
 195 V   0.14608 0.78351 0.01937 0.05104 ( 2)
 196 N   0.96483 0.00040 0.03475 0.00002 ( 1)
 197 A   0.06545 0.88718 0.00305 0.04432 ( 2)
 198 T   0.93858 0.02196 0.03843 0.00103 ( 1)
 199 V   0.92777 0.03106 0.03969 0.00148 ( 1)
 200 G   0.95646 0.00254 0.04088 0.00012 ( 1)
 201 L   0.96017 0.00089 0.03890 0.00004 ( 1)
 202 T   0.32346 0.63409 0.01314 0.02931 ( 2)
 203 P   0.86541 0.09041 0.03969 0.00450 ( 1)
 204 A   0.82306 0.13658 0.03396 0.00640 ( 1)
 205 T   0.44056 0.51729 0.01807 0.02409 ( 2)
 206 G   0.00416 0.92304 0.00028 0.07252 ( 2)
 207 N   0.06029 0.89848 0.00216 0.03907 ( 2)
 208 Q   0.89223 0.06044 0.04413 0.00320 ( 1)
 209 R   0.95915 0.00112 0.03968 0.00005 ( 1)
 210 N   0.60795 0.34730 0.02760 0.01716 ( 1)
 211 S   0.96038 0.00103 0.03855 0.00005 ( 1)
 212 V   0.69186 0.25204 0.04206 0.01403 ( 1)
 213 L   0.87786 0.08205 0.03625 0.00384 ( 1)
 214 I   0.24336 0.61934 0.10078 0.03652 ( 2)
 215 F   0.44904 0.50934 0.01815 0.02348 ( 2)
 216 G   0.96266 0.00052 0.03680 0.00002 ( 1)
 217 W   0.88120 0.06959 0.04548 0.00373 ( 1)
 218 K   0.94340 0.01716 0.03863 0.00080 ( 1)
 219 H   0.96122 0.00060 0.03815 0.00003 ( 1)
 220 K   0.95002 0.01143 0.03802 0.00053 ( 1)

