Supplemental results for CODEML (seqf: algn  treef: tree)


dN/dS (w) for site classes (K=4)

site class             0        1       2a       2b
proportion       0.54311  0.44796  0.00489  0.00403
background w     0.03142  0.41810  0.03142  0.41810
foreground w     0.03142  0.41810 999.00000 999.00000

Naive Empirical Bayes (NEB) probabilities for 4 classes
(amino acids refer to 1st sequence: BT_Cry9Ba1)

   1 -   0.83779 0.16221 0.00000 0.00000 ( 1)
   2 -   0.95237 0.04762 0.00001 0.00000 ( 1)
   3 -   0.04839 0.95143 0.00001 0.00017 ( 2)
   4 -   0.33688 0.66311 0.00000 0.00001 ( 2)
   5 I   0.08467 0.91532 0.00000 0.00001 ( 2)
   6 L   0.05280 0.94707 0.00001 0.00013 ( 2)
   7 T   0.19063 0.80936 0.00000 0.00001 ( 2)
   8 G   0.00079 0.99921 0.00000 0.00001 ( 2)
   9 F   0.02810 0.97190 0.00000 0.00000 ( 2)
  10 L   0.15459 0.84540 0.00000 0.00001 ( 2)
  11 S   0.33404 0.66585 0.00003 0.00007 ( 2)
  12 T   0.01448 0.98552 0.00000 0.00001 ( 2)
  13 L   0.94345 0.05655 0.00000 0.00000 ( 1)
  14 F   0.60430 0.39569 0.00001 0.00000 ( 1)
  15 G   0.27386 0.72612 0.00000 0.00001 ( 2)
  16 F   0.00006 0.99994 0.00000 0.00000 ( 2)
  17 L   0.85284 0.14716 0.00000 0.00000 ( 1)
  18 W   0.81514 0.18486 0.00000 0.00000 ( 1)
  19 P   0.95830 0.04169 0.00000 0.00000 ( 1)
  20 S   0.00986 0.99013 0.00000 0.00001 ( 2)
  21 N   0.88000 0.11998 0.00001 0.00000 ( 1)
  22 D   0.37405 0.62391 0.00176 0.00028 ( 2)
  23 Q   0.30738 0.69261 0.00000 0.00001 ( 2)
  24 A   0.77627 0.22372 0.00001 0.00000 ( 1)
  25 V   0.98447 0.01552 0.00001 0.00000 ( 1)
  26 W   0.81514 0.18486 0.00000 0.00000 ( 1)
  27 E   0.86870 0.13128 0.00002 0.00000 ( 1)
  28 A   0.97805 0.02195 0.00001 0.00000 ( 1)
  29 F   0.98609 0.01390 0.00001 0.00000 ( 1)
  30 I   0.81480 0.18519 0.00000 0.00000 ( 1)
  31 E   0.00086 0.99912 0.00000 0.00002 ( 2)
  32 Q   0.48007 0.51992 0.00000 0.00000 ( 2)
  33 M   0.00253 0.99703 0.00001 0.00043 ( 2)
  34 E   0.98960 0.01038 0.00002 0.00000 ( 1)
  35 E   0.68693 0.31306 0.00000 0.00000 ( 1)
  36 L   0.58702 0.41298 0.00000 0.00000 ( 1)
  37 I   0.96626 0.03374 0.00000 0.00000 ( 1)
  38 E   0.01215 0.98764 0.00000 0.00021 ( 2)
  39 Q   0.96357 0.03642 0.00001 0.00000 ( 1)
  40 R   0.15048 0.84951 0.00000 0.00000 ( 2)
  41 I   0.98641 0.01358 0.00001 0.00000 ( 1)
  42 S   0.86971 0.13029 0.00000 0.00000 ( 1)
  43 D   0.01718 0.98220 0.00010 0.00052 ( 2)
  44 Q   0.14674 0.85326 0.00000 0.00001 ( 2)
  45 V   0.98486 0.01513 0.00001 0.00000 ( 1)
  46 V   0.20909 0.79090 0.00000 0.00001 ( 2)
  47 R   0.43458 0.56538 0.00002 0.00002 ( 2)
  48 T   0.00040 0.99958 0.00000 0.00002 ( 2)
  49 A   0.98266 0.01734 0.00001 0.00000 ( 1)
  50 L   0.00561 0.99437 0.00000 0.00002 ( 2)
  51 D   0.99333 0.00666 0.00001 0.00000 ( 1)
  52 D   0.00000 0.99950 0.00000 0.00049 ( 2)
  53 L   0.93515 0.06471 0.00012 0.00001 ( 1)
  54 T   0.96172 0.03828 0.00000 0.00000 ( 1)
  55 G   0.97812 0.02187 0.00000 0.00000 ( 1)
  56 I   0.00953 0.98926 0.00011 0.00110 ( 2)
  57 Q   0.05907 0.94093 0.00000 0.00000 ( 2)
  58 N   0.00320 0.99678 0.00000 0.00002 ( 2)
  59 Y   0.81050 0.18949 0.00001 0.00000 ( 1)
  60 Y   0.96131 0.03868 0.00001 0.00000 ( 1)
  61 N   0.00009 0.98506 0.00001 0.01484 ( 2)
  62 Q   0.05995 0.94002 0.00000 0.00003 ( 2)
  63 Y   0.97003 0.02996 0.00001 0.00000 ( 1)
  64 L   0.64966 0.35024 0.00006 0.00004 ( 1)
  65 I   0.00008 0.99979 0.00000 0.00012 ( 2)
  66 A   0.98376 0.01624 0.00001 0.00000 ( 1)
  67 L   0.43486 0.56513 0.00000 0.00001 ( 2)
  68 K   0.11238 0.88762 0.00000 0.00000 ( 2)
  69 E   0.95334 0.04666 0.00000 0.00000 ( 1)
  70 W   0.81514 0.18486 0.00000 0.00000 ( 1)
  71 E   0.03068 0.96919 0.00000 0.00013 ( 2)
  72 E   0.03438 0.95693 0.00257 0.00612 ( 2)
  73 R   0.15175 0.84825 0.00000 0.00000 ( 2)
  74 P   0.91670 0.08330 0.00000 0.00000 ( 1)
  75 N   0.61131 0.38854 0.00008 0.00007 ( 1)
  76 G   0.03081 0.96915 0.00000 0.00004 ( 2)
  77 V   0.80050 0.19925 0.00019 0.00006 ( 1)
  78 R   0.97107 0.02893 0.00000 0.00000 ( 1)
  79 A   0.16983 0.83016 0.00000 0.00001 ( 2)
  80 N   0.00041 0.99959 0.00000 0.00000 ( 2)
  81 L   0.93470 0.06529 0.00001 0.00000 ( 1)
  82 V   0.00956 0.99038 0.00001 0.00005 ( 2)
  83 L   0.00070 0.99929 0.00000 0.00001 ( 2)
  84 Q   0.05244 0.94744 0.00001 0.00011 ( 2)
  85 R   0.95691 0.04309 0.00000 0.00000 ( 1)
  86 F   0.98609 0.01390 0.00001 0.00000 ( 1)
  87 E   0.01228 0.98770 0.00000 0.00002 ( 2)
  88 I   0.00030 0.99970 0.00000 0.00000 ( 2)
  89 L   0.89547 0.10453 0.00000 0.00000 ( 1)
  90 H   0.83767 0.16232 0.00000 0.00000 ( 1)
  91 A   0.00000 0.03628 0.00001 0.96371 ( 4)
  92 L   0.00037 0.96486 0.00194 0.03283 ( 2)
  93 F   0.98609 0.01390 0.00001 0.00000 ( 1)
  94 V   0.21391 0.78607 0.00000 0.00001 ( 2)
  95 S   0.00027 0.99924 0.00000 0.00049 ( 2)
  96 S   0.00001 0.45331 0.00014 0.54654 ( 4)
  97 M   0.98120 0.01880 0.00000 0.00000 ( 1)
  98 P   0.96259 0.03741 0.00000 0.00000 ( 1)
  99 S   0.90308 0.09689 0.00003 0.00000 ( 1)
 100 F   0.98609 0.01390 0.00001 0.00000 ( 1)
 101 G   0.96060 0.03919 0.00020 0.00001 ( 1)
 102 S   0.00084 0.99850 0.00001 0.00066 ( 2)
 103 G   0.97204 0.02796 0.00000 0.00000 ( 1)
 104 P   0.95769 0.04231 0.00000 0.00000 ( 1)
 105 G   0.97752 0.02247 0.00000 0.00000 ( 1)
 106 S   0.98143 0.01857 0.00000 0.00000 ( 1)
 107 Q   0.00983 0.98897 0.00012 0.00109 ( 2)
 108 R   0.13389 0.86611 0.00000 0.00000 ( 2)
 109 F   0.09651 0.90347 0.00000 0.00002 ( 2)
 110 Q   0.00493 0.99507 0.00000 0.00000 ( 2)
 111 A   0.02007 0.97992 0.00000 0.00002 ( 2)
 112 Q   0.00054 0.99945 0.00000 0.00001 ( 2)
 113 L   0.89963 0.10037 0.00000 0.00000 ( 1)
 114 L   0.87013 0.12987 0.00000 0.00000 ( 1)
 115 V   0.00002 0.99998 0.00000 0.00001 ( 2)
 116 V   0.98367 0.01631 0.00001 0.00000 ( 1)
 117 Y   0.96927 0.03072 0.00001 0.00000 ( 1)
 118 A   0.78460 0.21539 0.00001 0.00000 ( 1)
 119 Q   0.96357 0.03642 0.00001 0.00000 ( 1)
 120 A   0.98102 0.01897 0.00001 0.00000 ( 1)
 121 A   0.95163 0.04837 0.00000 0.00000 ( 1)
 122 N   0.97596 0.02403 0.00001 0.00000 ( 1)
 123 L   0.89413 0.10587 0.00000 0.00000 ( 1)
 124 H   0.98678 0.01321 0.00001 0.00000 ( 1)
 125 L   0.88016 0.11983 0.00000 0.00000 ( 1)
 126 L   0.93417 0.06582 0.00001 0.00000 ( 1)
 127 L   0.93731 0.06268 0.00001 0.00000 ( 1)
 128 L   0.93731 0.06268 0.00001 0.00000 ( 1)
 129 A   0.01040 0.98958 0.00000 0.00002 ( 2)
 130 D   0.99333 0.00666 0.00001 0.00000 ( 1)
 131 A   0.97977 0.02023 0.00001 0.00000 ( 1)
 132 E   0.84765 0.15234 0.00001 0.00000 ( 1)
 133 K   0.74476 0.25522 0.00001 0.00001 ( 1)
 134 Y   0.97493 0.02507 0.00001 0.00000 ( 1)
 135 G   0.92650 0.07349 0.00000 0.00000 ( 1)
 136 A   0.78895 0.21104 0.00001 0.00000 ( 1)
 137 R   0.97792 0.02208 0.00000 0.00000 ( 1)
 138 W   0.81514 0.18486 0.00000 0.00000 ( 1)
 139 G   0.97189 0.02811 0.00000 0.00000 ( 1)
 140 L   0.88906 0.11094 0.00000 0.00000 ( 1)
 141 R   0.00006 0.88545 0.00118 0.11331 ( 2)
 142 E   0.69671 0.30329 0.00000 0.00000 ( 1)
 143 S   0.00002 0.99587 0.00000 0.00410 ( 2)
 144 Q   0.93408 0.06581 0.00010 0.00001 ( 1)
 145 I   0.98486 0.01513 0.00001 0.00000 ( 1)
 146 G   0.54311 0.44796 0.00489 0.00403 ( 1)
 147 N   0.00711 0.99289 0.00000 0.00000 ( 2)
 148 L   0.01682 0.98317 0.00000 0.00001 ( 2)
 149 Y   0.55414 0.44585 0.00000 0.00000 ( 1)
 150 F   0.24493 0.75506 0.00000 0.00001 ( 2)
 151 N   0.01110 0.98889 0.00000 0.00001 ( 2)
 152 E   0.00392 0.99607 0.00000 0.00001 ( 2)
 153 L   0.60513 0.39486 0.00000 0.00000 ( 1)
 154 Q   0.96357 0.03642 0.00001 0.00000 ( 1)
 155 T   0.00000 0.99998 0.00000 0.00002 ( 2)
 156 R   0.00045 0.99955 0.00000 0.00000 ( 2)
 157 T   0.97525 0.02475 0.00000 0.00000 ( 1)
 158 R   0.00020 0.99955 0.00000 0.00025 ( 2)
 159 D   0.00008 0.99991 0.00000 0.00001 ( 2)
 160 Y   0.96947 0.03052 0.00001 0.00000 ( 1)
 161 T   0.92108 0.07892 0.00000 0.00000 ( 1)
 162 N   0.98793 0.01206 0.00001 0.00000 ( 1)
 163 H   0.98678 0.01321 0.00001 0.00000 ( 1)
 164 C   0.93586 0.06413 0.00001 0.00000 ( 1)
 165 V   0.95791 0.04209 0.00000 0.00000 ( 1)
 166 N   0.00374 0.99624 0.00000 0.00001 ( 2)
 167 A   0.00501 0.99498 0.00000 0.00001 ( 2)
 168 Y   0.97493 0.02507 0.00001 0.00000 ( 1)
 169 N   0.99270 0.00729 0.00001 0.00000 ( 1)
 170 N   0.00006 0.99993 0.00000 0.00000 ( 2)
 171 G   0.96688 0.03311 0.00000 0.00000 ( 1)
 172 L   0.93731 0.06268 0.00001 0.00000 ( 1)
 173 A   0.00052 0.99946 0.00000 0.00003 ( 2)
 174 G   0.00000 0.99839 0.00000 0.00161 ( 2)
 175 L   0.07198 0.92801 0.00000 0.00001 ( 2)
 176 R   0.69550 0.30267 0.00176 0.00007 ( 1)
 177 G   0.86834 0.13166 0.00000 0.00000 ( 1)
 178 T   0.97834 0.02165 0.00001 0.00000 ( 1)
 179 S   0.01570 0.98429 0.00000 0.00002 ( 2)
 180 A   0.00415 0.99561 0.00000 0.00024 ( 2)
 181 E   0.01090 0.98907 0.00000 0.00002 ( 2)
 182 S   0.98143 0.01857 0.00000 0.00000 ( 1)
 183 W   0.81514 0.18486 0.00000 0.00000 ( 1)
 184 L   0.00001 0.87244 0.00031 0.12723 ( 2)
 185 K   0.30118 0.69881 0.00000 0.00001 ( 2)
 186 Y   0.90233 0.09755 0.00011 0.00001 ( 1)
 187 H   0.83356 0.16629 0.00012 0.00003 ( 1)
 188 Q   0.11530 0.88469 0.00000 0.00001 ( 2)
 189 F   0.04288 0.95712 0.00000 0.00000 ( 2)
 190 R   0.94654 0.05346 0.00000 0.00000 ( 1)
 191 R   0.97291 0.02709 0.00000 0.00000 ( 1)
 192 E   0.95861 0.04139 0.00000 0.00000 ( 1)
 193 A   0.14318 0.85682 0.00000 0.00000 ( 2)
 194 T   0.96646 0.03354 0.00001 0.00000 ( 1)
 195 L   0.44678 0.55321 0.00000 0.00001 ( 2)
 196 M   0.15478 0.84522 0.00000 0.00000 ( 2)
 197 A   0.78473 0.21526 0.00001 0.00000 ( 1)
 198 M   0.77542 0.22457 0.00000 0.00000 ( 1)
 199 D   0.99333 0.00666 0.00001 0.00000 ( 1)
 200 L   0.92396 0.07603 0.00001 0.00000 ( 1)
 201 I   0.42860 0.57121 0.00007 0.00012 ( 2)
 202 A   0.47467 0.52531 0.00001 0.00001 ( 2)
 203 L   0.93517 0.06481 0.00001 0.00000 ( 1)
 204 F   0.91888 0.08112 0.00000 0.00000 ( 1)
 205 P   0.96716 0.03284 0.00000 0.00000 ( 1)
 206 Y   0.39370 0.60616 0.00004 0.00009 ( 2)


lnL = -3262.285443

