Supplemental results for CODEML (seqf: algn  treef: tree)


dN/dS (w) for site classes (K=4)

site class             0        1       2a       2b
proportion       0.00000  0.00000  0.59331  0.40669
background w     0.14478  1.00000  0.14478  1.00000
foreground w     0.14478  1.00000  1.00000  1.00000

Naive Empirical Bayes (NEB) probabilities for 4 classes
(amino acids refer to 1st sequence: BT_Cry52Ca1)

   1 Q   0.00000 0.00000 0.94680 0.05320 ( 3)
   2 V   0.00000 0.00000 0.87844 0.12156 ( 3)
   3 K   0.00000 0.00000 0.05944 0.94056 ( 4)
   4 S   0.00000 0.00000 0.22574 0.77426 ( 4)
   5 E   0.00000 0.00000 0.99638 0.00362 ( 3)
   6 L   0.00000 0.00000 0.98955 0.01045 ( 3)
   7 T   0.00000 0.00000 0.99276 0.00724 ( 3)
   8 R   0.00000 0.00000 0.99854 0.00146 ( 3)
   9 E   0.00000 0.00000 0.53233 0.46767 ( 3)
  10 I   0.00000 0.00000 0.99721 0.00279 ( 3)
  11 Y   0.00000 0.00000 0.87211 0.12789 ( 3)
  12 S   0.00000 0.00000 0.97412 0.02588 ( 3)
  13 D   0.00000 0.00000 0.99868 0.00132 ( 3)
  14 V   0.00000 0.00000 0.88814 0.11186 ( 3)
  15 V   0.00000 0.00000 0.71300 0.28700 ( 3)
  16 N   0.00000 0.00000 0.99350 0.00650 ( 3)
  17 -   0.00000 0.00000 0.39271 0.60729 ( 4)
  18 -   0.00000 0.00000 0.32153 0.67847 ( 4)
  19 -   0.00000 0.00000 0.94383 0.05617 ( 3)
  20 -   0.00000 0.00000 0.58757 0.41243 ( 3)
  21 -   0.00000 0.00000 0.92266 0.07734 ( 3)
  22 -   0.00000 0.00000 0.50830 0.49170 ( 3)
  23 -   0.00000 0.00000 0.05181 0.94819 ( 4)
  24 -   0.00000 0.00000 0.91423 0.08577 ( 3)
  25 -   0.00000 0.00000 0.92749 0.07251 ( 3)
  26 A   0.00000 0.00000 0.84232 0.15768 ( 3)
  27 D   0.00000 0.00000 0.58265 0.41735 ( 3)
  28 V   0.00000 0.00000 0.00480 0.99520 ( 4)
  29 F   0.00000 0.00000 0.95547 0.04453 ( 3)
  30 G   0.00000 0.00000 0.32276 0.67724 ( 4)
  31 T   0.00000 0.00000 0.21953 0.78047 ( 4)
  32 I   0.00000 0.00000 0.96660 0.03340 ( 3)
  33 Y   0.00000 0.00000 0.94129 0.05871 ( 3)
  34 T   0.00000 0.00000 0.00126 0.99874 ( 4)
  35 D   0.00000 0.00000 0.00581 0.99419 ( 4)
  36 N   0.00000 0.00000 0.92036 0.07964 ( 3)
  37 N   0.00000 0.00000 0.02608 0.97392 ( 4)
  38 R   0.00000 0.00000 0.15623 0.84377 ( 4)
  39 N   0.00000 0.00000 0.97917 0.02083 ( 3)
  40 E   0.00000 0.00000 0.99735 0.00265 ( 3)
  41 E   0.00000 0.00000 0.97078 0.02922 ( 3)
  42 L   0.00000 0.00000 0.07887 0.92113 ( 4)
  43 Y   0.00000 0.00000 0.91793 0.08207 ( 3)
  44 T   0.00000 0.00000 0.81592 0.18408 ( 3)
  45 R   0.00000 0.00000 0.75404 0.24596 ( 3)
  46 P   0.00000 0.00000 0.18311 0.81689 ( 4)
  47 P   0.00000 0.00000 0.99138 0.00862 ( 3)
  48 H   0.00000 0.00000 0.02797 0.97203 ( 4)
  49 L   0.00000 0.00000 0.99448 0.00552 ( 3)
  50 F   0.00000 0.00000 0.98781 0.01219 ( 3)
  51 T   0.00000 0.00000 0.54219 0.45781 ( 3)
  52 W   0.00000 0.00000 0.98573 0.01427 ( 3)
  53 L   0.00000 0.00000 0.93958 0.06042 ( 3)
  54 R   0.00000 0.00000 0.94633 0.05367 ( 3)
  55 G   0.00000 0.00000 0.48030 0.51970 ( 4)
  56 F   0.00000 0.00000 0.90740 0.09260 ( 3)
  57 R   0.00000 0.00000 0.10606 0.89394 ( 4)
  58 F   0.00000 0.00000 0.98515 0.01485 ( 3)
  59 V   0.00000 0.00000 0.01061 0.98939 ( 4)
  60 T   0.00000 0.00000 0.35797 0.64203 ( 4)
  61 N   0.00000 0.00000 0.79507 0.20493 ( 3)
  62 S   0.00000 0.00000 0.00030 0.99970 ( 4)
  63 I   0.00000 0.00000 0.67921 0.32079 ( 3)
  64 S   0.00000 0.00000 0.00191 0.99809 ( 4)
  65 S   0.00000 0.00000 0.03575 0.96425 ( 4)
  66 G   0.00000 0.00000 0.73002 0.26998 ( 3)
  67 S   0.00000 0.00000 0.02317 0.97683 ( 4)
  68 R   0.00000 0.00000 0.00028 0.99972 ( 4)
  69 T   0.00000 0.00000 0.25269 0.74731 ( 4)
  70 W   0.00000 0.00000 0.26541 0.73459 ( 4)
  71 T   0.00000 0.00000 0.90264 0.09736 ( 3)
  72 F   0.00000 0.00000 0.80430 0.19570 ( 3)
  73 L   0.00000 0.00000 0.87898 0.12102 ( 3)
  74 A   0.00000 0.00000 0.95281 0.04719 ( 3)
  75 G   0.00000 0.00000 0.99650 0.00350 ( 3)
  76 N   0.00000 0.00000 0.51719 0.48281 ( 3)
  77 Q   0.00000 0.00000 0.55298 0.44702 ( 3)
  78 N   0.00000 0.00000 0.95180 0.04820 ( 3)
  79 K   0.00000 0.00000 0.25749 0.74251 ( 4)
  80 Y   0.00000 0.00000 0.86028 0.13972 ( 3)
  81 S   0.00000 0.00000 0.22439 0.77561 ( 4)
  82 Y   0.00000 0.00000 0.24632 0.75368 ( 4)
  83 T   0.00000 0.00000 0.99471 0.00529 ( 3)
  84 R   0.00000 0.00000 0.02248 0.97752 ( 4)
  85 D   0.00000 0.00000 0.06236 0.93764 ( 4)
  86 N   0.00000 0.00000 0.29775 0.70225 ( 4)
  87 R   0.00000 0.00000 0.23297 0.76703 ( 4)
  88 I   0.00000 0.00000 0.73630 0.26370 ( 3)
  89 I   0.00000 0.00000 0.73630 0.26370 ( 3)
  90 Y   0.00000 0.00000 0.04339 0.95661 ( 4)
  91 G   0.00000 0.00000 0.67816 0.32184 ( 3)
  92 P   0.00000 0.00000 0.70358 0.29642 ( 3)
  93 F   0.00000 0.00000 0.27294 0.72706 ( 4)
  94 Y   0.00000 0.00000 0.03900 0.96100 ( 4)
  95 G   0.00000 0.00000 0.38075 0.61925 ( 4)
  96 Q   0.00000 0.00000 0.01726 0.98274 ( 4)
  97 D   0.00000 0.00000 0.38263 0.61737 ( 4)
  98 T   0.00000 0.00000 0.87216 0.12784 ( 3)
  99 N   0.00000 0.00000 0.87248 0.12752 ( 3)
 100 Y   0.00000 0.00000 0.99613 0.00387 ( 3)
 101 G   0.00000 0.00000 0.99650 0.00350 ( 3)
 102 G   0.00000 0.00000 0.21994 0.78006 ( 4)
 103 T   0.00000 0.00000 0.95769 0.04231 ( 3)
 104 S   0.00000 0.00000 0.98904 0.01096 ( 3)
 105 S   0.00000 0.00000 0.84622 0.15378 ( 3)
 106 D   0.00000 0.00000 0.30387 0.69613 ( 4)
 107 T   0.00000 0.00000 0.25176 0.74824 ( 4)
 108 D   0.00000 0.00000 0.74922 0.25078 ( 3)
 109 F   0.00000 0.00000 0.26277 0.73723 ( 4)
 110 A   0.00000 0.00000 0.76300 0.23700 ( 3)
 111 E   0.00000 0.00000 0.00897 0.99103 ( 4)
 112 D   0.00000 0.00000 0.00045 0.99955 ( 4)
 113 S   0.00000 0.00000 0.08380 0.91620 ( 4)
 114 Y   0.00000 0.00000 0.00321 0.99679 ( 4)
 115 V   0.00000 0.00000 0.64069 0.35931 ( 3)
 116 Y   0.00000 0.00000 0.99568 0.00432 ( 3)
 117 N   0.00000 0.00000 0.98229 0.01771 ( 3)
 118 L   0.00000 0.00000 0.99125 0.00875 ( 3)
 119 W   0.00000 0.00000 0.17602 0.82398 ( 4)
 120 T   0.00000 0.00000 0.10736 0.89264 ( 4)
 121 K   0.00000 0.00000 0.98848 0.01152 ( 3)
 122 N   0.00000 0.00000 0.99615 0.00385 ( 3)
 123 Y   0.00000 0.00000 0.66410 0.33590 ( 3)
 124 E   0.00000 0.00000 0.96406 0.03594 ( 3)
 125 F   0.00000 0.00000 0.03651 0.96349 ( 4)
 126 -   0.00000 0.00000 0.18494 0.81506 ( 4)
 127 -   0.00000 0.00000 0.11389 0.88611 ( 4)
 128 -   0.00000 0.00000 0.44623 0.55377 ( 4)
 129 -   0.00000 0.00000 0.18405 0.81595 ( 4)
 130 -   0.00000 0.00000 0.75559 0.24441 ( 3)
 131 -   0.00000 0.00000 0.11404 0.88596 ( 4)
 132 -   0.00000 0.00000 0.21770 0.78230 ( 4)
 133 -   0.00000 0.00000 0.64670 0.35330 ( 3)
 134 -   0.00000 0.00000 0.91081 0.08919 ( 3)
 135 -   0.00000 0.00000 0.63906 0.36094 ( 3)
 136 I   0.00000 0.00000 0.94307 0.05693 ( 3)
 137 S   0.00000 0.00000 0.56148 0.43852 ( 3)
 138 P   0.00000 0.00000 0.69150 0.30850 ( 3)
 139 Y   0.00000 0.00000 0.06552 0.93448 ( 4)
 140 T   0.00000 0.00000 0.90862 0.09138 ( 3)
 141 D   0.00000 0.00000 0.03098 0.96902 ( 4)
 142 P   0.00000 0.00000 0.57566 0.42434 ( 3)
 143 V   0.00000 0.00000 0.97231 0.02769 ( 3)
 144 N   0.00000 0.00000 0.97997 0.02003 ( 3)
 145 I   0.00000 0.00000 0.00024 0.99976 ( 4)
 146 T   0.00000 0.00000 0.42275 0.57725 ( 4)
 147 K   0.00000 0.00000 0.35147 0.64853 ( 4)
 148 I   0.00000 0.00000 0.96677 0.03323 ( 3)
 149 N   0.00000 0.00000 0.75229 0.24771 ( 3)
 150 F   0.00000 0.00000 0.92867 0.07133 ( 3)
 151 S   0.00000 0.00000 0.00445 0.99555 ( 4)
 152 V   0.00000 0.00000 0.96583 0.03417 ( 3)
 153 T   0.00000 0.00000 0.92963 0.07037 ( 3)
 154 N   0.00000 0.00000 0.01293 0.98707 ( 4)
 155 N   0.00000 0.00000 0.48017 0.51983 ( 4)
 156 N   0.00000 0.00000 0.99689 0.00311 ( 3)
 157 S   0.00000 0.00000 0.00098 0.99902 ( 4)
 158 S   0.00000 0.00000 0.96587 0.03413 ( 3)
 159 K   0.00000 0.00000 0.00120 0.99880 ( 4)
 160 D   0.00000 0.00000 0.88982 0.11018 ( 3)
 161 E   0.00000 0.00000 0.01206 0.98794 ( 4)
 162 T   0.00000 0.00000 0.00126 0.99874 ( 4)
 163 Y   0.00000 0.00000 0.99341 0.00659 ( 3)
 164 G   0.00000 0.00000 0.38212 0.61788 ( 4)
 165 G   0.00000 0.00000 0.12499 0.87501 ( 4)
 166 E   0.00000 0.00000 0.00043 0.99957 ( 4)
 167 R   0.00000 0.00000 0.53724 0.46276 ( 3)
 168 N   0.00000 0.00000 0.98449 0.01551 ( 3)
 169 L   0.00000 0.00000 0.72478 0.27522 ( 3)
 170 P   0.00000 0.00000 0.77828 0.22172 ( 3)
 171 T   0.00000 0.00000 0.97850 0.02150 ( 3)
 172 V   0.00000 0.00000 0.58996 0.41004 ( 3)
 173 Q   0.00000 0.00000 0.09989 0.90011 ( 4)
 174 T   0.00000 0.00000 0.00646 0.99354 ( 4)
 175 N   0.00000 0.00000 0.01127 0.98873 ( 4)
 176 F   0.00000 0.00000 0.01250 0.98750 ( 4)
 177 D   0.00000 0.00000 0.09263 0.90737 ( 4)
 178 F   0.00000 0.00000 0.95444 0.04556 ( 3)
 179 L   0.00000 0.00000 0.46576 0.53424 ( 4)
 180 T   0.00000 0.00000 0.81912 0.18088 ( 3)
 181 N   0.00000 0.00000 0.79533 0.20467 ( 3)
 182 K   0.00000 0.00000 0.65130 0.34870 ( 3)
 183 V   0.00000 0.00000 0.70456 0.29544 ( 3)
 184 G   0.00000 0.00000 0.62559 0.37441 ( 3)
 185 -   0.00000 0.00000 0.97625 0.02375 ( 3)
 186 -   0.00000 0.00000 0.86006 0.13994 ( 3)
 187 -   0.00000 0.00000 0.21813 0.78187 ( 4)
 188 N   0.00000 0.00000 0.01300 0.98700 ( 4)
 189 G   0.00000 0.00000 0.15151 0.84849 ( 4)
 190 S   0.00000 0.00000 0.01417 0.98583 ( 4)
 191 P   0.00000 0.00000 0.99847 0.00153 ( 3)
 192 T   0.00000 0.00000 0.95493 0.04507 ( 3)
 193 Y   0.00000 0.00000 0.98052 0.01948 ( 3)
 194 N   0.00000 0.00000 0.96702 0.03298 ( 3)
 195 N   0.00000 0.00000 0.99756 0.00244 ( 3)
 196 -   0.00000 0.00000 0.52272 0.47728 ( 3)
 197 -   0.00000 0.00000 0.93848 0.06152 ( 3)
 198 -   0.00000 0.00000 0.98081 0.01919 ( 3)
 199 Y   0.00000 0.00000 0.99468 0.00532 ( 3)
 200 N   0.00000 0.00000 0.98432 0.01568 ( 3)
 201 H   0.00000 0.00000 0.99939 0.00061 ( 3)
 202 I   0.00000 0.00000 0.93935 0.06065 ( 3)
 203 L   0.00000 0.00000 0.99448 0.00552 ( 3)
 204 S   0.00000 0.00000 0.97834 0.02166 ( 3)
 205 Y   0.00000 0.00000 0.72291 0.27709 ( 3)
 206 M   0.00000 0.00000 0.97136 0.02864 ( 3)
 207 L   0.00000 0.00000 0.95232 0.04768 ( 3)
 208 T   0.00000 0.00000 0.94749 0.05251 ( 3)
 209 N   0.00000 0.00000 0.96170 0.03830 ( 3)
 210 G   0.00000 0.00000 0.04939 0.95061 ( 4)
 211 T   0.00000 0.00000 0.37477 0.62523 ( 4)
 212 F   0.00000 0.00000 0.01543 0.98457 ( 4)
 213 S   0.00000 0.00000 0.00989 0.99011 ( 4)
 214 Q   0.00000 0.00000 0.89074 0.10926 ( 3)
 215 K   0.00000 0.00000 0.55441 0.44559 ( 3)
 216 -   0.00000 0.00000 0.59331 0.40669 ( 3)
 217 -   0.00000 0.00000 0.59331 0.40669 ( 3)
 218 -   0.00000 0.00000 0.59331 0.40669 ( 3)
 219 -   0.00000 0.00000 0.59331 0.40669 ( 3)
 220 -   0.00000 0.00000 0.59331 0.40669 ( 3)
 221 -   0.00000 0.00000 0.59331 0.40669 ( 3)
 222 -   0.00000 0.00000 0.59331 0.40669 ( 3)
 223 -   0.00000 0.00000 0.59331 0.40669 ( 3)
 224 R   0.00000 0.00000 0.98689 0.01311 ( 3)
 225 H   0.00000 0.00000 0.11625 0.88375 ( 4)
 226 G   0.00000 0.00000 0.98331 0.01669 ( 3)
 227 Y   0.00000 0.00000 0.93911 0.06089 ( 3)
 228 T   0.00000 0.00000 0.92087 0.07913 ( 3)
 229 F   0.00000 0.00000 0.98491 0.01509 ( 3)
 230 A   0.00000 0.00000 0.82882 0.17118 ( 3)
 231 F   0.00000 0.00000 0.73057 0.26943 ( 3)
 232 T   0.00000 0.00000 0.99191 0.00809 ( 3)
 233 H   0.00000 0.00000 0.99939 0.00061 ( 3)
 234 S   0.00000 0.00000 0.54802 0.45198 ( 3)
 235 S   0.00000 0.00000 0.99614 0.00386 ( 3)


lnL = -3462.861774

