Supplemental results for CODEML (seqf: algn  treef: tree)


dN/dS (w) for site classes (K=4)

site class             0        1       2a       2b
proportion       0.58213  0.36074  0.03527  0.02186
background w     0.16562  3.18394  0.16562  3.18394
foreground w     0.16562  3.18394 30.89455 30.89455

Naive Empirical Bayes (NEB) probabilities for 4 classes
(amino acids refer to 1st sequence: BT_Cry1Be1)

   1 -   0.58213 0.36074 0.03527 0.02186 ( 1)
   2 -   0.99160 0.00839 0.00001 0.00000 ( 1)
   3 -   0.98557 0.01440 0.00002 0.00000 ( 1)
   4 S   0.99630 0.00367 0.00002 0.00000 ( 1)
   5 D   0.77401 0.22257 0.00315 0.00027 ( 1)
   6 S   0.00009 0.99958 0.00000 0.00032 ( 2)
   7 I   0.99936 0.00061 0.00003 0.00000 ( 1)
   8 T   0.99914 0.00084 0.00001 0.00000 ( 1)
   9 Q   0.98830 0.01169 0.00001 0.00000 ( 1)
  10 I   0.99920 0.00077 0.00003 0.00000 ( 1)
  11 P   0.99408 0.00592 0.00000 0.00000 ( 1)
  12 L   0.84073 0.15777 0.00124 0.00026 ( 1)
  13 V   0.99513 0.00485 0.00002 0.00000 ( 1)
  14 K   0.99977 0.00022 0.00001 0.00000 ( 1)
  15 S   0.00009 0.91762 0.01407 0.06822 ( 2)
  16 F   0.99780 0.00219 0.00001 0.00000 ( 1)
  17 N   0.00059 0.99896 0.00000 0.00045 ( 2)
  18 L   0.00035 0.99368 0.00007 0.00590 ( 2)
  19 N   0.00503 0.99493 0.00000 0.00004 ( 2)
  20 S   0.00028 0.83261 0.15399 0.01312 ( 2)
  21 G   0.72148 0.27511 0.00117 0.00223 ( 1)
  22 T   0.00484 0.96196 0.01206 0.02115 ( 2)
  23 S   0.00000 0.47211 0.06934 0.45855 ( 2)
  24 V   0.03009 0.95452 0.01240 0.00299 ( 2)
  25 V   0.00002 0.81542 0.00154 0.18302 ( 2)
  26 S   0.92594 0.07405 0.00000 0.00000 ( 1)
  27 G   0.99916 0.00083 0.00001 0.00000 ( 1)
  28 P   0.99930 0.00070 0.00001 0.00000 ( 1)
  29 G   0.99931 0.00068 0.00001 0.00000 ( 1)
  30 F   0.99984 0.00015 0.00001 0.00000 ( 1)
  31 T   0.99833 0.00164 0.00003 0.00000 ( 1)
  32 G   0.99500 0.00481 0.00019 0.00000 ( 1)
  33 G   0.99925 0.00074 0.00001 0.00000 ( 1)
  34 D   0.99988 0.00011 0.00001 0.00000 ( 1)
  35 I   0.99273 0.00726 0.00001 0.00000 ( 1)
  36 I   0.00896 0.98487 0.00050 0.00568 ( 2)
  37 R   0.00838 0.98999 0.00003 0.00160 ( 2)
  38 T   0.00024 0.99408 0.00039 0.00529 ( 2)
  39 N   0.00083 0.91993 0.06230 0.01694 ( 2)
  40 V   0.73025 0.21263 0.04424 0.01288 ( 1)
  41 -   0.58213 0.36074 0.03527 0.02186 ( 1)
  42 N   0.00034 0.95212 0.01179 0.03575 ( 2)
  43 G   0.34202 0.65489 0.00022 0.00287 ( 2)
  44 S   0.00000 0.20668 0.00118 0.79213 ( 4)
  45 V   0.00318 0.99562 0.00001 0.00119 ( 2)
  46 L   0.00009 0.60158 0.17291 0.22542 ( 2)
  47 S   0.03369 0.95779 0.00446 0.00406 ( 2)
  48 M   0.98349 0.01650 0.00001 0.00000 ( 1)
  49 G   0.35513 0.64485 0.00000 0.00002 ( 2)
  50 L   0.99956 0.00043 0.00001 0.00000 ( 1)
  51 N   0.57697 0.38682 0.03528 0.00092 ( 1)
  52 F   0.38025 0.61933 0.00006 0.00036 ( 2)
  53 N   0.04487 0.94734 0.00130 0.00649 ( 2)
  54 N   0.79277 0.20664 0.00041 0.00019 ( 1)
  55 T   0.00200 0.87688 0.00823 0.11289 ( 2)
  56 -   0.77545 0.22156 0.00189 0.00109 ( 1)
  57 S   0.90253 0.09746 0.00001 0.00000 ( 1)
  58 L   0.99453 0.00545 0.00002 0.00000 ( 1)
  59 Q   0.61748 0.38231 0.00003 0.00019 ( 1)
  60 R   0.72195 0.27665 0.00113 0.00027 ( 1)
  61 Y   0.99944 0.00056 0.00001 0.00000 ( 1)
  62 R   0.98177 0.01822 0.00001 0.00000 ( 1)
  63 V   0.99825 0.00172 0.00003 0.00000 ( 1)
  64 R   0.99887 0.00113 0.00000 0.00000 ( 1)
  65 V   0.71395 0.28480 0.00096 0.00029 ( 1)
  66 R   0.99985 0.00015 0.00000 0.00000 ( 1)
  67 Y   0.99979 0.00020 0.00001 0.00000 ( 1)
  68 A   0.98197 0.01801 0.00001 0.00000 ( 1)
  69 A   0.65207 0.34784 0.00001 0.00008 ( 1)
  70 S   0.18554 0.75215 0.03165 0.03065 ( 2)
  71 Q   0.99258 0.00741 0.00001 0.00000 ( 1)
  72 T   0.00917 0.22940 0.46524 0.29620 ( 3)
  73 M   0.28198 0.71787 0.00000 0.00015 ( 2)
  74 V   0.60732 0.33556 0.03679 0.02033 ( 1)
  75 L   0.08782 0.85506 0.00532 0.05180 ( 2)
  76 R   0.63193 0.31095 0.03829 0.01884 ( 1)
  77 V   0.00003 0.19884 0.36351 0.43762 ( 4)
  78 T   0.00014 0.95624 0.00106 0.04255 ( 2)
  79 V   0.00031 0.84302 0.11567 0.04100 ( 2)
  80 G   0.01550 0.90606 0.05778 0.02065 ( 2)
  81 G   0.99345 0.00617 0.00037 0.00001 ( 1)
  82 S   0.00020 0.99217 0.00002 0.00761 ( 2)
  83 T   0.90616 0.09368 0.00011 0.00005 ( 1)
  84 T   0.83026 0.16882 0.00082 0.00010 ( 1)
  85 F   0.99374 0.00622 0.00004 0.00000 ( 1)
  86 D   0.22823 0.74837 0.01125 0.01215 ( 2)
  87 Q   0.98830 0.01169 0.00001 0.00000 ( 1)
  88 G   0.99332 0.00640 0.00027 0.00000 ( 1)
  89 -   0.99887 0.00112 0.00001 0.00000 ( 1)
  90 -   0.02895 0.97056 0.00003 0.00046 ( 2)
  91 -   0.00033 0.89133 0.02236 0.08598 ( 2)
  92 F   0.99780 0.00219 0.00001 0.00000 ( 1)
  93 P   0.99953 0.00047 0.00000 0.00000 ( 1)
  94 S   0.00022 0.92890 0.00254 0.06834 ( 2)
  95 T   0.99951 0.00047 0.00002 0.00000 ( 1)
  96 M   0.00068 0.95705 0.01988 0.02240 ( 2)
  97 S   0.10550 0.89437 0.00001 0.00013 ( 2)
  98 A   0.00196 0.97929 0.00031 0.01844 ( 2)
  99 N   0.97576 0.02397 0.00027 0.00000 ( 1)
 100 E   0.87910 0.12081 0.00002 0.00008 ( 1)
 101 S   0.77880 0.22117 0.00001 0.00002 ( 1)
 102 L   0.99422 0.00577 0.00001 0.00000 ( 1)
 103 T   0.00217 0.95661 0.02113 0.02009 ( 2)
 104 S   0.01024 0.98111 0.00288 0.00577 ( 2)
 105 Q   0.00000 0.10480 0.00537 0.88984 ( 4)
 106 S   0.99573 0.00426 0.00001 0.00000 ( 1)
 107 F   0.00001 0.79510 0.00264 0.20225 ( 2)
 108 R   0.92109 0.07889 0.00001 0.00000 ( 1)
 109 F   0.99907 0.00092 0.00001 0.00000 ( 1)
 110 A   0.98064 0.01933 0.00002 0.00001 ( 1)
 111 E   0.92161 0.07838 0.00001 0.00000 ( 1)
 112 F   0.99984 0.00015 0.00001 0.00000 ( 1)
 113 P   0.80557 0.19261 0.00150 0.00032 ( 1)
 114 V   0.99926 0.00072 0.00002 0.00000 ( 1)
 115 -   0.86053 0.13944 0.00001 0.00001 ( 1)
 116 -   0.97864 0.02134 0.00001 0.00000 ( 1)
 117 -   0.99810 0.00190 0.00000 0.00000 ( 1)
 118 -   0.00053 0.99676 0.00014 0.00256 ( 2)
 119 -   0.99451 0.00548 0.00001 0.00000 ( 1)
 120 -   0.99759 0.00239 0.00002 0.00000 ( 1)
 121 G   0.99691 0.00307 0.00001 0.00000 ( 1)
 122 I   0.18656 0.80879 0.00138 0.00327 ( 2)
 123 S   0.99738 0.00240 0.00021 0.00000 ( 1)
 124 A   0.97579 0.02416 0.00003 0.00002 ( 1)
 125 S   0.99709 0.00288 0.00002 0.00000 ( 1)
 126 G   0.71025 0.24403 0.04395 0.00177 ( 1)
 127 S   0.99509 0.00490 0.00001 0.00000 ( 1)
 128 Q   0.39237 0.60630 0.00117 0.00016 ( 2)
 129 T   0.91580 0.08416 0.00003 0.00001 ( 1)
 130 A   0.00207 0.99472 0.00005 0.00316 ( 2)
 131 G   0.99506 0.00490 0.00003 0.00000 ( 1)
 132 -   0.58213 0.36074 0.03527 0.02186 ( 1)
 133 I   0.98927 0.01068 0.00003 0.00001 ( 1)
 134 S   0.85660 0.14333 0.00003 0.00005 ( 1)
 135 I   0.00202 0.99754 0.00000 0.00044 ( 2)
 136 S   0.37855 0.62069 0.00018 0.00058 ( 2)
 137 N   0.00095 0.87517 0.00333 0.12055 ( 2)
 138 N   0.00126 0.57094 0.12172 0.30608 ( 2)
 139 A   0.00003 0.98995 0.00003 0.00999 ( 2)
 140 G   0.02479 0.10860 0.86081 0.00580 ( 3)
 141 R   0.07019 0.92843 0.00016 0.00122 ( 2)
 142 Q   0.00000 0.09712 0.01106 0.89182 ( 4)
 143 T   0.01832 0.96954 0.00091 0.01123 ( 2)
 144 F   0.99984 0.00015 0.00001 0.00000 ( 1)
 145 H   0.99900 0.00099 0.00001 0.00000 ( 1)
 146 F   0.96860 0.03139 0.00001 0.00000 ( 1)
 147 D   0.99709 0.00289 0.00001 0.00000 ( 1)
 148 K   0.99476 0.00523 0.00001 0.00000 ( 1)
 149 I   0.97075 0.02922 0.00003 0.00000 ( 1)
 150 E   0.99981 0.00018 0.00001 0.00000 ( 1)
 151 F   0.93521 0.06475 0.00003 0.00001 ( 1)
 152 I   0.94126 0.05265 0.00548 0.00061 ( 1)


lnL = -2208.775965

