Supplemental results for CODEML (seqf: algn  treef: tree)


dN/dS (w) for site classes (K=4)

site class             0        1       2a       2b
proportion       0.41974  0.50744  0.03297  0.03986
background w     0.07747  1.00000  0.07747  1.00000
foreground w     0.07747  1.00000 998.88231 998.88231

Naive Empirical Bayes (NEB) probabilities for 4 classes
(amino acids refer to 1st sequence: BT_Cry24Ca1)

   1 -   0.41974 0.50744 0.03297 0.03986 ( 2)
   2 A   0.00162 0.58290 0.02058 0.39490 ( 2)
   3 D   0.99356 0.00256 0.00385 0.00003 ( 1)
   4 K   0.99230 0.00474 0.00294 0.00002 ( 1)
   5 I   0.98450 0.00250 0.01293 0.00006 ( 1)
   6 T   0.97729 0.00093 0.02174 0.00004 ( 1)
   7 Q   0.99726 0.00147 0.00127 0.00000 ( 1)
   8 I   0.99570 0.00029 0.00401 0.00000 ( 1)
   9 P   0.99152 0.00804 0.00043 0.00000 ( 1)
  10 A   0.98423 0.00353 0.01216 0.00008 ( 1)
  11 V   0.99205 0.00470 0.00323 0.00003 ( 1)
  12 K   0.99608 0.00051 0.00341 0.00000 ( 1)
  13 T   0.18368 0.76787 0.00443 0.04402 ( 2)
  14 W   0.12231 0.86138 0.00085 0.01545 ( 2)
  15 E   0.00002 0.95987 0.00000 0.04011 ( 2)
  16 I   0.25667 0.72819 0.00224 0.01290 ( 2)
  17 R   0.00192 0.98387 0.00001 0.01420 ( 2)
  18 G   0.00185 0.87262 0.00168 0.12385 ( 2)
  19 T   0.00399 0.98864 0.00001 0.00736 ( 2)
  20 S   0.06832 0.92994 0.00012 0.00163 ( 2)
  21 S   0.18360 0.75021 0.00663 0.05957 ( 2)
  22 V   0.99565 0.00049 0.00386 0.00000 ( 1)
  23 V   0.34225 0.65297 0.00097 0.00380 ( 2)
  24 A   0.51063 0.48567 0.00135 0.00236 ( 1)
  25 G   0.96769 0.00245 0.02971 0.00014 ( 1)
  26 P   0.99852 0.00023 0.00125 0.00000 ( 1)
  27 G   0.99730 0.00011 0.00259 0.00000 ( 1)
  28 N   0.73572 0.26225 0.00135 0.00069 ( 1)
  29 T   0.99710 0.00048 0.00243 0.00000 ( 1)
  30 G   0.97511 0.00038 0.02449 0.00002 ( 1)
  31 G   0.98858 0.00159 0.00982 0.00001 ( 1)
  32 N   0.87070 0.08945 0.03843 0.00142 ( 1)
  33 L   0.98230 0.00749 0.01008 0.00012 ( 1)
  34 V   0.98344 0.01357 0.00291 0.00008 ( 1)
  35 K   0.02091 0.96117 0.00036 0.01756 ( 2)
  36 M   0.77445 0.22354 0.00145 0.00056 ( 1)
  37 S   0.95606 0.04256 0.00129 0.00009 ( 1)
  38 Y   0.00536 0.98857 0.00002 0.00606 ( 2)
  39 H   0.00979 0.98522 0.00003 0.00496 ( 2)
  40 S   0.00021 0.98519 0.00000 0.01460 ( 2)
  41 V   0.00031 0.74335 0.00033 0.25601 ( 2)
  42 W   0.00137 0.99590 0.00000 0.00272 ( 2)
  43 N   0.00003 0.99919 0.00000 0.00078 ( 2)
  44 I   0.98149 0.00756 0.01068 0.00027 ( 1)
  45 K   0.17426 0.82341 0.00033 0.00200 ( 2)
  46 F   0.50798 0.48928 0.00125 0.00149 ( 1)
  47 T   0.00028 0.99663 0.00000 0.00309 ( 2)
  48 C   0.01058 0.92484 0.00033 0.06426 ( 2)
  49 -   0.67541 0.31956 0.00228 0.00275 ( 1)
  50 -   0.49223 0.50264 0.00168 0.00345 ( 2)
  51 -   0.13215 0.86237 0.00036 0.00512 ( 2)
  52 -   0.88205 0.11747 0.00042 0.00006 ( 1)
  53 -   0.00091 0.03395 0.85367 0.11146 ( 3)
  54 -   0.00005 0.56719 0.00069 0.43208 ( 2)
  55 -   0.00015 0.95045 0.00005 0.04935 ( 2)
  56 Q   0.11527 0.86582 0.00151 0.01740 ( 2)
  57 Q   0.00100 0.62409 0.00058 0.37433 ( 2)
  58 L   0.00001 0.98385 0.00000 0.01614 ( 2)
  59 K   0.27875 0.70742 0.00263 0.01120 ( 2)
  60 R   0.00406 0.81478 0.03963 0.14153 ( 2)
  61 Y   0.55570 0.07188 0.36881 0.00361 ( 1)
  62 R   0.00001 0.83065 0.00001 0.16933 ( 2)
  63 V   0.14568 0.04957 0.78115 0.02361 ( 3)
  64 R   0.98661 0.00559 0.00771 0.00009 ( 1)
  65 I   0.98818 0.00781 0.00393 0.00008 ( 1)
  66 R   0.99274 0.00622 0.00103 0.00001 ( 1)
  67 Y   0.99752 0.00023 0.00225 0.00000 ( 1)
  68 A   0.99741 0.00033 0.00227 0.00000 ( 1)
  69 S   0.95130 0.04572 0.00263 0.00035 ( 1)
  70 D   0.13062 0.86171 0.00057 0.00711 ( 2)
  71 G   0.00096 0.07509 0.59807 0.32587 ( 3)
  72 N   0.97308 0.02248 0.00417 0.00028 ( 1)
  73 C   0.02240 0.96996 0.00009 0.00755 ( 2)
  74 Q   0.08692 0.89532 0.00078 0.01698 ( 2)
  75 L   0.98846 0.00999 0.00154 0.00002 ( 1)
  76 A   0.00012 0.99407 0.00000 0.00581 ( 2)
  77 M   0.57662 0.41876 0.00189 0.00273 ( 1)
  78 R   0.11557 0.86526 0.00133 0.01784 ( 2)
  79 R   0.58476 0.40418 0.00459 0.00647 ( 1)
  80 W   0.00040 0.98076 0.00001 0.01884 ( 2)
  81 R   0.00000 0.94657 0.00000 0.05343 ( 2)
  82 G   0.03221 0.95102 0.00034 0.01642 ( 2)
  83 G   0.00234 0.88973 0.00211 0.10583 ( 2)
  84 P   0.00002 0.75455 0.00011 0.24531 ( 2)
  85 G   0.42251 0.56641 0.00344 0.00764 ( 2)
  86 -   0.00001 0.82202 0.00002 0.17795 ( 2)
  87 -   0.41974 0.50744 0.03297 0.03986 ( 2)
  88 Y   0.03428 0.94863 0.00025 0.01684 ( 2)
  89 V   0.00143 0.99148 0.00000 0.00709 ( 2)
  90 Q   0.00063 0.98228 0.00001 0.01709 ( 2)
  91 E   0.08611 0.90408 0.00041 0.00940 ( 2)
  92 A   0.02007 0.97534 0.00006 0.00453 ( 2)
  93 R   0.00245 0.99420 0.00001 0.00335 ( 2)
  94 H   0.77633 0.21672 0.00587 0.00108 ( 1)
  95 T   0.08044 0.82966 0.05446 0.03544 ( 2)
  96 V   0.81038 0.18474 0.00308 0.00180 ( 1)
  97 Q   0.00001 0.06540 0.00409 0.93050 ( 4)
  98 R   0.01014 0.98717 0.00002 0.00267 ( 2)
  99 T   0.58574 0.40762 0.00408 0.00255 ( 1)
 100 F   0.13164 0.86437 0.00026 0.00372 ( 2)
 101 S   0.47158 0.48759 0.01598 0.02485 ( 2)
 102 -   0.41974 0.50744 0.03297 0.03986 ( 2)
 103 -   0.41974 0.50744 0.03297 0.03986 ( 2)
 104 G   0.88870 0.10829 0.00247 0.00054 ( 1)
 105 S   0.01012 0.67645 0.00330 0.31013 ( 2)
 106 M   0.93557 0.06331 0.00099 0.00014 ( 1)
 107 T   0.95749 0.03051 0.01129 0.00071 ( 1)
 108 Y   0.99713 0.00059 0.00228 0.00000 ( 1)
 109 D   0.09591 0.78093 0.06225 0.06091 ( 2)
 110 S   0.00076 0.66132 0.00320 0.33471 ( 2)
 111 F   0.99871 0.00046 0.00082 0.00000 ( 1)
 112 K   0.92875 0.06348 0.00709 0.00068 ( 1)
 113 Y   0.99582 0.00332 0.00086 0.00000 ( 1)
 114 L   0.00013 0.99895 0.00000 0.00091 ( 2)
 115 D   0.99615 0.00008 0.00376 0.00000 ( 1)
 116 I   0.00291 0.80361 0.00121 0.19228 ( 2)
 117 F   0.01605 0.93323 0.00027 0.05045 ( 2)
 118 -   0.45236 0.47481 0.03553 0.03729 ( 2)
 119 -   0.45253 0.47464 0.03554 0.03728 ( 2)
 120 -   0.05809 0.86909 0.00456 0.06826 ( 2)
 121 -   0.46090 0.46628 0.03620 0.03662 ( 2)
 122 -   0.45761 0.46956 0.03594 0.03688 ( 2)
 123 -   0.43961 0.48757 0.03453 0.03830 ( 2)
 124 T   0.00081 0.91841 0.00051 0.08027 ( 2)
 125 M   0.00034 0.90820 0.00006 0.09140 ( 2)
 126 P   0.00000 0.39791 0.00000 0.60209 ( 4)
 127 A   0.05256 0.94061 0.00035 0.00648 ( 2)
 128 E   0.02096 0.91450 0.00890 0.05564 ( 2)
 129 D   0.03556 0.95688 0.00015 0.00741 ( 2)
 130 Y   0.00015 0.56315 0.00188 0.43482 ( 2)
 131 T   0.00018 0.97712 0.00000 0.02270 ( 2)
 132 F   0.36956 0.61722 0.00427 0.00895 ( 2)
 133 N   0.00007 0.97813 0.00002 0.02178 ( 2)
 134 L   0.39482 0.59818 0.00177 0.00522 ( 2)
 135 T   0.00067 0.99626 0.00000 0.00307 ( 2)
 136 I   0.27450 0.70011 0.00613 0.01926 ( 2)
 137 D   0.00006 0.99697 0.00000 0.00297 ( 2)
 138 L   0.03366 0.96287 0.00008 0.00340 ( 2)
 139 E   0.00122 0.98355 0.00001 0.01523 ( 2)
 140 S   0.71881 0.27714 0.00191 0.00214 ( 1)
 141 G   0.92676 0.00042 0.07279 0.00003 ( 1)
 142 G   0.99615 0.00056 0.00328 0.00000 ( 1)
 143 A   0.00369 0.95853 0.00036 0.03742 ( 2)
 144 L   0.96002 0.03834 0.00156 0.00008 ( 1)
 145 Y   0.00043 0.82621 0.00193 0.17142 ( 2)
 146 I   0.99610 0.00245 0.00145 0.00000 ( 1)
 147 D   0.99288 0.00068 0.00644 0.00001 ( 1)
 148 K   0.99125 0.00561 0.00311 0.00004 ( 1)
 149 I   0.99483 0.00106 0.00409 0.00001 ( 1)
 150 E   0.99699 0.00017 0.00284 0.00000 ( 1)
 151 F   0.99080 0.00452 0.00466 0.00001 ( 1)
 152 -   0.99534 0.00050 0.00416 0.00001 ( 1)
 153 -   0.41974 0.50744 0.03297 0.03986 ( 2)


lnL = -2687.654442

Bayes Empirical Bayes (BEB) probabilities for 4 classes (class)
(amino acids refer to 1st sequence: BT_Cry24Ca1)

   1 -   0.38093 0.55265 0.02709 0.03932 ( 2)
   2 A   0.00057 0.76026 0.00388 0.23528 ( 2)
   3 D   0.98574 0.00234 0.01186 0.00006 ( 1)
   4 K   0.97702 0.00628 0.01656 0.00015 ( 1)
   5 I   0.98077 0.00232 0.01684 0.00006 ( 1)
   6 T   0.97983 0.00085 0.01930 0.00003 ( 1)
   7 Q   0.97774 0.00142 0.02080 0.00004 ( 1)
   8 I   0.98615 0.00023 0.01362 0.00001 ( 1)
   9 P   0.95504 0.00805 0.03657 0.00034 ( 1)
  10 A   0.97935 0.00347 0.01708 0.00009 ( 1)
  11 V   0.97828 0.00461 0.01699 0.00012 ( 1)
  12 K   0.98531 0.00045 0.01422 0.00001 ( 1)
  13 T   0.06862 0.89666 0.00126 0.03347 ( 2)
  14 W   0.04220 0.93194 0.00072 0.02515 ( 2)
  15 E   0.00001 0.95896 0.00000 0.04103 ( 2)
  16 I   0.10028 0.85102 0.00321 0.04549 ( 2)
  17 R   0.00059 0.97112 0.00001 0.02829 ( 2)
  18 G   0.00054 0.91173 0.00053 0.08719 ( 2)
  19 T   0.00110 0.97548 0.00001 0.02341 ( 2)
  20 S   0.02261 0.94031 0.00075 0.03633 ( 2)
  21 S   0.07133 0.89736 0.00126 0.03006 ( 2)
  22 V   0.98559 0.00042 0.01398 0.00001 ( 1)
  23 V   0.13997 0.83428 0.00238 0.02337 ( 2)
  24 A   0.24411 0.73424 0.00386 0.01779 ( 2)
  25 G   0.97738 0.00239 0.02015 0.00009 ( 1)
  26 P   0.98405 0.00021 0.01574 0.00000 ( 1)
  27 G   0.98750 0.00009 0.01241 0.00000 ( 1)
  28 N   0.54883 0.42672 0.01204 0.01241 ( 1)
  29 T   0.98334 0.00042 0.01623 0.00001 ( 1)
  30 G   0.98109 0.00034 0.01856 0.00001 ( 1)
  31 G   0.97174 0.00149 0.02672 0.00005 ( 1)
  32 N   0.71194 0.15039 0.12723 0.01044 ( 1)
  33 L   0.95346 0.00747 0.03873 0.00034 ( 1)
  34 V   0.96408 0.01878 0.01662 0.00052 ( 1)
  35 K   0.00554 0.96177 0.00015 0.03254 ( 2)
  36 M   0.65963 0.31445 0.01627 0.00965 ( 1)
  37 S   0.89623 0.08716 0.01464 0.00197 ( 1)
  38 Y   0.00145 0.97156 0.00002 0.02697 ( 2)
  39 H   0.00259 0.97332 0.00004 0.02404 ( 2)
  40 S   0.00008 0.96991 0.00000 0.03001 ( 2)
  41 V   0.00010 0.84213 0.00006 0.15771 ( 2)
  42 W   0.00039 0.97072 0.00001 0.02888 ( 2)
  43 N   0.00002 0.96041 0.00000 0.03958 ( 2)
  44 I   0.97402 0.00967 0.01602 0.00029 ( 1)
  45 K   0.06394 0.90938 0.00141 0.02527 ( 2)
  46 F   0.24393 0.72696 0.00627 0.02284 ( 2)
  47 T   0.00009 0.97652 0.00000 0.02338 ( 2)
  48 C   0.00297 0.96230 0.00006 0.03467 ( 2)
  49 -   0.63116 0.35012 0.00913 0.00958 ( 1)
  50 -   0.36328 0.61193 0.00664 0.01815 ( 2)
  51 -   0.07826 0.89798 0.00115 0.02261 ( 2)
  52 -   0.83746 0.12518 0.03205 0.00531 ( 1)
  53 -   0.00273 0.24778 0.66240 0.08710 ( 3)
  54 -   0.00002 0.85839 0.00005 0.14154 ( 2)
  55 -   0.00005 0.92718 0.00002 0.07275 ( 2)
  56 Q   0.03906 0.92550 0.00115 0.03429 ( 2)
  57 Q   0.00041 0.90458 0.00004 0.09496 ( 2)
  58 L   0.00000 0.94413 0.00000 0.05586 ( 2)
  59 K   0.10613 0.85290 0.00330 0.03767 ( 2)
  60 R   0.00094 0.79275 0.01576 0.19054 ( 2)
  61 Y   0.35351 0.09672 0.54256 0.00721 ( 3)
  62 R   0.00000 0.85015 0.00000 0.14984 ( 2)
  63 V   0.25016 0.18181 0.54665 0.02139 ( 3)
  64 R   0.97578 0.00546 0.01861 0.00015 ( 1)
  65 I   0.97660 0.00966 0.01346 0.00028 ( 1)
  66 R   0.96269 0.00615 0.03093 0.00023 ( 1)
  67 Y   0.98479 0.00020 0.01501 0.00000 ( 1)
  68 A   0.98333 0.00028 0.01638 0.00001 ( 1)
  69 S   0.90132 0.08677 0.00997 0.00194 ( 1)
  70 D   0.03413 0.94032 0.00054 0.02501 ( 2)
  71 G   0.00191 0.61371 0.13761 0.24678 ( 2)
  72 N   0.94410 0.04300 0.01169 0.00121 ( 1)
  73 C   0.00587 0.96624 0.00010 0.02779 ( 2)
  74 Q   0.02800 0.94041 0.00049 0.03111 ( 2)
  75 L   0.96410 0.01005 0.02553 0.00032 ( 1)
  76 A   0.00004 0.97585 0.00000 0.02410 ( 2)
  77 M   0.37079 0.60572 0.00637 0.01711 ( 2)
  78 R   0.03900 0.93362 0.00077 0.02661 ( 2)
  79 R   0.36427 0.61138 0.00665 0.01770 ( 2)
  80 W   0.00013 0.96244 0.00000 0.03743 ( 2)
  81 R   0.00000 0.96719 0.00000 0.03281 ( 2)
  82 G   0.00838 0.95831 0.00018 0.03313 ( 2)
  83 G   0.00062 0.86960 0.00050 0.12928 ( 2)
  84 P   0.00001 0.91105 0.00001 0.08893 ( 2)
  85 G   0.18896 0.78428 0.00374 0.02302 ( 2)
  86 -   0.00000 0.87789 0.00000 0.12210 ( 2)
  87 -   0.38093 0.55265 0.02709 0.03932 ( 2)
  88 Y   0.00882 0.94855 0.00021 0.04242 ( 2)
  89 V   0.00040 0.97324 0.00001 0.02635 ( 2)
  90 Q   0.00020 0.97199 0.00000 0.02781 ( 2)
  91 E   0.02299 0.94996 0.00035 0.02670 ( 2)
  92 A   0.00524 0.96863 0.00010 0.02603 ( 2)
  93 R   0.00068 0.97086 0.00001 0.02844 ( 2)
  94 H   0.66658 0.30010 0.02129 0.01204 ( 1)
  95 T   0.02607 0.86060 0.04674 0.06659 ( 2)
  96 V   0.65475 0.32663 0.00934 0.00928 ( 1)
  97 Q   0.00002 0.58219 0.00038 0.41740 ( 2)
  98 R   0.00305 0.96911 0.00008 0.02776 ( 2)
  99 T   0.37468 0.59285 0.01087 0.02160 ( 2)
 100 F   0.03402 0.94424 0.00046 0.02129 ( 2)
 101 S   0.29436 0.67815 0.00645 0.02104 ( 2)
 102 -   0.38093 0.55265 0.02709 0.03932 ( 2)
 103 -   0.38093 0.55265 0.02709 0.03932 ( 2)
 104 G   0.78326 0.19811 0.01341 0.00522 ( 1)
 105 S   0.00364 0.91478 0.00024 0.08134 ( 2)
 106 M   0.89116 0.09522 0.01171 0.00192 ( 1)
 107 T   0.93827 0.04351 0.01701 0.00121 ( 1)
 108 Y   0.98444 0.00053 0.01502 0.00001 ( 1)
 109 D   0.02672 0.88991 0.02360 0.05977 ( 2)
 110 S   0.00029 0.87932 0.00047 0.11992 ( 2)
 111 F   0.97047 0.00041 0.02911 0.00001 ( 1)
 112 K   0.85348 0.12387 0.01887 0.00379 ( 1)
 113 Y   0.96150 0.00315 0.03522 0.00013 ( 1)
 114 L   0.00004 0.96338 0.00000 0.03657 ( 2)
 115 D   0.98809 0.00006 0.01184 0.00000 ( 1)
 116 I   0.00085 0.84422 0.00035 0.15458 ( 2)
 117 F   0.00434 0.95031 0.00011 0.04524 ( 2)
 118 -   0.41382 0.51977 0.02943 0.03698 ( 2)
 119 -   0.41399 0.51960 0.02944 0.03697 ( 2)
 120 -   0.03369 0.89990 0.00239 0.06402 ( 2)
 121 -   0.42250 0.51109 0.03005 0.03637 ( 2)
 122 -   0.41915 0.51444 0.02981 0.03660 ( 2)
 123 -   0.40091 0.53268 0.02851 0.03790 ( 2)
 124 T   0.00025 0.94104 0.00011 0.05861 ( 2)
 125 M   0.00013 0.92500 0.00002 0.07486 ( 2)
 126 P   0.00000 0.61917 0.00000 0.38083 ( 2)
 127 A   0.01671 0.94861 0.00048 0.03420 ( 2)
 128 E   0.00508 0.91664 0.00333 0.07494 ( 2)
 129 D   0.00925 0.96543 0.00014 0.02518 ( 2)
 130 Y   0.00006 0.71996 0.00030 0.27968 ( 2)
 131 T   0.00006 0.96415 0.00000 0.03578 ( 2)
 132 F   0.15333 0.81319 0.00418 0.02930 ( 2)
 133 N   0.00003 0.95000 0.00001 0.04995 ( 2)
 134 L   0.21392 0.75841 0.00401 0.02366 ( 2)
 135 T   0.00020 0.97129 0.00000 0.02850 ( 2)
 136 I   0.10397 0.85599 0.00374 0.03629 ( 2)
 137 D   0.00003 0.97679 0.00000 0.02318 ( 2)
 138 L   0.00877 0.96814 0.00015 0.02294 ( 2)
 139 E   0.00037 0.97070 0.00001 0.02893 ( 2)
 140 S   0.46726 0.51596 0.00509 0.01169 ( 2)
 141 G   0.93322 0.00037 0.06639 0.00003 ( 1)
 142 G   0.98689 0.00050 0.01260 0.00001 ( 1)
 143 A   0.00096 0.92904 0.00020 0.06981 ( 2)
 144 L   0.91821 0.05336 0.02655 0.00188 ( 1)
 145 Y   0.00014 0.88359 0.00025 0.11602 ( 2)
 146 I   0.96960 0.00222 0.02810 0.00008 ( 1)
 147 D   0.97774 0.00059 0.02165 0.00002 ( 1)
 148 K   0.97863 0.00722 0.01397 0.00019 ( 1)
 149 I   0.98539 0.00094 0.01364 0.00003 ( 1)
 150 E   0.98573 0.00014 0.01412 0.00000 ( 1)
 151 F   0.96728 0.00446 0.02810 0.00016 ( 1)
 152 -   0.98590 0.00043 0.01366 0.00001 ( 1)
 153 -   0.38093 0.55265 0.02709 0.03932 ( 2)

