Supplemental results for CODEML (seqf: algn  treef: tree)


dN/dS (w) for site classes (K=4)

site class             0        1       2a       2b
proportion       0.51024  0.40351  0.04816  0.03809
background w     0.08327  0.66736  0.08327  0.66736
foreground w     0.08327  0.66736 999.00000 999.00000

Naive Empirical Bayes (NEB) probabilities for 4 classes
(amino acids refer to 1st sequence: BT_Cry56Aa1)

   1 -   0.51024 0.40351 0.04816 0.03809 ( 1)
   2 -   0.62005 0.29370 0.05853 0.02772 ( 1)
   3 -   0.01026 0.51856 0.12245 0.34873 ( 2)
   4 S   0.00003 0.95543 0.00002 0.04452 ( 2)
   5 A   0.04379 0.95049 0.00018 0.00554 ( 2)
   6 G   0.81170 0.18639 0.00148 0.00044 ( 1)
   7 A   0.02537 0.43563 0.29176 0.24723 ( 2)
   8 A   0.39344 0.60204 0.00144 0.00308 ( 2)
   9 I   0.54140 0.45484 0.00165 0.00211 ( 1)
  10 A   0.04155 0.95347 0.00016 0.00482 ( 2)
  11 A   0.75189 0.23160 0.01267 0.00384 ( 1)
  12 A   0.02638 0.84159 0.00427 0.12777 ( 2)
  13 L   0.81845 0.17815 0.00249 0.00091 ( 1)
  14 T   0.25609 0.73977 0.00085 0.00328 ( 2)
  15 S   0.14020 0.85744 0.00028 0.00208 ( 2)
  16 I   0.20011 0.66190 0.02532 0.11268 ( 2)
  17 L   0.04836 0.95027 0.00010 0.00127 ( 2)
  18 F   0.42057 0.57256 0.00343 0.00344 ( 2)
  19 P   0.98502 0.01437 0.00060 0.00001 ( 1)
  20 S   0.11360 0.88072 0.00046 0.00522 ( 2)
  21 Q   0.19740 0.79780 0.00065 0.00414 ( 2)
  22 G   0.03662 0.88531 0.02541 0.05267 ( 2)
  23 P   0.00039 0.12224 0.06081 0.81656 ( 4)
  24 D   0.87642 0.12215 0.00119 0.00024 ( 1)
  25 V   0.88062 0.11434 0.00424 0.00080 ( 1)
  26 F   0.01257 0.98643 0.00001 0.00098 ( 2)
  27 N   0.04429 0.88924 0.02220 0.04427 ( 2)
  28 E   0.21388 0.78411 0.00045 0.00156 ( 2)
  29 L   0.94266 0.05529 0.00190 0.00014 ( 1)
  30 M   0.98813 0.01073 0.00112 0.00001 ( 1)
  31 G   0.03467 0.95790 0.00018 0.00725 ( 2)
  32 A   0.01030 0.98820 0.00001 0.00149 ( 2)
  33 T   0.26311 0.60742 0.10445 0.02502 ( 2)
  34 E   0.84680 0.15032 0.00244 0.00044 ( 1)
  35 N   0.03350 0.91031 0.00526 0.05093 ( 2)
  36 L   0.97346 0.02342 0.00304 0.00009 ( 1)
  37 L   0.26707 0.35432 0.33346 0.04516 ( 2)
  38 K   0.22913 0.66349 0.07335 0.03403 ( 2)
  39 R   0.19140 0.33083 0.10166 0.37611 ( 4)
  40 E   0.03434 0.26579 0.02329 0.67659 ( 4)
  41 I   0.44322 0.48433 0.03301 0.03945 ( 2)
  42 E   0.03747 0.87574 0.01675 0.07004 ( 2)
  43 T   0.00941 0.39553 0.17374 0.42132 ( 4)
  44 Y   0.98549 0.01339 0.00111 0.00001 ( 1)
  45 V   0.19858 0.62130 0.08141 0.09871 ( 2)
  46 R   0.99489 0.00379 0.00132 0.00001 ( 1)
  47 G   0.01336 0.98059 0.00005 0.00600 ( 2)
  48 R   0.96554 0.03308 0.00133 0.00006 ( 1)
  49 A   0.98547 0.01091 0.00356 0.00006 ( 1)
  50 A   0.01316 0.98144 0.00005 0.00535 ( 2)
  51 S   0.85937 0.13945 0.00102 0.00017 ( 1)
  52 E   0.98890 0.00885 0.00223 0.00002 ( 1)
  53 L   0.79070 0.20659 0.00206 0.00066 ( 1)
  54 L   0.00885 0.99032 0.00001 0.00082 ( 2)
  55 A   0.14335 0.83424 0.00447 0.01795 ( 2)
  56 L   0.97292 0.02569 0.00135 0.00004 ( 1)
  57 E   0.10606 0.85888 0.00940 0.02566 ( 2)
  58 D   0.01144 0.95066 0.00018 0.03772 ( 2)
  59 Q   0.40260 0.59629 0.00044 0.00066 ( 2)
  60 R   0.04794 0.92187 0.00127 0.02893 ( 2)
  61 A   0.00031 0.90191 0.00031 0.09746 ( 2)
  62 Y   0.01046 0.94957 0.00164 0.03833 ( 2)
  63 F   0.95608 0.04103 0.00273 0.00016 ( 1)
  64 K   0.94342 0.05321 0.00312 0.00025 ( 1)
  65 S   0.01216 0.94236 0.00042 0.04506 ( 2)
  66 A   0.15018 0.84616 0.00054 0.00313 ( 2)
  67 F   0.97804 0.01916 0.00272 0.00007 ( 1)
  68 D   0.97529 0.02021 0.00436 0.00014 ( 1)
  69 Y   0.59250 0.40401 0.00185 0.00164 ( 1)
  70 W   0.93642 0.06306 0.00048 0.00003 ( 1)
  71 R   0.00149 0.95119 0.00023 0.04709 ( 2)
  72 L   0.04026 0.93344 0.00083 0.02546 ( 2)
  73 H   0.13859 0.82694 0.01023 0.02424 ( 2)
  74 P   0.00284 0.11919 0.21166 0.66631 ( 4)
  75 T   0.00004 0.03989 0.09701 0.86306 ( 4)
  76 D   0.82682 0.16952 0.00281 0.00085 ( 1)
  77 G   0.00198 0.99488 0.00001 0.00314 ( 2)
  78 N   0.89880 0.09774 0.00298 0.00048 ( 1)
  79 A   0.89734 0.09864 0.00348 0.00054 ( 1)
  80 I   0.66068 0.33565 0.00224 0.00143 ( 1)
  81 A   0.40912 0.58610 0.00147 0.00331 ( 2)
  82 T   0.20819 0.78835 0.00066 0.00280 ( 2)
  83 V   0.98377 0.01176 0.00439 0.00008 ( 1)
  84 A   0.01480 0.98301 0.00003 0.00216 ( 2)
  85 A   0.00000 0.00327 0.57252 0.42421 ( 3)
  86 R   0.73889 0.24441 0.01247 0.00423 ( 1)
  87 F   0.99079 0.00624 0.00295 0.00002 ( 1)
  88 H   0.00046 0.99479 0.00000 0.00476 ( 2)
  89 T   0.90858 0.08764 0.00331 0.00047 ( 1)
  90 V   0.54538 0.42222 0.01967 0.01273 ( 1)
  91 N   0.10460 0.89209 0.00029 0.00302 ( 2)
  92 G   0.06273 0.93182 0.00026 0.00519 ( 2)
  93 A   0.58628 0.40893 0.00246 0.00232 ( 1)
  94 F   0.97949 0.00526 0.01518 0.00007 ( 1)
  95 V   0.88636 0.10983 0.00329 0.00052 ( 1)
  96 T   0.00532 0.99352 0.00001 0.00116 ( 2)
  97 A   0.98717 0.00928 0.00350 0.00005 ( 1)
  98 M   0.98284 0.01601 0.00112 0.00002 ( 1)
  99 R   0.19375 0.71263 0.01758 0.07604 ( 2)
 100 L   0.69144 0.29074 0.01278 0.00504 ( 1)
 101 F   0.99079 0.00624 0.00295 0.00002 ( 1)
 102 R   0.38785 0.60781 0.00141 0.00294 ( 2)
 103 P   0.04661 0.94840 0.00015 0.00484 ( 2)
 104 A   0.00474 0.12506 0.42574 0.44446 ( 4)
 105 G   0.94379 0.00953 0.04632 0.00036 ( 1)
 106 Y   0.73582 0.26081 0.00231 0.00106 ( 1)
 107 E   0.98828 0.00721 0.00446 0.00005 ( 1)
 108 A   0.04336 0.04260 0.86061 0.05343 ( 3)
 109 L   0.87872 0.11811 0.00273 0.00044 ( 1)
 110 L   0.94672 0.05238 0.00086 0.00005 ( 1)
 111 L   0.97751 0.01942 0.00300 0.00007 ( 1)
 112 P   0.46330 0.52427 0.00444 0.00799 ( 2)
 113 V   0.98379 0.01141 0.00472 0.00008 ( 1)
 114 Y   0.98973 0.00714 0.00310 0.00003 ( 1)
 115 A   0.43649 0.12210 0.43588 0.00553 ( 1)
 116 Q   0.98080 0.01816 0.00102 0.00002 ( 1)
 117 A   0.98334 0.01277 0.00382 0.00007 ( 1)
 118 A   0.92435 0.07186 0.00342 0.00037 ( 1)
 119 R   0.66050 0.33856 0.00060 0.00034 ( 1)
 120 L   0.01213 0.08508 0.58861 0.31419 ( 3)
 121 H   0.99317 0.00462 0.00220 0.00001 ( 1)
 122 L   0.97321 0.02540 0.00135 0.00004 ( 1)
 123 L   0.09912 0.16783 0.70074 0.03232 ( 3)
 124 H   0.84831 0.14939 0.00186 0.00045 ( 1)
 125 L   0.97586 0.02106 0.00300 0.00008 ( 1)
 126 R   0.98956 0.00904 0.00139 0.00002 ( 1)
 127 D   0.97697 0.00719 0.01568 0.00017 ( 1)
 128 G   0.95478 0.04336 0.00175 0.00011 ( 1)
 129 V   0.13207 0.86673 0.00016 0.00104 ( 2)
 130 L   0.13774 0.86067 0.00022 0.00137 ( 2)
 131 F   0.80391 0.19454 0.00130 0.00025 ( 1)
 132 A   0.84503 0.13900 0.01383 0.00213 ( 1)
 133 N   0.86875 0.12632 0.00402 0.00091 ( 1)
 134 E   0.81451 0.18259 0.00237 0.00053 ( 1)
 135 W   0.93642 0.06306 0.00048 0.00003 ( 1)
 136 G   0.15148 0.84705 0.00029 0.00118 ( 2)
 137 L   0.90307 0.09368 0.00289 0.00036 ( 1)
 138 A   0.71840 0.27763 0.00256 0.00142 ( 1)
 139 K   0.04167 0.95041 0.00024 0.00768 ( 2)
 140 P   0.91903 0.07930 0.00152 0.00016 ( 1)
 141 -   0.65057 0.34619 0.00181 0.00143 ( 1)
 142 -   0.15650 0.72970 0.06354 0.05025 ( 2)
 143 -   0.65383 0.34164 0.00253 0.00200 ( 1)
 144 -   0.17875 0.76020 0.03409 0.02696 ( 2)
 145 D   0.00478 0.93563 0.00417 0.05542 ( 2)
 146 P   0.48389 0.49591 0.00812 0.01208 ( 2)
 147 G   0.79311 0.20495 0.00145 0.00049 ( 1)
 148 D   0.04084 0.81353 0.07560 0.07003 ( 2)
 149 L   0.00078 0.99773 0.00000 0.00149 ( 2)
 150 H   0.93220 0.06702 0.00073 0.00005 ( 1)
 151 D   0.87680 0.11979 0.00286 0.00054 ( 1)
 152 Q   0.09555 0.90215 0.00017 0.00213 ( 2)
 153 E   0.63229 0.36244 0.00287 0.00240 ( 1)
 154 F   0.65113 0.34569 0.00182 0.00136 ( 1)
 155 N   0.27286 0.72525 0.00049 0.00141 ( 2)
 156 A   0.07604 0.91919 0.00026 0.00452 ( 2)
 157 K   0.01780 0.97798 0.00006 0.00417 ( 2)
 158 A   0.56356 0.43300 0.00178 0.00166 ( 1)
 159 A   0.90329 0.08023 0.01501 0.00147 ( 1)
 160 E   0.92752 0.07022 0.00207 0.00020 ( 1)
 161 Y   0.98995 0.00692 0.00311 0.00003 ( 1)
 162 A   0.49094 0.50467 0.00179 0.00260 ( 2)
 163 D   0.99094 0.00462 0.00441 0.00003 ( 1)
 164 Y   0.92566 0.07148 0.00263 0.00023 ( 1)
 165 C   0.99357 0.00515 0.00127 0.00001 ( 1)
 166 E   0.92459 0.07078 0.00417 0.00046 ( 1)
 167 L   0.04761 0.94858 0.00015 0.00366 ( 2)
 168 T   0.00907 0.98296 0.00006 0.00792 ( 2)
 169 Y   0.03229 0.91816 0.01157 0.03798 ( 2)
 170 N   0.06011 0.74655 0.12550 0.06785 ( 2)
 171 T   0.79895 0.19591 0.00393 0.00120 ( 1)
 172 E   0.27036 0.71120 0.00736 0.01108 ( 2)
 173 L   0.97456 0.02303 0.00235 0.00006 ( 1)
 174 N   0.01326 0.93152 0.00976 0.04546 ( 2)
 175 R   0.45721 0.54057 0.00085 0.00138 ( 2)
 176 I   0.91022 0.06297 0.02460 0.00221 ( 1)
 177 K   0.99167 0.00503 0.00328 0.00002 ( 1)
 178 T   0.51025 0.48535 0.00179 0.00260 ( 1)
 179 T   0.00004 0.00837 0.85153 0.14006 ( 3)
 180 S   0.00000 0.08557 0.00057 0.91385 ( 4)
 181 G   0.00401 0.11674 0.82926 0.04998 ( 3)
 182 K   0.97101 0.02565 0.00322 0.00012 ( 1)
 183 T   0.17897 0.81773 0.00046 0.00283 ( 2)
 184 W   0.93642 0.06306 0.00048 0.00003 ( 1)
 185 F   0.00854 0.98482 0.00006 0.00658 ( 2)
 186 D   0.95696 0.04142 0.00155 0.00008 ( 1)
 187 Y   0.98549 0.01339 0.00111 0.00001 ( 1)
 188 N   0.95846 0.02813 0.01280 0.00061 ( 1)
 189 Q   0.93150 0.06092 0.00669 0.00089 ( 1)
 190 Y   0.88378 0.11284 0.00291 0.00048 ( 1)
 191 R   0.97681 0.02218 0.00099 0.00003 ( 1)
 192 R   0.98172 0.01736 0.00089 0.00002 ( 1)
 193 L   0.00284 0.63614 0.01870 0.34231 ( 2)
 194 M   0.99749 0.00138 0.00113 0.00000 ( 1)
 195 T   0.93596 0.05333 0.00961 0.00111 ( 1)
 196 F   0.17258 0.79514 0.00215 0.03013 ( 2)
 197 A   0.26421 0.70017 0.00562 0.02999 ( 2)
 198 V   0.98402 0.01150 0.00440 0.00007 ( 1)
 199 L   0.06581 0.30366 0.45265 0.17788 ( 3)
 200 D   0.99094 0.00462 0.00441 0.00003 ( 1)
 201 V   0.47628 0.51941 0.00170 0.00261 ( 2)
 202 V   0.84533 0.14989 0.00379 0.00099 ( 1)
 203 A   0.98783 0.00861 0.00351 0.00004 ( 1)
 204 K   0.24366 0.74996 0.00123 0.00514 ( 2)
 205 F   0.99380 0.00342 0.00277 0.00001 ( 1)
 206 S   0.93523 0.06235 0.00224 0.00018 ( 1)
 207 I   0.48289 0.43086 0.04558 0.04067 ( 1)


lnL = -3061.261430

