Supplemental results for CODEML (seqf: algn  treef: tree)


dN/dS (w) for site classes (K=4)

site class             0        1       2a       2b
proportion       0.33207  0.53417  0.05128  0.08248
background w     0.11925  1.00000  0.11925  1.00000
foreground w     0.11925  1.00000 25.74553 25.74553

Naive Empirical Bayes (NEB) probabilities for 4 classes
(amino acids refer to 1st sequence: BT_Cry16Aa1)

   1 -   0.33370 0.53254 0.05153 0.08223 ( 2)
   2 -   0.12408 0.74216 0.01916 0.11460 ( 2)
   3 -   0.05040 0.81583 0.00778 0.12598 ( 2)
   4 -   0.75106 0.11518 0.11598 0.01779 ( 1)
   5 M   0.08271 0.78352 0.01277 0.12099 ( 2)
   6 Q   0.86351 0.00273 0.13334 0.00042 ( 1)
   7 T   0.98852 0.00141 0.01004 0.00003 ( 1)
   8 L   0.93320 0.02379 0.04146 0.00155 ( 1)
   9 T   0.96541 0.00004 0.03455 0.00000 ( 1)
  10 R   0.51574 0.00000 0.48425 0.00000 ( 1)
  11 K   0.98777 0.00269 0.00949 0.00005 ( 1)
  12 V   0.90130 0.08994 0.00749 0.00128 ( 1)
  13 Y   0.99182 0.00002 0.00816 0.00000 ( 1)
  14 S   0.97967 0.00404 0.01618 0.00011 ( 1)
  15 D   0.99220 0.00012 0.00768 0.00000 ( 1)
  16 P   0.99544 0.00041 0.00414 0.00000 ( 1)
  17 V   0.98108 0.01157 0.00719 0.00015 ( 1)
  18 N   0.98556 0.00145 0.01295 0.00004 ( 1)
  19 F   0.16831 0.80052 0.00394 0.02722 ( 2)
  20 I   0.33207 0.53417 0.05128 0.08248 ( 2)
  21 D   0.00541 0.98605 0.00004 0.00850 ( 2)
  22 E   0.11393 0.88073 0.00040 0.00495 ( 2)
  23 N   0.97784 0.01788 0.00415 0.00013 ( 1)
  24 I   0.00001 0.54261 0.00056 0.45681 ( 2)
  25 P   0.76725 0.22712 0.00405 0.00159 ( 1)
  26 I   0.91621 0.07297 0.00937 0.00145 ( 1)
  27 S   0.18831 0.80256 0.00119 0.00794 ( 2)
  28 E   0.79461 0.19394 0.00747 0.00398 ( 1)
  29 Y   0.99041 0.00028 0.00930 0.00001 ( 1)
  30 E   0.98899 0.00410 0.00686 0.00005 ( 1)
  31 K   0.23749 0.73763 0.00312 0.02176 ( 2)
  32 M   0.29178 0.70195 0.00123 0.00504 ( 2)
  33 Y   0.99101 0.00082 0.00815 0.00001 ( 1)
  34 N   0.97850 0.01408 0.00724 0.00017 ( 1)
  35 I   0.02074 0.96664 0.00023 0.01239 ( 2)
  36 S   0.00149 0.99060 0.00001 0.00790 ( 2)
  37 P   0.99135 0.00499 0.00364 0.00003 ( 1)
  38 E   0.02992 0.95726 0.00029 0.01254 ( 2)
  39 L   0.00163 0.59835 0.04130 0.35872 ( 2)
  40 F   0.99269 0.00003 0.00727 0.00000 ( 1)
  41 S   0.00009 0.95588 0.00002 0.04401 ( 2)
  42 T   0.06498 0.82284 0.03313 0.07906 ( 2)
  43 L   0.95468 0.00002 0.04530 0.00000 ( 1)
  44 F   0.00314 0.98435 0.00003 0.01248 ( 2)
  45 S   0.00001 0.98356 0.00000 0.01644 ( 2)
  46 I   0.01389 0.89112 0.00926 0.08573 ( 2)
  47 S   0.01175 0.97551 0.00009 0.01265 ( 2)
  48 F   0.96593 0.02783 0.00600 0.00024 ( 1)
  49 Y   0.98321 0.01107 0.00560 0.00012 ( 1)
  50 T   0.92687 0.06400 0.00807 0.00106 ( 1)
  51 N   0.00261 0.08183 0.55947 0.35609 ( 3)
  52 K   0.00103 0.07549 0.42535 0.49812 ( 4)
  53 S   0.01634 0.66736 0.04164 0.27466 ( 2)
  54 G   0.00206 0.93589 0.00074 0.06131 ( 2)
  55 -   0.03929 0.95002 0.00024 0.01046 ( 2)
  56 -   0.00466 0.43799 0.18706 0.37029 ( 2)
  57 -   0.46301 0.43212 0.03912 0.06574 ( 1)
  58 -   0.65969 0.27300 0.02624 0.04107 ( 1)
  59 -   0.33207 0.53417 0.05128 0.08248 ( 2)
  60 N   0.00016 0.64765 0.00344 0.34875 ( 2)
  61 K   0.00081 0.90648 0.00046 0.09225 ( 2)
  62 F   0.00757 0.68795 0.01912 0.28537 ( 2)
  63 L   0.99337 0.00102 0.00560 0.00001 ( 1)
  64 N   0.84932 0.13930 0.00863 0.00274 ( 1)
  65 G   0.99643 0.00009 0.00348 0.00000 ( 1)
  66 H   0.89650 0.08909 0.01178 0.00263 ( 1)
  67 V   0.00049 0.85599 0.00010 0.14342 ( 2)
  68 N   0.98600 0.00195 0.01203 0.00003 ( 1)
  69 R   0.03356 0.96269 0.00008 0.00366 ( 2)
  70 H   0.94380 0.04772 0.00776 0.00072 ( 1)
  71 V   0.00054 0.99222 0.00000 0.00724 ( 2)
  72 G   0.00011 0.97027 0.00002 0.02959 ( 2)
  73 T   0.26621 0.71289 0.00531 0.01559 ( 2)
  74 D   0.00001 0.74441 0.00003 0.25555 ( 2)
  75 L   0.00018 0.98357 0.00000 0.01625 ( 2)
  76 N   0.51149 0.48410 0.00183 0.00258 ( 1)
  77 Y   0.25540 0.68108 0.02071 0.04281 ( 2)
  78 N   0.00276 0.99235 0.00001 0.00487 ( 2)
  79 G   0.03210 0.94690 0.00040 0.02060 ( 2)
  80 L   0.57983 0.28641 0.08954 0.04423 ( 1)
  81 R   0.00184 0.95984 0.00003 0.03829 ( 2)
  82 E   0.83706 0.15345 0.00709 0.00240 ( 1)
  83 T   0.18503 0.80977 0.00065 0.00455 ( 2)
  84 H   0.00091 0.79189 0.00182 0.20537 ( 2)
  85 Y   0.01225 0.97683 0.00011 0.01082 ( 2)
  86 G   0.99650 0.00001 0.00348 0.00000 ( 1)
  87 N   0.06500 0.88479 0.01556 0.03465 ( 2)
  88 Y   0.07280 0.79344 0.01124 0.12252 ( 2)
  89 G   0.00985 0.96672 0.00020 0.02323 ( 2)
  90 S   0.00126 0.64104 0.03071 0.32699 ( 2)
  91 N   0.00103 0.14558 0.25216 0.60124 ( 4)
  92 Y   0.00025 0.07531 0.34264 0.58181 ( 4)
  93 E   0.00066 0.04546 0.43206 0.52182 ( 4)
  94 V   0.00754 0.80602 0.01687 0.16956 ( 2)
  95 E   0.00004 0.48459 0.00241 0.51296 ( 4)
  96 S   0.07084 0.83753 0.02940 0.06222 ( 2)
  97 M   0.00148 0.91802 0.00008 0.08042 ( 2)
  98 A   0.85614 0.08224 0.05420 0.00742 ( 1)
  99 F   0.83753 0.14464 0.01499 0.00283 ( 1)
 100 D   0.02167 0.96638 0.00016 0.01179 ( 2)
 101 D   0.60577 0.04594 0.34283 0.00546 ( 1)
 102 I   0.12736 0.86092 0.00088 0.01083 ( 2)
 103 -   0.33207 0.53417 0.05128 0.08248 ( 2)
 104 -   0.33207 0.53417 0.05128 0.08248 ( 2)
 105 -   0.33207 0.53417 0.05128 0.08248 ( 2)
 106 -   0.33207 0.53417 0.05128 0.08248 ( 2)
 107 -   0.48950 0.37674 0.07559 0.05818 ( 1)
 108 -   0.22547 0.64077 0.03482 0.09895 ( 2)
 109 K   0.02463 0.95043 0.00058 0.02435 ( 2)
 110 A   0.43351 0.55315 0.00409 0.00926 ( 2)
 111 Y   0.99180 0.00004 0.00816 0.00000 ( 1)
 112 S   0.46254 0.52763 0.00321 0.00662 ( 2)
 113 N   0.91973 0.07257 0.00674 0.00097 ( 1)
 114 N   0.31632 0.67732 0.00134 0.00502 ( 2)
 115 Y   0.16720 0.82351 0.00105 0.00825 ( 2)
 116 F   0.00421 0.47713 0.14920 0.36946 ( 2)
 117 N   0.91853 0.03882 0.04029 0.00236 ( 1)
 118 N   0.01395 0.85229 0.00215 0.13161 ( 2)
 119 T   0.00006 0.50072 0.00128 0.49794 ( 2)
 120 Q   0.02150 0.90143 0.00706 0.07002 ( 2)
 121 N   0.00223 0.52504 0.01595 0.45678 ( 2)
 122 N   0.00123 0.51454 0.05140 0.43283 ( 2)
 123 N   0.00784 0.85840 0.00121 0.13255 ( 2)
 124 P   0.02791 0.83833 0.00431 0.12945 ( 2)
 125 T   0.16870 0.69753 0.02605 0.10771 ( 2)
 126 -   0.33207 0.53417 0.05128 0.08248 ( 2)
 127 S   0.03497 0.96019 0.00012 0.00471 ( 2)
 128 V   0.01760 0.97870 0.00004 0.00366 ( 2)
 129 K   0.00774 0.88788 0.00434 0.10003 ( 2)
 130 S   0.00147 0.90576 0.00087 0.09191 ( 2)
 131 I   0.90256 0.09292 0.00383 0.00069 ( 1)
 132 K   0.34534 0.65030 0.00136 0.00300 ( 2)
 133 F   0.01628 0.97663 0.00007 0.00703 ( 2)
 134 L   0.00690 0.98494 0.00005 0.00811 ( 2)
 135 I   0.01946 0.97323 0.00008 0.00723 ( 2)
 136 T   0.00003 0.97346 0.00000 0.02651 ( 2)
 137 K   0.00087 0.97690 0.00002 0.02221 ( 2)
 138 N   0.06510 0.91910 0.00057 0.01523 ( 2)
 139 N   0.00007 0.51924 0.00169 0.47900 ( 2)
 140 D   0.27396 0.71707 0.00154 0.00743 ( 2)
 141 E   0.14298 0.85068 0.00059 0.00575 ( 2)
 142 W   0.00039 0.45811 0.02201 0.51948 ( 4)
 143 I   0.00000 0.90948 0.00000 0.09051 ( 2)
 144 Y   0.00415 0.60381 0.08841 0.30363 ( 2)
 145 G   0.61825 0.37384 0.00381 0.00411 ( 1)
 146 E   0.97091 0.02556 0.00339 0.00013 ( 1)
 147 P   0.00137 0.65195 0.00800 0.33868 ( 2)
 148 D   0.00000 0.36874 0.00011 0.63115 ( 4)
 149 S   0.00000 0.15009 0.00004 0.84987 ( 4)
 150 S   0.22279 0.59371 0.11846 0.06504 ( 2)
 151 N   0.00019 0.08272 0.21396 0.70313 ( 4)
 152 I   0.00001 0.06563 0.01214 0.92223 ( 4)
 153 D   0.18553 0.68071 0.02865 0.10511 ( 2)
 154 F   0.05273 0.81351 0.00814 0.12562 ( 2)
 155 T   0.06954 0.79670 0.01074 0.12302 ( 2)
 156 R   0.45838 0.40786 0.07078 0.06298 ( 1)
 157 N   0.42140 0.44484 0.06507 0.06869 ( 2)
 158 I   0.27388 0.59236 0.04229 0.09147 ( 2)
 159 -   0.00029 0.87078 0.00020 0.12872 ( 2)
 160 -   0.00031 0.57085 0.00566 0.42319 ( 2)
 161 -   0.30597 0.46522 0.17333 0.05548 ( 2)
 162 -   0.00045 0.99587 0.00000 0.00367 ( 2)
 163 -   0.03418 0.93825 0.00068 0.02689 ( 2)
 164 -   0.07710 0.91437 0.00041 0.00813 ( 2)
 165 -   0.00004 0.91499 0.00001 0.08497 ( 2)
 166 -   0.04046 0.95472 0.00014 0.00469 ( 2)
 167 -   0.38285 0.48339 0.05912 0.07464 ( 2)
 168 -   0.42660 0.43964 0.06587 0.06789 ( 2)
 169 Q   0.00362 0.98645 0.00002 0.00990 ( 2)
 170 G   0.00672 0.61107 0.12789 0.25433 ( 2)
 171 Y   0.04211 0.95133 0.00022 0.00635 ( 2)
 172 L   0.00052 0.66360 0.00990 0.32598 ( 2)
 173 S   0.00000 0.11608 0.00070 0.88322 ( 4)
 174 N   0.00022 0.96345 0.00001 0.03632 ( 2)
 175 L   0.98988 0.00187 0.00822 0.00003 ( 1)
 176 N   0.20040 0.77393 0.00263 0.02304 ( 2)
 177 N   0.00633 0.57059 0.13678 0.28630 ( 2)
 178 E   0.00255 0.58270 0.06942 0.34533 ( 2)
 179 S   0.98238 0.00457 0.01291 0.00013 ( 1)
 180 Y   0.12736 0.86228 0.00072 0.00964 ( 2)
 181 T   0.88302 0.10750 0.00769 0.00178 ( 1)
 182 H   0.99460 0.00002 0.00538 0.00000 ( 1)
 183 S   0.00594 0.99019 0.00002 0.00385 ( 2)
 184 L   0.99490 0.00023 0.00487 0.00000 ( 1)
 185 S   0.99416 0.00059 0.00524 0.00000 ( 1)
 186 D   0.99053 0.00016 0.00931 0.00000 ( 1)
 187 M   0.21773 0.76953 0.00181 0.01094 ( 2)
 188 I   0.98970 0.00024 0.01006 0.00000 ( 1)
 189 L   0.92343 0.07228 0.00380 0.00049 ( 1)
 190 A   0.03046 0.83578 0.00470 0.12906 ( 2)
 191 N   0.01386 0.85238 0.00214 0.13162 ( 2)
 192 N   0.70024 0.16600 0.10813 0.02563 ( 1)
 193 D   0.06583 0.80040 0.01017 0.12360 ( 2)
 194 K   0.71259 0.15365 0.11003 0.02373 ( 1)
 195 -   0.36779 0.49845 0.05679 0.07697 ( 2)
 196 I   0.03365 0.83259 0.00520 0.12856 ( 2)
 197 Q   0.17922 0.68702 0.02767 0.10609 ( 2)
 198 I   0.00270 0.86354 0.00042 0.13334 ( 2)
 199 N   0.00346 0.86278 0.00053 0.13323 ( 2)
 200 I   0.14899 0.71725 0.02301 0.11076 ( 2)
 201 D   0.04035 0.95415 0.00014 0.00536 ( 2)
 202 T   0.13251 0.86254 0.00046 0.00448 ( 2)
 203 P   0.97019 0.01657 0.01275 0.00049 ( 1)
 204 H   0.13957 0.85440 0.00066 0.00537 ( 2)
 205 S   0.06133 0.88675 0.00262 0.04930 ( 2)
 206 Y   0.99425 0.00040 0.00535 0.00000 ( 1)
 207 S   0.96747 0.02716 0.00513 0.00024 ( 1)
 208 Y   0.99438 0.00001 0.00561 0.00000 ( 1)
 209 S   0.90172 0.09260 0.00489 0.00079 ( 1)
 210 W   0.98978 0.00297 0.00722 0.00002 ( 1)
 211 I   0.98906 0.00229 0.00862 0.00004 ( 1)
 212 Y   0.99265 0.00196 0.00537 0.00002 ( 1)
 213 K   0.00056 0.40999 0.04255 0.54690 ( 4)
 214 -   0.04190 0.95279 0.00021 0.00510 ( 2)
 215 -   0.54537 0.32087 0.08421 0.04955 ( 1)
 216 -   0.29930 0.56694 0.04622 0.08755 ( 2)
 217 -   0.74738 0.11886 0.11541 0.01835 ( 1)
 218 -   0.20533 0.66091 0.03171 0.10205 ( 2)
 219 -   0.18295 0.68328 0.02825 0.10551 ( 2)
 220 -   0.41838 0.44786 0.06460 0.06916 ( 2)
 221 -   0.21354 0.65270 0.03297 0.10079 ( 2)
 222 -   0.34232 0.52392 0.05286 0.08090 ( 2)
 223 -   0.33207 0.53417 0.05128 0.08248 ( 2)
 224 -   0.33207 0.53417 0.05128 0.08248 ( 2)
 225 -   0.31821 0.54803 0.04914 0.08462 ( 2)


lnL = -5248.946114

Bayes Empirical Bayes (BEB) probabilities for 4 classes (class)
(amino acids refer to 1st sequence: BT_Cry16Aa1)

   1 -   0.36287 0.47158 0.07223 0.09331 ( 2)
   2 -   0.18497 0.64949 0.03685 0.12869 ( 2)
   3 -   0.08299 0.75147 0.01654 0.14900 ( 2)
   4 -   0.72677 0.10769 0.14431 0.02123 ( 1)
   5 M   0.16434 0.67012 0.03274 0.13280 ( 2)
   6 Q   0.83142 0.00304 0.16494 0.00060 ( 1)
   7 T   0.98076 0.00168 0.01751 0.00006 ( 1)
   8 L   0.91091 0.02077 0.06603 0.00230 ( 1)
   9 T   0.95333 0.00007 0.04659 0.00000 ( 1)
  10 R   0.63330 0.00001 0.36668 0.00000 ( 1)
  11 K   0.98002 0.00285 0.01704 0.00009 ( 1)
  12 V   0.91659 0.06443 0.01699 0.00199 ( 1)
  13 Y   0.98510 0.00004 0.01485 0.00000 ( 1)
  14 S   0.97243 0.00368 0.02375 0.00014 ( 1)
  15 D   0.97727 0.00024 0.02248 0.00001 ( 1)
  16 P   0.99022 0.00042 0.00935 0.00001 ( 1)
  17 V   0.97708 0.00919 0.01351 0.00022 ( 1)
  18 N   0.97768 0.00173 0.02052 0.00008 ( 1)
  19 F   0.30360 0.64726 0.01219 0.03694 ( 2)
  20 I   0.36131 0.47314 0.07192 0.09362 ( 2)
  21 D   0.01548 0.94944 0.00044 0.03464 ( 2)
  22 E   0.20528 0.78166 0.00188 0.01118 ( 2)
  23 N   0.97636 0.01507 0.00836 0.00022 ( 1)
  24 I   0.00006 0.45548 0.00224 0.54222 ( 4)
  25 P   0.80946 0.16479 0.02035 0.00539 ( 1)
  26 I   0.92127 0.06018 0.01652 0.00203 ( 1)
  27 S   0.34949 0.63041 0.00534 0.01476 ( 2)
  28 E   0.84954 0.13300 0.01313 0.00432 ( 1)
  29 Y   0.98437 0.00041 0.01521 0.00001 ( 1)
  30 E   0.98280 0.00366 0.01345 0.00009 ( 1)
  31 K   0.44606 0.52090 0.00938 0.02366 ( 2)
  32 M   0.48888 0.49837 0.00473 0.00802 ( 2)
  33 Y   0.98428 0.00086 0.01484 0.00002 ( 1)
  34 N   0.97030 0.01246 0.01689 0.00035 ( 1)
  35 I   0.05199 0.88713 0.00297 0.05791 ( 2)
  36 S   0.00542 0.96823 0.00011 0.02625 ( 2)
  37 P   0.98177 0.00364 0.01451 0.00008 ( 1)
  38 E   0.08054 0.88377 0.00233 0.03335 ( 2)
  39 L   0.00473 0.46628 0.11426 0.41472 ( 2)
  40 F   0.98631 0.00005 0.01364 0.00000 ( 1)
  41 S   0.00040 0.92047 0.00013 0.07900 ( 2)
  42 T   0.14265 0.65333 0.09897 0.10505 ( 2)
  43 L   0.91863 0.00003 0.08134 0.00000 ( 1)
  44 F   0.01223 0.92641 0.00070 0.06065 ( 2)
  45 S   0.00006 0.92421 0.00000 0.07573 ( 2)
  46 I   0.03383 0.76369 0.03950 0.16298 ( 2)
  47 S   0.03722 0.93449 0.00065 0.02763 ( 2)
  48 F   0.96058 0.01846 0.02043 0.00054 ( 1)
  49 Y   0.98024 0.00852 0.01106 0.00018 ( 1)
  50 T   0.93536 0.04852 0.01471 0.00140 ( 1)
  51 N   0.00695 0.07939 0.67188 0.24178 ( 3)
  52 K   0.00263 0.06813 0.56409 0.36515 ( 3)
  53 S   0.04342 0.63318 0.08251 0.24089 ( 2)
  54 G   0.00753 0.87294 0.00441 0.11513 ( 2)
  55 -   0.08558 0.89447 0.00104 0.01890 ( 2)
  56 -   0.00954 0.36063 0.28130 0.34853 ( 2)
  57 -   0.50613 0.36794 0.05518 0.07075 ( 1)
  58 -   0.62801 0.27367 0.04501 0.05331 ( 1)
  59 -   0.36131 0.47314 0.07192 0.09362 ( 2)
  60 N   0.00065 0.57829 0.01204 0.40902 ( 2)
  61 K   0.00395 0.84489 0.00315 0.14801 ( 2)
  62 F   0.02221 0.65250 0.04669 0.27859 ( 2)
  63 L   0.98795 0.00101 0.01102 0.00002 ( 1)
  64 N   0.89359 0.08752 0.01596 0.00293 ( 1)
  65 G   0.98798 0.00012 0.01189 0.00000 ( 1)
  66 H   0.92521 0.05297 0.01942 0.00240 ( 1)
  67 V   0.00202 0.78797 0.00059 0.20942 ( 2)
  68 N   0.97336 0.00273 0.02382 0.00009 ( 1)
  69 R   0.08738 0.90095 0.00071 0.01096 ( 2)
  70 H   0.95376 0.03102 0.01438 0.00083 ( 1)
  71 V   0.00234 0.97128 0.00005 0.02633 ( 2)
  72 G   0.00065 0.94699 0.00017 0.05219 ( 2)
  73 T   0.42597 0.52417 0.02112 0.02874 ( 2)
  74 D   0.00007 0.70130 0.00015 0.29848 ( 2)
  75 L   0.00096 0.97031 0.00002 0.02871 ( 2)
  76 N   0.60016 0.38574 0.00729 0.00681 ( 1)
  77 Y   0.41094 0.49998 0.04468 0.04440 ( 2)
  78 N   0.01103 0.96916 0.00016 0.01965 ( 2)
  79 G   0.08515 0.87757 0.00201 0.03528 ( 2)
  80 L   0.57876 0.25570 0.11505 0.05049 ( 1)
  81 R   0.00760 0.94084 0.00020 0.05137 ( 2)
  82 E   0.88676 0.09989 0.01115 0.00220 ( 1)
  83 T   0.37376 0.61404 0.00343 0.00877 ( 2)
  84 H   0.00301 0.67852 0.00843 0.31004 ( 2)
  85 Y   0.03803 0.91105 0.00174 0.04918 ( 2)
  86 G   0.98809 0.00002 0.01189 0.00000 ( 1)
  87 N   0.13531 0.76458 0.04387 0.05624 ( 2)
  88 Y   0.13528 0.69918 0.02696 0.13858 ( 2)
  89 G   0.02696 0.91621 0.00138 0.05545 ( 2)
  90 S   0.00299 0.46211 0.08870 0.44620 ( 2)
  91 N   0.00242 0.12680 0.36544 0.50534 ( 4)
  92 Y   0.00066 0.06922 0.46803 0.46208 ( 3)
  93 E   0.00328 0.07582 0.56395 0.35695 ( 3)
  94 V   0.01864 0.75173 0.03797 0.19166 ( 2)
  95 E   0.00014 0.35435 0.00995 0.63556 ( 4)
  96 S   0.14690 0.63842 0.10962 0.10507 ( 2)
  97 M   0.00671 0.92053 0.00032 0.07245 ( 2)
  98 A   0.86697 0.06421 0.06243 0.00640 ( 1)
  99 F   0.83563 0.08678 0.06975 0.00784 ( 1)
 100 D   0.06465 0.90868 0.00113 0.02554 ( 2)
 101 D   0.56803 0.03305 0.39306 0.00587 ( 1)
 102 I   0.28834 0.69099 0.00396 0.01671 ( 2)
 103 -   0.36131 0.47314 0.07192 0.09362 ( 2)
 104 -   0.36131 0.47314 0.07192 0.09362 ( 2)
 105 -   0.36131 0.47314 0.07192 0.09362 ( 2)
 106 -   0.36131 0.47314 0.07192 0.09362 ( 2)
 107 -   0.50992 0.32454 0.10142 0.06412 ( 1)
 108 -   0.28397 0.55049 0.05655 0.10899 ( 2)
 109 K   0.04585 0.86279 0.00431 0.08705 ( 2)
 110 A   0.58701 0.39090 0.01028 0.01181 ( 1)
 111 Y   0.98508 0.00007 0.01485 0.00000 ( 1)
 112 S   0.64501 0.33800 0.00884 0.00814 ( 1)
 113 N   0.93191 0.05388 0.01289 0.00132 ( 1)
 114 N   0.47748 0.51096 0.00410 0.00745 ( 2)
 115 Y   0.32281 0.65566 0.00517 0.01636 ( 2)
 116 F   0.01110 0.34340 0.31531 0.33019 ( 2)
 117 N   0.92697 0.02882 0.04241 0.00179 ( 1)
 118 N   0.03707 0.79739 0.00739 0.15815 ( 2)
 119 T   0.00025 0.46295 0.00439 0.53241 ( 4)
 120 Q   0.06804 0.80744 0.02820 0.09632 ( 2)
 121 N   0.00859 0.52647 0.04501 0.41993 ( 2)
 122 N   0.00323 0.38349 0.13014 0.48314 ( 4)
 123 N   0.01997 0.81449 0.00398 0.16156 ( 2)
 124 P   0.05867 0.77579 0.01169 0.15385 ( 2)
 125 T   0.22761 0.60684 0.04534 0.12020 ( 2)
 126 -   0.36131 0.47314 0.07192 0.09362 ( 2)
 127 S   0.09734 0.88336 0.00140 0.01790 ( 2)
 128 V   0.05384 0.93442 0.00044 0.01130 ( 2)
 129 K   0.02027 0.82363 0.01405 0.14205 ( 2)
 130 S   0.00603 0.81973 0.00585 0.16839 ( 2)
 131 I   0.92426 0.06685 0.00792 0.00097 ( 1)
 132 K   0.50182 0.45486 0.02112 0.02221 ( 1)
 133 F   0.04302 0.94136 0.00042 0.01521 ( 2)
 134 L   0.01967 0.91611 0.00121 0.06300 ( 2)
 135 I   0.05848 0.92744 0.00050 0.01358 ( 2)
 136 T   0.00016 0.90829 0.00001 0.09153 ( 2)
 137 K   0.00338 0.92681 0.00025 0.06957 ( 2)
 138 N   0.14931 0.82433 0.00236 0.02401 ( 2)
 139 N   0.00029 0.47675 0.00562 0.51735 ( 4)
 140 D   0.41481 0.56917 0.00464 0.01137 ( 2)
 141 E   0.29834 0.68545 0.00354 0.01266 ( 2)
 142 W   0.00159 0.39812 0.06801 0.53229 ( 4)
 143 I   0.00003 0.85926 0.00002 0.14069 ( 2)
 144 Y   0.01062 0.44157 0.21785 0.32995 ( 2)
 145 G   0.73994 0.24592 0.00897 0.00517 ( 1)
 146 E   0.96946 0.01854 0.01167 0.00032 ( 1)
 147 P   0.00510 0.63511 0.02265 0.33714 ( 2)
 148 D   0.00001 0.32781 0.00045 0.67173 ( 4)
 149 S   0.00000 0.22043 0.00019 0.77939 ( 4)
 150 S   0.33920 0.37477 0.22370 0.06233 ( 2)
 151 N   0.00058 0.08633 0.32153 0.59156 ( 4)
 152 I   0.00007 0.09664 0.03669 0.86660 ( 4)
 153 D   0.25622 0.57824 0.05103 0.11451 ( 2)
 154 F   0.08957 0.74489 0.01785 0.14769 ( 2)
 155 T   0.12486 0.70960 0.02488 0.14066 ( 2)
 156 R   0.51208 0.32238 0.10184 0.06370 ( 1)
 157 N   0.45318 0.38128 0.09016 0.07538 ( 1)
 158 I   0.33714 0.49732 0.06712 0.09842 ( 2)
 159 -   0.00110 0.80480 0.00100 0.19310 ( 2)
 160 -   0.00088 0.48198 0.01657 0.50057 ( 4)
 161 -   0.36999 0.31496 0.25843 0.05663 ( 1)
 162 -   0.00160 0.96328 0.00005 0.03507 ( 2)
 163 -   0.08191 0.88241 0.00220 0.03349 ( 2)
 164 -   0.16523 0.81730 0.00192 0.01555 ( 2)
 165 -   0.00014 0.79573 0.00013 0.20400 ( 2)
 166 -   0.08757 0.89307 0.00126 0.01810 ( 2)
 167 -   0.40941 0.42505 0.08148 0.08406 ( 2)
 168 -   0.43185 0.40261 0.08593 0.07961 ( 1)
 169 Q   0.01268 0.96593 0.00016 0.02124 ( 2)
 170 G   0.01430 0.40034 0.30043 0.28493 ( 2)
 171 Y   0.10452 0.86825 0.00230 0.02492 ( 2)
 172 L   0.00250 0.60873 0.03626 0.35251 ( 2)
 173 S   0.00001 0.14258 0.00233 0.85507 ( 4)
 174 N   0.00116 0.95125 0.00005 0.04754 ( 2)
 175 L   0.98005 0.00173 0.01817 0.00005 ( 1)
 176 N   0.34244 0.62184 0.00721 0.02852 ( 2)
 177 N   0.01172 0.43174 0.23966 0.31687 ( 2)
 178 E   0.00664 0.42883 0.17760 0.38693 ( 2)
 179 S   0.97501 0.00433 0.02046 0.00020 ( 1)
 180 Y   0.28854 0.69299 0.00324 0.01524 ( 2)
 181 T   0.91087 0.07270 0.01433 0.00210 ( 1)
 182 H   0.99034 0.00003 0.00962 0.00000 ( 1)
 183 S   0.02115 0.94297 0.00065 0.03524 ( 2)
 184 L   0.98100 0.00025 0.01874 0.00001 ( 1)
 185 S   0.97483 0.00066 0.02449 0.00002 ( 1)
 186 D   0.98452 0.00026 0.01521 0.00001 ( 1)
 187 M   0.39128 0.58339 0.00727 0.01806 ( 2)
 188 I   0.98211 0.00035 0.01753 0.00001 ( 1)
 189 L   0.94112 0.04922 0.00890 0.00075 ( 1)
 190 A   0.06541 0.76905 0.01304 0.15250 ( 2)
 191 N   0.03334 0.80112 0.00665 0.15890 ( 2)
 192 N   0.68082 0.15364 0.13524 0.03030 ( 1)
 193 D   0.11603 0.71843 0.02312 0.14242 ( 2)
 194 K   0.68917 0.14529 0.13689 0.02865 ( 1)
 195 -   0.39527 0.43919 0.07867 0.08687 ( 2)
 196 I   0.06164 0.77282 0.01229 0.15326 ( 2)
 197 Q   0.28727 0.54719 0.05721 0.10834 ( 2)
 198 I   0.00867 0.82579 0.00173 0.16381 ( 2)
 199 N   0.01184 0.82262 0.00236 0.16318 ( 2)
 200 I   0.21842 0.61603 0.04351 0.12203 ( 2)
 201 D   0.10510 0.88133 0.00096 0.01261 ( 2)
 202 T   0.27538 0.70884 0.00333 0.01245 ( 2)
 203 P   0.96413 0.01496 0.02023 0.00068 ( 1)
 204 H   0.29435 0.68508 0.00503 0.01553 ( 2)
 205 S   0.14469 0.79518 0.00748 0.05265 ( 2)
 206 Y   0.97484 0.00057 0.02457 0.00002 ( 1)
 207 S   0.97171 0.01671 0.01127 0.00032 ( 1)
 208 Y   0.98895 0.00002 0.01103 0.00000 ( 1)
 209 S   0.92536 0.05962 0.01367 0.00135 ( 1)
 210 W   0.93925 0.00291 0.05765 0.00020 ( 1)
 211 I   0.98192 0.00256 0.01544 0.00007 ( 1)
 212 Y   0.98824 0.00212 0.00960 0.00004 ( 1)
 213 K   0.00151 0.30112 0.10810 0.58926 ( 4)
 214 -   0.09190 0.88195 0.00208 0.02407 ( 2)
 215 -   0.52166 0.31279 0.10374 0.06180 ( 1)
 216 -   0.35036 0.48409 0.06975 0.09579 ( 2)
 217 -   0.72090 0.11356 0.14315 0.02239 ( 1)
 218 -   0.26906 0.56540 0.05359 0.11196 ( 2)
 219 -   0.24335 0.59111 0.04847 0.11707 ( 2)
 220 -   0.43866 0.39580 0.08728 0.07826 ( 1)
 221 -   0.27603 0.55843 0.05497 0.11057 ( 2)
 222 -   0.37803 0.45643 0.07525 0.09030 ( 2)
 223 -   0.36131 0.47314 0.07192 0.09362 ( 2)
 224 -   0.36131 0.47314 0.07192 0.09362 ( 2)
 225 -   0.35470 0.47976 0.07061 0.09493 ( 2)

