Supplemental results for CODEML (seqf: algn  treef: tree)


dN/dS (w) for site classes (K=4)

site class             0        1       2a       2b
proportion       0.45859  0.40283  0.07377  0.06480
background w     0.11047  1.00000  0.11047  1.00000
foreground w     0.11047  1.00000 999.00000 999.00000

Naive Empirical Bayes (NEB) probabilities for 4 classes
(amino acids refer to 1st sequence: BT_Cry7Cb1)

   1 -   0.47988 0.38154 0.07720 0.06138 ( 1)
   2 -   0.15193 0.70949 0.02444 0.11414 ( 2)
   3 -   0.78055 0.08087 0.12557 0.01301 ( 1)
   4 K   0.91243 0.07446 0.01121 0.00190 ( 1)
   5 I   0.97985 0.00547 0.01447 0.00020 ( 1)
   6 S   0.01103 0.75128 0.09766 0.14003 ( 2)
   7 Q   0.96349 0.02613 0.01005 0.00033 ( 1)
   8 L   0.88389 0.10030 0.01371 0.00209 ( 1)
   9 Y   0.58871 0.39426 0.00842 0.00861 ( 1)
  10 A   0.03230 0.84467 0.01391 0.10912 ( 2)
  11 V   0.98331 0.00300 0.01359 0.00010 ( 1)
  12 K   0.98454 0.00418 0.01118 0.00010 ( 1)
  13 A   0.00777 0.86765 0.00311 0.12148 ( 2)
  14 Y   0.14468 0.76698 0.01712 0.07122 ( 2)
  15 T   0.17205 0.55076 0.05552 0.22167 ( 2)
  16 T   0.00132 0.03937 0.93632 0.02298 ( 3)
  17 -   0.13949 0.72193 0.02244 0.11614 ( 2)
  18 S   0.00012 0.31020 0.33458 0.35510 ( 4)
  19 N   0.95848 0.02568 0.01499 0.00085 ( 1)
  20 V   0.21073 0.35759 0.39764 0.03404 ( 3)
  21 S   0.97838 0.01265 0.00879 0.00018 ( 1)
  22 V   0.98369 0.00271 0.01351 0.00009 ( 1)
  23 V   0.08437 0.80041 0.00937 0.10586 ( 2)
  24 G   0.00748 0.87459 0.00390 0.11402 ( 2)
  25 G   0.98442 0.00192 0.01362 0.00004 ( 1)
  26 P   0.99196 0.00111 0.00691 0.00001 ( 1)
  27 G   0.98738 0.00244 0.01013 0.00004 ( 1)
  28 F   0.99036 0.00073 0.00889 0.00001 ( 1)
  29 L   0.82534 0.15653 0.01474 0.00339 ( 1)
  30 G   0.98574 0.00406 0.01013 0.00007 ( 1)
  31 G   0.98738 0.00244 0.01013 0.00004 ( 1)
  32 N   0.98796 0.00091 0.01111 0.00003 ( 1)
  33 I   0.93365 0.05015 0.01434 0.00186 ( 1)
  34 I   0.50128 0.47088 0.00898 0.01886 ( 1)
  35 K   0.94541 0.04279 0.01069 0.00110 ( 1)
  36 G   0.73843 0.13412 0.11312 0.01433 ( 1)
  37 N   0.77627 0.20516 0.01152 0.00705 ( 1)
  38 N   0.37242 0.46248 0.11159 0.05351 ( 2)
  39 D   0.07434 0.89686 0.00108 0.02772 ( 2)
  40 P   0.00012 0.00551 0.98550 0.00887 ( 3)
  41 A   0.00029 0.80798 0.00181 0.18992 ( 2)
  42 S   0.00627 0.34804 0.18584 0.45986 ( 4)
  43 Y   0.03115 0.94938 0.00040 0.01907 ( 2)
  44 T   0.00021 0.27686 0.00122 0.72171 ( 4)
  45 G   0.04073 0.93817 0.00056 0.02055 ( 2)
  46 S   0.18186 0.76987 0.00778 0.04049 ( 2)
  47 V   0.85041 0.10619 0.03831 0.00508 ( 1)
  48 S   0.00029 0.64282 0.00837 0.34852 ( 2)
  49 W   0.00728 0.32762 0.34611 0.31899 ( 3)
  50 A   0.18443 0.66470 0.08157 0.06931 ( 2)
  51 I   0.72626 0.25148 0.01201 0.01025 ( 1)
  52 R   0.71268 0.27464 0.00709 0.00559 ( 1)
  53 L   0.76188 0.20578 0.02532 0.00702 ( 1)
  54 D   0.00860 0.96217 0.00011 0.02912 ( 2)
  55 G   0.06820 0.91209 0.00067 0.01905 ( 2)
  56 -   0.45859 0.40283 0.07377 0.06480 ( 1)
  57 S   0.00716 0.88924 0.01221 0.09139 ( 2)
  58 T   0.00180 0.35274 0.10710 0.53836 ( 4)
  59 V   0.06819 0.71040 0.10964 0.11177 ( 2)
  60 S   0.01032 0.96516 0.00013 0.02439 ( 2)
  61 R   0.03885 0.73472 0.01232 0.21410 ( 2)
  62 F   0.93633 0.03216 0.03043 0.00109 ( 1)
  63 R   0.99179 0.00159 0.00661 0.00001 ( 1)
  64 L   0.28459 0.31220 0.35906 0.04415 ( 3)
  65 R   0.98996 0.00112 0.00890 0.00002 ( 1)
  66 I   0.98249 0.00284 0.01455 0.00011 ( 1)
  67 P   0.82575 0.10539 0.06066 0.00820 ( 1)
  68 Y   0.98943 0.00141 0.00913 0.00002 ( 1)
  69 A   0.98723 0.00154 0.01119 0.00004 ( 1)
  70 A   0.96979 0.01612 0.01361 0.00048 ( 1)
  71 E   0.17962 0.79666 0.00286 0.02086 ( 2)
  72 T   0.92923 0.05590 0.01312 0.00175 ( 1)
  73 D   0.84994 0.13756 0.00872 0.00377 ( 1)
  74 G   0.00436 0.93830 0.00026 0.05708 ( 2)
  75 T   0.00311 0.75053 0.00977 0.23659 ( 2)
  76 F   0.98835 0.00262 0.00897 0.00005 ( 1)
  77 S   0.00064 0.55592 0.04274 0.40070 ( 2)
  78 I   0.35156 0.61751 0.00626 0.02468 ( 2)
  79 T   0.75762 0.22564 0.00945 0.00729 ( 1)
  80 V   0.20976 0.65299 0.07390 0.06335 ( 2)
  81 R   0.59506 0.37941 0.01500 0.01054 ( 1)
  82 D   0.59982 0.37740 0.01345 0.00933 ( 1)
  83 D   0.05317 0.87829 0.00295 0.06559 ( 2)
  84 L   0.00876 0.91159 0.00234 0.07732 ( 2)
  85 G   0.93874 0.00604 0.05486 0.00036 ( 1)
  86 P   0.27452 0.71373 0.00222 0.00953 ( 2)
  87 F   0.00009 0.89552 0.00002 0.10438 ( 2)
  88 T   0.58392 0.39268 0.01020 0.01320 ( 1)
  89 I   0.79359 0.18539 0.01388 0.00714 ( 1)
  90 K   0.01634 0.69436 0.14496 0.14434 ( 2)
  91 K   0.00014 0.80564 0.00014 0.19408 ( 2)
  92 D   0.00013 0.86183 0.00002 0.13802 ( 2)
  93 F   0.88200 0.10785 0.00798 0.00218 ( 1)
  94 I   0.09272 0.81691 0.00926 0.08111 ( 2)
  95 A   0.51980 0.45752 0.00941 0.01326 ( 1)
  96 T   0.98403 0.00244 0.01346 0.00007 ( 1)
  97 M   0.99508 0.00041 0.00450 0.00000 ( 1)
  98 K   0.01029 0.74721 0.06986 0.17264 ( 2)
  99 P   0.03717 0.94794 0.00042 0.01447 ( 2)
 100 G   0.98738 0.00244 0.01013 0.00004 ( 1)
 101 D   0.28091 0.69524 0.00329 0.02056 ( 2)
 102 P   0.42355 0.56657 0.00304 0.00685 ( 2)
 103 L   0.98013 0.00616 0.01360 0.00012 ( 1)
 104 S   0.92808 0.05499 0.01572 0.00120 ( 1)
 105 Y   0.97660 0.01415 0.00902 0.00023 ( 1)
 106 G   0.01024 0.42402 0.41947 0.14627 ( 2)
 107 K   0.19244 0.78360 0.00251 0.02146 ( 2)
 108 F   0.95310 0.00747 0.03868 0.00075 ( 1)
 109 E   0.26405 0.38660 0.31966 0.02970 ( 2)
 110 Y   0.95729 0.03301 0.00912 0.00057 ( 1)
 111 L   0.36096 0.50358 0.10550 0.02996 ( 2)
 112 E   0.12823 0.84835 0.00201 0.02141 ( 2)
 113 F   0.96682 0.01545 0.01722 0.00051 ( 1)
 114 E   0.00025 0.89741 0.00029 0.10205 ( 2)
 115 Q   0.01440 0.75732 0.10968 0.11861 ( 2)
 116 T   0.87710 0.10064 0.01860 0.00365 ( 1)
 117 M   0.00649 0.17147 0.72260 0.09944 ( 3)
 118 S   0.01452 0.91168 0.00218 0.07162 ( 2)
 119 L   0.39656 0.13186 0.42894 0.04263 ( 3)
 120 N   0.00069 0.79637 0.01302 0.18992 ( 2)
 121 N   0.25577 0.47109 0.11713 0.15601 ( 2)
 122 K   0.00001 0.26091 0.00029 0.73879 ( 4)
 123 H   0.02289 0.96437 0.00017 0.01258 ( 2)
 124 G   0.89497 0.09526 0.00782 0.00195 ( 1)
 125 Q   0.00025 0.27555 0.05565 0.66855 ( 4)
 126 F   0.60363 0.38232 0.00633 0.00772 ( 1)
 127 F   0.00305 0.96362 0.00010 0.03323 ( 2)
 128 V   0.96998 0.01343 0.01611 0.00048 ( 1)
 129 H   0.03602 0.46591 0.23771 0.26036 ( 2)
 130 T   0.00425 0.23812 0.67277 0.08486 ( 3)
 131 E   0.01737 0.90555 0.00263 0.07445 ( 2)
 132 N   0.36769 0.55836 0.02954 0.04441 ( 2)
 133 L   0.88713 0.09745 0.01342 0.00200 ( 1)
 134 K   0.00105 0.82835 0.00988 0.16072 ( 2)
 135 D   0.03106 0.93869 0.00046 0.02980 ( 2)
 136 R   0.71268 0.27464 0.00709 0.00559 ( 1)
 137 N   0.13971 0.59830 0.21377 0.04823 ( 2)
 138 S   0.00757 0.75662 0.08942 0.14639 ( 2)
 139 S   0.04837 0.81522 0.06590 0.07051 ( 2)
 140 V   0.98217 0.00306 0.01467 0.00010 ( 1)
 141 Y   0.98943 0.00141 0.00913 0.00002 ( 1)
 142 W   0.38377 0.56997 0.01861 0.02766 ( 2)
 143 N   0.59968 0.15003 0.23350 0.01680 ( 1)
 144 R   0.73275 0.21658 0.03660 0.01407 ( 1)
 145 V   0.24912 0.72095 0.00413 0.02580 ( 2)
 146 E   0.97883 0.00151 0.01961 0.00005 ( 1)
 147 I   0.95568 0.02592 0.01739 0.00101 ( 1)
 148 I   0.50405 0.27839 0.15231 0.06526 ( 1)
 149 P   0.86881 0.07176 0.05470 0.00474 ( 1)


lnL = -2133.113152

Bayes Empirical Bayes (BEB) probabilities for 4 classes (class)
(amino acids refer to 1st sequence: BT_Cry7Cb1)

   1 -   0.25990 0.24349 0.25899 0.23762 ( 1)
   2 -   0.09156 0.41183 0.09480 0.40181 ( 2)
   3 -   0.44382 0.05956 0.43727 0.05934 ( 1)
   4 K   0.45644 0.05445 0.44468 0.04444 ( 1)
   5 I   0.50811 0.00422 0.48331 0.00436 ( 1)
   6 S   0.01331 0.47772 0.04044 0.46852 ( 2)
   7 Q   0.48989 0.01787 0.47629 0.01595 ( 1)
   8 L   0.44242 0.06541 0.43305 0.05912 ( 1)
   9 Y   0.29419 0.21446 0.30132 0.19004 ( 3)
  10 A   0.03456 0.46543 0.04214 0.45786 ( 2)
  11 V   0.50953 0.00236 0.48567 0.00244 ( 1)
  12 K   0.50825 0.00311 0.48548 0.00317 ( 1)
  13 A   0.00892 0.49198 0.01035 0.48875 ( 2)
  14 Y   0.09347 0.41024 0.09840 0.39788 ( 2)
  15 T   0.13953 0.36261 0.14858 0.34928 ( 2)
  16 T   0.02755 0.43106 0.13361 0.40778 ( 2)
  17 -   0.09591 0.40748 0.10091 0.39570 ( 2)
  18 S   0.00059 0.49035 0.00555 0.50352 ( 4)
  19 N   0.49184 0.02013 0.47176 0.01628 ( 1)
  20 V   0.17820 0.25897 0.35076 0.21208 ( 3)
  21 S   0.50091 0.00885 0.48138 0.00886 ( 1)
  22 V   0.50973 0.00216 0.48588 0.00224 ( 1)
  23 V   0.07396 0.42796 0.07885 0.41923 ( 2)
  24 G   0.00877 0.49242 0.01088 0.48793 ( 2)
  25 G   0.50794 0.00148 0.48904 0.00153 ( 1)
  26 P   0.50839 0.00083 0.48993 0.00085 ( 1)
  27 G   0.50760 0.00182 0.48871 0.00187 ( 1)
  28 F   0.51051 0.00059 0.48829 0.00061 ( 1)
  29 L   0.40389 0.10359 0.40627 0.08625 ( 3)
  30 G   0.50644 0.00298 0.48754 0.00304 ( 1)
  31 G   0.50760 0.00182 0.48871 0.00187 ( 1)
  32 N   0.51231 0.00078 0.48609 0.00082 ( 1)
  33 I   0.47632 0.03485 0.45598 0.03285 ( 1)
  34 I   0.25531 0.25493 0.25787 0.23190 ( 3)
  35 K   0.48181 0.02938 0.46181 0.02700 ( 1)
  36 G   0.39792 0.09856 0.42123 0.08229 ( 3)
  37 N   0.38119 0.13055 0.37739 0.11087 ( 1)
  38 N   0.22568 0.26706 0.26616 0.24110 ( 2)
  39 D   0.06540 0.44417 0.06657 0.42387 ( 2)
  40 P   0.01596 0.40419 0.21464 0.36521 ( 2)
  41 A   0.00060 0.49589 0.00156 0.50196 ( 4)
  42 S   0.01670 0.48196 0.02321 0.47814 ( 2)
  43 Y   0.03010 0.47797 0.03092 0.46101 ( 2)
  44 T   0.00106 0.49271 0.00123 0.50500 ( 4)
  45 G   0.03892 0.46887 0.04007 0.45214 ( 2)
  46 S   0.11942 0.38543 0.12565 0.36951 ( 2)
  47 V   0.43396 0.07113 0.42902 0.06590 ( 1)
  48 S   0.00077 0.49995 0.00131 0.49798 ( 2)
  49 W   0.01489 0.47682 0.02479 0.48350 ( 4)
  50 A   0.10852 0.38497 0.13700 0.36952 ( 2)
  51 I   0.35926 0.15169 0.34324 0.14581 ( 1)
  52 R   0.34742 0.16236 0.33473 0.15549 ( 1)
  53 L   0.37766 0.12765 0.37761 0.11707 ( 1)
  54 D   0.01002 0.49924 0.01013 0.48061 ( 2)
  55 G   0.05711 0.45188 0.05844 0.43256 ( 2)
  56 -   0.24789 0.25550 0.24716 0.24945 ( 2)
  57 S   0.00821 0.49001 0.01485 0.48693 ( 2)
  58 T   0.00564 0.48568 0.00924 0.49944 ( 4)
  59 V   0.06386 0.43716 0.07362 0.42536 ( 2)
  60 S   0.01246 0.49691 0.01265 0.47799 ( 2)
  61 R   0.03894 0.46282 0.04153 0.45671 ( 2)
  62 F   0.48314 0.02231 0.47425 0.02030 ( 1)
  63 R   0.50741 0.00116 0.49026 0.00118 ( 1)
  64 L   0.21748 0.24822 0.31721 0.21709 ( 3)
  65 R   0.50967 0.00087 0.48856 0.00090 ( 1)
  66 I   0.51001 0.00232 0.48524 0.00243 ( 1)
  67 P   0.43283 0.07152 0.43129 0.06436 ( 1)
  68 Y   0.50875 0.00108 0.48907 0.00110 ( 1)
  69 A   0.51035 0.00124 0.48712 0.00129 ( 1)
  70 A   0.49991 0.01131 0.47841 0.01037 ( 1)
  71 E   0.11771 0.39114 0.12108 0.37007 ( 2)
  72 T   0.47271 0.03772 0.45507 0.03450 ( 1)
  73 D   0.41877 0.09342 0.40886 0.07895 ( 1)
  74 G   0.00505 0.49943 0.00529 0.49023 ( 2)
  75 T   0.00497 0.49116 0.00711 0.49676 ( 4)
  76 F   0.50910 0.00200 0.48686 0.00204 ( 1)
  77 S   0.00161 0.49199 0.00464 0.50176 ( 4)
  78 I   0.20061 0.30920 0.20558 0.28461 ( 2)
  79 T   0.36884 0.14221 0.36516 0.12380 ( 1)
  80 V   0.12023 0.37289 0.15113 0.35574 ( 2)
  81 R   0.28768 0.21809 0.28326 0.21098 ( 1)
  82 D   0.28931 0.21653 0.28479 0.20937 ( 1)
  83 D   0.04964 0.45480 0.05178 0.44378 ( 2)
  84 L   0.01011 0.49242 0.01142 0.48605 ( 2)
  85 G   0.50016 0.00452 0.49069 0.00462 ( 1)
  86 P   0.14424 0.36403 0.14747 0.34426 ( 2)
  87 F   0.00017 0.50207 0.00020 0.49756 ( 2)
  88 T   0.29869 0.21134 0.30748 0.18248 ( 3)
  89 I   0.39019 0.12035 0.38690 0.10256 ( 1)
  90 K   0.02063 0.46337 0.06009 0.45591 ( 2)
  91 K   0.00031 0.49902 0.00038 0.50029 ( 4)
  92 D   0.00027 0.50349 0.00028 0.49596 ( 2)
  93 F   0.43533 0.07545 0.42688 0.06233 ( 1)
  94 I   0.07884 0.42357 0.08543 0.41217 ( 2)
  95 A   0.27428 0.23474 0.28463 0.20635 ( 3)
  96 T   0.50873 0.00193 0.48734 0.00200 ( 1)
  97 M   0.50910 0.00031 0.49027 0.00032 ( 1)
  98 K   0.01494 0.48004 0.02803 0.47700 ( 2)
  99 P   0.03207 0.47548 0.03309 0.45936 ( 2)
 100 G   0.50760 0.00182 0.48871 0.00187 ( 1)
 101 D   0.16523 0.34509 0.16849 0.32119 ( 2)
 102 P   0.21951 0.28902 0.22561 0.26586 ( 2)
 103 L   0.50361 0.00437 0.48760 0.00441 ( 1)
 104 S   0.47032 0.03715 0.45880 0.03373 ( 1)
 105 Y   0.49992 0.00988 0.48111 0.00909 ( 1)
 106 G   0.02246 0.47459 0.03471 0.46825 ( 2)
 107 K   0.12352 0.38568 0.12650 0.36430 ( 2)
 108 F   0.50190 0.00548 0.48733 0.00528 ( 1)
 109 E   0.19245 0.25513 0.33989 0.21253 ( 3)
 110 Y   0.48712 0.02260 0.46986 0.02042 ( 1)
 111 L   0.22060 0.27141 0.26445 0.24354 ( 2)
 112 E   0.09615 0.41261 0.09901 0.39223 ( 2)
 113 F   0.50002 0.01101 0.47870 0.01026 ( 1)
 114 E   0.00055 0.50082 0.00100 0.49763 ( 2)
 115 Q   0.01760 0.46991 0.05546 0.45703 ( 2)
 116 T   0.44401 0.06640 0.42943 0.06017 ( 1)
 117 M   0.02823 0.44189 0.10391 0.42598 ( 2)
 118 S   0.01630 0.48683 0.01884 0.47803 ( 2)
 119 L   0.34099 0.14137 0.39951 0.11813 ( 3)
 120 N   0.00143 0.49578 0.00339 0.49940 ( 4)
 121 N   0.18143 0.31181 0.20773 0.29903 ( 2)
 122 K   0.00004 0.49072 0.00006 0.50918 ( 4)
 123 H   0.02222 0.48633 0.02276 0.46868 ( 2)
 124 G   0.44316 0.06757 0.43351 0.05576 ( 1)
 125 Q   0.00138 0.48765 0.00540 0.50558 ( 4)
 126 F   0.29900 0.21107 0.30338 0.18655 ( 3)
 127 F   0.00370 0.50144 0.00386 0.49099 ( 2)
 128 V   0.50162 0.00967 0.47954 0.00917 ( 1)
 129 H   0.05653 0.42572 0.10171 0.41604 ( 2)
 130 T   0.01688 0.46475 0.06086 0.45751 ( 2)
 131 E   0.01763 0.48467 0.02037 0.47732 ( 2)
 132 N   0.20633 0.29444 0.22670 0.27253 ( 2)
 133 L   0.43848 0.06923 0.43591 0.05639 ( 1)
 134 K   0.00175 0.49658 0.00617 0.49550 ( 2)
 135 D   0.03018 0.47912 0.03058 0.46012 ( 2)
 136 R   0.34742 0.16236 0.33473 0.15549 ( 1)
 137 N   0.11811 0.34314 0.23855 0.30020 ( 2)
 138 S   0.01020 0.47893 0.04214 0.46873 ( 2)
 139 S   0.05190 0.43648 0.09815 0.41347 ( 2)
 140 V   0.50824 0.00241 0.48685 0.00250 ( 1)
 141 Y   0.50875 0.00108 0.48907 0.00110 ( 1)
 142 W   0.20531 0.29945 0.21476 0.28049 ( 2)
 143 N   0.35920 0.11734 0.42594 0.09752 ( 3)
 144 R   0.36424 0.13838 0.37687 0.12050 ( 3)
 145 V   0.15149 0.35785 0.15516 0.33550 ( 2)
 146 E   0.50979 0.00120 0.48777 0.00124 ( 1)
 147 I   0.49337 0.01820 0.47152 0.01691 ( 1)
 148 I   0.30263 0.19738 0.31411 0.18587 ( 3)
 149 P   0.45605 0.04851 0.44748 0.04796 ( 1)

