Supplemental results for CODEML (seqf: algn  treef: tree)


dN/dS (w) for site classes (K=4)

site class             0        1       2a       2b
proportion       0.38419  0.42944  0.08800  0.09837
background w     0.09641  1.00000  0.09641  1.00000
foreground w     0.09641  1.00000 28.69626 28.69626

Naive Empirical Bayes (NEB) probabilities for 4 classes
(amino acids refer to 1st sequence: BT_Cry7Cb1)

   1 E   0.95211 0.03311 0.01367 0.00111 ( 1)
   2 T   0.96638 0.01519 0.01791 0.00053 ( 1)
   3 V   0.01682 0.97486 0.00011 0.00821 ( 2)
   4 T   0.79113 0.18767 0.01466 0.00655 ( 1)
   5 E   0.90796 0.08552 0.00578 0.00074 ( 1)
   6 L   0.96531 0.02810 0.00629 0.00030 ( 1)
   7 T   0.96638 0.01519 0.01791 0.00053 ( 1)
   8 R   0.98669 0.00570 0.00754 0.00008 ( 1)
   9 Q   0.95108 0.03969 0.00861 0.00063 ( 1)
  10 I   0.51846 0.06241 0.41280 0.00633 ( 1)
  11 F   0.28132 0.65782 0.02274 0.03812 ( 2)
  12 T   0.96962 0.01157 0.01833 0.00048 ( 1)
  13 D   0.97506 0.01586 0.00882 0.00025 ( 1)
  14 P   0.98153 0.00978 0.00855 0.00013 ( 1)
  15 I   0.29300 0.15997 0.51182 0.03521 ( 3)
  16 G   0.95564 0.03069 0.01283 0.00085 ( 1)
  17 L   0.55611 0.38493 0.03203 0.02693 ( 1)
  18 R   0.11626 0.69737 0.02663 0.15974 ( 2)
  19 G   0.60419 0.20945 0.13839 0.04797 ( 1)
  20 I   0.68984 0.12379 0.15801 0.02835 ( 1)
  21 N   0.70048 0.11315 0.16045 0.02592 ( 1)
  22 E   0.54975 0.26388 0.12592 0.06044 ( 1)
  23 S   0.11318 0.70045 0.02592 0.16044 ( 2)
  24 K   0.66045 0.15319 0.15128 0.03509 ( 1)
  25 Y   0.64041 0.17322 0.14669 0.03968 ( 1)
  26 P   0.97265 0.00868 0.01845 0.00023 ( 1)
  27 D   0.94105 0.03288 0.02496 0.00111 ( 1)
  28 W   0.96731 0.02159 0.01083 0.00027 ( 1)
  29 Y   0.71886 0.25578 0.01829 0.00707 ( 1)
  30 G   0.08314 0.87061 0.00296 0.04328 ( 2)
  31 A   0.00235 0.44912 0.02142 0.52711 ( 4)
  32 A   0.02377 0.80668 0.02592 0.14363 ( 2)
  33 S   0.74539 0.19888 0.04089 0.01484 ( 1)
  34 -   0.88303 0.10090 0.01268 0.00338 ( 1)
  35 -   0.74033 0.23466 0.01772 0.00730 ( 1)
  36 D   0.00030 0.93721 0.00001 0.06248 ( 2)
  37 S   0.01519 0.94588 0.00050 0.03844 ( 2)
  38 F   0.94879 0.02474 0.02554 0.00094 ( 1)
  39 S   0.01190 0.97955 0.00008 0.00848 ( 2)
  40 L   0.48662 0.50590 0.00310 0.00438 ( 2)
  41 I   0.97794 0.00894 0.01289 0.00023 ( 1)
  42 E   0.98586 0.00514 0.00892 0.00008 ( 1)
  43 N   0.91146 0.05854 0.02617 0.00383 ( 1)
  44 R   0.00368 0.96107 0.00009 0.03517 ( 2)
  45 A   0.83794 0.15496 0.00546 0.00164 ( 1)
  46 V   0.17941 0.77699 0.00455 0.03905 ( 2)
  47 P   0.25584 0.70843 0.01026 0.02547 ( 2)
  48 Q   0.00659 0.71542 0.02493 0.25305 ( 2)
  49 P   0.54602 0.05971 0.38898 0.00530 ( 1)
  50 S   0.00002 0.19296 0.00876 0.79825 ( 4)
  51 L   0.00635 0.12978 0.34404 0.51984 ( 4)
  52 F   0.86634 0.10693 0.02296 0.00378 ( 1)
  53 Q   0.67443 0.31043 0.00825 0.00688 ( 1)
  54 W   0.04164 0.89332 0.00159 0.06345 ( 2)
  55 L   0.91981 0.05676 0.02195 0.00148 ( 1)
  56 T   0.00487 0.86066 0.00299 0.13148 ( 2)
  57 E   0.00918 0.81091 0.01648 0.16343 ( 2)
  58 F   0.75340 0.23917 0.00491 0.00253 ( 1)
  59 K   0.00101 0.92127 0.00008 0.07764 ( 2)
  60 V   0.08023 0.83609 0.00479 0.07889 ( 2)
  61 Y   0.00018 0.97444 0.00000 0.02538 ( 2)
  62 T   0.02094 0.93736 0.00083 0.04087 ( 2)
  63 K   0.11777 0.55280 0.20454 0.12489 ( 2)
  64 Y   0.00005 0.97114 0.00000 0.02881 ( 2)
  65 V   0.72778 0.24037 0.01966 0.01219 ( 1)
  66 E   0.00027 0.97783 0.00001 0.02189 ( 2)
  67 P   0.14890 0.83416 0.00212 0.01482 ( 2)
  68 N   0.01953 0.93449 0.00111 0.04487 ( 2)
  69 D   0.00059 0.00872 0.87472 0.11596 ( 3)
  70 K   0.00999 0.96948 0.00019 0.02034 ( 2)
  71 L   0.00001 0.23138 0.00276 0.76585 ( 4)
  72 T   0.00692 0.59085 0.03685 0.36539 ( 2)
  73 I   0.72884 0.08480 0.16694 0.01942 ( 1)
  74 L   0.04154 0.93509 0.00040 0.02296 ( 2)
  75 A   0.00054 0.08021 0.34762 0.57162 ( 4)
  76 G   0.03092 0.88758 0.01467 0.06682 ( 2)
  77 H   0.00663 0.93024 0.00037 0.06277 ( 2)
  78 S   0.59594 0.37466 0.01336 0.01603 ( 1)
  79 V   0.46133 0.49939 0.01402 0.02526 ( 2)
  80 T   0.06851 0.91883 0.00052 0.01214 ( 2)
  81 T   0.91728 0.01069 0.07040 0.00164 ( 1)
  82 Q   0.00034 0.24510 0.00220 0.75236 ( 4)
  83 Y   0.13506 0.83657 0.00375 0.02461 ( 2)
  84 T   0.11909 0.80702 0.00602 0.06787 ( 2)
  85 S   0.00056 0.88302 0.00068 0.11574 ( 2)
  86 Y   0.00127 0.88766 0.00125 0.10981 ( 2)
  87 Y   0.06174 0.90698 0.00089 0.03040 ( 2)
  88 K   0.00064 0.84854 0.00030 0.15053 ( 2)
  89 K   0.00341 0.91345 0.00024 0.08290 ( 2)
  90 -   0.00959 0.80405 0.00220 0.18417 ( 2)
  91 -   0.00560 0.24217 0.56699 0.18524 ( 3)
  92 -   0.03629 0.78160 0.04628 0.13583 ( 2)
  93 -   0.00241 0.84292 0.00261 0.15206 ( 2)
  94 -   0.00009 0.07654 0.10156 0.82180 ( 4)
  95 -   0.03596 0.85601 0.00342 0.10461 ( 2)
  96 -   0.00725 0.26756 0.54648 0.17871 ( 3)
  97 -   0.21442 0.65398 0.02294 0.10866 ( 2)
  98 -   0.58624 0.40213 0.00656 0.00507 ( 1)
  99 -   0.73083 0.26225 0.00465 0.00227 ( 1)
 100 -   0.67910 0.29199 0.01692 0.01199 ( 1)
 101 -   0.13636 0.44346 0.31162 0.10855 ( 2)
 102 -   0.83388 0.15720 0.00675 0.00218 ( 1)
 103 -   0.33196 0.62010 0.00972 0.03822 ( 2)
 104 -   0.83388 0.15720 0.00675 0.00218 ( 1)
 105 -   0.00190 0.79491 0.00129 0.20190 ( 2)
 106 -   0.02384 0.66951 0.08048 0.22617 ( 2)
 107 -   0.14650 0.64943 0.13723 0.06683 ( 2)
 108 -   0.00010 0.04300 0.18737 0.76954 ( 4)
 109 -   0.25707 0.71286 0.00503 0.02505 ( 2)
 110 -   0.00004 0.26875 0.00263 0.72858 ( 4)
 111 -   0.69831 0.29208 0.00603 0.00359 ( 1)
 112 -   0.09570 0.78273 0.01393 0.10764 ( 2)
 113 -   0.00050 0.24400 0.10814 0.64737 ( 4)
 114 -   0.32836 0.64775 0.00553 0.01835 ( 2)
 115 -   0.21606 0.69975 0.01399 0.07021 ( 2)
 116 -   0.03673 0.79113 0.04386 0.12828 ( 2)
 117 -   0.02003 0.88777 0.00116 0.09104 ( 2)
 118 S   0.07993 0.88720 0.00165 0.03121 ( 2)
 119 T   0.94258 0.04622 0.01022 0.00098 ( 1)
 120 F   0.37837 0.02069 0.59689 0.00405 ( 3)
 121 T   0.26731 0.28677 0.39490 0.05103 ( 3)
 122 Y   0.06408 0.46352 0.27591 0.19650 ( 2)
 123 G   0.35656 0.40824 0.20132 0.03387 ( 2)
 124 D   0.10059 0.88142 0.00131 0.01669 ( 2)
 125 T   0.03349 0.74331 0.05966 0.16354 ( 2)
 126 S   0.82447 0.16384 0.00872 0.00296 ( 1)
 127 S   0.00534 0.82486 0.00558 0.16422 ( 2)
 128 A   0.08204 0.91222 0.00039 0.00535 ( 2)
 129 N   0.43156 0.55569 0.00391 0.00884 ( 2)
 130 S   0.07512 0.74763 0.01058 0.16667 ( 2)
 131 S   0.03514 0.94351 0.00043 0.02092 ( 2)
 132 R   0.00485 0.97745 0.00004 0.01766 ( 2)
 133 T   0.12717 0.55936 0.20348 0.10998 ( 2)
 134 F   0.09875 0.27044 0.50019 0.13062 ( 3)
 135 D   0.35893 0.62382 0.00580 0.01145 ( 2)
 136 L   0.00006 0.00314 0.73977 0.25703 ( 3)
 137 L   0.91590 0.01984 0.06248 0.00178 ( 1)
 138 A   0.82287 0.16718 0.00721 0.00274 ( 1)
 139 K   0.82985 0.10015 0.05901 0.01099 ( 1)
 140 D   0.00030 0.00435 0.88082 0.11453 ( 3)
 141 V   0.15642 0.83535 0.00100 0.00723 ( 2)
 142 Y   0.18037 0.59524 0.16877 0.05563 ( 2)
 143 Q   0.00264 0.57617 0.11172 0.30947 ( 2)
 144 V   0.00042 0.76309 0.00100 0.23549 ( 2)
 145 D   0.77967 0.21005 0.00683 0.00345 ( 1)
 146 S   0.00007 0.00818 0.62556 0.36619 ( 3)
 147 V   0.00013 0.65916 0.00037 0.34034 ( 2)
 148 A   0.93902 0.04881 0.01148 0.00069 ( 1)
 149 A   0.00006 0.94801 0.00001 0.05192 ( 2)
 150 A   0.00836 0.25415 0.58134 0.15615 ( 3)
 151 S   0.00035 0.04011 0.41681 0.54273 ( 4)
 152 K   0.92590 0.06745 0.00600 0.00065 ( 1)
 153 S   0.00014 0.00164 0.96361 0.03461 ( 3)
 154 A   0.29170 0.42402 0.10258 0.18169 ( 2)
 155 T   0.73802 0.21639 0.02795 0.01765 ( 1)
 156 W   0.01236 0.80127 0.00283 0.18353 ( 2)
 157 Y   0.64041 0.17322 0.14669 0.03968 ( 1)
 158 L   0.00901 0.80463 0.00206 0.18430 ( 2)
 159 A   0.55180 0.26184 0.12639 0.05997 ( 1)
 160 V   0.63368 0.17995 0.14515 0.04122 ( 1)
 161 P   0.64841 0.16523 0.14852 0.03785 ( 1)
 162 E   0.00032 0.81331 0.00007 0.18629 ( 2)
 163 M   0.00019 0.46224 0.00320 0.53438 ( 4)
 164 R   0.01392 0.91186 0.00350 0.07072 ( 2)
 165 L   0.00356 0.87283 0.00481 0.11880 ( 2)
 166 Y   0.65793 0.28980 0.02929 0.02298 ( 1)
 167 S   0.00523 0.86241 0.00570 0.12666 ( 2)
 168 I   0.00022 0.00290 0.90307 0.09381 ( 3)
 169 N   0.27492 0.69978 0.00536 0.01994 ( 2)
 170 T   0.00417 0.98058 0.00004 0.01521 ( 2)
 171 N   0.00148 0.24445 0.03672 0.71735 ( 4)
 172 N   0.06718 0.86683 0.00197 0.06403 ( 2)
 173 I   0.00002 0.82939 0.00001 0.17058 ( 2)
 174 L   0.24680 0.72800 0.00491 0.02029 ( 2)
 175 S   0.00383 0.00757 0.96533 0.02326 ( 3)
 176 E   0.86869 0.11032 0.01644 0.00455 ( 1)
 177 D   0.22252 0.59111 0.05097 0.13540 ( 2)
 178 Y   0.01453 0.79910 0.00333 0.18304 ( 2)
 179 F   0.63333 0.18031 0.14507 0.04130 ( 1)
 180 S   0.00487 0.00828 0.97169 0.01515 ( 3)
 181 L   0.12502 0.83432 0.00342 0.03724 ( 2)
 182 S   0.00023 0.61648 0.00147 0.38182 ( 2)
 183 T   0.64837 0.33625 0.00793 0.00745 ( 1)
 184 N   0.42189 0.30732 0.24530 0.02549 ( 1)
 185 I   0.97794 0.00894 0.01289 0.00023 ( 1)
 186 P   0.97790 0.01187 0.01003 0.00019 ( 1)
 187 S   0.62578 0.36661 0.00406 0.00356 ( 1)
 188 S   0.17065 0.67054 0.08874 0.07007 ( 2)
 189 K   0.14658 0.75509 0.01326 0.08508 ( 2)
 190 M   0.00030 0.98112 0.00000 0.01858 ( 2)
 191 R   0.12821 0.83617 0.00339 0.03223 ( 2)
 192 R   0.00797 0.80479 0.01298 0.17427 ( 2)
 193 M   0.05496 0.91858 0.00100 0.02546 ( 2)
 194 Y   0.68067 0.29021 0.01938 0.00974 ( 1)
 195 S   0.41556 0.54631 0.00868 0.02946 ( 2)
 196 S   0.77973 0.20619 0.01017 0.00390 ( 1)
 197 E   0.94627 0.04291 0.00986 0.00096 ( 1)
 198 E   0.14688 0.66675 0.03364 0.15272 ( 2)
 199 L   0.56894 0.24470 0.13032 0.05605 ( 1)
 200 P   0.47467 0.33896 0.10872 0.07764 ( 1)
 201 I   0.66980 0.14383 0.15342 0.03295 ( 1)
 202 G   0.20024 0.61340 0.04586 0.14050 ( 2)
 203 I   0.02367 0.78996 0.00542 0.18094 ( 2)
 204 S   0.08992 0.72371 0.02060 0.16577 ( 2)
 205 D   0.65550 0.15814 0.15014 0.03622 ( 1)
 206 T   0.00192 0.81171 0.00044 0.18593 ( 2)
 207 P   0.64841 0.16523 0.14852 0.03785 ( 1)
 208 I   0.68984 0.12379 0.15801 0.02835 ( 1)
 209 Y   0.64041 0.17322 0.14669 0.03968 ( 1)
 210 G   0.60419 0.20945 0.13839 0.04797 ( 1)
 211 D   0.69429 0.11935 0.15903 0.02734 ( 1)
 212 L   0.41778 0.39586 0.09569 0.09067 ( 1)
 213 E   0.52777 0.28587 0.12089 0.06548 ( 1)
 214 E   0.64836 0.16528 0.14851 0.03786 ( 1)
 215 Y   0.98424 0.00560 0.01006 0.00010 ( 1)
 216 S   0.41147 0.55866 0.01169 0.01818 ( 2)
 217 H   0.99027 0.00325 0.00644 0.00004 ( 1)
 218 R   0.98056 0.01180 0.00749 0.00016 ( 1)
 219 L   0.96853 0.02308 0.00813 0.00025 ( 1)
 220 S   0.88640 0.10054 0.01084 0.00223 ( 1)
 221 F   0.29970 0.67638 0.00671 0.01721 ( 2)
 222 I   0.82871 0.15627 0.01092 0.00409 ( 1)
 223 S   0.04930 0.06908 0.78998 0.09164 ( 3)
 224 E   0.54971 0.43488 0.00717 0.00823 ( 1)
 225 I   0.91195 0.01918 0.06659 0.00228 ( 1)
 226 M   0.15850 0.82383 0.00207 0.01560 ( 2)
 227 H   0.00197 0.51066 0.01922 0.46816 ( 2)
 228 N   0.00101 0.24176 0.02515 0.73208 ( 4)
 229 S   0.63037 0.35210 0.01047 0.00707 ( 1)
 230 G   0.00021 0.45814 0.01912 0.52253 ( 4)
 231 S   0.05778 0.89649 0.00154 0.04418 ( 2)
 232 V   0.38419 0.42944 0.08800 0.09837 ( 2)
 233 T   0.38419 0.42944 0.08800 0.09837 ( 2)
 234 G   0.38419 0.42944 0.08800 0.09837 ( 2)
 235 S   0.38419 0.42944 0.08800 0.09837 ( 2)
 236 N   0.38419 0.42944 0.08800 0.09837 ( 2)
 237 N   0.72381 0.24194 0.02358 0.01067 ( 1)
 238 I   0.78217 0.20509 0.00815 0.00458 ( 1)
 239 K   0.92026 0.07176 0.00703 0.00095 ( 1)
 240 G   0.63090 0.35156 0.01048 0.00706 ( 1)
 241 I   0.73875 0.24252 0.01061 0.00813 ( 1)
 242 I   0.97922 0.00626 0.01432 0.00020 ( 1)
 243 P   0.16002 0.58799 0.17354 0.07845 ( 2)
 244 V   0.92641 0.05974 0.01242 0.00143 ( 1)
 245 L   0.76811 0.22018 0.00785 0.00386 ( 1)
 246 G   0.98215 0.01138 0.00636 0.00011 ( 1)
 247 W   0.96731 0.02159 0.01083 0.00027 ( 1)
 248 T   0.95084 0.02944 0.01902 0.00070 ( 1)
 249 H   0.99027 0.00325 0.00644 0.00004 ( 1)
 250 T   0.00325 0.79846 0.02598 0.17231 ( 2)
 251 S   0.76379 0.04984 0.17495 0.01142 ( 1)


lnL = -3439.482118

Bayes Empirical Bayes (BEB) probabilities for 4 classes (class)
(amino acids refer to 1st sequence: BT_Cry7Cb1)

   1 E   0.94555 0.02776 0.02507 0.00163 ( 1)
   2 T   0.94154 0.01915 0.03790 0.00140 ( 1)
   3 V   0.06578 0.88164 0.00301 0.04958 ( 2)
   4 T   0.79175 0.16439 0.03186 0.01200 ( 1)
   5 E   0.89648 0.07176 0.02871 0.00305 ( 1)
   6 L   0.95037 0.03159 0.01715 0.00089 ( 1)
   7 T   0.94154 0.01915 0.03790 0.00140 ( 1)
   8 R   0.97162 0.00800 0.02010 0.00028 ( 1)
   9 Q   0.94105 0.03544 0.02210 0.00140 ( 1)
  10 I   0.44044 0.05001 0.49932 0.01024 ( 3)
  11 F   0.40659 0.50987 0.03700 0.04654 ( 2)
  12 T   0.94913 0.01507 0.03465 0.00115 ( 1)
  13 D   0.96061 0.01619 0.02256 0.00064 ( 1)
  14 P   0.96014 0.01283 0.02650 0.00053 ( 1)
  15 I   0.28132 0.09668 0.58562 0.03637 ( 3)
  16 G   0.94448 0.02816 0.02583 0.00152 ( 1)
  17 L   0.63043 0.26671 0.06713 0.03574 ( 1)
  18 R   0.18202 0.58683 0.05469 0.17646 ( 2)
  19 G   0.59601 0.17284 0.17904 0.05211 ( 1)
  20 I   0.66457 0.10428 0.19969 0.03146 ( 1)
  21 N   0.67313 0.09572 0.20227 0.02888 ( 1)
  22 E   0.55152 0.21733 0.16565 0.06550 ( 1)
  23 S   0.17801 0.59084 0.05348 0.17766 ( 2)
  24 K   0.64104 0.12781 0.19260 0.03855 ( 1)
  25 Y   0.62509 0.14376 0.18779 0.04335 ( 1)
  26 P   0.92759 0.01157 0.05981 0.00103 ( 1)
  27 D   0.91510 0.03048 0.05217 0.00226 ( 1)
  28 W   0.89471 0.01953 0.08370 0.00205 ( 1)
  29 Y   0.71539 0.16886 0.09209 0.02367 ( 1)
  30 G   0.23719 0.68912 0.01394 0.05975 ( 2)
  31 A   0.01045 0.44593 0.06655 0.47707 ( 4)
  32 A   0.08316 0.63305 0.10012 0.18367 ( 2)
  33 S   0.79678 0.13740 0.05303 0.01280 ( 1)
  34 -   0.88058 0.09075 0.02332 0.00535 ( 1)
  35 -   0.74294 0.19838 0.04340 0.01528 ( 1)
  36 D   0.00213 0.89664 0.00015 0.10108 ( 2)
  37 S   0.05394 0.85858 0.00429 0.08319 ( 2)
  38 F   0.91540 0.02862 0.05366 0.00233 ( 1)
  39 S   0.05211 0.90777 0.00167 0.03845 ( 2)
  40 L   0.54890 0.41587 0.01757 0.01766 ( 1)
  41 I   0.95898 0.01215 0.02819 0.00068 ( 1)
  42 E   0.96963 0.00730 0.02277 0.00029 ( 1)
  43 N   0.88865 0.05794 0.04695 0.00646 ( 1)
  44 R   0.02514 0.91364 0.00105 0.06017 ( 2)
  45 A   0.87013 0.11103 0.01572 0.00312 ( 1)
  46 V   0.32264 0.61100 0.01476 0.05160 ( 2)
  47 P   0.36156 0.50420 0.05468 0.07956 ( 2)
  48 Q   0.02676 0.57495 0.09468 0.30361 ( 2)
  49 P   0.45550 0.04655 0.48915 0.00880 ( 3)
  50 S   0.00019 0.16577 0.04073 0.79331 ( 4)
  51 L   0.01200 0.10455 0.46033 0.42312 ( 3)
  52 F   0.84773 0.09773 0.04733 0.00721 ( 1)
  53 Q   0.76044 0.20868 0.02095 0.00993 ( 1)
  54 W   0.13852 0.75901 0.00965 0.09282 ( 2)
  55 L   0.83199 0.05535 0.10502 0.00764 ( 1)
  56 T   0.02389 0.75344 0.01994 0.20273 ( 2)
  57 E   0.03375 0.67491 0.06304 0.22830 ( 2)
  58 F   0.79541 0.18502 0.01437 0.00520 ( 1)
  59 K   0.00664 0.85711 0.00087 0.13538 ( 2)
  60 V   0.16850 0.68868 0.02060 0.12222 ( 2)
  61 Y   0.00214 0.94769 0.00008 0.05009 ( 2)
  62 T   0.05221 0.83059 0.00615 0.11105 ( 2)
  63 K   0.17822 0.34637 0.34539 0.13001 ( 2)
  64 Y   0.00061 0.94008 0.00002 0.05929 ( 2)
  65 V   0.75582 0.18056 0.04480 0.01881 ( 1)
  66 E   0.00241 0.90678 0.00021 0.09060 ( 2)
  67 P   0.29700 0.62393 0.02251 0.05656 ( 2)
  68 N   0.07465 0.82818 0.00913 0.08804 ( 2)
  69 D   0.00185 0.01036 0.88580 0.10199 ( 3)
  70 K   0.03328 0.85536 0.00378 0.10759 ( 2)
  71 L   0.00010 0.22190 0.01341 0.76459 ( 4)
  72 T   0.02375 0.53491 0.08868 0.35266 ( 2)
  73 I   0.69188 0.07697 0.20792 0.02323 ( 1)
  74 L   0.12483 0.82940 0.00295 0.04282 ( 2)
  75 A   0.00204 0.07175 0.50133 0.42488 ( 3)
  76 G   0.08436 0.63678 0.10345 0.17541 ( 2)
  77 H   0.03159 0.84699 0.00365 0.11777 ( 2)
  78 S   0.69957 0.24234 0.03643 0.02165 ( 1)
  79 V   0.56864 0.35875 0.03618 0.03643 ( 1)
  80 T   0.22285 0.74704 0.00462 0.02549 ( 2)
  81 T   0.92599 0.01434 0.05793 0.00174 ( 1)
  82 Q   0.00222 0.31401 0.00990 0.67387 ( 4)
  83 Y   0.28528 0.61470 0.03077 0.06925 ( 2)
  84 T   0.24501 0.63071 0.02511 0.09917 ( 2)
  85 S   0.00403 0.78255 0.00631 0.20712 ( 2)
  86 Y   0.00762 0.78186 0.01007 0.20045 ( 2)
  87 Y   0.20027 0.75040 0.00533 0.04401 ( 2)
  88 K   0.00438 0.83858 0.00147 0.15557 ( 2)
  89 K   0.01870 0.85796 0.00202 0.12132 ( 2)
  90 -   0.02634 0.74252 0.00792 0.22323 ( 2)
  91 -   0.00984 0.15599 0.65136 0.18281 ( 3)
  92 -   0.07778 0.62642 0.11148 0.18431 ( 2)
  93 -   0.00937 0.75196 0.01150 0.22718 ( 2)
  94 -   0.00063 0.11389 0.16028 0.72520 ( 4)
  95 -   0.08747 0.76808 0.01222 0.13223 ( 2)
  96 -   0.01314 0.17934 0.63076 0.17677 ( 3)
  97 -   0.33046 0.57251 0.02710 0.06993 ( 2)
  98 -   0.58767 0.32352 0.05490 0.03391 ( 1)
  99 -   0.74387 0.22285 0.02380 0.00948 ( 1)
 100 -   0.70695 0.25200 0.02628 0.01477 ( 1)
 101 -   0.14788 0.27542 0.44633 0.13037 ( 3)
 102 -   0.84091 0.13757 0.01694 0.00457 ( 1)
 103 -   0.43711 0.48874 0.02304 0.05111 ( 2)
 104 -   0.84091 0.13757 0.01694 0.00457 ( 1)
 105 -   0.00773 0.73721 0.00528 0.24977 ( 2)
 106 -   0.04821 0.50321 0.17331 0.27527 ( 2)
 107 -   0.17528 0.42890 0.28348 0.11234 ( 2)
 108 -   0.00084 0.08711 0.27219 0.63987 ( 4)
 109 -   0.36250 0.57666 0.01648 0.04437 ( 2)
 110 -   0.00034 0.33588 0.00834 0.65543 ( 4)
 111 -   0.71464 0.24749 0.02582 0.01204 ( 1)
 112 -   0.14776 0.63351 0.04267 0.17606 ( 2)
 113 -   0.00192 0.21543 0.18293 0.59973 ( 4)
 114 -   0.44010 0.51239 0.01657 0.03094 ( 2)
 115 -   0.31612 0.57930 0.02822 0.07636 ( 2)
 116 -   0.07909 0.63583 0.10834 0.17674 ( 2)
 117 -   0.05172 0.80883 0.00539 0.13406 ( 2)
 118 S   0.16997 0.77441 0.00645 0.04916 ( 2)
 119 T   0.93911 0.03794 0.02134 0.00161 ( 1)
 120 F   0.33732 0.01937 0.63683 0.00647 ( 3)
 121 T   0.27972 0.20419 0.45815 0.05795 ( 3)
 122 Y   0.08423 0.22619 0.49092 0.19866 ( 3)
 123 G   0.43678 0.24061 0.28854 0.03408 ( 1)
 124 D   0.22510 0.72012 0.00999 0.04478 ( 2)
 125 T   0.09134 0.51547 0.19114 0.20205 ( 2)
 126 S   0.85634 0.11634 0.02236 0.00496 ( 1)
 127 S   0.01847 0.72324 0.02128 0.23701 ( 2)
 128 A   0.21533 0.73608 0.00936 0.03922 ( 2)
 129 N   0.61741 0.35408 0.01456 0.01395 ( 1)
 130 S   0.19102 0.67905 0.01985 0.11007 ( 2)
 131 S   0.13198 0.82509 0.00363 0.03930 ( 2)
 132 R   0.02477 0.94269 0.00042 0.03212 ( 2)
 133 T   0.18987 0.30387 0.39098 0.11528 ( 3)
 134 F   0.11676 0.14233 0.62688 0.11403 ( 3)
 135 D   0.46494 0.45123 0.03975 0.04408 ( 1)
 136 L   0.00062 0.01155 0.76720 0.22062 ( 3)
 137 L   0.86911 0.02257 0.10476 0.00356 ( 1)
 138 A   0.84864 0.12970 0.01701 0.00465 ( 1)
 139 K   0.85713 0.07584 0.05914 0.00790 ( 1)
 140 D   0.00136 0.00761 0.89055 0.10048 ( 3)
 141 V   0.34302 0.61972 0.01100 0.02627 ( 2)
 142 Y   0.17999 0.24934 0.47131 0.09936 ( 3)
 143 Q   0.00961 0.39071 0.27541 0.32426 ( 2)
 144 V   0.00245 0.67119 0.00595 0.32041 ( 2)
 145 D   0.82063 0.15728 0.01645 0.00564 ( 1)
 146 S   0.00027 0.00936 0.72912 0.26125 ( 3)
 147 V   0.00115 0.64780 0.00247 0.34858 ( 2)
 148 A   0.88706 0.04458 0.06453 0.00383 ( 1)
 149 A   0.00070 0.87999 0.00011 0.11920 ( 2)
 150 A   0.01493 0.17768 0.64850 0.15889 ( 3)
 151 S   0.00198 0.04741 0.59436 0.35626 ( 3)
 152 K   0.92397 0.05218 0.02206 0.00179 ( 1)
 153 S   0.00043 0.00210 0.96109 0.03638 ( 3)
 154 A   0.41270 0.37270 0.10213 0.11247 ( 1)
 155 T   0.77112 0.16703 0.04329 0.01855 ( 1)
 156 W   0.04260 0.72625 0.01281 0.21834 ( 2)
 157 Y   0.62509 0.14376 0.18779 0.04335 ( 1)
 158 L   0.02463 0.74422 0.00740 0.22374 ( 2)
 159 A   0.55296 0.21589 0.16608 0.06507 ( 1)
 160 V   0.61936 0.14949 0.18607 0.04508 ( 1)
 161 P   0.63170 0.13715 0.18979 0.04136 ( 1)
 162 E   0.00194 0.76692 0.00058 0.23057 ( 2)
 163 M   0.00155 0.46087 0.01518 0.52240 ( 4)
 164 R   0.04175 0.81099 0.01850 0.12876 ( 2)
 165 L   0.01587 0.77258 0.01976 0.19178 ( 2)
 166 Y   0.71142 0.20905 0.05326 0.02627 ( 1)
 167 S   0.01902 0.76534 0.02386 0.19178 ( 2)
 168 I   0.00100 0.00510 0.91167 0.08223 ( 3)
 169 N   0.47825 0.46427 0.02380 0.03368 ( 1)
 170 T   0.01898 0.93987 0.00056 0.04059 ( 2)
 171 N   0.00735 0.28805 0.09912 0.60548 ( 4)
 172 N   0.20048 0.71550 0.00952 0.07450 ( 2)
 173 I   0.00030 0.76754 0.00013 0.23203 ( 2)
 174 L   0.40470 0.54256 0.01855 0.03418 ( 2)
 175 S   0.00957 0.01071 0.95191 0.02781 ( 3)
 176 E   0.88110 0.08055 0.03223 0.00611 ( 1)
 177 D   0.30293 0.46593 0.09103 0.14012 ( 2)
 178 Y   0.03818 0.73067 0.01148 0.21967 ( 2)
 179 F   0.61921 0.14965 0.18602 0.04513 ( 1)
 180 S   0.00829 0.00818 0.96385 0.01967 ( 3)
 181 L   0.25882 0.66388 0.01546 0.06184 ( 2)
 182 S   0.00119 0.49080 0.00806 0.49995 ( 4)
 183 T   0.72541 0.24305 0.01996 0.01158 ( 1)
 184 N   0.43943 0.22226 0.30678 0.03154 ( 1)
 185 I   0.95898 0.01215 0.02819 0.00068 ( 1)
 186 P   0.95682 0.01490 0.02764 0.00064 ( 1)
 187 S   0.72984 0.24434 0.01745 0.00838 ( 1)
 188 S   0.28028 0.44330 0.18936 0.08706 ( 2)
 189 K   0.23562 0.59667 0.04067 0.12704 ( 2)
 190 M   0.00251 0.93901 0.00011 0.05837 ( 2)
 191 R   0.27715 0.65309 0.01584 0.05392 ( 2)
 192 R   0.02723 0.69397 0.04517 0.23363 ( 2)
 193 M   0.14078 0.79813 0.00642 0.05468 ( 2)
 194 Y   0.71452 0.19033 0.07264 0.02251 ( 1)
 195 S   0.56854 0.36985 0.02553 0.03609 ( 1)
 196 S   0.81570 0.13940 0.03623 0.00866 ( 1)
 197 E   0.93384 0.04515 0.01911 0.00190 ( 1)
 198 E   0.22040 0.54846 0.06622 0.16493 ( 2)
 199 L   0.56727 0.20158 0.17039 0.06076 ( 1)
 200 P   0.48921 0.27964 0.14690 0.08424 ( 1)
 201 I   0.64855 0.12030 0.19486 0.03629 ( 1)
 202 G   0.28078 0.48807 0.08437 0.14677 ( 2)
 203 I   0.05099 0.71786 0.01532 0.21583 ( 2)
 204 S   0.14720 0.62166 0.04422 0.18692 ( 2)
 205 D   0.63687 0.13199 0.19134 0.03981 ( 1)
 206 T   0.00791 0.76094 0.00238 0.22877 ( 2)
 207 P   0.63170 0.13715 0.18979 0.04136 ( 1)
 208 I   0.66457 0.10428 0.19969 0.03146 ( 1)
 209 Y   0.62509 0.14376 0.18779 0.04335 ( 1)
 210 G   0.59601 0.17284 0.17904 0.05211 ( 1)
 211 D   0.66842 0.10043 0.20085 0.03030 ( 1)
 212 L   0.43363 0.33522 0.13018 0.10097 ( 1)
 213 E   0.53357 0.23528 0.16025 0.07090 ( 1)
 214 E   0.63152 0.13734 0.18973 0.04142 ( 1)
 215 Y   0.96759 0.00766 0.02443 0.00032 ( 1)
 216 S   0.50205 0.39804 0.05268 0.04723 ( 1)
 217 H   0.97848 0.00492 0.01646 0.00014 ( 1)
 218 R   0.96427 0.01526 0.01995 0.00052 ( 1)
 219 L   0.93418 0.02600 0.03846 0.00137 ( 1)
 220 S   0.89972 0.07210 0.02474 0.00343 ( 1)
 221 F   0.40539 0.49505 0.04195 0.05761 ( 2)
 222 I   0.84587 0.12241 0.02489 0.00682 ( 1)
 223 S   0.07956 0.06479 0.77757 0.07807 ( 3)
 224 E   0.67047 0.28219 0.02980 0.01754 ( 1)
 225 I   0.90492 0.01993 0.07256 0.00259 ( 1)
 226 M   0.30517 0.64139 0.01355 0.03989 ( 2)
 227 H   0.01154 0.48136 0.06997 0.43713 ( 2)
 228 N   0.00842 0.33375 0.07729 0.58054 ( 4)
 229 S   0.63352 0.29284 0.04747 0.02617 ( 1)
 230 G   0.00115 0.37768 0.05458 0.56659 ( 4)
 231 S   0.18180 0.73564 0.01134 0.07122 ( 2)
 232 V   0.41110 0.35775 0.12342 0.10772 ( 1)
 233 T   0.41110 0.35775 0.12342 0.10772 ( 1)
 234 G   0.41110 0.35775 0.12342 0.10772 ( 1)
 235 S   0.41110 0.35775 0.12342 0.10772 ( 1)
 236 N   0.41110 0.35775 0.12342 0.10772 ( 1)
 237 N   0.75951 0.18231 0.04380 0.01438 ( 1)
 238 I   0.82409 0.15264 0.01690 0.00637 ( 1)
 239 K   0.91062 0.06820 0.01884 0.00234 ( 1)
 240 G   0.69333 0.23379 0.05206 0.02083 ( 1)
 241 I   0.79300 0.17564 0.02105 0.01030 ( 1)
 242 I   0.96322 0.00887 0.02738 0.00054 ( 1)
 243 P   0.21971 0.28989 0.39480 0.09559 ( 3)
 244 V   0.91348 0.05502 0.02855 0.00295 ( 1)
 245 L   0.81648 0.15639 0.02065 0.00649 ( 1)
 246 G   0.96199 0.01455 0.02295 0.00050 ( 1)
 247 W   0.89471 0.01953 0.08370 0.00205 ( 1)
 248 T   0.89520 0.03436 0.06729 0.00315 ( 1)
 249 H   0.97848 0.00492 0.01646 0.00014 ( 1)
 250 T   0.01127 0.67690 0.06662 0.24521 ( 2)
 251 S   0.70778 0.06107 0.21267 0.01848 ( 1)

