Supplemental results for CODEML (seqf: algn  treef: tree)


dN/dS (w) for site classes (K=4)

site class             0        1       2a       2b
proportion       0.43084  0.48357  0.04032  0.04526
background w     0.10514  1.00000  0.10514  1.00000
foreground w     0.10514  1.00000  1.00000  1.00000

Naive Empirical Bayes (NEB) probabilities for 4 classes
(amino acids refer to 1st sequence: BT_Cry7Ba1)

   1 -   0.71982 0.19459 0.06737 0.01821 ( 1)
   2 -   0.69626 0.21815 0.06517 0.02042 ( 1)
   3 T   0.08294 0.83412 0.00488 0.07807 ( 2)
   4 V   0.16645 0.75293 0.01015 0.07047 ( 2)
   5 E   0.91756 0.02865 0.05110 0.00268 ( 1)
   6 L   0.83682 0.09758 0.05647 0.00913 ( 1)
   7 T   0.91789 0.02581 0.05388 0.00242 ( 1)
   8 R   0.92774 0.01714 0.05352 0.00160 ( 1)
   9 T   0.15601 0.76312 0.00945 0.07142 ( 2)
  10 I   0.94297 0.00920 0.04697 0.00086 ( 1)
  11 Y   0.68181 0.25656 0.03762 0.02401 ( 1)
  12 T   0.07683 0.44118 0.44070 0.04129 ( 2)
  13 D   0.95054 0.00525 0.04372 0.00049 ( 1)
  14 P   0.89610 0.04137 0.05865 0.00387 ( 1)
  15 L   0.74287 0.19493 0.04396 0.01824 ( 1)
  16 G   0.93722 0.01097 0.05079 0.00103 ( 1)
  17 Y   0.12796 0.78770 0.01062 0.07372 ( 2)
  18 T   0.11217 0.80577 0.00664 0.07542 ( 2)
  19 G   0.84967 0.07646 0.06672 0.00716 ( 1)
  20 Y   0.44526 0.48828 0.02076 0.04570 ( 2)
  21 S   0.02921 0.73319 0.16898 0.06862 ( 2)
  22 N   0.40848 0.52300 0.01957 0.04895 ( 2)
  23 D   0.01496 0.89986 0.00096 0.08422 ( 2)
  24 E   0.80425 0.13032 0.05323 0.01220 ( 1)
  25 H   0.86031 0.08650 0.04510 0.00810 ( 1)
  26 P   0.85031 0.07086 0.07220 0.00663 ( 1)
  27 T   0.03862 0.86439 0.01610 0.08090 ( 2)
  28 Y   0.15056 0.76887 0.00861 0.07196 ( 2)
  29 Y   0.93390 0.01417 0.05061 0.00133 ( 1)
  30 -   0.17749 0.73693 0.01661 0.06897 ( 2)
  31 S   0.78346 0.15006 0.05243 0.01405 ( 1)
  32 S   0.69840 0.23985 0.03930 0.02245 ( 1)
  33 A   0.17440 0.73589 0.02083 0.06887 ( 2)
  34 K   0.00225 0.91225 0.00012 0.08538 ( 2)
  35 P   0.00003 0.91437 0.00002 0.08558 ( 2)
  36 F   0.90615 0.04320 0.04661 0.00404 ( 1)
  37 S   0.00133 0.91312 0.00009 0.08546 ( 2)
  38 S   0.18639 0.73182 0.01330 0.06849 ( 2)
  39 I   0.92941 0.01724 0.05174 0.00161 ( 1)
  40 E   0.90260 0.03181 0.06261 0.00298 ( 1)
  41 S   0.91337 0.03865 0.04436 0.00362 ( 1)
  42 R   0.09934 0.81832 0.00575 0.07659 ( 2)
  43 A   0.84840 0.07500 0.06958 0.00702 ( 1)
  44 V   0.18703 0.65096 0.10108 0.06093 ( 2)
  45 L   0.53163 0.38591 0.04634 0.03612 ( 1)
  46 A   0.03613 0.87934 0.00222 0.08230 ( 2)
  47 P   0.76170 0.15875 0.06470 0.01486 ( 1)
  48 S   0.00834 0.90598 0.00089 0.08479 ( 2)
  49 L   0.87749 0.05794 0.05915 0.00542 ( 1)
  50 F   0.80979 0.11686 0.06242 0.01094 ( 1)
  51 K   0.56114 0.36303 0.04185 0.03398 ( 1)
  52 W   0.74648 0.17774 0.05914 0.01664 ( 1)
  53 I   0.38399 0.53543 0.03046 0.05011 ( 2)
  54 T   0.93894 0.01177 0.04819 0.00110 ( 1)
  55 Q   0.05718 0.85891 0.00353 0.08039 ( 2)
  56 L   0.28043 0.64279 0.01662 0.06016 ( 2)
  57 E   0.00206 0.91239 0.00015 0.08539 ( 2)
  58 V   0.92054 0.02149 0.05595 0.00201 ( 1)
  59 Y   0.00498 0.90961 0.00028 0.08513 ( 2)
  60 T   0.00258 0.91081 0.00136 0.08525 ( 2)
  61 K   0.00381 0.89489 0.01755 0.08376 ( 2)
  62 K   0.00000 0.91441 0.00000 0.08558 ( 2)
  63 Y   0.01399 0.89051 0.01216 0.08335 ( 2)
  64 S   0.00001 0.91437 0.00005 0.08558 ( 2)
  65 Y   0.02691 0.88629 0.00386 0.08295 ( 2)
  66 S   0.01055 0.88363 0.02312 0.08270 ( 2)
  67 S   0.29533 0.62811 0.01777 0.05879 ( 2)
  68 Q   0.00004 0.91437 0.00000 0.08558 ( 2)
  69 Y   0.17201 0.74839 0.00955 0.07005 ( 2)
  70 T   0.70844 0.23311 0.03664 0.02182 ( 1)
  71 T   0.52592 0.40251 0.03389 0.03767 ( 1)
  72 L   0.00581 0.90352 0.00610 0.08456 ( 2)
  73 W   0.28042 0.63768 0.02222 0.05968 ( 2)
  74 T   0.76508 0.17886 0.03933 0.01674 ( 1)
  75 G   0.90125 0.03746 0.05779 0.00351 ( 1)
  76 L   0.16044 0.75382 0.01519 0.07055 ( 2)
  77 R   0.11532 0.79210 0.01844 0.07414 ( 2)
  78 V   0.86937 0.05791 0.06730 0.00542 ( 1)
  79 I   0.00727 0.90455 0.00353 0.08466 ( 2)
  80 A   0.44207 0.46586 0.04846 0.04360 ( 2)
  81 Q   0.04805 0.83935 0.03404 0.07856 ( 2)
  82 P   0.04328 0.87231 0.00277 0.08164 ( 2)
  83 T   0.93894 0.01177 0.04819 0.00110 ( 1)
  84 K   0.00827 0.90579 0.00116 0.08478 ( 2)
  85 D   0.02828 0.87646 0.01322 0.08203 ( 2)
  86 F   0.00033 0.91258 0.00167 0.08541 ( 2)
  87 T   0.00004 0.91421 0.00018 0.08556 ( 2)
  88 D   0.15137 0.76115 0.01625 0.07124 ( 2)
  89 T   0.00458 0.90904 0.00130 0.08508 ( 2)
  90 V   0.01957 0.88092 0.01707 0.08245 ( 2)
  91 Y   0.83626 0.10763 0.04603 0.01007 ( 1)
  92 D   0.62661 0.31442 0.02954 0.02943 ( 1)
  93 Y   0.40854 0.25542 0.31214 0.02391 ( 1)
  94 G   0.90125 0.03746 0.05779 0.00351 ( 1)
  95 S   0.07567 0.84188 0.00366 0.07879 ( 2)
  96 S   0.79533 0.14685 0.04407 0.01374 ( 1)
  97 S   0.83728 0.09334 0.06064 0.00874 ( 1)
  98 G   0.83056 0.11378 0.04501 0.01065 ( 1)
  99 S   0.79103 0.15100 0.04384 0.01413 ( 1)
 100 E   0.00100 0.91292 0.00064 0.08544 ( 2)
 101 N   0.00033 0.91409 0.00003 0.08555 ( 2)
 102 K   0.00345 0.91105 0.00023 0.08527 ( 2)
 103 D   0.00170 0.91279 0.00008 0.08543 ( 2)
 104 V   0.34708 0.57860 0.02017 0.05415 ( 2)
 105 F   0.94257 0.00835 0.04830 0.00078 ( 1)
 106 D   0.41702 0.30946 0.24456 0.02896 ( 1)
 107 L   0.87366 0.06857 0.05134 0.00642 ( 1)
 108 Y   0.04268 0.85808 0.01893 0.08031 ( 2)
 109 G   0.01008 0.90443 0.00084 0.08465 ( 2)
 110 N   0.70865 0.18609 0.08784 0.01742 ( 1)
 111 D   0.95054 0.00525 0.04372 0.00049 ( 1)
 112 V   0.72442 0.21223 0.04349 0.01986 ( 1)
 113 Y   0.93390 0.01417 0.05061 0.00133 ( 1)
 114 D   0.09136 0.82614 0.00518 0.07732 ( 2)
 115 T   0.00291 0.91136 0.00044 0.08530 ( 2)
 116 Q   0.03202 0.88316 0.00216 0.08266 ( 2)
 117 S   0.32395 0.60370 0.01585 0.05650 ( 2)
 118 V   0.00264 0.90945 0.00279 0.08512 ( 2)
 119 V   0.01775 0.88128 0.01849 0.08248 ( 2)
 120 S   0.01825 0.89664 0.00120 0.08392 ( 2)
 121 S   0.07847 0.83681 0.00640 0.07832 ( 2)
 122 Y   0.03468 0.85015 0.03560 0.07957 ( 2)
 123 K   0.02423 0.79218 0.10945 0.07414 ( 2)
 124 P   0.01953 0.85015 0.05076 0.07957 ( 2)
 125 T   0.18638 0.62618 0.12884 0.05861 ( 2)
 126 G   0.04847 0.86736 0.00298 0.08118 ( 2)
 127 G   0.03316 0.86217 0.02398 0.08069 ( 2)
 128 G   0.00309 0.91106 0.00058 0.08527 ( 2)
 129 H   0.69336 0.19877 0.08927 0.01860 ( 1)
 130 F   0.14084 0.77902 0.00722 0.07291 ( 2)
 131 G   0.32468 0.59415 0.02555 0.05561 ( 2)
 132 V   0.08862 0.34468 0.53444 0.03226 ( 3)
 133 P   0.92727 0.01694 0.05420 0.00159 ( 1)
 134 Q   0.00003 0.91439 0.00000 0.08558 ( 2)
 135 F   0.22083 0.70199 0.01147 0.06570 ( 2)
 136 R   0.01310 0.89936 0.00337 0.08417 ( 2)
 137 L   0.87749 0.05794 0.05915 0.00542 ( 1)
 138 F   0.19092 0.64248 0.10647 0.06013 ( 2)
 139 W   0.00187 0.91257 0.00015 0.08541 ( 2)
 140 I   0.93679 0.01074 0.05146 0.00101 ( 1)
 141 T   0.79190 0.12389 0.07262 0.01160 ( 1)
 142 K   0.00176 0.91270 0.00012 0.08542 ( 2)
 143 S   0.01432 0.89875 0.00282 0.08412 ( 2)
 144 N   0.95102 0.00563 0.04283 0.00053 ( 1)
 145 G   0.00001 0.91441 0.00000 0.08558 ( 2)
 146 L   0.84096 0.08933 0.06135 0.00836 ( 1)
 147 R   0.00225 0.91129 0.00117 0.08529 ( 2)
 148 E   0.76778 0.17304 0.04298 0.01620 ( 1)
 149 Q   0.10834 0.80775 0.00831 0.07560 ( 2)
 150 I   0.00277 0.91174 0.00016 0.08533 ( 2)
 151 F   0.93929 0.01150 0.04814 0.00108 ( 1)
 152 N   0.41772 0.51445 0.01968 0.04815 ( 2)
 153 Y   0.35119 0.57561 0.01933 0.05387 ( 2)
 154 A   0.00019 0.91420 0.00005 0.08556 ( 2)
 155 N   0.02056 0.88662 0.00984 0.08298 ( 2)
 156 N   0.90362 0.05092 0.04069 0.00477 ( 1)
 157 M   0.18387 0.57923 0.18269 0.05421 ( 2)
 158 G   0.13823 0.78101 0.00766 0.07310 ( 2)
 159 -   0.90382 0.03430 0.05866 0.00321 ( 1)
 160 S   0.37202 0.55486 0.02119 0.05193 ( 2)
 161 Y   0.00984 0.89858 0.00748 0.08410 ( 2)
 162 S   0.00137 0.91310 0.00007 0.08546 ( 2)
 163 A   0.00305 0.91143 0.00022 0.08530 ( 2)
 164 Y   0.00300 0.91151 0.00017 0.08531 ( 2)
 165 R   0.06799 0.84779 0.00487 0.07935 ( 2)
 166 F   0.80346 0.13959 0.04388 0.01307 ( 1)
 167 S   0.14756 0.76939 0.01104 0.07201 ( 2)
 168 K   0.44202 0.48285 0.02994 0.04519 ( 2)
 169 D   0.32001 0.60597 0.01731 0.05672 ( 2)
 170 E   0.21034 0.71121 0.01189 0.06656 ( 2)
 171 L   0.87749 0.05794 0.05915 0.00542 ( 1)
 172 P   0.83215 0.10364 0.05451 0.00970 ( 1)
 173 I   0.92941 0.01724 0.05174 0.00161 ( 1)
 174 E   0.79178 0.15011 0.04407 0.01405 ( 1)
 175 L   0.09488 0.82107 0.00720 0.07685 ( 2)
 176 L   0.04240 0.87269 0.00323 0.08168 ( 2)
 177 Q   0.02235 0.87567 0.02002 0.08196 ( 2)
 178 P   0.00001 0.91434 0.00007 0.08558 ( 2)
 179 P   0.92727 0.01694 0.05420 0.00159 ( 1)
 180 L   0.69381 0.21046 0.07603 0.01970 ( 1)
 181 F   0.70672 0.20280 0.07151 0.01898 ( 1)
 182 G   0.90125 0.03746 0.05779 0.00351 ( 1)
 183 D   0.95054 0.00525 0.04372 0.00049 ( 1)
 184 I   0.47670 0.45572 0.02493 0.04265 ( 1)
 185 E   0.86750 0.06610 0.06021 0.00619 ( 1)
 186 E   0.93116 0.01557 0.05182 0.00146 ( 1)
 187 Y   0.87185 0.05102 0.07236 0.00477 ( 1)
 188 S   0.89887 0.05318 0.04298 0.00498 ( 1)
 189 H   0.94323 0.00728 0.04880 0.00068 ( 1)
 190 R   0.84349 0.08803 0.06024 0.00824 ( 1)
 191 L   0.87749 0.05794 0.05915 0.00542 ( 1)
 192 S   0.94935 0.00480 0.04539 0.00045 ( 1)
 193 H   0.15953 0.75699 0.01263 0.07085 ( 2)
 194 V   0.84717 0.09900 0.04456 0.00927 ( 1)
 195 S   0.86344 0.06957 0.06047 0.00651 ( 1)
 196 E   0.88929 0.04480 0.06172 0.00419 ( 1)
 197 V   0.82389 0.11520 0.05014 0.01078 ( 1)
 198 I   0.06973 0.84742 0.00354 0.07931 ( 2)
 199 K   0.35768 0.56972 0.01928 0.05332 ( 2)
 200 D   0.00766 0.90707 0.00037 0.08490 ( 2)
 201 Y   0.03819 0.87755 0.00213 0.08213 ( 2)
 202 G   0.83509 0.09097 0.06542 0.00851 ( 1)
 203 E   0.01339 0.89450 0.00839 0.08372 ( 2)
 204 -   0.43084 0.48357 0.04032 0.04526 ( 2)
 205 -   0.43084 0.48357 0.04032 0.04526 ( 2)
 206 -   0.43084 0.48357 0.04032 0.04526 ( 2)
 207 -   0.43084 0.48357 0.04032 0.04526 ( 2)
 208 -   0.43084 0.48357 0.04032 0.04526 ( 2)
 209 -   0.43084 0.48357 0.04032 0.04526 ( 2)
 210 -   0.43084 0.48357 0.04032 0.04526 ( 2)
 211 -   0.43084 0.48357 0.04032 0.04526 ( 2)
 212 G   0.90125 0.03746 0.05779 0.00351 ( 1)
 213 I   0.20636 0.71434 0.01244 0.06686 ( 2)
 214 I   0.94297 0.00920 0.04697 0.00086 ( 1)
 215 P   0.91310 0.03063 0.05341 0.00287 ( 1)
 216 V   0.87222 0.06892 0.05241 0.00645 ( 1)
 217 L   0.87749 0.05794 0.05915 0.00542 ( 1)
 218 G   0.91979 0.02772 0.04990 0.00259 ( 1)
 219 W   0.03024 0.69193 0.21307 0.06476 ( 2)
 220 T   0.91981 0.02396 0.05399 0.00224 ( 1)
 221 H   0.94323 0.00728 0.04880 0.00068 ( 1)
 222 V   0.24201 0.67983 0.01453 0.06363 ( 2)
 223 S   0.85979 0.05463 0.08047 0.00511 ( 1)


lnL = -2873.321661

