Supplemental results for CODEML (seqf: algn  treef: tree)


dN/dS (w) for site classes (K=4)

site class             0        1       2a       2b
proportion       0.32764  0.10672  0.42667  0.13898
background w     0.06222  1.00000  0.06222  1.00000
foreground w     0.06222  1.00000  1.00000  1.00000

Naive Empirical Bayes (NEB) probabilities for 4 classes
(amino acids refer to 1st sequence: BT_Cry52Ca1)

   1 Q   0.09821 0.10906 0.65070 0.14203 ( 3)
   2 V   0.82895 0.00090 0.16898 0.00117 ( 1)
   3 K   0.50572 0.00148 0.49087 0.00193 ( 1)
   4 S   0.30774 0.03532 0.61095 0.04599 ( 3)
   5 E   0.10976 0.02590 0.83062 0.03373 ( 3)
   6 -   0.55304 0.03964 0.35571 0.05162 ( 1)
   7 -   0.34182 0.05484 0.53193 0.07141 ( 3)
   8 -   0.45192 0.08260 0.35791 0.10757 ( 1)
   9 -   0.70369 0.00716 0.27982 0.00933 ( 1)
  10 L   0.19672 0.18744 0.37175 0.24409 ( 3)
  11 T   0.77335 0.00120 0.22389 0.00156 ( 1)
  12 R   0.91225 0.00016 0.08739 0.00021 ( 1)
  13 E   0.37707 0.01378 0.59119 0.01795 ( 3)
  14 I   0.47423 0.00519 0.51381 0.00676 ( 3)
  15 Y   0.33179 0.00243 0.66261 0.00317 ( 3)
  16 S   0.08170 0.07150 0.75368 0.09312 ( 3)
  17 D   0.10283 0.00294 0.89041 0.00383 ( 3)
  18 V   0.76040 0.00201 0.23496 0.00262 ( 1)
  19 V   0.55879 0.07079 0.27822 0.09219 ( 1)
  20 N   0.10073 0.00252 0.89348 0.00328 ( 3)
  21 A   0.36259 0.03322 0.56094 0.04326 ( 3)
  22 D   0.27578 0.08476 0.52907 0.11038 ( 3)
  23 V   0.02270 0.10060 0.74570 0.13100 ( 3)
  24 F   0.31980 0.11455 0.41647 0.14918 ( 3)
  25 G   0.26029 0.17407 0.33897 0.22668 ( 3)
  26 T   0.04739 0.38696 0.06172 0.50393 ( 4)
  27 I   0.37720 0.05715 0.49122 0.07442 ( 3)
  28 Y   0.38699 0.04736 0.50397 0.06167 ( 3)
  29 T   0.13150 0.30285 0.17125 0.39440 ( 4)
  30 D   0.39763 0.03672 0.51783 0.04782 ( 3)
  31 N   0.08891 0.34544 0.11578 0.44986 ( 4)
  32 N   0.02924 0.40511 0.03808 0.52756 ( 4)
  33 R   0.40846 0.02589 0.53193 0.03372 ( 3)
  34 N   0.42690 0.00745 0.55594 0.00970 ( 3)
  35 E   0.06362 0.03149 0.86388 0.04101 ( 3)
  36 E   0.64219 0.02233 0.30640 0.02908 ( 1)
  37 L   0.15683 0.13117 0.54118 0.17082 ( 3)
  38 Y   0.13221 0.00648 0.85288 0.00844 ( 3)
  39 T   0.72476 0.02426 0.21940 0.03159 ( 1)
  40 R   0.88190 0.00083 0.11619 0.00108 ( 1)
  41 P   0.36470 0.09418 0.41849 0.12264 ( 3)
  42 P   0.40029 0.03406 0.52129 0.04435 ( 3)
  43 H   0.39390 0.04045 0.51296 0.05268 ( 3)
  44 L   0.36141 0.07295 0.47065 0.09500 ( 3)
  45 F   0.34823 0.08612 0.45349 0.11215 ( 3)
  46 T   0.39138 0.04297 0.50968 0.05596 ( 3)
  47 W   0.33942 0.09494 0.44201 0.12363 ( 3)
  48 L   0.36141 0.07295 0.47065 0.09500 ( 3)
  49 R   0.34243 0.09192 0.44594 0.11970 ( 3)
  50 G   0.42323 0.01112 0.55116 0.01449 ( 3)
  51 F   0.06398 0.00480 0.92496 0.00626 ( 3)
  52 R   0.61768 0.00221 0.37724 0.00287 ( 1)
  53 F   0.34003 0.02145 0.61058 0.02794 ( 3)
  54 V   0.05876 0.34184 0.15422 0.44517 ( 4)
  55 T   0.52515 0.00186 0.47056 0.00243 ( 1)
  56 N   0.14137 0.00461 0.84801 0.00601 ( 3)
  57 S   0.38519 0.01019 0.59135 0.01327 ( 3)
  58 I   0.10356 0.00246 0.89077 0.00320 ( 3)
  59 S   0.77686 0.02099 0.17481 0.02734 ( 1)
  60 S   0.61869 0.05353 0.25807 0.06971 ( 1)
  61 G   0.70601 0.00151 0.29052 0.00196 ( 1)
  62 S   0.23531 0.23505 0.22353 0.30611 ( 4)
  63 R   0.34569 0.07768 0.47548 0.10116 ( 3)
  64 T   0.38761 0.01862 0.56953 0.02425 ( 3)
  65 W   0.28336 0.03006 0.64743 0.03915 ( 3)
  66 T   0.82638 0.00107 0.17116 0.00139 ( 1)
  67 F   0.32201 0.00245 0.67234 0.00319 ( 3)
  68 L   0.08737 0.00823 0.89369 0.01071 ( 3)
  69 A   0.38560 0.09823 0.38823 0.12793 ( 3)
  70 G   0.07237 0.01613 0.89050 0.02100 ( 3)
  71 N   0.22153 0.01383 0.74663 0.01801 ( 3)
  72 Q   0.94420 0.00001 0.05577 0.00002 ( 1)
  73 -   0.29531 0.00730 0.68789 0.00950 ( 3)
  74 -   0.84198 0.01583 0.12157 0.02062 ( 1)
  75 -   0.08397 0.19294 0.47182 0.25126 ( 3)
  76 -   0.50766 0.01617 0.45510 0.02106 ( 1)
  77 -   0.19098 0.14531 0.47447 0.18924 ( 3)
  78 -   0.37370 0.01498 0.59181 0.01951 ( 3)
  79 N   0.18698 0.08487 0.61763 0.11052 ( 3)
  80 K   0.79993 0.00168 0.19621 0.00218 ( 1)
  81 Y   0.48438 0.01573 0.47941 0.02048 ( 1)
  82 S   0.35639 0.19436 0.19614 0.25311 ( 1)
  83 Y   0.30858 0.18019 0.27657 0.23466 ( 1)
  84 T   0.15431 0.02138 0.79646 0.02784 ( 3)
  85 R   0.00925 0.42697 0.00774 0.55603 ( 4)
  86 D   0.00392 0.43187 0.00179 0.56241 ( 4)
  87 N   0.40219 0.03216 0.52377 0.04188 ( 3)
  88 R   0.00036 0.43399 0.00047 0.56518 ( 4)
  89 I   0.42848 0.00588 0.55799 0.00765 ( 3)
  90 I   0.38581 0.04855 0.50242 0.06322 ( 3)
  91 Y   0.00710 0.42725 0.00925 0.55640 ( 4)
  92 G   0.41788 0.01647 0.54420 0.02145 ( 3)
  93 P   0.37921 0.05514 0.49384 0.07181 ( 3)
  94 F   0.50862 0.04871 0.37924 0.06343 ( 1)
  95 Y   0.07045 0.37722 0.06109 0.49124 ( 4)
  96 G   0.88720 0.00192 0.10838 0.00250 ( 1)
  97 Q   0.14985 0.31143 0.13315 0.40557 ( 4)
  98 D   0.07082 0.05872 0.79399 0.07647 ( 3)
  99 T   0.08272 0.02620 0.85696 0.03412 ( 3)
 100 N   0.58371 0.00439 0.40618 0.00572 ( 1)
 101 Y   0.47467 0.00117 0.52264 0.00152 ( 3)
 102 G   0.11417 0.03324 0.80930 0.04329 ( 3)
 103 G   0.46023 0.10313 0.30235 0.13430 ( 1)
 104 T   0.16558 0.08562 0.63730 0.11150 ( 3)
 105 S   0.44628 0.07943 0.37085 0.10344 ( 1)
 106 S   0.03453 0.40925 0.02327 0.53295 ( 4)
 107 D   0.22363 0.09065 0.56766 0.11806 ( 3)
 108 T   0.00840 0.41802 0.02921 0.54437 ( 4)
 109 D   0.25371 0.00887 0.72585 0.01156 ( 3)
 110 F   0.00003 0.43431 0.00007 0.56559 ( 4)
 111 A   0.02976 0.35045 0.16340 0.45638 ( 4)
 112 E   0.67801 0.06033 0.18310 0.07856 ( 1)
 113 D   0.00866 0.42080 0.02256 0.54799 ( 4)
 114 S   0.01090 0.42346 0.01419 0.55146 ( 4)
 115 Y   0.43308 0.00127 0.56399 0.00166 ( 3)
 116 V   0.01249 0.42187 0.01626 0.54939 ( 4)
 117 Y   0.42008 0.01427 0.54706 0.01858 ( 3)
 118 N   0.42042 0.01393 0.54750 0.01814 ( 3)
 119 L   0.41229 0.02207 0.53691 0.02874 ( 3)
 120 -   0.39428 0.04007 0.51347 0.05218 ( 3)
 121 -   0.38206 0.05229 0.49755 0.06809 ( 3)
 122 -   0.21023 0.22413 0.27377 0.29187 ( 4)
 123 W   0.01117 0.05183 0.86951 0.06749 ( 3)
 124 T   0.05327 0.35561 0.12802 0.46310 ( 4)
 125 K   0.58319 0.03414 0.33821 0.04446 ( 1)
 126 N   0.07151 0.22297 0.41517 0.29036 ( 3)
 127 Y   0.27586 0.05038 0.60816 0.06561 ( 3)
 128 E   0.10773 0.22761 0.36826 0.29641 ( 3)
 129 F   0.07771 0.17640 0.51617 0.22972 ( 3)
 130 I   0.78804 0.00240 0.20643 0.00312 ( 1)
 131 S   0.25683 0.03975 0.65166 0.05176 ( 3)
 132 P   0.21438 0.01482 0.75150 0.01930 ( 3)
 133 Y   0.35051 0.11667 0.38089 0.15193 ( 3)
 134 T   0.36511 0.00220 0.62984 0.00286 ( 3)
 135 D   0.16983 0.00485 0.81900 0.00632 ( 3)
 136 P   0.49145 0.02115 0.45987 0.02754 ( 1)
 137 V   0.37952 0.04812 0.50970 0.06266 ( 3)
 138 N   0.71078 0.00222 0.28410 0.00290 ( 1)
 139 I   0.02032 0.40100 0.05646 0.52222 ( 4)
 140 T   0.60199 0.07723 0.22021 0.10057 ( 1)
 141 -   0.12443 0.00714 0.85913 0.00930 ( 3)
 142 -   0.02428 0.41162 0.02806 0.53604 ( 4)
 143 -   0.17039 0.02890 0.76308 0.03763 ( 3)
 144 -   0.19028 0.03480 0.72960 0.04532 ( 3)
 145 -   0.00205 0.41981 0.03144 0.54670 ( 4)
 146 -   0.24235 0.19200 0.31561 0.25004 ( 3)
 147 -   0.39018 0.04417 0.50812 0.05752 ( 3)
 148 -   0.40974 0.02461 0.53360 0.03205 ( 3)
 149 -   0.14404 0.29032 0.18757 0.37807 ( 4)
 150 K   0.22021 0.21414 0.28677 0.27887 ( 3)
 151 I   0.39156 0.04279 0.50992 0.05573 ( 3)
 152 N   0.43293 0.00143 0.56379 0.00186 ( 3)
 153 F   0.01078 0.42401 0.01303 0.55218 ( 4)
 154 S   0.33943 0.01768 0.61988 0.02302 ( 3)
 155 V   0.00007 0.43430 0.00005 0.56558 ( 4)
 156 T   0.86308 0.00091 0.13481 0.00119 ( 1)
 157 N   0.00116 0.43205 0.00414 0.56265 ( 4)
 158 N   0.47972 0.00142 0.51702 0.00185 ( 3)
 159 N   0.50995 0.00493 0.47870 0.00642 ( 1)
 160 S   0.12776 0.22487 0.35453 0.29284 ( 3)
 161 S   0.00063 0.43221 0.00430 0.56285 ( 4)
 162 K   0.00006 0.43430 0.00006 0.56558 ( 4)
 163 D   0.00080 0.43196 0.00471 0.56253 ( 4)
 164 E   0.00241 0.43246 0.00195 0.56318 ( 4)
 165 T   0.13857 0.31339 0.13993 0.40811 ( 4)
 166 Y   0.05650 0.29309 0.26872 0.38169 ( 4)
 167 G   0.82848 0.00960 0.14941 0.01250 ( 1)
 168 G   0.34109 0.01002 0.63585 0.01304 ( 3)
 169 E   0.04063 0.22794 0.43458 0.29684 ( 3)
 170 R   0.04174 0.01671 0.91979 0.02177 ( 3)
 171 -   0.35031 0.08404 0.45620 0.10945 ( 3)
 172 -   0.33907 0.09528 0.44156 0.12408 ( 3)
 173 -   0.34684 0.08751 0.45168 0.11397 ( 3)
 174 -   0.47773 0.07553 0.34837 0.09836 ( 1)
 175 -   0.82932 0.02489 0.11337 0.03242 ( 1)
 176 -   0.14612 0.11311 0.59347 0.14730 ( 3)
 177 -   0.14235 0.10815 0.60865 0.14084 ( 3)
 178 -   0.20388 0.10417 0.55629 0.13566 ( 3)
 179 -   0.20867 0.09580 0.57078 0.12475 ( 3)
 180 -   0.31406 0.08672 0.48630 0.11293 ( 3)
 181 -   0.43802 0.08005 0.37768 0.10425 ( 1)
 182 -   0.41560 0.08111 0.39766 0.10563 ( 1)
 183 -   0.30601 0.09574 0.47357 0.12468 ( 3)
 184 -   0.80435 0.02760 0.13212 0.03594 ( 1)
 185 -   0.03562 0.15295 0.61224 0.19919 ( 3)
 186 -   0.30024 0.10579 0.45619 0.13777 ( 3)
 187 -   0.07856 0.13662 0.60690 0.17792 ( 3)
 188 -   0.37306 0.08419 0.43312 0.10964 ( 3)
 189 -   0.01618 0.37860 0.11217 0.49304 ( 4)
 190 -   0.32764 0.10672 0.42667 0.13898 ( 3)
 191 -   0.43491 0.06764 0.40937 0.08808 ( 1)
 192 -   0.69656 0.04366 0.20293 0.05685 ( 1)
 193 -   0.66623 0.04985 0.21900 0.06492 ( 1)
 194 -   0.13252 0.12287 0.58459 0.16002 ( 3)
 195 -   0.34140 0.09529 0.43922 0.12409 ( 3)
 196 -   0.02549 0.38020 0.09919 0.49512 ( 4)
 197 N   0.14073 0.00480 0.84823 0.00625 ( 3)
 198 L   0.16763 0.13837 0.51380 0.18020 ( 3)
 199 P   0.57635 0.01365 0.39222 0.01778 ( 1)
 200 T   0.27952 0.00165 0.71668 0.00215 ( 3)
 201 V   0.20071 0.08500 0.60359 0.11069 ( 3)
 202 Q   0.53048 0.06131 0.32835 0.07985 ( 1)
 203 T   0.55148 0.00286 0.44194 0.00372 ( 1)
 204 N   0.83986 0.00537 0.14779 0.00699 ( 1)
 205 F   0.75994 0.00114 0.23743 0.00149 ( 1)
 206 D   0.04631 0.00128 0.95075 0.00166 ( 3)
 207 F   0.31045 0.01661 0.65130 0.02163 ( 3)
 208 L   0.77201 0.00161 0.22428 0.00210 ( 1)
 209 T   0.16809 0.02518 0.77394 0.03279 ( 3)
 210 N   0.66892 0.06720 0.17636 0.08752 ( 1)
 211 K   0.38466 0.03034 0.54550 0.03951 ( 3)
 212 V   0.02305 0.40325 0.04855 0.52515 ( 4)
 213 G   0.33984 0.08650 0.46102 0.11264 ( 3)
 214 N   0.04966 0.37007 0.09834 0.48193 ( 4)
 215 G   0.18385 0.16034 0.44701 0.20880 ( 3)
 216 S   0.12189 0.02471 0.82122 0.03218 ( 3)
 217 P   0.39101 0.04335 0.50920 0.05645 ( 3)
 218 T   0.06278 0.37157 0.08176 0.48388 ( 4)
 219 Y   0.41824 0.01611 0.54467 0.02098 ( 3)
 220 N   0.40890 0.02546 0.53250 0.03315 ( 3)
 221 N   0.29435 0.14000 0.38332 0.18232 ( 3)
 222 Y   0.38953 0.04482 0.50728 0.05837 ( 3)
 223 -   0.43071 0.00364 0.56091 0.00474 ( 3)
 224 -   0.41218 0.02217 0.53678 0.02887 ( 3)
 225 -   0.12800 0.30635 0.16670 0.39895 ( 4)
 226 -   0.42742 0.00694 0.55661 0.00903 ( 3)
 227 -   0.42866 0.00570 0.55823 0.00742 ( 3)
 228 N   0.12572 0.06216 0.73118 0.08094 ( 3)
 229 H   0.57950 0.00055 0.41923 0.00072 ( 1)
 230 I   0.39283 0.08805 0.40444 0.11467 ( 3)
 231 L   0.49278 0.00660 0.49203 0.00859 ( 1)
 232 S   0.39911 0.05463 0.47511 0.07115 ( 3)
 233 Y   0.24495 0.00772 0.73728 0.01005 ( 3)
 234 M   0.15153 0.00279 0.84206 0.00363 ( 3)
 235 L   0.28465 0.02239 0.66381 0.02915 ( 3)
 236 T   0.50624 0.13836 0.17522 0.18018 ( 1)
 237 N   0.06219 0.00770 0.92008 0.01003 ( 3)
 238 G   0.16767 0.00429 0.82244 0.00559 ( 3)
 239 T   0.57451 0.03011 0.35617 0.03921 ( 1)
 240 F   0.48869 0.17225 0.11474 0.22431 ( 1)
 241 S   0.08305 0.33622 0.14288 0.43785 ( 4)
 242 Q   0.11519 0.13595 0.57182 0.17704 ( 3)
 243 K   0.59159 0.00504 0.39680 0.00656 ( 1)
 244 R   0.68036 0.02098 0.27133 0.02733 ( 1)
 245 H   0.46154 0.07714 0.36085 0.10046 ( 1)
 246 G   0.84318 0.01018 0.13339 0.01325 ( 1)
 247 Y   0.49298 0.05728 0.37516 0.07459 ( 1)
 248 T   0.90827 0.00100 0.08942 0.00131 ( 1)
 249 F   0.33676 0.04056 0.56986 0.05282 ( 3)
 250 A   0.05760 0.34973 0.13723 0.45544 ( 4)
 251 F   0.28068 0.06213 0.57628 0.08091 ( 3)
 252 T   0.19260 0.10816 0.55839 0.14085 ( 3)
 253 H   0.07887 0.29141 0.25024 0.37949 ( 4)
 254 S   0.39924 0.03512 0.51992 0.04573 ( 3)
 255 S   0.39429 0.04006 0.51348 0.05217 ( 3)


lnL = -3806.442142

