Supplemental results for CODEML (seqf: algn  treef: tree)


dN/dS (w) for site classes (K=4)

site class             0        1       2a       2b
proportion       0.26298  0.16175  0.35620  0.21908
background w     0.06226  1.00000  0.06226  1.00000
foreground w     0.06226  1.00000 999.00000 999.00000

Naive Empirical Bayes (NEB) probabilities for 4 classes
(amino acids refer to 1st sequence: BT_Cry30Aa1)

   1 -   0.26298 0.16175 0.35620 0.21908 ( 3)
   2 -   0.26298 0.16175 0.35620 0.21908 ( 3)
   3 R   0.55778 0.00881 0.42435 0.00905 ( 1)
   4 I   0.45911 0.00191 0.53661 0.00236 ( 3)
   5 T   0.58177 0.00243 0.41318 0.00262 ( 1)
   6 Q   0.51711 0.00141 0.48009 0.00140 ( 1)
   7 I   0.57160 0.00180 0.42462 0.00198 ( 1)
   8 P   0.53027 0.00161 0.46652 0.00159 ( 1)
   9 A   0.55632 0.00136 0.44094 0.00139 ( 1)
  10 V   0.55785 0.00142 0.43931 0.00142 ( 1)
  11 K   0.57447 0.00160 0.42240 0.00153 ( 1)
  12 A   0.57424 0.00146 0.42287 0.00143 ( 1)
  13 Y   0.00288 0.42411 0.00466 0.56835 ( 4)
  14 S   0.00629 0.42157 0.00620 0.56594 ( 4)
  15 L   0.23251 0.28796 0.19745 0.28207 ( 2)
  16 T   0.02766 0.40597 0.05078 0.51559 ( 4)
  17 S   0.19953 0.33434 0.15759 0.30854 ( 2)
  18 P   0.02154 0.29658 0.12883 0.55305 ( 4)
  19 -   0.08926 0.22268 0.41982 0.26823 ( 3)
  20 -   0.26298 0.16175 0.35620 0.21908 ( 3)
  21 A   0.04300 0.00921 0.93586 0.01193 ( 3)
  22 R   0.29427 0.24361 0.20695 0.25518 ( 1)
  23 V   0.14620 0.20968 0.25846 0.38566 ( 4)
  24 I   0.58562 0.00261 0.40933 0.00244 ( 1)
  25 V   0.01252 0.35952 0.03098 0.59698 ( 4)
  26 G   0.42048 0.02082 0.53384 0.02486 ( 3)
  27 P   0.52945 0.00247 0.46574 0.00233 ( 1)
  28 G   0.52879 0.00244 0.46648 0.00228 ( 1)
  29 H   0.36647 0.09281 0.42869 0.11203 ( 3)
  30 T   0.56349 0.00267 0.43096 0.00288 ( 1)
  31 G   0.52985 0.00137 0.46745 0.00132 ( 1)
  32 G   0.52981 0.00141 0.46741 0.00136 ( 1)
  33 D   0.59237 0.00073 0.40619 0.00071 ( 1)
  34 L   0.50437 0.00394 0.48758 0.00411 ( 1)
  35 V   0.18047 0.05278 0.69261 0.07414 ( 3)
  36 A   0.00097 0.03163 0.91653 0.05087 ( 3)
  37 L   0.50411 0.00395 0.48780 0.00413 ( 1)
  38 L   0.34945 0.07527 0.47332 0.10196 ( 3)
  39 N   0.33836 0.08636 0.45830 0.11698 ( 3)
  40 S   0.00084 0.42389 0.00113 0.57414 ( 4)
  41 G   0.00095 0.42378 0.00128 0.57399 ( 4)
  42 T   0.01736 0.40737 0.02351 0.55176 ( 4)
  43 Q   0.11389 0.31083 0.15426 0.42101 ( 4)
  44 S   0.00395 0.42078 0.00535 0.56992 ( 4)
  45 G   0.55333 0.00090 0.44495 0.00082 ( 1)
  46 T   0.00001 0.31177 0.02054 0.66768 ( 4)
  47 M   0.00180 0.22599 0.24590 0.52631 ( 4)
  48 Q   0.00088 0.38611 0.00177 0.61124 ( 4)
  49 I   0.53879 0.04597 0.36705 0.04819 ( 1)
  50 Q   0.00313 0.43549 0.01380 0.54757 ( 4)
  51 C   0.15101 0.05076 0.71288 0.08536 ( 3)
  52 K   0.19994 0.22667 0.27462 0.29877 ( 4)
  53 T   0.04716 0.04911 0.82607 0.07765 ( 3)
  54 G   0.00408 0.10091 0.71351 0.18150 ( 3)
  55 S   0.45847 0.02267 0.49233 0.02653 ( 3)
  56 F   0.00921 0.07247 0.81906 0.09925 ( 3)
  57 T   0.08612 0.05775 0.76822 0.08791 ( 3)
  58 G   0.00669 0.40767 0.06393 0.52170 ( 4)
  59 P   0.01699 0.40774 0.02301 0.55226 ( 4)
  60 S   0.49386 0.04473 0.41879 0.04263 ( 1)
  61 R   0.48801 0.02434 0.46334 0.02431 ( 1)
  62 Q   0.00234 0.42647 0.00981 0.56138 ( 4)
  63 Y   0.00945 0.01115 0.96021 0.01919 ( 3)
  64 G   0.50460 0.01693 0.46211 0.01636 ( 1)
  65 L   0.03647 0.30178 0.28650 0.37524 ( 4)
  66 R   0.51724 0.00603 0.47103 0.00570 ( 1)
  67 M   0.47078 0.09237 0.33705 0.09981 ( 1)
  68 R   0.52216 0.00117 0.47555 0.00112 ( 1)
  69 Y   0.54738 0.00105 0.45055 0.00102 ( 1)
  70 A   0.57456 0.00125 0.42296 0.00123 ( 1)
  71 A   0.57416 0.00163 0.42261 0.00160 ( 1)
  72 N   0.58836 0.00209 0.40764 0.00192 ( 1)
  73 S   0.03837 0.30026 0.23940 0.42197 ( 4)
  74 A   0.06672 0.42540 0.04974 0.45814 ( 4)
  75 F   0.21757 0.22791 0.27015 0.28437 ( 4)
  76 T   0.40950 0.12285 0.34744 0.12020 ( 1)
  77 V   0.05545 0.26302 0.32304 0.35849 ( 4)
  78 S   0.06615 0.43520 0.06338 0.43527 ( 4)
  79 L   0.01547 0.02375 0.92650 0.03428 ( 3)
  80 S   0.00865 0.29452 0.13110 0.56573 ( 4)
  81 Y   0.18116 0.26795 0.22167 0.32923 ( 4)
  82 T   0.01630 0.40843 0.02207 0.55320 ( 4)
  83 L   0.10536 0.31937 0.14271 0.43257 ( 4)
  84 L   0.00005 0.42468 0.00007 0.57521 ( 4)
  85 -   0.33176 0.09296 0.44936 0.12591 ( 3)
  86 G   0.07414 0.42088 0.07366 0.43133 ( 4)
  87 Q   0.00000 0.36309 0.00053 0.63639 ( 4)
  88 T   0.37256 0.18168 0.25513 0.19062 ( 1)
  89 R   0.00000 0.42782 0.00000 0.57218 ( 4)
  90 G   0.38136 0.16683 0.28738 0.16443 ( 1)
  91 T   0.03021 0.42667 0.03580 0.50732 ( 4)
  92 S   0.51015 0.03659 0.41778 0.03548 ( 1)
  93 F   0.00402 0.32268 0.09244 0.58086 ( 4)
  94 V   0.00037 0.50790 0.00034 0.49140 ( 2)
  95 T   0.25931 0.20351 0.30011 0.23708 ( 3)
  96 E   0.56441 0.00104 0.43355 0.00100 ( 1)
  97 N   0.00001 0.33132 0.00019 0.66848 ( 4)
  98 T   0.45311 0.00482 0.53625 0.00582 ( 3)
  99 F   0.53521 0.00933 0.44638 0.00908 ( 1)
 100 S   0.22205 0.30281 0.18181 0.29333 ( 2)
 101 R   0.55337 0.02806 0.38917 0.02939 ( 1)
 102 S   0.00001 0.45196 0.00006 0.54797 ( 4)
 103 N   0.60154 0.00087 0.39668 0.00091 ( 1)
 104 N   0.53766 0.01666 0.42953 0.01615 ( 1)
 105 I   0.19727 0.22746 0.26719 0.30808 ( 4)
 106 I   0.39776 0.02697 0.53874 0.03653 ( 3)
 107 P   0.37409 0.05063 0.50669 0.06858 ( 3)
 108 T   0.43479 0.05048 0.45971 0.05502 ( 3)
 109 D   0.05475 0.00378 0.93694 0.00453 ( 3)
 110 L   0.45209 0.00632 0.53409 0.00750 ( 3)
 111 K   0.03080 0.09555 0.73116 0.14249 ( 3)
 112 Y   0.50762 0.04979 0.39590 0.04670 ( 1)
 113 E   0.14157 0.20896 0.32331 0.32616 ( 4)
 114 E   0.03841 0.10699 0.72666 0.12794 ( 3)
 115 F   0.56552 0.00067 0.43318 0.00063 ( 1)
 116 K   0.03480 0.00934 0.94361 0.01225 ( 3)
 117 Y   0.54738 0.00105 0.45055 0.00102 ( 1)
 118 K   0.49541 0.04764 0.40928 0.04767 ( 1)
 119 D   0.54348 0.01989 0.41744 0.01920 ( 1)
 120 Y   0.07693 0.24916 0.34120 0.33271 ( 3)
 121 L   0.00000 0.39339 0.00001 0.60660 ( 4)
 122 Q   0.02585 0.08180 0.78761 0.10475 ( 3)
 123 I   0.35339 0.01477 0.61331 0.01853 ( 3)
 124 I   0.10319 0.03507 0.81625 0.04549 ( 3)
 125 T   0.41553 0.02990 0.51692 0.03765 ( 3)
 126 M   0.02291 0.26790 0.37070 0.33849 ( 3)
 127 T   0.52943 0.05008 0.37657 0.04392 ( 1)
 128 L   0.00000 0.38200 0.00003 0.61797 ( 4)
 129 P   0.53013 0.00174 0.46640 0.00172 ( 1)
 130 -   0.06336 0.23717 0.38131 0.31817 ( 3)
 131 A   0.13521 0.38641 0.10410 0.37428 ( 2)
 132 N   0.34505 0.00673 0.64023 0.00798 ( 3)
 133 T   0.05033 0.25857 0.37172 0.31938 ( 3)
 134 I   0.00055 0.21243 0.35004 0.43697 ( 4)
 135 I   0.08546 0.18941 0.48581 0.23933 ( 3)
 136 T   0.58412 0.00712 0.40221 0.00655 ( 1)
 137 I   0.57330 0.00224 0.42203 0.00243 ( 1)
 138 S   0.00007 0.30840 0.04917 0.64236 ( 4)
 139 M   0.00356 0.41887 0.02673 0.55084 ( 4)
 140 Q   0.00000 0.35995 0.00334 0.63671 ( 4)
 141 Q   0.20275 0.18861 0.28188 0.32676 ( 4)
 142 A   0.00018 0.45018 0.00078 0.54886 ( 4)
 143 T   0.00005 0.38864 0.00197 0.60934 ( 4)
 144 G   0.00001 0.41256 0.00006 0.58738 ( 4)
 145 L   0.00000 0.45022 0.00001 0.54977 ( 4)
 146 L   0.00093 0.42379 0.00126 0.57401 ( 4)
 147 N   0.40624 0.01849 0.55024 0.02504 ( 3)
 148 N   0.00730 0.41742 0.00989 0.56538 ( 4)
 149 Q   0.36485 0.05988 0.49417 0.08110 ( 3)
 150 L   0.02094 0.03543 0.89525 0.04838 ( 3)
 151 I   0.58618 0.00178 0.41011 0.00193 ( 1)
 152 I   0.57394 0.00180 0.42230 0.00196 ( 1)
 153 D   0.46977 0.00486 0.51991 0.00545 ( 3)
 154 R   0.35677 0.04292 0.53326 0.06705 ( 3)
 155 I   0.44175 0.01980 0.51488 0.02358 ( 3)
 156 E   0.56459 0.00087 0.43370 0.00084 ( 1)
 157 F   0.43206 0.03177 0.49919 0.03698 ( 3)
 158 Y   0.26344 0.19557 0.30804 0.23295 ( 3)
 159 P   0.51566 0.00562 0.47124 0.00748 ( 1)


lnL = -2064.997294

Bayes Empirical Bayes (BEB) probabilities for 4 classes (class)
(amino acids refer to 1st sequence: BT_Cry30Aa1)

   1 -   0.24556 0.24313 0.25630 0.25501 ( 3)
   2 -   0.24556 0.24313 0.25630 0.25501 ( 3)
   3 R   0.47648 0.01290 0.49718 0.01344 ( 3)
   4 I   0.48607 0.00279 0.50824 0.00290 ( 3)
   5 T   0.48668 0.00279 0.50763 0.00290 ( 3)
   6 Q   0.48719 0.00192 0.50889 0.00200 ( 3)
   7 I   0.48735 0.00207 0.50842 0.00216 ( 3)
   8 P   0.48707 0.00210 0.50864 0.00219 ( 3)
   9 A   0.48767 0.00164 0.50899 0.00171 ( 3)
  10 V   0.48760 0.00171 0.50890 0.00178 ( 3)
  11 K   0.48757 0.00185 0.50864 0.00193 ( 3)
  12 A   0.48770 0.00170 0.50883 0.00177 ( 3)
  13 Y   0.00120 0.48750 0.00122 0.51008 ( 4)
  14 S   0.00270 0.48600 0.00275 0.50855 ( 4)
  15 L   0.13001 0.35906 0.13468 0.37625 ( 4)
  16 T   0.01277 0.47595 0.01319 0.49810 ( 4)
  17 S   0.10022 0.38891 0.10359 0.40728 ( 4)
  18 P   0.01279 0.47543 0.01355 0.49823 ( 4)
  19 -   0.08346 0.40433 0.08945 0.42275 ( 4)
  20 -   0.24556 0.24313 0.25630 0.25501 ( 3)
  21 A   0.31811 0.14395 0.39620 0.14174 ( 3)
  22 R   0.15754 0.33160 0.16315 0.34771 ( 4)
  23 V   0.12113 0.36722 0.12588 0.38577 ( 4)
  24 I   0.48654 0.00296 0.50742 0.00308 ( 3)
  25 V   0.00644 0.48199 0.00663 0.50493 ( 4)
  26 G   0.44960 0.03902 0.47069 0.04069 ( 3)
  27 P   0.48593 0.00324 0.50745 0.00337 ( 3)
  28 G   0.48597 0.00320 0.50751 0.00333 ( 3)
  29 H   0.31352 0.17532 0.32746 0.18370 ( 3)
  30 T   0.48619 0.00318 0.50732 0.00331 ( 3)
  31 G   0.48737 0.00180 0.50895 0.00188 ( 3)
  32 G   0.48731 0.00186 0.50890 0.00193 ( 3)
  33 D   0.48868 0.00081 0.50967 0.00084 ( 3)
  34 L   0.48351 0.00556 0.50514 0.00579 ( 3)
  35 V   0.30147 0.18484 0.32090 0.19278 ( 3)
  36 A   0.00465 0.48271 0.00833 0.50432 ( 4)
  37 L   0.48357 0.00550 0.50521 0.00572 ( 3)
  38 L   0.36351 0.12518 0.38029 0.13102 ( 3)
  39 N   0.34693 0.14176 0.36287 0.14844 ( 3)
  40 S   0.00034 0.48835 0.00034 0.51097 ( 4)
  41 G   0.00038 0.48831 0.00039 0.51093 ( 4)
  42 T   0.00864 0.48005 0.00887 0.50244 ( 4)
  43 Q   0.07740 0.41129 0.08017 0.43114 ( 4)
  44 S   0.00190 0.48679 0.00194 0.50937 ( 4)
  45 G   0.48817 0.00111 0.50957 0.00115 ( 3)
  46 T   0.00000 0.48813 0.00002 0.51184 ( 4)
  47 M   0.00130 0.48637 0.00254 0.50978 ( 4)
  48 Q   0.00035 0.48821 0.00034 0.51110 ( 4)
  49 I   0.42530 0.06416 0.44350 0.06704 ( 3)
  50 Q   0.00109 0.48765 0.00112 0.51014 ( 4)
  51 C   0.28041 0.20524 0.30025 0.21411 ( 3)
  52 K   0.13432 0.35437 0.13956 0.37174 ( 4)
  53 T   0.14649 0.33520 0.17180 0.34651 ( 4)
  54 G   0.00692 0.47740 0.01970 0.49597 ( 4)
  55 S   0.44995 0.03899 0.47036 0.04069 ( 3)
  56 F   0.02209 0.45898 0.04647 0.47246 ( 4)
  57 T   0.19652 0.28766 0.21673 0.29910 ( 4)
  58 G   0.00248 0.48617 0.00273 0.50862 ( 4)
  59 P   0.00844 0.48025 0.00867 0.50264 ( 4)
  60 S   0.42003 0.06916 0.43860 0.07220 ( 3)
  61 R   0.44720 0.04188 0.46724 0.04368 ( 3)
  62 Q   0.00097 0.48773 0.00101 0.51028 ( 4)
  63 Y   0.12616 0.32886 0.22502 0.31995 ( 2)
  64 G   0.46124 0.02788 0.48182 0.02906 ( 3)
  65 L   0.02143 0.46667 0.02411 0.48779 ( 4)
  66 R   0.48068 0.00845 0.50208 0.00880 ( 3)
  67 M   0.34669 0.14262 0.36132 0.14937 ( 3)
  68 R   0.48756 0.00157 0.50923 0.00164 ( 3)
  69 Y   0.48794 0.00132 0.50937 0.00137 ( 3)
  70 A   0.48794 0.00146 0.50909 0.00151 ( 3)
  71 A   0.48749 0.00191 0.50862 0.00198 ( 3)
  72 N   0.48663 0.00283 0.50759 0.00294 ( 3)
  73 S   0.02237 0.46592 0.02405 0.48766 ( 4)
  74 A   0.02820 0.46077 0.02893 0.48210 ( 4)
  75 F   0.14757 0.34120 0.15333 0.35789 ( 4)
  76 T   0.29277 0.19637 0.30516 0.20570 ( 3)
  77 V   0.04113 0.44700 0.04413 0.46775 ( 4)
  78 S   0.02401 0.46497 0.02461 0.48640 ( 4)
  79 L   0.10680 0.35936 0.17568 0.35816 ( 2)
  80 S   0.00529 0.48283 0.00592 0.50597 ( 4)
  81 Y   0.11232 0.37646 0.11648 0.39474 ( 4)
  82 T   0.00809 0.48060 0.00830 0.50301 ( 4)
  83 L   0.07076 0.41793 0.07326 0.43805 ( 4)
  84 L   0.00002 0.48867 0.00002 0.51129 ( 4)
  85 -   0.33731 0.15138 0.35275 0.15856 ( 3)
  86 G   0.03444 0.45453 0.03545 0.47558 ( 4)
  87 Q   0.00000 0.48837 0.00000 0.51163 ( 4)
  88 T   0.23805 0.25120 0.24734 0.26341 ( 4)
  89 R   0.00000 0.48869 0.00000 0.51131 ( 4)
  90 G   0.25058 0.23863 0.26069 0.25011 ( 3)
  91 T   0.01226 0.47655 0.01255 0.49864 ( 4)
  92 S   0.43393 0.05530 0.45305 0.05772 ( 3)
  93 F   0.00189 0.48638 0.00214 0.50960 ( 4)
  94 V   0.00010 0.48891 0.00010 0.51089 ( 4)
  95 T   0.17818 0.31066 0.18534 0.32582 ( 4)
  96 E   0.48810 0.00124 0.50936 0.00129 ( 3)
  97 N   0.00000 0.48826 0.00000 0.51173 ( 4)
  98 T   0.48156 0.00727 0.50359 0.00758 ( 3)
  99 F   0.47474 0.01450 0.49566 0.01510 ( 3)
 100 S   0.12337 0.36572 0.12774 0.38317 ( 4)
 101 R   0.44276 0.04669 0.46180 0.04876 ( 3)
 102 S   0.00000 0.48878 0.00000 0.51121 ( 4)
 103 N   0.48863 0.00093 0.50946 0.00097 ( 3)
 104 N   0.45977 0.02952 0.47994 0.03078 ( 3)
 105 I   0.15142 0.33727 0.15745 0.35386 ( 4)
 106 I   0.44142 0.04727 0.46195 0.04936 ( 3)
 107 P   0.40204 0.08665 0.42071 0.09060 ( 3)
 108 T   0.40357 0.08538 0.42183 0.08922 ( 3)
 109 D   0.40135 0.05647 0.48731 0.05488 ( 3)
 110 L   0.47877 0.01007 0.50067 0.01049 ( 3)
 111 K   0.05693 0.42929 0.06602 0.44776 ( 4)
 112 Y   0.41547 0.07382 0.43364 0.07708 ( 3)
 113 E   0.11644 0.37189 0.12145 0.39023 ( 4)
 114 E   0.05880 0.42488 0.07640 0.43991 ( 4)
 115 F   0.48854 0.00080 0.50983 0.00083 ( 3)
 116 K   0.29036 0.16935 0.37430 0.16599 ( 3)
 117 Y   0.48794 0.00132 0.50937 0.00137 ( 3)
 118 K   0.40506 0.08416 0.42283 0.08794 ( 3)
 119 D   0.46025 0.02907 0.48036 0.03031 ( 3)
 120 Y   0.05062 0.43756 0.05381 0.45800 ( 4)
 121 L   0.00000 0.48855 0.00000 0.51145 ( 4)
 122 Q   0.05155 0.43011 0.07494 0.44341 ( 4)
 123 I   0.45599 0.03198 0.47872 0.03330 ( 3)
 124 I   0.27935 0.20336 0.30703 0.21026 ( 3)
 125 T   0.43221 0.05657 0.45214 0.05908 ( 3)
 126 M   0.01415 0.47377 0.01711 0.49497 ( 4)
 127 T   0.40708 0.08232 0.42463 0.08597 ( 3)
 128 L   0.00000 0.48847 0.00000 0.51153 ( 4)
 129 P   0.48690 0.00228 0.50846 0.00237 ( 3)
 130 -   0.05877 0.42910 0.06326 0.44887 ( 4)
 131 A   0.06806 0.42101 0.07021 0.44072 ( 4)
 132 N   0.47251 0.01520 0.49650 0.01580 ( 3)
 133 T   0.03245 0.45558 0.03566 0.47630 ( 4)
 134 I   0.00038 0.48773 0.00062 0.51126 ( 4)
 135 I   0.08150 0.40582 0.08871 0.42398 ( 4)
 136 T   0.47929 0.01018 0.49993 0.01060 ( 3)
 137 I   0.48684 0.00258 0.50789 0.00269 ( 3)
 138 S   0.00003 0.48815 0.00004 0.51178 ( 4)
 139 M   0.00133 0.48735 0.00143 0.50988 ( 4)
 140 Q   0.00000 0.48837 0.00000 0.51163 ( 4)
 141 Q   0.15990 0.32861 0.16624 0.34526 ( 4)
 142 A   0.00006 0.48871 0.00006 0.51117 ( 4)
 143 T   0.00002 0.48846 0.00003 0.51150 ( 4)
 144 G   0.00000 0.48864 0.00000 0.51136 ( 4)
 145 L   0.00000 0.48877 0.00000 0.51123 ( 4)
 146 L   0.00043 0.48826 0.00043 0.51088 ( 4)
 147 N   0.45607 0.03262 0.47727 0.03404 ( 3)
 148 N   0.00351 0.48518 0.00359 0.50772 ( 4)
 149 Q   0.38729 0.10140 0.40525 0.10606 ( 3)
 150 L   0.09908 0.37453 0.14691 0.37949 ( 4)
 151 I   0.48749 0.00200 0.50842 0.00209 ( 3)
 152 I   0.48735 0.00207 0.50842 0.00216 ( 3)
 153 D   0.48166 0.00725 0.50354 0.00755 ( 3)
 154 R   0.40272 0.08613 0.42099 0.09017 ( 3)
 155 I   0.45911 0.02974 0.48013 0.03101 ( 3)
 156 E   0.48831 0.00103 0.50958 0.00107 ( 3)
 157 F   0.43225 0.05661 0.45204 0.05910 ( 3)
 158 Y   0.18369 0.30513 0.19112 0.32006 ( 4)
 159 P   0.48152 0.00762 0.50291 0.00795 ( 3)

