Supplemental results for CODEML (seqf: algn  treef: tree)


dN/dS (w) for site classes (K=4)

site class             0        1       2a       2b
proportion       0.31337  0.24046  0.25245  0.19372
background w     0.13604  0.78981  0.13604  0.78981
foreground w     0.13604  0.78981  0.13770  0.13770

Naive Empirical Bayes (NEB) probabilities for 4 classes
(amino acids refer to 1st sequence: BT_Cry18Aa1)

   1 -   0.55345 0.00044 0.44571 0.00040 ( 1)
   2 L   0.55365 0.00023 0.44592 0.00020 ( 1)
   3 Y   0.00010 0.54291 0.00008 0.45691 ( 2)
   4 V   0.55159 0.00222 0.44428 0.00192 ( 1)
   5 S   0.54531 0.00817 0.43919 0.00733 ( 1)
   6 T   0.54370 0.01001 0.43798 0.00831 ( 1)
   7 S   0.50666 0.04500 0.40806 0.04028 ( 1)
   8 A   0.55359 0.00030 0.44584 0.00027 ( 1)
   9 N   0.55390 0.00001 0.44608 0.00001 ( 1)
  10 L   0.55308 0.00077 0.44550 0.00065 ( 1)
  11 Y   0.55248 0.00135 0.44497 0.00120 ( 1)
  12 N   0.53377 0.01945 0.42993 0.01685 ( 1)
  13 I   0.28301 0.25556 0.22792 0.23351 ( 1)
  14 G   0.55304 0.00082 0.44541 0.00073 ( 1)
  15 D   0.53365 0.01911 0.42977 0.01746 ( 1)
  16 N   0.54549 0.00816 0.43938 0.00697 ( 1)
  17 K   0.01932 0.51958 0.01556 0.44554 ( 2)
  18 V   0.00044 0.54677 0.00035 0.45244 ( 2)
  19 N   0.18311 0.36629 0.14751 0.30310 ( 2)
  20 E   0.06356 0.48300 0.05120 0.40223 ( 2)
  21 G   0.51751 0.03550 0.41685 0.03014 ( 1)
  22 A   0.09636 0.44698 0.07762 0.37903 ( 2)
  23 Y   0.55383 0.00007 0.44603 0.00006 ( 1)
  24 P   0.53651 0.01646 0.43208 0.01495 ( 1)
  25 I   0.49411 0.05838 0.39801 0.04950 ( 1)
  26 S   0.30193 0.24600 0.24320 0.20887 ( 1)
  27 Y   0.10661 0.43893 0.08587 0.36859 ( 2)
  28 G   0.34359 0.20706 0.27677 0.17258 ( 1)
  29 P   0.54812 0.00559 0.44150 0.00479 ( 1)
  30 F   0.55387 0.00004 0.44606 0.00003 ( 1)
  31 F   0.55259 0.00124 0.44511 0.00106 ( 1)
  32 N   0.47003 0.08007 0.37856 0.07134 ( 1)
  33 S   0.55309 0.00077 0.44545 0.00069 ( 1)
  34 Y   0.55318 0.00068 0.44554 0.00060 ( 1)
  35 I   0.54875 0.00501 0.44203 0.00421 ( 1)
  36 Q   0.55250 0.00133 0.44504 0.00113 ( 1)
  37 T   0.55213 0.00168 0.44467 0.00152 ( 1)
  38 K   0.55386 0.00005 0.44605 0.00004 ( 1)
  39 S   0.42607 0.12486 0.34320 0.10588 ( 1)
  40 N   0.55390 0.00001 0.44608 0.00001 ( 1)
  41 Y   0.55385 0.00004 0.44607 0.00003 ( 1)
  42 V   0.43548 0.11692 0.35080 0.09679 ( 1)
  43 L   0.48273 0.06926 0.38883 0.05918 ( 1)
  44 S   0.39899 0.14601 0.32132 0.13368 ( 1)
  45 G   0.54078 0.01275 0.43559 0.01089 ( 1)
  46 V   0.05832 0.46897 0.04697 0.42575 ( 2)
  47 S   0.42451 0.12207 0.34188 0.11154 ( 1)
  48 G   0.55372 0.00016 0.44596 0.00015 ( 1)
  49 I   0.00015 0.52515 0.00012 0.47459 ( 2)
  50 G   0.22235 0.32483 0.17910 0.27372 ( 2)
  51 A   0.00000 0.52977 0.00000 0.47023 ( 2)
  52 R   0.00087 0.52643 0.00070 0.47200 ( 2)
  53 F   0.00000 0.52208 0.00000 0.47792 ( 2)
  54 T   0.00074 0.54490 0.00059 0.45377 ( 2)
  55 Y   0.53013 0.02328 0.42703 0.01957 ( 1)
  56 -   0.54153 0.01181 0.43615 0.01051 ( 1)
  57 -   0.03327 0.49066 0.02680 0.44927 ( 2)
  58 -   0.00430 0.52890 0.00346 0.46334 ( 2)
  59 S   0.04343 0.48509 0.03498 0.43650 ( 2)
  60 T   0.01965 0.50892 0.01583 0.45560 ( 2)
  61 V   0.09402 0.44772 0.07573 0.38253 ( 2)
  62 -   0.31337 0.24046 0.25245 0.19372 ( 1)
  63 -   0.31337 0.24046 0.25245 0.19372 ( 1)
  64 L   0.29835 0.24421 0.24029 0.21715 ( 1)
  65 G   0.55307 0.00079 0.44544 0.00071 ( 1)
  66 R   0.00000 0.52746 0.00000 0.47254 ( 2)
  67 Y   0.13404 0.39720 0.10795 0.36081 ( 2)
  68 L   0.41412 0.13497 0.33355 0.11735 ( 1)
  69 H   0.02795 0.49756 0.02251 0.45198 ( 2)
  70 D   0.07794 0.46899 0.06278 0.39029 ( 2)
  71 D   0.00001 0.53575 0.00001 0.46422 ( 2)
  72 L   0.52743 0.02598 0.42486 0.02173 ( 1)
  73 K   0.01279 0.51753 0.01030 0.45938 ( 2)
  74 N   0.00045 0.52486 0.00036 0.47433 ( 2)
  75 I   0.27682 0.26800 0.22296 0.23222 ( 1)
  76 I   0.20383 0.34298 0.16419 0.28901 ( 2)
  77 T   0.15764 0.37601 0.12696 0.33939 ( 2)
  78 T   0.55326 0.00062 0.44556 0.00056 ( 1)
  79 Y   0.55376 0.00009 0.44608 0.00007 ( 1)
  80 V   0.00842 0.51461 0.00678 0.47019 ( 2)
  81 G   0.55341 0.00045 0.44576 0.00038 ( 1)
  82 G   0.54364 0.00996 0.43790 0.00851 ( 1)
  83 T   0.18070 0.35324 0.14553 0.32053 ( 2)
  84 Q   0.03468 0.51395 0.02794 0.42342 ( 2)
  85 G   0.55152 0.00227 0.44418 0.00203 ( 1)
  86 P   0.53608 0.01697 0.43175 0.01519 ( 1)
  87 N   0.00000 0.52422 0.00000 0.47578 ( 2)
  88 I   0.54411 0.00941 0.43824 0.00824 ( 1)
  89 G   0.53912 0.01408 0.43420 0.01260 ( 1)
  90 V   0.00000 0.53575 0.00000 0.46424 ( 2)
  91 Q   0.24301 0.31082 0.19577 0.25040 ( 2)
  92 L   0.53199 0.02184 0.42857 0.01760 ( 1)
  93 S   0.46557 0.08826 0.37506 0.07111 ( 1)
  94 T   0.43350 0.12033 0.34923 0.09694 ( 1)
  95 T   0.39649 0.15734 0.31941 0.12676 ( 1)
  96 E   0.43691 0.11692 0.35198 0.09419 ( 1)
  97 L   0.36269 0.19114 0.29218 0.15398 ( 1)
  98 D   0.47829 0.07554 0.38532 0.06085 ( 1)
  99 E   0.05030 0.50353 0.04052 0.40565 ( 2)
 100 L   0.15162 0.40221 0.12214 0.32403 ( 2)
 101 K   0.31337 0.24046 0.25245 0.19372 ( 1)
 102 K   0.04442 0.50941 0.03578 0.41039 ( 2)
 103 Q   0.17552 0.37831 0.14140 0.30477 ( 2)
 104 Q   0.40481 0.14902 0.32612 0.12005 ( 1)
 105 Q   0.40481 0.14902 0.32612 0.12005 ( 1)
 106 A   0.47232 0.08151 0.38050 0.06566 ( 1)
 107 T   0.14130 0.41253 0.11383 0.33234 ( 2)
 108 R   0.03803 0.51580 0.03064 0.41553 ( 2)
 109 D   0.25635 0.29748 0.20652 0.23965 ( 2)
 110 S   0.00832 0.54551 0.00670 0.43947 ( 2)
 111 L   0.10975 0.44408 0.08842 0.35775 ( 2)
 112 V   0.00000 0.52767 0.00000 0.47232 ( 2)
 113 D   0.00027 0.54779 0.00021 0.45173 ( 2)
 114 F   0.00201 0.52226 0.00162 0.47412 ( 2)
 115 Q   0.00207 0.52007 0.00166 0.47620 ( 2)
 116 F   0.00019 0.54063 0.00015 0.45902 ( 2)
 117 F   0.37830 0.16550 0.30466 0.15154 ( 1)
 118 T   0.54177 0.01148 0.43632 0.01042 ( 1)
 119 L   0.04491 0.47970 0.03617 0.43922 ( 2)
 120 N   0.04082 0.48950 0.03288 0.43680 ( 2)
 121 C   0.00868 0.53429 0.00699 0.45003 ( 2)
 122 M   0.03471 0.50140 0.02796 0.43593 ( 2)
 123 L   0.00105 0.52320 0.00085 0.47490 ( 2)
 124 P   0.00104 0.54624 0.00083 0.45189 ( 2)
 125 N   0.17417 0.37507 0.14031 0.31045 ( 2)
 126 P   0.55254 0.00130 0.44506 0.00111 ( 1)
 127 I   0.33237 0.21777 0.26774 0.18211 ( 1)
 128 T   0.00012 0.53915 0.00010 0.46063 ( 2)
 129 A   0.46280 0.08987 0.37281 0.07452 ( 1)
 130 P   0.54650 0.00716 0.44020 0.00614 ( 1)
 131 Y   0.55307 0.00079 0.44542 0.00072 ( 1)
 132 F   0.53445 0.01846 0.43043 0.01666 ( 1)
 133 A   0.54930 0.00447 0.44247 0.00377 ( 1)
 134 T   0.54600 0.00746 0.43972 0.00682 ( 1)
 135 S   0.07412 0.47243 0.05971 0.39375 ( 2)
 136 L   0.52619 0.02713 0.42385 0.02283 ( 1)
 137 Y   0.53881 0.01429 0.43393 0.01297 ( 1)
 138 E   0.51065 0.04222 0.41133 0.03580 ( 1)
 139 S   0.23485 0.30392 0.18915 0.27208 ( 2)
 140 R   0.00003 0.54110 0.00002 0.45884 ( 2)
 141 -   0.54994 0.00375 0.44290 0.00341 ( 1)
 142 -   0.12663 0.42392 0.10201 0.34743 ( 2)
 143 -   0.07177 0.47344 0.05781 0.39698 ( 2)
 144 Y   0.00533 0.54140 0.00430 0.44897 ( 2)
 145 S   0.00967 0.51641 0.00779 0.46613 ( 2)
 146 S   0.00129 0.54481 0.00104 0.45286 ( 2)
 147 I   0.00368 0.86636 0.00300 0.12697 ( 2)
 148 G   0.00000 0.52559 0.00000 0.47441 ( 2)
 149 G   0.01184 0.52349 0.00953 0.45514 ( 2)
 150 Y   0.54304 0.01025 0.43733 0.00938 ( 1)
 151 L   0.07603 0.47054 0.06125 0.39218 ( 2)
 152 R   0.00077 0.54007 0.00062 0.45854 ( 2)
 153 K   0.35133 0.19562 0.28298 0.17007 ( 1)
 154 D   0.40663 0.14216 0.32752 0.12368 ( 1)
 155 V   0.00441 0.54217 0.00355 0.44986 ( 2)
 156 F   0.55389 0.00002 0.44608 0.00001 ( 1)
 157 K   0.00005 0.54387 0.00004 0.45604 ( 2)
 158 S   0.41625 0.13292 0.33527 0.11556 ( 1)
 159 E   0.51522 0.03660 0.41494 0.03325 ( 1)
 160 D   0.00417 0.53520 0.00336 0.45727 ( 2)
 161 S   0.35965 0.19201 0.28971 0.15863 ( 1)
 162 T   0.07996 0.46141 0.06441 0.39422 ( 2)
 163 C   0.04941 0.49428 0.03980 0.41650 ( 2)
 164 G   0.02555 0.49920 0.02058 0.45466 ( 2)
 165 L   0.49910 0.05220 0.40197 0.04673 ( 1)
 166 G   0.40570 0.14055 0.32674 0.12702 ( 1)
 167 -   0.44472 0.10912 0.35827 0.08790 ( 1)
 168 -   0.24278 0.31105 0.19559 0.25058 ( 2)
 169 -   0.31337 0.24046 0.25245 0.19372 ( 1)
 170 -   0.31337 0.24046 0.25245 0.19372 ( 1)
 171 -   0.31337 0.24046 0.25245 0.19372 ( 1)
 172 -   0.31337 0.24046 0.25245 0.19372 ( 1)
 173 -   0.53740 0.01562 0.43280 0.01418 ( 1)
 174 -   0.00014 0.53479 0.00011 0.46496 ( 2)
 175 N   0.01595 0.51018 0.01285 0.46103 ( 2)
 176 P   0.09859 0.45035 0.07942 0.37164 ( 2)
 177 G   0.37738 0.16815 0.30394 0.15053 ( 1)
 178 A   0.50495 0.07204 0.41165 0.01136 ( 1)
 179 W   0.01068 0.53069 0.00860 0.45002 ( 2)
 180 T   0.54874 0.00501 0.44202 0.00423 ( 1)
 181 S   0.54266 0.01073 0.43706 0.00956 ( 1)
 182 Y   0.47876 0.07367 0.38565 0.06192 ( 1)
 183 P   0.55124 0.00256 0.44401 0.00220 ( 1)
 184 D   0.55383 0.00008 0.44603 0.00007 ( 1)
 185 Y   0.55385 0.00004 0.44607 0.00003 ( 1)
 186 Y   0.55277 0.00108 0.44518 0.00098 ( 1)
 187 I   0.55331 0.00054 0.44570 0.00045 ( 1)
 188 T   0.53684 0.01638 0.43238 0.01441 ( 1)
 189 N   0.55390 0.00001 0.44608 0.00001 ( 1)
 190 I   0.55388 0.00002 0.44607 0.00002 ( 1)
 191 S   0.55382 0.00007 0.44604 0.00006 ( 1)
 192 A   0.54733 0.00641 0.44089 0.00537 ( 1)
 193 T   0.55153 0.00225 0.44419 0.00203 ( 1)
 194 V   0.33849 0.20585 0.27262 0.18304 ( 1)
 195 Q   0.11428 0.42799 0.09205 0.36567 ( 2)
 196 I   0.00117 0.52448 0.00094 0.47341 ( 2)
 197 N   0.01311 0.82955 0.01069 0.14665 ( 2)
 198 G   0.09841 0.43953 0.07926 0.38280 ( 2)
 199 E   0.05306 0.48822 0.04273 0.41599 ( 2)
 200 N   0.30681 0.23854 0.24712 0.20753 ( 1)
 201 T   0.54349 0.00986 0.43770 0.00895 ( 1)
 202 D   0.52876 0.02458 0.42592 0.02073 ( 1)
 203 T   0.00131 0.86591 0.00107 0.13171 ( 2)
 204 T   0.49334 0.05842 0.39736 0.05088 ( 1)
 205 P   0.54711 0.00667 0.44073 0.00550 ( 1)
 206 L   0.55270 0.00114 0.44519 0.00097 ( 1)
 207 Y   0.16526 0.38294 0.13312 0.31868 ( 2)
 208 F   0.55209 0.00172 0.44465 0.00153 ( 1)
 209 K   0.53545 0.01783 0.43128 0.01543 ( 1)
 210 E   0.52890 0.03465 0.43123 0.00522 ( 1)
 211 N   0.28016 0.26342 0.22565 0.23077 ( 1)
 212 R   0.55370 0.00018 0.44597 0.00015 ( 1)
 213 P   0.46798 0.08098 0.37689 0.07415 ( 1)
 214 I   0.55119 0.00259 0.44395 0.00227 ( 1)
 215 -   0.31337 0.24046 0.25245 0.19372 ( 1)
 216 -   0.31337 0.24046 0.25245 0.19372 ( 1)
 217 -   0.31337 0.24046 0.25245 0.19372 ( 1)
 218 T   0.00069 0.54562 0.00056 0.45313 ( 2)
 219 S   0.05939 0.76750 0.04842 0.12469 ( 2)
 220 T   0.54352 0.00992 0.43775 0.00882 ( 1)
 221 R   0.00162 0.54316 0.00130 0.45392 ( 2)
 222 -   0.34899 0.19948 0.28111 0.17042 ( 1)
 223 -   0.52969 0.02336 0.42664 0.02031 ( 1)
 224 -   0.21781 0.32118 0.17542 0.28559 ( 2)
 225 -   0.23283 0.30584 0.18752 0.27380 ( 2)
 226 -   0.10426 0.43776 0.08398 0.37399 ( 2)
 227 G   0.00009 0.53573 0.00008 0.46410 ( 2)
 228 V   0.46316 0.08971 0.37310 0.07403 ( 1)
 229 N   0.52951 0.02358 0.42650 0.02042 ( 1)
 230 K   0.12830 0.40634 0.10333 0.36203 ( 2)
 231 V   0.02850 0.82534 0.02324 0.12292 ( 2)
 232 I   0.55112 0.00267 0.44390 0.00231 ( 1)
 233 A   0.53705 0.01604 0.43253 0.01439 ( 1)
 234 -   0.48686 0.06617 0.39219 0.05478 ( 1)
 235 -   0.55271 0.00113 0.44515 0.00101 ( 1)
 236 -   0.55261 0.00122 0.44514 0.00103 ( 1)
 237 -   0.53383 0.01935 0.42997 0.01685 ( 1)


lnL = -5889.616077

