Supplemental results for CODEML (seqf: algn  treef: tree)


dN/dS (w) for site classes (K=4)

site class             0        1       2a       2b
proportion       0.46494  0.40885  0.06716  0.05906
background w     0.11673  0.80839  0.11673  0.80839
foreground w     0.11673  0.80839 999.00000 999.00000

Naive Empirical Bayes (NEB) probabilities for 4 classes
(amino acids refer to 1st sequence: BT_Cry52Ca1)

   1 Q   0.79694 0.07684 0.11512 0.01110 ( 1)
   2 V   0.70284 0.17094 0.10152 0.02469 ( 1)
   3 K   0.03047 0.92209 0.00144 0.04600 ( 2)
   4 S   0.13634 0.82340 0.00562 0.03464 ( 2)
   5 E   0.96086 0.00630 0.03261 0.00022 ( 1)
   6 L   0.92956 0.01819 0.05124 0.00101 ( 1)
   7 T   0.94978 0.01208 0.03765 0.00050 ( 1)
   8 R   0.96443 0.00286 0.03262 0.00010 ( 1)
   9 E   0.33206 0.62742 0.01371 0.02680 ( 2)
  10 I   0.96933 0.00496 0.02557 0.00014 ( 1)
  11 Y   0.75532 0.21229 0.02502 0.00737 ( 1)
  12 S   0.91562 0.04617 0.03629 0.00191 ( 1)
  13 D   0.97565 0.00244 0.02185 0.00006 ( 1)
  14 V   0.74988 0.20319 0.03689 0.01005 ( 1)
  15 V   0.53418 0.43253 0.01826 0.01503 ( 1)
  16 N   0.95789 0.01522 0.02646 0.00043 ( 1)
  17 -   0.22710 0.68143 0.02284 0.06863 ( 2)
  18 -   0.09879 0.65812 0.03331 0.20978 ( 2)
  19 -   0.83041 0.08808 0.07369 0.00782 ( 1)
  20 -   0.02379 0.22254 0.61724 0.13643 ( 3)
  21 -   0.79945 0.12911 0.06149 0.00995 ( 1)
  22 -   0.32167 0.65152 0.00837 0.01844 ( 2)
  23 -   0.02758 0.94723 0.00067 0.02453 ( 2)
  24 -   0.80836 0.15804 0.02797 0.00563 ( 1)
  25 -   0.83397 0.14134 0.02102 0.00366 ( 1)
  26 A   0.66037 0.24373 0.07003 0.02586 ( 1)
  27 D   0.38283 0.57733 0.01550 0.02434 ( 2)
  28 V   0.00222 0.96298 0.00008 0.03472 ( 2)
  29 F   0.88349 0.08510 0.02851 0.00290 ( 1)
  30 G   0.00692 0.22321 0.49274 0.27714 ( 3)
  31 T   0.11481 0.85241 0.00374 0.02904 ( 2)
  32 I   0.89642 0.06456 0.03634 0.00268 ( 1)
  33 Y   0.77939 0.09439 0.11258 0.01363 ( 1)
  34 T   0.00048 0.96532 0.00002 0.03418 ( 2)
  35 D   0.00220 0.95000 0.00011 0.04770 ( 2)
  36 N   0.82666 0.14688 0.02235 0.00412 ( 1)
  37 N   0.01409 0.92572 0.00090 0.05930 ( 2)
  38 R   0.09817 0.84191 0.00623 0.05370 ( 2)
  39 N   0.92883 0.03743 0.03236 0.00137 ( 1)
  40 E   0.93753 0.00465 0.05754 0.00029 ( 1)
  41 E   0.91336 0.06573 0.01943 0.00148 ( 1)
  42 L   0.03988 0.92667 0.00135 0.03209 ( 2)
  43 Y   0.73527 0.17594 0.07158 0.01722 ( 1)
  44 T   0.64895 0.31187 0.02627 0.01290 ( 1)
  45 R   0.55139 0.38300 0.03872 0.02688 ( 1)
  46 P   0.09106 0.86816 0.00381 0.03697 ( 2)
  47 P   0.89173 0.01239 0.09457 0.00131 ( 1)
  48 H   0.01520 0.92502 0.00095 0.05883 ( 2)
  49 L   0.93786 0.00993 0.05166 0.00055 ( 1)
  50 F   0.90649 0.01873 0.07326 0.00152 ( 1)
  51 T   0.00608 0.06094 0.71912 0.21386 ( 3)
  52 W   0.89223 0.02501 0.08050 0.00226 ( 1)
  53 L   0.82730 0.09226 0.07234 0.00810 ( 1)
  54 R   0.87986 0.09233 0.02495 0.00285 ( 1)
  55 G   0.04853 0.30509 0.41281 0.23357 ( 3)
  56 F   0.80865 0.15821 0.02767 0.00547 ( 1)
  57 R   0.01682 0.61256 0.03757 0.33305 ( 2)
  58 F   0.93008 0.02401 0.04467 0.00125 ( 1)
  59 V   0.00415 0.96226 0.00014 0.03346 ( 2)
  60 T   0.23075 0.72936 0.00933 0.03056 ( 2)
  61 N   0.62032 0.34660 0.02091 0.01216 ( 1)
  62 S   0.00000 0.09857 0.00144 0.89999 ( 4)
  63 I   0.45652 0.45205 0.04590 0.04553 ( 1)
  64 S   0.00016 0.51791 0.00208 0.47984 ( 2)
  65 S   0.01994 0.88821 0.00201 0.08984 ( 2)
  66 G   0.50099 0.46624 0.01666 0.01611 ( 1)
  67 S   0.00887 0.89842 0.00091 0.09180 ( 2)
  68 R   0.00000 0.02528 0.00456 0.97016 ( 4)
  69 T   0.12690 0.83967 0.00422 0.02920 ( 2)
  70 W   0.17124 0.79860 0.00496 0.02519 ( 2)
  71 T   0.78366 0.14037 0.06440 0.01157 ( 1)
  72 F   0.01432 0.04140 0.87186 0.07243 ( 3)
  73 L   0.75521 0.16203 0.06814 0.01463 ( 1)
  74 A   0.90249 0.06979 0.02559 0.00213 ( 1)
  75 G   0.94901 0.00621 0.04448 0.00029 ( 1)
  76 N   0.37287 0.56161 0.02602 0.03950 ( 2)
  77 Q   0.15654 0.55935 0.07872 0.20540 ( 2)
  78 N   0.83300 0.08827 0.07117 0.00756 ( 1)
  79 K   0.13266 0.83923 0.00361 0.02449 ( 2)
  80 Y   0.06635 0.12056 0.76364 0.04945 ( 3)
  81 S   0.11779 0.80130 0.01036 0.07055 ( 2)
  82 Y   0.02827 0.38940 0.22201 0.36033 ( 2)
  83 T   0.96349 0.00892 0.02732 0.00028 ( 1)
  84 R   0.00450 0.83583 0.00108 0.15859 ( 2)
  85 D   0.03951 0.93625 0.00089 0.02334 ( 2)
  86 N   0.20356 0.67022 0.02940 0.09681 ( 2)
  87 R   0.16076 0.71303 0.02322 0.10300 ( 2)
  88 I   0.58455 0.28923 0.08444 0.04178 ( 1)
  89 I   0.58455 0.28923 0.08444 0.04178 ( 1)
  90 Y   0.02827 0.84551 0.00408 0.12213 ( 2)
  91 G   0.53379 0.33999 0.07711 0.04911 ( 1)
  92 P   0.55502 0.31877 0.08017 0.04605 ( 1)
  93 F   0.14226 0.82987 0.00393 0.02394 ( 2)
  94 Y   0.00892 0.70550 0.00367 0.28191 ( 2)
  95 G   0.17846 0.79772 0.00409 0.01973 ( 2)
  96 Q   0.00677 0.96254 0.00020 0.03049 ( 2)
  97 D   0.20145 0.75803 0.00842 0.03209 ( 2)
  98 T   0.71531 0.25237 0.02359 0.00874 ( 1)
  99 N   0.70960 0.26736 0.01635 0.00669 ( 1)
 100 Y   0.90251 0.00625 0.09062 0.00063 ( 1)
 101 G   0.94901 0.00621 0.04448 0.00029 ( 1)
 102 G   0.12284 0.85520 0.00261 0.01935 ( 2)
 103 T   0.90156 0.06730 0.02888 0.00225 ( 1)
 104 S   0.89403 0.01665 0.08769 0.00164 ( 1)
 105 S   0.67605 0.29687 0.01867 0.00840 ( 1)
 106 D   0.20764 0.66615 0.02999 0.09622 ( 2)
 107 T   0.17327 0.70052 0.02503 0.10119 ( 2)
 108 D   0.59596 0.27782 0.08609 0.04013 ( 1)
 109 F   0.18046 0.69332 0.02607 0.10015 ( 2)
 110 A   0.64329 0.32521 0.02061 0.01090 ( 1)
 111 E   0.00393 0.93755 0.00024 0.05827 ( 2)
 112 D   0.00003 0.43213 0.00066 0.56718 ( 4)
 113 S   0.04855 0.89979 0.00263 0.04903 ( 2)
 114 Y   0.00090 0.97466 0.00002 0.02442 ( 2)
 115 V   0.39477 0.51568 0.03880 0.05075 ( 2)
 116 Y   0.96467 0.00903 0.02605 0.00026 ( 1)
 117 N   0.90450 0.03038 0.06299 0.00212 ( 1)
 118 L   0.95217 0.01510 0.03222 0.00052 ( 1)
 119 W   0.08536 0.88076 0.00289 0.03099 ( 2)
 120 T   0.05461 0.85358 0.00551 0.08630 ( 2)
 121 K   0.95308 0.02258 0.02371 0.00063 ( 1)
 122 N   0.97077 0.00731 0.02174 0.00018 ( 1)
 123 Y   0.45561 0.50505 0.01845 0.02089 ( 2)
 124 E   0.89560 0.07301 0.02890 0.00249 ( 1)
 125 F   0.01726 0.91711 0.00121 0.06442 ( 2)
 126 -   0.04328 0.61482 0.01851 0.32338 ( 2)
 127 -   0.05609 0.89172 0.00308 0.04912 ( 2)
 128 -   0.26605 0.71179 0.00577 0.01640 ( 2)
 129 -   0.11131 0.86037 0.00308 0.02524 ( 2)
 130 -   0.35031 0.40727 0.12549 0.11693 ( 2)
 131 -   0.01240 0.44161 0.11450 0.43150 ( 2)
 132 -   0.12703 0.78340 0.01248 0.07710 ( 2)
 133 -   0.45196 0.51534 0.01485 0.01784 ( 2)
 134 -   0.47453 0.15241 0.28995 0.08311 ( 1)
 135 -   0.54205 0.42544 0.01800 0.01450 ( 1)
 136 I   0.84790 0.11355 0.03381 0.00474 ( 1)
 137 S   0.01638 0.11785 0.49750 0.36826 ( 3)
 138 P   0.47292 0.49912 0.01344 0.01452 ( 2)
 139 Y   0.01083 0.44102 0.03043 0.51773 ( 4)
 140 T   0.77067 0.20460 0.01943 0.00530 ( 1)
 141 D   0.01782 0.95439 0.00048 0.02731 ( 2)
 142 P   0.41134 0.50697 0.03657 0.04513 ( 2)
 143 V   0.92685 0.04630 0.02552 0.00134 ( 1)
 144 N   0.91833 0.04963 0.03038 0.00166 ( 1)
 145 I   0.00009 0.91880 0.00001 0.08110 ( 2)
 146 T   0.26304 0.70934 0.00724 0.02038 ( 2)
 147 K   0.08134 0.65927 0.02377 0.23562 ( 2)
 148 I   0.88691 0.06085 0.04885 0.00338 ( 1)
 149 N   0.59937 0.27442 0.08658 0.03964 ( 1)
 150 F   0.00684 0.00591 0.96534 0.02191 ( 3)
 151 S   0.00224 0.91471 0.00020 0.08284 ( 2)
 152 V   0.91138 0.06277 0.02404 0.00181 ( 1)
 153 T   0.83816 0.13319 0.02445 0.00419 ( 1)
 154 N   0.00687 0.95930 0.00023 0.03360 ( 2)
 155 N   0.29457 0.67238 0.00980 0.02325 ( 2)
 156 N   0.97092 0.00536 0.02357 0.00015 ( 1)
 157 S   0.00000 0.03174 0.01112 0.95714 ( 4)
 158 S   0.87549 0.05942 0.06094 0.00415 ( 1)
 159 K   0.00015 0.64890 0.00051 0.35044 ( 2)
 160 D   0.49875 0.23307 0.17604 0.09214 ( 1)
 161 E   0.00639 0.94144 0.00035 0.05182 ( 2)
 162 T   0.00050 0.97059 0.00001 0.02889 ( 2)
 163 Y   0.96064 0.01305 0.02594 0.00037 ( 1)
 164 G   0.17764 0.79501 0.00459 0.02276 ( 2)
 165 G   0.05357 0.91303 0.00177 0.03163 ( 2)
 166 E   0.00021 0.92085 0.00002 0.07892 ( 2)
 167 R   0.02688 0.26065 0.55730 0.15517 ( 3)
 168 N   0.94906 0.02714 0.02304 0.00075 ( 1)
 169 L   0.50844 0.45639 0.01845 0.01671 ( 1)
 170 P   0.64291 0.32906 0.01834 0.00969 ( 1)
 171 T   0.84158 0.03220 0.12157 0.00465 ( 1)
 172 V   0.33362 0.63335 0.01111 0.02192 ( 2)
 173 Q   0.05115 0.85730 0.00515 0.08640 ( 2)
 174 T   0.00345 0.97427 0.00007 0.02220 ( 2)
 175 N   0.00001 0.02777 0.04453 0.92769 ( 4)
 176 F   0.00527 0.96055 0.00018 0.03400 ( 2)
 177 D   0.03999 0.89899 0.00259 0.05843 ( 2)
 178 F   0.02781 0.01706 0.94072 0.01442 ( 3)
 179 L   0.29496 0.67340 0.00858 0.02305 ( 2)
 180 T   0.61802 0.33056 0.03344 0.01798 ( 1)
 181 N   0.27321 0.32896 0.21218 0.18565 ( 2)
 182 K   0.45974 0.50625 0.01592 0.01810 ( 2)
 183 V   0.53813 0.40946 0.02964 0.02276 ( 1)
 184 G   0.44276 0.51025 0.02178 0.02521 ( 2)
 185 -   0.92522 0.04105 0.03224 0.00150 ( 1)
 186 -   0.73790 0.22902 0.02503 0.00805 ( 1)
 187 -   0.14105 0.78607 0.01108 0.06180 ( 2)
 188 N   0.00636 0.92040 0.00050 0.07274 ( 2)
 189 G   0.07793 0.84103 0.00687 0.07418 ( 2)
 190 S   0.00608 0.94638 0.00030 0.04724 ( 2)
 191 P   0.96490 0.00308 0.03192 0.00010 ( 1)
 192 T   0.87825 0.08874 0.02993 0.00307 ( 1)
 193 Y   0.93596 0.03719 0.02577 0.00108 ( 1)
 194 N   0.88794 0.06726 0.04162 0.00318 ( 1)
 195 N   0.97327 0.00482 0.02180 0.00012 ( 1)
 196 -   0.41942 0.54557 0.01482 0.02019 ( 2)
 197 -   0.84213 0.10006 0.05166 0.00616 ( 1)
 198 -   0.93158 0.03558 0.03160 0.00125 ( 1)
 199 Y   0.90032 0.00844 0.09040 0.00085 ( 1)
 200 N   0.94851 0.03107 0.01973 0.00069 ( 1)
 201 H   0.97462 0.00124 0.02411 0.00003 ( 1)
 202 I   0.83383 0.10545 0.05389 0.00683 ( 1)
 203 L   0.93786 0.00993 0.05166 0.00055 ( 1)
 204 S   0.93184 0.04772 0.01938 0.00106 ( 1)
 205 Y   0.47915 0.44094 0.04159 0.03831 ( 1)
 206 M   0.92134 0.05179 0.02537 0.00150 ( 1)
 207 L   0.85831 0.08320 0.05327 0.00523 ( 1)
 208 T   0.83948 0.10269 0.05151 0.00632 ( 1)
 209 N   0.88356 0.07690 0.03631 0.00323 ( 1)
 210 G   0.01949 0.95208 0.00053 0.02790 ( 2)
 211 T   0.17186 0.79501 0.00561 0.02752 ( 2)
 212 F   0.00642 0.96897 0.00015 0.02447 ( 2)
 213 S   0.00342 0.96253 0.00011 0.03393 ( 2)
 214 Q   0.82125 0.11712 0.05030 0.01133 ( 1)
 215 K   0.29813 0.66701 0.01068 0.02419 ( 2)
 216 -   0.46494 0.40885 0.06716 0.05906 ( 1)
 217 -   0.46494 0.40885 0.06716 0.05906 ( 1)
 218 -   0.46494 0.40885 0.06716 0.05906 ( 1)
 219 -   0.46494 0.40885 0.06716 0.05906 ( 1)
 220 -   0.46494 0.40885 0.06716 0.05906 ( 1)
 221 -   0.46494 0.40885 0.06716 0.05906 ( 1)
 222 -   0.46494 0.40885 0.06716 0.05906 ( 1)
 223 -   0.46494 0.40885 0.06716 0.05906 ( 1)
 224 R   0.92917 0.02605 0.04355 0.00123 ( 1)
 225 H   0.05818 0.86113 0.00510 0.07560 ( 2)
 226 G   0.93873 0.03548 0.02476 0.00102 ( 1)
 227 Y   0.84704 0.12088 0.02802 0.00405 ( 1)
 228 T   0.82524 0.13576 0.03341 0.00558 ( 1)
 229 F   0.91942 0.02836 0.05064 0.00158 ( 1)
 230 A   0.69754 0.27540 0.01928 0.00778 ( 1)
 231 F   0.54622 0.37101 0.04928 0.03349 ( 1)
 232 T   0.94857 0.01328 0.03760 0.00055 ( 1)
 233 H   0.97462 0.00124 0.02411 0.00003 ( 1)
 234 S   0.36754 0.59304 0.01488 0.02453 ( 2)
 235 S   0.97295 0.00665 0.02026 0.00015 ( 1)


lnL = -3456.622921

