Supplemental results for CODEML (seqf: algn  treef: tree)


dN/dS (w) for site classes (K=4)

site class             0        1       2a       2b
proportion       0.66890  0.29260  0.02679  0.01172
background w     0.06055  0.68247  0.06055  0.68247
foreground w     0.06055  0.68247 999.00000 999.00000

Naive Empirical Bayes (NEB) probabilities for 4 classes
(amino acids refer to 1st sequence: BT_Cry2Aa13)

   1 -   0.66890 0.29260 0.02679 0.01172 ( 1)
   2 L   0.63129 0.35335 0.00985 0.00551 ( 1)
   3 V   0.00695 0.97867 0.00010 0.01428 ( 2)
   4 G   0.94073 0.04066 0.01785 0.00077 ( 1)
   5 K   0.97020 0.01584 0.01374 0.00022 ( 1)
   6 R   0.89665 0.07809 0.02324 0.00202 ( 1)
   7 I   0.97772 0.01006 0.01209 0.00012 ( 1)
   8 L   0.87274 0.09642 0.02777 0.00307 ( 1)
   9 S   0.96898 0.01698 0.01380 0.00024 ( 1)
  10 E   0.90927 0.06636 0.02271 0.00166 ( 1)
  11 L   0.93076 0.04928 0.01895 0.00100 ( 1)
  12 R   0.00032 0.97210 0.00001 0.02758 ( 2)
  13 N   0.03335 0.95448 0.00041 0.01176 ( 2)
  14 L   0.14286 0.83718 0.00291 0.01706 ( 2)
  15 I   0.97488 0.01150 0.01346 0.00016 ( 1)
  16 F   0.97524 0.01201 0.01259 0.00016 ( 1)
  17 P   0.94706 0.03517 0.01713 0.00064 ( 1)
  18 S   0.00405 0.00080 0.97799 0.01715 ( 3)
  19 G   0.94183 0.04032 0.01712 0.00073 ( 1)
  20 S   0.79862 0.18734 0.01137 0.00267 ( 1)
  21 T   0.82090 0.16688 0.01015 0.00207 ( 1)
  22 N   0.35509 0.63206 0.00462 0.00823 ( 2)
  23 L   0.57375 0.40629 0.01168 0.00828 ( 1)
  24 M   0.97116 0.01528 0.01336 0.00021 ( 1)
  25 Q   0.63034 0.35019 0.01251 0.00695 ( 1)
  26 D   0.83146 0.14417 0.02077 0.00360 ( 1)
  27 I   0.97185 0.01453 0.01342 0.00020 ( 1)
  28 L   0.93076 0.04928 0.01895 0.00100 ( 1)
  29 -   0.66890 0.29260 0.02679 0.01172 ( 1)
  30 R   0.94752 0.03702 0.01488 0.00058 ( 1)
  31 E   0.00561 0.96662 0.00016 0.02761 ( 2)
  32 T   0.77554 0.21009 0.01131 0.00307 ( 1)
  33 E   0.81034 0.17499 0.01206 0.00261 ( 1)
  34 K   0.02049 0.96004 0.00041 0.01907 ( 2)
  35 F   0.06107 0.91360 0.00159 0.02374 ( 2)
  36 L   0.00644 0.98134 0.00008 0.01215 ( 2)
  37 N   0.85683 0.13101 0.01054 0.00161 ( 1)
  38 Q   0.63284 0.34770 0.01256 0.00691 ( 1)
  39 R   0.00276 0.97197 0.00007 0.02519 ( 2)
  40 L   0.94465 0.03999 0.01473 0.00062 ( 1)
  41 N   0.26929 0.71854 0.00331 0.00885 ( 2)
  42 T   0.02128 0.96262 0.00035 0.01575 ( 2)
  43 D   0.01598 0.95790 0.00043 0.02568 ( 2)
  44 T   0.09798 0.87141 0.00309 0.02752 ( 2)
  45 L   0.01067 0.97397 0.00017 0.01520 ( 2)
  46 A   0.00000 0.98214 0.00000 0.01786 ( 2)
  47 R   0.10841 0.87231 0.00213 0.01716 ( 2)
  48 V   0.12128 0.86469 0.00173 0.01231 ( 2)
  49 N   0.00354 0.98430 0.00004 0.01212 ( 2)
  50 A   0.10908 0.87482 0.00178 0.01431 ( 2)
  51 E   0.03570 0.94963 0.00053 0.01414 ( 2)
  52 L   0.38139 0.59230 0.01030 0.01601 ( 2)
  53 T   0.00000 0.98390 0.00000 0.01610 ( 2)
  54 G   0.86099 0.12116 0.01565 0.00220 ( 1)
  55 L   0.89052 0.09413 0.01389 0.00147 ( 1)
  56 Q   0.62519 0.35534 0.01241 0.00706 ( 1)
  57 A   0.93369 0.03854 0.02667 0.00110 ( 1)
  58 N   0.88155 0.10629 0.01085 0.00131 ( 1)
  59 V   0.80924 0.16457 0.02176 0.00443 ( 1)
  60 E   0.00012 0.98378 0.00000 0.01609 ( 2)
  61 E   0.90460 0.07103 0.02259 0.00177 ( 1)
  62 F   0.97524 0.01201 0.01259 0.00016 ( 1)
  63 N   0.97757 0.01027 0.01203 0.00013 ( 1)
  64 R   0.08010 0.89607 0.00195 0.02188 ( 2)
  65 Q   0.93438 0.04615 0.01855 0.00092 ( 1)
  66 V   0.96328 0.02269 0.01371 0.00032 ( 1)
  67 D   0.96879 0.01837 0.01260 0.00024 ( 1)
  68 N   0.97757 0.01027 0.01203 0.00013 ( 1)
  69 F   0.85879 0.12847 0.01108 0.00166 ( 1)
  70 L   0.90385 0.07619 0.01841 0.00155 ( 1)
  71 N   0.89779 0.07785 0.02241 0.00194 ( 1)
  72 P   0.94727 0.03497 0.01713 0.00063 ( 1)
  73 N   0.70472 0.28312 0.00867 0.00349 ( 1)
  74 R   0.09285 0.88768 0.00184 0.01763 ( 2)
  75 N   0.46683 0.50880 0.01166 0.01271 ( 2)
  76 A   0.17067 0.81156 0.00309 0.01468 ( 2)
  77 V   0.24980 0.73582 0.00364 0.01074 ( 2)
  78 P   0.94706 0.03517 0.01713 0.00064 ( 1)
  79 L   0.93076 0.04928 0.01895 0.00100 ( 1)
  80 S   0.65774 0.32617 0.01075 0.00534 ( 1)
  81 I   0.97772 0.01006 0.01209 0.00012 ( 1)
  82 T   0.79505 0.19133 0.01098 0.00264 ( 1)
  83 S   0.21865 0.76850 0.00284 0.01001 ( 2)
  84 S   0.91412 0.06628 0.01828 0.00133 ( 1)
  85 V   0.96798 0.01765 0.01411 0.00026 ( 1)
  86 N   0.97757 0.01027 0.01203 0.00013 ( 1)
  87 T   0.96734 0.01829 0.01411 0.00027 ( 1)
  88 M   0.02090 0.95278 0.00056 0.02575 ( 2)
  89 Q   0.88402 0.08840 0.02507 0.00251 ( 1)
  90 Q   0.61238 0.36815 0.01216 0.00731 ( 1)
  91 L   0.00282 0.00168 0.94541 0.05008 ( 3)
  92 F   0.96978 0.01748 0.01252 0.00023 ( 1)
  93 L   0.91807 0.06062 0.01999 0.00132 ( 1)
  94 N   0.85077 0.13519 0.01211 0.00193 ( 1)
  95 R   0.96173 0.02281 0.01510 0.00036 ( 1)
  96 L   0.93076 0.04928 0.01895 0.00100 ( 1)
  97 P   0.03396 0.94859 0.00060 0.01685 ( 2)
  98 Q   0.84472 0.12770 0.02396 0.00362 ( 1)
  99 F   0.87525 0.09943 0.02274 0.00258 ( 1)
 100 Q   0.14093 0.83149 0.00400 0.02359 ( 2)
 101 M   0.00224 0.98553 0.00003 0.01220 ( 2)
 102 Q   0.62962 0.35091 0.01250 0.00697 ( 1)
 103 G   0.51369 0.45415 0.01707 0.01509 ( 1)
 104 Y   0.89912 0.08473 0.01475 0.00139 ( 1)
 105 Q   0.91443 0.06611 0.01815 0.00131 ( 1)
 106 L   0.83011 0.13905 0.02641 0.00442 ( 1)
 107 L   0.93076 0.04928 0.01895 0.00100 ( 1)
 108 L   0.93076 0.04928 0.01895 0.00100 ( 1)
 109 L   0.93076 0.04928 0.01895 0.00100 ( 1)
 110 P   0.94706 0.03517 0.01713 0.00064 ( 1)
 111 L   0.93076 0.04928 0.01895 0.00100 ( 1)
 112 F   0.97524 0.01201 0.01259 0.00016 ( 1)
 113 A   0.95811 0.02580 0.01567 0.00042 ( 1)
 114 Q   0.86286 0.10956 0.02447 0.00311 ( 1)
 115 A   0.95811 0.02580 0.01567 0.00042 ( 1)
 116 A   0.78711 0.18140 0.02559 0.00590 ( 1)
 117 N   0.88314 0.10471 0.01087 0.00129 ( 1)
 118 L   0.64691 0.33312 0.01317 0.00679 ( 1)
 119 H   0.96240 0.02360 0.01366 0.00034 ( 1)
 120 L   0.96260 0.02204 0.01501 0.00034 ( 1)
 121 S   0.71845 0.26512 0.01199 0.00443 ( 1)
 122 F   0.97524 0.01201 0.01259 0.00016 ( 1)
 123 I   0.97185 0.01453 0.01342 0.00020 ( 1)
 124 R   0.96173 0.02281 0.01510 0.00036 ( 1)
 125 D   0.97323 0.01392 0.01266 0.00018 ( 1)
 126 V   0.94895 0.02069 0.02972 0.00065 ( 1)
 127 I   0.80441 0.16720 0.02350 0.00489 ( 1)
 128 L   0.95534 0.02930 0.01490 0.00046 ( 1)
 129 N   0.97757 0.01027 0.01203 0.00013 ( 1)
 130 A   0.95811 0.02580 0.01567 0.00042 ( 1)
 131 D   0.36778 0.61938 0.00478 0.00806 ( 2)
 132 E   0.96649 0.01885 0.01438 0.00028 ( 1)
 133 W   0.80814 0.16175 0.02509 0.00502 ( 1)
 134 G   0.92321 0.04464 0.03067 0.00148 ( 1)
 135 I   0.97235 0.01403 0.01343 0.00019 ( 1)
 136 S   0.63160 0.34880 0.01263 0.00698 ( 1)
 137 A   0.95801 0.02590 0.01566 0.00042 ( 1)
 138 A   0.95811 0.02580 0.01567 0.00042 ( 1)
 139 T   0.96605 0.01957 0.01409 0.00029 ( 1)
 140 L   0.11223 0.87373 0.00160 0.01244 ( 2)
 141 R   0.89210 0.07515 0.03021 0.00255 ( 1)
 142 T   0.92578 0.05984 0.01350 0.00087 ( 1)
 143 Y   0.95844 0.02542 0.01572 0.00042 ( 1)
 144 R   0.11483 0.86971 0.00180 0.01367 ( 2)
 145 D   0.02946 0.95769 0.00038 0.01247 ( 2)
 146 Y   0.32193 0.65092 0.00898 0.01817 ( 2)
 147 L   0.83579 0.13337 0.02659 0.00424 ( 1)
 148 K   0.00022 0.98431 0.00000 0.01547 ( 2)
 149 N   0.37459 0.61325 0.00461 0.00755 ( 2)
 150 Y   0.71119 0.26349 0.01848 0.00685 ( 1)
 151 T   0.96771 0.01791 0.01411 0.00026 ( 1)
 152 R   0.64732 0.33722 0.01016 0.00530 ( 1)
 153 D   0.04485 0.94229 0.00058 0.01227 ( 2)
 154 Y   0.85371 0.11506 0.02753 0.00371 ( 1)
 155 S   0.94530 0.03828 0.01578 0.00064 ( 1)
 156 N   0.97144 0.01641 0.01195 0.00020 ( 1)
 157 Y   0.95844 0.02542 0.01572 0.00042 ( 1)
 158 C   0.95149 0.03140 0.01656 0.00055 ( 1)
 159 I   0.97772 0.01006 0.01209 0.00012 ( 1)
 160 N   0.05206 0.93577 0.00064 0.01152 ( 2)
 161 T   0.85921 0.11427 0.02340 0.00311 ( 1)
 162 Y   0.95578 0.02808 0.01568 0.00046 ( 1)
 163 Q   0.93438 0.04615 0.01855 0.00092 ( 1)
 164 S   0.03269 0.95258 0.00049 0.01424 ( 2)
 165 A   0.86866 0.11525 0.01420 0.00189 ( 1)
 166 F   0.97377 0.01349 0.01257 0.00017 ( 1)
 167 K   0.24122 0.74331 0.00379 0.01168 ( 2)
 168 G   0.93236 0.04979 0.01695 0.00091 ( 1)
 169 L   0.93076 0.04928 0.01895 0.00100 ( 1)
 170 N   0.89120 0.08444 0.02225 0.00211 ( 1)
 171 T   0.00000 0.00002 0.07815 0.92183 ( 4)
 172 R   0.01246 0.96825 0.00024 0.01904 ( 2)
 173 L   0.93076 0.04928 0.01895 0.00100 ( 1)
 174 H   0.00175 0.00268 0.87625 0.11932 ( 3)
 175 D   0.97463 0.01253 0.01268 0.00016 ( 1)
 176 M   0.02997 0.95645 0.00041 0.01316 ( 2)
 177 L   0.92265 0.05740 0.01879 0.00117 ( 1)
 178 E   0.96425 0.02109 0.01435 0.00031 ( 1)
 179 F   0.97524 0.01201 0.01259 0.00016 ( 1)
 180 R   0.96173 0.02281 0.01510 0.00036 ( 1)
 181 T   0.96771 0.01791 0.01411 0.00026 ( 1)
 182 Y   0.73141 0.25245 0.01200 0.00414 ( 1)
 183 M   0.80355 0.18288 0.01105 0.00252 ( 1)
 184 F   0.84361 0.14364 0.01089 0.00186 ( 1)
 185 L   0.93076 0.04928 0.01895 0.00100 ( 1)
 186 N   0.97757 0.01027 0.01203 0.00013 ( 1)
 187 V   0.96960 0.01637 0.01380 0.00023 ( 1)
 188 F   0.30691 0.68034 0.00396 0.00879 ( 2)
 189 E   0.14916 0.83617 0.00222 0.01245 ( 2)
 190 Y   0.69520 0.28866 0.01141 0.00474 ( 1)
 191 V   0.95300 0.01664 0.02984 0.00052 ( 1)
 192 S   0.93822 0.04536 0.01566 0.00076 ( 1)
 193 I   0.06987 0.90174 0.00204 0.02635 ( 2)
 194 W   0.80814 0.16175 0.02509 0.00502 ( 1)
 195 S   0.85250 0.11831 0.02563 0.00356 ( 1)


lnL = -2658.776917

