Supplemental results for CODEML (seqf: algn  treef: tree)


dN/dS (w) for site classes (K=4)

site class             0        1       2a       2b
proportion       0.54602  0.45398  0.00000  0.00000
background w     0.06607  1.00000  0.06607  1.00000
foreground w     0.06607  1.00000  1.00000  1.00000

Naive Empirical Bayes (NEB) probabilities for 4 classes
(amino acids refer to 1st sequence: BT_Cry1Bb1)

   1 R   0.99186 0.00814 0.00000 0.00000 ( 1)
   2 I   0.99351 0.00649 0.00000 0.00000 ( 1)
   3 T   0.99006 0.00994 0.00000 0.00000 ( 1)
   4 Q   0.97862 0.02138 0.00000 0.00000 ( 1)
   5 I   0.97643 0.02357 0.00000 0.00000 ( 1)
   6 P   0.99012 0.00988 0.00000 0.00000 ( 1)
   7 L   0.34502 0.65498 0.00000 0.00000 ( 2)
   8 V   0.99192 0.00808 0.00000 0.00000 ( 1)
   9 K   0.97773 0.02227 0.00000 0.00000 ( 1)
  10 A   0.97372 0.02628 0.00000 0.00000 ( 1)
  11 L   0.47750 0.52250 0.00000 0.00000 ( 2)
  12 N   0.81602 0.18398 0.00000 0.00000 ( 1)
  13 L   0.99261 0.00739 0.00000 0.00000 ( 1)
  14 H   0.00001 0.99999 0.00000 0.00000 ( 2)
  15 S   0.98872 0.01128 0.00000 0.00000 ( 1)
  16 G   0.99275 0.00725 0.00000 0.00000 ( 1)
  17 V   0.02554 0.97446 0.00000 0.00000 ( 2)
  18 T   0.03778 0.96222 0.00000 0.00000 ( 2)
  19 V   0.97216 0.02784 0.00000 0.00000 ( 1)
  20 V   0.40487 0.59513 0.00000 0.00000 ( 2)
  21 G   0.26634 0.73366 0.00000 0.00000 ( 2)
  22 G   0.97047 0.02953 0.00000 0.00000 ( 1)
  23 P   0.99104 0.00896 0.00000 0.00000 ( 1)
  24 G   0.98739 0.01261 0.00000 0.00000 ( 1)
  25 F   0.99584 0.00416 0.00000 0.00000 ( 1)
  26 T   0.99006 0.00994 0.00000 0.00000 ( 1)
  27 G   0.98608 0.01392 0.00000 0.00000 ( 1)
  28 G   0.97641 0.02359 0.00000 0.00000 ( 1)
  29 D   0.99626 0.00374 0.00000 0.00000 ( 1)
  30 I   0.99149 0.00851 0.00000 0.00000 ( 1)
  31 L   0.95481 0.04519 0.00000 0.00000 ( 1)
  32 R   0.28433 0.71567 0.00000 0.00000 ( 2)
  33 R   0.97442 0.02558 0.00000 0.00000 ( 1)
  34 T   0.90636 0.09364 0.00000 0.00000 ( 1)
  35 N   0.44190 0.55810 0.00000 0.00000 ( 2)
  36 T   0.00008 0.99992 0.00000 0.00000 ( 2)
  37 G   0.95861 0.04139 0.00000 0.00000 ( 1)
  38 -   0.54602 0.45398 0.00000 0.00000 ( 1)
  39 -   0.54602 0.45398 0.00000 0.00000 ( 1)
  40 -   0.54602 0.45398 0.00000 0.00000 ( 1)
  41 -   0.54602 0.45398 0.00000 0.00000 ( 1)
  42 T   0.00001 0.99999 0.00000 0.00000 ( 2)
  43 F   0.63723 0.36277 0.00000 0.00000 ( 1)
  44 G   0.95358 0.04642 0.00000 0.00000 ( 1)
  45 D   0.00103 0.99897 0.00000 0.00000 ( 2)
  46 I   0.79944 0.20056 0.00000 0.00000 ( 1)
  47 R   0.93365 0.06635 0.00000 0.00000 ( 1)
  48 L   0.61703 0.38297 0.00000 0.00000 ( 1)
  49 N   0.10990 0.89010 0.00000 0.00000 ( 2)
  50 I   0.83548 0.16452 0.00000 0.00000 ( 1)
  51 N   0.81936 0.18064 0.00000 0.00000 ( 1)
  52 V   0.00554 0.99446 0.00000 0.00000 ( 2)
  53 P   0.06389 0.93611 0.00000 0.00000 ( 2)
  54 L   0.62204 0.37796 0.00000 0.00000 ( 1)
  55 S   0.61153 0.38847 0.00000 0.00000 ( 1)
  56 Q   0.97862 0.02138 0.00000 0.00000 ( 1)
  57 R   0.88993 0.11007 0.00000 0.00000 ( 1)
  58 Y   0.99034 0.00966 0.00000 0.00000 ( 1)
  59 R   0.07915 0.92085 0.00000 0.00000 ( 2)
  60 V   0.94579 0.05421 0.00000 0.00000 ( 1)
  61 R   0.89800 0.10200 0.00000 0.00000 ( 1)
  62 I   0.11400 0.88600 0.00000 0.00000 ( 2)
  63 R   0.98899 0.01101 0.00000 0.00000 ( 1)
  64 Y   0.98615 0.01385 0.00000 0.00000 ( 1)
  65 A   0.99386 0.00614 0.00000 0.00000 ( 1)
  66 S   0.95599 0.04401 0.00000 0.00000 ( 1)
  67 T   0.01990 0.98010 0.00000 0.00000 ( 2)
  68 T   0.00505 0.99495 0.00000 0.00000 ( 2)
  69 D   0.96527 0.03473 0.00000 0.00000 ( 1)
  70 L   0.00005 0.99995 0.00000 0.00000 ( 2)
  71 -   0.54602 0.45398 0.00000 0.00000 ( 1)
  72 Q   0.00002 0.99998 0.00000 0.00000 ( 2)
  73 F   0.21512 0.78488 0.00000 0.00000 ( 2)
  74 F   0.00001 0.99999 0.00000 0.00000 ( 2)
  75 T   0.04851 0.95149 0.00000 0.00000 ( 2)
  76 R   0.00856 0.99144 0.00000 0.00000 ( 2)
  77 I   0.00006 0.99994 0.00000 0.00000 ( 2)
  78 N   0.26361 0.73639 0.00000 0.00000 ( 2)
  79 G   0.00009 0.99991 0.00000 0.00000 ( 2)
  80 T   0.00020 0.99980 0.00000 0.00000 ( 2)
  81 T   0.24089 0.75911 0.00000 0.00000 ( 2)
  82 V   0.00024 0.99976 0.00000 0.00000 ( 2)
  83 N   0.01006 0.98994 0.00000 0.00000 ( 2)
  84 I   0.01565 0.98435 0.00000 0.00000 ( 2)
  85 G   0.00423 0.99577 0.00000 0.00000 ( 2)
  86 N   0.07570 0.92430 0.00000 0.00000 ( 2)
  87 F   0.84693 0.15307 0.00000 0.00000 ( 1)
  88 S   0.82810 0.17190 0.00000 0.00000 ( 1)
  89 R   0.15477 0.84523 0.00000 0.00000 ( 2)
  90 T   0.99213 0.00787 0.00000 0.00000 ( 1)
  91 M   0.99740 0.00260 0.00000 0.00000 ( 1)
  92 N   0.07466 0.92534 0.00000 0.00000 ( 2)
  93 R   0.00102 0.99898 0.00000 0.00000 ( 2)
  94 G   0.97010 0.02990 0.00000 0.00000 ( 1)
  95 D   0.26337 0.73663 0.00000 0.00000 ( 2)
  96 N   0.00061 0.99939 0.00000 0.00000 ( 2)
  97 L   0.97318 0.02682 0.00000 0.00000 ( 1)
  98 E   0.41063 0.58937 0.00000 0.00000 ( 2)
  99 Y   0.39594 0.60406 0.00000 0.00000 ( 2)
 100 R   0.35370 0.64630 0.00000 0.00000 ( 2)
 101 S   0.06015 0.93985 0.00000 0.00000 ( 2)
 102 F   0.99312 0.00688 0.00000 0.00000 ( 1)
 103 R   0.03350 0.96650 0.00000 0.00000 ( 2)
 104 T   0.03415 0.96585 0.00000 0.00000 ( 2)
 105 A   0.01305 0.98695 0.00000 0.00000 ( 2)
 106 G   0.36125 0.63875 0.00000 0.00000 ( 2)
 107 F   0.20194 0.79806 0.00000 0.00000 ( 2)
 108 S   0.00047 0.99953 0.00000 0.00000 ( 2)
 109 T   0.99188 0.00812 0.00000 0.00000 ( 1)
 110 P   0.98499 0.01501 0.00000 0.00000 ( 1)
 111 F   0.29903 0.70097 0.00000 0.00000 ( 2)
 112 N   0.14694 0.85306 0.00000 0.00000 ( 2)
 113 F   0.99584 0.00416 0.00000 0.00000 ( 1)
 114 L   0.57883 0.42117 0.00000 0.00000 ( 1)
 115 N   0.27869 0.72131 0.00000 0.00000 ( 2)
 116 A   0.48467 0.51533 0.00000 0.00000 ( 2)
 117 Q   0.97862 0.02138 0.00000 0.00000 ( 1)
 118 S   0.01180 0.98820 0.00000 0.00000 ( 2)
 119 T   0.38672 0.61328 0.00000 0.00000 ( 2)
 120 F   0.73418 0.26582 0.00000 0.00000 ( 1)
 121 T   0.07653 0.92347 0.00000 0.00000 ( 2)
 122 L   0.96307 0.03693 0.00000 0.00000 ( 1)
 123 G   0.00004 0.99996 0.00000 0.00000 ( 2)
 124 A   0.06304 0.93696 0.00000 0.00000 ( 2)
 125 Q   0.00002 0.99998 0.00000 0.00000 ( 2)
 126 S   0.00849 0.99151 0.00000 0.00000 ( 2)
 127 F   0.70188 0.29812 0.00000 0.00000 ( 1)
 128 S   0.65379 0.34621 0.00000 0.00000 ( 1)
 129 N   0.70947 0.29053 0.00000 0.00000 ( 1)
 130 Q   0.58569 0.41431 0.00000 0.00000 ( 1)
 131 E   0.01837 0.98163 0.00000 0.00000 ( 2)
 132 V   0.50104 0.49896 0.00000 0.00000 ( 1)
 133 Y   0.99034 0.00966 0.00000 0.00000 ( 1)
 134 I   0.99349 0.00651 0.00000 0.00000 ( 1)
 135 D   0.99626 0.00374 0.00000 0.00000 ( 1)
 136 R   0.95727 0.04273 0.00000 0.00000 ( 1)
 137 V   0.17687 0.82313 0.00000 0.00000 ( 2)
 138 E   0.97886 0.02114 0.00000 0.00000 ( 1)
 139 F   0.99284 0.00716 0.00000 0.00000 ( 1)
 140 V   0.89497 0.10503 0.00000 0.00000 ( 1)
 141 -   0.87164 0.12836 0.00000 0.00000 ( 1)


lnL = -1696.144704

Bayes Empirical Bayes (BEB) probabilities for 4 classes (class)
(amino acids refer to 1st sequence: BT_Cry1Bb1)

   1 R   0.92700 0.00773 0.06468 0.00058 ( 1)
   2 I   0.93187 0.00602 0.06167 0.00044 ( 1)
   3 T   0.92689 0.00935 0.06308 0.00069 ( 1)
   4 Q   0.90902 0.02096 0.06836 0.00165 ( 1)
   5 I   0.91516 0.02265 0.06055 0.00165 ( 1)
   6 P   0.92405 0.00946 0.06577 0.00072 ( 1)
   7 L   0.25588 0.66877 0.02045 0.05490 ( 2)
   8 V   0.92829 0.00761 0.06353 0.00057 ( 1)
   9 K   0.90642 0.02154 0.07030 0.00173 ( 1)
  10 A   0.90137 0.02530 0.07127 0.00206 ( 1)
  11 L   0.37482 0.55653 0.02651 0.04213 ( 2)
  12 N   0.71906 0.21716 0.04790 0.01588 ( 1)
  13 L   0.92755 0.00703 0.06489 0.00053 ( 1)
  14 H   0.00001 0.92511 0.00000 0.07487 ( 2)
  15 S   0.92395 0.01082 0.06441 0.00081 ( 1)
  16 G   0.92788 0.00689 0.06471 0.00052 ( 1)
  17 V   0.01446 0.90988 0.00115 0.07452 ( 2)
  18 T   0.02197 0.90557 0.00163 0.07083 ( 2)
  19 V   0.89888 0.02672 0.07220 0.00220 ( 1)
  20 V   0.27177 0.66262 0.01778 0.04782 ( 2)
  21 G   0.16676 0.76531 0.01136 0.05656 ( 2)
  22 G   0.90578 0.02890 0.06315 0.00217 ( 1)
  23 P   0.92589 0.00856 0.06490 0.00065 ( 1)
  24 G   0.92076 0.01213 0.06619 0.00093 ( 1)
  25 F   0.93261 0.00389 0.06321 0.00029 ( 1)
  26 T   0.92689 0.00935 0.06308 0.00069 ( 1)
  27 G   0.91665 0.01337 0.06893 0.00105 ( 1)
  28 G   0.90976 0.02309 0.06539 0.00177 ( 1)
  29 D   0.93274 0.00351 0.06350 0.00026 ( 1)
  30 I   0.92991 0.00797 0.06154 0.00058 ( 1)
  31 L   0.88022 0.04406 0.07205 0.00368 ( 1)
  32 R   0.18231 0.75118 0.01203 0.05448 ( 2)
  33 R   0.90315 0.02482 0.07003 0.00200 ( 1)
  34 T   0.82373 0.11300 0.05501 0.00827 ( 1)
  35 N   0.30145 0.63262 0.01997 0.04596 ( 2)
  36 T   0.00006 0.93115 0.00000 0.06878 ( 2)
  37 G   0.88451 0.04033 0.07182 0.00335 ( 1)
  38 -   0.47960 0.44144 0.04100 0.03795 ( 1)
  39 -   0.47960 0.44144 0.04100 0.03795 ( 1)
  40 -   0.47960 0.44144 0.04100 0.03795 ( 1)
  41 -   0.47960 0.44144 0.04100 0.03795 ( 1)
  42 T   0.00001 0.81058 0.00002 0.18938 ( 2)
  43 F   0.52119 0.40272 0.04254 0.03355 ( 1)
  44 G   0.88025 0.04551 0.07050 0.00374 ( 1)
  45 D   0.00055 0.80523 0.00169 0.19253 ( 2)
  46 I   0.69618 0.23417 0.05140 0.01826 ( 1)
  47 R   0.86141 0.06581 0.06744 0.00533 ( 1)
  48 L   0.50976 0.42420 0.03467 0.03137 ( 1)
  49 N   0.06417 0.86037 0.00510 0.07037 ( 2)
  50 I   0.73671 0.19299 0.05503 0.01527 ( 1)
  51 N   0.72603 0.20924 0.04926 0.01547 ( 1)
  52 V   0.00301 0.92652 0.00021 0.07025 ( 2)
  53 P   0.03712 0.89385 0.00255 0.06647 ( 2)
  54 L   0.50895 0.42081 0.03749 0.03274 ( 1)
  55 S   0.49778 0.43408 0.03523 0.03290 ( 1)
  56 Q   0.90902 0.02096 0.06836 0.00165 ( 1)
  57 R   0.80499 0.13159 0.05379 0.00963 ( 1)
  58 Y   0.92365 0.00929 0.06635 0.00071 ( 1)
  59 R   0.04578 0.88396 0.00325 0.06702 ( 2)
  60 V   0.87258 0.06488 0.05782 0.00473 ( 1)
  61 R   0.83216 0.09987 0.06028 0.00769 ( 1)
  62 I   0.06667 0.85877 0.00520 0.06936 ( 2)
  63 R   0.92171 0.01063 0.06684 0.00082 ( 1)
  64 Y   0.91954 0.01338 0.06605 0.00102 ( 1)
  65 A   0.93114 0.00575 0.06269 0.00042 ( 1)
  66 S   0.88247 0.04294 0.07105 0.00354 ( 1)
  67 T   0.01035 0.92133 0.00070 0.06763 ( 2)
  68 T   0.00282 0.92877 0.00019 0.06823 ( 2)
  69 D   0.89521 0.04187 0.05985 0.00307 ( 1)
  70 L   0.00005 0.92601 0.00000 0.07394 ( 2)
  71 -   0.47960 0.44144 0.04100 0.03795 ( 1)
  72 Q   0.00003 0.93256 0.00000 0.06741 ( 2)
  73 F   0.13360 0.79782 0.00921 0.05938 ( 2)
  74 F   0.00001 0.93182 0.00000 0.06817 ( 2)
  75 T   0.02814 0.90407 0.00188 0.06592 ( 2)
  76 R   0.00492 0.92592 0.00034 0.06882 ( 2)
  77 I   0.00006 0.92951 0.00000 0.07043 ( 2)
  78 N   0.16230 0.76708 0.01172 0.05890 ( 2)
  79 G   0.00007 0.92390 0.00001 0.07603 ( 2)
  80 T   0.00013 0.92984 0.00001 0.07002 ( 2)
  81 T   0.14885 0.78240 0.01031 0.05844 ( 2)
  82 V   0.00017 0.92405 0.00001 0.07577 ( 2)
  83 N   0.00534 0.92425 0.00038 0.07003 ( 2)
  84 I   0.00820 0.92135 0.00058 0.06987 ( 2)
  85 G   0.00232 0.93067 0.00015 0.06686 ( 2)
  86 N   0.04376 0.88522 0.00315 0.06787 ( 2)
  87 F   0.75378 0.18187 0.05095 0.01340 ( 1)
  88 S   0.72826 0.20449 0.05170 0.01554 ( 1)
  89 R   0.09130 0.84044 0.00621 0.06205 ( 2)
  90 T   0.92996 0.00735 0.06216 0.00054 ( 1)
  91 M   0.93276 0.00246 0.06460 0.00018 ( 1)
  92 N   0.04298 0.88219 0.00337 0.07147 ( 2)
  93 R   0.00065 0.93093 0.00004 0.06838 ( 2)
  94 G   0.90531 0.02937 0.06311 0.00221 ( 1)
  95 D   0.16202 0.76925 0.01123 0.05749 ( 2)
  96 N   0.00035 0.81849 0.00093 0.18023 ( 2)
  97 L   0.90390 0.02613 0.06791 0.00206 ( 1)
  98 E   0.27222 0.66089 0.01833 0.04856 ( 2)
  99 Y   0.26243 0.66953 0.01812 0.04992 ( 2)
 100 R   0.24865 0.68136 0.01787 0.05212 ( 2)
 101 S   0.03447 0.88979 0.00275 0.07299 ( 2)
 102 F   0.92056 0.00643 0.07249 0.00052 ( 1)
 103 R   0.01710 0.91530 0.00113 0.06648 ( 2)
 104 T   0.01738 0.91263 0.00122 0.06877 ( 2)
 105 A   0.00688 0.92499 0.00046 0.06768 ( 2)
 106 G   0.23365 0.69928 0.01572 0.05135 ( 2)
 107 F   0.12201 0.80188 0.00984 0.06627 ( 2)
 108 S   0.00031 0.92501 0.00002 0.07466 ( 2)
 109 T   0.92970 0.00760 0.06214 0.00056 ( 1)
 110 P   0.91900 0.01449 0.06541 0.00110 ( 1)
 111 F   0.19009 0.74379 0.01245 0.05368 ( 2)
 112 N   0.08701 0.83756 0.00692 0.06852 ( 2)
 113 F   0.93261 0.00389 0.06321 0.00029 ( 1)
 114 L   0.46928 0.46113 0.03405 0.03554 ( 1)
 115 N   0.17407 0.75182 0.01353 0.06058 ( 2)
 116 A   0.38151 0.55266 0.02546 0.04037 ( 2)
 117 Q   0.90902 0.02096 0.06836 0.00165 ( 1)
 118 S   0.00627 0.92437 0.00043 0.06893 ( 2)
 119 T   0.25270 0.67894 0.01755 0.05080 ( 2)
 120 F   0.62737 0.30767 0.04233 0.02263 ( 1)
 121 T   0.04470 0.88741 0.00300 0.06489 ( 2)
 122 L   0.89383 0.03617 0.06715 0.00285 ( 1)
 123 G   0.00004 0.92334 0.00000 0.07661 ( 2)
 124 A   0.03150 0.89355 0.00247 0.07248 ( 2)
 125 Q   0.00002 0.92747 0.00000 0.07251 ( 2)
 126 S   0.00452 0.91970 0.00036 0.07542 ( 2)
 127 F   0.62740 0.29364 0.05369 0.02527 ( 1)
 128 S   0.58128 0.33976 0.04973 0.02923 ( 1)
 129 N   0.63473 0.28632 0.05432 0.02464 ( 1)
 130 Q   0.51673 0.40432 0.04419 0.03477 ( 1)
 131 E   0.00957 0.92133 0.00066 0.06844 ( 2)
 132 V   0.35329 0.58081 0.02353 0.04237 ( 2)
 133 Y   0.92365 0.00929 0.06635 0.00071 ( 1)
 134 I   0.93174 0.00603 0.06180 0.00044 ( 1)
 135 D   0.93274 0.00351 0.06350 0.00026 ( 1)
 136 R   0.88572 0.04155 0.06936 0.00337 ( 1)
 137 V   0.10725 0.82629 0.00699 0.05947 ( 2)
 138 E   0.91372 0.02065 0.06407 0.00156 ( 1)
 139 F   0.92970 0.00679 0.06301 0.00050 ( 1)
 140 V   0.81309 0.12401 0.05386 0.00904 ( 1)
 141 -   0.79798 0.12754 0.06399 0.01050 ( 1)

