Supplemental results for CODEML (seqf: algn  treef: tree)


dN/dS (w) for site classes (K=4)

site class             0        1       2a       2b
proportion       0.53217  0.45097  0.00913  0.00773
background w     0.02830  0.40798  0.02830  0.40798
foreground w     0.02830  0.40798 21.64783 21.64783

Naive Empirical Bayes (NEB) probabilities for 4 classes
(amino acids refer to 1st sequence: BT_Cry9Ba1)

   1 -   0.83124 0.16787 0.00073 0.00016 ( 1)
   2 -   0.94925 0.04985 0.00085 0.00005 ( 1)
   3 -   0.03990 0.95763 0.00010 0.00238 ( 2)
   4 -   0.30855 0.68345 0.00238 0.00562 ( 2)
   5 I   0.07006 0.92881 0.00007 0.00105 ( 2)
   6 L   0.04365 0.95381 0.00010 0.00244 ( 2)
   7 T   0.15880 0.83973 0.00021 0.00126 ( 2)
   8 G   0.00054 0.99849 0.00000 0.00097 ( 2)
   9 F   0.02318 0.97514 0.00004 0.00164 ( 2)
  10 L   0.12847 0.87033 0.00014 0.00106 ( 2)
  11 S   0.30761 0.68842 0.00120 0.00277 ( 2)
  12 T   0.01082 0.98817 0.00001 0.00101 ( 2)
  13 L   0.93684 0.05900 0.00390 0.00025 ( 1)
  14 F   0.57251 0.42599 0.00083 0.00067 ( 1)
  15 G   0.23184 0.76713 0.00021 0.00082 ( 2)
  16 F   0.00004 0.99816 0.00000 0.00180 ( 2)
  17 L   0.84376 0.15041 0.00490 0.00094 ( 1)
  18 W   0.80760 0.18989 0.00202 0.00049 ( 1)
  19 P   0.95520 0.04392 0.00083 0.00004 ( 1)
  20 S   0.00735 0.99167 0.00001 0.00097 ( 2)
  21 N   0.86347 0.13559 0.00079 0.00014 ( 1)
  22 D   0.32315 0.67553 0.00034 0.00099 ( 2)
  23 Q   0.26261 0.73636 0.00024 0.00078 ( 2)
  24 A   0.75005 0.24887 0.00079 0.00029 ( 1)
  25 V   0.98214 0.01644 0.00139 0.00003 ( 1)
  26 W   0.80760 0.18989 0.00202 0.00049 ( 1)
  27 E   0.85083 0.14788 0.00107 0.00022 ( 1)
  28 A   0.97574 0.02328 0.00096 0.00003 ( 1)
  29 F   0.98439 0.01471 0.00088 0.00001 ( 1)
  30 I   0.79128 0.20819 0.00041 0.00012 ( 1)
  31 E   0.00056 0.94160 0.00044 0.05740 ( 2)
  32 Q   0.44888 0.55003 0.00046 0.00062 ( 2)
  33 M   0.00170 0.99702 0.00000 0.00128 ( 2)
  34 E   0.98773 0.01100 0.00125 0.00002 ( 1)
  35 E   0.40122 0.20780 0.37663 0.01435 ( 1)
  36 L   0.36346 0.28976 0.32715 0.01963 ( 1)
  37 I   0.96187 0.03540 0.00263 0.00010 ( 1)
  38 E   0.00849 0.93170 0.00631 0.05350 ( 2)
  39 Q   0.96092 0.03805 0.00099 0.00004 ( 1)
  40 R   0.12441 0.87480 0.00009 0.00070 ( 2)
  41 I   0.98445 0.01445 0.00109 0.00002 ( 1)
  42 S   0.86196 0.13498 0.00263 0.00043 ( 1)
  43 D   0.01286 0.98572 0.00002 0.00141 ( 2)
  44 Q   0.12217 0.87671 0.00013 0.00100 ( 2)
  45 V   0.98255 0.01603 0.00139 0.00003 ( 1)
  46 V   0.17505 0.82338 0.00025 0.00133 ( 2)
  47 R   0.40319 0.59559 0.00048 0.00074 ( 2)
  48 T   0.00028 0.99864 0.00000 0.00108 ( 2)
  49 A   0.97933 0.01829 0.00233 0.00005 ( 1)
  50 L   0.00458 0.99428 0.00000 0.00114 ( 2)
  51 D   0.99189 0.00707 0.00103 0.00001 ( 1)
  52 D   0.00000 0.86418 0.00000 0.13582 ( 2)
  53 L   0.93113 0.06735 0.00140 0.00011 ( 1)
  54 T   0.95870 0.04042 0.00084 0.00004 ( 1)
  55 G   0.97589 0.02326 0.00083 0.00002 ( 1)
  56 I   0.00672 0.96251 0.00172 0.02905 ( 2)
  57 Q   0.04870 0.94966 0.00008 0.00156 ( 2)
  58 N   0.00219 0.99660 0.00000 0.00121 ( 2)
  59 Y   0.78801 0.21088 0.00086 0.00026 ( 1)
  60 Y   0.95839 0.04052 0.00104 0.00005 ( 1)
  61 N   0.00006 0.98292 0.00001 0.01701 ( 2)
  62 Q   0.04910 0.94940 0.00006 0.00144 ( 2)
  63 Y   0.96739 0.03152 0.00105 0.00004 ( 1)
  64 L   0.61840 0.37890 0.00161 0.00108 ( 1)
  65 I   0.00005 0.99761 0.00000 0.00234 ( 2)
  66 A   0.98169 0.01727 0.00103 0.00002 ( 1)
  67 L   0.40446 0.59402 0.00059 0.00094 ( 2)
  68 K   0.09308 0.90557 0.00012 0.00123 ( 2)
  69 E   0.94998 0.04876 0.00119 0.00007 ( 1)
  70 W   0.80760 0.18989 0.00202 0.00049 ( 1)
  71 E   0.02543 0.97096 0.00009 0.00352 ( 2)
  72 E   0.02556 0.97276 0.00004 0.00165 ( 2)
  73 R   0.12568 0.87356 0.00009 0.00068 ( 2)
  74 P   0.91078 0.08678 0.00222 0.00022 ( 1)
  75 N   0.34268 0.24313 0.39410 0.02008 ( 3)
  76 G   0.02524 0.97109 0.00009 0.00358 ( 2)
  77 V   0.77584 0.22308 0.00081 0.00026 ( 1)
  78 R   0.96553 0.03042 0.00391 0.00013 ( 1)
  79 A   0.14121 0.85770 0.00014 0.00095 ( 2)
  80 N   0.00029 0.99858 0.00000 0.00113 ( 2)
  81 L   0.93062 0.06791 0.00136 0.00011 ( 1)
  82 V   0.00697 0.98708 0.00071 0.00523 ( 2)
  83 L   0.00048 0.99831 0.00000 0.00121 ( 2)
  84 Q   0.04338 0.95472 0.00008 0.00181 ( 2)
  85 R   0.95348 0.04534 0.00112 0.00006 ( 1)
  86 F   0.98439 0.01471 0.00088 0.00001 ( 1)
  87 E   0.00920 0.98934 0.00001 0.00145 ( 2)
  88 I   0.00021 0.99477 0.00000 0.00502 ( 2)
  89 L   0.88880 0.10791 0.00291 0.00038 ( 1)
  90 H   0.81772 0.18151 0.00061 0.00015 ( 1)
  91 A   0.00000 0.07551 0.00002 0.92448 ( 4)
  92 L   0.00026 0.99188 0.00000 0.00786 ( 2)
  93 F   0.98439 0.01471 0.00088 0.00001 ( 1)
  94 V   0.17929 0.81912 0.00025 0.00133 ( 2)
  95 S   0.00019 0.99727 0.00000 0.00254 ( 2)
  96 S   0.00000 0.35517 0.00020 0.64462 ( 4)
  97 M   0.97943 0.02004 0.00051 0.00001 ( 1)
  98 P   0.95966 0.03946 0.00084 0.00004 ( 1)
  99 S   0.89958 0.09859 0.00160 0.00023 ( 1)
 100 F   0.98439 0.01471 0.00088 0.00001 ( 1)
 101 G   0.95794 0.04128 0.00074 0.00004 ( 1)
 102 S   0.00056 0.97160 0.00021 0.02764 ( 2)
 103 G   0.96963 0.02963 0.00071 0.00002 ( 1)
 104 P   0.95465 0.04457 0.00075 0.00004 ( 1)
 105 G   0.97537 0.02389 0.00072 0.00002 ( 1)
 106 S   0.97970 0.01974 0.00054 0.00001 ( 1)
 107 Q   0.00707 0.93818 0.00499 0.04976 ( 2)
 108 R   0.11088 0.88836 0.00008 0.00069 ( 2)
 109 F   0.07942 0.91936 0.00008 0.00114 ( 2)
 110 Q   0.00371 0.99418 0.00001 0.00210 ( 2)
 111 A   0.01488 0.98350 0.00002 0.00159 ( 2)
 112 Q   0.00037 0.99843 0.00000 0.00120 ( 2)
 113 L   0.89414 0.10389 0.00176 0.00021 ( 1)
 114 L   0.86273 0.13374 0.00305 0.00049 ( 1)
 115 V   0.00001 0.99652 0.00000 0.00346 ( 2)
 116 V   0.98130 0.01728 0.00139 0.00003 ( 1)
 117 Y   0.96659 0.03232 0.00105 0.00004 ( 1)
 118 A   0.75896 0.23996 0.00079 0.00028 ( 1)
 119 Q   0.96092 0.03805 0.00099 0.00004 ( 1)
 120 A   0.97880 0.02015 0.00102 0.00002 ( 1)
 121 A   0.94727 0.05073 0.00190 0.00011 ( 1)
 122 N   0.97375 0.02532 0.00090 0.00003 ( 1)
 123 L   0.88677 0.10907 0.00370 0.00047 ( 1)
 124 H   0.98525 0.01401 0.00073 0.00001 ( 1)
 125 L   0.87420 0.12382 0.00172 0.00026 ( 1)
 126 L   0.92617 0.06801 0.00540 0.00042 ( 1)
 127 L   0.93327 0.06527 0.00136 0.00010 ( 1)
 128 L   0.93327 0.06527 0.00136 0.00010 ( 1)
 129 A   0.00778 0.99094 0.00001 0.00127 ( 2)
 130 D   0.99189 0.00707 0.00103 0.00001 ( 1)
 131 A   0.97749 0.02146 0.00103 0.00003 ( 1)
 132 E   0.82777 0.17094 0.00104 0.00025 ( 1)
 133 K   0.71877 0.27999 0.00086 0.00038 ( 1)
 134 Y   0.97250 0.02641 0.00106 0.00003 ( 1)
 135 G   0.92153 0.07675 0.00159 0.00014 ( 1)
 136 A   0.76365 0.23393 0.00182 0.00061 ( 1)
 137 R   0.97582 0.02348 0.00068 0.00002 ( 1)
 138 W   0.80760 0.18989 0.00202 0.00049 ( 1)
 139 G   0.96934 0.02981 0.00082 0.00003 ( 1)
 140 L   0.88397 0.11511 0.00080 0.00012 ( 1)
 141 R   0.00004 0.99843 0.00000 0.00153 ( 2)
 142 E   0.66829 0.33064 0.00069 0.00038 ( 1)
 143 S   0.00001 0.99641 0.00000 0.00358 ( 2)
 144 Q   0.93006 0.06876 0.00109 0.00009 ( 1)
 145 I   0.98289 0.01603 0.00106 0.00002 ( 1)
 146 G   0.53217 0.45097 0.00913 0.00773 ( 1)
 147 N   0.00529 0.98967 0.00002 0.00502 ( 2)
 148 L   0.01358 0.98485 0.00002 0.00155 ( 2)
 149 Y   0.52194 0.47691 0.00057 0.00058 ( 1)
 150 F   0.20711 0.79189 0.00019 0.00081 ( 2)
 151 N   0.00831 0.99063 0.00001 0.00106 ( 2)
 152 E   0.00294 0.99595 0.00000 0.00111 ( 2)
 153 L   0.57441 0.42451 0.00059 0.00048 ( 1)
 154 Q   0.96092 0.03805 0.00099 0.00004 ( 1)
 155 T   0.00000 0.99872 0.00000 0.00128 ( 2)
 156 R   0.00031 0.99720 0.00000 0.00249 ( 2)
 157 T   0.97289 0.02623 0.00085 0.00003 ( 1)
 158 R   0.00014 0.99851 0.00000 0.00136 ( 2)
 159 D   0.00005 0.99871 0.00000 0.00124 ( 2)
 160 Y   0.96681 0.03210 0.00105 0.00004 ( 1)
 161 T   0.91401 0.08210 0.00356 0.00033 ( 1)
 162 N   0.98632 0.01276 0.00090 0.00001 ( 1)
 163 H   0.98525 0.01401 0.00073 0.00001 ( 1)
 164 C   0.93251 0.06660 0.00082 0.00007 ( 1)
 165 V   0.95390 0.04407 0.00193 0.00009 ( 1)
 166 N   0.00279 0.99566 0.00000 0.00155 ( 2)
 167 A   0.00376 0.99521 0.00000 0.00103 ( 2)
 168 Y   0.97250 0.02641 0.00106 0.00003 ( 1)
 169 N   0.99133 0.00775 0.00091 0.00001 ( 1)
 170 N   0.00004 0.99918 0.00000 0.00078 ( 2)
 171 G   0.96411 0.03504 0.00082 0.00003 ( 1)
 172 L   0.93327 0.06527 0.00136 0.00010 ( 1)
 173 A   0.00035 0.97098 0.00013 0.02854 ( 2)
 174 G   0.00000 0.99510 0.00000 0.00490 ( 2)
 175 L   0.05939 0.93897 0.00009 0.00155 ( 2)
 176 R   0.66516 0.33412 0.00046 0.00026 ( 1)
 177 G   0.85989 0.13653 0.00308 0.00050 ( 1)
 178 T   0.97610 0.02298 0.00089 0.00002 ( 1)
 179 S   0.01174 0.98719 0.00001 0.00106 ( 2)
 180 A   0.00304 0.99593 0.00000 0.00102 ( 2)
 181 E   0.00820 0.99035 0.00001 0.00144 ( 2)
 182 S   0.97970 0.01974 0.00054 0.00001 ( 1)
 183 W   0.80760 0.18989 0.00202 0.00049 ( 1)
 184 L   0.00001 0.99826 0.00000 0.00173 ( 2)
 185 K   0.25659 0.74238 0.00023 0.00079 ( 2)
 186 Y   0.89632 0.09975 0.00352 0.00041 ( 1)
 187 H   0.81193 0.18730 0.00061 0.00016 ( 1)
 188 Q   0.09603 0.90270 0.00010 0.00117 ( 2)
 189 F   0.03530 0.96302 0.00006 0.00162 ( 2)
 190 R   0.94312 0.05622 0.00062 0.00004 ( 1)
 191 R   0.97058 0.02873 0.00067 0.00002 ( 1)
 192 E   0.95542 0.04332 0.00120 0.00006 ( 1)
 193 A   0.11805 0.88137 0.00006 0.00051 ( 2)
 194 T   0.96364 0.03544 0.00088 0.00004 ( 1)
 195 L   0.41609 0.58239 0.00061 0.00092 ( 2)
 196 M   0.12808 0.87135 0.00007 0.00051 ( 2)
 197 A   0.75914 0.23978 0.00079 0.00028 ( 1)
 198 M   0.74889 0.25058 0.00039 0.00015 ( 1)
 199 D   0.99189 0.00707 0.00103 0.00001 ( 1)
 200 L   0.91952 0.07902 0.00134 0.00012 ( 1)
 201 I   0.40043 0.59742 0.00084 0.00131 ( 2)
 202 A   0.44399 0.55355 0.00101 0.00145 ( 2)
 203 L   0.93090 0.06740 0.00158 0.00012 ( 1)
 204 F   0.91412 0.08428 0.00146 0.00014 ( 1)
 205 P   0.96445 0.03468 0.00084 0.00003 ( 1)
 206 Y   0.36494 0.63105 0.00143 0.00258 ( 2)


lnL = -3262.646761

