Supplemental results for CODEML (seqf: algn  treef: tree)


dN/dS (w) for site classes (K=4)

site class             0        1       2a       2b
proportion       0.50253  0.49747  0.00000  0.00000
background w     0.10565  1.00000  0.10565  1.00000
foreground w     0.10565  1.00000  3.31148  3.31148
(note that p[2] is zero)


Naive Empirical Bayes (NEB) probabilities for 4 classes
(amino acids refer to 1st sequence: BT_Cry32Da1)

   1 I   0.52260 0.47740 0.00000 0.00000 ( 1)
   2 S   0.11827 0.88173 0.00000 0.00000 ( 2)
   3 I   0.02236 0.97764 0.00000 0.00000 ( 2)
   4 D   0.99841 0.00159 0.00000 0.00000 ( 1)
   5 K   0.99919 0.00081 0.00000 0.00000 ( 1)
   6 I   0.99956 0.00044 0.00000 0.00000 ( 1)
   7 T   0.99995 0.00005 0.00000 0.00000 ( 1)
   8 Q   0.99973 0.00027 0.00000 0.00000 ( 1)
   9 I   0.99998 0.00002 0.00000 0.00000 ( 1)
  10 P   0.99964 0.00036 0.00000 0.00000 ( 1)
  11 A   0.99761 0.00239 0.00000 0.00000 ( 1)
  12 V   0.99717 0.00283 0.00000 0.00000 ( 1)
  13 K   0.99994 0.00006 0.00000 0.00000 ( 1)
  14 A   0.79890 0.20110 0.00000 0.00000 ( 1)
  15 F   0.02610 0.97390 0.00000 0.00000 ( 2)
  16 F   0.00000 1.00000 0.00000 0.00000 ( 2)
  17 I   0.06498 0.93502 0.00000 0.00000 ( 2)
  18 D   0.00038 0.99962 0.00000 0.00000 ( 2)
  19 D   0.90231 0.09769 0.00000 0.00000 ( 1)
  20 N   0.00280 0.99720 0.00000 0.00000 ( 2)
  21 H   0.50253 0.49747 0.00000 0.00000 ( 1)
  22 V   0.32706 0.67294 0.00000 0.00000 ( 2)
  23 K   0.80621 0.19379 0.00000 0.00000 ( 1)
  24 V   0.99992 0.00008 0.00000 0.00000 ( 1)
  25 I   0.54178 0.45822 0.00000 0.00000 ( 1)
  26 K   0.06861 0.93139 0.00000 0.00000 ( 2)
  27 G   0.99832 0.00168 0.00000 0.00000 ( 1)
  28 P   0.99953 0.00047 0.00000 0.00000 ( 1)
  29 G   0.99998 0.00002 0.00000 0.00000 ( 1)
  30 S   0.06971 0.93029 0.00000 0.00000 ( 2)
  31 T   0.99993 0.00007 0.00000 0.00000 ( 1)
  32 G   0.99979 0.00021 0.00000 0.00000 ( 1)
  33 G   0.99961 0.00039 0.00000 0.00000 ( 1)
  34 D   0.99955 0.00045 0.00000 0.00000 ( 1)
  35 L   0.99136 0.00864 0.00000 0.00000 ( 1)
  36 V   0.99740 0.00260 0.00000 0.00000 ( 1)
  37 A   0.10970 0.89030 0.00000 0.00000 ( 2)
  38 F   0.97581 0.02419 0.00000 0.00000 ( 1)
  39 S   0.03219 0.96781 0.00000 0.00000 ( 2)
  40 R   0.00000 1.00000 0.00000 0.00000 ( 2)
  41 E   0.00000 1.00000 0.00000 0.00000 ( 2)
  42 G   0.09427 0.90573 0.00000 0.00000 ( 2)
  43 Y   0.00101 0.99899 0.00000 0.00000 ( 2)
  44 G   0.50253 0.49747 0.00000 0.00000 ( 1)
  45 L   0.96390 0.03610 0.00000 0.00000 ( 1)
  46 S   0.00433 0.99567 0.00000 0.00000 ( 2)
  47 I   0.99954 0.00046 0.00000 0.00000 ( 1)
  48 S   0.00002 0.99998 0.00000 0.00000 ( 2)
  49 V   0.80228 0.19772 0.00000 0.00000 ( 1)
  50 F   0.00046 0.99954 0.00000 0.00000 ( 2)
  51 I   0.01292 0.98708 0.00000 0.00000 ( 2)
  52 P   0.00000 1.00000 0.00000 0.00000 ( 2)
  53 G   0.00050 0.99950 0.00000 0.00000 ( 2)
  54 S   0.03421 0.96579 0.00000 0.00000 ( 2)
  55 D   0.00173 0.99827 0.00000 0.00000 ( 2)
  56 L   0.50253 0.49747 0.00000 0.00000 ( 1)
  57 V   0.00006 0.99994 0.00000 0.00000 ( 2)
  58 S   0.00003 0.99997 0.00000 0.00000 ( 2)
  59 F   0.00002 0.99998 0.00000 0.00000 ( 2)
  60 Y   0.98892 0.01108 0.00000 0.00000 ( 1)
  61 R   0.11448 0.88552 0.00000 0.00000 ( 2)
  62 V   0.99071 0.00929 0.00000 0.00000 ( 1)
  63 R   0.99913 0.00087 0.00000 0.00000 ( 1)
  64 I   0.99954 0.00046 0.00000 0.00000 ( 1)
  65 R   0.99911 0.00089 0.00000 0.00000 ( 1)
  66 Y   0.99998 0.00002 0.00000 0.00000 ( 1)
  67 A   0.99926 0.00074 0.00000 0.00000 ( 1)
  68 S   0.99780 0.00220 0.00000 0.00000 ( 1)
  69 S   0.97315 0.02685 0.00000 0.00000 ( 1)
  70 Q   0.00038 0.99962 0.00000 0.00000 ( 2)
  71 S   0.00022 0.99978 0.00000 0.00000 ( 2)
  72 A   0.99536 0.00464 0.00000 0.00000 ( 1)
  73 K   0.11618 0.88382 0.00000 0.00000 ( 2)
  74 V   0.96105 0.03895 0.00000 0.00000 ( 1)
  75 T   0.00293 0.99707 0.00000 0.00000 ( 2)
  76 M   0.63894 0.36106 0.00000 0.00000 ( 1)
  77 G   0.00001 0.99999 0.00000 0.00000 ( 2)
  78 F   0.03633 0.96367 0.00000 0.00000 ( 2)
  79 G   0.00001 0.99999 0.00000 0.00000 ( 2)
  80 G   0.00002 0.99998 0.00000 0.00000 ( 2)
  81 -   0.36429 0.63571 0.00000 0.00000 ( 2)
  82 -   0.33569 0.66431 0.00000 0.00000 ( 2)
  83 G   0.00514 0.99486 0.00000 0.00000 ( 2)
  84 V   0.41419 0.58581 0.00000 0.00000 ( 2)
  85 E   0.00825 0.99175 0.00000 0.00000 ( 2)
  86 E   0.77743 0.22257 0.00000 0.00000 ( 1)
  87 S   0.00007 0.99993 0.00000 0.00000 ( 2)
  88 E   0.05087 0.94913 0.00000 0.00000 ( 2)
  89 S   0.00005 0.99995 0.00000 0.00000 ( 2)
  90 K   0.00044 0.99956 0.00000 0.00000 ( 2)
  91 F   0.57905 0.42095 0.00000 0.00000 ( 1)
  92 N   0.97167 0.02833 0.00000 0.00000 ( 1)
  93 F   0.85871 0.14129 0.00000 0.00000 ( 1)
  94 P   0.00958 0.99042 0.00000 0.00000 ( 2)
  95 A   0.00182 0.99818 0.00000 0.00000 ( 2)
  96 T   0.99877 0.00123 0.00000 0.00000 ( 1)
  97 Y   0.08507 0.91493 0.00000 0.00000 ( 2)
  98 S   0.52834 0.47166 0.00000 0.00000 ( 1)
  99 G   0.89074 0.10926 0.00000 0.00000 ( 1)
 100 -   0.08996 0.91004 0.00000 0.00000 ( 2)
 101 -   0.50253 0.49747 0.00000 0.00000 ( 1)
 102 -   0.50253 0.49747 0.00000 0.00000 ( 1)
 103 G   0.95024 0.04976 0.00000 0.00000 ( 1)
 104 N   0.00001 0.99999 0.00000 0.00000 ( 2)
 105 L   0.69891 0.30109 0.00000 0.00000 ( 1)
 106 T   0.99504 0.00496 0.00000 0.00000 ( 1)
 107 Y   0.99848 0.00152 0.00000 0.00000 ( 1)
 108 N   0.99566 0.00434 0.00000 0.00000 ( 1)
 109 S   0.00006 0.99994 0.00000 0.00000 ( 2)
 110 F   0.99999 0.00001 0.00000 0.00000 ( 1)
 111 G   0.90385 0.09615 0.00000 0.00000 ( 1)
 112 Y   0.99998 0.00002 0.00000 0.00000 ( 1)
 113 I   0.01177 0.98823 0.00000 0.00000 ( 2)
 114 N   0.96884 0.03116 0.00000 0.00000 ( 1)
 115 T   0.30390 0.69610 0.00000 0.00000 ( 2)
 116 L   0.03461 0.96539 0.00000 0.00000 ( 2)
 117 A   0.30831 0.69169 0.00000 0.00000 ( 2)
 118 I   0.34291 0.65709 0.00000 0.00000 ( 2)
 119 A   0.00000 1.00000 0.00000 0.00000 ( 2)
 120 S   0.00072 0.99928 0.00000 0.00000 ( 2)
 121 Q   0.15883 0.84117 0.00000 0.00000 ( 2)
 122 S   0.52191 0.47809 0.00000 0.00000 ( 1)
 123 T   0.00938 0.99062 0.00000 0.00000 ( 2)
 124 A   0.81432 0.18568 0.00000 0.00000 ( 1)
 125 Q   0.02277 0.97723 0.00000 0.00000 ( 2)
 126 T   0.00000 1.00000 0.00000 0.00000 ( 2)
 127 I   0.22664 0.77336 0.00000 0.00000 ( 2)
 128 E   0.99590 0.00410 0.00000 0.00000 ( 1)
 129 V   0.05263 0.94737 0.00000 0.00000 ( 2)
 130 Y   0.00016 0.99984 0.00000 0.00000 ( 2)
 131 F   0.99189 0.00811 0.00000 0.00000 ( 1)
 132 R   0.00263 0.99737 0.00000 0.00000 ( 2)
 133 Q   0.99633 0.00367 0.00000 0.00000 ( 1)
 134 Y   0.00017 0.99983 0.00000 0.00000 ( 2)
 135 E   0.03250 0.96750 0.00000 0.00000 ( 2)
 136 E   0.99799 0.00201 0.00000 0.00000 ( 1)
 137 A   0.96712 0.03288 0.00000 0.00000 ( 1)
 138 E   0.00496 0.99504 0.00000 0.00000 ( 2)
 139 F   0.99744 0.00256 0.00000 0.00000 ( 1)
 140 I   0.00474 0.99526 0.00000 0.00000 ( 2)
 141 V   0.99579 0.00421 0.00000 0.00000 ( 1)
 142 D   0.99977 0.00023 0.00000 0.00000 ( 1)
 143 K   0.99967 0.00033 0.00000 0.00000 ( 1)
 144 L   0.99010 0.00990 0.00000 0.00000 ( 1)
 145 E   0.99996 0.00004 0.00000 0.00000 ( 1)
 146 F   0.99701 0.00299 0.00000 0.00000 ( 1)
 147 I   0.99992 0.00008 0.00000 0.00000 ( 1)
 148 -   0.50253 0.49747 0.00000 0.00000 ( 1)


lnL = -3129.937715

Bayes Empirical Bayes (BEB) probabilities for 4 classes (class)
(amino acids refer to 1st sequence: BT_Cry32Da1)

   1 I   0.57256 0.38138 0.02769 0.01837 ( 1)
   2 S   0.21050 0.74343 0.01021 0.03585 ( 2)
   3 I   0.07349 0.88044 0.00357 0.04250 ( 2)
   4 D   0.95173 0.00220 0.04596 0.00011 ( 1)
   5 K   0.98753 0.00083 0.01163 0.00001 ( 1)
   6 I   0.98911 0.00062 0.01027 0.00001 ( 1)
   7 T   0.99247 0.00008 0.00745 0.00000 ( 1)
   8 Q   0.98968 0.00035 0.00997 0.00000 ( 1)
   9 I   0.99218 0.00004 0.00778 0.00000 ( 1)
  10 P   0.98908 0.00044 0.01047 0.00001 ( 1)
  11 A   0.98049 0.00274 0.01672 0.00006 ( 1)
  12 V   0.98028 0.00327 0.01638 0.00007 ( 1)
  13 K   0.99214 0.00009 0.00777 0.00000 ( 1)
  14 A   0.88097 0.11009 0.00700 0.00194 ( 1)
  15 F   0.10558 0.87461 0.00302 0.01678 ( 2)
  16 F   0.00003 0.98038 0.00000 0.01959 ( 2)
  17 I   0.18619 0.79856 0.00218 0.01307 ( 2)
  18 D   0.00296 0.97888 0.00003 0.01812 ( 2)
  19 D   0.92384 0.06127 0.01365 0.00124 ( 1)
  20 N   0.01619 0.95162 0.00051 0.03167 ( 2)
  21 H   0.52875 0.42519 0.02558 0.02048 ( 1)
  22 V   0.58025 0.40793 0.00443 0.00739 ( 1)
  23 K   0.88765 0.10205 0.00851 0.00179 ( 1)
  24 V   0.99151 0.00013 0.00836 0.00000 ( 1)
  25 I   0.70617 0.27683 0.01122 0.00577 ( 1)
  26 K   0.17768 0.65374 0.10548 0.06311 ( 2)
  27 G   0.98200 0.00197 0.01599 0.00004 ( 1)
  28 P   0.99176 0.00046 0.00777 0.00001 ( 1)
  29 G   0.99302 0.00003 0.00695 0.00000 ( 1)
  30 S   0.19960 0.78423 0.00171 0.01447 ( 2)
  31 T   0.99092 0.00011 0.00897 0.00000 ( 1)
  32 G   0.98408 0.00028 0.01563 0.00001 ( 1)
  33 G   0.98308 0.00049 0.01641 0.00001 ( 1)
  34 D   0.99255 0.00053 0.00691 0.00001 ( 1)
  35 L   0.98057 0.00733 0.01196 0.00013 ( 1)
  36 V   0.98698 0.00257 0.01039 0.00005 ( 1)
  37 A   0.30164 0.68572 0.00303 0.00961 ( 2)
  38 F   0.95813 0.01971 0.02159 0.00057 ( 1)
  39 S   0.13416 0.84386 0.00116 0.02083 ( 2)
  40 R   0.00002 0.85655 0.00006 0.14338 ( 2)
  41 E   0.00001 0.90765 0.00000 0.09234 ( 2)
  42 G   0.24877 0.73733 0.00239 0.01151 ( 2)
  43 Y   0.00545 0.80909 0.05097 0.13449 ( 2)
  44 G   0.52875 0.42519 0.02558 0.02048 ( 1)
  45 L   0.96634 0.02367 0.00956 0.00043 ( 1)
  46 S   0.02615 0.95782 0.00031 0.01572 ( 2)
  47 I   0.99076 0.00054 0.00869 0.00001 ( 1)
  48 S   0.00019 0.88258 0.00109 0.11614 ( 2)
  49 V   0.73185 0.09063 0.17379 0.00373 ( 1)
  50 F   0.00307 0.95087 0.00015 0.04592 ( 2)
  51 I   0.05148 0.93249 0.00058 0.01545 ( 2)
  52 P   0.00005 0.94684 0.00002 0.05309 ( 2)
  53 G   0.00354 0.97619 0.00004 0.02024 ( 2)
  54 S   0.12378 0.84826 0.00212 0.02584 ( 2)
  55 D   0.01227 0.93285 0.00480 0.05008 ( 2)
  56 L   0.52875 0.42519 0.02558 0.02048 ( 1)
  57 V   0.00057 0.96059 0.00013 0.03871 ( 2)
  58 S   0.00034 0.98072 0.00001 0.01893 ( 2)
  59 F   0.00024 0.91846 0.00007 0.08123 ( 2)
  60 Y   0.97689 0.00783 0.01510 0.00018 ( 1)
  61 R   0.22774 0.76123 0.00183 0.00920 ( 2)
  62 V   0.97988 0.00854 0.01140 0.00018 ( 1)
  63 R   0.99083 0.00110 0.00805 0.00002 ( 1)
  64 I   0.99170 0.00057 0.00773 0.00001 ( 1)
  65 R   0.99088 0.00107 0.00804 0.00001 ( 1)
  66 Y   0.99243 0.00003 0.00753 0.00000 ( 1)
  67 A   0.98291 0.00093 0.01615 0.00002 ( 1)
  68 S   0.99181 0.00185 0.00630 0.00003 ( 1)
  69 S   0.97800 0.01592 0.00583 0.00026 ( 1)
  70 Q   0.00237 0.86909 0.00615 0.12239 ( 2)
  71 S   0.00226 0.94761 0.00041 0.04971 ( 2)
  72 A   0.97913 0.00356 0.01718 0.00013 ( 1)
  73 K   0.32027 0.65367 0.01234 0.01372 ( 2)
  74 V   0.94324 0.03093 0.02480 0.00103 ( 1)
  75 T   0.01715 0.96137 0.00037 0.02111 ( 2)
  76 M   0.79063 0.19735 0.00810 0.00392 ( 1)
  77 G   0.00020 0.95988 0.00002 0.03991 ( 2)
  78 F   0.10918 0.79028 0.02630 0.07424 ( 2)
  79 G   0.00008 0.97750 0.00000 0.02241 ( 2)
  80 G   0.00024 0.93542 0.00055 0.06379 ( 2)
  81 -   0.45324 0.50070 0.02194 0.02412 ( 2)
  82 -   0.42565 0.52828 0.02061 0.02546 ( 2)
  83 G   0.01613 0.67323 0.15301 0.15764 ( 2)
  84 V   0.65428 0.32896 0.00907 0.00769 ( 1)
  85 E   0.01186 0.29637 0.57433 0.11745 ( 3)
  86 E   0.89285 0.09604 0.00963 0.00148 ( 1)
  87 S   0.00054 0.93956 0.00003 0.05988 ( 2)
  88 E   0.19111 0.79516 0.00176 0.01197 ( 2)
  89 S   0.00047 0.98220 0.00000 0.01733 ( 2)
  90 K   0.00383 0.97951 0.00006 0.01660 ( 2)
  91 F   0.78897 0.20185 0.00625 0.00293 ( 1)
  92 N   0.97119 0.01624 0.01221 0.00036 ( 1)
  93 F   0.87113 0.07052 0.05600 0.00235 ( 1)
  94 P   0.05324 0.90433 0.01045 0.03197 ( 2)
  95 A   0.01106 0.92354 0.00029 0.06511 ( 2)
  96 T   0.98149 0.00152 0.01696 0.00003 ( 1)
  97 Y   0.30107 0.68631 0.00233 0.01029 ( 2)
  98 S   0.70603 0.26658 0.01952 0.00786 ( 1)
  99 G   0.89590 0.05804 0.04327 0.00280 ( 1)
 100 -   0.17686 0.77707 0.00858 0.03748 ( 2)
 101 -   0.52875 0.42519 0.02558 0.02048 ( 1)
 102 -   0.52875 0.42519 0.02558 0.02048 ( 1)
 103 G   0.96550 0.02827 0.00577 0.00045 ( 1)
 104 N   0.00010 0.91858 0.00008 0.08124 ( 2)
 105 L   0.79730 0.19017 0.00946 0.00307 ( 1)
 106 T   0.98619 0.00460 0.00914 0.00007 ( 1)
 107 Y   0.99086 0.00150 0.00762 0.00002 ( 1)
 108 N   0.98936 0.00396 0.00661 0.00008 ( 1)
 109 S   0.00056 0.95993 0.00015 0.03937 ( 2)
 110 F   0.99327 0.00002 0.00671 0.00000 ( 1)
 111 G   0.94026 0.05149 0.00735 0.00090 ( 1)
 112 Y   0.99243 0.00003 0.00753 0.00000 ( 1)
 113 I   0.05402 0.91997 0.00320 0.02281 ( 2)
 114 N   0.84096 0.01662 0.14184 0.00059 ( 1)
 115 T   0.56090 0.42591 0.00652 0.00666 ( 1)
 116 L   0.10926 0.85226 0.01036 0.02813 ( 2)
 117 A   0.55314 0.43399 0.00425 0.00862 ( 1)
 118 I   0.57379 0.41201 0.00523 0.00897 ( 1)
 119 A   0.00004 0.98070 0.00000 0.01925 ( 2)
 120 S   0.00437 0.92250 0.00831 0.06483 ( 2)
 121 Q   0.25484 0.63441 0.07736 0.03338 ( 2)
 122 S   0.59543 0.35561 0.03742 0.01154 ( 1)
 123 T   0.04078 0.93175 0.00047 0.02700 ( 2)
 124 A   0.90659 0.08507 0.00668 0.00167 ( 1)
 125 Q   0.09578 0.84819 0.01707 0.03896 ( 2)
 126 T   0.00004 0.89694 0.00004 0.10298 ( 2)
 127 I   0.40531 0.46840 0.10552 0.02077 ( 2)
 128 E   0.98666 0.00389 0.00938 0.00007 ( 1)
 129 V   0.15102 0.79464 0.02225 0.03210 ( 2)
 130 Y   0.00123 0.97759 0.00002 0.02116 ( 2)
 131 F   0.98692 0.00569 0.00732 0.00007 ( 1)
 132 R   0.01642 0.96187 0.00035 0.02136 ( 2)
 133 Q   0.99007 0.00310 0.00677 0.00006 ( 1)
 134 Y   0.00127 0.94078 0.00020 0.05776 ( 2)
 135 E   0.14815 0.83520 0.00163 0.01502 ( 2)
 136 E   0.98912 0.00196 0.00888 0.00003 ( 1)
 137 A   0.96869 0.02179 0.00919 0.00033 ( 1)
 138 E   0.02975 0.92876 0.00363 0.03786 ( 2)
 139 F   0.98286 0.00252 0.01456 0.00005 ( 1)
 140 I   0.02197 0.95732 0.00035 0.02036 ( 2)
 141 V   0.98096 0.00406 0.01490 0.00008 ( 1)
 142 D   0.98829 0.00031 0.01140 0.00000 ( 1)
 143 K   0.99222 0.00037 0.00740 0.00001 ( 1)
 144 L   0.97581 0.00849 0.01553 0.00017 ( 1)
 145 E   0.99069 0.00006 0.00924 0.00000 ( 1)
 146 F   0.98166 0.00331 0.01498 0.00006 ( 1)
 147 I   0.99211 0.00014 0.00774 0.00000 ( 1)
 148 -   0.52875 0.42519 0.02558 0.02048 ( 1)

