Supplemental results for CODEML (seqf: algn  treef: tree)


dN/dS (w) for site classes (K=4)

site class             0        1       2a       2b
proportion       0.56255  0.20332  0.17197  0.06216
background w     0.17256  1.00000  0.17256  1.00000
foreground w     0.17256  1.00000  1.00000  1.00000

Naive Empirical Bayes (NEB) probabilities for 4 classes
(amino acids refer to 1st sequence: BT_Cry1Ba1)

   1 -   0.56255 0.20332 0.17197 0.06216 ( 1)
   2 -   0.56255 0.20332 0.17197 0.06216 ( 1)
   3 -   0.56255 0.20332 0.17197 0.06216 ( 1)
   4 -   0.56255 0.20332 0.17197 0.06216 ( 1)
   5 -   0.56255 0.20332 0.17197 0.06216 ( 1)
   6 -   0.90286 0.04515 0.03819 0.01380 ( 1)
   7 -   0.90629 0.04356 0.03684 0.01332 ( 1)
   8 -   0.46785 0.24734 0.20920 0.07561 ( 1)
   9 -   0.99755 0.00114 0.00096 0.00035 ( 1)
  10 R   0.99161 0.00390 0.00330 0.00119 ( 1)
  11 I   1.00000 0.00000 0.00000 0.00000 ( 1)
  12 T   1.00000 0.00000 0.00000 0.00000 ( 1)
  13 Q   0.99864 0.00063 0.00053 0.00019 ( 1)
  14 I   0.97858 0.00995 0.00842 0.00304 ( 1)
  15 P   0.99999 0.00001 0.00001 0.00000 ( 1)
  16 M   0.00019 0.46470 0.39305 0.14206 ( 2)
  17 V   0.99867 0.00062 0.00052 0.00019 ( 1)
  18 K   0.99994 0.00003 0.00002 0.00001 ( 1)
  19 A   0.99939 0.00029 0.00024 0.00009 ( 1)
  20 S   0.00036 0.46462 0.39298 0.14204 ( 2)
  21 E   0.01189 0.45927 0.38845 0.14040 ( 2)
  22 L   0.03374 0.44911 0.37985 0.13729 ( 2)
  23 P   0.00000 0.46479 0.39312 0.14209 ( 2)
  24 Q   0.00005 0.46477 0.39310 0.14208 ( 2)
  25 G   0.99999 0.00001 0.00001 0.00000 ( 1)
  26 T   0.17823 0.38195 0.32306 0.11676 ( 2)
  27 T   0.10771 0.41473 0.35078 0.12678 ( 2)
  28 V   0.42647 0.26657 0.22547 0.08149 ( 1)
  29 V   0.99960 0.00019 0.00016 0.00006 ( 1)
  30 R   0.11312 0.41221 0.34865 0.12602 ( 2)
  31 G   0.99995 0.00002 0.00002 0.00001 ( 1)
  32 P   0.99998 0.00001 0.00001 0.00000 ( 1)
  33 G   0.99995 0.00002 0.00002 0.00001 ( 1)
  34 F   1.00000 0.00000 0.00000 0.00000 ( 1)
  35 T   0.99999 0.00000 0.00000 0.00000 ( 1)
  36 G   0.99999 0.00000 0.00000 0.00000 ( 1)
  37 G   0.99865 0.00063 0.00053 0.00019 ( 1)
  38 D   0.99994 0.00003 0.00002 0.00001 ( 1)
  39 I   0.99781 0.00102 0.00086 0.00031 ( 1)
  40 L   0.99408 0.00275 0.00233 0.00084 ( 1)
  41 R   0.94837 0.02400 0.02030 0.00734 ( 1)
  42 R   0.99976 0.00011 0.00010 0.00003 ( 1)
  43 T   0.99907 0.00043 0.00037 0.00013 ( 1)
  44 N   0.00000 0.46479 0.39312 0.14209 ( 2)
  45 T   0.00002 0.46478 0.39311 0.14209 ( 2)
  46 -   0.70821 0.13562 0.11471 0.04146 ( 1)
  47 G   0.99998 0.00001 0.00001 0.00000 ( 1)
  48 G   0.00056 0.46453 0.39290 0.14201 ( 2)
  49 F   0.08644 0.42461 0.35914 0.12981 ( 2)
  50 G   0.99374 0.00291 0.00246 0.00089 ( 1)
  51 P   0.01917 0.45588 0.38559 0.13937 ( 2)
  52 I   0.99958 0.00020 0.00017 0.00006 ( 1)
  53 R   0.99985 0.00007 0.00006 0.00002 ( 1)
  54 V   0.99893 0.00050 0.00042 0.00015 ( 1)
  55 T   0.01767 0.45658 0.38617 0.13958 ( 2)
  56 V   0.93530 0.03007 0.02543 0.00919 ( 1)
  57 N   0.05290 0.44020 0.37232 0.13457 ( 2)
  58 G   0.00002 0.46478 0.39311 0.14209 ( 2)
  59 P   0.53597 0.21568 0.18242 0.06593 ( 1)
  60 L   0.97714 0.01062 0.00898 0.00325 ( 1)
  61 T   0.96639 0.01562 0.01321 0.00477 ( 1)
  62 Q   0.99989 0.00005 0.00004 0.00002 ( 1)
  63 R   0.32403 0.31419 0.26574 0.09605 ( 1)
  64 Y   0.99999 0.00001 0.00001 0.00000 ( 1)
  65 R   0.98724 0.00593 0.00501 0.00181 ( 1)
  66 I   0.95964 0.01876 0.01587 0.00573 ( 1)
  67 G   0.99996 0.00002 0.00001 0.00001 ( 1)
  68 F   0.00120 0.46423 0.39265 0.14192 ( 2)
  69 R   0.99823 0.00082 0.00070 0.00025 ( 1)
  70 Y   0.99915 0.00039 0.00033 0.00012 ( 1)
  71 A   1.00000 0.00000 0.00000 0.00000 ( 1)
  72 S   0.99712 0.00134 0.00113 0.00041 ( 1)
  73 T   0.99997 0.00001 0.00001 0.00000 ( 1)
  74 V   0.76363 0.10986 0.09292 0.03359 ( 1)
  75 D   0.96286 0.01726 0.01460 0.00528 ( 1)
  76 F   0.39682 0.28035 0.23712 0.08570 ( 1)
  77 D   0.00000 0.46479 0.39312 0.14209 ( 2)
  78 F   0.77420 0.10495 0.08877 0.03208 ( 1)
  79 F   0.00000 0.46479 0.39312 0.14209 ( 2)
  80 V   0.38676 0.28503 0.24108 0.08713 ( 1)
  81 S   0.00000 0.46479 0.39312 0.14209 ( 2)
  82 R   0.00541 0.46228 0.39099 0.14132 ( 2)
  83 G   0.04971 0.44169 0.37358 0.13502 ( 2)
  84 G   0.00082 0.46441 0.39280 0.14197 ( 2)
  85 T   0.00109 0.46428 0.39269 0.14193 ( 2)
  86 T   0.00233 0.46371 0.39220 0.14176 ( 2)
  87 -   0.71507 0.13243 0.11201 0.04048 ( 1)
  88 -   0.05013 0.44149 0.37341 0.13497 ( 2)
  89 V   0.63259 0.17077 0.14443 0.05220 ( 1)
  90 N   0.39850 0.27957 0.23646 0.08547 ( 1)
  91 N   0.00001 0.46479 0.39311 0.14209 ( 2)
  92 F   0.00757 0.46128 0.39015 0.14101 ( 2)
  93 R   0.00010 0.46475 0.39308 0.14207 ( 2)
  94 F   0.13965 0.39989 0.33822 0.12225 ( 2)
  95 L   0.00000 0.46479 0.39312 0.14209 ( 2)
  96 R   0.01328 0.45862 0.38790 0.14020 ( 2)
  97 T   1.00000 0.00000 0.00000 0.00000 ( 1)
  98 M   1.00000 0.00000 0.00000 0.00000 ( 1)
  99 N   0.03095 0.45041 0.38095 0.13769 ( 2)
 100 S   0.00516 0.46239 0.39109 0.14136 ( 2)
 101 G   0.99170 0.00386 0.00326 0.00118 ( 1)
 102 D   0.00001 0.46479 0.39312 0.14209 ( 2)
 103 E   0.72445 0.12807 0.10832 0.03915 ( 1)
 104 L   0.95277 0.02195 0.01857 0.00671 ( 1)
 105 K   0.01966 0.45565 0.38539 0.13930 ( 2)
 106 Y   0.95513 0.02086 0.01764 0.00638 ( 1)
 107 G   0.24233 0.35216 0.29786 0.10766 ( 2)
 108 N   0.12383 0.40723 0.34444 0.12449 ( 2)
 109 F   0.99991 0.00004 0.00003 0.00001 ( 1)
 110 V   0.00047 0.46457 0.39294 0.14202 ( 2)
 111 R   0.99694 0.00142 0.00120 0.00044 ( 1)
 112 R   0.00009 0.46475 0.39308 0.14207 ( 2)
 113 A   0.70667 0.13634 0.11531 0.04168 ( 1)
 114 F   0.99711 0.00134 0.00114 0.00041 ( 1)
 115 T   0.37423 0.29085 0.24600 0.08891 ( 1)
 116 T   0.99525 0.00221 0.00187 0.00067 ( 1)
 117 -   0.56255 0.20332 0.17197 0.06216 ( 1)
 118 -   0.56255 0.20332 0.17197 0.06216 ( 1)
 119 -   0.56255 0.20332 0.17197 0.06216 ( 1)
 120 -   0.56255 0.20332 0.17197 0.06216 ( 1)
 121 -   0.56255 0.20332 0.17197 0.06216 ( 1)
 122 -   0.56255 0.20332 0.17197 0.06216 ( 1)
 123 P   0.20345 0.37023 0.31314 0.11318 ( 2)
 124 F   0.99995 0.00002 0.00002 0.00001 ( 1)
 125 T   0.00007 0.46476 0.39309 0.14208 ( 2)
 126 F   0.94042 0.02769 0.02342 0.00847 ( 1)
 127 T   0.00157 0.46406 0.39250 0.14187 ( 2)
 128 Q   0.01990 0.45554 0.38530 0.13926 ( 2)
 129 I   0.00008 0.46475 0.39309 0.14208 ( 2)
 130 Q   0.33842 0.30750 0.26008 0.09400 ( 1)
 131 D   0.15900 0.39089 0.33061 0.11950 ( 2)
 132 I   0.00125 0.46421 0.39263 0.14191 ( 2)
 133 I   0.95592 0.02049 0.01733 0.00626 ( 1)
 134 R   0.65218 0.16166 0.13674 0.04942 ( 1)
 135 T   0.00064 0.46450 0.39287 0.14200 ( 2)
 136 S   0.00024 0.46468 0.39303 0.14205 ( 2)
 137 I   0.10718 0.41498 0.35099 0.12686 ( 2)
 138 Q   0.00000 0.46479 0.39312 0.14209 ( 2)
 139 G   0.00022 0.46469 0.39303 0.14206 ( 2)
 140 L   0.96432 0.01658 0.01403 0.00507 ( 1)
 141 S   0.67929 0.14907 0.12608 0.04557 ( 1)
 142 G   0.00024 0.46468 0.39303 0.14205 ( 2)
 143 N   0.82257 0.08247 0.06975 0.02521 ( 1)
 144 G   0.00003 0.46478 0.39311 0.14208 ( 2)
 145 E   0.99355 0.00300 0.00254 0.00092 ( 1)
 146 V   0.93565 0.02991 0.02530 0.00914 ( 1)
 147 Y   0.99990 0.00005 0.00004 0.00001 ( 1)
 148 I   0.25191 0.34770 0.29409 0.10629 ( 2)
 149 D   1.00000 0.00000 0.00000 0.00000 ( 1)
 150 K   0.99927 0.00034 0.00029 0.00010 ( 1)
 151 I   0.99955 0.00021 0.00018 0.00006 ( 1)
 152 E   1.00000 0.00000 0.00000 0.00000 ( 1)
 153 I   0.99383 0.00287 0.00242 0.00088 ( 1)
 154 I   0.97194 0.01304 0.01103 0.00399 ( 1)
 155 P   0.98949 0.00489 0.00413 0.00149 ( 1)


lnL = -5323.003659

