Supplemental results for CODEML (seqf: algn  treef: tree)


dN/dS (w) for site classes (K=4)

site class             0        1       2a       2b
proportion       0.21001  0.12144  0.42360  0.24495
background w     0.22826  1.75514  0.22826  1.75514
foreground w     0.22826  1.75514  0.00000  0.00000

Naive Empirical Bayes (NEB) probabilities for 4 classes
(amino acids refer to 1st sequence: BT_Cry4Ba1)

   1 S   0.16646 0.13753 0.34615 0.34986 ( 4)
   2 K   0.09201 0.22903 0.18929 0.48968 ( 4)
   3 T   0.30602 0.01312 0.64463 0.03623 ( 3)
   4 E   0.30761 0.01253 0.64577 0.03408 ( 3)
   5 F   0.24613 0.06415 0.51616 0.17357 ( 3)
   6 T   0.30867 0.01941 0.62940 0.04252 ( 3)
   7 R   0.30947 0.01045 0.65113 0.02895 ( 3)
   8 E   0.27494 0.04984 0.56275 0.11247 ( 3)
   9 I   0.31188 0.00507 0.66740 0.01565 ( 3)
  10 Y   0.30853 0.01109 0.64964 0.03073 ( 3)
  11 T   0.20735 0.10534 0.42926 0.25805 ( 3)
  12 A   0.31121 0.00957 0.65323 0.02598 ( 3)
  13 L   0.28718 0.03638 0.59098 0.08546 ( 3)
  14 V   0.00907 0.28134 0.01878 0.69081 ( 4)
  15 E   0.23667 0.06483 0.50386 0.19464 ( 3)
  16 S   0.30968 0.00950 0.65395 0.02687 ( 3)
  17 P   0.23649 0.07037 0.49786 0.19528 ( 3)
  18 S   0.24385 0.06418 0.51338 0.17859 ( 3)
  19 S   0.27573 0.03415 0.58752 0.10260 ( 3)
  20 K   0.30972 0.00920 0.65489 0.02619 ( 3)
  21 S   0.07094 0.21951 0.14768 0.56188 ( 4)
  22 I   0.22651 0.07733 0.47875 0.21741 ( 3)
  23 A   0.21965 0.08609 0.46102 0.23324 ( 3)
  24 A   0.05407 0.24575 0.11154 0.58864 ( 4)
  25 L   0.07923 0.23664 0.16170 0.52243 ( 4)
  26 E   0.26954 0.05488 0.55172 0.12386 ( 3)
  27 A   0.22396 0.08227 0.47015 0.22363 ( 3)
  28 A   0.19223 0.11781 0.39854 0.29142 ( 3)
  29 L   0.30783 0.01257 0.64556 0.03403 ( 3)
  30 T   0.30708 0.01225 0.64685 0.03383 ( 3)
  31 R   0.29024 0.02628 0.61067 0.07281 ( 3)
  32 D   0.25596 0.04941 0.54583 0.14881 ( 3)
  33 V   0.07421 0.19814 0.15722 0.57042 ( 4)
  34 H   0.31085 0.00871 0.65582 0.02463 ( 3)
  35 L   0.29229 0.03462 0.59661 0.07648 ( 3)
  36 F   0.26304 0.05395 0.54740 0.13561 ( 3)
  37 T   0.26510 0.04189 0.56632 0.12668 ( 3)
  38 W   0.24365 0.08333 0.49510 0.17792 ( 3)
  39 L   0.14514 0.16621 0.29866 0.38999 ( 4)
  40 K   0.28423 0.03882 0.58528 0.09167 ( 3)
  41 R   0.08559 0.18568 0.18197 0.54675 ( 4)
  42 V   0.20774 0.09761 0.43487 0.25978 ( 3)
  43 D   0.26515 0.49254 0.01645 0.22585 ( 2)
  44 F   0.26470 0.06009 0.54104 0.13417 ( 3)
  45 W   0.24365 0.08333 0.49510 0.17792 ( 3)
  46 T   0.25571 0.06989 0.52138 0.15302 ( 3)
  47 -   0.26803 0.04197 0.56795 0.12204 ( 3)
  48 -   0.27291 0.03414 0.58586 0.10709 ( 3)
  49 N   0.25358 0.05637 0.53394 0.15611 ( 3)
  50 T   0.26197 0.04245 0.56237 0.13321 ( 3)
  51 I   0.09670 0.23215 0.16960 0.50156 ( 4)
  52 Y   0.29278 0.03559 0.59530 0.07633 ( 3)
  53 Q   0.18102 0.12359 0.37712 0.31828 ( 3)
  54 D   0.31279 0.00496 0.66715 0.01510 ( 3)
  55 L   0.00167 0.64768 0.00115 0.34950 ( 2)
  56 R   0.31060 0.01649 0.63571 0.03721 ( 3)
  57 F   0.17879 0.14554 0.36353 0.31215 ( 3)
  58 L   0.29517 0.02666 0.61200 0.06617 ( 3)
  59 S   0.30968 0.00950 0.65395 0.02687 ( 3)
  60 A   0.29470 0.01978 0.62664 0.05888 ( 3)
  61 N   0.31196 0.00443 0.66969 0.01392 ( 3)
  62 K   0.24414 0.06425 0.51366 0.17794 ( 3)
  63 I   0.31188 0.00507 0.66740 0.01565 ( 3)
  64 G   0.28479 0.03190 0.59708 0.08624 ( 3)
  65 F   0.31160 0.00719 0.66027 0.02094 ( 3)
  66 S   0.29384 0.02791 0.60919 0.06907 ( 3)
  67 Y   0.30853 0.01109 0.64964 0.03073 ( 3)
  68 T   0.30708 0.01225 0.64685 0.03383 ( 3)
  69 N   0.31196 0.00443 0.66969 0.01392 ( 3)
  70 S   0.30968 0.00950 0.65395 0.02687 ( 3)
  71 S   0.30968 0.00950 0.65395 0.02687 ( 3)
  72 A   0.06590 0.21461 0.13832 0.58117 ( 4)
  73 M   0.23624 0.06890 0.49941 0.19545 ( 3)
  74 Q   0.09510 0.50660 0.04515 0.35315 ( 2)
  75 E   0.01051 0.26427 0.02204 0.70318 ( 4)
  76 S   0.28081 0.02912 0.59990 0.09017 ( 3)
  77 G   0.29559 0.02642 0.61254 0.06544 ( 3)
  78 I   0.31188 0.00507 0.66740 0.01565 ( 3)
  79 Y   0.30759 0.01274 0.64547 0.03420 ( 3)
  80 G   0.29559 0.02642 0.61254 0.06544 ( 3)
  81 S   0.31343 0.00414 0.66960 0.01283 ( 3)
  82 S   0.00306 0.24888 0.00653 0.74153 ( 4)
  83 G   0.02914 0.54633 0.01519 0.40933 ( 2)
  84 F   0.24519 0.06017 0.51956 0.17508 ( 3)
  85 G   0.20760 0.09645 0.43525 0.26070 ( 3)
  86 S   0.00733 0.26006 0.01544 0.71717 ( 4)
  87 N   0.00195 0.89219 0.00003 0.10584 ( 2)
  88 L   0.07442 0.20760 0.15606 0.56193 ( 4)
  89 T   0.09697 0.17292 0.20716 0.52295 ( 4)
  90 H   0.07779 0.19796 0.16413 0.56012 ( 4)
  91 Q   0.02062 0.97895 0.00000 0.00043 ( 2)
  92 I   0.08502 0.18980 0.17988 0.54530 ( 4)
  93 Q   0.00601 0.27451 0.01253 0.70695 ( 4)
  94 L   0.22847 0.07888 0.47912 0.21352 ( 3)
  95 N   0.26072 0.04757 0.55883 0.13288 ( 3)
  96 S   0.12807 0.16610 0.26789 0.43794 ( 4)
  97 N   0.26939 0.03675 0.57830 0.11556 ( 3)
  98 V   0.31166 0.00716 0.66036 0.02082 ( 3)
  99 Y   0.04390 0.22900 0.09244 0.63466 ( 4)
 100 K   0.24414 0.06425 0.51366 0.17794 ( 3)
 101 T   0.01564 0.23823 0.03327 0.71286 ( 4)
 102 S   0.12867 0.15663 0.27172 0.44297 ( 4)
 103 I   0.00291 0.31292 0.00592 0.67825 ( 4)
 104 T   0.00726 0.25783 0.01532 0.71958 ( 4)
 105 D   0.07375 0.18997 0.15731 0.57897 ( 4)
 106 T   0.10377 0.16762 0.22168 0.50692 ( 4)
 107 S   0.00253 0.26414 0.00533 0.72800 ( 4)
 108 S   0.02877 0.25894 0.06017 0.65212 ( 4)
 109 P   0.01936 0.29991 0.03935 0.64138 ( 4)
 110 S   0.00037 0.33741 0.00076 0.66146 ( 4)
 111 N   0.25892 0.04470 0.55581 0.14057 ( 3)
 112 R   0.00373 0.28881 0.00771 0.69975 ( 4)
 113 V   0.04391 0.22077 0.09304 0.64228 ( 4)
 114 T   0.06815 0.20952 0.14356 0.57876 ( 4)
 115 K   0.22948 0.08958 0.47175 0.20918 ( 3)
 116 M   0.00820 0.26050 0.01724 0.71406 ( 4)
 117 D   0.13000 0.14643 0.27729 0.44627 ( 4)
 118 F   0.02586 0.29473 0.05253 0.62688 ( 4)
 119 Y   0.00135 0.29912 0.00278 0.69675 ( 4)
 120 K   0.06309 0.23451 0.13050 0.57190 ( 4)
 121 I   0.26806 0.04831 0.55972 0.12392 ( 3)
 122 D   0.26977 0.03876 0.57486 0.11660 ( 3)
 123 G   0.29014 0.03844 0.58946 0.08196 ( 3)
 124 T   0.31073 0.00633 0.66380 0.01914 ( 3)
 125 L   0.00183 0.26473 0.00385 0.72959 ( 4)
 126 A   0.28828 0.02870 0.60510 0.07792 ( 3)
 127 S   0.06736 0.21733 0.14070 0.57462 ( 4)
 128 Y   0.30853 0.01109 0.64964 0.03073 ( 3)
 129 N   0.31196 0.00443 0.66969 0.01392 ( 3)
 130 S   0.29384 0.02791 0.60919 0.06907 ( 3)
 131 N   0.06852 0.82439 0.00150 0.10559 ( 2)
 132 I   0.30965 0.00929 0.65463 0.02643 ( 3)
 133 T   0.01352 0.85739 0.00296 0.12613 ( 2)
 134 P   0.30201 0.01925 0.62916 0.04958 ( 3)
 135 T   0.11798 0.16191 0.24997 0.47014 ( 4)
 136 P   0.30981 0.01003 0.65225 0.02791 ( 3)
 137 E   0.01330 0.23916 0.02835 0.71918 ( 4)
 138 G   0.10772 0.16075 0.23119 0.50035 ( 4)
 139 L   0.29517 0.02666 0.61200 0.06617 ( 3)
 140 R   0.29330 0.02376 0.61711 0.06583 ( 3)
 141 T   0.10261 0.21577 0.20922 0.47241 ( 4)
 142 T   0.30652 0.01271 0.64568 0.03510 ( 3)
 143 F   0.79650 0.15917 0.01243 0.03189 ( 1)
 144 F   0.31160 0.00719 0.66027 0.02094 ( 3)
 145 G   0.29559 0.02642 0.61254 0.06544 ( 3)
 146 F   0.30125 0.02568 0.61574 0.05733 ( 3)
 147 S   0.29384 0.02791 0.60919 0.06907 ( 3)
 148 T   0.19660 0.11394 0.40760 0.28186 ( 3)
 149 N   0.26000 0.04467 0.55782 0.13751 ( 3)
 150 E   0.11672 0.19786 0.23892 0.44649 ( 4)
 151 N   0.13416 0.18254 0.27433 0.40897 ( 4)
 152 T   0.22122 0.08312 0.46544 0.23023 ( 3)
 153 -   0.21427 0.11718 0.43219 0.23636 ( 3)
 154 P   0.30981 0.01003 0.65225 0.02791 ( 3)
 155 N   0.31196 0.00443 0.66969 0.01392 ( 3)
 156 Q   0.29092 0.03152 0.60115 0.07640 ( 3)
 157 P   0.30201 0.01925 0.62916 0.04958 ( 3)
 158 T   0.31073 0.00633 0.66380 0.01914 ( 3)
 159 V   0.22091 0.08374 0.46487 0.23049 ( 3)
 160 N   0.07768 0.22250 0.16052 0.53930 ( 4)
 161 D   0.31279 0.00496 0.66715 0.01510 ( 3)
 162 Y   0.30853 0.01109 0.64964 0.03073 ( 3)
 163 T   0.09949 0.21939 0.20275 0.47837 ( 4)
 164 H   0.24654 0.06100 0.52014 0.17232 ( 3)
 165 I   0.31188 0.00507 0.66740 0.01565 ( 3)
 166 L   0.29517 0.02666 0.61200 0.06617 ( 3)
 167 S   0.29954 0.01479 0.63990 0.04577 ( 3)
 168 Y   0.30853 0.01109 0.64964 0.03073 ( 3)
 169 I   0.30965 0.00929 0.65463 0.02643 ( 3)
 170 K   0.30972 0.00920 0.65489 0.02619 ( 3)
 171 T   0.31073 0.00633 0.66380 0.01914 ( 3)
 172 D   0.31279 0.00496 0.66715 0.01510 ( 3)
 173 V   0.26600 0.04048 0.56919 0.12433 ( 3)
 174 I   0.30965 0.00929 0.65463 0.02643 ( 3)
 175 D   0.03329 0.25827 0.06898 0.63947 ( 4)
 176 Y   0.07217 0.20975 0.15131 0.56676 ( 4)
 177 N   0.12051 0.19824 0.24580 0.43545 ( 4)
 178 S   0.01094 0.29722 0.02238 0.66946 ( 4)
 179 N   0.00064 0.30739 0.00130 0.69068 ( 4)
 180 R   0.12152 0.19344 0.24871 0.43633 ( 4)
 181 V   0.31166 0.00716 0.66036 0.02082 ( 3)
 182 S   0.29384 0.02791 0.60919 0.06907 ( 3)
 183 F   0.31160 0.00719 0.66027 0.02094 ( 3)
 184 A   0.31206 0.00614 0.66355 0.01826 ( 3)
 185 W   0.24365 0.08333 0.49510 0.17792 ( 3)
 186 T   0.30708 0.01225 0.64685 0.03383 ( 3)
 187 H   0.31085 0.00871 0.65582 0.02463 ( 3)
 188 K   0.00800 0.25986 0.01682 0.71532 ( 4)
 189 I   0.24180 0.06128 0.51527 0.18165 ( 3)


lnL = -1874.671934

