Supplemental results for CODEML (seqf: algn  treef: tree)


dN/dS (w) for site classes (K=4)

site class             0        1       2a       2b
proportion       0.49224  0.30461  0.12550  0.07766
background w     0.13406  1.00000  0.13406  1.00000
foreground w     0.13406  1.00000  3.63604  3.63604

Naive Empirical Bayes (NEB) probabilities for 4 classes
(amino acids refer to 1st sequence: BT_Cry4Ba1)

   1 -   0.49224 0.30461 0.12550 0.07766 ( 1)
   2 Y   0.19660 0.60024 0.05012 0.15303 ( 2)
   3 T   0.72809 0.06876 0.18562 0.01753 ( 1)
   4 D   0.74890 0.04794 0.19093 0.01222 ( 1)
   5 A   0.07082 0.72603 0.01806 0.18510 ( 2)
   6 I   0.74312 0.05372 0.18946 0.01370 ( 1)
   7 T   0.75731 0.03954 0.19307 0.01008 ( 1)
   8 Q   0.79255 0.00430 0.20206 0.00110 ( 1)
   9 V   0.74054 0.05631 0.18880 0.01436 ( 1)
  10 P   0.78722 0.00963 0.20070 0.00246 ( 1)
  11 A   0.70552 0.09132 0.17987 0.02328 ( 1)
  12 V   0.73458 0.06227 0.18728 0.01587 ( 1)
  13 K   0.79273 0.00412 0.20210 0.00105 ( 1)
  14 S   0.76291 0.03394 0.19450 0.00865 ( 1)
  15 N   0.54184 0.25501 0.13814 0.06501 ( 1)
  16 F   0.10948 0.68736 0.02791 0.17524 ( 2)
  17 L   0.56163 0.23522 0.14318 0.05997 ( 1)
  18 N   0.79059 0.00626 0.20156 0.00160 ( 1)
  19 A   0.08706 0.70979 0.02219 0.18096 ( 2)
  20 T   0.06992 0.72693 0.01783 0.18533 ( 2)
  21 A   0.76696 0.02989 0.19553 0.00762 ( 1)
  22 K   0.13817 0.65867 0.03523 0.16793 ( 2)
  23 V   0.54383 0.25302 0.13865 0.06451 ( 1)
  24 I   0.74455 0.05230 0.18982 0.01333 ( 1)
  25 K   0.52076 0.27609 0.13277 0.07039 ( 1)
  26 G   0.64930 0.14754 0.16554 0.03762 ( 1)
  27 P   0.53929 0.25755 0.13749 0.06566 ( 1)
  28 G   0.79347 0.00338 0.20229 0.00086 ( 1)
  29 -   0.49224 0.30461 0.12549 0.07766 ( 1)
  30 H   0.78745 0.00940 0.20076 0.00240 ( 1)
  31 T   0.76726 0.02959 0.19561 0.00754 ( 1)
  32 G   0.78696 0.00989 0.20063 0.00252 ( 1)
  33 G   0.78696 0.00989 0.20063 0.00252 ( 1)
  34 D   0.74022 0.05663 0.18872 0.01444 ( 1)
  35 L   0.73164 0.06521 0.18653 0.01662 ( 1)
  36 V   0.77804 0.01881 0.19836 0.00479 ( 1)
  37 A   0.70322 0.09362 0.17928 0.02387 ( 1)
  38 L   0.64050 0.15635 0.16329 0.03986 ( 1)
  39 T   0.58917 0.20768 0.15021 0.05295 ( 1)
  40 S   0.58587 0.21098 0.14937 0.05379 ( 1)
  41 N   0.64871 0.14814 0.16539 0.03777 ( 1)
  42 G   0.54414 0.25271 0.13873 0.06443 ( 1)
  43 T   0.13625 0.66060 0.03474 0.16842 ( 2)
  44 L   0.75893 0.03791 0.19349 0.00967 ( 1)
  45 S   0.00608 0.79077 0.00155 0.20160 ( 2)
  46 -   0.49224 0.30461 0.12550 0.07766 ( 1)
  47 G   0.62667 0.17018 0.15977 0.04339 ( 1)
  48 R   0.77036 0.02649 0.19640 0.00675 ( 1)
  49 M   0.77062 0.02623 0.19647 0.00669 ( 1)
  50 E   0.29437 0.50248 0.07505 0.12811 ( 2)
  51 I   0.75173 0.04512 0.19165 0.01150 ( 1)
  52 Q   0.02742 0.76942 0.00699 0.19616 ( 2)
  53 C   0.58449 0.21236 0.14901 0.05414 ( 1)
  54 K   0.53344 0.26341 0.13600 0.06716 ( 1)
  55 T   0.74140 0.05545 0.18902 0.01414 ( 1)
  56 S   0.78584 0.01101 0.20035 0.00281 ( 1)
  57 I   0.62606 0.17079 0.15961 0.04354 ( 1)
  58 F   0.77397 0.02288 0.19732 0.00583 ( 1)
  59 N   0.67018 0.12666 0.17086 0.03229 ( 1)
  60 D   0.73130 0.06554 0.18644 0.01671 ( 1)
  61 P   0.55596 0.24089 0.14174 0.06141 ( 1)
  62 T   0.03361 0.76323 0.00857 0.19458 ( 2)
  63 R   0.64747 0.14938 0.16507 0.03808 ( 1)
  64 S   0.54172 0.25513 0.13811 0.06504 ( 1)
  65 Y   0.78776 0.00909 0.20084 0.00232 ( 1)
  66 G   0.75414 0.04271 0.19226 0.01089 ( 1)
  67 L   0.44846 0.34839 0.11433 0.08882 ( 1)
  68 R   0.69791 0.09894 0.17793 0.02522 ( 1)
  69 I   0.78985 0.00699 0.20137 0.00178 ( 1)
  70 R   0.76372 0.03313 0.19471 0.00845 ( 1)
  71 Y   0.72295 0.07390 0.18431 0.01884 ( 1)
  72 A   0.79282 0.00402 0.20213 0.00103 ( 1)
  73 A   0.77251 0.02433 0.19695 0.00620 ( 1)
  74 N   0.79101 0.00583 0.20166 0.00149 ( 1)
  75 S   0.72915 0.06769 0.18589 0.01726 ( 1)
  76 P   0.01192 0.78493 0.00304 0.20012 ( 2)
  77 I   0.08024 0.71661 0.02046 0.18270 ( 2)
  78 V   0.02518 0.77167 0.00642 0.19673 ( 2)
  79 L   0.00395 0.79290 0.00101 0.20215 ( 2)
  80 N   0.04076 0.75609 0.01039 0.19276 ( 2)
  81 V   0.24313 0.55372 0.06198 0.14117 ( 2)
  82 S   0.03384 0.76301 0.00863 0.19453 ( 2)
  83 Y   0.58570 0.21114 0.14932 0.05383 ( 1)
  84 V   0.01232 0.78453 0.00314 0.20001 ( 2)
  85 -   0.72441 0.07244 0.18468 0.01847 ( 1)
  86 L   0.03947 0.75738 0.01006 0.19309 ( 2)
  87 Q   0.00065 0.79620 0.00016 0.20299 ( 2)
  88 G   0.19718 0.59967 0.05027 0.15288 ( 2)
  89 V   0.00367 0.79318 0.00094 0.20222 ( 2)
  90 S   0.00466 0.79219 0.00119 0.20197 ( 2)
  91 R   0.35113 0.44572 0.08952 0.11363 ( 2)
  92 G   0.00574 0.79111 0.00146 0.20169 ( 2)
  93 T   0.24889 0.54795 0.06345 0.13970 ( 2)
  94 T   0.00138 0.79546 0.00035 0.20280 ( 2)
  95 I   0.00246 0.79439 0.00063 0.20253 ( 2)
  96 S   0.00531 0.79154 0.00135 0.20180 ( 2)
  97 T   0.05946 0.73739 0.01516 0.18799 ( 2)
  98 -   0.49224 0.30461 0.12550 0.07766 ( 1)
  99 -   0.49224 0.30461 0.12550 0.07766 ( 1)
 100 -   0.49224 0.30461 0.12550 0.07766 ( 1)
 101 -   0.49224 0.30461 0.12550 0.07766 ( 1)
 102 -   0.16969 0.62716 0.04326 0.15989 ( 2)
 103 E   0.03576 0.76109 0.00912 0.19404 ( 2)
 104 S   0.00872 0.78813 0.00222 0.20093 ( 2)
 105 T   0.00065 0.79620 0.00017 0.20299 ( 2)
 106 F   0.30795 0.48890 0.07851 0.12464 ( 2)
 107 S   0.64059 0.15625 0.16332 0.03984 ( 1)
 108 R   0.09061 0.70624 0.02310 0.18005 ( 2)
 109 P   0.75930 0.03755 0.19358 0.00957 ( 1)
 110 N   0.07400 0.72284 0.01887 0.18429 ( 2)
 111 N   0.78405 0.01279 0.19989 0.00326 ( 1)
 112 I   0.66237 0.13448 0.16887 0.03429 ( 1)
 113 I   0.78261 0.01423 0.19952 0.00363 ( 1)
 114 P   0.51167 0.28518 0.13045 0.07270 ( 1)
 115 T   0.74048 0.05636 0.18878 0.01437 ( 1)
 116 D   0.74343 0.05342 0.18953 0.01362 ( 1)
 117 L   0.78599 0.01086 0.20038 0.00277 ( 1)
 118 K   0.76694 0.02991 0.19553 0.00762 ( 1)
 119 Y   0.79318 0.00367 0.20222 0.00094 ( 1)
 120 E   0.30358 0.49327 0.07740 0.12576 ( 2)
 121 E   0.03376 0.76309 0.00861 0.19455 ( 2)
 122 F   0.79431 0.00253 0.20251 0.00065 ( 1)
 123 R   0.01200 0.78484 0.00306 0.20009 ( 2)
 124 Y   0.77305 0.02379 0.19709 0.00607 ( 1)
 125 K   0.15431 0.64254 0.03934 0.16381 ( 2)
 126 D   0.76332 0.03353 0.19460 0.00855 ( 1)
 127 P   0.52423 0.27262 0.13365 0.06950 ( 1)
 128 F   0.05657 0.74028 0.01442 0.18873 ( 2)
 129 D   0.74022 0.05663 0.18872 0.01444 ( 1)
 130 A   0.30633 0.49052 0.07810 0.12506 ( 2)
 131 I   0.77820 0.01864 0.19840 0.00475 ( 1)
 132 V   0.62794 0.16890 0.16009 0.04306 ( 1)
 133 P   0.40221 0.39464 0.10254 0.10061 ( 1)
 134 M   0.70061 0.09623 0.17862 0.02453 ( 1)
 135 R   0.65300 0.14385 0.16648 0.03667 ( 1)
 136 L   0.47738 0.31946 0.12171 0.08145 ( 1)
 137 S   0.57624 0.22061 0.14691 0.05624 ( 1)
 138 S   0.73128 0.06556 0.18644 0.01672 ( 1)
 139 N   0.61291 0.18394 0.15626 0.04689 ( 1)
 140 Q   0.23922 0.55763 0.06099 0.14217 ( 2)
 141 L   0.29128 0.50557 0.07426 0.12889 ( 2)
 142 I   0.61165 0.18520 0.15594 0.04722 ( 1)
 143 T   0.78905 0.00779 0.20116 0.00199 ( 1)
 144 I   0.67169 0.12515 0.17124 0.03191 ( 1)
 145 A   0.54915 0.24770 0.14000 0.06315 ( 1)
 146 I   0.78968 0.00717 0.20132 0.00183 ( 1)
 147 Q   0.01330 0.78354 0.00339 0.19976 ( 2)
 148 P   0.31157 0.48528 0.07943 0.12372 ( 2)
 149 L   0.26427 0.53258 0.06737 0.13578 ( 2)
 150 N   0.77270 0.02415 0.19700 0.00616 ( 1)
 151 M   0.06525 0.73160 0.01663 0.18652 ( 2)
 152 T   0.00601 0.79083 0.00153 0.20162 ( 2)
 153 S   0.12612 0.67073 0.03215 0.17100 ( 2)
 154 N   0.13745 0.65940 0.03504 0.16811 ( 2)
 155 N   0.10006 0.69679 0.02551 0.17764 ( 2)
 156 Q   0.01804 0.77881 0.00460 0.19855 ( 2)
 157 V   0.48618 0.31067 0.12395 0.07920 ( 1)
 158 I   0.73685 0.05999 0.18786 0.01530 ( 1)
 159 I   0.78961 0.00724 0.20131 0.00185 ( 1)
 160 D   0.78970 0.00715 0.20133 0.00182 ( 1)
 161 R   0.79393 0.00292 0.20241 0.00074 ( 1)
 162 I   0.52200 0.27484 0.13308 0.07007 ( 1)
 163 E   0.79383 0.00302 0.20238 0.00077 ( 1)
 164 I   0.77716 0.01968 0.19813 0.00502 ( 1)
 165 I   0.78961 0.00724 0.20131 0.00185 ( 1)
 166 -   0.74416 0.05269 0.18972 0.01343 ( 1)


lnL = -2190.133283

Bayes Empirical Bayes (BEB) probabilities for 4 classes (class)
(amino acids refer to 1st sequence: BT_Cry4Ba1)

   1 -   0.43885 0.25267 0.19620 0.11228 ( 1)
   2 Y   0.19656 0.49496 0.08815 0.22032 ( 2)
   3 T   0.63271 0.05882 0.28235 0.02613 ( 1)
   4 D   0.65029 0.04123 0.29016 0.01831 ( 1)
   5 A   0.08582 0.60570 0.03856 0.26992 ( 2)
   6 I   0.64280 0.04872 0.28683 0.02164 ( 1)
   7 T   0.65839 0.03314 0.29375 0.01472 ( 1)
   8 Q   0.68753 0.00399 0.30670 0.00177 ( 1)
   9 V   0.64387 0.04766 0.28731 0.02117 ( 1)
  10 P   0.68252 0.00901 0.30447 0.00400 ( 1)
  11 A   0.61999 0.07154 0.27670 0.03178 ( 1)
  12 V   0.64336 0.04817 0.28708 0.02140 ( 1)
  13 K   0.68748 0.00405 0.30667 0.00180 ( 1)
  14 S   0.66308 0.02845 0.29584 0.01264 ( 1)
  15 N   0.48526 0.20627 0.21683 0.09164 ( 1)
  16 F   0.12279 0.56873 0.05513 0.25334 ( 2)
  17 L   0.51093 0.18059 0.22825 0.08023 ( 1)
  18 N   0.68589 0.00564 0.30597 0.00251 ( 1)
  19 A   0.10337 0.58816 0.04642 0.26205 ( 2)
  20 T   0.08837 0.60316 0.03970 0.26878 ( 2)
  21 A   0.66571 0.02582 0.29701 0.01147 ( 1)
  22 K   0.16332 0.52820 0.07328 0.23519 ( 2)
  23 V   0.50148 0.19005 0.22405 0.08443 ( 1)
  24 I   0.64724 0.04428 0.28880 0.01967 ( 1)
  25 K   0.48312 0.20840 0.21589 0.09259 ( 1)
  26 G   0.58152 0.11001 0.25961 0.04886 ( 1)
  27 P   0.49742 0.19411 0.22224 0.08623 ( 1)
  28 G   0.68824 0.00329 0.30701 0.00146 ( 1)
  29 -   0.43885 0.25267 0.19620 0.11228 ( 1)
  30 H   0.68341 0.00812 0.30487 0.00361 ( 1)
  31 T   0.66648 0.02505 0.29734 0.01113 ( 1)
  32 G   0.68225 0.00928 0.30435 0.00412 ( 1)
  33 G   0.68225 0.00928 0.30435 0.00412 ( 1)
  34 D   0.64845 0.04308 0.28934 0.01914 ( 1)
  35 L   0.63778 0.05375 0.28460 0.02387 ( 1)
  36 V   0.67589 0.01564 0.30153 0.00695 ( 1)
  37 A   0.61944 0.07209 0.27645 0.03202 ( 1)
  38 L   0.56614 0.12539 0.25278 0.05569 ( 1)
  39 T   0.53056 0.16097 0.23697 0.07150 ( 1)
  40 S   0.52771 0.16382 0.23571 0.07277 ( 1)
  41 N   0.57922 0.11231 0.25859 0.04988 ( 1)
  42 G   0.49202 0.19951 0.21984 0.08863 ( 1)
  43 T   0.15162 0.53991 0.06804 0.24043 ( 2)
  44 L   0.66011 0.03141 0.29452 0.01395 ( 1)
  45 S   0.00881 0.68271 0.00397 0.30451 ( 2)
  46 -   0.43885 0.25267 0.19620 0.11228 ( 1)
  47 G   0.56136 0.13017 0.25065 0.05782 ( 1)
  48 R   0.67038 0.02114 0.29908 0.00939 ( 1)
  49 M   0.67031 0.02121 0.29905 0.00942 ( 1)
  50 E   0.30064 0.39089 0.13464 0.17384 ( 2)
  51 I   0.65339 0.03813 0.29154 0.01694 ( 1)
  52 Q   0.03674 0.65479 0.01652 0.29196 ( 2)
  53 C   0.53135 0.16018 0.23732 0.07115 ( 1)
  54 K   0.49911 0.19242 0.22299 0.08548 ( 1)
  55 T   0.64406 0.04747 0.28739 0.02108 ( 1)
  56 S   0.68176 0.00976 0.30414 0.00434 ( 1)
  57 I   0.55608 0.13544 0.24831 0.06016 ( 1)
  58 F   0.67160 0.01992 0.29962 0.00885 ( 1)
  59 N   0.59282 0.09870 0.26463 0.04384 ( 1)
  60 D   0.64019 0.05134 0.28567 0.02280 ( 1)
  61 P   0.50598 0.18555 0.22605 0.08243 ( 1)
  62 T   0.04527 0.64626 0.02035 0.28812 ( 2)
  63 R   0.57967 0.11185 0.25879 0.04968 ( 1)
  64 S   0.49146 0.20007 0.21959 0.08888 ( 1)
  65 Y   0.68301 0.00852 0.30469 0.00378 ( 1)
  66 G   0.65603 0.03549 0.29271 0.01577 ( 1)
  67 L   0.41987 0.27166 0.18775 0.12072 ( 1)
  68 R   0.60478 0.08675 0.26994 0.03853 ( 1)
  69 I   0.68475 0.00677 0.30547 0.00301 ( 1)
  70 R   0.66136 0.03017 0.29507 0.01340 ( 1)
  71 Y   0.63061 0.06091 0.28142 0.02706 ( 1)
  72 A   0.68764 0.00389 0.30675 0.00173 ( 1)
  73 A   0.67095 0.02058 0.29933 0.00914 ( 1)
  74 N   0.68618 0.00535 0.30610 0.00237 ( 1)
  75 S   0.63774 0.05379 0.28458 0.02389 ( 1)
  76 P   0.01595 0.67557 0.00718 0.30130 ( 2)
  77 I   0.10114 0.59038 0.04543 0.26305 ( 2)
  78 V   0.03354 0.65799 0.01508 0.29339 ( 2)
  79 L   0.00569 0.68584 0.00256 0.30592 ( 2)
  80 N   0.05168 0.63984 0.02323 0.28524 ( 2)
  81 V   0.25038 0.44114 0.11221 0.19627 ( 2)
  82 S   0.04080 0.65073 0.01834 0.29013 ( 2)
  83 Y   0.53051 0.16101 0.23695 0.07152 ( 1)
  84 V   0.01704 0.67449 0.00766 0.30081 ( 2)
  85 -   0.62625 0.06528 0.27948 0.02899 ( 1)
  86 L   0.05093 0.64060 0.02289 0.28558 ( 2)
  87 Q   0.00106 0.69047 0.00048 0.30800 ( 2)
  88 G   0.21922 0.47230 0.09828 0.21019 ( 2)
  89 V   0.00552 0.68601 0.00248 0.30599 ( 2)
  90 S   0.00685 0.68468 0.00308 0.30539 ( 2)
  91 R   0.34411 0.34742 0.15401 0.15446 ( 2)
  92 G   0.00854 0.68299 0.00384 0.30463 ( 2)
  93 T   0.25974 0.43179 0.11638 0.19209 ( 2)
  94 T   0.00209 0.68944 0.00094 0.30753 ( 2)
  95 I   0.00364 0.68789 0.00164 0.30684 ( 2)
  96 S   0.00746 0.68406 0.00336 0.30511 ( 2)
  97 T   0.07258 0.61895 0.03261 0.27586 ( 2)
  98 -   0.43885 0.25267 0.19620 0.11228 ( 1)
  99 -   0.43885 0.25267 0.19620 0.11228 ( 1)
 100 -   0.43885 0.25267 0.19620 0.11228 ( 1)
 101 -   0.43885 0.25267 0.19620 0.11228 ( 1)
 102 -   0.17950 0.51203 0.08052 0.22795 ( 2)
 103 E   0.04635 0.64518 0.02084 0.28764 ( 2)
 104 S   0.01143 0.68010 0.00514 0.30333 ( 2)
 105 T   0.00100 0.69053 0.00045 0.30802 ( 2)
 106 F   0.30523 0.38630 0.13668 0.17179 ( 2)
 107 S   0.56423 0.12729 0.25193 0.05654 ( 1)
 108 R   0.10172 0.58980 0.04569 0.26279 ( 2)
 109 P   0.65920 0.03232 0.29412 0.01436 ( 1)
 110 N   0.08876 0.60276 0.03988 0.26860 ( 2)
 111 N   0.68013 0.01139 0.30342 0.00506 ( 1)
 112 I   0.58473 0.10679 0.26104 0.04743 ( 1)
 113 I   0.67892 0.01261 0.30287 0.00560 ( 1)
 114 P   0.47437 0.21715 0.21199 0.09648 ( 1)
 115 T   0.64321 0.04832 0.28701 0.02146 ( 1)
 116 D   0.65081 0.04072 0.29038 0.01809 ( 1)
 117 L   0.68153 0.01000 0.30403 0.00444 ( 1)
 118 K   0.66635 0.02518 0.29729 0.01118 ( 1)
 119 Y   0.68802 0.00351 0.30692 0.00156 ( 1)
 120 E   0.31797 0.37356 0.14236 0.16611 ( 2)
 121 E   0.04378 0.64775 0.01968 0.28879 ( 2)
 122 F   0.68903 0.00250 0.30736 0.00111 ( 1)
 123 R   0.01741 0.67411 0.00783 0.30064 ( 2)
 124 Y   0.67014 0.02138 0.29897 0.00950 ( 1)
 125 K   0.18024 0.51129 0.08085 0.22762 ( 2)
 126 D   0.66283 0.02870 0.29572 0.01275 ( 1)
 127 P   0.47844 0.21309 0.21380 0.09467 ( 1)
 128 F   0.07319 0.61833 0.03289 0.27559 ( 2)
 129 D   0.64845 0.04308 0.28934 0.01914 ( 1)
 130 A   0.30893 0.38260 0.13833 0.17014 ( 2)
 131 I   0.67543 0.01610 0.30132 0.00715 ( 1)
 132 V   0.55422 0.13731 0.24748 0.06099 ( 1)
 133 P   0.38745 0.30408 0.17332 0.13515 ( 1)
 134 M   0.61487 0.07666 0.27442 0.03405 ( 1)
 135 R   0.56989 0.12164 0.25445 0.05403 ( 1)
 136 L   0.43832 0.25321 0.19596 0.11251 ( 1)
 137 S   0.51735 0.17417 0.23110 0.07737 ( 1)
 138 S   0.63778 0.05375 0.28460 0.02387 ( 1)
 139 N   0.54730 0.14423 0.24441 0.06406 ( 1)
 140 Q   0.25866 0.43287 0.11590 0.19257 ( 2)
 141 L   0.28945 0.40208 0.12964 0.17883 ( 2)
 142 I   0.54978 0.14175 0.24551 0.06296 ( 1)
 143 T   0.68400 0.00753 0.30513 0.00335 ( 1)
 144 I   0.59394 0.09759 0.26513 0.04335 ( 1)
 145 A   0.49886 0.19267 0.22288 0.08559 ( 1)
 146 I   0.68455 0.00698 0.30537 0.00310 ( 1)
 147 Q   0.01838 0.67315 0.00827 0.30021 ( 2)
 148 P   0.31735 0.37418 0.14209 0.16639 ( 2)
 149 L   0.25719 0.43434 0.11524 0.19323 ( 2)
 150 N   0.67035 0.02118 0.29906 0.00941 ( 1)
 151 M   0.08383 0.60770 0.03766 0.27081 ( 2)
 152 T   0.00851 0.68301 0.00383 0.30464 ( 2)
 153 S   0.14502 0.54651 0.06509 0.24338 ( 2)
 154 N   0.15968 0.53184 0.07165 0.23682 ( 2)
 155 N   0.12198 0.56954 0.05477 0.25370 ( 2)
 156 Q   0.02362 0.66790 0.01062 0.29785 ( 2)
 157 V   0.44010 0.25143 0.19675 0.11172 ( 1)
 158 I   0.64512 0.04640 0.28786 0.02061 ( 1)
 159 I   0.68449 0.00704 0.30535 0.00313 ( 1)
 160 D   0.68451 0.00701 0.30536 0.00312 ( 1)
 161 R   0.68864 0.00288 0.30719 0.00128 ( 1)
 162 I   0.46858 0.22294 0.20942 0.09905 ( 1)
 163 E   0.68856 0.00297 0.30715 0.00132 ( 1)
 164 I   0.67417 0.01736 0.30076 0.00771 ( 1)
 165 I   0.68449 0.00704 0.30535 0.00313 ( 1)
 166 -   0.64497 0.04656 0.28779 0.02068 ( 1)

