Supplemental results for CODEML (seqf: algn  treef: tree)


dN/dS (w) for site classes (K=4)

site class             0        1       2a       2b
proportion       0.83388  0.16612  0.00000  0.00000
background w     0.10956  1.00000  0.10956  1.00000
foreground w     0.10956  1.00000  1.00000  1.00000

Naive Empirical Bayes (NEB) probabilities for 4 classes
(amino acids refer to 1st sequence: BT_Cry1Ca11)

   1 -   0.22325 0.77675 0.00000 0.00000 ( 2)
   2 -   0.99393 0.00607 0.00000 0.00000 ( 1)
   3 -   0.94326 0.05674 0.00000 0.00000 ( 1)
   4 G   0.89423 0.10576 0.00000 0.00000 ( 1)
   5 Q   0.99928 0.00072 0.00000 0.00000 ( 1)
   6 L   0.99700 0.00300 0.00000 0.00000 ( 1)
   7 T   0.99941 0.00059 0.00000 0.00000 ( 1)
   8 R   0.99604 0.00396 0.00000 0.00000 ( 1)
   9 E   0.99984 0.00016 0.00000 0.00000 ( 1)
  10 V   0.90721 0.09279 0.00000 0.00000 ( 1)
  11 Y   0.99987 0.00013 0.00000 0.00000 ( 1)
  12 T   0.64712 0.35288 0.00000 0.00000 ( 1)
  13 D   0.99956 0.00044 0.00000 0.00000 ( 1)
  14 P   0.98767 0.01233 0.00000 0.00000 ( 1)
  15 L   0.99826 0.00174 0.00000 0.00000 ( 1)
  16 I   0.90710 0.09289 0.00000 0.00000 ( 1)
  17 N   0.91939 0.08061 0.00000 0.00000 ( 1)
  18 F   0.98593 0.01407 0.00000 0.00000 ( 1)
  19 N   0.99994 0.00006 0.00000 0.00000 ( 1)
  20 P   0.94436 0.05564 0.00000 0.00000 ( 1)
  21 Q   0.07701 0.92299 0.00000 0.00000 ( 2)
  22 L   0.99857 0.00143 0.00000 0.00000 ( 1)
  23 Q   0.17450 0.82550 0.00000 0.00000 ( 2)
  24 S   0.99902 0.00098 0.00000 0.00000 ( 1)
  25 V   0.73108 0.26892 0.00000 0.00000 ( 1)
  26 A   0.99554 0.00446 0.00000 0.00000 ( 1)
  27 Q   0.82556 0.17444 0.00000 0.00000 ( 1)
  28 L   0.96436 0.03564 0.00000 0.00000 ( 1)
  29 P   0.99977 0.00023 0.00000 0.00000 ( 1)
  30 T   0.99062 0.00938 0.00000 0.00000 ( 1)
  31 F   0.99989 0.00011 0.00000 0.00000 ( 1)
  32 N   0.63671 0.36329 0.00000 0.00000 ( 1)
  33 V   0.98676 0.01324 0.00000 0.00000 ( 1)
  34 M   0.97834 0.02166 0.00000 0.00000 ( 1)
  35 E   0.99978 0.00022 0.00000 0.00000 ( 1)
  36 S   0.99841 0.00159 0.00000 0.00000 ( 1)
  37 S   0.28335 0.71665 0.00000 0.00000 ( 2)
  38 A   0.97106 0.02894 0.00000 0.00000 ( 1)
  39 I   0.99986 0.00014 0.00000 0.00000 ( 1)
  40 R   0.99973 0.00027 0.00000 0.00000 ( 1)
  41 N   0.96430 0.03570 0.00000 0.00000 ( 1)
  42 P   0.99978 0.00022 0.00000 0.00000 ( 1)
  43 H   0.99993 0.00007 0.00000 0.00000 ( 1)
  44 L   0.99695 0.00304 0.00000 0.00000 ( 1)
  45 F   0.78581 0.21419 0.00000 0.00000 ( 1)
  46 D   0.98848 0.01152 0.00000 0.00000 ( 1)
  47 I   0.95771 0.04229 0.00000 0.00000 ( 1)
  48 L   0.99788 0.00212 0.00000 0.00000 ( 1)
  49 N   0.98396 0.01604 0.00000 0.00000 ( 1)
  50 N   0.20293 0.79707 0.00000 0.00000 ( 2)
  51 L   0.99483 0.00517 0.00000 0.00000 ( 1)
  52 T   0.99924 0.00076 0.00000 0.00000 ( 1)
  53 I   0.99940 0.00060 0.00000 0.00000 ( 1)
  54 F   0.99774 0.00226 0.00000 0.00000 ( 1)
  55 T   0.99940 0.00060 0.00000 0.00000 ( 1)
  56 D   0.99990 0.00010 0.00000 0.00000 ( 1)
  57 W   0.93795 0.06205 0.00000 0.00000 ( 1)
  58 F   0.90422 0.09578 0.00000 0.00000 ( 1)
  59 S   0.98288 0.01712 0.00000 0.00000 ( 1)
  60 V   0.98062 0.01938 0.00000 0.00000 ( 1)
  61 G   0.99516 0.00484 0.00000 0.00000 ( 1)
  62 R   0.97648 0.02351 0.00001 0.00000 ( 1)
  63 N   0.99446 0.00554 0.00000 0.00000 ( 1)
  64 F   0.12726 0.87274 0.00000 0.00000 ( 2)
  65 Y   0.99809 0.00191 0.00000 0.00000 ( 1)
  66 W   0.99293 0.00707 0.00000 0.00000 ( 1)
  67 G   0.99944 0.00056 0.00000 0.00000 ( 1)
  68 G   0.99813 0.00187 0.00000 0.00000 ( 1)
  69 H   0.99957 0.00043 0.00000 0.00000 ( 1)
  70 R   0.61502 0.38498 0.00000 0.00000 ( 1)
  71 V   0.99015 0.00985 0.00000 0.00000 ( 1)
  72 I   0.22841 0.77159 0.00000 0.00000 ( 2)
  73 S   0.99712 0.00288 0.00000 0.00000 ( 1)
  74 S   0.10352 0.89648 0.00000 0.00000 ( 2)
  75 L   0.93109 0.06891 0.00000 0.00000 ( 1)
  76 I   0.97337 0.02663 0.00000 0.00000 ( 1)
  77 G   0.99944 0.00056 0.00000 0.00000 ( 1)
  78 G   0.92232 0.07768 0.00000 0.00000 ( 1)
  79 G   0.33107 0.66892 0.00000 0.00000 ( 2)
  80 N   0.99761 0.00239 0.00000 0.00000 ( 1)
  81 -   0.91080 0.08920 0.00000 0.00000 ( 1)
  82 -   0.83908 0.16092 0.00000 0.00000 ( 1)
  83 I   0.99976 0.00024 0.00000 0.00000 ( 1)
  84 T   0.28376 0.71624 0.00000 0.00000 ( 2)
  85 S   0.98511 0.01488 0.00000 0.00000 ( 1)
  86 P   0.99985 0.00015 0.00000 0.00000 ( 1)
  87 I   0.87820 0.12180 0.00000 0.00000 ( 1)
  88 Y   0.99972 0.00028 0.00000 0.00000 ( 1)
  89 G   0.99948 0.00052 0.00000 0.00000 ( 1)
  90 R   0.99439 0.00561 0.00000 0.00000 ( 1)
  91 E   0.99909 0.00091 0.00000 0.00000 ( 1)
  92 A   0.77022 0.22978 0.00000 0.00000 ( 1)
  93 N   0.99597 0.00403 0.00000 0.00000 ( 1)
  94 Q   0.56469 0.43531 0.00000 0.00000 ( 1)
  95 E   0.99680 0.00320 0.00000 0.00000 ( 1)
  96 P   0.02258 0.97742 0.00000 0.00000 ( 2)
  97 P   0.99934 0.00066 0.00000 0.00000 ( 1)
  98 R   0.88816 0.11184 0.00000 0.00000 ( 1)
  99 S   0.00262 0.99738 0.00000 0.00000 ( 2)
 100 F   0.95550 0.04450 0.00000 0.00000 ( 1)
 101 T   0.05549 0.94451 0.00000 0.00000 ( 2)
 102 F   0.90780 0.09220 0.00000 0.00000 ( 1)
 103 N   0.57471 0.42529 0.00000 0.00000 ( 1)
 104 G   0.74699 0.25301 0.00000 0.00000 ( 1)
 105 -   0.59858 0.40142 0.00000 0.00000 ( 1)
 106 -   0.71901 0.28099 0.00000 0.00000 ( 1)
 107 P   0.99809 0.00191 0.00000 0.00000 ( 1)
 108 V   0.99888 0.00112 0.00000 0.00000 ( 1)
 109 F   0.99901 0.00099 0.00000 0.00000 ( 1)
 110 R   0.98402 0.01598 0.00000 0.00000 ( 1)
 111 T   0.99948 0.00052 0.00000 0.00000 ( 1)
 112 L   0.99883 0.00117 0.00000 0.00000 ( 1)
 113 S   0.99891 0.00109 0.00000 0.00000 ( 1)
 114 N   0.89841 0.10159 0.00000 0.00000 ( 1)
 115 P   0.81982 0.18018 0.00000 0.00000 ( 1)
 116 T   0.99966 0.00034 0.00000 0.00000 ( 1)
 117 L   0.35462 0.64538 0.00000 0.00000 ( 2)
 118 R   0.98532 0.01468 0.00000 0.00000 ( 1)
 119 L   0.00006 0.99994 0.00000 0.00000 ( 2)
 120 L   0.63852 0.36148 0.00000 0.00000 ( 1)
 121 Q   0.05168 0.94832 0.00000 0.00000 ( 2)
 122 Q   0.96938 0.03062 0.00000 0.00000 ( 1)
 123 P   0.99974 0.00026 0.00000 0.00000 ( 1)
 124 W   0.01696 0.98304 0.00000 0.00000 ( 2)
 125 P   0.86518 0.13482 0.00000 0.00000 ( 1)
 126 A   0.37065 0.62935 0.00000 0.00000 ( 2)
 127 P   0.58732 0.41268 0.00000 0.00000 ( 1)
 128 P   0.73338 0.26662 0.00000 0.00000 ( 1)
 129 F   0.99355 0.00645 0.00000 0.00000 ( 1)
 130 N   0.37795 0.62205 0.00000 0.00000 ( 2)
 131 L   0.99345 0.00655 0.00000 0.00000 ( 1)
 132 R   0.98182 0.01817 0.00000 0.00000 ( 1)
 133 G   0.88436 0.11564 0.00000 0.00000 ( 1)
 134 V   0.54835 0.45165 0.00000 0.00000 ( 1)
 135 E   0.99902 0.00098 0.00000 0.00000 ( 1)
 136 G   0.99915 0.00085 0.00000 0.00000 ( 1)
 137 V   0.99928 0.00072 0.00000 0.00000 ( 1)
 138 E   0.99984 0.00016 0.00000 0.00000 ( 1)
 139 F   0.99958 0.00042 0.00000 0.00000 ( 1)
 140 S   0.46986 0.53014 0.00000 0.00000 ( 2)
 141 T   0.60168 0.39832 0.00000 0.00000 ( 1)
 142 P   0.84626 0.15374 0.00000 0.00000 ( 1)
 143 T   0.11958 0.88042 0.00000 0.00000 ( 2)
 144 -   0.83388 0.16612 0.00000 0.00000 ( 1)
 145 N   0.74490 0.25510 0.00000 0.00000 ( 1)
 146 S   0.97010 0.02990 0.00000 0.00000 ( 1)
 147 F   0.05493 0.94507 0.00000 0.00000 ( 2)
 148 T   0.94636 0.05364 0.00000 0.00000 ( 1)
 149 Y   0.99987 0.00013 0.00000 0.00000 ( 1)
 150 R   0.99963 0.00037 0.00000 0.00000 ( 1)
 151 G   0.97903 0.02097 0.00000 0.00000 ( 1)
 152 R   0.99722 0.00278 0.00000 0.00000 ( 1)
 153 G   0.99977 0.00023 0.00000 0.00000 ( 1)
 154 T   0.05868 0.94132 0.00000 0.00000 ( 2)
 155 V   0.96266 0.03734 0.00000 0.00000 ( 1)
 156 D   0.99995 0.00005 0.00000 0.00000 ( 1)
 157 S   0.99969 0.00031 0.00000 0.00000 ( 1)
 158 L   0.97969 0.02031 0.00000 0.00000 ( 1)
 159 T   0.78325 0.21675 0.00000 0.00000 ( 1)
 160 E   0.99855 0.00145 0.00000 0.00000 ( 1)
 161 L   0.99836 0.00164 0.00000 0.00000 ( 1)
 162 P   0.99614 0.00386 0.00000 0.00000 ( 1)
 163 P   0.99982 0.00018 0.00000 0.00000 ( 1)
 164 E   0.15279 0.84721 0.00000 0.00000 ( 2)
 165 D   0.99363 0.00637 0.00000 0.00000 ( 1)
 166 N   0.00406 0.99594 0.00000 0.00000 ( 2)
 167 S   0.78130 0.21870 0.00000 0.00000 ( 1)
 168 V   0.97801 0.02199 0.00000 0.00000 ( 1)
 169 P   0.95052 0.04948 0.00000 0.00000 ( 1)
 170 P   0.99982 0.00018 0.00000 0.00000 ( 1)
 171 R   0.01075 0.98925 0.00000 0.00000 ( 2)
 172 E   0.45631 0.54369 0.00000 0.00000 ( 2)
 173 G   0.87305 0.12695 0.00000 0.00000 ( 1)
 174 Y   0.99976 0.00024 0.00000 0.00000 ( 1)
 175 S   0.99995 0.00005 0.00000 0.00000 ( 1)
 176 H   0.99794 0.00205 0.00000 0.00000 ( 1)
 177 R   0.99966 0.00034 0.00000 0.00000 ( 1)
 178 L   0.99855 0.00145 0.00000 0.00000 ( 1)
 179 C   0.99925 0.00075 0.00000 0.00000 ( 1)
 180 H   0.99993 0.00007 0.00000 0.00000 ( 1)
 181 A   0.99966 0.00034 0.00000 0.00000 ( 1)
 182 T   0.99880 0.00120 0.00000 0.00000 ( 1)
 183 F   0.99994 0.00006 0.00000 0.00000 ( 1)
 184 V   0.99173 0.00827 0.00000 0.00000 ( 1)
 185 Q   0.91511 0.08489 0.00000 0.00000 ( 1)
 186 R   0.97908 0.02092 0.00000 0.00000 ( 1)
 187 S   0.99120 0.00880 0.00000 0.00000 ( 1)
 188 G   0.99509 0.00491 0.00000 0.00000 ( 1)
 189 T   0.82140 0.17860 0.00000 0.00000 ( 1)
 190 P   0.99974 0.00026 0.00000 0.00000 ( 1)
 191 F   0.56107 0.43893 0.00000 0.00000 ( 1)
 192 L   0.99418 0.00581 0.00000 0.00000 ( 1)
 193 T   0.82376 0.17624 0.00000 0.00000 ( 1)
 194 T   0.99721 0.00279 0.00000 0.00000 ( 1)
 195 G   0.99924 0.00076 0.00000 0.00000 ( 1)
 196 V   0.00003 0.99997 0.00000 0.00000 ( 2)
 197 V   0.99134 0.00865 0.00000 0.00000 ( 1)
 198 F   0.99888 0.00112 0.00000 0.00000 ( 1)
 199 S   0.99838 0.00162 0.00000 0.00000 ( 1)
 200 W   0.99293 0.00707 0.00000 0.00000 ( 1)
 201 T   0.99916 0.00084 0.00000 0.00000 ( 1)
 202 H   0.99978 0.00022 0.00000 0.00000 ( 1)
 203 R   0.99983 0.00017 0.00000 0.00000 ( 1)
 204 S   0.99971 0.00029 0.00000 0.00000 ( 1)


lnL = -2862.545354

Bayes Empirical Bayes (BEB) probabilities for 4 classes (class)
(amino acids refer to 1st sequence: BT_Cry1Ca11)

   1 -   0.41878 0.53049 0.02262 0.02811 ( 2)
   2 -   0.94674 0.00603 0.04692 0.00031 ( 1)
   3 -   0.91293 0.04077 0.04427 0.00203 ( 1)
   4 G   0.89965 0.05131 0.04601 0.00302 ( 1)
   5 Q   0.94943 0.00073 0.04980 0.00004 ( 1)
   6 L   0.94352 0.00282 0.05350 0.00016 ( 1)
   7 T   0.95172 0.00066 0.04760 0.00003 ( 1)
   8 R   0.94351 0.00372 0.05256 0.00021 ( 1)
   9 E   0.95227 0.00018 0.04754 0.00001 ( 1)
  10 V   0.89276 0.05276 0.05150 0.00297 ( 1)
  11 Y   0.95298 0.00015 0.04686 0.00001 ( 1)
  12 T   0.74358 0.20104 0.04392 0.01147 ( 1)
  13 D   0.95459 0.00048 0.04491 0.00002 ( 1)
  14 P   0.93161 0.01052 0.05724 0.00062 ( 1)
  15 L   0.94784 0.00168 0.05039 0.00009 ( 1)
  16 I   0.90993 0.04366 0.04422 0.00219 ( 1)
  17 N   0.91727 0.03754 0.04335 0.00184 ( 1)
  18 F   0.93318 0.00851 0.05782 0.00049 ( 1)
  19 N   0.95567 0.00007 0.04425 0.00000 ( 1)
  20 P   0.92187 0.03050 0.04608 0.00155 ( 1)
  21 Q   0.21935 0.71096 0.02220 0.04749 ( 2)
  22 L   0.94807 0.00142 0.05043 0.00008 ( 1)
  23 Q   0.39231 0.55372 0.02276 0.03122 ( 2)
  24 S   0.95289 0.00084 0.04622 0.00004 ( 1)
  25 V   0.79131 0.12241 0.07889 0.00739 ( 1)
  26 A   0.94884 0.00363 0.04734 0.00019 ( 1)
  27 Q   0.85730 0.08983 0.04793 0.00494 ( 1)
  28 L   0.93288 0.02018 0.04591 0.00102 ( 1)
  29 P   0.95145 0.00026 0.04828 0.00001 ( 1)
  30 T   0.94518 0.00750 0.04694 0.00038 ( 1)
  31 F   0.94761 0.00013 0.05225 0.00001 ( 1)
  32 N   0.76922 0.18040 0.04083 0.00955 ( 1)
  33 V   0.94623 0.00835 0.04501 0.00041 ( 1)
  34 M   0.94286 0.01169 0.04487 0.00058 ( 1)
  35 E   0.95221 0.00024 0.04753 0.00001 ( 1)
  36 S   0.95416 0.00137 0.04440 0.00007 ( 1)
  37 S   0.48169 0.47118 0.02361 0.02352 ( 1)
  38 A   0.93669 0.01684 0.04562 0.00085 ( 1)
  39 I   0.95511 0.00017 0.04471 0.00001 ( 1)
  40 R   0.95197 0.00030 0.04771 0.00002 ( 1)
  41 N   0.93431 0.02114 0.04352 0.00103 ( 1)
  42 P   0.95349 0.00025 0.04624 0.00001 ( 1)
  43 H   0.95396 0.00008 0.04595 0.00000 ( 1)
  44 L   0.94664 0.00289 0.05032 0.00015 ( 1)
  45 F   0.84731 0.10476 0.04258 0.00534 ( 1)
  46 D   0.93849 0.00845 0.05259 0.00047 ( 1)
  47 I   0.92927 0.02559 0.04389 0.00126 ( 1)
  48 L   0.94750 0.00203 0.05036 0.00011 ( 1)
  49 N   0.94569 0.01001 0.04381 0.00049 ( 1)
  50 N   0.39329 0.55314 0.02278 0.03079 ( 2)
  51 L   0.95032 0.00393 0.04556 0.00019 ( 1)
  52 T   0.94494 0.00082 0.05419 0.00005 ( 1)
  53 I   0.95461 0.00068 0.04468 0.00003 ( 1)
  54 F   0.95127 0.00185 0.04678 0.00009 ( 1)
  55 T   0.95212 0.00067 0.04718 0.00003 ( 1)
  56 D   0.95493 0.00012 0.04494 0.00001 ( 1)
  57 W   0.89363 0.04851 0.05500 0.00287 ( 1)
  58 F   0.88071 0.06142 0.05424 0.00363 ( 1)
  59 S   0.94432 0.01109 0.04404 0.00055 ( 1)
  60 V   0.93094 0.01380 0.05447 0.00079 ( 1)
  61 G   0.94876 0.00371 0.04734 0.00019 ( 1)
  62 R   0.54241 0.01010 0.44654 0.00095 ( 1)
  63 N   0.94889 0.00423 0.04667 0.00021 ( 1)
  64 F   0.32556 0.62441 0.01736 0.03268 ( 2)
  65 Y   0.95151 0.00159 0.04682 0.00008 ( 1)
  66 W   0.94007 0.00611 0.05347 0.00034 ( 1)
  67 G   0.95022 0.00059 0.04916 0.00003 ( 1)
  68 G   0.94385 0.00179 0.05426 0.00010 ( 1)
  69 H   0.94599 0.00045 0.05353 0.00002 ( 1)
  70 R   0.68265 0.26342 0.03922 0.01471 ( 1)
  71 V   0.94486 0.00741 0.04735 0.00038 ( 1)
  72 I   0.46527 0.48815 0.02243 0.02416 ( 2)
  73 S   0.95147 0.00237 0.04604 0.00012 ( 1)
  74 S   0.24140 0.70463 0.01427 0.03969 ( 2)
  75 L   0.90617 0.03880 0.05283 0.00220 ( 1)
  76 I   0.93703 0.01570 0.04647 0.00080 ( 1)
  77 G   0.95022 0.00059 0.04916 0.00003 ( 1)
  78 G   0.91130 0.04258 0.04400 0.00212 ( 1)
  79 G   0.57852 0.37444 0.02831 0.01873 ( 1)
  80 N   0.95295 0.00198 0.04497 0.00010 ( 1)
  81 -   0.88550 0.06982 0.04125 0.00342 ( 1)
  82 -   0.82096 0.12531 0.04675 0.00698 ( 1)
  83 I   0.95331 0.00029 0.04639 0.00001 ( 1)
  84 T   0.49317 0.45755 0.02555 0.02373 ( 1)
  85 S   0.93444 0.01091 0.05404 0.00062 ( 1)
  86 P   0.95356 0.00018 0.04625 0.00001 ( 1)
  87 I   0.87857 0.06825 0.04939 0.00379 ( 1)
  88 Y   0.95282 0.00031 0.04686 0.00002 ( 1)
  89 G   0.95027 0.00054 0.04916 0.00003 ( 1)
  90 R   0.94331 0.00429 0.05216 0.00023 ( 1)
  91 E   0.95154 0.00091 0.04750 0.00005 ( 1)
  92 A   0.81799 0.13206 0.04299 0.00696 ( 1)
  93 N   0.95223 0.00341 0.04419 0.00017 ( 1)
  94 Q   0.72847 0.22320 0.03688 0.01145 ( 1)
  95 E   0.94430 0.00291 0.05264 0.00016 ( 1)
  96 P   0.09245 0.85741 0.00498 0.04516 ( 2)
  97 P   0.94462 0.00070 0.05464 0.00004 ( 1)
  98 R   0.88915 0.06183 0.04583 0.00319 ( 1)
  99 S   0.01559 0.93526 0.00081 0.04834 ( 2)
 100 F   0.92679 0.02770 0.04414 0.00137 ( 1)
 101 T   0.16502 0.77115 0.01200 0.05183 ( 2)
 102 F   0.90983 0.04221 0.04580 0.00216 ( 1)
 103 N   0.72696 0.22258 0.03868 0.01179 ( 1)
 104 G   0.80940 0.14330 0.04007 0.00724 ( 1)
 105 -   0.67838 0.26842 0.03840 0.01480 ( 1)
 106 -   0.76793 0.18345 0.03918 0.00944 ( 1)
 107 P   0.94982 0.00189 0.04820 0.00010 ( 1)
 108 V   0.95261 0.00097 0.04637 0.00005 ( 1)
 109 F   0.95402 0.00090 0.04504 0.00004 ( 1)
 110 R   0.94053 0.01170 0.04717 0.00060 ( 1)
 111 T   0.95220 0.00059 0.04718 0.00003 ( 1)
 112 L   0.95239 0.00121 0.04634 0.00006 ( 1)
 113 S   0.94892 0.00111 0.04991 0.00006 ( 1)
 114 N   0.90423 0.04876 0.04456 0.00246 ( 1)
 115 P   0.78720 0.07528 0.13278 0.00474 ( 1)
 116 T   0.95428 0.00039 0.04531 0.00002 ( 1)
 117 L   0.56946 0.38223 0.02878 0.01953 ( 1)
 118 R   0.94311 0.01046 0.04591 0.00052 ( 1)
 119 L   0.00046 0.90249 0.00044 0.09662 ( 2)
 120 L   0.77971 0.17491 0.03682 0.00856 ( 1)
 121 Q   0.15505 0.76789 0.01359 0.06346 ( 2)
 122 Q   0.93810 0.01755 0.04349 0.00085 ( 1)
 123 P   0.95345 0.00029 0.04625 0.00001 ( 1)
 124 W   0.05174 0.89040 0.00343 0.05444 ( 2)
 125 P   0.85598 0.08615 0.05277 0.00509 ( 1)
 126 A   0.52912 0.41302 0.03330 0.02456 ( 1)
 127 P   0.67093 0.27120 0.04180 0.01607 ( 1)
 128 P   0.77004 0.17210 0.04769 0.01018 ( 1)
 129 F   0.93642 0.00571 0.05753 0.00034 ( 1)
 130 N   0.53300 0.40913 0.03354 0.02433 ( 1)
 131 L   0.94748 0.00488 0.04739 0.00025 ( 1)
 132 R   0.94411 0.01046 0.04491 0.00052 ( 1)
 133 G   0.88544 0.06522 0.04594 0.00340 ( 1)
 134 V   0.70263 0.24337 0.04040 0.01360 ( 1)
 135 E   0.94623 0.00098 0.05274 0.00005 ( 1)
 136 G   0.94994 0.00087 0.04915 0.00005 ( 1)
 137 V   0.94520 0.00075 0.05400 0.00004 ( 1)
 138 E   0.95227 0.00018 0.04754 0.00001 ( 1)
 139 F   0.94647 0.00046 0.05304 0.00003 ( 1)
 140 S   0.65690 0.29290 0.03480 0.01540 ( 1)
 141 T   0.74682 0.20781 0.03516 0.01021 ( 1)
 142 P   0.88031 0.07381 0.04220 0.00367 ( 1)
 143 T   0.28998 0.66117 0.01487 0.03398 ( 2)
 144 -   0.81594 0.12619 0.05041 0.00746 ( 1)
 145 N   0.83070 0.12375 0.03945 0.00610 ( 1)
 146 S   0.93463 0.01759 0.04688 0.00090 ( 1)
 147 F   0.19370 0.75860 0.00965 0.03805 ( 2)
 148 T   0.91595 0.03028 0.05208 0.00169 ( 1)
 149 Y   0.95298 0.00015 0.04686 0.00001 ( 1)
 150 R   0.95236 0.00040 0.04722 0.00002 ( 1)
 151 G   0.94086 0.01226 0.04625 0.00062 ( 1)
 152 R   0.94505 0.00220 0.05262 0.00012 ( 1)
 153 G   0.95342 0.00026 0.04631 0.00001 ( 1)
 154 T   0.17677 0.77284 0.00955 0.04084 ( 2)
 155 V   0.93138 0.02170 0.04582 0.00110 ( 1)
 156 D   0.95500 0.00007 0.04493 0.00000 ( 1)
 157 S   0.95350 0.00034 0.04614 0.00002 ( 1)
 158 L   0.94224 0.01248 0.04466 0.00062 ( 1)
 159 T   0.84880 0.10547 0.04054 0.00518 ( 1)
 160 E   0.95103 0.00141 0.04749 0.00007 ( 1)
 161 L   0.94793 0.00160 0.05039 0.00009 ( 1)
 162 P   0.94808 0.00362 0.04811 0.00019 ( 1)
 163 P   0.95353 0.00021 0.04625 0.00001 ( 1)
 164 E   0.33794 0.61114 0.01840 0.03251 ( 2)
 165 D   0.95060 0.00418 0.04502 0.00021 ( 1)
 166 N   0.01762 0.84731 0.02107 0.11400 ( 2)
 167 S   0.84711 0.10738 0.04019 0.00532 ( 1)
 168 V   0.93638 0.01595 0.04686 0.00081 ( 1)
 169 P   0.92575 0.02800 0.04485 0.00140 ( 1)
 170 P   0.95353 0.00021 0.04625 0.00001 ( 1)
 171 R   0.04946 0.90005 0.00269 0.04780 ( 2)
 172 E   0.65700 0.29713 0.03128 0.01459 ( 1)
 173 G   0.87569 0.06990 0.05049 0.00393 ( 1)
 174 Y   0.95286 0.00027 0.04685 0.00001 ( 1)
 175 S   0.95548 0.00007 0.04445 0.00000 ( 1)
 176 H   0.94827 0.00198 0.04965 0.00011 ( 1)
 177 R   0.95238 0.00038 0.04722 0.00002 ( 1)
 178 L   0.94809 0.00143 0.05040 0.00008 ( 1)
 179 C   0.94464 0.00076 0.05456 0.00004 ( 1)
 180 H   0.95396 0.00008 0.04595 0.00000 ( 1)
 181 A   0.95210 0.00038 0.04750 0.00002 ( 1)
 182 T   0.95153 0.00125 0.04716 0.00006 ( 1)
 183 F   0.95487 0.00007 0.04505 0.00000 ( 1)
 184 V   0.94340 0.00612 0.05016 0.00033 ( 1)
 185 Q   0.90712 0.04520 0.04537 0.00230 ( 1)
 186 R   0.92999 0.01486 0.05431 0.00085 ( 1)
 187 S   0.94978 0.00546 0.04449 0.00027 ( 1)
 188 G   0.95167 0.00384 0.04430 0.00019 ( 1)
 189 T   0.85292 0.09766 0.04433 0.00510 ( 1)
 190 P   0.95141 0.00030 0.04827 0.00002 ( 1)
 191 F   0.73884 0.21282 0.03745 0.01089 ( 1)
 192 L   0.94911 0.00446 0.04620 0.00022 ( 1)
 193 T   0.82964 0.11249 0.05122 0.00665 ( 1)
 194 T   0.95019 0.00228 0.04741 0.00012 ( 1)
 195 G   0.94452 0.00077 0.05466 0.00004 ( 1)
 196 V   0.00031 0.94443 0.00002 0.05524 ( 2)
 197 V   0.94566 0.00669 0.04730 0.00034 ( 1)
 198 F   0.95390 0.00100 0.04505 0.00005 ( 1)
 199 S   0.95245 0.00140 0.04608 0.00007 ( 1)
 200 W   0.94007 0.00611 0.05347 0.00034 ( 1)
 201 T   0.95188 0.00090 0.04717 0.00005 ( 1)
 202 H   0.94620 0.00025 0.05354 0.00001 ( 1)
 203 R   0.95257 0.00019 0.04723 0.00001 ( 1)
 204 S   0.95517 0.00035 0.04446 0.00002 ( 1)

