Supplemental results for CODEML (seqf: algn  treef: tree)


dN/dS (w) for site classes (K=4)

site class             0        1       2a       2b
proportion       0.00000  0.00000  0.33687  0.66313
background w     0.03777  0.38095  0.03777  0.38095
foreground w     0.03777  0.38095 180.19256 180.19256

Naive Empirical Bayes (NEB) probabilities for 4 classes
(amino acids refer to 1st sequence: BT_Cry1Fb1)

   1 -   0.00000 0.00000 0.62959 0.37041 ( 3)
   2 -   0.00000 0.00000 0.84179 0.15821 ( 3)
   3 I   0.00000 0.00000 0.00134 0.99866 ( 4)
   4 I   0.00000 0.00000 0.96070 0.03930 ( 3)
   5 T   0.00000 0.00000 0.06368 0.93632 ( 4)
   6 Q   0.00000 0.00000 0.48659 0.51341 ( 4)
   7 I   0.00000 0.00000 0.60855 0.39145 ( 3)
   8 P   0.00000 0.00000 0.93917 0.06083 ( 3)
   9 A   0.00000 0.00000 0.00006 0.99994 ( 4)
  10 V   0.00000 0.00000 0.94241 0.05759 ( 3)
  11 K   0.00000 0.00000 0.96830 0.03170 ( 3)
  12 A   0.00000 0.00000 0.00913 0.99087 ( 4)
  13 H   0.00000 0.00000 0.00022 0.99978 ( 4)
  14 N   0.00000 0.00000 0.01404 0.98596 ( 4)
  15 L   0.00000 0.00000 0.07391 0.92609 ( 4)
  16 H   0.00000 0.00000 0.62526 0.37474 ( 3)
  17 -   0.00000 0.00000 0.40338 0.59662 ( 4)
  18 -   0.00000 0.00000 0.35608 0.64392 ( 4)
  19 S   0.00000 0.00000 0.00085 0.99915 ( 4)
  20 G   0.00000 0.00000 0.95428 0.04572 ( 3)
  21 S   0.00000 0.00000 0.00216 0.99784 ( 4)
  22 T   0.00000 0.00000 0.00454 0.99546 ( 4)
  23 V   0.00000 0.00000 0.95038 0.04962 ( 3)
  24 V   0.00000 0.00000 0.01076 0.98924 ( 4)
  25 R   0.00000 0.00000 0.01037 0.98963 ( 4)
  26 G   0.00000 0.00000 0.96927 0.03073 ( 3)
  27 P   0.00000 0.00000 0.91541 0.08459 ( 3)
  28 G   0.00000 0.00000 0.87589 0.12411 ( 3)
  29 F   0.00000 0.00000 0.97958 0.02042 ( 3)
  30 T   0.00000 0.00000 0.96118 0.03882 ( 3)
  31 G   0.00000 0.00000 0.94293 0.05707 ( 3)
  32 G   0.00000 0.00000 0.95298 0.04702 ( 3)
  33 D   0.00000 0.00000 0.75120 0.24880 ( 3)
  34 L   0.00000 0.00000 0.04392 0.95608 ( 4)
  35 L   0.00000 0.00000 0.37154 0.62846 ( 4)
  36 R   0.00000 0.00000 0.01522 0.98478 ( 4)
  37 R   0.00000 0.00000 0.04088 0.95912 ( 4)
  38 T   0.00000 0.00000 0.09384 0.90616 ( 4)
  39 N   0.00000 0.00000 0.00065 0.99935 ( 4)
  40 T   0.00000 0.00000 0.18527 0.81473 ( 4)
  41 G   0.00000 0.00000 0.08910 0.91090 ( 4)
  42 -   0.00000 0.00000 0.02169 0.97831 ( 4)
  43 T   0.00000 0.00000 0.01883 0.98117 ( 4)
  44 F   0.00000 0.00000 0.21715 0.78285 ( 4)
  45 A   0.00000 0.00000 0.12549 0.87451 ( 4)
  46 D   0.00000 0.00000 0.00059 0.99941 ( 4)
  47 I   0.00000 0.00000 0.00626 0.99374 ( 4)
  48 R   0.00000 0.00000 0.15212 0.84788 ( 4)
  49 V   0.00000 0.00000 0.63966 0.36034 ( 3)
  50 N   0.00000 0.00000 0.00206 0.99794 ( 4)
  51 I   0.00000 0.00000 0.00840 0.99160 ( 4)
  52 T   0.00000 0.00000 0.02255 0.97745 ( 4)
  53 G   0.00000 0.00000 0.00062 0.99938 ( 4)
  54 -   0.00000 0.00000 0.33687 0.66313 ( 4)
  55 P   0.00000 0.00000 0.05373 0.94627 ( 4)
  56 L   0.00000 0.00000 0.04130 0.95870 ( 4)
  57 S   0.00000 0.00000 0.08706 0.91294 ( 4)
  58 Q   0.00000 0.00000 0.06203 0.93797 ( 4)
  59 R   0.00000 0.00000 0.06887 0.93113 ( 4)
  60 Y   0.00000 0.00000 0.95951 0.04049 ( 3)
  61 R   0.00000 0.00000 0.94221 0.05779 ( 3)
  62 V   0.00000 0.00000 0.68033 0.31967 ( 3)
  63 R   0.00000 0.00000 0.97255 0.02745 ( 3)
  64 I   0.00000 0.00000 0.70350 0.29650 ( 3)
  65 R   0.00000 0.00000 0.25630 0.74370 ( 4)
  66 Y   0.00000 0.00000 0.95951 0.04049 ( 3)
  67 A   0.00000 0.00000 0.96101 0.03899 ( 3)
  68 S   0.00000 0.00000 0.66873 0.33127 ( 3)
  69 T   0.00000 0.00000 0.58934 0.41066 ( 3)
  70 T   0.00000 0.00000 0.78493 0.21507 ( 3)
  71 D   0.00000 0.00000 0.06327 0.93673 ( 4)
  72 L   0.00000 0.00000 0.07043 0.92957 ( 4)
  73 Q   0.00000 0.00000 0.04743 0.95257 ( 4)
  74 F   0.00000 0.00000 0.62367 0.37633 ( 3)
  75 F   0.00000 0.00000 0.03316 0.96684 ( 4)
  76 T   0.00000 0.00000 0.01238 0.98762 ( 4)
  77 R   0.00000 0.00000 0.00116 0.99884 ( 4)
  78 I   0.00000 0.00000 0.00126 0.99874 ( 4)
  79 N   0.00000 0.00000 0.01466 0.98534 ( 4)
  80 G   0.00000 0.00000 0.95025 0.04975 ( 3)
  81 T   0.00000 0.00000 0.05389 0.94611 ( 4)
  82 S   0.00000 0.00000 0.00012 0.99988 ( 4)
  83 V   0.00000 0.00000 0.60198 0.39802 ( 3)
  84 N   0.00000 0.00000 0.38245 0.61755 ( 4)
  85 Q   0.00000 0.00000 0.01210 0.98790 ( 4)
  86 G   0.00000 0.00000 0.00050 0.99950 ( 4)
  87 -   0.00000 0.00000 0.42004 0.57996 ( 4)
  88 -   0.00000 0.00000 0.38271 0.61729 ( 4)
  89 -   0.00000 0.00000 0.40651 0.59349 ( 4)
  90 -   0.00000 0.00000 0.35629 0.64371 ( 4)
  91 -   0.00000 0.00000 0.42350 0.57650 ( 4)
  92 N   0.00000 0.00000 0.00051 0.99949 ( 4)
  93 F   0.00000 0.00000 0.64587 0.35413 ( 3)
  94 Q   0.00000 0.00000 0.00052 0.99948 ( 4)
  95 R   0.00000 0.00000 0.27164 0.72836 ( 4)
  96 T   0.00000 0.00000 0.96886 0.03114 ( 3)
  97 M   0.00000 0.00000 0.97784 0.02216 ( 3)
  98 N   0.00000 0.00000 0.05374 0.94626 ( 4)
  99 R   0.00000 0.00000 0.04549 0.95451 ( 4)
 100 G   0.00000 0.00000 0.52781 0.47219 ( 3)
 101 G   0.00000 0.00000 0.00175 0.99825 ( 4)
 102 N   0.00000 0.00000 0.01655 0.98345 ( 4)
 103 L   0.00000 0.00000 0.87605 0.12395 ( 3)
 104 E   0.00000 0.00000 0.00892 0.99108 ( 4)
 105 S   0.00000 0.00000 0.14458 0.85542 ( 4)
 106 G   0.00000 0.00000 0.00016 0.99984 ( 4)
 107 N   0.00000 0.00000 0.00393 0.99607 ( 4)
 108 F   0.00000 0.00000 0.97958 0.02042 ( 3)
 109 R   0.00000 0.00000 0.01363 0.98637 ( 4)
 110 T   0.00000 0.00000 0.02238 0.97762 ( 4)
 111 A   0.00000 0.00000 0.26787 0.73213 ( 4)
 112 G   0.00000 0.00000 0.08581 0.91419 ( 4)
 113 F   0.00000 0.00000 0.73716 0.26284 ( 3)
 114 S   0.00000 0.00000 0.15897 0.84103 ( 4)
 115 T   0.00000 0.00000 0.01938 0.98062 ( 4)
 116 P   0.00000 0.00000 0.62523 0.37477 ( 3)
 117 F   0.00000 0.00000 0.46536 0.53464 ( 4)
 118 S   0.00000 0.00000 0.00662 0.99338 ( 4)
 119 F   0.00000 0.00000 0.97958 0.02042 ( 3)
 120 S   0.00000 0.00000 0.00035 0.99965 ( 4)
 121 N   0.00000 0.00000 0.02312 0.97688 ( 4)
 122 A   0.00000 0.00000 0.00946 0.99054 ( 4)
 123 Q   0.00000 0.00000 0.00002 0.99998 ( 4)
 124 S   0.00000 0.00000 0.01378 0.98622 ( 4)
 125 T   0.00000 0.00000 0.00244 0.99756 ( 4)
 126 F   0.00000 0.00000 0.00653 0.99347 ( 4)
 127 T   0.00000 0.00000 0.01526 0.98474 ( 4)
 128 L   0.00000 0.00000 0.05490 0.94510 ( 4)
 129 G   0.00000 0.00000 0.00216 0.99784 ( 4)
 130 T   0.00000 0.00000 0.02004 0.97996 ( 4)
 131 Q   0.00000 0.00000 0.00114 0.99886 ( 4)
 132 A   0.00000 0.00000 0.00083 0.99917 ( 4)
 133 F   0.00000 0.00000 0.25242 0.74758 ( 4)
 134 -   0.00000 0.00000 0.00007 0.99993 ( 4)
 135 S   0.00000 0.00000 0.88499 0.11501 ( 3)
 136 N   0.00000 0.00000 0.03359 0.96641 ( 4)
 137 Q   0.00000 0.00000 0.01049 0.98951 ( 4)
 138 E   0.00000 0.00000 0.56713 0.43287 ( 3)
 139 V   0.00000 0.00000 0.85369 0.14631 ( 3)
 140 Y   0.00000 0.00000 0.95951 0.04049 ( 3)
 141 I   0.00000 0.00000 0.20109 0.79891 ( 4)
 142 D   0.00000 0.00000 0.88900 0.11100 ( 3)
 143 R   0.00000 0.00000 0.06660 0.93340 ( 4)
 144 I   0.00000 0.00000 0.74173 0.25827 ( 3)
 145 E   0.00000 0.00000 0.97383 0.02617 ( 3)
 146 F   0.00000 0.00000 0.47381 0.52619 ( 4)
 147 V   0.00000 0.00000 0.30938 0.69062 ( 4)
 148 -   0.00000 0.00000 0.33687 0.66313 ( 4)


lnL = -2055.644288

