Supplemental results for CODEML (seqf: algn  treef: tree)


dN/dS (w) for site classes (K=4)

site class             0        1       2a       2b
proportion       0.25370  0.17428  0.33909  0.23293
background w     0.10262  1.00000  0.10262  1.00000
foreground w     0.10262  1.00000  1.00000  1.00000

Naive Empirical Bayes (NEB) probabilities for 4 classes
(amino acids refer to 1st sequence: BT_Cry13Aa1)

   1 -   0.22128 0.20669 0.29576 0.27626 ( 3)
   2 A   0.08406 0.31640 0.17664 0.42290 ( 4)
   3 K   0.47113 0.02044 0.48111 0.02732 ( 3)
   4 G   0.45763 0.01373 0.51028 0.01836 ( 3)
   5 I   0.42834 0.02213 0.51996 0.02957 ( 3)
   6 P   0.43130 0.00974 0.54594 0.01302 ( 3)
   7 V   0.38811 0.00395 0.60267 0.00527 ( 3)
   8 E   0.49029 0.00044 0.50868 0.00059 ( 3)
   9 K   0.49498 0.00016 0.50464 0.00022 ( 3)
  10 G   0.32085 0.13534 0.36291 0.18089 ( 3)
  11 Y   0.47967 0.00464 0.50949 0.00620 ( 3)
  12 A   0.00314 0.42516 0.00343 0.56827 ( 4)
  13 S   0.10925 0.32130 0.14000 0.42945 ( 4)
  14 S   0.09269 0.01147 0.88051 0.01533 ( 3)
  15 -   0.07464 0.35334 0.09976 0.47227 ( 4)
  16 -   0.28166 0.14632 0.37646 0.19556 ( 3)
  17 -   0.28411 0.14386 0.37974 0.19228 ( 3)
  18 -   0.28649 0.14148 0.38292 0.18911 ( 3)
  19 -   0.28064 0.14734 0.37510 0.19693 ( 3)
  20 -   0.28769 0.14028 0.38453 0.18750 ( 3)
  21 -   0.27971 0.14827 0.37385 0.19818 ( 3)
  22 -   0.26007 0.16791 0.34760 0.22442 ( 3)
  23 -   0.27847 0.14951 0.37219 0.19983 ( 3)
  24 -   0.28157 0.14640 0.37634 0.19568 ( 3)
  25 -   0.28517 0.14280 0.38116 0.19086 ( 3)
  26 -   0.28166 0.14632 0.37646 0.19556 ( 3)
  27 -   0.27600 0.15197 0.36890 0.20312 ( 3)
  28 G   0.44304 0.00030 0.55626 0.00040 ( 3)
  29 Q   0.01032 0.41860 0.01159 0.55949 ( 4)
  30 K   0.00738 0.42058 0.00990 0.56214 ( 4)
  31 V   0.20468 0.23353 0.24966 0.31213 ( 4)
  32 E   0.00345 0.41404 0.02912 0.55339 ( 4)
  33 I   0.08294 0.26031 0.30881 0.34793 ( 4)
  34 I   0.30437 0.10789 0.44353 0.14421 ( 3)
  35 R   0.00202 0.42608 0.00242 0.56949 ( 4)
  36 -   0.20629 0.22168 0.27573 0.29629 ( 4)
  37 E   0.48203 0.00302 0.51091 0.00404 ( 3)
  38 W   0.00008 0.42543 0.00587 0.56862 ( 4)
  39 I   0.13631 0.23548 0.31348 0.31473 ( 4)
  40 N   0.45406 0.00796 0.52734 0.01064 ( 3)
  41 G   0.09174 0.00035 0.90745 0.00046 ( 3)
  42 A   0.24235 0.21214 0.26198 0.28354 ( 4)
  43 N   0.01577 0.15056 0.63244 0.20123 ( 3)
  44 V   0.03837 0.38736 0.05653 0.51774 ( 4)
  45 V   0.23386 0.22463 0.24128 0.30024 ( 4)
  46 Q   0.38507 0.02199 0.56355 0.02939 ( 3)
  47 L   0.41539 0.04871 0.47079 0.06511 ( 3)
  48 S   0.10811 0.07242 0.72268 0.09679 ( 3)
  49 P   0.27372 0.17874 0.30864 0.23890 ( 3)
  50 G   0.00197 0.42605 0.00252 0.56945 ( 4)
  51 Q   0.11978 0.31931 0.13412 0.42679 ( 4)
  52 S   0.07272 0.36282 0.07951 0.48495 ( 4)
  53 W   0.03849 0.39042 0.04927 0.52182 ( 4)
  54 G   0.00014 0.42785 0.00015 0.57186 ( 4)
  55 M   0.26913 0.18645 0.29521 0.24921 ( 3)
  56 D   0.12764 0.31975 0.12524 0.42737 ( 4)
  57 F   0.47809 0.00859 0.50185 0.01148 ( 3)
  58 T   0.43933 0.00251 0.55481 0.00335 ( 3)
  59 N   0.50885 0.00050 0.48997 0.00067 ( 1)
  60 S   0.00329 0.41741 0.02139 0.55791 ( 4)
  61 T   0.48353 0.00112 0.51385 0.00149 ( 3)
  62 G   0.08826 0.34396 0.10806 0.45973 ( 4)
  63 G   0.34932 0.09166 0.43649 0.12252 ( 3)
  64 Q   0.00796 0.16676 0.60239 0.22289 ( 3)
  65 Y   0.48432 0.00058 0.51433 0.00077 ( 3)
  66 M   0.01007 0.41892 0.01110 0.55992 ( 4)
  67 V   0.41710 0.02346 0.52809 0.03136 ( 3)
  68 R   0.43460 0.00199 0.56075 0.00266 ( 3)
  69 C   0.12067 0.31864 0.13480 0.42589 ( 4)
  70 R   0.45296 0.00008 0.54685 0.00011 ( 3)
  71 Y   0.48483 0.00012 0.51490 0.00016 ( 3)
  72 A   0.48047 0.00015 0.51917 0.00020 ( 3)
  73 S   0.40873 0.07663 0.41223 0.10242 ( 3)
  74 T   0.00069 0.42685 0.00194 0.57053 ( 4)
  75 N   0.00125 0.42680 0.00149 0.57046 ( 4)
  76 D   0.15864 0.02260 0.78855 0.03021 ( 3)
  77 T   0.42473 0.02252 0.52265 0.03010 ( 3)
  78 -   0.11692 0.31106 0.15627 0.41575 ( 4)
  79 -   0.38807 0.03990 0.51869 0.05333 ( 3)
  80 P   0.46801 0.00089 0.52991 0.00118 ( 3)
  81 I   0.34304 0.09787 0.42829 0.13081 ( 3)
  82 F   0.01491 0.41485 0.01576 0.55448 ( 4)
  83 F   0.48067 0.00731 0.50225 0.00977 ( 3)
  84 N   0.47577 0.02589 0.46373 0.03461 ( 1)
  85 L   0.44079 0.01901 0.51478 0.02541 ( 3)
  86 -   0.25370 0.17428 0.33909 0.23293 ( 3)
  87 -   0.25370 0.17428 0.33909 0.23293 ( 3)
  88 -   0.25370 0.17428 0.33909 0.23293 ( 3)
  89 -   0.25370 0.17428 0.33909 0.23293 ( 3)
  90 -   0.25370 0.17428 0.33909 0.23293 ( 3)
  91 -   0.25370 0.17428 0.33909 0.23293 ( 3)
  92 V   0.12571 0.30635 0.15847 0.40947 ( 4)
  93 Y   0.04392 0.38907 0.04698 0.52002 ( 4)
  94 D   0.00291 0.42522 0.00352 0.56835 ( 4)
  95 G   0.00030 0.42771 0.00033 0.57167 ( 4)
  96 G   0.05929 0.37428 0.06616 0.50026 ( 4)
  97 S   0.00243 0.42571 0.00286 0.56900 ( 4)
  98 N   0.48187 0.01967 0.47216 0.02629 ( 1)
  99 P   0.06820 0.36662 0.07516 0.49002 ( 4)
 100 I   0.44867 0.04213 0.45290 0.05631 ( 3)
 101 Y   0.00554 0.40450 0.04930 0.54065 ( 4)
 102 N   0.00012 0.42770 0.00053 0.57165 ( 4)
 103 Q   0.00088 0.42690 0.00163 0.57059 ( 4)
 104 M   0.00974 0.41922 0.01073 0.56032 ( 4)
 105 T   0.19086 0.25941 0.20301 0.34672 ( 4)
 106 F   0.44050 0.00528 0.54716 0.00706 ( 3)
 107 P   0.47620 0.00161 0.52005 0.00215 ( 3)
 108 A   0.01062 0.41110 0.02881 0.54947 ( 4)
 109 -   0.25370 0.17428 0.33909 0.23293 ( 3)
 110 T   0.05387 0.37671 0.06591 0.50351 ( 4)
 111 K   0.00685 0.40817 0.03942 0.54556 ( 4)
 112 E   0.00058 0.42166 0.01418 0.56358 ( 4)
 113 T   0.39578 0.03936 0.51224 0.05261 ( 3)
 114 P   0.09887 0.22486 0.37573 0.30054 ( 3)
 115 A   0.22011 0.16196 0.40145 0.21647 ( 3)
 116 H   0.06019 0.29409 0.25265 0.39308 ( 4)
 117 D   0.01269 0.35933 0.14770 0.48028 ( 4)
 118 S   0.05432 0.28029 0.29077 0.37463 ( 4)
 119 V   0.25370 0.17428 0.33909 0.23293 ( 3)
 120 D   0.25370 0.17428 0.33909 0.23293 ( 3)
 121 N   0.07818 0.24266 0.35482 0.32434 ( 3)
 122 K   0.31422 0.13466 0.37115 0.17998 ( 3)
 123 I   0.36645 0.10724 0.38298 0.14333 ( 3)
 124 L   0.28053 0.02809 0.65384 0.03754 ( 3)
 125 G   0.06472 0.36494 0.08258 0.48777 ( 4)
 126 I   0.08108 0.34375 0.11571 0.45946 ( 4)
 127 K   0.48589 0.00554 0.50118 0.00740 ( 3)
 128 G   0.47186 0.00089 0.52605 0.00119 ( 3)
 129 I   0.00560 0.41849 0.01656 0.55935 ( 4)
 130 N   0.50813 0.00112 0.48926 0.00149 ( 1)
 131 G   0.42664 0.01666 0.53444 0.02226 ( 3)
 132 N   0.13570 0.00511 0.85237 0.00683 ( 3)
 133 Y   0.48491 0.00006 0.51495 0.00008 ( 3)
 134 S   0.31243 0.13703 0.36738 0.18316 ( 3)
 135 L   0.38615 0.05135 0.49386 0.06864 ( 3)
 136 M   0.00943 0.41950 0.01037 0.56070 ( 4)
 137 N   0.13860 0.28570 0.19385 0.38186 ( 4)
 138 V   0.20244 0.24776 0.21865 0.33115 ( 4)
 139 K   0.00856 0.42052 0.00886 0.56206 ( 4)
 140 D   0.49701 0.00740 0.48570 0.00989 ( 1)
 141 S   0.42773 0.04592 0.46497 0.06138 ( 3)
 142 V   0.33563 0.03448 0.58382 0.04608 ( 3)
 143 E   0.09904 0.01348 0.86945 0.01802 ( 3)
 144 L   0.47770 0.00300 0.51529 0.00401 ( 3)
 145 P   0.47021 0.00010 0.52956 0.00013 ( 3)
 146 S   0.47433 0.00434 0.51552 0.00580 ( 3)
 147 G   0.21731 0.21682 0.27608 0.28979 ( 4)
 148 K   0.43989 0.04711 0.45004 0.06296 ( 3)
 149 F   0.04357 0.38956 0.04619 0.52068 ( 4)
 150 H   0.00755 0.42138 0.00786 0.56321 ( 4)
 151 V   0.48682 0.00225 0.50792 0.00301 ( 3)
 152 F   0.00045 0.42758 0.00047 0.57150 ( 4)
 153 F   0.43879 0.00690 0.54508 0.00923 ( 3)
 154 T   0.01934 0.41081 0.02076 0.54909 ( 4)
 155 N   0.50823 0.00102 0.48937 0.00137 ( 1)
 156 N   0.34268 0.13847 0.33376 0.18508 ( 1)
 157 G   0.41542 0.05184 0.46345 0.06929 ( 3)
 158 -   0.05772 0.37026 0.07714 0.49488 ( 4)
 159 -   0.27997 0.14800 0.37421 0.19782 ( 3)
 160 -   0.33361 0.09437 0.44590 0.12613 ( 3)
 161 S   0.15457 0.28468 0.18025 0.38050 ( 4)
 162 S   0.21980 0.23036 0.24195 0.30789 ( 4)
 163 A   0.47854 0.00842 0.50179 0.01125 ( 3)
 164 I   0.48920 0.00484 0.49948 0.00647 ( 3)
 165 Y   0.44036 0.03823 0.47032 0.05109 ( 3)
 166 L   0.46031 0.00183 0.53542 0.00245 ( 3)
 167 D   0.50565 0.00010 0.49413 0.00013 ( 1)
 168 R   0.44947 0.00336 0.54268 0.00449 ( 3)
 169 L   0.47624 0.00341 0.51578 0.00456 ( 3)
 170 E   0.45419 0.00013 0.54550 0.00017 ( 3)
 171 F   0.48894 0.00009 0.51084 0.00012 ( 3)
 172 V   0.48536 0.00601 0.50059 0.00804 ( 3)
 173 P   0.45088 0.02417 0.49264 0.03231 ( 3)


lnL = -2644.089826

