Supplemental results for CODEML (seqf: algn  treef: tree)


dN/dS (w) for site classes (K=4)

site class             0        1       2a       2b
proportion       0.59668  0.36213  0.02563  0.01556
background w     0.11472  1.00000  0.11472  1.00000
foreground w     0.11472  1.00000 16.78690 16.78690

Naive Empirical Bayes (NEB) probabilities for 4 classes
(amino acids refer to 1st sequence: BT_Cry13Aa1)

   1 D   0.95800 0.00081 0.04116 0.00003 ( 1)
   2 Y   0.95806 0.00074 0.04116 0.00003 ( 1)
   3 S   0.00222 0.95659 0.00010 0.04110 ( 2)
   4 S   0.06832 0.89048 0.00294 0.03826 ( 2)
   5 Q   0.98586 0.00307 0.01103 0.00004 ( 1)
   6 I   0.96687 0.02220 0.01066 0.00027 ( 1)
   7 K   0.00965 0.96782 0.00021 0.02232 ( 2)
   8 L   0.48147 0.49757 0.00980 0.01116 ( 2)
   9 E   0.99190 0.00014 0.00796 0.00000 ( 1)
  10 K   0.95828 0.03063 0.01072 0.00037 ( 1)
  11 T   0.98830 0.00080 0.01089 0.00001 ( 1)
  12 R   0.98442 0.00643 0.00908 0.00007 ( 1)
  13 V   0.97570 0.00312 0.02111 0.00007 ( 1)
  14 I   0.95119 0.04101 0.00742 0.00038 ( 1)
  15 F   0.99232 0.00009 0.00759 0.00000 ( 1)
  16 S   0.97957 0.00270 0.01768 0.00005 ( 1)
  17 D   0.99304 0.00035 0.00661 0.00000 ( 1)
  18 M   0.96477 0.02306 0.01186 0.00030 ( 1)
  19 V   0.98258 0.00971 0.00762 0.00009 ( 1)
  20 G   0.97239 0.00679 0.02067 0.00015 ( 1)
  21 Q   0.98660 0.00234 0.01103 0.00003 ( 1)
  22 S   0.94817 0.04381 0.00761 0.00041 ( 1)
  23 E   0.98960 0.00244 0.00794 0.00002 ( 1)
  24 S   0.38561 0.60679 0.00272 0.00488 ( 2)
  25 R   0.05933 0.92863 0.00065 0.01139 ( 2)
  26 D   0.98921 0.00465 0.00610 0.00004 ( 1)
  27 G   0.40247 0.58515 0.00481 0.00757 ( 2)
  28 S   0.03160 0.71167 0.07280 0.18392 ( 2)
  29 V   0.97279 0.00831 0.01874 0.00016 ( 1)
  30 T   0.64743 0.02452 0.32656 0.00149 ( 1)
  31 I   0.99084 0.00192 0.00722 0.00002 ( 1)
  32 K   0.47257 0.50656 0.00984 0.01102 ( 2)
  33 N   0.99331 0.00009 0.00660 0.00000 ( 1)
  34 I   0.97871 0.01354 0.00763 0.00012 ( 1)
  35 F   0.07828 0.91320 0.00060 0.00792 ( 2)
  36 D   0.99365 0.00022 0.00613 0.00000 ( 1)
  37 N   0.05369 0.93651 0.00047 0.00933 ( 2)
  38 -   0.66720 0.29161 0.02866 0.01253 ( 1)
  39 -   0.00281 0.95599 0.00012 0.04107 ( 2)
  40 -   0.31216 0.64665 0.01341 0.02778 ( 2)
  41 -   0.13856 0.82025 0.00595 0.03524 ( 2)
  42 T   0.13112 0.82768 0.00563 0.03556 ( 2)
  43 D   0.00203 0.93652 0.00109 0.06036 ( 2)
  44 S   0.00708 0.98624 0.00004 0.00665 ( 2)
  45 H   0.98731 0.00476 0.00788 0.00004 ( 1)
  46 Q   0.97247 0.01613 0.01118 0.00022 ( 1)
  47 H   0.99388 0.00002 0.00610 0.00000 ( 1)
  48 G   0.00005 0.97935 0.00000 0.02059 ( 2)
  49 S   0.00244 0.97269 0.00006 0.02481 ( 2)
  50 I   0.98977 0.00024 0.00999 0.00000 ( 1)
  51 -   0.80727 0.18356 0.00732 0.00185 ( 1)
  52 -   0.87591 0.11722 0.00582 0.00105 ( 1)
  53 -   0.87591 0.11722 0.00582 0.00105 ( 1)
  54 G   0.97942 0.01004 0.01043 0.00011 ( 1)
  55 L   0.64621 0.34570 0.00501 0.00307 ( 1)
  56 N   0.99319 0.00020 0.00660 0.00000 ( 1)
  57 S   0.93407 0.04905 0.01598 0.00089 ( 1)
  58 I   0.98135 0.01129 0.00725 0.00011 ( 1)
  59 S   0.99023 0.00102 0.00874 0.00001 ( 1)
  60 Y   0.99200 0.00009 0.00791 0.00000 ( 1)
  61 F   0.14658 0.84137 0.00165 0.01040 ( 2)
  62 P   0.14913 0.50170 0.25979 0.08938 ( 2)
  63 D   0.93232 0.06144 0.00575 0.00049 ( 1)
  64 E   0.99179 0.00025 0.00796 0.00000 ( 1)
  65 L   0.97186 0.00973 0.01820 0.00020 ( 1)
  66 Q   0.06076 0.92725 0.00068 0.01131 ( 2)
  67 K   0.36411 0.62791 0.00242 0.00556 ( 2)
  68 A   0.14925 0.83162 0.00288 0.01625 ( 2)
  69 Q   0.98404 0.00489 0.01101 0.00006 ( 1)
  70 L   0.60340 0.37819 0.01078 0.00763 ( 1)
  71 R   0.00006 0.82153 0.00013 0.17829 ( 2)
  72 M   0.75886 0.22846 0.00949 0.00320 ( 1)
  73 Y   0.99170 0.00039 0.00791 0.00000 ( 1)
  74 D   0.95767 0.02486 0.01697 0.00050 ( 1)
  75 Y   0.54116 0.44782 0.00538 0.00564 ( 1)
  76 N   0.00010 0.98859 0.00000 0.01130 ( 2)
  77 H   0.59069 0.40083 0.00469 0.00379 ( 1)
  78 K   0.03148 0.87560 0.00274 0.09018 ( 2)
  79 P   0.00441 0.98134 0.00006 0.01419 ( 2)
  80 Y   0.01402 0.97933 0.00008 0.00657 ( 2)
  81 C   0.38392 0.60360 0.00461 0.00787 ( 2)
  82 T   0.86557 0.11396 0.01798 0.00248 ( 1)
  83 D   0.59668 0.36213 0.02563 0.01556 ( 1)
  84 C   0.59668 0.36213 0.02563 0.01556 ( 1)
  85 F   0.59668 0.36213 0.02563 0.01556 ( 1)
  86 C   0.75830 0.16144 0.06944 0.01082 ( 1)
  87 W   0.96967 0.02238 0.00774 0.00021 ( 1)
  88 P   0.77337 0.21743 0.00701 0.00218 ( 1)
  89 Y   0.99190 0.00019 0.00791 0.00000 ( 1)
  90 G   0.51173 0.47500 0.00648 0.00679 ( 1)
  91 V   0.83307 0.15917 0.00637 0.00138 ( 1)
  92 I   0.48585 0.00042 0.51369 0.00004 ( 3)
  93 L   0.00363 0.97721 0.00007 0.01909 ( 2)
  94 N   0.99235 0.00104 0.00660 0.00001 ( 1)
  95 Y   0.99200 0.00009 0.00791 0.00000 ( 1)
  96 N   0.00156 0.98316 0.00002 0.01525 ( 2)
  97 K   0.29725 0.68889 0.00383 0.01003 ( 2)
  98 N   0.02019 0.97160 0.00013 0.00808 ( 2)
  99 T   0.00103 0.97774 0.00002 0.02120 ( 2)
 100 F   0.98544 0.00291 0.01161 0.00004 ( 1)
 101 R   0.02566 0.96317 0.00022 0.01095 ( 2)
 102 Y   0.99200 0.00009 0.00791 0.00000 ( 1)
 103 G   0.99223 0.00077 0.00699 0.00001 ( 1)
 104 D   0.99380 0.00007 0.00613 0.00000 ( 1)
 105 -   0.69604 0.15897 0.13743 0.00755 ( 1)
 106 N   0.97933 0.01370 0.00685 0.00013 ( 1)
 107 D   0.00264 0.98581 0.00002 0.01152 ( 2)
 108 P   0.98597 0.00087 0.01315 0.00001 ( 1)
 109 G   0.00057 0.95935 0.00002 0.04006 ( 2)
 110 L   0.00037 0.62828 0.00402 0.36733 ( 2)
 111 -   0.59668 0.36213 0.02563 0.01556 ( 1)
 112 S   0.00009 0.96703 0.00000 0.03288 ( 2)
 113 G   0.00336 0.04047 0.80979 0.14638 ( 3)
 114 D   0.05357 0.92876 0.00091 0.01675 ( 2)
 115 V   0.00612 0.96918 0.00013 0.02458 ( 2)
 116 Q   0.02406 0.95380 0.00068 0.02147 ( 2)
 117 L   0.44609 0.53317 0.00902 0.01172 ( 2)
 118 P   0.00700 0.96842 0.00012 0.02445 ( 2)
 119 A   0.91010 0.07432 0.01408 0.00151 ( 1)
 120 P   0.97756 0.01345 0.00886 0.00014 ( 1)
 121 -   0.59668 0.36213 0.02563 0.01556 ( 1)
 122 -   0.59668 0.36213 0.02563 0.01556 ( 1)
 123 -   0.59668 0.36213 0.02563 0.01556 ( 1)
 124 M   0.88490 0.10504 0.00888 0.00118 ( 1)
 125 S   0.03909 0.94888 0.00044 0.01159 ( 2)
 126 V   0.00005 0.98513 0.00000 0.01481 ( 2)
 127 V   0.12275 0.67898 0.12993 0.06834 ( 2)
 128 N   0.99331 0.00009 0.00660 0.00000 ( 1)
 129 A   0.93602 0.05271 0.01061 0.00065 ( 1)
 130 Q   0.03880 0.94891 0.00044 0.01185 ( 2)
 131 T   0.99185 0.00043 0.00772 0.00000 ( 1)
 132 Q   0.98871 0.00023 0.01106 0.00000 ( 1)
 133 T   0.62258 0.36448 0.00791 0.00502 ( 1)
 134 A   0.09194 0.90002 0.00060 0.00744 ( 2)
 135 Q   0.23378 0.75720 0.00186 0.00716 ( 2)
 136 -   0.64230 0.31651 0.02760 0.01360 ( 1)
 137 Y   0.99163 0.00046 0.00791 0.00000 ( 1)
 138 T   0.62385 0.35834 0.01108 0.00673 ( 1)
 139 D   0.99383 0.00005 0.00613 0.00000 ( 1)
 140 G   0.77075 0.21724 0.00920 0.00281 ( 1)
 141 E   0.99174 0.00030 0.00796 0.00000 ( 1)
 142 N   0.03917 0.60533 0.15812 0.19738 ( 2)
 143 I   0.04561 0.69322 0.09987 0.16130 ( 2)
 144 W   0.00026 0.95855 0.00001 0.04118 ( 2)
 145 T   0.13744 0.82136 0.00590 0.03529 ( 2)
 146 D   0.79053 0.16827 0.03396 0.00723 ( 1)
 147 T   0.01482 0.94399 0.00064 0.04056 ( 2)
 148 -   0.02667 0.93214 0.00115 0.04005 ( 2)
 149 -   0.63127 0.32754 0.02712 0.01407 ( 1)
 150 -   0.59668 0.36213 0.02563 0.01556 ( 1)
 151 -   0.59668 0.36213 0.02563 0.01556 ( 1)
 152 -   0.59668 0.36213 0.02563 0.01556 ( 1)
 153 G   0.06156 0.89724 0.00264 0.03855 ( 2)
 154 R   0.00735 0.98375 0.00005 0.00885 ( 2)
 155 S   0.01805 0.96912 0.00022 0.01262 ( 2)
 156 W   0.00007 0.98855 0.00000 0.01137 ( 2)
 157 L   0.01305 0.97133 0.00019 0.01543 ( 2)
 158 C   0.96894 0.01983 0.01099 0.00025 ( 1)
 159 T   0.15888 0.81680 0.00391 0.02041 ( 2)
 160 L   0.97509 0.00816 0.01661 0.00015 ( 1)
 161 R   0.87721 0.11369 0.00795 0.00114 ( 1)
 162 G   0.99151 0.00149 0.00699 0.00001 ( 1)
 163 Y   0.89277 0.09918 0.00712 0.00093 ( 1)
 164 C   0.99188 0.00004 0.00807 0.00000 ( 1)
 165 T   0.98974 0.00253 0.00771 0.00002 ( 1)
 166 T   0.07324 0.91301 0.00082 0.01294 ( 2)
 167 N   0.40814 0.57858 0.00503 0.00826 ( 2)
 168 C   0.49454 0.49691 0.00403 0.00453 ( 2)
 169 F   0.58585 0.39601 0.01058 0.00757 ( 1)
 170 P   0.68181 0.30167 0.01087 0.00565 ( 1)
 171 -   0.79232 0.19653 0.00873 0.00241 ( 1)
 172 -   0.32382 0.66555 0.00308 0.00754 ( 2)
 173 -   0.15114 0.43651 0.31904 0.09331 ( 2)
 174 G   0.83749 0.15337 0.00760 0.00155 ( 1)
 175 R   0.00897 0.98242 0.00007 0.00854 ( 2)
 176 G   0.67710 0.31696 0.00382 0.00212 ( 1)
 177 C   0.15922 0.83190 0.00130 0.00758 ( 2)
 178 Y   0.04059 0.95034 0.00032 0.00875 ( 2)
 179 N   0.00102 0.98913 0.00001 0.00984 ( 2)
 180 N   0.85373 0.13066 0.01329 0.00232 ( 1)
 181 S   0.06725 0.92209 0.00064 0.01001 ( 2)
 182 T   0.28271 0.70910 0.00188 0.00631 ( 2)
 183 G   0.26700 0.66505 0.01358 0.05437 ( 2)
 184 Y   0.96733 0.02444 0.00795 0.00028 ( 1)
 185 G   0.97492 0.01714 0.00777 0.00016 ( 1)
 186 E   0.01733 0.96748 0.00024 0.01496 ( 2)
 187 S   0.98410 0.00014 0.01575 0.00000 ( 1)
 188 C   0.99009 0.00183 0.00806 0.00002 ( 1)
 189 N   0.99330 0.00010 0.00660 0.00000 ( 1)
 190 Q   0.00352 0.98652 0.00003 0.00993 ( 2)
 191 S   0.23225 0.74886 0.00421 0.01468 ( 2)
 192 L   0.97608 0.01775 0.00603 0.00014 ( 1)
 193 P   0.95648 0.02976 0.01330 0.00047 ( 1)
 194 G   0.77984 0.21306 0.00520 0.00190 ( 1)
 195 Q   0.98871 0.00023 0.01106 0.00000 ( 1)
 196 K   0.99198 0.00014 0.00788 0.00000 ( 1)
 197 I   0.99261 0.00015 0.00724 0.00000 ( 1)
 198 H   0.97959 0.00216 0.01821 0.00004 ( 1)
 199 A   0.99214 0.00009 0.00776 0.00000 ( 1)
 200 L   0.90634 0.07684 0.01544 0.00138 ( 1)
 201 Y   0.99200 0.00009 0.00791 0.00000 ( 1)
 202 P   0.51439 0.00469 0.48035 0.00058 ( 1)
 203 F   0.99176 0.00065 0.00759 0.00001 ( 1)
 204 T   0.96189 0.02718 0.01060 0.00033 ( 1)
 205 Q   0.87030 0.11853 0.00973 0.00145 ( 1)
 206 T   0.28095 0.38911 0.29541 0.03453 ( 2)
 207 -   0.94627 0.01254 0.04065 0.00054 ( 1)
 208 N   0.60199 0.39053 0.00400 0.00348 ( 1)
 209 V   0.07973 0.90810 0.00090 0.01127 ( 2)
 210 L   0.00845 0.97660 0.00012 0.01483 ( 2)
 211 G   0.98786 0.00034 0.01179 0.00000 ( 1)
 212 Q   0.08758 0.88479 0.00186 0.02577 ( 2)
 213 S   0.00046 0.98545 0.00001 0.01408 ( 2)
 214 G   0.97278 0.00924 0.01780 0.00018 ( 1)
 215 K   0.99203 0.00009 0.00788 0.00000 ( 1)
 216 L   0.95352 0.02970 0.01624 0.00053 ( 1)
 217 G   0.98772 0.00048 0.01179 0.00001 ( 1)
 218 L   0.58032 0.40541 0.00815 0.00611 ( 1)
 219 L   0.92348 0.04480 0.03023 0.00149 ( 1)
 220 A   0.91165 0.07706 0.01033 0.00096 ( 1)
 221 S   0.19508 0.79848 0.00110 0.00534 ( 2)
 222 H   0.98023 0.00925 0.01042 0.00010 ( 1)
 223 I   0.99159 0.00071 0.00769 0.00001 ( 1)
 224 P   0.29656 0.00277 0.70000 0.00067 ( 3)
 225 Y   0.90796 0.08401 0.00724 0.00079 ( 1)
 226 D   0.99278 0.00109 0.00613 0.00001 ( 1)
 227 L   0.97992 0.00333 0.01669 0.00006 ( 1)
 228 S   0.91971 0.07351 0.00613 0.00065 ( 1)
 229 P   0.98716 0.00385 0.00895 0.00004 ( 1)
 230 N   0.99059 0.00152 0.00787 0.00001 ( 1)
 231 N   0.95842 0.00039 0.04118 0.00002 ( 1)
 232 T   0.00313 0.95567 0.00013 0.04106 ( 2)
 233 I   0.93528 0.02353 0.04018 0.00101 ( 1)
 234 G   0.95855 0.00026 0.04118 0.00001 ( 1)
 235 D   0.68657 0.27224 0.02950 0.01170 ( 1)
 236 K   0.04225 0.91655 0.00182 0.03938 ( 2)
 237 D   0.95852 0.00029 0.04118 0.00001 ( 1)
 238 T   0.35106 0.60775 0.01508 0.02611 ( 2)
 239 D   0.87074 0.08807 0.03741 0.00378 ( 1)
 240 S   0.94539 0.01342 0.04062 0.00058 ( 1)
 241 T   0.00034 0.95846 0.00001 0.04118 ( 2)
 242 N   0.86409 0.09472 0.03712 0.00407 ( 1)
 243 -   0.59675 0.36205 0.02564 0.01555 ( 1)


lnL = -4113.892512

Bayes Empirical Bayes (BEB) probabilities for 4 classes (class)
(amino acids refer to 1st sequence: BT_Cry13Aa1)

   1 D   0.87883 0.00089 0.12015 0.00012 ( 1)
   2 Y   0.87888 0.00085 0.12016 0.00012 ( 1)
   3 S   0.00693 0.87279 0.00096 0.11932 ( 2)
   4 S   0.15010 0.72963 0.02066 0.09961 ( 2)
   5 Q   0.90587 0.00297 0.09084 0.00032 ( 1)
   6 I   0.89318 0.01718 0.08781 0.00183 ( 1)
   7 K   0.03022 0.86189 0.00354 0.10436 ( 2)
   8 L   0.56005 0.33504 0.06458 0.04032 ( 1)
   9 E   0.91715 0.00017 0.08267 0.00002 ( 1)
  10 K   0.88930 0.01944 0.08917 0.00209 ( 1)
  11 T   0.90962 0.00086 0.08943 0.00009 ( 1)
  12 R   0.90565 0.00599 0.08773 0.00063 ( 1)
  13 V   0.89232 0.00311 0.10420 0.00037 ( 1)
  14 I   0.89066 0.02746 0.07915 0.00274 ( 1)
  15 F   0.91627 0.00011 0.08360 0.00001 ( 1)
  16 S   0.89717 0.00264 0.09988 0.00031 ( 1)
  17 D   0.92548 0.00038 0.07410 0.00004 ( 1)
  18 M   0.88875 0.01706 0.09231 0.00188 ( 1)
  19 V   0.90909 0.00770 0.08244 0.00077 ( 1)
  20 G   0.88943 0.00638 0.10343 0.00076 ( 1)
  21 Q   0.90681 0.00204 0.09093 0.00022 ( 1)
  22 S   0.89091 0.02616 0.08030 0.00263 ( 1)
  23 E   0.91520 0.00209 0.08249 0.00021 ( 1)
  24 S   0.50343 0.41066 0.04506 0.04084 ( 1)
  25 R   0.13678 0.76820 0.01340 0.08162 ( 2)
  26 D   0.92175 0.00374 0.07415 0.00035 ( 1)
  27 G   0.54200 0.36331 0.05518 0.03951 ( 1)
  28 S   0.08012 0.58118 0.15661 0.18208 ( 2)
  29 V   0.89113 0.00673 0.10135 0.00079 ( 1)
  30 T   0.57395 0.01577 0.40786 0.00242 ( 1)
  31 I   0.91736 0.00171 0.08076 0.00017 ( 1)
  32 K   0.58163 0.31364 0.06728 0.03745 ( 1)
  33 N   0.92579 0.00013 0.07407 0.00001 ( 1)
  34 I   0.90935 0.00895 0.08081 0.00089 ( 1)
  35 F   0.16979 0.74049 0.01540 0.07432 ( 2)
  36 D   0.92527 0.00026 0.07444 0.00002 ( 1)
  37 N   0.13665 0.77138 0.01278 0.07920 ( 2)
  38 -   0.64371 0.23602 0.08822 0.03205 ( 1)
  39 -   0.00838 0.87135 0.00116 0.11912 ( 2)
  40 -   0.40402 0.47571 0.05550 0.06477 ( 2)
  41 -   0.21530 0.66443 0.02963 0.09065 ( 2)
  42 T   0.23639 0.64334 0.03252 0.08775 ( 2)
  43 D   0.00625 0.83986 0.00481 0.14908 ( 2)
  44 S   0.02342 0.89042 0.00194 0.08422 ( 2)
  45 H   0.91449 0.00377 0.08136 0.00038 ( 1)
  46 Q   0.89624 0.01204 0.09039 0.00132 ( 1)
  47 H   0.92184 0.00003 0.07813 0.00000 ( 1)
  48 G   0.00030 0.89598 0.00003 0.10369 ( 2)
  49 S   0.00857 0.88217 0.00102 0.10825 ( 2)
  50 I   0.91175 0.00027 0.08795 0.00003 ( 1)
  51 -   0.76186 0.14978 0.07280 0.01557 ( 1)
  52 -   0.82613 0.09852 0.06602 0.00933 ( 1)
  53 -   0.82613 0.09852 0.06602 0.00933 ( 1)
  54 G   0.90955 0.00754 0.08216 0.00075 ( 1)
  55 L   0.71540 0.19974 0.06480 0.02006 ( 1)
  56 N   0.92565 0.00026 0.07406 0.00002 ( 1)
  57 S   0.86449 0.03587 0.09551 0.00414 ( 1)
  58 I   0.90965 0.00915 0.08028 0.00092 ( 1)
  59 S   0.91318 0.00093 0.08580 0.00010 ( 1)
  60 Y   0.91820 0.00011 0.08168 0.00001 ( 1)
  61 F   0.27990 0.62850 0.02647 0.06514 ( 2)
  62 P   0.21790 0.29562 0.40830 0.07817 ( 3)
  63 D   0.88670 0.03839 0.07129 0.00361 ( 1)
  64 E   0.91702 0.00029 0.08266 0.00003 ( 1)
  65 L   0.89068 0.00896 0.09931 0.00105 ( 1)
  66 Q   0.13555 0.76832 0.01356 0.08257 ( 2)
  67 K   0.53480 0.38626 0.04255 0.03640 ( 1)
  68 A   0.28092 0.61484 0.03201 0.07222 ( 2)
  69 Q   0.90868 0.00400 0.08690 0.00042 ( 1)
  70 L   0.65099 0.24769 0.07224 0.02909 ( 1)
  71 R   0.00027 0.75294 0.00067 0.24611 ( 2)
  72 M   0.78137 0.12538 0.07954 0.01370 ( 1)
  73 Y   0.91793 0.00038 0.08166 0.00004 ( 1)
  74 D   0.88301 0.01787 0.09704 0.00209 ( 1)
  75 Y   0.67332 0.23595 0.06542 0.02531 ( 1)
  76 N   0.00055 0.90382 0.00005 0.09558 ( 2)
  77 H   0.67298 0.24327 0.05953 0.02421 ( 1)
  78 K   0.08169 0.75683 0.01581 0.14568 ( 2)
  79 P   0.01582 0.88457 0.00162 0.09799 ( 2)
  80 Y   0.04304 0.87102 0.00357 0.08237 ( 2)
  81 C   0.52155 0.38359 0.05311 0.04174 ( 1)
  82 T   0.82117 0.07508 0.09480 0.00895 ( 1)
  83 D   0.58604 0.29368 0.08037 0.03991 ( 1)
  84 C   0.58604 0.29368 0.08037 0.03991 ( 1)
  85 F   0.58604 0.29368 0.08037 0.03991 ( 1)
  86 C   0.73477 0.08349 0.16731 0.01443 ( 1)
  87 W   0.90287 0.01529 0.08032 0.00153 ( 1)
  88 P   0.77949 0.13228 0.07449 0.01374 ( 1)
  89 Y   0.91808 0.00023 0.08167 0.00002 ( 1)
  90 G   0.62020 0.28461 0.06379 0.03139 ( 1)
  91 V   0.82775 0.08790 0.07549 0.00885 ( 1)
  92 I   0.39863 0.00036 0.60093 0.00007 ( 3)
  93 L   0.01262 0.88246 0.00141 0.10350 ( 2)
  94 N   0.92480 0.00110 0.07399 0.00010 ( 1)
  95 Y   0.91820 0.00011 0.08168 0.00001 ( 1)
  96 N   0.00610 0.89425 0.00063 0.09902 ( 2)
  97 K   0.45851 0.44514 0.04720 0.04915 ( 1)
  98 N   0.05938 0.85344 0.00499 0.08220 ( 2)
  99 T   0.00439 0.89056 0.00050 0.10455 ( 2)
 100 F   0.90817 0.00260 0.08895 0.00028 ( 1)
 101 R   0.06674 0.84152 0.00593 0.08581 ( 2)
 102 Y   0.91820 0.00011 0.08168 0.00001 ( 1)
 103 G   0.91680 0.00081 0.08231 0.00008 ( 1)
 104 D   0.92545 0.00009 0.07445 0.00001 ( 1)
 105 -   0.73287 0.10382 0.14906 0.01425 ( 1)
 106 N   0.91397 0.01143 0.07352 0.00108 ( 1)
 107 D   0.00869 0.90114 0.00074 0.08943 ( 2)
 108 P   0.90452 0.00089 0.09450 0.00010 ( 1)
 109 G   0.00232 0.87597 0.00031 0.12139 ( 2)
 110 L   0.00197 0.70215 0.00716 0.28872 ( 2)
 111 -   0.58604 0.29368 0.08037 0.03991 ( 1)
 112 S   0.00052 0.88245 0.00006 0.11697 ( 2)
 113 G   0.02240 0.10169 0.77697 0.09894 ( 3)
 114 D   0.12400 0.77293 0.01371 0.08937 ( 2)
 115 V   0.02392 0.86906 0.00266 0.10435 ( 2)
 116 Q   0.06109 0.83164 0.00769 0.09958 ( 2)
 117 L   0.56303 0.33228 0.06486 0.03983 ( 1)
 118 P   0.02318 0.86999 0.00247 0.10436 ( 2)
 119 A   0.85711 0.04699 0.09044 0.00545 ( 1)
 120 P   0.90374 0.00893 0.08640 0.00093 ( 1)
 121 -   0.58604 0.29368 0.08037 0.03991 ( 1)
 122 -   0.58604 0.29368 0.08037 0.03991 ( 1)
 123 -   0.58604 0.29368 0.08037 0.03991 ( 1)
 124 M   0.84711 0.06446 0.08167 0.00676 ( 1)
 125 S   0.10138 0.80224 0.01014 0.08624 ( 2)
 126 V   0.00029 0.89966 0.00003 0.10001 ( 2)
 127 V   0.17759 0.44425 0.28172 0.09644 ( 2)
 128 N   0.92579 0.00013 0.07407 0.00001 ( 1)
 129 A   0.87016 0.03897 0.08670 0.00417 ( 1)
 130 Q   0.10308 0.80086 0.01024 0.08582 ( 2)
 131 T   0.91791 0.00049 0.08155 0.00005 ( 1)
 132 Q   0.90861 0.00025 0.09111 0.00003 ( 1)
 133 T   0.69229 0.21311 0.07124 0.02337 ( 1)
 134 A   0.19547 0.71814 0.01660 0.06979 ( 2)
 135 Q   0.38718 0.52637 0.03415 0.05230 ( 2)
 136 -   0.62351 0.25622 0.08547 0.03480 ( 1)
 137 Y   0.91778 0.00052 0.08164 0.00005 ( 1)
 138 T   0.69728 0.20142 0.07787 0.02343 ( 1)
 139 D   0.92547 0.00007 0.07445 0.00001 ( 1)
 140 G   0.77224 0.13450 0.07864 0.01462 ( 1)
 141 E   0.91697 0.00034 0.08265 0.00003 ( 1)
 142 N   0.08967 0.52316 0.22828 0.15889 ( 2)
 143 I   0.08500 0.54075 0.19675 0.17750 ( 2)
 144 W   0.00120 0.87852 0.00017 0.12011 ( 2)
 145 T   0.25213 0.62759 0.03468 0.08559 ( 2)
 146 D   0.78499 0.09474 0.10743 0.01284 ( 1)
 147 T   0.03886 0.84087 0.00535 0.11492 ( 2)
 148 -   0.05738 0.82235 0.00791 0.11237 ( 2)
 149 -   0.64375 0.23598 0.08823 0.03204 ( 1)
 150 -   0.58604 0.29368 0.08037 0.03991 ( 1)
 151 -   0.58604 0.29368 0.08037 0.03991 ( 1)
 152 -   0.58604 0.29368 0.08037 0.03991 ( 1)
 153 G   0.12274 0.75698 0.01690 0.10337 ( 2)
 154 R   0.02397 0.89058 0.00189 0.08355 ( 2)
 155 S   0.04812 0.85409 0.00489 0.09290 ( 2)
 156 W   0.00036 0.90466 0.00003 0.09494 ( 2)
 157 L   0.03870 0.86114 0.00405 0.09611 ( 2)
 158 C   0.89621 0.01309 0.08930 0.00140 ( 1)
 159 T   0.29521 0.59603 0.03554 0.07322 ( 2)
 160 L   0.89400 0.00654 0.09871 0.00075 ( 1)
 161 R   0.84062 0.07159 0.08035 0.00744 ( 1)
 162 G   0.91610 0.00150 0.08225 0.00015 ( 1)
 163 Y   0.85397 0.06375 0.07593 0.00635 ( 1)
 164 C   0.91464 0.00005 0.08531 0.00000 ( 1)
 165 T   0.91602 0.00237 0.08138 0.00024 ( 1)
 166 T   0.16121 0.74248 0.01584 0.08046 ( 2)
 167 N   0.53249 0.37184 0.05454 0.04113 ( 1)
 168 C   0.63819 0.27436 0.05944 0.02801 ( 1)
 169 F   0.60954 0.28896 0.06792 0.03359 ( 1)
 170 P   0.68459 0.21645 0.07398 0.02499 ( 1)
 171 -   0.74920 0.16014 0.07363 0.01703 ( 1)
 172 -   0.38932 0.52098 0.03601 0.05369 ( 2)
 173 -   0.17889 0.33529 0.38582 0.09999 ( 3)
 174 G   0.82985 0.08228 0.07932 0.00855 ( 1)
 175 R   0.03043 0.87869 0.00276 0.08813 ( 2)
 176 G   0.75814 0.16287 0.06348 0.01551 ( 1)
 177 C   0.29692 0.61298 0.02759 0.06251 ( 2)
 178 Y   0.10883 0.80208 0.00959 0.07950 ( 2)
 179 N   0.00431 0.90270 0.00040 0.09259 ( 2)
 180 N   0.83244 0.07123 0.08823 0.00809 ( 1)
 181 S   0.16510 0.74306 0.01541 0.07644 ( 2)
 182 T   0.45295 0.46705 0.03598 0.04402 ( 2)
 183 G   0.39154 0.46593 0.06057 0.08196 ( 2)
 184 Y   0.90035 0.01727 0.08061 0.00177 ( 1)
 185 G   0.90734 0.01107 0.08048 0.00111 ( 1)
 186 E   0.05015 0.85051 0.00517 0.09417 ( 2)
 187 S   0.90121 0.00017 0.09860 0.00002 ( 1)
 188 C   0.91284 0.00183 0.08514 0.00019 ( 1)
 189 N   0.92578 0.00014 0.07407 0.00001 ( 1)
 190 Q   0.01186 0.89429 0.00113 0.09273 ( 2)
 191 S   0.36106 0.53599 0.04029 0.06265 ( 2)
 192 L   0.91362 0.01175 0.07352 0.00111 ( 1)
 193 P   0.88940 0.02242 0.08582 0.00237 ( 1)
 194 G   0.81883 0.10568 0.06548 0.01001 ( 1)
 195 Q   0.90861 0.00025 0.09111 0.00003 ( 1)
 196 K   0.91840 0.00018 0.08140 0.00002 ( 1)
 197 I   0.91891 0.00017 0.08090 0.00002 ( 1)
 198 H   0.90512 0.00204 0.09260 0.00023 ( 1)
 199 A   0.91712 0.00011 0.08275 0.00001 ( 1)
 200 L   0.84520 0.05511 0.09333 0.00635 ( 1)
 201 Y   0.91820 0.00011 0.08168 0.00001 ( 1)
 202 P   0.47611 0.00319 0.52003 0.00067 ( 3)
 203 F   0.91569 0.00069 0.08355 0.00007 ( 1)
 204 T   0.89224 0.01812 0.08771 0.00193 ( 1)
 205 Q   0.83777 0.07063 0.08400 0.00759 ( 1)
 206 T   0.30392 0.19016 0.46921 0.03671 ( 3)
 207 -   0.86830 0.01143 0.11873 0.00155 ( 1)
 208 N   0.71132 0.21190 0.05674 0.02004 ( 1)
 209 V   0.15213 0.75192 0.01519 0.08076 ( 2)
 210 L   0.02436 0.87462 0.00260 0.09842 ( 2)
 211 G   0.90720 0.00038 0.09239 0.00004 ( 1)
 212 Q   0.18537 0.70332 0.02151 0.08980 ( 2)
 213 S   0.00210 0.90000 0.00021 0.09770 ( 2)
 214 G   0.89212 0.00777 0.09921 0.00090 ( 1)
 215 K   0.91847 0.00011 0.08140 0.00001 ( 1)
 216 L   0.87843 0.02204 0.09699 0.00254 ( 1)
 217 G   0.90706 0.00052 0.09237 0.00006 ( 1)
 218 L   0.64153 0.26284 0.06661 0.02902 ( 1)
 219 L   0.85413 0.03198 0.10976 0.00413 ( 1)
 220 A   0.85977 0.04928 0.08566 0.00528 ( 1)
 221 S   0.34280 0.57418 0.02855 0.05446 ( 2)
 222 H   0.90297 0.00697 0.08932 0.00074 ( 1)
 223 I   0.91619 0.00066 0.08308 0.00007 ( 1)
 224 P   0.32000 0.00256 0.67670 0.00075 ( 3)
 225 Y   0.86277 0.05502 0.07672 0.00549 ( 1)
 226 D   0.92449 0.00103 0.07438 0.00010 ( 1)
 227 L   0.89732 0.00324 0.09907 0.00037 ( 1)
 228 S   0.88349 0.04184 0.07071 0.00396 ( 1)
 229 P   0.90894 0.00377 0.08690 0.00039 ( 1)
 230 N   0.91715 0.00141 0.08130 0.00014 ( 1)
 231 N   0.87919 0.00053 0.12020 0.00007 ( 1)
 232 T   0.01058 0.86915 0.00146 0.11881 ( 2)
 233 I   0.86367 0.01606 0.11810 0.00217 ( 1)
 234 G   0.87943 0.00030 0.12023 0.00004 ( 1)
 235 D   0.72432 0.15541 0.09919 0.02108 ( 1)
 236 K   0.09759 0.78213 0.01344 0.10683 ( 2)
 237 D   0.87936 0.00037 0.12022 0.00005 ( 1)
 238 T   0.45289 0.42683 0.06219 0.05808 ( 1)
 239 D   0.81390 0.06583 0.11135 0.00892 ( 1)
 240 S   0.86863 0.01110 0.11877 0.00150 ( 1)
 241 T   0.00147 0.87826 0.00020 0.12007 ( 2)
 242 N   0.80809 0.07163 0.11056 0.00971 ( 1)
 243 -   0.61439 0.26534 0.08423 0.03604 ( 1)

