Supplemental results for CODEML (seqf: algn  treef: tree)


dN/dS (w) for site classes (K=4)

site class             0        1       2a       2b
proportion       0.36837  0.52468  0.04411  0.06283
background w     0.14803  1.00000  0.14803  1.00000
foreground w     0.14803  1.00000 44.84115 44.84115

Naive Empirical Bayes (NEB) probabilities for 4 classes
(amino acids refer to 1st sequence: BT_Cry1Be1)

   1 -   0.83421 0.05884 0.09990 0.00705 ( 1)
   2 S   0.01137 0.98439 0.00003 0.00421 ( 2)
   3 D   0.99445 0.00000 0.00555 0.00000 ( 1)
   4 S   0.02701 0.96493 0.00014 0.00792 ( 2)
   5 I   0.99166 0.00000 0.00834 0.00000 ( 1)
   6 T   0.96320 0.01368 0.02266 0.00046 ( 1)
   7 Q   0.99772 0.00000 0.00228 0.00000 ( 1)
   8 I   0.99087 0.00000 0.00913 0.00000 ( 1)
   9 P   0.97501 0.00006 0.02493 0.00000 ( 1)
  10 L   0.99199 0.00084 0.00716 0.00001 ( 1)
  11 V   0.98755 0.00010 0.01235 0.00000 ( 1)
  12 K   0.99469 0.00000 0.00530 0.00000 ( 1)
  13 S   0.99385 0.00039 0.00576 0.00000 ( 1)
  14 F   0.02350 0.96778 0.00013 0.00859 ( 2)
  15 N   0.00000 0.99460 0.00000 0.00540 ( 2)
  16 L   0.88571 0.10399 0.00853 0.00177 ( 1)
  17 N   0.02768 0.86537 0.00332 0.10363 ( 2)
  18 S   0.36766 0.52539 0.04403 0.06292 ( 2)
  19 -   0.36837 0.52468 0.04411 0.06283 ( 2)
  20 -   0.01804 0.96124 0.00035 0.02037 ( 2)
  21 -   0.00052 0.97641 0.00001 0.02306 ( 2)
  22 -   0.00000 0.86171 0.00000 0.13829 ( 2)
  23 -   0.67579 0.31722 0.00404 0.00294 ( 1)
  24 -   0.36837 0.52468 0.04411 0.06283 ( 2)
  25 -   0.36837 0.52468 0.04411 0.06283 ( 2)
  26 G   0.00065 0.99252 0.00000 0.00683 ( 2)
  27 T   0.07280 0.91291 0.00075 0.01354 ( 2)
  28 S   0.00000 0.62600 0.00000 0.37400 ( 2)
  29 V   0.99262 0.00000 0.00737 0.00000 ( 1)
  30 V   0.06872 0.85208 0.02283 0.05638 ( 2)
  31 S   0.01511 0.97578 0.00009 0.00902 ( 2)
  32 G   0.99629 0.00002 0.00369 0.00000 ( 1)
  33 P   0.00044 0.00000 0.99956 0.00000 ( 3)
  34 G   0.95387 0.00000 0.04613 0.00000 ( 1)
  35 F   0.00039 0.96808 0.00001 0.03152 ( 2)
  36 T   0.99373 0.00000 0.00627 0.00000 ( 1)
  37 G   0.99559 0.00000 0.00441 0.00000 ( 1)
  38 G   0.99573 0.00002 0.00425 0.00000 ( 1)
  39 D   0.99472 0.00000 0.00528 0.00000 ( 1)
  40 I   0.96613 0.00731 0.02634 0.00023 ( 1)
  41 I   0.99296 0.00017 0.00686 0.00000 ( 1)
  42 R   0.00012 0.89259 0.00009 0.10720 ( 2)
  43 T   0.99595 0.00058 0.00347 0.00000 ( 1)
  44 N   0.00000 0.37933 0.00001 0.62066 ( 4)
  45 V   0.09848 0.79457 0.01179 0.09516 ( 2)
  46 N   0.00000 0.91592 0.00000 0.08408 ( 2)
  47 G   0.00000 0.80453 0.00000 0.19547 ( 2)
  48 S   0.00002 0.97769 0.00000 0.02230 ( 2)
  49 V   0.33743 0.65984 0.00075 0.00199 ( 2)
  50 L   0.90357 0.09286 0.00315 0.00042 ( 1)
  51 S   0.00292 0.98658 0.00002 0.01048 ( 2)
  52 -   0.36837 0.52468 0.04411 0.06283 ( 2)
  53 M   0.90532 0.08742 0.00631 0.00096 ( 1)
  54 G   0.89622 0.10149 0.00198 0.00031 ( 1)
  55 L   0.91887 0.07758 0.00320 0.00035 ( 1)
  56 N   0.00003 0.98453 0.00000 0.01544 ( 2)
  57 F   0.00499 0.93860 0.00150 0.05492 ( 2)
  58 N   0.40678 0.48627 0.04872 0.05823 ( 2)
  59 -   0.25314 0.63991 0.03032 0.07663 ( 2)
  60 -   0.69916 0.19389 0.08373 0.02322 ( 1)
  61 -   0.09637 0.79668 0.01154 0.09541 ( 2)
  62 -   0.06295 0.83010 0.00754 0.09941 ( 2)
  63 -   0.11602 0.77703 0.01389 0.09305 ( 2)
  64 -   0.04545 0.84760 0.00544 0.10151 ( 2)
  65 N   0.00029 0.98996 0.00000 0.00975 ( 2)
  66 T   0.00000 0.96293 0.00000 0.03707 ( 2)
  67 S   0.00066 0.78496 0.00114 0.21325 ( 2)
  68 L   0.02811 0.95620 0.00025 0.01543 ( 2)
  69 Q   0.99471 0.00012 0.00517 0.00000 ( 1)
  70 R   0.99047 0.00292 0.00657 0.00003 ( 1)
  71 Y   0.99415 0.00041 0.00544 0.00000 ( 1)
  72 R   0.86293 0.13304 0.00310 0.00092 ( 1)
  73 V   0.99311 0.00007 0.00682 0.00000 ( 1)
  74 R   0.99604 0.00000 0.00396 0.00000 ( 1)
  75 V   0.87493 0.09840 0.02320 0.00347 ( 1)
  76 R   0.83717 0.15628 0.00546 0.00109 ( 1)
  77 Y   0.78435 0.00000 0.21565 0.00000 ( 1)
  78 A   0.06067 0.01376 0.91218 0.01339 ( 3)
  79 A   0.00473 0.00295 0.97838 0.01394 ( 3)
  80 S   0.00000 0.41121 0.00000 0.58879 ( 4)
  81 Q   0.00000 0.20535 0.00000 0.79465 ( 4)
  82 T   0.00000 0.92804 0.00000 0.07196 ( 2)
  83 M   0.29431 0.69977 0.00128 0.00465 ( 2)
  84 V   0.00000 0.83380 0.00000 0.16620 ( 2)
  85 L   0.00000 0.92266 0.00000 0.07734 ( 2)
  86 R   0.00000 0.92869 0.00000 0.07131 ( 2)
  87 V   0.53292 0.45986 0.00318 0.00404 ( 1)
  88 T   0.00000 0.99366 0.00000 0.00634 ( 2)
  89 V   0.10274 0.89155 0.00041 0.00530 ( 2)
  90 -   0.36837 0.52468 0.04411 0.06283 ( 2)
  91 -   0.04678 0.95098 0.00009 0.00214 ( 2)
  92 -   0.00151 0.99173 0.00001 0.00675 ( 2)
  93 -   0.00090 0.79188 0.00148 0.20575 ( 2)
  94 G   0.11482 0.87717 0.00057 0.00744 ( 2)
  95 G   0.05082 0.94366 0.00020 0.00532 ( 2)
  96 S   0.00000 0.77710 0.00000 0.22290 ( 2)
  97 T   0.00000 0.91882 0.00000 0.08118 ( 2)
  98 -   0.36837 0.52468 0.04411 0.06283 ( 2)
  99 T   0.00107 0.98716 0.00001 0.01177 ( 2)
 100 F   0.00000 0.92317 0.00000 0.07683 ( 2)
 101 D   0.00000 0.93687 0.00000 0.06313 ( 2)
 102 Q   0.00145 0.99208 0.00001 0.00646 ( 2)
 103 G   0.00000 0.87032 0.00000 0.12968 ( 2)
 104 F   0.00000 0.95914 0.00000 0.04086 ( 2)
 105 P   0.00002 0.91637 0.00001 0.08360 ( 2)
 106 S   0.00000 0.82087 0.00000 0.17913 ( 2)
 107 T   0.02230 0.97254 0.00010 0.00506 ( 2)
 108 M   0.00000 0.07208 0.00071 0.92721 ( 4)
 109 S   0.00000 0.36854 0.00000 0.63146 ( 4)
 110 A   0.00291 0.89014 0.00035 0.10660 ( 2)
 111 N   0.09542 0.79763 0.01143 0.09552 ( 2)
 112 -   0.15799 0.73506 0.01892 0.08803 ( 2)
 113 -   0.53088 0.36217 0.06358 0.04337 ( 1)
 114 -   0.49455 0.39850 0.05923 0.04772 ( 1)
 115 -   0.49455 0.39850 0.05923 0.04772 ( 1)
 116 -   0.60763 0.28542 0.07277 0.03418 ( 1)
 117 E   0.00452 0.88853 0.00054 0.10641 ( 2)
 118 S   0.02899 0.86406 0.00347 0.10348 ( 2)
 119 L   0.31691 0.57614 0.03795 0.06900 ( 2)
 120 T   0.88906 0.00399 0.10647 0.00048 ( 1)
 121 S   0.07094 0.82211 0.00850 0.09845 ( 2)
 122 Q   0.00000 0.89305 0.00000 0.10695 ( 2)
 123 S   0.00130 0.89175 0.00016 0.10679 ( 2)
 124 F   0.98551 0.00000 0.01449 0.00000 ( 1)
 125 R   0.00001 0.89989 0.00000 0.10010 ( 2)
 126 F   0.99629 0.00000 0.00371 0.00000 ( 1)
 127 A   0.10110 0.79195 0.01211 0.09484 ( 2)
 128 -   0.52020 0.37285 0.06230 0.04465 ( 1)
 129 -   0.47309 0.41996 0.05666 0.05029 ( 1)
 130 -   0.02144 0.87161 0.00257 0.10438 ( 2)
 131 -   0.52020 0.37285 0.06230 0.04465 ( 1)
 132 -   0.12804 0.76501 0.01533 0.09162 ( 2)
 133 E   0.30347 0.58958 0.03634 0.07061 ( 2)
 134 F   0.02337 0.96946 0.00015 0.00703 ( 2)
 135 P   0.00115 0.92275 0.00057 0.07554 ( 2)
 136 V   0.48980 0.48589 0.01045 0.01386 ( 1)
 137 G   0.02109 0.97472 0.00008 0.00411 ( 2)
 138 I   0.97496 0.01814 0.00669 0.00020 ( 1)
 139 S   0.92013 0.07227 0.00672 0.00088 ( 1)
 140 A   0.01640 0.97433 0.00010 0.00917 ( 2)
 141 S   0.06966 0.92403 0.00029 0.00602 ( 2)
 142 G   0.00140 0.94741 0.00030 0.05090 ( 2)
 143 S   0.00321 0.99381 0.00001 0.00297 ( 2)
 144 Q   0.00000 0.66660 0.00002 0.33338 ( 2)
 145 T   0.00023 0.99126 0.00000 0.00851 ( 2)
 146 A   0.99305 0.00013 0.00682 0.00000 ( 1)
 147 G   0.03477 0.95668 0.00020 0.00835 ( 2)
 148 I   0.64643 0.00643 0.34651 0.00063 ( 1)
 149 S   0.98683 0.00481 0.00829 0.00007 ( 1)
 150 I   0.99305 0.00003 0.00692 0.00000 ( 1)
 151 S   0.00002 0.94333 0.00001 0.05664 ( 2)
 152 N   0.99267 0.00074 0.00658 0.00001 ( 1)
 153 N   0.00030 0.99393 0.00000 0.00576 ( 2)
 154 A   0.00000 0.70960 0.00000 0.29040 ( 2)
 155 G   0.33876 0.65355 0.00153 0.00615 ( 2)
 156 R   0.03838 0.85467 0.00460 0.10235 ( 2)
 157 Q   0.00000 0.21039 0.00000 0.78961 ( 4)
 158 T   0.00000 0.98692 0.00000 0.01308 ( 2)
 159 F   0.44736 0.03796 0.50582 0.00886 ( 3)
 160 H   0.00057 0.67213 0.00167 0.32562 ( 2)
 161 F   0.64433 0.05705 0.29357 0.00505 ( 1)
 162 D   0.99772 0.00003 0.00225 0.00000 ( 1)
 163 K   0.99482 0.00001 0.00517 0.00000 ( 1)
 164 I   0.99038 0.00067 0.00894 0.00001 ( 1)
 165 E   0.73343 0.00000 0.26657 0.00000 ( 1)
 166 F   0.99440 0.00017 0.00542 0.00000 ( 1)
 167 I   0.98686 0.00736 0.00573 0.00005 ( 1)
 168 -   0.53362 0.35943 0.06391 0.04304 ( 1)


lnL = -6489.376793

Bayes Empirical Bayes (BEB) probabilities for 4 classes (class)
(amino acids refer to 1st sequence: BT_Cry1Be1)

   1 -   0.79005 0.05637 0.14344 0.01014 ( 1)
   2 S   0.01218 0.95360 0.00032 0.03391 ( 2)
   3 D   0.98372 0.00000 0.01628 0.00000 ( 1)
   4 S   0.02962 0.94190 0.00057 0.02791 ( 2)
   5 I   0.97727 0.00000 0.02273 0.00000 ( 1)
   6 T   0.94626 0.01336 0.03961 0.00076 ( 1)
   7 Q   0.97471 0.00000 0.02529 0.00000 ( 1)
   8 I   0.97679 0.00000 0.02321 0.00000 ( 1)
   9 P   0.96669 0.00006 0.03325 0.00000 ( 1)
  10 L   0.97468 0.00083 0.02446 0.00003 ( 1)
  11 V   0.96920 0.00010 0.03069 0.00000 ( 1)
  12 K   0.98105 0.00000 0.01895 0.00000 ( 1)
  13 S   0.98031 0.00038 0.01929 0.00001 ( 1)
  14 F   0.02571 0.94492 0.00050 0.02886 ( 2)
  15 N   0.00000 0.94864 0.00000 0.05135 ( 2)
  16 L   0.86773 0.09802 0.02877 0.00549 ( 1)
  17 N   0.02790 0.81852 0.00511 0.14847 ( 2)
  18 S   0.35611 0.49031 0.06497 0.08860 ( 2)
  19 -   0.35167 0.49475 0.06417 0.08941 ( 2)
  20 -   0.01834 0.91316 0.00115 0.06735 ( 2)
  21 -   0.00055 0.94864 0.00002 0.05079 ( 2)
  22 -   0.00000 0.83220 0.00000 0.16780 ( 2)
  23 -   0.66355 0.30782 0.01750 0.01113 ( 1)
  24 -   0.35167 0.49475 0.06417 0.08941 ( 2)
  25 -   0.35167 0.49475 0.06417 0.08941 ( 2)
  26 G   0.00071 0.95793 0.00003 0.04133 ( 2)
  27 T   0.07741 0.88102 0.00243 0.03914 ( 2)
  28 S   0.00000 0.62573 0.00000 0.37427 ( 2)
  29 V   0.92906 0.00000 0.07094 0.00000 ( 1)
  30 V   0.06397 0.73218 0.06214 0.14171 ( 2)
  31 S   0.01663 0.95363 0.00033 0.02941 ( 2)
  32 G   0.97572 0.00002 0.02425 0.00000 ( 1)
  33 P   0.00104 0.00000 0.99896 0.00000 ( 3)
  34 G   0.94977 0.00000 0.05023 0.00000 ( 1)
  35 F   0.00043 0.92523 0.00002 0.07431 ( 2)
  36 T   0.97495 0.00000 0.02505 0.00000 ( 1)
  37 G   0.97520 0.00000 0.02480 0.00000 ( 1)
  38 G   0.97524 0.00002 0.02474 0.00000 ( 1)
  39 D   0.98430 0.00000 0.01570 0.00000 ( 1)
  40 I   0.91389 0.00683 0.07862 0.00066 ( 1)
  41 I   0.97413 0.00017 0.02569 0.00001 ( 1)
  42 R   0.00010 0.66545 0.00030 0.33416 ( 2)
  43 T   0.97057 0.00057 0.02884 0.00002 ( 1)
  44 N   0.00000 0.30321 0.00001 0.69678 ( 4)
  45 V   0.09803 0.74839 0.01793 0.13564 ( 2)
  46 N   0.00000 0.82896 0.00000 0.17103 ( 2)
  47 G   0.00000 0.84607 0.00000 0.15393 ( 2)
  48 S   0.00002 0.92523 0.00000 0.07475 ( 2)
  49 V   0.34640 0.63019 0.00682 0.01659 ( 2)
  50 L   0.88198 0.08845 0.02622 0.00336 ( 1)
  51 S   0.00322 0.96139 0.00008 0.03531 ( 2)
  52 -   0.35167 0.49475 0.06417 0.08941 ( 2)
  53 M   0.89139 0.08269 0.02269 0.00323 ( 1)
  54 G   0.88358 0.09651 0.01737 0.00254 ( 1)
  55 L   0.89696 0.07358 0.02666 0.00279 ( 1)
  56 N   0.00003 0.95742 0.00000 0.04254 ( 2)
  57 F   0.00494 0.83032 0.00488 0.15987 ( 2)
  58 N   0.39281 0.45362 0.07164 0.08194 ( 2)
  59 -   0.24631 0.60011 0.04499 0.10858 ( 2)
  60 -   0.66274 0.18368 0.12050 0.03308 ( 1)
  61 -   0.09506 0.75136 0.01739 0.13619 ( 2)
  62 -   0.06214 0.78429 0.01137 0.14221 ( 2)
  63 -   0.11421 0.73221 0.02089 0.13269 ( 2)
  64 -   0.04547 0.80095 0.00832 0.14526 ( 2)
  65 N   0.00032 0.96007 0.00001 0.03960 ( 2)
  66 T   0.00000 0.87692 0.00000 0.12308 ( 2)
  67 S   0.00053 0.57780 0.00245 0.41922 ( 2)
  68 L   0.03022 0.93140 0.00070 0.03768 ( 2)
  69 Q   0.98112 0.00012 0.01876 0.00000 ( 1)
  70 R   0.97987 0.00282 0.01722 0.00009 ( 1)
  71 Y   0.91879 0.00038 0.08079 0.00004 ( 1)
  72 R   0.85502 0.12601 0.01519 0.00377 ( 1)
  73 V   0.97895 0.00007 0.02098 0.00000 ( 1)
  74 R   0.98176 0.00000 0.01824 0.00000 ( 1)
  75 V   0.86090 0.09267 0.04067 0.00575 ( 1)
  76 R   0.76819 0.14163 0.07544 0.01473 ( 1)
  77 Y   0.53682 0.00000 0.46318 0.00000 ( 1)
  78 A   0.05057 0.01113 0.92525 0.01305 ( 3)
  79 A   0.01170 0.00695 0.96773 0.01363 ( 3)
  80 S   0.00000 0.59764 0.00000 0.40236 ( 2)
  81 Q   0.00000 0.33629 0.00000 0.66371 ( 4)
  82 T   0.00000 0.84946 0.00000 0.15054 ( 2)
  83 M   0.30512 0.67234 0.00524 0.01731 ( 2)
  84 V   0.00000 0.75608 0.00000 0.24392 ( 2)
  85 L   0.00000 0.80683 0.00000 0.19316 ( 2)
  86 R   0.00000 0.91623 0.00000 0.08377 ( 2)
  87 V   0.53573 0.43454 0.01371 0.01602 ( 1)
  88 T   0.00000 0.97279 0.00000 0.02721 ( 2)
  89 V   0.10989 0.86447 0.00205 0.02359 ( 2)
  90 -   0.35167 0.49475 0.06417 0.08941 ( 2)
  91 -   0.04604 0.88274 0.00322 0.06800 ( 2)
  92 -   0.00152 0.91062 0.00014 0.08772 ( 2)
  93 -   0.00070 0.56668 0.00334 0.42928 ( 2)
  94 G   0.12216 0.85465 0.00182 0.02137 ( 2)
  95 G   0.05451 0.91945 0.00104 0.02500 ( 2)
  96 S   0.00000 0.62122 0.00000 0.37878 ( 2)
  97 T   0.00000 0.81881 0.00000 0.18119 ( 2)
  98 -   0.35167 0.49475 0.06417 0.08941 ( 2)
  99 T   0.00120 0.96874 0.00002 0.03004 ( 2)
 100 F   0.00000 0.85013 0.00000 0.14987 ( 2)
 101 D   0.00000 0.87320 0.00000 0.12680 ( 2)
 102 Q   0.00161 0.97422 0.00003 0.02414 ( 2)
 103 G   0.00000 0.76506 0.00000 0.23494 ( 2)
 104 F   0.00000 0.90287 0.00000 0.09713 ( 2)
 105 P   0.00002 0.75952 0.00003 0.24044 ( 2)
 106 S   0.00000 0.70506 0.00000 0.29494 ( 2)
 107 T   0.02270 0.90812 0.00151 0.06767 ( 2)
 108 M   0.00000 0.21754 0.00067 0.78179 ( 4)
 109 S   0.00000 0.41460 0.00000 0.58540 ( 4)
 110 A   0.00302 0.84340 0.00055 0.15303 ( 2)
 111 N   0.09625 0.75018 0.01761 0.13597 ( 2)
 112 -   0.15353 0.69289 0.02807 0.12551 ( 2)
 113 -   0.50427 0.34215 0.09185 0.06172 ( 1)
 114 -   0.47019 0.37623 0.08568 0.06790 ( 1)
 115 -   0.47019 0.37623 0.08568 0.06790 ( 1)
 116 -   0.57713 0.26929 0.10504 0.04854 ( 1)
 117 E   0.00470 0.84172 0.00086 0.15272 ( 2)
 118 S   0.02988 0.81654 0.00547 0.14811 ( 2)
 119 L   0.30831 0.53811 0.05628 0.09730 ( 2)
 120 T   0.84260 0.00382 0.15289 0.00069 ( 1)
 121 S   0.07361 0.77281 0.01347 0.14011 ( 2)
 122 Q   0.00000 0.84642 0.00000 0.15358 ( 2)
 123 S   0.00138 0.84504 0.00025 0.15332 ( 2)
 124 F   0.95612 0.00000 0.04388 0.00000 ( 1)
 125 R   0.00001 0.82237 0.00001 0.17761 ( 2)
 126 F   0.98168 0.00000 0.01832 0.00000 ( 1)
 127 A   0.10041 0.74601 0.01837 0.13521 ( 2)
 128 -   0.49426 0.35216 0.09004 0.06354 ( 1)
 129 -   0.45006 0.39636 0.08203 0.07155 ( 1)
 130 -   0.02131 0.82511 0.00390 0.14968 ( 2)
 131 -   0.49426 0.35216 0.09004 0.06354 ( 1)
 132 -   0.12473 0.72169 0.02281 0.13076 ( 2)
 133 E   0.29434 0.55208 0.05374 0.09984 ( 2)
 134 F   0.02377 0.90024 0.00176 0.07423 ( 2)
 135 P   0.00102 0.73209 0.00218 0.26471 ( 2)
 136 V   0.49361 0.46526 0.01833 0.02280 ( 1)
 137 G   0.02180 0.91611 0.00127 0.06082 ( 2)
 138 I   0.96146 0.01735 0.02060 0.00059 ( 1)
 139 S   0.90898 0.06875 0.01983 0.00243 ( 1)
 140 A   0.01770 0.94616 0.00046 0.03568 ( 2)
 141 S   0.07514 0.90130 0.00120 0.02235 ( 2)
 142 G   0.00150 0.88753 0.00073 0.11024 ( 2)
 143 S   0.00349 0.96422 0.00009 0.03220 ( 2)
 144 Q   0.00001 0.69683 0.00002 0.30315 ( 2)
 145 T   0.00026 0.97019 0.00001 0.02955 ( 2)
 146 A   0.97889 0.00013 0.02097 0.00000 ( 1)
 147 G   0.03781 0.92927 0.00088 0.03205 ( 2)
 148 I   0.41514 0.00407 0.57975 0.00104 ( 3)
 149 S   0.97256 0.00464 0.02261 0.00018 ( 1)
 150 I   0.97516 0.00003 0.02481 0.00000 ( 1)
 151 S   0.00003 0.85975 0.00002 0.14021 ( 2)
 152 N   0.98200 0.00072 0.01726 0.00002 ( 1)
 153 N   0.00033 0.95481 0.00001 0.04484 ( 2)
 154 A   0.00000 0.56129 0.00000 0.43871 ( 2)
 155 G   0.34987 0.62384 0.00617 0.02011 ( 2)
 156 R   0.03871 0.80771 0.00709 0.14649 ( 2)
 157 Q   0.00000 0.29319 0.00000 0.70681 ( 4)
 158 T   0.00000 0.96625 0.00000 0.03375 ( 2)
 159 F   0.39314 0.03232 0.56505 0.00948 ( 3)
 160 H   0.00057 0.60189 0.00227 0.39526 ( 2)
 161 F   0.47757 0.04111 0.47342 0.00790 ( 1)
 162 D   0.95793 0.00003 0.04203 0.00000 ( 1)
 163 K   0.98123 0.00001 0.01876 0.00000 ( 1)
 164 I   0.97325 0.00065 0.02607 0.00003 ( 1)
 165 E   0.63187 0.00000 0.36813 0.00000 ( 1)
 166 F   0.98033 0.00017 0.01949 0.00001 ( 1)
 167 I   0.93446 0.00703 0.05802 0.00049 ( 1)
 168 -   0.50685 0.33957 0.09232 0.06126 ( 1)

