Supplemental results for CODEML (seqf: algn  treef: tree)


dN/dS (w) for site classes (K=4)

site class             0        1       2a       2b
proportion       0.68648  0.30872  0.00331  0.00149
background w     0.06510  1.00000  0.06510  1.00000
foreground w     0.06510  1.00000 78.51647 78.51647

Naive Empirical Bayes (NEB) probabilities for 4 classes
(amino acids refer to 1st sequence: BT_Cry1Ca11)

   1 N   0.92042 0.07834 0.00115 0.00010 ( 1)
   2 F   0.98142 0.01807 0.00050 0.00001 ( 1)
   3 V   0.97519 0.02412 0.00067 0.00002 ( 1)
   4 P   0.96577 0.03288 0.00131 0.00005 ( 1)
   5 G   0.89591 0.10247 0.00145 0.00017 ( 1)
   6 G   0.96371 0.03467 0.00156 0.00006 ( 1)
   7 G   0.93024 0.06813 0.00152 0.00011 ( 1)
   8 F   0.98142 0.01807 0.00050 0.00001 ( 1)
   9 L   0.55839 0.44101 0.00033 0.00027 ( 1)
  10 V   0.08304 0.91603 0.00008 0.00086 ( 2)
  11 G   0.97754 0.02192 0.00052 0.00001 ( 1)
  12 L   0.94789 0.05121 0.00086 0.00005 ( 1)
  13 I   0.00007 0.97027 0.00002 0.02964 ( 2)
  14 D   0.98043 0.01372 0.00577 0.00008 ( 1)
  15 F   0.04079 0.95866 0.00002 0.00053 ( 2)
  16 V   0.82377 0.17566 0.00046 0.00010 ( 1)
  17 W   0.85572 0.14217 0.00180 0.00030 ( 1)
  18 G   0.94238 0.05599 0.00153 0.00009 ( 1)
  19 I   0.23029 0.76916 0.00012 0.00042 ( 2)
  20 V   0.41529 0.58305 0.00068 0.00097 ( 2)
  21 G   0.56563 0.43390 0.00026 0.00021 ( 1)
  22 P   0.96254 0.03681 0.00062 0.00002 ( 1)
  23 S   0.96805 0.03133 0.00060 0.00002 ( 1)
  24 Q   0.00038 0.99079 0.00004 0.00879 ( 2)
  25 W   0.85572 0.14217 0.00180 0.00030 ( 1)
  26 D   0.70406 0.29536 0.00040 0.00018 ( 1)
  27 A   0.10584 0.89324 0.00010 0.00083 ( 2)
  28 F   0.98142 0.01807 0.00050 0.00001 ( 1)
  29 L   0.95822 0.04122 0.00054 0.00002 ( 1)
  30 V   0.15931 0.83985 0.00012 0.00072 ( 2)
  31 Q   0.91623 0.08186 0.00176 0.00016 ( 1)
  32 I   0.97908 0.02034 0.00058 0.00001 ( 1)
  33 E   0.98200 0.01743 0.00056 0.00001 ( 1)
  34 Q   0.26663 0.73144 0.00051 0.00142 ( 2)
  35 L   0.91427 0.08409 0.00151 0.00014 ( 1)
  36 I   0.97908 0.02034 0.00058 0.00001 ( 1)
  37 N   0.86732 0.13220 0.00041 0.00007 ( 1)
  38 E   0.09080 0.90746 0.00016 0.00158 ( 2)
  39 R   0.98058 0.01895 0.00046 0.00001 ( 1)
  40 I   0.98340 0.01604 0.00055 0.00001 ( 1)
  41 A   0.55007 0.44935 0.00031 0.00027 ( 1)
  42 E   0.00865 0.98972 0.00001 0.00162 ( 2)
  43 F   0.00545 0.99405 0.00000 0.00050 ( 2)
  44 A   0.78387 0.21544 0.00053 0.00015 ( 1)
  45 R   0.96494 0.03459 0.00045 0.00002 ( 1)
  46 N   0.00693 0.99253 0.00000 0.00053 ( 2)
  47 A   0.15262 0.84683 0.00008 0.00047 ( 2)
  48 A   0.98084 0.01864 0.00050 0.00001 ( 1)
  49 I   0.93877 0.05924 0.00186 0.00012 ( 1)
  50 A   0.03747 0.96197 0.00002 0.00053 ( 2)
  51 N   0.29466 0.70474 0.00017 0.00042 ( 2)
  52 L   0.94789 0.05121 0.00086 0.00005 ( 1)
  53 E   0.98200 0.01743 0.00056 0.00001 ( 1)
  54 G   0.97731 0.02221 0.00047 0.00001 ( 1)
  55 L   0.94789 0.05121 0.00086 0.00005 ( 1)
  56 G   0.94238 0.05599 0.00153 0.00009 ( 1)
  57 N   0.14024 0.85927 0.00007 0.00042 ( 2)
  58 N   0.78242 0.21720 0.00030 0.00009 ( 1)
  59 F   0.07008 0.92920 0.00005 0.00067 ( 2)
  60 N   0.11363 0.88558 0.00009 0.00070 ( 2)
  61 I   0.66354 0.33552 0.00061 0.00032 ( 1)
  62 Y   0.94842 0.05092 0.00062 0.00003 ( 1)
  63 V   0.02889 0.97026 0.00002 0.00082 ( 2)
  64 E   0.97143 0.02752 0.00102 0.00003 ( 1)
  65 A   0.98160 0.01789 0.00050 0.00001 ( 1)
  66 F   0.98142 0.01807 0.00050 0.00001 ( 1)
  67 K   0.98234 0.01714 0.00051 0.00001 ( 1)
  68 E   0.97761 0.02132 0.00105 0.00002 ( 1)
  69 W   0.85572 0.14217 0.00180 0.00030 ( 1)
  70 E   0.98200 0.01743 0.00056 0.00001 ( 1)
  71 E   0.00015 0.99901 0.00000 0.00085 ( 2)
  72 D   0.13828 0.86119 0.00007 0.00046 ( 2)
  73 P   0.96369 0.03567 0.00062 0.00002 ( 1)
  74 N   0.74558 0.25394 0.00036 0.00013 ( 1)
  75 N   0.95889 0.03987 0.00120 0.00005 ( 1)
  76 P   0.00292 0.99657 0.00000 0.00050 ( 2)
  77 A   0.05065 0.94772 0.00008 0.00155 ( 2)
  78 T   0.62061 0.37885 0.00033 0.00021 ( 1)
  79 R   0.31371 0.68380 0.00078 0.00171 ( 2)
  80 T   0.04328 0.95608 0.00003 0.00061 ( 2)
  81 R   0.98058 0.01895 0.00046 0.00001 ( 1)
  82 V   0.97499 0.02433 0.00066 0.00002 ( 1)
  83 I   0.08071 0.91876 0.00004 0.00049 ( 2)
  84 D   0.72698 0.27197 0.00076 0.00029 ( 1)
  85 R   0.81023 0.18930 0.00038 0.00009 ( 1)
  86 F   0.98142 0.01807 0.00050 0.00001 ( 1)
  87 R   0.95940 0.03990 0.00067 0.00003 ( 1)
  88 I   0.98340 0.01604 0.00055 0.00001 ( 1)
  89 L   0.68264 0.31676 0.00040 0.00020 ( 1)
  90 D   0.98640 0.01312 0.00047 0.00001 ( 1)
  91 G   0.56380 0.43566 0.00030 0.00024 ( 1)
  92 L   0.47886 0.52036 0.00037 0.00041 ( 2)
  93 L   0.66962 0.32978 0.00039 0.00020 ( 1)
  94 E   0.98200 0.01743 0.00056 0.00001 ( 1)
  95 R   0.07956 0.91990 0.00004 0.00049 ( 2)
  96 D   0.76409 0.23547 0.00033 0.00011 ( 1)
  97 I   0.89299 0.10502 0.00177 0.00021 ( 1)
  98 P   0.96299 0.03634 0.00065 0.00003 ( 1)
  99 S   0.90430 0.09344 0.00205 0.00021 ( 1)
 100 F   0.98142 0.01807 0.00050 0.00001 ( 1)
 101 R   0.86922 0.12830 0.00216 0.00032 ( 1)
 102 I   0.70937 0.28929 0.00097 0.00038 ( 1)
 103 S   0.00005 0.99701 0.00000 0.00295 ( 2)
 104 G   0.97754 0.02192 0.00052 0.00001 ( 1)
 105 F   0.98142 0.01807 0.00050 0.00001 ( 1)
 106 E   0.98200 0.01743 0.00056 0.00001 ( 1)
 107 V   0.94439 0.05402 0.00151 0.00009 ( 1)
 108 P   0.92875 0.07060 0.00060 0.00005 ( 1)
 109 L   0.97263 0.02680 0.00055 0.00002 ( 1)
 110 L   0.94326 0.05582 0.00087 0.00005 ( 1)
 111 S   0.27030 0.72707 0.00071 0.00192 ( 2)
 112 V   0.97308 0.02623 0.00067 0.00002 ( 1)
 113 Y   0.96933 0.03001 0.00064 0.00002 ( 1)
 114 A   0.04765 0.94974 0.00013 0.00249 ( 2)
 115 Q   0.95839 0.04085 0.00073 0.00003 ( 1)
 116 A   0.96659 0.03290 0.00049 0.00002 ( 1)
 117 A   0.95714 0.04233 0.00051 0.00002 ( 1)
 118 N   0.98659 0.01297 0.00043 0.00001 ( 1)
 119 L   0.88742 0.11094 0.00146 0.00019 ( 1)
 120 H   0.97945 0.02008 0.00046 0.00001 ( 1)
 121 L   0.88376 0.11360 0.00234 0.00030 ( 1)
 122 A   0.97961 0.01986 0.00052 0.00001 ( 1)
 123 I   0.60714 0.39193 0.00056 0.00037 ( 1)
 124 L   0.93314 0.06595 0.00084 0.00006 ( 1)
 125 R   0.98058 0.01895 0.00046 0.00001 ( 1)
 126 D   0.98640 0.01312 0.00047 0.00001 ( 1)
 127 S   0.96805 0.03133 0.00060 0.00002 ( 1)
 128 V   0.05257 0.94671 0.00004 0.00069 ( 2)
 129 I   0.75321 0.24572 0.00079 0.00029 ( 1)
 130 F   0.97952 0.01996 0.00052 0.00001 ( 1)
 131 G   0.97754 0.02192 0.00052 0.00001 ( 1)
 132 E   0.51191 0.48703 0.00054 0.00052 ( 1)
 133 R   0.98058 0.01895 0.00046 0.00001 ( 1)
 134 W   0.85572 0.14217 0.00180 0.00030 ( 1)
 135 G   0.97754 0.02192 0.00052 0.00001 ( 1)
 136 L   0.88942 0.10894 0.00146 0.00018 ( 1)
 137 T   0.20557 0.17982 0.58162 0.03300 ( 3)
 138 T   0.97302 0.02647 0.00049 0.00001 ( 1)
 139 I   0.15959 0.83992 0.00008 0.00042 ( 2)
 140 N   0.98659 0.01297 0.00043 0.00001 ( 1)
 141 V   0.85222 0.14542 0.00201 0.00035 ( 1)
 142 N   0.98659 0.01297 0.00043 0.00001 ( 1)
 143 E   0.83715 0.16237 0.00040 0.00008 ( 1)
 144 N   0.33340 0.66460 0.00066 0.00134 ( 2)
 145 Y   0.96933 0.03001 0.00064 0.00002 ( 1)
 146 N   0.98659 0.01297 0.00043 0.00001 ( 1)
 147 R   0.97476 0.02477 0.00046 0.00001 ( 1)
 148 L   0.49995 0.49928 0.00038 0.00039 ( 1)
 149 I   0.71577 0.28352 0.00050 0.00021 ( 1)
 150 R   0.06222 0.93653 0.00008 0.00117 ( 2)
 151 H   0.00071 0.99880 0.00000 0.00049 ( 2)
 152 I   0.97908 0.02034 0.00058 0.00001 ( 1)
 153 D   0.01035 0.98861 0.00001 0.00102 ( 2)
 154 E   0.98200 0.01743 0.00056 0.00001 ( 1)
 155 Y   0.96933 0.03001 0.00064 0.00002 ( 1)
 156 A   0.04875 0.94958 0.00008 0.00159 ( 2)
 157 D   0.00079 0.99492 0.00003 0.00426 ( 2)
 158 H   0.95467 0.04486 0.00044 0.00002 ( 1)
 159 C   0.94803 0.05136 0.00058 0.00003 ( 1)
 160 A   0.79229 0.20702 0.00054 0.00015 ( 1)
 161 N   0.74558 0.25394 0.00036 0.00013 ( 1)
 162 T   0.89416 0.10422 0.00145 0.00017 ( 1)
 163 Y   0.96933 0.03001 0.00064 0.00002 ( 1)
 164 N   0.69277 0.30670 0.00036 0.00017 ( 1)
 165 R   0.30734 0.69217 0.00015 0.00035 ( 2)
 166 G   0.80553 0.19389 0.00046 0.00012 ( 1)
 167 L   0.94207 0.05702 0.00085 0.00005 ( 1)
 168 N   0.29466 0.70474 0.00017 0.00042 ( 2)
 169 N   0.10331 0.89597 0.00007 0.00065 ( 2)
 170 L   0.93945 0.05963 0.00087 0.00006 ( 1)
 171 P   0.00149 0.90792 0.00239 0.08820 ( 2)
 172 K   0.03854 0.96093 0.00002 0.00051 ( 2)
 173 S   0.00128 0.99818 0.00000 0.00054 ( 2)
 174 T   0.50143 0.49794 0.00031 0.00032 ( 1)
 175 Y   0.00376 0.99557 0.00000 0.00067 ( 2)
 176 Q   0.03964 0.95873 0.00006 0.00157 ( 2)
 177 D   0.07275 0.92642 0.00006 0.00077 ( 2)
 178 W   0.85572 0.14217 0.00180 0.00030 ( 1)
 179 I   0.12191 0.87756 0.00006 0.00047 ( 2)
 180 T   0.82400 0.17544 0.00046 0.00010 ( 1)
 181 Y   0.96933 0.03001 0.00064 0.00002 ( 1)
 182 N   0.98659 0.01297 0.00043 0.00001 ( 1)
 183 R   0.36856 0.62951 0.00071 0.00122 ( 2)
 184 L   0.71483 0.28465 0.00037 0.00015 ( 1)
 185 R   0.93695 0.06258 0.00044 0.00003 ( 1)
 186 R   0.97654 0.02217 0.00126 0.00003 ( 1)
 187 D   0.73635 0.26307 0.00042 0.00016 ( 1)
 188 L   0.93646 0.06186 0.00157 0.00011 ( 1)
 189 T   0.98123 0.01829 0.00047 0.00001 ( 1)
 190 L   0.93190 0.06718 0.00086 0.00006 ( 1)
 191 T   0.96714 0.03124 0.00157 0.00005 ( 1)
 192 V   0.97499 0.02433 0.00066 0.00002 ( 1)
 193 L   0.94789 0.05121 0.00086 0.00005 ( 1)
 194 D   0.98640 0.01312 0.00047 0.00001 ( 1)
 195 I   0.96263 0.03678 0.00057 0.00002 ( 1)
 196 A   0.36981 0.62782 0.00087 0.00150 ( 2)
 197 A   0.97961 0.01986 0.00052 0.00001 ( 1)
 198 F   0.00575 0.96250 0.00263 0.02912 ( 2)
 199 F   0.94521 0.05323 0.00147 0.00008 ( 1)
 200 P   0.91515 0.08268 0.00199 0.00018 ( 1)
 201 N   0.36228 0.63646 0.00045 0.00081 ( 2)


lnL = -1834.102865

Bayes Empirical Bayes (BEB) probabilities for 4 classes (class)
(amino acids refer to 1st sequence: BT_Cry1Ca11)

   1 N   0.82500 0.07687 0.08968 0.00844 ( 1)
   2 F   0.89082 0.01738 0.08998 0.00182 ( 1)
   3 V   0.88536 0.02316 0.08906 0.00242 ( 1)
   4 P   0.87046 0.03196 0.09409 0.00350 ( 1)
   5 G   0.80041 0.10063 0.08784 0.01113 ( 1)
   6 G   0.86769 0.03343 0.09518 0.00370 ( 1)
   7 G   0.83463 0.06645 0.09158 0.00735 ( 1)
   8 F   0.89082 0.01738 0.08998 0.00182 ( 1)
   9 L   0.43322 0.47408 0.04338 0.04932 ( 2)
  10 V   0.04439 0.85793 0.00472 0.09296 ( 2)
  11 G   0.88662 0.02113 0.09003 0.00222 ( 1)
  12 L   0.85445 0.04997 0.09020 0.00538 ( 1)
  13 I   0.00002 0.83001 0.00003 0.16993 ( 2)
  14 D   0.89078 0.01303 0.09477 0.00142 ( 1)
  15 F   0.02097 0.88506 0.00209 0.09188 ( 2)
  16 V   0.70557 0.20403 0.06942 0.02099 ( 1)
  17 W   0.76016 0.13968 0.08457 0.01559 ( 1)
  18 G   0.84658 0.05451 0.09288 0.00603 ( 1)
  19 I   0.13377 0.77178 0.01355 0.08090 ( 2)
  20 V   0.30481 0.59545 0.03363 0.06611 ( 2)
  21 G   0.43994 0.46639 0.04471 0.04897 ( 2)
  22 P   0.86927 0.03589 0.09099 0.00384 ( 1)
  23 S   0.87519 0.03046 0.09109 0.00325 ( 1)
  24 Q   0.00014 0.87055 0.00015 0.12916 ( 2)
  25 W   0.76016 0.13968 0.08457 0.01559 ( 1)
  26 D   0.57698 0.33148 0.05726 0.03428 ( 1)
  27 A   0.05728 0.84528 0.00607 0.09136 ( 2)
  28 F   0.89082 0.01738 0.08998 0.00182 ( 1)
  29 L   0.86609 0.04017 0.08948 0.00426 ( 1)
  30 V   0.08945 0.81540 0.00911 0.08603 ( 2)
  31 Q   0.82006 0.08018 0.09083 0.00892 ( 1)
  32 I   0.88951 0.01949 0.08898 0.00203 ( 1)
  33 E   0.89305 0.01666 0.08857 0.00172 ( 1)
  34 Q   0.18549 0.71409 0.02064 0.07977 ( 2)
  35 L   0.81860 0.08230 0.08999 0.00911 ( 1)
  36 I   0.88951 0.01949 0.08898 0.00203 ( 1)
  37 N   0.75437 0.15559 0.07406 0.01598 ( 1)
  38 E   0.04877 0.85090 0.00542 0.09490 ( 2)
  39 R   0.88955 0.01826 0.09027 0.00192 ( 1)
  40 I   0.89512 0.01526 0.08805 0.00157 ( 1)
  41 A   0.42344 0.48441 0.04204 0.05011 ( 2)
  42 E   0.00368 0.89863 0.00039 0.09730 ( 2)
  43 F   0.00229 0.90291 0.00023 0.09456 ( 2)
  44 A   0.66060 0.24772 0.06595 0.02573 ( 1)
  45 R   0.87405 0.03371 0.08870 0.00354 ( 1)
  46 N   0.00295 0.90261 0.00030 0.09414 ( 2)
  47 A   0.08498 0.82129 0.00848 0.08525 ( 2)
  48 A   0.89088 0.01790 0.08935 0.00186 ( 1)
  49 I   0.84280 0.05749 0.09331 0.00640 ( 1)
  50 A   0.01921 0.88593 0.00195 0.09291 ( 2)
  51 N   0.17729 0.72959 0.01761 0.07551 ( 2)
  52 L   0.85445 0.04997 0.09020 0.00538 ( 1)
  53 E   0.89305 0.01666 0.08857 0.00172 ( 1)
  54 G   0.88643 0.02141 0.08991 0.00225 ( 1)
  55 L   0.85445 0.04997 0.09020 0.00538 ( 1)
  56 G   0.84658 0.05451 0.09288 0.00603 ( 1)
  57 N   0.07763 0.82748 0.00790 0.08698 ( 2)
  58 N   0.65928 0.24850 0.06630 0.02591 ( 1)
  59 F   0.03731 0.86637 0.00388 0.09244 ( 2)
  60 N   0.06176 0.84085 0.00654 0.09085 ( 2)
  61 I   0.53587 0.36713 0.05717 0.03983 ( 1)
  62 Y   0.85638 0.04977 0.08856 0.00529 ( 1)
  63 V   0.01472 0.88928 0.00152 0.09448 ( 2)
  64 E   0.87678 0.02632 0.09403 0.00287 ( 1)
  65 A   0.89162 0.01717 0.08942 0.00179 ( 1)
  66 F   0.89082 0.01738 0.08998 0.00182 ( 1)
  67 K   0.89296 0.01640 0.08893 0.00170 ( 1)
  68 E   0.88283 0.02030 0.09467 0.00221 ( 1)
  69 W   0.76016 0.13968 0.08457 0.01559 ( 1)
  70 E   0.89305 0.01666 0.08857 0.00172 ( 1)
  71 E   0.00006 0.90413 0.00001 0.09581 ( 2)
  72 D   0.07736 0.82764 0.00789 0.08712 ( 2)
  73 P   0.87037 0.03480 0.09110 0.00373 ( 1)
  74 N   0.62096 0.28845 0.06097 0.02962 ( 1)
  75 N   0.86338 0.03855 0.09383 0.00423 ( 1)
  76 P   0.00123 0.90396 0.00012 0.09468 ( 2)
  77 A   0.02660 0.87353 0.00293 0.09694 ( 2)
  78 T   0.49218 0.41460 0.04980 0.04341 ( 1)
  79 R   0.22282 0.67605 0.02506 0.07607 ( 2)
  80 T   0.02276 0.88061 0.00238 0.09425 ( 2)
  81 R   0.88955 0.01826 0.09027 0.00192 ( 1)
  82 V   0.88586 0.02332 0.08840 0.00242 ( 1)
  83 I   0.04349 0.86139 0.00443 0.09068 ( 2)
  84 D   0.59876 0.30382 0.06431 0.03311 ( 1)
  85 R   0.72128 0.18597 0.07323 0.01952 ( 1)
  86 F   0.89082 0.01738 0.08998 0.00182 ( 1)
  87 R   0.86539 0.03897 0.09144 0.00420 ( 1)
  88 I   0.89512 0.01526 0.08805 0.00157 ( 1)
  89 L   0.55394 0.35381 0.05545 0.03680 ( 1)
  90 D   0.89808 0.01248 0.08815 0.00128 ( 1)
  91 G   0.43866 0.46793 0.04440 0.04901 ( 2)
  92 L   0.36017 0.54313 0.03811 0.05859 ( 2)
  93 L   0.54039 0.36731 0.05410 0.03820 ( 1)
  94 E   0.89305 0.01666 0.08857 0.00172 ( 1)
  95 R   0.04251 0.86319 0.00427 0.09002 ( 2)
  96 D   0.63962 0.26953 0.06309 0.02776 ( 1)
  97 I   0.79744 0.10280 0.08832 0.01144 ( 1)
  98 P   0.86925 0.03546 0.09148 0.00381 ( 1)
  99 S   0.80828 0.09144 0.09006 0.01022 ( 1)
 100 F   0.89082 0.01738 0.08998 0.00182 ( 1)
 101 R   0.77334 0.12594 0.08660 0.01412 ( 1)
 102 I   0.58151 0.32178 0.06203 0.03468 ( 1)
 103 S   0.00002 0.89823 0.00000 0.10175 ( 2)
 104 G   0.88662 0.02113 0.09003 0.00222 ( 1)
 105 F   0.89082 0.01738 0.08998 0.00182 ( 1)
 106 E   0.89305 0.01666 0.08857 0.00172 ( 1)
 107 V   0.84909 0.05232 0.09281 0.00577 ( 1)
 108 P   0.83571 0.06937 0.08749 0.00743 ( 1)
 109 L   0.88031 0.02599 0.09094 0.00276 ( 1)
 110 L   0.84920 0.05445 0.09045 0.00590 ( 1)
 111 S   0.18831 0.71035 0.02124 0.08010 ( 2)
 112 V   0.88332 0.02520 0.08885 0.00263 ( 1)
 113 Y   0.87711 0.02911 0.09070 0.00309 ( 1)
 114 A   0.02483 0.87380 0.00280 0.09856 ( 2)
 115 Q   0.86459 0.03988 0.09124 0.00429 ( 1)
 116 A   0.87671 0.03202 0.08793 0.00333 ( 1)
 117 A   0.86672 0.04135 0.08761 0.00433 ( 1)
 118 N   0.89783 0.01236 0.08853 0.00127 ( 1)
 119 L   0.79215 0.10871 0.08710 0.01204 ( 1)
 120 H   0.88770 0.01941 0.09084 0.00205 ( 1)
 121 L   0.78775 0.11131 0.08844 0.01250 ( 1)
 122 A   0.88903 0.01911 0.08986 0.00200 ( 1)
 123 I   0.47750 0.42538 0.05096 0.04616 ( 1)
 124 L   0.83981 0.06458 0.08866 0.00696 ( 1)
 125 R   0.88955 0.01826 0.09027 0.00192 ( 1)
 126 D   0.89808 0.01248 0.08815 0.00128 ( 1)
 127 S   0.87519 0.03046 0.09109 0.00325 ( 1)
 128 V   0.02795 0.87749 0.00282 0.09174 ( 2)
 129 I   0.62712 0.27781 0.06526 0.02981 ( 1)
 130 F   0.88897 0.01922 0.08980 0.00201 ( 1)
 131 G   0.88662 0.02113 0.09003 0.00222 ( 1)
 132 E   0.39081 0.51137 0.04203 0.05578 ( 2)
 133 R   0.88955 0.01826 0.09027 0.00192 ( 1)
 134 W   0.76016 0.13968 0.08457 0.01559 ( 1)
 135 G   0.88662 0.02113 0.09003 0.00222 ( 1)
 136 L   0.79385 0.10702 0.08729 0.01185 ( 1)
 137 T   0.13100 0.16089 0.66724 0.04088 ( 3)
 138 T   0.88204 0.02560 0.08967 0.00269 ( 1)
 139 I   0.08988 0.81563 0.00909 0.08540 ( 2)
 140 N   0.89783 0.01236 0.08853 0.00127 ( 1)
 141 V   0.75708 0.14254 0.08444 0.01594 ( 1)
 142 N   0.89783 0.01236 0.08853 0.00127 ( 1)
 143 E   0.72041 0.18941 0.07073 0.01945 ( 1)
 144 N   0.23763 0.66202 0.02643 0.07391 ( 2)
 145 Y   0.87711 0.02911 0.09070 0.00309 ( 1)
 146 N   0.89783 0.01236 0.08853 0.00127 ( 1)
 147 R   0.88382 0.02398 0.08969 0.00252 ( 1)
 148 L   0.37830 0.52504 0.04002 0.05663 ( 2)
 149 I   0.58948 0.31797 0.05934 0.03321 ( 1)
 150 R   0.03289 0.86791 0.00358 0.09563 ( 2)
 151 H   0.00027 0.90458 0.00003 0.09513 ( 2)
 152 I   0.88951 0.01949 0.08898 0.00203 ( 1)
 153 D   0.00438 0.89845 0.00046 0.09671 ( 2)
 154 E   0.89305 0.01666 0.08857 0.00172 ( 1)
 155 Y   0.87711 0.02911 0.09070 0.00309 ( 1)
 156 A   0.02542 0.87438 0.00282 0.09738 ( 2)
 157 D   0.00029 0.88948 0.00015 0.11008 ( 2)
 158 H   0.86314 0.04389 0.08833 0.00463 ( 1)
 159 C   0.85534 0.05023 0.08906 0.00536 ( 1)
 160 A   0.66983 0.23853 0.06687 0.02477 ( 1)
 161 N   0.62096 0.28845 0.06097 0.02962 ( 1)
 162 T   0.79860 0.10235 0.08772 0.01132 ( 1)
 163 Y   0.87711 0.02911 0.09070 0.00309 ( 1)
 164 N   0.56495 0.34316 0.05630 0.03559 ( 1)
 165 R   0.21932 0.68664 0.02218 0.07186 ( 2)
 166 G   0.68424 0.22464 0.06788 0.02323 ( 1)
 167 L   0.84874 0.05566 0.08960 0.00600 ( 1)
 168 N   0.17729 0.72959 0.01761 0.07551 ( 2)
 169 N   0.05581 0.84671 0.00592 0.09156 ( 2)
 170 L   0.84543 0.05821 0.09005 0.00631 ( 1)
 171 P   0.00057 0.76204 0.00349 0.23390 ( 2)
 172 K   0.01976 0.88545 0.00200 0.09279 ( 2)
 173 S   0.00053 0.90413 0.00005 0.09529 ( 2)
 174 T   0.38032 0.52401 0.03968 0.05599 ( 2)
 175 Y   0.00158 0.90481 0.00016 0.09345 ( 2)
 176 Q   0.02058 0.87953 0.00227 0.09761 ( 2)
 177 D   0.03869 0.86384 0.00410 0.09337 ( 2)
 178 W   0.76016 0.13968 0.08457 0.01559 ( 1)
 179 I   0.06700 0.83784 0.00682 0.08834 ( 2)
 180 T   0.70544 0.20415 0.06941 0.02100 ( 1)
 181 Y   0.87711 0.02911 0.09070 0.00309 ( 1)
 182 N   0.89783 0.01236 0.08853 0.00127 ( 1)
 183 R   0.26567 0.63400 0.02955 0.07078 ( 2)
 184 L   0.58596 0.32120 0.05923 0.03361 ( 1)
 185 R   0.84638 0.06129 0.08590 0.00643 ( 1)
 186 R   0.88065 0.02129 0.09571 0.00234 ( 1)
 187 D   0.60995 0.29864 0.06052 0.03089 ( 1)
 188 L   0.84068 0.06025 0.09241 0.00667 ( 1)
 189 T   0.89070 0.01759 0.08987 0.00184 ( 1)
 190 L   0.83797 0.06565 0.08926 0.00711 ( 1)
 191 T   0.87094 0.03011 0.09562 0.00333 ( 1)
 192 V   0.88586 0.02332 0.08840 0.00242 ( 1)
 193 L   0.85445 0.04997 0.09020 0.00538 ( 1)
 194 D   0.89808 0.01248 0.08815 0.00128 ( 1)
 195 I   0.87315 0.03578 0.08735 0.00372 ( 1)
 196 A   0.26758 0.63162 0.02996 0.07084 ( 2)
 197 A   0.88903 0.01911 0.08986 0.00200 ( 1)
 198 F   0.00229 0.82843 0.00610 0.16318 ( 2)
 199 F   0.84927 0.05178 0.09322 0.00573 ( 1)
 200 P   0.81882 0.08099 0.09115 0.00904 ( 1)
 201 N   0.26084 0.64017 0.02846 0.07053 ( 2)

