Supplemental results for CODEML (seqf: algn  treef: tree)


dN/dS (w) for site classes (K=4)

site class             0        1       2a       2b
proportion       0.54526  0.24334  0.14617  0.06523
background w     0.13408  1.00000  0.13408  1.00000
foreground w     0.13408  1.00000  1.00000  1.00000

Naive Empirical Bayes (NEB) probabilities for 4 classes
(amino acids refer to 1st sequence: BT_Cry13Aa1)

   1 S   0.54693 0.13133 0.28653 0.03521 ( 1)
   2 V   0.92140 0.00976 0.06622 0.00262 ( 1)
   3 A   0.92840 0.01428 0.05350 0.00383 ( 1)
   4 V   0.72437 0.00573 0.26837 0.00154 ( 1)
   5 P   0.93549 0.00454 0.05876 0.00122 ( 1)
   6 L   0.61480 0.08326 0.27962 0.02232 ( 1)
   7 I   0.47607 0.23073 0.23135 0.06185 ( 1)
   8 S   0.87928 0.04378 0.06520 0.01174 ( 1)
   9 M   0.97630 0.00119 0.02220 0.00032 ( 1)
  10 L   0.69452 0.02010 0.28000 0.00539 ( 1)
  11 V   0.79149 0.00606 0.20082 0.00163 ( 1)
  12 G   0.80981 0.11745 0.04126 0.03149 ( 1)
  13 V   0.04844 0.20195 0.69548 0.05414 ( 3)
  14 F   0.42241 0.34161 0.14440 0.09158 ( 1)
  15 W   0.83496 0.03496 0.12070 0.00937 ( 1)
  16 P   0.95754 0.00019 0.04221 0.00005 ( 1)
  17 K   0.18057 0.60828 0.04808 0.16307 ( 2)
  18 -   0.54526 0.24334 0.14617 0.06523 ( 1)
  19 -   0.54526 0.24334 0.14617 0.06523 ( 1)
  20 -   0.54526 0.24334 0.14617 0.06523 ( 1)
  21 -   0.54526 0.24334 0.14617 0.06523 ( 1)
  22 -   0.20220 0.58639 0.05421 0.15720 ( 2)
  23 -   0.43796 0.35064 0.11741 0.09400 ( 1)
  24 G   0.00567 0.78122 0.00369 0.20943 ( 2)
  25 T   0.02503 0.76511 0.00474 0.20511 ( 2)
  26 N   0.20842 0.57106 0.06743 0.15309 ( 2)
  27 N   0.78842 0.00256 0.20833 0.00069 ( 1)
  28 Q   0.21179 0.05571 0.71757 0.01493 ( 3)
  29 E   0.66381 0.20396 0.07754 0.05468 ( 1)
  30 N   0.73667 0.06100 0.18598 0.01635 ( 1)
  31 L   0.89826 0.03265 0.06034 0.00875 ( 1)
  32 I   0.93522 0.00615 0.05698 0.00165 ( 1)
  33 T   0.02696 0.75284 0.01839 0.20182 ( 2)
  34 V   0.58741 0.00814 0.40226 0.00218 ( 1)
  35 I   0.94418 0.00016 0.05561 0.00004 ( 1)
  36 D   0.95692 0.00008 0.04298 0.00002 ( 1)
  37 K   0.01267 0.77621 0.00303 0.20809 ( 2)
  38 E   0.95501 0.00009 0.04488 0.00002 ( 1)
  39 V   0.77749 0.00074 0.22157 0.00020 ( 1)
  40 Q   0.93698 0.00032 0.06261 0.00009 ( 1)
  41 R   0.80963 0.00344 0.18601 0.00092 ( 1)
  42 I   0.20842 0.07906 0.69132 0.02119 ( 3)
  43 L   0.92968 0.00122 0.06877 0.00033 ( 1)
  44 D   0.82346 0.00426 0.17114 0.00114 ( 1)
  45 E   0.74358 0.06821 0.16993 0.01828 ( 1)
  46 K   0.25321 0.00629 0.73882 0.00169 ( 3)
  47 L   0.93498 0.00141 0.06324 0.00038 ( 1)
  48 S   0.94805 0.00559 0.04487 0.00150 ( 1)
  49 D   0.09005 0.70586 0.01487 0.18923 ( 2)
  50 Q   0.91453 0.01921 0.06111 0.00515 ( 1)
  51 L   0.10240 0.00107 0.89625 0.00029 ( 3)
  52 I   0.73560 0.02443 0.23343 0.00655 ( 1)
  53 K   0.73532 0.05031 0.20089 0.01349 ( 1)
  54 K   0.56575 0.22894 0.14394 0.06137 ( 1)
  55 L   0.42002 0.12292 0.42410 0.03295 ( 3)
  56 N   0.00081 0.78750 0.00058 0.21111 ( 2)
  57 A   0.82070 0.08368 0.07318 0.02243 ( 1)
  58 D   0.72010 0.02032 0.25413 0.00545 ( 1)
  59 L   0.93799 0.00119 0.06050 0.00032 ( 1)
  60 N   0.17237 0.62257 0.03815 0.16690 ( 2)
  61 A   0.01977 0.77093 0.00263 0.20667 ( 2)
  62 F   0.71463 0.00087 0.28427 0.00023 ( 1)
  63 T   0.09403 0.41458 0.38026 0.11114 ( 2)
  64 D   0.76021 0.12907 0.07612 0.03460 ( 1)
  65 L   0.22078 0.50616 0.13737 0.13569 ( 2)
  66 V   0.20852 0.12682 0.63067 0.03400 ( 3)
  67 T   0.06140 0.73343 0.00855 0.19662 ( 2)
  68 R   0.00108 0.78607 0.00212 0.21073 ( 2)
  69 L   0.13618 0.61705 0.08135 0.16542 ( 2)
  70 E   0.00117 0.78623 0.00183 0.21077 ( 2)
  71 E   0.00217 0.78633 0.00070 0.21080 ( 2)
  72 V   0.65772 0.10862 0.20454 0.02912 ( 1)
  73 I   0.91404 0.01849 0.06251 0.00496 ( 1)
  74 I   0.77330 0.13725 0.05266 0.03679 ( 1)
  75 D   0.95588 0.00064 0.04331 0.00017 ( 1)
  76 A   0.95085 0.00029 0.04879 0.00008 ( 1)
  77 T   0.08296 0.05428 0.84821 0.01455 ( 3)
  78 F   0.91250 0.02736 0.05281 0.00733 ( 1)
  79 -   0.75662 0.03197 0.20284 0.00857 ( 1)
  80 -   0.78806 0.00053 0.21126 0.00014 ( 1)
  81 -   0.71013 0.07846 0.19037 0.02103 ( 1)
  82 -   0.78096 0.00764 0.20936 0.00205 ( 1)
  83 -   0.29756 0.49103 0.07977 0.13164 ( 2)
  84 E   0.52282 0.21065 0.21005 0.05647 ( 1)
  85 N   0.52280 0.17326 0.25748 0.04645 ( 1)
  86 H   0.59156 0.05575 0.33775 0.01495 ( 1)
  87 K   0.72280 0.00156 0.27522 0.00042 ( 1)
  88 P   0.40098 0.18917 0.35913 0.05071 ( 1)
  89 V   0.02675 0.70045 0.08502 0.18778 ( 2)
  90 L   0.18270 0.10449 0.68480 0.02801 ( 3)
  91 Q   0.10450 0.43101 0.34894 0.11555 ( 2)
  92 V   0.23465 0.00616 0.75753 0.00165 ( 3)
  93 S   0.41712 0.31122 0.18823 0.08343 ( 1)
  94 K   0.00210 0.78587 0.00135 0.21068 ( 2)
  95 S   0.94182 0.00069 0.05731 0.00019 ( 1)
  96 N   0.81592 0.00056 0.18337 0.00015 ( 1)
  97 Y   0.95036 0.00065 0.04882 0.00017 ( 1)
  98 M   0.00064 0.78587 0.00282 0.21068 ( 2)
  99 K   0.78843 0.00345 0.20720 0.00092 ( 1)
 100 V   0.93246 0.00066 0.06670 0.00018 ( 1)
 101 D   0.39998 0.37933 0.11899 0.10169 ( 1)
 102 S   0.00176 0.78598 0.00155 0.21071 ( 2)
 103 A   0.00586 0.76820 0.02000 0.20594 ( 2)
 104 Y   0.41547 0.04619 0.52596 0.01238 ( 3)
 105 F   0.00274 0.78483 0.00204 0.21040 ( 2)
 106 S   0.04081 0.74332 0.01661 0.19927 ( 2)
 107 T   0.88963 0.02382 0.08016 0.00639 ( 1)
 108 G   0.00560 0.77978 0.00558 0.20904 ( 2)
 109 G   0.29635 0.54587 0.01144 0.14634 ( 2)
 110 I   0.00372 0.77906 0.00837 0.20885 ( 2)
 111 L   0.95745 0.00160 0.04052 0.00043 ( 1)
 112 T   0.00514 0.78343 0.00140 0.21002 ( 2)
 113 L   0.02613 0.76669 0.00164 0.20554 ( 2)
 114 G   0.11562 0.61915 0.09925 0.16598 ( 2)
 115 M   0.05406 0.73306 0.01636 0.19652 ( 2)
 116 S   0.87770 0.07596 0.02598 0.02036 ( 1)
 117 D   0.11001 0.54095 0.20402 0.14502 ( 2)
 118 F   0.46186 0.01119 0.52395 0.00300 ( 3)
 119 L   0.67088 0.05541 0.25885 0.01485 ( 1)
 120 T   0.69649 0.01194 0.28837 0.00320 ( 1)
 121 D   0.68307 0.02229 0.28866 0.00598 ( 1)
 122 T   0.60736 0.00401 0.38755 0.00108 ( 1)
 123 Y   0.74406 0.00034 0.25551 0.00009 ( 1)
 124 S   0.11143 0.00427 0.88316 0.00114 ( 3)
 125 K   0.17284 0.56678 0.10844 0.15194 ( 2)
 126 L   0.93504 0.01899 0.04088 0.00509 ( 1)
 127 T   0.71160 0.00113 0.28697 0.00030 ( 1)
 128 F   0.45873 0.10838 0.40384 0.02905 ( 1)
 129 P   0.95026 0.00091 0.04858 0.00024 ( 1)
 130 L   0.61339 0.08543 0.27828 0.02290 ( 1)
 131 Y   0.75260 0.00387 0.24249 0.00104 ( 1)
 132 V   0.89937 0.03640 0.05446 0.00976 ( 1)
 133 L   0.69399 0.00088 0.30490 0.00024 ( 1)
 134 G   0.93765 0.00013 0.06219 0.00003 ( 1)
 135 A   0.95327 0.00012 0.04658 0.00003 ( 1)
 136 T   0.94484 0.00041 0.05464 0.00011 ( 1)
 137 M   0.13373 0.62191 0.07764 0.16672 ( 2)
 138 K   0.37372 0.34257 0.19187 0.09184 ( 1)
 139 L   0.94205 0.01434 0.03977 0.00384 ( 1)
 140 S   0.82765 0.09309 0.05431 0.02496 ( 1)
 141 A   0.01888 0.77090 0.00356 0.20666 ( 2)
 142 Y   0.81438 0.11759 0.03650 0.03152 ( 1)
 143 H   0.78343 0.00107 0.21522 0.00029 ( 1)
 144 S   0.12692 0.19646 0.62395 0.05267 ( 3)
 145 Y   0.91591 0.01348 0.06700 0.00361 ( 1)
 146 I   0.94115 0.00159 0.05683 0.00043 ( 1)
 147 Q   0.81485 0.02540 0.15293 0.00681 ( 1)
 148 F   0.94637 0.00008 0.05354 0.00002 ( 1)
 149 G   0.23356 0.50115 0.13094 0.13435 ( 2)
 150 N   0.94095 0.00739 0.04968 0.00198 ( 1)
 151 T   0.00279 0.78514 0.00159 0.21048 ( 2)
 152 W   0.83496 0.03496 0.12070 0.00937 ( 1)
 153 L   0.88998 0.03872 0.06092 0.01038 ( 1)
 154 N   0.50397 0.22295 0.21331 0.05977 ( 1)
 155 K   0.01547 0.75637 0.02540 0.20277 ( 2)
 156 V   0.94671 0.00026 0.05296 0.00007 ( 1)
 157 Y   0.95620 0.00134 0.04211 0.00036 ( 1)
 158 -   0.77965 0.00894 0.20901 0.00240 ( 1)
 159 -   0.74884 0.03976 0.20075 0.01066 ( 1)
 160 -   0.73936 0.04923 0.19821 0.01320 ( 1)
 161 D   0.29015 0.46514 0.12002 0.12469 ( 2)
 162 L   0.01446 0.77349 0.00470 0.20736 ( 2)
 163 S   0.08009 0.69953 0.03285 0.18753 ( 2)
 164 S   0.00013 0.78781 0.00086 0.21120 ( 2)
 165 D   0.02032 0.76220 0.01315 0.20433 ( 2)
 166 E   0.00225 0.78527 0.00196 0.21052 ( 2)
 167 G   0.25103 0.58345 0.00911 0.15641 ( 2)
 168 K   0.02050 0.75258 0.02517 0.20175 ( 2)
 169 T   0.94393 0.00153 0.05414 0.00041 ( 1)
 170 M   0.08322 0.27289 0.57074 0.07316 ( 3)
 171 S   0.00166 0.77966 0.00968 0.20901 ( 2)
 172 Q   0.80749 0.10486 0.05954 0.02811 ( 1)
 173 A   0.34635 0.08701 0.54331 0.02333 ( 3)
 174 L   0.93838 0.00102 0.06034 0.00027 ( 1)
 175 A   0.02489 0.75591 0.01655 0.20265 ( 2)
 176 R   0.04392 0.64332 0.14030 0.17246 ( 2)
 177 A   0.92785 0.01425 0.05408 0.00382 ( 1)
 178 K   0.94921 0.00012 0.05065 0.00003 ( 1)
 179 Q   0.00089 0.78576 0.00270 0.21065 ( 2)
 180 H   0.02787 0.75729 0.01182 0.20302 ( 2)
 181 M   0.97763 0.00016 0.02217 0.00004 ( 1)
 182 R   0.76116 0.12616 0.07887 0.03382 ( 1)
 183 Q   0.03509 0.65755 0.13108 0.17628 ( 2)
 184 D   0.00142 0.78681 0.00085 0.21093 ( 2)
 185 I   0.94172 0.00027 0.05794 0.00007 ( 1)
 186 A   0.00047 0.78575 0.00313 0.21064 ( 2)
 187 F   0.00006 0.78839 0.00020 0.21135 ( 2)
 188 Y   0.91481 0.00664 0.07677 0.00178 ( 1)
 189 T   0.94528 0.00026 0.05439 0.00007 ( 1)
 190 S   0.00099 0.78376 0.00515 0.21011 ( 2)
 191 Q   0.40591 0.35011 0.15012 0.09386 ( 1)
 192 A   0.77364 0.00092 0.22520 0.00025 ( 1)
 193 L   0.66791 0.19495 0.08487 0.05226 ( 1)
 194 N   0.83438 0.07988 0.06434 0.02141 ( 1)
 195 M   0.36703 0.10544 0.49925 0.02827 ( 3)
 196 F   0.96701 0.00004 0.03293 0.00001 ( 1)
 197 T   0.61633 0.01627 0.36304 0.00436 ( 1)
 198 -   0.77009 0.01850 0.20645 0.00496 ( 1)
 199 -   0.17948 0.60911 0.04812 0.16329 ( 2)
 200 G   0.02445 0.74812 0.02687 0.20056 ( 2)
 201 N   0.54368 0.25866 0.12832 0.06934 ( 1)
 202 L   0.12056 0.55867 0.17100 0.14977 ( 2)
 203 P   0.96060 0.00014 0.03922 0.00004 ( 1)
 204 S   0.90743 0.02643 0.05905 0.00709 ( 1)
 205 L   0.92987 0.00817 0.05978 0.00219 ( 1)
 206 S   0.00935 0.73133 0.06327 0.19606 ( 2)
 207 S   0.86756 0.06572 0.04911 0.01762 ( 1)
 208 N   0.90864 0.00371 0.08666 0.00099 ( 1)
 209 K   0.94921 0.00012 0.05065 0.00003 ( 1)
 210 Y   0.02233 0.76388 0.00900 0.20478 ( 2)
 211 A   0.42148 0.28779 0.21358 0.07715 ( 1)
 212 I   0.91607 0.01810 0.06098 0.00485 ( 1)
 213 N   0.94433 0.00478 0.04961 0.00128 ( 1)
 214 D   0.11217 0.64949 0.06423 0.17412 ( 2)
 215 Y   0.93650 0.00282 0.05992 0.00076 ( 1)
 216 N   0.95107 0.00010 0.04880 0.00003 ( 1)
 217 V   0.01184 0.76841 0.01376 0.20599 ( 2)
 218 Y   0.93255 0.00172 0.06526 0.00046 ( 1)
 219 T   0.39135 0.01761 0.58633 0.00472 ( 3)
 220 R   0.90293 0.02102 0.07042 0.00563 ( 1)
 221 A   0.68892 0.00080 0.31007 0.00021 ( 1)
 222 M   0.97734 0.00041 0.02214 0.00011 ( 1)
 223 V   0.81813 0.09406 0.06259 0.02522 ( 1)
 224 L   0.84526 0.05665 0.08290 0.01519 ( 1)
 225 N   0.94873 0.00111 0.04986 0.00030 ( 1)
 226 G   0.86585 0.05561 0.06363 0.01491 ( 1)
 227 L   0.93617 0.00197 0.06132 0.00053 ( 1)
 228 D   0.95795 0.00004 0.04200 0.00001 ( 1)
 229 I   0.17453 0.63877 0.01546 0.17124 ( 2)
 230 V   0.93880 0.00467 0.05528 0.00125 ( 1)
 231 A   0.95287 0.00016 0.04692 0.00004 ( 1)
 232 T   0.90743 0.01628 0.07192 0.00436 ( 1)
 233 W   0.83496 0.03496 0.12070 0.00937 ( 1)


lnL = -4182.765169

