Supplemental results for CODEML (seqf: algn  treef: tree)


dN/dS (w) for site classes (K=4)

site class             0        1       2a       2b
proportion       0.31487  0.12765  0.39667  0.16081
background w     0.09032  0.76683  0.09032  0.76683
foreground w     0.09032  0.76683  0.03252  0.03252

Naive Empirical Bayes (NEB) probabilities for 4 classes
(amino acids refer to 1st sequence: BT_Cry8Ba1)

   1 P   0.43193 0.01058 0.54415 0.01333 ( 3)
   2 F   0.43516 0.00736 0.54821 0.00927 ( 3)
   3 V   0.36933 0.04646 0.48633 0.09788 ( 3)
   4 G   0.41516 0.01631 0.53900 0.02953 ( 3)
   5 P   0.22806 0.19156 0.29145 0.28893 ( 3)
   6 I   0.42449 0.00547 0.55860 0.01144 ( 3)
   7 V   0.31922 0.10355 0.41033 0.16690 ( 3)
   8 S   0.42580 0.01190 0.54431 0.01799 ( 3)
   9 L   0.35977 0.06230 0.46653 0.11140 ( 3)
  10 Y   0.42296 0.00818 0.55285 0.01601 ( 3)
  11 T   0.37407 0.04409 0.49100 0.09084 ( 3)
  12 Q   0.00027 0.59811 0.00019 0.40143 ( 2)
  13 L   0.33910 0.07439 0.44252 0.14399 ( 3)
  14 I   0.36083 0.05308 0.47471 0.11138 ( 3)
  15 D   0.39322 0.02534 0.52226 0.05918 ( 3)
  16 I   0.01547 0.33458 0.02018 0.62977 ( 4)
  17 L   0.40437 0.02992 0.51865 0.04707 ( 3)
  18 W   0.39597 0.03946 0.50564 0.05893 ( 3)
  19 P   0.42393 0.00776 0.55321 0.01510 ( 3)
  20 S   0.04733 0.32064 0.06123 0.57080 ( 4)
  21 K   0.01688 0.31694 0.02214 0.64404 ( 4)
  22 Q   0.00756 0.43496 0.00952 0.54796 ( 4)
  23 K   0.10208 0.28178 0.13189 0.48424 ( 4)
  24 S   0.42689 0.00413 0.56036 0.00862 ( 3)
  25 Q   0.12826 0.24222 0.16717 0.46235 ( 4)
  26 W   0.39597 0.03946 0.50564 0.05893 ( 3)
  27 E   0.42337 0.00479 0.56108 0.01076 ( 3)
  28 I   0.39020 0.03109 0.51336 0.06536 ( 3)
  29 F   0.36994 0.04468 0.48788 0.09750 ( 3)
  30 M   0.42749 0.00345 0.56175 0.00731 ( 3)
  31 E   0.39429 0.02567 0.52252 0.05752 ( 3)
  32 Q   0.42357 0.00836 0.55209 0.01598 ( 3)
  33 V   0.42119 0.00684 0.55699 0.01499 ( 3)
  34 E   0.42337 0.00479 0.56108 0.01076 ( 3)
  35 E   0.16428 0.20376 0.21536 0.41660 ( 4)
  36 L   0.39485 0.03631 0.50875 0.06009 ( 3)
  37 I   0.42343 0.00629 0.55708 0.01321 ( 3)
  38 N   0.39951 0.02128 0.52996 0.04924 ( 3)
  39 Q   0.35710 0.06464 0.46377 0.11448 ( 3)
  40 K   0.42378 0.00469 0.56105 0.01048 ( 3)
  41 I   0.42344 0.00400 0.56317 0.00939 ( 3)
  42 A   0.38374 0.03486 0.50587 0.07553 ( 3)
  43 E   0.39267 0.02680 0.52038 0.06015 ( 3)
  44 Y   0.29524 0.13611 0.37557 0.19309 ( 3)
  45 A   0.38203 0.03611 0.50363 0.07823 ( 3)
  46 R   0.41306 0.02127 0.53108 0.03458 ( 3)
  47 N   0.12956 0.82963 0.02225 0.01855 ( 2)
  48 K   0.34961 0.07274 0.45207 0.12558 ( 3)
  49 A   0.41454 0.01272 0.54575 0.02699 ( 3)
  50 L   0.35336 0.06735 0.45975 0.11954 ( 3)
  51 S   0.32252 0.08265 0.42485 0.16997 ( 3)
  52 E   0.38869 0.02969 0.51510 0.06652 ( 3)
  53 L   0.41448 0.01683 0.53828 0.03042 ( 3)
  54 E   0.36689 0.04754 0.48447 0.10111 ( 3)
  55 G   0.41792 0.01784 0.53608 0.02816 ( 3)
  56 L   0.41636 0.01526 0.54077 0.02761 ( 3)
  57 G   0.41622 0.01533 0.54062 0.02783 ( 3)
  58 N   0.39951 0.02128 0.52996 0.04924 ( 3)
  59 N   0.11725 0.27683 0.15094 0.45499 ( 4)
  60 Y   0.06251 0.31961 0.08068 0.53719 ( 4)
  61 Q   0.02408 0.36122 0.03072 0.58398 ( 4)
  62 L   0.11815 0.29397 0.14916 0.43872 ( 4)
  63 Y   0.42296 0.00818 0.55285 0.01601 ( 3)
  64 L   0.28203 0.12572 0.36624 0.22602 ( 3)
  65 T   0.35418 0.05738 0.46617 0.12227 ( 3)
  66 A   0.32606 0.07767 0.42960 0.16666 ( 3)
  67 L   0.42329 0.00828 0.55238 0.01604 ( 3)
  68 E   0.38534 0.03211 0.51065 0.07191 ( 3)
  69 E   0.24938 0.13017 0.33039 0.29006 ( 3)
  70 W   0.39597 0.03946 0.50564 0.05893 ( 3)
  71 K   0.00929 0.38290 0.01191 0.59590 ( 4)
  72 E   0.37636 0.05156 0.49099 0.08110 ( 3)
  73 N   0.42501 0.00337 0.56380 0.00781 ( 3)
  74 P   0.32081 0.08844 0.41867 0.17207 ( 3)
  75 N   0.33665 0.08552 0.43348 0.14435 ( 3)
  76 G   0.12055 0.24100 0.15714 0.48132 ( 4)
  77 S   0.35012 0.06164 0.46081 0.12743 ( 3)
  78 R   0.42551 0.00532 0.55821 0.01096 ( 3)
  79 A   0.20060 0.22926 0.25406 0.31609 ( 4)
  80 L   0.13793 0.24318 0.17914 0.43976 ( 4)
  81 R   0.29595 0.12119 0.38176 0.20110 ( 3)
  82 D   0.37686 0.03674 0.50055 0.08585 ( 3)
  83 V   0.41974 0.00975 0.55075 0.01976 ( 3)
  84 R   0.00663 0.44003 0.00829 0.54506 ( 4)
  85 N   0.35636 0.05158 0.47272 0.11934 ( 3)
  86 R   0.31699 0.10344 0.40825 0.17131 ( 3)
  87 F   0.37378 0.04189 0.49295 0.09138 ( 3)
  88 E   0.22979 0.14382 0.30453 0.32185 ( 4)
  89 I   0.10432 0.30489 0.13347 0.45732 ( 4)
  90 L   0.40266 0.02467 0.52522 0.04745 ( 3)
  91 D   0.39123 0.02670 0.51963 0.06244 ( 3)
  92 S   0.11905 0.26597 0.15411 0.46086 ( 4)
  93 L   0.05980 0.30723 0.07767 0.55530 ( 4)
  94 F   0.42551 0.00418 0.56118 0.00913 ( 3)
  95 T   0.10366 0.26738 0.13485 0.49411 ( 4)
  96 Q   0.07327 0.28582 0.09550 0.54542 ( 4)
  97 Y   0.14653 0.22397 0.19152 0.43798 ( 4)
  98 M   0.37790 0.04026 0.49658 0.08526 ( 3)
  99 P   0.42466 0.00862 0.55106 0.01566 ( 3)
 100 S   0.42289 0.00912 0.55074 0.01726 ( 3)
 101 F   0.42551 0.00418 0.56118 0.00913 ( 3)
 102 R   0.06281 0.34775 0.08008 0.50936 ( 4)
 103 V   0.36080 0.05139 0.47670 0.11112 ( 3)
 104 T   0.14072 0.26091 0.18059 0.41778 ( 4)
 105 N   0.13585 0.23891 0.17751 0.44774 ( 4)
 106 F   0.02342 0.32429 0.03060 0.62169 ( 4)
 107 E   0.42337 0.00479 0.56108 0.01076 ( 3)
 108 V   0.42190 0.00632 0.55794 0.01383 ( 3)
 109 P   0.42503 0.00689 0.55468 0.01340 ( 3)
 110 F   0.27799 0.13215 0.36083 0.22903 ( 3)
 111 L   0.40927 0.01930 0.53409 0.03734 ( 3)
 112 T   0.26443 0.45515 0.14439 0.13603 ( 2)
 113 V   0.42119 0.00684 0.55699 0.01499 ( 3)
 114 Y   0.42296 0.00818 0.55285 0.01601 ( 3)
 115 T   0.34347 0.08315 0.44105 0.13232 ( 3)
 116 M   0.06478 0.30030 0.08439 0.55053 ( 4)
 117 A   0.42474 0.00484 0.55993 0.01049 ( 3)
 118 A   0.41746 0.01227 0.54605 0.02423 ( 3)
 119 N   0.42102 0.01411 0.54171 0.02316 ( 3)
 120 L   0.40906 0.01948 0.53379 0.03768 ( 3)
 121 H   0.42610 0.00432 0.56040 0.00918 ( 3)
 122 L   0.41445 0.01682 0.53828 0.03045 ( 3)
 123 L   0.40333 0.03243 0.51572 0.04853 ( 3)
 124 L   0.41687 0.01483 0.54144 0.02686 ( 3)
 125 L   0.41687 0.01483 0.54144 0.02686 ( 3)
 126 R   0.05550 0.32264 0.07165 0.55021 ( 4)
 127 D   0.42286 0.01160 0.54599 0.01955 ( 3)
 128 A   0.42310 0.00777 0.55364 0.01549 ( 3)
 129 S   0.41273 0.01796 0.53633 0.03298 ( 3)
 130 I   0.36636 0.05541 0.47931 0.09892 ( 3)
 131 F   0.42551 0.00418 0.56118 0.00913 ( 3)
 132 G   0.42481 0.00582 0.55737 0.01199 ( 3)
 133 E   0.37333 0.04068 0.49476 0.09123 ( 3)
 134 E   0.42256 0.00537 0.56000 0.01207 ( 3)
 135 W   0.39597 0.03946 0.50564 0.05893 ( 3)
 136 G   0.42703 0.00700 0.55358 0.01239 ( 3)
 137 L   0.01658 0.53848 0.01330 0.43164 ( 2)
 138 S   0.12754 0.28147 0.14705 0.44393 ( 4)
 139 T   0.02233 0.39297 0.02858 0.55611 ( 4)
 140 S   0.01722 0.70258 0.00835 0.27185 ( 2)
 141 T   0.00817 0.40195 0.01039 0.57949 ( 4)
 142 I   0.36532 0.06037 0.47591 0.09840 ( 3)
 143 N   0.13496 0.20732 0.17903 0.47869 ( 4)
 144 N   0.04521 0.37257 0.05013 0.53209 ( 4)
 145 Y   0.34918 0.06587 0.45636 0.12859 ( 3)
 146 Y   0.42296 0.00818 0.55285 0.01601 ( 3)
 147 N   0.29768 0.29507 0.16061 0.24664 ( 1)
 148 R   0.42174 0.01150 0.54629 0.02047 ( 3)
 149 Q   0.41970 0.01142 0.54705 0.02182 ( 3)
 150 M   0.36703 0.04833 0.48230 0.10235 ( 3)
 151 K   0.02415 0.31962 0.03150 0.62473 ( 4)
 152 L   0.28242 0.12937 0.36831 0.21989 ( 3)
 153 T   0.54639 0.16852 0.25670 0.02840 ( 1)
 154 A   0.42325 0.00963 0.54979 0.01733 ( 3)
 155 E   0.31864 0.39820 0.17275 0.11040 ( 2)
 156 Y   0.41778 0.01222 0.54607 0.02393 ( 3)
 157 S   0.41816 0.01288 0.54458 0.02438 ( 3)
 158 D   0.42353 0.00423 0.56239 0.00984 ( 3)
 159 H   0.30349 0.10849 0.39402 0.19400 ( 3)
 160 C   0.42461 0.00764 0.55318 0.01457 ( 3)
 161 V   0.42093 0.00819 0.55398 0.01690 ( 3)
 162 K   0.58181 0.12608 0.27387 0.01824 ( 1)
 163 W   0.39597 0.03946 0.50564 0.05893 ( 3)
 164 Y   0.42296 0.00818 0.55285 0.01601 ( 3)
 165 E   0.00910 0.87446 0.00381 0.11263 ( 2)
 166 T   0.42425 0.00716 0.55449 0.01411 ( 3)
 167 G   0.42011 0.01304 0.54398 0.02287 ( 3)
 168 L   0.41687 0.01483 0.54144 0.02686 ( 3)
 169 A   0.30203 0.09348 0.40092 0.20357 ( 3)
 170 K   0.18715 0.60065 0.09035 0.12185 ( 2)
 171 L   0.41687 0.01483 0.54144 0.02686 ( 3)
 172 K   0.42378 0.00469 0.56105 0.01048 ( 3)
 173 G   0.41538 0.01319 0.54463 0.02681 ( 3)
 174 S   0.04626 0.35986 0.05906 0.53481 ( 4)
 175 S   0.33913 0.06883 0.44896 0.14308 ( 3)
 176 A   0.42415 0.00694 0.55506 0.01386 ( 3)
 177 K   0.21244 0.15694 0.28124 0.34938 ( 4)
 178 Q   0.05206 0.30266 0.06786 0.57742 ( 4)
 179 W   0.39597 0.03946 0.50564 0.05893 ( 3)
 180 I   0.10004 0.25648 0.13126 0.51221 ( 4)
 181 D   0.02282 0.32558 0.03000 0.62160 ( 4)
 182 Y   0.42296 0.00818 0.55285 0.01601 ( 3)
 183 N   0.06685 0.32075 0.08601 0.52639 ( 4)
 184 Q   0.01858 0.38739 0.02371 0.57033 ( 4)
 185 F   0.41044 0.02431 0.52666 0.03859 ( 3)
 186 R   0.41832 0.01533 0.54016 0.02619 ( 3)
 187 R   0.42551 0.00532 0.55821 0.01096 ( 3)
 188 E   0.42337 0.00479 0.56108 0.01076 ( 3)
 189 M   0.42749 0.00345 0.56175 0.00731 ( 3)
 190 T   0.42506 0.00491 0.55952 0.01050 ( 3)
 191 L   0.39904 0.03322 0.51427 0.05346 ( 3)
 192 T   0.00199 0.86855 0.00096 0.12850 ( 2)
 193 V   0.41698 0.01799 0.53602 0.02901 ( 3)
 194 L   0.41687 0.01483 0.54144 0.02686 ( 3)
 195 D   0.42440 0.00358 0.56365 0.00837 ( 3)
 196 V   0.22694 0.50002 0.11015 0.16289 ( 2)
 197 V   0.55444 0.15435 0.25983 0.03138 ( 1)
 198 A   0.60644 0.08547 0.28916 0.01893 ( 1)
 199 L   0.41687 0.01483 0.54144 0.02686 ( 3)
 200 F   0.42463 0.00486 0.55994 0.01057 ( 3)
 201 S   0.14062 0.32626 0.17605 0.35708 ( 4)
 202 N   0.00283 0.98493 0.00054 0.01171 ( 2)


lnL = -2079.980504

