Supplemental results for CODEML (seqf: algn  treef: tree)


dN/dS (w) for site classes (K=4)

site class             0        1       2a       2b
proportion       0.78805  0.21195  0.00000  0.00000
background w     0.10408  1.00000  0.10408  1.00000
foreground w     0.10408  1.00000  1.00000  1.00000

Naive Empirical Bayes (NEB) probabilities for 4 classes
(amino acids refer to 1st sequence: BT_Cry2Aa13)

   1 -   0.78805 0.21195 0.00000 0.00000 ( 1)
   2 L   0.87717 0.12283 0.00000 0.00000 ( 1)
   3 V   0.04298 0.95702 0.00000 0.00000 ( 2)
   4 G   0.98818 0.01182 0.00000 0.00000 ( 1)
   5 K   0.99656 0.00344 0.00000 0.00000 ( 1)
   6 R   0.96981 0.03019 0.00000 0.00000 ( 1)
   7 I   0.99811 0.00189 0.00000 0.00000 ( 1)
   8 L   0.95738 0.04262 0.00000 0.00000 ( 1)
   9 S   0.99639 0.00361 0.00000 0.00000 ( 1)
  10 E   0.97604 0.02396 0.00000 0.00000 ( 1)
  11 L   0.98396 0.01604 0.00000 0.00000 ( 1)
  12 R   0.00133 0.99867 0.00000 0.00000 ( 2)
  13 N   0.20045 0.79955 0.00000 0.00000 ( 2)
  14 L   0.44404 0.55596 0.00000 0.00000 ( 2)
  15 I   0.99771 0.00229 0.00000 0.00000 ( 1)
  16 F   0.99765 0.00235 0.00000 0.00000 ( 1)
  17 P   0.99028 0.00972 0.00000 0.00000 ( 1)
  18 S   0.96633 0.03367 0.00000 0.00000 ( 1)
  19 G   0.98832 0.01168 0.00000 0.00000 ( 1)
  20 S   0.95807 0.04193 0.00000 0.00000 ( 1)
  21 T   0.96452 0.03548 0.00000 0.00000 ( 1)
  22 N   0.79596 0.20404 0.00000 0.00000 ( 1)
  23 L   0.83701 0.16299 0.00000 0.00000 ( 1)
  24 M   0.99690 0.00310 0.00000 0.00000 ( 1)
  25 Q   0.87612 0.12388 0.00000 0.00000 ( 1)
  26 D   0.96973 0.03027 0.00000 0.00000 ( 1)
  27 I   0.99692 0.00308 0.00000 0.00000 ( 1)
  28 L   0.98396 0.01604 0.00000 0.00000 ( 1)
  29 -   0.78805 0.21195 0.00000 0.00000 ( 1)
  30 R   0.98936 0.01064 0.00000 0.00000 ( 1)
  31 E   0.02300 0.97700 0.00000 0.00000 ( 2)
  32 T   0.94961 0.05039 0.00000 0.00000 ( 1)
  33 E   0.96175 0.03825 0.00000 0.00000 ( 1)
  34 K   0.11536 0.88464 0.00000 0.00000 ( 2)
  35 F   0.18829 0.81171 0.00000 0.00000 ( 2)
  36 L   0.02761 0.97239 0.00000 0.00000 ( 2)
  37 N   0.97495 0.02505 0.00000 0.00000 ( 1)
  38 Q   0.87752 0.12248 0.00000 0.00000 ( 1)
  39 R   0.01925 0.98075 0.00000 0.00000 ( 2)
  40 L   0.98611 0.01389 0.00000 0.00000 ( 1)
  41 N   0.70017 0.29983 0.00000 0.00000 ( 1)
  42 T   0.12396 0.87604 0.00000 0.00000 ( 2)
  43 D   0.05133 0.94867 0.00000 0.00000 ( 2)
  44 T   0.31618 0.68382 0.00000 0.00000 ( 2)
  45 L   0.04454 0.95546 0.00000 0.00000 ( 2)
  46 A   0.00000 1.00000 0.00000 0.00000 ( 2)
  47 R   0.34653 0.65347 0.00000 0.00000 ( 2)
  48 V   0.41341 0.58659 0.00000 0.00000 ( 2)
  49 N   0.03154 0.96846 0.00000 0.00000 ( 2)
  50 A   0.35487 0.64513 0.00000 0.00000 ( 2)
  51 E   0.22156 0.77844 0.00000 0.00000 ( 2)
  52 L   0.64456 0.35544 0.00000 0.00000 ( 1)
  53 T   0.00000 1.00000 0.00000 0.00000 ( 2)
  54 G   0.94563 0.05437 0.00000 0.00000 ( 1)
  55 L   0.96151 0.03849 0.00000 0.00000 ( 1)
  56 Q   0.87279 0.12721 0.00000 0.00000 ( 1)
  57 A   0.98853 0.01147 0.00000 0.00000 ( 1)
  58 N   0.98164 0.01836 0.00000 0.00000 ( 1)
  59 V   0.96312 0.03688 0.00000 0.00000 ( 1)
  60 E   0.00094 0.99906 0.00000 0.00000 ( 2)
  61 E   0.97344 0.02656 0.00000 0.00000 ( 1)
  62 F   0.99765 0.00235 0.00000 0.00000 ( 1)
  63 N   0.99807 0.00193 0.00000 0.00000 ( 1)
  64 R   0.25700 0.74300 0.00000 0.00000 ( 2)
  65 Q   0.98545 0.01455 0.00000 0.00000 ( 1)
  66 V   0.99458 0.00542 0.00000 0.00000 ( 1)
  67 D   0.99592 0.00408 0.00000 0.00000 ( 1)
  68 N   0.99807 0.00193 0.00000 0.00000 ( 1)
  69 F   0.97596 0.02404 0.00000 0.00000 ( 1)
  70 L   0.97092 0.02908 0.00000 0.00000 ( 1)
  71 N   0.96989 0.03011 0.00000 0.00000 ( 1)
  72 P   0.99035 0.00965 0.00000 0.00000 ( 1)
  73 N   0.91689 0.08311 0.00000 0.00000 ( 1)
  74 R   0.29826 0.70174 0.00000 0.00000 ( 2)
  75 N   0.74424 0.25576 0.00000 0.00000 ( 1)
  76 A   0.52110 0.47890 0.00000 0.00000 ( 1)
  77 V   0.66834 0.33166 0.00000 0.00000 ( 1)
  78 P   0.99028 0.00972 0.00000 0.00000 ( 1)
  79 L   0.98396 0.01604 0.00000 0.00000 ( 1)
  80 S   0.89431 0.10569 0.00000 0.00000 ( 1)
  81 I   0.99811 0.00189 0.00000 0.00000 ( 1)
  82 T   0.95611 0.04389 0.00000 0.00000 ( 1)
  83 S   0.61634 0.38366 0.00000 0.00000 ( 1)
  84 S   0.97659 0.02341 0.00000 0.00000 ( 1)
  85 V   0.99611 0.00389 0.00000 0.00000 ( 1)
  86 N   0.99807 0.00193 0.00000 0.00000 ( 1)
  87 T   0.99597 0.00403 0.00000 0.00000 ( 1)
  88 M   0.11789 0.88211 0.00000 0.00000 ( 2)
  89 Q   0.96322 0.03678 0.00000 0.00000 ( 1)
  90 Q   0.86467 0.13533 0.00000 0.00000 ( 1)
  91 L   0.86459 0.13541 0.00000 0.00000 ( 1)
  92 F   0.99612 0.00388 0.00000 0.00000 ( 1)
  93 L   0.97873 0.02127 0.00000 0.00000 ( 1)
  94 N   0.97375 0.02625 0.00000 0.00000 ( 1)
  95 R   0.99461 0.00539 0.00000 0.00000 ( 1)
  96 L   0.98396 0.01604 0.00000 0.00000 ( 1)
  97 P   0.09473 0.90527 0.00000 0.00000 ( 2)
  98 Q   0.93891 0.06109 0.00000 0.00000 ( 1)
  99 F   0.95758 0.04242 0.00000 0.00000 ( 1)
 100 Q   0.28991 0.71009 0.00000 0.00000 ( 2)
 101 M   0.01725 0.98275 0.00000 0.00000 ( 2)
 102 Q   0.87563 0.12437 0.00000 0.00000 ( 1)
 103 G   0.79324 0.20676 0.00000 0.00000 ( 1)
 104 Y   0.96704 0.03296 0.00000 0.00000 ( 1)
 105 Q   0.97608 0.02392 0.00000 0.00000 ( 1)
 106 L   0.93009 0.06991 0.00000 0.00000 ( 1)
 107 L   0.98396 0.01604 0.00000 0.00000 ( 1)
 108 L   0.98396 0.01604 0.00000 0.00000 ( 1)
 109 L   0.98396 0.01604 0.00000 0.00000 ( 1)
 110 P   0.99028 0.00972 0.00000 0.00000 ( 1)
 111 L   0.98396 0.01604 0.00000 0.00000 ( 1)
 112 F   0.99765 0.00235 0.00000 0.00000 ( 1)
 113 A   0.99365 0.00635 0.00000 0.00000 ( 1)
 114 Q   0.95056 0.04944 0.00000 0.00000 ( 1)
 115 A   0.99365 0.00635 0.00000 0.00000 ( 1)
 116 A   0.89825 0.10175 0.00000 0.00000 ( 1)
 117 N   0.98175 0.01825 0.00000 0.00000 ( 1)
 118 L   0.88611 0.11389 0.00000 0.00000 ( 1)
 119 H   0.99427 0.00573 0.00000 0.00000 ( 1)
 120 L   0.99478 0.00522 0.00000 0.00000 ( 1)
 121 S   0.92569 0.07431 0.00000 0.00000 ( 1)
 122 F   0.99765 0.00235 0.00000 0.00000 ( 1)
 123 I   0.99692 0.00308 0.00000 0.00000 ( 1)
 124 R   0.99461 0.00539 0.00000 0.00000 ( 1)
 125 D   0.99718 0.00282 0.00000 0.00000 ( 1)
 126 V   0.99489 0.00511 0.00000 0.00000 ( 1)
 127 I   0.96096 0.03904 0.00000 0.00000 ( 1)
 128 L   0.99235 0.00765 0.00000 0.00000 ( 1)
 129 N   0.99807 0.00193 0.00000 0.00000 ( 1)
 130 A   0.99365 0.00635 0.00000 0.00000 ( 1)
 131 D   0.80906 0.19094 0.00000 0.00000 ( 1)
 132 E   0.99576 0.00424 0.00000 0.00000 ( 1)
 133 W   0.91369 0.08631 0.00000 0.00000 ( 1)
 134 G   0.98590 0.01410 0.00000 0.00000 ( 1)
 135 I   0.99700 0.00300 0.00000 0.00000 ( 1)
 136 S   0.87977 0.12023 0.00000 0.00000 ( 1)
 137 A   0.99361 0.00639 0.00000 0.00000 ( 1)
 138 A   0.99365 0.00635 0.00000 0.00000 ( 1)
 139 T   0.99559 0.00441 0.00000 0.00000 ( 1)
 140 L   0.35598 0.64402 0.00000 0.00000 ( 2)
 141 R   0.97100 0.02900 0.00000 0.00000 ( 1)
 142 T   0.97999 0.02001 0.00000 0.00000 ( 1)
 143 Y   0.99357 0.00643 0.00000 0.00000 ( 1)
 144 R   0.36864 0.63136 0.00000 0.00000 ( 2)
 145 D   0.17735 0.82265 0.00000 0.00000 ( 2)
 146 Y   0.56227 0.43773 0.00000 0.00000 ( 1)
 147 L   0.93417 0.06583 0.00000 0.00000 ( 1)
 148 K   0.00210 0.99790 0.00000 0.00000 ( 2)
 149 N   0.81332 0.18668 0.00000 0.00000 ( 1)
 150 Y   0.92169 0.07831 0.00000 0.00000 ( 1)
 151 T   0.99608 0.00392 0.00000 0.00000 ( 1)
 152 R   0.87570 0.12430 0.00000 0.00000 ( 1)
 153 D   0.27830 0.72170 0.00000 0.00000 ( 2)
 154 Y   0.94687 0.05313 0.00000 0.00000 ( 1)
 155 S   0.98908 0.01092 0.00000 0.00000 ( 1)
 156 N   0.99648 0.00352 0.00000 0.00000 ( 1)
 157 Y   0.99357 0.00643 0.00000 0.00000 ( 1)
 158 C   0.99167 0.00833 0.00000 0.00000 ( 1)
 159 I   0.99811 0.00189 0.00000 0.00000 ( 1)
 160 N   0.31520 0.68480 0.00000 0.00000 ( 2)
 161 T   0.94861 0.05139 0.00000 0.00000 ( 1)
 162 Y   0.99266 0.00734 0.00000 0.00000 ( 1)
 163 Q   0.98545 0.01455 0.00000 0.00000 ( 1)
 164 S   0.20249 0.79751 0.00000 0.00000 ( 2)
 165 A   0.94983 0.05017 0.00000 0.00000 ( 1)
 166 F   0.99725 0.00275 0.00000 0.00000 ( 1)
 167 K   0.65400 0.34600 0.00000 0.00000 ( 1)
 168 G   0.98439 0.01561 0.00000 0.00000 ( 1)
 169 L   0.98396 0.01604 0.00000 0.00000 ( 1)
 170 N   0.96611 0.03389 0.00000 0.00000 ( 1)
 171 T   0.00341 0.99659 0.00000 0.00000 ( 2)
 172 R   0.06476 0.93524 0.00000 0.00000 ( 2)
 173 L   0.98396 0.01604 0.00000 0.00000 ( 1)
 174 H   0.64717 0.35283 0.00000 0.00000 ( 1)
 175 D   0.99755 0.00245 0.00000 0.00000 ( 1)
 176 M   0.18544 0.81456 0.00000 0.00000 ( 2)
 177 L   0.97831 0.02169 0.00000 0.00000 ( 1)
 178 E   0.99505 0.00495 0.00000 0.00000 ( 1)
 179 F   0.99765 0.00235 0.00000 0.00000 ( 1)
 180 R   0.99461 0.00539 0.00000 0.00000 ( 1)
 181 T   0.99608 0.00392 0.00000 0.00000 ( 1)
 182 Y   0.93007 0.06993 0.00000 0.00000 ( 1)
 183 M   0.96009 0.03991 0.00000 0.00000 ( 1)
 184 F   0.97122 0.02878 0.00000 0.00000 ( 1)
 185 L   0.98396 0.01604 0.00000 0.00000 ( 1)
 186 N   0.99807 0.00193 0.00000 0.00000 ( 1)
 187 V   0.99648 0.00352 0.00000 0.00000 ( 1)
 188 F   0.74483 0.25517 0.00000 0.00000 ( 1)
 189 E   0.46626 0.53374 0.00000 0.00000 ( 2)
 190 Y   0.91473 0.08527 0.00000 0.00000 ( 1)
 191 V   0.99618 0.00382 0.00000 0.00000 ( 1)
 192 S   0.98615 0.01385 0.00000 0.00000 ( 1)
 193 I   0.21939 0.78061 0.00000 0.00000 ( 2)
 194 W   0.91369 0.08631 0.00000 0.00000 ( 1)
 195 S   0.94564 0.05436 0.00000 0.00000 ( 1)


lnL = -2667.280149

Bayes Empirical Bayes (BEB) probabilities for 4 classes (class)
(amino acids refer to 1st sequence: BT_Cry2Aa13)

   1 -   0.78470 0.15803 0.04733 0.00994 ( 1)
   2 L   0.87151 0.08029 0.04374 0.00446 ( 1)
   3 V   0.14316 0.80708 0.00680 0.04296 ( 2)
   4 G   0.94044 0.00980 0.04920 0.00056 ( 1)
   5 K   0.94986 0.00305 0.04693 0.00017 ( 1)
   6 R   0.92327 0.02398 0.05133 0.00143 ( 1)
   7 I   0.95238 0.00173 0.04579 0.00009 ( 1)
   8 L   0.91179 0.03339 0.05278 0.00204 ( 1)
   9 S   0.94958 0.00317 0.04708 0.00017 ( 1)
  10 E   0.92840 0.01922 0.05125 0.00114 ( 1)
  11 L   0.93645 0.01314 0.04965 0.00076 ( 1)
  12 R   0.00703 0.93834 0.00038 0.05425 ( 2)
  13 N   0.41940 0.53283 0.01959 0.02819 ( 2)
  14 L   0.60772 0.34118 0.03168 0.01942 ( 1)
  15 I   0.95107 0.00208 0.04674 0.00011 ( 1)
  16 F   0.95152 0.00212 0.04625 0.00012 ( 1)
  17 P   0.94253 0.00814 0.04887 0.00046 ( 1)
  18 S   0.92983 0.02285 0.04606 0.00126 ( 1)
  19 G   0.94092 0.00969 0.04884 0.00055 ( 1)
  20 S   0.92441 0.02826 0.04578 0.00156 ( 1)
  21 T   0.92987 0.02416 0.04466 0.00131 ( 1)
  22 N   0.83625 0.11690 0.04050 0.00635 ( 1)
  23 L   0.84366 0.10573 0.04453 0.00608 ( 1)
  24 M   0.95031 0.00274 0.04680 0.00015 ( 1)
  25 Q   0.86896 0.08067 0.04574 0.00463 ( 1)
  26 D   0.92702 0.02057 0.05119 0.00122 ( 1)
  27 I   0.95040 0.00274 0.04671 0.00015 ( 1)
  28 L   0.93645 0.01314 0.04965 0.00076 ( 1)
  29 -   0.78470 0.15803 0.04733 0.00994 ( 1)
  30 R   0.94301 0.00891 0.04759 0.00050 ( 1)
  31 E   0.07688 0.86852 0.00416 0.05043 ( 2)
  32 T   0.91873 0.03378 0.04563 0.00187 ( 1)
  33 E   0.92649 0.02588 0.04619 0.00143 ( 1)
  34 K   0.28756 0.66086 0.01465 0.03693 ( 2)
  35 F   0.34936 0.59709 0.01885 0.03470 ( 2)
  36 L   0.09071 0.86038 0.00415 0.04475 ( 2)
  37 N   0.93674 0.01725 0.04507 0.00093 ( 1)
  38 Q   0.86984 0.07979 0.04579 0.00458 ( 1)
  39 R   0.07907 0.86706 0.00420 0.04967 ( 2)
  40 L   0.94024 0.01175 0.04735 0.00065 ( 1)
  41 N   0.78318 0.17027 0.03739 0.00916 ( 1)
  42 T   0.30363 0.64627 0.01489 0.03521 ( 2)
  43 D   0.13661 0.80933 0.00733 0.04673 ( 2)
  44 T   0.49385 0.45109 0.02794 0.02711 ( 1)
  45 L   0.13278 0.81700 0.00638 0.04384 ( 2)
  46 A   0.00001 0.94844 0.00000 0.05155 ( 2)
  47 R   0.52463 0.42437 0.02705 0.02395 ( 1)
  48 V   0.59202 0.35972 0.02873 0.01953 ( 1)
  49 N   0.12604 0.82522 0.00578 0.04296 ( 2)
  50 A   0.53366 0.41683 0.02654 0.02298 ( 1)
  51 E   0.44669 0.50428 0.02168 0.02735 ( 2)
  52 L   0.71347 0.23309 0.03960 0.01384 ( 1)
  53 T   0.00000 0.94909 0.00000 0.05091 ( 2)
  54 G   0.90821 0.04232 0.04707 0.00240 ( 1)
  55 L   0.92146 0.03048 0.04636 0.00170 ( 1)
  56 Q   0.86683 0.08279 0.04563 0.00475 ( 1)
  57 A   0.93682 0.00949 0.05311 0.00057 ( 1)
  58 N   0.94123 0.01278 0.04530 0.00069 ( 1)
  59 V   0.92202 0.02488 0.05161 0.00149 ( 1)
  60 E   0.00651 0.94262 0.00031 0.05056 ( 2)
  61 E   0.92639 0.02122 0.05113 0.00126 ( 1)
  62 F   0.95152 0.00212 0.04625 0.00012 ( 1)
  63 N   0.95229 0.00175 0.04586 0.00009 ( 1)
  64 R   0.43315 0.51395 0.02318 0.02973 ( 2)
  65 Q   0.93783 0.01195 0.04953 0.00069 ( 1)
  66 V   0.94815 0.00469 0.04690 0.00026 ( 1)
  67 D   0.94996 0.00358 0.04626 0.00019 ( 1)
  68 N   0.95229 0.00175 0.04586 0.00009 ( 1)
  69 F   0.93703 0.01655 0.04551 0.00090 ( 1)
  70 L   0.92636 0.02321 0.04909 0.00134 ( 1)
  71 N   0.92368 0.02391 0.05099 0.00141 ( 1)
  72 P   0.94258 0.00808 0.04888 0.00046 ( 1)
  73 N   0.89884 0.05502 0.04317 0.00297 ( 1)
  74 R   0.47787 0.47092 0.02463 0.02658 ( 1)
  75 N   0.78188 0.16550 0.04287 0.00975 ( 1)
  76 A   0.66609 0.28391 0.03405 0.01595 ( 1)
  77 V   0.76215 0.18991 0.03752 0.01042 ( 1)
  78 P   0.94253 0.00814 0.04887 0.00046 ( 1)
  79 L   0.93645 0.01314 0.04965 0.00076 ( 1)
  80 S   0.88215 0.06926 0.04472 0.00387 ( 1)
  81 I   0.95238 0.00173 0.04579 0.00009 ( 1)
  82 T   0.92343 0.02962 0.04533 0.00163 ( 1)
  83 S   0.73087 0.22194 0.03519 0.01200 ( 1)
  84 S   0.93093 0.01886 0.04913 0.00108 ( 1)
  85 V   0.94922 0.00341 0.04718 0.00019 ( 1)
  86 N   0.95229 0.00175 0.04586 0.00009 ( 1)
  87 T   0.94908 0.00352 0.04720 0.00019 ( 1)
  88 M   0.29132 0.65473 0.01580 0.03816 ( 2)
  89 Q   0.91738 0.02895 0.05193 0.00174 ( 1)
  90 Q   0.86166 0.08795 0.04534 0.00504 ( 1)
  91 L   0.86130 0.08813 0.04550 0.00507 ( 1)
  92 F   0.95022 0.00341 0.04618 0.00019 ( 1)
  93 L   0.93175 0.01718 0.05007 0.00100 ( 1)
  94 N   0.93469 0.01801 0.04631 0.00099 ( 1)
  95 R   0.94729 0.00464 0.04781 0.00026 ( 1)
  96 L   0.93645 0.01314 0.04965 0.00076 ( 1)
  97 P   0.20799 0.74109 0.01031 0.04061 ( 2)
  98 Q   0.89921 0.04710 0.05086 0.00283 ( 1)
  99 F   0.91400 0.03319 0.05083 0.00197 ( 1)
 100 Q   0.43221 0.51359 0.02386 0.03034 ( 2)
 101 M   0.07490 0.87621 0.00342 0.04547 ( 2)
 102 Q   0.86865 0.08098 0.04573 0.00464 ( 1)
 103 G   0.81153 0.13314 0.04717 0.00816 ( 1)
 104 Y   0.92530 0.02623 0.04701 0.00147 ( 1)
 105 Q   0.93052 0.01925 0.04913 0.00111 ( 1)
 106 L   0.89155 0.05361 0.05157 0.00328 ( 1)
 107 L   0.93645 0.01314 0.04965 0.00076 ( 1)
 108 L   0.93645 0.01314 0.04965 0.00076 ( 1)
 109 L   0.93645 0.01314 0.04965 0.00076 ( 1)
 110 P   0.94253 0.00814 0.04887 0.00046 ( 1)
 111 L   0.93645 0.01314 0.04965 0.00076 ( 1)
 112 F   0.95152 0.00212 0.04625 0.00012 ( 1)
 113 A   0.94615 0.00543 0.04812 0.00030 ( 1)
 114 Q   0.90787 0.03845 0.05137 0.00231 ( 1)
 115 A   0.94615 0.00543 0.04812 0.00030 ( 1)
 116 A   0.86789 0.07704 0.05035 0.00472 ( 1)
 117 N   0.94129 0.01272 0.04530 0.00069 ( 1)
 118 L   0.87507 0.07439 0.04626 0.00428 ( 1)
 119 H   0.94785 0.00493 0.04694 0.00027 ( 1)
 120 L   0.94750 0.00451 0.04774 0.00025 ( 1)
 121 S   0.90213 0.04915 0.04596 0.00276 ( 1)
 122 F   0.95152 0.00212 0.04625 0.00012 ( 1)
 123 I   0.95040 0.00274 0.04671 0.00015 ( 1)
 124 R   0.94729 0.00464 0.04781 0.00026 ( 1)
 125 D   0.95103 0.00252 0.04632 0.00014 ( 1)
 126 V   0.94098 0.00440 0.05435 0.00027 ( 1)
 127 I   0.91974 0.02631 0.05235 0.00159 ( 1)
 128 L   0.94552 0.00649 0.04763 0.00036 ( 1)
 129 N   0.95229 0.00175 0.04586 0.00009 ( 1)
 130 A   0.94615 0.00543 0.04812 0.00030 ( 1)
 131 D   0.84361 0.10958 0.04087 0.00595 ( 1)
 132 E   0.94874 0.00371 0.04735 0.00021 ( 1)
 133 W   0.87969 0.06570 0.05061 0.00400 ( 1)
 134 G   0.93321 0.01154 0.05454 0.00071 ( 1)
 135 I   0.95047 0.00268 0.04671 0.00015 ( 1)
 136 S   0.87129 0.07837 0.04585 0.00449 ( 1)
 137 A   0.94613 0.00545 0.04811 0.00031 ( 1)
 138 A   0.94615 0.00543 0.04812 0.00030 ( 1)
 139 T   0.94876 0.00384 0.04719 0.00021 ( 1)
 140 L   0.53431 0.41725 0.02584 0.02260 ( 1)
 141 R   0.92156 0.02298 0.05404 0.00142 ( 1)
 142 T   0.93628 0.01628 0.04654 0.00090 ( 1)
 143 Y   0.94608 0.00550 0.04811 0.00031 ( 1)
 144 R   0.54598 0.40484 0.02696 0.02222 ( 1)
 145 D   0.38793 0.56379 0.01829 0.02998 ( 2)
 146 Y   0.65362 0.29257 0.03639 0.01741 ( 1)
 147 L   0.89457 0.05059 0.05175 0.00309 ( 1)
 148 K   0.01380 0.93562 0.00066 0.04991 ( 2)
 149 N   0.84631 0.10736 0.04054 0.00579 ( 1)
 150 Y   0.89559 0.05157 0.04977 0.00307 ( 1)
 151 T   0.94917 0.00343 0.04721 0.00019 ( 1)
 152 R   0.86981 0.08190 0.04373 0.00456 ( 1)
 153 D   0.51155 0.44056 0.02431 0.02358 ( 1)
 154 Y   0.90390 0.04114 0.05244 0.00252 ( 1)
 155 S   0.94228 0.00911 0.04810 0.00051 ( 1)
 156 N   0.95094 0.00311 0.04579 0.00017 ( 1)
 157 Y   0.94608 0.00550 0.04811 0.00031 ( 1)
 158 C   0.94398 0.00702 0.04860 0.00040 ( 1)
 159 I   0.95238 0.00173 0.04579 0.00009 ( 1)
 160 N   0.54784 0.40482 0.02580 0.02155 ( 1)
 161 T   0.90685 0.03991 0.05086 0.00239 ( 1)
 162 Y   0.94534 0.00624 0.04807 0.00035 ( 1)
 163 Q   0.93783 0.01195 0.04953 0.00069 ( 1)
 164 S   0.42248 0.52839 0.02050 0.02864 ( 2)
 165 A   0.91229 0.03920 0.04632 0.00219 ( 1)
 166 F   0.95118 0.00246 0.04623 0.00013 ( 1)
 167 K   0.75301 0.19837 0.03763 0.01098 ( 1)
 168 G   0.93781 0.01280 0.04867 0.00073 ( 1)
 169 L   0.93645 0.01314 0.04965 0.00076 ( 1)
 170 N   0.92080 0.02678 0.05083 0.00158 ( 1)
 171 T   0.01702 0.93274 0.00081 0.04944 ( 2)
 172 R   0.18540 0.76291 0.00937 0.04233 ( 2)
 173 L   0.93645 0.01314 0.04965 0.00076 ( 1)
 174 H   0.71506 0.23121 0.03994 0.01379 ( 1)
 175 D   0.95135 0.00219 0.04633 0.00012 ( 1)
 176 M   0.39992 0.55145 0.01909 0.02955 ( 2)
 177 L   0.78790 0.01497 0.19416 0.00297 ( 1)
 178 E   0.94460 0.00428 0.05087 0.00025 ( 1)
 179 F   0.95152 0.00212 0.04625 0.00012 ( 1)
 180 R   0.94729 0.00464 0.04781 0.00026 ( 1)
 181 T   0.94917 0.00343 0.04721 0.00019 ( 1)
 182 Y   0.90505 0.04642 0.04593 0.00260 ( 1)
 183 M   0.92603 0.02694 0.04555 0.00148 ( 1)
 184 F   0.93386 0.01971 0.04535 0.00107 ( 1)
 185 L   0.93645 0.01314 0.04965 0.00076 ( 1)
 186 N   0.95229 0.00175 0.04586 0.00009 ( 1)
 187 V   0.94974 0.00310 0.04699 0.00017 ( 1)
 188 F   0.80759 0.14555 0.03898 0.00788 ( 1)
 189 E   0.62681 0.32466 0.03077 0.01777 ( 1)
 190 Y   0.89527 0.05617 0.04541 0.00315 ( 1)
 191 V   0.94888 0.00336 0.04757 0.00019 ( 1)
 192 S   0.93668 0.01140 0.05124 0.00067 ( 1)
 193 I   0.38938 0.55871 0.02018 0.03172 ( 2)
 194 W   0.87969 0.06570 0.05061 0.00400 ( 1)
 195 S   0.90563 0.04217 0.04971 0.00249 ( 1)

