Supplemental results for CODEML (seqf: algn  treef: tree)


dN/dS (w) for site classes (K=4)

site class             0        1       2a       2b
proportion       0.24729  0.45628  0.10419  0.19224
background w     0.04413  0.29581  0.04413  0.29581
foreground w     0.04413  0.29581  0.83155  0.83155

Naive Empirical Bayes (NEB) probabilities for 4 classes
(amino acids refer to 1st sequence: BT_Cry1Ba1)

   1 -   0.24729 0.45628 0.10419 0.19224 ( 2)
   2 -   0.24729 0.45628 0.10419 0.19224 ( 2)
   3 -   0.24729 0.45628 0.10419 0.19224 ( 2)
   4 -   0.24729 0.45628 0.10419 0.19224 ( 2)
   5 -   0.24729 0.45628 0.10419 0.19224 ( 2)
   6 -   0.54523 0.39407 0.02133 0.03936 ( 1)
   7 -   0.28838 0.63615 0.02653 0.04894 ( 2)
   8 -   0.00394 0.79044 0.07227 0.13335 ( 2)
   9 -   0.20082 0.79624 0.00103 0.00190 ( 2)
  10 R   0.03483 0.96017 0.00176 0.00324 ( 2)
  11 I   0.99679 0.00321 0.00000 0.00000 ( 1)
  12 T   0.99348 0.00652 0.00000 0.00000 ( 1)
  13 Q   0.65939 0.33964 0.00034 0.00063 ( 1)
  14 I   0.12994 0.85395 0.00566 0.01045 ( 2)
  15 P   0.97631 0.02368 0.00000 0.00000 ( 1)
  16 M   0.00000 0.02435 0.34291 0.63273 ( 4)
  17 V   0.07721 0.92143 0.00048 0.00088 ( 2)
  18 K   0.96563 0.03436 0.00000 0.00001 ( 1)
  19 A   0.25815 0.74105 0.00028 0.00052 ( 2)
  20 S   0.00000 0.05966 0.33050 0.60983 ( 4)
  21 E   0.00000 0.43283 0.19934 0.36782 ( 2)
  22 L   0.00002 0.50201 0.17503 0.32295 ( 2)
  23 P   0.00000 0.00021 0.35140 0.64839 ( 4)
  24 Q   0.00000 0.01498 0.34621 0.63881 ( 4)
  25 G   0.94195 0.05805 0.00000 0.00000 ( 1)
  26 T   0.00023 0.71119 0.10143 0.18715 ( 2)
  27 T   0.00002 0.73788 0.09212 0.16998 ( 2)
  28 V   0.00113 0.83289 0.05834 0.10765 ( 2)
  29 V   0.86574 0.13406 0.00007 0.00013 ( 1)
  30 R   0.00001 0.81480 0.06509 0.12010 ( 2)
  31 G   0.90690 0.09307 0.00001 0.00002 ( 1)
  32 P   0.97283 0.02717 0.00000 0.00000 ( 1)
  33 G   0.90213 0.09784 0.00001 0.00002 ( 1)
  34 F   0.99308 0.00692 0.00000 0.00000 ( 1)
  35 T   0.97008 0.02992 0.00000 0.00000 ( 1)
  36 G   0.98732 0.01268 0.00000 0.00000 ( 1)
  37 G   0.88326 0.11620 0.00019 0.00035 ( 1)
  38 D   0.46536 0.53455 0.00003 0.00006 ( 2)
  39 I   0.21757 0.78002 0.00085 0.00156 ( 2)
  40 L   0.26866 0.72538 0.00209 0.00386 ( 2)
  41 R   0.12471 0.84278 0.01143 0.02109 ( 2)
  42 R   0.58425 0.41549 0.00009 0.00016 ( 1)
  43 T   0.77795 0.22144 0.00021 0.00039 ( 1)
  44 N   0.00000 0.00130 0.35102 0.64769 ( 4)
  45 T   0.00000 0.01538 0.34607 0.63855 ( 4)
  46 -   0.33304 0.47780 0.06648 0.12268 ( 2)
  47 G   0.92889 0.07110 0.00000 0.00001 ( 1)
  48 G   0.00000 0.10737 0.31374 0.57889 ( 4)
  49 F   0.00003 0.69519 0.10712 0.19766 ( 2)
  50 G   0.10127 0.89331 0.00191 0.00352 ( 2)
  51 P   0.00000 0.50647 0.17346 0.32007 ( 2)
  52 I   0.33310 0.66631 0.00021 0.00038 ( 2)
  53 R   0.87730 0.12261 0.00003 0.00006 ( 1)
  54 V   0.23094 0.76765 0.00050 0.00092 ( 2)
  55 T   0.00000 0.42092 0.20353 0.37555 ( 2)
  56 V   0.00147 0.98207 0.00578 0.01067 ( 2)
  57 N   0.00000 0.72668 0.09606 0.17725 ( 2)
  58 G   0.00000 0.00795 0.34868 0.64337 ( 4)
  59 P   0.00323 0.86266 0.04714 0.08697 ( 2)
  60 L   0.08060 0.90618 0.00465 0.00858 ( 2)
  61 T   0.01933 0.96238 0.00643 0.01186 ( 2)
  62 Q   0.94529 0.05468 0.00001 0.00002 ( 1)
  63 R   0.00078 0.80652 0.06773 0.12497 ( 2)
  64 Y   0.97785 0.02215 0.00000 0.00000 ( 1)
  65 R   0.75901 0.23542 0.00196 0.00361 ( 1)
  66 I   0.01123 0.96823 0.00722 0.01332 ( 2)
  67 G   0.92509 0.07489 0.00001 0.00001 ( 1)
  68 F   0.00000 0.10041 0.31618 0.58341 ( 4)
  69 R   0.34562 0.65265 0.00061 0.00112 ( 2)
  70 Y   0.43817 0.56096 0.00031 0.00056 ( 2)
  71 A   0.99468 0.00532 0.00000 0.00000 ( 1)
  72 S   0.62932 0.36849 0.00077 0.00142 ( 1)
  73 T   0.94131 0.05868 0.00000 0.00001 ( 1)
  74 V   0.00072 0.94751 0.01819 0.03357 ( 2)
  75 D   0.00055 0.99273 0.00236 0.00436 ( 2)
  76 F   0.00035 0.86561 0.04711 0.08693 ( 2)
  77 D   0.00000 0.00031 0.35136 0.64833 ( 4)
  78 F   0.00868 0.90554 0.03015 0.05563 ( 2)
  79 F   0.00000 0.00478 0.34979 0.64543 ( 4)
  80 V   0.00036 0.85359 0.05133 0.09472 ( 2)
  81 S   0.00000 0.00010 0.35144 0.64847 ( 4)
  82 R   0.00000 0.26000 0.26009 0.47991 ( 4)
  83 G   0.00001 0.60534 0.13871 0.25594 ( 2)
  84 G   0.00000 0.12999 0.30579 0.56423 ( 4)
  85 T   0.00000 0.14942 0.29896 0.55163 ( 4)
  86 T   0.00000 0.20919 0.27795 0.51286 ( 4)
  87 -   0.33814 0.47747 0.06481 0.11958 ( 2)
  88 -   0.00273 0.20020 0.28015 0.51692 ( 4)
  89 V   0.00022 0.93874 0.02146 0.03959 ( 2)
  90 N   0.00003 0.93490 0.02287 0.04220 ( 2)
  91 N   0.00000 0.01076 0.34769 0.64155 ( 4)
  92 F   0.00000 0.34609 0.22983 0.42407 ( 4)
  93 R   0.00000 0.04015 0.33736 0.62249 ( 4)
  94 F   0.00037 0.65400 0.12148 0.22415 ( 2)
  95 L   0.00000 0.00276 0.35050 0.64674 ( 4)
  96 R   0.00000 0.44005 0.19681 0.36314 ( 2)
  97 T   0.99537 0.00463 0.00000 0.00000 ( 1)
  98 M   0.99235 0.00765 0.00000 0.00000 ( 1)
  99 N   0.00001 0.54337 0.16049 0.29613 ( 2)
 100 S   0.00000 0.29048 0.24938 0.46014 ( 4)
 101 G   0.08785 0.90568 0.00228 0.00420 ( 2)
 102 D   0.00000 0.00317 0.35036 0.64647 ( 4)
 103 E   0.00060 0.95111 0.01697 0.03132 ( 2)
 104 L   0.04885 0.92577 0.00892 0.01646 ( 2)
 105 K   0.00000 0.52569 0.16671 0.30760 ( 2)
 106 Y   0.12800 0.84284 0.01025 0.01891 ( 2)
 107 G   0.00002 0.87901 0.04252 0.07845 ( 2)
 108 N   0.00040 0.58715 0.14497 0.26749 ( 2)
 109 F   0.68887 0.31105 0.00003 0.00006 ( 1)
 110 V   0.00000 0.07573 0.32485 0.59941 ( 4)
 111 R   0.05858 0.93871 0.00095 0.00176 ( 2)
 112 R   0.00000 0.03803 0.33811 0.62386 ( 4)
 113 A   0.01405 0.88634 0.03501 0.06460 ( 2)
 114 F   0.09674 0.90122 0.00072 0.00132 ( 2)
 115 T   0.00012 0.86222 0.04839 0.08928 ( 2)
 116 T   0.04940 0.94633 0.00150 0.00277 ( 2)
 117 -   0.24729 0.45628 0.10419 0.19224 ( 2)
 118 -   0.24729 0.45628 0.10419 0.19224 ( 2)
 119 -   0.24729 0.45628 0.10419 0.19224 ( 2)
 120 -   0.24729 0.45628 0.10419 0.19224 ( 2)
 121 -   0.24729 0.45628 0.10419 0.19224 ( 2)
 122 -   0.24729 0.45628 0.10419 0.19224 ( 2)
 123 P   0.00005 0.82528 0.06139 0.11328 ( 2)
 124 F   0.73374 0.26621 0.00002 0.00003 ( 1)
 125 T   0.00000 0.03537 0.33904 0.62559 ( 4)
 126 F   0.00333 0.98156 0.00531 0.00980 ( 2)
 127 T   0.00000 0.13302 0.30472 0.56226 ( 4)
 128 Q   0.00001 0.42119 0.20343 0.37537 ( 2)
 129 I   0.00000 0.03750 0.33829 0.62421 ( 4)
 130 Q   0.00074 0.81758 0.06386 0.11782 ( 2)
 131 D   0.00002 0.82659 0.06094 0.11245 ( 2)
 132 I   0.00000 0.15323 0.29762 0.54915 ( 4)
 133 I   0.01754 0.96166 0.00731 0.01349 ( 2)
 134 R   0.00597 0.88635 0.03785 0.06984 ( 2)
 135 T   0.00000 0.05811 0.33105 0.61084 ( 4)
 136 S   0.00000 0.06655 0.32808 0.60537 ( 4)
 137 I   0.00003 0.72741 0.09580 0.17676 ( 2)
 138 Q   0.00000 0.00150 0.35095 0.64756 ( 4)
 139 G   0.00000 0.04441 0.33586 0.61972 ( 4)
 140 L   0.00491 0.98391 0.00393 0.00725 ( 2)
 141 S   0.00209 0.91277 0.02993 0.05522 ( 2)
 142 G   0.00000 0.04828 0.33450 0.61721 ( 4)
 143 N   0.00082 0.96476 0.01210 0.02232 ( 2)
 144 G   0.00000 0.01313 0.34686 0.64001 ( 4)
 145 E   0.03891 0.95697 0.00145 0.00267 ( 2)
 146 V   0.04297 0.92616 0.01085 0.02002 ( 2)
 147 Y   0.85496 0.14498 0.00002 0.00004 ( 1)
 148 I   0.00008 0.83486 0.05801 0.10704 ( 2)
 149 D   0.97656 0.02344 0.00000 0.00000 ( 1)
 150 K   0.08927 0.90993 0.00028 0.00052 ( 2)
 151 I   0.35824 0.64107 0.00024 0.00045 ( 2)
 152 E   0.99280 0.00720 0.00000 0.00000 ( 1)
 153 I   0.27605 0.71892 0.00177 0.00326 ( 2)
 154 I   0.06948 0.91340 0.00602 0.01110 ( 2)
 155 P   0.75694 0.23756 0.00193 0.00357 ( 1)


lnL = -5295.843252

