Supplemental results for CODEML (seqf: algn  treef: tree)


dN/dS (w) for site classes (K=4)

site class             0        1       2a       2b
proportion       0.57530  0.38697  0.02256  0.01517
background w     0.10696  1.20598  0.10696  1.20598
foreground w     0.10696  1.20598 15.64278 15.64278

Naive Empirical Bayes (NEB) probabilities for 4 classes
(amino acids refer to 1st sequence: BT_Cry7Aa1)

   1 -   0.57530 0.38697 0.02256 0.01517 ( 1)
   2 -   0.18155 0.72974 0.05171 0.03700 ( 2)
   3 -   0.82282 0.17338 0.00230 0.00150 ( 1)
   4 K   0.94625 0.04419 0.00895 0.00061 ( 1)
   5 I   0.83211 0.16187 0.00465 0.00137 ( 1)
   6 T   0.41704 0.57362 0.00357 0.00577 ( 2)
   7 K   0.09517 0.88648 0.00844 0.00991 ( 2)
   8 I   0.95900 0.03732 0.00344 0.00024 ( 1)
   9 P   0.88837 0.10953 0.00179 0.00031 ( 1)
  10 A   0.94939 0.04812 0.00229 0.00020 ( 1)
  11 V   0.92797 0.06327 0.00801 0.00075 ( 1)
  12 K   0.96137 0.03538 0.00304 0.00021 ( 1)
  13 M   0.54457 0.45426 0.00050 0.00066 ( 1)
  14 Y   0.92941 0.06812 0.00222 0.00025 ( 1)
  15 K   0.14800 0.83087 0.01020 0.01093 ( 2)
  16 L   0.84335 0.14312 0.01106 0.00247 ( 1)
  17 D   0.00008 0.87385 0.00028 0.12579 ( 2)
  18 D   0.00086 0.92460 0.00378 0.07076 ( 2)
  19 P   0.00461 0.99112 0.00001 0.00425 ( 2)
  20 S   0.06542 0.86186 0.02710 0.04561 ( 2)
  21 T   0.03639 0.32197 0.58231 0.05933 ( 3)
  22 V   0.61798 0.37804 0.00184 0.00213 ( 1)
  23 V   0.80449 0.18669 0.00656 0.00226 ( 1)
  24 K   0.96137 0.03538 0.00304 0.00021 ( 1)
  25 G   0.78110 0.20910 0.00754 0.00226 ( 1)
  26 P   0.90496 0.09337 0.00145 0.00022 ( 1)
  27 G   0.92356 0.07468 0.00158 0.00019 ( 1)
  28 F   0.51460 0.38006 0.09641 0.00893 ( 1)
  29 T   0.94853 0.04823 0.00298 0.00026 ( 1)
  30 G   0.94112 0.05730 0.00144 0.00014 ( 1)
  31 G   0.92356 0.07468 0.00158 0.00019 ( 1)
  32 D   0.97052 0.02686 0.00249 0.00013 ( 1)
  33 L   0.87412 0.12274 0.00264 0.00050 ( 1)
  34 V   0.95298 0.04397 0.00283 0.00023 ( 1)
  35 K   0.84956 0.14756 0.00236 0.00052 ( 1)
  36 R   0.95207 0.04619 0.00160 0.00013 ( 1)
  37 G   0.71797 0.27210 0.00699 0.00295 ( 1)
  38 S   0.96643 0.03193 0.00155 0.00009 ( 1)
  39 T   0.18123 0.81412 0.00055 0.00411 ( 2)
  40 G   0.94191 0.05653 0.00142 0.00014 ( 1)
  41 Y   0.06724 0.82775 0.04110 0.06392 ( 2)
  42 I   0.95704 0.03923 0.00347 0.00026 ( 1)
  43 G   0.92356 0.07468 0.00158 0.00019 ( 1)
  44 D   0.09052 0.90025 0.00059 0.00864 ( 2)
  45 I   0.12454 0.86838 0.00308 0.00400 ( 2)
  46 K   0.32898 0.56828 0.08311 0.01963 ( 2)
  47 A   0.60246 0.39056 0.00354 0.00344 ( 1)
  48 T   0.74641 0.24472 0.00644 0.00242 ( 1)
  49 V   0.94508 0.05169 0.00296 0.00027 ( 1)
  50 N   0.85088 0.14611 0.00245 0.00055 ( 1)
  51 S   0.86528 0.13132 0.00283 0.00057 ( 1)
  52 P   0.89386 0.10405 0.00179 0.00029 ( 1)
  53 L   0.92107 0.07717 0.00156 0.00020 ( 1)
  54 S   0.91837 0.07949 0.00189 0.00025 ( 1)
  55 Q   0.88768 0.11017 0.00184 0.00032 ( 1)
  56 K   0.70281 0.29326 0.00222 0.00171 ( 1)
  57 Y   0.92941 0.06812 0.00222 0.00025 ( 1)
  58 R   0.39843 0.59888 0.00089 0.00180 ( 2)
  59 V   0.86846 0.12263 0.00766 0.00125 ( 1)
  60 R   0.95207 0.04619 0.00160 0.00013 ( 1)
  61 V   0.95298 0.04397 0.00283 0.00023 ( 1)
  62 R   0.78837 0.20691 0.00359 0.00113 ( 1)
  63 Y   0.86246 0.13465 0.00232 0.00056 ( 1)
  64 A   0.73935 0.25137 0.00669 0.00258 ( 1)
  65 T   0.95611 0.04084 0.00284 0.00021 ( 1)
  66 N   0.71912 0.27648 0.00236 0.00204 ( 1)
  67 V   0.55330 0.33478 0.10361 0.00832 ( 1)
  68 S   0.50481 0.49263 0.00104 0.00152 ( 1)
  69 G   0.90128 0.08492 0.01228 0.00152 ( 1)
  70 Q   0.35355 0.63485 0.00360 0.00801 ( 2)
  71 F   0.30476 0.68883 0.00160 0.00481 ( 2)
  72 N   0.01543 0.97043 0.00019 0.01395 ( 2)
  73 V   0.73445 0.25647 0.00651 0.00257 ( 1)
  74 Y   0.00093 0.89887 0.00643 0.09377 ( 2)
  75 I   0.95900 0.03732 0.00344 0.00024 ( 1)
  76 N   0.68702 0.29557 0.01104 0.00637 ( 1)
  77 D   0.72699 0.26724 0.00363 0.00214 ( 1)
  78 K   0.65195 0.34372 0.00210 0.00224 ( 1)
  79 I   0.00579 0.89659 0.00554 0.09208 ( 2)
  80 T   0.39613 0.59828 0.00151 0.00409 ( 2)
  81 L   0.92107 0.07717 0.00156 0.00020 ( 1)
  82 Q   0.03753 0.94964 0.00036 0.01247 ( 2)
  83 T   0.01463 0.97906 0.00005 0.00626 ( 2)
  84 K   0.00045 0.93585 0.00003 0.06368 ( 2)
  85 F   0.91808 0.07920 0.00238 0.00035 ( 1)
  86 Q   0.51221 0.48080 0.00265 0.00434 ( 1)
  87 N   0.01314 0.96203 0.00199 0.02284 ( 2)
  88 T   0.94289 0.05156 0.00514 0.00041 ( 1)
  89 V   0.44423 0.35356 0.18524 0.01697 ( 1)
  90 E   0.03255 0.24113 0.67599 0.05033 ( 3)
  91 T   0.94853 0.04823 0.00298 0.00026 ( 1)
  92 I   0.95704 0.03923 0.00347 0.00026 ( 1)
  93 G   0.94191 0.05653 0.00142 0.00014 ( 1)
  94 E   0.95726 0.04008 0.00247 0.00018 ( 1)
  95 G   0.92356 0.07468 0.00158 0.00019 ( 1)
  96 K   0.52295 0.28313 0.18158 0.01235 ( 1)
  97 D   0.05890 0.93627 0.00015 0.00468 ( 2)
  98 L   0.37809 0.60817 0.00465 0.00909 ( 2)
  99 T   0.01862 0.80313 0.03469 0.14355 ( 2)
 100 -   0.57530 0.38697 0.02256 0.01517 ( 1)
 101 Y   0.08260 0.91380 0.00020 0.00340 ( 2)
 102 G   0.00987 0.98157 0.00005 0.00851 ( 2)
 103 S   0.04603 0.94967 0.00015 0.00414 ( 2)
 104 F   0.09492 0.90186 0.00019 0.00302 ( 2)
 105 G   0.08010 0.91740 0.00014 0.00237 ( 2)
 106 Y   0.92941 0.06812 0.00222 0.00025 ( 1)
 107 I   0.00938 0.94305 0.00367 0.04390 ( 2)
 108 E   0.94837 0.04896 0.00245 0.00022 ( 1)
 109 Y   0.92941 0.06812 0.00222 0.00025 ( 1)
 110 S   0.91837 0.07949 0.00189 0.00025 ( 1)
 111 T   0.73848 0.25280 0.00628 0.00244 ( 1)
 112 T   0.76289 0.22191 0.01133 0.00386 ( 1)
 113 I   0.95900 0.03732 0.00344 0.00024 ( 1)
 114 Q   0.88768 0.11017 0.00184 0.00032 ( 1)
 115 F   0.58139 0.41602 0.00119 0.00139 ( 1)
 116 P   0.00108 0.98201 0.00002 0.01690 ( 2)
 117 D   0.00927 0.98345 0.00003 0.00724 ( 2)
 118 -   0.57530 0.38697 0.02256 0.01517 ( 1)
 119 E   0.81944 0.17705 0.00277 0.00074 ( 1)
 120 H   0.92681 0.06549 0.00703 0.00067 ( 1)
 121 P   0.89386 0.10405 0.00179 0.00029 ( 1)
 122 -   0.57530 0.38697 0.02256 0.01517 ( 1)
 123 K   0.69413 0.30191 0.00219 0.00176 ( 1)
 124 I   0.84026 0.15222 0.00618 0.00133 ( 1)
 125 T   0.58298 0.40906 0.00359 0.00436 ( 1)
 126 L   0.00667 0.96946 0.00123 0.02265 ( 2)
 127 H   0.00066 0.98600 0.00001 0.01333 ( 2)
 128 L   0.41032 0.58603 0.00124 0.00241 ( 2)
 129 -   0.57530 0.38697 0.02256 0.01517 ( 1)
 130 S   0.00004 0.33874 0.00818 0.65305 ( 4)
 131 D   0.10374 0.88717 0.00087 0.00822 ( 2)
 132 L   0.13933 0.55174 0.22331 0.08562 ( 2)
 133 S   0.90080 0.09516 0.00359 0.00046 ( 1)
 134 N   0.00061 0.51693 0.06402 0.41844 ( 2)
 135 N   0.16320 0.80001 0.02026 0.01652 ( 2)
 136 S   0.04837 0.94243 0.00028 0.00893 ( 2)
 137 S   0.04757 0.88062 0.02302 0.04879 ( 2)
 138 F   0.56423 0.43316 0.00115 0.00145 ( 1)
 139 Y   0.92941 0.06812 0.00222 0.00025 ( 1)
 140 V   0.00631 0.98297 0.00005 0.01068 ( 2)
 141 D   0.03206 0.96305 0.00008 0.00481 ( 2)
 142 S   0.00393 0.96787 0.00010 0.02810 ( 2)
 143 I   0.84026 0.15222 0.00618 0.00133 ( 1)
 144 E   0.95726 0.04008 0.00247 0.00018 ( 1)
 145 F   0.91808 0.07920 0.00238 0.00035 ( 1)
 146 I   0.84026 0.15222 0.00618 0.00133 ( 1)
 147 P   0.81727 0.14500 0.03204 0.00569 ( 1)


lnL = -1468.539601

