Supplemental results for CODEML (seqf: algn  treef: tree)


dN/dS (w) for site classes (K=4)

site class             0        1       2a       2b
proportion       0.44507  0.53091  0.01095  0.01307
background w     0.05642  0.48479  0.05642  0.48479
foreground w     0.05642  0.48479 999.00000 999.00000

Naive Empirical Bayes (NEB) probabilities for 4 classes
(amino acids refer to 1st sequence: BT_Cry13Aa1)

   1 D   0.97655 0.01009 0.01320 0.00016 ( 1)
   2 Y   0.97992 0.01024 0.00976 0.00007 ( 1)
   3 S   0.00001 0.02869 0.00345 0.96785 ( 4)
   4 S   0.00014 0.02128 0.30078 0.67780 ( 4)
   5 Q   0.95034 0.03563 0.01346 0.00057 ( 1)
   6 I   0.80018 0.18681 0.01014 0.00287 ( 1)
   7 K   0.00078 0.94520 0.00039 0.05363 ( 2)
   8 L   0.13419 0.85246 0.00170 0.01166 ( 2)
   9 E   0.98479 0.00373 0.01144 0.00004 ( 1)
  10 K   0.10561 0.07187 0.74910 0.07343 ( 3)
  11 T   0.98735 0.01245 0.00020 0.00000 ( 1)
  12 R   0.93006 0.06981 0.00012 0.00001 ( 1)
  13 V   0.94182 0.03932 0.01828 0.00059 ( 1)
  14 I   0.61189 0.38722 0.00052 0.00037 ( 1)
  15 F   0.99675 0.00305 0.00021 0.00000 ( 1)
  16 S   0.96208 0.03745 0.00045 0.00002 ( 1)
  17 D   0.99272 0.00608 0.00120 0.00001 ( 1)
  18 M   0.71947 0.28009 0.00031 0.00013 ( 1)
  19 V   0.85124 0.14783 0.00078 0.00015 ( 1)
  20 G   0.93419 0.06538 0.00040 0.00003 ( 1)
  21 Q   0.95116 0.04779 0.00099 0.00006 ( 1)
  22 S   0.50410 0.49460 0.00061 0.00070 ( 1)
  23 E   0.94453 0.05492 0.00052 0.00003 ( 1)
  24 S   0.05536 0.94443 0.00001 0.00020 ( 2)
  25 R   0.00551 0.99417 0.00000 0.00032 ( 2)
  26 D   0.91723 0.08205 0.00066 0.00007 ( 1)
  27 G   0.02716 0.97104 0.00004 0.00176 ( 2)
  28 S   0.00311 0.99546 0.00000 0.00142 ( 2)
  29 V   0.87931 0.12044 0.00022 0.00003 ( 1)
  30 T   0.63119 0.36784 0.00059 0.00039 ( 1)
  31 I   0.95451 0.04505 0.00042 0.00002 ( 1)
  32 K   0.07224 0.92679 0.00006 0.00090 ( 2)
  33 N   0.99775 0.00079 0.00146 0.00000 ( 1)
  34 I   0.65490 0.34493 0.00011 0.00006 ( 1)
  35 F   0.00810 0.99128 0.00000 0.00062 ( 2)
  36 D   0.99502 0.00455 0.00043 0.00000 ( 1)
  37 N   0.00328 0.99624 0.00000 0.00048 ( 2)
  38 -   0.49155 0.50732 0.00052 0.00062 ( 2)
  39 -   0.00065 0.97118 0.00014 0.02803 ( 2)
  40 -   0.08715 0.91238 0.00004 0.00043 ( 2)
  41 -   0.03985 0.96001 0.00001 0.00014 ( 2)
  42 T   0.01373 0.98560 0.00001 0.00067 ( 2)
  43 D   0.00038 0.99900 0.00000 0.00062 ( 2)
  44 S   0.00064 0.99865 0.00000 0.00070 ( 2)
  45 H   0.91359 0.08493 0.00134 0.00015 ( 1)
  46 Q   0.80624 0.19320 0.00044 0.00011 ( 1)
  47 H   0.99858 0.00065 0.00077 0.00000 ( 1)
  48 G   0.00000 0.99937 0.00000 0.00062 ( 2)
  49 S   0.00029 0.97654 0.00006 0.02311 ( 2)
  50 I   0.99369 0.00570 0.00060 0.00000 ( 1)
  51 -   0.60562 0.37036 0.01490 0.00911 ( 1)
  52 -   0.69531 0.28067 0.01711 0.00691 ( 1)
  53 -   0.69531 0.28067 0.01711 0.00691 ( 1)
  54 G   0.85904 0.13972 0.00104 0.00020 ( 1)
  55 L   0.10616 0.89367 0.00002 0.00015 ( 2)
  56 N   0.99682 0.00265 0.00053 0.00000 ( 1)
  57 S   0.64983 0.34994 0.00015 0.00008 ( 1)
  58 I   0.87072 0.12898 0.00026 0.00004 ( 1)
  59 S   0.96731 0.03209 0.00058 0.00002 ( 1)
  60 Y   0.99705 0.00193 0.00101 0.00000 ( 1)
  61 F   0.01398 0.98562 0.00001 0.00039 ( 2)
  62 P   0.01586 0.98323 0.00001 0.00090 ( 2)
  63 D   0.52468 0.47437 0.00047 0.00047 ( 1)
  64 E   0.99326 0.00587 0.00086 0.00001 ( 1)
  65 L   0.91979 0.08009 0.00011 0.00001 ( 1)
  66 Q   0.00712 0.99198 0.00001 0.00090 ( 2)
  67 K   0.03105 0.96867 0.00001 0.00027 ( 2)
  68 A   0.01192 0.95854 0.00331 0.02623 ( 2)
  69 Q   0.90971 0.08973 0.00050 0.00005 ( 1)
  70 L   0.19613 0.80371 0.00003 0.00013 ( 2)
  71 R   0.00002 0.99984 0.00000 0.00014 ( 2)
  72 M   0.13908 0.86027 0.00008 0.00057 ( 2)
  73 Y   0.98701 0.01222 0.00076 0.00001 ( 1)
  74 D   0.75141 0.24814 0.00033 0.00012 ( 1)
  75 Y   0.03296 0.96641 0.00002 0.00062 ( 2)
  76 N   0.00001 0.56051 0.00039 0.43909 ( 2)
  77 H   0.12905 0.87041 0.00006 0.00048 ( 2)
  78 K   0.00300 0.99634 0.00000 0.00066 ( 2)
  79 P   0.00029 0.99793 0.00000 0.00178 ( 2)
  80 Y   0.00129 0.99837 0.00000 0.00034 ( 2)
  81 C   0.03312 0.96582 0.00003 0.00103 ( 2)
  82 T   0.49548 0.50397 0.00027 0.00029 ( 2)
  83 D   0.44507 0.53091 0.01095 0.01307 ( 2)
  84 C   0.44507 0.53091 0.01095 0.01307 ( 2)
  85 F   0.44507 0.53091 0.01095 0.01307 ( 2)
  86 C   0.14638 0.85311 0.00007 0.00045 ( 2)
  87 W   0.71854 0.28041 0.00073 0.00032 ( 1)
  88 P   0.24965 0.74982 0.00013 0.00040 ( 2)
  89 Y   0.99518 0.00379 0.00102 0.00000 ( 1)
  90 G   0.06090 0.92458 0.00091 0.01361 ( 2)
  91 V   0.20182 0.79724 0.00017 0.00077 ( 2)
  92 I   0.98329 0.01587 0.00083 0.00001 ( 1)
  93 L   0.00035 0.97445 0.00008 0.02513 ( 2)
  94 N   0.98720 0.01133 0.00145 0.00002 ( 1)
  95 Y   0.99705 0.00193 0.00101 0.00000 ( 1)
  96 N   0.00017 0.99946 0.00000 0.00037 ( 2)
  97 K   0.02642 0.97300 0.00001 0.00057 ( 2)
  98 N   0.00172 0.97421 0.00032 0.02376 ( 2)
  99 T   0.00010 0.99918 0.00000 0.00072 ( 2)
 100 F   0.95256 0.04641 0.00097 0.00005 ( 1)
 101 R   0.00288 0.99691 0.00000 0.00020 ( 2)
 102 Y   0.99705 0.00193 0.00101 0.00000 ( 1)
 103 G   0.98349 0.01608 0.00042 0.00001 ( 1)
 104 D   0.99774 0.00105 0.00121 0.00000 ( 1)
 105 -   0.24746 0.75208 0.00011 0.00036 ( 2)
 106 N   0.87647 0.12317 0.00032 0.00005 ( 1)
 107 D   0.00061 0.99911 0.00000 0.00028 ( 2)
 108 P   0.98078 0.01904 0.00017 0.00000 ( 1)
 109 G   0.00011 0.97587 0.00000 0.02402 ( 2)
 110 L   0.00005 0.97593 0.00000 0.02402 ( 2)
 111 -   0.44507 0.53091 0.01095 0.01307 ( 2)
 112 S   0.00001 0.99923 0.00000 0.00076 ( 2)
 113 G   0.00598 0.99357 0.00000 0.00045 ( 2)
 114 D   0.00605 0.99347 0.00000 0.00047 ( 2)
 115 V   0.00026 0.99886 0.00000 0.00088 ( 2)
 116 Q   0.00372 0.99594 0.00000 0.00034 ( 2)
 117 L   0.06420 0.93559 0.00001 0.00020 ( 2)
 118 P   0.00063 0.99888 0.00000 0.00049 ( 2)
 119 A   0.44854 0.55129 0.00008 0.00009 ( 2)
 120 P   0.70566 0.29385 0.00034 0.00015 ( 1)
 121 -   0.44507 0.53091 0.01095 0.01307 ( 2)
 122 -   0.44507 0.53091 0.01095 0.01307 ( 2)
 123 -   0.44507 0.53091 0.01095 0.01307 ( 2)
 124 M   0.34848 0.65118 0.00012 0.00023 ( 2)
 125 S   0.00314 0.99511 0.00000 0.00175 ( 2)
 126 V   0.00001 0.99984 0.00000 0.00015 ( 2)
 127 V   0.01912 0.98042 0.00001 0.00045 ( 2)
 128 N   0.99775 0.00079 0.00146 0.00000 ( 1)
 129 A   0.67971 0.32012 0.00011 0.00005 ( 1)
 130 Q   0.00275 0.99663 0.00000 0.00063 ( 2)
 131 T   0.99161 0.00744 0.00094 0.00001 ( 1)
 132 Q   0.99252 0.00693 0.00055 0.00000 ( 1)
 133 T   0.12211 0.87675 0.00012 0.00101 ( 2)
 134 A   0.00948 0.99027 0.00000 0.00025 ( 2)
 135 Q   0.01539 0.98377 0.00001 0.00083 ( 2)
 136 -   0.47766 0.52189 0.00020 0.00024 ( 2)
 137 Y   0.99230 0.00734 0.00036 0.00000 ( 1)
 138 T   0.08033 0.91913 0.00004 0.00049 ( 2)
 139 D   0.99820 0.00060 0.00120 0.00000 ( 1)
 140 G   0.23075 0.76878 0.00011 0.00037 ( 2)
 141 E   0.99348 0.00627 0.00026 0.00000 ( 1)
 142 N   0.00781 0.99153 0.00000 0.00066 ( 2)
 143 I   0.01470 0.98428 0.00001 0.00100 ( 2)
 144 W   0.00003 0.99879 0.00000 0.00118 ( 2)
 145 T   0.01380 0.98431 0.00002 0.00187 ( 2)
 146 D   0.20729 0.79195 0.00014 0.00062 ( 2)
 147 T   0.00200 0.99646 0.00000 0.00153 ( 2)
 148 -   0.00708 0.99250 0.00000 0.00041 ( 2)
 149 -   0.29582 0.69177 0.00382 0.00859 ( 2)
 150 -   0.44507 0.53091 0.01095 0.01307 ( 2)
 151 -   0.44507 0.53091 0.01095 0.01307 ( 2)
 152 -   0.44507 0.53091 0.01095 0.01307 ( 2)
 153 G   0.01110 0.98861 0.00000 0.00028 ( 2)
 154 R   0.00091 0.99871 0.00000 0.00037 ( 2)
 155 S   0.00285 0.99648 0.00000 0.00067 ( 2)
 156 W   0.00001 0.44953 0.00011 0.55035 ( 4)
 157 L   0.00147 0.99840 0.00000 0.00013 ( 2)
 158 C   0.65357 0.34594 0.00031 0.00018 ( 1)
 159 T   0.01391 0.98522 0.00001 0.00087 ( 2)
 160 L   0.87725 0.12214 0.00053 0.00008 ( 1)
 161 R   0.40618 0.59368 0.00005 0.00008 ( 2)
 162 G   0.97296 0.02660 0.00043 0.00001 ( 1)
 163 Y   0.47435 0.52514 0.00023 0.00027 ( 2)
 164 C   0.99708 0.00244 0.00048 0.00000 ( 1)
 165 T   0.96678 0.03252 0.00068 0.00002 ( 1)
 166 T   0.00802 0.99074 0.00001 0.00123 ( 2)
 167 N   0.06685 0.93270 0.00003 0.00042 ( 2)
 168 C   0.03619 0.96333 0.00002 0.00046 ( 2)
 169 F   0.28075 0.69523 0.00691 0.01711 ( 2)
 170 P   0.33380 0.64218 0.00822 0.01580 ( 2)
 171 -   0.59247 0.38351 0.01458 0.00944 ( 1)
 172 -   0.15475 0.82123 0.00381 0.02021 ( 2)
 173 -   0.13292 0.84306 0.00327 0.02075 ( 2)
 174 G   0.17373 0.82576 0.00008 0.00043 ( 2)
 175 R   0.00081 0.99802 0.00000 0.00116 ( 2)
 176 G   0.06984 0.92838 0.00011 0.00167 ( 2)
 177 C   0.01350 0.98633 0.00000 0.00016 ( 2)
 178 Y   0.00299 0.99621 0.00000 0.00080 ( 2)
 179 N   0.00010 0.99975 0.00000 0.00015 ( 2)
 180 N   0.20754 0.79195 0.00010 0.00042 ( 2)
 181 S   0.00432 0.99490 0.00000 0.00078 ( 2)
 182 T   0.01928 0.97971 0.00002 0.00100 ( 2)
 183 G   0.03691 0.96242 0.00002 0.00064 ( 2)
 184 Y   0.73533 0.26405 0.00044 0.00017 ( 1)
 185 G   0.58320 0.41638 0.00024 0.00018 ( 1)
 186 E   0.00174 0.99785 0.00000 0.00041 ( 2)
 187 S   0.99491 0.00440 0.00069 0.00000 ( 1)
 188 C   0.96856 0.03094 0.00048 0.00002 ( 1)
 189 N   0.99748 0.00105 0.00147 0.00000 ( 1)
 190 Q   0.00052 0.96869 0.00011 0.03069 ( 2)
 191 S   0.03183 0.96744 0.00002 0.00071 ( 2)
 192 L   0.65300 0.34655 0.00029 0.00017 ( 1)
 193 P   0.73457 0.26491 0.00037 0.00015 ( 1)
 194 G   0.10014 0.89908 0.00007 0.00071 ( 2)
 195 Q   0.99252 0.00693 0.00055 0.00000 ( 1)
 196 K   0.99704 0.00263 0.00032 0.00000 ( 1)
 197 I   0.99574 0.00366 0.00060 0.00000 ( 1)
 198 H   0.97136 0.02715 0.00144 0.00005 ( 1)
 199 A   0.99634 0.00290 0.00076 0.00000 ( 1)
 200 L   0.58030 0.41949 0.00012 0.00009 ( 1)
 201 Y   0.99705 0.00193 0.00101 0.00000 ( 1)
 202 P   0.74447 0.25504 0.00036 0.00013 ( 1)
 203 F   0.98681 0.01299 0.00020 0.00000 ( 1)
 204 T   0.63359 0.36532 0.00066 0.00043 ( 1)
 205 Q   0.30698 0.69285 0.00005 0.00012 ( 2)
 206 T   0.04847 0.94977 0.00007 0.00169 ( 2)
 207 -   0.90212 0.09743 0.00040 0.00005 ( 1)
 208 N   0.05456 0.89810 0.01676 0.03059 ( 2)
 209 V   0.01528 0.98456 0.00000 0.00016 ( 2)
 210 L   0.00162 0.99812 0.00000 0.00026 ( 2)
 211 G   0.98976 0.00965 0.00058 0.00001 ( 1)
 212 Q   0.00867 0.99057 0.00001 0.00075 ( 2)
 213 S   0.00005 0.99946 0.00000 0.00050 ( 2)
 214 G   0.89737 0.10139 0.00109 0.00014 ( 1)
 215 K   0.99725 0.00171 0.00104 0.00000 ( 1)
 216 L   0.73111 0.26846 0.00031 0.00012 ( 1)
 217 G   0.98694 0.01263 0.00042 0.00001 ( 1)
 218 L   0.15055 0.84935 0.00001 0.00008 ( 2)
 219 L   0.61728 0.38255 0.00010 0.00007 ( 1)
 220 A   0.46459 0.53426 0.00050 0.00065 ( 2)
 221 S   0.02298 0.97675 0.00001 0.00026 ( 2)
 222 H   0.88130 0.11823 0.00041 0.00006 ( 1)
 223 I   0.97662 0.02269 0.00068 0.00002 ( 1)
 224 P   0.84781 0.15201 0.00015 0.00003 ( 1)
 225 Y   0.39983 0.60004 0.00005 0.00008 ( 2)
 226 D   0.96772 0.02026 0.01172 0.00031 ( 1)
 227 L   0.96008 0.03949 0.00042 0.00002 ( 1)
 228 S   0.41979 0.56445 0.00840 0.00736 ( 2)
 229 P   0.95865 0.04099 0.00034 0.00002 ( 1)
 230 N   0.96817 0.03034 0.00144 0.00005 ( 1)
 231 N   0.99636 0.00218 0.00146 0.00000 ( 1)
 232 T   0.00000 0.00919 0.03397 0.95684 ( 4)
 233 I   0.71733 0.28208 0.00041 0.00018 ( 1)
 234 G   0.98326 0.00600 0.01066 0.00008 ( 1)
 235 D   0.14614 0.85291 0.00013 0.00082 ( 2)
 236 K   0.00551 0.99403 0.00000 0.00046 ( 2)
 237 D   0.99540 0.00339 0.00121 0.00000 ( 1)
 238 T   0.05009 0.94036 0.00057 0.00898 ( 2)
 239 D   0.75057 0.22830 0.01703 0.00409 ( 1)
 240 S   0.85780 0.13118 0.00972 0.00129 ( 1)
 241 T   0.00008 0.98974 0.00000 0.01018 ( 2)
 242 N   0.67637 0.32207 0.00099 0.00057 ( 1)
 243 -   0.29471 0.70451 0.00021 0.00057 ( 2)


lnL = -4097.620826

