Supplemental results for CODEML (seqf: algn  treef: tree)


dN/dS (w) for site classes (K=4)

site class             0        1       2a       2b
proportion       0.34723  0.50719  0.05917  0.08642
background w     0.05955  0.55307  0.05955  0.55307
foreground w     0.05955  0.55307 999.00000 999.00000

Naive Empirical Bayes (NEB) probabilities for 4 classes
(amino acids refer to 1st sequence: BT_Cry7Cb1)

   1 -   0.36253 0.49188 0.06177 0.08381 ( 2)
   2 -   0.08253 0.77189 0.01406 0.13152 ( 2)
   3 -   0.69560 0.15881 0.11853 0.02706 ( 1)
   4 K   0.60375 0.38225 0.00703 0.00697 ( 1)
   5 I   0.96709 0.01828 0.01414 0.00049 ( 1)
   6 S   0.00264 0.74195 0.05215 0.20327 ( 2)
   7 Q   0.81297 0.17896 0.00650 0.00157 ( 1)
   8 L   0.67434 0.31170 0.00901 0.00495 ( 1)
   9 Y   0.18941 0.79437 0.00247 0.01375 ( 2)
  10 A   0.00440 0.86631 0.00288 0.12642 ( 2)
  11 V   0.97447 0.01199 0.01325 0.00029 ( 1)
  12 K   0.96982 0.01944 0.01042 0.00033 ( 1)
  13 A   0.00170 0.85585 0.00101 0.14144 ( 2)
  14 Y   0.04793 0.86520 0.00608 0.08079 ( 2)
  15 T   0.04220 0.62299 0.01535 0.31946 ( 2)
  16 T   0.00020 0.04190 0.89412 0.06378 ( 3)
  17 -   0.04068 0.81373 0.00693 0.13865 ( 2)
  18 S   0.00001 0.17158 0.14516 0.68324 ( 4)
  19 N   0.75558 0.22719 0.01166 0.00558 ( 1)
  20 V   0.05041 0.64110 0.23250 0.07598 ( 2)
  21 S   0.94029 0.05144 0.00773 0.00054 ( 1)
  22 V   0.97578 0.01076 0.01319 0.00026 ( 1)
  23 V   0.01212 0.86847 0.00128 0.11813 ( 2)
  24 G   0.00149 0.86700 0.00117 0.13033 ( 2)
  25 G   0.97671 0.01011 0.01299 0.00018 ( 1)
  26 P   0.98384 0.01020 0.00588 0.00008 ( 1)
  27 G   0.97553 0.01518 0.00910 0.00020 ( 1)
  28 F   0.98697 0.00463 0.00834 0.00006 ( 1)
  29 L   0.41732 0.56630 0.00653 0.00984 ( 2)
  30 G   0.96886 0.02181 0.00905 0.00028 ( 1)
  31 G   0.97553 0.01518 0.00910 0.00020 ( 1)
  32 N   0.98525 0.00377 0.01090 0.00008 ( 1)
  33 I   0.83051 0.15291 0.01239 0.00419 ( 1)
  34 I   0.21268 0.76058 0.00372 0.02302 ( 2)
  35 K   0.82746 0.16075 0.00885 0.00294 ( 1)
  36 G   0.39420 0.47659 0.07825 0.05096 ( 2)
  37 N   0.38630 0.59329 0.00550 0.01492 ( 2)
  38 N   0.10279 0.76066 0.04378 0.09276 ( 2)
  39 D   0.00909 0.96802 0.00013 0.02276 ( 2)
  40 P   0.00002 0.00558 0.96362 0.03078 ( 3)
  41 A   0.00005 0.74494 0.00081 0.25420 ( 2)
  42 S   0.00099 0.24362 0.05104 0.70435 ( 4)
  43 Y   0.00488 0.97968 0.00006 0.01538 ( 2)
  44 T   0.00003 0.16867 0.00024 0.83106 ( 4)
  45 G   0.00537 0.97753 0.00007 0.01704 ( 2)
  46 S   0.04312 0.91973 0.00152 0.03563 ( 2)
  47 V   0.68291 0.27936 0.02646 0.01127 ( 1)
  48 S   0.00004 0.49653 0.00289 0.50054 ( 4)
  49 W   0.00259 0.23485 0.30642 0.45613 ( 4)
  50 A   0.09579 0.74905 0.06354 0.09162 ( 2)
  51 I   0.56184 0.41633 0.00892 0.01292 ( 1)
  52 R   0.54287 0.44542 0.00493 0.00679 ( 1)
  53 L   0.53256 0.44240 0.01359 0.01145 ( 1)
  54 D   0.00556 0.97267 0.00007 0.02171 ( 2)
  55 G   0.00893 0.97598 0.00009 0.01501 ( 2)
  56 -   0.34723 0.50719 0.05917 0.08642 ( 2)
  57 S   0.00154 0.86823 0.00386 0.12637 ( 2)
  58 T   0.00025 0.23091 0.03993 0.72892 ( 4)
  59 V   0.01340 0.78589 0.04885 0.15185 ( 2)
  60 S   0.00135 0.97962 0.00002 0.01902 ( 2)
  61 R   0.00861 0.68440 0.00470 0.30230 ( 2)
  62 F   0.80774 0.16740 0.02048 0.00438 ( 1)
  63 R   0.97966 0.01513 0.00512 0.00009 ( 1)
  64 L   0.12572 0.54232 0.23865 0.09331 ( 2)
  65 R   0.98420 0.00748 0.00823 0.00009 ( 1)
  66 I   0.97598 0.00946 0.01429 0.00027 ( 1)
  67 P   0.56282 0.37341 0.03772 0.02605 ( 1)
  68 Y   0.98194 0.00978 0.00816 0.00011 ( 1)
  69 A   0.98167 0.00735 0.01083 0.00014 ( 1)
  70 A   0.87827 0.10740 0.01196 0.00237 ( 1)
  71 E   0.03921 0.94098 0.00059 0.01922 ( 2)
  72 T   0.77908 0.20560 0.01051 0.00481 ( 1)
  73 D   0.54279 0.44351 0.00545 0.00826 ( 1)
  74 G   0.00116 0.94817 0.00006 0.05061 ( 2)
  75 T   0.00056 0.65756 0.00278 0.33910 ( 2)
  76 F   0.97794 0.01355 0.00834 0.00017 ( 1)
  77 S   0.00009 0.40667 0.01405 0.57918 ( 4)
  78 I   0.07855 0.89306 0.00138 0.02700 ( 2)
  79 T   0.43694 0.54525 0.00536 0.01245 ( 2)
  80 V   0.10722 0.75213 0.05739 0.08326 ( 2)
  81 R   0.45127 0.52893 0.00872 0.01107 ( 2)
  82 D   0.45482 0.52791 0.00763 0.00963 ( 2)
  83 D   0.00776 0.92520 0.00046 0.06658 ( 2)
  84 L   0.00153 0.91345 0.00069 0.08434 ( 2)
  85 G   0.92327 0.02775 0.04754 0.00144 ( 1)
  86 P   0.13862 0.85196 0.00098 0.00845 ( 2)
  87 F   0.00002 0.88381 0.00001 0.11616 ( 2)
  88 T   0.13975 0.83617 0.00242 0.02167 ( 2)
  89 I   0.43864 0.53802 0.00743 0.01591 ( 2)
  90 K   0.00330 0.71555 0.05521 0.22595 ( 2)
  91 K   0.00003 0.76887 0.00003 0.23107 ( 2)
  92 D   0.00003 0.85203 0.00000 0.14794 ( 2)
  93 F   0.55341 0.43578 0.00470 0.00611 ( 1)
  94 I   0.01406 0.89119 0.00138 0.09337 ( 2)
  95 A   0.10857 0.86938 0.00191 0.02013 ( 2)
  96 T   0.97683 0.01004 0.01291 0.00022 ( 1)
  97 M   0.99042 0.00592 0.00364 0.00002 ( 1)
  98 K   0.00142 0.73596 0.02367 0.23895 ( 2)
  99 P   0.00811 0.97980 0.00008 0.01202 ( 2)
 100 G   0.97553 0.01518 0.00910 0.00020 ( 1)
 101 D   0.07144 0.90860 0.00082 0.01914 ( 2)
 102 P   0.15239 0.83953 0.00093 0.00715 ( 2)
 103 L   0.95439 0.03393 0.01120 0.00048 ( 1)
 104 S   0.76252 0.22291 0.01085 0.00372 ( 1)
 105 Y   0.89824 0.09322 0.00747 0.00107 ( 1)
 106 G   0.00219 0.49198 0.21241 0.29342 ( 2)
 107 K   0.04145 0.93894 0.00051 0.01910 ( 2)
 108 F   0.91742 0.04464 0.03436 0.00359 ( 1)
 109 E   0.06898 0.68023 0.18911 0.06168 ( 2)
 110 Y   0.83323 0.15773 0.00708 0.00197 ( 1)
 111 L   0.07043 0.83215 0.03630 0.06113 ( 2)
 112 E   0.02245 0.95840 0.00034 0.01881 ( 2)
 113 F   0.90906 0.07436 0.01458 0.00201 ( 1)
 114 E   0.00009 0.88114 0.00033 0.11845 ( 2)
 115 Q   0.00259 0.77215 0.04220 0.18307 ( 2)
 116 T   0.66986 0.30746 0.01363 0.00906 ( 1)
 117 M   0.00183 0.20935 0.50592 0.28290 ( 3)
 118 S   0.00244 0.92182 0.00047 0.07527 ( 2)
 119 L   0.17379 0.40669 0.24478 0.17474 ( 2)
 120 N   0.00008 0.69494 0.00558 0.29940 ( 2)
 121 N   0.08038 0.60817 0.03642 0.27503 ( 2)
 122 K   0.00001 0.13853 0.00033 0.86113 ( 4)
 123 H   0.00429 0.98631 0.00003 0.00937 ( 2)
 124 G   0.56591 0.42322 0.00477 0.00610 ( 1)
 125 Q   0.00002 0.15463 0.01332 0.83204 ( 4)
 126 F   0.22997 0.75676 0.00226 0.01102 ( 2)
 127 F   0.00073 0.97317 0.00002 0.02608 ( 2)
 128 V   0.92003 0.06318 0.01511 0.00168 ( 1)
 129 H   0.00542 0.48972 0.05812 0.44675 ( 2)
 130 T   0.00080 0.27798 0.50698 0.21424 ( 3)
 131 E   0.00370 0.91312 0.00056 0.08263 ( 2)
 132 N   0.10026 0.82499 0.00814 0.06661 ( 2)
 133 L   0.52482 0.46122 0.00681 0.00716 ( 1)
 134 K   0.00019 0.75943 0.00399 0.23639 ( 2)
 135 D   0.00512 0.97157 0.00007 0.02323 ( 2)
 136 R   0.54287 0.44542 0.00493 0.00679 ( 1)
 137 N   0.02233 0.81532 0.08222 0.08013 ( 2)
 138 S   0.00133 0.72852 0.03584 0.23431 ( 2)
 139 S   0.00483 0.88410 0.01284 0.09823 ( 2)
 140 V   0.97067 0.01491 0.01407 0.00035 ( 1)
 141 Y   0.98194 0.00978 0.00816 0.00011 ( 1)
 142 W   0.13098 0.83098 0.00519 0.03285 ( 2)
 143 N   0.32607 0.43131 0.18632 0.05629 ( 2)
 144 R   0.38819 0.56106 0.01846 0.03228 ( 2)
 145 V   0.05831 0.91589 0.00095 0.02485 ( 2)
 146 E   0.97394 0.00787 0.01797 0.00023 ( 1)
 147 I   0.86268 0.11833 0.01549 0.00350 ( 1)
 148 I   0.30785 0.45419 0.11002 0.12794 ( 2)
 149 P   0.77929 0.16747 0.04365 0.00960 ( 1)


lnL = -2130.197967

