Supplemental results for CODEML (seqf: algn  treef: tree)


dN/dS (w) for site classes (K=4)

site class             0        1       2a       2b
proportion       0.00000  0.00000  0.62439  0.37561
background w     0.35506  2.56801  0.35506  2.56801
foreground w     0.35506  2.56801  0.29854  0.29854

Naive Empirical Bayes (NEB) probabilities for 4 classes
(amino acids refer to 1st sequence: BT_Cry40Aa1)

   1 S   0.00000 0.00000 0.83358 0.16642 ( 3)
   2 L   0.00000 0.00000 0.45629 0.54371 ( 4)
   3 G   0.00000 0.00000 0.00595 0.99405 ( 4)
   4 G   0.00000 0.00000 0.66076 0.33924 ( 3)
   5 I   0.00000 0.00000 0.85101 0.14899 ( 3)
   6 N   0.00000 0.00000 0.02961 0.97039 ( 4)
   7 T   0.00000 0.00000 0.02598 0.97402 ( 4)
   8 L   0.00000 0.00000 0.85533 0.14467 ( 3)
   9 F   0.00000 0.00000 0.12313 0.87687 ( 4)
  10 S   0.00000 0.00000 0.45264 0.54736 ( 4)
  11 I   0.00000 0.00000 0.88881 0.11119 ( 3)
  12 I   0.00000 0.00000 0.98774 0.01226 ( 3)
  13 G   0.00000 0.00000 0.00023 0.99977 ( 4)
  14 K   0.00000 0.00000 0.81608 0.18392 ( 3)
  15 L   0.00000 0.00000 0.97180 0.02820 ( 3)
  16 I   0.00000 0.00000 0.98181 0.01819 ( 3)
  17 P   0.00000 0.00000 0.98126 0.01874 ( 3)
  18 T   0.00000 0.00000 0.94654 0.05346 ( 3)
  19 N   0.00000 0.00000 0.79258 0.20742 ( 3)
  20 H   0.00000 0.00000 0.77841 0.22159 ( 3)
  21 Q   0.00000 0.00000 0.54030 0.45970 ( 3)
  22 S   0.00000 0.00000 0.20477 0.79523 ( 4)
  23 V   0.00000 0.00000 0.66869 0.33131 ( 3)
  24 S   0.00000 0.00000 0.66610 0.33390 ( 3)
  25 A   0.00000 0.00000 0.72289 0.27711 ( 3)
  26 L   0.00000 0.00000 0.99528 0.00472 ( 3)
  27 S   0.00000 0.00000 0.99506 0.00494 ( 3)
  28 I   0.00000 0.00000 0.99851 0.00149 ( 3)
  29 C   0.00000 0.00000 0.99417 0.00583 ( 3)
  30 D   0.00000 0.00000 0.99935 0.00065 ( 3)
  31 L   0.00000 0.00000 0.98695 0.01305 ( 3)
  32 L   0.00000 0.00000 0.91279 0.08721 ( 3)
  33 S   0.00000 0.00000 0.99446 0.00554 ( 3)
  34 I   0.00000 0.00000 0.99851 0.00149 ( 3)
  35 I   0.00000 0.00000 0.99818 0.00182 ( 3)
  36 R   0.00000 0.00000 0.98395 0.01605 ( 3)
  37 K   0.00000 0.00000 0.97859 0.02141 ( 3)
  38 E   0.00000 0.00000 0.98408 0.01592 ( 3)
  39 V   0.00000 0.00000 0.97759 0.02241 ( 3)
  40 A   0.00000 0.00000 0.23602 0.76398 ( 4)
  41 D   0.00000 0.00000 0.64800 0.35200 ( 3)
  42 S   0.00000 0.00000 0.96662 0.03338 ( 3)
  43 V   0.00000 0.00000 0.80993 0.19007 ( 3)
  44 L   0.00000 0.00000 0.98695 0.01305 ( 3)
  45 S   0.00000 0.00000 0.51306 0.48694 ( 3)
  46 D   0.00000 0.00000 0.06143 0.93857 ( 4)
  47 A   0.00000 0.00000 0.03762 0.96238 ( 4)
  48 I   0.00000 0.00000 0.06945 0.93055 ( 4)
  49 C   0.00000 0.00000 0.03538 0.96462 ( 4)
  50 R   0.00000 0.00000 0.78308 0.21692 ( 3)
  51 F   0.00000 0.00000 0.99882 0.00118 ( 3)
  52 L   0.00000 0.00000 0.62439 0.37561 ( 3)
  53 D   0.00000 0.00000 0.09633 0.90367 ( 4)
  54 G   0.00000 0.00000 0.99611 0.00389 ( 3)
  55 K   0.00000 0.00000 0.20396 0.79604 ( 4)
  56 L   0.00000 0.00000 0.34814 0.65186 ( 4)
  57 K   0.00000 0.00000 0.01706 0.98294 ( 4)
  58 N   0.00000 0.00000 0.47865 0.52135 ( 4)
  59 Y   0.00000 0.00000 0.97046 0.02954 ( 3)
  60 R   0.00000 0.00000 0.00118 0.99882 ( 4)
  61 E   0.00000 0.00000 0.00276 0.99724 ( 4)
  62 Y   0.00000 0.00000 0.99613 0.00387 ( 3)
  63 Y   0.00000 0.00000 0.99613 0.00387 ( 3)
  64 L   0.00000 0.00000 0.99528 0.00472 ( 3)
  65 P   0.00000 0.00000 0.00001 0.99999 ( 4)
  66 Y   0.00000 0.00000 0.74195 0.25805 ( 3)
  67 L   0.00000 0.00000 0.99528 0.00472 ( 3)
  68 E   0.00000 0.00000 0.00611 0.99389 ( 4)
  69 A   0.00000 0.00000 0.00099 0.99901 ( 4)
  70 W   0.00000 0.00000 0.92268 0.07732 ( 3)
  71 L   0.00000 0.00000 0.99528 0.00472 ( 3)
  72 K   0.00000 0.00000 0.00069 0.99931 ( 4)
  73 D   0.00000 0.00000 0.01516 0.98484 ( 4)
  74 G   0.00000 0.00000 0.15970 0.84030 ( 4)
  75 K   0.00000 0.00000 0.03407 0.96593 ( 4)
  76 P   0.00000 0.00000 0.97911 0.02089 ( 3)
  77 L   0.00000 0.00000 0.31548 0.68452 ( 4)
  78 Q   0.00000 0.00000 0.15154 0.84846 ( 4)
  79 K   0.00000 0.00000 0.07224 0.92776 ( 4)
  80 T   0.00000 0.00000 0.73267 0.26733 ( 3)
  81 N   0.00000 0.00000 0.65726 0.34274 ( 3)
  82 N   0.00000 0.00000 0.02072 0.97928 ( 4)
  83 S   0.00000 0.00000 0.00001 0.99999 ( 4)
  84 D   0.00000 0.00000 0.00048 0.99952 ( 4)
  85 I   0.00000 0.00000 0.92292 0.07708 ( 3)
  86 G   0.00000 0.00000 0.00000 1.00000 ( 4)
  87 Q   0.00000 0.00000 0.09187 0.90813 ( 4)
  88 L   0.00000 0.00000 0.96061 0.03939 ( 3)
  89 V   0.00000 0.00000 0.84740 0.15260 ( 3)
  90 K   0.00000 0.00000 0.00008 0.99992 ( 4)
  91 Y   0.00000 0.00000 0.18763 0.81237 ( 4)
  92 F   0.00000 0.00000 0.93484 0.06516 ( 3)
  93 E   0.00000 0.00000 0.07981 0.92019 ( 4)
  94 L   0.00000 0.00000 0.00000 1.00000 ( 4)
  95 S   0.00000 0.00000 0.07347 0.92653 ( 4)
  96 E   0.00000 0.00000 0.97903 0.02097 ( 3)
  97 R   0.00000 0.00000 0.03630 0.96370 ( 4)
  98 D   0.00000 0.00000 0.09985 0.90015 ( 4)
  99 F   0.00000 0.00000 0.93797 0.06203 ( 3)
 100 N   0.00000 0.00000 0.93800 0.06200 ( 3)
 101 E   0.00000 0.00000 0.22595 0.77405 ( 4)
 102 I   0.00000 0.00000 0.95189 0.04811 ( 3)
 103 L   0.00000 0.00000 0.83287 0.16713 ( 3)
 104 G   0.00000 0.00000 0.00528 0.99472 ( 4)
 105 G   0.00000 0.00000 0.95830 0.04170 ( 3)
 106 S   0.00000 0.00000 0.41485 0.58515 ( 4)
 107 L   0.00000 0.00000 0.98496 0.01504 ( 3)
 108 A   0.00000 0.00000 0.79896 0.20104 ( 3)
 109 R   0.00000 0.00000 0.72337 0.27663 ( 3)
 110 N   0.00000 0.00000 0.00092 0.99908 ( 4)
 111 N   0.00000 0.00000 0.94392 0.05608 ( 3)
 112 A   0.00000 0.00000 0.96963 0.03037 ( 3)
 113 Q   0.00000 0.00000 0.67717 0.32283 ( 3)
 114 I   0.00000 0.00000 0.97673 0.02327 ( 3)
 115 L   0.00000 0.00000 0.97452 0.02548 ( 3)
 116 L   0.00000 0.00000 0.98695 0.01305 ( 3)
 117 L   0.00000 0.00000 0.96838 0.03161 ( 3)
 118 P   0.00000 0.00000 0.99038 0.00962 ( 3)
 119 Y   0.00000 0.00000 0.64721 0.35279 ( 3)
 120 F   0.00000 0.00000 0.82833 0.17167 ( 3)
 121 C   0.00000 0.00000 0.00083 0.99917 ( 4)
 122 A   0.00000 0.00000 0.60206 0.39794 ( 3)
 123 S   0.00000 0.00000 0.29040 0.70960 ( 4)
 124 C   0.00000 0.00000 0.74738 0.25262 ( 3)
 125 K   0.00000 0.00000 0.99465 0.00535 ( 3)
 126 C   0.00000 0.00000 0.00755 0.99245 ( 4)
 127 Q   0.00000 0.00000 0.92728 0.07272 ( 3)
 128 L   0.00000 0.00000 0.98695 0.01305 ( 3)
 129 L   0.00000 0.00000 0.98695 0.01305 ( 3)
 130 L   0.00000 0.00000 0.97574 0.02426 ( 3)
 131 L   0.00000 0.00000 0.98695 0.01305 ( 3)
 132 R   0.00000 0.00000 0.96759 0.03241 ( 3)
 133 D   0.00000 0.00000 0.99880 0.00120 ( 3)
 134 A   0.00000 0.00000 0.34405 0.65595 ( 4)
 135 V   0.00000 0.00000 0.99724 0.00276 ( 3)
 136 Q   0.00000 0.00000 0.92580 0.07420 ( 3)
 137 Y   0.00000 0.00000 0.99613 0.00387 ( 3)
 138 E   0.00000 0.00000 0.97861 0.02139 ( 3)
 139 E   0.00000 0.00000 0.00441 0.99559 ( 4)
 140 Q   0.00000 0.00000 0.06842 0.93158 ( 4)
 141 W   0.00000 0.00000 0.92268 0.07732 ( 3)
 142 F   0.00000 0.00000 0.00606 0.99394 ( 4)
 143 P   0.00000 0.00000 0.00032 0.99968 ( 4)
 144 F   0.00000 0.00000 0.01506 0.98494 ( 4)
 145 L   0.00000 0.00000 0.36114 0.63886 ( 4)
 146 S   0.00000 0.00000 0.04488 0.95512 ( 4)
 147 A   0.00000 0.00000 0.04934 0.95066 ( 4)
 148 E   0.00000 0.00000 0.52426 0.47574 ( 3)
 149 N   0.00000 0.00000 0.60215 0.39785 ( 3)
 150 V   0.00000 0.00000 0.71644 0.28356 ( 3)
 151 R   0.00000 0.00000 0.72998 0.27002 ( 3)
 152 S   0.00000 0.00000 0.93091 0.06909 ( 3)
 153 E   0.00000 0.00000 0.97420 0.02580 ( 3)
 154 L   0.00000 0.00000 0.96476 0.03524 ( 3)
 155 I   0.00000 0.00000 0.99562 0.00438 ( 3)
 156 S   0.00000 0.00000 0.96365 0.03635 ( 3)
 157 P   0.00000 0.00000 0.98011 0.01989 ( 3)
 158 N   0.00000 0.00000 0.67775 0.32225 ( 3)
 159 S   0.00000 0.00000 0.74199 0.25801 ( 3)
 160 G   0.00000 0.00000 0.73167 0.26833 ( 3)
 161 C   0.00000 0.00000 0.72690 0.27310 ( 3)
 162 D   0.00000 0.00000 0.76718 0.23282 ( 3)
 163 F   0.00000 0.00000 0.75541 0.24459 ( 3)
 164 T   0.00000 0.00000 0.39348 0.60652 ( 4)
 165 G   0.00000 0.00000 0.01305 0.98695 ( 4)
 166 D   0.00000 0.00000 0.99935 0.00065 ( 3)
 167 Y   0.00000 0.00000 0.93801 0.06199 ( 3)
 168 Y   0.00000 0.00000 0.01828 0.98172 ( 4)
 169 E   0.00000 0.00000 0.42298 0.57702 ( 4)
 170 R   0.00000 0.00000 0.37672 0.62328 ( 4)
 171 L   0.00000 0.00000 0.88245 0.11755 ( 3)
 172 K   0.00000 0.00000 0.99762 0.00238 ( 3)
 173 C   0.00000 0.00000 0.04455 0.95545 ( 4)
 174 K   0.00000 0.00000 0.32366 0.67634 ( 4)
 175 I   0.00000 0.00000 0.06736 0.93264 ( 4)
 176 A   0.00000 0.00000 0.82120 0.17880 ( 3)
 177 E   0.00000 0.00000 0.03193 0.96807 ( 4)
 178 Y   0.00000 0.00000 0.97357 0.02643 ( 3)
 179 T   0.00000 0.00000 0.03423 0.96577 ( 4)
 180 D   0.00000 0.00000 0.67831 0.32169 ( 3)
 181 Y   0.00000 0.00000 0.82077 0.17923 ( 3)
 182 C   0.00000 0.00000 0.99505 0.00495 ( 3)
 183 E   0.00000 0.00000 0.00059 0.99941 ( 4)
 184 Y   0.00000 0.00000 0.00000 1.00000 ( 4)
 185 W   0.00000 0.00000 0.92268 0.07732 ( 3)
 186 Y   0.00000 0.00000 0.99613 0.00387 ( 3)
 187 Q   0.00000 0.00000 0.24874 0.75126 ( 4)
 188 A   0.00000 0.00000 0.00528 0.99472 ( 4)
 189 G   0.00000 0.00000 0.99611 0.00389 ( 3)
 190 L   0.00000 0.00000 0.98695 0.01305 ( 3)
 191 N   0.00000 0.00000 0.94762 0.05238 ( 3)
 192 Q   0.00000 0.00000 0.94691 0.05309 ( 3)
 193 I   0.00000 0.00000 0.99851 0.00149 ( 3)
 194 K   0.00000 0.00000 0.89441 0.10559 ( 3)
 195 Q   0.00000 0.00000 0.05366 0.94634 ( 4)
 196 A   0.00000 0.00000 0.00010 0.99990 ( 4)
 197 G   0.00000 0.00000 0.98057 0.01943 ( 3)
 198 T   0.00000 0.00000 0.81696 0.18304 ( 3)
 199 G   0.00000 0.00000 0.40798 0.59202 ( 4)
 200 A   0.00000 0.00000 0.57714 0.42286 ( 3)
 201 D   0.00000 0.00000 0.02791 0.97209 ( 4)
 202 T   0.00000 0.00000 0.00953 0.99047 ( 4)
 203 W   0.00000 0.00000 0.92268 0.07732 ( 3)
 204 A   0.00000 0.00000 0.00081 0.99919 ( 4)
 205 K   0.00000 0.00000 0.99762 0.00238 ( 3)
 206 F   0.00000 0.00000 0.99882 0.00118 ( 3)
 207 N   0.00000 0.00000 0.99932 0.00068 ( 3)
 208 K   0.00000 0.00000 0.99762 0.00238 ( 3)
 209 F   0.00000 0.00000 0.99839 0.00161 ( 3)
 210 R   0.00000 0.00000 0.98318 0.01682 ( 3)
 211 R   0.00000 0.00000 0.99341 0.00659 ( 3)
 212 E   0.00000 0.00000 0.99774 0.00226 ( 3)
 213 M   0.00000 0.00000 0.99746 0.00254 ( 3)
 214 T   0.00000 0.00000 0.95857 0.04143 ( 3)
 215 L   0.00000 0.00000 0.96277 0.03723 ( 3)
 216 T   0.00000 0.00000 0.26626 0.73374 ( 4)
 217 V   0.00000 0.00000 0.99703 0.00297 ( 3)
 218 L   0.00000 0.00000 0.96178 0.03822 ( 3)
 219 D   0.00000 0.00000 0.99935 0.00065 ( 3)
 220 I   0.00000 0.00000 0.99328 0.00672 ( 3)
 221 I   0.00000 0.00000 0.94924 0.05076 ( 3)
 222 A   0.00000 0.00000 0.97250 0.02750 ( 3)
 223 I   0.00000 0.00000 0.98184 0.01816 ( 3)
 224 F   0.00000 0.00000 0.99882 0.00118 ( 3)
 225 Q   0.00000 0.00000 0.92582 0.07418 ( 3)
 226 T   0.00000 0.00000 0.97332 0.02668 ( 3)


lnL = -3242.259048

