Supplemental results for CODEML (seqf: algn  treef: tree)


dN/dS (w) for site classes (K=4)

site class             0        1       2a       2b
proportion       0.34836  0.41824  0.10606  0.12734
background w     0.07346  0.38438  0.07346  0.38438
foreground w     0.07346  0.38438 45.03635 45.03635

Naive Empirical Bayes (NEB) probabilities for 4 classes
(amino acids refer to 1st sequence: BT_Cry21Aa1)

   1 -   0.30707 0.48888 0.09237 0.11169 ( 2)
   2 -   0.04475 0.52616 0.19369 0.23540 ( 2)
   3 -   0.07186 0.53865 0.17600 0.21348 ( 2)
   4 -   0.85076 0.08500 0.04945 0.01479 ( 1)
   5 -   0.55277 0.39668 0.01864 0.03191 ( 1)
   6 -   0.90621 0.05446 0.02964 0.00969 ( 1)
   7 -   0.26240 0.51437 0.08899 0.13423 ( 2)
   8 N   0.78360 0.07462 0.12658 0.01520 ( 1)
   9 M   0.10565 0.16952 0.60561 0.11922 ( 3)
  10 F   0.97587 0.00939 0.01396 0.00078 ( 1)
  11 V   0.25572 0.41626 0.23274 0.09529 ( 2)
  12 D   0.86270 0.11413 0.01783 0.00534 ( 1)
  13 F   0.97089 0.01060 0.01769 0.00082 ( 1)
  14 I   0.93982 0.01357 0.04420 0.00240 ( 1)
  15 F   0.00293 0.00444 0.98485 0.00778 ( 3)
  16 P   0.84603 0.13371 0.01751 0.00276 ( 1)
  17 K   0.56936 0.29384 0.08252 0.05428 ( 1)
  18 L   0.33600 0.01970 0.63841 0.00588 ( 3)
  19 F   0.97485 0.00354 0.02130 0.00031 ( 1)
  20 G   0.51306 0.47224 0.00426 0.01044 ( 1)
  21 R   0.00175 0.76486 0.00053 0.23286 ( 2)
  22 G   0.20748 0.55913 0.06317 0.17023 ( 2)
  23 S   0.61193 0.15467 0.18630 0.04709 ( 1)
  24 -   0.34934 0.41726 0.10636 0.12704 ( 2)
  25 Q   0.00049 0.54063 0.04068 0.41820 ( 2)
  26 Q   0.03420 0.74379 0.01860 0.20341 ( 2)
  27 N   0.30054 0.38961 0.19868 0.11117 ( 2)
  28 A   0.00008 0.68290 0.00044 0.31658 ( 2)
  29 Q   0.12794 0.40161 0.23128 0.23917 ( 2)
  30 A   0.03694 0.75929 0.01373 0.19004 ( 2)
  31 Q   0.21507 0.60685 0.02641 0.15168 ( 2)
  32 F   0.95034 0.00858 0.03949 0.00159 ( 1)
  33 F   0.94851 0.04075 0.00994 0.00080 ( 1)
  34 E   0.80836 0.15763 0.01962 0.01438 ( 1)
  35 L   0.02342 0.56725 0.12852 0.28081 ( 2)
  36 I   0.95135 0.00366 0.04455 0.00044 ( 1)
  37 I   0.45869 0.42986 0.03444 0.07700 ( 1)
  38 E   0.64815 0.20047 0.10640 0.04498 ( 1)
  39 K   0.73791 0.09160 0.15637 0.01411 ( 1)
  40 V   0.86294 0.00707 0.12849 0.00151 ( 1)
  41 K   0.93123 0.02593 0.04059 0.00224 ( 1)
  42 E   0.09455 0.54311 0.11361 0.24873 ( 2)
  43 L   0.81868 0.13434 0.03735 0.00963 ( 1)
  44 V   0.82578 0.06115 0.09929 0.01378 ( 1)
  45 D   0.23559 0.02891 0.72813 0.00737 ( 3)
  46 E   0.14096 0.79029 0.02083 0.04792 ( 2)
  47 D   0.01076 0.68465 0.00860 0.29598 ( 2)
  48 F   0.96899 0.01084 0.01963 0.00053 ( 1)
  49 R   0.00826 0.79924 0.00267 0.18982 ( 2)
  50 N   0.00817 0.83779 0.00351 0.15054 ( 2)
  51 F   0.39845 0.49274 0.01809 0.09072 ( 2)
  52 T   0.35957 0.47025 0.08671 0.08347 ( 2)
  53 L   0.03807 0.72608 0.04474 0.19111 ( 2)
  54 N   0.87816 0.07063 0.03946 0.01175 ( 1)
  55 N   0.00061 0.71343 0.00061 0.28535 ( 2)
  56 L   0.96432 0.01698 0.01797 0.00073 ( 1)
  57 L   0.23675 0.53714 0.03424 0.19187 ( 2)
  58 N   0.00825 0.75711 0.01100 0.22364 ( 2)
  59 Y   0.02390 0.80836 0.00276 0.16497 ( 2)
  60 L   0.00197 0.59705 0.01802 0.38296 ( 2)
  61 D   0.59634 0.32306 0.03195 0.04865 ( 1)
  62 G   0.98941 0.00429 0.00623 0.00008 ( 1)
  63 M   0.48362 0.30898 0.15417 0.05324 ( 1)
  64 Q   0.00004 0.44495 0.01824 0.53677 ( 4)
  65 T   0.08477 0.74797 0.00451 0.16275 ( 2)
  66 A   0.00049 0.77941 0.00018 0.21992 ( 2)
  67 L   0.00888 0.79500 0.01814 0.17799 ( 2)
  68 S   0.08867 0.80958 0.00252 0.09922 ( 2)
  69 H   0.02942 0.65449 0.05580 0.26030 ( 2)
  70 F   0.88552 0.04508 0.06290 0.00650 ( 1)
  71 Q   0.02340 0.65280 0.08896 0.23484 ( 2)
  72 N   0.00095 0.84076 0.00036 0.15793 ( 2)
  73 D   0.00044 0.74760 0.00138 0.25057 ( 2)
  74 V   0.80052 0.05232 0.13989 0.00728 ( 1)
  75 Q   0.08294 0.60979 0.08208 0.22520 ( 2)
  76 I   0.03824 0.77476 0.00692 0.18008 ( 2)
  77 A   0.00194 0.06841 0.56029 0.36936 ( 3)
  78 I   0.59095 0.26314 0.07811 0.06780 ( 1)
  79 C   0.34807 0.41853 0.10597 0.12742 ( 2)
  80 Q   0.11381 0.65279 0.03465 0.19874 ( 2)
  81 G   0.73084 0.03577 0.22250 0.01089 ( 1)
  82 E   0.63780 0.12881 0.19418 0.03922 ( 1)
  83 Q   0.35418 0.41243 0.10783 0.12556 ( 2)
  84 P   0.38848 0.37813 0.11827 0.11512 ( 1)
  85 G   0.38576 0.38084 0.11745 0.11595 ( 1)
  86 L   0.40467 0.36194 0.12320 0.11019 ( 1)
  87 M   0.13474 0.63187 0.04102 0.19237 ( 2)
  88 L   0.65411 0.11250 0.19915 0.03425 ( 1)
  89 D   0.64579 0.12082 0.19661 0.03678 ( 1)
  90 Q   0.00986 0.75675 0.00300 0.23039 ( 2)
  91 T   0.35089 0.41571 0.10683 0.12656 ( 2)
  92 P   0.06709 0.69951 0.02043 0.21297 ( 2)
  93 T   0.06161 0.70500 0.01876 0.21464 ( 2)
  94 A   0.54992 0.21669 0.16742 0.06597 ( 1)
  95 C   0.00054 0.56018 0.00289 0.43639 ( 2)
  96 T   0.14342 0.23061 0.53715 0.08882 ( 3)
  97 P   0.96636 0.01783 0.01513 0.00068 ( 1)
  98 T   0.84657 0.08514 0.05464 0.01365 ( 1)
  99 T   0.00089 0.80311 0.00008 0.19592 ( 2)
 100 D   0.00019 0.81675 0.00118 0.18188 ( 2)
 101 H   0.01305 0.86891 0.00044 0.11759 ( 2)
 102 L   0.63801 0.14352 0.17541 0.04306 ( 1)
 103 I   0.00002 0.50969 0.00234 0.48796 ( 2)
 104 S   0.00983 0.78738 0.00186 0.20094 ( 2)
 105 V   0.62030 0.11032 0.25296 0.01643 ( 1)
 106 R   0.00068 0.80623 0.00064 0.19245 ( 2)
 107 E   0.00429 0.67715 0.00786 0.31070 ( 2)
 108 S   0.00304 0.78209 0.00071 0.21417 ( 2)
 109 F   0.90269 0.07212 0.01809 0.00710 ( 1)
 110 K   0.16040 0.67245 0.02304 0.14412 ( 2)
 111 D   0.00012 0.59308 0.00108 0.40573 ( 2)
 112 A   0.01962 0.76538 0.01021 0.20480 ( 2)
 113 R   0.07922 0.84651 0.01286 0.06141 ( 2)
 114 T   0.57150 0.31322 0.04651 0.06877 ( 1)
 115 T   0.03677 0.74491 0.00979 0.20853 ( 2)
 116 I   0.66495 0.24022 0.04589 0.04894 ( 1)
 117 E   0.05264 0.85461 0.00366 0.08910 ( 2)
 118 T   0.01419 0.65078 0.07727 0.25776 ( 2)
 119 A   0.00707 0.66404 0.00270 0.32619 ( 2)
 120 L   0.33006 0.50709 0.07318 0.08968 ( 2)
 121 P   0.88602 0.09873 0.00959 0.00565 ( 1)
 122 H   0.51371 0.43460 0.01823 0.03346 ( 1)
 123 F   0.98668 0.00012 0.01319 0.00001 ( 1)
 124 K   0.03262 0.61586 0.06248 0.28904 ( 2)
 125 N   0.05157 0.75767 0.00634 0.18442 ( 2)
 126 P   0.16577 0.76565 0.00305 0.06553 ( 2)
 127 M   0.14574 0.67395 0.00961 0.17070 ( 2)
 128 L   0.34836 0.41824 0.10606 0.12734 ( 2)
 129 S   0.34836 0.41824 0.10606 0.12734 ( 2)
 130 T   0.40211 0.36449 0.12242 0.11097 ( 1)
 131 N   0.43240 0.33421 0.13164 0.10175 ( 1)
 132 D   0.14695 0.61965 0.04474 0.18865 ( 2)
 133 N   0.13251 0.63409 0.04034 0.19305 ( 2)
 134 T   0.38734 0.37927 0.11793 0.11547 ( 1)
 135 P   0.54805 0.21855 0.16686 0.06654 ( 1)
 136 D   0.06718 0.69943 0.02045 0.21294 ( 2)
 137 F   0.65984 0.10676 0.20089 0.03250 ( 1)
 138 N   0.43240 0.33421 0.13164 0.10175 ( 1)
 139 S   0.15496 0.61164 0.04718 0.18622 ( 2)
 140 D   0.72751 0.03909 0.22149 0.01190 ( 1)
 141 T   0.09105 0.73364 0.01427 0.16104 ( 2)
 142 V   0.27460 0.58495 0.04232 0.09813 ( 2)
 143 L   0.17642 0.63760 0.06917 0.11681 ( 2)
 144 L   0.45964 0.40489 0.04939 0.08608 ( 1)
 145 T   0.00776 0.58442 0.03930 0.36852 ( 2)
 146 L   0.34294 0.44318 0.13103 0.08285 ( 2)
 147 P   0.98609 0.00069 0.01320 0.00002 ( 1)
 148 M   0.02599 0.82331 0.00303 0.14767 ( 2)
 149 Y   0.00121 0.00077 0.99665 0.00137 ( 3)
 150 T   0.00667 0.74778 0.00664 0.23891 ( 2)
 151 T   0.00118 0.58039 0.08194 0.33650 ( 2)
 152 G   0.03173 0.47502 0.11570 0.37756 ( 2)
 153 A   0.22711 0.30223 0.38324 0.08742 ( 3)
 154 T   0.94635 0.00587 0.04695 0.00083 ( 1)
 155 L   0.95769 0.01583 0.02574 0.00075 ( 1)
 156 N   0.07451 0.68585 0.07475 0.16489 ( 2)
 157 L   0.93202 0.00319 0.06449 0.00030 ( 1)
 158 I   0.11997 0.55171 0.19966 0.12866 ( 2)
 159 L   0.05278 0.79000 0.01719 0.14004 ( 2)
 160 H   0.33702 0.21232 0.33784 0.11282 ( 3)
 161 Q   0.85850 0.13444 0.00412 0.00294 ( 1)
 162 G   0.78619 0.15979 0.02513 0.02889 ( 1)
 163 Y   0.09769 0.09653 0.73749 0.06829 ( 3)
 164 I   0.96354 0.00133 0.03493 0.00020 ( 1)
 165 Q   0.04492 0.91140 0.00095 0.04273 ( 2)
 166 F   0.00629 0.55857 0.13047 0.30468 ( 2)
 167 A   0.30708 0.68204 0.00375 0.00713 ( 2)
 168 E   0.46162 0.47893 0.01186 0.04760 ( 2)
 169 R   0.91404 0.02781 0.05482 0.00333 ( 1)
 170 W   0.85779 0.13449 0.00664 0.00107 ( 1)
 171 K   0.02102 0.59052 0.12553 0.26293 ( 2)
 172 S   0.19388 0.68415 0.03287 0.08910 ( 2)
 173 V   0.01525 0.49497 0.24480 0.24498 ( 2)
 174 -   0.34836 0.41824 0.10606 0.12734 ( 2)
 175 -   0.34836 0.41824 0.10606 0.12734 ( 2)
 176 -   0.29158 0.47502 0.08877 0.14462 ( 2)
 177 -   0.10022 0.66638 0.03051 0.20288 ( 2)
 178 -   0.08303 0.68357 0.02528 0.20811 ( 2)
 179 -   0.02951 0.73710 0.00898 0.22441 ( 2)
 180 -   0.13485 0.63176 0.04106 0.19234 ( 2)
 181 -   0.16972 0.59688 0.05167 0.18172 ( 2)
 182 -   0.03239 0.73421 0.00986 0.22353 ( 2)
 183 N   0.21114 0.55547 0.06428 0.16911 ( 2)
 184 Y   0.00278 0.76383 0.00085 0.23255 ( 2)
 185 D   0.03524 0.73136 0.01073 0.22267 ( 2)
 186 E   0.02993 0.72778 0.02157 0.22072 ( 2)
 187 S   0.00009 0.46837 0.02235 0.50918 ( 4)
 188 F   0.07140 0.65678 0.06656 0.20526 ( 2)
 189 I   0.01487 0.30241 0.47685 0.20588 ( 3)
 190 N   0.46072 0.19914 0.30118 0.03896 ( 1)
 191 Q   0.00087 0.71221 0.00223 0.28470 ( 2)
 192 T   0.00817 0.44056 0.19903 0.35223 ( 2)
 193 K   0.00800 0.02954 0.94070 0.02176 ( 3)
 194 V   0.00413 0.79548 0.00197 0.19842 ( 2)
 195 D   0.93314 0.04049 0.02095 0.00541 ( 1)
 196 L   0.82682 0.11881 0.04501 0.00936 ( 1)
 197 Q   0.19134 0.60162 0.07181 0.13523 ( 2)
 198 R   0.15238 0.68906 0.01833 0.14023 ( 2)
 199 R   0.01279 0.81103 0.00084 0.17535 ( 2)
 200 I   0.95294 0.00952 0.03593 0.00161 ( 1)
 201 Q   0.04770 0.67031 0.06913 0.21286 ( 2)
 202 D   0.02420 0.84440 0.00133 0.13007 ( 2)
 203 Y   0.00119 0.11734 0.72681 0.15467 ( 3)
 204 S   0.75757 0.02647 0.21060 0.00537 ( 1)
 205 T   0.81252 0.07067 0.10264 0.01416 ( 1)
 206 T   0.00116 0.41229 0.14875 0.43781 ( 4)
 207 V   0.96217 0.00358 0.03383 0.00042 ( 1)
 208 S   0.18583 0.67090 0.01471 0.12856 ( 2)
 209 T   0.02295 0.74808 0.03439 0.19458 ( 2)
 210 T   0.10386 0.69208 0.04589 0.15817 ( 2)
 211 F   0.98581 0.00095 0.01317 0.00007 ( 1)
 212 E   0.44057 0.48007 0.03935 0.04001 ( 2)
 213 K   0.37291 0.55140 0.01028 0.06541 ( 2)
 214 -   0.87139 0.10907 0.01420 0.00533 ( 1)
 215 -   0.80690 0.13340 0.03648 0.02321 ( 1)
 216 -   0.34836 0.41824 0.10606 0.12734 ( 2)
 217 -   0.34836 0.41824 0.10606 0.12734 ( 2)
 218 -   0.34836 0.41824 0.10606 0.12734 ( 2)
 219 F   0.01989 0.87657 0.00088 0.10267 ( 2)
 220 K   0.00092 0.79320 0.00101 0.20487 ( 2)
 221 P   0.23047 0.09349 0.63317 0.04288 ( 3)
 222 T   0.44824 0.44914 0.03775 0.06487 ( 2)
 223 L   0.00182 0.71666 0.00375 0.27776 ( 2)
 224 N   0.00102 0.69107 0.00630 0.30162 ( 2)
 225 P   0.03606 0.63122 0.11061 0.22211 ( 2)
 226 S   0.16893 0.69378 0.00620 0.13108 ( 2)
 227 N   0.32283 0.50373 0.03286 0.14058 ( 2)
 228 K   0.02819 0.45055 0.30311 0.21816 ( 2)
 229 E   0.00050 0.76470 0.00031 0.23450 ( 2)
 230 S   0.00093 0.70298 0.01514 0.28094 ( 2)
 231 V   0.02056 0.12442 0.64242 0.21260 ( 3)
 232 N   0.54569 0.36125 0.02712 0.06594 ( 1)
 233 K   0.11372 0.52359 0.20070 0.16199 ( 2)
 234 Y   0.44306 0.04966 0.49459 0.01268 ( 3)
 235 N   0.16325 0.57789 0.11965 0.13921 ( 2)
 236 R   0.01701 0.84756 0.00377 0.13166 ( 2)
 237 Y   0.98369 0.00039 0.01590 0.00002 ( 1)
 238 V   0.64230 0.26962 0.03394 0.05413 ( 1)
 239 R   0.00884 0.06875 0.71519 0.20721 ( 3)
 240 S   0.00937 0.69774 0.01466 0.27823 ( 2)
 241 M   0.00020 0.00005 0.99957 0.00017 ( 3)
 242 T   0.97064 0.00087 0.02839 0.00010 ( 1)
 243 L   0.40654 0.36965 0.10016 0.12365 ( 1)
 244 Q   0.00026 0.60701 0.00783 0.38490 ( 2)
 245 S   0.49807 0.00934 0.49127 0.00133 ( 1)
 246 L   0.98117 0.00273 0.01600 0.00010 ( 1)
 247 D   0.98037 0.00035 0.01924 0.00003 ( 1)
 248 I   0.63086 0.09094 0.25749 0.02071 ( 1)
 249 A   0.81755 0.02345 0.15548 0.00352 ( 1)
 250 A   0.94993 0.02377 0.02475 0.00154 ( 1)
 251 T   0.66656 0.28849 0.02372 0.02122 ( 1)
 252 W   0.61112 0.38050 0.00514 0.00325 ( 1)
 253 P   0.98934 0.00161 0.00901 0.00004 ( 1)
 254 T   0.96891 0.00301 0.02769 0.00038 ( 1)


lnL = -4664.777082

