Supplemental results for CODEML (seqf: algn  treef: tree)


dN/dS (w) for site classes (K=4)

site class             0        1       2a       2b
proportion       0.68971  0.31029  0.00000  0.00000
background w     0.06697  1.00000  0.06697  1.00000
foreground w     0.06697  1.00000  1.00000  1.00000

Naive Empirical Bayes (NEB) probabilities for 4 classes
(amino acids refer to 1st sequence: BT_Cry1Ca11)

   1 N   0.92084 0.07916 0.00000 0.00000 ( 1)
   2 F   0.98175 0.01825 0.00000 0.00000 ( 1)
   3 V   0.97569 0.02431 0.00000 0.00000 ( 1)
   4 P   0.96657 0.03343 0.00000 0.00000 ( 1)
   5 G   0.89642 0.10358 0.00000 0.00000 ( 1)
   6 G   0.96476 0.03524 0.00000 0.00000 ( 1)
   7 G   0.93093 0.06907 0.00000 0.00000 ( 1)
   8 F   0.98175 0.01825 0.00000 0.00000 ( 1)
   9 L   0.56414 0.43586 0.00000 0.00000 ( 1)
  10 V   0.08641 0.91359 0.00000 0.00000 ( 2)
  11 G   0.97781 0.02219 0.00000 0.00000 ( 1)
  12 L   0.94844 0.05156 0.00000 0.00000 ( 1)
  13 I   0.00007 0.99993 0.00000 0.00000 ( 2)
  14 D   0.98611 0.01389 0.00000 0.00000 ( 1)
  15 F   0.04301 0.95699 0.00000 0.00000 ( 2)
  16 V   0.82628 0.17372 0.00000 0.00000 ( 1)
  17 W   0.85689 0.14311 0.00000 0.00000 ( 1)
  18 G   0.94318 0.05682 0.00000 0.00000 ( 1)
  19 I   0.23670 0.76330 0.00000 0.00000 ( 2)
  20 V   0.42015 0.57985 0.00000 0.00000 ( 2)
  21 G   0.57029 0.42971 0.00000 0.00000 ( 1)
  22 P   0.96271 0.03729 0.00000 0.00000 ( 1)
  23 S   0.96826 0.03174 0.00000 0.00000 ( 1)
  24 Q   0.00042 0.99958 0.00000 0.00000 ( 2)
  25 W   0.85689 0.14311 0.00000 0.00000 ( 1)
  26 D   0.70793 0.29207 0.00000 0.00000 ( 1)
  27 A   0.11007 0.88993 0.00000 0.00000 ( 2)
  28 F   0.98175 0.01825 0.00000 0.00000 ( 1)
  29 L   0.95849 0.04151 0.00000 0.00000 ( 1)
  30 V   0.16533 0.83467 0.00000 0.00000 ( 2)
  31 Q   0.91729 0.08271 0.00000 0.00000 ( 1)
  32 I   0.97949 0.02051 0.00000 0.00000 ( 1)
  33 E   0.98242 0.01758 0.00000 0.00000 ( 1)
  34 Q   0.27401 0.72599 0.00000 0.00000 ( 2)
  35 L   0.91514 0.08486 0.00000 0.00000 ( 1)
  36 I   0.97949 0.02051 0.00000 0.00000 ( 1)
  37 N   0.86924 0.13076 0.00000 0.00000 ( 1)
  38 E   0.09479 0.90521 0.00000 0.00000 ( 2)
  39 R   0.98078 0.01922 0.00000 0.00000 ( 1)
  40 I   0.98382 0.01618 0.00000 0.00000 ( 1)
  41 A   0.55609 0.44391 0.00000 0.00000 ( 1)
  42 E   0.00931 0.99069 0.00000 0.00000 ( 2)
  43 F   0.00588 0.99412 0.00000 0.00000 ( 2)
  44 A   0.78678 0.21322 0.00000 0.00000 ( 1)
  45 R   0.96500 0.03500 0.00000 0.00000 ( 1)
  46 N   0.00747 0.99253 0.00000 0.00000 ( 2)
  47 A   0.15833 0.84167 0.00000 0.00000 ( 2)
  48 A   0.98115 0.01885 0.00000 0.00000 ( 1)
  49 I   0.93991 0.06009 0.00000 0.00000 ( 1)
  50 A   0.04012 0.95988 0.00000 0.00000 ( 2)
  51 N   0.30306 0.69694 0.00000 0.00000 ( 2)
  52 L   0.94844 0.05156 0.00000 0.00000 ( 1)
  53 E   0.98242 0.01758 0.00000 0.00000 ( 1)
  54 G   0.97753 0.02247 0.00000 0.00000 ( 1)
  55 L   0.94844 0.05156 0.00000 0.00000 ( 1)
  56 G   0.94318 0.05682 0.00000 0.00000 ( 1)
  57 N   0.14531 0.85469 0.00000 0.00000 ( 2)
  58 N   0.78528 0.21472 0.00000 0.00000 ( 1)
  59 F   0.07341 0.92659 0.00000 0.00000 ( 2)
  60 N   0.11842 0.88158 0.00000 0.00000 ( 2)
  61 I   0.66770 0.33230 0.00000 0.00000 ( 1)
  62 Y   0.94881 0.05119 0.00000 0.00000 ( 1)
  63 V   0.03089 0.96911 0.00000 0.00000 ( 2)
  64 E   0.97212 0.02788 0.00000 0.00000 ( 1)
  65 A   0.98191 0.01809 0.00000 0.00000 ( 1)
  66 F   0.98175 0.01825 0.00000 0.00000 ( 1)
  67 K   0.98269 0.01731 0.00000 0.00000 ( 1)
  68 E   0.97841 0.02159 0.00000 0.00000 ( 1)
  69 W   0.85689 0.14311 0.00000 0.00000 ( 1)
  70 E   0.98242 0.01758 0.00000 0.00000 ( 1)
  71 E   0.00017 0.99983 0.00000 0.00000 ( 2)
  72 D   0.14357 0.85643 0.00000 0.00000 ( 2)
  73 P   0.96382 0.03618 0.00000 0.00000 ( 1)
  74 N   0.74961 0.25039 0.00000 0.00000 ( 1)
  75 N   0.95953 0.04047 0.00000 0.00000 ( 1)
  76 P   0.00322 0.99678 0.00000 0.00000 ( 2)
  77 A   0.05316 0.94684 0.00000 0.00000 ( 2)
  78 T   0.62486 0.37514 0.00000 0.00000 ( 1)
  79 R   0.32045 0.67955 0.00000 0.00000 ( 2)
  80 T   0.04593 0.95407 0.00000 0.00000 ( 2)
  81 R   0.98078 0.01922 0.00000 0.00000 ( 1)
  82 V   0.97552 0.02448 0.00000 0.00000 ( 1)
  83 I   0.08473 0.91527 0.00000 0.00000 ( 2)
  84 D   0.73055 0.26945 0.00000 0.00000 ( 1)
  85 R   0.81056 0.18944 0.00000 0.00000 ( 1)
  86 F   0.98175 0.01825 0.00000 0.00000 ( 1)
  87 R   0.95953 0.04047 0.00000 0.00000 ( 1)
  88 I   0.98382 0.01618 0.00000 0.00000 ( 1)
  89 L   0.68692 0.31308 0.00000 0.00000 ( 1)
  90 D   0.98677 0.01323 0.00000 0.00000 ( 1)
  91 G   0.56875 0.43125 0.00000 0.00000 ( 1)
  92 L   0.48476 0.51524 0.00000 0.00000 ( 2)
  93 L   0.67463 0.32537 0.00000 0.00000 ( 1)
  94 E   0.98242 0.01758 0.00000 0.00000 ( 1)
  95 R   0.08314 0.91686 0.00000 0.00000 ( 2)
  96 D   0.76701 0.23299 0.00000 0.00000 ( 1)
  97 I   0.89375 0.10625 0.00000 0.00000 ( 1)
  98 P   0.96312 0.03688 0.00000 0.00000 ( 1)
  99 S   0.90500 0.09500 0.00000 0.00000 ( 1)
 100 F   0.98175 0.01825 0.00000 0.00000 ( 1)
 101 R   0.87043 0.12957 0.00000 0.00000 ( 1)
 102 I   0.71417 0.28583 0.00000 0.00000 ( 1)
 103 S   0.00005 0.99995 0.00000 0.00000 ( 2)
 104 G   0.97781 0.02219 0.00000 0.00000 ( 1)
 105 F   0.98175 0.01825 0.00000 0.00000 ( 1)
 106 E   0.98242 0.01758 0.00000 0.00000 ( 1)
 107 V   0.94533 0.05467 0.00000 0.00000 ( 1)
 108 P   0.92881 0.07119 0.00000 0.00000 ( 1)
 109 L   0.97287 0.02713 0.00000 0.00000 ( 1)
 110 L   0.94376 0.05624 0.00000 0.00000 ( 1)
 111 S   0.27491 0.72509 0.00000 0.00000 ( 2)
 112 V   0.97358 0.02642 0.00000 0.00000 ( 1)
 113 Y   0.96969 0.03031 0.00000 0.00000 ( 1)
 114 A   0.05064 0.94936 0.00000 0.00000 ( 2)
 115 Q   0.95877 0.04123 0.00000 0.00000 ( 1)
 116 A   0.96676 0.03324 0.00000 0.00000 ( 1)
 117 A   0.95726 0.04274 0.00000 0.00000 ( 1)
 118 N   0.98690 0.01310 0.00000 0.00000 ( 1)
 119 L   0.88798 0.11202 0.00000 0.00000 ( 1)
 120 H   0.97965 0.02035 0.00000 0.00000 ( 1)
 121 L   0.88526 0.11474 0.00000 0.00000 ( 1)
 122 A   0.97990 0.02010 0.00000 0.00000 ( 1)
 123 I   0.61209 0.38791 0.00000 0.00000 ( 1)
 124 L   0.93368 0.06632 0.00000 0.00000 ( 1)
 125 R   0.98078 0.01922 0.00000 0.00000 ( 1)
 126 D   0.98677 0.01323 0.00000 0.00000 ( 1)
 127 S   0.96826 0.03174 0.00000 0.00000 ( 1)
 128 V   0.05587 0.94413 0.00000 0.00000 ( 2)
 129 I   0.75707 0.24293 0.00000 0.00000 ( 1)
 130 F   0.97984 0.02016 0.00000 0.00000 ( 1)
 131 G   0.97781 0.02219 0.00000 0.00000 ( 1)
 132 E   0.51804 0.48196 0.00000 0.00000 ( 1)
 133 R   0.98078 0.01922 0.00000 0.00000 ( 1)
 134 W   0.85689 0.14311 0.00000 0.00000 ( 1)
 135 G   0.97781 0.02219 0.00000 0.00000 ( 1)
 136 L   0.89026 0.10974 0.00000 0.00000 ( 1)
 137 T   0.53715 0.46285 0.00000 0.00000 ( 1)
 138 T   0.97318 0.02682 0.00000 0.00000 ( 1)
 139 I   0.16612 0.83388 0.00000 0.00000 ( 2)
 140 N   0.98690 0.01310 0.00000 0.00000 ( 1)
 141 V   0.85314 0.14686 0.00000 0.00000 ( 1)
 142 N   0.98690 0.01310 0.00000 0.00000 ( 1)
 143 E   0.84000 0.16000 0.00000 0.00000 ( 1)
 144 N   0.33835 0.66165 0.00000 0.00000 ( 2)
 145 Y   0.96969 0.03031 0.00000 0.00000 ( 1)
 146 N   0.98690 0.01310 0.00000 0.00000 ( 1)
 147 R   0.97495 0.02505 0.00000 0.00000 ( 1)
 148 L   0.50622 0.49378 0.00000 0.00000 ( 1)
 149 I   0.71986 0.28014 0.00000 0.00000 ( 1)
 150 R   0.06456 0.93544 0.00000 0.00000 ( 2)
 151 H   0.00079 0.99921 0.00000 0.00000 ( 2)
 152 I   0.97949 0.02051 0.00000 0.00000 ( 1)
 153 D   0.01114 0.98886 0.00000 0.00000 ( 2)
 154 E   0.98242 0.01758 0.00000 0.00000 ( 1)
 155 Y   0.96969 0.03031 0.00000 0.00000 ( 1)
 156 A   0.05092 0.94908 0.00000 0.00000 ( 2)
 157 D   0.00087 0.99913 0.00000 0.00000 ( 2)
 158 H   0.95474 0.04526 0.00000 0.00000 ( 1)
 159 C   0.94835 0.05165 0.00000 0.00000 ( 1)
 160 A   0.79514 0.20486 0.00000 0.00000 ( 1)
 161 N   0.74961 0.25039 0.00000 0.00000 ( 1)
 162 T   0.89463 0.10537 0.00000 0.00000 ( 1)
 163 Y   0.96969 0.03031 0.00000 0.00000 ( 1)
 164 N   0.69652 0.30348 0.00000 0.00000 ( 1)
 165 R   0.31331 0.68669 0.00000 0.00000 ( 2)
 166 G   0.80813 0.19187 0.00000 0.00000 ( 1)
 167 L   0.94258 0.05742 0.00000 0.00000 ( 1)
 168 N   0.30306 0.69694 0.00000 0.00000 ( 2)
 169 N   0.10738 0.89262 0.00000 0.00000 ( 2)
 170 L   0.93989 0.06011 0.00000 0.00000 ( 1)
 171 P   0.00180 0.99820 0.00000 0.00000 ( 2)
 172 K   0.04064 0.95936 0.00000 0.00000 ( 2)
 173 S   0.00139 0.99861 0.00000 0.00000 ( 2)
 174 T   0.50699 0.49301 0.00000 0.00000 ( 1)
 175 Y   0.00407 0.99593 0.00000 0.00000 ( 2)
 176 Q   0.04161 0.95839 0.00000 0.00000 ( 2)
 177 D   0.07603 0.92397 0.00000 0.00000 ( 2)
 178 W   0.85689 0.14311 0.00000 0.00000 ( 1)
 179 I   0.12695 0.87305 0.00000 0.00000 ( 2)
 180 T   0.82633 0.17367 0.00000 0.00000 ( 1)
 181 Y   0.96969 0.03031 0.00000 0.00000 ( 1)
 182 N   0.98690 0.01310 0.00000 0.00000 ( 1)
 183 R   0.37364 0.62636 0.00000 0.00000 ( 2)
 184 L   0.71920 0.28080 0.00000 0.00000 ( 1)
 185 R   0.93703 0.06297 0.00000 0.00000 ( 1)
 186 R   0.97742 0.02258 0.00000 0.00000 ( 1)
 187 D   0.74020 0.25980 0.00000 0.00000 ( 1)
 188 L   0.93753 0.06247 0.00000 0.00000 ( 1)
 189 T   0.98147 0.01853 0.00000 0.00000 ( 1)
 190 L   0.93231 0.06769 0.00000 0.00000 ( 1)
 191 T   0.96821 0.03179 0.00000 0.00000 ( 1)
 192 V   0.97552 0.02448 0.00000 0.00000 ( 1)
 193 L   0.94844 0.05156 0.00000 0.00000 ( 1)
 194 D   0.98677 0.01323 0.00000 0.00000 ( 1)
 195 I   0.96291 0.03709 0.00000 0.00000 ( 1)
 196 A   0.37323 0.62677 0.00000 0.00000 ( 2)
 197 A   0.97990 0.02010 0.00000 0.00000 ( 1)
 198 F   0.00639 0.99361 0.00000 0.00000 ( 2)
 199 F   0.94604 0.05396 0.00000 0.00000 ( 1)
 200 P   0.91620 0.08380 0.00000 0.00000 ( 1)
 201 N   0.36852 0.63148 0.00000 0.00000 ( 2)


lnL = -1834.361320

Bayes Empirical Bayes (BEB) probabilities for 4 classes (class)
(amino acids refer to 1st sequence: BT_Cry1Ca11)

   1 N   0.87143 0.08285 0.04162 0.00410 ( 1)
   2 F   0.94302 0.01869 0.03747 0.00082 ( 1)
   3 V   0.93696 0.02484 0.03711 0.00109 ( 1)
   4 P   0.92364 0.03473 0.04003 0.00161 ( 1)
   5 G   0.84468 0.10845 0.04140 0.00546 ( 1)
   6 G   0.91711 0.03615 0.04492 0.00182 ( 1)
   7 G   0.87945 0.07159 0.04523 0.00373 ( 1)
   8 F   0.94302 0.01869 0.03747 0.00082 ( 1)
   9 L   0.45496 0.50534 0.01782 0.02188 ( 2)
  10 V   0.04656 0.90811 0.00212 0.04322 ( 2)
  11 G   0.93839 0.02278 0.03783 0.00100 ( 1)
  12 L   0.90371 0.05364 0.04012 0.00252 ( 1)
  13 I   0.00003 0.91503 0.00005 0.08489 ( 2)
  14 D   0.94984 0.01406 0.03551 0.00059 ( 1)
  15 F   0.02236 0.93638 0.00088 0.04039 ( 2)
  16 V   0.74373 0.21907 0.02794 0.00926 ( 1)
  17 W   0.80171 0.14983 0.04072 0.00774 ( 1)
  18 G   0.89431 0.05891 0.04382 0.00297 ( 1)
  19 I   0.13902 0.81938 0.00560 0.03600 ( 2)
  20 V   0.31795 0.63416 0.01577 0.03213 ( 2)
  21 G   0.46125 0.49820 0.01862 0.02193 ( 2)
  22 P   0.91959 0.03878 0.03984 0.00179 ( 1)
  23 S   0.92601 0.03289 0.03959 0.00151 ( 1)
  24 Q   0.00017 0.89991 0.00028 0.09965 ( 2)
  25 W   0.80171 0.14983 0.04072 0.00774 ( 1)
  26 D   0.60637 0.35470 0.02360 0.01533 ( 1)
  27 A   0.06005 0.89490 0.00270 0.04235 ( 2)
  28 F   0.94302 0.01869 0.03747 0.00082 ( 1)
  29 L   0.91646 0.04314 0.03845 0.00195 ( 1)
  30 V   0.09380 0.86487 0.00371 0.03761 ( 2)
  31 Q   0.86727 0.08645 0.04193 0.00435 ( 1)
  32 I   0.94147 0.02091 0.03671 0.00090 ( 1)
  33 E   0.94522 0.01786 0.03615 0.00076 ( 1)
  34 Q   0.19555 0.75556 0.00992 0.03897 ( 2)
  35 L   0.86447 0.08850 0.04256 0.00447 ( 1)
  36 I   0.94147 0.02091 0.03671 0.00090 ( 1)
  37 N   0.79602 0.16730 0.02966 0.00702 ( 1)
  38 E   0.05093 0.89421 0.00293 0.05193 ( 2)
  39 R   0.94156 0.01973 0.03784 0.00087 ( 1)
  40 I   0.94739 0.01637 0.03555 0.00069 ( 1)
  41 A   0.44456 0.51626 0.01708 0.02209 ( 2)
  42 E   0.00408 0.95404 0.00016 0.04172 ( 2)
  43 F   0.00257 0.95544 0.00010 0.04188 ( 2)
  44 A   0.69545 0.26595 0.02709 0.01151 ( 1)
  45 R   0.92485 0.03638 0.03717 0.00160 ( 1)
  46 N   0.00328 0.95507 0.00013 0.04153 ( 2)
  47 A   0.08896 0.87008 0.00347 0.03750 ( 2)
  48 A   0.94300 0.01927 0.03690 0.00083 ( 1)
  49 I   0.89008 0.06205 0.04469 0.00318 ( 1)
  50 A   0.02082 0.93668 0.00085 0.04165 ( 2)
  51 N   0.18491 0.77474 0.00714 0.03322 ( 2)
  52 L   0.90371 0.05364 0.04012 0.00252 ( 1)
  53 E   0.94522 0.01786 0.03615 0.00076 ( 1)
  54 G   0.93823 0.02308 0.03768 0.00102 ( 1)
  55 L   0.90371 0.05364 0.04012 0.00252 ( 1)
  56 G   0.89431 0.05891 0.04382 0.00297 ( 1)
  57 N   0.08116 0.87681 0.00330 0.03872 ( 2)
  58 N   0.69425 0.26645 0.02768 0.01161 ( 1)
  59 F   0.03350 0.78481 0.07963 0.10206 ( 2)
  60 N   0.06490 0.89023 0.00291 0.04196 ( 2)
  61 I   0.56280 0.39260 0.02578 0.01881 ( 1)
  62 Y   0.90602 0.05337 0.03819 0.00242 ( 1)
  63 V   0.01544 0.91208 0.00295 0.06954 ( 2)
  64 E   0.92747 0.02836 0.04280 0.00137 ( 1)
  65 A   0.94379 0.01848 0.03693 0.00080 ( 1)
  66 F   0.94302 0.01869 0.03747 0.00082 ( 1)
  67 K   0.94517 0.01762 0.03645 0.00076 ( 1)
  68 E   0.94010 0.02199 0.03695 0.00097 ( 1)
  69 W   0.80171 0.14983 0.04072 0.00774 ( 1)
  70 E   0.94522 0.01786 0.03615 0.00076 ( 1)
  71 E   0.00007 0.92535 0.00001 0.07457 ( 2)
  72 D   0.08104 0.87613 0.00339 0.03944 ( 2)
  73 P   0.92071 0.03766 0.03989 0.00174 ( 1)
  74 N   0.65429 0.30836 0.02441 0.01294 ( 1)
  75 N   0.91270 0.04167 0.04357 0.00206 ( 1)
  76 P   0.00141 0.95601 0.00006 0.04253 ( 2)
  77 A   0.02815 0.92375 0.00140 0.04671 ( 2)
  78 T   0.51639 0.44352 0.02066 0.01943 ( 1)
  79 R   0.23367 0.71646 0.01219 0.03768 ( 2)
  80 T   0.02441 0.93126 0.00107 0.04326 ( 2)
  81 R   0.94156 0.01973 0.03784 0.00087 ( 1)
  82 V   0.93749 0.02497 0.03646 0.00108 ( 1)
  83 I   0.04607 0.91124 0.00192 0.04077 ( 2)
  84 D   0.62938 0.32560 0.02926 0.01576 ( 1)
  85 R   0.76169 0.19881 0.03070 0.00880 ( 1)
  86 F   0.94302 0.01869 0.03747 0.00082 ( 1)
  87 R   0.91525 0.04216 0.04061 0.00198 ( 1)
  88 I   0.94739 0.01637 0.03555 0.00069 ( 1)
  89 L   0.58202 0.37829 0.02310 0.01659 ( 1)
  90 D   0.95066 0.01338 0.03539 0.00056 ( 1)
  91 G   0.45997 0.49935 0.01861 0.02208 ( 2)
  92 L   0.37762 0.57817 0.01691 0.02729 ( 2)
  93 L   0.56857 0.39222 0.02224 0.01697 ( 1)
  94 E   0.94522 0.01786 0.03615 0.00076 ( 1)
  95 R   0.04483 0.91369 0.00178 0.03971 ( 2)
  96 D   0.67317 0.28929 0.02534 0.01220 ( 1)
  97 I   0.84127 0.11080 0.04226 0.00568 ( 1)
  98 P   0.91945 0.03837 0.04039 0.00179 ( 1)
  99 S   0.85236 0.09898 0.04352 0.00513 ( 1)
 100 F   0.94302 0.01869 0.03747 0.00082 ( 1)
 101 R   0.81529 0.13545 0.04218 0.00709 ( 1)
 102 I   0.60487 0.33980 0.03555 0.01978 ( 1)
 103 S   0.00002 0.88261 0.00005 0.11732 ( 2)
 104 G   0.93839 0.02278 0.03783 0.00100 ( 1)
 105 F   0.94302 0.01869 0.03747 0.00082 ( 1)
 106 E   0.94522 0.01786 0.03615 0.00076 ( 1)
 107 V   0.89724 0.05637 0.04357 0.00282 ( 1)
 108 P   0.88358 0.07468 0.03829 0.00345 ( 1)
 109 L   0.93160 0.02804 0.03908 0.00127 ( 1)
 110 L   0.89799 0.05849 0.04073 0.00279 ( 1)
 111 S   0.19621 0.75436 0.01012 0.03930 ( 2)
 112 V   0.93479 0.02701 0.03702 0.00118 ( 1)
 113 Y   0.92814 0.03133 0.03910 0.00142 ( 1)
 114 A   0.02629 0.91287 0.00170 0.05914 ( 2)
 115 Q   0.91460 0.04293 0.04046 0.00201 ( 1)
 116 A   0.92772 0.03449 0.03630 0.00149 ( 1)
 117 A   0.91698 0.04452 0.03655 0.00195 ( 1)
 118 N   0.95045 0.01328 0.03571 0.00056 ( 1)
 119 L   0.83591 0.11702 0.04116 0.00591 ( 1)
 120 H   0.93965 0.02095 0.03847 0.00093 ( 1)
 121 L   0.83076 0.11966 0.04329 0.00629 ( 1)
 122 A   0.94100 0.02059 0.03751 0.00090 ( 1)
 123 I   0.50110 0.45438 0.02282 0.02170 ( 1)
 124 L   0.88803 0.06926 0.03945 0.00326 ( 1)
 125 R   0.94156 0.01973 0.03784 0.00087 ( 1)
 126 D   0.95066 0.01338 0.03539 0.00056 ( 1)
 127 S   0.92601 0.03289 0.03959 0.00151 ( 1)
 128 V   0.03001 0.92798 0.00121 0.04080 ( 2)
 129 I   0.66258 0.29851 0.02590 0.01300 ( 1)
 130 F   0.93457 0.02053 0.04388 0.00102 ( 1)
 131 G   0.93839 0.02278 0.03783 0.00100 ( 1)
 132 E   0.41025 0.54436 0.01905 0.02634 ( 2)
 133 R   0.94156 0.01973 0.03784 0.00087 ( 1)
 134 W   0.80171 0.14983 0.04072 0.00774 ( 1)
 135 G   0.93839 0.02278 0.03783 0.00100 ( 1)
 136 L   0.83799 0.11494 0.04126 0.00581 ( 1)
 137 T   0.42582 0.52653 0.02103 0.02662 ( 2)
 138 T   0.93346 0.02763 0.03769 0.00122 ( 1)
 139 I   0.09449 0.86364 0.00382 0.03805 ( 2)
 140 N   0.95045 0.01328 0.03571 0.00056 ( 1)
 141 V   0.79786 0.15333 0.04084 0.00796 ( 1)
 142 N   0.95045 0.01328 0.03571 0.00056 ( 1)
 143 E   0.76035 0.20279 0.02834 0.00851 ( 1)
 144 N   0.24772 0.70354 0.01255 0.03619 ( 2)
 145 Y   0.92814 0.03133 0.03910 0.00142 ( 1)
 146 N   0.95045 0.01328 0.03571 0.00056 ( 1)
 147 R   0.93544 0.02583 0.03759 0.00114 ( 1)
 148 L   0.39717 0.55890 0.01768 0.02625 ( 2)
 149 I   0.61969 0.33978 0.02539 0.01513 ( 1)
 150 R   0.03441 0.91877 0.00164 0.04519 ( 2)
 151 H   0.00033 0.95657 0.00001 0.04308 ( 2)
 152 I   0.94147 0.02091 0.03671 0.00090 ( 1)
 153 D   0.00486 0.95228 0.00020 0.04265 ( 2)
 154 E   0.94522 0.01786 0.03615 0.00076 ( 1)
 155 Y   0.92814 0.03133 0.03910 0.00142 ( 1)
 156 A   0.02677 0.92473 0.00135 0.04716 ( 2)
 157 D   0.00036 0.95143 0.00008 0.04813 ( 2)
 158 H   0.91326 0.04725 0.03739 0.00210 ( 1)
 159 C   0.90491 0.05390 0.03872 0.00247 ( 1)
 160 A   0.70535 0.25608 0.02748 0.01108 ( 1)
 161 N   0.65429 0.30836 0.02441 0.01294 ( 1)
 162 T   0.84270 0.11034 0.04140 0.00556 ( 1)
 163 Y   0.92814 0.03133 0.03910 0.00142 ( 1)
 164 N   0.59343 0.36739 0.02326 0.01593 ( 1)
 165 R   0.23027 0.72866 0.00921 0.03186 ( 2)
 166 G   0.72074 0.24134 0.02761 0.01032 ( 1)
 167 L   0.89755 0.05976 0.03987 0.00281 ( 1)
 168 N   0.18491 0.77474 0.00714 0.03322 ( 2)
 169 N   0.05848 0.89655 0.00263 0.04233 ( 2)
 170 L   0.89392 0.06257 0.04053 0.00298 ( 1)
 171 P   0.00079 0.95059 0.00004 0.04859 ( 2)
 172 K   0.02108 0.93696 0.00085 0.04112 ( 2)
 173 S   0.00048 0.75523 0.00426 0.24003 ( 2)
 174 T   0.39877 0.55845 0.01715 0.02563 ( 2)
 175 Y   0.00163 0.88110 0.00390 0.11338 ( 2)
 176 Q   0.02181 0.93008 0.00108 0.04703 ( 2)
 177 D   0.04062 0.91038 0.00207 0.04693 ( 2)
 178 W   0.80171 0.14983 0.04072 0.00774 ( 1)
 179 I   0.05731 0.72851 0.12982 0.08436 ( 2)
 180 T   0.74335 0.21945 0.02793 0.00927 ( 1)
 181 Y   0.92814 0.03133 0.03910 0.00142 ( 1)
 182 N   0.95045 0.01328 0.03571 0.00056 ( 1)
 183 R   0.27704 0.67426 0.01403 0.03467 ( 2)
 184 L   0.61698 0.34344 0.02458 0.01500 ( 1)
 185 R   0.89530 0.06582 0.03599 0.00289 ( 1)
 186 R   0.93758 0.02322 0.03816 0.00103 ( 1)
 187 D   0.64205 0.31967 0.02461 0.01367 ( 1)
 188 L   0.89186 0.06504 0.04000 0.00309 ( 1)
 189 T   0.94282 0.01897 0.03739 0.00083 ( 1)
 190 L   0.88592 0.07055 0.04017 0.00336 ( 1)
 191 T   0.92057 0.03259 0.04519 0.00164 ( 1)
 192 V   0.93749 0.02497 0.03646 0.00108 ( 1)
 193 L   0.90371 0.05364 0.04012 0.00252 ( 1)
 194 D   0.95066 0.01338 0.03539 0.00056 ( 1)
 195 I   0.92385 0.03846 0.03603 0.00166 ( 1)
 196 A   0.27751 0.67309 0.01431 0.03508 ( 2)
 197 A   0.94100 0.02059 0.03751 0.00090 ( 1)
 198 F   0.00263 0.90411 0.00367 0.08959 ( 2)
 199 F   0.89731 0.05590 0.04398 0.00281 ( 1)
 200 P   0.86408 0.08741 0.04399 0.00452 ( 1)
 201 N   0.27331 0.67981 0.01316 0.03372 ( 2)

