Supplemental results for CODEML (seqf: algn  treef: tree)


dN/dS (w) for site classes (K=4)

site class             0        1       2a       2b
proportion       0.48540  0.37539  0.07850  0.06071
background w     0.14289  0.88639  0.14289  0.88639
foreground w     0.14289  0.88639 35.72772 35.72772

Naive Empirical Bayes (NEB) probabilities for 4 classes
(amino acids refer to 1st sequence: BT_Cry19Ba1)

   1 E   0.25585 0.60493 0.04138 0.09784 ( 2)
   2 -   0.48540 0.37539 0.07850 0.06071 ( 1)
   3 -   0.48540 0.37539 0.07850 0.06071 ( 1)
   4 V   0.39006 0.41184 0.16623 0.03187 ( 2)
   5 G   0.79455 0.18993 0.01114 0.00438 ( 1)
   6 P   0.00009 0.00521 0.66112 0.33358 ( 3)
   7 L   0.26564 0.59093 0.10109 0.04235 ( 2)
   8 L   0.97600 0.01574 0.00809 0.00017 ( 1)
   9 S   0.69668 0.05438 0.24488 0.00406 ( 1)
  10 W   0.14851 0.83748 0.00144 0.01257 ( 2)
  11 M   0.15823 0.81430 0.00394 0.02353 ( 2)
  12 V   0.00767 0.73597 0.03929 0.21707 ( 2)
  13 S   0.01235 0.95488 0.00038 0.03239 ( 2)
  14 L   0.17360 0.80587 0.00254 0.01799 ( 2)
  15 F   0.69713 0.19668 0.07950 0.02670 ( 1)
  16 W   0.86803 0.12563 0.00548 0.00087 ( 1)
  17 P   0.98714 0.00884 0.00398 0.00005 ( 1)
  18 T   0.00146 0.07919 0.52177 0.39758 ( 3)
  19 I   0.00012 0.11557 0.04601 0.83831 ( 4)
  20 -   0.69849 0.16230 0.11297 0.02625 ( 1)
  21 -   0.68608 0.17470 0.11096 0.02825 ( 1)
  22 -   0.62566 0.23512 0.10119 0.03803 ( 1)
  23 E   0.03034 0.95106 0.00049 0.01811 ( 2)
  24 E   0.00023 0.73343 0.00106 0.26529 ( 2)
  25 K   0.01572 0.86531 0.00146 0.11751 ( 2)
  26 N   0.95521 0.03525 0.00892 0.00063 ( 1)
  27 T   0.00337 0.43529 0.14348 0.41786 ( 2)
  28 V   0.89449 0.09426 0.00965 0.00160 ( 1)
  29 W   0.86803 0.12563 0.00548 0.00087 ( 1)
  30 E   0.29093 0.56240 0.10747 0.03920 ( 2)
  31 D   0.00430 0.88331 0.00223 0.11016 ( 2)
  32 M   0.01042 0.44574 0.10363 0.44020 ( 2)
  33 I   0.91712 0.07954 0.00298 0.00037 ( 1)
  34 K   0.96944 0.02108 0.00914 0.00033 ( 1)
  35 Y   0.00884 0.34556 0.24864 0.39695 ( 4)
  36 V   0.45250 0.53150 0.00545 0.01055 ( 2)
  37 A   0.18598 0.03071 0.75406 0.02925 ( 3)
  38 N   0.95618 0.03434 0.00894 0.00054 ( 1)
  39 L   0.92817 0.06614 0.00526 0.00043 ( 1)
  40 L   0.97608 0.01445 0.00923 0.00024 ( 1)
  41 K   0.00012 0.98815 0.00000 0.01172 ( 2)
  42 Q   0.04882 0.94459 0.00025 0.00635 ( 2)
  43 E   0.12861 0.85662 0.00116 0.01362 ( 2)
  44 L   0.12135 0.86773 0.00103 0.00990 ( 2)
  45 T   0.00036 0.98527 0.00000 0.01436 ( 2)
  46 N   0.00026 0.74814 0.00130 0.25030 ( 2)
  47 D   0.00054 0.90363 0.00022 0.09561 ( 2)
  48 T   0.09075 0.71370 0.07845 0.11711 ( 2)
  49 L   0.34486 0.63694 0.00370 0.01451 ( 2)
  50 N   0.00086 0.75871 0.00035 0.24008 ( 2)
  51 R   0.08012 0.73765 0.06531 0.11692 ( 2)
  52 A   0.98878 0.00468 0.00649 0.00004 ( 1)
  53 T   0.95525 0.03164 0.01265 0.00045 ( 1)
  54 S   0.00492 0.94878 0.00009 0.04621 ( 2)
  55 N   0.00073 0.00009 0.99774 0.00143 ( 3)
  56 L   0.89809 0.09344 0.00745 0.00102 ( 1)
  57 S   0.02068 0.88807 0.00122 0.09003 ( 2)
  58 G   0.67760 0.31778 0.00282 0.00179 ( 1)
  59 L   0.95627 0.03498 0.00836 0.00040 ( 1)
  60 N   0.00147 0.52201 0.03248 0.44404 ( 2)
  61 E   0.39091 0.59657 0.00344 0.00908 ( 2)
  62 S   0.04678 0.62548 0.12494 0.20280 ( 2)
  63 L   0.93899 0.05541 0.00525 0.00036 ( 1)
  64 N   0.00005 0.52277 0.00084 0.47635 ( 2)
  65 I   0.37246 0.51725 0.03751 0.07278 ( 2)
  66 Y   0.98712 0.00485 0.00797 0.00006 ( 1)
  67 N   0.94578 0.02138 0.03185 0.00099 ( 1)
  68 R   0.26831 0.10991 0.56633 0.05544 ( 3)
  69 A   0.35579 0.63099 0.00396 0.00926 ( 2)
  70 L   0.95629 0.03852 0.00491 0.00028 ( 1)
  71 A   0.92459 0.06913 0.00566 0.00061 ( 1)
  72 A   0.00116 0.92304 0.00038 0.07542 ( 2)
  73 W   0.86803 0.12563 0.00548 0.00087 ( 1)
  74 K   0.07412 0.85856 0.02047 0.04685 ( 2)
  75 Q   0.00000 0.27671 0.00008 0.72321 ( 4)
  76 -   0.48540 0.37539 0.07850 0.06071 ( 1)
  77 N   0.00936 0.93219 0.00041 0.05805 ( 2)
  78 K   0.00019 0.07838 0.09221 0.82922 ( 4)
  79 N   0.05229 0.81767 0.00447 0.12557 ( 2)
  80 N   0.00010 0.19315 0.00264 0.80411 ( 4)
  81 F   0.00247 0.05401 0.75440 0.18913 ( 3)
  82 A   0.03203 0.70399 0.06330 0.20067 ( 2)
  83 S   0.02869 0.28943 0.49030 0.19158 ( 3)
  84 -   0.48540 0.37539 0.07850 0.06071 ( 1)
  85 -   0.69157 0.16922 0.11185 0.02737 ( 1)
  86 G   0.78845 0.19184 0.01407 0.00563 ( 1)
  87 E   0.02734 0.50751 0.08845 0.37670 ( 2)
  88 L   0.00109 0.08829 0.29985 0.61076 ( 4)
  89 I   0.09090 0.82327 0.02778 0.05805 ( 2)
  90 R   0.88592 0.10831 0.00480 0.00098 ( 1)
  91 S   0.00003 0.11513 0.00429 0.88055 ( 4)
  92 Y   0.00006 0.01026 0.61362 0.37606 ( 3)
  93 I   0.97921 0.01756 0.00315 0.00008 ( 1)
  94 N   0.00181 0.86571 0.00023 0.13225 ( 2)
  95 D   0.15753 0.83726 0.00072 0.00450 ( 2)
  96 L   0.99048 0.00446 0.00503 0.00003 ( 1)
  97 H   0.98873 0.00643 0.00480 0.00005 ( 1)
  98 I   0.28733 0.68833 0.00441 0.01994 ( 2)
  99 L   0.00022 0.55312 0.00084 0.44582 ( 2)
 100 F   0.99136 0.00151 0.00712 0.00002 ( 1)
 101 T   0.00144 0.95834 0.00004 0.04018 ( 2)
 102 R   0.00001 0.50985 0.00013 0.49002 ( 2)
 103 D   0.01467 0.37040 0.36498 0.24994 ( 2)
 104 I   0.98861 0.00203 0.00933 0.00003 ( 1)
 105 Q   0.70365 0.28197 0.00730 0.00707 ( 1)
 106 S   0.00277 0.83741 0.00266 0.15716 ( 2)
 107 D   0.75993 0.18533 0.03792 0.01682 ( 1)
 108 F   0.95038 0.04459 0.00477 0.00026 ( 1)
 109 S   0.06302 0.73526 0.07628 0.12544 ( 2)
 110 L   0.23922 0.74065 0.00318 0.01695 ( 2)
 111 G   0.00007 0.68845 0.00013 0.31135 ( 2)
 112 G   0.02731 0.12242 0.64576 0.20452 ( 3)
 113 Y   0.97267 0.00613 0.02105 0.00015 ( 1)
 114 E   0.96527 0.02602 0.00835 0.00036 ( 1)
 115 T   0.00865 0.96815 0.00013 0.02307 ( 2)
 116 V   0.97961 0.01094 0.00927 0.00018 ( 1)
 117 L   0.97600 0.01574 0.00809 0.00017 ( 1)
 118 L   0.97108 0.02058 0.00812 0.00023 ( 1)
 119 P   0.98768 0.00877 0.00351 0.00004 ( 1)
 120 S   0.78731 0.13972 0.05893 0.01403 ( 1)
 121 Y   0.98478 0.00718 0.00796 0.00008 ( 1)
 122 A   0.79054 0.20105 0.00564 0.00277 ( 1)
 123 S   0.90273 0.08124 0.01412 0.00191 ( 1)
 124 A   0.89429 0.09602 0.00817 0.00151 ( 1)
 125 A   0.91709 0.07566 0.00663 0.00062 ( 1)
 126 N   0.98438 0.00676 0.00875 0.00011 ( 1)
 127 L   0.94897 0.03754 0.01285 0.00064 ( 1)
 128 H   0.99225 0.00297 0.00476 0.00002 ( 1)
 129 L   0.96682 0.02675 0.00624 0.00020 ( 1)
 130 L   0.82815 0.15982 0.00996 0.00208 ( 1)
 131 L   0.96462 0.02227 0.01272 0.00040 ( 1)
 132 L   0.96701 0.02456 0.00815 0.00027 ( 1)
 133 R   0.95910 0.03851 0.00229 0.00011 ( 1)
 134 D   0.99188 0.00367 0.00444 0.00002 ( 1)
 135 V   0.97003 0.02029 0.00936 0.00032 ( 1)
 136 A   0.09201 0.88909 0.00110 0.01780 ( 2)
 137 I   0.97220 0.01829 0.00920 0.00030 ( 1)
 138 Y   0.65542 0.08838 0.24923 0.00697 ( 1)
 139 G   0.98799 0.00785 0.00412 0.00004 ( 1)
 140 K   0.24284 0.74141 0.00236 0.01340 ( 2)
 141 E   0.11229 0.86149 0.00172 0.02450 ( 2)
 142 -   0.54084 0.31995 0.08747 0.05175 ( 1)
 143 -   0.49783 0.36296 0.08051 0.05870 ( 1)
 144 -   0.52366 0.33712 0.08469 0.05452 ( 1)
 145 -   0.54006 0.32073 0.08734 0.05187 ( 1)
 146 -   0.53109 0.32970 0.08589 0.05332 ( 1)
 147 -   0.54084 0.31995 0.08747 0.05175 ( 1)
 148 -   0.54871 0.31208 0.08874 0.05047 ( 1)
 149 -   0.49667 0.36411 0.08033 0.05889 ( 1)
 150 L   0.95571 0.02471 0.01890 0.00068 ( 1)
 151 G   0.87083 0.12496 0.00349 0.00072 ( 1)
 152 Y   0.97009 0.02235 0.00724 0.00032 ( 1)
 153 P   0.00002 0.56780 0.00035 0.43184 ( 2)
 154 S   0.00226 0.98903 0.00001 0.00870 ( 2)
 155 T   0.00005 0.94016 0.00002 0.05978 ( 2)
 156 D   0.00014 0.04291 0.08761 0.86933 ( 4)
 157 V   0.82207 0.16834 0.00762 0.00197 ( 1)
 158 E   0.00197 0.70106 0.03373 0.26324 ( 2)
 159 F   0.01915 0.84168 0.01543 0.12374 ( 2)
 160 Y   0.98750 0.00448 0.00796 0.00005 ( 1)
 161 Y   0.85471 0.12970 0.01244 0.00314 ( 1)
 162 N   0.00220 0.99029 0.00001 0.00750 ( 2)
 163 E   0.98539 0.00491 0.00962 0.00008 ( 1)
 164 Q   0.45094 0.44976 0.04380 0.05550 ( 1)
 165 K   0.26803 0.69031 0.00863 0.03304 ( 2)
 166 Y   0.00000 0.93376 0.00000 0.06624 ( 2)
 167 Y   0.96646 0.02542 0.00782 0.00030 ( 1)
 168 T   0.76425 0.22224 0.00911 0.00440 ( 1)
 169 E   0.09280 0.87796 0.00667 0.02257 ( 2)
 170 K   0.00086 0.99155 0.00001 0.00758 ( 2)
 171 Y   0.71636 0.02644 0.25553 0.00168 ( 1)
 172 S   0.87920 0.11415 0.00577 0.00088 ( 1)
 173 N   0.43884 0.25452 0.26973 0.03691 ( 1)
 174 Y   0.54430 0.42015 0.02745 0.00809 ( 1)
 175 C   0.97190 0.01698 0.01092 0.00021 ( 1)
 176 V   0.27233 0.44452 0.22394 0.05920 ( 2)
 177 N   0.16972 0.80788 0.00487 0.01753 ( 2)
 178 T   0.85086 0.13999 0.00732 0.00183 ( 1)
 179 Y   0.82536 0.15991 0.01219 0.00254 ( 1)
 180 K   0.95267 0.03823 0.00849 0.00061 ( 1)
 181 S   0.00855 0.96127 0.00020 0.02998 ( 2)
 182 G   0.48068 0.51456 0.00190 0.00285 ( 2)
 183 L   0.95667 0.03760 0.00549 0.00025 ( 1)
 184 E   0.16136 0.82331 0.00193 0.01340 ( 2)
 185 S   0.18398 0.80787 0.00117 0.00698 ( 2)
 186 K   0.37785 0.61001 0.00328 0.00886 ( 2)
 187 K   0.98749 0.00284 0.00962 0.00005 ( 1)
 188 Q   0.25926 0.72147 0.00367 0.01560 ( 2)
 189 I   0.97591 0.01482 0.00904 0.00023 ( 1)
 190 G   0.76403 0.19230 0.03977 0.00390 ( 1)
 191 W   0.86803 0.12563 0.00548 0.00087 ( 1)
 192 S   0.02092 0.92853 0.00233 0.04822 ( 2)
 193 D   0.00728 0.96806 0.00046 0.02420 ( 2)
 194 F   0.95393 0.04105 0.00479 0.00024 ( 1)
 195 N   0.98131 0.01118 0.00738 0.00012 ( 1)
 196 R   0.41517 0.58110 0.00142 0.00231 ( 2)
 197 Y   0.98750 0.00448 0.00796 0.00005 ( 1)
 198 R   0.98250 0.01513 0.00233 0.00004 ( 1)
 199 R   0.98767 0.00793 0.00435 0.00005 ( 1)
 200 E   0.00508 0.83960 0.00137 0.15395 ( 2)
 201 M   0.99465 0.00221 0.00313 0.00001 ( 1)
 202 T   0.93448 0.00571 0.05940 0.00041 ( 1)
 203 L   0.93571 0.05856 0.00534 0.00039 ( 1)
 204 S   0.17850 0.80656 0.00183 0.01311 ( 2)
 205 V   0.96982 0.02037 0.00950 0.00031 ( 1)
 206 L   0.97424 0.01746 0.00811 0.00019 ( 1)
 207 D   0.99099 0.00081 0.00819 0.00001 ( 1)
 208 I   0.47385 0.51072 0.00507 0.01035 ( 2)
 209 V   0.95790 0.03174 0.00977 0.00059 ( 1)
 210 A   0.96386 0.02955 0.00631 0.00028 ( 1)
 211 L   0.89610 0.09543 0.00743 0.00104 ( 1)
 212 F   0.97378 0.02121 0.00489 0.00012 ( 1)
 213 P   0.98714 0.00884 0.00398 0.00005 ( 1)
 214 L   0.04540 0.84851 0.00213 0.10395 ( 2)


lnL = -3761.467440

