Supplemental results for CODEML (seqf: algn  treef: tree)


dN/dS (w) for site classes (K=4)

site class             0        1       2a       2b
proportion       0.72308  0.13891  0.11577  0.02224
background w     0.10807  1.00000  0.10807  1.00000
foreground w     0.10807  1.00000  1.00000  1.00000

Naive Empirical Bayes (NEB) probabilities for 4 classes
(amino acids refer to 1st sequence: BT_Cry1Ca11)

   1 -   0.19995 0.66204 0.03201 0.10600 ( 2)
   2 -   0.85707 0.00492 0.13722 0.00079 ( 1)
   3 -   0.81551 0.04648 0.13057 0.00744 ( 1)
   4 G   0.78410 0.08896 0.11270 0.01424 ( 1)
   5 Q   0.86989 0.00057 0.12944 0.00009 ( 1)
   6 L   0.86691 0.00241 0.13029 0.00039 ( 1)
   7 T   0.87285 0.00048 0.12659 0.00008 ( 1)
   8 R   0.86414 0.00318 0.13217 0.00051 ( 1)
   9 E   0.87270 0.00013 0.12715 0.00002 ( 1)
  10 V   0.42398 0.04784 0.52052 0.00766 ( 3)
  11 Y   0.87356 0.00010 0.12632 0.00002 ( 1)
  12 T   0.57195 0.29260 0.08860 0.04685 ( 1)
  13 D   0.86631 0.00034 0.13329 0.00006 ( 1)
  14 P   0.86157 0.01027 0.12651 0.00164 ( 1)
  15 L   0.86807 0.00139 0.13032 0.00022 ( 1)
  16 I   0.79753 0.07761 0.11244 0.01243 ( 1)
  17 N   0.42747 0.03950 0.52671 0.00632 ( 3)
  18 F   0.86415 0.01161 0.12238 0.00186 ( 1)
  19 N   0.87700 0.00005 0.12294 0.00001 ( 1)
  20 P   0.82595 0.04548 0.12129 0.00728 ( 1)
  21 Q   0.06969 0.79261 0.01079 0.12690 ( 2)
  22 L   0.86831 0.00115 0.13035 0.00018 ( 1)
  23 Q   0.15614 0.70654 0.02419 0.11312 ( 2)
  24 S   0.87380 0.00079 0.12528 0.00013 ( 1)
  25 V   0.64464 0.22531 0.09398 0.03607 ( 1)
  26 A   0.87180 0.00372 0.12389 0.00060 ( 1)
  27 Q   0.72632 0.14274 0.10808 0.02285 ( 1)
  28 L   0.84040 0.02882 0.12617 0.00461 ( 1)
  29 P   0.87426 0.00019 0.12553 0.00003 ( 1)
  30 T   0.86815 0.00785 0.12274 0.00126 ( 1)
  31 F   0.87586 0.00009 0.12404 0.00001 ( 1)
  32 N   0.56435 0.30100 0.08646 0.04819 ( 1)
  33 V   0.86399 0.01100 0.12324 0.00176 ( 1)
  34 M   0.85407 0.01738 0.12576 0.00278 ( 1)
  35 E   0.87215 0.00017 0.12765 0.00003 ( 1)
  36 S   0.86570 0.00127 0.13283 0.00020 ( 1)
  37 S   0.22736 0.55606 0.12755 0.08903 ( 2)
  38 A   0.84826 0.02378 0.12416 0.00381 ( 1)
  39 I   0.87642 0.00011 0.12345 0.00002 ( 1)
  40 R   0.87241 0.00022 0.12733 0.00004 ( 1)
  41 N   0.81278 0.02719 0.15567 0.00435 ( 1)
  42 P   0.87426 0.00018 0.12553 0.00003 ( 1)
  43 H   0.87470 0.00005 0.12524 0.00001 ( 1)
  44 L   0.86698 0.00246 0.13016 0.00039 ( 1)
  45 F   0.69255 0.18008 0.09853 0.02883 ( 1)
  46 D   0.86640 0.00950 0.12257 0.00152 ( 1)
  47 I   0.62117 0.02616 0.34848 0.00419 ( 1)
  48 L   0.86443 0.00168 0.13362 0.00027 ( 1)
  49 N   0.86316 0.01347 0.12121 0.00216 ( 1)
  50 N   0.17909 0.68588 0.02522 0.10981 ( 2)
  51 L   0.86993 0.00426 0.12513 0.00068 ( 1)
  52 T   0.87271 0.00062 0.12657 0.00010 ( 1)
  53 I   0.87340 0.00046 0.12607 0.00007 ( 1)
  54 F   0.87369 0.00184 0.12417 0.00029 ( 1)
  55 T   0.87209 0.00048 0.12736 0.00008 ( 1)
  56 D   0.87602 0.00008 0.12389 0.00001 ( 1)
  57 W   0.81409 0.05156 0.12610 0.00826 ( 1)
  58 F   0.79284 0.08160 0.11249 0.01307 ( 1)
  59 S   0.86214 0.01436 0.12119 0.00230 ( 1)
  60 V   0.85917 0.01600 0.12226 0.00256 ( 1)
  61 G   0.86696 0.00391 0.12851 0.00063 ( 1)
  62 R   0.84548 0.01915 0.13229 0.00307 ( 1)
  63 N   0.86314 0.00447 0.13167 0.00072 ( 1)
  64 F   0.11278 0.75100 0.01598 0.12024 ( 2)
  65 Y   0.87209 0.00155 0.12610 0.00025 ( 1)
  66 W   0.86026 0.00560 0.13325 0.00090 ( 1)
  67 G   0.87046 0.00045 0.12902 0.00007 ( 1)
  68 G   0.86939 0.00150 0.12887 0.00024 ( 1)
  69 H   0.87441 0.00034 0.12519 0.00005 ( 1)
  70 R   0.54093 0.32453 0.08258 0.05196 ( 1)
  71 V   0.86450 0.00816 0.12604 0.00131 ( 1)
  72 I   0.20223 0.66251 0.02918 0.10607 ( 2)
  73 S   0.87220 0.00237 0.12505 0.00038 ( 1)
  74 S   0.09397 0.76780 0.01529 0.12293 ( 2)
  75 L   0.81195 0.05527 0.12393 0.00885 ( 1)
  76 I   0.85178 0.02212 0.12255 0.00354 ( 1)
  77 G   0.87046 0.00045 0.12902 0.00007 ( 1)
  78 G   0.80603 0.06438 0.11928 0.01031 ( 1)
  79 G   0.29441 0.57162 0.04245 0.09152 ( 2)
  80 N   0.86527 0.00190 0.13252 0.00030 ( 1)
  81 -   0.78830 0.07369 0.12621 0.01180 ( 1)
  82 -   0.72886 0.13313 0.11670 0.02131 ( 1)
  83 I   0.87412 0.00020 0.12565 0.00003 ( 1)
  84 T   0.25045 0.61477 0.03634 0.09843 ( 2)
  85 S   0.86218 0.01224 0.12362 0.00196 ( 1)
  86 P   0.87432 0.00012 0.12554 0.00002 ( 1)
  87 I   0.76987 0.10271 0.11097 0.01644 ( 1)
  88 Y   0.87345 0.00022 0.12630 0.00004 ( 1)
  89 G   0.87049 0.00041 0.12903 0.00007 ( 1)
  90 R   0.86800 0.00458 0.12669 0.00073 ( 1)
  91 E   0.86621 0.00071 0.13297 0.00011 ( 1)
  92 A   0.67297 0.19191 0.10439 0.03073 ( 1)
  93 N   0.87266 0.00321 0.12362 0.00051 ( 1)
  94 Q   0.50136 0.36291 0.07763 0.05811 ( 1)
  95 E   0.86438 0.00252 0.13269 0.00040 ( 1)
  96 P   0.01956 0.84270 0.00282 0.13492 ( 2)
  97 P   0.87142 0.00053 0.12796 0.00009 ( 1)
  98 R   0.77830 0.09318 0.11360 0.01492 ( 1)
  99 S   0.00230 0.85972 0.00033 0.13765 ( 2)
 100 F   0.83797 0.03737 0.11868 0.00598 ( 1)
 101 T   0.04810 0.81463 0.00684 0.13043 ( 2)
 102 F   0.79859 0.07612 0.11310 0.01219 ( 1)
 103 N   0.50871 0.36175 0.07162 0.05792 ( 1)
 104 G   0.65105 0.21384 0.10087 0.03424 ( 1)
 105 -   0.52419 0.33780 0.08393 0.05409 ( 1)
 106 -   0.62749 0.23450 0.10047 0.03755 ( 1)
 107 P   0.86987 0.00148 0.12841 0.00024 ( 1)
 108 V   0.87428 0.00090 0.12467 0.00014 ( 1)
 109 F   0.87512 0.00082 0.12393 0.00013 ( 1)
 110 R   0.85428 0.01298 0.13067 0.00208 ( 1)
 111 T   0.87569 0.00043 0.12382 0.00007 ( 1)
 112 L   0.86854 0.00093 0.13039 0.00015 ( 1)
 113 S   0.86918 0.00088 0.12980 0.00014 ( 1)
 114 N   0.79004 0.08551 0.11076 0.01369 ( 1)
 115 P   0.72061 0.15164 0.10347 0.02428 ( 1)
 116 T   0.87585 0.00028 0.12383 0.00004 ( 1)
 117 L   0.22878 0.42447 0.27879 0.06796 ( 2)
 118 R   0.85949 0.01212 0.12645 0.00194 ( 1)
 119 L   0.00006 0.86191 0.00003 0.13800 ( 2)
 120 L   0.56766 0.29922 0.08522 0.04791 ( 1)
 121 Q   0.04653 0.81567 0.00721 0.13059 ( 2)
 122 Q   0.84553 0.02470 0.12582 0.00396 ( 1)
 123 P   0.87423 0.00021 0.12552 0.00003 ( 1)
 124 W   0.01463 0.84743 0.00227 0.13568 ( 2)
 125 P   0.75624 0.11440 0.11105 0.01832 ( 1)
 126 A   0.32538 0.53800 0.05047 0.08614 ( 2)
 127 P   0.51464 0.35323 0.07557 0.05656 ( 1)
 128 P   0.64195 0.22738 0.09427 0.03641 ( 1)
 129 F   0.87046 0.00540 0.12327 0.00086 ( 1)
 130 N   0.32972 0.53792 0.04624 0.08612 ( 2)
 131 L   0.86415 0.00528 0.12973 0.00084 ( 1)
 132 R   0.85825 0.01475 0.12465 0.00236 ( 1)
 133 G   0.77514 0.09773 0.11148 0.01565 ( 1)
 134 V   0.48362 0.38568 0.06896 0.06175 ( 1)
 135 E   0.87203 0.00078 0.12706 0.00013 ( 1)
 136 G   0.87022 0.00069 0.12899 0.00011 ( 1)
 137 V   0.87218 0.00058 0.12715 0.00009 ( 1)
 138 E   0.87270 0.00013 0.12715 0.00002 ( 1)
 139 F   0.87560 0.00034 0.12401 0.00005 ( 1)
 140 S   0.41695 0.45039 0.06054 0.07211 ( 2)
 141 T   0.53093 0.33795 0.07700 0.05411 ( 1)
 142 P   0.74320 0.12934 0.10674 0.02071 ( 1)
 143 T   0.05234 0.45500 0.41981 0.07285 ( 2)
 144 -   0.72308 0.13891 0.11577 0.02224 ( 1)
 145 N   0.65562 0.21672 0.09296 0.03470 ( 1)
 146 S   0.84277 0.02407 0.12931 0.00385 ( 1)
 147 F   0.04866 0.81410 0.00689 0.13034 ( 2)
 148 T   0.82220 0.04318 0.12771 0.00691 ( 1)
 149 Y   0.87356 0.00010 0.12632 0.00002 ( 1)
 150 R   0.86727 0.00029 0.13239 0.00005 ( 1)
 151 G   0.85328 0.01690 0.12712 0.00271 ( 1)
 152 R   0.87037 0.00223 0.12703 0.00036 ( 1)
 153 G   0.87415 0.00018 0.12563 0.00003 ( 1)
 154 T   0.05234 0.80987 0.00812 0.12967 ( 2)
 155 V   0.84391 0.03103 0.12009 0.00497 ( 1)
 156 D   0.87606 0.00004 0.12389 0.00001 ( 1)
 157 S   0.87436 0.00025 0.12536 0.00004 ( 1)
 158 L   0.85253 0.01653 0.12830 0.00265 ( 1)
 159 T   0.68973 0.18293 0.09805 0.02929 ( 1)
 160 E   0.86593 0.00114 0.13275 0.00018 ( 1)
 161 L   0.86815 0.00131 0.13033 0.00021 ( 1)
 162 P   0.86229 0.00307 0.13415 0.00049 ( 1)
 163 P   0.87430 0.00015 0.12553 0.00002 ( 1)
 164 E   0.13689 0.72587 0.02102 0.11622 ( 2)
 165 D   0.87051 0.00527 0.12338 0.00084 ( 1)
 166 N   0.00345 0.85859 0.00049 0.13747 ( 2)
 167 S   0.68645 0.18700 0.09661 0.02994 ( 1)
 168 V   0.84764 0.01794 0.13155 0.00287 ( 1)
 169 P   0.83203 0.04083 0.12061 0.00654 ( 1)
 170 P   0.87430 0.00015 0.12553 0.00002 ( 1)
 171 R   0.00960 0.85242 0.00150 0.13648 ( 2)
 172 E   0.40682 0.45994 0.05960 0.07364 ( 2)
 173 G   0.76357 0.10623 0.11319 0.01701 ( 1)
 174 Y   0.87347 0.00019 0.12631 0.00003 ( 1)
 175 S   0.87671 0.00004 0.12324 0.00001 ( 1)
 176 H   0.87307 0.00165 0.12502 0.00026 ( 1)
 177 R   0.87290 0.00028 0.12677 0.00004 ( 1)
 178 L   0.86830 0.00117 0.13035 0.00019 ( 1)
 179 C   0.87313 0.00060 0.12618 0.00010 ( 1)
 180 H   0.87470 0.00005 0.12524 0.00001 ( 1)
 181 A   0.87264 0.00027 0.12705 0.00004 ( 1)
 182 T   0.87512 0.00098 0.12374 0.00016 ( 1)
 183 F   0.87590 0.00005 0.12404 0.00001 ( 1)
 184 V   0.86855 0.00678 0.12359 0.00109 ( 1)
 185 Q   0.80010 0.06962 0.11913 0.01115 ( 1)
 186 R   0.85505 0.01732 0.12485 0.00277 ( 1)
 187 S   0.86732 0.00717 0.12436 0.00115 ( 1)
 188 G   0.86691 0.00396 0.12850 0.00063 ( 1)
 189 T   0.71758 0.14765 0.11112 0.02364 ( 1)
 190 P   0.87233 0.00022 0.12742 0.00003 ( 1)
 191 F   0.50071 0.36914 0.07105 0.05910 ( 1)
 192 L   0.86473 0.00470 0.12982 0.00075 ( 1)
 193 T   0.72097 0.15035 0.10460 0.02407 ( 1)
 194 T   0.87379 0.00229 0.12356 0.00037 ( 1)
 195 G   0.87372 0.00061 0.12557 0.00010 ( 1)
 196 V   0.00003 0.86193 0.00004 0.13800 ( 2)
 197 V   0.86552 0.00716 0.12618 0.00115 ( 1)
 198 F   0.87502 0.00092 0.12392 0.00015 ( 1)
 199 S   0.87325 0.00133 0.12520 0.00021 ( 1)
 200 W   0.86026 0.00560 0.13325 0.00090 ( 1)
 201 T   0.86519 0.00067 0.13403 0.00011 ( 1)
 202 H   0.87458 0.00018 0.12522 0.00003 ( 1)
 203 R   0.87305 0.00014 0.12679 0.00002 ( 1)
 204 S   0.87651 0.00024 0.12321 0.00004 ( 1)


lnL = -2862.208399

