Supplemental results for CODEML (seqf: algn  treef: tree)


dN/dS (w) for site classes (K=4)

site class             0        1       2a       2b
proportion       0.41394  0.53789  0.02095  0.02723
background w     0.15416  1.00000  0.15416  1.00000
foreground w     0.15416  1.00000 999.00000 999.00000

Naive Empirical Bayes (NEB) probabilities for 4 classes
(amino acids refer to 1st sequence: BT_Cry24Ca1)

   1 -   0.41394 0.53789 0.02095 0.02723 ( 2)
   2 -   0.84509 0.10673 0.04277 0.00540 ( 1)
   3 A   0.00392 0.99531 0.00000 0.00077 ( 2)
   4 D   0.99797 0.00000 0.00203 0.00000 ( 1)
   5 K   0.99540 0.00271 0.00188 0.00001 ( 1)
   6 I   0.99746 0.00000 0.00254 0.00000 ( 1)
   7 T   0.99818 0.00113 0.00069 0.00000 ( 1)
   8 Q   0.99920 0.00000 0.00080 0.00000 ( 1)
   9 I   0.99710 0.00000 0.00290 0.00000 ( 1)
  10 P   0.99861 0.00012 0.00128 0.00000 ( 1)
  11 A   0.99575 0.00001 0.00424 0.00000 ( 1)
  12 V   0.99920 0.00019 0.00062 0.00000 ( 1)
  13 K   0.97207 0.00000 0.02792 0.00000 ( 1)
  14 T   0.99734 0.00085 0.00181 0.00000 ( 1)
  15 W   0.00982 0.98857 0.00001 0.00160 ( 2)
  16 E   0.00001 0.95219 0.00000 0.04780 ( 2)
  17 I   0.55045 0.44679 0.00111 0.00165 ( 1)
  18 R   0.00003 0.99838 0.00000 0.00160 ( 2)
  19 G   0.00302 0.99380 0.00001 0.00317 ( 2)
  20 -   0.00138 0.91869 0.00087 0.07907 ( 2)
  21 -   0.30681 0.69030 0.00057 0.00232 ( 2)
  22 -   0.41394 0.53789 0.02095 0.02723 ( 2)
  23 -   0.02853 0.92329 0.00144 0.04673 ( 2)
  24 -   0.03015 0.92167 0.00153 0.04665 ( 2)
  25 T   0.00000 0.98161 0.00000 0.01839 ( 2)
  26 S   0.35935 0.51671 0.09880 0.02514 ( 2)
  27 S   0.00000 0.98812 0.00000 0.01188 ( 2)
  28 V   0.99951 0.00001 0.00048 0.00000 ( 1)
  29 V   0.04951 0.94783 0.00010 0.00255 ( 2)
  30 A   0.24647 0.75148 0.00045 0.00160 ( 2)
  31 G   0.99863 0.00001 0.00136 0.00000 ( 1)
  32 P   0.99910 0.00002 0.00088 0.00000 ( 1)
  33 G   0.99867 0.00000 0.00133 0.00000 ( 1)
  34 N   0.00001 0.99785 0.00000 0.00214 ( 2)
  35 T   0.99831 0.00000 0.00169 0.00000 ( 1)
  36 G   0.99893 0.00001 0.00106 0.00000 ( 1)
  37 G   0.99892 0.00001 0.00106 0.00000 ( 1)
  38 N   0.99797 0.00000 0.00203 0.00000 ( 1)
  39 L   0.99670 0.00154 0.00176 0.00000 ( 1)
  40 V   0.99825 0.00005 0.00169 0.00000 ( 1)
  41 K   0.00002 0.99950 0.00000 0.00048 ( 2)
  42 M   0.99553 0.00335 0.00111 0.00000 ( 1)
  43 S   0.00000 0.00568 0.00661 0.98771 ( 4)
  44 -   0.41394 0.53789 0.02095 0.02723 ( 2)
  45 Y   0.00000 0.29705 0.00000 0.70295 ( 4)
  46 H   0.00000 0.31346 0.00000 0.68654 ( 4)
  47 S   0.00103 0.21095 0.03008 0.75794 ( 4)
  48 V   0.00020 0.99907 0.00000 0.00072 ( 2)
  49 -   0.14045 0.81137 0.00711 0.04107 ( 2)
  50 -   0.47119 0.48064 0.02385 0.02433 ( 2)
  51 -   0.41394 0.53789 0.02095 0.02723 ( 2)
  52 -   0.11092 0.84090 0.00561 0.04256 ( 2)
  53 -   0.66766 0.28417 0.03379 0.01438 ( 1)
  54 W   0.75447 0.24429 0.00091 0.00033 ( 1)
  55 N   0.02486 0.97295 0.00005 0.00215 ( 2)
  56 I   0.99803 0.00001 0.00196 0.00000 ( 1)
  57 K   0.02397 0.97531 0.00002 0.00070 ( 2)
  58 F   0.41375 0.58507 0.00046 0.00071 ( 2)
  59 T   0.00042 0.99693 0.00000 0.00265 ( 2)
  60 C   0.00011 0.99887 0.00000 0.00102 ( 2)
  61 -   0.05962 0.93873 0.00009 0.00156 ( 2)
  62 -   0.57415 0.37767 0.02906 0.01912 ( 1)
  63 -   0.55912 0.39270 0.02830 0.01988 ( 1)
  64 -   0.26207 0.68975 0.01326 0.03491 ( 2)
  65 Q   0.00000 0.99967 0.00000 0.00033 ( 2)
  66 Q   0.00000 0.99939 0.00000 0.00061 ( 2)
  67 L   0.00713 0.98985 0.00002 0.00300 ( 2)
  68 K   0.89458 0.10350 0.00169 0.00023 ( 1)
  69 R   0.15728 0.83971 0.00038 0.00264 ( 2)
  70 Y   0.99531 0.00438 0.00030 0.00000 ( 1)
  71 R   0.78932 0.20322 0.00566 0.00180 ( 1)
  72 V   0.99782 0.00006 0.00212 0.00000 ( 1)
  73 R   0.99877 0.00000 0.00122 0.00000 ( 1)
  74 I   0.99657 0.00129 0.00213 0.00000 ( 1)
  75 R   0.99977 0.00008 0.00015 0.00000 ( 1)
  76 Y   0.99861 0.00000 0.00139 0.00000 ( 1)
  77 A   0.21830 0.77910 0.00045 0.00215 ( 2)
  78 S   0.99741 0.00106 0.00153 0.00000 ( 1)
  79 D   0.00000 0.78407 0.00000 0.21593 ( 2)
  80 G   0.00000 0.86106 0.00000 0.13894 ( 2)
  81 N   0.00000 0.97277 0.00000 0.02723 ( 2)
  82 C   0.97926 0.01940 0.00131 0.00003 ( 1)
  83 Q   0.00000 0.99859 0.00000 0.00141 ( 2)
  84 L   0.00010 0.99861 0.00000 0.00130 ( 2)
  85 A   0.00000 0.99922 0.00000 0.00078 ( 2)
  86 M   0.72732 0.27092 0.00123 0.00053 ( 1)
  87 R   0.00000 0.99812 0.00000 0.00188 ( 2)
  88 R   0.16744 0.83118 0.00021 0.00118 ( 2)
  89 -   0.01124 0.94058 0.00057 0.04761 ( 2)
  90 W   0.00123 0.99853 0.00000 0.00024 ( 2)
  91 -   0.02100 0.93083 0.00106 0.04711 ( 2)
  92 -   0.02441 0.92741 0.00124 0.04694 ( 2)
  93 -   0.01514 0.93668 0.00077 0.04741 ( 2)
  94 R   0.00844 0.94338 0.00043 0.04775 ( 2)
  95 G   0.00573 0.94609 0.00029 0.04789 ( 2)
  96 G   0.01550 0.98416 0.00001 0.00033 ( 2)
  97 P   0.00000 0.93452 0.00000 0.06548 ( 2)
  98 G   0.02085 0.97725 0.00003 0.00187 ( 2)
  99 Y   0.00000 0.99858 0.00000 0.00142 ( 2)
 100 V   0.00000 0.99461 0.00000 0.00539 ( 2)
 101 Q   0.00000 0.98568 0.00000 0.01432 ( 2)
 102 -   0.41394 0.53789 0.02095 0.02723 ( 2)
 103 E   0.00058 0.99626 0.00000 0.00315 ( 2)
 104 A   0.00000 0.59766 0.00000 0.40234 ( 2)
 105 R   0.00000 0.97576 0.00000 0.02424 ( 2)
 106 H   0.99805 0.00056 0.00139 0.00000 ( 1)
 107 T   0.00000 0.96197 0.00000 0.03803 ( 2)
 108 V   0.00000 0.98353 0.00000 0.01647 ( 2)
 109 Q   0.00000 0.00650 0.00244 0.99106 ( 4)
 110 R   0.00000 0.99511 0.00000 0.00489 ( 2)
 111 T   0.60193 0.39745 0.00037 0.00025 ( 1)
 112 F   0.04007 0.95835 0.00005 0.00153 ( 2)
 113 S   0.00000 0.97326 0.00000 0.02674 ( 2)
 114 -   0.28209 0.66973 0.01428 0.03390 ( 2)
 115 G   0.79816 0.15367 0.04040 0.00778 ( 1)
 116 S   0.00396 0.94786 0.00020 0.04798 ( 2)
 117 M   0.54854 0.40328 0.02776 0.02041 ( 1)
 118 T   0.93406 0.01777 0.04728 0.00090 ( 1)
 119 Y   0.16716 0.79512 0.01529 0.02242 ( 2)
 120 D   0.00158 0.98935 0.00001 0.00906 ( 2)
 121 S   0.00000 0.99892 0.00000 0.00108 ( 2)
 122 F   0.99861 0.00000 0.00139 0.00000 ( 1)
 123 K   0.00004 0.99435 0.00000 0.00560 ( 2)
 124 Y   0.99864 0.00000 0.00136 0.00000 ( 1)
 125 L   0.01217 0.98719 0.00001 0.00063 ( 2)
 126 D   0.38960 0.60993 0.00018 0.00030 ( 2)
 127 I   0.99575 0.00377 0.00048 0.00000 ( 1)
 128 F   0.55212 0.44662 0.00067 0.00059 ( 1)
 129 T   0.99734 0.00053 0.00213 0.00000 ( 1)
 130 M   0.81445 0.18322 0.00184 0.00050 ( 1)
 131 P   0.77456 0.22370 0.00131 0.00043 ( 1)
 132 A   0.03442 0.88596 0.01484 0.06478 ( 2)
 133 -   0.44543 0.50639 0.02255 0.02563 ( 2)
 134 -   0.53394 0.41789 0.02703 0.02115 ( 1)
 135 -   0.53925 0.41257 0.02729 0.02088 ( 1)
 136 -   0.06892 0.88291 0.00349 0.04469 ( 2)
 137 -   0.83595 0.11587 0.04231 0.00586 ( 1)
 138 E   0.00746 0.98936 0.00002 0.00316 ( 2)
 139 D   0.10137 0.89775 0.00008 0.00081 ( 2)
 140 Y   0.00031 0.99826 0.00000 0.00143 ( 2)
 141 T   0.00003 0.99844 0.00000 0.00153 ( 2)
 142 F   0.99736 0.00052 0.00212 0.00000 ( 1)
 143 N   0.98963 0.00876 0.00160 0.00002 ( 1)
 144 L   0.96142 0.03661 0.00189 0.00008 ( 1)
 145 T   0.06973 0.92732 0.00017 0.00278 ( 2)
 146 I   0.99786 0.00017 0.00197 0.00000 ( 1)
 147 D   0.00943 0.98970 0.00001 0.00086 ( 2)
 148 -   0.50504 0.44679 0.02556 0.02261 ( 1)
 149 -   0.49870 0.45312 0.02524 0.02293 ( 1)
 150 -   0.48116 0.47067 0.02435 0.02382 ( 1)
 151 L   0.99677 0.00083 0.00240 0.00000 ( 1)
 152 E   0.00001 0.99908 0.00000 0.00091 ( 2)
 153 S   0.00000 0.98171 0.00000 0.01829 ( 2)
 154 G   0.01979 0.91421 0.00858 0.05741 ( 2)
 155 G   0.00000 0.94442 0.00000 0.05558 ( 2)
 156 A   0.00000 0.95219 0.00000 0.04781 ( 2)
 157 L   0.73911 0.07078 0.18698 0.00314 ( 1)
 158 Y   0.00201 0.99720 0.00000 0.00079 ( 2)
 159 I   0.79495 0.06558 0.13811 0.00136 ( 1)
 160 D   0.99951 0.00004 0.00046 0.00000 ( 1)
 161 K   0.99811 0.00000 0.00189 0.00000 ( 1)
 162 I   0.97049 0.02697 0.00243 0.00011 ( 1)
 163 E   0.99839 0.00000 0.00161 0.00000 ( 1)
 164 F   0.99606 0.00255 0.00138 0.00000 ( 1)
 165 -   0.95164 0.00019 0.04817 0.00001 ( 1)
 166 -   0.86034 0.09148 0.04355 0.00463 ( 1)


lnL = -6417.211031

Bayes Empirical Bayes (BEB) probabilities for 4 classes (class)
(amino acids refer to 1st sequence: BT_Cry24Ca1)

   1 -   0.37998 0.49998 0.05197 0.06807 ( 2)
   2 -   0.77921 0.10074 0.10637 0.01368 ( 1)
   3 A   0.00311 0.92414 0.00022 0.07253 ( 2)
   4 D   0.95512 0.00000 0.04488 0.00000 ( 1)
   5 K   0.94545 0.00280 0.05157 0.00018 ( 1)
   6 I   0.95148 0.00000 0.04851 0.00000 ( 1)
   7 T   0.90872 0.00105 0.09012 0.00011 ( 1)
   8 Q   0.93229 0.00000 0.06771 0.00000 ( 1)
   9 I   0.95134 0.00000 0.04865 0.00000 ( 1)
  10 P   0.94087 0.00011 0.05901 0.00001 ( 1)
  11 A   0.94005 0.00001 0.05993 0.00000 ( 1)
  12 V   0.90915 0.00017 0.09067 0.00002 ( 1)
  13 K   0.91470 0.00000 0.08530 0.00000 ( 1)
  14 T   0.94807 0.00085 0.05102 0.00005 ( 1)
  15 W   0.00766 0.93532 0.00040 0.05662 ( 2)
  16 E   0.00001 0.82147 0.00001 0.17852 ( 2)
  17 I   0.49148 0.44714 0.02829 0.03308 ( 1)
  18 R   0.00002 0.91985 0.00000 0.08013 ( 2)
  19 G   0.00239 0.94228 0.00011 0.05522 ( 2)
  20 -   0.00105 0.79862 0.00180 0.19853 ( 2)
  21 -   0.27760 0.65367 0.01904 0.04969 ( 2)
  22 -   0.37998 0.49998 0.05197 0.06807 ( 2)
  23 -   0.02512 0.85484 0.00344 0.11660 ( 2)
  24 -   0.02657 0.85339 0.00364 0.11640 ( 2)
  25 T   0.00000 0.86328 0.00000 0.13672 ( 2)
  26 S   0.20451 0.33989 0.35545 0.10014 ( 3)
  27 S   0.00000 0.91165 0.00000 0.08835 ( 2)
  28 V   0.90439 0.00001 0.09560 0.00000 ( 1)
  29 V   0.04112 0.89576 0.00237 0.06075 ( 2)
  30 A   0.21011 0.73313 0.01127 0.04549 ( 2)
  31 G   0.93596 0.00001 0.06402 0.00000 ( 1)
  32 P   0.94107 0.00001 0.05891 0.00000 ( 1)
  33 G   0.94754 0.00000 0.05246 0.00000 ( 1)
  34 N   0.00001 0.93418 0.00000 0.06581 ( 2)
  35 T   0.94229 0.00000 0.05771 0.00000 ( 1)
  36 G   0.93607 0.00001 0.06392 0.00000 ( 1)
  37 G   0.93606 0.00001 0.06393 0.00000 ( 1)
  38 N   0.95512 0.00000 0.04488 0.00000 ( 1)
  39 L   0.93963 0.00152 0.05874 0.00011 ( 1)
  40 V   0.94159 0.00005 0.05836 0.00000 ( 1)
  41 K   0.00002 0.91580 0.00000 0.08418 ( 2)
  42 M   0.92650 0.00324 0.07000 0.00026 ( 1)
  43 S   0.00002 0.21293 0.00306 0.78398 ( 4)
  44 -   0.37998 0.49998 0.05197 0.06807 ( 2)
  45 Y   0.00000 0.28884 0.00000 0.71116 ( 4)
  46 H   0.00000 0.78156 0.00000 0.21844 ( 2)
  47 S   0.00285 0.69071 0.00937 0.29706 ( 2)
  48 V   0.00015 0.93027 0.00001 0.06957 ( 2)
  49 -   0.12517 0.75479 0.01714 0.10291 ( 2)
  50 -   0.43267 0.44729 0.05917 0.06087 ( 2)
  51 -   0.37998 0.49998 0.05197 0.06807 ( 2)
  52 -   0.09864 0.78132 0.01350 0.10654 ( 2)
  53 -   0.61324 0.26672 0.08379 0.03625 ( 1)
  54 W   0.68535 0.24292 0.05186 0.01987 ( 1)
  55 N   0.01973 0.92152 0.00107 0.05768 ( 2)
  56 I   0.94576 0.00001 0.05423 0.00000 ( 1)
  57 K   0.01914 0.91141 0.00130 0.06814 ( 2)
  58 F   0.35562 0.57083 0.02688 0.04667 ( 2)
  59 T   0.00032 0.94187 0.00002 0.05780 ( 2)
  60 C   0.00008 0.93465 0.00001 0.06526 ( 2)
  61 -   0.04909 0.88559 0.00307 0.06225 ( 2)
  62 -   0.52768 0.35227 0.07213 0.04791 ( 1)
  63 -   0.51378 0.36618 0.07023 0.04981 ( 1)
  64 -   0.23503 0.64493 0.03217 0.08788 ( 2)
  65 Q   0.00000 0.89713 0.00000 0.10287 ( 2)
  66 Q   0.00000 0.90634 0.00000 0.09366 ( 2)
  67 L   0.00560 0.94203 0.00025 0.05212 ( 2)
  68 K   0.83723 0.11021 0.04566 0.00691 ( 1)
  69 R   0.12955 0.81903 0.00591 0.04550 ( 2)
  70 Y   0.89642 0.00402 0.09911 0.00045 ( 1)
  71 R   0.70706 0.20062 0.07008 0.02225 ( 1)
  72 V   0.94924 0.00006 0.05070 0.00000 ( 1)
  73 R   0.94424 0.00000 0.05575 0.00000 ( 1)
  74 I   0.94794 0.00131 0.05067 0.00008 ( 1)
  75 R   0.89634 0.00007 0.10358 0.00001 ( 1)
  76 Y   0.94382 0.00000 0.05618 0.00000 ( 1)
  77 A   0.18627 0.74597 0.01241 0.05536 ( 2)
  78 S   0.95361 0.00111 0.04522 0.00006 ( 1)
  79 D   0.00000 0.60065 0.00000 0.39935 ( 2)
  80 G   0.00000 0.64579 0.00000 0.35421 ( 2)
  81 N   0.00000 0.83891 0.00000 0.16109 ( 2)
  82 C   0.92697 0.02042 0.05132 0.00129 ( 1)
  83 Q   0.00000 0.90174 0.00000 0.09826 ( 2)
  84 L   0.00007 0.92406 0.00001 0.07586 ( 2)
  85 A   0.00000 0.90781 0.00000 0.09219 ( 2)
  86 M   0.66106 0.27855 0.04096 0.01943 ( 1)
  87 R   0.00000 0.93940 0.00000 0.06060 ( 2)
  88 R   0.14035 0.79819 0.00828 0.05319 ( 2)
  89 -   0.00966 0.87030 0.00132 0.11872 ( 2)
  90 W   0.00096 0.90204 0.00010 0.09690 ( 2)
  91 -   0.01846 0.86150 0.00253 0.11751 ( 2)
  92 -   0.02148 0.85848 0.00294 0.11710 ( 2)
  93 -   0.01306 0.86690 0.00179 0.11825 ( 2)
  94 R   0.00727 0.87269 0.00100 0.11905 ( 2)
  95 G   0.00493 0.87503 0.00067 0.11937 ( 2)
  96 G   0.01227 0.88632 0.00135 0.10006 ( 2)
  97 P   0.00000 0.91891 0.00000 0.08109 ( 2)
  98 G   0.01651 0.93061 0.00078 0.05210 ( 2)
  99 Y   0.00000 0.93629 0.00000 0.06371 ( 2)
 100 V   0.00000 0.92705 0.00000 0.07295 ( 2)
 101 Q   0.00000 0.87979 0.00000 0.12021 ( 2)
 102 -   0.37998 0.49998 0.05197 0.06807 ( 2)
 103 E   0.00043 0.94662 0.00002 0.05292 ( 2)
 104 A   0.00000 0.52705 0.00000 0.47295 ( 2)
 105 R   0.00000 0.85617 0.00000 0.14383 ( 2)
 106 H   0.94927 0.00057 0.05012 0.00003 ( 1)
 107 T   0.00000 0.81197 0.00000 0.18803 ( 2)
 108 V   0.00000 0.87596 0.00000 0.12404 ( 2)
 109 Q   0.00004 0.27710 0.00146 0.72140 ( 4)
 110 R   0.00000 0.92880 0.00000 0.07120 ( 2)
 111 T   0.52962 0.37871 0.05261 0.03906 ( 1)
 112 F   0.03215 0.90875 0.00177 0.05733 ( 2)
 113 S   0.00000 0.87923 0.00000 0.12077 ( 2)
 114 -   0.24759 0.63237 0.03388 0.08616 ( 2)
 115 G   0.72853 0.15142 0.09948 0.02056 ( 1)
 116 S   0.00320 0.87676 0.00044 0.11960 ( 2)
 117 M   0.49142 0.38853 0.06719 0.05286 ( 1)
 118 T   0.86267 0.01729 0.11770 0.00235 ( 1)
 119 Y   0.12410 0.68129 0.06820 0.12642 ( 2)
 120 D   0.00118 0.92239 0.00008 0.07635 ( 2)
 121 S   0.00000 0.92007 0.00000 0.07993 ( 2)
 122 F   0.94985 0.00000 0.05015 0.00000 ( 1)
 123 K   0.00003 0.87890 0.00000 0.12106 ( 2)
 124 Y   0.94383 0.00000 0.05617 0.00000 ( 1)
 125 L   0.00965 0.89619 0.00096 0.09319 ( 2)
 126 D   0.33234 0.58458 0.02907 0.05401 ( 2)
 127 I   0.90121 0.00356 0.09485 0.00039 ( 1)
 128 F   0.48745 0.43967 0.03689 0.03599 ( 1)
 129 T   0.94866 0.00054 0.05076 0.00003 ( 1)
 130 M   0.75482 0.19351 0.03976 0.01190 ( 1)
 131 P   0.71147 0.22916 0.04356 0.01581 ( 1)
 132 A   0.02188 0.65510 0.05475 0.26827 ( 2)
 133 -   0.40895 0.47100 0.05593 0.06411 ( 2)
 134 -   0.49051 0.38945 0.06706 0.05298 ( 1)
 135 -   0.49543 0.38453 0.06773 0.05231 ( 1)
 136 -   0.06013 0.81983 0.00823 0.11181 ( 2)
 137 -   0.76994 0.11001 0.10511 0.01494 ( 1)
 138 E   0.00587 0.94103 0.00027 0.05283 ( 2)
 139 D   0.08319 0.84406 0.00604 0.06671 ( 2)
 140 Y   0.00023 0.91665 0.00002 0.08310 ( 2)
 141 T   0.00002 0.94075 0.00000 0.05922 ( 2)
 142 F   0.94878 0.00052 0.05067 0.00003 ( 1)
 143 N   0.93713 0.00922 0.05306 0.00059 ( 1)
 144 L   0.90782 0.03766 0.05205 0.00247 ( 1)
 145 T   0.05780 0.88623 0.00293 0.05304 ( 2)
 146 I   0.94560 0.00017 0.05422 0.00001 ( 1)
 147 D   0.00736 0.91953 0.00053 0.07257 ( 2)
 148 -   0.46386 0.41610 0.06342 0.05662 ( 1)
 149 -   0.45802 0.42194 0.06263 0.05741 ( 1)
 150 -   0.44185 0.43811 0.06042 0.05962 ( 1)
 151 L   0.95527 0.00086 0.04382 0.00005 ( 1)
 152 E   0.00001 0.92116 0.00000 0.07884 ( 2)
 153 S   0.00000 0.88332 0.00000 0.11668 ( 2)
 154 G   0.01284 0.71335 0.03190 0.24191 ( 2)
 155 G   0.00000 0.91803 0.00000 0.08197 ( 2)
 156 A   0.00000 0.85334 0.00000 0.14666 ( 2)
 157 L   0.39876 0.04360 0.54706 0.01058 ( 3)
 158 Y   0.00155 0.90405 0.00016 0.09424 ( 2)
 159 I   0.46115 0.04207 0.49088 0.00589 ( 3)
 160 D   0.91964 0.00003 0.08033 0.00000 ( 1)
 161 K   0.94828 0.00000 0.05172 0.00000 ( 1)
 162 I   0.92079 0.02795 0.04948 0.00178 ( 1)
 163 E   0.94641 0.00000 0.05359 0.00000 ( 1)
 164 F   0.94725 0.00258 0.05001 0.00016 ( 1)
 165 -   0.87979 0.00017 0.12002 0.00002 ( 1)
 166 -   0.79429 0.08567 0.10841 0.01163 ( 1)

