Supplemental results for CODEML (seqf: algn  treef: tree)


dN/dS (w) for site classes (K=4)

site class             0        1       2a       2b
proportion       0.00000  0.00000  0.59918  0.40082
background w     0.05252  0.75532  0.05252  0.75532
foreground w     0.05252  0.75532  0.08975  0.08975

Naive Empirical Bayes (NEB) probabilities for 4 classes
(amino acids refer to 1st sequence: BT_Cry7Cb1)

   1 -   0.00000 0.00000 0.59918 0.40082 ( 3)
   2 -   0.00000 0.00000 0.59918 0.40082 ( 3)
   3 A   0.00000 0.00000 0.82996 0.17004 ( 3)
   4 G   0.00000 0.00000 0.99427 0.00573 ( 3)
   5 G   0.00000 0.00000 0.00461 0.99539 ( 4)
   6 I   0.00000 0.00000 0.96029 0.03971 ( 3)
   7 V   0.00000 0.00000 0.02456 0.97544 ( 4)
   8 A   0.00000 0.00000 0.13007 0.86993 ( 4)
   9 L   0.00000 0.00000 0.79021 0.20979 ( 3)
  10 F   0.00000 0.00000 0.89662 0.10338 ( 3)
  11 T   0.00000 0.00000 0.76918 0.23082 ( 3)
  12 E   0.00000 0.00000 0.00108 0.99892 ( 4)
  13 V   0.00000 0.00000 0.09931 0.90069 ( 4)
  14 L   0.00000 0.00000 0.21508 0.78492 ( 4)
  15 R   0.00000 0.00000 0.16527 0.83473 ( 4)
  16 L   0.00000 0.00000 0.04764 0.95236 ( 4)
  17 L   0.00000 0.00000 0.97218 0.02782 ( 3)
  18 W   0.00000 0.00000 0.93305 0.06695 ( 3)
  19 P   0.00000 0.00000 0.99076 0.00924 ( 3)
  20 N   0.00000 0.00000 0.00164 0.99836 ( 4)
  21 K   0.00000 0.00000 0.02321 0.97679 ( 4)
  22 Q   0.00000 0.00000 0.02565 0.97435 ( 4)
  23 D   0.00000 0.00000 0.00027 0.99973 ( 4)
  24 E   0.00000 0.00000 0.00020 0.99980 ( 4)
  25 L   0.00000 0.00000 0.54581 0.45419 ( 3)
  26 W   0.00000 0.00000 0.93305 0.06695 ( 3)
  27 E   0.00000 0.00000 0.96612 0.03388 ( 3)
  28 S   0.00000 0.00000 0.00779 0.99221 ( 4)
  29 F   0.00000 0.00000 0.91028 0.08972 ( 3)
  30 M   0.00000 0.00000 0.99783 0.00217 ( 3)
  31 K   0.00000 0.00000 0.01450 0.98550 ( 4)
  32 E   0.00000 0.00000 0.91672 0.08328 ( 3)
  33 V   0.00000 0.00000 0.98616 0.01384 ( 3)
  34 E   0.00000 0.00000 0.98902 0.01098 ( 3)
  35 K   0.00000 0.00000 0.00023 0.99977 ( 4)
  36 L   0.00000 0.00000 0.98746 0.01254 ( 3)
  37 I   0.00000 0.00000 0.99144 0.00856 ( 3)
  38 E   0.00000 0.00000 0.07293 0.92707 ( 4)
  39 Q   0.00000 0.00000 0.99344 0.00656 ( 3)
  40 E   0.00000 0.00000 0.92247 0.07753 ( 3)
  41 I   0.00000 0.00000 0.99368 0.00632 ( 3)
  42 T   0.00000 0.00000 0.87190 0.12810 ( 3)
  43 D   0.00000 0.00000 0.32899 0.67101 ( 4)
  44 A   0.00000 0.00000 0.04693 0.95307 ( 4)
  45 V   0.00000 0.00000 0.78729 0.21271 ( 3)
  46 V   0.00000 0.00000 0.18363 0.81637 ( 4)
  47 S   0.00000 0.00000 0.00463 0.99537 ( 4)
  48 K   0.00000 0.00000 0.85954 0.14046 ( 3)
  49 A   0.00000 0.00000 0.98940 0.01060 ( 3)
  50 L   0.00000 0.00000 0.96383 0.03617 ( 3)
  51 A   0.00000 0.00000 0.31558 0.68442 ( 4)
  52 E   0.00000 0.00000 0.89303 0.10697 ( 3)
  53 L   0.00000 0.00000 0.97862 0.02138 ( 3)
  54 E   0.00000 0.00000 0.59415 0.40585 ( 3)
  55 G   0.00000 0.00000 0.98800 0.01200 ( 3)
  56 L   0.00000 0.00000 0.97998 0.02002 ( 3)
  57 R   0.00000 0.00000 0.74011 0.25989 ( 3)
  58 N   0.00000 0.00000 0.90725 0.09275 ( 3)
  59 A   0.00000 0.00000 0.00824 0.99176 ( 4)
  60 L   0.00000 0.00000 0.07184 0.92816 ( 4)
  61 Q   0.00000 0.00000 0.01935 0.98065 ( 4)
  62 G   0.00000 0.00000 0.14457 0.85543 ( 4)
  63 Y   0.00000 0.00000 0.97201 0.02799 ( 3)
  64 T   0.00000 0.00000 0.01148 0.98852 ( 4)
  65 D   0.00000 0.00000 0.00263 0.99737 ( 4)
  66 A   0.00000 0.00000 0.85307 0.14693 ( 3)
  67 L   0.00000 0.00000 0.97954 0.02046 ( 3)
  68 E   0.00000 0.00000 0.86893 0.13107 ( 3)
  69 A   0.00000 0.00000 0.04440 0.95560 ( 4)
  70 W   0.00000 0.00000 0.93305 0.06695 ( 3)
  71 Q   0.00000 0.00000 0.68197 0.31803 ( 3)
  72 N   0.00000 0.00000 0.54390 0.45610 ( 3)
  73 N   0.00000 0.00000 0.99673 0.00327 ( 3)
  74 R   0.00000 0.00000 0.70595 0.29405 ( 3)
  75 S   0.00000 0.00000 0.87629 0.12371 ( 3)
  76 D   0.00000 0.00000 0.26444 0.73556 ( 4)
  77 K   0.00000 0.00000 0.91515 0.08485 ( 3)
  78 L   0.00000 0.00000 0.48484 0.51516 ( 4)
  79 K   0.00000 0.00000 0.00382 0.99618 ( 4)
  80 Q   0.00000 0.00000 0.03159 0.96841 ( 4)
  81 L   0.00000 0.00000 0.04720 0.95280 ( 4)
  82 L   0.00000 0.00000 0.11381 0.88619 ( 4)
  83 V   0.00000 0.00000 0.97726 0.02274 ( 3)
  84 Y   0.00000 0.00000 0.00043 0.99957 ( 4)
  85 D   0.00000 0.00000 0.00310 0.99690 ( 4)
  86 R   0.00000 0.00000 0.75949 0.24051 ( 3)
  87 F   0.00000 0.00000 0.90691 0.09309 ( 3)
  88 V   0.00000 0.00000 0.16510 0.83490 ( 4)
  89 S   0.00000 0.00000 0.00625 0.99375 ( 4)
  90 T   0.00000 0.00000 0.15172 0.84828 ( 4)
  91 E   0.00000 0.00000 0.87081 0.12919 ( 3)
  92 N   0.00000 0.00000 0.00561 0.99439 ( 4)
  93 L   0.00000 0.00000 0.05443 0.94557 ( 4)
  94 F   0.00000 0.00000 0.99631 0.00369 ( 3)
  95 K   0.00000 0.00000 0.03655 0.96345 ( 4)
  96 F   0.00000 0.00000 0.00026 0.99974 ( 4)
  97 A   0.00000 0.00000 0.00244 0.99756 ( 4)
  98 M   0.00000 0.00000 0.82824 0.17176 ( 3)
  99 P   0.00000 0.00000 0.98577 0.01423 ( 3)
 100 S   0.00000 0.00000 0.98943 0.01057 ( 3)
 101 F   0.00000 0.00000 0.99631 0.00369 ( 3)
 102 R   0.00000 0.00000 0.11293 0.88707 ( 4)
 103 V   0.00000 0.00000 0.01489 0.98511 ( 4)
 104 G   0.00000 0.00000 0.00118 0.99882 ( 4)
 105 G   0.00000 0.00000 0.99239 0.00761 ( 3)
 106 F   0.00000 0.00000 0.02013 0.97987 ( 4)
 107 E   0.00000 0.00000 0.99272 0.00728 ( 3)
 108 V   0.00000 0.00000 0.80938 0.19062 ( 3)
 109 P   0.00000 0.00000 0.99391 0.00609 ( 3)
 110 L   0.00000 0.00000 0.97998 0.02002 ( 3)
 111 L   0.00000 0.00000 0.95853 0.04147 ( 3)
 112 T   0.00000 0.00000 0.82269 0.17731 ( 3)
 113 V   0.00000 0.00000 0.98616 0.01384 ( 3)
 114 Y   0.00000 0.00000 0.99051 0.00949 ( 3)
 115 A   0.00000 0.00000 0.99128 0.00872 ( 3)
 116 Q   0.00000 0.00000 0.99344 0.00656 ( 3)
 117 A   0.00000 0.00000 0.98453 0.01547 ( 3)
 118 A   0.00000 0.00000 0.99030 0.00970 ( 3)
 119 N   0.00000 0.00000 0.99069 0.00931 ( 3)
 120 L   0.00000 0.00000 0.97318 0.02682 ( 3)
 121 H   0.00000 0.00000 0.98949 0.01051 ( 3)
 122 L   0.00000 0.00000 0.97554 0.02446 ( 3)
 123 L   0.00000 0.00000 0.09461 0.90539 ( 4)
 124 L   0.00000 0.00000 0.97998 0.02002 ( 3)
 125 L   0.00000 0.00000 0.97998 0.02002 ( 3)
 126 K   0.00000 0.00000 0.69035 0.30965 ( 3)
 127 N   0.00000 0.00000 0.93222 0.06778 ( 3)
 128 S   0.00000 0.00000 0.88806 0.11194 ( 3)
 129 E   0.00000 0.00000 0.08537 0.91463 ( 4)
 130 L   0.00000 0.00000 0.78479 0.21521 ( 3)
 131 F   0.00000 0.00000 0.99570 0.00430 ( 3)
 132 G   0.00000 0.00000 0.98855 0.01145 ( 3)
 133 A   0.00000 0.00000 0.83594 0.16406 ( 3)
 134 E   0.00000 0.00000 0.95573 0.04427 ( 3)
 135 W   0.00000 0.00000 0.93305 0.06695 ( 3)
 136 G   0.00000 0.00000 0.98984 0.01016 ( 3)
 137 M   0.00000 0.00000 0.19806 0.80194 ( 4)
 138 Q   0.00000 0.00000 0.01439 0.98561 ( 4)
 139 Q   0.00000 0.00000 0.19220 0.80780 ( 4)
 140 Y   0.00000 0.00000 0.00025 0.99975 ( 4)
 141 E   0.00000 0.00000 0.58012 0.41988 ( 3)
 142 I   0.00000 0.00000 0.99290 0.00710 ( 3)
 143 D   0.00000 0.00000 0.01318 0.98682 ( 4)
 144 L   0.00000 0.00000 0.00083 0.99917 ( 4)
 145 F   0.00000 0.00000 0.87473 0.12527 ( 3)
 146 Y   0.00000 0.00000 0.98708 0.01292 ( 3)
 147 N   0.00000 0.00000 0.94570 0.05430 ( 3)
 148 E   0.00000 0.00000 0.17191 0.82809 ( 4)
 149 Q   0.00000 0.00000 0.98820 0.01180 ( 3)
 150 K   0.00000 0.00000 0.23585 0.76415 ( 4)
 151 D   0.00000 0.00000 0.00475 0.99525 ( 4)
 152 Y   0.00000 0.00000 0.01508 0.98492 ( 4)
 153 V   0.00000 0.00000 0.10955 0.89045 ( 4)
 154 V   0.00000 0.00000 0.16416 0.83584 ( 4)
 155 E   0.00000 0.00000 0.91672 0.08328 ( 3)
 156 Y   0.00000 0.00000 0.97998 0.02002 ( 3)
 157 T   0.00000 0.00000 0.76832 0.23168 ( 3)
 158 D   0.00000 0.00000 0.99580 0.00420 ( 3)
 159 H   0.00000 0.00000 0.92717 0.07283 ( 3)
 160 C   0.00000 0.00000 0.99050 0.00950 ( 3)
 161 V   0.00000 0.00000 0.98602 0.01398 ( 3)
 162 K   0.00000 0.00000 0.54210 0.45790 ( 3)
 163 W   0.00000 0.00000 0.93305 0.06695 ( 3)
 164 Y   0.00000 0.00000 0.99051 0.00949 ( 3)
 165 T   0.00000 0.00000 0.00137 0.99863 ( 4)
 166 E   0.00000 0.00000 0.17489 0.82511 ( 4)
 167 G   0.00000 0.00000 0.96043 0.03957 ( 3)
 168 L   0.00000 0.00000 0.97998 0.02002 ( 3)
 169 N   0.00000 0.00000 0.94676 0.05324 ( 3)
 170 R   0.00000 0.00000 0.00880 0.99120 ( 4)
 171 L   0.00000 0.00000 0.97384 0.02616 ( 3)
 172 K   0.00000 0.00000 0.99088 0.00912 ( 3)
 173 N   0.00000 0.00000 0.75116 0.24884 ( 3)
 174 A   0.00000 0.00000 0.41856 0.58144 ( 4)
 175 S   0.00000 0.00000 0.70119 0.29881 ( 3)
 176 G   0.00000 0.00000 0.99046 0.00954 ( 3)
 177 V   0.00000 0.00000 0.01412 0.98588 ( 4)
 178 K   0.00000 0.00000 0.95339 0.04661 ( 3)
 179 G   0.00000 0.00000 0.84489 0.15511 ( 3)
 180 K   0.00000 0.00000 0.23819 0.76181 ( 4)
 181 V   0.00000 0.00000 0.00083 0.99917 ( 4)
 182 W   0.00000 0.00000 0.93305 0.06695 ( 3)
 183 E   0.00000 0.00000 0.09919 0.90081 ( 4)
 184 E   0.00000 0.00000 0.00268 0.99732 ( 4)
 185 Y   0.00000 0.00000 0.99051 0.00949 ( 3)
 186 N   0.00000 0.00000 0.73123 0.26877 ( 3)
 187 R   0.00000 0.00000 0.52608 0.47392 ( 3)
 188 F   0.00000 0.00000 0.98569 0.01431 ( 3)
 189 R   0.00000 0.00000 0.94824 0.05176 ( 3)
 190 R   0.00000 0.00000 0.99534 0.00466 ( 3)
 191 E   0.00000 0.00000 0.99272 0.00728 ( 3)
 192 M   0.00000 0.00000 0.99783 0.00217 ( 3)
 193 T   0.00000 0.00000 0.99127 0.00873 ( 3)
 194 I   0.00000 0.00000 0.74734 0.25266 ( 3)
 195 M   0.00000 0.00000 0.07744 0.92256 ( 4)
 196 V   0.00000 0.00000 0.97776 0.02224 ( 3)
 197 L   0.00000 0.00000 0.97863 0.02137 ( 3)
 198 D   0.00000 0.00000 0.99626 0.00374 ( 3)
 199 L   0.00000 0.00000 0.25229 0.74771 ( 4)
 200 L   0.00000 0.00000 0.11172 0.88828 ( 4)
 201 P   0.00000 0.00000 0.23506 0.76494 ( 4)
 202 L   0.00000 0.00000 0.97998 0.02002 ( 3)
 203 F   0.00000 0.00000 0.99631 0.00369 ( 3)
 204 P   0.00000 0.00000 0.99391 0.00609 ( 3)
 205 I   0.00000 0.00000 0.07834 0.92166 ( 4)


lnL = -2337.154535

