Supplemental results for CODEML (seqf: algn  treef: tree)


dN/dS (w) for site classes (K=4)

site class             0        1       2a       2b
proportion       0.39596  0.55164  0.02190  0.03050
background w     0.11774  1.00000  0.11774  1.00000
foreground w     0.11774  1.00000 64.03710 64.03710

Naive Empirical Bayes (NEB) probabilities for 4 classes
(amino acids refer to 1st sequence: BT_Cry71Aa1)

   1 K   0.24440 0.20434 0.46956 0.08171 ( 3)
   2 V   0.51643 0.48095 0.00123 0.00139 ( 1)
   3 K   0.02833 0.97013 0.00004 0.00150 ( 2)
   4 S   0.02722 0.96951 0.00008 0.00319 ( 2)
   5 E   0.98769 0.01007 0.00221 0.00003 ( 1)
   6 L   0.92080 0.07785 0.00122 0.00013 ( 1)
   7 T   0.97739 0.01694 0.00557 0.00010 ( 1)
   8 R   0.99333 0.00501 0.00165 0.00001 ( 1)
   9 E   0.13285 0.86441 0.00030 0.00244 ( 2)
  10 I   0.99055 0.00644 0.00298 0.00003 ( 1)
  11 Y   0.63221 0.36479 0.00174 0.00126 ( 1)
  12 T   0.94926 0.01554 0.03452 0.00068 ( 1)
  13 D   0.99399 0.00327 0.00273 0.00001 ( 1)
  14 P   0.98992 0.00841 0.00165 0.00002 ( 1)
  15 V   0.69966 0.29783 0.00166 0.00086 ( 1)
  16 G   0.99414 0.00414 0.00171 0.00001 ( 1)
  17 V   0.08482 0.91250 0.00021 0.00247 ( 2)
  18 A   0.07443 0.78068 0.06059 0.08430 ( 2)
  19 T   0.17912 0.81748 0.00057 0.00283 ( 2)
  20 S   0.84450 0.14047 0.01245 0.00258 ( 1)
  21 T   0.23288 0.74797 0.00402 0.01514 ( 2)
  22 I   0.05433 0.21987 0.53179 0.19400 ( 3)
  23 P   0.01872 0.97943 0.00003 0.00182 ( 2)
  24 G   0.00269 0.95053 0.00011 0.04667 ( 2)
  25 L   0.15450 0.83984 0.00085 0.00481 ( 2)
  26 I   0.44239 0.55404 0.00134 0.00222 ( 2)
  27 P   0.98866 0.00984 0.00148 0.00002 ( 1)
  28 N   0.36582 0.61367 0.00667 0.01384 ( 2)
  29 W   0.36862 0.62919 0.00078 0.00141 ( 2)
  30 F   0.96726 0.03061 0.00204 0.00008 ( 1)
  31 D   0.00132 0.96158 0.00035 0.03675 ( 2)
  32 Y   0.05947 0.89234 0.01541 0.03278 ( 2)
  33 A   0.98352 0.01374 0.00269 0.00005 ( 1)
  34 P   0.07398 0.92408 0.00012 0.00182 ( 2)
  35 -   0.00360 0.94400 0.00020 0.05220 ( 2)
  36 S   0.00005 0.99667 0.00000 0.00329 ( 2)
  37 F   0.98363 0.01426 0.00207 0.00004 ( 1)
  38 N   0.00099 0.99424 0.00000 0.00477 ( 2)
  39 E   0.01180 0.98666 0.00002 0.00152 ( 2)
  40 L   0.94833 0.04962 0.00193 0.00012 ( 1)
  41 E   0.98959 0.00817 0.00222 0.00002 ( 1)
  42 L   0.56219 0.43635 0.00075 0.00071 ( 1)
  43 A   0.01282 0.98384 0.00004 0.00330 ( 2)
  44 L   0.52284 0.47158 0.00288 0.00270 ( 1)
  45 I   0.72023 0.27648 0.00218 0.00111 ( 1)
  46 P   0.15758 0.21666 0.54234 0.08343 ( 3)
  47 S   0.01390 0.98341 0.00003 0.00266 ( 2)
  48 P   0.97099 0.02751 0.00145 0.00005 ( 1)
  49 R   0.00186 0.99700 0.00000 0.00114 ( 2)
  50 T   0.60811 0.38828 0.00202 0.00159 ( 1)
  51 V   0.28284 0.53499 0.13979 0.04237 ( 2)
  52 T   0.08388 0.91166 0.00029 0.00417 ( 2)
  53 W   0.94596 0.05192 0.00200 0.00012 ( 1)
  54 L   0.77676 0.22115 0.00157 0.00051 ( 1)
  55 N   0.95980 0.03670 0.00333 0.00018 ( 1)
  56 K   0.17746 0.81917 0.00049 0.00288 ( 2)
  57 I   0.14577 0.85097 0.00039 0.00287 ( 2)
  58 T   0.00155 0.99438 0.00001 0.00406 ( 2)
  59 I   0.96021 0.03674 0.00290 0.00015 ( 1)
  60 S   0.00232 0.99440 0.00001 0.00327 ( 2)
  61 T   0.04038 0.91265 0.00157 0.04540 ( 2)
  62 G   0.21494 0.78297 0.00037 0.00172 ( 2)
  63 R   0.00000 0.99794 0.00000 0.00206 ( 2)
  64 L   0.08964 0.90806 0.00018 0.00212 ( 2)
  65 N   0.00220 0.99617 0.00000 0.00163 ( 2)
  66 G   0.00248 0.99326 0.00001 0.00425 ( 2)
  67 W   0.01698 0.98077 0.00004 0.00221 ( 2)
  68 S   0.07432 0.92416 0.00010 0.00142 ( 2)
  69 T   0.00021 0.99572 0.00000 0.00406 ( 2)
  70 S   0.07742 0.91933 0.00022 0.00302 ( 2)
  71 Q   0.09358 0.90453 0.00017 0.00172 ( 2)
  72 N   0.29482 0.70360 0.00043 0.00115 ( 2)
  73 Y   0.07477 0.92183 0.00021 0.00320 ( 2)
  74 W   0.67858 0.31927 0.00143 0.00072 ( 1)
  75 Q   0.15094 0.84747 0.00021 0.00137 ( 2)
  76 G   0.98761 0.01066 0.00170 0.00002 ( 1)
  77 H   0.60879 0.38954 0.00091 0.00075 ( 1)
  78 R   0.39836 0.59974 0.00066 0.00124 ( 2)
  79 L   0.88920 0.10909 0.00150 0.00020 ( 1)
  80 E   0.02888 0.96831 0.00007 0.00274 ( 2)
  81 Y   0.04207 0.86880 0.02169 0.06744 ( 2)
  82 S   0.02050 0.97424 0.00010 0.00516 ( 2)
  83 E   0.00700 0.99019 0.00002 0.00280 ( 2)
  84 T   0.98741 0.00930 0.00325 0.00004 ( 1)
  85 S   0.01185 0.98546 0.00002 0.00266 ( 2)
  86 A   0.08302 0.90224 0.00109 0.01365 ( 2)
  87 G   0.43722 0.52057 0.01763 0.02458 ( 2)
  88 N   0.00750 0.98774 0.00003 0.00474 ( 2)
  89 N   0.00392 0.97406 0.00007 0.02195 ( 2)
  90 I   0.00036 0.26715 0.02394 0.70855 ( 4)
  91 I   0.00007 0.35579 0.00863 0.63551 ( 4)
  92 S   0.17576 0.82167 0.00035 0.00222 ( 2)
  93 P   0.36562 0.62510 0.00314 0.00614 ( 2)
  94 T   0.38263 0.61325 0.00133 0.00280 ( 2)
  95 Y   0.98581 0.01145 0.00270 0.00004 ( 1)
  96 G   0.98615 0.01169 0.00213 0.00003 ( 1)
  97 D   0.00017 0.55773 0.00478 0.43733 ( 2)
  98 F   0.80368 0.19409 0.00170 0.00053 ( 1)
  99 N   0.32557 0.67285 0.00048 0.00111 ( 2)
 100 E   0.00032 0.02144 0.67810 0.30014 ( 3)
 101 S   0.91840 0.07870 0.00264 0.00026 ( 1)
 102 V   0.48022 0.51693 0.00119 0.00166 ( 2)
 103 A   0.01552 0.98090 0.00004 0.00353 ( 2)
 104 L   0.00005 0.24061 0.00149 0.75785 ( 4)
 105 H   0.00139 0.99668 0.00000 0.00193 ( 2)
 106 R   0.00014 0.99780 0.00000 0.00206 ( 2)
 107 D   0.11066 0.88570 0.00031 0.00333 ( 2)
 108 F   0.99467 0.00322 0.00209 0.00001 ( 1)
 109 S   0.32395 0.59637 0.05726 0.02242 ( 2)
 110 V   0.84240 0.15516 0.00200 0.00045 ( 1)
 111 L   0.33898 0.65914 0.00060 0.00127 ( 2)
 112 N   0.00301 0.99223 0.00001 0.00476 ( 2)
 113 R   0.85114 0.14783 0.00086 0.00017 ( 1)
 114 D   0.99399 0.00327 0.00273 0.00001 ( 1)
 115 V   0.89609 0.09893 0.00446 0.00052 ( 1)
 116 Y   0.98721 0.00730 0.00545 0.00004 ( 1)
 117 T   0.00630 0.98963 0.00002 0.00405 ( 2)
 118 M   0.01411 0.98479 0.00001 0.00109 ( 2)
 119 D   0.03725 0.95904 0.00010 0.00361 ( 2)
 120 S   0.48708 0.50984 0.00140 0.00168 ( 2)
 121 Y   0.00837 0.98818 0.00002 0.00343 ( 2)
 122 A   0.55910 0.43790 0.00153 0.00147 ( 1)
 123 V   0.01930 0.97783 0.00005 0.00282 ( 2)
 124 S   0.09765 0.89911 0.00028 0.00296 ( 2)
 125 Q   0.09706 0.90134 0.00014 0.00146 ( 2)
 126 F   0.01091 0.91110 0.00498 0.07300 ( 2)
 127 -   0.45143 0.49617 0.02496 0.02744 ( 2)
 128 -   0.56275 0.38485 0.03112 0.02128 ( 1)
 129 -   0.01706 0.93054 0.00094 0.05146 ( 2)
 130 -   0.19940 0.74820 0.01103 0.04137 ( 2)
 131 -   0.00892 0.93868 0.00049 0.05191 ( 2)
 132 -   0.68787 0.25973 0.03804 0.01436 ( 1)
 133 F   0.37845 0.61907 0.00080 0.00168 ( 2)
 134 G   0.36820 0.62977 0.00064 0.00138 ( 2)
 135 I   0.62624 0.17864 0.18766 0.00745 ( 1)
 136 S   0.79778 0.20006 0.00161 0.00054 ( 1)
 137 T   0.00002 0.99591 0.00000 0.00407 ( 2)
 138 A   0.01772 0.97870 0.00005 0.00353 ( 2)
 139 T   0.03443 0.95958 0.00020 0.00580 ( 2)
 140 L   0.95867 0.04000 0.00127 0.00006 ( 1)
 141 F   0.62365 0.37401 0.00132 0.00102 ( 1)
 142 G   0.00191 0.99622 0.00000 0.00186 ( 2)
 143 V   0.97775 0.01976 0.00243 0.00006 ( 1)
 144 S   0.47738 0.51968 0.00124 0.00169 ( 2)
 145 D   0.00256 0.99370 0.00001 0.00374 ( 2)
 146 N   0.11340 0.88199 0.00039 0.00422 ( 2)
 147 D   0.57697 0.06215 0.35583 0.00504 ( 1)
 148 F   0.00003 0.99768 0.00000 0.00229 ( 2)
 149 Q   0.73306 0.26547 0.00104 0.00043 ( 1)
 150 Y   0.00801 0.98623 0.00004 0.00572 ( 2)
 151 Q   0.61523 0.38328 0.00087 0.00062 ( 1)
 152 D   0.15815 0.84023 0.00024 0.00138 ( 2)
 153 L   0.00068 0.99770 0.00000 0.00162 ( 2)
 154 N   0.86502 0.13134 0.00301 0.00063 ( 1)
 155 S   0.06596 0.93139 0.00013 0.00252 ( 2)
 156 N   0.49658 0.49931 0.00172 0.00239 ( 2)
 157 R   0.00001 0.00160 0.41671 0.58168 ( 4)
 158 P   0.45701 0.54116 0.00077 0.00106 ( 2)
 159 G   0.43521 0.56255 0.00094 0.00131 ( 2)
 160 E   0.00413 0.34798 0.27085 0.37704 ( 4)
 161 I   0.01667 0.30323 0.28405 0.39604 ( 4)
 162 S   0.00411 0.93042 0.00199 0.06348 ( 2)
 163 Y   0.00023 0.99631 0.00000 0.00346 ( 2)
 164 T   0.44663 0.54965 0.00147 0.00224 ( 2)
 165 N   0.94178 0.04049 0.01683 0.00091 ( 1)
 166 P   0.36383 0.63431 0.00061 0.00125 ( 2)
 167 P   0.41791 0.58039 0.00063 0.00107 ( 2)
 168 S   0.69900 0.29878 0.00141 0.00081 ( 1)
 169 W   0.06516 0.93260 0.00014 0.00210 ( 2)
 170 G   0.02300 0.97482 0.00004 0.00214 ( 2)
 171 G   0.00394 0.95704 0.00014 0.03888 ( 2)
 172 L   0.00020 0.99818 0.00000 0.00162 ( 2)
 173 H   0.00063 0.99732 0.00000 0.00205 ( 2)
 174 I   0.07209 0.92398 0.00022 0.00371 ( 2)
 175 Y   0.93179 0.06543 0.00255 0.00023 ( 1)
 176 S   0.47463 0.52244 0.00123 0.00170 ( 2)
 177 E   0.10957 0.88767 0.00025 0.00251 ( 2)
 178 L   0.45094 0.54687 0.00092 0.00127 ( 2)
 179 P   0.02417 0.93965 0.00080 0.03538 ( 2)
 180 A   0.01777 0.97835 0.00006 0.00381 ( 2)
 181 K   0.00732 0.16896 0.32674 0.49698 ( 4)
 182 P   0.97184 0.02649 0.00162 0.00005 ( 1)
 183 T   0.96304 0.03363 0.00318 0.00014 ( 1)
 184 I   0.06202 0.87653 0.02024 0.04121 ( 2)
 185 P   0.02650 0.97166 0.00004 0.00180 ( 2)
 186 G   0.00208 0.99560 0.00000 0.00231 ( 2)
 187 I   0.00587 0.94838 0.00152 0.04422 ( 2)
 188 E   0.00046 0.99672 0.00000 0.00282 ( 2)
 189 P   0.99309 0.00524 0.00166 0.00001 ( 1)
 190 G   0.32250 0.67572 0.00051 0.00126 ( 2)
 191 R   0.11120 0.88768 0.00011 0.00101 ( 2)
 192 P   0.53769 0.46049 0.00091 0.00091 ( 1)
 193 T   0.92602 0.06411 0.00913 0.00074 ( 1)
 194 A   0.10225 0.89424 0.00029 0.00322 ( 2)
 195 N   0.71443 0.28406 0.00105 0.00047 ( 1)
 196 D   0.66383 0.15636 0.17384 0.00597 ( 1)
 197 Y   0.98581 0.01145 0.00270 0.00004 ( 1)
 198 S   0.97671 0.02128 0.00196 0.00006 ( 1)
 199 H   0.99508 0.00300 0.00191 0.00001 ( 1)
 200 R   0.97968 0.01866 0.00163 0.00004 ( 1)
 201 L   0.94240 0.02088 0.03581 0.00091 ( 1)
 202 T   0.96846 0.02836 0.00308 0.00010 ( 1)
 203 Y   0.54497 0.45197 0.00149 0.00156 ( 1)
 204 L   0.60569 0.39247 0.00108 0.00076 ( 1)
 205 T   0.84755 0.14904 0.00281 0.00061 ( 1)
 206 A   0.84857 0.14854 0.00236 0.00054 ( 1)
 207 S   0.48996 0.50712 0.00128 0.00165 ( 2)
 208 R   0.00830 0.99056 0.00001 0.00113 ( 2)
 209 A   0.05788 0.92726 0.00078 0.01408 ( 2)
 210 G   0.00104 0.99664 0.00000 0.00231 ( 2)
 211 T   0.07309 0.92245 0.00025 0.00421 ( 2)
 212 A   0.85615 0.14096 0.00238 0.00051 ( 1)
 213 -   0.08732 0.86028 0.00483 0.04757 ( 2)
 214 -   0.39596 0.55164 0.02190 0.03050 ( 2)
 215 -   0.39596 0.55164 0.02190 0.03050 ( 2)
 216 -   0.39596 0.55164 0.02190 0.03050 ( 2)
 217 -   0.39596 0.55164 0.02190 0.03050 ( 2)
 218 -   0.39596 0.55164 0.02190 0.03050 ( 2)
 219 -   0.39596 0.55164 0.02190 0.03050 ( 2)
 220 -   0.39596 0.55164 0.02190 0.03050 ( 2)
 221 -   0.39596 0.55164 0.02190 0.03050 ( 2)
 222 G   0.98864 0.00979 0.00156 0.00002 ( 1)
 223 H   0.02103 0.97705 0.00003 0.00189 ( 2)
 224 V   0.97775 0.01976 0.00243 0.00006 ( 1)
 225 L   0.86261 0.11843 0.01653 0.00243 ( 1)
 226 C   0.38058 0.60797 0.00414 0.00731 ( 2)
 227 Y   0.08493 0.64803 0.12639 0.14065 ( 2)
 228 G   0.98214 0.01380 0.00400 0.00006 ( 1)
 229 W   0.94596 0.05192 0.00200 0.00012 ( 1)
 230 T   0.98164 0.01506 0.00323 0.00006 ( 1)
 231 S   0.91131 0.08603 0.00238 0.00028 ( 1)
 232 S   0.03602 0.96071 0.00010 0.00316 ( 2)
 233 T   0.92327 0.07319 0.00321 0.00033 ( 1)


lnL = -3502.089786

Bayes Empirical Bayes (BEB) probabilities for 4 classes (class)
(amino acids refer to 1st sequence: BT_Cry71Aa1)

   1 K   0.31769 0.19977 0.41943 0.06311 ( 3)
   2 V   0.60226 0.37270 0.01446 0.01059 ( 1)
   3 K   0.05644 0.90809 0.00187 0.03360 ( 2)
   4 S   0.06278 0.89848 0.00228 0.03645 ( 2)
   5 E   0.96801 0.01138 0.02032 0.00029 ( 1)
   6 L   0.90306 0.07567 0.01935 0.00192 ( 1)
   7 T   0.92802 0.01819 0.05271 0.00108 ( 1)
   8 R   0.97344 0.00580 0.02062 0.00015 ( 1)
   9 E   0.22565 0.75037 0.00475 0.01923 ( 2)
  10 I   0.97483 0.00792 0.01708 0.00018 ( 1)
  11 Y   0.68865 0.28936 0.01453 0.00747 ( 1)
  12 T   0.94530 0.01790 0.03600 0.00079 ( 1)
  13 D   0.98074 0.00423 0.01494 0.00009 ( 1)
  14 P   0.96364 0.00910 0.02697 0.00029 ( 1)
  15 V   0.74683 0.22878 0.01790 0.00650 ( 1)
  16 G   0.97737 0.00495 0.01757 0.00011 ( 1)
  17 V   0.14959 0.80132 0.00733 0.04176 ( 2)
  18 A   0.08705 0.59117 0.15060 0.17118 ( 2)
  19 T   0.24658 0.70583 0.01171 0.03588 ( 2)
  20 S   0.84886 0.11745 0.02887 0.00481 ( 1)
  21 T   0.34403 0.61861 0.01221 0.02515 ( 2)
  22 I   0.11247 0.25301 0.50067 0.13385 ( 3)
  23 P   0.04711 0.92882 0.00098 0.02309 ( 2)
  24 G   0.00846 0.95025 0.00031 0.04098 ( 2)
  25 L   0.25485 0.68365 0.01634 0.04516 ( 2)
  26 I   0.57973 0.40100 0.01021 0.00906 ( 1)
  27 P   0.96864 0.01098 0.02010 0.00027 ( 1)
  28 N   0.47616 0.48451 0.01761 0.02173 ( 2)
  29 W   0.46815 0.48016 0.02488 0.02681 ( 2)
  30 F   0.95440 0.02808 0.01690 0.00062 ( 1)
  31 D   0.00383 0.88814 0.00249 0.10554 ( 2)
  32 Y   0.10553 0.69562 0.09132 0.10753 ( 2)
  33 A   0.96103 0.01538 0.02316 0.00044 ( 1)
  34 P   0.15522 0.81426 0.00436 0.02616 ( 2)
  35 -   0.00840 0.90837 0.00077 0.08246 ( 2)
  36 S   0.00021 0.96079 0.00001 0.03900 ( 2)
  37 F   0.96681 0.01575 0.01709 0.00035 ( 1)
  38 N   0.00315 0.97596 0.00005 0.02084 ( 2)
  39 E   0.02494 0.93663 0.00091 0.03753 ( 2)
  40 L   0.92413 0.04310 0.03114 0.00163 ( 1)
  41 E   0.97005 0.00935 0.02036 0.00024 ( 1)
  42 L   0.67811 0.29972 0.01456 0.00762 ( 1)
  43 A   0.03241 0.93976 0.00079 0.02705 ( 2)
  44 L   0.59403 0.34521 0.03801 0.02275 ( 1)
  45 I   0.76664 0.21504 0.01347 0.00485 ( 1)
  46 P   0.18124 0.16133 0.58351 0.07391 ( 3)
  47 S   0.03761 0.94422 0.00054 0.01762 ( 2)
  48 P   0.95141 0.02815 0.01975 0.00070 ( 1)
  49 R   0.00579 0.96659 0.00014 0.02748 ( 2)
  50 T   0.68734 0.28754 0.01673 0.00839 ( 1)
  51 V   0.28289 0.34533 0.29915 0.07262 ( 2)
  52 T   0.15995 0.81697 0.00308 0.02001 ( 2)
  53 W   0.90240 0.04715 0.04782 0.00263 ( 1)
  54 L   0.78591 0.18078 0.02648 0.00682 ( 1)
  55 N   0.94989 0.03424 0.01514 0.00073 ( 1)
  56 K   0.27324 0.70318 0.00563 0.01796 ( 2)
  57 I   0.23860 0.73730 0.00502 0.01908 ( 2)
  58 T   0.00490 0.96675 0.00012 0.02824 ( 2)
  59 I   0.94822 0.03435 0.01665 0.00078 ( 1)
  60 S   0.00702 0.95403 0.00025 0.03870 ( 2)
  61 T   0.08361 0.88430 0.00227 0.02982 ( 2)
  62 G   0.33369 0.64601 0.00601 0.01429 ( 2)
  63 R   0.00002 0.97513 0.00000 0.02485 ( 2)
  64 L   0.15976 0.80438 0.00540 0.03046 ( 2)
  65 N   0.00581 0.95433 0.00022 0.03964 ( 2)
  66 G   0.00663 0.93463 0.00040 0.05835 ( 2)
  67 W   0.04344 0.90363 0.00232 0.05061 ( 2)
  68 S   0.14755 0.80667 0.00668 0.03910 ( 2)
  69 T   0.00068 0.97094 0.00002 0.02836 ( 2)
  70 S   0.14003 0.82158 0.00508 0.03331 ( 2)
  71 Q   0.14993 0.79892 0.00773 0.04342 ( 2)
  72 N   0.38529 0.57623 0.01458 0.02390 ( 2)
  73 Y   0.15630 0.81922 0.00330 0.02118 ( 2)
  74 W   0.70292 0.24606 0.03730 0.01372 ( 1)
  75 Q   0.25175 0.71460 0.00805 0.02560 ( 2)
  76 G   0.97031 0.01198 0.01744 0.00026 ( 1)
  77 H   0.65526 0.32677 0.01111 0.00686 ( 1)
  78 R   0.51046 0.46683 0.01082 0.01189 ( 1)
  79 L   0.87207 0.08950 0.03456 0.00387 ( 1)
  80 E   0.06684 0.90845 0.00141 0.02330 ( 2)
  81 Y   0.07983 0.69328 0.08628 0.14061 ( 2)
  82 S   0.04267 0.90092 0.00245 0.05396 ( 2)
  83 E   0.02070 0.95439 0.00044 0.02448 ( 2)
  84 T   0.96538 0.01093 0.02337 0.00032 ( 1)
  85 S   0.03216 0.94965 0.00046 0.01773 ( 2)
  86 A   0.14253 0.81897 0.00518 0.03332 ( 2)
  87 G   0.48143 0.47625 0.01990 0.02242 ( 1)
  88 N   0.02217 0.95704 0.00035 0.02044 ( 2)
  89 N   0.00964 0.94448 0.00039 0.04550 ( 2)
  90 I   0.00143 0.32450 0.05181 0.62226 ( 4)
  91 I   0.00028 0.34664 0.02036 0.63272 ( 4)
  92 S   0.28498 0.69787 0.00411 0.01303 ( 2)
  93 P   0.49866 0.46302 0.01888 0.01944 ( 1)
  94 T   0.50729 0.47143 0.00975 0.01154 ( 1)
  95 Y   0.96645 0.01288 0.02035 0.00033 ( 1)
  96 G   0.93983 0.01204 0.04749 0.00064 ( 1)
  97 D   0.00058 0.46838 0.01608 0.51496 ( 4)
  98 F   0.83251 0.14944 0.01475 0.00330 ( 1)
  99 N   0.42333 0.53832 0.01602 0.02232 ( 2)
 100 E   0.00168 0.04619 0.72634 0.22578 ( 3)
 101 S   0.89627 0.06855 0.03242 0.00277 ( 1)
 102 V   0.51621 0.46376 0.00943 0.01060 ( 1)
 103 A   0.03548 0.94186 0.00066 0.02200 ( 2)
 104 L   0.00038 0.48766 0.00290 0.50906 ( 4)
 105 H   0.00483 0.97460 0.00008 0.02048 ( 2)
 106 R   0.00061 0.97453 0.00001 0.02484 ( 2)
 107 D   0.20906 0.77221 0.00320 0.01554 ( 2)
 108 F   0.97862 0.00399 0.01730 0.00009 ( 1)
 109 S   0.36641 0.40888 0.17658 0.04813 ( 2)
 110 V   0.84712 0.12892 0.02031 0.00366 ( 1)
 111 L   0.43032 0.52282 0.02042 0.02644 ( 2)
 112 N   0.00926 0.96988 0.00015 0.02071 ( 2)
 113 R   0.85398 0.10930 0.03221 0.00451 ( 1)
 114 D   0.98074 0.00423 0.01494 0.00009 ( 1)
 115 V   0.86119 0.08356 0.05018 0.00507 ( 1)
 116 Y   0.93494 0.00788 0.05668 0.00050 ( 1)
 117 T   0.01652 0.95516 0.00040 0.02792 ( 2)
 118 M   0.03477 0.94064 0.00075 0.02385 ( 2)
 119 D   0.08191 0.89876 0.00125 0.01808 ( 2)
 120 S   0.56608 0.39734 0.02050 0.01608 ( 1)
 121 Y   0.02192 0.95295 0.00046 0.02466 ( 2)
 122 A   0.62718 0.34771 0.01512 0.00999 ( 1)
 123 V   0.04412 0.92842 0.00106 0.02640 ( 2)
 124 S   0.15877 0.80291 0.00576 0.03255 ( 2)
 125 Q   0.19108 0.77505 0.00611 0.02776 ( 2)
 126 F   0.02578 0.79428 0.02371 0.15622 ( 2)
 127 -   0.47825 0.43852 0.04358 0.03965 ( 1)
 128 -   0.60951 0.30726 0.05548 0.02775 ( 1)
 129 -   0.03663 0.88014 0.00335 0.07988 ( 2)
 130 -   0.28923 0.62754 0.02640 0.05683 ( 2)
 131 -   0.01792 0.89885 0.00164 0.08159 ( 2)
 132 -   0.71244 0.20434 0.06479 0.01844 ( 1)
 133 F   0.44994 0.53038 0.00795 0.01173 ( 2)
 134 G   0.44662 0.53354 0.00804 0.01180 ( 2)
 135 I   0.50200 0.10750 0.37638 0.01412 ( 1)
 136 S   0.84147 0.14369 0.01216 0.00268 ( 1)
 137 T   0.00010 0.97152 0.00000 0.02838 ( 2)
 138 A   0.04384 0.93353 0.00082 0.02182 ( 2)
 139 T   0.06659 0.87721 0.00380 0.05239 ( 2)
 140 L   0.93826 0.04061 0.02010 0.00103 ( 1)
 141 F   0.69248 0.28887 0.01226 0.00639 ( 1)
 142 G   0.00517 0.96452 0.00014 0.03017 ( 2)
 143 V   0.96270 0.01927 0.01759 0.00044 ( 1)
 144 S   0.59837 0.37930 0.01261 0.00973 ( 1)
 145 D   0.00731 0.97301 0.00011 0.01957 ( 2)
 146 N   0.18198 0.79809 0.00289 0.01703 ( 2)
 147 D   0.46656 0.04177 0.48448 0.00719 ( 3)
 148 F   0.00014 0.95088 0.00001 0.04898 ( 2)
 149 Q   0.75261 0.21566 0.02402 0.00771 ( 1)
 150 Y   0.01975 0.92080 0.00120 0.05825 ( 2)
 151 Q   0.68099 0.28702 0.02173 0.01026 ( 1)
 152 D   0.24890 0.70913 0.01027 0.03171 ( 2)
 153 L   0.00245 0.97276 0.00005 0.02474 ( 2)
 154 N   0.88569 0.09806 0.01416 0.00209 ( 1)
 155 S   0.13555 0.84669 0.00196 0.01581 ( 2)
 156 N   0.53308 0.44884 0.00850 0.00958 ( 1)
 157 R   0.00053 0.04434 0.43589 0.51924 ( 4)
 158 P   0.48935 0.48147 0.01373 0.01545 ( 1)
 159 G   0.45915 0.49124 0.02327 0.02634 ( 2)
 160 E   0.00635 0.27499 0.33361 0.38505 ( 4)
 161 I   0.03051 0.35180 0.28634 0.33136 ( 2)
 162 S   0.01000 0.73354 0.01855 0.23791 ( 2)
 163 Y   0.00083 0.97395 0.00002 0.02521 ( 2)
 164 T   0.51758 0.45656 0.01254 0.01332 ( 1)
 165 N   0.92102 0.04025 0.03679 0.00193 ( 1)
 166 P   0.50229 0.46857 0.01410 0.01504 ( 1)
 167 P   0.50770 0.47008 0.01054 0.01167 ( 1)
 168 S   0.76403 0.22081 0.01104 0.00412 ( 1)
 169 W   0.12729 0.82003 0.00678 0.04590 ( 2)
 170 G   0.05541 0.92316 0.00100 0.02043 ( 2)
 171 G   0.01045 0.94272 0.00046 0.04637 ( 2)
 172 L   0.00084 0.97436 0.00002 0.02479 ( 2)
 173 H   0.00216 0.94637 0.00011 0.05136 ( 2)
 174 I   0.13007 0.84849 0.00229 0.01916 ( 2)
 175 Y   0.91932 0.05978 0.01936 0.00154 ( 1)
 176 S   0.55864 0.41890 0.01173 0.01073 ( 1)
 177 E   0.22244 0.75355 0.00469 0.01932 ( 2)
 178 L   0.48113 0.48431 0.01624 0.01832 ( 2)
 179 P   0.05905 0.91101 0.00157 0.02837 ( 2)
 180 A   0.03953 0.91112 0.00193 0.04742 ( 2)
 181 K   0.01642 0.19737 0.40481 0.38140 ( 3)
 182 P   0.94603 0.02663 0.02648 0.00085 ( 1)
 183 T   0.94505 0.03112 0.02292 0.00091 ( 1)
 184 I   0.11035 0.66598 0.10697 0.11671 ( 2)
 185 P   0.05295 0.92301 0.00110 0.02294 ( 2)
 186 G   0.00573 0.94325 0.00029 0.05072 ( 2)
 187 I   0.01486 0.82385 0.01260 0.14870 ( 2)
 188 E   0.00161 0.97339 0.00003 0.02497 ( 2)
 189 P   0.96685 0.00589 0.02707 0.00019 ( 1)
 190 G   0.45837 0.51315 0.01244 0.01604 ( 2)
 191 R   0.21320 0.74777 0.00807 0.03096 ( 2)
 192 P   0.63098 0.34039 0.01771 0.01092 ( 1)
 193 T   0.91649 0.04968 0.03183 0.00200 ( 1)
 194 A   0.17701 0.80098 0.00330 0.01871 ( 2)
 195 N   0.75466 0.20819 0.02853 0.00862 ( 1)
 196 D   0.55671 0.09829 0.33420 0.01080 ( 1)
 197 Y   0.96645 0.01288 0.02035 0.00033 ( 1)
 198 S   0.96392 0.02181 0.01387 0.00041 ( 1)
 199 H   0.94798 0.00336 0.04848 0.00018 ( 1)
 200 R   0.95945 0.01973 0.02032 0.00050 ( 1)
 201 L   0.91835 0.02131 0.05882 0.00153 ( 1)
 202 T   0.92975 0.02498 0.04400 0.00126 ( 1)
 203 Y   0.61956 0.35815 0.01305 0.00925 ( 1)
 204 L   0.66761 0.28628 0.03165 0.01446 ( 1)
 205 T   0.85167 0.12404 0.02067 0.00362 ( 1)
 206 A   0.85908 0.12214 0.01593 0.00285 ( 1)
 207 S   0.61447 0.36327 0.01295 0.00931 ( 1)
 208 R   0.02427 0.94818 0.00060 0.02695 ( 2)
 209 A   0.12350 0.83802 0.00444 0.03405 ( 2)
 210 G   0.00365 0.94533 0.00019 0.05083 ( 2)
 211 T   0.12699 0.84977 0.00243 0.02080 ( 2)
 212 A   0.86177 0.11944 0.01599 0.00279 ( 1)
 213 -   0.15424 0.76253 0.01409 0.06913 ( 2)
 214 -   0.42649 0.49029 0.03888 0.04435 ( 2)
 215 -   0.42649 0.49029 0.03888 0.04435 ( 2)
 216 -   0.42649 0.49029 0.03888 0.04435 ( 2)
 217 -   0.42649 0.49029 0.03888 0.04435 ( 2)
 218 -   0.42649 0.49029 0.03888 0.04435 ( 2)
 219 -   0.42649 0.49029 0.03888 0.04435 ( 2)
 220 -   0.42649 0.49029 0.03888 0.04435 ( 2)
 221 -   0.42649 0.49029 0.03888 0.04435 ( 2)
 222 G   0.96298 0.01062 0.02606 0.00033 ( 1)
 223 H   0.05115 0.92847 0.00087 0.01952 ( 2)
 224 V   0.96270 0.01927 0.01759 0.00044 ( 1)
 225 L   0.85214 0.09344 0.04866 0.00577 ( 1)
 226 C   0.48249 0.47533 0.01995 0.02223 ( 1)
 227 Y   0.13940 0.53696 0.19282 0.13082 ( 2)
 228 G   0.92938 0.01419 0.05556 0.00088 ( 1)
 229 W   0.90240 0.04715 0.04782 0.00263 ( 1)
 230 T   0.95926 0.01702 0.02322 0.00050 ( 1)
 231 S   0.91541 0.06366 0.01929 0.00163 ( 1)
 232 S   0.08197 0.87937 0.00298 0.03567 ( 2)
 233 T   0.91642 0.06440 0.01761 0.00157 ( 1)

