Supplemental results for CODEML (seqf: algn  treef: tree)


dN/dS (w) for site classes (K=4)

site class             0        1       2a       2b
proportion       0.47518  0.42318  0.05376  0.04788
background w     0.13190  0.80740  0.13190  0.80740
foreground w     0.13190  0.80740 18.62317 18.62317

Naive Empirical Bayes (NEB) probabilities for 4 classes
(amino acids refer to 1st sequence: BT_Cry1Ba1)

   1 -   0.47518 0.42318 0.05376 0.04788 ( 1)
   2 -   0.47518 0.42318 0.05376 0.04788 ( 1)
   3 -   0.47518 0.42318 0.05376 0.04788 ( 1)
   4 -   0.47518 0.42318 0.05376 0.04788 ( 1)
   5 -   0.47518 0.42318 0.05376 0.04788 ( 1)
   6 -   0.78616 0.11220 0.08895 0.01269 ( 1)
   7 -   0.77267 0.12569 0.08742 0.01422 ( 1)
   8 -   0.22507 0.73193 0.00465 0.03834 ( 2)
   9 -   0.87712 0.02806 0.09297 0.00186 ( 1)
  10 R   0.94615 0.03828 0.01483 0.00074 ( 1)
  11 I   0.98226 0.00006 0.01768 0.00000 ( 1)
  12 T   0.98295 0.00010 0.01695 0.00000 ( 1)
  13 Q   0.93846 0.00936 0.05166 0.00053 ( 1)
  14 I   0.46684 0.50624 0.01235 0.01456 ( 2)
  15 P   0.98002 0.00026 0.01972 0.00001 ( 1)
  16 M   0.00002 0.94688 0.00000 0.05310 ( 2)
  17 V   0.96600 0.01438 0.01925 0.00037 ( 1)
  18 K   0.98384 0.00176 0.01437 0.00003 ( 1)
  19 A   0.94698 0.02567 0.02656 0.00078 ( 1)
  20 S   0.00194 0.97776 0.00003 0.02027 ( 2)
  21 E   0.00018 0.94625 0.00001 0.05356 ( 2)
  22 L   0.00216 0.97138 0.00005 0.02641 ( 2)
  23 P   0.00000 0.55946 0.00000 0.44054 ( 2)
  24 Q   0.00002 0.97870 0.00000 0.02129 ( 2)
  25 G   0.98057 0.00013 0.01929 0.00000 ( 1)
  26 T   0.00272 0.55574 0.01330 0.42824 ( 2)
  27 T   0.30496 0.37745 0.24103 0.07657 ( 2)
  28 V   0.12815 0.77021 0.01450 0.08714 ( 2)
  29 V   0.97612 0.00638 0.01736 0.00014 ( 1)
  30 R   0.75244 0.23264 0.01076 0.00416 ( 1)
  31 G   0.98050 0.00096 0.01852 0.00002 ( 1)
  32 P   0.97989 0.00039 0.01971 0.00001 ( 1)
  33 G   0.98132 0.00021 0.01847 0.00000 ( 1)
  34 F   0.98481 0.00006 0.01513 0.00000 ( 1)
  35 T   0.98283 0.00027 0.01688 0.00001 ( 1)
  36 G   0.98138 0.00014 0.01847 0.00000 ( 1)
  37 G   0.97778 0.00373 0.01842 0.00008 ( 1)
  38 D   0.98585 0.00112 0.01302 0.00002 ( 1)
  39 I   0.96274 0.01972 0.01709 0.00045 ( 1)
  40 L   0.74908 0.19331 0.04523 0.01238 ( 1)
  41 R   0.91770 0.04288 0.03758 0.00184 ( 1)
  42 R   0.03002 0.00042 0.96898 0.00058 ( 3)
  43 T   0.96643 0.00628 0.02709 0.00019 ( 1)
  44 N   0.00000 0.96909 0.00000 0.03091 ( 2)
  45 T   0.00005 0.98173 0.00000 0.01822 ( 2)
  46 -   0.61976 0.36515 0.00847 0.00662 ( 1)
  47 G   0.97982 0.00140 0.01875 0.00003 ( 1)
  48 G   0.00035 0.98260 0.00000 0.01705 ( 2)
  49 F   0.00123 0.88219 0.00064 0.11594 ( 2)
  50 G   0.89101 0.08008 0.02629 0.00261 ( 1)
  51 P   0.09473 0.88035 0.00189 0.02303 ( 2)
  52 I   0.97652 0.00647 0.01687 0.00015 ( 1)
  53 R   0.97664 0.00133 0.02199 0.00004 ( 1)
  54 V   0.37552 0.00380 0.61996 0.00072 ( 3)
  55 T   0.00009 0.44457 0.00070 0.55464 ( 4)
  56 V   0.36856 0.60401 0.00908 0.01835 ( 2)
  57 N   0.01502 0.96179 0.00031 0.02288 ( 2)
  58 G   0.00029 0.97772 0.00001 0.02198 ( 2)
  59 P   0.05356 0.88671 0.00331 0.05643 ( 2)
  60 L   0.91629 0.05799 0.02406 0.00165 ( 1)
  61 T   0.95818 0.02479 0.01649 0.00054 ( 1)
  62 Q   0.97581 0.00078 0.02339 0.00002 ( 1)
  63 R   0.03523 0.93788 0.00090 0.02599 ( 2)
  64 Y   0.97835 0.00044 0.02119 0.00001 ( 1)
  65 R   0.95201 0.02606 0.02131 0.00063 ( 1)
  66 I   0.96002 0.02284 0.01659 0.00054 ( 1)
  67 G   0.98393 0.00044 0.01562 0.00001 ( 1)
  68 F   0.00701 0.90741 0.00146 0.08412 ( 2)
  69 R   0.97726 0.00090 0.02181 0.00002 ( 1)
  70 Y   0.95174 0.02700 0.02062 0.00064 ( 1)
  71 A   0.98298 0.00009 0.01693 0.00000 ( 1)
  72 S   0.92247 0.05120 0.02484 0.00149 ( 1)
  73 T   0.98337 0.00124 0.01536 0.00002 ( 1)
  74 V   0.04640 0.93033 0.00086 0.02240 ( 2)
  75 D   0.93863 0.04821 0.01239 0.00077 ( 1)
  76 F   0.84991 0.12905 0.01775 0.00329 ( 1)
  77 D   0.00000 0.97358 0.00000 0.02642 ( 2)
  78 F   0.21412 0.73625 0.01081 0.03882 ( 2)
  79 F   0.00017 0.97352 0.00000 0.02631 ( 2)
  80 V   0.66058 0.19821 0.12343 0.01778 ( 1)
  81 S   0.00000 0.94254 0.00000 0.05746 ( 2)
  82 R   0.03435 0.94471 0.00059 0.02035 ( 2)
  83 G   0.02643 0.77305 0.01459 0.18594 ( 2)
  84 G   0.00004 0.88081 0.00001 0.11914 ( 2)
  85 T   0.00898 0.93654 0.00050 0.05398 ( 2)
  86 T   0.00012 0.76215 0.00024 0.23748 ( 2)
  87 -   0.62566 0.35905 0.00853 0.00676 ( 1)
  88 -   0.00951 0.25543 0.37465 0.36041 ( 3)
  89 V   0.45692 0.42030 0.06150 0.06129 ( 1)
  90 N   0.00336 0.97116 0.00007 0.02540 ( 2)
  91 N   0.00092 0.79183 0.00104 0.20620 ( 2)
  92 F   0.00278 0.71538 0.00444 0.27739 ( 2)
  93 R   0.00001 0.76868 0.00002 0.23129 ( 2)
  94 F   0.01054 0.95986 0.00030 0.02930 ( 2)
  95 L   0.00000 0.76126 0.00001 0.23873 ( 2)
  96 R   0.28339 0.69351 0.00633 0.01678 ( 2)
  97 T   0.98306 0.00005 0.01689 0.00000 ( 1)
  98 M   0.98751 0.00003 0.01245 0.00000 ( 1)
  99 N   0.00323 0.96126 0.00011 0.03539 ( 2)
 100 S   0.00113 0.98206 0.00001 0.01680 ( 2)
 101 G   0.96334 0.01813 0.01813 0.00040 ( 1)
 102 D   0.00000 0.95975 0.00000 0.04025 ( 2)
 103 E   0.92803 0.03418 0.03639 0.00140 ( 1)
 104 L   0.56098 0.41197 0.01507 0.01198 ( 1)
 105 K   0.33216 0.62091 0.01574 0.03119 ( 2)
 106 Y   0.85797 0.12060 0.01859 0.00285 ( 1)
 107 G   0.96935 0.01617 0.01420 0.00028 ( 1)
 108 N   0.68650 0.28210 0.02163 0.00977 ( 1)
 109 F   0.97371 0.00508 0.02109 0.00012 ( 1)
 110 V   0.00266 0.97360 0.00006 0.02368 ( 2)
 111 R   0.90748 0.07494 0.01594 0.00164 ( 1)
 112 R   0.01864 0.95885 0.00033 0.02218 ( 2)
 113 A   0.60059 0.34720 0.03417 0.01803 ( 1)
 114 F   0.07790 0.01638 0.89665 0.00907 ( 3)
 115 T   0.02366 0.31536 0.29891 0.36207 ( 4)
 116 T   0.00345 0.00273 0.98735 0.00647 ( 3)
 117 P   0.00091 0.97858 0.00001 0.02049 ( 2)
 118 -   0.47518 0.42318 0.05376 0.04788 ( 1)
 119 -   0.47518 0.42318 0.05376 0.04788 ( 1)
 120 -   0.47518 0.42318 0.05376 0.04788 ( 1)
 121 -   0.47518 0.42318 0.05376 0.04788 ( 1)
 122 -   0.47518 0.42318 0.05376 0.04788 ( 1)
 123 -   0.47518 0.42318 0.05376 0.04788 ( 1)
 124 F   0.98156 0.00331 0.01507 0.00006 ( 1)
 125 T   0.00009 0.97702 0.00000 0.02288 ( 2)
 126 F   0.02546 0.02343 0.90934 0.04177 ( 3)
 127 T   0.00861 0.90802 0.00046 0.08291 ( 2)
 128 Q   0.10669 0.85581 0.00370 0.03380 ( 2)
 129 I   0.00425 0.97956 0.00006 0.01613 ( 2)
 130 Q   0.03964 0.92785 0.00125 0.03126 ( 2)
 131 D   0.03968 0.65627 0.09339 0.21067 ( 2)
 132 I   0.00008 0.94274 0.00000 0.05718 ( 2)
 133 I   0.89397 0.08352 0.02013 0.00238 ( 1)
 134 R   0.36216 0.59737 0.01483 0.02563 ( 2)
 135 T   0.00015 0.75274 0.00049 0.24662 ( 2)
 136 S   0.00015 0.93521 0.00001 0.06463 ( 2)
 137 I   0.00742 0.96831 0.00016 0.02411 ( 2)
 138 Q   0.00027 0.95817 0.00001 0.04155 ( 2)
 139 G   0.00298 0.97564 0.00006 0.02132 ( 2)
 140 L   0.36338 0.61656 0.00695 0.01311 ( 2)
 141 S   0.04250 0.91135 0.00192 0.04423 ( 2)
 142 G   0.00009 0.81324 0.00009 0.18658 ( 2)
 143 N   0.80320 0.18348 0.01034 0.00298 ( 1)
 144 G   0.00025 0.97868 0.00000 0.02106 ( 2)
 145 E   0.90782 0.03265 0.05675 0.00277 ( 1)
 146 V   0.33192 0.61742 0.01736 0.03330 ( 2)
 147 Y   0.23253 0.00096 0.76609 0.00042 ( 3)
 148 I   0.02537 0.95386 0.00048 0.02029 ( 2)
 149 D   0.98694 0.00003 0.01303 0.00000 ( 1)
 150 K   0.93874 0.04723 0.01321 0.00083 ( 1)
 151 I   0.97686 0.00337 0.01969 0.00008 ( 1)
 152 E   0.98551 0.00006 0.01443 0.00000 ( 1)
 153 I   0.79837 0.18441 0.01355 0.00368 ( 1)
 154 I   0.78525 0.16836 0.03793 0.00846 ( 1)
 155 P   0.86206 0.03630 0.09753 0.00411 ( 1)


lnL = -4061.451848

