Supplemental results for CODEML (seqf: algn  treef: tree)


dN/dS (w) for site classes (K=4)

site class             0        1       2a       2b
proportion       0.69070  0.28583  0.01659  0.00687
background w     0.06993  1.00000  0.06993  1.00000
foreground w     0.06993  1.00000  4.67888  4.67888

Naive Empirical Bayes (NEB) probabilities for 4 classes
(amino acids refer to 1st sequence: BT_Cry1Ca11)

   1 N   0.92167 0.07823 0.00007 0.00003 ( 1)
   2 F   0.98050 0.01948 0.00001 0.00000 ( 1)
   3 V   0.97464 0.02531 0.00004 0.00002 ( 1)
   4 P   0.96620 0.03378 0.00001 0.00001 ( 1)
   5 G   0.89991 0.09984 0.00017 0.00007 ( 1)
   6 G   0.96533 0.03459 0.00006 0.00002 ( 1)
   7 G   0.93228 0.06733 0.00028 0.00011 ( 1)
   8 F   0.98050 0.01948 0.00001 0.00000 ( 1)
   9 L   0.56287 0.43547 0.00117 0.00049 ( 1)
  10 V   0.09227 0.89915 0.00607 0.00251 ( 2)
  11 G   0.97716 0.02282 0.00001 0.00000 ( 1)
  12 L   0.94722 0.05269 0.00006 0.00003 ( 1)
  13 I   0.00003 0.34716 0.46173 0.19108 ( 3)
  14 D   0.98507 0.01492 0.00001 0.00000 ( 1)
  15 F   0.04395 0.94959 0.00457 0.00189 ( 2)
  16 V   0.82694 0.17284 0.00016 0.00006 ( 1)
  17 W   0.86061 0.13896 0.00030 0.00012 ( 1)
  18 G   0.94403 0.05581 0.00011 0.00005 ( 1)
  19 I   0.24878 0.74936 0.00131 0.00054 ( 2)
  20 V   0.43006 0.56327 0.00472 0.00195 ( 2)
  21 G   0.57948 0.41875 0.00125 0.00052 ( 1)
  22 P   0.96227 0.03767 0.00004 0.00002 ( 1)
  23 S   0.96764 0.03234 0.00002 0.00001 ( 1)
  24 Q   0.00032 0.65323 0.24504 0.10141 ( 2)
  25 W   0.86061 0.13896 0.00030 0.00012 ( 1)
  26 D   0.71174 0.28732 0.00067 0.00028 ( 1)
  27 A   0.11641 0.87956 0.00285 0.00118 ( 2)
  28 F   0.98050 0.01948 0.00001 0.00000 ( 1)
  29 L   0.95732 0.04260 0.00006 0.00002 ( 1)
  30 V   0.17356 0.81886 0.00536 0.00222 ( 2)
  31 Q   0.91747 0.08232 0.00015 0.00006 ( 1)
  32 I   0.97848 0.02149 0.00002 0.00001 ( 1)
  33 E   0.98127 0.01871 0.00001 0.00000 ( 1)
  34 Q   0.25025 0.72760 0.01567 0.00648 ( 2)
  35 L   0.91566 0.08404 0.00021 0.00009 ( 1)
  36 I   0.97848 0.02149 0.00002 0.00001 ( 1)
  37 N   0.86660 0.13330 0.00007 0.00003 ( 1)
  38 E   0.09809 0.88363 0.01293 0.00535 ( 2)
  39 R   0.98014 0.01985 0.00001 0.00000 ( 1)
  40 I   0.98294 0.01704 0.00001 0.00000 ( 1)
  41 A   0.55249 0.44626 0.00089 0.00037 ( 1)
  42 E   0.00884 0.83892 0.10768 0.04456 ( 2)
  43 F   0.00628 0.96445 0.02071 0.00857 ( 2)
  44 A   0.78861 0.21088 0.00036 0.00015 ( 1)
  45 R   0.96460 0.03537 0.00002 0.00001 ( 1)
  46 N   0.00756 0.89408 0.06957 0.02879 ( 2)
  47 A   0.16434 0.83352 0.00151 0.00062 ( 2)
  48 A   0.98041 0.01957 0.00001 0.00001 ( 1)
  49 I   0.94055 0.05920 0.00017 0.00007 ( 1)
  50 A   0.03561 0.93434 0.02126 0.00880 ( 2)
  51 N   0.30847 0.69033 0.00085 0.00035 ( 2)
  52 L   0.94722 0.05269 0.00006 0.00003 ( 1)
  53 E   0.98127 0.01871 0.00001 0.00000 ( 1)
  54 G   0.97689 0.02308 0.00002 0.00001 ( 1)
  55 L   0.94722 0.05269 0.00006 0.00003 ( 1)
  56 G   0.94403 0.05581 0.00011 0.00005 ( 1)
  57 N   0.15413 0.84326 0.00185 0.00076 ( 2)
  58 N   0.79022 0.20928 0.00036 0.00015 ( 1)
  59 F   0.07577 0.89789 0.01863 0.00771 ( 2)
  60 N   0.12192 0.87380 0.00303 0.00125 ( 2)
  61 I   0.68016 0.31632 0.00249 0.00103 ( 1)
  62 Y   0.94641 0.05353 0.00004 0.00002 ( 1)
  63 V   0.02673 0.87601 0.06879 0.02847 ( 2)
  64 E   0.97157 0.02837 0.00005 0.00002 ( 1)
  65 A   0.98116 0.01882 0.00001 0.00000 ( 1)
  66 F   0.98050 0.01948 0.00001 0.00000 ( 1)
  67 K   0.98167 0.01832 0.00001 0.00000 ( 1)
  68 E   0.97752 0.02244 0.00003 0.00001 ( 1)
  69 W   0.86061 0.13896 0.00030 0.00012 ( 1)
  70 E   0.98127 0.01871 0.00001 0.00000 ( 1)
  71 E   0.00006 0.32647 0.47635 0.19713 ( 3)
  72 D   0.15623 0.82627 0.01238 0.00512 ( 2)
  73 P   0.96352 0.03646 0.00001 0.00001 ( 1)
  74 N   0.74430 0.25494 0.00054 0.00022 ( 1)
  75 N   0.95914 0.04078 0.00006 0.00002 ( 1)
  76 P   0.00280 0.92377 0.05193 0.02149 ( 2)
  77 A   0.05355 0.86728 0.05600 0.02317 ( 2)
  78 T   0.63453 0.36445 0.00072 0.00030 ( 1)
  79 R   0.28356 0.63330 0.05880 0.02433 ( 2)
  80 T   0.04021 0.86647 0.06601 0.02732 ( 2)
  81 R   0.98014 0.01985 0.00001 0.00000 ( 1)
  82 V   0.97439 0.02557 0.00003 0.00001 ( 1)
  83 I   0.09050 0.88991 0.01385 0.00573 ( 2)
  84 D   0.73787 0.26025 0.00133 0.00055 ( 1)
  85 R   0.81185 0.18433 0.00270 0.00112 ( 1)
  86 F   0.98050 0.01948 0.00001 0.00000 ( 1)
  87 R   0.95937 0.04061 0.00001 0.00001 ( 1)
  88 I   0.98294 0.01704 0.00001 0.00000 ( 1)
  89 L   0.69225 0.30661 0.00081 0.00033 ( 1)
  90 D   0.98568 0.01431 0.00001 0.00000 ( 1)
  91 G   0.58006 0.41439 0.00393 0.00163 ( 1)
  92 L   0.49613 0.49844 0.00384 0.00159 ( 2)
  93 L   0.67320 0.32622 0.00041 0.00017 ( 1)
  94 E   0.98127 0.01871 0.00001 0.00000 ( 1)
  95 R   0.08834 0.90640 0.00372 0.00154 ( 2)
  96 D   0.76849 0.23118 0.00023 0.00010 ( 1)
  97 I   0.89656 0.10300 0.00031 0.00013 ( 1)
  98 P   0.96285 0.03713 0.00001 0.00001 ( 1)
  99 S   0.91198 0.08772 0.00021 0.00009 ( 1)
 100 F   0.98050 0.01948 0.00001 0.00000 ( 1)
 101 R   0.87507 0.12441 0.00037 0.00015 ( 1)
 102 I   0.71364 0.28202 0.00307 0.00127 ( 1)
 103 S   0.00001 0.16734 0.58893 0.24372 ( 3)
 104 G   0.97716 0.02282 0.00001 0.00000 ( 1)
 105 F   0.98050 0.01948 0.00001 0.00000 ( 1)
 106 E   0.98127 0.01871 0.00001 0.00000 ( 1)
 107 V   0.94552 0.05424 0.00017 0.00007 ( 1)
 108 P   0.92955 0.07035 0.00008 0.00003 ( 1)
 109 L   0.97201 0.02797 0.00001 0.00001 ( 1)
 110 L   0.94289 0.05692 0.00013 0.00006 ( 1)
 111 S   0.28704 0.68588 0.01916 0.00793 ( 2)
 112 V   0.97250 0.02745 0.00003 0.00001 ( 1)
 113 Y   0.96853 0.03145 0.00002 0.00001 ( 1)
 114 A   0.04404 0.89509 0.04305 0.01782 ( 2)
 115 Q   0.95726 0.04270 0.00002 0.00001 ( 1)
 116 A   0.96622 0.03374 0.00003 0.00001 ( 1)
 117 A   0.95698 0.04297 0.00004 0.00002 ( 1)
 118 N   0.98590 0.01409 0.00001 0.00000 ( 1)
 119 L   0.89103 0.10780 0.00083 0.00034 ( 1)
 120 H   0.97861 0.02138 0.00001 0.00000 ( 1)
 121 L   0.88780 0.11134 0.00061 0.00025 ( 1)
 122 A   0.97919 0.02080 0.00001 0.00000 ( 1)
 123 I   0.61458 0.38408 0.00095 0.00039 ( 1)
 124 L   0.93202 0.06782 0.00012 0.00005 ( 1)
 125 R   0.98014 0.01985 0.00001 0.00000 ( 1)
 126 D   0.98568 0.01431 0.00001 0.00000 ( 1)
 127 S   0.96764 0.03234 0.00002 0.00001 ( 1)
 128 V   0.05447 0.87190 0.05208 0.02155 ( 2)
 129 I   0.75566 0.24304 0.00092 0.00038 ( 1)
 130 F   0.97872 0.02126 0.00001 0.00001 ( 1)
 131 G   0.97716 0.02282 0.00001 0.00000 ( 1)
 132 E   0.52313 0.46863 0.00583 0.00241 ( 1)
 133 R   0.98014 0.01985 0.00001 0.00000 ( 1)
 134 W   0.86061 0.13896 0.00030 0.00012 ( 1)
 135 G   0.97716 0.02282 0.00001 0.00000 ( 1)
 136 L   0.89193 0.10779 0.00020 0.00008 ( 1)
 137 T   0.54934 0.44400 0.00471 0.00195 ( 1)
 138 T   0.97295 0.02702 0.00003 0.00001 ( 1)
 139 I   0.16721 0.82597 0.00483 0.00200 ( 2)
 140 N   0.98590 0.01409 0.00001 0.00000 ( 1)
 141 V   0.85861 0.14010 0.00091 0.00038 ( 1)
 142 N   0.98590 0.01409 0.00001 0.00000 ( 1)
 143 E   0.83502 0.16478 0.00014 0.00006 ( 1)
 144 N   0.35208 0.63757 0.00732 0.00303 ( 2)
 145 Y   0.96853 0.03145 0.00002 0.00001 ( 1)
 146 N   0.98590 0.01409 0.00001 0.00000 ( 1)
 147 R   0.97431 0.02567 0.00001 0.00001 ( 1)
 148 L   0.50866 0.48952 0.00129 0.00053 ( 1)
 149 I   0.72795 0.27091 0.00081 0.00033 ( 1)
 150 R   0.07232 0.88865 0.02761 0.01143 ( 2)
 151 H   0.00086 0.95080 0.03419 0.01415 ( 2)
 152 I   0.97848 0.02149 0.00002 0.00001 ( 1)
 153 D   0.01160 0.96015 0.01998 0.00827 ( 2)
 154 E   0.98127 0.01871 0.00001 0.00000 ( 1)
 155 Y   0.96853 0.03145 0.00002 0.00001 ( 1)
 156 A   0.05519 0.92595 0.01334 0.00552 ( 2)
 157 D   0.00077 0.78565 0.15106 0.06252 ( 2)
 158 H   0.95393 0.04603 0.00002 0.00001 ( 1)
 159 C   0.94582 0.05413 0.00004 0.00002 ( 1)
 160 A   0.79707 0.20261 0.00022 0.00009 ( 1)
 161 N   0.74430 0.25494 0.00054 0.00022 ( 1)
 162 T   0.89844 0.10133 0.00016 0.00007 ( 1)
 163 Y   0.96853 0.03145 0.00002 0.00001 ( 1)
 164 N   0.70140 0.29765 0.00067 0.00028 ( 1)
 165 R   0.31683 0.67259 0.00749 0.00310 ( 2)
 166 G   0.80867 0.19113 0.00014 0.00006 ( 1)
 167 L   0.94122 0.05854 0.00017 0.00007 ( 1)
 168 N   0.30847 0.69033 0.00085 0.00035 ( 2)
 169 N   0.11329 0.88364 0.00217 0.00090 ( 2)
 170 L   0.93908 0.06075 0.00012 0.00005 ( 1)
 171 P   0.00156 0.73468 0.18656 0.07720 ( 2)
 172 K   0.04144 0.95206 0.00460 0.00190 ( 2)
 173 S   0.00119 0.78603 0.15050 0.06228 ( 2)
 174 T   0.51495 0.48093 0.00292 0.00121 ( 1)
 175 Y   0.00413 0.92714 0.04861 0.02012 ( 2)
 176 Q   0.04416 0.92501 0.02181 0.00902 ( 2)
 177 D   0.07978 0.90812 0.00856 0.00354 ( 2)
 178 W   0.86061 0.13896 0.00030 0.00012 ( 1)
 179 I   0.13049 0.86162 0.00558 0.00231 ( 2)
 180 T   0.82742 0.17239 0.00013 0.00006 ( 1)
 181 Y   0.96853 0.03145 0.00002 0.00001 ( 1)
 182 N   0.98590 0.01409 0.00001 0.00000 ( 1)
 183 R   0.38882 0.60536 0.00411 0.00170 ( 2)
 184 L   0.71685 0.28271 0.00031 0.00013 ( 1)
 185 R   0.93650 0.06326 0.00017 0.00007 ( 1)
 186 R   0.97708 0.02290 0.00002 0.00001 ( 1)
 187 D   0.73958 0.25994 0.00034 0.00014 ( 1)
 188 L   0.93659 0.06304 0.00026 0.00011 ( 1)
 189 T   0.98083 0.01916 0.00001 0.00000 ( 1)
 190 L   0.93188 0.06787 0.00018 0.00008 ( 1)
 191 T   0.96855 0.03137 0.00006 0.00002 ( 1)
 192 V   0.97439 0.02557 0.00003 0.00001 ( 1)
 193 L   0.94722 0.05269 0.00006 0.00003 ( 1)
 194 D   0.98568 0.01431 0.00001 0.00000 ( 1)
 195 I   0.96218 0.03777 0.00004 0.00002 ( 1)
 196 A   0.39179 0.59703 0.00791 0.00327 ( 2)
 197 A   0.97919 0.02080 0.00001 0.00000 ( 1)
 198 F   0.00673 0.91922 0.05237 0.02167 ( 2)
 199 F   0.94584 0.05404 0.00009 0.00004 ( 1)
 200 P   0.91837 0.08140 0.00016 0.00007 ( 1)
 201 N   0.37800 0.61543 0.00464 0.00192 ( 2)


lnL = -1833.072313

Bayes Empirical Bayes (BEB) probabilities for 4 classes (class)
(amino acids refer to 1st sequence: BT_Cry1Ca11)

   1 N   0.91555 0.08171 0.00213 0.00062 ( 1)
   2 F   0.97983 0.01970 0.00036 0.00010 ( 1)
   3 V   0.97366 0.02552 0.00063 0.00019 ( 1)
   4 P   0.96436 0.03481 0.00064 0.00018 ( 1)
   5 G   0.89129 0.10444 0.00329 0.00098 ( 1)
   6 G   0.96351 0.03533 0.00090 0.00027 ( 1)
   7 G   0.92709 0.06977 0.00240 0.00074 ( 1)
   8 F   0.97983 0.01970 0.00036 0.00010 ( 1)
   9 L   0.46918 0.50500 0.01994 0.00588 ( 2)
  10 V   0.05474 0.87674 0.05273 0.01580 ( 2)
  11 G   0.97628 0.02314 0.00045 0.00013 ( 1)
  12 L   0.94372 0.05448 0.00139 0.00041 ( 1)
  13 I   0.00003 0.32759 0.46897 0.20341 ( 3)
  14 D   0.98478 0.01485 0.00029 0.00008 ( 1)
  15 F   0.02644 0.90239 0.05503 0.01614 ( 2)
  16 V   0.77217 0.22051 0.00567 0.00165 ( 1)
  17 W   0.84738 0.14560 0.00540 0.00161 ( 1)
  18 G   0.94018 0.05771 0.00162 0.00048 ( 1)
  19 I   0.15493 0.80543 0.03099 0.00864 ( 2)
  20 V   0.33813 0.61601 0.03495 0.01091 ( 2)
  21 G   0.48617 0.48755 0.02025 0.00603 ( 2)
  22 P   0.96006 0.03887 0.00082 0.00024 ( 1)
  23 S   0.96595 0.03323 0.00064 0.00018 ( 1)
  24 Q   0.00022 0.57501 0.30072 0.12406 ( 2)
  25 W   0.84738 0.14560 0.00540 0.00161 ( 1)
  26 D   0.63229 0.35188 0.01219 0.00363 ( 1)
  27 A   0.06968 0.87411 0.04369 0.01252 ( 2)
  28 F   0.97983 0.01970 0.00036 0.00010 ( 1)
  29 L   0.95472 0.04388 0.00108 0.00032 ( 1)
  30 V   0.10454 0.83619 0.04557 0.01370 ( 2)
  31 Q   0.91081 0.08591 0.00253 0.00075 ( 1)
  32 I   0.97780 0.02160 0.00047 0.00013 ( 1)
  33 E   0.98078 0.01873 0.00038 0.00011 ( 1)
  34 Q   0.18122 0.73529 0.06263 0.02086 ( 2)
  35 L   0.90878 0.08754 0.00282 0.00085 ( 1)
  36 I   0.97780 0.02160 0.00047 0.00013 ( 1)
  37 N   0.82251 0.17266 0.00375 0.00108 ( 1)
  38 E   0.05765 0.85954 0.06283 0.01999 ( 2)
  39 R   0.97943 0.02011 0.00035 0.00010 ( 1)
  40 I   0.98259 0.01695 0.00036 0.00010 ( 1)
  41 A   0.45631 0.51902 0.01912 0.00555 ( 2)
  42 E   0.00480 0.74802 0.17821 0.06897 ( 2)
  43 F   0.00389 0.87937 0.08799 0.02875 ( 2)
  44 A   0.72377 0.26617 0.00775 0.00230 ( 1)
  45 R   0.96270 0.03635 0.00074 0.00021 ( 1)
  46 N   0.00425 0.80364 0.14052 0.05159 ( 2)
  47 A   0.09963 0.85478 0.03568 0.00991 ( 2)
  48 A   0.97975 0.01973 0.00041 0.00012 ( 1)
  49 I   0.93644 0.06103 0.00194 0.00059 ( 1)
  50 A   0.02071 0.87051 0.08186 0.02692 ( 2)
  51 N   0.19736 0.76898 0.02639 0.00727 ( 2)
  52 L   0.94372 0.05448 0.00139 0.00041 ( 1)
  53 E   0.98078 0.01873 0.00038 0.00011 ( 1)
  54 G   0.97597 0.02340 0.00049 0.00014 ( 1)
  55 L   0.94372 0.05448 0.00139 0.00041 ( 1)
  56 G   0.94018 0.05771 0.00162 0.00048 ( 1)
  57 N   0.09309 0.85769 0.03842 0.01081 ( 2)
  58 N   0.72624 0.26290 0.00837 0.00249 ( 1)
  59 F   0.04426 0.85923 0.07271 0.02380 ( 2)
  60 N   0.07293 0.87069 0.04378 0.01260 ( 2)
  61 I   0.59630 0.37754 0.01985 0.00631 ( 1)
  62 Y   0.94289 0.05538 0.00134 0.00039 ( 1)
  63 V   0.01519 0.80178 0.13342 0.04961 ( 2)
  64 E   0.97040 0.02864 0.00075 0.00022 ( 1)
  65 A   0.98056 0.01895 0.00038 0.00011 ( 1)
  66 F   0.97983 0.01970 0.00036 0.00010 ( 1)
  67 K   0.98117 0.01837 0.00036 0.00010 ( 1)
  68 E   0.97679 0.02254 0.00052 0.00015 ( 1)
  69 W   0.84738 0.14560 0.00540 0.00161 ( 1)
  70 E   0.98078 0.01873 0.00038 0.00011 ( 1)
  71 E   0.00004 0.31871 0.47544 0.20580 ( 3)
  72 D   0.09252 0.82514 0.06229 0.02005 ( 2)
  73 P   0.96148 0.03765 0.00068 0.00019 ( 1)
  74 N   0.67054 0.31565 0.01064 0.00317 ( 1)
  75 N   0.95681 0.04181 0.00107 0.00032 ( 1)
  76 P   0.00165 0.81974 0.13179 0.04683 ( 2)
  77 A   0.03053 0.80977 0.11708 0.04262 ( 2)
  78 T   0.54548 0.43465 0.01537 0.00450 ( 1)
  79 R   0.20614 0.63909 0.11151 0.04327 ( 2)
  80 T   0.02270 0.79869 0.13067 0.04794 ( 2)
  81 R   0.97943 0.02011 0.00035 0.00010 ( 1)
  82 V   0.97350 0.02570 0.00062 0.00018 ( 1)
  83 I   0.05286 0.85714 0.06815 0.02185 ( 2)
  84 D   0.66289 0.31904 0.01378 0.00429 ( 1)
  85 R   0.79194 0.19100 0.01281 0.00425 ( 1)
  86 F   0.97983 0.01970 0.00036 0.00010 ( 1)
  87 R   0.95697 0.04204 0.00077 0.00022 ( 1)
  88 I   0.98259 0.01695 0.00036 0.00010 ( 1)
  89 L   0.60916 0.37406 0.01292 0.00386 ( 1)
  90 D   0.98542 0.01424 0.00027 0.00008 ( 1)
  91 G   0.48521 0.48097 0.02563 0.00819 ( 1)
  92 L   0.40099 0.56037 0.02946 0.00918 ( 2)
  93 L   0.58807 0.39605 0.01232 0.00356 ( 1)
  94 E   0.98078 0.01873 0.00038 0.00011 ( 1)
  95 R   0.05272 0.88499 0.04827 0.01401 ( 2)
  96 D   0.69971 0.29010 0.00790 0.00229 ( 1)
  97 I   0.88765 0.10736 0.00382 0.00116 ( 1)
  98 P   0.96075 0.03836 0.00069 0.00020 ( 1)
  99 S   0.90469 0.09138 0.00302 0.00091 ( 1)
 100 F   0.97983 0.01970 0.00036 0.00010 ( 1)
 101 R   0.86351 0.13024 0.00479 0.00145 ( 1)
 102 I   0.63399 0.34196 0.01812 0.00594 ( 1)
 103 S   0.00001 0.19726 0.55733 0.24540 ( 3)
 104 G   0.97628 0.02314 0.00045 0.00013 ( 1)
 105 F   0.97983 0.01970 0.00036 0.00010 ( 1)
 106 E   0.98078 0.01873 0.00038 0.00011 ( 1)
 107 V   0.94188 0.05572 0.00183 0.00056 ( 1)
 108 P   0.92421 0.07331 0.00191 0.00056 ( 1)
 109 L   0.97068 0.02863 0.00053 0.00015 ( 1)
 110 L   0.93891 0.05888 0.00170 0.00051 ( 1)
 111 S   0.21096 0.70263 0.06434 0.02207 ( 2)
 112 V   0.97144 0.02769 0.00067 0.00020 ( 1)
 113 Y   0.96697 0.03220 0.00065 0.00019 ( 1)
 114 A   0.02513 0.83176 0.10576 0.03734 ( 2)
 115 Q   0.95465 0.04419 0.00089 0.00026 ( 1)
 116 A   0.96447 0.03457 0.00075 0.00022 ( 1)
 117 A   0.95444 0.04426 0.00101 0.00029 ( 1)
 118 N   0.98562 0.01405 0.00025 0.00007 ( 1)
 119 L   0.88114 0.11243 0.00486 0.00157 ( 1)
 120 H   0.97776 0.02178 0.00036 0.00010 ( 1)
 121 L   0.87762 0.11628 0.00465 0.00146 ( 1)
 122 A   0.97844 0.02102 0.00042 0.00012 ( 1)
 123 I   0.52351 0.45385 0.01747 0.00517 ( 1)
 124 L   0.92695 0.07044 0.00201 0.00060 ( 1)
 125 R   0.97943 0.02011 0.00035 0.00010 ( 1)
 126 D   0.98542 0.01424 0.00027 0.00008 ( 1)
 127 S   0.96595 0.03323 0.00064 0.00018 ( 1)
 128 V   0.03098 0.81134 0.11581 0.04187 ( 2)
 129 I   0.68412 0.30080 0.01154 0.00354 ( 1)
 130 F   0.97792 0.02153 0.00042 0.00012 ( 1)
 131 G   0.97628 0.02314 0.00045 0.00013 ( 1)
 132 E   0.42766 0.52860 0.03302 0.01071 ( 2)
 133 R   0.97943 0.02011 0.00035 0.00010 ( 1)
 134 W   0.84738 0.14560 0.00540 0.00161 ( 1)
 135 G   0.97628 0.02314 0.00045 0.00013 ( 1)
 136 L   0.88240 0.11284 0.00367 0.00109 ( 1)
 137 T   0.45391 0.50936 0.02780 0.00892 ( 2)
 138 T   0.97174 0.02750 0.00059 0.00017 ( 1)
 139 I   0.10048 0.83852 0.04695 0.01406 ( 2)
 140 N   0.98562 0.01405 0.00025 0.00007 ( 1)
 141 V   0.84495 0.14630 0.00666 0.00210 ( 1)
 142 N   0.98562 0.01405 0.00025 0.00007 ( 1)
 143 E   0.78234 0.21099 0.00517 0.00150 ( 1)
 144 N   0.26733 0.67418 0.04438 0.01411 ( 2)
 145 Y   0.96697 0.03220 0.00065 0.00019 ( 1)
 146 N   0.98562 0.01405 0.00025 0.00007 ( 1)
 147 R   0.97320 0.02616 0.00050 0.00014 ( 1)
 148 L   0.41438 0.55545 0.02332 0.00685 ( 2)
 149 I   0.65143 0.33207 0.01267 0.00383 ( 1)
 150 R   0.04210 0.84727 0.08252 0.02811 ( 2)
 151 H   0.00069 0.85195 0.10985 0.03751 ( 2)
 152 I   0.97780 0.02160 0.00047 0.00013 ( 1)
 153 D   0.00698 0.88485 0.08163 0.02654 ( 2)
 154 E   0.98078 0.01873 0.00038 0.00011 ( 1)
 155 Y   0.96697 0.03220 0.00065 0.00019 ( 1)
 156 A   0.03238 0.87609 0.06950 0.02203 ( 2)
 157 D   0.00053 0.69237 0.22008 0.08702 ( 2)
 158 H   0.95108 0.04760 0.00102 0.00029 ( 1)
 159 C   0.94218 0.05609 0.00134 0.00039 ( 1)
 160 A   0.73451 0.25645 0.00700 0.00204 ( 1)
 161 N   0.67054 0.31565 0.01064 0.00317 ( 1)
 162 T   0.88970 0.10602 0.00330 0.00098 ( 1)
 163 Y   0.96697 0.03220 0.00065 0.00019 ( 1)
 164 N   0.62028 0.36352 0.01250 0.00371 ( 1)
 165 R   0.23746 0.69735 0.04948 0.01571 ( 2)
 166 G   0.74892 0.24343 0.00593 0.00171 ( 1)
 167 L   0.93702 0.06056 0.00185 0.00056 ( 1)
 168 N   0.19736 0.76898 0.02639 0.00727 ( 2)
 169 N   0.06790 0.87743 0.04261 0.01207 ( 2)
 170 L   0.93467 0.06290 0.00186 0.00056 ( 1)
 171 P   0.00087 0.65502 0.24585 0.09826 ( 2)
 172 K   0.02495 0.90275 0.05589 0.01642 ( 2)
 173 S   0.00066 0.68797 0.22356 0.08781 ( 2)
 174 T   0.41928 0.54496 0.02734 0.00842 ( 2)
 175 Y   0.00249 0.83443 0.12052 0.04256 ( 2)
 176 Q   0.02563 0.86336 0.08345 0.02756 ( 2)
 177 D   0.04709 0.87597 0.05886 0.01807 ( 2)
 178 W   0.84738 0.14560 0.00540 0.00161 ( 1)
 179 I   0.07763 0.85740 0.04997 0.01501 ( 2)
 180 T   0.77248 0.22050 0.00544 0.00158 ( 1)
 181 Y   0.96697 0.03220 0.00065 0.00019 ( 1)
 182 N   0.98562 0.01405 0.00025 0.00007 ( 1)
 183 R   0.30058 0.65221 0.03613 0.01108 ( 2)
 184 L   0.63816 0.34913 0.00986 0.00284 ( 1)
 185 R   0.93180 0.06542 0.00213 0.00065 ( 1)
 186 R   0.97615 0.02327 0.00045 0.00013 ( 1)
 187 D   0.66515 0.32279 0.00935 0.00272 ( 1)
 188 L   0.93188 0.06527 0.00218 0.00068 ( 1)
 189 T   0.98017 0.01935 0.00037 0.00011 ( 1)
 190 L   0.92670 0.07037 0.00225 0.00068 ( 1)
 191 T   0.96693 0.03203 0.00080 0.00024 ( 1)
 192 V   0.97350 0.02570 0.00062 0.00018 ( 1)
 193 L   0.94372 0.05448 0.00139 0.00041 ( 1)
 194 D   0.98542 0.01424 0.00027 0.00008 ( 1)
 195 I   0.96016 0.03867 0.00091 0.00026 ( 1)
 196 A   0.30242 0.63995 0.04357 0.01405 ( 2)
 197 A   0.97844 0.02102 0.00042 0.00012 ( 1)
 198 F   0.00398 0.83258 0.12038 0.04305 ( 2)
 199 F   0.94217 0.05586 0.00152 0.00045 ( 1)
 200 P   0.91178 0.08494 0.00253 0.00075 ( 1)
 201 N   0.29077 0.65953 0.03798 0.01173 ( 2)

