Supplemental results for CODEML (seqf: algn  treef: tree)


dN/dS (w) for site classes (K=4)

site class             0        1       2a       2b
proportion       0.60278  0.39722  0.00000  0.00000
background w     0.15876  1.00000  0.15876  1.00000
foreground w     0.15876  1.00000  1.00000  1.00000

Naive Empirical Bayes (NEB) probabilities for 4 classes
(amino acids refer to 1st sequence: BT_Cry18Aa1)

   1 -   0.99963 0.00037 0.00000 0.00000 ( 1)
   2 L   0.99985 0.00015 0.00000 0.00000 ( 1)
   3 Y   0.00019 0.99981 0.00000 0.00000 ( 2)
   4 V   0.99822 0.00178 0.00000 0.00000 ( 1)
   5 S   0.99370 0.00630 0.00000 0.00000 ( 1)
   6 T   0.99264 0.00736 0.00000 0.00000 ( 1)
   7 S   0.99166 0.00834 0.00000 0.00000 ( 1)
   8 A   0.99997 0.00003 0.00000 0.00000 ( 1)
   9 N   0.99999 0.00001 0.00000 0.00000 ( 1)
  10 L   0.99944 0.00056 0.00000 0.00000 ( 1)
  11 Y   0.99907 0.00093 0.00000 0.00000 ( 1)
  12 N   0.99754 0.00246 0.00000 0.00000 ( 1)
  13 I   0.69969 0.30031 0.00000 0.00000 ( 1)
  14 G   0.99991 0.00009 0.00000 0.00000 ( 1)
  15 D   0.98738 0.01261 0.00000 0.00000 ( 1)
  16 N   0.99431 0.00568 0.00000 0.00000 ( 1)
  17 K   0.05307 0.94693 0.00000 0.00000 ( 2)
  18 V   0.00084 0.99916 0.00000 0.00000 ( 2)
  19 N   0.41486 0.58514 0.00000 0.00000 ( 2)
  20 E   0.18491 0.81509 0.00000 0.00000 ( 2)
  21 G   0.97005 0.02995 0.00000 0.00000 ( 1)
  22 A   0.23468 0.76532 0.00000 0.00000 ( 2)
  23 Y   0.99996 0.00004 0.00000 0.00000 ( 1)
  24 P   0.98695 0.01305 0.00000 0.00000 ( 1)
  25 I   0.94710 0.05290 0.00000 0.00000 ( 1)
  26 S   0.70089 0.29911 0.00000 0.00000 ( 1)
  27 Y   0.27071 0.72929 0.00000 0.00000 ( 2)
  28 G   0.94971 0.05029 0.00000 0.00000 ( 1)
  29 P   0.99541 0.00459 0.00000 0.00000 ( 1)
  30 F   0.99998 0.00002 0.00000 0.00000 ( 1)
  31 F   0.99914 0.00086 0.00000 0.00000 ( 1)
  32 N   0.92900 0.07100 0.00000 0.00000 ( 1)
  33 S   0.99944 0.00056 0.00000 0.00000 ( 1)
  34 Y   0.99965 0.00035 0.00000 0.00000 ( 1)
  35 I   0.99589 0.00411 0.00000 0.00000 ( 1)
  36 Q   0.99903 0.00097 0.00000 0.00000 ( 1)
  37 T   0.99892 0.00108 0.00000 0.00000 ( 1)
  38 K   0.99997 0.00003 0.00000 0.00000 ( 1)
  39 S   0.84965 0.15035 0.00000 0.00000 ( 1)
  40 N   0.99999 0.00001 0.00000 0.00000 ( 1)
  41 Y   0.99998 0.00002 0.00000 0.00000 ( 1)
  42 V   0.85285 0.14715 0.00000 0.00000 ( 1)
  43 L   0.92699 0.07301 0.00000 0.00000 ( 1)
  44 S   0.51360 0.48640 0.00000 0.00000 ( 1)
  45 G   0.98938 0.01062 0.00000 0.00000 ( 1)
  46 V   0.09028 0.90972 0.00000 0.00000 ( 2)
  47 S   0.90037 0.09963 0.00000 0.00000 ( 1)
  48 G   0.99989 0.00011 0.00000 0.00000 ( 1)
  49 I   0.00066 0.99934 0.00000 0.00000 ( 2)
  50 G   0.48976 0.51024 0.00000 0.00000 ( 2)
  51 A   0.00000 1.00000 0.00000 0.00000 ( 2)
  52 R   0.00238 0.99762 0.00000 0.00000 ( 2)
  53 F   0.00000 1.00000 0.00000 0.00000 ( 2)
  54 T   0.00157 0.99843 0.00000 0.00000 ( 2)
  55 Y   0.97778 0.02222 0.00000 0.00000 ( 1)
  56 -   0.98816 0.01184 0.00000 0.00000 ( 1)
  57 -   0.08462 0.91538 0.00000 0.00000 ( 2)
  58 -   0.01183 0.98817 0.00000 0.00000 ( 2)
  59 S   0.13450 0.86550 0.00000 0.00000 ( 2)
  60 T   0.05613 0.94387 0.00000 0.00000 ( 2)
  61 V   0.24433 0.75567 0.00000 0.00000 ( 2)
  62 -   0.60278 0.39722 0.00000 0.00000 ( 1)
  63 -   0.60278 0.39722 0.00000 0.00000 ( 1)
  64 L   0.65503 0.34497 0.00000 0.00000 ( 1)
  65 G   0.99947 0.00053 0.00000 0.00000 ( 1)
  66 R   0.00000 1.00000 0.00000 0.00000 ( 2)
  67 Y   0.37378 0.62622 0.00000 0.00000 ( 2)
  68 L   0.86686 0.13314 0.00000 0.00000 ( 1)
  69 H   0.09849 0.90151 0.00000 0.00000 ( 2)
  70 D   0.21567 0.78433 0.00000 0.00000 ( 2)
  71 D   0.00018 0.99982 0.00000 0.00000 ( 2)
  72 L   0.97130 0.02870 0.00000 0.00000 ( 1)
  73 K   0.23491 0.76509 0.00000 0.00000 ( 2)
  74 N   0.00143 0.99857 0.00000 0.00000 ( 2)
  75 I   0.66505 0.33495 0.00000 0.00000 ( 1)
  76 I   0.49364 0.50636 0.00000 0.00000 ( 2)
  77 T   0.46692 0.53308 0.00000 0.00000 ( 2)
  78 T   0.99961 0.00039 0.00000 0.00000 ( 1)
  79 Y   0.99995 0.00005 0.00000 0.00000 ( 1)
  80 V   0.02534 0.97466 0.00000 0.00000 ( 2)
  81 G   0.99965 0.00035 0.00000 0.00000 ( 1)
  82 G   0.99089 0.00911 0.00000 0.00000 ( 1)
  83 T   0.53647 0.46353 0.00000 0.00000 ( 1)
  84 Q   0.10652 0.89347 0.00000 0.00000 ( 2)
  85 G   0.99858 0.00142 0.00000 0.00000 ( 1)
  86 P   0.98980 0.01020 0.00000 0.00000 ( 1)
  87 N   0.00000 1.00000 0.00000 0.00000 ( 2)
  88 I   0.99881 0.00119 0.00000 0.00000 ( 1)
  89 G   0.98361 0.01639 0.00000 0.00000 ( 1)
  90 V   0.00000 0.99999 0.00000 0.00000 ( 2)
  91 Q   0.50206 0.49794 0.00000 0.00000 ( 1)
  92 L   0.97157 0.02843 0.00000 0.00000 ( 1)
  93 S   0.88358 0.11642 0.00000 0.00000 ( 1)
  94 T   0.83130 0.16870 0.00000 0.00000 ( 1)
  95 T   0.76329 0.23671 0.00000 0.00000 ( 1)
  96 E   0.83789 0.16211 0.00000 0.00000 ( 1)
  97 L   0.70144 0.29856 0.00000 0.00000 ( 1)
  98 D   0.90383 0.09617 0.00000 0.00000 ( 1)
  99 E   0.10342 0.89658 0.00000 0.00000 ( 2)
 100 L   0.30598 0.69402 0.00000 0.00000 ( 2)
 101 K   0.60278 0.39722 0.00000 0.00000 ( 1)
 102 K   0.08936 0.91064 0.00000 0.00000 ( 2)
 103 Q   0.35960 0.64040 0.00000 0.00000 ( 2)
 104 Q   0.78127 0.21873 0.00000 0.00000 ( 1)
 105 Q   0.78127 0.21873 0.00000 0.00000 ( 1)
 106 A   0.89424 0.10576 0.00000 0.00000 ( 1)
 107 T   0.28172 0.71828 0.00000 0.00000 ( 2)
 108 R   0.07444 0.92556 0.00000 0.00000 ( 2)
 109 D   0.53071 0.46929 0.00000 0.00000 ( 1)
 110 S   0.01569 0.98431 0.00000 0.00000 ( 2)
 111 L   0.21160 0.78840 0.00000 0.00000 ( 2)
 112 V   0.00001 0.99999 0.00000 0.00000 ( 2)
 113 D   0.00064 0.99936 0.00000 0.00000 ( 2)
 114 F   0.00413 0.99587 0.00000 0.00000 ( 2)
 115 Q   0.00709 0.99291 0.00000 0.00000 ( 2)
 116 F   0.00050 0.99950 0.00000 0.00000 ( 2)
 117 F   0.82316 0.17684 0.00000 0.00000 ( 1)
 118 T   0.99249 0.00751 0.00000 0.00000 ( 1)
 119 L   0.57684 0.42316 0.00000 0.00000 ( 1)
 120 N   0.12493 0.87507 0.00000 0.00000 ( 2)
 121 C   0.02680 0.97320 0.00000 0.00000 ( 2)
 122 M   0.09072 0.90927 0.00000 0.00000 ( 2)
 123 L   0.00226 0.99774 0.00000 0.00000 ( 2)
 124 P   0.00185 0.99815 0.00000 0.00000 ( 2)
 125 N   0.83810 0.16190 0.00000 0.00000 ( 1)
 126 P   0.99911 0.00089 0.00000 0.00000 ( 1)
 127 I   0.71922 0.28078 0.00000 0.00000 ( 1)
 128 T   0.00006 0.99994 0.00000 0.00000 ( 2)
 129 A   0.91002 0.08998 0.00000 0.00000 ( 1)
 130 P   0.99318 0.00682 0.00000 0.00000 ( 1)
 131 Y   0.99954 0.00046 0.00000 0.00000 ( 1)
 132 F   0.98533 0.01467 0.00000 0.00000 ( 1)
 133 A   0.99725 0.00275 0.00000 0.00000 ( 1)
 134 T   0.99428 0.00572 0.00000 0.00000 ( 1)
 135 S   0.19354 0.80646 0.00000 0.00000 ( 2)
 136 L   0.96951 0.03049 0.00000 0.00000 ( 1)
 137 Y   0.99012 0.00988 0.00000 0.00000 ( 1)
 138 E   0.96464 0.03536 0.00000 0.00000 ( 1)
 139 S   0.62437 0.37563 0.00000 0.00000 ( 1)
 140 R   0.00007 0.99993 0.00000 0.00000 ( 2)
 141 -   0.99736 0.00264 0.00000 0.00000 ( 1)
 142 -   0.28484 0.71516 0.00000 0.00000 ( 2)
 143 -   0.15773 0.84227 0.00000 0.00000 ( 2)
 144 Y   0.01047 0.98953 0.00000 0.00000 ( 2)
 145 S   0.02878 0.97122 0.00000 0.00000 ( 2)
 146 S   0.00260 0.99740 0.00000 0.00000 ( 2)
 147 I   0.00492 0.99508 0.00000 0.00000 ( 2)
 148 G   0.00000 1.00000 0.00000 0.00000 ( 2)
 149 G   0.03344 0.96656 0.00000 0.00000 ( 2)
 150 Y   0.99174 0.00826 0.00000 0.00000 ( 1)
 151 L   0.20278 0.79722 0.00000 0.00000 ( 2)
 152 R   0.00453 0.99547 0.00000 0.00000 ( 2)
 153 K   0.79190 0.20810 0.00000 0.00000 ( 1)
 154 D   0.84475 0.15525 0.00000 0.00000 ( 1)
 155 V   0.00278 0.99722 0.00000 0.00000 ( 2)
 156 F   0.99999 0.00001 0.00000 0.00000 ( 1)
 157 K   0.00010 0.99990 0.00000 0.00000 ( 2)
 158 S   0.86560 0.13440 0.00000 0.00000 ( 1)
 159 E   0.97271 0.02729 0.00000 0.00000 ( 1)
 160 D   0.01285 0.98715 0.00000 0.00000 ( 2)
 161 S   0.80242 0.19758 0.00000 0.00000 ( 1)
 162 T   0.22380 0.77620 0.00000 0.00000 ( 2)
 163 C   0.11330 0.88670 0.00000 0.00000 ( 2)
 164 G   0.08538 0.91462 0.00000 0.00000 ( 2)
 165 L   0.96431 0.03569 0.00000 0.00000 ( 1)
 166 G   0.85678 0.14322 0.00000 0.00000 ( 1)
 167 -   0.85025 0.14975 0.00000 0.00000 ( 1)
 168 -   0.49599 0.50401 0.00000 0.00000 ( 2)
 169 -   0.60278 0.39722 0.00000 0.00000 ( 1)
 170 -   0.60278 0.39722 0.00000 0.00000 ( 1)
 171 -   0.60278 0.39722 0.00000 0.00000 ( 1)
 172 -   0.60278 0.39722 0.00000 0.00000 ( 1)
 173 -   0.98833 0.01167 0.00000 0.00000 ( 1)
 174 -   0.00028 0.99972 0.00000 0.00000 ( 2)
 175 N   0.05589 0.94411 0.00000 0.00000 ( 2)
 176 P   0.31901 0.68099 0.00000 0.00000 ( 2)
 177 G   0.80852 0.19148 0.00000 0.00000 ( 1)
 178 A   0.95067 0.04933 0.00000 0.00000 ( 1)
 179 W   0.02479 0.97521 0.00000 0.00000 ( 2)
 180 T   0.99568 0.00432 0.00000 0.00000 ( 1)
 181 S   0.99263 0.00737 0.00000 0.00000 ( 1)
 182 Y   0.23678 0.76322 0.00000 0.00000 ( 2)
 183 P   0.99799 0.00201 0.00000 0.00000 ( 1)
 184 D   0.99996 0.00004 0.00000 0.00000 ( 1)
 185 Y   0.99998 0.00002 0.00000 0.00000 ( 1)
 186 Y   0.99989 0.00011 0.00000 0.00000 ( 1)
 187 I   0.99955 0.00045 0.00000 0.00000 ( 1)
 188 T   0.98934 0.01066 0.00000 0.00000 ( 1)
 189 N   0.99999 0.00001 0.00000 0.00000 ( 1)
 190 I   0.99999 0.00001 0.00000 0.00000 ( 1)
 191 S   0.99996 0.00004 0.00000 0.00000 ( 1)
 192 A   0.99345 0.00655 0.00000 0.00000 ( 1)
 193 T   0.99844 0.00156 0.00000 0.00000 ( 1)
 194 V   0.76137 0.23863 0.00000 0.00000 ( 1)
 195 Q   0.14036 0.85964 0.00000 0.00000 ( 2)
 196 I   0.00312 0.99687 0.00000 0.00000 ( 2)
 197 N   0.06409 0.93591 0.00000 0.00000 ( 2)
 198 G   0.72521 0.27479 0.00000 0.00000 ( 1)
 199 E   0.14384 0.85616 0.00000 0.00000 ( 2)
 200 N   0.72522 0.27478 0.00000 0.00000 ( 1)
 201 T   0.99333 0.00667 0.00000 0.00000 ( 1)
 202 D   0.98087 0.01913 0.00000 0.00000 ( 1)
 203 T   0.00250 0.99750 0.00000 0.00000 ( 2)
 204 T   0.94728 0.05272 0.00000 0.00000 ( 1)
 205 P   0.99311 0.00689 0.00000 0.00000 ( 1)
 206 L   0.99912 0.00088 0.00000 0.00000 ( 1)
 207 Y   0.10194 0.89806 0.00000 0.00000 ( 2)
 208 F   0.99866 0.00134 0.00000 0.00000 ( 1)
 209 K   0.90065 0.09935 0.00000 0.00000 ( 1)
 210 E   0.96983 0.03017 0.00000 0.00000 ( 1)
 211 N   0.67296 0.32704 0.00000 0.00000 ( 1)
 212 R   0.99989 0.00011 0.00000 0.00000 ( 1)
 213 P   0.94383 0.05617 0.00000 0.00000 ( 1)
 214 I   0.99815 0.00185 0.00000 0.00000 ( 1)
 215 T   0.03082 0.96918 0.00000 0.00000 ( 2)
 216 S   0.01326 0.98674 0.00000 0.00000 ( 2)
 217 T   0.99400 0.00600 0.00000 0.00000 ( 1)
 218 R   0.00100 0.99900 0.00000 0.00000 ( 2)
 219 -   0.60278 0.39722 0.00000 0.00000 ( 1)
 220 -   0.60278 0.39722 0.00000 0.00000 ( 1)
 221 -   0.60278 0.39722 0.00000 0.00000 ( 1)
 222 -   0.70691 0.29309 0.00000 0.00000 ( 1)
 223 -   0.97262 0.02737 0.00000 0.00000 ( 1)
 224 -   0.47768 0.52232 0.00000 0.00000 ( 2)
 225 -   0.51033 0.48967 0.00000 0.00000 ( 1)
 226 -   0.22783 0.77217 0.00000 0.00000 ( 2)
 227 G   0.00144 0.99856 0.00000 0.00000 ( 2)
 228 V   0.88657 0.11343 0.00000 0.00000 ( 1)
 229 N   0.98335 0.01665 0.00000 0.00000 ( 1)
 230 K   0.36126 0.63874 0.00000 0.00000 ( 2)
 231 V   0.04148 0.95852 0.00000 0.00000 ( 2)
 232 I   0.99792 0.00208 0.00000 0.00000 ( 1)
 233 A   0.98857 0.01143 0.00000 0.00000 ( 1)
 234 -   0.91528 0.08472 0.00000 0.00000 ( 1)
 235 -   0.99928 0.00072 0.00000 0.00000 ( 1)
 236 -   0.99888 0.00112 0.00000 0.00000 ( 1)
 237 -   0.98286 0.01714 0.00000 0.00000 ( 1)


lnL = -5784.819407

Bayes Empirical Bayes (BEB) probabilities for 4 classes (class)
(amino acids refer to 1st sequence: BT_Cry18Aa1)

   1 -   0.84262 0.00030 0.15702 0.00006 ( 1)
   2 L   0.84176 0.00012 0.15810 0.00002 ( 1)
   3 Y   0.00011 0.84031 0.00002 0.15956 ( 2)
   4 V   0.83951 0.00148 0.15873 0.00028 ( 1)
   5 S   0.83664 0.00561 0.15669 0.00105 ( 1)
   6 T   0.83573 0.00653 0.15652 0.00123 ( 1)
   7 S   0.83231 0.00709 0.15924 0.00135 ( 1)
   8 A   0.84252 0.00002 0.15745 0.00000 ( 1)
   9 N   0.84300 0.00000 0.15699 0.00000 ( 1)
  10 L   0.84004 0.00045 0.15942 0.00009 ( 1)
  11 Y   0.83990 0.00079 0.15916 0.00015 ( 1)
  12 N   0.84039 0.00215 0.15705 0.00040 ( 1)
  13 I   0.55167 0.28817 0.10527 0.05489 ( 1)
  14 G   0.84213 0.00007 0.15779 0.00001 ( 1)
  15 D   0.83055 0.01236 0.15477 0.00231 ( 1)
  16 N   0.83534 0.00516 0.15852 0.00098 ( 1)
  17 K   0.03539 0.80475 0.00673 0.15314 ( 2)
  18 V   0.00051 0.83859 0.00010 0.16080 ( 2)
  19 N   0.32246 0.51673 0.06190 0.09891 ( 2)
  20 E   0.12956 0.71104 0.02455 0.13485 ( 2)
  21 G   0.81285 0.02740 0.15455 0.00520 ( 1)
  22 A   0.17083 0.66906 0.03259 0.12752 ( 2)
  23 Y   0.84266 0.00003 0.15730 0.00001 ( 1)
  24 P   0.82914 0.01200 0.15660 0.00227 ( 1)
  25 I   0.79145 0.04953 0.14965 0.00937 ( 1)
  26 S   0.56178 0.27834 0.10695 0.05293 ( 1)
  27 Y   0.19871 0.64101 0.03797 0.12231 ( 2)
  28 G   0.79477 0.04479 0.15189 0.00854 ( 1)
  29 P   0.83669 0.00394 0.15862 0.00075 ( 1)
  30 F   0.84267 0.00002 0.15731 0.00000 ( 1)
  31 F   0.83978 0.00072 0.15937 0.00014 ( 1)
  32 N   0.77352 0.06843 0.14517 0.01288 ( 1)
  33 S   0.84180 0.00046 0.15765 0.00009 ( 1)
  34 Y   0.84158 0.00030 0.15807 0.00006 ( 1)
  35 I   0.83640 0.00349 0.15945 0.00066 ( 1)
  36 Q   0.83947 0.00079 0.15959 0.00015 ( 1)
  37 T   0.84156 0.00094 0.15732 0.00018 ( 1)
  38 K   0.84298 0.00002 0.15699 0.00000 ( 1)
  39 S   0.70273 0.13640 0.13479 0.02608 ( 1)
  40 N   0.84300 0.00000 0.15699 0.00000 ( 1)
  41 Y   0.84200 0.00002 0.15798 0.00000 ( 1)
  42 V   0.70407 0.13723 0.13278 0.02591 ( 1)
  43 L   0.77379 0.06667 0.14689 0.01265 ( 1)
  44 S   0.39254 0.44924 0.07366 0.08456 ( 2)
  45 G   0.83276 0.00942 0.15604 0.00177 ( 1)
  46 V   0.06086 0.78105 0.01138 0.14672 ( 2)
  47 S   0.74261 0.10019 0.13844 0.01876 ( 1)
  48 G   0.84211 0.00009 0.15779 0.00002 ( 1)
  49 I   0.00037 0.84136 0.00007 0.15820 ( 2)
  50 G   0.38073 0.45904 0.07270 0.08752 ( 2)
  51 A   0.00000 0.84107 0.00000 0.15893 ( 2)
  52 R   0.00139 0.83998 0.00026 0.15837 ( 2)
  53 F   0.00000 0.84183 0.00000 0.15817 ( 2)
  54 T   0.00094 0.83834 0.00018 0.16054 ( 2)
  55 Y   0.82006 0.01982 0.15635 0.00377 ( 1)
  56 -   0.83187 0.01007 0.15617 0.00189 ( 1)
  57 -   0.05890 0.78311 0.01100 0.14699 ( 2)
  58 -   0.00745 0.83439 0.00139 0.15677 ( 2)
  59 S   0.09028 0.75112 0.01697 0.14162 ( 2)
  60 T   0.03694 0.80442 0.00694 0.15170 ( 2)
  61 V   0.18022 0.65989 0.03431 0.12558 ( 2)
  62 -   0.49666 0.34168 0.09596 0.06569 ( 1)
  63 -   0.49666 0.34168 0.09596 0.06569 ( 1)
  64 L   0.52133 0.31780 0.10007 0.06080 ( 1)
  65 G   0.84175 0.00044 0.15772 0.00008 ( 1)
  66 R   0.00000 0.84188 0.00000 0.15812 ( 2)
  67 Y   0.27429 0.56776 0.05130 0.10664 ( 2)
  68 L   0.71675 0.12430 0.13544 0.02351 ( 1)
  69 H   0.06304 0.77876 0.01180 0.14640 ( 2)
  70 D   0.15466 0.68659 0.02912 0.12962 ( 2)
  71 D   0.00010 0.83970 0.00002 0.16018 ( 2)
  72 L   0.81466 0.02503 0.15554 0.00477 ( 1)
  73 K   0.16330 0.67884 0.03049 0.12737 ( 2)
  74 N   0.00082 0.84106 0.00015 0.15797 ( 2)
  75 I   0.52572 0.31368 0.10068 0.05992 ( 1)
  76 I   0.38164 0.45814 0.07288 0.08735 ( 2)
  77 T   0.35076 0.49118 0.06571 0.09235 ( 2)
  78 T   0.84267 0.00034 0.15693 0.00006 ( 1)
  79 Y   0.84198 0.00004 0.15797 0.00001 ( 1)
  80 V   0.01579 0.82381 0.00302 0.15738 ( 2)
  81 G   0.84023 0.00028 0.15944 0.00005 ( 1)
  82 G   0.83263 0.00787 0.15801 0.00149 ( 1)
  83 T   0.41048 0.43153 0.07688 0.08111 ( 2)
  84 Q   0.07272 0.76712 0.01388 0.14628 ( 2)
  85 G   0.84101 0.00125 0.15751 0.00023 ( 1)
  86 P   0.83266 0.00953 0.15602 0.00179 ( 1)
  87 N   0.00000 0.83909 0.00000 0.16091 ( 2)
  88 I   0.84043 0.00099 0.15840 0.00019 ( 1)
  89 G   0.82511 0.01416 0.15803 0.00270 ( 1)
  90 V   0.00000 0.83912 0.00000 0.16088 ( 2)
  91 Q   0.40047 0.43788 0.07742 0.08424 ( 2)
  92 L   0.81510 0.02324 0.15719 0.00446 ( 1)
  93 S   0.73795 0.10040 0.14238 0.01927 ( 1)
  94 T   0.69265 0.14570 0.13367 0.02798 ( 1)
  95 T   0.63396 0.20438 0.12239 0.03926 ( 1)
  96 E   0.69830 0.14004 0.13476 0.02689 ( 1)
  97 L   0.58079 0.25755 0.11216 0.04949 ( 1)
  98 D   0.75548 0.08287 0.14575 0.01591 ( 1)
  99 E   0.07699 0.76136 0.01491 0.14675 ( 2)
 100 L   0.24157 0.59678 0.04674 0.11492 ( 2)
 101 K   0.49666 0.34168 0.09596 0.06569 ( 1)
 102 K   0.06634 0.77201 0.01284 0.14881 ( 2)
 103 Q   0.28538 0.55297 0.05520 0.10645 ( 2)
 104 Q   0.64938 0.18896 0.12536 0.03630 ( 1)
 105 Q   0.64938 0.18896 0.12536 0.03630 ( 1)
 106 A   0.74719 0.09115 0.14415 0.01750 ( 1)
 107 T   0.22138 0.61696 0.04284 0.11882 ( 2)
 108 R   0.05503 0.78332 0.01066 0.15100 ( 2)
 109 D   0.42818 0.41016 0.08276 0.07889 ( 1)
 110 S   0.01093 0.82741 0.00212 0.15954 ( 2)
 111 L   0.16488 0.67346 0.03191 0.12974 ( 2)
 112 V   0.00000 0.84173 0.00000 0.15827 ( 2)
 113 D   0.00037 0.84157 0.00007 0.15799 ( 2)
 114 F   0.00253 0.83657 0.00049 0.16042 ( 2)
 115 Q   0.00422 0.83772 0.00079 0.15727 ( 2)
 116 F   0.00029 0.83897 0.00006 0.16068 ( 2)
 117 F   0.67287 0.16707 0.12826 0.03180 ( 1)
 118 T   0.83569 0.00699 0.15601 0.00131 ( 1)
 119 L   0.43685 0.40565 0.08149 0.07602 ( 1)
 120 N   0.08379 0.75543 0.01609 0.14469 ( 2)
 121 C   0.01725 0.82235 0.00330 0.15710 ( 2)
 122 M   0.06405 0.77512 0.01230 0.14852 ( 2)
 123 L   0.00136 0.83786 0.00026 0.16051 ( 2)
 124 P   0.00116 0.83793 0.00022 0.16068 ( 2)
 125 N   0.69206 0.14974 0.13001 0.02820 ( 1)
 126 P   0.84120 0.00074 0.15792 0.00014 ( 1)
 127 I   0.58111 0.25923 0.11043 0.04923 ( 1)
 128 T   0.00003 0.83977 0.00001 0.16019 ( 2)
 129 A   0.75659 0.08449 0.14295 0.01597 ( 1)
 130 P   0.83479 0.00584 0.15826 0.00111 ( 1)
 131 Y   0.84230 0.00039 0.15724 0.00007 ( 1)
 132 F   0.82892 0.01357 0.15497 0.00255 ( 1)
 133 A   0.83875 0.00244 0.15834 0.00046 ( 1)
 134 T   0.83772 0.00520 0.15611 0.00097 ( 1)
 135 S   0.13922 0.70012 0.02670 0.13396 ( 2)
 136 L   0.81222 0.02672 0.15595 0.00511 ( 1)
 137 Y   0.83334 0.00934 0.15557 0.00175 ( 1)
 138 E   0.80773 0.03248 0.15361 0.00617 ( 1)
 139 S   0.48097 0.36085 0.09026 0.06792 ( 1)
 140 R   0.00004 0.84046 0.00001 0.15949 ( 2)
 141 -   0.84035 0.00234 0.15688 0.00044 ( 1)
 142 -   0.21836 0.62093 0.04189 0.11883 ( 2)
 143 -   0.11609 0.72342 0.02222 0.13826 ( 2)
 144 Y   0.00680 0.83237 0.00131 0.15953 ( 2)
 145 S   0.01841 0.82316 0.00345 0.15498 ( 2)
 146 S   0.00164 0.83995 0.00031 0.15811 ( 2)
 147 I   0.00313 0.83615 0.00060 0.16012 ( 2)
 148 G   0.00000 0.84136 0.00000 0.15864 ( 2)
 149 G   0.02143 0.81773 0.00412 0.15672 ( 2)
 150 Y   0.83540 0.00759 0.15558 0.00142 ( 1)
 151 L   0.14552 0.69383 0.02790 0.13275 ( 2)
 152 R   0.00284 0.83626 0.00055 0.16036 ( 2)
 153 K   0.64271 0.19828 0.12150 0.03751 ( 1)
 154 D   0.69532 0.14573 0.13139 0.02756 ( 1)
 155 V   0.00175 0.83742 0.00034 0.16049 ( 2)
 156 F   0.84268 0.00001 0.15731 0.00000 ( 1)
 157 K   0.00005 0.83977 0.00001 0.16016 ( 2)
 158 S   0.71233 0.12871 0.13461 0.02434 ( 1)
 159 E   0.81616 0.02654 0.15232 0.00497 ( 1)
 160 D   0.00821 0.83180 0.00156 0.15843 ( 2)
 161 S   0.65516 0.18753 0.12218 0.03513 ( 1)
 162 T   0.16228 0.67782 0.03090 0.12901 ( 2)
 163 C   0.08115 0.75849 0.01552 0.14484 ( 2)
 164 G   0.05519 0.78608 0.01038 0.14834 ( 2)
 165 L   0.80721 0.03495 0.15127 0.00657 ( 1)
 166 G   0.70496 0.13743 0.13182 0.02579 ( 1)
 167 -   0.70650 0.13185 0.13634 0.02532 ( 1)
 168 -   0.39966 0.43869 0.07726 0.08439 ( 2)
 169 -   0.49666 0.34168 0.09596 0.06569 ( 1)
 170 -   0.49666 0.34168 0.09596 0.06569 ( 1)
 171 -   0.49666 0.34168 0.09596 0.06569 ( 1)
 172 -   0.49666 0.34168 0.09596 0.06569 ( 1)
 173 -   0.83185 0.01082 0.15529 0.00203 ( 1)
 174 -   0.00016 0.83965 0.00003 0.16017 ( 2)
 175 N   0.03521 0.80404 0.00676 0.15399 ( 2)
 176 P   0.23048 0.61053 0.04351 0.11547 ( 2)
 177 G   0.65877 0.18163 0.12512 0.03448 ( 1)
 178 A   0.79349 0.04945 0.14780 0.00925 ( 1)
 179 W   0.01636 0.82345 0.00312 0.15707 ( 2)
 180 T   0.83634 0.00367 0.15929 0.00070 ( 1)
 181 S   0.83525 0.00676 0.15672 0.00127 ( 1)
 182 Y   0.16948 0.67013 0.03242 0.12797 ( 2)
 183 P   0.83894 0.00169 0.15905 0.00032 ( 1)
 184 D   0.84265 0.00003 0.15730 0.00001 ( 1)
 185 Y   0.84200 0.00002 0.15798 0.00000 ( 1)
 186 Y   0.84260 0.00009 0.15729 0.00002 ( 1)
 187 I   0.83935 0.00035 0.16022 0.00007 ( 1)
 188 T   0.83204 0.00950 0.15667 0.00179 ( 1)
 189 N   0.84300 0.00001 0.15699 0.00000 ( 1)
 190 I   0.84285 0.00001 0.15713 0.00000 ( 1)
 191 S   0.84223 0.00003 0.15773 0.00001 ( 1)
 192 A   0.83364 0.00562 0.15966 0.00107 ( 1)
 193 T   0.84114 0.00136 0.15725 0.00026 ( 1)
 194 V   0.61606 0.22566 0.11577 0.04251 ( 1)
 195 Q   0.09860 0.74146 0.01878 0.14116 ( 2)
 196 I   0.00182 0.83973 0.00034 0.15811 ( 2)
 197 N   0.04253 0.79935 0.00795 0.15017 ( 2)
 198 G   0.58653 0.25446 0.11086 0.04814 ( 1)
 199 E   0.09970 0.73998 0.01906 0.14126 ( 2)
 200 N   0.58002 0.26094 0.10967 0.04937 ( 1)
 201 T   0.83649 0.00619 0.15616 0.00116 ( 1)
 202 D   0.82237 0.01757 0.15672 0.00334 ( 1)
 203 T   0.00146 0.83905 0.00028 0.15922 ( 2)
 204 T   0.79149 0.04967 0.14946 0.00939 ( 1)
 205 P   0.83345 0.00575 0.15970 0.00110 ( 1)
 206 L   0.83978 0.00072 0.15937 0.00014 ( 1)
 207 Y   0.06997 0.76932 0.01342 0.14729 ( 2)
 208 F   0.84088 0.00113 0.15777 0.00021 ( 1)
 209 K   0.74410 0.09588 0.14179 0.01824 ( 1)
 210 E   0.81222 0.02803 0.15443 0.00532 ( 1)
 211 N   0.53332 0.30784 0.10066 0.05818 ( 1)
 212 R   0.84111 0.00009 0.15879 0.00002 ( 1)
 213 P   0.78793 0.05501 0.14677 0.01030 ( 1)
 214 I   0.83986 0.00156 0.15829 0.00029 ( 1)
 215 T   0.01954 0.82099 0.00370 0.15577 ( 2)
 216 S   0.00803 0.83385 0.00150 0.15661 ( 2)
 217 T   0.83675 0.00519 0.15709 0.00098 ( 1)
 218 R   0.00061 0.83837 0.00012 0.16091 ( 2)
 219 -   0.49666 0.34168 0.09596 0.06569 ( 1)
 220 -   0.49666 0.34168 0.09596 0.06569 ( 1)
 221 -   0.49666 0.34168 0.09596 0.06569 ( 1)
 222 -   0.58044 0.25991 0.11029 0.04936 ( 1)
 223 -   0.81778 0.02335 0.15446 0.00441 ( 1)
 224 -   0.37729 0.46420 0.07097 0.08754 ( 2)
 225 -   0.40480 0.43694 0.07599 0.08227 ( 2)
 226 -   0.17355 0.66656 0.03304 0.12685 ( 2)
 227 G   0.00083 0.83958 0.00016 0.15943 ( 2)
 228 V   0.73771 0.10125 0.14167 0.01937 ( 1)
 229 N   0.82362 0.01587 0.15748 0.00303 ( 1)
 230 K   0.26476 0.57669 0.04980 0.10876 ( 2)
 231 V   0.02769 0.81172 0.00531 0.15529 ( 2)
 232 I   0.83924 0.00175 0.15868 0.00033 ( 1)
 233 A   0.83175 0.01050 0.15578 0.00197 ( 1)
 234 -   0.76521 0.07411 0.14653 0.01415 ( 1)
 235 -   0.84131 0.00062 0.15796 0.00012 ( 1)
 236 -   0.83913 0.00088 0.15982 0.00017 ( 1)
 237 -   0.82607 0.01512 0.15596 0.00286 ( 1)

