Supplemental results for CODEML (seqf: algn  treef: tree)


dN/dS (w) for site classes (K=4)

site class             0        1       2a       2b
proportion       0.57334  0.41194  0.00857  0.00615
background w     0.09665  0.57619  0.09665  0.57619
foreground w     0.09665  0.57619 78.46233 78.46233

Naive Empirical Bayes (NEB) probabilities for 4 classes
(amino acids refer to 1st sequence: BT_Cry13Aa1)

   1 S   0.64448 0.34080 0.00963 0.00509 ( 1)
   2 V   0.94670 0.05231 0.00094 0.00005 ( 1)
   3 A   0.92919 0.06938 0.00132 0.00010 ( 1)
   4 V   0.94641 0.05227 0.00124 0.00007 ( 1)
   5 P   0.97096 0.02316 0.00573 0.00014 ( 1)
   6 L   0.60638 0.39215 0.00088 0.00060 ( 1)
   7 I   0.34537 0.65287 0.00059 0.00117 ( 2)
   8 S   0.81060 0.18808 0.00105 0.00026 ( 1)
   9 M   0.98355 0.01576 0.00068 0.00001 ( 1)
  10 L   0.85567 0.14296 0.00116 0.00020 ( 1)
  11 V   0.95867 0.03988 0.00138 0.00006 ( 1)
  12 G   0.62708 0.37217 0.00047 0.00029 ( 1)
  13 V   0.13146 0.86216 0.00084 0.00554 ( 2)
  14 F   0.29806 0.70012 0.00054 0.00129 ( 2)
  15 W   0.87877 0.11487 0.00562 0.00074 ( 1)
  16 P   0.99608 0.00259 0.00133 0.00000 ( 1)
  17 K   0.09295 0.90614 0.00008 0.00083 ( 2)
  18 -   0.57334 0.41194 0.00857 0.00615 ( 1)
  19 -   0.57334 0.41194 0.00857 0.00615 ( 1)
  20 -   0.57334 0.41194 0.00857 0.00615 ( 1)
  21 -   0.57334 0.41194 0.00857 0.00615 ( 1)
  22 -   0.13826 0.86027 0.00019 0.00127 ( 2)
  23 -   0.23644 0.76190 0.00039 0.00127 ( 2)
  24 G   0.00365 0.99480 0.00001 0.00155 ( 2)
  25 T   0.01272 0.98548 0.00002 0.00178 ( 2)
  26 N   0.12933 0.86692 0.00048 0.00327 ( 2)
  27 N   0.98192 0.01695 0.00111 0.00002 ( 1)
  28 Q   0.51983 0.47873 0.00074 0.00071 ( 1)
  29 E   0.39661 0.60211 0.00049 0.00079 ( 2)
  30 N   0.73775 0.26093 0.00096 0.00036 ( 1)
  31 L   0.87699 0.12120 0.00158 0.00022 ( 1)
  32 I   0.96513 0.03342 0.00140 0.00005 ( 1)
  33 T   0.01875 0.97972 0.00003 0.00150 ( 2)
  34 V   0.93288 0.06532 0.00168 0.00012 ( 1)
  35 I   0.99717 0.00139 0.00144 0.00000 ( 1)
  36 D   0.99808 0.00079 0.00113 0.00000 ( 1)
  37 K   0.00892 0.98872 0.00002 0.00234 ( 2)
  38 E   0.99773 0.00103 0.00124 0.00000 ( 1)
  39 V   0.99264 0.00592 0.00143 0.00001 ( 1)
  40 Q   0.99513 0.00359 0.00128 0.00000 ( 1)
  41 R   0.96958 0.02903 0.00135 0.00004 ( 1)
  42 I   0.39482 0.60387 0.00051 0.00080 ( 2)
  43 L   0.98838 0.00982 0.00178 0.00002 ( 1)
  44 D   0.96719 0.03118 0.00158 0.00005 ( 1)
  45 E   0.70557 0.29302 0.00098 0.00043 ( 1)
  46 K   0.89046 0.10830 0.00110 0.00014 ( 1)
  47 L   0.98762 0.01058 0.00178 0.00002 ( 1)
  48 S   0.95818 0.04002 0.00173 0.00007 ( 1)
  49 D   0.04512 0.95361 0.00005 0.00121 ( 2)
  50 Q   0.86853 0.11609 0.01335 0.00203 ( 1)
  51 L   0.95288 0.04599 0.00108 0.00006 ( 1)
  52 I   0.80677 0.19251 0.00058 0.00014 ( 1)
  53 K   0.00109 0.00032 0.99446 0.00413 ( 3)
  54 K   0.45815 0.53635 0.00222 0.00328 ( 2)
  55 L   0.57151 0.42212 0.00365 0.00271 ( 1)
  56 N   0.00083 0.74746 0.00130 0.25041 ( 2)
  57 A   0.71796 0.28083 0.00087 0.00035 ( 1)
  58 D   0.87111 0.12764 0.00108 0.00017 ( 1)
  59 L   0.98828 0.00992 0.00178 0.00002 ( 1)
  60 N   0.06834 0.93036 0.00008 0.00122 ( 2)
  61 A   0.00990 0.98859 0.00001 0.00149 ( 2)
  62 F   0.99103 0.00752 0.00144 0.00001 ( 1)
  63 T   0.09390 0.90508 0.00009 0.00093 ( 2)
  64 D   0.56362 0.43522 0.00064 0.00052 ( 1)
  65 L   0.10690 0.89172 0.00014 0.00123 ( 2)
  66 V   0.30221 0.69581 0.00059 0.00139 ( 2)
  67 T   0.04042 0.95773 0.00007 0.00179 ( 2)
  68 R   0.00133 0.99686 0.00000 0.00181 ( 2)
  69 L   0.07594 0.92210 0.00014 0.00182 ( 2)
  70 E   0.00081 0.99754 0.00000 0.00165 ( 2)
  71 E   0.00143 0.99763 0.00000 0.00094 ( 2)
  72 V   0.58770 0.41097 0.00077 0.00056 ( 1)
  73 I   0.92942 0.06914 0.00134 0.00011 ( 1)
  74 I   0.58231 0.40912 0.00461 0.00396 ( 1)
  75 D   0.99428 0.00459 0.00112 0.00001 ( 1)
  76 A   0.99300 0.00299 0.00400 0.00001 ( 1)
  77 T   0.37814 0.61849 0.00127 0.00210 ( 2)
  78 F   0.87394 0.11971 0.00559 0.00077 ( 1)
  79 -   0.84937 0.14868 0.00166 0.00030 ( 1)
  80 -   0.99096 0.00815 0.00088 0.00001 ( 1)
  81 -   0.68391 0.31472 0.00092 0.00044 ( 1)
  82 -   0.93940 0.05917 0.00134 0.00009 ( 1)
  83 -   0.13668 0.86168 0.00022 0.00142 ( 2)
  84 E   0.30916 0.68944 0.00042 0.00098 ( 2)
  85 N   0.46425 0.53430 0.00066 0.00079 ( 2)
  86 H   0.72673 0.27195 0.00094 0.00038 ( 1)
  87 K   0.98287 0.01642 0.00071 0.00001 ( 1)
  88 P   0.34790 0.65004 0.00069 0.00137 ( 2)
  89 V   0.01577 0.98223 0.00003 0.00197 ( 2)
  90 L   0.35166 0.64757 0.00026 0.00051 ( 2)
  91 Q   0.06021 0.93811 0.00010 0.00158 ( 2)
  92 V   0.85014 0.14852 0.00113 0.00020 ( 1)
  93 S   0.27529 0.72324 0.00039 0.00107 ( 2)
  94 K   0.00151 0.99670 0.00000 0.00179 ( 2)
  95 S   0.99153 0.00651 0.00194 0.00001 ( 1)
  96 N   0.99391 0.00496 0.00112 0.00001 ( 1)
  97 Y   0.99319 0.00559 0.00121 0.00001 ( 1)
  98 M   0.00058 0.96747 0.00003 0.03193 ( 2)
  99 K   0.97165 0.02706 0.00126 0.00004 ( 1)
 100 V   0.99389 0.00476 0.00135 0.00001 ( 1)
 101 D   0.20267 0.79592 0.00028 0.00113 ( 2)
 102 S   0.00228 0.99572 0.00000 0.00199 ( 2)
 103 A   0.00384 0.99464 0.00001 0.00152 ( 2)
 104 Y   0.61209 0.38690 0.00061 0.00040 ( 1)
 105 F   0.00337 0.99468 0.00001 0.00195 ( 2)
 106 S   0.02076 0.97764 0.00003 0.00157 ( 2)
 107 T   0.89713 0.09930 0.00320 0.00037 ( 1)
 108 G   0.00501 0.99380 0.00001 0.00119 ( 2)
 109 G   0.15641 0.84271 0.00012 0.00076 ( 2)
 110 I   0.00270 0.99511 0.00001 0.00219 ( 2)
 111 L   0.98321 0.01535 0.00142 0.00002 ( 1)
 112 T   0.00332 0.86719 0.00305 0.12645 ( 2)
 113 L   0.01018 0.96563 0.00148 0.02271 ( 2)
 114 G   0.06958 0.92904 0.00009 0.00129 ( 2)
 115 M   0.02658 0.97212 0.00003 0.00127 ( 2)
 116 S   0.40537 0.19488 0.37697 0.02278 ( 1)
 117 D   0.05211 0.94480 0.00016 0.00293 ( 2)
 118 F   0.83681 0.16173 0.00122 0.00025 ( 1)
 119 L   0.66599 0.33332 0.00046 0.00024 ( 1)
 120 T   0.91219 0.08650 0.00118 0.00012 ( 1)
 121 D   0.88613 0.10888 0.00444 0.00055 ( 1)
 122 T   0.96687 0.03149 0.00158 0.00005 ( 1)
 123 Y   0.99357 0.00543 0.00099 0.00001 ( 1)
 124 S   0.87026 0.12791 0.00159 0.00024 ( 1)
 125 K   0.10138 0.89714 0.00014 0.00133 ( 2)
 126 L   0.87360 0.12516 0.00107 0.00016 ( 1)
 127 T   0.98616 0.01253 0.00129 0.00002 ( 1)
 128 F   0.55411 0.44456 0.00073 0.00061 ( 1)
 129 P   0.98712 0.00702 0.00582 0.00004 ( 1)
 130 L   0.64819 0.35058 0.00079 0.00044 ( 1)
 131 Y   0.95648 0.04253 0.00095 0.00004 ( 1)
 132 V   0.83973 0.15890 0.00114 0.00023 ( 1)
 133 L   0.99095 0.00760 0.00144 0.00001 ( 1)
 134 G   0.99696 0.00214 0.00090 0.00000 ( 1)
 135 A   0.99727 0.00142 0.00131 0.00000 ( 1)
 136 T   0.99516 0.00342 0.00141 0.00001 ( 1)
 137 M   0.09079 0.90738 0.00015 0.00168 ( 2)
 138 K   0.24237 0.75622 0.00034 0.00107 ( 2)
 139 L   0.89639 0.10241 0.00107 0.00013 ( 1)
 140 S   0.66554 0.33281 0.00108 0.00057 ( 1)
 141 A   0.01314 0.94646 0.00340 0.03701 ( 2)
 142 Y   0.57200 0.42706 0.00053 0.00041 ( 1)
 143 H   0.98555 0.01317 0.00127 0.00002 ( 1)
 144 S   0.17346 0.82531 0.00021 0.00102 ( 2)
 145 Y   0.90279 0.09598 0.00110 0.00012 ( 1)
 146 I   0.98655 0.01200 0.00142 0.00002 ( 1)
 147 Q   0.87200 0.12659 0.00122 0.00019 ( 1)
 148 F   0.99794 0.00107 0.00099 0.00000 ( 1)
 149 G   0.16573 0.83309 0.00019 0.00099 ( 2)
 150 N   0.96205 0.03665 0.00125 0.00005 ( 1)
 151 T   0.00157 0.99668 0.00000 0.00175 ( 2)
 152 W   0.87877 0.11487 0.00562 0.00074 ( 1)
 153 L   0.85164 0.14690 0.00123 0.00022 ( 1)
 154 N   0.40852 0.59031 0.00046 0.00071 ( 2)
 155 K   0.00838 0.98957 0.00002 0.00203 ( 2)
 156 V   0.99629 0.00235 0.00135 0.00000 ( 1)
 157 Y   0.97724 0.00804 0.01460 0.00012 ( 1)
 158 -   0.93214 0.05314 0.01393 0.00079 ( 1)
 159 -   0.85059 0.13469 0.01271 0.00201 ( 1)
 160 -   0.82448 0.16080 0.01232 0.00240 ( 1)
 161 D   0.14924 0.84984 0.00013 0.00079 ( 2)
 162 L   0.00830 0.98781 0.00003 0.00386 ( 2)
 163 S   0.04611 0.95326 0.00003 0.00060 ( 2)
 164 S   0.00020 0.99772 0.00000 0.00208 ( 2)
 165 D   0.01260 0.83185 0.01233 0.14323 ( 2)
 166 E   0.00216 0.99433 0.00001 0.00351 ( 2)
 167 G   0.11612 0.88242 0.00016 0.00129 ( 2)
 168 K   0.01027 0.98809 0.00002 0.00162 ( 2)
 169 T   0.98605 0.01253 0.00140 0.00002 ( 1)
 170 M   0.08248 0.91621 0.00011 0.00121 ( 2)
 171 S   0.00148 0.99683 0.00000 0.00169 ( 2)
 172 Q   0.69470 0.30405 0.00085 0.00039 ( 1)
 173 A   0.51193 0.48673 0.00066 0.00067 ( 1)
 174 L   0.98942 0.00878 0.00178 0.00002 ( 1)
 175 A   0.01477 0.98380 0.00002 0.00141 ( 2)
 176 R   0.03060 0.96792 0.00004 0.00143 ( 2)
 177 A   0.93574 0.06087 0.00318 0.00021 ( 1)
 178 K   0.99757 0.00103 0.00139 0.00000 ( 1)
 179 Q   0.00095 0.99736 0.00000 0.00168 ( 2)
 180 H   0.01117 0.97909 0.00035 0.00940 ( 2)
 181 M   0.99685 0.00246 0.00069 0.00000 ( 1)
 182 R   0.65569 0.34291 0.00091 0.00049 ( 1)
 183 Q   0.02471 0.97361 0.00004 0.00164 ( 2)
 184 D   0.00119 0.99726 0.00000 0.00154 ( 2)
 185 I   0.99648 0.00208 0.00144 0.00000 ( 1)
 186 A   0.00049 0.99814 0.00000 0.00137 ( 2)
 187 F   0.00005 0.77734 0.00009 0.22253 ( 2)
 188 Y   0.94944 0.04933 0.00116 0.00006 ( 1)
 189 T   0.99629 0.00229 0.00141 0.00000 ( 1)
 190 S   0.00073 0.99795 0.00000 0.00132 ( 2)
 191 Q   0.26079 0.73761 0.00041 0.00118 ( 2)
 192 A   0.98939 0.00926 0.00134 0.00001 ( 1)
 193 L   0.45696 0.54234 0.00031 0.00039 ( 2)
 194 N   0.64657 0.35201 0.00090 0.00052 ( 1)
 195 M   0.51621 0.48240 0.00070 0.00068 ( 1)
 196 F   0.99832 0.00069 0.00099 0.00000 ( 1)
 197 T   0.89173 0.10686 0.00124 0.00016 ( 1)
 198 -   0.94005 0.05882 0.00106 0.00007 ( 1)
 199 -   0.05932 0.37524 0.28140 0.28404 ( 2)
 200 G   0.01920 0.97804 0.00005 0.00270 ( 2)
 201 N   0.41771 0.58094 0.00054 0.00081 ( 2)
 202 L   0.06498 0.93432 0.00004 0.00066 ( 2)
 203 P   0.99671 0.00212 0.00116 0.00000 ( 1)
 204 S   0.83411 0.16447 0.00118 0.00024 ( 1)
 205 L   0.95664 0.04190 0.00139 0.00006 ( 1)
 206 S   0.00662 0.91072 0.00378 0.07888 ( 2)
 207 S   0.73636 0.26228 0.00099 0.00037 ( 1)
 208 N   0.96604 0.03266 0.00125 0.00005 ( 1)
 209 K   0.99757 0.00103 0.00139 0.00000 ( 1)
 210 Y   0.01092 0.98805 0.00001 0.00102 ( 2)
 211 A   0.29328 0.70610 0.00018 0.00044 ( 2)
 212 I   0.90680 0.09184 0.00123 0.00013 ( 1)
 213 N   0.96979 0.02908 0.00109 0.00003 ( 1)
 214 D   0.08263 0.91563 0.00014 0.00160 ( 2)
 215 Y   0.98274 0.01604 0.00120 0.00002 ( 1)
 216 N   0.99785 0.00086 0.00129 0.00000 ( 1)
 217 V   0.00658 0.99193 0.00001 0.00147 ( 2)
 218 Y   0.98333 0.01545 0.00120 0.00002 ( 1)
 219 T   0.80538 0.18803 0.00525 0.00134 ( 1)
 220 R   0.89870 0.09990 0.00125 0.00015 ( 1)
 221 A   0.98428 0.01482 0.00089 0.00001 ( 1)
 222 M   0.99367 0.00565 0.00068 0.00000 ( 1)
 223 V   0.60248 0.39608 0.00085 0.00059 ( 1)
 224 L   0.81781 0.18038 0.00147 0.00033 ( 1)
 225 N   0.98941 0.00930 0.00128 0.00001 ( 1)
 226 G   0.80061 0.19803 0.00109 0.00028 ( 1)
 227 L   0.98639 0.01181 0.00178 0.00002 ( 1)
 228 D   0.99841 0.00046 0.00113 0.00000 ( 1)
 229 I   0.06341 0.93495 0.00010 0.00154 ( 2)
 230 V   0.97380 0.02478 0.00139 0.00004 ( 1)
 231 A   0.99671 0.00198 0.00131 0.00000 ( 1)
 232 T   0.87893 0.11961 0.00128 0.00018 ( 1)
 233 W   0.87877 0.11487 0.00562 0.00074 ( 1)


lnL = -4176.505164

