Supplemental results for CODEML (seqf: algn  treef: tree)


dN/dS (w) for site classes (K=4)

site class             0        1       2a       2b
proportion       0.21364  0.62891  0.03992  0.11753
background w     0.01632  0.39120  0.01632  0.39120
foreground w     0.01632  0.39120  3.86910  3.86910

Naive Empirical Bayes (NEB) probabilities for 4 classes
(amino acids refer to 1st sequence: BT_Cry69Aa1)

   1 -   0.02624 0.75815 0.05467 0.16094 ( 2)
   2 G   0.00003 0.40086 0.15191 0.44720 ( 4)
   3 T   0.00006 0.89099 0.02763 0.08133 ( 2)
   4 G   0.00578 0.99281 0.00036 0.00105 ( 2)
   5 V   0.00312 0.98659 0.00261 0.00768 ( 2)
   6 N   0.00031 0.99866 0.00026 0.00076 ( 2)
   7 I   0.18769 0.81171 0.00015 0.00045 ( 2)
   8 L   0.03916 0.95041 0.00265 0.00779 ( 2)
   9 G   0.04086 0.95374 0.00137 0.00404 ( 2)
  10 R   0.00000 0.00438 0.25245 0.74317 ( 4)
  11 I   0.05653 0.94053 0.00074 0.00219 ( 2)
  12 F   0.87898 0.12102 0.00000 0.00000 ( 1)
  13 G   0.00003 0.99310 0.00174 0.00513 ( 2)
  14 F   0.00000 0.01498 0.24976 0.73525 ( 4)
  15 L   0.00487 0.99231 0.00071 0.00210 ( 2)
  16 W   0.46306 0.53683 0.00003 0.00008 ( 2)
  17 P   0.70343 0.29655 0.00000 0.00001 ( 1)
  18 N   0.00000 0.04341 0.24256 0.71403 ( 4)
  19 P   0.00001 0.79288 0.05252 0.15460 ( 2)
  20 N   0.00043 0.98872 0.00275 0.00810 ( 2)
  21 E   0.00739 0.99012 0.00063 0.00186 ( 2)
  22 L   0.00000 0.00572 0.25211 0.74217 ( 4)
  23 N   0.00219 0.96224 0.00902 0.02655 ( 2)
  24 W   0.03400 0.96331 0.00068 0.00201 ( 2)
  25 V   0.10065 0.89727 0.00053 0.00155 ( 2)
  26 N   0.00000 0.09171 0.23031 0.67798 ( 4)
  27 L   0.00030 0.99749 0.00056 0.00165 ( 2)
  28 I   0.00499 0.99045 0.00116 0.00341 ( 2)
  29 R   0.00612 0.99377 0.00003 0.00008 ( 2)
  30 V   0.00001 0.98567 0.00363 0.01069 ( 2)
  31 V   0.11414 0.88316 0.00068 0.00202 ( 2)
  32 E   0.13866 0.86120 0.00004 0.00010 ( 2)
  33 A   0.00000 0.00364 0.25264 0.74372 ( 4)
  34 L   0.72722 0.27242 0.00009 0.00027 ( 1)
  35 I   0.81412 0.18586 0.00001 0.00002 ( 1)
  36 D   0.00000 0.29252 0.17939 0.52809 ( 4)
  37 Q   0.04274 0.95482 0.00062 0.00183 ( 2)
  38 R   0.00000 0.01758 0.24911 0.73332 ( 4)
  39 I   0.00570 0.99102 0.00083 0.00245 ( 2)
  40 E   0.00000 0.00068 0.25339 0.74593 ( 4)
  41 L   0.00000 0.00060 0.25341 0.74599 ( 4)
  42 Y   0.00004 0.35528 0.16347 0.48122 ( 4)
  43 A   0.00228 0.97037 0.00694 0.02042 ( 2)
  44 I   0.12463 0.87511 0.00007 0.00020 ( 2)
  45 E   0.00000 0.01639 0.24941 0.73420 ( 4)
  46 N   0.00019 0.99116 0.00220 0.00646 ( 2)
  47 A   0.00105 0.77780 0.05608 0.16508 ( 2)
  48 T   0.00000 0.05174 0.24044 0.70782 ( 4)
  49 S   0.00000 0.01330 0.25019 0.73651 ( 4)
  50 K   0.08539 0.91426 0.00009 0.00026 ( 2)
  51 L   0.05923 0.94032 0.00011 0.00033 ( 2)
  52 E   0.00031 0.93027 0.01760 0.05182 ( 2)
  53 G   0.63852 0.36141 0.00002 0.00006 ( 1)
  54 L   0.59502 0.40472 0.00007 0.00020 ( 1)
  55 R   0.00375 0.98098 0.00387 0.01139 ( 2)
  56 S   0.00000 0.04553 0.24202 0.71245 ( 4)
  57 V   0.01095 0.98865 0.00010 0.00030 ( 2)
  58 V   0.00229 0.99603 0.00042 0.00125 ( 2)
  59 S   0.00004 0.64428 0.09019 0.26549 ( 2)
  60 I   0.00428 0.98974 0.00152 0.00447 ( 2)
  61 Y   0.83359 0.16641 0.00000 0.00000 ( 1)
  62 N   0.01423 0.98434 0.00036 0.00107 ( 2)
  63 T   0.00000 0.58030 0.10642 0.31328 ( 2)
  64 A   0.80314 0.19685 0.00000 0.00000 ( 1)
  65 F   0.02777 0.96134 0.00276 0.00813 ( 2)
  66 N   0.00000 0.00268 0.25288 0.74444 ( 4)
  67 H   0.00020 0.99332 0.00164 0.00484 ( 2)
  68 W   0.46306 0.53683 0.00003 0.00008 ( 2)
  69 N   0.00035 0.99397 0.00144 0.00423 ( 2)
  70 A   0.00739 0.47188 0.13204 0.38869 ( 2)
  71 S   0.27526 0.68107 0.01107 0.03259 ( 2)
  72 E   0.26871 0.67696 0.01378 0.04055 ( 2)
  73 A   0.00014 0.98078 0.00484 0.01425 ( 2)
  74 S   0.01093 0.98880 0.00007 0.00020 ( 2)
  75 R   0.78698 0.21301 0.00000 0.00000 ( 1)
  76 R   0.00000 0.55407 0.11307 0.33286 ( 2)
  77 D   0.25773 0.74221 0.00002 0.00005 ( 2)
  78 D   0.00000 0.00107 0.25329 0.74564 ( 4)
  79 A   0.00024 0.96256 0.00943 0.02777 ( 2)
  80 L   0.00612 0.99368 0.00005 0.00015 ( 2)
  81 K   0.09386 0.90538 0.00019 0.00057 ( 2)
  82 E   0.00051 0.99158 0.00201 0.00591 ( 2)
  83 R   0.00169 0.97041 0.00707 0.02083 ( 2)
  84 V   0.78880 0.21116 0.00001 0.00003 ( 1)
  85 R   0.80061 0.19938 0.00000 0.00000 ( 1)
  86 T   0.00000 0.09372 0.22980 0.67648 ( 4)
  87 T   0.01399 0.89004 0.02433 0.07164 ( 2)
  88 F   0.82285 0.17714 0.00000 0.00000 ( 1)
  89 A   0.00011 0.95993 0.01013 0.02982 ( 2)
  90 D   0.00653 0.99090 0.00065 0.00192 ( 2)
  91 V   0.00008 0.89291 0.02713 0.07987 ( 2)
  92 D   0.91895 0.08105 0.00000 0.00000 ( 1)
  93 S   0.00033 0.99365 0.00153 0.00449 ( 2)
  94 A   0.00831 0.99157 0.00003 0.00009 ( 2)
  95 L   0.10928 0.89044 0.00007 0.00021 ( 2)
  96 A   0.07593 0.92371 0.00009 0.00027 ( 2)
  97 A   0.00000 0.00038 0.25347 0.74615 ( 4)
  98 A   0.00001 0.96544 0.00876 0.02579 ( 2)
  99 I   0.00037 0.99585 0.00096 0.00282 ( 2)
 100 P   0.70930 0.29069 0.00000 0.00001 ( 1)
 101 Q   0.00325 0.99271 0.00103 0.00302 ( 2)
 102 F   0.87898 0.12102 0.00000 0.00000 ( 1)
 103 R   0.78480 0.21519 0.00000 0.00000 ( 1)
 104 Q   0.00388 0.97370 0.00569 0.01674 ( 2)
 105 N   0.00000 0.00109 0.25329 0.74562 ( 4)
 106 R   0.00000 0.12811 0.22108 0.65081 ( 4)
 107 F   0.00854 0.99023 0.00031 0.00091 ( 2)
 108 Q   0.16301 0.83588 0.00028 0.00083 ( 2)
 109 Q   0.00019 0.97299 0.00680 0.02001 ( 2)
 110 Q   0.69460 0.30539 0.00000 0.00001 ( 1)
 111 L   0.02993 0.92311 0.01191 0.03505 ( 2)
 112 L   0.60470 0.39515 0.00004 0.00011 ( 1)
 113 L   0.00020 0.98717 0.00320 0.00943 ( 2)
 114 V   0.11123 0.88657 0.00056 0.00164 ( 2)
 115 Y   0.83359 0.16641 0.00000 0.00000 ( 1)
 116 A   0.09411 0.90543 0.00012 0.00034 ( 2)
 117 Q   0.06677 0.93227 0.00024 0.00071 ( 2)
 118 A   0.20902 0.79095 0.00001 0.00003 ( 2)
 119 A   0.09650 0.90300 0.00013 0.00037 ( 2)
 120 N   0.17218 0.82761 0.00005 0.00015 ( 2)
 121 M   0.02287 0.95786 0.00489 0.01439 ( 2)
 122 H   0.87933 0.12067 0.00000 0.00000 ( 1)
 123 L   0.59449 0.40524 0.00007 0.00020 ( 1)
 124 L   0.67233 0.32716 0.00013 0.00038 ( 1)
 125 V   0.06307 0.93536 0.00040 0.00117 ( 2)
 126 L   0.59790 0.40197 0.00003 0.00010 ( 1)
 127 R   0.57991 0.41957 0.00013 0.00038 ( 1)
 128 D   0.91895 0.08105 0.00000 0.00000 ( 1)
 129 A   0.19511 0.80446 0.00011 0.00032 ( 2)
 130 V   0.00860 0.99095 0.00011 0.00034 ( 2)
 131 I   0.00885 0.99054 0.00015 0.00045 ( 2)
 132 H   0.00037 0.99870 0.00023 0.00069 ( 2)
 133 G   0.60985 0.39007 0.00002 0.00006 ( 1)
 134 E   0.00000 0.00203 0.25305 0.74492 ( 4)
 135 A   0.00000 0.59832 0.10185 0.29983 ( 2)
 136 W   0.46306 0.53683 0.00003 0.00008 ( 2)
 137 G   0.76090 0.23909 0.00000 0.00001 ( 1)
 138 Y   0.00000 0.72025 0.07093 0.20882 ( 2)
 139 K   0.00001 0.90403 0.02433 0.07163 ( 2)
 140 S   0.00000 0.00127 0.25324 0.74549 ( 4)
 141 V   0.00033 0.97329 0.00669 0.01969 ( 2)
 142 T   0.04996 0.94769 0.00060 0.00176 ( 2)
 143 V   0.00015 0.83698 0.04130 0.12158 ( 2)
 144 D   0.00000 0.36517 0.16097 0.47386 ( 4)
 145 G   0.00028 0.98812 0.00294 0.00866 ( 2)
 146 F   0.00000 0.43632 0.14293 0.42075 ( 2)
 147 Y   0.83359 0.16641 0.00000 0.00000 ( 1)
 148 D   0.00001 0.42628 0.14547 0.42825 ( 4)
 149 R   0.08487 0.91458 0.00014 0.00041 ( 2)
 150 Q   0.05648 0.93819 0.00135 0.00399 ( 2)
 151 V   0.07651 0.92315 0.00009 0.00025 ( 2)
 152 C   0.00001 0.95859 0.01050 0.03090 ( 2)
 153 L   0.44044 0.55799 0.00040 0.00117 ( 2)
 154 I   0.01060 0.98814 0.00032 0.00094 ( 2)
 155 D   0.00016 0.98072 0.00485 0.01427 ( 2)
 156 A   0.00461 0.99498 0.00011 0.00031 ( 2)
 157 Y   0.70804 0.29194 0.00000 0.00001 ( 1)
 158 T   0.09936 0.90040 0.00006 0.00018 ( 2)
 159 E   0.01541 0.98427 0.00008 0.00024 ( 2)
 160 H   0.87933 0.12067 0.00000 0.00000 ( 1)
 161 C   0.74114 0.25886 0.00000 0.00000 ( 1)
 162 M   0.00005 0.94949 0.01279 0.03766 ( 2)
 163 T   0.00000 0.02630 0.24689 0.72680 ( 4)
 164 F   0.84306 0.15694 0.00000 0.00000 ( 1)
 165 Y   0.83359 0.16641 0.00000 0.00000 ( 1)
 166 R   0.00897 0.99089 0.00004 0.00010 ( 2)
 167 Q   0.55747 0.44247 0.00002 0.00005 ( 1)
 168 G   0.87028 0.12972 0.00000 0.00000 ( 1)
 169 L   0.52387 0.47552 0.00015 0.00045 ( 1)
 170 Q   0.00013 0.96802 0.00808 0.02378 ( 2)
 171 D   0.12186 0.87773 0.00010 0.00031 ( 2)
 172 L   0.00293 0.99413 0.00074 0.00219 ( 2)
 173 R   0.05681 0.94170 0.00038 0.00111 ( 2)
 174 N   0.00000 0.03963 0.24351 0.71686 ( 4)
 175 R   0.00066 0.98899 0.00262 0.00772 ( 2)
 176 G   0.00136 0.97307 0.00648 0.01908 ( 2)
 177 N   0.86846 0.13154 0.00000 0.00000 ( 1)
 178 -   0.23443 0.65763 0.02737 0.08057 ( 2)
 179 -   0.00807 0.50817 0.12266 0.36109 ( 2)
 180 W   0.46306 0.53683 0.00003 0.00008 ( 2)
 181 N   0.01955 0.97937 0.00027 0.00081 ( 2)
 182 A   0.00622 0.99315 0.00016 0.00047 ( 2)
 183 F   0.65846 0.34144 0.00002 0.00007 ( 1)
 184 N   0.86846 0.13154 0.00000 0.00000 ( 1)
 185 N   0.34523 0.65474 0.00001 0.00002 ( 2)
 186 Y   0.83359 0.16641 0.00000 0.00000 ( 1)
 187 R   0.78698 0.21301 0.00000 0.00000 ( 1)
 188 R   0.80061 0.19938 0.00000 0.00000 ( 1)
 189 N   0.00012 0.93210 0.01719 0.05059 ( 2)
 190 M   0.84334 0.15666 0.00000 0.00000 ( 1)
 191 T   0.14805 0.85115 0.00021 0.00060 ( 2)
 192 I   0.00857 0.96568 0.00653 0.01923 ( 2)
 193 A   0.00006 0.46897 0.13463 0.39633 ( 2)
 194 L   0.09948 0.89843 0.00053 0.00156 ( 2)
 195 L   0.57717 0.42263 0.00005 0.00015 ( 1)
 196 D   0.87293 0.12707 0.00000 0.00001 ( 1)
 197 I   0.06731 0.91831 0.00365 0.01073 ( 2)
 198 I   0.23681 0.76311 0.00002 0.00006 ( 2)
 199 S   0.12126 0.87862 0.00003 0.00009 ( 2)
 200 L   0.62083 0.37905 0.00003 0.00008 ( 1)
 201 F   0.87898 0.12102 0.00000 0.00000 ( 1)
 202 S   0.00292 0.97183 0.00640 0.01885 ( 2)
 203 N   0.00032 0.99276 0.00176 0.00517 ( 2)


lnL = -2895.518649

