Supplemental results for CODEML (seqf: algn  treef: tree)


dN/dS (w) for site classes (K=4)

site class             0        1       2a       2b
proportion       0.67333  0.26784  0.04209  0.01674
background w     0.21186  1.00000  0.21186  1.00000
foreground w     0.21186  1.00000  1.00000  1.00000

Naive Empirical Bayes (NEB) probabilities for 4 classes
(amino acids refer to 1st sequence: BT_Cry1A-like)

   1 W   0.71210 0.15132 0.12712 0.00946 ( 1)
   2 -   0.96706 0.00081 0.03208 0.00005 ( 1)
   3 -   0.35201 0.16014 0.47784 0.01001 ( 3)
   4 -   0.90068 0.06488 0.03038 0.00406 ( 1)
   5 -   0.84241 0.00591 0.15131 0.00037 ( 1)
   6 -   0.94936 0.00616 0.04409 0.00039 ( 1)
   7 -   0.96670 0.00080 0.03245 0.00005 ( 1)
   8 -   0.94890 0.01742 0.03260 0.00109 ( 1)
   9 -   0.96680 0.00058 0.03259 0.00004 ( 1)
  10 -   0.97099 0.00030 0.02869 0.00002 ( 1)
  11 -   0.52701 0.00987 0.46251 0.00062 ( 1)
  12 -   0.96645 0.00105 0.03244 0.00007 ( 1)
  13 -   0.68994 0.25798 0.03596 0.01612 ( 1)
  14 -   0.96375 0.00123 0.03495 0.00008 ( 1)
  15 -   0.96594 0.00086 0.03315 0.00005 ( 1)
  16 -   0.09773 0.74716 0.10841 0.04670 ( 2)
  17 -   0.96680 0.00058 0.03259 0.00004 ( 1)
  18 -   0.84324 0.02238 0.13298 0.00140 ( 1)
  19 -   0.96509 0.00157 0.03323 0.00010 ( 1)
  20 -   0.96522 0.00145 0.03324 0.00009 ( 1)
  21 -   0.96682 0.00060 0.03254 0.00004 ( 1)
  22 -   0.67333 0.26784 0.04209 0.01674 ( 1)
  23 -   0.44876 0.44853 0.07468 0.02804 ( 1)
  24 -   0.96991 0.00121 0.02881 0.00008 ( 1)
  25 -   0.77423 0.19117 0.02265 0.01195 ( 1)
  26 -   0.16901 0.75644 0.02727 0.04728 ( 2)
  27 -   0.00009 0.94081 0.00029 0.05881 ( 2)
  28 -   0.88106 0.08901 0.02437 0.00556 ( 1)
  29 -   0.04795 0.85713 0.04134 0.05357 ( 2)
  30 -   0.56002 0.33412 0.08497 0.02088 ( 1)
  31 -   0.96417 0.00310 0.03253 0.00019 ( 1)
  32 -   0.05806 0.87465 0.01263 0.05467 ( 2)
  33 -   0.00558 0.93439 0.00163 0.05840 ( 2)
  34 -   0.91009 0.04908 0.03776 0.00307 ( 1)
  35 -   0.96680 0.00058 0.03259 0.00004 ( 1)
  36 -   0.00231 0.93849 0.00054 0.05866 ( 2)
  37 -   0.67333 0.26784 0.04209 0.01674 ( 1)
  38 -   0.11757 0.82529 0.00555 0.05158 ( 2)
  39 -   0.78047 0.18374 0.02431 0.01148 ( 1)
  40 -   0.95171 0.00649 0.04139 0.00041 ( 1)
  41 S   0.74818 0.08860 0.15767 0.00554 ( 1)
  42 P   0.96447 0.00053 0.03497 0.00003 ( 1)
  43 H   0.96948 0.00010 0.03042 0.00001 ( 1)
  44 L   0.96159 0.00585 0.03220 0.00037 ( 1)
  45 W   0.96107 0.00605 0.03251 0.00038 ( 1)
  46 I   0.94682 0.00909 0.04352 0.00057 ( 1)
  47 Y   0.30274 0.64305 0.01401 0.04019 ( 2)
  48 L   0.97009 0.00086 0.02899 0.00005 ( 1)
  49 N   0.95636 0.00132 0.04224 0.00008 ( 1)
  50 Q   0.02699 0.90942 0.00674 0.05684 ( 2)
  51 D   0.93919 0.02729 0.03181 0.00171 ( 1)
  52 N   0.05163 0.88072 0.01260 0.05505 ( 2)
  53 H   0.86723 0.09731 0.02938 0.00608 ( 1)
  54 L   0.95609 0.01041 0.03285 0.00065 ( 1)
  55 T   0.95645 0.01058 0.03231 0.00066 ( 1)
  56 D   0.56544 0.38704 0.02333 0.02419 ( 1)
  57 V   0.14317 0.78524 0.02251 0.04908 ( 2)
  58 H   0.95071 0.02160 0.02634 0.00135 ( 1)
  59 R   0.94553 0.02069 0.03248 0.00129 ( 1)
  60 G   0.82448 0.12479 0.04294 0.00780 ( 1)
  61 F   0.01085 0.93061 0.00037 0.05817 ( 2)
  62 N   0.16261 0.76266 0.02705 0.04767 ( 2)
  63 Y   0.95912 0.00746 0.03295 0.00047 ( 1)
  64 W   0.85727 0.09568 0.04107 0.00598 ( 1)
  65 S   0.89605 0.06313 0.03687 0.00395 ( 1)
  66 G   0.95604 0.00691 0.03661 0.00043 ( 1)
  67 H   0.94049 0.02628 0.03159 0.00164 ( 1)
  68 Q   0.95482 0.01215 0.03227 0.00076 ( 1)
  69 I   0.96353 0.00360 0.03264 0.00023 ( 1)
  70 I   0.61429 0.33559 0.02914 0.02098 ( 1)
  71 A   0.94242 0.02557 0.03041 0.00160 ( 1)
  72 S   0.61647 0.24351 0.12480 0.01522 ( 1)
  73 P   0.07968 0.85553 0.01132 0.05347 ( 2)
  74 V   0.86893 0.09571 0.02938 0.00598 ( 1)
  75 G   0.95712 0.00550 0.03704 0.00034 ( 1)
  76 F   0.96996 0.00056 0.02944 0.00004 ( 1)
  77 Q   0.00038 0.94080 0.00002 0.05880 ( 2)
  78 D   0.93180 0.03061 0.03568 0.00191 ( 1)
  79 P   0.53848 0.33031 0.11056 0.02065 ( 1)
  80 E   0.93456 0.02874 0.03490 0.00180 ( 1)
  81 F   0.06892 0.87315 0.00335 0.05458 ( 2)
  82 A   0.05991 0.88246 0.00247 0.05516 ( 2)
  83 F   0.95376 0.00199 0.04412 0.00012 ( 1)
  84 P   0.96029 0.00672 0.03257 0.00042 ( 1)
  85 L   0.38038 0.56857 0.01551 0.03554 ( 2)
  86 F   0.00355 0.93718 0.00070 0.05858 ( 2)
  87 G   0.94818 0.00498 0.04653 0.00031 ( 1)
  88 N   0.20037 0.74669 0.00626 0.04667 ( 2)
  89 A   0.00000 0.94117 0.00000 0.05883 ( 2)
  90 G   0.92691 0.02598 0.04548 0.00162 ( 1)
  91 N   0.57697 0.03063 0.39049 0.00191 ( 1)
  92 A   0.54517 0.32542 0.10907 0.02034 ( 1)
  93 A   0.96234 0.00622 0.03105 0.00039 ( 1)
  94 P   0.95735 0.00747 0.03471 0.00047 ( 1)
  95 P   0.83498 0.12681 0.03028 0.00793 ( 1)
  96 V   0.00021 0.94082 0.00016 0.05881 ( 2)
  97 R   0.84325 0.09792 0.05271 0.00612 ( 1)
  98 I   0.04602 0.89087 0.00742 0.05568 ( 2)
  99 V   0.34678 0.60438 0.01107 0.03778 ( 2)
 100 Y   0.00623 0.93511 0.00021 0.05845 ( 2)
 101 Q   0.00007 0.94110 0.00001 0.05882 ( 2)
 102 L   0.00023 0.94089 0.00007 0.05881 ( 2)
 103 G   0.57997 0.04155 0.37588 0.00260 ( 1)
 104 Q   0.05403 0.88295 0.00783 0.05519 ( 2)
 105 G   0.91198 0.04997 0.03492 0.00312 ( 1)
 106 V   0.73093 0.23289 0.02162 0.01456 ( 1)
 107 Y   0.71321 0.24685 0.02451 0.01543 ( 1)
 108 R   0.95953 0.00706 0.03296 0.00044 ( 1)
 109 T   0.91683 0.05135 0.02861 0.00321 ( 1)
 110 L   0.92184 0.03820 0.03758 0.00239 ( 1)
 111 S   0.76891 0.18085 0.03893 0.01130 ( 1)
 112 S   0.23066 0.71539 0.00924 0.04471 ( 2)
 113 T   0.75035 0.20733 0.02937 0.01296 ( 1)
 114 L   0.44396 0.51086 0.01325 0.03193 ( 2)
 115 Y   0.94895 0.01736 0.03261 0.00108 ( 1)
 116 E   0.08254 0.86027 0.00341 0.05377 ( 2)
 117 D   0.00251 0.93872 0.00009 0.05867 ( 2)
 118 L   0.75689 0.20460 0.02571 0.01279 ( 1)
 119 F   0.96536 0.00148 0.03307 0.00009 ( 1)
 120 I   0.29580 0.65106 0.01245 0.04069 ( 2)
 121 -   0.79448 0.14669 0.04966 0.00917 ( 1)
 122 R   0.03258 0.90860 0.00204 0.05679 ( 2)
 123 D   0.78154 0.15963 0.04885 0.00998 ( 1)
 124 K   0.67183 0.26935 0.04199 0.01684 ( 1)
 125 V   0.89868 0.04250 0.05617 0.00266 ( 1)
 126 I   0.92392 0.03113 0.04301 0.00195 ( 1)
 127 N   0.26409 0.68004 0.01336 0.04251 ( 2)
 128 T   0.00001 0.94115 0.00001 0.05883 ( 2)
 129 Y   0.61561 0.34119 0.02187 0.02133 ( 1)
 130 L   0.88442 0.06850 0.04279 0.00428 ( 1)
 131 F   0.75127 0.20463 0.03131 0.01279 ( 1)
 132 L   0.86071 0.10792 0.02462 0.00675 ( 1)
 133 A   0.40729 0.54417 0.01453 0.03401 ( 2)
 134 G   0.93469 0.02698 0.03664 0.00169 ( 1)
 135 S   0.01355 0.92798 0.00046 0.05800 ( 2)
 136 N   0.50362 0.38770 0.08445 0.02423 ( 1)
 137 L   0.96880 0.00221 0.02885 0.00014 ( 1)
 138 L   0.00111 0.93040 0.01034 0.05815 ( 2)
 139 M   0.52685 0.43055 0.01569 0.02691 ( 1)
 140 E   0.76998 0.18953 0.02864 0.01185 ( 1)
 141 P   0.00582 0.93169 0.00425 0.05824 ( 2)
 142 -   0.88106 0.08901 0.02437 0.00556 ( 1)
 143 -   0.39745 0.52822 0.04132 0.03302 ( 2)
 144 P   0.06832 0.86772 0.00972 0.05424 ( 2)
 145 H   0.00335 0.93757 0.00048 0.05860 ( 2)
 146 I   0.01337 0.92107 0.00799 0.05757 ( 2)
 147 C   0.00291 0.93779 0.00068 0.05862 ( 2)
 148 H   0.94883 0.01578 0.03441 0.00099 ( 1)
 149 P   0.81560 0.14766 0.02751 0.00923 ( 1)
 150 G   0.65775 0.21881 0.10976 0.01368 ( 1)
 151 R   0.06697 0.86775 0.01105 0.05424 ( 2)
 152 Y   0.54216 0.40435 0.02821 0.02527 ( 1)
 153 R   0.95988 0.00672 0.03298 0.00042 ( 1)
 154 K   0.84812 0.02481 0.12553 0.00155 ( 1)
 155 S   0.01599 0.92360 0.00268 0.05773 ( 2)
 156 G   0.95890 0.00412 0.03672 0.00026 ( 1)
 157 T   0.88514 0.08014 0.02971 0.00501 ( 1)
 158 V   0.96596 0.00084 0.03315 0.00005 ( 1)
 159 D   0.97142 0.00005 0.02852 0.00000 ( 1)
 160 S   0.95324 0.00709 0.03923 0.00044 ( 1)
 161 L   0.91883 0.04112 0.03748 0.00257 ( 1)
 162 D   0.95005 0.00127 0.04861 0.00008 ( 1)
 163 E   0.53157 0.41966 0.02255 0.02623 ( 1)
 164 I   0.96972 0.00016 0.03012 0.00001 ( 1)
 165 P   0.94116 0.01179 0.04632 0.00074 ( 1)
 166 H   0.87759 0.08526 0.03182 0.00533 ( 1)
 167 Q   0.94582 0.00906 0.04455 0.00057 ( 1)
 168 N   0.96983 0.00158 0.02849 0.00010 ( 1)
 169 N   0.79383 0.16577 0.03004 0.01036 ( 1)
 170 N   0.89733 0.05844 0.04059 0.00365 ( 1)
 171 V   0.95837 0.00485 0.03648 0.00030 ( 1)
 172 P   0.95193 0.01275 0.03452 0.00080 ( 1)
 173 P   0.95289 0.00346 0.04344 0.00022 ( 1)
 174 R   0.89283 0.06089 0.04247 0.00381 ( 1)
 175 Q   0.45154 0.49769 0.01966 0.03111 ( 2)
 176 G   0.96145 0.00121 0.03726 0.00008 ( 1)
 177 F   0.90834 0.00218 0.08934 0.00014 ( 1)
 178 S   0.97229 0.00006 0.02765 0.00000 ( 1)
 179 H   0.96948 0.00010 0.03042 0.00001 ( 1)
 180 R   0.90208 0.04147 0.05386 0.00259 ( 1)
 181 -   0.67333 0.26784 0.04209 0.01674 ( 1)
 182 L   0.95846 0.00233 0.03907 0.00015 ( 1)
 183 S   0.87843 0.09091 0.02498 0.00568 ( 1)
 184 H   0.96798 0.00079 0.03118 0.00005 ( 1)
 185 V   0.96890 0.00017 0.03092 0.00001 ( 1)
 186 S   0.92547 0.04021 0.03181 0.00251 ( 1)
 187 M   0.96711 0.00017 0.03271 0.00001 ( 1)
 188 F   0.79745 0.15440 0.03850 0.00965 ( 1)
 189 R   0.06300 0.80523 0.08145 0.05033 ( 2)
 190 S   0.50052 0.45659 0.01435 0.02854 ( 1)
 191 G   0.78680 0.15437 0.04918 0.00965 ( 1)
 192 F   0.89508 0.04609 0.05595 0.00288 ( 1)
 193 S   0.80372 0.13745 0.05024 0.00859 ( 1)
 194 N   0.91050 0.03067 0.05691 0.00192 ( 1)
 195 -   0.67333 0.26784 0.04209 0.01674 ( 1)
 196 S   0.92844 0.01274 0.05803 0.00080 ( 1)
 197 S   0.89186 0.04932 0.05574 0.00308 ( 1)
 198 V   0.93822 0.00296 0.05864 0.00018 ( 1)
 199 S   0.87214 0.06904 0.05451 0.00432 ( 1)
 200 I   0.83259 0.10859 0.05204 0.00679 ( 1)
 201 I   0.90781 0.03336 0.05674 0.00209 ( 1)
 202 R   0.92642 0.01475 0.05791 0.00092 ( 1)
 203 A   0.95666 0.00204 0.04117 0.00013 ( 1)
 204 P   0.96681 0.00038 0.03279 0.00002 ( 1)
 205 M   0.79822 0.16642 0.02495 0.01040 ( 1)
 206 F   0.27222 0.67312 0.01259 0.04207 ( 2)
 207 S   0.93750 0.01965 0.04162 0.00123 ( 1)
 208 W   0.84460 0.10818 0.04046 0.00676 ( 1)
 209 I   0.03334 0.90852 0.00136 0.05679 ( 2)
 210 -   0.90926 0.05855 0.02853 0.00366 ( 1)
 211 -   0.47485 0.47086 0.02487 0.02943 ( 1)
 212 -   0.93570 0.02190 0.04104 0.00137 ( 1)


lnL = -4725.738417

