Supplemental results for CODEML (seqf: algn  treef: tree)


dN/dS (w) for site classes (K=4)

site class             0        1       2a       2b
proportion       0.48459  0.31860  0.11874  0.07807
background w     0.10400  1.00000  0.10400  1.00000
foreground w     0.10400  1.00000  1.00000  1.00000

Naive Empirical Bayes (NEB) probabilities for 4 classes
(amino acids refer to 1st sequence: BT_Cry68Aa1)

   1 P   0.55260 0.28917 0.08738 0.07086 ( 1)
   2 V   0.75799 0.09846 0.11943 0.02413 ( 1)
   3 V   0.83682 0.04270 0.11003 0.01046 ( 1)
   4 S   0.16696 0.42700 0.30142 0.10463 ( 2)
   5 Q   0.68244 0.15326 0.12675 0.03755 ( 1)
   6 L   0.80943 0.02211 0.16304 0.00542 ( 1)
   7 S   0.88494 0.00017 0.11485 0.00004 ( 1)
   8 R   0.82097 0.01353 0.16219 0.00331 ( 1)
   9 V   0.27758 0.17234 0.50785 0.04223 ( 3)
  10 I   0.88166 0.00070 0.11748 0.00017 ( 1)
  11 Y   0.86549 0.00069 0.13365 0.00017 ( 1)
  12 T   0.86078 0.00339 0.13500 0.00083 ( 1)
  13 D   0.84313 0.00083 0.15584 0.00020 ( 1)
  14 P   0.84779 0.00485 0.14617 0.00119 ( 1)
  15 V   0.87626 0.00527 0.11718 0.00129 ( 1)
  16 G   0.87604 0.00033 0.12355 0.00008 ( 1)
  17 A   0.78860 0.07714 0.11536 0.01890 ( 1)
  18 I   0.70435 0.14765 0.11183 0.03618 ( 1)
  19 R   0.31272 0.51945 0.04055 0.12728 ( 2)
  20 T   0.15275 0.66103 0.02424 0.16197 ( 2)
  21 D   0.12573 0.55140 0.18776 0.13511 ( 2)
  22 G   0.01045 0.77432 0.02549 0.18973 ( 2)
  23 -   0.48459 0.31860 0.11874 0.07807 ( 1)
  24 -   0.04077 0.76357 0.00856 0.18710 ( 2)
  25 -   0.00082 0.79945 0.00384 0.19589 ( 2)
  26 -   0.02590 0.77680 0.00696 0.19034 ( 2)
  27 R   0.00264 0.79554 0.00689 0.19493 ( 2)
  28 G   0.43993 0.37582 0.09216 0.09209 ( 1)
  29 W   0.75943 0.06079 0.16489 0.01490 ( 1)
  30 F   0.87204 0.00032 0.12755 0.00008 ( 1)
  31 D   0.01268 0.71353 0.09895 0.17484 ( 2)
  32 P   0.73952 0.06368 0.18120 0.01560 ( 1)
  33 P   0.03817 0.76502 0.00935 0.18745 ( 2)
  34 V   0.57223 0.23096 0.14021 0.05659 ( 1)
  35 G   0.00012 0.79085 0.01525 0.19378 ( 2)
  36 T   0.00223 0.79895 0.00306 0.19577 ( 2)
  37 D   0.88273 0.00261 0.11402 0.00064 ( 1)
  38 R   0.49967 0.30352 0.12243 0.07437 ( 1)
  39 I   0.52964 0.27355 0.12978 0.06703 ( 1)
  40 R   0.00330 0.79633 0.00524 0.19513 ( 2)
  41 V   0.87569 0.00352 0.11992 0.00086 ( 1)
  42 N   0.82714 0.05306 0.10680 0.01300 ( 1)
  43 F   0.87011 0.00106 0.12856 0.00026 ( 1)
  44 A   0.02505 0.77940 0.00457 0.19098 ( 2)
  45 S   0.00958 0.79389 0.00200 0.19453 ( 2)
  46 I   0.79575 0.04247 0.15137 0.01041 ( 1)
  47 E   0.86513 0.00074 0.13395 0.00018 ( 1)
  48 N   0.85364 0.00525 0.13982 0.00129 ( 1)
  49 E   0.20006 0.60401 0.04792 0.14800 ( 2)
  50 I   0.86976 0.00079 0.12926 0.00019 ( 1)
  51 P   0.86621 0.00138 0.13208 0.00034 ( 1)
  52 A   0.02142 0.77902 0.00868 0.19088 ( 2)
  53 P   0.37642 0.00382 0.61883 0.00093 ( 3)
  54 T   0.02390 0.72595 0.07227 0.17788 ( 2)
  55 T   0.10465 0.70442 0.01832 0.17261 ( 2)
  56 S   0.05855 0.01666 0.92071 0.00408 ( 3)
  57 R   0.07932 0.72516 0.01784 0.17769 ( 2)
  58 H   0.69873 0.15687 0.10596 0.03844 ( 1)
  59 L   0.80680 0.02004 0.16825 0.00491 ( 1)
  60 S   0.11245 0.69886 0.01745 0.17124 ( 2)
  61 E   0.47770 0.36109 0.07273 0.08848 ( 1)
  62 L   0.18980 0.44545 0.25560 0.10915 ( 2)
  63 T   0.00017 0.80280 0.00032 0.19671 ( 2)
  64 I   0.86180 0.00808 0.12814 0.00198 ( 1)
  65 S   0.40346 0.04488 0.54066 0.01100 ( 3)
  66 S   0.13097 0.67776 0.02520 0.16607 ( 2)
  67 G   0.86098 0.00553 0.13214 0.00135 ( 1)
  68 P   0.11646 0.68924 0.02541 0.16889 ( 2)
  69 L   0.86605 0.00058 0.13322 0.00014 ( 1)
  70 G   0.06164 0.62382 0.16168 0.15286 ( 2)
  71 F   0.44170 0.38073 0.08428 0.09329 ( 1)
  72 G   0.46954 0.36837 0.07183 0.09026 ( 1)
  73 I   0.76128 0.09760 0.11721 0.02391 ( 1)
  74 N   0.27987 0.53818 0.05008 0.13187 ( 2)
  75 P   0.86518 0.00182 0.13256 0.00044 ( 1)
  76 S   0.00148 0.80185 0.00020 0.19648 ( 2)
  77 -   0.29431 0.49849 0.08506 0.12215 ( 2)
  78 -   0.55372 0.29040 0.08473 0.07116 ( 1)
  79 R   0.86288 0.00191 0.13475 0.00047 ( 1)
  80 T   0.82224 0.03769 0.13083 0.00924 ( 1)
  81 H   0.16829 0.64000 0.03489 0.15682 ( 2)
  82 S   0.07016 0.73609 0.01338 0.18036 ( 2)
  83 W   0.75943 0.06079 0.16489 0.01490 ( 1)
  84 Q   0.53839 0.30377 0.08341 0.07443 ( 1)
  85 G   0.86708 0.00732 0.12381 0.00179 ( 1)
  86 N   0.87917 0.00373 0.11618 0.00092 ( 1)
  87 R   0.01488 0.78875 0.00311 0.19327 ( 2)
  88 N   0.88050 0.00281 0.11600 0.00069 ( 1)
  89 V   0.05496 0.74815 0.01357 0.18332 ( 2)
  90 N   0.69984 0.15228 0.11057 0.03731 ( 1)
  91 I   0.00453 0.79867 0.00111 0.19570 ( 2)
  92 S   0.00204 0.80128 0.00034 0.19634 ( 2)
  93 A   0.59265 0.24800 0.09858 0.06077 ( 1)
  94 P   0.03350 0.73910 0.04630 0.18110 ( 2)
  95 T   0.00632 0.79710 0.00126 0.19532 ( 2)
  96 D   0.67405 0.16179 0.12451 0.03964 ( 1)
  97 V   0.04577 0.75882 0.00948 0.18593 ( 2)
  98 -   0.56086 0.24233 0.13743 0.05938 ( 1)
  99 -   0.13704 0.66616 0.03358 0.16323 ( 2)
 100 -   0.52495 0.27824 0.12863 0.06818 ( 1)
 101 -   0.50527 0.29793 0.12381 0.07300 ( 1)
 102 -   0.53035 0.27285 0.12995 0.06686 ( 1)
 103 S   0.74772 0.07957 0.15320 0.01950 ( 1)
 104 G   0.80438 0.01992 0.17082 0.00488 ( 1)
 105 V   0.00695 0.79673 0.00109 0.19522 ( 2)
 106 I   0.02411 0.75833 0.03174 0.18581 ( 2)
 107 S   0.81968 0.04066 0.12970 0.00996 ( 1)
 108 N   0.35117 0.48468 0.04539 0.11876 ( 2)
 109 R   0.00155 0.80178 0.00021 0.19646 ( 2)
 110 T   0.00806 0.79143 0.00658 0.19393 ( 2)
 111 Q   0.30803 0.51008 0.05691 0.12499 ( 2)
 112 T   0.31901 0.01311 0.66467 0.00321 ( 3)
 113 I   0.87855 0.00359 0.11698 0.00088 ( 1)
 114 P   0.05911 0.71556 0.04999 0.17534 ( 2)
 115 A   0.85910 0.01556 0.12153 0.00381 ( 1)
 116 R   0.10722 0.70052 0.02062 0.17165 ( 2)
 117 N   0.44550 0.01618 0.53435 0.00397 ( 3)
 118 I   0.87010 0.00069 0.12904 0.00017 ( 1)
 119 F   0.86027 0.00418 0.13453 0.00102 ( 1)
 120 R   0.86399 0.00093 0.13485 0.00023 ( 1)
 121 V   0.48384 0.35125 0.07884 0.08607 ( 1)
 122 N   0.86193 0.01967 0.11357 0.00482 ( 1)
 123 S   0.82042 0.00709 0.17076 0.00174 ( 1)
 124 R   0.14713 0.66290 0.02755 0.16243 ( 2)
 125 V   0.87590 0.00332 0.11997 0.00081 ( 1)
 126 Y   0.05972 0.74664 0.01068 0.18295 ( 2)
 127 T   0.87887 0.00612 0.11350 0.00150 ( 1)
 128 L   0.82746 0.01113 0.15868 0.00273 ( 1)
 129 D   0.88358 0.00153 0.11451 0.00037 ( 1)
 130 W   0.00144 0.80187 0.00021 0.19648 ( 2)
 131 R   0.68122 0.18026 0.09435 0.04417 ( 1)
 132 L   0.03316 0.77104 0.00687 0.18893 ( 2)
 133 Y   0.75385 0.10599 0.11419 0.02597 ( 1)
 134 G   0.85506 0.00184 0.14266 0.00045 ( 1)
 135 V   0.87834 0.00063 0.12088 0.00015 ( 1)
 136 Y   0.21754 0.60170 0.03332 0.14744 ( 2)
 137 R   0.84451 0.01836 0.13263 0.00450 ( 1)
 138 A   0.87916 0.00051 0.12021 0.00012 ( 1)
 139 E   0.76101 0.09723 0.11793 0.02382 ( 1)
 140 F   0.87204 0.00032 0.12755 0.00008 ( 1)
 141 F   0.44335 0.08207 0.45447 0.02011 ( 3)
 142 Q   0.85294 0.01599 0.12716 0.00392 ( 1)
 143 D   0.03090 0.74749 0.03845 0.18316 ( 2)
 144 A   0.80465 0.06854 0.11002 0.01680 ( 1)
 145 S   0.88202 0.00281 0.11448 0.00069 ( 1)
 146 Q   0.78996 0.05148 0.14594 0.01261 ( 1)
 147 N   0.13213 0.67319 0.02973 0.16495 ( 2)
 148 S   0.83151 0.00232 0.16560 0.00057 ( 1)
 149 Q   0.24699 0.23697 0.45797 0.05807 ( 3)
 150 I   0.00012 0.80308 0.00002 0.19678 ( 2)
 151 R   0.01475 0.78926 0.00260 0.19339 ( 2)
 152 V   0.83009 0.02271 0.14163 0.00557 ( 1)
 153 F   0.76938 0.08909 0.11969 0.02183 ( 1)
 154 A   0.00156 0.80174 0.00025 0.19645 ( 2)
 155 E   0.10847 0.70148 0.01816 0.17189 ( 2)
 156 N   0.28822 0.53781 0.04219 0.13178 ( 2)
 157 P   0.45012 0.37087 0.08813 0.09088 ( 1)
 158 P   0.01151 0.79149 0.00306 0.19394 ( 2)
 159 T   0.82809 0.03382 0.12980 0.00829 ( 1)
 160 G   0.49367 0.23196 0.21754 0.05684 ( 1)
 161 A   0.04777 0.75795 0.00856 0.18572 ( 2)
 162 -   0.01060 0.77891 0.01963 0.19086 ( 2)
 163 -   0.15414 0.64827 0.03874 0.15885 ( 2)
 164 G   0.20427 0.60439 0.04325 0.14809 ( 2)
 165 A   0.18981 0.58827 0.07778 0.14414 ( 2)
 166 Q   0.00092 0.80233 0.00016 0.19660 ( 2)
 167 S   0.00327 0.79942 0.00144 0.19588 ( 2)
 168 A   0.00019 0.79511 0.00987 0.19483 ( 2)
 169 N   0.88513 0.00040 0.11438 0.00010 ( 1)
 170 N   0.02217 0.59545 0.23649 0.14590 ( 2)
 171 F   0.00148 0.80178 0.00029 0.19646 ( 2)
 172 R   0.72476 0.10978 0.13856 0.02690 ( 1)
 173 F   0.86643 0.00538 0.12688 0.00132 ( 1)
 174 L   0.05934 0.67085 0.10544 0.16438 ( 2)
 175 P   0.81659 0.00512 0.17703 0.00126 ( 1)
 176 G   0.85506 0.00184 0.14266 0.00045 ( 1)
 177 E   0.86513 0.00074 0.13395 0.00018 ( 1)
 178 N   0.85588 0.02698 0.11053 0.00661 ( 1)
 179 S   0.81138 0.02842 0.15324 0.00696 ( 1)
 180 D   0.00106 0.80112 0.00152 0.19630 ( 2)
 181 T   0.84882 0.01984 0.12647 0.00486 ( 1)
 182 P   0.85034 0.00247 0.14659 0.00060 ( 1)
 183 T   0.83618 0.00142 0.16205 0.00035 ( 1)
 184 P   0.84671 0.00586 0.14600 0.00143 ( 1)
 185 Q   0.09984 0.70817 0.01847 0.17352 ( 2)
 186 D   0.88137 0.00061 0.11787 0.00015 ( 1)
 187 Y   0.86549 0.00069 0.13365 0.00017 ( 1)
 188 T   0.87950 0.00076 0.11955 0.00019 ( 1)
 189 H   0.86908 0.00105 0.12961 0.00026 ( 1)
 190 L   0.24941 0.57300 0.03718 0.14040 ( 2)
 191 L   0.82999 0.00975 0.15787 0.00239 ( 1)
 192 S   0.88256 0.00107 0.11611 0.00026 ( 1)
 193 R   0.03840 0.31640 0.56767 0.07753 ( 3)
 194 V   0.02753 0.76000 0.02625 0.18622 ( 2)
 195 V   0.04441 0.76076 0.00842 0.18641 ( 2)
 196 N   0.88539 0.00024 0.11430 0.00006 ( 1)
 197 A   0.01545 0.77224 0.02308 0.18922 ( 2)
 198 T   0.33567 0.00935 0.65270 0.00229 ( 3)
 199 V   0.82208 0.03273 0.13718 0.00802 ( 1)
 200 G   0.85513 0.00176 0.14267 0.00043 ( 1)
 201 L   0.86605 0.00058 0.13322 0.00014 ( 1)
 202 T   0.15636 0.65217 0.03167 0.15980 ( 2)
 203 P   0.73924 0.09975 0.13656 0.02444 ( 1)
 204 A   0.31769 0.09098 0.56903 0.02229 ( 3)
 205 T   0.15568 0.49714 0.22537 0.12182 ( 2)
 206 G   0.00054 0.80213 0.00078 0.19655 ( 2)
 207 N   0.01663 0.78434 0.00684 0.19219 ( 2)
 208 Q   0.78907 0.06851 0.12563 0.01679 ( 1)
 209 R   0.86228 0.00074 0.13680 0.00018 ( 1)
 210 N   0.36173 0.46849 0.05498 0.11480 ( 2)
 211 S   0.86745 0.00068 0.13170 0.00017 ( 1)
 212 V   0.50257 0.32271 0.09565 0.07907 ( 1)
 213 L   0.74078 0.09316 0.14323 0.02283 ( 1)
 214 I   0.09409 0.65717 0.08772 0.16103 ( 2)
 215 F   0.23043 0.57715 0.05100 0.14142 ( 2)
 216 G   0.87604 0.00033 0.12355 0.00008 ( 1)
 217 W   0.75943 0.06079 0.16489 0.01490 ( 1)
 218 K   0.84580 0.01737 0.13258 0.00426 ( 1)
 219 H   0.86985 0.00038 0.12967 0.00009 ( 1)
 220 K   0.40483 0.00591 0.58781 0.00145 ( 3)


lnL = -3305.639423

