Supplemental results for CODEML (seqf: algn  treef: tree)


dN/dS (w) for site classes (K=4)

site class             0        1       2a       2b
proportion       0.60731  0.31458  0.05146  0.02665
background w     0.12095  1.00000  0.12095  1.00000
foreground w     0.12095  1.00000 11.52839 11.52839

Naive Empirical Bayes (NEB) probabilities for 4 classes
(amino acids refer to 1st sequence: BT_Cry68Aa1)

   1 P   0.74829 0.24061 0.00666 0.00444 ( 1)
   2 V   0.91808 0.07094 0.00960 0.00138 ( 1)
   3 V   0.96294 0.03115 0.00549 0.00042 ( 1)
   4 S   0.46069 0.51937 0.00467 0.01526 ( 2)
   5 Q   0.85800 0.13120 0.00899 0.00182 ( 1)
   6 L   0.95520 0.02054 0.02369 0.00057 ( 1)
   7 S   0.99411 0.00017 0.00572 0.00000 ( 1)
   8 R   0.97501 0.01221 0.01259 0.00019 ( 1)
   9 V   0.73683 0.23004 0.02394 0.00919 ( 1)
  10 I   0.99154 0.00067 0.00778 0.00001 ( 1)
  11 Y   0.99339 0.00065 0.00595 0.00001 ( 1)
  12 T   0.98661 0.00328 0.01005 0.00006 ( 1)
  13 D   0.99154 0.00064 0.00781 0.00001 ( 1)
  14 P   0.98669 0.00445 0.00880 0.00006 ( 1)
  15 V   0.98764 0.00434 0.00793 0.00008 ( 1)
  16 G   0.99426 0.00033 0.00541 0.00000 ( 1)
  17 A   0.93697 0.05749 0.00497 0.00057 ( 1)
  18 I   0.88121 0.11023 0.00705 0.00151 ( 1)
  19 R   0.51543 0.47132 0.00364 0.00961 ( 1)
  20 T   0.30603 0.68667 0.00156 0.00574 ( 2)
  21 D   0.35462 0.61434 0.00795 0.02309 ( 2)
  22 G   0.01725 0.68114 0.15931 0.14230 ( 2)
  23 -   0.60731 0.31458 0.05146 0.02665 ( 1)
  24 -   0.08191 0.89378 0.00177 0.02253 ( 2)
  25 -   0.00102 0.43252 0.05586 0.51061 ( 4)
  26 -   0.01375 0.25433 0.41496 0.31696 ( 3)
  27 R   0.00579 0.78610 0.00934 0.19877 ( 2)
  28 G   0.20075 0.09567 0.66231 0.04128 ( 3)
  29 W   0.91790 0.05629 0.02418 0.00163 ( 1)
  30 F   0.99443 0.00030 0.00527 0.00000 ( 1)
  31 D   0.04727 0.91048 0.01057 0.03168 ( 2)
  32 P   0.86326 0.05863 0.07314 0.00497 ( 1)
  33 P   0.07442 0.84747 0.00631 0.07180 ( 2)
  34 V   0.70246 0.21943 0.05952 0.01859 ( 1)
  35 G   0.00054 0.85468 0.00009 0.14469 ( 2)
  36 T   0.00823 0.90738 0.00149 0.08290 ( 2)
  37 D   0.99099 0.00222 0.00675 0.00004 ( 1)
  38 R   0.62415 0.29774 0.05288 0.02523 ( 1)
  39 I   0.65695 0.26494 0.05566 0.02245 ( 1)
  40 R   0.01120 0.85351 0.01026 0.12504 ( 2)
  41 V   0.98961 0.00300 0.00734 0.00005 ( 1)
  42 N   0.95271 0.04012 0.00648 0.00069 ( 1)
  43 F   0.99324 0.00103 0.00572 0.00001 ( 1)
  44 A   0.06360 0.92043 0.00077 0.01520 ( 2)
  45 S   0.02682 0.94579 0.00062 0.02677 ( 2)
  46 I   0.95217 0.03568 0.01160 0.00055 ( 1)
  47 E   0.99278 0.00070 0.00652 0.00001 ( 1)
  48 N   0.98407 0.00415 0.01171 0.00007 ( 1)
  49 E   0.27631 0.59086 0.10657 0.02626 ( 2)
  50 I   0.99094 0.00079 0.00826 0.00001 ( 1)
  51 P   0.99286 0.00131 0.00581 0.00001 ( 1)
  52 A   0.04566 0.85057 0.02760 0.07617 ( 2)
  53 P   0.98458 0.00683 0.00844 0.00014 ( 1)
  54 T   0.06855 0.68658 0.08130 0.16357 ( 2)
  55 T   0.21256 0.74081 0.00944 0.03718 ( 2)
  56 S   0.82142 0.12854 0.03631 0.01373 ( 1)
  57 R   0.10245 0.56694 0.18578 0.14483 ( 2)
  58 H   0.84688 0.13097 0.01828 0.00387 ( 1)
  59 L   0.96808 0.01644 0.01513 0.00035 ( 1)
  60 S   0.15217 0.78167 0.03576 0.03039 ( 2)
  61 E   0.53658 0.32396 0.12693 0.01253 ( 1)
  62 L   0.45395 0.53273 0.00781 0.00551 ( 2)
  63 T   0.00038 0.73215 0.00947 0.25800 ( 2)
  64 I   0.98536 0.00629 0.00825 0.00010 ( 1)
  65 S   0.93130 0.04946 0.01809 0.00114 ( 1)
  66 S   0.29168 0.69225 0.00297 0.01310 ( 2)
  67 G   0.96501 0.00703 0.02767 0.00029 ( 1)
  68 P   0.22431 0.74401 0.00674 0.02494 ( 2)
  69 L   0.99407 0.00055 0.00538 0.00000 ( 1)
  70 G   0.09089 0.43278 0.40158 0.07474 ( 2)
  71 F   0.65870 0.32766 0.00834 0.00530 ( 1)
  72 G   0.67411 0.31853 0.00404 0.00332 ( 1)
  73 I   0.70505 0.07540 0.21605 0.00350 ( 1)
  74 N   0.50040 0.47355 0.01267 0.01337 ( 1)
  75 P   0.99219 0.00169 0.00611 0.00002 ( 1)
  76 S   0.00539 0.97633 0.00004 0.01824 ( 2)
  77 -   0.18008 0.26369 0.48966 0.06656 ( 3)
  78 -   0.72497 0.26687 0.00481 0.00335 ( 1)
  79 R   0.99131 0.00180 0.00687 0.00002 ( 1)
  80 T   0.96032 0.03059 0.00864 0.00045 ( 1)
  81 H   0.32711 0.59996 0.02139 0.05154 ( 2)
  82 S   0.16647 0.81773 0.00164 0.01416 ( 2)
  83 W   0.91790 0.05629 0.02418 0.00163 ( 1)
  84 Q   0.74677 0.24595 0.00458 0.00270 ( 1)
  85 G   0.98658 0.00673 0.00660 0.00009 ( 1)
  86 N   0.98920 0.00326 0.00747 0.00007 ( 1)
  87 R   0.03965 0.94041 0.00087 0.01907 ( 2)
  88 N   0.99014 0.00244 0.00738 0.00005 ( 1)
  89 V   0.05606 0.66022 0.17651 0.10721 ( 2)
  90 N   0.87575 0.11318 0.00932 0.00175 ( 1)
  91 I   0.00764 0.64634 0.10512 0.24090 ( 2)
  92 S   0.00483 0.80063 0.00833 0.18621 ( 2)
  93 A   0.79304 0.19302 0.01059 0.00336 ( 1)
  94 P   0.10934 0.86034 0.00178 0.02855 ( 2)
  95 T   0.01360 0.81414 0.01485 0.15741 ( 2)
  96 D   0.86588 0.12404 0.00849 0.00159 ( 1)
  97 V   0.12362 0.84658 0.00357 0.02623 ( 2)
  98 -   0.69068 0.23122 0.05852 0.01959 ( 1)
  99 -   0.21660 0.70529 0.01835 0.05976 ( 2)
 100 -   0.65212 0.26977 0.05525 0.02286 ( 1)
 101 -   0.63048 0.29141 0.05342 0.02469 ( 1)
 102 -   0.65791 0.26398 0.05574 0.02237 ( 1)
 103 S   0.72121 0.05918 0.21715 0.00247 ( 1)
 104 G   0.95902 0.01791 0.02260 0.00047 ( 1)
 105 V   0.01836 0.96617 0.00014 0.01532 ( 2)
 106 I   0.07703 0.86858 0.00355 0.05084 ( 2)
 107 S   0.95358 0.03553 0.01024 0.00065 ( 1)
 108 N   0.58379 0.40462 0.00399 0.00760 ( 1)
 109 R   0.00492 0.97522 0.00003 0.01983 ( 2)
 110 T   0.01951 0.86797 0.01392 0.09860 ( 2)
 111 Q   0.51573 0.47306 0.00507 0.00615 ( 1)
 112 T   0.93234 0.02520 0.04080 0.00166 ( 1)
 113 I   0.98918 0.00301 0.00775 0.00006 ( 1)
 114 P   0.11803 0.60728 0.14087 0.13382 ( 2)
 115 A   0.98056 0.01367 0.00561 0.00015 ( 1)
 116 R   0.21614 0.75965 0.00480 0.01941 ( 2)
 117 N   0.97086 0.01677 0.01189 0.00048 ( 1)
 118 I   0.98137 0.00069 0.01791 0.00003 ( 1)
 119 F   0.97170 0.00517 0.02297 0.00016 ( 1)
 120 R   0.99226 0.00088 0.00685 0.00001 ( 1)
 121 V   0.69452 0.29071 0.00882 0.00594 ( 1)
 122 N   0.97970 0.01446 0.00565 0.00019 ( 1)
 123 S   0.98006 0.00595 0.01387 0.00011 ( 1)
 124 R   0.29196 0.68182 0.00695 0.01926 ( 2)
 125 V   0.98979 0.00282 0.00735 0.00005 ( 1)
 126 Y   0.00765 0.04593 0.87964 0.06677 ( 3)
 127 T   0.98793 0.00523 0.00674 0.00009 ( 1)
 128 L   0.97640 0.01029 0.01313 0.00018 ( 1)
 129 D   0.99184 0.00128 0.00685 0.00002 ( 1)
 130 W   0.00514 0.97407 0.00005 0.02074 ( 2)
 131 R   0.83817 0.15116 0.00779 0.00288 ( 1)
 132 L   0.07880 0.89572 0.00175 0.02373 ( 2)
 133 Y   0.91276 0.07888 0.00719 0.00118 ( 1)
 134 G   0.99077 0.00173 0.00749 0.00002 ( 1)
 135 V   0.99252 0.00064 0.00683 0.00001 ( 1)
 136 Y   0.29923 0.60396 0.07175 0.02505 ( 2)
 137 R   0.97801 0.01468 0.00713 0.00018 ( 1)
 138 A   0.99218 0.00053 0.00728 0.00001 ( 1)
 139 E   0.92023 0.07263 0.00613 0.00100 ( 1)
 140 F   0.99443 0.00030 0.00527 0.00000 ( 1)
 141 F   0.77411 0.08482 0.13769 0.00338 ( 1)
 142 Q   0.98143 0.01358 0.00486 0.00012 ( 1)
 143 D   0.10146 0.87396 0.00155 0.02303 ( 2)
 144 A   0.94298 0.04929 0.00693 0.00080 ( 1)
 145 S   0.99190 0.00236 0.00571 0.00003 ( 1)
 146 Q   0.94922 0.04092 0.00933 0.00053 ( 1)
 147 N   0.28182 0.67831 0.01107 0.02880 ( 2)
 148 S   0.99032 0.00186 0.00779 0.00003 ( 1)
 149 Q   0.65422 0.32583 0.01064 0.00931 ( 1)
 150 I   0.00047 0.98743 0.00000 0.01210 ( 2)
 151 R   0.03240 0.92395 0.00129 0.04235 ( 2)
 152 V   0.66044 0.01572 0.32261 0.00123 ( 1)
 153 F   0.91778 0.07567 0.00575 0.00080 ( 1)
 154 A   0.00409 0.88193 0.00380 0.11018 ( 2)
 155 E   0.23034 0.75905 0.00178 0.00882 ( 2)
 156 N   0.48414 0.50747 0.00260 0.00579 ( 2)
 157 P   0.52824 0.31349 0.14437 0.01389 ( 1)
 158 P   0.00170 0.09764 0.79196 0.10870 ( 3)
 159 T   0.96173 0.02798 0.00977 0.00053 ( 1)
 160 G   0.68868 0.19552 0.10665 0.00916 ( 1)
 161 A   0.09975 0.87525 0.00215 0.02284 ( 2)
 162 -   0.01083 0.51677 0.23171 0.24070 ( 2)
 163 -   0.06659 0.31260 0.58818 0.03263 ( 3)
 164 G   0.16016 0.23334 0.51192 0.09458 ( 3)
 165 A   0.29338 0.48158 0.17488 0.05016 ( 2)
 166 Q   0.00291 0.97206 0.00004 0.02500 ( 2)
 167 S   0.00719 0.89964 0.00409 0.08909 ( 2)
 168 A   0.00063 0.93000 0.00028 0.06909 ( 2)
 169 N   0.99285 0.00038 0.00677 0.00001 ( 1)
 170 N   0.08797 0.85911 0.00175 0.05117 ( 2)
 171 F   0.00513 0.97871 0.00007 0.01609 ( 2)
 172 R   0.89914 0.08756 0.01138 0.00192 ( 1)
 173 F   0.99011 0.00450 0.00534 0.00006 ( 1)
 174 L   0.10481 0.59695 0.16894 0.12930 ( 2)
 175 P   0.96782 0.00454 0.02749 0.00014 ( 1)
 176 G   0.99077 0.00173 0.00749 0.00002 ( 1)
 177 E   0.99278 0.00070 0.00652 0.00001 ( 1)
 178 N   0.97421 0.01884 0.00663 0.00032 ( 1)
 179 S   0.94494 0.02924 0.02489 0.00093 ( 1)
 180 D   0.00382 0.94785 0.00042 0.04790 ( 2)
 181 T   0.97465 0.01664 0.00843 0.00027 ( 1)
 182 P   0.98888 0.00228 0.00882 0.00003 ( 1)
 183 T   0.98863 0.00129 0.01006 0.00002 ( 1)
 184 P   0.98564 0.00549 0.00880 0.00007 ( 1)
 185 Q   0.22302 0.76455 0.00222 0.01021 ( 2)
 186 D   0.99322 0.00060 0.00617 0.00001 ( 1)
 187 Y   0.99339 0.00065 0.00595 0.00001 ( 1)
 188 T   0.99043 0.00079 0.00877 0.00002 ( 1)
 189 H   0.99408 0.00097 0.00494 0.00001 ( 1)
 190 L   0.44677 0.53941 0.00381 0.01001 ( 2)
 191 L   0.97903 0.00894 0.01189 0.00014 ( 1)
 192 S   0.99279 0.00107 0.00613 0.00001 ( 1)
 193 R   0.21520 0.67531 0.03716 0.07234 ( 2)
 194 V   0.07089 0.85170 0.02640 0.05101 ( 2)
 195 V   0.08483 0.82007 0.04211 0.05299 ( 2)
 196 N   0.99300 0.00025 0.00674 0.00000 ( 1)
 197 A   0.04340 0.92637 0.00349 0.02674 ( 2)
 198 T   0.96415 0.01651 0.01848 0.00086 ( 1)
 199 V   0.96503 0.02733 0.00732 0.00032 ( 1)
 200 G   0.99083 0.00165 0.00750 0.00002 ( 1)
 201 L   0.99407 0.00055 0.00538 0.00000 ( 1)
 202 T   0.30662 0.67287 0.00567 0.01484 ( 2)
 203 P   0.90738 0.08263 0.00891 0.00108 ( 1)
 204 A   0.84784 0.13699 0.01056 0.00460 ( 1)
 205 T   0.41870 0.55378 0.00995 0.01756 ( 2)
 206 G   0.00208 0.97071 0.00003 0.02718 ( 2)
 207 N   0.00443 0.17190 0.72570 0.09798 ( 3)
 208 Q   0.94038 0.05421 0.00494 0.00046 ( 1)
 209 R   0.99427 0.00068 0.00505 0.00001 ( 1)
 210 N   0.58906 0.40232 0.00383 0.00479 ( 1)
 211 S   0.99299 0.00066 0.00634 0.00001 ( 1)
 212 V   0.71555 0.27140 0.00878 0.00428 ( 1)
 213 L   0.92283 0.06777 0.00832 0.00107 ( 1)
 214 I   0.16723 0.59557 0.15644 0.08075 ( 2)
 215 F   0.23550 0.42684 0.28151 0.05615 ( 2)
 216 G   0.99426 0.00033 0.00541 0.00000 ( 1)
 217 W   0.91790 0.05629 0.02418 0.00163 ( 1)
 218 K   0.97493 0.01490 0.00990 0.00027 ( 1)
 219 H   0.99471 0.00036 0.00493 0.00000 ( 1)
 220 K   0.97925 0.00821 0.01232 0.00021 ( 1)


lnL = -3305.413123

Bayes Empirical Bayes (BEB) probabilities for 4 classes (class)
(amino acids refer to 1st sequence: BT_Cry68Aa1)

   1 P   0.81096 0.16675 0.01630 0.00599 ( 1)
   2 V   0.92931 0.04846 0.02043 0.00180 ( 1)
   3 V   0.96428 0.02271 0.01240 0.00062 ( 1)
   4 S   0.60698 0.36250 0.01278 0.01774 ( 1)
   5 Q   0.87334 0.09900 0.02419 0.00347 ( 1)
   6 L   0.93269 0.01838 0.04789 0.00104 ( 1)
   7 S   0.98723 0.00020 0.01257 0.00001 ( 1)
   8 R   0.95590 0.01112 0.03253 0.00044 ( 1)
   9 V   0.78647 0.16070 0.04243 0.01040 ( 1)
  10 I   0.98364 0.00075 0.01559 0.00002 ( 1)
  11 Y   0.98327 0.00069 0.01602 0.00002 ( 1)
  12 T   0.97568 0.00331 0.02089 0.00012 ( 1)
  13 D   0.98278 0.00072 0.01648 0.00002 ( 1)
  14 P   0.97348 0.00429 0.02209 0.00013 ( 1)
  15 V   0.98018 0.00382 0.01587 0.00013 ( 1)
  16 G   0.98628 0.00037 0.01335 0.00001 ( 1)
  17 A   0.94581 0.03997 0.01327 0.00095 ( 1)
  18 I   0.90464 0.07581 0.01728 0.00227 ( 1)
  19 R   0.65448 0.32427 0.00957 0.01168 ( 1)
  20 T   0.45275 0.52757 0.00714 0.01254 ( 2)
  21 D   0.53323 0.42369 0.01843 0.02464 ( 1)
  22 G   0.04336 0.59350 0.23793 0.12521 ( 2)
  23 -   0.63454 0.26559 0.07069 0.02918 ( 1)
  24 -   0.13819 0.81155 0.00657 0.04369 ( 2)
  25 -   0.00283 0.45687 0.09147 0.44882 ( 2)
  26 -   0.02651 0.26570 0.45812 0.24968 ( 3)
  27 R   0.01498 0.76247 0.02009 0.20245 ( 2)
  28 G   0.25183 0.07881 0.63805 0.03131 ( 3)
  29 W   0.90034 0.04828 0.04855 0.00283 ( 1)
  30 F   0.98584 0.00034 0.01382 0.00001 ( 1)
  31 D   0.11616 0.80825 0.02880 0.04680 ( 2)
  32 P   0.84863 0.05150 0.09423 0.00564 ( 1)
  33 P   0.12562 0.77451 0.01410 0.08577 ( 2)
  34 V   0.71578 0.18435 0.07964 0.02023 ( 1)
  35 G   0.00194 0.84322 0.00034 0.15451 ( 2)
  36 T   0.02316 0.87064 0.00489 0.10131 ( 2)
  37 D   0.98397 0.00203 0.01393 0.00006 ( 1)
  38 R   0.64910 0.25103 0.07230 0.02757 ( 1)
  39 I   0.67720 0.22293 0.07540 0.02447 ( 1)
  40 R   0.02616 0.79388 0.02634 0.15362 ( 2)
  41 V   0.98186 0.00272 0.01533 0.00009 ( 1)
  42 N   0.95585 0.02969 0.01351 0.00095 ( 1)
  43 F   0.98430 0.00108 0.01459 0.00003 ( 1)
  44 A   0.12384 0.84072 0.00358 0.03187 ( 2)
  45 S   0.06209 0.88538 0.00298 0.04954 ( 2)
  46 I   0.94102 0.02864 0.02925 0.00110 ( 1)
  47 E   0.98253 0.00074 0.01671 0.00002 ( 1)
  48 N   0.97424 0.00366 0.02198 0.00012 ( 1)
  49 E   0.37033 0.40754 0.19141 0.03072 ( 2)
  50 I   0.98124 0.00086 0.01787 0.00003 ( 1)
  51 P   0.98324 0.00135 0.01537 0.00003 ( 1)
  52 A   0.10015 0.74648 0.06366 0.08971 ( 2)
  53 P   0.97483 0.00583 0.01911 0.00023 ( 1)
  54 T   0.11826 0.58346 0.13915 0.15913 ( 2)
  55 T   0.33352 0.59854 0.02235 0.04559 ( 2)
  56 S   0.85266 0.09001 0.04722 0.01010 ( 1)
  57 R   0.14747 0.45601 0.26077 0.13575 ( 2)
  58 H   0.86890 0.08943 0.03669 0.00498 ( 1)
  59 L   0.95068 0.01494 0.03371 0.00067 ( 1)
  60 S   0.24059 0.64240 0.07643 0.04059 ( 2)
  61 E   0.59885 0.20288 0.18593 0.01233 ( 1)
  62 L   0.59763 0.37023 0.02162 0.01052 ( 1)
  63 T   0.00147 0.70042 0.02482 0.27330 ( 2)
  64 I   0.97660 0.00537 0.01786 0.00017 ( 1)
  65 S   0.92817 0.03385 0.03645 0.00153 ( 1)
  66 S   0.43725 0.53474 0.00887 0.01915 ( 2)
  67 G   0.94212 0.00694 0.05045 0.00049 ( 1)
  68 P   0.32793 0.61452 0.01888 0.03866 ( 2)
  69 L   0.98435 0.00058 0.01506 0.00001 ( 1)
  70 G   0.14592 0.31424 0.47820 0.06163 ( 3)
  71 F   0.73997 0.22764 0.02348 0.00891 ( 1)
  72 G   0.75695 0.22532 0.01202 0.00572 ( 1)
  73 I   0.68211 0.05073 0.26358 0.00358 ( 1)
  74 N   0.62440 0.33476 0.02502 0.01582 ( 1)
  75 P   0.98257 0.00170 0.01569 0.00004 ( 1)
  76 S   0.01803 0.94938 0.00028 0.03232 ( 2)
  77 -   0.22624 0.22633 0.48921 0.05822 ( 3)
  78 -   0.77713 0.20421 0.01292 0.00575 ( 1)
  79 R   0.98075 0.00182 0.01738 0.00005 ( 1)
  80 T   0.95528 0.02456 0.01939 0.00077 ( 1)
  81 H   0.44173 0.47060 0.03851 0.04916 ( 2)
  82 S   0.28523 0.68502 0.00619 0.02356 ( 2)
  83 W   0.90034 0.04828 0.04855 0.00283 ( 1)
  84 Q   0.81435 0.16760 0.01352 0.00453 ( 1)
  85 G   0.97877 0.00648 0.01458 0.00017 ( 1)
  86 N   0.98142 0.00303 0.01544 0.00011 ( 1)
  87 R   0.08310 0.87402 0.00375 0.03912 ( 2)
  88 N   0.98239 0.00229 0.01525 0.00008 ( 1)
  89 V   0.09382 0.55847 0.24417 0.10354 ( 2)
  90 N   0.89707 0.08132 0.01908 0.00253 ( 1)
  91 I   0.01835 0.60953 0.15281 0.21930 ( 2)
  92 S   0.01369 0.76368 0.02213 0.20050 ( 2)
  93 A   0.83548 0.13827 0.02149 0.00476 ( 1)
  94 P   0.21443 0.73745 0.00669 0.04143 ( 2)
  95 T   0.03145 0.75097 0.03761 0.17996 ( 2)
  96 D   0.88786 0.08549 0.02377 0.00289 ( 1)
  97 V   0.24156 0.71049 0.01154 0.03640 ( 2)
  98 -   0.70576 0.19437 0.07854 0.02133 ( 1)
  99 -   0.28871 0.61142 0.03233 0.06754 ( 2)
 100 -   0.67305 0.22708 0.07494 0.02493 ( 1)
 101 -   0.65455 0.24558 0.07290 0.02697 ( 1)
 102 -   0.67797 0.22216 0.07548 0.02439 ( 1)
 103 S   0.68510 0.03795 0.27435 0.00260 ( 1)
 104 G   0.93661 0.01616 0.04635 0.00089 ( 1)
 105 V   0.04471 0.92365 0.00085 0.03079 ( 2)
 106 I   0.15577 0.76625 0.01179 0.06620 ( 2)
 107 S   0.94866 0.02929 0.02102 0.00103 ( 1)
 108 N   0.71082 0.26993 0.01010 0.00914 ( 1)
 109 R   0.01467 0.95083 0.00022 0.03428 ( 2)
 110 T   0.04522 0.80377 0.03415 0.11686 ( 2)
 111 Q   0.62812 0.34333 0.01685 0.01171 ( 1)
 112 T   0.91087 0.02107 0.06605 0.00201 ( 1)
 113 I   0.98160 0.00276 0.01555 0.00010 ( 1)
 114 P   0.18769 0.47616 0.21415 0.12200 ( 2)
 115 A   0.97456 0.01165 0.01350 0.00029 ( 1)
 116 R   0.31783 0.63866 0.01267 0.03083 ( 2)
 117 N   0.96356 0.01257 0.02326 0.00062 ( 1)
 118 I   0.97313 0.00078 0.02604 0.00004 ( 1)
 119 F   0.95010 0.00514 0.04446 0.00031 ( 1)
 120 R   0.98170 0.00093 0.01734 0.00003 ( 1)
 121 V   0.77022 0.20237 0.01956 0.00785 ( 1)
 122 N   0.97615 0.01088 0.01269 0.00029 ( 1)
 123 S   0.96312 0.00568 0.03096 0.00024 ( 1)
 124 R   0.43576 0.51500 0.02074 0.02851 ( 2)
 125 V   0.98202 0.00255 0.01534 0.00008 ( 1)
 126 Y   0.01612 0.04311 0.89453 0.04623 ( 3)
 127 T   0.98122 0.00472 0.01391 0.00015 ( 1)
 128 L   0.95878 0.00968 0.03115 0.00039 ( 1)
 129 D   0.98462 0.00121 0.01414 0.00004 ( 1)
 130 W   0.01671 0.94714 0.00033 0.03581 ( 2)
 131 R   0.86445 0.11577 0.01575 0.00403 ( 1)
 132 L   0.14916 0.80057 0.00697 0.04329 ( 2)
 133 Y   0.92688 0.05488 0.01656 0.00168 ( 1)
 134 G   0.97827 0.00174 0.01994 0.00005 ( 1)
 135 V   0.98463 0.00071 0.01464 0.00002 ( 1)
 136 Y   0.40618 0.43587 0.12949 0.02846 ( 2)
 137 R   0.96994 0.01203 0.01769 0.00034 ( 1)
 138 A   0.98419 0.00060 0.01520 0.00002 ( 1)
 139 E   0.93198 0.05046 0.01602 0.00154 ( 1)
 140 F   0.98584 0.00034 0.01382 0.00001 ( 1)
 141 F   0.77752 0.05722 0.16169 0.00358 ( 1)
 142 Q   0.97469 0.01135 0.01371 0.00026 ( 1)
 143 D   0.20286 0.75527 0.00612 0.03574 ( 2)
 144 A   0.94909 0.03516 0.01467 0.00109 ( 1)
 145 S   0.98520 0.00218 0.01255 0.00006 ( 1)
 146 Q   0.94216 0.03152 0.02525 0.00107 ( 1)
 147 N   0.41614 0.51746 0.02861 0.03779 ( 2)
 148 S   0.97916 0.00194 0.01884 0.00006 ( 1)
 149 Q   0.73448 0.22545 0.02729 0.01278 ( 1)
 150 I   0.00180 0.97050 0.00003 0.02768 ( 2)
 151 R   0.06620 0.86339 0.00454 0.06587 ( 2)
 152 V   0.62511 0.01233 0.36121 0.00135 ( 1)
 153 F   0.92405 0.05884 0.01556 0.00155 ( 1)
 154 A   0.01173 0.82981 0.01276 0.14570 ( 2)
 155 E   0.36801 0.60657 0.00762 0.01780 ( 2)
 156 N   0.62471 0.35724 0.00882 0.00923 ( 1)
 157 P   0.59162 0.19170 0.20365 0.01303 ( 1)
 158 P   0.00383 0.09767 0.81015 0.08836 ( 3)
 159 T   0.95579 0.02295 0.02043 0.00083 ( 1)
 160 G   0.71856 0.11845 0.15440 0.00859 ( 1)
 161 A   0.18009 0.77000 0.00829 0.04162 ( 2)
 162 -   0.02345 0.50442 0.27448 0.19765 ( 2)
 163 -   0.09090 0.24283 0.63416 0.03211 ( 3)
 164 G   0.21706 0.16919 0.54804 0.06570 ( 3)
 165 A   0.37937 0.33131 0.24428 0.04504 ( 1)
 166 Q   0.00894 0.94733 0.00025 0.04348 ( 2)
 167 S   0.02027 0.85639 0.01246 0.11088 ( 2)
 168 A   0.00210 0.90620 0.00068 0.09102 ( 2)
 169 N   0.98561 0.00043 0.01395 0.00001 ( 1)
 170 N   0.16808 0.76340 0.00540 0.06311 ( 2)
 171 F   0.01531 0.94759 0.00050 0.03660 ( 2)
 172 R   0.90596 0.06890 0.02243 0.00272 ( 1)
 173 F   0.98202 0.00392 0.01395 0.00011 ( 1)
 174 L   0.16332 0.45571 0.26221 0.11876 ( 2)
 175 P   0.94315 0.00438 0.05220 0.00026 ( 1)
 176 G   0.97827 0.00174 0.01994 0.00005 ( 1)
 177 E   0.98253 0.00074 0.01671 0.00002 ( 1)
 178 N   0.97187 0.01395 0.01374 0.00044 ( 1)
 179 S   0.92485 0.02597 0.04762 0.00156 ( 1)
 180 D   0.01298 0.91539 0.00194 0.06969 ( 2)
 181 T   0.96767 0.01385 0.01804 0.00045 ( 1)
 182 P   0.97555 0.00226 0.02212 0.00007 ( 1)
 183 T   0.97848 0.00143 0.02004 0.00005 ( 1)
 184 P   0.97250 0.00526 0.02208 0.00016 ( 1)
 185 Q   0.36065 0.60858 0.00975 0.02102 ( 2)
 186 D   0.98572 0.00067 0.01359 0.00002 ( 1)
 187 Y   0.98327 0.00069 0.01602 0.00002 ( 1)
 188 T   0.98196 0.00089 0.01712 0.00003 ( 1)
 189 H   0.98508 0.00101 0.01389 0.00002 ( 1)
 190 L   0.59176 0.38366 0.01100 0.01358 ( 1)
 191 L   0.96153 0.00832 0.02984 0.00032 ( 1)
 192 S   0.98546 0.00118 0.01333 0.00003 ( 1)
 193 R   0.33164 0.52450 0.06982 0.07404 ( 2)
 194 V   0.14342 0.72019 0.06653 0.06985 ( 2)
 195 V   0.16387 0.66901 0.10091 0.06621 ( 2)
 196 N   0.98579 0.00030 0.01390 0.00001 ( 1)
 197 A   0.09858 0.84509 0.01041 0.04593 ( 2)
 198 T   0.95236 0.01424 0.03231 0.00109 ( 1)
 199 V   0.95786 0.02193 0.01956 0.00064 ( 1)
 200 G   0.97833 0.00167 0.01995 0.00005 ( 1)
 201 L   0.98435 0.00058 0.01506 0.00001 ( 1)
 202 T   0.43034 0.52637 0.01780 0.02549 ( 2)
 203 P   0.91040 0.06307 0.02438 0.00215 ( 1)
 204 A   0.87867 0.09371 0.02241 0.00521 ( 1)
 205 T   0.56476 0.38835 0.02512 0.02177 ( 1)
 206 G   0.00635 0.94412 0.00018 0.04935 ( 2)
 207 N   0.00974 0.15080 0.76484 0.07462 ( 3)
 208 Q   0.94273 0.04112 0.01516 0.00099 ( 1)
 209 R   0.98377 0.00071 0.01551 0.00002 ( 1)
 210 N   0.71425 0.26682 0.01169 0.00723 ( 1)
 211 S   0.98332 0.00070 0.01595 0.00002 ( 1)
 212 V   0.78059 0.18778 0.02438 0.00726 ( 1)
 213 L   0.92571 0.05354 0.01900 0.00175 ( 1)
 214 I   0.24330 0.44328 0.23745 0.07597 ( 2)
 215 F   0.31260 0.29523 0.34704 0.04513 ( 3)
 216 G   0.98628 0.00037 0.01335 0.00001 ( 1)
 217 W   0.90034 0.04828 0.04855 0.00283 ( 1)
 218 K   0.96629 0.01261 0.02065 0.00045 ( 1)
 219 H   0.98575 0.00039 0.01386 0.00001 ( 1)
 220 K   0.96607 0.00703 0.02656 0.00035 ( 1)

