Supplemental results for CODEML (seqf: algn  treef: tree)


dN/dS (w) for site classes (K=4)

site class             0        1       2a       2b
proportion       0.49586  0.47128  0.01685  0.01602
background w     0.06298  1.00000  0.06298  1.00000
foreground w     0.06298  1.00000  1.00000  1.00000

Naive Empirical Bayes (NEB) probabilities for 4 classes
(amino acids refer to 1st sequence: BT_Cry1Be1)

   1 -   0.49586 0.47128 0.01685 0.01602 ( 1)
   2 -   0.93299 0.05398 0.01120 0.00183 ( 1)
   3 -   0.90125 0.08294 0.01299 0.00282 ( 1)
   4 S   0.96468 0.02651 0.00790 0.00090 ( 1)
   5 D   0.33183 0.60691 0.04063 0.02062 ( 2)
   6 S   0.00005 0.96707 0.00001 0.03286 ( 2)
   7 I   0.99146 0.00286 0.00559 0.00010 ( 1)
   8 T   0.98880 0.00639 0.00459 0.00022 ( 1)
   9 Q   0.89946 0.08679 0.01079 0.00295 ( 1)
  10 I   0.98880 0.00413 0.00693 0.00014 ( 1)
  11 P   0.95331 0.03591 0.00956 0.00122 ( 1)
  12 L   0.34538 0.58970 0.04488 0.02004 ( 2)
  13 V   0.93329 0.05713 0.00765 0.00194 ( 1)
  14 K   0.99174 0.00144 0.00677 0.00005 ( 1)
  15 S   0.00004 0.96599 0.00114 0.03283 ( 2)
  16 F   0.97285 0.01842 0.00811 0.00063 ( 1)
  17 N   0.00010 0.96703 0.00000 0.03286 ( 2)
  18 L   0.00016 0.96691 0.00008 0.03286 ( 2)
  19 N   0.00238 0.96480 0.00003 0.03279 ( 2)
  20 S   0.00015 0.92269 0.04580 0.03136 ( 2)
  21 G   0.36718 0.60612 0.00611 0.02060 ( 2)
  22 T   0.00236 0.95964 0.00539 0.03261 ( 2)
  23 S   0.00000 0.96620 0.00096 0.03283 ( 2)
  24 V   0.00564 0.94501 0.01723 0.03211 ( 2)
  25 V   0.00006 0.96694 0.00015 0.03286 ( 2)
  26 S   0.59931 0.37871 0.00911 0.01287 ( 1)
  27 G   0.98334 0.00570 0.01077 0.00019 ( 1)
  28 P   0.98361 0.00393 0.01233 0.00013 ( 1)
  29 G   0.98377 0.00528 0.01077 0.00018 ( 1)
  30 F   0.99293 0.00098 0.00606 0.00003 ( 1)
  31 T   0.98021 0.01249 0.00687 0.00042 ( 1)
  32 G   0.95858 0.01965 0.02110 0.00067 ( 1)
  33 G   0.98342 0.00562 0.01077 0.00019 ( 1)
  34 D   0.99373 0.00081 0.00544 0.00003 ( 1)
  35 I   0.93776 0.04931 0.01125 0.00168 ( 1)
  36 I   0.00263 0.96368 0.00094 0.03275 ( 2)
  37 R   0.00253 0.96431 0.00039 0.03277 ( 2)
  38 T   0.00010 0.96670 0.00035 0.03285 ( 2)
  39 N   0.00036 0.95886 0.00820 0.03259 ( 2)
  40 V   0.62472 0.34242 0.02123 0.01164 ( 1)
  41 -   0.49586 0.47128 0.01685 0.01602 ( 1)
  42 N   0.00010 0.96561 0.00148 0.03281 ( 2)
  43 G   0.20307 0.76637 0.00451 0.02604 ( 2)
  44 S   0.00000 0.96713 0.00001 0.03287 ( 2)
  45 V   0.00139 0.96555 0.00026 0.03281 ( 2)
  46 L   0.00007 0.95944 0.00789 0.03261 ( 2)
  47 S   0.00286 0.95743 0.00718 0.03254 ( 2)
  48 M   0.75729 0.22860 0.00634 0.00777 ( 1)
  49 G   0.06553 0.90277 0.00102 0.03068 ( 2)
  50 L   0.98937 0.00444 0.00603 0.00015 ( 1)
  51 N   0.15382 0.58776 0.23844 0.01997 ( 2)
  52 F   0.20805 0.76281 0.00322 0.02592 ( 2)
  53 N   0.00787 0.95800 0.00158 0.03256 ( 2)
  54 N   0.40304 0.56807 0.00959 0.01930 ( 2)
  55 T   0.00120 0.96540 0.00059 0.03281 ( 2)
  56 -   0.47023 0.45205 0.06236 0.01536 ( 1)
  57 S   0.53890 0.43737 0.00886 0.01486 ( 1)
  58 L   0.92867 0.05604 0.01339 0.00190 ( 1)
  59 Q   0.17391 0.79752 0.00147 0.02710 ( 2)
  60 R   0.25507 0.69926 0.02191 0.02376 ( 2)
  61 Y   0.98859 0.00520 0.00603 0.00018 ( 1)
  62 R   0.91775 0.07274 0.00704 0.00247 ( 1)
  63 V   0.98350 0.01060 0.00554 0.00036 ( 1)
  64 R   0.98240 0.00693 0.01043 0.00024 ( 1)
  65 V   0.24920 0.70825 0.01848 0.02407 ( 2)
  66 R   0.98735 0.00209 0.01048 0.00007 ( 1)
  67 Y   0.99018 0.00149 0.00828 0.00005 ( 1)
  68 A   0.89707 0.09166 0.00816 0.00311 ( 1)
  69 A   0.17924 0.79239 0.00144 0.02693 ( 2)
  70 S   0.11394 0.83369 0.02404 0.02833 ( 2)
  71 Q   0.89250 0.09762 0.00656 0.00332 ( 1)
  72 T   0.01925 0.89584 0.05447 0.03044 ( 2)
  73 M   0.02116 0.94651 0.00017 0.03217 ( 2)
  74 V   0.51328 0.45385 0.01744 0.01542 ( 1)
  75 L   0.06790 0.89923 0.00231 0.03056 ( 2)
  76 R   0.53867 0.42847 0.01831 0.01456 ( 1)
  77 V   0.00008 0.95268 0.01486 0.03238 ( 2)
  78 T   0.00011 0.96684 0.00020 0.03286 ( 2)
  79 V   0.00024 0.95360 0.01376 0.03241 ( 2)
  80 G   0.00747 0.93334 0.02747 0.03172 ( 2)
  81 G   0.95246 0.02761 0.01899 0.00094 ( 1)
  82 S   0.00008 0.96703 0.00003 0.03286 ( 2)
  83 T   0.47315 0.50328 0.00646 0.01710 ( 2)
  84 T   0.27853 0.65986 0.03919 0.02242 ( 2)
  85 F   0.95964 0.03180 0.00748 0.00108 ( 1)
  86 D   0.05740 0.90029 0.01172 0.03059 ( 2)
  87 Q   0.89946 0.08679 0.01079 0.00295 ( 1)
  88 G   0.95572 0.02497 0.01847 0.00085 ( 1)
  89 -   0.98759 0.00757 0.00458 0.00026 ( 1)
  90 -   0.00612 0.96077 0.00046 0.03265 ( 2)
  91 -   0.00052 0.96396 0.00277 0.03276 ( 2)
  92 F   0.97285 0.01842 0.00811 0.00063 ( 1)
  93 P   0.98477 0.00304 0.01209 0.00010 ( 1)
  94 S   0.00008 0.96678 0.00028 0.03285 ( 2)
  95 T   0.99105 0.00266 0.00620 0.00009 ( 1)
  96 M   0.00009 0.96292 0.00427 0.03272 ( 2)
  97 S   0.01962 0.94777 0.00040 0.03221 ( 2)
  98 A   0.00125 0.96575 0.00018 0.03282 ( 2)
  99 N   0.80925 0.07816 0.10994 0.00266 ( 1)
 100 E   0.46436 0.51523 0.00290 0.01751 ( 2)
 101 S   0.20272 0.76887 0.00228 0.02613 ( 2)
 102 L   0.92572 0.06595 0.00609 0.00224 ( 1)
 103 T   0.00065 0.96186 0.00480 0.03269 ( 2)
 104 S   0.00196 0.96089 0.00450 0.03265 ( 2)
 105 Q   0.00000 0.96702 0.00012 0.03286 ( 2)
 106 S   0.95529 0.03895 0.00443 0.00132 ( 1)
 107 F   0.00000 0.96706 0.00008 0.03286 ( 2)
 108 R   0.59603 0.38166 0.00934 0.01297 ( 1)
 109 F   0.98170 0.00976 0.00821 0.00033 ( 1)
 110 A   0.77443 0.21418 0.00411 0.00728 ( 1)
 111 E   0.63024 0.34909 0.00880 0.01186 ( 1)
 112 F   0.99293 0.00098 0.00606 0.00003 ( 1)
 113 P   0.32560 0.61444 0.03908 0.02088 ( 2)
 114 V   0.98688 0.00447 0.00850 0.00015 ( 1)
 115 -   0.50121 0.47649 0.00611 0.01619 ( 1)
 116 -   0.86658 0.11472 0.01480 0.00390 ( 1)
 117 -   0.96759 0.02303 0.00860 0.00078 ( 1)
 118 -   0.00018 0.96668 0.00029 0.03285 ( 2)
 119 -   0.94443 0.04374 0.01034 0.00149 ( 1)
 120 -   0.97783 0.01552 0.00612 0.00053 ( 1)
 121 G   0.96467 0.02572 0.00873 0.00087 ( 1)
 122 I   0.03069 0.93267 0.00494 0.03170 ( 2)
 123 S   0.97547 0.01215 0.01197 0.00041 ( 1)
 124 A   0.86883 0.12212 0.00490 0.00415 ( 1)
 125 S   0.97007 0.02126 0.00795 0.00072 ( 1)
 126 G   0.31279 0.56677 0.10118 0.01926 ( 2)
 127 S   0.94654 0.03730 0.01489 0.00127 ( 1)
 128 Q   0.12181 0.81866 0.03171 0.02782 ( 2)
 129 T   0.61273 0.36348 0.01144 0.01235 ( 1)
 130 A   0.00074 0.96622 0.00020 0.03284 ( 2)
 131 G   0.94914 0.04402 0.00535 0.00150 ( 1)
 132 -   0.49586 0.47128 0.01685 0.01602 ( 1)
 133 I   0.92138 0.06967 0.00658 0.00237 ( 1)
 134 S   0.34575 0.62972 0.00313 0.02140 ( 2)
 135 I   0.00040 0.96673 0.00002 0.03285 ( 2)
 136 S   0.09468 0.87377 0.00186 0.02969 ( 2)
 137 N   0.00048 0.96640 0.00028 0.03284 ( 2)
 138 N   0.00170 0.95922 0.00647 0.03260 ( 2)
 139 A   0.00001 0.96708 0.00004 0.03286 ( 2)
 140 G   0.01724 0.24349 0.73099 0.00827 ( 3)
 141 R   0.00582 0.96075 0.00078 0.03265 ( 2)
 142 Q   0.00000 0.96698 0.00016 0.03286 ( 2)
 143 T   0.00754 0.95885 0.00102 0.03259 ( 2)
 144 F   0.99293 0.00098 0.00606 0.00003 ( 1)
 145 H   0.98225 0.00922 0.00822 0.00031 ( 1)
 146 F   0.84421 0.13840 0.01269 0.00470 ( 1)
 147 D   0.97701 0.01676 0.00566 0.00057 ( 1)
 148 K   0.95859 0.03297 0.00732 0.00112 ( 1)
 149 I   0.84706 0.13261 0.01582 0.00451 ( 1)
 150 E   0.99055 0.00142 0.00798 0.00005 ( 1)
 151 F   0.70892 0.27289 0.00892 0.00927 ( 1)
 152 I   0.87633 0.09648 0.02391 0.00328 ( 1)


lnL = -2230.917550

