Supplemental results for CODEML (seqf: algn  treef: tree)


dN/dS (w) for site classes (K=4)

site class             0        1       2a       2b
proportion       0.56255  0.38259  0.03266  0.02221
background w     0.17256  1.00000  0.17256  1.00000
foreground w     0.17256  1.00000  1.00000  1.00000

Naive Empirical Bayes (NEB) probabilities for 4 classes
(amino acids refer to 1st sequence: BT_Cry1Ba1)

   1 -   0.56255 0.38259 0.03266 0.02221 ( 1)
   2 -   0.56255 0.38259 0.03266 0.02221 ( 1)
   3 -   0.56255 0.38259 0.03266 0.02221 ( 1)
   4 -   0.56255 0.38259 0.03266 0.02221 ( 1)
   5 -   0.56255 0.38259 0.03266 0.02221 ( 1)
   6 -   0.90286 0.08495 0.00725 0.00493 ( 1)
   7 -   0.90629 0.08196 0.00700 0.00476 ( 1)
   8 -   0.46785 0.46541 0.03972 0.02702 ( 1)
   9 -   0.99755 0.00214 0.00018 0.00012 ( 1)
  10 R   0.99161 0.00734 0.00063 0.00043 ( 1)
  11 I   1.00000 0.00000 0.00000 0.00000 ( 1)
  12 T   1.00000 0.00000 0.00000 0.00000 ( 1)
  13 Q   0.99864 0.00119 0.00010 0.00007 ( 1)
  14 I   0.97858 0.01873 0.00160 0.00109 ( 1)
  15 P   0.99999 0.00001 0.00000 0.00000 ( 1)
  16 M   0.00019 0.87442 0.07464 0.05076 ( 2)
  17 V   0.99867 0.00116 0.00010 0.00007 ( 1)
  18 K   0.99994 0.00005 0.00000 0.00000 ( 1)
  19 A   0.99939 0.00054 0.00005 0.00003 ( 1)
  20 S   0.00036 0.87426 0.07462 0.05075 ( 2)
  21 E   0.01189 0.86418 0.07376 0.05017 ( 2)
  22 L   0.03374 0.84507 0.07213 0.04906 ( 2)
  23 P   0.00000 0.87458 0.07465 0.05077 ( 2)
  24 Q   0.00005 0.87454 0.07465 0.05077 ( 2)
  25 G   0.99999 0.00001 0.00000 0.00000 ( 1)
  26 T   0.17823 0.71871 0.06134 0.04172 ( 2)
  27 T   0.10771 0.78038 0.06661 0.04530 ( 2)
  28 V   0.42647 0.50160 0.04281 0.02912 ( 2)
  29 V   0.99960 0.00035 0.00003 0.00002 ( 1)
  30 R   0.11312 0.77565 0.06621 0.04503 ( 2)
  31 G   0.99995 0.00004 0.00000 0.00000 ( 1)
  32 P   0.99998 0.00002 0.00000 0.00000 ( 1)
  33 G   0.99995 0.00004 0.00000 0.00000 ( 1)
  34 F   1.00000 0.00000 0.00000 0.00000 ( 1)
  35 T   0.99999 0.00000 0.00000 0.00000 ( 1)
  36 G   0.99999 0.00000 0.00000 0.00000 ( 1)
  37 G   0.99865 0.00118 0.00010 0.00007 ( 1)
  38 D   0.99994 0.00005 0.00000 0.00000 ( 1)
  39 I   0.99781 0.00191 0.00016 0.00011 ( 1)
  40 L   0.99408 0.00518 0.00044 0.00030 ( 1)
  41 R   0.94837 0.04515 0.00385 0.00262 ( 1)
  42 R   0.99976 0.00021 0.00002 0.00001 ( 1)
  43 T   0.99907 0.00081 0.00007 0.00005 ( 1)
  44 N   0.00000 0.87458 0.07465 0.05077 ( 2)
  45 T   0.00002 0.87456 0.07465 0.05077 ( 2)
  46 -   0.70821 0.25519 0.02178 0.01481 ( 1)
  47 G   0.99998 0.00002 0.00000 0.00000 ( 1)
  48 G   0.00056 0.87409 0.07461 0.05074 ( 2)
  49 F   0.08644 0.79898 0.06820 0.04638 ( 2)
  50 G   0.99374 0.00547 0.00047 0.00032 ( 1)
  51 P   0.01917 0.85782 0.07322 0.04980 ( 2)
  52 I   0.99958 0.00037 0.00003 0.00002 ( 1)
  53 R   0.99985 0.00013 0.00001 0.00001 ( 1)
  54 V   0.99893 0.00093 0.00008 0.00005 ( 1)
  55 T   0.01767 0.85913 0.07333 0.04987 ( 2)
  56 V   0.93530 0.05658 0.00483 0.00328 ( 1)
  57 N   0.05290 0.82831 0.07070 0.04808 ( 2)
  58 G   0.00002 0.87456 0.07465 0.05077 ( 2)
  59 P   0.53598 0.40583 0.03464 0.02356 ( 1)
  60 L   0.97714 0.01999 0.00171 0.00116 ( 1)
  61 T   0.96639 0.02939 0.00251 0.00171 ( 1)
  62 Q   0.99989 0.00010 0.00001 0.00001 ( 1)
  63 R   0.32403 0.59119 0.05046 0.03432 ( 2)
  64 Y   0.99999 0.00001 0.00000 0.00000 ( 1)
  65 R   0.98724 0.01116 0.00095 0.00065 ( 1)
  66 I   0.95964 0.03530 0.00301 0.00205 ( 1)
  67 G   0.99996 0.00003 0.00000 0.00000 ( 1)
  68 F   0.00120 0.87353 0.07456 0.05071 ( 2)
  69 R   0.99823 0.00155 0.00013 0.00009 ( 1)
  70 Y   0.99915 0.00074 0.00006 0.00004 ( 1)
  71 A   1.00000 0.00000 0.00000 0.00000 ( 1)
  72 S   0.99712 0.00252 0.00021 0.00015 ( 1)
  73 T   0.99997 0.00002 0.00000 0.00000 ( 1)
  74 V   0.76363 0.20672 0.01764 0.01200 ( 1)
  75 D   0.96286 0.03248 0.00277 0.00189 ( 1)
  76 F   0.39682 0.52753 0.04503 0.03062 ( 2)
  77 D   0.00000 0.87458 0.07465 0.05077 ( 2)
  78 F   0.77420 0.19748 0.01686 0.01146 ( 1)
  79 F   0.00000 0.87458 0.07465 0.05077 ( 2)
  80 V   0.38677 0.53632 0.04578 0.03113 ( 2)
  81 S   0.00000 0.87458 0.07465 0.05077 ( 2)
  82 R   0.00541 0.86985 0.07425 0.05049 ( 2)
  83 G   0.04971 0.83110 0.07094 0.04825 ( 2)
  84 G   0.00082 0.87386 0.07459 0.05073 ( 2)
  85 T   0.00109 0.87363 0.07457 0.05071 ( 2)
  86 T   0.00233 0.87254 0.07448 0.05065 ( 2)
  87 -   0.71508 0.24919 0.02127 0.01447 ( 1)
  88 -   0.05013 0.83074 0.07091 0.04822 ( 2)
  89 V   0.63260 0.32133 0.02743 0.01865 ( 1)
  90 N   0.39851 0.52606 0.04490 0.03054 ( 2)
  91 N   0.00001 0.87457 0.07465 0.05077 ( 2)
  92 F   0.00757 0.86796 0.07408 0.05039 ( 2)
  93 R   0.00010 0.87450 0.07464 0.05076 ( 2)
  94 F   0.13965 0.75245 0.06423 0.04368 ( 2)
  95 L   0.00000 0.87458 0.07465 0.05077 ( 2)
  96 R   0.01328 0.86296 0.07366 0.05009 ( 2)
  97 T   1.00000 0.00000 0.00000 0.00000 ( 1)
  98 M   1.00000 0.00000 0.00000 0.00000 ( 1)
  99 N   0.03095 0.84751 0.07234 0.04920 ( 2)
 100 S   0.00516 0.87007 0.07426 0.05051 ( 2)
 101 G   0.99170 0.00726 0.00062 0.00042 ( 1)
 102 D   0.00001 0.87457 0.07465 0.05077 ( 2)
 103 E   0.72446 0.24099 0.02057 0.01399 ( 1)
 104 L   0.95277 0.04130 0.00353 0.00240 ( 1)
 105 K   0.01966 0.85739 0.07318 0.04977 ( 2)
 106 Y   0.95513 0.03924 0.00335 0.00228 ( 1)
 107 G   0.24233 0.66264 0.05656 0.03847 ( 2)
 108 N   0.12383 0.76628 0.06541 0.04448 ( 2)
 109 F   0.99991 0.00007 0.00001 0.00000 ( 1)
 110 V   0.00047 0.87417 0.07461 0.05075 ( 2)
 111 R   0.99694 0.00268 0.00023 0.00016 ( 1)
 112 R   0.00009 0.87450 0.07464 0.05076 ( 2)
 113 A   0.70668 0.25654 0.02190 0.01489 ( 1)
 114 F   0.99711 0.00253 0.00022 0.00015 ( 1)
 115 T   0.37423 0.54728 0.04671 0.03177 ( 2)
 116 T   0.99525 0.00415 0.00035 0.00024 ( 1)
 117 -   0.56255 0.38259 0.03266 0.02221 ( 1)
 118 -   0.56255 0.38259 0.03266 0.02221 ( 1)
 119 -   0.56255 0.38259 0.03266 0.02221 ( 1)
 120 -   0.56255 0.38259 0.03266 0.02221 ( 1)
 121 -   0.56255 0.38259 0.03266 0.02221 ( 1)
 122 -   0.56255 0.38259 0.03266 0.02221 ( 1)
 123 P   0.20345 0.69665 0.05946 0.04044 ( 2)
 124 F   0.99995 0.00005 0.00000 0.00000 ( 1)
 125 T   0.00007 0.87452 0.07464 0.05077 ( 2)
 126 F   0.94042 0.05211 0.00445 0.00302 ( 1)
 127 T   0.00157 0.87321 0.07453 0.05069 ( 2)
 128 Q   0.01990 0.85717 0.07316 0.04976 ( 2)
 129 I   0.00008 0.87451 0.07464 0.05076 ( 2)
 130 Q   0.33842 0.57860 0.04939 0.03359 ( 2)
 131 D   0.15900 0.73552 0.06278 0.04270 ( 2)
 132 I   0.00125 0.87349 0.07456 0.05071 ( 2)
 133 I   0.95592 0.03855 0.00329 0.00224 ( 1)
 134 R   0.65218 0.30420 0.02596 0.01766 ( 1)
 135 T   0.00064 0.87402 0.07460 0.05074 ( 2)
 136 S   0.00024 0.87437 0.07463 0.05076 ( 2)
 137 I   0.10718 0.78084 0.06665 0.04533 ( 2)
 138 Q   0.00000 0.87458 0.07465 0.05077 ( 2)
 139 G   0.00022 0.87439 0.07463 0.05076 ( 2)
 140 L   0.96432 0.03121 0.00266 0.00181 ( 1)
 141 S   0.67929 0.28049 0.02394 0.01628 ( 1)
 142 G   0.00024 0.87437 0.07463 0.05076 ( 2)
 143 N   0.82257 0.15517 0.01324 0.00901 ( 1)
 144 G   0.00003 0.87455 0.07465 0.05077 ( 2)
 145 E   0.99355 0.00564 0.00048 0.00033 ( 1)
 146 V   0.93565 0.05628 0.00480 0.00327 ( 1)
 147 Y   0.99990 0.00009 0.00001 0.00001 ( 1)
 148 I   0.25191 0.65426 0.05584 0.03798 ( 2)
 149 D   1.00000 0.00000 0.00000 0.00000 ( 1)
 150 K   0.99927 0.00064 0.00005 0.00004 ( 1)
 151 I   0.99955 0.00040 0.00003 0.00002 ( 1)
 152 E   1.00000 0.00000 0.00000 0.00000 ( 1)
 153 I   0.99383 0.00539 0.00046 0.00031 ( 1)
 154 I   0.97194 0.02454 0.00209 0.00142 ( 1)
 155 P   0.98949 0.00919 0.00078 0.00053 ( 1)


lnL = -5323.003659

Bayes Empirical Bayes (BEB) probabilities for 4 classes (class)
(amino acids refer to 1st sequence: BT_Cry1Ba1)

   1 -   0.53223 0.43076 0.02053 0.01649 ( 1)
   2 -   0.53223 0.43076 0.02053 0.01649 ( 1)
   3 -   0.53223 0.43076 0.02053 0.01649 ( 1)
   4 -   0.53223 0.43076 0.02053 0.01649 ( 1)
   5 -   0.53223 0.43076 0.02053 0.01649 ( 1)
   6 -   0.90206 0.09506 0.00160 0.00128 ( 1)
   7 -   0.89967 0.09853 0.00100 0.00080 ( 1)
   8 -   0.37302 0.61859 0.00470 0.00368 ( 2)
   9 -   0.99727 0.00272 0.00000 0.00000 ( 1)
  10 R   0.98915 0.01083 0.00001 0.00000 ( 1)
  11 I   1.00000 0.00000 0.00000 0.00000 ( 1)
  12 T   1.00000 0.00000 0.00000 0.00000 ( 1)
  13 Q   0.99869 0.00131 0.00000 0.00000 ( 1)
  14 I   0.97532 0.02460 0.00005 0.00004 ( 1)
  15 P   0.99999 0.00001 0.00000 0.00000 ( 1)
  16 M   0.00007 0.93667 0.03560 0.02766 ( 2)
  17 V   0.99840 0.00160 0.00000 0.00000 ( 1)
  18 K   0.99995 0.00005 0.00000 0.00000 ( 1)
  19 A   0.99933 0.00067 0.00000 0.00000 ( 1)
  20 S   0.00014 0.97160 0.01594 0.01232 ( 2)
  21 E   0.00497 0.98669 0.00471 0.00363 ( 2)
  22 L   0.01656 0.97456 0.00501 0.00387 ( 2)
  23 P   0.00000 0.61920 0.21181 0.16900 ( 2)
  24 Q   0.00002 0.91673 0.04676 0.03649 ( 2)
  25 G   0.99999 0.00001 0.00000 0.00000 ( 1)
  26 T   0.10878 0.88208 0.00515 0.00399 ( 2)
  27 T   0.05357 0.94023 0.00350 0.00270 ( 2)
  28 V   0.31565 0.67989 0.00250 0.00195 ( 2)
  29 V   0.99965 0.00035 0.00000 0.00000 ( 1)
  30 R   0.05211 0.94469 0.00181 0.00139 ( 2)
  31 G   0.99996 0.00004 0.00000 0.00000 ( 1)
  32 P   0.99998 0.00002 0.00000 0.00000 ( 1)
  33 G   0.99996 0.00004 0.00000 0.00000 ( 1)
  34 F   1.00000 0.00000 0.00000 0.00000 ( 1)
  35 T   1.00000 0.00000 0.00000 0.00000 ( 1)
  36 G   1.00000 0.00000 0.00000 0.00000 ( 1)
  37 G   0.99882 0.00118 0.00000 0.00000 ( 1)
  38 D   0.99994 0.00006 0.00000 0.00000 ( 1)
  39 I   0.99758 0.00242 0.00000 0.00000 ( 1)
  40 L   0.99358 0.00641 0.00001 0.00000 ( 1)
  41 R   0.94039 0.05938 0.00013 0.00010 ( 1)
  42 R   0.99976 0.00024 0.00000 0.00000 ( 1)
  43 T   0.99914 0.00085 0.00000 0.00000 ( 1)
  44 N   0.00000 0.85538 0.08103 0.06358 ( 2)
  45 T   0.00001 0.96267 0.02104 0.01628 ( 2)
  46 -   0.69368 0.29324 0.00728 0.00581 ( 1)
  47 G   0.99998 0.00002 0.00000 0.00000 ( 1)
  48 G   0.00020 0.97317 0.01501 0.01162 ( 2)
  49 F   0.04395 0.95021 0.00330 0.00255 ( 2)
  50 G   0.99261 0.00738 0.00000 0.00000 ( 1)
  51 P   0.00807 0.98353 0.00474 0.00366 ( 2)
  52 I   0.99955 0.00045 0.00000 0.00000 ( 1)
  53 R   0.99987 0.00013 0.00000 0.00000 ( 1)
  54 V   0.99883 0.00117 0.00000 0.00000 ( 1)
  55 T   0.00795 0.97365 0.01038 0.00802 ( 2)
  56 V   0.89940 0.10047 0.00008 0.00006 ( 1)
  57 N   0.02286 0.97331 0.00216 0.00167 ( 2)
  58 G   0.00001 0.90633 0.05258 0.04108 ( 2)
  59 P   0.43258 0.56480 0.00147 0.00115 ( 2)
  60 L   0.97217 0.02779 0.00002 0.00002 ( 1)
  61 T   0.95535 0.04455 0.00006 0.00004 ( 1)
  62 Q   0.99991 0.00009 0.00000 0.00000 ( 1)
  63 R   0.22514 0.77001 0.00273 0.00212 ( 2)
  64 Y   0.99999 0.00001 0.00000 0.00000 ( 1)
  65 R   0.98810 0.01184 0.00004 0.00003 ( 1)
  66 I   0.94497 0.05487 0.00009 0.00007 ( 1)
  67 G   0.99997 0.00003 0.00000 0.00000 ( 1)
  68 F   0.00049 0.97534 0.01364 0.01053 ( 2)
  69 R   0.99812 0.00187 0.00000 0.00000 ( 1)
  70 Y   0.99913 0.00087 0.00000 0.00000 ( 1)
  71 A   1.00000 0.00000 0.00000 0.00000 ( 1)
  72 S   0.99720 0.00279 0.00000 0.00000 ( 1)
  73 T   0.99998 0.00002 0.00000 0.00000 ( 1)
  74 V   0.65660 0.34220 0.00067 0.00053 ( 1)
  75 D   0.93688 0.06308 0.00002 0.00002 ( 1)
  76 F   0.27241 0.72425 0.00188 0.00146 ( 2)
  77 D   0.00000 0.87766 0.06869 0.05365 ( 2)
  78 F   0.70901 0.28915 0.00103 0.00081 ( 1)
  79 F   0.00000 0.94176 0.03280 0.02544 ( 2)
  80 V   0.26481 0.73113 0.00228 0.00178 ( 2)
  81 S   0.00000 0.48508 0.28569 0.22923 ( 2)
  82 R   0.00236 0.98441 0.00747 0.00576 ( 2)
  83 G   0.02377 0.96878 0.00420 0.00324 ( 2)
  84 G   0.00030 0.98534 0.00811 0.00626 ( 2)
  85 T   0.00040 0.98406 0.00877 0.00677 ( 2)
  86 T   0.00088 0.98471 0.00814 0.00628 ( 2)
  87 -   0.70097 0.28629 0.00708 0.00566 ( 1)
  88 -   0.02997 0.76136 0.11570 0.09297 ( 2)
  89 V   0.48438 0.51408 0.00086 0.00067 ( 2)
  90 N   0.23797 0.76084 0.00067 0.00052 ( 2)
  91 N   0.00000 0.94580 0.03051 0.02369 ( 2)
  92 F   0.00327 0.98688 0.00556 0.00429 ( 2)
  93 R   0.00003 0.97481 0.01419 0.01096 ( 2)
  94 F   0.08674 0.90594 0.00413 0.00319 ( 2)
  95 L   0.00000 0.91529 0.04762 0.03709 ( 2)
  96 R   0.00555 0.98580 0.00489 0.00377 ( 2)
  97 T   1.00000 0.00000 0.00000 0.00000 ( 1)
  98 M   1.00000 0.00000 0.00000 0.00000 ( 1)
  99 N   0.01416 0.97888 0.00393 0.00303 ( 2)
 100 S   0.00209 0.98626 0.00658 0.00507 ( 2)
 101 G   0.99003 0.00996 0.00001 0.00001 ( 1)
 102 D   0.00000 0.82886 0.09576 0.07538 ( 2)
 103 E   0.60506 0.39413 0.00045 0.00035 ( 1)
 104 L   0.94135 0.05847 0.00010 0.00008 ( 1)
 105 K   0.00826 0.98466 0.00400 0.00308 ( 2)
 106 Y   0.94821 0.05162 0.00009 0.00007 ( 1)
 107 G   0.13057 0.86751 0.00108 0.00084 ( 2)
 108 N   0.07718 0.90989 0.00729 0.00564 ( 2)
 109 F   0.99992 0.00008 0.00000 0.00000 ( 1)
 110 V   0.00017 0.97249 0.01542 0.01192 ( 2)
 111 R   0.99622 0.00378 0.00000 0.00000 ( 1)
 112 R   0.00003 0.96736 0.01839 0.01422 ( 2)
 113 A   0.63680 0.36158 0.00091 0.00071 ( 1)
 114 F   0.99651 0.00349 0.00000 0.00000 ( 1)
 115 T   0.24078 0.75480 0.00248 0.00193 ( 2)
 116 T   0.99411 0.00589 0.00000 0.00000 ( 1)
 117 -   0.53223 0.43076 0.02053 0.01649 ( 1)
 118 -   0.53223 0.43076 0.02053 0.01649 ( 1)
 119 -   0.53223 0.43076 0.02053 0.01649 ( 1)
 120 -   0.53223 0.43076 0.02053 0.01649 ( 1)
 121 -   0.53223 0.43076 0.02053 0.01649 ( 1)
 122 -   0.53223 0.43076 0.02053 0.01649 ( 1)
 123 P   0.11398 0.88330 0.00153 0.00119 ( 2)
 124 F   0.99995 0.00005 0.00000 0.00000 ( 1)
 125 T   0.00002 0.96888 0.01753 0.01356 ( 2)
 126 F   0.91101 0.08890 0.00005 0.00004 ( 1)
 127 T   0.00061 0.96682 0.01835 0.01422 ( 2)
 128 Q   0.00947 0.98047 0.00568 0.00438 ( 2)
 129 I   0.00003 0.96456 0.01995 0.01546 ( 2)
 130 Q   0.23574 0.76077 0.00197 0.00153 ( 2)
 131 D   0.08086 0.91637 0.00156 0.00121 ( 2)
 132 I   0.00046 0.97527 0.01368 0.01059 ( 2)
 133 I   0.94132 0.05854 0.00008 0.00006 ( 1)
 134 R   0.56300 0.43390 0.00173 0.00136 ( 1)
 135 T   0.00025 0.95995 0.02243 0.01737 ( 2)
 136 S   0.00008 0.97814 0.01229 0.00949 ( 2)
 137 I   0.05508 0.93848 0.00363 0.00281 ( 2)
 138 Q   0.00000 0.83354 0.09318 0.07328 ( 2)
 139 G   0.00008 0.96516 0.01959 0.01517 ( 2)
 140 L   0.94779 0.05216 0.00003 0.00002 ( 1)
 141 S   0.57627 0.42175 0.00111 0.00088 ( 1)
 142 G   0.00008 0.96429 0.02007 0.01556 ( 2)
 143 N   0.73317 0.26628 0.00031 0.00024 ( 1)
 144 G   0.00001 0.94007 0.03373 0.02619 ( 2)
 145 E   0.99178 0.00821 0.00000 0.00000 ( 1)
 146 V   0.91968 0.08009 0.00013 0.00010 ( 1)
 147 Y   0.99991 0.00009 0.00000 0.00000 ( 1)
 148 I   0.14864 0.84751 0.00217 0.00168 ( 2)
 149 D   1.00000 0.00000 0.00000 0.00000 ( 1)
 150 K   0.99912 0.00087 0.00000 0.00000 ( 1)
 151 I   0.99953 0.00047 0.00000 0.00000 ( 1)
 152 E   1.00000 0.00000 0.00000 0.00000 ( 1)
 153 I   0.99329 0.00670 0.00001 0.00000 ( 1)
 154 I   0.96588 0.03404 0.00004 0.00004 ( 1)
 155 P   0.99020 0.00975 0.00003 0.00002 ( 1)

