Supplemental results for CODEML (seqf: algn  treef: tree)


dN/dS (w) for site classes (K=4)

site class             0        1       2a       2b
proportion       0.49991  0.12158  0.30447  0.07405
background w     0.08586  1.00000  0.08586  1.00000
foreground w     0.08586  1.00000  1.00000  1.00000

Naive Empirical Bayes (NEB) probabilities for 4 classes
(amino acids refer to 1st sequence: BT_Cry1Fa1)

   1 -   0.58994 0.03154 0.35931 0.01921 ( 1)
   2 -   0.14954 0.47194 0.09108 0.28744 ( 2)
   3 -   0.37767 0.24381 0.23002 0.14849 ( 1)
   4 -   0.62144 0.00004 0.37849 0.00002 ( 1)
   5 R   0.70040 0.06833 0.18966 0.04162 ( 1)
   6 I   0.88149 0.00002 0.11848 0.00001 ( 1)
   7 T   0.88123 0.00030 0.11829 0.00018 ( 1)
   8 Q   0.79000 0.00033 0.20947 0.00020 ( 1)
   9 I   0.28910 0.00015 0.71067 0.00009 ( 3)
  10 P   0.83959 0.00009 0.16027 0.00005 ( 1)
  11 L   0.80757 0.03641 0.13384 0.02218 ( 1)
  12 V   0.77993 0.00005 0.22000 0.00003 ( 1)
  13 K   0.84661 0.00015 0.15314 0.00009 ( 1)
  14 A   0.87046 0.00069 0.12843 0.00042 ( 1)
  15 H   0.34392 0.00052 0.65524 0.00032 ( 3)
  16 T   0.25740 0.00085 0.74123 0.00052 ( 3)
  17 L   0.65184 0.08315 0.21438 0.05064 ( 1)
  18 Q   0.00085 0.60806 0.02075 0.37034 ( 2)
  19 S   0.81239 0.00127 0.18557 0.00077 ( 1)
  20 G   0.82243 0.00006 0.17747 0.00004 ( 1)
  21 T   0.45980 0.00131 0.53809 0.00080 ( 3)
  22 T   0.23379 0.00541 0.75750 0.00330 ( 3)
  23 V   0.43865 0.00008 0.56122 0.00005 ( 3)
  24 V   0.87437 0.00191 0.12257 0.00116 ( 1)
  25 R   0.00088 0.62013 0.00130 0.37769 ( 2)
  26 G   0.88127 0.00003 0.11868 0.00002 ( 1)
  27 P   0.82513 0.01198 0.15559 0.00730 ( 1)
  28 G   0.84414 0.00041 0.15520 0.00025 ( 1)
  29 F   0.79035 0.00002 0.20962 0.00001 ( 1)
  30 T   0.86657 0.00005 0.13335 0.00003 ( 1)
  31 G   0.85462 0.00002 0.14535 0.00001 ( 1)
  32 G   0.85079 0.00004 0.14913 0.00003 ( 1)
  33 D   0.87282 0.00025 0.12678 0.00015 ( 1)
  34 I   0.25298 0.01017 0.73066 0.00619 ( 3)
  35 L   0.80342 0.00409 0.19000 0.00249 ( 1)
  36 -   0.51292 0.11841 0.29655 0.07212 ( 1)
  37 R   0.00843 0.54021 0.12235 0.32902 ( 2)
  38 R   0.39291 0.00023 0.60672 0.00014 ( 3)
  39 T   0.04267 0.00743 0.94537 0.00453 ( 3)
  40 S   0.02690 0.00065 0.97205 0.00040 ( 3)
  41 G   0.27053 0.42523 0.04525 0.25899 ( 2)
  42 G   0.06650 0.00019 0.93319 0.00012 ( 3)
  43 P   0.10574 0.39414 0.26007 0.24005 ( 2)
  44 F   0.33896 0.09712 0.50478 0.05915 ( 3)
  45 A   0.88708 0.00009 0.11278 0.00005 ( 1)
  46 Y   0.00260 0.57867 0.06628 0.35244 ( 2)
  47 T   0.00709 0.59927 0.02865 0.36499 ( 2)
  48 I   0.00581 0.60678 0.01785 0.36956 ( 2)
  49 V   0.86529 0.00004 0.13465 0.00002 ( 1)
  50 N   0.72741 0.06091 0.17458 0.03710 ( 1)
  51 I   0.17082 0.28925 0.36377 0.17617 ( 3)
  52 N   0.83928 0.03329 0.10715 0.02028 ( 1)
  53 G   0.00001 0.62148 0.00000 0.37851 ( 2)
  54 -   0.54576 0.11043 0.27655 0.06726 ( 1)
  55 Q   0.00003 0.62141 0.00008 0.37847 ( 2)
  56 L   0.73623 0.00090 0.26231 0.00055 ( 1)
  57 P   0.27508 0.01269 0.70451 0.00773 ( 3)
  58 Q   0.79626 0.00019 0.20344 0.00011 ( 1)
  59 R   0.74894 0.00100 0.24945 0.00061 ( 1)
  60 Y   0.84963 0.00002 0.15033 0.00002 ( 1)
  61 R   0.80169 0.00697 0.18710 0.00424 ( 1)
  62 A   0.66316 0.00422 0.33005 0.00257 ( 1)
  63 R   0.87642 0.00001 0.12357 0.00000 ( 1)
  64 I   0.87863 0.00015 0.12113 0.00009 ( 1)
  65 R   0.67907 0.00582 0.31157 0.00355 ( 1)
  66 Y   0.84730 0.00007 0.15260 0.00004 ( 1)
  67 A   0.85468 0.02079 0.11187 0.01266 ( 1)
  68 S   0.85400 0.00002 0.14597 0.00001 ( 1)
  69 T   0.78319 0.00003 0.21676 0.00002 ( 1)
  70 T   0.88097 0.00002 0.11900 0.00001 ( 1)
  71 N   0.76498 0.00255 0.23091 0.00155 ( 1)
  72 L   0.65828 0.10914 0.16611 0.06647 ( 1)
  73 R   0.74136 0.00053 0.25778 0.00033 ( 1)
  74 I   0.60683 0.17181 0.11671 0.10464 ( 1)
  75 Y   0.66307 0.10597 0.16641 0.06454 ( 1)
  76 V   0.61536 0.13369 0.16952 0.08143 ( 1)
  77 T   0.02474 0.01885 0.94493 0.01148 ( 3)
  78 V   0.09919 0.41947 0.22585 0.25548 ( 2)
  79 A   0.81337 0.00097 0.18507 0.00059 ( 1)
  80 G   0.01245 0.00056 0.98665 0.00034 ( 3)
  81 E   0.00196 0.61987 0.00063 0.37754 ( 2)
  82 R   0.03379 0.00177 0.96335 0.00108 ( 3)
  83 I   0.32312 0.00232 0.67314 0.00142 ( 3)
  84 F   0.03687 0.00383 0.95696 0.00233 ( 3)
  85 A   0.27981 0.00306 0.71527 0.00187 ( 3)
  86 G   0.63059 0.09644 0.21423 0.05874 ( 1)
  87 Q   0.00142 0.61677 0.00616 0.37565 ( 2)
  88 F   0.43360 0.01437 0.54328 0.00875 ( 3)
  89 N   0.88630 0.00435 0.10671 0.00265 ( 1)
  90 K   0.87507 0.00001 0.12491 0.00001 ( 1)
  91 T   0.86368 0.00004 0.13625 0.00003 ( 1)
  92 M   0.87927 0.00021 0.12040 0.00012 ( 1)
  93 D   0.73217 0.10138 0.10471 0.06174 ( 1)
  94 T   0.28820 0.04573 0.63822 0.02785 ( 3)
  95 G   0.39156 0.00923 0.59360 0.00562 ( 3)
  96 D   0.02309 0.57369 0.05382 0.34941 ( 2)
  97 P   0.04598 0.56984 0.03711 0.34707 ( 2)
  98 L   0.80491 0.00303 0.19021 0.00184 ( 1)
  99 T   0.86773 0.00047 0.13151 0.00029 ( 1)
 100 F   0.57804 0.01541 0.39716 0.00939 ( 1)
 101 Q   0.32090 0.27639 0.23438 0.16833 ( 1)
 102 S   0.68462 0.00278 0.31090 0.00169 ( 1)
 103 F   0.87999 0.00010 0.11985 0.00006 ( 1)
 104 S   0.27483 0.40349 0.07593 0.24575 ( 2)
 105 Y   0.00213 0.61415 0.00968 0.37405 ( 2)
 106 A   0.87227 0.00027 0.12730 0.00016 ( 1)
 107 T   0.88046 0.00002 0.11951 0.00001 ( 1)
 108 I   0.05085 0.00019 0.94885 0.00011 ( 3)
 109 N   0.00205 0.61979 0.00067 0.37749 ( 2)
 110 T   0.31205 0.00417 0.68124 0.00254 ( 3)
 111 A   0.06935 0.02104 0.89679 0.01282 ( 3)
 112 F   0.03497 0.00016 0.96477 0.00010 ( 3)
 113 T   0.03020 0.00042 0.96912 0.00026 ( 3)
 114 F   0.75913 0.00021 0.24052 0.00013 ( 1)
 115 P   0.35902 0.33211 0.10660 0.20227 ( 1)
 116 M   0.00020 0.61951 0.00298 0.37731 ( 2)
 117 S   0.00002 0.62146 0.00002 0.37850 ( 2)
 118 Q   0.00000 0.62148 0.00000 0.37852 ( 2)
 119 S   0.50733 0.00762 0.48042 0.00464 ( 1)
 120 S   0.00202 0.01139 0.97965 0.00694 ( 3)
 121 F   0.02323 0.37476 0.37375 0.22825 ( 2)
 122 T   0.37016 0.00022 0.62948 0.00014 ( 3)
 123 V   0.41819 0.00134 0.57966 0.00081 ( 3)
 124 G   0.85941 0.00001 0.14058 0.00000 ( 1)
 125 A   0.87171 0.00017 0.12801 0.00010 ( 1)
 126 D   0.39484 0.00002 0.60512 0.00001 ( 3)
 127 T   0.05914 0.57384 0.01752 0.34950 ( 2)
 128 F   0.77321 0.00006 0.22670 0.00004 ( 1)
 129 S   0.00707 0.61442 0.00429 0.37422 ( 2)
 130 S   0.81920 0.02264 0.14438 0.01379 ( 1)
 131 G   0.06302 0.01791 0.90816 0.01091 ( 3)
 132 N   0.81157 0.03409 0.13357 0.02076 ( 1)
 133 E   0.40854 0.00156 0.58894 0.00095 ( 3)
 134 V   0.29639 0.00018 0.70333 0.00011 ( 3)
 135 Y   0.84963 0.00002 0.15033 0.00002 ( 1)
 136 I   0.65806 0.09945 0.18193 0.06057 ( 1)
 137 D   0.89490 0.00001 0.10509 0.00000 ( 1)
 138 R   0.76471 0.00408 0.22873 0.00248 ( 1)
 139 F   0.19963 0.03485 0.74429 0.02123 ( 3)
 140 E   0.87465 0.00001 0.12534 0.00001 ( 1)
 141 L   0.27957 0.31946 0.20640 0.19457 ( 2)
 142 I   0.76567 0.00047 0.23357 0.00029 ( 1)
 143 P   0.49991 0.12158 0.30447 0.07405 ( 1)


lnL = -2510.586252

