Supplemental results for CODEML (seqf: algn  treef: tree)


dN/dS (w) for site classes (K=4)

site class             0        1       2a       2b
proportion       0.55117  0.21366  0.16947  0.06570
background w     0.21410  1.00000  0.21410  1.00000
foreground w     0.21410  1.00000  1.00000  1.00000

Naive Empirical Bayes (NEB) probabilities for 4 classes
(amino acids refer to 1st sequence: BT_Cry1A-like)

   1 W   0.64593 0.12707 0.18793 0.03907 ( 1)
   2 -   0.78342 0.00064 0.21574 0.00020 ( 1)
   3 -   0.54753 0.23337 0.14734 0.07175 ( 1)
   4 -   0.73222 0.05036 0.20194 0.01548 ( 1)
   5 -   0.77542 0.00519 0.21779 0.00160 ( 1)
   6 -   0.76861 0.00483 0.22508 0.00148 ( 1)
   7 -   0.78343 0.00063 0.21574 0.00019 ( 1)
   8 -   0.76959 0.01336 0.21293 0.00411 ( 1)
   9 -   0.78335 0.00045 0.21606 0.00014 ( 1)
  10 -   0.78775 0.00023 0.21194 0.00007 ( 1)
  11 -   0.76916 0.01374 0.21288 0.00422 ( 1)
  12 -   0.78324 0.00082 0.21569 0.00025 ( 1)
  13 -   0.56768 0.20133 0.16909 0.06190 ( 1)
  14 -   0.78062 0.00096 0.21813 0.00030 ( 1)
  15 -   0.78265 0.00067 0.21647 0.00021 ( 1)
  16 -   0.09464 0.67141 0.02751 0.20644 ( 2)
  17 -   0.78335 0.00045 0.21606 0.00014 ( 1)
  18 -   0.76773 0.01913 0.20725 0.00588 ( 1)
  19 -   0.78199 0.00122 0.21642 0.00037 ( 1)
  20 -   0.78209 0.00112 0.21645 0.00034 ( 1)
  21 -   0.78338 0.00047 0.21601 0.00014 ( 1)
  22 -   0.55117 0.21366 0.16947 0.06570 ( 1)
  23 -   0.14860 0.13685 0.67248 0.04208 ( 3)
  24 -   0.78702 0.00094 0.21175 0.00029 ( 1)
  25 -   0.38809 0.09062 0.49342 0.02786 ( 3)
  26 -   0.12724 0.55337 0.14924 0.17015 ( 2)
  27 -   0.00008 0.76470 0.00009 0.23513 ( 2)
  28 -   0.71777 0.06986 0.19090 0.02148 ( 1)
  29 -   0.04037 0.69553 0.05024 0.21386 ( 2)
  30 -   0.49585 0.28354 0.13342 0.08718 ( 1)
  31 -   0.78139 0.00240 0.21546 0.00074 ( 1)
  32 -   0.05145 0.71382 0.01525 0.21948 ( 2)
  33 -   0.00487 0.75638 0.00618 0.23257 ( 2)
  34 -   0.44862 0.02292 0.52141 0.00705 ( 3)
  35 -   0.78335 0.00045 0.21606 0.00014 ( 1)
  36 -   0.00205 0.76140 0.00244 0.23411 ( 2)
  37 -   0.55117 0.21366 0.16947 0.06570 ( 1)
  38 -   0.10366 0.66235 0.03033 0.20366 ( 2)
  39 -   0.38584 0.08505 0.50296 0.02615 ( 3)
  40 -   0.77086 0.00508 0.22250 0.00156 ( 1)
  41 S   0.69634 0.07746 0.20238 0.02382 ( 1)
  42 P   0.78117 0.00041 0.21828 0.00013 ( 1)
  43 H   0.78584 0.00007 0.21406 0.00002 ( 1)
  44 L   0.77936 0.00457 0.21467 0.00141 ( 1)
  45 W   0.77884 0.00463 0.21511 0.00142 ( 1)
  46 I   0.76722 0.00699 0.22363 0.00215 ( 1)
  47 Y   0.25825 0.50968 0.07536 0.15671 ( 2)
  48 L   0.78684 0.00067 0.21229 0.00021 ( 1)
  49 N   0.77448 0.00103 0.22417 0.00032 ( 1)
  50 Q   0.02424 0.74077 0.00722 0.22777 ( 2)
  51 D   0.76232 0.02075 0.21055 0.00638 ( 1)
  52 N   0.04677 0.71549 0.01774 0.21999 ( 2)
  53 H   0.70751 0.07425 0.19541 0.02283 ( 1)
  54 L   0.77506 0.00798 0.21451 0.00245 ( 1)
  55 T   0.77504 0.00813 0.21434 0.00250 ( 1)
  56 D   0.47403 0.29870 0.13543 0.09184 ( 1)
  57 V   0.12716 0.64140 0.03422 0.19722 ( 2)
  58 H   0.77300 0.01637 0.20559 0.00503 ( 1)
  59 R   0.76698 0.01591 0.21221 0.00489 ( 1)
  60 G   0.67287 0.09697 0.20035 0.02982 ( 1)
  61 F   0.00991 0.75517 0.00273 0.23219 ( 2)
  62 N   0.13896 0.58179 0.10036 0.17889 ( 2)
  63 Y   0.77738 0.00572 0.21515 0.00176 ( 1)
  64 W   0.69791 0.07434 0.20490 0.02286 ( 1)
  65 S   0.72829 0.04867 0.20807 0.01497 ( 1)
  66 G   0.77444 0.00541 0.21848 0.00166 ( 1)
  67 H   0.76358 0.01996 0.21032 0.00614 ( 1)
  68 Q   0.77428 0.00930 0.21356 0.00286 ( 1)
  69 I   0.78074 0.00277 0.21564 0.00085 ( 1)
  70 I   0.50945 0.26102 0.14928 0.08026 ( 1)
  71 A   0.76520 0.01948 0.20933 0.00599 ( 1)
  72 S   0.56968 0.20874 0.15740 0.06418 ( 1)
  73 P   0.07557 0.67992 0.03545 0.20906 ( 2)
  74 V   0.71088 0.07341 0.19314 0.02257 ( 1)
  75 G   0.76066 0.00417 0.23388 0.00128 ( 1)
  76 F   0.76442 0.00041 0.23504 0.00013 ( 1)
  77 Q   0.00036 0.76420 0.00047 0.23497 ( 2)
  78 D   0.75577 0.02372 0.21322 0.00729 ( 1)
  79 P   0.32485 0.19652 0.41820 0.06043 ( 3)
  80 E   0.75843 0.02184 0.21302 0.00671 ( 1)
  81 F   0.06076 0.70421 0.01849 0.21653 ( 2)
  82 A   0.05315 0.71257 0.01518 0.21910 ( 2)
  83 F   0.77253 0.00156 0.22543 0.00048 ( 1)
  84 P   0.77829 0.00521 0.21489 0.00160 ( 1)
  85 L   0.32272 0.44760 0.09205 0.13763 ( 2)
  86 F   0.00312 0.76175 0.00091 0.23422 ( 2)
  87 G   0.76837 0.00392 0.22651 0.00120 ( 1)
  88 N   0.17466 0.59496 0.04744 0.18294 ( 2)
  89 A   0.00000 0.76483 0.00000 0.23517 ( 2)
  90 G   0.75189 0.02023 0.22166 0.00622 ( 1)
  91 N   0.75180 0.03643 0.20058 0.01120 ( 1)
  92 A   0.49704 0.27604 0.14205 0.08487 ( 1)
  93 A   0.78030 0.00478 0.21345 0.00147 ( 1)
  94 P   0.77570 0.00577 0.21675 0.00177 ( 1)
  95 P   0.68160 0.09785 0.19046 0.03009 ( 1)
  96 V   0.00020 0.76464 0.00006 0.23511 ( 2)
  97 R   0.68776 0.07707 0.21147 0.02370 ( 1)
  98 I   0.03917 0.69609 0.05070 0.21403 ( 2)
  99 V   0.29602 0.47663 0.08080 0.14655 ( 2)
 100 Y   0.00566 0.75931 0.00157 0.23347 ( 2)
 101 Q   0.00007 0.76472 0.00008 0.23513 ( 2)
 102 L   0.00022 0.76455 0.00015 0.23508 ( 2)
 103 G   0.73502 0.04713 0.20335 0.01449 ( 1)
 104 Q   0.04881 0.71667 0.01415 0.22036 ( 2)
 105 G   0.74038 0.03881 0.20888 0.01193 ( 1)
 106 V   0.60274 0.17981 0.16216 0.05529 ( 1)
 107 Y   0.59002 0.18867 0.16330 0.05801 ( 1)
 108 R   0.77772 0.00542 0.21518 0.00167 ( 1)
 109 T   0.74621 0.03913 0.20263 0.01203 ( 1)
 110 L   0.74819 0.02937 0.21341 0.00903 ( 1)
 111 S   0.62957 0.14059 0.18661 0.04323 ( 1)
 112 S   0.19602 0.57063 0.05789 0.17546 ( 2)
 113 T   0.61665 0.15798 0.17680 0.04857 ( 1)
 114 L   0.37773 0.39799 0.10191 0.12237 ( 2)
 115 Y   0.76961 0.01330 0.21300 0.00409 ( 1)
 116 E   0.07311 0.69294 0.02089 0.21306 ( 2)
 117 D   0.00228 0.76260 0.00063 0.23448 ( 2)
 118 L   0.62364 0.15615 0.17219 0.04801 ( 1)
 119 F   0.78633 0.00116 0.21215 0.00036 ( 1)
 120 I   0.25401 0.51522 0.07235 0.15842 ( 2)
 121 -   0.64832 0.11651 0.19934 0.03582 ( 1)
 122 R   0.02860 0.73624 0.00879 0.22637 ( 2)
 123 D   0.63900 0.12583 0.19648 0.03869 ( 1)
 124 K   0.55457 0.21026 0.17052 0.06465 ( 1)
 125 V   0.73178 0.03305 0.22500 0.01016 ( 1)
 126 I   0.74673 0.02360 0.22241 0.00726 ( 1)
 127 N   0.22537 0.54148 0.06667 0.16649 ( 2)
 128 T   0.00001 0.76483 0.00000 0.23517 ( 2)
 129 Y   0.50724 0.26299 0.14891 0.08086 ( 1)
 130 L   0.72432 0.05298 0.20641 0.01629 ( 1)
 131 F   0.61817 0.15865 0.17440 0.04878 ( 1)
 132 L   0.70411 0.08224 0.18836 0.02529 ( 1)
 133 A   0.34504 0.42468 0.09970 0.13058 ( 2)
 134 G   0.75131 0.02082 0.22147 0.00640 ( 1)
 135 S   0.01223 0.75290 0.00337 0.23150 ( 2)
 136 N   0.45366 0.32215 0.12513 0.09905 ( 1)
 137 L   0.78578 0.00169 0.21200 0.00052 ( 1)
 138 L   0.00104 0.76382 0.00028 0.23486 ( 2)
 139 M   0.44492 0.33274 0.12004 0.10231 ( 1)
 140 E   0.63267 0.14685 0.17533 0.04515 ( 1)
 141 P   0.00540 0.75956 0.00149 0.23355 ( 2)
 142 -   0.71777 0.06986 0.19090 0.02148 ( 1)
 143 -   0.34687 0.42692 0.09495 0.13127 ( 2)
 144 P   0.06172 0.70477 0.01681 0.21670 ( 2)
 145 H   0.00304 0.76187 0.00084 0.23426 ( 2)
 146 I   0.01243 0.75277 0.00335 0.23146 ( 2)
 147 C   0.00264 0.76222 0.00078 0.23436 ( 2)
 148 H   0.76923 0.01210 0.21495 0.00372 ( 1)
 149 P   0.66686 0.11413 0.18392 0.03509 ( 1)
 150 G   0.59494 0.18448 0.16386 0.05672 ( 1)
 151 R   0.05978 0.70670 0.01623 0.21729 ( 2)
 152 Y   0.45226 0.32314 0.12525 0.09936 ( 1)
 153 R   0.77799 0.00516 0.21526 0.00159 ( 1)
 154 K   0.76795 0.02120 0.20433 0.00652 ( 1)
 155 S   0.01455 0.75060 0.00405 0.23079 ( 2)
 156 G   0.77669 0.00320 0.21912 0.00098 ( 1)
 157 T   0.72075 0.06177 0.19848 0.01899 ( 1)
 158 V   0.78266 0.00066 0.21648 0.00020 ( 1)
 159 D   0.78792 0.00004 0.21203 0.00001 ( 1)
 160 S   0.77213 0.00556 0.22059 0.00171 ( 1)
 161 L   0.74545 0.03204 0.21266 0.00985 ( 1)
 162 D   0.77005 0.00099 0.22866 0.00030 ( 1)
 163 E   0.44578 0.32478 0.12957 0.09986 ( 1)
 164 I   0.78632 0.00012 0.21352 0.00004 ( 1)
 165 P   0.76287 0.00927 0.22501 0.00285 ( 1)
 166 H   0.71490 0.06527 0.19976 0.02007 ( 1)
 167 Q   0.76885 0.00715 0.22181 0.00220 ( 1)
 168 N   0.78670 0.00122 0.21170 0.00037 ( 1)
 169 N   0.65000 0.12880 0.18159 0.03960 ( 1)
 170 N   0.72921 0.04500 0.21195 0.01384 ( 1)
 171 V   0.77941 0.00383 0.21559 0.00118 ( 1)
 172 P   0.77159 0.00980 0.21560 0.00301 ( 1)
 173 P   0.76953 0.00267 0.22697 0.00082 ( 1)
 174 R   0.72542 0.04733 0.21270 0.01455 ( 1)
 175 Q   0.38038 0.38993 0.10979 0.11989 ( 2)
 176 G   0.77139 0.00094 0.22738 0.00029 ( 1)
 177 F   0.78040 0.00178 0.21727 0.00055 ( 1)
 178 S   0.78889 0.00005 0.21104 0.00002 ( 1)
 179 H   0.78584 0.00007 0.21406 0.00002 ( 1)
 180 R   0.74356 0.03381 0.21223 0.01040 ( 1)
 181 -   0.55117 0.21366 0.16947 0.06570 ( 1)
 182 L   0.77622 0.00182 0.22140 0.00056 ( 1)
 183 S   0.71732 0.06944 0.19189 0.02135 ( 1)
 184 H   0.77268 0.00060 0.22653 0.00019 ( 1)
 185 V   0.78543 0.00013 0.21440 0.00004 ( 1)
 186 S   0.74269 0.03039 0.21758 0.00934 ( 1)
 187 M   0.78345 0.00013 0.21639 0.00004 ( 1)
 188 F   0.38183 0.06982 0.52689 0.02147 ( 3)
 189 R   0.05972 0.70701 0.01589 0.21739 ( 2)
 190 S   0.42261 0.35514 0.11306 0.10920 ( 1)
 191 G   0.64325 0.12158 0.19778 0.03738 ( 1)
 192 F   0.72896 0.03587 0.22414 0.01103 ( 1)
 193 S   0.65729 0.10754 0.20210 0.03307 ( 1)
 194 N   0.74070 0.02414 0.22775 0.00742 ( 1)
 195 -   0.55117 0.21366 0.16947 0.06570 ( 1)
 196 S   0.75485 0.00999 0.23210 0.00307 ( 1)
 197 S   0.72647 0.03836 0.22337 0.01180 ( 1)
 198 V   0.76249 0.00235 0.23445 0.00072 ( 1)
 199 S   0.71099 0.05384 0.21861 0.01655 ( 1)
 200 I   0.67992 0.08491 0.20906 0.02611 ( 1)
 201 I   0.73861 0.02622 0.22711 0.00806 ( 1)
 202 R   0.75326 0.01158 0.23161 0.00356 ( 1)
 203 A   0.78216 0.00161 0.21574 0.00049 ( 1)
 204 P   0.78333 0.00030 0.21628 0.00009 ( 1)
 205 M   0.65604 0.12682 0.17815 0.03899 ( 1)
 206 F   0.23303 0.53459 0.06800 0.16437 ( 2)
 207 S   0.75804 0.01507 0.22226 0.00463 ( 1)
 208 W   0.68802 0.08412 0.20199 0.02586 ( 1)
 209 I   0.02881 0.73641 0.00836 0.22643 ( 2)
 210 -   0.73971 0.04497 0.20149 0.01383 ( 1)
 211 -   0.39736 0.37628 0.11067 0.11570 ( 1)
 212 -   0.77093 0.01739 0.20633 0.00535 ( 1)


lnL = -4725.533413

