Supplemental results for CODEML (seqf: algn  treef: tree)


dN/dS (w) for site classes (K=4)

site class             0        1       2a       2b
proportion       0.77348  0.22652  0.00000  0.00000
background w     0.09590  1.00000  0.09590  1.00000
foreground w     0.09590  1.00000  1.00000  1.00000

Naive Empirical Bayes (NEB) probabilities for 4 classes
(amino acids refer to 1st sequence: BT_Cry8Ab1)

   1 P   0.89555 0.10445 0.00000 0.00000 ( 1)
   2 F   0.96973 0.03027 0.00000 0.00000 ( 1)
   3 A   0.90050 0.09950 0.00000 0.00000 ( 1)
   4 S   0.00351 0.99649 0.00000 0.00000 ( 2)
   5 Q   0.00008 0.99992 0.00000 0.00000 ( 2)
   6 I   0.99806 0.00194 0.00000 0.00000 ( 1)
   7 V   0.92289 0.07711 0.00000 0.00000 ( 1)
   8 S   0.01519 0.98481 0.00000 0.00000 ( 2)
   9 F   0.99682 0.00318 0.00000 0.00000 ( 1)
  10 Y   0.81552 0.18448 0.00000 0.00000 ( 1)
  11 N   0.95732 0.04268 0.00000 0.00000 ( 1)
  12 F   0.99560 0.00440 0.00000 0.00000 ( 1)
  13 I   0.93750 0.06250 0.00000 0.00000 ( 1)
  14 L   0.74318 0.25682 0.00000 0.00000 ( 1)
  15 D   0.95602 0.04398 0.00000 0.00000 ( 1)
  16 Q   0.98113 0.01887 0.00000 0.00000 ( 1)
  17 L   0.98288 0.01712 0.00000 0.00000 ( 1)
  18 W   0.93640 0.06360 0.00000 0.00000 ( 1)
  19 P   0.99367 0.00633 0.00000 0.00000 ( 1)
  20 S   0.98826 0.01174 0.00000 0.00000 ( 1)
  21 N   0.45229 0.54771 0.00000 0.00000 ( 2)
  22 S   0.05743 0.94257 0.00000 0.00000 ( 2)
  23 V   0.85413 0.14587 0.00000 0.00000 ( 1)
  24 S   0.07517 0.92483 0.00000 0.00000 ( 2)
  25 V   0.07648 0.92352 0.00000 0.00000 ( 2)
  26 W   0.93640 0.06360 0.00000 0.00000 ( 1)
  27 E   0.99631 0.00369 0.00000 0.00000 ( 1)
  28 Q   0.19968 0.80032 0.00000 0.00000 ( 2)
  29 I   0.99592 0.00408 0.00000 0.00000 ( 1)
  30 M   0.77282 0.22718 0.00000 0.00000 ( 1)
  31 T   0.33818 0.66182 0.00000 0.00000 ( 2)
  32 L   0.85832 0.14168 0.00000 0.00000 ( 1)
  33 V   0.97496 0.02504 0.00000 0.00000 ( 1)
  34 E   0.99631 0.00369 0.00000 0.00000 ( 1)
  35 E   0.34939 0.65061 0.00000 0.00000 ( 2)
  36 L   0.98327 0.01673 0.00000 0.00000 ( 1)
  37 V   0.67978 0.32022 0.00000 0.00000 ( 1)
  38 D   0.99751 0.00249 0.00000 0.00000 ( 1)
  39 Q   0.98769 0.01231 0.00000 0.00000 ( 1)
  40 K   0.99651 0.00349 0.00000 0.00000 ( 1)
  41 I   0.99806 0.00194 0.00000 0.00000 ( 1)
  42 T   0.99635 0.00365 0.00000 0.00000 ( 1)
  43 E   0.75818 0.24182 0.00000 0.00000 ( 1)
  44 Y   0.85693 0.14307 0.00000 0.00000 ( 1)
  45 A   0.96583 0.03417 0.00000 0.00000 ( 1)
  46 R   0.98870 0.01130 0.00000 0.00000 ( 1)
  47 N   0.97172 0.02828 0.00000 0.00000 ( 1)
  48 K   0.95085 0.04915 0.00000 0.00000 ( 1)
  49 A   0.98494 0.01506 0.00000 0.00000 ( 1)
  50 L   0.86801 0.13199 0.00000 0.00000 ( 1)
  51 A   0.36362 0.63638 0.00000 0.00000 ( 2)
  52 E   0.95729 0.04271 0.00000 0.00000 ( 1)
  53 L   0.79576 0.20424 0.00000 0.00000 ( 1)
  54 K   0.07349 0.92651 0.00000 0.00000 ( 2)
  55 G   0.98816 0.01184 0.00000 0.00000 ( 1)
  56 L   0.98256 0.01744 0.00000 0.00000 ( 1)
  57 G   0.99573 0.00427 0.00000 0.00000 ( 1)
  58 D   0.76113 0.23887 0.00000 0.00000 ( 1)
  59 A   0.91102 0.08898 0.00000 0.00000 ( 1)
  60 L   0.31781 0.68219 0.00000 0.00000 ( 2)
  61 G   0.00111 0.99889 0.00000 0.00000 ( 2)
  62 V   0.99550 0.00450 0.00000 0.00000 ( 1)
  63 Y   0.99159 0.00841 0.00000 0.00000 ( 1)
  64 Q   0.95152 0.04848 0.00000 0.00000 ( 1)
  65 Q   0.12724 0.87276 0.00000 0.00000 ( 2)
  66 S   0.98826 0.01174 0.00000 0.00000 ( 1)
  67 L   0.99328 0.00672 0.00000 0.00000 ( 1)
  68 E   0.57829 0.42171 0.00000 0.00000 ( 1)
  69 A   0.01232 0.98768 0.00000 0.00000 ( 2)
  70 W   0.93640 0.06360 0.00000 0.00000 ( 1)
  71 L   0.12541 0.87459 0.00000 0.00000 ( 2)
  72 E   0.95723 0.04277 0.00000 0.00000 ( 1)
  73 N   0.99743 0.00257 0.00000 0.00000 ( 1)
  74 R   0.52780 0.47220 0.00000 0.00000 ( 1)
  75 N   0.91060 0.08940 0.00000 0.00000 ( 1)
  76 D   0.98373 0.01627 0.00000 0.00000 ( 1)
  77 T   0.59041 0.40959 0.00000 0.00000 ( 1)
  78 R   0.99432 0.00568 0.00000 0.00000 ( 1)
  79 A   0.64697 0.35303 0.00000 0.00000 ( 1)
  80 R   0.99432 0.00568 0.00000 0.00000 ( 1)
  81 S   0.94626 0.05374 0.00000 0.00000 ( 1)
  82 V   0.99400 0.00600 0.00000 0.00000 ( 1)
  83 V   0.94266 0.05734 0.00000 0.00000 ( 1)
  84 S   0.00041 0.99959 0.00000 0.00000 ( 2)
  85 N   0.00707 0.99293 0.00000 0.00000 ( 2)
  86 Q   0.98769 0.01231 0.00000 0.00000 ( 1)
  87 F   0.95608 0.04392 0.00000 0.00000 ( 1)
  88 I   0.19697 0.80303 0.00000 0.00000 ( 2)
  89 A   0.98799 0.01201 0.00000 0.00000 ( 1)
  90 L   0.98051 0.01949 0.00000 0.00000 ( 1)
  91 E   0.56455 0.43545 0.00000 0.00000 ( 1)
  92 L   0.96929 0.03071 0.00000 0.00000 ( 1)
  93 D   0.99751 0.00249 0.00000 0.00000 ( 1)
  94 F   0.99682 0.00318 0.00000 0.00000 ( 1)
  95 V   0.99352 0.00648 0.00000 0.00000 ( 1)
  96 G   0.00034 0.99966 0.00000 0.00000 ( 2)
  97 A   0.01259 0.98741 0.00000 0.00000 ( 2)
  98 I   0.94367 0.05633 0.00000 0.00000 ( 1)
  99 P   0.99367 0.00633 0.00000 0.00000 ( 1)
 100 S   0.95835 0.04165 0.00000 0.00000 ( 1)
 101 F   0.99682 0.00318 0.00000 0.00000 ( 1)
 102 A   0.99687 0.00313 0.00000 0.00000 ( 1)
 103 V   0.67796 0.32204 0.00000 0.00000 ( 1)
 104 S   0.96471 0.03529 0.00000 0.00000 ( 1)
 105 G   0.07956 0.92044 0.00000 0.00000 ( 2)
 106 Q   0.95450 0.04550 0.00000 0.00000 ( 1)
 107 E   0.99582 0.00418 0.00000 0.00000 ( 1)
 108 V   0.99550 0.00450 0.00000 0.00000 ( 1)
 109 P   0.99367 0.00633 0.00000 0.00000 ( 1)
 110 L   0.98535 0.01465 0.00000 0.00000 ( 1)
 111 L   0.98535 0.01465 0.00000 0.00000 ( 1)
 112 A   0.61056 0.38944 0.00000 0.00000 ( 1)
 113 V   0.98580 0.01420 0.00000 0.00000 ( 1)
 114 Y   0.99110 0.00890 0.00000 0.00000 ( 1)
 115 A   0.99687 0.00313 0.00000 0.00000 ( 1)
 116 Q   0.78558 0.21442 0.00000 0.00000 ( 1)
 117 A   0.99368 0.00632 0.00000 0.00000 ( 1)
 118 V   0.87584 0.12416 0.00000 0.00000 ( 1)
 119 N   0.97845 0.02155 0.00000 0.00000 ( 1)
 120 M   0.02522 0.97478 0.00000 0.00000 ( 2)
 121 H   0.99147 0.00853 0.00000 0.00000 ( 1)
 122 L   0.98299 0.01701 0.00000 0.00000 ( 1)
 123 L   0.96014 0.03986 0.00000 0.00000 ( 1)
 124 L   0.98535 0.01465 0.00000 0.00000 ( 1)
 125 L   0.98288 0.01712 0.00000 0.00000 ( 1)
 126 R   0.99146 0.00854 0.00000 0.00000 ( 1)
 127 D   0.98373 0.01627 0.00000 0.00000 ( 1)
 128 A   0.99500 0.00500 0.00000 0.00000 ( 1)
 129 S   0.98973 0.01027 0.00000 0.00000 ( 1)
 130 I   0.93801 0.06199 0.00000 0.00000 ( 1)
 131 F   0.99682 0.00318 0.00000 0.00000 ( 1)
 132 G   0.99462 0.00538 0.00000 0.00000 ( 1)
 133 E   0.95129 0.04871 0.00000 0.00000 ( 1)
 134 E   0.81192 0.18808 0.00000 0.00000 ( 1)
 135 W   0.93640 0.06360 0.00000 0.00000 ( 1)
 136 G   0.99397 0.00603 0.00000 0.00000 ( 1)
 137 F   0.98710 0.01290 0.00000 0.00000 ( 1)
 138 T   0.10235 0.89765 0.00000 0.00000 ( 2)
 139 S   0.40070 0.59930 0.00000 0.00000 ( 2)
 140 S   0.00002 0.99998 0.00000 0.00000 ( 2)
 141 E   0.99631 0.00369 0.00000 0.00000 ( 1)
 142 I   0.99592 0.00408 0.00000 0.00000 ( 1)
 143 S   0.95423 0.04577 0.00000 0.00000 ( 1)
 144 T   0.01557 0.98443 0.00000 0.00000 ( 2)
 145 Y   0.70658 0.29342 0.00000 0.00000 ( 1)
 146 Y   0.98490 0.01510 0.00000 0.00000 ( 1)
 147 N   0.81925 0.18075 0.00000 0.00000 ( 1)
 148 R   0.98558 0.01442 0.00000 0.00000 ( 1)
 149 Q   0.98511 0.01489 0.00000 0.00000 ( 1)
 150 V   0.90634 0.09366 0.00000 0.00000 ( 1)
 151 Q   0.02000 0.98000 0.00000 0.00000 ( 2)
 152 L   0.80120 0.19880 0.00000 0.00000 ( 1)
 153 T   0.82508 0.17492 0.00000 0.00000 ( 1)
 154 S   0.31520 0.68480 0.00000 0.00000 ( 2)
 155 Q   0.84749 0.15251 0.00000 0.00000 ( 1)
 156 Y   0.98882 0.01118 0.00000 0.00000 ( 1)
 157 S   0.24883 0.75117 0.00000 0.00000 ( 2)
 158 D   0.99751 0.00249 0.00000 0.00000 ( 1)
 159 Y   0.99159 0.00841 0.00000 0.00000 ( 1)
 160 C   0.98553 0.01447 0.00000 0.00000 ( 1)
 161 V   0.98905 0.01095 0.00000 0.00000 ( 1)
 162 K   0.86879 0.13121 0.00000 0.00000 ( 1)
 163 W   0.93640 0.06360 0.00000 0.00000 ( 1)
 164 Y   0.97039 0.02961 0.00000 0.00000 ( 1)
 165 D   0.12316 0.87684 0.00000 0.00000 ( 2)
 166 T   0.96917 0.03083 0.00000 0.00000 ( 1)
 167 G   0.99268 0.00732 0.00000 0.00000 ( 1)
 168 L   0.98535 0.01465 0.00000 0.00000 ( 1)
 169 Q   0.00330 0.99670 0.00000 0.00000 ( 2)
 170 K   0.54340 0.45660 0.00000 0.00000 ( 1)
 171 L   0.73990 0.26010 0.00000 0.00000 ( 1)
 172 K   0.95066 0.04934 0.00000 0.00000 ( 1)
 173 G   0.42126 0.57874 0.00000 0.00000 ( 2)
 174 T   0.23412 0.76588 0.00000 0.00000 ( 2)
 175 S   0.06774 0.93226 0.00000 0.00000 ( 2)
 176 A   0.90136 0.09864 0.00000 0.00000 ( 1)
 177 E   0.54864 0.45136 0.00000 0.00000 ( 1)
 178 -   0.77348 0.22652 0.00000 0.00000 ( 1)
 179 -   0.77348 0.22652 0.00000 0.00000 ( 1)
 180 -   0.77348 0.22652 0.00000 0.00000 ( 1)
 181 -   0.77348 0.22652 0.00000 0.00000 ( 1)
 182 -   0.77348 0.22652 0.00000 0.00000 ( 1)
 183 -   0.77348 0.22652 0.00000 0.00000 ( 1)
 184 -   0.77348 0.22652 0.00000 0.00000 ( 1)
 185 -   0.77348 0.22652 0.00000 0.00000 ( 1)
 186 S   0.16570 0.83430 0.00000 0.00000 ( 2)
 187 W   0.93640 0.06360 0.00000 0.00000 ( 1)
 188 L   0.94068 0.05932 0.00000 0.00000 ( 1)
 189 E   0.28093 0.71907 0.00000 0.00000 ( 2)
 190 Y   0.99159 0.00841 0.00000 0.00000 ( 1)
 191 H   0.99432 0.00568 0.00000 0.00000 ( 1)
 192 Q   0.98769 0.01231 0.00000 0.00000 ( 1)
 193 F   0.97951 0.02049 0.00000 0.00000 ( 1)
 194 R   0.96963 0.03037 0.00000 0.00000 ( 1)
 195 R   0.99432 0.00568 0.00000 0.00000 ( 1)
 196 E   0.99306 0.00694 0.00000 0.00000 ( 1)
 197 M   0.99695 0.00305 0.00000 0.00000 ( 1)
 198 T   0.99563 0.00437 0.00000 0.00000 ( 1)
 199 F   0.29623 0.70377 0.00000 0.00000 ( 2)
 200 M   0.95199 0.04801 0.00000 0.00000 ( 1)
 201 V   0.99550 0.00450 0.00000 0.00000 ( 1)
 202 L   0.98333 0.01667 0.00000 0.00000 ( 1)
 203 D   0.99751 0.00249 0.00000 0.00000 ( 1)
 204 L   0.53326 0.46674 0.00000 0.00000 ( 1)
 205 V   0.87454 0.12546 0.00000 0.00000 ( 1)
 206 A   0.98996 0.01004 0.00000 0.00000 ( 1)
 207 L   0.98417 0.01583 0.00000 0.00000 ( 1)
 208 F   0.99549 0.00451 0.00000 0.00000 ( 1)
 209 P   0.99367 0.00633 0.00000 0.00000 ( 1)
 210 N   0.17164 0.82836 0.00000 0.00000 ( 2)


lnL = -2255.995706

Bayes Empirical Bayes (BEB) probabilities for 4 classes (class)
(amino acids refer to 1st sequence: BT_Cry8Ab1)

   1 P   0.83440 0.09161 0.06634 0.00764 ( 1)
   2 F   0.90437 0.02725 0.06623 0.00214 ( 1)
   3 A   0.76393 0.09044 0.13502 0.01060 ( 1)
   4 S   0.01480 0.85457 0.01744 0.11319 ( 2)
   5 Q   0.00065 0.92458 0.00005 0.07472 ( 2)
   6 I   0.93120 0.00186 0.06680 0.00014 ( 1)
   7 V   0.85423 0.07715 0.06256 0.00606 ( 1)
   8 S   0.05304 0.87517 0.00377 0.06803 ( 2)
   9 F   0.92871 0.00299 0.06807 0.00023 ( 1)
  10 Y   0.75479 0.17468 0.05658 0.01394 ( 1)
  11 N   0.88828 0.04357 0.06474 0.00341 ( 1)
  12 F   0.92759 0.00411 0.06798 0.00032 ( 1)
  13 I   0.86802 0.06312 0.06388 0.00497 ( 1)
  14 L   0.69112 0.23407 0.05530 0.01951 ( 1)
  15 D   0.88750 0.04483 0.06417 0.00349 ( 1)
  16 Q   0.90915 0.01698 0.07247 0.00141 ( 1)
  17 L   0.91266 0.01550 0.07057 0.00126 ( 1)
  18 W   0.86945 0.05614 0.06973 0.00468 ( 1)
  19 P   0.92410 0.00583 0.06961 0.00047 ( 1)
  20 S   0.91846 0.01069 0.06999 0.00086 ( 1)
  21 N   0.48340 0.44728 0.03458 0.03474 ( 1)
  22 S   0.13683 0.79124 0.00986 0.06207 ( 2)
  23 V   0.78679 0.14029 0.06143 0.01149 ( 1)
  24 S   0.16755 0.76090 0.01203 0.05952 ( 2)
  25 V   0.16729 0.76236 0.01168 0.05867 ( 2)
  26 W   0.86945 0.05614 0.06973 0.00468 ( 1)
  27 E   0.92868 0.00348 0.06757 0.00027 ( 1)
  28 Q   0.28525 0.64025 0.02203 0.05247 ( 2)
  29 I   0.92750 0.00381 0.06838 0.00030 ( 1)
  30 M   0.69777 0.23267 0.05125 0.01831 ( 1)
  31 T   0.39838 0.52776 0.03073 0.04314 ( 2)
  32 L   0.79099 0.13695 0.06094 0.01112 ( 1)
  33 V   0.90476 0.02248 0.07091 0.00185 ( 1)
  34 E   0.92868 0.00348 0.06757 0.00027 ( 1)
  35 E   0.41255 0.51803 0.02930 0.04012 ( 2)
  36 L   0.91482 0.01517 0.06880 0.00121 ( 1)
  37 V   0.63130 0.29985 0.04550 0.02336 ( 1)
  38 D   0.93017 0.00236 0.06729 0.00018 ( 1)
  39 Q   0.91760 0.01117 0.07032 0.00090 ( 1)
  40 K   0.92846 0.00328 0.06800 0.00026 ( 1)
  41 I   0.93120 0.00186 0.06680 0.00014 ( 1)
  42 T   0.92779 0.00340 0.06854 0.00027 ( 1)
  43 E   0.68772 0.24369 0.04961 0.01898 ( 1)
  44 Y   0.79125 0.13831 0.05940 0.01104 ( 1)
  45 A   0.89705 0.03479 0.06544 0.00272 ( 1)
  46 R   0.91982 0.01029 0.06907 0.00082 ( 1)
  47 N   0.90306 0.02887 0.06580 0.00226 ( 1)
  48 K   0.88186 0.04975 0.06449 0.00390 ( 1)
  49 A   0.91821 0.01369 0.06703 0.00107 ( 1)
  50 L   0.79750 0.12777 0.06407 0.01066 ( 1)
  51 A   0.42039 0.50911 0.03052 0.03998 ( 2)
  52 E   0.88878 0.04326 0.06458 0.00338 ( 1)
  53 L   0.73729 0.19134 0.05597 0.01540 ( 1)
  54 K   0.16605 0.76352 0.01163 0.05880 ( 2)
  55 G   0.92011 0.01079 0.06825 0.00085 ( 1)
  56 L   0.91319 0.01579 0.06974 0.00127 ( 1)
  57 G   0.92695 0.00397 0.06877 0.00031 ( 1)
  58 D   0.69008 0.24165 0.04950 0.01876 ( 1)
  59 A   0.84211 0.08849 0.06240 0.00700 ( 1)
  60 L   0.38526 0.54085 0.02969 0.04419 ( 2)
  61 G   0.00732 0.92069 0.00054 0.07145 ( 2)
  62 V   0.92789 0.00424 0.06754 0.00033 ( 1)
  63 Y   0.92215 0.00772 0.06952 0.00062 ( 1)
  64 Q   0.88310 0.04299 0.07034 0.00357 ( 1)
  65 Q   0.21621 0.71125 0.01595 0.05659 ( 2)
  66 S   0.91846 0.01069 0.06999 0.00086 ( 1)
  67 L   0.92383 0.00618 0.06949 0.00049 ( 1)
  68 E   0.56433 0.36670 0.04047 0.02851 ( 1)
  69 A   0.04906 0.87954 0.00345 0.06795 ( 2)
  70 W   0.86945 0.05614 0.06973 0.00468 ( 1)
  71 L   0.20361 0.72229 0.01547 0.05862 ( 2)
  72 E   0.88874 0.04329 0.06458 0.00338 ( 1)
  73 N   0.92959 0.00242 0.06779 0.00019 ( 1)
  74 R   0.52491 0.39964 0.04204 0.03341 ( 1)
  75 N   0.84202 0.08973 0.06123 0.00702 ( 1)
  76 D   0.91300 0.01470 0.07110 0.00120 ( 1)
  77 T   0.57061 0.35746 0.04315 0.02877 ( 1)
  78 R   0.92488 0.00523 0.06946 0.00042 ( 1)
  79 A   0.60851 0.32146 0.04468 0.02535 ( 1)
  80 R   0.92488 0.00523 0.06946 0.00042 ( 1)
  81 S   0.87559 0.05448 0.06559 0.00434 ( 1)
  82 V   0.92542 0.00558 0.06856 0.00044 ( 1)
  83 V   0.87297 0.05788 0.06457 0.00457 ( 1)
  84 S   0.00300 0.92480 0.00021 0.07199 ( 2)
  85 N   0.03025 0.89914 0.00209 0.06852 ( 2)
  86 Q   0.91760 0.01117 0.07032 0.00090 ( 1)
  87 F   0.88698 0.04459 0.06492 0.00350 ( 1)
  88 I   0.31723 0.61375 0.02204 0.04697 ( 2)
  89 A   0.91519 0.01091 0.07299 0.00091 ( 1)
  90 L   0.91137 0.01761 0.06960 0.00142 ( 1)
  91 E   0.55365 0.37435 0.04045 0.03154 ( 1)
  92 L   0.90006 0.02754 0.07014 0.00225 ( 1)
  93 D   0.93017 0.00236 0.06729 0.00018 ( 1)
  94 F   0.92871 0.00299 0.06807 0.00023 ( 1)
  95 V   0.92498 0.00602 0.06852 0.00048 ( 1)
  96 G   0.00264 0.92590 0.00018 0.07127 ( 2)
  97 A   0.05011 0.87931 0.00346 0.06713 ( 2)
  98 I   0.87418 0.05698 0.06435 0.00449 ( 1)
  99 P   0.92410 0.00583 0.06961 0.00047 ( 1)
 100 S   0.88824 0.03703 0.07163 0.00310 ( 1)
 101 F   0.92871 0.00299 0.06807 0.00023 ( 1)
 102 A   0.92899 0.00294 0.06784 0.00023 ( 1)
 103 V   0.62967 0.30134 0.04547 0.02352 ( 1)
 104 S   0.89383 0.03144 0.07210 0.00263 ( 1)
 105 G   0.13863 0.78729 0.01046 0.06362 ( 2)
 106 Q   0.88571 0.04039 0.07055 0.00335 ( 1)
 107 E   0.92823 0.00393 0.06753 0.00031 ( 1)
 108 V   0.92789 0.00424 0.06754 0.00033 ( 1)
 109 P   0.92410 0.00583 0.06961 0.00047 ( 1)
 110 L   0.91568 0.01331 0.06994 0.00107 ( 1)
 111 L   0.91568 0.01331 0.06994 0.00107 ( 1)
 112 A   0.58459 0.34631 0.04212 0.02699 ( 1)
 113 V   0.91916 0.01294 0.06689 0.00101 ( 1)
 114 Y   0.91924 0.00814 0.07195 0.00067 ( 1)
 115 A   0.92899 0.00294 0.06784 0.00023 ( 1)
 116 Q   0.72659 0.19935 0.05757 0.01650 ( 1)
 117 A   0.92498 0.00583 0.06872 0.00046 ( 1)
 118 V   0.80640 0.12068 0.06303 0.00989 ( 1)
 119 N   0.90778 0.01936 0.07127 0.00159 ( 1)
 120 M   0.07215 0.85653 0.00517 0.06615 ( 2)
 121 H   0.91861 0.00779 0.07295 0.00065 ( 1)
 122 L   0.91357 0.01541 0.06977 0.00124 ( 1)
 123 L   0.89113 0.03561 0.07033 0.00294 ( 1)
 124 L   0.91568 0.01331 0.06994 0.00107 ( 1)
 125 L   0.91266 0.01550 0.07057 0.00126 ( 1)
 126 R   0.92228 0.00783 0.06926 0.00063 ( 1)
 127 D   0.91300 0.01470 0.07110 0.00120 ( 1)
 128 A   0.92618 0.00464 0.06881 0.00037 ( 1)
 129 S   0.92041 0.00937 0.06946 0.00075 ( 1)
 130 I   0.86854 0.06261 0.06392 0.00493 ( 1)
 131 F   0.92871 0.00299 0.06807 0.00023 ( 1)
 132 G   0.92594 0.00498 0.06869 0.00039 ( 1)
 133 E   0.88267 0.04932 0.06415 0.00386 ( 1)
 134 E   0.75033 0.17757 0.05769 0.01441 ( 1)
 135 W   0.86945 0.05614 0.06973 0.00468 ( 1)
 136 G   0.92535 0.00557 0.06865 0.00044 ( 1)
 137 F   0.91540 0.01173 0.07190 0.00096 ( 1)
 138 T   0.20807 0.72113 0.01477 0.05603 ( 2)
 139 S   0.44681 0.48138 0.03334 0.03847 ( 2)
 140 S   0.00027 0.92752 0.00002 0.07219 ( 2)
 141 E   0.92868 0.00348 0.06757 0.00027 ( 1)
 142 I   0.92750 0.00381 0.06838 0.00030 ( 1)
 143 S   0.88465 0.04062 0.07134 0.00340 ( 1)
 144 T   0.04957 0.87859 0.00352 0.06832 ( 2)
 145 Y   0.66193 0.26320 0.05293 0.02194 ( 1)
 146 Y   0.91167 0.01365 0.07354 0.00114 ( 1)
 147 N   0.75587 0.17106 0.05905 0.01402 ( 1)
 148 R   0.91527 0.01303 0.07064 0.00106 ( 1)
 149 Q   0.91529 0.01348 0.07014 0.00109 ( 1)
 150 V   0.83469 0.09245 0.06528 0.00758 ( 1)
 151 Q   0.05795 0.86923 0.00421 0.06860 ( 2)
 152 L   0.73919 0.18604 0.05926 0.01551 ( 1)
 153 T   0.76335 0.16642 0.05699 0.01324 ( 1)
 154 S   0.38474 0.54386 0.02831 0.04310 ( 2)
 155 Q   0.78182 0.14669 0.05965 0.01183 ( 1)
 156 Y   0.91965 0.01021 0.06933 0.00082 ( 1)
 157 S   0.32858 0.59628 0.02578 0.04936 ( 2)
 158 D   0.93017 0.00236 0.06729 0.00018 ( 1)
 159 Y   0.92215 0.00772 0.06952 0.00062 ( 1)
 160 C   0.91641 0.01311 0.06942 0.00105 ( 1)
 161 V   0.91725 0.01001 0.07192 0.00082 ( 1)
 162 K   0.80019 0.12737 0.06206 0.01038 ( 1)
 163 W   0.86945 0.05614 0.06973 0.00468 ( 1)
 164 Y   0.89883 0.02648 0.07248 0.00221 ( 1)
 165 D   0.23695 0.69103 0.01849 0.05353 ( 2)
 166 T   0.89786 0.02753 0.07230 0.00230 ( 1)
 167 G   0.92364 0.00673 0.06910 0.00054 ( 1)
 168 L   0.91568 0.01331 0.06994 0.00107 ( 1)
 169 Q   0.01557 0.90967 0.00117 0.07358 ( 2)
 170 K   0.54211 0.38850 0.03909 0.03030 ( 1)
 171 L   0.69061 0.23793 0.05233 0.01914 ( 1)
 172 K   0.88154 0.05007 0.06447 0.00393 ( 1)
 173 G   0.46597 0.46329 0.03417 0.03657 ( 1)
 174 T   0.31703 0.60901 0.02431 0.04965 ( 2)
 175 S   0.15373 0.77151 0.01177 0.06299 ( 2)
 176 A   0.83296 0.09761 0.06170 0.00772 ( 1)
 177 E   0.54243 0.38511 0.04133 0.03113 ( 1)
 178 -   0.72807 0.19501 0.06030 0.01663 ( 1)
 179 -   0.72807 0.19501 0.06030 0.01663 ( 1)
 180 -   0.72807 0.19501 0.06030 0.01663 ( 1)
 181 -   0.72807 0.19501 0.06030 0.01663 ( 1)
 182 -   0.72807 0.19501 0.06030 0.01663 ( 1)
 183 -   0.72807 0.19501 0.06030 0.01663 ( 1)
 184 -   0.72807 0.19501 0.06030 0.01663 ( 1)
 185 -   0.72807 0.19501 0.06030 0.01663 ( 1)
 186 S   0.28908 0.63963 0.02097 0.05032 ( 2)
 187 W   0.86945 0.05614 0.06973 0.00468 ( 1)
 188 L   0.87283 0.05249 0.07029 0.00439 ( 1)
 189 E   0.35784 0.56938 0.02695 0.04584 ( 2)
 190 Y   0.92215 0.00772 0.06952 0.00062 ( 1)
 191 H   0.92556 0.00525 0.06878 0.00042 ( 1)
 192 Q   0.91760 0.01117 0.07032 0.00090 ( 1)
 193 F   0.90867 0.01845 0.07136 0.00152 ( 1)
 194 R   0.89768 0.02708 0.07296 0.00228 ( 1)
 195 R   0.92488 0.00523 0.06946 0.00042 ( 1)
 196 E   0.92178 0.00642 0.07128 0.00052 ( 1)
 197 M   0.92822 0.00284 0.06871 0.00022 ( 1)
 198 T   0.92610 0.00406 0.06952 0.00032 ( 1)
 199 F   0.36746 0.55894 0.02813 0.04547 ( 2)
 200 M   0.88211 0.04883 0.06521 0.00385 ( 1)
 201 V   0.92789 0.00424 0.06754 0.00033 ( 1)
 202 L   0.91386 0.01512 0.06979 0.00122 ( 1)
 203 D   0.93017 0.00236 0.06729 0.00018 ( 1)
 204 L   0.52895 0.39733 0.04114 0.03258 ( 1)
 205 V   0.80811 0.12257 0.05964 0.00968 ( 1)
 206 A   0.92271 0.00920 0.06736 0.00072 ( 1)
 207 L   0.91462 0.01436 0.06985 0.00116 ( 1)
 208 F   0.92750 0.00420 0.06797 0.00033 ( 1)
 209 P   0.92410 0.00583 0.06961 0.00047 ( 1)
 210 N   0.26681 0.65948 0.02026 0.05346 ( 2)

