Supplemental results for CODEML (seqf: algn  treef: tree)


dN/dS (w) for site classes (K=4)

site class             0        1       2a       2b
proportion       0.51212  0.35964  0.07533  0.05290
background w     0.14216  1.00000  0.14216  1.00000
foreground w     0.14216  1.00000 999.00000 999.00000

Naive Empirical Bayes (NEB) probabilities for 4 classes
(amino acids refer to 1st sequence: BT_Cry52Ca1)

   1 Q   0.82384 0.04792 0.12119 0.00705 ( 1)
   2 V   0.76520 0.10657 0.11256 0.01568 ( 1)
   3 K   0.05835 0.89174 0.00288 0.04703 ( 2)
   4 S   0.21861 0.73888 0.00953 0.03299 ( 2)
   5 E   0.96143 0.00376 0.03467 0.00014 ( 1)
   6 L   0.93458 0.01056 0.05424 0.00062 ( 1)
   7 T   0.95237 0.00744 0.03986 0.00033 ( 1)
   8 R   0.96370 0.00153 0.03471 0.00006 ( 1)
   9 E   0.47337 0.48414 0.02059 0.02190 ( 2)
  10 I   0.96976 0.00299 0.02715 0.00009 ( 1)
  11 Y   0.83062 0.13516 0.02919 0.00503 ( 1)
  12 S   0.93270 0.02708 0.03903 0.00119 ( 1)
  13 D   0.97527 0.00144 0.02325 0.00004 ( 1)
  14 V   0.83700 0.11356 0.04350 0.00595 ( 1)
  15 V   0.65014 0.31440 0.02374 0.01172 ( 1)
  16 N   0.96449 0.00679 0.02851 0.00021 ( 1)
  17 -   0.33803 0.56783 0.03509 0.05905 ( 2)
  18 -   0.13622 0.61762 0.04794 0.19822 ( 2)
  19 -   0.86234 0.05349 0.07924 0.00492 ( 1)
  20 -   0.03467 0.17703 0.69854 0.08976 ( 3)
  21 -   0.84965 0.07610 0.06814 0.00612 ( 1)
  22 -   0.45480 0.51703 0.01248 0.01570 ( 2)
  23 -   0.04253 0.93049 0.00109 0.02588 ( 2)
  24 -   0.87282 0.09163 0.03206 0.00349 ( 1)
  25 -   0.89408 0.07946 0.02423 0.00223 ( 1)
  26 A   0.76024 0.14129 0.08304 0.01544 ( 1)
  27 D   0.53502 0.42319 0.02285 0.01893 ( 1)
  28 V   0.00384 0.95912 0.00014 0.03690 ( 2)
  29 F   0.91293 0.05379 0.03131 0.00197 ( 1)
  30 G   0.01025 0.21839 0.56673 0.20463 ( 3)
  31 T   0.20086 0.76426 0.00697 0.02792 ( 2)
  32 I   0.92503 0.03384 0.03964 0.00149 ( 1)
  33 Y   0.81930 0.05246 0.12052 0.00772 ( 1)
  34 T   0.00098 0.96257 0.00003 0.03642 ( 2)
  35 D   0.00449 0.94511 0.00024 0.05017 ( 2)
  36 N   0.88538 0.08642 0.02558 0.00262 ( 1)
  37 N   0.02213 0.91507 0.00147 0.06133 ( 2)
  38 R   0.13014 0.80736 0.00862 0.05388 ( 2)
  39 N   0.94244 0.02196 0.03475 0.00086 ( 1)
  40 E   0.93678 0.00264 0.06041 0.00017 ( 1)
  41 E   0.94541 0.03226 0.02154 0.00079 ( 1)
  42 L   0.06119 0.90309 0.00221 0.03352 ( 2)
  43 Y   0.80775 0.10088 0.08116 0.01020 ( 1)
  44 T   0.77069 0.18802 0.03301 0.00828 ( 1)
  45 R   0.68691 0.24462 0.05049 0.01798 ( 1)
  46 P   0.15806 0.79892 0.00697 0.03605 ( 2)
  47 P   0.89360 0.00793 0.09760 0.00087 ( 1)
  48 H   0.02720 0.91033 0.00178 0.06070 ( 2)
  49 L   0.93954 0.00564 0.05449 0.00033 ( 1)
  50 F   0.91040 0.01195 0.07664 0.00101 ( 1)
  51 T   0.00870 0.04519 0.82700 0.11911 ( 3)
  52 W   0.90078 0.01356 0.08439 0.00127 ( 1)
  53 L   0.85744 0.05941 0.07775 0.00541 ( 1)
  54 R   0.91083 0.05982 0.02736 0.00199 ( 1)
  55 G   0.07109 0.23669 0.53562 0.15661 ( 3)
  56 F   0.86492 0.09977 0.03161 0.00370 ( 1)
  57 R   0.02955 0.60283 0.05977 0.30784 ( 2)
  58 F   0.93885 0.01285 0.04759 0.00071 ( 1)
  59 V   0.00785 0.95623 0.00028 0.03564 ( 2)
  60 T   0.30545 0.65246 0.01302 0.02906 ( 2)
  61 N   0.74832 0.21682 0.02672 0.00814 ( 1)
  62 S   0.00000 0.12608 0.00192 0.87200 ( 4)
  63 I   0.59927 0.30664 0.06220 0.03189 ( 1)
  64 S   0.00035 0.57233 0.00345 0.42386 ( 2)
  65 S   0.03084 0.87461 0.00321 0.09133 ( 2)
  66 G   0.67844 0.28699 0.02396 0.01060 ( 1)
  67 S   0.01544 0.88920 0.00162 0.09374 ( 2)
  68 R   0.00000 0.03483 0.00669 0.95848 ( 4)
  69 T   0.21752 0.74700 0.00768 0.02780 ( 2)
  70 W   0.23317 0.73482 0.00716 0.02485 ( 2)
  71 T   0.82499 0.09637 0.07039 0.00826 ( 1)
  72 F   0.01789 0.02841 0.91660 0.03711 ( 3)
  73 L   0.79993 0.11441 0.07494 0.01072 ( 1)
  74 A   0.92075 0.04996 0.02765 0.00164 ( 1)
  75 G   0.94931 0.00356 0.04694 0.00018 ( 1)
  76 N   0.46093 0.47069 0.03370 0.03468 ( 2)
  77 Q   0.27297 0.42885 0.14371 0.15446 ( 2)
  78 N   0.87230 0.04632 0.07727 0.00411 ( 1)
  79 K   0.22482 0.74530 0.00649 0.02339 ( 2)
  80 Y   0.09037 0.07700 0.80525 0.02738 ( 3)
  81 S   0.18603 0.73012 0.01701 0.06685 ( 2)
  82 Y   0.04681 0.34832 0.32955 0.27532 ( 2)
  83 T   0.96516 0.00566 0.02899 0.00019 ( 1)
  84 R   0.00613 0.83378 0.00152 0.15858 ( 2)
  85 D   0.06253 0.91139 0.00150 0.02459 ( 2)
  86 N   0.25235 0.61942 0.03712 0.09112 ( 2)
  87 R   0.19653 0.67523 0.02891 0.09933 ( 2)
  88 I   0.63793 0.23383 0.09384 0.03440 ( 1)
  89 I   0.63793 0.23383 0.09384 0.03440 ( 1)
  90 Y   0.03556 0.83620 0.00523 0.12301 ( 2)
  91 G   0.58697 0.28479 0.08634 0.04189 ( 1)
  92 P   0.60901 0.26275 0.08959 0.03865 ( 1)
  93 F   0.23350 0.73669 0.00689 0.02291 ( 2)
  94 Y   0.01359 0.70485 0.00593 0.27564 ( 2)
  95 G   0.31720 0.65750 0.00773 0.01757 ( 2)
  96 Q   0.01243 0.95477 0.00038 0.03242 ( 2)
  97 D   0.33904 0.61825 0.01496 0.02774 ( 2)
  98 T   0.82726 0.13863 0.02896 0.00515 ( 1)
  99 N   0.82718 0.14854 0.02026 0.00402 ( 1)
 100 Y   0.90242 0.00366 0.09354 0.00038 ( 1)
 101 G   0.94931 0.00356 0.04694 0.00018 ( 1)
 102 G   0.19290 0.78350 0.00439 0.01922 ( 2)
 103 T   0.92274 0.04420 0.03147 0.00159 ( 1)
 104 S   0.89768 0.01037 0.09089 0.00105 ( 1)
 105 S   0.80650 0.16463 0.02384 0.00502 ( 1)
 106 D   0.25750 0.61426 0.03788 0.09036 ( 2)
 107 T   0.21304 0.65872 0.03134 0.09690 ( 2)
 108 D   0.64927 0.22249 0.09551 0.03273 ( 1)
 109 F   0.22171 0.65005 0.03261 0.09562 ( 2)
 110 A   0.73001 0.23657 0.02489 0.00852 ( 1)
 111 E   0.00748 0.93121 0.00049 0.06082 ( 2)
 112 D   0.00006 0.48964 0.00099 0.50932 ( 4)
 113 S   0.07151 0.87404 0.00409 0.05035 ( 2)
 114 Y   0.00214 0.97150 0.00005 0.02630 ( 2)
 115 V   0.57135 0.33652 0.05795 0.03418 ( 1)
 116 Y   0.96723 0.00471 0.02792 0.00014 ( 1)
 117 N   0.91472 0.01734 0.06668 0.00127 ( 1)
 118 L   0.95541 0.00968 0.03456 0.00036 ( 1)
 119 W   0.15072 0.81330 0.00541 0.03057 ( 2)
 120 T   0.08914 0.81645 0.00928 0.08513 ( 2)
 121 K   0.96144 0.01290 0.02527 0.00039 ( 1)
 122 N   0.97255 0.00416 0.02318 0.00011 ( 1)
 123 Y   0.61124 0.34728 0.02618 0.01529 ( 1)
 124 E   0.92760 0.03915 0.03181 0.00143 ( 1)
 125 F   0.03031 0.90120 0.00222 0.06627 ( 2)
 126 -   0.06632 0.59412 0.02974 0.30982 ( 2)
 127 -   0.09579 0.84913 0.00555 0.04953 ( 2)
 128 -   0.39438 0.58199 0.00915 0.01448 ( 2)
 129 -   0.15150 0.81818 0.00447 0.02584 ( 2)
 130 -   0.45836 0.28695 0.17378 0.08091 ( 1)
 131 -   0.01926 0.44479 0.15762 0.37833 ( 2)
 132 -   0.18510 0.72268 0.01877 0.07344 ( 2)
 133 -   0.59208 0.37339 0.02066 0.01386 ( 1)
 134 -   0.51810 0.09855 0.33050 0.05286 ( 1)
 135 -   0.59741 0.36791 0.02122 0.01345 ( 1)
 136 I   0.89828 0.06118 0.03782 0.00271 ( 1)
 137 S   0.02417 0.08969 0.65225 0.23389 ( 3)
 138 P   0.64026 0.32999 0.01945 0.01030 ( 1)
 139 Y   0.01738 0.44979 0.04919 0.48363 ( 4)
 140 T   0.87223 0.10129 0.02364 0.00284 ( 1)
 141 D   0.03004 0.94007 0.00087 0.02902 ( 2)
 142 P   0.51350 0.40215 0.04727 0.03708 ( 1)
 143 V   0.94350 0.02795 0.02767 0.00087 ( 1)
 144 N   0.94422 0.02161 0.03339 0.00078 ( 1)
 145 I   0.00017 0.91579 0.00002 0.08403 ( 2)
 146 T   0.38399 0.58657 0.01129 0.01814 ( 2)
 147 K   0.10485 0.62578 0.03395 0.23542 ( 2)
 148 I   0.91091 0.03425 0.05283 0.00201 ( 1)
 149 N   0.65176 0.22000 0.09587 0.03236 ( 1)
 150 F   0.00891 0.00424 0.97484 0.01201 ( 3)
 151 S   0.00358 0.91046 0.00034 0.08562 ( 2)
 152 V   0.93326 0.03939 0.02613 0.00122 ( 1)
 153 T   0.89217 0.07768 0.02753 0.00262 ( 1)
 154 N   0.01121 0.95268 0.00040 0.03571 ( 2)
 155 N   0.42525 0.53978 0.01502 0.01995 ( 2)
 156 N   0.97155 0.00339 0.02495 0.00010 ( 1)
 157 S   0.00000 0.04724 0.01773 0.93503 ( 4)
 158 S   0.89868 0.03336 0.06552 0.00244 ( 1)
 159 K   0.00029 0.67465 0.00089 0.32417 ( 2)
 160 D   0.56119 0.16519 0.20730 0.06631 ( 1)
 161 E   0.01183 0.93311 0.00069 0.05438 ( 2)
 162 T   0.00095 0.96815 0.00003 0.03087 ( 2)
 163 Y   0.96482 0.00711 0.02785 0.00022 ( 1)
 164 G   0.32756 0.64374 0.00893 0.01976 ( 2)
 165 G   0.10175 0.86265 0.00356 0.03203 ( 2)
 166 E   0.00033 0.91803 0.00003 0.08161 ( 2)
 167 R   0.03897 0.21355 0.63964 0.10785 ( 3)
 168 N   0.95760 0.01729 0.02459 0.00052 ( 1)
 169 L   0.64939 0.31322 0.02512 0.01226 ( 1)
 170 P   0.72973 0.24043 0.02224 0.00760 ( 1)
 171 T   0.85344 0.01832 0.12554 0.00269 ( 1)
 172 V   0.53432 0.43085 0.01890 0.01593 ( 1)
 173 Q   0.08439 0.82137 0.00877 0.08547 ( 2)
 174 T   0.00508 0.97084 0.00012 0.02396 ( 2)
 175 N   0.00002 0.04042 0.08607 0.87350 ( 4)
 176 F   0.00972 0.95384 0.00035 0.03610 ( 2)
 177 D   0.07691 0.85926 0.00523 0.05860 ( 2)
 178 F   0.03576 0.01168 0.94456 0.00801 ( 3)
 179 L   0.46782 0.49923 0.01439 0.01856 ( 2)
 180 T   0.75827 0.18763 0.04331 0.01079 ( 1)
 181 N   0.36832 0.21642 0.29543 0.11982 ( 1)
 182 K   0.59837 0.36568 0.02199 0.01396 ( 1)
 183 V   0.65812 0.28687 0.03817 0.01684 ( 1)
 184 G   0.57436 0.37613 0.02985 0.01966 ( 1)
 185 -   0.93956 0.02483 0.03464 0.00097 ( 1)
 186 -   0.81671 0.14826 0.02943 0.00559 ( 1)
 187 -   0.18762 0.73659 0.01537 0.06042 ( 2)
 188 N   0.00923 0.91460 0.00076 0.07541 ( 2)
 189 G   0.13154 0.78448 0.01205 0.07193 ( 2)
 190 S   0.01117 0.93868 0.00058 0.04956 ( 2)
 191 P   0.96423 0.00161 0.03410 0.00006 ( 1)
 192 T   0.91683 0.04800 0.03339 0.00178 ( 1)
 193 Y   0.94980 0.02159 0.02793 0.00067 ( 1)
 194 N   0.91977 0.03309 0.04548 0.00165 ( 1)
 195 N   0.97408 0.00263 0.02322 0.00007 ( 1)
 196 -   0.47342 0.48955 0.01769 0.01933 ( 2)
 197 -   0.87761 0.06182 0.05657 0.00400 ( 1)
 198 -   0.94487 0.02032 0.03405 0.00077 ( 1)
 199 Y   0.90104 0.00504 0.09339 0.00052 ( 1)
 200 N   0.96095 0.01720 0.02144 0.00042 ( 1)
 201 H   0.97341 0.00066 0.02591 0.00002 ( 1)
 202 I   0.87565 0.06086 0.05936 0.00413 ( 1)
 203 L   0.93954 0.00564 0.05449 0.00033 ( 1)
 204 S   0.95418 0.02396 0.02128 0.00058 ( 1)
 205 Y   0.63301 0.28427 0.05706 0.02566 ( 1)
 206 M   0.94126 0.03019 0.02761 0.00094 ( 1)
 207 L   0.88977 0.04924 0.05775 0.00324 ( 1)
 208 T   0.88694 0.05249 0.05718 0.00340 ( 1)
 209 N   0.91795 0.04037 0.03988 0.00180 ( 1)
 210 G   0.03994 0.92962 0.00115 0.02930 ( 2)
 211 T   0.30782 0.65709 0.01066 0.02443 ( 2)
 212 F   0.01238 0.96117 0.00031 0.02614 ( 2)
 213 S   0.00759 0.95609 0.00027 0.03604 ( 2)
 214 Q   0.87399 0.06231 0.05715 0.00655 ( 1)
 215 K   0.49993 0.46323 0.01895 0.01789 ( 1)
 216 -   0.51212 0.35964 0.07533 0.05290 ( 1)
 217 -   0.51212 0.35964 0.07533 0.05290 ( 1)
 218 -   0.51212 0.35964 0.07533 0.05290 ( 1)
 219 -   0.51212 0.35964 0.07533 0.05290 ( 1)
 220 -   0.51212 0.35964 0.07533 0.05290 ( 1)
 221 -   0.51212 0.35964 0.07533 0.05290 ( 1)
 222 -   0.51212 0.35964 0.07533 0.05290 ( 1)
 223 -   0.51212 0.35964 0.07533 0.05290 ( 1)
 224 R   0.93976 0.01311 0.04647 0.00066 ( 1)
 225 H   0.09835 0.81821 0.00893 0.07451 ( 2)
 226 G   0.95481 0.01790 0.02673 0.00056 ( 1)
 227 Y   0.90138 0.06442 0.03188 0.00232 ( 1)
 228 T   0.87880 0.08006 0.03764 0.00350 ( 1)
 229 F   0.92967 0.01550 0.05392 0.00091 ( 1)
 230 A   0.79925 0.17188 0.02363 0.00524 ( 1)
 231 F   0.65806 0.25626 0.06165 0.02402 ( 1)
 232 T   0.95143 0.00838 0.03982 0.00037 ( 1)
 233 H   0.97341 0.00066 0.02591 0.00002 ( 1)
 234 S   0.50220 0.45620 0.02151 0.02008 ( 1)
 235 S   0.97395 0.00420 0.02174 0.00010 ( 1)


lnL = -3457.098722

Bayes Empirical Bayes (BEB) probabilities for 4 classes (class)
(amino acids refer to 1st sequence: BT_Cry52Ca1)

   1 Q   0.25621 0.01710 0.67525 0.05143 ( 3)
   2 V   0.23680 0.03652 0.61785 0.10883 ( 3)
   3 K   0.01819 0.25712 0.04186 0.68283 ( 4)
   4 S   0.06338 0.21182 0.14941 0.57540 ( 4)
   5 E   0.27446 0.00134 0.72019 0.00401 ( 3)
   6 L   0.27114 0.00368 0.71410 0.01107 ( 3)
   7 T   0.27293 0.00265 0.71646 0.00795 ( 3)
   8 R   0.27511 0.00055 0.72268 0.00166 ( 3)
   9 E   0.13499 0.14041 0.32997 0.39462 ( 4)
  10 I   0.27554 0.00108 0.72014 0.00324 ( 3)
  11 Y   0.23391 0.04207 0.60038 0.12364 ( 3)
  12 S   0.26654 0.00904 0.69741 0.02701 ( 3)
  13 D   0.27643 0.00053 0.72147 0.00157 ( 3)
  14 V   0.23962 0.03529 0.62060 0.10449 ( 3)
  15 V   0.18147 0.09398 0.45452 0.27003 ( 3)
  16 N   0.27374 0.00225 0.71729 0.00672 ( 3)
  17 -   0.10086 0.17295 0.24440 0.48179 ( 4)
  18 -   0.04796 0.21819 0.11897 0.61488 ( 4)
  19 -   0.25555 0.01846 0.67067 0.05532 ( 3)
  20 -   0.03180 0.15846 0.37493 0.43481 ( 4)
  21 -   0.24901 0.02520 0.65061 0.07518 ( 3)
  22 -   0.12721 0.14960 0.30715 0.41603 ( 4)
  23 -   0.01274 0.26370 0.02905 0.69452 ( 4)
  24 -   0.24665 0.02909 0.63817 0.08609 ( 3)
  25 -   0.25102 0.02511 0.64957 0.07431 ( 3)
  26 A   0.22744 0.04631 0.58914 0.13711 ( 3)
  27 D   0.15031 0.12513 0.37032 0.35424 ( 3)
  28 V   0.00128 0.27437 0.00291 0.72144 ( 4)
  29 F   0.25863 0.01741 0.67221 0.05175 ( 3)
  30 G   0.00967 0.19457 0.23329 0.56247 ( 4)
  31 T   0.05873 0.21694 0.13773 0.58660 ( 4)
  32 I   0.26447 0.01094 0.69191 0.03268 ( 3)
  33 Y   0.25501 0.01831 0.67165 0.05503 ( 3)
  34 T   0.00034 0.27534 0.00077 0.72354 ( 4)
  35 D   0.00151 0.27325 0.00346 0.72178 ( 4)
  36 N   0.24927 0.02695 0.64414 0.07965 ( 3)
  37 N   0.00705 0.26747 0.01620 0.70928 ( 4)
  38 R   0.03843 0.23610 0.08980 0.63567 ( 4)
  39 N   0.26848 0.00735 0.70220 0.02196 ( 3)
  40 E   0.27361 0.00097 0.72250 0.00292 ( 3)
  41 E   0.26657 0.01012 0.69320 0.03010 ( 3)
  42 L   0.01863 0.25679 0.04287 0.68171 ( 4)
  43 Y   0.24102 0.03287 0.62824 0.09787 ( 3)
  44 T   0.21872 0.05662 0.55897 0.16569 ( 3)
  45 R   0.19885 0.07548 0.50580 0.21987 ( 3)
  46 P   0.04742 0.22777 0.11089 0.61392 ( 4)
  47 P   0.27078 0.00297 0.71726 0.00898 ( 3)
  48 H   0.00879 0.26573 0.02023 0.70524 ( 4)
  49 L   0.27283 0.00200 0.71916 0.00601 ( 3)
  50 F   0.26979 0.00435 0.71274 0.01311 ( 3)
  51 T   0.01842 0.09137 0.59590 0.29431 ( 3)
  52 W   0.26919 0.00479 0.71158 0.01444 ( 3)
  53 L   0.25385 0.02019 0.66551 0.06044 ( 3)
  54 R   0.25722 0.01926 0.66641 0.05711 ( 3)
  55 G   0.05487 0.17630 0.26698 0.50185 ( 4)
  56 F   0.24357 0.03193 0.63007 0.09443 ( 3)
  57 R   0.01339 0.24936 0.04010 0.69715 ( 4)
  58 F   0.27100 0.00438 0.71148 0.01314 ( 3)
  59 V   0.00264 0.27306 0.00601 0.71829 ( 4)
  60 T   0.08621 0.18916 0.20544 0.51918 ( 4)
  61 N   0.21070 0.06524 0.53441 0.18965 ( 3)
  62 S   0.00001 0.24769 0.00011 0.75218 ( 4)
  63 I   0.17791 0.09591 0.44888 0.27730 ( 3)
  64 S   0.00020 0.26270 0.00097 0.73613 ( 4)
  65 S   0.01007 0.26371 0.02330 0.70291 ( 4)
  66 G   0.19226 0.08354 0.48331 0.24089 ( 3)
  67 S   0.00528 0.26849 0.01219 0.71405 ( 4)
  68 R   0.00001 0.23221 0.00024 0.76753 ( 4)
  69 T   0.06410 0.21167 0.15065 0.57357 ( 4)
  70 W   0.06624 0.20992 0.15546 0.56838 ( 4)
  71 T   0.24145 0.03270 0.62860 0.09726 ( 3)
  72 F   0.04359 0.07027 0.69481 0.19133 ( 3)
  73 L   0.23590 0.03807 0.61298 0.11305 ( 3)
  74 A   0.25979 0.01670 0.67396 0.04955 ( 3)
  75 G   0.27376 0.00128 0.72109 0.00386 ( 3)
  76 N   0.13218 0.14214 0.32465 0.40104 ( 4)
  77 Q   0.10467 0.15697 0.27908 0.45927 ( 4)
  78 N   0.25874 0.01534 0.67992 0.04600 ( 3)
  79 K   0.06591 0.21036 0.15458 0.56915 ( 4)
  80 Y   0.08474 0.07185 0.64980 0.19361 ( 3)
  81 S   0.05701 0.21695 0.13492 0.59112 ( 4)
  82 Y   0.02964 0.21212 0.14401 0.61423 ( 4)
  83 T   0.27449 0.00202 0.71744 0.00604 ( 3)
  84 R   0.00218 0.26661 0.00529 0.72592 ( 4)
  85 D   0.01858 0.25791 0.04247 0.68104 ( 4)
  86 N   0.07662 0.19670 0.18384 0.54284 ( 4)
  87 R   0.05982 0.21350 0.14230 0.58438 ( 4)
  88 I   0.19329 0.08003 0.49302 0.23366 ( 3)
  89 I   0.19329 0.08003 0.49302 0.23366 ( 3)
  90 Y   0.01142 0.26190 0.02651 0.70017 ( 4)
  91 G   0.17695 0.09636 0.44750 0.27919 ( 3)
  92 P   0.18399 0.08932 0.46702 0.25966 ( 3)
  93 F   0.06763 0.20834 0.15906 0.56497 ( 4)
  94 Y   0.00554 0.25923 0.01359 0.72164 ( 4)
  95 G   0.09124 0.18539 0.21640 0.50698 ( 4)
  96 Q   0.00406 0.27200 0.00923 0.71472 ( 4)
  97 D   0.09923 0.17598 0.23833 0.48646 ( 4)
  98 T   0.23417 0.04181 0.60113 0.12288 ( 3)
  99 N   0.23142 0.04542 0.59039 0.13278 ( 3)
 100 Y   0.27246 0.00138 0.72197 0.00418 ( 3)
 101 G   0.27376 0.00128 0.72109 0.00386 ( 3)
 102 G   0.05615 0.22024 0.13095 0.59266 ( 4)
 103 T   0.26117 0.01475 0.68019 0.04389 ( 3)
 104 S   0.27006 0.00382 0.71458 0.01153 ( 3)
 105 S   0.22712 0.04881 0.58107 0.14300 ( 3)
 106 D   0.07817 0.19515 0.18771 0.53897 ( 4)
 107 T   0.06479 0.20853 0.15451 0.57217 ( 4)
 108 D   0.19697 0.07634 0.50338 0.22330 ( 3)
 109 F   0.06739 0.20593 0.16094 0.56574 ( 4)
 110 A   0.20305 0.07280 0.51318 0.21096 ( 3)
 111 E   0.00255 0.27189 0.00584 0.71972 ( 4)
 112 D   0.00004 0.26104 0.00023 0.73869 ( 4)
 113 S   0.02181 0.25284 0.05049 0.67486 ( 4)
 114 Y   0.00074 0.27572 0.00167 0.72187 ( 4)
 115 V   0.17154 0.10231 0.43128 0.29487 ( 3)
 116 Y   0.27463 0.00161 0.71893 0.00482 ( 3)
 117 N   0.26831 0.00606 0.70739 0.01824 ( 3)
 118 L   0.27218 0.00335 0.71441 0.01005 ( 3)
 119 W   0.04496 0.23078 0.10465 0.61962 ( 4)
 120 T   0.02810 0.24568 0.06559 0.66063 ( 4)
 121 K   0.27275 0.00441 0.70973 0.01312 ( 3)
 122 N   0.27550 0.00145 0.71872 0.00432 ( 3)
 123 Y   0.17395 0.10136 0.43429 0.29041 ( 3)
 124 E   0.26353 0.01251 0.68668 0.03727 ( 3)
 125 F   0.00985 0.26441 0.02272 0.70302 ( 4)
 126 -   0.02757 0.23822 0.06679 0.66743 ( 4)
 127 -   0.02895 0.24567 0.06728 0.65810 ( 4)
 128 -   0.11012 0.16634 0.26407 0.45947 ( 4)
 129 -   0.04314 0.23279 0.10020 0.62388 ( 4)
 130 -   0.15797 0.10384 0.42766 0.31053 ( 3)
 131 -   0.01112 0.24270 0.05258 0.69360 ( 4)
 132 -   0.05570 0.21814 0.13182 0.59434 ( 4)
 133 -   0.16584 0.11006 0.41087 0.31323 ( 3)
 134 -   0.21647 0.04579 0.59641 0.14133 ( 3)
 135 -   0.16323 0.11226 0.40482 0.31970 ( 3)
 136 I   0.25595 0.01961 0.66611 0.05833 ( 3)
 137 S   0.05130 0.18360 0.21741 0.54769 ( 4)
 138 P   0.17973 0.09612 0.44872 0.27542 ( 3)
 139 Y   0.01045 0.24950 0.03001 0.71005 ( 4)
 140 T   0.24571 0.03041 0.63409 0.08978 ( 3)
 141 D   0.00937 0.26654 0.02140 0.70269 ( 4)
 142 P   0.14983 0.12415 0.37215 0.35387 ( 3)
 143 V   0.26681 0.00942 0.69571 0.02807 ( 3)
 144 N   0.26870 0.00689 0.70379 0.02062 ( 3)
 145 I   0.00006 0.27388 0.00014 0.72591 ( 4)
 146 T   0.10910 0.16693 0.26216 0.46181 ( 4)
 147 K   0.03909 0.22832 0.09453 0.63806 ( 4)
 148 I   0.26337 0.01145 0.69089 0.03428 ( 3)
 149 N   0.19777 0.07555 0.50562 0.22106 ( 3)
 150 F   0.04630 0.02318 0.86788 0.06264 ( 3)
 151 S   0.00125 0.27267 0.00287 0.72322 ( 4)
 152 V   0.26366 0.01295 0.68492 0.03848 ( 3)
 153 T   0.25189 0.02455 0.65094 0.07261 ( 3)
 154 N   0.00356 0.27214 0.00812 0.71618 ( 4)
 155 N   0.11901 0.15671 0.28794 0.43634 ( 4)
 156 N   0.27596 0.00123 0.71914 0.00367 ( 3)
 157 S   0.00002 0.24094 0.00052 0.75852 ( 4)
 158 S   0.26314 0.01124 0.69190 0.03372 ( 3)
 159 K   0.00014 0.26064 0.00054 0.73868 ( 4)
 160 D   0.20166 0.06466 0.53680 0.19688 ( 3)
 161 E   0.00384 0.27077 0.00881 0.71658 ( 4)
 162 T   0.00034 0.27581 0.00076 0.72308 ( 4)
 163 Y   0.27382 0.00243 0.71650 0.00725 ( 3)
 164 G   0.09586 0.18091 0.22765 0.49558 ( 4)
 165 G   0.03104 0.24470 0.07172 0.65254 ( 4)
 166 E   0.00012 0.27389 0.00028 0.72571 ( 4)
 167 R   0.03193 0.16822 0.33387 0.46597 ( 4)
 168 N   0.27123 0.00595 0.70512 0.01771 ( 3)
 169 L   0.18320 0.09212 0.45960 0.26507 ( 3)
 170 P   0.20282 0.07306 0.51247 0.21165 ( 3)
 171 T   0.26659 0.00672 0.70637 0.02032 ( 3)
 172 V   0.15318 0.12257 0.37730 0.34694 ( 3)
 173 Q   0.02691 0.24689 0.06277 0.66344 ( 4)
 174 T   0.00165 0.27466 0.00375 0.71994 ( 4)
 175 N   0.00014 0.23102 0.00595 0.76289 ( 4)
 176 F   0.00324 0.27244 0.00738 0.71695 ( 4)
 177 D   0.02437 0.25001 0.05658 0.66905 ( 4)
 178 F   0.06887 0.02375 0.84614 0.06124 ( 3)
 179 L   0.13432 0.14217 0.32617 0.39735 ( 4)
 180 T   0.21773 0.05702 0.55801 0.16724 ( 3)
 181 N   0.16352 0.09891 0.44177 0.29579 ( 3)
 182 K   0.16820 0.10747 0.41781 0.30653 ( 3)
 183 V   0.18729 0.08749 0.47232 0.25290 ( 3)
 184 G   0.16311 0.11176 0.40595 0.31918 ( 3)
 185 -   0.26744 0.00839 0.69910 0.02507 ( 3)
 186 -   0.22934 0.04641 0.58803 0.13622 ( 3)
 187 -   0.05482 0.21930 0.12948 0.59640 ( 4)
 188 N   0.00306 0.27105 0.00703 0.71887 ( 4)
 189 G   0.04073 0.23323 0.09559 0.63045 ( 4)
 190 S   0.00362 0.27115 0.00830 0.71694 ( 4)
 191 P   0.27503 0.00057 0.72269 0.00171 ( 3)
 192 T   0.26005 0.01547 0.67839 0.04609 ( 3)
 193 Y   0.26899 0.00723 0.70222 0.02156 ( 3)
 194 N   0.26438 0.01066 0.69304 0.03191 ( 3)
 195 N   0.27603 0.00093 0.72028 0.00276 ( 3)
 196 -   0.13029 0.14537 0.31721 0.40712 ( 4)
 197 -   0.25379 0.02078 0.66340 0.06203 ( 3)
 198 -   0.26893 0.00686 0.70369 0.02052 ( 3)
 199 Y   0.27196 0.00189 0.72046 0.00570 ( 3)
 200 N   0.27103 0.00570 0.70630 0.01697 ( 3)
 201 H   0.27594 0.00024 0.72310 0.00073 ( 3)
 202 I   0.25448 0.01999 0.66580 0.05973 ( 3)
 203 L   0.27283 0.00200 0.71916 0.00601 ( 3)
 204 S   0.26912 0.00761 0.70062 0.02265 ( 3)
 205 Y   0.18541 0.08860 0.46914 0.25684 ( 3)
 206 M   0.26641 0.00981 0.69453 0.02925 ( 3)
 207 L   0.25836 0.01632 0.67654 0.04879 ( 3)
 208 T   0.25764 0.01692 0.67482 0.05061 ( 3)
 209 N   0.26226 0.01310 0.68553 0.03911 ( 3)
 210 G   0.01272 0.26346 0.02904 0.69477 ( 4)
 211 T   0.08876 0.18706 0.21123 0.51296 ( 4)
 212 F   0.00407 0.27238 0.00925 0.71430 ( 4)
 213 S   0.00252 0.27316 0.00575 0.71856 ( 4)
 214 Q   0.25585 0.02010 0.66438 0.05967 ( 3)
 215 K   0.14432 0.13128 0.35416 0.37024 ( 4)
 216 -   0.15340 0.11992 0.38316 0.34353 ( 3)
 217 -   0.15340 0.11992 0.38316 0.34353 ( 3)
 218 -   0.15340 0.11992 0.38316 0.34353 ( 3)
 219 -   0.15340 0.11992 0.38316 0.34353 ( 3)
 220 -   0.15340 0.11992 0.38316 0.34353 ( 3)
 221 -   0.15340 0.11992 0.38316 0.34353 ( 3)
 222 -   0.15340 0.11992 0.38316 0.34353 ( 3)
 223 -   0.15340 0.11992 0.38316 0.34353 ( 3)
 224 R   0.27061 0.00444 0.71162 0.01333 ( 3)
 225 H   0.03117 0.24281 0.07280 0.65322 ( 4)
 226 G   0.27082 0.00580 0.70609 0.01730 ( 3)
 227 Y   0.25541 0.02017 0.66444 0.05998 ( 3)
 228 T   0.25001 0.02536 0.64933 0.07530 ( 3)
 229 F   0.26955 0.00528 0.70932 0.01585 ( 3)
 230 A   0.22344 0.05250 0.57054 0.15352 ( 3)
 231 F   0.19346 0.08050 0.49171 0.23433 ( 3)
 232 T   0.27261 0.00298 0.71548 0.00894 ( 3)
 233 H   0.27594 0.00024 0.72310 0.00073 ( 3)
 234 S   0.14239 0.13289 0.34968 0.37504 ( 4)
 235 S   0.27524 0.00150 0.71878 0.00448 ( 3)

