Supplemental results for CODEML (seqf: algn  treef: tree)


dN/dS (w) for site classes (K=4)

site class             0        1       2a       2b
proportion       0.78063  0.21549  0.00304  0.00084
background w     0.09733  0.66468  0.09733  0.66468
foreground w     0.09733  0.66468 60.72211 60.72211

Naive Empirical Bayes (NEB) probabilities for 4 classes
(amino acids refer to 1st sequence: BT_Cry1Fa1)

   1 -   0.93026 0.06587 0.00362 0.00026 ( 1)
   2 -   0.23339 0.76273 0.00091 0.00297 ( 2)
   3 -   0.51868 0.48094 0.00010 0.00028 ( 1)
   4 -   0.99929 0.00051 0.00020 0.00000 ( 1)
   5 R   0.85395 0.14527 0.00061 0.00017 ( 1)
   6 I   0.99949 0.00016 0.00036 0.00000 ( 1)
   7 T   0.99806 0.00158 0.00035 0.00000 ( 1)
   8 Q   0.99698 0.00274 0.00027 0.00000 ( 1)
   9 I   0.99811 0.00140 0.00048 0.00000 ( 1)
  10 P   0.99905 0.00087 0.00008 0.00000 ( 1)
  11 L   0.91514 0.08269 0.00174 0.00043 ( 1)
  12 V   0.99942 0.00033 0.00025 0.00000 ( 1)
  13 K   0.99861 0.00128 0.00011 0.00000 ( 1)
  14 A   0.99601 0.00378 0.00021 0.00000 ( 1)
  15 H   0.99287 0.00702 0.00011 0.00000 ( 1)
  16 T   0.99482 0.00470 0.00047 0.00001 ( 1)
  17 L   0.85770 0.14204 0.00020 0.00006 ( 1)
  18 Q   0.00973 0.98419 0.00014 0.00594 ( 2)
  19 S   0.99318 0.00662 0.00020 0.00000 ( 1)
  20 G   0.99935 0.00048 0.00016 0.00000 ( 1)
  21 T   0.99288 0.00653 0.00059 0.00001 ( 1)
  22 T   0.97174 0.02716 0.00104 0.00006 ( 1)
  23 V   0.99908 0.00063 0.00029 0.00000 ( 1)
  24 V   0.98875 0.01048 0.00075 0.00002 ( 1)
  25 R   0.00643 0.99239 0.00001 0.00117 ( 2)
  26 G   0.99951 0.00034 0.00016 0.00000 ( 1)
  27 P   0.96404 0.03580 0.00014 0.00001 ( 1)
  28 G   0.99665 0.00314 0.00021 0.00000 ( 1)
  29 F   0.99968 0.00016 0.00016 0.00000 ( 1)
  30 T   0.99923 0.00045 0.00031 0.00000 ( 1)
  31 G   0.99964 0.00025 0.00011 0.00000 ( 1)
  32 G   0.99861 0.00054 0.00085 0.00000 ( 1)
  33 D   0.99765 0.00186 0.00049 0.00000 ( 1)
  34 I   0.93315 0.06568 0.00106 0.00011 ( 1)
  35 L   0.98542 0.01443 0.00014 0.00001 ( 1)
  36 -   0.79014 0.20598 0.00308 0.00080 ( 1)
  37 R   0.05343 0.94264 0.00074 0.00319 ( 2)
  38 R   0.99792 0.00194 0.00014 0.00000 ( 1)
  39 T   0.87952 0.11960 0.00070 0.00018 ( 1)
  40 S   0.96275 0.03703 0.00019 0.00003 ( 1)
  41 G   0.55747 0.43981 0.00078 0.00194 ( 1)
  42 G   0.99161 0.00821 0.00017 0.00000 ( 1)
  43 P   0.33372 0.66479 0.00054 0.00095 ( 2)
  44 F   0.71819 0.26295 0.01785 0.00101 ( 1)
  45 A   0.99913 0.00064 0.00023 0.00000 ( 1)
  46 Y   0.01571 0.98334 0.00001 0.00094 ( 2)
  47 T   0.03797 0.95765 0.00063 0.00375 ( 2)
  48 I   0.02265 0.97084 0.00168 0.00483 ( 2)
  49 V   0.99928 0.00042 0.00031 0.00000 ( 1)
  50 N   0.84127 0.12919 0.02870 0.00085 ( 1)
  51 I   0.43619 0.56199 0.00103 0.00079 ( 2)
  52 N   0.93113 0.05912 0.00953 0.00022 ( 1)
  53 G   0.00015 0.99916 0.00000 0.00070 ( 2)
  54 -   0.81173 0.18439 0.00316 0.00072 ( 1)
  55 Q   0.00047 0.99786 0.00000 0.00167 ( 2)
  56 L   0.99569 0.00408 0.00023 0.00000 ( 1)
  57 P   0.92459 0.07526 0.00013 0.00002 ( 1)
  58 Q   0.99829 0.00164 0.00006 0.00000 ( 1)
  59 R   0.99455 0.00477 0.00068 0.00001 ( 1)
  60 Y   0.99959 0.00029 0.00013 0.00000 ( 1)
  61 R   0.96845 0.03149 0.00005 0.00000 ( 1)
  62 A   0.97664 0.01987 0.00347 0.00003 ( 1)
  63 R   0.99978 0.00009 0.00012 0.00000 ( 1)
  64 I   0.99876 0.00097 0.00027 0.00000 ( 1)
  65 R   0.97784 0.02192 0.00023 0.00001 ( 1)
  66 Y   0.99916 0.00070 0.00014 0.00000 ( 1)
  67 A   0.94830 0.05142 0.00024 0.00004 ( 1)
  68 S   0.99961 0.00024 0.00015 0.00000 ( 1)
  69 T   0.99945 0.00023 0.00032 0.00000 ( 1)
  70 T   0.99946 0.00016 0.00038 0.00000 ( 1)
  71 N   0.98784 0.01205 0.00011 0.00000 ( 1)
  72 L   0.78588 0.21387 0.00017 0.00008 ( 1)
  73 R   0.99585 0.00410 0.00005 0.00000 ( 1)
  74 I   0.73920 0.26031 0.00034 0.00015 ( 1)
  75 Y   0.85155 0.14793 0.00036 0.00017 ( 1)
  76 V   0.80521 0.19431 0.00028 0.00019 ( 1)
  77 T   0.65385 0.34535 0.00038 0.00042 ( 1)
  78 V   0.31318 0.68561 0.00019 0.00102 ( 2)
  79 A   0.99345 0.00563 0.00091 0.00001 ( 1)
  80 G   0.93897 0.06053 0.00046 0.00004 ( 1)
  81 E   0.00616 0.98525 0.00020 0.00839 ( 2)
  82 R   0.89046 0.10923 0.00028 0.00003 ( 1)
  83 I   0.99075 0.00888 0.00036 0.00001 ( 1)
  84 F   0.85406 0.14383 0.00198 0.00013 ( 1)
  85 A   0.96774 0.01468 0.01750 0.00007 ( 1)
  86 G   0.81877 0.17796 0.00241 0.00085 ( 1)
  87 Q   0.01023 0.98373 0.00028 0.00576 ( 2)
  88 F   0.95266 0.04692 0.00036 0.00007 ( 1)
  89 N   0.98797 0.01177 0.00025 0.00001 ( 1)
  90 K   0.99968 0.00012 0.00020 0.00000 ( 1)
  91 T   0.99928 0.00036 0.00035 0.00000 ( 1)
  92 M   0.99785 0.00211 0.00004 0.00000 ( 1)
  93 D   0.79976 0.19963 0.00038 0.00023 ( 1)
  94 T   0.81445 0.18521 0.00018 0.00015 ( 1)
  95 G   0.92975 0.06909 0.00108 0.00008 ( 1)
  96 D   0.09314 0.90515 0.00003 0.00168 ( 2)
  97 P   0.14062 0.83027 0.01243 0.01668 ( 2)
  98 L   0.98722 0.01262 0.00015 0.00000 ( 1)
  99 T   0.99696 0.00275 0.00029 0.00000 ( 1)
 100 F   0.94087 0.05389 0.00515 0.00008 ( 1)
 101 Q   0.40208 0.34140 0.25011 0.00641 ( 1)
 102 S   0.98327 0.01328 0.00341 0.00004 ( 1)
 103 F   0.99910 0.00076 0.00014 0.00000 ( 1)
 104 S   0.46194 0.53569 0.00145 0.00091 ( 2)
 105 Y   0.01246 0.98253 0.00026 0.00474 ( 2)
 106 A   0.99810 0.00170 0.00020 0.00000 ( 1)
 107 T   0.99941 0.00016 0.00043 0.00000 ( 1)
 108 I   0.99373 0.00591 0.00035 0.00001 ( 1)
 109 N   0.00670 0.99059 0.00051 0.00220 ( 2)
 110 T   0.97677 0.02251 0.00067 0.00004 ( 1)
 111 A   0.78290 0.21570 0.00108 0.00032 ( 1)
 112 F   0.98698 0.01269 0.00032 0.00000 ( 1)
 113 T   0.98393 0.01574 0.00032 0.00002 ( 1)
 114 F   0.99856 0.00121 0.00024 0.00000 ( 1)
 115 P   0.48692 0.51280 0.00008 0.00020 ( 2)
 116 M   0.00385 0.99435 0.00000 0.00179 ( 2)
 117 S   0.00032 0.97296 0.00006 0.02665 ( 2)
 118 Q   0.00000 0.99229 0.00000 0.00771 ( 2)
 119 S   0.97425 0.02506 0.00065 0.00003 ( 1)
 120 S   0.22025 0.77959 0.00006 0.00010 ( 2)
 121 F   0.14849 0.85101 0.00005 0.00046 ( 2)
 122 T   0.99738 0.00221 0.00041 0.00000 ( 1)
 123 V   0.99086 0.00879 0.00035 0.00001 ( 1)
 124 G   0.99976 0.00010 0.00015 0.00000 ( 1)
 125 A   0.99851 0.00124 0.00025 0.00000 ( 1)
 126 D   0.99947 0.00032 0.00021 0.00000 ( 1)
 127 T   0.24557 0.75269 0.00038 0.00135 ( 2)
 128 F   0.99934 0.00046 0.00019 0.00000 ( 1)
 129 S   0.01981 0.97551 0.00070 0.00397 ( 2)
 130 S   0.93657 0.06295 0.00042 0.00005 ( 1)
 131 G   0.73150 0.26579 0.00199 0.00072 ( 1)
 132 N   0.88167 0.11210 0.00597 0.00025 ( 1)
 133 E   0.99115 0.00866 0.00018 0.00001 ( 1)
 134 V   0.99851 0.00119 0.00030 0.00000 ( 1)
 135 Y   0.99959 0.00029 0.00013 0.00000 ( 1)
 136 I   0.81939 0.17670 0.00369 0.00022 ( 1)
 137 D   0.99972 0.00008 0.00020 0.00000 ( 1)
 138 R   0.98271 0.01673 0.00055 0.00001 ( 1)
 139 F   0.81643 0.18310 0.00031 0.00016 ( 1)
 140 E   0.99973 0.00011 0.00016 0.00000 ( 1)
 141 L   0.51550 0.48018 0.00256 0.00176 ( 1)
 142 I   0.99793 0.00169 0.00038 0.00000 ( 1)
 143 P   0.78063 0.21549 0.00304 0.00084 ( 1)


lnL = -2520.788021

