Supplemental results for CODEML (seqf: algn  treef: tree)


dN/dS (w) for site classes (K=4)

site class             0        1       2a       2b
proportion       0.70425  0.13434  0.13556  0.02586
background w     0.14417  1.00000  0.14417  1.00000
foreground w     0.14417  1.00000  1.00000  1.00000

Naive Empirical Bayes (NEB) probabilities for 4 classes
(amino acids refer to 1st sequence: BT_Cry19Aa1)

   1 -   0.70425 0.13434 0.13556 0.02586 ( 1)
   2 -   0.70425 0.13434 0.13556 0.02586 ( 1)
   3 E   0.00003 0.45421 0.45833 0.08743 ( 3)
   4 V   0.99996 0.00002 0.00002 0.00000 ( 1)
   5 K   1.00000 0.00000 0.00000 0.00000 ( 1)
   6 T   0.96932 0.01393 0.01406 0.00268 ( 1)
   7 E   1.00000 0.00000 0.00000 0.00000 ( 1)
   8 L   0.99998 0.00001 0.00001 0.00000 ( 1)
   9 T   0.99995 0.00002 0.00002 0.00000 ( 1)
  10 R   1.00000 0.00000 0.00000 0.00000 ( 1)
  11 E   1.00000 0.00000 0.00000 0.00000 ( 1)
  12 I   0.99996 0.00002 0.00002 0.00000 ( 1)
  13 Y   1.00000 0.00000 0.00000 0.00000 ( 1)
  14 S   0.99667 0.00151 0.00152 0.00029 ( 1)
  15 D   0.99999 0.00001 0.00001 0.00000 ( 1)
  16 V   0.99925 0.00034 0.00034 0.00007 ( 1)
  17 I   0.99918 0.00037 0.00038 0.00007 ( 1)
  18 N   0.99973 0.00012 0.00012 0.00002 ( 1)
  19 G   0.37837 0.28236 0.28492 0.05435 ( 1)
  20 E   0.53932 0.20925 0.21115 0.04028 ( 1)
  21 I   0.01823 0.44595 0.44999 0.08584 ( 3)
  22 Y   0.16753 0.37813 0.38156 0.07278 ( 3)
  23 G   0.80882 0.08684 0.08763 0.01672 ( 1)
  24 L   0.10128 0.40822 0.41192 0.07858 ( 3)
  25 M   0.71141 0.13109 0.13227 0.02523 ( 1)
  26 -   0.52808 0.21436 0.21630 0.04126 ( 1)
  27 T   0.04202 0.43514 0.43908 0.08376 ( 3)
  28 P   0.49283 0.23037 0.23246 0.04434 ( 1)
  29 Y   0.51018 0.22249 0.22450 0.04283 ( 1)
  30 F   0.00121 0.45368 0.45779 0.08733 ( 3)
  31 S   0.91047 0.04067 0.04103 0.00783 ( 1)
  32 F   0.98552 0.00658 0.00663 0.00127 ( 1)
  33 E   0.15389 0.38433 0.38781 0.07398 ( 3)
  34 K   0.58299 0.18941 0.19113 0.03646 ( 1)
  35 A   0.02286 0.44384 0.44786 0.08543 ( 3)
  36 E   1.00000 0.00000 0.00000 0.00000 ( 1)
  37 S   0.90479 0.04325 0.04364 0.00832 ( 1)
  38 L   0.98572 0.00649 0.00654 0.00125 ( 1)
  39 Y   0.99996 0.00002 0.00002 0.00000 ( 1)
  40 T   0.99999 0.00000 0.00000 0.00000 ( 1)
  41 R   0.99733 0.00121 0.00123 0.00023 ( 1)
  42 A   0.25116 0.34014 0.34322 0.06547 ( 3)
  43 P   1.00000 0.00000 0.00000 0.00000 ( 1)
  44 H   0.99952 0.00022 0.00022 0.00004 ( 1)
  45 L   0.99816 0.00083 0.00084 0.00016 ( 1)
  46 F   0.99991 0.00004 0.00004 0.00001 ( 1)
  47 T   1.00000 0.00000 0.00000 0.00000 ( 1)
  48 W   0.99982 0.00008 0.00008 0.00002 ( 1)
  49 L   0.99987 0.00006 0.00006 0.00001 ( 1)
  50 K   0.97074 0.01329 0.01341 0.00256 ( 1)
  51 G   0.99610 0.00177 0.00179 0.00034 ( 1)
  52 F   0.99537 0.00210 0.00212 0.00040 ( 1)
  53 R   0.70448 0.13423 0.13545 0.02584 ( 1)
  54 F   1.00000 0.00000 0.00000 0.00000 ( 1)
  55 V   0.99967 0.00015 0.00015 0.00003 ( 1)
  56 T   0.99990 0.00004 0.00004 0.00001 ( 1)
  57 N   0.99954 0.00021 0.00021 0.00004 ( 1)
  58 S   0.00820 0.45050 0.45458 0.08671 ( 3)
  59 I   0.92188 0.03549 0.03581 0.00683 ( 1)
  60 S   0.71059 0.13146 0.13265 0.02530 ( 1)
  61 -   0.02739 0.44178 0.44579 0.08504 ( 3)
  62 -   0.98477 0.00692 0.00698 0.00133 ( 1)
  63 -   0.05505 0.42922 0.43311 0.08262 ( 3)
  64 -   0.00067 0.45392 0.45804 0.08737 ( 3)
  65 -   0.22894 0.35024 0.35341 0.06741 ( 3)
  66 -   0.79109 0.09489 0.09575 0.01827 ( 1)
  67 Y   0.00293 0.45290 0.45700 0.08718 ( 3)
  68 W   0.82374 0.08006 0.08079 0.01541 ( 1)
  69 T   0.63935 0.16382 0.16530 0.03153 ( 1)
  70 F   0.99609 0.00178 0.00179 0.00034 ( 1)
  71 L   0.99999 0.00001 0.00001 0.00000 ( 1)
  72 S   0.99489 0.00232 0.00234 0.00045 ( 1)
  73 G   0.99999 0.00001 0.00001 0.00000 ( 1)
  74 G   0.00129 0.45364 0.45775 0.08732 ( 3)
  75 Q   0.69504 0.13852 0.13978 0.02666 ( 1)
  76 N   0.99982 0.00008 0.00008 0.00002 ( 1)
  77 K   0.90617 0.04262 0.04300 0.00820 ( 1)
  78 Y   0.99919 0.00037 0.00037 0.00007 ( 1)
  79 S   0.98768 0.00560 0.00565 0.00108 ( 1)
  80 Y   0.78466 0.09781 0.09870 0.01883 ( 1)
  81 T   0.99736 0.00120 0.00121 0.00023 ( 1)
  82 N   0.01408 0.44783 0.45189 0.08620 ( 3)
  83 -   0.82330 0.08026 0.08099 0.01545 ( 1)
  84 N   0.00063 0.45394 0.45805 0.08738 ( 3)
  85 S   0.00215 0.45325 0.45736 0.08724 ( 3)
  86 S   0.00242 0.45313 0.45723 0.08722 ( 3)
  87 I   0.91195 0.04000 0.04036 0.00770 ( 1)
  88 N   0.00007 0.45420 0.45831 0.08743 ( 3)
  89 E   0.00002 0.45422 0.45833 0.08743 ( 3)
  90 G   0.99633 0.00167 0.00168 0.00032 ( 1)
  91 S   0.99959 0.00019 0.00019 0.00004 ( 1)
  92 F   0.99418 0.00265 0.00267 0.00051 ( 1)
  93 R   0.00000 0.45423 0.45834 0.08743 ( 3)
  94 G   0.99999 0.00000 0.00000 0.00000 ( 1)
  95 Q   0.01027 0.44956 0.45364 0.08653 ( 3)
  96 D   0.70469 0.13414 0.13535 0.02582 ( 1)
  97 T   0.31812 0.30973 0.31253 0.05962 ( 1)
  98 D   0.00174 0.45344 0.45755 0.08728 ( 3)
  99 Y   0.88433 0.05254 0.05302 0.01011 ( 1)
 100 G   0.99316 0.00311 0.00314 0.00060 ( 1)
 101 G   0.99902 0.00044 0.00045 0.00009 ( 1)
 102 T   0.92766 0.03286 0.03316 0.00632 ( 1)
 103 S   0.06054 0.42673 0.43059 0.08214 ( 3)
 104 S   0.99928 0.00033 0.00033 0.00006 ( 1)
 105 T   0.00979 0.44978 0.45385 0.08658 ( 3)
 106 I   0.86189 0.06273 0.06330 0.01207 ( 1)
 107 N   0.02711 0.44191 0.44592 0.08506 ( 3)
 108 I   0.98592 0.00640 0.00646 0.00123 ( 1)
 109 P   0.00022 0.45413 0.45824 0.08741 ( 3)
 110 S   0.00526 0.45184 0.45593 0.08697 ( 3)
 111 N   0.11195 0.40337 0.40703 0.07764 ( 3)
 112 S   0.00658 0.45124 0.45533 0.08686 ( 3)
 113 Y   0.74856 0.11421 0.11524 0.02198 ( 1)
 114 V   0.96837 0.01437 0.01450 0.00277 ( 1)
 115 Y   0.99988 0.00006 0.00006 0.00001 ( 1)
 116 N   0.89237 0.04889 0.04933 0.00941 ( 1)
 117 L   0.97483 0.01143 0.01153 0.00220 ( 1)
 118 W   0.15898 0.38201 0.38548 0.07353 ( 3)
 119 T   0.45998 0.24529 0.24751 0.04721 ( 1)
 120 E   0.99435 0.00257 0.00259 0.00049 ( 1)
 121 N   0.86417 0.06170 0.06226 0.01188 ( 1)
 122 Y   0.99895 0.00048 0.00048 0.00009 ( 1)
 123 E   0.88017 0.05443 0.05492 0.01048 ( 1)
 124 Y   0.00009 0.45419 0.45830 0.08742 ( 3)
 125 I   0.90917 0.04126 0.04163 0.00794 ( 1)
 126 Y   0.94849 0.02340 0.02361 0.00450 ( 1)
 127 P   0.92542 0.03388 0.03418 0.00652 ( 1)
 128 W   0.48797 0.23258 0.23468 0.04477 ( 1)
 129 G   0.00000 0.45422 0.45834 0.08743 ( 3)
 130 D   0.99492 0.00231 0.00233 0.00044 ( 1)
 131 P   0.78022 0.09983 0.10074 0.01922 ( 1)
 132 V   0.05971 0.42710 0.43098 0.08221 ( 3)
 133 N   0.99953 0.00021 0.00021 0.00004 ( 1)
 134 I   0.99994 0.00003 0.00003 0.00001 ( 1)
 135 T   0.21657 0.35586 0.35908 0.06850 ( 3)
 136 K   0.96749 0.01476 0.01490 0.00284 ( 1)
 137 M   0.99985 0.00007 0.00007 0.00001 ( 1)
 138 N   0.89174 0.04918 0.04962 0.00947 ( 1)
 139 F   1.00000 0.00000 0.00000 0.00000 ( 1)
 140 S   0.98413 0.00721 0.00727 0.00139 ( 1)
 141 V   0.00033 0.45407 0.45819 0.08740 ( 3)
 142 T   0.98257 0.00792 0.00799 0.00152 ( 1)
 143 D   0.99944 0.00025 0.00026 0.00005 ( 1)
 144 -   0.77953 0.10014 0.10105 0.01928 ( 1)
 145 N   0.99999 0.00001 0.00001 0.00000 ( 1)
 146 -   0.63916 0.16390 0.16539 0.03155 ( 1)
 147 N   0.99998 0.00001 0.00001 0.00000 ( 1)
 148 S   0.00186 0.45338 0.45749 0.08727 ( 3)
 149 S   0.04791 0.43246 0.43638 0.08324 ( 3)
 150 K   0.00048 0.45401 0.45812 0.08739 ( 3)
 151 E   0.86245 0.06248 0.06304 0.01203 ( 1)
 152 L   0.00141 0.45358 0.45769 0.08731 ( 3)
 153 I   0.77038 0.10430 0.10524 0.02008 ( 1)
 154 Y   1.00000 0.00000 0.00000 0.00000 ( 1)
 155 G   0.99776 0.00102 0.00103 0.00020 ( 1)
 156 -   0.60672 0.17864 0.18026 0.03438 ( 1)
 157 -   0.51090 0.22216 0.22418 0.04276 ( 1)
 158 A   0.51644 0.21965 0.22164 0.04228 ( 1)
 159 H   0.01172 0.44890 0.45297 0.08641 ( 3)
 160 R   0.81921 0.08212 0.08286 0.01581 ( 1)
 161 T   0.30017 0.31788 0.32076 0.06119 ( 3)
 162 N   0.99953 0.00021 0.00022 0.00004 ( 1)
 163 K   0.11022 0.40416 0.40782 0.07779 ( 3)
 164 P   0.99987 0.00006 0.00006 0.00001 ( 1)
 165 V   0.70856 0.13238 0.13358 0.02548 ( 1)
 166 V   0.99994 0.00003 0.00003 0.00001 ( 1)
 167 R   0.85362 0.06649 0.06709 0.01280 ( 1)
 168 T   0.99985 0.00007 0.00007 0.00001 ( 1)
 169 D   0.99880 0.00054 0.00055 0.00010 ( 1)
 170 F   0.99990 0.00005 0.00005 0.00001 ( 1)
 171 D   0.97668 0.01059 0.01069 0.00204 ( 1)
 172 F   0.99993 0.00003 0.00003 0.00001 ( 1)
 173 -   0.41035 0.26783 0.27026 0.05155 ( 1)
 174 L   0.99868 0.00060 0.00061 0.00012 ( 1)
 175 T   0.34836 0.29599 0.29868 0.05697 ( 1)
 176 N   0.99362 0.00290 0.00292 0.00056 ( 1)
 177 K   0.99959 0.00019 0.00019 0.00004 ( 1)
 178 E   0.15461 0.38400 0.38748 0.07391 ( 3)
 179 G   0.87930 0.05483 0.05532 0.01055 ( 1)
 180 T   0.99819 0.00082 0.00083 0.00016 ( 1)
 181 E   0.26332 0.33462 0.33765 0.06441 ( 3)
 182 L   0.39563 0.27452 0.27701 0.05284 ( 1)
 183 A   0.44436 0.25239 0.25467 0.04858 ( 1)
 184 K   0.99744 0.00116 0.00118 0.00022 ( 1)
 185 Y   0.94814 0.02356 0.02377 0.00453 ( 1)
 186 N   0.99991 0.00004 0.00004 0.00001 ( 1)
 187 D   0.99662 0.00153 0.00155 0.00030 ( 1)
 188 Y   0.99995 0.00002 0.00003 0.00000 ( 1)
 189 N   0.28792 0.32345 0.32638 0.06226 ( 3)
 190 H   1.00000 0.00000 0.00000 0.00000 ( 1)
 191 I   0.99998 0.00001 0.00001 0.00000 ( 1)
 192 L   0.99999 0.00000 0.00000 0.00000 ( 1)
 193 S   0.99998 0.00001 0.00001 0.00000 ( 1)
 194 Y   0.99903 0.00044 0.00044 0.00008 ( 1)
 195 M   0.98603 0.00635 0.00640 0.00122 ( 1)
 196 L   0.99771 0.00104 0.00105 0.00020 ( 1)
 197 I   0.94591 0.02457 0.02479 0.00473 ( 1)
 198 N   0.99704 0.00134 0.00136 0.00026 ( 1)
 199 -   0.96938 0.01391 0.01404 0.00268 ( 1)
 200 -   0.75742 0.11019 0.11118 0.02121 ( 1)
 201 -   0.72662 0.12418 0.12530 0.02390 ( 1)
 202 -   0.29410 0.32064 0.32354 0.06172 ( 3)
 203 G   0.90798 0.04180 0.04218 0.00805 ( 1)
 204 E   0.00312 0.45281 0.45691 0.08716 ( 3)
 205 T   0.92780 0.03279 0.03309 0.00631 ( 1)
 206 F   0.58661 0.18777 0.18948 0.03614 ( 1)
 207 G   0.82509 0.07945 0.08017 0.01529 ( 1)
 208 Q   0.00101 0.45377 0.45788 0.08734 ( 3)
 209 K   0.95335 0.02119 0.02138 0.00408 ( 1)
 210 R   0.72878 0.12320 0.12431 0.02371 ( 1)
 211 H   0.98726 0.00579 0.00584 0.00111 ( 1)
 212 G   0.99994 0.00003 0.00003 0.00001 ( 1)
 213 Y   0.99966 0.00016 0.00016 0.00003 ( 1)
 214 S   0.99153 0.00385 0.00388 0.00074 ( 1)
 215 F   1.00000 0.00000 0.00000 0.00000 ( 1)
 216 A   0.99789 0.00096 0.00097 0.00018 ( 1)
 217 F   0.99999 0.00000 0.00000 0.00000 ( 1)
 218 T   0.99984 0.00007 0.00007 0.00001 ( 1)
 219 H   1.00000 0.00000 0.00000 0.00000 ( 1)
 220 S   0.99999 0.00000 0.00000 0.00000 ( 1)
 221 S   1.00000 0.00000 0.00000 0.00000 ( 1)
 222 -   0.70425 0.13434 0.13556 0.02586 ( 1)
 223 -   0.70425 0.13434 0.13556 0.02586 ( 1)


lnL = -6183.178492

