Supplemental results for CODEML (seqf: algn  treef: tree)


dN/dS (w) for site classes (K=4)

site class             0        1       2a       2b
proportion       0.33559  0.60388  0.02162  0.03891
background w     0.11411  0.71375  0.11411  0.71375
foreground w     0.11411  0.71375 999.00000 999.00000

Naive Empirical Bayes (NEB) probabilities for 4 classes
(amino acids refer to 1st sequence: BT_Cry20Aa1)

   1 -   0.82113 0.11835 0.05290 0.00762 ( 1)
   2 -   0.09081 0.84866 0.00585 0.05468 ( 2)
   3 -   0.00544 0.93403 0.00035 0.06018 ( 2)
   4 E   0.00088 0.93860 0.00006 0.06047 ( 2)
   5 V   0.00008 0.99241 0.00000 0.00751 ( 2)
   6 I   0.89257 0.10093 0.00576 0.00074 ( 1)
   7 S   0.00000 0.80732 0.00000 0.19268 ( 2)
   8 I   0.00007 0.99225 0.00000 0.00768 ( 2)
   9 I   0.01083 0.98140 0.00007 0.00770 ( 2)
  10 Q   0.00000 0.05152 0.00000 0.94848 ( 4)
  11 D   0.00000 0.99539 0.00000 0.00461 ( 2)
  12 A   0.25036 0.74258 0.00162 0.00544 ( 2)
  13 L   0.84505 0.12550 0.02441 0.00504 ( 1)
  14 G   0.00000 0.99367 0.00000 0.00633 ( 2)
  15 F   0.00000 0.99469 0.00000 0.00531 ( 2)
  16 I   0.00380 0.99106 0.00002 0.00513 ( 2)
  17 R   0.00000 0.99517 0.00000 0.00483 ( 2)
  18 -   0.00122 0.08071 0.32466 0.59341 ( 4)
  19 -   0.00163 0.10555 0.31636 0.57646 ( 4)
  20 -   0.00045 0.89689 0.00074 0.10192 ( 2)
  21 -   0.00256 0.91043 0.00257 0.08444 ( 2)
  22 -   0.15793 0.83629 0.00088 0.00490 ( 2)
  23 -   0.00002 0.87246 0.00002 0.12751 ( 2)
  24 -   0.00143 0.99244 0.00001 0.00612 ( 2)
  25 N   0.00000 0.99406 0.00000 0.00594 ( 2)
  26 G   0.00005 0.99386 0.00000 0.00609 ( 2)
  27 T   0.13687 0.14131 0.68734 0.03449 ( 3)
  28 G   0.00028 0.97959 0.00001 0.02012 ( 2)
  29 N   0.00011 0.99411 0.00000 0.00577 ( 2)
  30 E   0.54732 0.36410 0.05959 0.02899 ( 1)
  31 L   0.98567 0.00008 0.01424 0.00000 ( 1)
  32 L   0.98046 0.01302 0.00642 0.00010 ( 1)
  33 I   0.00025 0.98994 0.00000 0.00981 ( 2)
  34 H   0.99595 0.00013 0.00392 0.00000 ( 1)
  35 V   0.98769 0.00487 0.00740 0.00004 ( 1)
  36 E   0.01142 0.98180 0.00007 0.00670 ( 2)
  37 Q   0.01259 0.98025 0.00009 0.00707 ( 2)
  38 L   0.99521 0.00004 0.00474 0.00000 ( 1)
  39 I   0.99452 0.00000 0.00548 0.00000 ( 1)
  40 Q   0.14459 0.84958 0.00078 0.00504 ( 2)
  41 Q   0.00349 0.68257 0.00197 0.31198 ( 2)
  42 T   0.00000 0.88949 0.00000 0.11051 ( 2)
  43 L   0.97311 0.02021 0.00653 0.00015 ( 1)
  44 A   0.00136 0.99311 0.00001 0.00552 ( 2)
  45 T   0.00002 0.99336 0.00000 0.00662 ( 2)
  46 Q   0.00001 0.93134 0.00000 0.06865 ( 2)
  47 Y   0.27165 0.72126 0.00176 0.00533 ( 2)
  48 R   0.92199 0.07299 0.00463 0.00039 ( 1)
  49 S   0.00001 0.99325 0.00000 0.00674 ( 2)
  50 A   0.00000 0.89454 0.00000 0.10546 ( 2)
  51 A   0.70931 0.28451 0.00438 0.00180 ( 1)
  52 T   0.00000 0.99579 0.00000 0.00421 ( 2)
  53 G   0.00001 0.99561 0.00000 0.00438 ( 2)
  54 A   0.00113 0.99315 0.00001 0.00571 ( 2)
  55 I   0.99244 0.00004 0.00751 0.00000 ( 1)
  56 -   0.33559 0.60388 0.02162 0.03891 ( 2)
  57 Y   0.00542 0.98872 0.00003 0.00582 ( 2)
  58 G   0.39867 0.56876 0.01342 0.01915 ( 2)
  59 I   0.00506 0.98430 0.00005 0.01059 ( 2)
  60 S   0.00001 0.98730 0.00000 0.01269 ( 2)
  61 R   0.00000 0.96591 0.00000 0.03409 ( 2)
  62 S   0.00001 0.99159 0.00000 0.00840 ( 2)
  63 Y   0.99340 0.00023 0.00637 0.00000 ( 1)
  64 D   0.00000 0.99439 0.00000 0.00561 ( 2)
  65 N   0.00000 0.13337 0.00000 0.86663 ( 4)
  66 -   0.55435 0.38512 0.03572 0.02481 ( 1)
  67 Y   0.96642 0.00000 0.03358 0.00000 ( 1)
  68 L   0.99523 0.00002 0.00475 0.00000 ( 1)
  69 M   0.00000 0.99426 0.00000 0.00574 ( 2)
  70 F   0.03314 0.96160 0.00017 0.00510 ( 2)
  71 F   0.91183 0.08274 0.00493 0.00050 ( 1)
  72 R   0.00000 0.99310 0.00000 0.00690 ( 2)
  73 Q   0.00000 0.02420 0.00000 0.97580 ( 4)
  74 W   0.94963 0.03031 0.01944 0.00062 ( 1)
  75 E   0.00345 0.98938 0.00002 0.00714 ( 2)
  76 R   0.00001 0.93807 0.00000 0.06192 ( 2)
  77 N   0.00743 0.98696 0.00004 0.00557 ( 2)
  78 R   0.00054 0.99111 0.00000 0.00835 ( 2)
  79 -   0.00021 0.98719 0.00000 0.01259 ( 2)
  80 -   0.74766 0.19181 0.04817 0.01236 ( 1)
  81 -   0.00993 0.92954 0.00064 0.05989 ( 2)
  82 -   0.02803 0.91144 0.00181 0.05872 ( 2)
  83 -   0.05417 0.88530 0.00349 0.05704 ( 2)
  84 -   0.05349 0.88598 0.00345 0.05708 ( 2)
  85 -   0.33559 0.60388 0.02162 0.03891 ( 2)
  86 T   0.24298 0.75123 0.00127 0.00453 ( 2)
  87 R   0.00000 0.99257 0.00000 0.00743 ( 2)
  88 E   0.00000 0.03376 0.00000 0.96624 ( 4)
  89 N   0.00000 0.99039 0.00000 0.00961 ( 2)
  90 G   0.30298 0.69137 0.00171 0.00395 ( 2)
  91 Q   0.00000 0.99367 0.00000 0.00633 ( 2)
  92 Q   0.00000 0.30050 0.00000 0.69950 ( 4)
  93 V   0.30020 0.68532 0.00442 0.01006 ( 2)
  94 E   0.00143 0.99043 0.00001 0.00813 ( 2)
  95 S   0.00000 0.88422 0.00000 0.11578 ( 2)
  96 A   0.00016 0.92279 0.00001 0.07703 ( 2)
  97 F   0.99450 0.00019 0.00531 0.00000 ( 1)
  98 T   0.00000 0.99179 0.00000 0.00821 ( 2)
  99 T   0.00000 0.85754 0.00000 0.14246 ( 2)
 100 I   0.00009 0.99458 0.00000 0.00533 ( 2)
 101 N   0.94359 0.00127 0.05506 0.00008 ( 1)
 102 T   0.00000 0.71042 0.00000 0.28957 ( 2)
 103 L   0.00000 0.99437 0.00000 0.00563 ( 2)
 104 C   0.98297 0.01170 0.00526 0.00007 ( 1)
 105 I   0.01351 0.97883 0.00009 0.00757 ( 2)
 106 N   0.00000 0.99399 0.00000 0.00601 ( 2)
 107 A   0.02284 0.97178 0.00011 0.00526 ( 2)
 108 L   0.98528 0.00057 0.01414 0.00001 ( 1)
 109 A   0.10667 0.88666 0.00070 0.00597 ( 2)
 110 -   0.00818 0.95864 0.00028 0.03290 ( 2)
 111 -   0.46474 0.52991 0.00243 0.00292 ( 2)
 112 -   0.20798 0.78579 0.00117 0.00506 ( 2)
 113 -   0.15256 0.84084 0.00096 0.00564 ( 2)
 114 -   0.44601 0.47277 0.02981 0.05141 ( 2)
 115 -   0.38707 0.60834 0.00169 0.00290 ( 2)
 116 -   0.36181 0.62063 0.00644 0.01113 ( 2)
 117 P   0.01300 0.97645 0.00014 0.01041 ( 2)
 118 Q   0.00000 0.24004 0.00001 0.75995 ( 4)
 119 A   0.00446 0.98991 0.00002 0.00560 ( 2)
 120 S   0.00000 0.99483 0.00000 0.00517 ( 2)
 121 L   0.98824 0.00504 0.00669 0.00004 ( 1)
 122 S   0.00112 0.99334 0.00001 0.00553 ( 2)
 123 R   0.00008 0.98817 0.00000 0.01174 ( 2)
 124 R   0.00000 0.99418 0.00000 0.00582 ( 2)
 125 G   0.00898 0.98531 0.00005 0.00566 ( 2)
 126 F   0.02436 0.96847 0.00017 0.00701 ( 2)
 127 E   0.89480 0.09896 0.00556 0.00068 ( 1)
 128 T   0.98946 0.00266 0.00785 0.00002 ( 1)
 129 L   0.50928 0.47294 0.00921 0.00857 ( 1)
 130 L   0.99420 0.00011 0.00569 0.00000 ( 1)
 131 L   0.99044 0.00005 0.00950 0.00000 ( 1)
 132 P   0.99303 0.00000 0.00697 0.00000 ( 1)
 133 N   0.11345 0.88245 0.00043 0.00366 ( 2)
 134 Y   0.99276 0.00087 0.00637 0.00001 ( 1)
 135 A   0.00299 0.99094 0.00002 0.00605 ( 2)
 136 M   0.12488 0.86723 0.00098 0.00691 ( 2)
 137 A   0.98129 0.01374 0.00490 0.00007 ( 1)
 138 A   0.99411 0.00001 0.00588 0.00000 ( 1)
 139 N   0.99325 0.00156 0.00518 0.00001 ( 1)
 140 F   0.00102 0.98906 0.00001 0.00991 ( 2)
 141 H   0.99608 0.00000 0.00392 0.00000 ( 1)
 142 L   0.99048 0.00002 0.00950 0.00000 ( 1)
 143 L   0.18431 0.78746 0.00469 0.02354 ( 2)
 144 L   0.92966 0.05619 0.01334 0.00081 ( 1)
 145 L   0.99050 0.00001 0.00949 0.00000 ( 1)
 146 R   0.96107 0.00652 0.03217 0.00024 ( 1)
 147 D   0.99514 0.00000 0.00486 0.00000 ( 1)
 148 A   0.99479 0.00024 0.00496 0.00000 ( 1)
 149 V   0.94826 0.04534 0.00609 0.00032 ( 1)
 150 L   0.00002 0.96879 0.00000 0.03120 ( 2)
 151 Y   0.99359 0.00003 0.00637 0.00000 ( 1)
 152 R   0.00381 0.98870 0.00003 0.00746 ( 2)
 153 N   0.00000 0.91798 0.00000 0.08202 ( 2)
 154 Q   0.00000 0.11446 0.00000 0.88554 ( 4)
 155 W   0.54022 0.43971 0.01106 0.00901 ( 1)
 156 L   0.00000 0.85651 0.00000 0.14349 ( 2)
 157 S   0.00001 0.99002 0.00000 0.00997 ( 2)
 158 N   0.00002 0.99259 0.00000 0.00739 ( 2)
 159 S   0.00000 0.90793 0.00000 0.09207 ( 2)
 160 I   0.00004 0.99448 0.00000 0.00548 ( 2)
 161 S   0.00041 0.93906 0.00003 0.06050 ( 2)
 162 T   0.00088 0.93859 0.00006 0.06047 ( 2)
 163 -   0.02189 0.91758 0.00141 0.05912 ( 2)
 164 -   0.00086 0.93861 0.00006 0.06047 ( 2)
 165 -   0.00020 0.93927 0.00001 0.06052 ( 2)
 166 -   0.00134 0.93813 0.00009 0.06044 ( 2)
 167 -   0.49013 0.44934 0.03158 0.02895 ( 1)
 168 -   0.01570 0.92377 0.00101 0.05952 ( 2)
 169 -   0.01996 0.91951 0.00129 0.05924 ( 2)
 170 -   0.78069 0.15878 0.05030 0.01023 ( 1)
 171 -   0.26396 0.67551 0.01701 0.04352 ( 2)
 172 -   0.12420 0.81528 0.00800 0.05253 ( 2)
 173 -   0.27526 0.66421 0.01773 0.04279 ( 2)
 174 -   0.05017 0.88930 0.00323 0.05730 ( 2)
 175 -   0.39103 0.54844 0.02519 0.03533 ( 2)
 176 -   0.41574 0.52373 0.02679 0.03374 ( 2)
 177 -   0.40777 0.53171 0.02627 0.03426 ( 2)
 178 A   0.00003 0.99361 0.00000 0.00636 ( 2)
 179 N   0.00000 0.99598 0.00000 0.00402 ( 2)
 180 V   0.00039 0.93382 0.00008 0.06571 ( 2)
 181 N   0.99328 0.00034 0.00638 0.00000 ( 1)
 182 L   0.00000 0.99198 0.00000 0.00802 ( 2)
 183 N   0.00000 0.99382 0.00000 0.00618 ( 2)
 184 I   0.01518 0.97947 0.00008 0.00528 ( 2)
 185 L   0.97668 0.00728 0.01592 0.00012 ( 1)
 186 R   0.00010 0.99279 0.00000 0.00711 ( 2)
 187 A   0.00000 0.99432 0.00000 0.00568 ( 2)
 188 A   0.00000 0.99352 0.00000 0.00647 ( 2)
 189 I   0.98595 0.00729 0.00670 0.00006 ( 1)
 190 N   0.00000 0.99328 0.00000 0.00672 ( 2)
 191 E   0.00000 0.99437 0.00000 0.00563 ( 2)
 192 Y   0.99363 0.00000 0.00637 0.00000 ( 1)
 193 I   0.05376 0.94092 0.00027 0.00505 ( 2)
 194 T   0.99308 0.00160 0.00531 0.00001 ( 1)
 195 H   0.99305 0.00056 0.00639 0.00000 ( 1)
 196 C   0.99520 0.00001 0.00479 0.00000 ( 1)
 197 T   0.00001 0.99355 0.00000 0.00644 ( 2)
 198 R   0.00000 0.98963 0.00000 0.01037 ( 2)
 199 W   0.00003 0.96635 0.00000 0.03362 ( 2)
 200 Y   0.99418 0.00000 0.00582 0.00000 ( 1)
 201 Q   0.06426 0.93144 0.00026 0.00403 ( 2)
 202 D   0.00000 0.82819 0.00000 0.17181 ( 2)
 203 G   0.99574 0.00000 0.00426 0.00000 ( 1)
 204 L   0.99037 0.00013 0.00951 0.00000 ( 1)
 205 N   0.99422 0.00043 0.00535 0.00000 ( 1)
 206 R   0.00093 0.99280 0.00001 0.00626 ( 2)
 207 F   0.98572 0.00474 0.00949 0.00005 ( 1)
 208 D   0.07667 0.91613 0.00051 0.00669 ( 2)
 209 R   0.00000 0.99254 0.00000 0.00746 ( 2)
 210 S   0.00000 0.99278 0.00000 0.00722 ( 2)
 211 S   0.99390 0.00183 0.00426 0.00001 ( 1)
 212 R   0.33559 0.60388 0.02162 0.03891 ( 2)
 213 A   0.00275 0.98642 0.00003 0.01080 ( 2)
 214 N   0.00039 0.99376 0.00000 0.00584 ( 2)
 215 M   0.19417 0.80056 0.00097 0.00430 ( 2)
 216 N   0.00000 0.99170 0.00000 0.00830 ( 2)
 217 E   0.00000 0.99594 0.00000 0.00406 ( 2)
 218 W   0.97566 0.00428 0.01997 0.00009 ( 1)
 219 R   0.00009 0.99006 0.00000 0.00985 ( 2)
 220 R   0.61542 0.37889 0.00348 0.00221 ( 1)
 221 F   0.99469 0.00000 0.00531 0.00000 ( 1)
 222 N   0.99481 0.00001 0.00519 0.00000 ( 1)
 223 A   0.00052 0.99473 0.00000 0.00475 ( 2)
 224 Y   0.99465 0.00004 0.00532 0.00000 ( 1)
 225 R   0.99438 0.00004 0.00558 0.00000 ( 1)
 226 R   0.99493 0.00008 0.00498 0.00000 ( 1)
 227 D   0.99486 0.00028 0.00486 0.00000 ( 1)
 228 M   0.99625 0.00000 0.00375 0.00000 ( 1)
 229 T   0.99416 0.00000 0.00584 0.00000 ( 1)
 230 L   0.98691 0.00352 0.00953 0.00003 ( 1)
 231 S   0.00003 0.99572 0.00000 0.00424 ( 2)
 232 V   0.99282 0.00000 0.00718 0.00000 ( 1)
 233 L   0.99046 0.00004 0.00949 0.00000 ( 1)
 234 D   0.99513 0.00000 0.00487 0.00000 ( 1)
 235 F   0.98837 0.00122 0.01040 0.00001 ( 1)
 236 A   0.98960 0.00334 0.00704 0.00003 ( 1)
 237 T   0.44871 0.54515 0.00266 0.00349 ( 2)
 238 V   0.48960 0.46412 0.02499 0.02129 ( 1)
 239 F   0.99468 0.00001 0.00531 0.00000 ( 1)
 240 P   0.99064 0.00239 0.00695 0.00002 ( 1)
 241 T   0.00666 0.98786 0.00004 0.00545 ( 2)


lnL = -10813.722124

