Supplemental results for CODEML (seqf: algn  treef: tree)


dN/dS (w) for site classes (K=4)

site class             0        1       2a       2b
proportion       0.45413  0.53486  0.00505  0.00595
background w     0.10415  1.00000  0.10415  1.00000
foreground w     0.10415  1.00000 25.13989 25.13989

Naive Empirical Bayes (NEB) probabilities for 4 classes
(amino acids refer to 1st sequence: BT_Cry7Ba1)

   1 -   0.77042 0.22821 0.00098 0.00039 ( 1)
   2 -   0.74403 0.25423 0.00121 0.00054 ( 1)
   3 T   0.09023 0.82861 0.01995 0.06120 ( 2)
   4 V   0.17692 0.81206 0.00265 0.00838 ( 2)
   5 E   0.96536 0.03176 0.00276 0.00012 ( 1)
   6 L   0.88625 0.11035 0.00301 0.00039 ( 1)
   7 T   0.96891 0.02948 0.00156 0.00006 ( 1)
   8 R   0.97914 0.01972 0.00112 0.00003 ( 1)
   9 T   0.15638 0.84158 0.00030 0.00175 ( 2)
  10 I   0.98838 0.01050 0.00111 0.00002 ( 1)
  11 Y   0.71303 0.28441 0.00162 0.00095 ( 1)
  12 T   0.13793 0.86006 0.00022 0.00178 ( 2)
  13 D   0.99303 0.00600 0.00096 0.00001 ( 1)
  14 P   0.95071 0.04756 0.00164 0.00009 ( 1)
  15 L   0.77494 0.22355 0.00110 0.00041 ( 1)
  16 G   0.98649 0.01261 0.00089 0.00001 ( 1)
  17 Y   0.12641 0.87232 0.00014 0.00114 ( 2)
  18 T   0.11305 0.88290 0.00043 0.00363 ( 2)
  19 G   0.90932 0.08904 0.00149 0.00016 ( 1)
  20 Y   0.44808 0.55044 0.00053 0.00096 ( 2)
  21 S   0.03385 0.96415 0.00004 0.00196 ( 2)
  22 N   0.41357 0.58384 0.00104 0.00155 ( 2)
  23 D   0.01465 0.98185 0.00004 0.00346 ( 2)
  24 E   0.84697 0.15157 0.00118 0.00028 ( 1)
  25 H   0.89893 0.09967 0.00122 0.00017 ( 1)
  26 P   0.91507 0.08386 0.00096 0.00010 ( 1)
  27 T   0.03708 0.96131 0.00004 0.00157 ( 2)
  28 Y   0.15232 0.84332 0.00065 0.00371 ( 2)
  29 Y   0.98248 0.01623 0.00126 0.00003 ( 1)
  30 -   0.17221 0.79126 0.02399 0.01253 ( 2)
  31 S   0.82449 0.17433 0.00092 0.00026 ( 1)
  32 S   0.72742 0.27078 0.00124 0.00056 ( 1)
  33 A   0.17195 0.82694 0.00014 0.00097 ( 2)
  34 K   0.00221 0.98807 0.00003 0.00969 ( 2)
  35 P   0.00003 0.99671 0.00000 0.00325 ( 2)
  36 F   0.94841 0.04794 0.00347 0.00018 ( 1)
  37 S   0.00129 0.99371 0.00001 0.00500 ( 2)
  38 S   0.18175 0.81130 0.00125 0.00570 ( 2)
  39 I   0.97893 0.01970 0.00133 0.00003 ( 1)
  40 E   0.96157 0.03715 0.00122 0.00006 ( 1)
  41 S   0.95400 0.04477 0.00114 0.00009 ( 1)
  42 R   0.01522 0.16927 0.76537 0.05014 ( 3)
  43 A   0.91150 0.08687 0.00147 0.00017 ( 1)
  44 V   0.20859 0.78854 0.00049 0.00238 ( 2)
  45 L   0.55488 0.44332 0.00096 0.00085 ( 1)
  46 A   0.03530 0.96198 0.00007 0.00265 ( 2)
  47 P   0.81247 0.18140 0.00498 0.00115 ( 1)
  48 S   0.00880 0.97327 0.00010 0.01783 ( 2)
  49 L   0.93148 0.06636 0.00200 0.00016 ( 1)
  50 F   0.86261 0.13373 0.00316 0.00051 ( 1)
  51 K   0.58442 0.41368 0.00108 0.00083 ( 1)
  52 W   0.79392 0.20185 0.00335 0.00088 ( 1)
  53 I   0.39526 0.60235 0.00088 0.00150 ( 2)
  54 T   0.98535 0.01342 0.00121 0.00002 ( 1)
  55 Q   0.05533 0.94154 0.00049 0.00264 ( 2)
  56 L   0.28164 0.71519 0.00072 0.00245 ( 2)
  57 E   0.00199 0.99503 0.00001 0.00296 ( 2)
  58 V   0.97401 0.02481 0.00115 0.00004 ( 1)
  59 Y   0.00424 0.93142 0.00464 0.05970 ( 2)
  60 T   0.00213 0.96033 0.00331 0.03423 ( 2)
  61 K   0.00378 0.99439 0.00001 0.00182 ( 2)
  62 K   0.00000 0.95748 0.00000 0.04252 ( 2)
  63 Y   0.01356 0.98485 0.00002 0.00157 ( 2)
  64 S   0.00001 0.94100 0.00000 0.05899 ( 2)
  65 Y   0.02655 0.97073 0.00007 0.00265 ( 2)
  66 S   0.01019 0.98777 0.00001 0.00203 ( 2)
  67 S   0.29326 0.70517 0.00032 0.00124 ( 2)
  68 Q   0.00004 0.92374 0.00000 0.07621 ( 2)
  69 Y   0.17327 0.82283 0.00065 0.00324 ( 2)
  70 T   0.73790 0.25109 0.00821 0.00279 ( 1)
  71 T   0.53763 0.45782 0.00215 0.00240 ( 1)
  72 L   0.00558 0.99263 0.00001 0.00178 ( 2)
  73 W   0.28850 0.70718 0.00122 0.00310 ( 2)
  74 T   0.79772 0.19935 0.00218 0.00074 ( 1)
  75 G   0.95536 0.04300 0.00156 0.00008 ( 1)
  76 L   0.16211 0.83359 0.00068 0.00362 ( 2)
  77 R   0.11275 0.88618 0.00009 0.00098 ( 2)
  78 V   0.93076 0.06772 0.00140 0.00012 ( 1)
  79 I   0.00710 0.99002 0.00005 0.00283 ( 2)
  80 A   0.45955 0.53887 0.00060 0.00099 ( 2)
  81 Q   0.04059 0.82683 0.04989 0.08270 ( 2)
  82 P   0.04202 0.95613 0.00006 0.00179 ( 2)
  83 T   0.98535 0.01342 0.00121 0.00002 ( 1)
  84 K   0.00802 0.98866 0.00003 0.00329 ( 2)
  85 D   0.03114 0.94658 0.00047 0.02181 ( 2)
  86 F   0.00032 0.99482 0.00000 0.00485 ( 2)
  87 T   0.00003 0.98340 0.00001 0.01656 ( 2)
  88 D   0.15235 0.84510 0.00034 0.00221 ( 2)
  89 T   0.00372 0.95702 0.00636 0.03290 ( 2)
  90 V   0.01927 0.97860 0.00003 0.00210 ( 2)
  91 Y   0.87403 0.12489 0.00090 0.00017 ( 1)
  92 D   0.64045 0.35787 0.00078 0.00090 ( 1)
  93 Y   0.59054 0.40803 0.00076 0.00067 ( 1)
  94 G   0.95536 0.04300 0.00156 0.00008 ( 1)
  95 S   0.07453 0.92209 0.00022 0.00316 ( 2)
  96 S   0.83081 0.16786 0.00103 0.00031 ( 1)
  97 S   0.89018 0.10704 0.00246 0.00032 ( 1)
  98 G   0.86946 0.12956 0.00081 0.00017 ( 1)
  99 S   0.82613 0.17252 0.00102 0.00032 ( 1)
 100 E   0.00096 0.99560 0.00001 0.00344 ( 2)
 101 N   0.00033 0.98645 0.00000 0.01322 ( 2)
 102 K   0.00316 0.98917 0.00003 0.00764 ( 2)
 103 D   0.00158 0.98753 0.00015 0.01075 ( 2)
 104 V   0.34788 0.65033 0.00049 0.00131 ( 2)
 105 F   0.98942 0.00959 0.00098 0.00001 ( 1)
 106 D   0.55216 0.44497 0.00155 0.00132 ( 1)
 107 L   0.90471 0.08196 0.01245 0.00088 ( 1)
 108 Y   0.04246 0.95629 0.00005 0.00121 ( 2)
 109 G   0.00971 0.98680 0.00016 0.00333 ( 2)
 110 N   0.77292 0.22566 0.00102 0.00040 ( 1)
 111 D   0.99303 0.00600 0.00096 0.00001 ( 1)
 112 V   0.75685 0.24129 0.00121 0.00065 ( 1)
 113 Y   0.98248 0.01623 0.00126 0.00003 ( 1)
 114 D   0.09192 0.90394 0.00037 0.00377 ( 2)
 115 T   0.00281 0.99406 0.00001 0.00313 ( 2)
 116 Q   0.03122 0.96607 0.00008 0.00264 ( 2)
 117 S   0.32629 0.67208 0.00045 0.00118 ( 2)
 118 V   0.00223 0.97759 0.00092 0.01926 ( 2)
 119 V   0.01766 0.98073 0.00002 0.00159 ( 2)
 120 S   0.01545 0.95002 0.00645 0.02807 ( 2)
 121 S   0.07501 0.89828 0.01148 0.01523 ( 2)
 122 Y   0.03476 0.96273 0.00004 0.00247 ( 2)
 123 K   0.02691 0.97133 0.00004 0.00172 ( 2)
 124 P   0.02104 0.96795 0.00023 0.01077 ( 2)
 125 T   0.20971 0.78921 0.00017 0.00091 ( 2)
 126 G   0.04709 0.95135 0.00006 0.00150 ( 2)
 127 G   0.03251 0.96562 0.00004 0.00183 ( 2)
 128 G   0.00306 0.99254 0.00001 0.00439 ( 2)
 129 H   0.75693 0.24167 0.00098 0.00041 ( 1)
 130 F   0.15416 0.83130 0.00230 0.01223 ( 2)
 131 G   0.33410 0.66175 0.00134 0.00281 ( 2)
 132 V   0.19206 0.80648 0.00022 0.00125 ( 2)
 133 P   0.97940 0.01955 0.00103 0.00002 ( 1)
 134 Q   0.00002 0.96341 0.00018 0.03638 ( 2)
 135 F   0.22379 0.77265 0.00076 0.00280 ( 2)
 136 R   0.01213 0.94324 0.00473 0.03990 ( 2)
 137 L   0.93148 0.06636 0.00200 0.00016 ( 1)
 138 F   0.21060 0.78783 0.00027 0.00130 ( 2)
 139 W   0.00183 0.99324 0.00003 0.00491 ( 2)
 140 I   0.98654 0.01233 0.00111 0.00002 ( 1)
 141 T   0.84996 0.14880 0.00095 0.00029 ( 1)
 142 K   0.00174 0.97214 0.00017 0.02595 ( 2)
 143 S   0.01377 0.98304 0.00002 0.00317 ( 2)
 144 N   0.99247 0.00641 0.00111 0.00001 ( 1)
 145 G   0.00001 0.94260 0.00000 0.05738 ( 2)
 146 L   0.89414 0.10203 0.00338 0.00045 ( 1)
 147 R   0.00215 0.99616 0.00000 0.00169 ( 2)
 148 E   0.80176 0.19667 0.00117 0.00040 ( 1)
 149 Q   0.11235 0.87971 0.00166 0.00628 ( 2)
 150 I   0.00274 0.97912 0.00008 0.01807 ( 2)
 151 F   0.98590 0.01290 0.00117 0.00003 ( 1)
 152 N   0.42104 0.57741 0.00056 0.00099 ( 2)
 153 Y   0.35298 0.64564 0.00037 0.00101 ( 2)
 154 A   0.00017 0.98106 0.00006 0.01872 ( 2)
 155 N   0.02073 0.97507 0.00010 0.00410 ( 2)
 156 N   0.94041 0.05843 0.00105 0.00011 ( 1)
 157 M   0.22122 0.77708 0.00031 0.00139 ( 2)
 158 G   0.13878 0.85924 0.00025 0.00173 ( 2)
 159 -   0.95972 0.03902 0.00120 0.00006 ( 1)
 160 S   0.37221 0.62675 0.00031 0.00073 ( 2)
 161 Y   0.00970 0.98766 0.00002 0.00262 ( 2)
 162 S   0.00126 0.95616 0.00083 0.04175 ( 2)
 163 A   0.00292 0.99483 0.00000 0.00224 ( 2)
 164 Y   0.00252 0.96895 0.00098 0.02755 ( 2)
 165 R   0.06832 0.92676 0.00031 0.00461 ( 2)
 166 F   0.83811 0.16054 0.00108 0.00027 ( 1)
 167 S   0.14647 0.85179 0.00020 0.00154 ( 2)
 168 K   0.44585 0.55316 0.00037 0.00062 ( 2)
 169 D   0.32112 0.67701 0.00033 0.00154 ( 2)
 170 E   0.21115 0.78571 0.00130 0.00184 ( 2)
 171 L   0.93148 0.06636 0.00200 0.00016 ( 1)
 172 P   0.87912 0.11616 0.00415 0.00057 ( 1)
 173 I   0.97893 0.01970 0.00133 0.00003 ( 1)
 174 E   0.82716 0.17138 0.00108 0.00038 ( 1)
 175 L   0.09512 0.90130 0.00032 0.00326 ( 2)
 176 L   0.04180 0.94075 0.00457 0.01288 ( 2)
 177 Q   0.02225 0.97500 0.00003 0.00271 ( 2)
 178 P   0.00001 0.96388 0.00001 0.03610 ( 2)
 179 P   0.97940 0.01955 0.00103 0.00002 ( 1)
 180 L   0.74550 0.25322 0.00084 0.00043 ( 1)
 181 F   0.75678 0.24182 0.00098 0.00042 ( 1)
 182 G   0.95536 0.04300 0.00156 0.00008 ( 1)
 183 D   0.99303 0.00600 0.00096 0.00001 ( 1)
 184 I   0.48847 0.50896 0.00085 0.00172 ( 2)
 185 E   0.92198 0.07580 0.00204 0.00018 ( 1)
 186 E   0.98089 0.01785 0.00123 0.00003 ( 1)
 187 Y   0.93822 0.06048 0.00121 0.00010 ( 1)
 188 S   0.93832 0.06078 0.00077 0.00013 ( 1)
 189 H   0.99084 0.00840 0.00076 0.00001 ( 1)
 190 R   0.89686 0.10066 0.00221 0.00027 ( 1)
 191 L   0.93148 0.06636 0.00200 0.00016 ( 1)
 192 S   0.99373 0.00552 0.00074 0.00001 ( 1)
 193 H   0.15785 0.84028 0.00022 0.00165 ( 2)
 194 V   0.88531 0.11350 0.00099 0.00020 ( 1)
 195 S   0.91762 0.07963 0.00251 0.00024 ( 1)
 196 E   0.94511 0.05194 0.00279 0.00016 ( 1)
 197 V   0.86464 0.13408 0.00105 0.00023 ( 1)
 198 I   0.06801 0.92900 0.00058 0.00241 ( 2)
 199 K   0.36168 0.63634 0.00049 0.00149 ( 2)
 200 D   0.00744 0.98657 0.00041 0.00559 ( 2)
 201 Y   0.03637 0.95763 0.00046 0.00554 ( 2)
 202 G   0.89548 0.10265 0.00165 0.00022 ( 1)
 203 E   0.01278 0.98604 0.00001 0.00117 ( 2)
 204 -   0.45413 0.53486 0.00505 0.00595 ( 2)
 205 -   0.45413 0.53486 0.00505 0.00595 ( 2)
 206 -   0.45413 0.53486 0.00505 0.00595 ( 2)
 207 -   0.45413 0.53486 0.00505 0.00595 ( 2)
 208 -   0.45413 0.53486 0.00505 0.00595 ( 2)
 209 -   0.45413 0.53486 0.00505 0.00595 ( 2)
 210 -   0.45413 0.53486 0.00505 0.00595 ( 2)
 211 -   0.45413 0.53486 0.00505 0.00595 ( 2)
 212 G   0.95536 0.04300 0.00156 0.00008 ( 1)
 213 I   0.20527 0.78987 0.00233 0.00253 ( 2)
 214 I   0.98838 0.01050 0.00111 0.00002 ( 1)
 215 P   0.96341 0.03486 0.00166 0.00007 ( 1)
 216 V   0.91759 0.07694 0.00504 0.00044 ( 1)
 217 L   0.93148 0.06636 0.00200 0.00016 ( 1)
 218 G   0.96717 0.03102 0.00175 0.00007 ( 1)
 219 W   0.03859 0.95706 0.00016 0.00419 ( 2)
 220 T   0.96969 0.02714 0.00305 0.00012 ( 1)
 221 H   0.99084 0.00840 0.00076 0.00001 ( 1)
 222 V   0.24380 0.75398 0.00038 0.00185 ( 2)
 223 S   0.93015 0.06595 0.00361 0.00030 ( 1)


lnL = -2873.026264

Bayes Empirical Bayes (BEB) probabilities for 4 classes (class)
(amino acids refer to 1st sequence: BT_Cry7Ba1)

   1 -   0.75350 0.20917 0.02831 0.00903 ( 1)
   2 -   0.72897 0.23198 0.02868 0.01036 ( 1)
   3 T   0.14269 0.69783 0.05296 0.10652 ( 2)
   4 V   0.25841 0.66870 0.02481 0.04808 ( 2)
   5 E   0.92906 0.03187 0.03758 0.00148 ( 1)
   6 L   0.84922 0.10306 0.04234 0.00538 ( 1)
   7 T   0.93228 0.02976 0.03665 0.00132 ( 1)
   8 R   0.94267 0.02002 0.03644 0.00087 ( 1)
   9 T   0.24081 0.71451 0.01063 0.03405 ( 2)
  10 I   0.95553 0.01133 0.03268 0.00046 ( 1)
  11 Y   0.71991 0.24233 0.02707 0.01069 ( 1)
  12 T   0.21474 0.74385 0.00839 0.03302 ( 2)
  13 D   0.96215 0.00671 0.03088 0.00026 ( 1)
  14 P   0.91235 0.04601 0.03949 0.00215 ( 1)
  15 L   0.77096 0.19169 0.02906 0.00830 ( 1)
  16 G   0.95151 0.01312 0.03482 0.00055 ( 1)
  17 Y   0.20283 0.75608 0.00798 0.03311 ( 2)
  18 T   0.18140 0.76892 0.00908 0.04061 ( 2)
  19 G   0.87474 0.08421 0.03715 0.00389 ( 1)
  20 Y   0.52574 0.43817 0.01806 0.01804 ( 1)
  21 S   0.07779 0.88431 0.00248 0.03542 ( 2)
  22 N   0.49695 0.45755 0.02293 0.02258 ( 1)
  23 D   0.03721 0.91838 0.00155 0.04286 ( 2)
  24 E   0.83141 0.13218 0.03075 0.00567 ( 1)
  25 H   0.87584 0.08786 0.03253 0.00376 ( 1)
  26 P   0.88231 0.07976 0.03447 0.00346 ( 1)
  27 T   0.08677 0.87585 0.00278 0.03460 ( 2)
  28 Y   0.23362 0.71562 0.01214 0.03862 ( 2)
  29 Y   0.94757 0.01693 0.03478 0.00072 ( 1)
  30 -   0.20390 0.63892 0.09938 0.05779 ( 2)
  31 S   0.81252 0.15220 0.02897 0.00631 ( 1)
  32 S   0.73045 0.22971 0.02947 0.01036 ( 1)
  33 A   0.26301 0.70066 0.00871 0.02762 ( 2)
  34 K   0.00823 0.93373 0.00058 0.05746 ( 2)
  35 P   0.00023 0.95406 0.00001 0.04569 ( 2)
  36 F   0.90503 0.04666 0.04584 0.00246 ( 1)
  37 S   0.00488 0.94542 0.00023 0.04947 ( 2)
  38 S   0.22722 0.71965 0.01190 0.04123 ( 2)
  39 I   0.94334 0.02034 0.03545 0.00087 ( 1)
  40 E   0.92674 0.03689 0.03480 0.00157 ( 1)
  41 S   0.92739 0.04118 0.02978 0.00165 ( 1)
  42 R   0.03398 0.19767 0.71340 0.05494 ( 3)
  43 A   0.87804 0.08288 0.03537 0.00371 ( 1)
  44 V   0.29991 0.65504 0.01313 0.03192 ( 2)
  45 L   0.58632 0.37096 0.02532 0.01740 ( 1)
  46 A   0.08231 0.87454 0.00323 0.03993 ( 2)
  47 P   0.78173 0.16543 0.04341 0.00943 ( 1)
  48 S   0.02203 0.90199 0.00169 0.07429 ( 2)
  49 L   0.89367 0.06351 0.03977 0.00305 ( 1)
  50 F   0.82793 0.12362 0.04192 0.00653 ( 1)
  51 K   0.61140 0.34524 0.02695 0.01642 ( 1)
  52 W   0.76675 0.18345 0.03990 0.00990 ( 1)
  53 I   0.44611 0.50938 0.01992 0.02459 ( 2)
  54 T   0.95178 0.01429 0.03333 0.00059 ( 1)
  55 Q   0.11934 0.83388 0.00791 0.03888 ( 2)
  56 L   0.37877 0.57768 0.01591 0.02764 ( 2)
  57 E   0.00737 0.94443 0.00043 0.04778 ( 2)
  58 V   0.94001 0.02526 0.03369 0.00105 ( 1)
  59 Y   0.01370 0.82932 0.01920 0.13777 ( 2)
  60 T   0.00723 0.87281 0.01179 0.10817 ( 2)
  61 K   0.01335 0.94375 0.00064 0.04226 ( 2)
  62 K   0.00002 0.89746 0.00001 0.10251 ( 2)
  63 Y   0.03437 0.92579 0.00123 0.03861 ( 2)
  64 S   0.00006 0.87823 0.00004 0.12166 ( 2)
  65 Y   0.05252 0.90145 0.00235 0.04368 ( 2)
  66 S   0.03307 0.92862 0.00105 0.03725 ( 2)
  67 S   0.39301 0.57134 0.01278 0.02287 ( 2)
  68 Q   0.00024 0.88396 0.00003 0.11577 ( 2)
  69 Y   0.25811 0.69226 0.01302 0.03662 ( 2)
  70 T   0.71456 0.22698 0.04436 0.01410 ( 1)
  71 T   0.56819 0.38308 0.02804 0.02070 ( 1)
  72 L   0.01697 0.94369 0.00058 0.03876 ( 2)
  73 W   0.34506 0.60442 0.01791 0.03261 ( 2)
  74 T   0.78728 0.17300 0.03170 0.00802 ( 1)
  75 G   0.91718 0.04193 0.03895 0.00194 ( 1)
  76 L   0.20900 0.74027 0.01083 0.03989 ( 2)
  77 R   0.21754 0.74604 0.00721 0.02921 ( 2)
  78 V   0.89603 0.06516 0.03590 0.00290 ( 1)
  79 I   0.02360 0.93196 0.00133 0.04310 ( 2)
  80 A   0.53804 0.42521 0.01898 0.01777 ( 1)
  81 Q   0.06828 0.70017 0.10255 0.12900 ( 2)
  82 P   0.09621 0.86321 0.00356 0.03701 ( 2)
  83 T   0.95178 0.01429 0.03333 0.00059 ( 1)
  84 K   0.02597 0.92861 0.00121 0.04422 ( 2)
  85 D   0.06882 0.84919 0.00646 0.07554 ( 2)
  86 F   0.00166 0.94985 0.00007 0.04842 ( 2)
  87 T   0.00019 0.91950 0.00014 0.08017 ( 2)
  88 D   0.23690 0.71690 0.01081 0.03539 ( 2)
  89 T   0.01201 0.86775 0.02040 0.09984 ( 2)
  90 V   0.04805 0.90952 0.00189 0.04054 ( 2)
  91 Y   0.85571 0.10966 0.03013 0.00450 ( 1)
  92 D   0.67931 0.28678 0.02183 0.01207 ( 1)
  93 Y   0.61803 0.34478 0.02263 0.01456 ( 1)
  94 G   0.91718 0.04193 0.03895 0.00194 ( 1)
  95 S   0.15503 0.80104 0.00650 0.03742 ( 2)
  96 S   0.81702 0.14607 0.03055 0.00637 ( 1)
  97 S   0.85503 0.10053 0.03947 0.00497 ( 1)
  98 G   0.85051 0.11342 0.03127 0.00480 ( 1)
  99 S   0.81311 0.14993 0.03041 0.00655 ( 1)
 100 E   0.00395 0.95150 0.00022 0.04433 ( 2)
 101 N   0.00141 0.94106 0.00008 0.05745 ( 2)
 102 K   0.01121 0.93573 0.00059 0.05247 ( 2)
 103 D   0.00608 0.92348 0.00211 0.06833 ( 2)
 104 V   0.44292 0.51915 0.01589 0.02204 ( 2)
 105 F   0.95589 0.01022 0.03347 0.00042 ( 1)
 106 D   0.58106 0.37217 0.02787 0.01889 ( 1)
 107 L   0.86944 0.07860 0.04761 0.00435 ( 1)
 108 Y   0.09705 0.86160 0.00380 0.03756 ( 2)
 109 G   0.02566 0.92816 0.00196 0.04423 ( 2)
 110 N   0.77115 0.19251 0.02817 0.00817 ( 1)
 111 D   0.96215 0.00671 0.03088 0.00026 ( 1)
 112 V   0.75377 0.20577 0.03063 0.00982 ( 1)
 113 Y   0.94757 0.01693 0.03478 0.00072 ( 1)
 114 D   0.15361 0.79588 0.00790 0.04261 ( 2)
 115 T   0.01003 0.94589 0.00038 0.04370 ( 2)
 116 Q   0.07399 0.88215 0.00312 0.04074 ( 2)
 117 S   0.42550 0.53540 0.01604 0.02306 ( 2)
 118 V   0.00684 0.90251 0.00644 0.08421 ( 2)
 119 V   0.04429 0.91595 0.00158 0.03818 ( 2)
 120 S   0.03586 0.82956 0.03632 0.09827 ( 2)
 121 S   0.12085 0.75313 0.05763 0.06839 ( 2)
 122 Y   0.07754 0.88235 0.00249 0.03761 ( 2)
 123 K   0.06420 0.89568 0.00232 0.03780 ( 2)
 124 P   0.04154 0.90000 0.00257 0.05589 ( 2)
 125 T   0.30348 0.66050 0.01004 0.02598 ( 2)
 126 G   0.10571 0.85501 0.00376 0.03551 ( 2)
 127 G   0.07669 0.88369 0.00269 0.03693 ( 2)
 128 G   0.00880 0.94005 0.00046 0.05069 ( 2)
 129 H   0.75783 0.20556 0.02784 0.00876 ( 1)
 130 F   0.22543 0.69736 0.02087 0.05633 ( 2)
 131 G   0.38896 0.56138 0.01979 0.02987 ( 2)
 132 V   0.27832 0.68318 0.00996 0.02854 ( 2)
 133 P   0.94258 0.01974 0.03683 0.00086 ( 1)
 134 Q   0.00014 0.90384 0.00031 0.09570 ( 2)
 135 F   0.31667 0.63437 0.01577 0.03319 ( 2)
 136 R   0.03015 0.87505 0.01270 0.08210 ( 2)
 137 L   0.89367 0.06351 0.03977 0.00305 ( 1)
 138 F   0.30105 0.66013 0.01098 0.02784 ( 2)
 139 W   0.00566 0.94224 0.00037 0.05172 ( 2)
 140 I   0.95362 0.01322 0.03262 0.00054 ( 1)
 141 T   0.83517 0.13313 0.02637 0.00533 ( 1)
 142 K   0.00631 0.91647 0.00112 0.07610 ( 2)
 143 S   0.03371 0.92324 0.00115 0.04190 ( 2)
 144 N   0.96208 0.00725 0.03038 0.00029 ( 1)
 145 G   0.00007 0.88671 0.00004 0.11319 ( 2)
 146 L   0.85954 0.09618 0.03949 0.00478 ( 1)
 147 R   0.00776 0.95127 0.00029 0.04069 ( 2)
 148 E   0.79224 0.17034 0.03000 0.00743 ( 1)
 149 Q   0.18025 0.75398 0.01790 0.04787 ( 2)
 150 I   0.00971 0.92249 0.00086 0.06693 ( 2)
 151 F   0.95209 0.01361 0.03374 0.00057 ( 1)
 152 N   0.50798 0.45332 0.01914 0.01955 ( 1)
 153 Y   0.44770 0.51520 0.01572 0.02139 ( 2)
 154 A   0.00076 0.91670 0.00055 0.08199 ( 2)
 155 N   0.05163 0.90118 0.00256 0.04463 ( 2)
 156 N   0.91472 0.05425 0.02887 0.00216 ( 1)
 157 M   0.31710 0.64326 0.01191 0.02773 ( 2)
 158 G   0.21870 0.73720 0.00945 0.03465 ( 2)
 159 -   0.92475 0.03895 0.03464 0.00166 ( 1)
 160 S   0.46963 0.49522 0.01561 0.01954 ( 2)
 161 Y   0.02536 0.92831 0.00114 0.04520 ( 2)
 162 S   0.00481 0.90201 0.00243 0.09075 ( 2)
 163 A   0.01044 0.94737 0.00039 0.04181 ( 2)
 164 Y   0.00855 0.88214 0.00844 0.10087 ( 2)
 165 R   0.12014 0.82808 0.00631 0.04547 ( 2)
 166 F   0.82314 0.14069 0.03018 0.00598 ( 1)
 167 S   0.22912 0.73063 0.00864 0.03161 ( 2)
 168 K   0.53089 0.43425 0.01773 0.01712 ( 1)
 169 D   0.41153 0.55197 0.01326 0.02324 ( 2)
 170 E   0.30394 0.64790 0.01679 0.03137 ( 2)
 171 L   0.89367 0.06351 0.03977 0.00305 ( 1)
 172 P   0.84163 0.10784 0.04463 0.00590 ( 1)
 173 I   0.94334 0.02034 0.03545 0.00087 ( 1)
 174 E   0.81373 0.14881 0.03074 0.00672 ( 1)
 175 L   0.14667 0.80406 0.00728 0.04199 ( 2)
 176 L   0.07653 0.84869 0.01584 0.05894 ( 2)
 177 Q   0.05337 0.90661 0.00178 0.03824 ( 2)
 178 P   0.00008 0.90340 0.00006 0.09646 ( 2)
 179 P   0.94258 0.01974 0.03683 0.00086 ( 1)
 180 L   0.74625 0.21924 0.02551 0.00901 ( 1)
 181 F   0.75569 0.20773 0.02772 0.00886 ( 1)
 182 G   0.91718 0.04193 0.03895 0.00194 ( 1)
 183 D   0.96215 0.00671 0.03088 0.00026 ( 1)
 184 I   0.52126 0.43589 0.02117 0.02168 ( 1)
 185 E   0.88419 0.07186 0.04044 0.00351 ( 1)
 186 E   0.94533 0.01841 0.03547 0.00079 ( 1)
 187 Y   0.90537 0.05891 0.03324 0.00248 ( 1)
 188 S   0.91172 0.05518 0.03067 0.00243 ( 1)
 189 H   0.95702 0.00890 0.03371 0.00036 ( 1)
 190 R   0.86069 0.09417 0.04044 0.00470 ( 1)
 191 L   0.89367 0.06351 0.03977 0.00305 ( 1)
 192 S   0.96191 0.00605 0.03180 0.00024 ( 1)
 193 H   0.24232 0.71758 0.00901 0.03110 ( 2)
 194 V   0.86406 0.10056 0.03107 0.00431 ( 1)
 195 S   0.87990 0.07572 0.04064 0.00375 ( 1)
 196 E   0.90554 0.05020 0.04177 0.00249 ( 1)
 197 V   0.84785 0.11791 0.02937 0.00486 ( 1)
 198 I   0.14188 0.81381 0.00811 0.03621 ( 2)
 199 K   0.45159 0.50922 0.01657 0.02262 ( 2)
 200 D   0.02456 0.92018 0.00295 0.05231 ( 2)
 201 Y   0.08356 0.86450 0.00516 0.04678 ( 2)
 202 G   0.86169 0.09658 0.03717 0.00455 ( 1)
 203 E   0.03868 0.92366 0.00129 0.03638 ( 2)
 204 -   0.46320 0.47834 0.02873 0.02973 ( 2)
 205 -   0.46320 0.47834 0.02873 0.02973 ( 2)
 206 -   0.46320 0.47834 0.02873 0.02973 ( 2)
 207 -   0.46320 0.47834 0.02873 0.02973 ( 2)
 208 -   0.46320 0.47834 0.02873 0.02973 ( 2)
 209 -   0.46320 0.47834 0.02873 0.02973 ( 2)
 210 -   0.46320 0.47834 0.02873 0.02973 ( 2)
 211 -   0.46320 0.47834 0.02873 0.02973 ( 2)
 212 G   0.91718 0.04193 0.03895 0.00194 ( 1)
 213 I   0.29300 0.65440 0.02099 0.03162 ( 2)
 214 I   0.95553 0.01133 0.03268 0.00046 ( 1)
 215 P   0.92412 0.03428 0.04000 0.00161 ( 1)
 216 V   0.87532 0.07301 0.04759 0.00408 ( 1)
 217 L   0.89367 0.06351 0.03977 0.00305 ( 1)
 218 G   0.92807 0.03089 0.03960 0.00144 ( 1)
 219 W   0.07236 0.87667 0.00375 0.04722 ( 2)
 220 T   0.93671 0.02766 0.03444 0.00119 ( 1)
 221 H   0.95702 0.00890 0.03371 0.00036 ( 1)
 222 V   0.33872 0.61882 0.01362 0.02883 ( 2)
 223 S   0.88848 0.06418 0.04390 0.00343 ( 1)

