Supplemental results for CODEML (seqf: algn  treef: tree)


dN/dS (w) for site classes (K=4)

site class             0        1       2a       2b
proportion       0.00737  0.00301  0.70309  0.28654
background w     0.07805  0.77030  0.07805  0.77030
foreground w     0.07805  0.77030  0.00000  0.00000

Naive Empirical Bayes (NEB) probabilities for 4 classes
(amino acids refer to 1st sequence: BT_Cry2Aa13)

   1 -   0.00737 0.00301 0.70309 0.28654 ( 3)
   2 L   0.00744 0.00252 0.71837 0.27168 ( 3)
   3 V   0.00015 0.00895 0.01466 0.97624 ( 4)
   4 G   0.00995 0.00030 0.95815 0.03160 ( 3)
   5 K   0.01011 0.00010 0.97842 0.01136 ( 3)
   6 R   0.00964 0.00065 0.92411 0.06560 ( 3)
   7 I   0.01014 0.00006 0.98286 0.00694 ( 3)
   8 L   0.00947 0.00085 0.90592 0.08375 ( 3)
   9 S   0.01011 0.00011 0.97763 0.01215 ( 3)
  10 E   0.00975 0.00054 0.93539 0.05433 ( 3)
  11 L   0.00988 0.00038 0.95035 0.03940 ( 3)
  12 R   0.00001 0.00993 0.00063 0.98944 ( 4)
  13 N   0.00068 0.00828 0.06603 0.92501 ( 4)
  14 L   0.00231 0.00737 0.22185 0.76848 ( 4)
  15 I   0.01014 0.00007 0.98175 0.00803 ( 3)
  16 F   0.01013 0.00008 0.98140 0.00839 ( 3)
  17 P   0.00999 0.00026 0.96278 0.02697 ( 3)
  18 S   0.00912 0.00099 0.88158 0.10831 ( 3)
  19 G   0.00995 0.00030 0.95830 0.03146 ( 3)
  20 S   0.00892 0.00117 0.86255 0.12736 ( 3)
  21 T   0.00906 0.00100 0.87794 0.11201 ( 3)
  22 N   0.00523 0.00437 0.50673 0.48367 ( 3)
  23 L   0.00689 0.00313 0.66329 0.32669 ( 3)
  24 M   0.01012 0.00010 0.97898 0.01080 ( 3)
  25 Q   0.00746 0.00260 0.71845 0.27149 ( 3)
  26 D   0.00932 0.00094 0.89441 0.09532 ( 3)
  27 I   0.01012 0.00009 0.97944 0.01035 ( 3)
  28 L   0.00988 0.00038 0.95035 0.03940 ( 3)
  29 -   0.00737 0.00301 0.70309 0.28654 ( 3)
  30 R   0.00995 0.00027 0.96111 0.02867 ( 3)
  31 E   0.00011 0.00984 0.01016 0.97989 ( 4)
  32 T   0.00874 0.00133 0.84450 0.14543 ( 3)
  33 E   0.00902 0.00109 0.87180 0.11810 ( 3)
  34 K   0.00042 0.00909 0.04030 0.95018 ( 4)
  35 F   0.00098 0.00889 0.09360 0.89653 ( 4)
  36 L   0.00012 0.00876 0.01150 0.97962 ( 4)
  37 N   0.00934 0.00076 0.90538 0.08452 ( 3)
  38 Q   0.00749 0.00258 0.72049 0.26945 ( 3)
  39 R   0.00006 0.00976 0.00613 0.98404 ( 4)
  40 L   0.00991 0.00030 0.95719 0.03259 ( 3)
  41 N   0.00413 0.00528 0.40073 0.58985 ( 4)
  42 T   0.00044 0.00885 0.04224 0.94847 ( 4)
  43 D   0.00026 0.00961 0.02523 0.96489 ( 4)
  44 T   0.00162 0.00849 0.15519 0.83470 ( 4)
  45 L   0.00020 0.00900 0.01886 0.97195 ( 4)
  46 A   0.00000 0.00938 0.00000 0.99062 ( 4)
  47 R   0.00175 0.00786 0.16852 0.82187 ( 4)
  48 V   0.00199 0.00729 0.19255 0.79817 ( 4)
  49 N   0.00009 0.00880 0.00849 0.98263 ( 4)
  50 A   0.00175 0.00766 0.16881 0.82178 ( 4)
  51 E   0.00075 0.00845 0.07203 0.91877 ( 4)
  52 L   0.00481 0.00528 0.46067 0.52925 ( 4)
  53 T   0.00000 0.00925 0.00000 0.99075 ( 4)
  54 G   0.00918 0.00100 0.88409 0.10574 ( 3)
  55 L   0.00941 0.00075 0.90918 0.08066 ( 3)
  56 Q   0.00741 0.00265 0.71336 0.27658 ( 3)
  57 A   0.01002 0.00030 0.95951 0.03017 ( 3)
  58 N   0.00952 0.00060 0.92309 0.06679 ( 3)
  59 V   0.00917 0.00111 0.87861 0.11111 ( 3)
  60 E   0.00000 0.00924 0.00031 0.99045 ( 4)
  61 E   0.00970 0.00058 0.93055 0.05917 ( 3)
  62 F   0.01013 0.00008 0.98140 0.00839 ( 3)
  63 N   0.01014 0.00006 0.98271 0.00709 ( 3)
  64 R   0.00130 0.00852 0.12451 0.86568 ( 4)
  65 Q   0.00990 0.00035 0.95313 0.03662 ( 3)
  66 V   0.01006 0.00015 0.97314 0.01665 ( 3)
  67 D   0.01009 0.00012 0.97657 0.01322 ( 3)
  68 N   0.01014 0.00006 0.98271 0.00709 ( 3)
  69 F   0.00937 0.00075 0.90722 0.08267 ( 3)
  70 L   0.00962 0.00061 0.92609 0.06368 ( 3)
  71 N   0.00964 0.00064 0.92441 0.06531 ( 3)
  72 P   0.00999 0.00025 0.96295 0.02681 ( 3)
  73 N   0.00805 0.00188 0.78041 0.20966 ( 3)
  74 R   0.00149 0.00811 0.14334 0.84706 ( 4)
  75 N   0.00579 0.00429 0.55551 0.43442 ( 3)
  76 A   0.00274 0.00687 0.26418 0.72621 ( 4)
  77 V   0.00388 0.00564 0.37494 0.61554 ( 4)
  78 P   0.00999 0.00026 0.96278 0.02697 ( 3)
  79 L   0.00988 0.00038 0.95035 0.03940 ( 3)
  80 S   0.00769 0.00231 0.74244 0.24756 ( 3)
  81 I   0.01014 0.00006 0.98286 0.00694 ( 3)
  82 T   0.00887 0.00119 0.85877 0.13116 ( 3)
  83 S   0.00341 0.00597 0.33010 0.66052 ( 4)
  84 S   0.00972 0.00052 0.93558 0.05418 ( 3)
  85 V   0.01011 0.00012 0.97706 0.01272 ( 3)
  86 N   0.01014 0.00006 0.98271 0.00709 ( 3)
  87 T   0.01010 0.00012 0.97658 0.01319 ( 3)
  88 M   0.00044 0.00945 0.04187 0.94824 ( 4)
  89 Q   0.00954 0.00076 0.91417 0.07553 ( 3)
  90 Q   0.00729 0.00276 0.70139 0.28856 ( 3)
  91 L   0.00730 0.00276 0.70253 0.28741 ( 3)
  92 F   0.01009 0.00011 0.97723 0.01256 ( 3)
  93 L   0.00978 0.00048 0.94028 0.04946 ( 3)
  94 N   0.00933 0.00080 0.90229 0.08758 ( 3)
  95 R   0.01008 0.00016 0.97299 0.01678 ( 3)
  96 L   0.00988 0.00038 0.95035 0.03940 ( 3)
  97 P   0.00052 0.00887 0.04986 0.94075 ( 4)
  98 Q   0.00915 0.00113 0.87672 0.11300 ( 3)
  99 F   0.00943 0.00085 0.90430 0.08542 ( 3)
 100 Q   0.00188 0.00813 0.18016 0.80983 ( 4)
 101 M   0.00005 0.00881 0.00517 0.98597 ( 4)
 102 Q   0.00745 0.00261 0.71748 0.27246 ( 3)
 103 G   0.00641 0.00386 0.61239 0.37734 ( 3)
 104 Y   0.00951 0.00067 0.91804 0.07178 ( 3)
 105 Q   0.00972 0.00052 0.93537 0.05439 ( 3)
 106 L   0.00904 0.00127 0.86488 0.12480 ( 3)
 107 L   0.00988 0.00038 0.95035 0.03940 ( 3)
 108 L   0.00988 0.00038 0.95035 0.03940 ( 3)
 109 L   0.00988 0.00038 0.95035 0.03940 ( 3)
 110 P   0.00999 0.00026 0.96278 0.02697 ( 3)
 111 L   0.00988 0.00038 0.95035 0.03940 ( 3)
 112 F   0.01013 0.00008 0.98140 0.00839 ( 3)
 113 A   0.01006 0.00018 0.97058 0.01919 ( 3)
 114 Q   0.00933 0.00096 0.89397 0.09573 ( 3)
 115 A   0.01006 0.00018 0.97058 0.01919 ( 3)
 116 A   0.00860 0.00171 0.82264 0.16705 ( 3)
 117 N   0.00953 0.00059 0.92397 0.06591 ( 3)
 118 L   0.00763 0.00245 0.73451 0.25540 ( 3)
 119 H   0.01006 0.00016 0.97239 0.01739 ( 3)
 120 L   0.01008 0.00015 0.97356 0.01621 ( 3)
 121 S   0.00827 0.00180 0.79770 0.19224 ( 3)
 122 F   0.01013 0.00008 0.98140 0.00839 ( 3)
 123 I   0.01012 0.00009 0.97944 0.01035 ( 3)
 124 R   0.01008 0.00016 0.97299 0.01678 ( 3)
 125 D   0.01012 0.00009 0.97998 0.00981 ( 3)
 126 V   0.01019 0.00016 0.97435 0.01531 ( 3)
 127 I   0.00915 0.00115 0.87584 0.11386 ( 3)
 128 L   0.01002 0.00020 0.96764 0.02213 ( 3)
 129 N   0.01014 0.00006 0.98271 0.00709 ( 3)
 130 A   0.01006 0.00018 0.97058 0.01919 ( 3)
 131 D   0.00538 0.00424 0.52114 0.46924 ( 3)
 132 E   0.01010 0.00013 0.97610 0.01368 ( 3)
 133 W   0.00881 0.00149 0.84259 0.14711 ( 3)
 134 G   0.00998 0.00036 0.95417 0.03549 ( 3)
 135 I   0.01012 0.00009 0.97977 0.01001 ( 3)
 136 S   0.00749 0.00258 0.72076 0.26918 ( 3)
 137 A   0.01006 0.00018 0.97050 0.01926 ( 3)
 138 A   0.01006 0.00018 0.97058 0.01919 ( 3)
 139 T   0.01009 0.00013 0.97558 0.01419 ( 3)
 140 L   0.00178 0.00748 0.17239 0.81836 ( 4)
 141 R   0.00970 0.00064 0.92705 0.06260 ( 3)
 142 T   0.00974 0.00045 0.94110 0.04872 ( 3)
 143 Y   0.01006 0.00018 0.97076 0.01901 ( 3)
 144 R   0.00183 0.00755 0.17681 0.81381 ( 4)
 145 D   0.00061 0.00842 0.05882 0.93215 ( 4)
 146 Y   0.00410 0.00598 0.39233 0.59759 ( 4)
 147 L   0.00910 0.00121 0.87044 0.11925 ( 3)
 148 K   0.00001 0.00919 0.00059 0.99022 ( 4)
 149 N   0.00546 0.00413 0.52896 0.46145 ( 3)
 150 Y   0.00831 0.00192 0.79676 0.19302 ( 3)
 151 T   0.01011 0.00012 0.97688 0.01290 ( 3)
 152 R   0.00754 0.00243 0.72843 0.26160 ( 3)
 153 D   0.00094 0.00813 0.09098 0.89995 ( 4)
 154 Y   0.00930 0.00103 0.88901 0.10067 ( 3)
 155 S   0.00995 0.00028 0.96031 0.02946 ( 3)
 156 N   0.01009 0.00011 0.97801 0.01180 ( 3)
 157 Y   0.01006 0.00018 0.97076 0.01901 ( 3)
 158 C   0.01002 0.00022 0.96593 0.02382 ( 3)
 159 I   0.01014 0.00006 0.98286 0.00694 ( 3)
 160 N   0.00109 0.00793 0.10523 0.88576 ( 4)
 161 T   0.00929 0.00099 0.89018 0.09954 ( 3)
 162 Y   0.01004 0.00020 0.96863 0.02114 ( 3)
 163 Q   0.00990 0.00035 0.95313 0.03662 ( 3)
 164 S   0.00068 0.00851 0.06578 0.92503 ( 4)
 165 A   0.00922 0.00093 0.89008 0.09976 ( 3)
 166 F   0.01012 0.00009 0.98029 0.00950 ( 3)
 167 K   0.00376 0.00582 0.36314 0.62728 ( 4)
 168 G   0.00986 0.00037 0.95019 0.03958 ( 3)
 169 L   0.00988 0.00038 0.95035 0.03940 ( 3)
 170 N   0.00957 0.00071 0.91823 0.07150 ( 3)
 171 T   0.00001 0.00911 0.00134 0.98954 ( 4)
 172 R   0.00025 0.00925 0.02382 0.96669 ( 4)
 173 L   0.00988 0.00038 0.95035 0.03940 ( 3)
 174 H   0.00483 0.00528 0.46261 0.52728 ( 4)
 175 D   0.01013 0.00008 0.98103 0.00876 ( 3)
 176 M   0.00062 0.00849 0.06040 0.93049 ( 4)
 177 L   0.00991 0.00047 0.94932 0.04030 ( 3)
 178 E   0.01012 0.00014 0.97474 0.01499 ( 3)
 179 F   0.01013 0.00008 0.98140 0.00839 ( 3)
 180 R   0.01008 0.00016 0.97299 0.01678 ( 3)
 181 T   0.01011 0.00012 0.97688 0.01290 ( 3)
 182 Y   0.00837 0.00170 0.80789 0.18204 ( 3)
 183 M   0.00896 0.00112 0.86668 0.12323 ( 3)
 184 F   0.00925 0.00085 0.89574 0.09416 ( 3)
 185 L   0.00988 0.00038 0.95035 0.03940 ( 3)
 186 N   0.01014 0.00006 0.98271 0.00709 ( 3)
 187 V   0.01011 0.00011 0.97806 0.01172 ( 3)
 188 F   0.00463 0.00489 0.44825 0.54223 ( 4)
 189 E   0.00239 0.00699 0.23100 0.75963 ( 4)
 190 Y   0.00813 0.00191 0.78499 0.20496 ( 3)
 191 V   0.01012 0.00012 0.97688 0.01288 ( 3)
 192 S   0.00995 0.00034 0.95534 0.03437 ( 3)
 193 I   0.00111 0.00846 0.10667 0.88376 ( 4)
 194 W   0.00881 0.00149 0.84259 0.14711 ( 3)
 195 S   0.00922 0.00103 0.88529 0.10446 ( 3)


lnL = -2661.737438

