Supplemental results for CODEML (seqf: algn  treef: tree)


dN/dS (w) for site classes (K=4)

site class             0        1       2a       2b
proportion       0.42755  0.47735  0.04493  0.05016
background w     0.07472  0.49351  0.07472  0.49351
foreground w     0.07472  0.49351 12.43234 12.43234

Naive Empirical Bayes (NEB) probabilities for 4 classes
(amino acids refer to 1st sequence: BT_Cry13Aa1)

   1 -   0.29793 0.60697 0.03131 0.06378 ( 2)
   2 A   0.04339 0.84356 0.03245 0.08061 ( 2)
   3 K   0.80536 0.18462 0.00733 0.00269 ( 1)
   4 G   0.71454 0.27903 0.00436 0.00207 ( 1)
   5 I   0.74710 0.23844 0.01000 0.00445 ( 1)
   6 P   0.91256 0.07394 0.01223 0.00128 ( 1)
   7 V   0.16598 0.00890 0.82037 0.00475 ( 3)
   8 E   0.98101 0.01157 0.00729 0.00013 ( 1)
   9 K   0.98866 0.00238 0.00893 0.00003 ( 1)
  10 G   0.30281 0.66719 0.00849 0.02152 ( 2)
  11 Y   0.91910 0.07391 0.00628 0.00071 ( 1)
  12 A   0.00563 0.98186 0.00005 0.01245 ( 2)
  13 S   0.13946 0.81827 0.00595 0.03632 ( 2)
  14 S   0.90130 0.06154 0.03176 0.00540 ( 1)
  15 -   0.13146 0.77345 0.01381 0.08128 ( 2)
  16 -   0.46801 0.43690 0.04918 0.04591 ( 1)
  17 -   0.47168 0.43322 0.04957 0.04553 ( 1)
  18 -   0.47540 0.42951 0.04996 0.04514 ( 1)
  19 -   0.46644 0.43846 0.04902 0.04608 ( 1)
  20 -   0.47738 0.42753 0.05017 0.04493 ( 1)
  21 -   0.46499 0.43991 0.04886 0.04623 ( 1)
  22 -   0.43643 0.46848 0.04586 0.04923 ( 2)
  23 -   0.46297 0.44194 0.04865 0.04644 ( 1)
  24 -   0.46768 0.43723 0.04915 0.04595 ( 1)
  25 -   0.47302 0.43189 0.04971 0.04539 ( 1)
  26 -   0.46801 0.43690 0.04918 0.04591 ( 1)
  27 -   0.45941 0.44549 0.04828 0.04682 ( 1)
  28 G   0.97732 0.00481 0.01776 0.00012 ( 1)
  29 Q   0.01890 0.97104 0.00015 0.00991 ( 2)
  30 K   0.00456 0.65279 0.01709 0.32556 ( 2)
  31 V   0.19738 0.78268 0.00293 0.01701 ( 2)
  32 E   0.01651 0.90685 0.00131 0.07532 ( 2)
  33 I   0.03779 0.87904 0.01282 0.07034 ( 2)
  34 I   0.24858 0.50014 0.19934 0.05195 ( 2)
  35 R   0.00121 0.91270 0.00010 0.08599 ( 2)
  36 -   0.23209 0.67282 0.02439 0.07070 ( 2)
  37 E   0.93574 0.04611 0.01715 0.00100 ( 1)
  38 W   0.00011 0.18267 0.02599 0.79123 ( 4)
  39 I   0.09165 0.67923 0.10563 0.12349 ( 2)
  40 N   0.91328 0.07130 0.01380 0.00163 ( 1)
  41 G   0.95472 0.01079 0.03386 0.00063 ( 1)
  42 A   0.23230 0.73574 0.00687 0.02509 ( 2)
  43 N   0.03845 0.51412 0.08170 0.36573 ( 2)
  44 V   0.01305 0.83598 0.01761 0.13336 ( 2)
  45 V   0.30941 0.67917 0.00256 0.00886 ( 2)
  46 Q   0.39105 0.18329 0.40487 0.02079 ( 3)
  47 L   0.40072 0.36510 0.14230 0.09188 ( 1)
  48 S   0.27533 0.59760 0.06313 0.06395 ( 2)
  49 P   0.22184 0.76821 0.00182 0.00813 ( 2)
  50 G   0.00126 0.96022 0.00005 0.03847 ( 2)
  51 Q   0.04229 0.94854 0.00031 0.00886 ( 2)
  52 S   0.05346 0.93711 0.00038 0.00905 ( 2)
  53 W   0.06317 0.89705 0.00253 0.03724 ( 2)
  54 G   0.00027 0.99112 0.00000 0.00861 ( 2)
  55 M   0.18137 0.81435 0.00065 0.00363 ( 2)
  56 D   0.09605 0.89118 0.00074 0.01204 ( 2)
  57 F   0.88530 0.10805 0.00564 0.00100 ( 1)
  58 T   0.93550 0.03124 0.03212 0.00114 ( 1)
  59 N   0.98324 0.00745 0.00918 0.00013 ( 1)
  60 S   0.00982 0.76435 0.00844 0.21739 ( 2)
  61 T   0.97204 0.01819 0.00951 0.00026 ( 1)
  62 G   0.06691 0.91690 0.00077 0.01541 ( 2)
  63 G   0.29151 0.68590 0.00665 0.01594 ( 2)
  64 Q   0.02405 0.44725 0.09753 0.43116 ( 2)
  65 Y   0.98388 0.00933 0.00671 0.00009 ( 1)
  66 M   0.01391 0.98070 0.00006 0.00533 ( 2)
  67 V   0.72116 0.24406 0.02560 0.00918 ( 1)
  68 R   0.90057 0.05347 0.04331 0.00264 ( 1)
  69 C   0.12876 0.86421 0.00075 0.00628 ( 2)
  70 R   0.98313 0.00262 0.01420 0.00004 ( 1)
  71 Y   0.99070 0.00252 0.00676 0.00002 ( 1)
  72 A   0.98957 0.00225 0.00816 0.00003 ( 1)
  73 S   0.54396 0.44940 0.00289 0.00375 ( 1)
  74 T   0.00036 0.43797 0.00784 0.55383 ( 4)
  75 N   0.00164 0.98434 0.00002 0.01400 ( 2)
  76 D   0.50376 0.42071 0.05227 0.02326 ( 1)
  77 T   0.67834 0.30867 0.00803 0.00496 ( 1)
  78 -   0.12065 0.78426 0.01268 0.08242 ( 2)
  79 -   0.64929 0.25562 0.06823 0.02686 ( 1)
  80 P   0.97424 0.01692 0.00866 0.00018 ( 1)
  81 I   0.60907 0.36234 0.01737 0.01122 ( 1)
  82 F   0.01148 0.97826 0.00008 0.01018 ( 2)
  83 F   0.89847 0.09551 0.00521 0.00081 ( 1)
  84 N   0.70398 0.28370 0.00731 0.00501 ( 1)
  85 L   0.82797 0.15992 0.00988 0.00223 ( 1)
  86 -   0.42755 0.47735 0.04493 0.05016 ( 2)
  87 -   0.42755 0.47735 0.04493 0.05016 ( 2)
  88 -   0.42755 0.47735 0.04493 0.05016 ( 2)
  89 -   0.42755 0.47735 0.04493 0.05016 ( 2)
  90 -   0.42755 0.47735 0.04493 0.05016 ( 2)
  91 -   0.42755 0.47735 0.04493 0.05016 ( 2)
  92 V   0.07867 0.88883 0.00250 0.03000 ( 2)
  93 Y   0.01697 0.97242 0.00013 0.01048 ( 2)
  94 D   0.00168 0.98247 0.00002 0.01583 ( 2)
  95 G   0.00025 0.96831 0.00001 0.03143 ( 2)
  96 G   0.09312 0.89907 0.00058 0.00723 ( 2)
  97 S   0.00276 0.95840 0.00010 0.03874 ( 2)
  98 N   0.78797 0.20030 0.00823 0.00350 ( 1)
  99 P   0.05330 0.93793 0.00037 0.00841 ( 2)
 100 I   0.61911 0.36835 0.00628 0.00626 ( 1)
 101 Y   0.00910 0.92364 0.00055 0.06671 ( 2)
 102 N   0.00007 0.59516 0.00276 0.40201 ( 2)
 103 Q   0.00091 0.78393 0.00215 0.21301 ( 2)
 104 M   0.00819 0.98658 0.00003 0.00520 ( 2)
 105 T   0.19866 0.78729 0.00198 0.01208 ( 2)
 106 F   0.92504 0.05277 0.02091 0.00127 ( 1)
 107 P   0.97424 0.01982 0.00578 0.00016 ( 1)
 108 A   0.01775 0.84990 0.01224 0.12011 ( 2)
 109 -   0.42755 0.47735 0.04493 0.05016 ( 2)
 110 T   0.05672 0.92431 0.00084 0.01812 ( 2)
 111 K   0.00609 0.93051 0.00080 0.06260 ( 2)
 112 E   0.00070 0.69793 0.00386 0.29751 ( 2)
 113 T   0.35272 0.23806 0.37626 0.03297 ( 3)
 114 P   0.00652 0.07898 0.78403 0.13047 ( 3)
 115 A   0.26525 0.36595 0.32202 0.04678 ( 2)
 116 H   0.10123 0.63011 0.12751 0.14115 ( 2)
 117 D   0.01625 0.50010 0.22810 0.25554 ( 2)
 118 S   0.06029 0.37621 0.25491 0.30859 ( 2)
 119 V   0.42755 0.47735 0.04493 0.05016 ( 2)
 120 D   0.42755 0.47735 0.04493 0.05016 ( 2)
 121 N   0.14660 0.69451 0.07448 0.08441 ( 2)
 122 K   0.52968 0.45901 0.00559 0.00571 ( 1)
 123 I   0.58591 0.40064 0.00644 0.00701 ( 1)
 124 L   0.13817 0.23214 0.53632 0.09337 ( 3)
 125 G   0.02729 0.93416 0.00105 0.03750 ( 2)
 126 I   0.04670 0.68454 0.08862 0.18014 ( 2)
 127 K   0.87627 0.11296 0.00903 0.00174 ( 1)
 128 G   0.95356 0.04028 0.00585 0.00031 ( 1)
 129 I   0.01100 0.83193 0.00802 0.14904 ( 2)
 130 N   0.96907 0.02151 0.00906 0.00036 ( 1)
 131 G   0.72459 0.26356 0.00784 0.00400 ( 1)
 132 N   0.77323 0.07071 0.14964 0.00642 ( 1)
 133 Y   0.99183 0.00139 0.00676 0.00001 ( 1)
 134 S   0.21194 0.77362 0.00281 0.01163 ( 2)
 135 L   0.47942 0.48024 0.01973 0.02061 ( 2)
 136 M   0.00811 0.98679 0.00003 0.00507 ( 2)
 137 N   0.07288 0.75066 0.07935 0.09711 ( 2)
 138 V   0.18981 0.79680 0.00198 0.01140 ( 2)
 139 K   0.00727 0.97756 0.00007 0.01509 ( 2)
 140 D   0.85849 0.13349 0.00633 0.00169 ( 1)
 141 S   0.36790 0.62458 0.00233 0.00518 ( 2)
 142 V   0.15450 0.12955 0.66511 0.05084 ( 3)
 143 E   0.56126 0.37233 0.03706 0.02935 ( 1)
 144 L   0.93970 0.05384 0.00598 0.00047 ( 1)
 145 P   0.98922 0.00281 0.00794 0.00003 ( 1)
 146 S   0.84401 0.14942 0.00534 0.00122 ( 1)
 147 G   0.15072 0.81417 0.00530 0.02981 ( 2)
 148 K   0.42933 0.55828 0.00403 0.00836 ( 2)
 149 F   0.01684 0.97305 0.00012 0.00999 ( 2)
 150 H   0.00523 0.98502 0.00004 0.00972 ( 2)
 151 V   0.96970 0.02104 0.00897 0.00029 ( 1)
 152 F   0.00055 0.99031 0.00000 0.00914 ( 2)
 153 F   0.92666 0.05099 0.02110 0.00124 ( 1)
 154 T   0.01221 0.97163 0.00014 0.01603 ( 2)
 155 N   0.97057 0.02003 0.00906 0.00034 ( 1)
 156 N   0.44985 0.53573 0.00474 0.00968 ( 2)
 157 G   0.64833 0.34472 0.00405 0.00290 ( 1)
 158 -   0.11065 0.79425 0.01163 0.08347 ( 2)
 159 -   0.46522 0.43968 0.04889 0.04620 ( 1)
 160 -   0.57610 0.32880 0.06054 0.03455 ( 1)
 161 S   0.10528 0.88156 0.00123 0.01193 ( 2)
 162 S   0.11204 0.87792 0.00087 0.00917 ( 2)
 163 A   0.81537 0.17591 0.00661 0.00210 ( 1)
 164 I   0.91104 0.07703 0.01054 0.00139 ( 1)
 165 Y   0.62248 0.36895 0.00469 0.00388 ( 1)
 166 L   0.94085 0.04810 0.01043 0.00062 ( 1)
 167 D   0.99154 0.00115 0.00730 0.00001 ( 1)
 168 R   0.95297 0.03274 0.01377 0.00052 ( 1)
 169 L   0.96175 0.03134 0.00661 0.00030 ( 1)
 170 E   0.98502 0.00228 0.01267 0.00003 ( 1)
 171 F   0.99297 0.00126 0.00576 0.00001 ( 1)
 172 V   0.90488 0.08655 0.00745 0.00112 ( 1)
 173 P   0.90675 0.08708 0.00542 0.00075 ( 1)


lnL = -2639.088069

