Supplemental results for CODEML (seqf: algn  treef: tree)


dN/dS (w) for site classes (K=4)

site class             0        1       2a       2b
proportion       0.66716  0.33284  0.00000  0.00000
background w     0.19417  1.00000  0.19417  1.00000
foreground w     0.19417  1.00000  1.00000  1.00000

Naive Empirical Bayes (NEB) probabilities for 4 classes
(amino acids refer to 1st sequence: BT_Cry18Aa1)

   1 N   0.81477 0.18523 0.00000 0.00000 ( 1)
   2 Q   0.85397 0.14603 0.00000 0.00000 ( 1)
   3 N   0.88053 0.11946 0.00000 0.00000 ( 1)
   4 G   0.91217 0.08783 0.00000 0.00000 ( 1)
   5 T   0.84859 0.15141 0.00000 0.00000 ( 1)
   6 M   0.93860 0.06140 0.00000 0.00000 ( 1)
   7 I   0.99704 0.00296 0.00000 0.00000 ( 1)
   8 H   0.99983 0.00017 0.00000 0.00000 ( 1)
   9 Q   0.49659 0.50341 0.00000 0.00000 ( 2)
  10 A   0.93019 0.06981 0.00000 0.00000 ( 1)
  11 P   0.99810 0.00190 0.00000 0.00000 ( 1)
  12 P   0.00188 0.99812 0.00000 0.00000 ( 2)
  13 D   0.98377 0.01623 0.00000 0.00000 ( 1)
  14 G   0.99169 0.00831 0.00000 0.00000 ( 1)
  15 T   0.99932 0.00068 0.00000 0.00000 ( 1)
  16 G   0.97557 0.02443 0.00000 0.00000 ( 1)
  17 F   0.99984 0.00016 0.00000 0.00000 ( 1)
  18 T   0.99998 0.00002 0.00000 0.00000 ( 1)
  19 V   0.97758 0.02242 0.00000 0.00000 ( 1)
  20 S   0.95151 0.04849 0.00000 0.00000 ( 1)
  21 P   0.99994 0.00006 0.00000 0.00000 ( 1)
  22 L   0.99955 0.00045 0.00000 0.00000 ( 1)
  23 H   0.99995 0.00005 0.00000 0.00000 ( 1)
  24 P   0.96229 0.03771 0.00000 0.00000 ( 1)
  25 S   0.95123 0.04877 0.00000 0.00000 ( 1)
  26 A   0.00353 0.99647 0.00000 0.00000 ( 2)
  27 -   0.01066 0.98934 0.00000 0.00000 ( 2)
  28 -   0.98859 0.01141 0.00000 0.00000 ( 1)
  29 N   0.99996 0.00004 0.00000 0.00000 ( 1)
  30 T   0.00822 0.99178 0.00000 0.00000 ( 2)
  31 I   0.01046 0.98954 0.00000 0.00000 ( 2)
  32 T   0.78582 0.21418 0.00000 0.00000 ( 1)
  33 S   0.02125 0.97875 0.00000 0.00000 ( 2)
  34 Y   0.99999 0.00001 0.00000 0.00000 ( 1)
  35 I   1.00000 0.00000 0.00000 0.00000 ( 1)
  36 K   0.22303 0.77697 0.00000 0.00000 ( 2)
  37 E   0.99995 0.00005 0.00000 0.00000 ( 1)
  38 N   0.99990 0.00010 0.00000 0.00000 ( 1)
  39 Y   0.99966 0.00034 0.00000 0.00000 ( 1)
  40 G   0.99998 0.00002 0.00000 0.00000 ( 1)
  41 N   1.00000 0.00000 0.00000 0.00000 ( 1)
  42 S   0.99998 0.00002 0.00000 0.00000 ( 1)
  43 G   1.00000 0.00000 0.00000 0.00000 ( 1)
  44 D   1.00000 0.00000 0.00000 0.00000 ( 1)
  45 S   0.99991 0.00009 0.00000 0.00000 ( 1)
  46 L   0.99974 0.00026 0.00000 0.00000 ( 1)
  47 H   0.99980 0.00020 0.00000 0.00000 ( 1)
  48 L   0.99996 0.00004 0.00000 0.00000 ( 1)
  49 K   0.38999 0.61001 0.00000 0.00000 ( 2)
  50 G   0.02803 0.97197 0.00000 0.00000 ( 2)
  51 -   0.00001 0.99999 0.00000 0.00000 ( 2)
  52 Q   0.00085 0.99914 0.00000 0.00000 ( 2)
  53 G   0.27824 0.72176 0.00000 0.00000 ( 2)
  54 Y   0.25636 0.74364 0.00000 0.00000 ( 2)
  55 L   0.00061 0.99939 0.00000 0.00000 ( 2)
  56 -   0.66716 0.33284 0.00000 0.00000 ( 1)
  57 -   0.99513 0.00487 0.00000 0.00000 ( 1)
  58 -   0.68328 0.31672 0.00000 0.00000 ( 1)
  59 -   0.99695 0.00305 0.00000 0.00000 ( 1)
  60 -   0.27169 0.72831 0.00000 0.00000 ( 2)
  61 -   0.96814 0.03186 0.00000 0.00000 ( 1)
  62 -   0.25233 0.74767 0.00000 0.00000 ( 2)
  63 -   0.99221 0.00779 0.00000 0.00000 ( 1)
  64 H   0.71945 0.28055 0.00000 0.00000 ( 1)
  65 Y   0.97125 0.02875 0.00000 0.00000 ( 1)
  66 M   0.99520 0.00480 0.00000 0.00000 ( 1)
  67 L   0.99854 0.00146 0.00000 0.00000 ( 1)
  68 S   0.99423 0.00577 0.00000 0.00000 ( 1)
  69 G   0.99920 0.00080 0.00000 0.00000 ( 1)
  70 N   0.97742 0.02258 0.00000 0.00000 ( 1)
  71 G   0.95451 0.04549 0.00000 0.00000 ( 1)
  72 Q   0.01633 0.98367 0.00000 0.00000 ( 2)
  73 D   0.99898 0.00102 0.00000 0.00000 ( 1)
  74 R   0.05365 0.94635 0.00000 0.00000 ( 2)
  75 Y   1.00000 0.00000 0.00000 0.00000 ( 1)
  76 R   0.99961 0.00039 0.00000 0.00000 ( 1)
  77 L   0.99902 0.00098 0.00000 0.00000 ( 1)
  78 V   0.99954 0.00046 0.00000 0.00000 ( 1)
  79 L   0.99896 0.00104 0.00000 0.00000 ( 1)
  80 R   1.00000 0.00000 0.00000 0.00000 ( 1)
  81 L   0.99994 0.00006 0.00000 0.00000 ( 1)
  82 S   1.00000 0.00000 0.00000 0.00000 ( 1)
  83 G   0.99993 0.00007 0.00000 0.00000 ( 1)
  84 A   0.14421 0.85579 0.00000 0.00000 ( 2)
  85 A   0.66290 0.33710 0.00000 0.00000 ( 1)
  86 N   0.01831 0.98169 0.00000 0.00000 ( 2)
  87 Q   0.05696 0.94304 0.00000 0.00000 ( 2)
  88 I   0.87829 0.12171 0.00000 0.00000 ( 1)
  89 K   0.05938 0.94062 0.00000 0.00000 ( 2)
  90 L   0.17211 0.82789 0.00000 0.00000 ( 2)
  91 Q   0.01561 0.98439 0.00000 0.00000 ( 2)
  92 S   0.33829 0.66171 0.00000 0.00000 ( 2)
  93 P   0.94712 0.05288 0.00000 0.00000 ( 1)
  94 T   0.00044 0.99956 0.00000 0.00000 ( 2)
  95 T   0.87902 0.12098 0.00000 0.00000 ( 1)
  96 S   0.00033 0.99967 0.00000 0.00000 ( 2)
  97 I   0.00011 0.99989 0.00000 0.00000 ( 2)
  98 Y   0.10941 0.89059 0.00000 0.00000 ( 2)
  99 A   0.00558 0.99442 0.00000 0.00000 ( 2)
 100 -   0.00026 0.99974 0.00000 0.00000 ( 2)
 101 -   0.00000 1.00000 0.00000 0.00000 ( 2)
 102 -   0.03033 0.96967 0.00000 0.00000 ( 2)
 103 -   0.28824 0.71176 0.00000 0.00000 ( 2)
 104 -   0.00974 0.99026 0.00000 0.00000 ( 2)
 105 -   0.08028 0.91972 0.00000 0.00000 ( 2)
 106 -   0.00001 0.99999 0.00000 0.00000 ( 2)
 107 -   0.62027 0.37973 0.00000 0.00000 ( 1)
 108 -   0.66716 0.33284 0.00000 0.00000 ( 1)
 109 -   0.66716 0.33284 0.00000 0.00000 ( 1)
 110 -   0.66716 0.33284 0.00000 0.00000 ( 1)
 111 -   0.66716 0.33284 0.00000 0.00000 ( 1)
 112 -   0.66716 0.33284 0.00000 0.00000 ( 1)
 113 F   0.94610 0.05390 0.00000 0.00000 ( 1)
 114 D   0.04408 0.95592 0.00000 0.00000 ( 2)
 115 T   0.98055 0.01945 0.00000 0.00000 ( 1)
 116 S   0.09599 0.90401 0.00000 0.00000 ( 2)
 117 T   0.42851 0.57149 0.00000 0.00000 ( 2)
 118 N   0.99487 0.00513 0.00000 0.00000 ( 1)
 119 N   0.54768 0.45232 0.00000 0.00000 ( 1)
 120 E   0.99041 0.00959 0.00000 0.00000 ( 1)
 121 G   1.00000 0.00000 0.00000 0.00000 ( 1)
 122 I   0.99975 0.00025 0.00000 0.00000 ( 1)
 123 T   0.98956 0.01044 0.00000 0.00000 ( 1)
 124 D   1.00000 0.00000 0.00000 0.00000 ( 1)
 125 N   0.99988 0.00012 0.00000 0.00000 ( 1)
 126 G   0.99999 0.00000 0.00000 0.00000 ( 1)
 127 S   0.99913 0.00087 0.00000 0.00000 ( 1)
 128 K   0.97402 0.02598 0.00000 0.00000 ( 1)
 129 F   0.99999 0.00001 0.00000 0.00000 ( 1)
 130 K   0.12411 0.87589 0.00000 0.00000 ( 2)
 131 D   0.96794 0.03206 0.00000 0.00000 ( 1)
 132 -   0.66716 0.33284 0.00000 0.00000 ( 1)
 133 -   0.30184 0.69816 0.00000 0.00000 ( 2)
 134 -   0.74418 0.25582 0.00000 0.00000 ( 1)
 135 -   0.17025 0.82975 0.00000 0.00000 ( 2)
 136 -   0.92273 0.07727 0.00000 0.00000 ( 1)
 137 -   0.86569 0.13431 0.00000 0.00000 ( 1)
 138 -   0.98975 0.01025 0.00000 0.00000 ( 1)
 139 -   0.92180 0.07820 0.00000 0.00000 ( 1)
 140 -   0.56651 0.43349 0.00000 0.00000 ( 1)
 141 -   0.94185 0.05815 0.00000 0.00000 ( 1)
 142 -   0.98071 0.01929 0.00000 0.00000 ( 1)
 143 -   0.20814 0.79186 0.00000 0.00000 ( 2)
 144 -   0.94565 0.05435 0.00000 0.00000 ( 1)
 145 -   0.99917 0.00083 0.00000 0.00000 ( 1)
 146 -   0.98841 0.01159 0.00000 0.00000 ( 1)
 147 -   0.99975 0.00025 0.00000 0.00000 ( 1)
 148 -   0.99449 0.00551 0.00000 0.00000 ( 1)
 149 -   0.85917 0.14083 0.00000 0.00000 ( 1)
 150 -   0.42429 0.57571 0.00000 0.00000 ( 2)
 151 F   0.81626 0.18374 0.00000 0.00000 ( 1)
 152 A   0.01781 0.98219 0.00000 0.00000 ( 2)
 153 F   0.48652 0.51348 0.00000 0.00000 ( 2)
 154 S   0.51763 0.48237 0.00000 0.00000 ( 1)
 155 T   0.99773 0.00227 0.00000 0.00000 ( 1)
 156 P   0.99794 0.00206 0.00000 0.00000 ( 1)
 157 F   0.99961 0.00039 0.00000 0.00000 ( 1)
 158 V   0.95900 0.04100 0.00000 0.00000 ( 1)
 159 I   0.88643 0.11357 0.00000 0.00000 ( 1)
 160 P   0.61572 0.38428 0.00000 0.00000 ( 1)
 161 E   0.68093 0.31907 0.00000 0.00000 ( 1)
 162 Q   0.11318 0.88682 0.00000 0.00000 ( 2)
 163 K   0.84602 0.15398 0.00000 0.00000 ( 1)
 164 E   0.04884 0.95116 0.00000 0.00000 ( 2)
 165 I   0.43564 0.56436 0.00000 0.00000 ( 2)
 166 V   0.98238 0.01762 0.00000 0.00000 ( 1)
 167 L   0.99960 0.00040 0.00000 0.00000 ( 1)
 168 Y   0.31657 0.68343 0.00000 0.00000 ( 2)
 169 F   0.99235 0.00765 0.00000 0.00000 ( 1)
 170 E   0.00012 0.99988 0.00000 0.00000 ( 2)
 171 G   0.63918 0.36082 0.00000 0.00000 ( 1)
 172 V   0.00008 0.99992 0.00000 0.00000 ( 2)
 173 -   0.38168 0.61832 0.00000 0.00000 ( 2)
 174 -   0.00000 0.99999 0.00000 0.00000 ( 2)
 175 -   0.00001 0.99999 0.00000 0.00000 ( 2)
 176 -   0.00106 0.99894 0.00000 0.00000 ( 2)
 177 -   0.10897 0.89103 0.00000 0.00000 ( 2)
 178 G   0.10908 0.89092 0.00000 0.00000 ( 2)
 179 S   0.00694 0.99306 0.00000 0.00000 ( 2)
 180 L   0.99982 0.00018 0.00000 0.00000 ( 1)
 181 D   0.99999 0.00001 0.00000 0.00000 ( 1)
 182 L   1.00000 0.00000 0.00000 0.00000 ( 1)
 183 M   1.00000 0.00000 0.00000 0.00000 ( 1)
 184 N   1.00000 0.00000 0.00000 0.00000 ( 1)
 185 L   0.99696 0.00304 0.00000 0.00000 ( 1)
 186 I   1.00000 0.00000 0.00000 0.00000 ( 1)
 187 F   0.99998 0.00002 0.00000 0.00000 ( 1)
 188 L   0.99007 0.00993 0.00000 0.00000 ( 1)
 189 -   0.95176 0.04824 0.00000 0.00000 ( 1)


lnL = -7526.286746

Bayes Empirical Bayes (BEB) probabilities for 4 classes (class)
(amino acids refer to 1st sequence: BT_Cry18Aa1)

   1 N   0.72042 0.19459 0.06671 0.01828 ( 1)
   2 Q   0.77235 0.14266 0.07160 0.01338 ( 1)
   3 N   0.80132 0.11369 0.07433 0.01066 ( 1)
   4 G   0.83019 0.08482 0.07703 0.00796 ( 1)
   5 T   0.76862 0.14639 0.07126 0.01373 ( 1)
   6 M   0.85130 0.06371 0.07900 0.00598 ( 1)
   7 I   0.91875 0.00273 0.07828 0.00024 ( 1)
   8 H   0.92303 0.00015 0.07680 0.00001 ( 1)
   9 Q   0.39257 0.52438 0.03478 0.04827 ( 2)
  10 A   0.83975 0.07728 0.07583 0.00714 ( 1)
  11 P   0.91878 0.00171 0.07936 0.00015 ( 1)
  12 P   0.00375 0.91079 0.00033 0.08512 ( 2)
  13 D   0.90845 0.01749 0.07257 0.00149 ( 1)
  14 G   0.91039 0.01222 0.07632 0.00108 ( 1)
  15 T   0.92275 0.00066 0.07654 0.00006 ( 1)
  16 G   0.87518 0.04605 0.07466 0.00411 ( 1)
  17 F   0.91950 0.00016 0.08033 0.00001 ( 1)
  18 T   0.92145 0.00002 0.07853 0.00000 ( 1)
  19 V   0.88235 0.04163 0.07239 0.00363 ( 1)
  20 S   0.80755 0.10876 0.07352 0.01017 ( 1)
  21 P   0.91642 0.00005 0.08353 0.00000 ( 1)
  22 L   0.92355 0.00058 0.07582 0.00005 ( 1)
  23 H   0.92313 0.00006 0.07681 0.00001 ( 1)
  24 P   0.84469 0.07773 0.07070 0.00687 ( 1)
  25 S   0.81658 0.10884 0.06523 0.00934 ( 1)
  26 A   0.00935 0.90926 0.00077 0.08063 ( 2)
  27 -   0.01594 0.90061 0.00137 0.08207 ( 2)
  28 -   0.90897 0.01769 0.07184 0.00150 ( 1)
  29 N   0.92669 0.00004 0.07327 0.00000 ( 1)
  30 T   0.01386 0.90475 0.00114 0.08025 ( 2)
  31 I   0.01876 0.90227 0.00148 0.07749 ( 2)
  32 T   0.56386 0.35370 0.04987 0.03257 ( 1)
  33 S   0.04394 0.87716 0.00345 0.07544 ( 2)
  34 Y   0.92335 0.00001 0.07665 0.00000 ( 1)
  35 I   0.92604 0.00000 0.07396 0.00000 ( 1)
  36 K   0.18980 0.73093 0.01537 0.06390 ( 2)
  37 E   0.92346 0.00004 0.07649 0.00000 ( 1)
  38 N   0.92430 0.00010 0.07559 0.00001 ( 1)
  39 Y   0.92293 0.00042 0.07661 0.00004 ( 1)
  40 G   0.92131 0.00002 0.07868 0.00000 ( 1)
  41 N   0.92672 0.00000 0.07328 0.00000 ( 1)
  42 S   0.91997 0.00002 0.08001 0.00000 ( 1)
  43 G   0.92363 0.00000 0.07637 0.00000 ( 1)
  44 D   0.92603 0.00000 0.07397 0.00000 ( 1)
  45 S   0.92234 0.00009 0.07756 0.00001 ( 1)
  46 L   0.91941 0.00025 0.08032 0.00002 ( 1)
  47 H   0.91814 0.00023 0.08161 0.00002 ( 1)
  48 L   0.92332 0.00003 0.07664 0.00000 ( 1)
  49 K   0.28125 0.64052 0.02262 0.05561 ( 2)
  50 G   0.05281 0.86585 0.00436 0.07698 ( 2)
  51 -   0.00003 0.91760 0.00000 0.08236 ( 2)
  52 Q   0.00278 0.91510 0.00023 0.08188 ( 2)
  53 G   0.21511 0.70171 0.01873 0.06445 ( 2)
  54 Y   0.20484 0.71665 0.01639 0.06213 ( 2)
  55 L   0.00188 0.92018 0.00014 0.07780 ( 2)
  56 -   0.59209 0.32292 0.05471 0.03028 ( 1)
  57 -   0.91053 0.00448 0.08457 0.00042 ( 1)
  58 -   0.55114 0.36387 0.05073 0.03426 ( 1)
  59 -   0.91222 0.00279 0.08473 0.00026 ( 1)
  60 -   0.21906 0.69595 0.01986 0.06512 ( 2)
  61 -   0.88468 0.03033 0.08215 0.00284 ( 1)
  62 -   0.20491 0.71010 0.01856 0.06643 ( 2)
  63 -   0.90777 0.00724 0.08431 0.00068 ( 1)
  64 H   0.50673 0.41339 0.04290 0.03698 ( 1)
  65 Y   0.86195 0.06053 0.07217 0.00535 ( 1)
  66 M   0.90737 0.00995 0.08176 0.00092 ( 1)
  67 L   0.92064 0.00185 0.07735 0.00016 ( 1)
  68 S   0.91434 0.00927 0.07557 0.00081 ( 1)
  69 G   0.91597 0.00082 0.08313 0.00008 ( 1)
  70 N   0.87758 0.04895 0.06930 0.00417 ( 1)
  71 G   0.83793 0.08322 0.07141 0.00743 ( 1)
  72 Q   0.03206 0.89138 0.00240 0.07416 ( 2)
  73 D   0.92418 0.00209 0.07355 0.00018 ( 1)
  74 R   0.05517 0.85984 0.00492 0.08007 ( 2)
  75 Y   0.91651 0.00000 0.08349 0.00000 ( 1)
  76 R   0.92618 0.00054 0.07323 0.00005 ( 1)
  77 L   0.92139 0.00110 0.07742 0.00010 ( 1)
  78 V   0.92213 0.00050 0.07732 0.00004 ( 1)
  79 L   0.91852 0.00114 0.08024 0.00010 ( 1)
  80 R   0.92364 0.00000 0.07636 0.00000 ( 1)
  81 L   0.92505 0.00006 0.07489 0.00001 ( 1)
  82 S   0.92244 0.00000 0.07756 0.00000 ( 1)
  83 G   0.91967 0.00007 0.08025 0.00001 ( 1)
  84 A   0.15068 0.77121 0.01183 0.06628 ( 2)
  85 A   0.43640 0.48394 0.03656 0.04310 ( 2)
  86 N   0.03525 0.88820 0.00264 0.07391 ( 2)
  87 Q   0.07988 0.83621 0.00694 0.07697 ( 2)
  88 I   0.70796 0.21708 0.05636 0.01860 ( 1)
  89 K   0.07883 0.84426 0.00599 0.07093 ( 2)
  90 L   0.16882 0.74839 0.01447 0.06832 ( 2)
  91 Q   0.03192 0.89039 0.00245 0.07524 ( 2)
  92 S   0.25322 0.67026 0.01966 0.05686 ( 2)
  93 P   0.80874 0.11504 0.06619 0.01003 ( 1)
  94 T   0.00156 0.91632 0.00013 0.08198 ( 2)
  95 T   0.73632 0.18679 0.06057 0.01631 ( 1)
  96 S   0.00096 0.91647 0.00008 0.08249 ( 2)
  97 I   0.00057 0.92004 0.00004 0.07935 ( 2)
  98 Y   0.10792 0.81278 0.00867 0.07063 ( 2)
  99 A   0.01122 0.91150 0.00085 0.07642 ( 2)
 100 -   0.00085 0.92121 0.00007 0.07788 ( 2)
 101 -   0.00002 0.92064 0.00000 0.07934 ( 2)
 102 -   0.04529 0.87819 0.00340 0.07312 ( 2)
 103 -   0.22765 0.68736 0.02060 0.06439 ( 2)
 104 -   0.01217 0.90284 0.00108 0.08391 ( 2)
 105 -   0.07662 0.83839 0.00686 0.07813 ( 2)
 106 -   0.00004 0.91497 0.00000 0.08498 ( 2)
 107 -   0.49450 0.42051 0.04543 0.03956 ( 1)
 108 -   0.59209 0.32292 0.05471 0.03028 ( 1)
 109 -   0.59209 0.32292 0.05471 0.03028 ( 1)
 110 -   0.59209 0.32292 0.05471 0.03028 ( 1)
 111 -   0.59209 0.32292 0.05471 0.03028 ( 1)
 112 -   0.59209 0.32292 0.05471 0.03028 ( 1)
 113 F   0.83153 0.09328 0.06715 0.00805 ( 1)
 114 D   0.06156 0.86197 0.00462 0.07184 ( 2)
 115 T   0.89672 0.02898 0.07181 0.00248 ( 1)
 116 S   0.11630 0.80674 0.00888 0.06808 ( 2)
 117 T   0.30496 0.61678 0.02463 0.05363 ( 2)
 118 N   0.91950 0.00720 0.07269 0.00061 ( 1)
 119 N   0.37982 0.53851 0.03278 0.04890 ( 2)
 120 E   0.90646 0.01950 0.07237 0.00167 ( 1)
 121 G   0.92132 0.00000 0.07868 0.00000 ( 1)
 122 I   0.92482 0.00029 0.07486 0.00002 ( 1)
 123 T   0.91095 0.01572 0.07200 0.00133 ( 1)
 124 D   0.92602 0.00000 0.07397 0.00000 ( 1)
 125 N   0.92660 0.00012 0.07327 0.00001 ( 1)
 126 G   0.92132 0.00000 0.07868 0.00000 ( 1)
 127 S   0.92366 0.00120 0.07504 0.00010 ( 1)
 128 K   0.88095 0.03987 0.07560 0.00357 ( 1)
 129 F   0.92335 0.00001 0.07665 0.00000 ( 1)
 130 K   0.13115 0.78743 0.01095 0.07047 ( 2)
 131 D   0.87420 0.05164 0.06974 0.00441 ( 1)
 132 -   0.59209 0.32292 0.05471 0.03028 ( 1)
 133 -   0.24767 0.66734 0.02257 0.06242 ( 2)
 134 -   0.65441 0.26060 0.06052 0.02447 ( 1)
 135 -   0.14354 0.77147 0.01296 0.07203 ( 2)
 136 -   0.83878 0.07623 0.07784 0.00715 ( 1)
 137 -   0.77610 0.13891 0.07194 0.01305 ( 1)
 138 -   0.90561 0.00940 0.08411 0.00088 ( 1)
 139 -   0.83452 0.08049 0.07743 0.00756 ( 1)
 140 -   0.46591 0.44910 0.04282 0.04217 ( 1)
 141 -   0.85934 0.05567 0.07977 0.00522 ( 1)
 142 -   0.89740 0.01761 0.08334 0.00165 ( 1)
 143 -   0.17188 0.74313 0.01555 0.06944 ( 2)
 144 -   0.86561 0.04940 0.08037 0.00462 ( 1)
 145 -   0.91418 0.00083 0.08491 0.00008 ( 1)
 146 -   0.90249 0.01252 0.08381 0.00118 ( 1)
 147 -   0.91479 0.00022 0.08497 0.00002 ( 1)
 148 -   0.90852 0.00649 0.08438 0.00061 ( 1)
 149 -   0.72423 0.19078 0.06699 0.01800 ( 1)
 150 -   0.34368 0.57133 0.03143 0.05356 ( 2)
 151 F   0.58845 0.33637 0.04645 0.02874 ( 1)
 152 A   0.04354 0.87994 0.00326 0.07327 ( 2)
 153 F   0.32660 0.59050 0.02859 0.05430 ( 2)
 154 S   0.33385 0.58816 0.02685 0.05114 ( 2)
 155 T   0.92361 0.00311 0.07302 0.00026 ( 1)
 156 P   0.92017 0.00265 0.07695 0.00023 ( 1)
 157 F   0.92240 0.00043 0.07714 0.00004 ( 1)
 158 V   0.83486 0.08754 0.06986 0.00773 ( 1)
 159 I   0.71415 0.21136 0.05647 0.01802 ( 1)
 160 P   0.41855 0.50588 0.03264 0.04292 ( 2)
 161 E   0.42805 0.49677 0.03313 0.04205 ( 2)
 162 Q   0.14794 0.77269 0.01187 0.06750 ( 2)
 163 K   0.63282 0.29215 0.05006 0.02497 ( 1)
 164 E   0.05871 0.85630 0.00521 0.07978 ( 2)
 165 I   0.30303 0.61824 0.02464 0.05409 ( 2)
 166 V   0.89152 0.02893 0.07696 0.00260 ( 1)
 167 L   0.91923 0.00043 0.08030 0.00004 ( 1)
 168 Y   0.23697 0.68664 0.01825 0.05814 ( 2)
 169 F   0.91084 0.01324 0.07476 0.00115 ( 1)
 170 E   0.00045 0.92289 0.00003 0.07663 ( 2)
 171 G   0.42789 0.49370 0.03509 0.04332 ( 2)
 172 V   0.00035 0.92066 0.00003 0.07897 ( 2)
 173 -   0.28901 0.62600 0.02625 0.05874 ( 2)
 174 -   0.00002 0.91833 0.00000 0.08165 ( 2)
 175 -   0.00003 0.91785 0.00000 0.08211 ( 2)
 176 -   0.00178 0.91428 0.00015 0.08378 ( 2)
 177 -   0.12319 0.79829 0.00973 0.06879 ( 2)
 178 G   0.13712 0.78598 0.01048 0.06642 ( 2)
 179 S   0.01476 0.90385 0.00122 0.08017 ( 2)
 180 L   0.92318 0.00018 0.07663 0.00002 ( 1)
 181 D   0.92602 0.00001 0.07397 0.00000 ( 1)
 182 L   0.92249 0.00000 0.07751 0.00000 ( 1)
 183 M   0.92279 0.00000 0.07721 0.00000 ( 1)
 184 N   0.92672 0.00000 0.07328 0.00000 ( 1)
 185 L   0.92280 0.00322 0.07370 0.00027 ( 1)
 186 I   0.92279 0.00000 0.07721 0.00000 ( 1)
 187 F   0.92247 0.00002 0.07751 0.00000 ( 1)
 188 L   0.90416 0.01085 0.08397 0.00102 ( 1)
 189 -   0.87405 0.04097 0.08117 0.00382 ( 1)

