Supplemental results for CODEML (seqf: algn  treef: tree)


dN/dS (w) for site classes (K=4)

site class             0        1       2a       2b
proportion       0.00000  0.00000  0.56185  0.43815
background w     0.07095  1.00000  0.07095  1.00000
foreground w     0.07095  1.00000  1.00000  1.00000

Naive Empirical Bayes (NEB) probabilities for 4 classes
(amino acids refer to 1st sequence: BT_Cry14Aa1)

   1 -   0.00000 0.00000 0.49262 0.50738 ( 4)
   2 L   0.00000 0.00000 0.93807 0.06193 ( 3)
   3 K   0.00000 0.00000 0.91392 0.08608 ( 3)
   4 G   0.00000 0.00000 0.98151 0.01849 ( 3)
   5 I   0.00000 0.00000 0.93911 0.06089 ( 3)
   6 P   0.00000 0.00000 0.99212 0.00788 ( 3)
   7 A   0.00000 0.00000 0.99947 0.00053 ( 3)
   8 E   0.00000 0.00000 0.99868 0.00132 ( 3)
   9 K   0.00000 0.00000 0.99933 0.00067 ( 3)
  10 G   0.00000 0.00000 0.58787 0.41213 ( 3)
  11 Y   0.00000 0.00000 0.98512 0.01488 ( 3)
  12 F   0.00000 0.00000 0.00221 0.99779 ( 4)
  13 P   0.00000 0.00000 0.39887 0.60113 ( 4)
  14 N   0.00000 0.00000 0.94762 0.05238 ( 3)
  15 N   0.00000 0.00000 0.62184 0.37816 ( 3)
  16 A   0.00000 0.00000 0.00561 0.99439 ( 4)
  17 R   0.00000 0.00000 0.00839 0.99161 ( 4)
  18 P   0.00000 0.00000 0.09340 0.90660 ( 4)
  19 T   0.00000 0.00000 0.02221 0.97779 ( 4)
  20 V   0.00000 0.00000 0.90627 0.09373 ( 3)
  21 V   0.00000 0.00000 0.99715 0.00285 ( 3)
  22 K   0.00000 0.00000 0.02912 0.97088 ( 4)
  23 -   0.00000 0.00000 0.56185 0.43815 ( 3)
  24 E   0.00000 0.00000 0.99454 0.00546 ( 3)
  25 W   0.00000 0.00000 0.02156 0.97844 ( 4)
  26 I   0.00000 0.00000 0.54160 0.45840 ( 3)
  27 N   0.00000 0.00000 0.99699 0.00301 ( 3)
  28 G   0.00000 0.00000 0.99986 0.00014 ( 3)
  29 A   0.00000 0.00000 0.84728 0.15272 ( 3)
  30 S   0.00000 0.00000 0.96899 0.03101 ( 3)
  31 A   0.00000 0.00000 0.89503 0.10497 ( 3)
  32 V   0.00000 0.00000 0.45292 0.54708 ( 4)
  33 P   0.00000 0.00000 0.50564 0.49436 ( 3)
  34 F   0.00000 0.00000 0.93851 0.06149 ( 3)
  35 Y   0.00000 0.00000 0.00715 0.99285 ( 4)
  36 S   0.00000 0.00000 0.28477 0.71523 ( 4)
  37 G   0.00000 0.00000 0.01007 0.98993 ( 4)
  38 N   0.00000 0.00000 0.00610 0.99390 ( 4)
  39 T   0.00000 0.00000 0.02888 0.97112 ( 4)
  40 L   0.00000 0.00000 0.71810 0.28190 ( 3)
  41 F   0.00000 0.00000 0.00001 0.99999 ( 4)
  42 M   0.00000 0.00000 0.19140 0.80860 ( 4)
  43 T   0.00000 0.00000 0.00176 0.99824 ( 4)
  44 A   0.00000 0.00000 0.98839 0.01161 ( 3)
  45 T   0.00000 0.00000 0.91713 0.08287 ( 3)
  46 -   0.00000 0.00000 0.57541 0.42459 ( 3)
  47 -   0.00000 0.00000 0.64168 0.35832 ( 3)
  48 -   0.00000 0.00000 0.61964 0.38036 ( 3)
  49 -   0.00000 0.00000 0.64640 0.35360 ( 3)
  50 -   0.00000 0.00000 0.63885 0.36115 ( 3)
  51 -   0.00000 0.00000 0.63540 0.36460 ( 3)
  52 -   0.00000 0.00000 0.58042 0.41958 ( 3)
  53 -   0.00000 0.00000 0.63689 0.36311 ( 3)
  54 N   0.00000 0.00000 0.99740 0.00260 ( 3)
  55 L   0.00000 0.00000 0.17200 0.82799 ( 4)
  56 T   0.00000 0.00000 0.99500 0.00500 ( 3)
  57 A   0.00000 0.00000 0.71963 0.28037 ( 3)
  58 T   0.00000 0.00000 0.83484 0.16516 ( 3)
  59 Q   0.00000 0.00000 0.98615 0.01385 ( 3)
  60 Y   0.00000 0.00000 0.99798 0.00202 ( 3)
  61 K   0.00000 0.00000 0.04920 0.95080 ( 4)
  62 I   0.00000 0.00000 0.96402 0.03598 ( 3)
  63 R   0.00000 0.00000 0.99789 0.00211 ( 3)
  64 I   0.00000 0.00000 0.93270 0.06730 ( 3)
  65 R   0.00000 0.00000 0.99995 0.00005 ( 3)
  66 Y   0.00000 0.00000 0.99973 0.00027 ( 3)
  67 A   0.00000 0.00000 0.99958 0.00042 ( 3)
  68 -   0.00000 0.00000 0.71077 0.28923 ( 3)
  69 N   0.00000 0.00000 0.06964 0.93036 ( 4)
  70 P   0.00000 0.00000 0.00078 0.99922 ( 4)
  71 N   0.00000 0.00000 0.96375 0.03625 ( 3)
  72 S   0.00000 0.00000 0.86606 0.13394 ( 3)
  73 D   0.00000 0.00000 0.02700 0.97300 ( 4)
  74 T   0.00000 0.00000 0.96083 0.03917 ( 3)
  75 Q   0.00000 0.00000 0.90221 0.09779 ( 3)
  76 I   0.00000 0.00000 0.58506 0.41494 ( 3)
  77 G   0.00000 0.00000 0.01703 0.98297 ( 4)
  78 V   0.00000 0.00000 0.52919 0.47081 ( 3)
  79 L   0.00000 0.00000 0.03624 0.96376 ( 4)
  80 I   0.00000 0.00000 0.89773 0.10227 ( 3)
  81 T   0.00000 0.00000 0.12747 0.87253 ( 4)
  82 Q   0.00000 0.00000 0.19686 0.80314 ( 4)
  83 N   0.00000 0.00000 0.80855 0.19145 ( 3)
  84 G   0.00000 0.00000 0.04157 0.95843 ( 4)
  85 S   0.00000 0.00000 0.61976 0.38024 ( 3)
  86 Q   0.00000 0.00000 0.05467 0.94533 ( 4)
  87 I   0.00000 0.00000 0.03939 0.96061 ( 4)
  88 S   0.00000 0.00000 0.00624 0.99376 ( 4)
  89 N   0.00000 0.00000 0.04697 0.95303 ( 4)
  90 S   0.00000 0.00000 0.00680 0.99320 ( 4)
  91 N   0.00000 0.00000 0.02616 0.97384 ( 4)
  92 L   0.00000 0.00000 0.00714 0.99286 ( 4)
  93 T   0.00000 0.00000 0.91437 0.08563 ( 3)
  94 L   0.00000 0.00000 0.78957 0.21043 ( 3)
  95 Y   0.00000 0.00000 0.10368 0.89632 ( 4)
  96 S   0.00000 0.00000 0.99651 0.00349 ( 3)
  97 T   0.00000 0.00000 0.01154 0.98846 ( 4)
  98 T   0.00000 0.00000 0.09681 0.90319 ( 4)
  99 D   0.00000 0.00000 0.02335 0.97665 ( 4)
 100 S   0.00000 0.00000 0.02079 0.97921 ( 4)
 101 S   0.00000 0.00000 0.08931 0.91069 ( 4)
 102 M   0.00000 0.00000 0.06797 0.93203 ( 4)
 103 S   0.00000 0.00000 0.00105 0.99895 ( 4)
 104 S   0.00000 0.00000 0.07155 0.92845 ( 4)
 105 N   0.00000 0.00000 0.00880 0.99120 ( 4)
 106 L   0.00000 0.00000 0.71155 0.28845 ( 3)
 107 P   0.00000 0.00000 0.00194 0.99806 ( 4)
 108 Q   0.00000 0.00000 0.23110 0.76890 ( 4)
 109 N   0.00000 0.00000 0.57514 0.42486 ( 3)
 110 V   0.00000 0.00000 0.99219 0.00781 ( 3)
 111 Y   0.00000 0.00000 0.97771 0.02229 ( 3)
 112 V   0.00000 0.00000 0.46315 0.53685 ( 4)
 113 T   0.00000 0.00000 0.43251 0.56749 ( 4)
 114 G   0.00000 0.00000 0.99703 0.00297 ( 3)
 115 E   0.00000 0.00000 0.15134 0.84866 ( 4)
 116 N   0.00000 0.00000 0.99752 0.00248 ( 3)
 117 G   0.00000 0.00000 0.99785 0.00215 ( 3)
 118 N   0.00000 0.00000 0.99434 0.00566 ( 3)
 119 Y   0.00000 0.00000 0.99986 0.00014 ( 3)
 120 T   0.00000 0.00000 0.94301 0.05699 ( 3)
 121 L   0.00000 0.00000 0.79560 0.20440 ( 3)
 122 L   0.00000 0.00000 0.00309 0.99691 ( 4)
 123 D   0.00000 0.00000 0.01222 0.98777 ( 4)
 124 L   0.00000 0.00000 0.98423 0.01577 ( 3)
 125 Y   0.00000 0.00000 0.00096 0.99904 ( 4)
 126 S   0.00000 0.00000 0.88048 0.11952 ( 3)
 127 T   0.00000 0.00000 0.85361 0.14639 ( 3)
 128 T   0.00000 0.00000 0.97605 0.02395 ( 3)
 129 N   0.00000 0.00000 0.98712 0.01288 ( 3)
 130 V   0.00000 0.00000 0.48736 0.51264 ( 4)
 131 L   0.00000 0.00000 0.97746 0.02254 ( 3)
 132 S   0.00000 0.00000 0.99528 0.00472 ( 3)
 133 T   0.00000 0.00000 0.07470 0.92530 ( 4)
 134 G   0.00000 0.00000 0.41565 0.58435 ( 4)
 135 D   0.00000 0.00000 0.00622 0.99378 ( 4)
 136 I   0.00000 0.00000 0.78751 0.21249 ( 3)
 137 T   0.00000 0.00000 0.67214 0.32786 ( 3)
 138 L   0.00000 0.00000 0.11592 0.88408 ( 4)
 139 K   0.00000 0.00000 0.68870 0.31130 ( 3)
 140 L   0.00000 0.00000 0.01913 0.98087 ( 4)
 141 T   0.00000 0.00000 0.70233 0.29767 ( 3)
 142 G   0.00000 0.00000 0.02636 0.97364 ( 4)
 143 G   0.00000 0.00000 0.25533 0.74467 ( 4)
 144 -   0.00000 0.00000 0.56185 0.43815 ( 3)
 145 N   0.00000 0.00000 0.00153 0.99847 ( 4)
 146 Q   0.00000 0.00000 0.99685 0.00315 ( 3)
 147 K   0.00000 0.00000 0.97610 0.02390 ( 3)
 148 I   0.00000 0.00000 0.97802 0.02198 ( 3)
 149 F   0.00000 0.00000 0.98530 0.01470 ( 3)
 150 I   0.00000 0.00000 0.97107 0.02893 ( 3)
 151 D   0.00000 0.00000 0.99963 0.00037 ( 3)
 152 R   0.00000 0.00000 0.99694 0.00306 ( 3)
 153 I   0.00000 0.00000 0.99762 0.00238 ( 3)
 154 E   0.00000 0.00000 0.99979 0.00021 ( 3)
 155 F   0.00000 0.00000 0.99970 0.00030 ( 3)
 156 I   0.00000 0.00000 0.84264 0.15736 ( 3)
 157 -   0.00000 0.00000 0.61610 0.38390 ( 3)


lnL = -2450.723582

