Supplemental results for CODEML (seqf: algn  treef: tree)


dN/dS (w) for site classes (K=4)

site class             0        1       2a       2b
proportion       0.45850  0.46552  0.03770  0.03828
background w     0.00000  1.00000  0.00000  1.00000
foreground w     0.00000  1.00000  9.90649  9.90649

Naive Empirical Bayes (NEB) probabilities for 4 classes
(amino acids refer to 1st sequence: BT_Cry4Ba1)

   1 A   0.00000 0.96690 0.00000 0.03310 ( 2)
   2 G   0.84936 0.11952 0.02691 0.00421 ( 1)
   3 T   0.00000 0.96165 0.00000 0.03835 ( 2)
   4 V   0.65171 0.29343 0.03712 0.01773 ( 1)
   5 L   0.00000 0.78270 0.00000 0.21730 ( 2)
   6 T   0.77084 0.19864 0.02363 0.00689 ( 1)
   7 V   0.00001 0.96450 0.00000 0.03550 ( 2)
   8 L   0.83727 0.13000 0.02793 0.00480 ( 1)
   9 S   0.81389 0.16169 0.01986 0.00455 ( 1)
  10 A   0.00000 0.94305 0.00000 0.05695 ( 2)
  11 V   0.00000 0.96690 0.00000 0.03310 ( 2)
  12 L   0.83727 0.13000 0.02793 0.00480 ( 1)
  13 P   0.81672 0.14782 0.02960 0.00586 ( 1)
  14 I   0.00001 0.96770 0.00000 0.03229 ( 2)
  15 L   0.83727 0.13000 0.02793 0.00480 ( 1)
  16 W   0.58535 0.35351 0.03776 0.02338 ( 1)
  17 P   0.59645 0.34359 0.03767 0.02229 ( 1)
  18 T   0.00000 0.93711 0.00000 0.06289 ( 2)
  19 N   0.90296 0.07404 0.02092 0.00208 ( 1)
  20 T   0.87186 0.10069 0.02421 0.00324 ( 1)
  21 P   0.79073 0.17075 0.03123 0.00730 ( 1)
  22 T   0.65365 0.29244 0.03678 0.01713 ( 1)
  23 P   0.81672 0.14782 0.02960 0.00586 ( 1)
  24 E   0.86962 0.10209 0.02494 0.00335 ( 1)
  25 R   0.84451 0.12101 0.02946 0.00502 ( 1)
  26 V   0.86680 0.10495 0.02481 0.00345 ( 1)
  27 W   0.00000 0.93797 0.00000 0.06203 ( 2)
  28 N   0.90296 0.07404 0.02092 0.00208 ( 1)
  29 D   0.90152 0.07486 0.02151 0.00211 ( 1)
  30 F   0.78360 0.18773 0.02256 0.00611 ( 1)
  31 M   0.87462 0.09701 0.02523 0.00314 ( 1)
  32 T   0.65912 0.28680 0.03696 0.01712 ( 1)
  33 N   0.90296 0.07404 0.02092 0.00208 ( 1)
  34 T   0.00000 0.37052 0.53964 0.08983 ( 3)
  35 G   0.72659 0.23708 0.02679 0.00954 ( 1)
  36 N   0.00001 0.94786 0.00000 0.05214 ( 2)
  37 L   0.00001 0.96439 0.00000 0.03561 ( 2)
  38 I   0.87477 0.09849 0.02359 0.00314 ( 1)
  39 D   0.90152 0.07486 0.02151 0.00211 ( 1)
  40 Q   0.79168 0.16991 0.03116 0.00724 ( 1)
  41 T   0.00000 0.27115 0.63180 0.09704 ( 3)
  42 V   0.00000 0.37772 0.53132 0.09096 ( 3)
  43 T   0.85155 0.11823 0.02610 0.00412 ( 1)
  44 A   0.00000 0.78528 0.00000 0.21472 ( 2)
  45 Y   0.00000 0.95204 0.00000 0.04796 ( 2)
  46 V   0.84586 0.12308 0.02667 0.00438 ( 1)
  47 R   0.69576 0.25576 0.03494 0.01353 ( 1)
  48 T   0.00000 0.95448 0.00000 0.04551 ( 2)
  49 D   0.00000 0.68855 0.00000 0.31145 ( 2)
  50 A   0.75192 0.19265 0.04379 0.01164 ( 1)
  51 N   0.90296 0.07404 0.02092 0.00208 ( 1)
  52 A   0.84164 0.12634 0.02743 0.00459 ( 1)
  53 K   0.00000 0.46851 0.00000 0.53148 ( 4)
  54 M   0.87462 0.09701 0.02523 0.00314 ( 1)
  55 T   0.00000 0.94284 0.00000 0.05716 ( 2)
  56 V   0.00001 0.89224 0.00000 0.10776 ( 2)
  57 V   0.76812 0.20052 0.02424 0.00712 ( 1)
  58 K   0.87647 0.09657 0.02388 0.00308 ( 1)
  59 D   0.00001 0.95219 0.00000 0.04780 ( 2)
  60 Y   0.00001 0.97205 0.00000 0.02794 ( 2)
  61 L   0.73484 0.22161 0.03293 0.01061 ( 1)
  62 D   0.00001 0.96428 0.00000 0.03571 ( 2)
  63 Q   0.00000 0.96729 0.00000 0.03271 ( 2)
  64 Y   0.83969 0.12797 0.02764 0.00469 ( 1)
  65 T   0.00000 0.37052 0.53964 0.08983 ( 3)
  66 T   0.00000 0.95374 0.00000 0.04625 ( 2)
  67 K   0.00000 0.97204 0.00000 0.02796 ( 2)
  68 F   0.87152 0.10016 0.02506 0.00326 ( 1)
  69 N   0.75240 0.20455 0.03336 0.00969 ( 1)
  70 T   0.00000 0.79172 0.00000 0.20828 ( 2)
  71 W   0.58535 0.35351 0.03776 0.02338 ( 1)
  72 K   0.87647 0.09657 0.02388 0.00308 ( 1)
  73 R   0.00001 0.96105 0.00000 0.03894 ( 2)
  74 E   0.00000 0.94189 0.00000 0.05811 ( 2)
  75 P   0.70682 0.23137 0.04630 0.01551 ( 1)
  76 N   0.00000 0.95876 0.00000 0.04123 ( 2)
  77 N   0.84235 0.13432 0.01957 0.00376 ( 1)
  78 Q   0.00000 0.92681 0.00000 0.07319 ( 2)
  79 -   0.51368 0.44681 0.02029 0.01922 ( 1)
  80 -   0.00000 0.65468 0.16761 0.17771 ( 2)
  81 -   0.52786 0.43849 0.01738 0.01627 ( 1)
  82 -   0.51368 0.44681 0.02029 0.01922 ( 1)
  83 S   0.00000 0.76538 0.00000 0.23462 ( 2)
  84 Y   0.83969 0.12797 0.02764 0.00469 ( 1)
  85 R   0.00000 0.95558 0.00000 0.04442 ( 2)
  86 T   0.00001 0.96450 0.00000 0.03549 ( 2)
  87 A   0.84866 0.12220 0.02505 0.00409 ( 1)
  88 V   0.84586 0.12308 0.02667 0.00438 ( 1)
  89 I   0.86746 0.10462 0.02447 0.00345 ( 1)
  90 T   0.00000 0.84780 0.00000 0.15220 ( 2)
  91 Q   0.00000 0.96775 0.00000 0.03225 ( 2)
  92 F   0.87152 0.10016 0.02506 0.00326 ( 1)
  93 N   0.00000 0.96056 0.00000 0.03944 ( 2)
  94 L   0.76115 0.19733 0.03247 0.00906 ( 1)
  95 T   0.00000 0.96672 0.00000 0.03328 ( 2)
  96 S   0.00000 0.95189 0.00000 0.04811 ( 2)
  97 A   0.75272 0.21494 0.02454 0.00780 ( 1)
  98 K   0.00000 0.30670 0.60969 0.08360 ( 3)
  99 L   0.83727 0.13000 0.02793 0.00480 ( 1)
 100 R   0.66618 0.28151 0.03630 0.01601 ( 1)
 101 E   0.00000 0.97156 0.00000 0.02844 ( 2)
 102 T   0.00000 0.64294 0.00000 0.35706 ( 2)
 103 A   0.84072 0.12726 0.02740 0.00463 ( 1)
 104 V   0.00001 0.96723 0.00000 0.03277 ( 2)
 105 Y   0.83969 0.12797 0.02764 0.00469 ( 1)
 106 F   0.87152 0.10016 0.02506 0.00326 ( 1)
 107 S   0.68534 0.26426 0.03590 0.01450 ( 1)
 108 N   0.84235 0.13432 0.01957 0.00376 ( 1)
 109 L   0.00000 0.94592 0.00000 0.05408 ( 2)
 110 V   0.82080 0.14393 0.02936 0.00591 ( 1)
 111 G   0.85128 0.11761 0.02698 0.00414 ( 1)
 112 Y   0.83969 0.12797 0.02764 0.00469 ( 1)
 113 E   0.86962 0.10209 0.02494 0.00335 ( 1)
 114 L   0.73484 0.22161 0.03293 0.01061 ( 1)
 115 L   0.69752 0.26073 0.02978 0.01197 ( 1)
 116 L   0.76115 0.19733 0.03247 0.00906 ( 1)
 117 L   0.76115 0.19733 0.03247 0.00906 ( 1)
 118 P   0.79073 0.17075 0.03123 0.00730 ( 1)
 119 I   0.86746 0.10462 0.02447 0.00345 ( 1)
 120 Y   0.74117 0.22614 0.02441 0.00828 ( 1)
 121 A   0.00000 0.96579 0.00000 0.03421 ( 2)
 122 Q   0.79168 0.16991 0.03116 0.00724 ( 1)
 123 V   0.85418 0.11750 0.02445 0.00386 ( 1)
 124 A   0.84164 0.12634 0.02743 0.00459 ( 1)
 125 N   0.90296 0.07404 0.02092 0.00208 ( 1)
 126 F   0.00000 0.30274 0.00000 0.69726 ( 4)
 127 N   0.00001 0.96786 0.00000 0.03213 ( 2)
 128 L   0.76115 0.19733 0.03247 0.00906 ( 1)
 129 L   0.83727 0.13000 0.02793 0.00480 ( 1)
 130 L   0.76115 0.19733 0.03247 0.00906 ( 1)
 131 I   0.86746 0.10462 0.02447 0.00345 ( 1)
 132 R   0.86697 0.10405 0.02553 0.00345 ( 1)
 133 D   0.90152 0.07486 0.02151 0.00211 ( 1)
 134 G   0.74569 0.22283 0.02364 0.00784 ( 1)
 135 L   0.00000 0.93854 0.00000 0.06146 ( 2)
 136 I   0.00000 0.96807 0.00000 0.03193 ( 2)
 137 N   0.00000 0.96778 0.00000 0.03222 ( 2)
 138 A   0.00000 0.96491 0.00000 0.03509 ( 2)
 139 Q   0.00000 0.97181 0.00000 0.02819 ( 2)
 140 E   0.00000 0.96826 0.00000 0.03174 ( 2)
 141 W   0.00000 0.93797 0.00000 0.06203 ( 2)
 142 S   0.00000 0.96310 0.00000 0.03690 ( 2)
 143 L   0.00000 0.95612 0.00000 0.04388 ( 2)
 144 A   0.84164 0.12634 0.02743 0.00459 ( 1)
 145 R   0.77391 0.18605 0.03181 0.00822 ( 1)
 146 S   0.00000 0.81012 0.00000 0.18988 ( 2)
 147 A   0.00000 0.96570 0.00000 0.03430 ( 2)
 148 G   0.48391 0.44011 0.03979 0.03619 ( 1)
 149 D   0.72125 0.23222 0.03471 0.01182 ( 1)
 150 Q   0.00000 0.74832 0.00000 0.25168 ( 2)
 151 L   0.78934 0.17775 0.02634 0.00657 ( 1)
 152 Y   0.83969 0.12797 0.02764 0.00469 ( 1)
 153 N   0.00001 0.96887 0.00000 0.03112 ( 2)
 154 T   0.00000 0.96714 0.00000 0.03286 ( 2)
 155 M   0.00000 0.96781 0.00000 0.03219 ( 2)
 156 V   0.00000 0.82741 0.00000 0.17259 ( 2)
 157 Q   0.00000 0.94952 0.00000 0.05048 ( 2)
 158 Y   0.00000 0.96469 0.00000 0.03531 ( 2)
 159 T   0.00000 0.27957 0.58501 0.13542 ( 3)
 160 K   0.00000 0.97204 0.00000 0.02796 ( 2)
 161 E   0.00000 0.81040 0.00000 0.18960 ( 2)
 162 Y   0.73440 0.20580 0.04643 0.01337 ( 1)
 163 I   0.87477 0.09849 0.02359 0.00314 ( 1)
 164 A   0.00000 0.95380 0.00000 0.04620 ( 2)
 165 H   0.86888 0.10240 0.02536 0.00336 ( 1)
 166 S   0.00000 0.96551 0.00000 0.03449 ( 2)
 167 I   0.87477 0.09849 0.02359 0.00314 ( 1)
 168 T   0.00001 0.96863 0.00000 0.03136 ( 2)
 169 W   0.00000 0.96329 0.00000 0.03671 ( 2)
 170 Y   0.83969 0.12797 0.02764 0.00469 ( 1)
 171 N   0.90296 0.07404 0.02092 0.00208 ( 1)
 172 K   0.00001 0.95210 0.00000 0.04789 ( 2)
 173 G   0.85128 0.11761 0.02698 0.00414 ( 1)
 174 L   0.76115 0.19733 0.03247 0.00906 ( 1)
 175 D   0.00001 0.97217 0.00000 0.02782 ( 2)
 176 V   0.00000 0.96536 0.00000 0.03464 ( 2)
 177 L   0.83727 0.13000 0.02793 0.00480 ( 1)
 178 R   0.00000 0.96855 0.00000 0.03145 ( 2)
 179 N   0.90296 0.07404 0.02092 0.00208 ( 1)
 180 K   0.00001 0.96759 0.00000 0.03240 ( 2)
 181 S   0.52536 0.39866 0.04320 0.03278 ( 1)
 182 N   0.90296 0.07404 0.02092 0.00208 ( 1)
 183 G   0.00000 0.94392 0.00000 0.05607 ( 2)
 184 Q   0.00000 0.95876 0.00000 0.04124 ( 2)
 185 W   0.58535 0.35351 0.03776 0.02338 ( 1)
 186 I   0.00000 0.96546 0.00000 0.03454 ( 2)
 187 T   0.77522 0.19427 0.02378 0.00674 ( 1)
 188 F   0.87152 0.10016 0.02506 0.00326 ( 1)
 189 N   0.90296 0.07404 0.02092 0.00208 ( 1)
 190 D   0.90152 0.07486 0.02151 0.00211 ( 1)
 191 Y   0.83969 0.12797 0.02764 0.00469 ( 1)
 192 K   0.00001 0.96759 0.00000 0.03240 ( 2)
 193 R   0.86697 0.10405 0.02553 0.00345 ( 1)
 194 E   0.80395 0.16747 0.02309 0.00549 ( 1)
 195 M   0.87462 0.09701 0.02523 0.00314 ( 1)
 196 T   0.87186 0.10069 0.02421 0.00324 ( 1)
 197 I   0.81828 0.13313 0.04065 0.00793 ( 1)
 198 Q   0.77031 0.18628 0.03417 0.00924 ( 1)
 199 V   0.00000 0.88596 0.00000 0.11403 ( 2)
 200 L   0.72824 0.20984 0.04759 0.01434 ( 1)
 201 D   0.90152 0.07486 0.02151 0.00211 ( 1)
 202 I   0.86642 0.10679 0.02340 0.00340 ( 1)
 203 L   0.00000 0.96813 0.00000 0.03187 ( 2)
 204 A   0.00000 0.33214 0.00000 0.66786 ( 4)
 205 L   0.83727 0.13000 0.02793 0.00480 ( 1)
 206 F   0.87152 0.10016 0.02506 0.00326 ( 1)
 207 A   0.00000 0.96265 0.00000 0.03734 ( 2)
 208 S   0.90214 0.07379 0.02199 0.00208 ( 1)


lnL = -1685.443845

Bayes Empirical Bayes (BEB) probabilities for 4 classes (class)
(amino acids refer to 1st sequence: BT_Cry4Ba1)

   1 A   0.01957 0.87110 0.00215 0.10719 ( 2)
   2 G   0.79356 0.10152 0.09203 0.01289 ( 1)
   3 T   0.01328 0.86993 0.00163 0.11516 ( 2)
   4 V   0.62925 0.24039 0.09336 0.03699 ( 1)
   5 L   0.02480 0.64990 0.07082 0.25448 ( 2)
   6 T   0.73062 0.16611 0.08248 0.02079 ( 1)
   7 V   0.24295 0.64590 0.02843 0.08273 ( 2)
   8 L   0.78320 0.11003 0.09260 0.01417 ( 1)
   9 S   0.76757 0.13662 0.07976 0.01605 ( 1)
  10 A   0.09761 0.76886 0.01471 0.11882 ( 2)
  11 V   0.14788 0.74424 0.01619 0.09169 ( 2)
  12 L   0.78320 0.11003 0.09260 0.01417 ( 1)
  13 P   0.76577 0.12396 0.09388 0.01638 ( 1)
  14 I   0.30440 0.58954 0.03352 0.07254 ( 2)
  15 L   0.78320 0.11003 0.09260 0.01417 ( 1)
  16 W   0.57516 0.28835 0.09047 0.04602 ( 1)
  17 P   0.58430 0.28029 0.09102 0.04439 ( 1)
  18 T   0.14501 0.71656 0.02305 0.11539 ( 2)
  19 N   0.84221 0.06665 0.08345 0.00769 ( 1)
  20 T   0.81361 0.08779 0.08791 0.01069 ( 1)
  21 P   0.74405 0.14214 0.09452 0.01929 ( 1)
  22 T   0.63111 0.23916 0.09332 0.03641 ( 1)
  23 P   0.76577 0.12396 0.09388 0.01638 ( 1)
  24 E   0.81141 0.08843 0.08928 0.01087 ( 1)
  25 R   0.78986 0.10325 0.09327 0.01362 ( 1)
  26 V   0.80907 0.09107 0.08867 0.01119 ( 1)
  27 W   0.08074 0.78133 0.01275 0.12518 ( 2)
  28 N   0.84221 0.06665 0.08345 0.00769 ( 1)
  29 D   0.84029 0.06656 0.08540 0.00776 ( 1)
  30 F   0.74130 0.15717 0.08218 0.01935 ( 1)
  31 M   0.81530 0.08322 0.09120 0.01028 ( 1)
  32 T   0.63527 0.23515 0.09357 0.03602 ( 1)
  33 N   0.84221 0.06665 0.08345 0.00769 ( 1)
  34 T   0.07430 0.28736 0.55002 0.08832 ( 3)
  35 G   0.69309 0.19542 0.08553 0.02596 ( 1)
  36 N   0.22749 0.64373 0.03275 0.09602 ( 2)
  37 L   0.23872 0.64953 0.02818 0.08357 ( 2)
  38 I   0.81647 0.08675 0.08631 0.01046 ( 1)
  39 D   0.84029 0.06656 0.08540 0.00776 ( 1)
  40 Q   0.74484 0.14150 0.09448 0.01918 ( 1)
  41 T   0.06923 0.23082 0.61102 0.08893 ( 3)
  42 V   0.07760 0.28648 0.54714 0.08878 ( 3)
  43 T   0.79570 0.10170 0.08985 0.01275 ( 1)
  44 A   0.01124 0.64750 0.09393 0.24733 ( 2)
  45 Y   0.01146 0.86246 0.00158 0.12450 ( 2)
  46 V   0.79074 0.10545 0.09048 0.01333 ( 1)
  47 R   0.66412 0.21128 0.09361 0.03099 ( 1)
  48 T   0.06677 0.80979 0.00895 0.11448 ( 2)
  49 D   0.01071 0.66607 0.00637 0.31685 ( 2)
  50 A   0.70917 0.15980 0.10644 0.02460 ( 1)
  51 N   0.84221 0.06665 0.08345 0.00769 ( 1)
  52 A   0.78701 0.10751 0.09175 0.01374 ( 1)
  53 K   0.00602 0.48395 0.08652 0.42350 ( 2)
  54 M   0.81530 0.08322 0.09120 0.01028 ( 1)
  55 T   0.10065 0.76565 0.01519 0.11850 ( 2)
  56 V   0.20395 0.60863 0.05134 0.13608 ( 2)
  57 V   0.72819 0.16736 0.08331 0.02113 ( 1)
  58 K   0.81780 0.08468 0.08728 0.01025 ( 1)
  59 D   0.24861 0.62689 0.03419 0.09031 ( 2)
  60 Y   0.25460 0.64563 0.02526 0.07451 ( 2)
  61 L   0.69709 0.18362 0.09336 0.02594 ( 1)
  62 D   0.24534 0.64327 0.02879 0.08261 ( 2)
  63 Q   0.05131 0.83854 0.00575 0.10440 ( 2)
  64 Y   0.78533 0.10875 0.09198 0.01394 ( 1)
  65 T   0.07430 0.28736 0.55002 0.08832 ( 3)
  66 T   0.18976 0.68716 0.02553 0.09755 ( 2)
  67 K   0.02852 0.86664 0.00298 0.10187 ( 2)
  68 F   0.81289 0.08636 0.09012 0.01064 ( 1)
  69 N   0.71200 0.16915 0.09504 0.02382 ( 1)
  70 T   0.01366 0.66076 0.08744 0.23814 ( 2)
  71 W   0.57516 0.28835 0.09047 0.04602 ( 1)
  72 K   0.81780 0.08468 0.08728 0.01025 ( 1)
  73 R   0.24281 0.64169 0.03006 0.08544 ( 2)
  74 E   0.00359 0.86155 0.00055 0.13431 ( 2)
  75 P   0.67277 0.19029 0.10645 0.03050 ( 1)
  76 N   0.17673 0.70659 0.02209 0.09459 ( 2)
  77 N   0.79215 0.11600 0.07850 0.01335 ( 1)
  78 Q   0.00913 0.84043 0.00169 0.14875 ( 2)
  79 -   0.51831 0.36604 0.06586 0.04979 ( 1)
  80 -   0.03907 0.55855 0.20831 0.19407 ( 2)
  81 -   0.53182 0.35967 0.06225 0.04626 ( 1)
  82 -   0.51831 0.36604 0.06586 0.04979 ( 1)
  83 S   0.00025 0.70033 0.00167 0.29775 ( 2)
  84 Y   0.78533 0.10875 0.09198 0.01394 ( 1)
  85 R   0.01352 0.86393 0.00178 0.12076 ( 2)
  86 T   0.25065 0.63828 0.02932 0.08175 ( 2)
  87 A   0.79383 0.10450 0.08870 0.01296 ( 1)
  88 V   0.79074 0.10545 0.09048 0.01333 ( 1)
  89 I   0.80981 0.09158 0.08742 0.01119 ( 1)
  90 T   0.00660 0.74612 0.02814 0.21914 ( 2)
  91 Q   0.20190 0.69079 0.02225 0.08507 ( 2)
  92 F   0.81289 0.08636 0.09012 0.01064 ( 1)
  93 N   0.00192 0.88012 0.00024 0.11771 ( 2)
  94 L   0.71947 0.16359 0.09421 0.02273 ( 1)
  95 T   0.01309 0.87662 0.00146 0.10883 ( 2)
  96 S   0.00166 0.87207 0.00023 0.12604 ( 2)
  97 A   0.71532 0.17851 0.08338 0.02279 ( 1)
  98 K   0.07502 0.24810 0.59646 0.08043 ( 3)
  99 L   0.78320 0.11003 0.09260 0.01417 ( 1)
 100 R   0.64161 0.23011 0.09362 0.03466 ( 1)
 101 E   0.00010 0.89422 0.00001 0.10567 ( 2)
 102 T   0.00332 0.60426 0.04029 0.35213 ( 2)
 103 A   0.78625 0.10825 0.09166 0.01383 ( 1)
 104 V   0.27822 0.61426 0.03119 0.07633 ( 2)
 105 Y   0.78533 0.10875 0.09198 0.01394 ( 1)
 106 F   0.81289 0.08636 0.09012 0.01064 ( 1)
 107 S   0.65731 0.21618 0.09436 0.03215 ( 1)
 108 N   0.79215 0.11600 0.07850 0.01335 ( 1)
 109 L   0.09967 0.76926 0.01462 0.11645 ( 2)
 110 V   0.76945 0.12224 0.09217 0.01614 ( 1)
 111 G   0.79513 0.09997 0.09221 0.01269 ( 1)
 112 Y   0.78533 0.10875 0.09198 0.01394 ( 1)
 113 E   0.81141 0.08843 0.08928 0.01087 ( 1)
 114 L   0.69709 0.18362 0.09336 0.02594 ( 1)
 115 L   0.66817 0.21450 0.08752 0.02982 ( 1)
 116 L   0.71947 0.16359 0.09421 0.02273 ( 1)
 117 L   0.71947 0.16359 0.09421 0.02273 ( 1)
 118 P   0.74405 0.14214 0.09452 0.01929 ( 1)
 119 I   0.80981 0.09158 0.08742 0.01119 ( 1)
 120 Y   0.70599 0.18734 0.08268 0.02399 ( 1)
 121 A   0.01759 0.87101 0.00200 0.10941 ( 2)
 122 Q   0.74484 0.14150 0.09448 0.01918 ( 1)
 123 V   0.79884 0.10118 0.08755 0.01242 ( 1)
 124 A   0.78701 0.10751 0.09175 0.01374 ( 1)
 125 N   0.84221 0.06665 0.08345 0.00769 ( 1)
 126 F   0.00019 0.37006 0.09504 0.53470 ( 4)
 127 N   0.27337 0.61931 0.03059 0.07673 ( 2)
 128 L   0.71947 0.16359 0.09421 0.02273 ( 1)
 129 L   0.78320 0.11003 0.09260 0.01417 ( 1)
 130 L   0.71947 0.16359 0.09421 0.02273 ( 1)
 131 I   0.80981 0.09158 0.08742 0.01119 ( 1)
 132 R   0.80881 0.08931 0.09080 0.01109 ( 1)
 133 D   0.84029 0.06656 0.08540 0.00776 ( 1)
 134 G   0.70979 0.18450 0.08230 0.02341 ( 1)
 135 L   0.08817 0.77442 0.01385 0.12356 ( 2)
 136 I   0.01035 0.88143 0.00111 0.10711 ( 2)
 137 N   0.00007 0.89003 0.00001 0.10990 ( 2)
 138 A   0.01453 0.87256 0.00169 0.11122 ( 2)
 139 Q   0.00007 0.89642 0.00001 0.10350 ( 2)
 140 E   0.01891 0.87228 0.00207 0.10674 ( 2)
 141 W   0.00028 0.86155 0.00005 0.13812 ( 2)
 142 S   0.01443 0.87043 0.00174 0.11340 ( 2)
 143 L   0.01069 0.86724 0.00140 0.12066 ( 2)
 144 A   0.78701 0.10751 0.09175 0.01374 ( 1)
 145 R   0.73021 0.15406 0.09455 0.02119 ( 1)
 146 S   0.00074 0.73020 0.00553 0.26353 ( 2)
 147 A   0.00069 0.88666 0.00008 0.11258 ( 2)
 148 G   0.49007 0.36107 0.08605 0.06280 ( 1)
 149 D   0.68659 0.19084 0.09497 0.02759 ( 1)
 150 Q   0.00771 0.64059 0.06991 0.28180 ( 2)
 151 L   0.74434 0.14853 0.08800 0.01914 ( 1)
 152 Y   0.78533 0.10875 0.09198 0.01394 ( 1)
 153 N   0.23992 0.65527 0.02564 0.07916 ( 2)
 154 T   0.00765 0.88222 0.00086 0.10927 ( 2)
 155 M   0.01772 0.87260 0.00197 0.10772 ( 2)
 156 V   0.00029 0.75454 0.00129 0.24388 ( 2)
 157 Q   0.02598 0.84570 0.00368 0.12465 ( 2)
 158 Y   0.14630 0.74175 0.01710 0.09485 ( 2)
 159 T   0.05211 0.25989 0.56760 0.12040 ( 3)
 160 K   0.02852 0.86664 0.00298 0.10187 ( 2)
 161 E   0.00074 0.72843 0.00488 0.26596 ( 2)
 162 Y   0.69470 0.17022 0.10815 0.02694 ( 1)
 163 I   0.81647 0.08675 0.08631 0.01046 ( 1)
 164 A   0.16031 0.71647 0.02156 0.10167 ( 2)
 165 H   0.81046 0.08795 0.09070 0.01089 ( 1)
 166 S   0.18273 0.70609 0.02129 0.08989 ( 2)
 167 I   0.81647 0.08675 0.08631 0.01046 ( 1)
 168 T   0.23211 0.66282 0.02480 0.08026 ( 2)
 169 W   0.00905 0.87633 0.00108 0.11354 ( 2)
 170 Y   0.78533 0.10875 0.09198 0.01394 ( 1)
 171 N   0.84221 0.06665 0.08345 0.00769 ( 1)
 172 K   0.22153 0.65374 0.03048 0.09425 ( 2)
 173 G   0.79513 0.09997 0.09221 0.01269 ( 1)
 174 L   0.71947 0.16359 0.09421 0.02273 ( 1)
 175 D   0.37890 0.52292 0.03780 0.06038 ( 2)
 176 V   0.01925 0.86891 0.00220 0.10964 ( 2)
 177 L   0.78320 0.11003 0.09260 0.01417 ( 1)
 178 R   0.02174 0.87054 0.00234 0.10538 ( 2)
 179 N   0.84221 0.06665 0.08345 0.00769 ( 1)
 180 K   0.29262 0.59992 0.03292 0.07454 ( 2)
 181 S   0.52491 0.32624 0.09213 0.05672 ( 1)
 182 N   0.84221 0.06665 0.08345 0.00769 ( 1)
 183 G   0.13167 0.73574 0.01965 0.11294 ( 2)
 184 Q   0.01041 0.86992 0.00133 0.11835 ( 2)
 185 W   0.57516 0.28835 0.09047 0.04602 ( 1)
 186 I   0.01574 0.87151 0.00183 0.11093 ( 2)
 187 T   0.73422 0.16254 0.08290 0.02034 ( 1)
 188 F   0.81289 0.08636 0.09012 0.01064 ( 1)
 189 N   0.84221 0.06665 0.08345 0.00769 ( 1)
 190 D   0.84029 0.06656 0.08540 0.00776 ( 1)
 191 Y   0.78533 0.10875 0.09198 0.01394 ( 1)
 192 K   0.29262 0.59992 0.03292 0.07454 ( 2)
 193 R   0.80881 0.08931 0.09080 0.01109 ( 1)
 194 E   0.75789 0.14134 0.08340 0.01737 ( 1)
 195 M   0.81530 0.08322 0.09120 0.01028 ( 1)
 196 T   0.81361 0.08779 0.08791 0.01069 ( 1)
 197 I   0.76830 0.11490 0.09996 0.01684 ( 1)
 198 Q   0.72745 0.15482 0.09581 0.02192 ( 1)
 199 V   0.17235 0.62256 0.05735 0.14774 ( 2)
 200 L   0.69268 0.17416 0.10562 0.02754 ( 1)
 201 D   0.84029 0.06656 0.08540 0.00776 ( 1)
 202 I   0.80944 0.09369 0.08558 0.01129 ( 1)
 203 L   0.04320 0.84714 0.00484 0.10482 ( 2)
 204 A   0.00023 0.38596 0.11222 0.50159 ( 4)
 205 L   0.78320 0.11003 0.09260 0.01417 ( 1)
 206 F   0.81289 0.08636 0.09012 0.01064 ( 1)
 207 A   0.13295 0.75254 0.01604 0.09847 ( 2)
 208 S   0.84020 0.06484 0.08733 0.00762 ( 1)

