Supplemental results for CODEML (seqf: algn  treef: tree)


dN/dS (w) for site classes (K=4)

site class             0        1       2a       2b
proportion       0.69305  0.25751  0.03605  0.01339
background w     0.21804  1.04289  0.21804  1.04289
foreground w     0.21804  1.04289  7.39977  7.39977

Naive Empirical Bayes (NEB) probabilities for 4 classes
(amino acids refer to 1st sequence: BT_Cry1A-like)

   1 W   0.73544 0.15914 0.10072 0.00471 ( 1)
   2 -   0.99721 0.00071 0.00207 0.00000 ( 1)
   3 -   0.04174 0.01669 0.92568 0.01589 ( 3)
   4 -   0.93579 0.06277 0.00129 0.00015 ( 1)
   5 -   0.92280 0.00551 0.07156 0.00014 ( 1)
   6 -   0.98302 0.00544 0.01147 0.00008 ( 1)
   7 -   0.99755 0.00071 0.00174 0.00000 ( 1)
   8 -   0.98298 0.01548 0.00150 0.00004 ( 1)
   9 -   0.99819 0.00049 0.00132 0.00000 ( 1)
  10 -   0.99860 0.00026 0.00114 0.00000 ( 1)
  11 -   0.18365 0.00289 0.81261 0.00085 ( 3)
  12 -   0.99733 0.00093 0.00174 0.00000 ( 1)
  13 -   0.74084 0.24381 0.01111 0.00425 ( 1)
  14 -   0.99693 0.00107 0.00200 0.00000 ( 1)
  15 -   0.99758 0.00074 0.00168 0.00000 ( 1)
  16 -   0.03818 0.26410 0.51188 0.18584 ( 3)
  17 -   0.99819 0.00049 0.00132 0.00000 ( 1)
  18 -   0.93279 0.02101 0.04582 0.00039 ( 1)
  19 -   0.99722 0.00135 0.00143 0.00000 ( 1)
  20 -   0.99734 0.00123 0.00143 0.00000 ( 1)
  21 -   0.99821 0.00051 0.00127 0.00000 ( 1)
  22 -   0.69305 0.25751 0.03605 0.01339 ( 1)
  23 -   0.51707 0.43519 0.03671 0.01103 ( 1)
  24 -   0.99774 0.00105 0.00121 0.00000 ( 1)
  25 -   0.81457 0.18383 0.00109 0.00051 ( 1)
  26 -   0.18491 0.76556 0.01894 0.03059 ( 2)
  27 -   0.00005 0.56495 0.00319 0.43181 ( 2)
  28 -   0.90602 0.09316 0.00067 0.00015 ( 1)
  29 -   0.03617 0.65471 0.13653 0.17259 ( 2)
  30 -   0.60219 0.36222 0.02860 0.00699 ( 1)
  31 -   0.99599 0.00270 0.00131 0.00001 ( 1)
  32 -   0.06066 0.85858 0.01664 0.06413 ( 2)
  33 -   0.00532 0.88520 0.00294 0.10654 ( 2)
  34 -   0.95015 0.04465 0.00502 0.00018 ( 1)
  35 -   0.99819 0.00049 0.00132 0.00000 ( 1)
  36 -   0.00233 0.91097 0.00086 0.08584 ( 2)
  37 -   0.69305 0.25751 0.03605 0.01339 ( 1)
  38 -   0.14160 0.84913 0.00108 0.00819 ( 2)
  39 -   0.82291 0.17537 0.00115 0.00057 ( 1)
  40 -   0.98968 0.00576 0.00452 0.00004 ( 1)
  41 S   0.77513 0.07799 0.14288 0.00399 ( 1)
  42 P   0.99755 0.00044 0.00201 0.00000 ( 1)
  43 H   0.99904 0.00008 0.00088 0.00000 ( 1)
  44 L   0.99313 0.00553 0.00133 0.00001 ( 1)
  45 W   0.99390 0.00506 0.00103 0.00001 ( 1)
  46 I   0.98608 0.00757 0.00628 0.00006 ( 1)
  47 Y   0.34412 0.64801 0.00231 0.00557 ( 2)
  48 L   0.99842 0.00073 0.00085 0.00000 ( 1)
  49 N   0.99392 0.00112 0.00495 0.00001 ( 1)
  50 Q   0.02893 0.83958 0.01647 0.11501 ( 2)
  51 D   0.97522 0.02372 0.00102 0.00004 ( 1)
  52 N   0.05112 0.83093 0.02471 0.09324 ( 2)
  53 H   0.90925 0.08964 0.00095 0.00016 ( 1)
  54 L   0.98954 0.00905 0.00139 0.00002 ( 1)
  55 T   0.98880 0.00938 0.00179 0.00003 ( 1)
  56 D   0.63154 0.36379 0.00255 0.00212 ( 1)
  57 V   0.16035 0.81838 0.00731 0.01396 ( 2)
  58 H   0.98003 0.01919 0.00074 0.00003 ( 1)
  59 R   0.97996 0.01849 0.00150 0.00005 ( 1)
  60 G   0.87272 0.11231 0.01302 0.00195 ( 1)
  61 F   0.01241 0.98521 0.00002 0.00237 ( 2)
  62 N   0.18643 0.78990 0.00987 0.01380 ( 2)
  63 Y   0.99219 0.00641 0.00139 0.00002 ( 1)
  64 W   0.90255 0.08896 0.00757 0.00093 ( 1)
  65 S   0.93937 0.05663 0.00369 0.00032 ( 1)
  66 G   0.99128 0.00624 0.00246 0.00002 ( 1)
  67 H   0.97570 0.02289 0.00135 0.00005 ( 1)
  68 Q   0.98796 0.01067 0.00134 0.00002 ( 1)
  69 I   0.99593 0.00302 0.00104 0.00001 ( 1)
  70 I   0.67233 0.31862 0.00566 0.00339 ( 1)
  71 A   0.97643 0.02228 0.00124 0.00005 ( 1)
  72 S   0.61267 0.22532 0.15117 0.01084 ( 1)
  73 P   0.08130 0.88773 0.00924 0.02173 ( 2)
  74 V   0.91122 0.08663 0.00184 0.00031 ( 1)
  75 G   0.99236 0.00494 0.00268 0.00003 ( 1)
  76 F   0.99851 0.00047 0.00102 0.00000 ( 1)
  77 Q   0.00041 0.99514 0.00000 0.00445 ( 2)
  78 D   0.96947 0.02802 0.00240 0.00011 ( 1)
  79 P   0.55826 0.27438 0.13495 0.03241 ( 1)
  80 E   0.97333 0.02456 0.00204 0.00008 ( 1)
  81 F   0.07874 0.90920 0.00075 0.01131 ( 2)
  82 A   0.07092 0.92351 0.00028 0.00528 ( 2)
  83 F   0.99168 0.00169 0.00662 0.00001 ( 1)
  84 P   0.99260 0.00601 0.00138 0.00001 ( 1)
  85 L   0.42436 0.57120 0.00151 0.00292 ( 2)
  86 F   0.00387 0.93406 0.00075 0.06132 ( 2)
  87 G   0.98577 0.00426 0.00992 0.00005 ( 1)
  88 N   0.22173 0.77592 0.00030 0.00205 ( 2)
  89 A   0.00000 0.99616 0.00000 0.00384 ( 2)
  90 G   0.96735 0.02264 0.00973 0.00028 ( 1)
  91 N   0.34727 0.01840 0.63270 0.00164 ( 3)
  92 A   0.59403 0.30138 0.09099 0.01360 ( 1)
  93 A   0.99338 0.00535 0.00126 0.00001 ( 1)
  94 P   0.99143 0.00655 0.00199 0.00002 ( 1)
  95 P   0.87561 0.12223 0.00176 0.00039 ( 1)
  96 V   0.00017 0.91167 0.00040 0.08776 ( 2)
  97 R   0.86443 0.08613 0.04496 0.00448 ( 1)
  98 I   0.05248 0.91711 0.00337 0.02705 ( 2)
  99 V   0.38293 0.61519 0.00048 0.00140 ( 2)
 100 Y   0.00701 0.99025 0.00001 0.00273 ( 2)
 101 Q   0.00007 0.98925 0.00000 0.01068 ( 2)
 102 L   0.00021 0.95520 0.00014 0.04444 ( 2)
 103 G   0.29839 0.02488 0.67489 0.00185 ( 3)
 104 Q   0.05161 0.93083 0.00283 0.01473 ( 2)
 105 G   0.95060 0.04687 0.00236 0.00018 ( 1)
 106 V   0.77088 0.22768 0.00089 0.00055 ( 1)
 107 Y   0.76576 0.23261 0.00108 0.00055 ( 1)
 108 R   0.99245 0.00602 0.00152 0.00002 ( 1)
 109 T   0.95244 0.04609 0.00135 0.00013 ( 1)
 110 L   0.96229 0.03411 0.00342 0.00017 ( 1)
 111 S   0.82049 0.16675 0.01027 0.00249 ( 1)
 112 S   0.27046 0.72236 0.00120 0.00599 ( 2)
 113 T   0.80619 0.19007 0.00272 0.00102 ( 1)
 114 L   0.48991 0.50885 0.00041 0.00083 ( 2)
 115 Y   0.98318 0.01541 0.00138 0.00004 ( 1)
 116 E   0.09987 0.89449 0.00041 0.00523 ( 2)
 117 D   0.00287 0.99296 0.00001 0.00416 ( 2)
 118 L   0.80852 0.18986 0.00115 0.00047 ( 1)
 119 F   0.99577 0.00128 0.00294 0.00001 ( 1)
 120 I   0.33160 0.65532 0.00343 0.00965 ( 2)
 121 -   0.81421 0.13635 0.04235 0.00709 ( 1)
 122 R   0.03756 0.91300 0.00195 0.04749 ( 2)
 123 D   0.80704 0.14352 0.04198 0.00746 ( 1)
 124 K   0.71375 0.23681 0.03712 0.01232 ( 1)
 125 V   0.91563 0.03493 0.04762 0.00182 ( 1)
 126 I   0.96580 0.02602 0.00790 0.00028 ( 1)
 127 N   0.30005 0.68564 0.00382 0.01049 ( 2)
 128 T   0.00000 0.60529 0.00013 0.39457 ( 2)
 129 Y   0.67349 0.32390 0.00143 0.00119 ( 1)
 130 L   0.92846 0.05965 0.01101 0.00088 ( 1)
 131 F   0.80352 0.19103 0.00405 0.00140 ( 1)
 132 L   0.89706 0.10209 0.00069 0.00016 ( 1)
 133 A   0.45254 0.54530 0.00073 0.00143 ( 2)
 134 G   0.97423 0.02296 0.00271 0.00010 ( 1)
 135 S   0.01544 0.98216 0.00002 0.00238 ( 2)
 136 N   0.57551 0.38272 0.03410 0.00767 ( 1)
 137 L   0.99730 0.00189 0.00081 0.00000 ( 1)
 138 L   0.00021 0.18000 0.16910 0.65069 ( 4)
 139 M   0.57229 0.42656 0.00047 0.00069 ( 1)
 140 E   0.81833 0.17873 0.00217 0.00078 ( 1)
 141 P   0.00442 0.88350 0.01410 0.09798 ( 2)
 142 -   0.90602 0.09316 0.00067 0.00015 ( 1)
 143 -   0.41741 0.56178 0.01407 0.00674 ( 2)
 144 P   0.06482 0.91796 0.00379 0.01343 ( 2)
 145 H   0.00341 0.97341 0.00033 0.02285 ( 2)
 146 I   0.01141 0.85505 0.03441 0.09913 ( 2)
 147 C   0.00265 0.91748 0.00120 0.07867 ( 2)
 148 H   0.98405 0.01393 0.00198 0.00005 ( 1)
 149 P   0.85580 0.14268 0.00118 0.00034 ( 1)
 150 G   0.73485 0.21245 0.04777 0.00493 ( 1)
 151 R   0.07471 0.89881 0.00486 0.02161 ( 2)
 152 Y   0.58660 0.39754 0.00885 0.00701 ( 1)
 153 R   0.99271 0.00576 0.00152 0.00001 ( 1)
 154 K   0.92579 0.02379 0.04991 0.00051 ( 1)
 155 S   0.01490 0.96349 0.00135 0.02026 ( 2)
 156 G   0.99402 0.00350 0.00247 0.00001 ( 1)
 157 T   0.92277 0.07538 0.00161 0.00023 ( 1)
 158 V   0.99760 0.00072 0.00168 0.00000 ( 1)
 159 D   0.99922 0.00004 0.00074 0.00000 ( 1)
 160 S   0.98974 0.00634 0.00388 0.00004 ( 1)
 161 L   0.95744 0.03787 0.00442 0.00027 ( 1)
 162 D   0.98579 0.00101 0.01319 0.00002 ( 1)
 163 E   0.59636 0.39629 0.00380 0.00356 ( 1)
 164 I   0.99853 0.00013 0.00134 0.00000 ( 1)
 165 P   0.97927 0.01045 0.01015 0.00013 ( 1)
 166 H   0.91921 0.07869 0.00185 0.00026 ( 1)
 167 Q   0.98443 0.00808 0.00742 0.00008 ( 1)
 168 N   0.99791 0.00134 0.00074 0.00000 ( 1)
 169 N   0.85036 0.14504 0.00351 0.00108 ( 1)
 170 N   0.94216 0.05202 0.00543 0.00039 ( 1)
 171 V   0.99237 0.00433 0.00327 0.00002 ( 1)
 172 P   0.98689 0.01109 0.00198 0.00004 ( 1)
 173 P   0.99023 0.00287 0.00687 0.00003 ( 1)
 174 R   0.93559 0.05640 0.00744 0.00056 ( 1)
 175 Q   0.50378 0.49082 0.00233 0.00308 ( 1)
 176 G   0.99639 0.00100 0.00261 0.00000 ( 1)
 177 F   0.96747 0.00183 0.03067 0.00002 ( 1)
 178 S   0.99924 0.00005 0.00070 0.00000 ( 1)
 179 H   0.99904 0.00008 0.00088 0.00000 ( 1)
 180 R   0.94415 0.03348 0.02142 0.00096 ( 1)
 181 -   0.69305 0.25751 0.03605 0.01339 ( 1)
 182 L   0.99442 0.00203 0.00353 0.00001 ( 1)
 183 S   0.91353 0.08570 0.00064 0.00012 ( 1)
 184 H   0.99814 0.00062 0.00123 0.00000 ( 1)
 185 V   0.99861 0.00014 0.00125 0.00000 ( 1)
 186 S   0.96163 0.03634 0.00191 0.00013 ( 1)
 187 M   0.99884 0.00013 0.00103 0.00000 ( 1)
 188 F   0.85072 0.13917 0.00839 0.00172 ( 1)
 189 R   0.02128 0.25310 0.48251 0.24311 ( 3)
 190 S   0.54455 0.45429 0.00043 0.00073 ( 1)
 191 G   0.81239 0.13817 0.04225 0.00719 ( 1)
 192 F   0.91283 0.03773 0.04748 0.00196 ( 1)
 193 S   0.83025 0.12031 0.04318 0.00626 ( 1)
 194 N   0.92443 0.02613 0.04808 0.00136 ( 1)
 195 -   0.69305 0.25751 0.03605 0.01339 ( 1)
 196 S   0.94027 0.01029 0.04890 0.00053 ( 1)
 197 S   0.90996 0.04060 0.04733 0.00211 ( 1)
 198 V   0.94821 0.00235 0.04932 0.00012 ( 1)
 199 S   0.89269 0.05787 0.04643 0.00301 ( 1)
 200 I   0.85766 0.09290 0.04461 0.00483 ( 1)
 201 I   0.92254 0.02802 0.04798 0.00146 ( 1)
 202 R   0.93862 0.01194 0.04882 0.00062 ( 1)
 203 A   0.99144 0.00173 0.00681 0.00002 ( 1)
 204 P   0.99829 0.00032 0.00139 0.00000 ( 1)
 205 M   0.84677 0.15161 0.00121 0.00041 ( 1)
 206 F   0.31148 0.68062 0.00208 0.00582 ( 2)
 207 S   0.97563 0.01661 0.00758 0.00018 ( 1)
 208 W   0.89017 0.10131 0.00746 0.00106 ( 1)
 209 I   0.03689 0.95511 0.00020 0.00781 ( 2)
 210 -   0.94323 0.05585 0.00083 0.00009 ( 1)
 211 -   0.50767 0.47544 0.00806 0.00883 ( 1)
 212 -   0.97244 0.02145 0.00594 0.00018 ( 1)


lnL = -4722.580770

