Supplemental results for CODEML (seqf: algn  treef: tree)


dN/dS (w) for site classes (K=4)

site class             0        1       2a       2b
proportion       0.40644  0.24759  0.21500  0.13097
background w     0.11404  1.00000  0.11404  1.00000
foreground w     0.11404  1.00000  1.00000  1.00000

Naive Empirical Bayes (NEB) probabilities for 4 classes
(amino acids refer to 1st sequence: BT_Cry13Aa1)

   1 D   0.65349 0.00055 0.34567 0.00029 ( 1)
   2 Y   0.65353 0.00051 0.34570 0.00027 ( 1)
   3 S   0.00149 0.65255 0.00079 0.34518 ( 2)
   4 S   0.04555 0.60848 0.02410 0.32187 ( 2)
   5 Q   0.67298 0.00207 0.32386 0.00109 ( 1)
   6 I   0.66134 0.01508 0.31560 0.00798 ( 1)
   7 K   0.00628 0.64785 0.00317 0.34269 ( 2)
   8 L   0.32289 0.33657 0.16250 0.17804 ( 2)
   9 E   0.68391 0.00009 0.31595 0.00005 ( 1)
  10 K   0.65370 0.02074 0.31458 0.01097 ( 1)
  11 T   0.67640 0.00054 0.32278 0.00028 ( 1)
  12 R   0.67299 0.00436 0.32034 0.00231 ( 1)
  13 V   0.66206 0.00211 0.33471 0.00112 ( 1)
  14 I   0.65571 0.02822 0.30114 0.01493 ( 1)
  15 F   0.68238 0.00006 0.31753 0.00003 ( 1)
  16 S   0.66581 0.00182 0.33140 0.00096 ( 1)
  17 D   0.69523 0.00024 0.30441 0.00013 ( 1)
  18 M   0.65610 0.01564 0.31999 0.00827 ( 1)
  19 V   0.67626 0.00663 0.31360 0.00351 ( 1)
  20 G   0.65983 0.00459 0.33314 0.00243 ( 1)
  21 Q   0.67349 0.00158 0.32410 0.00083 ( 1)
  22 S   0.65255 0.03007 0.30147 0.01591 ( 1)
  23 E   0.68229 0.00165 0.31519 0.00087 ( 1)
  24 S   0.26050 0.40485 0.12050 0.21415 ( 2)
  25 R   0.03886 0.61649 0.01854 0.32611 ( 2)
  26 D   0.69100 0.00318 0.30414 0.00168 ( 1)
  27 G   0.27074 0.39130 0.13097 0.20699 ( 2)
  28 S   0.02538 0.58200 0.08476 0.30786 ( 2)
  29 V   0.66022 0.00564 0.33115 0.00298 ( 1)
  30 T   0.34328 0.01282 0.63712 0.00678 ( 3)
  31 I   0.68450 0.00130 0.31351 0.00069 ( 1)
  32 K   0.31580 0.34346 0.15907 0.18168 ( 2)
  33 N   0.69546 0.00006 0.30445 0.00003 ( 1)
  34 I   0.67554 0.00930 0.31024 0.00492 ( 1)
  35 F   0.05167 0.60452 0.02404 0.31977 ( 2)
  36 D   0.69422 0.00015 0.30556 0.00008 ( 1)
  37 N   0.03499 0.62040 0.01644 0.32817 ( 2)
  38 -   0.45467 0.19936 0.24051 0.10546 ( 1)
  39 -   0.00187 0.65217 0.00099 0.34498 ( 2)
  40 -   0.21116 0.44288 0.11170 0.23427 ( 2)
  41 -   0.09328 0.56075 0.04934 0.29662 ( 2)
  42 T   0.08876 0.56527 0.04695 0.29901 ( 2)
  43 D   0.00142 0.65150 0.00246 0.34462 ( 2)
  44 S   0.00463 0.64964 0.00209 0.34364 ( 2)
  45 H   0.68194 0.00324 0.31310 0.00171 ( 1)
  46 Q   0.66360 0.01087 0.31978 0.00575 ( 1)
  47 H   0.68877 0.00001 0.31121 0.00001 ( 1)
  48 G   0.00003 0.65400 0.00002 0.34595 ( 2)
  49 S   0.00159 0.65247 0.00081 0.34514 ( 2)
  50 I   0.67816 0.00016 0.32159 0.00008 ( 1)
  51 -   0.55062 0.12341 0.26068 0.06528 ( 1)
  52 -   0.61074 0.07972 0.26737 0.04217 ( 1)
  53 -   0.61074 0.07972 0.26737 0.04217 ( 1)
  54 G   0.67804 0.00685 0.31148 0.00363 ( 1)
  55 L   0.43890 0.23386 0.20354 0.12370 ( 1)
  56 N   0.69538 0.00014 0.30441 0.00007 ( 1)
  57 S   0.63404 0.03336 0.31494 0.01765 ( 1)
  58 I   0.67769 0.00767 0.31057 0.00406 ( 1)
  59 S   0.67956 0.00069 0.31938 0.00037 ( 1)
  60 Y   0.68529 0.00006 0.31462 0.00003 ( 1)
  61 F   0.09725 0.56061 0.04560 0.29654 ( 2)
  62 P   0.09922 0.32465 0.40440 0.17173 ( 3)
  63 D   0.64962 0.04216 0.28592 0.02230 ( 1)
  64 E   0.68383 0.00017 0.31591 0.00009 ( 1)
  65 L   0.66102 0.00663 0.32884 0.00351 ( 1)
  66 Q   0.03972 0.61556 0.01911 0.32561 ( 2)
  67 K   0.24537 0.42329 0.10742 0.22391 ( 2)
  68 A   0.09833 0.55746 0.04932 0.29488 ( 2)
  69 Q   0.67659 0.00332 0.31834 0.00175 ( 1)
  70 L   0.40588 0.25667 0.20168 0.13577 ( 1)
  71 R   0.00004 0.65388 0.00019 0.34588 ( 2)
  72 M   0.51384 0.15559 0.24827 0.08230 ( 1)
  73 Y   0.68508 0.00026 0.31453 0.00014 ( 1)
  74 D   0.65231 0.01671 0.32213 0.00884 ( 1)
  75 Y   0.36227 0.30435 0.17239 0.16099 ( 1)
  76 N   0.00007 0.65397 0.00003 0.34593 ( 2)
  77 H   0.40149 0.27109 0.18402 0.14340 ( 1)
  78 K   0.02153 0.63158 0.01280 0.33409 ( 2)
  79 P   0.00291 0.65121 0.00141 0.34447 ( 2)
  80 Y   0.00916 0.64535 0.00412 0.34137 ( 2)
  81 C   0.25862 0.40306 0.12512 0.21320 ( 2)
  82 T   0.58631 0.07748 0.29522 0.04099 ( 1)
  83 D   0.40644 0.24759 0.21500 0.13097 ( 1)
  84 C   0.40644 0.24759 0.21500 0.13097 ( 1)
  85 F   0.40644 0.24759 0.21500 0.13097 ( 1)
  86 C   0.49541 0.10918 0.33765 0.05775 ( 1)
  87 W   0.66940 0.01521 0.30734 0.00805 ( 1)
  88 P   0.52534 0.14778 0.24871 0.07817 ( 1)
  89 Y   0.68522 0.00013 0.31459 0.00007 ( 1)
  90 G   0.34310 0.32076 0.16647 0.16967 ( 1)
  91 V   0.56893 0.10878 0.26474 0.05754 ( 1)
  92 I   0.20192 0.00016 0.79783 0.00009 ( 3)
  93 L   0.00236 0.65172 0.00118 0.34474 ( 2)
  94 N   0.69477 0.00071 0.30414 0.00038 ( 1)
  95 Y   0.68529 0.00006 0.31462 0.00003 ( 1)
  96 N   0.00102 0.65304 0.00050 0.34544 ( 2)
  97 K   0.19811 0.46161 0.09611 0.24418 ( 2)
  98 N   0.01305 0.64165 0.00589 0.33941 ( 2)
  99 T   0.00067 0.65338 0.00034 0.34562 ( 2)
 100 F   0.67555 0.00199 0.32141 0.00105 ( 1)
 101 R   0.01695 0.63785 0.00779 0.33740 ( 2)
 102 Y   0.68529 0.00006 0.31462 0.00003 ( 1)
 103 G   0.68318 0.00052 0.31602 0.00028 ( 1)
 104 D   0.69433 0.00005 0.30560 0.00002 ( 1)
 105 -   0.50710 0.11703 0.31396 0.06190 ( 1)
 106 N   0.68528 0.00936 0.30041 0.00495 ( 1)
 107 D   0.00173 0.65239 0.00078 0.34509 ( 2)
 108 P   0.67142 0.00058 0.32769 0.00031 ( 1)
 109 G   0.00037 0.65366 0.00020 0.34577 ( 2)
 110 L   0.00035 0.65309 0.00110 0.34546 ( 2)
 111 -   0.40644 0.24759 0.21500 0.13097 ( 1)
 112 S   0.00006 0.65397 0.00003 0.34593 ( 2)
 113 G   0.02342 0.29031 0.53270 0.15357 ( 3)
 114 D   0.03475 0.62002 0.01726 0.32797 ( 2)
 115 V   0.00399 0.65013 0.00198 0.34390 ( 2)
 116 Q   0.01584 0.63827 0.00826 0.33763 ( 2)
 117 L   0.29847 0.36060 0.15018 0.19075 ( 2)
 118 P   0.00459 0.64957 0.00224 0.34360 ( 2)
 119 A   0.62002 0.05076 0.30237 0.02685 ( 1)
 120 P   0.66917 0.00918 0.31680 0.00485 ( 1)
 121 -   0.40644 0.24759 0.21500 0.13097 ( 1)
 122 -   0.40644 0.24759 0.21500 0.13097 ( 1)
 123 -   0.40644 0.24759 0.21500 0.13097 ( 1)
 124 M   0.60423 0.07146 0.28651 0.03780 ( 1)
 125 S   0.02536 0.62946 0.01221 0.33297 ( 2)
 126 V   0.00003 0.65400 0.00002 0.34595 ( 2)
 127 V   0.07818 0.40965 0.29548 0.21669 ( 2)
 128 N   0.69546 0.00006 0.30445 0.00003 ( 1)
 129 A   0.63866 0.03591 0.30643 0.01900 ( 1)
 130 Q   0.02522 0.62962 0.01210 0.33305 ( 2)
 131 T   0.68501 0.00029 0.31455 0.00015 ( 1)
 132 Q   0.67495 0.00015 0.32481 0.00008 ( 1)
 133 T   0.42003 0.24600 0.20384 0.13013 ( 1)
 134 A   0.06088 0.59618 0.02759 0.31536 ( 2)
 135 Q   0.15790 0.50343 0.07237 0.26630 ( 2)
 136 -   0.43761 0.21642 0.23148 0.11448 ( 1)
 137 Y   0.68503 0.00031 0.31450 0.00016 ( 1)
 138 T   0.41870 0.24370 0.20870 0.12891 ( 1)
 139 D   0.69435 0.00003 0.30561 0.00002 ( 1)
 140 G   0.52232 0.14715 0.25268 0.07784 ( 1)
 141 E   0.68380 0.00020 0.31589 0.00011 ( 1)
 142 N   0.03587 0.53182 0.15099 0.28132 ( 2)
 143 I   0.03526 0.53261 0.15040 0.28173 ( 2)
 144 W   0.00017 0.65387 0.00009 0.34587 ( 2)
 145 T   0.09212 0.56192 0.04873 0.29724 ( 2)
 146 D   0.53761 0.11642 0.28438 0.06158 ( 1)
 147 T   0.00994 0.64409 0.00526 0.34070 ( 2)
 148 -   0.01784 0.63620 0.00944 0.33653 ( 2)
 149 -   0.42916 0.22488 0.22701 0.11895 ( 1)
 150 -   0.40644 0.24759 0.21500 0.13097 ( 1)
 151 -   0.40644 0.24759 0.21500 0.13097 ( 1)
 152 -   0.40644 0.24759 0.21500 0.13097 ( 1)
 153 G   0.04128 0.61276 0.02183 0.32413 ( 2)
 154 R   0.00483 0.64949 0.00211 0.34356 ( 2)
 155 S   0.01170 0.64268 0.00566 0.33996 ( 2)
 156 W   0.00005 0.65399 0.00002 0.34594 ( 2)
 157 L   0.00841 0.64585 0.00411 0.34164 ( 2)
 158 C   0.66172 0.01359 0.31750 0.00719 ( 1)
 159 T   0.10567 0.54969 0.05386 0.29077 ( 2)
 160 L   0.66250 0.00553 0.32905 0.00292 ( 1)
 161 R   0.59825 0.07752 0.28323 0.04100 ( 1)
 162 G   0.68267 0.00101 0.31578 0.00054 ( 1)
 163 Y   0.61422 0.06788 0.28200 0.03591 ( 1)
 164 C   0.68057 0.00003 0.31939 0.00001 ( 1)
 165 T   0.68351 0.00172 0.31386 0.00091 ( 1)
 166 T   0.04840 0.60727 0.02311 0.32123 ( 2)
 167 N   0.27225 0.38972 0.13189 0.20615 ( 2)
 168 C   0.33203 0.33496 0.15582 0.17718 ( 2)
 169 F   0.39424 0.26785 0.19623 0.14168 ( 1)
 170 P   0.46067 0.20427 0.22701 0.10805 ( 1)
 171 -   0.54005 0.13226 0.25772 0.06996 ( 1)
 172 -   0.21852 0.44450 0.10185 0.23513 ( 2)
 173 -   0.10515 0.29498 0.44384 0.15604 ( 3)
 174 G   0.56980 0.10493 0.26976 0.05551 ( 1)
 175 R   0.00587 0.64841 0.00273 0.34299 ( 2)
 176 G   0.46209 0.21570 0.20812 0.11410 ( 1)
 177 C   0.10563 0.55253 0.04957 0.29227 ( 2)
 178 Y   0.02661 0.62864 0.01222 0.33253 ( 2)
 179 N   0.00066 0.65340 0.00031 0.34563 ( 2)
 180 N   0.58181 0.08785 0.28387 0.04647 ( 1)
 181 S   0.04370 0.61206 0.02048 0.32376 ( 2)
 182 T   0.19169 0.47378 0.08392 0.25061 ( 2)
 183 G   0.18169 0.46979 0.10002 0.24850 ( 2)
 184 Y   0.66754 0.01664 0.30702 0.00880 ( 1)
 185 G   0.67318 0.01191 0.30861 0.00630 ( 1)
 186 E   0.01135 0.64301 0.00551 0.34013 ( 2)
 187 S   0.66852 0.00010 0.33133 0.00005 ( 1)
 188 C   0.67930 0.00124 0.31880 0.00066 ( 1)
 189 N   0.69546 0.00007 0.30444 0.00003 ( 1)
 190 Q   0.00229 0.65183 0.00108 0.34480 ( 2)
 191 S   0.15381 0.50335 0.07658 0.26626 ( 2)
 192 L   0.68133 0.01227 0.29991 0.00649 ( 1)
 193 P   0.65848 0.02018 0.31067 0.01067 ( 1)
 194 G   0.53836 0.14775 0.23573 0.07816 ( 1)
 195 Q   0.67495 0.00015 0.32481 0.00008 ( 1)
 196 K   0.68562 0.00010 0.31424 0.00005 ( 1)
 197 I   0.68576 0.00010 0.31409 0.00005 ( 1)
 198 H   0.67677 0.00144 0.32103 0.00076 ( 1)
 199 A   0.68367 0.00006 0.31624 0.00003 ( 1)
 200 L   0.61483 0.05219 0.30537 0.02761 ( 1)
 201 Y   0.68529 0.00006 0.31462 0.00003 ( 1)
 202 P   0.27873 0.00254 0.71739 0.00134 ( 3)
 203 F   0.68199 0.00044 0.31735 0.00023 ( 1)
 204 T   0.65786 0.01845 0.31394 0.00976 ( 1)
 205 Q   0.59210 0.08042 0.28494 0.04254 ( 1)
 206 T   0.14506 0.19034 0.56391 0.10069 ( 3)
 207 -   0.64546 0.00857 0.34143 0.00453 ( 1)
 208 N   0.41221 0.26641 0.18046 0.14092 ( 1)
 209 V   0.05267 0.60303 0.02532 0.31898 ( 2)
 210 L   0.00550 0.64867 0.00270 0.34313 ( 2)
 211 G   0.67372 0.00023 0.32593 0.00012 ( 1)
 212 Q   0.05789 0.59714 0.02911 0.31587 ( 2)
 213 S   0.00030 0.65375 0.00014 0.34581 ( 2)
 214 G   0.66132 0.00631 0.32903 0.00334 ( 1)
 215 K   0.68566 0.00006 0.31425 0.00003 ( 1)
 216 L   0.64751 0.02020 0.32160 0.01069 ( 1)
 217 G   0.67362 0.00032 0.32588 0.00017 ( 1)
 218 L   0.39146 0.27358 0.19024 0.14471 ( 1)
 219 L   0.62713 0.03060 0.32608 0.01619 ( 1)
 220 A   0.62174 0.05229 0.29831 0.02766 ( 1)
 221 S   0.12941 0.53128 0.05828 0.28103 ( 2)
 222 H   0.66957 0.00626 0.32086 0.00331 ( 1)
 223 I   0.68268 0.00048 0.31658 0.00025 ( 1)
 224 P   0.18808 0.00172 0.80930 0.00091 ( 3)
 225 Y   0.62623 0.05642 0.28751 0.02985 ( 1)
 226 D   0.69359 0.00074 0.30528 0.00039 ( 1)
 227 L   0.66585 0.00225 0.33071 0.00119 ( 1)
 228 S   0.64136 0.05090 0.28083 0.02692 ( 1)
 229 P   0.67600 0.00260 0.32004 0.00137 ( 1)
 230 N   0.68462 0.00104 0.31379 0.00055 ( 1)
 231 N   0.65377 0.00026 0.34583 0.00014 ( 1)
 232 T   0.00206 0.65198 0.00109 0.34488 ( 2)
 233 I   0.63787 0.01616 0.33741 0.00855 ( 1)
 234 G   0.65386 0.00017 0.34587 0.00009 ( 1)
 235 D   0.46613 0.18791 0.24657 0.09940 ( 1)
 236 K   0.02813 0.62590 0.01488 0.33108 ( 2)
 237 D   0.65384 0.00020 0.34586 0.00010 ( 1)
 238 T   0.23917 0.41487 0.12651 0.21945 ( 2)
 239 D   0.59358 0.06046 0.31398 0.03198 ( 1)
 240 S   0.64485 0.00918 0.34111 0.00486 ( 1)
 241 T   0.00022 0.65381 0.00012 0.34585 ( 2)
 242 N   0.58870 0.06533 0.31141 0.03456 ( 1)
 243 -   0.40545 0.24859 0.21447 0.13150 ( 1)


lnL = -4114.609312

