Supplemental results for CODEML (seqf: algn  treef: tree)


dN/dS (w) for site classes (K=4)

site class             0        1       2a       2b
proportion       0.40943  0.26805  0.19491  0.12760
background w     0.11406  1.00000  0.11406  1.00000
foreground w     0.11406  1.00000  1.00000  1.00000

Naive Empirical Bayes (NEB) probabilities for 4 classes
(amino acids refer to 1st sequence: BT_Cry13Aa1)

   1 D   0.68118 0.00071 0.31776 0.00034 ( 1)
   2 Y   0.68425 0.00053 0.31497 0.00025 ( 1)
   3 S   0.00089 0.67585 0.00152 0.32174 ( 2)
   4 S   0.03974 0.63305 0.02585 0.30136 ( 2)
   5 Q   0.67730 0.00258 0.31889 0.00123 ( 1)
   6 I   0.66048 0.01868 0.31195 0.00889 ( 1)
   7 K   0.00583 0.67164 0.00280 0.31973 ( 2)
   8 L   0.30687 0.37204 0.14398 0.17711 ( 2)
   9 E   0.68448 0.00010 0.31537 0.00005 ( 1)
  10 K   0.64958 0.02761 0.30966 0.01315 ( 1)
  11 T   0.67846 0.00063 0.32062 0.00030 ( 1)
  12 R   0.67419 0.00521 0.31812 0.00248 ( 1)
  13 V   0.68204 0.00224 0.31464 0.00107 ( 1)
  14 I   0.65210 0.03275 0.29955 0.01559 ( 1)
  15 F   0.68020 0.00008 0.31969 0.00004 ( 1)
  16 S   0.67848 0.00226 0.31818 0.00107 ( 1)
  17 D   0.68715 0.00026 0.31246 0.00012 ( 1)
  18 M   0.66115 0.01962 0.30990 0.00934 ( 1)
  19 V   0.67656 0.00819 0.31135 0.00390 ( 1)
  20 G   0.67649 0.00574 0.31504 0.00273 ( 1)
  21 Q   0.68324 0.00195 0.31387 0.00093 ( 1)
  22 S   0.65152 0.03538 0.29626 0.01684 ( 1)
  23 E   0.68053 0.00202 0.31649 0.00096 ( 1)
  24 S   0.23643 0.44161 0.11173 0.21023 ( 2)
  25 R   0.03345 0.64417 0.01573 0.30665 ( 2)
  26 D   0.68218 0.00364 0.31244 0.00174 ( 1)
  27 G   0.23416 0.44675 0.10641 0.21268 ( 2)
  28 S   0.02300 0.65481 0.01046 0.31172 ( 2)
  29 V   0.67290 0.00698 0.31679 0.00332 ( 1)
  30 T   0.65643 0.02836 0.30172 0.01350 ( 1)
  31 I   0.68168 0.00153 0.31605 0.00073 ( 1)
  32 K   0.28946 0.39130 0.13297 0.18628 ( 2)
  33 N   0.68768 0.00006 0.31223 0.00003 ( 1)
  34 I   0.67011 0.01163 0.31272 0.00554 ( 1)
  35 F   0.04636 0.63147 0.02156 0.30061 ( 2)
  36 D   0.68162 0.00018 0.31812 0.00008 ( 1)
  37 N   0.03063 0.64706 0.01428 0.30803 ( 2)
  38 -   0.46143 0.22122 0.21204 0.10531 ( 1)
  39 -   0.00168 0.67542 0.00137 0.32153 ( 2)
  40 -   0.19852 0.48036 0.09245 0.22867 ( 2)
  41 -   0.08675 0.59087 0.04110 0.28128 ( 2)
  42 T   0.07603 0.60222 0.03506 0.28669 ( 2)
  43 D   0.00123 0.67626 0.00057 0.32193 ( 2)
  44 S   0.00414 0.67338 0.00191 0.32056 ( 2)
  45 H   0.68389 0.00380 0.31051 0.00181 ( 1)
  46 Q   0.66924 0.01322 0.31124 0.00629 ( 1)
  47 H   0.68593 0.00002 0.31404 0.00001 ( 1)
  48 G   0.00003 0.67746 0.00001 0.32250 ( 2)
  49 S   0.00136 0.67572 0.00124 0.32167 ( 2)
  50 I   0.68316 0.00019 0.31655 0.00009 ( 1)
  51 -   0.54766 0.12982 0.26071 0.06180 ( 1)
  52 -   0.59641 0.08108 0.28392 0.03860 ( 1)
  53 -   0.59641 0.08108 0.28392 0.03860 ( 1)
  54 G   0.67924 0.00806 0.30887 0.00384 ( 1)
  55 L   0.41538 0.26330 0.19598 0.12534 ( 1)
  56 N   0.68195 0.00015 0.31782 0.00007 ( 1)
  57 S   0.63913 0.04040 0.30124 0.01923 ( 1)
  58 I   0.67110 0.00915 0.31540 0.00435 ( 1)
  59 S   0.68333 0.00084 0.31543 0.00040 ( 1)
  60 Y   0.68505 0.00007 0.31484 0.00003 ( 1)
  61 F   0.08443 0.59338 0.03972 0.28247 ( 2)
  62 P   0.14256 0.53666 0.06531 0.25547 ( 2)
  63 D   0.63774 0.04638 0.29380 0.02208 ( 1)
  64 E   0.68456 0.00021 0.31513 0.00010 ( 1)
  65 L   0.67111 0.00814 0.31687 0.00388 ( 1)
  66 Q   0.03481 0.64308 0.01597 0.30614 ( 2)
  67 K   0.22313 0.45546 0.10459 0.21682 ( 2)
  68 A   0.09531 0.57622 0.05416 0.27431 ( 2)
  69 Q   0.67851 0.00402 0.31555 0.00192 ( 1)
  70 L   0.38141 0.29716 0.17997 0.14146 ( 1)
  71 R   0.00004 0.67744 0.00002 0.32249 ( 2)
  72 M   0.49775 0.18401 0.23064 0.08760 ( 1)
  73 Y   0.68563 0.00031 0.31391 0.00015 ( 1)
  74 D   0.66299 0.01869 0.30942 0.00890 ( 1)
  75 Y   0.33155 0.34942 0.15269 0.16634 ( 2)
  76 N   0.00006 0.67734 0.00016 0.32245 ( 2)
  77 H   0.37473 0.30608 0.17348 0.14571 ( 1)
  78 K   0.01616 0.66149 0.00744 0.31490 ( 2)
  79 P   0.00242 0.67510 0.00110 0.32138 ( 2)
  80 Y   0.00816 0.66935 0.00384 0.31864 ( 2)
  81 C   0.23288 0.44717 0.10708 0.21287 ( 2)
  82 T   0.58892 0.09256 0.27446 0.04406 ( 1)
  83 D   0.40943 0.26805 0.19491 0.12760 ( 1)
  84 C   0.40943 0.26805 0.19491 0.12760 ( 1)
  85 F   0.40943 0.26805 0.19491 0.12760 ( 1)
  86 C   0.52547 0.15694 0.24288 0.07471 ( 1)
  87 W   0.66724 0.01769 0.30666 0.00842 ( 1)
  88 P   0.50788 0.17271 0.23720 0.08222 ( 1)
  89 Y   0.68497 0.00015 0.31481 0.00007 ( 1)
  90 G   0.32522 0.35451 0.15151 0.16876 ( 2)
  91 V   0.55678 0.12695 0.25584 0.06043 ( 1)
  92 I   0.68467 0.00056 0.31451 0.00027 ( 1)
  93 L   0.00206 0.67489 0.00176 0.32128 ( 2)
  94 N   0.68695 0.00077 0.31191 0.00037 ( 1)
  95 Y   0.68505 0.00007 0.31484 0.00003 ( 1)
  96 N   0.00087 0.67662 0.00041 0.32210 ( 2)
  97 K   0.17635 0.50233 0.08219 0.23913 ( 2)
  98 N   0.01149 0.66285 0.01011 0.31555 ( 2)
  99 T   0.00057 0.67692 0.00027 0.32224 ( 2)
 100 F   0.68268 0.00242 0.31375 0.00115 ( 1)
 101 R   0.01493 0.66262 0.00702 0.31544 ( 2)
 102 Y   0.68505 0.00007 0.31484 0.00003 ( 1)
 103 G   0.68161 0.00065 0.31743 0.00031 ( 1)
 104 D   0.68736 0.00005 0.31256 0.00002 ( 1)
 105 -   0.53222 0.14975 0.24675 0.07129 ( 1)
 106 N   0.66939 0.01068 0.31485 0.00508 ( 1)
 107 D   0.00162 0.67588 0.00076 0.32175 ( 2)
 108 P   0.67878 0.00073 0.32014 0.00035 ( 1)
 109 G   0.00033 0.67716 0.00015 0.32236 ( 2)
 110 L   0.00028 0.67721 0.00013 0.32238 ( 2)
 111 -   0.40943 0.26805 0.19491 0.12760 ( 1)
 112 S   0.00005 0.67743 0.00002 0.32249 ( 2)
 113 G   0.04184 0.63594 0.01949 0.30274 ( 2)
 114 D   0.02946 0.64821 0.01375 0.30858 ( 2)
 115 V   0.00330 0.67422 0.00152 0.32096 ( 2)
 116 Q   0.01420 0.66334 0.00668 0.31578 ( 2)
 117 L   0.27313 0.40548 0.12837 0.19302 ( 2)
 118 P   0.00392 0.67358 0.00184 0.32066 ( 2)
 119 A   0.61813 0.06074 0.29222 0.02891 ( 1)
 120 P   0.67203 0.01130 0.31129 0.00538 ( 1)
 121 -   0.40943 0.26805 0.19491 0.12760 ( 1)
 122 -   0.40943 0.26805 0.19491 0.12760 ( 1)
 123 -   0.40943 0.26805 0.19491 0.12760 ( 1)
 124 M   0.59542 0.08485 0.27933 0.04039 ( 1)
 125 S   0.02262 0.65520 0.01027 0.31191 ( 2)
 126 V   0.00003 0.67746 0.00001 0.32250 ( 2)
 127 V   0.09893 0.57905 0.04637 0.27565 ( 2)
 128 N   0.68768 0.00006 0.31223 0.00003 ( 1)
 129 A   0.63673 0.04218 0.30102 0.02008 ( 1)
 130 Q   0.02102 0.65662 0.00979 0.31258 ( 2)
 131 T   0.68476 0.00034 0.31474 0.00016 ( 1)
 132 Q   0.68236 0.00020 0.31735 0.00009 ( 1)
 133 T   0.40013 0.28180 0.18391 0.13415 ( 1)
 134 A   0.05381 0.62395 0.02521 0.29703 ( 2)
 135 Q   0.13376 0.54536 0.06125 0.25962 ( 2)
 136 -   0.44260 0.23798 0.20614 0.11329 ( 1)
 137 Y   0.67974 0.00036 0.31972 0.00017 ( 1)
 138 T   0.39518 0.28528 0.18374 0.13580 ( 1)
 139 D   0.68738 0.00003 0.31257 0.00002 ( 1)
 140 G   0.50935 0.17058 0.23887 0.08120 ( 1)
 141 E   0.68075 0.00024 0.31888 0.00012 ( 1)
 142 N   0.04103 0.63686 0.01894 0.30317 ( 2)
 143 I   0.03701 0.64088 0.01702 0.30509 ( 2)
 144 W   0.00015 0.67734 0.00007 0.32244 ( 2)
 145 T   0.07860 0.59999 0.03579 0.28562 ( 2)
 146 D   0.54032 0.14393 0.24723 0.06852 ( 1)
 147 T   0.00863 0.66897 0.00393 0.31846 ( 2)
 148 -   0.01627 0.66132 0.00760 0.31482 ( 2)
 149 -   0.43046 0.24899 0.20202 0.11853 ( 1)
 150 -   0.40943 0.26805 0.19491 0.12760 ( 1)
 151 -   0.40943 0.26805 0.19491 0.12760 ( 1)
 152 -   0.40943 0.26805 0.19491 0.12760 ( 1)
 153 G   0.03596 0.64165 0.01693 0.30546 ( 2)
 154 R   0.00420 0.67330 0.00198 0.32052 ( 2)
 155 S   0.01049 0.66711 0.00483 0.31757 ( 2)
 156 W   0.00003 0.67738 0.00013 0.32246 ( 2)
 157 L   0.00749 0.67001 0.00354 0.31895 ( 2)
 158 C   0.66676 0.01698 0.30818 0.00808 ( 1)
 159 T   0.09208 0.58654 0.04216 0.27922 ( 2)
 160 L   0.67637 0.00692 0.31341 0.00330 ( 1)
 161 R   0.58527 0.09375 0.27635 0.04463 ( 1)
 162 G   0.68101 0.00125 0.31715 0.00059 ( 1)
 163 Y   0.60217 0.07948 0.28051 0.03784 ( 1)
 164 C   0.68386 0.00004 0.31609 0.00002 ( 1)
 165 T   0.68112 0.00188 0.31610 0.00090 ( 1)
 166 T   0.04357 0.63439 0.02004 0.30200 ( 2)
 167 N   0.24245 0.43674 0.11291 0.20791 ( 2)
 168 C   0.30211 0.37729 0.14100 0.17961 ( 2)
 169 F   0.38619 0.29129 0.18385 0.13867 ( 1)
 170 P   0.45459 0.22290 0.21640 0.10611 ( 1)
 171 -   0.53802 0.13947 0.25612 0.06639 ( 1)
 172 -   0.21564 0.46185 0.10265 0.21986 ( 2)
 173 -   0.17719 0.50030 0.08435 0.23817 ( 2)
 174 G   0.55596 0.12673 0.25697 0.06033 ( 1)
 175 R   0.00519 0.67235 0.00239 0.32007 ( 2)
 176 G   0.43777 0.24596 0.19919 0.11709 ( 1)
 177 C   0.09118 0.58662 0.04294 0.27926 ( 2)
 178 Y   0.02347 0.65431 0.01074 0.31148 ( 2)
 179 N   0.00058 0.67690 0.00028 0.32224 ( 2)
 180 N   0.57854 0.10437 0.26741 0.04969 ( 1)
 181 S   0.03868 0.63929 0.01770 0.30433 ( 2)
 182 T   0.17268 0.50658 0.07958 0.24115 ( 2)
 183 G   0.15479 0.52432 0.07129 0.24960 ( 2)
 184 Y   0.66518 0.01888 0.30695 0.00899 ( 1)
 185 G   0.66728 0.01488 0.31075 0.00708 ( 1)
 186 E   0.00995 0.66757 0.00468 0.31779 ( 2)
 187 S   0.68598 0.00013 0.31383 0.00006 ( 1)
 188 C   0.68234 0.00154 0.31539 0.00073 ( 1)
 189 N   0.68767 0.00007 0.31222 0.00003 ( 1)
 190 Q   0.00181 0.67444 0.00268 0.32106 ( 2)
 191 S   0.14219 0.53661 0.06575 0.25545 ( 2)
 192 L   0.66866 0.01445 0.31001 0.00688 ( 1)
 193 P   0.65966 0.02356 0.30556 0.01122 ( 1)
 194 G   0.51360 0.17033 0.23498 0.08109 ( 1)
 195 Q   0.68236 0.00020 0.31735 0.00009 ( 1)
 196 K   0.68131 0.00011 0.31853 0.00005 ( 1)
 197 I   0.68324 0.00012 0.31659 0.00006 ( 1)
 198 H   0.68606 0.00165 0.31150 0.00079 ( 1)
 199 A   0.68462 0.00007 0.31527 0.00003 ( 1)
 200 L   0.61769 0.06227 0.29040 0.02964 ( 1)
 201 Y   0.68505 0.00007 0.31484 0.00003 ( 1)
 202 P   0.67561 0.00775 0.31295 0.00369 ( 1)
 203 F   0.67975 0.00053 0.31947 0.00025 ( 1)
 204 T   0.66254 0.02241 0.30439 0.01067 ( 1)
 205 Q   0.58190 0.09928 0.27155 0.04726 ( 1)
 206 T   0.28568 0.39591 0.12993 0.18847 ( 2)
 207 -   0.67260 0.01054 0.31184 0.00502 ( 1)
 208 N   0.39827 0.27502 0.19579 0.13092 ( 1)
 209 V   0.04650 0.63117 0.02187 0.30046 ( 2)
 210 L   0.00467 0.67284 0.00219 0.32030 ( 2)
 211 G   0.68438 0.00029 0.31519 0.00014 ( 1)
 212 Q   0.04883 0.62905 0.02266 0.29946 ( 2)
 213 S   0.00027 0.67722 0.00013 0.32239 ( 2)
 214 G   0.67925 0.00805 0.30887 0.00383 ( 1)
 215 K   0.68515 0.00007 0.31475 0.00003 ( 1)
 216 L   0.65604 0.02470 0.30750 0.01176 ( 1)
 217 G   0.68186 0.00041 0.31754 0.00020 ( 1)
 218 L   0.37281 0.30518 0.17673 0.14528 ( 1)
 219 L   0.64262 0.03895 0.29989 0.01854 ( 1)
 220 A   0.62257 0.06166 0.28643 0.02935 ( 1)
 221 S   0.12073 0.55737 0.05656 0.26534 ( 2)
 222 H   0.67569 0.00739 0.31340 0.00352 ( 1)
 223 I   0.68397 0.00058 0.31518 0.00027 ( 1)
 224 P   0.67224 0.00725 0.31705 0.00345 ( 1)
 225 Y   0.61268 0.06639 0.28932 0.03161 ( 1)
 226 D   0.68105 0.00090 0.31761 0.00043 ( 1)
 227 L   0.67808 0.00277 0.31783 0.00132 ( 1)
 228 S   0.25239 0.03647 0.69377 0.01736 ( 3)
 229 P   0.67865 0.00313 0.31674 0.00149 ( 1)
 230 N   0.68647 0.00126 0.31168 0.00060 ( 1)
 231 N   0.68743 0.00031 0.31212 0.00015 ( 1)
 232 T   0.00201 0.67510 0.00150 0.32138 ( 2)
 233 I   0.66385 0.02030 0.30619 0.00966 ( 1)
 234 G   0.67895 0.00023 0.32071 0.00011 ( 1)
 235 D   0.45536 0.22695 0.20965 0.10804 ( 1)
 236 K   0.02523 0.65238 0.01183 0.31056 ( 2)
 237 D   0.68716 0.00025 0.31247 0.00012 ( 1)
 238 T   0.23913 0.43946 0.11220 0.20920 ( 2)
 239 D   0.26506 0.04709 0.66544 0.02241 ( 3)
 240 S   0.67244 0.01032 0.31232 0.00491 ( 1)
 241 T   0.00012 0.67713 0.00041 0.32234 ( 2)
 242 N   0.61178 0.07481 0.27780 0.03561 ( 1)
 243 -   0.40301 0.27854 0.18585 0.13260 ( 1)


lnL = -4115.837731

Bayes Empirical Bayes (BEB) probabilities for 4 classes (class)
(amino acids refer to 1st sequence: BT_Cry13Aa1)

   1 D   0.86824 0.00110 0.13049 0.00017 ( 1)
   2 Y   0.87341 0.00085 0.12561 0.00013 ( 1)
   3 S   0.00368 0.76573 0.01219 0.21839 ( 2)
   4 S   0.11989 0.70150 0.04056 0.13805 ( 2)
   5 Q   0.86230 0.00348 0.13367 0.00054 ( 1)
   6 I   0.84462 0.01993 0.13231 0.00314 ( 1)
   7 K   0.02580 0.83318 0.00423 0.13679 ( 2)
   8 L   0.50981 0.35663 0.07816 0.05541 ( 1)
   9 E   0.87347 0.00017 0.12634 0.00003 ( 1)
  10 K   0.83593 0.02409 0.13607 0.00391 ( 1)
  11 T   0.86341 0.00094 0.13549 0.00015 ( 1)
  12 R   0.85822 0.00676 0.13397 0.00106 ( 1)
  13 V   0.87037 0.00316 0.12600 0.00047 ( 1)
  14 I   0.84479 0.03017 0.12058 0.00446 ( 1)
  15 F   0.86645 0.00012 0.13340 0.00002 ( 1)
  16 S   0.86431 0.00309 0.13212 0.00048 ( 1)
  17 D   0.87809 0.00040 0.12146 0.00006 ( 1)
  18 M   0.84740 0.02019 0.12930 0.00312 ( 1)
  19 V   0.86540 0.00897 0.12430 0.00133 ( 1)
  20 G   0.86254 0.00756 0.12876 0.00115 ( 1)
  21 Q   0.87263 0.00237 0.12465 0.00035 ( 1)
  22 S   0.84935 0.02897 0.11746 0.00422 ( 1)
  23 E   0.86823 0.00239 0.12901 0.00036 ( 1)
  24 S   0.44158 0.42243 0.06936 0.06663 ( 1)
  25 R   0.11056 0.75481 0.01707 0.11755 ( 2)
  26 D   0.87215 0.00400 0.12327 0.00059 ( 1)
  27 G   0.47012 0.40603 0.06487 0.05899 ( 1)
  28 S   0.08802 0.78601 0.01214 0.11383 ( 2)
  29 V   0.85802 0.00786 0.13290 0.00123 ( 1)
  30 T   0.84841 0.02633 0.12136 0.00390 ( 1)
  31 I   0.86991 0.00188 0.12793 0.00028 ( 1)
  32 K   0.52279 0.35089 0.07456 0.05175 ( 1)
  33 N   0.87880 0.00013 0.12106 0.00002 ( 1)
  34 I   0.85879 0.01055 0.12905 0.00161 ( 1)
  35 F   0.14386 0.72483 0.02139 0.10992 ( 2)
  36 D   0.86901 0.00028 0.13066 0.00004 ( 1)
  37 N   0.11233 0.75569 0.01685 0.11513 ( 2)
  38 -   0.62160 0.25216 0.08883 0.03741 ( 1)
  39 -   0.00688 0.83998 0.00297 0.15017 ( 2)
  40 -   0.36638 0.50242 0.05470 0.07650 ( 2)
  41 -   0.18963 0.67334 0.03008 0.10694 ( 2)
  42 T   0.19963 0.67184 0.02881 0.09973 ( 2)
  43 D   0.00552 0.86290 0.00082 0.13076 ( 2)
  44 S   0.01945 0.85089 0.00282 0.12684 ( 2)
  45 H   0.87477 0.00412 0.12050 0.00060 ( 1)
  46 Q   0.85687 0.01372 0.12732 0.00208 ( 1)
  47 H   0.87625 0.00003 0.12371 0.00000 ( 1)
  48 G   0.00024 0.86805 0.00004 0.13167 ( 2)
  49 S   0.00654 0.82425 0.00365 0.16557 ( 2)
  50 I   0.87166 0.00031 0.12799 0.00005 ( 1)
  51 -   0.71345 0.14786 0.11493 0.02377 ( 1)
  52 -   0.76720 0.09410 0.12357 0.01512 ( 1)
  53 -   0.76720 0.09410 0.12357 0.01512 ( 1)
  54 G   0.87014 0.00830 0.12035 0.00121 ( 1)
  55 L   0.65139 0.21342 0.10167 0.03352 ( 1)
  56 N   0.86955 0.00027 0.13014 0.00004 ( 1)
  57 S   0.82424 0.04114 0.12817 0.00645 ( 1)
  58 I   0.85636 0.01019 0.13186 0.00159 ( 1)
  59 S   0.87232 0.00105 0.12647 0.00016 ( 1)
  60 Y   0.87474 0.00012 0.12512 0.00002 ( 1)
  61 F   0.23310 0.63223 0.03605 0.09862 ( 2)
  62 P   0.35201 0.52173 0.04975 0.07651 ( 2)
  63 D   0.83443 0.03945 0.12024 0.00588 ( 1)
  64 E   0.87398 0.00034 0.12564 0.00005 ( 1)
  65 L   0.85423 0.01047 0.13365 0.00165 ( 1)
  66 Q   0.11197 0.76043 0.01590 0.11170 ( 2)
  67 K   0.47065 0.39631 0.07183 0.06121 ( 1)
  68 A   0.24759 0.58295 0.06064 0.10881 ( 2)
  69 Q   0.86607 0.00455 0.12869 0.00069 ( 1)
  70 L   0.58828 0.27644 0.09186 0.04342 ( 1)
  71 R   0.00030 0.86317 0.00005 0.13648 ( 2)
  72 M   0.72945 0.14207 0.10708 0.02140 ( 1)
  73 Y   0.87585 0.00043 0.12366 0.00006 ( 1)
  74 D   0.85059 0.01866 0.12789 0.00286 ( 1)
  75 Y   0.60708 0.26616 0.08729 0.03947 ( 1)
  76 N   0.00038 0.76953 0.00187 0.22822 ( 2)
  77 H   0.60911 0.26240 0.08911 0.03938 ( 1)
  78 K   0.06090 0.81039 0.00875 0.11996 ( 2)
  79 P   0.01256 0.86081 0.00173 0.12490 ( 2)
  80 Y   0.03544 0.82961 0.00548 0.12946 ( 2)
  81 C   0.46306 0.40996 0.06626 0.06073 ( 1)
  82 T   0.78467 0.08495 0.11742 0.01296 ( 1)
  83 D   0.55718 0.30412 0.08980 0.04889 ( 1)
  84 C   0.55718 0.30412 0.08980 0.04889 ( 1)
  85 F   0.55718 0.30412 0.08980 0.04889 ( 1)
  86 C   0.75479 0.11775 0.10985 0.01760 ( 1)
  87 W   0.85817 0.01662 0.12274 0.00247 ( 1)
  88 P   0.72155 0.14713 0.10876 0.02256 ( 1)
  89 Y   0.87461 0.00025 0.12510 0.00004 ( 1)
  90 G   0.56673 0.30249 0.08470 0.04607 ( 1)
  91 V   0.77715 0.09743 0.11101 0.01441 ( 1)
  92 I   0.87432 0.00076 0.12481 0.00011 ( 1)
  93 L   0.00983 0.82293 0.00503 0.16221 ( 2)
  94 N   0.87776 0.00113 0.12095 0.00016 ( 1)
  95 Y   0.87474 0.00012 0.12512 0.00002 ( 1)
  96 N   0.00487 0.86252 0.00073 0.13188 ( 2)
  97 K   0.39962 0.46903 0.05982 0.07153 ( 2)
  98 N   0.04633 0.78501 0.02254 0.14613 ( 2)
  99 T   0.00350 0.86640 0.00051 0.12958 ( 2)
 100 F   0.87187 0.00299 0.12470 0.00044 ( 1)
 101 R   0.05488 0.81055 0.00847 0.12610 ( 2)
 102 Y   0.87474 0.00012 0.12512 0.00002 ( 1)
 103 G   0.86916 0.00095 0.12975 0.00014 ( 1)
 104 D   0.87839 0.00010 0.12150 0.00001 ( 1)
 105 -   0.74270 0.12872 0.10920 0.01938 ( 1)
 106 N   0.85404 0.01219 0.13187 0.00190 ( 1)
 107 D   0.00748 0.85869 0.00114 0.13269 ( 2)
 108 P   0.86412 0.00105 0.13467 0.00016 ( 1)
 109 G   0.00189 0.85942 0.00030 0.13839 ( 2)
 110 L   0.00174 0.85956 0.00028 0.13841 ( 2)
 111 -   0.55718 0.30412 0.08980 0.04889 ( 1)
 112 S   0.00042 0.86922 0.00006 0.13031 ( 2)
 113 G   0.13395 0.73439 0.02001 0.11165 ( 2)
 114 D   0.09882 0.76869 0.01489 0.11760 ( 2)
 115 V   0.01863 0.85212 0.00269 0.12656 ( 2)
 116 Q   0.05125 0.81388 0.00793 0.12694 ( 2)
 117 L   0.50209 0.36397 0.07734 0.05661 ( 1)
 118 P   0.01847 0.84749 0.00283 0.13122 ( 2)
 119 A   0.81100 0.05316 0.12745 0.00839 ( 1)
 120 P   0.86174 0.01035 0.12635 0.00156 ( 1)
 121 -   0.55718 0.30412 0.08980 0.04889 ( 1)
 122 -   0.55718 0.30412 0.08980 0.04889 ( 1)
 123 -   0.55718 0.30412 0.08980 0.04889 ( 1)
 124 M   0.79487 0.07230 0.12163 0.01120 ( 1)
 125 S   0.08484 0.78911 0.01165 0.11440 ( 2)
 126 V   0.00024 0.86324 0.00004 0.13648 ( 2)
 127 V   0.23946 0.62701 0.03658 0.09695 ( 2)
 128 N   0.87880 0.00013 0.12106 0.00002 ( 1)
 129 A   0.82094 0.04322 0.12901 0.00682 ( 1)
 130 Q   0.08057 0.78779 0.01202 0.11962 ( 2)
 131 T   0.87430 0.00054 0.12508 0.00008 ( 1)
 132 Q   0.87033 0.00030 0.12933 0.00005 ( 1)
 133 T   0.63972 0.23412 0.09147 0.03469 ( 1)
 134 A   0.16337 0.70322 0.02491 0.10850 ( 2)
 135 Q   0.32576 0.54801 0.04596 0.08027 ( 2)
 136 -   0.59857 0.27080 0.08937 0.04125 ( 1)
 137 Y   0.86567 0.00058 0.13367 0.00009 ( 1)
 138 T   0.64040 0.22971 0.09507 0.03482 ( 1)
 139 D   0.87842 0.00007 0.12150 0.00001 ( 1)
 140 G   0.71908 0.14808 0.10993 0.02292 ( 1)
 141 E   0.86750 0.00039 0.13205 0.00006 ( 1)
 142 N   0.12832 0.74252 0.01860 0.11056 ( 2)
 143 I   0.10695 0.76461 0.01530 0.11314 ( 2)
 144 W   0.00099 0.86999 0.00014 0.12888 ( 2)
 145 T   0.21086 0.66335 0.02927 0.09652 ( 2)
 146 D   0.76252 0.11347 0.10739 0.01662 ( 1)
 147 T   0.03231 0.84082 0.00449 0.12237 ( 2)
 148 -   0.04933 0.81801 0.00743 0.12523 ( 2)
 149 -   0.61477 0.25193 0.09424 0.03907 ( 1)
 150 -   0.55718 0.30412 0.08980 0.04889 ( 1)
 151 -   0.55718 0.30412 0.08980 0.04889 ( 1)
 152 -   0.55718 0.30412 0.08980 0.04889 ( 1)
 153 G   0.10183 0.76310 0.01580 0.11926 ( 2)
 154 R   0.01930 0.84578 0.00299 0.13193 ( 2)
 155 S   0.04002 0.83094 0.00576 0.12329 ( 2)
 156 W   0.00018 0.79002 0.00138 0.20841 ( 2)
 157 L   0.03164 0.83188 0.00499 0.13149 ( 2)
 158 C   0.85740 0.01547 0.12482 0.00231 ( 1)
 159 T   0.25234 0.62120 0.03557 0.09089 ( 2)
 160 L   0.86422 0.00773 0.12689 0.00116 ( 1)
 161 R   0.78281 0.08182 0.12249 0.01288 ( 1)
 162 G   0.86836 0.00175 0.12963 0.00027 ( 1)
 163 Y   0.79931 0.07046 0.11947 0.01076 ( 1)
 164 C   0.87286 0.00006 0.12707 0.00001 ( 1)
 165 T   0.86894 0.00244 0.12826 0.00037 ( 1)
 166 T   0.13793 0.73360 0.01977 0.10869 ( 2)
 167 N   0.46335 0.40578 0.06916 0.06171 ( 1)
 168 C   0.56948 0.29912 0.08563 0.04577 ( 1)
 169 F   0.56275 0.29856 0.09070 0.04800 ( 1)
 170 P   0.63730 0.22401 0.10269 0.03601 ( 1)
 171 -   0.70261 0.15869 0.11319 0.02551 ( 1)
 172 -   0.35785 0.50345 0.05773 0.08097 ( 2)
 173 -   0.30423 0.55707 0.04909 0.08960 ( 2)
 174 G   0.77778 0.09483 0.11320 0.01418 ( 1)
 175 R   0.02515 0.84605 0.00360 0.12520 ( 2)
 176 G   0.69981 0.17737 0.09700 0.02581 ( 1)
 177 C   0.24635 0.61872 0.03823 0.09670 ( 2)
 178 Y   0.09059 0.78239 0.01274 0.11429 ( 2)
 179 N   0.00351 0.85935 0.00056 0.13658 ( 2)
 180 N   0.79343 0.07924 0.11549 0.01185 ( 1)
 181 S   0.13807 0.73508 0.01941 0.10744 ( 2)
 182 T   0.39857 0.47351 0.05748 0.07045 ( 2)
 183 G   0.33604 0.53626 0.04831 0.07939 ( 2)
 184 Y   0.85509 0.01834 0.12383 0.00274 ( 1)
 185 G   0.85691 0.01317 0.12791 0.00201 ( 1)
 186 E   0.04112 0.82388 0.00637 0.12862 ( 2)
 187 S   0.87634 0.00022 0.12342 0.00003 ( 1)
 188 C   0.87078 0.00213 0.12677 0.00032 ( 1)
 189 N   0.87878 0.00014 0.12105 0.00002 ( 1)
 190 Q   0.00831 0.81331 0.00822 0.17017 ( 2)
 191 S   0.31931 0.55157 0.04654 0.08258 ( 2)
 192 L   0.85870 0.01306 0.12627 0.00197 ( 1)
 193 P   0.84747 0.02459 0.12425 0.00369 ( 1)
 194 G   0.75911 0.11687 0.10689 0.01713 ( 1)
 195 Q   0.87033 0.00030 0.12933 0.00005 ( 1)
 196 K   0.86844 0.00019 0.13133 0.00003 ( 1)
 197 I   0.87177 0.00019 0.12800 0.00003 ( 1)
 198 H   0.87674 0.00217 0.12077 0.00032 ( 1)
 199 A   0.87408 0.00013 0.12578 0.00002 ( 1)
 200 L   0.80400 0.06236 0.12393 0.00971 ( 1)
 201 Y   0.87474 0.00012 0.12512 0.00002 ( 1)
 202 P   0.86491 0.00719 0.12681 0.00108 ( 1)
 203 F   0.86579 0.00078 0.13330 0.00012 ( 1)
 204 T   0.85423 0.02064 0.12207 0.00306 ( 1)
 205 Q   0.78665 0.08254 0.11820 0.01261 ( 1)
 206 T   0.54261 0.33383 0.07505 0.04852 ( 1)
 207 -   0.85833 0.01343 0.12622 0.00202 ( 1)
 208 N   0.64908 0.20365 0.11340 0.03387 ( 1)
 209 V   0.12624 0.73913 0.01950 0.11513 ( 2)
 210 L   0.01923 0.84704 0.00293 0.13080 ( 2)
 211 G   0.87376 0.00045 0.12573 0.00007 ( 1)
 212 Q   0.15077 0.71857 0.02225 0.10841 ( 2)
 213 S   0.00173 0.86411 0.00027 0.13389 ( 2)
 214 G   0.86902 0.00941 0.12020 0.00137 ( 1)
 215 K   0.87489 0.00012 0.12497 0.00002 ( 1)
 216 L   0.84204 0.02554 0.12848 0.00395 ( 1)
 217 G   0.86950 0.00061 0.12980 0.00009 ( 1)
 218 L   0.58364 0.27930 0.09265 0.04441 ( 1)
 219 L   0.83046 0.03882 0.12479 0.00593 ( 1)
 220 A   0.81948 0.05474 0.11764 0.00814 ( 1)
 221 S   0.30218 0.56458 0.04607 0.08717 ( 2)
 222 H   0.86396 0.00766 0.12722 0.00116 ( 1)
 223 I   0.87324 0.00074 0.12591 0.00011 ( 1)
 224 P   0.85730 0.00786 0.13360 0.00123 ( 1)
 225 Y   0.80495 0.05967 0.12599 0.00939 ( 1)
 226 D   0.86820 0.00117 0.13045 0.00018 ( 1)
 227 L   0.86384 0.00377 0.13181 0.00058 ( 1)
 228 S   0.39273 0.03152 0.57062 0.00513 ( 3)
 229 P   0.86502 0.00427 0.13006 0.00065 ( 1)
 230 N   0.87732 0.00160 0.12085 0.00023 ( 1)
 231 N   0.87833 0.00059 0.12099 0.00009 ( 1)
 232 T   0.00911 0.81301 0.00471 0.17317 ( 2)
 233 I   0.85448 0.01914 0.12353 0.00285 ( 1)
 234 G   0.86415 0.00037 0.13542 0.00006 ( 1)
 235 D   0.69016 0.18339 0.09921 0.02724 ( 1)
 236 K   0.08303 0.78313 0.01270 0.12114 ( 2)
 237 D   0.87805 0.00043 0.12145 0.00006 ( 1)
 238 T   0.43379 0.43261 0.06647 0.06713 ( 1)
 239 D   0.42515 0.05637 0.51032 0.00816 ( 3)
 240 S   0.85913 0.01190 0.12717 0.00180 ( 1)
 241 T   0.00071 0.80734 0.00187 0.19008 ( 2)
 242 N   0.79959 0.07878 0.11016 0.01147 ( 1)
 243 -   0.58456 0.28811 0.08444 0.04289 ( 1)

