Supplemental results for CODEML (seqf: algn  treef: tree)


dN/dS (w) for site classes (K=4)

site class             0        1       2a       2b
proportion       0.51117  0.48883  0.00000  0.00000
background w     0.14862  1.00000  0.14862  1.00000
foreground w     0.14862  1.00000  1.00000  1.00000

Naive Empirical Bayes (NEB) probabilities for 4 classes
(amino acids refer to 1st sequence: BT_Cry40Aa1)

   1 S   0.33929 0.66071 0.00000 0.00000 ( 2)
   2 -   0.21159 0.78841 0.00000 0.00000 ( 2)
   3 L   0.03234 0.96766 0.00000 0.00000 ( 2)
   4 G   0.01227 0.98773 0.00000 0.00000 ( 2)
   5 G   0.00231 0.99769 0.00000 0.00000 ( 2)
   6 I   0.96055 0.03945 0.00000 0.00000 ( 1)
   7 N   0.01390 0.98610 0.00000 0.00000 ( 2)
   8 T   0.00102 0.99898 0.00000 0.00000 ( 2)
   9 L   0.08806 0.91194 0.00000 0.00000 ( 2)
  10 F   0.01796 0.98204 0.00000 0.00000 ( 2)
  11 S   0.00057 0.99943 0.00000 0.00000 ( 2)
  12 I   0.67931 0.32069 0.00000 0.00000 ( 1)
  13 I   0.95862 0.04138 0.00000 0.00000 ( 1)
  14 G   0.00000 1.00000 0.00000 0.00000 ( 2)
  15 K   0.22590 0.77410 0.00000 0.00000 ( 2)
  16 L   0.26753 0.73247 0.00000 0.00000 ( 2)
  17 I   0.10905 0.89095 0.00000 0.00000 ( 2)
  18 -   0.03417 0.96583 0.00000 0.00000 ( 2)
  19 P   0.65924 0.34076 0.00000 0.00000 ( 1)
  20 T   0.53946 0.46054 0.00000 0.00000 ( 1)
  21 N   0.03966 0.96034 0.00000 0.00000 ( 2)
  22 H   0.89889 0.10111 0.00000 0.00000 ( 1)
  23 Q   0.00061 0.99939 0.00000 0.00000 ( 2)
  24 S   0.46451 0.53549 0.00000 0.00000 ( 2)
  25 V   0.64077 0.35923 0.00000 0.00000 ( 1)
  26 S   0.28958 0.71042 0.00000 0.00000 ( 2)
  27 A   0.01157 0.98843 0.00000 0.00000 ( 2)
  28 L   0.98427 0.01573 0.00000 0.00000 ( 1)
  29 S   0.99835 0.00165 0.00000 0.00000 ( 1)
  30 I   0.99461 0.00539 0.00000 0.00000 ( 1)
  31 C   0.99840 0.00160 0.00000 0.00000 ( 1)
  32 D   0.99888 0.00112 0.00000 0.00000 ( 1)
  33 L   0.99271 0.00729 0.00000 0.00000 ( 1)
  34 L   0.93049 0.06951 0.00000 0.00000 ( 1)
  35 S   0.98652 0.01348 0.00000 0.00000 ( 1)
  36 I   0.99933 0.00067 0.00000 0.00000 ( 1)
  37 I   0.99941 0.00059 0.00000 0.00000 ( 1)
  38 R   0.89093 0.10907 0.00000 0.00000 ( 1)
  39 K   0.42790 0.57210 0.00000 0.00000 ( 2)
  40 E   0.42978 0.57022 0.00000 0.00000 ( 2)
  41 V   0.98962 0.01038 0.00000 0.00000 ( 1)
  42 A   0.06397 0.93603 0.00000 0.00000 ( 2)
  43 D   0.16850 0.83150 0.00000 0.00000 ( 2)
  44 S   0.99432 0.00568 0.00000 0.00000 ( 1)
  45 V   0.94077 0.05923 0.00000 0.00000 ( 1)
  46 L   0.99178 0.00822 0.00000 0.00000 ( 1)
  47 S   0.10015 0.89985 0.00000 0.00000 ( 2)
  48 D   0.12675 0.87325 0.00000 0.00000 ( 2)
  49 A   0.07129 0.92871 0.00000 0.00000 ( 2)
  50 I   0.00864 0.99136 0.00000 0.00000 ( 2)
  51 C   0.09930 0.90070 0.00000 0.00000 ( 2)
  52 R   0.94991 0.05009 0.00000 0.00000 ( 1)
  53 F   0.99967 0.00033 0.00000 0.00000 ( 1)
  54 L   0.51117 0.48883 0.00000 0.00000 ( 1)
  55 D   0.15787 0.84213 0.00000 0.00000 ( 2)
  56 G   0.99835 0.00165 0.00000 0.00000 ( 1)
  57 K   0.00484 0.99516 0.00000 0.00000 ( 2)
  58 L   0.03001 0.96999 0.00000 0.00000 ( 2)
  59 K   0.00014 0.99986 0.00000 0.00000 ( 2)
  60 N   0.01164 0.98836 0.00000 0.00000 ( 2)
  61 Y   0.96466 0.03534 0.00000 0.00000 ( 1)
  62 R   0.00006 0.99994 0.00000 0.00000 ( 2)
  63 E   0.00001 0.99999 0.00000 0.00000 ( 2)
  64 Y   0.97309 0.02691 0.00000 0.00000 ( 1)
  65 Y   0.99860 0.00140 0.00000 0.00000 ( 1)
  66 L   0.98898 0.01102 0.00000 0.00000 ( 1)
  67 P   0.00000 1.00000 0.00000 0.00000 ( 2)
  68 Y   0.56753 0.43247 0.00000 0.00000 ( 1)
  69 L   0.99095 0.00905 0.00000 0.00000 ( 1)
  70 E   0.00001 0.99999 0.00000 0.00000 ( 2)
  71 A   0.00000 1.00000 0.00000 0.00000 ( 2)
  72 W   0.93708 0.06292 0.00000 0.00000 ( 1)
  73 L   0.82712 0.17288 0.00000 0.00000 ( 1)
  74 K   0.00078 0.99922 0.00000 0.00000 ( 2)
  75 D   0.00747 0.99253 0.00000 0.00000 ( 2)
  76 G   0.00478 0.99522 0.00000 0.00000 ( 2)
  77 K   0.00801 0.99199 0.00000 0.00000 ( 2)
  78 P   0.90238 0.09762 0.00000 0.00000 ( 1)
  79 L   0.14740 0.85260 0.00000 0.00000 ( 2)
  80 Q   0.06647 0.93353 0.00000 0.00000 ( 2)
  81 K   0.03853 0.96147 0.00000 0.00000 ( 2)
  82 T   0.59380 0.40620 0.00000 0.00000 ( 1)
  83 N   0.90744 0.09256 0.00000 0.00000 ( 1)
  84 N   0.00149 0.99851 0.00000 0.00000 ( 2)
  85 S   0.00000 1.00000 0.00000 0.00000 ( 2)
  86 D   0.00000 1.00000 0.00000 0.00000 ( 2)
  87 I   0.42175 0.57825 0.00000 0.00000 ( 2)
  88 G   0.00000 1.00000 0.00000 0.00000 ( 2)
  89 Q   0.05445 0.94555 0.00000 0.00000 ( 2)
  90 L   0.21410 0.78590 0.00000 0.00000 ( 2)
  91 V   0.13325 0.86675 0.00000 0.00000 ( 2)
  92 K   0.00004 0.99996 0.00000 0.00000 ( 2)
  93 Y   0.07669 0.92331 0.00000 0.00000 ( 2)
  94 F   0.99089 0.00911 0.00000 0.00000 ( 1)
  95 E   0.03294 0.96706 0.00000 0.00000 ( 2)
  96 L   0.00000 1.00000 0.00000 0.00000 ( 2)
  97 S   0.01637 0.98363 0.00000 0.00000 ( 2)
  98 E   0.95371 0.04629 0.00000 0.00000 ( 1)
  99 R   0.00016 0.99984 0.00000 0.00000 ( 2)
 100 D   0.00149 0.99851 0.00000 0.00000 ( 2)
 101 F   0.97999 0.02001 0.00000 0.00000 ( 1)
 102 N   0.48896 0.51104 0.00000 0.00000 ( 2)
 103 E   0.00136 0.99864 0.00000 0.00000 ( 2)
 104 I   0.92298 0.07702 0.00000 0.00000 ( 1)
 105 L   0.92161 0.07839 0.00000 0.00000 ( 1)
 106 -   0.78005 0.21995 0.00000 0.00000 ( 1)
 107 -   0.22150 0.77850 0.00000 0.00000 ( 2)
 108 -   0.70105 0.29895 0.00000 0.00000 ( 1)
 109 -   0.81522 0.18478 0.00000 0.00000 ( 1)
 110 -   0.73703 0.26297 0.00000 0.00000 ( 1)
 111 -   0.70724 0.29276 0.00000 0.00000 ( 1)
 112 -   0.43019 0.56981 0.00000 0.00000 ( 2)
 113 G   0.01126 0.98874 0.00000 0.00000 ( 2)
 114 G   0.98148 0.01852 0.00000 0.00000 ( 1)
 115 S   0.57298 0.42702 0.00000 0.00000 ( 1)
 116 L   0.99211 0.00789 0.00000 0.00000 ( 1)
 117 A   0.38893 0.61107 0.00000 0.00000 ( 2)
 118 R   0.89777 0.10223 0.00000 0.00000 ( 1)
 119 N   0.00006 0.99994 0.00000 0.00000 ( 2)
 120 N   0.66878 0.33122 0.00000 0.00000 ( 1)
 121 A   0.98764 0.01236 0.00000 0.00000 ( 1)
 122 Q   0.79306 0.20694 0.00000 0.00000 ( 1)
 123 I   0.99261 0.00739 0.00000 0.00000 ( 1)
 124 L   0.98888 0.01112 0.00000 0.00000 ( 1)
 125 L   0.99165 0.00835 0.00000 0.00000 ( 1)
 126 L   0.98241 0.01759 0.00000 0.00000 ( 1)
 127 P   0.99660 0.00340 0.00000 0.00000 ( 1)
 128 Y   0.48375 0.51625 0.00000 0.00000 ( 2)
 129 F   0.77161 0.22839 0.00000 0.00000 ( 1)
 130 C   0.00048 0.99952 0.00000 0.00000 ( 2)
 131 A   0.02187 0.97813 0.00000 0.00000 ( 2)
 132 S   0.66718 0.33282 0.00000 0.00000 ( 1)
 133 C   0.91037 0.08963 0.00000 0.00000 ( 1)
 134 K   0.84400 0.15600 0.00000 0.00000 ( 1)
 135 C   0.00063 0.99937 0.00000 0.00000 ( 2)
 136 Q   0.98790 0.01210 0.00000 0.00000 ( 1)
 137 L   0.99271 0.00729 0.00000 0.00000 ( 1)
 138 L   0.98269 0.01731 0.00000 0.00000 ( 1)
 139 L   0.89557 0.10443 0.00000 0.00000 ( 1)
 140 L   0.99184 0.00816 0.00000 0.00000 ( 1)
 141 R   0.97949 0.02051 0.00000 0.00000 ( 1)
 142 D   0.99967 0.00033 0.00000 0.00000 ( 1)
 143 A   0.75252 0.24748 0.00000 0.00000 ( 1)
 144 V   0.35119 0.64881 0.00000 0.00000 ( 2)
 145 Q   0.04138 0.95862 0.00000 0.00000 ( 2)
 146 Y   0.99860 0.00140 0.00000 0.00000 ( 1)
 147 E   0.57779 0.42221 0.00000 0.00000 ( 1)
 148 E   0.00002 0.99998 0.00000 0.00000 ( 2)
 149 Q   0.00037 0.99963 0.00000 0.00000 ( 2)
 150 W   0.93708 0.06292 0.00000 0.00000 ( 1)
 151 F   0.01580 0.98420 0.00000 0.00000 ( 2)
 152 P   0.00028 0.99972 0.00000 0.00000 ( 2)
 153 F   0.00148 0.99852 0.00000 0.00000 ( 2)
 154 L   0.00045 0.99955 0.00000 0.00000 ( 2)
 155 S   0.02226 0.97774 0.00000 0.00000 ( 2)
 156 A   0.01604 0.98396 0.00000 0.00000 ( 2)
 157 E   0.18841 0.81159 0.00000 0.00000 ( 2)
 158 N   0.16346 0.83654 0.00000 0.00000 ( 2)
 159 V   0.30209 0.69791 0.00000 0.00000 ( 2)
 160 R   0.30000 0.70000 0.00000 0.00000 ( 2)
 161 S   0.79832 0.20168 0.00000 0.00000 ( 1)
 162 E   0.82878 0.17122 0.00000 0.00000 ( 1)
 163 L   0.87858 0.12142 0.00000 0.00000 ( 1)
 164 I   0.84267 0.15733 0.00000 0.00000 ( 1)
 165 S   0.92869 0.07131 0.00000 0.00000 ( 1)
 166 P   0.99449 0.00551 0.00000 0.00000 ( 1)
 167 N   0.54993 0.45007 0.00000 0.00000 ( 1)
 168 S   0.60725 0.39275 0.00000 0.00000 ( 1)
 169 G   0.59610 0.40390 0.00000 0.00000 ( 1)
 170 C   0.59333 0.40667 0.00000 0.00000 ( 1)
 171 D   0.62480 0.37520 0.00000 0.00000 ( 1)
 172 F   0.61727 0.38273 0.00000 0.00000 ( 1)
 173 T   0.01009 0.98991 0.00000 0.00000 ( 2)
 174 G   0.05323 0.94677 0.00000 0.00000 ( 2)
 175 D   0.99886 0.00114 0.00000 0.00000 ( 1)
 176 Y   0.98172 0.01828 0.00000 0.00000 ( 1)
 177 Y   0.00002 0.99998 0.00000 0.00000 ( 2)
 178 E   0.01018 0.98982 0.00000 0.00000 ( 2)
 179 R   0.20655 0.79345 0.00000 0.00000 ( 2)
 180 L   0.93575 0.06425 0.00000 0.00000 ( 1)
 181 K   0.43155 0.56845 0.00000 0.00000 ( 2)
 182 C   0.00280 0.99720 0.00000 0.00000 ( 2)
 183 K   0.01296 0.98704 0.00000 0.00000 ( 2)
 184 I   0.23822 0.76178 0.00000 0.00000 ( 2)
 185 A   0.02055 0.97945 0.00000 0.00000 ( 2)
 186 E   0.00007 0.99993 0.00000 0.00000 ( 2)
 187 Y   0.99063 0.00937 0.00000 0.00000 ( 1)
 188 T   0.06958 0.93042 0.00000 0.00000 ( 2)
 189 D   0.57298 0.42702 0.00000 0.00000 ( 1)
 190 Y   0.92522 0.07478 0.00000 0.00000 ( 1)
 191 C   0.99130 0.00870 0.00000 0.00000 ( 1)
 192 E   0.00003 0.99997 0.00000 0.00000 ( 2)
 193 Y   0.00001 0.99999 0.00000 0.00000 ( 2)
 194 W   0.93708 0.06292 0.00000 0.00000 ( 1)
 195 Y   0.99860 0.00140 0.00000 0.00000 ( 1)
 196 Q   0.29811 0.70189 0.00000 0.00000 ( 2)
 197 A   0.00015 0.99985 0.00000 0.00000 ( 2)
 198 G   0.99872 0.00127 0.00000 0.00000 ( 1)
 199 L   0.93211 0.06789 0.00000 0.00000 ( 1)
 200 N   0.97844 0.02156 0.00000 0.00000 ( 1)
 201 Q   0.89862 0.10138 0.00000 0.00000 ( 1)
 202 I   0.98090 0.01910 0.00000 0.00000 ( 1)
 203 K   0.86584 0.13416 0.00000 0.00000 ( 1)
 204 Q   0.00267 0.99733 0.00000 0.00000 ( 2)
 205 A   0.00002 0.99998 0.00000 0.00000 ( 2)
 206 G   0.99379 0.00621 0.00000 0.00000 ( 1)
 207 T   0.12987 0.87013 0.00000 0.00000 ( 2)
 208 G   0.04383 0.95617 0.00000 0.00000 ( 2)
 209 A   0.69089 0.30911 0.00000 0.00000 ( 1)
 210 D   0.00318 0.99682 0.00000 0.00000 ( 2)
 211 T   0.00066 0.99934 0.00000 0.00000 ( 2)
 212 W   0.93708 0.06292 0.00000 0.00000 ( 1)
 213 A   0.00179 0.99821 0.00000 0.00000 ( 2)
 214 K   0.99441 0.00559 0.00000 0.00000 ( 1)
 215 F   0.99967 0.00033 0.00000 0.00000 ( 1)
 216 N   0.99764 0.00236 0.00000 0.00000 ( 1)
 217 K   0.99211 0.00789 0.00000 0.00000 ( 1)
 218 F   0.99654 0.00346 0.00000 0.00000 ( 1)
 219 R   0.99410 0.00590 0.00000 0.00000 ( 1)
 220 R   0.99771 0.00229 0.00000 0.00000 ( 1)
 221 E   0.96779 0.03221 0.00000 0.00000 ( 1)
 222 M   0.99916 0.00084 0.00000 0.00000 ( 1)
 223 T   0.98739 0.01261 0.00000 0.00000 ( 1)
 224 L   0.97269 0.02731 0.00000 0.00000 ( 1)
 225 T   0.03088 0.96912 0.00000 0.00000 ( 2)
 226 V   0.99849 0.00150 0.00000 0.00000 ( 1)
 227 L   0.97746 0.02254 0.00000 0.00000 ( 1)
 228 D   0.99979 0.00021 0.00000 0.00000 ( 1)
 229 I   0.99443 0.00557 0.00000 0.00000 ( 1)
 230 I   0.94533 0.05467 0.00000 0.00000 ( 1)
 231 A   0.51004 0.48996 0.00000 0.00000 ( 1)
 232 I   0.58662 0.41338 0.00000 0.00000 ( 1)
 233 F   0.96885 0.03115 0.00000 0.00000 ( 1)
 234 Q   0.66252 0.33748 0.00000 0.00000 ( 1)
 235 T   0.22359 0.77641 0.00000 0.00000 ( 2)


lnL = -4723.869714

Bayes Empirical Bayes (BEB) probabilities for 4 classes (class)
(amino acids refer to 1st sequence: BT_Cry40Aa1)

   1 S   0.31259 0.59227 0.03198 0.06315 ( 2)
   2 -   0.19538 0.70921 0.01994 0.07547 ( 2)
   3 L   0.03063 0.87397 0.00309 0.09231 ( 2)
   4 G   0.01177 0.89185 0.00121 0.09517 ( 2)
   5 G   0.00224 0.90094 0.00023 0.09659 ( 2)
   6 I   0.87191 0.03568 0.08862 0.00379 ( 1)
   7 N   0.01332 0.88941 0.00139 0.09588 ( 2)
   8 T   0.00099 0.90415 0.00010 0.09476 ( 2)
   9 L   0.08326 0.82143 0.00842 0.08688 ( 2)
  10 F   0.01722 0.88722 0.00174 0.09382 ( 2)
  11 S   0.00055 0.90122 0.00006 0.09817 ( 2)
  12 I   0.61944 0.28609 0.06381 0.03066 ( 1)
  13 I   0.87006 0.03742 0.08853 0.00398 ( 1)
  14 G   0.00000 0.90429 0.00000 0.09571 ( 2)
  15 K   0.21138 0.69381 0.02138 0.07342 ( 2)
  16 L   0.24800 0.65707 0.02518 0.06974 ( 2)
  17 I   0.10267 0.79999 0.01077 0.08658 ( 2)
  18 -   0.03210 0.87154 0.00330 0.09306 ( 2)
  19 P   0.60056 0.30510 0.06170 0.03264 ( 1)
  20 T   0.49496 0.41119 0.05022 0.04363 ( 1)
  21 N   0.03793 0.86704 0.00381 0.09121 ( 2)
  22 H   0.81402 0.09084 0.08529 0.00985 ( 1)
  23 Q   0.00059 0.90242 0.00006 0.09693 ( 2)
  24 S   0.42481 0.47573 0.04649 0.05298 ( 2)
  25 V   0.58463 0.32208 0.05915 0.03413 ( 1)
  26 S   0.26810 0.63501 0.02811 0.06878 ( 2)
  27 A   0.01114 0.89483 0.00110 0.09294 ( 2)
  28 L   0.88873 0.01434 0.09535 0.00158 ( 1)
  29 S   0.90465 0.00152 0.09366 0.00016 ( 1)
  30 I   0.90265 0.00492 0.09190 0.00052 ( 1)
  31 C   0.90466 0.00147 0.09372 0.00016 ( 1)
  32 D   0.90168 0.00103 0.09718 0.00011 ( 1)
  33 L   0.89808 0.00667 0.09452 0.00072 ( 1)
  34 L   0.84179 0.06286 0.08852 0.00683 ( 1)
  35 S   0.89388 0.01226 0.09253 0.00132 ( 1)
  36 I   0.90706 0.00062 0.09225 0.00007 ( 1)
  37 I   0.90714 0.00055 0.09226 0.00006 ( 1)
  38 R   0.81010 0.09832 0.08121 0.01036 ( 1)
  39 K   0.39277 0.50934 0.04185 0.05604 ( 2)
  40 E   0.39280 0.50837 0.04257 0.05626 ( 2)
  41 V   0.89721 0.00946 0.09231 0.00101 ( 1)
  42 A   0.05074 0.70677 0.07926 0.16322 ( 2)
  43 D   0.15703 0.74465 0.01677 0.08156 ( 2)
  44 S   0.90201 0.00518 0.09226 0.00055 ( 1)
  45 V   0.85358 0.05348 0.08724 0.00570 ( 1)
  46 L   0.89723 0.00752 0.09443 0.00082 ( 1)
  47 S   0.09524 0.81098 0.00939 0.08440 ( 2)
  48 D   0.11909 0.78721 0.01175 0.08195 ( 2)
  49 A   0.06697 0.83481 0.00711 0.09111 ( 2)
  50 I   0.00836 0.89687 0.00083 0.09394 ( 2)
  51 C   0.09377 0.81065 0.00954 0.08604 ( 2)
  52 R   0.86339 0.04519 0.08665 0.00477 ( 1)
  53 F   0.90779 0.00030 0.09187 0.00003 ( 1)
  54 L   0.46216 0.43745 0.05125 0.04914 ( 1)
  55 D   0.14799 0.75838 0.01461 0.07901 ( 2)
  56 G   0.90484 0.00152 0.09348 0.00016 ( 1)
  57 K   0.00465 0.89954 0.00047 0.09534 ( 2)
  58 L   0.02856 0.87603 0.00288 0.09253 ( 2)
  59 K   0.00014 0.90024 0.00001 0.09961 ( 2)
  60 N   0.01116 0.89204 0.00115 0.09565 ( 2)
  61 Y   0.86887 0.03190 0.09567 0.00356 ( 1)
  62 R   0.00005 0.90209 0.00001 0.09785 ( 2)
  63 E   0.00001 0.90176 0.00000 0.09823 ( 2)
  64 Y   0.87521 0.02440 0.09764 0.00275 ( 1)
  65 Y   0.90524 0.00129 0.09333 0.00014 ( 1)
  66 L   0.89467 0.01008 0.09416 0.00109 ( 1)
  67 P   0.00000 0.90265 0.00000 0.09735 ( 2)
  68 Y   0.51977 0.38601 0.05309 0.04114 ( 1)
  69 L   0.89332 0.00826 0.09751 0.00092 ( 1)
  70 E   0.00001 0.90590 0.00000 0.09409 ( 2)
  71 A   0.00000 0.90107 0.00000 0.09893 ( 2)
  72 W   0.84508 0.05705 0.09156 0.00631 ( 1)
  73 L   0.75266 0.15557 0.07539 0.01639 ( 1)
  74 K   0.00076 0.90188 0.00008 0.09729 ( 2)
  75 D   0.00719 0.89876 0.00071 0.09334 ( 2)
  76 G   0.00457 0.89889 0.00047 0.09607 ( 2)
  77 K   0.00761 0.89200 0.00084 0.09955 ( 2)
  78 P   0.81150 0.08811 0.09046 0.00993 ( 1)
  79 L   0.13655 0.76306 0.01505 0.08534 ( 2)
  80 Q   0.06197 0.83764 0.00682 0.09357 ( 2)
  81 K   0.03602 0.86358 0.00396 0.09643 ( 2)
  82 T   0.53582 0.36379 0.05949 0.04090 ( 1)
  83 N   0.82530 0.08315 0.08278 0.00877 ( 1)
  84 N   0.00145 0.90271 0.00015 0.09570 ( 2)
  85 S   0.00000 0.90454 0.00000 0.09546 ( 2)
  86 D   0.00000 0.90416 0.00000 0.09584 ( 2)
  87 I   0.38873 0.51673 0.03959 0.05495 ( 2)
  88 G   0.00000 0.90473 0.00000 0.09527 ( 2)
  89 Q   0.05194 0.85292 0.00523 0.08992 ( 2)
  90 L   0.19857 0.70188 0.02164 0.07791 ( 2)
  91 V   0.12538 0.77790 0.01303 0.08369 ( 2)
  92 K   0.00004 0.90449 0.00000 0.09546 ( 2)
  93 Y   0.07250 0.83070 0.00752 0.08928 ( 2)
  94 F   0.89971 0.00836 0.09104 0.00089 ( 1)
  95 E   0.03149 0.87247 0.00322 0.09283 ( 2)
  96 L   0.00000 0.90090 0.00000 0.09910 ( 2)
  97 S   0.01558 0.88680 0.00163 0.09599 ( 2)
  98 E   0.86106 0.04161 0.09275 0.00459 ( 1)
  99 R   0.00016 0.90255 0.00002 0.09727 ( 2)
 100 D   0.00146 0.90327 0.00015 0.09513 ( 2)
 101 F   0.88970 0.01834 0.09001 0.00194 ( 1)
 102 N   0.45123 0.45609 0.04488 0.04780 ( 2)
 103 E   0.00131 0.90257 0.00013 0.09598 ( 2)
 104 I   0.83804 0.06946 0.08513 0.00738 ( 1)
 105 L   0.83378 0.07086 0.08767 0.00769 ( 1)
 106 -   0.70461 0.19845 0.07517 0.02176 ( 1)
 107 -   0.20381 0.69803 0.02174 0.07642 ( 2)
 108 -   0.63334 0.26900 0.06805 0.02961 ( 1)
 109 -   0.73841 0.16739 0.07623 0.01796 ( 1)
 110 -   0.66699 0.23735 0.06993 0.02572 ( 1)
 111 -   0.63897 0.26352 0.06854 0.02897 ( 1)
 112 -   0.39438 0.51274 0.03918 0.05369 ( 2)
 113 G   0.01081 0.89352 0.00110 0.09457 ( 2)
 114 G   0.88391 0.01683 0.09738 0.00188 ( 1)
 115 S   0.52103 0.38066 0.05627 0.04203 ( 1)
 116 L   0.89753 0.00722 0.09447 0.00078 ( 1)
 117 A   0.35773 0.54766 0.03641 0.05820 ( 2)
 118 R   0.81366 0.09190 0.08453 0.00990 ( 1)
 119 N   0.00006 0.90297 0.00001 0.09696 ( 2)
 120 N   0.61161 0.29618 0.06107 0.03113 ( 1)
 121 A   0.88962 0.01118 0.09795 0.00125 ( 1)
 122 Q   0.71896 0.18525 0.07567 0.02012 ( 1)
 123 I   0.90083 0.00674 0.09171 0.00072 ( 1)
 124 L   0.89458 0.01017 0.09415 0.00110 ( 1)
 125 L   0.89711 0.00764 0.09442 0.00083 ( 1)
 126 L   0.88867 0.01606 0.09352 0.00174 ( 1)
 127 P   0.90200 0.00312 0.09455 0.00034 ( 1)
 128 Y   0.44429 0.46086 0.04560 0.04925 ( 2)
 129 F   0.70320 0.20430 0.07089 0.02160 ( 1)
 130 C   0.00047 0.90136 0.00005 0.09813 ( 2)
 131 A   0.02090 0.88100 0.00220 0.09590 ( 2)
 132 S   0.60891 0.29707 0.06231 0.03170 ( 1)
 133 C   0.82537 0.08068 0.08529 0.00866 ( 1)
 134 K   0.76796 0.13970 0.07755 0.01479 ( 1)
 135 C   0.00061 0.90099 0.00006 0.09833 ( 2)
 136 Q   0.89598 0.01102 0.09182 0.00118 ( 1)
 137 L   0.89808 0.00667 0.09452 0.00072 ( 1)
 138 L   0.88892 0.01581 0.09355 0.00172 ( 1)
 139 L   0.80949 0.09416 0.08606 0.01029 ( 1)
 140 L   0.89631 0.00746 0.09541 0.00082 ( 1)
 141 R   0.88454 0.01868 0.09472 0.00205 ( 1)
 142 D   0.90843 0.00030 0.09124 0.00003 ( 1)
 143 A   0.68440 0.22177 0.07014 0.02369 ( 1)
 144 V   0.32600 0.57929 0.03317 0.06155 ( 2)
 145 Q   0.03931 0.86466 0.00402 0.09201 ( 2)
 146 Y   0.90524 0.00129 0.09333 0.00014 ( 1)
 147 E   0.52597 0.37463 0.05764 0.04176 ( 1)
 148 E   0.00002 0.90451 0.00000 0.09547 ( 2)
 149 Q   0.00036 0.90556 0.00004 0.09405 ( 2)
 150 W   0.84508 0.05705 0.09156 0.00631 ( 1)
 151 F   0.01504 0.88668 0.00160 0.09668 ( 2)
 152 P   0.00028 0.90224 0.00003 0.09745 ( 2)
 153 F   0.00143 0.89900 0.00015 0.09942 ( 2)
 154 L   0.00044 0.90544 0.00004 0.09408 ( 2)
 155 S   0.02098 0.87863 0.00231 0.09808 ( 2)
 156 A   0.01513 0.88448 0.00166 0.09873 ( 2)
 157 E   0.17409 0.72552 0.01920 0.08119 ( 2)
 158 N   0.15203 0.74758 0.01676 0.08363 ( 2)
 159 V   0.27730 0.62231 0.03065 0.06974 ( 2)
 160 R   0.27543 0.62418 0.03044 0.06995 ( 2)
 161 S   0.71826 0.18135 0.07997 0.02042 ( 1)
 162 E   0.74626 0.15335 0.08312 0.01727 ( 1)
 163 L   0.79012 0.10949 0.08806 0.01234 ( 1)
 164 I   0.76494 0.14139 0.07855 0.01512 ( 1)
 165 S   0.84150 0.06457 0.08700 0.00694 ( 1)
 166 P   0.90007 0.00504 0.09434 0.00055 ( 1)
 167 N   0.49673 0.40288 0.05512 0.04528 ( 1)
 168 S   0.54781 0.35180 0.06084 0.03956 ( 1)
 169 G   0.53787 0.36173 0.05972 0.04067 ( 1)
 170 C   0.53541 0.36420 0.05945 0.04095 ( 1)
 171 D   0.56345 0.33616 0.06259 0.03780 ( 1)
 172 F   0.55674 0.34287 0.06184 0.03856 ( 1)
 173 T   0.00970 0.89579 0.00096 0.09354 ( 2)
 174 G   0.05079 0.85449 0.00507 0.08964 ( 2)
 175 D   0.90766 0.00105 0.09118 0.00011 ( 1)
 176 Y   0.88987 0.01663 0.09172 0.00178 ( 1)
 177 Y   0.00002 0.90301 0.00000 0.09697 ( 2)
 178 E   0.00970 0.89303 0.00101 0.09627 ( 2)
 179 R   0.19184 0.71334 0.01938 0.07544 ( 2)
 180 L   0.84564 0.05806 0.08995 0.00635 ( 1)
 181 K   0.39754 0.50790 0.04051 0.05404 ( 2)
 182 C   0.00271 0.89994 0.00028 0.09707 ( 2)
 183 K   0.01245 0.89176 0.00126 0.09453 ( 2)
 184 I   0.22183 0.68399 0.02223 0.07196 ( 2)
 185 A   0.01971 0.88503 0.00198 0.09328 ( 2)
 186 E   0.00007 0.90244 0.00001 0.09748 ( 2)
 187 Y   0.89797 0.00854 0.09257 0.00092 ( 1)
 188 T   0.06556 0.83913 0.00663 0.08869 ( 2)
 189 D   0.52669 0.38081 0.05252 0.03998 ( 1)
 190 Y   0.83899 0.06739 0.08640 0.00722 ( 1)
 191 C   0.89302 0.00792 0.09818 0.00088 ( 1)
 192 E   0.00003 0.90447 0.00000 0.09550 ( 2)
 193 Y   0.00001 0.90478 0.00000 0.09522 ( 2)
 194 W   0.84508 0.05705 0.09156 0.00631 ( 1)
 195 Y   0.90524 0.00129 0.09333 0.00014 ( 1)
 196 Q   0.27619 0.63058 0.02736 0.06588 ( 2)
 197 A   0.00014 0.90149 0.00002 0.09835 ( 2)
 198 G   0.90518 0.00117 0.09352 0.00013 ( 1)
 199 L   0.84115 0.06125 0.09084 0.00676 ( 1)
 200 N   0.88324 0.01943 0.09518 0.00214 ( 1)
 201 Q   0.81500 0.09175 0.08345 0.00980 ( 1)
 202 I   0.88643 0.01733 0.09435 0.00190 ( 1)
 203 K   0.78469 0.12038 0.08191 0.01302 ( 1)
 204 Q   0.00257 0.90046 0.00027 0.09670 ( 2)
 205 A   0.00002 0.90162 0.00000 0.09835 ( 2)
 206 G   0.89509 0.00565 0.09863 0.00063 ( 1)
 207 T   0.12231 0.78250 0.01238 0.08280 ( 2)
 208 G   0.04189 0.86311 0.00420 0.09080 ( 2)
 209 A   0.63010 0.27594 0.06451 0.02946 ( 1)
 210 D   0.00308 0.90113 0.00031 0.09547 ( 2)
 211 T   0.00065 0.90389 0.00007 0.09539 ( 2)
 212 W   0.84508 0.05705 0.09156 0.00631 ( 1)
 213 A   0.00173 0.90147 0.00018 0.09663 ( 2)
 214 K   0.90187 0.00510 0.09249 0.00055 ( 1)
 215 F   0.90779 0.00030 0.09187 0.00003 ( 1)
 216 N   0.90487 0.00216 0.09274 0.00023 ( 1)
 217 K   0.89856 0.00718 0.09349 0.00077 ( 1)
 218 F   0.90333 0.00316 0.09316 0.00034 ( 1)
 219 R   0.89917 0.00540 0.09485 0.00059 ( 1)
 220 R   0.90365 0.00210 0.09402 0.00023 ( 1)
 221 E   0.87490 0.02902 0.09292 0.00317 ( 1)
 222 M   0.90573 0.00078 0.09341 0.00008 ( 1)
 223 T   0.89464 0.01154 0.09257 0.00124 ( 1)
 224 L   0.87821 0.02485 0.09421 0.00273 ( 1)
 225 T   0.02939 0.87509 0.00297 0.09254 ( 2)
 226 V   0.90531 0.00138 0.09316 0.00015 ( 1)
 227 L   0.88416 0.02057 0.09304 0.00223 ( 1)
 228 D   0.90854 0.00019 0.09125 0.00002 ( 1)
 229 I   0.90249 0.00509 0.09188 0.00054 ( 1)
 230 I   0.85697 0.04961 0.08811 0.00531 ( 1)
 231 A   0.46797 0.43727 0.04803 0.04674 ( 1)
 232 I   0.53556 0.36795 0.05647 0.04002 ( 1)
 233 F   0.87981 0.02821 0.08900 0.00299 ( 1)
 234 Q   0.60214 0.30147 0.06358 0.03282 ( 1)
 235 T   0.20932 0.69610 0.02110 0.07348 ( 2)

