Supplemental results for CODEML (seqf: algn  treef: tree)


dN/dS (w) for site classes (K=4)

site class             0        1       2a       2b
proportion       0.00000  0.00000  0.47957  0.52043
background w     0.05094  1.12228  0.05094  1.12228
foreground w     0.05094  1.12228  0.00000  0.00000

Naive Empirical Bayes (NEB) probabilities for 4 classes
(amino acids refer to 1st sequence: BT_Cry4Ba1)

   1 Y   0.00000 0.00000 0.03589 0.96411 ( 4)
   2 T   0.00000 0.00000 0.57468 0.42532 ( 3)
   3 D   0.00000 0.00000 0.58665 0.41335 ( 3)
   4 A   0.00000 0.00000 0.06348 0.93652 ( 4)
   5 I   0.00000 0.00000 0.88200 0.11800 ( 3)
   6 T   0.00000 0.00000 0.92417 0.07583 ( 3)
   7 Q   0.00000 0.00000 0.02231 0.97769 ( 4)
   8 V   0.00000 0.00000 0.64853 0.35147 ( 3)
   9 P   0.00000 0.00000 0.90690 0.09310 ( 3)
  10 A   0.00000 0.00000 0.91247 0.08753 ( 3)
  11 V   0.00000 0.00000 0.93750 0.06250 ( 3)
  12 K   0.00000 0.00000 0.95794 0.04206 ( 3)
  13 S   0.00000 0.00000 0.96394 0.03606 ( 3)
  14 N   0.00000 0.00000 0.06069 0.93931 ( 4)
  15 F   0.00000 0.00000 0.02803 0.97197 ( 4)
  16 L   0.00000 0.00000 0.24952 0.75048 ( 4)
  17 N   0.00000 0.00000 0.59204 0.40796 ( 3)
  18 -   0.00000 0.00000 0.48898 0.51102 ( 4)
  19 -   0.00000 0.00000 0.48129 0.51871 ( 4)
  20 A   0.00000 0.00000 0.54282 0.45718 ( 3)
  21 T   0.00000 0.00000 0.92148 0.07852 ( 3)
  22 A   0.00000 0.00000 0.05364 0.94636 ( 4)
  23 K   0.00000 0.00000 0.04358 0.95642 ( 4)
  24 V   0.00000 0.00000 0.93750 0.06250 ( 3)
  25 I   0.00000 0.00000 0.48704 0.51296 ( 4)
  26 K   0.00000 0.00000 0.93998 0.06002 ( 3)
  27 G   0.00000 0.00000 0.95811 0.04189 ( 3)
  28 P   0.00000 0.00000 0.97168 0.02832 ( 3)
  29 G   0.00000 0.00000 0.96155 0.03845 ( 3)
  30 H   0.00000 0.00000 0.98177 0.01823 ( 3)
  31 T   0.00000 0.00000 0.92148 0.07852 ( 3)
  32 G   0.00000 0.00000 0.93681 0.06319 ( 3)
  33 G   0.00000 0.00000 0.91959 0.08041 ( 3)
  34 D   0.00000 0.00000 0.96927 0.03073 ( 3)
  35 L   0.00000 0.00000 0.93580 0.06420 ( 3)
  36 V   0.00000 0.00000 0.94251 0.05749 ( 3)
  37 A   0.00000 0.00000 0.10734 0.89266 ( 4)
  38 L   0.00000 0.00000 0.90378 0.09622 ( 3)
  39 T   0.00000 0.00000 0.55386 0.44614 ( 3)
  40 S   0.00000 0.00000 0.00125 0.99875 ( 4)
  41 N   0.00000 0.00000 0.96055 0.03945 ( 3)
  42 G   0.00000 0.00000 0.11838 0.88162 ( 4)
  43 T   0.00000 0.00000 0.09130 0.90870 ( 4)
  44 L   0.00000 0.00000 0.07486 0.92514 ( 4)
  45 S   0.00000 0.00000 0.02947 0.97053 ( 4)
  46 -   0.00000 0.00000 0.47957 0.52043 ( 4)
  47 G   0.00000 0.00000 0.01435 0.98565 ( 4)
  48 R   0.00000 0.00000 0.49599 0.50401 ( 4)
  49 M   0.00000 0.00000 0.42945 0.57055 ( 4)
  50 E   0.00000 0.00000 0.05033 0.94967 ( 4)
  51 I   0.00000 0.00000 0.92990 0.07010 ( 3)
  52 Q   0.00000 0.00000 0.58987 0.41013 ( 3)
  53 C   0.00000 0.00000 0.61465 0.38535 ( 3)
  54 K   0.00000 0.00000 0.69261 0.30739 ( 3)
  55 T   0.00000 0.00000 0.66246 0.33754 ( 3)
  56 S   0.00000 0.00000 0.70571 0.29429 ( 3)
  57 I   0.00000 0.00000 0.69520 0.30480 ( 3)
  58 F   0.00000 0.00000 0.66646 0.33354 ( 3)
  59 N   0.00000 0.00000 0.72383 0.27617 ( 3)
  60 D   0.00000 0.00000 0.96927 0.03073 ( 3)
  61 P   0.00000 0.00000 0.54346 0.45654 ( 3)
  62 T   0.00000 0.00000 0.54902 0.45098 ( 3)
  63 R   0.00000 0.00000 0.03911 0.96089 ( 4)
  64 S   0.00000 0.00000 0.00636 0.99364 ( 4)
  65 Y   0.00000 0.00000 0.94611 0.05389 ( 3)
  66 G   0.00000 0.00000 0.50954 0.49046 ( 3)
  67 L   0.00000 0.00000 0.03639 0.96361 ( 4)
  68 R   0.00000 0.00000 0.81273 0.18727 ( 3)
  69 I   0.00000 0.00000 0.92632 0.07368 ( 3)
  70 R   0.00000 0.00000 0.98044 0.01956 ( 3)
  71 Y   0.00000 0.00000 0.97600 0.02400 ( 3)
  72 A   0.00000 0.00000 0.94706 0.05294 ( 3)
  73 A   0.00000 0.00000 0.94235 0.05765 ( 3)
  74 N   0.00000 0.00000 0.09077 0.90923 ( 4)
  75 S   0.00000 0.00000 0.97625 0.02375 ( 3)
  76 P   0.00000 0.00000 0.04831 0.95169 ( 4)
  77 I   0.00000 0.00000 0.12254 0.87746 ( 4)
  78 V   0.00000 0.00000 0.05132 0.94868 ( 4)
  79 L   0.00000 0.00000 0.01028 0.98972 ( 4)
  80 N   0.00000 0.00000 0.00305 0.99695 ( 4)
  81 V   0.00000 0.00000 0.00761 0.99239 ( 4)
  82 S   0.00000 0.00000 0.01170 0.98830 ( 4)
  83 Y   0.00000 0.00000 0.52114 0.47886 ( 3)
  84 V   0.00000 0.00000 0.01712 0.98288 ( 4)
  85 L   0.00000 0.00000 0.00035 0.99965 ( 4)
  86 Q   0.00000 0.00000 0.00128 0.99872 ( 4)
  87 G   0.00000 0.00000 0.00978 0.99022 ( 4)
  88 V   0.00000 0.00000 0.01254 0.98746 ( 4)
  89 S   0.00000 0.00000 0.00327 0.99673 ( 4)
  90 R   0.00000 0.00000 0.00041 0.99959 ( 4)
  91 G   0.00000 0.00000 0.03454 0.96546 ( 4)
  92 T   0.00000 0.00000 0.01342 0.98658 ( 4)
  93 T   0.00000 0.00000 0.00016 0.99984 ( 4)
  94 I   0.00000 0.00000 0.00205 0.99795 ( 4)
  95 S   0.00000 0.00000 0.00018 0.99982 ( 4)
  96 T   0.00000 0.00000 0.00920 0.99080 ( 4)
  97 E   0.00000 0.00000 0.48540 0.51460 ( 4)
  98 S   0.00000 0.00000 0.00041 0.99959 ( 4)
  99 T   0.00000 0.00000 0.00010 0.99990 ( 4)
 100 F   0.00000 0.00000 0.00785 0.99215 ( 4)
 101 S   0.00000 0.00000 0.47612 0.52388 ( 4)
 102 R   0.00000 0.00000 0.52628 0.47372 ( 3)
 103 P   0.00000 0.00000 0.03899 0.96101 ( 4)
 104 N   0.00000 0.00000 0.51116 0.48884 ( 3)
 105 N   0.00000 0.00000 0.65999 0.34001 ( 3)
 106 I   0.00000 0.00000 0.67946 0.32054 ( 3)
 107 I   0.00000 0.00000 0.67946 0.32054 ( 3)
 108 P   0.00000 0.00000 0.63204 0.36796 ( 3)
 109 T   0.00000 0.00000 0.66246 0.33754 ( 3)
 110 D   0.00000 0.00000 0.70214 0.29786 ( 3)
 111 L   0.00000 0.00000 0.60142 0.39858 ( 3)
 112 K   0.00000 0.00000 0.76687 0.23313 ( 3)
 113 Y   0.00000 0.00000 0.69740 0.30260 ( 3)
 114 E   0.00000 0.00000 0.96828 0.03172 ( 3)
 115 E   0.00000 0.00000 0.11245 0.88755 ( 4)
 116 F   0.00000 0.00000 0.97844 0.02156 ( 3)
 117 R   0.00000 0.00000 0.37570 0.62430 ( 4)
 118 Y   0.00000 0.00000 0.94611 0.05389 ( 3)
 119 K   0.00000 0.00000 0.15960 0.84040 ( 4)
 120 D   0.00000 0.00000 0.70214 0.29786 ( 3)
 121 P   0.00000 0.00000 0.63204 0.36796 ( 3)
 122 F   0.00000 0.00000 0.00365 0.99635 ( 4)
 123 D   0.00000 0.00000 0.70214 0.29786 ( 3)
 124 A   0.00000 0.00000 0.07618 0.92382 ( 4)
 125 I   0.00000 0.00000 0.69520 0.30480 ( 3)
 126 V   0.00000 0.00000 0.65098 0.34902 ( 3)
 127 P   0.00000 0.00000 0.52646 0.47354 ( 3)
 128 M   0.00000 0.00000 0.98780 0.01220 ( 3)
 129 R   0.00000 0.00000 0.12912 0.87088 ( 4)
 130 L   0.00000 0.00000 0.09563 0.90437 ( 4)
 131 S   0.00000 0.00000 0.54097 0.45903 ( 3)
 132 S   0.00000 0.00000 0.06543 0.93457 ( 4)
 133 N   0.00000 0.00000 0.96055 0.03945 ( 3)
 134 Q   0.00000 0.00000 0.07227 0.92773 ( 4)
 135 L   0.00000 0.00000 0.03354 0.96646 ( 4)
 136 I   0.00000 0.00000 0.45678 0.54322 ( 4)
 137 T   0.00000 0.00000 0.52319 0.47681 ( 3)
 138 I   0.00000 0.00000 0.17933 0.82067 ( 4)
 139 A   0.00000 0.00000 0.50453 0.49547 ( 3)
 140 I   0.00000 0.00000 0.65503 0.34497 ( 3)
 141 Q   0.00000 0.00000 0.04744 0.95256 ( 4)
 142 P   0.00000 0.00000 0.96184 0.03816 ( 3)
 143 L   0.00000 0.00000 0.53086 0.46914 ( 3)
 144 N   0.00000 0.00000 0.19610 0.80390 ( 4)
 145 M   0.00000 0.00000 0.78701 0.21299 ( 3)
 146 T   0.00000 0.00000 0.06432 0.93568 ( 4)
 147 S   0.00000 0.00000 0.08993 0.91007 ( 4)
 148 N   0.00000 0.00000 0.29288 0.70712 ( 4)
 149 N   0.00000 0.00000 0.95895 0.04105 ( 3)
 150 -   0.00000 0.00000 0.48894 0.51106 ( 4)
 151 -   0.00000 0.00000 0.48158 0.51842 ( 4)
 152 -   0.00000 0.00000 0.48898 0.51102 ( 4)
 153 -   0.00000 0.00000 0.48903 0.51097 ( 4)
 154 Q   0.00000 0.00000 0.00711 0.99289 ( 4)
 155 V   0.00000 0.00000 0.90178 0.09822 ( 3)
 156 I   0.00000 0.00000 0.09455 0.90545 ( 4)
 157 I   0.00000 0.00000 0.49524 0.50476 ( 4)
 158 D   0.00000 0.00000 0.94756 0.05244 ( 3)
 159 R   0.00000 0.00000 0.73510 0.26490 ( 3)
 160 I   0.00000 0.00000 0.42776 0.57224 ( 4)
 161 E   0.00000 0.00000 0.96678 0.03322 ( 3)
 162 I   0.00000 0.00000 0.69520 0.30480 ( 3)
 163 I   0.00000 0.00000 0.69520 0.30480 ( 3)


lnL = -1487.725435

