Supplemental results for CODEML (seqf: algn  treef: tree)


dN/dS (w) for site classes (K=4)

site class             0        1       2a       2b
proportion       0.47554  0.44915  0.03873  0.03658
background w     0.10945  1.00000  0.10945  1.00000
foreground w     0.10945  1.00000 999.00000 999.00000

Naive Empirical Bayes (NEB) probabilities for 4 classes
(amino acids refer to 1st sequence: BT_Cry32Da1)

   1 I   0.50025 0.42444 0.04074 0.03457 ( 1)
   2 S   0.12140 0.80329 0.00989 0.06543 ( 2)
   3 I   0.02565 0.89904 0.00209 0.07322 ( 2)
   4 D   0.92325 0.00143 0.07520 0.00012 ( 1)
   5 K   0.98961 0.00084 0.00954 0.00002 ( 1)
   6 I   0.99316 0.00053 0.00631 0.00000 ( 1)
   7 T   0.99611 0.00006 0.00383 0.00000 ( 1)
   8 Q   0.99847 0.00031 0.00121 0.00000 ( 1)
   9 I   0.99523 0.00003 0.00474 0.00000 ( 1)
  10 P   0.99862 0.00039 0.00099 0.00000 ( 1)
  11 A   0.99632 0.00246 0.00121 0.00000 ( 1)
  12 V   0.99538 0.00295 0.00167 0.00001 ( 1)
  13 K   0.99626 0.00007 0.00366 0.00000 ( 1)
  14 A   0.78424 0.20981 0.00335 0.00259 ( 1)
  15 F   0.02532 0.92459 0.00562 0.04446 ( 2)
  16 F   0.00000 0.98557 0.00000 0.01443 ( 2)
  17 I   0.06781 0.92906 0.00013 0.00300 ( 2)
  18 D   0.00044 0.99383 0.00000 0.00573 ( 2)
  19 D   0.90171 0.09124 0.00587 0.00118 ( 1)
  20 N   0.00253 0.96651 0.00032 0.03064 ( 2)
  21 H   0.47554 0.44915 0.03873 0.03658 ( 1)
  22 V   0.32834 0.66342 0.00120 0.00704 ( 2)
  23 K   0.79914 0.19715 0.00244 0.00127 ( 1)
  24 V   0.99449 0.00009 0.00541 0.00000 ( 1)
  25 I   0.55094 0.44661 0.00117 0.00128 ( 1)
  26 K   0.01238 0.16261 0.72249 0.10252 ( 3)
  27 G   0.98565 0.00168 0.01264 0.00004 ( 1)
  28 P   0.99817 0.00052 0.00131 0.00000 ( 1)
  29 G   0.99685 0.00002 0.00312 0.00000 ( 1)
  30 S   0.06293 0.91772 0.00100 0.01836 ( 2)
  31 T   0.99713 0.00008 0.00279 0.00000 ( 1)
  32 G   0.97789 0.00021 0.02189 0.00001 ( 1)
  33 G   0.99807 0.00040 0.00152 0.00000 ( 1)
  34 D   0.99499 0.00049 0.00451 0.00001 ( 1)
  35 L   0.77857 0.00754 0.21358 0.00031 ( 1)
  36 V   0.97909 0.00305 0.01779 0.00007 ( 1)
  37 A   0.11059 0.88757 0.00014 0.00171 ( 2)
  38 F   0.97005 0.02551 0.00427 0.00017 ( 1)
  39 S   0.01322 0.39406 0.27958 0.31313 ( 2)
  40 R   0.00000 0.18261 0.00006 0.81733 ( 4)
  41 E   0.00000 0.20416 0.00002 0.79582 ( 4)
  42 G   0.10081 0.89334 0.00035 0.00551 ( 2)
  43 Y   0.00145 0.95015 0.00002 0.04839 ( 2)
  44 G   0.47554 0.44915 0.03873 0.03658 ( 1)
  45 L   0.95826 0.03759 0.00383 0.00032 ( 1)
  46 S   0.00493 0.99090 0.00001 0.00416 ( 2)
  47 I   0.99558 0.00051 0.00390 0.00000 ( 1)
  48 S   0.00002 0.87082 0.00002 0.12913 ( 2)
  49 V   0.77485 0.16742 0.05181 0.00593 ( 1)
  50 F   0.00055 0.92413 0.00005 0.07527 ( 2)
  51 I   0.01428 0.98005 0.00004 0.00562 ( 2)
  52 P   0.00001 0.94285 0.00000 0.05715 ( 2)
  53 G   0.00056 0.99161 0.00000 0.00783 ( 2)
  54 S   0.02828 0.92392 0.00719 0.04062 ( 2)
  55 D   0.00226 0.96847 0.00003 0.02924 ( 2)
  56 L   0.47554 0.44915 0.03873 0.03658 ( 1)
  57 V   0.00009 0.95264 0.00000 0.04726 ( 2)
  58 S   0.00003 0.98108 0.00000 0.01889 ( 2)
  59 F   0.00002 0.83959 0.00025 0.16014 ( 2)
  60 Y   0.98486 0.01000 0.00500 0.00014 ( 1)
  61 R   0.11644 0.88161 0.00014 0.00181 ( 2)
  62 V   0.97749 0.01060 0.01178 0.00013 ( 1)
  63 R   0.99623 0.00100 0.00276 0.00001 ( 1)
  64 I   0.99483 0.00053 0.00463 0.00001 ( 1)
  65 R   0.99774 0.00101 0.00125 0.00000 ( 1)
  66 Y   0.99765 0.00003 0.00233 0.00000 ( 1)
  67 A   0.98583 0.00074 0.01341 0.00002 ( 1)
  68 S   0.99436 0.00261 0.00300 0.00003 ( 1)
  69 S   0.96662 0.03031 0.00278 0.00029 ( 1)
  70 Q   0.00038 0.91688 0.00031 0.08243 ( 2)
  71 S   0.00019 0.88991 0.00109 0.10881 ( 2)
  72 A   0.68512 0.00314 0.31121 0.00053 ( 1)
  73 K   0.11660 0.87307 0.00272 0.00762 ( 2)
  74 V   0.92283 0.03491 0.03917 0.00310 ( 1)
  75 T   0.00369 0.97856 0.00004 0.01770 ( 2)
  76 M   0.63993 0.35409 0.00274 0.00324 ( 1)
  77 G   0.00001 0.90467 0.00002 0.09530 ( 2)
  78 F   0.01294 0.36432 0.19691 0.42583 ( 4)
  79 G   0.00001 0.99868 0.00000 0.00132 ( 2)
  80 G   0.00003 0.85642 0.00003 0.14352 ( 2)
  81 -   0.35742 0.56727 0.02911 0.04620 ( 2)
  82 -   0.33032 0.59436 0.02690 0.04841 ( 2)
  83 G   0.00591 0.85053 0.00030 0.14325 ( 2)
  84 V   0.43924 0.54911 0.00254 0.00911 ( 2)
  85 E   0.00830 0.58803 0.00907 0.39461 ( 2)
  86 E   0.76350 0.23228 0.00285 0.00138 ( 1)
  87 S   0.00004 0.61010 0.00300 0.38686 ( 2)
  88 E   0.04864 0.94583 0.00014 0.00538 ( 2)
  89 S   0.00005 0.99306 0.00000 0.00688 ( 2)
  90 K   0.00049 0.99233 0.00000 0.00717 ( 2)
  91 F   0.56881 0.42739 0.00143 0.00237 ( 1)
  92 N   0.96483 0.02597 0.00855 0.00065 ( 1)
  93 F   0.81279 0.14180 0.04217 0.00323 ( 1)
  94 P   0.01234 0.97342 0.00013 0.01411 ( 2)
  95 A   0.00113 0.72596 0.04475 0.22816 ( 2)
  96 T   0.98221 0.00117 0.01658 0.00004 ( 1)
  97 Y   0.08808 0.90636 0.00021 0.00534 ( 2)
  98 S   0.21730 0.21868 0.51431 0.04972 ( 3)
  99 G   0.78119 0.11139 0.10228 0.00514 ( 1)
 100 -   0.09395 0.83074 0.00765 0.06766 ( 2)
 101 -   0.47554 0.44915 0.03873 0.03658 ( 1)
 102 -   0.47554 0.44915 0.03873 0.03658 ( 1)
 103 G   0.94242 0.05432 0.00272 0.00054 ( 1)
 104 N   0.00001 0.85841 0.00008 0.14151 ( 2)
 105 L   0.69102 0.30663 0.00143 0.00092 ( 1)
 106 T   0.99135 0.00538 0.00324 0.00004 ( 1)
 107 Y   0.99587 0.00164 0.00248 0.00001 ( 1)
 108 N   0.99060 0.00505 0.00428 0.00008 ( 1)
 109 S   0.00009 0.96395 0.00001 0.03596 ( 2)
 110 F   0.99768 0.00002 0.00230 0.00000 ( 1)
 111 G   0.89680 0.09930 0.00300 0.00090 ( 1)
 112 Y   0.99765 0.00003 0.00233 0.00000 ( 1)
 113 I   0.01257 0.94942 0.00267 0.03533 ( 2)
 114 N   0.96213 0.02893 0.00837 0.00058 ( 1)
 115 T   0.28442 0.65625 0.01901 0.04032 ( 2)
 116 L   0.03036 0.71295 0.03944 0.21725 ( 2)
 117 A   0.31841 0.67143 0.00122 0.00894 ( 2)
 118 I   0.33751 0.65423 0.00143 0.00684 ( 2)
 119 A   0.00000 0.99114 0.00000 0.00886 ( 2)
 120 S   0.00097 0.92372 0.00008 0.07523 ( 2)
 121 Q   0.16548 0.75921 0.01348 0.06184 ( 2)
 122 S   0.50911 0.41558 0.04147 0.03385 ( 1)
 123 T   0.00907 0.94265 0.00289 0.04539 ( 2)
 124 A   0.80779 0.18567 0.00373 0.00281 ( 1)
 125 Q   0.02292 0.83422 0.00999 0.13287 ( 2)
 126 T   0.00000 0.30714 0.00011 0.69275 ( 4)
 127 I   0.25965 0.64290 0.01527 0.08219 ( 2)
 128 E   0.98530 0.00492 0.00972 0.00006 ( 1)
 129 V   0.05410 0.84332 0.01745 0.08513 ( 2)
 130 Y   0.00019 0.99920 0.00000 0.00061 ( 2)
 131 F   0.98951 0.00875 0.00171 0.00004 ( 1)
 132 R   0.00274 0.98502 0.00003 0.01220 ( 2)
 133 Q   0.99121 0.00422 0.00450 0.00006 ( 1)
 134 Y   0.00012 0.82522 0.00046 0.17420 ( 2)
 135 E   0.03533 0.95496 0.00018 0.00953 ( 2)
 136 E   0.98847 0.00246 0.00906 0.00001 ( 1)
 137 A   0.96354 0.03365 0.00262 0.00018 ( 1)
 138 E   0.00416 0.72564 0.00939 0.26081 ( 2)
 139 F   0.98624 0.00240 0.01130 0.00006 ( 1)
 140 I   0.00525 0.99200 0.00001 0.00274 ( 2)
 141 V   0.98269 0.00420 0.01300 0.00011 ( 1)
 142 D   0.99839 0.00025 0.00135 0.00000 ( 1)
 143 K   0.99641 0.00039 0.00320 0.00000 ( 1)
 144 L   0.98834 0.01001 0.00163 0.00002 ( 1)
 145 E   0.98979 0.00005 0.01016 0.00000 ( 1)
 146 F   0.99614 0.00317 0.00069 0.00000 ( 1)
 147 I   0.99523 0.00010 0.00466 0.00000 ( 1)
 148 -   0.47554 0.44915 0.03873 0.03658 ( 1)


lnL = -3128.286192

Bayes Empirical Bayes (BEB) probabilities for 4 classes (class)
(amino acids refer to 1st sequence: BT_Cry32Da1)

   1 I   0.55946 0.37151 0.04159 0.02744 ( 1)
   2 S   0.20704 0.72393 0.01544 0.05359 ( 2)
   3 I   0.07506 0.85591 0.00561 0.06343 ( 2)
   4 D   0.92885 0.00212 0.06887 0.00016 ( 1)
   5 K   0.98778 0.00091 0.01130 0.00002 ( 1)
   6 I   0.98500 0.00073 0.01425 0.00001 ( 1)
   7 T   0.99289 0.00009 0.00702 0.00000 ( 1)
   8 Q   0.99238 0.00040 0.00722 0.00000 ( 1)
   9 I   0.99201 0.00005 0.00794 0.00000 ( 1)
  10 P   0.99162 0.00049 0.00788 0.00001 ( 1)
  11 A   0.98092 0.00290 0.01613 0.00006 ( 1)
  12 V   0.98078 0.00350 0.01565 0.00007 ( 1)
  13 K   0.99309 0.00011 0.00680 0.00000 ( 1)
  14 A   0.86411 0.12769 0.00607 0.00213 ( 1)
  15 F   0.08641 0.83937 0.02180 0.05242 ( 2)
  16 F   0.00002 0.98273 0.00000 0.01725 ( 2)
  17 I   0.17151 0.81557 0.00163 0.01129 ( 2)
  18 D   0.00270 0.98130 0.00002 0.01598 ( 2)
  19 D   0.92733 0.06319 0.00853 0.00095 ( 1)
  20 N   0.01254 0.94684 0.00157 0.03904 ( 2)
  21 H   0.51442 0.41655 0.03825 0.03078 ( 1)
  22 V   0.55068 0.43758 0.00393 0.00781 ( 1)
  23 K   0.87516 0.11547 0.00747 0.00190 ( 1)
  24 V   0.99134 0.00014 0.00852 0.00000 ( 1)
  25 I   0.69164 0.29199 0.01046 0.00592 ( 1)
  26 K   0.02843 0.12424 0.77415 0.07319 ( 3)
  27 G   0.98651 0.00205 0.01140 0.00004 ( 1)
  28 P   0.99426 0.00054 0.00520 0.00000 ( 1)
  29 G   0.99396 0.00003 0.00600 0.00000 ( 1)
  30 S   0.16512 0.81463 0.00234 0.01791 ( 2)
  31 T   0.99188 0.00012 0.00800 0.00000 ( 1)
  32 G   0.98435 0.00030 0.01534 0.00001 ( 1)
  33 G   0.98416 0.00052 0.01531 0.00001 ( 1)
  34 D   0.99258 0.00060 0.00681 0.00001 ( 1)
  35 L   0.71474 0.00626 0.27851 0.00049 ( 1)
  36 V   0.97976 0.00315 0.01701 0.00008 ( 1)
  37 A   0.27293 0.71748 0.00199 0.00761 ( 2)
  38 F   0.96439 0.02224 0.01295 0.00042 ( 1)
  39 S   0.05450 0.41797 0.36832 0.15922 ( 2)
  40 R   0.00001 0.52259 0.00017 0.47722 ( 2)
  41 E   0.00000 0.43378 0.00014 0.56608 ( 4)
  42 G   0.23609 0.75171 0.00190 0.01030 ( 2)
  43 Y   0.00753 0.92724 0.00015 0.06508 ( 2)
  44 G   0.51442 0.41655 0.03825 0.03078 ( 1)
  45 L   0.96353 0.02680 0.00918 0.00049 ( 1)
  46 S   0.02421 0.96302 0.00022 0.01256 ( 2)
  47 I   0.99109 0.00062 0.00828 0.00001 ( 1)
  48 S   0.00020 0.82947 0.00022 0.17011 ( 2)
  49 V   0.82790 0.10108 0.06609 0.00493 ( 1)
  50 F   0.00311 0.92785 0.00023 0.06880 ( 2)
  51 I   0.04838 0.93911 0.00042 0.01209 ( 2)
  52 P   0.00006 0.95353 0.00000 0.04641 ( 2)
  53 G   0.00317 0.97759 0.00003 0.01921 ( 2)
  54 S   0.09072 0.84918 0.01984 0.04026 ( 2)
  55 D   0.01338 0.95361 0.00020 0.03281 ( 2)
  56 L   0.51442 0.41655 0.03825 0.03078 ( 1)
  57 V   0.00066 0.94481 0.00002 0.05450 ( 2)
  58 S   0.00030 0.97328 0.00001 0.02642 ( 2)
  59 F   0.00017 0.80877 0.00156 0.18951 ( 2)
  60 Y   0.98502 0.00777 0.00710 0.00011 ( 1)
  61 R   0.21364 0.77881 0.00111 0.00644 ( 2)
  62 V   0.97334 0.01015 0.01628 0.00023 ( 1)
  63 R   0.99232 0.00129 0.00638 0.00002 ( 1)
  64 I   0.99143 0.00067 0.00789 0.00001 ( 1)
  65 R   0.99356 0.00124 0.00519 0.00001 ( 1)
  66 Y   0.99411 0.00004 0.00585 0.00000 ( 1)
  67 A   0.98762 0.00097 0.01139 0.00002 ( 1)
  68 S   0.99220 0.00232 0.00544 0.00004 ( 1)
  69 S   0.97493 0.01976 0.00501 0.00029 ( 1)
  70 Q   0.00213 0.88937 0.00177 0.10673 ( 2)
  71 S   0.00156 0.86274 0.00613 0.12957 ( 2)
  72 A   0.77370 0.00297 0.22300 0.00033 ( 1)
  73 K   0.29142 0.68505 0.00989 0.01364 ( 2)
  74 V   0.93356 0.03043 0.03424 0.00177 ( 1)
  75 T   0.01766 0.96281 0.00024 0.01929 ( 2)
  76 M   0.77515 0.21300 0.00763 0.00422 ( 1)
  77 G   0.00016 0.93884 0.00006 0.06095 ( 2)
  78 F   0.06774 0.60761 0.14035 0.18430 ( 2)
  79 G   0.00008 0.97821 0.00000 0.02171 ( 2)
  80 G   0.00025 0.87605 0.00018 0.12351 ( 2)
  81 -   0.44536 0.48561 0.03314 0.03589 ( 2)
  82 -   0.41837 0.51260 0.03114 0.03789 ( 2)
  83 G   0.02439 0.90227 0.00077 0.07258 ( 2)
  84 V   0.65350 0.33658 0.00465 0.00528 ( 1)
  85 E   0.03991 0.72133 0.02185 0.21691 ( 2)
  86 E   0.87633 0.11484 0.00735 0.00148 ( 1)
  87 S   0.00027 0.61875 0.00982 0.37116 ( 2)
  88 E   0.16054 0.82869 0.00107 0.00970 ( 2)
  89 S   0.00041 0.98307 0.00000 0.01651 ( 2)
  90 K   0.00337 0.98241 0.00004 0.01417 ( 2)
  91 F   0.76093 0.23153 0.00472 0.00282 ( 1)
  92 N   0.97338 0.01676 0.00947 0.00039 ( 1)
  93 F   0.86268 0.08227 0.05226 0.00279 ( 1)
  94 P   0.05638 0.91483 0.00137 0.02742 ( 2)
  95 A   0.00543 0.66358 0.11648 0.21451 ( 2)
  96 T   0.98563 0.00150 0.01283 0.00003 ( 1)
  97 Y   0.27252 0.71677 0.00165 0.00907 ( 2)
  98 S   0.41524 0.19937 0.35741 0.02798 ( 1)
  99 G   0.83162 0.06713 0.09774 0.00351 ( 1)
 100 -   0.17508 0.75589 0.01306 0.05597 ( 2)
 101 -   0.51442 0.41655 0.03825 0.03078 ( 1)
 102 -   0.51442 0.41655 0.03825 0.03078 ( 1)
 103 G   0.96047 0.03407 0.00495 0.00051 ( 1)
 104 N   0.00007 0.82115 0.00050 0.17828 ( 2)
 105 L   0.77935 0.21027 0.00754 0.00285 ( 1)
 106 T   0.98651 0.00523 0.00818 0.00008 ( 1)
 107 Y   0.99237 0.00169 0.00592 0.00002 ( 1)
 108 N   0.98844 0.00482 0.00664 0.00010 ( 1)
 109 S   0.00060 0.92864 0.00009 0.07067 ( 2)
 110 F   0.99468 0.00003 0.00529 0.00000 ( 1)
 111 G   0.93368 0.05907 0.00631 0.00095 ( 1)
 112 Y   0.99411 0.00004 0.00585 0.00000 ( 1)
 113 I   0.04679 0.87286 0.01531 0.06504 ( 2)
 114 N   0.96652 0.01954 0.01337 0.00057 ( 1)
 115 T   0.51572 0.45479 0.01444 0.01505 ( 1)
 116 L   0.09962 0.77830 0.03937 0.08270 ( 2)
 117 A   0.53396 0.45333 0.00385 0.00886 ( 1)
 118 I   0.54101 0.44474 0.00470 0.00955 ( 1)
 119 A   0.00004 0.98170 0.00000 0.01826 ( 2)
 120 S   0.00506 0.92591 0.00038 0.06865 ( 2)
 121 Q   0.27314 0.65783 0.02036 0.04867 ( 2)
 122 S   0.59008 0.34089 0.04385 0.02518 ( 1)
 123 T   0.03202 0.86790 0.01615 0.08393 ( 2)
 124 A   0.89541 0.09627 0.00639 0.00193 ( 1)
 125 Q   0.08873 0.82588 0.01684 0.06855 ( 2)
 126 T   0.00002 0.56857 0.00055 0.43085 ( 2)
 127 I   0.47849 0.47085 0.01894 0.03173 ( 1)
 128 E   0.98331 0.00485 0.01175 0.00009 ( 1)
 129 V   0.14625 0.78342 0.02362 0.04671 ( 2)
 130 Y   0.00117 0.97838 0.00002 0.02043 ( 2)
 131 F   0.98815 0.00663 0.00516 0.00006 ( 1)
 132 R   0.01410 0.96571 0.00027 0.01993 ( 2)
 133 Q   0.98937 0.00376 0.00680 0.00007 ( 1)
 134 Y   0.00083 0.89916 0.00082 0.09919 ( 2)
 135 E   0.13555 0.84905 0.00125 0.01414 ( 2)
 136 E   0.98259 0.00248 0.01487 0.00005 ( 1)
 137 A   0.96787 0.02429 0.00752 0.00032 ( 1)
 138 E   0.02515 0.85607 0.01350 0.10528 ( 2)
 139 F   0.98702 0.00253 0.01040 0.00005 ( 1)
 140 I   0.02030 0.95946 0.00031 0.01994 ( 2)
 141 V   0.98462 0.00434 0.01095 0.00009 ( 1)
 142 D   0.99059 0.00035 0.00906 0.00000 ( 1)
 143 K   0.99312 0.00045 0.00642 0.00001 ( 1)
 144 L   0.97604 0.00909 0.01469 0.00018 ( 1)
 145 E   0.98793 0.00008 0.01199 0.00000 ( 1)
 146 F   0.98327 0.00361 0.01306 0.00006 ( 1)
 147 I   0.99193 0.00017 0.00790 0.00000 ( 1)
 148 -   0.51442 0.41655 0.03825 0.03078 ( 1)

