Supplemental results for CODEML (seqf: algn  treef: tree)


dN/dS (w) for site classes (K=4)

site class             0        1       2a       2b
proportion       0.67130  0.31233  0.01118  0.00520
background w     0.14519  1.00000  0.14519  1.00000
foreground w     0.14519  1.00000  1.00000  1.00000

Naive Empirical Bayes (NEB) probabilities for 4 classes
(amino acids refer to 1st sequence: BT_Cry13Aa1)

   1 S   0.81476 0.17069 0.01171 0.00284 ( 1)
   2 V   0.97636 0.01142 0.01203 0.00019 ( 1)
   3 A   0.96862 0.01670 0.01441 0.00028 ( 1)
   4 V   0.98087 0.00694 0.01207 0.00012 ( 1)
   5 P   0.97989 0.00486 0.01518 0.00008 ( 1)
   6 L   0.87251 0.11341 0.01219 0.00189 ( 1)
   7 I   0.68800 0.29658 0.01048 0.00494 ( 1)
   8 S   0.94811 0.03722 0.01404 0.00062 ( 1)
   9 M   0.98662 0.00120 0.01216 0.00002 ( 1)
  10 L   0.95836 0.02700 0.01419 0.00045 ( 1)
  11 V   0.98090 0.00720 0.01178 0.00012 ( 1)
  12 G   0.87097 0.11371 0.01343 0.00189 ( 1)
  13 V   0.23743 0.74641 0.00373 0.01243 ( 2)
  14 F   0.58139 0.36126 0.05133 0.00601 ( 1)
  15 W   0.94663 0.03786 0.01488 0.00063 ( 1)
  16 P   0.98659 0.00022 0.01318 0.00000 ( 1)
  17 K   0.26007 0.70613 0.02205 0.01176 ( 2)
  18 -   0.67130 0.31233 0.01118 0.00520 ( 1)
  19 -   0.67130 0.31233 0.01118 0.00520 ( 1)
  20 -   0.67130 0.31233 0.01118 0.00520 ( 1)
  21 -   0.67130 0.31233 0.01118 0.00520 ( 1)
  22 -   0.25049 0.73314 0.00417 0.01221 ( 2)
  23 -   0.52362 0.46250 0.00618 0.00770 ( 1)
  24 G   0.00868 0.97447 0.00063 0.01622 ( 2)
  25 T   0.03455 0.94917 0.00048 0.01580 ( 2)
  26 N   0.32276 0.66168 0.00455 0.01102 ( 2)
  27 N   0.92518 0.00265 0.07212 0.00004 ( 1)
  28 Q   0.82786 0.15919 0.01031 0.00265 ( 1)
  29 E   0.74351 0.24229 0.01017 0.00403 ( 1)
  30 N   0.91417 0.07206 0.01257 0.00120 ( 1)
  31 L   0.95111 0.03363 0.01470 0.00056 ( 1)
  32 I   0.97981 0.00838 0.01167 0.00014 ( 1)
  33 T   0.05167 0.93221 0.00060 0.01552 ( 2)
  34 V   0.97390 0.01240 0.01350 0.00021 ( 1)
  35 I   0.98803 0.00024 0.01172 0.00000 ( 1)
  36 D   0.98662 0.00011 0.01326 0.00000 ( 1)
  37 K   0.02140 0.96230 0.00028 0.01602 ( 2)
  38 E   0.98814 0.00013 0.01174 0.00000 ( 1)
  39 V   0.98727 0.00099 0.01172 0.00002 ( 1)
  40 Q   0.98646 0.00034 0.01320 0.00001 ( 1)
  41 R   0.98446 0.00391 0.01156 0.00007 ( 1)
  42 I   0.75349 0.23219 0.01045 0.00387 ( 1)
  43 L   0.98404 0.00143 0.01451 0.00002 ( 1)
  44 D   0.98150 0.00529 0.01312 0.00009 ( 1)
  45 E   0.85690 0.06999 0.07195 0.00117 ( 1)
  46 K   0.96772 0.01977 0.01218 0.00033 ( 1)
  47 L   0.98458 0.00165 0.01375 0.00003 ( 1)
  48 S   0.98086 0.00615 0.01289 0.00010 ( 1)
  49 D   0.12221 0.81286 0.05139 0.01353 ( 2)
  50 Q   0.96946 0.01728 0.01297 0.00029 ( 1)
  51 L   0.98110 0.00765 0.01112 0.00013 ( 1)
  52 I   0.95498 0.03322 0.01125 0.00055 ( 1)
  53 K   0.93487 0.05374 0.01049 0.00089 ( 1)
  54 K   0.69778 0.24707 0.05104 0.00411 ( 1)
  55 L   0.78265 0.20170 0.01230 0.00336 ( 1)
  56 N   0.00180 0.98183 0.00003 0.01635 ( 2)
  57 A   0.88533 0.10143 0.01155 0.00169 ( 1)
  58 D   0.96190 0.02378 0.01392 0.00040 ( 1)
  59 L   0.98496 0.00136 0.01365 0.00002 ( 1)
  60 N   0.23775 0.74665 0.00317 0.01243 ( 2)
  61 A   0.02764 0.95610 0.00035 0.01592 ( 2)
  62 F   0.98704 0.00123 0.01171 0.00002 ( 1)
  63 T   0.26341 0.72087 0.00372 0.01200 ( 2)
  64 D   0.83414 0.15160 0.01174 0.00252 ( 1)
  65 L   0.33321 0.65201 0.00392 0.01085 ( 2)
  66 V   0.67829 0.30607 0.01054 0.00510 ( 1)
  67 T   0.08133 0.89675 0.00699 0.01493 ( 2)
  68 R   0.00250 0.98114 0.00003 0.01633 ( 2)
  69 L   0.20799 0.77647 0.00262 0.01293 ( 2)
  70 E   0.00240 0.98117 0.00009 0.01633 ( 2)
  71 E   0.00377 0.97986 0.00006 0.01631 ( 2)
  72 V   0.85613 0.13006 0.01165 0.00217 ( 1)
  73 I   0.95992 0.02539 0.01427 0.00042 ( 1)
  74 I   0.82140 0.16486 0.01100 0.00274 ( 1)
  75 D   0.98788 0.00085 0.01125 0.00001 ( 1)
  76 A   0.98567 0.00039 0.01393 0.00001 ( 1)
  77 T   0.67065 0.31410 0.01002 0.00523 ( 1)
  78 F   0.96271 0.02486 0.01201 0.00041 ( 1)
  79 -   0.93938 0.04598 0.01388 0.00077 ( 1)
  80 -   0.98622 0.00094 0.01283 0.00002 ( 1)
  81 -   0.85725 0.10405 0.03697 0.00173 ( 1)
  82 -   0.97631 0.01186 0.01163 0.00020 ( 1)
  83 -   0.35613 0.62876 0.00463 0.01047 ( 2)
  84 E   0.74124 0.24624 0.00843 0.00410 ( 1)
  85 N   0.75611 0.22993 0.01014 0.00383 ( 1)
  86 H   0.91749 0.06871 0.01265 0.00114 ( 1)
  87 K   0.98588 0.00187 0.01222 0.00003 ( 1)
  88 P   0.70815 0.27775 0.00948 0.00462 ( 1)
  89 V   0.05548 0.92832 0.00074 0.01545 ( 2)
  90 L   0.66460 0.32044 0.00963 0.00533 ( 1)
  91 Q   0.26010 0.72465 0.00319 0.01206 ( 2)
  92 V   0.96489 0.02185 0.01290 0.00036 ( 1)
  93 S   0.57741 0.40828 0.00752 0.00680 ( 1)
  94 K   0.00374 0.97990 0.00005 0.01631 ( 2)
  95 S   0.98554 0.00077 0.01368 0.00001 ( 1)
  96 N   0.98541 0.00071 0.01387 0.00001 ( 1)
  97 Y   0.98407 0.00075 0.01517 0.00001 ( 1)
  98 M   0.00163 0.98201 0.00002 0.01635 ( 2)
  99 K   0.98205 0.00427 0.01361 0.00007 ( 1)
 100 V   0.98709 0.00081 0.01209 0.00001 ( 1)
 101 D   0.55753 0.42809 0.00725 0.00713 ( 1)
 102 S   0.00328 0.98036 0.00004 0.01632 ( 2)
 103 A   0.01219 0.97148 0.00015 0.01617 ( 2)
 104 Y   0.90181 0.08501 0.01177 0.00142 ( 1)
 105 F   0.00556 0.97808 0.00008 0.01628 ( 2)
 106 S   0.06930 0.91461 0.00086 0.01523 ( 2)
 107 T   0.95494 0.03089 0.01366 0.00051 ( 1)
 108 G   0.01112 0.96670 0.00609 0.01609 ( 2)
 109 G   0.40351 0.58167 0.00514 0.00968 ( 2)
 110 I   0.00781 0.97584 0.00010 0.01625 ( 2)
 111 L   0.98533 0.00179 0.01285 0.00003 ( 1)
 112 T   0.00906 0.97458 0.00013 0.01622 ( 2)
 113 L   0.03570 0.94806 0.00046 0.01578 ( 2)
 114 G   0.20583 0.77808 0.00313 0.01295 ( 2)
 115 M   0.08435 0.89937 0.00131 0.01497 ( 2)
 116 S   0.91064 0.07717 0.01091 0.00128 ( 1)
 117 D   0.22641 0.75794 0.00303 0.01262 ( 2)
 118 F   0.96657 0.02116 0.01192 0.00035 ( 1)
 119 L   0.91463 0.07326 0.01088 0.00122 ( 1)
 120 T   0.96961 0.01665 0.01345 0.00028 ( 1)
 121 D   0.95707 0.02799 0.01447 0.00047 ( 1)
 122 T   0.98008 0.00621 0.01360 0.00010 ( 1)
 123 Y   0.98721 0.00047 0.01231 0.00001 ( 1)
 124 S   0.95831 0.03026 0.01093 0.00050 ( 1)
 125 K   0.27116 0.71296 0.00401 0.01187 ( 2)
 126 L   0.96487 0.02017 0.01462 0.00034 ( 1)
 127 T   0.98618 0.00152 0.01227 0.00003 ( 1)
 128 F   0.83191 0.15570 0.00980 0.00259 ( 1)
 129 P   0.98591 0.00099 0.01307 0.00002 ( 1)
 130 L   0.88583 0.09933 0.01319 0.00165 ( 1)
 131 Y   0.98281 0.00485 0.01226 0.00008 ( 1)
 132 V   0.94160 0.04340 0.01427 0.00072 ( 1)
 133 L   0.98713 0.00124 0.01160 0.00002 ( 1)
 134 G   0.98701 0.00015 0.01284 0.00000 ( 1)
 135 A   0.98756 0.00017 0.01227 0.00000 ( 1)
 136 T   0.98720 0.00056 0.01223 0.00001 ( 1)
 137 M   0.25642 0.72826 0.00319 0.01212 ( 2)
 138 K   0.55877 0.42663 0.00749 0.00710 ( 1)
 139 L   0.97193 0.01514 0.01267 0.00025 ( 1)
 140 S   0.89400 0.09066 0.01383 0.00151 ( 1)
 141 A   0.03130 0.95241 0.00044 0.01586 ( 2)
 142 Y   0.87021 0.11668 0.01117 0.00194 ( 1)
 143 H   0.98548 0.00131 0.01319 0.00002 ( 1)
 144 S   0.41105 0.53617 0.04385 0.00893 ( 2)
 145 Y   0.97175 0.01552 0.01247 0.00026 ( 1)
 146 I   0.98600 0.00237 0.01159 0.00004 ( 1)
 147 Q   0.96060 0.02490 0.01409 0.00041 ( 1)
 148 F   0.98760 0.00008 0.01232 0.00000 ( 1)
 149 G   0.36430 0.61995 0.00543 0.01032 ( 2)
 150 N   0.97959 0.00920 0.01105 0.00015 ( 1)
 151 T   0.00477 0.97887 0.00006 0.01630 ( 2)
 152 W   0.94663 0.03786 0.01488 0.00063 ( 1)
 153 L   0.94609 0.03858 0.01468 0.00064 ( 1)
 154 N   0.69547 0.29047 0.00922 0.00484 ( 1)
 155 K   0.03075 0.95299 0.00039 0.01587 ( 2)
 156 V   0.98706 0.00036 0.01257 0.00001 ( 1)
 157 Y   0.98585 0.00148 0.01265 0.00002 ( 1)
 158 -   0.97297 0.01380 0.01300 0.00023 ( 1)
 159 -   0.93233 0.05612 0.01062 0.00093 ( 1)
 160 -   0.91834 0.06873 0.01178 0.00114 ( 1)
 161 D   0.40678 0.57772 0.00589 0.00962 ( 2)
 162 L   0.02160 0.96211 0.00027 0.01602 ( 2)
 163 S   0.11674 0.86721 0.00161 0.01444 ( 2)
 164 S   0.00027 0.98335 0.00000 0.01637 ( 2)
 165 D   0.03413 0.94958 0.00048 0.01581 ( 2)
 166 E   0.00443 0.97921 0.00005 0.01630 ( 2)
 167 G   0.35034 0.63454 0.00456 0.01056 ( 2)
 168 K   0.03514 0.94861 0.00045 0.01579 ( 2)
 169 T   0.98582 0.00207 0.01207 0.00003 ( 1)
 170 M   0.31212 0.67251 0.00418 0.01120 ( 2)
 171 S   0.00317 0.98046 0.00005 0.01632 ( 2)
 172 Q   0.89993 0.08657 0.01206 0.00144 ( 1)
 173 A   0.83567 0.15219 0.00960 0.00253 ( 1)
 174 L   0.98509 0.00115 0.01373 0.00002 ( 1)
 175 A   0.04087 0.94283 0.00061 0.01570 ( 2)
 176 R   0.09706 0.88706 0.00112 0.01477 ( 2)
 177 A   0.96936 0.01604 0.01433 0.00027 ( 1)
 178 K   0.98823 0.00016 0.01160 0.00000 ( 1)
 179 Q   0.00168 0.98195 0.00002 0.01635 ( 2)
 180 H   0.04733 0.93653 0.00054 0.01559 ( 2)
 181 M   0.98765 0.00018 0.01218 0.00000 ( 1)
 182 R   0.86098 0.12340 0.01356 0.00205 ( 1)
 183 Q   0.08039 0.90357 0.00100 0.01504 ( 2)
 184 D   0.00272 0.98092 0.00003 0.01633 ( 2)
 185 I   0.98785 0.00038 0.01176 0.00001 ( 1)
 186 A   0.00128 0.98235 0.00002 0.01635 ( 2)
 187 F   0.00015 0.98347 0.00001 0.01637 ( 2)
 188 Y   0.97764 0.00775 0.01449 0.00013 ( 1)
 189 T   0.98731 0.00036 0.01232 0.00001 ( 1)
 190 S   0.00220 0.98143 0.00003 0.01634 ( 2)
 191 Q   0.59509 0.39139 0.00701 0.00652 ( 1)
 192 A   0.98521 0.00121 0.01356 0.00002 ( 1)
 193 L   0.77654 0.20843 0.01156 0.00347 ( 1)
 194 N   0.89695 0.08960 0.01196 0.00149 ( 1)
 195 M   0.79117 0.19356 0.01204 0.00322 ( 1)
 196 F   0.98763 0.00005 0.01232 0.00000 ( 1)
 197 T   0.96462 0.02365 0.01133 0.00039 ( 1)
 198 -   0.95745 0.02617 0.01594 0.00044 ( 1)
 199 -   0.22515 0.75848 0.00375 0.01263 ( 2)
 200 G   0.04363 0.93746 0.00330 0.01561 ( 2)
 201 N   0.65508 0.33087 0.00854 0.00551 ( 1)
 202 L   0.23167 0.75187 0.00394 0.01252 ( 2)
 203 P   0.98675 0.00016 0.01308 0.00000 ( 1)
 204 S   0.96018 0.02642 0.01295 0.00044 ( 1)
 205 L   0.97736 0.00883 0.01367 0.00015 ( 1)
 206 S   0.01857 0.96509 0.00027 0.01607 ( 2)
 207 S   0.91746 0.06933 0.01205 0.00115 ( 1)
 208 N   0.98316 0.00484 0.01192 0.00008 ( 1)
 209 K   0.98823 0.00016 0.01160 0.00000 ( 1)
 210 Y   0.03829 0.94554 0.00043 0.01574 ( 2)
 211 A   0.62655 0.35878 0.00870 0.00597 ( 1)
 212 I   0.90770 0.02251 0.06942 0.00037 ( 1)
 213 N   0.98080 0.00617 0.01293 0.00010 ( 1)
 214 D   0.19801 0.78527 0.00365 0.01307 ( 2)
 215 Y   0.98188 0.00300 0.01508 0.00005 ( 1)
 216 N   0.98872 0.00014 0.01114 0.00000 ( 1)
 217 V   0.02108 0.96105 0.00188 0.01600 ( 2)
 218 Y   0.98554 0.00178 0.01264 0.00003 ( 1)
 219 T   0.95606 0.03176 0.01165 0.00053 ( 1)
 220 R   0.96575 0.01970 0.01422 0.00033 ( 1)
 221 A   0.98586 0.00124 0.01288 0.00002 ( 1)
 222 M   0.98669 0.00044 0.01287 0.00001 ( 1)
 223 V   0.87503 0.11220 0.01089 0.00187 ( 1)
 224 L   0.92980 0.05528 0.01400 0.00092 ( 1)
 225 N   0.98480 0.00151 0.01367 0.00003 ( 1)
 226 G   0.94305 0.04401 0.01220 0.00073 ( 1)
 227 L   0.98380 0.00224 0.01393 0.00004 ( 1)
 228 D   0.98872 0.00006 0.01121 0.00000 ( 1)
 229 I   0.21551 0.75879 0.01307 0.01263 ( 2)
 230 V   0.89681 0.00530 0.09780 0.00009 ( 1)
 231 A   0.98750 0.00023 0.01227 0.00000 ( 1)
 232 T   0.96645 0.02135 0.01184 0.00036 ( 1)
 233 W   0.94663 0.03786 0.01488 0.00063 ( 1)


lnL = -4187.278892

Bayes Empirical Bayes (BEB) probabilities for 4 classes (class)
(amino acids refer to 1st sequence: BT_Cry13Aa1)

   1 S   0.80322 0.16546 0.02531 0.00600 ( 1)
   2 V   0.96625 0.01145 0.02194 0.00036 ( 1)
   3 A   0.95048 0.01656 0.03235 0.00061 ( 1)
   4 V   0.97205 0.00686 0.02090 0.00020 ( 1)
   5 P   0.95792 0.00491 0.03697 0.00020 ( 1)
   6 L   0.86280 0.10731 0.02597 0.00392 ( 1)
   7 I   0.68572 0.27761 0.02555 0.01112 ( 1)
   8 S   0.93199 0.03579 0.03092 0.00129 ( 1)
   9 M   0.97856 0.00120 0.02021 0.00003 ( 1)
  10 L   0.94124 0.02614 0.03166 0.00096 ( 1)
  11 V   0.97201 0.00718 0.02058 0.00022 ( 1)
  12 G   0.85574 0.10760 0.03239 0.00427 ( 1)
  13 V   0.24653 0.71315 0.01011 0.03020 ( 2)
  14 F   0.48741 0.28381 0.20932 0.01946 ( 1)
  15 W   0.92372 0.03747 0.03725 0.00156 ( 1)
  16 P   0.97512 0.00023 0.02464 0.00001 ( 1)
  17 K   0.24740 0.59894 0.10030 0.05336 ( 2)
  18 -   0.65189 0.30034 0.03295 0.01481 ( 1)
  19 -   0.65189 0.30034 0.03295 0.01481 ( 1)
  20 -   0.65189 0.30034 0.03295 0.01481 ( 1)
  21 -   0.65189 0.30034 0.03295 0.01481 ( 1)
  22 -   0.25747 0.69477 0.01313 0.03463 ( 2)
  23 -   0.53687 0.43881 0.01111 0.01321 ( 1)
  24 G   0.00963 0.90533 0.00583 0.07921 ( 2)
  25 T   0.03914 0.91833 0.00130 0.04123 ( 2)
  26 N   0.34033 0.62848 0.00999 0.02120 ( 2)
  27 N   0.78140 0.00229 0.21619 0.00012 ( 1)
  28 Q   0.82573 0.15088 0.01871 0.00468 ( 1)
  29 E   0.74352 0.22880 0.02032 0.00736 ( 1)
  30 N   0.90410 0.06898 0.02474 0.00217 ( 1)
  31 L   0.93002 0.03284 0.03581 0.00133 ( 1)
  32 I   0.97111 0.00848 0.02015 0.00025 ( 1)
  33 T   0.05887 0.90987 0.00122 0.03004 ( 2)
  34 V   0.96041 0.01230 0.02688 0.00040 ( 1)
  35 I   0.97963 0.00026 0.02010 0.00001 ( 1)
  36 D   0.97288 0.00012 0.02699 0.00000 ( 1)
  37 K   0.02486 0.94339 0.00065 0.03110 ( 2)
  38 E   0.98000 0.00013 0.01986 0.00000 ( 1)
  39 V   0.97877 0.00102 0.02018 0.00003 ( 1)
  40 Q   0.97494 0.00035 0.02470 0.00001 ( 1)
  41 R   0.97629 0.00390 0.01969 0.00012 ( 1)
  42 I   0.75209 0.21804 0.02211 0.00776 ( 1)
  43 L   0.96462 0.00146 0.03386 0.00006 ( 1)
  44 D   0.96813 0.00526 0.02644 0.00018 ( 1)
  45 E   0.68574 0.05434 0.25708 0.00284 ( 1)
  46 K   0.95824 0.01937 0.02179 0.00060 ( 1)
  47 L   0.97074 0.00169 0.02751 0.00006 ( 1)
  48 S   0.97008 0.00615 0.02359 0.00018 ( 1)
  49 D   0.07507 0.44341 0.42647 0.05505 ( 2)
  50 Q   0.95841 0.01679 0.02430 0.00051 ( 1)
  51 L   0.97423 0.00757 0.01798 0.00021 ( 1)
  52 I   0.94768 0.03207 0.01929 0.00096 ( 1)
  53 K   0.92926 0.05202 0.01722 0.00150 ( 1)
  54 K   0.62723 0.21005 0.15394 0.00878 ( 1)
  55 L   0.76764 0.19321 0.03109 0.00806 ( 1)
  56 N   0.00215 0.96047 0.00007 0.03731 ( 2)
  57 A   0.87749 0.09869 0.02088 0.00293 ( 1)
  58 D   0.94570 0.02307 0.03037 0.00086 ( 1)
  59 L   0.97143 0.00140 0.02712 0.00005 ( 1)
  60 N   0.25690 0.71039 0.00736 0.02535 ( 2)
  61 A   0.03178 0.93643 0.00077 0.03103 ( 2)
  62 F   0.97862 0.00126 0.02008 0.00004 ( 1)
  63 T   0.28078 0.68350 0.00895 0.02678 ( 2)
  64 D   0.82732 0.14378 0.02426 0.00464 ( 1)
  65 L   0.35348 0.62026 0.00727 0.01899 ( 2)
  66 V   0.67664 0.28519 0.02652 0.01165 ( 1)
  67 T   0.08511 0.83130 0.03346 0.05014 ( 2)
  68 R   0.00299 0.96477 0.00008 0.03216 ( 2)
  69 L   0.22346 0.74850 0.00516 0.02289 ( 2)
  70 E   0.00286 0.94253 0.00049 0.05412 ( 2)
  71 E   0.00450 0.95841 0.00015 0.03694 ( 2)
  72 V   0.84542 0.12290 0.02494 0.00674 ( 1)
  73 I   0.94133 0.02555 0.03216 0.00095 ( 1)
  74 I   0.81512 0.15800 0.02185 0.00503 ( 1)
  75 D   0.98075 0.00088 0.01835 0.00003 ( 1)
  76 A   0.97035 0.00041 0.02922 0.00001 ( 1)
  77 T   0.66927 0.29652 0.02312 0.01108 ( 1)
  78 F   0.95437 0.02430 0.02064 0.00069 ( 1)
  79 -   0.92238 0.04512 0.03084 0.00166 ( 1)
  80 -   0.97614 0.00097 0.02287 0.00003 ( 1)
  81 -   0.78219 0.09303 0.12115 0.00364 ( 1)
  82 -   0.96796 0.01186 0.01984 0.00034 ( 1)
  83 -   0.37316 0.60017 0.00889 0.01779 ( 2)
  84 E   0.74983 0.22967 0.01404 0.00646 ( 1)
  85 N   0.75425 0.21716 0.02056 0.00804 ( 1)
  86 H   0.90612 0.06532 0.02628 0.00229 ( 1)
  87 K   0.97747 0.00189 0.02058 0.00005 ( 1)
  88 P   0.71258 0.26118 0.01818 0.00805 ( 1)
  89 V   0.06345 0.90660 0.00161 0.02834 ( 2)
  90 L   0.66579 0.30260 0.02097 0.01064 ( 1)
  91 Q   0.28272 0.69024 0.00619 0.02085 ( 2)
  92 V   0.95401 0.02119 0.02415 0.00065 ( 1)
  93 S   0.58615 0.38849 0.01390 0.01145 ( 1)
  94 K   0.00446 0.96168 0.00015 0.03370 ( 2)
  95 S   0.97188 0.00079 0.02730 0.00003 ( 1)
  96 N   0.97122 0.00073 0.02802 0.00002 ( 1)
  97 Y   0.96269 0.00077 0.03650 0.00003 ( 1)
  98 M   0.00200 0.96715 0.00004 0.03080 ( 2)
  99 K   0.96872 0.00425 0.02689 0.00014 ( 1)
 100 V   0.97804 0.00084 0.02110 0.00002 ( 1)
 101 D   0.57243 0.40118 0.01397 0.01242 ( 1)
 102 S   0.00382 0.96465 0.00008 0.03144 ( 2)
 103 A   0.01444 0.95696 0.00032 0.02829 ( 2)
 104 Y   0.89567 0.08048 0.02146 0.00240 ( 1)
 105 F   0.00646 0.96012 0.00020 0.03322 ( 2)
 106 S   0.07860 0.89232 0.00176 0.02732 ( 2)
 107 T   0.93878 0.03046 0.02964 0.00112 ( 1)
 108 G   0.00974 0.71857 0.10161 0.17008 ( 2)
 109 G   0.42266 0.55179 0.00955 0.01601 ( 2)
 110 I   0.00933 0.96082 0.00023 0.02962 ( 2)
 111 L   0.97491 0.00182 0.02322 0.00005 ( 1)
 112 T   0.01061 0.95294 0.00037 0.03609 ( 2)
 113 L   0.04105 0.92731 0.00108 0.03056 ( 2)
 114 G   0.22090 0.74150 0.00819 0.02940 ( 2)
 115 M   0.09373 0.86633 0.00375 0.03619 ( 2)
 116 S   0.90675 0.07362 0.01762 0.00201 ( 1)
 117 D   0.24752 0.72349 0.00638 0.02261 ( 2)
 118 F   0.95908 0.02052 0.01985 0.00056 ( 1)
 119 L   0.90924 0.06987 0.01884 0.00205 ( 1)
 120 T   0.95655 0.01634 0.02658 0.00053 ( 1)
 121 D   0.93823 0.02749 0.03324 0.00104 ( 1)
 122 T   0.96671 0.00623 0.02686 0.00020 ( 1)
 123 Y   0.97836 0.00048 0.02114 0.00001 ( 1)
 124 S   0.95167 0.02960 0.01791 0.00082 ( 1)
 125 K   0.28552 0.67931 0.00974 0.02543 ( 2)
 126 L   0.94525 0.01949 0.03449 0.00077 ( 1)
 127 T   0.97684 0.00154 0.02157 0.00005 ( 1)
 128 F   0.83060 0.14803 0.01696 0.00440 ( 1)
 129 P   0.97484 0.00103 0.02410 0.00003 ( 1)
 130 L   0.87228 0.09474 0.02951 0.00348 ( 1)
 131 Y   0.97402 0.00478 0.02106 0.00014 ( 1)
 132 V   0.92303 0.04198 0.03336 0.00162 ( 1)
 133 L   0.97892 0.00128 0.01977 0.00004 ( 1)
 134 G   0.97695 0.00016 0.02289 0.00000 ( 1)
 135 A   0.97839 0.00018 0.02143 0.00001 ( 1)
 136 T   0.97734 0.00059 0.02205 0.00002 ( 1)
 137 M   0.27504 0.69686 0.00625 0.02185 ( 2)
 138 K   0.56942 0.40317 0.01467 0.01274 ( 1)
 139 L   0.96185 0.01480 0.02292 0.00044 ( 1)
 140 S   0.87648 0.08635 0.03370 0.00347 ( 1)
 141 A   0.03538 0.92866 0.00111 0.03485 ( 2)
 142 Y   0.86587 0.11065 0.02020 0.00327 ( 1)
 143 H   0.97396 0.00133 0.02468 0.00004 ( 1)
 144 S   0.31737 0.38318 0.25196 0.04749 ( 2)
 145 Y   0.96170 0.01518 0.02267 0.00045 ( 1)
 146 I   0.97773 0.00243 0.01976 0.00007 ( 1)
 147 Q   0.94235 0.02417 0.03257 0.00091 ( 1)
 148 F   0.97875 0.00009 0.02116 0.00000 ( 1)
 149 G   0.37707 0.58771 0.01307 0.02215 ( 2)
 150 N   0.97220 0.00928 0.01824 0.00029 ( 1)
 151 T   0.00575 0.96306 0.00012 0.03107 ( 2)
 152 W   0.92372 0.03747 0.03725 0.00156 ( 1)
 153 L   0.92498 0.03772 0.03578 0.00152 ( 1)
 154 N   0.69717 0.27702 0.01737 0.00844 ( 1)
 155 K   0.03590 0.93322 0.00089 0.02998 ( 2)
 156 V   0.97618 0.00038 0.02343 0.00001 ( 1)
 157 Y   0.97573 0.00154 0.02269 0.00005 ( 1)
 158 -   0.96131 0.01396 0.02430 0.00043 ( 1)
 159 -   0.92468 0.05638 0.01735 0.00158 ( 1)
 160 -   0.90812 0.06867 0.02117 0.00205 ( 1)
 161 D   0.42059 0.54469 0.01410 0.02061 ( 2)
 162 L   0.02475 0.94539 0.00056 0.02930 ( 2)
 163 S   0.12784 0.84107 0.00362 0.02747 ( 2)
 164 S   0.00033 0.96056 0.00001 0.03909 ( 2)
 165 D   0.03856 0.92562 0.00119 0.03463 ( 2)
 166 E   0.00529 0.96487 0.00012 0.02972 ( 2)
 167 G   0.37045 0.60291 0.00881 0.01783 ( 2)
 168 K   0.04067 0.92996 0.00097 0.02841 ( 2)
 169 T   0.97678 0.00212 0.02103 0.00006 ( 1)
 170 M   0.33346 0.63805 0.00858 0.01990 ( 2)
 171 S   0.00375 0.95302 0.00017 0.04306 ( 2)
 172 Q   0.89166 0.08301 0.02275 0.00257 ( 1)
 173 A   0.83582 0.14332 0.01642 0.00444 ( 1)
 174 L   0.97089 0.00119 0.02788 0.00004 ( 1)
 175 A   0.04604 0.91761 0.00159 0.03476 ( 2)
 176 R   0.10911 0.86153 0.00220 0.02715 ( 2)
 177 A   0.95156 0.01591 0.03194 0.00059 ( 1)
 178 K   0.98005 0.00018 0.01977 0.00001 ( 1)
 179 Q   0.00201 0.96436 0.00006 0.03357 ( 2)
 180 H   0.05510 0.91677 0.00106 0.02707 ( 2)
 181 M   0.97958 0.00018 0.02024 0.00000 ( 1)
 182 R   0.84285 0.11781 0.03440 0.00494 ( 1)
 183 Q   0.09073 0.87975 0.00204 0.02748 ( 2)
 184 D   0.00327 0.96365 0.00008 0.03300 ( 2)
 185 I   0.97930 0.00040 0.02029 0.00001 ( 1)
 186 A   0.00157 0.96488 0.00005 0.03350 ( 2)
 187 F   0.00019 0.94449 0.00007 0.05526 ( 2)
 188 Y   0.96002 0.00771 0.03199 0.00028 ( 1)
 189 T   0.97739 0.00038 0.02221 0.00001 ( 1)
 190 S   0.00269 0.96309 0.00008 0.03415 ( 2)
 191 Q   0.60861 0.36795 0.01250 0.01094 ( 1)
 192 A   0.97025 0.00123 0.02848 0.00004 ( 1)
 193 L   0.76950 0.19710 0.02613 0.00727 ( 1)
 194 N   0.88761 0.08496 0.02440 0.00303 ( 1)
 195 M   0.78092 0.18329 0.02862 0.00716 ( 1)
 196 F   0.97879 0.00006 0.02115 0.00000 ( 1)
 197 T   0.95678 0.02320 0.01933 0.00069 ( 1)
 198 -   0.92609 0.02615 0.04648 0.00128 ( 1)
 199 -   0.23150 0.72074 0.01181 0.03595 ( 2)
 200 G   0.04654 0.86805 0.02100 0.06440 ( 2)
 201 N   0.65568 0.31742 0.01605 0.01085 ( 1)
 202 L   0.24824 0.70686 0.01306 0.03184 ( 2)
 203 P   0.97573 0.00017 0.02409 0.00001 ( 1)
 204 S   0.94794 0.02557 0.02565 0.00084 ( 1)
 205 L   0.96180 0.00880 0.02908 0.00032 ( 1)
 206 S   0.02118 0.93120 0.00081 0.04681 ( 2)
 207 S   0.90881 0.06704 0.02213 0.00202 ( 1)
 208 N   0.97406 0.00482 0.02097 0.00014 ( 1)
 209 K   0.98005 0.00018 0.01977 0.00001 ( 1)
 210 Y   0.04444 0.92545 0.00086 0.02925 ( 2)
 211 A   0.63304 0.33781 0.01796 0.01118 ( 1)
 212 I   0.76229 0.01900 0.21786 0.00085 ( 1)
 213 N   0.96778 0.00619 0.02579 0.00025 ( 1)
 214 D   0.20995 0.74235 0.01103 0.03668 ( 2)
 215 Y   0.96076 0.00304 0.03608 0.00012 ( 1)
 216 N   0.98145 0.00015 0.01839 0.00000 ( 1)
 217 V   0.02345 0.89883 0.01205 0.06567 ( 2)
 218 Y   0.97546 0.00180 0.02269 0.00005 ( 1)
 219 T   0.94840 0.03048 0.02023 0.00089 ( 1)
 220 R   0.94898 0.01935 0.03098 0.00069 ( 1)
 221 A   0.97555 0.00125 0.02316 0.00004 ( 1)
 222 M   0.97562 0.00044 0.02393 0.00001 ( 1)
 223 V   0.87032 0.10680 0.01957 0.00330 ( 1)
 224 L   0.91194 0.05377 0.03225 0.00204 ( 1)
 225 N   0.97142 0.00154 0.02698 0.00005 ( 1)
 226 G   0.93416 0.04271 0.02180 0.00134 ( 1)
 227 L   0.96517 0.00229 0.03246 0.00009 ( 1)
 228 D   0.98180 0.00007 0.01813 0.00000 ( 1)
 229 I   0.22056 0.68939 0.05398 0.03607 ( 2)
 230 V   0.54057 0.00330 0.45576 0.00038 ( 1)
 231 A   0.97832 0.00024 0.02143 0.00001 ( 1)
 232 T   0.95779 0.02091 0.02069 0.00062 ( 1)
 233 W   0.92372 0.03747 0.03725 0.00156 ( 1)

