Supplemental results for CODEML (seqf: algn  treef: tree)


dN/dS (w) for site classes (K=4)

site class             0        1       2a       2b
proportion       0.00000  0.00000  0.49518  0.50482
background w     0.04323  1.00000  0.04323  1.00000
foreground w     0.04323  1.00000  1.00000  1.00000

Naive Empirical Bayes (NEB) probabilities for 4 classes
(amino acids refer to 1st sequence: BT_Cry4Ba1)

   1 Y   0.00000 0.00000 0.04258 0.95742 ( 4)
   2 T   0.00000 0.00000 0.60524 0.39476 ( 3)
   3 D   0.00000 0.00000 0.80608 0.19392 ( 3)
   4 A   0.00000 0.00000 0.06741 0.93259 ( 4)
   5 I   0.00000 0.00000 0.89436 0.10564 ( 3)
   6 T   0.00000 0.00000 0.92881 0.07119 ( 3)
   7 Q   0.00000 0.00000 0.02616 0.97384 ( 4)
   8 V   0.00000 0.00000 0.68289 0.31711 ( 3)
   9 P   0.00000 0.00000 0.92887 0.07113 ( 3)
  10 A   0.00000 0.00000 0.92236 0.07764 ( 3)
  11 V   0.00000 0.00000 0.94440 0.05560 ( 3)
  12 K   0.00000 0.00000 0.96303 0.03697 ( 3)
  13 S   0.00000 0.00000 0.96718 0.03282 ( 3)
  14 N   0.00000 0.00000 0.06815 0.93185 ( 4)
  15 F   0.00000 0.00000 0.03504 0.96496 ( 4)
  16 L   0.00000 0.00000 0.29879 0.70121 ( 4)
  17 N   0.00000 0.00000 0.62982 0.37018 ( 3)
  18 -   0.00000 0.00000 0.52420 0.47580 ( 3)
  19 -   0.00000 0.00000 0.50053 0.49947 ( 3)
  20 A   0.00000 0.00000 0.57759 0.42241 ( 3)
  21 T   0.00000 0.00000 0.93006 0.06994 ( 3)
  22 A   0.00000 0.00000 0.05814 0.94186 ( 4)
  23 K   0.00000 0.00000 0.04861 0.95139 ( 4)
  24 V   0.00000 0.00000 0.94440 0.05560 ( 3)
  25 I   0.00000 0.00000 0.52800 0.47200 ( 3)
  26 K   0.00000 0.00000 0.94736 0.05264 ( 3)
  27 G   0.00000 0.00000 0.96330 0.03670 ( 3)
  28 P   0.00000 0.00000 0.97386 0.02614 ( 3)
  29 G   0.00000 0.00000 0.96693 0.03307 ( 3)
  30 H   0.00000 0.00000 0.98389 0.01611 ( 3)
  31 T   0.00000 0.00000 0.93006 0.06994 ( 3)
  32 G   0.00000 0.00000 0.94467 0.05533 ( 3)
  33 G   0.00000 0.00000 0.93617 0.06383 ( 3)
  34 D   0.00000 0.00000 0.97306 0.02694 ( 3)
  35 L   0.00000 0.00000 0.94201 0.05799 ( 3)
  36 V   0.00000 0.00000 0.94875 0.05125 ( 3)
  37 A   0.00000 0.00000 0.12846 0.87154 ( 4)
  38 L   0.00000 0.00000 0.92370 0.07630 ( 3)
  39 T   0.00000 0.00000 0.58253 0.41747 ( 3)
  40 S   0.00000 0.00000 0.00543 0.99457 ( 4)
  41 N   0.00000 0.00000 0.96369 0.03631 ( 3)
  42 G   0.00000 0.00000 0.13408 0.86592 ( 4)
  43 T   0.00000 0.00000 0.11495 0.88505 ( 4)
  44 L   0.00000 0.00000 0.08551 0.91449 ( 4)
  45 S   0.00000 0.00000 0.03399 0.96601 ( 4)
  46 -   0.00000 0.00000 0.49518 0.50482 ( 4)
  47 G   0.00000 0.00000 0.01850 0.98150 ( 4)
  48 R   0.00000 0.00000 0.53462 0.46538 ( 3)
  49 M   0.00000 0.00000 0.47348 0.52652 ( 4)
  50 E   0.00000 0.00000 0.06477 0.93523 ( 4)
  51 I   0.00000 0.00000 0.93798 0.06202 ( 3)
  52 Q   0.00000 0.00000 0.62972 0.37028 ( 3)
  53 C   0.00000 0.00000 0.62849 0.37151 ( 3)
  54 K   0.00000 0.00000 0.70456 0.29544 ( 3)
  55 T   0.00000 0.00000 0.67551 0.32449 ( 3)
  56 S   0.00000 0.00000 0.71744 0.28256 ( 3)
  57 I   0.00000 0.00000 0.70732 0.29268 ( 3)
  58 F   0.00000 0.00000 0.67900 0.32100 ( 3)
  59 N   0.00000 0.00000 0.73485 0.26515 ( 3)
  60 D   0.00000 0.00000 0.97306 0.02694 ( 3)
  61 P   0.00000 0.00000 0.57456 0.42544 ( 3)
  62 T   0.00000 0.00000 0.57570 0.42430 ( 3)
  63 R   0.00000 0.00000 0.04332 0.95668 ( 4)
  64 S   0.00000 0.00000 0.00675 0.99325 ( 4)
  65 Y   0.00000 0.00000 0.95660 0.04340 ( 3)
  66 G   0.00000 0.00000 0.56575 0.43425 ( 3)
  67 L   0.00000 0.00000 0.04120 0.95880 ( 4)
  68 R   0.00000 0.00000 0.84241 0.15759 ( 3)
  69 I   0.00000 0.00000 0.93451 0.06549 ( 3)
  70 R   0.00000 0.00000 0.98204 0.01796 ( 3)
  71 Y   0.00000 0.00000 0.97889 0.02111 ( 3)
  72 A   0.00000 0.00000 0.95268 0.04732 ( 3)
  73 A   0.00000 0.00000 0.94823 0.05177 ( 3)
  74 N   0.00000 0.00000 0.10542 0.89458 ( 4)
  75 S   0.00000 0.00000 0.97913 0.02087 ( 3)
  76 P   0.00000 0.00000 0.05631 0.94369 ( 4)
  77 I   0.00000 0.00000 0.14056 0.85944 ( 4)
  78 V   0.00000 0.00000 0.06148 0.93852 ( 4)
  79 L   0.00000 0.00000 0.01233 0.98767 ( 4)
  80 N   0.00000 0.00000 0.00312 0.99688 ( 4)
  81 V   0.00000 0.00000 0.00823 0.99177 ( 4)
  82 S   0.00000 0.00000 0.01190 0.98810 ( 4)
  83 Y   0.00000 0.00000 0.53826 0.46174 ( 3)
  84 V   0.00000 0.00000 0.01835 0.98165 ( 4)
  85 L   0.00000 0.00000 0.00035 0.99965 ( 4)
  86 Q   0.00000 0.00000 0.00142 0.99858 ( 4)
  87 G   0.00000 0.00000 0.01005 0.98995 ( 4)
  88 V   0.00000 0.00000 0.01465 0.98535 ( 4)
  89 S   0.00000 0.00000 0.00364 0.99636 ( 4)
  90 R   0.00000 0.00000 0.00051 0.99949 ( 4)
  91 G   0.00000 0.00000 0.03724 0.96276 ( 4)
  92 T   0.00000 0.00000 0.01355 0.98645 ( 4)
  93 T   0.00000 0.00000 0.00017 0.99983 ( 4)
  94 I   0.00000 0.00000 0.00243 0.99757 ( 4)
  95 S   0.00000 0.00000 0.00020 0.99980 ( 4)
  96 T   0.00000 0.00000 0.00927 0.99073 ( 4)
  97 E   0.00000 0.00000 0.51564 0.48436 ( 3)
  98 S   0.00000 0.00000 0.00042 0.99958 ( 4)
  99 T   0.00000 0.00000 0.00010 0.99990 ( 4)
 100 F   0.00000 0.00000 0.00876 0.99124 ( 4)
 101 S   0.00000 0.00000 0.51025 0.48975 ( 3)
 102 R   0.00000 0.00000 0.57573 0.42427 ( 3)
 103 P   0.00000 0.00000 0.04477 0.95523 ( 4)
 104 N   0.00000 0.00000 0.53490 0.46510 ( 3)
 105 N   0.00000 0.00000 0.68712 0.31288 ( 3)
 106 I   0.00000 0.00000 0.69219 0.30781 ( 3)
 107 I   0.00000 0.00000 0.69219 0.30781 ( 3)
 108 P   0.00000 0.00000 0.64552 0.35448 ( 3)
 109 T   0.00000 0.00000 0.67551 0.32449 ( 3)
 110 D   0.00000 0.00000 0.71398 0.28602 ( 3)
 111 L   0.00000 0.00000 0.61533 0.38467 ( 3)
 112 K   0.00000 0.00000 0.79472 0.20528 ( 3)
 113 Y   0.00000 0.00000 0.72607 0.27393 ( 3)
 114 E   0.00000 0.00000 0.97199 0.02801 ( 3)
 115 E   0.00000 0.00000 0.13054 0.86946 ( 4)
 116 F   0.00000 0.00000 0.98098 0.01902 ( 3)
 117 R   0.00000 0.00000 0.41985 0.58015 ( 4)
 118 Y   0.00000 0.00000 0.95660 0.04340 ( 3)
 119 K   0.00000 0.00000 0.17706 0.82294 ( 4)
 120 D   0.00000 0.00000 0.71398 0.28602 ( 3)
 121 P   0.00000 0.00000 0.64552 0.35448 ( 3)
 122 F   0.00000 0.00000 0.00351 0.99649 ( 4)
 123 D   0.00000 0.00000 0.71398 0.28602 ( 3)
 124 A   0.00000 0.00000 0.07696 0.92304 ( 4)
 125 I   0.00000 0.00000 0.70732 0.29268 ( 3)
 126 V   0.00000 0.00000 0.66440 0.33560 ( 3)
 127 P   0.00000 0.00000 0.54171 0.45829 ( 3)
 128 M   0.00000 0.00000 0.98929 0.01071 ( 3)
 129 R   0.00000 0.00000 0.14918 0.85082 ( 4)
 130 L   0.00000 0.00000 0.10885 0.89115 ( 4)
 131 S   0.00000 0.00000 0.57333 0.42667 ( 3)
 132 S   0.00000 0.00000 0.07443 0.92557 ( 4)
 133 N   0.00000 0.00000 0.96369 0.03631 ( 3)
 134 Q   0.00000 0.00000 0.07977 0.92023 ( 4)
 135 L   0.00000 0.00000 0.04102 0.95898 ( 4)
 136 I   0.00000 0.00000 0.50425 0.49575 ( 3)
 137 T   0.00000 0.00000 0.56619 0.43381 ( 3)
 138 I   0.00000 0.00000 0.20626 0.79374 ( 4)
 139 A   0.00000 0.00000 0.53622 0.46378 ( 3)
 140 I   0.00000 0.00000 0.68056 0.31944 ( 3)
 141 Q   0.00000 0.00000 0.05238 0.94762 ( 4)
 142 P   0.00000 0.00000 0.96705 0.03295 ( 3)
 143 L   0.00000 0.00000 0.55639 0.44361 ( 3)
 144 N   0.00000 0.00000 0.22749 0.77251 ( 4)
 145 M   0.00000 0.00000 0.81158 0.18842 ( 3)
 146 T   0.00000 0.00000 0.07903 0.92097 ( 4)
 147 S   0.00000 0.00000 0.10636 0.89364 ( 4)
 148 N   0.00000 0.00000 0.32577 0.67423 ( 4)
 149 N   0.00000 0.00000 0.96425 0.03575 ( 3)
 150 -   0.00000 0.00000 0.52395 0.47605 ( 3)
 151 -   0.00000 0.00000 0.50144 0.49856 ( 3)
 152 -   0.00000 0.00000 0.52420 0.47580 ( 3)
 153 -   0.00000 0.00000 0.52441 0.47559 ( 3)
 154 Q   0.00000 0.00000 0.00799 0.99201 ( 4)
 155 V   0.00000 0.00000 0.91155 0.08845 ( 3)
 156 I   0.00000 0.00000 0.10657 0.89343 ( 4)
 157 I   0.00000 0.00000 0.53076 0.46924 ( 3)
 158 D   0.00000 0.00000 0.95491 0.04509 ( 3)
 159 R   0.00000 0.00000 0.76112 0.23888 ( 3)
 160 I   0.00000 0.00000 0.47118 0.52882 ( 4)
 161 E   0.00000 0.00000 0.96958 0.03042 ( 3)
 162 I   0.00000 0.00000 0.70732 0.29268 ( 3)
 163 I   0.00000 0.00000 0.70732 0.29268 ( 3)


lnL = -1493.212273

Bayes Empirical Bayes (BEB) probabilities for 4 classes (class)
(amino acids refer to 1st sequence: BT_Cry4Ba1)

   1 Y   0.04319 0.69221 0.01535 0.24926 ( 2)
   2 T   0.47715 0.26655 0.16312 0.09318 ( 1)
   3 D   0.07858 0.21596 0.64343 0.06203 ( 3)
   4 A   0.06605 0.67101 0.02322 0.23972 ( 2)
   5 I   0.66492 0.07962 0.22765 0.02781 ( 1)
   6 T   0.68392 0.05354 0.24337 0.01918 ( 1)
   7 Q   0.02710 0.70948 0.00955 0.25388 ( 2)
   8 V   0.52945 0.21465 0.18091 0.07499 ( 1)
   9 P   0.68558 0.05175 0.24413 0.01855 ( 1)
  10 A   0.68523 0.05789 0.23656 0.02032 ( 1)
  11 V   0.70139 0.04199 0.24190 0.01473 ( 1)
  12 K   0.71607 0.02834 0.24568 0.00991 ( 1)
  13 S   0.71711 0.02462 0.24959 0.00868 ( 1)
  14 N   0.06758 0.67350 0.02309 0.23583 ( 2)
  15 F   0.03582 0.70210 0.01250 0.24958 ( 2)
  16 L   0.25100 0.48667 0.08842 0.17391 ( 2)
  17 N   0.49346 0.24904 0.17001 0.08750 ( 1)
  18 -   0.40295 0.34086 0.13727 0.11893 ( 1)
  19 -   0.37993 0.35704 0.13489 0.12814 ( 1)
  20 A   0.45655 0.28511 0.15791 0.10043 ( 1)
  21 T   0.69014 0.05285 0.23845 0.01856 ( 1)
  22 A   0.05831 0.68153 0.02009 0.24007 ( 2)
  23 K   0.04960 0.69259 0.01678 0.24103 ( 2)
  24 V   0.70139 0.04199 0.24190 0.01473 ( 1)
  25 I   0.41915 0.32261 0.14469 0.11355 ( 1)
  26 K   0.70446 0.03992 0.24166 0.01395 ( 1)
  27 G   0.71458 0.02754 0.24818 0.00970 ( 1)
  28 P   0.72183 0.01964 0.25160 0.00693 ( 1)
  29 G   0.71263 0.02467 0.25386 0.00884 ( 1)
  30 H   0.73029 0.01226 0.25314 0.00431 ( 1)
  31 T   0.69014 0.05285 0.23845 0.01856 ( 1)
  32 G   0.70090 0.04097 0.24369 0.01444 ( 1)
  33 G   0.69090 0.04667 0.24572 0.01671 ( 1)
  34 D   0.72399 0.02079 0.24797 0.00726 ( 1)
  35 L   0.69690 0.04293 0.24488 0.01529 ( 1)
  36 V   0.70371 0.03875 0.24390 0.01364 ( 1)
  37 A   0.12671 0.61596 0.04291 0.21442 ( 2)
  38 L   0.68351 0.05665 0.23974 0.02009 ( 1)
  39 T   0.45858 0.28173 0.15990 0.09979 ( 1)
  40 S   0.00189 0.68712 0.00531 0.30568 ( 2)
  41 N   0.71171 0.02794 0.25042 0.00993 ( 1)
  42 G   0.13126 0.61116 0.04453 0.21305 ( 2)
  43 T   0.10448 0.63183 0.03697 0.22672 ( 2)
  44 L   0.08573 0.65514 0.02935 0.22978 ( 2)
  45 S   0.03512 0.70396 0.01215 0.24876 ( 2)
  46 -   0.37476 0.36064 0.13431 0.13030 ( 1)
  47 G   0.02005 0.72112 0.00683 0.25200 ( 2)
  48 R   0.42840 0.31540 0.14606 0.11014 ( 1)
  49 M   0.38790 0.35379 0.13380 0.12450 ( 1)
  50 E   0.06636 0.67588 0.02246 0.23530 ( 2)
  51 I   0.69726 0.04737 0.23881 0.01655 ( 1)
  52 Q   0.49115 0.24775 0.17283 0.08827 ( 1)
  53 C   0.47037 0.26503 0.16884 0.09576 ( 1)
  54 K   0.52448 0.21092 0.18840 0.07620 ( 1)
  55 T   0.50382 0.23157 0.18094 0.08367 ( 1)
  56 S   0.53365 0.20174 0.19172 0.07288 ( 1)
  57 I   0.52642 0.20898 0.18911 0.07550 ( 1)
  58 F   0.50634 0.22906 0.18185 0.08276 ( 1)
  59 N   0.54598 0.18942 0.19618 0.06843 ( 1)
  60 D   0.72399 0.02079 0.24797 0.00726 ( 1)
  61 P   0.45531 0.28804 0.15585 0.10081 ( 1)
  62 T   0.45332 0.28613 0.15886 0.10170 ( 1)
  63 R   0.04443 0.69775 0.01503 0.24280 ( 2)
  64 S   0.00805 0.73228 0.00276 0.25692 ( 2)
  65 Y   0.70979 0.03211 0.24678 0.01132 ( 1)
  66 G   0.45067 0.29326 0.15371 0.10236 ( 1)
  67 L   0.04222 0.69945 0.01434 0.24399 ( 2)
  68 R   0.62339 0.11309 0.22285 0.04067 ( 1)
  69 I   0.69465 0.04998 0.23791 0.01746 ( 1)
  70 R   0.72683 0.01336 0.25507 0.00474 ( 1)
  71 Y   0.72599 0.01594 0.25245 0.00562 ( 1)
  72 A   0.70737 0.03581 0.24425 0.01257 ( 1)
  73 A   0.70321 0.03901 0.24404 0.01374 ( 1)
  74 N   0.10435 0.63536 0.03606 0.22423 ( 2)
  75 S   0.72867 0.01618 0.24951 0.00564 ( 1)
  76 P   0.05757 0.68325 0.01969 0.23949 ( 2)
  77 I   0.13598 0.60400 0.04697 0.21306 ( 2)
  78 V   0.06267 0.67840 0.02141 0.23752 ( 2)
  79 L   0.01206 0.72986 0.00408 0.25400 ( 2)
  80 N   0.00373 0.73581 0.00128 0.25918 ( 2)
  81 V   0.00850 0.72890 0.00297 0.25963 ( 2)
  82 S   0.01225 0.72432 0.00431 0.25912 ( 2)
  83 Y   0.42746 0.31387 0.14800 0.11068 ( 1)
  84 V   0.01717 0.71822 0.00610 0.25851 ( 2)
  85 L   0.00044 0.73632 0.00016 0.26307 ( 2)
  86 Q   0.00170 0.73702 0.00059 0.26068 ( 2)
  87 G   0.01043 0.73029 0.00356 0.25572 ( 2)
  88 V   0.01546 0.72527 0.00528 0.25399 ( 2)
  89 S   0.00433 0.73356 0.00151 0.26060 ( 2)
  90 R   0.00067 0.74193 0.00023 0.25717 ( 2)
  91 G   0.03764 0.69968 0.01319 0.24949 ( 2)
  92 T   0.01381 0.72525 0.00478 0.25617 ( 2)
  93 T   0.00024 0.73705 0.00008 0.26263 ( 2)
  94 I   0.00290 0.73779 0.00099 0.25832 ( 2)
  95 S   0.00028 0.74232 0.00009 0.25731 ( 2)
  96 T   0.00969 0.73239 0.00327 0.25465 ( 2)
  97 E   0.41194 0.32827 0.14353 0.11626 ( 1)
  98 S   0.00053 0.73861 0.00018 0.26067 ( 2)
  99 T   0.00014 0.73939 0.00005 0.26042 ( 2)
 100 F   0.01037 0.73317 0.00346 0.25299 ( 2)
 101 S   0.40927 0.33301 0.14077 0.11696 ( 1)
 102 R   0.45499 0.28667 0.15736 0.10098 ( 1)
 103 P   0.04560 0.69143 0.01602 0.24695 ( 2)
 104 N   0.42114 0.32385 0.14250 0.11252 ( 1)
 105 N   0.53280 0.21076 0.18265 0.07378 ( 1)
 106 I   0.51568 0.21972 0.18522 0.07938 ( 1)
 107 I   0.51568 0.21972 0.18522 0.07938 ( 1)
 108 P   0.48251 0.25289 0.17323 0.09137 ( 1)
 109 T   0.50382 0.23157 0.18094 0.08367 ( 1)
 110 D   0.53118 0.20421 0.19083 0.07378 ( 1)
 111 L   0.46097 0.27442 0.16545 0.09916 ( 1)
 112 K   0.60661 0.13902 0.20604 0.04834 ( 1)
 113 Y   0.55926 0.18332 0.19301 0.06441 ( 1)
 114 E   0.72185 0.02134 0.24933 0.00749 ( 1)
 115 E   0.12735 0.61386 0.04359 0.21519 ( 2)
 116 F   0.72846 0.01453 0.25191 0.00510 ( 1)
 117 R   0.34645 0.39365 0.12054 0.13936 ( 2)
 118 Y   0.70979 0.03211 0.24678 0.01132 ( 1)
 119 K   0.16861 0.57244 0.05789 0.20107 ( 2)
 120 D   0.53118 0.20421 0.19083 0.07378 ( 1)
 121 P   0.48251 0.25289 0.17323 0.09137 ( 1)
 122 F   0.00372 0.73167 0.00132 0.26328 ( 2)
 123 D   0.53118 0.20421 0.19083 0.07378 ( 1)
 124 A   0.06904 0.66636 0.02456 0.24005 ( 2)
 125 I   0.52642 0.20898 0.18911 0.07550 ( 1)
 126 V   0.49593 0.23947 0.17808 0.08652 ( 1)
 127 P   0.40826 0.32713 0.14640 0.11820 ( 1)
 128 M   0.73460 0.00820 0.25432 0.00288 ( 1)
 129 R   0.13671 0.60264 0.04743 0.21323 ( 2)
 130 L   0.10742 0.63410 0.03664 0.22183 ( 2)
 131 S   0.45434 0.28901 0.15551 0.10115 ( 1)
 132 S   0.07436 0.66380 0.02595 0.23589 ( 2)
 133 N   0.71171 0.02794 0.25042 0.00993 ( 1)
 134 Q   0.08029 0.66057 0.02748 0.23166 ( 2)
 135 L   0.04249 0.69993 0.01435 0.24323 ( 2)
 136 I   0.40095 0.33675 0.14179 0.12051 ( 1)
 137 T   0.45095 0.29267 0.15408 0.10230 ( 1)
 138 I   0.19304 0.54806 0.06632 0.19258 ( 2)
 139 A   0.42440 0.31265 0.15075 0.11220 ( 1)
 140 I   0.52715 0.21535 0.18183 0.07566 ( 1)
 141 Q   0.05340 0.68550 0.01852 0.24258 ( 2)
 142 P   0.71681 0.02465 0.24984 0.00870 ( 1)
 143 L   0.44255 0.29926 0.15284 0.10535 ( 1)
 144 N   0.21068 0.53123 0.07204 0.18605 ( 2)
 145 M   0.61710 0.12649 0.21209 0.04431 ( 1)
 146 T   0.07887 0.65852 0.02768 0.23493 ( 2)
 147 S   0.10533 0.63746 0.03559 0.22161 ( 2)
 148 N   0.28840 0.45026 0.10107 0.16027 ( 2)
 149 N   0.71830 0.02774 0.24432 0.00964 ( 1)
 150 -   0.40272 0.34100 0.13722 0.11906 ( 1)
 151 -   0.38081 0.35643 0.13498 0.12778 ( 1)
 152 -   0.40295 0.34086 0.13727 0.11893 ( 1)
 153 -   0.40315 0.34072 0.13729 0.11883 ( 1)
 154 Q   0.00953 0.73310 0.00320 0.25417 ( 2)
 155 V   0.67228 0.06551 0.23878 0.02344 ( 1)
 156 I   0.10378 0.63286 0.03664 0.22671 ( 2)
 157 I   0.42011 0.31669 0.14943 0.11376 ( 1)
 158 D   0.71058 0.03416 0.24334 0.01192 ( 1)
 159 R   0.58346 0.16055 0.19986 0.05614 ( 1)
 160 I   0.37600 0.36157 0.13299 0.12944 ( 1)
 161 E   0.71242 0.02298 0.25632 0.00829 ( 1)
 162 I   0.52642 0.20898 0.18911 0.07550 ( 1)
 163 I   0.52642 0.20898 0.18911 0.07550 ( 1)

